gap_id	start	end	length	sequence
NZ_CP136920.1_gap1	2570	3769	1199	AAAAGCTTTTGCAGGAAGTCGTCGATATGCCAATCGCTTTGGCTATGCGCTACGGTGAACCATCAATTGCCAATGTGATTGGAGACTTGGTTTCCAAAGGCATCAAAAAACTCTTCGTCATGCCGCTATACCCGCACTACGCGATGAGCAGTTACGAAACCGTTGTGGTTCGAGTCATGGAGGAAGTGCAACAGCAGGCGCCAAACATGGAAACAACGCTCCTTCAGCCCTTCTATAAAGATGAAGATTATATCGAAGCACTTGTTGGTCGTTCTCAACCCTGGCTAGAGAAGGATTATGATATGCTGTTGTTTTCTTTTCACGGCATTCCGGAGAGGCATTTGAGAAAAAGTGACCCCAGTCATGCTCACTGCCTCACAACCAAAGATTGCTGCAATCACTGTCATCCGGCGCATGCCACTTGCTACCGGCATCAGTGCTTTGAAACAGTAAAGGCTTTTGTGGCAAAAGCAGGTATTCCCGAGTCCAAGTATAAAGTATCGTTCCAATCACGTCTGGGTCGAGATCCATGGCTCAAGCCCTACACGGACTTTGTGCTGAAAGACTTCCCGAAAGAAGGAGTCAAAAAGCTACTGGTCATGTGCCCTGCCTTCATCTCAGACTGTCTTGAGACCGTTGAAGAAATATCCATGGAAGGGAAAGAAGACTTCCTTGAAGCCGGCGGAGAGACATTTGAACAAATTCCCTGCCTCAATGACCACGAAATATGGATCTCATGGATGGCCAACCGTATTAATGCCTGGGCCAGGGAGACTGCCCAGCAAGCCAGCTAGGGACTTATGGCATAATCGCCAAAAGAACTGTCGCGAGAATAATAATCGCTACAATTTGGACGACTTGAGGGACAAACCGTTTCTTTGCTTCAGTTGACATGTCTATTTTATCGGCACTTATATTCATAGATTAAGCCTTCCTTAACAATAAGATGAACTAAATCCCCCATTTATTCCGAAATGTCCAAAACCTCTCAACATACCTATCGACGACGCGTCGAGTTCTCGGAAACCGACATGGCGGGCATTGTTCATTTTTCGAACTTTTTTCGCTGGATGGAAGCGGCTGAAGCCAGTTTGTTCCGCGACCTTAGTATCCCCCTCTTTCAAATCTCAGGAGATCACCACGGCGGATGGCCCAGAGTCCGAGCATCATGCTCCTACCATGCCCCGATTTACTTCGAG
NZ_CP136920.1_gap2	5641	8664	3023	TGAGTATCGATGGATTCGGCTGGTGCGCCAGTCATTGGGGCACTCGCAGCGGCAGCACGTTTGGCCGTGGTATGCTCACCAAATGGCGGTTCACTATCTGCCCCACCGATGGGCTTAGTCTGCTCCGGCAGATCCATGCGCCCAAAAAATTCTTTGTTCTCACGTTTGTTCAGCTTGCTGTTCCCAAGCATGACCGCGTTGTAGTCGGTCATGATTTTCTCGACATCAAGCTTCAGGTAACGTGCATATACCTTGAGAAAACCACTTCGATATACCTCTGGTAAATCGAAGTCATAGTTGTTATTCTCGTAATTGAGGAGAAAGTCACTGCGCACTTTCGTGGCCTCGGCAGCTTCCCGTACAGATATTCCCTGTCGCTTGCGCGCCTCTTCCAATCTCTCTCCTATATTTGGCATTTTTTTCTTAATTGAAACAATTGCGGTTCGGGCGCAAGGAGTAAGTGCCCGGACTTTGCAATGTCATGGATATTTTTTAAAATCAGGTCAAATCAGAGAAGGCAGAAGTAAGAAGAAATCTGCAACGATAATTATGCCAAACATATTCCTTACGACTTCTGCCTTCATACTTCTAACGCTTACTTAAAGTGAATCGAGATCGCGAAGAATTTCACGCGGACTTGAGCCATTTTCCGGCCCGACGATGCCTTCGTCCTCAAGTATCTCCATAATACGCGCGGCGCGGTTGTAACCAATCTTAAGGCGACGTTGCAGCATGGAAGTGGATGCACGCTTGGTTGTTTTGAGTACTCCGATCGCATCCGGTACCAATTCATCCTCGTAAGTCCCAGCAGCTGCGCCGGTTTCTTCACCTTCTTCACCTGCCGACTCTACCGCAGCCTGAATGGCCTCATCGAAAACCGGTGGTCCATTTTTCTCGTGGACAAACTCGACAATGCCATTGATTTCCTCGTCTGAAACAAAAGCACCCTGAGCTCTGACCAGACTATGAGAACCGGGTGGCACAAAAAGCATGTCTCCCTTGCCAATCAGCGCTTCTGCGCCGCCAGTATCAAGGATGGTCCGGCTGTCGACTTTGGAAGCGACCTTAAAAGAAATACGAGTGGGGAGATTGGCTTTAATCACTCCGGTGATGACATTTACAGACGGCCGCTGTGTTGCCAGGATCAAGTGAATGCCGGCAGCACGAGCGAGCTGGGCCAAACGCGCAACTCCGGTTTCAATATCCTGCGGCGCGACCATCATAAGGTCAGCCAGCTCATCAATAATGCAGACAATGTAAGGCAACTTGCCCTCAGGAATCTCCAACTCAAGATCGCGTGGCACTTCCATCGTAGCAGCTGCTGCGCGCTCTTCTGGAGACATCTCAGAAGAAAGCTCCCGGTCCAGCTTCTCAGCTGCCGCTTTTTCCTCCTTCTCTTTAACGACTTTGGAGTTGAAACCAGCGATGTTGCGAACACCGACCTTCGCAAAAATCTGATAGCGACGCTCCATCTCGCGCAAAAGATACTTCAGTGCACCAGGAACCTTCTTGGGTTCGGTCACAACCGGAATCAGCATGTGAGGCAGCTGATTGTAAATCTGCATCTCGACGACTTTCGGGTCGACCATGATGAAGCGTAGGTCGTCCGGACTACTGTGATAAAGGAGCGATGCAATAACCGCATTGATACAGACTGTTTTACCGGAACCAGTCGAACCAGCGATCAACATGTGAGGCATTTTGGTCAAATCCTCCACAATCGGCTTCCCAGTGACGTCCTTACCAAGAACGATTGGAATTTCGGCACTGGACTCACCCCATGACTTGGATTCGACAATCTCCTTCATCCGGACCGCAAGCGGGTTCTTGTTCGGAACCTCGATCCCAACTGTGCCTTTGCCAGGAACCGGGGCCAGAATACGAACTGCGAGTGCCTTGAGCCCCAGGGCAATATTCTTGTCGAGGCTTGCTATCTTTTCGACACGGACCCCTGGAGCGGGCTTAACCTCATAACGTGTAATCACTGGCCCGGTCTGGACTGAGCTTGGCTCAACCTTAACATTGAATTCGTTCAGCGTCTGAACAAGGGCTTCCGCTGTTTCGCTGTAATCTTCTTTGGTTTCGCCTTCAGCTGGAGGAATTGGATCTGCCAATAAATCGACTTTGGGAAACGTGTAATCGCCTCGGCGATCCGGTAGCTGCACTTCGGCTCGCTCGGTTTGCTCTGCCTCAACAATCTTGATGCCAGGCTTCTTTGGAACTACTAGAGTTGGCTTAGCTGAGGCTGCCGCTTTATCAGGAGCCGCCGCAGGTGCGGGTGCGGGCACATCCTTGGCCGGCTTTTTCTTGGGCATGAGAAAGCGCGTGCCCTTCTTTTTCGTCGGCTGCTCGTCCTCTTCAGATGATAAAGCAGGATCTTTCTTAGCTTCATCCGGATTAAAGCCTTCCAAAACGGACTCCCCAGCTCGTAACTCCTTTTTCTTTGGCTCAGACGGCTTTGGGGCAGCGACAAAACGGGTTTCGCTTTTCTTCTTTTTCTCAACCTTGGCTGAAGCCATGCTCTGCTTTTGCTTCTGCTTATCCTTTTTCTTCTGAGCCCGCTGCTCATGCCAATTTTCCACTGAGCGCGTTAGGTTATCTGTGGCCAGGAATACAATCCCAAACACTAAAGCGACGGCCAGCACGAGCGTGGTCCCAAACGGACCAATATAGTGCGTGAACCACTCATTATAAAGTAGTTGCCCAACCGTACCGCCCATCCCATTGAAAAAATAACGGGTTTCGGTAGGAACCTCATCGCCAGAAAGAATCTCCACTTCCTGAGCGACATCAGCTGACTGCTGCGGCTCAAGATACGTCTCTATCAAATTGGCAAACCCACAGAGTGAGACAATGATGACTAATGATGCGACACAGAGCCTGAACCCGACTCGACTCGCCTTCTTAAATATAAGTAAGTAGGCAATCCAGAATAACAGGACTGGTATTAAGGTCGCGACGAGACCAAACAAATAGACGGAATTACCAGCAAGGAAAACACCGACATTACCTGCCGGATTTTG
NZ_CP136920.1_gap3	11660	13480	1820	CTGACTTTTACGAAGTCCTGGGTGTGACCCGGGAAGCAGACGGAACTGAGATCAAAAAAGCCTACCGCAAGCTAGCTGTTCAATGGCATCCGGACAAAAACCCGGATAACCCCGAAGCGCTGGCCAAATTCCAGGAGATTTCCGAAGCTTACGAGGTCCTGAAGGATGACGATAAGCGCGCTGCATATGACCGCTTTGGACATTCAGCCTTTCAACAAGGTGGCGGCGGTGGTGGTGCCGGCGGTTTTCACGATCCTATGGACATCTTCCGCGAAGTCTTTGGCGGAGGCGGTGGCGGCGGAGGCGGCATCTTTGAAGACTTCTTCGGCGGTGGCGGCGGACGAGGAGGCCCTCAACAAGGCAATGACCTTCGCTACGACATGGAAATCAGCCTGGAGGAAGCAGCTGAAGGTGTTGAAAAAGAAATTTCCTACCGACGCAATGTCAGCTGTGGTGAGTGTTCCGGTAGCGGAGCAGCACCCGGGAGCTCTCCAACTACCTGTGGAACCTGCGGCGGTGCTGGTCGTGTAGTCTCTTCACGTGGCTTTTTCCAAGTCCAACAAGTTTGCCCAGCCTGTCAGGGTGCCGGAACTGTAATCGACAGTCCATGTGGCAGCTGCCACGGCGGCGGCACGGTCAAGGAAACCAGCAAGCTGAAAGTCCGCATCCCGGCGGGTGTTGACACCGGCAGTAAGCTGCGATCTTCCGGTGGCGGTGAGGCTGGCCCCAAAGGTGGGCCTAACGGAGACCTTTACATCGTCCTGCATGTTCAAGAGCACGAAGTTTTTGAGCGGCATGATCAGGATCTGTTCTGCTTGATTCCGATTAAATTTACATTGGCCGCACTTGGCGGAACGATCGACGTCCCTACCCTTACCGGCAAAGCAGCGCTCAAAATTCCATCAGGCACTCAAAGCGGGACTACATTCCGCCTTCGTGGAAAAGGCATGCCATCGCTTCGCGGCAGCTCTCATGGCGACCAGCTCGTCCGCGTCGAAATCGAAGTTCCAAAAAAGCTCAACCACGACCAACGCCACAAGCTGGAAGAATTCGCTACTGCCTGTGGTGACGCTGACAGCCCGGTAAGCGAATCCTTCTTTGAAAAAGCAAAGAAGTGGCTGCACGGAGACGATTGATTTGTATATTGCCACAGAGGCACAGAGAACTCAGAGCTAGATGCTCTGAATTACTTATTTGACGGAATTAAAGGAATCTAATGTTCCAAGAAGTCCTTTAATTCTGACTTAAAACTGTGTCATGCTCTGTGTTCTCTGTAACACTGTGGCAAATCCTATATTATGAAACTCTCGAATCCCAAGTTGCTTTCACTCGAAGATGCTATTGCCCATCGCAATGCTTTAAAGGCTGAGGGGAAATCTGTTGTCCTAACCAACGGATGTTTCGATCTGCTCCATACTGGCCACATCTACTATCTAAGAAAAGCTGCTGCGCTGGGTGACGCACTCTTCATTGCGATCAATGGTGATGCAAGCGTACAGGCTCTCAAAGGTCCGACACGCCCTGTGCAGAATGCAGAAGAACGCGCCTATCTCCTCGGAGCAATTGACTTTGTTGATACGCTTTTTGTTTTTCACACCCCGCGATTAACAGCGGAAATTGAGACCATCAGGCCAGACATTTATGCCAAAGCCGGTGACTACACGCTAGATACTCTCAATCCAGAGGAACGCACCGCGCTTGAAGCTTGTGGAGCCGACATCCAATTCCTCCCCTTTCTGGAAGGCTACTCCACCACCAGTCTTATTGCAAAAATCGCAAAAGCAGCGGAGACATTCTAGGCTGTGTTTTCAAACCTCGGT
NZ_CP136920.1_gap4	194792	197232	2440	TGCTCGCTCGCCGCATGGGCAAAAAACGAATCATTGCTGAAACCGGAGCCGGTCAACATGGTGTCGCGACCGCCGCAGTCTGTGCGAAGTTCGGACTCGAATGTGTCGTCTACATGGGAGCTGTCGACATGGAACGTCAGGCCTTGAATGTCTTTCGCATGCGGTTGATGGGCGCAGAAGTCCGAGGCGTTGAGGCCGGGCAAAAAACATTGAAAGACGCAGTCAATGAAGCCATGCGAGATTGGGTCACCAATGTCGGAGACACTCACTATATCTTAGGCTCAGCCCTTGGCTCCCACCCCTACCCTATGATGGTTCGGGATTTCCATAAAGTGATCGGCGAAGAAGCCAAACGCCAAATACTGGAAGCCGAAGGTCGTCTGCCTGATGAATTGATCGCCTGTGTTGGCGGTGGAAGTAATTGCATCGGCCTCTTTTACGAGTTTCTCGAAGACCAAGATGTCCGCCTAGTCGGGGTGGAGGCTGGTGGCCATGGAATTAAACCAGGAGAACATGCAGCGCGCTTTGAAGGTGGCCGGGTTGGCGTTCTCCAGGGAAGCAAAACTTACATCCTGCAAGACCCCGATGGACAGATCGAACTGACGCACTCAGTATCCGCAGGTCTTGACTACGCGGCAATTGGCCCGGAACATGCGCACTACCATGATCTTGGGCGCATCTCCTACGGTTACGCCACCGACGATGAAGTCATGAAGGCCTTCAAAACCCTAAGCTGCATCGAAGGCATTATTCCTGCGCTGGAATCAACTCATGCCATCGCCTACGCACTGAAGCGCGCGCCCGAAATGAGTTCTGCCGAGATACTTATAGTGAACCTGTCAGGGCGCGGCGACAAGGATGTCCAGCAGGCGATGAAGATACTTGGCGAGTAAGCACTTCTGCCTACTTTCTTCTCACTTCTGACTGTATTTTAAGTTTACAGCGAGTCCTCATTGTATCAGTTTCTAACTGATGCCTGATTATGCCCATCCGATACTGACTTGCGAAGAAGCCCAAGCCTTCGAAAAAGAACTTCTCCATGGCGATGGCGCAGAGTGGACTGCGATGAATCGGGCAGGCCGTTCAGTCGGGCGCTCGGTTCTTGCTGACTATCGGGAGTTAGGGCACCTCCCTCCGCATTGCAGTATTCTAGTCTTAATCGGAAAAGGACATAACGGAGGCGACGCACTCCTGGCTGCTGACGAGATATGCCGGGCAAATCCCGACGCAGAAGTGGCGGTCCTTCCGATGCAACCAGTCGAGCAATGCCGCACTTTAACCCGGCGCGCATTCGATGGTTTGCAACGCAAAGCCAAAGTCCAATTGATCAATCTTGCCCGTGCTCAGAATGGGCGTTTTGACATCTGCCTTGATGGCTTGCTTGGGATGAATTTCCGCCCACCCGTTCGTGAGCCTGCGCGAAAAATCATTGATGCCGTCAATGACAACCCGGGCATACGCTTTCGCGCCGCAGTCGATATCCCTTCAGGTTTGGGTGACAGTGCCTTCAGGGCAGATTTCACTTACGCAACAGGTATCGCCAAAACACCGATTTTCCACGACGAGCATACTCAGCATGTCGGCAGGATAAGATATCTCGACATCGGTTTCTTTGATAGTAGCTATGACGGACCACAGAGTTTCAATGAAGCTATTATGACCAGTAAAATGCTGGGCTCACTTTCCAAACTCCGCCCTGCCAACAGTGACAAACGTACTTTCGGCCATCTTTTTGTCCTTAGCGGCTCCCGCTCAATGCCCGGTGCGCTTCTGATGGGTGTGAAGGCAGCCCTGCGTTCCGGAGTCGGCCTGCTCACTGCCTTTGCACCGGAATCCGTGGCAGCACAATTCGCTGCCATCGTGCCCGAAGTGATGTGGGTGCCATGGCCGGAAACACCCGACGGTGGACTCGCCCTCGAAGGAAGGCATCTCTTACTCGAACGACTCGATCGAGCTGATGCCCTACTGGCTGGATCAGGTGTTGGCAAGGAGCCTGAAACGCTTGAGTTGATTCGCGAATGCGTATCTTCATTGCCACTACCAGTAGTACTTGATGCTGATACTTTGACACCACAAATTGCTGCAGCTGCCGCAGGGCGGCCATCCGACGCAGGTTCTGTAATCACCACACCCCATCACGGTGAATTCAAACGCATGGCCAAGCAGGATAGTACTGTTTACGACTCAGAAGCACTCAGGCAGTTCTGCCTCGAGCATAATATCGTCACCGCTTTGAAAGGTCCGATAACACGCGTGAGCAACGGCAAACAAATCATCAACGCGACTTTTGGCGGACCAGTCCTCGCTCGTGGAGGCAGCGGAGATATTCTTGCCGGCATGGTTGGGAGTTTGCTCGCCCAGTCCCCCACCGATGCCTTCGAGGCAACTTGTCGCGCAGTTTGCTGGCACGGCCTCGCTGCCAACCGACTGGCTCAACAAC
NZ_CP136920.1_gap5	220640	222664	2024	GCCAGTCCAATAGTTGAGGCCATCCTGCATGATGACACCAGGGTATTTCTTAATATATTCAGTGAACAGATCAACCATCCCCGCATAATCCTGATCTTTAACAAATTGTGACCCCATCAGGAACACGATTTGGGAGCAATAGCGGTTATCCGAATTCTGCTCGATGAACTTTTTACCCAAACCGAAGAAGTCCTGAGTCCGCCCCTTCTGCTGATAAAACTGTGCCAGTTTTACGATCACATCATCACGATATTTCACCCATGCAGGATCATCCATGTAAGATTCGCCCAAACGGATAACTTCATCGGTCATCCCAATGTTAGTGGCACCAGTGAATGCAGCATAATAGAAGTCCTGCACATTGGCATGATTCGGATAATCGTTGATTAGCTCAAGATAAGCCCAAAACGACTCCCAGTCGCGACCAGTTAACAGATAATTACGGGCAATACGGACCCTGAGCTCAGGCGTATAAGAGGTCATTGACTTTAATGCCTTAATCTGAGCATCAGTGTTGTAAATCTCTGTCTCAAGCTCAACTGCACGCTCAGAAGTGGAACCAGTTGAAGACTTCAACAACTCAAGCTGACCACTTAGATCGCGAGAACGATTTTCCTGCCAGGCCAAGATTTCCTCAACGGTAAGGACCATGCGATACATCAACATCGCCTCATTATAATCTTTTTCTTTGGCAAGTTTGTCTCCCGCGTCAATAAGCGCTACGTTAAATTGTAATTTGTAGCGTGCCGGAGACTCACCAACCAAGAATGGGAACAAATCGATCGCACTCTGAAACTTACCTTGATTGATATACGCCTCCATTAACGCCGCCGCCGCCGCTGCTTTGTCATCGGGATCGCGACTTGCATCGAAAAACTTCTTGAACCATGGCTCACCATTTTTCCAGTCTTTGGCGATGTAGTAAGCTTGAGATAGCTTTTTCAGTGCCTCAACACGCTGTTGAGAATTTAGACGAACCTCCAGTGGCGGTCTAAGCAGTTTCTTGTAAATTTCCGCTGCCTTTGTCCATTGCTGTAAACCGCGGTAGGCATCAGCAGTAGCAAGGCTCGCGATCACCGTGAAGCTACCATTGGGAAATTCCTTATCAAGGCGATCAAACCATTTAATCGCCTCCTGAAGTAGATTATTGGACTGGCTACTCCCGTATTCCACCAGGTATCCAACTCCGAGGTAGAAATAAACTGCTTCAAGCCGTTTCTTCGTTTCTGGATCCTCCGCCTCAAACCGACTGACTAATTCAGTCAAGTAAGGCCGAGCCTGTAGATACTGTTGGGAATCGACGAGTTCGACAGCTTTAGTTTGCAGCTGTGACAACGTCAGTGACTCGGCTTGACCGTGTAAGAAAACCGCTCCCGGCAACCACAGGGTCAAAACAAAGATGTATTTAAGGATATATTTTCGTGCTAACACGAGGGGCGAATACCTGAGAAGGTTATTGTTCAAACAGAAAACGACTTATGGGAAAAGGAGAAGGAGACACCGTTAAACCACCTCATGACAAGACTTTTCTCTTCAATTAACATGAATCTATTCAATTATAGCGTAAAATTCAAATTTGAACCGGGTGGACTTAAAAAAATTGACTGCCTGATCTCTCAAGCAAGTCTAGCCACTGTTATTCGTCAATAATATCCAAAAGTTAATAGCCACTTTAGTAAAGTGAGCTAACTCATTTCATTTATTCTAATTCATCGCTACATTTTCCGTCAGGTTTTACTCGCGACAGTCATCGCGGTGGGCTTGTTCGTCTTCGTATTGGTCGCAGGCAACGCAATACGCGAGGTTCTCGGATTGCTGGCTTCCGGCCGCCTGACCTGGGCAGACTTTGGCTACTTTCTGGCCATCCTGATTCCAGGCGTTGTTCCTTATGCGCTGCCGCTTGGATTGCTTTTTGCTACATTGCTGGTTCTTGGCCGGCTTTCCGCCCAAAGTGAAATCCTGGCGATGAAAGCCGCAGGCCTAAGCCTCTGGCGCATTGCCGCCCCCATATTACTCATTGCAAT
NZ_CP136920.1_gap6	226075	227385	1310	CAACGTCGCCTCGATGAAACCACACCGCAATGGCCCATCATGCACGCGGTCACCTATGGAGTTTCTCGTGATCAGATGATGGCTCGCCATCAGGCCAACCACATCAATGTGGCCTATGCCACTTCAGCCGCAACCGCCGACCAGTGCCTTTATGCCAAGGCTGAACTGGCTCGGCTGCTCGGGATGGAAGTAGCACTTTGCGGTACTGATGCCAAAGGCAAAAGGCTGTAAAGGACAGCTTTTTTCTGGTCACAAAGATCACGAAGCGAGCACAAAGAACGCAAAGTCGCTGGGCCGAGTGTAACTAATCAGCTGCAAATGAGTGGCTCTAAAGCGGTACGCCTATTCAAACAAGTTTACAGCTAATTACATCGCTGTGTCTCTGTGGCTCCGTGAGAGAACTAACGTCGCGTTTATAACTGCGAAGACACAAAGAAAAATTAAAACTTAGTGTTCTCTGTGCCTACTCTGTGAGCTCTGTGGCCAAAAACACTTCACACTGGAACTTAGCCTTGGCGAAACGCCAGAAAGTTTCCATTGTGCGATCAACAATGAAAGAAACCGCCGCTGAAACCATACTTGAAGCTCAGGCAGTCCTTGGAGAAGGTGCTTGCTGGGACCATGCAAAACAGCGCCTTTACTGGCTCGATATTCTCAGCTGTGAGGTGCACATATTTGATCCAGTGACTGGTAAGGACATCATTCATAAAACACCTTATCATGTCACACTGGTCCACCCAACGGAGAAAGGTGACCTGATTCTCGGAACCAAAATGGGGATTGCCCGAATGGACCCCGAGACCGGTGCTTTCCAGGAGTTAGTTGACCCGGAAGCCGATATCCCTACCAATCGATTCAACGATGGCAAGCCTGGTCCCAATGGAAGACTTTATGCTGGTACAATCGCCTATGATGGATCGGACAAGCAAGCCAACTTCTGGCGAATTGAAACCGATCTGTCCTACTCCAAATTGCTTGACCACGTAGGCAACTCCAACGGCCTCGGCTGGTCGCCCGATGAAAAGACTCTCTACTGGATTGACACCAAGACCAGTCGCGTCAGCGCTTTCGATTATGACCGTGACTCCGGAAGTATTTCGAACCAACGATGCGTCGTTGAAGTTCCACGCGAAATTGGCCGTCCTGACGGTATGACGGTGGATGCCGAAGGCTTCCTCTGGACAGCACTCTGGGCTGGATCAGGCGTTGCTCGCTGGAATCCTGCAACCGGCGAAATGGTAGAGAAAGTGACCTGCCCTGCCCACAATGTAACTTGTCCCACTTTCGGTGGCCCCAATCTCGACATCCTT
NZ_CP136920.1_gap7	229169	229964	795	ATTCGCTTCAAGGGTATTGGCATGTCAATCGCCGTGGCTTCTAATTGGTTCATGGACTATTTTGTCAGCCAGCTATTTCCGATAATGAAGCAAGCTCTTGGTATGCCAACCACGACATTGATCTATGCTGGCTTTACCACATTCGGTCTTGCACTGGCATTTAAATTCCTTCCAGAAACGAAAGGTGTCCCTCTCGAGAAAATCGAAGAGAATATCTATGCTGGAAAACCTTTGCGAGAAATTGGCCAGCCCAAAAAATAACTGGCTGGTAACCAAATCATTTTCAGGCTTTCTTTTTGCCCCATCGTTCCAGTAGAAAATTCTTACGTGGTAACCATAGGCATTGAATCAGTTCTTGAGACCTGTCTTTACGTCGATGACATCGACGCGGCTGAGACATTTTATGGTGAGATTCTCGGGCTTGAATTCTACAGTAAGGAAGCAGACAAGTTTGTTTTCTTCCGCGTTGGCCCTGCAATGCTCCTCATTTTCATCCCCGAAGCCAGTGCAGCCGGAGATCACGAACTGCCCAATCATGGAGCAAAGGGAGTCCAACATATTGCATTCAGTGTTTTAGAAGAGGAGCTGGACGAGTGGCATTCTCATTTGGAGGCGCAGGAAATTGACATAGAGCAAGATCATACCTGGCCCAATGGAAAACGGTCGCTCTATTTTCGTGACCCGGCAGGCAACAGTATTGAATTAGCCTCAATTACGATCTGGAGTAAATAGTTTCCAATTTAAGAGCTTTTGGAAGCTTATGATTGATTTTGAAAGAATTATCCGATAAAGCTA
NZ_CP136920.1_gap8	364241	367732	3491	AAAACAAGCCTAAAGACATAAGAGAAAAACGAAGAATAATATTCCATAGGTACAAGCTCTTCCCTTCAACCATTTCAAAAATGACATGTAAGGCAATATAAACAAATGCCAGGAACACAGAGTCACGTAAAATCCCGACAGTAACTGATACTCTCATGTCGTTAATACTCCTATTTCATAGCCTCCTCTGCAGTTTAGCAAAGGTAAAAAATTGGAACGCTGATCAAATCCAGAATAAGTCTCTTCCCTATTCTTTGACCTTACGCGAAAAGAAACCGATTCGCTCCAGATACTTATCCTGGAATGCTTCAAAATAAAGGTAGATCACGGGAATCACATATAAGGTTAGGAGCTGGGACACAATCAAGCCACCAACAATAACCAGGCCAAGTGGAACGCGAGTGTTTCCGACATCATTGATTCCCATTGCGATCGGCAATGCGCCGAAGATTGCTGCAAGCGTCGTCATAAGGATGGGGCGGAAACGTTCGATACAGCCTTGCTGCACCGCCTCAAGTGGAGTGCGTCCTTCGGCCTGACGTTGAATCGCAAAGTCCACCATCATGATGCCATTTTTGACCACAATACCCATCAGCATAAAAAGGCCGACGAACGCATAGAGGGAGAATTCTGAATCGAAAAGCAGAAGCGTCATCAAGCCACCAACAGTTGCAACTGGCAGGGCAGACAGAACCGTAATCGGATGCATGTAGCTCTCATACAAAATAGCAAGGATTACATACATGACAAACACAGCAACGATAACCAGAAGGCCCGCACTCTCCTCAATCAAAGTAAAAGCCTGAGCCGTCCCCTGCAATTCCTTGATCAACCCTGCTGGAATGATAGATGCTGCAGCTGCTTCCAAAGCCTTCGTGGCATCACCGATGGCGTATCCATCTGCCAGGTCGAAGTAAATCGTTCCTGATGCCAGACTGTTAATATGACTGACAGAAAGCGGGCCAACAGTTTCTTTCCAGCTTGCTACCGTTCTCAGCGGAATCAATGAGCCGTCAATGTTTGAGGTAAGATAAAGTTGATCCAGATTCGCTGGCTTAGCTCGCTCATCTGCCTTTGCTTCAACGATGACATCGTATTGCTCAACCCCTTCCTTGATTTTATATACGTAATTCTCGGAGTAAGCATCCATCAAGAGCTGCTCGATTTCTTCCGCGGTAACACCGAGCGAGTAGGCCAGGTCACGATTGATATCCAACTCAAGTTGCCTGTTATCAAGGTAGAGGTCAGAGGAGACACCAACAAAACCAGGCATGGATTCCAGCTTTGCCTGAAGCTTGGGGACGGATTCATAAATCTGGTTAGGGTCCAAACCCGAAACAGAGTAGGCGTAGTTGCCTTGATTGGTACTGATTGCACCCGTGCTGATCTTGAGCGCAGGCTGCGGAGAAATCAGCGGTACCACACCCGGAACAGTTGTACGAATTTTATCATTCAAACGATCACTGACTTCCTGAATCGGCGGGCGCTCATTTACTGGTTTCAAAACCGCAAGTGCTGCAAGCATATTTGGATTGAACATTGCCGTCAGTCCGGTCGCAGAAAGTGAATTCTCAATTGCCGGATCGTTGGCTAAAATATCATTAACCGCATTTTGGAAGGATTGAATGCGATGGGGCGAAGTGCTTTCTTCGGTCAGCATAACTCCGAAGAGCAAACCACTGTCGCCAAGTGGAAGAAATGTTTTAGGGACCTTAACAAATCCCCAACCGACACCGACAAGACATATCACCCAAACAACAATCCCGAGGAACTTATACTTCAAAAACCAACCCAATGTTTTTGCATAAAAATTCAACGTCGGTGTTTCAATTTTCTTGGACATTCGCTGCAGCCAGGACTGCTCCTTTACTTTACCTGAGAAAAGGCGTGCGCAAAGCATCGGAGTCAGTGTTAGCGAAATCATACCTGAGGCCAGAATCGCAACCATCAGAGTCAGTGAAAACTCCCGGAAAATCCGACCGATCTGTCCACTCATGAAGAGCAATGGGATAAACACTGCAGCCAGCGAAAGAGTCATGGAAAGAATAGTAAAACTGATCTCCTTCGCACCGTCCAAGGTCGCCCGATAGGCGGTCTTCCCCATTTCCTGATGGCGCACCATGTTTTCCAGAAAGACAATGGCGTCATCAACCAGAAAGCCAATGGCCAAAGTCAACGCCAGGAGCGATAAGTGATCCAGACTGAAACCCAGCAGCTTCATCACCATAAAGGTGACGAGGAGCGAGGTTGGCAAAGCCACCATCGGAATCACGGTATCTTTGGCCCGGCCAAGAAAGACGAAAATAACAACAACGACCAGAACGAAGGCGATCAACAAAGTCGTTCTAACATCAATTACAGAATCAACAACAAGGTAGGATTCATCATAAATCTTAAGGACTTCAATGGATTGCGGAAGCTCCTCTCGCAACTCATCAATCAAGTCATCAATTCTCTTGGCAACATCGACGAGATTTGAAGTCGCAGTATGCTGAACTGAGATTCCAACGAATGGCTCGGAACTGTCGCGCCCAGGAATATTAAATACGTTAACAAAATAAAGTTCATCAACGCTCTCCTTTGCCTCCGCAACATCTTTGACGTAAACCGGAGCATCATCGACATAAGAAATAATCAGATTTCCATAATCCTCGGCAGTCATCAACTGACCCGTCGGCCTTAGGATGATCGTATTGTTGTCTCCATAGAGTTGACCAGTGCTCATAAGCACGCTGCCCGATTCCACGGCATCCGCGACATCAGAGACTGTTAGATTAAAGTTATACAAGCGCGCAGGGTCCACTTCGATACGAACGGCACGCTGCTCTCCGAAAAGAGTAACATTGGAAACACCTTTCAGCATGTTCACACGCTGAGCAACCTGTGTGCTGGCGTAATCATACAACTCACTCTCCGGCATCGTACTACTAGCCAACCCAAGAATATAAAAGAAAACCTGATTAGGATTTGTCTCCTTGTATGACGGAGGCGTCGGTATGTTCTCAGGCAAATACGGTTGAGCTCGTGTCAAAGCAGACTGCACCTGAGCGGATGCAGCATCCATATCTTCACCCAAACCAAACTGCAGCAGAATACTGGAGTTACCCTGCGTGCTGTTCGATGTAATGAGTTGCAAACCGGGGATCTGAGTAAACTGCTGCTCGAGCGGCGAAGTGATATTATCGGCAATCACATCCGGTGCCATTCCGGGAAACTCGGAAGTCACCTGAATAACCGGATACTGAACATTTGGAAGATTCGCCAACGGCAAGGTCCGATAGCTGAATATTCCAAAAGCAATGACCGACAAGGTCAAAACAACCGTCATGACCGGGCGATTGATAAACGGATCAGAAAGGCTGCGCATGGTCAGTCTAGTTCGACTTTTTATCTGAATCCGTTGAAGATGAAGCAGAGCTCTTGGATGAAGAACTTGCCTGGCTGGATGTATTCGTTGTCTCGGATGGCGGTTTCACGATGGTGACCTTGCT
NZ_CP136920.1_gap9	440230	444613	4383	GCCGCACTGAGACCGGCCTTCATCAGTTGTTCAAGGCTTTGCCAGGTCGCATTTTGATCCCCTGCCCAGAAGCAACTCAATCCCGCACACGAAGCTGAAGCGGAGCGTGCAAAAGTAACTCCGGGCCGACCACTTCCCTCAAATGCATCAAGCGATGCCTTCTGATAATAGTATGGCTGCAGATTGTGAAAGAAAGGATCAGGATTACGCTCACCTCCATCCGTCTTGAAACCATCAATTCCCATCGCAACCAGATCACGCTGAAGATCCGTCCACCAGACTCTGGCCTCAGGCTTGTCGAAGTTTATTTTTCGACCGCCTTCCAACCAGTCGAGGATCACCTCATTGCCATCCTCATCTTTGACAATGAAGTCCAGCTCTTTGGCCTCGGGATAAGTCGCAGCAGAGGTCCAGATACTTGGTGTAATCCAAAGCAATGCAGCAACATCACGGGCGTGCAATGATTCGATCCAACGCTTTGGTTCGGGATAGCGGTCTGTTTCAAAGGTGAAGCTCTGCAAACTCTCAGCCCATGCTTCCAGCACAACCGCACTAACGGGAATGGATTCCGTGTCGAGGCGATCCAGCATACGATCGATTTCCGCAGCAGACAGATAAGAATTACGGGATATCCATAATCCCCAAACCCAGTCCGGCACTGCTTGCGGACGACCAATTACGCTCGTATACTGGCTTACGATTTCGGCGGGTGTTCCTTTAAAGACATAAAGATCAATTCCGCCTTCGGGAATGGAAACACGGAGCTCGTCCGCAGTTGTTTTACCGAAATCAAAATCAACCGCTCCGGAGCAGTTCACAAAGACACCGTATCCTTCAGAACTGATAAAAAAAGGTGCTGCAAAATAAGACGATGCCAATCCACCTTGAATCCGGTCACGCAGCCAGACCTTGATTTGCTGGCCACGTAAGTTCCAGGCGTCGAAGCGTTCGCCCATGCCATAGAAAGACTCATCCGCGTTGATTGGAAAAACCAACTCTGCAGAGTCATCATTCAGTTCATAGTTCAGGCCGGGAAGAACGGTCACTACTTTATCCAGCTGCTGAGGTGACACATCACGAACTACAGGGTATGGATGCTTCGGATTACCAGCAACGCCTCTTACCATATCTTGAGCTAGGGCTTCCCCTAAAAAAGCAGAGGAAGCAACCACGAGTAAAAAAGTATTCCAATAATATGACATGATTTAATCCACGCTTACAATTGAATGGTTATCGAGGAATTCCTGTTCATTAGGGTCGCGTATCCAATGCTGACCATCAATCACAAACTGATAATGATACTTTCCCGAAAATAAGTCTACGGTTTTACGCCAAATGCCATCATCGTCCGGGCCTTGCATCTGGGCACCAACCATGGAAACAAAACCTTCGTCATTTTCAGCCCAGTTATTAAACTCGCCAGCCAGATAAATCATCCCAGCATCCGGTGCCCATACCTGAAAGGTGACACGATTCCCATCCACCTTCGGACTGAGGGCTTTGTTGATTCCATCGCCCAAATAAACATCACCATTGGCCGCCACGGTGAAGACCGCATTCCCCTCTTCATCCACAACCGGCATGTCATCAGGAATAAACCAGTAATCAAAAGCTTCACGCTCTTCAACCAACTTGAAAGTATAACGCCCGGGCTCCAGCTTGAACACCTTGCTCCAGATACCATTCTTTCCGCGCTCCAGGGCATAGCGGTCATCGCTGACTTCGCCTTCGTTGTTGTCGGCCCAGTTGTTAAAACTACTGGCGATGTAAATCGTGCGATTGTGGGGTGACTTCACTTCAAAGAGAACACCGTCTTCGGTCGCAACAGGAATTTGTTTGGGCGATGCAGCACCCAGCGACGCAGTCGCGAGGGGCAGCGCACATAAGGCAATGAGAAATTTATTAAGATACGTCATCAACGGGATAAGCTATTCCCTTCAATCCTACACCCACATTTAGAGAAAGAAAACAGAAGCAAATTGGACAGTTGAAATGCCTCCGCTGTTGTGTTCTAGTTTAAATTATCCGGTAGATGCTGTCATGCTTCCGGCCAACCCCAGAGAAATATTGCCCCACCAGCCTAAATCAAAGTCACCTACGATTCGTGATATCGCCGAAAGGATCGGTATCAGTAAATCCGCCGTATCACTGGCGCTGCGAGACGATCCGCGAGTCGCGTCGCAAACCCGTAAACGCGTCCTGAAAGCAGCCGAGCAAATGGGTTATACCAAAAACCCAACGCTTGCCCATTTGATGGCGGAGTTACGCAACTCACGAGTCACGACAATTAAAGCAACGCTGGCAGCGGTAAATTGTTCGCCCAATCCCGATATTTTTGAATGGCATACATTTCGTGACTTCAGGGAAGGTGCCATCCAGCGAGCCTCACAGCTTGGCTATGGTATGGACGCCTTCTGGCTTTACGAAAAAGACATGCGGATCGAACGCATTCAACAAATCATCCGGGCGCGAAACATCTCAGGTATATTGTTTTTTGCCGCCAACAACGTCGATGTCCTTCATGACATTTACGAACCGCTCTGGCGTAGCTTTCCCGCCGCCACGGTTGGTTTGGTGAAGACAAATCCGGCCCTCACCTGCGTAGCCTGTGATCATTTTCAAACTTCAAAAGAAGCGGTAGAACAAGCATTAAAGCTGGGCTATAAACGACCGGGGCTGGTGGTTGCTCCCGACCTTGATGACCTGGTCGACAAACGATTCTCCGGAGGTTATCTCGCAGCCATTTCAGGACTGCCGAAAAAGAACCAGCTGCAAGTCCACAGTTCCGACCTCATTCATCTCGAAAACTTTAGGAAGTGGTTCCAGCGCAATAAACCCGATGTGATTTTAAGCGTCCACGATGTCGTCCATGAATGGCTGACGGAAATGAAACTGAATATACCGAAGGATGTCGGATTGATCCATCTCGACTGGCGGGAAGACATTCCCGAATGGGCTGGAATGAAACAGGATAACATAGCTGCCGGTTCCAGCCTTGTCGATCTGGTCGTGAACAAGATCCATCATAATGAAAGAGGTGCGCAAACAACACCCACGGTCACGTTAATCGAGAGCCACTGGATTGATGGTGATACGGTCACGAAGCAGTAAGGGCGCGTGTGATTTTAGAGTGAGGAGGCGTAAATTAATAAGTATCTTTTATCATTGAAAACGATATGTATTCGTCAGTGCAAACCAGAGAGATGCCAACCATTGATTAAGCGTCATCCGATCCTCACGACATCATACTTATTGTAACTGACACGTCACTGAACCCGACTGAAGTGTCATATACTTCTACCGACAGGTGATATGCTTCCGCTTAAGCGCGTCTTGCTTCTATGCCTTTGGCATGACAGGCGGCCGACATCATTGGTTGGGCGGGAACCGTGTCATTACTCCAAATCTCCAAAGAACGAACGCCTTGCCAGACCAACATTGAGAGTCCGTCAGCAAAGGCAAAGCCGGATGCTTCGGCCTGAGTTGCCAGGGCATTCTTAACCCCATAAGTCATGTCGTAGATTTTCGCTTCGCCCGTGAAACGGCTCAGGTCAATCGGCGAAGGATCATCCGCCTTCAGGCCAAGCGATGTTGCGTTGATGATGACCGGGTGTTCGATCGCTGAAAGCTCAGCAGGTGGATTGGTAATATCAAATCCTCTCACCTTTTCCACCACCAGCTTTGGATCGAGCAAGGCGATGAGTTCGTTCAATCGATCCTGCGATCGATTGCCGATCCATAGACTTTTGCAATCCTTGAGCAGACATTGCACCGCGGCAGCACGGGCTGCTCCACCCGCTCCCAGCAAAACAATATCGGCGCCTGGAATTTTGACATCCAGCTCGCGTTCAAGAGCCGTTTCCAGTCCATAGCCATCGCTGTTATTGCCGTTGTAGCCACCGCCATCAAGACGCGTCAATGTATTGACCGCTCCCATCGATCTGGCAGCTGGATCAATCTCTTTAACAAGATCAACCGCCTGCACCTTATGCGGGATGGTCAGGTTGAGCCCGTGAAAGCCCTTCTCCCAAAACAACGGAAGCGCCTCGGGAAGTTTTTCCGGAGGAACTTCGAATTTGAAATAGCACCAGTTCCGATAAATCAAATGGGTTTGAGCCATCGCATTAAGCGCGGCATTGTGCATTTGAGGGCTGACACTATGCGCCACCGGAAGCCCAAGAACCGCCAGCGCCTTACCTGAAAACTCCCACGTCTTCAGGTCATCCAACGTCCGCACCCTGGATGGTTCATCTTGGGTTACAGGGCCTTGCCCGACATCTCCTTCAGAAATATTCATGTCTTGAACCCACAGCTCAACACGAGCAACGCAATCGAACAAATCAAATGTTCCGGCCCTGTGATATTTGTTCCAATCTTAATCTT
NZ_CP136920.1_gap10	459359	460033	674	CTCATCCTGCAGATAGATCCAGGGAAAATCTGTCGTGTATGACCAACCAGTTACCTGGGCCTGGAGCGGAGCGAATTTTGCGGCAAAAAGACAAAGGAGGGCGAGAGCGATTTTTTTCATAGGAAGAGAATTTATATTAAGACACTCAGTCTTAGCCTTTATTCCTCTAAAAATCAATGCTCAAGGATTTCGACCTCGTAACCATCCGGGTCGGTAATGAAGGCCATTTTCATACCATCTTCAGAGGCAAACTTTTCCTTCCAGCCATCAGGCCAAATCTCAATACCGGCACCTTCCAGCTTCTGACAATACTCGACGATATCATCAACACGGATGCAGGTGTGGACGAGATCTTCAGGAACTTCGACCTTGTAGTCGGGAGAATGAGTCAGCTCGAGACGATGTGCACTGCCAGGGATTTCAAGGTGGGCCAGTTGATTGCCGGAAGGCGATTTATCCGTGCGCTTCACAACGTTGAAACCGCAAGTCAGGCAGTACCAATCGATGGATTTTTGAAGATCGCTAACGCGAATACGAGTATGGTCAAAGGTAATGGGCATGGTCTGATGATAGTTGGTATTGGTGATTAAAAAGCTGCAATTTATCATCCGGATAAATGAACGCAAGCCATAGGCCTATTTTATAACATTGCTTTCTTTGCTCTGTGTCCTCTG
NZ_CP136920.1_gap11	481366	485483	4117	CAGCATCATCCAACTCCTCATCCTCAGGCTGCAAAGTCTGTTTGAAAGTTTCAATTGCCTTGGGCGGACCCGCCACCAGTAAAACATCTCCGCCAAGCAGAATCTCGGATGCGGATGGTGTGGTAATCCGCACATGGCCACGCTGAATCCCAAGCACACTGATCTTGTGGCGGGTTCTCACTTCAGCCCCAGCCAGCGTATCACCAGCCAGTGGAGAAGCGGTTCCAATGAACACTTTCTCGATGGAAAACTTAGGTGATTCCTCTTCTCCTCCCCGTGGCGGTCCCTGAATCGACAACATACGATGAGCCTCTTTCACCTGACGTTCGGTACCAAAGAGAATCAAATGGTCTTTCGGGAAAATTGGTAATTCCGGCGATGGGTCATAATGAGTAACACCACCGCGACTAACCGCCACAATCGTAGCACCGGTTTGCTCACGGAGACGTAATTCACTGATCAATTTACCACAAGGCACAGTATTTGATTCAATCCTGACCGTCTCAACCGAGGCCGGCCATGGGTGCTTGGCTGCTGCATCTCGTAGCGTGGCCTCACGAAGCACAGAATCCGCATCGACGCGATTCTGCTGAAAGCTCTGTAAGAAGAGATACTCCAAACGGCTGTTTAAATTGATGATCGATCTCCAGAATAATACCATCGCTGATCCCACCAACACGATAAAGACAACCAAAGCAAAGCCCGAGGGAAAGAAACGAGACGCTGCTGAAAGGTAAAGGCCCCCAAACAGTACGATCACCAGACAGAGCATCATGGTGTGGAAGAAATTCGCCATCCGACCTGTGATAAACTGCTTATTGCGACCCGACTGAATTGTAGCATCTGTCACCAGATGAATCAAAGCATCGAGGTTACGAATAATAGCGGCGAGAAAGGGCAAACAGGCAGTCCCCGCGACAAGCCAGACGGCCAGCTGAACCCATACCTTATAGCTCTCAATCTTCTTAACCATCTCCAGATGCTCGGCTCCAACATAGGCGAGAATCACGATCCCATTCATTAGCAGGAATTGAAGTGCAACCTGCAATAGTGGTCGTCGCGCCAGACGGAGAAACACGTTTTTACCAACCATCCGACCAACGGAATCGAGGAGCTTTGAGTAAATATCGGCTGCCAGTCGCAGACGCTCCGGTGTCTTATCGGAGATGTAGCGGTAGAGCTTGTCCGGTTTGGCATTCAGGACAGGAATAAAAAGGTAGGTCACAATCGCCAGTCCAACCGTCATACTGGTCAAACCAGCTCCAGTCACCCCTAGCCCCTGCCCCATTGCTGCAATAATAAAACCAAACTCCCCAACACTGGCTTTGGAAATCGCCGCCCTGAAACCTGTTTCCGAACTTTGGCCACCAACAAACAAACCGAGCCAGCAGGCACCGATTTTGATCAAAACGACCATCCCTGCAATGAAGAGCACTGCTATCCAGTTTTCCAAAAGCCAGCTAGGCTCAATCAACATTCCGATGGTGACAAAAAACACCGCACTAAACAAATCACGGAAAGGCTGGCTGACTCGCTCAATTTCTTTCGAAATCCTGCTTTGTGCCAAAATCGCTCCAGCCAGAAAAGCCCCCAATGCGATAGAAAAATTTGAAATGCGCGCCAACTCGCCAATTCCAAGAACAAAGGCAATGGTAGCGATTGTAATTAACTCGGCGCTGCCTGTTTGTTTAAGAAACTTGCTGAAGAACGGCGCGATCAACCGCCCCAGATAATAAACTCCAACCACAAAGATGCCGATGAGGAAAGTGGTCTGGTAAACCGAATCGAGCTTGAACTCGTGCGTTGCCGCGACACCGGTAAGTATGACCAACAGCATCACAGCGATGATATCTTCAAAGATTAAAATCCCAATCGCCATGTGGGCATCCGCCCGTTTCAACCGACCCTTGTCACTCAGGACTTTGATACAGACCAGCGAAGCGCTATTCGTGAGCAAGGCTCCAAGGAAAATCCCCTCCAATGGTGTGTAGCCAACCAGCTGCGCACTAAGTGTCCCCAAGTAGAAGACAAGGGAAGTCTGCAGTATAACGGCAATGAATGCCGGCCAGAAGACTTTTTTAAGCCGAGCCAGATCAAACTCTAACCCAATGCTGAACATGAGGAAAACGACCCCCAGCTGACTCAGCTGCGTGATTGCGGATTTATCGTGGATCGATGGCAAATCCGGCAGTTGCGGACCAATTAGGAGCCCTGCCAGCAGGTAGCCCAGGATCACGGGTAATTTCAGGCGGTAAAACAGTAAAGTTACCACCGCGGCAGTTAACACCACCAAAGTTAAATCGCGTAAGATGGTCCCGGAGTCCAAGAAAAGTAGACTAGGTAAAACGCAGGCCAAGGTTCAAACTATTTCACCTGCATTTAGTTCAGTTTTAACGGAAAAATTGATCCAATCACTAAAGCGATAAAGTCACTGTAGTGCTTTTGCACGCGAGTTTTCATGATACTGAAAGAGCATCCTTCGGATTTTCGCTTCACGGTATTCCCATGACTGCCAACTAGACTTCCTCATCTGTCTTCGTTCCAGAAAGTAGATTTCATCAAGAATCGCTCTTGCTTCATCGACAGATGCATTTTCCAGACCGCTATCTGCAACCTTTATCATCAGAGGAACAACCTCAAGCCCAAGAACTGGTTGAAAATCACGACCGATAAAGTGCTCAGGAGTTTGTTTCCATTGAGCAAAATTGTAGTCTGCAACCAACGCCGGAACATTAACGAGTTGAATCAGATAGAACAAAGCACAGACCGCAAAAGCGTTTCGAAAAAGAAGCCTTTTTACTGAACGGCTTTTGAAGATATGCCAGCCGAGCAATATATAACCAGTGACGACCAATAACAGGAAGATACCAACATATACTCTTTTGGGTGTCAGCCAATGAGCATCGATATAGAGCTTGAGCCGCAAGTAAACTCCCAGAACGAGAAAGAGGTTTTGTATTATCCAAATCAACGCCAGCAGTTTGATCCACTTGGACTTGGAAACATCGCCACCCTGCTGAAAAACAAGTGTCAGGACAATGGCAGACAGCACAACCGCGAGATTAAGACTCCCGACTCCCTCATGAACATATTGCGAAAAACCAATACCGGCAGGCAGGCTTTGACTGAACCACAAATGAGACACATCGAGACTGTTGGTTAACAGGAACAGAATGTTTACCGCCACCAGAGCTATGATAGAACGAATAACTGCGAGAGAACAGTTCTCGGCTGAAACTGGAATTTCCGGGAACTCGCTGAACCAGCGTTTTGACTTAAATTCAATGCGCCCCGGGAGCATCAAAACGAGGGCCAGAATACTCAATAGAATCCAGAAAAGGATATGCATCGGGGAAGGCAGTGTGAGACCGAGGAAGAACTCAAGAAAGGCATCAAACATCCCCTCGAGACGCTCAGCCAACAATGCATTACCCGACTTTAAAATCAGCGCAAACAGAACAACGAGAACCAGCGCCAACCAACTAACACTCCAAACCCGATGAAGTTTCTCATTGATACGTGGCGCATTAGCCGTGCTTTTTTTCAACAAACGGAAAAATTGAGCAATACTTACAGCAAACTTGAACGCCCCAAGCATCCCCTGAATCCATCGTGCCCAGACCGGACTCAGTTGGCCATAAAATGTATGTGCTGACACAACAAGTAGCAGTGCTACCAGCACTAAGCTATTACTGAGGCTGGAACGCAAACCTGTCTGAATGGCTGCAATGATTAGTAATCCCACAAAACACCAATCGAACTTCGAAACCCGATAGTCTGGTCGATTCAAATATACCAAACCGACCAAAACTAAAATATAGAGGCCGAAATTGATTCCGAAAAGATGGCCCCAAAAGAGCCAATCGCCAATCACGACTGCCGCGAGCAGGCCGATTCCTGCTCGCGGCAATGTGGTTGATGGAACAGTGGATAGAGCGGGAGGGAGAGCTGGCGAGGAATCATTCATGCGGGAGACAAGTTTGCAAAGTAGAGTAACTTTGCATTACAGAGTTTAATATGTCACAGAAGAGTTGGACAGATAAACAGAGTTCGAGTTCCGAAACAAATCGCGCAATTTTGTTTCGTGATATTTCTTTAAACAACCAGGTTCTACATC
NZ_CP136920.1_gap12	509755	510389	634	AATTCCGCCTCGAGCCAAATTTTAATGCGATAAGTTTTAGCATAGACCGCAGATTCTGGTTTAACGACGGAGAATTGAGCAGTCGTATTGTCAGAAGTATCCATCCCAAGCTTCGATGTCTCCAGATAGTTGCCGTCCAGGTCAAACCAGTTCGCCTGCACAATGACATTACCCGAACGCAACTGATACTCCATCTTTAATGCCGTGCCGGGTTCGTAGGTAAAACTCTCCTTCGGAGACAGCCAGGTATTATTGGAGAGTGCCTTTACCACTAACCCTTCTGTTGAACCCGAAAGCTTTGCTTTCTCATCCCACTCCCAACCGCTCAAATCAGTGGACACATTGACGTTCTTGCCGTGGGACAAACCCGACGCACTCAGTATCGCGGTGCACAGCAGGCACCTGAAAAAAATAGAATTGAGCATAAATTTAGTTTTTCCATTTCCAGGGATCACGAGGATCTCCGCCATAATCCGTATCCGCACGGTATTGCTTCATCTCCTCACTGCTCCTAAAGGCAACACTGCCATCGGCTTTGCCGTAGAAAGCACCCTGATCATCATAAAAGTCACGAGTGGAAGCATCCAGCCCTTCGTGTTCGGCAATTCCGACAACAGCTCCCGAACCGTCATTA
NZ_CP136920.1_gap13	612900	617151	4251	AGTGCAAGCAGCTGGTCAAGCCGCATATTACGAAATGCGACACTCAAAGTGTTTCGGGTAAAGAGCTTTCCGGATTTCGTCTTTGGTGTAGAGAGCGTATGGTTGAGTTTATTCTCACGAGCCAATGAATCAATAAAGGCAACCAGCTCACCAGCATCGTAGGCTTCAGCGGAGTTCATACCCGCCAGGACCTGATCACGTTTCGCTTCAAATTGAGGAAGACTCTTAAGCCAAACTCGCTGCAGAGAAAGCTCTTTCTTTGCTCCGTTTAGATCCTTGTGAACCCGATCCCAGCGATTGAGCAATCCACTAGCCCAAATCATAAGACAAACGGTTATAAACGCAGCCAGCATAATGCGTTCGCGAAGTGACATTGCAGTTAGGAGGCGCTTCATGTTCCAGCCACCTCCGTTGCGGGCTCTGCTTCCTCAGGCTGCGGTGTAGGTTCGGCATTGATATCTCCAATAACTAACTCGATCCGAAAAGTGGCCCCATTCTTTCCGGTTTTGACTTCGACGAGTTTGACTTCAGAAAAGCGATTCGAGTTTTCTAGCGCAGTCACATAATCATTGACTGTCTTTACGTTATCGCCTTCGCCATTGAGATTCATTTGGTCTCCCGAGCCCATGTAAGCACTGGTCAAGGCAATCTCTTCGGGGCGAAATTCATTGACGGCCATCATCCAGTCAAACGGCAGGAGCTGCTTCTGAAGCGTCGCCTCAACCGCCTTTGTCATGATCTCCATTTCCTTGAGCTGCTCAACTGCAGTTTCCTGCGCTTCAGCCTGGCTCAAAGCTTCTTCTGCCTGTGAGGCACGCGAACCAAGAATCATTTCAAAAATTCCCATGATAGCAATTGCAGCGGCAAAAACACCACCTGCGATCACAAGACTCCGCCCATCACGACGGCTGCTCAGCTCTGCACTGAGAAATTCAGGGTCACGCAAATCGGCACCGATCAAAATACTTTCGGGCGACAGTTCGGTTTTCCGCCAAGCCTTCCAGCCTCCGTTCGCAGTGGTCTTTTGTTCCAATGAAAACGGCACCTTTTTGCGGGTCGGTTTACCGGCTAATTCAGCCCGGACAATGCCATCGAGAACTGTGTCCTCGGAATCTGGGTTTATACTTTTGAGTAGTTCGGCACGAACCGCTGCCAAGCCGGACCAGTCATCCAAATCAGAATGATGATAACGAGAAATAATACGGTTGGGTATTGACTCATTTGCCGAGAAATAAACCGCACTCAAAGACTCACTATCGAGAAAGAAAAGCCAGGTGGCGCCACCAAAGCTCAAACCATGCAACGCGGCGAATGACGGCAGAATCGAACCTCCACTCTTTGGCTCATCATCGCCCAGGACAAGATTCCGCGCACTTGCATAGGCCAGAGCCTTCGTGATTTTCCTGCCTTTACGCGCGGTTACAAACCCCCAGGCAATATGCTCCAATGGCAAAGGAGATTCCTCTTCGACCATACCGCTTACGAAGCCAGCCAGATCACGCGATTTCATTCCCTCCGGAATATCAATCGACTGACAGACAAAACGGGCAGCCGTAACCAATTCAACCGATGCTGCGGTTGGGGCAGTTGCCGAAGTCTGGTTCTGAGTCAAGGTGGGCACGCAATTACGGGATTAAAGCAGAGGGTTATTCTCCACAAGTTCAACGATAGCGAAAGGGTAAACTCCGCCTCGATGGGCTGTTTCTAGATCTAGCAAGGTTGACAGTAAAAAGCGGCTATTTCCAGCAGAAGTCGTAATTTTGACGCGAACGAACCGGAGTTGCTGATTCAGGTCCAAGGGCTCACCTTCTCCAGTGGTGGGCAGATTATCCGCTTCCAGATCCGGCCTGAAGACTCGGTCATCAGCCGTCCCGGCAACCATGTCAGCCCCATACAGGTAATCCTTGATTTCATCAGGAGGGAGGTCGATCTCCTCTTCCAGCACCGCCAGACTTAACTCGTTGGCTGCGTTGAGGTTAATGCCTCCTTCGCCGTGCAGAGTAACCGCTTTTTCAAAGGCAAAATAGTGCTCATTGGGACGTCCGGTTTCGTCAAAAAAGAGGTTTTCAAATCCATGAACAAGCCGCAGTTCCCGCAGGCTCTCCAAAGGGCGGTTGGCTGGACGAAAAGGTGGCTCCTTCTGTTGATAATACTCTGCTTCGGCACCGTTGATGCGCGGATCATTGTCTGGATCAATCCAATCGAGAAAGGACTGAGCAAGGATTTCTGCCTCTGTCATTTCAAATTCCATCGCCTCAAAAAGCAGCTTGAGCCGCTCTTCTCTGGCTTTGTTGATCGCGATTCGGCCGGATTCATCCTCGATGACAACGTCAATTTCAATCCCGGAAGGCAAACCCAGCTCAGCCATTTCCTCACTCAAAGTGACGTTGAGCTTCTTCTCCGAATCGGCCAGGCTTTGAAATGCTTCGGCTTCTGGCGAAGACTCCGGAGTGGCAAGCCCAAGATACTCAAGCGGACGATCCCATCCCTGAACCTTGCTGTAGAGTCCACCATCCAATTCCTTAATCTCTGCCAGGACCGCAATGGTGAGTTCCAATGTCTGATAAGCAGCTGGTCGGAGTTCGGAGGCTTCTTCGCGGAGTCCACGGAGCTGCATCTCTCCCTGAACGCGCCCGATAATCTCAGTGGTCAACCAGGCCATCAATACCAGCATGCCCAAAACAACCACCAGGACGACACCGCGACGTGGTCGTCTGGCATGTGCATTGAAAGCGATGTTAGTAAACAAGGACATTACGATCTGATGAATCTATGGTGATATGGCGAACGAAAGTGCGTTCATCCTTTGCAAAAATAATTTGGAGCGAACCCGGACGCTCACCCTCATGTTCGGAACGCGAATCGCCCATCGATTCGTATTCCCAAGTGTTGGCTTCTTCATCAAGAAAACCGAGACGGACATCCTGAACCCAAGGCGAGAGCAAAGCTCGCCGGACTTTCTTTTGATTCCGGTTTGCCCGTGGATCGGGACGCCAGATAAGCCAAAGCTGCTCGTTTTCCATGTCAAAATTCAACCAGGACTGGATTGCGGGCTGTGGCCTGATATCCGTGACAAAAAACGGGTGCTCCCTGTCAGTGACAAAATGGAATGACTCCCTTTCTTCATCAGGAGCCTTACTCCATCCTGCCGGGTGAATCGGATCTCCGGAAACATTCTGGGTTGTCATGAAAAGATAATCCATAAAGCCCGACACACCATCGGCATGATGCTCCAGCTGCGGATGAGTCTCCATCGAACTCCATGTTTGCGCCATCGAAAAGATCATCGCCGAAGCAGCCACAATGATCAGGCCGGAGAGTGCCACCGCGACCAGCAATTCAATGAACGTAAGCCCACGCCTGATCATTCTTCGAGCTCCTTCCTGACTTCGCCTCGTTCAACCCGCTTTTCCTCAAGCAAAAGCTGTTTCGCCTCGCTCAGCTTTTCCCGATCTTCTGCTTCAGTCCAGTTCGGCCGATAAAGAAAAAGTCGCATTTCACGATTGGTGGCCAAGCCGCCACCCTGAAACTCCAGTTCGAGATCAACCGCGAAAAGATCGAGAGTCGAAGTTGGAAACACCTCAGCAGTCCAGCGAACCGTCATTGGGTCGCCCCCTTCATCTGTGGGAAGTTCAATTTCGCCGCCTTCCTTTAGCTCCTCCAGATTTTCTATCACCATAATGCGATGACGCATCCTGGTGAGATCATGATCAAGCGGAGTTGAACCACTCAAACGCTCCAAGGCCTGCAGATTATTAACAATAGCCTGCCCCATGGTCACCGCAATCAAGCTAAACAAGACCAACGCAACGATCAGCTCTGCGAGGGTGAAACCCCGCTTCCTCTGCCGACCTCGTATCATAACTCCTGCTCTTCCTCCCAAACGGCATTTGAAAACGGATCAAAAATGAGAGAAACACGGCTATCGGTCGTTTCCAATTCTACCCGAAACGGCGCCGATGCCCCACTCGAATGAAAATCGATTGAGGCAACGGAATCTTCCTCTGGCTCAAACGCCGGCTCCTCACCTTTTAACTCCTCAGGCAGAATCCGATAAAAGGTTAATGAGCGAACTGTATCCGGCTGAAAACTGTGCTGCCCCACAAGAAGGCCGTCAACATCCTCAACCAGAAGACTTTGCAGCTCCTCATCAAAGAGCAAACGCGTCTGCCGCTTCTCGATCCGGCTCGTGTCATGCGCCACGCTGATTGCCTCCGCCAACACTGCCTTCGCGGGGCGAACCTTCCACTT
NZ_CP136920.1_gap14	732225	733455	1230	CGCAAAGCCTGACAAAGATTCGGGCTGGGGATTCGGTTTCTTCTCGGCCCGTTCGACGAACAGAAACGCTGGAACAATGAGACGCGGTCCACCACCTCCGAGCGATGTCGCCCTGACCTCGGTCGATCTCTCAACAGAGGTTAAGCAAGAAGTGGCCACGAGTATTCTTCACATCGAAATGACAGCCGGCGATCACTGGCAAAGTGAATTCGTCACGCACATCAATATCCCGGAAGGAGTTTATGTCACAAACTTCTGGCTCCACATTGGTAACGAAAGAGTTCCTGGAAAACTCTTTGAAAAGAAGTCTGCGCTTTGGGTTTATCAAATGATTCGTGATTCACGACGTGATCCGGGCCTGCTCTTTTATACCAAGCCGGATGAGTTGGAGTTGCGGGTTTTTCCATTTGCTAAAAACCAAACACGTATCATCGAAATCGAATTCACATACCCGAGTAACTATGCCCGTTCACTTTTCGTAGGCAAAGAAGAAGTGCGTCTGGGCGGAGTGGATCGCGTAGCCATGGTAACGTCCATAGGTGACTCAATCATTGCCTCTCTCAATCGTCCCGCCCTGGACGAATTACCCCTCATCCAGCGCAAGCCTTACTGGCATTTCATTGTGGACCGATCGATACATGGTCCTGATGCCGAACAGTTGTCAGCCGCCATCGAACAGTTACGCAACGCTTATCCCGAAGTCGCTGACGCACGCGCAACACTGGCGAATTACCAATCGATAGAAGTTAATAAAAACCGTGGGCCTGAATCCCTCGACACCATCGAAGCATTACTGACTAACGAACAACTGGGAACACTCCTGCCACAAGACGGAGGCTTTCTCCCAAGCCGGACTATCATGGAATCGTTCGCTGACTATGAGAAGACGGACTTGCGCAAAGGCGAAAACTTTGAACGTTTCCCAATATTTGTATTGCTAACCAATACGGAAAGCCAACCCATCATCGAGGACCTGGAACCATTTGCCAGCTTCACACCGGAAGCCCAAGGTGTGCTGATTTCCAAGGGAGCGAATTTAACCGTAGTGGACTGGAACGGTGAACCAATCAATCTGCCTGAGCCGGGTGTCATTCCGCCCGTTGGTATGCTCAGCGCCGGAGAAGTGGTTCGCCCCACGCTTTATGGAATCTGGACAGCGACCTTTGACTTCGAAGGCGGGCCAGGACCGTTGACTTTCCTGGAAACCGAAGGCCACACATTTGTGCCAAT
NZ_CP136920.1_gap15	768930	770758	1828	GCAGTTTCATCCAAAGAGAAGCTGAAATCAAACGCCTCAAAAGCAGCATTGCCGAGAAAAACGAGATCCTGACTCAGCTCAATGAGCAGGCGATGGGCCTCCAAAGCGAGATTGAACAAGCTGGTCTGGCCGTCGAAGAGAAACGTCAGCGACTCGTTGAGATCGGACAGGAACTTTCCAGTCTCAAGAGTGAGCACCGCACAGCCGAACAGGCTTTGCGTGATAACCTCGCTGCCAGCGAAAGACAACAGCGCCAACTCGACGATCTTGAACAAACACGAGTAGATTTGGAGTCTCGACTCGAAAAGGCCAAAGAAGCCCTGAGTGCAGCCGAGAAGGCTGTGGAAGACAGCAAGGCGACTGTTGTTGCCACTGAAGAGAGCATTAAAGCATTGCGCGAAGAGGTGGACTCCCATCGGGATGGCCTCGCAGAAGTCAGATTGGATCTGGCTGAGAAACGTCAGCGACTTGAGCTGCTTGATCGTGGCTTGAATGAAACTGAAATTCAGCGACGCGAGCTGGAAGAACGGGCCTTACGCCGCAGCCAGGAAGCCGACACCCTGACAGAACAAATTGGTGGCCTCGAAACGGAAGCCCAGCAATGCCGCGAGCGCGCGGCCGAAATCGAAATCACCCTCGAGACAACGACCGAAAATCTCAAGCAAACCAAAGAAACCCTGACCGCGATCGAACAGCAGATTTCCACCAAAGAGGAATCCCTCGACGGCGTCCGTAAGATTCAGCGGGATCAGGAAAACGAACTTTCATCCAAGGAGATCAAGCTCGCCGAAGAGCGTTCACAGACCAACTTCATCATGGAGAAGGTCAGGACCGAATACGAGCGTGAGGTAACAGACATCGAATGGCAGATGGAGCTCTGGCATGCCGATGAGGAATTTGAAACCAAGATTCGCCTCGACGATCTTGATGAAGAGGATGACGTCACACCACGAGCCAAGAAAGAGCGCGGCGACCCAACAGAAGAAGACCTGGCTGAGATGAATCAGACTGATTGGGATCTGATCGAAAAGGAGATTAAAAATCTGCGGGATCGCATCGGCAGCCTTGGAGCGGTCAATCTGGTTGCGATCGAAGAGTATGCTGAACTGAAGGAACGCTTTGACTTTCTCACCAGCCAAAGCGAAGACCTCTGGAAGTCAAAAGAAGAACTGCTACAGGCCATTGACGAAATCAATACGACCTCGAAAACGATGTTCCAGGACACCTTTGAGCAAATCCGCAAGAACTTCATCTTCACCTTCGAAAAGCTCTTTGCTGGTGGCACCGCTGATCTCAAACTGATCGAAGCCGAAGATGTCCTCGACAGCGGGATCGAAATCATTGCACGACCTCCGGGAACAAAGCTTCAAACTCTCTCCCTTCTCTCCGGTGGTCAGCGCACCATGACAGCGGTTGGTCTACTCTTCGCCATCTATATGGTCAAGCCGAGTCCGTTTGCTGTTCTGGACGAACTGGATGCTCCTTTGGACGACGCCAACATCGGTCGCTTTACCGACATGGTAACTCAATTTGTGAAGTACTCCCAATTCCTGATCATCACCCACAACAAGCGAACCGTTGCTGCCGCCGATACCATTTACGGTGTGACCATGCAGGAACGTGGTGTGACCAAGCTGGTATCAATGCGTTTTGACAAGGATAAGGGTGATACTGAAGAACTGGAAGAAGACGGAGCGGGTATCTAGAGCTCAGGCAGAAGGTGCCATTTGCATTCAAAGGACGCGATTACTCCGTTTTAGAAAACTCAGAGCGCACAAAAAAGCTCCAACGAATCCGCTGGAGCTAATGACTGAAAAGTAACTTAAGA
NZ_CP136920.1_gap16	889724	892557	2833	CTCTGAAGGAAGACGGGAGCGTTTGCTTCGTTCACCACAGCGCAGTGGCATCATATTTACCGATCCTGATCAGGGAACCGGTGAAGCCACTGCCGCTTACTACAGAGATCTTGCCTGCGAAGTCCGTGATATCCTGAAAGTTTGTGGTTTCCTGTTAGAGCCCAATGAGCGCCGAGCAGATAACCCGCGATGGTGTCGTCCCCTGTCCACTTGGAAAGGCTATTATACGGCTTGGATTAAAGACCCAATTGAGAATGAAATTTTACGGCAAACACCGTTCTTCGACTTGCGTATTATTGCAGGTGAGAAATCTCTGGGCGATGAACTCATCGAACACATTCAAAGCGAGTTGGGCAAACATCCCAATTTCATCCCACTACTCGCCAATGATGCGATGGAAAACCTGCCGCCCGTAACCATCTTTCGAGACTCGGTCATGGACAAAAGCGGCATGCTATGGAGCAGTATTGATACAAAAGCCCATGCACTCTACCCAATGGTTGATCTGGCTCGCGTCATGGCACTGCAGTTTGGTCTTTCTGATACAACCTCTACGATTGAGCGCTTCCAAAAACTAAAAGAACTCGTTCCGGAAGAAGCAAAGCTCTTTGGAGAAGCGGCCGAAGCCTTCCAATTTGCCCTCTTAATTCAAACCCGGTTTGGTCTGAGTCGTGGAGATGAAGGACAGTTTATCCGACCAGGCGAACTCAACCTGATCCAAAAAGAGCAAATCAAAACGCTCTTCAGGACCGTCGCCCGACTTTTGGAATTTGCTGCTGAACGTTTTGGCTTGGTGCCAATTTCAGAAGAGAAATAGAGTGACAGCCTAAATAAAGTTGAGCGGAACAAACCTATACTCAATTTTATGCCAAGGACTGACTCTTAAACATCACCATGAGCCTGCTGGGAAAAGACGACGAAATTCAAATTTACCGCGAATCCTTTGACGAAACCTGGGCAGACGGGACTCCCATCAACCAAGTCCGCTACATCGTCTTGGATACTGAGACGACAGGGCTCGATCCACGCAAGGATTCAATTGTAACGATCGGTGCCGTCGCAGTCGAAGATGGTTCCATCTGCCTTGATGACCAGTTTGAAGCTTTGTTGCGAATCAGCCACAATACCTCATCCGTTGTTGTACACGGCATCACTCGCGATGATGCAAACGAGGAAGGCATGGATGAAGTGCTGGCTCTTCGTCTGCTTCTGGGCTATCTCAGGGATGGTGTTATTGTCGGACACCACATTGGATTTGATGTCGATATTATCAGCGAACACTGCCAACGGCGGTTCGGCCTATCACTTGAAAATCGGTGGATTGATACGATGGAGCTAACGCTTCACCTGGAAGATGCAGGCGCATTTGGACCGCCTCCGGATAATGGCGGACGGGGCCATGATTTCTCACTCGATGGCCTCTGTCGCCGTTTTGATATTCAACCTCACGACCGTCATACCGCGGCGGGAGATGCCTTCATCACAGCTCAGATTTTCATGAAGCTACTTCGTCAAGCCAAACAGTATGGACGCCGAACCCTCGGGTCTCTCTGCGAACGTTACGAAGACCCATCGGCCACTCCCCAGGCATGAGCCTGTTGGAAGAAATTCCCTCCCGAGGTTGCGCTTGTCTTCACCACGCCCGCAACTACCATCAGTGGCACTCAAATGGATGATTCGGACTACCTAATCGAGGAAGAAAACAGTAGGCAACCCAGCGCAATCTGGAGACTACCGGAAAATCCTGCTCTGCGATGGTTGACCATTGTTGCCCAAATCATAGGAGTTGCGGCTTTTTATGTGATACTAGCGGAAATCGGTTCGTGGATGACCGATTTGGATGAAACAAGTGGCGCCTTTTTACTATGGCCAGCCTCAGGGCTGGCACTGGCCGTCCTGATGCGAGGCGGCTACCGTTTCCTAATCTCAATTTTCTTCGGTGCCTTACTTTGGAGTCGATTTGTTGGAGCCTTTGACCTGGCTTCTGCTTCGGCCTTTGCTTCAACCTGCACTGTCGGACCACTCGCTGGAGCTATCATTCTTCGGCGAATGCTGAAAAAGCGTTACGCCCTCGAAAACATCAGAGACATTTTTCTTTTCCTCTTTTTTGGCCCATTCTTTTCTGCTCTGATTTCCGCAACAGTAGGCTCCATCCTACTAACGATAATTCAGTCCCTGCCGTGGTCTTCTTTTCGATTCCTTTGGGGACAATGGTGGTTCAGCAGCGGCATGGGCATCCTTCTGTTGGCACCTTTTTTCCTCGTCTGGTCTTCTCAAACAAAGATAAACTGGAGCAACCGCCAAGCCATTGAAGTCGCCGCATGGCTGATCGCCTTGATGTTCCTGAGTCTGGTTATTTTCAGTAGCTGGGTGCCAACTGACACACTGGGCTATCCACTGGAATTGGCGATTTTTCCGATCATGGCCTGGGGAGCAATCCGCTTTGGCCAAAGAGGGGCAACAACAGGCGTGATCATCATGACCATCATGGCCGTCTGGCCTTTGGTTCAGGTCGTTAATGAAACACGGGACATTACTCAAGATCCCTTCCTGCTCTGGCTCTTCGTCGGTGTTGCGACCGGTACATCCTATTTTCTGGCTTCGATCATCACAGAACTGAGACGTCGCGAAGAACGAACCGCGCTTAATGAAGCACGGTTGCGTGCCTTCATCGATGCGTTACCAGATATCGCATTCGTGGTGTCCAAACGCGGACGTTACCTCGAAGTATTCGCCCCTAAAAAGGGGGATATTTACAAAGATGCTGATGGCATGCGCGGTAAGAACATCAATCAGTGTTGGCCCCAAGCCATCGCCACCCGCTTTCAAGAAG
NZ_CP136920.1_gap17	899740	901469	1729	GACATCAAAGTTAGCTGACTGCAAAAGACGTAGAACGATGTTCTCGACATCTTCACCAACATAACCGGCTTCTGTCAAAGTCGTCGCATCGGCAATGGCAAAGGGAACCTCCAGCATCTCGGCCAGTGTTTTAGCCAAGTAAGTCTTACCGCTTCCTGTCGGGCCAATCAGCAGCACGTTACTTTTCTCGATTGAGACATCGCCAAATTCAGTAGAGAGATTCTCATCACCAAGAACTCCCTCTTCCATTATCAGGCGCTTGTAGTGATTATAAACTGCGACCGAGAGCACTTTTTTAGCGTGTTCCTGGCCGATAATATAATCATCGAGATTCTTCTTAACATCAGCTGGCTTGATCAGCTTGAAATACTGCTCGGACTCGGCTGCCTCAGCATTTTCCTGGGTGTTTTCCTTTAACTCACGATCAATGATTGTCTTACAGACATTGACACAGGAGTCGCAGATATAAACACCAGCAGGTCCCGCAATCATCTTGCGGACTTCACTCTGCGATTTGCCGCAGAACGAACAAAATGTCATTTTGGTGGATTTAGCCATTTGAGTCGAAGTCGGGTATGAGCAATAAAGAGGTAAATTTATTCCTTCGGTTTGTTATCAATCACACGATCAACAATCCCGTACTCGCATGCTTCTGCTGCTGTCATGTAATAATCACGGTCAGAATCTTTGTTGATTTTATCAACATCCTGTTCCGTGTGCTTGGCAAGCACCTCATTGAGTGTCTCGCGCCAGCGGAGGATTTCTTTTGCTGCGATGGATATATCTGAAGTCTGACCTGTCGCCCCACCCGTAGGCTGGTGAATCATAACGCGGCTGTTCGGCAAGGCGTAACGTTTACCCTTAGTCCCGGCAGCCAGAAGCACAGTGCCCATACTGGCCGCCATACCGACACAATAGGTGACAACTTCGCAATGCAGGAAGTTAATCGTGTCGTAGATGGCCATACCTGAAGTGACACTTCCTCCTGGTGAATTAATATACAAATGTATATCTTTCTTCGGGTCTTCCATCTGAAGGAAAAGCAACTGTGCAACCACAGCATTGGCCACATAGTCATCAATCGGAGTGCCAATAAAGACAATGCGGTCCTTCAGAAGGCGGCTGTAGATGTCCCATGCACGCTCACCACGTCCATCACGCTCATAAACATATGGAAGTGGCATATAGCTGCTAGTGGGAATCGTATTGGAATTGTTGGTCATTTCGGGAAGGGCTTAATCGGATGATTAGACAATAAATTTAGTGATGGCTATGTTTTTAAGTATATCACCTGATTAGTGGTCATGGTCACAATTCTCATCGTGCTCATGGCCCTCTTCAGGCGCAGCCTCAGTAACAGTAGCCTGAGATACGAGAAAATCAAGTGCCTTGTTATGAAGGCAGTTCTGCTGGAGTCGTGATAAGCGTCCACGATCCTCACGGAGCTGTTTGACTAAATCTTCGGGCTTCACACGTGTCTGCATCGCCTCCTGCATGATTGCCTGCTGAATATCCTGGTCTTCGACCTTGATTTCTTCTTTTTCAGCAATTGCAGAGAGCAGTAGTTGCGCCTTAACACGATCGCGTGCTGCCTTCGAAGCTCCTTCAAAAAGCTTGTCCTTTTGCTCTTCGAGCTGCTCTTCAGTAACCCCCTGCTGCATATTGCGGGCGATAAAGTCGCTCAAAACGCCATTGGTTTCACCCTCAACAACACTTTCAGGGAGTGGAA
NZ_CP136920.1_gap18	905329	908177	2848	GAAAGTATGGTGGAACCGGGCTCGGACTCGCGATCTCACATCGATTAGCGACCTTGATGGAAGGCAAACTAGGTTGTGAAAGTGAGAATGAGGTCGGATCATCATTCTGGCTAACCCTGCCATTGAGTGTCACCAAGGCACCCGACTCAATCACTCCGCAACGCCCATTGCCCAAAGGACTGCGCGCACTGGTTGTGGACGATCACGATATCGCATCCGAAACACTTTGCCGGCAAATCACTAACTTCGGGCCCTATGCCGCTCCAGCAAGTGATACCTTTTCGGCAATGCGGTTTCTCAAGGAAGCAATTGATGCGAACGACCCATTCCACTATTTGTTTATCGACTCGCATCTGCCCGAGAACACAACTGAAGAGTTGTGTCGGCAAATCCATGAGGATGAATCCTTCTCAGATACAACTATTATTTTGCTCAGCCCAGTCGGGAAAGCCCCTGACTTTAACCAGCCGAACTCTGAACGAACCAGCAAAGTTCTACTGAAGCCTGTGGGCCCAAATGGATTGGAAGAAATGCTCCACCGGGCCAAACCCCAGGTGAATGCAACCACCAAAGCTGAAGAGGCAAACGAAGAACCCCAAAGGATCGCAGAGCAAAAACCATTACGCATTTTACTCGCGGAGGACAACGGCACCAACCGGGAAGTCGCAATCACGATCTTAGAACGCTTAGGCCACAAAATCCACATGGCGGAAAACGGTATGCAGGCTCTCGATATCCTGCGGAGCGAAAAGATCGACTGCATCTTGATGGATTGCCAAATGCCAGTCATGGACGGCTATGAAACAACTCGGGCCATTCGAGAAGGTTTTCACGGTGTGAGTCAGAATTCCGTCACAATTATTGCCATGACAGCACATGCCATGCAAGGTGATCGCCAACGTTGCCTTCAAGCAGGAATGGACGATTACATCAGCAAGCCTGTCACAATTGAGCGACTGGCGGAAATACTCCATGGAGTCAGTATACGAACGAGCAACATTGCGCAATAAACTCCCTTGAATCAGGTTATCGCTTTTAGCAAAAGACAGCTACTTCGCGGCTCGATAAAGCGTGTCCACACAATTTCGAACAAACTGTTCGTCAGTCAGGCCAAACACAGCAGATGGTGGCATCTTAACTCGCGTTTTTAGGTAATCTGCTATCTCTCGAAACAGCCGAGTTCTTTCCAGTGGGTCAAATTCATTGCGCCTTCTCAAGGCTTGAAGCGCAATCTCGGCCTCACCCGGATCGATCGATTGTCGCAGTGTCGCCTCCGCATTCGGATGATCTCGAAAGGAGTTATACTTATCACCAAGAATCTGTTGCAATGCCGGAGCCCGCACATCCACGTGTCGAATCACCACAGTGCCACCAGCAAGATCGCCAAGTCGCTGCGAACGCCGCGTAAGTAAACAAACGACACCCCCAACAAAGTAAAAAACCGGCAAACTGTCTACAAAGCGAAGCAGGTTACGAATAATCAATTGGTTTCCACGCAAGCGCAAACCCTGCTCATCCATAACACGCAATTTCATTACACGCTTCCCCAGAGTCTGACCACGCCACTTCCACTCCATAAAGATGAAATATCCAATAGACATCACAAAATATGTAAGTGCATAAAATGCAGCCGCAACATCAGCACTGACCAGACTCATCAAAGTAAAAGCAATTCCAAGGACAGACATAATTGCTGTAATAGTGGCTAGATCTAAAACCAATGCGACAAGCCGGGTAACGGGACTCGCCAGAGGTAAGGAAAAGCGCACTCCCTCCTGGGTTTGAATAATCAATTGATTCTGCCTTTGCCCGATCATGTACTGGATACTTTGCGTCCTCCAAAAACGATAAAGGCAATGAGGGCTGTTAATTGAGCGAGTCCAAAAACGATTTTCACACTATAAGGAATAATCGGTTCATGGTACTGAGATAAGAAGGCTTCAACAAGCCCAGCCCATACCAAAAGGATGGCAACGCCTGCAATCAAAGTAATCAAGTCGCTCCGGACATCCTTTAATCGAGACCTCATAGGCTTGCGACCATCCTTGAAAAGCAGTGCCTTGCCAAGGACGAGCCCAGCCTGCCCGGCCAGCAATATCGAAGGGATTTCTACAGAACCATGTGGCAACAGCCAGCCAAGCAAAAATATCCACTCACCGGCCAAAAGATAATCCATTACAACAGCGCCAATGATGACTCCATTATAAAACAGTATGACAATCGTACCGACTCCAAAAGTCATGCCCAATGCCATTGCAAAGATCGATACTTTGATATTATTTGTCATCAAATAAGCTGAGAAGTAAGTCTTCCCGCCTTCAAGATCCTTACCCAGACTTGCTTCCTCGTCTGCCACTCGCTCGCTGGGGTCACCCAGTAAATGCGAGAATGGCATGATAACGTCCTTCGAGTCCGGATCCAGCATAACAGCCAAACCACCAAAAAGAGAACCTGCAAAAAAAACCGCCATCACAAAATAAAGGGATGATATATGACGTCTTATTACTAACGGAAATGTTTGCATGAACCACAATCTGAACATACGAACGGCCGGGCGACCTTCATTATCATGCATCTCACCATAACCACGTGCAACAAGTCCCTCGAGTCTCTTGATAGTGGCAGGATCCGATGCATAAGACTCTAATTTAGCCAGATCAGATGCTGCTTGTTGATGCAAACGGTAAAACGATTGTGCTTCTTCGATCGACAGGCGTTTATTCGGCGCATTCTCCATGCGGGTCAGCAACTTCTCATATTGCTCCCAGGCATCAGATCGCTCTCGCACAAATTTGTCTATATCAAGTATCATTATGCTACAGAGCTTGGCGTGCCTTAACGGCAAGGT
NZ_CP136920.1_gap19	917433	921945	4512	CCGCGAAAGACTCACAGACGCTCAGGCGTGCGCTTACCGTCATGGTCTTCATGCCACTCCTTACAACGATACTGATGGTAAGCATTGGTGTCCTCGCCAACATTCCTTTTCCCGGATTGAGTAAAGCCGAAAGCGAAGGCGCCACCGTAATCATGCTGCAAAATGTTGCCGATGTTTTCCCCTCACTGACCTGGATTATTATTCTTTTTGTCGGAGCCGTCCTGGCCGCCATCATGTCGACCGCGGACTCAGCCATGCTCTCTATCGCATCATCCGTGACTCGTGACCTGATTCAACCCTTCAAAGAACAAATCACCGAAGCCAGCCTGACTCTGTTTGGCAAAGGGTTCTCATGGATCGTGATGACTGTCGCGACCATACTCGCCATCATACTTCCACAGAGCATCTGGGCCCTGGCCGAGATCAAACTGGAGCTCCTCGTCCAATGCGCCCCCGCGCTGTTGCTAGGCATCAATTCAGATCGCCTCGAGGCAAAGTCAGTCCTTGCCGGCTTCATTGCTGGAATGACTGTCACCCTCTTCTTTCTGCTCGGTGCTTTCTTTCATGAAGTTATCCCCAAACGGCCTTACGGTGTTCATGCAGGGATCTGGGGTCTTATTTTAAATCTCATTGTGATTACTTTTGCGCATCACTTTTCCAAACGACAAGCAGCTCAAGCCTGAGCTGTCAGCCCCATCCGCTCCATCCGAAAATTCGCAGGAGTGTTGCTGGTAAAGCGCTTGAAAGTCGTACAAAAAGCAGTCGCATTGGCAAAGCCACATTCCTCTGCGATTTGTTTAATCGGATCATTGGTTGAAGCCAGCCGAACCTTGGCCGCCCGTAGTCGCCGTGCAATTATAGCCTGATGTGGGGTCTCGCCAAATTGTTCCCGGAAACGTGTATGCAGATGCGGCACCGACCAGCCGGAGGCATCAGCAAGCATTTCAATGCTTAACGATTTATGATAGCCTTGATCAATCAACTCGGTCACTCGTTGAAGCGGGACTGGCAAGCGCTTGTTCTGCATGGTCCAGGCATAATATCGGGCACGAAAATGCAACTCAGCAAAGAGCGATTCGCAAAGTGTTTCGGATTCAAAGTCATCTGCGTAAGCCAGGACGATTGAACGCTCCGTAAACTGTCGGACTTCATCAATATCTGCCCATCGGCTGATTCTTGGAATGTTACGATCCAATACTCCATCGTAACGGAATGCCACCGAGAGACAGCGATACGGATCATCATAGTCACTACGCCCGATGGTTGCTTCCCCGGGAATATTCCATAGCAAATGTCCCGGCAAAACTTCCACCCACTCCCCTTCATGCTCCAACCAACCCCGCCCACCGGTCATTAACTCCACCGTGGCACTCTGCGGCGAAATCGGCCTGGGATTTGGATCAATGCCATGAGGATTATGATAATGAGACACGCTAAAAAGCGAAAGATTGGTCACAGATGTTCTCATCGGGTAAAATTTTGAATGCCTAGAAAACAGATAACAATCATAGTTTTTGAATATCTATTGCTCTGGATATCAATAAAATAAGCTGTATGATCGTCGTTTTTCCAACAATTAAAACATTGCGAGAACATCCCATGGACAAAATTCGTTACGGCCTCATCGGCGCTGGGCAGATTGCCTACTCCGCCTCCAAACAAATCAACGATTGCCCGGCTTCCGAAGCTTACGGAGCCACTGACTTCAATGCCGAGCGTCTGCAAAAGCTCTGCACAGAGCGTGAAATCCCCAATAGTTACGAGACAACGGAAGCACTTCTGGCCGATAAAAATATCGACGCTGTCTACATTGCCGTCCCCAACAAATTTCACGCCAGTCTGGCGATTCAAGCCCTTGAAGCAGGCAAGCATGTGATTTTGGAAAAACCATTTGCCATGAATGCAGCCGAGGCACAGGAAGTTGCAACAGCAGCTGAAAAGTCTGGTAAACTCTTCACCCTTGGGATGAACCAGCGTTTCACCGAGAAACATCAGAAGATCGTCGCCCTTGCCCGTGAAGGAATTTTTGGCGAGATCTATCATGCCAAAGCATTCTGGAACCGACGCGCGGGTATCCCATCGATTGGAACCTGGTTCGGAAAAAAAGAACTCGCAGGAGGAGGCTGCCTCAATGACATCGGCGTTCACTTTCTCGACCTTTGCCTTTACGCTCTGAACCGCTTTGATGCCGTATCGGTTTACGGGGCGACCTACACCAAGTTTGGTAACCGCGGCCTGGGAGACGGTAATTGGGGTATCTCGGACAAAACCGAAACGGTTTTCGACGTCGAGGATTTCGCTTCCGCTATCATTCGATTTGAAGACGGATTGACTGTCACACTCGATGCTAGCTGGGCCTGCCATCAGGAAACTTCCAGCCGCGAAGGTGTCCACCTCTTCGGAACCGAGGCCGGTGCCGATGTCGCCGCGGCCAAAGTATTTCGCGATGACCCGATACGTGAAGATTATGATGTCATAGATAATGTGAAGGCGGAGATAAAGTATCCGCACTGTTCACGCTTTGACAACTTGACCAACGCAATTCTTGGCAAGGAGGAACTTTGTGTTACTCTGCCCCAGGCCATTGCAGTCCAAAAAATCCTGGACGCGATTCAGCAGTCCAGCATTTCTGGTCACGAAGTATTTATTGACCAGGATGCGCCTTCAAGTTCCGCTCAAGAAACTTCTTCACAAATCCTTAATCCCGTTAACCCATAATCAATAAACTTATGTCAAACTCATCCGCTCGTGATTTCGGAGTGCAAAGCTACTGCTTCCGTAATTTCAAAGACAACGCAGCCGTCGCCGCCAAGGTGAAGGAAATCGGGCTCGACAAAATCGAACTCTGTGGTGTCCATGCTGACTTCAACGATGTCCCGGCATTCAAGGACGTCGTCAAGATCTACAATGACGCTGGCGTTTCCATCGTCTCCCTTGGTGTGCAAACCTTCGTTGGCGATGACAACGAACGCGACTGGTTCGAATGCGCCGCCATAGCCGGAGCCAAGCACATCTCCGCTCATTTCAAAGTGGACAGCTTCACCACCACAATTCCCAAAGTTCAAGCTTTATCTGACGACTTCGGCATTCGTGTCGGCATCCACTGCCATGGCGGTTACATGTTTGGTGGCTCACCGGATGTCCTCGATCATCTCATCGATCTGGGCGGACCACAAATCGGCCTCTGCATCGACACCGCATGGTGCATGCAAATCGGTCCTAGAAACGGCAACCCACTCGACTGGGCCAAGAAGTACGCTGGCAAGATTTATGGCATCCACTACAAAGACTTCGTTTTCGAGAAAAACGCACAATGGCAGGACGTCGTGGTCGGCGAAGGCACACTCGATCTCCCCGCTTTCGTCAAAGCACTTGAAGACGGTGGATTCGACGGCATGGCTGTGATCGAATATGAAGCGGATCCGGAAAACCCTGTTCCCGCACTGACGAACTGCGTCAGCAAAATGCGCAGCATTGCCGGATAAGCCAACTAGAGATATTATTACAATTTACATGCCCGTGTCGAAAGCCACGGGCATTTTTTGTAGCCATTACCGGGAGAAAATCTGATCCTTCCTCGATTAACCTATCGCAACAAATTCAATACCACAAAACATTGAAAGCACTACCACAACTCAGCCCCACTATCACAAAGCAATCACGAGCCATTCAATCTGGCCTACTACTTGTATTTGTCTGCCTGCTTTTACTGAGTGGTTGTTCCTCTTTGCCCAAAGATTTCGAGCGCACTCCATCCTATGCCATATCGGATACCACACAGACAACTCTGGCTGAAACCTTTGAGCCAATGGTTGCCGCTCACCCGGGCTTATCCGGCTTTCATGCCTTGCCCGATGGGATTGAAGCCCTGGCTGCCCGTATCATTCTCATTCGCGAGGCGGAGCAATCCATTGATGCCCAGTATTATATCTGGCATGATGACTTTGTCGGCAAGGCCCTGCATAATCAATTGCTCGACGCAGCCGATCGCGGCGTAAGAGTCCGCCTCCTCCTTGATGATCTCGATACATCCGGCAAAGACGAAATGCTGCATATCATTGATGCGCATCCCAACATCGAAATTCGCCTCTACAACCCCTTCGCGAACCGCTCACTCCGCGTCATTGATTTCATCACCGACCTCCGGCGCATTAATCACCGCATGCACAATAAGACAATCACAGTGGACAACCAGGCCACTATCTTTGGTGGGCGCAATATTGGCGATGAATATTTCGACGCAGATGAGGAAGTCGGATTCAGCGACCTTGACGCACTTGCCATCGGGCCAGTCGTCAAAGAAGTATCAGCATCTTTTGACCTCTACTGGAATAGTGAATGGGTCTATCCGCTCAGTGCTTTTAAAAGCGACGAACTGATTGACGATGCCCGGATAACTGCGTTTCGAAAGGAGTCCGACCAGTTCATCGAAGAAGCAAAGGAAAGCGACTATGCGGACGAGATGAAAGGCCTTCGCCTTGCCGACAAAACCAATCTCTCGGACACCAGCTT
NZ_CP136920.1_gap20	923590	927226	3636	ATAAATATGATGCCGATTGCATGTGTACGACCTGCAAGGTGATAACGATACCCAGGTGGGTGGCCTCGTTATCGTGCTCTACAAAGACACTGTGTAATGTTCCATCGTCATAAATTTCAAACACTTCCACAGCATTCCCGCCCTTAAGCCCAGCGAAGAGAAAGTTTTTGCCGGCGATTTTGTCGGCGACCAGTCCCCTGACTGTGTTCCGACCGCCTGTGACAACGTTACTCGTCAAAAATTGCAACTCCCCATTTCTGGCGATCTGAAAAACGTCAATCTTGTTGCCGTCTCCAGCGGTGTAGAGGAAGAAATCATCGTCCGATTGAAACACAGTGCAGGTTACAGTATTATTCGAGGTCTCCACCTGATCGATAGGCACAATACGAAACTTGGGTTCCGTGCCAAACCCGGGGATGATCGATATCGCAAAGACAACGAGGATCATCAGGCTTCGTCCCATAAAAAGAGGGGGATGAAAGCGCTGTCCCTCTAGCCAATAGTTAAACATCCTCTTTACCATACTTTTGAAATATCTTCTTTAATGATAATCTTTTGCGTTTTTCATCGGGTGGTATCAGATCCCCAAATCCTATTCAATTCCTAACTCTAATGACTGCGTTGCACGTCGCCTCAAAGCTTTGAGGGATGTAGAGTAGTGAAAAAATCCATGTCCTTCCCCGGCTTGACTTCCACCGAATACTCCAGTGGCGCCAAACGCAGCCCAAGCTTCATCTCAAAAAGGATTTAACTACGAATCGTGCAAATCTTTACGAATCGGTTCCAGCTCCGATGTCTCCAAAACCAAATCGTAGTGGTTGCTCATCACCACATAGGCGTGCCCCTCCAGCCATATTGTGAACCCTTTGAGTCCACTGCGTTTACCAACGCACTAATAAATTAAGAGCAACTTCATACTTTCTTCATAACTACGTGGTATAAATAAGCTTTGAAGTCTACAGCGCCCAACTCGACTCTTAAGGTAACGCCATTAACACAACAATTAACACTGCTGATAAACTGCCCACTTCTAGCATCACCTTGCGTGTTGCTTCTTTGGCGACTTTATTTGTTGGAATCAATCAAGCGAACGGGGCCATCCAATACTTCAATACTGAAATCACCTTAGGCACCGGGGAATCGGTTCCCCCCTTGTGGGATGTCGATGGTAATAGCACTGGGCCAATGCCCGACTATGAAGCGTCCATCTACCGGAGTGGTTCATCGAGTGCAGCCGGCTTCAAAGGCATCGGTAATAGCATGGCGTTTCGAGCCAGTGTAAATAAACTGCTCGGGTTGACGACGAGCGCCTATGTTTCGGCAGGCAATACTTTTCGAAATTATATCATCGCTTTCGAGAGCACCGGAGCAAGTAGTTCTGATTGGTATTTTGACGATGTAACCGGCCCGTTTCCCGGAGGCACTGGCTATATTGGTTTTACCTTTAATCCCAGCGGAGTCGATTTGTTCGGCTGGGCGCACATCACGATGGTTACTGGAACCGTTCCACTTCCGATCGTAACGATTCATGAGTGGGCCTATCAAGACAATGGCGACTCCATTCAAGTTGGCGCCATTCCAGAGCCATCCGGAAATGCACTTATCGGTTTAGGCGTCTTGGTTTTAGGGGCCGTCGGGTTGCGACGTTGGCGCAAGCACAAAGCTTCCCGCAATGAAAAGCAAGCAAGCTAAGAGGAAGGGGTCATGTCACTGTTCATTCCTGAGAGTCAGTTGTGACTGGTATGCAATGGTTGGCTCTTGATGATCAACTATAAGCCCGCATTTTTAAATCTCCTTACGAACTTCGAAAAGTCTATCATCCGCGCAAACGTAGAATCGATCACCTGCCCTGGCAGCGACTGTTGCCATACTCGTTGTTGAACCGAAAGCAGGTAAAACAAGTTGCGAATCCGTCAACCAAAAGGCTTTTGCTCGATGAGCGCAACCTGCGGAATCTTTGACGCGAACACCAGGATGCAGATGCCCACATAATGTGAATTTGCCTTCTGCCTCTTGAGGCTCATGGGCCAACAAAAATGAACCAAGTGTGTATGCTTCGCTTCTAATTGAAATTGGCAGTTCAGTCACTTTTTTCAATGCCTTCCGGTCATGATTTCCGATCACGAGAGTTACTTCAACATCCAGACTCTCTAACCAGTTTTCAAACAGAGTCATTGTATCGACGGCCATCGCCTGACGATCGTGAAAAAGATCACCTAAGATGATTAAGTGCTGACTGCGGGTTTGCCGGACCAACTGACGCAATCGTTCAAGATCCTCTGCATCTGCACCTTGAGGCAGATACAACCCGAGCCCTCGATGACTCGCACTTTTTCCGAGGTGGATATCAGCTACCAGAAGCGTACTTTCTGCTGGTAAATAAACCACTTTCTGTGGAAGCAGTTCGAGTTTAGATCCAGCTAGTTCTAAAGAAACACGCTCCATTGTCTATGCCTCCATCTCTGCAGCAAGGAGAGCAATTTTATCCGCCCAGCTTTCACTAGAGACTTGTTGATGCAGTGCCTCCGCCCAAAGCGGAAAAGCAAATGGGCTGAGCTTCTTCGTGGTATGCAGCCGAATGGGCACTGTCTGTATTCTATCCAATGTTTCACGAAGCCGGGTCTGTTCCAGCTGCCGTTCAAGGAGCTCTGCCTTCGCTTGTAAAAGCAATCGATTATCCGTATCATATTTAGCAAATACATCATACAGCAAGCTCGCAGACATTTGCACGTTCTTGACCGTTTTCTGCTGACCGGGATAGCCTTGAAAGACGAGCCCGGAAATACGCGAAATCTCGCGAAACTGCCGACGTGCCAATTCAGTTGTATTCATGCATTCCAGCAAATCTTCCGCCAAGTTGTTCAATTGAAACAGCTCTTGGATGACCGCTTCATCAACTTCAAATTTGCGAGCTGATTGGAGTGAAAAGCCATAATCATTGACCGTTGTCTTAAGCGTCAATGGTAACTGCCGGCTCAGGCGATAAGCGACAAGCGCAGCAAGGCCTTCGTGAACGAGGCGTCCCGCAAATGGAAAACAAAAGAGGTTGGATGTTCTTTTGACGCGACACTGTTCAATCAAAAGATACTGACTCATTGGTAAATCGGAGCGCTCTCTTTGAATGTCCAATAATGAGGCAAGCCGTTTGAGTTCGATTGATTGCTGGTTGTCATGGTCAGCGGAATACTCTGCCAATTCACGAGAAACTGCCGATGCCAATTCTGAGGAAAGTGGTGCACGGCCGCCTTGCCAACTAGGAGTACTCCCTGCCTTATAACCGGCGCGTTTTACCAGGGCAACCATTCCACGAAAGCGGACGAGCTCTAAACGTGAACCTGCAAAACTAAAGTGATCACCAGGCTTTAGACGAGTCACAAAACGTTCCTCTATCTGCCCCAGGACAGGGCCGGATTTCAGCCTCACGGTTACCTCGGAGTCACTGGTAATCGTTCCAATGCTCATTCGGTGCATTCGCTCAATACGCTTCTCAGAAATTTTCAAAACACCGTTTTCTTCGATCACTTTGCTGTATTCCGGGTAAGCCTGCAAGGCGCCCGTTTGACCTTTGGCAAAACTCATGATCCAATTCCAATCGTCATCGGCAAGCTTTTGGAAAGCAGCAGTCGAATAGACTTC
NZ_CP136920.1_gap21	1124028	1125476	1448	GAGCCAAGCCATCGGCATCAAGCTTGTCCGTCGGAACCTTTTCGATGGTTTCCCACAGATATGCATTTGCTCTGTCGTGATTTTTTCGCTTTGTCTCAACTTTTGCCAGATAGCTGCTCAGGCGTGAAAACCATGTCAGTTCTTTGGCATCCAAAGCACGTTTGCGTTCACCGATCAAGTAGTCCTGGAAATCTTCCGCTGCCAGGAGCTCGTTTCCTTTGGTTGTTTGTGCCTCAAGTAAGGTTTCTCCCTGCTGGTATTGTCGATGTAGCTTTTGGAGAGCTTGGAGGATTTGTTCGGTTTCTCCAGCTAGTGGATCATCTCCATATCGTTCAAGTGCATCGACAAAAGCAGGAAATGCATCCTGACGTCGATCCTGTTGCGAGTAGGCCCAACCGATCCAGTAAAGTGCTTCTGCCACGCGGACTTTTTGTGGCACATCCTCGCTGTCTACGTACTCCTGAAAGTGCTCGATCATGAGATCATACTCTTCCAGCGCGCGCATGATCTTGCCACGTTGGAAAACAGCGTAGGTATAAAGGCCTTCTGCTTCAGGTGATACACGATGAAAAGCGTTGGATGCTTCCAGTAAGCGCCCTTGGCCCATCAGTATATCACCGCGTAGGACTCGTGCTTCGGGTGTACGTTTGTGTTTTGGATACTTTTCTATAAAGGCGTCAATTGCAGGTAGTGCTTCATCATAATCGCGCTTTGAATAAAGTGTGCTGGCACGGCGGTATTCGATTTCGGGATAGACATGATGTCCGCTTGGAATGCTTTGCATGGCGGTGTCAAATTCCTCCAATGCAGTGTCGTAATTCTTCTCGAGAAACCAGGTTAGACCGTTCCAAAGTCGCGAGTCTGCAAGTTGGAATCCTTTTGGATTGTCTGCGATGTAGGCTTCGAAATCGATACGTGCACCCTTGAAATCATCCGATAAGGTCTTGTTGAAACCACGCGAAAAAAGCCATCTGGAAGCAAGCCGATGACCTGGATAGTGATCGAGCAAGTCATTCAGAACAGAAACAGCATCTTCGTAGCGCATCTGTTCGTGATACGCATTGGCAATGAGGTAGAGTGCTTCAGGAGCGAGAGGATTGCCGGGATATCGATCGAGGAAAGAGCGTGCGATTACCAATGCGTCGTCCCAATCTTCAAGTGCATTGGCACTCAGAATCCAGCGGTAATGGGCCTGTGAGCGGAGGTCCTCTTCCAGTGTTTCGTCTTCAGCTAGTGCTTCATAAAGGAGGTATGCTTCGCGGTTGCGGCCTACCAGAAGAAATCCCTGCCCCAACCGCAGCTGCATGGCTGGCGTGTAATCATCCTCCGATTTCAATACTTCAAGGCCCCCTGCAACCTGAGCAATAAGATTTCTGTAATAGTCGTTCCAGATCGCGTCGTTTTGTAAGCCGACACTAGCGAGACTCTGACGTTCAGCATTTGCATTT
NZ_CP136920.1_gap22	1136363	1140171	3808	GTGGTTCTGGGATATATTTGGCCTAAACTACGGTATTGGAGATCTCAAAGGAGATGAGGCGTATCAATTTCCCTACGAGCGTAGTAAGCCAAACGAAATGGGCGCGTGCATGATTGAGCAAGGCTTCTCCATTGCAGTTAAGAAGGATGTTGAGTGGGTGAGTAAAAAGCTCAACCGGGAAGGTTTTGAGAATATTCAATTTCTCGGCCAGTATCCGATTGGAGAAGTTGATTACCAGGATCCTGAGTTTCCTGTGAAGGTTAAACTGGAAGCCTTCTCACCTTTTATTCCATTGGATTTGGAGAATTCTCTGCTCCCGGCAACGATATTGAACTATACCGTTAAAAACACTTCAGAAAAGGAGGTTGAGGCCAAGCTCACTGGCTGGCTTGAAAATGCTGTTTTGCTTGGCTCAAGAGGCCGGAAAGGACTTAACGTTACCTTGAAAAATGAAGTAGTGATGATACCCGGCATTGGGGAAAGATTGCTTTGCTCAGCAGAAGCAAGAGTCGAACAAGGGCAGCCTGCGCGCCTTAAAGATATACCGATTGTTACTGGTTGGAATAATCACCGCAAAGACAGTGACTATTGGAGAAGTAGCAAGGTCGATGCCAGCGAATTCGCTTCTTTGATTCCAGAGTCGAAACAACGTCCCGGGAGCTTGATGAAATATACATCCAAGCCTTTTGTCATCCAGCGACCGCTTGTCACACTTGATGTCCGAGGCGGGTCTCATGGTGGAGCTACCGCGCTACAAGTAGTTGTGAATGGCAAGGTGGTGGCATCTGCAATTGGTCCACAGGAACCCTCTTATCAGAGTCTTGAGCTTGATGTTAGCCAATATCAAAAGAAAGAAGCTGTGATTGAAGTCATTAACCCAGACTATCTCTACGGTGTTCGATTGATGATCAGGAATCTCAAGCAACAAGATGCCGTTTACAGCGATGCAGATCTTGGCTTGTTGCAGGACTATGGAACCATGACTTTATCATTTTTGGATTCACAGGTTGCCACACGTGATACGGAAACATCCCGACTTGAGCTCTCTTCCGAGGAAAGTCTCACGACTGAGCTAAGCCGTTCCATCAGGCTAGCTCCGGGTGAGGAGAAAACGCTGACATGTATATTGACCTGGCATTTTCCTAAAACGCTTTCCATGAGAGGAAAAGATGAGACTAGATATTACTCAAAACTATTTCGTAATGCAGAGGCGGTTTCCGATTACGTGATTCAGAATTACCCTTTCCTCGCATCGACGACTCGTCTTTGGCGTGATACCTGGTATGATTCTACCTTGCCATACTGGTTCCTGGATCGCACCTTTTTGAACACGTCTACTCTGGCTAGCAGCACTTCAAGTATAATAAGGGACGGTTTATTCTATGGCTCTGAAGGTGGAAACCAGGGCCCGGGCACTTGCACACATGTCTGGGGTTATGTTCAGGCCATGGGGCGACTCTTCCCTGAACTTGAAATCAGCCTTCGAGAGCAGGTTGATTTTAAGCCGCATTCGGAAGGTGGCGCCATGATGGATGATGGCTTGATCCATTTCCGCTGGCAAGATCATGGTCCGGCTGTTGATGGCCAGTCGGGTATCATTCTGCGTACGTATTTGGTTCATCAGATGTCAGAGGATGACGCGTTTCTGAAAAGGAACTATTCGCAGATCAAGAAGGCGATGCAGGGGCTTACCGAGGCCAGGGATGCTGACCATGACGGAATACTGACTGGCGCTCAGCATAATACCCTTGATGCGGATTGGTATGGAAAAGTTACCTGGTTAAGCCTGCACTATACCACTGCTCTCCGGGCGATGGCAGAAATGGCCGAGGAAATGGGGGATCACGAATATGCGATTTTTTGCCGCAGGACGGCGGACAAAGGGCGTGCATACATTGAAGACAATTTATTCAACGGAGAATATTTTATCCATGAAGCCGACCCGGAAAACCCTGATTCTCCAGGTACCTACACCGGCTTGGAATACAGTCAACTGCTTGGTCAGAGCTGGGCCTATCAAGTTGGCTTAGGGAAAGTTATTGATCCTGATAAAACCCTTACTGCCTTGGAGTCGATGTGGCGTTACAATTTCACCACCGATGTCGGGCCTTTCCGTGAAGTTCATAAAGGCGGCCGCTGGTTTGCCATGCCAGGTGAGAGTGGATTAATAGCCTGTACTTGGCCAAGAGGTGGTTCCGAAGTGCTCAATAAGGGGCTTAGGCATTTTGCTAACTATAACAACGAAAGCCAAAACGGCTATGAGTATGCAGCAACTTCTCTTATGATGTGGCACGACATGCCTTATCACTCACTGGTTCATATTTGGTATATGCACAACGACCGCTATCATGGGGCAAAAAGAAATCCCTGGTGCGAGATCGAATGGGGGCTGCACTACTCGCGCTCAATGGCCAGCTACGGGCATTTCATTGCGGCGAGTGGTTTTGAATATCATGGGCCCGAGGGCTACATTGCTTTCTCTCCCAGGGTCACAGCCGACAATTTCAAAGCAGCTTTCACTACTGCTACCGGTTGGGGCACTTTCGAACAGTTACGCCTAAAGGGCTCACAAACCGAAAAAATACTGGTTAATCATGGTGCTCTTAAGCTGAAAACCATGGCATTTGATGTGAGCAAAGGCATGAAAGTCAGTCAGGTTGCAGTAACACTCGAAGGTAGAGTGGTTCCGGTTGAATTCACTCAGCTGAATGAGCGTATTAGCATTGAATTGGATGTGACCATTAAAGCCGGACAGGCCTTGTTGATTCAGATGATCTAGGGCTTTCCTTGGATGACTCTATTGGTAAATTCAGAGGGAAATCATTGTAATTACTGGTGCCCCCGGCGGGAATCGAACCCACATTAACGGTTTAGGAAACCGCGGTTCTATCCATTGAACTACGGGGACAAGTCATTGATAATAAAGCATTTGCAGGTTTTATGCGGCTCTCAAAATTTAGGCTTGTAACCTGATTTTGTAACCCGCTAGATTCAATGCATGCCCAAGACGAAACAAGCCGATTCAGGAACAGGCCAGTTTTCGAAAGTTGCAGAGAATCTTTACCGTTATAATGCATCTGGCGGTTACTATGCGTTGCTTAAAAGAGGCGGCAAGCAAATCCGAAAATCACTCAAGACCCAAGACCGTAAATTGGCGGAGAGGCGTCTTGCCGATCTGAGAACCAAGGTAGATCGAATTGATACCCAAAAAGGGAAAACCAAAGTCGAATTCATGGAAGCTGCCGGAATGTGGTTGGATGTTATGCGGTCGAACTTGAAATCAAGTTCTCTTCTAAGACGAGAGACTAGTATAAACCAACTTAGACGACATTTTGGTCACTATTCAATTCGTGGAATTACTCGAATTGTCTGTGAAAATTGGGCTAAGACTAGAGCACCTCAGGTCGCTGCTTCCACATTCAACAATGAACGGGAGACCCTCATTTCCATATTAGACTATTCAGAGAGGGAAGGGCACATTCTGGATAATCCAGCTAGGATTCTGAAAAGACGTCGCCAGGGCAAAATACAGCTACGCATTCCCACGCGTGAACAGTTTCAGTCATTAATGAAGACATTGCGATCAATGGATTCTCGTTACTGGCCAGCGGCTGACTTGGTGGAATTACTCGCTTATTCAGGAATGCGTAAAGGCGAAGCAAATGAATTGAGATGGGAAGACATTGACTTTGATCGTGGTCAGTTCGTAGTCACTGGCGGAGAGACTGGGACTAAAAATCACGATATACGTCATATTCCACTGTTTCCGGTGTTAAGTGGCTTTCTTGAGAGACTCCAGAATGACTAT
NZ_CP136920.1_gap23	1141600	1143426	1826	AGTCGTTAAAATTGATGGCTTGGCGGAGGCAAGGGACAAGATGAGAAATAGTGAAGGCGGCAAAGAGCAGATATGTACTTTAGGCCCTTTTTATCCCGAATCGTGGTTTCACCCAATAGGTGCTTTAAAGTTGAAAAAGAAACTAATGGCAAAACTGCCTGATGTTTCTGGGTGTCTATTTCTCACTTTTACCGTGAACCCAAACGAATACGCCAATCCTGAGTCTGCTTATAATATTTCCCGCCAAAAACTTCGAAAACTTTTCTATTCACTTCGAAATGGGGTTAATTGGAACGGAAAACACTTTAAATTGAATTCACCCTATTTTGTTAAAACAGAATTCCATAAAAACGGTTTTGCTCATTTTCATGTAGTTTTCCTAACAAAACGTTTTTTGCCGGGAATACTGCTCAATCAACTTTGGAAACTCGGAAGAACGAATGTAAAACGGATTTCAAATAAAGATTTCCACTATTTGTTGAAATACGTTGTTAAAAATAATGATTTACCGGAATGGGTTAAAAACCGAAATCGGATTCGAATTATTCAATCTTCCCATGGTTTTTATTCAAAATTAGCTGAGATCGCTAAAAGGAATCTAATTCCAAAAGTATTCCCCAGAAAACGACGTAAAAAGAATACCATTGGGGAAAGAATAGAAATTTGGCGGCATAAGGCCGTATTCCGAAAAGGAAAAAGGGCTTGGACAGTCAATTTATCCAAACCCTTTTTCGAAATCCTTTCGGAAGTCATTCTACCACTCGCTCACGCAGATCAATACTTGGGCGAGTGGACAATACAAATCCTAAATATAGGAGAAATTGAAAAATGGCTGAAAAATCAGCAAATGACAACGATGAACTCAGTATTCCCGAACCCGGTGCATACTTCAAGGGCATCACCGTATCATCAACCTGCCGTCTGCTAAACAAGCGAGATGGCAGTGGTAAACTTGCGATTATCAGAAATGAGATTGCGACCCAACCCGGAATGATTGTTTGGGAAGAGTTCCTCGACCCAGAACGCAACCCAGGACTAAAGATAAATGGACATGATGTTCTAGAATGGCCCCGGCTTGAGACGCTCAAACCTGTGATAATCAAAGCCGAGCGGTTCAAAGTGGTCAATGAAACGCTCCACATCTCAAACGCAACCGTGGTTAGCTAATGAACGCTAGAGCATTCACGCAAAAGGATTGGCGGGGAGTCGCGCGAGAGCGCGACTCCTTTTTCCTTGTTTACATTCCCAATAACTGTCCAATGAAAGGCATCTACTTGTAAGATTTGTTTGCAGATACTATCTGAAAATGCTTGAGACTTTAGTAGTATGCACTAGCAAAAATCAGCTATTTATCAGAATTAAATTAATTCATCAAAAATGACGGCAAAACTGACAGAGACAAATCAATCAGTTGCTGACCGTCTCTCAGAATTCATGAAGCTAAAGCCAGTAGCGATGCTAGGAGCGGGTGTTTCTGCAGACTGCTTCCCCAAAAGCTGGGATGAGTTGATTCAAATCCTTTCTCAAAAAATGGGCATTCAGCCTAAAAGCACCACAAATCTAAATAGGGCCCAAGAACTCAAAGATGCTGACGAGACTAAATATACCGAAGCCCTAAGAGAGATTTTCACTAAGAAACCCGAGGAACTTCCAGCAACGTTACTCAAACTAACTCAGCTACCCTTTAAGCACTATGTTACCCATAATTTTGACAGATCCATTTCGGAGGCTCGAGGCCATAACACTGGTGTTGCTCCTCAAGAGCAATTCTACCCTAAAATAGCCCTGGCAGATTGTACAGATGGAAGTGTAACGTATGCTCATGG
NZ_CP136920.1_gap24	1149029	1149736	707	TTTCATCTTCGGTTCAGCTGTAAATGTCCGCAATATTTTAAAAATGCGTAGATGTGGGACGGTATATCCCAACGCTTTCCTTAGATGTATTCAGCAAAATGTAATCCATACGGTCCTGCCTAAATTCTTGGATTTAAATGGGGTTGACTGACGGTGATTAATATAATAATAATAAATATGAAAAATACCTTAATATTACATGAAAATAACCTTATAAAATTATGAACCCAACAAGATTGTTTTTTCTTTTAGCCTTAACGGTCTGTCATTATTCTAACGCGGCTGTTTCGATGCATGTTGATGTAAATGCTGAAGAAGTATCTTTTGAAGGTTTTACCTCAGGCACCCCTGTTGATACTGGTTCCGATTATGAATTTTCATACGAATATAACAACTGGAGCAGCGGTAGTTTGGCATTGGATATTAATGGAGCCTTTGAAGAGGATTTTTCATTCGCAAGTCTTTCAGTAGATGTCAATGACAGTAGTGATCCATCTTCAGGAGCAATCTTACTGTTTTTTTCTGCGACAGATGAGATTACAGCACGGACTTTAGTGGCAGCAAGCGGTGCATCGCCTATTTCATATGCGAGTTTAAGTGATGACGAGAAAGCAGTTCTTGCGGCATCAATTGGGAACTCATTCATGCTCAATAATGGCAGTGGCTATAATTCAACCATCACTATAAGTGCTGTGCCTGAGCCCTCG
NZ_CP136920.1_gap25	1329043	1329764	721	TCACTTTGTGTGTTCATGCTCTCGCCGTTACTTTACTCAATTCTGTTTGGTGCTGAATTTGCTTCAGCAGCTTTGCCTTTTGCCTTACTCTTCAGCGCAAAGCTTGTTGTGATTGTAAGTGGGATTTACACTTGGGGGCTTTGGGCTAAGGATGAAACAGTCAAGCCGCTCATCGTTATTGCTCCAGTTGCAATTATTAGTTTGATTGCGGATTTTATTCTTATCCCGACTTATGGTATGACAGCCGCAGCGGCCATATCCTTGGTGTCTGAGTTGTGCGTGCTTGCAGGCATGTTTATTTATGCGAACAGAGAGGCTGGAAGGTGAAGCAACCAACGATTCTTCATTTTACCGGGAACTCGATCGATGAGGGCGGCGTATTTACTTATATCCGTAATGTTGCCCCGCATAACGGTTGTCGCAATGTGTTGGTGGTTGCCAAAGATTTCAAGCAGGTAAGGAGACCGTATCTGCCGCTCTTGCGTATCCCTTCTTTTGAAAGCGAGAGTCTTTATCACCCAAATACCATTGTGTGGTGTCATCGATTGGCTATTGGCTTTTATCGCTTGCTGGAGAAGCATCCCGACGCGATTTTTCATGGGCATTCCCGTTCTGGTATGCTGATTGCCTTACTGTTGAACTTTTGGGGACAACGTCGTGTTGTTGTCTCAGTTCACGCTAACGCAAGGCAGCGTTGGTTTTATCGTTGGGCTAAGTCCCT
NZ_CP136920.1_gap26	1359318	1363463	4145	ATTATTCGTATGGACAAGCGGACAATTCGCTGGTGGCAGCACAAGTATCATGGATGTATTTGTCAGCGGTGGCACTTACTATCGTGGGTTGATTCCAGGACGTAATAAGGACGTTCTTGCCCTCGGTTACTACCACGCCTTTTTTAGTGATCAGCTTGCTGACAGTCAGAGAGCAAATGGGATTCCTGCGCAGGATCACGAATCTGCCATTGAGCTTGGCTATCGTTATTACGTGACGGATTATTTTTACGTTCAGCCTAACATTCAGGGGATATTTAATCCGGGTGGAGCCGGGCTGATTGATGACGCCCTGGTCCTGGGGGCCCAGATCGAAGTGGACTTTTAGCCTGAAATGTGCTTGCCTCAAGGGCTTAGAGATTTGAGGCATTGAGGTTTTTGAGGCACATTCCGTTCGCGGCATTTTTCGTTTTCGCAATTATTACAGGTTCTACAGCGAGGTGTGATGTGCTTGTGCTGCCTTCTGGTGAGCGTCTGTCCGGCACGCATTTGAAGACCGAAGATGGTGTTGTTTTCTTTGAAACCAAGTACCTCGGCACCGTTCAAGGGCGTGAGGATGAGGTGGAGGTATTGGCCGAAGAACTGGATGAAGTAGCCTATGAATTCGTCATGCCGGGGCTTGTTTGGCAGCCAATGACGAATGAGCCAGTAAGCTTGAAAGCGCCCCATAATCCAGCCGATGAAGCAGAAGAAGCGGTTCCTGCTGAGGAGGAAGGTCCCAAAGGGATAAGGGCCTGGACAGCTCACATTATACCTGAAGGTTGGAAGGGAAAAGCGAATGTCGGGTTTTCCCAACTGCGGACCGATGCTGAAGTTGAGAAGCTCGATTTTTCAGCGAAAGCGAGTAAGAAGGTCGATGATGACGAATATATCGTACAAGCAAATTATAACTACGGTAATCAGACTTCCAGCACGGGCGAAGAATCGAAAAACATAGATCGTTATGGTGGTAGCTTTCGTTGGCTTAACCAATTTGCAGAACACTTTTCTACCGATCTTCGATCCATTTACTCAAAGGACCTTTTGCGTAACGTTGATCACTCCGTGACGCAAAGTGCTGGAGTTGGCTATCAGTACAATCAAATCGAAGATCTCAAATTCAGCGTTACGCCAGCTGTTTCCGGACTTTACGTGGAGGCAGATGAATTTCAGCAACATTGGATTGCCTTGGCCACCATCTATCAGGAAATCGTCTACAAGATCAACGACACCTTACGGATTGAGCAGGAAGGCAGCTATAACTACAATCCGAAGCAGGCCATTGAATACTCCTACGATGTCGAGGCGGGTATTGTCGCGGCTGTTTCAGATTGGGCCGAAGCCGCCGTCCTTTACCAGAATAGTTTCGACAATATCGTTGGAGAAGGCGGGGATAAAAACGAAGATCGTATTGTGTTTCAGCTGGGCGTGCCGTTCTGATGGCCTCTTGGCTTTTGTAGCCCGTCGGGACACTTTTTTTGCAAAATGTCCTTAGCTTTGCACATTGCCTTTAGGCACAGTTATGAAAACAGGCCCCCTTTACACTCGTCGACAGGTTCTAAAAAAAGGTGTTATGCTCGGCACCTCGCTTCTTTCCGCGCCCCTTATTGTCAAAGCTGAGACATTGGGCCTGAACGGAAGAGTTGGTCCGAATAGCCGCATCAATATGGGCTTTATTGGAACAGGCTCAAAAATGATGAGCAGCATATGGGTGGCTGATAATAAGAAAGTGCAGCCGCTTTATGTCTGTGATGTCCAGCCCCGCAATTTGAAGTGGGCTCAGGATTTCATGATCGAACAGGATTATCCTGATGTGATTCCGACCCAGGATTTTGAAGATGTTGTCAATGACACTTCAGTCGATGCCGTCCTTATTTGCACACCGGATCACTGGCATGCGGCGATATCGCTGGTTGCGATGCGCAATGGACAGGATGTCTATGTGGAAAAGCCCATGACTTTGACCATTGCTGAAGGTCAGGCCATGGTGAAAGCGGAAAAACGCTACGGTTCCATTGTTCAAGTCGGCTCTCAGCAGCGCTCAAATGACGCCTTTCGCAAGGCGGCCGAAATTGTGCGGAATGGGTGGATTGGTGAGATCAAAGAAGTCTATGCTGATCTTGGTGCTTTTCCCGATCCGGTATTAAAGCCGGCTGAACCGATCCCCGAAGGTTTCAATTACGATAAATGGTTGGGCCCCGCCCCATATGAGGTTTACTTTGAGGATCGAGTCGATCCCTATCTGAATGGAGGCTGGCGTCGATTTTGGGATTATGGCTCCCGTAAGAATGGCGACTGGGGAGCCCACCATTTTGATATTATTCAATGGGCTTTGGGGCGTGACTTCACAGGGCCTACCTTATTCATCCCGAAGGGCTATGAAGGTGAGAAACACATGACCTACGTCTATGATGATGGGGTTAAAGTCATTAAAAACCACCCTGAGATGAAGGGGCATATGATTCGTTTTATTGGCACGGAGGGTGAAGTGTTGGTCAGTCGTGGTGGCAAGCTGAAGTCAACGCCTAAGGAGTTGGCAAGCCGCCCGCTGAACCCCTCTGAGCTCCATCTCTATCGTTCCGGTAACCATTTGCAGAATTGGCTGGATTGCATCGAAACCCGTAAAAGACCAATATGTGATACCGTTATCGGGCATCGTACCGGTACCATTTGTCAACTGGCAGGTATTGCTGAGCGTCTGGGGCGTCCGATCCGTTGGGATCCGGAAGCTGAGCAAATCCTTGATGATCCCGCAGCAGCACGCTGGCAAGACCGTCCACGCCGAGCGGGTTATGAGCTTCCGGCTTGAGGTGCATAGGCCTTTAGACAGAATTTACGTAACGAGATTATTTTAAGAGCGTTTATCTAAGCAGCAGGCCATCCGCTTTAAAACGCTGTTCGCTGTGATTTTGTTTTGCCAGTGGCTCTTTGACTGCCTTTAGACTTTAGGTTTACCAATGACCATTCCACCAGAAGTTCGTTCTCAAATTGAAGAAATCGCCAAGAGGGCAGGTTACCTCTGGAGGTATCTTTGACGTAGAGAAGAAACAAGAGCGTATTGCCGAACTTGAAAATACGATGGGTGCACCTGGCTTTTGGGACAGCCAAGAGAAGGCTCAAGCCGTCATTGGTGAATCCAATCGCCTCAAGACTTCCATCGAGAGCATCATACCGTTTTCGGCCCGTGTCGACGACCTCAAGGCCATGGCCGAGTTGGTCGAGGAAGCCGATGAGGAGGAAGGTGAGGAGTATCTGGCCGAAGTAACGAGCACGGCAACGACAATGCTGGAGGAGCTCGACAAGCTCGAGATTCAGTCCTTCCTCAGCGGCAAGATGGATCACTGTAATGCGATTCTGAGTATCCATGCTGGGGCTGGAGGAACCGAGTCCTGTGACTGGGCTAATATGCTCTTGAGACAATATACACGTTGGGCGGAGCGCAGCGGCTACACCATTGAAATGCTCGATATTCAGGCAGGTGAAGAGGCCGGAATCAGCAGTGCGGAAATGCGCATTATGGGGCCCAACGCCTATGGTTACGCTAAAGCCGAACGCGGAGTCCACCGCCTGGTGCGTATCAGTCCTTTTGACTCAAATAAGCGCCGTCATACTTCTTTTTGTTCGGTTGATGTTGTAGCCGAGCTGGAGGACGATATCGAGGTAGATATCAATCCGGAAGATCTCCGTGTTGACACCTACCGAGCCAGTGGTGCTGGTGGACAGCACGTCAACAAGACTGAGTCGGCTATTCGCATCACTCACGTCCCGACCAATATTGTGGTTCAGTGCCAGAATGATCGTTCTCAACACAAGAACCGTGCTACAGCCATGAAGCAGCTCAAGAGCAAGCTCTACGAATACGAGCAGGACAAAAAGAAGGCGGAGATGGAGCGTTTTTACGGCGAGAAAGGTGAGATCGGCTGGGGCAACCAGATTCGCTCCTACGTTTTTCAACCTTATCAGATGGTCAAGGACCTGCGCACTGGCGTGGAAACCGGCAATGTTCAGGCAGTTCAGGATGGCGATCTCGATGCCTTTATTCACGGCTGGCTCCGCGCTGGCAGCCCAACGAGCCGCAATAAGGAAATCAATCTGGACGATTAAACTATCTGCGTTACTCCATGATTTTATAATTTTAACGGTATTGG
NZ_CP136920.1_gap27	1367708	1370418	2710	CAGATACGAATCAAAAACGCATTTCCGAGTTTTTTGTGCTGAAAGTATCAGCATTTGATTCCGAAACGGATATCAATCCGCAAGGAGTTGGAGTGCAGTCCCTGATTCAATGGAGCGAGACCGCCTCGCCAATGGAATTGCATCAGCTGGAGACTGCCTTGCAGCGTGCTGGTTACCATCTGCCTGGCACATCGGCGCCAATGGTATTCCCAAAGACGCGGCCCATGATTATTACGGTGGATGAGCTGGAGGCGATGATCCACGGGTCTCAGTAAAAAAGCTGGCTAATTTCAGATGATCTTGCTGTTTTTCGGGCTGTGTCTGGCCAAAGCTCACTTGAATCACTGACTTTGCAAACCCTGGCGCTTTCAAAGGAGGTTCTGAGGGGGATGCGGGATTTGGTTTTTCCCCGGGATTGTCTGGTGACTGGTATTGGCCTTGATGAAGATGGACACCATTACCTGTCAGGCGAGGCAGTTCGAAACCTGTATCCGATTCGCTCTCCCCATTGCCAGACCTGTGGTTTTCCCTTTTTCGGGGAGTTGATCGGCACCAGGGAGTGTCCGCATTGCATCGAGTTGGATCCGGATTTCGAGCAGGGTAGGAGTTTGCTTTTGGCACGCGACACAGGACGGGCCTTGATTCATGAATTGAAGTATCGTGGAGGTGCTTATGTCCTATCGGATATTCAGCGAATCCTGGCTGATGTTCCTGAGTTTCGGACCTTTCTGGAGGGTGCAACTCTGATTCCTGTGCCGCTCCACCGTAAACGTCAGCGTAAGCGTGGTTTCAACCAAAGCCTTTTACTGGCAGAACTGTTTGCGAGGGAGGTGAATGAGGCGTCTGTCGCGAATATCCTGTGTCGAACCCGAAACACCAGTTCTCAAACGAGATTGAAGCGCCGCGAACGTCACAATAACGTTAAAAACGCATTTGCACTTCGCCGGGGAGCTATCATAGATTCCGGAATTCGTTACGTATTAATCGATGATGTTTTTACAACCGGCGCAACGCTCAACGCATGTTCCAAGGTCCTGCGATCCGCTGGAGCTGGCCAAATTGATGTCGCTACGCTGGCACATGGGTAATTCCTAACACTCAAAAATCTTTTTGTTATGCCAATCTTTGGAAAGCCGAAGTACCATACCGTTCGAGTAAAAAAGAAGGACATGCCGACCGGTTTATGGTCGAAATGCCCGGAGACCGGTGAGATCATTTATAACAAGGAGCTTGAGCAGAACTGGATGGTGGTGCCCAAGAGCAATTACCATTTTCCGCTGCCTGCTCGCAAACGCATCGCCCTGTTGCTAGACGAAGGCTCCTTTGTCGAGGAAGATCACGATTTGGAATCGCGCGACCCTTTGACCTTTGTCGACAAGCGCCCTTATCCAACCCGGATCAAAGATGCGCAAAAGAAAACGGGTGAAAAGGATGCTGTCGTCAGTGGAATGGGGACCATGCAGGGGATGCCAGTGAGTATTGCCGTGATGGATTTCAGCTTCAATGGCGGTAGCATGGGTTCTGTTGTCGGAGAGAAAATTACCCGTGCGATTGAGCGTGCAACCCGCGAAAAGTGCCCTGTGATCGTGGTGTCCGCCTCTGGTGGAGCGCGTATGCAGGAGGGAATTTTGAGTTTGATGCAAATGGCCAAGACCAGCGCTGCTTTGGCCCGTCATTCGGAAGCGGGATTGCCTTATATCAGTGTCCTGACGAATCCCACGATGGCTGGAGTCATGGCGAGTTATGCTTCTCTGGGGGATGTGATCATCGCTGAACCTAAAGCCTTGATTGGTTTTGCCGGACCCCGTGTGATCAAAGAAACCACCCAACAGGATTTACCTTCAGGCTTTCAAACATCTGAGTTCCTTGTTGAGCGTGGGTTAGTCGATCAGATTATTCATCGTCACCAGATGCGTGATCGCATTTCGCTCCTCCTGAAGGCTTTCATGAATGGAGCAAAGGCAACCGGCGAACGTCGTTCGGCTTAGTACTTTAGGCTTCAAAGCCTTATTACTTAGCCGCAGATGAACACAGATTTTCGCGGATAAATAAAATTGGTAAGATCCATTGAAATTATCTGCGTTTCATCCGCGTCAATCCGTGGCTAATAATTTGAGTTCTCAGAATTTTCTTTGGGCAAAATGACTTACGCCAAAACACAAAAGTATCTCTATGGTTTGAAGAACCAGGGAAGTAAGTACGGTATTGATCGTATTCGGACCTTTACGGATGCATTAGGTCATCCCGAACGTGGATATCCTGTGATTCATGTGGCTGGGACTAATGGCAAGGGCTCGGTCTGCGCCATGCTGGAAGCGATATACCGTGAGTCCGGTCGGAAGACAGGTCTTTTTTCATCGCCGCATCTGGTTTATCTCGGTGAGCGTATCCAAGTGGATCGGCAAGCTTTGCCACCCGAGGCAATCACGGAATATGTAAAGCGTCTGCAGCCGGTCGCGGAGAAACTTGGTCAAGAGGACCCCGATGAGCATCCGAGTTTCTTTGAGTTCATGACGGCGATTGCTTTTCTCCATTTTTTGGATTCGCAGGTGGATCTGGCAATTATTGAAACCGGCCTTGGCGGGCGGCTTGATTCAACAAATGTCGTTGAACCGGAGATTTCGATTATCACCTCGATCAGTTTGGATCATCAGCAACAACTGGGTGACACAATCGAAGCCATCGCAATGGAGAAAGCTGGTATTATCAA
NZ_CP136920.1_gap28	1437786	1440843	3057	CATAAGTATCTCCATTCGCGTCATAGAAAATGGTCATGGCATTGGTACCACCGAGGGCGAATTTGATACCGCCGAATTCGAAGTTTGTTGTCACACCGGCTGAGAAAGCATTGATTGCTCCATCGACAAGAAGCAGTCCCGGCATGTCTGCATCGCCTAGGTCAATAGTGAATGTTTCGCCAGCGATCGTCAGAATCGAAGTGCCATAGAATTCGTAGAGTGCATCTTCCGCATTGTAGATAAAGACAAATGGATGGTTAGTCTTGAGCGCAAAATCCAATCCATCAATGGAGAGGTCAGCAGTTAGTTCTGCATCGATGGAATCGAGTATTAATGCTCCGCCATCATCTGCTTCCAGTAAGAGGCCATTATCTCCAGTAAAATCGACGGAGATTGATTGACTATTGAAAGCGATGGTTGCACCTCCAGTGGCACTGTAGGTGTCATCGTCTGCGGCGTAGGCGACAGCGAGCCCTTCGTCGTTTGGTGTTATGTTTAAGCCCGTCATAGCGATGGCAGCATTGGTTTTGATTCCGAAGTTGAAACTTTCCAGTGTTCCATTGGAAAGACTAAGGCCGGGCATTTCGGAATCACCCAGATTAATTGTCAGCGAGGTTTGCCCCATATTGATTTCTGCATCTCCATACAGCTGATAGAGCGACTGATTTGAGTCATAGAGAAAGGTGAGAGGCGCATCTTCTTCAGCCGTCATGACCAACCCATAAAGCTCCAGGTCTGCTGTGACTTCGGCGATTAATGAAGCAATGGCGAGTGTGCCGTTATTTTCCACGGTGAATTCCAGTCCATCATTGATGAATGTGACTGCAAAAGATTGGCCATCGAATGAAATGGTTGCACCTCCTGAGGTTCCATAGTCATTACCATCTGAAGAGTAGTTGAAAGTGAGACCGGAGCTATCGGGAGTAATCGTTATTCCGTTGGAAGTAAAAGCACCACTGGTTGCGATAGTAAAATAATGACTCTGCAATGACCCATTCGAAATGACCAGACCGGGGTCCAATGCTGTTCCGAGTGAGACCGGAGTCGAAGAACCAGTGACTTCCAATGTAGCATCGCCATAAAGTTTGTAGGCTTGGGAATCCGTATCGAAAAGGAAGGTGAGGGGGTTGGCTGGGTCGACTGTGTAGTCGGTGCCATAAAGCTCGAAATCGCTGTTGATCTCTGCGAGGAGTGAATTTAGAACCCATTCGCCGGAATTATTCAGTGCGGTAACGAGACCTCCCGGCCCGATCTGGAGATCGAACGACTGGTTGTCATATGAGACAGTCGATATGCCGGATGCGCTATGAGTGCCATCGCTATTCTCAATAAACGTTAATTGATCGGAGGAGAACGTCACACCATAGTAAGTTAGATCTCCGGCAGGTGCTAGCGTAACCGACTGAACTGCCATGACGCCATTATTGTCGAGACCAAGAATCAGTGAGGCGCTTCCACCATCTCCAAATGTCTGCAATGTTCCATCAACATACACGTTTCCTACCAACTCGTAGGTTTGTGCATCGATGTTGTAGTTTAAGGCAACTCCATCAAAAACATCATTAGGAGTTTCAAAATAATAGCCTCCGAGCGTGAAGGTAGGGTCATAAATTTCGAGCGTAATGCTGTAGAGCTCGTCATCGATGTAGTTGACTCCGCCATAGAGCACCGGGTCTGCGATTTCGTTGAAATCCCAAATGTAGGCACCAATGATTTCTCCTTCAATGATCAGATCGACAAAGCCCTGAACTTTGTCAATGACCCCTGTCAGGTTTGAATCTGGGTAAGTTGCGCTAACGTTGTGGCGAAACGTGTTCAGATAAAAATCATTAACTTCCAGACCGTACAAGTCCAGAGTGCCATCTCTGATACCGTTTGTGGAAATATTTCCAAGAGATGTGGCCAGATTACTGTCATAGGTCACATGGATCGAGGTTCCCAGAGCAAGTGAGCCACTCCCTCCGACAAATGTGCCATCTCCGGAAACCTGCAGGCCGGCATCCGTGGTGTCGCCACCATTGGGATTTTTAAACCGAATTTCAGTAGCAGCTATATCATATAAATGGGCAGTTAGCGTTTCACCGCTTTCCAGAGTATGCCCGCCGGTGACTAGATCATCAACCAGCCAGCTCTTGGGATTTACTTCACTATTGCTTCCAATCAGGAGCGTTGTACTAGCGTCATCCGCGATGGCATGCACGGTATAGGGTGGCTGAACAGTGAAGGCCGTAGTATCACTGGTATCGACTAGAATACTACCTTCACTTATCTGGATCAGTGGCCGGAAGTCTTCACCATCATCCGGCGTCAGGCCAATCAGCACATCGCCACTAAGCGTATATAAAGTGCCGGAAACACTGGTGTTATCATTTGTCGCCTGGAGGCAAATTGCACCGAGATCGACTGTGGCTGAAACAAGGTTGAGGGACATTGCCATAGCCGCGGTAACGAGACTGCCCAGGTAGTTTAAGCGTCTGAACCTGGGCTGCCACTGAGCATAGAAAGGGCGTGTGTTATTTGTCATTGTAGGTGATTATTGAGGCTCCCTTTGGGATGTCTCTTTAGGTATGGTTTTGGTCGAGGCATTAAGCGCCCTGCTCCATTTGCGATGTCTTGTAGATGGCTTTTTAGTAATATGCTTATTGCAGGAAGTGCTTAAGCTGTTGAATGTCTGGTCGATTAGCCCATTTTGAGGCGAATACTATATCGATTTCATAGTAGCATGAGTTTATTAAGAAAGTATTAAGAACGAATCGCTCTTCTGGGTATTTGCACGCTACTACTATTGTGCTTTTGTCTCTAATTCTTTAGAAAATAACTCCCTGACTATTTTGGGCCTATTATTTATCGCTATCCTGTGATCACTAATTCAATACGTTGGCAAATACAGCTTTGGCATGGCGTGCTGCTGACCATTGTTGTCGTTTTCTTGCTGATCCTTGTTTCATATCATGAGAAGGAGATGCTGGAGCGGGTTGTGGACCAGGAACTAATGGGGCTGACGCCGACTGTTTTGCTTTTTCACTTTCCACATCCAGATCAACGCACTGGGGGGAG
NZ_CP136920.1_gap29	1459589	1463234	3645	CTGTCGCCCAGGTTACTTCAGCGAAGGGCCCAAAGCTGATGCCGAGGGTGAAATCTCCACCAGAATTCGGAGCAACAATATCGACTCGGGGAATAAATTCCGGATCTGTGTCAGTGCTGAAGTGGACAAAGTACTCGTAATCGCCCCCTGATGCCGGGCTGTCAGCATTGACCGAAAAGTCTAAACTTGCGTAGACAGAGCCGGATGTGATGCTTGTGCCGAAGCTGCGTTTTACATCTTCGGTCTGCGCAGCAGCCTGTGATAAGGCGACTTGCCCTGAAGACACCGTCAACTCGTTTGTGCTACCGCCAAAATTGGTCCAGTTTCCACCCGAGACTGCGGTCAGGACTCCATCCGGATAATCAAAGTCCTCAGAAAAGAAGACCAGAGCCGGACACATGCTGGTACTAAGGACACCAATGGCAAGTAAGGTTGCGAATTGTTTCATATTTCTTGATATCAGGCTGATGGCGTTTCTCGGGAGGAGAGATGGCGCATGGCTCAACCTAATGCACGAAAGTTCTGGAGGCTCACGTGTGAATGTCAATCACTGAGTCTCACGTGCATATCGAGCGCTCCCTTGCAGTCTGCACAAAAAACCGCCGGATGATTGAGCACCCGGCGGTTTTATGTGTATGCAGATGAGTAGCAAATTTTATTTACGGAAGCGACGACGGAGCATCACTACACCAAGAGCAACCAAACCACCAATTGCAGCGTAGGTTGAAGGCTCTGGAACTGCGGTGCCGCTTATTGTTACATTGTCAAATGCGATATCTTCATCGCCAGAGTTAAGATCAATGGTAATTCTTAGGTCAAGACTGCTGCCGGTCCCTGCGATAAGTGCACTGTATTCAGTGAAGACACTGGTAATTTCAGCCCCATCACCTATTCCATTGAAGTCTGTGTCGATTTGTGGTGCAGTGTTGAACTGAGTGCCGTCATTTTCGATTGCGAAAAGGTTTTGGAATCCACCTGCGTCGATTTGATACTCAACTAAGACAAAATCATCAGCACTATCCCAATCTTGATTGCTTCCGTCATCATCTTCGGCCCAGAAAGCAGAGAAATCCAGTGATGTTAAACCTGTAATGTTGAGCCCTGACCATGTGAGCGTAGCTAGGCCATCAGGTGCAGCAGGGTCGCCAGTGCCAGCCGCATCCATGTCTTGTGCGGCGAAATAGCCCGAGCCTTGTATATTCGTGAATTCGACATTTGCATTGACTGATATTCCTGTCGCTCCAACTCGTCCGAAGTAATCATTGAAACCATCAGAAGATTCCGTAATCGAGGTTGTAAATCCAACGGTGCTGTCTTCGAAGTCTTCAAATAAAACTGTGACAGCATTTGCAGTCGTCGCGCATAATGCCCCAGCCGCGAGTAGTGTTGTTAGTTTATTCATGATAAGTGTTTCTTGCTTGAGTGTTTTTGGTCAATTTTGTTCAAAGCGCTCCCCTGTGAAAGCCGAGGGAAGATAAGCTAGCCCCGCGCCAATTTCGGGGCATATGTGTGACAAAAACGTGAAACGGGCAGAGAATTTGGACTTATTGGCAAAAAGTAAGTGAGAACATCGTGATTATTGGTATTTCCATATTCGATTGGTGATATGGTTATTTCATTAAGCAGCAAGGCGTGCCCAATAATGCTATAGCCGAGGCAAACGAATTGATCGTGTGCCTAGTCGTGACTCCACTTGGGATTAGTGGGACTCATTGATTTGTGCGTATCCGAAGATTTTAATTCATAAGTGCCGTGTTGAAGTATCCTTTCCAGATGTTGGCTCTGACGGAGATGTGACATCTCTATTGCGAACCTTTGCCATTTGGGTTGAAACAGAAGCCTTTGCTTTAATTTGCCCTTGAGATGCTTCTAGGAATTTCAAAATTTGCACCTAAAGTGCTTTTTTGCCTTGCGATGAACCATCACTGTTTGGTTTTCTGTTTCCAGCGCCACCGCATTGATTCTGTAAGTAATCATTTCACTATCATCTCTCAACGCTAACTTATCATTCATCGTATCGTATCTACCCGTATTTAATAACGGTATCAAACCGTGGATTGAGCACTCCCGCCTGACTTACCTGGGCTCCTGTTCCCTGCATGGTTTGCGTTTTCAAATAACTAAAATCAAATAGACCATGAAAAAGAATCTTCCTGTCTTGTGCATCACTGCACTCTGCTCTGCTGCGATTATGCAGGGCGCTGTCGTAATCAATAATGGTGACCTGGAGATCCGCGATGATGGCACCAACTTCGGTGACCTCTTTATGGATGGAGATTATTTCCAACGCTATTTTGATGGCGTCTCCACCCGCACCAACGGCTTTGCTATTTTGTATGAGCACGATGCTATCGTGGCAAATCCTAACAAAACCTTTTTTATGGGATTCCGGGACAAACACGAATTCTATTGGCAATCCAACTATCAGGCTTTTCTCGATACAACCGGCTCCGTGACTTCACTGATGAAGTTGAATGCAGATGGGAGCCTCGTTCTCTATTCGCAATCGGATGCTAACGATACTATAGTATTCGACCCGGATGGCTCAACGATTACTTTCTCGAAGAGTGGTAATAGTGTATCTTTCCTCAACGATGGTGGTGTTCTTTCTACGGGAGTCGGGGATGTAACGATTGATGGTAAGCTTACGGTTGCTGATGATATTGAGATCAAGAATGATCTTTCCATCGACAACACTCCTCTTGATGCGACAGATCAACCTATCGTAGCCACACAGCCCGGAGCGTTCTCTATTTTAGGTGGTCGGGCTGATGAAACATCGCAAAGGACAGGGGCGATGTTTCGCATGGGGGATATGACCATCGGGGCTGATCAATCTTCAGGGGGAGGTTCTTACTTTCAATGGTTTAGTGAATTGGACTTTGCAGATGGAGGAAGCAAAATCATTTATCTTTATCTTGGAGAGTGGCCATTTGCCTTATGGGGCTACTTCGATGTTACACTCACGTCCGATACATGGAATGCTGCGGGTAGGGGGGCCATTACCAAACGTTTTCCAATCGCCTATAAAACTTGGAGTCAGGCATCCCCTGGTAGCTTGCATAAATTTGCCGAAGAATCTTCACAAGTACTCGCAGCCACTGGAGGCATAGCCACTATGGCTACAATTGGTGAAATCGAGATGTTTGGGACGCAAGTTCGTGTGCCTATCTACTTCAACAATGGCGGGCGTGGCTTTGGAGGCTTATATGTTGAGGGTATGTTTTCGCGGGCATACAATGATAATGATTACCCTTATGCCACAATCGACGATTATACAGATCCAATAATTCTGGACAATGCAATCGAGATGGAAGACTTGAGGGTTGATGGTAGTATCACACTTGCTGACGGCACAGTGATTAGCGACACGGATGACCTGCTGTCGGCGGTTCTGGTATCGAGTGGTGGTGCCAATCTCATTACGCAAGACAGTAGCAACAATACAGATTGGGGGATCAATAACAGTACAATCGGGCAGGCAACCTCAACCACCATGTGGGGTGAGGGAAATACAGTAGCAGGTTTTCGCTCCACTGCTTGGGGATTCGAAACTAAAGCAACTGGTGTTCTCTCAACCGCTTGGGGACGTAGTGCTGAGGCAATAACCTCAATTTCAACCGCTTGGGGTTATTTTACTAAAGC
NZ_CP136920.1_gap30	1614233	1618344	4111	TACGTCCCCAGCCTTCAAGACGATGATTTGGTGGAACCCATAACATTTGAATGTAGCCAATATCGCCGATAGTAGAATTGGGGACGAATGGCGGTATGGTTGTTCCGGATATAAACCCGACCAAGGATCCATTCGTTTCTGCGACCAGAATTCGAGATGCCTGGTCTTTGAGAAATTCCTCAACTTCCTGAGTGGCTAACTCTTCTGATAGTGATGCATCCTTCAAGTAAGGGTCCTGGCTTTGTTCTCTGACATGATCCAGTAAGTCCATCAACCAAACCGCGAGTGTCTCAATGTCGTGTTTGTTGGCTTTACGGATCATATTTAGATGAATGGAAGCAATCTCAAGTTTTTGCAGAAAAACTATCCCGCCATCTTATAACAGGCGAGAACTTTACGTTTTTCCTGTTTGCAAATGACCCTGTTTGAATTGCCAGCTGGAAGGCCGCTTCAGCCATTTCTTGAATCGGCTGGCAAACAGTGGTCAGCGACGGTGAGTGGAGCTCTGACCAGGGTATTTCATCAAAACCGGCAAAAGGAATGTCCTGGCCTAGCTTTATGCCGTTGTCCAAACTGTATTGGATTGCTCCGTAGGTTAGGACATTGGCGAGCGAAAAGAGGACCTGAGGCTTCGAGCCGTCTTGCCACATTTTCGCCATCGCTTTGTATCCGCCATCGGGTGTGCTGGAGTCACTCTCGACGATATTCACTTTGATTTTAGATTTAACGGAATCAACCTTAGTCAGTACGCCTTCCACGCGCTGCTGAAAAGATGGATCACGAGTGGGGCCGGTAATGACACCAATTTTGCGGAAACCTTGATTGATGGCAATCTCAGTCAACTCATGCATGCAGGCTGCGTTGTCGAGTGTGACTTGCGGAATCCCCATGCGTTTAAATGAGCGATCGAAAGCTACAAGTTGTGAGCAGTTGTTTTTGGCCAAATCAATGGTTGATTTTTTCAAGGGTTCTATCGGCGAAAATACAAGGGCATCCACATTGCGTTCCAACATCATCTTCACAGTTCTTTCATATGTCTCGCCGTCTTCCCCGAAATTTCCGATAAAGGTACTATAGTCATTCTTGGATGCAATGCGTTCAAAGTAGTATGCAAACTCACTGAAGAATGGATTGGTAATGTCCGCCAGGCAGAGTCCAATCGTGTTTGTTTTACCGCAAGCCAGGGAGCGTGCGACTTTATTCGGTTGATAGCCCAGCTTTTCTGCTGTCTTTTTGACCTTTTCAATTGTTTCAGGCCGATACTTGGCATTGCCCATTTTATCATTGAGTATCAATGAAATCGTGCATGTCGAAAGTCCTAGTTCTTTCGACAGGTCCTTAAGGCCGATCTTCTTTTTAGTTATGGGCTTATTACGTTTCATTTTCCTATTTCAGGTTTAGAATGGAAGATGTGAAGGGGACTGTCGATGGTGTAAATTATATTGATTACCAATTACATAGGCAGCTGTTTTGGCTTCATTTGAATGAGAATAAGCTTATGGAAGTGAATTTTTTTATTGCTAATATAAGCGTTTATATTTTTTAGATGAAGATCATGATTTTTCCACTTCCTTACAAGACTGAATCTTTGGAATCTCATTCCATCAGTGCAGGCAATCCCACAGGAGCGCGTAGCGGTGTTGGTACTTCTCAGCAGAACCACAATGTCCCTGTTGCTGCTGGTGAGACTGTTGAACTTGCGAACATCGAGGGACCGGGAATGCTGCGATCATTCTGGCTCACCTTTGGCAATCTTTTCCACGCAGGAGCTGAGAAGAGACCGGAAATGCTTCGCAGTTATGTTTTGCGCATTTACTGGGATGGTGCCGAGTATCCTTCTGTCGAAGCGCCTCTAGGTGACTTCTTTGGCCTGGCACATGGTCGGGCTGCTCACTACTACAGTGTTTATTTGGCTGTTAACGAGGGCAAAGGCTTCAATTGTTTCTTTCCGATGCCCTTCTCGGATCACTGCAGGATAACATTGGAGAATGACAGCCTTCGTGATGAGAAGTCCTTTTTTTATCAGATAAACTACACACTAGGAGATGAAGTGGGCGACGACACTGCACGGTTTCACGCTTGTTTTAGGCGGGAAATCCCTGAGCCAGCAGCTCCATTTGTCATGTTGGATACCCGTGATGTCGCTGGTACCTATGTCGGGATGAATGTGAGTGCGTTGCCTCGCAGTCCGGGACCTTGGCGCGAAGGTGATTTTCGCTTTTACATTGATGGTGAAAACAATGCGTCGATCATTGGCACCGGGTGGTCGGACTGGTTTCAGTCAGCCTGGGGAATGGGAGTGCATCAAAATCTATATGCAGGTTCCAATTATCAAGTGCCTCATCCTGAGTTTAAGGATAAATACTTTTGCTCAAGTTATCGTTTTCATGTTGCTGATCCGATCTACTTCAAGACCGGATTACGACTGGAGCATGATACCCGAGGTTTTGAGGGCTATGGGGATTGGGTCGGTGAAGATTTGAAATACCGGCAGGATGATTGGAGTAGTACCGTGTATTGGTATCAGCATCTTACAGGAAAAGTGCAATCGGAATTTCCGTCGCGAGAAGAACGAATCCGCGACATCGAGCTTAAAGACTGGGAAAAGGAACTGCTGGCGAAACTGCCATTGAGTCGTGCGGATGCTCACAGAAGTTTTCATTTGCCCGACATGTTGGGAGATGTTCCTGGGCAATAATTTTGAAGTTAATTCTACACAGCAATTATGAAATACAAAAAAATAGGAAACACAGGTGTTGAGGTCTCTCGCGTTGGAATCGGTGCCTGGCAAATAGGAGGCCCGGAGGGCAAGGGCGCCAGTAGTGTCGGCCATGGCTGGGGGAATGTATCAGATGATGAGTCTATCCGCTTGATACATCAAGCTGAGGAGATAGGGATTAACCTGATTGATACGGCTGATATCTATGGTGACGGCCACAGTGAATCCGTTATTGGCGAAGCTTTGCAGGGTAGGCGTGAAAACTGGATTGTAGCAACCAAAGGAGGTCTCGTCAGTAAGCAGGATGAAGTGGGACAATATATGGATGTGTCAGCCGCACACATTAGAAAAGCCTGTGAAGCCAGCCTGAAGAGGTTGAAGACAGAATATATTGATTTCTATCAATTGCATGGACCGCCTGAGGCCGAAGGTGCAGCCGAGACAATGGGTGAACTTGCCAAGTTGCGTGATGAAGGAAAAATTCGTTTTTATGGTGTGTCGGCGAATTCCGTGAAGCACATCATTATTATGCAGGAGCATGGTCCTGTGGATATCATCCAGTTGGACGCGAACATCTTTCGCGAAGAAGTTTCTGCGTTGTATTATGCTTTAAGGCAGAACATCGGGACTTTGGTTAAGTCGCCGCTGGCCTGGGGAGCGACTTTCGGAAAATATGCGACACAACGTCCTGAGTTTGCCGAAGGCGATATGCGCGTAAGACAGAATGCTGCTGACATTCAGGAACATCATGCCAAGGGGCTGCGTTTTTCTTTTCTTTGGGAAGATACTGGGCGTTCGCCTGCGCAGGCAGTTCTGCGGGCAGTACTGGACAAGCCTGGTGTCACGGCAGTTATTCCTGGATGTCGAACAGTTAAGCACCTGATTGATAATGCTGGTGCGGCCGATGCGCCTGAGTTAAGTGCAGTCGAGCTTCGGAAGGTCTGGAAAGCAAATATGGAAATGGAAGATTAATGAGAAGCCATGGGTGCTTGTGATGCATGTCGAATCCATTTGGGTTTATCCAATTAAGAGCATTGGGGCTCTTGCATTGGATGAGGCAGAAGTTGACTCAAGAGGCTTCTGTCTGGATAGACGCTGGTTGGTTGTCGACCCTAAGGGTTGGCAACCAACTCAGGCTCTACGGCGAACAATGTTTCGGATCAAGCCCTCGATTAGAGGAGGGGAGCTTTGGCTGCATGCGCCTGATATGCCTGATTTGATGATTCCACTCTTGAATGATAATCTGGAGTATCAGGGGAAGATCGAGACTGGGTTTCAGTGTCAGGCGACTGTCATGCCTGAGTTGTACTCGAACTGGTTCTCACGCTATCTTAATGGAGAGTATCATCTTGTAAGGATGATGGACGATGACTTCAGGGCAGTTCGAGAGGA
NZ_CP136920.1_gap31	1619616	1624290	4674	CCCTGGGAGAAAGAGCAGAAGGATTTCTTTAAGCTAACTCCGGAAAATGCATTATCGTGGAAAGCTCAATTATACGAAGATGCAGACTGGCAGCTGGCGACGTTATTAGAACCCTCCGAAGAATATACTCATCATCATATGCGACCAGAGCTCAAGGGACGTATATGGGGCATGGATACGAATTCTGGCCTTCCCAGCGTTTGGCCCATGCCGTTCACGCTTTGCAATTGGGCGATAGTGCTGAATTCACTGCCTGCCGGAAAATACACTTTGATATGCAGAGCTGTCAATCGTCATGGTGTTGCGCAGCCTCTGCCATTGCCCTCACCAAAGTCGGGTATGTCTGCTATCCAGAAGCATACGATTGTTGTTGAATGAAGGTGAATACTCAATGTCACTGATCTTTAGCAGAATCTATCTGCTATAAACCCACATCCGACCAGACGGCGTACTCGTTTCCGCTTGGGTCGCTGAAATGAAAACGTCGGCCACCAGGGAATGAAAATATCGGTTTGATGATGGTGCCTCCCGCAGCTGTGATTTTGGTCTGTGTTTCTTCAAGGGCCTTGCTGTAGAAAACGATCAGCGCACTTCCACTGGTGGTTGAACTGATCAAATCGGATTTGAAAAATCCTCCATCAAGGCCTTCGCCGGAGAATGCAGTGTATTCGGGGCCGTAATCAGTGAAGGACCAGTTAAAAGCGACGGAGAAGAATGCTTTGGTTGCCTCAATGTCTTTGGCGGGGAATTCAACGTAGTTTATTTTTTCATGAACATTCATTTTGGCAATTCCTTTGATGTGATGATATTAATGGGATGTGATTTGGTGTCGGTTTCGAGTGATTGACTCGCGACCACTGCTGCGTTTCCTTGCTTTGATGGCAGATGAAGGCGATACAGCATCCGGCGAAGACGATGCTTCAGAAGATATTGTTGAGATTGAAATGCTCAAGGAAAATGACGGTCAACGGGCAGATAAAGCTTTGGCCACGCATTTTCCTGATATCAGTCGTGAGCGTTTGAAGGTTTGTTTTGATGCCGGTCAGGTTTGGCGTGAAGGGGTTGCTTTGCAGAGGAAGACGCGCATTGCGGAGCATGATCGAGTCAGTGTGATCTTACCCGTGCAAAAACCGACAACGGTTGAGCCGGTCGAGATGCCTCTGGATGTGCTTTTTGAGGATGAATCCATTGTAGTGATTAACAAGGTTTCCGGTGTCGTGGTTCATCCCGGCAATGGCGTGCATGAGCCGACGTTAGTGCATGGTTTGTTGTATCACACTAATGGTCGATTAGCGCGGGCGGGTGGCGATGAGCGTCCGGGGGTTGTGCATCGACTGGATCGCGATACATCCGGGGCTATTGTTTTTGCCAAGACTGATGAAGCTTACTATGCGTTGGTCAAAGCGTTCTCCGAGCGTTACGTGAAGAAGGAGTACCTCGCTATCGTCGTTGGTGAACCCAAAGAGGACAGTGGGACAATTAAGAAGCCGATTGATCGCCACCCCGTCAATCGGGTTAAAATGGCTGTTCGTGAAGATGGGCGTTTTGCTCACACTGATTGGTCGGTCGAACAGCGTTTTAATGGAAGATATACTTTAATTCGTTGTCGTATTCATACCGGACGGACGCATCAGATCCGTGTGCATCTCAGTGACATGGGTTTCCCAATCTGGGGTGATCGTGTTTATGGCTATAAAAAGCGTTCAGATGAGAAGCGTCCGCCTGAACGTTTCTTGCTCCATGCAGAGCACCTGATCATTCCGCATCCGGTTAAAGAAGGAGTCGATGTTGATTTACATGCTCCCTTGGCGGCGGAGTTCCAGTCACGAATCAATGTGCTTGTCAATAAGGCTGGCGGCTAAGCCGTAGCGTAGATTATGGCGTGAATGAACGAAGCCTGATGCGTTCGCGAGCTCTGCTACTGTGATGAGCGTAATCAATGCGGTTGGCATAATGTCCGCTCTGGCATCGGGGAGGTGAGCGAGCCTGGATCGCTCATACTGATGCATGGATGCGAGCTCGAGAAAAAGATAGCGCAGGTAAGTCAGCCCCAGTGAATTGCTGACCTGTTTTGGGGTCAGGCTAAGCCAGCCGGCCCGAATTTCTCTGGCTACAGTAAGCGCACCTCCGGTCCCGGCAAGAATGTTGCTACCGGCAGGGAATTTAAAGTCGGACCTGTAGATCGTATCCTGGACTGTTCTTGTTATACGCTTCATTTCATTGGCCTTCATTGGCAGTGTCGGATCAGGGATGCATTTTTCCGACAAGCGTACGGCTCCAAGTGGTAGGCTGGTTTTGGCGACAATTTCCTTATCCTTGATATGGATTAGTTCCATGCTTCCGCCTCCCAGATCGACCAGACAAAATTCTTTGTACTTTTCAACCGTTGGGTCGGTTGTGATTCCCCAGCCAATGTAAGCTGCTTCTTGTTCGCCTGATAGGATATCCAGCTCCAGGCCGGTCTCCTGCCGGATGCGATCGACAAACACGTCGCGATTTTCTGCATCCCGAACGGCACTGGTTGCTACGACGTAAAACGTGATTGGTTGATAGCGATCTGCTTCTTTAATCAGTGATTTGACGGCTTCCACCCCTTGCTCCATTGCAATATCACTCAAGACTGGATTGTCGCCACCCAAGCCTTCACTTATGCGTGTTTCCCAAGTCGTCTGGTAATTGACGGCTAGCGGTGACTGCGTCTCAGCAACAAGTAGTTTAATCGAATTACTGCCAATATCAATAATACCCAGTTTCATGCGTCGTAGCCTGTAGGAGCAATTATAACCACAAATTCACCTTTAACATTAGCACCAATTATCTTTGGTGCAACCTCAGAGATTGGCCCACGTAGAAACGTTTCGAAGCGTTTGGTAAGCTCCCTGCAGATACAAACAACGCGATCCGGGCCGAGGATGGTTTCAATATCGGCTGCGAGCTTGGCTATCCTATGGCATGATTCGTATAGAATAAGTGTGTAATCTGCGTCCGCATGTTTGGTGAGTAGTTTGTGTCGGGCTGCACTTTTAGGGGCAGGAAAGCCGGCATAAAAAAAGGCATGCGGAGGCAGACCGGATGCTGCCAATGCAGCAAGTAGGGCTGAGGGCCCTGGCAGTGGGCTGACAGGGAGATTGCGCCTTTGGCATTCTCTTACGACACGAAATCCCGGATCACTCAATAGTGGGGTTCCTGCGTCACAGACGAGTGCGATGCTCTCGCCGGTTTCTATCCGGTCTGCCAGTGTTATTGAGAGTTCTTTCTCGTTGTGTTCGTGATAAGCGATCGTCGGACGGTCGCTGCCGATGTGATTCAGCAGTTTGCGTGTGACACGGGTATCTTCACATGCAATGAGATCAACGCTTTTCAGGATATCGACTGCACGCAAAGTGATGTCGCCTAAATTTCCAATTGGGGTCGATGTGACCCATAACGTGCCTGGGCCTTCGCTTAGCTGTTGGGAGGGCGATTCGTTGGCCGGATTGGCATTGGTTGCATGTGATTCGTTTTGAGACACTAAGCTTTCCAGTATAAGTTAAGCTGAAGCAGTTGCTTCCAACGCTCAACATGCTGGTGAGAAGCGCAACTCCAAAACCGAACTTTGTCTGAGATTTCCCAGATTCAGTTTAAGTGCTCTAGCTTACAGCTCGTCTATTACACTTAAGCTGTAATGGATAAGCCTTCTGGAGCAATCCGGATGGATTGCTTCAATGCTTTAGTAACGATTGCGCCCGGGCGAAATATCACCGAGTCCCGGTGCCTGGCCTTCCCAACCTGCTGGTCGACTCCATGGGATGCTGGACTCATCCTGACTGCTGCTTGAGCAGCCAGAGAGGAAGAGCATGGCTCCAACTGAGAGGAGTAAGACTGAAATCAGGCGGGAAAGCATAGTGTCTCTCAAACGTTCTTTTTTATTGGATGAGTGTGATCTCATCACCCTCTTCCAGGCTGCCATTGCCTTCTCCTGGGAGAATGTAAGCAACGCTATAGTCTGGTGCCGTGCGTGCGACTTTGACGCGAACGGGTGTTGAAAAACCTTTGGCAATGCCGAATTCCATTTCTCGCTGAAGGCCTTGCTTCTGGCCGCGGCTGATGATGATCATGCCGTTGTCGGTGTCTGCCTTGAGGATCGAGGCTTTTTGACCGGAGGAGGCGAGTCGCACAACCGGGCGGCTGGTCACAGCATCAGCAGAAGAGCCAGTGCTTGGTGTGGAGACGGTTGTGGTTGCGATTACATCGGGTGAAGCAATGGCTGCTGTTGCTGAGGCGGCAGATGCTTTGGCAAGCCTGTCCTTTAATTTATCGATCTCATCACCGAGGTCTGCAATTTTCTCCTCGTACTCTCTTACCTGCTCAGGGTTTGAATCAGGGACCTCTGTCTTGGTTGCTATGATTTCCTCTTTGAGCTTGGTGTTTTGAGCTTCAAGGGCCTTCAATTCGTTTTGGGCTTCTTTCAGCTCGGAGCGGGCGGCGGTTGTTTCGCGCTTTGCCACAGAGAGTGCAGTGTTTCCGCTCTTTACACGACTTTTGGCGTCAGCCAGGTCGGATTCAAATCGGGCAGACTTGGATTGGGCGTTCTGGTGCTTTACCTCGAAGTCAGCTGCTTGCTTTTGCGCAGCAACCATCTCTTTTTTGGCGGCATCCAGTTTACTGTTGGCTTCCTTGACCTTGTCTTTGGTG
NZ_CP136920.1_gap32	1743317	1746794	3477	TCCCGCTTTTTTATAATTTAGATTACATCGGACAGGTCTTCAAAAGTTTGGGATCCGTGAAGTGGTACGGCCTTCGAGATAATGAAGATAATCGGTGGAGTCAGGAGTTTTTGGATGATAGTCTGGACACCAATGCTGTTGAGAGTGCCACTATGATGACATTGCAGATTGATATGTTGCTCAAAGGGCAGGATCTGCCTCGCGGTCGTATTCGGTTGGATTTTGAGAATGGCCAACTTTGGATTTGGGCATCAGTCACTGACGATTACTTGATGGCCTACACAGAGCGAGTTGATAATCGCTCGGACTTAAGTGCAATTGAACAATTGGGAGAAGCATTCCTCCTCGGGCCTTTAGTTTAGCAGGAAAACAGATTTTGATCTACTGCCTTTTACGCCTTTGGGGGACAAATGCAGTATAGACGGAGACTTAGTCCAAAAGTTCCCTTATCTTATTTGTGCATATTTCTTTATCGCCGCCGATTTCGGATAATTGCCAATATTCCGGCAAAGCCAATCAGTGCGAGAGTGCTAGGCTCTGGAACGACGGTAGTTACCGAAGCGAAGCTGTTTCCGAGTCGAATTTCATCCCAATTTGTATCTGCGTTTGAGAAACTGGCAAAAGAGATACGGTCAAAAGTCATATTAAATCCTGAGATGGCCGTGCCTGCACCAGGATTGGTTAAGTCGGGATTTTGCCATACAGTGACTTGATCGTTATTAGTAATCGCCGAAAAGTCGATTTGAACGACGAAGAGATTTACCCCGCCGTCGTTCGGGCCAAGTACTTCTGATTGAGTTATGGAGACATTGTCTAGGCGTATACCGTAATTCGTCGAACTGCCAAAGTCTCCAGTGTGAAATCCAATCTGAAGCTTTCTATCGCTACCGTCTCCAAACCCCCCATTGTGAAGCTCGAAAGCTCTATATGTAGAGCTGCTACTATCTTCTGTCTGCATGAGAAAGCTGAGATAGATGGTTTCGGATGAGGTGTCTGTGTAAGGAGTCGTTAGAAGACGACCAACTCGGTTACCAGAGCTAGTACTGAAAGCGCTTCCTCCGCTTGCCGGAGCATAATTGCTGTCGCTGTAAGTCAGGCCAGTATCTGAAGCGAGAACTCCAGTCCCGACTCCACTCAACCAATTTCCAGTCATTCCACCTACATTAGTCGGCCCTTGTCCTACCAGGCTGGCATTCCCATTGTAATTGGGGGCGCCACCAGTAGTGAAAGGATCATTGATAATGATCGCGTTCGCGGTCATGGCCGCCGATGTGAAAAGAGCCAAGCTGAAGATACTTAATCTATGCATAACTGAAGACGAACATATCATACGCAAGATGAACCTGAGATGAAAGCACCGCACAATTAGCATTTTTTACATTCATGTGACGACAGAATGGCCGTGCTTGCATCGCAATGAACACCACCTTTTAAGCTCCTATTTGGATACGCACTAAAATGAACTAAGGTTTTCAATTCAGGTATTGAGAATTCGTCTAAAGAAAACCAGAATCATTGCCGATAGTTCTCGGAATCGACCCTGTCAGATATCTGAAGGTTTTCAGATTATGTCTAAGTGCTTGATCCAGATTCATTTTTATCGCATAAGTCTTGTTTTAACCTAGCTAGAATATTTGGAAAACCGCTTCCGCACCTGCTCGTTCTGATGGCTCAAAAAATACTTGTTTTAGATGACGAGGAAAACTACGCCGAGATGCTTGAATCTCTGCTAGAGCAACATTTCTTTCTGGTCGATTCTGCTACCAAGCCTGAAGAGGCCTTGAAAGCGCTCGAGCAGGAGGGTTATGAGCTCGTCATTTCCGACTACAAAATGCCGGTCATGGATGGGGCAGACTTTCTGCTAAAAGCCCGAGAAATTAACCCGGACTTGCCATTCATTATTGTTTCCGGGTTGATGAATACCCCCGAGCTGGTGAAGGTCGCAAATATGGGCGTAACGCTCGTCCTTGAGAAGCCGATCGATATCGAGAACTTCATCAATCAGGTAAAAAACTTTGTCACTCCGCTTGCGGAAGAGGAGTACGCGGATGTCAAGTCGAGTGACGGTGATAGTTCTGAAGGAAATGCGCCAACCGTTCGTAAATTCATCAAAACCTATCCCGATGATCTTGAGTTTGTTTCAGATAGCTCTGCGACGATGCAGTTTTTTGTCCAGGATCTATGGGATGCGGTTCAGGAGCAATCTCACATCTTTATTTCCATCCCTCCGGGCAGTGAGATCGAGTTAATTTTACGGGAGATTAAGCGCTGGAAACAGTTCCCAGGGAAGAAGTTCCATGTGGTGTGCCCCGGTCCCAGTGTCAGTTCGACTGAGTTACTTCGGCAGTTTACTCTTGTTGCCAAAGATGATTCTTATGCAAATCTGATCGCGGTTACGGGTTTTTCATCTGCACCACTCAGCGCTCAGGAAATGTTGGTCGATGCTATTCGTGAAGCCCCTGACGATCTCTGTTTTACTTATTTTATTGAAAGTACGTTGTTGGATCAGGCTGCACCTGCGATTAACGAGGAGTTGCTCGAATTGATTCAGGAAAGCCTCTGCAGAATGCCACCATTAAAGGTGCGTCCTTCCGATTTAGCAACTTACGTAAAGCGCATTCTTCCTCGTATTGCTCGTGTAGAGGGGCATTCAGCTATTGCTGAAGTTGAGCCTGATGCCGCTCGTGCGTTGCTCGCATATGACTGGCCCGGAAACTTTGCTGAGCTTATTTCTGTATTACGCAGTGCGGCCATAGTGGAAGAGTCCAATGCGTTAACCTCAGAATCTGTCCAGCGATTTTTGAAGGGCTCAAATGCTGACCTGACGGATCTTGAATCCCATTTGGCTCAGTACCAGGCCGATTTACTCAAAAAAGCGACAGATGATTCCGGAGAGTCTACCATGCAGATACTTGAAGCTCTTGGAGTCGACTATGAGCCAACCGGCGAATCAACAGAAGGTGCTGATTTCCCGCTTCTTTTTCCAGATTTGTTGACCACCCCAGTGGCCGTTAAGGCCTGACCTTGAGATATGCCCTTAGCCAGAATTCAGGTTTCCATTGTTACCCAGGTTCATAAGCTGGGGCGGATTTCAAAGGAGACAGCTGATGAAATCATAGGCACGCCCGAGGAGCTCTCTGGAGACGCACTTGAAAAACTCCTGATGTCAGATCATGGTCTGACTGAGTTCCAGATGCTGGTGGCGAAGAGTCGGGCCGTCGGCCTGACGCCTTTTAATGCACAGAAATTTACGGCCGATGAGCGTACTTACGAAAAACTTGATCGTGACTTTTGTATCGAAAATCAGGTTTTGCCGATAGGTCTGGTTGGCAGCAATATGGTTGTTGCTGTTTCGAACCCCTTTGACCTTTCCGTCATCAATCGAGTCCAGGAAACCACACGCCGTAAGGTCGTTGCTTTGCTGGCTCTTGAGCGGGATATCAAATCCGGTTTGACGGATCCGAGTTCGGATCAAGC
NZ_CP136920.1_gap33	1863120	1864566	1446	GGCCGCAGCCAGAGCCTTGTTATTTGCCAGCGCTATTTCTACGGCCTGCTCCTGGGTTACGGGCGCGGAAATATCTGTTTGCGCCTGTTGTGCATGGACCGCCCCCAACGGAAGCGATAAGAAAAATATAAATCTAAGTCTTTTGAATATGTACATGAAAAATCCTGATACGAAGTTTATCCAACGCTGGTATTACTTCCGGCGGTTGAATTACAGCCCGCCCATGGCGTGCTGGTTAATAACTTCTATCAGGATATCAAATGCGCAGAACGATGGTTCTCGCTATCTCCACACTCTGTGACTCTATTTGCGGCGGAGCTCGAGGGTTGGCCTCGGTTAAAAACTCTGAACGGTAAAACGAAACCTGGTCTTTGTTTATATCAAAAGCAAAGACGCAGGCTGGAAGTTGAAGCAGCTCAAGTTTGTCCGGCCGAATCGAAGTGATTTCCAAGCCTTCGATTTTTACATCAATGCAATCACCGCAATCCGAATTGGAATGCAAATCGACAGTTGGTGCGCTGTCTCCACAGCAGCATGCTGCCGCATCGCCACACGATTCCACCTGCATGGAGTCATCCTCGTGTATGCACAACAGGATCCCCCCGGACGCCCCCAAAAGGACATTCCAGGAAAACAGGCTCATCAGCCAAATACTGCCTAATTTACGAATCACGTGAGCTTTCTTTTTCTATTAGAAAGCAGCTTTAAGGATTTGTTTCAAGTTTGGATTTTTAGACGCCCTCTTAGTGGTTTGGTTATGCTTTACCACGCTTTAATCAATATAAGCCTGTGAATCGCGAAGCTTGGCGACATCCTGAGCGGAGTGGCTTTCCTGCTCTGTGCTCTCTGCGACTAAATAGTTTTATAAGGAATTAAGCTAACCCGCCTGGTGGTTCTTACGATTGTTCAGGGCTTCTAAAGCAGTCAGCCCCGCGCCTGCGGCAATTACCAGAACAATGCCGGTGATCACTTTCGGGGTGAAATTGACGTCCCAAATAGTGTTATCAGCAATGGCAGCCACGATAATCGAGGAATAGAAAAGGGCGCCTGCGAGGTAAGATGGAATGAACTTATTCGCCATCGACCATGAAAGGCCCAGTGGGATAAAGAGCACGCCAATCAGCAACAAGTAGGGCCAGCCCTGATCCAGTGAGCCTGTTGGCCAAGTCCAGAAGAAAGTCAGCGAGGCGAAAGTCAATGTTCCGAGCGGGTAATAAAACAGGATTCGTTCGATTGGCTCAACCTGAGTCAGGGCACGCGTTGAAAGGGCGCCGATTCCACGGGCCAATCCCGTAAGCAAGGCCAGTAGCGCATATGGATTGAACAGGGCTTTCTCGGAATGGTGGAGCAAGATCAGGCAGACTCCGACAAAGGCTACAGTCAGGACGCCTAACGTTGCTGGAGAAAGACGCTTGCGCTCCATCACTGTCATGATGATCAAGGCGA
NZ_CP136920.1_gap34	1996648	1998939	2291	GGGGGCGGCCCAACTCACTCCAAGGGTAAGTCTTTCTTTTTTAACAACACCTTCTATGCGATTGGTAATGGTCTGGGCGGCGTTGGTTTTGGGAGTGACTCAGGTGACTCACGCAGAATGTTTAAGCTGCAAAGTCGGAACAACATCATCTACTCGCTGCAAAGCTTCCGTAATACCATCAACGATGTTTACCCGGATGTCGATGGATGGAGTAGCTTTGATTATGATAACCTGGCTTCGGCCGGGGCTTCAGTCGCCAAGGTGAACTATGCAGCGGGCAATGAAACCAATGGAATTCTCAATAACTATCCGACTTTCGTAAATGCGGCAGTCGGAGACTTTCGTCCGGCTGGTGGCTCCTCTGCGATTGATAGCGGACTGCCTATGTTTAATTTCGCTGATATTTGGAATGCTGTCGGACCGGATCAGGGCGCCTTGGAGGATGGCGACAGCTCGCTCATTCCGATTCGTCCGATCAACATGACTTCGGACAAATACTTGCTTACGTTGAGTGGCAGTGCCGGTGGGGCAAATCAAACGACCACCTTCAAGCTCACTTCCGGCTCACTTGGTGGATCATGGAGTTACGAGATTCTGAAAAATGACTCCGAAGACTGGCTTACCGTTACCTCTTCAGGCAGTAGTATTGGTTCAAACAGCACCAAGACATTTACGGTGACCTTGTTGAACAGCAGCAAACCGATTGGCACTTATAAGGCAACCATTCTGGTTAAATTTGCAAACGGGCATTCTGTCCCGGTCAGTATCGAAGGAACAGTGAATTAGTAGAGACTGCACTCAGTCGCACATAACCAAAACAAGCACAGCGCTCCGGTCGAATCCGACTGGGGCGCTTTCTTTATGTTCATTTCAATAGCCACTTCACATGCGTTTCCCTGGCACGGGCGCAGAGTGGGCCACCGTCGGATGCAGTCAGGTCAATTTCAACGATGATTGGTTCATCGTTTTTCATCGCGAAGGCGATTGTGTCCCAGGTTAAATGATCGAGCATGATTTTCGTGCCGCGAAACCGCTGGGCGTTCAATGTGTCCGCACCGATGAACCAGCTGAGGCAGAGGAAACGCTCACCCACTTTGCCTTCGACATATGGACCAAGGAAATTTGGACTGCCATCCTTGGACTTGCCGACTTTCACTTCGGCTTCGAACTGCACTTCTTTCAGGTCAGCCGGATGGGGCTCAATCGTTTTCTTATTCTTCCGGATACCGACGTAGACGGGCTCCTTGACGTCATGATCATGCAGATCCTCGAAGCGGATACCTGGCAGATTGTGACCGTGAATAATGATTTTTAGATATTCACTCATTCTCTCAATTTAGGTCATTCGCAAGTGTCGGCAGGGTAGGGACAAGCTGAGTGATATGAATTGCTACGGGTTCCCTCACTTTTGTGATTCCTTGGGGGGAGGAGTCGGTTGCAACAATGTTGGAAAATTCCAAGCGTAATGGTGTCCGTATACCATTATCGGACGGGCATCCTTGACCCAGTCGCCGTACGCCTCGTTGCCATATATGGCAAACATCGCCTCATAAAGATTGCCGGGGTACTTTCCTGGATCGGGGGGGATGGATTGGGGACCCTCTGTGTAGTGAGGCCAATCTTCGGGTTTGCGGCAGTACTGTATTAAATAATCAAGTGCATCTTCTATTCCGGCACCATCTTCACCTTTGTAATTGAAAAGATCAACTCCGCGAGCATTTGCTGCAATCTGTGAGGTGGCTGTCATGGGCGTGAGTGCGAAATAAGTGTACCATATACCACGGCTGTCTCTTTGGGTTTCATGTGGCATTTCACCATTGGCTTCAATCGAGGCATTAATCCTCTGGCGAACACGTTCGATGTCGGCGTCCAAACCTTGTCCATCATCGAGGTAGTAATGGGCTGCAGCGCTCCCGAGCGTGCCCCAGTCGCCCCAGTTATTTTTGCTTTCAGCTATTTTTGTGCAAGCCGCCAGATAGACATTGATAAGCCAATCCTTGAACGCTTTCCGTTGTGCTTTGCTCCAGCCTTCGTAGTCTCTTATTAACTCGGCGGCAAAGACCAGACTAACGCCAGCATCGGCCATCGCCAGCTCTCCGTCATAGTTGCTTGTTTTTTTGTTAGTGGTCGCCCAGGCATCAATCACCTCGACCGCTTTATTCGCGTATGCGTCTCTCTCTTCACCCGTCGTCAGCTGATACGCCACTGCATTGGAGTAGGCGAGCCATCCATCATTGCTCAGCCGTCCCATTGCTTCAATATGTCCCTCTTTATCGATATAACGGCCAGGT
NZ_CP136920.1_gap35	2055258	2057601	2343	TTGATCGCATGGCGCGTGCCTTTGGTATTGGTAGCAAGAACGGTTCCGGAAAGGACTTTGCAAAGCTCTGGGATGACGACCGTGATCAAGCAAAAGTTTATCTGCAGAACGATTTATATCTCACTTATTCACTTGCTGAACGCATGGGCTTCAAGGCCTCTGTTAAGGAAAGCACGATCTTAGATGGAAAGGGTGTAGCATGAGCATAATCGTAGCCATCATTACAGCTCTATTATTCCTCTTGGTTGGTGCTGTTGGAGTCTGTCTGCATATCAATGAAAAGCTGCAGGAATCGAAAGATTACAACAAACGTGTTTACCAGGAAGTCATGAAGCTTCGTAGGGAAGTTCAAATGAATCAAAAACTAAAGGAGGCGGCGTGAGTCATTACATAAAAATATCCATGCCTTGCTTAGCTTGGTTAGAGAGTTTGGCAAATATTCGAGAAATGAGCTCTGATGATTTGATCAGTGAATTTGTTGAGAAGCGTTTTAAAACTGAAGGAGACAGAGCAATTGAAGCAACCCTCTACATGAAAGCAGGTGCTGAAGTTGCAGGTGTTCCATATAAGCGGTTTATGGTGCTTTCGAAAGGCCCTAAGTCTGACTTGGTGCGCCAATGTGCGATCTACCTTGCAAACAAGGAAGCCAATATTCCACAGAAAGTAATCTCAAGTGTTGTTGGGTATGTTTATTACAATTCAGTTTTTCGACCTTGTAACCTCATTGCAGACTTGAAGGACCAAAACTCAAAAGATGGTGAATTGGTCAGAGAGCATCTTGATGCAATACGAACCAGGGTGCATCAGCTTAAACAGAAGGAGGCGGCGTAATGACTGCAAAGTTTTTAAATGGCCAAGAGTGCCTCCTAAACGTTACAGATGACTGTTGGGAATGGTTGAAGACGCTTGCTGCAAAGCGTGAAATCAAAACTGAATCAGTCGTGACAGGTTTTCTGATGCAGCGTTTCTACGTTGAGGGAGATCAATCATACATTGTAACGGATTATATAAATGCAGGTGCAGCGATTGCTGGTCTTTCATTTAGTGATTTCATCAGTGGTGATAAGCGCCAGCCATTGGCTTTGATTCGTCAGTGTGTTATGTATCTCGCCTGTGTTGAGGCCAAGGTTTCACAGAAGGCAATTGCAAGCATACTTGGGTATTATGACCACACAACGGTTCATTATGCCTGTAAGCAAATTCGTTCATTAAAAGATCAAGATTCAACCGATGGGAATGCGACAAGAGGTTACCTCGAAGCAATACTATCTAATGTAAAGGAGGCTGCATAATGGCTTACTTTTCAAATGGCTCAGAAGGTGCCTATTTGGATAATCAATGTGCTGAGTGCCCAATTGGTAAACACCATGATGCACCATGCCCAGTCTTACTGCAGACTCAATTATACAACTATGCTCAGTGTGGTAATGAGAATCTGGAAGCAGCGCTCAATGTCACAGTGAATAAACATGGTGACTGCCAGATGAAGAAAGTCTTGGAGGAATTCTTGCCTGACACTGAAGAAGAGGAAGGTGAATCATGAAGGCTGGTCAGATCGTCATAGGAATTGATCCAGGCAAGTCAGGAGGGCTTTGTGCTCTTGGTGAGTCAACAGCTAGGTCTAGGCCAATGCCTGAGCCTACAGCCGTCAAGGAATGGCTTGAATCGCTTATTGATCAGTTTGGGCGTGAATCACTCTTAGCCATCATTGAAGAGCCACCGCGCTTTGTTGCAGGTAACAGCAACACTGGTTCAACAATGATTGTATTAGGGGAGAATTACGGCCTCATGAAAGGGCTGATTATTGGTCTTGGAATACCAATGCGCAAAGTGCGTCCTCAAGAATGGCAGAAAGGCTTACCAGGCCTCAAAGGCCTCAAAGGTGCAGAGCGTAAGCGAGCACTCAAGAACTTGGCCAATGAGCGATTCCCTCAACTAGCACCAACACTTAAGTCATGTGATGCCATTCTCATTGCTCAATGGGGCAGGCTGAAGGAGGTCATGTGAATGAAGCTCTTATCCAAACATTTTCAGGAGATCAATCGTTTCGGCCATATCTCGCGAAACGGGATCACGTCTATTGCGCAGGTCTACTGCATTTCTAACAACCTTCTTCATCTCATCTGTTTTAAGATACGTGAACTGATAATTTATAAATTCTTCGCTTCTAATAGGGCTGTAAGCGAGAAGCCTTGCTGCAATTCGAATCAAGAGACCATTGTATTTAGGGCGATTATTGAGGCTCCCACCGAATATGCGAAAAGCTTCCAGCATTGCACTAACATCTGCCGTCAGTTGCTTATAAATCTTGGGATAAATATTAGCGAGATAGCAGAAGAAAAA
NZ_CP136920.1_gap36	2062494	2064034	1540	AGCATGAAGCCTTGAGGGCGCTTCGTTATGGAGACATTGAAGAATACAAAAATTACATCCAGCGAGATGAAGCAGATTTCTGGGATCCACGAGACAGGCCTTTAGCTCCGGAAGTAATTACCATCTCAAGTAATGTGACGAAAAATCGGGAAGGTTTACTGGATCGTGCTGTGCGTATCATGAAAGTCGACTTCCAGGAGGGTGAGGCGGCAAAAGGTGAAGTGCCACACTTCAAGGCAGTGATTCGAGATTTTCGAAGCAATCTGGATAGTCAGCTAGTATATGAAGGAATGATTGATCTTCCAGAGGACATTGAGCAGCTACGTGAAGAGTTTGAAGTGGAGCCGCGCTTTGTCTCAGTCGACTCAGGGCATAGAGCACGTTACATTTACCAGATATGTGCCCGATATGGTTACAATGCACTCAAGGGCGAGGATAAGCCCAAACTTTACATTCATGAACGGCCTGATGAATCCAAAACCTATCGGATTTACTCTCCCATGCAGGATGTTGATCCATATTCTGGAGATCGTGAAGGGAAAGAAGGACTCTATGCGGTTCCTCTGATTCGCTATGACAAACAAAGCATTCGAGATTTACTGGATCTGATACGTGCACAGACTGAATGGGTTGTTCCTGGTGATGTATCCGATGCCTATAGAAAGGAAATGGCTTCTGAGGAGAGAAGAGAGTTCATTCATCCGAAAACTGAGGAAACATTCTGGCTCTGGTGCAAGGTAACCAGCCACATGGACAATGATTACTATGTCTGTGAGTGCTATATTGCCATGTTTGTGATGATCCTTATTGATTCTGGCTATCTTGAGGTTGATTTCAGCTTTGAACCAAGTGAGAGACCAACAGATTTGAAGATCGAAAAATCAGGAGGGAACTAACATGCCAATAAAGGCTGAGTTTCGGCATGTAGAGATTGATCCAGAAAAGGATTTACTTACTCGTGAAGAGCTTGCTTGGACACTAAGGGTTCACAGGTCTTATATCGATGCTATGTGCAAGGCTGGTTTCTTTATGCCTGCTGGAACAGCTACTCTGAAAGAGGCTCGAGATTGGTTGAGGAAGAATAGGTGTTTTCGGAAAAGTTATTAGTTAGTAGAAACAGAAAATTTGTTGACTCATCGTGATTCAAGTAACGCAAAAGATGATACCTTGGTATATACTCTTTGAGTAGAGAATCACTGTTAAAAGCATAGTCCATAGCCATTAGGAAATGCCCATTCTGATCTATTTGAGATAGTAGTATCTCAATATATATGCTAGTTGTTGAACTTGAATCATCTAAAGAATTATAGTCTTCAATTAGTTGCATTGTGTTTCTAATTGTTCTTAAGTATCCATTTAGACTAGGTGTGTTTGCATTCTTGAATGAGAAGTAGCTTGACTGCATATTATGCAAATAGGGCTTGATTTTATTAATGAACTCTTCTGGGGCATTTCTTTCCAATCTCAGGATTTCATTGAAAATCAACATGAACTCATTTACCTCATTAGCTTCATCACTATTTAAGCGAATTTTTCCATC
NZ_CP136920.1_gap37	2090960	2094745	3785	GACCAGGAGCATGCCTCCATTACCATTTTCGATTCCGGGCGAGTGATCGCCAAAGGGATTGTCCCGAGTCAGCCAACGAATGTAGGTTCGACTAAAACCATTATTCAGGCGAATCGCGTTGCCTTGGAAGAAGGCGTCTCCGTTGAAGACGCTGTCTCCTTCGATGACAACCAGAGGCTCCACGCCCGAATGCCCCTTCGATTGCCACCGCAGCGCCACGAGACGATTGCCTCCGATGGTAGTTCCCAAAGCACCCCCAAAAGGACTGTAGAGAACCGGCCCGGTAACGGTGCTATCTCCGAACTTCCGTGTGGCATTGTCATACATGCCCAGGCCGCCGCCATGTTGTTTCGAATGCAAGATCAAATCGGACTCGATATTGCGTAATTCAATATTCCCATAAAAGTTGACATTGCCACTGTTGGACCACGAAAGTGCCGGTATTTCATTTCCTCCAGTAATTGCGCCTAAGATACCTCCAGCGCCACTGGTTAATGCAACCTGATTGATTGCGTTGAAATTAGAAGCATCCGGATTGTTGGCCGTATTACCCTTCAGATTGGGAGCATTACCAAAAGTGACACCCGAAGGGGAACCATCCAAATTTAGCTGAGGCAGCGCAAAGAGCCCATTTTCGGTTTCCCATTCCTGCACATTCAACTTTTGAAAGCGATTGAGCCGAATATTACCATCGTTGGCAAAAGTCCCCGCGCCGATGTTGGATATGTTTAGATTGGCCCACTCGGTGCCAGTGCCGCTGGTGGTCAGCACTTGGCCACTGGTTCCTGCTTGTTGGCTGGAATCAAGCAGGCTTCCTGTTACGAAAGCATCACCAGCTACGTGTAGTTGCGCGGAAGGCTCGCTAGTGCCGATGCCGATGCGGTTTTGGGCAATCAGATCAACTGGAACCCTCCAAGGCGCATAATTCAGGGTAACAATCCCACCTAAAGAGAGGTCACTAATGAAGATTAACCCATCGCCCAGCTCAACATCAACCGGACCACCAAGAGACCTTGAGCCATCCAAATCACGAATAACCTCAATTAACTGAGGATTACCAGGAGTGGTCACATCAATAATGTTGAGAGCACCATCAGTTTCAGCCACAACGTAGGCCGTGTCTCCGAGCACTGCGACATTTCTTACCCCGTCCAGATCGTTGAATCCGCCGGTACCATCTTCCAGAACTGCGGCCAGGGCTGGCGCTGTTGGATCAGTGACATCGATAATGGTGAGTTGGTCATGCCCAATATTTGGAAGGTAGACGAATCCGTTGGCCAAATCCATTTGAGGAATACTACTTAATGTGTTGAATGTGCCATCGCCATTGTAGACTTCAGTAACAAATGCAGGGTTGATTGGGTCAGACACATCCAAGACTATGAATGCATCAGTAGCAGCGACAAAGGCGTAGTTGCCCACAATTTTAAGACCCCGCGGATTGATCAGCCTGCCAAACCCAGGGTCAGTGCTCTCAATAGTCGTTACAAAACTGGGTGCATTGGGGACACTAAAATCCATAACCGTAATCCCGCTGTCACTATTTGCTGATACAACATACAGGTAATTTCCCGTAACAGCTACATCGTAAGCATCATTCAAAAGGTCAAACCCTGGATCCCCATCCCTCAGTACGACTTCGGAAAATACAGCAGTGGGATCAGCGATGTTCAGGATACTGAGGGTTCCACCTTGACTTGATATAAACAGGTGGTCACCAACGACGCTTACTTCGCGTAATAAACTGTTAGAGTTCGACGCTTGATCAATATAATCGACCTCTACAGGCCCGGCTCCATTCAGGTCATTCACATCGAAAACCCATAAATCTCCGCTAAGATTTACCGCATAGAGATACCCATCTTTAATCTCTATCCGCAAAGTGCCGCCAAGCCCATTTGTCGAGGTGACAGAATCATCAATAAACGAAATCAAAGAATTTGTGGGGATGTCGTAGCCGGTGCCACTATTAATCTGCAAACCCGCATCAGGGTCAACATTACCCAATCCAATTCCCAAACCGGAACTGCCATCGAGAATCGTATTCACCGCACTCGATAGATCCACATTGGTGGCGCCACCATCAATTGAAAGAGCGCCTCCATTCAAACTAAGCGTTTGCAGCTCGTTAGTTGGGTCAGAGTCGGCATCATTGACGTTCAATGTGGTCCACTCAGTGCCAGAGCCAGTAGTCGTCAAGATTTGACCAGTGGTTCCTGCTTGTTGACTGGAATCAAGCAGGCTTCCCGTTACGAAAGCATCACCGGCCACATGGAGTTCAGCAGAGGGTTCGGACGTGCCGATGCCAATACGATTTTGGGCGATCAGATCTACAGTGATAGTGTCAAAAGTCTGCTCGATAATAGTCACAGTCGGGTTGGTTTCCGAAAAAGATGCGACATAGATATTATTTCCGTCTACATCGATACTGTAGAGTTCTTCCAGTTGATTGAAACCATTCACACCGTCGATCGCCTCAGCGACCAAGACCGGGTTGGCTTTATCACTCACATCAATAACAGTTAGTGCGTTATCACCTTGGGAGACAACATAGACAAGTTCATCAATGAGTCGTATTCTTCGAATGCTATTAAGATTATTAAACCCGGCGACATCATCTCGTATCACTGAGACCAGTTGAGGCGATGCAGGCGTTGAGATATCGATGATATTGAGTGCACCCTCATTGAAGGCTGCGACATAGGCATAGTCACCAGCAATCTCTACGTCCGTGGCCGTCCAGAGGAAATCGAAACCGCCACTTCCGTCCACTACACTACTAACGAGCTGCGGAGACGCTGGATTTGATATATCAATAATGTTTAAAGAATCATCCCCAAATGCAGTTGCATACAAAAGGTCCCCGGAAACTTTAAGGTCGATTACGAAACCTAGATTATTGAATCCATTCACACCATCTCGGATAACGCCGATTAGTTGCGGACTCGCTGGGCCCGAAATATCTACGATCGAAATAGCTCCATCAGATACGCCTGCCACATAAAGCAGATCGTCATCAATCTCAGAATTGAAGCACCCTGACAAGAAATCAAAGCCACCCACACCGTCTTGGATTTTCGAGACGAAGCTAGGGTTTGTCGGATCACTCACATCAATAATAGTTAGTGCGCTATCCGCAAAAGAGCTGACGTAAGCATAATCACCTTCAATTTCGATGCCCCGGACATCTGCTAAACTATCAAAATCAGCACTGTCTCCATCTTCAATCCTCGCTACCTCAACTGGTCCAATGCCGCCAAGGTCACTCACATCAAAAATAATTAAACCGATGGTCGTTCCGAAGTAGGCATAACCGCCACTGACTTCGATAATTCTTGTCGCGCCTAAAGGAGCCGTCGCAAAAGAACCATCTAATATCTCAGCGCGATTGCTTAGCCCTTGAAGTGTACCATCATACCCAGTGTTGCTATTAATATGTAGGGCAGCATCTGGAGTGTTCCCGCTCAAGCCAACACCCAAACCGGAACTGCCATCCAGGATAGTATTCACCGCATTGGATAGATCCACATTGGTGACGCCACCATCGATTGAAAGAGCACCTCCATTAACACTAAGCGTTTGCAGCTCGTTCGTGGGGTCTGAGTCGGCGTCATTGACGCTCACTCCGGTAGCCAAGCTGTCGGCCACTGTCGCGCGGTGCGCATGAGCCACCGGAAGAATTGGAACGCTATCAATTGAGCTGAAGGTTCCCGGTGCACCTGTTTCGCTATACCAGACTTGGAGGATCAGGTTATCATTGCTCCAGACTGTTGATGGGATCGCCG
NZ_CP136920.1_gap38	2105464	2108098	2634	CAGCATTGGTTCCAACGTTAAAAATGTACCACGCTTCCGATGCGTCTGAATAGTCTACACCACCAACGGAGATATTTGAGTAACTCGGGAAGAAACCGTGAGCAGCAAGAACACTGTCCGCTTCCAGCCACAAATTACGCGCATGTGTATTTGGATTACTGCTGGCTTCTGCTTGGTTTTGCCAGGTGGTGTTTGAGCTGTTGTAGCCTGGTGTGGAGTTATTCGAACCATTGCCGTCTTCTATTCTGCGGTAGTCCGTATTATTGCGAACCCACTCCAGGATCGTTGCTTCTCCTGCCGGGACGGTACCATTTCCACTAATACCTCTCTTGGGAGTCGTTGTCGTATTGTTTTCATTCCAGTTACTGTGTTGGACGACTACAATACGGGTTTGCGTATCGGTGGTTGTATAAGAAGTGGTGTTCACGAGGGACTGGACCCAGTCATAGGTGAAATCCGAGTTACCCGCTTCCATTATGTAAATCATACCGCCGCGATCCAGCGCAGTTTTAGCCTTGTTAACTACTGCATTGACTGCAGGAGTCCAATTGGTGTTCAGGCCCCAAAAATTATTGGGGAATGAGCTTCCATTGGGATAGTTGGAATTTTGAGGGAAGGTATTTCGATTGTTGAAACCTGCCTGAGACCAGCGATCTTGACCAAAAGCCAGATTCATTAAGGTGGGAGCAGGGATGAAATTATTATTTTCACCAGTGCCTGCGTTATACCCTTGCATGCCAACGGTGCCTTGGACTGCGTAAAAGTCCACACCGTGCAGGTCAGGGTGGGCTAGCATGCAGCCCACAGCTGCAATTGCCTGGATGTCATCCGGGTCCGGCTTGCTGTCGAACTGAGCAATGAATAAATCTCTCGTCTTATTGAAGTTGATGGTGAGTGGGTTGCTGCTTGGCGCCGTTGGAGATTGTGCCTGGGACACAGTCGCCACGATAAAAGACACCACTATGGTGAGTAAGTGTTTTTTCATAACATGGGTTCTTTTAGGTTAACGTAGGGTTCGAGTATAGAGTCGAAATCAGCCAGGGTTGAAGAAGGCAGATATGGCTTGCATTAACGCTAGCTATTGAAGGGGATAAGTTTGGTTTTACACGATAAAGTTTTTAGCGTGTGTATCGGGTTTTTGAAAAGGGTTTAGAAAATTAATAGAAAATGGTCATATTGGATAAAATTTAGAGAGATTGCTTCTGAATACTAAGCATTTAGCCTTTTCAAGGAAAAAAACAAACTGAGAGATAATCGAAATGTAATTAGGGTGTAGGTTCTAATTACACGTGTAAATTAATGCCTGATAAATGCATCTCCTTGATTCATTTTGCGCACTGATCAGACCGGTCTGTGTCTGCAAATTATGGAACGAGAAGCCGAAGCCGATTTTTCGTCTGCAAGCAGGACATGGATAAACATGGAATCCTGAATATTTTAGCAGGCATTACTTGCAAATAGAGCCCTGTAGGGTCTACTCGCAATCAACTTATTGACGAACCAACTTGAGCGCATCAGCTCGCAAAATAGTATTCGCATTCTCTTTGGTCAGTTTTATGTATTCATCGCCTGTCTGACCACTAAAGCGGAACGAGCCCAGTGTATGCCAATCCGTAGGTCCCACGGTGAAGTCCATCTTGCGGGTATGTCGCTGACCATCGGCGAATATCTCAACTTGAATGTTGGAGTCAGCATTTGTCGGACTGAAAATCTTAAATACTGATACCTTATACTCACCAGCTTCAGGTAATTCAGGTGTGTATTTAACATACGAACCAGAGGCGCCACGGGTATATCGACTGTTGGATCTATTATACCCAAGCAACGAAGAGTCAGACCAGCGTCCCTCTGACTCCAGATAGCCTGGGTCGCCAAAATTGATAATCGTAGTTCCAGCCCCTGATTCTGTGATGATAATCTCATTTTTCTCAATGACTATATTGCGAGTACTTGCTTCATTGATTTGCCAAGGAACCGTTACGTTCTCAAAAATGTTGTCTTTAATAAGCATATCCTGACCACGAACAATGTCGATGCCCAGATGGTTATCCTTGAAAACGTTATTCGTGATTTTAATGTCGCTTATTCGAAAAGAGGAATCATCACTTTTATGCTGTCCGCCAATGCCGATGAGTCCTTTAACGCCGTCACGCTCGATCCATCCACTATCACTGAATATGTTGTCTCGAATAACGAAATGCCTTGGATAGGTTCCTTCTTGCCACTCGGTTCCCAATACGATTGCTGGATGCTGGATATTATCGAAGGTGCACCCTTCGATAAGCACATTTTCGTTTTTAATAATACTCATCGCACCAGCAATTCTCTGGCATGTCGTGTTTCTTAAAATATATCGGTCTATATCAAAGCAATAAACTGCGCAGCGTGTATCCTTCTTTACGAAAGATGGCACCTCTGTCTCGAACGTAATCGATAGGATATGATCATGCTCGCGAAGTTTGTTCGGCACTTTTCCTTCATATGACCAGTCGGCAATTCGCCTCTTAACAAGTTGATCTCCGCTCCAAAAGCCAATCTCAGACCCCCTCTTGAGTGGCGCTATTCTTCCTCCCTCTTTTTTGAACTTAACGGTTTTATCACTCTCTCGATCGACAACGATAAACCATGGGCCGT
NZ_CP136920.1_gap39	2110967	2111865	898	ATGGACTGGTTTAGTGTCCTCGTATCACGCCTGGAAACACTTGGCGTTACAACCAGCTCGATTGGCTCTACGGATCGACGAAGTCACCGACTTATCCAACTCATTCGTTCGATGCCACTTGATAAGCCATTCGATAAAAGCCACATTATCCATGGGATGAATCTAAGTTGGCGGAGGACCGAGCAGATATTCAAAGAGAGTTTTAACATCAGTCCGAATGAGTTTCACCAGAGGCGCCGTTTAAGCGAAGCAAAGCGTCTTTTGCGAATTGAAGATGTCCCGATTAAGGAAATCGCTTTTTTGCTAGCCTTCCCACAGCCATCTTCATTCACCAATTGGTTTAAGAATCGGACTGAAACTTCCCCCCAACTCTTTCGTAACATGGCTTATCCGCATGATGGGGAATAAAACACAGCCTAGCCTCAATCCCCTTATTTATCGGAAAAATCACACAAAAAAGCCCGCGAATTGCGGGCTAAAAAGTGGCGGGATGGACGGGACTCGAATCCGAAATATTTTTTCATCTAATTTCACTTGATTTCACTTATGCTTGCCTATCAGCAATTTGTGGAGCCCTGGATGGTTCGGGAAATGCAACGAAATGCAGCAAAATAATTTTAGTTTGGCAAATTTTTGGCAAATCGAGAGGCTGGACAGCTGACAGTCACTGTAAATTCGCCCTCAGAGCCTTGCGTTGTGCATCTGTAAAATCAGGCCGCTTGTTCAACTGATGCTTCAGAACGCACACTTCCTCCTGCAGGTAATCTTTGCATCCAAGAGTTCCTGATTTAAGCGATCCGTGAAAAGTGCCAGAAGCTTCGCCAGTAAAATGGTTCCTTCCACCTTAAGCAGATTGGCGCTGACTTACTTCGATAGAATAGCAGTGTTTATGCACTTG
NZ_CP136920.1_gap40	2112990	2116499	3509	GGTCGCCGGTCAGCAGCCAGAGCTGCTCGCCTAGCCAGTCAGTCCCTGCACCCCAATCGGACGTTGCGTTGGAAGAAACTCTTTCAGAAAGGCGGTAGCTCGTCGCCAAGGTTCCGAACTCGTTGCGCGTAATGGTTGAAGTATTTTCATCCTGCGAGAGGAAGCGATACATCCCGTCGTCGCTGCGGCTGCGCGCCCAATCGTTGGTGACACCGGTTCCACGTTTAAATTCCGGGGCAACCCCATCAAGTGCACCTTTCAACGGCGTATTATTGGCGAAGGCGCCCAGGGCCATCGCTCCAACGAATGTATTCTTGCCGGTCATTCTTCCGTCGTAGCCCTGATCTGCATGTTCAGGCTCGGGGCTCTGCACATCGCGACCAGTGGCGACAAAGGCCCAGTCGGCCCAACGGCCGCGCGGCCCCATAATGGCCCGATCGTAGAGAATAAAGTCTGTGGGCGGTGTGAGTGCAGTCATCGGGCCGCGGTAGAGAATCGCCAGCAACAACTCATAGATCTTCGACGGCGAATCTTCGACATCCTGTCCGAAATAGTAATTATAGCGGTCACCATAAAGATAAGCTTTGAGTAACGCTGCATACTGCCCACGTATGCCATTATACATGTGCTTGTAACTGATGGCGGTGGACTGCTCCAGGAAGCCGGCCGGCTCAACCGAAAGCGGCACGTAAGGGATCGTCTTATCAAGCGCAGCCTTCATCTCCGGCGAGTCGGTCATTAACCACCACCACAGCATATACTTGATAGACTCGCCGTGATAGGTGGCGGCCTCGTTATTAAAACCAACATAATGAGTTGCGCCATCGCCAGCGACAGCCTGAGTCATTACGATATCAATCGCCTGCTGTGCTTTTGTCTGATAAGTGCTGTTTCCTGTCGCGACACCAGCAAAATACACGCCCAACGCCAGCCGGATATGGCCGTTCAGCCAAAGGTCGGCAAGAATATGATCGTCAAACAAGAGCTGACTGTAGGAAAGGTTATGGTCGGCGAATCGCACCATAGCCGCGTCCCAATCACTGATTTCGTCCTCGGTTAAGACATCGGAACGATAGTGCTTGAGCAACGCATACGCATAGGTCATCTGGAAACAATAGCCAATATCCCGGAGATCAGAGTCTCTAGACGTTGCATTCCAGCCATCAAAGGTAGCTGCAAGCAAAACCTTGAGACGAGCTAGAAAGGCAGGATCACCGCGATGTGAACTTTGCGGATGCATATAGGCATATGCGGCAGCAAGTGCTTCTGGTGCCTCACTCGACCACAATCCCTTTCCTGCGGCAACATCGTTGCCAATCTGCACATCAGAATAGAGTTGTGAGTAGATCGGGTAGTTTGTGTTAAGTGATGGAAAGGCAAGTGGCCGGACAAACGGAACCGGTGTTACCTCGTCACCGAGTTCGCTCTCATTCGCGCGCGAATCCGTTTGCGTAACTACATAATAGTATGTGGTTCCATCCAACAATCCATTGTCTGTATAGGTGGACTGCGTCAGTCCGGAGGCAACCGAAATGTAGTTGCTCCCGCTCTCATCCGAGCGATAGACCGTGTAGAATGCAACGTCGGGATTCAGGCTGTCATCCCAATCGAGAATGACGTTGTTGGAGTCATCCATCTGAGCTGTTAGTCCAACGACCTCAGGCGAAAAATTGATAATCGCAGTTAGCTGATCGGCGGTTTTTCCGAAAACCGATTCGGTTCCTGTGGAATAAAGAATGGAGACGAGTTCAAGCACATCACCTGCACTCGCAATACCGTTGTCATCGGTATCCGTGATAATGAGCCCGTAGGCCATATCATTAAACGCGGTTTGATTATCGAATTCATCATCTTTTTCGCGTCCGAGCCAAAAGATCGTATCCAAAGGAGCATAATAAATCGTCCCACTGTTCTTAAACAAAACATTATTTAGCGACGCCTCTTTATTCAGCACGTCACTTCCGGTAAAACCGAGATGATTTTCTTTTGCATGAAGAAGCCCAACCTGTGTCTGAATTTTGGCACGGCTGTGTCCTTCGCCAAAAACGCACTTCCCCATCCGATCCATGCGCCCAACATTATCACTGGGATCCATAACAAAAAAACCTCCGTCAAACGGATCAGGATAAGTCATCCTCGTGTTATATGGAGTTCCGTCGAAATTATCCAATAGACTCAGATCGTATTTAATCAGCGATCCAGAACCTGGAGTTGCAAAAACTTCATTACCATAACTGCTTTCCTCGCCAGACCTTGTTTCCGTCACCACATAATAATAATTTGTTCCGTTAGCCACTCCGGTGTCTGTGTAGGCAGATTGCGTCAGACCGGAGGCAACAGCCACAAAATTGGCTCCACCTTCCTCTGAACGGTAGACCGTAAAGGAATCAAAAGACGGATCCTCACTGTCGTCCCAGTCGAGCGCAACGGCTCCATTCTGTGCGGTAGCTTCCAAGGTAAAAGGTGCCGCAAGAGACTCATAGGATAGCGTGGCATTTTTGACAGACCAAGTATCGCCCTCAACATTAACGTCATTGTCGTTTATTACATGATACAACAATTGAACGGTATTCGACCCAATGTCGCTGACCGTGCGCGACAACGTCGAAGTTTCGGTCATGCTGGTATAGGTTACATCGACCCGATAGTCATAATCGGAACCGTCAATTCCAACCAGAGTTAACTCGATGGTGACATCAATCGTATTCCCCGTACTGAAGGTCAACGATGGCTCCGCAAAATTGAAGTCGACTTCACCCACCACAGTGCCCCCCGTGAAGGGATCCGCGGTTGGTACGGATTTGACTCGACCGTCAGTAGCGGATCCATAGCCTGTTACAAAATCAATGCAGAAATTGTTGGTAAAATTAAAACCCGCTTCCAGCACATTGTTTTTGCTGATGCTGGTAACAATGCTGTTGTAGGTGAAGGAATATATCAGCTTATCCCCAACTTTAGAAAACAACACATCCTCGATATCGTTTCTGACCCCTCCTCTTCCTTCTGTGCCCGAAACCTCATCAGTGTATGTGATGGTAAACCCGGTGGCACTAAGCCCACTTAATACCGCATCATCATCCACACCCCTGTTGGCAAATACGCCCATGGTTACACTCTCGGCCTCCAGCAACCCCGCAAATGGCACCAATGCAATCAATATCTTTTTGAATGTGTTCATCTAAACTCTTTAAACAAAGTTAAGTATCTCACGGCCCTCCTTAAGGCTCGTAAACGCCATACCGTAATACCATCTGATTCCATACAAACGAAAGGGACTGATAACATCAAATAACCAATCCCCCGCGGTGGACGCGCTCATTAAACCAGAAACACGTGCTACCACCAACGCCACATATTTTGACGGTCTTGCTTCTTCAGTGTAGGCTCGCTTTGGTCACCTTCTAACGCATCTACGCGAAAGTCTCCAAACAAATATAGCGCTTGATTCCCCGGCTGGGACACGCGGTAGACAGATGTCAAATCAGAGTCGTATGTCGGCTCTCTTGTTG
NZ_CP136920.1_gap41	2126421	2127838	1417	GGTTTTTCGGTCCAAGAGCTTGCAGATGCGATGAATCAGCCACGCTCCACGGTGGTGCGCGTCTTGAATACACTCGTAGCTTACGGTCTGGTTGAAAAAACGGATCGCAAATATCGGTGCTCGGTGAACTTCGAAACCTGGGCACATAAGGATCGGCACCAACTGCATATTCAACGCTATCGTAAAACCATCGAAGCAGTTGCACGTGAAACCGGAGAGTTGGTCTTACTTGGTGTTCAGGACGGTGCGGGAATCATTCACATCGACTATATCGAATGCGACCAAGCTGTTCGGGTGGCACCCGCTCCAGTGACCCGCCACAATATTCGACGAAATGCAATTGGTAAACTCTGTATCGCCCAACGACCTGACCTGGTAGAGCAGTGGACACAAAATGACACTGATTTTGCCGACGAATTGAACGTCATACGAGAGACTGGCATCGCATGGAATAGAGAAGAAAGCGTTAGCGGGATGATTGCTTTAGCTTGCTACGGATACAATCAAATGCCAACGGAACCGAAAATCGCAGTTGCCTGGCCCACCCAGCGATTTACCGAAAAAGCCGCCGACGAGGCAATTAAAGCAATTCAGTCATCCACTATTAACTCCAAGTATACTCCGTAAAAATGGCTTGAGAAATCACCACGACCTAAGATGTGACGTGCTCCCATATAGCTGGTCCGCCCTGGTGTTATGGTTTGCGGTTTGGATGGGGTTCCATGAGAAAGGAACTCAAGAGATTAAAAGGAACGGTAAACACTATTAAAGAAGAACAGGTCATTTACGCGTTTCGTCAAGTTGAAGGAGGTCGCAAGATAGCTGATGTTTTTCGCGAGCCCGCGGTAAGCGAGCAGACTTATCACCGTTGTAAGAAGCAATATACCCGCAAGGGCGTGAGCGAGCTACGGCGCCTTAAGCAACTGTAGGGGGTGATAACTCAAGCTTACGCAAACTGGTGGCTGACCTAAGACTGGATAAGCATATTTTGTAAGATATCGTATCAAAAAGCTGTAAAGCCTGCACGTAAAACTCGGCTGGTCAAGGAAGTGATGGAGATCTGCGAGATCAGCCAGCGTCGCAGGTGCAGGCTCTTACAATTCCATCTTGTGCTAAAAGTTTCGCAAAAGTGGCATTGTTTTAAGATATACACTGTTTATATTACTAGATGTTGCGTTATTTCTCATTCTCGTTTAACTTTCCAAAGAGAGTTTGTCTTAAGTTGAGGATCGTAGTTTTGCGCCACTAAGCCGCCAACCATGGCGCTCTCAAATTTACCCTGTCGTCCAAATGTTAATGAACTTTCGTCGTAATTCCTCCTTATTTGCGAGTCGCCAAGGAGGATTTGTCCTCGTTATCGCGCTCTCACTAATGGCATTTGTAGTGCTGTTGATAATCAGTATGGTCTCTCATTCTC
NZ_CP136920.1_gap42	2193696	2194515	819	ACAAGACACTGGCTGATATCTTTTTCAGCGGGCAGTACGGCTTCACTCTGGATCCGGATACGAATCAGACCTTCATCATGGATACCAATGGTTCGGGCGCGTCGGAGATTAACATTCTCAATAATCCGGAGGGTAATGCCAACCATGCGATTAACTTGGATCTGGATCTACAGAACAATCTTGAAGTTAACAATTTGGTCGATCAGACACTGACGCTTGCCGGTGATGTTGATACAAACGGCAACGATATCACAGTTAACTCTGTCGGAACCACGACAATGTCTGGTGTTATCAGCGAAGGTGCAGATGTTGTGAAAGAAGGTAATGGCACTTTGGTTCTGTCGGGCAATAATACCTACACAGGTACGACCACGATCACCGATGGCATCATCCAAATTGAAAACAGTAATGGTTTGGGGAACTCAAGTGGCAATACCGTTGTGCAGGATGGAGGCACACTTGCTTTGGCAGGTGGCATTTCTGTTCCCGTTGGTGAGCAAATAGATATCGCTGGTGCAGGTGAGGCTGGCCTCGGTGCGATTTCCAATACTTCAGGTAGTAATACGTGGGCTGGTGATGTTGACTTGACTGCTGACTCAACCATTGGAGCCCAGGCTGGCACGCTTACTTTCAATGCGGCGGACGATATTGATGCGGCAGGGTTTGATCTGACTTTCAATACACAAAGCGGATCGACCATCGATGTTGAGCGTCTCATCACCGATAGTGCGGGGACCAGCGACATGATAATCGAAGGCGAGGGCACAACCATTTTTAACGCCAACAACACTTACTCTGGCGAAACCATTGTTAATGGTG
NZ_CP136920.1_gap43	2201651	2202413	762	GCATCGGATGTTCTGGCCCTTGCGTAAAGCGGGAAAACTTTACATCTGAAAGATGCTTCCTGATGATAAGTTCATGCCTGCACCGATTCCAAAGAGCTTGAGTCTTGAGATTGACGATTTTATCGCCTTTCTTGAGCTGGAGCGCGGGCTTTCAAAGAATACTTATGATTCTTATCGAAGCGATATCGAACAGTTCGCCGCCTTTCTTTGTGAAAAGAAAATTACCGACTGGACCAAGGTTCAAGGAGCAGAGGCGGCCGAATGGCTGGTCGAGATGACAGATGGTGGCTTTTCACAGAAGTCACAGGCGCGTAAGCTTTCGGCCTTGAGGATGTTTGCCCGCTATCTGGTGAAAGAGAGTGTTCGAAAAGATGATTTTTCCGATCTCGTCGTTGGCCCAAAACTGCGCCGCTCATTACCCCACGTATTGGAAATTCAGGAAGTTGGTCGCTTGCTGGAGGCACCCGATGAAGCCACGCCTCAGGGATTGCGTGACCGGGCCATGCTTGAGCTGATGTATTCCAGTGGCTTGCGTGTGTCTGAGTTGTGCGGACTGCTGCTCCAAAGCGTTGATCTGGAAAACGGCATCGTGCGTGTGTTTGGCAAAGGCTCCAAGGAGCGCGTGGTGCCACTTGGGCAGGCGGCGACTGACGCCTTGGAACGTTATCTGGACAGTGGCCGACCGAAATTAGTGAAGCCCAGAACTGGCAGTGACCTTTTTCTAAGTCAGTGGGGGAGGGCGATTTCGCGAAAGACTTTTTG
NZ_CP136920.1_gap44	2210888	2212719	1831	TTGGATCCCGCTCGGGAACAACAATTCGTGAAGGGGAGGTGACGGTCAACGCATTGCCCAGTCAGAATTATAATGCAGCCAATAATATCAGTACTGTCGTGACCTTCACTGATGTTGTGCCTGATAGTTCGGGGGAGATTACAGTCACTTTCAATACTTATAATGGTTCAGGGCATGCTTATCTCGGTGTGGTCGATATTCTTGAGAAAGTGCCTGAACCAGCTGGTGGTTTCAGAGTCGTGTTTGATCTCGGCACTACCAATTTTGTAACAGCTGGCAATTACAACAATGTCACCGACCCAGGTCTCGGGGTTCATATATCCGATGCAATTGATGATCAAGGGGAACTTACTGGTGTGAGTCTGGAAATCACCAATGCATTTGTGAATCCCAATGGAAGTGGAATTGAGGATGATGTGATATATCCATCAAGCGTTCAGCGTGACTCGCTTTTTGTCGCCGGTACAGATGATGCACAAGTTGTTCTTGGTGGATTGGACAGTGCGGACACTTACACAATCTATCTCTTTGGGTCTCGCGCTTTTGGAGGCGATAAGACAGTGGAATTCAGTTTGGACGGGGGTCTGACCTGGATTGATTTAAACTGCTCCAATAACGTAGACACAGTGATTGAGTTTCCCAATCAGTCACCAGATGCTCAGGGGGAGTTCGTCATCGACGTGCAGGCTGATGACGGTTCTGGTTTTGGCTACTTGGGGGCAATCGAGTTGATCAAGAATTAGGATCGCATTTCTAGTTTCTGCTTCGACAACTTGGCATCCGGGGTGGGTTCACACTTGCCTCGGATGCTTTTTCTACTGTTTGCTGAGCGCCTGTCATAGCGAAGCAGTTTCCCGGTGAAGCAAACGAGTTCCTTCGGATCTTACTGCCGGTCTGTGCTTCGGTAAACGTTAGTTTTTATCCTGAGCGAATTTCGCTGCGGCATCTGGATCGGTTGCATGAAGGCCTGTTCCGACAATGTAAGTTTTGCCACGATAGGTCGCAGCCTTTGCATAGTACCATTTCGGATCACCGTAGCCTTCCTCTGCCAGTTTTTGATTGCGAACTGGCCATGTGTCATAGGTCCACATACCAGTGCGTTGGTTCATCACTTTTCCTATAATTCCAAAAACAAATGCAGATTCATCTTTGGTGTATTTAGAAGGGGCCAGAGTTCGGTTAAAACCTGAGTCATAAGCTAGTGAACCGTCGGAGTTCAGCACGAAAATATGAGATTTAGGGAATTGAAAAATCCAACTCTGCTTGTTAAACGTTTCGAATGCTTTTTCTCCACTGATCTGCACCAGGTCGACAGCATCGCTGACCATTTTCTGGACGAATTGACGTTCCATACCCCAGTTTTCCTGGCCGGCACAAAGGACATAATTGTGTCCCTCCAGATTGGGAAGTGTCATGACATAGAAGTCTCCCGAGCCATCATTGAAGGGGTCATGCACGATATGCAGATTACGCGTGTAGGTTTTGGATGTATTATCGAGTGTCTTAACCATTGCCGCATGAGCAAACGCTTTCCCGTTAATCTCACGTGGATCCAAAAAGTAACCTGCTTCATCTTTGTTATCATAACTGCTGGGGCTGGCTACGATTTCACCTGAATTGACATGAAGGACGAAGAGCCCGAAGTTGTCGCGATTCCAGGGGCCGGTATCGTTTTGTTGAAAAGCCTTTATGGCAGCTTCAGGATCTTTTTTTAACAAGTCCGCCGCCTTGTTGATCATATAGATGACTTGTGATGCGCTGATTTGCTCGGATTGATATGAGGTAGCAAACGTCGACTGCTCCATTAATTCCTGAGCACGAATGGATGTGA
NZ_CP136920.1_gap45	2225290	2229908	4618	GCGCTGGCATGGCGGGCAAAGTGCCCCCGGCAATCTCTGGAGTAGTCTTCGAGTATAGCTTTTCCTCTGTGCTGGAAATCGCCACAGTTAAATAACGCCCGTGCGAGATGGAGTTCCCTTAATGCCTGATTGCGGACTTCATTCTCGTTCATATCATCAGTAAGGGCCGCTTGTGCCGCGGTGATATCCTTTTGGGCATGGCCGGTATAGCCGGGGCGGTCGAGTAGCTCTGCGATGGCACATGCCACTGAGCCGTTAGGATGTCGCGTGTAAAGTGTTTCCGTGGCCATCGTTATGGCACGCGAATGCGAAAACTCGGCATCCTGCGGTAGCGTTTGAATTTTATCCAGTATGCATGACCAGGCGCTGCTGTCACTCGAATTGCCCAACGATACAAGTAAACTATCAAGCTCGGACATTGTCATGCCGAACTGTCCCATCCCCCGGTAATCCCATCCTTTGTCCCAATTCCGTTTCTCGATTTCGGCGATGAGCTCATCTTGTCCGTCATTGTCTCCCAGAAGTGAAAGCAACTGGGCGTAGCGGAGACTGCGTTCAGAATGGTCGCCTTTTACTGGAGCATAAGCATCACGCAAGAGTGGCACGCTGAGTTCCGCTTCGTGAAGGATGAGGGATACACCAGCGAGACTGTTCCAATCCTCCTGAATCGCATTTTCCAGCACTTCCTTTGAGACCGGGAAATTGTCTGTGTCCGTTAAGACACGTTCAGGCAGTCCACCGATTTCGACAAGATGCCTTTGGGCGGCTTTAATATCCAGTTTGCGTAAGGGCGTGTCATTCAACGCAGATTGAGCGGCGAGATAACCGGCGATGTAACCTTGGTTTTGTACATCGGCTTGCATGCGGATGACGGGGAGGGCGTCGCGGTGAGCGCTGACTCCGAGTCCCGTTACCAGAACTCCGTCCAAGCCTTGAGGGAGTAGGGTGCGTAGCGGCACATCGGCCCACATTGTGATGCCTTCTGTTGGTGGGATCAGCATGAAGACAGGGTCAATAGTGAAGCCATGCGAATCAAAGTTCGATGTTGCGACGCATATGGTGTCCGGGAAGCGGCGGTTAAATAATATGTCGACAGGATTCAATGTGATATCACCAACAATTTGCCGCCTTTCGCGTGAATCAACGAGCTCACCACAATCAAACTCATTTTTAAATTTTAATTTAGCACTGACAAAGAACGCGGTTGCATCCGTAACATCGGTATCGTCAGAAAAATTATGATCCGAGTTGTTATAGTTGCGCCCTGGCTTCACACCCGCGAGCCCAGTTCCCTGAACGGCAATGTGATCTTTCCCGATTATACGGGTGTGGGCTCCAGCTGCTGCGGGAATATCTGAACAGCCGGTGCTGTCGACGACACAACCTGCTTTGAGCAAGCCAAAGCCAAATGGTCCTGCAACAAGAATTCCGTTGACGCGTCCATCAACGACCCATGTTCCGACACATAATGTATTAAACCAGAATGTGCAACCTTCCTGATATCCCGTCCGATGATACCATTCACACTTTGCACTGACGGACCACTGACCGTCGGCTTGCTGATACTCTTTTTCTGTTTCAAGACTGGCAACACCACGGTCGATTTCAGAAGTGAAGCCGACTCGATTGCCAAACCAGTATTTTGCGATCTGGCCCATTGTGCCGACACCGCCTAGTCCTGAAGTGACTTCGATTACAATCGTGCGCGCACCTGCGCGAGCGGCGCCGATTGCGGCGGGCGCACCTCCTGTTCCGCCACCGGCAACAATGACATCAAAGCTCCCCAGGACGGGAACCTTATTTGGCGTGAAGGAGATTGTACTGCAGGCTTTCGTATTAGGGCGTAGTGCGTCATGCAGCGTGCGGATTTCTCCTTCGTTTATTTCCTCAGCACCATGGCAGTAGACTTGAGCGTTACTTGAGTATTCAGATATCGGAATATCATTTGCGGCCTGCTTGCCCAGTTGATCGCCGAGCTCCATCGCGACGGATGGTTGCGTAAATGCAAACTCAGCACCATTGGGGAGCCGGGTTGCTTCGGAGAGAGCGAGCAGGCCTGGCCAGACTAACAAATTCTGATATGATGGAAGTGCTTGGGTTGGTCTTAGGCACGGTGAGATGGCAGATTGCCTGCGATATTCATCAGGAACCCAGTAGCGTTCGGCCAGTTGGCTTTGAGCTTGCGCGATGGAAGTTGGGCTGCCGTTGCCAAAGTCGACTTCAGTGGTGTAACGTCTGGCACTAAGGGAATACTCATCTGTTTGAAATCCTGGGAGTTTCTGTGGCGCTTCGACATCAGTTGCATCCCTGCCTTCACCATTGCAGAATGTAGTGTACTCAACCTTTTGCGGTCCCTTTTTTTGCCTCAGCTCTTTATGGCCCGACTGTTGCAGGACCAAGCCCTCCATCGTTGCATCGACTACCAGGTGAGCCCGGACCGCTTGGCGCCCGGAGCGGTTGGCAATGACAGCTCCGCATACTTTTTCTGATTGATCGGTCAGGACTCCAGCGGTCAGGCAGTTAAATAAAAACGGTATTCCGGCCTTCACCATCTGCTGTTCCAATGTTACTTTTACATGCAGTGGAGTTGGGGGCATTTTGCCGCTGAAGAAGATGTCCCGGGCCAACTTGGAATCACTTTGGAATGCTTCATCAGGCCAGAATCGAAAAGCGGCGCAGATATCCTCGCCGAGGTATGGGCGGGAGGCGATGAGATAAACTTTCTTCCCGGCATTCCTTGCTGACAAGGCAAGGGCAACGCCTGCCGTGGTTCCGCCAACAACGAGAATGTCAACGTCTGCTACGACGGGCAATTCATGCAGGGAATTTGGATTTACTTCCATCCCTATAGATTTTGGAGATACAAACTGGCTCAACAATCTGAAACGCCTCCACGATACACGCAAACTGTTGTATAATTTGCGCATGTCGCGGATTGCTACTATGACGCCCCGTTTTTCCTTGGGGCTTCTAAGTTCAACGACAGAACCCTAGCGCGCGTGGTGCCATTTAAAACGTGAATCCAGCTTCTCAGTCCAAGAGGAAGCTCTTTGCAACTTAAGACCTATCATCAAAGCGCCTCGCTACACAGTCCCTCCTCATCCAGTGGATTTGCCGCTGAACCCTGCCTCGTGGATATCTTGAGGCGTAAAACATACGGCTAGAGTGCGCGACTAAACCCGCTATGTCAGTAATTAGCTATTACACAAATCCTAACGAATGCAATAACGATACGTTGGGCATTCGTGCTCATTCGCGTAATTCGTATTTAGTAACACTTAGTAAGGCAAGACGGCAACGGGAATCTCGTGGGCTGGAGCGACACTAGCCTACGCAGCCAGACTCTGGTAAGGTGCCTGATGACACGTTTACTAAAGATCTGCCGCTTGGTTAGCCATACAAAAAAACGACGGCAATCCCCACTGCCGCCGTTTTGTTTGATTTGATTTCTTTGCGTTTTGATCTAAAGGGAATCAGAAATCGTAATGTTATCGAACTGGAATGTGGCTGGTTGCGATGTTGTGCATCGGAAGTAGAGGTCCGTCAGGCTGCTGTTGCTGAAATTGGCAAAGCGCACCGTGTTATCGAACAGCAGGGTGGTGTCGCACCAGAGGGAGTTCGAGAGGTGGTCCACATCGTAAGGATTACCATCGGGTCCGATGTAAGTCTGGGTCACGCCTGAGGTATTCAAATACCAGGTGACGCGGACGAAGGTGCCATCCGCCGCATAGGTGCTGGTGTTGACGCCATTGATTCTGAACCGGAATAGACCCGTGCCGCCGCCCTTTATGACCATATCATAGGTGGTGGAAACATTGGGCGTGGCGGTTGAGTAATCCCGCTGGCTGGCAAAGTCGCCGATACGAAGGACTGCCAGATCGGAAAACGTATTCAGGTTCTGAATCGCTAGATCGTATTCGATTTTGAGCAGATTAGGTGTGCCAGGGAAGTCCGTGTAACGCATGAAGCCGGAGCCTGCGTCGTTGCCGGAGAGGCCGGATCTAACAATTTGCAACGCGCCATTGTTGATAGACCATGTGCCGCCATCGACTTCCGCACTGATGTCATTGAACTGATTGGCGGTGGGAGCCGCGGCATCATAGTAATCGGTCACGAGCGTTGTGCTGTCAAAAGTCTGCGTAAAGACTGCAGAGCTAATCGTCAGCTCAAAGTCGTCGAAGGTTGCTATTGCGTTTTCACTCGCACTGCCACTGCTTGAGAATAGTCCTACGTTTACAATGGCACCCAAACCACTGAGGGTGAAGTTGTCGACTTGGGTGAAGCTTTGCCCATCTGATGAAACGGCGACGTTGATCATGTCGCCAACACGTTCGAGCATTAACCATCCATCGGGATAAGTGTAGGATTCCGTCGTTGTCGTTTCTGTGGCTGAGCCGGCAACGGCGGTGCGCGAAGTGACAGCATAGTTGGTTGATGGTGTCGTTGCGATGGCAACCATGCGGGCGCCGGCATTATTGCTTTCTCTTACCATAAGGCCTGCGCGTGGATTCAGCCCATTGCTTTGCAAATCAACCACGCGGGCGATAGCCATGAAGTCGCCCTCCACGCCAGTCTCTTCAAAGTAGATATTGTCTGCTGTTCCGGATAGACCGACACC
NZ_CP136920.1_gap46	2373918	2375673	1755	TGCTACCGAGTTTGAGGCGGAGTTGCCTGTATTGACTTCATCAAGAGTTCTGACCTTTGATAAACACTACCACACCAAATCCTGCGATTACCTTTCTGTGGAACTTAACGGTTCGTCTGTTATGATGAAAATAGATGAGAATTACGCTGAAAACAGTGGCGAGGGTTTTGCCTTTTTTGCTTTGAGCGAAGATCACAGCTTAGACGATTTCGACTCTCCTATCAACGATGATGGAGAAAGCTATTCCTGGTCCAATACGATCAACGATGAGCAGCTCACAATAAGCTTTTCTGTTACACGAGTAGAAAGCATGGACGACTTTTTTGCTCTGTTGGATGTGGTAAGCGATGCTTTCGAAGGAAGTGATGATCTTGGTCATATCAATACGATTTTAGCCACCGCTTATCCGGCCGCTGGTTACGCAAATTTCGGAGATGGGCATTACCATAGTTGGTGGATGCATGGTGGCAGCTACGGCCGATTTGTTTATCTCCACGATTACCGGGATTGGGCTGTGCTTATCCAGGATGATCAGGGAAACACCGCTTATTTGTATCTCCATGGTCGAAACGCCTGGCTCTCGAATAAAAAATAAATATGAGCAATTCAGCTTATCTGAATTTGACTCGAGAGGCACTTATTATAAATTTTATCACCGACACAGTGAGGCACTAGAGCTGAAATGGATGCATGCAGGTGCCTTGAACATTCGTTTTTGGAATCTCACTGAAGAAGCGCTCGATTAATCTAACTCACTTTGACTCATTTGCTATGCAAACCACATCAAACTTGTTTTCAACTCTGATCATTCTTATCTCGATAGGAATGCTGAGGGGATCAGGGCAAATTGATCATGAAGCAAAATTTCCAGTAGATCTTTCTGACAGTTCCGCGGAAGAGATCGCTGTAATTTATGAGCAGTTCAAAGGGAAAGAAATCATCTTCGAAATTGATGATATGTTTAAAGTGAATTTGAAGACGGTAGATGATGTTTCTCAAATTGAATTCTTCTGGATGTTGGAAGAGCTGTTTCGCTTGAATGGAATCGAGTTGATTGAAGAAACTGGTAAGCCGATCAGGCTGGTTCGTGTAAGCGATGGTGAGTTTTACGACTCTAAAGATGATTCTGTGGAATCGAGATTGGAGAAAACGCTTTCTGATCTCCAGTTGAACAATGAGAATGTCGAGGAATTTGAGCTGATGAATCAAAAACCATCCCAGGCTCTGGAATTGGCTCAGGCTTTTACCGGGAAAACCATTTTGCGTGGCCCGGGTTTGCCGGAAAATATAAGGATCAATTATGAAAGTTCTGCGCCCATGAGCCAGGCAGATGCTTTTTTGATCCTTGAAAGCCTTTTGCGGGAAAAGGGTATTATCCTGCTAGATACAGGTAGTGATTGTATTGCAGCCTTGGCTGTAAAGTAATCGACGTCTTAATCGTCGAGGATTTTTGAAACGCTCTTCCAGAGTTCACTGTATGTCTTGGAAGCAGGACTTGATGCCGCGTAAGCCGGGACTGGTTCGCGGTGCAAACCCATTCTTTCGACCACGGATGCCATCGGGATTTGAACTGGGAGGAAATGATCGTCCTCTGCCTGCATCTGCTCAATGGTTTCGCGATGCAGCTTTTTGCGTTTTTCCACCATGGAGAAAAAGGCACGAACCCGATTGAAAGCGATTTTTTCCTTCTTGAAGAATTTTCTGATTTGCTGGTAAGTCAGAATGGATAGGGTTGTGGGGATCACTGGAATGAGA
NZ_CP136920.1_gap47	2436287	2440375	4088	AGATGGAGATATCAGCCTGAGCTACCGACATTTGAGTGATGGGGCACCAAGCCTTCGTTGGGATTATGAGCCAGGTGGGACCTTGGTCATTCATGGTCGAATTGGTTGGAAGTCACAAGCTGTCGAGAAGATGGTTGAAGTGGAGGGCGTTGATTATCCCTGGCTGTCCGAGCCACTTGGCTTCTCCATGCGTGTTTGCCGCGATGATGAAGTCACTGAGCCTGATGCACAAAAACTCACTGTAGCTTTTGGAAGCGGCGATCAGCGCGATTGCTGGTTCAATTGCTATCCCAAGCGAAGGGGATGGTCTATTGTGCATGCTATATATGGATGGGAGACCCGGGGTGAGCCTTCCACGGAGATGGACTGGGTGAAGTTCACGGCTCCTCACGTTGCTGGTACTTTATATCTAAATGATATCATTACTTGTGGTCCGCTTTTTGAGGCCAGTACATTGCCAAATCCGGAGCGGCGAGTTTTTGGTCCTTATCAACCGGCTCGCATAGGCGAAGTCGGTTCGCTCCTGGTTAGTAACAGGCGCATTACTGGGATCGAAGAAGCTCAGCCATTTTTCAAAAACCGTGCGATTACGCCGCTCCCTCAGAAGGTCACCGAGGAAGAAATCGAGGCCTTCCGTACGATAGAGGATCGCCTGTTTCCTATTCTTAAAGAGAAGGCCACCAAACCACTTTCAGCAGAGAAGATGAAAGAGCTGGAGGCTGAATTTAACAAATTTGGAATTACTCGGAATGGTGATACGATCAACGGAAACCCGATTGAGTATAAAGAAAGCTATGGGTATTGTAAGTTAATGCGTGCGTTGGGAGATGCCTGGCATATGACATCCGATCATAATCAACAGAAACAGATCAGCGATTGGTTTTTGGATATGTTTGATTATGCAGTTAAGCTGGGTGACATTCCGTCCCGCTGGTACAATGGTCGCGGATTTGTCGATGGTTGTTTCTTGATGCGAGATGTGCTTAAGAAAAACGGGCAACTCGAAGAAGCTATTACTTATACCCGTCAAGCCTACTTGTTTAACCAACTCTATGATGATACGGGTTTCAATGGGACCAATGTCAAGGGAGCCGATCTTGACTACCTTTACACTTGTACGGTGAGTGTCATGTCGAATATCCTGATGATGGATGAGTCTCCGGAGAAAGTCCGGGATATGCGCGAGATAAGTCACTTTTACAGCACTGTGGCTTTGGATTATTCACCGTCTATTGCTGATGGAATTAAGCCGGATGGCTCTGCGTTTCATCATAATATGGCATCAGCTAGAGGGTATGGAAACTACACGATCCCCATTGTCATTGAAGCTTTGGTTTATCCTTTGTCAGGCACAGTGTTTCGGATTACTGAAGCTGCTCACGAGCGGCTGCGTAAACTGGCAAAGCAGCGCTTTTTTTATAGAACACAAAACCATATTCCTCTTGGTTGGCGTAACATCACACTTGGAGTCCATCGAAAAGATGCCAGCTACAAGGAAAATTTATTTCTAGCGAAATCGGGAACACCTGATGGTAAAAAAAAGTATGATGATGAGATGGCCGCCATATATCTCCGAATTGTTCAGAACGATCTTTACTACAAGGATCGCGCGAATGACCCGGCGATTAAAGACATCCTAAGTCGTGGCATAAAGCCTGCAGATATCCCTCAAGGAACAAAGATTTACCCATATACTGCCGCAGCGATTCATCGCCGCTCAGATTGGATGTTTGCCGTTTCCGGACACAGTTCCTACATGTTTGGTCGTGAATGCTGGGGCTATGGAATACCTTGGATGTATTTACGCTGGGGATTGACTGAAGTGATTTATCCGGATCGAAAAGACCTGGAAATGGTCAACAGTGGTTTCAGCCCAGATGGTTGGGACTGGGCACATTTACCGGGAGTTACCGCTCCGGTCCGTGAAGAAGAGAGACTAAAAACGGTTATCACAAAGCGAGGCCATGATATTGCCGAGCATCTTTACTCCGACCAGCCTTTTGTTGGAGGTGTCAGTACCCGGCATGGAAATGGGCTCTTTGTTCTCAAACTTCGTGGGCATGACAAGTATAAGCTGGATTCTTTCTACGCGAATAAGACCTGGTTTATGTTTGGCGATTTGATTATCTGCCTGGGCACTGACATTCGTTACGATATTTCTGGAGAGTCCGTTGATACAACTCTGTTTCAAAATCGTTTTACTCCAAACAAAGATAGCCTCTGGATTGGCGAAAAAGAAGTAGATACATTTCCGATGAAGTGGTCTGAAGAAACTAAATCGCCACTTTGGATGATTGATAATCGAGCGGTGGGTTATTATATTCCTACTCCGACGAATCTATCGCTTCACATTGATGAGCAAACATCGGGATATTCCTTTGTTCCAGGTCGTCAAGATGCGCCGGATCTTGAATCGCAAGGGGATTTTGCCCTCGCTAAAATCGAGCATGGCGAGACTCCTGATGATGCCAGCTATCAGTATGCGATGAAAATTCGAACGAATCCTGATGCGATGGCCGACTTTGCTGCATCGATGGAATCAAGTCATAAACCTTACAAGGTTTTGAAGGCTGATAGTGAGGCGCATGTCATTCATCACGATGAAAGTAACTCAATGGCCTATGTGATGTTTCAACGCGACTACGATTTGAACATCGGTCACGTTATTGGCGTGACCAAACCTTGTACGTTTATCGTTCAGGAAAAAGACACTGGCCTTGAGGTAAGTCTCTCGGATCCGGATCTTCATTTCTTCTACGGCTTTGGCTGGGATGTCCAACTTGATCGAAGTCGCAAGCAGATGGTCAGTTATGCTGAACCTTGGTACTATGAGCCCAGCAAACCATCCGTGGTTAGATTGATTTTGAAGGGTGAATATGAACTTACTGATGATATCGGTTCTGCTGAAATCTTATCCAGTGGGAACGGTCAGACCGTTCTTGAGTTTGTTTGTGTAGACGGACTTTCAAAAGTGGCTCAACTACAAGCAAAGTGATTCAATTTTAATACCGAAATATCTACTGTAAATGAAAACACTCCAATTCGCAGTTCTTTGGTTTCTCCTACCACTATCTTCCGTAGTGCTTATTGCGGGACAGGATATTGATAGTATGACGAGCGCAAAGCAGAAGGCATTGGATGAATTCCGAAATACTTTAAAAGAAAGATCCTTTAGGACCAGTAATTTGAAAAATGCGGAAGATGTTAACCGATGCATTGAGCTGCTGGATGCAGATGGCTATTTCTCCGATCTCCGCTATTTGAATGACCAATGGGATCAATTGAACACGCCATATGTCAGCACTCAGAATGAGTTAAGCAAGCCTTTGCAAAAAGCCTTTACCCGGCTTTGGAAAATAGCGGAATTATACCGTAACGAGAAACTACCTGAGGGAGATGCTATTGATTTACGAAATCGCGTTTTCAAAGGGTTTTCGAATTACATGCAGTTTGAACGGGATAGGCCTCTCGATACTGGACGTTTTCATGCGTCATGTTTTGCGATGCCTCGTGCGGGGAGTAATGCTTACTTTTGTTTTTTCGATGTTATGGAAGGGATCGAAAACGGTGAAATCACTGACTCTGTATTGGTTGAGGGCCGTCAGGCTATGATAGATCTTGGGTGTCAGGCGTGGACGATACCGGCCCGCAATGACGCGACCGACTCCGATGTTGTTTCAGTGGATCGTTTTCGTAAGCATGTTTGGTGGGTAGGTGGTAACGGTTTAGCCTATCGCAATCTTTCCGAAAGTGCTGCCACCAAGAATTCCGTGGAGATGATGGATGTGATTGCCGAGGTAGCTCAAAAAGGAATTTCAGCGGTGAGTCAGACGACTTACGATGATGCTTTCTGGACCGAGGGTATGACAGCAGATGGAGCAGGGTGGGGGCATGGAATGCAATGTCTGGTTTGGGGATATCCTATTCATGGAACTTCAGCTGCCTTAGATCGGTTAAAGGTTTTTAGAGGAACACCTTGGGCGCAGAAACTAAGTGAAGAGAACGTTAGTTGGCTTCTGAATTTGTTAAGAGGGTCGTCGTTTTTGTATCATCGAGGTATTGCGCCTCCGTGTCTCGGAAGAGGGTCG
NZ_CP136920.1_gap48	2451698	2452947	1249	CAACATCGTATTTCTTCAGGAGCAGGGCAATAATGCAGGTGCCTATTTGGCTGAGTTAAATGCAAAAGCTGCGTCTCTTAGGACTCAACTGCGCCTGTTGACAAGAATGGACTTGAAAGCTGCAGGTAAAGACGGTCATGAAATGACACCGCTAATGGAATCGATTTTGGCCGAGAATGACGAAGAATTTGCGGAGGCCCGTCGGACTGTCGATAAGCTCAATGCTGAACTCTCGGAGTTCCAAATCTACATGAAGCCAAAGCATCCTAAGATCATTGCTTTGAAAAGAGAGATCGAACGGAAAGACAACATGCTGAATATCTACCGCCGGCAGAGTGTCACTCAACTTGCTCAAAGGCAGGAGCAGTTGACAAAGAATCTGGCTGATGTTGATGAAATGATCGATGAGCAGGAGCAGGAAGCCTTGAAATTCAGTCGCCTGCTGGCTGAGTTCGAACGCATCGGTTCACGACTTGAAAGTGTCACCAAAATTCACAGCCGCCTGCTGAGTTCCATTCAACAAATTGAGTTCACCAATGATGTTGCTCAGGAAGTGATCTCAGTTCTGGAGCCTGCAACACCTGCATTTCAGCCACCTGGAAACACGGCAAAACAGTTGTTTACTGGAGGCGTCGCTGGAATCGCCCTAGGAGCAGGTATTTTGTTCGTTTTTGCAGTAATGGATAGCCGGCTGGTGTCGGTTGATGATCTCACTGCGAGGTTTGATGCGCCTGTGCTGGGGATTATCCCACTGCAGAAACAGCAGGATGGTAGAGTCGAAATGCTCAAGGGCAATGATGAGCGGCTGATGTTTGCTGAGTCCTGTCGAAATATTCGAAGTTCGCTTTTGTTTATGGATCGTGAAGGGCCTGCCCCCAAAACGATCTTAATAACCAGTTCTGTCCCTGCAGAAGGTAAATCCACCTTGACTGGTAATCTTGCGATTACATTGGCGTTTGCGTCTGCTAAAATTCTCGCAGTTGATGCAGACTTGCGTCGTGGTCATATGCATGACGCATTTGGGGTCAAAAATAATGATGGTCTGACTGGTCTGCTGACGAATCATACATTGGATCCAAAGAATGTAATTCAAGCAACGGATGTAGAAGGGCTTGATGTCATTACCTGTGGTGATTATCCTGAGCGTCCAGGTGAGTTGCTCATGAGTCGTCGGTTTGATGAGATCTTTGATGCTCTTAAAGACGATTACGATTATATCCTCTATGATTGCCCACCAGTACTGGCAACC
NZ_CP136920.1_gap49	2478561	2482616	4055	AGCGAACGATCTTCTGGAGATTTATAGCATTGCCGCTTCAGACTTAGGGCTTGCGGACCCAACAGGTGCATCCGCCACATCTTCAATTGGTGGTTATAACATGAACCGGTCGGATTTTACCCAGGTTGGCTTTTCGGCATTCAATGATCTTACGGCAAATGTTGCTCTTGATGAGTTCCGTGTGGGCCAATCGTTTTCCGACGTTACACCCATACCGGAGCCGGGTGCCTGTGCATTGTTTATTGGTGTTGCCGCTCTAGTTTGGTCCCGTCGTCGTCGCCTTTGCAATTGAGTATGCGAAGGGTGGACTTCGACCTACAGGGAAATACGATTATGCTCACTCTTTCCTTTGACTGCTCGAGCGAATATGTAGTTCGGGGGGGATGTCCAGCCGGGCAGGGGCTTTGCGACGCCCTTCGATTTCATCTAGTAGCATTTTGACTGCTTCTTCGCCAGCTTTCTCAAAGTGCTGGTCGACGCTTGTGAATCTGAGTAGGCGTGCCGGGTAGGTATTGTCAAAGCTTACAATTGCTAGATCTTCAGGTACGCGCCAGCCTTGATTTAGGCAAATTCCTGCAAGACCAGTGGCAATACTGTCATTAGCACAGAAAACTGCTTCCATCTCTTTGAGTTGTCGTATTGCTGTGTCATGGGCATTCGCATTTGAGGCGAGTGGATTAATTATGCAAGTGTCGAATGCTTCAAGGCGTGCTGCCTTAAGGCTTCTACGGTATTGCGCTTCACGATGTTGGCTGAAATCGGCATCTTGCGATTCCCTGTTTGTAACGAATCCAATCTTTTTGTAACCTTCGGCAATGAGGTGTGTCATTAGGTCTGAGGCTGCACCTGAGCGGCTGTTGCTGACCACTGAACAGTTCGAGGGGATATTATCGTTTTCCGTGACAAGAACAAGTGGTGTTCGCTGTTGTTTGAGGTAGTCGATCAGACTTCTTGGGTTAGGGCTCGCCCAACTGATGATGCCATCGACTTTGTGGGTTTCGACGAGTTGGCGACCTGCTATTAACTCGTCCTCGGGGTTTCCATTGCTGTATTCGACTGCAATTCTTTGTCTTGAGCTACTGCTTTTCTTCTGAATCGCTGCTAGCATCTGCTCTGTAAGAGGTCCTCCCGGGGCATAGATGATTACCCCGATGCTTTGGCTGCGAGGACGGCGTAGGGGCGGGACAAATGTGCCTCTCCCAGTGATCGCATGCAGGAGCCCCTCTTCTCTAAGAAGTGTGAGGGCTTTGTGCATTGTGGCCTGGGTCGTGGAGAACTGTTTCGCTAGATCCGGAACATTGGCCAGTTTGCCTGTGACGCTTCCATTTAGGATTCTTTCGCGCAGGTCATCCGCGATGGGGACGTACTTTGTGCCACGACGAGCTTTCGTGGCTGATTGGAGCATCTTGCTTTTGGGCATTTAATATCAGAAAAAAGATAAACTAGAATATATGTCAATCGGGATTGCTAGTTCGGTTCTCTAAGTGCAATTATTTCTTTAGGTATTAATAATTCAATTGCATGCCCAATTAGGCTTTTGCATCAGTTATTGCCCTATTCTAGTTTATGAGAAAAATCAGAATTGGATTATACGGGACGGTTGGGCATCAGATTCAGAACGCCTTTGAGGCTCATCCTGAAGCTGAGGTTGTTGCGCTTGCTTCATTCGAGCCGAGTGCTATTCCCGACTACTTGCGAAGAGGTGGAGTTGTGATTTATGCCAGCCTTGATGAGTTACTGGCGGATCAATCCATTGATATGGTCTCTTTTTGTTCACCCTTTAAAGATGAGCAGGGGGAACACGTCATTCGTTGCATGGAATCGGGCAAGCATGCATATGCTGAGAAGCCTTGTTGTATGGATGAGGCTACGCTTGATCGGATAATTGAGACCGCCAAACGCACGGGCAGAATCTTCCATGAAATGGGAGGAACGGCTATGCAGCAACCGTACTGTACATTGCGTGAAATTGTAGCCTCAGGTGAAATAGGAGAGGTTATTCAAGTATTCGGCCAAAAGTCATATCCATGGGCAGATTGGCGCCCATCTGATGAGCGAATTGACGGTGGCCTGGCTTTGCAAGTTGGGATTTATAATGCTCGTTTTGCTGAGCATGTGGCGGGAGTGAGGATTTCGGATTTGGAGATAAGGGAGACGCGATTGGGGAACACGAATCCCGATAGTGAGTGCCGCCGAGCTGTTTCCATGTTGATGGAGTTTGAGAACGGAGGAGTTGGGTCTGCAGTCGCAAACTATTGTTGCCCTGATCAATCTGCTTGGGGGAACTGGGGATATGAGACGCTGCGTATCTTTGGTTCGAAGGGCTTTGTGGAGTCGATTGATAATGGGCGGATTGGGACCTTGGCAGTGGAAGGTTGTAAGCCTCAGGTGTTGGATTTCTCAGCTTCCGGGGGCGATTATCTGGAGAGTTTCCTGCTTGAGATAAAAACCGGCATGAAAGCCATTCCTTACTCTTTAGAAGACGAGTTGCGGCCCACGCGTTGGGTTATACGTGCAAGGGAAAATAACCGTAGAAGGGAAGAAGCTAAGCTCAGTTGATTCCAACTGCTTCATGGTTTACCCCAGATCTTCTTGCGATAGTTTACTGGAGAGTCTCCATACTGTGCTTTGAAACGTCGCGAAAAGTGATATGGAGTTTGAAACCCTATTCGGTAGGCAATTTCTGAGATGCTCAATGCTGTTTCAACTAATAATTGTTGTGCCCGTTCCAATCGTAAGTGCCAAAGCCAGTTAAATGGGGTCGATTGTAGGTGGGTCTGGAATAGGCGAACCAGGTGTGATCCGCTGACTCCGGCTGCACTTGCCAGGTCATCAAGGGTCAATGCTTCTCCAAGATGGTTTCGCGCATGCGAACAGGCTCGGATGACTGGTGTAGGCAGGGGGTGATTTGCAGTTGGTTTCTCAAATTCGTCAAAGTAAGCTTGAAAAAGTGACTGAGCAAGGAGGCGATTGGTTGGGTCTTTGCATAAAGTTGATGTAAGCGAGTCCGGAGTATGGATAAAACGAGCGATTGCCTTCATTTGAGAGGAAAGCCGATTTATGGATCTGTACTGTTTCAGATTCTCTAGTGCATCGGCATTTAGGTTGGCGTTTATGAGGTCGCACCATCCATGATGAGTTGGACCATCTTCAGCAAAGTGGAACCTCTCGGTATGGCCGGGGAAGAGTAAAATCGCATCATTTGTGCATAATCGATATTCTGCTGAATCGACATAGACGCTCAGATTGCCTTCATGAACGTAAACGAGCTGAAGATTCGTTTGCTCCCTGGGTCCATATATACAGGGGCTTTGGTAGGTTATTTCACCAACTCGATAGTTGGACTGAGACCATATGCTTTCCATTTTGTAATAGCTCGTTTTGAAGTTTACATCAATCAGGGATATTTGGGGGATTTTGGGAAATTGGACAACGCCTAAGGATGGAATTCAAAGGTGTACTTTTTTACTTCATCGATTTTTGTTTTTTAAATTTCTGATATTCAGTGTTTTAGGTTTTTTAATGCTTATTGATCTTCTTTCTATTCTTTTACTTGCAAGATATAGAAAAGAATATATAAAGATGGGTATAAAAGCTTTGTTTTGTTACTTGTTCCAGCATGGAATTGAGCAAAAAAAGCCCTATTATTTAGATTTTCTAGTAAATAAATTAGTTAAATATTATTTCGTTTTTAAGTATGGCAATATCTTGTCTGCCCAGTTGGAACAATGGACTTCTTGCACCAAAAAGTTTCTTTTTTGTGGTGATCCTGCTATGCTTTGGGACAACTGGCTCATTTGCTGAAGAAGATCGATCGCCTGTTATCATAAGGGAGGCTGCGATCAGTCTTCCGAACTTAAATGAAAGCTCTGGTATTGCTGGGTCTGGCGATGCAATTTTGCTGATCGGTGGAGAAGACATAGATGGGGCTATCTCAAGTACAGTTAGCATTTATCTGCCTGACGCTGGAGAATGGATAGTGGCTGAGCTTGATGCCCCAATCAAAGAGGCAACAGTCGTTAGTGATGGCGGAACCATATATTTGATTGGTGGTA
NZ_CP136920.1_gap50	2514543	2515563	1020	CGAATGCAATGCTCAGCAAGCTTTTGGAATGGGGACGTGACTCCATGGAGTCTGACTCAATCAGTATCAATCAGGAAAAATTGCAATGGGGCGAAGTAACAGACCAAGTATTTACTCCCTTGAGGCCTGAAGCAGCTCAGAAAAATATTACCCTTCAAGTTGTTGGTGAAGCAGGAACAGAGTTCTTTGCTGATCGCATACTGTTGACAACTATTCTGCGTAATCTCATCACCAATTCCTTCCGGGCTCTCAAAGCGGAAGGTACTATTCAATTGAGTATATCCGTTGATGATGCAGTAACGCGTTTTGTTGTCTCTGATAACGGTCCTGGCATGAGTCAAGTCATGCTCAATGATCTGAATCAGGAGATTATTCCCCGGCTTCCGAAATCTCCTGATGGCAGTGGTTTTGGCTTGCTCATTTGTCGTTCTTACACGGCGCGCCATCAGGGAAAAATCTCTTTTGAAAATCAGGAACCGCAGGGACTTCGTGTCCTTTTGGAATTACCACGTTACCCCATAGGTATCGGGCATATTGCTTGAGCTTCTAGCTTGGTTTGTCAGAAGACAGTGTATCAATCATGATCGCTGGTCTGTTGATTGGTCAGCGAAATAAGCTCAATTCTGAGAGGGATGATTGATTTTTACCATGTTCATGGCGATTTCTTAAAAACCTTCTTTGCAGATCCAAAAGTTTTGTTCATGAATGAGGCTACGTGCTTCATTATTTAAAAGTCGAAAACCTTGCTTTGATGGACCGTTCTGAACTCGAGTTCGGGACCGGGTTTACAGTTGTGACTGGTGAGACCGGAGCGGGTAAAAGTGTGTTACTTGGAGCATTGTCGATTCTGGCAGGCAATCGCGTTGACAAATCTGTCATTCGGCAAGGGCAGGCACACTGTTCCGTTGAGGCGATTTTGCACTTTGCAGATGCCAGTACTATTGACGCTGATCTTGAAGCACTGGGTTTGCCGCTTTGCGAGGAAGGCCAACTGGTTTTACGACGAGTCATACATCAACA
NZ_CP136920.1_gap51	2536140	2539539	3399	TCATCTGTGTGCTTTGGCCGGCTGGCGCGAAATGTGGAACTTTTGAGTGATGGTTGGATTTTTTAGCAGCTTTATATTCGGATTCCTTTTCGTGAATTCTTTGCATGCTGGCTTTGATTCCAAGGCCGTCTTTTTCAGGTGCGAGCTTTGTCAGGCTGCTTTTTTTGGGCAGCTCGATATTAATGCTTAATCGGTCCGCCCATTGACCGGCTTTTGCGATTAATTCACGAGAGGCTTCGGGGATCGTTTTCAAATGAATGTAGCCACGAAAGTCGTGCTCTTCACGAAGCTTTTGAGCAACCTCAATGACGCATTCCATGGTGTAGTCAGGATTCCTGATGATTCCCGAACTCAGAAAAAGACCTTCGATATAATTCCGCTTATAAAAATTGATGGTTAGTTCGACGATTTCGTTCGGTTTGAGGCGAGCGCGTGGTGTGTTGCTGGACTTGCGATTGATGCAATACAAGCAGTCATACATGCAGTAGTTGGTCATCAGGATCTTAAGCAGAGAAACACAACGACCATCCGGGGTATAGCTATGGCAAATACCTATGCCTCCTCTTGAGCCAATACCTTTGCCATTGAGGGAGTCTTGCTTCCTTGTGCCGCTACTGGCACAGGATGCGTCGTATTTGGCGGCATCAGACAGGATTGCTAATTTCTTTTCAATTGAATGCACATGTATTTACATGTGAATTATTGTTCACTTATTCAAGTCCAAAAACACCATAAGTATTTCGGTTGAGTATCTTTTGTGGCTTCCTCGAAAAGCTTCCTATCGGGGGTCAACGAGAGAATGAAATTGGAACGGCCAGGCTGGTTAAAGCAACGGCTATAATTAACAAGGCGAACGTTCCAAGGATAATGCCGTAGATCTGGGCAGTCGGAAGCGACTTTGCCTGGTGGCCTGAGTGAGCGCCATGTGACACCATTTCTCCATGGCTGCCATGCTTATGTTCAGCGTGTGCATGATCGCGCGTCGGCATATCCTCATGCTCGTGCATGTGCCCGTTTTCGTCATGCTTCATGTGCTCATCTTCTTGCTGATGCATCTCCATGTGCATCTGTTGATGTTTGTCATGCTCATGTCCTTGATGCTGATGTTCTCCGCCGTGAGCCGTCTGATGATCGCCCTTGGGCATTGCAGACATCATACCGTGTTTGAGTCCACGCCGGACCATCCAGGAATTAATCGGGTAGGCGGTGGCCATTCCAACAATCGTTGCCATCGACATTAGAAACCAGAACTCTGCGTTGTAAGGGCTGTCGGCATTAGGGATGATCAATTTGAGCAAAAGCATGCTTGGGAACATGCCTAGCATGACCATATTCATGGAGACGGTTTCAGCAAAAAAGGTTTTCCGCACAGCCAGCCAGTAATCGCCCTGGAACATTTTAATCATGAATAGCGCCTGGAACACAAATAAACCGACCACAAAGGCGGCCAGGTATTCGATGACTAAATCAATGCCATTGGGTAAACCAAAATGATAAACGACGGCTGCGGCGATGATGATGCCGGTAGCATCTCCAGCTACGCAATGCAGGAGGGAACCGGTCGCCTGTCTCCAGTGGTCACGAATGAATACATCATGAGCAATTCCCTTGGGCTGACGGCAAGATTTCCAGAACAAGGCGAAGCCAATCGGCCCGGTGTAGGCGACTACCAAAATCCAGGCGACCTTCATCACAGTCCCAGTCGGTGTATGGGTTGTCAGATCCCAAATCAGGACAATCAGTGATAGCGCAACCAGTGTAAACCACAGGTAAATGAGTAGGTCCATTAGCCCGAAGTATCCAAACTCACGGCTTACTGACAAACACTTTTATCCTGATGCTTTTCTCCTTACATAGGAGCATCGCACTACGCTATTTATGCAGCCCTGTTCCTGTGCCAGCGACGAATCTCGGCGGCACCGAGGGCGAGGACACTCAGGCCAGTGGCGACGGTAGCAGGTTCGGGGATGGCGCCAGCGGGAATTGGACTGCCGTCCATTTGGTAAGCCCATTCGAAGATGGTTTACGTATTGAGCCAGAGTATGGAATCACTTCCGCGAGAAATGGCTTTCAAGGCTGAAATTGTAAAAGGCAGCCTGAATGATGTCATTTCAGAGTTGAGGGCAAGGGGCGTCGAAAATTTGTATGTGGATGGCGGAAAGGTGATTCAGAGCTTCCTTAGGGAAGACCTGATCGATGAAATGATAATCACCCGTGTGCCTGTGCTTCTAGGAGATGGAATCCCACTCTTTGGAAAAATGGATGCAATGAAGCAATTTACCCGCCAGAAGACGTAGATTGCTCAAAACTACCTGGTCAAGAGTTCCTATTTGAGGGATGGGCGTTAGCTTTTTCCGTAGGGTGGTTTTTTAATTTTTTAAATTGTTTTGAATGTGTAAAAAGTGAGATTGTAACAATAGTTAGCTTGCGTGTGTTTGCGTGTAAGATTGTATATGTGAGTAATGATTACAAATACAGCAATCTCTCGCCAACAATATACATTATCAACCGGGACGGATGCCTTGTTGTTCAACTTTTATACGTTGGATGCAACACACCTTAAGGTATGGAAGTCGCCAGCCAGCGGCAGTGTGCCATCCTTACTTGTCCTTAATACTGACTACGTCGTAAGTGGCACGCAGGATGAAGCAGGGAATGTAACTGTCACCATGATTGGTCAGACTGTGGGTGATGTTATTACAATTCTACGGGTGCCGACTATGGATCAGCTTCTTGAGCTCGTTTCGGGTGGCCAGTTTCATGAGGAGAGTGTTGAGGAGGGTTTGGATAAAGTCACGATGATTTGTTTTGCGCTTTTAGAACAAATAAATCGTGCAATCAAATATCCGCCAACTGAAGTTGATGGATGGATTGCGGAAATTGAGGCGACAGCAGATCGAGCTAGCAAGATCATCGGTTTTGATGAGAACGGTGCTTTGACAGTTTTACCTGAAATAGTTGAGAACGTTGAAACTTATGGTGCTGTTGGAGATGGCGTCACCAACGATACTGCAGCCGTCCAAGCTGCGCTTAACAGCGCTATCGCCAGTGGGAAGGTCTTGTATTTTCCAAATCCGCAAGCCACCTATTTGTTGACCACTGACGTAAACCATACTGGCCTCGAAAACGTCGCCATCCTTGGGCAGGGGGCGACCATTAAAACCATGGGTACATCTGGTATTAAGCTATCTGCATCTACCAACGTTCTAACCCTCTCTGCCAATGTGTCTCATGGCGATGATACGATCACTGTATCAGACGCTTCCGGAGTCGCTATGGGCGACATAATTGAACTTTCTTCTTCAATTGAAGCCCAGCTGGGGTGGGCTTATGGTTCGCGATGGGTGGGGACTGTGAAATCTATTAACGGAAATGTCATTAGTCTTCATCAATCTGTAA
NZ_CP136920.1_gap52	2548655	2552224	3569	CGTCGTGGTGGTGGTCACAAAAAGCTTTACCGCATCATCGACTTCCGTCGCGACAAGCTTGACGTAGCCGCTGAAGTTCTGCGTTTCGAGTATGACCCGAATCGTTCGGCCAACATTGCACTTCTGAAATACGAAGACGGTGAAAAGCGTTACATCCTCGCACCACGTGGTGTTCAGATTGGCGACAAGCTCATCAGCACAAATAAGCCACAGACCGAATACACTCCTGGTCTTGCGATTCAGCTGAAGAACATTCCACCGGCAACTTTCATCCATGCGATTGAAATGCAGCCAGGCAAGGGCGCTCAAATCGCTCGTGCAGCTGGTCAAACCGCTCAGTTGATTTCCATCGATGGAGATCGTGCCACGGTTAAGATGCCATCCGGTGAAATTCGCATGCTCCACTCTGGCTGCCGCGCCGTTATTGGCCGCGTTGGTAACGAAGAACACGAAAACATTGTCGTTGGTAAGGCTGGTCGTAACCGCTGGAAGGGCCGTCGTCCTCGCGTCCGTGGTGTTGCCATGAATCCTGTCGATCACCCAATGGGTGGTGGTGAAGCGAAGACCTCCGGCGGTGGTCACCCGGTATCACCATGGGGACAGCTCTCCAAGGGATATCCAACCCGCAGCAAGTCGAAACCTTCAAACTCTATGATCATCGTCAGCCGCACAGGTAAGAAGGTGAAAAGAGGTAAGTAATCCGAAATCCAAATTTTTAAATCATGGCTCGTTCAATTAAAAAAGGATACTTCGTTGACCCGAAGTTGATGGACAAAGTGGAAAAGGCCCAGGCCGATGGCGGTCGCAAGCCCATCCAAACCTGGTCCCGCCGTTCCACCGTCACACCTGAATTCGTTGGCTTGAACTTCAATGTTCACAACGGAAGAGGTTTCATGCCGGTTTACGTGACTGAGAACATGGTTGGCCACAAGCTCGGTGAGTTTGCCCCAACCCGTACGTTCAAAGGTCATCAGCCTCACACCAAGAAGTAAGTCTTACAGATTTTCACTCCAATGCAAATTGACATCACCAGAGCAACCACCTTCTTCGCCGGGATTATCCTTGGCGCGGCTGTGGCCTGCGCTGAGCCGATCGTCGATGCGCGCTTCGATCAGTCGTTCCTTACGGCGGATTTCGAAGGGGAGTGGGCCGGTCTGCCGGTTGAGTCTGAGGAGGACAGTCCCGTTCAGGTTAATGCTGAGTCCGAGACCGTTGTTTTCAGTAACACGGATGAAGTCAGTGCAGCAGTCACACAGTCGCTGACGGAATCATCTCTGCCCAACCCACTTTTTGTTAGTTATTCACTTTTCCCGACTGGTCGTTCCGTAGTGTTCGGAGTTGCCGAGTCAGAAACTGCCGATGTCGTTCTTATTGAGAATGGTCAGGACCAGGGCTATCGCACTGGTATGATCTGTGAAGTTCTCAATGCTGATGGCAAGGTCGGCGAAATCATTCTCGTGGAAGTTCGCAGTGATCGTGCTGCCGGATTGATCACACAACTTGAAGACAATCGCGTCATACGTTTTGGCGACGATGTCCGAATCAAACCCGTTCAATATCTTTAACGCCTGAAACCCATTAAGACATGGAAGTCCAAGCTTTAACCAAATACACGCGCATGTCGCCGAAAAAGGTCCGTGAGGTAGCTCGCGAGATCCAGGGCCGCCCAGCTCAAGAGGCGCTTGACCTGCTCCGTTTTATTCCGCGCAAGTCAGCGCGTCTTATCCACAAGACGCTGACGAGTGCAGTCGCTAACGCAGAGAACAACCACAATCTCTCCTCCGACGACCTCCACGTGAAATTCGCGCTGGTTGAAGAGGGTCCAGCATTGAAGCGTTTTCGTCCGGCTGCTCGTGGTTCCGCTCACCCAATTCGCAAACGCACCAGCCATATTCGCATCGTCCTGACCGACGAAGTCGCGGAAGCCGCTGAAACCAAGTAATTTTTTAGGAAGACTCATGGGACAAAAAGTAAATCCAATCGGGCTTCGCCTCGCTGTTCGTCGTAACTGGGACAGTCGCTGGTATGCGGACAAGAAACAGTTTCCTGTTAACATCAAGGAGGACTACGAAATCCGCAAGATGTTGAACAAGAAGCTACGCTATGCATCGGTGCCTAAGATTTTCATCGAGCGTGCCGGTACTCGTGTTCGCGTTAAGATTTTCACCGCTCGCCCAGGTATCGTCATTGGTCGTAAGGGTGCAGAACTTGAAAAGCTCAAGGAAGATCTGCAGAAGTGCACAAAGAAGGATATCCTTCTCGACATTCAGGAAGTTAAAAAGCCTGATCTCGTCGCTCAGCTTGTTGCTGAAAGCGTCGCACTCCAGCTTGAGCGTCGTATTTCTTTCCGCCGTGCCATGAAAAAGACGGTTCAGACCACAATGAGCATGGGCGCCGAAGGCATCCGTATTCAGTGCTCCGGTCGTCTTGGTGGTGCTGAAATTGCCCGCACCGAGCAACAGCGTCAAGGCCGTGTGCCTCTTCACACATTACGTGAGAACATTGATTACGGCTTCGCCGAAGCCAACACCATCTACGGTAAGATTGGCGTCAAGTGCTGGATCTGTAACCCGGAGCCTGAGGAAGGTCTTGGTTGATCGGACCTGGTTCGCATCTCACAAGTTTGAATATCTAATTTTGAATATCGAAAATGGCTAAGCTTTTACCATCAAAGACCAAATTCCGAAAAGTCCATAAGGGACGCATTCGTGGCAAAGCCAAGGGTGGCGATACGCTCGCATTTGGTGAATTCGGTCTCCAGGCCCTGGACCGCGGCAAACTGACAGCATCTCAGCTCGAAGCAGCTCGTGTGGCCATGAACCGTTACCTCAAACGTCGAGGTAAGATGTGGATCCGTGTGTTCCCACAAAAACCAGTGACCAAGAAACCTGCTGAAACTCGTCAGGGTAAAGGTAAGGGTTCAGTTGAATACTGGTGCGCCGTTATCAAGCCAGGCGTAATCATGTTCGAACTCGCTGGTTGTTCCGCCACCGACGCTCGCGAAGCGATGCGTCTTGCCGATGGCAAGATCCCGTTCGCCTGCCGATTCATCAGCCGTGAAGAACTCGAGTCTTACTAAGACCGGCTTTAAAATAATTAACCGCATTTAAGAGAAATATTTATAATGAAGGCGAAAGACATCCGCGAACTCTCTCCTGAAGAAGCCGCCAAGAAGCTGCGTGATCTGCGCAACGATCTTGTTAACCTGCGTGTGAAAAAGCATGCCGGCCAACTGGAGAACCCAAGCGAGCTACGTTCGCTCCGCCACGACATTGCGCGTCTCGAAACGATTATCCTCGAGAAGAAGCGCCAATCCGCAGCAGCCTAAGCACTTAAATTTACACAGACATGGCAGAAGAAGCATCCAACTCCACCCGCAACAAGCGCAAGGACCTCACTGGTGTTGTCACCAGTCGTTCTGGCGACAAGTCGGTCAAAGTCACTTTTTTCTATAAGATTGCTCACCCGGCCTACCGCAAGGAGGTTAAGCGCAAGACCGTTGTTCACGTTCATGATGAAAAGAATGAATGCGGTGTCGGCGACAAGGTGGAGATCATGGAAACACGTCC
NZ_CP136920.1_gap53	2571963	2575708	3745	GTGACGATGACGGTGCTGACGCAAGCGGTAGTGCTTATGTTTTTACCCGCACAGATCAAGTGTGGACAGAGCAAGCTAAATTGACCTCGAGTGACGCCGCGGAACGCGATTATTTTGGACAATCCGTAAGTATCAGTGGAGATACCATCATTTCGGGGGCTTATTTTGACGATGACGATGGTGACGGGAGCGGTAGTGCTTATATTTTTAGACGTTCTGGTGATGTTTGGACTGAAGAAGTAAAATTAACTGCGAGTGATGCCGCGGTACGGGACTTTTTTGGATTCTCTGTGGATATAAGTGGCGATACCGCCGTTGTGGGAGCCTATGTAGACGATGATAACGGAGATGGTAGTGGTAGCGCTTATTTGTTTCATTACTCTGAGGGAGTATGGGTTGAAAAAGCAAAACTAACCGCCAGTGATGGTGCAGCAGGTGATTTACTTGGTCAATCTGTCAGTATCAGCGGTAATGCCACGGTCGTCAGTTCAAAGCAGGATGACGATAATGGAGGAAATAGCGGTAGTGCCTATATTTATGAAATCAACGTACCTCCAGTGAACGTAATTTTTGATTTGGCAGATAAAGGTACGCGCACAGGTGGTGGCGAATTGGTCCAGTTGGTTCAAGTCGCAACTGAAGTTATTCCACCTGACGTTGATTCCATCCCGGGTTGGTATTTTAATGGCTGGGACGTTGATTTATCATCTTTCGACAGTGATTCGACGATTACTGCTCAATATTTGCCAATATACACGGTAAATTTTGATCTTGGCGACCATGGCACACGAACGGGCGGAGGCGAATTAACGCAAACTGTTCCAGATGGATTTGCGGCAACGGAACCGGTTGTCGAAGCAGCCAATGGCTACTATTTTAATGGCTGGGATTCAGATCCTTCATCTATTACCTCCGATATTACACTTACAGCCGAATATCTCAATACTCATACAGTAACTTTTGATTTAGGGGCCTATGGAACGCTAACGTCCGGTGAGCTGGTGCAGTCGATAGAGGAAGGTGGAAGTGCAGTCGAGCCCGTACTCAGCGTAAGTGACGGCTGGGCGTTTTTCAGTTGGGATCAGGCTTATGACAACATTACTGGGGATGTTACCATCACTGCACAGTATGTGCCTGCCTCATTACTGAGTCATATTATCGGGCAGACCACTTTTGAAGAAAAGATTCTGGCTGATGATGGTGCATTGAATGACAATTTTGGCAACGCCATCAGCGTCAGTGGGGATACAGTGGTTATCGGTTCAGCATTTGATGATGATAAGGGGCCTAATAGTGGCGCTGCTTATGTTTTCATCTATTCAGGTGGACAGTGGTCGCAACAAGCGAAATTAGTTCCGAGCGATGGTAATGATTACGATCTTTTTGGTCATTCAGTTAGCGTCAGTGGCGATACTGTTGTAGCAGGTGCCTACAATGACAGGGATGAGAATGGTTATGCGAGTGGTAGTGCTTATGTATTTGTACGTTCAGGCAATCAGTGGACTGAGCAGACTAAATTAGCTCCGAGTGATGGTGATGTTAATGATCAATTTGGAATATCCGTTAGTGTTGACGGTGATAACATTGCGGTTGGAGCAAGTAATGAAAGTAACGACAATGGCTCTTACGCCGGTAGTGTTTATGTGTTTGTTCGTTCCGGTAATCTTTGGACAGAGCAGGCGAAATTAACCGCGAGCGACGGTACCGCAAGTGATCGATTTGGTTTCTCAGTGGATTTGGATGGTGACACTCTTGTAATCGGTGCTTATTATGATGCTACCAACGGACTCCTGAGTGGCAGTGCTTACGTATTCGTTCGTTCAGGGAACCAATGGTCGGAAGAAGCAAAATTGACCGCCAGCGATGGAGATGAGTATCATTATTTTGGCTACTCGGTTGGGCTCAGTGAAGACACTGTTGTTATTGGTGCTTATGCGACAAATTCATCCACAGGAAGCGCTTATGTTTATGAGCGCTCAGGCAATCAGTGGGCCGAACGGCATATACTGACTGCCAGTGATGGTGATTACGGTGATCGTTTTGGGGGGGACGTAAGTATTTATGGAGACGTTATCGCTGTCGGAGCCCGTGGCGATGATGATGACGGTTATTTGACCGGTAGTGCTTATGTCTACAACCGAGCGGGGAATGATTGGCAAGAAGTGGTAAAATTAACCGCCCATGATGCGTCTCCCAGCGATCTTTTTGGCAATTCAATTGCCGTCAGTGGAGAAAGAATTGTCGTCAGTGCTCATTTGGATGACGATAACGGTAATTCAAGTGGTAGTGCTTACATTTATTCTTATACTTCGAGTGCTTTATTGCCAGCTACGGTGACATTCGATTTGGCTGGCAAGGGCACACGTACCGGCGGTGGCGAGTTATTTCAATATGTCAAACAAGGGACAACTGCTTTAGCGCCCATAGTTGATGAAGATCCGGGCTGGCTCTTGACCGGTTGGGATACTGATTTTTCCTCAGTGACGAGTGATTTGACTGTAATTGCACAATACGCGCAGGCGCACACAGTGACTTTTGACTTAGACGGCAAAGGCACGCGCACAGGCGGTGGTGAGCTATCGCAAACGATTCAACATGGAAGTTCAGCCTTAGCCCCTTCAGTAAGTGCGAATACTGGTTTGGCCTTTACTGGCTGGGATGTTGCTTACGATTCTGTCACCAGTGATCTGACGGTTACCGCTCAGTATAGTCCGGTTGTCTACACAGTGACTTTTGATCCGGACGGCAAAGGCACGCGCAGTGGCGGTGGTGAGCTATCGCAAACGGTTCAGCATGGAAGTTCAGCCTTAGCCCCTTCAGTAAGTGCGAATACTGGTTTGGCCTTTACTGGCTGGGATGTTGCTTACGATTCTGTCACCAGTGATCTGACGGTTACCGCTCAGTATAGTCCGGTTGTCTACACAGTGACTTTTGACCTGGACGGCAAAGGCACGCGCAGTGGCGGTGGTGAGCTATCGCAAACGGTTCAACATGGAAGTTCAGCCTTAGCTCCTTCAGTAAGTGCGAATGCTGATTGGTATTTTACCGGTTGGGATGTCGATTTTTCATCAATATCCGGAGATCTGATTGTGACGGCGCTCTTTGTTCCTGGATATATGGTGACTTTTGATCTTGGAACTTATGGTAGTTTGCTTTCCGGGGAACTTGTACAGAAAATCCCTTACGGAGGGACGGCCATCGCTCCAAAATTCTCTGTTGTAAATAGCTGGTCTTTTACTGGCTGGGATCGATCCTATCATGATATAACTCAAGCAATCGTAGTCACAGCACAATACGCTCCATCGTCGTTAATCAATTTGCTTGAGAACAAAGTTACTGCGGATATCACAGACAATTCGAAGTTTTTTGGAGCTTCAATTAGTATCAGTGGCGATACCGCTTTGGTTGGGGCTTCTGGCATCCTAGGCTATCCGTCTAACGATAATGGATTTGCTTATGTTTTTGTTAGGAATAACGGAATTTGGACCCAGCAGGCTAAGCTGACCGCCAGTGATGGAGCCGTTAATGACTTCTTTGGGGCATCAGTTAGTGTTCATGGTGATACTGCTGTTGTTGGTTCCTTTTATAATGACGGTAGTGGCAGTGCTTATGTATACATTAGAAATACAGGCGTGTGGACTGAACAGGCCAAGTTAGCTGATAGTAACGCTGTCGATGGTGATTGGTTTGGCCGCTCTGTGTCGATCAGCGGAGATACTATTGTCGTTGGTGCACCACAAAGCGA
NZ_CP136920.1_gap54	2590636	2595346	4710	ATCGTTTTAGCCGCACAAGTCTGCTCATTCTAACGACTCTATCCTTGGGTGTGATTTTGCCAAATGCTTTGTTTGCATCTGGAAGCGTTTGCTTTTCGCAGGGCTATGTTGAGGTCGATGTCTTAGCGGGTTCCGATACTCTCGTTTCGATTCCATTCCACCGTAGTGTCGAGCACGTCGGGACATTGGCTGCCGTTCCAGCTCAGTCCAATGGTGAGGCCGTCCTTAGCGCTGCCGGAGATGATCCAGAGTGGGAAACAGATGCTTATAATGATCTATACTTTGTACGCTTCATTGATGGATCGCTTCAAGGGCTTTGCTTTACCGTCGTATCAAATGATAGTAGCGTGCTTACGGTTGACGATCTTGGAGCGGATTTTTCCGGCCTGACCGCTGGTGTGAAATTTGAGCTGATTCCTTATTGGACCTTGGAAACGCTCTTTCCCCCCGCTGAAGATAACGGACTCACCCCCTCGACCGGCAAACTTACTTTTCAGCGCAAGACACAGTTGCTTTATCCCAACCTCGCTGGAACCGGGATCAATTTATCCGTTTCCGCTGTTTACTTTTTTACGACGAATGATGGATGGCTCGAGGACACTAGTGGTTTTCCAGACGCCAGTAATGTGATTATTTACCCCGATACCTATATTATTATTCGTCAACCCTCGTCAGTAGCTGACACCAGTATTAGCCTTTCAGGTTCAGTCGATATGCACCCTTTGACGACCAGCCTCGCCACAGAAGTGGGGACGAAACAGGATAATTTTGTATCCTTGAATCGTCCTATTCCCGTGACTCTGGCTCAAAGTGGGCTGGCCAGTGGATTTGTGGAATCGACCGGCAAACTGTCTTTTCAGCGCAAAGATGAATTGCTAGTCTTTGATAATACAACCGCCGCAACGAACCGTTCGGCATCAAAAATATTCTTCATGACGGGCGGCTCATGGTTCGAAGATACATCTGGCTTTCCAAACGCAGATAGTTTCCTAATACAACCCGGGTCAGCTATGATTGTTCGAAAAGCGGCTAATGACGGTGACACGGATTTTGCTGTAACAACTGCGCCTTATTGAGTTTTTGATATCGACCTTGCAGAAGAAAATCTATCTGAATGAGGAATATAAGTCTAATTAACATGAATAAAGTTAGGATTTTTATAGTCGTGAGTGCTTTGTGCGCCGCGTTTGCGGCGATTAACACCGCTCAAGCTATTGTATCGTTTCAAGGACAATTCGCGAATTTTTTTGAAAGTAATACCACAACTGATCTGCCTTTAGGCGTTGCCGGTGTTTTTGTTGTGGATAAAAACGGAGATGGATTTGGCAATACCACTTCTATTGTTGGTTCGGTTCTGACAACTGGTAATAGCATCGCCGGTGCAGATAATGAAATTTTGAATGTAGTTATGTCTGAAGCTTTGGATCAGACGGGTTTCAATATTTCAACGACGGCTGTAACTTTAGGCGATGGTATCGATGTTGGCGATGAGGTAGGTTTCTTCTTTTTTGAATCCCTGATTCCAAACGCCACAGTCACTATTGGGAGTGAATATGGTTTCTTTAGAACTGATTCGGTTCTTACTGCCAGTGGTGCTGATGCTGCTTGGGTGATTCCGTCGGATGGGAGTACTGTCAATATTTCCGCGTTTCTGAATTCTCTTACACCTGGGAGTGGTATTGATGATGTAACTTTTTCTACGACACTGACAGCAGTACCGGAGCCATCCACTTACGTGGCCATTGTAGGAATCGGTGTTTTAGCTTTCACGGCATACCGCCGTCGTCGTGCCTGAAAATGGTCAGTTCTTAAGAGAGAGCTAAGCGGACCAGCTCTTCGGTTGCGGCATTTTTGCCAGCGGCCTCGACGGCTTTTCTGACTGCCTTGTCGGCATCTGCGGGTTTGTAACCTAAAGCCATTAAGGCATCAATGGCATCCTGCTGGGCAGAGGGTGCCGCAGCTCCAGTTACGGGCGTACTTGATGAGCCAGTTGGAGCAACACTTACGGCACCAATCTTGTCACGAAGTTCAATGATGAGGCGTTCGGCCGTTTTTTTCCCGATGCCCGGGCATTTCGAAAGAAGGGCGGCATCACCATTCATAATCGCTCCTCGTAATAAGGTAAGCGAGAGACGGCTCATGATACTGAGTGCAATGCGTGGTCCAACTCCGGAAACCTTCTCAACCAGAAGTCGGAAGAAGTCGCGTTCTTCACGTTCAGCAAAGCCGAATAGTGTGGCTGAATCTTCTCGATAAACGGACAAGGTGTGCAGTCGAACTGTTGCGCCAATATCCGGGAGGCGCTCTGCCGTTGTGACCGGAATATTGACCTCATATCCGATGCCTCCCGTTTCGATAATAGCTTGAAGCGGTGTCGCTTCAATCAGTTTGCCGGATATGGTAACGATCATGTGTTCAGTGTGAGAAGAGTGAAGGCAGAGGACTGGCTTCCATAAATTTGCCCGAATGCAAAGCAGTTAGACCAGACCCAGGACGTCTTCCATGCGATAGAGACCGGGCGTTTTGCCTTTCGACCAGTGGGCGGCTCGAAGGGCGCCGAGGGCGAAAATCTTCCGATCACCAGCGCTGTGACTTAGGCTGACCCGTTCACCTTCTCCCGCAAAGATTACTTCATGTTCGCCGACAACACTACCGCCGCGCAGGGCGTGGACACCTATTTCGTTTTTCTGTCTGACGCCGACTATGCCTTCGCGCCCGTGACTGATGCGCTCCTGGCCGATTTTACGGCCATCACGGACGACTTCGATCAGACGTTCAGCAGTGCCGCTTGGTGCATCAAGCTTGTGGCGGTGGTGCATTTCAATGATTTCAGGATTGTAATCGGGGCCGAGGATTTCGGCAGCCTTCCTGGTCAACCAAAAGAGGACATTGACACCAATAGAGTAGTTTCCAGCCCATACAATGGGAATGGTCTTTGTGTGAGCCAGGATCGCTTCGCGTTCCTCGGAACTATGGCCCGTTGTGCCAATGACGACAGGTTTTCCATGTTCAGCCGCGAGTTTGACAATCGCCGGAGTTACTTTGTGCATGGAAAATTCCACCACCACGTCACAGTCTGCAATCGCTGCTGAAGGATCATCACCTGCGTCGCAGGAGGCAAATATTTCGCAGTCGGAATCCTGAGCCACAGCGGCAATAGCCTGACCCATACGTCCCGCACAGCCATTCAGTAAGATTTTTAAGGGCATATTTCGATTGAAAAGGAGATTTGGAAGATCGCCAAGTCTCTAAATATAAGGCAATTACCAGTAAAATTAAAGTCCGAGCTGATTTAAAACATTGAGCAGTTCAGTTTTATTATCAGCTGACATTGGGCAGAGGGGGAGTCTCACTTCTGGAGAACCGATCATGCCAGCCCGGTGCATGGCCACCTTAACAGGAACAGGATTGGGCTCAATGAACAGTGTCTTGAAGAGCGGGTAATACTTGCGATGGAGCTTCTCGGCGCCCGAACGCTCTCCAGTCAGTGCTGCCTGAACCATCGCGACCAGGTCACCCACAACCAGATTTGAGGCCACACTGATGACACCAATTGCGCCGCATGAGATAAAGGGAAGCGTTTGGCTGTCATCACCGGAAACAATTTGATAGTCATCTCCTAGTGCCTGACGAAGAGCAGAAACACGCTCCGGAGTGCCGCCAGCTTCCTTGATTCCACAAACATTGGGATACTTTTCATAGAGTCGGGCGCAGGTGTCGACGTCGATTTCGATACCGCAGCGACCTGGAATTGAATATAAAATGACGGGCTTCTCAGTTGCCTCGGCAATGGCGCTGAAGTGGAGAAAAAGGCCTTCCTGGCTGGGCTTGTTGTAGTATGGGGCCACGTGCAGGGTGCCATCGACTCCATTGGTGCTATCAGCCTTTTTCGTCAGTGAAACGGCTTCGATCGTGCTGTTCGACCCAGCTCCTGCCAAAACAGGTACGCGTCCCGCCGTTGTTTCCGCCACGGAGCGGATTACTTCACTATGCTCCTCATGGCTGAGCGTGGGAGACTCGCCAGTCGTCCCAACAGCCACCAAACCATTGATTCCACCTGCGATTTGCTGTTCGACCAGCGTGTTCAAGCCTTGATAGTCCACAGCTCCATCTTGCATGGGGGTGATCAAGGCGGTCATTACACCGGAAAATTGATTTGTCTTCATTTGATATGGGATTACGTTCAAACCTTGAGTTGCGTCAACTGGGTAATGCCGAACCTTGATACTTAAATAGAGAAATCTTCCTTTTTGATATGTCAGAAACAACTGAACTCTTTAACAGTCTCCTCCAACTAGCCGTTGAAAACGGTGCCAGTGATATCCATATTAAGACGGATAAACCGGCTTTTCTCCGACTTCACGGTAAACTTGAGCCGGTCGACATGGATGCCATGACGGATGATCAGATCAGGGAATTTATTGAGGCTTCTGTCCCGGACCAATTTTTTGAGGACTGGAAGCGTGACCTGCAAATTGACTACTGTTACGACCTTAAGCATTTGAATTTGGGCCGTTTTCGCGTCAACGGGTTTTATCAGCGTGGTCAGCCCAGTATGGTATTTCGGCATGTTAATGAGCATCCACCTACATTTGAGGAATTGAATCATGACCCCACGGTTTTTGAGGAGTTAGCAGGCAGGCATGATGGCATCATTCTCTTATGTGGTCCGACAGGCTCAGGTAAGAGCTCCACTCTGGCTGCCTTGCT
NZ_CP136920.1_gap55	2598356	2601506	3150	GCAAAGACTTGAGCTCCCGCCACAAGTCGTTTGCCAAAGAGGCCGTCTTCTTTGGCGAATTTTTCGTCGCCAACATATGGGTGCATGTCGAGAACCATTGAGTTGAACATCATGGCTTCACCTTCCGAAATGGTTCGGCGTATCGAGCGGTCTTTGACTCCGATGACGAAGTCCTCATACATCCAGTCTTCGGTGTTGTATTGCTTAATCGAAGCATGCGCTTCTGCTGGAGTTGATTCTGGCATATGGGTTTGTTTTTAAGGGTTTAACAGGCTAATAAGTTTATCGCAGAACGGGATTGTTGACAATGCCTGCATTTCGCATTTGATTGTCTAAAATGAACATTTATGAGTCTTTTGGCGATCTTATAGCATCAGAATATACCTATAAGGCTCATGGGACGTATGGTCCGAGAATCCATTATGAGCTGCGTCTTGTCTATCCTTACACCGGTTATGCCGATGTGCGAATTGACGATGTCTGGCATCATGTTGAGCAAGGACAGATGATTTTTCTACTGCCTGGAACCGAGGAGGAATACTTGTTTGCAAGTGAGTGTGAGTCCAGCATCGGTTGGTGTGCCGTCCTGAATCCGCAACCGCGGGACTCGCTTGTAGCAGCTTTGGCTCACTTGCCGGCAGTACACACTTGCAGTGAACGCTTTAAAGAACTGGCCCATATGGCGGAAGCCATGTATCCGGCAAATCTCGCTGGAGAGCTAGAGGTCTACTACGCAATAATACAGACGATGTTTTGCGAGTTTTTTCGTATTGCAGATTATCAGGAAGGGCAGAAATCACAAATGCATCCTGCGGTTAAAAGGGGAGTTTGGTATATTGAAAAACACTTTCATGAAGCCCTGGATGTACCACAGATCGCCAGGCATGCGGGAGTCAGTCCGCAGCATCTGGTTCGCATTTTCAAGCGGGACTTGAATATCAGCCCCGCCGCCTTGCTATGGGAAACGCGCTGTGAACACGCCGCTCGGATGTTACGCAACACAGGCTTTAGTGCATCTGAGATTGCTTACCGCTGTGGCTTTGCAAATCCCAATCATTTTTCACGTGTCTTCAAAGCACATTACAATGGTGTTCCCCCCGCTGCCTACCGGCGCAGTGTTTGGAGCGCGAAGCCGTAGGCAGTATTCGTGGTTGGATTATCTCTCTTACAATCGAGTTGTGTAGAGTGCTTTGAATTCTGTTGCAGCTTACATTCGATTTTTTCGGCTTCTGCGCCAGCTGCGTAGTCCGGCTGCGCCCAGTGCCAATGCGCCCAGACCGCAAGCTATAGCACTGGGCTCGGGTACCTGACCAACGGTTATCGGTGTGTTTGCTTCGTCTTCGTAGGCCCAGCTCAAAATGGTTGTCCTGGCGTCATTATCACTGTCGTCTGAATTTCCGTATTCCCCGGTCATCGACAAGCTGGCCCAGCCATAGTGAGTTTGGTTATCACTTCCGATGAACCTGAAACCGATATTGAAGTAGATTTCCTTTCCATCTATTGGGTTGCCAGGGAAATTGCTAAGCAAGGCATTGGAATCATTATCTTCAGTGGCAAGACCCCAATCATTAGAAAAAATTATCCGGCTGGATAGGCTTCCCGCCGATGGCCACTTTGCTCGGTAGGTGAGCACGGAAGGACTGTCCTCGAAAGAAATCGTTGTTTGGACTGTGATCATTGGGGATGGGCCGATGACTTGCCCATTAGGTAGATTGAATACCTTCTTGAACTCACCGGTTCCAAGGATAAAGGCATTCGAATTGTCAATCGTACCATAATTACCCATCTGAAGAGTCATAAAACTGCCTTCAAGTATTTTAGTCGTGGCCATAAGCCTGAAATCCCCGTGACCGTTATTATCCACATCCCAGACAATATCGATGGGATCGTCACCTGCGAAGCCGACAAGATAATTCGCAGGAGCTTTTGTGTATTGAATAGTAGCATGCGCGCTCCCTGCCATGATCAGGGAAAGCGTAGAAGAGGTGACTTTTTTGGAAGCCATATTGATGTCGATGTCTGTGTTTGGGGAATACCCGAAGTAGTGTCTGTGGAATCTTGTGAGAGTGTTTTGCCGGGCAAATCCTCATCTTTGCTAAGATACAAAGGATTACCCTGCACTATTAGATATACAAAAAATGAAAATTAATTGTAAAGATTATAAACATTTATTCATAAATTTACTTCCGAAAACCTACCCAACTGTCAGTTTGAAAAACAAACCTGCACCAAAAGTTTATTTTCAATGAGAATGCGCTCTTTGATGAACTCGAAAGATGGAATGTTAGGAAGAATGCTGATCTGATTGGCAGGGTTCAATCTGTGTAATATGCGGATATAAAACTCTGTGCTCTCTGTGCCTCTGTTGCAAAGCCATTTTCGCGCTTTGGCGTCTTTGAGAAAGGATAATACGTATGGTTGGTTTTATGAGGGTGAAGATGGGAATCTTTATCTAATACCCTGAATCCAGAAAGTCGTAGTATGTCAGGTCGTAGTGTCCGGCGTTGGGTTCGCGATTGGCGTAATTCCACTCCGTAAACCAATCGTAGGTTTTCCAGAAGTCGGGTTGGTTACGCAGTTTTCCATAACGTGTTTTCCAGGCATTCCAATCTTCCTGGTTGGATATCTTGCTTAAAGCAGCGAGCATGGGGAGTGCTTCTTTCAGTTCGATTTCGACGTAGAGGTTGGGGAAGTCTCCGATCAGGCTTTCGTAAACACTCATGGTGTCGAGTTTGGGTTGTCGGGCGCCATTCTCGTCAAAGACAACATCATTGAATGCGTAAGAGCGGTTGGCTACGATGGTGTAGACCCAGTCTTCGTTGCGGTTATTGATACGGAGATGGGTCAGGCTGGGGAGAAAGGGGGTAAAGCCTTGGTGGGTTCGCATGGTGAGTCCGGCGACGGCTTTTTCCCATGCTGCCTTGTTGGGAATGGTTCTGGGCAAAGTGATCTTTTCGCTGGTCTGCGCTGGATTCAGCGGGTCGGGTGGTCCACTGACTTTCGGTCCCATGTGGGCCTGGATTTCAGAGAGCAAATGGTTCATAGGATTTTGGCTGTCCAGCTTGATTGCGGATGGGCTGTCTTCTCCGGGAAAAGGCATGGTGAAGAGCAGTTCCTGCCCGATGCCTTTGGTCCACTTGTCTCGATATT
NZ_CP136920.1_gap56	2726184	2728010	1826	CACAGGACGACGTGCCCTGGCTTGAGCTGATCAAGCATCTTTACGCGGACTTCCAGCTCGCCGCCCATCGTAGGGTCTTTGATTGCTTTTACGGTGAAGGCTTCGCCACAAACAACCATGTCGTCACGCAGGGGCATAATGCCGGACGGCAGTGCTTGATTGGGAAGCAGCATTTCGCGTAGTACGTCATTGACTGCGCCGCTGTATAACTTTTCAAAGCGCTTGCAAAGATCTTCCAACGGAATGGACAATTCGACTTCCTCAACTGTGTCTCGCATCTGCTGAAGCTTATCCACATTCATTTTTTCGGACATAATAATATACTTTTTGGTGTGATTGTCTAAAGGCTCATGCCGCCATCGACATAAATGTTCTGACCTGTGAGATAGGAGGCTGCATTACTACAAAGAAGCAGTGCGGTTCCTGCGCAGTCCTCGGGTTTGCCGATACGGGCTGTTGGGATTTTGCTCAGGACGAGTTGCTTGTAGTTTTCGTCATCTAATCGGCTCAGTGAACGCTCTGTTCCGATAACGCCCGGCGCCAAATTGTTTACGGTAATGCCATGGGGTGCCAGCTGTTTGGCCAGGTTGCGAACCATGCTGGTTTGAGCTGACTTCGTAGCGGCATAAACGAGCATGTCTGGATGCGGCTTGGCTTCCTGCACACTTCCGACTGTAAGGATCCGTCCCCATTGGCGTTTCTGCATTGCAGGGACGACCAGCTGAATGAGTTCATAGGCGCAACGTAGGTTGGCATTTATCTGTTGGTGAAAATCTTCGCGGCTGCCTTTGAGCCAAGGCTTGGGTATTTGAATAGATGCGTTGGAGACGAGAATATCCATATTGCCGAATGCGTCCGTTGTTGCATCAAAGAGGCATTGCGGGGCATCTTCATCTCCGAGGTCTTTGAGTATGGTCGTGCATTTGACATCGTAGCTACGAATCTCAGTGGCTACAGTATCAGCAAGTTGCTCACTGCTCGTTCCGTGGATGGCAACGTTGGCTCCGGCTTGAGCCAATGTGTGTGCAATTGCTCGGCCAATGCCTCGCGTCGATCCGGTTACCAATGCAGAGCGTCCGCTCAGGTTAAATAATTTCTGCATCTTTTATTATGCTGTGGAGTTGATTAAAGTCCTCCGACGATAGGGAACCAGTCCGGGCGTTTCGGATCCTGATGGAAGCGTGCATAGTAATCGCCGCGTTTCTCATATTCCCGCTCATATTTATCCATCTTCTCCGGGTCGAGCTCGACGCCGAGTCCAGGGCCTGTGGGTACCTTTATAGCCCCATTTTCGTATTTCATGAGACCGCCGACTATGATGTCATCGGTCAGGTAGTGATAGTGGGCATCACCTGCAAACGTCATTTCCGGAATGGTGGATGCTGTGTGGAGCATGGCGGCCAGCTCGATGCCGAACTCAGCACCGCTGTGCATTGCGACGCCAAGTCCGAAGGTACGGCAGATTGCTGCTAAATCCTTCACGCCCTTTGGGCCTTCCCAGTAATGGATGTCAGTCAGAACGATGTCGATTGATCCGAGTTTGATCGCAGGCGCCAGATCATCGTAACGTGCAGGATACATGTTTGTGGCAACCGGTATCCGGACTTGTTTTCTGACCTCGGCGTTACCGTTCAACCCCCAGGAGGGATCTTCGAAGTACTCAGGAGCGATTGCTTCCAGGCGGCGGCCGATCTTGACTGCCGTAGGGATTGACCAGACTCCGTTGGGGTCGATGCGTAAGCCGTAATCCGGTCCTAAACGTTCACGGCAAAGCTCAAGGACGCGCGCTTCTTCGCCAGGATCCATGACTCCGGCTTTCAGTTTCA
NZ_CP136920.1_gap57	2735083	2737705	2622	GACCATAATGCTGTTATCGCGGATGCGAGCAACGATTCACTGTCAGAAAACCATACGGAACGCTCTGTTGTAATCGAGACTTCAGATATCAGTGTTTCTTTTGATAAATCAGCTGGTTTCCTTTCCCGAATTAATTGGAAGAATGAAGATATTGTGACTGATGGTCCATGTCTTCAGATATGGCGTGGGCCTACAGACAATGACGGCATTAAAGGGTGGACAGGACAGGAAAACAAGCCTCTGGGACAATGGCTAAACGCAGGTCTTGATCAAATCCAGTTAGAGTCTACGCGCTACGATGTTAATCGAAAAAGAGATGGTTCATATGTTATTGAATCAGAACATATTGCCGAAAGCAGGGATGTAGCTGCCAAGATTCGTCATAAGCATACTTACACTGTTTTTCCTCAAGGTATCATCAAGGTTGAGAATACCTTTGATGTTGACGAAGGGTTGCCGAGCTTACCGCGTTTAGGCGTTGTCATGGGATTGCCTGATTCATTTGAGCGGTTAACGTGGTATGGGCGTGGACCTTACGAGAACTATCGCGACCGTAACCGATCTGCGATGATTGATATGTACAAGAGCACTGTGCATGAACAATATGTGCCCTATATTCTCCCCCAGGAGCATGGAAATCATACAGATGTTCGGCAACTTTCACTTCAAAATTCAAAGCGTGGAATTACTGTTACCGGGGCAGTGGATATGGAGTTTTCTGTAAGTTATTATACTCCGGCTGATCTCTTTAGTGCAACTCATACGCATGAGCTGAAGCCAAGGGATAAAGTCTTCCTGAGTCTGGATGCAGTTCACTCCGGGCTGGGTACGGGGAGCTGTGGTCCTGCGACCTTGCCAGAGTATCAAATTTATCCTGGTCGTTATGTCTTGAATTACTATCTAGAGGTTTTTTAAGCGCAGAGAGTTGAATAGTAAAACGAGATTCAAGATGTTTTACTTCTCGTGATGTGATCTTTGTTATCTTTTTGTATGTTTTTGCTCAGGTAATTTGCAGCTGCCTTACAGTTTCGAATTAGCAGGATTCGATTTTTTTGAGGCGCAGAATCTAGTATATAGCCGCCAATCGCACCGACGAGTTCATTGCCAGAGGAGAACACTGGTGCAGCAACACGATAATTTGGCCCCTCTGGATCTGTTATTGTTGGAGCACTGTAGCCTAGTCGACGTACATCTGATAGGTAGGCCTCAAGTTTGGTTTCCGTGCCCCATATGGATTTGCCATGTTTTTTGAAAGGGTAGTTTGAGCGAAATTGTAGGATTTCATGTGGAGGAGCGAAGGCCATAAAAAGAAGTGAACTCGCCTTGGAGTAGAGAGGAATAACAGATTCTCGATGTTGAATGAGTTGCCCTGGGCGATTTGATTGAACTGACAATCTCATATAATTGATGCCATTGCGCAATTCCAGGAAAACGAGAGTTGCAAATGGGATTTGTGCTTGATGGCGGACGAGCACCTTCCCTGCAGAGGTCAATAGCTTTCGGGTATCATCCAAATGCTTCAATTCTGAGATGCTTTGGCCGATAGTAAAGCGCAGTGGATTGGTTCGGCGCAATAGAAAGTGTTCTTTCTCCAGGCTGCGGACGATTCGATAAGCTGTGTTTGCTTTGATTCCGGTTTGGGCTGAGATTTGATTGATCGTGCAACCATTCTCAACGCCAGCAACTACGTAGAGTATCTTTGTCGCACGCTCAAGCGATTGGATGTGTTCATTTCTTGGCATTAAGTTGTTCCAACAAGTAGGGGCAAGATACTTTTATCTGAAATTTGAAGCAATTCTTATCCTCTGTTAGTGAGTTCGTTAAAGTTATTTTCACCAGATTGATGAAAGTAGATTGAAAAGATTTATTTGATATCTGACTACAGATTTAATGATCAATGATCAATAAAATCTAATTATCGAGATTGATTGCTCTTGAAAAAAAACTGCGACCTAGAGCATAGTAATACCCCTCAGATATGATCCCTTGATTATGAAATCTATAAATACCCTATCACTTAAATATAGTCTTGCAGCATATGTCTCCTTGGCATCATTGCTCAACGGTGCAGACTTCTCATGGAATACATCTTCAGATACCAATTGGTCAATTGCGGCAAACTGGCTTGAGGACGGTGGAGCAACAGTAAATACTCCAGGAGCATCGGACAATGTTGTGACGCCAACGCTGTTTGGCGACCTTCGCGTTAACCTTGCCAGCGTTGATGTCGCGAGTTGGACATATAATTCAAGCTCCGATCACGAGATTGTTGGTTTGAATGGCGCCAGTGGTGCCAATTTGGGTGTGACAGGAACCTTGACCAAGAGTGGGAGTGGGACTTTGCTATTCCGTAATGGTGGAACTCAGTTATTAAACCTCACGGTAGGCAGTTTGTTGGTCGACGGCGGAACGCTTAATCTAGGGACCTTCAACTCGACTACTCTGAATAATTTTACCGCAGGTTCGGGCTCTGTTTCGAATGCTTCGGTTGGCTTGAATATAACCAGCGGAACTGCCAATGTGACCGGTAATCTGGCACTGAATGGTTCTGCGACAGTTAGTGTTCAGCAGCGTGTCGGGGCCAGTGGCACCCTTGCGGTTGGTTCTCTGTCATCTACTGGT
NZ_CP136920.1_gap58	2814598	2817728	3130	AACCTCCGGCCGCGCTGCCATTATAGTCTCCCTCAATTGCGTCGTTCCATCGCTTGGCATCACTTCCGATAAAGTCGTTGTAGCGAACGACGATTTGTCCCCGGACTGAAGCAGTGGGATGATTCCCCCAGGCGTAAAATGCATTTGGGCCATTGGGATGATTACTTCCGGCGCCATCGGACCAGGCATTGGAAGTGGGGCGGGGGTCGTGAACATAGCAGCGCTCCACAAGGATGACACCGGATTGCTTGAGGTAAATGGCGCTGTCATAATTGATCAGATTATTAGTATTGTTCTCATACCAGCGCCCGTTGCTTCTTGGTTGCGCCTCCGGTTGGCGACCCCAACCGGAAATATCACAGTTAACGATGCGGATGTGATGATTTTGAAATCCCCTTATCCCATGAAGTCTGCCACCGCGTATTATGAGATTTTCAAGTATGATGTAGCCTTTCCAGTTAGCGATCTGAAGCGCATAGTCTTCAACATATCCCGCATCAATAACCGTCGTTCCGTCTCCTACGATTTTAACCCAACCATCGGTTGCGTTACCACCACTGCTGACAACCAGATTTGTGTCTGTGGTGGGGTCGTAGAGGTCGGTGATTTGATACGTGGTCTTGATTGGTAGGTTCTCAGTTTTGGTCCAGGTGGTAAATGTGGCTTCTTCTTCATCCACCATGGAGCCACCGACAAAATATCTGACGCGGACGTTATATGTGGTCTCTTCTTCCAGGTTGACAATGCTACCGGCAAAATGGCCACCATTCGGGTCCCATATCAGCGGATAAGCATCTTTCCAGGTACTGGAGCTGCTAAGTTTATATTCCAGGGTTACATCAGCAGCCGAGTTGCTGTAATCTGTCGTGATGCCACAAGTCTCCAGCAATGGAGTCGTGGTAATCGTAAATGCCGACCAGGCAATCGCCGGACAACACAGGATCGCCAAACAAGCAATGAAGCGAACGAGGTATTCTTTCATGAGGACTTTCAATGAGCCTACAGCTGTTTCACTGGGTATACAGTGGGGGAGTGCTGCTGAGGCGGGGTTATTGTTTTTGGGAATCTTGATTTTTGACTAAGTCAAAATGATTTTGCAATAAAAAAATCCCATTTGATGATCACGTTCTGTTTGTATAACCTGTATGATGCTATGCTTCATCTCGTGTTCGTTCATTTGTCAATTTCTCGATTAATGTCTTTTTTTTTAAGATTAAGATTGGAATTGTAGATCTTTAAACATCTTTAAAAGAAGAGCTTATGGATTATTTGAATCCTACATATGCAGATGTTTTGCTTTCAGTTTCATCCAAATTTGAGATATTAATTCATGAAACTGAACAGGATTTTTGCAAATCATGTCTATTTCTGAATGAATTTCGTTTATTGAGTTAGCCAGATATATTCTTGAGCTGTTAGTTTGTATATGAACAAACAATGAAGGCCTGGCTCTGCGAATTCCGTTCATTCATGAGTAAGTGTTTCAAAGCCAGGTGTCGTAGTCTCATTCATAGTATCATCAATGACCCTGTGGGTTGCATATGAGGTTTAGGCTTCTGCTTTGGTAGTTGGCCTGCCTTTGTGATGTCTGTTTCATCTATCGAAATATTGTTCAAAGGTGTATTTCTGTTAAATGAAATAGAGCAAAAATCTATGTTCAGTGTATTTCATCAAATCCTTTATAAGCCCTTATTTACTTGATTGTATTGGATGTTAGCTTGATTGATGTGTTTCTGTGAAGATTCATAAAAAGCAAAAATAGCTCATTTACTCAGATGTCTGTTGTCGTAAGAATAATGGTTCAATTCTAAACCCTTAACAGCAGATGATTAATATGAAAAACCTCTACCTCGCACTTCGTAACGTCGGTTCTACTTTAACAATATCTATGGCCGCTTTGGGCTTCCAGGGGATGGCAAATGCCGCATCTCTCACGGATGATTTTCCGGGTTCCAGCGTCAATACCAGTATATGGACGCCGGCGAATTCCGGTGGTGCCTTGGCCCCTTCAGTCGGTGGTGGTGACCTGACTTTGGATGTAACCTCACCCAGTTCCAATCAACGGTCATTTGTCCAGAGCAATGACAGTGATTTTAACTTTTTTTCGAGTACACTGTCAGCGACTGTTACGGTATCTGCCATCGGTGGCTCCTCCAGTGATAGTAATACCGCAGATCGCTTTTTAATGATTACGGATGCTGGTGGTGGTGATCCTGGTTATTTGAACACCGCTGCGGGGCGGGCGACATTTGTGTCGCTGGCAAATCGGAATGGCGCAGAGCATGTGGTGGTCGGAAGTATCAACGGCGGAATTATCACGGAGACTTCAGATGTTACTTATACCGGGACGATTGCAAGCTATACTTGGGACATTGATAATGCAGGTTATTCGCTAAGCTTTACTGGAAGTGGCGATTTGCCTTCCACCATCTCCGGCTCGTGGAGTGGAATTGCCGAAGGTGATTTCAGTGGTGGTAATTTCTTTGTCTCACTGGGAGTATCCAATCGCGGTACGATCGACGTCGGATCCAGTGCTTCTTATGGGAGTATTTCAGTAATACCAGAGCCGGCTTCGGTCATGCTTCCGGTTGCAGCCCTTGTCTTCGTTTTTGTGCGCATGAACCATAAAAGAAAAGGAAAGGCATAAGGATGATGTTGCTTCCTCGTATTTTATTGGGAGTCCAGGTGCTTTTCGGTTCTTACTGTTTGGCGGGCACTGAGCAGATCCTTGTAAATCCGGAGCTTAGTGTTGTAGGGAATGATCAACTCACAGGCTGGCATGAGCACAACTCAACCACGCTCTCCGGCACCAATGGTAATGCGTTTGCTATTATTCCCGATGCCGAGCCGGAGAAGTTCGCTAAGCTTTTCCAGCGGGTCAGTATTGATGATGTCAGGGCAAAAGCGATACGGGTCTCCGCCAGGCTGAAAACCATACCGATCAGTGGTGCGGAAAGTAATGCGAGTAAGCCTTTGTTGCGTATCTATTATTATCCGACGTCCTCTGATTGGGCATTCAAGGACGTTATTTGGCCGGAGCGAGGTAAAGGGCTGCGTAAGGAAATTGAATTCAAAGAGGATTGGCAGACGGTTACTTTTGAGCTGGAGCGGCCAGTGGGTGCAAATGGTT
NZ_CP136920.1_gap59	2835831	2839746	3915	TTTCCGCCTGTAGGTAGCGAAAGTCGTTTACTTCCTGGGAAAACTGGCTGTCCAGAAAATCGCGATAGGAGTGAGTCAGTTGCATTTGGACGACGAGAACAGCTGCGACAGAAACCGCTGCCACAAGCACCGTCATAATCAGCATCAGTTTGAAACCAAAGCTGAAAAATAGGGAGCCTTGGGCTTTCTTGGTCTCAGTCTCTTTCGCGATCTCGCTACTCATTCTTCAGACCAGTCAATCTTCAGATTTTCCTCATCCGTAAGTGTTACTTCTTTTGATAAAGTCTTCCCAGGCCCATACCAGATGCTTACGCGATAGTCGCCTGCTGGCAGGTCTTTAAGGTCATAGGTGTTTGAGTCATTGCTGACTGTGAAGTAAGGGGTATCGAGCACCAGCACAGTGGTTCTCATATGGCGGTGAATCTCACAGAAGACCTGCACTTCGCCTGGTTGATCAAAGACAACTTCACCTGGTTCTTCGCCGGCTCTGTAGCGTCCCAGATCAAACGACTTTGGGGCGGAGTAGGAAAATACATTATGGAAGACTTCGTCTCGGTTGGGAAAATGAACGGTCGTGCCAACTTGAACCGGCAGGACGGACTTCTCGAATTGGAGGTGTTGTTGAGCCAGTTCTTTTGTTTCGTTCGAGGTTTTTGCATCAGCCTTATCAGAGATACGCTCTGCATAAATCACAGCCCGGGCTTGTGGCGCCATTCCGGGGCGTTCCGTTGCTCCATCCAGATAACGTGGATTCAGACGAGCTGGTTTCGGCAGTTTTGAGGAATCAATCATTCCTTGGATCGACGCCCCAAAAAGTTGAGTTGCGAACACAAGAGACAAAAAAAGGATAAATGACGCTCTCATCTTGGATCAGATTACTGGTGAAGTCGGTTTCGGCAAGCTTGGGATCGATTTCGACAGGACTACTTAATTTTGTCATCAAGCTCCATGTATCTCTAGTCCTCTCAGTTACAAATACCTTACACAATATGTTAACGGCAAAAGTCAGGGAGGGTGAATGAACCGTTCAGATTATTGGTAAGTTTTGAACTAGGAGCTAACAGACATTCAGGCCTTGTATGACTCAAAAGCGCACACAGACATGAAATCTCTGAGTCTCATGTCATTGGTGATGACGACAACTTCACATTAAAAGGATCAGTTTTCGAGGGCTATAAGCCGGGTTCTGTAACCCTCATGTTACCATGTTGGCGCTCTCATTCATCTGAAGAGCCGAGGCTCAACTCCCGCCTAGACGGGATGCGACTAACCCGGGGCTATGTGGACGAGCCGCCCAGCCCCCTACACTGTCTTGCATCGGATTGGGTTTTTCCTGCCACTTTGGTCGCCCAAAGCGCGGTGGGCTCTTACCCCACCATTTCACCCTTACTTAAAACCTAAGGCTCTAAGCGGTATATTTTCTGTGACACTATCCGTCGACAAAGGCTTGAACCAATGCCGCCCTCGCTTTCACGAGGAATCCTGCTCTGCGATGCCCGGACTTTCCTCTCCAACGGTAAACCGCGGAGCGAGAGCACGCCCCCGAAAACTGAAAAGAACAATCGATTATCCATGCAGGATAAAGCCGCCCTTGGCAATTTCAGAAACCAGAAATGCGGAATCGACTTTAATTCGTCGCCGGTGGGGGTGGGGGAGTAAAGCTTGGTGGTGGACCTGGAGTGAAATTGGGGGGAGGAGGAATGTTACTGGGCAACTGAGGGTTACTCGTTGATGTATTATTACTGTTTGTTGCGCTATTGGAAGTTGCAGTATTGTTGTTACCTGAGCTGCTTCTCCGGATGATACGCCGACGAGGGACAGTTGTTCCGCTCCGGTTTGTTGTGTTCCTCTGATTCACCGTGGCATTGGGCGGAGGTGGTATGTTTGGATTCCCTCTTGGTGTGGCTCTATTTGCTGCATTCGTAGCCGCGGCACCTACGACCGGCATTGGTTTGTCATCTGCAGCAAGGAGGAAAATTTCTTCAAGTCGCCCGGCTGATTTGACCATGATACTCTTCTTGGGTTCGTTGTAGCGCACGATGGTGTATTTGGAGTCACCACCATTCAACGGAACCCAGTGGCCTTTTTGTTCGGCTTTGTCAAAAACGCTAAATTTCGTTACCCCGTTCATTTCAAAAATGCCCCGGAACTCCAATTCGCGGCTGAGCGGACCTTTGGCAACGACCGGAGGTGGCTCTTCTTTTACGGGTTCCTTTTTACCCCAACCAGGTGGCAGAAATGGGGAATTGGTGATCAGGTTGCTCTCGCCGGGTGCACCAAATAATGTGCAAGTGCTCAAGGCGGCTAATAATAAAACGCCTCGACTGACTGATTTGCTAAGTAATGATGCCACCATGAAGAAAACCCTTATAATTTAGGAAAGTTCCAGTAAAATAGCGACTCAAGAAGAATCTTTTTTCGATTTGGAACTTGGCCCAAAAATCAGGAAGACTCCAACTCCGGCAAAGAATATACTGATAATTGCCGCCGGAAGGTGTAAAAGGACGGCTTTATCCGGGAAAAACAGGCCGAGCATACTGATCACTCCCAGAAACCCCGCCATGAGCAAGACGAGCAATCCCAGGCCTATAGCAGGTTTGGGGTCAGAAGGGGACATCTTCGTCGATGTCCTGCTCAGGTGGGCGTTGTTGCCCGGTTGTTCTTGGTGGCGGGGCACTGCTCTCGTAGTTTGAGCCACCGGCGCTTCCGCTGCTTTCCCCGCTTCCGCCGCCTTCGCCACGGTCTCCTGTGAACTGGAAGTTTTCAACAACGACGCTGATCTTGCTCCGTTTTTCGCCTTCCTTACTCTCCCATTGGTCGAGACGTAGACGCCCCTCGATAAGGAGGGAACGCCCTTTGCTCATGTATTTGGACAGGGTTTCGGCCTGGCGACCGAAAGCATCACAGTCAATGAAAGTGACTTCCTCGCGTTTTTCGCCTTCTTTGGTCGTGAAAACGCGGTTTACGGCGATGCCGAGTTTGCAAATAGCCATCCCGCCAGGTGTCATCCGCAACTCCGGGTCGCGGGTGAGATTTCCCATCAGGATGACTTTATTGAAGGAAGCCATGTGCTTTTAGTTACTTGGACTGAACTAAAATACGGTTGACTGTCTTGTCGAGGCGGAACTTTTCCTTCAACGCCTCAGCTGCTGCGCCTGGGCCGGAGAAGTGGAAAGTTACATAAATGCCTGCTGGAAAGCCCTTGTCAGTGACGCGGACAAATTCCTTTTGTCCCAGGTTTTCCACATTGTTGACTTCGGCACCTTCAGATTCCAAAGCAGCCTTGATGCTGTCGATCAAGGTTTCGATTGGTTCCTGGTAGTTCCGTGTGTCTAGGATGAATGTTGCGGCGTAATTATTCTTGGTCGCTGTTTCGCTCATTGGATTTCGATTTTGAAGTTCGTTGATTTAATTGATTCATGGCTTTTTCGGGGCCGTCACTGATCAGCAGGTGGATGCCTTTGATATAGTGGTCAAGCTGGGAGTTATAGATCGCTCGCTCTTCTGCGCTTATTTTGCCTAAGACCCAATCGCTTAAGACGATGTTTGGATGTGATTTGCTCTCTATCCCAATTCGATAGCGGACAAAGCCATCACCAAAGTGATTTAGAATATCGGTGATACCGTTGTGCCCGCCTGCACTTCCGGTTAAGGAAACTTTCAGACGCCCCATATCAAGGTTGATGTCGTCATAGGCGACAACCATTGCTTGAGGCTGAATTTTAAAGAAACGGGCAAATTTTCCCAACGCTCGACCGCTTTCATTCATGTAAGAAAGCGATTTTACGAGGAAAACGCTTTTTCCGCCGAATTGAACCTTGGCGACTTCGCAACCAAGGTTCTTATCAGGACGAAAGGAGGCTTTCATCTGCTCGGCTAGTTTGTCAACCAGCTCGGCTCCGATATTGTGACGTG
NZ_CP136920.1_gap60	2889635	2892616	2981	AAAAATAAATAATATTTGACCGCCAAAAGGCTTGTTTTTTCTTTCGCAAAGACGCCGAGGCGCAAAGAGATGCTAACCACAGAATCATAAAAAGCACTGAAGCAGTCCGCTCCTTTGGCTTGGTTTCAATCACTTGAATTATGCAACAAGTGCGTAATCTAGGGGGCTAGGAGGGAATATTTGCAGGAAAAGGGGTATCTAACTACATTCCCACTTTAAATATCCTAGGATCCAATGAAATTCATTTGTTGCTTAACATTTTTTGGAGCTTCACTCCTTTCCACCTCTGCGGCAGTTTTTAGTTATCAGGCTATCCTGACCCCAGAAGCGGTTGTTCCGGGAAGCCCGACTGATGATCCAGCTGGTATATCCACTGCCTCTGGCTTGGCGCAATTGACCCTGACAACTGGCGGTGTTGGTGGCCCGACTTTAAGTTACTCGCTCACTTTGACTGGCCTTGATGTTTCCGAAACGATTCCCCGTCCAACCTTGACTGGCCCGGATGATTTGGTACGTGCCGTACACATCCATTTTGGTGCTGTCGGCGTCAATGATGTTCATGGGCTCAATGTCTATGGCTTTCCCCGGGAAGATGATGCAGACCTTGTTGTCAATAGTTCGACTTCCACCGTCAGTGGCTTGTGGGATGATTCGGATGCTAATTTTGGTTCGGATGGTATTCGGGGAGCTGGTGACAGTGTCGCCTTGAGCGATGCGCTCACTGCATTGCAGGCTGGGGAGCTTTATTTTCAGGTTCACACCTTTGGCTTCCGGCAAGGCGAAATCCGTGGCCAAATCACCCAAGTTCCTGAACCCGCTCAATTAGCCTTGGTTGTAGGTTGCATCTTTTTTGTCGTCGTGGTCTACGCTCGAAGAAGCAAACACCGCTTTTAGTGCTAAGAAAGCCATGATGTGAGCGAGCAGCTCCAGCCTGAAGCAGAGCAGTGGCTTATCAGCCACTTTACTGATGTTCTGCCCGGTATGTCTGCGGAGTCATTCCAAAGTGTTTTTTGAAGCGGTTGGCGAAATACTGGCTGGAGTTAAAGCCTGTTTCAAAGGCAACTTGTGTCACCGAACGATCCGGATCTGCTGTGAGTAGCTTGCTGGCGTGAAAGAGGCGGATAAGATTCAGTTGCTCTGATGGAGTGCTGTTGAATATTTCCCGGCAAGAGGTTGTCAGGTAGCTTTTTCCAACACGGCAGGCGTGCGCCATGGTGTCCACAGTCCAGGGGTCTGCGGCCTTTTCAATGCTGGCTTCCAGCCCCTGAAAGAATTGACGAATTGTTTGGTTGAAACCTTGAGGATCTTTTCCAGCTTGTTCGATGCCCTCGGAGAGCCGCTGCGCGACAGAGAGCAGGAGGTAGTTAATTGCATTGGCAAGATAGGCAGTGGCAAGCGGGCCATCGTCAGTGATTTTCTCAAAAGTGTGCTGCATGAAGCCTTTGAGCTGGCTGCCTTTATCTACGAGATGGCAGCACTGGTTCTGACGAAAAATACGCAGCAGTTCGCGCCGTGAATGTGCATCGGGGCCGACCCATTTGGGGAATTCCCATTGAGTTCGTGCATCACTTGATTCAACATCCAGAATAATCCAAAAGAGCTTGCAGGCTTCGATATTCGGGTTGCCCAGGCTGTGTCGTTGCCACGGGCGCGTGATGGTAATGTCGCCTGCATGGAGCAACCATTCTCCGGTATCAGTTGAGAAACTCGTTTGACCGCTCAACAGGTAACAAATTTCGATGCCTTCATTTCGGTGCATTGGCAAGCCCCAGCTTTGCGGGCCGACTGCATCCCAGTAGCCAATGGTGCGGAGCCCCGGGAGCTTGTCATCAGACAAATGTTTCCCCGGGTACTGCCCACGGCTGTGGGCGACGAGACTCACTTCACCACGCTTCACAGCTGCAGTCAGGGGAGAGCAGTCATCGCTTTTGAAGGCTTTTCTCATAACTCAGGGATGTGTAAAATATTCCACGATCTATTCTGAACGTCAAGGCGGATGGACTGTGTTATACTTTGAGCATGATACAAATTGGATGTTTTGCCCTGATACAACCCTTTACGACTCTGGATTCCCAGTTCAAAGCGATCCGGGAGATGGGTATCGATTATGCCGATCTTACTGATAGTCATGATGGTGCAATTCTGGGTGGTGAGTTTGGTTTTACTGCAGCGGCCAGTCTCGATGCGCATCCATCCCGCATTCGTGAAATGGTGAAAGCGCAGAACATTCAACTCACTTCGGTTTGCGCGCATGCGAATTTGTTGGATCCGGTAGGTCCTGATACTTATTCGACGAATCAAATCATTAAAGCAATCCGTCTCGCACGTGATCTTGGAGTCAAACAGGTGATCACAACCGAGGGCGATCCGAAGACTGCCTTTGGCGAGTCGTTGAGTTATGACGAGCGCATCTTCAGTATCGCTGAAAAACTGTATTGGCCGGTTCGCTGGGCAGAGGAATTGGGAGTCGAACTCCTGATTGAACCACATGGGATTGTGACAGACGATATCGATGCGACAGAAGAGCTGCTGGAGCGTATCGGCCATAAGGATACGGTTGGGCTCAATCTCGACACAGGCAACCTATGGCTTGGTGGCGGTGACAACTTTAAATATATCGAACGCTTTGGTTCACGTATCAAGCATGTGCATTGGAAAGATCTTGGAGCAGGATGGGAGCCCAAACGTGGCCAACAATATGGCTGTGGGATGGGTGATATCCCATTGGGCGATGGTGTTATTGGTCTCAACGAAATCGCAGGCGAACTGCAGCGTATCGGATTTGACGGTCCAACGACCTTGGAAGTGTTTGGCGAAGACACGGTTAAAACTTCAGCCGAGCGGTTACGTAACTGGTTTGCTTAAATAATTACAAAACTTTTAAATTAATAATTAGTGCTAGTATCATGAAAACAGAATTCAATCGCAGAAAATTTATAAAAACCTCACTCAGTGCTGGAGCCTTGGTTGGCTTCCCCACC
NZ_CP136920.1_gap61	2900405	2901381	976	CTCACCATAGGCAGCTCCCGTCCATTTATTGTCGGCTGACAAGTCTGCCTGATACCCACCAACGACCCATGGTTTTCCTTCAATTGGAAAACTGCGATATTGAATACCGCTGTTGTGGTTACTTATTTTAAAATCAACCTTGAGTTCAAAGTCGGCTGGTTCGGCACCTTCCCAAATCAGGAATGTATTTTCTTTAGTTGGGTTCTTTGCAGTGGTTTGACCAACAATGGCGCCGTCTTCAACTCGCCAGAACCTTGGGTCGCCCGTCCATCCGTTTAGCGACTTTCCATCAAAGATAGAGACAAAGTCTGTTGAAGCTTGTATTGCAACTGAGCAACTAAGCACCACGTTGATGTAGAATATTGTATGAAAGGGCTTCATGCGGACGTATCCTTGTGTCGAAATATTATTAATGTAAAGTTACAGCATGTAGGCCTTGTCTTTTAGAAAAGCCAGACCTTCAGTGGCGAAGTGCTTTGGACTGTCATAAAGTGGGCGCCAGATCGAAGCTGCCTTGGCGATAGTTTCATTTCCAGAAGCGAAGCTCTCAATCACAATATCACCATCGTAATTGATTTCCCGTAAGGCAGAAAAGATGCTATTCCAATCGACTTGATCATTGCCGAGCAGACCACGATGACTGGCACTGGCATGGACATGGCCAATATGGCCGTCCGCCTTGATGATTGCTGAGGCTGAATCATCTTCTTCGATGTTCATATGAAATGTATCGACGTGTATTTTTAGCGCAGGGCTATCAACACGATTAATGAGATCGATTGCCTGATCGATTGTGTTGATACAATCAGTTTCGAATCGATTTAAAGGTTCAACTGCCAGGATGATTCCAGTTGCTTCAGCTCTTTTGCAGATTGGTCTTAGGGCGGATACTATTCGATCAATTTGCTGTTCACGTTCTTCCGTGGTGTGATAATTGGCACGTCCCGTCTCTGAGTAGAACGGACCGCAAATAACA
NZ_CP136920.1_gap62	2958426	2961321	2895	GGGATTCGTGTAAGAATCTGCTGCTACGATGTTCTGGTCCAGGAATGACTCATTAGCAGTGTTCTCTTTGGCAATCGTAAAGCCATTGTCATCAAAATGCACCTCGCTGAGACGAAGCGTTTCGATCTGCACAGAATCCAGCTCAATTGAATGTGTGGTCTCATCTTCTTTGATACTGATTATGTTGTTCGAGATAGAAAACTCTGTGATCCGTTCGTTGTTGGGATCGGCGTCTGCGTCGTCGATATTGATGCCAGTTAGGGCAGAACCGTCGCCCGAGAAGCTCGTGGCCTTTACTGTACCAACTACTTCAAGTTCTGAGGAAGGGGACTCCGTCCCAACACCGAGCTGATTCATGCTGACAACGCCATTGGCATCAGCGGAAAGGGTTTTGAGATCACTCACGACATAGGCCCTGAGATTGAAATCCAGAAGTATGTTGCTTGAAGAAACACCATCGCCGTAAAGATCACTGGTTGATCCCCACCATTGAAGCGATTGGCTTATTGCTGAGTCATCGAATGTCAGATGGATGGTTAATGGATCGTTCGCCTGTACAATGGTTGTTCCAGCGCTAATGACTTCAACATGGCCGCTTGCTCCAACGGGCAAGCTGAATGGGGTCTGGCTCAGTGGCGTCTTTCCGTCAATTCCTTCACCAGAGTAGAGATAAGTTGTGCCGGTGATAGCACCTGATTGCAAGATGTCTACCATCTCGACTTCAACTCGTGACAAGATGCCATCTGAATTGACTTTGAAGCTCTGCCACCAGTCACCAATTGGTGATGCTCCTGATAGCTCTAAGCCGTCTATATCAACATCCAATAATTCTACTGAAGCAGGTGATTTAAAAGCAAAACCTTCATTACTATAGTTGATTTCATCCAACTCTAGTGATTGCACATTACCGTTCAAATCAATCGTGTGTGTGTGTCCACCTTCTGTGAGAAAGATCTGACCATCAGTAATCGAAAATGAGTTGATCCTTTCATTGCTGGGATCGGCATCGGCGTCATCGATATTGATGCCAGTCAGGGTTGAACCGTCGCCAATGAAAAAGTCAGCGGTGATGGCACCAATGACATCGAGCGCCGAGCTGGGAGAACTGGTCCCAATGCCAAGTTTGTTCGTGGACAAGGAACCATCGGAAGCAATAACTAATGGGGCAGCATCCGGTATCATGTAGGTCAAAACATAGAAGTCGGCGTCTTCATTTGAAACTGCGTATCCGCCAGAATAGGAACCTTGATCATTCCAGTGCCAAGTAACTTCGCTTCCGGTTAGTCCGGAGGAAGTCATTTCGACTGTTAATGCCAGTTCGTCTCCTGCATCTATCGTGATTGCTTCGTTTTCGAAAAGCGCAATGAATCCCGTATGACCCAATGGGAGTGTAAAGCTATGATTATAGAGAAACACTTCAAGGCCTTGATGATACAGCGAGATGTTAAATTCAACGTCAGCAGTATGTAGGTTTTCCAAAAATACTTCGACTTTCGACAATTGACCGTCGATTCCGATAGTGAAGGATTGGGCCCTGGACATTCCTATAGCAGGTAGCTCGGGAAGTAGCGAAAAGTTATTATATGGGGCGCCTATAGAGTTATTACCCGTTTGGCTTTCAAGCCTTCCCCGGGTGTCCTGGTCTAATATCTCAACCACAGTCGCAGTCTCGAAAGATAGACCGTTCGCGCCTATAGTCGCCTCAAGAAACTCTAATGAGTTGAGGGTGAGGCCGTTTAGCTCAGCTGTGCGCAAGACGCCATCCTCCTCAAGGCGCAACTCACTACCAACTAACTCAAAATTGGTAACGAGCTCGTTAGTTGGATCCGCGTCGGCATCATTCAAGTTGCCTTCTTCAAGAGCGGACACGGGGATCGTTCCATCAGTTATAGCTGAGCCATTCAGGTTCGTTATGCCAGATCCATCTCCAGCCAGTGCGTCTGCGGTAATCGTTCCAATAACCTCAAGTGCGGAGCTTGGAGAGTCAGTCCCAATGCCCAGCTTGATTGCAGATAATGAACCATCTGCGCCCAAAAACAAAGGGTCTGCTTCAGGGACAACATAGGTCAAAATGTGAAAATCGACATTCTCATCAATATTGGAGCGTCCAGCAAAATAGCTTCCGTTCTCATTTAAACGCCAAGCAGCCTCAGCTCCGGTTAGTCCGGATGAGGTCATTTCGATTGCAAGGACTATCTCATCGCCCGCGGCTACTTCTATCACCTCATTTTGAAATAGCGCAATAAACCCAGAGTGACCAACTGGTAGCGTAAAAGGCTGATTGTAGACAACTGATTCTAGTCTGGAACTATATAGCACAACATTGAAATCAATGTCGCTCGTTGTATGTTGGTTACTTAAATATGCTTCGACCTTGGATAGTTGTCCTGCTATCCGAGGGCTAAATGACTGAGCCCTCGCCATTCCCAATTCCGGTTGTTCGGGAATCAGTGCAAAGTCATGATGTGATACATTATTAATATCGACTTCTCCTTGGGTATCTTGGTCCAAAATTTCGGTCTCTGTTACAGTCTTGAAAGAAAGACCATTGGCTCCGATCGTTGCCTGGGAAAATTCCATTGAGCTCAAGCTCAACCCATCCAAATCGACAACATAGTCTGCAGTTGCCTCACTCAAAGTCAGTTCGCTGCCTACTAGCTCAAAACTGGCAATGAGTTCGTTGCTGGGGTCGGCATCAGCGTCATCGGCGGCGCCTGATTCTAATGCTGTGGCGGGAATTGTGCCGTCCTGAATCTTGCTGCCGTTAAGGGAAATGAGTACATGGCCCGGAATTGTGCCTGACTGAATGTTTAGTTGCGAAGCCTCAATGATCGCGGAAGAATGCAAATCCATGGCTGAATCTGCCAATCCACTTCGGACGGCAAAAGGCACATT
NZ_CP136920.1_gap63	3058884	3062277	3393	CTCAATGCCTGATCCCCGCAAATACGTGGTTGAGCCGGAGAAAAAGTAGCGAATTATTCAGGAGCGTCGATTTTCGAAATACTGTCGAGTCTCCCATCGCCACATTAGATTGCACGCTCTTATATGCCTTGTGACAAAAGAACTCTTTAAGTGTTTTTTTACTAGTTATGTTGAATTGTCTTTTGCTGGTTTCACTTGAGTCTCATGTGAATTCTCTGGTTTACCATTTCAGTCGCATTTCTCTCCTCGGAAAACAAGATCTTTGCTAATAATAACGCCAATATAATCAAATTCAAATACTTGGCGTTGTGTAGAGACGCAACCAACATTATTTGCTCCATTTTCATCGTAAGCCCAAAGCCTTTCTGGAGGGATTTCTGGATTTATCATACCTGTATCTGAACAGGCATTCCATGAGTGCTGAAAAGATCCAATTTGAATATCTGATACTAGTATTGCATCAATACGCAAGGAACTTATCGATAAGCTGATTTCAACCTATCCTTGGAGCGAACGAGTGTGCCTTAGTTAGGAATCGAAAACAATTTGGGCTAATTTAGCTTTTTAAATAAATGCTTGAAGTGAGCTCTTGTAAAGTAACATTGGATTATTACCCTGTAGATGTTTCATCTATTCTCAATCCATTTTATTATGACTAGACGGAAAGTATACCTTCAGCCAGTTCGAAGCAAATTATCTCACAAGCATTTGGAGTTAAGCGTATTCAATCCTGTTAGTGTTTCCGTTTTAGATCAATTGAGCGAAACTAACGGTGCGAAAGCGTATACTGAACTTGGGGATCAGGATTTTTATCTTTGGGGTGTTAGGGACACTGAAAATAATCGGAAAGGTTGGGAACAGATGAAACCCGGAGATATTGTTCTTTATTATATTGACTTAAACCGACTGACGTTAGCTGCCGAAGTTATTAAAACAATTGATATGGAGGAGCTTTCGCTGAAGATTTGGGAACCGGACTCAAGGGGAACTCCCTTCAGCTTGCTTTATCAGCATAATAAACCTATTGACATAAACTTGAGTTGGCCGGAACTGAAACGCAAATTTCGTTATCGCGAGAATGCAAATATACAAAGTTTCCGAAGATTGAGTCTTGAGCAAAGTGATATCATATTGAACATGCTGAACATTTCGACCTACTTTGATTTCGAAGAGCTAGAAATGGAGCCTTCTATTTTAGAAGACATCGATTCTATTGGTGGAGCTGATCCTTCTATATCTGAAACAATGAAAGAGGAGTTGCGGAAAAGCCGAATTGGTCAAGGGAAGTTCCGCCGGGATGTAATTAATTTGTGGAAGTATTGTTCGGTTACTAAGATTCAAAATTTAAAGCTTTTGAAGGCTTCTCATATTAAACCTTGGAGAGACTCTGATAATGACGAAAGACTCGACCCGTATAATGGCCTTCTTCTAGCTGCGAATTATGACCATGTCTTCGATGGTGGATGGATTACATTTGATAAAAAAGGAAAGATTGTGTTTTCTGAGCAATTATCTGCACGGGAATTTATGCAGCTTGGTATTGATCCGGAAGTTGAATTAGAAAATCTAAGTGATGAAACTAAACTGTACTTATCATATCATCGAGAGCATGTTTTTTTTAAATAACCCCGAACTGGTCGGATGGATCAAACATACTCGGCAACAGCTCCATAAATTGAATGCCAAGCAAATCGAAGAGTTGATTGAAGCTGGTTTCTTCTCCAAACAGGAGAAGGCTTGGCTCAAAATGTATCACAAGCTGAAGATTCTTCAGGAGACGATAGGTCATTGCCGAGTGCCACCCCATGAGGAGAAGAATCCTAAACTGAGTAGCTGGCTACAACGTCGGCGTGACAAGTTGAAGGCTACCGAAAAACCGACGCCAGTGTCTGAAGAAATTGAGCTTACGCCGCAGTTGCCTAGAACTGGATTCAAAGCTAAAAACCCACAGCAAATCATCTACAGTTCATTCGAATTCGGCACAATGATCAAAGACTTATATCTTGACTCCGATAGAATCAACCAATCCAGAGCTTTTAAAGAAGTTCTAAAGTAAAGCCTCTTGTCTAGAAGATGAGATGTCGTAGTATGCTTGCCATAGAGTTTTGTCGTTTAATGTGGAATTTGCAAAATAGGCAATCTAGGTAAGGTTCTAGGTAATGAAAGAAAAAGTCGGTAGTCACGATATTCTGTTCATCACGCTGGATTCGCTGCGTTACGACGTTGCAGTTGATTGCTGGCAGAAAGGATTGACACCGCATTTTCAAGCCTTGCTTGGTTCTGTTTGGGAAAAACGACATACTCCAGGTAATTTCACCTATGCGGCCCATCACGCATTTTTTGCTGGTTTTCTTCCTACTCCAGCAGATCCTAAAGCTGATAAAATGCGATTGATGGCAACGGAGTTTGCTGGGAGTGAGACGATTGGACCTCAGACTCAGCTCTTTCAGACGAGCAACATCGTTGAGGGATTTCGAGATTACGATTACCGGACGCTGTGTATTGGTGGTGTTGGTTTTTTTAACAAGAAAACCGCCTTGAGCAGTGTTTTGACCGATTGCTTTGATGAGAGTCACTGGTCTGACGATCTGGGGGTTATCTGTCCTGATTCTGCAATGAATCAGTTCCGCTTGGCCTCCGAGCGGATTAAGGGCATTGGCCAGGATGAGCGTTATTTTCTATTTATGAATATGTCAGCGATTCATCAGCCGAACTATTTCTATAAAGCTGGGAGCACAGAAGACACGATAGATTCTCATGCTGCTGCTTTGCAATCGGTAGATCAGGGCTTGCCTATTTTACTCAAAGCCATGCGTCAGCGCGAGCGTCCGGTTTTTTATATCATCTGCTCTGATCATGGAACGGCCTATGGTGAAGATGGTTTCTATGGGCATCGCCTTTCACATGATACCGTGTGGACAGTCCCTTATGCAGATGGAATATTGGAGTAAGATGACACTAGCCGAGCAATTTTATGCAAATCCTTATGTCGGATACACCTATGCTTATCCGCATAAAACAGCTTACCGAAAGTTCGATGTACCCTTATCACTATGCGATGTGTGGGCAGTGGAGAATCAACAAAATCTGTTTCTCTATATACATATTCCGTTTTGTGAAATGCGCTGCGGTTTCTGTAATCTCTTCACCACAACGAATCCAGATGAGACTGTAATTGATCACTACCTTACGCAATTGGAGATAGAGATTGAGGAGATGAGTAAAACGCTGTGTCCGGAACATCGGTTTGTTCGTGGCGCTTTTGGTGGCGGAACGCCTTCAATCCTCAATCCACAGCAATTGGATCGTCTGCTTGCATGTTTGTTCGATAAACTTAATTTTTCCGAGCAGATTGCATTGTCTTTTGAGGTGTCACCACACACGGTCACTTCT
NZ_CP136920.1_gap64	3064698	3065618	920	ATTCTTATGTCAGATGGACTGTTCATCCAAGTAATGCGTTGCTCAGATAAAATATCCAAAATCTTGCTGAAACCCATGTAATACTCTTTGAGCCACGTGATCTGTCCAAACCTAATAGTAGGTTTAAGTTTGCGGTTCCCAAGTTCAATTAACTTTTTTGTTACACTTGCATTTTCCGCTGGTGAATCCATGCGCATGAAATCTACCTTCTCCATCAAACGATGTATTGACTCAGGAGATTCCAAGTAGCTTTGCCATGAGAAAACAAGTGGTGGAGGAAGGTCGAAGTGTTTGCATGCAGCTGCAAAATATGCAACTCGGCGGTTTTCAGGGTTTCCCAGCAATCCGAATTGCATACCGCAATACAATATGACTATTCGCCGACTGCGACGAAACGCCATTCGTCATCGTCTTCCATTTCGCTTGGGTTGGAAGTGTCGACCGCGATATCAAGTTGATTGAGCTCTTTTACCAAACTTCCACTTACATAGTGATGGTGGATATTCAACTTCTTCAAGGTTCCGTTTTGCGGAAGAGAAAGAAGGGCTTTTGCTCCAGCGTCCGTTAGTGTCCCGAGGGATAAATCGAGTGTTTCGATGCGATCAATGATGGGGCTATTGACAATAACACCTGCAATATCGTCTACATAGTCACAGTTACGGAGTCCAAGATATTTTAGCTTTGGGAAGAGTTTGCCTGCTAGAATAGGCTGAAGGTCTTGTACGGAACTATTGCCACCATATTCATCCGTCCCTAACCAAATTTCCAGATACTCTAAATTGGGAAAGTTCGAAGTGCAGATGGAACGGATAACCTCAACCGGAAGGCCGCCTGACTCCAGGGCCAGCGCTCGAAGATTTGGATGGTCTGGCTTGCTGAGGGCTAGGTCTTGTCCGCCTCGAGTGCGAAGTAGTTGTAAC
NZ_CP136920.1_gap65	3071444	3075888	4444	ATAAAGGCAAAGCGCCTGTAGGCGACCATCACCGATATACATTAACTGTTCGTAATAAGGGCAGTCAACAAAGGTTTCGTGAGCGCACATCTCCAGTCCACGTTGGCATAGTTGGAAGAGGGCAGGGAGCGATTCGTCGCTTGATGAAAACTGACCTTCGAAATTCAGCGGTAATCTTGTTTCCTGGATGGACCAGTCTTTGATCGTAACCGCCTCTGCATAAGTTTTAATGCGAAGCAACATGTAGCGACCTGACCTCCACCAGTAGTTATGCCAGTTGCGTTGTTTTCCTCCATCCGGGATGAAGGTGTCGCCAAAGCCAACAAAGTATTTTTCTGCAATAACGGAACGCTGGCCCTTGCGTGGTGTGCGGTCACCATTGATTGCCTTAGCTGTTTCAAAGAGCGATTCGGCCCATTCGACAGTGAGTTGTGCACCGTTGCCGCCATCGGTTTGCAGGGCAGGATACCCACAGTAATAATTTTCAAGATCCCAAAGTACTGCCAGGCTGCTATTGGCTGGAATGGTCACCGATTTCTCTCTTTTAAGTAACGCGTTCCATGTCGCGATTGCCGGATCATCGGTTACCGCTTTGGGGAAGAACGTTGCTTCACCAGCTTCGCCGGCTTCCGGTACGATTGCCCGAACACACCCGGTGCGAATTTCATTGGCTTTCTGGTCGGGGAGGCCCGATGGTTGAAAACGCCGGTCTGATAATCGCATGCCGTATCTCCAGCACCAGTCTTCCAATGGTGGTTCTGTGATAATTGCTGATTTTGGGTTCTTTGGCTCCCAGGGGAAATCCCGGCCATCAAAGACTGCCGCTGATCCGATATAGTGTGCGCCTTCGAGCAAACGTTTTTCATCAAAACTGATTCCGTCAAGCACCTCTGCCTTCCATGGTGCCTTACCGGTGTTAATCAGATCAGCATAAGCGCCTTCTCCCGCCAGGATGAAGCCTGCGGCATGTGAATGATGGGCCAGGGGGGCATCATTGCCCAGACACCAGACGATGGCTTCGAAGGTGTGTTCTCCAGCAGTCAGTGGGATTTCATAGCTGGCAAAACTCCAGTGCCATTTGTCTCCGGCATCCGGACCGCGGCTGATGAGTTTGCCATCAAGCAGCAATTCATAACGCTGGTCGCCACTGACATGCAGCTTCATCGGTTCAGTCAGCGCCGTGAAAGTTAAGCTGAATCTTGCAAATGTTGGTGTACCAGGCTTGTCGTCTTCAGACCAGATCCAGGCTGCGTCTTCAATGGGATATTGTTGATGGATGCCGGCAGCATCCGGATTGCCTGGAGTGAGAAAAATTTTCTTCATAGGAATATTATCGATGGAGGAATCTGTGTTGTAGGTGGAGAGCGGTCAATCCATGACAGTCTATTGGCCAGAATTTATAGCAGTACACCTTTCGAACAAAGTAGATCGATTTTAAAGACAACAGCGAATTGGCAAGTGCTGAGAATGGAATGACATGAAAAACTGATATGTCATTCCAATATGGAACTCGCTCTTGGAACTTATTGAAAACAAGTAAACCGCAGGGTACGTAACGCACCCTGCGGTTAATCTTCAATCTGACTACTTATGACTGACAATCAATAAGCTAAAAGCGGTAAGTAAAGAAATGGTTGGCTGAGAAAACGTCATCCGGATAGTAGTCATGGACATTGAATCCATAGGCGTTGTTGTCTCCATCGAAGAAGAAATTCAGCACGCTTGGATTTCCCAGCCAGCTACGCGGAAGGAAGAGTTCAACTGAACCATTGCTCCAGGCCCGGCCAAGCTGGCCGACAAAGTTCCATGACCAGTTGGTTCCGCTGCCTGTGTAAGCATATAAGAAATACCCCTGAATCATATACTCTGTGCCGGTGGGAAAGTTGCCGCTTGTTCCCCTGAAGCCCGTGGTGACATTATTGTCCGTATCCAAAAAGAGTTGAAATCCCCAGTTGAAATTGACTGAGCCGTCGTTGGAGTAGGCGAGATACAAGTTGTTTGCATCATGCGCCATCCAGGCTTGCAGCCAGTCGACTTGATTGCCGGTTCCGGCAACATCGGCCGGGTCGGTCCCGAAGGAAGCAAGGCTGGCCCAGTCGGAGAGATTACCATCCAGAGTGATCAATGCATTGGCGTTGGTGATGCCTGCTCCTTCCTGGAGTGTCACGCTCAGTTGTTCAAGATTCGTATCTTCATTGCCAAGACTGTCCTCAGCTCGAGCCCAGAAGGTGTAAGTGCCTGCATCCAGTGAGCCCAGGGTTGCCTGGTGGGCAAATGCGTTTTCAGGGTTCTGTGCCCATCCGTCACCAACTTCAAAGATGACATCCGGCCATGTGACTGAACCTCCTGGGCCACTTTGATAAAGATTGTAGCGTAGCTCACGACTTTGGTCTGTCGCGACATCCCATCTTAGTGTCACTTCGCCCGGAGTTGGTCCGACTTCGATTTCCTGTAGTCCGACGCGATCGGGAACATCTGCGGTAACGAAGCCGGCAGAGCCGGAACTGTCCCATTGTGGTGCAGAGGTGTCGGCGGGAGGCGATCCGTTAAGGTAATTGAGCACGTAGGTGCCGATCGTGTTTAGAAATAGGGTCGGTGCTATGTATTCGACCCAGCCGTTTCGTTCAATTGTTTCATCAATGGCTTGATCGAGCAGGGTGTTGCTGCGGGCCTCCTGGTAATCAAGACAGAAGACAGTGAAGCCATCCGCACCTTCTGCTTCGGCCATCATCTTAGGGGCGTAGTTATGTTTGTGGTCGGGAAAGCTCGGATTGACAGTGGTCGCGCCTGTGCCGCTTCCAAGGTAGTAACTTTCAAACAACACAGCTTCGATGTAAGGGGTCAGGCGATAGTCGTAAGCTCGTAAGGAGTAATCAGCACTGGCGACCTCCGGGTTGAAGAAACTTAGTCCGCGGTTGGCCATGATTATTTTTGATGGGTATGTGTTACGGATGAATTCGACTGTCTTTTTCATCTCTTCAGCCGTCCATGGATAAAAACCGGGCACACGGTCAAAGGCATTGGCGGTGTCAATCGTATCGAGGAAGAATCCATCAAAGCCAAAGTTATTGTTCTTGTTTGTATCACTGTCGCTTTGTCTGGTTCCGACGATCTGAGCAAGGCCAGCAAAGTTGGTTCGACCAGTTAAACCCGGTGAGCCTCCAATGCGTTGTGTGTTGATGACCCAACGCCAGTCGTCATTGGGGATAACGTAAAACCCGCCGAAGACACCGTTTTTGTCTGGGTCGGTATCGGATTCGTAGATGGAACCATTCCATTGGGAATCAAGGTAAAATGAGGCCGTTTGTTTACCGGCTGGCAGGTTTGGAACCTGTTCTATGCCATTGTTGCCATAATAAACCGGACCATCGCCATTGCCGGGAAGGGCGGTGGCGCCCGCATCTTCACCGATGCTGATGTAGCCGAGGACCGTGACGCCCTGGTTTTGCAGATAGGCAATGTGGTTGGGCTGACAGTTGTTTGGTTCGACGACAACAATGTCAAAGTCGTCCAATTGCTGGCGTGTGCTATTATTAACGCTTCCGTAATAGACAATGAACTTGGATGAGGAGTCCACACCTGGGAGCGGGCCAACCGCGTGCATTGGTTGTTTGGCGGTTAATCCGAGCAGTAATATTATGGAGATGATTTGAAGGCGGGATAAGTATTTAGAGATCATTTTTTGGTCTTTTGCTGCAATATGATGGGGTTGGGTTCGGGGAGTTGGGGAAAGCCGATAACGGGATTCGACTGGAAAGTAAGTATTGTGCTTTATGGCAAAAACATGATGCCACCTAAGATCAGGTTTGCTTTAAGGATAAGGCATGATCGTCCTTCGATTGCGAAAGTATTTACGCAGATTATGAAAAGTCAACGCCCTTTAGTTGAATTTATTCGATTTATCTGAATTTAGTTCGATAGCTGGAATACATCTCAAATATTCAGAAATATATCTGAAATTGTCCTTCTTTGGCATTAGATCTCGAAAATAGCACCAATACCACTTCAGAATCTGGCCTTCCAGTTTTTCACAATTTGCGATAGTAATTACGCAATCTGTCTGCTCATATAAAATTGAATCGCGTGGTTGCGGTGAAGGCGTCAATGATGCTCCTGATAGCAGTTATCATATCAGAAAAATACCCCTTGCATTGCATTCAAACGAACGATCCAGCATCACTTTACTCAATGAGTCGATTTATCCTTTGTAGAAGTATCTTCACGTTTTTGATTCTGCCTTTTCTCGTTCCGCTGGCTTATGGGCAGGATACTTCAGAGCCAGAAACAGAGATTGTCGTTCTGGAAGCCTCGGAGGTGGCACGTATCGATTGGCTTTCGGAGATCGCAAAAGGCGGAGTCACTGCATTGGCGCTTCTTTTGGTAGGCATTGCAGGCATTGCGTTTTTTCTGGAGCGCTTAATCAGTGTGCGTAAAGCGCGTATTC
NZ_CP136920.1_gap66	3175245	3177187	1942	TAACTTCGTTCTTTGGTTATTGGATAATCCGTAACTCCTTAAAACCGATTAAGGACATCAGTGAAACGGCTGAACGTATTGCAAATGGTAATATTGCCGAGCAAATTGACACAAGTAAGGTAAGATCTGAACTAGGTCAATTAGCTGATGTGCTAAACCGAACATTTGGCCGTCTGGGAGAAGCGTTAAAGCGACAGATTCAGTTTACTTCAGACGCATCTCATGAGTTACGAACACCGGTAGCTGCAATTTTGGCTGACTGTCAGTTTTCATTGAAACGTGAGCGTTCGCCGGAACGTTATCGGGAAACGATTGAAGTGTGTCATGAGTCAGCCCAGCACATGCGTTCGTTGATCGAAGACTTGAGAGAGTTGGCTGACTTTGATGAAAAGAACGAATCCATGGTTGCCGAGCTCGTGGATATGAAGGAGTTCCTTTCAAACGTCGTAAGTGTAATGAAACCGCTCGCAGAAGAAAAGGGGCTGGCTCTGGAATCCGAATTGGAAGAAGCAATGGTATATCTTGATCCTATTCGAATGCGTCAAGCTGTCCTGAATCTGCTGAGTAATGCAGTTCGTTATACAGACTCTGCTGGCGAAATTTTTGTCCGTTGTATCAAACGGGCAAATTCAGTTGTGATAGAGGTTTGCGATACTGGAATTGGAATAGCCCCGGATAAAGTCCAGCACATATTTGAACGTTTCTACCGCGCGGATGCAGCACGCAATGCCGACACCGGTGGCGTTGGGTTAGGGCTTGCGATTTCGAAGTCCATTGTCGAAGCCAATGGCGGTAACATCAGTGTTAAGAGTACGCTAGGGAAGGGAACTTGCTTTAGAATCCAATTGCGTTCTGAGTTTTAGAATACCCGCAGAGCTTATTATCGTAGTGGAGAAGCATGGGTTAAAGCGTGAATCGAGTTTACGCTTTTTTATTATAAACCACCCAATATAGTATTGATCATTTATAAGTAATGAGTATCATATATGTGAAACCTAACCTTAAGTAAGAAAAAGACGAATCTATCTCTAACATGTTGGATGTCGATATCTACAAGCTGCGGCAAAATTTCGGAAAAACTACCTTAAGGCCCAGAGGGGTATGCGGCATATATTTGCGGCATGAGTGTTTATTTAATATAACTACATTATCTATTGATACCGTTTGCACATAGTATCCAGTGGCGAATTTTCGTCTATTACACAGTACTCATTTTTCTGGCAGTATCTGTTCTGTTTGGCGCTTTTTACTCTTTTGAAAAAAAAGCGCGTTTAGACCTGATCGAGCTTCAGCTACAACAGCGAGCGGTTTCAGCGGTTCCGTTTTTCTTTGCTTCCGGACCAGCAGAAAATAGAATTAGACCGCCTAATGGTGGTTTGGGAAATGGAGCTAATCGTGGGCGTCCAGGCCAAAATAATGCCTTTGGAGAAGGAGCTTCTGATGAGGGGCGAAGGCGACCACCTGGCTCTTTTCAAGGTGGTCCGCCAAATGATTCCAGTAGGGGCCTGAGCCAGAATATATTCTCTCACGAGCCTCAACCCTTACCGGAGGGTGAGCAAGTCAAGGCGCGAGCGCTTTACGAAGAAGCGCAACGACGGATGTCAAATCCGCGGTTTACCGGTTTTATCACTTCTTTGCAGGATGCCGGTATGTATGTATATGCGCTTGGTTATGGTAATATCTTATTATATCAATCTGAGAATTTTCCTGTTGATGTTTTATCAATCGCAATCCCTCCGACAGAGGATAGGGGATGGCGGTTCACAGTCACTGATAAGGACTGCATTCTCATGTTCAATAATCGACAAGGTCAAATGATTTTAGGGCAGTCTCTGGCCACAGTTGCAGCCGATTTAAATAATCTCATGGTAAAAGCTGCTGCAATTGCTTTACTGGTGGTTTTGATAACCTCGTTCTTTGGTTATTGGATAATTCGTAACTC
NZ_CP136920.1_gap67	3223068	3227229	4161	GAGATAACTTATCAATCTACCGGGACTAAGAATCAGAGAATCATACTATTCTCACGATTTTCTTCTTGAACCGCTTTGACGCTGAAACGAGAACTGACCCGCTAAAAAAACTACTTGATGGAGAACTTCTTATTTTACCTGTTTTCGATTCTCACCGTGATGTCGGCGTTGCTGGTCGTGGTGAATCGTGACGCGGTAAACGGTGCGATGTTTATGATACTGAGCCTCGTTGGAATGGCGGCTCTCTTCCTTCTGCTGGAAGCCTACTTCATCGCAATCCTGCAGATCCTCGTCTATGCTGGTGCCGTCATGGTTCTATTCCTCTTTATCATCATGCTGATTGATGTGGAGAAGACTTCAAAACGGATGCCGGATCGAATCACGCTGGTTGCAAGTTTAGTCGGATTTGGACTTCTGGTCTTCGGTTGCATGTATCTTTTCATTGACGGCGACGCCCAGCCGCTTGAGGCGGTCAAGCCACTGCCGGAAGGAGCCACTACGGATAACGTCCCGTTTGCCACTGCTTCGCGCTCTTTGGGATACTTACTTTTTACGAAATACATGCTGCCTTTTCAAGTAACAGGCTTTCTCCTGCTTATTGCGATGATTGGTGTTATCGTGGTCAGCAAGAAAATCTCAGCATCCGGTGATGCTGAATCAGAAAGGCCCAAACGCGCCTGATTGGTCAGTGTGTTGAAATCGAAATGACTGTTGGACTAAACGCTTTTCTTATCGTCTCCGGTTTACTTTTTACAATCGGGTTTTTTGGCGTCCTTTTACGTAGAAATACGCTCGTGATTTACATGTGCCTGGAGTTGATGCTCAACGCGGTCAACCTGGCGCTTGTTGGATTTTCTCGCTACAACAACAATCTGGATGGCAGCGTATTTGTTTTTTTTATTATCACAGTTGCTGCTGCAGAAGTTGCGGTTGGCCTCGCTATTATTGTCGCCCTCTATCGTCGTCGCCAGACGGTGATGGTGGATCAACTTTCAGCCATGCGCGACTGATCTGAAATATGGAACCTAGCCAAATATTGACTACGATCCTGCTCGCGCCACTTGTTTCTGCCGCGATCATTTGTCTTTTCCTGCGCCGGGGCGGTTACGCTGCAGCAGCGGTATCCGTGGTGGCAGCAGGTGTCATCATGGTGTTGTCGCTTTACTGGTTGCTGATTTGGGATGGCGTGACTGTCCACTATTCAACTACCTGGCTTCAGTTCGGATCTTTTCACATCGATATCGGTTACCTCTTCAATTATGAAGCGGCAACGATGCTGTTCATCGTCGCTTTTGTCGGCTTCTGGATTCACTTTTTCAGCGTCGGTTACATGGATGATGACAAGAACAAGGGCCGTTTTTTCGGAGGCTTGTCGATCTTCATGTTTTCCATGCTGGGGATCGTTCTGGCGGACAATCTCTTCATGATTTTTATATTCTGGGAGCTGGTCGGTTTCAGTTCCTACATGCTCATTGCCCATTATTGGGACAAAGGGTTTGCCGCGGATGCTTCGAAGAAAGCTTTTATCGTTAATCGTATCGGTGACTTTGGATTCCTTATCGGTATCGTCTGGGCTTATCATTACTATGGCACGGCTGATCTTTCGACCATCACCAAGATGATCCAGAGCGGCTCTGCGGATGCTCTCACGGGCATTGGCCTGTTGTTGATGTGCGGTTTTGTTGGAAAGAGTGCGCAGTTCCCACTTCAAGTTTGGCTAACGGATGCGATGGCGGGACCGACTCCAGTGTCAGCGCTGATCCACGCAGCGACAATGGTTGCAGCTGGCATCTTTTTCATGGTCCGCATCTTCTTCATGCTGACTCCGTTCGCCCTTGAGTGGATACTCTGGTCCGGGGCGATCATGACGACGTTTGCTGGTTTTTGCGCACTGGGGCAGACGGATATCAAGAAGAGTCTGGCTTATTCAACTCTGGCTCACCTCGGGTATATGGCGACTGCCATCGGTCTTGGCTTTCCCGGACTGGCCATCATGCACATGGCGATGCATGCCTGCTTCAAGGCCACGCTTTTTCTTTGCTCCGGATCTGTCATCCACGCCTGCCACCACGAACAGGACATGTTCAAGATGGGAGGCTTGTTCAAGAAGATGCCAATCACGGGTATCGCATTTTTCGTCGCAACACTTTCGATTTCAGCAGTTCCATTCACTGCGGGTTATTACAGCAAGGACACCATTATTGCATCCTCATGGGGACTCTACGCGCAGGGCTTGGGTGATCAATATCTCTGGGCATTCATTCTGACTATGGTTGGTGCCTTGCTGACCGCGCTTTACATGGGGCGCATGTTCTTCGTCGTATTTCTGGGCAAACCGAATTCCGAAAAAGCCGAACATGCCAAGGAAAGCAGTTTCTGGATGTTTGTTCCGCTTATTGTTCTCGGGTGGTGCTTGTCTCTCGGAGCCGGCTGGTTCGTATATGATATGAATTGGGCCAATGGTGAGATGAATGCGATGCTTCCATCGGATACAGCCACATTCATGGTCGATGGTTATGATAAATTAAGTGATGACCACAACCTTGTCGGTGGTGGTTGGGCCGCAGCGCATCACGTCTACGAAGAAGCACATGCACCCTGGGTTGAGTGGATCAGTTACGCCTGTATCCTTGGTGGTTTTGTTTTCACTTTTTTCTTCTATGGGCTTGGGGCTTCGGAGGACCGCCTCCAAAAGAAATTCCCAAGCATCTACAAAGTGTTCGAACGCCACGGTTGGTTTGATGATCTCTACGATTGGTATGTGGCCAAGGTGCAGCAGCGTTTTGCCGACTTCATAGGCTTCCTTGATTTGATTTTGATATCCGGATTGGCGGTTCGTGGAACTGCAGGTGTCACTGGTCTTGTTGGCCTGGTCTGCCGCTCTCTTCACGTTGGCAGCCTTCACGCTTATGTTTACTGGTTCCTGCTTGGAGTCATCATCTTTGGAGCCTTTGCGCTAGGGCTGTTATAATGGAAAGTGATTTAAACAGTATTCTTCTGCAACTTGCGATCTATGTCCCGCTGGTCTGTGCCATCGTGTTGATATTTGGCAAGTCACTTGGTGAGACTCCAATTAAAGGAATCGCGGGGATTGGTTTTGTCTTTCCAGCGATTGTCGCAATATATCTTTGCTTTCAGTTTGCCTGTGCGACCAAGGACCCAAGCGGTTATGCTTTCTTGAGTAACTTTGATACGGGACTGCAGGCCTCTGTTGGGATCAGTCTTATGTTAGGGCTGAATGGTATCTCAATGCCACTGTTCCTGCTTGCTGGTCTGGTGGGACTGGCTGCCGGGATTCATGCCATACAGTCTAAGGCTGAACGGTTACCACTCTATCTGCTCTTGCTTCTCATTATGCAGGGCGGCCTCATGGGTGTCTTTGCATCGGTTGATATTTTCTTTTTCTATTTTTTCCACGAGCTGGCATTGATCCCAACCTTCATCATGGTTGGAATTTGGGGCGGGCAGGGGAGACGCTCCTCGGCGATGGAGCTGACGATTTACCTGACCTTGGGAGCTATGCTTTCGCTGCTTGGTTTGATCTATCTGTCAACTGCTTCAGATCTGAATACTTATAACCTCATCGAGTTGCGTAAGTTAGTGGCTGAAGTTCCTTTGAGTCAGGTGATTCAGGAGAATATCTTCGGGCTGCTTTTGTTCGGTTTTGGTATTCTAGTATCGCTCTTTCCATTTCATTCATGGGCACCACGCGGTTATGCTGCCATGCCGACTGGTGCCGCGATGCTTCACTCCGGGGTTCTGAAAAAGTTCGGCCTCTATGGATTGATTCAAGTGGCTGCCCCACTTGTGCCTCAAGGTGTTGCTCATTGGAGTGAACTCTTGGTTTGGCTGGCGCTTGGTAATATTGTGATTATCGGTTTTGTTACGATATCACAGCGTGACCTGAAGCAGATGATCGGTTATAGTTCGGTCATGCACATGGGTTACATCTTCCTCGGATTTGCAACCATGTCCGTGATTGGCGTTGGGGGAGCGGTTCTTCTGATGGTAGCCCACGGTCTTTCCGTCGCACTCATGTTTATGCTGGCGACTGCCGTTTTCAATCGCACACGGACTTACGACATGCATGAGATCGGAGGTCTTGGACCGCATGCCCCGATTCTGGCAGGGTTCTTTGTTGCAGCCTCTCTGGCTTCGGTC
NZ_CP136920.1_gap68	3322418	3327346	4928	ATGCAGGTTATGAAAAATTGATTTGTTCAACAGATCGGTTGGAGAACGCCTGCCTTCGGGTTGATTTCAATGCTAATGGGACAATACGCTCAATTTTCAATAAAGCCACATGTTTGGAGACGATTGGAACAAATACAAATGCCAACGAGTTCCGTATCATTCCTGATTATGGTGATGCATGGGATTTTGATGTGGAGTCTGAAAGCAATAATGTGTGGAAGTATTTAGAAGAGACTGTTGTCGTTCCAGAATTGGAGAGTTCGTGCGCATGGATAGATGGTCCTAGGGGAATCGTCGAGCAGACCTATCGTTATGGCGAATCGACCATCTGGCAATGTATCCACCTTGATTCCGGATCTCACCAACTGGTCTTTAATACGAAAGTTAACTGGCAAGAGAAGGCAACGATGTTACGCGTGGCTTTTCCCGCTAATATTGTCTCTGATACAGCACGATTTGAAATCCCATTTGGTTCCGTTCACCGTTCAGCATTGGATGATAGTATGGTCGATAAAGCGCAGTTGGAGGTTCCTGCGCAACAATGGGTTGATCTTTCTGATCAGAAGGGTGGAGTTGCACTTTTCAATGACTGCAAATATGGCTTTCGCGTTAAAGGCCAAGTGATTGATATGTGCCTGATTCGTAGTGTTCCACATCCTAAGTGCGCAGTCATTGAAGTCGGAGATTCGGGCAATACAAAAAGCCCGGACGAAAGTATTTATACAGATATTGGCGAACATGAATTCAGCTATGCACTGATGCCGCATAATGGTAAGCTCGACGAAGCTACACTTACGCAATATGCACGTGCATTGAATTCTCCGATACGTGTTGTTAAGAACAAAGTGGGATCTACTACTAGTTCCGCTGTTGAAGAATCATTTGTTTCTATTGAAGGTCATGGGGTTGAGCTTTCAACATGCAAGAAAGCTGAAGATGGCGATGGTGTTATTATTCGTTTGGTTAATCTCAATCCAACGAATACTGAAATTGCCTTCTCCACTGCACTACCGTTCAAGCATATTACAGAAGTCGATCTGACAGAGGAAAAAAATCTTGCTGAATTGGATGTTAAAGATGGAAAGGTCTCACTTATGTTTGATGCTTTCGAAATCAAGACGCTTCTTCTCAAAAAATGGCGTCCAGAGTTTGATGGTTGGATAAACGAAAAAAAAGCCGACTCCTGAGAGTCGGCCTTGAAAGTGTTATTAGTTTTTTCTGAATTTAGCGAATGCGGCGCCAGGCTTGCTGGGCATTACTGAAGACATAAGCTTCTTCGCCAATTTGAAGCAAGTAGAGCCAGTTTTGTTCGGCGACACTGAATACGAATGGGTCAACATCGTCACTGGTGAAGTGCCAGCTTTCTTCGTCGAAGTCGTAGAACCAGAGAGCGTCTTCGACATCTTCCTGGACTTCAGGGAAGAAGATTTCGCCCCAGGCATCGTGAACACCGATTCCACCATTTTCGTTGACGATGAAGAAACGTCCGAACCAGTTATTCTGGAAAGAACCGTCTTCGTTCTCAACGATATCCTGTGGAACACGTCCACGGTTTTCTTCGCTGACATTCGGGATGTTTTCTCCCTGATCCACGAGGAAACGCAGGCCAGCGATTTCAACGCGTCCTGAACGGGCGCTGCCAGTATTACGGGCTACTTCGAGAATCACGAGCCCATCGCCTTCGCCGGCACGACCACGCTGAATCGAAATCCATTCAACTTGTGAGATCGATTGCCAGGTTGCACCTTCTGTTCCTGTGACTGTAACGATGACCGTTCCACCCAGGCCACTGAGGACTTGAACATTACGATCCAGCTCAAACGTTGCGTCATCTTCGGCTGTTCCATCCTGACGTACAACGATGGCTTGACCAGCAATGATGATATCACCGCCGCGTGGGCTGGTGCTGTCATTTGCATCGATAACGACTTCAACCGTTGCCGGGCCATTTCCTGTGGTTGTGTCCGTTGCCAGGAGTCGGCTGATAACCAGCCAGTCGAGCTCTTCTTCAGTTTTCCAGGCACCGTTGGTTACGGTTTCAACTGCAACCTGGAAGGTTCCACCGGCAGCAGGAGCTGTAATCAAACTCGACTCAACATCGAAACCAGGAACAAGGCCATCGTTACGAGAGCCAAGATTCTGGATACGCTGGTCAAGTGCTGCAGCCGTTTCAATAACGCTGAACGGGGTATTTGCGAAGAGCTCCAGTAGATATTCTGCCAGAGCATCCTGTTCGCCGCCCGGATCAGAGAAGTCAATCTCACCATCGTCGGTCAAGACATCACCCAACTGAACAACATTATCTGCGAATGCAGGGAACGGATAACCGTCACCTCCAATGAAGTCGCTGCTTGAGAAGATGCCCCAGAGGAAGTTGAGTGTGACCATGCGGATTTCATAATCTGCTGGTGCAACAAGAACTCCATCCTGCATGATCTGAACATCAGGTTGACCGTTTTCGTTGAGCAGGACTACATTCTTTACGCGTGTTCCAGCTGTGACAACATTGGCTTCGTCATCGAACTCAACAGCTGTTCCTGTTGGATCGAAGGAGAAGGCGAGGCCACCAACTTGTGGGAACTGACCAGGTGTTGCACCTTCTGCAGTTCCTGCGACAGCATGTTCCAGTAACCAGACGAGTTCTTGTGCTGTAACGGTAAGCAGTGTCAGTCCGTTATTGAAACGCAATGAATTCTCGATATCCAATTGTGAGATTTCTCCAACTTCCTTACCGGAGAGTGCATTTGCCTGAGGAGGAAGAAGCAGGCCGTTGTTACCAACTACCTCACCGATTGTTGCACGAATACCACCACCGTTCTTAAGAGAAACGCGAACAGTGCTATCGAACTGTTGGGCGACCCAGAGGTTTGCATCAGCAGTCAGATTACCAAGAGTAGTCTCTTCTGTTCTTACTTTGGAACGACGACCTTCGATGAAGACATTGGTCAGACCGAGGATGTTGCTATCCTTTGCGATAATAACCGGGAAGATACCATCATTGACCAAGCGTTGAACGAGTTCAGCGCGGGTCCCTTCTGCGAATGGATCTTCTTCACCCCAGAGTGCCTCAACAACACTATCGACGGTTGCATAAGGTCCGATAAGATCATTATCAAGACTGTCAGTGATGAGTTTACCTTCGAGGTCGAAGGCAACCACTAAACGCCCAACGTAGCTGTATTCTCCATCGGTGCTGACGATGACAACTGAATCACCATCCGCGTTTGTGGTTACGAATGGATAAGCTTCTTCGGCTGTATCACCATCACGAAGTGTATTCTCTTCATTTGCCTGTAAGGTATCCGAACCACCCGCAATGATGATATCAACTCCTTCGAGCAAACCAGCGAGTTCCTTTTCAAGTGCGATTTGCTGTAGGTGTGAGACAATTACGATCTTATTGGTCATCGGCAGCAGACGGTCGATTTGTGGCTGGATTACAGCGGCCAGAGCAACCATGTCGTTTGCATCACCTGTGGTTTCCAAAACATCGCCAGGAGAGGAGATTGTCTGGATAACCTGAGTCGTGGCACCCACAACCCCGAGATACTCTGCACCTATCTGGATGACTGTGGCAGGAGCAAGTTTTGGTGCATTACCCGCTGTATCCAGATCGCTTGGATGTGATTGGAAGTCTGTATTTGGCAGAATGTCATTGGTGAAGAAATCACCAAGGCCATCATTGGAGAAATCGAGGTTGGAGCTCAAGTAAGGGAATTGAGCGCCGAGCCAGCGAACATCACCAAGGCTGTCTCCACGAATGTCAGTGAGGATAATGTCTTCGATGGAAGAAGTCCCAGCGTCAAACTCATGGTTACCTACTGCTGAAGCGTCAAAGCCGATAGCATTCATGATTGAAATATCAACACGACCGTTTCCTTCGCGGAGATTGGTCAAACCGTCTTCCGAGAAGAAGTCCTGATAAACATCCTGAAGGACGGTGCGGAGAGCGGAGTCACCAGCAGCACTGAAGAATGGACCTGGGATGTAGTTGTCACCTGCGGAGAGGACAACGCTTGGGATTCCATGGTCGTCAGTTTGATTTTCAAGTCCTTCAACAATTGCAGCGAAGTCAGGGGCTGCTTCCAAAGCTTCAACCCCACCTTCGAGATCGGAAGCGTGGAGAATCTGAAGCAGTGTGGTACCTTCAAGACCCCAGACTGAAGTCGATCCGGAAACTTCGTTACCTACCAGGAGGAACGGAGCACCAGTTGGACTGTAGAGTGCTGGAACGAACTCGATGCTTTCTGGACCAAGATCACCGGCTTCGCCTGCTGCTGCATCGCCGCTGAAGTCGCGACTGCTTAGAATGTCGACATAGTATGCTTGGGCAGGGTTGGTGATGTCGAAGACCATAACCGCGCTTTGGCGCTCAAGGGCAATGAAGGCAAAGGTCTTTGCACCGATCTTACCGATTGCTACAGCTTCCGGCTCAGTGCCTTTATTGTCACTGCGGCTTTCGAAGCTGTCGTTTTCGTCGTTATTCGAATTGAAGTCGTCAGGGAAAAGCTCTGCGATTTTTTCCGCGATGATGGAACCGCTGTCGAAAACAAGACTTCCTTTTTCGTCAAAGATTGAGAAAGAACGTCCACCAAATCCGAAGATCTGATCGAGGGCATTGTCACCATCCAGGTCACCCATGGTGGTTGTGATGGTGTAGCGTCCTAGATTTTCATCTTCAGTGATGCTGGAGTCCGGGAAGATTTCAGAATCCAGCTCAAGGCCGACGTCTCCCAGATCTTTAATGCGCGATTCCTCTTCGAATGGATCGTATTCACGGGCATCACCTTCGTTGGCTGTTACGATATATGTTGCACCATTGATTTCAACTGCGGCAATCGTGTCTGGCATGAACATACCGAAGACAGGCCAGTTGGCGATGTTGATGGCATCATCCCTGTCGCTTGGGTCGAGGCCGTTTTCACCTT
NZ_CP136920.1_gap69	3369802	3371240	1438	TTCTGTTTGTTGATGAAATCATCGAATCGACCGAGGCGAGCATGACGGGCCGCCGTACCTGGCGAGCTGATGAAGGCTTTTACGAAGGACATTATCCGGGGAATCCAATTACACCGGGTGTCCTGCTTTGTGAAGCAGTGTTTCAAACTGCCGCTGTTTTTCTTTCAAAAAAACTGGCTGCCGAAATGGCAGAGGGAGAGCGCACACCGGTTCTTTCGAGAATTCAAGATGCCAAATTCAAACGTATGGTGAAGCCGGGTGACGTTGTGGACATTGAAGTAACTTATAAGGAGACAGCCAAAGGCTTCCATTTTATGCGTGGTCGCGTGCTGAAGGACGGAAAGCCTTGTGTGGCATTGGATTTCGTTCTCGCCATGGTGGACGAGAGTAAGGTTTAAACGACCGAGATGTCTTTGTTAGATTTAAAAGACCGCAAATACCTCATATTCGGGGTGGCAAATCGCAAGTCTGTTGCCTGGGCAATTGCCAAGGCACTTGAGGCTGAGGGGGCTGAGGTCGTCTTTAGTGTTCGCTCTGAGGCTCGGAAGGAGAGTTTGGGTAAACTGTTGGGAGATCGCTCGTGTCATATATGCGATGTTGAGTTTCCTGATCAAATCAAGACTCTGGCTGATTCAATTGGTGAAAAGGAAGGTCCATTCGACGGTATCGTTCATTCAATTGCTTTTGCTAATTTTGAGGCAGGCTTTCTTCCTTTTCATGAGACTCGCCGACAGGATTATCTGCAAGCCACTGCAATTTCCAGTTTTTCACTGGCTGAGATAGCGAATGCATTTAAGTCTTCTTTAAAACAGGATGCTTCCGTTGTCTCGATCAGCATTTCCTCTCAGGTCACTGCAGAAAACTACGGTTATCTGTCACCGATTAAGGCTGCGTTAGACAGCACATCCCGATTTTTGGCCAAATCCTTTAGTGCAGATTCGCAAGTTAGATTTAACACCGTGAATGCAGGTCCTTTGAAAACCAGTGCCTCCGCAGGCATCCCGGGCTATTTGGAAAACTATCTTTTTGCTGAGAAACTGACCTTGCGGAAGCAGGCCATCACCACACAGGAGGTTGCCAACACAGCAGTATTTCTGCTGAGTCCCGCATCAAGCGGGATCAATGGTCAGGGGATTGTTGTCAATCAGGGCATGGATCTGAACTACTTCGATAAGGAAGTCGTCAAGGCTGCTACTCGGCCATAGAACGCTATGCATTTTTCCTTAGAAGGTATATCCATTGAATCACTTGCTTATGCGGAACCGCCAGATGTGGTTACGTCTGAGGAGATCGAGAATCGGTTGGCATCTGTTTACGAAAGACTGAAGCTCCCCGCTGGGCGTTTGGAGTTGATGACGGGGATTCTGGAACGTCGTTTTTGGCCGGCTGGGACCCTTCCTTCGGCGGCTTCTGCAGCAGCGGGTGAAAAAGCTTTGGC
NZ_CP136920.1_gap70	3394911	3396935	2024	GCAGCAATTTATTCCAAAGTAAACGCATTTTGGGTGACCGAGGATGAAGATGTTTCGGACGGTTACGTCCTTTATGCTCCAGTCGGTGAGACGACCACTTATCTCGTTGATAATGACGGTGAGACACAAAAGACCTGGGAGAGCGACTATGAGCCCGGGCTATCTGTTTATCTGATGGATGATGGCACTTTGATAAGGACTGGACAGGCAGATAATGATGTCTTTGGTCATGAAGGTGGTCATGGTGGAATTGTTGAAAATTATGACTGGGATGGAGATTTGTTGTGGACGATTGAATACTCCAGCGATACCTATTGCGCTCACCATGATATTGAGGTTCTTCCAAACGGGAACGTTTTATTAATCGCATGGCAATTAATATCAGAAGATGACGCGATTGCCGCTGGCAGGGATCCTTCAAGTGTTGCAGATGATGGTCTTTGGGCAGACTCAATTATCGAGATGGATACTGACGGCAATATCGTCTGGGAATGGTATATCTGGGACCACATTGTTCAGGATTTTGATTCTACCAAAGACAATTACGTAGATGATGTTTCTGAGTATCCAGGACTCATCGATGTGAACTATGAGCTGACATCTTCAGATCTGAACGAGGAAGATTGGACTCACATAAACTCGATTGATTATAATGAAGAATTGAATCAAATTCTTGTCTCCGTTCATAATTTTTCTGAAGTCTGGATTATAGATCACAGCACGACAACAGAAGAAGCCGCCAGTAGTTCAGGTGGCAACAGTGGCATGGGCGGGCAACTTTTATACCGTTGGGGTAATCCTCAGGCCTTCAGTGCGGGAACGGAAGACGATCAAATACTCTATCAACAACATGATGCAACCTGGATTCCTGAAGGTTATCCAGGGGAAGGAAACATCCTCATTTATAATAATAAAGCCGGTAAGCTTGACGATGATCAAGATTATACAACCGTGGTTGAATTCACCCCGGCTTTAAATGACGATGGGCTTTATGACTTCGATGATGATCTTGGTTATTACGGTCCTGAGTCTGTGATATGGACTTGGCAGGATGATCCTCCTACAGACTTTTACGTATCCAGTATTTCCGGCGCTCAGCGTCAATCAAATGGTAACACGATTATCACGAACGGACAGGAAACCTATGTGATCGAGGTCAACAGTGATGGCGATCAAGTCAATGGTGATGATGGTGAACCCTGGGAGTATGAATATGAAGGTGATAGCAACATCATTTTTCGATTCGAGCGCTATACATCGGATTTTGCCGGTTTTGACGGGACCGAACTGGATGACGAATCGGCAGCAGAACAATACTTTGGTGTGACTATCGACGATGACGAGTGTATCATTGATGTCCCAGGATTCGGGTTTGTCTATATTTGCGAATGGCCATATGTTTTTATCTATGACCAGCAGAGCTGGGTCTGTATCTCTGATACGTCCACATCAGTTGATGCATCAAGCTTCTCACTGAGTACTTTGACTGTTAGAGATCACTGGGTATATGATTTTATCCTGGGTTGGTATTGGACTAGAGACGATGTCTACCCCTGGATGTTTATTGTTGAGGTCGAACCAGATCGCAATCCACATTGGACTTACTTCGCTGACGTAATCGGTGAGCGTCGTTACTTCTATTATGTAACTCCAGACCAGTGGAGAGGACATGGAAGAAGCGGCCTTGATGAGGAGTGATTCGCCTGCGTTAATGGTATCAATGAGGATACCTAAGGCCTAAAGACTACTGATAAGCAATTGCTTTAGTGTGATATTCTTCCACACCTTCAACCAGGCGGTTTGGTATATTCCCTTTGATCAGGACGCCTTCGTCGGTGATTTCTTTACTTGATATAGCTCCTGCTTCGTGCAGACGATTGATTACATCATAGCGCTCGTGCGGGATTAGCAAAACCATAGGGCGGGCAAAGGATTCCAGTTTCTTTTCGCATCGAGTGAGTAGGTCTTCAATGCCTTCGCCTGACTTGACGCTGACGAAGAGACAATCCGGATACTCGGATTTG
NZ_CP136920.1_gap71	3421462	3422611	1149	GAACATCCAAGCGGAGACACCGAATGCTAATGACCTTGAAGAACGGCTAGGCCAGAGCATCGTTCCTATACCTAATACTTTATCCCAACTCGCAGAAGACTCTTCACTTGGTAAGGAGACGGCCCAGAAACTGAACTCATTGACTGATTTGAAGTCTTTCACGCCCGGTTCCGATGTGAATGAATTATTACGCCATTATACCTTATCGAGCGACGGTTTACTCACAGACGTAAGAGATGGTGGTCTAAAGAGAGATCTTACGATTGCCTTTGAAGAATCTGCCGTTTTTGACAATGTTTTTAGTGGTGCCGATAATCTGCTTTTGACTGAAGATCGCCGAGATCAGCTGAGTTTTCCCAACGGATACGCCAATTGGTCAATCCTTAGAGACTACTATAACTCGTTCAATCTAATTGGTAACGATGGTGTGATGAACGAGCGCACCCGCACGGACGGTACAGAGCTAGTCAAGATCAACTTTACTCATCTGCACGATTTTGGGCCTCACGACCTTCCACATCCATATCATAACATATCTCCAGCGCAGCCAATCATGTCGCGGCTTCAATATACTTATTGGGTGGAGTATGTTGAATCACCAACAAACCCAGAAGATTATTTTCCTAGGCTCCACATTCGCCCAGTGGTTGCCTACTACAATCCTTATAACGTGCCCCTTGTGCTTAGCAGGCCTCAATGGATTTTGCGAAACATACCGTCGACTTCACTTGAAGTTGGAGGGCAAGGCCGGAATGAGAAAAATTTGAGCACAAATTCATCAATGGGTTACGTACTTAATGATGCGGTTCGGTCTCCTATTTTGGATCCCGGCGAGATTATGTTCATGTCGTTCAGCGGATCAGTGCCGCTTGGATCTGAGAATGCAAGTGGTAATATTGCAAACTTAACAAGTGACTTGGCAGGAATCTTAAACGCATCGCGCTACATTGATTGGACGGACGTTGATGACGTCAAGATAAGTGTGCCAAAGGACAGTAATGGCATTCCGCTCAGCCAGGTTATTCAGGACGTGGACATTGGGCACGCCTATCGCTTATTGCGGTGGGACACAAATAACGGTATCATACCCAATGCAACTGGCGGTTATTTTGGAGTCCGTCAAATGCTCTTTCAGTATATTAACTATGA
NZ_CP136920.1_gap72	3424066	3429038	4972	AGTTAACCCTGTCAACAGTATGACAGATTTGGTGAATGGTGATCCAACATTTGGCCGCCAATTTGAAATTGTATCATTCCGCTGGCTCGGAGAGCATGAACTATGAGTAAACCGAAAAACTTCCACGTCAACCTTCAGGAACTCCTTTCACTTTTTCAGAGGACTTTTCTGGTTTTCTGTTTTTTGCTACCTCTTGGTAGTTCCTCTGCCCAGGAGGAACCTCCTGTCAGTATGGCATTTCGTATGTATTCTCTGGGTGATGCGATAAGAGACATTTATTACTTCGATGGTAAAGATTATCGAAAAATCGTTGTTCCAAATAATCAACGATCCCCCTCTTTCAATTACCGTGGTCCTGAAGAAGTACAGTTTTTTCGAGCGACGTCCAATGAAGAGGGAGAAATTCTATATCATCCAGTAGCCTCCACTCTAGTTGATCCATCACTGAAGCGTGTTTTTATGATCTTCGTTGCTGACAGTGATGATGATGCACCATTTCGTGTTTATAATGTGGAAGATAGCTTTCGCACCTCAATGTCGGATAATTGGTTAATCTTGAATCTTACGCCCAAGCAGCTTGTGAGTCGTATTGAGGCAGACATCACCCCATTTGCGCTTGTCCCAGGAAATAGCCATTTTGTTAAGCCAACGCCACGGGATAATAAGTCGTATCTTTTCAGTGTGGCCGAGTATGTAGATGAGGAGTGGAAGGTTGTTTACAATGCCACTTGGCCTCATCGTGAAGGTAAACGTGCGATTGTCTTTATCCTGCCACGCGGTAACAATCCTGAAGGGATAAAAGTTCAGCACCTGTATGAAAGTATTCTTCCGGCACCATCACCACCACAGTAGATGATGTTTATTATCGTAATCTGAAGATCCCCTTCAGTAGGTTGCTTATATAGGCTATAATATAATTTATCACGATGAAATTTAGTTTTCTACTTATACAATATTTCAACTAAAAATTAAAATACCCGTATTGCCAACTTAGTTTCGCTAGCTCTCTCCTTATCATTTGGCGTTAGAATACACTCCTATAATTATAAAGTTTTCAACTAATGAGTCCACCCAAAGCAATTTTCCTGGCTGATCCGGTTTTTTTTATCAACGGTAATCCTGTTGATTATGTTTATGGCGAGGACCAAAAGAGTCGTTTGGCCCATCTGATTGATATAGATGAAGCTCCGCTGACCTACAATGAGTTTAAAAGCCGGATAGATGAATTCTCGTCGGTGCAGTATATCTTTAGTTGCTGGGGTATGCCTGCTCTGAGCGATGAAGACTTAGACGCATTACCTAACCTAAAGTTTGTTTTTTACGCAAGCGGTTCAGTCACGCGGTTTGCGGCTCCATTTTTTAATCGTGGAATCCAAATTTGCAGTGCAGTTGAAGCGAATGCCAAGTCTGTCGCTGAGTTCTGTCTAGGTCAGATACTACTTTCTTGTAAGAGAACGTTTACCGTAAACCGTATTTGCCGCCAAGGGCCTTGGATTCAGAAAGATATACCTGTGGGCAAAGGTGTATACGGCGAAACGGTTGCGTTAATTGGCATAGGTGCAGTTTGTCGGCATCTCATCAAACTCTTGAAGAACTTTAACTTACGCATAATTGCTTACAGCGATTATCTTGATGACACAAGTGCTCGGGAAATGGGAATAGATGAGCTCGTAGATATAAAGCGTGCCTTCGCTGAGGGCTACATAGTTAGTAATCATTTGCCAAATAAGTCTTATCTGGAAAAGATTTTCACCGAGGAGCATTTTCTTTCCATGCGTGAAAATTCCACCTTTATCAATACAGGTCGTGGTCAGCAGGTGGATGAATCCGGCCTCATTTCATCCTTGAAAAAACGACCTGACTTAACAGCGTTGCTAGATGTTCAAGACCCGGAACCTCCAGAGCAAGAGAGCGACCTGTATTCACTCTCGAATGTGTATATGACGTCGCACATAGCAGGTTGTATGAACGATGAGGTTCAGCGCATGGCAGACTGGGTAATCGATGACTTCGAATCCTATCTCGGCGGAAAGCCCCTCAAGGCATTAGTTAACCCTGAGCTGTCTTATGTCAGAGCGTGAGCCTAAACTGTAGTCAACTTTCGAAAAGTGATTTATGAGTCGTTCTTTGCTCAGAGCGCTTGAAGAGATATGCGGAGCAAATTGAACAGCATGTCAATTATGATCTGATAAGAGATTGAAGCTTCATCCGGTCTTGCCTTCGACCCAGCTGCCTTCAACAAGCAACTCTAAAGGTTGTTTCGGAATACCTCGCTGGCCATGGCGTATGAGACGGTCGAGCCATACCACTGCCTCCTGACCGATGATATGCGAATTTTGTTGTACGCCACTGTAATCAATGCCATTGGCGGCGGGTAGCGCATAACTGATGATAGCAACATCTTCGGGTATGCGTATGCCGTCTTGCTGAAGCCAATCTCCGACATCATGTAGCTGGGTGAGTATGCAGTCTGGTTTTACCTTTTGAAACCAGTCCATGAAGAGTGGCTTATTAAACGCGTCTTTACTCGTCTCCACGATCAAGGGTTCGATTTTCTTCAATTCTGGTCTGGAGTAGAGCTCCCTTAGATATCCTCCCAAAAAGTTGTCTCCAGTTCGTGCTTCGCCGATCATAGCCATGTGAAAACCAATTTTCTTAAAGCCTCTCTCGACAGCCTTGCGAATGGCTAGCCTTATGGTTTCAAATTGAGTATTTGTAATTAGGTGTGAATTCACACCGACCATGCTATAGCCAAACTTGATAACACTGTAGCGTTCCCATTTTAAATCCAGGCTAGTTTCATTCGGTCTTTCCGCAGGAGGAATTAAAATGCCAGAGATATTTCTACTGTGCATTATAGACTCAATGCGACTTAGTGTCATACCTTTTTCGTGCAATAATAGTGAGTCTACATGGTATCCGAGGACCTGAGCCATTTCGCAGGCACCCTTATAATAAGCGTGAAATACACCGTTTTGGTTTAGGGCCTCCGGATTACGCCAGAAGTTGATCCAGCCAATCGCAGCCCTCGGTGCTGATCCAATTGATTTTGTTCGGTAGGCATTCAGCCGCCCGAGCATAGGATCCGGAACATAACCCATCTTTTTCGCGAGTTTCTGGATTCGTTCTCGGGTTTTTTCAGATATCTGATCCTTGTTTCGAAGCGCCATCGATACAGTTGCGTGTGTGACGCCTGCTTTCTTCGCAATGTCTTTCAGTGTAACGCGGCTCATTATTTATCCGGAAAAACTTACGACTATATCGAATTGCTTCAAGATAATTTACATGTGTAAACTTGCCGTTCGTTGTCTCAACTACAATCGAGATCAGGATGTTGTTATATAACATCCTGATTTCGAATCTATTGTATACATACGTCTTGCCCTAATTTTCCCAAAATAAGTTTTTAAGTGATAAACTTGGAATGAAATATTTCGAATTACTATGGTAGAACTGAGTTGCTCATTGAATCGGCAGCATGAGTGGGGGCAGGTGCCCTCAACGCAGCCATTCTGAATCCCCAGTTAACTTGGATGGCTACTATTGATTGGATTATCGTCGTTTCTTTTTTACTCGTGCTGACCACGGTAGCTGTACGTTTACGAAGCTATACAACGACTGTCTCAGACTTTCTTGCCGCTAATCGATGTGCGAAACGCTACCTGTTGACTGCGGCCGAAGGTGCTGCTGGCATTGGGGCTATCTCCGTCGTGGCCTTATTCGAGGTTTATCATTCTGCTGGATTTACCCCGGCCTATTGGGAGCTTGTTTTGGTGCCGATGTGGCTAGTGCTAGCCCTTTCTGGATGGATCATTTACCGTTTCCGTCAAACCCGATGCCTGACAATGGCGCAATTTCTCGAGGTTCGCTACAACCGTTCTTTTCGCGTGCTTTCCGGCTTTGTTGCCTTTATCGCCGGTATTGTAAATTACGGGATCTTTCCAGCAGTTTCATCAAGGTTTTTCATTTATTCGATGAACTTGCCCACAGAGCTTTCGATCCTCGGATTGGAAGTTCCTACCTTTGCGCTACTGATGGCATGTATGCTCTCTCTGGCACTTTTGATAACACTTTGCGGCGGCCAAATCGCAATTATCGTTACGGACTTTATTCAAGGGCAACTGATTAATATCGTTTTTGTCATCGCCTCAATCGCGGTTTTAATGGCGTTTTCCTGGGGCGAAATTAGTGATGCTTTAAAAGTTGCGGCTGAGGGTGCCTCACGGATTAACCCCTTTGATACAGCACGAGCCGAGACTTTTAGTTTTTGGTTCTACCTGATGTTTCTATTTATGCGCTTCTACACATACATGTGTTGGCAAGGGACTCAGGGATACAACGCATCCGCCAAGAACGCTCACGAGGCGCGCATGTCAAAAATCGTTGCGCAGTGGAGAGTTGCGGTTGGAGCACTTATTCCGATGCTCTTTGCGGTCTGTGCCTACGTCCTGCTGACGCAAACGCAGTTTGCTGGTTCGGCTCAACTGATACAAGACGAGTTGGCAACCATCCAAGATTCTCAGATTCAGACGCAGATGACGACGCCAATTGCACTTCAGTACCTTCTGCCAATTGGAGTTTTTGGTCTCTTTATTGCGGTCATGCTTGCCGCGACGATCTCCACGGATAGCACCTACCTCCACTCGTGGGGTAGTGTTTTCTTGCAGGACGTTGTGATGCCATTTCGTAAGAAGCCATTCCCGCCAAAGCTTCATCTGACTCTACTGCGAATATCAATTGTTGGCGTCGCGATCTTTGCCTTTTTCTTTAGTTTGCTCTTCAGGCAAACAGAGTATATTATATTGTTTTTTCAGTTGACTGGCGCATTATTCGCATCCGGCGCAGGAACCTGCATTATCGGAGGTCTCTATTGGCGTAAGGGAACCGCGGCAGCAGCTTGGTCGGCGATGTCGACGGGTGTATTACTAGTCATCGCCGGTTTTATTTTGAGCCGCGTCGATCCGGAATTTCC
NZ_CP136920.1_gap73	3546715	3547918	1203	GATTCGTTGGTCCAAAAATCGCATTCACTTTTTCCTGGCGTGAGGTTGGGTCTTTGGTTGAGGAAGGCTCGTACTCTGCAACCCTTAACAATTTATTGAAGGCTGCCACACCAGTGCACCATGTCGATGGACATGTTATTAATCGCAATATCGACTATATTGAATTTCTGATCACAAACCCTCCTGATGGCAGTAATGCAATCACGTTGGAACCAGGCGAGCAACGAATCTTCAGTGCGGCGGATGAACGTAGTATGGCCGATATCAGGGCTGGAAATAATCCTCTATTTATGGAGCCTGGCTGGCATACCAATGGAGGAATTCTCCTCTATCGCAGTCAGCTGAATTCTCGCCATCGCTTGCGGCAGGAGAGGCGCGGGCGCGGGATTGAGATCGATAACATACCTGCTCATTACGAAGTAAGCATTGATGATGTCTACTGGGTTTCGGATAGTGGTTATCCTACCGCCTACGCCGACGAGAATACGAAAATCGTAAATCTTGATTGGCAGGACTACTTATTGACGGATACGTCAAGTATTCCCACCGGGGGTGATTTTTTGACCGAGGATAACGCTCTTCGCTCTATTGGCGGTGCCTTTTTTACTCCTTCAGGTGAGGGTGTGAACGATGTCTTTGAACCGATGGAAAATCTGGGCATATCTCCATTAGATTTTACCACTACAAGTGCTGCGACAGGAGATTACTCTTACGGGGCTTATCCTTTCATGTATATGGAAGTTCGCCTGAATCCAGCGAATACCGACCTGGGAGTTTCGACTGAAATGTTGGGAAACAGCAACCCATTTGCTATACTCGGTTCTTCAAAGCATAGTGGTGATACGATTCCGGATCGCTTTGGCGTCTTCTTTGAGCCTATGGCCGGTTTTGCTGATTACAACACGCTACGGCCAGAGACTTTTCTGAATGATACAAGGACTTATTTTGGATATGGATATGGCGTAGATGCGGGATCTCCAAATACGATACTTCAGGAGGTTCCAACTGCTCCCCTTGGGTCGTTGGGTTCGCTGCAGCATGCAAATATCTCTAGAAGCGGTTTTATGCCCAGGAACGCTATTGGCAATGCCCAGGCTACCCCGTTCGTCCCGAGCAGTGAACTAGACTTGAGCTATCAGATGCAAGGAAGCTGGCCAGTGCTAATGCAGCCGACTATGTATGATATTTCTTACTTAAGTAACG
NZ_CP136920.1_gap74	3555050	3556181	1131	CCCTGATGCTCGTATCGCCAATGCCGGGCTAGCGCAAATCGGCCTTGATGTTGTCGGCCGCTTAAGTCGCTATACCTATGAAGATGGTTTGAGGCCAATTGATTTTCTCGATGTGCTCAGTGTTCACCACTACACTGGGTCAGTAGCACCAGAGATTGCTACCGTAAATACGAATGTTGATCGTAATGGTAAAACCGAGGGTAAGTTGACTTTCGAAGGACACTTAAGAGAACTCGTCGACTGGCGAGATCAAAATAGACCAGAAATGGAAATTTGGATGACGGAAACCGGCTACGATACTGGTGGCCGTAATGAAATTTCTGTCCGATTACAGGCTGCGTGGACGCCGAGAAATGTTCTCCAGATACTTGGGACGGGAATTGAAAAAGTAATGGTTTACAGGGAATCAGGTTCCAGGCCTTCGCTTTATGCCGCATCCGGTATGCTGGACGATAATGCTCGTCCCAGGGGTTCTTTTCTTACCTATGCAACTCTTATTCGGGTAATGGATGGAGCTCATGGCTTTATGCGACTTCCCCATGATGACGACAATGTTCGTATTTATGGTGCTGTAAAAAACGGAAAGCCGGTTCTTGCGGCATGGGCGGTGGAAGGTGAGGCTGCATTGGGAATAGACTTCGGTGATGCAAAAGTGACCGATGCTTTTGGGCATTCATGGAATGAATCAGTTGGAGCTTCTTTTGTGCTTAACGATTTCCCTGTTTACTTCGAGGAGTTAGATGCAACCCTTCCAGAGAAGTTATTTGTTGAAGCTCGTGAAATTGAAAATGCCCGCAAAGCTGATGTAGAACGCTTACGGCATTTACGCGCTTATCTTTATGACTTCGGTGAAGCAGGTGTCGGGGCGATGACATTAGGCAGTAGTCGAGCCTATACCGAGATCAAACCGGATTCACTCTTTTCAGAAGAACGTTCTTATGGCTTCCTTGCTGAGAACGAACAGCGTAGCTCTTTTGATAATCATTGGGTATGGGACTATTTGATCCGTGATGGTCTAAAGGTGCCGGATGACACGTCGTTTCGCGTTAAAGCGGAACCAGGTCGCTACCTCGTTCGTGTTATGATTAGCCCTATCGGTACAAATGAGGTTGATGTTACCTTGCAAGGAGT
NZ_CP136920.1_gap75	3563977	3565750	1773	TGTTTTGCCGTCCAGCATGAAACTTACTTGAAAGTCCACTTCGTAGTCTGCCTGGTTCTGAAGCTGAAGCCACCCTATACGTGTATCGACTGCTTCCTGGGGGGCTTTTGCCGGCTGACTTTCTTCTATTTGGAAAACAGATGCGTTGAACTTCGAGTCTTTCTCAAGCTTGGTTCTTCCTTGATTTAAAATAGTCCAGTCGGACCCGTCGTACCATACTCCTGGAACGTCATTGTTGTAGGGACCTGAGTCTTTCCAATTGTGTGTGATGAATATTATGTCATCAGGAGACGTTCGATTGAGTGTTGTAATATGGCCACGTGTATTGTCAGGTGTGGCTTTGTGAGTCTCAGTCTCTGCACTTATTGTGTGAGTATTACTAACTATTGAGGTGTTTCCATTTTTGAGAACGAGAACGTTGAAGCGCGTACCTGCGGCTAGAGGTTCTTTATCCTGACGATAAATCGACCAGCGTTCACCGTCATACCAGACTCCGAGTGGACCAGGAACGTATGATTCACTCCAATTTGGCGTTATGAGCAAAGTGGCATCTGGATCATAGTCACTGAGCGGGTGGCTTATAAATGTGTAGTAATCGACAGTGTTGTCTTTGGTTGCAGTATGTGTAAATGCCTGGTGCGTATTGGGAGACAATGAAAGGACATTGAACTCTGCATCCATAGGAAGCGGAGTACGATCTTCGTTATATATGGTCCATTGTCCGGTTTCGTCTTCATACCAAACACCCACCGTGTGTGGATTGTAGGTGCCGAATCGAGGAGTTACGAAAATAAGTTGATTGGGCTGTCCATTAGTTGCTGGCTGATTCAAGCGTGTCATATGACCACTGATATTTGATTCATCCACTTTATGGACGAATAACTCGCTGGCGCTGAGCGACTCAAGCGCTAGTGATGCTATGGCTAGAGCGAAAATACTGGCTTTTATGGGTTTAAATGGTAAAAAAATGTAAAGCAATTGATGCATGACTGATGAGGATTATTTAGAGTAATCGGAACACTATACATATGCTTTGTTGAAGCAACTTCAAACAGAAGAAACTATAGCGAAATAAGTTACTGAGCATTAATGCGATTTGCGATTTTACATAGCCAAATTTCGGGCTAAATTTCACCAATGCAACGTGAACATATTTGCCTGCTAATGAATTGTTTCAGAGGTCGCCTAAAATGGTCATGGTGGCCCCTGTTTTCCACCATTTTACTCGTTGGGCTATCGGCTTGCGCCGGTGAGAAAATCAGCACGGATTCCATGGCAGTCACCGAGGCTCAGATTCAAGATTACTGGTTTGATGGTGCTGAAATTTCTCGATTTGACTTGGAACAAAGCCGCTATGGCGCTGAGCATCAGGGCACTGCTGAGTTCATTTTTGTGACGGAACCTTTTTTAGTCAGTCAGCAGGTGAAGCATGAATTCGGAAACGGTAAATCAGTGCCTGTTCTGAAACTAAATGCGCTTAGAACATTCAATACCGGAATTTACTCTTATCGAACGATGTTGTCTGTTTTCGACCCATTACCAGATGAGGGGTATTCCCATGCCTTGAAAACAACACTCTCGGTTCAAGACTGGTGTGGTCAGGTTTTCTATCAAATGAATTATCGTGATAGCGCATGGAAGGCGGAATTGCGCTCCTATTTTCAGGGTGAAGCTGACCAGGATTTCTCTCTAGAATCTACATGGCTGGAAGATGAAATCTGGACAACGATTCGAATAGATCCTGAAAGCTTGCCGGTTGGCGAATTCTCAATG
NZ_CP136920.1_gap76	3595526	3596332	806	GTATGTATAGGACGAATTTATATTATTGGATTGTTAATGGTTTTAGTGAAGTGATGTTTGGCAAGATCGAAAAGAAGTTTTATTACAGGGTAGTCGGTCAATTGTATTCTGCTGTCATATTGACAGTTTCCATTTCATTTAGTTTGTTTCTCACCGTACTGGTTCATGGCTCTACGTTAGATGAATCGACGAATTCAAATGATTTTTTTCGCAGCGTTAGCGCGGTTGATGTGCCGATTGGGACTACTTCTCTCGATGGAGCAGTAAGCGATGACGGGCTTCCCTTAAATTCAGTTCTTAGCATCAATTGGAGCCAGGTTAGTGGCCCTGCGCCTGTCACCTTTGCTGATCCAAATGATAGACAAACGTCGGTGAGTTTCTTTGAAGTTGGCACCTATGTGTTAAAGTTGGAGGCCAGTGATGGCGAACTGTCCTCTAGTGACACCGTGACGATTACCATTCGATCTGCCCCTTTTAATCAGTGGTTAACAGCGCATTTTACCGAGGAAGAGATGGCCGATACTTCGTTGAGTGGAGATCTTGCCGATCCGGATATTGATGGAATTATTAATCTGATTGAATATGCACTTGGTTTAGACCCCAGACTTACCTCAATGGCGGGCCAACCACTTGTTCAGTTCAATGGTACGCATTTAGATTTTCAACTTACTCGCCTGACCACGAGGACAGATCTGACTTATGAAGTTTTAGCATCCAATAATCTTGAAAGCGGCTGGTCGGTGATTGCTCGTAGTATTGGAGGTGCAGCTTTTGTCGATGTTGATGGCGGAACTGCCTCAATTGAT
NZ_CP136920.1_gap77	3694133	3697897	3764	TGAGTATGACGTCTGGATTGTCGATATGGTGTGAACTCTTCATTGAACACCAATTGAAAGGTTTTGACCGAATTCTGTCAAATTCATTCAAAAAGTTATTTAAAGACCTTATCCTACCTATTATTACTCGGGAAGTGCGTCCTTTTGCTCTTTTTGATAGTTTTGCACTTCTGCGCTACCACTTTCGAAGATATCCAGGACCTTGTCCGTGGCGAATAGTGCTCCATAACCTAAGGCCAGGGCAAAAAGGCATGCAAAGACGGCAGCGGCTCTCCCTTGAGACCAGAAAAGTGGTCCTAGGAGAGTCGTGAACAGAATCGCGACGATGCCAGCAATAATACCTGCCAGTAATTGGGCGAGCCAGACTTCCTGAATATATGGGCTGGTGAAGTAGAGGAAAGCCCATGCGACAATCAGGGCAAGGGCGGCGCATAAGGCATTACCAATGAAGACTGTAATAACACTTTTTTCACTTTTACCGATTCCTCGTGCCAGTACTTTGCCGAATATGAGGACGATCACCAGACCTACACCAGACACAGTCCAGAACTGCCAGGTCCCAAATGGCCGACTAGCGACTTCAGAAAGCAGGGTTTTGAAGGATTCGAGTAATGTAGCAGTATCCATCTTACCAGTTCAGCGAAATGTTGGTTACCTTGCCAAGCAGGAATTCAATGTGAGCAAAAGTGATTTCACCCATGGTTTTACAGTCTAAAAAAGATGGCTCACTGTGGTATTCGGCAAGTTCTCTTGCCAGCTGGACAGTCTTTTCCGGAAGAGCAATTTCATCGTCGCACATCGAGGCTTTGAGATTGTTGAGGCGATAAGGCGCTGTGTTAGCTCGACGTGCAATCAAGGCGCGCTCTTCGTCCTGATACTGGACCATGGTTTCGTAATTGAGTAATCCAGTGCAGAGCTCAACCACTGCGTTATTGTCTTTGAAGAATTGAGGCAAATAAATCGTGCGACGTCCTTCATAGGATTGCTGGTCAAAATCGATTGGGCGGACGCGATACTGCTCATCTTCAAAGTCCGGAGTTATTCGGACAACATAATTGTAGGAGCGCATATCGCCGAGTAGTCGGACAAAGCAGCGTTCGTTGAATTTGATGAATTCCTTGGCAACCCGGACTTTATTGATGGTTTTGCGTTGGAAATGGCGGCGAATAAACTCATCGCCTGGAATTCCTATGATATGCTGCTCTATCAGTGTATTTTCGTGAAACAGATAGTTGATGCTGCTGGGAGAGAGCAGTTCTTCCAGTTCGAGCCCGTAAACGCGTGAGGCATCTGCCTGCTTTACATAGAAGTAATCGTAGTTGTCGTTGTATTGGTTGATAATACGAACCCTAAAAGGCTGGGTGTTGCCAAAAGCACAAAAATCGATGCGATCAACACGCAGGTGGTCCAATGCTTCCGGATTGCCTGCTGCTTTCAATTGAACGTAGATGCGTGTGAGGGCATCGTTGATCTCCTCAAACATCGTACGCTCGTAAATCAGAGTCTGCCAGAGCGTGTCAGTGCCGTTTTTGTCAAAGAGGGGAAGGCTTTCCTGCCACCGGAGCAGTGTTTTATACTCAATCGGAAGATTCGTTTCGCGCCCGTATTGTCTTAAATATGCGTTTAACTCTGACTGTATCGGAAATATGCGCTTCTTTCGGGAGATGATTTTCATTTGCAGTCACTGACTGTAAAGAGGGAATCAAAACCAACCCTATTGTGCACGCCAAAACTTAGTGTGCTGTGTCTTTATGATGAACGCCTTATGTCTGAATTAGCAGATCACTTATCTCCTGAACTGTGGAGGCGGAGGTGGCCTTCCGAAGCGGCCGGCGGAGCCGAACATGCCAGGATGGCCACGATGTGGACCTCCATCGCCTCCTCCATGCATGCGAAAGCTCCGGTCAGGGATGCCATGGAAGTAGCGAGGGACATAAGGAAAACTGTTTGTCAGGACATAGTAATAGGTGCCTTGTGGAAATTCAGGAGTAATGCCAATCCGACCATTGGATTCATCTAGATCCCCCAGTCCTTCAGCGTACTCGAAATCAGCGGTATACATTCCATTATAACGACCGCCCGGGCCAGTATTACCACCGGGTCGTGTTCCTGTCTTCAGGCGATAGGATGGTTTCATTTCCACGATTTCGCTATTTGGGTCCATGGGATCACTGTAAGCCCAGGGACCATAGATTGGATAACCGTCAGCGGCCCAGCCAACCTGAACCATTTTGCCTTCTCCACCCAACTCCTCAATCAGGCCATTGGGCACGCCGTGGTAATGATAGGCTCCCGTAGGCTGGACATGCGCATTGTTGCCGTCCAGACCAAGTCTGCCTTTACCATTAACAATGGCTTCTTCATTCCAGATGGAGCCGCGCTGGTTATTCCAGAACTCAGCTGTGGCCACATCGATTTTTACACCGTTGAGTGCAACACCAAGGGCATAGCCCCGGGCGTCAATTGGTTTATCGGCTTCGCGAGGCGTTAAAGGGATTTCGTATCTGACAAATTGAACACTGATTTCATGTGGGTTTCCTCTTCCTGGGAACTGGCCTGTGCTATGATTCGGGATTCCATTGGATTCAATGATACGTTTCTCAGACGTTGTCGTTATTTCAACTTCGTTGGTGGCTGTTGCCGAACTGGGTCCATGCGAATGATGTCCATTGTGGGCAAGTGAGGGGAGGGTGAAGCCAATGACTGACAACAATACTAAAGCAATTTTCATCAAATTCATAAACACCAGTGTAAGCAATCGGTTGCAGCTTCAGTATGTTTAGGTCAAAATCTAATTTTAGTGAATATGATTATGATTTATTGGGGAAAAATAAGTATGTCTCTAAATGAACATGAGCTGATTATGAACTGCTAATACTCAAAACAGTTCTCCCTGAATACTCGATTCGACCGGTTCGAGAAACTCGGCGTAACGCTTTCGCCATTCGTCGAGTTTTCGCAAGTAATAGGTGGGGTCGTAAGGCTGTGCTTCTGGATTATAATCAGCAACTGGTCTTGCGACTTGCCAATCGGGTGACCGCTTCTTGTCTCCTGTTGTGATGTAATAGCTGACCTGCTCGCCCATTCGAGGTTGTGGATCCATACGCAAGGCAACTTCCAGTGACGCTCGCCGGGATTTTCCACCGGTTTCGACTGCTTTCTGGTAAGCTTCCGGGTTTTGAGAAAGGTATTCTCTTTTTGCCAGGCGATGGATTGGAAAGTCGCCTTGTGAAATCGCATTGCGCAAGTCGTTTTCCAAAGTCGACGGATTCTGTTTACCGGCTCCCAGCAGATGATGAATCAGCGTATCACTCAGTTCCTTGAGGAATGGCTCGATGCCACGTGATCGCAAGGCTGAACCTGCGATACTGATTTTTTCGCCATCATATAAAGCGTAATTTTTCGACTTATAACAAAACATGGACTCATAACTGCCGTCGAACTCAAGATCGATTCCGGCAGGGAGTATCCGTTTTACTTTGTCGAGCAAAGCCTCGGGATCTTTCCAGTCTTTCTCTGAAGAGAGGTAGATGCCGTCTGTGTCTGCTTCAAGAACCTTGCAGTCATGTTTCTCAAATTCAGTGATGAGTTTTTGTAGTAAGTCACGCCCTTTGGCGGTCACTTCGGCGGCCAGTTCACTGTCGGCAAAACGTGCTCCGGGAAAACCGAGATAACCATAAAAGGAATTGATCACGATTTTATAACTGGCTTGGCGGGCGGTGAATTCCCGTTTAAGGACTGGATCATCCGTCTCACGGGCCAGT
NZ_CP136920.1_gap78	3886875	3888964	2089	CAGCTTATATCAAATGGTATCGAAATCAGGCCTATTATGATTCTGCCGCATGGCGTGGCACATGGGCACTTGATGGAGGCGGTGTGTTGATCAATCAGTCGATTCACACTATCGACATTTTGCTTCACCTTGCAGGCCCAGTCAAATCAGTGCAGGCAAGCACTGCCTGCCTTGCACATGAGAACATTGAAGTGGAGGACATTGGGGCTGCTCTTCTGGAATTCGAAAATGGCGCTCTTGGTGTCATTGAAGGCAGCACCTGTTCTTGGTCTAAGGATGGCCATCCAGCTCGTGTCCAGATCGCAGGGACAGAGGGGTCAGTCTTTTTAGCAGACGATGCTTTTGAAATATGGGACTTCATGAAAGAAGAACCTGATGACGCGTTCGTTCATGCAAATCTAATGAAAGGTTCCGCTGCTGGCCTCGGTGCCAATGACCCCAATGCGATGGGCTTCCAGCAGCACCAACACAATTTTGAAGAAGTCGTTCAGGCCATTCGGGAAGGTCGCGAACCAAGCACTTCAGTCAATGATGCCCGCCGTAGTGTCGAACTGATTCGGGCTATTTACGAGTCCGCTCAAAACAATGGTGACAAGATCCTGCTTGGCCGCCAAATGCAGGGAATGCATTAAAACCCTGAGAACTCCTCAGCTCTTCGCCTTTTCCACCATATTGTAGAATTGCTCAAAAAGCGGATCGGCGTCGTTGGGACCTGGTGCAGCCTCAGGATGATACTGGACACTGAACACAGGCCATTCCTTGTGGCGGAGGCCTTCGACGGTATCGTCGTTTAAGTTCAATTCAGTAACCACAGCACCACAGTTTTCAATCTCTTCGCGGGTTGAAGCAAATCCGTGGTTTTGAGCCGTAATAGCCACATTACCAGTTTCTATATTCTTCACCGGCTGATTTCCACCACGATGACCGAATTTGAGCTTAAAAGTCTTTGCACCAAGTGCGTGCGTGATGATTTGATGGCCAAGGCAGATGCCGAAAGTCGGATATTTGGGCAGGAGCTGCGATACGGTTTCATGGGCATATGTCACCGCTGAAGGATCGCCAGGACCATTGCTTAGGAAAACGGCATCAGGCTTCAGTGCATCCACATCTTCAATTTTAGAGGATGCTGGCAAGACATGAACATCGAATCCGTGATGAACCAGCTTGCGAAGGATCGAGCGCTTAACTCCGAAGTCAAAAGCGGCTACCTTGAAGCGCTTTTGACGGTCTTTATTTTTGTAAAGTTGAGTGCCTTCGACAAGGAAAGGGCCAGTGACCTCAGGGGGAGCCTCATATTGATAAGTTTCCTTCGTTGTAACGTCCTTGACGTAGTCTACGCCGACAAGTCCACCCCATTCTTTGGCCAATTTCACGGCCTCAGCATCGCTAATATCGACAGTGCTCAGGCAGGCCTTCATGGCCCCGGCAACCCGCAGGCGCTTGGTCAAGGCACGAGTATCAAGGCCTTCCAGTCCGGGGACTCCGAAACGCTCCAGATAATCCGGTAAGGACTCATTGCTACGCCAGTTACTAGTGACTGGGCTCAGGTCACGAACGATAAAGCCGGAAACCTTTGGCCCGTCAGATTCTTCATCGCCTGGATTGATTCCATAGTTACCAATTTGCGGCGCAGTCATCGTAACGATCTGAGCAAAATAGGAAGGGTCTGTCAGAATCTCCTGATAACCCGTCATCGACGTATTGAAACAGGCCTCTCCAACGACTGTTTTCTGCGCTCCAAAAGCTTTCCCACGAAAGACGCTCCCGTCTTCCAGTGCTAGCACCCCATATGATTGTCCGGACATTAGCGGTAGAGCGAATGGAGAGGGTAGAGGAGAGGCAATTGAAAAAGAGTGGTTGGCGCCATTTTTCTGCCTTGGTCATCCATGCAGTCACTCTTGAGTTACCGTAAGCCTCAGGAATACAGGGTTCTCTGGTCCGCTGTAAGTTGCTGTCCAGATTTCCATCCCATCCTGGATTCCAGTATTCACAAGCGTAATCTCATCGCTTGACCAACTGGCGGACTCAAGAGTGGATGACCACTCAGGTGTAAATTGAATGCCTGTTGCCGAGGTACTTTTACGAAAGC
NZ_CP136920.1_gap79	3890342	3894236	3894	CACAATCATCGGGATAGTGAATTACTCTATTAAATCAAATGAAACTGGAGAAAAATGCAACCCTATGTATTGAAGATTTTAAATATATAAAAAAGTTAGTTGAAAAAAGAAGACAAATAGTTTTGTTTGTCGCCTCACCATAATAATTGCCGATGTACCCGAACGATCGCTATAAAGACTGGTTTCGCGGCCAGGGCCTCTGGGCTCATGTGCCGGAGGAAGATTGGAAGAACTGGAAATGGCAGCTAAGAAACCGAATTACCAAGGTTGAGCAGCTTGAAGAGTATCTGGATCTAACTCCTGAAGAGAAAGCGGGATGTTACTTTGCCAATCAGAAGCTTGCCCTCGCTATAACCCCTTACTTTTTCAACCTGATTGATCGCAACGATCCGAATTGTCCGATTCGGCGTCAGGTAATTCCTCGAGGAGGCGAGATGAAAGTCTCATCAGAGGAATTGCTGGATCCTGTTGGTGAAGAAGGAACGATGCCAGTCGAAGGATTGGTTCACCGCTATCCAGATCGTGTGCTGTTTCTGGTAACAGATCGCTGCGCCTCATATTGTAGGTATTGCACTCGAAGCCGTCTTGTTTCCAACGCGCAGGATTATAATTTCCATGCGGAGTTTGAGCAGGGATTGAAGTATATCGAAAGCCACCCTGAAGTTCGTGATGTGCTTTTATCCGGGGGAGACCCCTTGTTGCTGAGCGATCACAAGTTGGATTATCTTTTGGGGCGTTTGCGCGCAATTCCGCATGTAGAATTCATTCGAATTGGTTCACGTATTCCGGTCTTTTTGCCCCAGCGCATAACGCCCGAATTGGGAGAAATTTTCAAGAAACATGGTCCCATCTGGATGAGCATTCATGTCAATCATCCTCGGGAATGCACAGAGGAACTGCGCCAGGCAACAGAACGCCTTGCCTTCTCCGGCGTCCCATTAGGCAATCAGAGTGTTCTCTTGAAGGGTGTTAATGATGAGACCGAGGTAATGAAGGCCCTTATTCACAGGCTATTGATGATGCGCGTCCGGCCTTACTACCTTTATCAATGCGATCTCATTACAGGCAGTGCTCACTTGAGGGTTGATGTCAGGAAGGGTATCGAAATCATCCGTCAGCTTCGTGGCCATACTACTGGCTATGCGATTCCCCAATATGTAATTGATGCACCTGGAGGCGGAGGCAAAGTCCCAATAAATCCCGATTACGTTAAAGAAATCACTGAGTCAGAGATTGTTATGCGGAATTTTGCCGGTGAGGAATACCGATATCCACTAATTCCAGGCAAAGGATCGATACAGCCAGCTGACAAGCCTGTTGGAGAGCCACATGAAATCATGGCTTAATCTCAGCAAAATAAGGCAAAGTCTTTTGTTTATCTTTCTGAATTAGTGCCGATAGGAGGATCGTGTCCCGGAACCCAGGTTCCAGAAGGGCCCTTGAGCGCCGTCGTGAATTATCGCGAGAAGCTGACGCCACAGTTCGTCGGCTAACTCGTTTGTACACAACAGCTTTGGCCTTGCTGGCCTTGCTGATAATTGGCGGACAATTTCTCCTGCATTATACATTGTATGACCAGCGTGATGACGCTGATATCATCAATATTGCAGGCCGTCAGCGCATGCTCAGTCAGGGAATTGTGAAAAATTTGCTCTTGTTACGCATGAGCGATTCACCTGATGGGCGATTTTCACTGGTGAACAGGTTGGAAAAAGATCTCAGACTGTTTGAAGATTCCCATACAGGTCTGATTGCAGGTGATAGTGAGATGCATCTTTCCGGGAACAATAGTGAAGAAATACGGCGGCTTTTCAGAGAGCTTGATTATGACTATAATGCCATTATTACATCTGTGTATGAGATCGTTCGTCAATTGAACGACACTCCTAACCATGTGTTAGACGAGCACAGTATCACACTAATAGACAAAACAATGTTCCATGAGGATGATTTCCTCAGGACCATGAACAACATTGTATTTACCTATGCCTATGAGTCTCAGGCAAGAGTCACACAGATCCAAAAAATTGTTCTGACGGTTTTCGTCATTACGATCATCGTATTGTTGATTGAGGCGACCATGATATTTCGTCCGGTTGCAATCCGAGTAGGGCGCACCTTACGGGCACTACAATCTTCAGATCGCCGCAATTCAGAATTGGCAGATACGTTGACAATGCAAAACACTGAGCTTCGACGCGCTCGTGAACAGGCTGAAGCAGCCAACCGCGCTAAATCTGCCTTTTTGGCCAGCATGAGTCATGAAATTCGAACCCCAATGAATGGTATCATTGGTATGAGCCATCTATTGGCTGAAACGGACTTGAGCGAAGAACAGCAAGAATATGTAAAAACGATTGTTGGGGGTAGTGATCATTTGATGTCTTTGATCAATGACGTTCTTGATTTCTCAAAAATTGAGGCTGATCAGCTGGAATTAGCCTGGGAGCCTTTTTTGCTGGCCGATACTGTCAATCAGTCAACCGATATTTTTCTAGCCCTTGCAAAGCAGAAACAAGTGCGGTTTTCGATCAAAGTTGATGAAGACATTCCCAAGAAACTCCTGGGAGATGAATCCAGAATCAGGCAAGTGCTAACCAACTTATTAAGCAATGCCTTGAAATTTACCGAAGGCGGAGAAGTCACGCTTCGTGTATCACAGGAAATGCCACCCCAGATAAAGCGCCTTGCGAGAGAATCAAATGCGATCCTGCCGCCATTAGGCCGGTTCAACACGGAACCGTTGAAAGTATGGTTCAGTGTTGAGGACACTGGTATTGGTATCAGTCGTGATCAAAGTAAGCGATTATTCACTGCCTTTGTTCAGGGTGATACTTCTGTGACTCGAAAATTTGGTGGAACGGGTCTTGGCTTGGTGATTTCACGTCGCCTGGTGGAACTGATGGGAGGGCGTATTGGTTATACGTCCAAGGAAGGCGAAGGGAGTATTTTTGCCTTTTCCGTCGCAACACAGGAAACTGATGAAGAAAGCACCAAACAGCATCACCTTATTGATCAAGCAGTTCCACTGGAAGAGACTTCAACTGCCATTGACAGTAATCTAGAAATCCTTATCGCTGAAGATAATGCAACAAATCGCAAAGTTTTTGCTCTCCATTTGAAGCGCCTTGGACTCGACGCCGATATGGCTGAAAATGGAATGGTCGCAGCTGAAAAATCGAGACACAAACATTACGATGTTATTTTCATGGATCTTCAGATGCCTGAGTTGTCTGGCTTTGAGGCCACACGGATGATCCGTGGTGAATCGCAGACCAAAAAACAACCATTCATTGTGGCTGTATCTGCTACCGTAACCAAAGAGGCGCAAAAGGAATGTCACGAGGCAGGAATGGACGGCTTCATTAGCAAACCAATCCAATTTAACCAAATTAGTGACATCTTTGTTCGAATAAAAAGAGAAAGAGAAAAGCAGATGGAGTCTTGACATCTATAAGTCATGAGAGCTTACTCCGTCGCTTCCATTTTAGGCCCATGGTGTAATGGTAGCACTAAGGTTTCTGGTTCCTTCAGTCGGGGTTCAAATCCCTGTGGGCCTGCCACCAAAGCGTGGTTTGAGAATTTCTATATAATGTCTGATGAATGTAGTTTGACATCTATCTTCTTGCATAAGAGGGCAATACGAGCTGAAAAACAGTAATGCCAGTTACAATCAATCCTGCCACGGAAGAAGTCATTACTGAGTATGAGGATATGCCTTATCCGGAACTTGAGGCGATTTTAAAGGCCACTTCCAAAGAGGCTGCAGCCTGGAGTGAATTTCCCATTGAGGATCGTGCTCAACATATGTTCAAAGCCGCTGATGTGCTTGATCGGCGCAAAGAAAAGCTGGCCTTGCTGATGACCCGAGAAATGGGAAAACCGATCAAGGAG
NZ_CP136920.1_gap80	3898350	3903045	4695	TCATGATGATTCGACCAGGGCTCAGGGGGAATCAACAGCTTCACAGACTGCATGGGCGTTATTAGGACTTTTGTGCTATGGAGATCCTGAGCGCGCTTCAATTCGCCGTGCCGTGAATTATCTGCTTGAGAAGCAACTTGAGGATGGGTCATGGCGTTATGATGAATTCACTGGAACTGGATTCCCAAGAATCTTCTACCTCAAGTATACTTCTTATCAATGGTATCTTCCTCTATACGCCTTGGCCAAATATAGGAAACTGTGCGATAAGCAGTAAACTCCATCAAGTAGAAGGAGAGGCTTGAAATAGCAGAATTACAATACGTAAGCACTTCATAATCAGCCCTTAATAAATTAGACATAATATATATTGTGCGAATAATATTGCTATTTTATGAATGAAAGAGTTATCGCGATTTAATCATATCTTAATCGGTATTATGTTAATATCTGCCGGATATATGAAATCCAGCAAAGTAAAATCTGTCTCTGTAAACGCGCTGTGCTATGCTACGGCAGCATCAAGTTCTCATGGCATCATACAGTTCTATGACATGGGTGGCCAAGGTGGTCCCGATAATACATTCAACTTCTCTTGGGATATTGACCAGGATGGAACCAATGAGGCCATTCTTTCTTTCGAATATGGCGCTGAGTCACATGTTAATCTGAAACAGCTTAATAACTCGTTCCGGGTAATAACGGATGAGGCAAAAGTCCGTGGATTCGATTCAGGTTACTTACCCCCTATTGGACTTCCTAGTGTGGCCACAATACAGTCCATTGTCGCCGATAACCAAATAAAGAATGCCATTTTCTTCAATTTCGATACACCACGTTTTATTGGGTTCAGCTTCACACCTGACAGCACTAAGCTTCATGGCTGGGCTAGCGTGACGCTATCAACTGGCGGCTTTTCAGGCATTGTTACCATCAATAACTGGGCCTATGAAGATTCAGGTGCAGCTATAACTATGGGGGCAATTCCAGAGTCATCTGATGTTGCTTTGGGCTTAGGAGGTCTTGCTCTTGGTGCTGTTGGCCTGCGTTCCTGGCGTAAAAACAAGGCAAAAAGAAAACCCTAAAAAACTGGCCTTACTACTCCGCAGGTCCCCAGCGACTTGTAAATGGATAAAAGATAAAGAAAGCACGCCCGATGACTTCCGTTTCCGGGACGTAATTCAGATTCTCTCCGGGCTTGTTGAAACCCCAGCCTCGGCTGTCGTAGCTTTCTGGAGAGTTATCTCCCATGGCATAGACATATCCATCAGGAACTGTGTCGGTTTGCCCGGGGCGTAAACGCCACATTGGTTTATAGCCGGCGTAGCCGTCTATTTCCTGGGCATTTTTATCAAAAGCATCTGCACCGGCGATTGGAGCATCGTTCCTGTACAATGTGGATTCCTTGACTTCCAGTGTGTCACCAGGAACTCCAACAAGTCGTTTGATGTAGTATTGCTCTGCCGGATTGCCTGCCTTGTCGTTGAGCCCGGGAATCTTCTGAGTTCTGAACACAATTGGAGAACCAACCTTAGGTCGCACAAAATTATAGCTGAAACGATCGACAAAGAGCATGTCTCCCGTGTCGATATCAAAGTCTATGACATTCTGGCCTTTTTTGACTTGTTTTCCCGTAGCTATTGCCTGGCCACCGCCACCATTACGTATGATTTGTCCCTTAGCTTTAGCAGCAGCGTAGGCATCATATAATGTCTCATATTCAGGAAAATATGTCTGACGAATGACATCGTCCAAATGAAAATCAATTGGCACTTCAATCGCAACATATTGCCCTTCAATCCATAAACGATAACGCCACTTTACAGCTGGCAAAATCCCAAACCATTTTCTGCCTTCAAAGACTTCAAACGGAACAATCGCTCTTGGTCCCAATTCATCGCTGCCTATATTGACAGGAACAATAACCTCACCGTCAGTCGGAGATTGTTCATCGATATGAGTAGCCCCCAGCCTTATGGTATGCCATAGCTTCTCTATAGCATTGGGACCTGGCCCATCAATGCTGTAGACTTTTTCAGTCATTCCAGCATAGGTCGGATACATTGAATTGGTTGGAATCTTAAATGGCTGAAGGAAAAAGGTCCGAATACCGATTGCCAATATTGCTGCGACCAGAAGCATTTCAACATTCTCGTTGATAAAAGTCACTGGGTAGATGTCGCCCCCATGCTTTTTCATGATTTTGTCCAAACGCCCCATCGCCTTCTCAACTGTCTCCTGCCTTGGCGGTTGGTCCTTTGAACCAAGCATTTGCTCAAGCTCCTCGCGTTGCCGCCGAATGTCCTCAACGGCCTCTTCCGGCATCAAATCCATGCGGTAAGAGATGACCTTGTCGGCCAGACGAATGAGGTTAAGTGCCTCTTTACGAAGCTTTTTGGGTAATGGACTAGACATGAAATGAGCGTACAGAAAAAGCCTTAGCGACTTCTTTTGGCAATGCTTAACTTGGAATCATGCGTTAGTCGAATTGAGCCCTAAAGCGTGCAAACTCTTCACTCAAATCGTTTAGTCGGCTGTTAAGCGCATCGATTTGCGATTGTTGAATGAGTAATTGTTCTCTGAGAGACGGCTGTGCTACTCCTTGCAACTCATGGTTTGTTGAAGCAGTACCATCATTATCCGTCTCGCCCGCTTCGACTTCGTTGGGATACGAAGTCTGCTGTTGATCTCCGAGGAGATGGGCAAAACGAGCCTCCTTGCGCCCTGCCTGACGCGGGAGTTGCGTCACCAAAGGCTCTTCGAAGTCTTCCTGCAGCGTTTTGAGCGCCTCCAATACAGCATTTGGGTTGGCAAATGAATGCAAACGTTCCGTTCGTGTCCTAAGCTCACCTGGAGTTTGTGGGCCACGTAGACACAACACACAAAGCAAAGCTTTTTGAGGGAGATTGAACTGATCGACCGAATCCAAATCGTAACGGTATTTCGCAACTCTTGAGCCAGCCGTATCAACCCGATAAACCAGTCTCTTTTCGCGCAGAGAATCCAGGGCATCGAGCACCTCATCCTCCTCAAGTTCAAGAACAGGGTCACGACTACTCTTCTGGTTGCATGCATTGACCAGACTATTGAGTGTCAGTGGATAATTTTCCGGTGTGGTTGACTCTTTCTCAATCAGACAACCTAAGACACGGATTTCAACGGATGACAATGACGGGGCTTCCATGCACTAGATGCGATGATGAGAAAAACGTTCAGGCAAACGAAAAATTCAAACTGACGCCAAGGCTGCACTGAATTTCTGTTTCTCCAGCCATTTTTCAATCCTCGAGATGGCATCTCCGCGCTTTGGGTCGTTCTCCTTCATACGGTTCAAAACATTGAGAGCGGTTTCCGCATAATCAATCGCTGTGGCTGAGCTCAAATTATCCAATTCGGAGTGCTTGATTTCCCCATTGCGGATCATGGTACGAGCTTCAGCCTCGATTTCAGCATTGCTGCCACCTGGATTTGGAACCTCGCCTTTGGGCTTCCCACCAGCAGAGCCCCCACCGGAATCACTTGAGCTTGCCTCAGTTTTTCCACGGGGTTCACGCTCGATTCCACTTGGGTATTGCTTGCCGTCCTTACCGGTTACGGCCTCACGTTTTTCAATCCTTTCCTCTTTCTCCAGATCAAGGCGTGTTCGGCGAACGAGATCTGTAGAAATTCGACATAATTCTGCGATAACACCATTTGACAATTCTGGCCATTCCTCGAGCGCGATCTCAGCCGCATTGCGTTTGTCGCCATTTGAACGATAAATTCCATTCGTCGCATTTGCCCCCAGAGCATGCTTGAGTGCATCGGTTCGAGACCCCTCATTGACCTCAGCGCTTATGGCGGCATAACCATTACGTTGTGCCGCAAGAAAGCGATGAAAACCATCGGCGAGCCAGTATTTGGCCCCGTCAAAGTAGACAACAATCGGAGGAAAAACAGCGCCAGCCAGCATCTCTTCCGCATAGCTTGAAATAGCATCGTCGTTCGTTGCAACACGCGTTTGCGTACCGCCATAAATGTCAATCTGGTCGAGGGAAATATCTTTACTTTGCATCTGAAAAAGCTGGCGGTTTTGCCTTTTCATGAAGCCCAAGACAAGGGTTTTTTCTGACTCTTCTCCCTATCCTCGTAAACAATCAGCACTAAAACTGCCATGCAACTCCAGCTCTTGGCTGAATTTTGTAACGGAGAGGATTTGTCTGGCATTCAGGCCAAAGCGTATGATTCTCAGTCCGATGGAAAATTTTAAGCTGATCGTGACTCACCCAGGTGGTGCCCACAAAGATGACCTCCTGGCATGTTGTGTCTTGCTGGCCGTTAATCCGTCACCAATAGAGCGGCGTGAGCCCACAGCTGAAGATCTGGATGATTCTGACATCTGCGTTGTTGATGTTGGTCATGAACATAAACCGGAGAAAAGGAATTTCGATCACCATCAGTTTCCTAGAGACCATGAGCCGACATGCTCCCTTTCATTAGTTCTCCAGTATTTAGGTGTTTATGAAGATGCACGGAAGTTTTGCGATTGGCTGGAGCCAGCGGAGTGGTTTGACTGTCGTGGTGCGAAGGATACAGCAAAATGGCTCGGTATTGAGCGCGACATTGTCACCAAGCTGAACTCCCCTATCGATGTGACAATCTTAAGACGTTTTGCCAGAGAATCCCGTCTGGATGCAGGAAGCCCGATCTGGGAGT
NZ_CP136920.1_gap81	3906933	3908923	1990	AGAGGACAGTCAGAAAGCGGTTTGGGCCTGGGGCCTGGCTAAAGTATTACCAAATCCGCAAATGCTAAAAATTCAGCCCAGGATTTCAAGGAGTGAACATGGCAGTCGTGGTTATGAAATAACGCTCACCAACCAATCGCCCATGGAAATCCCTGCCGGGTTGGAGATTCAGTATGGCATTCGGGTTGATAAAAGAGAAATCACAGTAACCAACACACGCGAACGCGGGGCAAATGGAGATAATCAGTCCAACAAGCAACGCTCTGTCCAAATATTAGCCAGTCAGCATGAAGGCTATTCACTGCACTCAGAAAAAATACCTCAAGGCGGCTCATGGTCCTTCAAAACGCATCTCGCAGCAAATCCCAATGACCATCCAAGAAGCTCACCTCACGCCTCCAACTACTCTCAGCAGACTTTCACCGAAAGTTCGCTTGCCGAAATACAGCTCAAACTATTCTACGCCGGCTCAGAGCTCCGGCACTGGCAACAATATGCCCAGTCTGATTCCTTTCTTGAGGATCCTGAACTGAGTTTTCCAGCGCTTGATAACTTAAGTTCCTATGATCCCCGGCACCCTGATTACGCTGGACGCAGACCGCAAAAAACAGAGCCTTTGCCTCTCCTGGACCTTGCAGAGATGAACAATGCCAGTGAGCCAGATGAAGATGGCGATCCCTTTGCTTCCAGAGCAGTTCCAACCAAGAGTGTTCCTAAAGCACCGATCAACTACAGTGCATTACTGGTGGTCGAAGGAGACGATGGTGTTGGTTCCGGGTTTCTCGCAGAAATCAAGGGACGCTATTTCATTGTAACAAATATCCACGTCATTGCTGGAAACAAGAACGTCCAATTTAAAACTGCTGATGGTGACGAAATTGCTCACCCAAGGAACTTCTTTATCTCCAAAGATCGCGACATTGCGATTTTCCCAATCGAGAAACCGGAAGAATACTACAAGACTTCAGAAAACATAACCGATCTCGCTGATATTGGTGACCTGGTGACGGTATACGGCAACGAAGGCGGAGCATCAGTCGTTACACGCCTTCAAGGTGCCATCAACGGCATTGGCCCAGACCGGATTGAAGTTGATGCAGAATTTATCCCGGGAAACAGCGGGAGTCCGGTTATTCATCGTGAAACTGGCACTGTTATTGGTATTGCCAGTTTCCTGATTGAGTATGATTTGGATGAATCCGGCCGAAGTCGGGAGCGCGATGACAATGATGACCAAGGCAACCCACCATACTCTCGCAATCCGGAAGAAAAACCACCGGAGGCACATCAGAAAACTCGCCGCTTTGCAGAAAGGCTTGATAAAGAAAAGGACTGGGAGCAAACCAACCTGGCTACATTAAGAAGAGAGGCAAAAGAACTCGAAGCTTACACTGAGACGGTACTCGGCGTGATGGATGTTTCTATAGGTATCATGCAGCAAAGCCGTATCATAAGCAGTGGCAAAGCCCGTGAACCAATCCGCTGGCGAATCGAGGAATTTCACCGTATTTACGACAACAGTCGCCAAAGAGGCTCTGAAGGCAATCTTCGTGCCCTGGAAACGCTGAAACGCAACCTGATTTCCGATATGGATAGTGATTATCAGCGTGGCATGAAAAACATCAACAGTGGCTATTTTAAACGTGAAATGAAACGCCATCGCCAGCTAAATGAAGCGATCCGCGATTATCTCGAGGGCGTTTATACCTATTAAGCAGTTTCAGCTAAGCTGTTAAAGACACTTTGCACTTCTCTGCAGATGAGCCAGGAAATGAATGCTGTTCAAATTCCACTATTCTCGAGATTCCAAAACCCTGCCTAAGTGGCAGGCCCGCAGGGACTCGAACCCCAACTAAAGGTACCAAAAACCTCTGTGCTACCATTACACCACGGGCCTATTGAAAGCGAGGAACATAGGAATGAAATCCCACTCGTCAAGAAGACAATTTCACTTATCTTTTCGATAACATGCAAGCAGTGATTGACGTGG
NZ_CP136920.1_gap82	3918480	3919391	911	GATTCACCTTGGTCGAGCTGCTTGTGGTCATCGCAATTGTCGGCGTATTGGCTTCACTGCTATTTGGCAGCCTGGGTGATGCCAGAAAGAAGGCTGAAATGGCAACCGGCGCGACGATGCTTAGGCAAATTGGGACAGCAATTAATCTATATGCCTTGGATAATGATGATCAGTTTCCCGGGCCTCTTGCTCCAGAGCAATGGATGCATCACGATCCTTCAAGCTCTGATCGAAGGCAAAACCAGCAAATAGCTACATTTCTAAATGAATATTTAGATATACCGGAAAATCATGAATATTACGCTGAAGGCTTGGTACCTCCTGCCTTTCCAACTGAATTGGGTGAACGAGCAATTGTATATGTCATTGAAACACGGATTCCAAAGCCAAACCCTCCACTAGGCGCGTCCTTAAGTGAACGAATGTGGTTTCCCTTTGCAGATCCAAAAAATGGCGTCACGGAACCACTTTATCGCAGCCAGCTTCAGCCGGATGGTGATGCGGTTTTGATGAGTGATGCAGATCAACAGCATCATTTGATTAAGCGTTCGCCCTTTGCCAGTCGAGCGCCTGAGGATCCAATATACGTTGAAGTCAGAAACACACTCTTTCACGACGGCCGTGTTGAAACTGTGCCAATCGGCGAAGCAAGCCCTGGCGGACCCGGTGGAGGAGGCCCCGGTGGGGGCGGTCCTGGCGGTGGTGGAGGCCCTGGTGGTCCTGGCGGCGGTCCTGGAGGCCCCGGTGGGGGCGGTCCTGGTGGTCCCGGAGGTCCCCCTCCTAAGGGTGGCGGTGGCCCAGGTGGTGGCGGTGGTCCACCGCCAAGGCGTTAAGCGCCCTAAGTTAAATCACTGAGCTATCCATTCGATCCAGAATCCTACTGGGTGCATGAAAGCGAGCACCTCGTTGGT
NZ_CP136920.1_gap83	3922622	3923232	610	AAAGCAGCACTGGGTGAAGTTTGCTATAAACGAGCCAGACACGTGACTGAAGAGACACAGCGCGTACGGGAAATGGAAACAGCGCTTTCTACTGGAGATCTTAAGCAGGCAGGTGCGCTTTTGTTTGGATCACACGACAGTTCGCAACATCTTTTTGAAAACAGCTGTCCTGAGCTGGATCTTATTGTTGAGAAGCTCAAAGGCATTGATTCTGTTTATGGTGCACGTCTCACCGGCGGTGGCTTTGGTGGTGCCGTCATGGCAGTCACCTCTTCCGAGTTTGATGAATCCTTTGCTGAAGAGTTGGCGACTGAATACGGCCAGCGCTTCGATCATAAGCCTGCGATTTTCCACACTCAGAGCGGTGATGGTGCTCGCGTCATTTCCTGACGACCACGCCTGTCGCCTTCGATCATGCCCCGTCGTCCCGATTTCAGTTTTCGTTATCGGCTCAGTCCCCGAGTCGATCGAGCGGTGAGTCACGTAGACAGAAACTGCTTCGTCCCGGAAAAATATGCATCTGAGGCTTATGCGGATTACCCACTTCCGATTGGTCACGGGCAAACTATTTCACAGCCCAGTTTGGTTGCTTACATGACCGAAGAACTGG
NZ_CP136920.1_gap84	3926954	3930527	3573	ATTGCCAAACAGCAGGCCGTCTTCTGCTTCAAAAGTAGCGTCCCAGTGTCGATTTGGAGCATGCGTTGAAAACAACCAGAGCCGCTTCGGCTTTTTATCAGATTCCTGAAAAGCCTCCCATGAAGCATGATGATGGATATCGAGGGAATACCAGTAGTCCATTCCACTCCGTTTCAGGTGCTTGTCCGTGATGGTGAAGCCCAGTGGATGAATCAAGTGCAGACGGCATTGCGTGATCGCACAGAGACGACCAATGCTACCAGTGTTTTGTGGTATCTCCGGACGAAATAGCACAACATGCAAACGAGGCTTTGTCTCTGGTTCACTCATCTATGACGGCCACGCACAAAACGTTCCGCCTCGCGCATCTGTGTTTTGCGTTTCAAGTCTTCACGCTTATCAAACAGTTTCTTACCTTTGCAGAGTGCTATCTCGATTTTAATCAGGCCTTCTTTGAAATAAAGCCGTGTTGGAATCAAGGCCTGACCACCAGCCTCCAACTCAAATTTAAGCCGATCTATTTGCTTTTTGTGTAATAAAAGTAAACGCGGACGGGTCGGGTTGTGGTTGTTTTCATTACCAAACGCATACTCGTCGATATGGGCATGATAAAGTGTTGGCTTGTCACCTTTCTCGACGCGAACGAAAGAATCATTGATCTGAGCTTTCCCAGCTCGAACAGACTTTACCTCGGTGCCGGTCAGCTTGATTCCAGCTTCCAGCTTTTCGCCCACAAAATAACTGCGCCCGACTTTTGAATTGCGAACCTCGCGGGGTCTTTCGACTTTCTTCTTAGCAGCAGCCATGACTATTCACCGGCTTTGTTAGCCGTATCTTACAAGTGAGCAAAAGGCACTGGGCCCGCCTATGACTATAACCCCGAATTCCCCCGGCCATTAGCCGCGAGGCAAGTCAGCGTCGTCACTAGGATCGTAAAGCTCGTAGCTGATTTTGCCTTCAATAATTTCGCGCAAGGCAATATCCTCAGGCTCGAGTTTCTCGAGTGACTCTACGAGTGGTTTCATCCCATATTTCAACTGTTTACTGCGGCGTGAAACCACATTAATCAAAATGTTGGGATCAGAAATAACGTCTTGGGCTTGTATTAAGTATTCGTCTCTCAAAGTGTTTCTCCAGTTGGATTTCGCGAAACGGGAGAAAAAGGACCTGAAACGGATAGTTTGCAAGGACAAAATCGCCTGCAAAGTGTCTGAAAATCAGAATTGTCTGTAGTAAAAGCGTTCTACATCATGCTTTTATGAGTAAGTTAATGGTAGGCTGGACCACTGTGGCAAATGAAGACGACGCGGATAAACTAGCCAGGAACCTCCTTAATCACAAACTTGCTGCCTGTGTTCAGGTGGATCCCCCCATCCGCTCTTACTACAATTGGGAGGGAACAATGCATTGCGACACGGAGTATCGTTTGAAAATCAAATTTGTAACAAAAGATGAAGCACATCTGATGGAATGGCTCAAGAAGCACCACCCTTACACCATTCCTCAATGGTATGCCATGGAAGCCAGCACCCTGCCCGCCTACCTCAAGTGGGCTATAGAAACGACTGAGAGGTAAGATTGATTGCTTTTTTAAGACACTGCACACTTTTTCAGTTGACTGCTGAAATTTATGTGATTCTCTACGTCGTTTTTCCAATTTCAACAGCAGTAATACCAATGTCCCAACATCCAAGCTTTTCCAAAGGCGCAGCAGCAGCCCTTAAAAAACGTAGCGTTCTCAAACGCTTTGAGCGCGTTGACCTTCTCCGCAAACGTGGCGACTGGAAAGACGGCGACCGTGTGATTGGTCTTCGCAAGACCAAGCCTGAGGCTTAATTGCCGCTTCTAAATCCTTTTCTGAGACCCTCCATTACTGGAGGGTTTTTTGTTTTTGCGAATCTAGTGTGGTGAATCCAAAGTTCCTGTCATAAATATTTTTTAGCCACGAAAATGCACGAAAAGACACAAAGGCTAGCATACATGCGACTTAGTTGATTACTTTTTGTGAATTTTTGTACCTCTTTGTGGCTAAAAATTATGCTGCAAATTTATGACTCACGATACTGGAGCAATCTATGTAGAATGCTCTAAACGACTCCGGCCAAAACCAAATCGCCTGTGCAGTAACTGACACTTGCTTCTTTGATCTGAACCGGGACAAGTTGGCCAATCAGGCGCTCACTGCCAGAAAAGAGAATCTTGCGGTGACCGCGATTGCGCCCCTGAAACATTCCATTTCCACGTTTGGCCGGACACTCGACCAGAACTTCCTGTTCAGTGCCGATAAGTGATTCATTGCGGCGAAGCGAAGACCGATGGAGAATATCCAGCAAGATTTGATTACGCTCCTCCTTTACTTCTGACGGAATCGGGTCTCCCAATGGTGCGGCCGCGGTATCAGGGCGAACACTGTATTTGAAAATGTAGGCCATATCGAAACCAATCTCCTCAAAAACCTGGCGGGTCATCTCGAAGTCCTCTTCCGTTTCTCCCGGGAAGCCTACGATCACGTCGGTGGAAACGGTAAGGTCGGGGCAACGTGCCCTCAAGGCATTCAATATCCGGCGAAAACGTTCGACCGTATACGGACGACGCATTTCTTTGAGGATTCTGTCGCTGCCGCTTTGCAAAGGAAAATGAATGTACTCACAGAGCTTGTCCAGACGACCGTAACAATCGATCAGATCCTGACGAAAACCAACCGGATGCGGACTGGTGAAACGAATACGCTCAAGCCCCGGCACTTCATTGACGCGCTCGAGCAACTGCACAAAAGGACTCTTACCATCCAGATACGGAATTTCTCTAACCGCATATTGATTCACAATCTGTCCGAGTAATGTGACTTCGCGAGTCCCCTTACTAACCAGCTCTTCGACTTCGCTGACAATATCATCAATCGGCCGGGCTCGTTCCTGCCCGCGCGTCTTGGGGACAATGCAAAAACTGCACTTCATGTTACAGCCTTGCATGATGCTAACATATGCGCTGACTTGCGGCCCCGCATCGACGTGTTCACGGATTGTGTTCTGGCTGCCCTCCTCTTCCTCGATATCAACAATCGATGAAGGGCGTGGCCCCTGCCCCTGAAGCGAAGTTAGGATGTTATCCAGGTGATCAGGAACCCGGTGGAATTTTTGAGTTCCAATCAGCAAATCGAGATCGGGCAGACGATCCACCAGATCTGAACCCCGGTTTTGCACCATGCAGCCCATGACACCGAGGACAAAATTCGGATTCTTACGCTTGCGCTTGGCCAGATGGCCCGCCTTGCCGATAGCCTTTTGCTCTGCCTGCTCACGCACGCTACAGGTATTGAGCAGCACCACATCAGCATCGTTTTCATGCTGAACGATACTGTAGCCACGGCCCCGGAGCATGGCAGCAACCGCCTCAGAATCACGTTCGTTCATCTGGCAGCCGTATGTCTTGATGTAAACTCGGTTCATTCCGTAAAGGCGGAAACAACTATTTTGTAGCGACTTCGTCAAGGAAACAAGAAAGTCACGATACTCCTTATCTTGTCAAAACGCGGAAAATGATGAATCTCATCCAGTGTGGGCAATCGTGAAA
NZ_CP136920.1_gap85	3939829	3940360	531	CCACCCGACCCCAAACCACTCGATGTGGCCAATGGCGAAATCGCATTCAAGGACGTCAACTTTGCTTATGACGAAGAGCCGGTTTTGCGAAAAATGACAGTCGCCCTGGACGCCGGCAAAAGCGTGGCTCTGGTTGGTCCAAGTGGTGCCGGTAAATCGACTTTTGCAAAACTCGTCCCACGTTTTTATGACACGAGCGATGGTGTCATCTCCATCGATGGCACAGATGTGCGCGATGTGCGACAAGCGGATTTGCGACGTAACATTGCAGTGGTTTCGCAACACCCTGTTCTCTTTGATGCATCCATTATGGATAACATCCGTATCGGCAAACCAGATGCTTCACGCGAGGAAGTAGAAGAAGCGGCCAAGCGCGCTTTTGCGCATGACTTTATTGAAAGGTTCGACGATGGTTATGAAACCATCTGTGGTGAACGTGGTGACCGTTTATCCGGTGGTCAAAAACAACGCATCGCACTGGCCAGAGCTTTCTTGAAAGATGCGCCAATTCTCATACTCGATGAAGCCACC
NZ_CP136920.1_gap86	4095498	4099876	4378	GGATCAACGCCGTGATCATGGTTGTCACGTTAGCATCAACGATAGTCGATAAGGCTTTTTCGTAACCTGACTGGAGTGCATTTCGCGCAGACTTACCTGTCCGGAGTTCCTCACGAATACGTTCGAAAATAAGGATGTTGGCATCGACTGCCATACCGATAGTCAAGACGAGGGCCGCAACCCCTGGCAGTGTCAGTGTGGCTCCCACACTGGCAAGAATACCAAGAACAATGAGAAGATTCAGAATAACTGACAGGACGGCTACGAGCCCGGCAAACACATAATAGATGAGCATGAACACAATAACAGCGCTAGATCCCCAAATAGCAGCATTGATCGAAGCATCACGAGCGTCTTCAGCCAGGCTGGGACCAACCTCGTACATTTCGTCGAGAACCAGTTCATACTCCAACGGATTGTTTAGAACGTTAGAAAGTTCGACTGCTTCACGCTGAGAAAAATTACCAGTGATCTGTGCACTCCCATTCAGAATTGGCCCTTCACTCAATCCAACTGCTGAGTAAAGTTTACCATCAAGAACGGAAGCGAGTAAGGCACGCACTCCATACTGTTGCAGCTGTTGATCCGAAGCATGCATCTCGCGGGTAATATCAGCAAAAACGTCACCGCCATCAGATGTCATATCAACAGAGATAGCCCACTGGCCTGTTGGCCCGAGTGTTGGAAAAGAACTATCAATGATACTTCCTGTCGCTTCTGGAATCTTTTTAACAAAGTATCGGGTTTCTTCAATTTCACCTGTATCGCGATCTTCTTCTTCAAGGATCATGACCTCATAAGCAGCAACTGGGCTGTTAGGGTCCATTGGATTTACGCTGAGTGATTTTATATCGCCTGGACGATCTGTAGGGCCCGGACGCTGAAATGTATGTACCTTACGAAACTCCAAACGCGCCGGACGCTGGAAGTTTTTAATAATATCCGGATTGTCTTCTAAATTAATACCCGGGAGCTGAATTTCGATGCCATTGGGTGGGACAGGACGAATGATCGGCTCAGCAACGCCAAGACCATTGACACGCTCGCTCATGATATCGACTGCGTCCTCCAGACGGCTTTCCGCTTCGCCCGGGTTAGTTGCATCTTCATTAATCCGAAAGGTGACAGCTACCCCACCCTGTAGGTCCAGACCTTTCTTCAGCTTGCCTTGTGACTCCTGAAGCAGGACATCCATGAGAATGTTATTCCGTTTCTGAAGATTTTTAACATCGATCAGATTGATGTCCTGGAAGTATGTCCCGTAGAGATCAATTTGCTCTTCCTGCGCAATGTCGCGAATTGCGATAAAGAGAGACGGCGCCTTCTTATCGGCAACCCGTTCACGGGCACGTTCTAAGAGTGCATTAAATTCGGAGACATTGGCTGTCGGACGCGTTTCGATAAACTCCTCGAACGGTGTGTCTTGAACCGGAACGAGATTGAGGACCGCCCATGCAACAATACAGGCGGTAATTACTAATTTCCAAATGATAGAGCCTTTCATGGCGTATAATTCAAATATGGGTCAAAGGTGGGAAACAAAATGCAAGGATGACTAAATAGCTGACAAATTATTTCTATTTGTCTTTGGCAGCTTTTGATGAATCTGAAGCATCCTCTTTGCGGATCACGGTTGCGACAGCGTTCTTAGCCAATTCAATTTTAGTATTTTCCGCGATTTTAAGGATAATCCGGTCGGATTTAACATTGATGACGCTGCCATAGATACCGCCACTCGTCACAACCGAGTCTCCGGATTTCAGAGCTTTAACGAGTGCATCATGCTCCTTTTGCTTCTTACGCTGCGGCGCAATAATAAGGAACCACATCCCGGCAAAGAGAAGAATGAGAACGATAAAGTTCATCCCCATACCTGGAGGTGCTCCCTCGGCCTGAGCAACCAGAGGAGAAATGCTGTTTATTAAATGGTTAAATGACATCACGAAAATTCGGGAAAAACGGGCAACAAAACGAATCGAGCTCCAAAAAGCAAGGGCTTTCGCGCACTAGAATGCATAACAAAAAACCGCCCTACTCGGGCGGCTTGAAAGAAATCGTGTAAAGTAACTGGTCTATTCTGAGATTGGAAGCCAGGTTTGTGTGCTAGACGACCAATAAAAACTGCCTGCCCCCGGGACTTCTACGATGAAAATCCACTCATCGTTTCCGTAATGAAAATGCCATGGAGCAATATCCGGATTTGTATGGAGCCATTCCTTAAGCGCACCAGAAAAGACTGTCATATTATCACCACCTTCTCCTTCTGCATAGAACCAGCCCAGAAGCCCCGAAAACATCCATGGGAACTCGGATGTGTAAACCGACCCGAAACCGTCGGTAGTTGCCCAACCTCCTGAAAAATCATCAACCTCACGGAGAAAGCTTATTCCTTCGCCTACATGAAAAGTGATTTCAATCGCTTCACTTTCGATTGCTGAGCCATCTGCCACCAGGGTGCCGCCTGCCTCAAAAGTCAATTTGTAGATTCCGGGACTCCTAAAGGCCCAATACATGTGTTGATGGCTCTCGGCAGTCCCGAAGTAGATATTATCGTTGGAAGAATTATCTCCGTCAGTGAAAATCACATTTACTGCTCCGAAGCCATCAACAGTGTAAACGCTAAACCAACTTGTTTCATCCTCCCCCGATTCTGATACAGTCGCCAAATTGGATAAAGTAGACAACTCGAAGCCCCTCAACCTGACATAAACCTCATCTTTATCAAAAATGCCAGATTCGAATTCCATGGCGATGCCAGGAGCCGCCGGTCCAGCTGTCGGATCCTGAGGCAGGATGTAGAAAACGGAACCCGCTTCGCCGAGGAAACTGAACTCACCTGAATCGGGTAGAACAAAGCGGCTGTCACCATCTGCGATGATGACTACATCGGCTGGTTCAAGACCTTCTCCGTGCTCATGCTCTTCGCCTTCTTCATGATCATGCTCCTCACCTTCCTCGTGTTCCTCGTCCTCGTCATGCTCTTCGCCTTCGTCATGCTCTTCGCCTTCATCGTGTTCCTCATCTTCGTCTTCATGGCCATCTTCGTCTTCGTCGTGGCCATGCTCATCCTCGTGTTCGGCAAAGATGGCAAACTCTAGAGCAGACTCATCCGCATGATAAACAACGGCGATATCCAGTTCACCTTCATCAAGATAGATGCTCTCCTCATGTTCGTCTTCGGCTACTGCGACGGAGATGGCGATTAAGGCTGACACTGAGCCAGCTAACAGTTGAGTATATTTCATTGGTTTCATGTCTATTTAAGCGTTTTTAAATGGATTATCTTACTAACTTTGCGGTGCAGTAAACCAGCCAGGCCCGTCTTGATAGAACCAGCGAAAATCGTCCTGAAAGAGTCCATATTCGATCCAGGCTTCACGAGAAAATGAATAAAGGGCCGGATAAAGTTCACTGCTGACCCAAAGCCAGCCAATTTCTGAATCCCAAACAAATGCTGAGGTTTCATTAGCATTAGTGAAATACCACCACCCCTGGATCTCGTTATACACCCATGGATAAGCCCCTGCGACGAAAGAGCCGAACCATTCATTCCAGGTCCAAGTGTCATTGATGGCAAAACCGTCCAGTAATGAACTGGTCTCACCAGTGACACGGAAGTAATAAGTGGCTGTCGCACTGGTGAAGCCACCACCAAACTCAGGTGTCAATTCACCAGATACTTCAAAGGTCACTGCGTAATCACCGGGTTGAGAAAATGCCCAGTTATAATGAGAGTGGGCACCCGCCGGAATGTCATTCAATGCATCTTCTGGTCCGATTCCGTCACCTGTTGCATAATGAACCAATGGAGGAAAGCCTGCCTGCCACATGGTCAGCGTTCCACCGGCATCCACGCCTGTTCCTGTGACTGACACGAGACGCATGTTGATGCGGCCCCGGTTGCTTAGGCCACCGGTAAAAATACCTCTTTCCAGCAATCGAGTGCCAATGCCCAGATATACCTGATCAGCACTAAATACTTCAGGAAAAACCCAAACCGGATCCCCTTCATTCCCAATCAAATTCCATGGTTCTCCTGCCGGGATCACTTGTTTACCTGCATCACCAACTTCAAAGATGATAGAATCCGTCTCCGACCGCTCGTCCGTATCGAAGTTAAGCACATAGGCACGCCAGCCACCGCCATCCGTTTCGTAATTGATAGACAAGTCAAAGTGGCCAGTCGAATGAACTTCCTGCGCCGAAGCAGGCGACAGAAGAAGGATTCCCGGAACCAGAAAATTGAAATACCTGAAGATTTGCATTGGAAAAACCAAAAACGACATCAATAATGCAAATTTTTTGCAATATGCAAATGCAAAAACTTTGCACCAAAGATTTTTTCAGAAAAGCTCTGATAATCGCCTCCCTGTTCCCT
NZ_CP136920.1_gap87	4100998	4104927	3929	ATTAGTTACAACACAGGCAGGGCTGACGAAGACCGGCTTTCGACCCGTTCTATCGGTGGAGGTGTTTTCGCACTGACCGAATATGAGACCGGCCCCTGGCAAGTGGAGCTAGGGGCGAGAGGTGATTTCCAACACGCCGAGCGAAGCGACCTATCTAACGTTGAGCGTAATGATACCGCCTACTCTGTCAGTACGGGTGTTTCCTATCGCCTGACTGAGGCGGGCAAGGTCGGCTTGAATCTATCCTACCTTCAGCGTATTCCCACGGCCGACGAACTCTATGTCGAAGCACCTCACGGGGCAATTGGTATTTTCCAGATTCCGAATCCGAATCTTAACAATGAGGAATCATTCGGCCTTGATCTGTTTCTGGAAAAAGACCTTGGCATCTGGACATTCATCGCCACTGGGTTCTTTAGACATTTCGACAACTACATTTTTTTGGAAAACCAAGGATTCGAGGTCGATGGCTTGTCAGCTTATCGCTATGTCCAAAGACAAGCTAACTTCGTTGGTGCAGAACTTGAATCAGCTTGGCGACTTCTCGAAAGACAAAATCAACTTCTAACATTTACCGCATTATGGGATGTAGTTTATGGAACGGATACAACGCGACACCAACCCCTGCCCCGCATTCCTCCGATGCGTCTGGGTGGTCGTTTCGATTACACTCTTGGCAATTGGGAATTAGGTATAGGATTAAGGCATGCCTTTGCCCAAAACCGCGTTCCGCAAGCCGTCTTTGGGACATTGGAGTATCAATCACCAACCGCATCCTACACTTTTCTCGATGCCAACATCGCCTATACCTTATCCATTGAAAAAGTGATCATGCGAATATTTATAAATGGGACCAATCTGACTAATGCCGAAGGCCGTAACGCCGCCTCTTTCCTTAAAGATATTGCTCCTCTTCCCGGTCGTAATATCACAGTTGGTTTAAACGTAGAGTTTTAAATAGAACCTCAAACTTGACTCCTCTATCCCTTGCTAGTGATCTTATAAGAGATGATTTTAACTGACACAGATGATTTGATTAAGCGCTGCCGCGATGCAGGTATGCGCTCAACAAAATTATTACGTGCAGCATTGGAATTGCTTTCTCAAACCGATTCTCCAGTCAGTATTCAGCAGTGTACTGAGATGAGTGAAGAGCTCGGCGCCTGCGACCAGGTCACGATCTATCGACTCTTTGAGCGTTTGGAAAAAGTTGGTATCGCTCGACGGATTGGCCTTCATGAACGGGCGGCCCATTTCATTCTGACGGATAGCTTTCACCATCGACACTTTGTCTGCTGCACGAGCTGTGGCAGTGTCCGGGCTCTGACCGATCATTGCACGCTTGGGCACATGGAGGAACATATCGCTGAAGAGACTGGCTACCAAAAGCTCTACCATGAACTGGTTTTTTACGGTGTCTGCCCCAAATGTTCTGACGCAGCTTAGCCATGGTATTCTCGTGACGCCTTCTTTTGACAGAATTAGGGTTACTACAAATCCTGATCAAATCAGGTAATTCTGCCAAAAAATCACTATCAAGAAGACTGAGGAAAGCATTGATTTTCCTGGTCTGACACTTCATTTTCCGCTGCCTTGGAAAAAGAAGCTAACAGTTGGGATGCAAAGCAAAGCGAGGACTATTACGGACTACGCCGATGGGGCGGTGGTCATTTCTCCGCTGATGAAAAAGGATTCGTATGCGCTCACCCAGCTGGTGATGGCCGAAGAATCCAGCTGATGGAAGTTATCGAAGAGGCAATGGAATCGGGTCTCAAACCACCCATGACCATTCGTATTCAAGATCTACTTCGCCACCGTGTGGAACTCCTTGCCGGCGCCTTTGCCAATGCGATTGAAGGTGAAAAGTATGCTGGCCGTTACCGAGGTGTTTTTCCAATTAAAGTGAACCAGCTCCGTGAAGTCGTTGAAGAAATTCGTGATGCCGGAGAACCACTTGGTTTTGGACTGGAGGCCGGCAGCAAACCTGAACTCCTCATCGCCCTGGCACTTTCGGAGAAGGCTGGCTCACTTTTGATCTGCAACGGCTATAAGGACCCAGCCTATATCCGACTCGCTTTGTTAGGGACACAACTTGGGCGTGAAGTCATCCTAGTTGTTGAGCAACCCTCTGAAGCCGATGCGATTATCAAAGTCGCTCAGGAGATCGGTGTGACTCCAAAACTTGGTATTCGATTGAAACTCCACAGCAATGGCGAGGGTAAGTGGAAGAACAGCAGTGGCGACGATGCCAAGTTTGGACTCAGCATTAGTGAGGTCATGACTGTTCTGAAAAAACTGCAGAAAGCTCGTCTGTCCGATGCACTGAAATTGATTCATTTCCACATCGGATCTCAGGTAACCGATATTCTGGCCATCAAACGTGCTGTTGTTGAAGCAGCACGCTATTACTGCGAACTCAGAAAACTGGGGCATCCGATTCAGTATCTGGATGTCGGTGGCGGACTTGGAATTGACTACGACGGCAGTCGTTCCAATTTCGAAAGCTCAATGAACTACTCTTTGCCCGAGTATGCCCGGGATGTAGTCTTTAACATCAAGAAAGTCTGTGAACAGGCTGAAGTGCCGGAACCGGATATTCTTTCGGAAAGCGGACGAGCGCTCGTAGCGCCTCACTCTGTCCTGGTATTGGAAGTCGTGGATCGTATTGCAAAAGTCCCCGAAGGACCATTACCACGCAAAACCAAGCGAACCAACCACGTGATCAAGGACTTGCTTTACACACTGGAGGAAAGCAAGAAACACAGTCAATTGGAGCGCTTTCACGACGCGCAGCAGAAACGAGCTGAGGCCGAATCGCTTTTTACTCACGGCTATCTCGATCTCAAAAACACGGCGATAGCGGAAGAACTTTATTGGCGCATTTGTGATGACATCCGTCAAAACCTGAAGCGAGATGGTTACATACCGGAGGAATTGGAGGATCTCGATACACTATTAGCAGAGCAATATGTCTGTAATTTCTCAGTCTTCCAAAGCCTCCTTGATCATTGGGCCTTAGGGCAGCTTTTCCCAGTTGCCCCTCTGCACCGTCTACAGGAAGAACCAACCACTGAAGCGACTTTGGTCGATATTACCTGCGATAGTGACGGCAAAATTGCAAAATTCACTGATTTGGAGGATGTTCGTCCTACCCTGCGACTTCATCCGGTCGAACCTGGCAAACCCTATTATCTGGGAGTCTTTCTAGTCGGAGCCTATCAGGATATCATGGGAGACTTGCACAACCTTTTTGGACGTGTGAATGAAGTGCACGTATTTCTCGAGGATGACGAAGAAAATGGATTCTACATCGAAGAAACAATCGATGGCTTCAGCACCAATGAGATTCTCGACCTGATTCAATACAAGGAATCAGATCTGATGCGTCGGATGAAGACCCAGATCGATACTGCAATTAAGAATGATACGGTCAAACCCCGTGAAGGTGTCCGCCTGCTCAATCTTTTCTCGGAACAGCTAAAAGCCAAAACCTACCTGGATACAAGTTCTTCAAAAACGAGAACCCGCCGTAATAAGGCAAGATGACGAGTCAATTCAGGCACTGAGGTAATCACTGACCTTTGATTCAAAGGGCGTACTATTCGACTTCTCAATATTTTCGGGGCGATGTTTGCAACTCAAGCAAACCCCCTCAACGGCATCACCAAAGATTTCAGTCCTCAAACGCTCAAATTCATGATCAATGAAGCGGGCAATGCTGAAATCCTCTTCTTCTAGATCGTGATGTTGAACATCATCAGGTGGTGTACTGCCAATGAGAACGTGGTATAAGTAGGTATTCCAAAGATGCTCAGGGGCGATCTCTTTAAACAATTGAACAAAATCTAAAACCTTCTTGTGGAAATGCACCTCTTCCCACTCGTACAAGAATTCGAGTTTCTCTCTATAGGTAGCCATGCGATCGGGTA
NZ_CP136920.1_gap88	4106094	4109212	3118	TTTCAGAAATAAATGCATCCCAATTCGTTGGAGCACTATGCCGCAAATTATGTGAAGCGGATATCTGAGCTAAATCCACGTTTTGCGGAGTAGCAAAATACTGCTCAAACGGAGGATCGAACTTCGAGATTTCCAATTTCTCAAAGATACCGCCACCATTGTTATTGATGACGATAACGGTTAGACTTCCCTCAAATTCTGGAGCCATGAGTAAACCGTTCTGATCATGTAGAAAGGCCAAATCTCCCGTAAGCAGAACTCCAGGCTGCCCACAGCCTTCCACATATCCCATCGCAGAAGAGAGTGTCCCATCGATACCATTAGCTCCTCGATTAGCGGCGAAACGAAAGTGCTTATCATTTGCAGGCCAGAAAAACTCTACATCGCGAACCGGCATACTGCTCGCGACAAATACTGGTGTATTCTCTGGCAAATGCTTCTCCAGAAGCCAGGAGATTTTTCCCTCGAACAGTTCGTCACAAGCTCCAAAAGCACTCTCAAATCGCTCCGCTACTTTTCGATTTTCATTAAGCCAAATCTCGAGGAAATCACTGCGCTTCGGCTCAACTTCATGAGTGGCAAAATCATTTGGTGAGGCTTGGATGTAATTTGCCGGGCGATGAAGCGGGTCCAAATTGTCCAACGACAGCGAAATGATCGATGTTGGCACATTCAAGTCAGACAGCCATTTCCTCAGGACCTTGCATGTTGGCAATGGCCCGATCTGGATTACTGCGCTTGGTTTGAGTGTATCAGACAGTTCCAAATCTCGCAGCACACAGTCATAGTGGGCAATAACCCACTCATCCATCCTTCCATGATGACGCATTGGAGAAAGCGTATCGGCCAATATTGGCCAACCGAGAGCTTTCGCCAAATTCAAGACCCCTCGTGCGTATTTCTTAGGAGCTGTTGAAATGTCAGGACCTGCAATTACCAAACCACGAGAGACAGACGACTGATCTGCAAGGATGGAATCCAGATCGACATTTCTTTTGCTAAATGTCTCTTTGTGGACTGCGCGAATAGCATCATCAGAAAGCTCCCAGGTTTCCCCATCGACGACAGGCGCAAGTGGATCGCGAAAAGGAATATTCAAATGAACCGGTCCACCGCATCCCAGACTCTTCCGCCAGGCCTGCTGCAGGGATTTCTGCATGTAAGGCAACAACGCCCTATTCGGCAGAGCAAGCTCATGATACCAATGGATGTAATCGCCAAAAAGCTTTTGCTGATCAATCGCCTGCCCAGCTGCACAGTCACGAAGCTCAGGAGGCCGATCAGCCGTCAGAATGATCAAAGGCACTCTCGCATAGCGCGCTTCGATAACTGCTGGCAGATAGTTTGCAGCCGCAGTGCCGGATGTGCAAATCAAGGCAACTGGCAGTCCGCTCGCCTTGGCCAAACCCAATGCATAAAATGCAGCTGAACGCTCATCTAGAACGGGCGTTGTTTTGATTTTCTCATTCAGGGCAAAACCGGTCGTTAATGGAGCTGAACGGGAGCCGGGAGAGATGATAACATGCTTAATACCACATTGACTCAAGGTTTCGGCAATAACGCCACCCCAGAAAAAGTTCAAATTGCTCCGTAATAACTCGTGCATTCAAATAAACTACTGAATCGCTTCCTCAAGCGCACGCAACTTCATATCTGTTTCCGCACGTTCGCGGTCCGGATCGCTTCCGCGAACAATTCCTGCACCCGCATAAAGGCGGGCCACATTTCCTGAAAAAAGACCACTTCGGATTCCAACAGCCAGATCGCCCTGACCAGCCATATCAAACCAGCCAACGAGTCCTGCGAAAAGACCTCGGGAAAATCCTTCTAAAGACGCAATTTGCGGCACCGCTTTTGCTCTAGGCCGTCCACCGACAGCAGGCGTCGGATGCAATGCCTTAGCAACATCTAGCAAATGCAGACCTTCTGGAATCCTGGCCTGAATTGGAGTTCGCAGGTGTTGCACGTTGGCCAGTTTCAAAATCTGTGGAAAATCTGCAATATCCGGTTCAATACCAAGATCACTCAATCTTTGGCGAATCGACTCGATCACCATTCGATGTTCCCGCAAGTCCTTGTCACTGGAGAGCAGTTCAGCGGCTCTTTGAGCATCCTCTCGAGCATTAGATCCACGTTTCGCTGATCCTGCCAATGCCTCAGTTTCAAGGATTTCATCTCGACATCCCACCAAGCGCTCAGGCGTTGCGCCAATAAAGCTCTGCCCTTCCCCATTGTTTATTGAGAAGCAAAAGCAACTGGGAAAGCGCTCGCGAAGCCGGTTAACAGTCTCCAGGGGTATGAAAGATTTATCCGCAGTCGCATCAATCGCTCTCGAAAGGACGATTTTCTCGTAATCCTCACCAGCAATACTCTCCAAAGCTTCAACTACAGACGCTTCAAATGGCTTGGAACGAACCTCAGTTGTTTTCATCACTTTAGGTGGCTCTCCCGTATTGACTGACGAATAGCTAAAGCCAGAAAACTTCCCATGCGCTCCGAGTATTCGCGCAGCCAGCGCATTTAAATCCGAGTCAGCTGCGATTAGTGTGTTGGCAACTGCATAAAAGGCACCGCCACGCCGCTCGACCTGCCACCGGGGCACAAAAACAGTCGCCGGATGAAAGCCAGCTTCCTCTGAAGATACATCCTCTTCAAATGTGAATGCACAAAAGAATTTCGGCCCAGTGGATGACGCACCCAAATCACCAACTGCAATCGTGTTTTCAGAGATATCAGCGGCAAATTCGCGAACCTCAGTGAAACGATTCTGGCCACTAAAGCGTCCTTCCACCACAGCCTCCGCACCAGCCAGCGCTTCTTCGTCCTGTGGCCGCTCAAGATAGAAATGAAGTTGCTGCTCTTCGTAAATCGACTCCAGAACAGCGAGCGGATCGATGTGTTTTACTCGCAAACATACACTGGCAAGCTGTGGACGCTTCTTTTTGCGGGCTACCTCCTGGCAATATGTCAAAAAATCAACAAAGGCACGGGCATTACGTTCGGGAAAACGTTCTGGTGGTATGACTTCCATTATAGTATGCAGCGAGAAGACAGAAGTGAGAAGACAGAAGTCCTCAACTTACCGCATGAACAGATCAAAAACTTATCTCTTCTCACT
NZ_CP136920.1_gap89	4117961	4122279	4318	TCTCGCTCTGGAAGCAGTTGGCCCACTGGTCGTAATGCTGAGTTGGCGCAAGCCCTGGCTTCGCTTTGCGGCAATCTGTCTTTTCTGGGTGTTTCATCTTGGTATCTGGAGCACTGTAGCTATTGGCAGCTTTTCTGCAGTTTGCATTATTGCCTGGCTACCTCTTATCCCAGGAAGCATCTGGGAATACTTAGGCAAAAACCAAGCCACTGACCGGAAGCCAACAACACCAGTCCTATCAGGAGGCATTCCCAGCCAGCTTATTCCTGGGATTGCGATCCTACTCATCCTCTCTTGGAATGCTTCACTGGCAGATAAAGGTGGTGATTCCGAAATACTGCCAAATTGGTTTAAAACGGTCGTGAGAACCCCGATGCTAAACCAACGCTGGATGGCATTCTCCAATGAAAAGGGAATTCGATGGTCTGGATGGATGGTGATCGAGGGAACTGATACCAGCGGAAGGCACTGGGACCTCATCGATGGACGGGAACTGTCAGATCGCGAAAAGCCAGAATCACTCTATAATCGCTTTCCCAGTGAACGCTGGCGAAAGGGAGTGAGGCACTATCTTTCTCCCAAAGTGTCAGACGAAGACAAAAGGCTTTTTTCCCGCTTCTTCAGAAACATCTTGGAGAATGAAGCAATAAAGAACAATCCCATCTCCAAGGTGCGTGTTCTCTATTATGTTCGTTGGATTGAACCCCACGATCAAGAGGCAAGCGAAACCTATCATGAGTATGAGTTTTTTGCTCATAGTTTTGAGCCGCAGGATTCCGTCTGAGAAGATTAAAATTCCACATATTGCTCAATTCAGTTGAGTGAAATAGGAATCACAACGTTTAGAACTATCTACATCGATTTCAAAGGACGAATTGCATGGTAAATACTTCCGTAAATCATTCGTAAATCGAACGACAGAGGCCAATATACTGGTGTATTTTCCTTAGTAATGGACTAATAACTTACTCTAAACTGTTTGCTATCAAGCCACAGTAGTCATTTAGAATACGAGTATGCTACGCATTATTATCTACGATAAACTGGACAAGGAAGGTCGGGCGATTCAAGGCGAACGGCGGGCTTATGCTGCGTTCTCAGATGAAGCAGCCCAACAGCAGTTCATTGCAGATGCGAATTTGGATGAAGAACGGATCAAATTCGATTATTTTGATGCGCCAACACGAGGATTGCCCGAGAGTGCACAGCCAAGGGATATCTGCTACGCCCTCTATAAAAAATGGGCCATGAATGGGCCGTTTGAACTGTCAGGCTATTCCTATACCAAAAGCTTTCATGATCAAGCGGTGGGTTATGACAATTTTGTCATGCCGGTGCTGATCAATAAAAACTACGAAGAAGCCGAGGCATGGAAAGATGCGGCAATCAAGGCACGACTCGGAACAGGTAAAGCCTACCGTGAGGCCAAGCGTGCTCTGGAGAAGTTGCCACAGCAGGAAAGAGAGAAGAAAGAGGCAGAATTCCTCGTCGATTTTGCGCAAAACACCTACAGCGCCATCAAGCCAAAGACCCGGCGCGAAGTCCACGCAGTTCAAATTTGCTTTGCCATCGCAGTTATCTGGATTGCCATGATGCTTTTCTTCATACCAGAGGACCCGGAATCAGGGGAAAATGTGGATTCAGTGCCATGGCTCCCTAAGGCCAGTAATGTTTCATTTTTTAGAGCACCTGAGTTCGCTGTCTTTGAGGCTAATGTCCCCTGGTCGGAGGCTCAGAAAATTGTCCCTGCATCTTTTCAACCAATTCAAAACGGAGAGATTGTCCGCTATAATATCTATTTACCAAATGCGGATACTTCAAAAGCTGAAACGCTTGAGATGAGTCCGGCTGAGTTTGAAAAGTGGCAGAACAGCCGTAAAGCAACCGTAGTCGAAGGCTTCAAAGCCGAAGCCCAGGATGGCTCCATCTTCCTCTACGATTCAAAAGCCGAACGCCTGTATGCGGATGTTAAAAGTGATTCCAGAAGTAATTTCTAATCGAGAAAAACTGTGCGTTTTTACACTTCATTAACATATTATAAAACAATAAATAGGTTGCCTTCCTTATCTAAATGAGCTAATCTCTCCCATAGACTATGAAGGATTTCACCACTACCAAACTTACTTCTGGTTTCTCACTTTTGGAAATCATGGTCACAGTTGCAATCATTGGCATGCTCGCGACCTTGGCCGTTCCCGCGATTCGCGAGGCCACTCAAAATGCGCAGGTCATGCGTACCGTTTCCGATATGCGCCAATATAGTTCTGCCATATCGACATACAATTTAGCGAATGGAGAATACCCGGAAGACAAGACACCCGGGGAAATGCCTGAAGGCATGGAAGAGATCATGCCACCACAATGGCTGGCAGCTGCGCCGGTTGGAGGTTCATGGGACTGGGACTACGAACAGTTTGGGACCAAAGCTGCCGTATCCATCTACGCAGATAACGCACTCACTCCTAAAACTATCTACTCCTGGTACCGCATTGATAAGACTTTGGATGACGGATTCCTTGGCGCCGGTCTTGTTCGCATCAGACCTGGCGGGCTCATGTTTGTCATTGATGAGGGATCTGGCGGTGGCAGTATCTTTGGTTCCAATGGCACTGGCGGCTAAAGTAGCAATTCAGCAGCCTTCGCTTATTGCATACTCTTGAGCCAGAACGTAAGTGATTTAAGACTTTCGCCCTCTTCTCCAATTTCCTGCCAAGGCAAAAATGCCTTGAGCTCAGGATGTTTTACATATCCACGTTTGCCCCAAAAAATGTCATGTGGGTGATACTGGCTTGGTCGCAATGGATGGTCGTAGGGCCGGTCAACAGCACAAAATGTTATCCATTTGAAAGACCTTAGAGAGTTGGCAAATTTTTCACGCTCATCAAAAAAGCGATGTCCCAAACCACGTCCGCGATATTCGGGTAGCAAGACTGATTCGGCCAAGTAGAAGACTTCATCCAAATGGTATCCCTGATCGATAAATGGCTTTTTGAACTCATCAATTTCATGGATCATCGGTTGAGCGGTTGAGGCACCGACGACTTTGTTCTGATCCAGGACTAAAACGAAAGCGCACTCAGGTGAATCAATATAGCGTTGAATGTATCCTCGCTCATATTCAATAGAACCGTCGTACAGATACGGAAATTCACGAAAGACCGAGATTCTCAAACGAGCAAGGTCATCTGCAAATTGCCCTATTTCCGGCCCAAATGCTACTTTAACTTCCAATCCTGAACTCATGACCACTGATCCCTTAATCAAGAAATTTCACCAATACGATTCAAGTCCAGGATGGAATAGCTGATATTTCCACGTAAAAGACAGGGCATGTCGTAATTTCCTTCTCGCGGTAATTCAACTCCATCCGGATAACGGAATCGAAAAGTCGCCGCCGTATCACGCTCAAATAATTTCATCAGGGAAATGGGCAATGGTTCGGTACGTTCAACCATGGTATCGGATTTCGTTCCCATGGGAAAGTTGTAGTTATGAACGATAGGTCGCGGAACTGGCTGACCTAGCAATTCGCCAGCGAATGCGACTGCATGCGCGGATGATGCACGAAGAGATTCCTCCAATGTCCCACTAGCCTTGCCGTGATTTTTGCGCAAAAAGTCATAATCCTCCTCGGCCACATGATGTGAAAAAGCCAATGATGGGATTCCCCACCCGGCACCCTCGATTGCTCCGGCAATGGTTCCAGAGCTCAATACAATTGGAGTACAAGCATTGAATCCGATATTAATCCCACTGCAGACCAAATCGACCGGCTGCTCACTAACTAGATGTCCAAGCGCGATGTTAATGCAATCACTCGGTGTTCCATCCAACGCATAAGCTCGGCAGGGAAAATCTTCATACTCAGCCATATGAACATCCTTATTGCGGCTCATAGCTCGACCAATCCAACTCTGTTCTCCCATTGGTGCAGCAACGGTGACTTGAAAGCGCTCAGCCAGCGCCTCCACCAGAACACGCAAAAAAAACGAGTCAATCCCGTCATCATTCGTTACCAAAGCATGTGGTCTATTATCTGCCATGAATGTGAGCAGAATGATGAAGCCACATCAGCGCAAGCGACTAATCGGACAATTCTTCAAGTAATCGAGTAGACAACTGCGCAGTTAATCAACGATACTACAAACTGGCTATTCTCGAATACGACCGTGTTTGACAAAAGAAACCGCGGCTTCTGTCCGAGTTGTGAGATTCAGTTTACTTAATACATTGCTAAGATAATTCTTAACTGTCTTTTCGGTTAAACACAACCGCTCGGCAATATCCTTGTTGGCACTCCCCTTACTGACTTCGACCA
NZ_CP136920.1_gap90	4148509	4150740	2231	CTGCGTGGAAACTTCTTCGATAAGTCTTTTGCATCAATTTTTTCTGCTATCGTACTCATGGTTTCTATTGTTTGGTATTAAATGGTAGAAAATCTGTCGAGACAATCAAGGCAACCTTACACAGACACGATGATTTTTTTTGTCTGTCATCTATGATTTGTTCCATACATGTCTCATAGAGACAAAGTTGCAATGGCTCATAAAAAAAACGACCCATTGCCCAGACCCTTGAAGAGATTATCATATTGACCCACACAAAACACAACATATAATACAAAATTATAAATATGAATATAACATGAATCAATTCTGAATAGAACATGAACAAGTTAATCCTCAAAGCAAAAAAATTCAGTTTAATCCCCATCCTACTCGTTCACGCATTCGTATATTGTATAACAATCCAAACACTTCAGGCTGACGATTCGATAACGGTATTTATTGATTCTTTTGAAGATTTAGAGCAGCCGGTAGAATTTCGCTCAGCAAACGGTCTACTTGAAGTTACTCATATTTTAGAAGAAGCTAGTAATTTCCTGGGAGACGGAACTTCCGATGATGAGAGCGAATATATGTTTATTTTCGGACCGACCTATAATGGCTCTATCCCTGGCCCAACCCTACGAGTGAAACCGGGAGATAACCTTGTCGTTCATACGGTTAACAATCTCCCACCCAATGATGATAACTTTCTTGAGCTACTTGGTATCGATTTAGAATTCTGTACCCCTTTGGAGTTACAGAAAATTGCAGATGGAGACATTGCCACCCTCGCAGCCAAAACCACAACAGACTTTGACTTCAACTTTCCCCACGAACTTAACAGCTACAATTTACACACACATGGCCTGCATGTTTCTCCCGCCCATAAAGCAGATGAAATTCTTAGGATCATCAAACCAGGAAGCACTTATACCAACATTATCAGTATTCCGGAAGATCATGTGCCCGGAGTATTCTTCTATCATCCTCACAACCATGGCTCAATCTGGGCTCAGTATCGCAGCGGAATGGCTGGCACAATTATTGTTGAAGGAGATATAGATGAAGTCCCTGAAATCGCTGCTGCCAAAGATATTGTCCTGGTCCTCCAGCAATTAGAAACGGACAGTGACTTTGGAACTGGCGAACCAGATAGCGAAACCTCTGATTTTACGGAAGTTTTCGAGACCGTAAAGGTTGCAAAAACAGTGAATGGTCAATTGAATCCAACTATTAGGATTCAACCAGGTGAAGTCCAGCGATGGCGAATAATTCATGCAGGACGTGATGATAATTTTCCATTTGAATGTGATGGTGTCGATTTCTACGTCATAGGCTATGACGGTATTCCAATCGAAGAACCAGTCCTGATGGAAAAGATATTTCTTGCCCCTGGAAACAGGGTCGAAGTCCTGGCCAAAGGCAAAGATGCAGGCACCTATTCATTAACCAAGGTAGCTGATGGCAATGTGGATGAACTAACCATCGCAACAGTCGTCGTCGAAGGCGCAACAATAGATATGGGTATCCCGGAAACACTGCCATATCAATATGATTTATTAGCACCGATTGCTGCCGAGGAAGTCACCGGGACCCGCTCGTTAGAATACGAAATCGTTCTACAACCAGATGCACTTGATGATCATGTAATCAACGGCAATAAGTTTGATCCAACCCGAGTAGACCAAACGATCTATTTGGACGATGTTGACGAATGGACAATCACGGGTGATGGCCATCCGCACCATATTCATTCGAACGACTTCTATGTTGTAGAACTTGAAGGAACCTACTTGTCAGATAGTAACGGAGAAAACGGTATTGATGCGACAGAACTCTACCCCACTATGCCACTCTGGATGGATACCATTATGGTGCCAAGTGATGGAAAAGTCGTGCTTCGTTCAAGATACGAACGCTATACTGGAGCATTGGTTCTACACTGTCACATTATTCATCACGAGGAACTAGGCATGATGCAGCTCGTTGAAATTCTGCCGCCAATGGGTGAATACTACCTGGGTGTTGAACGAGCAGACACAAGTGATGACGATTATATATCCCAATGGCTGGGAGCATTCAATGTCAGCGATCTTCCATGGCTATGGCATTACCAATTCGGCTGGCTCTATCCAGCAGGTACCGGAGCCGTGGATGACGACTTCTGGCTGTATGCTGAATCCTTGGATTTAGCCTGGCTATGGACAAATTCACTCTCATTCCCAGCACTCTGGAGCAATGACAGATCC
NZ_CP136920.1_gap91	4269590	4272310	2720	ACAGCACAGGAACTCCAACGGAAATTTCTTTATCGATTCCCGCATAAACGATTGGCGATTCGTTATCTTGAGGTAGACACTTTCCTTTGGCGCCTGCGCTGTATATCGTAGAAATCTCTTCCGACGCCAAAGCGCGGTTAAAGAGCGAAACCTCATCTATAGCACCATCGAAATAACCGTTTCGGCTCCCCCAGCCTATTCGCAAATCACCCAAGGCATCAAAGTTAATATCGCCGATTTGCCATTCGTTGTAAAGGTATGCATTTCTGTAAATCCGCAATAAGCCCGTATTTCGATCATAAGTATAGGTGAAATGATACCAATTACTATAGAAAAATAGATCGCTCGTGCTGCGGTAGCGCCGCTCGGTTCCAATGGCGTCGCGCAAATCGATATTCATACGTCGACCGAGATGATCACTACGATAAATAGTTAGCCCTTGCCCCTCACTATCCGCCCAGGAAAGCAAGGTTCCAAAATTGTCACCATCATCAGCGTAGCACCAGAACTCAATCGTAAAGCCATCATATTGATTCAAGTCCAATACGGTATTTTCCGCCACTCGGACGTAGCCTGCCCCACTAAGCTCAAAAGCGCTGCCTACATAACCCACACGGTAACCTGAGCGGACGAGCGCACCATCTCCGGAACTAGCGAAATTCTCGTCACTTTGATTAGCGGACCACCAGCCAATTAACCCATCGATATCCCCTGTCTCACAACCGCTAGCCACTTGGACAAGAAGCACATCCGTTGACAGGACTTGGCCATCATAGGCCGATAGTTCAAGTTCATAGAGACCTTCAGCGTCAAACGAAACCATTGTCTGAGCTTGAGCCGAATCAGAGAATGTCGCGACTCCTGGTCCGGAAAGTTGAGACCAGGCGATCTGCAAAGAATTGCCTGCTGGCAAGCCGTCATCAAAAACAATGCCATCCAGGTTGAGCGGTTCTGTTAGATCACTTACCCCTGTATCTTCTCCAGCATAAACCAAAGGCGCCTCGTTACCAATTGGCAAGCATTTGCCGATGGAACCAGAGAGATAGCACGCGGAAACCTCCTCTGGCTTCAGGGCGCGACTGTAAAAAGAGACTTCATCCAACGCGCCGTCGAAATAACCATTTCGGCTCCCCCACCCCATACGCAAGTCGCCCAATGTATCAAAACTGATATCGCCTACTTGCCATTCATCATAAAGATAGGCATTCCTGTAAACACGTAGTAACCCAGAATTTCGATCATAAGTATAGGCAAAATGATACCAATTACTATACAAAAGAAGATCGCTTGAACTGCGATAACGACGTTCGGTTCCGTCCGCACCGCGCAGATCAATATTGATGCGCCGACCGAGATGATCACTACGATAAACAGTTAACCCTTGCCCATCGCTATCCGCCCAGGAAAACAGGGTTCCAAAATCGTCACCATCATCAGCGTAGCACCAGAACTCAATCGTAAAGCCATCGTATTCGTTGAGAGACAGTTCCATTTCATCATCCACCCGGACGTAACCACTGCCACTCAAATCAAAAGCACTACCAACGTAGCCTTGGCGATAACCGGCACGAACTATGCCACCGTGATTATTGGAAAACAGATCATTGGGATTCTGATTGGCGGGCCACCAGGAAATTAGACCGTAATTCTCGCTTGCCAGACAATCCGAACCAACCTGCACCACAATAACGTCTTTGCTGATCGCCTGACCGTCAAAAGCGCTTAATTCAAGTTCATAGAGTCCGTCTGCTGAGAAACTGACGCTAGTCTCAGGATCAGCGTCATCTACAAAGATCACTTCACCAGGTCCATTCAATTTGGACCATGCTATCTGCACAGTGTTACCAGGAGGCAAACCATCGTCAAAAACATAGCCCTCTAAGGCCAAACTAACGGCCGTGCCAGAAATTGCTGCATCAATACCTGCGTAGACCAAAGGAGTTTCATTCTCGATTGGTAGACATTTCCCAATGGCATCGGATGCATAAATCTCAGAAATTTCTTCTGGATCCAAGGCGCGACTGTAAAGCGAAACCTCATCCAAAGAGCCGTCGAAATAGCCATTACGACTTCCCCAACCAAGGCGTAACTCCCCTAGAGTATCAATTGCGATATCACCTATCTGCCATTCATCATAAAGATAGGCATTCCTGTAAATACGCAGTAAACCCGTATCACGGTCATAAGTATAGGTGAAATGATACCAATTGCCAGAAGTGAGAAGATCACTCGCGCTGCGGTAACGACGCTCAGTTCCGTCCGCATCGCGTAAATCGATATTTATGCGCCGACCAAGATGGTTACTGCGATAAACAGTTAGCCCTTGTCCCTCGCTATCCGCCCAGGAAAACAAGGTTCCAAAATTGTCACCATCATCAGCGTAAACCCAGAATTCGATTGTGAATCCTTCATATTGATTAATATCCAGTTCATCACTTTCGGGCACGCGCATGTAACTGCTGCCAGTGAAGTCAAAGCCGCTGCCTACCCGTGCCGACCTATAACCACTACGAATCATTCCACCAGGATGGCTTCCTGTAACATCATCAGCGGTTTGGTTGCCAGGCCACCAGGCCAGAAGTTCAGGGTCAACACCAGTGTAGCACGTTTGCGCCACTTGCACGACAATTGTATCCTTTATCGAAATTTGGCCGTCGAAGGCGCTTAATGTAAGCTCATAAGTTCCTTCAGCACTGAAAGTGACTGTACTTTGCGGATCT
NZ_CP136920.1_gap92	4334668	4337151	2483	GTTGGCATATGCTCAACGTAACGCTGAAAGTACCATTGCCCCGATTCGGTTTCCGAAGGTTTAGCCAAGGCAGTCACCCGAGCTCCCCGTGGATTGAGGTGTTCTGTAAAGCGCTTGATTGTGCCTCCCTTACCGGCCGCATCCCTTCCTTCGAAAATCGCAACGATGCGTTCGCCGGTTTTATTGGCCCAGGCCTGCATCTTAACCAGTTCGATATGGAGCAGTTTTATTTCCTCGTCGTAAAGCGAGCCCTTCATCATTCGCTCATACGGATAATTTGAACTGATGATCTGTTTTTTATCAGTCGCCTTATTGACCCGTTCGGCCAGCTCAGAAGGTATGGTGGCCTTTATCTGTTTCTCGATGGCTGCTGCCAGAGGAAAAGGCGTGTTTGCCGCAGCTTTATTCGATTTGGATGTCGAACTGTTTTTATCCCGAACTTGAGCATGCTTCCTTTTCATAACAGGATTTTAGTTCGGAATTTAAGAGCCACTCAATGTCGAAATTGAAACGCATTTAAGGCAAAAGAAGCATAGTTTAATCTGTGCAGGAAATTCTGTCTAAAAAATAATGGCGCCATATAGGCAGCTCTAACTCTCTTTCCGGCTTTCCAGAACTTTTAGGCGTTCGAGGAAGTCCTTGGTGCTCCAGCGTGAACCGTCTTTGCGGTAAATGATTTTGCTGTTCTTATCGATAATGAGCGTGGCCATGGTGTGGTTCAAAGTATCGTCCTCCGGAATCACCAACACTCCAAGCTGCTTGATGATGTTCTTGATCGCAGTCGGGTCACCCGTCAGCAATGTGTAGTTGGCAAAATCGAGGCCACGCTGCTCACCATAAAGTCGCATCACACCGGGAGTATCGTACTCCGGATCAAAGGAAAAGGTAACCAGCTCGACATCCTTCAGGTCGCTTTCCTTAATCTCACGCTGTAGTCTTGACATACGTGCAATCGAAGCCGGACACATCGTGGCCACGGCACAGCGGGTAAAGATAAAGTTCATAACAAGGTTTTTGCCTTTCAAGCTATTGGCTGTCACAAGATCTCCGTCTTGGTTGTATAGGGCAAAATTGGGGATATTTTCGCCGACAGCACGGAAAGCCTTTCGCCCGCGAACCACCGTATCGCGATGAAGCTGTTTGTTGATATCATTCGCCACCTGAACATCAACGGGATCATCAGGCCAGATAAAGTCCAAACGCTTTGAGTCTCCCTCCTCAACCAAATCACCTTTAATCTGTCTTCCAATATAGCCAATCTGTGCGTCGCCGAGGGAAACACTCACAACAGTGTCATCTTCCAGAGTCAGGGTGCGTGCGGTCGGATCAGCGCTTTTCACCGTCGTCACTATCTCCTTGGCCGAGAGAAATGGAATTCCAATGAAGAATAAGAGAGAAATGGATATACGTGTGTAGGTTTGCATTTTACTAAAAGCTTAATAAGGTCCCACAACTTTTAGGATTTTCAACATTAGATGCGTATTCGCAATCGAACAACCAATTATAAACCACTTTTCTTCGCATTTTCCGTCTTTGCGATGCTATGGGTGACCCTGCTTTTGTATGCCGGGGCCTACACGACCAGTATCCAGGCCGGAATGGCTTTTCTTGACTGGCCATTGTCCAACTCATCGGTCAATCCCGACGGCTGGCTGACCAATGAAGACATGCGGGCGGAGCACAGCCACCGGTTGCTTGGAGCAAAACTGGGCATGCTCGCGATTGCCATGGTCATCTGGACCCAGCTGCGGGAAGCACGCGTTGGCGTCAGACGGCTGGCCATCACCATACTGGTGGTCATTGTTCTCCAAGGCTTACTCGGCGGAATGAGAGTCTTATTTGACCAGCTGAATACAGGGTGGGACCACAATATCGTGGCGAGAACCTTTGCCGTGTTCCATGCCTGCGGAGCCCAAATTACTGTCTGCATGCTGGTTGCAATGGCTGCAATCAATTCGCGGGCCTGGATTGAACGCCAGGCAGGGCTCAAAGCGCCGGTTTCGCAGAACATCCGCCGCTGGGGTTATGCATCCGTTGCCGTGCTCTTTGTTCAGATCATCCTTGGTGCTGTCATGCGTCACTCGGGGGCTGGACTGGCGATACCAACCTTTCCACTCACTCCAGATGGCAGCATTTTTCCAGCTTTCTGGAATTTCCCAATTACTATCAACTGGCTCCACCGCGCTGGAGCCGTCGCTGCGACTATTGTGCTGGTTATTTTCGTTGGAAAAATCCTTGGTTCTTCGATCACCCGAAAACCACTGGGCTGGCTGGGCTGGACAGTCTGTGCATTGCTCGTAATCCAGATATTTCTGGGGGCTGCGACCATTTGGACCCATAAAAACCCGGTCATGGCGTCAAACCACATGGTTGTGGGTGCTTTTCTACTTGGGAGCACATGGTTATTGACATTATTGACCCTGAGGATACCCGTTTCCGTATCCGTTGTTCAAAAAGGGGCTGATTCTGTTGGGAAAAAACAG
NZ_CP136920.1_gap93	4415111	4418125	3014	CATCAGGATAGCTATAAAAGCCTGTCATGATGCTTTCGCTCGAAGCACTGGCATTTACCAATCTTTTGATTACTGAGTAAGCAGTCCCATTGGAGGTGGCGAGAGCCACCATACGTGCATCAGGATTGTTACTCTCACGAATCATGACACCAGCACGAGGGGTTGAGGCAGAGCTATTTAAATTCTTCACGCGTGCATATAGGCTGAAGTCCCCTTCCACACTGGACTCTTCAAAATGAAAGCTGTCTGATACTCCAGTGAAACCGTTTCCTGATCCGATCACTTCCCATTCTTCGGAGATTAATACGCGACTGGAACCATCACTACCTGTTCCGATAGTCTGACCGGTAAGGCCTTCGCTTGATAGGGTCTCGAAAAGCGTGTCACTACCAACTAATATACTAACAAGTCCCCAATCCTGTTCTGCTCCGTCTGTGACCAGATAAGTGAATTCATCCATTCCAGAAAACCCGGAATCAGGAGTATATAGAACATTTGTGCCAACTACGCTAAGCGAGCCATGACGTGGCTGACTCACACTATATATTGCCAATGGAGATGGCTGTGCATCACTATCTGTGTCATTCGAAAGCACATCAATACTGACTGGAGTATTCTCGTCTGTCTCAACAGAATCGTTAACAGCAACAGGTGGCTCATTGACCAGGAAGCTATCGTCAATAACGAGATTATCAAAAGCAATTGTGATCGGCAGTCGAGTCTCACACCGCAAACGGAAATTAACAATATCATCGATATTATAAGGAGTCGGACGTAGAACGTTGTCATGCAATAGCACTCCGTTACCCCAAACAGATGAGCACTCGTGATCCAATGTATGCGGTAATCCATCCAATCCCGTATAGACTAGAGATTGCCCGGAGGTATTTACGTACCAAACAACACTCACTGGTGTTCCGTCTGCGGGAAATGTTACGCTGTTTTGTCCATTCAAACGGAAGCGGAAGAGTCCCTCTCCAGCTGCTTTAAAAACCAAGGAATTAGCATAAGCTGACGTAGAACCATTTGAGTTATAATCAGCATGGGTGCTCCAGCTTCCCAATTCGAGGGCTGCAACATCAAGATAAAGTGAAGTATTTTCCAGTGCGACATCAAAGGAAGCCTTTAAAATATTGGGTGGACCAGCCAGATCTGCCAAGCGATAGAAACCGGCTCCGTTCTCGTTGCTGTCGATTCCTGGACGCGTAAGTTTGAGACTTCCGTTATCAATCGACCAAGTCCCGCCATCTGACTCAGTACCGATATCCGTAAATTGGTTTCGCGTTGGAGTAATACCATCGAAATAGTCAGCAACAACAGTGGATTCTGAAAAATCCTGCTCCAGAAGAGCTTCCTGCTCAGGAAGAAGGAGAAAATCAGTCGCAGTCATACGCGATGCCGCAGCAAATAAGCCCAGGTGAACTGTTTCTTTCAGACCATTGATCGTAACTGTGTCAATGGACGTAAAGTTGAGTCCATCACTTGAAACCAAAAATGTAATCTCATCTTCTACACGGACAATGCGTATCCATGCACCAGGATAAGCAAAAGAAATGCCAGAATCCAGTTCGGACACAATACCCCCAATAGCAATTCTGGAACCATAACGATACTGAGCGTCAGTTCCTGTCGTTAACACTGCCATACGTGCATCGTCTTCAAGGTCTTCACGAATCATGAGACCTCCACGAGCTGACGAACCATCTGTAGAAGTAAGATCGACAATACGTGCTTCCAGGATGAAGTTTCCGCTATAGCTCATCTGCTCATAATGAATGGCATCAGCAACACCACCTAAGCCTACTCCACTACTGGAAACCTCTAAGTGATTATCTTCAAATAAACGACTATAACCGCTGGCTCCGCCAATCGTTGAGCCATTTAATCCTACGCTAGTCAAATCCGACGCAAGAGAAGTGTCATTGATCGTTACATTGACAGTCGCAGTATCAGTATTCAGCCCATCAGACAATGTATAATCAAATGTATCCGAACCAAAATAACCAGGTGTCGGTGTATAGTGTAACTTATTACCAACCTGTTCAACTGTTCCATTTGCTGGCTGATTGAAGCTAATAACAGTCAAGCCATCAGGACCATTATCAGAGTCATTGTCATTCGATAATGGATCAATGATCAGCGTCATCCCCTCGTCGATTGAAATAAAATCATCGACTGCTGTCGGCCCTAGATTTGTGACTGTATCCGGAACAATGGGAAAAGTGTTTTCGACTACAAAGTTGTCAAAACGTATTCTCGAGAAATCGTTCGCATAGACATTGACCCGGAAAGTTTTAATTCCGGATGCATCATAATTTTGAGAGCGCTCAAAATTCTCGAGGATCACTTCACCATTAAGCCAATAAGAAGACTTAAGGTTCTCGATCAAATAGATATTACCGTCAGGCCCTTCGTAAGTCTGGGTCTGGCCAGAGTCATTTAAAAACACGACAATGTTACTCATATCGCCATTCGCGAGCGATTGCCCATACTTCGCACTTCCAAATGGAAAATGATAAAGCCCTACACCCTGCCCTTTGATTGTAAATTGATTAAACTTCGAAGCGGAAGCACCACCACTGTTGTAATCAGAAACAGAATCGAAGTCTCCATGGGTAATCGTTACCATGGTTCCATTAGTGGACGAACCCGAAACTCCAAAATCGAAACTGAATTTCATTACACTCGGTGGACCTGAGAAATCAACAAAACGGGCAAAGCCTGCTCCATCATCAGACGAGTCAACACCAGTCCGAATAATTTCAAGCGCACCTTCAACGATGGACCACATACCTCCGTCTGCTTCGGCGACTATTTCACTAAACTGATTTTGGGAAGGCGAAATATCAAAGTAGGTCTGTAAGTTTGATCCATCTGAAAAAGACTGAGCAAAAAGAACATTACTGGCCAAAGATTGATTAGAGATGCTGAAGTCTTGTACAAAACCGTAAACAGGTGCATTGACATCACCACCGTAAAGAAAGATACCTACATCTAATTTTACTGGCAAGCCG
NZ_CP136920.1_gap94	4518873	4523455	4582	CAAATAATTCGCCGCAACATATGAGCCGTAAGGAGAGCCAGATAAGCGAGAACCAAGGAGTGTTGGCCAATCACCACTAACCTCAGAATTAAGGCGTGATTTCAATTGAGCTGTGGTGTATTCGTTGCTGAGAGTCGATTTAAGATTCTGCTCAAGTGTATTTTCATTGCATATAATCTCGCGCTTATATTCGCGTTCGGTATCTGACTCAGATTGTGGTTTGAGCGGACGCAATCCCGTAAGCTTTGAGCTTGTAGATGGTTGTAACAGAAATCCTTCTGGCCAGTTTGCACTACCTTGCGCGGCGACTAAATCTTCTGAGAATGCGGTGGGAGTTGAGTATACTCCTTCGAGATCCCACTCTCGCACGCCGGAATAACTCTTAGGATCAAGATTGAGATCCTGACATCCGGCAAAGCTGCCATTAAAAGTCTCAGTGCGATAGACCTTGATTGGGTCATTCTCCTGATAGCTGAATACACCCTTCTTCTCGACTGACCCACCTTGATATTGTATCTCACCAACGGATAGCTGACTCATACCCTTAACCCCGACAACCGTCACAGACATGTGCTCAGCAGGAGCCGACACCGTAAACCAGCCAGTAGTTGCCTCGTAATCCCCCTTGTTCGCTGTGACAGTTGCGCTGCGCTCAGTCCAGGTGTAGGTGTCTTTATCGCTGACACCCTCCTCGCGCTGTTCATGCTGCCAGGTTCGTTCGCGCCAACTTAGTTTAATGCTCACTCCGCCGGTTAGATCATAACCGATAAGTGGCAACCGAACACGGTAGCGCAGCTCACCCTTGGACATGCTATCGCGATATTCATTAATCGAGTGATGAGCGACAGAGGATGAAGAGGATAAATAGGTCAGCCAATGCACAGCGGAATTGGTAACGCCTGCTGCTTTTTTCTTGTTCGCTTCTGACAAGTTCGCTTGAGCAATGGTGAGCTGATCATTCGCCTCGTCAATTGATTCATCATGCCCAGGCAAGCTATCTTCCGTGCTATGAATTGATGCCAACGTTCCGCTAGGGTTAGGCAACTCAGCTAATAGGTCATCAATTTCACTGGTGAGCTGGTCTCTTTCATTTTCTAAAGCTGACTCTTCCGACTCAGACAATTCCTTGTAGAGTAGTTGATGGCGAACCCAAATACGGCGATTATCCTTATCGCTGATTTGCTGGCGCTTCTGATTAAACTCCACTATCTCGGAGGCGTAGTCACTCTTCAAGCTGGCAATATCCGACTCAGTATCTGCTTTTGCCTGTATTAAGTCCGCAACTCTGTCGGTGTAGAAATCTACGGTTGATTGAGCACTAATGACATTATCTTCATCATCTTCTACTCGATTTGATAGCGCCTTATTATAACTTTCTTCAGTGTTAAAGTTCAGACGGCGAAGCCTAGGACGATATGAGCGAAATATGCTCAATGCTATGTTTACATTCAAATAATTAGCCGCTGCTAAGGCGCCATCAGCAAGCGCTTGCATGTCTCCCTCTGTGAATTCGTCACTCAGCGTTAGACTTCCTGATGTCTGGGTATTTCCAACATTGGGGTCCTTCTTCATCTGAGTATTACTTACGACGGTATCGGCGTAAACAATGCCCGCTTGGACGTTTTCCGTTATGTCAGTAACACTTGTTACTGGCTGAAATATTGGTACTCCAGTATCAGGATCTTCCCCGGTTTGTTGGCAACTTGTGAAAGATGACGTTCCTTCTGCGACATATTCCTTTGAATATCCATCAGCGCAGAAGCCAGTAAATGGACAAACGCCTTCGGGGTTACTCTGCTGAAGCGTTCCTGACATAGCGATCACTTCGCCGTGTTGATACGTCTCATCACCGCAAGTTGCTTCCATTGTATTGTCCTCATTGCGACTATAAGTGCCATTCAATGCAGTGAACACATAATTGTCAGCATCATCAGGGGCATTATCATCCACAAGCTGTAATATGCGATCACCGTCTGTCGTCTCCCCTTGGTTGATAACTTCTACTTTTCCGGTTCCGCTTGATTTGCGGTAGAATGTCCCAGGTGTTTCAAAGCCCGTAAAACCTTTCTTCATGCCTGAACCTGAACGACTTTGATAGACAACACTTGCACCCGCTGGAACACACACGCACTTGCACGGTCTTCGATTTCGATTCCTTATCGGATAAGGCACACCGTCACCATGGCCTACGAAATAGGGCAAGTCTACTGCTGTCAGAAAATCTGCCATAGCTCAAGCAGCGACAATTACTGCATTTCGATAAATGGTGGAACATCCGGATTCACTGGCACCGGTTTCGACACGTAAGTTTGTCTTCACTGCACTATAAAATGCAGTTGGAGCGTTCTCACTGGAGTCATACGAAAAGAGAATTGTGTAAAGCGTCGTGGGTATATTCCCGTTATTGCTCGGAGCCTGTGTGACGGGAACAGTCGAAGATTCTTCGATCGTTGCTCCTGTGACTTCGCCTTGCTGGGTAATATTTGTTTCCAGGTAGACGACTCGACCTTCAGCATTACCATTGAGGGTGATTTCTCCATTCCAATTATTAGGCAATTCATTGTTAATGGTACCAGGGATGAGCTTGACCGCCAAAGCGTTGTTAGCATTTCCAGCTGAATATGGCTTCCAGGGGTGATCTTCGCGAACTGTGGATTCACTTCTTGCTGTCAATTCTGCAACCCACCCTAATGGCGTCTGTGTAATTCGTAGTCCTTTATGGCCATTCCCCGGGGCTCCCCTATTGCTCTGCTCAATAAGCTCATTAAGACGAGATACTGTCACCTCATCTTCAATACGCCTTGACCCTTTAAACCGCCAACTAATCATTTCCTATAAACTAGTTCATTCCACCCATCCTTGCCTGAAAGCATCCAGCCTTCAGACACAGCAAAAACGTCTGCCTCTTCAGTGTAAGTAAATTCAATTTTCAACCAATTCCTTGACCCGATAGCGGGCTCGTTGCCAGCTGGTGAATCAATGCTTCCCAGATCCGTCAATCCTGAGGGCTTCGTCCTGGAAAGGTATCGCTTGCGGAAAATTACGCCTGGGGATAGGAAGCTTTCGATGCCTGCTAATTTTGCACTTTGTACAGCTTCACTTGTTGCATTAAATCCAACAAATAAGCCATCATCATCCGTGATGATTCCATCGACGCCCACCCCCTGCTCTATAACGCTCCAATTCGAAGAGGTTCTAATTGGCTCAGTGGACATGGTACCAACGACTTCATAAACAGGAGGAGGAAGTCCTCCCCCTGTTCCGTTGATTTGCCCTCCCCTAAACTCTGCCGTCCATTCACCCAACCCACCAGGCAAGAAGCGTGGACTCACAATCTTACAAACAAGATTTGGATAGTTGGAATGTCTGTTGCCTTGAGTTGGTATTAATCTGAGCAAGTCATTGCCATTGCACTTAAAAGTCTCACGCAGTGTCACAAGACCAATATCACTGATGGTAATATCGGGTGGTTGTGTGCAAACTTTTACCCCTGATGTAAGCTTACCTTGACGTGCTACACTCATGCAAAACTTGCACCCCCGTCTTTTAGTTTTCGAATCTCATTCTTAATGCCTTCAAGTTTATCAAGTTGCTGTTTGGCCAGCCTTTCAAGGGTTCTAGGATCGGCACTAGCAAAGCCACCACCGCCACCAATAGCAGTGATGCTAGCTACTTCACCCAAGCCCGCCCTAGACCTGATTTCGTCTAGTTTTGATCTGCCTTTAGCATCCTTATCCAGCAATCTTTCAAGGGCTTTCTTTGCAGTTTCGTCACTGCGTGAAGGGCCTGGCTTACGCCTTGTGCGTCTCTTATTGTTCTGCAATATGGGGTCTCTTGACAATATATCCTGCGCCTCATCGGAGGCTGACTGTGTGCCAGTAGTAATAATACTACCGATGTCTTCTAGGGCATTCTTAGCTTCAGCCTTCATACTGGAAAGTGTGATTCTGAAATTATCACTAACCCGAGCAAAGGAATCCTTAATCTTGTCAACATCCAAGGATAGGATTCCATCAATCGCTTGGCCTACTGAAGCAACATTCTCCATTACCAGACTTATCACGTTACCAATTTGCCTGCCCAGAGCTTCAACACTGCGTCTTAATACACCAATAATTCTATTAAATACATCCAACACTGGAAATAGGAAACCTTTGACTGTGTTAGCAAGCAAAGCCAATTGGTCATTGAAGTCTGCGGTTGATTTTACTGCTCCCTCTGAGGCCTTGCTCGCTCTCGCTAAACCATTTGCAGCGACATCCTGAAGCAGTGGTAGAATTTCTGTATAACGATTGCCTAGGAGCCCAGTTATCGCAGCGAGCCTGTCACTTTCTGTAGTTAAGCCTCCTACAGTATTCGCAAGTAGCATAAAGACTTCCTCGGGTGATTTATCTTTGAAGTCTTCAACTGTAAGGCCAAGCGCTTTCATTTCATCAGCAATAGATTGCGTCGGTCCACCAGCCCGATTAACTTCCCCTATAAATCTTTTTAGACCCCTTGTTGCATACTCAAGATTAGCTCCCGTAAGATCGGCTTGAATTGATAAGTCCTGAATAAAATCGGATGTCCCATCCCCCAGCTG
NZ_CP136920.1_gap95	4557466	4560059	2593	CCAGCCTTCAGACACAGCAAAAACGTCTGCCTCTTCAGTGTAAGTAAATTCAATTTTCAACCAATTCCTTGACCCGATAGCGGGCTCGTTGCCAGCTGGTGAATCAATGCTTCCCAGATCCGTCAATCCTGAGGGCTTCGTCCTGGAAAGGTATCGCTTGCGGAAAATTACGCCTGGGGATAGGAAGCTTTCGATGCCTGCTAATTTTGCACTTTGTACAGCTTCACTTGTTGCATTAAATCCAACAAATAAGCCATCATCATCCGTGATGATTCCATCGACGCCCACCCCCTGCTCTATAACGCTCCAATTCGAAGAGGTTCTAATTGGCTCAGTGGACATGGTACCAACGACTTCATAAACAGGAGGAGGAAGTCCTCCCCCTGTTCCGTTGATTTGCCCTCCCCTAAACTCTGCCGTCCATTCACCCAACCCACCAGGCAAGAAGCGTGGACTCACAATCTTACAAACAAGATTTGGATAGTTGGAATGTCTGTTGCCTTGAGTTGGTATTAATCTGAGCAAGTCATTGCCATTGCACTTAAAAGTCTCACGCAGTGTCACAAGACCAATATCACTGATGGTAATATCGGGTGGTTGTGTGCAAACTTTTACCCCTGATGTAAGCTTACCTTGACGTGCTACACTCATGCAAAACTTGCACCCCCGTCTTTTAGTTTTCGAATCTCATTCTTAATGCCTTCAAGTTTATCAAGTTGCTGTTTGGCCAGCCTTTCAAGGGTTCTAGGATCGGCACTAGCAAAGCCACCACCGCCACCAATAGCAGTGATGCTAGCTACTTCACCCAAGCCCGCCCTAGACCTGATTTCGTCTAGTTTTGATCTGCCTTTAGCATCCTTATCCAGCAATCTTTCAAGGGCTTTCTTTGCAGTTTCGTCACTGCGTGAAGGGCCTGGCTTACGCCTTGTGCGTCTCTTATTGTTCTGCAATATGGGGTCTCTTGACAATATATCCTGCGCCTCATCGGAGGCTGACTGTGTGCCAGTAGTAATAATACTACCGATGTCTTCTAGGGCATTCTTAGCTTCAGCCTTCATACTGGAAAGTGTGATTCTGAAATTATCACTAACCCGAGCAAAGGAATCCTTAATCTTGTCAACATCCAAGGATAGGATTCCATCAATCGCTTGGCCTACTGAAGCAACATTCTCCATTACCAGACTTATCACGTTACCAATTTGCCTGCCCAGAGCTTCAACACTGCGTCTTAATACACCAATAATTCTATTAAATACATCCAACACTGGAAATAGGAAACCTTTGACTGTGTTAGCAAGCAAAGCCAATTGGTCATTGAAGTCTGCGGTTGATTTTACTGCTCCCTCTGAGGCCTTGCTCGCTCTCGCTAAACCATTTGCAGCGACATCCTGAAGCAGTGGTAGAATTTCTGTATAACGATTGCCTAGGAGCCCAGTTATCGCAGCGAGCCTGTCACTTTCTGTAGTTAAGCCTCCTACAGTATTCGCAAGTAGCATAAAGACTTCCTCGGGTGATTTATCTTTGAAGTCTTCAACTGTAAGGCCAAGCGCTTTCATTTCATCAGCAATAGATTGCGTCGGTCCACCAGCCCGATTAACTTCCCCTATAAATCTTTTTAGACCCCTTGTTGCATACTCAAGATTAGCTCCCGTAAGATCGGCTTGAATTGATAAGTCCTGAATAAAATCGGATGTCCCATCCCCCAGCTGCTTGGACAGCTTGTCAATTCGATCCAGATCCGAGTACATGCGCTTTAAGCCAAGTAAAACTGATGCAAAAGCAAAAGCCTTGGCAAACTGCCGTGCTGCCGTTGTAGCAAAGGCCTGTACCTTGTTCTGTGCCTTCGCTAGACCCGTATCAAGCAGGGAGTTATCTGTTCCTACTTTTACTTTAACGTCAGCCATTGGGAAATGCCTTTCCTTGACGCTCTGCTAATAATCTTCTGCCAGTCTCTTCGGCCTGCTTTGCTTGCTCGTCCCACTCAATTAAAGTAGCATCGTCTGGAGCAAATTTGAGTTCCCCGCCCTGAGCCTCAACATTTGAATCAGTCATCCAACAGAGCAGACCAAAAGGCATTGACCATGCTCTCTCCTCACCGACCAACGGAGCGGCCATGCAAACACGAGTCATAACATATGGTGCAGTGATCGGATCACCTTTCGACCCCACCTTTTCCATATGTTCTGGCAACGACATATAATCACTCCAGTAAGTTTGCCATTTTCTAATATGACTAAAAAAATGCCTACGCTTAAGAACAGAACGGAAAACATGCCAATGCAATAAGCCATCTATCCCTATGTCAGGCGTTCCCTTTGGGACATATGCACCCTGAACAAGCTTAATTGGCCTAGAGCATACAGAAACAGCTAACGCTAAATCCTCAGGAAGGAGACCTTCGCCGCATACAACTGGAGACTGTATCGCGTCTAGATATAAAAGATGAGCTGCACTTAAAGGCTGAAGTTTCCGACCGAAAACCCTGCTTTCGGCATTGATGACGCATTCAAGAAATTTTGGGTCCACATTCTAACTTAAGTGGGGTTAATTTGTTCGTATTTCTCTAAGTCATATGAACATTCTGAGTAACCAC
NZ_CP136920.1_gap96	4561134	4562300	1166	TGCCCAGCCTGCTTTTGCCAAACCAACGCGCTTTTGAATTTTCTGCAAATACTTATCTCGCTTTGCATCATCAGGAACAACAGTTTGCTGACTGTTTTTTTTGGGTACGCGCCCCTTACTATTTCGAGCACTTGAATGTCTTTGCTTTTGTAATGACCTCGTTAAATCAATACCCTCTTCCATTGCAATTTTACGCGCTTTAGCATATTGATTATTCTGCAAGAATAACCAGAACGCAGAAGCTAAATCTTCGCTTCTCCTGGCAATGGCATCAAAAGCCTTTGATGGGGAAAGAAATACGTTCCGTACGTCAATAGCCGTCTTTCGCTTGCCTCGACCATGGGCCCGACTACTGAAGCCATGTGGTTGTGTTTGATAAGCTAAGTTTACGCTCACCCTTCTTGCACTCTGCTTTGTTACTTGAGGAATTGTTTTCCCGTTTGCAGCAGACAGCCTCCTGAGCTTCGACTTTAAAACCCTGTCATCAACTGTTGCTGTCAATTTCATTTAGCAGGATCATCCAGGGAGAAAGTGACACTAAAGTTGTCTTCTGAGGCCCCTACTATCAGGCGCTTCAGTTTTTTCTTTTTTAAGGTAACTACACGCCCCACCAGTTCATCTACAACAACTGAATCTGGGATTTGGGATAGTAGCACCGTGACCTCGCTACTGCCATCGGGCATAAAGCCACCGGCCTCAGCTAGATCCTTGCTTCGTTCAATTGTCGGCAATATGCATGGAAGCTCCAAACTCCCAATCTGTAGATAATCAGAATTCCTATTCTCTTCGAAGACCTCAAAGGCCTCCCCAAGGCTCTCACTTATCTCTGACATGGTAAAGAAAGGCGGGCCATTACTGACCCGCCTCTAATAATTATTTTTTGTTACCTTTCTTGGATTCTTCTGGAGGTGAATCAGTGGGTTTTGATTGAGATTTCTGATCTTTGTCGGTTCTAGCCATTTCAGATTCCTCAATCTGGACTGCCTTATTCATGTTAATGAGCAATCGTCCAATAGAGTCTGAAACTTCGATTTTCTCATCAGTGAATACGGGCTCCCCGCTAATCGCTGTGTCTTTTGTGATCTCGATAAACATTGTTACCCTTTCATCAGATTACTGGTTTCCTGCATCAGTGCTAACAGCGAAAGACTCAGGATGACGAACAC
NZ_CP136920.1_gap97	4689385	4692455	3070	TTCCAGTCAATTGCAGAGGCACTTGAGACCACAGTTACAACTAGGAGAGCTTGTGCGATTTTAGGTAATACCATAATGAGTTAGGCTGAGATATAAGGTTACGGTTCCTTGCTGCCACTAAAGATTCAATCTGCAGAACCTACAAAGTAAAGGGAAACATTAGTGACTCCAAACGGCCAAAATGACGCGCATCACTGCGATCCTCAAAAGAACCTCAGGCAATGGCTCCGGTTAATATAATTTCCTAAGGTAAAGTTATAGTGCCGGCTTTGAGCCCTTTTGAATCGACAGTTAAGTTGACTTGTTCCTCTATGACTCGAATCACTGCAAGGCATTTGCCTCCAAAGCTACTGCGCCTCGTGCGTGCCTGCATTTCGTCGAGTGCGGTCAAAGCACCATTGTCGAGCGCAATTACTTCGCCGCCTTCTACTTTAAAATCGAGTTCACGATCTGTGTGCACAACAGGAATCCCGTTGGCATCCAAGAGCTGCACTTCGACATGAATAATATCCCCAGACGACACTGATTCATAGTCAGCCTTTAATTCAATTTGCTCAGGATCCCCCGCTGTCCGTATCTCAAACGAGCAAACTTCTTCTCCGTTACGGATGCCAACGGCACGCAAAGTGCCGGGCTCGTAGGCCACAGAATACCAATTCATTACCCAGTTGCTGAAGTCAGCCAACTTTTGGCGCCCAATTTTTCGACCATTCAAATAGAGATCAAGAAATTCGCAATTAGTATATGTCACCAGATCAAGCTCCGTGCCGTCGGGGTGATTCCAATTCCCCATAATAACAGGCGCACCCCAGTCCTTTGAAAAGTAGGTATCTCTGTCGTAAACCCCTATGTAAACCATAGGTTCATCGGTCCAGAGTGCTTGATATTGATAGAACATGGGGGTGCGAAAGCCTGCAGAATCCAGAAAATGGCCTGGCCAGCAAAAAATTTCCGGCCAACTGAGCGGTCCTTCCGCTGGAATTTCTCCGAGGTATTCGATACCGACCCATAAAAACAGCCCCACATTATGGTCGTTTTCGACCACATCAAACCATGGACTTCGTTCCACATGAGCCCAACGCTCTGTTTCGGTTGAGCCGTAATAAGTGTAACTCTCTGTGCTAATGAAGGCTTTTCCCGGATTACGGTGACCAATGCGTTTCACCCATTGGTCACCATAGTTCATACCGATAAGATCCATATGCTGGGTGGATTCCAATATGTCGTCGACCTTTTGAGTCGGATCCATATCCAAGCCCCGTTCCATCCCAGAGACAACTGGGCGAGTGGGATCGATTGAACGAACAAAGTCGCAATACAACTCAAGTCCTTCGGTCTGCTTTTGCGAACCAGCAGGATAGTTCTCATTGCCGACACTCCAGATAACCACGCTCGGGTGGTTCCGATCGCGACGGATGGTTTCCCGGAAATTCTTACGCCACTCGAGCCCGAAATATGGATCTGCAAACTGCGGATGGTCCCACTTGTCCACAAACTCATCCATCACCAAAAAACCAAGCTCATCGCAAAGCGCCATGAACTCTGGCCCCATTGCGTTATGCGCGGTACGAATCGCATTACAACCGGCCGCCTTCAACCCTCTCAAACGTCGCTCCCAGACCTCGGCTGGCACGGCAGAGCCAAAAGTCGACGCTTCGGCATGCAGATTAACCCCCTTCATTTTCATATTCTCCCCGTTCAGGAAAAAACCCTTCTCAGCATCGAAGATGATCTCCCGGATACCAAACCGGCTCTCGTAAGTATCGGTCACCTCTCCGGCAACCATCACTTTGCTCACAGCCGTGTACAGCTGCGGCGAATCAATTGACCAGAGCTTTGGGTGAAACACGTCGAAGCTCTGCTCGACGTCAACCGATTGGCCGGCCCCGATTAGCGTCTCGGCCGATGTACCCTTTGCAACGATCTCGCCTGCGCTATCAATGATCTCGGTATAAAGTGTGAATGCGGAATAGCTCTCCATTCGATTAGTGATCGTCGTTACAACGTTTACCTGCGCCTCCGAGTTCGAAACCTTTGGCGTTGTAATATACGTTCCCCAATTCTCCACATGCAAAGGTTCTTTTACGGTGAGCCATACATTACGATAAATTCCTGATCCTGTATACCAGCGGCAGTTGGGCTGGAGTGAATTATCGGCTCTAACAGCGATCAAGTTAGTCCCCTCTTTTACATAAGGGCTGATATCGAAGTAGAAACTCGTATAGCCGTCGTATTGAACACCGACAAACTCTCCATTCACCCACACCTTAGCGTGCTTGTAAACACCATCGAACTGAAGTTCGACGTATTGACTCGCATCTTCAGCGGAGAGTTCAAATTGCTTTCTATACCAGCCGATACCTCCGGGTAGCCAGGCGTTCTGCGGCGGGTTATCTTTACTGAAGGGTTGCTCAATGGACCAGTCGTGCGGGACATTCAGCACACGCCATTCTTCATCATCAAATCCAACCATCTGCGCTAGATGATCCGCTTCTCCGAGAAAGAATTTCCAATCAGAATTGAAAGAAAGCCGCTCACGCGCGTCTGCAAAACTAAAAAAGATACAAGTGGTGAATACCGCGGCGAAACAGTGACGAAGTTTCATAGATTTGTGGATTAATTACGTTTGATCGAATGACTTTTCAGGGTGCTTCGTTATTGGAATAACTGCACCACATAAGTCTTCAAATTTTCATTAGATTTATATTCGTAATCAAGGCCTAGGCTGTGTCAAATGATATGTAGTAGTCAGCAGTTGATTTGACAGTTCGTGCTGCCTGGTCGGATAAAATCTCAAGCTGATTTTTCCACTAATCATGTCTTGTTAAGCTCTTGCCACCGACTCTTGCCATGATATCCTGTCGCAACATATTTGCCCTTAATGAGTTCGCATTTGGGGATTCTATTTTTCTCTCTACCTCACATAATTTAATCCTTCAATGTCATTAAGTTGGTCCAAGTAATTTTCTTTGGCTTGATCTGCGGCGACTCACTTAAATATGTCACTACTTACTCGCATTAATAGCATGTTCTCTCAAATTTTTAAATTCTTTGTGATCATTCACTTTTT
NZ_CP136920.1_gap98	4720557	4721263	706	ATCAACGAGGCGACATATGGGGTAGAATTACGAACGAGGTCGCTCTTAGCCATGTACGTCTCCACACATGCGCGCGATAGCTGCCAAAACCAATCAGTCGCTTCCTGATAGTAACGGTGTTTGACAAGGTAATCATGCATCTCGATCGATAAATCGAACGTGAGGAATAACCAGTTTGGTTCGGTATCCTTGAGCTCGGAGATCGTATGAACTTCGAAGGGTCGTATTAATAATATTTTTCCAGGAATCAGGGCATAGGAGTTTTCACCGATCAAGACACTCCCCTCACCTTGCAAGTTCATGATCAAGACCCAACGGCTGTGCTGGTTAATCTTCATCGGCATACCTTCCATTTCAACGAGTTCGCTGGCTGTCGTCCGACTGAAGAGCAATAGGTTCTCCGGCTTCAGGACGATCCGGCCCTCCCCGAATCCACTGAAATAATCAGCAGGTATTGGGAGTGTTTGTGAGGCACTCTTTAAGCTTTGAAAGGAATCAGTCGTTTTTGTTATTAATTGAGTCATTCATGAGATTTAATATCGGTAACGACTATGATATGCTTTCAGGAGTGTCCAGTAGTAAAACCCATCGATCTCTAGCCAACTGTTGCGGGCGTCCCGAAAACGCGTTCTAAAGCGCATACGGTAGTTGAATCAGCGTCTAAACAATGAATTCACATTCACCGTTTTCATCTAAAAACAAGCGG
NZ_CP136920.1_gap99	4724402	4727030	2628	TCAACCTACTGACAGGTGGGATTAGCCTCATTCTTTTCGCTGCGTTTTATTTGGTGATCGATGTCTTTCGCCTATCCCGATGGAGTATTCCATTGTGTGTCATCGGGGTGAACGCGATTACGATCTACTTGGCGGCGAGATTATTCTCTTTTAATAAAGCCTCGGAGCTCTTATTCGGGGGTATCGCCTCACTAGCGGAAGGTTTTAGTGCAGTCATTATAGTCGCCGGCGTTATCCTTCTCGAATGGCTCATGCTTTTCTATCTCTACAAGAAAAAGATTTTTCTCAAAGTATGATTTTCCGACATCTAGAGATACACAGGCATTATGCTTTACACATACAAATGGTTATTTTTTCACTTTTCTTCAACACCGAGAGTTTAACAGCGTCGGTACTAAGCTTCCCCAGACCATCTAAAGATATTTTCCACCTTAGGCAACTTGATCAACATGAAACGAATAGCTCTATATATCTTAGCAATAATCAGCATCTTATCTCAGTCCGCCGTGGCCAATACAGCTCATGAGTCGTTGTATCGCGTGTTTGCTGATTCTGCAAACCGATTTGATTTGATTCTGAGCGATTCAGACGAAACAGGTGATTGGTATCAAGTAAGCATTCGTAACAACAGAATTCAAGTAACTGGAAATAGCCCGGTGGCTCTCTGCAAAGGGGCCTATTCCTTCATAGAGGGCAACGGATACGGCCTCATGACATGGGAAGGAACTCGAGTTGATATCCCCTCCCAGCTGGAAGATAAGGTGTATGATCGTATCGATTCATCCGTTCCGTTGCGAATGTATCTGAATCCATGCACTTATGGGTACACCATGGCATGGTGGAATTGGGAAAGGTGGGAGAAGGAGTTAGACTGGATGGCAATGCACGGAATCAACATGCCCTTGGTTTTACTCGGACAAGAAGCAATCTGGCAGCAGGTATGGGAGGAACTAGGCATCGGCCACTCGGAACTGACTGATTACCACTGCGGACCGGCATTCCTGCCCTGGTTTCGAATGGGGAATATTTACAATCATCACGGCCCCTTGCCCCAGACTTGGATCGATAAAGACAAGGCTCTCCAACTGAAGATCATGAAGCGCATTAAGGAGTTAGAAATGTCTCCTATCGTTCCTGCATTTAGCGGCCATGTACCTCCTGCATTCGTCAAAAAGTATCCAGAGTCGAAGACTTATCGTTTAGCACACTGGGGAGGACTTGAACCTGAAAAAGCATCCTACTTGCTCGACCCGAAAGATCCCCTTTTTGCAGTTATCGGAAAGAAGTTTCTGGAATGTTACGAGGAAACCTATGGGCAAGCCAATATGTTCTTGGCTGACTCCTTTAACGAAATGCTGCCGCCCGTTTCTAAAGAAAATAAAAATGCCGAACTCGCCGAATACGGCGAAGCTATCTATCAAGGAATCAAGGGACACGATCCAGACGCGACATGGGTGCTGCAGGGTTGGACTTTCGGGCATCAACATTACTTTTGGACCCCAGAAAGCACACGAGCTTTTTTAAGTAAAATACCAAAAGACAAAGTGCTCATGCTTAACTACGGCGAGGATCGCTACCCATTGTGGAAAAAGTTGGAATCGTTTTATGGGTACAAGTGGACCTATGGCTACGTCCACAACTATGGCGGCCAACAATCTCTATTCGGCGATTTTAATTTTTATCGGAACCAGTATAAGAAATTAATGGCAGATCCGAACAAAGGTAATCTGGTGGGTTACGGGTGCTTGCCGGAAGCGATTGAAAACAATTCTATCGTATACGAATACATTTTCGACATTCCGTGGGGCGCCACTAGCGAACCAGTACAAGATTGGGTATACCATTATTTGGATGGTCGCTACGGAAAAGTAACTCCCAAAGTCGAAGAAGCATGGGAAATCGCAGTGGGTAACACCTACACAGTGAAAGAATGGAAAACCAGTCACCTGGGCTACGGTACATATATCCACAACAATCGGCCAAACCTCGACATCAACATTGGCATGTTCCACGGCAATCCGCAGGCACTCTCTCAAATCTTAAAGTTACTCTTGGAAGACTATGACCAATATGAATCGAGCGATCTTTATTATTACGACATTCTTGATTTTGCACAGCACTACACCGCTTATCTAGCGGACCTACATTTGTTGAAGGCAGCCATGTCTTATAAAAACAATGACTACGCGAACGGCGACTTAGAATTTGCGAAGACAAAACAGTATTTAGAATATCTGGAAAGCCTACAGGTTGCCACAGGGGGTTCCTTCACCCAATGGTGCGAGGACGCGGTATCGCTGGCAGAAACCAATGATCAACGATCGCTTTACCTGAAAAATGCAAAAGCACAGATCACCTTGTGGGGCGGGAACCGCCTGAAGGATTATGCCAGCAAAAGCTGGTCTGGTTTACTGTTGGATTTCTACTACCCTCGCTGGGAATTATTCTTTAATGATTTAAAGAACAAGGGAGACGATTTTGATGAAATTATATCCAGAGAAGCGATAAATAAGTGGGAAGAAAAATGGATTGAAAACCCCTCCATCCCAAGCAGCCCTGCATTAATGGAAAAAAACGAGTATCTAGAGTTGGTTAAACACATTCTTAAGGAATGAGGAAAATCAATCC
NZ_CP136920.1_gap100	4730172	4731188	1016	AGTTCAACGACTCTTCAGGCGAAAATAATACACAATGGAGGCTTCGTAACAGCTCTACAAACAATGGGTTTGGTTCTACTGCTTTCCAAGCTCAGGTTGGAACTCTTGGTTCAACACCAGAGTTGACTACTCAGATAACTGGCCTGGCTGATGGAGTGTATGATATCTATGTATTCTTCACAGATTTCGGTGACTGGAACATATCTGCTGGTTTAACTTCAGGTTCTTTGACCACCTATGAAGGTTTAAATGCTGGCGGTGATTCTGGCGGTACGACTGCAGGTGTGGTTCAGTCAGACACACTAAACCTTGACCTCGGCGGACTTTCGGCACCCGGTTCCCCCAGTAATCACTTTGCTGTAAATATCGGTCAAACAACGGTGACCGGCGGTTCAGCCATCAATGTCTTTATCAATCACGATGCCGGTGTTGGAAATTTTAACCGCACTTTTTACGATGCAGTCGGTTATGCTGCTGTTCCCGAAGCTTCACATTACGCGCTTTTGTTGACCGGTGGAGCTGCTGCTGCACTTTTGGTGCGTCGCAAATGGCGTGCTAAATCAGTTTAAGCATCATTTTTTAATTATATGATAAGCAGCCGCATTAATTTGCGGCTGCTTTCATTATTTGAATTAATTTATGGGCCATGACCCTAATTTATTTAGACATTAAACCGAGTTATTAGTAATTCCTATTTCTACTCATAATTATCAATATCTCTTTTCCAGAAACTTCAGTGAACTTAACACTAAATATTCCACCTCACCCATTTCGGCTTCCATTACGAATTTTTCGTACCCTTCAGCTAGGTTTTGTCTTGCTTGTCTTAGATAGTTCCTCGCTTTCAGCTGCGACCTTGGCGGAATCCGTTCGCACGATTGACTGGAATCACTTTACTCCAGCGACAAATTCCAGCGAGGCGTACCAACAGAGTTCTCTCATTGTAGCCAATGCAGCCAGATGGGCTCATAACTGGGCCCATAATACTTACGCCAGCAGCGCTTCTGGAGACCGTT
NZ_CP136920.1_gap101	4752857	4757815	4958	TAAACCTTCGGTCAATATTTGTCATTTGTCCTGGGATTATCAGGGTAGATGAAATGCGCTTTGCCACAGAGAAATGCTTGCGGGGAGAAGTGCTATTAACATACTGATGTACAACGATGTCCAAAAATCCCAAAGCCACTGCCGATTCGGTCGAGAATATGACCGAACATAAGACAATCGACGTCAACAGCCTGCCCGAATGGCTGAAGGAGTATTCACAGTATGCCTCAACCTATAGAGAAGACGAAGCCCTTGAACACCCCGTCCATGGAAGAACAGTCTATCTGGCCCACACTGCTGTACCAACCCGGTTTGGAGATTTTCGGGCCTGCATTTTTCAGGACATTATTCATAAGGGTTACATCATCGCTTTAACCTTTGGAGACGTCCGACATGCCAAAGAACTTCACACACGGATGCACTCCAGCTGTGTCACAAGTGAAACACTTGGCGGATGTGACTGTGACTGCATCCAGCAGCTCGAAGGAGCGATGGAGAAAATCGCAGACAGCGGACAGGGAGTTCTCTTTTATCTCCTGCAGGAAGGGCGAGGTGTCGGCTATTCAGCCAAGGCAAGAGATCGAATGCTCGTTCAGGCTAGCGGGGATACGCTTTCCACTTTCGATGCTTATAAAATTCTGGGACTGAAAAAGGATTACCGCCAATACCCTAATATTGCTGATATTGTCCATATCCTTGGAATAGAAGCGGAATGGATTATCCTGACTAATAATCCAGATAAAGTAGACGCAATGAAACGGAACGGGCTCAAGGTTGCAGGAACAAAAACCATCGAATACGAGCCTGGACCTTTTAATCTTTTCTATCTAAAGTCGAAAAGGGAATCGGGGCACAAGTTGAGTCGCCCCAGCCAAATCCCGATGGCCGACATCAAGCTTCCCGAACCGGTCATCCCTTTTAAACCGAAGCGGCTCGAACAGGCAGAACGCTTTATCTATATGGCCAGCTATCTGTTGCCCATCCGCCCGATCGACGACGAAATTGTTATTCCCTATGAATCTGTTCGTGAAATACTAGGTGATACAGCCGTTGACAAATATACGACTGGCAGGCGGCCACTCATTCGTGAATTTGAATCTCTCCGTGGCAATCGCCTACTGCTCAAGATCAATCCAAAGGAAATGAAACGACGCTCAAAAACACCGGAAGGAAATCCTCTGGAGCGTCTTCTGATCGAGCCCTACTGGTTTCGGGTTCATGTCTACTATGATATCGTCAGTGGAGACGATCTTGTGGTGCTGACTCATGGAAATGCCAAGCCCTATGAGAGTCCGATCGTTCGTGTTCAGAGTGAATCCATTCTCAATCGCTTCCCGGTCAGATTTGACGACAACAAAGCAAAGTACAATCGGGCAATCCAGCACATTGTTCGTTATGGCAGTGGCGCAGTTGTCCTCGTTTACCAGGATGGACGCGGCGCTGGTTTTGGCGCTTTCGCCATTGACCGTATGCTGATTGAAAAAAGAATCAGTACGAGCACCAGGGAGTCCTATGAAAAACTGAATATCCCATTTGATCAGCGCGATTATGAATGCGTTTTTCAAGTGCTGAAAAGCCATCTTCCGAGTCCAAACATTCAGATGGTCATGAATTCACCCAACAGTCTTGTTCAGAAGAGCGAGTATGCTCAGGCCCTGCAACAAAGTGGCCTCAATGTAACCGACTGGATCTTCCTTGAATCAGAAAGCTAAGCGATGTCCACGACTCTTGGTCACGAAACACTAAAAGTCCGTATTGAATCGATTCCTGGTCATCTGCAATCGATTCTTCGCGCTCCTCCGCCTCAGGTTAAAGCATTAAAGCAGGCGCCTTCCGTTGTGACCACCGGACTCGGCAGCTCCGAGGCTACTGCACGCTACCTCACCTCGCTCCTCAATCGCAGTGGAACTGTTCGGTCGGAGTTTCTACCGCACTCAGTGTTTTATGGTGAACTACCGTCCTATGAAAACCGCCCACACATTGTATTATTTTCACAGGGTCTCTCACCCAACACTGAAATCGTGTTGGCTCAACGGCACCACTTTTCCGGATTAACTCTCGTAACAGCATCGACTCCTGAAGGTCAGGAAAAAGCAGGAAAACCAAAGCGAGCCCAAATACTTCGCGACCTTATTGCTGAAGATAATACTATCGTTCGGCACCCCATTGAAAATGAATACGAAATCCTGCCAAGGGTAGTTGGGCCGATTTGTGCAGAACTAACCTGCCTTCGAATCGCTTCCGAGGTTCTCAGTCCAAGTATGCTTCCACTGCCAGATGAATCGACACTTATCTCAGCCTGCCGCGGGCCATTTCTTTTACCCGATGAACTTGACGCATGGGCCACCGAGCTACTTGAAGGTGTCGACTTCTTCTTCACCAATCGCGAATCCACTTATGCACAGAATCTCGCTGCCAAGATTCTTGAAACCATCTTCCGCCCACTACCCAGGCTTTATGATGCCTTTCACTACTCACATGGTCCATTCCAGGTAGATCGATCACTCGGTGGAAGGAAATGGATCTTTGCCGGACCGGAAAAATCCGCCATTGATCTAGTGAAGCGGTTAACTCCCCTCTTCCAACGCACTGGCCCGACTCGTGTCATCCAATCGCCATTGCCTGAGCCGTATGCTTTATTCTATTACGAACAATTTCTTAACACTGTGGTGCTTCGCGCCGCCGAAATCGCTCAGGTCGATCTGATTAACTGGCCAGGCAAAGGGGAAGATGGTGAAGGTTATTCCTTATCACAGCCCTATATGGCTCCAAACAAGATGCCATTATGAACGACTCCTTGAACGGGAAAATCAAAGACTGCATAGTCCTTGCAGGACCGGATCTTGAACCAAGAGAATGTCAGGCATTCGAATACGAAAGTGGCATCATCACTCGAATGGATTTGGGTCAACCCGCATCTACGCCTGTTGGAGCGAAACAAGTAATCATCCCCGGGTTGGTCAACGGCCATACGCATGTCGGCGATGCATTCCTCGCGGATGTTGCGACCAATATGACATTAGCCGAAGCTTTCTTCCGACCCAACGGTTTCAAATATCGAGCCCTATCGCAAATCTCCCCCGATGATCATGTGGCGCACATGACGGAGTTCCTTAGAGGCATGGCCAGCTCTGGCACAATCGCACATTTTGATTTTCGCGAGCAAGGAGTTGAAGGCTGCCATCGCCTCCGCAAAGCATCGACAGATAGCGGTGTGCGATCCATCATCCTGAGTCAGCTAAATCACTCTCCCTTTTCCGAAAGCGAACTAAGTGAAGCCACCCTCCCCCTTCCAGAATCCACACGAGCTGAAATAACCAAACTTCTCGAAGTAGCCGATGGTTTTTCTGAAAGCACCATGAACGATCTGACCGATCATGGCTGGGTTGAAATCCGTGAAATGGCAAAAGCGGCAGGCAAAACCTGCGCCGTTCATTGCCTGGAAGACGCCTCCTACCGCGCAACAAGTATCAAGCGAACTGGTAGAGGCGATCTTGAGCGAGCAATCGAACTTCTTGATCCTGATCTTATTATTCACTTAACCGTAGCCAATGATGATGAGATTGAATTGCTCGCGAAATCCGGTATTCCAGCCGTCATCAATCCAAGGGCCAACGCAAGTCTCGGTTTGCCCCTGCCTCCCATCGCACGTCTCTTGCGGGCTGGTGTCCCACTACTTATCGGTACAGACAACGGGATTCTAAACGGCCCCAATCTTTTTGCAGAAATGGATTTCACCTATCGCCTCGCTCGCTCTCAAGCGGGAACAAATGATCCGGTTCAGCCACTTGAAATTCTCCGAATGACCACCTCCAACCTGAAGAAAACGCGCTGGCGTGATGAGCTACCAGGACAGCTTGCAATTGGTCTGCCTGCGACTTTCGCCATAGTTGATTTTTCCACACCATGGCTTGCAACTTCAAGGAACCTTCATGCCGCACTCGTTACTCGGGTGACACCAGCAGACATCCAAAGAACTGTGCGATCAGGACGAACGATTTATTCAAGTTCTCCCAGCACGTAATACGTACTGTAAGCCAGCAAAACCTCGATCAACCTTCCCAGGGAAAGATGATCCAGCTTGATGTCTCTTTAACGTATAATTGCGGGCGCACGATTGAAGTCGGCTTGTAGTAAAGCGTTGCAATAGTGACCTCAGGCTGGGTCAATGCCTTTAAACGACTCATCAGATAGTCAGAAGTCTTGCCGCTATCTGCCAGATCGTCGACCAAAAGCACATGTCCTTTACACCGTGTCAGAACTTCTTCCGGAGTATCGCATTGAATATCTCCCTGCTTCCGGTCTTCTCCATAGCTCTTGACCTCCACTGGTGTGAATGGGACTCCAAGCCTGTGTGAAAGAACAACCCCGATAGGCAGCCCGCCGCGACTGATCCCAACAACACGATCAATCGTATGGGATGCATGAATCTCTCTCGCGCCTTCGGTCAAGGTATCGAGCATGCTTCCAAATTCTTCCCACGTAAGGTATTCCTGATTCGCCATAGCAGCTAATCAAGCAGCTCACGTTCCACCATCAACCTTAAATCATCCAAATGAATCGTTTGAGGCAATTGGATTGCTACCATCACTCCAACTGGAGCCACCATTCAGATTCAGTGGTGATAACCTTCTATTTCTTCTTTTTAAAATACTACTTGACGTTGATTACCAAGACCGATTCATTCACCTGCTTCTGTTTATGGGGCCGTAGCTCAGTTGGAAGAGCGCTTGCATGGCATGCAAGAGGTCGACGGTTCGATCCCGTTCGGCTCCACCAGTTTTTCGTTCAAACCAATCGGTCCCTGCAAAACGATTCCACTGCCTAGGCCGTGTCTTCAAAGCTCGGAACGAGTAGGCGAAGGTTATTTTTAGTTATAGGCGTATCGAGCCAGCCCTTTAATGGACTGCCAAATTGAGCTTCTTGTGATCGATGATTTTTACGTCACGTCCACTAAG
NZ_CP136920.1_gap102	4764328	4766349	2021	CCCCCCGTGGTCATGCTAATCCCAGTATCGTTCAGACAGCAGGCATGTCGTCGGAGGGTGTTGGTTCTTACTGGCCTTTTGCTACGGGACGGATGGTTGATCAAGCAAACCTCCTATTGCGTCAGATAATTAATACGCCTGCCGTACGCTATACTTTGGTGCCCAATCAACATATAGGGGCCTGGGAGACTAGTTTCATGCCACAATGGGTCACACGGGAATACCTTGCTCGGCGTGGAGGGGCGGAATTTGCTGAAGATCGAGTCAAGCCCTCGCGCTGTCCATTACTTGGCTGGCATCCGACAAACATCCTGGTCGAAGGCCGGCAGATTGGCTCCTGGTTCTTCGAGGTCGATAAACAGCCCGAGGTTGGTGAATCCGCCTATGACCAGGGAGCAAAAATGCTCTCCGATTTCTTTCACAACGAACTGCGTCAATTCCTTGTGGATGACCTTGATCCAAAGGGTCGTGAGATCATCGAATGTTGTCTGTCAGACGGCTCACTCGACGATTACACTGCCTTGATTGATCATCCGGTCTTGAGGCCAGGAAAACGCAATTAGCACTTATGCTCCATTTAGCCGTCTCTTTAATCACTTAATCGTGATTAACCTAAAGCTTGGGCGTGCCGCATCACGCCCAAGCTCTTTGGAATTAGGCTGTGTCTGCAAATCCAGTTTTGCTCTATACATCGCATTAAAAGGTAGTATTTAAACAGGAAGATCGGAAAGAACGGAAAGCGAATCATGACCCGATAAGACCACTCCTAAATAAGAATAATAAAGTTCACCACGGAGTTCACAGAGACGCGGAGTTTAGAACTTTGTATCTCTGTGGTAAAATCATCTTATCAAAATTAAATAGAAAAGGCATCACGCTTCCCGTTCTTTCCGATCTTCCTGTTATATCAGTCTATTTTCGGATTTTCAGAATAACTCTACCATACTTCATCCTGCAAGTGACTCTCCTGAATGGCTCTTACGGAAATCCCGAGGTGAATAACCGGTTGCCTCCCGAAACACCTTGGTAAAGTAACTCGGGCTGTCGTAGCCCACCCATTCAGCAACGGCAGAAACGGGTTCCGTTGTGACAGCCAATCGCTGTCTCGCCATTTCAATGCGATGCTTCTCCAGATATTGCATCGGGCTCAAACCAGCCTGTTCCGTGAATAAATGCGCCAGGCGTGAAACCGAAAGCCCTGCCGCGGCCGCAACCTGCTCCAGTCCGATTCGCTCACGATAATGAGCACACAGAAAAGCCATTGCTTTTTGAATGCGAGAATCCATCCGATTGGTTTCGGAACTAGGACTGACCGAATCACACCAAAGCAACAATTGTTCGAGCAAACTCATAGCAAGAAAATGACGACGCGGCAAAGGACCATGGGCAACATCTATGATTTGTGCACAACACTGCCTCACCTTCTCGCGAATATCTTTGTCATCTAGTTTGAGCGTCAACATCCCGGGACTAATCTCCTGCCACTCCATTAACGGCAACCAATCAGGACGTGGATGAAAGCAAATCCAATAATGATACCAACGCTCGACTCCGGCGGCAATCTTGTAAAACTGAGGTGTTCCCGGATGGACCAGCAAAAGGTCGAACTCATCAAAGTAATGAGTCCGGTTTCCAAGATCGATCGCAGCTTTCCCTAAAAGGGTGTATTCCACCATCCAATACTCAAAGCCAGAAGGCCTGTGCACTCGATTTGGGAGTTCCTGGTTATGGTCTCCTATTCCCGTGGAGACGAAATGCGGGTTTTCTGCTCGGACCGCCATATAGCAAAATTCTTATAGTTTTTGACCATAACGCCAGTTGTTTTTTTATCGACCTTCAGCTAAAGTATAAGCAAGTAAAACACATACATCTTATGAATAATCCTACTCCACTTCGCTGGGGCGTTATCGGCCCTGGAAATATTGCCAGAAAATTTGCCGAAGGTCTCGCAGGCACCGATACCGGTGTGTTGCATTCCGCAGCCAGTCGAGACATCAAACGCGCTGAAACTTTTCTAAACG
NZ_CP136920.1_gap103	4779062	4780449	1387	AGCGGCTCCTGAAAGAGTATGAATATGCAGCCAGACGAGATGGCAAATCGATGATCGAGCTCGATTTCATCAGCGTTTTTCGTCAAACAGACAAAGCCGAAGAGCTTGTTGAAAAGTACGGAGTAAACCCTGAAAAGGAAAACGCGATTATCGTCGCCAGTGGAGATCGATACCGGGAAATCCTGGGACCGGAACTGTATGAAGTGAATGACGATATGGAAAATCTCTTTAAGGGAGAAGAGGCATTTACATCTGCAATTCTTGAAGTCGCCCAGGAGGAGCCGCTCAAAATTTATGTTACTGGCGGCCATGGTGAAATGCAGCCAGACAGCGTAGACCCTCTACGCGGTCTTTCACAGATGGCAGGCTTCCTCAAACAGCGTAACTACAACTGGAGCACACTCGATCTACTGAGAACACCAGAGATACCTGAAGATGCCGGAGCTGTCATTATACCTGGACCGCAAACCGCCCTCCTCCCAATCGAAGTTCAAAAACTACGCAAGTACCTGGATGAGCAAAATGGCCGCGTCATTCTGTTGCTCGATCCGGCCCGTGATCATGGCATGGATGACCTGCTTTATGAGTGGGGCATTCTCGCAGATGACATGCTTGTGCTGGAACCTTCGGAAGAGTTTATCGCGGCAGGCGGCGATATGCTGGTTAGCAGATTTGCCGAACATCCTATCACCAAATTACTCATCGATTCGCAGCAGCGTGTACTTTTTGGCCTGAGCCGCCCGGTTCGTCCCGATCCTGGAGCACCGATCGATGGCCGCACAACAGTAATCCCACTCCTTGGCTCCTCCCCTGACAGTTGGGCGGAACGAGGTTATCGACAGAACACCGAACAAAGATTCGACAAAGACTCTGATCTGGAAGGCCCGATTCCTCTTGGTGCCGTCTCCGAACGCAGTGCCGCAACTGGACTTGGATTAGACCTTCCGAGTGGCAAACTTGTTGTCTTCGGCAACACTGCCTTTTTGAGCAATAATCGTTTTAATTCCGCCGCGAACAAAATCCTTTTCTACAACTTACTTAACTGGGCGCTGGAGCGTGATTCATTGCTCAACATCGCACCCAGACCTGTTGGCGAATATCAACTCACAGTGAGTCGTAGCGAACTCGGCGGTCTCTTCCTCAGACTCCTTTGGATTCCAGGCGGAGTAGCAATCCTTGGATTCCTTGTCTATCTTTTCAGACGCCAATAGCCGTCATATATTCTTTCAGCAAATTTCTCATGCGTATAAAATTTACTGTCATATTGCTCATCCTCAATGTAGCAGCATTCTTCTACATCTATGAGTTGGAGCGCCAATCCGGGCCGGAGAGAGACTTCACCAATAAGTCTGCCATCATTCTGCCAGATGCGTTGACCATTGATAAG
NZ_CP136920.1_gap104	4781571	4782925	1354	TTAGACAATGGCCAGCCACTTGGGTTGATCCTCGGAAAAGTCGACAAGGATAATGCCCGTATGATCTACGCAAAGCGTGAATCCCAGCCTTACGTTTATTCTGTAACCTCTCGGATCCTGGGGCAAGTTTCCGCCAATCCCCTAACCTACCGCAGCCGTGTTCTAGAAGAGCAGCCACCTTCGGCACGCATCAGTCGTATTCAGTTAATTGATCTTCAGGATGATAAAACGCTGCTCGATCTGTCCATCGATCCAGATAAGCAAACGTGGCTGCAATCCATGGAGGGCAAACCAGAAGAAGAGCAAACCGCAGTCCTTGGGCTTGTCGATTCAATCAAAGAATTTACTGTTAAGAATTATCTCTACAGTGAATTCAAAGAAGTCGAAGCGGCTCCATGGCGCTACAAATTACTGGTAGATATCTTACTGCCCGGCGCAGAAAACACTCAGACGATCACTCGAACATTTTTCTTTTCTTTCCGCATTCGTGCCGATCGTCAAATCGGTGGTAGTCCCGATGCCGACATGACCTTCACTTTGACCGAAGCTCTGATTGATAATCTTTTTGAGTTAACTTTCGAAGAAGAGACACCAGAGCTACCTGCAAACGAAGAAGAGGTAAAAGAGGCAAAAACGACAGAAATCCCTGATAAGCCCAACCCCAGTGGGCCTCCCCCAGGACCGGGCAAAGAAAAAGCGGTAAAACCTGAAAATACCACGACGCCAACCAATGCCGAAGGATCAGGCAAATAACGGCAAGCGTCACTTTAAGCCACTTCGGCTCCTGATAAGCCTGTTTAATGTCGGGCTGCTCATAGCTCTGGTATTGCAAATTGTTCTGATCGTCTGGCTCCTGCCTAATGGCAATCTGACTCTGCCCAAATCCTTGTTGGACAGAATCAACAGTGAGCTTGAAAGTAAGGGGCTCGCACTCGATACCAGTAAACTGGAAATCGACCTGCGTGGTTACATCGTAGCCGATGATGTGAAATTTGGCTTTGGCAATACTCGCGAACCGGCAATTGAAGCCAAACGTGTCCTGATTGGCTTTCGTCCACTTGCACTGCTTATTGGAGAAGTCAGTCTGGATGATATCCGTATCATCGAAGGAAATATTTTCTGTCCACCTGTAATTTCTCCTACAGGAACACGAGAAGCTGTCATCAAAAATCTATACGTTCGGGCAGAACGACAAGGCCACTGGTGGAAACTCGATCGATTTCATTTCAAGGCAGCTGGTTTCAAAATTTCTGCCGCCGGCCCCATTCCGAGATCCGTCCTGGAAGATAATAACGGCAAGAAGAAAAATGATAAACCATTGGACTTAAAGTCATCTTTCGAAGAAGCCTGCCGA
NZ_CP136920.1_gap105	4785396	4786610	1214	AGAATTCTTTACGACATATGATCCCATCAATCTTTGTGGGCTTTGTGCGTGCTTCGTGTTCTTTGTGACCTAAAGTCCGATGCCAATCAGGACAAGAATACCGAGGATTATTAATCCTACGATAATTGCTCCAAGGATCATTTTATCTTTCCCCTTGGGCTTTGGAAGATCGTTGTTACCGGAATTGTCGTTATCGGCCATGGCTACGAATGTAAGAATATAAGGTTCCACATGGAAAGCCTAAAGAACTGGCATTTCCTCATAGATCAAAATACTTCACTAAGCGCACTATCGAGTGCGTTGGCATCCTTACCACCGCCCATGGCAAAGTCAGGTTTGCCACCGCCCTTGCCGCCAACCTTTGGAGCAAGTTCACGAATAACATCCCCAGCCTTGAAGCCTTTTTCGATAGCTTCCGGAGTGCAAAGCGCCACCAGAGTGACCTTATCTCCTGAAACCGAACCAAGAACAATCACTGAAGGTCCAAGCTTCTTCGAAAGATCAGCGGCCAGACCGCGTAGGTCACCAGGATTACTTACTGAAACTTTACCTGAAAGCAGTTTCAGACCATCGCGCTCGATGGCTTTCTCCAGCAAAGCGCTCCCCTGCTCAGCTGCCCCTTTTTGTTCCAAACCACGAACTTTCTTTTCCAACTTCTGGCGCTGTTCGAGCAGGATGTTCAGACGCTTCTCGATCTCAGATGGTTTGCAGGAAAGTTTCGTTGCCATATGGTGAAGGCGATCGAAGAACTCGACAGCCATCGTATGAGCTGAGTGACCACTGTAGGCTTCGATTCGACGATTGCCAGCGGAGATCGCAGTCTCCTGAGTAATCTTGAAAAAGCCTAACTCACCTGTCGCACGACTGTGGGTCCCACCGCATAGCTCTTTGGAAAAACCACCGATATCAACCACGCGCACGACAGAACCATACTTCTCACCAAATACACCGATCACATCATCCGGTTTGTCTTCATAGGGAATTTCGTACCAGTTAATCGGGCTGTTATCAATGATCGCATTGTTGACGATATGCTCAACGCGTTCCAGCTGCTCAGGAGTCAGTGCTTCGTAGTGACTAAAATCAAAGCGTAAATGCCCCGGAGCAACATGTGAACCACGCTGCTGAATGTGATTCCCAAGCACTTCTCGCAATGCATAATTTAGCAAGTGAGTCGCAGAATGGTGACGTTGAGTCTGGCGACGCCGATCACA
NZ_CP136920.1_gap106	4898902	4902717	3815	CGCACTGGGTCTCGATCTTAAAATGCTTTGCGATATCTTCAGCCAAACCGGTGCGAACTCACGTGTTCTGGAAACAGATTCCGAAGACATGCTCAACCGCGACCACGAATGTTATTTCTCAGCTGATCATGCAGCTAAGGATTCTGGTATCGCAATTGCCCTGGCCGAAAGCAAAGGCATCAAAACACCTTTGGCCAAAGCCACTTATGATCAATATAACAAGATGATCAAACTGGGATTGGGCGAACTGGACAAGTCCGGCATTGCCGAGCTCACCTTCCCTGGCCGCACACTCGGTTGATCCAGCAAAACAACTGCGTTTATGAATAAGATCATAATCAACAGTGCATCCGAGAAGATCGACTACTCCTTCGAAGCTGGAGCTCCTGCTCAGAAAAAGGATTGGTTGGTCGTGCTCGGGCACGGTGTCACTGGTAATAAAGATCGACCAGTCGTGGCCGACACAGCTCACGCGCTCAACGCAGCGGGCTTTGATACACTGCGCTTCTCCTTTGCAGGAAATGGCGATTCCGACGGAGATTTCCGTGATGCCACAATTTCCAAAGAAGTCGGCGACCTTGCTGCCATCCTGGACGTAGTCAGCAAAAGTTATGCTAAGATCTGTTACGTCGGGCATAGCATGGGTTGCGCCGTTGGCGTTATCCAGGCAGCCAAAGACGACCGGATCAACGCACTGATTTCGCTCGCCGGGATGATTGATACCAAGGCTTTTGCGCAAACGGAATTCGGTTCAGAAACACCGGATGCAGGTTTAATGTGGGAAGAGGAAGACTGCCCGCTTTCCTCAGCCTACATGCAGGATCTTTGCGAAACGATCCAATCCGTTGCACCGCAAGTTGAATCCGTCAAAGTCCCCTGGTTACTCCTACATGGCACTGCCGATGATGTGGTTTTACCGAAGGATACTGAGCTTGTTAAAAGCCTGAAAGGAGATGGCGTTTCGACCATCTTTGTGAATGGAGCAGATCACAGTTTTAACGAACCCGCTCATAAAAAACAGGCTACAGAGGCTGTGGTAACCTGGTTAAGCGAGCAGTCTTAAAGTCTCGCTTAATCCAGTAAATGGGTTTAGCTTGTTGGATCAACACAAGCTCATGCCCCGTATCATAACAATAGAGCCAAGAACCTCAAAATTTGTGGAAAATAAACGACGGCCTTCAATCAAAGTCGTGAAGCAGCGTGTGGTTGGCGAAGCGGTATTACCGCCGGAGGAGGACCTTTTGGCGATTGAGGATCCGCTTGAAATCAGTCTTGTCTATGATCAGTCAGGTGAAAGTATTGAAAAGGTATTAACACTCACGATGCGGACGCCGGGCAATGACTCGGAAATGATCACTGGCTTCCTCTACGGCGAAGGCATTATTCAGCAAGCCAGTGATATCGAGTCGATCCGTTTCGAAGATCCTGTCGGGGAAGAACCACCCACGCGGGCAAAAGTCACCTTACAGCCTGAAATTAAGTTCAAACCAAATGACTTTGAGCGTCACTTTGCGGTCAATTCAAGCTGTGGTGTCTGTGGAAAAACGTCGTTGGGCAAGCTAGCCCTACCGGAGTCCCTCAAGTTTGATGACAAGGTAGAAATCAAGGCCAGTTTGATCCATGAACTTCCGTCGTTAATGAACGCGGCCCAACCAACTTTTCAAAAAACCGGCGGACTGCACGCAGCATCACTTTTCACTTCAGAGGGAAAACTCCTGGGCTCCCGGGAAGACATCGGCCGACATAACGCTTTGGACAAAGTCGTCGGCATGCAACTACTCGATAAGAGTATGGCTCAAGACGACAACATACTTTGCGTAAGTGGACGAATGAGCTACGAAATCCTGCAAAAGGCAATCATGGCGCGCATCCGAATCATCGCTGGTGTTGGCGCTCCGTCCAGCCTTGCCGTCACCTTGGCCAATGACTTCCACGTCACTCTCCTTGGATTCGTTCGGCAAGGTTCTTACAATATTTATAGCCAACCGGAACGCATCATAAACGCCCCAGCACTTGCCTAAATGAAAGCAAATAAAACAGAAGACTCTCTTCCCGATGCCGAACCACCACGCAAGCTTGAGCACTTGGAACGCGGTGAACCGAAGAACAAGGCGGTTGGTTCTGCCGCAGTTATTTCATCGCTGAAACATATCAACGATCAGGCTGGTCCCGTCCGCGGCACGAAGGCTTTATTGAAAATGAATCAAAAGGGTGGCTTTGATTGTCCAAGCTGCGCATGGCCCGATCCAGATGACGAACGTTCGAAATTTGAGTTTTGTGAAAATGGTGCCAAAGCCGTTGCAACTGAGACGACAAAGAAACGTATCGGGCCTGATTTCTTTTCAAAATACTCTGTTGCCGAGTTGGCTGAGCAATCGGACTTTTGGTTAAACGACGCCGGTCGGCTGACGCAACCCATGTTGCTCGACCGTGATTCCACACATTACAAACCAGTATCATGGGAAGATGCATTCTCTGTTATTGCCGAAGAGTTACAGGCTGCGGATAATCCGGACGAAGCTATCTTTTACACATCGGGCCGCGCTAGCAACGAAGCTGCATTTCTCTATCAGCTTTTCGTCCGCCAGTATGGTACGAACAATCTTCCCGATTGTTCAAATATGTGTCATGAATCCAGTGGTGCAGCACTCAATCAAACCATAGGCATAGGAAAAGGAACAGTCACGCTGGAAGACATCGAGAAGACCGACTGTATCCTCATTATGGGACAGAATCCCGGCACGAACCATCCTCGAATGCTAACCTCTCTGGAGCAAACCGTCCAGAACGGCGGCAAAATCATCTCAATCAATCCGTTGCTGGAAACGGGCGTAAAGGCCTTCGCTCACCCACAGAAAGTTTCCGGAATGATGGGCAAAGCCACTCCCCTCGCCTCACTACATTTACCGGTCAAGATAAACGGAGACCTCGCCTTCCTCAAAGGCATGCTGAAGTGTGTACTTGAAGCCGAAGCCAGGAAGCCCGGAAGCGTCGTCGACCAACACTTCATCGACACTTATGCGCAAGGCTATGAAGCCTTTCGCGAAGCACTTGATCAAGTCACCTGGGATTCTATTGTTGAACAATCCGGCTTAAATGAAGCTGATATACGCAAGGCAGCTGACGTTTTCATAAACGCCAAGGAAGCGATCACTTGCTGGGCCATGGGCCTGACCCAGCACCATAATGCCGTCGAGACAATCAGGGAGCTGGTCAACTTACATCTTATCACAGGGAAAATTGGCAGACCCCGCAGTGGCGTTTGTCCGGTTCGTGGACATAGTAATGTCCAGGGTGACCGAACGATGGGTATATGGGAAAAGATGCCCGAAATGTTTCATGAGAGGCTCGACAAAGAGTTCCGTTTCACTTCACCGCGAGATCATGGCTATGATACGATTGATGCCATCCAGGCAATGCATGCCGAACGCGGACGTGTTTTTATTGGATTAGGAGGCAACTTCCTTTCAGCCTCTCCTGACACACACTACACCGCCGAAGCGATGCGACGTTGCAAACTGACCGCGCACATTTCCACAAAATTGAATCGTGGCCATCTCGTTACCGGTGAACGTGGTTTAATTCTACCCTGCCTAGGACGCAGCGAAATAGACCAACAAAAAAGCGGCGAACAATTTGTCACGGTAGAGAACTCAATGGGCGTGGTCCAACAATCTCAGGGTAGGCTGGAACCGGCATCATCGGATTTACTGAGTGAGGTTGCGATTGTCTGCCGAATGGCCGAGCAAGCGCTTGGTGCTAAATCTGAAGTCCCCTGGTCTGGCTTTGAAGACAACTACGATTTGATTCGTGAT
NZ_CP136920.1_gap107	4903746	4906311	2565	AATAATGACGTCGTACTCTGCTGATGTCCGAGTTCAAAGACACGGAGACTCAATCGATAACACCCAGAGGACTCGCCCTTAATGACATAACCTCGAGCCTCAAGGCAGGACAGCATACGATAGATTTCACTCTGCGTTCGCCCAAGCGCCTGGGCAATATCCGCCTGCGATTGCTCAACTGGTTGTGCTGCCAGAAACTCAAGTATATCCAACCCTTTCTCCAGAGCCGGTGCACTGTATTTCGATTCACTCATTGCATTGTATCTTTTATTTTATCTCCTTGACTTAAATATTTATATATAAATTAAATATTCATATACAATTAAATACCTTAACCTCATACCTGCTTGATTCATCAAAAATGATCAAAGGTAAAGCTTCCGATTTCAAATGATTAGCAACATATCCACCAGCGACCAACGTTTTCCTCTCGCCGAAGGCGAAGGCATCGACGCCATTCACCAGAACCCGGTTTACTCTTACTCGGTAACACAACTTGAGGACGATAGTGGCATCACTGGCACAGGACTGGCTTTCACACTCGGAGGTGGAAACGACCTTGTCTGCCAGGTGGCGCAGCGATTTGCTGAACGTTTCAAGGGCTGCGAGATCGAGGAGATCATGAGCGATTTCGGAACGCATTTCCACGCACTCGCCGAAGATCCACAGATGCGTTGGCTTGGGCCGCACAAAGGCGTAGTGCATCTTGCCCTGGCGTCCGTCACTAATGCCTGCTTCGACCTCTGGGCGAAAAAACGCGGTCTTCCACTTTGGAAACTTTTGCTGGAACTTACTCCTGAACAATTCGTCGCGACGCTAGATCTGACTTACCTTGAAGATGTGCTAACCCGCGATGAAGCGATTGCACTACTGCAAGATCAGCATTCAACCCGCAGTCAACGCGAAGCGGTCATCAAAGACGGTTATCCCGGATACGACACCTCAGTTGGCTGGTTCAATTACTCCGACGAATTAGTCCGCGAAAACTGCAAGAAAGCAATCGCCGAAGGTTTCTCAGCGATGAAGCTTAAAGTCGGTTCCGCTGATCCAGATCGTGACATCCGTCGCGCCAACATCGTCCGCGAAGTAGCCGGTCCTGATGCCAAAGTCATGGTCGATGCGAACCAGCAATGGAACCTCCCGGATGCAATAAAGATATGTAATCGCCTTCGGGACATGAATCCCTTCTGGATTGAGGAACCAACTCATCCCGATGATATCCTTGGTCATCGCACACTAGCTGATGAGATAAAACCACTCAAGCTCGCAGCGGGTGAGCATATGCCCAACCGAATCATCTTCAAAAACTATCTGCAATCCGGTTCACTTGGCTTTGTCCAAGTCGACGCCGTTCGTGTTGGAGGAGTCAGCGAGTTTCTAGCCATCAGTCTGATGGCTAAAAAATACGGACTTCCAGTGGTTCCTCACGTCGGCGACATGGGGCAAATCCATCAACACCTAGTTATTGCAAACCACATCGCAATGGGCCACGAAGCCTTATTCCTCGAACATATTCCGCACCTCCGCCAGCACTTCACCCAACCTGCAGTCGTCGAGCAAGGAGTCTATCGCACTCCGATGGAACCAGGCAGTAGCTCAGACTTGATTGGCTTAGCATAGTCTCTGCAGACCGCTTATGATGCGAAAACAATCGATTTAATACATTTTACGCTTCATCAGGAAAGCCCCACCACCATCGTGATGACATTCCCAAGGTAAAGAAACAACAGACCGAAGAAGTTCGAAATCGGAATTGGCAGCTAAAAAGCGTTCAACCAATTGCTCATTTTCTTCAGGTTCTATACTACAAGTGCTATGAACAAGTTTGCCACCAGCCCTGACAAAACTGGAGGCATTCGTCAGAAGTCGAAATTGTAAATCAGACATTTCTGTGACTGATTTTGGCTCCAATCTCAGTTTCGCGTCAGGCCGACGTCGCAAGACACCTGTATTCGTGCAGGGAGCATCCAATAAGACTGCATCAAATGGACCCATTTCTTCCGAATCGATCTCGAGCGCATTGGCCTGTAATAGTTGAATTGTAGGGCCGCTATCCGATGACAACTTGCGAAGATTCTCGTCAAGCTGCGTAATTCTCGGCCCGGGCAAATCGACACAAACAAGCTCACCAGCCTCATCATCCTTCAGAGCCTCAGCCAATATCAGTGCTTTCCCTCCTGGCGCAGAACAGAGGTCAAGGACACGCTGGCCAGGCTGCACTTCGAGTAGAGATGGAGGAATTCGTGTACTTGGATCCTGAACATAGACTTTGCCCTCATTCAATAGCTTCTGAACATCCTGCCAGATCCCCTTGCTCTCATAGCGTATAAAGCCAGGCCATTCGGTTTTGGAACAGCCAGGAATTTCTATTAGTGAGGCGTCTCTGATTCTCAAAAAAACTTCAGCCGGCTGCTGATCCCAATTCAGCAAAAGCTCAGTATTCTGCAGGCCATAATTTGATAGCCATTTCTCAACAAGCCACCCAGGGTGACTATTAAGCAGGGCTCGGTTACCGGATTGCTCAATCTCAGACCAAACATCGCGGGCACGGCGTAAGACTGCGTT
NZ_CP136920.1_gap108	4929653	4930891	1238	ATGATTGGACATATGGACTTGTCATACCCTTAAGCCATCAACGCGGCAAAGAGGCACCAACTGAAATATATCGGGATGTCCATGTCTGCATGATTGAGGCGCTTCAAAAACAAAATGCTGATGCCATACTGCAACAAGAAGTTCCACCACCTAAAATCGAGAATGAATTCAGCGCCTGTTTCAATCGGGCCGAGCTGAATGACGTTATCACTCAAAGCAAAGACAAGGTTGCTGGGGCAGCCCAACGCCGTAATCGTGAAGGTTTTTTGATCCAAGGCTACATCAGTCGATCCACTTTGCCCAACCTGGATTGGCAATGCTTCAAAAACGATTTCATTGAACGACTGACCGACTGGTTGGATTCATCAGCCAGGGAAGTCAGTTGGCCGAAATGGGATGAAGTGGCTCTGAATAAAATGAAAGCACGCTTTGCTTCAGAAGCCTGGAACAAGAAGCGTAAGCGTGAGTGATCGTTCTGCCCACACGCAATGGTTCAGCCTAGTTAATGGCGACCTCAAACCATTCGTTCTCATTCAGGTCATAGAAGTAATTGGTGTTTATTCCCTCCAGGTAATACAACCAACTTGCCTTCTCATCGCTCCACAAAATGGGAAAAGTGACGGAATTGGTCCATAGCCATTCCAGGTCAAGTGAAGCTCCATACAGCCAGAAATCATCATCCTCTGCCCCGGTTCCACCAGGATACATCCAACCAAGTTGATAATGGTAAATCCAGGGTAACTGACTGACATTAAAATCTCCGAACCATTGGAAAGAATAGTCATCTCCTGAATCGTCATACTGACTCACGCCTAAATAGTAACTGCCCATTGGTGGTAGAATCTCAACCAGTTGCATCATTCCCAGGTCTTCATGCTGAATCAAATGACAGTGAAGAACAAAAGCACCGGTATATTTCTTGTATCGCGAACGAAGCGTCACGCTTCCATTGGTTGGGATCATGACAGTATCCAGCCATAAAGGAAGCGTTGGATAAAGATCTCTGGCATTCCTGCCGTCCAAATACGTTCCTTCGATATCGACCATATACATATCGTTCGTATGAACATGATGCGGATGACCGGCTCCGGTTAAAACCCATTCGTCTACTTCGTTCAATGTAAGCGACTGATCCACCCGCGTCGGATCAAACAGTTTTCCATTGATCAGAAAGTCAGGTAAACTCCCGGGATTGACACTCACCGAATACAGCAAATCTCTATAACCAGTGACTTCGT
NZ_CP136920.1_gap109	5112263	5114296	2033	GGAACTGTCGTAACATTCGGAGGCATGGTTGGCGATAAAGTCCGCTTCCCCACTCGTGAACTGATCTTCAAGGATATTGCATTACGCGGGTTTTGGATGGATCGCTGGTACCGCAATCATGCAGACCATGAAGCAAACTCAATGATGACTGAGATCTATAAGCTCTTGAAGAAAGACGTGATGCAACTACCAGTCGATCAAGTCTTCGCCTTCGAAAATGCCTTGGAGGCGATCCAGCGTGCATCTGAAGGCAACCGACAGGGCAAGGTACTGATCACCTCCGACTGGCAACCTTAAGTCTAATAACTTACTCGATCCTGGCAACGTAGTCGATTGCTTCGAGGAAGTAGCGCTGCCATTCGTCTTCGTAACCGTATGGCGTAGCCAAGTATTCAATCTCAGCCGCTTTGCTTAAACCATAGTTATTTTCCTTGGCGTAAGTGTCCTGAAAAGATTCCCAGGAACCAGTGTTGGCAAAGTATATCCACCAGGAGACAAAATCATTGTCTGGCCCGGATCGATCCACACTGATGCCACCGACATAAGTCCAACTCTCATCAATGGTGCTATACATCCAAGGATAAAAGTCTTCCGTAGCCCAAAGCCACTCACTCCAGTTATCGCGTTCAGCCCAGAACCAGGCTGATGGGCCACTTCCTTCCAATAAATCAGGAACAACATAAGCGTAAGCCAGCTCAAAGATGCGAACCCAACCGGTGTAATCCAGCCATGATTCCTTTCTGACAAAAGAACCGTCTCGCTCGACATCATAGTATTCGATCAAAATATCACTCGCCACCTCATCACCAACCTCCGCAAACTGAAAAGTAAACTTGCTGACGGGGCCGGCACTTTCACCAATCGGCTGAAAAAGGAATTCATCGCCATCCCAATGCGTCAGCTCAAAAGTCTGTGGCAAGGGTCCGATGTCAAAGACAAGATTTCCATTTGCCTCATAGACAGTAACGTCTCCCCAGTATTCGCTGGTGAAAGTACCGGTATAAGCACGGTTAGCCTTTGCGGAGATTGGGTTTTCGGGCGGAGTTGAATAATCACCACCATAGCCATAGGATTCAGCCGATATTTGCTCAAACTGCTCGTTTGCGAAAGCAACCCAATCACGTGTTAACTCTCCACGAAATACGTAGTCAGCAAAAGAGAACTGCAACCCTTCAGGAATGCCGTTTACGCCACCGTTCACAAAGACAGCAATCCCAAGATCAATATCCGGATAAAGCCGCACACCCGTTCTCACTCCCAGGTCGAAGGCCCCGGAATGGCTAATCATTAAACCACCATCCGTATTATTCTGAACATTCCAACCAAGTGCATAGTAAGATGCCTGTCGAGTGTCGGGATTGAATCCTGTTTGAGCATGAGGACGCCATGTCTCAATCAAGGCATCAAGATCCAGAAGACGCTCACCATTAAACTCGCCTTCGGCCAGCTGAAGCCTCATCCACTTTGTGTAGTCTGAAATGGTGGTACTGAGACTGCCAGCAGGTGCCTGCGCATCAGGATCACGGGTATAAAGGGCTTCCCAAACTCCTGGTGAAACCTGAACATGGATCAAAGATTTATTCTCCGCATCCAGATAATCCTGATAACGGTAGCTGGTTGATCCCATCCCAAGGGGATCAAAAATATATTGCTCGGCAGTGGCCTCCCATGTCATTCCTGCCGCACGGGCAATGGCAACACCAGCCTGGGTGAATCCAAAATTGGTGTATCGATAGCCGTCTCGAAATGCGTAGGCCGGAGCCAGGAAACGCTGTTGAACGAGCACATCATGCCGATTGAATCCCATGTCTTCCAGCTTATCACCCGATTGTGCGGGCAAACCACTCCGATGTGAGAAGAAATCCGCAATTGTCACATCTGATGAAAGGAAGTCGTTCGAAAGACGGAAGCCAGGGTCGTATTTGACTACAGGATCATCCCAATCGGCCATTCCTTTCCCAACAATAGCGGCACCTACCGTAGTGGCCATTGGTTTGGACAAAGAGGCGATCTGAAAAACAGTATTCAAATCA
NZ_CP136920.1_gap110	5135684	5137618	1934	CCAATGACTGGAGGCGAATCCAACAGTATTTTGTCATACTGGCTTGAAAGGTCATTCAAAACCTCACGCATGCGCTTGGCCTGGAGTATGGTTAGCTGAAAAGTTCCCTTACCGCTTGGCATAACGGACAGCCCTGGGATTTTCGTAGACCTGACACATTCGCTGGCAGTCGACGCCCCGCTCATGAGCTCGCTCAGGCCGGGAGATTTCTCACAGCCTATATGCTGGTGAATGGTCGGACGGCGCAGATCGGAGTCTATTAAAAGGATTCGGTGCCCGGAAAGCGCCATAGCGGTCGCAAGATTGACCAAGGTTGTTGACTTGCCCTCACCGGGGCCAGCGGACTGAACTGCGAGAATTCCTGCGTCATTTCCATCACTGGCCAAATCAATATTGGTCTGCATGACACGGTATGGCTCAGCCATTGGTCCGGAGAAATTAGCTTCACTGACCGAAGCATTATCTCGTGGGATCACTCCAAGAATCGGTAAGCCCAACTCCTGTTCAAGATCCTCAATCGAACGAAAACTGGTATCAAGTAACTCAACCAGAAGAGCCGTCCCAATCCCGAGGGCACCTCCGGCAACCAATGCAAGCAGCATATTCAAAAGCCAACTGGGACGGCCAGGAAAGGCAGTTGGCTCTGCTGGGTTGAGAATTTCGATGCTTTTCTTCGGAGCCTGAAAATCGATTTCCCGCTGCCTCAATGTAAGCTTCAAGGTCTGATATATTTGCTCCTCTTCTCGAAGAATTTCAACAGCATCTTCAAAAGGCCTCATTATATCCCGGGCTGAGGAAATTTGAGCCGCACGTGCTGACAAAAGCTGACCTTCCAATTCCTTGACTCGTGCTTGCGACTCAAGCCATCCCATTTCCAAGGACTTGGCATATCCATCAAGCAAATTGTCCAACTGCTCTTCAATTGTAACCAAATTTCGCTGCCCTGAACGCAATTCCGGATGCGCTTCGCCTAATTGGCTTCTAAGTCGCTCCTGTTGTTGCTGGGCCAACAAATAAGCCTGGAGAAGACTTTGAATATTCTGATCCAAAATGAGCTCCGAATTCACCAGATTGATCCGTTCCTCCCTTGGAATAGCCGCAAAATTCTCCCATCGGGATTTTCGCCCGATCGCCTCAACACGAAGCGAAATGAGCGTTCGCTCGAGTGCTCGAAGATTTTCAATATCCTGGCTAAGCGCCTCAACACTGATATCCACGCCCGAAACCCCCAGCTCGGACCTCAATGCCTCAACAGTGTCTCTTTGTTCAGCAACAGTCTGTTCCTGCTGGGACAACTCGGACTTGAGCCGCTCAATGCCCTCCATCTGGTCGGATACAGCAAAAGCTACGCGATCCTCCGCATATATTTGTGCAATCGCGTTTGCAACCGCTGCAGCAAGCTGAGGATCCTCACGAGCCCAGACGCCAATATCAATCAATGTTGTTCCCGGTTTCGCACTTTCGATGTCCAGCATCTTGTAACGCAGAATGCGATAAGCCATCTCCAGGGTCAGCGTCTCTCCCTCTGCAAATACATTGCCCAACTCCTGACGCAAATCCAGTGCCTCAATTACCTGATAGAGAATTTGTTTGCTGCGTAAAATCTCCAACTGCTCCTGTGTAAAATAAGGGTCGTAGAAGCCGGAACTTTCCGCCTGAAAAAGAGCCACCTTCTCCTCAGGCTTCTGAACACGAATCATCGCCGTGGAAAGATACCATCTCGGCATGAAGGCCGTAACGATGGCAGCGGTAACCAAAACAAGCAGCATCAACGTGGCGATGAGCGACTTGCGTGCACTTAATACACTGAGAATTTGTCCGAGCGAGAGCCCGTCTGCGACCGAGGAGGAAGACACCATGCTAATAGCTTAGAGCAAAACCAATACATCTAGCCCAGCTCATCGCAGTAGGCAAGCGCAGTATTCAAAACCGGA
NZ_CP136920.1_gap111	5142292	5145966	3674	GTCACTCAAATCGATCAGCAATTGGGTCGGCTTGGGCAGTTCTGCTCCAAAATCCGCAAACATCTCCGAAAAAACAGGAATAACAAAAATCAGGAGAACATTAACCAGAATGACAGCCAAACCGATAACGGCGATCGGGTAAGTCATCGCACTCTTCACTTTCTTGATCAGCTTGAGCGAGTCTTCGAAGTAAAGAGCAACCTTTCCCATGATATCGGCAAGCGCACCGGATGCCTCACCTGCCTCAACCATGCTGATAAAGAGATTGGGGAAAGCTTTCGGAAATTTTCTAACTGCATCGGAAAACGCCGTTCCCCCGGCAATGTCGTTACGAACATCACGTATAATAATCTTAAAAACCGGATCTTCCGTCTGATCCTGCAGAGCTTCAAGAGCACCCACCAGTGGCAAACCTGCCTGCAACATGGATGAGATTTGTTGTGTGAAAACCGTCAACGCATCCAGCTTGATCTTTTTTCGCTTAGCCGACTTTTCATACGATTTCTGTTTAGCAAGCCGCTGAGACTCTGCGAAACTTGGTTTTTTCTTTCCACCAGCGGTTGGAGCTGGCGCACTCTGTGTCAACATCGACATGATTAAGAAGCTGATTTAGGTTGTTCGATTTCCCGACAGCACGACACAGTAAAACAATTAATTAGAGCAAGTAATGAAATTCGTAGAAAAGCTTGACCCAGCTTGAACCTTCCGTCAAGCATCTACGCCTTCCATTAAGCGGGTATAGTTTAGTGGTAAAACCTCAGTCTTCCAAACTGATGATGTCGGTTCGATTCCGTCTACCCGCTCCATTTCATAAAAATGGGCTAATCCCCCTTATTTTTAGTCAATCGATAAGCGCTGGGATTACAATTCGTTGCTTGTTTGAGTGCTTATTCGCATTAAGGGACGTCTTAGTAGTCTGTCTCAAAATTAATGGGCAGAACAGAATACGGCACTTTTAGAAAAATTTTACTTTTCCATCATTATCCCAAATCCGGTTTTCTCGAACCACGAGGATGAACAATGACGTTATCGGATGAACTGGAAATTTCGTGAACAGACTCTTCTCCATCCGGCCAACGCACCTGCACGCGTGCGACAGCCTCCGGGTCTTGACTGGTAAAGTAAAGAACTCCGTTTTCCTGTGAAAGATAACCACCGCTCGATCGTATTTCAGCCACCTTCGGACTGAGTGTTTCATCGAGGGCAGTCACTCTTGCTCCAATGGCAGAAGGATTGCCCGCATGATCCTTTAGGGTCACAACAATTATCTCCCTACCACCTTCATTTTCATTAATGAAGCTGTAGGCAGGGCTATCATTGGCACTAAAGACAAGATCCAGTTGCTTATCCTGATTCAGGTCAATAAGCGCAAGGCCTTTGGCATCGGCTGGAACAACAATGCCACTCTCATATGGCATGAGAGGCTTAAAAGTGCCATCTCCATTGCCCTTCAGGAAGAGACTAAGGCCACCATCCATGCGACCGGTCTCGGCCTGAGGATTGAAAAAGTTTTGAGCCAAAACAATATCAGCAAAGCCGTCCGCATCCAAATCCTCTATCACGACTCCGTAAGAAGGAGAAATCTGAGCGAGGCGAGGTAACGGAGTAAATGAGAAATGCCCTTTACCATCATTGATAAGTATACCGGTCTCGAGGGAATTGGCCTCGAATCGTTCAGCCTTATCAAGCCTGTAATCTCCGTAGATATCATTTAAAGTACTAGATGCAAACTGATGAAAAGTTGGAAGGCGGTCCCTGATCGATGGAATCGCTTGACTGGAACAACTAAGGCCACGCCTGGGATAGCAGATTTCCTTTTCAAACTTCGCCTCGATTATGCGTTTCCTGCCGGAATCATCCATATCGCCATAGAAGAGCAACTCAGGCTTCTTCGGGGTGGCCTTGTATTTGCTGTTGAGACCAAAGTTGGTCACGACGTAGTCGATATCTCCATCACCATCGACATCACCACCTGTAATACCGTTGTACCAACCAACGCGGTCTGCGAGACCAGCAGCTTGTGTGTCTTCTTCAAGTTTACCATTCTGGTTACGGAAAAAGCGAACTGGTCCCCATTCAATTGTCAAAAAAAGATCCACCCATCCATCGTTATCAGCATCGGACCATAAGGCACCAGTGACCATTCCAGCATTGGCAATTGACTCGCTCCATGGTGTTTTCACTTCAATGAAACGTCCTCCTTCGTTGAGGAGAAGCCGACTCTTAGGAGCCAATGGATACTCGCCCGGAATCACACGAGACCCCACAAAAAGGTCGAGGTCACCGTCCCGATCAAAATCAGCTGCGGCAACTGTGCCTCCACTATCACGCAGATCCGGTAATGTGCCTTCAGGAGCTTTTGCAAAAGAGCCTTCTCCATCATTAAGATAAAGACGGTCCTGAAGCTTCTTACTGTCTGAGCCATGCTCCACGCCACCGCTGACAACATACAAGTCGAGATCGCCATCACCATCAGCATCAAAAAAGAGCGCACCCATGTCTTCATACTTACGATCTTTGAGGATCGCCGTAGGGTATGATCGAGTGAATTCACCATTACCCGCATTACGCCCTAGCATGCCAGCCTGTCCTGCTGCTCCTCCGAGATAAACGTCATCATCGCCATCACCATCAATATCACCCCAGGCCATACCAGGGCCGAGTTGAGAGAGTTTATTCGGCAGTAGAGGTTGATCCTTGAAATCATCGTAATCTCTCTCTTCATGGACCATTTTTATCAATGCATCACTTGACCTAAAAGCCATCGTAATCGGCTCAGCTTTTTCAGGCTCGGTGGTTGTCTCAGATTCGATGATAGTAAAGAGCCTGTCAGCTGGCAGGTCCTTGAAGACTTGTCTGTTGCCACTTGGCCAGGTGATCTCCAGTTGATCGATCTTCTCCGCATCGCCCAGGCCGAAATGAATCACTGGATCGCTGCTTGATACGAAACCTGTCATTGGATGAAGGGCACGGATTTGTTGATGCCCTCCTGCAGTAAGGGAAACGTGGGCTCCAATCCCTTGCTTGTTGCTATCGGTCCCAATCAGTTTGACCAAAACACTATGATCGCCTGATGAATTGTTACGTAGAATGCTGACTGGTTCATCGACATTGGTGTAAACGAGATCAAGGTCACCATCGCGGTCGAAATCGGCATAGGCTGCACCATAGCTCATCGACATATGATCCAAGCCCCAAAGCTCACTTGCGTCTTCGAATTTGTAATCCCCTTTGTTCCAAAAGACCCGATTCTGTTCCGGTCGAGGGTCGGTGTCTTCAAAATGGTCCCACCGGGTTTTACCGATGTTGTCCTCATACTCGAAACTCATATCCGAGTTCGCATAATCACGAGTCATGCCATTAGTCACGAAAAGATCGATAAGGCCATCGTTGTCCAAATCACCAAAGTTGGCCGACCAGGACCAGTCTGTGCTGGAGACACCTGCCAGCTTTGCAGCCTCCAGCATCTTGCCATTACCCGCATTAATGAGAAGTGCGTTACGCATGACCTGACGAGGAACAGCGGTAAGAAGAAACTCTTTGTTCTTGTCCATATTCCCCATTGAAGCTTTTTCGCGATAATGGGATGTGGCGGCCATATCGAGGACAAATATGTCCAGCAGTCCATCATTGTTTACATCTCCTACATCGGAGCCCATGGAAAACCAGGTCGT
NZ_CP136920.1_gap112	5207506	5211208	3702	TTCATCCAGAACCACCATGCGCCAAAAAGGTCGCGATGGAACATTGTCAAGGTCCGGAACCTGAACCCGAAGGGCAATACTGTCGTCAGCAGAAAGGCTGTTCACATCGCCAATCTTAATATGCTCACTGAAGCCGATCTTACCGCTGCCTTCGATCTGCAAAAATGGAAGTGCCTGATCCATTCGAAAACGTGGCATCAAAACAAAGATCAGACTACTGATGGAAACGAGACCAACGAAAAGCCCACCCGCAAAGGCGATCAAACGAAAATCAAGACCATGAGCCAGACGAGAAAGGAATCTGGACCAACGAAAATGCTTAAAGTCCTCAGCACCTAAAAGTCGCGTCTTACTCGTCTCAAGCAAATTGATCAGAAACAGAAGTGCCATCGCCGCAGGTGTGAAGATCAACATCTGGAAGGCGAAGAGCAGCGACACCGTCATAACACCTTTTACAACAAGAGTGAACAGACAGAGTAGGACCAACTGTAAATCCTCACGCGCTTTTCGATATTGAAAGGCCCGAAAAATCGTCAAGAGCATGACCATGCGGACCATTGGCTTGAGGAACTCAACTCCATGCAGCACGAAGTCTCCGATGATAAAAACAATTAACAATGGGTTGGCAAACTTCCAAAACGTTTCCGGCAGACGACTTGGCAGCCCTGGCCAGAGCATGGAGGCAATCAACATCAAAGAAAAGGCGAGCAAGACCGGTTCCGCGCTCATCTCCAAACCAAAGAGCGCCCAGATCGCAATCAGAGAAATGAACTGGCCAAGGAGCCACTTCAGCTGGTGCAGCTCGTCAGTGTTGAGCCGTACCCGCGATTGTACTGCTGATGATAGCATTGACTTCGCCGCCCACTCCCGGACGGAAGGTTATGAGATTACGCCCTCCTGTGTCAGGAGAGGGAGAATAATGATCTGCTGTCTCGATAATGGCAAGATGCTCCAAAAAATTCTGCAAATCGTGTAACCGCTTGAGTGGCTGTAGAGGTTCATCATTGACCGCGACTGCGAGCAAACGACCGTCACGGAATAAATCTTCAGCTAAACTCGCAACAAACGAGCAGAGCAATTCGAACTGCGGCTCAGTTGTCCAAAGCGACTTTGATGTTTCCATGAAAAGAACAAAACCGTCACGATTCTCTTCCGCCATCTGCCTGACAACGAGCTGCTTTTGCCGGGCACTGGCTTTCCAGTGAACCAGACGCTGGGGATCACCACGGTGGTAACGCCGAATATTGATCAATTCATTCCCGGCGCCAGGACGGCGATTTGTCTCGCCCGGGATATGAGAATGGTGACCGCCGGGAGGCTCAAAGTCATACTCAACCCGACTGGGCAAAACTACGACATCGCGTTTGATCCCACCCCCGACTGTCTTACGCAAAAAACCAAAGGGAAATTGGGATTCCAAACCGGATATCTTAATCGTTTCATGACCACGTTTCAAAGGATGAAACATCCAGTCCAGAACAATGTTTTTGCCCGGATTCAAACGGTCTTCCAAATGAACGCGATCGACACCCTTGGTTTCTTTTGTCGTGACATTGAACCACAAGCTGTAAGTCGGCAGAATTTTCTTTGAATTACTCAGCTCGATTTGAAGGAGAGCAGGATCATTCGCCCGAAAGTGCGGAGGCTGGCGCAGCCTCCATCGCGTTCCCTTGAAATTCAGCCAGGAAAGAAAGCCACTCAGAATCAGGCTGGAAAGCAGGAGCGACAAGGCCATGAAAAGAATATTGCTCGATGTATTGTAAGCCGCAGAGCCGAGTCCAAGCGCAACCAGAATCAACACATAACCTGCAGGTGTTGGCACAATCCGGTGCCCCTCAGGGGGAACCAGCATCAACCAGAGGAGCCGCCAAAACTGTCCACCCTTACCTAGTCGCTTAGAGAAAAACCCCGGGTCCGCCCAATCTCCGGCGACTTGTGGTGGCTTCGGATTTATTGCAGTCGCGGACATAGCGGCGAATCAATCCGGAAGCTTAACCGTATCCAACAGCTTGTTTAAAATGCCTTCCACAGCGCGGCGCTCCTCCAGTGGATCGGAACTCTGACGCCGTAAACTCAGGCGGTGGGTAAATACGGGTTTGAGGACGAATGAAACATCTTCCGGCACAACAAAACCCCTTCCCTGATAAAGTGCATAAGCTTGCGATGCTGCTTTCAGCGCAATGGTCCCACGGGTACTAACCCCGTTCAGAAATTCACTTTCAGTCCTTGTTGCGGTGGCAAATCGAAGCATGTAGTGAAGGATGCTTTCTTCGACGAAAACCTGCGGAGAAAAATGCTGAATCTCAGCGACTTCCTGGCGTGTCAGAACGGGCTCAATATCGATGGTGTCATAGCTTTGGCGACTGACGCGGTTGGCCAGAATTTCCATTTCAAATTGATAATCTGGATACCCCATTTGCAGGCGCATCAGAAAGCGGTCCATCTGGCTCTCCGGCAACGGAAAAGTGCCCTCATAATCAACCGGATTTTGTGTAGCAAATACAGTAAACGGCTGCCCAACGTTGTAAGTCTGGCCATCGACCGAGACCTTGCCACGGTCCATGACTTCTAGCAATGCACTTTGCGTCTTGGGGGTGGTTCGATTGATTTCGTCAGCTAGAACCACATTTCCGAAAATTGGCCCTTTCTTGAAAACAAACTCCTTCATCTGCTCATCGTAAATCGAGACGCCAATCACGTCACTAGGAAGCAAGTCACTGGTAAACTGGATTCTGGAAAATGAGCAATCAAGCGAACGAGCCAGACAGTAGGCCAGAGTGGTCTTCCCAAGGCCGGGAAGGTCTTCAATCAGAACATGCCCTCCTGCAACCAGACTGACCAGAACCTGGTCGATTACCTCATCCTTGCCCCGAATCACCTTGGCGATGTTCGATTTGAGTTTCTGCATCGACTCCTTAATGCGCGGAGCAGGGATTGGGCGTGTCGTCTGACTCATATTTGGTTCTAATTATAACTACAATATCACCTAATTGTTCCGTCAAAATCCATGACGAACCGCAAAGCATACCTCAAATCCGCATATTCGCACTTATTATCGGCCTATTTACAATTTTCTGAAATCCAAAGTTGTGTGCGATCAACATGAGCTTTAGGAGGAAAAACCCTATTATTGCCATACTCCAAAGCGATTGCAAGCCGTTGAATAGCAAACTTTAACGTAGAGTGAACTGGAAGCTTGTTCTACTTTTCTCCTCAAGAGTCCTTTTCGAGCAATTCGATCAATTTTTTGTCAGTTGAAGCGTCCCATGAAGCAACTCCCTCTTCTGAAAACAGCTCACGCGGCAGCTCCTCATCGAAAACTGAATAAACCCGAACCATAACGGTCATGGAACCATCCTGTAAATCGACAATCTCCAGGCGACGCGGGCGAATTCTGGGAACGCCATCATCGCTGCCCACATTCTCATGGTGAGCGGCATTGACTGTTTTCACCATCGTTCCAGTGCGGTCGTAATAATCGGAACGAAGGAAACGTTGATTATCTTTGGCCAGGTAAACGCGGCGCTTTGAGTAAATGCTCTGGTCTCGAAGCGTCGGGTCATCGTAGCGGCTTTCAATCACGATTGTTCCGACACCCCGCACCATTGCACTCCCGATCTTACGATGACTCCAATCGTGCTTATCATCGTCGTAAATATCCTCCATATTCCAGTCACTTGGCCCAAAAGCCCGGCGCCGGGC
NZ_CP136920.1_gap113	5213826	5214979	1153	ACGGCAATGAACTCTGGCAGTTCGCACTCAACGGCCAGATGCAAAGACGCGAGGCGAGTATCAATGATCTATTGATCGAAGCTGCTGATCGCCAGCTTGTCTAAAACATCACACATAATAACTAACCGTCGGGCACTCACCATGAGTGCCCGGCAACCAACCCTCAAAGGCCATGAACAAAAACTTCACACGATTTGCCTTCACTGATTCCGTTCGAGCTGTGCAAGAGGAATATGGCTCTCGCAAAGCCTATGCCAAAGCCGAAACAAACGGCGATCGTTACCGGCTAACCTCTCGGGAAATCCAATTCATAGAAAACTCTGACGGCTTCTATCTGAGTACTGTTGGCGAAAACGGCTGGCCATACATTCAGTTCCGCGGCGGCCCAAAAGGTTTCCTAAAAGTACTGGACAATGAAACGCTCGCCATGGCTGACTTCAGCGGTAACCGGCAATACATTAGCACCGGCAACATCAAATCCATGGGTAAAGCCATGCTTTTCTTCATGGACTACGCCAAGCAGAGTCGCCTGAAAGTCTGGACAGAGGCCGAAGTAATCGACGTGGATGCAAACCCTGAACTCCTCGAAACTGTTAGTCTCTTTGGTTACAAGGCCCGCATCGAACGCATCATCCGCTACCGTATCCAAGCTTATGACTGGAACTGCCAGCAGCACATCACACCTCGCTATACTATTCCAGAGATCAAGCAAATGATCACCAACGAATCCAATTCACAATTCATCAATTAAAAATAAAATGAAACGTCAGAGTACTAACACTCTGAACGTTGCTAGAAAAGCTTTAAGCTATACAGGAGAAAACACTGGTTAATATTTCCTTTCGAAAGCTTGCACGAAATCCGGCAATGTTCAATCTGACAGCGAATGGCAGTTCAGAAAAAGAAAAAGGTCGATCGTGCGGCTCTGAGTTCATCTTTCATGCGAATTCCTCGTATGAAGGTCGAAGTTGCGCGTAGCCTGATCGACGCGGGGGTCAGTGAGATTTTTCAGCTCGAAGGCCGCTCCCCGGAAACACTCTTTGCGGAACTGAAAAAGAAGCGGGATGATGTTCCTGATGAGCATTTGGCCTACTTTCGCATGGCCGTCTACTTTGCTGAAAACCAGCCACCCGACCGGAAAATGATGCATCCG
NZ_CP136920.1_gap114	5386732	5387316	584	CTGAGAAAGCTTCGTTGATCTTGTTGGCGGCTGCTTCGAGCTCTTCCTTAGAAGCATCCTGATTTTCGAGAACTTTCTTGCCATCAGCAACAGCGGCTTCGACAGGTGCCTTTTTGTCAGCATCCAGCTTGTCACCGACTTCGCCGAGTGACTTTTCGGTCTGGAAAACCAAATTGTCCAACTGATTGCGTGCTTCGACCGACTCCTTGCGGGCCTTGTCTTCAGCTTCGTGCATTTCAGCTTCCTTCTTGGCCTTTTCGATCTCGTCTTCCGACAGACCTGAGCTGTTAGTGATGGAAATATGCTGTTCCTTGCCGGTGCCCTTGTCCTTGGCGGACACGTTAAGGATACCATTGGCGTCGATGTCGAAGGTTACTTCGATCTGTGGCATACCACGTGGTGCCGGTGGAATCCCGTCGAGGCGGAAGTTGCCGAGCATCTTGTTCTGGTCAGCCATGGGGCGTTCGCCCTGAAGCACCTTGATATCAACAGCTGTCTGCTGGTCAGCGTAAGTTGAGAAAGTCTGTGACTTCTTGCTTGGGATCGTCGTGTTACGCTCGATCATGGCAGTGGCAACGCCACCT
NZ_CP136920.1_gap115	5417546	5418967	1421	TGGATGGTTGCTGGCTCAGGCTGTGACTCTAAAGGGCTCATTCGCTTGCGCTTCCTGATTGCATCTATTGCCTGATTTTTCGCGACACGAAACAGCCATGGTTTCAATGAATCAGGATTCAGCCTTCTCGGTGGACGCTTTATCAGACGGAGAAAAGTCTCCTGCGCAACATCCTGGGCAAGATTGGAATCGCAGAGGTAGCCCGTTAAAAAACCAATCAAGGGTTCCTCATAACGACGCAGTATTTCACGAAGCGCTTCATTGTTTCCCTTTTTAAACCGCTGAAGCAAAACCCCATCCCTCAGAGCTGTCCAGTCGAAGCTGTCCTCATCGAAATGGTCTCTCATCATGGGGACTGTCATTGAAATACTAGTCATATATCCTTAACAACGTTCGAGGCCATGAGATTATTGGCGAAAATTTCAATTTTATACACAACTCGAGTGATATGGGAAAAAGCTTGCCGCCTATACACGGTGGTTTTTATTCTAAAGTAGATGACTTAGTAGCAATTCTGTAAACTAACCCTCTAACCGAAGGCTGACATGGATGACCCCACAACTATGATCATAGTCGTTGTTGTAGCGATTATAGTTATATTCCTGCTTTTCACCTATTTACTACCAGCTGAATTCGCTGTGACGCGAACGGTGAAAATCTCGGCACCATTAAAAAAGATTACTCCTTATCTGACAAATGTTCGCCTTTGGCAGGAGTGGTCACCCTGGCGCGAAAAAGACCCAAACATGGAAATGGCTTACTCAGAGAATGATACTGGCGACGGTGCCTGGTTCACCTGGGAAAGCAGTTCGCAAGGCAAAGGCAAAATGGTTTTTGCCAAAGTGACCGAGTTCGGCGTCGAATATGAAATCGAGTTTATCGGAAAAGGTGGTCCCTGCCATGGTAGCATGGAGGCGTCTGATGAAGACGATGAGCATTCATACGTCGTCTGGTCATTTCATGGCAAATCCGGCATGAATCCAATTGCTCGCTGGTTCGGTTTGTTAATGGACAGAATGGTCGGCCCTGACTTCGAAAAAGGGCTCAACAAGCTCAAGACCATCACTGAGAAAGCAGACAGTTAAATCAGTTCCGATTCCGCTGAGTAGATACTCAGCTGAGAAGAGCATTTACAAATTCTAAATCTGAAGCCTGTGCTTCAAAAGGGCTTCTACCGCAGGTGTTGGTGCTGATTTTAATGCGGTATCTCGATAATGATCCGCCGCATCAGTGTTGCCGCAGCGTAGATGCAAATAGGCCAGAACCGCCGACCATAGATAAGAACCTGATAACCAGCCTGGCGCTTCAAAATTTTTAAGAATCGCAAGCCCCTCCTCGGGGCCTCGCCACTCTGACACCGCTACAGCCCGGTTAAGTGTATGTATGGCCGAAGGCGCAACATGCTCCAATAATTCGTAACA
NZ_CP136920.1_gap116	5419973	5423558	3585	CTCCCGGACTCTCACGGGCGACCTCCATGGCTTCTTCATAGCTTTCCGCTTCTACAACCATATAACCACCAACAATCTCCTTGGTTTCCACAAAAGGCCCGTCGGTTGCACTTTCAGCAGTGACAACTTTGCCACCAGCTTCCAACCGTCCGCCCATATCAAATATATTGTCAGCAAACTTCTCTTTCCAGGAGAGGAACTTGGCATACATCTCCTCCATTTGTGCTGGAGACGGCTGCTCGCACTGCCCGCCCACACTTCTTTGAATACATAGATATTTCTTTTTAGACATGATTATTCGATTTTTGAGTTATGCCGGAAAAATGAACCGACACCTTATGACGCATGAGGACACCCGTTTTGGACACTTATTGGATAATTTTCATTCTTTTGCTGAAAGAAATGTTAAAGCATGGTGCGGAGCTGAGACACAGGCGAATGAATCCAGCATGGCCTCATTCAGCTTTCTGGTAGACTTTGAGAATGAGGGGCCATTGGACGGGACGAATCTCACTGCCCCAGAGTAAGCTCAATTCTTCTTCTATATCTGATACAGGATCGGTCATGGATGCCTCGCGATGATAACGTGTGCCTGACCAAGAAGACAGGTGTTTCAGATACTGAGCAGAAGACCAACTTTCGGTGATGCTGAAATCCGGATTCTCTATTCTTTTAAGTGGGGCGACAACGTCCACATACCCACTTTGAAGATGCTGACTTTTCTCGGGCCAGTAACTCGCAATATTCTCTCTGAATTGCTCAAGCAGGGAATCGATTCGATCATCTACCACCGGCCAGACATAGCCCCAATAAGCCAATATTCCATTCGGTTTCAAAACGCGCTCTACTTCACCCCAATAGGCGTCGAATTCAAACCAATGGATAGCCTGTGCTACTGTGATTAAATCAACACTGCATGCGGTGATTCCAGAGTCTTCTGCAGGAGCAGCTCTGAATTCGATATTTTCTTTATTTTTCGCATGGGAAAGTAGCGAATCGCTAATATCTGTAGCGATGACTTTGGCAAAATACTTGGATAAATCATTGGCCGCCTGGCCTGAACCAGTCGCGCAATCCCATACACATTCTCTTTCTTCACAAAGCCCAGCCAAGTATCCATATAGCTCTTCAGGATATGTGATGCGTCCATCCTTGTAGGCAGTAGCGATACTGGAAAAATGGTCTTGTGGATGATTCATTCTTTTGTCCATCGATACGTTAATGCCCTCAGAACAGTTCCTGGAGTTGCTGCAATAACTGATCTACTATTCGGGGTCTTTACTCATTTTTGAAGCACTCAACATTAAAGTTAATGGTTGGCCATTCGGCGATTCTCCCACGTCCAATATAATTTCTTCATCGGGCTGGATCTTTTGTTTTATTATGTAAAAGCCATTCCTTACCTCCTTGAAGATGCTGCTGGATATTGGCACTATCTTTTTGCTTTTGAGGAATACCTTTGCGGACTCGTTTCCTTTCACTATTATGGCGCTTGGCCTTGATGATACCAAGTCGACAGACACTAAGGTAATTCCGTTTTTCGTTTGACCCAGACCTATCCACTGGGAGCTCCCATCTCGTTTGTCTTCCAGACTAATGGAGATAGACTCTTTTCCGAGTGCGAACAGTCCGGCCATTCTTAAATAGTGAGGAAATGCTTCACTGCTCGACTCTGCGGACTCCGACTGCTCCGGAGCATCACTGTATCCCGAAAGTTTGGAGAGTAAACTTTTTGCATCTGAAGTGGCTAAATGCTTAGTTCCTTCAATACCATCAGAATGGGAAAAAATGGCGATTACCTCAATCCCCTCATCTGTAATGGTTGGGTTCAGGGTTAGATTGATAGAGTCTGGTAAACCCACCCTGGCATCCACTCCCTCATTTACAGTTATCCGGGGCATTGAAAGAAATTCGTGCTCTCCTTTAAGGTCACCAGATACAATTTTGCTTTCTATTAGGACGGCTTGAACTTCTTCAACTGCCAAAAGAGGCAATACCTGCAGTGAAAAAACGATAACATATAGTATTTCTTTCATAGGTGTTAGAGAACGTGTGAGCTGAGGTGCGAGCGTTTCGAACGTAGCAAACTTGTTTGCGAAGTGACAATAACGAAGTCGCCCCTCGCGGATCAATGGACGACGCAACCGGACTTCAAACCGATTGAACCTATCCACCATCAAGAGCCTGCCATAGGCCATTGACGATCCCGCTTCGATGCAGAGTGCGTATTTATTTAAACAATAATTGAGTCAGGATACTGATAATCCTGTTACCAATATACACGTTCTTTGTCGCATCAGGATTGGGCAGCAACTTCGGCTTCTTAAGCAGAGATGCTGGATCAAATCAAACGCTAGCCCATAGCAACGTTTGAAATCACTGATGCGTTAAAGTGCCTGCTGCATTTACTTGTTCATTGTAATACAGGCTAGGTCTGTGGCCTTGATACCATGGATTGCTTTTTCGCATGCTAAGTGCTTCTTCCACATTAACGTCTGCAATGACGATTCCTTCCTGCTTCCATAGTTCCGCAAGAAGACTCCCATCGGCATAAGTAATGTTGCTCCCGCCACTGTTAAAATTGCCTTTCTCATCTTTGCCACAGCAACAAGAAGCAGCAATAATCATCGAATTTCGATAAGAGAGATCTTTTACTTCAGAATGTCCGCGACTCTCTCTGTTGTTCATCCATAATATTGCAGAGCAATCTAAGTTGGCATAAGCACGAGTCATTTCCGGAAAATCTCCATCGTAGCAGATCATTATCCCGTATTTGTAGTTTTTGTATTCAAAAACAACGAGTTCATTGCCTGGAGAATAATAAGTAGGTTCATGTCGAAGCCCTTCTGCATCCCACCAAAGATGTGTCTTTCGGTAATTGGCAATAACACCGGTTGCGGAAACAACTGGCGCAGAAATGTAATAATTCTCACCATCCCGTTCAGTGAGCCCATAGATAATTAGAGAGTCTTTATCCTGTAGAAGCTTTTGAAATGCCTGAGTCGTTGGGCCATCTACGGGTTCAGCGAGATCGCGAAGGTTAGGAGTGTAGCCTACGATCACTTCCTCATGAAAAAGAATTATTTCAGCACCTTGATCGAGAGCCTGTTGGGCAAAACGAATAGCTTTATCCCGGTTCTCTTCAGGCTGACCTGGATTTGCATTTAGTTGAATAACTGCTAATTTTACTGCCATTTTATCTCCTAACACTATTTTTCCTAAACTCGCTTTGATTACAATATCTATGTTTTGTAACTGAAGTAAGCCTGCTTCTTGCGCAAGTAAAATCACAACATTGCTTCAAGTGGCTTGATGGGCAGTGCAGCTAAACTTTTATGCGTTATTTCGCTCTTCGATACCTGCTCTTAACGAGATAGTTTTCGATCACCTCAGTCTCAACATGTTCGAAGTCGATACTTTCATTTAAATCTCCAAACAATGGAATACCTTTTCCCAGTAATTTGGGGAATCGGGTCACGATCAATTCATCAATTAAGTCTTCTTGCAGGAATGATTGGATCAAGCGCCCTCCATCAATGTAGAGGTTCTTGTAATGCTTTGCTCCAAGTTCTGACACCACACTTG
NZ_CP136920.1_gap117	5590174	5591103	929	AAAGACAGTCAGCATGCGGGGTGTAACAACGAGTAAATCGGGTGAGGATCGTCGCATATTTCTGGTAAGGAAGCTCCCGAATAAAATTCGATTAAATCTGGATTCCAACAACGTAGAACTTGTTGTTGGTTACGATGGCTCTAACGTCTGGTATTACTATGATCGACAGGGTAATATTACTGCCCCAGAGGATAGGGTTTCAGAATTCGAAAGTATCCGGAGAGATTCTCCATTCTGGCTGCCCATCACCCAATTTGAAAAAGCAGAATACAAGATAACACGTCTTCCTGATGAGACTATTGACGAGGCTAAATGTTACGTTTTTCAAGTGGAGATCCCGGATCTGGGGACAGAGCGTTATTTTGTAGACCAGAGCACGCTTCTAGCCAAAAAGCGGGAAGTAGACGAAATCAACGATGACGGAAGCGTTGAAAAAACAACAACATTGTATAACGATTATGAGGCAACTGGCGGGGTTCAGTTCCCTATGTCAATGGAGACGATTGGGGAGGATGGCGCTTCTGTGATCATCAAATTTGATAGTGTAAAAATCAATAAGGGCATTTTTGATTCTTACTTCAGGAAGCCGTAAAATCTCACACTTTGCGGATACGTTTTAAGAAGCAAAATGTTGGCAAATTAAACAATCTATCCGCGCAACTGGATCATCGCCCCAGTTCAAGTACGGCGGCGATACCAGACGATGTAACCAAGAGTGGCAAGGCCAGTGAGAGCAGCATAGGTTCCGGGCTCAGGAACAGCGGTAACTTGAATTGTGTCGGACGAAGTACCGAACGTGACGGTCATAGTTGTCCCTGCGGTGGCTAGATTTTCCAAAATCGTCTGATATTGCGCCTCCATAACGGTATAGTCGACTCCGATTGCGCTCATGCTGACGGTCTGCTCAGGCAATGGTCCACTGCCATTGA
NZ_CP136920.1_gap118	5668699	5673541	4842	TGCTTGCAACGTCAGACCAAGGGGCTTATCGCGTCAGGGTAAGCGGCTGGGTCAGGCTGGAGTGCTCAAAGTAACCTCCAGGCTATCGCTGCGAAGCGTTTGTCCACCTGCTACTCGTGTCCGGACTTCCACGTCGTAAGTGGTGGCCGCTGTTAGTGTATCCGGGATGAGGAAGACGAGATCCTTGGCGACGTTCTTTTGCATGATCGTGACTTTAGTCTCGGCTTGGGTTGCCGCATCGATGAAGAAGACACCTTCGTCAGCCTGGTTTTCATTAAAACCAAGACGGGCGCCGATGAGTTGTCCAATCCCTCCAATGGTCAGCGTGTCGTTCGTTTCGCCTGTGTTGACGTTTTTGAACTGGAGTACCTTGGGACTCGGCACACCGGTCTCATTCTTCTCCAGGACGGCCTCCTGACGAACTGAGTCGATCAAGCTGCGATCCACCTTAGCGTGCAAGGTAAGATCATGGCGTTCTTCGTCATAGCTGTCAGTCTGATCATTGAATTTGCCAGTGACACCAGGCCAAATCTGAACCAGGCCTCCGAAGTTAACCCGCTGGCCGTCGACCAGCAGGTTTTGAATGGCGCGGATGGCTTCGTGCAGAACCGCGCGGACGTCCGCCTCGGTGATGGTTGATCCCTGGATCATCATCTGCCGGACGACTCCGTCGAAGTCCTTGCTCGCGTTGGTTTTGGTCACCGCGTAGAAGTCCGATGTATCTTCGGTCAGCGGGTTATTGTAGATGGCGTATTTGATGGCCATGATTTATTGTCCTTTCTCTTATTTAGTTATTTATGGTTTAGTTTGCACCGGGCGGTTATCGCCCGATTCGACACCTATTATAACAAACCAGGGCAAGCATTTCGCTTGATATATTGGATCTGTTTGATCCATTTGATCATTTGTATATACGGAATGCGTTTTAACATATTTTTTACAAATTGCAGCCTAAGTCAGACTGAAATCGATGGCCTTTAGACTGTATTTTAAGCGAAGCGAGTGTAAGTAACATAGGATGGCCATTCAAAATCCCAACAGTCTTCCTCCGGTTTTACCGTCTCAGCCTGACAATTCGCGGTTGTGCAAAATGGGGATCGGTAGCTTGGTGCTCAGTGTGCTGGGGATAATGTCATTTGGGGTGACCGCCATCTTTGGGATCATCTTTGGGCATGTGGCACACAGTCGGATCAAGAAATCGAACGGAATGCTGCGCGGTAAATTCTATGCGGTAACAGCCCTGATCCTCGGCTACGGATTCGTTGCGATGAATGCCTTCGTGCTCTACAACATTGTGAATCATGTAAAGAAAAGCCCCAATGAGAAGTTCACACTGAGTACGAGCCATCCTCCCGTTTTCAGGAATTATCAAACGGCTGGACAATCGACGACGATTGACGGCATTACTGTGTATCAGTTCCAAACAGCGGGCTCAAAGCCAGGCGAGCGTATGCAACTGCGTGTTTATCTGCCAGCAGGCAGTGATACGGCAAAACCACATTCACTACCGTGTGTGCTGGTTGCGCCAGCGGGAACAAACCTGCTCTCGGGCGCCAGCCTCGGGCCGTTGGATGACACAGCTTATCATGATGAAGCCTTGCCCTACGCAAAGTCTGGCCTGGTGACTGTGCTGTATTCGATTGATGGCGCAGAGGAAGATTTCGAAGTCGAATTGGAAGGGAGAGATGCAGACTCCCGGGAAATGGCCTTAATGGAACGACAGTATGATGCTTTTAAAGACGCAAAGGCTGGACTACTCAATAGCCGCAATGCTCTGGAGTTCGTATTATCCCAACTACCGATGGTTGATGATACGGAGATATATGCAGCGGGGCACAGCTCGGCCGGAACGCTCGCTTTGTTATTTGCCATGCATGAACCCAGGCTGGCGGGCTGCCTCGCCTATGCGCCCTGTGTCGATGTCACCGCATTTCATGAAGAGATAATCAACGAGCCATTCGTGAGTATCATCCTGCCCGGGGTGAAAACCTTTCTCCAGAGAAGCTCTCCGATCACCCATGTCGATCAACTTGGGTGCCCATTATTTTTCTTCCATGCGGCCGATGACGGCATCGTTACCCGCGAATCGATTCAGCCTTTCATCACAAAAGCGCAATCCTTACCCAATGGCCCAGAGGTCACGGTGGAGCTACCGGATAGCGGAGACCACTATTATTCAATGATTGATCAAGGCATACCGTCGGGCATCGAATGGATTCAAAGCCGCGTGAAGACTGAAGAGAGAAAGTAAGCTGACTAGCTTCCTACTGAATAAATAACACCCGCCTCGCTTAAGCCTCAAGAAGGCAGTGGCCTGAGAATTTCCGTTAGGACTACGCTGAAATTGGTGAGAGGCAGACTGATCATTAAGTGATCCTTACTTACCTATCGCAGTAAAGTTAAATGCAGTGTTTTGAGGGTTCCCATTTGGACTGCGAATTTTTATAATCGTATTCGATACATTTTTACTGGTAATCATGACAATACGGACATCATTTTGACCTGTAATCGGCGTTACTGTCACGCTGTAGGAATTCGAGGTTGTAAACGATTCCGACCACTGAATGTTGTATTCTCCAGTAGTATTTGTTGTTTTGATGATGGTATAACCCGTGCCATTGGTCGTTCCATTGGTGCCGTTCGTTTGTCCATATAGGACTCTGGTTCCTGCGGCGCCACTCTCAGTTGACACATAATCATCTGCGAGCTTCTCTGCGGTGACCGCACTGTCCTCAATTTGATCTGTTTTGATGGCATCCTCTGCGATATCTTCCGTTATAATCGTCCCATTGAAAATTTTATCAGTCGTTACGGCATTATTGCCGAGCCTGTTATTACTGACAGCAGAAAGAGCAATGTTAGAAGTAGCGACAGCCCAAATCCCGAGGTCGTTGGAATTAATCGTCCCATCTTGAATGTTCGTTGAATGAACTGCATTGTTGGCCAGCTTCTGATCAGTCACTGCATCATTCTGTAACTGCAGAGTGTCTACACTGTTATTGGCAAGATCATCTGTAGTAATGGAATTATTGGCAATTCTTGCTGAGTTGATCGCATTGCTGGCGATTTGATTTCCAGTGATTGTTCCATCTGCAATCTTGTCCGCAGTTACGGCCTTGGGGGCCAGGAGAGCTGTGAAAATATGACCTTGGACAATCTTTGAGGCACTAATGGAGCGATCGGCAATCTTGGCAGTGAGGATGCTGCCGTCGGCAATGGTCGAACCATCCATGCTCCCCGCTGGCAGCGTGGCCGTCCCTGTGACGTTAAGATTCAGGATATCGACGGTTTTGTCCTCCTGAGCTACGAACACGTCCGTTCCGTCGGAGCTTCGCATGCGGAGTATCCCTCTAACGCTTAACTCACCCGGGATGGACACCCATGATTCCTGGTTCACAGCATCACCGCGCTTCCCCCATCTGAGCGCCAGGAAGGGCTCCGCTGAACCCGACGGGAAAATCCCCAAACCACCGCCCAGTGGATGAGAAAGGACAGGCCCGGTAACAGTATCACTACCGAATTGTCGCCTACCATTCTCATAAATTGCCAGTCGTCCCTGGTGGTTATCAGAATGCAGGAAGAGAGTAGATTCGATATTCCAAAGGCTTAAGTTGTTCAAGACAGAGACATTTCCGGCAGAATTCCAGAACAAAGCAGGCGTTTCATTGCCTCCGGAGACAGTGCCAAGGATTCCTCCACCGTGACCAGTCAGCAGTACTTGGTTAACGGCATTAAAATTGGCGAGTGCAGGATTATCGTCGGTATTATTTTTGATATTCGGAAGGTTACCGAAGGTCAGGCCAGAAGGTGTCGTTCCATCACTGAGAAACTGATTCAATGAGGTGAGACCGTTATTACCATCCCAAGGTTGCAGGTTAAGTTTCTGGCCACGCTGCAAGCTGATATCGCCATTGTCGGCAAAGGTTCCCGCACCGATATTGGCAGCAGATAATGTTACCCCGGTTCCATTGCTGATGCTCAAGGTGGTGCCCGAAAGGCTTAGGTTCTGCAGCTCGTTGGTTGAGCTAGCGTCCTGATCGCTAACATCAAGAGTCGTCCATGCAGTTCCGCTTCCAGAGGACACCAATACCTGCCCACTGGTTCCTGCTTGTTGACTGGAATCAAGCAAACTACCGGTCACATAAGCATCACCATCGACATGGAGCTCGGCAGAGGGTTGCGACGTGCCGATGCCAATACGGTTTTGAGCGATCAGATCGACAGGGATCGTGTTAAATGCTTTTTCAATGATCGTCACGCCTTGGTCGTTTGGTGAAGCTGATGCTACATAGATGTAATCGCCGACCACGTTGACACCGAAAAGTTCATCGAGTCGATTAAAGCCGTTCAAACCATCAATCGCTTCACCCAGTAAAACTGGGTTCGCCTTATCACTAACATCAATGATGGTTAAAGCGTTATCATGTGCGGAAACAACATAAGCGAAGTCATTGACAACCTGAACGTTCCGAATGCCCTGTAGGTTGTTAAACCCGCCAACATCATCTCGTATGACTGAAACGAGTTGAGGTGATGCTGGCGTTGAAACATCGATAATACTGAGCGCATTGTCCGCTTGCGCAGAGACAAAGGCATAATCACCAGCAATCTCTACATCGAAAGCCCCCATTAGATAATTAAATCCCCCAACCCCATCCACGAGGCTGCTAACGTGTTGTGGTGAGTTTGGATTTGATATATCAATTATACTTAATGCATGATCAGAAATAGCCGTTGTGTAAAGTAGATTACCCGCGACCTCGACATCTGTCACAAGCCTGAGGTGATCGAATCCATTCACCCCATCTCGGATGACGCCGATGAGTTGCGGAGTTGCCGGGT
NZ_CP136920.1_gap119	5690229	5694973	4744	TGTGCCATTGAGTTTACTGCGAAGATCGTTATCAACGAGACGCATCCCAGCATCCACGTATTCACCAAAACCGGGAGGCTGCCCCAAGTGCTCACCGAACATCATGGCATCATCACGCCCCTGTTCAGTATTAAAGACAGAATCACGGTGATTGTTCCAGTCACTAAAACCGCGTGTTATATTGAACTGTTCCTGGCTTTGCCCCAGGTAACCGGCTGAGGATGCATCTTTGTCTCCTCCATTCTGCTGACCAAAGAAATAACTCGGCACATGCTTAACCGCATCCAGACGATAGCCATCTGCATTGGTTCTATCGAGCTGCCAGCGGGCGGCACGAATGAGCAAACTGTTCACATCCTCCACCACAGGATTGCCCATGTTGTAAATACCATCACCAGCACCTTCGGTGCGGTCAGGGTTGTCGGGAAAGAGCCCTAGGTCGTCAAACGATTCACTCGCTTCACCGGCATCGTGCTGACCATTCGCATTGGTATCATCCCAGGAGAACTTACCATCACCGGCACCTGTGTTCGAAGGGCCCCAACCTGTATCGGTGAAAGGCTCCTTATTCGCAAAAGTGAATACGTTAAACGCAATACCAGTCGATGGATTCGTCACTGAGATCGGTAAATCGGTGTCCAAATAATATTCAGGACTATCGGGCTGACGAACAAAAGAAAACTTGGGATGATCGTCTCCCTCGCTGGGACCGAAGTTGGTATTCGGATTTTCGTGAGCGATATCAATCAAGTCCGCCAGTCCAAGATTCTGCACCTGCCACGTACTGTTCCAGTCACGTGTGTTGTCCCATTTGCGATAAAAGCCTTCATCTGTCAGTCGAAGGTGAAAATCCTCCGGGACAAAACCTTCATAGACATCCAAAGGGGTATTCTCATTGAACCCTGGAATATCAAAGGCATTGTGATTCATGATATTATCGAAGTAGATACGAATACCAAAGCGATGTGCTGTCGCGATCAGCCTTAGAAGCTCCTCTTCCGTACCGTATCGAGTCCGAACTGAGCCCCGGTTGTTTTTACTGCCCAAATCAAATCGATCCCACAGGTCATACCCGACAGAAAGCCCGCCAGAACCCTTGGTCGGAGGAGGCAACCAGATCGAGCCATAACCCGCCTCGGCCAGCTCCGGGATTTTGTCCGTTAGCTCAGCATAATTCGTATTAAAATACTGAACCATGAATTCTGCCCGAGCAGGCATCGCCAAAATGAACAATGCGACACAAAACAGAAAAAAGATCTGTCTGAAAAAATCCTTATTGGGCTGGTAGGATAACATTTACTGTAAGGGTATTGCTTCTTATATTATATAGGAGGGATAAAGGCCGAAGCAAGTGAATGAGAGAATCAACTGATTGGATATATGCTTTCCAATATGACGCATTAAGATGCCACAATATTCACTTTTTTAAACTGATGTACTGTTTGACAGTTGAACCAAAATGAAACAACACTTATTCAACGGTAAAATACGATTAAGTTTGAGCTAACACCATTTTTAGTCATTGTCTTAGGTATTCTACCCAGCCCTATGAAAAAAGTTATTGTTCTATTATCGTTATTTGCAGTATCTCAGGCACATGCGGCCAGTGGCATTTTTGGAGCCTATTTGAGTTTTGATGTGGATTCCGTGATATCCACTTATGGGGAGAATCAGCCAGGCCCCAACACCACAACCGGCTACAACGGATCCGATCTTGGAACCGTCAATACAGGTGAAAGCGTAACACTATCTTTCGCCGAAGTTTTAACCTTTAAAAACGGCGGAAGTGATGTGACTGGAGCCAGCATAAACTTCCGTGTCTACGAAACCGGTTCGCCAAGTGGAGTTTTTACAGAAACAGGAATCAATTTTGGATCAAATGCCCCATTCACAGACATTGCTGGTAACAACTTCACCAATGCCGGCGACCAAAGCTGGAACAATATTACCACCAGCACGGATGTTGCCAATGGACTTTCCGCAGGGAATTACACGGTAGAAGTATTCTGGAAAGCGACCAGCACAGATGGTGATCACTTCGTGAACAATGGTGGTTCCAACTATACAGCCACTTTTGAAGTTGTCCCCGAACCTTCGACTTATGCTGCTTTGTTTGGGCTGGCCGTTCTTGGGCTTGCTGCCTGGAGGCGTCGCCGTTCATAACACGCTGTTATAGATTTTAAAACGATCCCTACCATGAAAACTATTGTATTGCTTGCTGCGACGCAGCTAGCTGTTGGTGCAGTCTTTGCGCTCACAGCCTCAGATAACGCATCCAACTACGGCGGTGGTTGGACGAATGGTTCCAATCAGGGAACTGGTTTTGGCACATGGAGTCTCAATAGTGATGGCGGCACAAGTGGCTTCGCAGGAAATTTTTTAGGAGATTCAACAGCAGGTGCTGGAGATATCAATACAGCTGGTAACTCCTTCGGTCTCTTTGCAAATCAAGATGCTGGTGCCTTTTCCACTGCCACTCGCTCTTTCTCTTCTGCCCTGACAACGAATGATCAATTTACGGCTCAAATAGCCCTGAACTTCGACAACGGAAACAAAGGTTTCAACCTTCGAACTGGTACCGATAATATTCTAGGTTTCAATGTGGGAAGTGGTGGTAGCATCAACACCGCTTTCACTGACAATCCGATCACAGCTCAGTATGACTATGGTGGTAATGATGCAGTCATTGACATTAGCATTCTCGTCACATCAGCAAGCTCCGTCCAATATACTGTTTCGCGAACTTCTTCAGCAGGCCTTCAAGGCATACTATTCAATGGATCCATCACAGGTATTGCCGGATCCATTGACAACTTCGAGTTCTATAACAGTGGCACGGATAATGGTGACCCTCAAAACAATCTCTACTTCAACAGCATTGCAGTAAACCCAGTACCGGAACCAAGCTTCTATGCTGCCCTTGGCGGTATTGTTGCCTTGGGCATTGCTTTACTTCGCCGCCAACGCAGTTAAATACAAAGCACCTCTTTTAGACAAAGCCGCAGATTGTTCTCTGCGGCTTTTTCATGACCCGTCGGTCGACGAACGATTGCAAGTTGAATTTGCCATCAAAGACATCTAGACATTTTTAAACAAATCTCGATGCAAGTAGACTACCCTGTTGTGGTATTACCGCCGAACTTGCGGCGAAAAGCATGTGGCGTCATCCCTCGAGTTTTTTGAAACAAGCGAGCAATATTTGTATCCGTATCATAGCCCATTGCATATGCAATCTCAGCAATGGTGAGATTCGTCTCAAGGAGTAGTCTCGCAAAATGCTCCACCCTACGCTCACGAATGTAAGCAGATATCGTCTGTCCTGTAACGCTTTTGAAATGGTCATACAAAGCACGGCGCGATAAACTCACTGCATTGACCACATCATTCACCTCGATGGGATAATTGATCCGTTCATTGATAAATGCAATTGCGGTAGAAACATCGGGATCGAAAGTCAGCGTCGCATCTGTAGAACGACGCGCAACGACACGCAACGGCTCAACGACTACGTTCACTGGCTTGGTTTGTTTATGCGATCGCCTCGTTCCTCGACTTAGCTGACGTGCGAGTTGCTCGGCCGCATCGTAGCCTGCACGCTCTGTATTCAACGAAACACTGCTCATTGGTGTCGTTGTCAAATCACAAACGGCCTCATCATTGCCGACACCAATCAACGCAATCTCCTCAGGGATCGAACGCCCTACAGCCAAGCATGCCTCCTGCACCAAAAGCGAGAAGTCATCCGTACAAACCATCAGCCCGGTCTGCGACGGCAAATCCCGTAGCCATTGCTGCAAGGTTTCAAACTCATCATTACGATTTAAAAACTCATCTCCTTGAGAACTCTCAAAGATGGACACCTCATGCCCATACTCAGACAAAGTCTCACAAAAACCCTCGCAGCGCAGGCGTGACCAGAAGAACAAAGCGTTCATGCCACAAAATGCAAAATGCCGCAGACCACTTTCGTACAAATGCTGGGCAGCCATTCGCCCTACCGCATAATCATTGACCACGATGTTCGACAGCCCAGATCGGGGCTCAGTCGTCGGCACATACATAACAGGCATCGGCAAGTCCAATAGTTCGTCGTAATGCTCAGATTCGCGAATGATCAGACCATCAGGCTGCCAAGTACGAACTAATTCGACCGGCGACACATGTTGATCGGGCAAATACGGAACATGCCGATAAAACTGCCAAGGCCCATGTAAATTCGTGTACTTTGCAATGCCTCGCAGCAAACCACGCTCATAATTGCGCGTGCCTTCCATAAGCAACGCAATACGCGGGGCAGATGGCAGCACTGACTTCATAACAAATCAGTCAATACTTTAGACAGAAAACAGACTCAAGGCCAAAGCTGCACATATTGAGGATTATTATGCACGCAGAGACATTGTGCAATCTGAAGTAATCTGCTAACATGTTCTATATCGCACGATAGTCGTTACAACGAATCCAAGCCCTGAACTAGAACTCCGATGAGCACACCACAACTCGAGCACGACCGCAGCATACTGCGGGCAGGCGAAGCCAAAGGTGGTCTCGCGCGTATCGGAGCCTACGTTCGACTGTCAGGTCCGGGTTGGTTGCAATCAGCGATTACACTGGGCGGTGGATCACTCAGCACGAGTCTCTTTCTAGGTGTATTGGGGGGCGTGTCGCTCCTCTGGATACAGCCACTGGCCATGGCGCTCGGCATCATCATGCTATGCGCGATTTCCTATGTCACACTCTCGAC
NZ_CP136920.1_gap120	5726164	5729530	3366	AGTCAGCCATCGGCTCAACAGCTGTAACCACGTAGCCCATCTTCGCCAAGGCTGCCGCATTCTGTCCTGCACCAGCCCCTAAATCTAAAATTCTGGCCGGAATCGGCGGCAAGTGATCGAGGAAATCTTTGTTTGTCTCCTTAAAATCAAGCGCCTGGCTCACTTGAATAAAGCGATTAACAGCATTCTCATAACCCTCTGTGCCTTTTGTCGTTTGATGCATCAGAATCAATGCATCGCCTTAAGTCAGAATTTCCAAATAAAAACCAAATTGTACTCTCTAAAAGTTCAACAATTCACAATAGCTCCTTGCCCATCAACGTAATCGAATGAATGATGAGCAGATGAATATCAACTGCGCTGCTACTGTTTTGACGGTGAAAGATGTGGACACATCCATTCGTTTTTACACGGACATACTGGGATTCGAGGAAGACTTTCGTTTTGGGGAATATGCGGGGATCAAATGCGGCTCCGTGCAAATTCATTTATCGCAATACGACAATCCCAACATGAAAGCTTTGGGCGAAAGCAACCTGTATCTGTTTTGCAATGAAGTAGATGACTTCTACCGAGAAATCACTTCCAAGGGTGTTAGAGTCAAAGGTGAACCTAAAGACTATCCTTATGGGATGCGTGATTTCATAGCCTACGACCCCGATGGCAATCAACTAGCTTTTGGTGCTCCAGTAAAAGACGAAAACGCACCTGCAATTAATTCCGATAGCCCAGAGGCACTATTGCGTGAATATGAAAGCCAATTGACCCTCCAGGATTGGAAAGCGGTGGAATGCATGATCCACGATCAGGCTGTTTTCATTTTCACGGAGAGAACCTATCGAGGCAAAAAAGCGATTGCCCAAGCTTTTCAGAAAACCTTTAGCCTGATTCAGGATGAAACTTATAGCATTGAGAATCTGAACTGGTTAGCCAAGACAGACTCAATGGCCTGCTGTGAGTACATTTATAAATGGACTGGTCTGATTGATGGTCAAAAAGCATCAGGCGAAGGGCGCGGTTCATCAGTCCTAGTCCGAGAAGATGACAAATGGTTGATTATCGAAGAGCACCTTGGACCTAAGGGTAGAAATGAAGCAAACGAATAGGATTCATTTTTGCATAGCCTTGGAGATACAAGGAATGCCTTCTTTGCGCAGTTGATTGTCCATACAAAATAGCTATCTCCAAAAGAATAGAGGCTGTCTCAATGAAATCAGAGACAACCTCCAATCCAAATGCTATTTCAAAATCGGTTCAATGGCGGCTCTAACCTCATTGCTTGCTTCACTAAACATATAAGGCTTAGCAATCGTCCCAGCTTCTACAAGCGCCTGAACAACAGCAACATAATCACCATTTGGGTTGGCACAGTTTTTTGAACCATGCGCAGCCCACCCCAAAGGAACTCCTTCGGGAGGCTCGTTTGCTTGAATGTCAATAGGCGCACCATGCTCCAGCAAAAGTTCAACAGCCTCAATATTCCCTTTCCATGAAGCCATATGCAAAGGGGTACCACCCCAATCGGATTCGCCTTTTTCCGTAATATCAAAACCAACGGTAAGCATTGTTTTAATTGCTGCTATATTATTATCGTCAGCAGCTTGGACTAAACTCAAACGCTCTTGCTCAGTTAAAGATGAAAATAGCTCAGGAGAACCTTTAAGAATACTTTGAGCCTTCCCAGTGTCGCCTGAAAAACAAGCCGCAAGAAAACGATCTGTCTCACTCAATTCAGGCTCAAGCGCACCATGCTTCTTAAAACAGTTAATAATCCCTGTATCACCTTCCAACAAGGCTAAGTGATATGGAGTCTTCCCATCTTTGCGAGGCAGATTAGGATCCGCACCATGCGAAAAAAGCTCTTGAATGATATCCACAGAGTGCCTCTGACGAACGGCACAATGTAAAACAGTTTCCTGCTGCTTCTCACAAGGCACATTGGGATCAGAGCCGTTTTCCAACAACCAGGTAATTCCTTTTGCAACAGTTGGCCATTGATGACGATTTTCCTGCCAGCCCATTAAAAAGAAAAGCGGACTATTCTGAAAAAGCGGATGAGGCGTGGAGATGTCTTCTCCGCGTTCGAGTAAAAGCTCCATACACTCCAAGTGATAGTTTTCGGCTGCATGATACATCGACTCTCCATCGTTAAGCTGTGCCCCGGCATCAATCAGGATAGTGGCAAGAGCTGGGTTATTCGTGATACCACAGGCTCCATAGAGTGGTCGCAATGGACTGTCAGGCCACATAGGGTGATCATAAAATACATTGGGATCTGCCCCATTTTCCAGAAGCAACTTCGCTGAGATTAAAATGTTCTCAGCAATGGTCGCATTTATCCGATGCAAATGAGAATTACTTAAATACAAAAGCGCATCCCAGTTTTCTTTTGGCCCTCCGCGGCGAGACAGGCTTTCAGGATCCTTTTCCAAGAAATCCTTCAGCTTCTTATGATTCCCAATCACTGCAGCCGAATAAAAATTGGCATCTGCTACATCAGGAGTTTCGGCAAGGATTGTTTGAGCAATGCCAGTGCGTCCGTCTACAGCTGCCTGAATGAAGCTTTTGACTTTTTCCTCGAAACTCTGACTCAATCGCTGAATCTCATTTTTAAGCTTAGGCCAGCTTTCAAACCCATATTCAATAGCAACAACCCATTGGGCATCGGCTAACCCCATTTTCTTTTTATTTAGTTCTTCTGAGGACAATCCTCTGCATTCGGGGTGTGCAGTTTGGAATCGTCCAGTAAAATCAGGCTTCTGCTGCTGATAGCCTTTCAGCAAATCTTTTGCCTGATACTTTAATTGGTCCAGAGACGGACGCGACGGTAATGCCTTGTACATAATCCCTCCATTGCTACATTGCGACTGTGGCCTGCCCCCAGACAGCAATAGAAGTTACTGTCATTGATTATGTTTAAAGGTGAACTCAGTTCTTTCCGCAGGCCCGGTAGCTCCCGGAGAGCATGAATGTCATAATGCCGATAGAAATTTAAATTAAGCAAGAAAGAACCATCTGATTAGTAAAGATTCCACTCCTACGAAATTGAATCAGTCTACTTGTAGTGAAATCTAAGCAATGCTCCCATGGGGCCACCTGAAGAATTGCAGAATAAATTGGAAATAATCCTTGCACATGAAACTCATTCTCAATTTAAGCTTTGAGCATGAATGTGAACCTACCTAATGAAACTGTGCATATAATCTTTGGCACTATGACCGGGAATGCAGAAGACTTGGCTGACCGCTTCGCAAAGCGTTGTGAACAAGAGAATCTCCCCTACTCTCTGACATCAGCAGACAACTGGCCGATGGAGAAATTTCAATCAGCTAAACGTGCCGTCCTCATATTTTCAACTTGGGGCGA
NZ_CP136920.1_gap121	5739078	5742236	3158	TGCCAAAGGTGTCCCGCAAGCACGACTCGATGCAGAGCTGATTTTTGCTCACACCCTTAATTGTAAGCGGCTTGATCTATATCTGCAATTCGAACGCCCGATTACGCCATCAGAGGCTGACCTCTTAAGGCCCCTGATTGTTCGTCGAAGTAAGCGAGAACCACTGCAATACATTCTGAGCAGCACAGAGTTTTTCGGACTGACTTTGAAATGTGATTCCCGTGGCCTGATACCACGCCCTGAAACGGAAGAACTCGTCGAGCATCTGGTTGAGTCCTATAAATCCGATTCGCCAAGTGAAATCCTTGATCTCGGCACGGGCAGTGGATGCCTCGGCCTGGCATTGGCAAAAGCTTTCCCGGAAGCGAAAGTCACGCTAGTCGATCAATCGGCAGATGCCTTGAAGCTAGCCGAAGAGAACGCAAACAGCAACGGACTTTCCGAACGAACAATCATGATCCAATCTGATTGGCTCTCGATGCTTCACGGTAAAAAGTTCGATCTGATTGTTTCCAATCCACCTTACCTGACTGAAGCGGAATGGGAAAGTGCCGAGCCAGAAGTCAGCGATCACGAACCAAAGGCAGCATTAGTCGGTGGTGGTGATGACGGTGGTGATGACCTTAGGCGTATCATCACTGAGGCGCCTGATTTCCTAAATGCTGGAGGTATGCTGGGCATGGAAACCGGCATAAATCAGCATTCATCTTTGAAAGAAACAGCATCAGTAACTGGTCTGTCGGATTTCCGATCAGAAAACGATCTTAGTGGGCGACCTCGCTTCGTTTTTGCAAGGCGTTAAGCCTTCCGCCTCAGGCTGTGTTTTCAGACCTCGGCCTAGGCTGTGTCTTCAAATTAGCTCATGTCGAAATCCTCGCCGCTTTTTCGCCTAAAATCCATGTCCTCCCCTCGACAAATCTTGATTTGCCTCGGCTCGAAGCCTGTATTTTGGTGCGAAAAATCAGCTTCGGCTTCTCGTTCCATAATTTGAAAACACAGCCTAGCCTTCCAGCTTCAACGCATCCCAAATTCCGGACATTTTGAAAACCTTCTTCACCTTTGGGTCTACATTAACAACCTGGAAGCGCTCGCGGCCTACTTTTTTATTAACCGTCAAAACAATCCGTAGAAACGAGGAAGCGGCGAACTCGACCTCTTTCATATCAAATACGACTGGCAGACCAGACGATTCGATCGATTCTTCAATCTGCTTCTGAACTTGATTACAGCGCTCTGCATTCATCGGCCCTATAAAGGCGCATACAAGCGTGTTATCACCGGACTGGATTTGGACAATATCTGCGGACATATGAAGTGTAGCAAGTTATGCTGATAAGATTAGACAAAAGACAAATACGTCAATTGACAATCGACTCAACTTTAACGATTCCCTCAGCTTTTCTGGCCGGGCACGGTAGATGCGACATTCTGCGCAGTTGAGTCATCAAGGTCCTGAGCCTCAATCCAATCTGCCATTATGCGCAAACTTTCGCGGAGATGAATATCGAAATCAGGCGTTTCCTCTTCATCAATTTCAAGATCCTCTGGGATCTCTGCAGCTGCGACAACGGCACCAACCTCAGCAGAGCCATCACCATCGATAATTTCGGTCAAAGGTTTATCTTCGAGTGACTCCTTTTCTGCAACAATGGCATCATGCTCAGCCTGCTGCTCCAAGGCAACCTGCAGCAGGATTTCATCAGAATCGAAATTCATTTCAGACAACTCCTTCAAGCGGTCTTTCATTGTATCCCGGAACTCGAGATCCTTTTCACGTTTGGCCTGTCGGTTGTCCAAATTAAGCGAAAATTCCTTTTGTTCCTGACGTAAACGGAACCAATCAATGTTATCGGTTAAATAATCGAATTCATCAAGGGACGCTTGACGTTGGAGGCTTTGCTTACGAAGAAAATCTATAAGAGTAGGCTTTACCGAAGACTCTTCACCCCTCGGACTTAGATCATAGTCCCAATCGAGTGAATCAATACGATCCCAGGCAAGTGCGTTGGGCAAGTCACCCTCACCAATGGGTAAGTGCATATTCAAAGATGGGAGGACAATATCCGACTCCACACCCTTGATCTGAGTCGAGGTTCCATCTGGAAGATAGTACTTCTGAATAGTGACCTTGGCAGCACCTCTTCGTGGTTTCAGCATAGAAAGGAAATTGGAGCGATTCATTTCGAAAACCGCCTGAACAGTGCCTTTACCGTGGGTTTCGGGATCTCCAACGATTAACGCACGACCATGATTCTTAAGTGCACCTGCGGCGATCTCTGATGCACTCGCACTAAAACGTGAAACAAGCACCATGAGTGGGCCATCCCAAACCACTTTGGGGTCCTGATCGAGATACTCCTGAACATGACCGATGTAGTCCTTAACCTGAACAACAGGTCCGACCGGGATGAAAAGGCCTGTAAGATTGATCGCTTCCGACAACAATCCACCACCATTATTACGGAGATCAAGGACAATGCCTTCTACCCCGATTTCCTTGAGCTTGAGGACCAGTTCTTCAACATCTTCAGTGGTGCTGGAGTGACCCTTATCAGAATCACCAGATCCATAGAATGCTGGCAGATCGATAACACCAATCGGGATGGTCTTATCACCACTGGGAACCTCGAAAACCTCGGCCCGCGCCAGTTTGGCCGTCAGTTGAATCTCATCACGAATCAAATTAACCGTTTTTCGCTCAGATGGGTCACCTTCGCCTGGCTTGATTAAGAGTCTGACAGTCGTGCCCTTTTTGCCGCGAATCATCTTCACGACTTTGTTAAGCTTCATGCCGATGACATCAACCATCTCACCCTCTTCGCCCTGACCAACACCAACGATCTGATCTCCGGAGCTAAGTTGCTTGCAATACTCTGCAGGACCTCCGGGAAGTAATTCACGGATTGTGCAATAACCTTCATCGTCGGAAAGCAATGCTCCAATCCCTACGAGACTGTTGCGCATGGCAATTGCGAATTCCTCCAGCGTATCCGCCGACATGTAGGTGCTATGGGGATCATACTGGTGCGTCAGCGTTGTTAGAAATACTTCCTGAACCTCAGTTGGTTCGATCTCCCCTACCCACTTGGCTACACGTTCATAGCGCTTGCGAATCTCCTCTTTTGCCTCTTTGAGCTTTTCGTCAAAATCGTCAATTT
NZ_CP136920.1_gap122	5756485	5761372	4887	CGGGAAAAAGTGACTCACCCAATAACTGGCGTGATTACATATACAAGCCTCCAGCGTGCATGAAAAACACAGCCTAGATACTTTTAGAAATCAGTGACCAGTTAAAGCAGCGGGTGCTTTTGTCTCCTGACCATAACCAGCCCTTTGCCATTCGGTTAGGCTGATTCGATTTTGCTCACCATCCAAGCTGAAAGGCCCTTGAGCGAGATTACGAAAGGAATGAAAATTCTTCCGACTGGAATCGTCTATTACAATTGACCCACGAAAGTCATGATCAGTCACAAGATAGTTCCTAAATAGAATGTTACCGAAACTGCCAGAATTGATATTAATGCACCAACGACCATCCGCAGACTGCTCAATTCGGTTGTCGTATATAATGTTACGCGTCGAGCCCGTTGCACCATCAATCCGAAAAAGAGCAATGCCTCCACCATGATTGCCCAACATGATATTTCCACGAATTATAGAATTACTCACACCATCCAAGTTTAACGCGGCACCGCCATCACTACCATTGTTCTCAATTGTGTTTTGCTCTATCAAAGTATCAGAAATGATTCCATCACCGCCCATACTGGCGTCCGCATTCAACTGAATACCACTTCTTGCATTATCGAAGACGTGATTATTTCGAATCGTCACATGATCTCCACTGTTCGACACATAAATACCATGCTCACGCAGAGAACCACTGGATGAATTGCCACTTAAGAGCAACTGGCTGACAAAACCCGTAAATATTCCCCAGTAGCCATTATCTTCAACAACACAATCTCTGACTATTATGTGGCTCGAATCTAAAATACTAATCCCGGCGCGCTTCGCTCCGCGCGAACTTACATTCTCCAGAATTAGATACTTCGAATCAGTGATACTAATGTTATCCCTTGCAGATCCTTCAAAAATCACCCGAACAGCATCGCTGCCTCGAATAATAATCGGGTGCTCAGCTGTCCCACTCAGAGAAATACGAACAGGGTCATAAATCCCTTTCTCAATCGTAATACAGGTTCCAGGACCAGCACTCCTCAACGCATCTCGAAGTGAAGCAGGATTGCCAACCCCAATGCTGTTTAAGCAAGAGGAATTCCCCCGAGGAACCCAAGACTCATCAACACCGCATTGGTCCTCATACTCCGCTATCAGTGGCGTTACCTTCGAATCCCAAAACAGAGCAACATCAGCCGACGATGGACTTGAGACAATTTCCCTGAACCCAAGAACAAACAGTAAAAGAATGGCAGCAAGCACTAGGATCCCCTTTCTCATTACGACTCGAGTGTTTATCGACAGTGCTGGAATTTCAATTGTGCAATCATGGCATAAGGGCTAGCTCTGCCATTACAGCCCGGTGCTGTGCACCACTATCAGGCTCCACCTCAACCTGGTGAACCGAAAAATGCTCTGATGCAAAAATATAGTCAATACGAAGAACTGGGCCATAACCCGTAATCAAATGGCTACTCTTACCCGGGAAAGTCCAACCAAAGCCAAAACCCTGTTCAGCAAAAGTGTCATTAAGCACACCTGCAAGACTACGCTGCGGGAATCCGCCTGGAGTGCTATTTAAATCTCCAGCCAGAATAACAGGAAGAGGCTCTTTAGCCAATTTGCCCATAAGCGCATTAATAGCAGATTCCCTTTCCCTGCCCAGCATCGAAACAACAGACGAGAACTCGCGCCATGGGAAATTCCCCAACCTCAGCTCAGACCACAAACTGTAAGGCCTCAAAATCTCAATAAGTGGGCGAAATGTAGGCATATGAACGGTATAAACTGCAACCAGCCTCTCGCCAGGCAACTCAACAACAGCACGAAACCCGTAAGCATTTGCAGGTAATCCAGGGCTCTCCGCAATGGAAAGAAGCTCCTTACTCACGATTGGGAATCTACTCAAAATGACATAGCCACTATCTTTTTCGACATTCCACGATTCAGTATCCAACTCACCATCAGCAAGTTCCCACTCTCCAGCCTCCTGCATTGCCACAATATCAGCCTGTGTTCGCTCAACAAATGCCTTTATTGGATTATTGTCATTCTGCCCGCGATTACTCCCAACCACTCTTATGGGCCTAATGTCCCCAGGCGCGTAATTTGGCAAAGAGATAGTAAAACCCTGAATATACGCGACCAGCAGCAAAGAAACAACAAACCAGACTAATGCCTTTCGAAATGACCAAAATATCAATGCAGGTAACCAAGCAAGAAAGAGCATCAATGACGCCAAAGGCACTGGCACCATAAGAATGAGATCTCCAATAAGCAGGGGGAAGAAAGAAAACCTCGCAATCAGGAAGGAAAAAACACCTAAAATACTGCAGAAAGCCCCAAAATAATGCCAATGTGCGTGAATTTTACAGGCTAATTGGTACCACATATGCTTACTACTCAAATACATCTAAAATCGGGCTACTCAAAGCGTTCATATTGATAATCCAATCCGGTAAAGACACTATTATGCAATTCAAACCGTCCCTCATCTTATAGATAATTGTCCCGGAAAGAGAGAAAAGGGCTATTTTTTTAGTGACTCCTATTAAAACCAGTATATTCATGTCAGTCGTTCTGAAAGTCCTGCTTACGTACTTCTGACGCCAAAAAATACTATACTTCTATGACAAACTTGCTACAGCAAACATCTGTTGTCGATCGCATCGGTCGTATCAGCTCAATGGTTTCCTCCTTCAAGAAACCTGTAGCCGTCGCAATCCTAGCTACGGCCGGCAGCGCTTTATTCAACTCTGCACTAGCAGCTGATGGAACCATCAAGGCTTTCCTCGTCCAAGGGAATGTAAAGATAGTTGATAATGAAAGCGGACGTTCAACTCCACTGAAAAGGGGTCAGACTTTTGGCGATGGGTTTACTGTAATTACAGAAAGCGATTCATCTGCGCTGCTCCTCTTTTCCAATGGATCAGCAGTAAATGTTACTCCTGACAGCAGCTTAGAGCTAAAAGAATTCACTCAGGATTCAGCGAATACGAATATATCTCTGCAACCGGAAACAAGCGCATCCAAAACAGACCTAAAGCTGGACTACGGTGGCATCATCGGAGAAGTCAAAAAACTGAATCCAAGTTCCTCCTACACCGTTTCCACACCTGCAGGCAGCGCAGGCATTAGAGGAACAACTTACGAAGTTTATTATAGCGAAGCTACCGGCGAGACAACAATCAGAACAATAGAAGGTACTGTTGTCGCAAGCTTTGAAGGAAATGTGCTGAATGTTCCAGCTGGCGAAAACGTCCAAGTGAATGAAAGTGGCTTGGGTCAACTTGCAGCGAATAACCCCCAGCAAACATTGGCCACACAGCGGATCATGGCCGCATCCCTAGCAGCAGGAAGAGCCGGTGAACAAGCAGAGAACGCTGCTGGCGCCGCTGGTGTGCTAGAGGCCGACGCAAGAGATTTTGGTGATTCTGCAGCTACTGCAGCATTTGCTCAAGCAACACGCGATACGGCCAACCTGACAACACTGGATGCCATTACGGCTGCTGCCAATACTGCAGAAGCTAACACGGTGGCCGCCTTCCAATCTATAGTTAACAATGCCGTTGGCGACCAACCGCAATCAGACGTCAGCCGTATTATTAAAACAGCTGGTCGTATCGCAGCGCGTGATGTAGTCAATGGTGAAAATGTCCAGGACCTGAACATTCCAAATATCGTAAGCCAGGCTGAACGTATCGATAATACAATAAACACAATCGATACGGAAAGAGGCGCTGGCTTCGAAAACCTACCTATTGAGGGAATTCCACAAAGCGGGAACTAACTCTTTAAATTTCTTTCAGTCTATTACACCAGCGAAAGAACCTGTATTCTTCTATACTAATGAAATACTGCTGCAGTAAACTAATGTCTACATACACGCGCCTTGCAAGATACGCCATTGCGTCTTCAATTTTACTGACACCGATCGTCAGCGAAGGTCAAATAGCGATACACCAAAACAGAGGTGACGTTACTCAAAGAGATTACAATCTACGAATTGGAGAGGCAGAACTGTCACTTGGAAGCGGGCTACAGCTCACTTACGATAGTAACTTCAATCGAGCCAGCAATAACACAGCAGGAGGATCCTACGCAATCGCGCCTAGCCTTCAGCTAGGAGTATATTGGCCAATTTCTCCCTATATCACTTTCGATACCAATATAAGCATCGGCTACCAATTTTATGTCAGTGGCCCTGGGGAAGACGGTTTGAGAATCACAGGTCTTGATGGCCTCGGGACAGCAAGCACTTTCAATCTTGAATTCCTCATTGGTGATGACTCGCTAATCAACGTTTACAACTCATTGTCAGCCACTATCGATACTGTTCAGACAGGAGCGACAGCAGGTGGCGGAACAAGCGGGAATGTCAGGAACGAACCCTTCCAACAATATACGTATGTTGCTGGTATAGGCTATGTTCAGAGGCTCACTCCTTACACTCGATTGAATGTCAATTACGATTTCCAACTTCGCAGAACTCCTGACTCGACTTTCAACTACATAAATCGCATTACAAACACACCATCCGTTTCCGTAGCGCACCAGCTAAACCAAAACCTAACGGGCTCACTCACAACCAGTGCAAATTTCTATGACTACTCAGAAGATCTGCACAATAACGGTTTCAAATACCTCTTTGGCGGTGGCCTCGAGTACATAACAGATGGCGGTCTCATTGTTGGCGGTGAGCTAGGCGTTGAATACCTGGACTTCAGCACCAGCAATGATCCTGCAGCAACTGACGCAGATAACGTAAGCCCTTATGCCAATGGTTACTTGCAATTCAAGACTGGCGAATTTCTCACCCATACTTTCAGCGGAAAATACACGCACGACGCAAGTAATGGCAGCTTTGCCAATCCTGCTAACCCATCACAACTGCTT
NZ_CP136920.1_gap123	5768533	5773121	4588	GGTTTATTCCCCGCTAAGGCGAAAGCCTCCTGGCGGACAGAACTAGGATTCTTCTACAGCGTGATTCTCTCTCGCTACCTAAGCACAAAAATTGGCTTTGCCCACTTAGGGGCATCCGGCCAAGGGCGGCAGCAACTCTTAGTTGAAGATTCGAATGCATGCGGCTGCGTCTCAGGATATCAGAACATTTCAGACTACATAAAATTATGAATGGCCCAAAGAGCAATGAAGCCAAAGAATGGGACTTGATCATCAAGCCGCAACATAGCTTGCTGGATTTACATTTAGACGACCTTTGGCGCTATCGCGACCTAATATACATGTTTGTGCGTCGCGACTTCGTGACGCTTTACAAGCAGACAGTTCTAGGGCCCGCATGGTTCATCCTGAATCCATTGATAGCCACGATCATGTACACAATAGTTTTTGGCAACATCGCCAAACTTAGCACTGATGGCTTACCTGACATCATTTTCTATATGTCTGGCACAATCTTATGGGAGTATTTTTCTCAATGCCTCCTAAACACTTCGAATACATTCCGATCCAACGCAGGAATATTTGGTAAAGTTTACTTCCCCAGATTATCAGTCCCTTTTTCAATCACAATATCTCAGCTATTCAAATTTGCCCTTCAAGTAACATTCTTCATGTGCTTCTGGCTATATTTCTACTTGTCAGGAGCAAAAATTCACTTCACCTGGGCAGCAGCGCTCTTCCCTCTCCTCGTGGTGATCATGGCAGGAATCGCCCTAGGATCAGGGATTATTATAAGTTCCTTAACCACAAAATATCGCGACCTTGAAAACTTGCTGTCTTTTGGCGTAAGGATGGCAATGTATGCGACTCCAGTTGTGTATCCTCTTTCAATGCTTGCTGAGTCTAAATATCGGATACTAATCCTACTAAACCCCATGACTCCAATAATAGAAACCTTCCGTTTTGGATTCTTCGGAAGTGGCAGTTTCTCCTGGCTACATCTATCATACAGCGCTGCATTTGCCATTGTCTCTTTGTTTATTGGAGCAGTCATTTTCAATCGAATTGAGAAAAACTTTATGGATACAGTTTAAACAAACATCCGCGCCCTATCCTATCCAATAGACTTTCACCACGAATACTAAAAGCACTGAAAAACAACAATATAGTTATTAAGGTAGATAATGTATCCAAGCAATACCGTCTAGGTCTGGTTGGAACAGGAACCCTACAACACGATATCAATAGATGGTGGTGCAAGTTGCGTGGCAAACCAGACCCATACCTTACCGTCACAGAAAGCAATGATCGATCTCAACTAGGAGACTCAGAATATGTTTGGGCATTAAAAAACATAAGCTTCGAAGTTTCAAAAGGTAAAGTATTAGGCATCATCGGGCGTAACGGTGCAGGCAAATCTACATTACTTAAAATCCTAAGCCGCGTCACCGGACCAACAACTGGGCAGATCAAAGTGAAAGGGCGTATCGCCTCATTACTCGAAGTTGGTACGGGATTTCATCCTGAACTAACTGGCAGAGAGAACGTTTACTTAAATGGCGCGATTAATGGGATGACTAAATCCGAGGTAACTCGAAAGCTCGATGAAATCGTAAGCTTTTCAGGATGCGAACGCTATATAGATACACCCGTCAAGCGCTATTCATCTGGCATGAAAGTCCGCCTGGGCTTTGCTGTAGCAGCCCATCTCGACCCTGAAATTCTTATTGTTGATGAAGTGCTGGCAGTCGGGGATGCGGAATTTCAGAAACAATGCATTGGCAAAATGAAAGATGTTGCAGGTGAAGGCCGCACAGTGCTCTTCGTAAGCCATAATATGGCAGCAGTGAGGAATCTATGCGATGAGTGCATGATCATTTCAAATGGCAGTGTCGAAGGTATATTCACAACTGAAGAGGCCGTGTTACGGTATCTGGGAACAAGAGACGAGAAAAAGCCAGTAATCGAATGGAAAAACGACAGTGGTGCAGATGGCCAGTTCCTCAGCTTAAAGGTAACTGATAATGATCATAAAATTCGAGAGAACTATGAATGCGATGAACCTATCCGAGTGGAGTTCAAATATCGCTTAAATAAGCCTTCACCAAGTCACTATTTAACAATGCAAATCCTGACAGAAAATGGTTCAGTTGTGTTGTTTTCCGACATCAGAGATAATTCCGGCCATTCATCTAATATTGTAGCACTTGGAGACAATAATATATCCGTACAAATTCCCAAAGGCTTACTTGCTCCTGGCACTTATGCGATCAAGCTGGGTAGTGCGGATAAAGAGGCACGTAAGTTAGTACACCAACCTGATGAATTATGTTTCTTTAGTCTAGAAGACCTCAAGAGTCGAAGAGCAAAGAGACCTGGCGTGCTTCGTCTGCTTCTACCATGGGAAATATCACCATCACCAAGCTCTGAAAACGCTGAGAATGTCACCTACTCGAACTAATCACTCTAAAACAAGCTACTTAATGCACGCTGAAGCATAAAATCCATGCCTGAAACATTAGCCATTATTCCAGCCCGTAGTGGATCAAAAGGCGTTCATAACAAGAACATACGTGACATGTGTGGCACTCCGTTGCTTGGATGGACAATAAGTGCTGCCATCAAGTCGACAAAAATCAATCGTGTTCTCGTTAGCACTGATTCAGAGCAATATGCTCAAATTGCTCATAAACACGGTGCTGAAGCCCCTTTCCTGAGACCAAATACGATTTCGAATGATACAGCATCATCCGAGTCGGCTCTCTTGCACGCTCTCAACTGGCTTCAAGAAAAAGAAAAATACTCACCAGAATTTATTGTATTTCTACAATGCACATCCCCCTTAACACTGGCAGAAGACATTGATCGGTGTGTGGAAAAACTAATTTCAGAAAATGCCGATAGCGCTCTAACAGTAGCATCATCTCATACATTTCTTTGGAAAAACCTGTCATCTGGAGCCGAAGGCATTAATCACAACAAAGCCATCAGACTAAGGCGCCAAGACATGGAGCCAGAGTTTAGGGAAACCGGTGCTGTTTATGCCATGAAAACAGAAGGTTTTCTAAAACACAAACACCGGTTTTTCGGCAAAACCATCCTAAGCACTGTTCCACCCGAACGCTCATACGAAATTGATAATGAAAGCGACTGGCTCGTTTGCGAAAGCCTCTTGAGAAAACGTATACAGACAGAAAAATTCGCCACAATACCGAATAACTTAAAGGCAATTGTATTTGATTTCGATGGAGTCTTCACAGACAATCGAGTATGGGTAGATCAAAACGGAAATGAATCAGTGGCATGCTCACGTTCGGATGGCTTAAGATTAAATGAACTTAAAAAAGCCTTCCCCAGCTTGCAGCTACTTATACTTTCCAAAGAACGCAATCCAGTTGTATCAAAGCGAGCTAAAAAGTTAAACCTATCCGTTCTTCAAGGGGTAGATCAGAAGAGTCAGTTCCTGGACAATTGGCTCCAAGAGCACAACTACAAATGGTCTGAAATAATCTATGTTGGTAACGACCTAAATGATGTAGAAGCGCTAAGACGTTCAGGCTGCGGAATTGCAGTCAATGATGCCTACCATTGCGCAAAAGACGCATCAAACATCATCCTAGACAATCGAGGAGGGAATGGTGCAGTTCGAGAATTAATCGACATACTACTTTCAACAAAACTGAAACAAGAAAATCTTAAGCAATCATAAAAAATATGATCTCACTCGATAACTATAATCCTGCAAAAGTAATTGCAGAAATTGGATGTAACCACAAGGGGGATATGGCTATCGCTAAAGAGATGATTACGACAGCTGCCCTATTCTGCAAAGTAGACGTCGTAAAATTCCAAAAGCGAAATCCTAAAGAATTGCTCTCCAAGGAGCAGTACAACTCAAGCCACCCGAATCCGGAAAATTCTTATGGTCAGACTTATGGAGCACACAGAGAATTCCTGGAATTCAGCATAGACCAACATCGAGAGTTAAAAGATTACTGCGAAGAACTAAAATTAGTCTATTCTACATCAGTATGGGATCTTACCTCTGCCAAAGAAGTAGCAGATCTTGCCCCTGAGTTAATTAAAATTCCTTCAGCCTCCAATCAGCATTACGAAATGCTTGGCTACCTGTGTGACAATTATGAAGGAGAAATCCATGCTTCAGTTGGAATGACCACCCATCAAGAAGAGGACAACCTGGTATCTTTCTTCGAAAAAAAGGGACGGGCTAACGATTTAATCTTATATAGCTGCACATCGGGGTATCCAGTACCCTTCGAAGACATATGCCTACTTGAAATCAAACGCTTAAAGGAAAAATTTGGTACGAAGGTAAAGCAAATAGGATTCTCTGGCCATCATCTGGGAATTTCAATTGACACAACTGCCTACGCACTCGGCGCCGAATGGATTGAGCGACACTACACCCTAGAAAGAACATGGAAAGGGACCGACCATGCGGCATCATTAGAGCCAGATGGCCTTAGGAGATTGTGTAGAGACCTAAAAGCTACTCATAAAGCGCTAAGCTATAAGGCAGACGAGCTTCTATCTATCGAAAAGCAGCAACGAGACAAACTTAAGTTCAAGCCTCAATCATAGTGAAATC
NZ_CP136920.1_gap124	5774224	5777125	2901	CTCTATATTTTTCGAATCATCCACCACGTATACCTTTTTACCCACAAGGAATATCGGAGTTTGGGAGGACATTTATGCCTATAACCCAGACATGAAATTCATCTATGTAGTACGGAAACCAATAGATGCAGTCATTTCTCGATATATGCATTATTATGAAAGAGGCCTTATTGACTGCACATTTGAAGAAGCGATTATTAATGACAGGGTCTTTATTGATTTCTCACGCTACTTCACACAAATATCACCATACATTGAACGCTTTGGAAGAGACAATGTGCTAGTTCTTGATTTTCATGATTTAAATAATGAACGAACAGCTACACTCAAGGAGGTAGCTAGCTTTCTGGATATCGATTTCTCAGGCTTCAAAGAATACGAATCAATGCACAGGAATATCTCTGTGGGTGGTCGCAAACCTAATATGAAATTCGACAATCTCAATTTCAGCCAAAAATTATTGAAAAAGTTTTTCCCAGCATATTGGGACAGAGTAACTCGAAATAGCGAGAGAGGCTTCAAAGAAAAACCAAAGCCATCCACCAAAGCTATTACACTGATAAACACTATGATGAGACCAGAGATAGATGGCTTAGAAAGTATTATAAACAAAGACCTTACAGGTTGGCGAACTTAGTTTCTGAAACGATAAGATAAATAAATCCCACAATAGATCATGCTCGGGCTGGCAATATACTTAAAAAACAACGCTCTCAGAAGCATAGGTGCAATCAGAGCATCTGCTCGCCCCATTACCGGCAAATACTTCAAGCAACTCCCCACGGTCCTTAATCTGAACATCATAGACATTTGCAATTCGCATTGCAGAATGTGCAACATATGGAAAGAGGAAGCGAAGACCGATATAACTACAGAAGAACTTGAGGAAATTCTATCAGATCGCTTATTTCGAAAAGTCAAGCATGTTGGCGTAACTGGCGGAGAACCAACGTTGCGAGATGATATTGTAGAAGTGTTTGGCAGAATCATCGATACATTACCCAACCTCCAAGCTGTGAGCATAATCACAAACTGCATCAAAGGTGAAGATGTCAGATCCAAGCTAACTCAAATAAGAGATCTCTGCCAATCCAAGGGTATGCCCTTTTCCATAATGATATCAATCGACGGCATAGGCAAAACCCATGATTATATAAGAGGCACAAAGGGTAATTTTGAAAGTGCGATAGAAACATTACGCTATGCCAAAGATGAACTAAAGATCACACCAACCATTGGCTGTACAATATCCAAAGGGAACGTATGGAACATGGACAGATTCTTGTATTTCATAAAAGAAAATGGTCTCGTCGCTCGCTTCAGAGTCGCAGAATTCATTGTACGATTGTATAATGAAAACAGAACTAATGATATTAGAAATTTCTCCGATGAAGAAACCTATCAGTTAAAACTCTTTTTCACTAAGCTACAACTACACTACGAACATAACACCACTTATCGACGCACTTATAAGAACATTATAGGGATGCTCGATGGAAACAAGAGAGCTATAGGCTGCCCATACCAGCATAGTGGCATAACTCTGGGCTCGACAGGGAAATTAGGTTATTGCGCTCCTAGATCCCCATTCGTTGGAGATTGCAAAACAACGTCTCCACACAAAATATATAAGAGTAACATAAAGAAACGAACAGATATCCTCAATAAAGACTGTAATAGTTGCATCCATGATTACCATTCGCCTGAAAACGTTTCTGAACTCTTAGCAGATTATAAGTATAGATTCTTTTCTTCATTGATAAGAGGCAAATTTCCCGATTTTGCCACCAAAGCAATTATAGCTACAGTTTCAAATCTCACCGGTATCAACTCCGATAATTGTATACTCATCATTGGTTGGTATGGCACAGAAACCATTGGAGACATTGCAATTCTTGGAGGCATCATAGAAAAGTATAAGGAAAATGAGCCAGATAAGAAAATATTTGTGGCCAGCTTTTTTCCATGGTTCACTAGAAACAGCTTAAGAGATCTTAAATGTGATGCACATGTAATAGATTATGCCTCAAGCGACTACATCCATCTATGTCGCAATGCGAGCATTGTCGCAATGGGAGGTGGACCTTTGATGGAAATCGATGAGTTGCGGATAATTGATTTTTCCTTTCAACAAGCCAAGCAGGCACGCAAGGAAGTACTAGGATGTGGAATAGGCCCACTTTATAGCGATAAAGCCAATGACATGGTCAAAAGTATTTTGACATTAAGTGAAGACGTACAACTAAGAGACACTGCGTCGGTAAAAGCTGCAAAGCAACTGACCCATAAGAGCAAGGAGGTTTCCCTGAGTGGAGACTTTGCAGAGTTCTACATTCAAAACAATCCAGCGAAACGAGTTGGGAAAAGCAATACACCCACAATCAATTGTTTTCTTAGGGAACTGCCCTACCAGTATTTCAAAAATTCAACCCCTGAAGAATTTGAAACAATAAGCTCAGACTTTGAAAAAAACATAGTATGCCTACTCAATAAAATACTAGACAAACACCCAGATGCTGAAATCAAACTGTGTCATATGTCAAATTTTGCAGTGGCCCATGATGACAGAGATTTTTCGATAAAACTGATAGATAAATATTTTAGTAATGTAACAAATGTAACTTACGATGACAGGCCAAGTAACATCACCAGAGTAATCGATAGCATTGCCAGCGCTTCATTCAATATATGTATGCGCTTTCACTCAGTCCTGTTCGCACATACACTCAAAGCGCAATATTGTGCAATTGATTATACTTCGGGGGGAAAGATCAAAGGTTTTTTATCAGACAAGAAGGCATTGCATAATCTACTTTCGCTAAGTGATCTCGAAGCATCTGACAAAATCGACCGATTCCTCGCACAACATCCATATTTCGTAAATGCCACAAAGCATAAAAG
NZ_CP136920.1_gap125	5781875	5783896	2021	TGCTGGGGGTGGGCAACTTGGCGCAGAGCCTGGAACCTCTATGACTCTGAAATGAGTTCATGGCCAAGTTTCAAAGAGCAGAATGGATGTAAAGGCTTACTACCCCACTCATCAGACATAAGAAGATTCCAAGGCAGTTTTCAGAATGCAGCGGATGGAATCTTAGATTCATGGGGATATGTATGGCTTTATTCATGCTGGTCTCAAAATGGCCTTACTTGCTTACCTCAGAAAAACCTAGTTCAGAATGTCGGATTTTCTTCCGATGCAACACGCACAGGTGGTGAATGGTGGATGTCAATTCCAGCTGAAAAAATGATTTCTTTTAAAGCACCAACACTTATCAACCCTAATACAACAGCAGATAATTATACTCTGCGAAATCACCATAAAATCGAAAAAAGAGAATCGAAAAAAGCTTTACTACTAAGGCTCCTCAAAGAATTCAAATTAGACATTAGAGATAAATGGAATAACTGGCGGCAGGCCTCTTAGCCCAAACTTATTCTCCTTAACCCATATGCACAAAAATATATGACCTGTAAGATATGTGGCTCCAAGTGTAATCCCTATGGAGTAGCCGAAGTATTAGGCAAATACCAGGCATCCTTTTCGGAATGCAGCACTTGTGACTTCATTTTTGTGGATAACTGCACATGGCTTGAGGAAGCCTATAAAGACGCCATCAACGAAACAGACGTTGGCTATTTGCAGCGTAATTATGGAACCGCTGAAGACTTGAAGCAGTTTCTGGCGACAACAAGTCCTGACGATTATTTCGTAGACTACGGGGCCGGCTACGGGGCGATGGTAAGGCTCATGAGAGATCGTGGATACAAATTCCACTGGCATGATAAATACTGCAAAAACCTCTTTGCTCACTTTCTTGAGGCAGAAGCATCGAGAATTGGATCATATCGAGCAATGGTTGCAGTCGAAGTCTTCGAACATCTTATAGATCCGACTGAAACACTTGAGGACATGCTAACATTCACCAATGCAATCTTCTTCACGACAGAGCTTATCCCAACAGAAAAACCTAAACTCAACGACTGGTGGTACTTTGGTCTTGAGCACGGCCAGCACTTGAGTTTCTACACTGAACCTGCATTACATAAACTTGCCGATAAATATGGCCTGCGCTATCGACGCCTTACTGATACATGGCATCTGCTTGCGAAGCCGGATGACAGTCTTTTGCATGATATTCCGCAAATGGACATAACTCCTTCAGCCAATAGGTTTAGTAGACGACTGGTAAAATTTATCGCACGCAAATTACCCTCCAACGTTAATCAAAAAGCAATTGCTCGTAAGTCGCTTACGTTATCAGATCACGATAAAATCAAAAACATCATTGAAACCAAGTCAGGCTTCAAAGGGAATCTCGACTCATATAATTCATCTGCATAGTGACCAAGAATCCGATGATTGATATACTTGTTGATGGAACCGCTTTTTGTAACGACTCACAAAGGGGGATTCAAAGGTACTACCGTGAGCTATTCACAAGAGCAGAAAAAAACCAAAACATAGCCTACTTTTTTGATGAAGAACCGGTCTCTTTCTTTAAAGGCACAAATGACCCAACTGTCACAGTAAGAAGAGAACATAAAGAACATAAGCCTAAGCAATTGGTTAAGCGAACGTATAGTGCACTCAGAAAACGTATATCACCAACGCAATTACCGCAGGCCAAAATCTTTCAATCAACCTTCTTCACTCGCTCCCCAAATCCTAGCTTAAATGAAGTTTTAACTGTTTATGATATGGTCCCCGAGGTAATGCCCTACTCTTTTCCCGGCTCAGCCGAAAAGGTGGCGGCAGTAAAGAAAGCATGCATTTTAAACGCGACAAAAATCATTGCCATTTCAAACACGACTGCTGATTCAATTCTGAAGCTTTATCCCCAAGTCGAAGGACGCGTAGAAGTTGTATACCTTGGAGCAGATCATATTAAGGAAACCAAGCAGGGTCATGGTGACACAGAAATCAGCACTCCATATTGCCTATTTGTTGGA
NZ_CP136920.1_gap126	5798274	5798774	500	CTCTAAAAAAAAATCTATAACGGAAATGCGTAACCATAGTTTAAAAAATTCTATGCCAAGATTATAACGGACTACACAACTTCCTAATGACGAACCACTTTCAGATACCAAAAAAAGTTGGAATCAGGACAGCACGAGGCCATTTTTTTTACAAACATGCCATTGTTAGTAACTTGTTGAGAAGTAGGACTTGCGCAGCCCGTTTTTCAGATCTTTACTCACATCATCTTTGTTGCGTGGAGTGGATTTATAACCGTCGTAAGAGACCGTTGGGTGACTTTCGTGGTGACTCATTCTCACAACATTAATTACATAACTAATTGACTTTCAGAAACTTATGACTTCAAATCAAACTTGGCAGTTTATCTAGCGATCCACTGCTTTTCTATTTTTGTTCGATCCTTTGATCTTCACACGAAGGATCTGTTGGCAAACGCCGACTCTCAGCACGACTTTTTAACCATTTGTGAATAAAACGATAAAACTTTCCGCCAATCTTG
