gap_id	start	end	length	sequence
NZ_CP133775.1_gap1	54162	58436	4274	CTTTAAAAACATTGAACAAAAATATCAGCAGCCACAATACACCAAAACCATGACTTCGGATAGTCTGAAGCGCGTTATATCTACCGAAAAACTGGAGAACTCTTATGCCGGTGTTTTAGGCCATGTAATTGAGCCGGTTATTAAGCCTATCGGCTTCGACTGGAAAATAGGGATAGCACTAATCACCTCCTTCGCCGCCCGTGAAGTATTTGTAGGTACCATGGCGACCATTTATAGCGTAGATGGCGACGCCGACAGGATAGATTCCGTACAGGATAAAATGCGTAACGCCCGTAACCCCAATACCGGAGGACCTGTATTTACACTCGCGGTTGCCTTTTCATTAATGATGTTTTACGCCTTTGCTATGCAATGCGCCAGCACCGTTGCCGTTGTGTACCGCGAAACCAAAGACTGGAGATGGCCAGCCGCACAATTCGCTTACATGACCATTTTGGCTTATGGGGCGGCTTTTTTGGTGTATCATTTGTTGAAGTAAACGAAAAGCTTTTTGTCAGTGTATTTTAAGCTTTCAGCTTTGGTCTTTTCGCTTTCAGCCTAAACCGTTATCTTTGATACAGAGGTAAAAATTGGATAAAGTAAAAGTATTAGAACAGTATCTTCCGCCACATGCGGCACCGCTTATTGGCCGCTGGATAGATTACTTTAAATGCGAATTTAAAATTTCGCGCAACCGCGGCACCAAGTTTGGCGACTACCGTGCGCCCTACGATGGCAAAGGCCACCGCATTTCGGTCAACTTCGACCTTAATCCATACGCTTTTTTGGTGACCACCGTACACGAGTTTGCGCACCTGCACACCTGGAACGAGCACAAGCAAAAAGCCAAACCACATGGCAGCGAGTGGAAGAACAATTTTAAGAAGATGATGCAGCCTTTCTTCGAGAAGGATGTGTTCCCGCCGGATGTAAAGCAGGCCATTACCAGCTACCTTAACAACCCCGCCGCATCCAGCTGCTCCGACCTTACGCTGTACCGTTCCCTGCGCAAATATGACCCGCCGAAGGAATCTGTCCACACGGTAGAGAAGCTGCCTATAAAGGCCATATTTAAGCTCAAGGATGGCCGTGTGTTCCGTAAGGAAGAGAAACTACGTAAGCGTTACAAATGTGTGGAGATAAGCACGCGCAGGGTTTATTTGTTTAGCCCTGTAGCTGAGGTGGAGGTAATAGAAGAAGGTAGCTAAAAGATGCCATGGTAAAAAGGGTGGTTTTTATGCTGGCCCGCCAATAACTACAATTGATGGCATTATAAAGCGTTTAGCTGCCTAATGGTTTCTTCTAATAAACGGAGGTCATCGGTTAATTCTTTTTTAACAATGAATTTTGCCCCGCTTGTAAATTCCTTTACAAACAAATTGCCCTGCATCGTTTCGGGATATTGTTCATCACGATAGAATATTGGAACTCCTGCTTTTAGCATTTGTTCAGCTCCCCAACCTGCACCTTCGTCAATCACTTTTTGGTTGGGGTCTTGCGCGTATATTTCCTCTAACGTTAGCATAATACTAAGTTACCTAAAATTTCAACAAAGTATTTTACTCTAACTCTTAATTCGATTTTGCCAACCGCTCCTTAATTCGATCGTTAATATCAGATGTTTCCTCGAAAAATGATTTGGGGTCGCCCCAGTAATAAAATTTACTGCCTTTAAACTTGATACAGAAGATATTAAACAAGCGTTTCTCTACGCCAATGAAGATCTTAGAAGAAATCTCTTTCTTGAAAAAAAGTTTCTCAATTATAAAAGCGTCACTATTGTATTTAATATCGCTAAATGCGTAATAGATAAGATTAATCAGGCTTATCATTATTAGAATAACCAGCCAAAATCCAAGTGAAGATCCAATAAAACAATTAGCAATAATTAATAAAACAGAAAATATAGCCAGCAAAATTTGATTAAACTTATTAGTTCTAAGGCCGAGTGAAATATATTCCTCCATCATACCTCGCTCTAAAATTTCAACAAAGTGTCCATCACTTCTGCTAACCGTGCTTTGGCCATAAACTGGTCTTCCAGGGCTTTATTCATGGGGATGGCGGTATCCAGGCTGGCGCAGCGCATTACAGGGCCATCAAGGTATTTAAAGCAATTTTCGCCTATGTAGGCCGCTATTTCGCCGCCGAAGCCGCTGGTGAGGGTATCTTCATGCAGTACCAGTACTTTTGATGTTTTCTTTACGGTTTTAATAACCGCTTCTTTATCCCACGGCTGCAGGCTACGCAGATCAAGGATCTCTATAGATTGGTCGGGATGATTATCGGCGTACTCAATAGCCCAGTGTACACCCATACCAAAGGTAATGATACTTGCTTTGGTACCTTCGCGCACCACGCGGGCTTTACCAATTTCTACATAGTAATCATTGTCGGGCACATTACCGCTCATGCTGCGGTACAGGTTTTTGTGCTCAAAGTAGATCACCGGGTTAGGATCATCCACTGCCGACATCAACAACCCTTTGGCATCATCCGGGAAGGCGGGGTAAACCACTTTAAGTCCCGGTGTTTTGGTGAACCATGCCTCATTAGTTTGCGAATGGAACGGGCCTGCGCCGCTACCACCACCTGCCGGCATGCGGATCACCACATCAACCGTTTGGCCCCAGCGGTAATACGTTTTGGCAAGGTTGTTTATGATCTGGTTAAAGCCGCAGGTAACAAAATCCGAAAACTGCATTTCCACAATAGATTTATAGCCATTGATAGCCAACCCCATTGCCGTGCCCACAATACCCGATTCGCAAATAGGCGTGTTGCGGATGCGGTCTTTACCAAATTCTTCTAAAAAACCCTGGGTTATTTTAAATGCGCCGCCATATTCGGCAATATCCTGGCCCATGATCACCATATTTTGGTGCATGCGCATACTTTGGCGCAAACCATCGCTTATGGCATCAATGTAGCGCTTATTGGTGCTCACTTCTGATACGGCGTGCCTTGGCGTGTTAAACAGGCGGTACATGGCCTGTTCTTCGGTTTGTACATGCGGTATAATATCGGGTTCGCTGAAAACCTTTTCAACTTCAGTATCTATTAGCGTGGTAAATTCATTTCTTAAATAGGGCACCCATTCTTTGCGTAGTACACCTTCATCAAGCAGGTACTTCTCAAAATTGTCAAGCGGGTCTTTCAGTTTCCATTCTTCAAATAATTCCTGCGGGACGTATTTTATGCCTGATGCTTCCTCGTGCCCGCGCATGCGGAAGGTCATACATTCTATAAGTACCGGCCTTGGCTTCTCGCGCATTTCGGCGGCAAGCTCGCTTATGGTGTGGTAAACTTCCAGCACATTGTTGCCGTCTATTTTGCGGCCTTCTATCCCGTAGCCTATTGCCTTATCTACAATCGAAGCGCAACGGTATTGTTCGTTAGTGGGAGTGCTTAAGCCGTAGCCGTTATTCTCCACCAAAAATATAACCGGCAAATCCCAAACGGCGGCAATATTTAGCGCCTCGTGGAAATCGCCTTCGCTGGTTGCGCCTTCGCCGGTATATACCAGGGTAACGTTTTTATTATTCTTTAATTTATCTGCCAGGGCAATGCCATCTGCCAGGGCCAGCTGCGGGCCAAGGTGAGATATCATCCCGATGATCTTAAACTCTTGCGTGCCGAAATGGAAGGAGCGGTCTCGGCCTTTTGTAAAGCCCGATGCCTTGCCCTGCCACTGGGCCATTAAGCGCGAAATTGGGATATTGCGGGTTGTAAATACACCCAGGTTGCGGTGCATGGGCAGGATATATTCCCCGTCATTTAAAGCCATTGTACTGCCCACGGCAATAGCTTCCTGGCCTATGCCCGAGAACCATTTGCCAATACGGCCCTGCCTGAGCAGGATTAACATCTTCTCTTCAACCAGGCGAGGCAATAACAGTTTCTTATAAAACGTTATCAAACCATCGTTATCTATCTTTTTCCGGTCAAATATCATCGGGTAAAGCTAAGAAGTTTTTAAAACTTTGTATGTTTGAGCAATCCATCTTTTCGCCATGAAGCACTTCTACGTTAAAATCCTTATAATGTTCGCGTTTATCAGTTTGGTATCTTTTATACCAGATCACTTTTTAATGCCCGAAAACTTTTACCTGCACAAAGGCGGTAAGTTTAACCTGCATTTATTATCGGGCGAAAACCTGGTAAAAGAACGCGAAGTACCCTACACGGCCAAGCAAACCACCAAGTTTATGATCTACGAGGGATCTAAAAAAACCGACCTCGCGCCTATTACTAAAAACAATGCTACACCGATA
NZ_CP133775.1_gap2	62955	67719	4764	TTTCTATTATTTGTTTAGCCTCGTCAATAGTTACATGGCGGGCGGGGATACAAAGCACGTTGGCATCGTTATGGGTGCGTGCGGGTATGGCAACCTCAGGTTTCCAGCACAGTGCCGCGCGGATGCCCTGGTGCTTATTAGCCGTCATGGCTACACCGTTGGCACTACCGCAAAGCAGGAAACCAAAATCGGCCTCGCCTTTTTCAACAGCACTGGCAACCAGATGGGCAAAATCCGGGTAATCGGCAGAATCGGATGAGTAAGTGCCAAAATCTTTAAAGGTGATATCATCAAACATGCCCAGTATGGCCTGCTTGTAATCAAAACCCGCGTGGTCGGCTCCAATGGCAATCGTTAACCTTTTTTTCATCAGCTCAAATTTAAAAGTTAATTGTGTTGCCGAAGGTAAAAATTTTGTTAGAATTGAAGACGATAGCAAAAAAGAATTAAGAAAAGGAAATATCGAATAATGAATATCGAATGCAAAATGATGAAGGTGTACTTCGGCGTTCGAAATTCAACATTCATCATTCGGCATTAATTCTATAAATTACAGGGTTGCTTCGCGTGCTTTTTTACGCTTTTCAACCACCCCTGCTACAAGGATACCTATTTCATATAAAATGAATAAAGGGATACTTACAATAGTCATGGTAAGCATATCAGGAGTTGGCGTAACAACAGCCGCAATGATAAGAATCACAACCACGGCATAGCGCCTTGTTTCGCGCATAAACTTAACCGTAAGCACACCTAAAGACGATAGCACGTACACAAGGATAGGCAATTCAAATACTATCCCTGTTGCCAGCGTTAAAGTAGCTACAGATGACAGGTAAGAATCGATAGAAAACTTATTCTCTATTTGGGTACTAACAGTGTAGCCGGCCAAAAAGTTGATCGATTCGGGCGTGATGACATAATAGCCAAATAATACGCCTACAATAAAAAGAAAGGTTGCATAAATAACAAAGCCCGATGCAGCCTTCCGTTCCTTTTCGTGCAAGGCCGGCCTGATGAAACGCCATAGTTCCCAAAGCAGATACGGGAAACCCAAAGTTATACCAATAAGTAATGCGGAGTTGATCTGCAGGGTAAACTGCCCGGCCATCTCGGTATTAAGCAGACTGATGTTGATCTTGTTGATACAAAAACCGTCGCGGTGCAGATATTCTCCCAACTTACAAAGCATCCGGTAGGTCCAGAAGCTTGGCTTGCTTGGGCCCATAATAACGGTATCGAAGATAAAATCGTAAAAATAGAAGGCGCCACAGGTGAAGATTACGATAGCAATTGCCGCGCGTACCAGGTGCCAGCGAAGGGCCTCCAGGTGATCAAAGAACGACATTTCGGCCTCCATTGTCTGGCCTTTCTCTTTTATTGCTTTTATCAGTTTGTTATCGCTCATTACTTTATTTCAGCACTATTAACGCCAGAAACCTAATTACGTTGTATTAACCCTTAAAGATTGTATAAATATTAATATTCAAACGTTTCCATAAATTTGGTGGTGAAATTACCCGCGCGGAAGTTTGGGTCCTGCAGTAATTTTATATGGAAAGGAATAGTAGTTTTAACACCCTCAATAACAAACTCGCTTAAAGCACGCTCCATGGTTGCCAAAGCCTCATCGCGGGTTTGGGCCATACAAATAAGCTTGGCTATCATCGAATCGTAATTTGGCGGGATAACATAGCCGCTGTAAACGTGTGTATCCACACGCACACCATGGCCACCCGGCGAGTGGAAGTTTGTTATTTTACCCGGTGAAGGGCGGAAGTTGTTTGCAGGATCTTCGGCATTGATACGGCACTCAATGGCATGCATCGTTGGCTCGTAGTTTTTTCCAGATATCGGGATCCCCGCTGCAACTTTTATTTGTTCTTTTATCAGGTCGAAGTTGATCACCTCTTCGGTAACCGGGTGCTCTACCTGGATACGGGTGTTCATTTCCATAAAGTAGAAGTTGCGGTTTTTATCAACCAAAAACTCTACCGTACCGGCACCTTCGTATTTAACGGCTTTTGCGCCTTTAATAGCAGCCTCGCCCATTTTTTTACGCAGCTTATCTGTCATAAAAGGTGATGGTGCTTCTTCTACCAACTTCTGGTGGCGGCGCTGGATGGAACAGTCGCGCTCAGATAAATGGCAAACTTTACCATATTGGTCGCCCACCACCTGGATCTCGATGTGGCGTGGGTCTTCAACATATTTTTCAAGGTACAGGCCGTCGTTACCAAAGGCTGCGCCAGATTCTGCACGGGCACTATCCCAGGCGTTCTCAAAATCTTCGTCTTTCCAAACAATACGCATACCGCGGCCACCGCCACCGGCAGTTGCTTTAAGTATTACGGGGTAACCTATTTTGTTGGCAATAATAATGCCCTGTTTTATACTATCAAGTAAACCTTCAGAGCCCGGTACAATAGGTACGCCGGCTTTTTTCATGGTTTCTTTTGCAGATGCCTTATCACCCATACGGTTGATCTGATCGGCAGTGGCGCCAATAAATTTGATCCCGTACTCGGCACAAATGGCAGAGAACTTTGCGTTCTCAGATAAAAACCCATATCCCGGGTGTATCGCATCGGCATTCGTTAATTCGGCAGCTGATATGATGTTGGGGATATTTAGGTATGAGTCGCGGCTTGGAGGGGGGCCTATACAAACAGCCTCATCTGCAAAACGCACATGCAGGCTATCACGATCGGCGGTGGAGTATACAGCTATGGTTTTGATGCCCATCTCTTTACAGGTGCGAATAATTCGCAGGGCAATTTCACCTCGGTTAGCTATTAATATTTTTTTAAACATGATACTAATTTGAAAATTTGAAAATGTGTTTATTTGAAAATTCTTTAATCTTCAAAGTATAAAGCTCATTAATTTGAAGCTGACATTATCAAATCTTCAAATTAACCAATTTTCAAATTTACTTAGGTTCTACTAAAAATAAAGGCTGGTCGTATTCAACCGGTGAAGCGTTATCAACCAATATCTTAACAATACGGCCTGATACTTCAGATTCGATCTCGTTAAATAATTTCATGGCTTCGATAATGCAAAGTATACTGCCGGTGCCTATTTCATCGCCAACGTTAACAAACAATGGCTTGTCCGGTGATGAAGAGCGGTAGAAGGTACCTATCATTGGCGACCTTACGGTGATCAGGTTAGAGGTATCAGCAACTGGTGCAGCTTCTACGGCAGGTGCTGCAGGCAGGCTTGGTTGTGGCGCAGCGGCCGCAGCAAGTGGCTGTGGTACCGGTAACGAAGCGTTTACGTAGGTAGGTGCTTCGTTAGTTTTTATGGTGATCTTAAAATTTTCCTGCTCGATCGATACTTCGTTTACGCCCGATTTTGAAACAAAGCGTATTAGATCCTGAATCTGTTTAATATCCATAATAAGCGATAATTGGTTTTGGATAAAAGTATTTATAAATGTGCAAATGTGCAGATGTGCAAATATGCAGTTGATTTAAATTGAATGAATTATTTAACACGTACAATTTTAAGATGTTTTAATTAAAAATCTGCATATCTGCACATTTAAAATCTGCACATCTTCAATTAAGCTTCTTTTTTATCGTAAGCCCATTTCAAATAGATTGAGCCCCAGGTAAACCCGCCGCCAAAGGCAGCTAAAATAAGGTTATCCCCTTTTTTAAATTTGTCTTCCCACTCCCACAAACATAATGGAATTGTTCCGTTTGTAGTGTTGCCGTAGCGTTCGATGTTTACAATAACCTTGTCGGACGAAATGCCCGTGCGGCTTGCAGTAGCATCAATAATGCGTTTGTTGGCCTGGTGTGGTACCAGCCATGCAATATCATCGGCAGTAAGGCTGTTGCGTTCCATCACTTCGGCGGCAACTTCGGCCATGTTGGTAACGGCAAATTTAAATACCGCCTGGCCTTCCTGGTAAGCATAGTGCTCTTTGTTAGCAACGGTTTCATGCGTAGCTGGACTAACAGAACCACCCGACTTTTGGAACAACAGGTGCGAACCCGCGCCGTCGCTCTTCAATACCGAATCCATAATGCCGTATCCTTCGGTATTGGGCTCCAGCAATGCGCAACCGCAGCCATCGCCAAAAATGATACAGGTAGCACGGTCTTCGTAGTTAATTATCGACGACATTTTATCGCCGCCTACTACCAAAACTTTAGTATGTTTACCGGTTTCAATAAACTGCGCGCCGGTTGTTAAGCCATACACAAAGCCTGAGCAAGCCGCCTGCAGATCGTATCCCCAGGCTTTTGTAGCGCCAATTTTATGTGCAAGAATGTTTGCCGTAGCAGGGAAAGGAAGATCGGGCGTGGTGGTGCAAAAAATAATAAGGTCAATTTCGTCGGCAGTGATACCGCGTTTTTTCAGCAAACCTTCAACAGCCGGTACAGCCATATCTGATGTGCCCAGGCCTTCGCCCTTTAGTATCCTGCGCTCTTTGATGCCGGTACGGCTGGTTATCCACTCGTCGTTAGTGTCTACCATCGTTTCCAGCTCCTGGTTGGTTAAAATGTACTCGGGTACGTAACCATTTACAGCGGTAATAGCAGCATGAATTTTGCTCATTCTATATTTTTTTACTGAAAAGCCAGTTTAATTTTGTCTATAAGATTGGTTTCGATCATATTTCTCGACAGCAGCACCATGTTCTTAATAGCCTCGGGGCTTGATATGCCGTGGCCAACAACAACAGGCGCATTAACACCAAGTATAGGGCTGCCGCCATATTGCTCGTAGTTAAAGCGGTCAAAAAAA
NZ_CP133775.1_gap3	86606	89679	3073	CAGAAGCAAAGGTTTGTCGAAAGAGGCCAAGCGTACAGCCATGCTTGCGCAAAGCTTATATAATGAACGAAAACCAGGAGTAGATGCTATTGCCAAACAACTTTTGATTTCTAAAATGACCCTTTATAAATATCTAAGACACCAAGGGGTCAAAATTCATGGGAAAGTTTAGAAGGTGTTCATAGTGCCGTAAAGGCTTATTTTAATTGACTCATAGTGGGCTTTTATAAACGGTATCGTTTTTGAACCATTTTTAAAGCTATCTGCATTTAAAGAAGAAGTACCAATTGCCGCAAAGCAATTTAATCACTTTTACTTTCCTCAATTTCGGGCAATAAGTAGATGGGTTTTGGAACTTTTCAATTTATTTATTTGTCCCTTACTCCATCCCATGCTGACAGTATTTTAGCATGGGGGTTAGTTTGCAATACCCATGTTTTATTTATAAGCATAGTTCTACGCTGTTTATTGTCATAGGCTTCCCAGCCGGGGCTCCCGGTTTTAGCAAATTGAACCCATGCATCCTGCATTTTGTTAGCTAACTCTGCTGGTCCGCCATTTGGGCCAAGCATACCTCTTTGTCCTGTCACTATATCCAGATTATTAAAAACAAAAGGAATTTCCACGCCATGATAAGCGCCATAAGTTCCATTAGCAACGGATGATGGCCATGCAAATTCATACATGTATGTTTTTCCTATAAGTGCGTGCGCATTTGCGAAACGTATGGAAGGAACCTGTGCCTGATACGAGGTGAGCACCGCAGAAAACAGTTCTCCGAGGTTTTTTTTGGGATATTCTTTTTTATATATTGAGATCAATTTTGCCGGTGCAGGATGTACCTTTTTGACTGCAAAATTCAATATTAAATTTAGTTTTATTTTCTTGAGTACACCCGTAGGCACCAAAAAATAATTCATCTCGTCTGTATTGTACCCAATCAATAGATTGTAATCGCTCCCAGCACCATTACGTGCATTTGCCAATGGCACTTTTGGAACGATATCTTGATCAATTACCGGAAAATAAAGACTTACCCCACCAGAAGGATCTGAAAAATCTTCCGTTTCAAGTTTTACCATTTTTGGAGTTACTTTAGGTTGGTATGCCACCAATTGCTCGGGTGTAAATTTCATGTAAGCTTCTCTAGTGTTTTTTATGTGAAGCGTTGTTGCATATTTTTTCGCGATCCGGTCTGCCTGTTCACCGCTCAGTACTGCCTGACCAGATCCACTTTGCATAATAGCGTTTTTAAATAAGCCTTTGGCAGCAGGGCTTGTTACCAGTACGCCCACACTTATTGCCCCGGCCGATTCTCCAAAAACAGTGACATTACTGGGATCCCCGCCAAAAGCTTTAATATTTTTCTGCACCCATTTCAAGGCTGCTATCTGATCACGTATACCAATATTGGTAGGCACACCATCTATTTTCAGAAACCCTTCAATGCCCAGGCGATAATTAAAAGAAACAAGCACGACTCCTTTTTTAGCAAAACTAGTTCCATCAAAAATAGGCACATTGCTTGTACCCAAAACAAATGCTCCCCCATGAATATAAACCATCACCGGGAGGCGGCCAGTTTTTACATTGGGAGTCCAAACATTCGTGGTAAGGAAATTATCACCTTTAACCCAACCCTCTCCAAATGTGGGCTTTCCATCAATATCCGCATCTTTAGTCGTAGGAAATGGAGCGGTTGGTCCGGAAGCGATTGCATCTCGTACACCTTGCCATGGCGTAGGTTTTACCGGAGCCGCAAAGCGAAGGTTACCAACGGGCGGAGCAGCAAACGGTATGTTTTTAAAAATGTAAACGCTTTTATCAAACTTGCCACGAATCTTGCCAGCTTCAATATGCAAAATAGTGTTATCTGTTGAATAACTTTGCGCCTTTGCCGAGTAATACGCAAACAGTACAAATGTGGCAATAAAAAATAAACTACTTTTTTTCATGACGAATATATTATTGTGCTTTTTATTATTTATTAATTTTTCACTGCTATTGCATTACCAAATATAAAATAATCCTTGACGTATACCCAGTCCTTAACAAACAACGGAAATCTTTTTATTTGGGACCACCTGAATATTGAATGAACTTGCCGAAGAGCTTGTAAGGGTGTAGTCACTCTGGCCCCGTTAACAATAAAATACTTGAAGTCCGGATTGCGGTTATTAAATATTTGAGGGTAACGGAAACGTGAAATAAAAAAATTTAAAATACTTTTCATGAAATCGTCTTGGCTAAATTCACGAATTCGTTTTAACCGTTACACAGAATAACAATATTAAAACATACTAGAATGGTGTATTAACGTCCGAAAAGGCCGTTGTTAATGGCGCAAGTACCACTTATACAGACAGGTTAGTTATGCCAAAATTTGTTAATAGTGAACATAAATTCGGTTAATTTCTGGCCACGACAATTAAATATCCTGCAAAAGAGAGGGAGAAAGTTATTCAAGACCAGATTGTTTTAAAATTCATGGTTGAAAACGACGAAAAACTCACCAATTTTATAATTCTACGTTCACCAAGATATTAGCTGCTGAAGCCATAAGGGCGCTGGGACTTAGTCCTGATTGGGATACAGGCTATATGTATGGTGTTCCGTCACGAATAACATACACCTTACCAATAAACTTTAGAATGGCTAATGAATAAAACCATGCTTAATGGGAACGCTTTACTTATTATTTAATTCTCTATTTAATTTATAAATTAAAATCCCCTAATCTCTACAAATTGCTATCTTTGCACCCCGACGCTGAAGTCGGGATTTTTCGCCTTTCAGCGCATAGAAATTAGTTAATAGTTGATGGTTAATAGTTCATGGCAAAACAAAACTATGAACAATGACCCATCGGCCATAACCCACAAAGTGCTATGCCCAGAGATACTTCCATCAAATCCGTTTTAATTATTGGTTCGGGCCCTATTATTATAGGCCAGGCGTGTGAGTTTGATTATGCCGGTTCGCAGGCTGCCCTTTCGTTGAAAGATGAAGGCATCACCGTATCCATCATCAACAGCAACCCCGCCACCATCATGACCGATAAGGTTATTGGCGA
NZ_CP133775.1_gap4	99780	100576	796	AGGAAACCGGGATGACGGTTACCCGCATCCGCCTGTTTGAAACTTATATGCATAAGGCTGATGGAAAATGGGATTTTACCCTGTTTGATGAAGCCTATAAAGCCGCCGATAAATATGGCATTAAAGTTTATGGCAACCTGTTCCCGGCTACAGCGTTTACCGACTTGGGAGGGCTAAAATTCCCGAAGGATGAAAATCATCTTGTCGCTATAGAACGATATGTAGAGAATGTTATCAGTCATTTTAAACAGTTCAACTCCTGTTATGGCTGGGTACCGGTAAATGAACCGGGAGTTGGGCATTTTCCGCAAGACCAGCATGCGACAGATAAATATAGCGAATGGAAAGCCGCCCAGGCACATCCGGAATACACGAGCGGCGGTTATGATCATTTTGATTTTGCGGATGAGCGCTTCCATCTCTATTACAACACCTGGTTCCTGCAATGGCTTACGGATGAGATCCACAAACACGACCCGGAAAGCATCATCCATGTAAATAACCATGCCATATTTAAAAACGTGGCCGAGTATGATTTTACAGCCTGGCGCGATTTTTTGACCAGTTTGGGTGGATCGGCGCATGCCAGCTGGCACTTTGACTACTTTAGTCGCCAACAATATGCTTTGGCCGTGGCTGCTAACTGCGAGATCATCCGCTCGGGCGCAGGCGAAATCCCCTGGTTTATGACCGAATTGCAGGGTGGTAACAATACCTACAGCGGCTTTTTAGCGCTGTGCCCCACCAAAGATGAAATTGCCCAATGGCTTTGGATTGCCATCGGCAGCGAAAGCAA
NZ_CP133775.1_gap5	274879	277582	2703	AAACGGTAGCTCTCCAGATTTTTACCAAGGTCATCATAGTATCCGCCTAACTCTGCATTGACTTTGGCATCGGTTAATTTGATAATAGCGCTATCGCTTTCTACCTTGCCATCGTAATACTTGTGCATCAATATCATTACACGGTTAACGTAGTTACCCAAAATGGCAACTAATTCGTTGTTTACGCGTGCCTGGTAATCTTTCCAGGTAAATTCGCTGTCGCTTGTTTCTGGTAGTATCGATGTTAGTACATAACGTAACTCATCCTGCTTACCCGGGAACTCCTCCAGGTATTCGTGCAACCAAACCGCGTGGTTGCGGGATGTGGAAAGCTTATCGCCCTCCAAATTCAAAAACTCGTTGGCCGGCACGTTCTGCGGTAATATATAATCGCCATGTGCCTTCAATATCGCCGGGAATATGATGCAGTGGAACACAATGTTATCCTTACCTATGAAGTGCATCAGGCAGGCATCATCCTCGGTATTTGCTTGCTTTTTCCAGTATTGCTGCCAGTCCTTCCCGTTATCAGTAGCCCATTGTTTGGTGGCTGATATGTAGCCTATCGGCGCATCCATCCACACGTAAAGTTTTTTGCCTTTGGCTTCTTCTAATGGTACGTCAATTCCCCAATCCAGGTCGCGGGTCATAGAGCGTGGCTGCAGGCCCGATTTTAACCACGAGCGGCATTGGCCAAATACATTAACCTTCCACTCGCCTTCTTTTTGGTCAATCCATTTCTCTAACCAGGGTTGGTATTTATCAAGCGGTAAGTACCAGTGTTTGGTAGGTTTCAGGATCGGTTTTTTGTTACTCAGGGTCGATATCGGGTCGATAAGATCTGTCGGGTTTAACGATGTACCACAGTTTTCGCATTGGTCGCCGTAGGCCTTATCGTAACTGCAAACGGGGCAGGTACCGGTAATATATCTGTCGGCCAAAAACTGGTCGAAGTCTTCATCGTAGTATTGTTCAGAGTATTTTTCTATGAACTCACCTTTCTCGTACAGGTTCAGGAAAAACTCTTGTGACAGATCGTGATGTATAGGTGATGAGGTGCGGTGGTAAATATCAAATGCAATCCCAAACTCCTCAAAACTCTCTTTAATCTGGTTGTGGTATTTATCAATAATAGCCTGTGGCGTGGTACCCTCTTTTTTAGCTTTGATGGTAATAGCTGCGCCATGCTCATCAGATCCGCAGATGTACACAACATCCTTTTTCATTAGCCGCAGGTAACGTACAAAAATATCTGCCGGCAGGTATGCGCCCGCCAAATGGCCAATGTGCAGCGGCCCGTTTGCGTATGGCAAAGCCGATGTAATGGTGTATCTTTTATATTTATTAAGTTGCGACATTAAACAGGGATGTTTATTAATTTGCAAAGATAATTTTTTTAAGTCAGAAAGTTGGGAAAGACGGAAAGTCCGCAAGACAGGAAGACAGCATTTAAATTACCTTCAAATAGTACAATTAATCTTTCGGACCTATGCCGACCAACGAACTTTCGGACTCATCCATTACCCATCTAAAAAAAGGCGACAAGGTGGCTATTACCTGCCCTGCCAAAAAGCTTCCGATCCCTATGACTGATGCGGTAAATTTGCTTGAATCATGGGGGCTCGAAGTTGTATTGGGTGATACCGTAAACGCCAGCTATCACCAGTTTGCGGGCGACGATGCCTTCCGCGCGGCAGATATGCAACGCTTTATTGATGACGATAGCATTAAGGCCATCTTTTGCGCCCGTGGCGGTTATGGCGCTATCCGCATGGTTGACCTGGTTGATTTTAGCCACATGGCCACAAACCCGAAATGGATGGTTGGCTTTAGCGACATTACTTTGCTGCATTCGCATATTATTAGCAATTATAACTTGCCTTGTATACATGGGCAAATGCCATTAACCATACCGGATGCTTCGGCACATTCTTTGGAAACTTTAAGGCAAGCCTTATTTGGCGAGGAGTTGATTTACCGGATAGCCCCTAACCATTTAAACAGATTAGGCACAAACAGTGGTATACTTATCGGTGGTAACCTTTCTCTTTTACTCGCCGTAATTAATTCGGTTAGTGATATGGATTACAGTGGCAAGATCCTTTTTATAGAGGATGTAGGCGAATACCTTTATGCGGTTGACCGAATGCTGCGCGCCCTTAAACGTGCTGGGAAGCTAAAAAATTTGTCGGGATTAATTGTGGGTAGTTTTACAAGCCTGAAAGACAACGACATTCCCTTTGGTCAAACTTTGCCGCAAATTATAATGGAGGCGGTCGCTGAATATGATTATCCTGTTTGTTTTGATTTCCCGGCGGGGCATGTATCTAATAACTGCAGCCTGGTGTTGGGCAGAGCTTTAAACCTGTCCGTTAAAACAGAAGGCGTAGAAATAAGTTACTTATAAATTTAAACCTCGTTATGGCATATTTAAGTTCTCTTAATAAATACAAAGATCTTGGCCTGCTCATCATCCGTGTAGGGCTTGGTGCGATGTTTATTTTCCATGGTTACCCAAAGCTAATAGGCGGTACCGATGCCTGGGCCGCGCTTGGCTCGTCAACCAAATACGTAGGCATACATTTCGCACCAGTGTTTTGTGGCTTTTTGGCAGCTTTAGTAGAAACCCTGGGTGGATTTCTGATCATAATAGGCCTGGAGTTTAGGCCGGTGTGTTTGCTGCTTGTTATTAACCTTGTTGTA
NZ_CP133775.1_gap6	329209	332200	2991	GGACGAGATCTCGTCATACCTGGACCAGCCCGAAGAAGCTATACAAGACGATTTTGAAGAATACCTTTTTAAGGGCCACCCCATTGGTAACAATATTTTAGGCACGCCTGAGAGTGTTGGGGTATTAAATGGTGCAGACATCAAGCAGTTCATCACCGCTAATAACAACACCCACCAAATGATCTTCGCCGTTTATGGCGATTACGATTTTAAGAAACTGGTGAAACTGTGCGAAAAGTATTTTGGCAGCGTGCCGGAGAACACCAACCAAAAACAACGCATAGCACCCGAGCCAATAAGCCACGGCATCTATACCTTAAAGAAACCCATTTCGCAAACGCATTGCATCATTGGCGGGCGGGCGTACCCATCGGCACATCAAAATAAATATGGCCTGTTGTTGCTTAACAACGTTTTGGGCGGCATGGGCATGAGCAACCGTTTAAACCTGGAGATAAGGGAAAAGCATGGTATCGCTTACACCATCGAATCTAATTATACTTCGCTAACTGATACCGGGATCTTCTCCATTTACTTTGGTACCGATGCCGAAAAGGCCGGTAAAGCGCTTAAACTGACCCATAAAGAATTAAAAAAACTGCGCGAAAACAAACTGGGCGCGGTACAGTTGCGCCAGGCAAAAGAAAAGTTTATTGGTCAGATTGCTTTGGCCGAAGAAAGCCGGATGAGCCTCATCATCTCCATGGCTAAAAGCCTGATGGATTTTGGGCGGATAGATTCATTAGAAGACATTTTTGCCAAAATAAACGCGGTTACCGCCGAAGACCTGCTGGAAATTAGCAATGAAATATTTGATAATGACCGTATGATAACCTTATTATTTGAGCCTAAATAATAAAACTTTTACCTTTGCACCATGAAATATCCTATAATAGCATACGGCGACCCTGTTTTAAGGAAAAAGGCCACGTCTATTGAGCCAGATGAGTACCCAAACATTAAAGAATTAGTGGGTAATATGTTTGATACCATGTATGGCGCGCGTGGTGTTGGCTTGGCTGCACCACAGGTTGGCATGTCTATGCGTTTGTTTGTGGTTGATGTTACCCCGTTTGATGATGAAGAGCCCGAGCTTAAGGATTTCAAAAAAGTATTTATAAATGCCACCATCCTGGAAGAAACCGGCGAAGAATGGTCTTTTAACGAAGGCTGCCTCAGCATCCCGGATATCCGCGAAGATGTAAGCCGCAAACCAACCATCAAGATCTCATACTACGACGAGGATTGGAAACATCATGAAGAAACCATTACAGGTATGGCTGCCCGCGTTATCCAACACGAGTACGACCACATAGAAGGCAAACTATTTACCGATAAGCTTAGCCCGCTGCGTAAGCGTTTAATAGAAAAACGCCTTAACGATATCTCTAAAGGTGTTGTTGACGTTGACTACAGGATGAAATTCCCGGCTGCGAAGAAAGGGCGTTAGAGGTTGGAGATTGGTTAATTAGAGATTAGGCCCTATATGTCTCACATAAATACTATATAAACGAAAAAGCAGGATGTTGAACATCCTGCTTTTTTTATGCTTAAAAATTATATTCCTTATATACATTTTTAGTGTACATGTATAGAAAATTGCCATTTTCTATACATGTACATTTTAATATGTATAATTTTAATCTTTTTCTATATACATTATGATTGTACAATCGGATTGATGGTTTGAATTGGCGGAGCTTGTTGTCTGTATTCCACCTCGTTTTTAAATAGCCTGAATAATGGAACGTTTATGTAAAAATTACTCCTACCTATTTTCTCCTTTTTTAAAAAACCATGCTTGACTAATAAGGCTGTATATTTAGATGCGGTCAACCTTGAGATCATTAACTCTTTCATCACAAATTCAATTTTTGTGTAAGGATGTCTAAAAATGTTATTTAACAGGTCTTGACTATAAACCTTCGGCAATTCTTTACGAATACGCATCTTATAATCTTGCATTAAAGATCGCATCTGCGAAATCAATACTATAGTTTCTTTTGCCGTTTGTTCAATGCCATTTAGCATATAAACAATCCACTCTTCCCACTCACCGGTGTCTCGAACTTTTTGTAACAGTCGATAATAGTCTGCTTTATTTTTAATTATATATCCGCTTAGATATAATATCGGTAAATCGAGTAAATCATGGACAACTAAATATAAAATATTTAAAATTCTACCTGTCCTTCCATTTCCATCATAAAAAGGGTGAATACTTTCAAATTGATGGTGAATAACTGCCATCTTAATTAATGGGTCAAGGTCGCTGTCAATGCTGTCATTCATAAACTTAACCATATTGTCAATCAACTCAACTATCTTATCATATTCTTGAGGTGGTGTATAAATACTTTCTCCGGTAGCTTGATTGATTAGTTCTGTTCCCGGCACCTTTCTAAACCCGGCATCGTTTTGTTCGAGTATTTGTTGTATTTGTATAATATGATTGGTAGTGAGTATTTTATTCTTTCTAACGAGATCGAATCCATGTTTTAGCGCTTCCGCATAGTTATTAACTTCTTTTGCAGATGCATTTGAAATCAATTCCTCAAAAAGCTGTGCTTTATATAGTTCATCATGAGTAGTAATAATGTTTTCAATAGCTGAACTATCTTTCGCTTCCTGCAGCGCTAACGTATTTATTAATATGCTTTCATTGGGTATAGTAGCGGCAACGCCTTTTAGCTCTGCTAACCTTCTATGTGCAGAAGGCAGCTTTTTTAAAACTATCTTGCTTTCTAAATCCTTTTGAGGGGGCAATAATGGAATATTGTAAAACATCGATTAAATCTTAGCTAATCAAAAATACAATAATGTATTGCCAACAGAGATAAGGTTCTAATATTAATTTGGAGAATAAAATTCTTGCCTCTTACTTACTGTCCCCGTCGGTTATCGACTTGATCAAACTACCCCAGGCAAGTGGGTTAAGTAAGGGGTTAACGCGCGAGTGCTGGTTAACAATGTCCTGGTGCATGTACTGCG
NZ_CP133775.1_gap7	354189	356095	1906	TTACGGTTAATAACGGCACCATTAAGCTGGTTGCCAAAATACGGGTTACCACAAGGTATTGTAATGGGTTTGCGCCCGATACTTCCATGGCGTCTATCTGCTCGGTAACCTTCATACTACCCAGCTCTGCACCGATGCCCGATGCTACTTTACCGGCGCAGATAATAGCGATAATAACCGGCCCTATTTCACGTATAAACGACACCGCAAGCGTCTTAGGCAGCATGCTTTCGGCACCCATTGCTAACATGGATGGCCTAAGTTGCAGGATAAGAACCAGCCCCATAATAAACGAGGTGATACCTACCAGCATCATAGAGCGGTATCCTATTTCGTAACACTGGCGTACAAACTCCGACCATTCAAAACCGCCCCTAAAAATATTGCGGAAAAAGCTTTTGAAGAACACACCCTGTTCCCCAACGCCTTCCAGCCATTTTTTGTACCCGGTAATTGCCTGTTCTGCCATAAGTTATTATACTTGCCAGTTATAAACAAAGTATTGGTCAAATGTTTTAGGTTACCGAAATTTTATTCTGATGTTTAAAAAATCATCGGTACTTCTATGATCAATATTTTGCTTTCGCTATTGGTTTCTATCGTGAATGCCTCTGTATCGTAAACGCCTATCGCATCCCTTTTGTTTAAAACCTGATCTGCAATTTTTACTTCGCCCTCTAACAGAAACACATAAGCACCATTTCCGGGTGTTTTGATGGTATAAGTTAACTGTTGCCCTGCATCAAAATCGCCTTGCGAAAACGTGGTATCCTGATTTAACCAAAGCGTATCATCGTTTTTTACCGGCGATATCATGGTAGTTAACTCATTCTTTATAAACCTATTACTGAAGTTTTTTTGATCATAACGAGGCTCAATATTTCTTACTTTAGGGAAGATCCAGATCTGCAATGATAGGGTATCTTCCGTTTCCGATGGATTATACTCCGAATGGAACACACCCGTGCCTGCAGACATAATCTGCACGTCGCCGGCTTTGATTATGCCTTTATTACCCATGCTATCCTGGTGCTCTAAGGAGCCTTCCAATACAATGGTGGTGATCTCCATGTTATCGTGTGGATGGCGGCCGAAGCCATTTCCACGTGCAATAAAGTCGTCATTCAGCACCCTTAAAGCACCAAAATTCGTCTTTGTATCGTCCTTAAATGGCCCGAAACTGAATGAAAAATTTGCTTTTAACCAACCTATATCATTATGCCCCCTGTCGCCCGCGGCGTGAAATTCTGTTTTCATTTTTTTACTTTCCTGATGAATTAATACTCGTTATGTAATTAAATACATGTTTAAACACTCAATATTTATTCCACAATTTAATTATGCGTAAATTTGCGCGTTAAAACCTACCATAATGGCATATAAGGCAATTATAGCGGGCGCAAGCGGCCTAATTGGCAGTAATTTATTAAATATATTACTGGAGGCCGCTGAGTACAGCGAGGTTTTAGTTTTAGTTAGGAAAGAATTACCCCTAAAGCATAAAAAACTGGTGCAATTGGTTATCAATTTTGATGACCTGGGTAAATTTGCGGATACCATCACCGGCCACGCCATATTCAGCTGTTTGGGAACAACTAAGAGCCAGGCACCGGATAAGGAACAATACCGGAAGATTGACTATGCCTATCCTTTGCAACTGGCACAATTAGCCAAGCAAAATGGCGTTGAACAATTTCATGTAGTAACAGCCATTGGGGCTGACAAAAATTCGCCGGTATTTTATACAAAATTAAAGGGCGAACTGGAGGATGCATTGCAGCGATTGGGTTTAAAAACCTTGCGCATCTATCAACCATCCATGTTAATGGGTGAGCGGGAAAGAAGCCATTGGTTAGAAAATTTGGCTACCGGCCTTTTCAAAATAATAGACCCGCTGCTTATTGGC
NZ_CP133775.1_gap8	357335	358616	1281	CGAAACAACCGTGATTGGTTACTTTAACCAGGCGGGATTAAGTTTTAAGGAAGATGAGCGCGTTATAGATATTGTAAAAAACGTTGCTGAGTTTATTACTATGGCAGATGGCAAGCTTATCTCCGCTTCTGCTTTGCTTACCTTATTTCTATTCCCTCCTGTTAAGCAATACGGCATGGTTTCGAAATTAAGTGGTGGCGAAAAGAAACGCCTGCACTTGATGAGCATCCTGATCAAGAACCCAAACTTTTTGATATTGGATGAGCCTACAAACGACCTGGATATTGATACCTTGAATGTATTGGAGGAATTTTTAACCAACTTCCCGGGCATATTGATCATGGTATCGCACGATAGGTATTTGCTTGATAAACTAACCGACCAACTTTTTATTATGGAAAGCGAAGGCAAGGTGCTTATTTACAACGGTAACTATACATCTTACCGGTTGGAACTGGAAGAAGCGAAGCAATTGAATAAAAAGACAACACCTGCCCCTGCTCAAACGCAAGCTGAAGCACCTAAAAAAACTAAGCTTAGTTTTAAAGAGGAAAAGGAGCACGAAGGGCTGGAGAAAGAGATAGCAGATATTGAAGACAAGCTGAAAGAAACAACTGATGCTTTAAACACAACCGATATCGACCCAAAAGAACTAACCAAACTGACAGATAAGATAACGTACCTAAACAAACAGTTGGATGCCAAAACAGCCCGCTGGATCGAATTAGGCGAACTAAAAGAAGCGTAATAAGATGAAAACATCAGATATTATTGCTTCTATTGGAGTTATCATCTTATTGGTTGCGTTTTTGCTTAACATGTTTAAGCAGATATCGGCGCAAACACGCATATACACCGGCATGAACTTTATAGGTGCAGGCATGTGTGGACTGTCGTCATACATGATCGATTTTTACCCTTTTGTGGTATTAGAGGGCATATGGGCGGCATTCGCTTTATACTCATTTTTTAATGTTCCACGTGGAACATCTAATTAAGAAATTACATAATGTTCCACGTGGAACATGGAGGTTATATGTTTAAGAAATATAATGTAATAGTAGTTGGCGCCGGGCACGCGGGCTGTGAAGCTGCTGCTGCCGCTGCCAATTTAGGCTCTTCTGTTTTGCTAATCACCATGAATATGGGGACTATTGCGCAGATGAGTTGCAACCCCGCTATGGGTGGAGTGGCTAAAGGGCAAATAGTGCGTGAAATTGATGCATTGGGTGGATACTCGGGCATTATAACCGACAAAACATCCCTGCAATTTAGGATGCT
NZ_CP133775.1_gap9	365786	368010	2224	AGAAAATTACGAAGCTTAAGGAACGTTATCCGAATGCTAAAATACTGGCACATCCTGAATGTGAGGAAGTTATATTGCAGATGGCAGATTATATAGGATCTACCACTGGGATATTAAAGTACGCTACCAACAGCCCCGAAAAGGAATTTATTGTAGCAACCGAAGCCGGTATTTTACACCAGATGCAAAAGGATAATCCTGACAAAGTGTTTATCCCGGCGCCACCAAATAATACCTGTGCCTGCAACGATTGCCCGCACATGAAACGCAATACACTGGAAAAGCTTTACCTGTGTTTAAAAAATGAAATGCCGGAAATAGAGGTGCCTATGCACATCATTGAAAAGGCTGTAAAACCTATTGAACGGATGCTGGAGATTTCGGCAAGTTTAGGATTATAAATAAAAAAAAGTTATTGCGAGCGTAGCGTGGCAATCTTCGATAGAAAAGTATACGATATGACTATCGAAGGGTGCCACGTTACTATTGTTCCTCGCAATTATGATTATAATAAAAATTACGCTTATAATACGTCTTTTTTAGTCTCAACCGCGTCCTGCACACTCTGTGGCAGGTTTGAGAGTAAGTTATAACCTGTTGCGTTTTCAATATCACGCACCGTTACACGGTATTGTTTCCAATCGCTGTTAGTGGTATTGATGTTTGGTGTATTAACTGCTATAACACGTGTATTGCTTGTTACACGGCTTAAGTCGCTATCGCCCGTGGGTACAATAACGGCAACTTTCCAAACATTACTTGGCACTGTAATATGATCGTTATTTATTTTGTTGACGGTACCTTTTGATCCCGTGCCACCTGTGCCGTAATTACCCATTATAATGTAAACCTCGTTACCGGCAACAACCTGCGTGCGCAGGTAATTTTCCATATTGGCCCAGGTTTGCTGGTTATTATTTGGTGCCTGTGGTATCATATTGGTCATCAAAAAGGTAGCAGAATTTGCATCCGCAGAACTTGTCCTGTCTGCAGACGGGCAGTTATGGCCCCTGTCAAAACCTGAGCCCGAATAGCTATTGCTTTCTACATGGTAAAAGGTATTTGATAAACCAATAAAACCTGCAAAATTATTTACACGCGGTGCTGAGTTAGTAATATTGGTGGCATCTAAATGCCAGCTTACCCAGTTTGGTGTACCACGTGTGCTGCTATATGATTCTGTGTAATAGCCCTGGTCTATCAAATAATTATCAACCATAACAATAGCCGGCTGCGCACCCGATGGGTTACCTAATAAAATATTACTGTTATCACCAGTGTCTGGAGGGGCATCAGCACCTACAGTAACGCCGCGTTCTGCAGTTGGGGTTCCCGTACCTGTACCGGGGTCGGTACTGCCATCACCATCGCCGCTGGTATCTGGTGGGCCAACAATTATACCGGCATCGCCTTTACCTTTAAAAGTAATATCATCCAGGTTTATGCGGGTAGTACCTGTTTTTTGGATGCGGAAACGAACAGGCTTTGTGGTAGTAACTTTAAATGAATCGGCAACTAAAGTGGTACTGGTTTCTGATATATTAGCGCCTAACTGTGTATACGTAGCACCACCATCTTCCGATATCATTAACTGCCAGGTAGATGTAGCATCAGTACCATATTTGGCGTGTTTAATGCTGATCTGTTCCACACCGTTAATATCAAATTTCATGGTAAGGTCACCAGTGCGTAAACGCACAGATTTTGCACCGTTTTTAACATCAGCAGCAAGGCTGCCAATTAAACCGTCGTTGAAACTCCACAAGCCGGTATTTAACTGAACATCTGCTACAGCATAAGAAGTTTTGCTGCCTGTTTCAAAACCTTCGGTAATGGCATAAGGCTTTGGTGCTTCGGGTACAACCACTACAGGAGGGGTAATAGGTTGTGTTGAGTTATTGTCTTTTTTACAACTTGCAATAGCAAGCACGAGGGCTGAATAAATAAGTAATTTTTTGATTTTCATGTAAATATATTTAGTAAAGCAAAAATATAGCCTTAGTATTAACCAAATGTTAAATAGTTTATTGTATGATAAATATTACAATGGATATAACACTATGTTGATAAAGCAATTACCTTAAGGTAATTGTACTAAGCTTTTGTATTTTTGCATTACACTGATTTTTGGAAAGTGATTTCACCCAGATATACTTGGCAATCACTTTATAATTGGTGTAATCAAACAATAATCGGTGTAATCAAAAAGAAATATGTTCGAGAA
NZ_CP133775.1_gap10	426085	428866	2781	GGGCCTGCAGAGCTGGTTTTTGACGGGGAGATAGAGATGTAAAGAACAATGCCTTTTCGCCCGTCATTGATCGATAGCGTGGCAATCCCCTACTTACAGAGCCGCAGACAAGTCTATCGAAGATTGCCACGCTATCGCTCGCAGCAATGACGTTCGTATAAGCCAATCACTATTCACCCAATTAACTACTCACTAAAATATTTATACCCGAAAGTTTTCGGGTATAAATATTTTACATTACGTTTGGATTTTTTCTCAGCGTAACTTCTAATAATTTTTTATCTATTAGGAGTTAATGTTACGCGTAGACAGCACCAAACCTTGCCAAATAATTTATGCCATTGCCCGGCACGATTACCTGTCGTACGTTATAGAGCCGCATATTGTTCAGCTGAACCCCAACGGTGAGTTTTCTTTTACCCACCAGCGCTTATTCTCAAACACGGCCGAGGAATTTACTCATTGCATTGATGATACCGACCGTAAACTCATTAAGATACTGGAGGAAATTGAGCAGGGTAACATCATCAAAAAATATTATAAGAAACCCATTCGCCCGTTCGAGTTTTTTGCGAAGGTATTTACCGACCAGCTTTTTGATACCATCCGCCCAAAAATTGAAAAGAAACTGGTAGAGGCATTGGCCTTGATAGGCAGCGGTAACAAGCAGATATACCTAATGAGCAAGGAGGGCTACCCAGCCGGCCGTAAGGTGCATATTGCAGATGAGCCCGCTTCGGTGCTATTCCACTTTAGGCGCAACGAAGAGGAGATCCGCTACTTCCCTACCATCAAATACCAGGGCATGCGTATCGAATTTATGTTTAAAGATGCCGAGGTTATTTGCAACCACCCTGCCTGGATGCTGTTGGACGACACGCTGTATTATTTTGATAAAGAGATAGAAGGTAAAAAGCTACAGCCCTTTCTTAATAAACGATTTATCTCCATCCCAAAATCATCCGAGCAATCATACTTCGAAAAGTTTGTTGCCCCGCTGATAGAAAAGCATAACGTTTACGCCGAAGGGTTTACCATCAATACTGAGAAGCATGAGGCAACCGCTTTCCTGAAACCTATTTACGTAGAGGGCGGCACATCGCAGCTGCAACTATATTTTAAATATGCCGGTTATATTTTCCCTTACGGGGATGGCAGGACAATTTCCGTACGCATGGAGAAAACAGGCGACGATTACCTGTTCCATCGCATCAAACGCTCAGTAACCTGGGAGAAAGGCAAACTGGCGCAGTTAGAAGCTATGGGGCTAAAAACCGTTTCATCTTTATTCCAAAATTTGGAAGTTGCCAACCATCACGAGGAGGGCGACCGCTCGTTTCCCGTTTTTGAGTGGCTTAATCAGCATCACGACGCGCTAATTGAAAAAGGCTTTGAACTGGAACAACCCGATGGACAAAAGCGCTACGTATTCGGTAATACCAAAATAGACCTGGAGATAAGTGAGAATAACGACTGGTTTGATATCAACGCCGTGGTTTACTTTGGCCCGTATCGCATCCCGTTCATCCAGCTAAAAAATCATATCCTCAGCTATAAAAAAGAATTTATACTCCCATCGGGCGAGATAGCCGTTATCCCCGAAAGCTGGTTCTCGCAATACGGCAACCTGCTGCATTTTAGCGAGGGTGGCGATGAATTAAAGCTCCGTAGGCACCATATAGGTTTAGTTAATGACCTAAGCGACGGCGAAATGGCCGAAGTTGCCATGACCCGCAAGCTGCAAAAACTTACCGATTTTGAAGAAACCGAAGATGTACCTATGCCGGTAAATTTTGCCGGTAGTTTGCGCCCGTATCAAAAGGCGGGTTACAACTGGTTCCATTTTTTAAAGGAATACCACTTTGGCGGATGCCTGGCGGATGATATGGGACTTGGTAAAACCATCCAGACGCTTGCCCTGCTGCAAAAACATAAGGAAGATACCGAGGAAGTAGGAAGCAAAGCCACATCGTTGGTGATCATGCCAACCTCGCTGATCTATAACTGGCTTAACGAGGCTAAAAAATTCGCGCCGCAATTGAGGTTGATGGTGCACACCGGGGCGTTCCGTTATAAATCGGTAGAGGTTTTTGCCAATTATGATGTGGTGATCACCACTTACGGCATCAGCCGGATAGACATCGAAATGTTTAAGGCCTACTTTTTCGATTATGTAATATTGGATGAGAGCCAGAACATTAAAAACCCTTCTTCGAAATCATTCCAGTCGGTAAGGCAATTAAAATCGCGTTTTAAACTGATCCTGAGCGGTACGCCTGTAGAGAACTCGGTGAATGATCTTTGGACACAGATGTCGTTCATTAACCCCGGCTTATTAGGTACGCAGCAGTTTTTTATAAACGAATTTGTTACGCCGATAGAAAAGAAGAAGGACGAAGACAAAGCCCGCAAGCTGCAGGCCATCATCAAGCCTTTTGTATTGCGCCGTACTAAGGAGCAGGTAGCCACCGAGCTTCCTCCAAAAACCGAAACCTTGCTGTACTGCCAGATGAGCGAGGAGCAAGCCGAGGTATACGACAAAGTAAAATCGGAATACCGGAATGAATTGCTACGCAGCATTGAGGATGGTACCTACGCCAAAACCCAGATCCAGGTGTTGCAGGGCTTGATAAAATTGCGCCAGATCGCCAACCACCCATCTATGATAGATGCGGACTACGAAGGCGATAGCGGCAAATTTGAGAACGTTACCCACACCCTTACCAATGTTTTAAACGGCGGGCACAAGGTGCTGGTGTTTTCGCAGTTTGTAAAGCAGTT
NZ_CP133775.1_gap11	493827	496297	2470	GAAATGCTTAATATGGTATCAATATCGTCCACATTATCCGGGATAGAGCAGCTGCGGGTGATCTGCTTAAAGTCGCTGTACTTTATTTTGAGGGTAATGGTTCGGCCCTTTAACCGGTATTTCAATAATCGTTCGTTTACGATCTTGGCTATCTTCTCCAGTTCGGCGTGCATTTCCTCTTCGGTGGTCAGGTCATAGGCAAATGTATCTTCGGCCCCCATTGATTTTGTTTCGCGGTGGGGTTGTACATCCCGGTCATCAATCCCACGTACTATCATGTAATAAAACCCGCCTGCTTTTCCAAAGCGGCCGGTCATATCCTCTTCGCTTAATTTCTTCAGATCGGCACCGGTAAACAGGCCCTGCTTTTTCATTTTTTCGGCAGTTACCTTACCTACGCCATGGAATTTCTCTACAGGCAGGTTCTCCATAAAGTTTTCTATAGATGACGGGCCTATGAATGTTAAGCCATCCGGCTTTTTTATATCAGATGCAATTTTAGCAACAAACTTATTAATAGACACACCTGCCGATGCGGTAAGGTTCAGCTCATCTTTAATAGCCTGTTTTATTTGCTGCGCGATCTCGATAGCCGAGCCGATGTTCAATTTGTCATTGGTAACATCCAGGTATGCTTCATCCAGCGAGAGTGGTTCTATCAGGTCGGTGTATCTCCCAAAGATCTCACGGATTTTTTGCGAGACCTCTTTATACGCAGCAAACCTTGGCCTCACAAATATGGCATGCGGGCAAAGCTGCAGCGCCTGCTTTGATGACATGGCCGAGCGGATGCCGAACTTGCGCGCCTCATAACTTGCGGTAGCTACCACACCACCTCGCCCTTCGGGCAGGCCGCCAACTACCAGGGGTTTGCCACGGTATTCGGGGAAATCGCGCTGCTCTACCGACGCGTAAAATGCGTCCATATCAATATGGATTATCTTCCGTTTTATCTGAACTTCGCTATCTGCCACTTTATGCTAAACTTTAAAAGCCCCCTTAAGCCCCCTCTAAATCTCCCCCGGTAGGGGAGCCTTTCTTTCCTGCACCCTCTCCTTCGGAAAGTTGGGGAGAGGCTAATTTAATTTACCTTTGGCAAAATTACTCAACTGTATATAATATAATGTCATCCCACCACATTGTACGCGAAAAACAGGAACCTGCCCTGCTGTTATTAAGCCTCGATAACTTCTCTGAAGAATTATTGGGCCAACTGTTGGAGTGGAGCCCAACGGTGATTGCCACGCCGCTTATTGCCGAGCAGATGAACAGCTACGAAATAAAGATAGACATTATTGTAGCGGATGAAATTGACAAAACGCTACAATCCTATATCAGGCAGATCCCGCAGGCAGGTGCATCGCAGGTAGAAGCTGCCCTCAATTTTCTTATCCAAAATGAATACAAAGCCGTAAATGTAGTGGCCGATGAGGTAAACCTTAATGAATTTACCACATTCGCTTCCGAAATCAACATTGTAATATATAGCGGAAACCAAAAAATTTACGCGGTTAACCCCGGCTTCAGCAAATGGAAACCCGCGGGCGAAAGTATCCGCATCTTATCCTTATATTTAAACCTGAAAACCAATGGGTTAGCTGATAAAGGTAACGGTAATTTTGTCACCACAACCGACGGCTTCATCAGCCTGAATTTCGACGACGGGTTACTGTTTATAGCTGAAGAGATCTGATTAGGATACAAGCCTGACAAACAGGGTAATTAGCGGCTCATTTTTGTTTAAATATAATTATACATCAATTAAACCGTTGATGTGTTTCGTAGTCTTAATACATACATCGGCTTTTATATACCGATCAATTATAAATTTCAAGATGAAAACAGGATATAAAAAATTATTAAGTATTGCCTTAAGCGGAGTGTTGCTCATGTCTTTAGGCCTAAACGCCAATGCGCAACGTGGTAGCAGAGGTGGCGGCGGCGGCGGTTTTAGCGGCGGCGGCGGTGGTAGTCGTTCATCCGGTGGTGGTGGCGGTGGTGGCTTCAGTCGCCCATCAAGTGGTGGTGGCGGCGGTTTTAGTCGCCCGTCTGCCGGGAGCAGCGGTGGTTTTAGCCGTCCGTCTGCAGGTGTTGGCGTAAGCCGCCCTTCCGGTGGTTTTAACCGTCCATCCGGCGATGCAAGTGTAGGCCGTCCGTCAGGAGGTTTCAACCGTCCGTCAGGTGGGTTTAACCGTCCCGGCACATCAGTTGGCGTAACACGAGGCACAAACGGTTTTAACCGTGGTAATACAGCTGTTTTAGGCAACCGTGGTACTTACAGCGGCAGCCGTGGAACTTATAGTGCAGGCGTAAGAGGTGGTTACCGTGGCGGTAACTATGGCCGTTACGGCTACGGTTACAACCGTGGTTATTATGGCGGCTCGCGTTACTTTAACCGTGGTTTTTATAACAACCGTGGTTTCTATAATTCATACTATTTGCCACGTATTGGTTTTAGCATAGGCGTATT
NZ_CP133775.1_gap12	499360	501114	1754	TTAACGGCGGTTATACTATTGGCAGGAAACCTAAGTAAAATTTAATCCAAAGTTATTTGCCTTTTGATGCTTTCTTCAAGGGAAATAAATGTCTCGGTGCGTTGGATGCCTTTTACGCTTTGGATATTTTCGTTTAATACCTCGCGCAGGTGGTTGGTATCGTGGCAAACAATTTTTGCAAAGATGCTATAGCTGCCGGTAGTGTAATGCAGCTCTACAATTTCTGGCACTGCCTTCAGTTGTTTTACGGCATCATTATACTGCGATCCTTTTTCAAGGAATATACCCAGGAACGCGGTTACATCATAACCCAGCTTTTGCGGGTTTACTTCCAGGCTGGCACCTTTAATTACACCCATCTCCTCCAGCTTTTTCATCCGCACGTGTATGGTTCCGCCCGAAACGATCAATTCTTTTGCGATTTCGGTGTAAGGTGTGGTCGCATTTTTCATCAATATTGATAAAATCTGAATATCCAGATTATCAATTTCTAAATTTTGAGGTTTCCTGTGAGGCATAATTTTAAATATCTATATTCAAATACAAGTATAATTATAATAAAAGTAAAAATAAAAATATATTGTTGAAATATTTGCAAGAAACTAACAACTCTGTTAGATTTGTATACAGCAAATGACAATTGCTTTATTGTTCTTTAAAAACAAACATTGTTGGGTGGTGAAATTTTTGGCAGACACACCTCCTTGTCCCGGTGGCGGAGAATATGGGAAACCCGAAGCGGGCTAACTACTCTGTGAAGGTTCGACCCCTTCCCCAACAGCTATTAAACTGAGAGGTTTAATTAACATCCTGTAGGATGGTGAAATTTTGGCAGACACACCTCCTTGTCGCGGTGGCGGAGATAATGGGAAACTCTTAGCAATAAGAATAACCACTCTTTGAAGGTTCGACCCCTTCTCCTACAGCTCTTCTCATAATTTAGGTTTATAATTGGTTAGTAAAGGCCCCTGCCCATCAGGGGCTTTACTTGTATAAGAGACTTTTTTTTGGACCGTAATTCTACAAATAAATGACCGTTAGTATGTCATTGCGAGCGATAGCGCGGCAATCTCAGCATATCTGATTGTCCTTTAAGATTGCCACGTCACTACGTTCCTCACAATAACATAGGGCCTTTTTCCTTCATCATTTATAATTCACATTCGGTGTTCAATATTCTTTTAAACAAAAAGATCCCGGCTGTTCACCGGGATCTTAGCATGAATTTGTTATTTCACTTAAAAGAACTTGAAGCCTACGCTTAACGCCCAAATGTTTTGGCGTTGGCCGTAGCTTTCGTTTATTTTGGTTAGGCCGCCCTCGTAGCGCAGGTCGGCAGTAATATGGCCTATGTCAACCCCGCCACCAACCTGGTAGCCCAGCGTGCTTTTTTTATAGTTGCCAAAATCGTTATAAGCACCGCTTACATTATCGCTAAAGTTTTGGTTCTTATCCATCAAATAGCTGTAAACCGGCCCGGCCATTATCCTAAAATTCAGGTTTTCGCCGCCAAAACCTTTACCTAATAATAGCGGTACGTTAATGCTGGTAAAGGTTACCTTGCCGTTTGAGGTTACGGTACCGCCGCTATTATTAAAATCGAATTTACCGCCACTGCTGGCTACATAAAGCTCGGGCTGCAGGTAAAGGCTCTTACCAAAACGCGCAAATAAGCCTGCCTGGTAACCAGCCACGGTTGATTCGCCTACGTTATTGGTACTTATCTTGGAGAAATTGACGCCCGCCTTGGCGCC
NZ_CP133775.1_gap13	632794	634249	1455	TTCCCGAACTTTTGGTGGTAAAGTTTGGCTCAAAAATCTTTTCGCGCATACCCTCGGGGATACCGTTGCCATTATCTTTTATGGTGAGCAGTATGTTTTTGTTAGTAACCAGGTAGTGGATATCAATAATACAGGCACGCTCTACAGGCGTTGCCTCTATAGCGTTTTTAAGCAGGTTGTTAAAGCAACGCAGTATCTGGTCGCGGTCGGCACCAATAAAGAACGGGGCTGTCGGCGGGTCCATATTAATGGTTACGTTATCCATTTGTTTAAAAATGGTTACTGCTTTGCCAAATACTTCAAAAATATCCATACGTTCTATTCGCGTATCAGGCATCTTGGCGAACGCCGAAAACTCCGATGCTATAGACGACAAGCTTTCTATCTGCTCCACAAATGACTTACTGAAACGCTCAAACTTTTGATCGAACTTAGGATCTTTATCTTTCCACGATTTATCAAGCAGTTGCAAGCCCAGTTTAAGCGGCGTAAGCGGGTTTTTAATTTCGTGTGCAACCTGCTTCGCCATTTCGCGCCAGGCCGTCTCACGTTCGGACTGTGCCAGCTTTTGGGCGCTGTTCTCCAGCGCGGCTATCATGTTATTATACTCTTTCACCAGCGCGCCTATCTCATCATCGCGGTCCCATTTAATAGGCTCGTTCTTTTTCCCGTAAATGGTTTTACTTAAGTTATACTGTATAAAGTTTAGCGGTGCGGTTATCTGGCGGGCAATGATCACTGCAAACAAGCCGATAGCTATAAATATAAGCGCGTAAACATTTATCATGATGTTTAACAGCGAGCCAATTCGCTCGGTATAATCTGCTTCATTAGCAAAATACGGTAACTGCAGGTAAGCTATAGTTTGGTGCTTTACATTACGAATGGGTGTATAAGCAGCGGTATATTTTAGTAAGCCTATTTTTTCCTCGCTAACTACCTCAGATTTTTGCATGCCGTTTAACGCGATAAATGCACGGCCATTCATCTGCCGGCAAAGTAAGCCGTAATCGTAAATTTTGGGTTGGGTGGTTATCAGTAAATTGCCGTTAAGCCCAAAAAGGGTAAGATCGGCAGAGTAAGTATTCGCCAGGTCATCAAATTTGATCTTGCTGTTCTCTGTAATTTTACCGGTGTAATTTGTTATCGGCCCGGCCTCTAAAGCCGCAGATATCTGCATTATTTTTGACCGGATGAGTTTCTCCTGCTGCGCCTGATATTGCGTACTGATAGATACGAATGTTATTATCCCTACCAGTATCAGTGTTATAACCACCGCGAATATCATTGAGAACTGGATGCGTGTTTTGTATAATATCCTGTCGAAAGTTAGTTTGAATGTCCACTTAATGCGGTCGTTACTAACGTTAAAGATCTTCAGTCTGATCCATATAGCGCGTGTAAGCAATATGATGGCGCCAAAGGCAAGCAGCACAACAAAAAAGAAAGTTAACG
NZ_CP133775.1_gap14	652012	653124	1112	ATTCATGGGGCCGATCAAAATGACGGTTACAGGGATCAATGCCGGGTTGCAGCATAATATCATTCCGAATGAATGCCAATTTATGGTAGATGTGCGGCTGAGTGATTGTTTTACTGTTGAGGAAATACTCGCTATGATCAGCCAACATACAACTTCTGAGATTAAGGTCAGGCCGGGTATACTGAAGCCAACTTGCATTGATCATATTCACCCGGTTGTTCGCACAGGTTTATCTATCGGAAGGAAAACATTTGTTTCGCCAACCAGTTCGGACCGGGGCTGGCTCGATGTGCCATCTATAAAGATGGGGCCGGGTGATTCAGCCCGTTCACACATGGCCGATGAGTTCATTTTTATAGAGGAAATAAGCGAAGGCATATTAATTTACATCCGCCTGCTTAAATCAATGATGTATTGTTTGATCAATAATCCGGATAATCAAAACAGGACTTAAATATTCAATTTTAGTGGAAATAAAAAAGATACCATCGTCCACCGTATTGGTGATTGATGATGAACAGAAACTGGCGTCATTAATTGGCCGGATATTGGAACTGGAGGGTTTCCGGGTAATCATTGCACATACGGGTAAAGAAGGCCTTAAAAAGCTGATGCTTGAAGATATACAAGTAGTGGTAAGTGACGTCAAACTCCCGGACATCAACGGCGTGGACCTGGTAAAGATGATCAAAGATAAAAAGCCCTTTGTGGAAGTCATCAATATGACCGCTTACGGCACGATATCGGATGCCGTTCGGGCGGTTAAAAATGGCAGTTTCGATTATCTCACCAAAGGCGATGATAATGATAAGATCATTCCGTTGGTTTACAAAGCAGCCGAAAAAGCACATTTTCATATCCGGATATTTAACCTGGAAGCCCGAATTACAGGCAAATATAGTTTTGAGCATATTCTTGGCCGGTCAAAAGCTATACACGAAGCCATCGGGCTTGCCAAAAAAGTAGCAGTTACCGATACTACCGTCCTGCTTCTCGGCGAAACAGGTACCGGTAAAGAAGTATTTGCCGAATCGATTCATTATGAAAGTAACCGCAGATTGCAGCCCTTTGTGGCTGTTAACTGCAGCAGTTTTCCTGCAAGTTTATTGGAA
NZ_CP133775.1_gap15	654195	656934	2739	TCCTTCGCCCTGATGCTGGTTATCGGCATCCCGCTGGGCAAGTACCTGGCAAAAATGTTTGCCGGCGAAAAGGTATGGACCGATTTTATGAAGCCTGTAGAAAGTGGCATCTACAAATTGTCGGGCATCAACCCTAACGAGCCCATGACCTGGAAACAGTTTTTAAAAGCCATGATGTGCATCAATCTTTTATGGTTGGTTTACGGCTTTTTTGTATTAATGCACCAGGATAAGCTGCCCCTTAATCCCGATGGCAACCCCGGCATGACGGCCGACCTGGCCTTTAATAGCATTATCAGTTTTGTGGTAAACTGTAATTTACAGCAATATAGCGGCGAAAGTGGTGCCAGTTACCTGGTACAGCATTTCATATTTATGTTTTTACAGTTTGTGAGTGCCGCAACAGGTATTGCCTGCGCAGTAGGTTTCTTTAAAGCTTTCCGTGATAAGACCACTAATGACATCGGTAACTTTTGGAACTTTTTTCTAAAAGCGATCACCCGTTTATTATTGCCTCTATCTATAGTAGTAGCCTTAATATTAACCTTTAACGGCACGCCAAGCAGCTACGCCGGTAAAGACCAATTCATATCCCTGCAGGGCGATACCGTACACGTATCGCGTGGCCCGGCAGCGCAGTTCATCGCTATTAAGCACTTAGGTACAAATGGTGGCGGCTGGTTTGGTGCAAACTCGACACACCCGCTGGAAAACCCTAACTACTTAACTAATATTACCGAGATCGTTTCGCAGATGATCATCCCTATTGCGATGGTTCTTTGTTTCGGATACTTCATCCGCCGCAAAAAATTGGGCTGGATAATTTTTGGGGTGATGATGATAGGCGCTTTGCTCCTGCTTATCCCAAGCATCGGTAGCGAAACGGGTGGTAATACCGCTATTGCCAAAATGGGCATCGCCCAGCCAACCGGCGCTATGGAGGGTAAAGAAGTGCGCATAGGGCCAACCGCGACAGCCTTCTGGAGTACATTTACCACCATTGTATCAACCGGTTCAGTTAATGGGATGCACGATAGCACCATGCCACTTACCGGCTTATGGCAGTTACTGGGCATGATGATCAACGGCTTCTTTGGTGGCTGTGGTGTGGGTGTGTTAAACTACTTCATATATCTCATCATCGCCGTATTTATATCCGGGTTGATGGTTGGCCGAACCCCTGAGTTTTTAGGCCACAAAGTAGAAGCCCGGGAAGTGAAGATCGCCGCTTTGATAACCTTGCTTAGTCCGTTTTTAATTATGGCGGGCACAGCTCTCGCAGCCTTTGTATTCACCAACCATGGCAATGCCGACTGGGCAGTTAAGCCATCGGCATGGTTAAATAACCCAAGTTTCCACGGCTTTAGCGAGATGCTTTACGAGATGACCTCAGCTAACGCCAACAACGGCTCGGGCTTCGAGGGTTTGGGCGATAACAATATCTTCTGGAACGTATCAACAGGTTTTGTTATGCTGTTAGGCAGGTTCCTGCCTATAATTGGCCCTGTTGCCATTGCAGGTTTGCTTGCCCAAAAGAAATACATCCCGGAATCAGCAGGTACTTTGAAGGTAGACACGGTGACTTTCGGCCTGATGACCTTCGCTGTAATACTTGTTCTAAACGCATTATCGTACTTCCCTGCTTTGGCCCTGGGCCCTATTGCAGAGTTCTTTTCAATGCCTAAGTAATTAATCACATGAAAACTCAATCTAATAAATTATTTGAAGCTGTGTTGGTGCAAACCGCATTGAAGCAGTCATTCATCAAACTGAATCCAAAGGTCATGCTGCGTAACCCGGTGATGTTCACCGTGGAAATAGGCACCGCCGTTATGCTGTATATGAGCGTTTACAGCTTGCTAAACACCGGCCAGGGTTCGTTCGCCTATAACTTTATCATCTTCATCGTACTGCTGCTAACCCTGCTGTTTGCCAACTTTGCCGAGGCTATAGCCGAAGCACGCGGTAAGGCACAGGCCGACAGTTTACGCAAAACCCGTGAAGAAACACCTGCCAATGTTTTAATGCCCGACGGCAGCGTTGTTAGTAAATCATCAAACGACCTGCGTAAAGGTGATGTGTTCGTTTGTGAGACAGGTGATACTATACCTACCGATGGTGAAATCACCGAAGGTTTGGCAACTATAGATGAGTCGGCAATTACAGGCGAGTCTGCCCCGGTTATCCGCGAGGCGGGTGGCGATAAATCATCGGTAACAGGCGGTACAAAGGTATTGTCAGACAAGATAAAAGTGGTTGTTACCACTGAACCGGGCGAAAGCTTTTTAGATAAGATGATCGCGCTGGTAGAAGGTGCATCGCGCCAAAAAACGCCAAATGAGATCGCCTTAACGATCCTGTTGGCCAGCTTTACGCTGATCTTTATTATTGTATGTGTTACGCTAAAGCCATTTGCAGATTATGCCAACACCCCGATAACCATTGCGGCATTAATATCCCTTTTCGTTTGTTTGATCCCTACAACCATCGGTGGCCTTTTATCGGCCATCGGTATTGCGGGGATGGACAGGGCATTGCGTGCCAATGTGATCACCAAATCTGGTAAAGCGGTGGAAACTGCAGGTGATATTGACGTACTATTGTTAGATAAAACCGGTACAATCACAATTGGCAACCGTAAAGCGACCCAATTTTGGCCTGCACCCGGTGTATTGCCTGATGATTTGGTAAGGGCGGCGGTACTATCATCATTGGCTGATGAAACGCCCGAAGGTAAAT
NZ_CP133775.1_gap16	692611	694008	1397	AACGCAGGCACCGGCTCACAAATCCAAAGCGATGGAAAGATCAGGTTGAGTGCTTCGCTGATGGATGGCAAAACCCAAAAGTTTAGCGGCGTTATCAATATAGTGGATGTAAAAAACCCTATCTGTATTGCCGAGAAACTAATGGAATATGACGACCGCGTACTTAGCGGACAAGGTGCCAACGGCTTCGCAGCTGAAAACGGGTTTGCCTATTACAACCCCGAAATTCCCCAGCGCCGTAAAGAATACGAAAAAAAACTAAGCGACTCTATCCGCTTGGGTACCGTTGGCTGTGTGGCGCTTGATATTTATGGCGACATCGCGGCAGCAACGTCTACCGGTGGCAAAGGTTTTGAGATCCCCGGCAGGGTAAGCGATTCTGCTACTACGGCGGGTAATTACGCCAATGCTTTCGCGGGCATTTCCTGTACCGGTGTGGGCGAGGATATCACCAGCGCGGCTGTAGCCTCAAAAATTGTTACCCGGGTAACCGATGGCATGCCCCTATCTGTCGCTACAGCAAAAACTCTCGACGAGATGAAACCTTATGATGGTTTTGCAGGCATCATCGGCATTACCCAAACCGGCGATATTTATCATGCCGATACCCATCCATACATGGTTTGGGCCTTGCATGATGGCGAGGTAGAGGTGTTTGAGTAAGCAAATAATCCAATTTTAACAGTAGCGTTAATTCCTATAAACAATATTTTCTCTTAATTTACGTTAATCAATCACGTTGTGCAAGGCTGTAAATAACAGCCATTTATACCCGGTTTAAGGCATTGCAAATCAAAAGAGTATTTTTTATATTTGCATACCAGTTAAATTAATTAACTTAATATCCCCCGCTTATAATTTAAATGCGATACTTAATATTAGTGATCTTTTGCGGTTTAAAACTGTCGGCATCTGCCCAATGGTGGCGCGGCGATTTTAAAAAGCACGTGCGTTACGCTCAAATATCACAGGTAAAAGACCATTCCCTTAAAAGGTATTTGGCAGACAAACCGGCCCGCTACAACCCGAAAAGACTCGCAAAAAATATAATAGCGCGTAGCCAGTTTAGCCTTGAAATTAATGAGCGTATAGTAATGCGCGCGGCCCAGCACAACATGCGTTTCCGCGAATATGCTTTAGCCAGCTACCGCTTTAGCGAACTTGCAAAGATCTATGTTGGCGAAAACCGCCTGTCGGAAGCTAAGTGGTACTATCTGCAAAGCATCCTCATCTCCAAACAACAAAACGACTACCAACACACCATTAATAACTTAATTAGCTTGGCCCTTATTAAAGCCGACCTTGGCGATTTGACCCAGGCACAGCAGGACCTTGCCGAGGCGCGCGACCTTGCACGTACTACAGGCCGTACCGATGACGTTAAGTTAATAGATAGC
NZ_CP133775.1_gap17	738944	741261	2317	TCACCATTATGCTTAGCGAAAGGAAGGGGATAACGATAACAATAAGCGAGATGAGTATAATTATAATTGCGGCAAGGGCGCTGTTAAGGCTTTTGCGCTCGGTCATATAAAGATAGAACGGCCTGAAGATGGTGAAGAGAACTATGGCTCCAAGTATGGAGCTGAAAAGAGCGCTAAGGGCGTAAAGTAAAAAACAGCCGAGCGCAATAATACTTACCAGTATAATGTTGTTGCGCTGCTTATAGTTAAAGATAGACATTGTTACACCCGGGAAAGCTAATTGTGATACGAATATATAACAAAAAAGCGCCAAAAAGTTTCAGCTCCATTGCATATTTTCTATTCAAAATCGCCCAACAACTTATCTATTTTTTGGGCAGATTGGGTAATGCTATCCATGTACAACCCAAGGTCGCTACTTTGATCTTCCACCTCGTATCTTAAGCCTTCTAAAGCGAGGTAAATATTGGAGAGCTGGTTCTTAATATCATGCTTCAACATATCAACCGCCTCGTGGCTAACCGGTTTGTTTTCTTTTCCTTCGGCCATAATTATTTTAGGTTGATGGCCTTCATTTTATTGTAAAGCGTTTTGCGGTCAATGTTCAGGATCTCGGCAGCTTTGGTTTTGTTGAAGTTCACTTCGCGCAGCACCTTTAATATGGTTTCGTGCTCGGCGCCAAGGGCGGCATTTTTAAGATCGTGCTTAGGTTCTTTGGCCTCGTTTGTTGCCGATAGGTTTGACGGCTCGTATGCCAACACCTTAAAGTTAGAGATTTCCAGCGGGAGGGTTTTCATAGTGATCTCATTGCCCTCGCTTAATAAGGTTGCGCGGCGTACCACGTTCTTCATCTCGCGGATGTTACCCTGCCAGCGGTAGTTCATAAAGCACTCTATAACCTCGGGGGCAAAAGTGGTTACATTGCGGTCAAGCTCCTGGTTCGCAATTTTCAGGAAATGCTCGGCAAGCATCATAATATCGTTACCACGCTCGCGCAGGGGCGGCATATAGATGCTAAACTCGTTAAAACGGTGGTAAAGGTCCTCGCGAAAACGGCCTTTGCTGATCCCTTCCTGCAGGTTCTCGTTTGTGGCGATGATGATGCGGACATCCAGATCTATTTCCTTGGTGCTGCCAATGCGTTTTACCTTACGTTCCTGCACGGTACGCAATAGCGCTGCCTGGATCTCGTATGATAAGTTACCCACCTCATCCAAAAACAAGGTGCCGCCGTTAGCCATTTCAAAGTGACCGATTTTGGTGTATAAAGCGCCCGTGAATGACCCTTTTTCGTGGCCGAAAAATTCACTTGAAGCCAGTTCTTTGGTAAGCGAACCACAATCCATCGCCACAAAGGGCTGGTTATGGCGCGGGCTGTTCAGATGGATGCTTTTGGCAACCGACTCTTTACCGGTACCGCTTTCGCCCAATATAATAACGCTGTAATTGGTTGGGGCAACCAACTCAATTTGTTTTAAAAGTTCTTTTGATGCGCGGCTGGTACCTACTACAAATTCGCTGGATAAGATCTGCTTTTTGTTTTCTTTCTGCGGCTTGTCGTTACTGTCCGCGCTGTAATCGTTGGCGGCCATTTCCTGCAAGGCGTACTGGGTTTCAATAGCCTTGGTAATGGTATTCAGAATCTCATCGGGGTAAAGGGGCTTGGTGATGTAATCATAAGCGCCCATTTTGATGAGCTCTACAGCCATCTTAATATCCGAGTAGCCGGTTATGATAATTACGCCTGTTTTTGGGTAAAGCGCTTTAATGTTTTTAAGCATCTCGCGGCCATCGGTATCCTCCAGCCTAAAATCGCACAACACCAGGTCAAAATCGCCCTTTTTTAAACACTCCATACCTGCACCGCCGTTGGCAGCCGTGCTTACCTCAAAACCATTGCGTACCAAGAATTTTGATAGTAAAACCCCAACGTTAACTTCATCATCAATGATGAGTATTTTCTTCATAGCAGTATACGTGAGTGCAGGTAAATGTATTTGCAGTTAAATTACAAATATTTGCTAAGTTATTAGAATTATAATTGATAGCGTATAAAAAATGGTTTTACAACAAAAAAGGAGACCATAAGCCTCCTTTTTTTGTTCAATCGTTGTGTTTTTTATAGGTAGATGTTTAGGGCTTAGAAACCGTAAGCAACGCGTACACCTAAAAAGCTTGGTTTGCTGTTTTCAATAGCACTGTTAAATTTGGTAGTAGCTTCGTAACGTACACCGGCATCAATAAAGTTACCGCTTGCACTAACCGGGAACTGAACACCAATTTGCGGCGCATAAACAAATGCTACAGATTTATCATT
NZ_CP133775.1_gap18	827002	831003	4001	AGCACCCTGCAAAGCGCCGCCTTTAACGCCTGTGCTAAAAGTGGTACCTGTGTTTGTACCGGCAACTTTTGAAACGCTGTCAATCAAATTGCCGTCAAAAGACCATTTTGCAACAAGGCTTTCGGGTGCAACTTCGTTTGAGCTGGTGAAACCATCAATACTCAACGGCGGCGCGTAAGTAGAAGGGTCGAACTTTTTTTGACATGATGATAGCGCGGTACTTACAAATGCCGCTGCTATTAAGCATATATTTAATTTTTTCATTTTGTGTGAAGGTTAAAATTAATTGTATCCCTGGTTTTGAGTTAATACACCAAAGCTTAGGTCGATCTCGTTTTGAGGGATCGGCCATACTTCGTTTTTGTTAGCTTTCCAGCCTTTAGGGCCAAATACAGCTAAACCACGCCCCTGGCGTATAACATCGAAGTAACGGTCGTACTCCTGCGATAACTCAACCCTTCTTTCTTTCCAGATAGCGGTGCGTAAAGCATCTTTATCTGTAGTTGTAACTTTTGGAAGGATCGCGGCATTGCTACCCCTTGCACGTGCCCTAACCAATTCAAGGTCTGCAAGTGCGGTAGTTGCATCGCCAAGCTCGTTGGCAGCCTCGGCATTCATTAATAATACATCTGCATAACGTATCACGCGGATATTTTGCTGTACCCCCTCGTTATAACCGGTTACGAACATGCCGAAAGGCACATAAGATTTTTGGTTATACATAGGGTTATCACCTGTTGCCGGGATAGCATCACCTTCTGGTGTTGTTTCGCCACGGAAGATGATAGAGGCATCACGACGAGGGTCGCCGGGTTCAAAGGCATCGGCAAGGTTTTGAGTTGGAACGTTAAAGCCCCAGCCACCACCTATTGAACCTCTTACACCCTGTATTTGTGAATACTGGGAGTTTGACGCATCCGGGTTGCCCGGGATCAAATCACTCTGGATCTCAAATACCGACTCTGAATTGTTCTCGTTATTGGTCCTGAACATTTGCTCGTAATCAGGGAACAATGTATAACCTAAGCCTTTTACCTGGTTAGTAAATGACAATACATCAGCCCATTTTTGCTGGTACATAGCAGCTTTTGCGTGTAACGATAGCGCGGCACCTTTTGTGATACGGCCAACATCCGCAGCACCATAGCTTTGTGGTAACACAGCGGCAGCATCTGTAAGGTCTGTTTCTATAGCAGCCCAAATTTGGGCTTTAGCGGTGCGCGGAATGTTGTATTCGCTTGCATCTTTTGGTGGTGCAAGGCGCAATGGTACATCACCAAATGCCCTAACCAACCTAAAATAAGCGTAAGCCCTTATGAATTTACATTCGGCAATATAACGTGCTTTTAGGTTAGCATCCATTTCAATTGCAGGTACGCGGGTAATAACCTGGTTTGCAAAGTTGATGGTTTTGTATTCCCCACCCCAAAAATCACCAAGCTGGCCCTGGCCCGCAGTTACCGTGAAGTTGTCGTAATCGTTCATGAAAGTTGCATCTGTGGCACTACTTCCTTTTTCGGTATCGTCAGAACCAACGCTTTCAATAGCCATTGGGGCAAATGCAATGTTTGTCCACTCGTGCAGGTTGGCGTAAGTAGCACTTACAGCTGCCTTAGCATCGTCTCCTGTTTGCCAGAATTGTGCTGCCGGTTGCTGTGCCTGGCGGGGTACATCTAAAAAGCTTTTTTTACAGCTTTGCGTTAATATAAGGGTTGCAAAAAGCACAAGTCCTGATGCTTTATACAAGATATTTTTTGAGTGATTCATTTTTAATCAGATTAAAACGTAACGTTAACACCAAAGTTATAAGTAGCATATAGTGGGTATACGCTGGCATCAATACCAGTGCTGCCCGGGCCGCCACCAACTTCTGGGTTAAAACCTTTGTATTTAAAGAAGTTTAATGGGTTTTGCGCGTTCGCGTAAACTCTTAAACGTTTTATGCCAATCTTAGTTAACAAAGCGCTTGGCAGGGTGTAACCCAATTGCGCGTTCCTAACCCTGAAATAAGCACCGCTTTCTACATAGAAAGAGTTTGGCGCCGAGTTGCTTGTGTTACCAACATTTGCTGATGGATAGGTAGTTGAAGTACCCGGCCCGTGCCAGCGGTTGTCATAAAAATCTTTAGTATAGTTTTCGTTACCAAAGCGGTAAGCCACGTTTGCATTGTAAATATCAACACCTGCAAGGCCCTGGAAATCTAAAGCCAGATCGAAGTTTTTATAACCAAAGCTGGTGTTAAATCCGTAGTTATATTTAGGGTTAGGGTTACCTAATACAACACGGTCTTTACTGGTAATCACGCCGTCACCATCTGTGTCAGCGTATTTAAAGTCGCCCGGTTGTGCGCTGGTTTGGCCGGAGCTTGCAACCTCGGCAGCAGTTTGGAATACGCCAACAACTTTATAACCGTAGAACTGGCCAATTGGCTCGTTAACTACCGAACGGGTTGCCAATGCACCGTTAGCTATACCATCGCCACCCTGGTAAAGTGGATTTTTACCGGATACAACTTCAAGTAATTTATTGTTGTTGATGCCGATGTTGCCACCTATAGAGTAAGTAAACTCGCCTGAAGTACCTCTCCAGGTTGCAGAGAACTCAAAGCCACGGTTTTGAATTTTAGCCTGGTTGCCAATTAACCCGCCTGATGTACCAGTTGATGATGGTACAGGGATAACAAATATTGCATTGTTAGTGGTCCTGTTGTAGTAATCAGCCTCGAAAGTTAAGTGGTTGTTAAACATTGCCGCTTCTAACCCAATATCGGTACCAACACCAATCTCTAAACGTAAAAGCTGTGGTTGTACGGTGTTATAACTTGCGCCCTGGTATGGTACGCCGCCAAAAATAGCGGTTAAGTATGGGTCACGTGCGATGGTTGGTGTTAGTGGGTTATACGGGATACCCGCGTTACCTACTTTACCCCAGCTGCCTCTTAATTTCAATAGATCAAATACATGCTGATCTTTCATGAAATCTTCTTTGGTAATAACCCAGCCTGCACCAATTGATGGTAAGGTGGTGTGTAAGAAATCGCCGTAGAATTGTGAAGCAGCATCATCACGGATGGTTGCATTCAACAGGTACTTGTCTTTAAACGCGTAGTTAACACGGCCAAAGTATGATGATGCTGTGTTTAACGAACCGCCATCTGTTGAAGTACGATTTGTACCAAGCGACAAATACATGTTTTCGTCACCACCGCCCGGTACGTTTTCTGCACGGCCGTTAAAGGTGTAGCCTTGGTTGCGTTGAGCGGTTTGACCGGCTAACACGGTTAACCTGTGGTCGCCAAATTGGTTTTCATAGGTTAGTGTGTTTTCAACTATCCAGTTGCGGGTTTCTGTCCTGTCCTGGCTAAGTACGCTTGTTGTATTACGCTGTTTTAAAGTAGCAACGTAAACAGGGTTGTAGTTTTTAACCTCGGCCTGTCCAAAATCGCCACCTAAGCTTGTTTTAAAGTTGAAGTGTTTTAGAAAGGTTAACTGCGCGTAAGCATTACCCGTAAAACGGAAATTTGTTGATTTTTGGTTAAAAAAATCAAGCGATGCCTGCGGGTTGTAGTTGTTACCATCACCCAGGCTGTAGTCACTTGGGTCGCCATAAGTGCCATCGGCGTAGTAAACCGGTACTACTGGTGCTGCGCCATAAACCTCGTGGAATATGCCACCCGGGATATCTTTTGATTTGCTGTATAAACCGCTTGCGCTGATACCTAATTTTAGGTTTTTGTACGGCTGATAATCATCAGTTAAACGCATGGTATAGCGTTTATAGTTGTTTGTTTTGATGTTACCATCCTGATTAAGTATACCTAATGATAAGTTGTAGCTCGATTTTTCGGCACCACCGTTTATAGAAACCTGGTGGCTTTGTACAAATGCATCACGTAAGATCTGTTTAGACCAATCGGTACCTGTTCCGTAGCTTGCAGGGTCGCTAAACAATGCTGTAGAATTATTGCTTGCGTAAAGCTCGTTGATAATGGTAGCATACTC
NZ_CP133775.1_gap19	838582	841397	2815	TTAGCTGATAGCGGCCTTCCTCGTTAGCGGTGGTGCCATAAGTGGTATTGCGGATGTACACCGATGCGAACGGCACCATCTCGTTTTTTTGGCCTGTTATATGGCCCGATAATGCGTATTGCTGTGCCGATGCGGTAAAGGCAGTGAGTATAAATATAATAAAGGGTAAGTATCTTCTCATAGGGTGTTTTACGGTAAATACTAATAGTGCGTAAAATGTTTTTGCGTGTACGTAATTTACATTAAATGTTTTGTATAACCCGTTCAATTGCTTGTTAATGTTTAATTTTGCGGCTTTAACATCTCATTATTATGTACAATACATTGCAACCGGTTTTACAGCAGGAACTTGCCGATATTGAAAGCGCCGGCCTATACAAACGCGAAAGAATTATCACCTCGCCACAGGGCGCAGATATTACCGTGCAGGGCGGGCAGGAAGTAATAAACTTTTGTGCCAACAATTACCTGGGCTTATCGGGAAACGGTAAAGTGATCGAGGCTGCCAAAAATGCGATGGATACCCATGGTTACGGCTTATCGTCGGTGCGTTTTATTTGCGGTACGCAGGATATACATAAAACACTAGAACAAAAAATAACTGCCTTTTTAGGTACAGAAGATACCATACTATATGCGGCCGCTTTTGATGCGAATGGTGGCGTTTTTGAGCCGTTGTTTAACGATCAGGATGCTATTATTTCTGATGAATTGAACCACGCGTCTATCATCGATGGTGTGCGCCTTTGTAAAGCGCAACGCAAGCGTTACAAACACGATGATATGGCCGACCTGGAAGAGCAGCTGAAAGCCACTCAGGATCTTCGCCACCGTATTATTGTTACCGATGGGGCGTTCTCTATGGATGGTACCATCGCGCAGCTTGATAAAATTTGCGCCCTTGCCGAACAGTACAATGCCTTGGTAATGATTGATGAGAGCCATTGCAGCGGCTTTATGGGCAAAACCGGCCGCGGTACGCACGAGCATCATAATGTAATGGGTAAGATAGATATCATTACAGGTACGTTAGGTAAAGCTTTGGGTGGTGCATCGGGCGGATTTACATCTGGCCGTAAAGAGATCATTGACATGCTTCGCCAGCGCTCGCGTCCGTACCTGTTCAGCAATACATTGGCCCCTGCTATTACAGGCGCATCTATTGCCGTACTGGATATGCTAAGCGAAACCACCAACCTTCGCGATAAACTGGAAAGCAATACCCAATACTTCCGCGAGAAGATGACTGCTGCGGGTTTTGATATAAAAGCAGGCGTGCACCCAATTGTACCTGTTATGCTTTACGAAGCCAAGCTGGCGCAGGAGTTTGCAGCTAAGATGCTGGAAGAAGGCATCTATGTTATCGGCTTCTATTACCCGGTTGTTCCGCAGGGCAAAGCACGTATCCGTGTACAGATCTCGGCCGCGCATGATGTAGCACATTTAGATAAAGCCATAGCCGCATTTACCAAGGTAGGTAAGGCTTTAGGGGTGATTAAATAGTTACGTATAAATTTTTTATATTTGTACGTATAAATTTATTGATATGGCAACTGCGAAATTAACATTGAGCATGGATAGGGACACTATACAAATTGCGAAGGAAGTTGCAGCCGAAAGCAATATGAGTGTTTCTAAGTTTATTAAAACCCTTGTTATAGAACTTGATAAGAAGCGAAAAAAGAAAAAGGCTGATATGTCACAATTAGCTGATTTTCCGGAATGGATGCAGCAACTAATTGTAGCAAAAGAGCCTACACCTGATTTCGATCATAAGGCATTATATCATAAGCATCTGGATGAAAAGTATGGCTTATAAAAATTTATTTATTGACTCCGATGTGTTATTAGATACAATTTTAATCAGGCAGCCTCATTTTAACACCAGTGCAGAGGTAGTAAACTTAGCTGATGGCAGTATTTATAAATTAAGCGCTTCCACCCATAGTTTATTGAATATCCATTATGCAACTAAACGAGTATTAAACGAGAAACTTGCCAGGCAAGCAGTTTCAGTATTAACAAATAGGTTTACCATTATTAAAGAAGATGTTGATTTAATTAAAGCTGCTGCCGCTTCAGCTTTCTCTAATTTTGAAGATGCCGTGCAATACTACGCTGCAATTAGTGGAGGATGCGACGTTATAATCACACGTAATATAAAAGACTACAAACAAGCTACAATACCGGTATTGACTGCCGAACAATTTTTAAGAACGTTATAATGCAATCTAAAATAGATCAATATACTGCCGAGATAAAAGCTTTCACAGCTGCCAAAGCTGATGAACTGGAATCATTTCGTATTAAATTTTTAGGTACCAAAGGTTTAATAAAAGACCTTTTTGAAGAGTTTAAAACCGTTGGCCCCGAAGAGAAACGCACTTTTGGTAAAGTACTTAACCAGTTTAAGCAATTTGCCGAAGGCAAGTATCAGGAAATACAGGAAAGTCTTAAAACTGAAATCGAAAATCCGAAATCCGAAATCGACCTTACTTTGCCCGGTGATGGTTTTGAAGTAGGTTCACGCCACCCGTTATCGTTGGTACGTAACGAGATCATCGATATATTTAAACGACTTGGTTTCGTAGTGGCCGAGGGCCCGGAGATTGAGGACGACTGGCATAACTTTTCGGCCTTGAACTTCCCGCAGGAACACCCTGCCAGGGATATGCAGGATACTTTCTTTATCCGCAAGGGTGATGGGACGGATGATATCGCTTTGCGTACACACACCTCATCGGTACAGGTGCGAATGATGGAGAATGGCAAGCCGCCGTTCCGCGCCATTATGCCTGGCCGTGTTTACCGTAAC
NZ_CP133775.1_gap20	930835	932831	1996	TGAAGCATTGCCACGATTACTAAAAAATAAAACTTCAGTAACATCAATAATAAGCTTGCCTTTGAATTTAGGGTCATTAGCTAAATTAGTGAGTATGTGTCTTGGCGATGAGGCTACCATTGCCAGCTGTATAGCGTGTTTATTTGTGAGCCCTTGCCAGGTGGCAATATCAAGATCATATTTAATACGGGAAGAGCCTATGAAAACTATTGATTTATCGGAAGGCTCGTAAACCTGTTCACGGGTATGTGCCCATAATTCCGGGCCGTCGTCATAATCGGTAACCACACCTTGATGCCGCAAGTATAATTCCCATGAAATTACAAAAGCTAAAACAAGCAGCAGGGCTAACGCTGCTGATTTTACAGATAGTTGTGTTTTCATTATCAAGAAATAAATGTTCGTGTAAAAGCAGTAAACTTCGCGAAGCGCCTGTCCCTAATAATAATTCCCGCACCGCTTTAGGAAGGTATACGTGGTGTAATATATTGTAAAAGCCTGTAATTTAACTATTTATATTGAAAAACAAAGTTTTTAACTATTTATTTTTAAAAACTGTATGATAATTAAGGTGAAGCCTACGATAGATGTTGATGTAATGAGTTTTTGGTAGTATAAGGGCGGTATTTCACCGTGTGGCCTTTAGTAGCAAATTGGTTATGTGAAAGGAAACGGTTGTTGAGATCGGCTGTAAAGCCAATATAGATCTCGTTAAAAGAAGGTGAGTACAACACGTAGACGGTAAACATACGCTGTAATTAAATTAGGAAGGCCCCATAAAGGGGCCTTCTACAAGTAGCCCTTACTGGGCAAATCTCGAACTATTTTATGGAAGGTTTAAGAAAAATTTCTAATATTTCCATTCGCATATAACGAGATAATCTTCCCCTCTGTCAGCCCGTAGGGGAATAATTTCGAACCATTTTCTTAAAGATTTGAAGCGATTAACTAGCTAAAATCCAGCGATTATTCATTACTTATAAAGACGTCTCGAACAATCTTATGGAGTATTTAAAAAGAAAAAAAACAGAAAGGAATGACATATAACTTGTTAATTTTAACAGATCGATGATTGTAAATACATGAATACAAACTTTGTGCCAGTGATGCTTGATGCAGCCCATATTGGAATTTGTGGCAACAACGCTGGTATAAGCGGTGCTATTGAAAGAAATTGGCATTGACATGACTGTCCTTTAACTTGAAACTTTTCTTTTCATGCTTGCAGTAATTATCCTTTATCTCTGATTCTTTGGTAGAATTATCCGGCATTGCATAAATAATGTAACCGATGCCAGTTTACCGCAGCAATAAAGCGGGTCGCTCTGATACCCAAACAGGATAAAAGATAAATGGCCGTTAGAAATATGAGCGCGGTACGTTTCAATGATCGTAAATAAGTATTTTAATTAAAACCTTTATTTGGGCTAATGCTCACCAATAATTTTTCTACTATAAGATTTTTTATAATATAAATGAGAAGCAAGTGAGAATTAAGTATATTTTAAAATAGAAAAAAGGTAGCGGCGGGTTGAAATTTTGCACCAAAGGGGAGAGAAATAAACGTTCGTTTTAAGAGAACATAAACCGCTATTGATACGCTAAATAGATTATAAGTAACTCTATTTTTGCGACATTTTAATTGTAATGGAGATGCCGACCTTTGGATACTTACTTAAAACTTCTTGTATTAAGAAGTTAATCTTCTATATCTTTACAGCATTCAATTGCTAATGGAGCAACGCCATCGTCAGCGACTATCAGACCCCTATTAAACGAGCATTTAGTTATATGGGTCTATAAATAATATTCCATTTATTAAACCGCAAGCGGCAATTATAGAATTATTACCTTATATATTCTGCTCATATCCATATTCTTCATTTCACCCTTTGGCTTCATAGAAAGGTCACCCCAATATCTTGCCGCTGAAATACCAATGGCCAAGATGATTATCGAAGTTATTGCTACAAAAATTTTTGTCCTTAAAGAAACG
NZ_CP133775.1_gap21	935076	937134	2058	TCAACATCTCCATAATATACACTGGTAAACCTGTTTCAGAAGAATTAGCGCTTGCTGGTCGGTTTGGCTAACTACCCTGATTTCGCCTAATTATTTAATCCACGGAAAGTGAGGATTGACAATTGATATAATTAACTTAGGCTTATGAATGTCACCCATGTTGATGTGCGTTTACCACTTAACTTGATACCTTCGAACGCCTGCCTGTTCGAGCCTTATCAATATTATCAGATAGCTGAGCCGGAGGTTGCTAACCTCCGCGATATTTTTGTAACTTATTCGGGGTTTTGTGCAGACGAGGATGGCCTGATTAGGGGCTGTCATCACGATCATCCCTATCAGATGGCTGGCTTTGTAGCCGAAGCGATGTATTATTACCAGGACGTTTCAGATAACCCGGAAAACCTGATCGAACTGAATGCCGACAAAAAACATCTGCTAGTGCATCATCCGTGGTTCAACTATTACCATTGGTTGTGCGAGTGTATCCCCAGGTTGTGGCGCGTGCGGGCTGAACTCGATAACTTGACGGTACTATTACCGGAGCATTATTTGGGGACTGATTTTATTACCGGTTCGCTAAAACCTTTTAATATTAAAGATATATTTGTGATACCTCCGGGTAAAAGCTTATTGGTCCCGCAATTGAAACTTCCGGCTATAAAACCGATCTGCGATTCCTATCATCAAAAGGAATTGCGGGCTATCGCTCTATTCTATAAAGAGTATGCCGCGAAGCACGTGCCTGATATAAACCTTGGTGACAAAGTTTACCTAAGCCGGAGAAAAGCCGGGCGTAAAAAGGTTATAAATGAAGATGACGTAGAAAGCCTTTTACAGGAATACGGTTTTCGTACAGTATATAATGAAGATTTCTCATTTCTGGAGCAGGTAGCAGTATACCGCAATGTCAATTATTTGGTATCCATTCACGGATCCGGCCTTACAAATATGCTTTTCATGCCTGAAGGTTCCAGTATACTTGAGATAATGAAAGCGAAAACAAATGACCTTGCCAGGCCAAGTTTTGTTTTTTGGTATCAGGCTGATGCTTTAGGCCATAATTATTTTGCACAAATAAGTGACCCGTTAAGTGAACCAGATGATTACTTTTTTGGTGATTTTTTCATTGATATTGATGAATTAAGAAGAAACATGAACCTAATGATGGCATCCTGAAATGCGGTGCAGGTTGCTTTTTGTAATCAAGGTTGTCATCACCCATCTTTTTGATATATTAGCTAATCAATGTGCCTCAATTAGGCCGGCCTATGTTAAGATCATTTCCTAACTTTAAACAACTGGACACAACGGACTGCGGCCCGACGTGCCTTCGTATTGTTGCAAAACACTTTGGACGGGATATCAGCCTTGCCACTTTACGCCAGTATTGCCAGATAAATAAGGATGGGGTTAACTTGCTGGGTATTAGCGAAGCAGCTGAAAAAACCGGCTTCAGGTCACTTAGCTTAAGGTTAAGCGCAGATCAACTTGCCAACGCGGAACTTCCCTGCATTTTACACTGGAAAAATAACCACTTTGTAGTACTCTACAAGGTTTATAAGGGTTATTATTATATCTCTGATCCTTCAGGCGGAATAATCAAGCTCAATAAAAAAGAATTTATAAGCAGGTGGGGTAACAAGGCCGAAGGTATCGGGATAGCCCTGATGTTAGACCCGTCGCCGGCGTTTTTCCAATTTGAAGATGATCAAAACCACCTTGACTGGCGCGGGCTTTTTAAATACCTCATTAAATACCGTAAGCTGATCTTACAACTTTTATTATCTCTCGCTATCGGCACTGTTTTACAGCTGATATTCCCTTTTCTAACACAGGCAGTGGTAGACATAGGCGTTAATACTAAAGACCTTAATTTTATATACATTATAGTAATTGCACAAAGCGCATTAATACTCGGGCGGGTTTCTGTAGAATTTTTAAGGTCCTGGATCTTGCTGCACGTTAGCACAAGGATAAACCTTTCTATCCTTACCGATTTCCTGATTAAACTGATGCGTTTGCCCATGAGTTTTTTCGACACAAAAAAAACGGGCG
NZ_CP133775.1_gap22	948201	952590	4389	TGCGCTTTATAAAACTGAACCTTTTAAATTGCAATAAACCTTTGCATACTGTACCCGTTTATATTAATTCACAATATAAACTTTAGATCATTTCCGTCGCCATTGTTGCCACGCACCCGTAGACCATAAGGCCAGGAAATTAGAATTATCTGAAAAGGAAGCCTCAACCACCTGGCTAACTTTGTATCCAGGCCAAAAGCATTTTTGTGTTCTATCAATTGGGCAATATTTCCAGGGAAAACCAAAACAAAAAAAATCGCAACTATCCAACCAACTTTAGCACGCTGCTTTTGTAAAAAAATTTGCCCAGCCCAAGTAATATTTCTACAATTCCAGATAAGATAACTACCAAATCCGGGTTTATGGGCAACCACGTTGAACCTTGCGCTAAAAAATTCTTTTCTTAATAAAGGAAGATGACCAATGCCTGCGAAAAGCAGACAGCAGTACAGGGATCGGTAAAAGCTATATTGCTTCAGCTGTCGGGTACCAGGCCTGTACACTCGGCTACCGGGTCTTTTATGCAAGCATACCTAAGTTATTCTCCAAGCTTAAAATGGCAAAGGCTGATGGCTCTTACTTTAAGAAAGCAGCCAAGATAGAACGGCAACAACGTTGATATTGGATTACTTCAATATCCAGCCTTTTGATGCACAAAGCAGGGCTGCACTCATGGAGGTCGTTAAATACAGGCATGAAAAGACATCGCTGATTATTACCTCTTAATTGCCAGTTAGTAAATGGTATGATGTAATCGGTGAAAAGATAATCGCTGATGCCATCCTGGACCGTATTGTACACAGTACCCATCGTATCGAGCTGAAAGGAGAATCAATGAGTAAAAAACGGAGAACTAATGATAAAGAGGTCAGCTATCAGTAACCAATTTAATAACTAACTTTAAAAACGTTTTTACAGATCTCGCTGCTATCGTTCGCCAGCTAATTGACTGGTCACTTTGCCACGGAATCAGGTGGTCAACATCCCCGGAATACCAAGATTATGTCTCGTCCTGGTTTTACTTGTCGTTTTTGAGTAGTAATACTGGAATCGGTTTACACCGATATTTCATTAGTCCTGCTTTTACTTTACAAGGGTACGCCTTTTATTTTCTTAATAGCTGAAAGCTTACCTCTTATTGTTATTATTAGCGTGTTAGGATGTGGGAAACTCCTTCAGTTTTCCATATCCTAATGCGTTTTTCTTTTTTGCTTCTTTTTTTCTTTTTGCCAGCACGGTCTTAAATGCCAGTAACCTGATTTTCCTCCTTTCCTTTTTTGGGGCGTGGATATCCCTTCCAACGCTTTTTGATTTCACCGGACATGCCATGAGCCTGCTCCGGTGTATGGTAATTTAAGCTTGCGTGTGGACGCCTATCGTTATAATGACCAATGATTGCTACAATGCATTTCTTTGCTTCCTTGTGGTTCTGATAAACCTTTTTAGGAAAGAACTCATTCTTGATAATTCCGTTAACGCGCTCGGCAAGTGCATTTTCATAAGGACTGCCGCTTTGAGTCATACTAATGGCGATCCTATCCTGGTTTAGCAGTGCTGTATAATTCTGGGAGCAGTATTGTATTCCTCGGTCAGAATGATGTATCAGGATAAATGGAGATAGCCGTTTCCTTCCGTCTACTGCCATTTCCAGGGCTCCAATACATCCAACTGCTTCCAGGCTGGGATGCAGGGCATATCCAACGATTTTTCTGGAATAGGCATCTGTGATCAGGCTCAGGTAGCTGAAGCCTTCCAACGTACGGATATAAGTTATATCACTTACCCAGAGCTGCTCTGGTGCTGATACGGTTAGGTGCGTGATCAGGTTAGGATATTTTCCTAACCAGTGATGAGAATCTGTTGTTTTCACCATGCGTCTTCTTCTGCGAATCAATAAGCCGTGGAAACGTAGCAGGTCATACAGCAGGTCCCGGCCCATCTTTATATCATGTTTTTCCATCTCCGGAATGAGCATATGTAATAGTTTTCTGGTTCCAAGCATAGGAACAGCAGCACGGAACTCACCAACCAATGTCAACACAACCATATGTGCTATGCTTGTCCTGGCAGCCTTATGATGAGCTAAATAGTAAGCCTGACGGCTTACACCAAACAGTGCACAAATAGCTACCAGGGTGTATTCTGGCCGCTTTTGCCGCATTCTTAAGACTGTTTGGTACCACGCTTTTTTCGGATCTTGATATGTAGGTCACTTTCAGCTACCTCGATCATCGTTTCCAAGGCAAGGTTCTTTAATTGAGATAGCTCTAATGCCTTAGTAAGCTCATGTATCTTCTTTACGAGTAACTTTGATTCCTGACTTTGGGTCATCCCGGGAAGCGCTGAGGAATTGTTGACATTCAGCAAAGTAGTCAAATTAAGCTTACCTGCCCATGCCTTTATGGTGTTTCTTGGAACCCGGTATTTCCGGCTTGCCCCAAGGCAACTGATCATCCCAGTTTTTATTTCTTCGACAATCTTTATTTTGGTCTGCTCATCGACCTTATCAAATGGCTTCCGCCTAACAACAATTGCGACTTTCTTCTTTTTTACTGATATTGCTTTCATTTTCTTGTCTTTAGTGACAAGCTATATCAGGACAAGACAATCCCCTTATCGGTATTGCTTTTAGCTACAGCAAACATTATTTATACCGTCAAATTGTACAAAACTACGCCCGAACCAATTATAAAATAAAATATTAGAGGTTACAGGTTAAACAATCGTCCCGATTGTCCATGCACATACACCCTTTATCCATGTTAAACCGGGGTGGAGCACCGCACCTTTGTATTGTCAATGACGACAAATTAAAATTAAAAAAAATGTCACGTCTAATCGCACTTAATCCGGAAACTACAATTGGAAAATCTAAAGATCTTTTTACTGCCATTCACGGCAAGCTGGGTATGGTACCGAATATGATGAGGACGATGGGCAATTCACCCGCCGTTTTAAATGGCTATCTTTCTTTCAACGCCGCTTTAGGCGAGGGAACTATAGGTGGCAAGCTTGGTGAATTGATCGCACTTACCGTTGCCAACGCGAACAGCTGTGGTTATTGCAATGCTGCGCATAGCTTTATCGGCGAAAAACTAGTTCACATTGATACCAACAGTATTGCTTATGCTCGTGAAGGTAAATCAGCAGATGAAAAAATTCAGGCAGCTCTTGATTTTTCAAGAACGATCGTTGAAAAAAGAGGAATGGTTAATGATGCCGATGTAGATGCATTGAAAAATGCCGGCTACGATGAAGCAGGAATTGCAGAAATAATCGCCCATGTTGGATTGAACCTGTTTACCAACTATTTCAACAATGCTGCGAAGGTAGTGGTAGATTTCCCTTCAGTTGAACTGGTTAAAACAGCCGCTATTTAATCATGTTCACCCACTAAAGAATGGATAGATTTGTATTTATCCATTCTTTAATTTAAAACTACTATGGAACAAAAACTTCCCCTGCCTCCGTTTACCATGGAAACCGCATTAGAGAAGGTACAGCTTGCTGAAAACGCCTGGAACACCAGAGATCCGGAAAAGGTATGCCTGGCTTACACCATTAATACGGAATGGCGCAATCGCACCGACTTTATTAATGGTAGAGAAGAGGTGAAAGCTTTTTTAACAAGGAAATGGGAGAAAGAGCTTGATTATAAGCTAAAGAAAGAACTATGGGGATTTCGAGAAAATCGTATGGCCGTTCGCTTTGAATATGAGTGGCATGATCAAACAGGACAGTGGTACCGCAGCTATGGACACGAACTTTGGGAGTTTGACGAAAACGGGTTGATGCGTAAGCGTTACGCCAGCATCAATGACCTTGAAATTTCCGCTAAGGACAGACTGCTGTTTTAAATTTCAAACTTTAATAACCATACTTTGACAGCTCATACCGCCTTTACCTTAATTAATCCGCAAACGAAAGCTTTAGCCTTTAAAATCTTTGCTTTTGAGGACGACTCCTATTTTAACCAGCAGAAAAACTACAACTACTATTCAATGGTTTTGGTGACTAAAGGAAAAGGCAGGATAACAGCAAATTTTTCAGAATATGTATTTAATGAATATAGCCTGATAAGCTTTTCTATTTACCAGCCATATATGATCAGGGCGGAAGGTGAGTTTAAGGGCCTTTTGATTAATTTTCATCCTGATTTTTTTTGTATCCATAAGCACCATAATGAAGTCGCCTGTAATGGAGTGCTCTTTAATAATATCTACGAATCGCCGCAGGTGCAGTTAACAGAATCGGAAATGGGCCTGTTTACCGGCCTGGTTGAACAGTTAAAAGCTGAAATGCAAAACACAGCAGTCGCCCAATATGAATTAATGATTGCGTACCTTAAGATATTTTTGATCAATGCATCAAGGATAAAACTTAATATGC
NZ_CP133775.1_gap23	1137514	1142110	4596	GGCGCAAGGCCGATGTTAGAATTCGCTTACCCGGGTGGCAAAGAGCAGATAAAGGTTGAGTCATTGAACATCAGGCCGCAGGATCTTGATATCTTGTTGAAATATTACAGAAAGCCATGGGTGTTTCGTGTCAATTGATTTTATCTGTGTCACCATTTATGCAAGGCTAAACTTGCACAGTAAATTCAATAAGTCAGCCCACTCTCATATCCTTAATTAATACTATATTACTGTGCATAAAAAATTAAATTTGTACAGTAAAAATATATCCCTTGGACAGAACAGTAATAATAGGAACGCGTGGCAGCGATTTAGCTTTATGGCAAGCCAACTTTGTAAAAGATAGCCTGGCCGCGATAAACATTACCGCCGAACTTAAAATTATAAAAACGCAGGGCGACCGTATCCTTAACCTCAGCTTTGATAAGCTGGAAGGCAAGGGGTTTTTTACCAAAGAATTAGAAGAAGAATTATTGGCAGGAACTATAGATATTGCCGTGCATTCGCATAAGGACCTTCCAACTGAAAACCCTGCGGGACTCATTATCGCAGCAGTTTCAGAACGGGAAGACCCGGCTGAACTGTTGTTGATCTTGAAAGATGTGGTTGATGTACGCCAAAAACTATCTGTTAAATTCGGTGGTTTGGTAGGTACATCATCAAACAGGCGTAAGGCGCAATTGCTTGCTGTACGCCCCGATCTGGAGATAGATGAACTGCGCGGAAACGTGCCTACCCGCATAGGTAAACTGCGCGACGAAAAATACGATGCCATAATGCTGGCCAAAGCTGGTGTTACCCGTTTAGGTATCGACCTGAGCGAGTTTCATGTGGAGGAATTGACCGCTACCGAATTTATTCCTGCACCTGCACAGGGTGCTTTAGCCATCCAGATCCGCGAGAGCAATACCGGATTATTTGAGGTGCTGCAAGCTTTAAACCATCCCGATGTAGCTGAAGAGTTAGGACTGGAGCGTGGCGTATTGAAAATGTTTGGCGGGGGCTGTAGCCTTCCGCTTGGCGTTTACTGCCGAAGGGACGATGGTAAATTCCAGGTGTTTACCTCAAAGGCTGAGGCCGGCGATGAATTTCCCGACCGCTATTTTATAGAAAGCGATACCCTTGATGGTGTTGCCGAAAAAATTGTTGCCCGCTTTGCCAAGGACAGGAAATTCCCGAATAAAGTGTTTATCTCGAGGGATATCTCGGCGACAAGCTATTTCCGCAAAGCACTTGAAAAACATAAGATAGAGATCGAAGCACGTTCGCTGATCCGCACCGTACCGGTAATCACTAAGTTTGATTCGTACATCCTTAAAAATATCGACTGGGTGTTTTTTACCAGTAAAAACGCGGTTGAGTATTTCTTTAAGTTGTCGCCACAGTTTCCTAAAAAGATAAAATTTGGGGTGATGGGTGCCGGTAGTGAGGATATGCTGCGCCGCAACGGCCACTTTGCCGATTTTGTTGGCGAAAGTAACGACACTGCAGATGTAGCCGCCGAATTTGCCACACTGGCAAACGGAACTATCATCCTGTTCCCGGGGGCTGATAACTCGATGAGGAGTATCCAGCAAGGCCTGGCTGCCGAAACAAAAATAATTGACCTGCCCGTTTACGAAACTGTGCTGGAAGAAGAAGTAAAGCCTACAGGTGCCGATGTGGTGGTATTTACCAGCCCAAGCAACGTAGAAGCCTATTTTGCCAATAACCTGCTTGAGCCCGGACAAAAGGTGATAGCCATTGGCAAATCAACCGGGAAAAAGTTTGATGAAATGGGTGTAAAATATACCCTGCCTTTCTCTCCGGACGAAGTGGGGCTTGCAGAGGCAGTGTTTGGGATTTAAGCCCCACCCAACCCTCCCCGGTAGGGAGGGCTTACAATAGGGCTTTTTAAATTAAATAAAAAATCTCCCCTACCGGGGGAGATTTAGAGAGGGCTATATGTTACAACGACCAAGAAGAAACCGTAAGAGTGAAGTTATCCGCCAGATGGTGCAGGAAACGCATGTTAGCGCGGCTAATTTGATATTCCCGCTGTTTATTGTAGAGGGCGAGAACCAAAAAACTGAAGTGGCATCTATGCCGGGCATTTTCAGGTATTCGATAGATAACCTGCTGCGCGAGGTAGAAAGCTGCATGAAGCTGGGCTTAAACTCTTTTGACCTGTTCCCGAATATCGATGAAGCACTAAAAGATAAATATGCTACCGAAAGCCATCGCGACGAGAGCCTTTACCTGCGCGCTATCCGTGCGGTTAAAAAAGAGTTCCCGGAATCATGTGTGGTAACCGATGTAGCCATGGATCCATACAGCAGCGACGGCCACGATGGGATTTTTGAGAATGGCGAGATCCTGAATGACGAAACTTTAGAAGTTTTAGGCAAAATGGCCCTGGCTCATGCCCAAAGCGGTGCAGATATTATCGCTCCTTCGGATATGATGGATGGTAGGGTAGGGTACATCCGTAAAGTATTGGATGACGCCGGTTATGCAGGCGTGTCTATTATGTCGTACACCGCTAAATATGCCAGCGCTTTTTATGGTCCGTTTAGGGATGCATTGAACTCGGCCCCAAAATTCGGCGATAAAAAAACCTACCAGATGAACCCCGCCAACCAGCGCGAAGCTTTGATTGAAGCCGCTTTGGACGAAGCAGAAGGTGCCGATTTCCTGATGGTGAAACCCGGCTTACCTTACCTGGACGTCATCAAACTATTAAAAGATAACACCGAACTACCAATCGCCGCCTATAATGTTAGCGGCGAATACGCCATGATAAAAGCCGCTGTGCAAAACGGTTGGTTAAACGAGCAGCGCTCGGTTACCGAAGTGCTAACCAGTTTCCGCCGTGCAGGTGCCAGCGCGATATTAACTTATCACGCGAAAGAAGTGTTGTTGAACAAGTGGCTGTAGAAAGCCCCACCCAAACCCTCCCCGGAGGGGGAGGGCATATAGATATAACTTTAAAAAATAAAATAAAAGTCTCCCCTACCGTGGGAGATTTAGAGGGGGGTAAATGAGTATACCAGATATAAGCAGAGCAAAATCTGCAGCATTGTACGAAAAAGCGAAGACCTATTTCCCTGGTGGAGTAAACTCACCGGTAAGGGCGTTTAAATCTGTTTATGGTACGCCACTTTTTATCGAAAAGGGCGATGGCAGCCATATTTGGGATGCCGATGGTAACGAATTTATAGATTTTTGCTGCTCTTGGGGGCCGCTTATTTTGGGCCACAACAGCCCGGCAGTACGCGAAAAAGTTATCGAGGTGATGCAGAATGGTATGTCATTCGGTGCGCCAACGGCTTTAGAGAACGAATTGGCCGAGTTGATCCTTAGCAAAAATAAATTCATCCAAAAAATTCGTTTTGTAAGCTCAGGTACCGAAGCAGTGATGTCGGCCATCAGGTTGGCAAGGGGCTATACCAAGCGCGATAAGATCCTGAAGTTTGAAGGCTGTTATCATGGACATACCGATGCGTTGCTGGTTAAAGCAGGCTCGGGTCTGGTCACTTTCGGCGAAACTTCATCAGCTGGCGTACCAAAGGCTTTTGCCGACGAGACCATAGTTGTATCGTTGAATGATAAGAAAGCGTTAGAGGAGGCCTTTGAAGAGTTTAAGGGGCAAATTGCAGCGGTTATTATCGAGCCTGTCCCGGCCAATAACGGTTTACTTTTACAAAATCAGGATTATCTGGACTACCTACGCCAGGTCTGTACCGATAACGGCACCATGCTGATTTTTGATGAAGTGATCTCGGGCTTCCGTGTGGGCTTTGAAGGTGCGGCGGGATACTACAACATCCAGCCGGATATTATTACCTATGGTAAAATTATAGGTGGTGGTTTGCCTGTTGGGGCTTACGGTGCATCGGCAGAGGTGATGGATCATATCTCACCGGTTGGCTCGGTTTACCAGGCAGGTACGCTATCAGGTAACCCGGTGGCCATGGCAGCAGGCATCGCGCAGCTAACAGAATTGTTAAAGCCCGGCTTTTACGACGAGTTACATGCCAAAACGGCAGGGTTTGTAAAAGATCTTCAAGCATTTATTGATGAGCGTGGCTATATGGTAAAGATCTTTACCATCGGTTCTATTTTTTGGTTCGCGTTTACTGACCTGGAAAGTATTACCACTGCCGAGCAGATTGACCCGGCAAGTATGATTAAATTTAAAGAAATGCATCGCGAACTCATCAACCGCGGCATTTATTTAGGCCCGTCAGGTTACGAAGTTGGCTTTATATCGGCCGCGCATACGCAAGCTGACTTAGAAACCACAAAAACAGCTATATTTGATAGTCTGGATATTGTATTCAGCCGCACCCAACCCTCACCGAAAGATAGGGCCTAAGTGAATTTAATAAATTAATTTTTAAAATCTCCTCCGAAGAGGAGATTTAGAGGAGGCCAAATGAAAAAAACACTCGTAATATTTTATGCCATCATCATTTATGCCGTTGCAGAACTGATCTGGTGGGGGTACATGTTGGTGCACCTCAACCCAAGCCGTAAAGGTATGATCTTGGGCGAGGGCTGTATGTTTGTGACCGTGTTTTTGGTTGGCGCATACTTTTTGCACGAGTCTTTAAA
NZ_CP133775.1_gap24	1154316	1156449	2133	TTAGATACTCGTATAATTCTTTTGCCCTCAATTCACCTTGGGATATATCGGCATTTCTATAGTGCCAAGCTAAAGCAAATTCTTTTTTTTCAATAAATGAGTTTGGGCATTTTGAAACATATTTATTCATAATGGCTTGAATAGCATTCATCCAGTGTTGGTTGTCAGCATGAGTTTTATTTTCCCAGCTAAAATCCTTAAGGCGAATTTTAGCACCATGCTCCGCAATTAGTCCCATAGGCAATTTTCCCAGCCATTTTTCTAACGTTACGCTATCGCGCCCGCTTATTATAACAACTTCGTTTTCCGGAATTGCAGAAAGTTGGCTTAAAATTTCAATCACCTTGTCTGGAGGGAACGCTAACGCGGGCTGCTTAGAAAACGGAACCAAGGTTCCATCATAATCAAATAATAGTAAACGCTTTTTGGCCTTCGCGTAACTTTTTAGAATTGCTGCACGGGAAAAGCTATCTATCATTTTTACATTAAATTCCATTTGTAACTTTTTAGTTTCCTGTAGTTGGTCAAAGAAATTTGTGGCCCAGATCACAACATCATATTGTTTAATTCGGGTTTGCATTGCCTGCATACGTTGCGCCTGTTCATCCGTGTCCATTTCAATCGCCTGCTTTATCATCGCCGCAATCTCTGTAATATCATTTGGGTTAATTAGCAAAGCCTCAGTTAACTCCCTGGCGGCACCCGCCATTTCACTTAGAACCAACACACCTTTCTCATCTTTTCTACTGGCTACAAACTCTTTAGCAACCAAATTCATACCATCGCGTAGTGGCGTAATTAACGCAAGGTCGCAGGTCGTATAAAGTGCTATTAACTCTTCGAAACTCAAATGGCTATATTGGTAAATTATCGGCTGCCAGTTTATGGTGCCGATAGTGCTGTTGAGATTTGAGATAAACTCATCTATCGCCCTTTTTCTTTCAGCATATTTTTTGATTCCATCTCTTGAAGGGACTACAATAAGGGCAAATACTACTTTACCAATATAGTCAGTATTTTTATCCAGAAACGTTTTAAAGCCCCTTAGTCTGTTTTGAATCCCTTTGGTATAGTCTAACCGATCTACTGAGAAAATCATTTTCTTATCGCCTTTAAGCATTAAATAATTTTGCTGCATTAGTTTCACTTCGTCTCTTTCTGCTGCGTTATTAAACAGTTCAAAATCGATACTTATAGGAAATGCCTCCACCTTAATTTTTCTATTTTGCCAAGTAATTGTATTGCCGTCGCTTTTTATTTTCATGGACATCTCAACGGATGACAGAAAATACGACGAATATTCTACTGTGTGGAAACCGATAAGATCCGCACCCATCATACCAGACAAAATTTCGCGTTGCCAAAGTTTAGGAATAACACGAAATATTTCATAAGCCGGGAAAGGAATATGTAAAAACAATCCGATTGTAAGACCTGGCATAATTTCCCTTAACATGGCCGCCAGCGGTAATAAATGATAATCATGTATCCAAACAACGTCATTTACTGTAACCTTGCCCGCCAGCACAGATGCAAATAATTTATTAACACTCATGTAAGCATCAAAATCAGTTGTACGATATTCAGCAAACGATGGGAAATAGTGAAACAGTGGCCAAAGCAATGAATTTGAAAAGCCATTATAATACAGATCGTATTTTTTAGCATTGGCAAATACAGGCAAATAATTAAAATCTCCTGTTTCGTGAACGGGTTTAATGTCGTTCCATATGGCCTCATTGCACTCTGGCACACCAGCCCATACTTTTTCGCTAAAAGCATCTTTGCCGTTTCTACCCAAGTATGTCGTTATAGCCGATACCAACCCACCTGACGACGGTCTATAAGTGTATTGATGTTCGCTATGTTCGATGGTAATTGGTAGCCTATTGGCTACAATATATAATTTCTTTTTCATTTTTTTATTTTTTGCCACCTTCAGATAAGAGGGGGGCATCAGTAATGTACGTTAGCATTGTCGCTTCGGCAATACAGTTATTTCCAGCCCCCTCCGGTTGCACGATATAAGTTAATGGCATTCAAAAAAATATCTTTTTTAGTATTGGCTAATTCCAATTCAGCATCAAGTACATTTCGTTGGGCAGTAATAATTTCCAGATAGTTGGCACGTCC
NZ_CP133775.1_gap25	1304432	1309024	4592	CTTCATCACGAGATCTGGATAGCTGCCGACAGTGATGAGGTGTTTAACGTTTGCAAGACGTTTACGCCAAACGTGCTCATGACCAAAGAGGAGCACCCAAGTGGTACAGATCGTATTGCGGAAGTGATTGAAACCGTGCCCTGCGATATGGTGGTGAACGTACAGGGCGACGAACCTTTTTTTGATGCCGGCATCATCGACAGGTTAATAACCGCCCTGCAGCAAAGCGATGCCGTTATGGCAAGTGTTTGCGCGCCGGTACAGGATGTAGCCGAACTAAACAACCCAAACCTTGTTAAGATTATTACCGATGTGAATGGCAATGCTATTTATTTTTCAAGGTTCGCTATTCCGTTTTCAAGGGACAAGGAAGTAGGGGACATATCGGTTTACAAAAAACATATGGGGGTGTATGCTTATAAGGCATCATTCCTGAAAGAATTTATTACTATGCCGGTATCGTTTTTAGAGAGCACCGAAAAATTAGAGCAGTTAAGGGCGATTGAGAACGGCTATAAAATTAAAATGATTGAAGTGAAAGGCATCGAGAAGGGGATAGACACCCCCGAAGACCTTGAGCTTGCACGTAAAAAGATAAAAGACAATGGCATTATATAACGACATCACCCAAAAACCTTTTTTTATTGTTGGCCCATGCGTAATGGAGAATCAGGAACTGCTTTACACGGTAGCCGAAAAGGTTGCCGAGATTGGTGCTAAATACCCGGTTACGGTGGTTTTTAAATCATCGTTCGATAAGGCAAACCGTACCAGCGTAAGCGCTTACCGTGGGCCGGGTTTAGCAAAAGGCATGGAGATGCTGAACAAAGTAAAGGAAAAATTCAACCTGCCTGTTACTACAGATATCCACGAACCATTCCAGGCTGCTGCATGCGCCGAGGTGGTAGATATCTTGCAGATCCCGGCATTCCTTTGCCGCCAAACAGATCTGTTAGTAGCAGCTGCCGAAACAGGTAAAATTGTAAATGTTAAAAAAGCACAGTTTCTATCCGGCCAGGATATGTTTTACCCTACGCAAAAAGTAAAAGAAAGCGGGAATGACCAGATCATCCTTACCGAGCGCGGTAATTCATTCGGTTACAATAACCTGGTAGTTGATTTTAGGAACGTTGCCGATATGCTGGAGTTTGGTTACCCTGTTTGTATGGATTGTACCCACTCGGTACAGCGCCCGGGCGGTGCAGGTGGTAAAACTGGCGGCGATCGTAAATTTGTACCCGGAATGGCGCACGCTGCAAAAGCATTCGGCGCCAGCGGTTATTTCATAGAAACTCACACTGATCCGGATCATGCGATGAGTGATGGTCCTAATATGCTTTACCTTAAAGATTTGGAAGAGCTTATCAAATCGTTGATAAACTAAAAAACGTACCGCCATTGCAATGACGCTTGGGGGGATTTTTAATACTCCTTCTTGCTTTCCGATATCTCCCACTGCTTAAAAACGGCAAACGCCTCAGTGTGCATCATTTGCACGAGTGGGAGTTTGCGTTTTTCCATCGGCTGCGCTAATTCATCATAAATAAAGTTGTCGTCGAAGCCTATATTGGCGGCATCTTTTTTGGTATTAGCGTAATATATTTTGTTGATGCGTGCCCAGTATATTGCCCCCAGGCACATAGGGCAGGGCTCGCAACTGGTGTATATCTCGCAACCCTCTAAATTATAAGTTTCCAGCTCCTGGCATGCAAGGCGGATCACCGAAACCTCGGCATGTGCTGTGGGGTCATTGGTAGGTACAACCCTGTTCGCGCTGCGCGCTATCACCATACCATCCTTCACTATCACTGCGCCAAACGGACCGCCCTGCGCGTGTGTTACGTTGTATTCAGATAGGTCAATTGCCATCTGCATAAACTTTTCGTTGCCTTTGTCTTCCATATTGTTCTAAATTAAAAAACCCCAACTATAAGCCGGGGTTTTAATTAATTATATTTTGTGTATCCGCACAATTATTATTTTTTGTCTTTAACGTAAGCGTCGTTTAATCTTTTAACAACATCGGTAGTCACATCAAGGCTTGGGTCGCCGTAAAGTACGGTGGCGTTACCTTTTTGATAAGTTAAGATCATTTTGTAACCTTTTTCTTTAGCGTAGGCCTTTGTAAACTCAACCAATTTTTCGTAAAGTTTGGTTTGTTCGCTCACCTGATCGTTTTGAACCTGTGCACCGGCATTTTGCTGATATTGTTGAAACTCCTGGCCTTTACGTTGTAAACGTTGCTCGGTAGTAGCACGCACATCCGCAGCCATAGTAGGGGCGGCTTTTTGGTACTCAGCAATTTCGCGTTGGATAGCTTGCTGGCGCGATGCAACATCAGCCTGCGCAACTTTACCTTTATCACCAAGGCGTTTGTCCATATCCTTAATGTAATTGTATTTAGATACTAACGAATCCTGGTTAATGTAAACAATTTCAGGAGAGTCGGCAGTTGCGGTTGTAGCAGCAGCCGGCTTAGCATCTGGTTTATTTTGGTTACAAGCAGATACACCTGCAGCTATTAGTAATGCTAATACTGATTTTGTAACAATTGAAGCCTTCATTTTCATTGGGTTTATCTTAAAAAAAATTTTGACAAATATAATCTTTCGGCACAAGTTTCCTAACCATTAATTAAGATGTTTATTATGGATCATATTTATCCACAATCGAACTAATATTGCACATAATTCGAGTTAATGTGAAGCTAAATTCGTAAATTTGATAGTTATTGTTTTAATCAAATATGAGCGAAAAAAATCAGGATAAATCAAATTATTCCGCGGATAATATACAGGTTTTAGAAGGTTTAGAAGCTGTACGAAAAAGGCCTTCGATGTACATTGGTGATACGGGCGTAAAAGGCCTTCACCATTTGGTTTACGAGGTAGTTGATAACTCGATAGATGAGGCCCTTGCCGGCTATTGCGATACCATTAACGTTACTATCCACAAAGGCAACTCTATTACCGTTGTAGATAATGGCCGCGGTATCCCTACGGGTATCAATACCAAGGAGCAAAAATCAGCATTAGAAATTGTAATGACCGTGCTGCACGCAGGCGGTAAATTTGATAAAGATACCTACAAGGTATCGGGTGGTTTGCACGGTGTGGGTGTAAGTTGTGTTAACGCGCTATCTATACACGTAAAAACGGTTGTGTACCGCGAGGGTAAAATATTTACGCAAGAGTACGAACGTGGTAAACCATTGTTCCCGGTAAAGGAAATTGGCGTGTCTGATAAAACAGGTACTACCCAAACTTTCCAGCCGGATGCGGAGATATTTACGCTTACTACCGAGTATAAATTTGAAACATTAGCCACCCGTTTACGCGAGCTGGCTTTCTTAAATAAAGGGATCCGCTTAACGTTAACAGACGAGCGTGAAACTAATGACGACGGTTCTTTCCCAATGGAAGAGTTCTTCTCTGAAGGCGGCTTAAAAGAGTTTGTTAAATACCTTGACGGTACCCGCGTGGCTATCATCCCCGAGCCAATTTACCTGGAAGGGATCAAACAAGGCATTCCTGTTGAGCTGGCTTTCCAATACAACGATACCTATACAGAAAATGTACACTCGTATGTAAACAATATCAACACTATTGAAGGTGGTACACACGTTGCAGGTTTCAGGATGGGTTTAACGCGTACGCTTAAGGCTTACGCCGATAAATCGGGCTTGTTAAAAAATATGAAGATCGAGATTACCGGCGATGACTTCCGCGAGGGGTTAACTGCTGTAATTTCGGTAAAAGTACAGGAGCCACAATTTGAAGGGCAAACCAAAACCAAGCTGGGTAACAGCGAGGTGAGTGGCGCCGTTAACGTTGCCGTAGGCGAAATTTTAGGTAACTACCTGGAGGAAAACCCAAGGGAAGCTAAAATGATAGTGCAGAAGGTTATCCTTGCTGCTACAGCCCGCGCAGCGGCCCGTAAAGCCCGAGAAATGGTACAGCGCAAGAGTGTTATGACAGGGTCTGGTTTACCTGGTAAACTGTCTGATTGTGCCAATAGCGACCCAACCTTATGTGAGCTTTACCTTGTAGAGGGTGACTCGGCGGGTGGTACTGCTAAACAGGGCCGTAACCGCGAGTTCCAGGCGATACTTCCACTACGTGGTAAGATCCTGAACGTGGAGAAAGCCATGGAGCACAAAATTTACGAGAACGAAGAGATCAAGAATATGTTCACCGGCCTTGGTGTAAGCATTGGCACGCCCGAGGATGCTAAAGCGTTGAACTTAACCAAATTACGTTATCACAAAATTGTGATCATGACGGATGCGGACGTAGATGGTTCACACATTACCACGCTGATTTTAACCTTCTTCTTCCGTTATATGAAGGAATTGGTGGAGCACGGCTATGTGTACATTGCATCGCCACCGCTTTACCAGGTTAAAAAAGGTAAAGAATTTGAATACTGCTGGACAGACGAACAACGCGACACCGCCATACAACGCCTAAAAGGCCAGGGTAAAGAGGATAGCGTACACGTGCAACGTTATAAAGGTTTGGGTGAGATGAACGCCGAGCAATTATGGGATACCACCATGAACCCGGCTAACCGTACACTTAAAAAGGTAGCTA
NZ_CP133775.1_gap26	1314950	1318710	3760	CAAACCTGCTTTCGGGCACGGTGTAGTACATGCCGTTCAAATCAACCTGGTTACCACGGCCTGTTATGCTCATCTGCGCGGCGTAGGCATTAGCTGTTTGGTTGTTAACTTTTAGTGCGATGTTACCAACGGTATCGCCTTTAAAGTTAAAGTCGCTTACGTTAAGGGCTGCCGTAAATACAGGCAATTTTTGGAAGTTGCTTACCTCGGCATTACCGTTTATGGTACCGCCAACTAAAAGGGAATCCTGCTTAGCCAGCTTGGTTAAAGTTTCGATACGGAAGTTTTTGAAATCGACCGTGATAGGCTCGTTATACTGGCCTGATGTGGTATTGGCGCTCAATACCTGGTTGTTGTTGGTAATACTGAAGTTACGGGCTAAAATACCTTTGCCGCCAAACATCAACGCGTTATCGGGATTAACCGACCATGCGGTATAATCAAGCAATAAGCCATTCTCCAAAAAGTTGAATTGATATTCATTTGGCATAGCGATAAACTGCCCGGCGATGCGGTAGCGATCTTTCTTTTGGTTGTCCCTAACTTGCAGGCTGATCCCCAATTTATTGTTCAGGGCGCTGCCCGATACACTGGTAAATAACAGATCAAGCGATGGGCCTACTTTAATCTCATCAACCGTTAGGTTATAATTAAGCGCGTTACCGGTATTAATGGCAAGCTTAAGATTGTTAACCGTATTGGTGCCATAAATAACTTTTTGTGCCGATCCGTTCAAGATCAGTTCGCCGGTGGTGCTGTTAAAGCGGCCGTTGAATAATACCGGATCAAGTTGTTTCAGGTCGGGCACAAACCGTGTTACCAGCGGGGTTTTAACCAAACGGGCATCAAACGTAAACTGCTGCGGCGAGTATTTTACTTTTATACGAGGTGTTTTACTGCCGAGGCTGGTGTTGTAATATTTGTCGATAACATCTTGCACCGCCGGGGCAATTTGGGTTAGCTTGTATTTACCGGCCATGTGCGCATAAAGCATTGGCGCTTTTAAGTAAAGGGTGCTGCTATCGGCAGTGGCTGTAGATACCAGGCTTACCGTATCCAGTTGAATACGCTGTCCGTTATTGTTGATCAAAAGATCGGTAGCCAATATTTTCGCGTTCAGGTAATCCGGGTCGGCGGTTGGTACATCGGCAATAATTTTACCGTGGAAACGAATTGGGTTAGCTGTAAAATGCAGTTTTTGCAGATCGATACTATCCACCATCAGCGTAGCATTTACCGATGGGTATTTTTTGTTCATGTTAGCCTTTGCATCCAAACTAAAGTTGATGTTAGGGTCTTTCATGCGGGCTTTAGCCACATAGCTGCCATTGCGTGCCGTGCCGTTCATCACTAAATTACGGTAGGTGTAGCCTTTTACATTTGCGCTCGTTACATCGCCGTTAAATTTCAAACTGGCGGTTTTAGGGTCGAGGCCGGTACCGCTGATGTTGGCCTTCATGGTTACAAAGCCAACCATTTGCGGTTGTTTGGTTAACGCACCTACGTTTAGGTTATTGGCTTTAATATTAGCTGTGTAAGTTTCGCTGCCTTTGCGTTTACCGCTCTTCATGGCTGCCACCAGGTCAACCGCGCCGTAGCTGCTGCGCAGGGTCATTTTGGTGTTAAAGTTTTTCATGCTGCCTTTAAAGATTCCTTTCAGCTCCATATTCTCGGGCACGCTTACATTTGGCGGGATGGTTCCTTTTGGTACCAGGCGAACAATATCATTACGTGTTGTGCGGAAATCATTAATGGTAACATCAAATACCGACTTCTCTACATTAGGCAGGCCACGCATGTTAGCCGATGCTTTAACGTAAGTAGTGCCAAAACCACTTATCTCAATGTTCGGGATGCGCAGGTTATCAACCGTGCCATTAACACGGCCATTGATTTTTATGGTGGAGTTTGGCGACGATTTAAACGGTTCCATTGAAGCCATGGTAGGCATCAAAAGCAACACATCGCGCAAGCCAAGCTTGCTGCCATCTAAATTTGCGTTGATGTTTAGCTTGCCCAGATCTTTAGTTAACGATTCGATAGATGGGTAACCCACCTGCAGATCTTTCTGGATAACCGAACGTGGTGTTTGCACCAGCAGGTCTTTCAAATAAGCATTCTTTGGCCCGTAAAAAAAGGTAGTGTGGAACTTATCGATCTTGAACCCGCTTTTTTCGCTAAAAGTAAATGAATTGATACGTCCCGATAAGCTATCCGGCGTGTAACCAATATTTTCGGCATCGGCATTTAAGTTTTTGATACTCATGTGGGCAAAATCCAAACCGCGTGGCATAGGTTTTTGCGTATCGTTATCAAACTTAATATTATCGTTGGTGAAGGTTACTTTACTTAAGTTGGCTGTCCAGCCTTTCGCCTGGGTGGTAGAGGTAAGCGTATCTATTTTCTTAATGGTTTTATCAACCGCTTTGGCTACAGTTGCAGGTTTGGCAAAGGTTAGCCAGGCGTTGGTATTATCTAACACGATAGATTTGATGCCCACGTGCTGGTTCTTCATGTCTATCTTATCCATGTTCACCAAAAACTTGCCCAGATCAACCTTGGCGGCCATTTCGCTGCTTTTGTAATCAACCTTAACCTTGTCAATATTGATCTCGCCTAAAGACAGATCCATATTTAAAGGTTTGGTAGTGGTGTCTATTGTAGCAGCTTGGTTAATAGATGAACCGGCAGGTGTCTGGATGATCTTAGCATTCACCCCGCTCAAGTTTATTTTAGGGATAGTGAACTTCATCTTATCCGGGTCAAAATCCTTAATGCGGGTATCAAAGTGGCCCAGCAAGAATTTAACATCGTTGCCTGTGGTTACATCTTTGTATTTGATATTGATCTTATCAAGTATGATCTTATCTACCGAGAACTTCATGGTAGAGGTAGTATCGGTAGGTTTAACTTCTTTTTTCTGCTCGCCGGCAAATGCCTTGATAATATAGTCGAAATTGAAGAGGCTATCCGGCCCGCGGCTAATGTTAGCCGTAATGCCTTCCAGGTTTATTTCATTTATCTCAACCTTGTTTTTTAACAACTTTAGGAGCGTGATATCGACCTTTAGTTTGTCGCCTGCGATAAGGGTGTCTTTCTTTTGATCCTCAAAGTAAACATCCTCCAGCACCAGTAGTTTGGGTAGCCCCAAACTGATGTGCCCTATCTCAACTTTTGTGTGAATTTTATTTTGTAAGAAAGTAACCGCCTTATTCTTAGCAAAATTTTGCACGGCGGGTACCTGTATTAAAACAACCACAAGTAACACCAAAAATATGACACTTGCAATTATCCAAAGTATTGTTTTAAGGGCTATACGTCCAAATCGTTCCAAATTCTTAAAGGTTAGGGTACTACTTGTAGTTAGGGCAATTAATCGTAAAAAAGCGTTTTTGTACAAATTTTTAACATAAATACAAAGCGTTTGTTTTTTCTTATAACGATATATTGGCTATAAATATAAGATTATTGTATGTATTATAAATCTTACAAAAAAATGCAGCGCAATACTATCCATATTGAAAATATGTCAATCGTTTCAAGTACAGAATATTCGATGTAATTATCAACAAGGTTGGCTTAAATTTTTAATTTTTGATAAATTTGTATTCCACAGGATCAGCAGAAAGAGATAACATATGCCCGAATTTTCGCACTTACACGTACATACCCAGTTTTCTTTACTTGATGGTGCCGCCGATATATCAAAATTATATAAAAAAGCGGCTGCCGATGGGATGAAAGCACTGGCCATTACCGA
NZ_CP133775.1_gap27	1509105	1513010	3905	TCCGCGAAACGGCCACCTTATTGCCGCTGGCTTTGATCGCATTGCTATTAGGCATCCTGCCATCGCTGGTGCTTGGCGAGGTGAATGATTCGGTACTGGCGTTGGTCCAATTTATCCAGGCGAAATAAATTTTCATTTATTTCTACATCGGTTTATGGAAAACTTAAGGCTTGTGCATCATACAGGTAAAATTAAATATCATGACTAAAAAGTTATTATTTATTGCCTGCCTGTTCATCAGCCTTACCCGTGTCGCTAACGCCGATGATTCCCAAAAGATCGTATCAAAGGTGCAAAAGGTTACCCTGTTTTTGAACGGGGCGCAAGTAACCCGCACATCGCCTGTAAACGTGGCTCCCGGCACATCCACTTTAGTGTTCGAAAATATTTCTCCGGGTATCGATGTGCAAAGCATCCAGGTACGTGCCGCCGGCGATTTTACCATCCTTTCGGTAAAGCACGAATTGAATTACCTGAACGAGCAAGCCAAACAAAAGCATGTAGAGGAATTACAGGCCCAGCAAAAGGCCCTGAATGACAAAATATCGCTCCTGAATTACGCTTTAACCATTAACCAGGAAGAATATAATATGCTGGTTAAAAACCAGGTGGTAAGCGGCCAAAACAGTAATTTGGATGTGCTTAAATTAAAGCAAGCTTTGGATTATCAAACTATCCGCCTGACCGAGATCAAAAAGAAAGAGCAGCTGATCAATAACCAGGTAACCGACCTTAATATACAGCAGGAACGCTTCGCCAAACAAATTAACGATATCCTTCGCGGCAGCAGCACCGTAACCAGTAATATATTGGTGATGGTTTCATCAAAGGCGGCGGCGCAATCGCAGTTTACGCTTACCTATCTGGTTAATAACGCTAACTGGTATCCAACTTACGATATCAGGGCCAAAAATGTGAATAGCCCTATCACCATCTCCTACAAGGCTAACGTGAGCCAGCAAAGCGGCGAGGACTGGAAAAATGTAAAGCTAACCCTATCAACCGGTAACCCAACGGTTAGCGGCGGCAAGCCGGAGTTGTCGCCGTATTATCTAAATTATGGCATGAATTACTCTGGCCGGCAATCGGCAATTACCAAGGTAACGGGTAGGGTGTTTGGGCAGGACGATCGCCTGCCACTTCCCGGCGTAGCTATAAGGATTAAGGGGACGTCCATCGGTACACAAACCGATGCGGCAGGCAACTACTCGATACAGGTGCCCAACAGCAGCGCTATTTTAGAGTATAGCTTCATCGGTTACGAAAAAATGGAACGCACTGCAACGGTGCCGGTGTTAAACATTGGCCTGAAAGCATCTTCGCAGCAATTGAATGAAGTTGTGGTAACTGGATATTCATCTATAGAAGGCTATTTGCAAGGAAAAGCCGCTGGGGTAAATGTTCAGGGCTCGCCGGGATCTGCCTCCCAAATTTCAATTAGGGGAATGCGAGATAAGCAATCCACCCCGATAGAAGTTCAACAGGTAGAGAACCAAACCAACGTAGAGTTTAACATCGCTAACCCATACTCTGTACCGAGCGATGGCAAGCAATACCTGGTAGAAATAAACGAAGTGAACACCGATGCTACCTACCAGTACTTTGTAGCGCCAAAGCTGAGCACCGACGTATTCCTGACCGCGCGCATCACCGACTGGAACAAATACAACTTTTTATCAGGCGAGGCCAACCTGTTTTTTGAGGGTACGTTTATCGGTAAATCGTTAATTGATACCCACGCCATTGCCGATACCTTAAATTTATCGTTAGGTACCGATAAAAATATTGTGGTAACCCGTACCTTGCAAAAGGATTTGACAGAGAAACAAGGCTTCGGTTCTAATAAAAAAGAAACCCGCGACTGGTTGATAAACGTGAAGAACCGCAAGAACCAGCCCGTGAACTTATTGGTGGAAGACCAGGTGCCGGTATCGCAAAACTCGGCCATTGAGGTAGAAACGCAAGACGTAAGCGGTGCGCAGATGGATAAACTTAGCGGCAAACTATCGTGGAGCCAAAACCTGAAACCGCAGGACGAGAAACAATTACATTTAAAATACCAGGTTAAATATCCAAAAAACCAGTTAGTTATAGTACAATAAAATAAATGAAGGATCTGTTACCAGAAGTTACCACCCAGCTAAACGAAGTATTACGCGGCCTGCGCTTTTTTGTGCCCGAGCTGTATTTAGCCGCCTTGTTTATTTTGGTGCTGGTAACAGATCTTTTATTTGGTAAACGTTCGGCAAAATTATGCCGCGCGGTAGCAACGGGTGGTATGATGATTGTGATCGTACAGGTCATCAGTCAAAAATTAAGCCTCAACGCAAATGATACCGCCCGGTTTTTTAGCGGGATGTTGATGCTGCACCATACGGGCATTGTTTTTAAACTTATTATAGATGTGCTGGCGCTGATGCTGCTCTTCTACTTTGCGTGGGATAAGAAACTGGCATCGCACAAAAAAGGCTTGTCGGACTTGTACACTATTGTCATCGGCTCGGTATTGGGCTTACATTTAATGACCATGGCGGTAAATTTGCTGTCCATTTATTTGGCTATTGAAATGGTTTCCATTGCATCGTACCTGTTGGCAGCCTACCGTACCGATAATGCCAAAAGCACCGAGGCGGGTTTGAAATATGTACTCTTCGGCGCGACGGCATCGGCAGTAATGCTGTATGGTATTTCGCTTGTCTATGCCTTCTGTGGTTCGCTTGATATTTTCTCGCGCGAGATGCAGGAGGGGCTGATCCAGGTAAATCCTGTAAGCGTATCATTCGCGCTAACATTGATATTATTGGGAATTGGGTTTAAACTTTCGCTGGTGCCGGCGCATTTTTATGTGCCCGATGTTTATGAGGGCGCGGCAACTCCGGTAACGGCCTACCTGTCTACCTTACCAAAAATAGCAGCCTTTGCCTTGCTGATAAATTTCATCACACCGTTTATCACCTCCAGCGGGATGTATATTAACTGGGCGGGGTTAAACTTCAGGCTGGTATTATCTGCCGTTGGTATCGCTACCATGGTGGTGGGTAATTTTGCAGCGGTTTGGCAAAATAGTGTAAAACGGATGCTGGCCTACTCGGGCATAGCGCATACCGGTTTTGCCTTGATGGCCGTGGTAACCTTTAGCGGGCAAGGACTTACCGCGCTTACTTATTACCTGCTGGTTTACGGCCTGGCAAATATTGCCGCGCTTATGCTGGCCAACTATTTTGAAAATAACGAGGGCATCACCAACATAAGCGATTATAAAGGCCTCGGCTTTAAATACCCGCTGGCATCTGTAGCATTTGTAATAATATTGATCTCCCTAACGGGGATCCCCATCAGCGCGGGATTTACAGGGAAGGTTGTAGTATTTTCGGCAGTGTATGGCGTATACCAGCAAACGCATGATATCTGGCTGATGGGCATGCTGATAACCGGTGCGGTTACTACCGTTGTTGGTTTGTTCTACTACATCAAGATCCCGTTGAACTTATTTTTAAAACGCGTTGAAATTACCCCGAACGAAAATTTGCAATCGCGTAACCTGGTGATTTTTTCTTCTGTTGTTGCGTTATTGCTAATAATTTTTGGACTTATCCCCGATAAATTGATTAATTTATTGTAATTGTTTCATTTTTTATAAAATATCTACTAAAATTGTATAAATTGAGGCCGTTTTAATAAATGGTTTTAATTTGATATGAAACGTTACTTCCCCTTTTTTGTAATCCTTGTTATTTTATCACTTACGTTTATTTTTCCATCCGTAGAATACGATAAAACTGTAAAATCTAACTTTAATACCGGCGATATCGCCTGGATGTTAATGTCCACCGCGCTTGTTTTAATTATGACCCCCGGCCTTGCCTTTTTTTACGGCGGAATGGTGAATAAAAAGAATGTTATAT
NZ_CP133775.1_gap28	1514126	1515899	1773	GGAAATTTTTATGCAAGGAGACGTGAAGTATCGTGTCTCTACGAAAATCGATAATGTAGAAACGCGATACTTCGCGTCTTTGAACATGCCGAAACTTTTGGTCCGTTTTTGTGGCTAAAGCAAAGAAATGGCGTAGCTTCTTGAGTGCCAAAACAAAAATAAACACATTACGAAAAAATTAACATCTATAGGCTTATATACTTAGAACTGCCATTCCTAATAGAGCACTAATCGACGACTTTTCTATCGAGGATTGGCCACGCTATCACTCGCAATAACGCGCGGAGAGATAGCGACGAATGGTTCGACAGGCTCACCATTGCAATTGTGGTTACTTATACAACTCAGGTTTAAACCTTTTCGCTAATAGGCCTGTTGCTTTTTCGGTATCGACATCTGCAACCACAACACCGGCATGGCCGTAGGGCTGGTGGGCAACGCAAACGCCATCGGGCGCAATGATGGAACTGGTAGATTCCTGGAATTTCATGGCGTAGCCAACGCTTGCGAAGTAAATGGTATTTTCCAGCGCGCGCATCATCATGGCTTTTTCGTAGTAGGGGCTGTGGCTGTCGCCCCAGTCGGTTATTTGTTTACCGGTTGCATCGCTGCCGGTAAGGTGCGGGTGGAAAACCACCTGCGCGCCTTCGCGTGCCGCCCATCTTACAGATTCGGGGTAGCGGAAACCTTCGTGGCAAATGGTGATGCCGAATTTAAGGCCGTTCACTTCAAACAGGCTGCGTTGTGTTCCAGGCACCCAAAAATTATCTTCGCTTGGGTCTAACTGATTTTTGGTTTGATAACCCAGCACCTCGCCCGTTGGCGATATCACATGCGCGGTATTTAAAAACCGGTCTTCCTCGTAACAATCCATTGGGATGATAATGGCGATGGCATTAGCAGCCGCTATTTCGCACACTTTGTTTAACGCATCCAATAATTGCTGATGTGTGGCTTTCTCCGGTTTATGGTCGGTAAGCGGGTAGCCGGGAATAAATGATTCGGGGAAGCATACAATTACAGCGCCTTGCTGCGCGGCATCTCTTGAAAGATGATCAACCTGGTTTAAACCATCATGGATGGATGTGGGAAAAGTAGGAGAGGCAAGGGCTATTTTCATGCAGGTGAATTTAAGGAATTGTTTTTATAGTTTGTAGAATTTGCTCACCCCGCTGCACTTCGTGCGCGACCCTCTCTGGTGCGCAAAGAGGGTGAGGGAAAAAGCCTCTCCGGAGGAGAGGGCGCTAAAAGCTTTATCCTCTTTCCGCCAACAGCGAAGAAGGGTGGCCGGGCGAAGCAACGACCGGGTGAGTAAAAACACCCGCAAGGCTTGTTTAAAATAATAACAGGTTTTGGGTAGCCCCTACGGGGCAAAATAAATTTGTATTTATTTTTACAAAGCGGTAGCCCCCGATGGGGCATATCTGCTTAGTTAATGAGTTTCCTAATGTTTACGCATCAATGCCCCATCGGGGCTACCGCTTTGTAGGAAGCGTATTCTTATTTTATTACTCCGTAGGAGTTACCCTTATCGGCACAACCGCTCATCCATAAACCCGATAGGGGCGGATACCTGCACCTGCGCCCGCCCTAACAGGAGAACCAACGCTCTTTAAAAATCTATCAATTTTTTAAACGGGTAAATCAGGTTCAAACAATAATCGTCCCTATCCCACAAATTACGGTTCAAACAATCCCTGAAATCCGCTTATCCCGGTCTACTTTTCCACACTATAAAAAATACTAACTAATGACAATATGTTTAAACACTAT
NZ_CP133775.1_gap29	1527087	1531541	4454	AGAAATTATATCGGGTACCTCTTCATTATTCATTTCCGCCTCATCCTCTGAAGACATCAGCGGGAAAAACTCGGAATCTTCATTAATGGAGGGCATGGTATTCTTAAAATCGAATGGATCAAAACTCATCAATCACCTTTTATGTATGGTAACAACGTCATAATGGCAGGCACGGAAACTCCGGACTTGCAAATACAGGTTAATTGCCAATAGTTATATATTTAAATATACAGTTTCAAGAGCTATGCCAATATAAGTTAATTGCCCCGGGTAAATGACACACATTTGTAAATGGTTGATTTTTTGGCGTTTGTGAAGGTAAAATAAATGTGGGTGGTTTTTGGTGGGATTTGAGGAAAGTGGAAAAAAAGTCATGTGCGGTTGTGGACGATAAACTTTCCAAAACCCTCTTTCCGCGCAGTGCAGAGAGAGTGGTTGAGCGAAGCAACAGTCCCGATAGCTATTGGGAGGGTGAGTAGACTGTGCGGTTTGCAATTTGGTCGCGCTCCTATTTTACTCACCCCGACTACGCTACGCTGGCCGATCCTCTCTGCTGCGCAAAGAGGGTAAAAAAGGTTTTTCAATTCCATCATTGGGGAGGGAGGGGTTTCTATGCTGTTTTTGTAAAGCACATACAGTGACAGTGGATAATAATTTGGCTAAAGCCGCTTTTACAGTTGGCTTATCCATGGCTGAAGCCAATGGCAATTATATTGAAGATCCCTTCATTGCCGCCCCATTTATGGGGCGGATGGCAACTTGAAATGTTCCCGGCTTTAACCAAAGTCTTCGGCTAATCCCCTTTTATTCAAATAAGTTGTATGTAATTCTAAAATTATTAACAAATTGCACGCCTGGGATAATAATTTAACACATTGTTAGTTAATATATTGTTACTGGATAATACCCGCTAATTAAATATGAGGCTGTCGGCTATAATTTCTTTGATCCTGTTTACATCGGTGGAGACACTATCGGCACAAAATGCCTACGTAAAAATGGGGCAGCAGGCTTTTATGGATGGCAATTTTAAAGCCGCCGTAAAACAGCTGGAGAAAGCATGTATTGTAGATAGCACAAATGCCAATGCCTATTGGATGCTGGGTTATTCATATTATCACAGTGAAAACTACCGCAAATCCATAGCTGCATACACCAAAGTGATTTTTATTAACCCGATAGATGCCACCGCATATTATTACCGTGCGCGTGCCAAAGGTTATTTAGGGAAAGATACTTTCCTGTCGCCGCAAGAGCGCGAGAAACACCTGTTGGGCGCAATATTCGATTTGACCAAAGCCATCTCCATTGATCCTAACGACCATGGTAAATGCTTCCAGACCCGTGGTATTGCTTACCGTGAGTATGGTGTATTTAAATTGCAGCCTGGTGCTACCTTTGATAAAGCGCGTGGCGTAAACTCGCTAAGAGCATCTATTACCGATCTGGAAAAAGTATTGGCCGATAACCCCGGAAGGTCTGATATCTCTACACTGATAGAGCTATCCAAAGAAAAACTGGCAACCGCCAACGGGCATCATTAATTTATAAAACTGCCATTTATCCGGTAGTTGTTCGCACCCATCACTTTCACTTTCTGGTTTTTTTCAATGCTGTAATAGGCATTTGGTACGTAAACCAATTTCTCGCTGGTGTTGTACAGGATGTTGTGCGTGTTGTTAACGATAGCGATCTCGGTAACCTGCCCCGCTTTTTTGCGGACTACAATTTCACGGGTTTTTAACTCCGGGAATTTGGCTTTGTAAACAGTGCTGTCGGCATTACTTTGCACATTGTAGCTTTGTTTCCAGGCGGGTTTGTTGATGTCGCTTTCGGTAAACAGGTTAAGCTCCTTTTTCCAGCTGGCAATGCGTACCTTTTTGCTTTCGGTATCGCCGTTATGGGCTACGGATTTGTTTACCTCGGGGTTTTGTTTGGTAAGCAGGGTATCCTGTTTGCCAAAATAGCCCTTCAGGTCAAAGTACTGCAGCTCGGCGCCAGTTTCCTTTATTTCGGGCTTATTACAGGCGTAGCTGCCGCATAAAAGCAGCAGCACGCTTGTATAAATAGTATATTTTGAGAATGGTTTATACCAATACATTACCGGTCATTTCTTCGGGAATGGCTACACCCAAAATTTGCAGTACGGTAGGGGCAATGTCACCCAGTTTACCATCTTTTACCTGTTTAACATCGCTGTCGATAATGATACAAGGTACCAGGTTAGTAGTGTGGGCCGTATTTGGCGAACCATCTTCGTTAATCATGTAATCGGCATTACCGTGGTCGGCAATAATGATGAACGAGTAGCCTGTTTTTAAACCGGCTTCGACAACCGCTTTACAGCAGGCATCAGCAGTTTCAGCAGCTTTCATCACCGCGCTAAAAACGCCTGTGTGGCCAACCATGTCTGTATTGGCAAAGTTCAGACAAACAAAATCGGGCCAGCCGGCTTCTAGTTCGGGGATGATCGCATCACGGATGCCTTCGGCACTCATTTCGGGTTGCAAATCGTACGTTGCCACCTTTGGCGATGGTACTAATAGGCGTTTCTCATCAATAAATTCCGTTTCGCGGCCACCCGAAAAGAAGAATGTTACGTGCGGATATTTCTCGGTTTCAGCAATGCGGATCTGTTTTTTACCGGCACCTTCTAAAACCTCGCCCAATGTTTTGCTCAGGTCATCCTTACGGAAAACTACCTTCACATTTTTAAAGGTTTCATCGTACGATGTCATGGTCACATAGTGGATGTCCAACGGCTTCATATCATACTCCGGGAACTCCTTTTGGGTAAGCGCCTGTGAAATTTCGCGGCCCCTGTCCGTACGGAAGTTGAAGCAGATCACCACGTCGCCATCTTTAATTACTGCGATGGGTTGGCCGTTCTCGTCAACCTTAACAATAGGTTTTATAAATTCATCGGTAACACCATCCGCATACGATTTTTGGATAGACGCTAAAATATCGTCGGTAGCAGTACCTTCGCCCTTAACCATCAGGTCGTAAGCCAGTTTAACGCGTTCCCAGCGGTTATCGCGGTCCATAGCGTAATAGCGGCCAATGGCTGATGCTAAACGCGCCGGCGAATCGGCAATGTGGTTCTCCAGATCAGTGATGAATTTTAATCCCGAATTTGGGTCGGTATCACGGCCATCTAAAAAGGCATGGATAAATACTTTCTCGAGCCCTAAAGCCTTAGTAGCATCTGTTAAGCCTTTAAGGTGATTAATGTGGGCATGTACGCCGCCATCGCTCACCAGGCCAATCAGGTGCAGGTCTTTATCGTTTTCTTTAGCATATTTAAATGCATCAAGTATGGTTTCATTTTGTATAAACTCGTTATCAATAACGGCTTTGTTTATACGGCCCAGCTCCTGGTAAACCACGCGGCCGGCGCCAAGGTTCATGTGCCCTACTTCCGAGTTACCCATTTGTCCTTCCGGTAAACCTACGGCAAGGCCCGATGCCTCCAGTTTGGAGTTTGGATACTGCGCTATCATCGAATCGAAGAACGGCGTGTTTGCCGCTACAATAGCGTTTGATCTGTCGTTACGGCCGTAACCCCAGCCATCAAGTATAATTAAAGCAACTTTTTTTATTTTTTCCACAATGCAAATATAAAAGCAACGTTTATACATTGTAGTTTAAACACCGCTTTATTTTTACCGGTGCAACAATTCTTTAGTTTATTGGTCATATAAATGATGAAACTAAAACATCTGCCATTGCTTACCTTGCTTTTTTTGCTGCCCATGGTAGCAAGAGCGGATACTATTGATAAGATCACCGACCTTTTAAAAACAGGGAACGCCCAGGAAATTGCCATATACTTTGCCCCCAATGTAGATATCAGCATCAGCGAAGCGAGTAATTCCTATTCAAAAACGCAGGCCGAAATGATATTGAATAAGTTTTTTAAAGATAACAAACCTCACACGGCCAAACTGTTACATCGCGTTAGCTCCAATCCTAACTATAACTTCGGCGTATATATTTTAACTACCGAAAAAGGTAAGTTCAGGGTCTCGTGCACGCTTAAGGAAGTTAATAAGGTGATGCAGATCATGGAGTTGCGAATTGAAACAGAAAAACCTAATTAATGCGCAATTGTTCTTACTTTTGAAACTCAAAAAACAAAGGTTTGGACAAACAAATTATTCACCAGTTCATCGTTAATGCTTTAAGTGAAGATGTTGGCGACGGCGACCACACATCACTATCGACCATTGAAGTAGGCACACAAGGCAAAGCAAAATTATTAGTTAAGGATACCGGGATACTGGCAGGCGTTGAGTTGGCTTTAGAGATCTTTAGCGAGGTTGACCCAAACCTAAAGGTTACCGTATTTTTAAATGATGGTGCCGAAGTTAAACCAAAAGATATTGCCCTTGAAGTAGAAGGCGACGCGCAGGCCATTTTAAAGGCCGAGCGCCTAGTGCTTAACTGCATGC
NZ_CP133775.1_gap30	1533347	1535431	2084	CCAGTTAGCTACCCTAAAATATTCGCGAGATAAAGAGAACGAGGCCGATAGGCTTGGTTTAACCTTTATGGCAATGGCTGGTTACGACCCACGCCAGGCCGTTAGCTTTTGGCAACGTATGGCCGCCCAAAACCAGGGCGCCCCACCTGAGTTTTTAAGCACCCACCCAAGCGATGCTACCCGTATAGCCAATATTCAAAGGTTGGTACCCGAGGCGATGAAGTATTATAAAGGAAAATAGGGTTATTTATGACTAAGTTTTAAAGGGCTGCAACAATATCGTTGTGGCCTTTTGTTGTTTTAAGGTAAATTAGTAGATGCTCAAAAACACAACAATAAATAATAAGTTCTACTATCATGGCTATTTCTAAATCTCGTTTTCTCACAGCCCAATGGCGCAACCTGGTGATGCTTAATTACGAGGTTGACCCAGAGATATTGAAACCTTACCTGCCCGCCGCTACCGAGATCGATCTTTGGGAGGGAAAGGCGTTGGTTAGTATGGTAGGCTTTATGTTTCAGGATACGCGGGTGCTGGGCATCAAATGGCCATTCCATGTCAATTTTGAGGAAGTGAACCTGCGCTTTTATGTGCGCCATTTCGATGGTAAGGAATGGAAACGCGGGGCGGTTTTTGCGAGCGAGATTGTCCCCAAAAGTATCATCGTGGTTATTGCTAATACGCTTTATAAAGAGCATTACCGCGCCTGCCCTATGCGGCATTCGATCACAAAATCGGGCTCTAACCATACGCAATTTTTATACGAATGGAAGGTGAATGGCAAATGGAACAAACTTGGCGCTACGGTACGCAATAGCCTAACATCAATACCGCCGGGCAGCCCCGAAGAATTTATTTTTGAGCATTATTGGGGCTACAACCGCTTAACCGATTATAAAACAATGCAGTACCAGGTAGAGCATATTTCCTGGCAAATTGCCGAGGTTAAAGACTTTGTTTTTGAAGCGGATATTAAAGAGTTATATGGCGAAGCCTTTGAGCCGTACCTGAGCGTTAAACCCTACTCTGCATTTTGGGCGAATGGCTCGGAGATCGCGGTGAGGATAGGGGATAAGTTGGTGCTGGATGAGATGTAGCCGGGATAAATAAAAGTATGTCATGGTGAGCCTGTGAAACCATTCGTCGCTTCATAAGTCTTCGAAAAGCTCAGACTGACAGGAATGTTTTACATCTCGCTGCTTAACCCCAAAACCTCCAAAATAGCTTTTGCTTTCAACAAACATTCCTCGTATTCCCGTTCCGGGCTGGCGTGGTAGGTGATGGCGCCGCCTACGTGGAACGACAGATATTTTTTGGTGCTGTTGTACAGGAGCGTGCGAATCACTACGTTAAAATCAAAATCACTATCAGGACTAAAATAACCTATCGCGCCGGAATATACGCCGCGTTTGCTGCGTTCGTATTCTTCCATCAGCTGCATGGCGCTTATTTTGGGCGCGCCCGTCATGCTGCCCATGGGGAATGTGTTTTTTACAGCATCAACGGTCGATACATCATCCCTCAGTTCGCAAACTATGGTTGACACCATTTGGTGTACCTGCTTAAAACTTTGGATGCCGTATAGTTCTTCGGTTTTAACCGTGCCGGGCTTGGCTGAATGGGTAAGATCGTTACGCACCAAGTCTACAATCATGACGTTTTCCTGCAATTCCTTCGGGTGGTTGCGCAATTCTTCGATGATGGTTTTATCTATGGCCTCGTCCGCATCCCGCCTTGCGGTACCTTTGATGGGTTGGGAAATGAGTTTGCTACCACGTTTAGCCAAAAAACGCTCGGGAGAGGCGCACATAATGTAGTTGCCTTTCCATTTAAAAAAGGTAGAAAAGGGAGTAGGTGATACGCTATTAAGGTTTTGAAAGATGGATAGCGGGTCTATCTCGCTGTCTTCCGCATAAAACTCCTGGCAAAAGTTGGTTACATATATATCACCGCGTACAATGTGGTTTTGAATTTTCTCTACCGTTTCTATATACTCAGCCTTGCTGAAACGGGGTTGTATATTGATGGTTTTAACAGGTATAGTGGACGAGGGTTCGAATCCCTCCGCCTCCACTAACTTTCG
NZ_CP133775.1_gap31	1587152	1591637	4485	GCAGGGTAGTGTGGCAGCCTCTTCATCGGTAAGAAATGCCGGGACTGTTACGACCTCGTTTTCATTCAAAACAACATATTCCTGTAGCAGGCCGTCTCTGACCCTCCCTCCCAAAGGATTAACTAGCTTTTCCATGGTCATTGGGCCATCTATCCAGTTTGGGAAAAAAAGCCCGGCAACTCGGTCGTTTAAATTTACTGCCGTCACGTTTTCCCCGACTTCAATAATGGTTCCGACACCATCAGAAACTGGTATCCTTCCAATAGGGGGCCTCCAGTCAGCTATTCCTTTAACTACCAAAAGATCCCTGTAATTTAAAGACACAGCATTAATTTTAATTAAAACTTGATTTGCCAAAATTATCGGCCGATCTGTTTCAACCAAACTTAAACTTGCAACGCTATATTCTTTTGTAATTTGATAAGTTTTCATACTCTAATGATTTGCCGTTTTAATAATAGACATAATTGGAATTATATGTCTATTATTAAAAATTATCCCCTAATTTGTACAGACAAATGTATCTGTAAAATAAGCTTGGGTATCATGTTTTGCCCATTATGAGTTACTAATAAAAATGTGAGTATGAGCCAAAAAAAAATCAATTCAACAAACACTTTAAATGAGTTTTATCTTGAAGAACGATGCACCTTAAATAAGGTATTAAAAATTGTCGGAAAAAGGTGGGTTTCAGAAATCCTGCTATTAATTAAACAGGATGTTTCACGGTTTTCAAACTTAAAAGAATGTTTAAATGGAATTTCGGATAACGTACTTTCATCTGTACTAAACGAGTTGGTTAATAGTAAATTAATTGAAAAAGAAATATTTAAACAGATACCCCTACGAGTTGAATATCGAATTACGCAAAGTGGACTGGAACTGACGGATATAATGCATCAACTGTGTGCCTGGGGTAAAGTGCATATACCTTACGTAACTCGTATGAAGCCTAGTTTTAATTAAGGAGAAGTGTTACCTTTTTAAGGTATTTGCCCTAAAAAAGTAGAACATTAGTTTAGGATAAATCCGGCAAGCTTAGATAATAAGACAAAGTTTCGAGGGAACTACACTAAGTGAGTTTTCTAATAAGCTCGTTCGCAAACGTTTTGATAATGAATCGTTGAAGTCCATAGTAGCTCTGCAAGACATACATAAACGGCATTCTTGGCCACCAGTTTTTCATTTTTTGAGGGCCAAACAGGCCGTTTACCTGTTGATGTTCCAGTATATAATTTATCTATTTCGCAATGGTGAAGAATTAATACCGTTACGTAAAATTATGATCGTGGATTAGCTATAATGGAACAGAAAAATTAATATTGCACAACATTGCCCTGCAAACCTTTTTAGCCGATACCTGTTTGCCTTATTTAAAACTGTTTTTTCTACATTAAAAAATGGAAAACAACGCTGACCAGAACGCGCAAACCGAAAATATTTTTAAACTCATTGTAGAGCAGTCGCCATCGCCCGTAGGGCTGTATGTGGGGAAAGGTATGACCATTACCCTCGCTAACGATGCCATATTAAAGGTATGGGATAAGGACAGAACTGTAATTGGCAAAACCTTTCGCCAGGCCCTGCCCGAACTGGAGGGACAACCCTTCTTCGACATTCTCGACGAAGTTTACACCACCGGTATTGCATACGAAGCTAAAGCTGAGCGGGTAGACTTGCTATCCGGCGGGCAGCTTAAAACTTTTTACTTCAACTTTATATATCAACCGCTAAAAAACGAAAAGGGCGAAGTATTTGGTATATTAAATACAGCCAATGATGTTACCGAACTGGTCCTCACCCGTAAAAAACTGGCCGAGAATGAGGAACGGGTGCGTTTCGCGCTCGAATCGGCACAGCTGGGTACCTGGGATATGGACCCGGTTAACGAATTGGTTACCTGGGATGAACGCTGCAACCAACTGCATGGTTATGCCAGCAGCGAGGTTTTGGCATACAACGATGTGCTAAAGAGCATCCACCCGGAAGACCGCGCCACTATAGAACGAAAAGTTAATAAAGCACTTGATTGTAAAGGAGACGGCAATTACGATTGCGAATTTAGGGCCGTTAGTGCAATTGATAAGCAGGTACGGTGGCTGCGTGGCAAAGGCAAGGCCTATTTTGATGCCGAAGGTAAGTGCACCCGTTTTGCAGGCACCGTGCTTGACATTAGTGCCGAGATCCGCGATAAAGAAGAACAACAGCGGCTGATAACGCTGATAGATAATACATCCGACTTTATTAGCCTGAGCGATGTTGACGGTAATGTTAATTATGTAAACGCCGTTGGCCGTAAAATGGTTGGTTTGGAAGATGGTGATAAGCTGCCCCATAACTCGGAATTTATTATGCCGGGCGAACTGGATAAGCTGAAAAACAACATCAATGTAGCTTTAACCAAACAAGGCAAGTGGAGCGGCGAGGTGCTGTACCGCAATTTTAAAACAGGCGAGGCTATCCCGGTTCATGGTACGTCTATGTTTATCTACGATTCTAACGGTAACGCCCGGGGCCGTGCTACTATAGCCCGCGATCTTCGGGGCGAAATAGCAAGCAAACAGGCCCTTATTGATAGCGAACACCTGCTGCAAAATATTACCAGTGCATCGCCTACGTCCTTATGGATGTCTGACGACCATGGCAATATTACGTATGCCAACAAAACCTGGACAGACTGGACAGGCCAATCTAACGAAGAAATTTTAGGCAGAGGATGGCTGAAATGTATTTTAGATGAAGACCGCGACCGCACCGCCGAAAAATTCCTCGAAGATTTAAAAGCGCAATGCTCTTACGAGGTTGATTTTAGGATAAAGCATAAGGATGGCAGCGTGCGCTGGTGCATCGCCACGGGCAACCCGCAATATAATATTAATGGTGTTTTTAGGGGATACATTGGTGCCTGTACCGATGTTACCGAGAAAACCATTACCGATATTGAGCTACAGTTAAAGAACAGCGAGCTTAACGACCAGATAAAACAGTTTGAGTTTGTGACCGATTTTATGCCCGTGCAATTATGGACGGCAAAACCAAACGGCGAACTGGATTATGTGAACCAGCAAACCCTCGATTTCTTCGGCTTGCCAATGGAAGAGATCATTGGTGATAAATGGCCGAATAATTTACACCCGGACGACCGCGACGGCTGCATTGCAGCATGGATGGAAGCCCTGGCGAGTTTAAGCCTTTATCAATACGAGTTTAGGTTACTGGATAAGAACGGCGACTATAAATGGCACCTGGTGCGCGCTTTACCGTTTAGTTTAGATGGCGAAATTGTGCGCTGGTTTGGTACCAATACAGATATTGACGAGCAAAAACAAATGCAGCGCCAAAAAGACGATTTTTTGGGTATTGCCAGCCACGAATTAAAAACCCCCGTTACAAGTATAAAAGCCTACGCGCAGGTACTTGGCGCCATGCTAAGTAAAGAAGGTGAGGAGAAAAAAGCCGCCATGGTAAGGAAGATGGACGCCCAGCTAAACCGCCTCACCAACCTTATTGGCGACCTGCTGGATGTTACCAAAATAAACTCCGGTAGGATCCTGTTCAATAAAACCTGGTTCGATTTTAACCAGGTGATACAGGAGAACGTGCAGGACCTGCAACATATCACCCACAAACACACCCTGGTGATGGATTTTAAGGACGCCGGTAAGATCTATTCTGACAAAGAACGCATAGGGCAGGTAATTACTAACCTTATTACCAACGCCATTAAATACTCGCCGCAAAGCAACCGTATTATCATCACTACCGAGCGGGATGACAAAATGGTAACCGTTTGCGTGGAGGATTTTGGTATTGGCATACCCGATGATAAGAAAGAACTCGTGTTTGAACAGTTCTACAGGGTAAGCGGGAGCAAGCAACATACTTTCCCCGGTTTGGGGTTAGGATTGTACATCTCCAATGAGATAATAACACGCGAAGGCGGCAGGATGTGGGTAAACAGCACAGAAGGAAAAGGGTCTACTTTTTGCTTCTCGTTACCTGTTGATATAAATGAAACGAAATAATTATTTAATAACAAGTTAAAAGCGCGAGCAGTTTTGGATTCAAAATTGCGCTGATATAAGCCAGATGCCCAAAAAGATAATGATAGCCGATGACGACCCCGGGATAGTGGACGCGATAGCGATGCTACTCGAGTTTGAGGGCTACAGCGTAACAACAACCGTTGATGGTGCCACCGTGCTTGATATGAAAGAAGAACTGCCCGACCTGCTGCTGCTTGATATTTGGATGAGCGGAGAGGACGGCCGCGACATTTGCCGCAAACTAAAATCAGAAACCCTTACTAAAAATATACCGGTCATCATGATCTCTGCCAGCCGGGACATTGCCTCATCGGCCATGGCCGCCGGGGCGGACGATTTCCTGGCCAAGCCATTTGAGATGGATGTACTGCTGCAGAAAATAGAAAAGCTAACCCATTAAGGTTAGCTTTTTTTATGGAATAATATTAAAAAAGCACGT
NZ_CP133775.1_gap32	1621198	1622954	1756	AACGCGGGTTACTGATCTGTTTAATTGGGTATTTAATGTCGTGGTTCCCGTTTGTAGACCACGGTGCAAACGGCTGGGCGTTTAGGCCTGTTAGCGGCACGCGCATTTTAGGTGTTTTACAACGCATTGGCCTTTGCTACATATTTGCTTCGCTAATTATTCATTTTGTAAAAAATAAAACCTCGGTTATCGTTATCAGCATATTGCTTTTGGTAGGTTACCAACTATTGTTACTTGGCTTTGGCGACCCCACTGCACCATACGGCATGTTAACCAACGCCGGTACATATCTGGATAAATTTGTAATGGGCGATAGCCACCTTTACCACGGCGAAGGCGTTGCTTTTGACCCTGAAGGCATATTGAGTACACTGCCTGCTATTGTTAACGTTATTGTAGGTTATTATGCTGGTAAATTTATACAGGAAAAAGGTAAGGGTTACGAAACCATCGCCCGGTTGGCATTAATGGGCTGTGTGTTCATCTTTATAGCCCTTACCTGGAACATGAGCTTCCCGATTGGTAAAAAACTATGGAGTAGCCCGTTCACTTTGCTTACCACGGGTATTGATATGGTGATGATAGCTGCCTTTATTTATGTAGTAGAAGTACGCGCCTGGAACAAATATAACTGGACGTCCTTTTTCACCACCGTAGGTAAAAACCCGCTGGCTATTTATATCCTGTCGGAGGTGTTGATCATTTCTTTTTGGATGATAAAAATTGGTGACAAAAACTTTGTAGGCTGGATAAACGATGTGTTTTACCAAAAAATAGCGCCAGGCGCCTTTGGCTCACTGCTTTTTGCTATTACTTACATGCTGCTATGCTGGTGTGTGGGTAAGGTGCTGGATAATAAGAAGATCTATATTAGGGTCTAATAGCCTTACCCCAACCCCCTCCGTCACGATAGCTATCGTGACGGAGGGGGTAAAATATTCTAAAGGTCGGTATGTTCACCGGCCTTTTTTTGATAACCCAAAATTCTTTTGCATGAAAAAACTATCCTTTCTTTCATTCGCCATCGTTTTCACCTTAGCTGCTAACGCCCAGCAACCCCCAACCTATGCCGAAAAATTGGGCTATCCTAAGGGCGCGAGGGTAATTATACTGCATGTGGATGATGCGGGCATGTCGCACGATTCTAACGACGGCGTGATCATGGCGACAAGCGAGGGCGTTGCCAATTCCACCAGTGTGATGATGCCCTGCCCGTGGGTATCCGAGTTTAAAAAGTACCTGGATAAGCACCCAACCCTTGATGCTGGCCTGCATTTGACGTTAACATCTGAATGGGAAAACTATCGCTGGGGGCCGCTTGCGGGCAAAGCCAATGTGCCTGGCCTGGTAGATAAAGAAGGCGTGATGTGGCCGGGCGTTGGCGGCGTTTATTTTACCGCTAAGGCAGATGAGGTGGACAAAGAGATCCGCGCGCAATATGACCGCGCTTTGGCTATGGGTTTTAAACCAACGCACCTTGATTCGCACATGGGGACATTGTTCGCCAAAGAATCTTTTATGGAAAAATACATTCAGTTGGGGATAGAAAAGCAGGTGCCGGTGATGTTTCCGGGGGGCGAAGACCTTTTTTACCGCGCTGAAGCTAAGGCCGCTACCATCGCAGAACTAAAGAAACAAGGCAAATACACCGTAGGTATGGACATTCCCGAACCGGCCGCTTTGGCAAAGGCTAAACAGGTAGGGGAAATGATCTGGAAAAACGGCTTGCCCGTACTGGACGACCTGCACAATAGCA
NZ_CP133775.1_gap33	1635210	1639086	3876	TAAAGGTTCTACCTGGTTAAACGATCTAAAGATCCGCGGTAGCTACGGTACATCAGGTTACAATGGTAACGTTGGTACAAATAGCGCCTACACCGCATTTGGTGGTGGTCCAGGTTCATCAGCGTACCCAATTACTGGTTCATCAAGCGCGATAACACCAGGTTATTATTTGACTTCTTTAGGTAACGATAAAACGACCTGGGAAACTGATAAAACTTTTAACATTGGTTTTGATGCGTCATTATTCAATCATTTAGATCTGAGTATCGAGTATTACAAAAAAACCATTTCAAATCTTTTGGTAAATGTGCCAATTTCTGCACTTGCAGGTGGTTCTGAAGGCGCATGGCCTGCGGTTAATAACGGTGTTGTGGTTAACAACGGTTTAGACATGAGCGCTACTTACCACGGTAGTACTTCAGGTGTAACTTACTCAATTGGTGCTAACGTAACAACATTAAAAAACAAGATTACAGAACTGGGCGCGCCTTTCTTTGCCTCAGGTATTCGTAACGGTAACGTAGTTTACAACCAGGTAGGTGGTAGCATTGGTCAATTTTACGGTTACAAAGTACAAGGTTACTGGAATACCCAAGCCGAAATTGACGCACTTAACGCAAAGCAAAAACCAGATCTTTTTGGTTCGGTACCGGTTTATCAAACAGACGCAGCCCCTGGCCGCTTCCGCTATGCTGACGTAAACGGTGATGGCCGTATTACTGATGCTGACCGTACCAAAATTGGTAACCCAACTCCAGATTTCACCTATGGTGTTAACTTAAACGTTGCTTACAAAGGCTTTGACTTAGGTGCCATATTATATGGTTCACATGGTGGCGATATCTACAATACAGTTAAATACTGGACTAACTTTTACGGTTCACAAACCGGTAACAAAAGTTTAGACCTGTTAAACAACTCTTGGGATCCTACAAAAACCGCGGCTCAGAACGCAAATGCTAAAGCCCCAATTATTGAAAAAACAACGAATTTTAGTACAGCTGATGCAATCAACTCTTACTACGTAGAAAGTGGTTCATTCCTTAAATTAAAGTCGGTAATAGTTGGTTACACTTTTGCACCAAACTTGCTTAAGAGCGTTGGTGTTGATAAACTTCGTGTTTATGTACAAGGTACCAACCTGTTCACAGCTACAAAATACAGTGGCCTTGATCCGGAGTTACAATCAGCTGACGGACGTAACAGCCAGGGTGTAGATTTAGGTAATTACCCTAACAATGAGCGCAGATTTATTTTCGGCGTAAACCTTAGTTTCTAATAATAACTAACGTAATTTTTAAAGTAAATAGTTATGAAAAAAAGTTTTAAATTAAAAGTCCTTATCCCGGCAACACTCGTATTGCTTGGTGGATCTTATTCATGTAAAAAATACCTTGATCAGGCACCAATTAGCTCTTTGATCCCTTCGGTACTTGCAACACGTACAGGTGTTGATGGTGTATTAATTGGAGCGTACTCCCTTGTTGATGGCGTTTTTAATGGCCAAAGCGGTGCCCCTTGGGAAACCGGTACTGATAACTGGGTATACGGTAGCGTGGTAGCTGGGGATGCCTTTAAAGGTTCTAACCCTGGTGACCAGCCGGCTGCTGCCAATCTGGAGGCTTTCAGCGCAACAGGTTCTAACGATTACCTGGATCACAAATGGCGTATTTGTTACGCCGGTGTGCAACGTGCAAATGACGTTTTGAGGTTGATACCAGCTGTTAAAGATGGTTCTATCACTCCGGATCAGATAAAGCAATACATTGCCGAGGCCCGTTTCCTGCGTGGTTTTTATCACCTGGAAGCTGCAAAAATTTGGAAAATGGTTCCTTATGTTGATGAAACAGTTACCTACTCGGCTAATAATTACTTAGTGACGAATGATAAAACAATTTGGGATAAAATCGAAGCTGACTTTGCAGCAGCTGCAGCAGATCTTCCTGCTACACAGCCTCAAATTGGCCGTGCAAACAAATGGGCTGCTTTGGCTTTCCAGGCTAAAACCCTAATGTACGATCACAAATATCCGGATGCTTTTACCATCTTAAAAGATGTTATTACTAACGGTAAAACAAGCTCAGGAGCATCTTACGCTTTAGGCAAATATGCAAACAACTTTAACCCGTCAACCAAAAATGGTCCCGAAGGTGTATTTGTTGTACAAACATCTGTAAACGATGGTGCAAATGGCTTAAACGGTAACGCGGGTTCTGTATTGAACTTCCCGTCTGGTGGCCCTGCAGGTTGCTGTGGTTTCTTCCAGCCAACGTTTGATTTTGTAAATTCGTTTAAAGTTGACGCTGATGGTTTACCATTAATTGATACTTACCAAAACGATTTCATTAAAAATGACCAGGCTGTATCTGCCGACGTAGCGTTTACCCCAGGTAACGAATTGCTTGATGCAAGGTTAGACTGGTCAGTAGGCCGTCGTGGTATCCCATATCTGGATTGGGGAATTTGCCCGGGTGCTGCCTGGGCACGTGACCAGCCAAACGGTGGCCCGTACCTGCCAATCAAAAACGTTTATTACAAAGCTGCACAAGCAACAACTTCTGATGCTTACGGTGGTTGGGCTGCAAACCAGGCAACTTCTAACAGCTACAACGCTATCCGTTTTGCTGACGTATTATTATGGGCTGCTGAGTGTGCTGTTGAAGCAACCCAACTTTCAGTTGCAGAAGGTTATGTTAACCAGGTACGTGCCCGTGCTGCTGACCAAAGCGGTTGGGTTAAAGGTAAGTTAACTGGTTACACCGGTGGCGATGCTACAAAACCAATTGTTGATAACACCCAGTTTGCTGCTAATTACAAAGTAGGTTTATATACTGGCCAGTTTGCTACAAACGGACAAGTTTATGCCCGCAAAGCAGTTTACTTTGAGCGCAAGATTGAGTTAGGTATGGAAGGACACCGTTTCTTTGACTTATCTCGTTGGGATGCTACTAATGGCGGCCCTGCAGGTACATTCATGTCAACAGAAATTGAGAAATTCCTGAAAAACACCCGTGATTTTGGCCCAACCTTTACATCAGCGGTTATGAAGGTTGCTAAGTTCACTCCAAACAAAAATGAACAATACCCAATACCTCAGTTCCAGATAGATATCTCTAAAGGTACTCTGAAACAAAACAAAGGTTATTAATAGTAAATAACTTATAAAAGAGGGGGGGATTTTTTATCCCTCCCTCTTTTTTTATGAATAAAATTCTTAATATCGCTATATGAAAGCCCTTAAATATCTGCTATTTATTATTGCGCCGCTTTTTGTATTTTCTTGTAAAAAGGCTACCATGTTCGAGCGGATCTCCTCATCGCACTCGGGCATAAAATTTAATAATGAGATAGTTGAAAACGATACCATCAACCCGCTTGATAAGCTAAATATTTATAACGGCGGTGGTGTTGGCATAGGCGATTTTAATAACGATGGCTTACAGGATATTTACTTTGTGGGTAATGCGGTATCAAACCGATTATACCTAAACAAAGGCGATTTTAAATTTGAGGACGTTACCGATAAAGCCGGCGTAGGCGGCAAAGGTGGCTGGGGCCGCGGCGTGGCAGTTGTTGATATAAATAACGATGGCCTTAAAGACATTTACGTATGTAATACCTTACTGAACGATTCCGTTAAAAGGGTAAACTTATTATACATTAACCAGGGACCCGATAAAAACGGCGTACCGATATTTAAAGAAGAGGCAAAGGAGTATGGCCTCAACATAAACGTACACTCCACCATGGCATCGTTTTTTGATTATGATAACGATGGCGACCTTGATATGTACCTAACCGTTAACGAGGCACAATCAACAGATAACACCAGCGCCTTTAGGCCGCTTTTGAAAGATGGTAGCAGCCGCAGCACCG
NZ_CP133775.1_gap34	1642027	1645180	3153	CTCATGAGAAGCCACAAAGTTTTAATTGCAGCCGTGTTTTGCCTTTTGGCAGTAAGCTGTAAACAAAAGCAAAAAATAGCCCTAAAAAGCGATGCAGATGTACTGCATGAGAATGTAGACCAGCTTACCCAGGTAATTATATACGATGTGTTTAGTCCGCCGGTGGCAAGCCGCATTTATGGTTATACCAGTTTGGCGCAGTACGAGGCTATGCGTTTTCAAAACCCAAAATATAATTCAATAGCAGGGCAGCTGCATGGTTTTAAAGCAATCCCTCAACCTAAGAAAGGGTTGAAGTATAACTTTGCACTTGCCGCTACAAAAGCGTTTTTTACCGTGGCGCATAAGGTGACGTTCTCTGTAGATACGCTAAAAAAATATGAGGACAAAGTATTTGCCATGTACGCCAGCAACCTTGATGACAGCACCTTTGCCCGTTCTGTAGCCTTTGGCGAAAGCGTTGGTAAAGCGGTGTTAGCACGTGCTAAAGCCGATAACTACGCCAAAACACGTGGTAAACCAAGGTTTTTGGGCAGCAGCGATAACGGCAAATGGCACCCAACCGCACCCGATTATTTAGATGGTGTTGAGTTTTGCTGGGGCACAATGGAAACGTTTATGGTGAAATCATCATCGGACTTTACTTTGCCGCCGCCGCCGCCTTTTAGCGAGGACAAAAACAGCGAGTACTTTAAACAGAACCTCGCCGTATACGAGAAAAGCAAAAGCCTTACAAAAGAGGAGATAACCATTGCCACGTTTTGGGATGATAACCCTTTTGTGATACAGCATAACGGGCACATGATGTTCGTAAACAAAAAGATAACGCCCGGTGGCCACTGGATTGGTATCGCAACTATCGCCTGTAAAAAAACAAAGGCTGATGCAGTTAAAACCGCGCAAGCCTATGCTTTAACATCAATCGCTTTGTACGATGCTTTTATTTGCGGTTGGCAGGTTAAATACACTACCGAATACATAAGGCCTGTTACGGTTATTAACGATAAAATTGACCATACCTGGTTGCCGTTACTGCAAACCCCGCCATTTCCGGAATATCCAAGCGGGCACAGCGACATCAGCGGCGCATCGGCAGTAATATTAACGCATTTGTTTGGCGATAACTTTTCTTACATGGATACCAGCGACCTGCGTTACATAGGCATGCAGCGCCATTTCGATTCGTTCCTGAAAGCGGCGGACGAAACATCTATCAGTCGTTTTTACGGTGGTCTTCACTACAAAAATAGCGTAGACCAGGGCGCGGCACAAGGCCGAAAAATTGGCGAATACATTTGGAATAATTTAAAATTACAGAACTAAGAAACGGCATCAGCCACACATCCATGAAAATAAAGCAGACCTTCGTATTTACATCTCTTATATTATCAGGGGTTGCATTACTATCATTTAGCACCATATTAGAGGGTTGCAAAAGTAAACCAGCAGGTGCATACACCCTTACCGGCAATGTAATTGCCGATGGGGAACACCTTGTACAGATCCATTGTACAAAATGCCATGCGCTTGTACCTGCCGATGCACTTACTAAAGACGTTTGGCGCATGCACTCGATGCCATCGATGGCGCATTATTTTGGTATAGGTACCTACGGGCAGTCGTTTTATAAACAAACAAGTAACGAAACTAAAGATACCACTTTAATAACCATTGTGGAGTGGCAGGCAATGGTTGATTATTACCAGAAAATTGCGCCCGATACCTTAGCGGCGGCTAAAAAGCCAAGCCCGTTACTAAATGATTGGGCAGGTTTCACCATGAAAAAATCGGCAGCAAATAATAATGTTGCCTTTACCACCATGGTTGCCGCTAACCCGGCCACCGGTAATATTTACACCAGCGATGTTGTTGCAAATACGCTTACCGAATGGGATAGCCAGTTAAAGGTGAAAGCTGTTACCAGCCTGCCATCGCCGGCAGTGCATGCTAATTTCACCAAAGATGCAACTGGTGCCGACCAAGCCATACTATCGTGCATAGGCCGGATAGACCCGGTAGACTTTGCCAGCGGCAAGATCTACAGCGCGAACCTTACCGGTAAGCTAAGCGCCGAAGAAATTGCTATTGATATGCCAAGGCCGGTGCAAACACTAAGTGTCGATCTGGATAAAGACGGTAAAAATGAATTGATCGTTTTAGGACAGGGTTTCACAAAAGGCGGTGTTTTCCTAATCAAATTAGGCGCTAACGGCAAAGCCCAAAAACAATTCACTATTACCGACAGGCCGGGTGCAGTACAAGCCGTAACGGGGGATTTTAACAAAGATGGTTACCCCGACCTGATGGTATTGTTCGGCAGTGGCGACGAAGGTTTGTCCTTGTTTCTGAATGATAAAAAAGGCGGCTTTAAAAGCAGGGAGCTGTTACATTTCCCGCCGGTATACGGTTCAACAAGCTTCCAATTGGCGGATATTGACCATGACGGTAACCTCGATCTGATCTACACTTGTGGCTACAACTTCCGAGATTCGCGCATCCTAAAGCCTTATCACGGCCTGTACATTTACAAAAATACCGGTGATTATAAATTTAAGCAAACTTGGTTTTACCCTATAAATGGTGCAACTAAAGCCATTGCTGCAGATTTTGATAAGGATGGCGACCTGGATATTGCCACCATAGCCTTTTTTGCTGATATGAAGAATAACCCTGCTGAAGAGTTCATTTACTTTGAGCAGAGCAAGCCTATGGAGTTTAAAGCCCATGCGGTGCCCGTTAGCAAATATGGCCGTTGGATGAACATGGACGTTAGCGACATCAACAAAGATGGCAAGCCAGATATAATTTTAGGCAACTATGCAAGCGGTTTCCTGTTCCAGCCAAACTTAACGCCAACCTGGGACGAGCACCAGCCATTCATTGTATTGCAGAACGAGATGAAGAAATAAAATATAGACTTTAATACTATTGGATGATGCTTATGCTACTCAACAGGGTAGGGTAAGCATCGTTTTTGTTTTAGGTAGGCCGTTATCTTGGTTATATTAGCTGGGTAGATGCCAATATGATGGGTGTGTATCATCACCGATTGATTATCGTTAATGATAGCCTTAGAAGGTATGCTGGCATGTGGCAGGAAATACATTTGGCTTGTAGAACCGATTGGGGCAAGTCGACCACCATTGTTAACAA
NZ_CP133775.1_gap35	1647271	1647884	613	CTGTATCGTATTGCAGTTTAGTAATTTAGACTGAATTCATATTGTTTTTATTTTCTTTCACACGGGTATAAACACCTACTATTGTATATTATTTAAGTAGGCACGCTTGTTGTTTTGCTTAAATAGTTCTAAAATAATAACACCATGAAAGATCTAATCCGTATCAGAAGCCTGATCTCTGCCGATGTAGAGTCACTTTTAAACCAGCAAGTTAAAAAAGAAGCAACATCTTCATCTATATATTTAGCCATGGCATCATGGTGTAACCGTAATGGGTTCGATTACTCGTCTGAGTACTTTTTTAAACAAGCCGAAGAGGAAAGACAACACCAGCTTAAATTTTACAAATACATCCTGGATATGGGCGGTAACGCGATATCACCTGATGTAACCGGCATCAAACAAGAATACAACTCGTTCCGCGAGGTATTTGAAGATGCGCTTGACCAGGAAGTTAGCGTAACCCAATCAATCAAAAATATATACGCACGTTGCTTAAGCGAGCAGGATTACGTAACCAACGAATTTTTGAACTGGTTCCTGAAAGAACAGCGCGAAGAAGAGTACAAAGCCCGCCGTGCCCTTGAGCTATTTGAAGTTATTGGCGAAGAAG
NZ_CP133775.1_gap36	1650147	1651412	1265	AAAACCATTGATAGATACCGTGTTGTACACCCACCACGGCCCGGTAGTTTATGATAATGCCGATATGGCCAAAAAAGGCCGCATTAATGTGCCGGTGGGCAATGCCCTTCGGTGGATAGCGCATGATGAAAGCGATGAGTTTAAAACCTTTTACCTGCTAAACAGGGCAAGCAACTATGCCGATTATCGCAAAGCATTAACTTACTACACCGCCCCTGCGCAAAACTTTATTTTCGCATCCGCAGATAACGATATTGCCATTACGCCAAGCGGTAAACTGCCGTTGAAATATAAAGACCAGGGCAAATTTATTATGGATGGCGGCGACCCGGCTAACGACTGGCAGGGCTGGATCCCATACGAGCAAAACCCAACGGTGAAGAACCCGCAGCGTGGCTTTGTGAGTTCGGCCAATCAATCGTCTACAGATCAAACCTATCCGTACTATATCAACTGGAAGTTTGAAGGCTACGAGCGCGGTAAACGCATAAACGACCGCCTTGGTGCCATGAGCAAGGCCACGGTGGATAGCATGCGCCTTTTGCAAACGGATGATTACAGCATCCGCGCGCAGGATATTTTGCCAACTATGATTAAATATTTAGACGCATCTAAACTGGATGAAACACAATTGGCCGCGTTGGATACGCTAAAGAAATGGGATAAATATTGTGGAGCCAAATCGGTAGGGGCAAGCATCTTTGGCAAGTGGTGGGTTAAGTTTTACACCTTTACCTGGCGGGATAGTTTCGAGGACAAGAAGATTCTTTTATACTCCCCAACCATGGACAGGACAGAAGCCCTGCTGATGAAAGACCCTAACTCCATCTGGTTTAATAACAAGGCTACGCCGGTAAAAGAAACCGCTACGGATATCATCATGGCATCTTATACCGCTGCTATAAACGAGCTGGTGAAAGAGGAGGGCGGCATTGGCAAAACCTGGCAGTGGGGCAATGTAAAGCAATTTGAAGTGAAGCATTTGGGCAATGTGCCGGGTTTAGGTTCTGGCAATTTTGCCAGCGGCGGCACCGGCTCAACAGTAAACGCGCTGATAGATGGTCACGGCCCGTCGTGGCGGATGGTGGTACAGCTTGGTCCGCAGGTTAAGGGGTATGGCATTATCCCGGGCGGGCAATCGGGCAACCCCGGCAGCTTCTTTTATGATGATATGCTAAAAACCTGGCAAGCCGGTAAGCTGAAAGAACTGCTGTTCTTGCAATCGGCCACCCAAAACTCCAACAGAATAAAAAGAACATTAACCT
NZ_CP133775.1_gap37	1700146	1704801	4655	CGGTTCGCCGTTAATTACAAAAGATGGTTATGCCATTGGCAGTTTATGCGTGGTGGATATGAAGCCGCGCGACCTGACCGACCATCAGCAGAAAGCCCTCCAAATTATGTCTAAACAGGTGGTGAACCTGATGGAACTTAACTGGAGCATTAAGGTACTTGCCGAACAGCGCGATAAAGAAAAAGCCCAGGCCGAAGCTATCACCGATTCTGAATTAAAGTTAAAAGCCATATTTGATAGTAGTAAAGATAGCCACCTGCTTATTGGCAAAAACTTTGAGGTGCTGGCTTTTAATAAATCGGCATCATCATTTATACATACCGTATACGGCCATGCTTTAGTAAATGGCGATAATTTGCTCGATTACTCAGACCCTAAAACCATAGAGCAAATGAAAAAGTATTGTAAGGTTGCCATGGGCGGTAAATCTGTAAAGCGTGAGTGGCATGTTATGGCTGGTACCCCGTATTCCTGCTGGATGAACACCACCTTTATCCCCGTTAGGAACAAAGAGGGAGCGGTTATTGGTGTGGCGCTAAACTCTACAGATGTTACACATCATAAAAAGCAAGAGGCTTATATTAACGTGCAAAATGAAGCGCTTAACCGTATTGCCATAATCCAATCGCATGAGCTACGCAGGCCGGTTGCATCGTTGCTTGGTATTATGGACCTGATAAAATTGGAAAACGTTTACTTTAACTATTTTGAAATGATGGAGCTCACCGTTAACGAACTCGACGAGAAGATCCGCGGGATAGTTAAAGATTCGGAAAATACCCTGCACAGCCGCCACTTGGCTGTTGTAGCGTAAACTGCTATTTATAGCATTGGCATAACCCACTTTTATACCGGATTTGCACTTTATGGATAATAATGCCTACCTTGCGCACTTTAATAAATAAAATAATGCAAAAAGAAGGAACAGTAAAATTTTTCAATGAGACAAAAGGGTTTGGATTTATCACACCTGATGGTGGTGGTGCCGACGTATTTGTTCATTCAACAGGTCTAATCGACGAAATTCGTGAAAACGATAAAGTTGAGTTCGAAGTAGAAAACGGAAGAAAAGGCTTAAACGCAGTAAACGTAAAAGTTGTTTAATTATATATTAATCCACTAAATGTTACATAAAACATCCGCTCCCCAAAAGGGCGGATGTTTTTTTTGCTTTATGATTTTTTTGCTTTATGATTTTTTTACTTTTTGGTGAGCCTGTCAAGCCATTAAATTAAGACTACTTAACGAGTTATTCAATCAGGTGTGGCTTAAGAAGTTCAGTCATTTTTATATACCCCAAAGCGTTTAAATGTATTTGGTCGCCCACGTCGTAAATTTTATTTAACGCTACACCGCTTTTAAAGGTGCTATCCAGGTTAATATAAATGCCTCCGGTGGCATGTGCCAGGGATTGGTATTTATTGTTTAAAGCAACTCTTTCGGCTTCAATTGAACGCGGATTTTCTCCGAATTTTAAAGCAGTTGGCAACACACTTAAAATATAAACCTTGGTTGATGGGCTTTTGATTTTAATAATATAGATCGCCAGCTTTACATTGTTAAAGGTATGATCTATTGGCACCGAATTTTCAAGATCGTTTATACCGCATTCTATGAATATTTTGGCCGGATGCCCTGAAACTATATCCTTAACCCGTTTTAATACCCCCCTTGACGAATCATAATATATGCCACGGTTTTTAACCGTAGGCATCCCGCTTAACTCAACAATCGGATACGCGGCAAATTGAGTGTCCCCTAAAAACAACACATCATTTGTTGATTTCGGCAAGCCGCTTTGCAACTTGTCGCCATTGCAAAAGAATGTTAAGGGCGGGTTGGGGTTTACGGTTGGGGCTAAAACAAAATGCCTGATTATTGCGCCTGCAAAAATGAAATTACCTAAAACAGAAATTGCAATTAAATGTCTTTTCATAATTATTGATCAAATATATAATTAAACAGCCGTTGTGGTTAAAGCACTGCCATTTGCTACAGTAACTTTATACCGTCTGGGCTTTTAAGAATAAATAAGCTGTGTAATAAATAGTGGGATAGGGCGATTTACTTAATCATTCCCGCTTATCCAAAAAACTATAGATGCAATCGCGATGATGGCCATAATTACCGGGATCAGCGTATCTAATATATGGCGCCCAATACGGTGGCCCACATGTTCTTTCCGGTCGAAAGTTGGGAAAAGTTTATATTTAAGTACAATAAGTATAGCTACTAGTACAACGGCTGTTAAATAAAATACCTTCCTAAAGTGTGCAGGCTTTAATAAGTCTGTTAAAGTTTCCCAAGTCATAATACCCTAAACGCCAAAGTGCTTACTTTGTGTGGATAGTACACGGCTATGGCCGCCAAATTAAACTTAATGTAAAAAAAGTAAACAGTGCGGTATGGTATTTGTTGGTCTAAGTACAAATCATCTACTAAAAAGTAATTAATAATGAAAGATCAAGCAAAAATTATAGCAGCACTTTTAGTGGGTGCTGCAGCGGGCGCCGCATTAGGTTTACTATTGGCCCCTGAAAAAGGTGAAGAACTAAGAGGTGACATTGCTGATTATGTGAACGACCTTGTTGACAAAGCAAAAAACAAAGCGCAGAGCACTGCAGATAACGTTAAAGAATACGCCAGTAATACGGTTGATTCGGTAAAATCAAAATTTAACGGTGCTGTTAATGATGCCGAAGGTGCTTATGACGATGCAAAATCAAAAGCCACCAACTATGCCGAAAACGGTGCAGACAGCGCAAAATCAAAAGTAAAAAGTACTGCTAACGACTGGAATAACTCTATCCAGAACGCATAAGTATTTTAAGATAACATGTGTAAAAGCCTCCCGACTAATGTCGGGGTGCTTTTTTTGTGTTTAATATTTGCATTCCAAAATTATCCATATTAGCCCGCTAAAGTGCAGTGATACAGGTACAATTGTTATCATAACAAGTTGAGTTTAAATAAATCTTATGTTAATAAGGTTAACACTAAAAACAAAGAAGGTTGGTTTTGGCAGCCGCTTGACAAAGGGGGGCTTAAGCATAAGGCAAAAGCTTGGCAATACGATAGTGATCAAAAAATAATTAAATCAGATCCGGCCTTTTTAAAGCATTTACTGACATCATATACATAAAAACGCCCGGCCACATATGGGGTCGGGCGTTTTTATGTATAAAATTAGTCTTGCTTACTTTTTAGCAGCAGGATCCCAGGTATTATCTTCGGTGTTAGCATCCATGTAAATGCCGTTATCCAAAGTGATAGATTTTAAACTTTTACCTCTTTCAGCTTTAAAGGTAACCAGTGTTTGTTTCTGGTTGGCTTCCCAAACTGCAGGGGTTTTGTGGATGGTTTTTGTTGTGCCATCAGCATACGTTATAACCACATCAAACGGGATTGCAAAACCGCCGATGTTAGCTACGGTGAAAGTATAACCATCTTTACCTGTTACCGGGTTTTTAATAGCCAAATCGTTATAATAATTTGTGAAGAACCAATTGTTAAAGAACCAGTTTAGGTTACGGCCCGATACATTGCTCATCGAGTTGAAATAATCCCATGGGATAGGATGTTTGCCATGCCACCTATCCATATAACCGTGCAATGCTTTCTTGAATAGTTCATCGCCAAGCATATCTTTCAATGCCAGGTAGCTTAATGATGGCTTGCCATAAGCGTTGTTGCCGTAGCCGGTGGTCAATTCGCTGGTTTGGGTAATCACCGGGATATCCTGGTTGCTCGAGCGGTTGTTGATCCACCCATTGATACGGAACTGTTTGTAAAATTCATCTGCTTTGGCTTTGCCTTTTTCGGCAGTACCTATCAGGTATTCTAAAGTGGTGGCCCAGCCTTCATCCATAAACGCATAGCGGGTTTCGTTAATGCCCATGTAAAAAGGGAACCAGGTGTGTGCAATCTCATGGTCCTGCACAAGCTGTGCAAAGCCAGGGTCGCCCATTTGGCTGTCGTTCACCATCATCGGGTACTCCATATCTGCAAAACCCTGAAACGCCGTCATTTTAGGGAACGGATAAGGTACGCCCGGCCAGTTGTAGCTAAACCAGCCTAAAGCATTACGGCCATATTGTACCGATTTTTTAAAATCGGTACCGGCTACAGAGTAAGCAGCCTGCATGCTTGATCGCCTTCCGGTTTTGCTATCCACAATAACACTGCCGGCATCCCATATGTAATGGTTACTTAGGCCAACGGCTACGTCGCTGATGTTGGTTGCGGTCCATGTCCAGGTGTTGGTGGCGCTTTGGTTGGTTACCTTGTTACCGGTCACTTCATCAATGGTAGCCACATTAATAGTGCTGTCACTGGTCATTGATCTTTGCAGGCGGTCGGCATATTCTTTCTGTAAAACTTTGGTTGGGTTTTGCAGTGTACCGGTAGCCCAAACAATAAAGTTTTTAGGCACGGTTACATTCAAGGTATAATCATTAAAGTCGTTATAAAATTCTTGCGCGTCAACAAAGGCTACGCGGTCCCAGCCGTTATAATCGTCATAAACAGAAACGCGTGGGTAAAAGTAAGCCAGGTAATAGCTGGTGCTGTCTATCTGCCCTTCGCGGCCGCTTTGTTTTGATGCATCAAAGTGCCACGCGATGTTGATCTTAACCGAATCATGCGGCATCAATGGT
NZ_CP133775.1_gap38	1877956	1882052	4096	CATATTGGCAGAAAGATTAGTAAAATCCGCGAATTGCGCGGCATGAAGCAGGAAGCACTTGCTGCTGAATTGGGTATAAGCCAACAAGCGATTTCCAAAATCGAGCAGAGTGCCGAGGTAGAGGATAGCGCATTAGAAAAAATAGCCAGTGTGTTAGGGGTTACGGCAGAAGCAATAAAAAGCTTTAGTGAAGATGCAATGGTAAATTACTTTAATACTTTTCATGATAGTACTATTAGTGATTCATCATTCAATAATTATCACTGCACTTTCAATCCAATCGACAAAATTGTAGAGTTATACAATGAAAAGGTAATATTACTTGAACGGCTTTTGGCCAGCGAACGCGAAAAGATTGAATTATTGAAAAATAAGTAATTCACCCCTTTCGAATAGTTTATTATGTGTGGGAACACCTGTTTGGGTGTTCCTTTTTTTATGGCAAAATAAAGCCTCCTTACACTTGCTGCTTGGAGGCTTCAACCTAAACCTTATCACAATCGGGCAAAGAATCGCCCTTTTCGATGGGGCAAATCTAATAGATTTTTTTGCATTACGGATTGCAGCGGCATCCTTCGCAGAAGATACAGCGTAAAGCCGGAGCCGCAGGCAATGCCACAATGCAGCTATTACTTACTACCTGCTTCTTTTTCGCCTACGGTATTTAGCATCATCCTCATCGTCGCTTATTTGAATACCACTATTATCGCCAAACCAACTGTCGCGATGGTCAGCGGTATTATCAGCCAATAGATTAACATCCTGATCTGTTTCCAGTGGTCTTTCTCCATTACTTCCATTTTCGTTTTCAACTGGAGGGTGTTCTGATACACCTGCTTCAGCGTATGGAGAAACCAGGCCAGTTCCTGGTCCGGGTTGTTCTTTGGCGGCGGTGTATGTTCCTGCGGAGGTTTGCTCGCCGTATTTTTTTGTTGTCCGGCTGTTTGCCTCGCTAATTGCTGCGCTGTCTCTAACTTGTTCATAGTTGATCATTTTAATGAGTTCCGCCCATTTATACCTATTGCCTAAAGCCTGGCCTTTCGCTTTGAAACCGTTGTGAAAATAACTGATGCCCGATACCCTGCCCGTAGTAGCCTGGTTAAAAAGAAAGTTGATTCCCATATCCTCGCCCACACTAATCATACCCCGTAAGGTTAAGCCCGGACGGTTTAATAAACTGTTCATCAATTCCTGTAACACCATTCGTTCAGATGCCTTCCCGGTTCTTGTGATCATTTCTATCTCATCCTTTGTCGGGGCCTTCCGTGGGACGTTACTGCTCGATTCAACAGATAATAAGTTGTATTGCTTTTCCAGTTTGCGGATAACCGCTTCACTTTTCTTGTAATTGTTACTGTCCGACACCACACTGCCATCAAAACCGATCCGGTTAACCAATAAGTGTATATGCGGATGATCCGCATCGTAATGGCGAAAGATCATATATTGGTTATTCGTAAAGCCCTGCGCCTTTAAATAATCGCCAGCAATGTTTACCAACGTTTTATTATCCAAATTTTCGTCTTTAGGAAAGTTGAGGCTGGTGTGATACACATACCTGTTGAGGTTGGGCTTAAGACTCTTAAGCAGTTCTACTTCTTTTCTGACTTGTAAAGGGTCAAGTGAGGTAAAATTGGTTTCCAATACCTCTGCTCTTGATAACCTATCAGGATGAGCCATTTTCTTTACGTTGTAGCTAAAGGCACCCATAAAGCTTTTACCTATTTTCTGAATCGCGATCATGGAGTAAAACCTTAATGATGAGGTGTTGCTGTTCCTGCAACTGTAATAAGATCTTCCTGATCTCAAAGGGCAGCTTTCCGGCGTTGACTTGTTTGGCTATTTGGTTTACATTTACGCCAATCTTCTTCAGTTCAAGATAAACGCCTAAGTCAATACGCGCAATCTTTGCTTCGGGAAAGCGTCCTGTCAGTAGCTTTGCACGTAACAGCTTGTAAACCTCAACCCCGGAAACTTCAGCGGCAGCCATAAACTTCTGCTGCTCTTTCTCGTTGAGCCTGATCACGTACCTGTAAATTCTTTTTTGTTCCTGAACAATCTTCGGCCTTGCCATATCTAAATATTTAGGCAGCAAATTTCCGGTCGGAAAAAACAGGTATTTCACAAGCTTTTCGGTAGTACCGAAAAATAAATTTTGAGTGCCTGTAAATAAGTATAGAAAAATATCCAATCAGGAGATAAAATTCATCCCAACCGATACATTGTTATATGCAGAACGAAGTGAAAGCTTATACAGCCTTGCAAAGCAAGCAAGCGTTTGAAGGCACTTCAAACATGGCTTGCTTCGCTTCGGCGCGTGAAGACTATCTTAGTTTTTGTATTAAGAAAACACTACATTTAATTCGGCCTCAAATAGGTACTTTTATCCTCTCATTTTATGGATCGTATACAAGGAATTGGTTGATTACTTTTTTGATACGCCAATTGAGTTTAATTTTGTTCTTGTTAAATATAAAGAAAGGCTTGACCATAGTGATTTTAATATGGGGCCACATGATAATTATTACTATAGAATCATTTTCCATTTATTGCACCCTATGCAAGCCGTCAACTGGCAAACATAAATTGAACGATTAAAACCTACTTTTCTAAAAATCCGAATATTCGGTTGGTCTCAAAAACGTAATATCAGCTTTTGATATGGTGTGCTGATATTCAGGTAACGAAGAAAGTTGTTTCCAATCTGCGCCATCTCCAAACTGTTTCCAATGTTCATCTCGGTCGGCTTTATTATTAAAAGTCGTCATGTACATTAAATTGGGCATTAGGCCGCCTGCTATTACTTCTCCGTAAAAAACAGGGTTAAAATTAAGCTTTGTGAAAATATCTACTTCCTTACCGGCGTTAAACATCTTTACTTTTTGGCGATATAAATAATCTGTAGCGCTTTCGTAGCTACGCAGTTCATAAACTCTTTCAGTAAGTGGGGATGTAAGCAATGGTGTTGAAAATTGGGGTCTGTCTGTAAATGCCTTTAATAAAATAGTTTCTATGCGCTCGTATGGGGCCTCATTATAAGCTGCATTTAGGTAAGTTGCACCATCACTTTTAAGTTGGCCATCATTAAACAATTGTTCATCTATTTTTGAGAAAGCTTCAATTGAAGCAGACGGTATGAAAACATATATCCGCTTATCTGAGGTTGTATCATTATCTAATGCTTTAAAAACACCGACTTTACTTATACCAATTCTATGTAAAGCCGGTAAGTAAGCAGTTTTTAAATATTGTTCAGTTTTATTGATCTGATCCTGGGTTTTTAAATGATATACTTTGATCTCATAATAGTACCTTGTTTTTTTAAACCGGGTTTCCGCTTTTATATTCAGACAACAAAATGATAGTGTCGCTAATACAGCTAAAGTGATTAGAGTAGTTTTATTGGTTCGCATCTTTATAATGTGTTAAGGTTACAAATTAAAACAATTTACCTAAGTAAATCGAGTCTAAAAGAGATGGAACTTTTAAAAATTACAGTTAAAAATGCTGTGCTTTTTTATTTAGCTTCACATACAAAACTTTTGATATAGAACGATTTGCTTGATCAAAACCGGTCAACGGTAACTTTCAATCTGTTTTTAATCGATTATAAATCGGTATATTTCCAGCTCAAAACAATATTAAAAATATAAACGATAAAAAATTATGGCAGGAAAATTAATCGGCAAAGTGGCTATTATTACCGGTGCAAGTGCCGTTATTGGTAAAGCAAGTGCATTGGCTTTAGCTGCAGAAGGTGCTACCATCATCCTTACCGCCCGACGGGCCGAAAGACTTGAGCAATTGAACTATTGCTTTTTTTCTGAAAAAAAGACTGTTATTTAGGTTTTAGCTTATTCAAATTTTAGACCCATTAGAAAAAAAATATCAACAAACCATTCAAGCATAAAGGGATATCCATTAAGTTTTATAAGGACATATTTATTTAAGAGACCGTAAGTACTTGGCCAACTTGGATCATATTAAAAATTAAGTACCTTGGTGAGTTAAATCAAAACGGCTTAAGCTTTAGCGAACTGCTGGCCCTGGACGACCGTAAAGTCGATGAGATCGTAGGGCTGGCCAAACCCCAGGC
NZ_CP133775.1_gap39	2043786	2045441	1655	ACATTTCCATTTTTGAAGCTGTACATGGTACCGCACCGGATATTGCCGGCCGTGGTATTGCTAACCCAACCGCGTTATTGCTATCGGGTATTTTGATGCTGCGTTACTTAGGTTTTACCACCGCTGCCGCTGATATAGAAAACTCGTTATTATACACGCTTGAACAAGGCGTACACACCGGTGACTTTGGTGATAAAGTAACCGAAGCTGCCAACACCAAAACTTTTGCTGACGCGGTAATTGCTAACCTTGGCCACATCCCGGCGAAAGGCGCGGTTATTGGCCAGCCGGATATGGAAGTGAAAGCAAACCACGATCATCCCCTAAAAAATAAACTGACCGTTACCAAAGCTGCCACTACCGAAGAAATGGTTGGTGTGGATGTTTTTGTGGAATCGAGCAAACAGCCAAACGAATTGGCTGAGTTGGCAAAACGCAAAGAAACCGATAATTTCCAATTGGTGATGATCTCTAACCGTGGTACACAGGTATGGCCTACAGGTTCTATCTTTACCGAGTTGGTGAACGAATACCGCATCCGTTTCGAAAAGAAAGACGGTACTGAGATCACCCAAAAAGAAATCCTGCTTATCGCTGCCGACCTGTCTGATGATTTTAAAGTGTGCTCGGTAGAGTTCCTGATGAAGTTTGACGGTAAGATAGGTTACACACTTGCGCAGGGGCAGTAAACTTTAAGTCAAAATTCAAAATTCAAAAGCCGTTCACGTTTGTGGGCGGCTTTTTGAATTTTAAAATGTCATTTCGAACGAGCGATAGCGAGGAGAAATGACATGGTGGTTAAATGTTAGTCGCTGTCAACCGTTCGTCGGCCAACCTCGTCATCAGCTTCGTTGTTTATTTTTTTGACGTATATCTCATCCACCAAAATAATAATGATGGATAGCAACGGCACTGCCAGTATAATACCTAACACGCCCGACAATACCCCCATAAGCACCTGGCTAATGATGGTTAGGGCAGGCGGGATATTAATCATCTTTTTTTGGATAAGCGGTGTTACAATATTGCTTACAATGGTTTGCGATACAATGTAAAGCAACGCTACAATAATGGCGGTATTAAGGTCCTTAGTTAATGCGAGCAATACGCCGGGTATCATTGCCGCCAGCGAGCCAAAGTTTGGTATTAGCTTTAATAACCCTGTTAGTAATGCAAGCACAAGGGCTACCGGTATGCCAATGATAGAGAGGCCGGTACCTATCATGATAAAAATCAGCACCATAGAAAGCATCATGCCCTTAAGCCATCCTTTTAAAGCTTGGCTGGTACGGTCAATAACCTTCTTGGCCATCGGTTTATTTTGCTCGGGGAATAGCTTGATGATACCATCTTTGTATATCGACGGATGGGTGGAAAAGAAGATCCCCAGGAAGATGATGATATAAATATTGCCTAATACACCAAAGCTGGTATTAAAAAAGCTTTGCGCGGTGGCAAAAACTTTGTCGGTATTATCGCTGCCAAAGTATTGCAATATTTTGGCGCCTATTGGGCCTTGGCCAAGCTTCGCCTTAAGGTTGTTGATGGTTTCTGGCAGGCTTTCGCTCAAAGTAGCTATCTGGCCTTGTATGGTGGTGCCCATTATCCAAAGTAACCCGCCCAATATCAGGAACGTACCTGCTACCGATATGGTC
NZ_CP133775.1_gap40	2046471	2048192	1721	CATCTGGCCGGTTAGGTAATAGGTCACCAGGTTGTCCATATCACCATAACGAAAAGTTTTGTCTTTAATTTTAGCAACCACTTCAGGTTTATCGGCCATCAGGTCGCTCATCACTTCAATAAATTGTTTCTTCTCTAACTTTATTACATTATCGGGCGTTTTACCATAGTAATAAGTGGTTTTTACGCCGCCGCCTATAGAGGTACCCACACCTACGCCCATCCCGAAGCCACCGCTAAAACCACCGGAGTTGATCATTAGCGGGATGCCATTCTTCATTACTTTATTGGTGTATAATTTGGTTGGATTATCCAGCATCACGGTCATAAACGGACTGTTCTTGAACAGCACGTTATGCGATACCACAATGCTGTCATCACCCATAATAAACGCGTTTACTTTGTAATATGGAACGGGCAAAGCCTCGGCCATTTCATCGCGGCGGTAAAGCACCATGTCGCCATCTTCATACTCTCCTTTTCGGGGTGGCATCCAGGAGATAAGGCCGTTGAATACCTCGCCGTTGGTATGGTAAAGCCTCCCCTCAAACCATTTGCGGTTAGTACTTTGCGCATCGGCAGTGAACGAACCTGCAAGGAGGATAAGTATGAAAAGTGTTTTGCGCATTTTCTAATTATTATTACGATGCATCGATGCCGGGTAATTATCCGTCCGATAAAAGTACATCAGCTCGTTTATCTTGCCTAACTTAAATGTTTTATCCTGCACCCTTTTTACCACATACGGCTTGCTGGCAAGTACCTTACTCATTATCTCAATAAAATTCTTTTTATCAAGGCGAGTGGTATTGTCAGGGTCACTGCCATAGTAGTATTTAGTATCATTGTTAGAAAAACCCGGCGTGAAAAACATGTTACCGCCTGCGCCCGGCATCATACCGCCACCACTGTTTGATATCATGGTAAAGGCGTATATTTTAACGTCGTTATTTAATAAAACTTGTAAGAAGGGGGCTTTTAAAAAATCTTTATTTGTGGCTACGGTAAAGCTATCCATCTGGGTGGTATCCCTCTTCATCCCGAATGATCTTATTTCGGTGTTTTTAAGTTTTACCTGTTCGGCTTTTTTATCAGTTTTATAATAGATATGGTCGCCCTTGTTGCCAAATATTGATTTTGCCGGCGGCGACCACGAGATAAGCCCGGTGTGTTTTACACCAACAGAATCATAATAAAAACCTTCGTCATAGTGCTTACCAAACAATTGCGCTTTAGTAGAGAATGTAATACTTAAAATACAAAGGAGTAAGAAGATTTTCTTCATAAAATGGTTTAGATTTGAAACCAAATATAAAAATTTTTTGACATGATAACAGTTGATCTGCGCAGCGATACCGTAACAAAACCAACACCGGGGATGCTTGAGGCCATGTGGGGCGCCAAAGTAGGCGATGATGTTTTTGGCGAGGACGAAACCGTGAACGCGCTGGAGCAAAAAGCAGCAGCAATGTTTGGGATGGAAGCCGCCATCTTCTGCCCGTCTGGCACCATGACCAACCAAATAGCCATTAAATGTTTTACCCAGCCGCTGGATGAATTGATTGCCGACCAAACCGCGCATGTTTACCGTTACGAGGGTGGGGGGATTGCATTTAATTCGGGTGTATCAACAAGATTGCTAAATGGTTATCGCGGCATACTAACCGCCGAAATGATTGCCCGGGAGATAAATGACGAGAATATCCATTACCCGCATACCAG
NZ_CP133775.1_gap41	2104960	2107703	2743	TGATGTAAACGATAAGGACCTTGCTAAAAAGATCCCGACCGTTACACCGGAAACTGTAGCAGCAGATATCCCCAACGATACCCCCGAGTTGGAAAACCCAACAGAGCAAACCTCTTCTAATAAAGGGCAGGGCCCGGCAGGCGAAAATTTGTAAACAATAAAGCCTTTCCATTTTGGAAAGGCTTTATTGTTTGTTTGTAAACCCGTCATTGCTGTAAGCGTAGCGTGGCAATTTTCGATAGAAGAGTAGGCGACAAGCACGTCGAAGATTGCCACGTCGCTATCGCTCCTCGCAATTACGCGCGGAGGATACTACTACCTGTTATGGTACAACTTCGAATTTGAGTATGTAGCCTCAGCGACTATCTTACCACTCTTTATCTTAAAAATGCTGGCGTTGCGCAGGTCGTAACGTATTGGGCTGCCGGCTTTTTCTTTCAGGCCAATAACATCATACTCAACAACCACGGTCGAATCGGTATTGATCACGTTGTCAACCAAATATTTGGCATCGGGCGATACATAAAATACCTGGTGGAATATTTCATCGGCACCTTTTGGGCCAACGGTTTCGCCATCCCAATCGGTAGTGGTTATTTTTGCCTTGTCGGCGTATTGTGCAACTAAGCCTTTAAGGTCTTTATCGTTCAGGTAGCGAAAATGCTCGTCTATTATCTGTTTTGATGCTTCGGTTTGGTTAACCACGGGCGTTTCGGGCTTATTGTTGCATGCCGCAAAGGCCGTAGCCAATAATACGAACAGGATAGGGCGTAGGGTAATTGTCATGGTTTAAAAGTAAGGATTGTCATTTAAAAACAAAACCCTCTTTTGCATTGCAAAAGAGGGTTTCAAATTTCGTATCTTTGTATTAGAAGCTATTCCTTACGCTATTACCAAACGTTTTAGTGCTCCAGTAACCGCTATCCAATATGCGGCGTACAGTCAACAATGGGTAATCCGGGTCGCGTTTATCAGCTAACTGGAAAGCCATCTTAAATCCTTTTTTATCAAGCTCAGGTAATACAGGTTTTTTCCAGATGCCAAATGGGTAAGCAAAGTAATGGATTTTTTTACCGGTTATTTCTTCTAGTTTTTTAGTTGGCTTGTCTATCTGGGTAACCCAGTCGTCAACAGGTCGGTTAGTGATCTTACCGTTAAGTCCTTTAATAACCAGGTTTGAATTGTGCGAATATTTGTCTACACGGTGATGGTCCCAAGTGTGGCTGGAAATTACATTGCCATCGTCAGACAGTTTTTTGATCATCTCGGTAGTCATGTAATGCGGGCGACCTATTGATACCGTCATCACAAAGAAAACGCCTTTAAAACCGTATTTCTTCATTTCGGGAGCGGCTATTGTAAACTGGTCAAGATCGGTATCATCAAATGTTAACATGATTGGTTTTTTAGGCAACGGCGCGCCTGCAACCAGGTAATTGTACAACTGATCGGGCAGTATGGTGTGGTAACCGCTGTCGGCCAGCATTTTCATGTGTTCTTTAAAAGCGGCAATTTGTACAATGTAGTCTTTAGCATTTTTAGAGTCACTAGCCTTCCAGTCGCGAATTTGGTGGTAGCAAACAATTGGTACCTGCTTGCGGGCCAAAACAGCGGCTTTATCAATAGGGCCGGTAGCCAGTTTTGCCACGGGCGATGAAGTTTCTTCGGTTGCAGTTTTGGCGCTGTCTGCAGAGGCCTTGTCTGTCGATGTTGGTTTAGACTGGCATGCTACCATGCCAAAAAGTACAAGTGGCAATACTGCCGAAAATTGCTTTAACATAATACGGATGATGATTTTTGAACCGCTAAATTAGTATAAATCTAAAAGGGATGTATTAACTGTTAATAAATTTTATTTCGATACCGATTTTTGGAAAACCAAGGTCGTTTTTTGGTGAAAAAAAGGCGAAAAAAAGTCGTCATTTCTACCGCTAAAATCAAAAAAGCCCGCTATTTGCGGGCTTTAATTTTTTGCGGATAGTACTAAAGTACTATTCGTTTATTTTCTGCTATAGACCGCTTGGCGGCATCCAGTATCTGCATCACTATCATGTTATATTTAAGTGACGATCTATCGGCAATACCCCTTTGCCTGTTGTTTACAACCTGTTGCAGGTACGAGATAGGGTGGTCATTTGGTGCTAACAATGGCGGGGCAATAATGGTGGTCATCGGTTTTTTGTCGATGCGGGTAATTACGTTATCCTTGTCTAGCGCGTGCATATATCCCTCATCCCCAAATACTTCCAGATCTTTAATGGAGAATGGCCAGTTCCAGGATGCTTCGATAATACCTGTTGCGGTAGGGTATTCTACAATGATTGTAGCGTCATCCTCCACTTTTGGGTAAATCTGTAACTTAAAATGGCGGGCAACAGCCGTAACCGCTATAGGTTTCTGGCCATTCATCAGCCAGGTCATCAGGTCGGCGCCGTAGCAGCCAAAATCGTTAAGGGCACCCGCACCGTTCAGTTCAGGATCGGTAAGCCAGTTGGTGAAGTCCTTGCTGCAACCTATCTCTTTTGGCCCCTGGTGGCCATCATGCACTACCATCTTGCGGATCTGCCCGAGGCTATCCTTAGAGGCCACATTGTACACATGCTGGTAAGATGGATACCAGGTAGTTTCGTAATTGGTCATAAGCTTAATGTAGTATTTTAAAGCTAAAAACTCCATACGGCTGGCTTGTGCAAGGGTAGCTGCCAATGGTTTTTCTACCATTACAGATATGCCCAACGGGGCG
NZ_CP133775.1_gap42	2228210	2233037	4827	CATAGGCTTGCTATCATATTTATTAGATACTAATGCCCAATATAATGGCTTCCTAACTACTCGCGGCCAATAAAGAACTCATATTTAAAAACCAGGAGAAAGAAAAGCGTGAAGCCGAATTGGTGATTGCCAATAAGGAACTCGAGTTTCAGAAACTAACCACATTTATTACCGATCTGGAATAAAAGGGCAAAAACAAAAACTTGTTTTAATATGCAATGTTAAGTATCTTACGCATGCTTAACATAATGATAATATTGAATTAACCTTGGTGTAACCTACTTTTGCACATATTACCAAATAGATACATGAAAAATAAACTTAAACCACTTGTCAAAGAAGCAAAAAAAATTGCTCAAAAATCTTTACATCAAACCCTTGTTGCCCAGTTAAAAGAAGCAACAGCCAAGTTTGGCGTAGCATCTAAAAAATTAGATAAGAAAATTGAGAAAGAAGCCAAAAAACTGGCTAAGAAATTTGCTAAAGATATCAAAATAGACACCACCACTTTGGTTAAAGCTGAGGAGCCAAAAGCACCAGAAGCTCCTAAAACAGGAAAGCCTGTAGCAGCAGCAAAAGCGAAAACTACACCGGCAGCTAAAAAAGCTGAAACAGTAGTAACAGCATCTTAATTAAATCTTTATAAGCTCGTTCTTAAGGGCCGATATTACCAGTCCTGTTCTTGATTTTACCTCAAATTTCTGGAACAGGGCCTCACGGTAATTGTCAATAGTGTGCGGGCTTAAGTGCATCATATCTGCAATTTGTTTGTAGGTAAGATCCGAACAGCATAGTTCCAAAAACTTTAATTCGTTAGGGTTTAAACCAATCGGCGCGTTTTTTACAGGCTGGTTGTTCTGAATGTTACGCAGTAACTTGCCTGAAACCAATTCGTTTATATAAAAAGATTGAGAAGCTATCCCTTTAATAGCGCTCACCAGGTCGGCAGCCTTTGATTGCTTTAGCATATATCCGCCTGCACCACTTTTAAGCATCCCAATAATGGGTTTATCCTCCTCAAACATGCTTAACGCCAGCACATTTATCCTCGGGTGATTTTCCTTTAACCATTTAGTAGTTTCGTACCCATCCATAACCGGCATGGTAATGTCCATAAGTATAACTTCAGGCAGTACTTCGCCACAAAGCTTTTTGATCATATCGGCACCGTTATCGGCATCAAACAAAACGTTTATCTCGTTAGATTCGGTTAACAAATGCGCCAGCCCCTGGCGAAAAAGGGTATGGTCATCAACTATGGCAATGTTTATTTTCTCGGTTTGCATGGTTATTTATATGGTATGTTTATAGTTACGGTAGTCCCGTTCACCGGGGTGGATACAATAGCGGCATTGCCATTTATCATATTGCTTCGTTTAATAATATTGTGCAGGCCCATACCTGCTTTGCGCGCTAATATCTTTTCCACATCAAATCCCACACCGTTATCGCTGATGATCATTTTATAGTTTTCTACGTCTCCTTGTAAATTAATGTTAATTACCGTTGCTTTAGCGTGTTGGATAATATTATTTATGATCTCCTGAAACAGTCTGAACAATATGGTTTCCTGCGCGCTATCACCATTAAAAGGTATGTTGTTGTGTGTAAAGCTTACCTGGAATTTATCGGAACGCTTTAACCATTCCAACTCAAATTCAATGGCCGCTTTTAAACCGCGGCTTATGATCTCTTCGCCATGCAACAGGCGCGAGAGCGCTTTAACCTCTTTTATGGATCGCATGGTAAGGTCTTCAACCAAGGATATCTTCTCGGCAGTGTTCTTGTTATCGTTGAGGTTTATCGAGCTTAGGGTGATGGTGGTAAGGCTAAGCAGTTGGCCAATATTGTCGTGCAGGTCATAAGCAACCGTTTTAAGGGTTTGCTCCTGTACTTCCATCTGGGTTTTTAAAAGTTCGGTGTCAAAGTTTTTTTGTAGCATAACGGTTTCCTCCTGGTATTTCTTTTTCCTGCGGTTATATGATAATACATACAGGATAAGGAACAAAGGCGCAATTAAAAATATAATTGACGTAAGCCCTATAAGGGAAATGATTTCCTTTGACGATATCTGCATATAAAAGCGTATGACCAGAAAATGTACATGATAATGTTTAATAAATTAAAGATCAGGTACCTGACAGAATATTTGTACGCAATAATCTCGTACATGGCCAGGTATTTTGAAAAGTTATTGCATACCGTGCTGCCAAAGTAGAAGAAAAGCGTGCCGCTAATCCACCAAAATGGGGCCGAATACACCAAGGGTTCAAAATGTTCGTCTTTTAATTTTACATAGTAAAAATACAGACTGGCCAGTACAAACACTACAGACATAACCGACGCTGTCACCGATACAAAATTGCCGAATTTGTTGTACACCAATTCGGCAATATACATTGCAGCGAATAATGCGAACCACACCAACAGCCATATTAATTTATACAGATATGACTTGTATAAGTAAAAAAAGAAATAGCTGGTAAAAACACATTCAAATAGTATGTAAAAATTGTAAATAGCGTAATTGGGGATACGTACAAATTCGCGAACATAGATCCCTATAATTTCAACTACACAGGTTAGGAATAAAAATGGGATAAATAGCTTCCAGGCTACGTCTTTGTCTTTATACAAACAAAGCAACGCAACCAGGAAGCATATAAATTCTGATACAGTACTAACGCTAACAAATATCATTCTAAAGTATTATGGGATAAGCGTAGCGCCTACTGTATTACAAGTTTTTGGTGGAGGGCAGATCTCACCACGGTTCTCAGGCACGCTGCCTACTATAAAACCGGTTGCAGGTTTACTTGGTGTTACTTTTCCGTTAGTGTAATAATCGCGGTGGAAATGCTCGTCAACTTTGTTTACACTGTCTTTTGTAGACACCATTACCAAAGTATTATACCCCCAATAATCTCTTGGTGGTTTACGGCCATTAAACGTAGGTGCGTAAACGGTATCATAACTGGCCAGGTAAAAACGGATACCATCGCCGTCCTCGTCTTTAATTTTTTGGGCAAGGGCTAATATCCTGTCTGCACTAAACCAAATACAACGGGTGTTTGGTTTCTTTTTGGTTTTAGCAAAATTCGATTCGCTATAATTTGAGTCAACAGTTCCTGCATGTTTTTCATAATTTTTAACGTATTGCTTAGCGAGTTCATAGCTCAGGCTATCATTATCAATAACTTGCTTCGCTGTTAATTTAGGTGCTTCGGCCTTTGATTCGTCTTTGGCGTGCTGGTTTTCGCATGCGCTGAATATTACCGCTGTTGCTGATAATAGTAATAAGGTTTTTTTGAATGTCATATAGTTATGATTTAAGGTTTACCGAAAGTGATTATTTATAATATGATATACAAATTAATGCTTTGCCTTTTTTTCACTTAAACAAAGCCATAAAAAAGCTGATTTCACCCTATGGGTAACCTAAATTATAATTGACATTTGCTATTGGCATTATCGCTTTTAGGAATAATTTAAGCCGATGTCATTCACAAAACATCTATTGCTGTAAAATTTAGCAGTATTTGGGATAGGATAAGTGTAAACGCATTTTGATTACTGATCACACAAATGGCGGATACCGAAAAGCCTGTAACAGAGTAGGTATAAAAACAACCTAAACCAATATCACAATGGAACCTATTAAGAGTATCCCGGCAGCAGAAGAGCAACACATGCTTTTGCTTTTTTTGCCTCTGAAAAAGAAAACAAACGAAACAGTAGCCAAAGCCGTTGCAACCCTTAACGCCGAAGCTAAAGCCGGCAATGATCTGCGCGCGGCTACTGGTGTGCATTATTTTATGATCTATCACCTGGCAGATGGCCAAAAACCACTACCTGCATTGCCGGTTACCAGTTTTCAAACAATGCCTGGTAAAGACATGCTTGTTGTGCTATCTATTTACGACGCCGATTTTGCACCCTACATCGCCTCTTTTGTAACCAACCCCGTTATTGCCTTTGGTTTAAACGCTATTGTAAATGCAATGGACGAAACTGGTATAATGGATCCGGAAGACCCAAGGTCTGCAGCGTATATTAAAGATAACGGTGGTGTCGCCGCAAACCCCGATGCTTTTAACTGCCTGCTTATGCGTTATAACTTTGGCGACCCAACTGTCCCTGCAGCGGCAAAAATACCCGCCAACAGCAATTATAAATATGTGCTTAGTGCAACTTTCCCTGGCCTTACTGTAGGTAAAATATTGCAAAACTACCCCAATGCTGAGGCATTATGGCCATCTACCGCAGTTGATATTCAATATGAACCATCAACACCGCCACCTACTTGCTAATTAATCATTCTGATCCCCGCGAAAGCGGGGATATTTCATTTATATAAACAAAATAACGATGAGTGCTTATCTGAATGATGTAGCCGATAAAGAAGCGCCGCCATTGCAGTTGGATGATATACAAGGGCTGATATTGCGCGGATATAATTTTGAATATATACGGTACCTTGTTTTTACAATTGATAATATTGATGGCGCACGCGAATTTATTGGGAAACTACTGCCCGATAGTGGCTCGCCATTGAACATCACATCAGCCAAACCCTGGCCCAAGGGCCAAAAACCACCATACTGCCTTAATATAGGTGTAACAAGTTTTGGGTTGAAGTTGTTAACAAGTGACGCTGATTACGAAAAAGTCAGGAATCGTAGCTTCCCGCTTTTTAGCTTGTATGATGGCGGCGCTGCAAATGTAAGCAATGCACTTGGAGTAGGTGATATATGTGATAGCGCGCCTGAAAACTGGTGGAAGCGGTCGGGCGGATGGACACTACCTGCAGACCCAAAAACGGACGGT
NZ_CP133775.1_gap43	2238181	2242084	3903	TTTCGGGTGTTTGCGAACGGAACATCATGTAAATGATGGCAAAAACAGTAACCACTGCCGTAGCATATAAGATATAAGGAACCATGCCGATTACATCCTGGTAAAACCAGCCCGAGATCAAAGCGCCTAAACCGATCCCTGCTTCCAGCGAAATATACATGGTTGCCATAGCCTTGCCGCGGTGCTGCGGATTGCTCATATCAACCGTCCATGCGTTTAGGGCGGGGGACAGGATGCCGGTAGCCACGCCATAAATTACACCGCCCGCCAATAGGCCAAAAGCCGTTTTTTGGTAACCAATAACCATGAGGGCAATTACTAATAAAACCAACCCCGTTTTAATAACAGAAACCCGGCCGTATTTATCAGATAACCTCCCGGCCCCAAAACGGATTAGCAGTGATGCAATGGTAAACACCATAAAGAATAAACCTTTATTCATAATACCCAGGTGGCCGCTCCAATCGGGTATAACGGTTAGTATAGCGCCATAAGCCACATAGGATAGCAACGTTACGATCGCTGCAGGTAAAACCTCTACAGCTATGATATCCTTACGAGAGATCTTTAATATAGACAGGCTAAACTTCTGTTTAATCTTGAGCGTTTCCTTCATATTCATCAGAATGATAATGGACATCAGCGCTAAAAATGAAGAAGTATAGAATAATGTGTTCAGTGAAAAATATAACCGTATGGTACTGCCAATAAATGGCCCTATGGCAAGCCCTGTACTAAAGCAAATGCCATGCAGGCCTAATGCCTCGCCCCAACGTTCGCGCGGGATGATATCAGCAACGTAGGCTGCTGTTGCGGTCGGTTTAAAGCCTGTTGAAAAACCGTGCAGTAATCTTAGAAATAGAAAGCCGGAAACGGTGCTTAATACCGGGTAAAGAAAGCCGCACACAAAACAAACTATGGAGCCAACCGCCATTACGGGCACACGGCCAACAGTATCAGTAAGTCTACCGCTAAATGGGCGGGAGATGCCAGCGGTTAACGTAAATAGTGCGATGATCAACCCTTTATGCTCACCACCGCCAAGGCTGGTTAGGTAGGAGGGTAACTCGGGGATCAGCATATTAAAGCTTGCAGAAAACAACAGCGAACTTAAACAAACCAGCGCGAAGTGTAAATTATAGATAGAAGGTGCGGGTTTGGTCATGTATAGAAATGGTAGAATATTTGGCAAGTGTACCAAATTGCATTAAAAAATTTTTGCCGATTTTTGAACATCGGTAATGTGGATTATAAGATAAACGAAGTAATCGCGGAATGTGTTACCGCCGTCAACAAAAAAAGGCTTCCAAAATAAGCCCTTTCCTGTTTTATAAAGTATTAAGCTTATTTCTGCATCACCATAACGCCATTCATAATAATGGTGCTGCCGCCATCAGCCACAATGTTATAAACTTTTTGGATGCCGCCGGCCTGCTCAGTTTTTAATAGGACGGTAAAGTTTTCGTACTTGCCGGTTTGCTCGTTAAGGCAAAGTACATCCTGCCCTAAAGTTATCTCGCCGATTTTTTGGTTACCCTGTTTGGTAAGCATGGGGTGGTTTGGTGTGGCCCGCAATACTTTGCTGTTTAGCGTGATATTATTACCATTAGTTTGTGCCGATACCAACACCAACTTGGTTAACGCATAATTCTTGGCATCATGGGTGGTCAATTCTTTAACTTTTACTGCTGATGCAATTTTGGTGTCAGGGTCTACGGTGATTACCTCATCACCACTCTTAACATCTTTTAAAAGCTTTTTAGCGCTGTTTCCCATCGTTACCATTTCATTACCCGGGAAACAGATATCGTTACCGTAAGTAGCCGATTCTTCCTTCATATCCTTGCCGCCGTTAAGCAGTTTGTATTGCTGAAAGCTTAGTTCTTTCGACAAAATGTAAGATAGTTTCAGTATGAAATTAGTCTCCACTTTATTGATATTGTCAATATCCTGGAAGTACTGTTCCCAAACTTTGGCATCCGCGGTAAAATCCGGGACTAACGCTTTGTAAAGTTTCCCCTTTTCGTTGGTGTAGAAAACCATGGTACCAATTTCCTGTATGCCCTCTTTGGCTACCAATTTATACAGGTCGATTCGTTTTTTCAAACCATCGCTGCCGGTGATGAAGTATGGTTTGCGGCCTTTGTAACGGTCCAGCACGTAGGTGTTTTCAAACTTTACGTAGGTGTCCTTATCCAGGTCGGCAATGGTGAATGTTTGCGCCTTGGTGTATTCGGCCATGGTGAGCGGCCTTGGTGTTACGGTTTGTGCCTTGCATATATAAATTGAGCCTGCAAGAAGTAATGTTAATGTTAGTTTATGCATATTTTTAATAGAATCAGGATATTAAGAATAAGGAATCAAGATGAAAAAACAGGTCAACAATAGAGCAGCCTTGTTTCCCACATCCTGATATCTTGCCTCTCTTCAAATTAAGATATTTCTTTAAAGGCTGCTGCAAAGGCTTCCATTTCGTCCATACGGCCAATGGAGATGCGGCACCAGTCCTGGCCGTTCAGTTTCCAGTCGCGGATGCCTACGCCGCGTTTAAACATTTCTGTGCTGAATTTTTTGCCATCCATTTTTATCGGGAACATCACAAAGTTGGCCGATGACGGGATATAGGTATAACCCTCCTCCTTCAAAACCGAATATAAATACTCTTTAGATTCGTTTGTCTTTTTTAGGGTTTCGGCTAAAAAGTCCTTTTCCTGGTAAGCAGCAATAGCGGCAGCTAGCGTGGTACTGCTGATGTTAAATCCATCGCTCGAGTATTGTTTCAGCATTTTAATAGTTTCCGGCTGCGCGATAGCATAGCCTAAACGCAGGCCTGCAAAACCGTAAAGCTTAGAGAAGGTACGCGCGATGATGATGTTGTTACCTGCTTTTAGCTGGCTGATCATGGTAGTGCCTTGTGGATCGGGCAGATAATCTATATAAGCCTCATCAATAAATACCATTGTTTTTTTGGATACACGTTCGCAAAAGGCCTTAAGCTTGGCGGTATCTACCACAGTGGCGGTTGGATTGTTTGGGTTACAGATATAAACCATGCCGGTGTTGGCGTCAACTTTGGCTTCCATGGCATCAAGATCTAACTTGTAATCTGAAGTTAAAGGCACTTTCACCCATTTGCCGTCAAATTCTTCAGCGTAGGTTGGCAAGTCATCGTATGATGGGTCGCCGGTGATAACACTTTTGCCGCCTTTGGTAAAACAGATCGCCGCAGCATGCAGCAATGGGGTAGACCCGGAATCCATCAGTATGTTTTTCATACCCACTCCTTCGTGCTTAGCAATTTTGCCCGAAAGTTGTGAACCCAACATAAACGGGTACTGGTAACTTTTGTCCAACGCATCTGCAATTGCTTTTTTAGCCGCGGGGGATGGGCCGAAAGGGTTCTCATTAGCCAGCAGCCTTGCTTTCAAATCAAACGGTGCGGCGGCTGCTACTTCGCGGTCGGTAAGAGCGCGCGGCGACTTTAGCATACGTTTAGGCATAGCTGACAGCTTACTGATGGTGCCCGAACAAAAAGCCAGTCCCCCGGCTATAAAAGCGCTGGATCTGATCCAGTTTCTGCGGTTAATTGAGTTTGCCATTGTGAAGGTATTTTAGTTTTATTGTTGTGCCTTGTACTGTACCTGTTGCCCGCTTACCCTTGCGTGCAAGGCCGCCACCGTGCTTCGTGCCGATTCAAAAGCGCCGGCCATCCACGCGTTTAAGTAGGTAAGGTGTTCGCCTGCAAAGTATATTTGCTTATCGGGTTTTAGCAGCGCCGGGTATTGGTTTTTACGGGTGTCGGTATTGTAAACCGCCCATCCACCGAGGCTATACTTGGTTTTGTGCCAGCTTACCGAGAACGAGCTTTCAAACTCCTTATCGTATTGCGGGTGGATCAACCTG
NZ_CP133775.1_gap44	2380847	2384820	3973	ATCAAAAGGAATCACTGTCCTTAATAACGTCCGAATATTTTCCCCGTTATTTATCTTGTTTTATGTGACTAATTCATTCAAAACCTGCACATCTTCTACGAAATGTTTGGATACTTATGTCGTTAGGAGTACGAAAGCCTGATGCAAATGGACTGCCCCCAAAAAGTTAGACACTTATTGGGGGCAGTCCAGTCCGCATCAGGCTCTTTTGTTTTATTGAAATGGCGTAAATTCAGCCCAGCATTGCAGCCTTAAATTACCGCCACAGCTTCTGCCACCGCCACCCCAACTACCTCCATGGCTTCTGCAATGTGCAGTGCCACCACCATGGCCGGAATTGATATAGCGTAAATGGCGGTTTTGGTAGATCTTTTCTTCCAAAAAGCTTTTGAATATCGCTGCCGCATTAGCGTCAGCCGTGCTTTGATCACAACAGCCTCTAACGCCGCTCCAACTACCAGAACGTGCTTCCTCAATTCTAATAATATCACATGTTCTATACTCGGCTATCTTTGGGTCCAGCCTTATCAATTCCAATAATTCGTCTGCACTGTCGTTAGCTTTAATAACGGTTTCGTGCTTTTCCAGATTTTCTTCCATAATTTTATGCTTAGTTTGTTTAGGATCAAAATTACAGCTTCATAATAATTGTCGTCACCGTGTATTCACCCGGTTCAGTACGTATTTTCACTATATTCTAAGCTGTATTTTCTTGTATCAAGGTTTATTAAATCAATAAAAGTGTACGATATTCGTATCATGCAAAATTCGTACGCAATAAACGATGTAAAACAGATTATAAATGCCACAGGAGAGATTGTTAGCGATGCTACCATAAGCGTGTTGCTTACCGACAGCCGCCGCGTCAACAACCCCGCATGTTCCCTGTTTTTTGCATTGGCCGGCAGGCGAGACGGGCACGAATTTATTGCCGACACTTACAGCGCGGGCGTCCGTAATTTTGTGGTGAACCACCAGCCTGATACCATTATGCCTGATGCCAACTTTTTGGTGGTGGCGGATGTATCGGAGGCTTTGCAGGTACTTGCCGCGCATCATCGTAAACAGTTTAGTTTGGATGTGATAGGCATTACCGGCAGCAACGGCAAAACCATTGTAAAAGAGTGGCTTTACCAGTTGATGAACCCAGAGAAAAGCATTGTACGCAATCCTAAGAGTTATAACTCGCAGATAGGGGTGCCGCTTTCGGTATGGCAGATCAACAAAACGCATAACCTCGGGATCTTTGAGGCGGGAATTTCCGTACCCGGAGAAATGGATAAGCTGGAAGCGATCATTCAGCCTACAATCGGCGTGCTTACCCACATCGGTACCGCGCACGATGAAGGATTTGAAACACCCGAAGATAAACTGATAGAAAAGCTAAAGCTGTTTAAGAATTGCAAGCAGATCGTATATAACTACGAGGCATTGCTCGACCACCAGGAAGAACTTAAAAGCCGCGAGTGCTTTGTTTGGAGCCGCAAATTTAACCTTGCCGACCTGTACGTTTTCAGCGAAACTACCATAGAAGGCAAGTATTACATGCGGGCCATTTACAAAGAGCAGGAGATAGAATGCCTGGTACCGTTTCGTGATGAGGCATCGGTAGAGAACGCCATTGTTTGCTGGGCAACCATGCTAGCCATGGGTTATAGTCCAGAGGATGCGGATGAGCGGATAGAGCGCCTGTCCGCTGTAAGCATGCGCCTGGAACTGAAGCATGGTATCAATGATTGTTCCATCATTGATGATTCCTACAACTCAGATATCCAGTCGCTGGAGATTGCACTTAACTTTTTAAATCAGCAAAATCAGCATCAAAAGAAAACTTTGATCTTGTCGGATATTTACCAGTCGGGTTTGCAGCAGGAGGCCTTGTACAAACAGGTAGCCCAAATGATAAATGCCAAACAGGTAGATCGTTTTGTTGGTGTAGGTACGTTTCTGCAAGACCACAAAGCGCTTTTTAACGTTCCCCAAACACATTTTTATGCAGATACAGCGTCTTTACTAAAAGACCTGAGCAAACTGCACCTGCACGAGGAAACCATCCTAATCAAAGGCTCGCGCAGTTTTGAATTTGAAAAGATAAGCAGGGCGCTGGTGCAAAAGGCACACGAAACGGTATTAGAGATAAACCTCAATACACTACTTAGCAACCTCAATTTCTACAAAGCCAAACTGGAACCTGGCGTCAAGATCATGGCTATGGTAAAAGCTTTCTCTTACGGTAGCGGCACGTTCGAGGTGGCTAATATGCTGCAATATAACCAAGTAGATTATCTTGCCGTAGCCTACACGGACGAAGGCATCGCCCTGCGCGAAACCGGCATCACCCTGCCCATAATGGTTTTAAATCCTGAACCATTAGCGTATGATAAACTGGTAGCTAATAAATTAGAGCCTGCCATCTACAGCTTTACCTTGCTTGATGAGTTTGTGAAATTTGCTCAGGAAGAGGATGTATTGAACTATCCCGTCCATATTAAAATAGATAGTGGTATGCACCGCGTAGGTTTCGAAGCCATTGAGGTGGAAACGCTGTGCGACCTGTTGGAGATCAACCCGTACATCCAGGTGCAATCCGTTTATTCGCATTTTGTAGCGAGCGATAACGAGCAGCACGATCTTTTCACTATTCAGCAGATCCAGATCTTCGAAACGGCTTATAAACAGATAGAAGAGGCTTTAGGTTACACGGTTATCAAACACATCAGCAATACATCCGGCATCAGCCGATGGCCAAACGCACGTTATGATATGGTGAGGCTGGGCATTGGTTTATACGGGGTTGACGCCGCCGTACCGCGCGGCGAAAGCGGTTTGCAGCCCGTGGCTACCTTAAAAACGACCGTATCGCAAGTGAAGAAAATGCCTTCCACGGAAACCGTTAGTTATAATAGAAGTGGCAGCTTAAAAGCTGACGGCAAAATAGCTACTGTGCGTATAGGTTATGCCGATGGATATGTGCGTGCTTTTGGTAATGGTGTTGGCAAAATGCTGGTGAACGGTACGCTGGTACCAACCGTTGGCAACATCACTATGGATATGTGCATGTTGGATGTAAGTAATGTTGAGGTGAAGGAAGGCGACGAGGTTATCGTGTTTAACCAGCAGCAAAGGATAGAAGACCTTGCCCAGCAAATTGGCACCATCCCGTATGAAATACTAACAAATATTTCGCAACGGGTAAAAAGGGTGTACTTTTACGAGTAGATGTGTTGATATGCAAATGTGCGGATTTTATATGTGCAGATAAAAGCGCCTTTGGAAATCACTAAATCACTCTTCCGATAGTTATCGGGATACCAAATCACTAATTAAAAGAATGAAGAGATTATTCCGCGCCCTGCTTAATTATTTTGTAAAAGGACTATTGATTGTAGTGCCGCTTGGCGCTGCTTTTTTCCTGATTTTTTGGATCATAGCACGGATAGATACTTCCCTTAACTTAAGCAGCGAGATTCTGGTGGATAGCCACGGTAAACCTTTATACATCCCGGGCTTGGGCATTCTTAATGTGGTGGTTATTATTATGGTGGCCGGCATATTGGTTACCAACGTAATTACCGATCCTATCAAAAAGTGGTTTGGCCGCTGGCTAAACCGGTTGCCGTTATTCAAGTTCCTTTACTCGTCTATTAAAGACCTTACCGAAGCTTTTGTAGGTGAGGAAAAGAAATTTAACGAGCCTGTTTTGGTGGAGGTAAATGAGTTTGGACTGAAGAAAATTGGTTTCCTGGTACAGAAAGACATGAAAGCAATTGGCCTGCCGGGCGAGGTTGCGGTGTACTTCCCTATGTCGTACTCATTCGCGGGGCAGGTGGTTATCGTTTCGGTAGATAAAATAAAACCCATTAACCGCAGCGCTGCCGATGTGATGAAATTTGTGATCTCGGGCGGGGTTAGCGGACTGGAGTAGCCGCGTTCTGCGGCAGCAAATTGGGGTCTTTCTTTTTAAAGCTACGGA
NZ_CP133775.1_gap45	2388894	2393270	4376	GGTAAAGAAGTGTCGCTGGCAAGCCTTAAAGGTAAAGTGGTAATTGTTGATTTTTGGGCTACCTGGTGCGGCCCTTGTAAAGCTTCGTTCCCGGGGATGCAAATGGCGGTCAACAAATTTAAAGATAACCCTAACGTTAAATTCCTGTTTATTGATACCTGGGAAAATGGCGACAACTACCTGCCGGGAGTTAAAAAGTTTATTGCAGATAATAAATATACCTTTCATGTGCTAATGGATGAAAAAACCAGCGACGGCAAGCAGGCTAAGGTAGTATCAGATTTTAAGGTTTTGGGTATCCCAACCAAATTTGTTATTGATAAGGATGGTAACATCAGGTTTAAATATGTAGGTTACTCGGGCACGGCAGAGGCGGTGCTTGATGAGGTAAGCAACATGGTTGAACTTACCACTAACCCGGAAGCGGTTGCAAACGCGCCAAAGGTATCTATGCTGAAATAAACCTAAAGTATATAAGTAAAAAGGCATCCCGGTTTATCTGCGACGCCTTTTTACTTATATGTTCAATATATTAAAAATTCGGCTTCAATACATACTTATCATAGAAACGGAAGATGTGTTCTGCTGCTTCTTCGGCGGTATCAACCACGCGGTAAAGGTTAAGGTCATCGGCGCTGATGTTGTGCTCGTGGGCAAGCATTTTTTCTTCAACCCATTTAAATAATCCGCCCCAATAATCAACCCCGACAAATACGATTGGGAAACGGGCGATCTTGCCGGTTTGGATCAGTGTGATCGCCTCAAAAGATTCGTCCATAGTACCAAAACCACCCGGCAGGATGATAAAGCCCTGCGAGTATTTCATGAACATAACCTTACGAATAAAAAAGTAATCAAATTCCAGAATCTTATCTCTGTCGATATACTTGTTATGAAATTGCTCAAAAGGCAGCTCGATATTTAACCCTACGGATTTACCCCCAGCTTCGTAAGCGCCCTTGTTGGCAGCCTCCATAATACCGGGGCCACCTCCGGATATTACACCGTAACCACGCTCGGTAAGCAGTCGGGCAGCATCTTCGGCCAGTTTGTAGTATGGGTTATCGTTATGCGTGCGTGCCGATCCAAAGATGGATACACATGGGCCTATTTTTGCTAGCTTCTCGAAGCCGTCTACAAACTCGGCCATAATTTTAAAGATCTGCCAGGAATCGGTCACCTTAATTTCCTGCCAGTTTTTATTCTCAAATGCTTGTCTTATTTTTTCTTCACCAGTCATGTTATTAGATTAGTCCGGAAGTCCGAAAAGTCGGTTAAGTCCGGAAGTATGATATATATTACAACAAAATTTCCTTTAAGTTTTACAATGTGAATTTAAGCCACTTGCAGACTTGCAGTCTTCCCGACTTTCGGGCTCGATGATATCCACAGGCCTACAAAAGTAATTAAACCGTTTACAATGATGAGTTCGTTATCGAAAACATAACCGCCCAATAGTTCTTTTGACTCTGTGCTAAGGAAGTAACAAACCGCAGGCGAGATCAAACAAATAAACGGCACCAACTTATCATTAACCTGCCTTTTGCTCACAAATAAGCCAAAACTATAAAGGCCAAGAAGCGGGCCGTAAGTGTAGGATGCTACTTTAAAGATGGCAGTAACTACAGCATCGTTATTCAAAGCGTTGAACGCTATGATCGTTAGGAACATCAACCCCGAAAAAGCGATATGCACATAATGGCGAACATTGATCATTTTTTTGCTGTTTACATTGCCACGTTTGTTAAAGTTCAGGAAATCTACACAGAAAGAAGTTGTTAATGCGGTCAAAGCCGAATCGGTAGTAGCAAATGTGGCCGCAGTTAAGCCCAGCATAAATACCATAGCAGGAATTATGCCTAAGTATTGCAGGGCAACGGTAGGGTATAGGTAATCGGTTTTTGCTACGCTGATGCCATAGCGTTGCGCATATATGTATAAAAGCGCGCCCACACTTAAAAAGAAGATGTTGATCACCACGAAAACAGCCGTAAAGCTAAACATGTTTTTTTGTGCCTCCTTGATGTTTTTAAGGCTTAGGTTTTTCTGCATCAGGTCCTGGTCAAGGCCGGTCATACCAATGGTAATAAACATCCCGCCGAGAAATTGCTTGCTGATATGGAAGTGGCTGCTCATGAAATCGTCAAAAAAGAAGATTTTGGAGTAGCTGCTGTTTTTAATGGCTTCCGCAGCCTGGAATATGTTATAATGAAGGCTATCGCAAATGAAATAAATGGACAGGAACACAGATGATACCAGGAACAGGGTTTGCAGACTATCAGTAATAATAATGGTTTTTAGCCCACCTTTAAACGTGTACGACCAGATCAGTACCAGACAGATCAAAACCGTTACCGCGAAGGGCACGCCATAACTGTCAAAGATGAATTTTTGCAGCACAATAACCACCAAATAAAGTCTGAATGATGAGCCTATAGTACGGCTTAAGAGGAAGATACCCGCGGCTGTTTTATAGCTCCACGTACCTAAAGCCTGTTCAATATAACTGTAAATAGAGGTTAGTTTCAAACGATAGTAGAGCGGCAGTAGTACGGTGGCAATGATGAGGAACCCTGCAGCATTACCCAGTACAAATTGAAAATAAGCAAACTGATCGCCGCTTGGTGCGCCAACTTTGCCGGGAACGGATATGAAAGTTACCCCGCTCAAGGCTGTACCTATCATCCCAAAAGCTACGAGGTACCATTTAGAATTGCGGTTAGCCACAAAAAAGGTATCGTTATCTGATGATTTTTTGGAGGTGAAGTAGGAGATAACCAGCAGTACCAAAAAGTAACCAATTATAAATGAGAGTAATATTCCGGGCGACATATTCTTCAGGTTTAAATGCATGCCTGCCAAAAGCAGATTGCTCTAAAGTAGGAGTTTAAGGTGGCAAAGCAAAAATATTTGAATTAGAATTAACCACAAAGGGCACCAAGAAAGAACCACGAAGACCACAGAGATTAATAATTCGCAAAGCTTTGTGCACTCTGTGAAAAACCGCTGTGTGCTTTGTGGTAAAAAATCATTTTTATACTATAAAAGACGTTTATTAAAAGATATTTTTGCACATGGCTAATCCAACCACTCCCATGAACCGTCTTAACCAACTTTTCTCAACTAAGAAAGAAAACCTGCTTTCGATATATTTTACCGCCGGTTACCCGGAGCTTAATACTACTGTAGATATTGCCGAAGCATTGGAGAAAGCGGGTGCGGATTTCCTGGAGATAGGTTTTCCATATTCTGACCCAATTGCTGATGGGCCAACCATTCAGCATAGCTCACAAACGGCGTTGGATAATGGTATGACGCTTAACCTGCTGTTTGAGCAATTGAAAGATCTACGCAGCCGGGTAAGCATCCCGATTTTATTAATGGGTTACGTTAACCCTATTGTACAGTATGGTGTAGAACGCTTTTGTAAAGCAGCGGCAGGGGTTGGTGTAGATGGCATCATCGTTCCCGACCTGCCGATGTATGAGTATGAGATGCTGTATATCAACCACTTTGAGGATAACGGCTTAAGCAATATCTTCCTGGTTACCCCGCAAACGTCCGAAGAGCGCATCCGTAAAATAGATACCCTGAGCAATAGTTTTATTTATCTACTTTCATCATCATCTATCACCGGTGGCAGTTTGCAGTTAACCGATAATATCGAGGGTTATTACAGCCGCATTAAAGCTATGGAATTGAATAACCCAACCATTATAGGTTTCGGGATCTCGGATAAAAGATCGTTCAGTAAAGCCTGCGAATACGCCAATGGTGCCATTGTAGGCAGCGCCTTTGTGAAACTTTTGGGTGAGGATAATTATATGGAGAAGATCCCGGCGTTTATAAAAGGTATCAAAAATTTGTAGAGACCCGATACTTCGCGTCTGATTGAATATGATTGCCTAACGGAGATTTAAAGTATTGCGTCTCTACTTCTTTTTAATTTTAAGGAGTATGGTGTAACCTACAGCCGCCGCCAATACCGAAGTAACTAAAACAATAAATTTTGCCTGGCTTTGTAAACCCACGTCGGCAAAGGATAACAGCGCCATAAATATCGACATGGTGAAGCCTATACCGGCCAACTGACCGATCCCCCAAACCTGCATCCATTTAACACCATCGGCCAGTTTGGATAACTTTAGTTTTACAGCAAGCCAGCTGAAGAGGGTAATGCCTATGGGTTTGCCCAATATCAGCCCCAATAATATCCCTGCAGATAATGGATTGATGATATTACCACCCGCCAAACTTTCACCAATATTGATGTTTGAATTTGCTAACGCGAATATTGGGATGATGATAAAATTTACCGGGTTCTCTAACAGTTGGATGAGTTTCTTTAAAGGCGAGTAATTAACCTTTACGTTATG
NZ_CP133775.1_gap46	2542734	2543442	708	CGTATAACAACAACATAGAATATCCATAGTAGAGATGCTAATTACTCTACTATGATGTTACTTTTTATGATTTAAGCATTGAGCAAATCACCCGAAAAACACGAATTATGGTCTTTAAGAAGAGCATCGTATTCCTTGATTTTTTTTGGTAAATCGGCCAATCGCTTCAAATCAGCGATAAACTTTGAAGATATTTGTACCGTTAGGCACCCCTTATGGGGCAAGGTCTTTAAAAATAGATTTTTGCCCCATTTTTTTTGCCTGTAACTCTTTGTTCTTCAGGTAGATTAATTGGGCACCCTCATTCATTTTGAGAGTTCGACACCCCACCCCATCGAAGGTCAGTTTTTCAGGGTACAACATCCCTACTAGGTATCTTTTACCCTGTATCGTAGCATCATCATACAATTTATCCAGCAATTCAAGGCTTTTTATAGCTGCTTCAGCTATAGGCCTGATGTCTAAAAACGTAGAATTTTGTACCATTACCTCATTCAGTTTGGCTTCCAGTCGCGTAATTTTTTCATTGCATTCTTCTTTGATCCGGCGAAACTCAGCCAATTCTATTTCATCCAGCAACAGTAAATCCCTAGCTTTATCAGTACGTAGGGTCAGTTCATTGATTTGATGAATCAAATCCTTGCGTTCTCCACGAACAGAACTGGTTTGATTATTATAGCAGTCGGTGACCGTTTCGACAAATAATTC
NZ_CP133775.1_gap47	2560944	2564889	3945	ATGCGGTGGGCTTCGTCAAAAAGGGCCTTGCGTTGGTCGCGCTCGGCCTTGCCAAAGCTGCGCTTGTATTTGTGGGCCATGTCTTTATACCCCGCCGCTTGCTTTTTTAGCTGCTTAATGTCCTTGGTATAAGCATGCGCCGCCATCTTACTATCCAAAGTAAGCGACATTAACTTTTCTGATACTTTAGACGGGTTGCCTACGCGCAAAACATTCAGGCCCTCATTTGCCAGTTTTTCGCTTAATAGATCTACAGCGGTGTTGCTTGGTGCTACCACCAATATCTGTTTGCCATCTTGTTTAATGAGGCGTTTAATGGCCTGCACTATGGTGGTGGTTTTACCCGTTCCCGGGGGGCCGTGTACAATGGTAAGGTCCTGCGCGGTCAATACCTTTTGCGCGGCTGAATATTGCGAAACGTTTAGCCCCTCTATAGGTGTCTCGTAGATCTCGTTAAATGATGGCTCTGCTTGTCCTGTTAACACACGGATTAGTTTACCCTCTGGTTTATCCGCTAATGCCGATGCCTGTTTAAGGGCATTCTGCATTTCATCATAGCTGTTATTATCAAAAAGCAGCTCGATGCCCATTTTGCCGTTGCGTGTCCAATCGGGCAGTTCATCGGTAAATAGGGTTATTTTGAGGCGGTCGCCACCTGTATAAGCTACTGTTCCTTCCACGCGGTCGGTGCCGGCATCATGGTTAGAGAACAGTACCGCCGGGGCACCAAACTTAAACTGGTGCGATAGATCTTTATTGGTAGTACGCTCAACTTCTACCGTAAGGTAATCGCCCCGGCTTGGTTCCGAGCCACGGATGGCGATAGGGTACCAGGTGATGCCTGCCGCGCGCCTGTCGGTTACGGATGAAGTTTGCGTGAGTTTTAAATATACGCCCCTGTCTTCCTCGCGTTCGGTTTTAAGCAGCGAAAGCAGGTTTTTAAAATAGTCCATTGCGGCAAAGGTAAGCTAAAGCCTTACCGTAAGGAAACAATTTACCCAAATTACAACACGTAGCCTTTACATATTTTAATATATCAAATGTTAAATGTTTGAGCCGGTTTTGAGCCGATCATCTTGCTATAGATAACCAATGCGCTAATTATCAACACCATTTTAATACAGTAACTTAAATAGCGGTTTAACGTATGTGTTAAAACCTGAAAAATCAGCTGCGTTTGCAGGTAACCGGCGAGAATCTGGGCAATTATAAAAACCCTGGTGCTATAAGCAACCTGCCGGGCACATTGGTTTACGCGGGCGTCACTTACAATTTTAACAAACTATAAAATAAAATACACACTTAACCAAACAACATGAATAAATTTAAAACCCTTGCAGTAGTATTATTTAGCAGTGCTGCTTTATTGGCAACATCTTGTACAAAAGAAAATGACGCTACACCAGAGCCGGTGAAAGCTACAACCCTTAGCGTTAACACCGTTACCGATCTTGATGGTAGTAAAGGTGAGGTATATTACAGCCTTAGCACTAACAAACAAGTTTTAGGTGATGACATCACCGCAGGCAAATGGGACCTAAAATTTTCAACCACCAGCATATTTGTAAATGGCGGCACATCCGGTACAGGCACTACGCAGGCGCAGGTAGTAAGCAGCATATTTGATGATGTGAAAACAGCCCCTGCCGATGGTTTTAAAACCGATGCTACAGGTGCAAATGCTATAACAGGCTGGCACCTATACACCGCGACTAATAGTGTACCAAACCATGCTATACTTGCTGTTCCGGGTAAGATCATCGTAATCAAAACAAGTGATGGTAAATATGCCAAGCTTGAAATGAAAAGCTATTACAAAGGCAACCCGGACACTACCACGCCTGCCTTTGCCGATCTGACTACTAGGCCTGCATCATCATACTACACCTTTAGGTTTGCTTACCAGGCTAATGGAAGCACAACTTTACAATAGCTAAATGAGTAATTAAAAATAATAAGTCCTGTTTTTGCCCGTGGTTTTATAGAGCGTTGGCCACGGGCATGCAGGCACAATTAAATATCACCATTATGTGCGAAACCAAGATCCTAACCCAAAAAGGACAAACAGTAATAAGCCACTGTACCGAATGCGGAATGTTAAACATATGGCACCAAAATTTGATGCTGTGTTTTACGCCCGATCAGTTCATGTCGTTCCACCGCTTTACGCAAGACATGGACTTTGAGGACAGGAGTTTCCCGTTCCCGGTTGGGAGTGAGCGACTGGTACTTTGCACACCAAACCGTGATATCAATTTTGTGTTTACCGATACCGAATGGGAGGATTTTAACGTCGGCATGCTGGAGGCATTATACGTAATGGAAATGTATAATACAATTTACCAAAGCAGATAGGCACAGTTGTTGCAAGGTTTATAACAAAGCTGCAAAGCTTTGTTATAAACTTAAATACATCTGTTATGAAAACCCAGGAAACAAAGAACAACGTAACCGGACAAGGATCATCAAACGCCGACCGCGCGTACGTAGATGCTAAGGAAACACAAAAACAAAAGGGTATAAGCAATGGCGGTGGCCAGCGTTCTGACCAAACATCAAACAAGGATAACACCCGTAAACACGAGAATAAACACTAATACATTTTGATTTAATACCCCTAAACGCCCACGGTGAAAACCAGGGCGTTTTTTATTGTCATGCTGAGCGATAGCGAAGCATCTATAGCCACCCTGTATGAGCGCCTTGCATATTGTACATTAGATAGTTCGCTATCGCTCAGGATAACAAAAAATGTATATGTTTGATATACAATGCCAATAGTACACATCATATTTTCCCTAATTGTACTTGCCGCGAGTTACGCCAGTTATAAAACGGGTAAACTTACACTTGCGGGCGCTGTAACCGGCGGGGTAGTGGCTACGCTTATTTACCTGGGTACGGGGTATATTGGGATAGCTATGCTGGCGATGTTTTTCCTGTTGTCTACGCTTGCGACATCGCATAAGAAAAGCGAGAAACGTAAACTTACCAAGGAACATTCCGAAAAGCGCGATGCGCGGCAGGTGCTGGCTAACGGTGGTTTACCTGCCATATTGGGTTTGCTGGCTTTTATTCTGCCTGAAAATGCTGTACTGGCAACAATCCTTATGGCTGCAGCATTCGCATCGGCAACGGCAGATACTTTATCGTCAGAACTGGGGACGGTTTACGGTAAACGGTTTTATAACATCATCAATTTCCATCCCGATGAAAAGGGCAGGGACGGGGTTATAAGTATAGAAGGTATGCTGATCGGTCTTGCGGGTTCGGTTATTATCGCTGTGATATTCGCCCTTGGTTTTGGGTTGAACAGCGTTTTCCTGAGCATTATCATAGCCGGAACCATCGGCAACCTTATCGATTCCGTTTTAGGCGCTACGCTGGAAAGGCGTGGCTATATGGGCAATAACGAGATCAACTTTCTGAATACATTTTTCGCTGTAATAGCCTGTTCTTTATTGATATTTCTTTAGAAATTACTTCAACACAACCTGCGCGGTATTCCTGCTGGTTTGTTTCATTAACACGGTTTTACCAAGGGTAACTTCATCTACAGCGCTGTTCGTGTAATGCCTTAGGGTTAGCAGCGTGAGTTCATTATTGTATTTTACTTTGAATGATTCCTTTAGTGTTTGTAAAAGCTTCTCAAATTTATCGGCAGCGTAATCGATACAGGCGGTAAAACTTAATGCCGAGGTCTGCATCATATTAACCTTAACATGGTGTTGGGCAAACAAGCCGAATATCTCACTCAAATGACTTTCAGATATAAACGAATAGTCGTTTGCTGAGAGGGATAGCAATACCTGGTTTTGCTTTACAATGATAACCGGTTTTTCAAACTTGTTTACCGCGCCTTCTTTTATAACCGTGCCGGGGGCGTTAGGATCGGTAAACGGTTTTACCAATAGCGGAATCCTGGCATTCTGTAAAGGTTTTATT
NZ_CP133775.1_gap48	2567114	2567857	743	TACTTTATAATCCGACGACATGCCCATCGATAGGGTATCAAATGATTCCTCCTTGCGGAAAAAACTAACTTTCATGCCATCAAAAAAGGTCTTCAACTCGTAGTACTCGTCTTTTATCTGCTTTTCGCTGTCGGTATTGGTGGCAATGCCCATCAATCCGCGGATGCGGATGTTCTTTAATGCCGCAAACTCTTCACTGCGTAAAAGTTCAATCACCTCATCAAACCCTAAACCAAATTTGGTTTCCTCATCGGCAATATAGATCTGCAGCAGGCAGTCGATCACGCGTTTGTTCTTCTCCGCATGCTTGTTTATTTCCTGCAGCAGTTTAATACTATCTACAGACTGTATCATGCTCACAAAAGGGGCAATGTACTTTACCTTATTACTTTGCAGGTGGCCAATCAGGTGCCATTCAATATCTTTGGGTAGCTGTTCCTGTTTTTCAACCATTTCCTGCACGGTGTTTTCGCCAAACAGGCGCTGGCCTGCATCGTAAGCTTGCTGGAGGTCTTCTGCCGGTTTCGTTTTAGAAACGGCCAGTAGCTTTACCTTTATTTCGTCGGTTTCTTTTTTTAAGCTTTTGATATTATCTGCAATGCTCATTTATACGTAATTTTGTTTTTTATAAACGCCGCTAAATTACAGAATGCAAAAATATATAAGCTTGTTTTTTTTGGGATTGATTTGTTTGACTGCTTGCGAGCGTAACAGTGTACCCAAAGACATTATCCAGGAGCAGC
NZ_CP133775.1_gap49	2572759	2574434	1675	GGGCGCGCACCCACATTAATATGTCGTTTCTCATTTTTATAGTGTACACGCCTGGTAAAAGTTCCCATTATAAATAGTTTAAGGCTTGTGGCCCCTGGTTAAACAACAGGTCTACAATGCTTAAATTTTGCAAAAAGCCCCGTCGTTCTTCAAAAACCTGAAAGTACGGCTTTTGTTGTGTATGGTCTGCATTTTTACCGTTTAGTATGGTACGCAGGTCGGTAAGGTTGGGGTAGGTGGTCTCGTAGGTATCAGTAACCTGTATATCCATCTTTATTTTAAGCAGGCGCAGCAATAAGGCCATCAGTTCGGTGTTATAATCTAACAAAAAGGCAGTTTGCTTTTCGTAGAACGGCGCGAAATCGTCCTCGTAATATTCAAAGTAAGCCGAGTTGCGGTAACAGGTTTGCAAACCCATCCAGTGCGCGCGCTGCCACCTAAAATCGTAGCTTATTTTAACGTCTTTAGTTACTGTATGATTTTTGGAGCCTTTTATCACAGGCACGGTAAGCACCTGTCGGCCATCGGGCGAGTAGATGTTTGCCCGGTTACGGTAGGTTTGTTTTGGGAAATGTTCTTCGCGCTCAAACACCACATCCGGCGTAAATGCAACAAGGTTTGTAAAATAATCTACCGGGGGCAGGTAAAACATCGGCAAAACAGCACCGTTCTCAATCATATATATTTTTTATGTTTGTGGCAAAATTGGTAAAAATGTTAAGAAAAGCGGCTTTAAATACGGGTATATTTTTTTTGTACCTGGTATCGTTGCTGCCTTTTTGGTTTTTATACGGCGTAGCCGATGTTATCTTCCTCGTTTTATACTACGTTATCCGCTATCGCAGGGATGTGGTGAAGACCAATCTTGCCAACTCCTTCCCCGAACGCAGCGGGGCCGAGCGCCACAAAATTGAACGCCGATACTACCGCTACATGGCCGATCTGATGGTAGAAACCATTAAGATGATAAGCGTAAGCGAGAGATCGCTCCGTAAACGGATGAAACCCACCAATCCTGAGCTTGTTCAGCATTACTTTAGCCAGGGCCGAAGCATTATTGCCGCAGCCGGGCATTACTGCAACTGGGAAATGGCTGCGCTGGCTTTTGGGTTACTGACTGAAGAAAAACGCATCATCGTTTACAAGCCACTATCTAACGAAGTTTTTGATGGGTTATTTAACCGCGTAAGGGCACGGTTTGGCGCCATACTGGTTGCCATGAAACAAACCCTGCGCACCATGATCGCCTTTAAAAACGACCTGACGTTTAGCGTACTGGTGAGCGACCAAACCCCCGTTAAGCACGAAATAAACTATTTCACCACATTTTTAAACCAGCCAACCGCTGTTTTTTTGGGGATAGAGAAACTGGCGAAGCTGATTGATGCGGTAGTTATATTTTACCGGATAGACCGTATTAGTCGCGGTTATTATACTTACACGCTGGTGCCGCTGATAGAGCAGCCAAAAGAAACAACCGGTCACGAGATAACCGAGGCGCATGTGCAATACCTCGAAAAACTTATCCGGGAAACGCCCCAATATTGGCTTTGGAGCCACCGCAGGTGGAAATACAAGCCGGAGGATATGAATAAATGATAGATAAACCAAAAGTTGCCGTAGTAATTCTGAACTGGAACGGTATTAAATACCTCCGCGATTTTCTGCCATTTGT
NZ_CP133775.1_gap50	2638878	2642429	3551	GCTTGGGAGTGGCATCAGGATTACGGTTATTGGTACAAAAACCAATTTATGTTCCCAAATCAATTAATGAGTGTTATGGTAGCGCTTACTAAAGCCAACAAAGAGAACGGCTGCCTGCAGGTGATAAAAGGCTCGCACAAACTGGGCCGGGTAAACCACGGTTTCTCGGGCGAGCAGGTTGGGGCAGATATGACTATGGTGAACAACGCCCTGCAAACTATGGAACTGGTGTATTGCGAAATAGAGCCGGGCGATGCCCTGTTTTTCCATAGTAACCTGCTGCATCGATCGGAAGGTAATTTATCTGATAAACCGCGCTGGAGTATCATTTCCTGCTACTCGTTGCAAAGCAACTTGGCATATAACGAAACCTCAACCTCGTGGAAAACACCTGTGGATGTGGTGCCAAATGAAGCTATCCTTGAATGGGATGCAGGCTCATTATCAAATAACGATTTCCTGGCTAAAGAAAACGACCCGGCATTAAAGGAAACGGGTTGGGAGAAGTGATAGGATGTTTTTTCTCACTAATATTACTCCACCGTTATCTCATCCGCAAAAATATAAGAAGGGCTGCCTTTGCTTTCATGCCATCCGGGTAAAGCGCCAAACTGTTTAGCTATTACTTTAATATACCGAGTTTTTTTGTTGATGGGCGCGGTATATTCCTGGGTTTGCGGCTCAAGTTCTTTAATAGCTATCTTGCTATTAATTGTAGCAGCAAGCTTGTAATTCTTACCATCATCAGACAGCCAATATTCTACTTTCGGCGGGAATATTATCCAGGAGCGGGTATCCTGCAAAGCGCCAAAACTAACCTGTTTAACCAGTTTTACCTGGCCTAAGTCGAGTATGGCTTCAAGGTCATTGCCCTGGTAGCCCTGCCAGTTGCCAAGGCGCCAGTTTGCCGTTCCGTGGACGCCGTTTATCAGTGTTTCATCGCCCTGTGCCGAATAATTTGGTAGGTATTTATTGATAAGCGACAGTTTTATGTCACCACGGATCTTAGTGAATTTGGCTACATTTACAAAACTGCTTTTGCCATTGCTGATAGCTATCGCTTTTACGACGGTATTCACCAATATGCTAATGGGTTTATTATATTGGGTAGACGAAGCGGTAGGCGTGCTGCCATCTAAAGTATAATAGACCTTTGCAGCGTTATCGGCACAGCCTATCTCAACGGTAATAGCATTTTTAAATGTTTTGGTACCCGATGTGATGTATGGGTTAGGTACGATCAGTTCATCTGTAATTTTAGAGGTTGGTTTCTCCAACTCCTGCATAAGCAGTTTATTGGCCAAAGATCCTGTAAACACTTCAAAATCTCCGCCTTTGGCTAAATCCTCATAATTTAGGAACAGCTTATTGTAGGGCTTTTTATCGAGGTTCATGCCCTGTATATAAAAGTTACCGCGACCAACAGTAGCACCCGGGTTGCTGATGGTGAACTTTTTACCATTTTCCAGGTTGATAACCATTTTGGCAAACTGCGGGGCGGTTATCTGGTATTGCTGCTGCCCCGGCGCGATGTTATATAGACCAAGCGAGCTCATGACATACCAGGCCGACATCTGCCCGCAATCTTCATTACCCGATAAGCCATCGGGTTTGGCGCTGTATTGTTCCCGCAATATCTTGTTCACATAATACTGCGTTTTATCGGGCGAGTTGGTAAAGTTGTACAGGTACGCAATGTGATGGCTCGGCTCGTTACCATGGGCGTACTGGCCAATCAAACCGGTTACATCATCCTGCTGGCGGCCGCTTAGTTTGGCGTTTGTGCTGAATAGTTCGTCAAGTTTAGTTTCAAGGGCTTGCTTACCACCAAGGCTGTTCGCCAATCCCTCAACATCCTGGGGGACAAGAAAACTGTATTGCCAGGCGTTACCTTCGGTGTAGTTATTGTTGATCTCGGTAGGTTCAAAGGGCGTGTACCAACCGCCATTATCGCGGGCCTGCATAAAGCCATTTTTATTATTATGGACGTTCTTCCAGTATTGGGCGCGTTTGATATACTCGGCATATTCCTGTGGCTTGTTAAGCATTTTAGCCATTTGGGCGATGCACCAGTCATCAATGGCATAATCCAAAGTCTTGGCTACCGACTCATGCTCTACATCGGCATTTACAGCCCCGGTAGCACGGTAATTATCTAACCCGAACTGGTTGCGGTTAACGGCAGCCTTCATAGCTGCAAAAGCTTCTTCAGCATCAAAATCGCGGATGCCTTTTGCATAAGCATCTACAATAACCGGTATAGAATGATTGCCTACCATACAATAGGTTTCGGTAGTAGCCAGCGGCCAAATGGGTAGCAAGCCGCCCTGTTCATAGATAGCAAGAAAAGTTTTTATAAAGTCGAGCGTGCGTTTGCGGTCGATGATGTTGAGCAGCGGGTTTTCGGCACGGTAGGTATCCCACAAGGAGAATGCCGTGTAATAGTTAAACCCTTTGGCGGTATGGATCTTTTGGTCCATGCCGCGGTATTGGCCGTCCACATCACTATAGATACTTGGTGCAACCATACAATGGTATAAGGCCGAGTAAAACATGATCTGCTTTTGTTTGGCATAGTCAGGCGCCTCAACTTTTTTGCCGCCTTTTCCGCGTGCTGACGGAGGGTTATAACCGTAAGGGTTGTAAACTGAATTGGCTTCCTGTTGTTGCGAAAGGGCAGGGGCGCCACCTTCTACCTGGATCTTCGAAAGTTCTTCGTTCCAGGCCAGTTTTGTGCTTTTTACGGTCTTTTTAAAGTCGAAATCGGGCGTTTCAGAGTCGATATTTTTTAGTGCACCATCGGCACTTACCGATGATATCCCAACCTTCGAAATGACTACCCCAGGGTCATTAAATTGGATATACATCTTTACATTTTTCCCCCTAACTTTCTTTTCCCCTTGTTGAACCTGGTCGTTCAACGCTATGCCATAGCTTTTAAATGGCTTGGAGAATTTGGCGTAAAAAAACAAATGCTGGTCAGTAGCCCATGATTTTGAACGACGAAAGCCTCTGATCTCATGATCGTTAATAACTTCTATCCAGCTATCCAGCACCTCATCACGATGTTGCAGGTCTATAATGATATTGCCTTGTTTGGCATCCTTATAATCATATTTGTGAATACCTACACGGGTAGTTGCGGTAAGCTCCACGCCAATGTTGTATTTATCAAGAAAAGTGCTGTACAGGCCCGGAGAGGCCGTTTCGTTCTTCTTTTGGAAGCCTGATCGGTAATCGGCATTCTTTAACTGGGGTTCGCCGGTTGTGGGCATAAATAGTACATCGCAAAGGTCGGCTATGCCGGTGCCACTTAGGTGAGTATGCGAAAATCCATAGACAACCGTATCGGTATAATGGTAGCCAGAAGCGCCATCCCAACCCTCTAAACGGGTATCCGGACTTAACTGCACCATGCCAAAAGGGGCAACCGCACCGGGATAAGTATGGCCGTGGCCACCCGTACCTATAAAGGGGTCAACAAACTGGGTAAGATCCTTCTTTTTCTTTTGTGCTGATGCATTAAACACAGCAAACAGGGCAAGTACTAT
NZ_CP133775.1_gap51	2766394	2768247	1853	TTAACGCTGAGGCGGTCGGCGTATAAGCCGGCCTCATTCATCAATTCATCGCTTGCACCGGGGATAGATTTGAGATGAATATAGCCATTGAACTTATGCTCGGTGCGGAGTTTTTTAGCGATTCGGACAAGGCGTTCCATTGTATAGTCGGCATCTTTAAAAATCCCTGAGCTGAGGAACAAACCCTCGATGTAGTTGCGGCGGTAAAAGTTAATGGTGAGATCCACAACCTCCTGCACAGTAAACGCAGCCCGCTGGATATCATTATTCTTACGCGATACACAATAAGCACAATCAAAAATGCAATGATTGGTAAGCAGGATCTTTAGTAACGACACACAACGACCGTCCTCGGTATAAGAATGACAAATACCATTACTAGCATTGCCCAAACCCTTATTTTCGTTTTTGCGCTTACTGCCGCTACTTGCGCACGATACATCATATTTGGCGGCATCTGCCAATATGTTCAACTTCTCTGTTATCCGTTCTACATTCATATCAATTCAAAAATACTAATATAATTAGCAATCCATGTGTCGATATAGAATTTTTTTTCAGATGTTATGGGAGTATAGCCATTTTTATCCCTTTAAAATTAAAGATTTTAATTGCAACTTTATTGCGAATAAAGCATTATATAATATATATGGATAAAAGTGATCAATCTGAATTTTGGGAGAAAAGCTTTATTAAAAACCAGGAGATGTGGGGTTTTGAACCAGCTAACTCCGCTATTTTGACAAAGGACCTTTTTGTTAAGCAATTGGTAACAAGTGTCCTTGTTCCTGGCATAGGTTATGGGCGCAATGCGGAAATTTTTAGAGATAATGGGATGATTGTAACCGGTATCGAGATTTCGGAAACGGCCATCGCGTAAGCAAGAAAACACTATGGCGACTATATAGCCATTTATCATGAATCGGTGTGCGATATGCCGTTTGACACGCGCTTATATGATGGGATCTTTTGTTATGCCTTAATTCATTTACTGGATACTGATGAGCGGGCTAAACTCATCCGTGATTGTTATACTTAGTTATCTGATGGTGGCTACATGGTTTTTACGGCCATTTCAAAACAGGCAGATACTTATGTTGAAGGCAATTTTATCAGCCCAGACCGATACGAGATATTTGAAGGGGTGAAAATCTATTTTTATGACAAAGAATCGGTTACTGCGGAGTTTAGCGATGCCGGATTATATGAAGTTGCCGAAATAGATGAGTCCTATCCCTTCTTCCTTATCAAATGTAGAAAGACCGCAAATAAATAATTTCCCTTTGCTATCTTAGCATGTCAATACATCACCAATGCCAGATTTAGATCCTGGCTTTTGCCAGCATTTGCAAGCCATAAAAGAAATTAAATTAAGCGACGACCAGGTTTGCGTGGAATGTGTAAAACAAGGCACCGAGTGGTTTCACCTACGTACTTGCCAAACCTGCGGCGTTACCCTATGCTGCGACCAAAGCGACGAGCAACACATGACCAAACATTATCATGCCGAGCATCACCCCGTTATAGCATCTGCCCAGCCGGGCGAACGTTGGCTTTGGTGTTACACTGATTAGCAATTTGCGGAGTATTGATATAAAATCACTCCGAAGCCTCTTCGCCTTTTCGCCCAATTCAACGATGTCGCCTTCTTTAAACAATATGGCTTTCAAGGTTTTACGCCAAACGGGTTTCTTGCGCAGCAGGGACTCAAGGTCCATACCAAAGTGTTTAAACTCCTCGTGCTGGGCGTTTTGCAAATAGCCTTTGCTTGTTTGTCTTGCTCTACCGAGATGCGTTGCTCGTACCAGTTAATGGCCTCGGCTTCTTCGCCAGGGGATACGATCATGCGTATA
NZ_CP133775.1_gap52	2770670	2772654	1984	TACTCTTTCAGAACCGCCTGTAATTCAGCATCGTCGCCCTCGAGAGCGGTTTTGATGCGGAGCAGGTCGGTTTTATCTATTTCAAAAGATTGCATATGCATGCAAAATAAACAATTTTACTGAGAAGGCGAACCGGAATTGAGTGGATTTTTACGATTGGCTGGATTTTAATTTGCTTACCCGCTATAGTTATAAACTGCCTTTACGCCGATTACTTTGTTAAGCTTACTCATTACCTGCTCCACTTGCGTTTTGCGGATGGAAAGTTTTATCCGGCAGTTCAATTCAGATACCTGCTCTAATATCTGCAATTGCTCATCTTTAATAATACGCATTACGTCGTTCATCTGCACGTAATCGAAGGTAATGGTATAGATGTCGTTAACGGTTTTTTCGATAACCTCAGCCACATCCAGCACCATTTCGGTAGCGATTTTGTAGGCATTGATGAGGCCGGGTACACCCAATAAAGTGCCGCCAAAATAGCGAACAACCACCACCAGCACATTAGTGATATTGCGCGATAACAAGGTATTAAGTATCGGCCTCCCTGCTGTACCGGATGGTTCGCCATCATCGTTAACGCGGAACACAGAGCGGTCGATCCCTAATCTGATTGCCCAGCAATGGTGATTTGCTTTTGGGTGCTCCGCCTTTAGCTTGGCAATGATGGGTTTGATATCACTATCTGAGGTAACCGGGTAAGCATACGCCAGGAACTTGCTCCCTCGGTCGCGGAAGACATTTTCGATAGGCGCGCTAATGGTTTTGTAGGTATCGTCGAACAGCACGCGTTAGTTGTTTGAAAGGGTTATTACAACAATGGCTACAACGGCTAAGGCTACGCCTATCTTATTAAGCACACTCAGGCGCTCGTTAAATACAACCAAACCTACAAGGGTACCTAATGCTATAACACCAATATTCATGGCCGAAAATACGGTTGACGGCGTGCCGGATAATTCCTTATGCGCTTTTAAGTAAAATAAAATATTGCCAAAATTGGCCACACCCAGCAACCATCCAAAACCAATGTGCGGCCAGGAAAATTTGGTTTGTTTGGTAAATATCCTGATGCCAAGGATAATAAGCGCTATCACAAACGACAAAATATAGATCACAAAAAGCGAACTGGTATAAGGCACGGCTGTAAAAGCGGCCACCTGTTTAAACAGGATATCAATAATACCTATCCCGAAGAATACGATAAGCAGATACATCCACGCGTTAGAAACCACCTTGCGGTTGGCCGTTTTCTTTTGCCATGGTATAGAACATAATATGGCTATGAAACCAATAATTAACCCCACAACTTTCAGCGTATTCAGCTTATCGCCAAACAGCAGGAATGAAGCCAGTAACGGGATAAACAGCGACAACCGTTGCGCAACATCCGTACGTACAATACCCGCTACCCTTACCGATACGGCCATCACCATAAAAATTACCGGCAACAAAAAACCCACAGCCAAATAAATACTTATTGGTGCACTTTGCAGATTGGGTACGCTGGGTTTAAAAAAGAACCATGTTAGCAATATGGCCATGCTATAGTTCCACGTAATGGCTTGGAAAACGTCTATCTGGTAGCGTTTAGCCAGTTTCAGCATAACGGAAACAATTACGCTGCAGCAAATACTTAAAAAAACGTATAACATGTTTTTATAAATTAGGTAGGTGTATTTGTAATGATCTGTAAGTTATCGGCACCGATAGTTTGTTCGGAAATTTTAATAACGGTAACCATAGGTGCTTTAATGCCGGTTTGTAATACAGATGCGCCAGTAAAAATACGTGCTTCGTCCCATAAACCCGCATCAATAAACGAGTTTAATGTATGCGCGCCACCCTCAATTATCACCGATTGGATATCCTGTAGGTATAATTGGAACAGAATATACTGCGGCACATAACGGTCAAAGTCTTCCAGAGCGATGTATTTATTCTTGCCGTCTATATCAAACTTCACCTCGTTAAATATCAA
NZ_CP133775.1_gap53	2829200	2833678	4478	AGCACTAGTTTTTTACCGGTAATATCTGCCAGTATCTGCACCCAGGTTGCCGATGTGATAAATCCACCACCTATCACGATCTCTTTAATGGGCTCTTCCGGGTTTTCAACCGCGTCAAGCACATCATTCAGTGCTAAGCAGACACCTTCTAAGGCAGCCCTTAAAAAGTGTTGCTGCTGATGCTTAAAGTTAATATTTATGAACGCCCCCGAGCTTTTGGCATCCCAAACAGGTGCACGTTCGCCATACAGGTAGGGTAAAAAGACCAGCCCCTCGCTGCCGGGCTTTACAGTATCGATAGTTTTGAAAAGGTATTTATAGTTCTCATCAGATACATGCTCCAGTTTCAGGAAATCTTTCAGTAGCCAGTCTACCGCCCCCCCTCCGTTGTTGACCGCACCACCGCAGATGAAGGTATCGGCGTTAAGCAGGTAATTAAAGGTCATCGCCTCGTAATTATAAACCGGGGCCTTGCTACCCACCCTAACCGCACCGCTGGTACCAATAGTTAACGCCCCTATCCCGGGCCTAACGGCATTGCCACCAAGGTTTGCACAGCAACCATCGCTGGCGCCGATAATAAACGCGGTCTGAGTATCGATGCCCGGGAGAATATCTACGGTAGCAACATATCGTTTATGATCTGTATTAACAGGCGTTGATAGTTTAGCAGAACTGATGCCGGCCAAATCAAGGGCTTTATCGTACCATTTCAATTGCAGCACATCAAACATCCCCATGGCGGATGCTATGGAGTAATCTACTTCAAAAACATCAAATAATTTGAACCAAACGTATTCTTTTATGGATATAAACTTAAAAGCCTTGTTAAAAAATTCTTTGTCATTTTCGCGTAACCACATCAATTTGCACAATGGCGACATGGCGTAAATAGCTGTACCAGTATGCTTATACAAGTCCTCACCATCAGCACTGTCCCGTATCTTTTGCGCTATGTCCCCACTACGCGCATCAGACCATAGCATGGCATCGGTCAGGGCATTTCCCTGCTCATCAACAGGCATAATGCTGTGCATAGCACTACTAAAACTTACAGCGGCAGGCGGCGCGTTTAAGTTGGTGGTTATTTTGCTGATGCAATTGATAAAAGCTCGCCAGATGAGGTCGGGGTTTTGCTCGCTGTAGCCGGGTTGTGGGTTGCTTGTTGGGTAGTAACTTTGGGCAGTAGCAAGTGTGTTACCAAGGGCATCCATAGCTACTGCTTTGCTACTACCTGTGCCTAAATCTATCCCAACAAAATATTTTTGCATAACCTTGAAACCTATTTAAAACTGGTGCGTAAACATAACGGAAGATATTGGAAAATTAATCCACATTGGCAGTATTTGTCAACAAATACTACCCGAATTGGGGAAATTAATTCGGTATCAATTTTTTTACCCTACTTTTAAATAAAAATCTGATTCAATAAAATCAACGTAGTTAGCTGTTATATAAATATTTGATCCGTTTTACAACTGCAAGGGGTATAATTGGCATGATATTTTTTAGTGTATTTTAATATTAAAATGTCATATTTATAACCGAAACCACGATTAATCGGCATGAAAAAAACTTTACTGATTGTTGATGACGATTTGAGTATTTTAAAATTGCTCAACTTTATATTGTCTAAAGATTACGATATTGTTGTTAAAAACAACGGTATTGAAGCCTTTAGCTGGTTGGAAGATGGCAACATGCCCAAACTCATAATTTCTGATCTGCAGATGCCATATTTTGACGGACAATCTTTCCTGAAAAATGTTAAAATAAGCGGTTTTTACCGCGATATTCCTGTTATTATGCTTTCGGCAGCCCATGACCTTGACGAGCAGGTTGCCAACATGCCATTTAAGGTTGATGCTTACATGCACAAGCCCTTTAACCCTACCAGCCTAAAAACCGCTATTAATCAAGCCCTAAAAGTTTATGACGAACAAGACAGCAACTGATTGGAACGAAAATTCTCATTCCCAGATCAGGATTGCATACGCCGGTTTGGAATTAAAGGACTTGATTGCTAATGACCTGGCAAACTTTTCGATTGCTTTTAACGACACCCTCCAGGATCTTGAGAATTACATGGGCGACCAATCTATATTAACCATCCCCGATATTATTTTGGTAGAGGTTGATAAGGACGAGCAATGCTTTGAACTGGTTAACCGCCTTCGTCAAAACTTTTTGATGAACGGTTTGATCATCGTAATGCTATCTACCCGTAAGGATAAAAAATTGGTGCAAAAAGCGATGCAAATGAAACTGCATGATTTTTACACCTACCCTTTCGCTACATCAGACCTTCGCGAACGCCTAAACTTCCTGGTAAAGTTTAAGCTGATAAAACCACGCTTGCAAGAGTTATCTATAAAAGTTGATACCACCTATAAGATGCCATTTGGCAAGCGCTTTCTTGACCTTGCCATGGCGGGCGGCATGTTCGTTTGCCTTATCCCGGTTATGGCAGCCGTTGCTATCGCGATAAAGCTCGATTCGAAAGGGCCCGTATTTTATAAGAGCAAACGTGTGGGTACCGGCTATAAGATCTTCGATTTTTATAAATTTCGCAGTATGCGTACTGATGCCGACCAACTTTTAGCGCAAATGGCTGTTACAGATAACCAGTATGCAGCAGAAGAAGAAGGTGCATCAAAATCGGCGTTCGTAAAAATCAAGAACGACCCGCGCATAACCAAATTGGGTAGTTTCTTAAGAAGTAGTAGTTTAGATGAATTGCCACAGTTGTTTAACATTATCAGGGGCGATATGTCGGTAGTGGGTAACAGGCCTTTACCAGTTTACGAAGCCGAGATGCTAACATCAAACGAATGGTCGATGCGCTTTTTAGGCCCTGCAGGTTTAACAGGTTTGTGGCAGATAAGCAAACGCGGAAAAGAAGATATGAGTGAGCGGGAGCGTAAAAAACTTGATAATTTTTACGCTCAAAAGTACTCGTTATGGCTCGATTTAAAGATCATTGTAGGCACGGTGCCTGCCTTGTTCCAAAAAGAGAAAGTTTAATAAACATCAACACTACCTTGAAAAAACTACAAATATTAATACTCCTCTTACTCAGCACAGTTGCTCTGCACGCACAGGAAAGCTTTGTTAATGAGATAAACTACCCATACCTTGATAAGCTTATTGCCACCGCAAAAAAGAACTACCCCGAGGTAAAAGTACGCCAGGCACAAATAGCCGCTGCCAAGGCAAGCCTTACACAATCAAAGGTATTATGGCTGGATGCGATAACAGCATCGTACATTTATAGTCCAAAAAATTCATTGAATGTTGTAAACCCAACATTTTTCAATGGTTACCAGATAGGTATTTCGGTGAATATTGGCCAGTTGTTATCTAAACCTTTTGCTACACGTGTGGCAAAGGAGAATGTAAACATCGCCGTGTACCAGCAGCAAACCTATAACCTAACTGTTGAGGCTACAGTAAAACGCCTTTACTTCCAATATCTTGAAGCACAGGCAGATCTTCGCAACCGTTCAAGGGCGGTTACCGATGGCGAAATTGCAGTTAAACAATTAAAATACACGTTTCAGAAAGGTGAGACCACCTTTCATGATTATAACGAATCTTTAACAAGTTTATACAATCAAAATTCATTCAAAGTACAAAGCGAACTGTTAATGCTAACGGCTAAAGCCAATCTTGAAGAAATTTTGGGTGTTAAATTAGAAGAGGTTAAATAGGGCATGGAGTTAGGGAACTTTTTTAAACTTTTATGGAAGCACAAGAACCTGCTGATCATTATTCCGCTGGTTACAATCATCGTCTCTTATTTCCTGGTCAAAAACCTGGCAGATAAATACGTATCAACGGCGCAAATAGCCACGGGTATTGTAGATCAATCGCGCCACCTGCTTGATGCTGACCCTACCGGCGCTACTAAAGAGCAATCGATAGCCCACGAGTTTAGCAACCTGATAGAGATAATGAAACTTAAAACCCTCATTAACCAGGTATCTTACAAACTTATCATCCACGATTTTACTGATAGCGTACCTTTTAAACCGCATAGCAAGTTATTTAACAGCATGAACCCTGCTGCGCGTGCACATGCTGTAGAACTGTTCACCAATAAGTTTAAAACCATGCAGCCCTTATCCTACTACAATAAGGATGAAGAAGGTTTGAATGAACTACTGCGTTCGATGAAGTATGATGAGCGATCTTTACGTAAGGACCTCAATATGGTACGTGCCGAGGATAGCGACTTTATAACAGTAAGCTATGAATCTGATAATCCTCAGTTATCGGCATTTATTGTAAATTTGCTATGTACACAATTTATAGATTATTATACCAACACCGTTAGAAAAAACGAAACGGACGCGGTTAATTACCTGGCCAAATTGCTGGATGAAAAACGCGACACGTTAAACAAAAAAACGGCCGAACTAAAGGATTATAAGATCAAAAACGGCATTCTGAACCTCGAGGAGCAGTCAAAATCACTT
NZ_CP133775.1_gap54	2920689	2923201	2512	AAGGCGTTTAAGCACATGCCTTCAAAACAACTCCCTCCGCGCGACCAGCGCATCTTTGAACTTCGCCAGTATAAAAGCGCGAGCGAAGCTGCCGGTAAAAAAAAGATAGAGATGTTTAACGACCAGGGCGAAATTGATATTTTTAAACGCCTTGGCTTTAAGCCGGTATTCTTCGGTGAAACCATTATTGGTAACGACAGGCCGAACCTAACCTACATGGTTACTTTTAAGGATATGGAGAACAAAGCCGCCCACTGGAAAAGTTTTGTGGATGACGCACAATGGAAAAAGATAAGCGTAGTACCGGGTTATGCCGATGCTTTGCTGGTATCTAAAATAACATCAACCATGTTGGTGCCAACGGCATATTCGGGGATCTGATCAAATATTACACACATATCCCAAAATATCTGTTCGGTTTTTAAACCCCACACGTTGGTAAACCCTAATAGCCGGGTTATCGGCCAGTACATGCAGAAAGGGGGTCTTCCCTGCTGCCATAATACGTTTGATCTGCTCGTTCAATAAGATGCCCGCATAACCTTTACCCAGGTGATCGGGATGGGTGCAAACTGCGCTGATCTCTACATACGGCAGTGGCTGCATGCGTTGGCCTGCCATGGCTACCAATTTGCCCTCGGCAAAAATACCGGTGTATTCGCCAAATTCTATAGTGCGCTGCAGGAACGGGCCGGGTGCGGTAAGCTCGGTTAAGGCAAGCATTTCGGGGATATGCCCCTCGCCCAGATCAGTAATATTTTGTGCCGATTGGTGTGCCGGGACTGGCCCATCGTAAACCATTTGCTTCATTTCAAAAGTCTTAACAACCTGCCATTGTTCGGGGAATTTAATTTCATCCGTACTAAAGAAAACGTAAGGCCCATTATCAGGCACCATGTCGCGTAAAGCAGCAAAATTATCTTCGGTAACACCCGCTAAACCCGCAAACGGCGCAACATCCCTTTGGAAATAAGTAGCATCGCTGTCGCCAACATCAAGATGTTTGCTACCGGTTACAAGGGCATTATAGATGGGGTTATCGAGTACGTGCTGCATATATAGGTTTAACGCGCAAACTTAAAAGTTAATGACAAAATAAACATCATATGCAGATAATTCTTCGACAATAAAAAAGCCCGCGTCATCTCAACCGCGGGCTTAAATCAAATATAAAAATTAATAAATAATTTTTATTGCACTAATACCATGTGCTGGTAAGGCTGCAGGTATAGGCTACTGCCTAAAGTTACCTCAGCATTTGTGAAAGCGTTTTTCCAGCCTGCGCCTGCCAATGCGGGAGGCACGGTATAAGTGGCGTTGTTGCCACGGATGTTAGCTATCACCAAAACCTTTTGTTTATCGTTCGATTTTGTGAACGCGGCCACATTATCGCTGCTGTAAACGGTCAGGTCGCCGGTTTTAACGGCTTCACTGCCGGCGCGGAAGTTTAGGATGCTCTTGTACTCGGCCGTCATATCCGGGTTGGTTGTCCAGTCGATAGGTGTATTATAAAAGAAATCTATCTTTTGTGTGGTGCCTACTTCCTGTCCGTTGTAGATCATCGGTACACCTTTCATATAAGCCGTTACCAGGAATGCTGCCATTGAGCCTGTTTTGCCGCCATAAATATTTACAGGGCTGCCATCGCTCAGGTAAACATCGTGGTTGGTAGTGTACCTAACCACCTGCGAACCCGGCAATGCCGAGGCATATTCGGCAGTGTTAGTGTTTTGCAAAACACTTAATGAGCTGGCTGCATCAAAAACTTTATTCTTCAGGTCTGAGTAATAACCCATCCCATAAACCATTTGGAAACCGGCCTTAAAATGATCGGCGCGGGTACCTTCTGCAAGCATCAGTAGCTTGTGGGTGGTGATGCTTTTCATGGCATCATTGGCTTCTTTCCAAAAATCAAGCGGTACAAAATCGGCGGCATCGCAACGGTAACCATCGATATTGGCGTTGTAAACCCAGTATTTCATGGCGTCTATCATCGCGGCACGCATATCTTTATTGGTATAATCGAGCGCAATTACGTCCGACCAATTGGTGCCTGTGGGAGGGATAAAGTTACCGTTCGCATCCTGCTTGTACCAGCTTTTGTTAGCTGTCCAGGCGTTATCCCAAGAGGTATGGTTTGCAACCCAATCGAGCATTACGGCCATACCCTTCGCGTGCGCGGCATCAACTAAAGCACGCAGGTCATCCAGTGTGCCAAATTCGGTATTTACAGCCTTGTAGTCCTTAACTGAGTAAGGCGAGCCTAAGCCACCTGCAGACTTTACTACCCCTACCGGGTAAATTGGCATCAGGTAAACTACGTTTATACCAAGGGCTTTGATGTTATCAAGCTTGGCGGTTATGCTTTTAAAATCGTGATTTTGGCTGAATGCACGCAGGTTTACCTGGTAAATTGCGGCATCGGTTGTGGCGGGCACACCGGCAAATGGCGTACCGTACTGCGCGTAAGCCGGATCAGTTTTAACGTTGTTATTGCTATCCTTTTTACAAA
NZ_CP133775.1_gap55	3084201	3088237	4036	CGCCTGTTATTAAAATTAATACCGTACAATCCAATGACCGTGTGCTGTTAACGGTAGAAGATAATGGAATTGGCATGGACAAGCGGAGCATGAGTAAAATTTTTGATATCTACGGCAGGATAAATAAGAATGTTGAAGGGCAAGGAATAGGATTGTTTCTCGCAAAAAAAATAGTTAACGCCTCAGGTGGAAATTTTACTGTAGAAAGCGTAGCGGGTAAAGGGAGTAAGTTTATTATATTTTTCAAAGTTCATACGGAACAAAATGCTGTTCTTGTTTAAGCTGATCTGTTATCACTTCAATATTTATTCGGCCGCTCAAGGCTTAAATGCTAATGACAATTTCATTTTATTCAATACAATTTCTAAATCTCTTCAGGGTATTACTATTGTTTAATTTCTTTAAAAAGAGTATATCATCTATCACTTTTTCCACCATTCTGCTGCACTTTTTATTATAGTACCGTATCTCCACGGTACTTGGTCGATTTTGGTTAACTACTGGATAAATAAACTTAGCCTTTAATTGCTTTTGTTTTCCTTATTGGAAATTTATATCTAAATATTTCGATCCTGAATGATTTTATTTATGGTTTATACAAATCAGAAATAAAAAAGTTTCATTTATTTTCTTTAAAATTAAAATACTGTGAATTAAACACTTAAGCCTTAAAATTTCTTTTAAGGAAAAAAAAACTGTGTTTTCTGTAATATACAGGATAAAATAAACAGTGTAAATCAGCGTATAATTGGTCTAATTAATTTAACAATGAGCCCAAAACACTTATGCTGGCACCGCCATGCTTTTTTTTTATTGGTTATAGCGACACTTCCGATTTTATTTTCCTGTAATAAGGGTCCCCTTATTAAGCCAGACAGTTCAATATCAGCAAATGCTATAATGGCTAACTTGGCTACCACGAGTACCGTGGGGACAGGGTCGATTTTACGTGAAGAGTGGGACGGACTTACCGGGAACGACGTGTCAAACATTCCTTTGCAAACCACTCCAACATCCAGCAGCCAATTAACAGCGCTGGAGGGGCCCGTGAATAATGGGAGTAATTATGGCGATAGAATGAGGGGTTATATTTACGCCCCCACAACCGGAAATTATACGTTTTGGATAGCTGGGGACGATGCCGCCGAATTATGGCTTTCACTTGATGACGATCCGGCAAACAAAAAAAATATAGCAAGTACACTCAGCTGGACAAACTTTCAGGAATGGACTAAATTAGCATCGCAAAAATCGGCTTCAATAGCCCTGCAGGCCAACCACAAGTATTATATAGAAGTATTGCACAAGCAAGGCGGCGGCGGTGATAACGTTTCGGTACAATGGACCTTACCTAACAATATCACTGAAACGCCTATACCCGGTTACCGCCTTTCGCCATTCTTGCCAACTTTAGCTACTTCAGCTTACAAGCCGTCAAAAATAATTAACCTTATCGGCGCTCACGATATAACTATAAGCGGCGAATCAATTATCGGGGGCTCGGTACCTGCAATTACGTTAACTAACTGCTACAACATACACATCACACAAAATAAACTATACAACTCCACTGATGTTGGCATTTATCTTTACCAATGTAAAAACATAACCATCGACTATAATTATTTTAACAATGTAAGCAGCGGGGTTTATGCCGAAAAGACGACAAACGGCGGTATCGTTGTAAACTACAACCAATTTTTGAACATGGCTGGCCCTTTTCCGCGCGGTCAGTTTGTACAGTTTAACACCGTAAGCGGTGCTGGCAATTCTATAAGTAACAATAAGGGCGAGAACATTTTCGGGCAAAGTTATCCTGAGGATGCCATTAGCTTGTATCAAAGTAGTGGTACTGCTGCCAGCCCTATTACTATAAATGGCAATTGGATAAGGGGCGGCGGCCCAAGTTCAAGTGGCGGTGGTATTATGCTAGGCGATAATGGGGGTTCATACCTTATAGCATCTAACAATATCCTGGTCGATCCGGGCGAATATGGAATGGCCATAGTCGGCGGCGATCATAATTCCATTATCAATAATACCATTTACGGCAAACAACAATATTTTACAAATGTTGGCCTTTATGTGAACACCATAAACGGATATAAAATCACCAATGGCAATGTTTCAAACAACAAGGTAAATTATTATAACTCATCTAACTACAATAATAATGCATGGTTATCGCCTAATGATGTCAAACCGATAGGCTGGGATGGCAACAGCTGGGGCGCAAAAATTGATGCCTCAATTTTGCCAGCAGTTTTACTGAGTTACCATTAACGTCAATAATTTCCAACAAATTAATTAAATAAACTTAATTTTTTCTTTTAAATTAAAAAACAATCATTTTTTAAATAAAAATTTAACCAAATCTTAGTATCTATGCAAAAGATTTAATTTATTTAAAAATGAGCATGAAAAACTTAAAGTGCAGTGGCTATGCTTTTTTGGTGCCCTTGATCTCATTATTTGCAGTTGCTACATCATGTAACAAGGATTTTTCTCTAAAACCCGACAATGCAACAGCATTAAACGGAAAAATGGTAACTGAGGCCAGTTTCGCGGCGGTTGCTTCAGGGGCAATTTTACATGAACAATGGGATAATGTTACCGGTAATGATGTATCTAATATTCCGGTGCAAACTACTCCAAGCTCGAGCGGGCAGGTATCAACCCTGGAGGGCGCTGTAAATTATGGATCTAATTACGGCGAGCGTTTTAAAGGTTATATTTATCCGCCTATAGATGGGAGCTACACCTTTTGGATAGCCGGCGATGATGCAGCAGAGTTATGGCTGTCAATAGACGATAATTCGGCAAATAAAATAAAAATAGCAAACACCCTTAGCTGGACAAGCTATAAAGAGTGGACCAAATTCACGTCGCAAAAATCGCCTTCAATTGTGCTTAAGGCTAACCATAAGTACTATATTGAAGTTTTACACAAGCAGGGTGGTGGAGACGGTAGTGTTTCTGTAAAGTGTGCCTTGCCCGGTAACACAACGGAAACGTCGATTCCCGGCTCAAGATTCTCTCCTGCGCCCGTTACCATAAGCGGTACTGTTTTACGCGAAGAATGGGATAATATAACTGGTAATGACGTGGCAAATATCCCGGCGCAAACTACTCCAACCTCCAGCAAACAAATAACAACGCTGGAAGAGCAGTTAATTAATGGATCTAATTATGGCGAGCGAATAAGGGGTTACCTCAACCCACCGGTAAATGGAAACTATACTTTTTGGATAGCTGGTGATGATGCCGCCGAATTGTGGCTATCAACCGATGATGACACAAGGCATAAAATAAAAATAGCAAGCACACTTAGCTGGACCAACTTTAGAGAGTGGACGAAATTTCCGTCACAAAAATCGGCTTCCGTTGCTCTTAAGGCTAACGGGAAGTATTATATTGAAGTTTTGCACAAGCAAGGAGGCGGTGGCGATAATGTTTCGGTGCAGTGGATGCTGCCCGATAATACAATGGAAACACCCATTGCGGTTTCAAGGCTATCAACTTATGTAGCAACTGCTGTTACTGCACCAGCTTACGCAACTTCAAACCCAATATATTTGGATGGCGCTCACGATATAACTATAAGCGGAAAGGCTATAAGTGGTGGCAATGTTCCGGCAATTACCTTGATCAATTGCTATAATATACACATCACCCAAAATAAGTTTTACAATTCTACCGATGTGGGCATACACATGCTAAACTGCAAAAACATACTTGTTGATTACAATTATTTTACCAATGTAAGCAGCGGTGTTTATGCCGAACAAATATCGGGCGGCGGAATAGTGGTTAATTACAATCAGTTTTTAAACATGCAAGGGCCACTACCAAGGGGGCAGTTTGTGCAGTTTAATAACGTGAGCGGCCCCAACAACTCAGTTAGCTATAATAGAGGCGAAAATATTCCAAGGCAAAGCTCGACAGAGGATGGCATTAGTATGTATAAAAGTAACGGAAGCGCTGCGAGCCCGATAATTATAAATGGCAACTGGATAAGAGGTGGCGGCCCCAGTTC
NZ_CP133775.1_gap56	3112738	3116530	3792	AGTTAATTATGAAAAGAATTGCCGCCTTTATCCTTTTCTTGACGCCCTTTTTCCTTTATGGCCAGGCGCCGGACGCCGCTTACGTAAAAGCGCTTTACAAAAAATACCCCACCCAACAATCCGACTTCTGCCCTTCCTGTAAATTGTGGGTCAATCCCTATTTCAGGTCTATCGCAGACACCCTGCAACACATGCCTGTACTTACTTTCTACATCTATACAAAAGCGCACCGGTTGGAACAGGAAGCCCTCGACCTGCCCCGGACAGGCATTTATGCGGCATGGCATGCCGCGTACGGACAGCCCGATGAAACAAAGGTTTACCGCAAAGCAAACCGTTTGATCGGAAAACCGAATTCGTCAGAAATGATCGCTAAAGGCCATTGCCAACCATGGATACTGCTTGCATATTCCGCAGATGCGGCCATACTCTCAGACACGTACACCTTTAACGCAGCCATGGAGTACCAGGGGCAGAATATCGGAACAGAATTAGCTACGGAAGACCTTTGCAGGAAACTTACCGGCCACAAAACGGTAGCTGTTACAGACAGCGTCATGATCTGGTGCGGTACTTTCGGCAGCAAGCAGGTTTATTCAAATGGCAAGCTTAACAATACTGTCCCCTCCCATTATTACAAGATCATCCGCTACTACGACGCTAACGTAGGCGGTATCATTCAATTATGCTATTGGATGCCGAATGACCCTGCTGAAAAACGATATGTTCTAAAAAAGAGGGAAATAGTATTTGACCAGCTGGTTCAAAATCTTGGCTTTGACCCGACGCTGATCTTCGGCAATTAGCCTGCTGCTCATCAAATAAATGCGCCATCTAAGGTTGGTATAGCAGTTATTTCTTCACAAGCTCGACTTCGCTAATTGCTACGTTTAATGCCTCAGCTACGTCCGATGCCTTTCTTTCATATCTGCCAAGGGAACACTCCGGCATAACTCGGCCCAGTCCCGCCTTGACAAACCATAAGTGATATAATCCTCGCAAATTTCGTTTTGGTCAGGGTAATCCAGCCAAGTGATAATTCTTTTGTAGTAGACTTTTTGCATTGAAAACAATTTTAGAAATTTGAAGATAAATTTGAAATCAAAAAGTTTTCGTCAATGAGGGAAATTGAACCGCCTTTTGAAATTGAATATCATGGCACCACAAAAGTCACAGAAGCAGAGTGCCTCGTCCTGAATTAGGTTGACCGTTATCCTTCCTGTGCACTTAGTTTACAGTGAAACAGTCTCTTAAAATATTTATTATTACAAGGATTTAACCATTGACGTTATAGTGTGTTTCATTTCCTGAAACCAGTCCATTTCCTGAATATAAAACCAATTACATTTACGATAATGCATATCCTCCCCGCAATAGCATATTGAAGTCTAGGTTTGAAAAAGTACTTTATGGATTAATAAAATTTTCGGTAGTACCGAAATACTTGTCAAAAGACATGGCAAAAACCCGGCATACTTGCAATAATGGATTCTTTTAATTTCAATGAACTTCCCGAAGTAATCCGTCTATTATTCGAAAAAGTCGAAAAGATTGAATTTATGATAATCAATCTGCAGCCCAAAGAAATAGACGAAAATGAACTAATGGACATTACAGAAGCTGCACAGTTTCTGAAGGTCACAGTTGCTTCGCTTTACACTAAAGTAAGTCGCAAAGAAATCCCTGTAAGTAAACCTGGAAAAAGGCTATATTTTAATCGTTCCGAACTTCAAAACTGGATAAAGCTTAGCCGAAAAAAACGTCGTTTCAAATCAACACTGAAGCAAATAATTATCAGAAAAGGAACCAGAAAAAGATTAATCACAATCTAGATAAGTTTAGCTAATATGGTTAACGATAAAAGCGTGTGCAAATACAACACTTAGTACCCGTACATTCTCATCCAGCTTACTTATTAACTCTTAACTTACCAAGATCAAGCTTTATCCTCCCAATCAATTGATACTTGATGAAATAATCATGAACCAAATCTACTATATACGCAACCAGAAGTATTATTAGATTTTGATTTGGCAATATTATATGAAGATCAAAGGTTCTTTAAATTATCATTAGGCATTTCGTCTATCAGTTTACCATAAGGATCAACACCCACGGATACCGGTTTGCCTTTTACAATAAGGGTAATGGTATGATTTCCGCTTTTTAATTTATGCTTTTTTATATATAAGGGGGTCATTAACATCCGCCCGTTTTTGTCCTTGGATGTTGGCCCAAATACAGCCAAATCTATATAATCATTCATGGGGGTAACTACGTAATTGCCTTTTCCCTGCAAATAAGACTTTTCTGCATTTAAATTGATAGTGACTTTGTAATTGTTATTGCCTAATGGGGAGGCTTTGGCGCTTACTATCTTATTGTTATAAAATGTTATTTTCTCCCAGGTATCTTTTAAATAGTATTGCAATGAATCCGGCGTATGCATTTTAAGATAGCGGTAAAGATCATTACTGCCTGCATAAGGCGGGGCTTTTTTAAAGGCATATTCATTTTTAAATGCTTTGAGCGCTGCGTTCATATTTTCGTCGCCGATCAGATCCCGTAACCCATATAATACCTGCGCCGCTTTTGTGTCCCATTCGTACCATTGGTTCGCCTTGATCAGCGAATGTTCTTCTTCTTCCTGGCCGCGGCTGTGCCAGAAAAGATAATTCCCGATCTCATCACGCAGCAACTCTCCAATATTATCTTTACCGTATTTATGTTCCATCAAGACAAAAGCGTCATACTTCGGCAAACCTGTAGAAATGACCTGTGCGCCGACTGTGCTATTGGGTGGTGCCTGAAATATCCACCATTGTCTTGAGATCAGTTTGGATGCATCGAAATAACAATAGTCAAATAAGCCCTTGTAACTAAAATCAGCATTCCAGCCTGTATTTTCATTATAGGTGTTTAAAGTAGGATAGGATGATGAACCGCCGCTGTAAACACTAGTTTCGGCAAGCCGCAGGTCTTTGTAAGGGTACGCGCCATAAACTTTGGAGTAATAACTTAAGCCATCTTTCACCGCTGCCATAAACCGCCCGGTATTGTCCGCGTGGGCCAGGTGATAGTAGATACTTGTTTTCACGTTATGCACGCTGTCGATTTTTAAATTGGCTGATAACACCGCATATTTTGCTGACAAAATTTTAAAAGAGGGATAGGCACGGGGTGCTTGCTGCACGTAATGATAATAGTTACGGCCGTTTTCTTTCCACTCTTTTTGCAACTCGCCCGGGGCGATTGCGATTTGATCGCCGGAAGTGCTGACGGTAATATCCAGCGTATAAATATCTGCTGCGGAACCCATGATCAACCTACTTTTTCCAACGGGATCATCCTGGGGTATTTCTTTGTCTGTTTTTGGGGCAAGCCCATAACGTTTCCGCTCATAATTACTGCCCAATTCTTCGCCTTCATCATAGCCTAACCCCGGTATGCCTCCGCTAAAGTAAGTACCGTTGTTGAGAATATCACCGCTGTAAGAGTTATTCTGAAATCCTTTACATTTTACAACGGAGGTCATTTCAACCACAATAGAATCATGCGGCGCAAGCGCTTTGGCAAAGGTGTAGATCCTAAAATCGGCGGTATCCCTTGCCGGCCTGAACCAGTTAAATTTGCCGCGGCGGTAGGTCAGGGGAACGATATAAGCCATATCTTTTCCGTCACTTTTTAGCGTATAGTCAACGCCTTCGCCATCAAGCAGCATTTGAGCGATTGGCTGATCTGTTTTATTGGTTAAGGTAAAATAGCCGTGTGTTTTAGCTTGCTGCTTATCCG
NZ_CP133775.1_gap57	3126680	3127449	769	ATCCAGTTCTAGTTGCTCCCTGTGCGTTTCTTTAAGTTTGATAGGGTCGACTTGGCTGTGCAGGTCGACTGTTAACAGACCCTGTCTACAGGCTCGTTTAAGGGCATTTCGGAATTTGGCGAAATAGCTGGCAGCAGTATTCCGTGAAATCGGCCGACCACGTCGGCTAATACCCGGTCCGCTGAGCATGAAGTTTTTATAATCATCACACATAAATTCATCAAGGTCATTAAAAATTAAATCATGACCTGCAAAAGCGACAAAATATCGGTAAGACATGGCGTTATTATCACATTCCGAACGGGTTTTGTTACTGATAAATTCTTGAAAAAAATCAACAAAACTGGAACTGCGATCCCGATTGGAGACGAAACCATACTTGCGGTTTTGAATATCTAGCAAACGATTAGCCCGAATATTTTCGATTAGTTCATTTGTTTCGGAGTTATGATTTCTTTCCCAGACATTTGAGGGTTTTGAAAAAAGGAAAATATCGAGATACTCATATCTCTGCGGCTTTCCCGTTTTCGGATTCCGTAACGGCGGTGAAAAATCTAAATAAACAGATTGTCGCCCTTTAGTCAGCGTTTTTTTTCTGATGTGTACTTTGGCCATGAATTATAGCTTCATATTGAAAATTGTATCGAGATCCGATTTAGCGACGTAGGTGTATCGACCTTCCTGAAATTTGAATAGCTCGTGTCTTTTAATCATATTAAAAAGCGTTGATTCTGAAATATTAAAAATCTTCTGGGCTTCTGCCATGGTG
NZ_CP133775.1_gap58	3158844	3162840	3996	CCAACCCTTTGCGAACACCAACACTAAATGAAGAAGACCTTAAAGTACCCTTTAGCGCTGCGATAGGATTAAAACCCGACAATACAAACGCCGGGTAACTTCCAGACAAAACGCTCACAACCATCAGGATACTTAATAACAATGCAAGATGCAATGGCTTAAACACTTCAAATACGATACTTTTACCTGCAAACGTATTAAACGCCGGCATAAGCAGGCAGGCTGCAAATACGGCTATAATTAAAGCGACACCAACCGTTAAAAATGATTCGATAAAAAACTGCGTAATTAACCCGCTTCGGTTAACCCCGTTAACTTTCTTTATACCAATTTCTTTGGCACGTTCAGCAGAACGGGCTGTTGAAAGATTAATAAAGTTGATACAGGCAATTATTAAAACAAATAGGGCGATGGCAGAAAACACACATAGATTTGTAATATTTCCTACTTTACCTGCTTGGTTTTCTCTATCGCTATGCAGATAGATGTCTGTCAGCTTTTCTAAATTATAGTGATGCCTGGTACTTGCCGTATTTGCTTTATGCCTGTCGGCAAAAGCATCAAATTGCTTAGTTAGGTTTTTAGCGTCATAATTTGGTGGCAATACAACATAGGTATAAAAATTATTCGAATACCAGTTAGTAAACATCCAATCGTAACCAGAGTCTTTTTTTATGGCGGTAGCCATAGATACCAAAATATCGAAACTAATATGCGAGTTGGCAGGCAAATCCTTAATTATCCCTGTTACTTTAAGGTTTTCGCCGTTTATTAACAGCGATTTACCAACAGCATCAACCTTACCAAAATATTTGTTTGCAACCGATTCTGTAATTACAATGCACATAGGGTTTACAAGAGCAGTAGCCCCGTTTCCGCTGATCATCGGCAAATCAAAAACTTTAAATATTGCAGGGTCTGCAAAGTATAAGTGCTTTTCTTCAAATAGCTTGTCCTCATATTTCACCAGGGCCTCTCCACTTATAATGCGCACCGCCTGTTTCACCTGCGGAAAATCATTTAACATTAACGGCGCCATTGGCCCGGGGGAACCTGCTCCGTGTTGCGTTAATGCATTAGTTTGCTTGTCATCAACAACCCGGTAAATATCATTGGCTTGCTTATTATATCTATCGTAACTCAGTTCGTTTTCAATGTACAACGACATTAGTATAACCGCAATTAAGCTAACCACTAAACCGCAAATGTTGATAGCCGTAAAGATTTTGGTACGAATCAAATTCTTAAAAGCGAATTTTAATTGATTGATAATCATATATTTAATACTATTAAATCAAGCTGTAAAACCAATTCAACTAACTTAATGCCAATTTACAAATAACTTATTATCAATTAGTTATAAAAAAAATAAAAATAAGTACTGTGCAAAAACGTACATATTGTGTGCGAAGACGATACAAAAAAAGGCGGATATCCTTTCAGATATCCGCCTTCAAAATAAATTATTCTTGCTTACAGCGTTGCAATATCAATTACAAAACGGTAGCGTACATCACCTTTTACCATACGTTCGTAAGCATTGCTGATGTCTTTAATGTCTATCATTTCAATATCTGAAACTATGCCATGCTCAGCGCAAAAATCAAGCATTTCCTGAGTTTCGGCAATACCGCCAATACCCGAACCGGCAAGGCTTTTACGGCCGCCCAGTAGGCTAAACGCAGCTACTTTTGCAGGCTCTGATGGTACACCCACGCAAATCATGGTACCGTTGGTACGTAACAGGCTTAGGTACATGTTAAAATCGTGCTCGGCAGATACTGTGTCCAATATAAAATCGAATGTGCCTGTAGCAGCTTTGATCTGCTCAGGGTCGCTGGTTACCACAAAGTGGTGTGCGCCTAATTTTTTTGCATCTTCTTCTTTCTTTGGCGAAGTACTCAATACCGTAACCTCGGCACCAAAAGCAACACCAAATTTAACAGCCATGTGGCCAAGCCCGCCTAAACCTAATACGGCTAATTTGTGGCCTTTTCCAACTTTCCAATGCCTAAGTGGCGAATAAGTGGTGATACCGGCACACAATAAAGGCGCGGTGGCGGCAAGGTCAAGCTTATCTGAAATGTGCAGTACAAACTCTTCGCGCACTACAATGCTATTACTATAACCACCGTAAGTAGGTGATGAACCATCGCGCTCCATACCGTTGTAGGTTGCAGTATTACCTTCCAGGCAGTATTGCTCCAGATCCTGCTTGCAGTTTTCGCAAACCTGGCAAGAATCTACCATACAGCCGGTACCGGCAAGGTCGCCAACTTTAAAGTTTTTAACGTGGTCGCCTACCTTGGTAACACGGCCAACAATTTCGTGACCAGGCACCATCGGGAAAATTCCCGGGAACCAATCGTTTTTTATCTGGTGAAGATCTGAGTGGCAAACGCCACAAAATAGAATTTCGAATTGCACATCATGAGGGCCAACGTCGCGGCGCTGAAAGTCCCATGGTGCAAGGTCGGTTTGCGGGTCTAGTGCCGCGTATCCTTTTACTGGTATCATGTTTTTTTTGGTTTTTATTGTTAGTTTTTCACTGCGTCAAATATGAGCAGATTATGTATCTGTTCGTGTAATTTCCCTGTAATAATATCGGGCTTAATGGAAATCCCTTATACCCTCCATATTTATCATTTCTTGGTTTACCAGGTCCACATTTTTTTTAACGCCTGTAATTTGCATCACTACGCTTAGGCCAGCCGGAGATTTATAAAGCTCCAATCGCTTGCCTGTCGACTTGTTTTAATACTCCCGTTCGAAACCGATAATGCCACCGCACAGTACCGACATTAACATGCTGATGATATCCGGCAGTTCAATTGAGAAACCCATATTGCAGCAACACAAAAAGCGGCGAGTTGTTCAATCTCATTTTAAGAAGCAAGCAACTTCCTCTATTGGGGAAAGAATTTTTTAAAATCCGGTATTGGTTCATCGCTTAATTCTTCCAGGCTGCCCACCAGGCCATAGTCCGCATTGTTTACCACCACATCTATCTTACCAAACAGGCTGATGGTTTGGCTGATGGCATCGTTAACACTTTTTTCATCGGTGATGTTTACTGCCAATGGTAAAAAGCTTTCTGCTTTATCTACTGCATTTGCAAGGTCGGCTATGTTGCGCGATGTTGCGGCACGTTGTAGCCTTTTTCTAATAATTGTTTTACGAGGCTTAACCCCAGGCCTTTTAAGGCACCGGTTACAAACCATACTTTTTAATTATTCATTGTTTTAGTTTTTGTTGGATATTTGATTGTTTTTTCGTGTGCTATTTCAGGTAGATAGGGTGCTTTTTGAAGGCATGCCAAAGGCGTTTCAAAGTCGGTTTTTGGTGATTTTGAGACGGTTTTTGGTCTTTTTTTTAGGTAAAAATTACAAAATTCAAACAATTACAACCGACTTGAATTTATGCCCCATAAGCCATTGCCTTGCTTAATTCTTCGTTAAAGCAGAACTCCTTTTCCAGTTTCTCTAATTGTACCATGGCACGGTCATAGGCATCGGCACCTAAGAGTAAATGCAGTGGCGGGTTTTCGTCGTACGCTACGTTGATGATGGCTGTGGCGGCCTTTTCAGGGTCGCCGGCTTGCTGGCCGTGGTAACCCAGGTATTTGTTTAATGACGCGCCAACCACTTTGTAATCTTCAATGCGGTTTTTTGCGATGGCGAGTGATTCCTGCGTTAAAAAGCTGGTACGGAATGCGCCCGGAGCCACTACGGTAACCTTTACGCCAAACTCGCGCACATCCTCGGCCAAAACAGTGGATAGCCCTTCTACAGCGAATTTTGTAGCCGCGTAAACCGACCACCCAATGCCCGGTGCAAAGCCGGCGATAGAGGAGATGTTAATGATGTGGCCGCACTGCTGGTAGCGCATATAAGGCATAACCATACGAATAACGTTTAGCGTGCCAAATACATTAACATCAAAACTACTGCGGCTTTCCTGATCGGTAAGTTCTTCGATGCTACCGCCAATGCCGTA
NZ_CP133775.1_gap59	3185087	3189641	4554	CTGCCTCAACTTTTGATTTACGCAGTTCTTTAAGTTTTTCGATATACTCATCCCCCCTGAATTTCGCGGGGTCTTCAACGGATGATTTGAATAATAGCGGGGCCGGTTTAAAACGATAAAATCTCATGGTGTGGGTTTGGATTAGGTTGTTGTATTCGCATTAATAACTAATGCACAGCAATTTAGCACAAAAAGCAATAAAAAGGAAAAGAGTATTTACTCTCCTCTGCTTATTTTTATAAATACTATTGATAAAATGGGTTTCCGTCGGGGGGGGTGTCCATCCGTTACCCTATAGATCACGTCTGTTAGGGTATTAAAAATATTTTCAGCACCATCCACCATATAGTGGTAAAGATCTTCGAATGCTTTGCCGATGTCGTCAAAAATGCTCATGATAGTTAGGGTTGTGGCTTAGTAAATATATAATTTAAAAAGCACTAAAGTACGTGGACAGGCAAAAGCTGCCAAGGCCAGTTTGGGCTTATTAAAAGGGGGTATCTCAGCTTTTTTAATGGTAGAATTAATACGGACCATCAACCTGCACAGTAACCAGGTCGAGGCTTTCGAAAGTAAGGTTAACCGACCTGTTCCCGTTTGGGCGGGTGCGATGTATTGTATATTTAGGAATGGTAAAAAGCTGATTTTGGAATAATTCGATTGTTTTATCTTCCAAATCGATGAATATAGAGCCCGCTATCACCAGGAAGCTCTCATCTTAATTTGGATGGAAATGCCAGTAGTAGGCCTCTGTCATCACACTCATCCTCACAACATGGTTGTTTACCAGCGCAACCGGGAAATTCTTGTAAACATTTGTCGCGGAGTTTTGGGCGATATCAATTACGGTAAGGTTTTGGGCGTCCATGGCTTGAGGGATCTAATCCTAAAGGTCGACAAAAACCGATAATTAATATGGCAGTAAGAGAGAATAATTAAGCTTATGGATTATATTTCCAGCATCCGGTGCTGCAAAATACCAACTACGTAAGGCGATACAATTTTGATAGTATGCTCTACATTAAGCGGAATTTCCAGAAAGCTGCCGCCATACAGGTGAAAGGTATCCTCACCAACAGTACACACGCATTCGCCTTTCAGGATGAAGAAACTTTCGATCAGATCGCCGTGGGTTTCCTCGGGAACATCACATTTGGTTACTACCAATACTTGTGATACTAGCGGCGAATTAGTTAAAACCTCGGCAAAAATATCCTGATCAGGATTTTCCGGGATCAGGTGCTTCAATGCTTCTATCCATTGCAGGTGGTTGGCATCCGCATTGGTTAAAGGAAGGTTATTCAGATCTAAAGCAGGTAAGGCATCAGCAAAACCAAGGGAAGCAAGCAACCTGTTTTTTGAATGATCTGATGGAGCGATGGCAGTTAAAGCGGCTAATTTTTCAACAGCAACTTCAATAGCGTTTAGTTCCGCTTTTACTTCGGGATATAGCAAGCTCAAGCGAACAACATCTTGCTGATCTTCGCTGTTTAGCAACCCTAGGATATACTCCTCCAGGATGCCACTTTCTATATATCGTTTAATCTCCATTAATTACCAAGGTACGCCAATGTTATATTGATACAAATATAAGTATTTGGCAATTAGTATTTTTTTCATTCTTAACCGTTTTAAGAGTAAATTATTCGAACAAGTTGTGCCGGTTTTATTCGCAAAAAAACCCCGGAAATAACTCCCGGGTCAACCTAAACCAATTATTACCTGTAAACTATCCTTCATCATCATAAAAGCCCGGCGCAATGGCTAGGGCCGCGCTTACACCACCAAAAAAATTAGCGGTGTGCAATGGATCGCCATCGTAATAAAAGACCCCGGCACCTGCATCAAATATGGTGGCATTTGTGTTCAGGAAATTCTCGTTACCTGGTAAGGTGGGGTCAAAGCCGCTGCCGGGGTTAAACTGCCTGCCGTTCAAATTGATGGTCAACTATATCATAAAACACGAAAAGCCGCATGATCATGCGGCCTCTTTATTATAGTTTCTTATAAAAAGATCAATCTATCCCCTTCCAAACTTCCTCATCACCCATTGCAAACTTGTATACACATAACATCCCACACAAAACCCACTGAACGATTCCAGGAAGGCGAAAATGCATAACAACACAGTAAGGGGCAACAATACTACCGCCCACTCTGCAATAGTAGCTATTAGGATAATGGATACAAAAGTTAAGCCCATCCCGGCTGCAAAACGTTTTGGGCCGCGGTCGGTAGGTTTGTAGGGGATCTTGAAACGGAATACCAGCCTGTCGGCTAACCAGCCCAGCGGGCTGTATTTTTGCTTGTTAAAGGTCCGTGTGAAAAAGTCGAACACCAATAGGATGATGAGCAAACTATAGCTTGTAAACAAAAAGAACAAGCCCAGCACCAATACCAGCAAGGCAATCATTCTAACTTTATTTTCGTTCACTTTTACATGGTCTACCGGGCATTGCAGGTCGTTATTCATTATATTTAATTAATAGGTACTAAACTTAGCGTAAAAATAAACATATGTGTTTATAATGTTAAATAATGTAAAATAAGTGTGTCATTTTTGTAACACATTTATTAGTTAGTATATTTATCAGATAATGCTTTGCAATGGTTGGCAAAGTGTTTACTTAACCATATTGTTGTTGCTTATAGGATTTCCCCCGCCTAAACTCGTTACCTTATCAATTCACAATATTAAAAAATGAAAAGCACAACACAATCTATTTTATTTAAGCCGATACTTTTAGTACTGCTCATCATCAGCAGCTTTACAACAGCCCGTGGCCAATTATCGGCATCTATGCCATACCGCGCCCCAAGGCCAGATACCACCACCCAGCCCCTGCCATTTACCGAAGCTAAAGAAACTGCCTACGCCGCCACTACCGCCACTAATATTTTTGATGACGATGATGATAACAAACTACAAAAAACCATCTCGCTAAACCTGAACAAAACCCAGGAACGCAAGCAGCTAATGGGTTACCTAAAACAGCTTGAATTAGGCAACTCCGTAGCCGAGAACGAAAAAAACAATAAAGCACTATACCGCTTCGCAAACCTTTTTGCAAGGTTAAAATTGTACCCGCTGGCTATGAAATGCTTTTTTAAAACCATTGATAAGGCAAATAAAAAAGCAAGAAAAACCGAGATCCATTTAGCTGATGGCGATGATGATGTTAATATTAACGAATTGCCCATTAACGCCAAAGATGATTCGCTGCTTAACGCGCAAAACGAAGTTTTAAAAAGATCGAAAAGCAAATACACAAACTATAAACGTATTGCGGGCACCTTTAACGATGGTAAGCCAACTGTGGCTTACGCCTTACTTTTCCACGTAAAGCAGCCGGTATCGGGTAAACCACAAGTGTTTAAATTCAGCAATACAGGGCATACTTTTATTACGCTGATAAAATATAATTCCGATTCTACCTATGTATCATGCTCTTTCGGTTTCTATCCAAAAAAAGAAAAAATACTGTTTGCCACTCCGTGGGACCCATCTGCCGAAGGGCAACTGAAGGATGATGCCAGCCACCAATGGGATGAAGTGGTTGGGAAATTTATTTCTAAAAAGAGTTTTGAACGAATCCTGAACCTCACCAAAAAATACAGCGACTTAGATTATCATCTGAGTAATAACAACTGTACAGATTTTTGCCTGCAGGCCGCTTCTATGGCCGGTTTAAATATCACCAAAACCAAGGATAAATGGCCTTTAGGTTATGGTGCCAACCCGGGTACAACGGGCCAAAGCATTATTAATGGCGGCTATAACAATACCGATAAGCAGCCCAGTACCAATATATTCAAAAGCCTGAATATTGACGCTCTGATAAAATAATTACCTCCCCGCCGCCCAAAAAATAGCGTTGCTGAACAGCCTGGTGTAAGCCGGGTTATTAAACAGGTTTGGCGAATGCCCCATAAAAATATAAACGTTTCGTGCGTTATAATGCTCATTCGTCCACACTATGGGATGGTCGCCCATGGTAACTTTGGTTTGTTTGGGCTGATAGGTTGCTTCATCCACACTGGCCAGCACATGTACGTTTGGCCTTGGGCTTTTATCATAAGTGTACCACTCCTCCTGCTGGATAATAAACGATTGGGGTACGCCTTTCATCACGGGGTGTTGCTTGTCTTCTACATTCACAGTTCCTTTCGCAAAAGTTTCGATATAATCCTTCCACCTTATGCCACCCATAAATTGCGAGAACCAATCCCACATAGGGTAGCCATCAAACTCGCCCAGTAATGTAGCATGATGAAAGCCTATCCATCCCCCCCTGCCCTCGTTAATGTATTGCTCAAACGCGGCGGCGGCTTTCGGTTTCCAGGCGTAAGGGGCATAATCCAGTTGGATGAAGAGTTGGTAATTGGCTAAGAAAGCGCTGTCGATCTTATCAGTATTCTGAATATAATTGATAGTAAATCCCTTTTTGGCTGCGAGTTGATTTAGCCACAGTTTCGCGTGTTTGGAGTACTCCACGTGGTGGCCGCCGTTCTCGTACAATGCAAGCACTTTAAACGGTTTAATTTTTTGCGCGC
NZ_CP133775.1_gap60	3205174	3209042	3868	TCAGAGAAGTTATTGACAAAGTTTAGCGGGTTTTGAATTTCATGGGCAATGCCGGCGGTAAGTTCACCTAAGGATGCCAGTTTTTCCTGCTGGATCAATTGTGCCTGGGTGGCTTGCAGTTCTTTTACAGTTTCTTGTAGTTCGTTACGTTGCTTGGTGATCTCGGTGGTACGCTCGGCAACTAAAATTTCCAGTTCATCTTTACGCTCGCTGATGCGTTTGAGTTCGCTTTGTTGTTTTTTAGAAGTTGCTACGCGAAGGAAGATCCAACCGAAGGAAGCCAATTGTGCACTCTCAAAAAAGTTATCGTATTTGTTGTAGAACTTAATGTTTATCAGCGCTGTTAAATTGGCTATTAAGGCTATCGCGATTAACGGGTAATGTGCGTTTATCAATACACCAAACCCTTTAAAATCGGGTTCCTTGTTAAAGAAAAGCACCACACCCAATAATACCATGGCGATGATTATACCGTTTATTTCATCCCTCGGAACAAGGTTATTTACCAAAAAATATAAACCAATGGCGCTCAAAGTAATGCCATAGAGCGGCGTATTCCATTTTGGCGCTATAGGTAATAGCTTTATGGACCTGCGCAGGCGTATAGCAAGCAATAACAGCGCGGCATAGATAAAAAAATACATACCTTGATAATGGTTAAAGTTTAAAAACTAAGGTAATTATTATTGCTGAACAACGTAAATGTATCGCTTAAAACTTAACAAAGTGTACCACAACCTGCAGTACAATATTGCCGTACACGCCGGCCAGCACATCATCCATCATAACACCTGTGCCGCCCGGCAGGGCTTCCATTTTACGGATACCCAATGGTTTTACAATATCAAAAAAGCGGAACAGCACCAGGCCTATCAACAGGTAATACAAATTTGGCGGGATAAATAGCATGGTTACCAGCATGCCGGCAACTTCGTCTATCACCACGCGGTAGCTGTCTTTTCCCCAGGCGGGTTCTACTTTGTCGCCAACGTAAATGCCTAACAGGGTTATGATAATGGTAACGCCTAACAAATACAGCGGACTATGCATATCAGACCGCCACAAAAGCCAGATGAACGGGCAGGTAACAATAGCGGCAAGCGTGCCCCCACCCTTTACGTAGCCAATACCAAATATAGATGCGATGAGTTTATTCATTATTAAAAATTAACCATGTCATTGCAAGCGATAGCGCGGCAACCTCATAGGATATGCAGATATGCTGAGATTGCCGCGTCGCTACGCTCCTCGCAATAACATGCTGTTTTATTGTTTAGCCCAATTAGCTTTTATCTAACACGCCCTCGGCCTCTTCGGCTATTTCGGGTTTGATGATGTTCTTTTTAGGGAAATTAAACAGGATTGACGTAATTACCGGAATAATAAACACTGCCACCGTAAATATCGATACAGCGATATCTGCAGTCTCGCCTTCCATAAATTTGGAGAAACCTGCCTCCGGAAAGAAATGCACATACAGTGAAGCCGTAAGCTTGATACCCAACACACCTATCACCATAAAGGCGACTGTTTCCAGGAAGGTAAATTTTTCCATCAGTTTCACAAAAGCCTGCGCTACAAAACGCATAGCCAAAATACCGATGAACACCCCGGTATAGATCAAAAATACGTGATCTGTAAAGGCCACGGCAGCAAATACGTTATCTATCGAGAAGGCTAAATCCATCAGCTCTACCAATGCCACGGTTGCCCAAAAGGTACCGATAAGCCCAACGGTTGATTTGTACAGCCAATTCTTGTTCTTATCTACCGATTCATCGCCGCCATCGGCATGTTTTTTAGCAAGCTTGCCTTTAAAATAATCGAACGCCAGATAAAGCAGATACAAGCCGCCTAATGGCTTTAACCACCAGATTTTCACCAGCCACGCGGCCAGGAACAAACATACCCCACGCAGCACGTAAGCGCCAATGATACCATAACGTAAAGCACGGCTCCGCTGCTCCTTAGGCAGGTCGATAACCATAGTAGCCAGCACCGCGGCATTATCTACCGAGAGCAGGCTTTCTATAACGATCAGGTTTAAGACAATTAGCAAGCCTGCCTTTATATCTTCACCAAGTAAGGTGTGTAAAAAATCCATTGTGTTTAGTTTAAAGTATATCGGTGTTTAACATCGTTTTTAAAATATTAGCCTGCACGTCAAACGCGTTCATGTGTGCCATAAAGTTCACATCAGATATCTTTTTATAGTCCTCGGCCAGCAGGGCCGTAATGTTTTCTGGCAGGTTGGTTTTTATTAAACCGGCCTTGCCTGTTAGCTGCACGTTCTTATCGCGTAGTTCGCGCATTATGCGCTCGCGTTTGCTCACGGTGTTCTTCAGGTCAATATCGCCCAGTTTGGCTACATCGCAAAACAGCAAAACATTGTTCAGCGGCGAAAACAGGAAATATTTGTTTACATCCGCGAAGCGATAAACCTCCAGTACAATATCGTTTGCCCTTACGCCGCAGTAAAACTCGATCTTAAAATCGTACTTGCAAAGGCTGCCCATAAGCTTACGCTGTATGGTGGCATATTCATTTGAGTAAACATCAGCCGGGTTATAAACCAGCAGCTCGTAAACCAGCTCGGTAGAGATGCTGTAAAAGTAATCGGCCGAAAAATGCGCGCTAAACTTATTGATATTTGCCGCGAACGGGTACTCCGCCGAGTTATCTGAAAGTACCTGGAACAGTTTGCGTAACGATTGGCTCATTTTTAGCGCCTGCCGCTGTTTATCGTTCACATAACTTTGTTCGCTATATGCCGAACCTTCCATCTGCTCTATCAGCTGGTGGTTTAGGTGTACTTCATCAAGCAGCAGGTCGGCCCGGGCCTCATTGTTCTTTTTGATCTTCTTAAGCAGATCAATAAGGGTTTGTGTAAACTGGAGATGAAACATCTCCAGTTGGTTAATATCAAGTTCGGGGTTGGTTTGAAACAGCTGGTGCAGAACTTGTGTACGCAGGTAAATCCTATAAATAACGTCGTTATTAAAAAAAACCGATAGCAGCTGTAATTTGCTGATATCACGCGTGGACGCATTTAATATGTTTAGCCTGTTTTCATCCATATGCCAATTAACGTGTATTGGTCACATTCTTTTTCAACTCAGTTTCTAAAGTTTGCAACTCCGTATTAAGCGTTTTCCTGTTTTGTGTCCCCTCGTCATGGATGCGTTTAACCTCGGTTAAAGTCTCAATTAACGATTGTGTGGTACGTTTTAAAGTATCCAAAGATACCACAGTTTTCTCATTTTCGCGGGCAACATCTATGCTGTTTGTTTTTAACAGCTCGGCGTTTTTTAGCAAAATGGTATTTGTAGTGTCCGAGATCTTTTTCTGCATCTCTACATTGGCCTTTTGCCTGTTCAAAGCCACGGCAATGGTGAGCTGGTTTTTCCAAACCGGGATGGTGGTAGATACTATCGACTGCGCCTTTTCTGCAATGGTGGTATTGTTGTTTTGCACCAAGCGGATCTGGGCAAGCGATTGCAGCATAATAAAGCGCACCACCTTTAAATCGGCAAGGCGTTTATCCAAACGGTTCACGTAATCGCGCAGGTCGGCAATCTCGTAATCCTGGTAGGCAGATGGGTTGCCGTCCATTACCGCCAATTGCTCGTTTAGTTCCGCATAGCGTAACTGGCCGGCAATAATAAGCTCTTCCATCTGGTGGATGTAGTCTACATTGCTATCAAACATGGTTTGCAGCGATGCATTATCTTTAATGGAGTTTACGCGGCCCGCTTTTATTTTATTGGTGATCTTGTCAACGTTGTTAACCACCAGGTCGTACTTGGCAAACATCTTTTTGGTATCCATAACCAGGGTACGCAAAAGTGGGATGCGGGATATGATCCTT
NZ_CP133775.1_gap61	3324586	3328385	3799	AAACCTTAAATGGACACTTATCGAAAATAAATTGATGAAGGAAAACAACATCGATATTAAATACGAGGAAGTGTTTGAATTTGCAAAAGGCAGTTTAGACCAGCAGTTCCGTATGTACAGCCCACAGGCATTAACAGAAGAGCAGTTAGGCCAGTACACTGTACAATACCTTCAAAATAAAGAAAATGCTAACAAGGTATTTGAGCAAGTAAAAGCGCTTAAGGTGTTTGATTACATTAAGAGTGTTATTACGCTTGATAATAAAGAGATCCTGTTCTCTGATTTTAACAAGCTTACTGCATAAACAGTAAAGTTCAAATAACATAATTTACCAAAAGCATTTGCCCAACAGCAAGTGCTTTTGTGCTATAAGAGCAGCCCCGACAGCCCCACCCAAACCCTCCCCGGAAGGGAGGGCTTAAGATTTTTTTAAGTCTCGCCTTCCGGGGGAGACTTAAAGGGGGCTGGTGGGGCTACTTTTTTTTACTTTCAAAAAACTAAATAGTATAAAATCTATTCAACTAAAAACTATATTTATTGCGGGTAAGCGCCCGCTCTACAACAACTAAAATAACATACACATGAACAGTAATCCAGATAAAAACGAATTCAGAAAATATGCTGTTAAACATCACCGTATCAGCAGTACTTATGTAGACAGGTTTATTGGCGGTGTAAACCGTAACAGTATGCCAACAGGTATTGTAACCCCGCCAATGGGTTATACGCCTTATATTATAGAAGAGCGCCAGTTAAATATTTCGCAGTTAGACGTGTTTTCGCGTTTAATGATGGACCGTATCATTTTCCTGGGCGACCCTATTTACGACCAAAACGCTAACGTTATCCAGGCACAATTGTTATTCCTGCAATCTGCCGATGCAAAACGCGATATCCAGCTTTACATTAACTCACCGGGTGGTTCGGTTTATGCAGGTTTAGGTATTTATGATACTATGCAATTGATCTCAAACGATGTAGCTACTATCTGTACAGGTATGGCAGCATCAATGGGTGCGGTATTATTATGCGCCGGTGCAGAAGGCAAACGTGCCGCGTTACCACACTCACGGGTAATGATCCACCAGCCATCAGGCGGTGCACAGGGCCAGCAATCTGACATAGAGATCTCTTACCACGAGATCACAAAATTGAAAAAAGAATTATACCAGATCATTGCTGACCACAGCGGTGCATCATACGACAAAGTTTACGCGGCATCAGATCGTGATTATTGGATGATTGCCGAAGAAGCCAAAGAATTTGGTATGATAGACGAAATATTAAAAGGGAATAAAACAAAAGCAAAATAAATTTATTAGTAGTGATAATTGATCAGGCTGAGTTTACGGAAGGTACTATACCAGTCAAACAATCAGCTTGATCATTACTTACTTAAAATTGGTTTATACGAAGCCAAATTCCTATTTTTGAATAAAGTATACAAAAGATGAATAAGAACAGCAAGGAGATCAGGTGCTCGTTTTGTGGCGCCGGCAAGCAGGATTCCCTGATGCTGATTGCCGGTTTGGACGCACACATTTGTGATAAATGTGTAGACCAGGCAAACGAGATACTGGCAGAAGAATTAAAGGTGCGCAAAGTAAAAGCGGCACCGGCAATACCTTCTATGCTTAAACCAGCCGAAATAAAAGCCCACCTCGACCAATACATCATAGGCCAGGACGATGCCAAAAAGGTATTGTCGGTAGCTGTATATAACCACTACAAAAGGTTAAACCAGCGTATTGATAAGGATGAGGTAGAGATCGAAAAATCGAACATCATTATGGTGGGCGAAACCGGTACAGGTAAAACTCTGCTGGCTAAAACGCTTGCTAAAGTGCTTAATGTTCCGTTTTGTATTTGTGATGCTACGGTATTAACAGAGGCTGGTTACGTAGGCGAGGACGTGGAAAGTATTCTTACCCGTTTACTGCAGTCGGCAGATTACGACGTGAATACTGCCGAGCGTGGTATAGTATATATTGATGAGGTTGATAAAATTGCCCGCAAAAGCGATAACGCATCCATCACCCGCGATGTAAGCGGCGAAGGTGTGCAACAGGCTTTATTGAAGATCTTGGAGGGTACAATGGTCAACGTACCACCACAAGGTGGCCGTAAGCACCCGGATCAAAAAATGATAACGGTAAATACCAATAACATCTTGTTCATTTGCGGTGGCGCTTTTGATAGCATCGAGAAAAAGATAGCTAACCGCTTGCGTACCCAAACAGTTGGTTACAAAATGAAACGCGACGACAGCGAGATTGATATGAAGAACCTGTACAAGTACATTACTCCGCAGGATCTGAAATCGTTTGGTTTAATACCCGAGCTAATAGGCCGTTTACCGATATTAACTTACCTGAACCCGCTTGACCGCGAAGCATTGCATAATATCCTGACCGAGCCTAAAAACTCGTTACTTAAACAGTACAAAAAACTGTTTGAATATGAAGGTGTAAAGCTTGATTTTGATACTGATGTGCTTGATTTTATTGTTGATAAGGCAATGGAGTTTAAACTTGGCGCGCGTGGCTTACGCTCGATATGTGAGGCTATCATGATTGATGCGATGTTCGAATTCCCGTCCAAAAAAGATGTGAAGCGTTTGAACGTAACTTTAGCGTACGCGAGAGACAAATTTGAGAAGAGCGACCTTAAAAAGTTAAAGGTAGCTTAACATTAATTTGATAGTATAAGATTATTTTCGTACATTACACACTAACCCTGGTGATATCCACCGGGGTTTGCTGTATAAAAAGGTTTTATAACCTTAAATTATATACACATACACACAAAAAAGAGGAAAAAAAGATGAACGAAGAATTAGACGTAAAAAAAGACGACAACACAAACCCCGCAAAGAAAATTAAAGAAGTTTCAACCCCGGTAAAATCGGGCTTAAAAACTAAAGAAGCCATAGTGGCCAACTGGCTGCCGCGATATACCGGCCGCCCGCTTGATGCCTTTGGCGAATATATCATCCTGACCAATTTCTCCAAATACCTACATCTGTTTTCTGAATGGCATAATAATGAGCCTATTATGGGCTTAGATAAACCAATGCAAAGCGTAACAGCCGATGGTATCACTATTATCAACTTTGGAATGGGGAGCTCGGTAGCCGCCACGGTAATGGATCTTCTTACAGCTATTCACCCTAAAGCGGTAATATTTTTAGGCAAGTGCGGCGGCTTAAAAAAGAAGAATAACGTAGGCGATCTGATCCTGCCAATAGCCGCTATAAGGGGCGAGGGTACATCAAACGATTATTTACCTGCAGAAGTACCTGCACTACCTGCATTTGCCCTTCAAAAGGCAATTTCCACCACCATTCGCGACCAGGCACGTGATTATTGGACTGGCACCTGTTACACCACCAACCGTCGCGTTTGGGAGCATGATAAAGAGTTTAAAAAGTATTTAAAAAGCCTGCGCGCCATGGCGGTAGATATGGAAACAGCAACCATCTTTACCACCGGCTTCGCCAACAAGATCCCGACCGGAGCATTACTGCTGGTATCAGATCAGCCGATGATCCCGGAGGGCGTAAAGACCGCCGAAAGCGACAGCAACGTAACTACCCAATACGTAGAAACCCACCTGCGGGTAGGTATCGAATCGTTAAAGCAACTGATAAACGGTGGCTTGACGGTTAAGCACCTGAAGTTTTAGGGGTTAGTGAATGGTGAGTGGTTTGAACCTTTTTGAAATCTATGTCAAATACTCACTTAATCAACCACTCACTATTCACCATTAATTGCTAATTTTGGCGCCTATCCTGTTAAGT
NZ_CP133775.1_gap62	3329447	3331946	2499	GATTGCGAAAAAACTGTTTTGGAGGCTATCAATACCATCAAATCACTTAACATCAGCCAGATCCCGGTTACCCAAAAAGGTATGGTGATCGGCAAAATTACCGAAAGCGATATACTGGATTCGCTGATAGAGAACCCGGGCATCAAATCGCAACCCGTTAAAAATATCTCAACCGCGCCATTCCCTTTTATCGACCTGAATACTTCTATCGATAAAATTTCGGGCATGATCAATAAGGATAATATTGCCGTATTGGTTGAGGATGATAATGGTAAAATAGAGATCATCACCCAGTACGATATCATTAACGCGATATCGGCTTAACAGGCTGAATCAAAAGATATAAAGAGAGACGCGATACTTCGCGTCTCTCTTTGTTTATATTAGTTTTTCACCCTGTTAAACATAGTGCAGATCAGATACTTCACTCATTCAAAACAAGAGCCCTGTAACTTTAATTTGTCCTTATCGCCTCTACCGGGTCAAGCCTTGAAGCAAACCAGGCGGGAACGATGCCAGATATCATACCGATGGCAACCGAGATACCGATACCAAATATGATGTTGCCCATATCAAGCACCACTTCAATACCGGATGCTGCCTTAACGCCGAGGGTACCCAAATACACCAGCAACAGGCCTATAACCCCTCCCATCAGGCATAATGATATGGCTTCTATCAAAAATTGAAGCAGGATAAAGTAATTTTTAGCCCCTAATGACTTTTGGATGCCGATGATATTGGTACGCTCTTTAACCGATACAAACATGATGTTGGCTATACCAAAACCACCTACCAGTATGGAGAAACCACCAATGATGGCGCCGGCTACATTTACAATACCAAATAACTGGTCGAGCTGGTTGGTAAGGATGGTTGATTTATTTAACGAAAAATCATCCTCGCCACCGGGGCGGATACTGTGGATAGAACGCATCAAACCGCGTACTTCACTTTCTACCTCTATATCGCTCAGGTTATCCTGGCCACGCACAACTATCTGCGGGTTATATTTCTCGTTCTCAATGTCGATAACGTTTTTGGCGAAGTTAAGCGGCAGCAAGATCTGGTTATCGCTGGTGATGCCTAATATATCTTTACCCTCTTTGGCAAAAACACCAATAATGGTAACCTTACGGCCCATAATTTTTATTTGCTTGCCCACACCCGTACCTCCCGGGAAAAGCGCGTCGGCAATATCAGCGCCAATAATGGTAACCGGTGCGCCCGTGCGCGATTCGATATCGGTAAAGTACCTGCCATCCTGAAAATCAAAATTCCATGTTTTATCATGATCGTGAGATACGGCATCTATCTGCGCGCCATCAACCGTATTACTTAGGTATTTGACGGTGCGGTTATCAATGCTAATTTCGTAAGAAAGGGCTTTTGCAGTTTGGCTACGGCGGCTTAACTGGTCAAAATCTCGCAGCTTAGGTACCGGGCGCTGCATATATTTCCACCAAGGGAAGTTATCCTCCCCTACCCATGGCCATTTTTGCACATAAATACTGTTACTGCCCAGCTTATTAACGCTTTTTTGCAGGTTGTTCCGCAACGTGTCAACTGCCGAAAATACCGCTATAATGGTAAAAATACCAATGGTTACGCCCAATAATGATAGCATGGTACGCAGCTTGTTTTGCCTAAGCGCATCGTACGCAAACAAAAAACTTTCGCGGATAAGTTTAAGTAATATCATATCGTTATTTTGATGTAACCGGGTGATTGATTCGCCTTGTTTAAAACAGTATTTGTTAGACGGTGTTAAACTATTTAAGTTACAGTAATTTTCACTTTTACTATTAACTATGTAGCCGTATCAAAAAAAGCGTGGAAAATAACAAATATTCCGTACATTTGCGCCCTGAAAATTCATATATATAAGCATGAAATTATCTCAATTTAAATTCAATTTACCCGAATCGTTAATTGCTCATTCTCCGTCAGATATCCGCGACGAATCCCGTTTGATGGTCCTACACCGCGATTCTGGTAAAATTGAGCATAAAATATTTAAGGATGTATTGGATTATTTTGATGACCAGGATGTAATGATCCTGAACAACACCAAAGTATTCCCGGCGCGTATGTATGGTAACAAAGAAAAAACCGGCGCTACCATCGAAGTATTTTTGCTTCGCGAATTAAATAAAGAATTACGCCTTTGGGATGTATTAGTTGACCCCGCCCGTAAAATACGCGTTGGTAACAAACTTTACTTTGGCGACGACGACCTGCTTATTGCCGAAGTTGTAGATAACACCACATCACGTGGCCGTACCATCCGTTTCCTTTTTGACGGTACCGATGAAGAGTTTCGCCGCAATGTGGAGATTCTGGGTGAAACACCACTTCCAAAATACATAAAACGCAAGGCTACTGCCGAAGATAAAGAGCGCTACCAAACCATATTTGCCAAGCACGAAGGAGCTGTTGCAGCCCCTACTGCCGGCTTACACTTTAGCCGCGAGCTAATGAAACGCCTTGAATTAAAAG
NZ_CP133775.1_gap63	3347011	3347830	819	ACTAACAATCGTACTAAAATTGGTTTTGGCGCCGCTTACATACAAGTCGTACCTTTCGATGGCGAAAATGCGTGTTTTAAAGCCGGAAATGGACGAAATAAAAGGCAAAGTTGGCGAAGATAACCCTACCCTTTTACAACAGGAGTACCTCAAGCTTTATAAAAAGGCCGGGGTGAACCCATTGGGTGGTTGTTTGCCATTGCTGATCCAGATGCCTATCGTGATCGCGTTCTTCCGTTTCTTCCCAAGCTTATTTGAGCTTAGGGGCGAGAGTTTCCTTTGGATGCACGATCTATCCACTTACGATGCGGTTATTACCTTCGCTAAGATCCCTTTTATTGGTAACCACATTAGTTTAATGTGTTTGTTGATGACGATATCTACACTGATATACACGTACTTCAACAATCAGATCTCGGGTGCTACCGGGCAGATGAAATACATAGGCTACATTACCCCTATCATTTTCCTGGCTACGCTTAACAGCTACCCATCTGGTTTGAACTACTACTACTTTTTGGCCAACATGCTAACCTTTTTACAGCAATACTTAATTAAGTTTATGGTTGATGATAAAAAGATTCACGCGCAGATCCAGGAGAACAAAAAGAAACCTGATGATCCTAATAAGAAGAAAACAGGCTTCGGTGCTAAATTCGAAGAAATGATGCGCCAGCAACAACAAGTGCAGGCGAAGAAGAAGTAAGTTAATGGTGATTAGTTGATTAGAGATTAGTTGCCTAAATATTTAGAAACCCACAGCTAACCGCTGTGGGTTTTTTGTTGGAATCAGTTTTTTAAAATTTCTAATATTTACAA
NZ_CP133775.1_gap64	3374019	3376413	2394	GTCGCGAACGGCAGCCGGTTTTACGCCTCTGTACGCTTCTGCGGTAGATACATGCTCATCAGGCATCACCAATACAATTTTATAGGCTGATAGGTCAAGGTTGATGGGTTCAAACTCATCTCCCTTCTCAAACGCGAAAACCGGCCTGTTACGGATAAAGAAAGCACAGTCGGCGCCAAGCGCGCGGGCGTAATCTTCCATCTTGTCATCACCAAGCTCAAGCCCAAATTTATCGTTCATCAGTTTAATGAAAAATCCGGCGTCGGCAGATCCGCCTCCAAGCCCCGCGCCTATCGGAATATTCTTCTTCAGGAAAATTTTCACGGGCGGTATATCGTGATTTTGTCTCAGTAGATGATAACCCTTGATGCAAAGGTTGTCTTCCAGCCTGCCGGGGATGTCCAAACCGTCAGATTCAAAACTCAGTTTATCGGCCTCCACCACCTCCAGCACATCGTTAATTTTGACGGGGTAAAAAACGGTTTCCAGATCATGGTAACCATCGGGGCGGCGGGCAATAATATTAAGGCCGATATTTATTTTGGCGTTGGGAAATGCTATCATCAAAAATTCAATTAACACCGCATGTATTTATACACATCAGTAGGATACCAAAAATAGATTATTTTTATTTGTAGTGATTTTTAAAAGTGAATAGTGGGTGGTTGATTGGGAGAATGGTTATTCTCTTTTCTAACTACTCACCATTTAACCACTCACCAATAAACTAACAAATGAAACAGTACCTCGACCTGATGCAGCATGTGATGGATAACGGAGCGCAAAAGCATGACCGCACCGGTACGGGCACATTAAGCGTGTTTGGTTACCAGATGCGTTTTAACCTGCAGGATGGCTTCCCGATGGTAACCACCAAGAAACTGCACCTGAAATCTATCATCCACGAGCTGATCTGGTTTTTAACCGGCAATACCAATATACAATACCTGAAAGATAACGGCGTACGCATTTGGGACGATTGGGCCGACGAGAACGGCAACCTTGGCCCGGTATACGGCTACCAATGGCGCAGCTGGCCTACGCCCGATGGCGGCCACATAGATCAGATAACACAGGTTGTAAACCAGATCAAAAACAACCCGGATTCGCGCCGCATGATGGTATCGGCCTGGAACGTTGCCGACGTTAACCAGATGGCGCTGCCACCGTGCCACAGCCTGTTCCAGTTTTACGTGCAGCCTGCTGATGCTTCAAAAGGCGAAACCCGAGGTAAATTATCCTGTCAGCTATATCAACGTAGTGCCGATATATTTTTGGGGGTACCCTTCAACATTGCATCCTACGCCCTGCTTACTATGATGGTAGCCCAGGTGTGTGATCTTGATTGTGGTGACTTCATACACACCTTTGGCGACGCTCACATTTATAACAATCACCTGGAGCAAGCCACGCTGCAATTAAGCCGCGACCCAAGGCCACTGCCAACTATGAAAATAAATCCCGATGTAAAAAACATCTTCGATTTTAAGTTTGAAGATTTTACATTGGAAAACTATGACCCGCATCCGCATATTAAAGGGATGGTTGCGGTTTAACAATATTTATATGTTTGCAATACAAACACGAAAAGAAATACATGATCTGATAAATGAACTACCTGACAAACATTTATTAGAAGTTTTACAATACATAAAACATATTATAAATGATGCTACCATTGCTAAGCATATAGAAAACATCATTGAGGAAAATAAAGAACTTTTTACAAGACTTGCCCAATGACAATAAGTATCATAGTAGCCATAGCCCAAAATTACGCCATTGGTAAAAACAACCAGTTGCTTTGGCACATGCCGAAGGACCTTAAACATTTTAAGGAGATCACATCCGGCCGCACCATTATTATGGGGCGCAAAACCTACGAGTCGGTAGGCAAGCCCCTGCCAAACCGTCGCAATATTGTGGTCACAAGACAGGATATAGAGATCCCCGGCTGTGAAGTGGTAAAATCTATCGATGAAGGCCTGTCGCTTTGCGCGCACGATGATGAAGTGTTTATTGGCGGCGGGGCCGAGATATATCGCCAGGCTATGGATAAAACCGACCGTATTTACCTCACAATAATCCACAAAGATTTTGAGGCCGATACCTTTTTCCCCGAAATTGACTACGTGAAATGGGACGAAGCCAGCCGGCAATATAACGAGCCGGATGAGAAAAACCCGCTCCCTTATTCATTTATCACACTAAACCGCCGGTAACAAAAACTTAGAATATTTTGTTTCAATTAAAAATTTCAGGCTTGTGAAATTTTATTAGATTTGCCGTCTTATTTAAAAAGCTTATAAACTAATTAATTACATATTTAATTCGCGATGCAAGGTAAAGGGGTTATTAAATTTTTCGCCATTCTGCTGGCTGTGGTTTGCTTAT
NZ_CP133775.1_gap65	3441509	3444729	3220	TCGTTGCCCTCTATTTTGCCGCCGATGTACTGGCCTGCAAGGGATACCATTAGGATGGCTACGCTGATAACGCTTAGCTCTACCCCGCCTGTTTTTTCGTAAAGTTCCAGCTGCATAATGCCGTAGCTTAGGCCAAAGAACAAGAATAGCGCGAAGTAGGATAACAGCGGCGACATCTTAAGATAGTAGTATATTCCAAATGCAATGATAAACGATGCCCAGTTAAAGTAGCCGTTATACTTGCCTATAAAACCAATATGCGGGAATGGGATAGCCCAAGCCATGCCCAGTATGCCCAGCACCATCAGCGGTACAAAAAAGTAGTGCATCAGTTGGTTGGTTGGGTTTTGATGGCTAGCATCTAAACGCTTAAAGTACACGTCTATCTTACGTTGATCGCCGGGTTTGGCCGGCTGAAGTTTAATGTTTGATTGTTGCTTTCCCATAAAACAAAAAAGCCCTCTCCTATGTGAGGGAGGGCCTGTATAAGCTTCTTATTAATTACTTGGCAAACGCTACCGAACGGGTTTCCCTGATTACGGTAACCTTGATCTGACCAGGGTAGGTCATTTCTGTCTGGATGCGGTTGGAGATATCTGCCGCTAAGATCTCTGATTGTGCATCACTGATCTTTTCGCTTTCTACCACAACGCGTAACTCGCGGCCTGCCTGTATAGCAAATGTTTTTTCGACACCGGGGTACGATAATGCAAGCTCTTCAAGCTCTTTTAAGCGCTTGATGTAACCTTCTACAACTTCGCGCCTTGCACCCGGCCTTGCGCCTGAAATAGCGTCACAAACCTGTATTATTGGTGATAGCATCGATGTCATTTCCACCTCATCGTGGTGGGCGCCAATGGCGTTACAAACTTCAGGGTGTTCTTTATATTTTTCGGCTAATTGCATACCTAAAATTGCGTGTGGCAATTCCGGGTTATCATCAGGCACTTTACCAATATCGTGTAACAGGCCTGCACGTTTAGCCAATTTAACATTTAAGCCAAGTTCTGCTGCCATAGTAGCGCAGAAGTTTGCTACCTCGCGCGAGTGCTGTAACAGGTTTTGCCCGTATGATGAGCGGTAACGCATACGCCCTACCATCCTGATCAGCTCGGGGTGAAGCCCGGTGATACCCAGATCGATAACGGTACGCTCGCCTATCTCAACAATTTCTTCTTCTATCTGCTTTTTAGTTTTAGCAACTACTTCCTCGATACGTGCCGGATGGATACGTCCGTCGGTAACCAAACGGTGCATAGCCAAACGGGCGATCTCACGACGAACCGGGTCAAAGCCCGATAGGATAATGGCTTCCGGTGTGTCATCCACAATGATCTCGATACCGGTTGCTGCTTCCAGCGCACGGATGTTACGACCTTCGCGACCAATGATACGGCCCTTGATCTCATCATTCTCGATGTTGAAGATAGATACCGTGTTCTCGATAGCGCTTTCTGTAGCGGTACGCTGGATGGTTTGGATAACTATCTTTTTAGCCTCTTTGGTAGCGGTTAGCTTGGCTTCGTCAACAATATCCTTGATCTGCGCCATGGCCTTACTGCGTGCTTCTTCGCGCAGGTTATCTACCAACTGGTCACGCGCCTCATCTGCCGATAGGCCTGCAATGGTCTCCAATTGCTGTACGTGCTGGTTCTTCAGGATGTCAACCTCTTCCTGTTTCTTCACCAGGATATCGGTTTGGGCTTCCAGTTTTTTACGCGCGTTGTCCACTTCCGTTTCCTTGCGGGTCATGTTTTCCAGCTTCTGGTTAAAAGATTGCTCTTTTTGTTTGATGCCGTTCTCGCGTTGGTTTAATACGTTGTTTTTAGCGTTTACTTCCTGCTCATGCTCGGCTTTCATCTGCAAAAACTTCTCTTTTGCTTCAAGCTGGCGGTTCTTTTTAAGTATCTCGGCGTTGTTCTCAGCGTCTTTCAAGATCTTTTTCACCTTGTTCTGAGCATTTACTTCCTGGTCTTTAAAGAGTTTACGGAGCAGGAAACGCCCTATGACAATTCCTGTTGGGATGCCCGCGAGCAGCCCAATAATGATGTATAATATGGTGTTCATTGGTTATTTAGGTTATAAAATAAAAAAACCGCAACTAAACTTCTAAGTGTCATGTATTGTTAAAACTTCTTGTCGGATGGAGTGGATCACGGGTTACCGTTAAATACACGATCAACGCATGCCTCTTTGTAATCCGAAGATATTGAAGCGTTAAGTTTTTAATAGTGAAACTTAAAATTTAACTGCGGTTAAATCTTAAAATGGCTCTGTAATATGTAAGAACGTTATTGTTTCGAAAAAAAATCGTTCAGTAAGTGATCCAGTTGATAAACCTTTTCGGCTACCTCGGTATCATCCGTAGTAACTTTCTTATCCGCTTTTAATGACGATGTTGCATAATGCAGCACACACATCGAAAGCAAATCCTGTTTATCCCTAACCGCGTAATTTTCCTGATATTCTTTTATACGGTCGTTGATCAGCTTAGCTGCTCGTCTTATAATTTCCTCTTCTTCCATGTTTACCTTTAAGGGGTAAACTCTGTCAGCAATATTTATTTTTATTGAGATTTCTCCCATCTGAGCTTTTCACTTTCTGTATTACTTCTTCAGCAATACAATACACTTATCTATTTCCTGCACAAAGTCGTTAATTTTTTGCTTAATGTCAACACTTTTTTCATTTGTTTCTGAAAACGACTTTGCCAGCTTTAACACACGAAGCTTTTCTTCGAGGTCCTTGGTCTTGTTTGTACTGGCTTTTAGGGCCACATTTAATGCTTCACTTTCCAGTTTAAGCAGGTCATTCTCTTCCTGCAACGCAGCACAAAGCTCTATTAACCGCTCTGTTTTTTCTACAACTTTACTTAATTGTTCTGCTACTGAGGCCATTTATTTGGTTATTGGTTGATTGGGTTGATGGTGAATGGTTCTTGTTTACAACTACTTAACTACTCACCAATTAACCACTCACTATTTACGGATCTCCGCTCCTGCTTCTTTGCCTAAATTATAAATTAATTTTTGCATCACGGCATCAACTGCTTTATCTGTTAAGGTTTTTTCGGTGTCCTGCAGCACAAAGCTTAACGCGTATGATTTTTTGCCCTCAGGTAGTTTATCGCCCTGGTAAACATCAAATACATTTACTTCTTTCAGCAGTTTCTTGTCCGTCCGTCCGGCTATCTGCTTCAGTTGTCCGAAAGTAACGGACA
NZ_CP133775.1_gap66	3633509	3636394	2885	GAGGATGCCGGTATCACAATATTTGATTTGGTTATTTTTAATAATGCAATCGCCGGCTGCAATGTAGAAGCCGGTATCTATTTTACCCTTCGCCATGCCATACATTAGCCTGATAGCGATGGGCAGTTTCTCAAATTGATTATTGCTGATGGTATGCCCGGTACCGTTTATTCGGATGCCGCCGGTGCCGCCTTTAAAACGGTTGCTATCTACCAAACATTCGTGGCCGCCGCGCATCACCAGTTCGCCATGGCAATCTTCAACATAGTTATTGATATATTTATTGCCCGATGCCTTGTTACTGATCACCTCCGGCTCGCCACTACAGCGAATAAAGCGGTTATCCCGCACCGTGGCATAAGCATATCGGTTACCCAGCAGGATGGGGTCCTGCCCTATTTGTACGCATTCGCCGCCGTTATTGCCTTTCCAGGTAACGCTGTCCTTGTTCATAAAGGTATTATGGTCTACAAGGGAATGTAACGGTACGGTTTCTTTACCTATCCTCACCTGCACATCCATGTTATTTTTATTGCTGATGAACAGGCTATGATCTACCCGGTTATTATCCCCATCGCCGGAGATAACCACTATCGGCATAAACTGGCTATTAACGCTGATCTTTGTAAAAAAGCAATCAGTAACCCGGCAGTTTTTTGTCGCGTTAAGCTGAATGAGTATCACATCCTTCCCCTGTCCTTTAAACAATTGGCAATCCTCAAATTTTAATCCCTTGAGTTGGATATAACTCCCCAAAACATAAAACACAGATTGGCGTACCTTGCCCGAGAAAACCACTTTGCCCTTGTGCTCCGCCCGGATAACAATTGGCTTATCTACCGTGCCATTGGCATTGATGGTAACCGCCCAACTGGTATAAGTACCGTTAGCTATCACAATCTCATCGCCAGGAGCGATGGTGGCAGCTGCTTTGTTAAACTCATCCGGCGATCTTACTTTGTAAACCTTGCCAAAGCTTAGCTGAACGGCAAACAGGCATATTATAATGGATAATGTGTTTCTCATAAAGGCGGTGGTAAAAATTAAACCAGGCCCACACCCGGGCCGGGTTCACTCAACTTAATGTACTAACTCACTTATTCAACTATTTTATCTAAAGGGGGAATATTATTTTCGGAACCGGCATACCCTTTGTTTTGATTGATGTGCCCGTTAATGTTCAGGTCAATCTCTGACTGGGGTACCGGCCACAACACGTGGTAAGGCGAAATGGTATAGTGGTTACCCGAGTTGGTTAAAACGTTAGGATTTTTGTAGAAATCGTTCTTCTCCATTATCCTATCGTAAAAAAAGTTGCTGGTAGCAAACGTACCAACCTGGTAAGTTTTACCATTGTATGCCGCTTTGCCGGTTTGGGCAAATATGAAGGCGATACGGGTAAGCTCTGTTTTACGCGGCTCTTCCCAGTAAAGTTCGCGTTGGCGTTCATCTAATATGGTGCCTATGTTTACCTTGCTGTCGTCTGTCAATAACTCTGCTTTTGCACGGGCCCTTACTTTGTTAATATCAGCCATGGCCAATGAGGTTTGGCCTTTCCACCAGTATGCCTCGGCGCGTAACAGGTAGGTCTCTGCCAGGCGGAAGATATACCAATCGGTATTGGTACCGCGTGGCGGGCTCCACCATTTGTCTGCAGCTGTTTTACCGGATCCGATAAACACCTTATAGTGCGGCCAGCCAAACCACGCGCGGATGGTATCTTTAGCACCATTCAAAAAGCGTTGATTTACGTTGGCTGCGGTGTATTGCTGCAGGTTTTTGCCGTACCATGTTGGGTCACTTGTTTTTAGCCCCGGCTGGTTATAAACCAGGTCGGTCATATCTGCCCACATGCCTTTGGCGTGGCGCAGATCTGTGTTATCCGTCCAGATGTATTTGGTAGCGTAAGGCGTACCACGCATCCGGCCAATACCACGGCCATATAATAAGGTAAGCGGGAACTCCTCAATAATCTTATCAGATATGCCGGGTTTTAACGCGCCAGGTGTTAGAATGGTACCATTATGCCACATGGGCACACAGTTACGCATCACCTGCGACCCGTTTGCGGTAGCGCCCTCTAAAGCCTCGCGATCGATCACAACATAAAGCGCTTCGGTGTTTGAGGCAATAGATTTATTCTCGGGGCGGTGCAGGTCCCAAACAACATTTTTGCTGGCATCGCTCGCAACAATACCAAAGCGGTTATTCATCAATGCATAGGGGCCGTTTATGGCGATGTTTGCCGACGCGATGGCATCATCAAACAAACCTAAAGCCAGGTTAATTTTGGTTAGCAAGTGGGCTGCCGCGCCTTTTGATGGCTCGCCTTTGTTGCCGTTATCTACCATTTTAGTAACCGCAAACTCCAAGTCGGTTTTCATCTTTTTAAGGATGACGATGCGTTGAGTGCTTTGGAACGCGGTGTTCACGATAGTTTCTTCTTTCAAGATCAATGGCACATCGCCAAACTCGTGTACCAGGCGGTAATACCTGTAAGCCCGGTGGAAATAAGCACCTGCCAGCACCCTGTTCTTGTCATCGTCAGATGGCCAGGTAACGTCGTTTATCCTGCTGATGATCACGTTGGCATCGTGCACACCCTGCCACCAAACCTGCCAGTAGCGGCCTATTTTGTTAAAGTCGTCGCTATTTAGGTTAGCGGTTGGCGTTATGCGGATGTTAAGATCCTGCGCCGGGGTGGTTTTATCAGTAGTACCCTCCACAGCAGCATCGGTAAATATCGACTCCGTTAGCATGGGTGCCGCATCACCAAAAAATTCGAACCTTACGCTCAGGTTTAAGTTAAGCAATGCCGCGCGGAATGCACCCGGGTTAGTTAGGGTATTGCCCGGCGTAAATTTCGACGGTGCCTCGGGGAACAG
NZ_CP133775.1_gap67	3674934	3676043	1109	CAAGCATTACAGGTGGTACAAGCCCATAATTCCTCGCGGGTGATGTAGTTATCCAATAAAGTTTTATCATCGGTATAATCCTTACCGTGCTTATCAATATTATCGCCCACCTCTACCAGCCTGTCGCGGGTATCCATCATGATTTTGCGGGGCGATAACAGCTTACCCGTAATATTAGCGGGGCAAACCGATGTACATCTGCCACATTCGGTACAAGTATAGGCTTCCATCAGGTTTTTCCAGGAGAGGTCGGTTACGTCCTTCGCCCCAAAACGGCTTACCTCGGCAGGCTCGGGCACGAACGATGGATCGAGCATGGCCTTTACCTCGTTGGTAACCGACGCCATATTGCTGAACTCGCCCTTTGGTTCCAGGTTAGAGTAGTACACATTCGGGAACGCCAGCAAAATATGAAAATGCTTTGAATACGGCAGGTAATTCAAAAACGCCAATATCCCGATGATGTGAAACCACCAGCAACCACGTTCTATGGCTACCAGCGCGCCTGAACCCAAAGGCAGCAAAGGCGCGATAAGGTCACTTACCGGGAAACTGCCCGCGGTAGCGTAATGGCCAAAATGTAAAAGCTGCAGTTTATAGTCGGCGGCGTTCATGGTGAGGAAGGCCGTCATTAACAGGATCTCGATAACAAGGATATAGTTCGCGTCCGATTTTGGCCAGGTGGTCATCTCGGCACCTGTAAAGCGTTTTAATTTAAGGATGTTACGCCGGGCCAGGAACACCACGCAGGATACCAACACCAGCAGCGCCAATACTTCAAACCCGCCTATAAGCAAGCCGTATAAACTGCCCAATGGTTTGGAAAATATTCGATGCGAGCCGAAGATGCCATCTATCATGATCTCCAGTACCTCGAGGTTGATAATCACAAAACCTACGTAAATAAAAAAATGCATTACGGCGGCCGTTGGCCTTTTCACCATTTTTGTTTGGCCCAGGGCAACCTTTGCCATAATGGCCCAGCGCTCGGCGGGGCGGTTGCTGCGGTCGGTATCGCGGCCTAACAAAATATTACGCCTAACCTTGGCTACGTTCCTGCCAAACAGGTAGGCAGCGGCCAGTAAAATGATGATGAAGATAACCTGTCC
NZ_CP133775.1_gap68	3680383	3681618	1235	CGCAATTTTGGTAAAGACCACGCCCTTAAGGCCGGCATCGGTATGGCAAAAGGCGATGCGGTAATAACCATGGATGCAGATATGCAGCACCCGCCCGAGATGATCCTGAAGATGCTGAACTATTGGGAAAACGGGTACGATATCGTTTACACCTACCGCCAAAATGCCAATCCGCACGCAAAGCGGTACCAAAAGGCAACCTCAAAAATGTTCTATAAGGGCATCAACATGCTATCAGACATTAAACTGGAGAACGGCACTGCCGATTTCAGGCTGATGGATGAAAAGGTTGTAAAGCAGCTAACGCAGATAGACGAGTACGAGATCTTTTTACGCGGCATTATCAAATGGACTGGTTACAAACAACTCGGCATCCCATACACCCCATCTAAAAGGCATACCGGCGAAGCCAGTTATTCGTTTTTTAAATTGGTTAAACTGGCCTTGCGCAGCATCATGACGTTTAGCGCGCGCCCGCTATACATTGTTAGCGGCATCGGCTTAACATTTTCGGCCCTGGCTATTTTGTATATCCCGTATGTGCTCATTAGCTATTTAACCGGTAAAGCGGTTACCGGCTGGGCATCCATTATGGCAACTATCGCGTTTTTTGGCGGCCTGCAATTATTGGTGTTGGGTATTATAGGTACGTATGTAGGTAAAATATTCATGCAATCGAAACATCGCCCTACTTACATCATCCGTTCTACAAACCTTATGCTGGTAAATAATGATCTTGTTAGGGTTTGATGTAGAAGAATTTGATATGCCATTAGAGTACGGCAAATCGCTTCCTTTTGATGAACAGTTAGCCATTTCAACCAGTGGCACAATTAAAGTGCTGGATGTATTAAAGACCGCAGGCATAAAAGCCACGTTTTTTTGCACCGCTAATTATGCCATCCATAAGCCGGATATCATCCGTGCTATTGTTGAGCAGGGCCACGAAATAGCCTCGCATGGGTACTATCATTCCAATTTCAAACCCGAGCATCTTAAACAGTCCAAACTCAAGCTCGAGGAGATCTCGGGGGCGCCGGTAACCGGTTTCCGCATGGCGCGGATGATGCCTGTAGATGAGGCGGAGATAGAGCAGGCGGGATACGCCTACAACTCATCCCTCAACCCTACCTGGCTGCCGGGCCGATACAATAACTTTGATAAACCGCGCACCTGGTTTTACGACCATAACGTATTGCAGATCCCGGCATCGGTATCGCCGCTAATAAGGATCC
NZ_CP133775.1_gap69	3738332	3742839	4507	CAGCTTTGGTAAAATAAGCTTTAAAGCACCAAACCCTACCCAGAAAAAGAAAGGCGTTAATAACGACGACCAGATACAAGGTGGCGACCAAAACGGTGGTGGCGCAGCACCCGCAGGCGGCAGATAATAATAGCCCAAAACAACAATTACATATAAGCAAAACGCCCCTTCAAATTGAAGGGGCGTTTTTTTGTATCTCCCCACCCATATCATCCTGAACTTGTTTCAGGATCTCTCAGGGCAAGTAACCATGCAAACTATCGACCTTGCATGTGGAATGCCGAAATAAATTAGGCATGACGGATAAGATTTATCCCAACAATAAAAGCCGGTCAATTACTCGACCGGCTTTCTATTTCAATTAAGCTTGCGCTAAATTATTTCTTATTGTAATATTTAAAGTCCTTACCAATAAAACGTGCAGCATCGCCAAGTTCTTCTTCGATGCGCAGCAATTGGTTGTATTTAGCTATCCTGTCAGATCGTGACGCAGAACCGGTTTTGATCTGGCCACAGTTAAGGGCAACAGCAAGGTCGGCAATGGTAACGTCTTCAGTTTCTCCAGAACGGTGACTCATTACAGATGTGTAACCGTTAGTTTGCGCTAAAGTAACCGCATTGATAGTTTCTGTTAACGAACCTATCTGGTTAACTTTTACCAGGATAGAGTTTGCAGTTTGGGTAGAGATACCTTGTTGTAAACGTTTTACGTTGGTTACAAACAAATCATCACCCACTAACTGTACTTTATCACCAATTTTCTCGGTTAATAATTTCCAGCCTGCCCAGTCATCCTCGCCCATACCATCTTCGATAGATATGATCGGATATTTAGCAGCTAACTCAGCAAGGTAATCTGCCTGTTGCTCACTGGTACGGATAGCACCTTTTTCGCCTTCAAATTTTGTGTAATCGTATTTACCGTCTTTGTAAAACTCAGAAGCGGCACAGTCAAACGCAAGGCAGATATCTACACCCGGTTTGTAACCAGCTTTTTCAATAGCCTGTAAAATGGTTTCAACGCCATCTTCGGTACCTTCAAAGGTTGGTGCAAAACCACCTTCGTCGCCTACTGCTGTAGACAGGCCCCTGTCATGTAATATTTTCTTAAGGTTGTGGAACACTTCGGTACCCCAACGCAAAGCTTCAGAGAAAGATGAAGCGCCAACCGGCATGATCATAAACTCCTGAAACGCGATAGGCGCATCAGAGTGAGAACCACCGTTAACAATATTCATCATTGGGATAGGTAAAGTGTTAGCGTTAACACCACCTATGTAGCGGTATAAAGGCTGGCGGCTTTCTTGCGCTGCTGCTTTAGCAACCGCTAAAGAAACACCAAGGATAGCGTTAGCACCCAGTTTGCTTTTATTTTCGGTACCGTCAAGCGCTATCATAATAGCATCAACAGCATTTTGTTCAAATACATCAACACCTTTTAATTCGTCGGCTATAATGTTGTTTACATTATCAACGGCTTTTAATACGCCTTTGCCCATGTAAACGGCTTTGTCGTTATCGCGAAGCTCAACAGCCTCGTGGATCCCGGTTGAAGCACCAGATGGTACTGCAGCGCGGCCAAGCACACCGTTTTCTGTAATTACGTCTACCTCGATTGTTGGGTTACCGCGCGAATCAAGTATCTGGCGCGCATGAACAGCAATTATTAAGCTCATAGTTTTTTATTGTCGAATTTTGAGTGATATACTATACTAATTTGGTGGGCTAAGTTAAGTGCAAAAACAGGAAATAGCAACGCAAATTTTGCATTTGTAATGATTATTAATGGTTTATTAACATACCGTTGTTTTTAAAACCATCCATTTTTGCTTCAAATTATGAAATTGCACCGTCAGAACTTCGGTATCAGATCAATCGCTTGTGGTTGGCACACGCTCGCCCTCGGCGCTATTTTTTCGGTTTATACGGTACATCAGCGTCAGCATCATGTTGTTTTTGGCGCTACTATTAACTGCGATGTAGTTACGCTGGTTGATCCACCCTGCCTGCAGTATCCACTTTTTATCAAACTGGTAACCCAATGCTGCCGATACCCGGTTGCGCTCGAAGTTTGGCGCTTTGTTATTAAAGAAGATCTCGTCAAACATCGATATAAACCAGGTTTTAGCTACGATCTTTTTATTATTCAGCGGGATAAACATATTTAAACGATAACGGAAGCGGTTGCGGTAGTCGCCGTTTACCCAGCGTTGCTCTACCCTATAACGGTGCTCAAATTTTAACGAGGTGAGGAACTGGTTAATGGTCATCTGCTCCCAAACGCGAAACTCATTGATAAGCGGGCCTTTAGCTACATCAAAATAATCGTAGGTGTGGTAAGTGCCCGTACCTAACAAGGCAGTAAAATTCTTGTCGATATCGTAGCTTACGCCGGCCTTGGCTTCGTAATATTGAAACTGGCTGAAACCCGCGCCGTTTGTACGTGCCTGGAACTCGGTATAACCGCCCCATCTATGAGCGCTGTCGCCGGCCATTACAACGGTTACGATGCCCCATGTACCGGTTTTAGAATCCTGCGCGTTAACTTTAAATGAACACACCGTAAAAACAACAAGCAGTAGTACTAAGCCTGAGGTGTTTTTTAACATTTGTTTAATATTAATTTAATGCAAATGTATTTCCTCATTGTTACCTGCGTGTTAACCACACAAGTGTTAATATTATTAATATGTTAAGGATTGATGCTTATGTTAATTTAATGTTAAGTAAATTTAAAACGAGACGCGAAGTATCGCATCTCTACATATATTCTTTTGTCTTGTCTCTTGATTCTAAAACCCCTGCTTCCATTCTCCCCTATTCCCATTTGAACGTTTTTACCGCTACGGCATAAATAATTACACCCCATATTAACAGGATAAAAAGTTGGTGGGTAACATCGCCAAGGCCGGCACCTTCAAAGGCTACTTTGCGCATGGCATTGTTAAGGTGTGTAAGCGGCAGGGCATTGCTTAAATGCTGCAGCCAGGTTGGGAATGCGGTTACCGAGAAGAACGTGCCCGACAATAAAAACTGCGGCAGCGTAATAATATTAGATAACGGCGGTACCGTGCTTTCATTTTTGGCGATGCCCGATATGGTAAAGCCAAAGCCCATAAATATGATGAGCCCGATGGCACACAGCACCAACATATTCAGCACCGTAACCACGCCATGGATCAGCGTAAAGCCGAACGCGTAATGCCCAACCATAATAATAAACAGCGCGCCTAATAACGAGAAAACGATCCTCGCCAAAGCTTCGCCCAGTACAATGCTGTAGCGTTTAACCGGCGTTGCAAAAAAACGTTTGATAACCAGCGTTAACCGCAAACTGATAAATACGAAAGCTGTACCGAACACCCCGCTGCTTAGCAACGAGAAGCCCAACTGACCAGGCAATATAAAATCAATATACTTATACTCGCGACCGGTAACTACGGTTTCTTTCAGGTTTACGGCATCGGGTATTTTGATGCCTGAGTACGATTGCATTTTGCTTAATTGTACGGACTGTATCCTATAGAAAATATTGTTCAATGCCGATTTTAATATCGACCCTTTATCGCCCGAGGCGTGGCTGTATTGCACGCTCATATCAATGGGTTTCATCGGCGTAAACGGCCCAACATTAATAATAGCGTCTATACTACCTTTCGCCAGGTTTTTGCCCATCTCATTTGCGCTTTGGTCTTTTATCAGATGGACGATCTTGTTTTGGGCAAGCGCTTTGTAAACCGGGTTCAGCGTATCGCAGCCTTTGGCAACACCTACATCTATAGACATACCGCCGCCGCCAATATTGGCAAACACCAGTATAAATATCAGCGGGAAAGCCAAACTAAACACCACCGCCGACGGGCTGCGTAAAATAGAACGGAAGCTGGCTTTGGCAATGGCCAGGGTTGCGCGGGTATTGCTATAATTTTGGTTCATTGGTTCAATAGTTCATTAAGCCTCACCCCAAACCACTCTCCGAAAGAGAGGGGCTTTAAATGAGAAAGTCGTTAATTCATTTTAAAGTCTCCCCTACCGGGGGAGATTTAGAGTGGCTAACTCTCCCGCCACTCCTTGCCTGTCATGTTAATAAAAACATCCTCCAGGTTAGCGCCTTTAGTTTGTTTGGAACGTTCAAAGCCGCTTGCCACCAGTTGGTCAATAAAATGATCGGGGGTATCTATGCCGATGATGTGGCCGCCATCAACAAAGGCTACACGGTCACACAGTACTTCGGCTTCGTCCATATAATGCGTGGTGATCACCACAGTAGTGCCCGCATCGCGGATCTCGCGTATCAGGTCCCATAGGTTACGGCGTGCCTGTGGGTCGAGGCCGGTGGTTGGCTCATCCAGGAAAATAATGCGTGGATTGTTAATGAGTGTTGTGGCGATAGAAAAGCGCTGCTTTTGCCCACCGCTAAGGTCTTTGTATTTGGCTTTTGCTTTATCAGTTAGGGCTACCTTCTCCAGCATTTCTGTAGGAGTTTTGTTTACACCGTATAGGCCCG
NZ_CP133775.1_gap70	3757069	3760948	3879	GGATGCTAATGGTTTTAAAGTGATGCGGGTTAACTCGCGCATCCCGGCGCGCCGATCCTTTTGGGAAAAGTACGGCTGGGGGGTAACCACGCCGCGCGAAATGTGCCGCCTGTTTACCATGATCCGACAGGGTAAGGTAGTTAGCCCGGCCGCCAGCGAACGCATGAGCCGCATGCTCAACCGCATCTTTTGGGACGAAACCTCGCTATCGCAGATCCCGCCATATGTGCAAACCATGTCTAAGCAAGGGGCAGTTGATGCATCCAGATCTGAAACGGTTTTGGTGAACGCCCCGCACGGCGATTATGTATTCTCCGTTATCACCAAAAACAATAAGGACCAGCGTTGGACAAAAGACAACGAGGCTGATATACTTATCAAAAAAGTATCGGCCCTGTTATGGCATTACTACGAACCCGGCAGCAAATGGCAACCTGCCGCCGGTGTAAATAAATATATGCTTAACGAATAGTTTTACTTTAACAAAGCCAATAATCCCGGGAAACCCAGCTGGCGGGTGTACATGGTTAAATTGCCATGCTCATCGGTTGGCCATTTATCTTTTGGCCTGTCCCAATACAATTCAACGCCGTTACCATCCGGGTCATCCAGGTAAAGGGCTTCGGATACGCCATGGTCTGATGCGCCGGTAAGCGGGTATTCATTATCTATCAGTCGCTGTAAAATAGCTGCAAGGTCTTTTCTTTCAGGATATAATATAGCCGTATGGAACAAGCCCGGAGCATATTGCGGCGCGGGTGGCGCACCTTTACTTTGCCAGGTGTTTAACCCTATATGGTGATGATAACCCCCGGCAGAGATAAACGCCGCCTGGTCGCCGTACATGGTTACCAATTCAAAACCCAGCAGGTCGCAATAAAAGGCCATCGATTTTTGCAGATCGCTTACTTTTAAATGTACATGGCCAATGCGGGTTTGGGCCGGGATCTTATAATCGCTCATAAATTACATGTTTAAATGTTGTAAAGTTACAAGGTTGGAATGTTGTTTGTATCAGCAATAAGTAAAAAGATGTTTAAACATTTACTTTGAACTTGTCATAACATTCCAGCTTTACAACCTTTCAACATAATACCCTACCTTTGCAGCATGATCATAAAATCTGCCGACTTTATTTGCAGCAATACCCAGGTATCTAAACTGCCGCCGCCTTTAAAGCCCGAATATGCTTTCATTGGCCGGAGCAACGTTGGTAAATCATCATTGATAAATATGCTGGTTCAAAAAAAGGGGCTGGCAAAAACATCACAAACGCCGGGTAAAACACAGCTCATCAACCACTTTTTGGTGAACGAGAACTGGTTTATTGTCGATTTGCCGGGTTATGGTTATGCCCGTGCATCCAAAACCAAAAAAGCCGATTGGAATAAATTCATCCAAAACTACCTTGACAAGCGAGAGAGCCTGCAGTGCGTAATGGTGCTGATTGACAGCCGCCTGGAGCCTCAAAAAATAGATCTTGAATTTTGCAGCTGGCTGGGCGAAAAAGGCCTGCCGTTTGTTTTGATATTTACTAAGGCCGATAAACAAAGCAACCTTAAAACAGACCAAAATGTAGCCAAGTTCCGCAAAGCGATGCTGGACTTTTTTGAAGAAGCGCCTCAGCATTTTGTAACCTCATCTGAACTGCATACCGGCCGCGATGAAATACTTGGTTTTATAGGCAACATTAACAATAGTTTTGAAGTGCCGGAGTTTGATGAAGAGCACTATAAATAAAGGTTTTTGGTTCCCTTCTTGAGAGGGGAGCACATACACAACAAACCGTACTAACATTAATGGGGTGTGTTTGTTAAGCATATTTTAGAACACACCCCTAACCCCTCTCAAGAGTGGAACTATAAATAACAATGAAAAAATACTTCTCTCTCGTAACGTTTACGCATACCATATTTGCCATGCCGTTTGCCTTCATCGGCTTCTTTTTGGCGGTTACCACTACAGATCATAAATTTGAGTGGCAAAAACTGGTGATGATGCTATTGTGTATGGTATTTGCCCGTAACTCGGCCATGGCGTTTAACCGCTACCTGGACAGGAACATCGACGCTAAAAACCCGCGCACCAAACAGCGCGACATCCCCGCAGGGAGAATTAGTCCCGTGGCGGCATTAACCTTTACCCTGGTTAACTGTGGTTTGTTTATCTTGACCACCTGGTTTATTAATCCGCTTTGCTTTTACCTGTCGCCCATTGCTTTATTAGTGGTATTAGGTTACAGCGCTACCAAACGCTTTACCGCGCTTTGCCACATGGTATTGGGCTTAGGTTTATCGCTGGCCCCTATAGGCGCTTATTTGGTGGTGACCGGTGCGTTTGCGCTAACACCTATCTTTTTCTCGCTATCAGTACTTTGCTGGGTGAGTGGTTTTGATATTATCTATGCCTTGCAAGATGAGGACTTTGACCGCGACCAAAAACTGCACTCTATCCCTGCATGGTTGGGTAAGGTAAATGCCTTAAGGCTATCATCGGTACTTCACGTATTTTCGGCGGCGTTTGTGCTGATGCCGGTATTTTATACCAATGTTGGGTGGCTATACTACATCGGCATCGTATTCTTCTGTGCGATGCTTATTTATCAGCACACCCTTGTAAAACCAAACGACCTGAGCCGGGTAACCTTCGCCTTTATGACCACAAACGGCATTGCCAGCGTGGTATTCGCGGCCTTCTTTTTAATGGATAGGGTATGGATGCGCTAACACAGGCACAGTTAAATCAGTTCCGTGAGCGCATTACGCCCTACGTTACGTTTAACGAGGCCGAGTGGATCGTATTCATTCAACACTTACAGGTAGCAAGTTATAAAAAGAAACAGCATTTTGTTGAGGCCGGTAAGGTTTGCAACTACTTTGGCTTTATTTTGAGCGGCTCTGTACGTTATTACAATGTTATTGATGGTAACGATATTACGGGTTACTTCAGTTTCGAGAATGAATTGGCAAGTTCCTACAAAAGTTTCTTAACAGGCGAACCGGCAATTAATTACATACAGGCATTGGAACCCAGCACCATTATCCTCATCAGCAGGAAAAGTATGGATGCTATGCTTAATAACCCCATGCTGGCCTACAAAATGGAACGTTTTGGCCGCTTGGTAGCCGAGCATTACCTGATGTGCTACGAAGACCGGATAACCGCTTTCCTCACCCAAACACCCGAAGAACGTTACCTAAAACTCCTGCAAACCGGCAAAGATGTTTTGCAGCGCATACCGCAACATTACATCGCTAACTTTTTAGGGATCACGCCTGTATCGCTTTCCAGGATCAGGAAGAGGATATTAAGCCCCTCCTAATCCTCCCCTGTAGGGAGGACTTTCATACAACTTTATTGCCTTCCATATTTAAAGTTTCCCCTACCGGGGAGATATAGAGGGGGCTTTTCTTATCTTTTGTTAACGTTTTGATTTTCAAGGTTACCGTACATTTGCAATATACATCAAAACGAAAACACTATGCACACCATATTAGGGGCCGGCGGGCCGGTAGCAAACGCGCTAACCAACGAATTTTTAAAGAATCATGAACCGGTAAGGCTGGTTAGCCGCCGCCCGGTAGATATACAAGGCAATAACTTAACCTGGCGCAAAGCAGACCTGTTAGATTACAAACAAGTGCAGGAAGCCGCACAAGGTTCAACCGTAATATACTTATGCGCAGGTTTGGTTTACGATGCCGATATATGGCGCGAGCAATGGCCTATAGTCATCCAAAACGTTATTAATGTAACCAAAGAGAACAACGCCCGGCTGATATTTTTCGATAATGTGTACATGTACGGCCTGGTTAACGGCCCCATGAAAGAGGATACGCCCTACCGCCCCATTAGCGAAAAGGGTAAAGTACGTGCCGC
NZ_CP133775.1_gap71	3762116	3766624	4508	ACATTGGAACAAGCCTCTGTTTTCCTAAAAGATACCGACCGTAGCAAAAGGCAGGAAGTTTGGGAAAAGATAACCGCCCGCCGCCTGCAGGAAAAAACAGTGCTGGATACCCTATTCGATCACCTGCGTGCCCTTCGCCATAAGGTGGCTTTGAATGCCGGGTTTGAGAACTTTAGGGATTACATGTTCCAGGCGCTTGGCCGTTTTGATTACACCCCGCAGGATTGCTACGCTTTCCACGCGGCTATCGAAACCGAGATCGTACCCATCCTGCGCGAGCAGGCCGAAAAACGCAAAGAAGCTTTAGGTCTCGATGCTTTAAAGCCATGGGATATGGATGTTGATATTTCGGGCAAACCTGCTTTGAAACCGTTTAACAGCGGTGCCGAGCTGGTAGAGAAATCTATCCAATGCTTTAGCAACATCAACCGTTACCTGGGCGAGCGTTTAGAGATCATGAAAGATAACAACCTGTTTGATGTGGAAAGCCGTAAAGGCAAAGCGCCGGGTGGTTATAATTACCCGCTATCTGAAACGGGCGCGCCGTTCATCTTCATGAACTCGGCTAACACTTTCCGCGACCTGACCACTATGGTGCACGAGGGAGGCCATGCGGTACACACCTTCCTGACTGCCGACCTGGAGCTAAACGATTTTAAACACTGCCCAAGCGAGGTTGCCGAACTGGCTTCCATGTCTATGGAGTTGATATCGATGGATAACTGGGATGTGTTTTTTGATAACGAGGAAGACCTGAAACGCGCTAAACGCGATCAGTTATTTGATGTATTGAAAACCCTGCCATGGGTTGCCGTGGTAGATCAGTTTCAACACTGGATCTACACTAACCCGAACCATACCGATGCCGAGCGTACCGAGGCCTGGTTAAAGATCTACGAACCATTTGGGGCAGGCTTTGCCGATTGGAGCGAGCACCCGCAAGCCGGGCAAAACCTGTGGCAAAAACAATTGCATATTTTTGAAGTGCCGTTTTACTACATCGAATACGGCATGGCCCAGCTTGGCGCCATAGCCGTTTGGAAAAACTACAAAGAGAACCCCGAAAAAGGCCTGCAGCAATACCTGGATGCCCTAAAACTGGGTTACACCAAAACCATTACCGAAATTTACGAAACCGCCGGTATCAAATTTGATTTCAGCGCGGGCTATGTCAAAGAACTGGCAGAATTTGTAAAAGCCGAAATGGATAAGATCTAAAAATACCATCAGCCCTCTCCAACCCGAGAGGGCTTTTTTTTGCCTGTTCTATAATGTTTTCGCAGGGTGTTCTGAAAAGAGACCCTGCGCCCGTATGCAAGGCAAACGCAGGGCTCACAATTTGACACCCTGCTTGTAATGCCAGATGCTGCTTCAATATCACAGCAGTACGACTATGGCAAGCCTATGTATATAAGCTGTTTACCTATACGCGCAACCCATTATTTTAAAATATGTTGAAACTTATATGTGTTTTTTAAGTTTAACAAACTATGAAAAAGATACTTGTATTGTTCAGCATAATACTGTCGGCAACTGCCGCATTTGCACAGATCCCATTAAAGCCGGTTAAGATAGATAGCCTGGTTACCATCTCCCTTCCGGAGAAATATATAAAGAAAGATACTCTGGGCCAATCCATTTATTCTGGTAATGGTTCTTATGGTTACATGGTGGTTATCCGCGCACCAAATGCCAATAACAACGAGCCGCTAAAAAAGGAACGCGACTTAAATAAAGTACTGCAAGATTATATCAAAGGCATAAAAGGCCAGGCAGATGGTAGCACCCAAAACGTGCGCGATACTACCATCGGCCACTTAAAAGCCAAAACCTTTACACTGGAAACCGACCAGGGCGCGGGCCTGCAGGAGCGTAACTTCATCATCATCTACACACAAGATGTTACCTATACTTTTGAGTACTACTACGAAGAGTTAAGAAAAGACGTAGTGAAAGAGGAATATAAAGCTTACTCGGGTTCCATCAAGGTATCGCCGGAATTGAAACGTACCGACCAATACCTATCTATGAGTAATGGTTTATCGCCGGCAGTTATGTATGGTTTGTTTGGCGGCGTACCGCTAATCATTATCATAATTGTCGTGGTAGTTATCCGCAAGAAAAAGAAAGAGCGCGAAGAAGCGTAATTTAAGACTTTGTAAGCAGTCCCCTATCCCAACGGGGGCTGTTTATAAATTTTTTACGGTCGATAAAGGTTAGCCATGCCAGCGTTATAAAAACGCCTACTACCGAGCCTACCGTTACATCCTCAAAAAAATGCTGGCTCAGGTACATGCGCGAGTAGCCTACCATCACCGCCACAAAAAACAGCAGTAGGCCCCAGCTTTTATTCTTGGCCAGGTAAGTGATAACCACCCCTGCCGAAAATGCCGTTACCGTATGCCCGGATGGGAAACTGTGTACTGCCAAAATGTATAGCCCCTTCACAAAGTGAATTTTATCGAGTTGATCTTCAAAATAAACCCTTGGCCTCGGCATATCAAAACTAAACTTTAAGATCTGCGCGGTTAAAGCCGTTAAAGCGTAACTGGTGATCATCAGGAAAGATGCGCGGTAGTTGAACAGCGCAAAAATCAGAGAGAGTGTTATAACCGTAAACCCATCGCCAATGTGGGTGATGTATGGTTCAATAGCGTCAGCAAAATCGCTGTGGATGCCGTTCACAGCGAAGAAGATCTCCGTCCGGGTGAAGAGCAATTTGATCACCAGGCAGGCACATAACAGGGTTATGTAAGGGATAAAAAGGTATCGTATTTTGTATAAAACATCTTTAGCGCCTGCATTCATCGTTGCCAAAGTTAGCATATACTTTTTCAATGCAAAAAAATGGTTATGTTTGGTTTGGAAAGACCAAACTGATTAAAATACATGTCTAAGAGTATATTTCGCAGAAAATCTGTTTCTAAAATTTTGGCCGATGTAGCCAGCGGATTTAGTGATAGTGAACACCCGGGCAGCGCACCCCAGCTCGAAAAAGCGCTAAATGTTAAGGATTTAACTCTGATGGGGATTGCCGCCGTTGTTGGCGCAGGCATCTTCTCTACCATCGGCGAAGCCGCGTTCCAGGGCGGGCCGGGGGTTAGTGTATTATTCATCATCACAGCCGTTACCTGTGGGTTTTCTGCCCTGTGTTATGCAGAATTTGCATCGCGCATACCCGTTGCAGGCAGCGCTTACACCTATGCTTACGCCTCTTTTGGCGAATTAATTGCCTGGATAATTGGCTGGGATCTACTGATGGAATATGCCATCGGCAACATCGCGGTAGCCATATCCTGGAGTAAATATTTTGTGAACCTGCTGGAGGGCTTTAGCATCCACATGCCTAAATTTTTATATACCGATTACCTGTCGGCATTTAGAGCACACGAAGAAGTGACGAAATTAACGGTAAGCCATAACCTTGCTGCCATTACAGATACGTTAAAAGAAAATGCCCTGGCATGGACCACAGCGCCCATGATAGGCAATATCAAACTGATCGCCAATATCCCTGCGTTGGCCATAGTATGCGCCATAACCTACTTGGTTTACATCGGCATCCGCGAAACCAAAAAGGCTACCAACGCCATGGTTTATTTAAAAATCGCCATTGTATTAGTAGTTATTGTGATAGGCTTTTTTTACGTTACACCGGCTAACTGGCACCCATTTTTACCAAACGGTTTTGGTGGGGTGATGAAAGGCGTATCGGGGGTTTTCTTCGCTTACATTGGGTTTGATGCTATATCTACCACGGCCGAAGAATGCCAAAACCCGCAAAAAGATTTGCCCCGTGGCATGATCTACTCGCTGGTTATTTGCACCGTTTTATATGTATTGATAGCATTGGTGTTAACCGGTATGGTTAGCTATAAAGAACTTAGGGTTGGTGATCCGCTGGCGTTTGTATTCGCTAAAGTTGGGTTAAAAAACATCAGTTATGTAATTTCTATTAGTGCGGTTATTGCTACCGCGAGTGTGTTGCTGATATTCCAACTGGGCCAGCCCCGTATTTGGATGAGCATGAGCCGCGACGGTTTATTGCCGAAAGTATTTTCGCGCATCCACCCCAAATACCACACGCCATCGTTCGCTACTATAGTTACCGGTTTTGTAGTTGGGGTCCCTGCCCTGTTCTTAAACCTTACCGTAGTAACCGACCTAACCAGCATAGGCACCTTATTCGCATTTGTATTGGTATGCGGCGGCGTACTTTTATTACCACGCGAAGCGGCTGTTAAAGGAAAGTTTCACTTGCCATACATTAATTCGCAATTTATAGTGCCGGTGTTATTTATAGTGGGCGTGTTCTTCTTCCGCCATAACATCGTTAACTTAGTTAGCGGCGAAGCGCTGCACCATAAGTTCCCTTACTTTTTGTTTATCATACTTTCCGCAAGTTTGGCCGTGCTATCGTTTGTTAAAAAACTGTCGCTGATACCTGTATTAGGCCTTGCAAGTTGTTTTTACCTAATGGCCGAACTTGATTACGACAGCTGGATCCG
NZ_CP133775.1_gap72	3796164	3797334	1170	AGAGCTGAACGGTAAAAAACTGGCGGTTAAAATTCAGTACCCGGGCGTGGGCGATTCCATCTCATCCGACCTTAAACTGGTAAAACCCTTCGCGTTCCGCATGCTGGGCATGAGCGAAAAGGAGCTTAACGTTTACATGAGCGAAGTGGAGGAACGCCTTTTAGAAGAAACCGATTATGAGCTGGAAGTACGCCGCTCGATAGAGTTTTCTATCGCCTGTAAACACCTGAACAATGTAGTGTTCCCGGGATACTATCCCGACCTATCGAGAAAGCGCATTATCACCATGGATTGGCTGGAAGGGCAACATTTAAAAGAGTTTTTAGCTACCAACCCATCGCAGGAACTGCGCGACCAGATAGGCCAGGCACTTTGGGATTTTTACAACTACCAGCAACACGAATTGCGCGCCGTACATGCCGACCCGCATCCCGGTAACTTCCTGATAACACCCGAGGGCAAACTGGGCTGTATAGATTTTGGCTGTATAAAGGTGATGCCCGATGATTTCTATTACCCTTTCTTCTCGCTCACCTCAACCGACCTGTTCGAGAACAAAGAAGAAACCATTAAAGCGTTCCGCAAACTGGAAATGATATTGCCTAATGACACCCCGGCGCAGATCCAGTTTTTTTACACCATGTTTAAGCAAATGATAAGCCTGTTTGCCAAACCATACATCACTAACACATTCGATTTTGGAAAGAAGGAATTTTTTGATGACCTGTTTGGCTTTGGCGAAAAAGTTGCCAAAATGCCCGAGTTTAAACAAGCACGTGGTGTAAAGCATTTCATCTATGTAAACCGCACAAACTTTGGCTTGTACAATATATTACATGAGTTACAGGCCCGCGTTAAAACAGATACGTACAAGCCACATGTAGAAGAGTTGGTTGGATAAATTAGCCTTAGGGAAATTTAGATAAACCTGAATACCAGCGCAAGCGAAAGGCAGGCTGTAGATACCCACGCTATATTTGCCCGCAAGTACCAGGCCTCAATATTTGTTACCCGGCCTGTGCCTATGTAAGAGTTTGAGCGATGGCGGCAATACATACCGAAAGCTATCAGCAGGATAAAACAACGCAAAAAAAGCAGATAATTAATCGATGAAAATCGTATGTTAACATGTTATTATTTTAGCTGGGGTTCTGTTATATCTATTAGAAT
NZ_CP133775.1_gap73	3816989	3817887	898	GATGATGTTTCTATATACAATACAGAACTCTCTGCCGCCAATATCGCTACCCTTGACGACCTTAACCTCATTGGCGCAGCTACAACCTGTACAGGCGCGCCTTTAACACTTTATTCGCCTGCAATTACCGGGGCTACCTACAGCTGGGCAGACCCGAACGGCTTTATACAAAGCGGCACCAGCAACACCGCCACTTTCCCGGCTGCAGTAGCGGGTACTTATGTACTTACCGTAACCGGGGGGCCGGGCGCGTGTGCATCAACAGCAAATTATGTCCCTACTTTATACGCCGCGCCTACCGCACCGGTAATAACTTCACCGGCTACGGCTACACCGGGCACTGCTGTCGCCTTTAGCGCTCCCGTTACCGCCGGTATAGCATACACCTGGACAGTGGATGGCGGCACACCATCTTCTACTACGGCGGCCGCTATAACTATAAACTGGGCTACAGCAGGCTTAAAAACGGTTACCCTTACCGCAACAAATACCAGTGGCTGTTTCACAACTACAACAAAAACAATAATAATTAGTAAAACTTTTGTTGCCGGTAACTATGCATTTAGCCAGCCTATAAGCATGGCGGCGCTTGGTAATACGGGCACTCTTTCTTACTTCCCTATGTTGGTTTATATAAAAGAGGATGCATTAAAATCGGGTACAAATTGTACAAACAATGTACAGTACCCCGGCGGATCGGCCCCAAATGGCTACGATTTTGCATTTACCCAAACAGGTACCACTACCGAGTTATTTTACCAGGTAGAGAGCTTTGATGCCACTAATGGAATTTTAATTGCCTGGGTACAGGTGCCATCGGTAACTAATGCAGCTACACCGCTTACATTCTACTTTGGGTCTACAGCGCCGGCACATGATGCCACTTTTGCTTATGGTA
NZ_CP133775.1_gap74	3819887	3824878	4991	ATTTCAAGCACCATTTATCAATTTAATTCAACATCTAAACAATACGCCAGCTATCAGCAAAAAACTACTGTAACTGCAATAGCCGATACTACATCAACCATTAACACCGGTGCAACTTTTTCAAGTGATGGTGTGGTTAGTAATATGATATCAAGCGGCCAGGGTTTCTTTGTAATCGCTAACGCGCCAAGCCAAACCCTTACCTTCCGCGAATCGGCCAAAACCACTACACAGGCCGCTGCAGCAAACGTTATAACGCTTATGAGCACTTCGTTACCGCCATCCGGCGATCAGTCAGAAGCTTCTATGAGGATAAAACTTGTTAAGGATGACGTAAATTCCGATGCTTTCTCTATTGTATTAAACAACAGGAACCATACAAAATATGTGCTTGATGAGGACGCCATAGACTTTGGTGGCAATGGCGCCCAGGTTAGTTTAACGGCCTATTCTTCAGACGATGTACCACTGAGTATAAACAGGTTACCACTACCCAAATTAACGCCACAGGTTGTACCTGTTTCGGTTTATGCTACAACAAATGGTTTATATGCTTTAAAAATAGAAGCCTTAAGCGGCTTATCTTCTATTTACCAGGTTTGGTTAATGGATAGCTATAAAAAAGATTCGCTTGATATGCGTGCGCACGACACGTATAATTTCAATATCGACAGATCTGTAGCAGAAAGTTTTGGTAAAGCAAGGTTTAAACTGGTTATATGCCAAAATGCAGCCATCTGTTTAAAACTGCTTGATTTTAACGGTACTAAATTAATAGATGGCAACAAGCTGAGGTGGATTGTAGAGAACGAAGCCAACTACACCAACTTTACAGTTGAGCGCAGCACAGATGTCGGCAAAACTTTTGAAGTAGTTGGCGGCTTTATTTCTACCGGCAAGGGCACGTATACTTTAATTGATAAAAACCTGCCAAAAAGCACCGCCCAATATCGTTTAAAACAAGATGATATTAACGGAGCGATCAGCTACTCGAAGGTTATTACCATTATGTACGCAAACACCACTAACCTTACCGACAAAACATTTAACGTTTACCCTAACCCGGTTAGCGATATGGTTAACGTATCGGTTACTAATCCCAACCAAAATCAAGAGGCAACCTTTACAATTAAAATAACTAACGGAAGCGGTATAGTTGTACGTTCAACTAAATCTGCAAAAGCCAACTGGCAGGATAATGTTGGTAACTTTTACCCGGGCACCTATTTTGTGCAGGTGATAAACAACAACACCAAAAAAGTGATTGGGAACGGAAAATTTGTAAAATTATAATTAAAAAAGGTAAGAGAACAAATGAAGAAGACTTTAGTGTTATTTACACTACTAATTATAAATACAGTATCGTACGCGCAGATAATTAACCTGTGCCTTGGCGTCGATAACGAGGAAACCTGCCCCCTTGATACCTGGGTATATTTATTAGTACTTGCCTTCATTATATTCGGCGTTTATAAGATTCAGCAAAAACAAAAGAAACTGAGCGTTTAAAGGGCGTTTTAAAACGTTACAGGGGCGTAACATGCTTTATAATGTTCACCTAAACTACTAATAACTTATTATTAGTAGTAACCATCTGATTATCAGATTATTAATAACTGCTTGTGGTGTGTTCATTGCGTGAACATGAACACTAAAGGCCTTAAATACGGTAACCAAAAAGGGGATGCAAATTGCATCCCCTTTTTGGTTATATAAAATCCTTTTATGATTTACGCATCGGCGGGGTTAACTCCAGCTGTTTCATAATACCTTCTACCACCTTAGGGATATCGCGCATGGTTTGTTTTGGGTTATGCAATTCGCCAACGCCATAACCTCGCCATACTACCTGTTGGGTTTTGCTATCAATCAGGTCAATAATAATCGTACCTTCTTTATAATGTACTTTCTCGGCAAAAGTTGGCCCTCCCCAGCCGCCGTAGCCCCAGGGGCCTCCCCAGCCAAAGCCGTATCCCCATGGGCGGTACCAGCCACCACCAAAACCGCCGTAAAAGCCACCACCGTAGTAAGGTGAGTAAAACTCTGTTTTAGTACCACGGCCGCTAACCGTTAAATAACGCACCAGCAAGTCGGGATTTTGGTTTTGAAGTACAAGGCCTTTGCCAACCAGTGCTTGCCTTGTAGCTTCTTGTACTTTGCCGCTTCCAATCTCGTTGAGTGGGCGCCACTGCTTGTTTGGGTTAGTTTGCTGTGCTGCCCATGCAAAGGTTTTGTAGGTTGATAAGTTTGTTTTGTTTTGGGCAGCTGTGTAGTAATTGTAGCTGCTACAGGCCGATAGTAGCGATACGACAGCCACAGTCAGCGTTAAATAGATATTTTTTTTCATTGCCTCACCAGTTATAAATTGTGTATTAGACTAATTACTTCGCAAAGGTTTAATCTGTTTTATCAAAAATTAAACTATTTTTTATGTTAGGTATTTCCCTACTATTGGCATACGCCTGCCCATTCCAAAGGCTTTAGGCGATACGCGGAGTATTGGCGGAGTTTGATAGCGTTTATGCTCGGCCATATTAACCAGGCGCAGTACTTTGTGCACTACGGCGTCCTCAAAACCTTGTTTAATGATCTCGGCAGATGAACGGCGGTGTTCTACATATTGCGACAATATCGCATCTAAAATATCATATTCGGGCAGCGAGTCGGTGTCTTTTTGGTCGGGACGTAGTTCTGCAGATGGTGGTTTAACAATGGTGTTTTCGGGGATGATCTCGCGGTCGCGGTTAATATGGCGTGCCAGTTCAAAAACCTGTGTTTTAAACACATCGCCAATAACCGAGATACCGCCACACATATCGCCATAAAGCGTACCATAACCTACGGCAGCCTCGCTTTTGTTTGATGTATTGAGCAGGATATAGCCAAACTTATTGCACATGGCCATCAGCAATACAGCCCTGCTGCGCGATTGGATATTCTCTTCGGCAATATTAAAAGGCAGGTTATTGAATTGTGGATGTAACGAACTTTCAAAAGCATCGGTTATTTTTTCGATAGCGATAGTTTCTGATTTACAACCCAGGTTGGTCACCAGGTCTTCGGCATCTTTAAGGGAATGGTCGCTGGAGAATTTTGACGGCAGCAGTACCGCCATCACATTCTCTGCACCCAGTGCCTCGGCAGCCAGGGCACATACCACGGCAGAGTCTATCCCACCCGATAACCCTAATATTGCCTGCTTAAAGCCCGATTTATAAAAGTAGTCCCGTATCCCCAATATCAGCCCCTGGTGAATCTGATCTATATCACTTGGGCGATCTGTTTTTTGGGTGGTTTGATGCTCAAAGGTAATACTCGCATCATCCTGCAAAGTATAGTAAGCGGTATTCTCGGTAAAGTAAGGCAGCTCATCGGCTATCTCACCGGTATTGCCAAACACCAAAGATCCACCATCGAATATCAATTCGGTTTGCGCGCCTACATGGTTCACGTAAAAGAGCGGCAGGTTATACCTGCGGGCGTTATCGCTTAAAATAGCAATCCGCTCCTCATCATGGTTATAAGCAAATGGTGATGCCGCGATGTTGATCATCACATCAGGTTTTTCCTGGATCAATATATCCATAGGGCGGGTAACATACAGCGGGTTCTCAATGGTGTTCCACAAGTCCTCGCAGATGGTTAGCGCTATGCGTTTACCCTTAAAATCAATACAGCTAAACTGGGTCGACGGTTCAAAATACCGGTATTCATCAAAAATATCATAATTGGGCAGCAGGGCTTTATTTACCACCGCTTTTACTTCACCGTTCTCTATAAAATATGCAGAGTTATTCAGGTCCTTACCCTCCGGATTGTTGTTTGAGGTTGGTAAGCCGATAATACACGCGATGCCGATACACTCGGCTGCTATTTTTTTAGCAGCATCACCACAAAGACTGATAAATTCGTTAAACTCCAGGAAATCACGCGCGGGGTAACCGCAAACACATAACTCGGCAAAAACCACCAGGTCGGCCCCGTTTTGTTTTGCTTCGCGGATGCCGGTTATGATCTTATTTGTATTAGATTCGAAGTTACCGATGTGATAATTAAGCTGGGCTAATGCTATCTTCATGTTATTTTGAGTGGTAATTGGTTATTTGACAAGTGGTTAATAAGCTTATAATGAAACAAAACCATTCACTACTCACCACTTAACTACTCACTAATCCCCCTAATGCAAATAAAAAAATTATTTTTGCTAAAACGCTATTAATGATGTCTAATTCATGTAAAACAACGCTTATTTATACAAGTTTCTTTTTGTGCCTGGCTTTTACGGCCTGCAAGCGCAATAAAAAGGTTGATGTAAGCAATATACCTGTTGATGTTAAGATTGAACGCTTCGACAAGGATTTTGATTTGCTGCATACAAAACCACTTAACCCGCAGATAGCTGCCTTGCAAAGCAAGTACCGCGTATTTTACCAAGATTTTATTGAACGCGTTTTAAAGATAGGTAGTACTGCCGATACAAACTATTACAAAAACCTGCGCGATGTTTTTGCCGGCAAGGCATATACCGATCTTAAACATGATGTGGATGCTGCTTACCCCAATACCGATAAGCAGGATGCAGAACTAACGGATGCCTTCCGCAGGATAAAATATTTTTACCCGCAAAAGAAGCTGCCAAAAGTATACGCTTACTTCTCAGGCTTCCAGGCGCAAACTACTATTGGGGATGGTTACTTTGGTATCGGGCTTGATCTTTTTTTGGGTGCCGATTCTAAATTTTACCCGGCGTTGGTAGAGAGCTTTCCGCATTACCTGTCGCGCAGGTTTACTTCCGATAATATTGCCCCACGCGTGGTAGAAGGTTTAGCCCGCGAGGATATGTTCCCCGAAGATGACCGCGATAATTCATTACTTGCCAAAATGATATACAACGGCAAGATACTATTCTTTATGGACCAAACCCTGCCCGATGTGCCCGATTCTACCAAAATAGGCTACACGGCGCAACAACTAAAATGGTGCGAAGACTT
NZ_CP133775.1_gap75	3841026	3844703	3677	AGCATATTTCTTGATCAAAGCAACCTGGTTACCAATGGGTTAAAAAACATTAATAACAGTTTGAACAAAGAGTTTACGCTTGAAGCGGATTACCAAACGCCAACTTTCAAAAATCAGTTGCTTGAGTTTGGCGTCAAGAATATTTTACGCAAGGTAAATAGCGACTATTCTTCTTTTTCAGCTGATGACGCGACGCTTAATTACCTGCCGCTTTCTTCAGTTAGTCTGTCTAATGCCTTCAATTATCAACAAAACGTAACAGCAGGTTATTTGTCATATACACTCGCGCTTCCAAAAAACTATACAGTTAAGGCAGGCGCGCGTTATGAATACACCAGCATCAATGCAAATTTTCAAACAGGTTCGGCAGTTAGTATACCCAATTATAGCGTTTTGGTGCCCAGCTTTAATATTGCCAGGAAGTTTGATGGCGGTGATATGATCAAGCTGGGTTACAATCGCCGTATACAGCGGCCATCACTGGAGTTCTTAAATCCAAATATCCAGTCGTCAAACCCTTTGAATATTACGGTGGGCAACCCGTCACTTCAACCGGAATTCACTAACAATTTTGAGTTGGCTTACAGCACGCACATCAAAAACAATAGTCTCAATGTATCTGCATTTATGCGTAATACTAATGATGCAATACAAACCATCAGGACAAGCAGCGGCGATACCGTCAGAACAAGCTATCAAAATTTGGGCAGGCAAAATGCCTATGGTATGAGTTTATCTGTTAATATATCACCAATCAACAAATTAAGCATTAATGGTGGTATTGACTTTTACCACATAAGCCTCGACAACCAGGATCCTGATCCAGTTTTCCATGCTTCAAACAGCGGCTGGGTTGCCAATTACCGTTTGTTTGGCAGTTATGACCTGTCCGATAAATATTCGTTGCAGGCATTTGCTTTCCGCCGCTCCAATCAGGTCCAGTTACAAGGCTATCAAGGTGGTTTCGGCGTTTACGCCCTGAGTATTAACCGGTACTTTAACGGTAAAAAGGGGAGTATTGGCATCGGTGCAGATAATTTCCTGACTAATGGCTTTCATATACCTACGGTTGTTAATTCCGGTAACATCAGCCAAAACGCAGTTAACGTAAATTACAACCGCAGTTTCGAAATTAAGTTTAGTTACAAATTTGGTGGTTTGACCAACAAGCCTAAAAAGCCTAAGAAGACCATCAATAATGATGACCTGAAGCAGGACAACAATGGCGGTAATAATTAACAACGGGAATTTCGTCTAAATTTCTATGATAAAATCTTAATTTGTATAGTGGTCTAACAGGCTTGAATATTCTTGTCAAATTAATACTCTGTAATAACTTGATCCTAAAAAGAATATCGTGTCACTGAAAAAATCACGTCGATCACAAAAAACTCAGTTTTCATTGGTAAGTCCATGTTTCCCGTATCGGATCATTTCAAGGATAAATTTAATAGGATTGTAGGTACCTCGCGATGATTGCTATGCAAAGAAAAAAGGTATATCATTTTTACTGGCGACTCCTTAGTGGCTTATCAATCAGATTTTTAGTCTTACGTCGTTAAAAACCAGCCACACGTCTATTATATTATAATTTAGGTCGACTTTAAAACAAACTGATTTCAAGTTTAGATACCTTAGCATAACCAGTAACCACTTATATCATCGAATTTAATCTAAGAATTTACAAACAATTTTTTATTATGAAAACATTCAAATTAATAGCATTATTTACCCTTTTGATTTCGACTAGAGCCTTTGCTCAACAAAAATCCGTGTTCAAAATTTCCGATATTTTTCATATCAAAAGCGGCGGAGATTACGATTATCTTACTGTCGATAGTGCATCCAATAGGCTTTACATATCCCATGGGAACAAAATAAATGTCATCAATAAATTTACAGGCGATTCGATTGCCATAATTTCCTCCAAAAAAGATGTCCATGGTATAGCCCTGGTTCATGAATTTGGGAAAGGCTATATATCCAACGGATCTGCAAAAAGTGTTTTGGTCTTTGATCTGAAAACACTTAAAGTATTGGGGCATGTGCCCGCCGGTGACTTTTCTGACGGTATTTTCTACGATGATTTTTCAAAAAAAGTCATTTGTTGTAATGGGAAAAGTAAAAATTTGACGGTGATAGATCCTCGAACTGACAAAGCTGTGGCAAATATTCAACTAACTGGCTGGCCTGAAACGGCAGTAAGTGACGGTAAGGGAAAAATATATGTTAATAATTCAGAAAAGGCAGAAGTTGATGTTATAAATGCAAGCACTTACAAGGTAATTCATAGGTGGCCTAATAGGCCAGCAAAAGCGGCCGCGGGTTTGGCTATTGACCGAAAAAACATGCTTCTTTTTGCAGGGTGCGACGAAAAAAAATTGATTGTTATAAACGCCCGGAACGGAAAGACCATTGCAACCTTGCCAATTGGGGATGAATCGGATGCAATCGGTTTTGATGAAAAGTCGAAACTCATATATTCTTCTAATGGTGAGGGAACATTGACCGTTATAAAAGAAATATCGCCAATCAAATTTGCTGTTGCCCAAACTTTAAAAACTAAAAAAGGTGCAAGGACTTTAACTGTAGATCAGGTTACGCATAAAATATATTCGACAACGGGCGCTCCTGCACCAAAGAAAAAGGGGGAATTCAGACCTTCTGTAATACCTGGAACTTTTGAAGTGTTAGTTATCAATAGATAAGCTCCCAACCGGTTCCCATTGTATGCATTCAGGACTCATTCAGTTTAAAAAACCCAATCTATTAAAGTGGATAACAAAACAATTCCGCAGGCTATAGCGAAAGTAGTAGCGTTTAAGTATTAAAAAAATGAAAAAAAAAATTTTAGCGATAGTATTGTGTGCCAGCTTTTATGGCTTTTCAAGCGCTGATTTGCCGTCGGACAAAAATGAACACCTTTTTGTTGACGACTATGAAAATGTTCTTGGAACCTCCCTGGAGATAAAAATTGCCGCTGCGGACGATGGGCAAGCCGCAAAAGGGGAAATTACTGCTTTGGATGAAATTGAACGGTTGAATAAGGTTTTAAGCGGTTATGATCTTAACAGCGAATTCAGACGCTGGATGAACGCCCCAAAGGCCCCGCTGAAAATATCACGGGAGCTCTTTGACGTTCTTTCTTTATTTGAAGACTGGCGTATCAAAAGCGGCGGAGCACTTGACGCGTCGGCAGAAACGATTAACAGCGTTTGGCGGAATGCTGCAAAACACAACAGAATTCCTTCTGCTACCGAAATTTCAACTGCACTTTCATTAGTTCGTGAACGACATTATATCCTCAACGCTGAAAATCAGACAGCCTTTCGCACTAGCGATGCTCCGCTAATGCTCAACTCCTTTACCAAAAGCTATATCATGAACAAGGCCACGAATGCAGCACTGGCAATTTCCGGTGTTTACGGGATTGTACTGAACATTGGCGGCGATATTGTTATACGCGGTAAACATACCGAAGAGGTTGATGTGAGTAATCCAAAGGCGGACGCCGAAAATGACCCTCCAATGTCAAGACTTCAGCTCCAAAACAAGACGATTGCGACCAGCGGCAATTACCGGAGAGGCGAATTGATCGGCGGCAAATGGTATTCCCATATTGTTGACCCCCGTACCGGTAAACCGGCTGGCAGCGTGATCAGCGCAACGGTTATTAC
NZ_CP133775.1_gap76	3846632	3851219	4587	GCCGATAGCTTTTCTACCGTGTAATCAATTTCTTCGCCAGTATTAAATTTGCTGAAAGAGAACCTGACGGTGTTTCTTGACAGATCTGCACCTATGGCTTTTAGCACATGTGATGCCGTACCTGTTGAACATGCGCTGCCTCCCGATACCGAGATATTATTCTGATCAAGGTAAGTCAACAGATTGCCGGCTACGTGGTTATCAGGCAAGCTTGCACTTAGTACAGTATAAAGGCTTTTATCTGCAATGGCCGAATTGCCGTTGAAATATACATCCCCTATTTGTTCCTGCAGTTTAGTTATCATCCTGTTTTTTAATTTTTGGATATAAACATGGTGCTCGTCAATATCTCGGTAAGCAACTTCTAAAGCTTTTGCCAGGCCTATTATACCGTGGATATTTTCGGTACCGGCACGTAGCTTGCGTTCTTGTGTACCGCCGTGTAATAATTGTGATAACTGCACACCATCACGGCAGTAAATAAACCCTACCCCTTTGGGCCCGTGAAATTTATGTGCCGATGCCGCTATAAAATGCGTGTTTAGTTTCGACAGATCGTGCCTGTAGTGACCCATGGTCTGTACCGTGTCTGAGTGAAAAAGTGTGCCCCTGCTTTTACAGACCTGGCCAATCAGTTCGATGTTGTTAAGATTACCAATTTCGTTATTGGCATGCATTACCGATACCAGCGAGCGGCTACTGCTTCTTAACAAAGCATCCAGGTGGTTAATATCCAGGTTACCGTGGCTATCGGTATTGATGAAGCTTAGTTTTATTTCGCCGTTATTTTTCAATACTTCTAAAGTATGCAGCACGGCATGGTGCTCAAACGGGGTGGTAATAACATGTTTTATTTGATGGGAGCGCACGCTCGACAGGATGGCGGTATTATCAGCCTCGGTGCCGCCGCTGGTGAATACAATTTCGTTTGGCGATGCATTCAACATGTCGGCTATAGTAGCACGCGCACCTTCAATAGCTTGCTTCACCTCGCGGCCATGCTCGTGGTGTGACGACGGGTTACCGTAATACTCTAATAAATATGGGGTGATGGCTTTAAATACTTCGTTATCCAATTGGGTAGTGGCTGCGTTATCCAAATAAATTCTCATCGTGTCTGTTTTTAAAAATGTTACCGGCGTTGCTTTAGTAACTTATCTCAAAAAAAAGAGGACACAAAGGATAAAGCTATTAACTTTTAATGTATGGTCATCTTATCTCTCTCCCAATTGTTCGGAGCAGGAATTAGCACCTTTTACACACTTGTTAAAGCGGTACAGGTTGCTAAGACGTCGTAGGGCCTTTCCCTCTGTCTTTCTGGATAAGTTATTAAAAGAACGAATTAATGATGCAAATATATAATATATTCTATAATGCCCATGGTTTTAATAGAATTAATTTGAAATATTTTAATTTGGAGCTTAATTAGCCAATTATCGGATACCCTTCCGAACAACCCAAAATTTAAAAACGGACACTTATTTGGCCATTAAACGACGTGTTGACTATTCTTTACAACAGCGTGTACTGCTTTTGCATACACCTTTGCTAAATACTGTTTTAATATTCGGTCTAAAACTTACGTTTCTGCACATTTTTGGTTTTAATGTAAAAATATATCGTACCTGATGTCATTTTTTTTCATTGTGATGAAAAGTTTGGCATTAGTTTGGAATAGTATATATAAAACGGAGATAAATTATGATCGACGAAACAACTGAAAACCCGGACGAAGAGAAAGAGTGGGAAAACCCTAAAGCTCCTGAAAATACATCTGACGAGCGGGACGAAGAGCAAATAGCAAGGCAATACAAAGAAGCTAAACGCAGACATGATAACCTTAGCGAAAACCAGGACAAAGAGAACAACGAAGAACAAACTAAAAACTAAAAAAACTTTAAAATATTGAATTATGAAAACTCACCAAAAACCATCTACCAGCAAATTAGTTAACCGTTTCGATAAAGAGTTAATGAACATTTTGATGAAAGACCTTAAAAAATTAAAAATTGCAAGCCGCATAGCTGCATAGTTAATCAAACAAAACTTAACTCATACACAACTATCTACTATTAAAGCTCAATACAAACCTGCAACAAGTAAATTAGTTACCCGTTTTGATAACGAATTAAAAAACTTATTAATGGAAGACCTTAAGGCTTTCAGAGAGAGAAATCAGTTTATATCAAGCAACAAACAGAAAGTTGCACAACAACAGTTGGAGCCGCCTGATCAATCATATAATCTACAACATCTATTTACAACATTCCTTTAAGAAAATAAAGCCTTGCTATTTTAGCAAGGCTTTATTGTTTTGGGCGTATTTTACAATAAGTTTAGCCGTTTTGGCCGAGGCGCCGGGCGCGCCCATCCGCTCATCAAGCACATCATAATCGGCTAGCATTTGTTGGCGATGGTGGGCGTTGTGCAGCAGGTTATTCAGTTCTTCAGTAATATTCAATGAGGTACAATCTTTCTGGATCAGTTCTGCCACCACTAGCTTGTCCATAATAAGGTTTACCAGCGATATGAATTTTATCTTAATTAGCATACGGGCAATGCCAATGGTGAGCGCGTTGCCCCTGTAAACCACTACCTGCGGCACATTAAATAAAGCGGCTTCTAATGTTGCTGTGCCAGATGCTACAACCGCGGCTTCTGCATTGGCGAGTATATCATAAGTGGCATTAAATATCACGGGGATATTTTTATCGCCAAGGTATTGTTTATAGTATTCGGCATTGAACGACGGCGCGCCTGCCACCACAAATTGGTGATGGGGGAATTTTTCTAATGCGCCCAGCATTTCGGACAGTAAGCGGCTTATCTCCTGCTTGCGGCTGCCGGGTAAAAGGGCAACTATTTTTTTACCGGTAAGGTTATTATCTACAATGAAATTAGGATTGGGTTTAAAAGCATCAACAGCATCCAAAAGGGGGTTGCCTACGTAATCGATCTCCATCCCCCAACTCTTGTAAAATTCCACCTCAAACGGCAGGATGCAGAACATGTGGTCGACAACCTTTTTAATCTTCAATACACGTTTCTGGTTCCAGGCCCAAACTTTTGGGGAGATGTAATAATACACTTCAATTCCCTGCGCTTTGGCAAACTCAGCTATCTTCAAATTAAAACCTGGGAAATCTATCAGTACCAAAACATCCGGTTTGTAAGCCATGATATCCGCTTTGCATTTCTTTAAATTTTTGAGGATCGTATTCAAATTGATAACCACCTCTACAAAACCCATAAAGGCCATATCGGCGTAATGCTTTACGAGGGTACCACCTTCGGTCTTCATCAGGTCGCCGCCAAAAAAGCGGAAATCGGCCTGCTCGTCTAGCTCTTTTAAAGCTTTCATCAGGTTCGCGCCGTGCAAATCGCCGGATGCCTCGCCGGCTACCAGGTAGTACTTCATTTATCGGTATACTTTTAAGATGAATATCAACAGCGTGCACACAAAGGTAGCTATCATTATCCCGGTTGAAGTTTTATCCAGGTAGGCCCTTGCAGAAAACCGCAGCATCACCAAATTTATCCCAATGGCTATAAGATACGGCATAGCTGGCTTATCCATTATCACAGCGTCATTCTTCAACAACACCACGAATATCACCCATGCAAGCACTGGTGGTATCATGCCATATAATATACCTACAAAAAGATTATTCTTTGGCGAGAACTTTAAAGTCTCCTCTTTCGGGAGAGATTTAGAGGTGGTTGAAAGGTTATTCTTTTTAAACATTAAACGTCCAGGTATTTAAAACGGGTATAGCGTGGTGCGCGGTCATATCAAATTGCACGGGCACAACAGACGCGTAATTATGGTCGAGTGCCCAAACATCGGTATCCTCGCCGTGGTCGTTATTCTGGAACACACCCGTTAACCAATAATAAGGGCGTTTGTAGGGATCCATCCGCATATCAAATTCTTCAGCCCATTTGGCGTTGGCCTGGCGGCAAATTTTAATGCCCTTTATCTTATCCCTGGCCGGGAAATTCACATTAAGCACTGTACCCACAGGCAGGCCGTTGGCCAGCACCTGCTGCGCTATCTCTTTCACATATTTTTGGGAAGGCTCAAAATCGGCCTGCATAGAGTAATCGTCTAAAGAAAAACCAATAGACGGGATGCTTTCTATAGCACCCTCAACAGCCGCCGACATGGTACCAGAGTACAATACATTGATGGAATTATTAAGTCCGTGATTAATCCCCGACACACAAAGATCGGGCTTTACGCCATTGAATACTTTGGTTACGGCAAGTTTAACACAATCTACCGGTGTACCGCTGCAACGATACATTTCTATGCCTTCGTAAATATCAACCTCATCTAAACGGAGCGGTTTACCAATGGTAATGGCATGCCCCATGCCCGATTGCGGACTATCGGGCGCAACAACCACAACCCTGCCAAGCTCTTTCATGGTGTGCATCAGAGCTTTTATGCCCGGCGCGGTTATACCATCATCGTTTACTACAAGTATCGTGGGTTGTTTAGACTTAGCCATGCGGCAAAAATAACTATAATTGAATTAAGCTTTGGGTAGATGTTTATTAAATTATTCTGTTCACAACCGCTGT
NZ_CP133775.1_gap77	3857468	3860629	3161	CGGCGGTTGACCAGATAAAGCTTTGGGGCGAACGTGTTGATGTTAAAGTGGTAGCACAAGCCATGGGCAGCGACCCTGCCTCTGTAGCATATGATACGTTGCGTTCGGCAGTTGCCAATGGCGACGATGTGGCAATTATTGACACCGCAGGCCGTTTACATAATAAAGTAGGTTTGATGAACGAGCTTACCAAGATCAAAAATGTGATGCAAAAGGTAGTCCCCGGCGCACCGCATGAGATACTGCTTGTACTGGATGCATCAACCGGGCAAAACGCCATTGAGCAATGTAAACAGTTTACCGAAGCTACTGCTGTTAACGCCCTTGCCCTAACTAAGCTTGACGGAACGGCAAAAGGGGGTGTGGTGATAGGCATTTCGGATCAGTTTAAGATCCCGGTAAAATATATAGGCGTAGGCGAAGGTGTTGAACATTTGCAGTTGTTTGACAGGAATGAATTCGTAAACAGTCTGTTCAAGTAAGAAATAAATGAGCGCCTAAGCGCTAATAAAATAAAAGCGTCATTGCGCGGTATGAAGCAATCTCTACAGAGGACAAGCCGCCCCTGTAAAGCAAAGAGATTACTTCATACCTCGCAATAACAGCGTGGGAATAGAGCAATGAGAACAAAAGAAATTACAAAGCCGATACTTAAAAAGAAGCCCCGTGTAAACGTGGTTACTTTGGGCTGTTCAAAAAACATATACGATAGTGAGGTACTTATGGGCCAGCTTAAGGGCAGTGCCTATGATGTGGTTCACGAGTCTGATAAAATGCGAAGCGATGATATCATCGTCATCAATACCTGTGGCTTTATAGATAATGCCAAGCAGGAATCTATAGATACCATCCTGCAATACAGCGAGCTTAAAGAGCAGGGCAAGGTTGGCAAAGTGATCGTTACCGGTTGCTTAAGCGAGCGCTACAAGCCCGAATTAGAGGCCGAGATCACCAATGTTGACGCTTATTTCGGCACAAATGACCTTCAAAACATACTGCAAAGCATCGGCGCCGACTACAAACACGAATTAATTGGCGAGCGTTTATTAACCACGCCATCGCACTTTGCTTACTTTAAAATTGCTGAAGGTTGTAACCGCCCATGCTCTTTCTGCGCTATCCCATTGATGCGCGGCAAACACGTTAGCACACCGATGGATCAATTGGTTAAAAACGCCGAGAGCCTGGTAAAAAATGGCACAAAAGAATTGATCCTGATAGCACAGGACCTTACCTACTACGGCCTCGACCTATATGGCAAACGTAACCTGGATGAACTGCTGCGCCGCCTTAGCGACGTTAATGGTGTGGAGTGGATCAGGATGCAGTACGCTTATCCTTCGGGTTTCCCTATGGAAGTTTTGGATGTGATGAACGAACGCGATAACATTTGCAAATACCTGGATATGCCGCTACAGCACATTACAGATAACATGCTAAAATCAATGCGCCGTGGGTTGACCAAGCAAAAAACCATTGATGTGGTGAACGAGATCCGCGACCGGGTGCCCAACATCGCCATGCGTACCACACTGATCACTGGTTACCCCGGCGAAACGCAACACGATTTTGAAGAAATGGCACAATGGGTAGCAGATACTAAGTTTGATCGTTTGGGCTGTTTCACTTACTCTCACGAGGAAAAAACACATGCCCATAGCTTGGTTGATGATGTTCCTGAAGAAGTAAAACAGGAACGCGCCGATGCCATTATGGAAATTCAGCAAGGCATTTCTTTCGACAAAAACCAAGAGAAGATCGGCACCACTTATAAGGTGCTTATCGATAAAAAAGATGGTGGTTATTTTGTTGGCCGTACCGAATTTGATTCGCCCGAGGTTGATAATGAAGTTTTGATCGACGCGTCTATAGATTACGCGGCAGTTGGCACTTTTGTTAACGTAAAGATCGACACCGCCGAGGACTTTGACCTTTATGGACAAATTGTAAAATAAAACCAATTTTACAGGCCACGTGTTGCTATTAAAATATTAAAATCTAATTTCGACATTCATTTTTAGATATCTGATTTTGGTTAAATCCGAAATCGAACATCCGAAATCCGAAATTCACAAACAATGGACGCAGCCTGTATTGACTATAAAGACACGGGGTATTTTTCCCAAACGGTTATCGATTATCTGGAGAATGTTCCGGAGTTAAGGTCATTTTACGGCGAGCGCCCTACTCTTGAAGGTTTCGCGAAGTTTTTTGAGCACAAAAAAGTTATTGCCAACCGCGACCTGCTTGCCGAAGTTTTATTGGAACAATACTTTAGCAACTCGCAAAATGGCGAGCCGGAATTGGAATCTGCCGATTTTATCCGCAAACGCATCGAACTACTTAAACACAACGATACATACACCGTTACCACAGGTCACCAGCTTAATATATTCACAGGGCCACTCTACTTCATTTACAAAATAGTTACCGCCATCAAACTGTGCAGGCAACTAAAAGAAGCCCATCCCGATAAGAATTTTGTCCCGGTTTACTGGATGGCATCTGAGGATCATGATTTTGCCGAAATAAACTATACCAATATTGGTGGTAAAAAAGTGCATTGGTGGTACGAGGCTTCGGGCGCTACAGGGCGTATCAATCCCGATACCATGCGCCAGGCACTAAACCAGTACAAGGGTGTGCTTGGAATAGACGGACACTCGTCTGAACTGGGCGAAATGGTAGAAACCGCTTACACCAAGTTCGATCACCTTGCCGATGCTACCCGCTACCTGGTGAATGCTCTTTTTGGCCGCTACGGCTTGGTTATTATCGATGCTGATGATCATCGCCTTAAAGAGTCCTTTGCTCCTATTATCGAGCAGGACATCATCCAGCAAAACAGCTTTAAAAATATTACCGCCGTTAACGAGCAATTGCAAAAGCTTGGCGTGCATATCCAGGTAAACCCGCGCGAGATCAACTTCTTTTACCTGAAAGATAACCTGCGCGAACGCCTTGTTTTTGAGAACGACCGTTACAACGTAATGAATACGGACATCAGCTTTACCGAGGCGGAGTTGAAACAGGAAATTAAGACAGCGCCTGAAAGGTTTAGTCCGAATGTGGTGATGCGCCCCTTGTATCAGGAATGCATCCTGCCAAATATAGCCTACGTAGGTGGTGGTGCCGAGGTAATTTACTGGCTGGAGCTAAAA
NZ_CP133775.1_gap78	3878247	3880383	2136	TCTGTAGCTAAAAAATTATGGATTGGTAAAGATAGGCAAATGCGCAGAAAACAGGGTGTGCTAAAAGGTTGTTTTTATACACAAAACCGACTATTTTAACACTGTGAAAAAGGAATCTCAACACAATGCCAAAGTCACCAGGTTCAGGAAAATAGTAGAGAAACTTAAACCTGTAAAAAACTTAATGTATGATAAACACATCTACTATTCCCACAAGGTTAAAATATCGGACGTGGAAATGGAAGGTATAAAAGCCGGCCTCAAATACATAGAAGAAAGCAGAATTTTCACCCATGAAGAAGTGACTAATAGAATAGCAATTCAAAAGCTTTGGTTTGACCGACTAATCTTTACAAAAGACACCAATCAATAACTTCCTAAACATTTTATTATCAGTATCTTAATTTCATTTTGTACATTAGGTCAAATTAAGCTCAAACCCTTCGCAATATGAAAAAGATCTATTTTCTGTTTTTTGTGCCCATAATATTTGCGGCATGCCAAAGTAAACCCGCTGCTAATATCGCCGAAGTAAAAAAGGACACGTTTACTTATCCCTTCGGTGTTAAAACGCCCGACCAGTGGGATATGAACCACGATACCAAAAATTCGTTGCTGGCCCTTAACCTGCTAAAGGCATTTGAAAGCAACGATACTGCCAAACTAAGAAACTACTTTGCGGATAGCGTTGAACTTTGGTACGATGGCGGCCAGTTTAACGGCAAGGTAGGCCAACTGAATAAAATGATAAAAGAAGAGCTTGCCCCATACAGCGAAGTAAAACTGAGAATAGTTGATGTAGAATCTGTTAAAGGCAAAAAAGCACCTAATGACGAGTGGGTATCTATCTGGTACATCCAAAAAACTAAAGACAAAGCGGGCAGGGCAGATTCTGTCGCCCTTGTAAATGATATGCTGATCAAAAATAATAGGGTGACCAAACTACATGAATATGCAAGGCACTTTAGTATGAAGAAATAATAAACTGAAAAACACAAAAGCCCGGCCCTGCCGGGTTTTTTATTCTCTTAACTTTTTCTGTTCGCGCAGTATAGCGCCGTAGTCCATTCGCCTTATGGCGGCGTTGATGGTTTTGGCAATGCGATTAGCGCGGGTATCCTCGGTTTTGGCATCGGTTATCCATTTTATAAAATAGCCCTGGTGCGATTTTGCCAGGCTATTAAAGTACTCAAACGCTTCGGATTGCTCATAATCGAAGCAATCTTTCAGGTCATCGGGCATTTCTATCTTAAAATCTATGTCGTGCTCCAACTGTACCCGCAGAGTTGCGCCCTTAGTTTTGCGGATGCCCTTACGGATATCCTCGCGCAACGACATAAAGAAGTTGCCGCTCCCCACCGGCATTAAGGCCATCCCGGCTATCTCGAAATTATCCAGTTTACCACGCACCCTGAACGATTTTTTATTGCCCGGTAATAACTGCTGCGCAACATCGGCAGGGACTTCAATATAAGTCCAGCCCATTCTGTCGCCTTGCTCGGCTACCTGTAGTATAATGGTGGTAAAATCAACCATAGCCAAATATAAAATCATTAAGGCCTAAATATTAAATGTTTGTTAAAAGCCGCTTTTAACATTTCGAGGTGTAACTATTCGATAACCGCTTTCATCTTATATACAGAAATTAACTGATAGGTTTCAAACATAAAAAACACAAATCATTTGCAATTTTAATTTACATCATCATGAAAACCTTCCAATCAGTTAAACTTACATTAGCCCTTTTAATTACCTGCAGCTTCGCAAAAGCTAAAGGTGTACCATCAGAAAACTTAACAAAAACCCACGCCATTAATACCTACATAGACGCCATGACCCGAGGCCGTGTAAGCAACCTGAGCCAGGTGATAGACCAGTCGGCAAAGTTTGATATACAACGCGGCAATACCGTGTTAGCTACAATAAAAAAGAAATGACCGACTTTTTAAAAGCCGGCAAAAACGTTGAGCAGGCCTGCACTACCAGCACACTGTAGTAGAGAACAACGCGTATATGGCCGTAGTAAAAAGCAGATATATAGTTTGACCAATTTACCCGCAGCAACTACGCAACCTTAGCCAAAACCGGCAACGGCTGGAAGATCACCAACGTGTACAGCGTTTATAAATAATATAT
NZ_CP133775.1_gap79	3946645	3947244	599	ATGGTATCGTTAAGCTGGGATTTTAGCGGCATGGGCGGCGGTACACCGGCAAAAAAATAAGTTAAGGGAACTATAACACAGAAAATATATAGCAATGAAAAAGCACCTATTACTACTACTAACCTGCCTCATTAGCGGCAGCGCTTTATTTGCACAGAACGCGCATTTCACCACATCGGGCACTATCGAGTTCGAGAAAAGGGTGAACATGTACGGTGTAATAAAAGCCGTAATTAACAAGGATAACGAAAGCTGGTACGCCCCCGCCTTCGAGCAGTACAAAAAAAGCAACCCGCAGTTTAAGGTGCTGAAAAGCACGCTTACCTTTGGCAGCAACAAAACGCTTTACGCCCCCGTTGCAGACAACGCCACGGCATCAAACAGCTGGTTTAGCGATATGCCCCTGGCACAGCAAATAAACACCACGTATACCGACCTCAACACCAACCTGAGCGCCACCAACAAAAAGATATTCGAGGAAACGTTTCTGGTAAAGGATACCGCCCGCAAGATTAACTGGAAGATCACCGATGAAACCCGCGAGATTGCCGGCTACATGTGCCGCCGCGCCAACGCCATCGTGATGGATTCCATTTACG
NZ_CP133775.1_gap80	4047944	4051301	3357	AACCCAGTTTGGCATCATGAAAAAGTTTGCTGATTTTACCGGCCGTGTTAAAAGCAACGAGCAGGCTTTAAAAGGAACAAACGCCATGATAGACTTTGGGATGAAATATAAAAAATATGGTGTTGCCCCACCAGTGGTAGGCATATTAGCAGGTGTTAAAACCGACCGTGCTAAACTAAACGATACAGCTACTGTTGCTGCTATTGATAAAGCTACTGTTGAGCTAAACAAAACTGAATAATTTTTATTCTAATAAACGAAGCCCCTCCAATGGACTGCCCCCAATAATTGTCTAACTTTTCGGGGGCAGTCCACAATCCGGAGGGGCTTTTTTGTGTATTCCGTTTTGCCATCCTGAGCATCGCGAAGGATCTATTAACGAATATACAAGTGGGCGACATGGCGGCGATTAGATGCTTCACTATAGCTCAGCAGCAAAAAAGGTTATTAAATCGCCTCAAAATGTTAAAAAACATTATTTAACATTTATGTATTTTATAATAAAAAAAGGATTTGCTAACTTTTTACTAACTAAAACTGCTATGAAAAAATCACTACTATTTATAGCGCTGTTTTTCTGCGCAAGTCAACTCATGGCTCAAAAAGCAACCATAGCTCCGTTTGACAGTACTTTTGGCAGTAAGGTATTACAACCGTTTAAAGTGGATAGCACATGGCGTGTTAAACCACCCGCATTATCTACCGATCAGTTTTTCAAACAGGAAGATGTTGATGTAAGCAAACTTAAACTGGAAAATCAAAAGCCTTTGCTTATTGCGGCTGAGGGTTATAATATGCCGATACTTAATTTGAATAATATCTCTAAAACGCCGATTGTGGTGTTAGAGGGATATTCTAAGATGCCTGTTGCAGGTAAAGGAATGACCAAAGCTCAAAAGACAACTTTGGTACATCCGTAGTTAAAAATCCTTATTCAGTAACTTTTCCAATTCAGCGAAGCTGATATCCATTTTGATACGGCCTTGTTTGGCGTACGAGATCTCGCCGGTTTCTTCTGATACGATGATGGCCGTAGCATCATTAGCTTCGGTAACACCAATACCTGCGCGGTGGCGTAAGCCAAATTGAGCGGGCAGGTCGGACTTTTCGGTCACCGGTAATATACAACTGGCCGATTTGATTTTATTCTCTGAGATCACCACAGCGCCATCATGCAGGGGGCTATTCTTTTGAAAGATACTTTCCAGCACCCGTTTAGAAATCCTGGCATCCAGCACTTCGCAGCTATTTTGGTAAAACTGCTCGTCGTAATATTTAGCGAAAACAATCAGCGCGCCCGTGCGGGTTTGTTTCATGCTTTTGCAGGCATCAATAATAGGTTTGATACGGGCGTAGTTGTTTTTCTCTGTTTCGGTTTTGCCAAAAAAGTATAGCCACCATGCTTTGTTACGCTGTAGTGATGCATTCTTCCCCATTAGCAATAAAAACCTGCGGATCTCTTGCTGAAACAACACGATAACGGCGATAATACCTACGTCGGCTACTTTTTTAAGAATGCCGGCAAGCAATGGCATCCTGCTTTCGGGAACAATAAAATATAGCGCATAAATGATGGCCAACCCTATAAAAATATTGGCCGCGATGGTACCCCTTATGAGGTTGTATAGCTGATAAATGATTATTGCCAACAGCAATATATCCAGTATGGCAAATGGCGTTATTTTAAAGCTGCTAAAGTCAAACGAAGGCATGTCACGAAGTTAACAAGTTTCTGCTAACATCATTATTTGAAGATTGTAATTATTAAGATGATTATTTACTCCGCTCGGTAGTAAAACGTACCAATTGTTCCAGGCCGGTTTTGGCCTCACCATCGGGGAAAGTGTTGAGGATGGCAAAGGCTTCGTCCTGGTATTTTTTCATTTGGGTTTCAGAATATTCCAGTCCACCTTTTTGTTTAACAAAATTGATGATCTCGGTTATCTTCTTGGAGTCGTCGTTATGGTTTTTAACCAGTTGGATCATGCGTTTTTTCTCGCTGCTGTCGCTGTTGTTAAGCGCGTAGATCAGTGGCAGCGTAACTTTCTTTTCTTTGATATCGATGCCGAGCGGTTTGCCTACATCATCGGTACCAAAATCAAACATATCATCTTTGATCTGGAAGGCGATCCCTATCTTCTCGCCAAACAGGCGCATTTTTTCGATGGTCTCTTCATCCGCATTTGCTGATGCTGCACCACAAGCGCAGCACGATGCAATAAGTGAAGCCGTTTTCTGGCGGATAACGTCATAATAAACGGCCTCGCTAATGTCCATGCGGCGCACCTTTTCTATCTGCAGCAATTCACCCTCGCTCATTTGCTTAACCGCTTCAGATACTATCTTAAGCAGTTTAAAATCGCCATTATCTATGGATAGTAACAGACCTTTGCTCAGCAGGTAATCGCCCACTAAAACGGCTATCTTATTTTTCCATAAAGCGTTGATAGAGAAAAAGCCACGGCGCTGGTAAGAATTATCAACAACATCATCGTGCACCAGGGTGGCGGTATGCAGCAGTTCTACCAATGCAGCCCCACGGTGTGTGGATTCGTTAATACCTCCGCAAATGGTGGCCGAGAAAAACACGAACATGGGCCTGATCTGCTTGCCTTTGCGCTTTACAATGTAATGGGTAATACGATCCAGCAACGGCACAGAGCTTTGCATTGAGGTTTTGAACTTCTCTTCAAAAACATCAATCTCGGCAGCAATAGGTTTTTTAATTTCGTTGATGTTTAGCATTGAAACAAAACACGCTTTTTTATGCAATTACCTTACCTGGCAATCCGCAGCAAACATAAGCTTAAAAAAATATATATACATAAACCACAAATACTTTTACGCTGATTAAACCTTCGCCCTTTTTTACCCTCTATTATAATAGTTAGTAATAACTACATATAAGTTTAGTTTTTGTGAGTTAAAGTTTTCATTTTAAAAGTGGAGCCCAAAAGGTTCCGCTTTTTTATTGCCGTTTATTTTTACATTTGCAATCCTTTAAAAAAAACGGAGAGGTGTCTGAGTGGTCGAAAGAGCACGCCTGGAAAGTGTGTATACCTCAAAAGGGTATCGAGGGTTCGAATCCCTCCCTCTCCGCCATAGGATATCTCAAATAATTCAAAACGCCTTAAATGATGCATTTAAGGCGTTTCTTATTTTTAGACCGACCCAAAAATATTCAATAAATCGCATTGTTCTGGTAACCTTTTGGTGACCTTTTGGTGACCTGGCAGGCACCTGACACAATGGGTCATAAAAGATTATAAGTAACTATAAATTTGAGGTAGTAACTTAACTTGGTATAACTTATACTTAATACAGGTTTTATTCCTGAAAGTTACCAGATTACTACGT
NZ_CP133775.1_gap81	4074267	4078735	4468	TGATACCGCCGTTATCGCTGTATATGATATTTTCGTTCGATTTGCTGCCCGATACGGTTAAGCCAACCTTAAACCAGTTGTTTACCTGCGCGTCTACATTACTACGGAACGAGTAACGTTTAAAGTTTGAACCGATGGCGATGCCATCCTGATCAAAATATCCGCCGGACAGGTAATATGTTAGCCCGTCTTTCCCGCCAGAGATTGACAACTGATGGCTTTGCTGATAAGCAGTACGGAAAATAGCGCGTTGCCAGTCGGTACCTTTACCCAACAGGCTTGGGTCGGCAAATTCGCCGCGGCGGCCTGTACCATAAGCATCAGCCAATGAATTTTGCAGGTTCGCATATTGCGGCAAATTCATCAACTTCAAAAATTTTTGTGGCTGCTGAAAACCTGCATAACCATCATAATTTATCCGGGCAGTACCACTACGGCCTTTTTTTGTAGTAATGATAATTACACCATTAGCCGCCCTGTTACCATAAATAGCTGCTGCGGATGCATCTTTCAATATATCTAATGACTCGATATCGTTAGGATTAAGCAATGCAAGCGGGCTTGGCGAATTTGCACCATTATTAGCATTTAGCGCGGTACCGCCATTGGCGTTGGCAGCGCCGGAGATAGGTACACCATCAATAACGTATAAAGGCTCGCCCGAATTGAATGTAGAAATACCCCGGATATGTACTGAAGTTTGGCTACCCGGCGCACCCGTATTTTGTGTCACGGTAACACCTGCGGCTTTACCCTGCAATAACTGATCGATACTGGCTTGTGGTATGTTAGCAATATCTGCCGCTTTTACAGATGATATAGCGCCATTTACATCCTGCCTGCGCTGCGAACCGTAACCAATAGCAACCACATTAACATCTGTTAAAGCGGTTGTAGACGACTGCAACTGTACGTTAACCTGTGTTTGGCCGCCTATAGTAATTTCCCGGCGTTGCATACCTATAAAACTGAATACAAGTATCCGGCCTTGTTGTGGCACAGTTATACTATACTTACCATCTACATTGGTAAGCGCACTAACCTGTCCATCTTTAACAGATACCGTAACTCCCGGCAGGGTTACCCCTTTTTCATCTGTTACTGTTCCTTTTATTACCACACCCCCTGTTTGCGCCATGGTAGTTACGCAAATAAAAAAGGAGGCAAAAAGTAATACTGATCGTAGAATTTTTCCCATAATGATTTTGTTGGTTTATAATTTTATATTGGTTTTGATTGGTTCTTTGCAGCATATTCAAAAAATTGCACGGCTATGCCAGGATCACGCTGACCTCTGCACTTGCTGTTTAACAGTTTCGAATGTGTTTACAATAAATTGGTTAAAATTGGTAATGTGGTCACAAAGGCAAAAGAATACCGGTGCGCCGCCATTTGGTTCGGAGATAAAATTATGGTGTATTTATTATCCTGTTGTGGATAAATAGGGGCACAAATGTCAACCAGAATTTAAAAGACTGGTTTATAGTTAGTTATAATAGATGTGCGGAGTTTATTAATACAAAATATTGACGGACCTATCCCCGGAATTTACAAATGCACCCGATATTAATATGCAAATCAAATTATTGTTGATGTGTTTCAGCATACCTGGATGGCACCATATCATATTCGGCCTTAAAGGTTTTAACAAAATATTTTTGGCTTTTAAACCCAACCTTATTACAGATCTGTGAAATAGTTAAATGGCCGGTTTCTAACAACTGCGCTGCGCGTTTTAACCGCATTTGCCTAACCAGTTCATTTGGTGTTTTACCGGTCATCTGCAGTATTTTTTTGTACAGCGTATAACGGCTCACAAACATTTCGTTGCTTAGCTCCTCTACAGAAAAATTGGGGTTAGCGATGTTATTGTCTATCAACATTAATACCTTTTTTATAAACCCATCGTCTGGTGAATCCACTATTACCTCAGTAGGGTTCGCTTCAACCTGTTTCTGGTAAGTTTTACGCATATGCTCCTGCTGCAATAAAATATTGCGGATCTTAGAAAGCAGGATCTCAAAATTGAAAGGTTTGGTCATGTAATCTGTAGCACCTGTTCCTAAACCTTTTAATTGTTGCTCTTCGCCCGCTACAGCGGTAAGCAATATCACCGGGATATGTGATGTACGCTTATCATTTTTTATCTTGATACAAAGGTCAATCCCGTTCATCTCCGGCATTGTAATGTCGCTCACTATCAAATTTGGGTGCTGTGCAAGCGCTTTTTGCCAACCCCGCTTCCCGTTTTCAGCTTCGATGATATGGAAAGAGTCTTTAAGGTTGTCTTTGATGTAGAACCTGAAATCATCATTATCTTCAACCAAAAGCACAACCGGTTTTTTACCGTCCCGGTTATCCCTCAATTGGATTTCCCTGTTGTTGATTATCGATATATTTTCGTCGGAATGCTGTAGATGAACAGATTTATCTGTAAATAAATTTTTGTTTAACTCCTGTAAAGGGGTCATTACTGTAAAACAACTCCCCTGGTTCAATTCACTTTCTACAGTTAATTCGCCGGCATGCAAGCGGACAAACTCCTTTACAATTGACAGGCCGATACCGCTGCCCTGGTTTAGCATTGTGCCCGGGATATCATTTTGAAAGAACGGTTCGAAGATCTTTTCCTGTTTATCCGGGTGGATACCAATGCCCGTATCAATTACCCTGATCTCAAATTGGTTTTCCCCGCCAGCCGTGTAGCTTTTTAAATTTAACAATACGCTTACCTGCCCGCCTGCATGCGTAAATTTATAAGCGTTTGATAACAAGTTGAACAGAATACGCTCTATCTTTTCATGGTCGAAACTGGTGTAGTATTCTTCTATTTCGCTATCAAATACAAATCTTATTTGTTTCTGCTCGGCAACATCGGTAAACGAGTAAGATAGGTCGCGAATAAATTCAACAATGTCTCCCGGTGTTTTGTGGAGCTTTGACTCCTGGTACTCCATTTTCCTAAAATCGAGCAGTTGGTTTACCAGGTTTAATAAACGCTTGGCGTTACGGTTCACCAAAAGCAACTGCTTTTTTATACCCGGTTCGGCAATTTGCTTAACAATGTTATCTACCGGTGCAATAATTAACGACAATGGCGTGCGGAATTCATGGCTTACATTGGTAAAAAACCTGATCTTCATCAGGTCAAGATCATGCATCCGCTGTGCTTCTTCGCGCTCCTTCTCTAAAAGAAATTCGAGCCTTAGTTTGCGGATCCCCCTGCTACGGATAAATAATAAAATACCTATAAATAGTAAGGCATATAAAATATACGCAACCGTTGTTTTCCAAAATGGGGGCAGTATTTTAATGTATAGTGTGAGTTCTTTACTTTTCCAAAACCCGGGGTTAGCAGCGCGTACTTTAAAGGTATAATCGCCTGCATCTAAGTTGGTATAAGTAGCTTTACGGGTAAGGTTATCGGCACTGATCCAGTTTTTATTGAACCCCTGCATCATGTACTCATATTTTACTTTATCCGCGTCAAAATAATTGAGGGCGGCAAATTCAACCGAAAAAACGTTCTCATTATATTTCAGTTCAACGGTATCGCTATGTGATATGGCTTTTGGCAAAATCACATTCCCGAAGATCTTTTCACCAGCCTTTACGCTTTTGTTAAACACCTGAAAATCGGTAAAGGCCAGTTTTGGGGCATTTGTACTGTTACGCAAACTGGCTGGTTTAAAAATATTAAAGCCATTACCACCACCAAATATCAGTTCACCTTCCCGCGTTTTAAAAGAGGAATTAGCTGTAAACTCCCTACCCTGTAGGCCATCCTTTTCGTTATAGTTGATAAAGTGCAAAGGCAGTCCTGCACTTTTACGGTCAACAATAATGTTCGAAAGGCCGTTGGGTGTGCTTGCCCAAATATTGTGGGCGTCATCTTCCCGCAGGTCAATTACGGTATTATCCGGCAATCCATCCTGCTTAGTAATATTTTTAAACTTACCTGTAGCAGTATTTAATATACTGATGCCCTCGCGCGTACTTATCCATATAAGCCCGCTACTGTCTTCTAATATATTATTGGTGTTGTTATTTACTAAACTGTTGGGGTCCTTGTCATCATGCACATAATGCATAAATTGTTCGGTACGCCGGTTAAGCACATCAACGCCATAGGATGTTACAATCCAAAGGTTTTTGTGCCGATCATCAAGCAAGGCGGCGACATAGCTGGAATGCATTGAATTAGATGACCCTACCATCATCTTATAATGCTTAAATGAATTGGTACTTCGGTTAAAGAGGTTTAGCCCGCCGGCAAGGGTCCCCACCCATAAATTATTATCCCGATCTTCGATGATAGACCAGATCCTGTCTTCAGAAATACTTCCGGGGTCGTTATCGCGGTGGCGGTAATGCGTAAAGGTTTTACCGTCAAATTTGTCAAGCCCGCCAAAATAGGTACCTATCCAAAGTTTCTGTTCATGATCCAGGTACATGTTTACAATAACAT
NZ_CP133775.1_gap82	4224883	4227183	2300	ATCTGCAGGTCTTTTTCAATATAGGTATTTGATGAGGGGATGAACGCCTCGGGCTGGTAATAATCGTAATAGGAAACAAAGTAATTTACCGCGTTTTCGGGGAAAAACTGTTTAAACTCGCCATAAAGCTGTGCCGCCAAAGTTTTGTTGTGGCTAAGTATCAGCGTTGGCTTTTGGGTTTGCTCAATTACGTTGGCTATAGTAAACGTTTTACCGGATCCGGTTACCCCCAACAGGGTTTGGAAAGGGTCGGCATTGTTTACCCCATCAACCAGTTGCTTAATAGCGCTGGGCTGGTCGCCGGAGGGTACGTAGTGAGAAGTTATTTTAAAATCCATTACTCAAATGTAGCAATTAGTGGTTAGAGATTTGTGATTAGGCTGTCAAGATTGCTAAGCTTTTTAGTTGCATTATCACTGGTAATATTTACAAATAACATATATGCCCGTGACAGCCCTATGTCAGCATCTTTTTATACAACCAATTTATTTGAATAATGATTGCTTAATTCGGTCTATTTCGCAATCTTTAAGCAAGATTTGAGAAAGTGTTTTATCTCAAGTCTCATAGCTAACGTCTCAGATCTATTCATGCAGCCTTTCATCCTCAATAAAACCAATAGCATTGCCAACCATTTTTTAGCTGAACTGCGCGATGTTACCATTCAGCAGGATAAATATCGTTTCCGCAAAAACCAGGAAAGGCTTGGCGAGATAATGGCTTACGAGATCAGCAAAACCCTTGTTTACGAAAGCACTGATGTACAAACGCCATTAGGCACCGCCAGCATCAACTTAGTTACCGAACAACCTGTTATAGCCACCATATTGCGCGCCGGGCTGCCCTTTCACCAGGGCTTTATTAACTTTTTTGACCGTGCCGATAGTGCCTTTATTACCGCCTGCCGCAAGGTTAAAAAGAGCGGGGCGTTTACCATCCAAATAGACCAGATCTCGGCCCCGAATCTCGAAGGTAAAACATTAATTATGTGCGATACCATGCTGGCCACAGGGCAAAGCACCGTACTGGTTTGTAAAGAGATCATCGCCCAATACAAACTGAAGGCCCTGCACATAGTGGCAGTTATTGCCAGCACCGAGGGCATTGCCCACGTACGCGCCAACCTACCCAACGCCAAAGTTTGGGTATGCGCTGTTGATGAGGAAATGACCAGTAAAGCTTACATAGTCCCGGGCTTGGGTGATGCCGGAGACCTGGCGTTTGGGGAAAAGGTGTAATGATTTACGATGGACGATTTTAGAATTACGATTTGAATATAATAACTTTGCTTTCATGCCACAATCTGATATCGTAAATCGTACATCTAAAATATACCGCCACATTTTTTTCGACCTTGACCATACCATTTGGGATTTTGACAAAAACGCCGAAGAAACCCTGCACGAGCTTTACGGCACTTACAAATTAAAAGAGATCGGCCTGCACTCTGCCGACCTGTTCATAGAAACTTATACCCGCCACAATCACCGCCTTTGGGCAGATTACCACCTGGGCAGGATAAGTAAGGATGAATTGCGCGATGAACGTTTTAAATCGACCTTTATTGAGCTTGGCGTACAGCCCGACCTGATGCCCGCCGATTTTGAGGATGCTTACGTAAACCTCGGCCCAACCAAAACAAACCTGTTCCCCCATGCGCACGAAACGCTGGCTTATCTGCAAAGCAAATACACGCTGCATCTAATCTCTAACGGGTTTAAAGAATCTACCGAGATGAAGGTAGCGGGCACTAAGCTTGCGCCGTATTTTAAAAACATCATCATATCCGAAGTAGTGGGCGTTAACAAGCCTGACCCGCAGATATTTCATCATGCTATTGAACTGGCCGGAGCTACCATCCCCCAAAGTGTGATGATAGGTGACAGCATCGAAGCCGATATCCGCGGCGCCATGGGTGTTGGTATGGATGCCATTTATTTCAACCCTGCCGGCCTCGAAAAGCCCGCCGATGTGGCCGTACAGGTTACTCATTTAAAAGAGTTAACTTTATTACTATGAACATTGCCAAAGAGCGCCGCGCCATTGATACTGCGTTAGATACCTACCGCCAATTGCTGGACGGCTTTTCTGACGAGCACTTTATCCAAACCCCACCTATGGGTGGCTGGAGTTATGCCGAGGTGTACGATCATATCCTTAAATCGAGCCTGGGGTCTACCATCGCGTTGGAGCGTTGCACGCACAACAACTGCCCGCCAACCAAAAAAGGCATGGGCTTTTGGGGACATTATGTAATGGCTACCGGCCTGTTCCCGCCGTTTAAAGTAAAAGTACCTGAG
NZ_CP133775.1_gap83	4229680	4233490	3810	AGGGAAATCTTTTAACTGCTAATACGCAAGCTTTAGTGAATACCGTCAATACTGTAGGTGTGATGGGTAAAGGTATTGCTTTGCAATTTAAAGATCGGTTTGCCGAAAATTTTAGAATATACGCGGCAGCTTGCAAACGCAAAGATTTTATTATTGGCGATTTGTTGGTTGTAAAAGAAAATACGATTGATGGTGAAAAAATCATTATTAATTTCCCGACAAAGACGGAATGGTTTCGTAAATCTCAATACGAGTATATCGAAAAAGGTTTGCAAAAATTGGCAGAAGTAATTAAGGAATATCAGATTAAGAGTATTGCTATTCCGCCATTAGGCTGCGGAAATGGCGGCTTAAAATGGGATAAAGTAAAACCCATGATAGAAAAACATTTAGGCCATCTTACCAATGTAGATATACAGGTATATGAACCGAATGAAGCAGTAAAAGAATTACTTAAAAAACAGGATTACAGCAAAGATGTAAAACTCACACCTGCAAGAGCAATGTTACTGTATGCAATGTATTATTATGATTCATTAGGAGAAAACACAAGTCTTTTCGTCGCTAATAAACTAGCTTATTTTTTACAACGTTTAGGCGAAACCTCATTTAATAAATTAAAATTTCAGGCGCATCATTACGGGCCATATAGTGTAGGCGTTGAACACGTTTTACACAGCCTAAATGGAAAGTACCTCAAAGGCTTAGAGCAGATGAGTGCTAAAGCCTTTGAACCATTAGAATTGCAATACGAGAAATTGCAAGAAGTAAGGGATTATATAAAAAACGAATTTACCGCGGATCAGAAAGGCCGTCTGACCAATTTAGTTAAGCTTATTAACGGGTTTGAATCAACTTTGTCTTTAGAAATCCTTGCAACAGTGGATTTTGTAAAAAAAGAAAATCCAGGTATTGACAATGATAATATTGTTAAAAAAATCCATGCATGGTCTGATAGAAAACGGAAGCTATTCCAAATGAAATATATCGATATCGCAACCCAGCACCTTGATGAATACAGTAATGATTTTAGTATAAGTTGATGTAATTTAAGCCTATTGTTGGTGCACAAGTATACTTTCACCTCCTATTCATCATTTAATAATCTTGTATACATATTTCTTTACTAAATTGCCCGCAATTCTACGCGTATGAAAATATTGTTCGGTATACAGGGTACAGGGAATGGCCACATTAGTCGTGCCCGGGAAATTGTGCCCCTGTTACAGCAATATGGCGAGGTAGACCTGCTGGTTAGCGGCACCGAAGCCGAGGTGAGCCTGAGCCAGCCGCTTAAATACCGTTTCCATGGCTTTAGCTTTGTTTTCGGTAAAAATGGCGGGGTTGATAATTGGGCCACCTTTAAAATCATGAACCTGCGCCGGCTTTGGAAGGATATGCACAGCATCCCGCTGGAGCAATACGATTTGATCATTAACGATTTTGAACCCGTTAGTGCATGGGCTTGTCGCCTGCAAAAGGTGCCGTCGGTATCGTTAAGTCACCAATGTTCGTTTGTATCGCAAAAAACGCCTCGTCCCAAAAAATGGAACTATGCCGAGTGGCTTTTTAAATATTACTCGCCCACTACGCACCACATAGGTTTCCATTTTGAGCGGTATGATGATTTTATCCATACCCCGGTTATCCGCAGCGACATCCGCCAAATGGCAACCAGCAACCTGGGCCATTATGCCGTTTACCTGCCCGCCTATAGCGATAAAACACTTATAAAGCACCTGAAAGAAACCAATGCCGAGTGGCAGATCTTTAGCAAACGCACCAAAATAGCCTACCGCGAGGGTAACGTAAGCGTGTTCCCGGTAAATAACGAGGCGTTTAACACCAGCCTGGCCAGCTGCGCCGGCCTGCTTACAGGTGGTGGCTTTGAAGGCCCTGCCGAGGCGCTGTTCCTGGGTAAGAAGGTTTTGATGATTCCTATGCGCGGCCAGTACGAGCAGCAGTGTAACGCCCTATCCGCATCTAAACTTGGGGTGGAGGTGGTGCATACCATAGGCCCCGATTTTGTACAGCGCATCAATAACTGGATAGCCGACGACCGCCGCATCACGGTCGATTTCCCGGATGAGACCGCCCGGATTGTGGATGAGATGGTGAAAAAATACGCGAGGAAAAGCGTATAAACGCCTCTTAATCTTTCAGTCTACTGTATAAATCACATCTTTTGGCTGGTTCATTTTCTATAACCCGTAGGGTTTACCGCTTTGTAGCTTATAAAAAGAAAATAACTTTGCTCCGTTAGGAGTTACCCTTTATTAGTTTTTATAGTATAAAAATAGGCAATCCGGCTGGCAAATGGGTAGCCGCTATGCGGCACAAATAGCATTTTACTATTATGCTACAAAGCGGTAAACCCTACGGGTAATTACCTCATTAATTTTTTAATTTATAGGCACACATTAGCATCCTAACGGAATGAATTAATACTGCCCATCCCAACACTCTAAAATTTTGTGCTAATTTTGCAGCCAATAGCCAACCGGTATGATCAGTATTTTTAAGGTATTTAATCCGCTTAACGTATTATGGCTGGTCATTCTGATCTTTGTGCTGCGTATCGGTTATTTAATTGAAGCGCCCGCTAAACTCCAGTTTATTTTTGTGGAGCCCTTTGCCCGCCTGCTCATCCCTGCATCATACGAATACGCCTTTTCGCCCGTTGCCAATGTTTTCCTGGCGGGATTGATGGTGTTAGCGCAGGCATTACTGCTAAATTACCTCGTTAACTATTACAACCTTTTGGGCCGTTCCACTTTTTTACCGGCACTGATGTATGTTACGATAACCGCGTTGTTCGCCCCTTTCATGACTTTGAGCGCACCGCTCATCTGTAATTTCCTGCTCATCTGGATGCTGTTCAAGCTCTTCAGCCTCTACAAAAGCGACGATGCCAAATCCACCGCTTACGATCTGGGGATGATCGTTGCCATCGGCTCCATTATTTATCTGCCCTATATTTACCTGTTCCTGTCTATCTGGATAGCCCTGATAATATTTAAACCCGTTAACTGGCGCGAATGGCTTTCGGGCGTGTTGGGATATGCTACCGTTTTCTTCTTTTTCGCGGTGTTTTATTACCTCAATAATAAGCTGGGTAACTTTTATCACATATGGGCGCCCCTGGGCAGCAAGTTCCCAAACAGTATCAACATCAACTATTACAATTACCTGGTGTTGATACCTGTACTGCTTATTTTGGTGCTTTACTTTTTTAAACTGCAGCAAAACTATTTTAAAAGTTATGTGCAGGTGCGTAAATCGTTCCAGCTATTGTTCGCTATATTTTTAATTAGCGGGCTGTCTTTTTACGTAAAAACGGAGTTTAACCTTAACCATTTTTTACTGTGCGCTGTGCCTGCAGCGGTGTTTTTTTCGTACTATTTTATCAACGCCAATGTGAAGTGGATGTACGAAAGTTTGTATTTATTGCTGCTTATCAGCATCATATATTTTCAGTTTAACACTTTTTAACTTTTACATTCGTTCAAATTTCATAGGTTATATTAGTTTTGTACCATGAAATTTGGTGTAGTAATTTTCCCCGGCTCAAATTGCGATGAGGATATCATCCACGTTCTTCAAAATGTAATGGGCCAGCAGGTGGTGCGTTTGTGGCATAAAGACCATGATTTGCAAGGTGCTGAGTTTATTGTTTTGCCGGGCGGTTTCTCGTTTGGCGACTACCTTCGATCGGGCGCTATTGCCCGCTTCTCGCCTATTATGCAAGAAGTTATACAGTTTGCAGCCAAAGGCGGTAAGGTGTTGGGTATTTGCAATGGCTTCCAGATA
NZ_CP133775.1_gap84	4234880	4235534	654	ATTGGTTTAACAGTAATTGATATTGGTGTAAACGGCTCTTTCAACACGCTTGAAAAATCGGGCCAAACGTCGCAACGCAACGCAAACTTCAGGTTAAGCCATATCGCATTTGGTATCCCCGTGTCAAAACGCTCTGCCATTACCTTCGGCTTAATGCCTTACAGCGAGTTAGGTTACGCCTACAGGCAGGTAAACCCTAACTTCGGTACAGGCGCATCTGCAGATACCAATGCTGTAAATTATATATACAATGGCGATGGTGGTTTATCAAGGTTTTATTTAGGGTATGGTTTTGGCATTGGCAAACACTTATCAGTTGGTGCAAGTGCTTCATATATATTTGGTAATTTAAAAGAAAGCCAGTCTACCGAGATCCCCACCCTGCCCGGTACTTTAAACTCACGTATCGAAGAAAGCAATAGCATAAAAGGTTTCAATTATGATTTTGGTGTGCAATACGGCATCGATTTTTCTGAAAAGAAACGCTTAACATTTGGTTACTCGGCATCGGCCAATACAAAATTAAATACCACAAACAGTTACATAGTTAGCAGCTATTATCGCAATGCTAACGGCGATGAAGGCGTAGCTACAGATAGTTTGGTTAATACCCAGCAACCATCTGCCAAAATACAGTTACCTATGATAAACCGC
NZ_CP133775.1_gap85	4269493	4273479	3986	TTGCCCTATCTTGATCAGATCCAACCCCGAAATGTAGGCCACATAAAAATTGCTGATCTGCGCTTCCACATCCAGCATCACCTGCTTTTGGCTTAGGTCGGCATTGGCAATTTGCAGTTTGGCATTGCGTTCGCGTCGCCATTGGTTAAGGCCGTCGAATATATTTACAGAAGCCGTTAAGCCATAAGCAAAACCATGCGCATTTTGGCTAAGCGTAAAGCCTGCCGGTGTTTTGCTATTGCTGAATGTATAGCCGGATGTTACCCCAATAACCGGGTATCGGGTTGATTTTACCTGGCGCAGACTGATCTCGGCAAGGCGCTTATTTATTTGTGCCGATAATATGTTAGGATTTTGCGCCTGGGCTTTGGTGATAATATCGCCTAATATCAACATGTTGTTTACCGCTATGGTATCGCCAACAACAAAATCTGTTTGCAGGTTGCGCACCAGCAGTTGGTTCATCTGAATTTTTGTTTGCCGGTACTGTTGCTGTTGTGTTATCAGGTTTGCCGTATCGGTATTCAAATTCACCTGGGCATTGTAAACATCCAGTTTGGAAACGCGGCCTACGGTAAACTTATCGTTAGAATAGCGCAGTTGCGTGCGCGAGATCTCTATCGCACCGCGTAAAGCTTTTATCTGCTCAGTTTGGTTTATGAGGTTATAGTAAGTATTGATAACATTGGCAACCGTGCTTTGAATGGTATCCTGCAAACGGATGGCGCCCAGTTTATCCTGCTCCTTCAGTATATCATAATTAGCGAACATATTAAAGCCATCAAATATGGCCCAGTTAAGGTTTACGCCGTAATTATTGTTGTTGTTATTGGCGGTAAGGTTATTAACCGTACCATCGCTACGGGTTTGCTTTATTTTTTGATTACTGGCGTTAAGCGCACCACCGCCGGTTACTAAAGGCAGGAACCCGGCATTACCAAGCGTTACATTATTACCCGCTATGGTAGCGTTATTTTGCGACAGCTTAATATTGTAATTGTTCTTTAGTGCTATTTCAACGGCTTCTTTCAGGGTAAGCATAGGGCCATACTGCGCCTTTGCACCCGCAACGGTAGCAACGCAAAAGATCAAGCAAATTATTTTTTTAAGATTCATATTGCTTAAAGTTTTTCGATTAATAAAGGCGCTTTGGTTTCCACTTCCTCTTCCGGCTCATGATCAGGATCGCGGCGGGTTTTAGCGGCGAACACCATGTACATGGTTGGGATAACATATAGGGTTAATACCAGCGAAAACAACATCCCCCCAATAATTACAATACCTAACGATACGCGGCTTTTTGCACCTGCACCCAATGCTAACGCAATAGGTACCGAACCTAGTACCACTGCCAAACTAGTCATTAATATAGGGCGTAAACGCGATGTGGCCGCCTCAACAACAGCTTCATATTTACTGAGGCCATGCTCCATACGCTGGTTGGCAAACTCTACTATCAGGATGCCGTTTTTGGTTACCAAACCTACCAGGGTAATGATACCTATCTGGCTAAATATGTTAAACGTTTGATCGAACAACCAAAGCGACAGGAACGCCCCAGATATTGCCAATGGCACGGTAAGCATCACAATAAACGGATCCACAAAACTTTCGAACTGGGCGGCAAGCACCAGGTAGATCAGCAATAAGGCAAACCCAAACGCGAACAGGATGTTTGACGAACCCTCGGCATAATCCCTTGATGGGCCGCTCAATGCGGTGCTAAAAGTATCATCCAATAATTTAGCTTTTATACGTTCCATTTCGGCAATACCATCGCCTACTGTTTCGCCCGGTGCAAGGCCTGCCTGTAGCGTTGCCGATTTATACCTATTAAAGTGATAGATAGACGGCGGGCTGGCGCTTTCTGTAACCTTCACCACGTTATCAAGCTGTACCAAGCCACCTTTTGTGCTGCGTACATAAACAGATTTCAGATCCAGCGGCTGGTCGCGGTTGGCGCGGTCTACCTGGGCAATTACCTGGTATTGCTTACCGTTGATGAGGAAGTAATCTAACCTGCCGGCGCTATAGTATAATTGTAGTGTTTGAGCGATATCATCTACCGAAATACCAAGGTCGCGGGCACGGTCACGATCTGTAGTAACCCTAAGCTCCGGCTTGGTGAATTTTAAGTTAACGTCCGCTCCCTGGAAGACCGGGCTTTTAGATACCTCGGCAAAAAACTCGGGCAGTACCTTTCTTATTTTTTCAAAATCCTGGTTTTGAATCACATACTGCACCGGTAATGATGTACGTGCGCCGCTACCACCGCCGCTTATGGTTTGCTCCTGCACCACTATGGCGCGGGCATCGGGCATTTGGGTTAATTTTTTGTTGAGCCAGTCGGCAAGTTCTTGCTGGGTGCGTCCGCGCTGGTCAGGAGCTACCAAACCCACACGGCCAAAGCCCGAATTGGCAGAGCCACCGCCGCCAAACGATGGGGATACAATTTCCAGGTTAACATTTGCTTCGGGAATAGAATCGGCAACCAGGTTGGCAACCTTATCCATATAGCGGGTCATATACTCGTAAGTGGCACCTTCAGACCCGGTAACCGAGTAACGCAACAGGCTACGGTCATCAAGCGGTGCCAACTCTGACGGGGTTATTTTAAACAGCACGCCGGTTAGTGCCAACGAACCGCCAAGTATCACCCATGAAACCCATGTTTTCTTCATGAAGTTAACCAGCGTTTCGGTATAGCCGGTGGTCATGCCTACAAAGAATGGTTCGCTCCACTCATAAAACTTCGATTTCTTTTGGTTCTTGCGGATCAGCTTTACGTTCAGCATCGGTGTTAGCGACAGCGACACAAACGCAGAGATCAACACCGCCCCGGCGACGACGACCGCAAACTCGCGGAATAACCTCCCGGTAAAGCCCTGTAAAAATACGATAGGTAAGAACACCGCGGCCAAGGTTACCGATGTAGATACTACCGCGAAGAAGATCTCTGCACTACCTTCAAAAGCCGCCTTGCGGACGGCCATACCGGCTTCTACTTTTTTATAAATATTCTCGGTTACCACAATACCATCATCTACCACCAAACCCGTTGCAAGCACAATCCCCAGCAGCGTTAGTATATTGATAGAGAACCCAAACACATACATAATAAAGAATGCACCGATCAGCGATACCGGGATATCTATCAGCGGTCGGAAAGCGATCAGCCAATCCCTAAAGAACAGATAAATGATAATTACCACCAGGATGAACGAGATCAGCAAAGTTTCTTTTACCTCGGCAATAGAGTTGTTAATGAACTTGGTATTATCTAAAGCCACCTTTACGGTAATATCGGGCGGTAAGTCTTTTTTGATCTGATCTAAACGCTTATAAAAATCTTCGGCAATTTGCACATAGTTGGCACCCGGCTGCGGCACAATGGCCAAACCAACCATCGGGATACCAGATTCTTTCAATGATGTTTCCTCATTTGCAGAACCTAATACGGCATAGCCAATATCGTTAAGCCTGATCACCCGATTGATATCTGCACGAATGATGAGGTTATTAAAATCTTTCTCTGTAGTAAGTTTACCCAATGCACGGATGGTGATCTCGGTATTGTTACCTTCAATTTTACCTGCGGGCAACTCTACGTTCTCACGGGCTAATGCTGCACCAATATCGGTGGCAGTAAGGCCAAGGGATGATAATTTATTAGGATCGATCCATAAACGCATGGCGTACTGGCGCTGGCCTTGCACGTTAATGGTACTTACACCGGGGATAGTCTGCAAACCTTCCAACAATACATTCTCGGCGTAATCATCCACCTGGGTAATGTTACGGGTGTTACTGCTTACGGTAAGGGTGATGATCTGGTCGGCGCTGGCATCGGCTTTAGTAACTACCGGCGGGGCATTAATATCCTGCGGTAACTGGCGCTGCGCCTGGCTTACTTTATCGCGCACGTCATTGGCAGCAGTTTCCAGATCGGCATCCAGATCAAACTCTACAGTGATGTTACTGGAACC
NZ_CP133775.1_gap86	4275572	4280407	4835	GGCGATGTGTTTACCCGTACTGCACCAAACTACGACATCTTGTACGATTCTCCGTTGGAAATTGGCACCCAGGATATATTCGACTTTGATGTTGCTAACACCCATTACGAAGTAGCGATGTACGGCGGCGGTAACTATGATAAAGAACGCCTTAAGAAAGATATGGCTAAGATCATCGAGGCCGAGGCGGCTGTTTTCGGCGAAAACCCTAACAAACACTACACCTTCATCGTTCATAATAAAGCACGCAATGGCGGCGGTTTAGAGCATTTAAGCTCTACAGTTTTAGGCGCATCACGAGATGGTTATACCAACGAGCGTACTTACCACGGCTTTTTAGGTTTGGTAGCGCATGAGCATTTCCACCTGTGGAATGTGAAACGTTTACGCCCAATTGCTTTAGGCCCGTTTGATTATGATAACGAAAATTACACCACCAACCTTTGGATAGCCGAGGGCTTTACGGCCTACTACCAGAACATCATTTTGCGTTACGCTGATCTGGCTAATACAGAAACCTTCCTGGGCGATATGGTAAGCGACATTAACACCGTGGAAAACCAGCCGGGCACCAAGGTGCAACCGTTATCAGAGTCGAGCTTTGACGCGTGGATAAAAAGTTACCGCCCTAACGAGAACTCGTACAACACGGGCATTTCTTACTATGATAAAGGCGCAGTTATCGGCATGTTGTTAGACCTTGAGATCATCAATAACAGCAATGGCAAATACAGCCTTAACGATGTAATGAAGTACATGTACGATACTTATTACAAAGGCAAAAAACGCGGTTATACTGACGCGGAGTTTAAAGCAGGCTTTGAAAAATTCGCGGGTAAAAACCTAAATGATTTTTACGCACAATACATTAATGGCTTATCTGCTATTAAATATGATAAATACCTGGGCTACGCAGGTTACAAATTAGTTGATGACCTTGCAGCTACCAATGATGCAACCTTAGGCATCGCTGTTAATACCCGCAATATCATCACCACTGTTTTCCGCGATGGCGCGGGATGGATTGATGGCCTAAACGTTGGCGACCAGATCACTAACATTGATGATACCCCGGTTACCGACCTAACTGCCATTAAAGGCAAAAAAGCAGGCGACAAAATTGTGGTCACCGTAAGCCGCGATGCGCAGGCATTTAAGATCCCGGTTACGCTAAAACGTAACGATAATGTTAAATACACCATTACCGAACTGCCCAACGCTACGCCACAGCAATTAGCTGTACGTAAAAAATGGTTGAAATTGTAATTGAATAATATCCTTTTTATAAAACCCCTGTTCGGAAACGGACAGGGGTTTTTTCGTTCTAAGCAAAAACCTTAAAACATTTTTAAAGGATTTAATATTAGTATATCAACACTTTAAAAACCATCAACCATGAACTCTTTATTATATACAATAGCCGTTATCCTGATAATTGGCTGGGCAATAGGCTTTTTCTTTACTGCCGTAGGTAGCCTTATCCATGTATTACTTGTAATTGCGGTAATATCCGTGGTATTGGGCATTATACGCAGGCCTACAGCGGTATAACCGTTTCCGGCATAAAATAAAAGGCCGGGCTTTGTCCCGGCCTTTTATGTATCTGCTTGTCTTTTATTAATAGTTCTTCCGATCATGAAAATTCCATTCACCCCGCAGTTATTCGGCGACCTTATTGAAAAGGGTTACACATACGTTTTGGCAAGTACCTCTGCCGCCCCATCGTCGGCAGAGGCATCAAACATGGTTTTAAAACCGGTAAGGGAAAAACCAAAATTGATTGCCCCGCCCTATGGCTACTATACCTTTTACAAAATAACGCGCGAGCCTATGCAGCTTGCCTGTGGCGTTGAAGGGGTAACCGATGAGGTTGATTACGCCACGCTTAACCAAACCATAACCGGCGAAGATATTTTTGAGGATAGCTATTTTAGGATGAGTGAGGATTTTTTCCGCCTGGTGTTGGATAGCCTGGAGGATTACGCCGTTATCATCATAGACAAAATGGCGATATCAACAGCTGGAACAGCGGTGTCGAGCGTGTTTTAGGTTATACCGAAACGGAAGCGGTAGGCCAATGCGCAGATATGTTTTTTACACCTGAGGATGTTGCTATAGGGGCCCCAGAATATGAGCTAAACACCGCGTTAAAAGAAGGGCGCGCTATTGAAGAACGCTACCACATGCGCAAAGATGGATCCCGCTTTTGGGGGTCGGGTTTTGTGTTCCCATTGTTTGATGAGGAAGGTAACCACAGAGGCTATACCAAAATTATGCGCAACCTGAGCGAGGAGGAAAACGCGAGGAAAAAAGGATCACAGCTTTAAATAGATATGAGATTTGAGACCTGAAACCAAATTATTTTCAATTCTAATACACATAAAAAAAGCTGGCCTGTTTACACAGGCCGACTTAGTTAAAATTATAACTGATTGATTATTTAACTTTTAAACCTTTTTTAGTTGTTATTAGCACAACACCATTCTCTCCGCTTGTTCCGTAAAGAGAGACTGCTGATTTATCTTTAAGTATCGATATATTTTCTATCTCGCTCGCTGCAATTAATTGCATTTTATCCTGCTTAATAATTTCGCCATTAAGCACATACAGGGGGTTGGTTCCATACCCATTACGTATTTTTATTAATGGTGATACTTGGCTGGTGTCTGAATAATTATTAAGCGATTTTGAAGGCATATAACCAGTTTTGGTTGGCTTGTCATCAGTAGCCAATGCAAAGTTTATTGGGATTGTGTAAGCTGTTTTAACTGCCTGGCCATCATGTATACCTGGTTTCCAGGCAGGGCTCAAACTTATTACACGTAAAGCTTCCTTATCTATATCAGCACTTACGCTCCTAAGCACCTTTAATCCGGTTAATTGCCCATCTTCCTCAACAAAAAATGTTATAATAACCCTGCCCTGGATGTTTTTTTCCCTTGCATCTTTAGGATACCTAACATTTGCTCCAAGCCATTTGTAAAGTTCTTTATCCCCCCCGGGGAAGCTTGGATACTGGTCAACTTTTGTATAAACCTTGTCGCTTTTTGTAGATGGTGATACTGCGCCAACTTTGCCGTTACTTTTATCAATGGAAAAACTGATTGGCACCGAGTATTGTACACGCACCTTTCTTTTATTTTGTATGCCTGCGTTCCATTTTGGTGAAGCCTTTAATACACGTACAGCCTCTTCGTCGGTACCGCTACCTAAGCCTCTTACTACTTTAATATCCGTAAGAGAGCCATCTTTTTCAATCACAAAAGTTAGAATAGCGCGGCCCTGTACATTCTTTTTTACTGCCTCAGCAGGGTATTTTAAATTTTTAGCTAAATACTGATAAAAAGCCTCCTGCCCTCCCGGGAAGCTTGGTGACTGTTCTACCGCTGTAAAAACAATATCTTTGGCACCGGGTATGGTATCCGGATCCACCTTTGGTAACTTATCCTTTTTAGGGTCGTAGGTAACAATGGTTGTTTTGTAGGTGGTATCGGTTAATACCGCTTTTGCAGGTGCTTCAAAAACCTTTTCGGCTTTGTTGTGGATGGCACTTACCGCCTTGCTATTTTCTATTGTTGCCGATGATAGTACCAGCATCAATATAAATAGCGGTGCCGAGAGGCCATATTTGATCAGCTTTATGCGCTGCGATCTGTTTTTCTGTAACATCATGATCCGTTTTTTTAGTAAACTGTGATTGTAAAATGGGTTAACTAATTGGTGTGCCGGCGTGGCAAACGTTTGGCTCAGCAATAACAATGCGTACTCTGCCTTGTTAGTACCTGCTTTAAGCGTATGCCTGTCGGCGATGTACTCGTGCACGTGTTTAATAGCAAACCGGTATAAGTAAACCACGGGGTTAAACCAATTGATGATCATCACCGCTTCTATGATCAGCACGTCTGCTGAGTGGAATTGGCGTGCATGCACCAGCTCGTGGCTTTCTATAACTTCTTTGCCATTTATACCATCGCTTACCCTTATCTTGCTAAAAAAAGAATAGGATACTGATGGTGAAGGGTCTTTTATTATCTGTCGTAATAGTATCAGCTGTATAATAAGCTTTATAGCTAAGATCAATACCCCTGCCGCGTATAGCGCAACCAGCACCTGGCCTATGGTTACGGGGTTATCTTTAATGGGAGCCAGATCTGTTATGGTGATGGCACTGCCGTAAATACTGTATTGTACCTTTTGGGTAATGAACAGGCCTTTAACCCATTCGCTTTGTATCAGCGGGATAAAAAACGAAAGGATGGCTGTACCAACCAGGTAAACACGGTTAAGCTGAAAAAATGTTTCGCGGCGCAGCAATAAGCTATAGAAGCCGAAAAACAGCGTCAGGTAAATATTTACCAGCAATAAATAATGCCACCAATTCATAACTATTTGTCTTTTAGTTTTTCAATCAATTTCATGATCTCATCAGCCTCTTTCAGGTTAATTTTTTCCTTGTTCACAAAAAAGGAAAGGATCCTGTTTACCGAGTTATCAAAATAGCCGCTCAGTAATTTATCGGCCGCGAAGTTTTTGTATTGCTCTTTGCTCACTATCGGGTAATACTCGTGGCTTTTACCAAATGCGTTATGGTCTACAAAACCCTTGGTTTCCAGTATCCTGATGATGGTTGACACCGTGTTATAGGCGGGTTTCGGCTCGGGCAAAACGTCTAAAACATCTTTTACGAAGCCTTTTTCCAGCTGCCACAGCACTTGCATTATCTGTTCTTCGGCGCGGGTTAAATCTTTTATTTCCATTTAATTAAGATGATTATTGTTACGTTAGTACTAAGGTATATCATATAAACCAAATTTACAACTAAATCTTTAGTTTAT
NZ_CP133775.1_gap87	4281710	4282782	1072	TTCCTATCCTGCCAGGACCCAAAGCTGGTTAAAAAGCTTTTCCTGGTACACGGCGAGTACGAGGTGCAACAGCACTTTGCCGAAAAGCTGAAAGAGAAAGGCTTTAATGATATCCAGATCCCTTACCAGCACGAGAAAGTAGTTTTGGAATAGTATAATCAATTTAATGAGCCACCTGTTATCAATAGCAGGTGGTTCATTAACACTAATTCTTCTTATTAATAATTGCCTCTGCCGACCGGCAAACGGCACCCACCTGTTTGATCTCTTTATTTTTAACAAGGCTTTTTTGCATTTGATCTAATGCAAAATCAGAGATCTGCCAGCCTAATGGGAGTACAGGCCATATTTTTTCTCCGGTATTACCAATGGCTTCATTTGTGGGGCGAATTTGGGTGTAGGTATATCCTCTTCTTATCGCTCTGGCATAATTTTGCCCCTCCCTTGCATCTGCAATGGTACTAATAAGGCTCAGTATCCCGCTTGGCGGGGCCAATGGCTCAAATAAATGCGCTGGCTTACTGCTGGGGAACACTTTGATACCATTTGGAAGCGATAAAATATGCACTCCAACGTGTTTATATATCGTATCGGTTAATGCCAGTTTTGCCCTTGCCCGTTCAAATACATCGATAATAGCTCCCGAAGTTTCTGCGGCAGAATTGTCCCACGTGCCACCATCGGTATAATTATGTTCGCCATAAAGTTTTGCGGTTGGGCTTACATACGGGAACCTTGCGCTTAAAAAAGCTGCGGTGCTCAGGCGCAGGTCGTTGTCTTTTCTGATCTCCTGCTCAGGAAACTCTGCCCCGGGGAAATCAAGCGAATCCAATATCAACGATGCAATTACGCCCCTTTGGCCTTTTTTAGCATCGTAAGTATTGGGGAAAAATAATGGCACTTCATAACCCGTTTTATTTAATATATCGTGCATTTTTATACCGAGGTGGATACCTTTATTACCGCAGTGGCGCTCCCAATCTTCTTCCTGTAACTTACTACGGTCGTCCCAGGCTTTGTTTGATAAACCAAATGCGGAGGCAATAGCATCCCTGCCCAACAGCCCCACAAC
NZ_CP133775.1_gap88	4306991	4310221	3230	GCATTGCCTGACGATGCCGTACGCGCCGGTGCACATGAGGACATTAACCTGATAACCCTTTTAATTGGCGCCAGTGCCGATGGGCTTGAATTGCTAACCCGCGATAACCAATGGTTCCCGGTTACTGCTTTTGGTGAGGACCTTGTGGTGAACGTTGGCGATATGCTACAGCGCTTAACCAACAACAAGCTAAAGTCTACCACGCACAGGGTGGTTAACCCACCGCGCGAGCAGATGAAGAACTCCCGTTTTTCGGTACCTTTTTTCCTGCACCCAAAAACCAGTATGGACCTTACCAGCCTGCCATCAACCATTGATGAGCAGCACCCAAAACTATATACCGATACAACCGCCGGCGAATATCTCGACGAACGTTTACGCGAAATTGGGTTAAAAATGTAACCAAACTAAAACGCCTCTTTGTGGAGCCACAAAGAGGCGTTTTAAAGTCGTTTTAAAGTCTATTTTTGGTCATTTAGACCCGTGTTTTCTTCGTCGAAATTACCCTTATTTTCATACCCGATATTTGCTTTATCCCGGGCGTTTTGTTTTGCGGAACGGGCATCAAGGGTTATGCCAACAGCCATGCCTACTATCATACCAATAGCAAGTTTATGGAATACTACCCCCAACACTATTCCTATTGTTAAATACAGGAGGAAATTATTTTGCTTTTTTATGCTAATGGGCTATTCTACGCTAACGGTAAGGCCTTCCTGCTGTAGTATTTTGCGGTAGATCTCCATCTCGGTGAATGAGCCTTCCAGTACCGCGCATTTGCCCTCGTTATGCACCTTCCAGGCAATTTTTTCGCCCTGTGCTTCGGTATAATCCAGGTATTTCATCATGCAGTGGATAACGTGTTCAAAGGTATTATGATCATCGTTCCACAAAATAAGACGGTGCATTTCCTTAAGCCCGGCTAATATTTCCTCTAAGGTGAGTGTCTCTTCCTGTACTTCAGTTGGCATATGTATCAGCAAATTTACTCAAAAACAGCAATAAAAGCGTTAAAATGATGTTTATCGTTTTATAAAAATTACACGAAACACACTTATCCTTAATAAATCACAAAATGAAACGTAGCGCCCCATTGCTGCTAATAGCCGCCTTTGCTTTTGCAGGCACGGCTAAATCGCAATCAAAACTAAGCCAAAAACTTTTACCGCCACCTGCAAGGCTTGTTGTTAACGGCAACCTAAGCGACTGGGGCGATAGCCTGCGTTACCATAATGGCGAGAAAAACATCAATTACACGCTATCCAATGATAAAGAAAACCTATACGCCGCCATCCGCATCAGCGACCGTTTAGAGCAGGCGCGTGTATTAAACGCAGGTATTACTTTAAGCATAGATACCAAAGGCAAAAAGAAGGAAACCTTTAGCATGACCTTCCCACTGCGTTACCCTGGTAGCCCCGCACCTGCATTTACAGGCCAAAAAGATGACGGTGGCGATATTACCAAAGAAGAGCGCGACGAACTGATGCGCGAACGCATTACCACCCTGCGCAGTATAAAAATGACCGGCTTTAAGGATATTGAAAATGAGATGATCACCACATCAAACACCTACGGTATAAAAGCGGCTATCGACTACGATGCAAACGGTAACCTCGTGTATGAAGCAGCTATCCCCCTTAAATTCTTCCATGCCGATGATATTGCCAAAAATGAGTGGGCGTTCAACTTTAAAATAAACGGCATGCAAAAACCCGAACGTGGGACCGAAGGTGGTGATGCCCAAGGGGGCGGCAGAGGAGGAATGGGTGGCGGCGGCCGTGGTGGAAGAGGAGGCGGTGGCGGCCGCGGAGGAACGGGCCGGGGCGGCGCACAAGGCGGCGATGCCAACCGCGGCGAGATCTTTAAATCAATAGATTTTTGGGAGAAGTTCTCGTTAAGTCAAAAATAAAATTCAAAACACACCCTTGTCTCCAAGTCAAAAAATCGCCGGGCGATTTTTTGACTTGGAGACTTACTACTCTACCTTATATCTTAATACTTGCCGCCCAATATTACCTTCACTATCAATCCCTTCAATTACCACACGATAGTTTCCTTTGCCGGCGTTAAAATAATCTACAGATGATTTGCCGCCGACTGTAACTATGTTTGGCTTCCAGTAGATGGTGGTACGCAGGTCGGCCAGGGTTTGACGGTTTTCAACATCGTACTTTGGGGAATAGAACATGCGCGAACGGTAAATGCCCTTAGGCGCATATGGTTTTATACCATTACCAAAAGTTTGTGGATAATACGTTGGCTCGTCGCCTCGCTTAGTGGTAATAACCAAAACCCCGTTACTACCACTGCTCCCGTAAATCCCCCTATTACCAGCATTACGCAATACTTCTATCGATTGTACATCGTTTACGTTGAGGGTATTCATAAATAAGGCGTCGGTATAAGCGCCATCGATCACTATAAGCATACGCCCGCCACCACGGGTGGTGTAAGGTACGCCATTGCGGAATAGCACGCCAAATAACCGGCCCTGCAGGCAATCGGCCAATTGCGGGCAACCCATGTTGTGAAAATCTTTGGCTAAAAGTACCTGGTCGGCATTACCCGGTCCGTTTAGGTTTGCCGAATGCTTAAGGGCATTCCGTTTCTCTATTATTATCACCTCGCGCAGGCTGATCACATGGTTACCCAACCCATATTTCATTTGCTCGTAATACAAGGCCTTGCTGCTTTGCGCATAGGTGGTAAGGAAGGCATTGGTGGTTAGCTTAAAATCGGCTATGCTTTTATAATTAGCCGTCGGCGGCGGCGGGATGCTATCCATGGTGATTACCACATCGCGCTTATTTTTGGCCGTACGTGCCTGGATCAAAAACTTAACACTATCAGAAAACATCACATCGTCAAAGGCAAAGCCGCCGTTTTGGTCAGTAAGCGTATCCACCTGTAGCAGGCCGTCGTCAAAGTTTATCAACTCTACCTTACCCTTGGCAACCGGGCTGCCCGATGGCGTGGTTACCCTGCCGGATATGGTAAAGTTCTTTTGAGCCAGGTACTTGTTTTTAGTTTGATTTGCACTTAATACATCTTGCCACTCGTATCTATGATAGCCCTGGGTAAGCATTAATGCGTCAAGATCGGCGCGGGTTTTATCGTTTACGTTGTTAAAATAATAAGTAGGCTGCTCTATGTATCCTTTAAGATCAGACGTTAGCAGCAGGTTAGCTAAAATATTATTCTCGCTGGTTTCATCAACCGGCACTTTG
NZ_CP133775.1_gap89	4316150	4320161	4011	GCGCAAAACAGCTTACCCAGTCCAAAATGTTTTGGAAGCCGTTACCGGTTTGACGCATGGCCTGTACCCACTCGGTATAATTACTATAGCTATGACCTTTTAATAACCGTGTATTTAATGCTGATGCACGGCGGGCAACATTAAGGCCGCCCGGCAGGTTACCAGCGGTGTGGCAGCCGCGGTACATACATTCCTGCATTACTCTAAAAATATTTAGCACACTGTCGCGGGTTTCCTTTTCGCTACGCCAGGCAAGTTCATTTTCTAAAACAACTTCAGATATTTTGAGGCCTGTTTTACGGCACCAGTGCAGCAGGTCGCCGGCGGTATCAATGGGGAATGGCAGGTCCACCTCCGTTTTATGGCTGGTTTGCTCGCCTTCTTTCACCACAAAACCACCACCAATCGAATAAAATGTGGCAGATACCGCCGTCTCGTTACTTAAAAACGCCTGGAAGGTTACCGCATTAGGGTGAAATGGCAGGCTCTCAGTAAAAAGGAACAGCAGGTCATCATCCGCAAAAAAGCTAACTTCTTTTTCGCCGCGTAATTGCAGTTTGTGGGTTTGGTTAATGTCGGCTATTTTGCTGTCAATTTTATCAACCTCAAAAGTAACGGGGTCATCGCCGCTTAGGCCAAGCAATATTGCAATATCGGTACCGTGGCCGCGGCCTGTTTTAGCCAATGATCCGTACAGCAAAATCTTAACCTGTACAACAAGTGGCAGGGCATCTTTCTGTTTAAGCAACTCAACAAATTGTTGCGCGGCCCGCCAGGGGCCAAGCGTATGCGAGCTGGACGGGCCAATGCCTATCTTAAACATATCAAATACCGAAATCTGTTCGCGCTGTTGCATCAATTTTTATGATTGAGATTGTCCCTTATCCGAATAATGTAAAAATAGGTAACATTTAGAGATTAGTGGTTAAAGATGGGAGATTAGTTTGTTGCTGTAACAGGCTAATCTCTAATCACTTCCCTACGCCATCCCCGGGAATTTAATCCCCGCGGCTTTAACATCATTGATGATTTCTTCCTGCAGGGCTATTTGGGTGGCTAAGAAGTAAGCGGGATCTACCCATACCCGTACGGTAAAACGCATACCATCACTTTCTAACAAAAGTACGCCAATTTTAACGGCAGGTTCGCCCATTATATTAGGCACTTTCTTTATAGCTGTGGTTAATATTCCTTTTACCTGTTCGATATCAGCCCCATAATTTAGCTTAAAATCAACATCTAAACGGCGTTTGCCCTGGCGGGTAATGTTGATGATAACCTCGTTAAAAAGCTTCCCGTTGGGGATGATAACCGTTTTGTTATCGGCGGTCAATATCTCGGTATAAAAAAGCTGGATAGCCTGTACGCGGCCGTCCTGGCCCTGGGCTATGATATGGTCTTCTATCCCGAAAGGTTTTAATAACAGGATCAACACCCCTCCCGCAAAGTTTTGCAAAGTACCCGATAGGGCTAAACCCGCGGCCACACCTAATGCACCAATAACAGTGCTTATAAAAGTAAGCTGGAAGCCAATAATATTAAATACGCTGATGATAAGCACCGCGTATAATGCAGTTATAGAAAGACTTAAGAAAAATGGTTGTAGTGAAGAATGAACTTCCCGTTTACTCATGCGGCTGGTAAGGCGCGATTTAATAAACGCTATTACCCAAAGGCCAACAAAGAAAAGGATTATTCCGAATAAGTATCTTGGCCCGTTTGCGACCAACCAGATATGTAATTGACTATAAAAATCTTTTAGCTCCATAGATAGGAGCCAAAATTAAGAATTTTTATTAACTGTACAGGGTCACAAACAGCTCGGGGCCTTTAAACAAAACCCACTCTACAATGCGGCTGTGTATGTTCTTCCTTTTTTTAACTATTTGTTTCATACCAGCACATATTCAAAAGCTGTGCCTAAGTAGTAAAACACCAATAATGTTACAAAAGATTAATATAGACGCACAAAACGAGTTATTAAAAGCCAATAAACGCCCCCGAACCACAAAAAAACCCCTTTGAAGCGATGTAAAAAACACGACAATAAAAAACCCCTGTCTGCTTTAACAGACAAGGGTTTAATATTTATTAAGCGATGCTTAACAGGGGAAATGATTACATCATGCCGCCCATGCCGCCGCCGCCCATTGGTGGCATGCCACCTTTGTCATCATCAGGCTCGTCTGCCAACACACACTCGGTGGTTAACAACATAGCCGCGATAGATGCTGCGTTCTCTAATGCTACACGGCCTACTTTAGTAGGGTCGATAACACCTGCGCCAATTAAGTTCTCGTATTTGTCGGTACGTGCATTATAACCAAAGTCGGCAGTACCTTCTTTAACTTTTTGCACAACTATCGAACCTTCGATACCAGCATTCTCACAGATCTGGCGAAGAGGCTCTTCGATAGCACGACGGATGATCTGGATACCTGTGTTCTCATCTTCGTTAGCACCTTTAAGGTCTGTTAAAGCAGCAACCGCACGGATGAAGGCAACGCCACCACCTGCAACAATACCTTCTTCAACAGCCGCTCGGGTTGCATGTAAAGCATCGTCAACACGGTCTTTTTTCTCTTTCATCTCAACTTCTGAAGCTGCACCAATGTACAATACAGCAACACCGCCAGATAATTTAGCTAAACGCTCTTGTAATTTTTCCTTATCGTAATCAGAAGTGGTAGTTTCGATCTGCGCACGGATCTCACCAACACGGCCTTTGATCAAATCTGCATCACCTGCACCGTTAACCAGTGTAGTATTGTCTTTATCGATAGTGATCTTTTCTGCCTGGCCCAACATAGATAGGTCTGCACTTTCTAGTTTGTAACCACGTTCTTCAGATATTACGGTACCGCCTGTTAATACAGCGATATCCTCTAACATTGCTTTACGACGATCGCCAAAGCCTGGTGCTTTAACAGCAGCAACTTTTAACGAACCACGAATTTTGTTAACTACCAAAGTAGCTAATGCTTCGCCATCTAAGTCTTCAGCAATAATTAAAAGTGGTTTACCTGTTTGTACTTGTTTTTCCAGGATAGGAAGCAATTCCTTCATTGAAGAGATTTTTTTATCGTAGATAAGGATGTATGGGTTTTCTAACTCAACTTCCATTTTATCTGAATTGGTAACAAAGTACGGAGAAAGGTAACCGCGGTCAAACTGCATACCTTCTACAGTTTTAACTTCAGTTTCGGTACCTTTTGCTTCTTCAACAGTGATAACGCCTGAAGTACCAACCTTAGCCATAGCTTCAGCTATTAACGCACCGATAACTTCATCGTTATTAGCTGATATAGATGCTACCTGTTTGATCTTGTTGTTATCCTCACCAACGGTTTGTGATTGAGTTTTTAAGTTTTTTACAACTGCAGCAACCGCTTTATCAATACCGCGTTTCAAATCCATTGGGTTTGCACCAGCTGCAACGTTTTTAATACCTGCAGTAACAATAGCCTGTGCTAAAACGGTAGCAGTAGTAGTACCATCACCTGCAATATCAGCAGTTTTTGATGCAACTTCTTTAACCATTTGCGCGCCCATGTTTTCGATAGGGTCTTTCAGTTCAATTTCTTTAGCTACAGTTACACCATCTTTAGTAACAGCCGGTGAACCAAACTTTTTGTCGATAATTACGTGACGGCCTTTTGGGCCTAATGTAACTTTAACCGCGTTAGCCAAAATATCAACACCACGCTTTAAAGCGTCACGTGCCTCAACATTATATTTAACTTGTTTTGCCATGATTTTTTATTTGAATATTTAAATGTTGTAAAGTTAAAATGTTATGAAATTCAATATTGGAAGGCAACTTTACAACCTTTCAACATTGCAACTTTACAACTAATTATAATACCGCGTAAATGTCAGATTCGCGCATGATCAGGTATTCTTTGGCGTCTACGTTGATCTCGGTACCTGCGTATTTTCCGTATAAAACAGAATCGCCAACCTTTATGGTCATTGGGATAAGCGCGCCAGAAACATCAGCATACTTACCAG
NZ_CP133775.1_gap90	4327772	4331659	3887	TTTGAATGTTGATGTATTGAGGAAGGACGATGAGAAAGGCTATAGCAAAAAATCCATCTTATCTACGCTTACCAATGCCGTCATCATCAAACACGATAACCCGGATGATGGCAAAACCGCGCCGCGTACGGCTAAAGTTGTTTTCATTCGCCCTGCTAATTTCCCATTCTTTAAAACGGTGTGGCTTTCCATATTGAATGGCATTAAAGCCTGCGCCGGCGTGGGTGATGCAAAGGAAAAAGGCAAGAAAGAAGATGCTGATAAGCTAAAGAAGGAAAAACGGCTGAAGGAAGCGAAAGAAAAGAAAGAGAATGAGGAGAAGAAGTTTAAGGAGAAGAAAAAATCTTAATCTACACCTGCGCTACTGCAACAGCAACTTCAAATTAATACCAAAATTAGTGAACGAGGTATTGAACGACTGCGAGGTATATGGCTTGGTGATGTTGCTATCGTAAAACAAATTCAAGTTAAAGCGTTGATTGATCACGTAATCAATAGAAGGGCGCATCGTGATATTCTTCGCGCCCGATGATACTTCAGCAGCGGCTATATCTGCACGATAGATCAATGTTTTGTTATCCCGTACGGCAACATCAAGCTTAAAGTTAATGTCGTTATTATCCTTGTTGCCTGTGCCGAATAAGCCCCATGGCATCCTGAAGTTTTTAGGGCGGTAGCCGAAACCAAATACCAAAATATTTTCGTCCTGCTGGGCCAGCTGGCTGTTTAGTAAACTTAGGTTTAACGAGCGGGTTTTACGGTACTCGAAGTTGGCCGTCATGCTGTTTTTGAAACGTACGTCGGCACCTAACAACGGCACAAACTGCTCAAATATGGCCACCTGCGAGAACTGGTAGAACGGCAGGAAATCGTTATTAAAATCTCTCGAAGCTACTGCGCCGTTGGCCTCCTGGTATTGCAGCAGGGTGGTAAAACTACTCACATTATATGATGAACGGTAACCATGTTTCAAGTCGAACGAGTCGAACAGGTCTGCAAAGAACGGCATCTTGCCCAACCCTGCGTACGAGATCTGCCAGTTAGGGATAGGCATCTTAGGAAACTGACTAGTGCCCGACTTGCTTGCATCTTTGCCAGAGTAAGCGGCCAAAAATGCAGGCACCAATACGTTTTGCGCATTAGGCCCGTAACCATCGGCATAACCATTAGCGGCTACGCCCGAGTTTGGATTAGTAAGGCCAAGCCTTTGCGAAACAATAGTACGGTTATCTAAAAACTTTTGATAAGTAGGCGACCTGCTTGTAACCCCTCCGGATTTTGCAAATGCTGTACCTAATGAAAAGAAAGAGATGCTGTAGGTGCCCGTTGTTACCGGGCTCAGGTTTTCGATACTATTGGTTGATGCCAGGTATTTAAAGTTGGTTTGGTAATTTTTATCCTGTGTTTTAAAGGCGATCAGCTCGATACGCAGGTCTGATACCGGCTCAATAATGCTTCGCAGGCGGATGTCCTCGTTAAACGATTTTACATAAAGCTGGTTCTGTAAGGTATCCGTGGTTATCCATCCGTTGGCTATGGCGCGCTGGCGGATATCGGCCTGGCTACCTAACAGGAAGCCTATGCCCGGCGCGTCATACGTCAGATCTTGCCCAAAAAGATTCGATTTAGGCAAATATCCCGGCAGGAATGTACCCTCTGTACGGGTATAGGTACCGCTGATGTTTTTGATGCCCGTTAGTATCCCCAGGAAGAATTTTGCCGCGCCCGTTTTCTCATCCTTACCCTTCCGCAACCCCTTAAATTTATTATAAAAGTTGGAGAAATTAAGGTTTGGATTCAACTGTATAGTCCGCGCGTTTTGGATGCTGTTACCAACATCATACGTTGGGTTAATTATAGCAAACTTGGGCTGGCTTTGCCAGTTAAAGTTGGTGCTGTAACGCACGGTTAGGGCTGTCCAATCGAGGCCCGGCAGCTTGTTTATTGGTGCTGACCAGTTTAAATTGATGGTGTGGTTATAGTTGGTGGTACGGCCCAGCTTCCAAAGGTTTTCCCAAAGGGTATCGCGTTTTAAACCATTGATCCGGCCAGCCGGTTCATCCACAACAGATAGGTTTGTAGCATCTATATCCAGCGTTAGGGCTTTCGACAAATTCCATCCTATACCGTAAACCCGGGTAATGTTAAAGTTTTTATTGAATGCTGTTGGGATAGCGATAAAATTGTTCGGGTCATTATTACGCAGGGTATTCTCCGAGTAAAAACGATCAAAGTTGATACTAAAATTTAACCTCGATGGCAGGATGCTAAAGTTAAAATCGCGCGCCAGGGCAAGCAGGTTACTTTTGATGATTTTGGCAAACGGCGTATAATATTTAGGGTCTTTATTATAATTATAATTCAGCGCTACGCGATAAGTTTTAGCAAAGTCATTCTCTACATTAAAATCGTGGTGCTGGTATTCGGTATAGGCATACGTAGCTGCAAAGTTCTCAATATTCCAAACGTGCACAGGCGCGGTGGTATTTGTACGCTCTTTGTGCACATTGGTAAAGTTGATGCTTTTACGTGTGGTAAAATCTTGCGTAACATTCTTTATCGAATCCCGTGCTTTATTACTCGGCGCTGCGGCAAGCGATTTCTTCAGCTCCACATCAGGCGAACCAGGGTCATATTGCGGGGTGCTTATCTGGGTAGAGATGTTTACATATGCCGGGATCCGGATCCCGCTTTTTTCCGGGAAAAATTTGCCCAGCTCGATACTTGCCGATGCATCTACCGCCTGGTTATCGCTTCGGCTACGGTCGCTCACCCTTGAATCCAGCGTACCGAACCCCACGGTGCTTTTACTGCCCGATACTGTGATATTCGCAAAGTCTGCCAGTGCGGCATCTACCCTCGCGGTAGCAGCCCAGCCACCACGCTGGTCAAAGTCTGTTAAACGCAATTCATCAAACCAAACAGTACCTGTTTTATTCAATCCGTCATCTCCGGCAAGTCCCCTGGGTTTGTATGGGTTGCGTACACCCAGCATAATGGTGCGCAGTCGGCTCAGGTCGGGCTGGCCTTTTATGGTTACCTTATTGGTGCCATCAGTATATACGAACGGGATGGTGAACGGCCACGGCTGCCCGTTTAACTTGGCATTGTTACGGGCAAGTTTAGCATCTATCAAAATGGATAATTGCAGATCCAGCTCGTTTACTGCCGGCCATATGGCTCCAGGGTCGCGGGTGCCGGGCTGGGTAACAGCCAAAGGCACTTCGTATTCGTAATAGTTATCCTGGTAATCGACACCCAAACGCACAAATCCGTTAAGGTCTTTATCCCTTAACTGGTCACCTTCTGCGTGGATAAACATTTGGATGCGTTTGTAAGACCGCAGATCGTTAAAGAAAGTACGGAACGCCGCCCTCGAATAACCATCGCGCAGGTTGGTCACATTTAAGGATAACGATTGCTCATTTAGCTTGGTATCGGTTTGTAGGTTATTATAGTTACGCTGGCGGTTAATGCCCGGCGGTACTACGTAAGGTATTGGTGTGCGGTTACCATTCTCCTCGATGTTTACGGCCTGCACATCTAAAGTTGAGCCATCAATAACAGGGCTTACAATGGCAGGGTCGGCAATAACACTTTGCAGGTTGTTTTCAGCATTAAAGGTACGCCACTCGCCCCTTACCAGTTGCAGGGTAGCAAAACGCAGGATAGAGGTATCGGCAAAATTGGTCATGAACATCCGCATAAAACGGATGGCCTTAAAATCCTGGATGTTACCAACCTTGCTTTGGTACTCGTTTATAGGCACCCTAAACTGGTACCAGGTAACGGCCTGCGTAGTACCGTTTGGTAGCTTTACGTTAGATGTAATTTTATCGTTGATGAAATTTTGGCCAATAACCATATCCTGCGGACGGATAGAAACG
NZ_CP133775.1_gap91	4335089	4338476	3387	TAGTAGTAGTTTTGGGTACCTGCTGACCTTGGCCCGGTTGGCGTTGTTGCTGCCCGGTAGTTTGCTGTTGTTGGCCCGGAAGTTGCTGCTGCTGTTGTTGTTGACCGGGGAGCCCTTGCCCCGCAATTTGAGTGCCCGGCTGCCCCCGCGTTGGCTGGGGTATTTTAGGCGTGTTTACCGGCGTTTGTGCATATGATTTACCCACTCCGCTTAAAGCAGATACAAAGAGTATAACTACAAAAAGCTTAGTAAAAAATTTTATCAAGTGGTATAAATTATTGCAAGGTAATTATAAGCTTTTTAGTGCAGCTTTAATCAATTGTTCTACAGTTAAGACACCTGTATTTTTGCTTATTTCCTGATCTAAAACTTTCTCTGCAACGTTACGAACAAATCCAAGCATCACAAGGGCAGAAAGGGCTTCATCTTTTGCCGTTTTTAACCCTGGCATTACCGTTAATGTGTCTGGCCCTTCTTTTTTAAGCTTGTCCTGCAGCTCTAAAATCACGCGCTGGGCCGATTTTGGGCCGATACCTTTTATGCGCTGGATAGCCGCCACATTACCCTGCACAATAGCCGCCTGGATCTCGGCCGGGGTAATTGATGAGAGCATCATTCGCCCCGTGTTTGGCCCGATGCCGGATATAGAGATCAGGTGCGTAAACAGCCTGCGCTCGCCCTCGGTAGCAAAACCATAAAGGGTGTGCGCATCCTCTTTTACGTGCATCCAGATGTATAATTTACAGCGCTCACCCTCGGGCAGCTGGCCGTAAGTATTTAACGATATATTGATGTGGTAGCCAACGCCGCCTGCATCGATCACCACGTGCGCACCACCTCTAAAAACTAATTTACCATCAATATAATCGTACATCGTTTGTTATTTTTTAGCTTTTGATGGTTTTCCTTCAGCACATTTTACCTGGGCATCTATTACGGCAATGGTAACCATGTTCACAATTTCGCGAACCGAGCTACCTAACTGCAACACATGCACTGGTTTTTTCATACCCAATAGGATAGGGCCAACAGCTTCTGCACCGCCAATTTCCTGCAATAATTTATAGGCAATGTTACCTGATGCCAATCCCGGGAAGATCAATGTATTTGCCGGTTTGCCATTCAATACCGAAAACTTAAAGTTATCCGCAAGTAGTTCGGAGTTTAGCGCAAAGTTGGCCTGCATTTCACCATCTACTACGATCTCGGGATATTTCTCGTGAAGGATGCGTACGGTTTCCCTGGTTTTCTCAGGGATCTCACCCTCGTTAGAACCAAAGTTGGAATAGGACAATACGGCGATGCGTGGTTTGATATTCAGCTGTTTGATAGAGCGGTCCATCAATACGGTAATATCAACTAATTCCTGCGCGGTTGGGTTGATGTTTACGGTAGTATCACCAAAGAAAACAGGGCCTTTTTCTGTGATCATCAGGTACATTCCTGCAACGCGGTTTACGCTTGCTTCGGTACCGATAATTTGCAGGGCCGGTTTAATGGTGGTTGCGTAGTCTTTTGTTAAGCCGGAGATCAATGCATCCGCCTCGCCAAAATGTACCATACAGGCACCAAAGTAGTTACGATCCACCATCAGCTTTTTGGCCTCAATCATGGTGACACCTTTACGCTGGCGTTTTTTGAATAAAAATTCAGCGAATTCCTGCGAACGCCCGGTTTCTACTTTAGGGTCGATGATCTGTACATCGTCAAGGTCAAGTTCGTTCTCGCGCATGATCTCGCGGATGCGCTCGGCATTCCCCAAAAGTATCGGGGTAGCAATGCCTTCGTCTTTAACGATTTGGGCTGCGCGTAATATTTTGTAAGTATCGGCCTCGGCAAATACCACACGTTTTGGCGCTTGTTTAGCCTTATTGGTCAGGTCGCGCAGCAACTTATTGTTAGTACCAAGGCGAGATAGTAGTTCTTCGTTGTAAGCATCCCAGTCGGTAATGGTTTTACGCGCCACGCCAGACTCGATAGCGGCCCTGGCAACCGCCGAAGACACCTCGGTGATCAAACGCTGGTCCATTGGTTTGGGGATGATGTAATCGCGGCCAAACTTTAGGTTGGTAATGTTATATGCTAAATTAACAGCCTCGGGAACGGGCTTTTTAGCCATTTCGGCTATGGCCTTTACCGCGGCTATCTTCATTTCTTCGTTAATGGCAGTTGCCCTAACATCCAACGCACCGCGGAAGATGTACGGGAACCCCAACACGTTGTTCACCTGGTTAGGGAAATCCGACCTTCCGGTTGCCATGATGATATCCTTACGGGCGGCAATTGCCAGGTCGAAGTTTATCTCCGGCTCGGGGTTAGCCATCGCGAAAACGATTGGGTTTTTGGCCATGCTCACCAGCATTGCCGGAGTAACCACATTACCTGCCGAAAGACCAACAAATACGTCGGCATTTTTCATAGCATCGGCAAGGGTGGTAATATCCTTACGGTTTGTGGCGAACTGAAGGCGCATTTCGTCCAGATCGGTACGTTCCGGGGTCAGCAAACCATTGATGTCAAACATCACCAGATTCTCTTTTTTAACCCCAAGCGAAAGGTACATTTTGGTACATGATACCGCTGCCGCGCCGGCGCCATTCACTACTAATTTTATTTTATCAAGCTTTTTACCCTGTATCTCGCAGGCATTCATCAAGGCTGCCCCAGATATGATGGCGGTACCATGCTGGTCATCATGCATCACCGGGATCTTCATTTCGGCCTTTAACCGGCGCTCTATTTCAAAGCAGGTTGGAGCAGAGATATCCTCAAGGTTAATACCACCAAAAGTTGGCTCTAAAGCTTTTACTATGTTTACAAATTCGTCAACCGTTTTGGCGTTGATCTCTAAATCGAACACATCAATATCCGCATAGATCTTGAACAAAAGGCCTTTACCCTCCATTACCGGCTTACTGGCTTCGGGGCCGATATTGCCCAGGCCAAGTACCGCTGTACCATTACTAATAACGGCTACCAGGTTACCTTTTGCAGTATATTTATATACATCATCTACATTTTCGGCTATGCGCAGGCATGGCTCCGCCACACCCGGGGAGTATGCTAATGTTAAGTCGCGCTGAGAGTTGGTTGGCTTTGTAGGCACTACCTGTATTTTACCGGGACGGCCTTTTGAGTGGTAGTTTAGGGCGTCCTGTTTACGATTTGGTTTATTCATGATCTCAAAAATTCAAGCGCCCAAAATTACGATTACTTTTCCTGAACTATCTAATAAAAAAAGCCCGGCTTCGAAATGCATCAAAACCGGGCTTCATTAAAAATCTATCTATCCCCTGCCTATATTAACGGCTAATCCCGGCAAAAGTGGCAGGGTGGTATTGGTGCCTAAAGTTTTATTCCATTGCAGCAGATCGCCAATTTTAACAT
NZ_CP133775.1_gap92	4341431	4343969	2538	TCAACTACCCTTTTAACCGGCTCTTCTTCTGTTTTGGTTAAATTGATAGTACTGTGTGCCGTTTCTGCCGCCGGCTTTGCTTCGGCATTGTGCTCAAATGTAGCATCTTCGGCAATTTCCTTTATTATTGCACCTTCTGAATGCTCAGTGCTGGCAGGTGCACCATGGCCCCTAAAAGCCGGTATTGTACCCGCTACCGGTTCGTAACCATGCTCAGGCACTTCTTCGGTTGTTTTATGTGCTTCTTCCGTTTTAACTTCCTCAGCTGCCGCTTCAATCTCAGCAGCTTTTTCAGTTTTCTTTTCTTCGTAATTATTTATCTGGTTGTTTATCTCGCGCTTTACATCTTCAGACGCATCCTTAAAATCGCGGATACCTTTACCAAGGCCGCGTGCAATTTCAGGCAGCTTTTTGCCACCAAAAAGCAGTAATGCAGCAAAAACAATCACTACCATTTCGCCGCTACCTATATTTAAAAATAATAGAACTGAATTTAACATCATATTAATTTAAGATTACAAATATACACAATTACGTATTGCACGAGATTAGAAATCAATTAGGAGCGAGCCATAACCTTGGGTCAACAAAGGTTGAACTTTTTGACAGTGTAAATATGGTTGTCGCGTCACCTGTCGAAGGGTCAAGCGCAACAGTACCCAGCATTTGTTTTGTACTTACCTTTTGCCCTTTAGAAACGTTTACCGTTCTTAAATTTTGATAAGCGGTAAAATACTCGCCATGTTTAATAATAACAAGGTAAGTACCACTAATATCCATAATTGTTTTTACCTCGCCTTCAAATACAGCCCTTACAGGTGCGCCGGTGTTGGTCCTTATCTCGTAACCATTACTTTCGTTACGGATACCGTCGTCATTATAAGTACCGAAACCATGTACCAACTGCCCTGTAGCAACCGGCCACGGCAGGCGTCCTTTGTTACCTAAAAAGTCGTTACTCAGTTTAGCTGCCTCCGGCGTCGAGTTCAGCACCTCGCTGTTTGTCGACGTTTTTGTTATCGCTTTTTTGGTTGGTGCAACTACCTCGCGGTTTTCTGCCTTGGCTTTCGCCGCGGCTATCCTTGCTGCTTCCCTCGCTTCTGCTTCGGCCTTGCGCCTTGCCTCTTCTATTTCTCTTCTAATAGTATTAACAATTTCTTGCCTGTTACGTGCCAACCTTTTCTGCACATCGCGCTGCTGCGTTTTCAGCTCGCCCTGGTGCTTGCTCAGGTCGGTAATTACTTTTACCTGGTTGTTTTTGGCTTTACCTAACTCTTTTTTTTCTTTCTCCTGGCTTTGCAGCAGGTTATTTTTCTCTTTCTTATCCTTATCAAGTTCCACAATTTTCACATGCAGGTCCTTTTGAGTGCCTTGTATGTAACCAGCCTGTCGCTCACGATAAGTGCCAAACTGCTGTAAATACTTTAAACGCCTGTAAGCCTGGTTAAAGTCTTTTGCTGCAAAAATAAACATTAGCTTATTATAGGCGCTTTGGTTACGATATGCAAACAATACCATGCCGGCGTATTCTTTCTTAAGCTGGTCTAACTGGTTTTGCAAACTATGTACGGTGTTATTGCTCTCAGAGATTTGATTATCTAAATTTCTTACTTCGGAGTTGATGTTGGTTATCTTCTCTTCGCGCAGGTTTATTTGAGCTTTAAGAATGTTAAGCTGTTTTAAAGATACCTTTTTATTATTCTTGGTTTCATCAAATTCACGATTTAAATGATCCAGTTCATCGGTCAATTTATCGCGCCTGCGTTTTAGCTCGGCACTGCTTTGTGCAAATACGCCCGAGGCTGCAAGCATCAAAACAAAAAATAATGCGGCTCTAAAAAACTTCATCCACCAAAAATATAATTTAATTAGCAGGTTCGTAACTTTTTGGGACACTAAAAGGATATTCGAGCTGCTTATCAAACTCGGCCTGTGTGTAACGCAGGTTTACCTGGATCTTTTTATCACCCGCCATCGACGAAATATCTATCTGCGAAGGTATTACCCGGTTGTCTGCCTGGATAAAAACCTTATTTGCCACCTGTAGCGATTGCCCTCCAAACTTGTTGTTTAGGTTGGTTTGCGTAACCTTCAGATCCGGGCCAAGCAATAGTTTATAAAGCAAATCCTGCAGGGTGCCACTAAGTGCCGTATTATTACCCTCTGGCTGAAAATCGCCTATATTATTTAACAGTTCGGGCATTGCATTACCAACCAGCAGTGACTGCAATGTTTTAAAGTTTATTTGCCTGCTTGCATAAGTGTATACATAGCTAAAAGGCTTTTTAAGATATACGCTTTGCAGGCGGTTAACCACTATAATACTATCGGGGGTTATTTGCGCGCGGGCAACCTCGATGCCTATGATGGCGGTTATAGAGATCCAAATCTTTTGATCTCGTGCTACGCGGATATTTAGCGTAACATCATTACTGTTGCCGTTGATATCCAGCTTGGTTTTTGCCTTGCCGGAAAAGGTGTTGAACGATACCTGCTTTGAACGGATAGCTGCCAGCCTTGCTTTTACACTGTTCTCTT
NZ_CP133775.1_gap93	4351654	4352233	579	AAACGCTTGCTAATTGCCAAACCTAAACCCGTACCGCCATAATTTCGGGTAGTATCAGCCTCGGCTTGCTTAAACAACTCAAATATGGTGTTTAATTTGTTCTTAGCAATGCCAATACCGGTATCAGATACGCCAAAGCGGATCCGTACGGTTTCTTTTGTCTGCTCAATTACTTTTAAGTCGATATTAACACCACCTTTGGCGGTAAATTTAACAGAATTACTCACCAAATTCAACAATATCTGAACAAGGCGGGCCCTATCGCCCAAAACCATATCGGGCACACTTTCGTCAATGCTTTGAGTGAGGTATATATTTTTCTCGTCGGCCTTATACTTCATGGAGCCGATTATGCTTTGCACCATATCGCGCATGTTTACGTTGGCTTTCTCCAGTTCGATGTTGCCGGTCTCTATTTTTGTAAAATCGAGCACATCGTTTATCAGCGTCATTAGGTTCTCAGCCGAGAATTTCAGTATACTCAGGTTCTCTTTTTGCGATTCCAACGGGTTATCGTTCAGCAGCAAGTGCGACATACCGATAACCGCATTTAGCGGCGTACGGATCTCGTGACTCATC
NZ_CP133775.1_gap94	4355024	4356598	1574	ACGGATAAAGGCATAATCCCAATCGCGTGAGTAGGCCGAAGCACCGCAAATGATCAGTTTTGGTTTTTGCTCCAAAGCAACCTTTTCAAGCTGTTTGTAGTCGATAAGGCCTGTTTCTTTTACAACACCGTAAAAATGCGGTTCGTATAGTTTACCCGAAAAATTTACAGGTGAACCATGTGTTAAATGCCCACCATGAGAAAGATCGAAACCTAGTATTTTATCGCCGGGATTTAGCACCGCAAGCATTACTGCCGCGTTTGCCTGCGCGCCGCTGTGTGGCTGCACGTTTGCCCACTCGGCATTAAACAATTGTTTGGCGCGTTCGATAGCAATGGTCTCAATCTCATCAACCACCTCACAGCCGCCATAATAGCGCTTGCCCGGCAAGCCTTCGGCGTATTTGTTGGTAGCCACAGAACCTGCTGCTTCCATTACCTGCTTGCTTACAAAGTTTTCTGATGCAATAAGCTCAATTCCTTCTTCCTGGCGTTGTTGCTCTTCGTCTAACAACTTAAATATTAATTTGTCTCTTTTCATTGTTGTGTGTAAAACGCTGCTAATTTAGATATTAAGATTAGATTTGAGATGGGAGATATGAGATTTGAGATGAAAATACATTATTCGAGCTTACAAATTGTTTTATTAACGTAACTTGTCTCATATCTCACATCTAAATTCTCAAATCTCCCCTTTAGGCACTATCCAAAAGTTATTGTATCCCAACCCAATAGTTATATCTATCATTTCCTGCTGAAGCATCTCCAGCACGGCTAAAAAATTATATACAAAGTGCACCTTGTTCTCGCTGTTGCCGGCGATGTTCTTAAAATCCATTTTTTTATTGATGCGCAGCAGGTTGTTGATGGCTTCCTTTTGTTTTTCGATGGTGTACGGGTATTGCACTACAGTATGGTGTACTTCCTCGGTGCGGGTCATGTACTGGCGCATCATGCGGTTATAAACCATCATCAGCTTGTATAGGTTCAGCTCGGATAACTCCTCGCCGGGCACGGTTACTTTTTCTACCTGTTCCAGGTCGAGTTTGATATTGCCGCGTTTCTCCTGCTGAAAGCGCTCGTCCTCAAAAGGGCGGATCTCATCGCAAAGCACCTTGAATTTTTTGTACTCGATAAGTTTACGGATCAGCCCCTCTTTGGTATCCAGTTCGTTCTCTTCTTCATCTGCATTGTATCGCGGCAGCAACATTTTGGCTTTGATACGCATCAGGGTGGCGGCAACAAAAATAAATTCGCTGGCCAGTTCCATGTTCAGTACCGTCATTTGGTGAATGTAATGCAGGAAATCGTCGGTAATTTTAGCGATGGGAATATCGTGGATATCAAGCTCGTCGCGCTCGATAAAAAACAGCAAAAGATCGAATGGCCCTTCAAACTGTGATAACTTTATGGAGAACCCATCTTCGGTCATGTGTCAAAAATACAGCTATTTACATTTAAAAAGATTATAAATTATGAAATTCAAAACAATAATTACCTTTAATGTATTCCAATTATTAGTAATTAAATAACTTACTTTGTAGATTATAAAAGAGTGAATATCATACATGCAGG
NZ_CP133775.1_gap95	4360744	4363316	2572	ACGGATCTTGCTCAGAAAAACATCCATACTGCGGCCGTTAAAGTAATTATCATCATGCCAGATGTTCAGCAGGGCTTCCTCGCGGGTAAGCACTTCATTTTTTTTGATGCAAAGCAAACGCAGCAGTTCGGCTTCTTTGGTAGATAGCTTTTGCAGTATGTTATCGCGCGTTATAATTTGCGAGGTATAATCAAAATTGTAGCTGCCCAGTTTAAATTGAGATGGGTTCTCATCGCCTTTTTTCTCGTGGATATCGGTACGTTTTAACAGGGCATTTATGCGTAGTAAAAGCTCTTCGATGCGGAAGGGTTTGGTAATGTAATCATCGCCACCAAGGTTAAAGGCTATGGTTTTATCTTCTATCATGGCTTTCGCCGTAGCGAAGATAATGGGCACATGGGCGTTTATTTTACGGATCTCTTTACCTAAGGTAAAACCATCCTTTTTAGGCATCATTACATCCAGTATCAGCAGGTCGAAGCTTTGTTTGGTGAAAGCACGCAGGCCTTCCTCACCATCTTTACATAATACAACGTCAAACTTGCCCTTTAATGCAAGGTAGTCTTGCAATAGCAAGCCAAGGTTCGGGTCGTCTTCAACAAGTAGTATTTTTTTCATGATGTTTAGTCCGGATGTCGGAAAAGACCGAAAGTCCGTAAGGTTATGGTTAATAATTTATACTTCCGACTTATCCGTCTTGCGGACTTATTACGCAACAGGGAACTTCAATTCAAACTCCGAACCTTTCTCTTTTTCAGACTTTACGCCGATGGTTCCATCAAGGCGTTTAACAATGGTATTCACATAGCTTAAACCAAGGCCAAAGCCTTTTACATCGTGCAGGTTACCGGTTGGTATGCGGTAAAACTGTTCAAATATTTTAGCCTGCTGGTCGCGGTTCATGCCTATGCCTTTATCTGCAACGCGGATCAGCACATGGCCGTTCTTATTTAATGTACTAATGGCAATCTCAGGTGCATCGGTACTATACTTAATAGCGTTATCTATCAGGTTGAACATTACGTTGCTAAAGTGCAGTTCATCAGCAACAATAACCGGGCGCTCGGCGTCAAGATTAAGGGTAACATCAGCATTGCATTTTTGCATTTTAAGCGCCATGCTGTCCAGCACAATCGTGATCATTTCGTTTACGTCAAGCGGCATTTTATCCAGCTTAAAGTCGTTACGCTCAATACGGGCAATGTTTAGCACGCGTTCTATGTGGCTACCTAAACGTACATTCTCTTCATAAATTACATTGGCCAGGCGGGCAACACGCACCTGGTCCTCCGCTATCTCTTTATCCTTTAAAGCCTCGCTGGCTATCATTATAGTTGATACCGGGGTTTTAAACTCGTGCGTCATGTTGTTGATGAAGTCTATCTTCATCTCCGAGATCTTCTTTTGCCTCAGTATCGAGAAGATGGTATAACCGAAACAAAATATCAGCACAAAAAGCAGCCCGCCTGTGGTACCCATAGTCGCGGTCATATTACCTAAAATAAAAGAGCTTTTTTGCGGGAACGAGATCTTGATCTTGCCCGGGTCGTTTATCAACTCATTACTAAAAATGGCCTTTTGAAAGGTGTTGGCCGGGATAAACTCCGGCTTGGCACCCTTTGTATCTAAAGCACTGCTAAAAATAAGCGAATCACTATTGGCGGTGCTTACCTCATAGCTAAAAGGTAAAAAGATGCCGCGGTTATGTAATTCAAAGCGGAGTAATGAATCTATCCAGAAATTATTTAAACGCTTATCAAGGGGCTCATCGCTTTTGCGGTATTCCTCGGCCAGGTTCTCAATAACATTTGCCTTTTTGGTGTTGGGAGTAACGTTCTCTAATGAGTCTGTCTCCAGCATTCGTTTCACCTGCTTAAACTGCCGGTCTTTTTGCAAGCGCTCCTGCTCTCTTAGCCATTCGGGATTAAGGTGCGGTACTGATATGATCTGCGGGCCAAATTGCGGGTCGATATAAGTGTAACGCAGCGTATCGTACTTGTGTAGTTTTTGTTTAAACGGCCTTGGTGCACTTTTTACAATTTCGGGGATAAAACGGCCATGCACTTCGCCAAATTCATCGGTATATTGTTCTATGCGGATGCGCAGGTTAAGCGACCCCTGCTGCATTAGCCCGGCTACATCGTCATCCATCTTTTTATGGAGGATCATCCGTTTCAGGCTATCACGCAGCATGGCCAGTTTACGCTCGCGTTTGGTTTGCTTTTTCTTTAGCACCAGGGCTTCGCCAATAATGCTTTTGCTGCCATTGATACTTATTACGCTCTTTTTGTCGACTGTTTCGGAACGCTTTAGGGTAATTATTTGTGTTTTTGCATTCAGAAAATTAAGGGCATCCTGCTTGGTAACTTTTGATACCACATTGTTTAACGCCTCGTTAACCGACCTGTTAAAAAGCTCGGACTGCATTTGGTACGATTGGCGCAAAAAATACAATTGCATAACCACCACGCCCAAAAGCGCAAATCCCATTAAACCAATGATAAGCCCTATGCTTCTTCTTTTCATGCAATCACAAAAATATTTTAAATTAAATGAGAACAATTGCTTTTAA
NZ_CP133775.1_gap96	4364425	4366239	1814	AACGGCAAATCGTCATCATCCGGTGCCGAGCTGATATCAGCAGGGGCTGCATATTCCGGGGTTGATGCTGCGCCGGCTGCGCTTAAAGCATTAACTTTCCAAAGTTGTAACGAGTTAAAGTATGTTTTTTTACCTGTCTTATCAGTCCATGGGCGGCCTTTCATGTTAAAAAACACTTCTACATCGTCGCCAACCTTAACGTTGTCCAATAAATTGCAACGATCTTGAATAGCTTCGAACTTTAAATACTCGGGATATTGTGGGTTCTCTACGTACTCAAGTATCAATTCTCTCTTTTTTAATGACTCGGTAACCTGTTGGGTTGCCGACACTTCATATACCTTACCTTTAACTTCCATAACTTAAGAAAATATTTAAAATGTAAAGTTAATAGTATGAAATTAAATAGCGGCGTATTTAATTCATAAATTCGCAAAATAATTATGCAAGTTTTCCACACTGAGAGTAAGATCATTATCACCTGCAACAAAAGGCTGTCGCCTTATTTGCAGCAAGAGGTTGAAGCATTAGGCTTTAAACCCACACGCGTATTCCAAACCGGCATCGAGTTGGTTGGTACCGTAACAGATACCATTGCGCTAAACCTTAACCTGCGTTGCGCAAGCCAGGTTTTATACCTGCTTAAAAGCTTTACCGCTGCCGACCCAAAACAACTGTACGACGAGCTGGTACAGATAGAATGGGAAGAACTGATCGATTTTTCGGGCTATTTTTCGGTAACCTCTAACGTCAATAACGAGCATATCCTTACGCCGTTGTTCGCCAACGTTAAAGTAAAAGATGCCATTGTAGATAGGATAAAAGACAAAAAAGGCATCCGCCCAAACTCCGGTGCCGATAATAATAAAACCGTTGTTAGCCTTTACTGGCAGGACGATAAGGCCGATATCTACATAGATACATCGGGCGAAACACTGGCCAAACACAGCTACCGCAAAATACCGGGCAAGGCCCCTATGCTGGAGGCTTTAGCTACATCAACCATTATGGCTACCAACTGGGATAGGGCAAGTACATTTATTAACCCTATGTGCGGTTCGGGCACGTTAGCTATCGAAGCTGCTTTATTGGCGACTGATAAGCACCCCGGCCTCTTCCGTATGAACTATGGCTTTATGCATATTATGGGGTATGATGAGCAGGAGTTTTTTGTGGAGCGCCGTAAATTAAAGGATAAAGCCAAAAAGGCGGTCGACTTTAAGATCATCGCTACAGACATATCTGACGATGCCATTGATATTGCCCGCAAGAATGCGAATACAGCAGGTGTAGAACATTTAATAGAGTTTTACGTTTGTGACTTTGAGGACACCGAAGTACCCGAAGGTGGTGGTGTTATTATGTTTAACCCTGAGTACGGCGAACGTTTAGGCGTGCACACCAAACTGGAAATAACCTACAAACGTGTAGGAGATTTCCTGAAAAAGAAGGCCCTTGGCTACCGCGGATACGTTTTTACCGGCAACCCAGATCTTGCTAAAAAGATAGGTTTGAAGGCCGCCCGCAGGATTGAATTTTATAACGGAAAGTTAGACTGCCGCTTGTTTGAGTACGAGCTTTACGAAGGCAGCAAACGCGAACCAAAAGAAACAGAATGAAAAAACTTATCATATTTGCACTTGTTTTAACATCATTTTGCGCACATGCGCAGCAAGACCTGGCTTTCCCTTTCCAGGGTGGTGCGCCCATTATGAACAAATTTTTTAAGGATAGCCTAACCGTTACTCCCGAAATAATTGCAAAAAAAGCTGCGGGTGTAGCAGTTATAAAATTCACTGCCGATATTAACGGCA
NZ_CP133775.1_gap97	4369222	4370563	1341	CTGGCAACCAGCAAAATTGAAGCTACTGCGGATGTTAACGCCATTAACACCGATAACGATATGCGCGATGAGCACCTGAAAAGGGACGACTACTTCGATGTGCAGAAATATCCGAAAATGAGCCTGTCGTCGGTATCTTTTAAAAAGAACAGCGGCAATAACTTTACCGGTGTTTTTAATTTGACCGTAAAAGGCATTACTAAACCTATTGAAGTGCCATTTGCATACGCTACAGTAGCCACAGGTAACTTATTTAAAGGCAGCTTTAAAATAAACCGTAAAGATTTTAAAATTGGCGGCAACAGCATGACCATGAGCGACGATGTCACCATTAATTTTGAAGCCGAGGCCGCAAAATAATCCCCGCTTTTTATCCGCGCAGCAAATAATAACAATTAATTAACACAGGGGCCTGCTTCTGTGTTAATTATAACCGTTTACAAATAGTAACTTTATACTATGAAATTGCGCGTATTGATCCTGATTAACGCTGCCGCCGTTGCCATCACCTTATCGGCAGTAAATTACTACTTTCAGCACAAGTGGTACGATGTAATGATAACCTTCCTGGTTACCTTCATCACCAGTTATATTGTTTTTTACTACCTGATAGAGAAATACATCTACTCAAAAATTAAGCTTATTTATAAGCTTATCCATAACCTTAAACTTGGCCGCGACCTGCGCGATGCACTTGGCGAACACGTAAGCGCCGACCCTATAAACGATGTTGAGCAGGAAGTAAAAGAGTGGGCCAAGCAAAAGAAAAGCGAGATCGACGACCTGAAAAAGCAGGAAAAATTCCGCAGGGATTTCCTTTCTAATATCTCACACGAGTTTAAAACCCCCCTCTTTGCTATACAAGGATATATAGAAGCTTTGCAGGACGATGAACTGGAAGATAAACAACTCGCCTTGCAATTCCTCGAAAAAGCATCAAAGAATGTTGACCGTTTAAGCTACCTGATCAACGACCTGGATGAGATCTCGAAGTTGGAATCGGGTGAGATACCTATCAATTACAGCAAGTTTAAAATTAACGACCTCATCAAAGAGGTTTTTGAATCTTTGGAATTAAAATCCAAACAGCACAATATTAAATTAACGTTTAAACAAAAATATGACGACGGCATATTTGTTAACGCCGACCGTGAAAAAATACGACAGGTTTTGGTGAACCTGATAGATAATTCCTTTAAATATGGCAAAGAGGGTGGCAATACCTCGGTGAGCACCTTTACCCTGCACGAGCAAGTATTGGTGGAAGTTACCGATGATGGTATAGGCATCGAAGAAAAGTTCCTCCCGCGTTTATTTGAAAGGTTTTACCGTACAGATACC
NZ_CP133775.1_gap98	4379683	4384407	4724	TGTGGTTTAGCGTTTTCTACAGGTTTTGCAGATGGTGTAAAGCTTTCTATATCTTTTTTGATGATCCGGCCGCCTTCTGCGCTGCCTTTTACATCATTTAAATTAATGCCTTTGTCTTTCGCAATTTTACGTGCCAAAGGTGATGCTTTAACGCGGCTGTCATCCTCGGTAGAACCGGTTGATGTAGCAGTTGGCGCGGCATCAGTTTGTGCGGCAGGTGCTTTTTCTTCGGTAGCTTCTTCAGCGGCCGGGGCAGCATCAGCAGTACCATCGCCACCATCAGCGTTATCTAATAATGGTTGTATGTCTGTACCTTCTTTACCTACAATGGCAATAATGCCATTCACCTGTGCGGCTTCGCCTTCTTTAACACCAATGTATAATAAGGTGCCTGCTTCGTAACCCACAACTTCCATGGTAGCCTTGTCGGTTGCCACATCAGCTAATGAATCATCCGCTTTTACTTTATCACCAACCTTAAAGTTCCATTTTTCTATGGTGCCCTCGGTCATGGTATCGCTTAACAAAGGCATACGTATTACCGTAGCCGGGATGCTTGAGGTATCAACCTTTGGTTTTGCAGATGCAGATTTCTCGGCAGTTGTAGCAACAGGTTTTGAGTCTGCAGTTGCAGGTTTCTTATCATCTTTAGCAGTTGTTTCAGTTTCTTTACTGCCACTTTCTACTGCCACTGGTGCAGCACCGCCATCTAAAAGCGCTTTGTAGTCTTCGCCCTCTTTACCTAAAACGGCAATAATAGTGTCAACCGGTACAGCGTTACCTTCTTCAACACCTACATAAAGCAAGGTGCCGTCCTGGTACGATTCAAAATCCATAGTGGCCTTATCGGTTTCTATCTCGGCCAAAACATCGCCCGATTTTACCTTGTCGCCAACTTTTTTATGCCATTTCGCCAATACCCCTTCGGTCATGGTATCGCTCATTTTGGGCATTTTAACTACTTCAGCCATATACTGTGATGAATATTGTTAATTTATATAAATATAAGATATTAGTCGCGGATGTACGGATAGTCCTGTTGTACATACACATCAGTATAAAGCTCTGATGCTTCCGGGTAAGGTGAATCTTCAGAGAACTGAACCGCCTCATCAACCTGTGCCTTAATTTTCGCGTCTATCTCTTCAAACCATTTATCATCAGCATAGCCATTTTTTTGAATAGCCAATTTTACTGTTTCAATAGGGTCTTTTGATTTATAGCTTTCCAATTCCTCTTTAGTACGGTATTTCTGCGGATCACTCATCGAGTGGCCTTTGAAACGGTAAGTACGCATTTCTAAAAAGGTTGGGCCTTCGCCGCGGCGTGCACGTTGTACAGCCTCGTCCATTGCGTTATGTACCGCAACAGGGTCCATACCATCAACCGGCGATGAAGGGATACCGTATGGTAAGCCTAATTTGTAAATATCTGTTTGTATGGTGGTACGCTCTACAGATGTACCCATAGCGTAACCGTTGTTCTCACAAACAAAAATTACAGGCAGTTTCCATAGCGCAGCCATATTAAAGGTTTCTGTTAAAGCACCCTGGCGCACGGCACCATCGCCCATGTAGGCAATGTTTACGTTATCGGTACCTTTATACTTTTCAGCAAAAGCAACGCCCGCACCCATCGGGATCTGGCCGCCTACAATACCATGGCCGCCGTAGAAATGGTTTTCTTTGTCGAACATGTGCATAGAGCCACCTTTGCCTTTAGAGCATCCGGTTGCTTTACCATACATTTCGGCCATAATGGCGTTTGGATGGGTCCCTTTTGCTAAAGCGTGTGCGTGGTCGCGGTAGGCAGTTATTAAACTGTCTTCGTGGCGTATAACAGACATGGCGCCCGCTAACACAGCTTCCTGCCCAATGTACAGGTGACAAAATCCGCGTATTTTTTGTTGACCGTATAACTGACCGGTTTTTTCTTCAAACTTACGCATCAGGAGCATAGACTCATACCACATCAGGTAGGTGTCTTTAGTTATTTCGATTGAACTCATTTATTAAATAAAGTTTCTTTGAGAGGTGCAAATCTAATTATATCCTGCAAATAACCGAAACTGCAACGAATTTGTTAGCATCAATTGATTAAATTTTTGCGGATGCATTATAATGCACGCATAGTATTTTTTTAAAACGCAAAATAACATTTGGATATGGTGTAAAATGTACGCTTTATAAAAGGGCGAAAAGCGGGTTTATCGCAATAATCTTCTCATAAAAAATCTTTGTTTCAACGCCTATTGAAAGTCGGTTGCGGGTCGAAAAAGGGTGATTTAGAGTCGGCTTTAACCCTTGCTTAATGTTATCAACTCCCGGATAAATCAAAACTATATGCCGGACAATTATTAAAATAAGACATGGCTCAATATCTGAAATTAAATTTCCGAGGGTGAAATTTTAGGCGATTTGATTTACTTTATCGAAATTATTATTAACAATGGTTACAAATATTACCTGAATCGTTATGAAAAAAAATCTCCTTTTTAATTTGGTAGTTTAAAAATATTGGATAGTTTTGTATCCAACAATAGACACAACGTCCAATTTAATATACATTTGCTGCCCTAATTCAGCAACTAAAGAGATTAAATGAAGAAAATTACAATTGCTATTGCACTATTTCTGAGCGTTTTAGCTGCTCAAGCTCAAACAAAAATTATTCCAACTCTTGCTGCAGAAAATGCAGAGCAAGAGAGTTTAGCAAAAGATTACCTTTCGCAAATTATGGGTGTTGCGGTTTCTGCAACCTCAAACATAAAACTTTTCAAGTTTGTATATAACTGGATAGGCACCCCTTACCGTTTTGGTGGTTCATCAAAAAAAGGTATTGATTGCTCAGCATTTACCAAACAACTATATAGCGACGTATTTAACTTACCTATCCGTCGTAGCTCTCGCGATATTTTTAGCATGGTTAGCCCGGTTGGTAAAGACGACCTGAAAGAAGGCGACCTTGTTTTTTTTAAAATACATAGCCGCAGCATTTCGCACATCGGCATTTACCTTGGTAATAACAGGTTTGCACACGCGTCATCACGTGGTGTAGCCATCAGCAATTTAGACGAAGCGTACTACAGCCGTTATTTTTACAAAGGCGGCCGTTTATTAGAATCATTTAAAAGTGAACTATCTGCATCGGCTACCGATGACAAACCAGCTAATTAAACCTAAATTTAAATATCTTTAATCCTTTCACTAACCATGAGAGGATTTTTTTTGACCCATCATGAAGACCCGGTTCGTTTTATTTTTAGCTATCGCGATACTTGCAGCTGCCTGTGATCAGCCTAAAGCAAAAAGGGAGTTGAATAAAGCAGAGGCAAATACGCAGGCTATTCCAACAGATACTATTGCAACATTACCTACAGATAATGTTATAACTATCGCGGCCGTTGGCGATATTATGCTGGGCTCATCCTACCCCGACAGCACCTTCCTCCCACCCGATAGCGCAAAAGCGAGTTTTAAATATGCTTTAAAAGATCTGCAAAAAGCCGATATTACTTTTGGTAACCTGGAAGGTGTGTTATTAGACACCGGCGCACCTGTTGGTTACAAATTAAGGTTTCAGCACAAAGGGTATTTATTTAGGATGCCGGTTAAGTTTGGAAGTATTATTAAAAATGCGGGGTTCGATATACTTAGCGTAGGCAATAACCACTCAAACGATTTTGACCGCGCAGGCCGCCGCAGTACTATCAAGGCTTTAGATAGCCTGGGTATCCATACCGCGGGGTTTAAAAGCCATCCGTCAAAATCATTTATCAAAAATGGAATTAAATATGGTTTTTGCGCCTTTTCGCCAAACGGGCAAACGGTTTCGTTGCTTCAGATAGCCAACGCAAAAGCCATCATCAGGGATTTAAAAGCAAATAACGATATTGTGATCGTGTCCTTCCATGGCGGTGGCGAGGGTACGGATTATGAGCACGTGCCGGATTCGGCCGAGATATTTAAAGGAGAGAACCGCGGCAACCTGCGCCTGTTTACCCACGCGGCCATTGATGCAGGTGCAGATGTGGTATTAGGCCACGGCCCGCACGTTGCCCGCGCAATGGAGTTATATAAAAACCGCTTAATAGCCTATAGCCTGGGCAACTTTGTAACCTATAAAGGTGTAAGTGTAAGCGGAGTATGCGGCCTTGCACCATTGCTCAACATCCACATTAATCAAAAAGGGGAGTTTTTGAACGGCCATATAGCATCATACCGTCAAAACCACCAATTGGGTTTAACGCCCGATAGCCTTAACCGCGCAGCAATACGGATTAAAGCATTAACCGAAGCCGATTTTATCCGGCCCGGTTTAACTATTTCTTCAACAGGGGAGATAATTCCCACGGTTGCGAATTAGGCTTCGTCTTTAGTATTGCGCACAAGGCTTATCCCTGTAAAAAAGAAGATGATGGCAATAAGGCCTACTACAATTAAAGTGGTAGCCGCGCCTGTATGTTGAATAATTTGTACGCCTGTATAAATAAGGCCTATAATGCCCAACACTGTAAGTATTGCTCCGAAAGTACGTTTTAAATTCATGATGAATAATTTGCTGGGGTTAAATAATCTATTCATTAACCACTTTACTACCAGTTTGTTTGCGCCCGCCAACAGGTTGTATACAAAAGCGGAATATCATTTGTATGTAAATTACTATAAATAGATGTATCATTTTGATACGAATTACGTTTAAATGTTTGTAAATGCTTCGCATTT
NZ_CP133775.1_gap99	4405891	4406391	500	TTTACCGCATTATAACAAACAAAAACGGCAATACTTTTTAGGCCATAATACCTAGTAAAAATTCTTGAAAAGGTACTCCAGTAGTGCTTCCTGATGCGGTAGCCCCGCTATCTGTACAAGCTTTGCCCCGTTAAGCCAGCCTTGCGCGCAGGCAAAGGCTTTCCCGCCTATCGGGTTTAGGTAACCACGGCAGTGCTTAATATAAATGGTTCGATCCCTTCGAGCAATATAACATGTAGCACGTATCTCCCACAAGTTTATATTGTCAATAATTAGTCAACGATCAAAGGCGGCCGTCCATAGATATAGCTGTATTGAAAATTGGCAGACAGGCATTTTTATTCTAAAGGATAGCCAGGTTATGATCGGCCTCTATGCATCTTAAAGTTTACATGAGGCTAAGTGATACATCAGCACTTTCGGTACCACCCACGGAGGCCTCTGATATTATCAATAAATTAGAGCCATATACCCTAATTTCAGAGCAGATCATATTCGGG
