gap_id	start	end	length	sequence
NZ_CP072943.1_gap1	37758	40864	3106	TTTCATCGTCGCCTCGCAGAGGCGGTCCGTGAGCTCCACGTCGGCCTCGTTGGTGAAATAGCGCTCCATGACGTGGGCCAGCATGTCGACGGCTCCGAAGCGGGTCTGGTCGGCGGGAAGGGAGAAGGTCAGCTCGGGGTTGAGGAGGGCGAAGCGGGGACGGAGGAGTCCGTTGCGGAAGCCCCGCTTGTAGAGTCCCTCTTCGTTGGTGATGACCGAGACGGGACTGGTCTCGCTCCCGGCGGCGGGAAGGGTCAGGACGACGCCGACGGGAAGGGCCCTCTCCGGTTTCGAAATTCCCTCGAAGAAATCCCAGACCCCGCACGAGGCGGGAATGCCCAGGGCGATGGCCTTGGCCGAGTCGATGACGCTTCCCCCTCCCACGGCGAGGACGAGGCCGATCCTCTCCCGGCGGCCCAGCTCGATGCCCCTTTCGACGAGGCTCAGTCGGGGATTGGGTTGGACGCCGCCCAGCTCGACGACGTCGACGGCCGCGTCGGCCAGGCTCGCGGCGATGCGATCGTAAAGGCCGCTTCGCTTGACGCTCCCTCCCCCGTAATGGAGAAGGACCGTGGCGGCGAGAGGAGCCGTCTCGGCGCCGACGCGCTCCTCGGCGGCGCGGCCGAAGAGAATCTTCGTCCCGTTCTGAAAGGTGAAATCGCGCATGGAAAAACCTCCTTCGTCAAGTCAAAAAAGGCCTCGCCCGGAAGGCGAAGCCGCGACAGGTCTCGGCGCTGCGGGGGGTCAGAGATCGTAGACGGCGGCCACGTCGAAGGGGAGATCCATCCCCTTCGTGCGTTCGATGCGGATGAAGCGCTTCTCCCCCTCCCGCCTCAGCCGCAGGGGGACGAGAGGACGTCCCGAGGCGTCGGTGCAGGCCAGAGGGGTGGGGCGGGAGTCGGTCTCGACGGGAAGGCCCCGACTCTCGGCCAGGTAGCGCTTCAGGATCTCCAGCTCGCCGGCGGTGAAAAACTCGTCGACGTAGCCCTTGACGTGGAAGCGGTCCTCTTGGGGCAACTTGTCGAAGTCCCGGACGAGACTGCCGTAGCCCGATAGGTGAGCCTCGCCGGAACGCAGGGGAATCCAGACGACGCGCACATTCTCCCGGCCCTGGAAGGACGTGAGAACCGAATAGGCTCGGTAAAGGAACAGTTCCATGGCCACTCCTCCTTTGCTCTTCCCATTATAACGCCGGCCGGTCGTGGCGGTCTTCCCCCGGACGAGCGAGGAGAACACGGAAATCTTGTCGACTTCGCCGGCCCCTCCCCGATTCACGGGCAGAGCCGGATGGAAGCGCCTCTCGCCCGGCCGGCGTCTGGAAAACGGGGACGGTCGCCCCGAATCCGCACCGACGAGGTGGCCGGAACGGGCCTTGAATCGGCGGATCCGGCGGCGTCTGTCTTGAAGAGCCTGCGGATTAGGGCCCCTCTCCTCTCGTAGGCAAAGCCATCACCGAGGTCTACAATGGCGGGACAAGGAGGTGTTGTCCGTGAAAACCTACTCTGCCCTGGCCCGACGTCTCGACGACCGCATCGAGACCGAGACCGAGGCCGCCGTCGCCCTCAGCGAGGACCTGGCGGCCCATCCCGAGCTCTCCGGCGAGGAATACGAGAGCAGCCGCAAGATCGTCGCCCTTCTCGAAAGGGCCCGGTTCGCCCTCACCTTTCCCTACGCCGATCTGCCCACGGCCTTCAGGGCCACCAGGGGGAGCGGCACCCCTCGCGTGGCCCTCCTCGTCGAGTACGACGCCCTTCCCGAGCTGGGCCATGCCTGCGGCCACAACCTCCACGGCGCCATGTCCGTCCTCGCCGCCCTCGGCCTGGCCGAGATCGTCGACGACATCGGCGGCACCCTCGACGTCATCGGCACGCCGGCCGAGGAGACGGACGGCGCCAAGTGCTCCATGGCCGACAAGGGCCTCTTCGACGGGTACGACCTGGCCCTCATGATCCACTCGGGATCGGGCGTCTCCATGGCCGCCTTCCGGTCGCTGGCCATGGATGGCTACCGTTTCACCTTCCGGGGCAGGACGGCCCACGCCGCGGCGGCCCCCTGGGAGGGGCGCAACGCCCTCAACGGCGTCCAGCTCTTCTTCCACGCCGTCGACATGCTGCGCCAGCACAGCCGTCCCGAGGCGAGGATCCACGGCGTCATCGACAGGGGCGGCACGGCGCCCAACATCGTCCCCGAAGAGGCCGTCTGCCGCTTCGAATTCCGGGCGCCGGCGCGGACCTATCTCGACGGCCTCAGGGAGCGCTGTTTCGACTGCGCCCGAGGGGCGGCCCTGGCGACGGGGACGGAGGTGACCTGGGAGAAATTCGAGTCGAGCTTCGACGAGATCGTCCCCAACGAGGCCGGCGAGGCCCTCGTCGAGGAGATCTTCGACGAGCTTTCCATCCCCTTCACGACGCCGGCCGATCCGGCGGGCTCGACGGACATGGGCAACGTGAGCCGCCGTTGCCCGGCCCTCCATCCCATCCTGGCCGTCACGCCTCACGACTACCCCCTCCACACGAGGGAATTCGCCCGAGCCGTCGTCGGTCCCGAGGCCCACAGGGCCCTTCTCGCCGGAGCCCGCGTCCTCGGCAGGGCCGTCCTGCGCACCTTCCTCGACGGAGATCTGAGGGAGGCCATGAGAAGGGACCTGGAGAAGAACCGGCGGTGACGGGGCGCTCCGCCTAAAAAAGAGTCTCCAGGGCCTTGCCCGTGTCGTCGAGGTTTTCCGAGGCCTTGCAGAGCCTGGCGATGAGCTCCTGGAGCTTGGCCGTGTGAACCTGCCGTTCCTGACCCATGCGGCCGATCTGCTGGAGTGGCTCGGCCATGGCCGGAAGGGTCTGGCCGAAGGAGGAGAGGACCGATCCGATGGTCCGGGCCGACTGGTCCGTGTCCTCGGCCAGCTCCTTCACCTCTCCGGCCACGACGGCGAACCCCCGTCCCGCCTCTCCGGCCCGGGCCGCCTCGATGGCGGCGTTGAGGCCCAGCATCTTCGTCTGACGGGCGATGCCCTGGATGGAGTGGACGATCTCGTCCATCTTGGCCGCCTTGGCGCTCAGCTCCTCCATCTGGGCCACGAGAGGCGTGAAGGTCGTCCGGACCTGCTCGTTTC
NZ_CP072943.1_gap2	91282	94353	3071	TCTGGGTCGACGACGACGGCGACGTCGATTTCGACAACCATGCCATCAGCACCAATGGACGAGGGCTCGTCCCCCGCGACGCCATCCCCAACACGTCGGAGCGGATCGATCTCCCCCGCGTCGACGTCCTTCTCTTCAACATGCGCCGCTACGACATCCCCCCCCTGGGGCGGCTCATCTCGCCCGAACAGGCAGCGGCCTACTTCATGCTCGGCGAGTCGACGATCACCAGCGCCGAAGATCCCTCCAGGGTGGGGCAGGCCAAGCGCGTCGTCGGCTTCGATCCCTTCGTCGTCAACAGGCCTCACACCAACGGCAACCGTCTTCTCCAGATCCTGCGCAACAACGACCACATCCGCTGCTATGTCCTCAACACGGGACGCATCGGCGGCCGCGACGGCCTGAACGTGACGCCCGACGTCACCTTCAACTCCATCGAGGCCCTCCTGCGGGAAAACCTCACCTGGCGCTACGACGACATCCTGGGCTACGAGGTCCCGGAAAGGCTGCCCTTCGACGGGGGCGAGGCCTACGACCCCTACCGTCATTACTCGCGAGAGGAGTATGCCAAGGTCATCGGAGCCCTCCGCAAGGAGCGCCGGGATTATCTGGCGACCTTCAAGGGACTGGCCCGGGAGATCATCGACGCTGTCTGACGTCGCCGCGCCGAATCGTCGCGAAGGGGAGGGGGAGCCGGAGACGGGAGGTCTCTCCGGCTCCCCCTCTTTATGGTTCGCGTGCCCGGCCGGAGGCTTCCTGCCTTTCCCGTCCCGGCTGTCCCTCGCCTCGGCGGGCAACGAGGGGTGAAACCTCCATCGGCCCGCCGGGGAAGGGGCTGGAGGAGCGCGGTCTTCGCCTCGAGCCAAAACGACGAGGAGATTCGAGCGGACCTGGAATGCCCGACGAGGTCTGCCCGGACGCGTCCTCAGATTGGCGGACCTTGTCCTCTTTGTTCTTGAGCGGCGACGTTTCGCTCCCTCGCGGGACGATGGCCCCGGTCCCCTCGGGCTTCGGCAGGGCCGAACGGGGTCTTCGTCGCCGATGCTCGAGGAGGCAGGGAAAAAGAGAGCGCAAAGAGAGAGGTGCCGCCGGTGGGATGACCTAAGGTCAATGAAAATCAACATCTTCTTCCCCTTTTTATCCTCTCCGATCGCTGCCCCCGCCGGGACGGCTTCAAAGCCCCCCTCCCTCCGGGAGGAGAGCCTCCAAAGCCGTCCCGGGTTCGTCAGATCTCTCCGCCGAGGCTTTCCGATTCGGGCTTCTCGGAGAAAAAGGGATTTAGCTCGACCGGCAAGGCTGCAAAGAGCCTTAAGGTCAAAAAGCTTCTTAAAAAGAGCAGACAAGGGCAGGAGCCTGTCAGGCTGAGCCCGACAGGCTCCTGGAGGCGACGGGTTTCCCCTGCTCGGCGAGGGGATCACCGAAGGTCCCGAATCCTCTGTCCCTGTGGGCCCTGATGGTCTGGGCCCTGAATCCGCAGGCAGGCAGGGAAGGGCCGGAACTCCGTCGATTCCGCTGCGGCGTGAAGAGAGGCGTCTCGAACCCGCGTCGATGAGGTGATTGGAAGGGGCCTCGAAGCGGCGGGTCCGGCGGCGTTCGCCCGGTCGGGCCTGTGAATCCGGGTGGGGCAGGCGCCTCGCTTTTTCCCTCCGGCCCGGTTATAATGCCCGTGTCAACCCAAAAAATACAAGGATGACTGGAGGTTTCCCCTTGAAGCAGCGTCTGCGTCTCATGATCCTCGCCTCGCTCTTTGCCGTGCTGACCGTCGTCGGCGCCTTCATCCGCATCCCCTTTCCCGTCATTCCCCTGACGCTCCAGGTCTTTTTCGTCTACCTGGCCGGCGTCCTTCTCGGGTCGAAGGGAGCCCTTCTCTCCCAGGGGCTCTACATCGCCATGGGGCTCCTCGGTCTGCCCGTCTTCACCGTCGGCGGCGGTCTTCAGGCTCTCCTTCGACCCTCGTTCGGCTTCGTCGTCGGATTTGCCGTCGCCGCCTACGTGACGGGAGCCCTGACGGAGCGTCACGTAGAGCCGAGTTTCCGGGACTATCTCCTGGCCTGTCTGGCCGGAATGGCTTCCCTCTACGTCGTGGGCGTCGCCGGCCTCTATCTCAATCTCAACCATCTCGTCGGCAAGGAGATCTCTCTCTGGGGGGCCGTCAAGGTCGGCGCCCTTCCCTTTCTTCCCGGCGATCTCCTCAAGGCCGTCGCGGCGGCGGCCCTGGCCCGGCGCGTCGGCGCGGCGGTACGCCAGATGCTGCGTCCCCGTTGAGGCGGGGCTAGGCGGCTTCGGAGGGTGTGACAGGGTCGTGGCGGCCTCCGATGGGGGAGCGAGCGGAGGCCGCTTTGCGACCTAAAAGAGGCCATAGGAACTGATCAATACTGACCAATTGCGTCGAGGGAGCCTGTCGTCCCGTCGGGCGCCCTCGAACGCCGCCGTCTCCCTTTCGCCGCCCTCCCCTCCTCGCCCGATGAGGCCGTACTTTTTCGCGGCAGGGCTGTTTCTTTTTTCCCCTGAGTCTGTCAAGGGACACTAAAAATGTCATCTAAAAAGAGGGTCTGAGGGACAATGAAAGTGTCGCTTTCGAGGGGCTGAAATCGCCCCCGTCAACAGCCCGCCTTGGCTTTCCTCCGCGGCGGAGGTCCTTCTAGGGAGGGGAACCCGTCCCTTGCTCGGAGCCGACCGCCGCGGCAGGAGGAGCGGGATTCTGTCGCCAGGGATGGTCTGCCGCCGGCTTCCTCTGCTTCTTCGTTTTGCATGGAGTGCCTGTCTTCGTCTCGATGACAGGCGGGGGAGTCGCAGGGGGCTCTTTGTCGACGGCTGCGAGATCGTAGAGCCCGTCATGGACAAGAGCCAGGAGTTTCCCGTCGAGCTTCTCGATGACCTTGACCGCCTGTCCTCTGGCAAGAAGCAGGGGGCGTCTGCGGGGGCCTATCAGGGCGTACTGTTTTCCGTCGAGGGAAATCGTCGAGTCTCCCGAGGCCTTCCGGTCGGTCTGGCGAGTCAGGAGGAGATCGAGAGCGGGGCCGTCCGGCGGAGGGAGAAAGGCAGATGCCCCCTCTGCGGGAGGACGAGCG
NZ_CP072943.1_gap3	95444	99971	4527	CACGCGGGCCCATCCGCCTACAGAGAGGGACGTTCACCGGCTGAGAGACGTCCTGGCGGTCCGCGAGAGGCCCAAGGCCTGTGGAGCAGACGCCGAAAGCCGCCGAGGCGGATCAGGCGTTCCGGTCGGCCTCCGTTATCGGGCCTTCGAGGTGGGGCCTTGTCGGCTCAACCGGGGTGGTACCGCGGGTTTCAGATCCCGTCCCCGATTCGGGGACGGGATTTTTGTGTTTTTCGCTGTTTTTTGCCTTTCTGCTTTTCGAAAGGATTCCTGAAGGATCGCGAAGGAGGTTTTTTCCATGGCTCAGGTGACATGTGTGGTTTGCGAAGGACAGGTGGCTCTCCCCGAAGGCGCCCTCGTCGGCGAGATTCTTCTCTGTCCCGACTGCGGGACGGAGCTGGAGCTCACGGGCCTCGACCCCCTCTCCGTGGAAGAGGCGCCCCAGGTCCAGGAAGACTGGGGCGAGTAGGGTGCTGCGCCTTCTTTTCACCCGTCTGAGGCAGGAGGAAAAGCTTCTCGTCGAGGCGGCCCGTCGCCTTGACGTCCCCCTCTCGCTGGAGGACGTCAAGGACCGCGTCTGGGGCGCCTCCTGGGCCGAGGACGACGTCTACCTCTGCCGCTGCATCGGTCACGGCCAGAATCTGGCCCTGGCCCGCCACCTCGAGGGGCGGGGACGGCGCGTCGTCAACGCCGCCTCGGTGATGGAGCTCTGCGGCGACAAACTGGCCACGACGGCCGCTCTCGAGGCGGCCTCCGTTCCCCAGCCCGCCTACCGCCTGGCCCTTTCCGAGGAGGGAGCCCTGGCCGCCGTCGAGGAGCTGGGGTACCCCGCCGTTCTCAAGCCCGTCACGGGCAGCTGGGGACGCCTTCTGGCCAAGGTCAACGACAGGGAGTCCGCCGAGGCCGTCATCGAACACAAGGCCCATCTCGGCGCCCATCATCAGATCTTCTACGTCCAGCAGTACGTGGAAAAAAGCGGCTTCGACGTCCGGGCCTTCGTCGTCGGCGGCGAGCCCATCGGCGCCATCCGCCGAGAAAGTTCCCACTGGATCACCAACACGGCCCGGGGAGGCAGGGCCGCCCTTCAGCCCGTCGAGGCCGATCTCGAGGCGATCCTGCGCCGCGTCCACGAGGCCATCGGCGGCGATTTTCTGGCCGTCGATCTCTTCGGGACCGAATCGGGCTGGCTCGTCAACGAAGTCAACGACGGAGCCGAGTTCCGCAACTCCATCGCCCCCACGGGCGTCGACATTCCCGCGGCCGTCATCGGCCACTGTGCCCGCTTGGAGCGTCGGCGATGAGAAGACCGACGGCCACGGTTCCTTCCGACGTCCGAGGATGGCTCAAAAAGACGGCCGCCCGAAAGCGGGGGCTCAAACCGTCGTGGACCGGTCCGGAGTGTCTCTTGTCGGCGCGATGACGCGCTGATCCGATGAAGAGGCATTTCGACGGTCCGCATCCCTCGGGGAAGCGGATCTTTTTTTATCCCCGTCCCCGCCGGAAGAATCGAGCGGGGGGAACGACGAACCGGCCGGGGGCCCTCCGGGGCCCGAGGTGGCTTCCATAAGAAAGGAGATCTGTCCATGGCACGCGTCATCATCTGGGGAGGAACGGGGCTGACGGGAGGCGAGCTCCTGCGCCTTCTGGCCGGCCAGGAGGCGATGGAGCTCGTGGCCGTCACCTCGCGCCGCCGGGCCGGTCAGCCCCTCTGGACCGTTCACCCCCATCTTCGTCCCGACTATCCCGATCTTCTTTTCACCGCCCCCGACGAGGCCGAAGGCGTCGCGGCCGATCTGGCCTTTCTGGCTCTGCCTCACGGCTCTTCCTTTCCCGTGGCGAGGCGTTGTCTCGATCGGGGCCTGAAGGTCGTCGACCTCTCGGCCGACTTCCGCCTTCGGGACAGGTCTCTGCGGGAGAGCTGGTACGGTCCGGGAGGAGCCCCTCAGGAGCTCGTCGAAAGGGCCGTCTACGGCCTGGCCGAGCTTCATCGCCGGGAACTGGGCCAGGCCGATCTGGCTTCGGGAGTGGGGTGCAACGCCACGGCCCTCAATCTGGCCCTTTTCCCCCTGGCCCGGGCGGGCCTTCTCGAAACGGTCCGGGCCGAGTGCCGCGTCGGCTCCTCGGAGGGAGGGGCGACGCCTTCCGAAGGGGGCCACCATCCCTTCCGCAGCCGGGCCCTGCGCATCATCGAGCCCTTCCGACACAGGCACATGGCCGAGACGCTCCAGGAGCTGGACCTCGACGCCTCGCGCCTGACGATGACGGTGACGGCCGTCGAGATGGTCCGGGGCATTCAGATGGCGGCCCACATCGGCTTGAGCAAGAGGGTGGTCGAGGCCGACCTTTGGAAGCTCTACCGTCAGGCCTTCAAAGGGGAATTTTTTCTTCATCTCACTCCGGCCCGGCCGGCCCATCTCCGCTTTCCCGATCCCCGCCTCGTCCTGGGAAGCAACAGAGCCCTCGTGGGCTTCGCCCTCGCCGACGACGGCCGCCGCCTTCTCGTCGTCAGCGCCATCGACAACCTCGTCAAGGGGGCGGCCGGGTCGGCCCTTCAGGCGGCCAACATCATGATGGGCCTCGACGAGCGGCAAGGTCTCGATCTGCGTCCTGCCTACCCCGCATGAGGCGCCCAAAAGCGTCTCAAGGCTTTGACCTGAACTGACATTGGAGGTCTCGATCATGATAGGAATCGTCAAAATTGGAGGGGCCGTCGGCAACGATACGCGCCCGCTGCTGGACGATCTTGCCCGGCGCGTCGGCCGGGGCGAACGGTGGGTCGTCGTTCACGGCGCCAGCGGCGTCACCGACTCTCTCTGCGAGCTCGCCGGCGTGGCCTGTCGCTACGTCACCAGCCCCAGCGGCTATCGCAGCCGCTATGTCGGTCCCGCCCAGCGGGCCCTCTTCGAGGCCGCCGCCCTCTCCCTCTCGGGGCGCCTTTCGTCGGAGCTGGCCCTCCGCGGCATCGCCGCGCCGGTCCTCAGGCCCGACTCGGTCCCGACGGTCCGGGCCGAGCGCAAGGATCTTCTCCGCGCCGTCGAGGGAGGGCGCCGCTTCATCCTCCGCGACAACTACAGCGGCACGGTCCGCTCCGTCGCGGGAGAGACGCTTGAGGCGACGTGGCGCTCGGGCGCCCTTCCTCTTTTGCCCCCTCTGGCCTTCGACGAAGAGAGCGGTCTCAATCTCAACGTCGACGGCGATCGCCTGGCCGCCTCCGTCGCCCTGGCCGTCGACGCCGACTGCCTCGTCATTCTGACCAACGTGGCCGGTCTCATGGAGGACCTCTCCCGCCCCGAAAGCCTCGTCACCCAGGCCGGCCTCGAAGATTGGGATCATCTGGAGCGCATGGCCCAGGGCAACATGAAAAGAAAGCTTCTGGCCTGCCGCGAGGCCCTCGAGGGCGGGCTGGCCCGCGTCGTTCTCGCCGACAGCCGCCGCGAGGCGCCTCTGAGTCATGCCGTCGAGGGAGGAGGGACGCAGCTATGGCGCCAATCGCCGGCACTTCGCTCTATGGCGGTCGGTCTCTAGAGATCGTCGCCGGAGAGGGCGCCACGGTCCGAGACCGGTCGGGGAGGGAGTATATCGATTTTCTCTGCGGCCACGGAGCGGCCCTTTTCGGCCACGGTCACCCCGACCTTCGGGCCGCCCTCGTCGAGGCCTCGGCCCTTCCCTGGACGATCGGCATGGGCCTCGACGCCCCGGCTCGGAGCGCTTTCCTCCGCCTTCTGGGGGGGCTCCTCGAAGAGGGGCGGGCCTATCTGGCCAACAGCGGCGCCGAGGCCGTCGAGGCGGCCCTCAAGCTCGTCATGCTTCTTCGGCCCGACCGCCGCCGCATCCTCGCCGCCCGACGCGCCTTTCACGGCCGGACTCTCGGCGCCCTGGGGCTGACGTTCAACCCCCACTACCGCAATCCCTGGAAGGAGGTGCTCCTCCCCGTCGAGTTTTTCGCTCCCGAAGAGCTTCCGGGGGCTGTCGACGAGAGGACGGCGGCCGTCTTCATCGAGCCCGTCCAGGGCGAGGGCGGCGTCTTTCCCCTCGACGTCTCCCTGGGACGGGCCCTCTCCGAGGCCTGTCGACGGGAGGGGGCCCTTCTCGTCGCCGACGAGATCCAGTCGGGATGGGGGCGCTGCGGCTCGTTGCTGGCCTCGCCTCTCGTGGGGCTCGACCCCGACATGGTCACCCTCGCCAAGGGACTGGCCGGAGGTCTCCCTGCGGGAGCTCTCGTCTGGAAGGGCGCTCTGGGCGATTTCCCGTCGATGAGCCACGGTTCGACCTACGGAGGGAACCCTCTCGTCTCGGCCGTGGCCCTCAGGGGCCATGAGGTGATCGGACGCGACGGCCTTCTGGAAAGGTCAGTAAAGGTCGGTTCCTATCTACGCTCCAAACTGTCTCAGCTGCCCTCCGTCGTCGCCGTTCGGGGCCTGGGGCTCCTCGTCGGCGTCGAGATCGAGGGACGGTCGGCTCCCGTCGTCAGGGCCCTGCAGGAACGGGGGCTTTTGGCCCTTCCCGCCGGGCCTCAGGTGGTCCGTT
NZ_CP072943.1_gap4	101506	104058	2552	TGCCGATGCCGCCGACGAGGAGGGAGACGGAGGCCACCGAGGCAAGAAGGAGGGACATGATCCGCGTCGACTCCTTGGCCGTCTCGAGGAACTCCGAGAGGTTGCGGACGTCGAAGTCGTTTTCCTGGCCGGAGCGGATGCGGTGGCGCTGGGCCAGGAGGCGCGTCACCTCCTCCTGAGTGAAGTCGAGGGTCTCGGAGCTGACGGCCTTGACCATGATCGTGCCGATCTTGCCGGGGAAACGGGAGCCGAAGAGCCGTTTCTGAGCCGTCGTGACGGGGACGAAGAGGACGTCGTCCTGGTCGTTCCCCATGGCGGCGCTCCCCTTTTCCGTCAGAAGGCCGATGACGGTCATGGGAATCTTGTTGATGCGGACCGTCTTGCCCAGGGGGTCGTCGCGGCCGAAAAGCTCTTCGGCCACGGTCTGTCCCAGGATGCAGACCTTGGCGGCGCTTCTCACGTCGGAGTCGTTGAAGACTCGCCCCGAGGCCAGAGTCCAGGAGCGGACGTTCATGATCGAGGTCGTCGTCCCCCAGACGGTGGTGGCCCAGTTGGCGTTGCCGAAGACGATCTGGGCCGACCCGTTGAGGACCGGCGCCACATCCTCGACGGTGGTAATCTCCTGGCCGATGGCCTCGGCGTCCTCCAGGGTCAGAGTGGGGACGGAGGAGGATCCCTGGCGGGCGCCGCCGCTTGTGGCCGATCCGGGCAGGACCATGAGGAGGTTGGTCCCCATGGAGGCGATGGTGGAGCCGATCTTCTCGTTGGCGCCGTTGCCGATGGCGAACATGGCGATGACGGCGGCGACGCCGATGACGATGCCCAGCATGGTCAGAGCCGAGCGCATGCGGTTCACCCTGAGGGAGCGCAGGGCGATGCGGAGAATTTCTCGTGCGGCAATCATCAGCAGGCCCTCCTTTCGCGGACCTCTTCGTCGGAGAGGATCAGCCCGTCGCGGACGGTGACGATCCTCCGGGCGAAGAGAGCCATGTCGGGCTCGTGGGTGACGAGGAGGATGGTGATGCCCCGTTCGTCGTTGAGCTGCTGGAAGAGTCCCATGATCTCCTCGCTCGTGGTCGAGTCGAGGTTGCCCGTCGGCTCGTCGGCCAGGAGGAGGGGGGCGCCGCCCACGAGGCCCCGGGCGATGGCGACGCGCTGCTGCTGGCCTCCCGAGAGCTGGTGAGGCTGGTGATGCTCCCGCCCTTCGAGTCCGACCCGGACCAGGGCCTCATGGGCCCTCCTGTGGCGCTCCCGGCGGTCGACGCCGCCGTAGAGCAGAGGGAGTTCGACGTTCTCCAGGGCCGAGGTACGGGCCAGAAGGTTGAAGCCCTGAAAGACGAAGCCCAGGCTTTCGTTGCGGATGGCGGCGAGGCGGTCGCCGTCGAGACCGCTCACGTCCTGGCCGTCGAGGCGGTAGGTGCCCGAAGTGGGACTGTCGAGGCAGCCCAGGATGTTCATGAGCGTCGACTTGCCCGACCCCGATGCGCCCATGATGGCGACGAACTCCCCTTTGTCGATGGAGAGGGAGATGCCCCTCAGGGCACGGACGGAAACTTCTCCCATGGCGTAGATCTTTTCGATCCCTTTCAGTTCGATGAGGGCCATGGCTAGAACATCCCCGGCCGGGGCGGGGCGCTGTCGGCCTTCTTGGTCGCCTTGGCCGTTCCCGTGACGGCCGTGACGACGGTCTGTCCCTCTTCGACGTCGCCCGAGATGGCCGTGAAAAGGCCGTCGCTGAGCCCCCGTTCCACGGGCAGGGCCCTGAGGGATCCTCCCTCGCCGGCGATCCAGAGAAGGTCTCCTCCTGCGGCCTCGCCCGGGGGCGAGAAGCGGAACGCCGCGTTGGGGACGGCCAGGACCCGGCGTGCCGAGGCGATTTCGAAGGTCACGTTGGCCGTCATGCCCGGCTTGAGCTTCATCTCCTGGTTGTCGACGCGGACGACGACGGTGTAGGTGACGACGTTCTCTTCCGTCTCGGCCTGGAAGCGGACCTGGTGGACGTAGCCCTCGAAGGTGTCGCTGGGGTAGGAGTCGACGGTGAAGAGGGCCTTCATCCCCTCCCGGAGATAGCCGATGTCGGCTTCGTCGACGGCGGCCTCGACCTGCATCTTCGTCAGGTCTTCGGCGATGGTGAAAAGGGTCGGCGTCGAGTAGCTGGCGGCCACGGTCTGCCCCTCGCTGACGTCCTTGGCGACGACGACGCCGTCCAGAGGCGACGTGATCGTCGTGTAGTTCAGGTTGGCCCTGGCCTTGTCCAGCTTGGCCCTGGCCTGGAGGACCGTCGCCTTCGCCGATGTCACCCGCGCCCGGGCTCCCTCGAAGGTGCTCATGGCCGTGTCCACTTCGGAGGCGGCGATGAAGTCCTTGGCGAAGAGGGTCTTCTTGCGCTCGTAATCGCGGCGGGCGTCGTTCAGGTCGGCCTCCTCCTCGGCCACCCCCGCCTGGGCGACGGCCAGATCGGCCTCGGCGGCGGCCACCTCGGCCTCGAAAAGGATGGGGTCGATGGTGGCGATGACCTGTCCGGCTTTGACGATGCCGTTGTAGTCGGTGAA
NZ_CP072943.1_gap5	133965	137813	3848	CGAGATCGACTCCATGCCGGCCGAGCTCGACTCGGCGTCGCGGAAGGTGATGCAGCTCGAGATCGAGGAGGCGGCCCTCAAGAAGGAGACCGACGGGGCCAGCGCGGCCCGCCTCGATCAGGTCCGGGAGGAGCTGGCCGCGTGCAGGGAGAGGACGGCCGCCCTGAGGGCCCAGTACGACAGGGAGAAGGAAGAGATCCAGAAGGCCCAGTCGCTGAAGGAGCGCATCGAGCAGACGCGACGCGACATCGAGAAGGCCGAGCGCGACTATGACCTCAACAGGGCGGCCGAGCTCCGCCACGGCGTGCTCCCCGACCTGGAGAGGAGTTTCCGCGAAGAGGAGGAGCGTCTCAGGTCCCGAGGGGGCGACCGTCTCCTCCGTCAGGAGGTTACGGAGGGAGAGGTCTCGTCCATCGTCTCCCGCTGGACGGGCATTCCCGTCTCGCGCCTCCTCGAAGGGGAGCGCCACAAACTCCTCCGCCTGGAGGAGATTCTCCACGAACGCGTCGTCGGCCAGGACGAGGCCGTGGCCCTCGTGGCCGACGCCGTCCTCCGGGCCCGGGCGGGCATCAAGGACCCCCGCCGTCCCATCGGCAGCTTCATCTTCCTCGGCCCCACGGGGGTGGGCAAGACGGAGCTGGCCAAGGCCCTTTCGCAGGCCCTTTTCGATTCGGAGGAGAATCTGATCCGCATCGACATGTCGGAGTACATGGAGCGCCACGCCGTCTCGCGCCTCATCGGCGCTCCTCCGGGCTACGTGGGCTACGAGGAGGGAGGACAGCTCACCGAGGCCGTCCGGCGGCGCCCCTACGCGGTGGTCCTCTTCGACGAGATCGAGAAAGCCCATCCCGAGGTCTTCAACGTCCTCCTCCAGATCCTCGACGACGGCCGTGTCACCGACAGCCAGGGGCGGACCGTCGATTTCAAGAACACCGTTCTCATCATGACGAGCAATCTCGGCGCGCGCCACCTCGTCGAAGGGCTCGAGGAGGGCGAGGTCCCGGCCGTCTCGCGCCAGGCCGTCATGGAGGAGCTGCGGGCCGCCTTCAGGCCCGAGTTCCTCAACCGCATCGACGAGATCGTCCTCTTCAAGCCCCTCCGTCGCGAGGAGATCGTCCGCATCGTCACCCTCCTTGTCCGCGACCTGGCCCGTCGTCTGGCCGACCGAGGCATCGGCCTCGACATCGACGACACCGCCGCGGCCCTGCTGGCCCGTCGGGGCTACGATCCCGTCTACGGCGCCCGGCCCCTCAAACGGCTTCTGGTGAGGCAGCTGGAGACGCCCGTGGCGAAGAAGGTCATCGCCGGCGAGGTGACGGTCGGGTCGCGTCTCCAGGTGACCGCCGACGGCGACGAAATCCGCCTCGTCGTCGCCTGAGAACGTCGTCACGAAAAACGCCAGAAGAAGGGGGCGGGGAATCTCCCCGCCCCCTTTCCGTCTTCCAGGGGTCTTCCGACCCGGGTCCGTCGATCGAGCCTGATCTACAGGAGCAAGAGCTTGAGTTTGAGACAAGGGTTTTTTTCAGATGACGCAAAAGGAAAGGGATCGACGGCCGTCAGGTCACGTTCGACAGACGCCTAACTTTCCCCCTTGCGCTTCCTTCGGGGCGTCTCGATGCGGAGCGCCTCCTGGGGGCAGGCGGCGACGCAGTCGAGGCAGCCGTAGCACTCGGAGGAGACGGGGAGGATCGCCGCCTCTCCCCTCTGCCTCAGGGCCCTGGCCTCGTCGATGAGGGGGAGGAGAAGCCTCTCCGGGGCGTCGCAGACCTGCGTGCAGAGGTTGCAGCCGACGCAGCGCGCCGAATCGATGACGATGGGGCTTCTCCCGGCGGCCTTGGCCGCCAGGGTCCCCAGAGTTCCTCCGGGGCAGATGTGGGCGCAGAAGGAGCGGGGCTCGAAGACGATGGCCATGACGGCGGCCAGGGCCAGCATGAACTGACAGAAGCGCAGGAAGAGAAGGCCGTGGAGGGAGAAAGAGGCGAAGGAGAAGGGCAGATCCTGCCGGACCGTCACGAACCAGACGATCCAGGCGAAATAGCCCGCCATGGCCAGCAGCATGGAGCCCTGGAGGACCCTTCCCCTGTTGAGCCACCGGGGAAAGGGGAGGAGGCGCAGAGACAGGCGCGACCAGATGAGGTCGATGAAGCCTCCGTTGGGACAGAGAAGGCCGCACCAGATCTTGCCCCGGAAGGCCGAGAGAAGGCCGCCGAGGGCGATCATGAGGACGCAGAACCACCACTGCTTCAGGACCAGGACGGCCACGACGAAGGCCACCATGAGCTGGAGCTGGAGGACGGAGCGGATGCCCTGCCAGCTTTTCAGGTCGATGGGGTTTTGCTTTCCCATGGATGGTTTCCCCCCCTTGAACGTTGATAGGCAATAAATACCACATGGGGTATATGTCGGTCAAGAGACGAATCCCGCTTCGAGAAACTTTCCGGGAAAGGAACGTTCGATGCGAGGCTCTGCCCTCCCTCGGGAGCGCCTTTTCCCGGCCGTTCCTTCGGTCTCGCGGGGCGTTTCGGCCCCTATCGCATGAATTAAAGAAAGGTGATAATTGATCTCCTTTTTGCTTGATGGGAATAGCGTTATTTTAAAAAATAAAACAAAATAACGTATTGAATTTATTGCCCCCCATGCTTTGATTGAAGGAAATTGGGACCGTCGCGTCCGATCGGTCCGGGGCGAAAAGGGGGGAGGAAGAGCGTTGAAAATGGCGATGAAGCTCCGGGAAAAGATCACGGCCATCGTGCTCGCCGTGGTTCTCGTCGTCTTCGGTTCCGTGGTGGGGGTCATCACGGCGGTGAACCGGAGGGAGAGCATGATGGAGGCCCGCCAGGTGGCGCTGATTCGGTCGCGGGAACTGGCCAACGAGGTGAGGCTTCAGTTCGAGCGTCCGCTCGACGTGGCCCGTTCGCTGGCCGGAGTCCTCGAAGGGCTCGGCGCCGCCGGTAGCCTCGACCGGGCCCTGGTCAACGGGATGCTGGCCCAGGTGCTGCGGCGCAATCCCGACTTTTTCGGGGTCTGGACCTGCTGGGAGCCCGGCGCCTTCGACGGACGCGACGGCGATTTCGTGGGCGCGAAAGGGCATGACGGCACGGGACGTTTCATCCCCTACTGGTATCGCGACGGCGACGAGGTGGCCCTCGAGGCCCTGGTGGGCTATGACGTTCCCGGCGAGGGAGACTATTACCTTCGGGCCATGGAGAGCGGCCGGGAGACGGTTCTCGATCCCTTCGAGTACGAGGTGGGAGGCCGGAAGGTGGCGATGACGACCCTCGCCGTTCCCGTCGAGATCGGCGGCCGTCGCGTCGGCGCCGTGGGCGTCGATATCGCTCTGGAGGTCCTCCAGGAGATGACGACGAAGATGAGGTTCTACGAGACGGGCTTCGGCCGCCTTCTCTCCCACGGCGGCATGGTGGCCAGCCATCCCTCACGGGACCGCATCGGCGACGTCGCCGGCGAGATCCAGGGCGCCGGAGGCGACGAGGTCCTGCGGCGCATCAGGCGGGGCGAGAGCTGGTTCGAGGAGTCCTGGTCGGTGGCGTTGAAGCAGACGACGTTCAAGGCCTTCGCCCCCGTCGAGATCGGTCGGACGGGGACGCCCTGGAGTTTCGGCGTCGTCGCCCTCGACGAGGAGGTCCTGGCCGCCTCGAACCGCCTCTTTGTCCTGCCCCTGGCTCTGACCGGCGTCGGCCTGGCCGTCGTCATCGCCGCCGTCTGGCTCGTGGCGGGGCGGATCGTGAGACCTCTGAGGACGGTGGCCGCCATGGCGGAAAGGGCCCGCGAGGGCGACCTGACCGTGACCCGCGACGACTTCGCCCTTCGGTCCTCCGACGAGCTGGGGA
NZ_CP072943.1_gap6	146902	149344	2442	CCTCCCGCGGAAAGCCCGCGCCCTCCGAGCCGGTCCCTGCGCCTCTGCGGCGCCCTCTCTTCCGATGGACTCTCGATGGTCGGACCGGTCCTGCGGCCACCTCCTCCGGCGGATCCTCTCCGTCAGTATCTGTCCAGGATCTGACGGAAGACGCGGGCGAAATTGCCGCCGGCCACGAGGGCCACCTGCTCCCGCGAGTAGCCCCGGCTCTCCAGGGCCTGGAGGAACCGGCCCGTCTCGCCGTGATTTTCGATGACGTCATAGGTCGGAAAGCCGTCGGGCATGGAGTGAAAGGAGGGGAGACCGTCGCAGAGGTCGAAGCCGATCCCCACGTGTTCGATGCCGACGAGGCGGGCGATGTGATCGGCGTGGCGGGCCAGATCGTCGGGGCCGAGGCGGCGACCGTCGCCGCCTCCTCCGATGAAGGCGTCGAGGGCGTTCATGCCGATGACGCCTCCCCGTTCGGCGATGGCCCTGATCTGGTCGTCCGTCAGGTTGCGCATCATCCCGGGGACGAGGGCCCTGGCGTTGGAGTGGCTGGCGATGAGGGGCCCCTTGACGAGCTCCATGACGTCCCAGAATCCCTCGTCGTTGAGATGGCTCACGTCGATCCACATGCCCAGCCGCGTCGCCTCTTCGACGAGGGCGACGCCGAAATCGGTCAGCCCTCCCTTGCGCCCTTCGCGGCGGGGATGGAACCAGCAGCCGTCGGCGGCGTAGTTGCGGCGGCTCCAGGCGAGGCCCAGCCCGCGGACGCCCAGGGCGTGGAAGATGGGCAGCAGGCGCAGGTCGTTCCCCAGCGGATCGGCCCCTTCGAGGGAGAGGAGGAGGGCGATCTTCCCCTCTCGCTTCGCCCCGTCGACTTCGGCCATGGTCCGGCAGATCGCCAGGTCTTCGGGGCAGCTCTCGACCTCGGCCATGAGGGCGGAGATCTGGTCGAGGGCGCAGCGCAGCCCCATCTCGGGCAGCCAGATGGAGTTGACGTAGAGGGCTCCCACGAGGCAGTCGACGCCTCCTCGTCGGAGGTTCTGTCGGTGATAGCGGCGGAAGATGTCTTTCTCGTCGCGCAGAGACCGCTCGAGGATCTCCATGGGCATGTCGAAATGGGCGTCGAGGACGAACAGAGAATCCCTTTTTTCGCTCAACGTGGCTTGGCCTCCCTTGTTCCGGGTCGAAAGGATCTTCCGCTCCGGTCCTGTCCGTCGCCGGGGCGACGGAGACGGCATGCTCATCAACGGTGAGCATATCAAGAGTATTCTATCCCTTGCTTTTCTGAATCGTCAATCAAGAGGACATATCCAAATCCGCAGGCTCGTCAGGACAAACGCCGCAGGGTCCGCTTAAATCACCTCATCGCTGCCGGTTCGAGGCAGGTCCTTCTGTCCTCCGGCCGTTTCGCGGCCGGGGCGATGGCGTTGCGGCCCTTTTGGGGCTGCCGATGCGGGACAGAGCCTTTCGAGGGTTGGCCCTCCTCCGGCGTCAGGGAGCTCCGTCCTCGAGGCGTCCTCATCGTAGCGTAAATGGTCTTTTTGCGCCATGGCGCCTTAAATGTAAAGATGTATCCATCTGGAGAAGGCGACTCCGACCGTGGAAGGCGTGCTCGGGGCGGGGTCAAAGCAGGGTGCAGGGAAAAGGGACCTTCGCCGCGGCGGAACTTCCGAGGGAAAGGGGCGGAGTCCTCTCGTGAAAAAAGGTCTGGCGCGGCCCCGGCTTTCGGCTTGCCGGGCGGGACCTCCATCGGCCCGGCCACGAAGCGGCGGGAGGACGGAAAAGACTTGACTTGAACGCGCACCGACGAGGTGATTGGAGTGGACCTCGAATAAGCGGGTTCGACGGAGTCTTCCCGGGTGAGCCTGCGAATAGACAGAGGGGGGGCGGTATTGACAGCTTTTCCTTATCGGCCCTATAGTCGTTTTGGGTTATCTGTCGGTGAGACTTGGCTGAATGAGGGAAAGGCGGAATGGGGATGAACAAGTTGCGTGTTGCGATCGTCGGATTCGGCAACGTGGCCAAGGAGGCCTTGGCCGCCGTGCGTTCCGCTCCCGACATGGAGGCGGCGGGCATTGTCCTGCGCGATCCCGCCAAGGTGGAGGCGGTCTGGAGGGAGACGGGCCTTCCCGTCGCTCTCGACGTGAGCGAGTTGGGACCTGTCGATGGGGCCGTCCTGGCCATCGCCAGCCGGGCCATCCCCGCCGTGGCGCCCCGTTACCTGGAGAGGGGTATCCACACCGTGGACAGTTTCGACATCCACGGCGACGCCGCCATGGAGCTCCGTCGCGATCTCGACGCGGTGGGCAAGGCGCACGGTTCGGTCGCGGTGATCTGCGCCGGCTGGGACCCGGGGACCGATTCGGTCGTCCGCGCCCTGCTGGAGTGCATCGCCCCCAGGGGAATCACCTACACCAACTTCGGTCCCGGCATGAGCATGGGGCACACGGTGGC
NZ_CP072943.1_gap7	175050	177313	2263	GTCGCGCTTCAGGAGCCAGTGGACGCTTCGGGCCGGGGCGCAGGCCATCTTCTGCTCCGTGCTCCAGCTCGTTCCCACGTCGGCTGCCTCGGTCCTGTCGTAGCTGAAAAGAAGGTAGTGGGCCGGGCGGGGCGAGTCGAAGCCCAGGGCGGCGAAGATCTTCCGCGACAGAGTCTCCATTCGGGCCAGACTGGGTCCGTCGAAGTGGAGCTGCGTCCTCTGTCCCGACGTCCCCGAGCTGGTCAGGGTGAGCACCACCGATTCGGGGGCGACGGAGAGGAAATCGTTGATTTTCAGCGTCCCCACGTAGAGGGGGGGCAGGGCCAGGGCGTCCTCGACGGAGGCGATGGCGGCGGGGTCGAAGGCCTTGGCCTCGTCGAGAGCCCTCAGAAAGGGGTGGATCGCCCTCTGTCGCAGGACGTTCTCGCGGAAGGCCTCGACGAAGAGCCCGTCCGTCTCCCGAGGCGGCAGAAAGGGGTTTTCCAGGGAGCAGAGCCGTTCCAGGGCGTTCATGAGAGAGCCTCCTCTCGCTTTTGGGCCAGGGGCCGGATGTAGTCGACGAGGCGCTGTCCCATCTCCCCGGCGACGACGACGGAGTCGAAATCGACGGTGCTGCCGTTCAGGTAGATCAGAGCCAGCCTGTCGCCCCGTCGGCCGGGCAGGAGGCCGCAGAAGAAAAAGCCCCGTCCCTCCAGGGCCGCCGCCAGCTCGGGTGCGGCCTCGTCCTCCAGGTTGAGGCGGACCAGGATGGCGTCGATGCGGCGAAGACAGAACTGGCGGACCAGGTGATGGAGGTGCCCCCCCGCCGTCTCCGAGGCGGCCTCGTCGACGTCGATGACGGCGGCGTTGATGTCCTCGATGATCTCGGCCCGCGTCCGCCCCGGCCCCGTGCCCGATTTGGCCCGGCCCGGAGCGAAGGTTCTCTCCAGTCCCAGAGCGGCGTAGAGCTCGGCCAGGAAGGGCGCGTGGGCCTCCGGGAGGTGGACGGTCCGCCTCTCGTGGTCGGCCAGGGGGAGGTACTGGCAGGCCAGGCTCAGACGCCGGGAGCTGCACCCGGCCAGCTTGCGGAAGTTCATCGACGGCGCGAAAAATCCGGCCAGGAGGGCGCTGTACCGGAAGCCGCGGGAGAGGGCCGCCTTCTGAGAGGCGCCGTGACTCGTCACGGACTGGACGAAGGCGCCGCCGTAGCCGCGGCGGCGTGCCTCGTCGATGAGGTGATCGGTGAGCTCTTTCAGGAGGTTCCGGCCTCTGTAGCGGGGCTTGACGAAGGCCATGCCCAGCTCGACGCCGTCGCTGCCCTCGGTGATTTCCAGGGCGCCGTGGCCCAGGATGTCGTCGTCGGAGACGGCCACGAAGGAGGCGATGTGGCCCGTGCGGTTCAGCTCGACGACGCGCTCGGGGTAGTAGAGGTGGCTGTTGGGGTAGGAGTAGCCGTAGGCCTCGTAGGCGCAGCGGGCCACCTCGATGGCCTCGTCGGGCCTCATGGGGCGGATCGTCCAGGCCAGAGGGCCCTCGTAGACCGTCACGGGCGTTCCGGCGGGGCGGCTCTCGCCCTCGTCGGCCACGGAGCGGTCCGAGAGGTACTTGACGAGGCGCGTCTCCTTGCCCTGAGGGCCCAGGTTGCGGAAGGAGACCTCGTCGGCCAGGTTGCGCATGAGGAAGAGCCCCAGGCCCCGGCGGGGCGTCTCGTCGGCGTCGCGGGGGGCGCTGTAGGGGGGGACCGATTCGGGCGCGTAGGGAATGCCCCGGTCCGCCACGGTCAGGGCCAGGCCCAGGGGGACGGCCTCGACGGTGACGTCGAAGGTGCCCTCCTCGCCCTCCTCGTAGGCGTGGTGGAGGACGTTGGCGACGGCCTCTTCGAGGGCCACCTCGATCTCGCCCAAAGCCTTTCCCTCGAAGCCTCGGCCTTTCGCCGCCGCGGCGACGAAGGCCTGGAGGGGGGGGAGGACGGCCATTTCGTTGGGCAGGGTCAACCTGGCGGGTCGTCTCACTCGGGAAGCCTCCCGTCGACGATGCGGCGGATCTTGCCCGTCCGGGCCACCCGCTCCAGCGACTGGGCCGGAACGAGGGAGACGGACAGCTCCTCCAGCTCCCTGTTGCGGGGGTCCCTGTAGACCTTGGCCCTCTCGACGATGGCCTCGAGGATGGCCCCCTCCAGGGCGCCGTCGCCGACGAGGCTCGCGTCGAGGACCTCGACGGAGAAGGTCACCTTCGCCTTCGTCCCCAGAGGGGCGACGCCGATCTGGAAGTCCGACGAAAGACC
NZ_CP072943.1_gap8	183834	185998	2164	CTTTTACCGAAAAAGTTGAAAAGCACCTTCGTCAGGCCTCCTTTCCCGTCGCCGTCGAACGCCGCAGCGTTTCGCCCCGCACGAGTTCCATCGAGGCCCTGGCCAGCGAGGCCGAGGCGGCGAGAAAGCTCCAGGCCTCGATGCCGTCGGGGCTGTCGGGATGGAAGCCTCCGTCGGTCAGCTCGCTCCGCAGCGCCTCCTCTCTCTCCTCGTAGCGGCGGAGGAGGCCCGATGCCCGTCCGATGCCCTCGCGGTCGCCCAGGGCCAGTACGCCCAGCGATTCGCCGACGAGATCGCCCAGCGCCGAGGCGAAGCCGCTCCACGCTCGCCGTTGGGGCAGCAGGGCTGGCCCCGAGGCGGCGCAGAGAGGGGCCATGCGGCCGGCGACGATGTCGACGACCTCCTTCAGGGCCGCCATGGAGTAGGTCAGGGCGGCGTACTCGGCCCTGGCCGCATCGTCGTCGGGCGGCGTCATGGCGACGACGAAGTCCACGGCGCGCCGGGCCAGCTCGGGCGTCCCGGCCCGGAGCGCCTCCACCCGCTCCCCCTCCTTCAGGCAGTGGAGGGAGAGGAAGGTCAGCTCCTCGACGTAGTTGGCCAGGCCGATCATCTCGCGGGCCAGAAGGGAGAGGGCCAGGTGGGGATAGCGGGCCAGCTCGGGATCGAGGAAGCGGGGCTCTCCGATGTCCTTCCGTCTGCGGACGGCCCGGCTCTGGCAGAGGCGGCCGAGGCGCTCCGAAAGGGGGAGGAGGAGTCCCACGTTGATCCAGGCGACGAAAAACTGGAGCCAGGCGATCTGTCCCCCCGGAGAGGGGGTGATCCGCCCGGCCAGGCGGCTCAGGGGGGCGCAGAAGGGCAGGAGGGCGACGACGCCGACGACGCGGAAGATGAGGGTGCTCAGGGCCAGGGCGCGGGCGTTGTGGCGGCCTCCCTGGCCGGCGAGGAGGACCGTGGCGGCGTTGCCGATGCGAGATCCCAGGATGACGGGAAGATAGGCCCCGGACGAGAGGAAGCCGCCCGAGGCGAGGGCGATGGCCAGGCCGAGGACGGGGACGCTGCTCTGGAAGAGAGCCGTCGCCGCCAGGGAGAGGAGGCCCAGGAGGAGGGCGTTGTGAGAGGCCTCGAGGATCAGCTCCCGGAGGGCCTCCGTCTCCGTGAGAGGCCGCACTCCCTGGTCGATGAGGAACATGCCCATCAGCAGGAGGGCCACGGCCGAGGCGAGGCGCGATGCCGGGGCGAAGCGTCTCGGCCCGGCCCGCTCGGCCAGCAGGGCCAGGGCCAGAAGGAGGGGCGACCAGCGGACGAGATCGAGGCTCAGGAGGAAGACGACGAGGGTCGTCCCCACGCTGGCCCCCATCATGACGAGAAGCGAGCTGGAGAAGGAGAGGGCTCCCACGTCGACGAGGCCGACGGCGAAGGCCGTGGCGGCCGTCGTGCTCTGCGAGAGGAGGGCCATGACGCTGCCGAAGAGGAAGGAGAGAGGACGACTCCGCCCCATGGCCGCCGTGACGCGCCGGGCCTGGCCTCCCAGTCCCGAGCGGAAGGACTCGGCGCTGAATTCCAGACCGTGGAGGAAAAGGGCCAGCCCTCCAGCGACGAGAGCCAGGCTGAAGAGTCGCCCGTCCATCCTCTCGTCACCTCCCTCTCGGAATCTTCGACGCGACGACCATCGAGTCGCTAAATTGTAGCCACTCCGACGAGAGGGAACAAGGGAGGCGAGAGAACCCGAATCGGCGGGCAGGGGCAGGAACGCCGTCGCTCCGGCAGGGAAGAAGCCGGAGGGCCGAAAATCGGCCTCGAGCCCGCCCCGGCGCGCCGATTCGGGCGGGGTGCCCTGCGGCGGTGGGTCGGATGTCGTCCTGCCGGGCCGGCGGGTCAGGGTAAAAGAGGGGGTTCCCCTCCCTCGGGGAGGGGAACCCCCTCTTTCGGTCCTCGTGCGGCTTCGCGAAAGAGCTCCGCTCAGCGGCGGGGCGACGGCACCAGCCCCGACCGTTTCCCCTTCCCGTCGTCGAGGCGGAACTGCTGAAGCAGGTTGCGGATCCGCTCGGCGCCTTCGGCCATGGCCTGGGCCTCGTTGGCCACGCCCTCTCCGGCGTGGGCCAGCTCCTCCGTGTTGCGGCGGATGGCCTGGGAACTCTCGGCCATCTCGATGGTGCTTTGCGAG
NZ_CP072943.1_gap9	188496	189450	954	TCTCCCCAGACTCCCTTTTCCGCTCCGTGGAGAAGGTCTCCGACCATCCGGGAGTCGTGGACATTCGCCGCCGTGGTCGCGAGGCTGTGGACCAGCTTGCTGTCTTTGTCCACCCCGATGTGGACCTTCATGCCGAAGTAGTACTGGTTCCCTTTCTTTACCTGATGCATGTCGGGGTCTCGCTTCTTCTCCTTGTTCTTCGTCGACGAGGGCGCGGCGATGATGGTGGCGTCCATGATGGTTCCCTCGGCAAGACGCAGTCCTTTCGATTGCAGGTGAGCATCGACCTCACGGAAGATCCGTTTCCCCAGGTCGTGCGCTTCGAGAAGGTGGCGAAACTTGCAGATGGTCGTCTCGTCGGGGACAGGCTCGTTCCCGAGGTCGATGCCGACGAAGCGCCTCATCGATTCCATGTCGTAGAGGGCTTCTTCCGCTGCCGGGTCGCTGAGGTTGAACCAGCACTGGAGAAAGTGGATTCGGAGCATCCGCTCCAATCCAACCGGTGGACGACCTCGTTCGGCCTTGGGATAGAAGGGAGCGATGAGCGCGCAGAGATCCTTCCAGGGGACCACAGCCTCCATTTCGGAGAGGAACTTCTCCCGCCGGGTAGGCTTCCTGTATCTCTCGAAGGTCTGGGCGTCGGCAAGGGTTTTCTGTCGCTCCATTTCGTCTCGCACTCCTTGAAAAGGGGATGAGGACATCGGCGCTACAGCTCTATTCTACCAATTACATCATCGCTGATGCGACTTCATGAAAGGCGCTTTTTTCAGAGGTTCCCTAAAGAAAGAAGCGCCATATTAAAAAGAAAGGATTGTAGTTGCTTTGCAATTGAACCGAATCGATGAATCGGTAAGGAGTTTAATTTTTTGAGGAAGGTCTGCCGGGACGGGGAGGCTCGACGCCGAAGGGGACGTTTTCGAGGCGATTTGCGGCGCCCTCTTGGGAGAGCGGGAG
NZ_CP072943.1_gap10	219890	224229	4339	CGGCGAGCCAGGGCTCGATGCCGTCAGGGGTGATCTTCACCAGGGACTCGTAGAGAAGGTTCTGGGCGTAGAGCTCGCCGCCGTAGAGGTGGGGGTTCAGGTCGCGGATGTCGCGGAAGTTGACGTAGACGAGGGTCTCCTTTTCCGAGGCGGAAGAGGGAGCGGCCAGGGAGAGAACTCCCAGGAAGAGCGATGCCAGGACGAGCGACAGGGCGAGACAGACCTTCTTCAAATAAAACGACCTCCTCGATCGATTCTGCCCCCGAAGGGGGCGCGTTCTCCTCTTTTCCGACTTTTAAAAAAGAGGGAATCAGGCTGGGGATTGAGGGACGACGCTCCTCCGGTTCGCTCTCTCCGACGTCGCCGCGTGGCGGCCGAGGAGCGCGGCGGCCATCAGCCCGACGAGGGTGAGACCGCCGATGAGCGAAAGGGGATGGAGCTCCCAGAGCCAGGCCGTCAGGGCCCCTCCCGAGGCGCCGGCGACGCCGGCGAAGAGGTAGAAGACGCCGAAGCAGACGCCCTGGCGCCGCTCGCCTCCCATTTCGGGGATCATGCTCAGGGCCGGCGGAAAGACGGTCATCATGCCCAGCGTCAGCAGCGTCGTCGTGACGAGGGTGTTGACGGAGACGGGTCCGACGGATCCGACCCGCAGAAGCAGGAAGGGAAAGGCCAGGGCCATGAGGCCCATGCCCGCCGCCAGGCGCAGGGGGCGTGAAAAACGCCCCACGACGAAGCGGGAGAGAGGCATCTGGAGCGCGACGCTCAGAAGGGCCGAGAGGGTGAACAGGGCCGCCACGGAGCCGTCGTTGGGGGAGCTTAGGGGCAGCAGAAGGTAGAGCTGGTTGAACATCAGATAGTAGGCCGACATGAGAAGGCAGAAGATCAGGAAGTCCCTTCGCCGGAAGACGGCGACCCAGTCGGTCAGAACGGGAAGGGAGGAGTTCCTCTCCGTCCCCTCCAGGCGGGGGAGGTGGAACCACTGGAGGAGGAGAAGAAGAAAAAAGACGGCGGCGGCGACGGCGCAGAGAGTGGAAAATCCGTATCGGAGCAGGGCGAGGCCGCAGAGGGGCCCCGCAAGGGCGCCGGCCTGGCTGGTCACGTTCTGGAGGGCGTAGACGCTCTCCCTCTCGGGGTGATCCTCGGTCAGCCTGGCCAGAAAGGCCTGGTAGGCGGGAGAGAAGAGGGCTCCGGCCAATCCCGTGAGAAAGGCGGCGCCGACGACGGCCCAGGGACGGAGGGCGACGCCGAAGAGGCCGAAGCCCAGGACCCTCAGGGCGCAGCCGGCGAGGATGACCGTCTGGTAGTTGAAACGGTCGGCCAAGGTTCCGCCGACCAGGAAGAGCCCCTGCTGGCTCAGCATGCGAAAGCCCATGACGAAACCGGCGAAGGCGGCCGACAGCCCCAGATCCTCGGTGAGATGGCGCGTCAGGTAGGGCAGAAGCATGTAGAAGCCGACGTTGAAGCCCAGATTGTTGACGAGAAGGACCTTGACGGGAAGGGGGAGGCTCAGGGCGAAGGAGAACATGACGACCTTTCCGACGCGCCGCCGCACCCGCAGGATCGGGGGCGGATGAGGGCCGTCAGGCGGGAGAGGGCCTCCTCGGCCATCCTCCCCGCGCCCAGGCCTTCCCGATCTTCGGCGAGGACATGGCCCAGGTAGCAGTCGTTGTCGTCCGGCCGGAGGACTTCCGTCCCCGGCGCAGAGAGAGAGCAGCGGACCACGCCGGGGCTGGCTTTCGCCTCCGCCTCGCCCCGAAAGCCGGCGAGAATCCCCTCGGAGGAGGGAAGAAGGAAGGCCACGGCGGCGCTCTTCGGCCGCTCCGCCTCGACCGCTTCTCTCGGCTCCTCTCCCAGGGCGACCTCGACCATCTGCGTCAGGGGGTTCAGCCCCGTCACCCGCTCGACCAGCTCGGAGATGTAGTTGCCGCCGATGCGGGGATTCATCTCGATGATGCGCGGTCCCGACGACGTCATGCGGATCTCGACGTGGGCCGTTCCCTCGACGTAGCCCATGGCCGAAAGAGCTTCGGCGGCGTGGGCCCCGATGGCTCGGGCCGATTCGGCGGGGAGGTCGGCGGGGAACATGTGTCCCCGCTCGACGAAGCCCCCCTCGCCGCCCAGCCTCTTGTCGGTGATGCCCGACAGGAAGATCTCCCCCCGACGGGCGCAGCATTCGACGCTGAACTCCTCGCCGGAGAGGTACGATTCGACGAGGGCGCCCGAGGCTCTCTTTCTCCCCCTCGGGTTGGCGGGGTGAGAGAGGACGGCCCCGATGGCCCTTCGCATCTGATCGACGGAGTGGACCTTGCGGACGAGGGTGCTGCCGCTCATGTCCAGAGGTTTGACGATGGCGGGCAGACCCGTCGCTCCGGCGGCCGCCTCGGCCTCCTCTTCCGACAGGGCAAGGAAGAAGGAGGGGCCGGGCAGTCCCTTACGGCGGAGGGCCTGGCGCATGAGGTGTTTGTCCGTCATCGAGGCGAGGACCTCGGCGGGGGAGGAGGGGAGGCGGAACCTCTCGGCGACGGCGGCGACGAGGGGGAGATAGCCGTCGCAGCTGCTGATCACGCCCGAGATCGCCTCGTCGCGGAAAAGCCCCTCGCAGAGGGAAAGGAAGGAGGCCTCGTCGCGGGTATCGCAGCGCAAGACGCGATCGGCCAGGGCCACGACGGGGTGGAGGCCTCCGTCGGGACTGTAGCGGTTATAGAAATCGGGGTCGTCTGTCGCCAGAATGAAGCGGTGACCGAGCTCCCTGATCTTGCGGGGCAGCAGGATCCCCGAGGCGAAACGCCAACTTTCGATCATCAGCAGCGTCTTCAGCGCGAGAACCTCCTTTTCGGGGGAGAGGGCCCGTCGGCTCCGATGGCGGGGCGTGAAGGCCGAAGGCGTCCTTAGTTTGATGAATCAAACCGAGGAGCACAAGAGTAACGGTTGCTGCTGTGACTTGTCAAGTCGCTACTTTGTTCCCGCATCCGCAGGCCCTTCAGGACAAACGCCCCCGGCTCCACCGATTCAAGGCCCGTCCCGATCGTCTCGCCGATGCGGGGTCGAGGCAACCGCCGTCTTCCTGTCGGACCCGATGGAGGCGTCCCTCCCGTTTTGCCTGTGGATCGGAGTTCTTGCCGTGACATTCCGCTCGCCGAGAGGAGGGGGTCGTTTCCTCGTGGCCGACCGCGACGGGGCTCTCTCCGCGTAAAGTAATGGGGCCTCGCGAGAGGCCCCATTACTTCTTCGGGGGGGGGTGGTGATGGGAACATTCTGTCTTTCCTGCATGGGCAGAAGGAAAGAGGCAGAAAAGGAGGAAGGGATGGAATCTTTGTTTGATCTCTCAAACTAAGGAGAGTATAGAAGCCCTTCTCTTTCCTGTCAAGCCCCTTTAGACATAAAGCGGACCAGATTCGTCCGGTTTTCTTTCGCCGCGAAAAACCTCCTGTCCTCCCGTAGGAGCCTCTACCTTTTCGGCCGGAGCGGGAAGGCTCCGGCCCGGAGGAGCCGAGGGTCCCGGCGCCTTCGCCGAGGGAGCCGGTGACGGCGGGTTTCGGGAAAGAGACGTCCCGGAGGCCGCCGGTGCGACGGACGGCTTCGAAAAGAGAAGCGATTGTCCCTTCTCGGTGACAGCGATCGTTTTTTCCAGGTCACATAGAAGTGACAGGGCCTCGCGGGAGGCCCTGTCACTTCTTCGGGGGGGGGTGGTGATGGGAACGTTCTGCCTTTCCTGCATGGGCAGAAGGAAAGAGGCAGAAAAGGAGGAGGGGACGGGATTTTGTTTGATCTCTCAAACTAAGGAGAGTATAAAAGCCTCTCCCCCTTTCTGTCAAGCCCCTTCCGACATGAAAACGGACCGAGTCGGTCCGGTTTTTCTCCCGCTTTCGCAAAGAGAAAGAGGTGCGGCCCTTTCCTCCCGCCTCCCGGGAGGAGGTCCTGCCTGTGTCTTCTTCATAGGATGATGAAATTGCCTTTGAGACGATGATGAGGTAGAGTGAAAGCCCGGTCCCGAAATGTTGTGCATGTGATAATGTTGTTCCGAATGAGGCGACGGAGGGGCGGAGATGGCCTTTCTCCGCGGGAGGACGCCTTCTCCCCGGCGGTTTTCGCGGCGAGTGGGGCCTCGCAAAAGAATCGAAGGTGCCTCGGACGGCGGAGGCGGGAGAGGAAGGGGGGCGACAAACGCTCGGAAGAAGAGGAGACGGACGCGCGTTGGCATCGGCACCGGAACGTTTTGCCTTTTTGCAGGGAGGGAATTGTCATGAAACGATCTGTCGTCCTGCTGCTTCTCGTCGCCCTTGTGGCTTTTGCCGTCTCGGCCCTTCCCGCGGCCGCGGCGGAGCAGGTCCTGACCTAT
NZ_CP072943.1_gap11	359728	364289	4561	CGAGGTCGTTCATCCGGTGAACGACCCGCTCGCCGAAGGCCGTCAGGCCGCCGTCGCTTTTCTCCGAGAGGCCTCCGCCGACGGCGTTCGACTGGCTGAACACGAGCCCCGCCATCCGCACGCCGAGGCCGTAGAGGATATCGAGACGGTCCAGATCGTCGCCGATACAGCTCACGTGCTCGATCATCGGAAACCAGGCGACCTGCCCCCTCTCCTTGGCGCGATCGATATCGCCGACGTCGCTCGCCTTGACGAGGAACGCCGAATGCATCGCGTCGCAGCTTCTCATGCCGAGTTCCGCGACGGTCTCCTCCCAGGAGGCGCCCCTGAAGACCTGGTTGCCGAAGAGGGCGTCGAGCGGCGAGTGTGCGACACCGTCGTAACCGGTCGCGATCCTGCCCGATGCGTAGTACTCGCTCAGTCCTGAGATATCCGCGGGCAACACGCGCAGATGGTCATGCAGGCTGATGACCGGGCTGTTTTCGAGAAGGTGTTCCAGGCGGGCTTCCTGCTCGTCCGTCAGCGGGACGAGGTTCCACGGGACCCGTTCCGTCTCCTGCGACAGACGGATCTTCGTCGGTTTTGCGTCGCCGAGATAGTCGAAGGATCGGTACCCCCTGTACGCGCGTTTCGTCGGAACGTTCATCTCACATCGCTCCTCGTCAGTCCTCCCGGCCGGTCCTCTCGCGCTCCATGGCATCGGCGAAGTCCGCCTTGACCGTCCGCAGGTTCTCGGGCTCGCAGATCAGGTCCACGCCGGTCAGTGAGAGGATTTTCGCCGCCTCCGCGAGCGCCCGATGGGCGTCCGCGCTTTTGCCCGCATCGAGATAGGCCTGGCTGTGAGAGGGTGTTCCTTTCGGGACAAAGGCCGTACGGATGCACGACCCGGGAACGAGCCGCATGACGGAGGCGAAATCCGTCGCCCCGGTCTTTCTGCGCGGTTCACCGATCTGTCGTGCACCGATGTGCCGCGCGTTTTTCATGAGCATGTCGTTGAGCGAGAGGACGGGAATCTTGCTGTGCATCTCGCCGATCTTGACGATGTCGAAGGTCGTCTCCGTCATCAGGGCCGCGCCCTGGAGAATGTTTTCCACGCGCGCGATGACCTGGTCCAGGTAGTCCCGGTTGTACGAGCGCAACTCGATGCGGGCGACCGCGCGGTCCACGATGGCGTTGACCGCGCTTCCCCCTTCCTCCACGATCATCGCCATTCTCGTGTCGTCGAGCACGTGTCCCCGCAGGTAGGCGATGCCGTTCGAGGCGAGCATCAGCGCTTCCAGGGCACTGCGCCCCTTGTCCGGCGCGATGGCGGAGTGGGAGGAGACGCCGCTGTAGGTGACGCGGAAGTCGGAAAGGGCCATCGACTTGATGTCGGTCGTGCAGGCATTGCCGCCGTGCATCATCAGAACGATGTCGTGGTGACGGAAGGCCCCGTTCGCGAGCATGGAGGTCTTGCCGCCGTCTTCGATCTCCTCCGCCGGGGTGCCGATTACCTCTACGGTATAGGGGACATCGATCAGCCTCTCCTTGAGCGCGACCGCGGCGCCGATGCAGCTCGGCCCCTGCAGGTGGTGCGAGCAGCCGTGTCCCATCGGCAGCGCGTCGTACTCGCAGAGAAGGCCTATGTTGGGGCCTCCCGTTCCGTTGCGCCATACGGCGCGAAATGCCGTCTCGAGCCCGGCATACGGCGTTTCGACCTCGAAGCCCCGCGACCGCAAGGCGTCCGTGAGGAGCTTGCAGGCATAAAATTCCCGGAAGCCGAGCTCCGGATGGTCGAAGAGCGCATCGCTCATTTTCGCCAGGCAGGGCGCGAGGCTATCGATATGGGCTTCGATCGCGGCCTTTGCGTCGTTCAACTCCATCAACACACCTCCGAATGAGGGCACGGGAAAGCCTCAGCCCGTGTATCCGAATTTTTTGGATAGTTCACTCGTTTCGTGCAGCAGGCTGTTCAGACACTCACGGATAAAATCGTCGCTGAAACCGTCTTTGTTCCCGGAGATGGACATGCTGCCGACGAGGATGCCGGAATACTGCAGGACCGGTGCCGCGATGCCGACCGAGCCCATGACGCGCTCGTCGGCCGTGATGGCGTAACCGTCCCGCTGGGCCTGCATCACGGCCTTGAGGAGTTCCTCCCGGCTCGTTATCGTGTTCGGCGTCAAGGCGGGATAGCCCTCTTCGCCGGAGAAAAAGGCCTCGCGGAAGTTATTCGAGGCGAACGCGAGGAGTATCCTGCTCGAGGCACCCACGTAAAGCGCCGTTTCCTGATAGGCGGACGGCTCGACAAAGCTCTGGTGCTCGCTGATGCGATAGGCGCAGAGCTGCTTCATCCCGTGCAGGATGGCGAACGAGACCGTGCGGTTTAATCGATTGTATAAGTATTCCATCGAGGGGCGGATCATCGGGATGAAGGGGTTCGTGTTCTCGTAGACCCTGCCAAGCGAGAGAACGCGCGGCCCCAGCCGGTAGACGCGCCTGTGATCGTCGAAAATCAGGTAGCCCATGTGGGCGAGCGTGCCGCAAAGCCGCATGACGCGCGACTTGTATAGCCCCAGCTCGGACGCGATCTCCGTCAGCGTCATTTCCGGTCTGCCCTGCAGACAGTCCAGAACCTGAAGACCCTTTGTCAGCGTTTCGAGTTGCTTTTCCGATTCTTTCGACTTCCGGCCCGTCGGCACGCGATCACCTTCTATGGTTGTTCTGATGGGCAGAACCATGTTTTTGCAAGAGGAACAGATTGAGTATACAGTTGCGCAATCCATTTGTCAATAGGCCTTAGTCGCGCAATTTCGAAAACCGCGAGCGCCTCGATCGGTTCCCTTGTAGAGGGGGCCGAGTTCGCGCCGATTCGAGAGATGCCCCTCGACTCGGCGGATATCGCGTCGTCAGGCCGACGGGGGATGGCGGTCGCGACAGGGCGCGTGGCCATCCCGACCGTGATCGAAGCCTCAGACGGGATGGCCCCGCTCCCCGTCGTGGCCGTGGGCGAGGCGGGCGTCCCGCTCCGTTGAGTCCGGGAGGCGCCGTTCCGCGGACGAAAAAGAAGAAACGTCATCGGCCCGACAAGGAGACGCTTTGAGGGATGAAAAAATTGTCTCGAATCCGCACCGATGGGGTCATGAGGGTCCCCGACTCGGTGGTCCCGACGGGTTCCGCCCTGCTCGGGCCTGGCGATTCGGGCGCGTCGATCCTTGACAGGACCGACGGAGAACGTATAACATGTGGCGAACGATTCGGCCTCTGGGCCGAAAGACAGCCGGGAAGGAGGACCTCACGATGATCTGTAACGTCACGAACGGCGCCGACAAGGCCATGATGATGTGCATGATGCCGCGAGGGTCCTCTCCTGGAATGGTGGGTGCCTGAGGCATCCCGCAGCCATGCCGGGCCGGACCCTTTTTGGGGGTCCGGCCCTTTTTTGTGCCCCTCTTCCGGGGACAAAGGGCGCCGTGAGGGAAAGAGGAAGGGGCTGGTCGATCGGTAGGGAAAAAGAGGCGACGAATTGCCATCACGGGGGAGGTGGTTCCCCCTCCGATGTGCCGAGGGGCTTACGGGGTCTCGCGGCCGAAAGAGAAACGACATCCAGGAGGAGCGATGGAAATGAGACGATTCCTGTCCGCCCTGTGCGTCACCCTGCTGCTTTCCACGACGGCCCTCGCGGCGGCGCCCGAGAAGATCACCATCGGCGTCACGCCCTTCCCTCACGGGGAGATCATGGAGGTCGTCAAAGGTCTTCTGGCGAAGGAGGGCTACGAGCTGGTCATCAGGGAATTCAGCGATTACGTGACGCCCAACAGCGCCCTGGCCGAGGGGAGCCTGGACGCCAACTTCTTCCAGCATGTCCCCTACCTGGAGAACACCTGCGCCGAAAAGGGCTTCGATCTCGTCTGGGTGGCCAAGATCCACATCGAACCCCTGGGCCTCTACTCCGAAAAGATCAAAGACTATCGGGATCTGAAGAAGGGCGACTCCATCGCCATTCCCAATGACGGCACCAACTGCGCCCGGGCCCTTCGGCTTCTCGAGGCCAACGGCCTCATCAAGGTCAAAGAAGGGGAACTCGTCACGGCCTTGGACGTCGTGGAGAATCCCAAAAACCTCAAGTTCATCGAACTCGACGCCGCCCAGCTTCCCCGCACCCTGAAGGACGTCACGGCCGCCGTCATCAACACCAACTTCGCCTCCGAGGCGGGGCTGATCCCCTCGAAGGACGCCCTTCTCATCGAAAGCGGCGATTCGCCCTATGCCAACGTCGTCGCCGTAAGGGCCGAAAGCGTCGAGACGCCCGCCGTCCGGGCCCTGGTCAAGGCCGCCACCTCGCCGGAGGTCAAGGCGTTCATCGAGGAAAAGCTCGTTCCCAAGGGCATCGTCCCGGCCTTCTAGGCCCGAAAGAGAAGGGCAGGCGACAAGAGACAGACCAAGAGGAGGCCCGAGGCGGATTTCCGCTTCGGGCCTCCTCTTGAAAGATTTTCGTCTCGGCGGGGGCCCCTGAGCCGATCTCCCTTGGCCTTCGGCCGAGGTGCGGTCTTTTCCCGGCGCTGTCCCCCCCCCTCTTCGT
NZ_CP072943.1_gap12	388942	391448	2506	GCGATGAGGAGGGCCGGGCGACAGGCGATGGCCATGGCGATGAGGACGCGCTGGCGCATCCCGCCCGAGAAGGCGTGGGGGTACTGGCCGTAGCGGCGCTCGGCCTCGGGGATGCCGACGAGGCCGAGTACGTCGAGGGCGCGCCTGCGGCGCTCCCCGCGGGGAAGGGCGTCGTGCTCTGCGATGACCTCCTCGATCTGTCTTCCGATGGACATCGTCGGGTTGAGAGAGGTCATGGGGTCCTGAAAGATCATGCCGATCTCCCGTCCCCTGATGCGGTTCATGGCCTTCTCGGAGCGGCCGACGAGCTCGTCGCCTCTGAAGAGGATCGACCCCGTCATCTTTCCCGGCGGCGTGGCGATCAGCTTCAGCAGGGCCATGGCCGTCACGCTTTTGCCGCAGCCCGACTCGCCGACGATGGCCAGACATTCGCCCTCGTCGAGGTGGAAGGAAACGTCGCGGACGGCCTGGACGGTGCCGCCGTAGGTGTCGAAGGAGACGCGGAGGTTGCGGACTTCCAGAAGATGCCGTCCCGTCGCCTTGTCTGTACTGGAGGGAGTCACGGCCGTCACCGGAGTTTCGGGTCCAGGGCGTCGCGCAGGCCGTCGCCGAAGAGGTTGAGGGAGAGCATGGTGACGCTGATGACGACGGCGGGGATGAAGAGCTGGAAAGGAGCGACGCGGAAGTTCTGGGCGCCGTAGCGGGCCAGCAGTCCCCAACTCGACTGGGGCGGCTGGATGCCCAGGCCGATGTAGCTCAGGAAGGCCTCGGCGAAGATGGCGTAGGGAACGGCCATGGTGAGGTCCGTGATGATCAGCCCCAGCGTGTTGGGGATCATGTGGCGGAAGATGATCCGGAAATCGGAGGCGCCCAGCTTGCGGGCCGCCAGGACGTACTCCTGACTCTTCAGGGAGAGGACCTGCCCCCTGACGAGACGGGCCGACTTGATCCACCCGATGAGGACCATGGCCACGACGATGGAGGTCATGCCCGGCTTGAGGACGACCATGAGGAGAATGGCGACGATCATGTAGGGGATGGCGTAGAGGACGTCGATGATCCGCATGACGATCATGTCGACCTTGCCTCCGACGTAACCGGCGATGCCGCCGATGACGACGCCGATGCAGGTGTTGATGAGAGCCGCGGCGAAGCCGATCAGCAGGGAGACGCGGGCGCCCATCCAGGTGCGGGCCCAGAGGTCCCTTCCCAGGGGATCGGTGCCGAACCAGTGACTCCCGTCGGGCGGCGCGTCGATGGCCGAGGCGTCGGTGGCGGAATAGCTGTAGGGGACGAGGAGGGGGCCGACGGCGGCCAGCAGGATGCAGGCGACGATGACGGCCATCGATGCCGTGGCGACGCGGTTCTTGCGCAGCTTCCGCCAGGCGTCCTGCCAGAAGGTCAGGCTCGGGCGGCTGATGGCCTCCCGCTCGTCCGGTGGGGCCGAGGCGGGCTCGAAAAGGTCGGGCGAGAGCCGTTGGCATTCGGAGTTCATCGTAGTCAGCGTCTCCTTTCGGCGAGGGCGATCCGGGGGTCGATGAAGCCGTAGAGGATATCGACGATGAAGTTGGCGGCGATGAGAAAGACGCCGTAAAAGGCCGTCAGGCCCAGGATCACGGTGTAGTCGAGATTCTGGACGCCCAGAACGTAAAATTTGCCCATCCCCGGAATGGCGTAGATCGACTCGATGACGAAGGTGCCCGTCAGGATGGCCGCCGTCACCGGTCCCAGAACGGTGACGACGGGAAGGATGGCGTTGCGGATCTGATGGCGCCAGACGATTTTGAACGTCGAAAGCCCCTTGGCCCGGGCCGTGCGGATATAGTCCTGTCCCGTGACTTCGAGCATGCTCGTTCTCATGATGCGCGAGACCAGGGCCAGGGTGTAGAAGCTCAGGGCCAGCGTGGGGAGGACGGTATGACGGAAGCTTCGCCATAAAGCCACGGGAAACCAGCCCAGCTTGAGGCCGAAAAAGTACTGGAGCAGCGATCCGGTGATGAAGTCGGGCAGGGAGATCCCCGCGATGGCGATGAAGATGCAGATGTACTCGAGGGGGCGTCCCCTGTTGAGGCCGGCGACGACGCCCAAGGCGATCCCGACGAGAGAGGCGAAGAGGATGGCCCGGATCCCCAGGTCAGCCGAATAGGGGAAGGAATTGGCGATGATGCCGCTGACGGGCATGTTCTGGTACTTGATCGAAAAGCCCAGATCCCCTCGAAGCAGGTTGGCGATATAGCGGAGGTACTGGACGTGAAGGGGCTGATCGAATCCGTAGTAGGCCTCGAGGTTGGCCCGGATTTCGGGCGTTAGCTTGTCGCTGGCGAAGGGATCTCCGGGCAAAAGACGGACGAGGACGAAGACGACGGAAAGGAGGATCCAGACGGTGACGAACGAGATGAGGAGCCGGTTGAGGATATAGCGGGACAAAGGAGATACCCTCCCTTCATCTGGAGAGGTGCCCTTCGCCTCCGAGGAAGGGGCGAAGGGCACGCGGGCGGTTTCCCGT
NZ_CP072943.1_gap13	395564	396536	972	GTTCCGAATAGGGGTAGCGCCCCGTCGCCGTGTAGGCGTCGACGATCCAGAGGAGGCGGCCGTCGACGACGGCCATGTAGGGGTCTCCGTCGACGATGAGGAAGGGGACGATGCGCTGGACCCGCTCGAGGACGTTGCGGTAGATGAGAATGCGGCTGTCCTTGGTGAGGGCGTCGGAGAAGAAGAGCTCCGAGTCGCCCAGACGGAGGGAGAAGAGAATCCGCCGCCAGAGGGAGCCGACGGGAATGCCGCCCTTTCCCTCGTAGGTCGTGCGGGCGTTGCCCTCGCCCATGGGGTAGTCGAACTCGTGGACCGTCGTGCGGACCAGGGCGTAGGAGGAGGCCTTCTCCCCGTAGTAGATCTGGGGCCTCTCGAGGGTCAGGGGGACGGAAAAGCGCGGAGGCAGGTCACGGACCCAGAGAACGGGCTGCCCCGTCGTCGTCACTTCGTTGACGGGGTTCATGACGAGGCCGTAGCCGTGGGTGAATTCGAGATGGCGGTTGACCCAGGTCGGATTCTGGAGCTGCGTCAGATCGAGTTCGCGGGCGGCCAGCATGACCTGGCGGTAGTCGCCGTCGAAGTCGTAGCGGTCGATGTCGACGCCGCCGAAGTCGTAGTAGGAGCGGATCTCCTGAAGTTGGCGGTAGCTGCGAAGGAGGGTGTCCTCGTCCCAGAGACGGATGTTGCGGACCGTGTCGGGATTGGCGTCGAGGGATTGGGCCGTTACGGTGAGGCTGGGCTCGAAGGCCGTCGACGTGAGGTCGTGGAGATCGTAGGCCGTCAGAGTGGCCTTTATGTTGTGCTCGATGAAGGGACGTTCCCTCTGGAACTCGTTGGGTTCGACGACATACTTCTGGATCACGCCGGGATAGGCCCCTCTGAGGGCGATGTTGGCCAGGGCCCAGAGGCCGAGGACGATGCCGGCGTATTTCCACGTCTTCCGGGAGAGGCCGACGAGGATGAGCAGAGCCA
NZ_CP072943.1_gap14	428857	429796	939	AAAGAGGAATTTCGCGATCGCCGCACCTTCGATCGCGTCCTTGAAAAGAAGGCCCAGGTCGCGGTCCACTGAAGCGACGATCCGTCACGTTCAGGCGGCGCAGGGGGAGGTCCTCGGACCTCCCCCTGCGCCGTTTTTCGGTCCTCGCCCTCTCGAACGCGTCACGGCAGGGAGTATCATGAGGGGAGCCGTTTATCGCGTCAGCGTGGTTCTTGTCGGCCGGTGTCCGGGGTCTCTTTGCGCGCAGAGAAAAGGGAGGGGACGCATTTGAAGGTGAAGAAGATCGGTCTTGTCCTGATTCTGGCTCTTATCGGTCTGGCTCTCTTTCGGGTGACGGTCGGCGGCGAGGCACCTCCGACCGTCACGGGCGGAGATCCCGTCGCCTACCGCTGCGACAACGGTGACAGGGTCGTGGCCCGCTATTACGGCCTCGCCGACGGGAGCCTGCACTTCGTCAGGCTTTCCTTCCCCGGCGGCGAGTACACGCTGCCTCAGCTTTTGTCCGCCTCGGGGGCTCGCTACAGCGACGAGGCGCGGCTGGTCTGGTGGGTCAAAGGCGATGAGGTCCGCGTGGAGAGCCGCGACGAAGAGGGCGAATGGCGAGACTGGGGGAGCTGCCGCGTCGAACCGTAGCCGGGTGTCGGGTGAAGGCAGGGATGTCTCTGACTCCGGCCGGCGCCGTCGGCGCCGGAAAGGCGAGCCCCTCCGTCGCACAGCTGTCGACCTGCGGGCGGGAGCGGGACGAAGAACGCCCCTGCCGCCGTCGATCGACGGCGGCAGGGGCGTTCTTCCCGGCCGTGGAGGAGGCGTCCGGAGGCTCGAGGCGCCGGAGAGAGGGAGCGGCCCGCGACGGCGGGGCTCGGTTCTGCGCGAAAAGATAAATAAGATAAAAAATCTGGATCGTCAGGCGGAAGGGGGCGAAAATAGACAAAAGAATCG
NZ_CP072943.1_gap15	437715	440258	2543	CCATTTCGGCATGCCCGCCGTCCTGGGCCTTTCCGGCGTCGTCCTCATCCAGTATCTGACGCGCGACGTCTCCCGCTGGGGAAGGCAGGCCCTCGTCCTGGGAATCCTCCTCCTCTCCCTCCAGTGGCTCGACGTCATTCCCCTCTTCACGGCCTACGGCTTCGGCTGGGGCGAGCTCTCCATGGCCGTCAAGACGACGGCCTCCCTCATGGAGACGGAGTCGATCCTCAACATGGCCGGCCTCGTCTCCTTCCTGGGGCTCTTCGCGGCGGCCCTCGTCACGACGGAACTCTTCATCAGCTACGAGAAGCAGCTGGCCCAGCTCAGACGGCTGCGCCGTCAGGAGAGGGAGCTCTCGGAGTTGAGAGAGAGGCAGCTCGCCGGACGGGTCACGGGAGAAATCCAGCGCCTCGTCCACGACCTCAAGCGCCCTCTGACGACGGTGACGGGACTGGCCGACGTCCTGGCGGCCACACTTCCCCGGGAAGGATCGCGCCGCCACGCGGCCATGATCCTCGACGCGGCGGCGACGATGGACCAGATGATTTCCGAGATTCTCAGCCCTCAGGCCCGTCGTCCCGTCCCGGCGGGGACCCTCGTCGACTACGCCGTCAGCCAGCTCCGCCCCCTTCCCTGGGGAGAATCGATCGCCGTCGACGTCGATGAGAGGGCCTGCGGCCTGATCGTCTTCGTCAACGTCGTCCGCCTCTCCCGAGCCCTCGTGAATCTCCTCGACAACGGCCATCGGGCCGCGGGAGAGCCGGCCGCCCTCCTCCTCTCGGCCTTTCGCCGGGGAGGGGAGCTGGTCCTGGCCGTCGATGACGACGGGCCGGGCATGGAGCACCTTCCCCGCCCTCACCGTTCGGGCTGGGGCTCGACGGGGCTCGGTCTCCCCTTCGTCGAAGAGGTCGTCCGCGAACACGGAGGCCGCCTCGAGTACGGCAGAAGCCGTCGCCTTCGGGGAGCCTCCGTCACGATCTCCCTGCCCCTTCAGAAAGGAGAAAAGATCCCATGAGCCTTCGTCTCGGCGCCCTCGACGACGATCTGTCCATCCTCTACACCCTGGAGGCCATGGCCCTTTCCCTGAGCTGGGAGATGAAAGTCACCGCCGACCCCCTGACGGCTCTCGACTGGGTCCGCTCCGACGAGGTCGACATCCTGCTCGTCGACTACCACATGCCCCTCATGAGCGGCATCGAGGCGATCCGGCGGGCCCGGGAGCTCTCCTCCTCCGTCGTCCTGCTGGCCCTTACCGTCGAGGAATCGCCCGAGGTGGCCCGCGATCTCTCCCTGGCGGGAGCCGACGATTTCGTCAGCAAGCCCCTCCGTCTGGCCGATTTTTCCTCCCGCATCCGCCTTCACGGCGAGCTGGTCCGCTACCGCCGCGAGAGCCGCCGCGATCTGCCCAGGAAGGGCATCGCCGAGGAGACGTCGCGGCGCGTCCTGGACCTCCTGAGGGGCGAGGGCCTCTCCCTCGACGTCCGGGCCGTCGCCGCCTCTTTGGGGCTGGCCTATCCCACGGCGCACCGCTACCTGGAGTTTCTCGTCGAAAAGGGGCAGGTCCGGCGCGTGCAGGAAGATCCCGAGGGAAAGCCCGGCCGTCCCCGATCGCTCTATCGCTTCGTGGGCAGCTGAAAAAGGGGAGGGTTTTTTCTCCTCCCCCGGCTTCCCGTCGAGGTCCTGTCGGGCCCTATCCAGGCGCCTGGTCCCTTTTTCCTTCATGAGTCGATCTCTATGGGCCGTCTCCCGTGCCCGTTTCCCTGTCCTCCTGAGAGGTGACCCTGCCCTTGTCCGGCGACGCCCTTGAGAGAAGCCCCTGCGCTCCCTCTTCCCGGCAGCGTCGGTCTGATCCGAAAGACCTGACGGCGGCTCAGACCGAGCCGATCGGCCACCTCCTGAACCGTCAGGTCGCCCCAGCCTCTTCCACCAACCCCAAGCGCCTTGCTTCTTTTGTCTTCATGAGTAGGTCTCTCCTGGTCGTCATAAGTGACATTTTCCCTGTCCTCTTCACGAGTGACAATACCATTGTCCGGCGACAGCGACAAAGGGGGCTCTTGACCGTGAGACGGAGCCTTGGTATACTGCCTTATCGAGTAAGATAGGCGGAGGTCGGCCATGACGCGATCGCTTTTCACCAACGGCTATTATTACGTCTACGGCAGCGCGGGGTCCCCAGGGGATCGATCCGGCGCCTAGGCGTCCGTGACGGCCTTCCGGGGGTTCCCGCTCGAAGATGAGCGGGAACCTTTTTTTGTGCCTTCTGGAGACGACGAATGTCCGATTCGCGAAAGGGGAAGATTCTCATGAAAGCAACGACCTGCACGGTGGCGACGGGCGCGGGAGAGGCGCTTCGCCTGGAAAGGCTTCAGAGCCTCGTCGGCCGAGTCTGGGAGCGCGTGGCTCCCTACAGGAGGAAGATGGAGGAGCTCGGAATCTCGCCCGAATCCATCGGGAGCCTCGACGATCTTCGGAAACTGCCCTTCACGACCAAGGCCGATCTGCGCGAGAACTATCCCCTGGGGCTGCTGGCCTGCGACCGCAGG
NZ_CP072943.1_gap16	586845	588524	1679	GGACCTGGAGAAGGTCCTTTTCACCGTCGACGAGATGACGGGTTTCGTCACGGCCGTGGCCCTCGTCCGCCCCAGCCGGTCGCTGCAGGATCTGGAGCTCAAGTCGGTGAAGAAGAAGTGGAAGGACAAGGCCTTCGCCCGCGGCGTCGACAGAGATGTCGTCGCCCGTGGGGCGGCCATGCTCGACAAGCCCCTGGACTGGATCATAGAAGAGACCCTCGTCGCCCTTAGGCCCGTCGAGAGGGAGATCGGTCTCGGCGAGACCGTCTGAGCGCCGTGCGGCTTCTGCTCAGCGGCGACTGGCACGTCGGCGCCGCGACGTGGGGCGTCGACAGGAGCGAGGAGATCCGGTCGGCGCTGGACCAGATCGTGGACCGGGCCGAGCGGACGAGGCCCGATGTGGTGGCTCTCCTGGGCGACCTCTTCGACCGTTTCCGCTACCCCGGAGACGGTCCCGTCCGTCTCGTCGCCTCGACGGTGCGCCGTCTTCTCGATCTGCCGGGTCGCCCCCACGTCATCGCCCTTCGGGGCAATCACGACTGGTCGGGCGTCAAGATCTGGGAGATTCTCAGCGGCGAGGGACGCCTCCACGTCGTCGACGAGCCGGTCGGTCTCGACGTGGCCGGCGCGCGCTTCGCCTGCCTTCCCTACCTCCGGCCCCATCAGATCCCGCCCGGCGGTCTCGAGGAGATCGTGGTCCCCCTCGCGGCGCCCGGCGGGAGGGGTTGCTGGTCCTTCCTCCTGGCCCATATGGCCGTGGAAGGGACGGTGCCCGGCCTGAGAGAGGTGACTCTGCCCCTCTCCCTCGTCGAGGGGGGCCCTTTCGATGCCCTTTTCTGCGGCCACATCCATCGCCACGGGGCCGTCGCCGAGGGGAGCCGTGCCTTCTACACCGGCTCCCCCTACCGTGTCGATTTCTCACAGGAAGGGGGCGAGGTGGGCCTTTTCGACGTCGACGACGGAGTGATCCGCACCCTGCCTCTTCATGCCCGGGAGCTGGTCACCCTGCGCTATGACGATGAGGAGACGGCCCGGACGGGCCTCGAAGAGGATCTGAGGGGGCACGAGGAGAGCTGGGTGCGCGTCGCCCTCGAAAGGAGCTCTCTTTCGAGGGCCCTCCTGCTGGAGCGTTTCCGTGCCCTTCGGGGAGGAGAGCGGATCGTCCAGCTCCGACTCCAGACCGTCGTCAGAGAGGAGGGCCAGTCTCCGCCGCTGGAGTTCGATGTCGACGCTCTCTGGCGTCGCTTCGTCGAGACGGAGGAGGCGGACCTTCCGACCCGGGAGCTTCTGACCCGGGCCGGGGCGGCCCTTCTGGCCGGAAAGGATCCGGAAGAGGTCTGGCATCTCCTCAAGGGACGATCGGAGGGGCTTCCGTGAGACTCCTCGATCTCTCCGTCACGCACTTCCTCGGCATCGACAGGGCCCAGGTTTCCTTCGATCCCGGCCTCGTGGCCATCGTCGGCCCCAACGGGGCCGGAAAGAGTTCCCTCCTCGATGCCCTCGTCGTGGCCCTTTTCGGCGAGCCCTCTCCGGTCCGTCCCCTTCGTCAGTCCCATCTCGTCCGTCTCGGCGCCGACTGGGGAGAGATCTCCCTCTCCTTTTCCGTTGACGAGGGGCTTTTCCGGGTGACGCGGCGTTTCCGGCCCAATCGTGCCCAGGAGGCCCGCCTCGAACGCTAC
NZ_CP072943.1_gap17	591576	593592	2016	ATCGGCTTCGCCCGCCATAAGGGGACCTCCCTCTTCGTCTTCGACCCCCAGGGCGAGTTCAGCCGCGACCTGGGAGGGCCTTCGGGAGAGGAGGGATTCTCCCTCGACTGGGGGCGCGTCGCCGAGGAGCGCTTCGGCAAGAAGGTCCAGGCCGTGCCCCTGCGCAACCTCGTCCTCGACAGTTGGGAACTCTTCGAGGACGTCGTCGGCAAGGCCCTCGTCTTCCAGTGGCTGGGCTACCCCCGGGGGGAAAAGCGCGATCTGGCCGCCGAACAGCTCGGCTGCGAGCTGCGCCGTCGTCACATGAATCTCAACGATCTCAGCGGCGACGAGGCCTTCGCCGCCGTCGGCGAAATCGTCGGCGACGAAGGCTTCGTCAAACGGGTCTACATGACGGACGAATCGGTGGAGCGCCACCTCCGCAAAGCCCGCGACCACTGGAGCGATCCCTCGCAGAGAGAACAGCTCCGCAGCCTCTGGCGGGGCATGACGATTCTCTTCGACGATCGCCGCAGGGGGACCGTCTCGGTGACGCGCCTCGTCGAGGAACTGGCCCGAGGCGATCGGATCGTCGTCGTCAACCTCTCCCGCGAGGGCCTCGACAGGGGGCTCTCCCTCGCCGCCGGAGCCTCCGACATGGTCTGGGACGAGGAGATCCAGGGCCTCGTCGTCTGGCGTCTCCTCGAGGCCCTGCGCCGCCGCGGAGAAGAGGCCTATCTGGACGGAAAGAGGCTCAACGTCCTCGTTGTCCTCGACGAGGCCCATCGCTTCGTCCCCCGAGGCGCCCTCGAAGGCACTCAGGGCAAGGTGCGGGATCTCCTCGTCTCCGCGGCCAGAGAGACGCGCAAGTACGGCCTGGGCTGGCTCTTCGTCAGCCAGACTCTCGCCAGTCTCCACCCCGAGGTGGTGGGCCAGCTTCGGGCCCTTTTCGTCGGTTTCGGTCTCACCGGCGGCAACGAGCTGGCGGGGCTGCGCGACCTGGCCGGAGGAGACGGGGAGGCCCTGACCCTCTACCAGCGCTTTCCCGACCCCCAAAGCGCTCCCTCCGATACCTACCGCAGCTTCAACTACATGCTCCTCGGCCCCCTCTCGCCCCTTGCCTTCTCGGGACAGCCCCTCTTCCTCTCGGCCTTCGCCTCTCCCGAGGCCTTTCTCGACGCCAACGGCCTGATCCGTCCGTGAGAGAGCCGACCCTTTTACCCTTCGACGAGGCCGTCGCCGGTCTGTTGGCCGACCAGTCCCGCCTCGCCCGTCAGGAACGCGACGAGGAGGCGGCTCTCGCGCCCCGCCTCGACGAGCTGGGGCGCCTGGGAGCGGCCTGCTTCCTTCCCGTCAGGAGGGGAGAGAGGGCCCTCTGGGGCGTCGACGGAGGACTGGCCCGGGAGCGTCGTCTCGGGGACACGCTTGCCCTGCTCTCCGTGGCGGCCGTCGCCGCCGAGGAGAAGCCCCGGGCCCTGGCCGAAGTGCTTCGCATCTCCCACGACGGCGGTGCCGAGGTCGTCCTGAGGGCCCGCATGACCGTCCTGGAGCTCCTGACGGCGCGACGTTGCGTCTCGTCGGGCTGGGTCCTCCTCGACGGCTCCTTCAGCAGCGGTCTCGTCGCCGTCTCCCAGGCCCTGGAGGTCCTGGGAAGCGAGGAGGGACGGGTCTGGAGGGGCCTCCTCGACGAGCTCCTTCCGGCCTGGATAGAGGCCCTGGAGGAGCTCGTCTCCGCGAGACTTCCCCTCATCGCCCTGCCCAAACTCACGTCGGGGACGCTCCTGGCCCGCCGCCTTGATCTGAAGGAGCCCCTCGGCGACAGGGCTCTTCTCTCCCACCTCCTTCCGCCGGGCCACTGGATCAGCCGGGATCGGCTCTGCGCCTTCCTCGGCGAGTCCTGCCGACGGGTGCGGACGCCCCGAGGCGGGCAGGGATTCCTCGACGGCGATCTGCGTGCCCGTCTGGACAGGGCCTCGACGGAACTGGGGCTTGTCCTCTCCCGGGGATATTACCGTCCCGATTCGGGAGGGACCGTCG
NZ_CP072943.1_gap18	595623	598860	3237	CGCCACGGAGGCGCGCGAAAGCTCGTCCTCCGTCTCTCCGCCGAGGGGAAGGGGCTCGGGAAAGCCCTCATCGTCGACGACGGGCACGGCTTCGAGCCCCCGGAGGACCTGGTCCGCCTTCGCCTGGCCGGTCATCGCGGCCTGGCCAATATGGAGGAGCGGGCCCGTCTCGTGGGAGGATCCCTGGAGGTCCGATCGGCCCGTGGCGAGGGGACGAAGATCGTCGTCCTTTTCCCTCTGCCGTCGGAGAGGCCGTGAAAAAGCTCCGGGGAGAGAGCCTTTCGGGCCGCCTGAGTTTCGAAGGCCTGCGGAGGTCGGCCCGTCGCGGGCCGGCCTCCGAAAGAGTCCCGTCCGGGACGCTCGAAGGCCTTCGTCGCGACGTCTCTGCGGCGAAGGCCTTCCGTTTTCTATACAAAGGCTTTTCGAATCATTAGAATGGTCCGAGAAAGAGACCAACACAAATCCGATCGAGGAGGGAAGCCCTTCAGGGGCGCCGCCATGCTTTTGAGAGTGCTTGGAGCCGCAGGAGAGGTAACGGGTTCGAACTACCTCGTCGAGGTCGGCGACAGCCGCGTTCTCATCGACGTCGGCCTTCATCAGGGAAAGGACGACGAGAGCCGCAACCGCGAGCCCTTGCCTTTCGAGGCCGCTTCGATCAGCGCCGTCGTCCTGACCCATGCCCATCTGGACCACACGGGGCGGGTCCCCCTTCTGGTCCGCCAGGGATTCAGGGGGAAAATCTGGGCCACGGCGCCCACGGTGAGCCTCGTCGACGTCCTCTGGAGCGACTCGGTCAAGATCATGAAAGAGGAGGCCGAGTGGAGGAGCCGCAAGAATGCCCGCAGGGGCCTCCCGCCCGTCGAGCCCCTCTTCGGCGAGGAGGACCTCCAGCGGGCCCTGGAGTTCCTCGAACCGGCCAGTTACGACGACATCTTCGACGTCGCCCCCGGCGTGAAGGTCCGTTTCCGCGACGCCGGTCACATCCTGGGAAGCGCCATCATCGAGCTCTGGATCAAGGAGGACGGCCGTCAGGTCAAGGTCGTCTTCTCCGGCGACCTGGGACCCCAGCAGACCGTCATGGAGCGCAACCCCGCCTTCATCGAAGAGGCCGACTACGTCCTCATCGAGTCGACCTACGGAGACAGGGAACATCGGTCCAACGACGAGACGCGCCTCGAGTTCCGTCAGATCATGGAACAGGCTCTGAGGGACCGGGCCAAGGTCATGATCCCCACCTTCGTCGTCGACAGAGCCCAGAGAGTCCTCTACGAACTCATGCTTCTCCAGCAGGAGGGCGTCCTCAAGGACAACGTCCCCATCTACTTCGACTCTCCCATGGGCGTCCGGGCCACGGAGATCTACCGTCGCCACCTTCCCCTTCTGTCGGCGGAGATCCAGAAGCAGATCAAACGGGGCAACGATCCCTTCGCTCCCCATATGCTCAACTTCGTCGACGGCGTCGAGGAGTCGCAGGCCATCAACGAGGTCCGTCACGCCGTCGTCCTCGCCGGCAGCGGCATGGCCAACGGCGGCCGCATCGTCCATCACCTGAAGCACAACATCTGGAACGAGAAGAGCCACGTCGTCTTCGTGGGTTATCAGGCCCGGGGCACTCTGGGGCGTCGCCTCGTCGAGGGGGAGAAGCTCCTCAAAATCGCCGGCGAGGAGGTCTCCGTCAGAGCCCAGCTTCACACCGTCAACGGTTTTTCGGCCCATGCCGACAGGACGGACCTGCTCACCTGGGCCGGAAACTTCGCCAACGGCCCCATGTTCCTCGTCACTCACGGGGAGCCCCGTTCCTCGCTGGCCCTTGCCTCGGCCCTGGAGGAAAAGGGGTACCGGGCCGTCGTGCCCCGCGTCGGAGAGGAATTCCGGCTCGTGCCCGCCGGAGAGTTCGAGCCGGCCCTGATCGTTCCCGCCTACGGCTTCTCCGAGGGAGATCGGGTCAGGGGGCTTCTTTCCGAAGTGGCCTCTCTGGCCGTCGCCATGGGAGACGATCTGCCCGAGGATCTTGCCTCCGTGCTGCCCCTCGTCCAGTCGGCCAAGACCCTTCTGGAGGCGGCGGGACGTCTCGCCCCCTCCCGCGAAGGGGCGGGAAAAAACGTCTGAGCCGGTTCCCTTCTCCGTCCTCATGGGCTACCCTGTAGGGGTCGTCCCGAGCGTTTCGGCTCTGCTGTGTCGGGCTTCCGTCGAATTTTAGTGTGCTGAGGAGGAGGTCATCATGAAAAAAGGTCTCGCCTTCTGGTTCGCCATACTCCTTTCGGTGTCCCTTGTAGCCGGAGGACTCTGGGTCCTGGGAGAGCCGGCCTCGTCAGGTGACCTGGCCCGCTGTCTCCCCCGCCTGAACGCCGAGGGACAGAGGCTGATCCTCCAGGGGCGCCCCGCCGATCTGCCCGAAAGGCTGCCCTCCCTTCTCGTCCAGGGCCCTTCCCCCCTGGGCACCGTCGTCGACGGTCTCCTGCCCCTCTTGCGCCTCGGCGAGGAGTTCCTCCTGGCCGTCGAGGCCGAGGGGCCCTCCTCGTTCGTCGTCCTTCGCCTTCCGCCTCTTTCCCTCCGGGCCCTGCAGGGAGGGAAACTTCCTCCGGGCTGGGACGAGGCGGGTTTCACCTTCCGCGACGGGGGGAGGGCCCGCTCCTTCGTCCTCCAGTCTCCCCGATCGGGGCCCCTTCAGGGGCGTCTCGAGTCCGATCTGGTCCTTCTTTCCTCGGGTCCCTCGTCCCTGTCTCGCTTCGACGGGGCCCTTGCGGCGAAGGAGGGCAGAGAGGACCTTCGCTGGGACCTCCGTCCCCAGTGGCCGACCCATCTGCGCCTGAATTTCGGCGGCGAGGGAGCCTTTCGGCTTTCCCTGGCCTGGAAGGCCGACGGAATGCCCAACGAACTGGTCTGGCGCGTCGAGCCTTTTCCCCGCCTTGAAGGACCTCGGACGGCGCCCTGGAGCGCCGGAACCTTTCATCTCCCCCTCCTTCCCGACCTCGTCGCCGGGTGGCGCCTTTCCCCCGACGAGATCCGTTTCCTGAGGGATCTTCCGGAAAAGGGAGAGGAGGGGGTGTTCCCCTTCCCCGACCTCGACTCCTTCAGTGGGCCGGCCCTGGCCGTTTTCGGCGCTCCGGCCCGTCTCCTGGGGCTTCCTCTTCCCGGTGCCTTCGTCGAGGGGACCGGAGAGGGGGCCGTCGCGGACGTCGACGCCTTCTGGCGCGACCGTCTGGGAGAGGTCGGCCTCTCTCCCTCTCCCGTCGA
NZ_CP072943.1_gap19	601953	603145	1192	GCCATCACGGGAGGTCAGACCGTCGACGACCTGGCCGATACCGACCTGGCCTACGCACCGCCCTACGCCACGGCTCTCGATCCTCTGACTCAGGCGGCCAACGCCCTGAGAAACAAGATGGAGGGCCTGATGGAGAGCTATTCGCCCGGCGAGTTCGTTCGCCGGGCCCAGTCGGGCGAGCCCTACCTTCTCCTCGACGTGAGAATGGCCTCTGAGATCGGCGTTCAGGGCAAACTGCCCTTCGAGAGTCAGGTCAACATCCCCCTTGGGGCTCTCTGGGAAAGGGCCGGCGAACTGCCGCGCGATCGGGAAATCATCGCCTTCTGCAAGATTTCCCTCAGGGGCTGGGACGCCGTCAGCATCCTCCAGGGGCACGGCTTCGAGCGCATTTCCGTCCTCGAGGGGGGCGTCATCGGCTGGCCCTACGAGCTGACGCGCTGAAAAGGTTCTGCCGACAGGTCGGCTGATCCGGGGCGTCCGACCCGAGAGGCCTGCCCTGTCCGGAGAGAGGCCGAAGGGGGGACGACGGAGGTTCTCCCCCCTTCGGAGTTCCTCTGGAGAGGAACTCCGAGAAGGCGATCGATAAAGATCTCCGGACTTGCGCCGGAGATCTTTATCGATCGCCTCTTATTGTGTAAGCTCATGGGTGATCGTCGTCGGAGGGAGATCCCGCACCGGCGACGGGGGAGGCCCCCTCCTGCGGGGCTTCCCGGTGGAGCGAGAAGGGGACGATCGATCTGCCCTGTCGATGGCCTGCCGTCCTTCTGGTGGCATGGGGAGTTTTCCTGGGTTTTGCAGCGGCCGCGGCCGAGGCTGTCGTCGAGGTCGGACTTGTGACGTGGAGTTTCGACCCGATGGAGGAAAGAACCATCGAGGGGCTCGTCGAGAGGCTCGGAGATCTCCAGGGGAGCGCCGTCCTTCTGCGAAGGGACAGCGTCCTTTCGGATGATCGCTTCCTGGCTCATATGGAGGAATTCCGTCGCAGAAAGGTCGCCTGCGTCGTCGTCGTGGGAAACCTGGCCGCACGGAAGGCCCATGAAGGCCGGTGGTGGCGTCATTTCCCCATCGTCGCCGCGGCCATCGACGATCCCCGTTCCCTCGGCCTCGAGAGACAGAGCGCCGACGGGCCGGAGATGACGGGCGTCGTCGACGCGTTACCTCTGCGGGAGAGCTTCGACCTGCTCCGATACCT
NZ_CP072943.1_gap20	617236	619128	1892	CACCGGAGCCGAAGCCGTCGAGACGGCCATCAAGACCATGCGCAAGTGGGGGTACATGGTCAAGGGCGTCGAGAAGGACAGGGCCGAAATCATCGTTTTCGCCGAGAATTTCCACGGTCGCACCGTCACCATCGTCTCCTTCTCCGTCGATCCCGACGCGAAGGAGAACTACGGCCCCTTCACGCCCGGCTTCGTCGTCGTCCCCTATGACGATCTCGACGCCGTCGAGCGTGCCGTCAACGGCAACACCGTCGGAATCCTCGTCGAGCCCATCCAGGGGGAGGCCGGAGTGGCCGTTCCCAGCGAGGGCTTCCTGAAGGGGCTGGAGGCCATCGCCAGAAAGAACCGGGTCCTTCTCGCCGTCGACGAAGTTCAGACAGGTTTCTGCCGCACGGGAAAGACCTTCGCCTTCCAGCATGAGGGCATCGATCCCGACATCATCATCATGGGCAAGGCTCTCGGCGGCGGCGTCCTTCCCGTCTCGGCCGTGGCGGCCAATGAGAACATCCTCGGCGTCTTCAAGCCCGGCACGCACGGTTCGACCTTCGGCGGCAACCCGCTGGCCTGCGCCGTGGCTACGGCGGCCATCGATGTCCTGGTGGACGAAAAGCTGGCCGATCGGGCCGCCGAGCTGGGAACCTATTTCATGGACGGCCTTCGGGCGATCCATTCCCCCAAGATCAAGGAGGTCCGCGGCAAGGGTCTTCTCATCGGCGTCGTCCTTCATGAGTCGGCCGGCAAGGCCCGGATCTACACGACGGCTCTCAAGGAAAAGGGGCTCCTCTGCAAGGAGACCCACAGCTGGATCATCCGCTTCGCTCCCCCCCTGATCATCACCAAAGAGGAGATCGACGCGGCCCTTGAGAAGATCAAAGAGGTCCTCGCCTAGCCGTCTGCCGGCCTTGGTCTGACAATGGCTGCTCCATGCTCTTTTTGCGATCTGGAAGAAACTGTTTGTCCTTGAAGTCAAACTCCTAGTCTCATGGGTCAGGCCGAATCGGCGCATTCCCCGTCGTCAGTCAGAACGACAGGTTCCCAGAAGGACTGTCGTTCTGACTGACGACGGGGAATAATGAGGGCAGACGGGAAGGTCCTGGAGTTCGACGACCTTCCCGTCTGCCCTTCGATTTTTATCTATCTCCCCGATTCCCCCGCTGACCGCCAGTGACCTTCTTGTGGAGGAGGGGGTTGGTTCGAGTCTTCTCGTCGAAGAGGAGGTCTTCGCGTAGGGTCGGGTGTGGTCTGAAGGAGAAGGGGGGGGGCGTTTTCCCCCTGACCGTGGGTGCGAAGAAGTATCCGAAAGGGGGCATGTCAAGGGACACTAAAAATGTCATCTAAAAAGAGGGTCTGAGGGACAATGAAAGTGTCGCTTTCGAGGGGCTGAAATCGCCCCCGTCAACAGCCCGCCTTGGCTTTCCTCCGCGGCGGAGGTCCTTCTAGGGAGGGGAACCCGTCCCTTGCTCGGAGCCGACCGCCGCGGCAGGAGGAGCGGGATTCTGTCGCCAGGGATGGTCTGCCGCCGGCTTCCTCTGCTTCTTCGTTTTGCATGGAGTGCCTGTCTTCGTCTCGATGACAGGCGGGGGAGTCGCAGGGGGCTCTTTGTCGACGGCTGCGAGATCGTAGAGCCCGTCATGGACAAGAGCCAGGAGTTTCCCGTCGAGCTTCTCGATGACCTTGACCGCCTGTCCCCTGGCAAGAAGCAGGGGGCGTCTGCGGGGGCCTATCAGGGCGTACAGTTTTCCGTCGAGGGAAATCGTCGAGTCTCCCGAGGCCTTCCGGTCGGTCTGGCGAGTCAGGAGGAGATCGAGAGCGGGTCCGTCCGGCGGAGGGAGAAAGGCAGATGCCCCCTCTGCGGGAGGACGAGCGAACCTCGGGTTATGGACCTCTCCCGG
NZ_CP072943.1_gap21	625541	626717	1176	GCGCGTCGTTTCGACGGTTCTGCCGGGGAGTTTGGGCGGGGTCTCCTTTTCAGAAAAGGGGCGTCGGCGTCTCCGTGCGACTGGCGGCGGAGCCCAAAATGGCGAGGGTGTTCGATGTCCCGATCCGATCGGCTCCGACGGCCATCATGGCCAGTGCCTGCGCTTCCGTTCGGATGCCCCCGGAAGCCTTCACCTTCGTCTCCTCGCCTGCCGCCGATTTGAGAAGGGCTACGTCGTAGAGCGACGCCGAGCCGGCAAAGCCCGTGCAGGTTTTGAGGAAGTCCACCTTGGCCTGGGAGGCCAGTCTCGCGAGGGTGACTTTCTGCTCGTCGTTGAGAAAAGGCGTTTCGACGATCACCTTGAGGCAGATTCCCCGGGCCGCCTCTCGCAGCGCGATCATTTCGGAGAGGACTTCGTCCTTCTTCCCGTCAAGAAGCTTGCCCAGATGGAGGACGACATCGACCTCCTGTGTCCCGTGCTCCAGGGCCCAGAGGATTTCAGCGACTTTGATCTCCAGGGGCAGAGCTCCCAGAGGAAAGCCGGCGACGGTTCCGACTTTGACCTGGCCGCCGGAAAGCTCCCTCGCCGCTACGGGGACCCAGGCCGAGGGAACGCAGACCGAGGCGACTCCCCATTCCAGTGCCTCCTGGCAGAGGCGAACGATATCTCCCTCACGCGCCGAAGATCGCAGGAGCGTGTGGTCGATGATGGGATGGAGTTCCGTCGCTTTCGGCCGAGAGAGCAAGCCTGCCTCGGCCAGGGCGGCCTTCCTGCGTGCCCGCTGAGCCAGCAGTTCAACATCTGTCATCGCCGGTCCCTCCCCCACTCAGATCACTTAGAAGCATCTCTCAGACAGTCGCAGATCTCTCTGTTGGTGCCCGGTCCCCTGTCAAATCGGATGGATCGAAGGGTTATCTCGCCCGAACGATGGAGAGACAGCAGAAGCGACAGCACCGTCGACGACGTCACCCCGATCGCCTCGGCGACGGCTTCGGGGTCGAGGGTGCCATCGGGGCAGTGATCGAGGATCTGATGGGCCATGATGTCTCTCCACTGCCCGAAAAGTTCCTCCATTTCCGGCGTCGTCGATAGAGCCCATTGGTTGTTGCGTATAATGCTCTCGACCAGTCGGGCCGTCACGAGGCGGCATGTATCCAGATAGGTCTGAAGCGAATC
NZ_CP072943.1_gap22	628373	633116	4743	TGACGGTGTGCGTTATGGAGGGATGGGACGTGTCCGTTTGGGATCTCAGAAGCGATACGGTAACGAAGCCCTGCGACGAAATGCGGAGGGCCATGGCGGAGGCCGTCGTCGGTGACGACGTCTATGAGGAAGATCCGACAGTACGGGAACTGGAGGCTCTGGGAGCCCGCCTGCTCGGCAAGGAGGCGGCTCTCTTCGTCGCGTCGGGCACGATGGGCAATCTCATCGCCCTGTTGACCCACTGCGGCCGAGGGCAGGGAGCCGTCGTCGGTGCCCGTTCCCACATCTACAATTACGAGGGCGGCGGCATGGCCGCCCTGGGCGGCGTCATGCCCCTCGTCGTCGACGACGGGACGGGACTGCCCTCGACGGAGGACCTGCTCGGCGCTTGCCGTGACGCCTCGAACGTCCACTTCGTCGAGGCTCGCCTTCTCTGTCTGGAAAACACGCACAACGCCAGCGGGGGACGAGCCGCTTCTCCCGAGGCGATGGAGCCCCTGTGCGCCCTCGCCCGAGAGAAAGGCCTCTCCGTCCATCTCGACGGAGCCCGCGTCTTCAATGCCGCCGTGGCTCTCGGCGTCGATGCGTGCCGTTACGGCGCTCTCGTCGATTCCGTACAGATCTGCCTTTCCAAGGGGCTGGGTGCCCCTGTGGGATCCCTTCTCTGCGGGGACGGGACCTTTGTCCGGGAGGCGCGCAAATGGCGCAAGCGGCTGGGCGGCGGCATGAGGCAGGCCGGCGTTCTCGCCGCGGCCGGCCTCGTCGCCCTCCGTTCCCGGATCGACAGGCTGGCCGAGGATCACGAGAAGGCCCGACGGCTGAGTCTTCTGCTCCGTCGCGAAGGGCTGGATCTCCTCGATATTCCCGATGCCACCAACATGATTTATTTCCGGCTCCCCCGGGGGACCGAACCGCATCGCTTCGTCGATCTCTGTCGGAACGAGGGCGTTCTCGTCGGTTTTCCCGCTCGGGATCTCGTCCGCCTCGTCACTCACCTCGATCTGCCCGAGGAAGCTGTCGACGACGTCGCCCGGAGCCTCGTCAAGGCGGTGAGAGCGCTTTGATCGATGGGTTCCGACGGGCCGATATCGAAGGGGCCGCCGCCTGGCTTCTCGACGAGGCCCGCAGAAGGGGCGCCGCAGAGGCCGATTTTCTCTGGAGCTGGGGCGTCCGGAACGTCTTTTCCCTCTGCGACGGGGAACCCGAGGAGGATCGCGTCGGCTCGAGCTGCGGGCTGGGGCTGCGCACGCTTGACGGAGCCGGCCGGCAGGGCGTCGCCTTCGTCAACAGCCTGGACAGGGATCGGTTGAGCCATCTCCTCGATTGGAGCCTTCATAACTGCCACCAGTCCGAGGTGCTCGAGGGGTTGGGGCTCTACCGCGGCGAGTCCGCGGCCGACGTCGACCTCGAGCTGGAAGATCCCGCTCTCTACGGACTTTCTCCCCGAGATCGCCTCCAGTTCTGCCGTCTTATGAGCGAGGCGGCCTGCGAGGCCGATGGAAGAATCGTCTCCGTTCGCAGCTCTTCCTGGGACGACGGCTGGGGCGAGGGGTTTTACGCCTCCAGTGAGGGTTTCGCCTCGTGGCACCGGGCGACTTTCGCCGCCTGTGGCGTCGCCGTCGTTCTCGCCGACGGGGACGCCACGGAGATGGGGGGCAGCGGGGGAGAGGCCCGGAGCCTGAGCCAGCTCTCTCCTGCGGCCTATGCCCTGGAGGCCGTTCAGAAGACGGCCCTTGTCCTCGGCGGCAGGCCCCTGCCCACGGGGCGATACACTCTCGTCCTCGACCCCGAGGTGACGGCCGACATCGTCGATGCCCTGGGCGAGCTGTTCCTGGCCTCCAACATCAGAAGAAACAGTTCCCTTCTCAGGGGGCGCCTTGGCGAGGTCATCGGCTCCTCCCGTCTCACGCTTGTCGACGACGGTCGCCTCCCCGGCAGGATGGGAAGTTCCCTCGTCGACGGAGAGGGCGTGCCTACGGGGCGGACGACGCTCCTCGACGGGGGACGGGTCGTCTCCTTCCTCTACGATCTGCGCCATGCCCGCCTGGAGGGCCGGGCGTCGACAGGCAATGCCGCCCGAGGCGTCGGGACCCTTCCCGACGTGGGGACGAACAACCTCTTCCTGCTCCCCGGGACGATGAAAGCCGGCGATCTCCATCGTGGCGCCGAGGGAGGGATTTACGTCACGGAGCTTTTGGGCCTTCACACCCTCGACACGGTCAGTGGCGAGTTCTCTCTGGGCATCAAGGGGGCCGTCCTTCGCGACGGTCTCCCCTCCGAACCCGTCGCGGGAGTGACCGTCGCCGGAACGCTTCTCGACCTCCTGGCCCAGGTCGAGTCCCTGGGCGACGATCTGCGTTTTTCCGGAAGCAGCGGAGGCCTGACCCTTGTCATTCGCGATGTGGCCCTTGCGGGCCTCTAAAGGCCTTTGGATCGTCCTTCTCCTGCTTGTCCTTCAGCGGGAGGCCTACGGGGTCGGCTGGAACCTCTGGCGGGGGAACGACCTCGTCGGTGCCGTCGAGATCCGGGAAAAGGGCGCGCTGCGCCTCGTCTCTCTGGGGGGCGTGGCCGGAGCGGTCGGCCTCTCTTTCCGCGAGGCAGAGGAGAGTCTCTTCCTCGTCGGTGCCAAAGGCGAGTTGGAGCTCATAAAAAACGCTCCCGTCGCCCGAATGAGGGCTCAGATCATCCCCTTGGCTTCGCCCGTCGAGGCCGAAGGGGGGCTCTGGTGGATAGAGACGGGCACGGCCCTCCGCCTCCTCAATCTTCTCGAGGGGCTTCCTCCCGCGAGAGGGTTCCGATGGGCGGGGGAGGGGACGCCCTCCGTCCCCCTTTCTCCCACTTCCGTCGCCGGAGGGGCCGAGTCGTCCCCTCCGGGAACGTCGCTTCCGACAGAGGACGTCGAGAGCCGCTTCGAGAAGCTGACGGCTTCCGTGGCGCCGAAGGTGCCGGGGCTTCCCGATGCCACAGGCGGCGACGGTGCGGAGCCTAAAGGGGTGAAAAGCCTCCGGTGGGGCGATCAGGGCGAAATCGTCCGCGTCGTCTTCGATCTCGACGGAGATCAGGAGCCCAAGGTCTTTTCCAAACAGGACAGGACGGTTCTCGTCTTCAAGGGCGGAGCTCCGAAGGAGCTCGACGACTGCCCCGTGGCGGGAATGGCCTTGTCCGTCACCGATCAGGGGGATTCCGTGACCTTCACCATCGAGCACTCCGCCTGTGAGATGAGGCACTTCTCGCTTCCCTCCCCGTCGCGCTATGTCGTCGACTTTTTCGATATGAAACCCTCCGCCGGCGAACCCGCTTCTCCTTCGGTCCCCTCTCCCGTTCCCCGAGAGAGAACGGACGGGAGGTCGGGTAAAGCCCCTCTCGTCGTTCTCGACCCGGGCCACGGAGGCAAAGATCCGGGAGCCACGGCCTTCGGACTCAAGGAGAAGGACCTGGTCCTTCAGATCGCCCTCAAAATGGAGGCGGAACTGAAGCGTCTCGGCGCCGATGTGCGCATGACCCGTCGCGACGACCGTTATCTCAAACTCTCGGAGCGGACGGAGCTGGCCAACCGGTGGGAAGCCGACGTCTTCGTCAGCGTTCACATCAACGCCCTGCCTGCCGGCCGTCATGCCACGGGGGCCGAAATCTACCTCATGGCCCTGCCCAGCGACAAAGACGCCATGCAGCTTGCCCTCATCGAAAACAAGGAGCTCGACTCCAATGGAGACGCTTCTGGCGGCTCGGACAAGAGAACGCGCCTGCTCCTTCAGATCCTTGGCGACATGCAGCAGAACGCCAAGATCAACGAAAGCACGGTCCTGGCCGAGGCCATGTTCCGGCGGGGACAGCAGGGCAAGCTGCCCATGCGTCGCGTCGCTCAGGCCCCTTTCTACGTCCTGCGCGGAGCGGCCATGCCGGCGGTCCTTCTGGAAATGGGTTTCATCACGGAACGTTCCGAGGCGCGCCTTCTCGCCGATCCGACCTACCAGCAGCGTCTTGTCGCCTCTTTGGCGCCGGGCATCATGGATTACGTGAAGGGAACGCCTTGAGGCTCTCTTTTTGAAAGGGCGGGTGACAATGAAGGAATCGATCAACCAGCAGGAAAACGATGCGGTCCTGCCCCGGCGAAGCCGGGAGGAGCCGACGAAGGCCAAGCTGCCTTACCGCATCATCGCCTGGGTCTCCGTGATCGCTCTCTGCTTTGCCGTGGGCTACGGAACGACCTCTCTCGTTTTGCGCTACCTGGACAAGCGAGGCGTCACGACGGAAAAGGATGTCGTCGCCAGCGGCAGCGACGCCGCCCGTCTCCTCGCCGAAAGCGGGGCGGGAAGCGGCGGTTCCGTCCAGCGCGTCGCCATACGTCTCTTCGTCCCCGAAGGAGAGGCCTTCAAGGTTCAGGCCCTGGAAGTCGTCCCCGGAGTCTTCGAGGACGACGCCAAGAGAGCTCTCGGCGAGCTTTTCGCCCGTCTCAAGAGCCAGAGCGCCCTCAAGGAAGACGTCCAGGTCCTTCACCTTTTCCGGAGCGGGGAGACGGCCTTTCTCGATGTCAACGACTCTTTCGTGGCCTCTCTCGAGGCCGTCGGCCCCGAAAAGGCGCTGCTTCTGGTGACAGGCATCGTCCGTACCCTGACGGAGAACTTCTCTCCCCTGACGCGCGTCCGGTTCCTCGTGAACGGACGGGAGGCCATGGAGACGACGCCCATCGATCTCACCGTCGCCTGGGCTTTGGGGACCAACCCATGACCGTCATCCTTCGGG
NZ_CP072943.1_gap23	639540	644467	4927	TGAAAAGAAAGTGTCTTTCGTCCTTGCCCGTCGGTCTCCTTGCGGCTCTCTTCATTATGGTTTTGGCCGCTTCGGCCCTCGCCGCCGATTTCCCCTCGCGCCCCTTCGAGGTCATCGCCCCCGGCGGAGCGGGAGGCGGCTGGGACACGACGGCCCGTCTCACGGCCAAAGTCCTCGGAGAGACGGGGCTCATCACCCAGCCCATGCCCGTCATCAACAAGCCCGGCGGCGGCGGCGGCGTGGGCCTCGCCTACATGCAGAAGAAAAAGGGCGATCCCTACTCCCTCATCGTCTACTCTCCCCCCCTTCTCCTCATCAACCTCACGGGCCAGACGAAGCTCAGCTTCCGCGACGTCACGCCCCTGGCCATGCTCATCAACGACTTCGGTGCCTTCGCCGTGCCCAAGGACTCCCCCTATCAGACCATCGGCGACGTCATGGAGGCCCTGAAGAAAGATCCCAAATCGGTCAAGACGGGCGGCAACTCCTCCTTCGGCAGCATGGACCACATTCAGTTCCTCCAGGCCGCCAAGGCCGCCGGCGTGGAAAACATCAAGGACATCCCCTACATCGCCTTCCAGGAAGGCCCCATGGCGGCCCTCATGGGCGGCCATATCGATCTCCTCTCGACGGGCATGGCCGAGACCGTCGGCCCTCTCGAGGCCGGTGAGATCCGCGTCCTCGCCCTGACCTCGCCCGAGCGCGTCGACGCCGGCGTCCTCGGCCAGGTCCCGACCCTGAAGGAATCGGGCATCGACACGGCCTTCATCAACTGGCGCGGCTTTTTCGGTGCCCCCGGCCTGGGCGAGGCGGAAAAGGCCCACCTGGTCGAGGCCATGCAGAAGATGACCGAGACGGCCGAGTGGGACGATGTCTGCGCCAAGAACGGCTGGACCAAGGCCTTCATGGGCGCCGACGACTTCGCCGCCTTCCTGGCCAAGACAGAGGGCGAGTACAAGGACCTCCTGACCGAGATCGGTCTCTACAAGGCCCAGTAGTTTCCCAGTCAACCCGGGCCGGAAGGGGAGGTTTCCCCTTCCGGCCTCTTTCGTCGAGGAGGTGGTTCCATGCGCTCCGATTCCATCGTCGGCATCGTCTCCCTTCTTTTCGGGATGGCCTACACCGTTCAGACCCTCCGTCTTCCCAAGGCCATGGTCGGCAATCCCTGGGCCCCCCTGTTCTTTCCTCTGACTCTGGGCGTCCTGCTCGTGGCCGTCGGCGCCGTCGTCCTTTTCCAGGGGCTGCGCCAGGCCAAGGCGGAGGCGAAAAAGAAGGGCTCCAAACGCCTCATCGTCGTCACGGTCCTGATCTGTCTGGTCTACTCGGCCCTCTTCGAACATCTGGGCTTCATCCTTTCGACGATTCTCTTCCTCGGCGGCCTTCTTTTCGTCATCAACGGAGCCCGGGCCTGGAAGGTCAACAGCGTCATCGCCGTTACCTTTTCTCTGGGAGTCTGGTACGTCTTCGAAAAGATCTTCTACATGAATCTTCCCTAGGATTGAGGTGATCGTCGATGGAACTGGTACAGAATCTTCTCCTCGGTCTTTCCGTGGTCCTCACGCCCCTCAACCTGCTCTGGATGGTGGCAGGCTCCGTTCTGGGGACGGTTCTCGGCATGCTGCCCGGCCTCGGTCCGACGACGGGCATCGCCCTTCTTCTCCCCCTGACCTTCACCATGAGGCCCGAGACGGCCCTCATCACCATGTGCGCCGTCTACTACGGCGCCATGTTCGGCGGCTCGCGGAGCTCCATCCTCCTCAACGTTCCCGGTGACGGCGCCGCCGTCGCCTCCTGCTTCGACGGCTACCCCATGGCCCAGCAGGGACGGGCCGAGGCGGCCCTGGCCATATCGGCCATCGCCTCCTTCATCGGCGGCCTCATCGCCACCGTGGCCTTCGTCCTCGTCGCCATCCCCGTGGCCCGCTTCGCTCTTCGCTTCGGCCCTCCCGAGTACTTCATGCTCATGGTCTTCGCCCTCTCGGCCACGGCGGCCATCTCGAAAGAGGCCCTCTTCAAGGGCTTCGTGTCGCTCCTTTTGGGGCTCATGATCTCCACCGTCGGCATCGACTACCAGACGGGCGTCCTGCGCTTCACCTTCGGCGTCATGGAGCTCCAGACGGGCATCGACTTCGTCGTCGTCATCATCGGCATCTACGGGCTGGGCGAGGTCTTCAAGAACCTGGAAAACATCGCCTCCGGCGGCGGCCTTCAGGCGATCCAGAAGAAATTCGGTCGCATCTGGATCACGATGGACGACTGGAAGCGCTGCATCGGTCCCATCCTGCGCCAGACCCCTCTGGGATTCATCGTCGGCGTCCTCCCCGGGGCGGGGGCGACCATCGCCGCCCTCATGGCCTACAACAACGAAAAGCAGCTCTCCAAGGAGCCCGAACGCTTCGGCAAGGGGGCCATCGAGGGTCTTGCCGCCCCCGAGGCGGCCAACAACGCCTGCTCCGTGGGCGCCCTCATCCCCATGATGACCCTGGGCGTTCCCGGGTCGGGGACGACGGCCGTCATGCTCGGCGCCCTCATGATCCTGGGCCTCCAGCCCGGGCCCCTGCTCTTCCAGCAGCACGCCGACGTGGCCTGGGCCGTCATCGTCAGCATGTTCCTGGGCAACGTCGTCTGCGCCGTCGTCAACATCCCCCTGGCGGGACTGCTCGTGCGGGTTCTGGCCGTTCCCCCCAAAATCCTCTATCCCGTCATCGTCGCCCTCGCCTTCGTCGGCGTCTACACCATCAACTTCAGCGTCGTCGAGTTCGTCCTCCTCATCCTCTTCGGCCTCGTCGGCTATGCCATGAAAAAGTACAAGATCCCGACGGCGCCCCTCATCCTCGCCGTCGTCGTCGGCTCCTCGATGGAGCAGAACTTCCGCATGGCCCTCATGCTCTCCGACGGGCGGTTCTCCGTCTTCTTCCGCAACGGCATCTGCTGGACCCTCTTCGTCCTGGCCATCGTCTCCATCGCCTGGCCCTTCATCTCTTCGGCTCTGAAGGAGCGCAGGGCCAGAGCCTGACGGTCGGAGAGTCACCTGGAATTTCTCTGAAAAGGCAAGGGGCAAAAGGGGCCGCCTCGAGGCGGCCCCTTTTGCCCCTTCTACGCTTGGCAGACCGATGGGTACGCGGTAGGATTCAAGTACCCGAGGAAAGCGTCTCCGGGGGAGAACTCCGTCCGGGCGAGGTCGGGGCTCGCCCTGCAGGGGACGTCTTTCTCTGCATCGACGAAACGAAACGGCTCGGGCGCGCTGTCGCCCAAGGAACCACTGAGGGAGGAGAATTCATGCTCGAACGTTCAAGAGGACGCCTGCGTCCGCTGTTGTTGCTGTTTCTGCTCTGCCTCGTCACCCTTGCTTTGGGCCGGCGGGTCTGGGCCGACGAGGTCCTGACCCTTGAGAAGGCCCTTGCCCTGGCCGAGACCCACAACGGACAGATCGTCGCCGCCCGGGAACAGGTCCGCCAGGCCGAGGCCGTCTCTCGGGGCGCGGCCTCCAAGATGGGGCCCAAGCTCGATGCCTCCGTCGCCGTCATCCGCTACAACGAGGAGCCTCGCAAGGCCGTCGTCGGCGGCGGAGGGGGCTATATCCAGGATTCCTTCAAGGAGACCTGGAAGGCCGCCCTCACCCTCACGCAGATCCTCTACAGCGGCGACACCCTTCAGGCCAACCTCCAGGCCTCCCGTCTCGAGGCCGAAGGACTTCGGTCGCAGGAGCTGCGCACCGTTCAGTCCGTCCGCAACGCCGTCTGCAGCGCCTATTTCGGATTCCAGCAGGCCCGGGCGACTCTCGTCGTGGCCGAGGAGGCCATCGCCCTCGCCGCCGAGCACAAAAAAGACGCCGAATCGCTTTTCAATAACGGCCTCGTCGCCAAGAACGAGCTTCTCCGTGCCCAGGTGGCCCTTTCCGACGCCGAGCTGGACCGCATCCGTGCCGCCAACGCCGTCAATACGGCCCGGAAGGCTCTGGAGCGGACCGTCGGCGTCGCCTTCGAGCCCGCGACGGTCTTTCCCGAGCCCCTCGTCGATCTTCCCGAGTTCGCCCTTCCCGAGCTTGTCGAGGCCGAAAAGAAGGCCCTCGTCTTTCGGCCCGAGCTGAAAGCCCTCGAATCCTCCAGGGGAGCGGCCGAATTTCTGGCACGGGCCGCGGCCGGACAGGCCAAGCCCCAGGTCGCCCTCGAGGTCGAGGCCAGTGACGTCGGCGACAGCTTCTACCCCGACGTGCAGGATCAGTGGAAGGTGACTCTGGCCGCCCAGTGGCGCCTCTTCGACTCGGGCGAGGTCCGCGCCAACGTCGACAAGGCCCGCAGCGCCGCCGCCGAGGTCCTTGCCCGCATGGACGACCTGCGCCATCAGATCTCCCTCGAAGTCTCGACGGCCCGCCTCGACCTCGATTCGGCCCTGCAACGTCTCCGCGTCGCCACGGACCAGGTGGCCCTGGCCGAGGAGGATCACCGCATGGCCCTCAAGCGCTACAAGGCCCAGGTCGGCACCAACCTCGACGTTCTCGACGCCCAGGTGGCCCTGACCAACTCGCGGACCCAGCTCGTCCTGGCCGTCTATGACGCCTTTCAGGCCGATGCCGACCTGACCTATGCCATCGGCGACGAGCCCCTTGCTCCCATGGAGGGAGATGCCCCCGTGGAATGAAACGCCTGCTGGTTCTCCTGGCCTTCGTGGCCCTCTTCGTCGGCCTCATCCTCTTCCGAGGCCTTCAGGAGCGCCGTCTCGCCGGTGAACCGGAGGAGAGCCCCCTCCCCGTCGACGTGACGAAGGTCGAGGAGCGGCTTTTCAGGGAGATCGTCTCCTTCGTGGCCGATATCGAGGCGACGGAGAGGGCCGCCGTCGTGGCCAAGCTGCCGGGACGGACGGTCCTTTCCGTCGCCGTCGACGTCGGCGACGTCGTCCGTCGGGGCGATCTCCTGGCCACGCTCGA
NZ_CP072943.1_gap24	646114	649468	3354	AACGGCTGGATGGGCGAGCACCCTTCCGTCGTCCTCGTCGTCCTCAAGAACAGCGACGCCAACACCGTCGAGGTCACGCGCGCCGTCGAGGCCCGCATGGCGGAGATGAAAAGGCGTTTTCCCTCGGACCTGACCTACTCCGTCGTCTTCAACACGGCCGACTACATCATGATGTCCCTCCGGAATCTGACGACCTCCCTCGGCCTCGGCATTCTCCTCGTCTTCTTCGTCACCTGGGCCTTCCTTCAACGCCTTTCGGCTTCTCTCGTCGTCTGCACGGCCATCCCCCTCTCGCTTATCGCGACCTTCATGGCCATGAGACAGCTCGATTTCACCCTCAACATCATGACCCTGTCGGCTCTGGCCGTGGCCAGCGGCATGGTCGTCGACAACGCCATCGTCGCCACGGACCAGATCATCCATCACCTGGAACGGGGCGAGCGGAGCCCCGTCGCCGCCGTCCTGGGCGCCGAAGAGGTGGGATCGGCCCTCGTCGCCTCGACTCTGACGACGGTCGTCGTCCTCCTTCCCATGGCCTTCGTCAGCGGACTCGTCGGCGTCTTCTTCTCGGCCCTGGCCCTCGTCATGGTCCTGGCCGTCGTCGCCTCCCTCGTCGTGGCCCTAACCCTCGTCCCCGTCCTCGCCTCGCGGTTTTTCCAGAAGGAGGCGCCCCTCTCCACCCTTCAGCGAGGGGCCGAAACCTTCCTTCGCCTCCTGGAAAGAGGGTACGGCGAGTTCCTGCGATGGGCCGTCGACAACGGGAAAAAAATCCTCGCCGTGGCCCTGATCCTTTTTTCCCTCACCGTCGTCGGCTTCCGCCGCGTCGGAACGGAACTGACGGCCGATCCCGACACGGGCGAAATATCCATCTCCTTCCGCCTTCCCGAGGGGACGAAAAACGAAGTCACCGACAGACTGGTCCGCGACATCGTCGCCTACTGCGAGGCCAACGTGGCCGAGGCCCGGTGGGTCTTCGGCTGGGACGGACAGACCGAAGAGGGCTACGGCATCGCCACGGGACAGGAAGAGGGGCCCAACGTGGGCACCGTGGGCCTCAAGCTCGTCGACAAGGCCGACAGGGACCGTTCGGCCTTCGACGTGGCCCAGCAGATCCGGACCTGGCTTGCCGCCCGGCCGGGAATCGAGCGCATGACCGTCTACGTCTCGTCGCCCGTCAAGGCCATGTTCCTGGGCTCCAAACCCCTCAAGATCGAAGTCTACGGCGATGACCTGAAGGAGGTTCTGGCCGTCGCCCGGCTCCTCGGCGAAAGGGTTCGGGCCGTCCCGGGGGCCGTCGACGTCACGCTGAGCCAGAAGCCGAACCGGCCCGAGATCCATGTCGGCGTCGACAGGGAGAAAGCCGCCCTTCTTGGCGTCTCGACGGCCTCCGTCGCCGCCTCCCTCCGGGGCTACTTCCACGGCCACGAACTCGAAGAGAGCTACTGGGAAGGCGAAAACGACTACCCCATCCGGGTCCGCCTCAACGAGGCCGACCGCAACGACATGGATGTCCTTCGGCGGCTTTCCGTTCCCTCCGCTTCGGGTGGTTTTCGACGCCTCTCCTCGCTGGCCGAGGTGAAACCGGCTCAGGGAGCGCCCGAGATCGACCGCAAGAACCGCCGCCGCGTCATCTCCGTCGAGGCCAACGTCCACGGCCGCTCCCTGGGGCAGGTCACGGCCGACGTGAGGGCCTCGCTGAAAAAACTCGACCTGCCTCCATCGGTCTCGATCCGCTTCGGCGGCGAAGTGAAGGAACAGGCCGACGCCTTCGCCCAGCTCTCCCTCATGGCCCTTCTCGGCGTCCTTCTCGTCTACATGGTCATGGCCGGCCAGTACGAGGCCTACCTCGACCCCCTCGTCATCCTCTTCAGCATCCCTTTCGCCCTGACGGGCGTCGTCTTCGCCTTTCTCCTGACGCAGGTCAACCTCTCCATCCAGGGCTTTCTGGGGATCATCATGCTCATCGGCATCGTCGTCAACAACGCCATCGTCCTCGTCGACTACGTCAACCTTCTCCGGGCCCGGGGAACTTCCCTGAGAGAGGCCCTTTTCGAGGCCGGAGAGAGACGTCTCCGGCCCGTTCTGATGACGACGCTGACGACCTTTTTCGGCATGCTTCCCATGGCCGTCAGCAGGGGAGAGGGAGCCGAAGTCTGGCGGGCTCTGGCCCTCTCCGTCATGGGAGGGCTTCTCTTCTCCACCTTGGTCACTCTCGTCCTCATCCCCGTCCTCTACGACCTCGTCGAAGAAAAAATCCGCAGAAGGCCCCGTTTTCAGGAGCTGAAGGAGGCGAAGCGCCTTGAAGGGACTGTGGATCTTCTGTAACGAAAGCATCTCCGAAGAGGTGATCGCTCTTTTCGAAGAGGGCGGCGTCGAGGGCTACACGGCCTGGCCCGCCGTCCTGGGCTGTCACCGCGGCTGCAAGACCCGCTGGAACGACGCCGTCTTCCCCGGCAGGAACTGGGCCTTCTTCGTCGCCGAAGAGGATTCCCTCATCGCCGGCCTTGTGGAAAGGCTCAAGCTCTTCAAGGGACGGGACGAGATTCATCGGGCCGGAATCAGGGCCTTCGTCCAGCCCCTGGAGGAGAGGCTCTGACCGCTTTTCGAGGGGCGGAGCGGCTGGAGGGACCTGCGCTCTTTGACGGCCCCTCATCTTGGGCTATAATACGGAGGCGTCGAGCCGGTGTAGCTCAGCTGGTAGAGCAGCTGACTTGTAATCAGCAGGTCGCCGGTTCAAGTCCGGCCGCCGGCTCCATTCAGGTTCCGGAGGTGTCCTAGCTTTTCTCAGCGGCGCTTTTGTCTAGCTCCGTCGAAAAGGCAGGGAGGAGACGCTCCGCCCTTGTTGACAGGCCTGAAAGTCTGGGGTAAGATACCTCAGGTCCGGTGAAGAGGGGCTTCTGTCTCTTTTTCGTGCAGGGATCAATGTGGTGGGATGGCCGAGTGGTCAAAGGCAGCAGACTGTAAATCTGCCGGCTAGCGCCTACGTAGGTTCAAATCCTACTCCCACCACCATTTCTGTGACTATAGGCCGACTTAGCTCAGTAGGTAGAGCACATCCATGGTAAGGATGGGGTCTCCGGTTCGAGTCCGGAAGTCGGCTCCAACTGCAATCACTGGCCCCCTCTCTGCGCCGAATGGCGTAGGGAAGGGGTCATGTTTTTACCCTTCCTCCCCTTGCTTTCGGTAAAAAGAGAGGAGGAATGTCAGCTATGTCGCCCTCATCGTCCCTCGTCACACTGAAAACCCCCTACCGAGACGCCACCGCCGCCTTGGACGCTTTCCTCGCCATCCGCAAGGCGGAAGGGGTCTCCCCGGCCACTCTGGAAAACTACCGGCACACCGTCGGCCTCATCC
NZ_CP072943.1_gap25	662433	663953	1520	TCAGGCCCAGAAGGACATCGCCTAGCCTCTCTCCTTCCGGCGCAATTCTCATCGCGTTTCGCTTCCGGGGCTTGAGACAGCGGGTGCGCTTCGTGCGCTTAATGATCCCGCCGAGGTCCAGGAACGTCTGACCGCTTCGACCCTTCCGAGGGTTTTCGTCGGTACGATGTCTCCTGGGTAATCTGCCCGGGAGACATTTTTTTGAAGGGGGTGAATTCATGCCGACAGAGTTCAGAAAACAGCAAGTCGCCGATCACCTGGAGAAGCTCCAGCGTTCCGAGGCGGTCTTCGTCTGCGAGTACCGCGGCCTCTCCGTGGCCCAGCTCACGTCGATCCGCGCCAAGGTCCGCAAGGCCGGAGGCGAGATGAAGGTCTCCCGAAACACGCTCATGGCCATCGCCCTTACCGAGGCCGGTCTCCCCGTTCCCGAGGCGCTCATGGCCGGTCCCAACATCTACTCCTTCGCCTTCGAAAACGCTCCGGCCGTCGCCAAGGTCCTCAGCGAGTTCTCCAAGGAGAAGGGCAACGAGAAGCTCGTCGTCAAGGGCGGCGTCCTGGGACAGACCGTTCTCGATGCCGCCGGGGTCACGGCCCTGGCCGACCTTCCTCCTCGCGAGGTCCTTCTCGCCCAGGTCGTCGGAACGATCGCCGCGCCGCTTCGCGGTCTCGTCACCGTTCTTTCCGGCCCCGCACGGGGACTCGTCACCTGTCTCAGCCAGCTCAAAGAGAAAAAGGAAGCCGCTTAGCTCCCTTGTCGAGGAGTGCCTGAGGGCCTCCTGAATCCCAAAAGAATCTCCAAGGAGGAACTGCCATGACCCGCGAAGATCTCATCAAGGCTATCGAAGAAATGTCCGTTCTCGAGCTCTCCGAGCTCGTCAAGGAGCTCGAGGAGCGCTTCGGCGTCTCCGCCGCCGCTCCCATGGCCGCCATGCCCATGATGATGGCCGCCGCCCCCGCCGCCGAGGTGGAGGAGCAGACCGAGTTCGACGTCATCCTCAAGGCCGCCGGCGCCAACAAGATCGGCGTCATCAAGGTCGTCCGCGAGCTGACGGGCCTGGGCCTCAAGGATGCCAAGGACCTCGTCGACAACGCCCCCAAGGCCGTCAAGGAAGGCGTCGAGAAGGCCGAGGCCGAGGATGTCAAGAAGAAGCTCGAAGAGGCCGGCGCCGACGTCGAGATGAAGTAGCTCCGAAATCGCGATTGAAAAGCGGCACCCTGCGGGGTGCCGCTTTTGCTTTATTCCTGTATAGTCTGGAGGAGGAGGCGAGGCCATGGAGCCGATCTCGACGGAACAGGCACGGACCCTTCAGCGCGAGCTGGCGCGCGAGGTCCTTTTGGACGACGCTTTTCCCGGCAGGATCGAGACGGTCTGCGGCCTCGACTGCTCCTACTCGGGGAGAGGACGACGAGGCCGGATGATCGCCGGCGCCGTCGTCCTGCGCTTTCGGACCTGGGAGAGGATCGACAGTTCCGTCGCCGAGGGAGAGATCCCCTTTCCCTACGTTCCGGGCCTGCTCTCC
NZ_CP072943.1_gap26	702967	706388	3421	ACTTGTTCCAGACCGCATCGGGCGGCCTAATGGGGGCCTTGACGGCACCTTCGATCAGCAGGGAGCTCCGGCCGGTAAGGTCGAGAAGAGAGACATCGCCGATGATCTGCCGCCCCACGTCGACGGTGCTTTCCAACCTGGACTGGAACTCGGCGAGCCGTCTCTGATAGTAGCTGTAGCGGTCGGAATCGATGTCGGCCAAGACGACGAGAAGACGTTGCCCCAGAAAGGGCAGTCCCGCCGGATCAAGGAAAAGCCTCTCCCGATCAAGTTCGCTCAGAGAAAGGCGGCTGTACAGGGTCCTCATGGAGAGGTGCGTCTCCTGAACCTTCAGCCCGTAAAACAGGATGTCCCGATCATCGAGGGCGATGACCGTCGCCCCCTCGGGAAGCGCTTTTCCCCGGACGCTGTACCTTCCCCCTTCGTCCCAGTCGACAAGAGAGCGGACATCGACGTAGACGCCGCCGACAAAACGACACATGAGCGCCAGCCAGGGCGACGTCACCCAAAGGGAACGGCGCTCCAACTCCGCTCCGGGGGAACTTCGGGGAGCGCCGAGAAGGGTGGAAAGGCAAACAAGCAGGAGTAGAAGAACCCTTTTCACGACGGAAGCCCGTTCCCTCTCAAGAGGAGAAGCTCCCGTCGGAAAAAGGCGCCCCGCGACGTCGACGGGCACAGTGGAAAACATTCTCCATCAGAGAGGCCACCGTCAGAGGACCGATTCCGCCGGGAACGGGCGTCGCGGCACGGGCCACCCCGGCAAGGCTCTCCCAGTCGACATCGCCGACGAGCCTTCCGTCACTGAGGACGTTAATGCCCACGTCGACGACGACGACACCCTGTTTCAGCATCTCGCCGGACAGCACATGAGGTTTTCCGATGCCGACGACGACCAGGTCGGCCTGAGCCAGTGCCCGCAACCGTTCGGTCTCTGCGGATTGACTGTGCAGAAGGGTCACCGAGGCCTTCCTGTGGAGGAAGAGCATGGCCACGGCCTTTCCCACCGTGGGGCTGACACCGAGAACGGAGGCGTTTCTGCCCTTCAGGTCGGCGAAACCATACTCGCCCAGGAGGGAGAGTATGGCCTTGGCCGTGCAGGGAAGAGGCGTGTTCCTGTCACCGAGATAGAGGCTGCCTAGATTAAACCGATGGACGCCTTCGACGTCCTTGACGGGATCGACGCAATCGATGAGACCGCTCAACTCCCACCGGGGCGGGAGAGGGCGCTCGACCATGACGGCATCGACGTCGTCGTCGGCATTGAGGCGGAGAAGGAGTTCCTGCACCTCCTCTATGGAGACGTCGGCAGGAAAGACGAAACGGCGGGCTTCGAGGCCGATGCGCTCACATGTCTTTCCCTGGCTTCTCAGATAAGTGGCCGCCGCCGGGTCCTGACCTATCTGGATCGTGGCAAGACAGGGTCGCCATCTCTGGAGACGTTCCATCTCCTCGATCTCCCTTTTGAGACTGTCGAGCCGCTTTCGGGCCGGCTCGCGCCCGTCCATGACCAGCACCGTCGTCTGTCACCTCCCCCAGGGAATATCGAGGGGTATTGTACCACGACCTTCCCGTCAGGCCGTCCGTCGGAACGTCATGTCCTGCTGCCGGGTTTGACGGCCGGAGTGCCCTGCCTGCACAGAGGGCAGACCTCGGGATTCCACGTCTCGAAAGAGGCCTCCCAGAGTGAATGAAGAGGACCGGAGAGACGATGGGAACCGCCGCTTCTATCGATGACGGACCCCGTGGCGACCCAACGGCCCCCCCCCTCTTCGATCAGGTGCCCCACCTCCGCAGAAGAGCCTCCCGTGGTGATTACGTCCTCGACGACGACGAAAGGGACCGGTCCCGGGTGAGGAAAACGCCGAAGCCGCATGGCCCCCTCCTCCCGTTCGCAGAAGAGAAAGGGAAGGCCCAGGGCCCGGGCCACCTCGTGACCGATGATGAGGCCGCCGATGGCCGGAGAGAAGACGACTTCAGGCCTGTAGGGGGCCAGATGACGGGCCAGAGCCTCACCCGCAAAGGCCGCATAGGCCGGATAGCGGAGCAAAAGGGCACACTGCAGGTAGTCGGCACTGTGAAGGCCCGATGTCAGACGGAAATGCCCCTTGAGATGGGCACCGCTCCGAAGAAGCATCTCCTGAAGACGTTCCCTTTCCATCAGCTGAGACAGGACAACCCCTCCTCGATCTCTTCCAGAATCGTTTCCACGGCCTGACGCCGATCCTTCGCCGCCAAGATGGGCCTTCCGACGACGAGATAATCGGCACCTGCCGCGATGGCCTCCCGCGGAGTCGCCGTGCGGGCCTGATCGTCGCCAAGCAGGGCGGGACGAATCCCAGGCACGATGGTCTTCAGCGACGACGCGGCACGAACTGTCTTCAGATCCTGCGGGGAACAGACGAGACCTCCCAGCCGGGCTCTCTGGGCCGCAGAAGCCCTGGCGATCAGGGCGCTCCGCATGGGAGAGGAGGGATGGACCTCGCTCCACTGTCCCTCGTCAAGGCTGGTCAGAACGGTGACGCCCAGAATCAGCGTTGTGCCGGCCTCCTGGACGGCGGCCCTCATCATGGGCACGCCGCCTGAGGTATGGACCGTCAGGGCCCAGAGCCCCATGCAGCTCAGGGCACGAACGGCAAGGGCGACCGTGTTGGGTATGTCGTGAAGCTTGACGTCGAGAAAGACCTTATGCCCCCGCCTCACAAGGAGCTCCAGGAACGCTTCCCCCCCCTGAAAGAAGAGCCCCGGCCCCACCTTGACGAGGGGAAGCAGATCTCCCGTCTCGTCAAGAAAGGATAGAGCCTCGGGAATAGTCGGAAGATCGAGAGCCACGATCAGTTTCGAGTCTTTCATAGTCTCTCCTTTCGATTTTCTCGGGCGCCTCCGACAAGGGCGGAGACACTCTTCTCGCCGGCCTCGGTGACAAGAACCTCCATTTCGGAGCAGATCCGTGCCGGGGCCCCGAAGTCGCCGGTCAGAACCGTTCCGATCTCGACGGCCGAGGCGCCGGCGAGAATCATGGACAGGGCATCGGCACCGCCGGAAACGCCTCCGCAGCCAACGAGGGGCAACCCCGTCATTCCCGCCGTCTCCCAGAGGAGGCGAAGGGCCAGAGGAAAGACGGCCGGCCCGGAAAGGCCGGCGAAAGTCCTCTCGAAGACGGGACGGCGGCGGTGGACATCGATGGCCATGCCGAGCCAGGTGTTGGCGACGACGAGGGCATCGGCCCCTCCCCGCTCTGCGGCCTCGACGACAGAGGCCCATCGAGGAGCCTGAGGCGTCAACTTCAGCCAGAGAGGGCCTTTCCAAACGCCTCGGGCCACCTGAAGGACCTGAAGGACACCGGAGGGATCCACGCCCCAGGCCATTCCCCCGCAGGAAACGTTGGGGCAGGAGACGTTGAGTTCCACGGCCTCGGGCGGCA
NZ_CP072943.1_gap27	712917	715321	2404	AGAAGGTTTTCGCGGATCTCCGCTTTAAGTTGCCCCGTCATGTCGGTCTCGATGAAACCGGGAGCCACGACGTTAGCCGTGATGCCTCGGGGACCGAACTCACGAGCCACCGTCTTGGTGAAACCGATGATGCCGGCCTTGGACGCCGTGTAGTTGGCCTGGCCCACATTGCCGGAGAGGGCCACGACGGAAGCGATATTGATGATGCGCCCCCAGCGGGACTTGGCCATCGAACGCAACGCTTCCCGACTGCAGTAGAAAACGGAGGACAGGTTGACGTCGATAACGGCCTGCCAATCCTCGTCTTTCATCCTCAGGAGAAGACCGTCGCGGGTGACGCCGGAGTTGTTGACCAGGACGGAAACGGGGCCGAGGGACTCCGAAAGGGCAAGGAAGAGCTTCTTCACGTCGGAGGCGGAAGAGACGTCGGCACCGAAGGCAAAGGCCGAGACACCTTTCTCCCTGATGGCAGCGACCACCTCCTGGGCCTCCTTCTCGGACCGGTTGTAGTTGACGGCGACGGAAAAACCACGTGCTGCCAATTCAAGGGCGACGGCCCTACCGATACCCTTTCCCGCTCCCGTGACGAGAGCGACGCGACCGTTCTCTCCCATTCTATTGACCCTCTTTCAGGAAGGCAAGGGAACCTTCGATGTCGCCCACATCGCCCAAATTCGCCGTCGACGCGCCTTTGAGGCACTTCTTCGCCAAGCCGCTCAGGACCCTTCCCGGACCGACCTCGAGGAAACGGTCGACGCCGAGCGTTCCCAGGTGAAGCATCGATTCCTCCCAGCGAACGGGACTGAAGGTCTGTTCGTAAAGGGCCCTCTGCAGGGAGTCCACGGTGCCTTGAGGCGTTGCCCAGGCGTTGGTCACGATGGGCCAGGTGGGCTCACACCAGGTCATGGAGGAAAAGGCCTCTCTGAGCCTGTCGGCGACGGGAGCCATGAGTCGGCAATGGAAGGGAGCGCTCACGTTGAGAAGAAGAGCCCGTTTCGCTCCCATCTCCTTGGCCAATGACATGGCCCGCTCAAGGGCGTCGACGTGGCCGGAGACAACGATCTGCCCCGGAGAGTTAAAATTGGCGGCCTCGCAGACTCTCTCTCCATCGACGGCGGCGCAGATCTGACGGACCTGGTCCGCCGTCAGGCCAAGCAGGGCGGCCATAGCCCCTTCGCCGAGAGGCACCGCCTCCTGCATCAGCCGTCCCCGGAGATGAACGAGACGCACGCCGTCCTCCAAGGCCAGGACGCCGGAGGCCACCAGGGCCGAGTATTCGCCGAGGCTGTGGCCGGCGAGAAAGGCCGGAGCCAGATCGCTTCCCATTTCCTCGCGAAGGACCTCGAAGGCGGCCAGACTCGCCACCAGGATGGCAGGCTGAGTGAACTCCGTCTTTCGAAGTTCCTCTTCAGGCCCTTCAAAGACGATCCGACTCAGAGGAAAGCCCAAAGCCTCGTCGGCCCTCTGGAAAAGAGACCGAGCCGTTCTCGATCGTTCGACGAGGCCGCGGGCCATACCCACCTCCTGTGAGCCTTGGCCGGGGAACAACAGAGCATAGGACATCGGCACCAACACCTCTTCCTCAACAGGTCGGGGAAAATCGACAGATTTTCTCCAGCGCAGCCGAGGCCTCTCTGAAAAGGCCTTCGATGATGGCCTCGGCGGGTTCGACGGACCGGACCAGACCACAAATCTGGCCGGCCATGAGCGACCCCCACTCCGCATCGCCGTCGACGACGGCCGCTCGGAGCCTCCCACTTCCCAGAGCCTCCAGCTCTTCGACAGAGGCGCCGGAGGCCTCCAGTTCCTCGAACCTCCGGGCCAGCTTGTTGCGGATAACCCGAACGGGATGGCCCGTCGGTCTGCCGGTGACGACGGTGCTCCGATCGCCGGCGTCGAGCACCGCCTGTTTGTAGGCCTCGTGAACGCGGCATTCGGCGGAACAGAGAAACCGTGTCCCCACCTGGACCCCCTCGGCACCGAGGCAGAACGCGGCCGCCACGCCGCGGCCGTCGGCGATGCCGCCGGCCGCGATGACGGGGATGGAGACGGCATCGGCGACCTGGGGCACGAGGGCCATCGTCGTCGTCTCGCCGATATGACCTCCCGCCTCGCTGCCCTCGGCGACGACGGCATCGGCACCCTGCTTCTCGACACGCCGGGCATGGGCCACGGAGGCGATGACGGGGATGACGACCGTTCCGAGAGGTTTGAGCCTCTCCAAAACCTTGCCGGGGCTGCCGGCCCCCGTCGTCACGATGGGAACACGATAATCGGCGGCCAAGGCCAGGGCCTCGTCGGCCGTCGGCGAAAGAAGCATGATATTGAGGCCGAAAGGGCGATCCGTCAGGGATCGGACCTTGACGAGCTCCCTTTCGAGCTGCTCGGGCGGCATGTTCGCGGC
NZ_CP072943.1_gap28	752638	756387	3749	CTCCTCTCCGAGTCTCAGGAGCGGATGCTCCTCATCGTTCTTCCCGAAAAGGTCGACGAGGTCCTCTTCAGGGCCAGGCGGTGGGGGCTGAGCTGTGCCGTCATCGGCGACGTGACGGCAGGTGACCGCTGGAGCGCCCGAAAAGACGGAAGCGTCGTCGCCTCCCTCCCCGCCTCCCTCATCGGGGAGGGAGCTCCCGAGATCCTCTGGCCCTCCGAAGAGCCCGCCGACCTGGAGGCCCGCTGGGCTTTCGGCCCCGAGGAGATGGATCTGCCCTCCGACTGGGCCGCCGAGACGAAACGACTCATGGCTTCGCCCAACCTGGCCGACAAGAGATGGATCTACGAAAGCTACGACTCCATGGTCCGCCTGGGCACCGTGGCCGGTCCCGGCGGCCCCGTGAGCCTCCTCCGCATCAAGGAGAACGGGAACCTTCTCGCCCTGGCGATGGAGACCGACCCCTGGAAAACGGGCCTCGATCCCTACAGGGGGGGAGCCGAGACGGTGGCCCGCGCCCTCCGAGCCCTTGCCGTCGTCGGCGCCCGCCCCCTCGGTCTGACGGATTGTCTCAATTACGCCTCGCCGGAAAAGCCGGAGCAGTTCTGGGAACTGGAGCAGTCCGTCCAGGGAATGGCCGATGCCTGTCGCGCCCTGAACTGCCCCGTCGTCTCGGGAAACGTGAGCCTCTACAACGAGACCTCGCAGAGCCGGATTCTCCCGACGCCTCTCGTGACGGCCGTCGGCCTCGTCGAGGGGACGCCCCTACGCTGGGGGCAATGGAAGAGGGGGGACCGCCTCTTCCTCGTCGGAACGATCGCCTCCTCCCTTGCCGGGAGCCAGTATCAGCTTCTCCGCCACGGCGCCTCTCGGGGGCGGCCTCTGCCTCTCTCTTTCGAGGCCGAAGCGTCCTTCGTATCCAAGGCCAGGGAGACGGCCCGTTCGGGACTGGCCCGTTCGGGACGGGCGCTCGCGGGAGGCGGCCTGGCTCTGGCCCTCGTCCGAGAAGCCGCCGCATCGGGAGAAGGGGCCATCGTCACCTTGTCCGTCCCCACACGCCCCGATGTTCTCCTTTACGGAGAGGGAGGACCGAGAGCTCTTTACAGCGTGACGGCCGAAAAAGTCGAGGCCTTCGTCGATCTCTGGAGAGGCTTCCCCCTGCTGGAGATCGGCCTCGTCGGCGGCTCCGCCCTGCATGTTCGGGGGCTTTTCAGCCTCTCCTCCGCCGAAATCGGCCGCCGGGAGGGCCGTTAGCCATGTGCGGCGTTTTCGGCGCCTACTCCCCCCGCCCGGAGCCCCTTCTGGAGGATGTCTACCTGGGACTCTACGCACTGCAGCACCGAGGCCAGGAATCGGCCGGCGTCGCCTGGATCAACGGGGACGGAATGGCCAAGACCGTCAAGGGCATGGGACTCGTCCACGACGCCCTGAACCAGCACGAACTGTCCCAGCAGGAGACGCGCGTGGCCATCGGCCACGTCCGCTACTCCACGGCCGGAGGCTCCCTGGCCGCCAACGCCCAGCCCCTGGTGGCCACCTATGCCCGGGGGCCCGTCGGGATCGCCCACAACGGCAACCTGACCAACGGCAAGGCCATCGCTCAGTATCTCGAAAGCCGGGGCGCCATTTTCCAGTCGACGACGGACACGGAGGTCATCATCCACCTCATGGCGCACCAGGCTCATAAGCCGCCCCTCGAGGCCCTCATCGGCGCCCTCCGCCGCCTCGTGGGCGCCTACAGCCTGGCCGTCCTTCTCGAGGACCGTCTCGTCGCCGCCCGCGACCCCTGGGGGTTCCGCCCCCTCGTGTTGGGGAAGCGGGGAGACGTGACCTACATCGCCTCCGAAAGCTGCGCTCTCGACATCGTCGGCGCCGAGCTGATCCGCGACGTCGAGCCCGGAGAGATCGTCGTCGTCGACGAGAAGGGAATCCGCTCTCTTCGCATCCCCGTCGAGCCCAAACGGCACTTCGGCTGCGCCTTCGAATACGTCTATTTCGCCCGCCCCGACAGCATCATCGACGGCCGCTCCGTCTACGCCGTCCGCAAGGAGCTGGGAAGGCTTCTTGCCAAGGGATCTCCCTGTCCGGGGGCGAATCTGGTGACGGGCATGCCCGACAGCGGGACTCTGGCCGCCATGGGCTACGCCGAGGAGTCGTCCATCGCCTACGAGAAGGCCATCGTCCGCAACCGCTACGTGGGGCGGACCTTCATTCAGCCCACGCAGCGCGTCCGCGATTTGGGCGTGCGGATCAAACTCAATCCCGTCCCCCACCTCATGGAGGGCAAGGATGTCGTCGTCGTCGACGACTCCATCGTCAGGGGAACGACGGCTCAGCGCATCGTCACTCTCATGAGAGGCTGCGGCGCCCGCAACGTCCATCTTCGCATAGCCTCCCCCCCCGTCCGTTTTCCCTGCTACTACGGCATCGACACGCCCGTCAGCGAGGAGCTGGCGGCGGCCCGCATGGATATCGAGGGGCTGGAGCGTCAGGTCGGCGCCTGTTCGCTGGCCTATCTCAGAGAGGAAGACCTTTTCGAGGCCATAGGGCGGGGACGGAATGATGTCTGCACGGCCTGTTTCTCGGGGCATTACCTCGAGGGGAAGGAGATCGACCATGACCTGGACTTATGAACAGTCAGGCGTCAGCATCGACGGCGGCAACGCCTGGGTCGAGGCCATAAAGGGTCTCGTCGGCTCCGAGCGGGGAGGCTCCGTCGTCTCCGGCATCGGCGGCTTCACCGGCCTCTACCGTCTCCCCGGGGGAGGTCTACTGGCCGCCTGCTGCGACGGCGTCGGCACCAAGCTCGAGATCGCCCGAGCCGCGGGCAAGCTCCGAGGCCTCGGCCAGGACCTGGTGGCCATGAACGTCAACGACCTCGTCACCTGCGGCGCCCGGCCTCTTTTCTTTCTCGATTATCTGGCCTGCGGCAGACTAGAGGCCCCCCGACTCAGCCCCGTCCTGGCCGGCATCGTCGAGGCCTGTCGGTCCGTCGGAGCCGTCCTTCTCGGCGGGGAGACGGCCGAGATGCCCGGCGTCTACCCGCCCGAAGGCTTCGACCTGGCCGGCTTCGCCGTCGGTCTCGTCGAGGAGAAAGATCTCATCGACGGCTCCTGCGTCGCCGAGGGGGACCTTCTCCTGGGGTTGGCCAGCTCGGGGCTTCACAGCAACGGCTTCAGCCTCGTCCGCAAGGCCCTCCTCGAAGGGGGAAACCGCCGGCTCGACGAGATCGTCGACGGCCGGGGACTGGACGATCTGCTCCTGGAGCCGACACGGCTTTATGTCCGCCAGGCCCTGGCCGCAGCGGCGACGGGCAAGGTCAAGGCCATGGCCCACATCACCGGCGGCGGACTCGAAGAGAACGTCTCCCGAGTCCTCGGCGGCCTGCGCCCCGCCGTCGACTGGGGCGGCTGGAGCCGCCCGTCCGTCTACAGCCTTCTCGCTCCCTCCGTCGACGAGACCGAGATGCGCCGCGTCTTCAACGTCGGCGTCGGTTTCGTTTTCGTCGTCGCCCCCCGAGACCGCCAGGCCGTCGAAGAGGCCCTGACCGCCGAGGGCGAAAAGCCCTTCCTCGTCGGCGAGATCCGCCGATGACCCCCATCGCCATCCTTCTCTCCGGCCGAGGCACCAACATGGTCGCCCTGGCCGATCGTGTCGCCTCCGGCGATATCGATGCCGACATCGCCTTCGTCGCCTCCGACAGGGCCGACGCTCCCGGCCTGGATCGGGCAAAGGAGCGAGGACTCCGGACG
NZ_CP072943.1_gap29	757786	760935	3149	GAAGTTCTGGCCGCCCCCGACTTCGATGACGACGCCCTGGCCTTTCTCCGCCAGACGAAACCGAGCCTGCGCCTCCTCCGCTGGCAGGGCGGCAGGGTTATGCCCCTCCAGATCACCTCGACATGGAGCGGATTCCTCGCCCAGGAGGATCAGACCGCCCCTCTTCCCCGTCTTGACAAGGGAGAGTGGATCGGGACCCCCAGGCCCGACCTGTGGGACGACCTGATTCTCGCCTGGAAGGCGGCCTACCTGAGCAAGAGCAACGCCATCGTCGTCGCCGCCGACGGGGCGACGTGCGGCATCGGGAGGGGCTTCACCAGCCGCGTCGACGCCGTCAACTGGGCTCTGGCTCAGGCCGGAGAGAAGAGCCGGGGTGCCGTCATGGCCTCCGACGCCTTCTTCCCCTTCCCCGACAGCATCAAGGCGGCGGGCCAGGCAAAAATCGCCGCCATCATCGAGCCCGGGGGATCGGTCAAAGACGAGGAGGTCTTCGACGCCGCCCGCGACGCCGGAATCAGCCTCTTCCTCAGCAGCTGGCGGACCTTCCGCCATTAGGAGGGCTTGTCCATGAGAGTGCTCCTCTTGGGCCGAGGGGGCCGGGAACATGCCCTTGCCTGGGCATTGGCCCGTTCCCCCCTCGTCAAAGCCCTTCACGCCGCGCCGGGCAATCCCGGCATCGCCGATTACGCCACCTGCCACGACATTGATCCCTGCGACGCCCCGGCCGTCGTCGAACTGGCCCGCAGGCTTTCCGTCGATTTCGTCGTCCCCGGTCCCGAATCCCCCCTCGTCGCCGGCGTCGGCGACGCCCTGGAGGAGACGGGCATCCCCGTCTTCGGCCCGGGACGCTCCGGCGCCCGCCTGGAAGGGAGCAAGGCCTTCTCGAAGGAGTTCATGGCCCGTCACGCCATCGCCACGGCTCCCTTCGACCTCTGCCGCACGCTTCCCGAGGCCGAGGAGGCTCTCAGAAAGCGTCGCCCCCCCTATGTCGTCAAGGCCGACGGCCTGGCAGCCGGCAAGGGGGCCTTCATCGTCGACACCTTCGACGAGGCCCTGATCGTCTGCAGCGACCTTCTCGTCAGGAAAACCCTGGGGGACGCAGGAAAGGTCGTCATCGTCGAAGATCACATCGCGGGAACGGAGCTGACACTCCTTGCCGTCACCGACGGCAAGACGGTCCGCCTTCTTCCCGCCAGCCAGGACCACAAGCGGGCCTTCGACGAAGACCGAGGCCCCAACACGGGAGGGATGGGAGCCTACGCTCCCGTCCCCTGGGCCGACGAGGCCCTGCTCGACCGCATCGGAAGGGAGATCCTCGTCCCCACCATCGAAGGTCTTCGCCGTGACGCCATCCCCTTCAGAGGCGTTCTCTATCTGGGCGTCATGCTCGACGAGGCGGGGAAGCCCTGGGTCCTGGAGTACAACGTCCGCCTCGGCGATCCCGAGGCACAGGTCGTCCTCCCCGTCTTCGGCGGAGACTGGGCCACCATCGTCTCGGCCTGCTGCCAGGGAAGGCTTGAGGCGATGGCGTGGCCTCAGGCCCAGGGGGCCGCCGTCGGCATCGTCCTCGCCTCCGCCGGTTACCCCGGGGCCTACGAACAGGGTTTCCCCATAGAAAAGATGGATGCCCTGTCCGGAGGTGACATCCTCGTCTTTCACGCGGGGACGGCCCGTAACACCTCCGGGCAGATCGTCACCGCCGGAGGCCGCGTTCTCACCGTCGTCGGCCTCGGAGAGGACCTCTTTTCGGCCCGGGAGCGTGCCTACGAGGCCACACGTTTCGTCTCCTTCGAGGGCGTCCACTTCCGTCGCGACATCGCCCGCAAGGCCTTTATCTGACAGAAGGGAGCCTCTCCATGGAAACAGGAAAAGCCCTCGTCGGCGTCGTTTTGGGTTCCAAATCGGATCTCGCCCTGGCCGTCAAGATCGCCGAAACCTTCGACAGCCTGGCCATACCCTTCGAGGTCACCGTGGCCTCGGCGCACCGAACGCCGGAAGACGTGACCGCCTACGCCCGCAGGGCCCGTTCGCGGGGGCTGAAGGTGCTCATCGGCGTCGCCGGCCTGGCGGCCGCCCTCCCGGGCTGCCTCGCCGCCGAAACGACCCTTCCCGTCATCGGACTGCCCGTCGGAGGAGGCGCCCTGGGAGGCATGGACGCTCTCCTGGCCATTGCCCAGATGCCTCCGGGCATACCGACGGCCACCGTCGGAATCGGGTCGGGCCAGAACGCCGCCCTTATGGCGGCGCGCATTCTGGCCTTGGACAACGACCGCATTCAGGAGGCCCTCTGGACCTTCCACTCCCAGGCGGCCGATAAAGTGCGGGCCTCGCGAAAGGAGCTGGAGCTCCTCCCCCTGGCCCCCGATGAGGCCTTCCGCTGACCGACGTCTTTCCTCATTCGAGCCTCCGTCAGGACAACGGAGTAGAATGGAGCGGGAGGGTGAAAACCCTCCCGCTCCATTCGCGAGGTGATCTCCCATGACGGAACGACGCCCCTCCTGGGCGGAACAGCTGAAGGCCCGCCATGGCGGACCGGTGAGAAAGATCGCTCTCGACGCGGGTTCCGGATGTCCCAACAGAGAGGGCCTTCTCCGAGGCGGCTGTCTTTTCTGCGACGAAAGGGGGGGCGGCAGCGGCGCCTTTCTCCGGGGCCTCTCCCTGGCCGATCAGATCCGATCGGGCCTTCATGTGGCGCGTCGACGCTTCGGGACCGACCGCGTCATCCTCTACTTTCAGAGTTACTCGGCCACCAACGTCCCCCTCGAGACCTTCCGCGCCACCTTGGGAGAGGCCCTGATCCTGGCCGAGGAGGAGGGAGCCTCCGTCGTCGGCCTCTCCGTCGGGACTCGCCCCGATCTCGTGCCCGACGCCGTGCTCGACCTGCTCTCCTTCTGGACCCAAAAGGGACTGGAGGTCTGGCTGGAACTCGGCGTCCAGACTCTCGACGAAAAGGGACTCCTTTTCCTGAGGCGGGGCCACGACGGCGCCTCCTCTCTCGACGCCTGCCGCCGGGCCCGACACCGGAACCTCAAGGTCTGTGCCCACCTCATCGCCGGACTTCCCGGCGAGAAGCCTCACCAGCTCGCCCTTTCGGCGGAGCGCCTCTTCCGGGAGGGCGTTGCGGGCTTCAAGTTCCACCCCCTTCACGT
NZ_CP072943.1_gap30	818416	822698	4282	CGTCGACGCGGCGGCCCGAGAAACCTGCGGCAGTGATCCCCCGCGACCGAAAGGGGAGAAGACCCTCTCTCCCGCAGAGAGAAACCAAGACGCCTAGTCGCGGACGATACGCGTGCCGGCCCGGCCTTCCAGGGCCTCGAGGGCCTCGTCGAGACAGGCGATGACGGCACGCTCGCCTCCGTTGCGGACGAAGCGGAGGGCGGCGGCCACCTTGGGGCCCATGCTTCCGGCCCTGAAATGCCCTTCGCTCTGGTAGCGCTCCATCTCCGAGGCGGAAACCTCGCCGAGCCAGCGCTCCTGAGGCGTGCGAAAATCGAGGGCCACCTGAGGCACGTCGGTGAGAACCATGAAGACATCGGCGCCCACGGCCTGCGCCAGCCGCTCGCCGGCCAGATCCTTGTCGATGACGGCCTCGACGCCCTTGAGCTGACCGTCTTCGAGACGCATGACGGGGATGCCCCCGCCACCCGAGGCGACGACGACGCAGCCGGCCTCGATGAGTTTCACGACGGCGCCGGCCTCGACGATTCTTTTCGGATCGGGCGAGGGGACGACGCGGCGCCATCCACGGCCCGAATCCTCGATCCAATGCTCGCCCGTGGCCGCGGCGCGGGCCTTGGCCTGCTCCTCGGTGTAGAAGGGACCGACGGGCTTGGCCGGGTTGGCGAAGGCGGGATCGGCAGGATCGACCTCGACCTGGGTGACGACACAGACGGGGTCGTGGCCGACGAGGCCGGCCTTGGCCATCTCATTGTGGAGGCTCTGGCAGAACATGTAGCCGATGAAGCCCTGGCTCTCGCCGCCGCAGACGTCCATGGGCATGGCGGGAACCTTGGCGCTGCCCAACTCGTGGCGGATCAGGATGGCGCCGACCTGAGGACCGTTCCCGTGGGTGACGACGATCTCATGGCCCTCCTGAAGCATCCTGACGATCTGTCTGGCCGTGATGCGGACGTTCTCGAGCTGCTCCGCGAATGTCCCTCTCTGTCCGCTCTGGAGGATGGCATTGCCTCCGAGGGCCACAAGCACTCTTTTCCCCATCTGCCGATCACCACCGGTCTTCAAGATAAGTCGATCTCCCTTGGGGAGACGATCGGACTTCTTCGTTTACCGGTCCAGTATAGGTCCTGCCGCCGGAACAAGCAATAAAATAAAGATGAAATATAAACTCAAATATTGACATTGTTCAGAGACAGCCCTTCCCGAAGAAAAAAAGGCGACGAGGGCTTACGCCCCCGCCGCCTCCGACAAGATGTCGCCTGCCGACGGAACGGTCAGTCCTCGAGGATTTCCTTCTCTTTCATCCCCTGAGCGGCATCGACCTTCTTGGAGAATTCATCGGTGAGATCCTGAATTTCCTTCTGGTAGCGGCGAAGGTCATCTTCGCTGATGAGGCTTTCCTTTTCCATCCTCTTCATCGTCTCGACGCCGTCGCGGCGGAGGTTGCGCAGGGCCACCTTGGCATCCTCGCCATACTTGCGCACCAACTTGGTGAGTTCGATGCGGCGCTGACGGTTCAGCTCGGGCAGGGTGAGACGGACGGCCTCGCCGTCGACGACGGGCGTGACGCCCAGAGAGGAGGCCAGAATGCCCTTTTCTATGGCCTTGAGGGCCGTCTTGTCCCAGGGGGTGATGAGAAGCTGACGGGGATCGGGAACGGTGACGTTGCCCATCTGCTTGACGGGAGTCTGTGTGCCGTAATAGTCGACTTTGATCTCTTCGACCAGGGCGGGGTGAGCCCGGCCGGTCCTGATGCCCAGGTACTCTCCCTTGAGGTGCTCGACGGTCTTTTCCATCTGCTGCTTCAGTCTGGCGATCTCCTTCGTTGGCATCGCTCATCACTCCTTTTCGGTTAAGAGGTCACGAGAGTTCCCACGTCCTCTCCGTCGACGAGCAATTTCTTCAGGTTCCCCTCTCCATGGATGTCGAAGACGACGATGGGAATCCCGTTCTCCATGCAAAGAGAGAAGGCCGCCGCATCCATGACCTTGAGCTGTCTCTGGAGGGCCTCAAGGTAGGTGATGCGCGAAAAACGCTTCGCCTCAGGATACTTCACGGGGTCTCTATCATATATACCATCGACCTTCGTTCCCTTCAACACACAGTCGGCGCCTATTTCGGCGGCCCGAAGGGCGGCGGCCGTATCGGTCGAGAAATAGGGGGAACCCGTCCCTGCGGCGAAGATGACGACGCGCCCCTTTTCGAGATGGCTCAGGGCACGGCGCCGGATGAAGGGCTCGGCCAGCTCACGCATCTCGATGGCCGTCTGAACGCGAGTGGGGACGTCGAGGCGCTCCAGAGCATCCTGCAGAGCCAGGGCGTTGATGACCGTGGCCAACATGCCCATATTGTCGGCCTGCGCCCTGTCGAATCCCTTGTCGACGGCCTGAATGCCCCGGAAGATGTTACCCCCTCCGACGACAAGGGCGATCTCAAGGCCGGAACGGGCCGCGTCGGCGATATTGCGGGCGATCTTCTGGACCTCGGTGAGGTCGAGGCCGAATCCGGCCTGGCCGGCGAGAATTTCTCCCGAGAGCTTGAGGAGCACGCGCCTGTAGGAACTCATGAATGGGACCTCCTCCGAAGAAGGCGAAGCGGGCCGAAGGCCGCGGGCGGACACGAAAAGGGGGCGGGGCTTTCGCCTCGCCCCCTTGAGTGAAAAGGGCTCCTCTACTCTCCGATGGAGAAGCGGGAGAAACGTCGGATGACGATATTCTCGCCCAACTTGGCGATGGCTCCCATGACGAGGTCGCGGATCTTCCTGTCCTGGTCGCGGATGTAACCCTGCTCGAGGAGACAGTTCTCCTCGTAGAATTTCTTGACCCGCCCCTCGGCGATCTTCTCGACGATGTGGGCCGGCTTGCCCTCCTCGAGAGCTTGAGCCTTGAAGATCTCCTTTTCCTTCTCGAGCACCTCGGCGGGGACCTCTTCGGGAAGGAGATACTGGGGAGAGGCGGCGGCGATGTGCATGGCGATCTCGTGACCCAGGGAGAGGAATTCGTCGGTGCGCGCGACGAAGTCGGTCTCGCAGTTCAGCTCCAGGAGAGTGCCGATCTTGCCCGTCGTGTGGATGTAGCTGAAGATGACGCCCTGCGAGGCCGTCCGCTCCATCTTCTTGGCGGCCTTGGCCAGCCCCTTCTCGCGGAGATGATCGGCGGCCTTCCCGACGTCGCCGCCGCACTCGGCGAGGGCCTTCTTGCAGTCGAGAACGCCGGCGCCGCTCATCGCTCTAAGTTCCTTGACAGCTTCCATATCGACAGCCATGGACCTAGGCCTCCTTCCAGCCTTTATGCTCTTCGATGCCTTCCTTGACGAGCTTTTCCCCTACTTCGCCGTAGGTCTCGTGCAGTTTCTCGCGAATTTCGATGTCGACGGGCTCAGAGGCGCCACCCTCGTCGGCCTCGGGATCGACATAGCCGTCGACGCCCTGGCGTCCCTCGACGACGGCATCGGCCATGAGCTTCGTCATCAGCTTGATGGCCCTGATGGCGTCATCGTTGCCGGGGATGGGAAAATCGATGATCTCGGGATCGCAGTTGGTGTCGACGATGGCGATGACGGGGATGCCAAGCTTGCGGGCCTCGCGGATGGCGATCTCCTCGCGGCGGGGATCGATGACGAAGAGGGCGTCAGGCGCCTCCTTCATCTCGCGGATTCCCAGGAGGTACTTCTCGAGCTTCTCCCTGATCTTGCGGAGCTGGACGACTTCCTTCTTGGGCATCTTCTCGTAGGAGCCCTCTTCTTCCATCTTCTGGAGCTCCACCATGCGCGTGACGCGCTTGCGGATCGTGGGGAAGTTGGTCAAAAGACCGCCGAGCCAGCGCTGGTTGATGTAGTGCATGCCCGAGCGCAGGGCCTCTTCACGGATCGTCTCCTGGGCCTGGCGCTTCGTTCCGACGAAAAGGACCGTGCCGCCTCCCTTGGAGACTTCGCGCAGGAAATCATAGGCTTTCTCGAGGCCCTTGACCGTCTTCTGGAGGTCGACGATGTAGACGCCGTTTCTCTCCGTGAAGATGTAGGGCTTCATCTTGGGATTCCAACGTCGTGTCTGGTGTCCGAAATGGACGCCGCACTCCAGGAGCTGCTTCATCGTTACGATACCCATAAAATAACCTCCTTCGTTTTTCCCTCCACGCCCTTCCACTGCCTCGGACCCCTGAGGGGAACGCCGAAGGCATCGGGACGTGTGCGTGATAAGGGCCATCGGCAAGTATATCACAGCCCCCGGTTGACCTTCAACCGTCGTTCAACTAAAATATACCCCGTATTCGTATTCATAATC
NZ_CP072943.1_gap31	1000205	1002658	2453	GCGCCGAGCATGAGGTTCTCGTAGACGGTCAGGTGGGGGAAGATCTTCCTTCCCTCGGGCACGAGAACGAGTCCGGCGGAGGTGATCGCCTCGGGAACCGCGCCGGAAATGTCCTCCCCATCGTGGAAGATCTTCCCCTTTTTGCGGACCAGACCGGCGATGGCCCGGAGGGTGCTGCTCTTGCCGGCGCCGTTGGCCCCGATGAGGGTGACGATCTTGCCGCGGGGAACGTCGATGGAGACGTCCTTCAGGGCATGAATGCCGCCGTAGAAGACATTGAGATTCTCCACCTTAAGCATCGGCGACGGCCTCCTCTCCCAGATAGGCCTCGATGACGCGGGGGTTGGCCTGGATCTCCTTCGGGGTTCCCTGGGCGATGAGAACGCCGTAGTCGAGGACCCAGATGTGCTCGCAGACACCCATGACGACCTTCATGTCGTGTTCGATGAGCATGATGGTCACGTTGAACCGTTCCCGAACGTGACGGATGAAGGCCAGGAGTTTCTGCGATTCCTGAGGGTTCATGCCCGCCGCCGGCTCGTCGAGGAGGAGGAAGCGGGGCTCCGTGGCCAGGGCCCGGGCGATCTCGAGGCGTCGCTGGGCCCCGTAGGGAAGGGAGGCGGCGCACTCGCCGGCCAGATGAGCCAGTTCGACCTCCTCCAGAAGGGCCATGGCCCTGTCGCGGATGGCCCGTTCCTTGGCCGCGACGGGGCCGAAGTGAAGGGGAGCCTCCCACCAGTGAAGGGGGTGGCGGACGTGGCAACCGATCATGACGTTCTGAAGGACCGTCTCGTTGGCGAAGAGGCGGATGTTCTGAAAGGTTCGGGCGATGCCGGCGCGACAGACCTGATGGGGCCCCATGCCGGTCAGATCCCTACCCTCGAAGAGGACCTTCCCTTCCGTGGGCCGGTAAAAACCGGTCATGACGTTGAAACAGGTCGTCTTGCCCGCCCCGTTGGGGCCGATGAGGCCGACGATGTCGCCGCGGAAGACGCGGATCGAGAAGTCGTGAAGAGCCGTCAGTCCGCCGAAGCGCATCGTGACCCCCTGCGTCTGAAGAGCCGTCTCCCGCTCAGTCACGGTCGTCGCCTCCTTTCCTCCTGCAGGCGCAGGCCAGCCCGTCCCAGGTGATCTCCTTCATCCCCATGATCCCCTCGCGGCGGAAGAGGATGATGAAAAGCAGGGCCAGAGAGAAGAGGACCATCCTCATGCCGGGAATGCCCGGTATGGAGAGGGAGCCGATGGTGACGGGGTTTTCGACGAAGCGGAGCCACTCGAGGAGGACGGTGATGACGATGCCGGAGATGACCGTCCCCGAGAGCGAACCCAGCCCTCCGGCGACGACGATCATGAGGACGTTGAAGGTGAGAAGGAAGAGGAACATCTTGGGATCGATCGTGGTCAGGAGACTGGCGAGGAGGGCGCCGCCGACGCCGGCGAAGAAGGCGCCGATGGTGAAGGAGACGACCTTACATCGCAGGACGTCGATGCCCATGGCCCGGGCCGCCGTTTCGTCGTCGCGGATGGCCTTGAGGACGTTGCCGAAGTTGCTGTTGACGAGGCGGGCGATGAAATAGAGGGTGAAAAGACACCAGCCGTAGTTCCAGCCGATGTTGGCGTAGTTGGGGATCCCTTTGAGTCCCAGAGCGCCGTTGGTGATCCCCGAGAGGTTGTTGCCCACGACGCGGACGATCTCGGCGAATCCCAGGGTGGCGATGCCCAGATAGTCGCCGCCCAGGCGCAGGACGGGGAAGCTGATGAGAAATCCGAACAGGGCCGCGGCGATCCCACCGGCCAGGACGGCGACAAAGAAGGGAGCCTGGAGCACGGACAGAGGCCAGACCAGGGGCTCGAGAAGGAAGATCGTCGCCTTCTGCGCGGCGGGCAGGATCAGCAGGGAGCTCACATAGGCCCCGATGGCCATGAAACCGGCATGACCCAGGGAGAAGAGGCCCGTGAAGCCGTAGATGAGGTTGAGGCTGAGGGCCAGGATGATGTTGATGGCCACGAGGTTCAAGATCTGGATCTTGTACCCGTCGAGATGGCCCTGGGCCCACCAGAGGAAGAGTCCCAGGAGGACCACAGAGGCCAGGTTGAGGAACGTCTTTTTATCGGCAGCCATCAGACCTTTTCCTCCAGTTTCTCACCCATCAGTCCCGAGGGCCTGATGAGAAGGATGACGATGAGGAGCACGAAGGCGAAGGCGTCGCGGTAGCCCGACAGGGCAGGGAAGAAGGCGATGATCATGATCTCGATGAAACCCAGGAGCAGGCCGCCCAGGACGGCGCCCTGAATGGAGCCGATGCCACCCAGAACGGCGGCGATGAAGGCCTTGAATCCCGGAATGGTGCCCATGAAGGGGTTGATCTGGGGATAACGGAGGGCCCACATGATGCCCGAGGCGGCGGCCAAAGCCGATCCGAGGCCGAAGGTGAGGGCGATGATGCGGTTGA
NZ_CP072943.1_gap32	1009908	1014132	4224	CATCGGCCAAGGCATCGGCCTCATACTGGTTGGTCCGGCAGCCCAGAACTTCGATGCGGACCTTCAGCCCCTCAAGAGAGGACACGACGCCCTCCAAGCCAGCCCTGGACGGCCCAGGAGGAGACGACGGCCGCCGCCGTGAACGCCCGCAGGATTCGGTGCCCCAGGTAGACGGGGAGGAAGGAGGCCCCTCTAAGACAGGATTCCTCTCCGGCCGACCAGTCCCCTTCGGGCCCGACGGCCAAAACGAGGGAGGAGGGGACATCGAGAGAGGCCAGAGGCGGCGCCGAGGCGTCGATGGCCGCCACGAAGCGACTGGAGGGAAGGTCGAGTGTCAGGGCCTGTTCGACGGAGCAGGGCCTGTCGAGGAGGGGAATCGTCGAGGAGCGACACTGTTTGGACTCCTCCTGAACGATCTTGCGCCATCGGGCCAGTTTCTTCTCCGCCTTACCGTCGTCGAGGCGGACGACGGAGTGATCGCAGCAGAGGGGGACGATCCGTGAGACGCCGATCTCCGTCACCTGGCGAAGAAGGAGATCGAAAGAATCTCCCTTCAGCAGCCCCGCAAGAAGGACGATCTCCGGTCCCTCGTCGGAGGCGGAAAGCTCCTCGACGAAACGGACCGCCCACTTTTCGCCGCGACGCTCGAGGCGCGTCAGGACGATCCGGCCCGGCAGAAGGCCTTCGACGAAGGAGCCCTCCCGACTGTGACGGACCGTCATCAGGTGATGGGCCTCCTCCTCGGAGAGAAGCCAGAGCCCCTCTTCCAGGAGGGGGCACCCCTCAAGCCGGAATCTCGGCCACGACACCCCACCACTCCCCCTTGGTCCGATCCTCGATTTCGATGAGCCCATGAAGGGCCAGGGCCTCACGGAAAGGCTCCCTGTCCCTCAGGGAGAGGCCGGCGAAAAGGGCCCTCCCGCCGGGGCGAAGAACCCGGGAGAGATCGGGAAGCATGAGCACGAGGGGATCGAAGAGAATGTTGGCCGTCAGAAGGTCGAAGGGACCTTCGAGCCCCTTGAGGAGATCGCCTTCGGCGACGTCGAGCTCCCTTTCCGTCAGGCCGTTGAGGGCGCGATTTTCCTTCACCTCGACGATGACGGCCGGATCGAGATCGCGGGCCTCGACGTGGGAGGCCCCCAACTTGGCGGCGGCGATGGCCAGAATGCCCGACCCCGTGCCGATGTCGGCTACGGCCATTTCCCTTTGCAGATGACGCTCGAGGAATTCCAGGGCCAGCTGGGTGCTCTCGTGATAGCCCGTGCCAAAGGCGCTCTTGGGATGGATGTAGAGGGGCAGCCTGCCTGCGGGTTCACTGCCGCTGTGCCAGGGGGCGAGAACGACCAGCCCTTTGCCGACGGGCAGAGGAGGAAAGGCCTCTTTCCACTCCGTATGCCAGGGACGATTATCGATCCGCCCCATGTCCACGACGGAGACACCGGGCCAGGACTCGAGGACGGCGTTGACCTCCCCAAGCCAGTGGGCCAGGTCTCTGCCGCTGCGGAAAAAGAGCCGAGACCGGACGGACCGGGGCAGATCCTGAATTTCGGCGCCGATGCTCCCGCAGAGCTCGGCAAGGGAGACGAGCATCTCGTCGTCACCCGCCTTCGCCTCCAGAGTGATGTACCACCAGAAACTCTCCGACATGGCCATGGTCTCCCTCCTTCCGAAGAAAAAGGGAGGCGGTAGTCGCCTCCCTGACTCCTGCCACAGTGTATCACGAACGACGCAACCCTCGACCTAGGCGCCGAAGAACCCCTTGAGTTTGTCGAGCAGCCCCTGAGACTCCTTGACGGAGACATCCATCTCCCGAGCCAGTCCGGCCAGAAGGGCCTTCTGCTTTTCCGTGAGGTTCGCCGGCACATCGACGACAACGCGGACCAGAAGATCTCCGGCCCGTCCCCCTGCCGAAAGGCGGGGCATTCCCTTGCCCTTGACGCGCAGGGTCGAACCGGACTGGGTCCCCGGCGGAACATCCAGGCTCTGAAGTCCCTCCAGAGTGGGAACCTGGATCTCGCAGCCCAGAGCCGCCTGCGGAAAGGCGATGTGCATTTCGACGTGGAGGTTGTCCCCCTCGCGCCGGAAGCGGGGATCGGCCCGGACGGAGACGACGAGAAAGAGATCGCCGGGAGGACCTCCGTTGAGCCCGGCCTCACCCTCGCCGGAGATGCGCAGCCGCGTCCCCCTGTCGACGCCGGGAGGGATCCTCACCTCCACCGTCCGCCTGTCGCGGTAACGGCCGGCACCGCCGCAGCGGGAACAGACCTTTTCGACGATTTTGCCCCGTCCCTGACAGTTGGGGCAGGTGTTGACGGAGACGAATTCGCCGAAGGGCGTCCTCTGGCGCTGCTCCACCTGCCCCTTGCCTCCGCAGGTCGGACAGGTCCTGGGCGAGCTGCCCGGTTCGGCTCCCGTGCCGCCGCAGCGCTCGCAGCTCTGCCAGCGAGGGATCTCGACCTTGCGCGTCACTCCCCGATAGGCCTCTTCCAGGGTAAGGGAGATCTCCATCTCCAGATCGGCTCCCCGCCTGGGGGCGTTGGGGTTCCGGCGACCGCCGAAGCCGCCGAAACCGCCGCCGAACATGGTCTCGAAAAGATCGCCGAAGACGTCGCCCACGTCGCCGCCCTCGCCGAAGGGGGAACCGCCGCCGGTCATGTCTCCGACGGTGCCGAACTGATCGTACTGGACCCGTTTCTGGGGATCGCTCAGAACCTCGTAGGCTTCGGCGACCTCCTTGAACTTCTGTTCCGCCTCTTTATTGCCGGGGTTGGCATCGGGATGGTATTTGCGCACCAGCCGACGGTAGGCCTTCTTGATATCCTCGACGGAGGCGTCTTTCGGCACGCCGAGAATCTCATAGTAGTCGCGACGTCCTCCGGAGGCCACCTTATCTCACTCCTAGGCCCGGGTGGAATCGTTGAACTCGGCGTCGACCGTCGGTCCCTCCGATGCGGAACCGCCTTCCGGAGAGGCGCCGGGCTGGCCGGCCTGGGCCTGCTGGGCGTACAGGCGCGTCGACAGCTCCTGAAGCGACTGGGTCAGCTTCTCGGCGGCAGCCTTGATAGCCGCCGTATCTTCGCCCTCCTGAGCCTTGCGGGCCGAGGCGATCTCGCCCTCGATCCGTCCCCGCTCGTCGGCGGAGGCCTTGTCGCCCAGATCCTTGAGGAGCTTTTCGGCGTTGTAGCTCAGGCTCTCGATCTCGTTGCGGGCCTCGATGAGCTCCTTCTTCTTCCGATCCGTCTCCTCGTTGGCCTCGGCGTCGCGCTGCATCCGATCGATCTCCTCCTCGGAGAGGCGCGACGACTGGATGGTGATGTGCTGTTCCTTGTTCGTGGCCATATCCTTGGCCGTCACGTTCAGGATGCCGTTGACGTCGATGTTGAAGGTCACCTCGATCTTGGGAATCCCTCTCGGTGCGGGCGGAATGCCGTCGAGGGAGAAGGAACCCAGCTTGACGTTGTCGGCGGCCATGGCCCGTTCCCCCTGGAGGACGACGATCTCGACCTGGGGCTGATTGTCGGCGGCCGTCGTGAAGATCTGGCTCTTCGACGTGGGGATGGCCGTGTTGCGGTCGATGATCTTGGTGAAGACGCCGCCCATCGTCTCCAGCCCCAGGGAGAGGGGCGTCACGTCGACGAGGACGATGTCCTTGTGCTCGCCCGTCATGATGGCGCCCTGGATGGCCGCGCCGGCGGCGACGCACTCGTCGGGGTTGATCCCCTTCGTGGGCTCCTTGCCGAAGATCTCCTTGACCTTGCGCTGGACCATCGGCATCCGCGTCGAGCCGCCGACGAGGAGAATCTTGTCGATCTGGGACGTCGAGAGACCCGAGTCCTCCAAGGCGCGACGGCAGGGAACGGCGACGCGCTCGATGAGATCGGTCGTCATCTCCTCGAAGCGAGCCCGGGTGAGGGCCATCTCGAGATGTTTGGGGCCGCTCTGGTTGGCCGTGATGAAGGGGAGAGAGATGGTCGTCTCGGCCATGGAGGAAAGTTCGACCTTGGCCTTCTCGGCCGCCTCGCGGAGACGCTGAAGGGCCATGCGGTCCTTGCTCAGGTCAATTCCCTCGGCCTTGCGGAACTCCTCCGTGAGCCACTGAACGATCCGCTCGTCCCAGTCGTCGCCTCCCAGAAGGTTGTCGCCGCTCGTGGAGAGGACCTCGAAGACGCCCTCGCCCACGTCGAGGATGGAGACGTCGAAGGTGCCGCCGCCAAGATCGAAGAC
NZ_CP072943.1_gap33	1023480	1025631	2151	GGCTTCGCCGCCGGCGTCATGATCGCCGCCAGCTACTGGTCCCTTCTGGCTCCGGCCATTGAAATGTCGGAGGAGATGGGCTTCATACCCTGGCTCCCCTCCGCCCTGGGCTTTCTCGCCGGAGGGGCCGCTCTGAGGCTCCTCGATCTCGTCGTCCCCCATCTTCACATCGGCCTGCCCCGCTCGGAGGCCGAAGGCATCCCCACGGACTGGCGGCGTTCGACGCTTCTCGTTTTGGCCATCACCCTCCACAACATCCCGGAAGGCATGGCCGTCGGCGTCGCCTTCGGCGCCGTCGCCTCAGGCATTCCATCGGCCTCTCTGGCCGGGGCGGTGGCCCTGGCCCTGGGCATCGGCATCCAGAACTTCCCCGAGGGAATGGCCGTCTCCATGCCTCTCCGCCGCGACGGACTCAGGGCGGGCAGGAGCTTCTGGTACGGCCAGCTGTCGGGTATCGTCGAACCCCTCGCCGCCGTCATCGGCGCCGCCCTGGTCACCCTCTCCCGTCCCATCCTCCCCTTTGCCCTGGCCTTCGCCGCCGGGGCCATGATCTACGTCGTCGTCGAGGAGGTCATCCCCGAGTCGCAGCAGAAGGGGAACAGCGATCTGGCCACCCTGGGCGTCATGGTGGGCTTCACGATGATGATGATCCTCGACGTCGCCCTGGGCTAGCTCCTCTTCCGGTTTCGCCTGAGGGACCAGGAGAGGTTCCTTTCGGCCCGAAAGAAAAAAGGGGAGCCGGGACGCCCCGGACTCCCCTTTTTCATGGTCTCCCTTCGTCAGATCGGCCCTTCCTTGACGGAGGCGGGATAACCGGCATCGTCGAGGGCGCCGAGAAGGGCGTCGAGGGCCTCCGTCTCGACGTCGACGGTCTTGTCGTCCAGAAGGACCTTGAACGTCGGCAGTCCCTCTTTCTCCAGCGTTTTCGTGATTCGGGCCACGCAGTGATGGCAGGCCATGTCGGGAACGCTCAGAACGTAGCGGCTCAAAGGTCACAACACTCCTTTCGCATCTACCTGGAAATCGCCTTTTTCCCCATTATCGCACAGGCAGGGAGAGAAAGAGTGAAAGGCATTCGGAATGCCGCCGGCGGACAGGCAGAGGAAAGGTCCCTAACGTGGCGAGATCCCCACGGCGAGTCAGCAGCCGGATGGCTCGAAGCGATAGCGCCGGGCCCTTTCGGCGTAGAGGTCAGATCTGACGATGGGGGCGAAGTCGTCGAAGGAGGGGGACGGAACCGTTCCCGTCCGCCCCGTGGCCACGATGGCATCGAGGGCCTCCTTCATCCCCCGGACGGCGCCGTAGAGGGCGCTGAGGGCGAAGACGACATACTTGAAACCCATCTCCTGGGCCTCACTCAGCGAGAGGAGAGGGGTCTTGCCTCCCTCGATGAGGTTCAGCATGAGAGGCGCCCGGATCGCGTCGACGACGCGCTCCATCTCCTCCCTCGTTCTCAGGGCCTCGACGAAGATGACGTCGGCCCCGACGTCGAGGGCGTCGCGGGCCCGGTCGAGGGCGCTGTCCAGCCCCTCGACGGCCAGGGCGTCGGTGCGGAAGATGATGACGAAGTCACGATCCTCTCCGTCGCGGGCGTCGACGGCAGCCCGAAGCTTGCTCCGCATCTCCTCCCGGCTGACGACACGTTTGCCCTCCATGTGGCCGCAGCGTTTGGGCCACTGCTGATCCTCGATGAAGGTCCCCGAAGCCCCCGTCCAGACATATTCCTGGACGGTACGGTAGACGTTGAGGGCATTGCCGTAGCCCGTGTCGGCGTCGCCCAGGACGGGAATGGAGACGGAACGGGCGATGTTTTTGACCTGGCGGCACATCTCGCTGAAATCGACGAGGCCGATGTCGGGAGCGCCGAGAAGGGCCGCCGCCGTTCCGTAACCGGAGTGGTGAACGGCATCGAATCCGGCCAGCTCGGCCATGCGGGCGCTGAGGGCATCGTAGACTCCGGCCGAGAGGATCGCCCCGGGACGGGCAAGCTGACGCCGGAAGAGGGTGCTTTTTCGTTCCATGGCTTGAGGGCCTCCTTTTTCCTATCCTTTCATGGCAGCGGGCAGCCAGAGGCTGAGCTGGGGAAAGGCGACGACGATGACGAGCATGACGACCATGATGAGGAGGAAGGGAAGGACGCCGTTGATGATG
NZ_CP072943.1_gap34	1028359	1030544	2185	TTTGATCTCCACGTCACCGCCGGAGTACTCCTTCACCTTGGCGGCGAAGACCTCGGCCGCCTCGGAGAGGAAGTGGGAGGGGGGAAGCTGATTGGAAAGGCGGAAGGACTCGGCCGCCGAGGCGGCGAAAACCGCCGACAGGACCAGGGTCACCGCAAGAAGAAGGACGGAAAGGGCTCTTTTTTCTCTTTTCACGAAAATCATCTCCTCGAAAAAATAAAAAGCAAAAAGCTTATAGATGAGAGGCGACGGCGTCGCCGACGGCCGATGTCGTGCCCCGTCCGCCCATCTCCTCGGGGAGCTCGTCGGGACGTGCTCCGGCCAAAAAGGCTCCCACGGCCGCCTCGACGGAGCGGGCCGCCTCCTTCTCGCCGAGACAATCCAGCATGAGAGCCGCCGAAAGGATGGCCGCCAGGGGATTGGCCCGATTCTGGCGGGCGATGTCGGGGGCCGATCCGTGGACGGGCTCGAACATGCCCAGTCCGGCCCCGATGTTGGCTCCGGCGGCGACGCCCAGGCCGCCGCTGAGGGCCGCCAAAAGATCGCTGACGATGTCGCCGAACATGTTGGGACAGAGGACGACGTTCCACTTCCAGGGCGTGCGCACCAGATGGTAGCAGAGGGCATCGACGTTGATCGTCTCGAAGGTCAGGCCTCGTTTCTCCGTCTCGTCGCGGGCCATCTCCTCCCAGAAGCCGTAGAGCTGAGGCATGGCGTTGGCCTTCGTCGCCAAGGTAAGGCGCTTTTCGCCCCGGCCCAGGGCGCGTTCGCAGGCATCGGCCGTGATGCGCCGCACGGCCCCCTCCGTGGCGAGGCCGACCTGGAAGGCCGACCTCTGCGGCGTGGAAAAACGGACCCGCATCTCGCCCTCCATCGTGTAGAGGCCCCGCTCGAGGCCGAGGTCGACGGGCGATCCGCCGTCGCCGCCAAGGCCCACGTAGAAGTCCTCCGTGTTCTCGCGGACGACGAGAAGGTCCATCTCCCTGCCCTCCGGCAGGGGGACGGGAAGGGGGACGCGGGGGAAGGCCTTGGCCGGCCGGAGGTTGACGAACATGTCGAAGAAGAACCGGAGCTTCAGGAGAATGCCCCGCTCCAGGATGCCCGCCTTGACGCGGGGATCGCCGATGGCCCCGAGAAGAAGGGCCTGGCAGGACTGGAGTTCGTCCAGAACCGATTCGGGCAGAATCTCACCCGTCTTCAGGTAATGCTCGGCACCGAAGGGATAGTCGACCCAGGAGAGGCCGAATCCCTTGGCCGAGGCGACGGCCTCGACGACCTTGCGGGCCTCGGCGACGACTTCGGGACCGATGCCGTCGCCGGCCATCTGGGCGATGCGGTAGGAGCGGCTCATCGTCTGGCCTCCTCTTTCTTCTTCTCCTCCAGACGGCGGCGGACGAAGGGGGCGAGACCTCCCGCCTCGACCAGCTCCTGGAGAGAGGGGGGAAAGGGCGCCACGGAGAAGGTGACGGCCTTCGTTCTGTTCTGCACCGTCCCCGCCCGGGCGTCGACGACGACGACATCTCCTTCCTCGATGGAGGCCGCCGCCTCGGGCGAGACGACGATGGGCAGCCCCACGTTGAGGGCGTTGCGGAAGAAGATGCGGGCGAAGGAGGAGGCGATGACGCAGGAGATCCCCGCCCCCTTGATGGCCAGGGGGGCATGTTCGCGGCTGGAGCCGCAGCCGAAATTCTCGCCTCCGACGATGACGTCGCCTGAGGCGATCTTGTTGACGAAGTCGGCGTCGGCATCTTCCATGCAGTGCTTGCCCAACTCGACGGCGTTGTCGGTGACGAGATAGCGGGCGGGGATGATCACGTCCGTGTCGATGTCATCGCCGAAGCGCCAGGCCCGGCCCTCAATGTTCATCGCCTTCGACCTCCTTCAGTTCCTCTTCGCTCAGGATTTCCCGGGGATCGGTGATGTGCCCCGTAAGGGCCGTCGCCGCCGCCACGAGGGGGCTGGCCAGGTAGAGTTCGCTCCCGGGATGGCCCATGCGTCCCACGAAGTTGCGGTTGCTCGTCGCGAGGCAGCGCTCGCCCGAGGCGAGAATGCCCATATGGCCGCCCAGGCAGGGTCCGCAGGTGGGCGTGCAGACGACGGCGCCCGCTTCGGCGAAGGTCGTCAGGTAACCTCGGCGGAGCGATTCGGACCAGACCTCGTAGGAGGCGGGAATGATGATGCAGCG
NZ_CP072943.1_gap35	1058791	1060939	2148	GCCCGTCCCCGCCAGCGATCGCAGGTGTCGCATCGTCGTTCCCTGACGTCGGCCACCTCCTGCGGATCGGTCATATCCAGGACGTAGGAGAGGGACTGATCCGCATAGGTGTCGTCGAAGCCGTCGATGACCGTCTGATCGTTCTCTCCCGTCCGGACGTGCACCCAGACGTCGGAGAAGTTTTCGACGGGATTGTCGTTGATCCGGATCTCCGAAATCTCGTCCACCGGCCCTTCGGCCAGACAGAGAAGAACGTTGTAGTACTGTTTTTCCCCGTCCGTCGAAACATGCTCGGCCAGAATCTGTCCCGCCGTCCGGACCGTGCCGTGCAGGAGAGGAACGGGATACCCCTGCCCCACGAGAGCCTGCATTTTCCCCCACCGATAGACCTGGCCGGAATCGAGGTCCGGCAGGTCCACATTGGCGGGCGAAAAGAGGGAATTGATCAGCGATCCGCCCACCATCAGCGTCGCCGCCGCGCCGAGGTAGGACTGCCATCCCCAGGCGGTCTGGGCGATCATGCCCGCCCCCGCGAAGGAACCGCCGGCTATCATGGAACCGACCCCCATGGCCACGACGGGCACCAGCAGGGAAGCGATGACGGCCAACGGATTCTTGCCGTCGCCGCCTCTGACCACGGGAACCAGGGTGACCCAGTCCCAGGGCTCGGGGACGTAGGTGCGGGCCCGTTCTCCGGAAACGATTCTTCCGTTGACCGAGAGAGTATATTCCGCGCCCGTATCGAAAGAGAGCCGTTCCAGGTAGGAAGAAAGAGGGACTCCGGGGCGGTAGGGAAGAGTCGATATCTTGCGGTCGGAAGGCGAGAACGGGTTACGTATGCGGGTTACGGTCAGTTTTTCCATCCCTTCGCCTCCAGAGCGGGGAAATAGTGCCCCTCGATGTGACGCCTCCACCAGGGATGATCCGTTCGGTCCAGATGAACGCCTCTTTTGGAATCCGTATGGAGGAATCTGCCGCCGCCCAGATAGACGGCCGTGTGATTGATCGCGTCGACGGTGTTGAAACGGACGGTCAGAAGGGCGGGAAGGACGGAGTCCGGTTCGACCCGGTTCCAGACCGACCGATGAGAATCGATCTCGCTCGCGATCCGGAACGGGTCCAGGCAGGAGACGCGGTAATCCGGAAGATCGATTCCCGCCCTGAAAAAGACCACCCGCACCAGGCCCCAACAGTCGAGACCCGATCGGGGATCCCGACCGCCGTCGACGAAGGGCACGCCCAGAAGATCCGCGTACGTGATCTTAAGAGGCATAGAGACCACCCTGGGGGATGGACGGTTCGCCTCCGTAGCGGGTCGAGTTGCCTCTTTGCCTGCAGTCGGCCAACGTTTTGCCGCACGTCGGCAGATCCTGCAGAACGCCCGCCGATACGCCGCATTCCGCGCCGCCGTACCTGAATGGGCAGAAGTTCTTCAGATTACGCCGGGCGGGACGCCGGGAAGCGAGGGGATAGTCGATGCCCAGAGTGAAGGTCACCCACCGCGCGTCCGTCTTCACGCCCGTCACGGAATAGACCTCCTCGAGCTCCGGAGACATCTGGTCCAGATGGGCGGAATGAACGACTCTCAAGGTCGCGGCGGAGCCCACCCCCCCGTCGGCGGACTCGAGGTAGGCCTGGACGGCCCGCGTCACGTTCGAGACCTGGATCGTCACCTTGGGAATCTCCCCCTTGGACTCCTCGCCCATCACGCTGAATTCGAAAGGGAAGGCCACCCAGGTCTCTCCGTTCCAGATCACGTTTTCGGTGTTTCTGACGAAGCGCAGAACCGTCCCGTCGGAGACTTTGACTTCCAGGAGAATCAGCCAGGCCCCGTCCGAAGCGAGATTGTTCTTTTCCAGAATGGCCGCCGCCGACAACGAAAACATGACTCACACCTCCCGAAGCTGAAGTTCCGCGGCCCAGCGGCCGGGAAGAGTTTTCCTGATCCGGGGAACGGAGACGAATCGGACCGCATGGCTTGTCCCATCCAGGGGATGAGTCCACAAGAATGAGGCCGACCCGCCCAAGGTCGACCGCCAGAAGCTTTCCAATCTCTCCTTGTCCGCATCGCGAAGAGCCTCCCAGGTCAGTCCCCATGTCTTTCTCTGCCGGGTATACCTCGCCCGCGTCTGCTCGTAGCCGGCCTCG
NZ_CP072943.1_gap36	1066307	1066829	522	GTTCCGGCACATCTTTCGGACGGACCAGAAGCGTCACCGTTTCGGCCAACTCCCTGCCGTTCCGTCTCTCTCTGTCGATCAGCTCCCCGTCTATGGCCGGGATCTCCCGTCCTTCGTAGACGATCTTCCTCGCGAGTCCGCCCAGGAAGATATGATCCACATCGGCTTCGACCCCATCCCGGAAGGTCACGACCGACTTCTCCGACCCGATCTTCGGGAACTTCGCGACCCGGCCTCGGATTCGGGAACCCGTACCGGTTCCTCTTCCGCTTCCTCCAAGTTCGCTGTCGGAGAAGTCTCCCCATCCGCCTCGAGTCGTTCGGCGGCCCCTAGCACGACAAGCCGGTCCTCCTGGGAAGCGGAAAACCCGGAGATCTCTTCTCCGGGCTTCCAGATCTTTCCTCGTTCCCTGATCGTCCACTTCGCACGAATCATGACGGAAGCCGCCTAAATCGGAGCGGCGACGAAAAAGGCGTCGACCTGGACGGGAACGGGAAGGGGCCGCGAGAGAATCTGCAGAAT
NZ_CP072943.1_gap37	1073043	1077345	4302	TCCGGGCCCGGAAGGCCCCGATCATCTCTCCCCAGATCTCCGCCACGGCCTCGGCGGGATGCAGCTCCGCCCTCATAACCTGCACCTCCAGCTCCGCTTTGTCGGCCTGGGCTCTCCTGAGCCGGGTCGTCTCCTTGTCCAGATCTTTCGGATTGATGTTTCCCGAATCTTCCTGAAGAAAACGCAGATAGCCCGTCACGGAATCCCGGAGCGGATACTTCCCGTGCTCCGTCCGGGGAATCCTCCCCTCCTGGGCCAACTGCTGGACGCGCCTCTCCGAAACCCCCAGAAAGGTGGCCAGAGTCGTCCCGGCGACGACCATGCCCCCCGGAGCCGGATCCGGTCCGGTTTCGGTTCCCTCGCAGGCCCCGAGATACCGGGCGTACCCTCTTACGGAGGGACCGAGAACATACCTGCCCCTCCCCTCCTTCGGGAAGATCCCCTCTCGGGCCAATTGCCTTATACGCCTGTCAGTAAGCCCCAGGAGGGCCGCCAGCTCCGTTCCGGAGACGCGTCTTTCCTCCAGACCGTCCTCTTGATCCGGCATTTCCCTCCCTCCTTTCGACTGAACCAGGCCTTCGCCAAGGTTCACGAAACAGAAACGGAAACCGAAACGAAACGGTCGGTGAAATCCCTGTCGCTGGGAAAAGCCCGCGCTGTGGAGCGACCCCTACATTCTGCATACACGGGAGGACCCGTGATCGGCCACGAGGGCAGTGATCGCAAGGCTTTCACCCCTTTTCCTCCAATCGCCGAAGACGCCCCGCCGCCCTCCCTCCAATCTGTCATATCTGGATTGTGTCAGATTCGGATCGGGACGCCTCCGATGCCGACGGACACCGGCCTGGCAGTCTTCGAACATCGTCATTTCCTCGTACGGAAACCTCCGGTTCCGGGAAAGAAAACCTCGGTTCATTTTACGATCGCGTCCGAAAGGGCCTTGAAACCGCTATCCGCCGGGGTCCGCAGCCCCTTCGCCCTCCGTTTTGTATTCCGAAAAAGCCCGTCGAAAAGGGGTGCACGAAAGGTCCGGAAAACGCCCCTCTCAGAGGCAAAGATCCTCGATGATCCCGAAGATCTCGTCCTCCGTGATGCCCATATAGGCCAAAGTCTCCTCCGGCCTCGAGTGTCCCAGGATCTTTTGGATCCGCGTCAGGTCGACCCCCCGCTCATGCAGATGAAAGGCGAAAGTCTTCCTCAGAGTATGCGTTCCGATCCGCTCGTCGAGCCCCGCCCGGCGCGCCGCCTCGACCAGGAGGAAATAGGCCTGCTGTCTCGATATGGCCTTCCGCGCACCGTCGGCGCCCCGTTTGCGCGAGGCGAACAGAGGCTCCTCCGACGGAAGATCCGTCCGGTAAAGGTAATCCCGCAGCGCCGAACGGCTCTCCCGGTTGATGGGAAAGCGACGCATCTTCCGACGCTTCTTTTCCCGTATCTCGATCTGCCCCTTGATGGACCGCCGACCCGACTTTCCCACGCGCATCACGTCCTCCACCCGAAGTCGGAGAAGATCCGAAATCCTGAGTCCGCTGTTGATTCCCAGAGTGAACAGGGCATAATCCCTAAGAGATCGCGACCGGAGCGCCTCTTTCACCCGTTCGATCTCCGTCTTCTTCCGGAGGGGCTGCACGAACTCCATGCCCATGCCTCCTCGACATTGATCAGGCCTTGTCAGGCTCTCATTCCACACCGCACGATCTCAACCGACTAATTGACACGCACATTATGCGCATGATATAATCACGTCAACGAAAGGGGCGAGGACGATCACAAGCTCAAGAGAAATAATCAAGATGCTGAAAAAGGACGGCTGGGAGCTGTGTCGAACGGAAGGCTCGCACCATCACTTCGTCCACCCGACAAAGAAGGGCCTCGTCACCGTCCCTCACCCCAAAAAAGACCTGACAACCAAGACGGCGAAAAGCATCCTCAAGCAAGCGGGGCTATAACGCCCTACAGAAACCCCGGATAGACTGCACGATGCTCATCGCACTTACGGAAACGGATATTCTTTTATATTTTTGCGGATAAAAAGGAGGAATCTCCATGGCAAACAAAAAAAAGCCGGATAGGTACATCTACCCGGCGATCTTTTCCTTTGACGACGACGGCGTTTCCGTCGAATTCTCCGATCTGCCCGGCTGTCTGACCTGCGGAGCCACTCAGGAAGAGGCCTTGGTTATGGCACAGGACGCCTTGCGCGGCCACTTGGCCTGTCTGGAAGAGCGTGGGGAAAAACTTCCCGATCCCGGAGACATGAGAGAAATCGCCCTCGAGCCCGGGCAAGTCCTGGTCGCGGTAGAAGCCTGGATGCTTCCCCTGAGGACAAAGACCATCCGAAAAAACCTGACCATCCCCGCCTACCTTGCGGAAGCGGCCGAGAAATCGGGCATCAATTTCTCTCAGACCCTATCCGATGCCCTTCAGGAGAGATTGGGCTTGTAATGAAAGGTTCGCCTCTGTCTTGATTCGAACCTTTCATTACAGAATACTTAATGGGAGCGATCAACTTGGCAAATTCAATCAATCAAAATGAGAAATTTATTGAATTTATTATTTTATCTATCCAACTTATAGCTATCGTTTTTCAAACACTTCTTTTATATAAACAAATAAATTTATCCCGAAAAATTGCATTTTTACCAACTAGAGAAAAATCATTTTTCAATCTAATTAAATCCATTGATGATTTTGATAAATTTTTAAATATATTGACAAGTCAGGATTTAAGTGAAAGAGATTTTTATAAAAAAGGTTTAAATGCTATTTGGGGTCTTTCTGACGCATGCACGAACACATCCCTATTTTTAGGCAAAGAAATAAAAAATACGCTAAAAGAATGGTGCGTTGATGGAAATTCCAAGAAATTATTTGTTGAAGTTATAATTAAAAACTTAATTGATATTTCAAATGGATTTTCACGCTTCAACAGCAATGGGGCTCCCAGAGATCTAGCCGGAGAAATCTACGACACTGCTATTTCTCTTCAACGGGAACTGAGATGCACCAAAGAGAAATCCATCAGTTTGTTTCTGAAAATATAGAGACGGCTCCTCCCTCCGGCGGAGCCGTCTCTATTGTCAAATGCCCTCTATCCCTTACCTTCTCCCGACGCGCCCTCAAGCCGCCCCAAAGTTACGCCCTGCTTCGATCAACCTCCCACGCGCCACTTCCGCATACCCCCGATCCATCTCAATCCCCAGGAAATCGCGCCCTTCAAGATAGGCAGCCAGACACGTCGTGCCGCTCCCGGCGAAAGGATCGAGTATCAACCCACCAGGCGGAGCCACCCGGACCAGCTGACGCATCAGCTCCGTAGGTTTGCCCGTGAGGTGAAACTTATCCTTCTGCCTCACCGGCACTCTCATGCAGCCAGGCCAAGGACCGCGAGCATCCGTAGGAGACAGCGCCCCCCGGCTACCCCAAACGACATACTCGCACTGGTGGCGGAAATACCCCTTATGAGGCGGCCTGGCCGCTTCCGTCTTGTCCCAGGCGATCACGCCACGCCAGATACAGCCTCCGGCCTGCAAGGCATCCGTGGCCATAGGAAGTTGGCGCCAGTCCGAAAACATGAGAAAATAGCCCCCCTCTTTCAGAGTCCTCAGGCATTGGCCGATCCAGAGGGAACACCAGTATCCCCACGAGCGTTGATCGCGATTGTCCCCCTGAAAGGTAGGGCGCTGCAGTCTCTGGCTGCTCTGCTGGTATTTTTTCACCGGATCGGCCTGACGGGATCCGGAAGTCATCCCTCCGGAAGAATAGGGAGGATCCGTGATCACCGCATCGGCGATTCCGTCGGGAAGTGACGGAAGAATCGAGAGGCAATCGCCCTCGACAAGAACATTGCGCTTCGTTTCCAAAATGGGATCGCTCCTCGGATAAAAATCAGGATCCTTCGACGCGCGGAGGGCTTCGGATCTTCTCCGAAGCCCTCCGCATAACGTCTTTTAGGTCGGGGGGAGAGCCCCCCGTTGGATCCCGTGTCGGCGTCCGACCTGCACAGCCTCCGCCCGGGTTATCCTGCGAAATCCCACATTACAATTGTAAAGCCTTTCGGCACGCCAACAATACGGCTAACGATACGGACATCGATCCGGCAAGCGATACGGTTATCGTCAACAGCTTTTTTCTCCAAAGGAAAACTACGGGAGGCATCGCGATACACGAAATCAAGAATAAATCCACTAAGAATAGTTTTTTAATTTTATTGATCTTTTTAGATTTCGAATTCGCCTCGTTTTTTAAGAAAAACAAAAAAATCAAGCACATACATCTGATGAACCATTTTCATGATTTGCC
NZ_CP072943.1_gap38	1081299	1083711	2412	CCCCGCTTTCCTGGTAGAGTCTCCGACGGGAGTTGCAGCTCCCGACACATCACTGCCCGAGCAACCTCTCGGCCCGTCGGGCGGCACGGTACAGCGCCTCATAGGACCAGGCGATCTCCATGGCCTCCTCCATGGAGGCCGACCCCTGACAGCCGATCGCGTTGTTGTACCGATTAAAAGCCTTCACCACGGTCTCGAGGGCCTCGCGCGCTTCGACGTCATTCATCGCCGGCGCCTCCCTGTGGTAAAATAGTGCGGGAGCGGCAACTCCCGCCTGAGCTTTGCCCATGCCCGCCGTCCTGGCGGGCCTTCTTTTTCAAATCGCACCGTTGCGGGATGGAAACAACCTCCCGAAACCTACTGATCCATCGCGGCCCCCGAGGGCGCTCGTCGAGGAGCGCCTGCATCTTTCGGATGTTCATGCCCTCAACTTCATCCCCTTTCCCTTGAATGCCCATAGGGCTATATGCCCCCCATTCCAGAGTTCGTTGCACCCCTCCAGCCACTCAAGCGCCGCTTCGGTGTCGAGGAATCCAATGACATCCTCGACCTCCGCCGAGGGATCACGGAGGACCACCGCCACCAGCGGCCAGTCCTCCGGCTCCGGCACCGGCTCCAGCCGGGCCAGAAGGCGCTGAAAAAACGACGGCCGCCGGTACGGCCCGCGCACGGCGCCGGTTTCGATCAATCGTTCAATCCGCACCATTGCCGCCCTCCTCAAATCGCACCGTTGCGGGATTGAAACAACCAACGGTACTTTTTCACCTTCTCGTTGGGGTCAAGGACCTCGAACGGGCAAGGGGTCTCTTTCATTCGTCGCCCCAGCGTCGACCGACTGATCCCGTACTTTTCGCAGAACACCCTTGCCGGGAGCCATGGATTCTCTTCGCCCGACAGCATCTGGTTCCGGGCAATCATGTCCAGCAGCCGGTCCACTTTCGCGTTCAGCTCGGCGATTTGCCTGGGCGTCGTCTCATCGACGACGAAAACGGTCTGCCCTGGCGTCATTGCGTCTACCTCCTTGATCGTTGAAATTGAAGGTCTGCAGATCCTTCACACCTTCCGCCCTTTCCATGGCCTCTCTGATCAGCCGCCTCAGCAGACATCCGCAACTCAAGCCTCGCCTCGATGCCTCTGAGGCGAGCCAGTCATACTCGCCCTCGGTCAGCCGCACCGAAAAAGCACGACTGAGCCTCGATGCAGTTCTACCCATCCGCCTCACCGCCTGGATTTCGCCATACTGTTGTGATACATTGGGGGACAATTAAAGGGGGGATCGAAAATGAGATCTCCAAATATCGCCACCACATTCACGTTCAAAAATTCGAGCTTCGTCTTTGAAGTCTACGCCTTCAGGAAAGTCACTCAAAAAGAAGGTCTCTTGGCCCTTTCTCAATGGATGAAGCAGTACAAGCACAAGACGATTCCTCGTCGCGGAAAGGGTAAAGCGATAACCATATTTGGCTTTGATGAATAAGCAGCTCCGCCAGCAACAAAGCTTCTCCGGGATTAATGAACGTGATCGATTTTCGACCGAAGAGACCCATCGTTACGATTCCGGTCTCTTCGTCCTGAAACAGATCGAAGCGCAAGTGCTTCGAAGGACTTTCTTCGGGTACTTCTGACATTCATTCACCTCCCATATTCGAATCGAACCGTTGCGGGATTGAAACTTGAAACTTATTGAAAACGATTGTCAAGGTGCCCTTCCCTCAGCTCAGAGCCTCGTCCAGTACGTGTCTCAGCCGCTGGCAGTGCTCCCGCCTGAGTGGGTCGTCGATCCGGCCGTTGTCCGTCAAGTCGAAAACCGTCTCCAGATCGACCAGAACCGGCGTACTCGCGTCGAGGGCCTCCCGGAACCGCCGGGCCTCCTCGACGTGCGGGTTCAGTTGCCCCCCGGCCCCCGATCGGCCGGGGGGGTCGTAGGGTTTCCGTAGATCAGCAAATAAAGCTCCCCGTTTGGAAGCCCAAGCGCGGCCTCAAGAGCCGCGAGATTCTTGGCGTCTGTCGGGGAATATTTCTCATTTTCCCAATCACAAACCGTTGTTCGGGTACACCCGATTTTTTGAGCCAACTCACCTTGGGTCATGCCGATGTCGCGCCTCGCCTTTCTTATTACGTCTCCGCACCCCATCCCCTCACCTCCTTTTATTCTGGTCTACTTGGATTTTATGGCCAACCCCCCACTAAAGTCAAGTCAACTTTTACAAGTAGGTTGCGTTGACTTTTCTTGACTATTCTTGTTCCGGAAAGTAGGGTTTACTTGAAATGGGGGGAAGCGCCATGATCACCGGCGAAGAAATCCGGCGGTTACGCAAGGAGAAGAAATGGACACAGCAGGACTTGGCCAATGAGGTCGGCGTTGCAAAAACCACCGTTCTGGACTGGGAGAAAAACCGATATTCCCCAGAG
NZ_CP072943.1_gap39	1237642	1238699	1057	GGACCATCTGACGCTGGGCGGCGTTCCAGAGGGGATCGTCGGTACGGGCCTCCTCGAGATCGGCCGGACCGTAGAGGAGGGGCCGTTCGTCGGAGCGGTGGGCGTCGAGGGTCCTGCGGGCCCAGTCGGGGAAGCCCTCGAAGCGGTCGTAGGCCTCGTTATAAAAGCAGAAGTTGTCGGCCAGCTCGCGCCGGACGACGAGCTCCTCGAGAAAGGCCTCCTTCGCCTCGTCGGAAGCGGCGCTTCGGGTGACTTCCAGGGCGGCGCGCCGGGCCGATATCTGGCCGAAGTGCAGATAGGGGGAGAGTCCCGACTGGGCCTCCTCGTTGGGATCGTTCCGTTTCCCGTCGTAATCGGTCAGACCGGCGGCGAGGAAGGCGTCAAGCCGCCTCCGCCCGGCGGCGCTCCCGGGAGGGCCCGAGGCCGGAAGAGGGGAGGGCAGGTTTTTACGCGCCTCGACGAGACGGTCGAGGGATCGGGAACCTTCGTCCTCCCGGGACCAGGGAAAGGGGTGGTCCTTCAGGGAGGGCATGTCCTCGAGGAACCGGGGGAGAAGGGCCCTGATCTTGGGCCGGAAGGTGTAGGCGGCGTACTCCTGCTTGAACGAGGCCCGGCGGCAGGGAACGACGTTGTGGCCGTCGACTTCGAAGAAGGGAACGGACACCCGAACGGCGATCTCCCGCTGCCAGAGCCGTTTTTCCCGGAGGGGATCGAAATCGCAGAAGAGGGCGGAGGCCCCTCGCGCCCCGATCCAGCGGGGAATCTCGAGGACCGGGTCACCTCGAAGGACGATGAGGGGGATCTTGCGGCGGGCCAGATCGCGAGCCGTCTCGATCAGGCCGTCGAGCATGAAGGCGAAGGCTCCCCCGGGAGCTCCCTTGAACGAGGGCAATAGGCAGAAGAGGACGGCCAGCGGTTCCTTCCGGGCCAGGGCCATCTCCTGGGCGGCAAGGAGGGCCCCGTTGTCCTCGGCCCTCTGGTCGCGGCTCATCCAGCAGACGACGGGCCCCTCCTGACGGGAGCCCTCGTTGAGGGTCCAGATCCGTTCGACCTCGGT
NZ_CP072943.1_gap40	1241773	1242888	1115	CAGCTCGGCGGCCCTGAGGTCGTAATACTCCCGGGTCCGATGATCCACCGTCGATCCCTCCTCGTCGCCGCGCCTCATTCCGGGCGACATCCGTGATCGTGTCCCTTCCCCGGCCGTCCCTCGGACGACGGCTGCGGGCTTGAAAACCCGGCTCCCGATCCCGCTTTCGGGGCCCATTATACGTTTGCGACGACCGCTGCCAAAATCCGAACGATCATCACCTTTCGATATCCGCAGGCATAGGGCAGCCCCCGAAAACCGGACCACGAGCCACGTTGCCGTTGAAGGAGGTTCCCGCCGTCCAGATCGGTCAGTGGAAGAAGCAGCTTCTGCAGGGGAGCCCGGAGGTCTTTCAGACCCACCCCAGCCTCGGCTGCCTTCAGGAAGCCCCACGGCTCAGCGCGTCATCCCTCGAGGGCCTCACCCATGCCGCCGAGGAAGAACCGGAGCTCTCTGTCGACCTGATCCGCCGGGTCTGCGAGGGACAGACGCTGAAGGAACTGGACGATAAGCTGGATCAGATCGACAGTGCCCGAAAAAGCGGAGCGAGGCCATGCAAGACCTGATCGGAATCATCGGCAACGATGCTTCATGGGCCCTCCTGGAGCGCCTTCAGGACGGACGTGACGAGGGACCCCATCTCCTTCGGGGCTATCGCGGCGAGGCGGACAAAAGGGGATTGGGACCGGACTTTCTCGATGCCTGCCGCATCCTGGACGAAATGCGGCTGATCGGGCTCGCCGCCCTCCCCTTGCCTGGCGGCAACACCTCGTGAGATCGGGAAAAGGCGGAGACTTCCGAGAAGGCCTCGATAACGGTAGGGGACGCGCTCCGCCGAAACGGAGAGGCCCCTTGGGACCGGAAAGGAGCGCACGGCCATGAGTGAAGGTCCTACGGACAAAGGAAAGCCCAAGAGGTCAGGCGATCTCCGCGGAGGATGCCACGGAAGAAGGGTGGGTTCCGGAAAGACGGGCGCGACGGGGAGTGAAACTCCATTCGCTGAATACTCGCTGAACTGGACCACGAGCCAAGTTGCAGAGGAAAAGAGTCGGGCAGGCAGACAGAAGGAGAGGCCCCATGCGGGGGCCTCTCCTTCTGTCTGAAAGGCGAGCCGT
NZ_CP072943.1_gap41	1245101	1246854	1753	CGCCGGAAAGGAGATGAATGGGGATGAAAAAGGATGTGCGCATATATCCTGCGCTGCTCTCCGAGGAGGGGGCCTATATCTGCGTCCGCTTTCCCGACCTTCCGGGCTGCAATACTTTCGGGAAGGACTACGCCGACACCATCGCCAGCGCCAAGGAGGCCTTGGGCGGGCACTTGCTCTGCATGGAAGAAGACAACGACCCCATCCCGGCCCCTACTCCGCTCAACAAACTGCAGCCGGAAAAAGACGAAATCGCCGTCTTGATCGACGTGCGCTTGGATGTTCTCCGCAAAGAAGAAGCCAAGAAATCCGTCAGCAAGAACGTCACCCTTCCGGCGTGGCTCAACGAAATGGCCATGGAACACAAGATCAATTTCTCCAGCACCCTCCAGGAAGCCCTGCGAGAGAAGCTGGGAGTCTGACGCACGGAGAGCTAACGAGGCCCCGGATTCCGACTGTATAGCCGGGCCTGGGGTCTCGCAACGACTGCGACGCTACCATTCTGACACGGATTTCCGCCAAAGCCAGGGCCAAAGCCATAGCCCCCGCCGGGCTCGATCTTCCTGTGCCTTTTGGATGGCCAACGCAACCTGAGTTTTCCGTAGCAGTTGCAATCCGATGGAATCAGCGGTTTTCAGGCTGTACCCCGCCCTGATGCCCGCCTGTGTGGCGTTGAGGTCCACGAGGTACTCCGCCACGAACCAGGCCTGCTTCGGGGTCAGTTTTTGCGTCCTGGACATGGCGGTACCTCCCTTCTGTATGAATCATGGGTACTTGTAAAAGACACTTGACAAGCCCCTGCAAGGAGCATAGAATATGCGCATCAGGAAGGAGGCCGCCGTGATCAACCAGAAAGAGGTCTGCCGAATCCTTGAAAAAGCCGGATGGCGCCCGACAGGACACGGGAAGGGAAGCCACAGGGTCTACGAGAACCCGGAGACGGGGCAAATGACCGCCATCCCTCACGGCGAGATCACCAAAGGAACCCTCGCCGCCATCCGCAGACAAACCGGAATCGATCAGATCCGATAGCCGGGGGAAACCCCGGCTATCGGGAAAGGAGAGATCTTGCATGAAAGAGATTAAAGACCTGACCATCTACCCGGCTATCTTCGAGTACACCCCAGACGGTATCGATATTTCCTTCCCCGACCTTCCCGGGTGTCTTTCCTGCGCCAGGACGGACGAAGAGGCGTTGTTCATGGCTCGAGATGCCCTTGGTACTTTCCTCGTGGCGTGCGAAGACCTGGGCAAACCGATTCCGAATCCATCCCGGGCGTTTCACGCAGGGGAGAACCAAGTGGTCCACTTGGTGGACGTATGGCTTCCGTTCTTCCGGGACCGGGAGCATTCCGGATCGGTGAAGAAGAACGTCACCGTCCCGGTGTGGCTCAATTCCCTGGCGGAGCAGGCCGGACTCAACTTCTCCCAGGTGCTCCAGGCTGGCATCAAGGCCTCCTTGGGAATTCAAGACAGACACCAAGCCTGACCTCCTCTTGCACACGCAAAAGGCCCCGGGCGACCGGCTTACCGTGCCGGGCCTGAGGCCTCGCAACGACTGCGACGCGACCATTCTGACACGGATTCCCGACAAAGCCAGGGCCAAAGCCATAGACGAAGACACCCACGAAGAGGCATAAGAACTCACGTCACGAGAAAAGCCGGAGCGGTTCGGACTCCGGAGGATGAAGGACCACCAGGCGGGCAATCTCCTCCGGAGTCCGAATCGCTTCCGCTGGACCGTCACACGGCT
NZ_CP072943.1_gap42	1249873	1253628	3755	AACGTCGCCGCAGCGATGGGTCTGAAAGACGTGCTCAACCTCGACGGAGGCGGTTCGTCGGCCCTCTGGTGGCGCGGATCGATCGTCAACAGGCCTTCCGACGGGAAGGAGCGTCCCCTACCCTACGCCGTCATCTTCGGCCCCTTTTCGGCGACACCCTGAGAAAAAAGGCTTGTCTTCTCCCCTCCCGAGTGTTATAAACATCAAACATCGAACAAAAATTTTGGGAGGGAACGATAGCCATGACGATCTGCATTCCCATGCGACAGATGAAAGACGACGAGGCCGGAATCATCCGGTCCGTCAGGGCCGAAGGCGAGCTGGGCCGGAGGATCCGCGACATGGGACTCACGCCGAAGACGCGGATCAGGATCCTCGGCCGGGCTCCCCTTTACGACCCCGTCGCCCTCAGAGTCGGCGACTTCACCCTGACCCTCCGCAACAGCGAGGCCGATCACATCGACGTGGAGGTCGAGCGGTCATGACCGTCGTCGCCCTGGCCGGAAATCCCAACTCGGGTAAGACGACGCTCTTCAACGCCCTCACGGGAGCCCGTCAGCACGTGGGCAACTACCCCGGCGTGACGGTGGAGCACAAGAGGGGAACCTACGTCCACGAGGGCGTCACGGCCCAGCTGGAAGACCTTCCGGGCATCTACTCCCTTTCGGCCTATTCCTCCGAAGAGGTCGTGACCCGCGACTTTCTCCTGAACCAGAGCCCCGATGTCGTCATCGACATCGTCGACGCCTCCAACCTGGAGCGGAACCTCTACCTCACCGTCCAGCTTCTGGAGATGGGCCTTCCCGTCTGCATCGCCCTCAACATGATGGACGAGGCCCAGTCGCGGGGGATGGAGATCGACGCCGACCGCCTGGCCTCCCTCATGGGCGTTCCCGTCGTTCCCATCGTGGCCCGCAGGAGCGAGGGGATCCATGACCTGATGAAGAAAGCCCTGGCGACGGTAGGCGTCGCGCCCCGTCCCCTGCGCATCTCCTACGGCCCCGACGTGGACCCCGTTCTGAAGAGAATGAAAGGGGCCATCGAGAAGGCCCTGGCTCTGCCCGAGGCCCAGCGTCCCTGGTGGGCGGCCCTCAAGTATCTCGAAGGGGACGAGGCCGTCCGGGCCTCCATCGCCGGGAAGGCCCCCGAGCTGGACCGGGAGCTGACGGCCATGGCCGACGAGCTGGACCGCCACCTCCGAACCACTCTGGACACCTACGCCGAGGCCCTCATCGCCGACCAGCGCTACGGCTACATCAAGGCCCTCCTTCAGCGGAACGTGGTCGTCTACAGGAAAGACCGCGACGCGGCCACCCTTTCGGACCGTCTCGACGCCGTGCTGACCCACCGCTTCGTCGGCCCCGTCATCATGGTGGCCGTCCTGGCCGGACTCTACCGCTTCACCTTCGCCTACAGCGAGACGCCCGTGGGCTGGTTCGAGAGCTTCTTCGGATGGCTCGGCGCCGTGGCCGAGACCAACCTTCCCGAAGGTCTCTTCAAGTCGATGATCCTGTCGGGCGTCATCGACGGCGTGGGCGGCGTCATGGGCTTCGTCCCCCTGATCCTCTTCATGTTCCTGGGCATCTCCTTCCTGGAGGACACGGGCTATCTGGCCCGGGTGGCCTTCATGCTCGACCGTCTCTTCCGCTTCTTCGGCCTCCACGGCAGCTCCGTCATGCCCTTCATCATCTCCGGAGGCATCGCCGGAGGCTGTGCCGTGCCGGGCGTCATGGCGGCGAGAACGATCAAGTCGCCCAAGGAGAGGCTGGCGACGCTCCTCACGGCGCCCTTCATGAACTGCGGGGCCAAGCTGCCCGTCTTCGCCCTGCTCGTGGGCGTCTTCTTCACCGAGAACCAGGCCTCGATGATGCTCCTCATCACGGTCCTCTCCTGGATCGGCGCCCTTGTGGCCGCCAAGGTTCTCCGGTCGACGATCCTCAAGGGGGAGACGACGCCCTTCGTCCTGGAGCTGCCCCCCTACCGCTTCCCCACCTTCCGGGGCCTTCTCATCCACACCTGGGAGAGGACCTGGCAGTACATCAGGAAGGCGGGAACGGTCATCCTGGCCATCTCGATCCTCCTCTGGGCCCTCATGACCTTCCCCGAGCCGGGCGAGACCGACCGGCAGCGCTTCGAGACGCGGCGCCAGACCATCCTGACGGAGGCCTCCGAGGAGGTCCGGTCCGAGCTGGAATCCGAGACGGAAGAGCTCTCCCCCGAGGCCCAGGAGATCGCCGACGGCCTGGCCGCCCTCGACGGGGAGGAGGCCCAGGAGGCCCTGCGGAACTCCTACGCCGGACGGATGGGGATCGCCCTCGAAAGGATCACGTCGCCGGCCGGTTTCGACTGGAGGGACAACATCGCCCTCGTCGGCGGTTTCGCCGCCAAGGAGGTCGTCGTCTCCACCCTGGGCACGGCCTACTCCCTGGGCGAAGTCGACCCCGAGGAGAGCGGCGGCCTGGCGGCCACCCTGGCGACCTCGCCCGACTGGTCGCCGCTGAAGGCCCTCTCCCTCATCATCTTCACCATGTTCTACGCCCCCTGTTTCGTCACCGTCGTCTGCATCGTCCGCGAGGCCGGATCGTGGAAGTGGGGCGCCTTCTCCATGGCCTTCAACACTCTCCTCGCCTACGGACTGGCCGTGGCCGTCTACCAGGGCGGTCTCATCCTTCAGGCCATGGGAGGGAACTGACGTCATGGAAAAAATCGCCCTTCTTGTCGTCCTCGTCCTGACGGGCGTCTATCTCGTCCGCCGTTTCCGCTCCGCCGTCCGTGGCGGCGGCTGCTCCTGCGGCTGTTCGGCCTGCGCCTCCGACTGTTCGGGAAAGGGGAAAACCCACAGAGGGGAATCCCGATAACGCCTGAGTTTCATAAGAGGAGAAAGGCCCCCCGACGCTTTCCGGGGGGCCTTTCTCCTCTTTATGCGAGAGCGGTTTTCGCCCGAATCCGCAGGCTCGCCGGGACAGAGGGCGCCGATTCAAGATCCGCGACAGGACTCCCGGCCCTCCAGCCGCCTCATGGCCTAACCCACGCTTCCACTTCATCGTTGCCCGGCGATCGGTCTTTCTACGGACGTCGAGGCCCTCCCCTCAGCGGGAGAGATTGGCCGCGAAATCCTCTTTCATGCGCCGCCGCAGATCGCCGTCGGAAAAGACGCGCAGCGCGGCGCGGGCCAGGGCTCTGGCTCCGGTGACGAGGGCCTCGTGGGCACGAGGGCCCGTGACGGCGGCGGCGAATTCCCTCGTGTGAGCGGCCACGTGACGGCCCGTGAAGTCCATCTCGGGCTGAATGGCCGGGCAGCGGTAGGAGACGTTGCCCACGTCGGACGATCCCAGGGCGCCGGGCGACGGCGAGAGGGGGACGGCCAGGTCGGAGAAGATCTCCTCCATCATGGCCTCGGCGGCGCCGTTGGGGAGGACATCGTCGAAGCTGAACTCGAAGTTGCGCCACTCCACCTCCGTCCCCGTCGCCAGGGCGGCACCTCGGGCGCAGTCGTGGACCTGAGCCAGGATCTGATCGAGATAGGCCCTCTTGGGGGCCCTGAAGTAGAAGCGGGCCTCGGCCGTCTCGGGGACGATGTTGGGGGCCGCGCCGCCCTTCGAGACGATGCCGTGCATGCGGACCTCGGGCCTGACGTGCTGGCGGAGCATGTCGACGGCGTGGAAGAGGAGCTGGACGCCGTTGAGGGCGTTCTTTCCCTCCCAGGGCATGCCGGCGGCGTGAGCCGCCTTGCCTCGGAAGACGAACTCGACGGC
NZ_CP072943.1_gap43	1255066	1259240	4174	GATGTGGACGGGAACCCACCGGCGGGGAAAGGCCTTGAGGACCTCCAGGAGGGCTCGGATCTCGTCGGGACTCGTGTTGGGGGCATATTCGAGGCCGAAGGAGAGGCCGAAGGAGCCCGATTCCAGCTCCCGCTCCAGGAGGGAGACCATGCCCTTCGTCTCCTCGGCCGTGGCGGCCCGATAGACGTCGTCGATGCCCACGGCCTGGCGGAGGCAGCGGTGCCCCGTCAGATAGCCCAGATTGAGCCAGGGACGGCTCCGGCTGGGAAGGATGTCCCGCCCCAGGGGGCCGGAGCCGCAGTTGCCGGCGATGGCCGTCGTCACGCCCTGTCTGAGGAGGGCCTGCTCGGCCGTATCGGGGTCGTCGACCTCCTCGTCGTGAATGTGGGTATCGATGAAACCGGGCGAGACGATAAGGCCCTCGGCGTCGAGGACCCTGCGGGCCCGGGAGCCGTCGCCATGGCCGATCCAGGCGATCTTGCCTCCCGCAAGGGCCACGTCGGCCACCTCGTCCACTCCCCTTTCGGGGTGGACGACGCGCCCGCCGCGAATGAGGATATCCAGTTCGTCCAAAGTCGCACCTCCCTTAAAAGGCAAAAGGGGCCGACGACATGGCCGTCGGCCCCGCAACGACCTGTTGTTTCGAGAGTCCCCGTCCCTAGGGAAGGTTGATGGCGACGGCGACGGCCATGAAGATCATCTGAACGGGGAAGAGAAGGAGGAAGAAGGGGACGAAAAAGCGCCACCAGCGGTCGATGGGCACGTGGGCGATGCCGCAGATGACGGGCAGAAGCGTCGTCGGCCAGAGGATGTTGGAGAAGCCGTCGCCGTACTGGAAGGCCAGGACGGCCGTCTGACGGGTGATGCCCAGAAGGTCGGCCAGAGGGGCCATGATGGGCATCGTCGTCGCCGCCTGACCGGAGCCGGAGGGGATGAAGAAGTTGATCAGCGTCTGGACGACGAGCATGCCCTCGGCGGCGACCCAGCGGGGGAAGTTGGCCAGGGGCAGGGAGAGACCGTAGATGACGGTGTCGATGATCTGCCCTTCGCGCATGACGATGAGGATGCCTCGGGAGAGGCCGATGACGAGGGAGCCGAAGACGATGTCACGGGCGCCGTCGACGTAGACCGAGGCCAGCTTGCTGGGGCCCCATCCGGCCAGGAAGCCGCAGGCGAATCCCATGATGAGGAAGAGTCCGGCCAGCTCGTCGAAATACCACCCCTTCTCCATGACGCCCCAGACGAGGAGGGCCACGGAGAGGACGACGACGGCCAGGATCGACTTGTCGCGGCTCGAGAACCTGTGGTTCAGGAGCTCGTCGTGGTCCAGGGCCAGGGCTCCCATGTCGACGCCGTACATGAGGCTCTTCGTGGGGTCCTTCTTGATCTTCAGGGCGTAGCGCATCGTCCAGAGGACGGCCATGGTGACCATGACGAACCAGCTGACGAGGCGGAAGTTGAGGCCCGACAGGAGGGGCAGCTCGGCGAACTTCTGGGCCAGGCCGACGGTGAAGGGGTTGATGAAGGCGGCGGCGAAACCCATGGCGACGCCGAAGGCGACCATGGAGACGCCCACGATGGCGTCATAGCCCATGGCGATGCCCAAACCGACGAAGAGGGGGATGAAACCGAAGGTCTCCTCGTACATGCCGAAGATGGAGCCTCCCAGGGCGAAGGTGTACATGAAGACGGGGATGATGACGATCTCCTTGCCCTTCGTGACGCGCAGGAGCCAGCCGATGAAGGCATGGAGCGCCCCCGTCTGGAGGACGACGAAGAAGGAGGCGTAGACGATGAAGACGAAGAAGACGACGTCGGCGGCGTCGATCATCCCCTTCTGGACGGAGATGAAGAGATCCATGAAGCCCACGGGGGAGGGATCGACGGTATGATAGGAGCCGGGAACGACGACGGTCCGGTGCGTCACGGGGTGCTCCATGCGGTCGAACTGCCCCGCCGGGAGGACGTAGGTCCCGATGGCGGCCAGGAGGATCAGGCCGAAAAGCAGAACGAAGGTATGGGGCACTTTGGATTTTTTCTGAGTCATTTCCTTTCACTTCCTTTTCGTCGGGCGATTTGTGGAGCCTGAGGCCCTTGGCCTCTCTCCCCCCCCGTACCTCCGGACCGGGATGACTCGAATCATACGCCATTCCTCTTTTCACGAAAAGCCCTGCAAGTCATCAGATGACGTCAATCTCAACTCCCGGGCATTTGGCCCGGAGGAGGGTTTCCAGCGGCTCGCGCTGCTCCCTGTCGAAGAGAAGCCTCCACCCCGTCTCGCCCCTCTCGAAGAAGGCCATCATCTGCCTTCCCTTCAGGGCCAGGGTCACGAAGGCCACCTCCCCCCAGGGGAGGACCTCCCTTCTCGAGGCGAACCAGCTTCCCGACTCTCTGACGATGCCCTCGTCGGCGAGGTACATCCTCTTGCTGTAGCCCGCGGCGTAGGCGCAGCAGACGCCGACGATCAGCTTGTGGAAGGAGAACTGCCTCAGGGCGTCGGCGGCGAGGAGGAGGCCGATGACGAGGGCCAGACGGGCCATCCATTTGGGGAAGGGCGTTCCCGATTTCGAGGAGAGGATCGCGTTCATGGGGGGACCTCCTTGAGCGGCGATGGCACGACGGGGAGCGGCGCCTGCGCCCCTCCCCGTCGTTGACGACAGTCGATGAGCCCGATCGGCTCCGCGCCCTCAGGCCTTGTCGGCCTTGGGGTCCTTGCCCTCCTGCCAGGAGACGGCGATGCCCAGGTAGCTCATGACGATGGCCACGATGGGGTTGAGGTAGTTCAGGAAGGCGAAGGGGGCGTAGGCCAGGGTGGGAACGCCCAACACGCCTGCGTTGTAGGCGCCGCAGGTGTTCCAGGGGATGAGGACCGACGTGAGGGTGCCGCAGTCCTCGAGGGAGCGCGAGAGCATCTTGGGATGGAGCCCCTTCTCGTCGAAGGCGCCCTTGAACATCCGTCCCGGCATGACGATGGACAGGTACTGGTCTCCCAGGAAGAGGTTGGAGACGAAGCAGGAGGCGATGACGGCCGCCACGAGGCCGCCGACGCTGCGGACGCCCTTGAGGATCGTGTGGAGGAGGACTTCGAGGAAGCCGCAGCGCTCCATCATGCCGCCGAAGGAGAGGGCGCAGAGGATGAGGGAGATGGTCCACATCATCGAGTCCAGGCCGCCGCGGGTGAGGAGCTCGTTGAGCATGCCGCCCACCTCCTGGGCCATCTCGGGGGCGACGCCGACGATGCTGTGGTCGGCCATGAGCTGGGATACGGCCTCGAGGGTCTCCGCCCCGGCGATCTCCGAGGCGAGAGCGGCCTCGTAGCCGTAGTGGAGGGCGCCGATGATGTCGCCCATGCCCGTTCCCTGGGCGATGCACATGAGGACGGCGGCGCCGATGCCGGCGGCCAGGCCCGGGAGGGCCGGCAGCTTGGCCACGGCCAGGACGATGACGATGAGGGGCGGGATGAGCCCCATGGGGCTGATGTGGAACTCGGCGGCCATGAGGGCCTGGATGGCGTCGATGCGGCTGGCGTCGAGGGTGCCGCTGCCGTACTTCATGCCGAAGAAGATGGCCAGGGCGGCGACGATGACGTAGGTGACGCCCGTCGTGGCCACCATGGCCCTAATGTGAGTGAAGAGGTCCGTGCCGGCCACGGCGGGGGCCAGGTTGGTCGTGTCCGAAAGGGGCGACATCTTGTCGCCGAAGTAGGCGCCGGAGATGACGAGGCCCGCCGTCAGGGGCGCGGGAATGCCCAGGCCGGCGCCGATGCCCATGAGGGCGATGCCGACGGTGCCCGTCGTGCCCCAGGACGTCCCCGTCGCCAGACCGACGACGGAGCAGATGAGAAGGGAAGCGAGAAGGAAGAAGCCCGGCGAGAGGATATCGAGGCCGTAGTAGATCATGGAGGGGACGCTGCCGCTGAGGATCCAGGAGCCGACGATGAGACCGACGGTCATGAGGATGATGATGGCCTGGAGGGCCATGGTGATTCCCTGAAGCATGCCTTCCTCGATCTCGCTCCAGCGGATGCCCAGGACCCAACGGCCGACGAAGGCCGTCAGAGTGGCCGAGAAGACGATGGGGATGTGGGCGTCGACGCCCAGTTTGAGGACGCCGAAGCTGATCATGGCCGCCGCGGCGACGAGGACGAGGAGGGCCTCGACGAAGGAGGGCTTTC
NZ_CP072943.1_gap44	1301721	1302306	585	ACATCGGCCAGTGGGACCACGCCATCGCCACCTGCCGCTATCTCTTCGACGCCGCGGCCCAGGAGGGCGTTCGTCTGCGCATGATCAACCTCGGCGGGGGCTTCCCGGCCAGCTACGTGGCGCCGACGCACGACATGGAGCTCTACTGCCGCGAGATCACCCGATTCCTCGAAGAGGACTTCGGCGACCACGCCCCGGAGATCCTCATCGAGCCGGGACGGTCCCTCGTCGGAGACGCCGGGATCATGGTCAGCGAGGTCGTCCTCGTCTCGAAGAAATCCGAGTTCAACCAGTACAGCTGGGTCTATCTCGACGTGGGCAAGTTCGGCGGCCTCATCGAGACCATCGACGAATCGATCAAATACCCCATCTTCGTCGACCGCGAGAGCGCGACGACGAAGCAGATCATTCTGGCCGGCCCCACCTGCGACAGCATGGACATCCTCTACGAGGACACCAAGTACGAGGTCCCCGGCGAAATCACCGAGGGCGACCGCGTCTACATCTTCACCACCGGCGCCTACACGACGAGCTACTGCTCGATCAACTTCAACGGTTTCCCCCCCCTGAAGGCCCACATCTATC
NZ_CP072943.1_gap45	1330431	1332332	1901	TTGAAAGAGGGCTCGCCGAAGGATCGCTCATCCCTCTCTTTCTTCGGACATGACGACCGGGTAAAGGCGACAGAACAGGTGCCAGTGATTCCCTCCGGGGAATGGACAGGCGTAAAGGCGGAGGGGAGCCCAGGGGCTCCCCTCCGCCTTTACGCCTCCGCGACGAGTGCGGGATTACTGCTTCTGAAGCTCTTCGATGCGGGCCGAGATCTCGCGGATCTCCTGCTCGATCTCAACCAGCTTGGCCTGGAGCTCGCCCTTTTCGCCCGAGAGCTTCTCGACACGCTTCAGAAGGCGGTCGAGCTCCAGGCGGGCCATGGCCTTGCCCTGATAAAGGGCCTGAGGATCGTCCTTGTAGATGTCCCATACGAAGGTAACCTTCCGCCTCCCGTCGGCGGCGGGAATGGCACCGCCGTCGAGTTCCAGCCGGAGGGTGTTGACGCCCTCGAGTAGATCCTTGCCCTTGTCGTCGTAGCGGGGAAAATAGACATAGCCGTCGAACTTGCCGTTGAGCTTGAAGTTGAAGCGTCTGTCGAAGTCGACGGGCTCGTAGGATTTCTTGCCGATCCAGAGCTTGATCTGCTTGTCGAAGGGAGCCATGCGGAGGGCCGAGCCGCGGTTGTCGAAGGAGAGGTGGATGGCTACCTGCTCCTGGAGATTGAGCGTGCTCAGCAGCTGATAGCGGTAGCGGTCCGTCTCGTCGGCCGTCCAGAGATTCTTGTCGGCCTCGCTCTGGATGAGGGCCTCGACGTACTGGGCCGAGCAATAGACGGCCGTGATGTCGGTAAAGTTGCCGTAAGAGGCATCTGCCACGTTCTGGATCCGTCCCCACTGCTTGACGGCCGCCTCAAAAGGAGTGGCCCCCCAGGCGGGCAGGGCGAAAAGGCAGAGAATGGAAAGAGTCAGGGCTGTCGCGGTTCGTCTCATGGCGTCGTGCCTCCTGTTCGTTCTTGTCAGAGCGTCGCCATTATACCCCAGAGGGGAAGGAGAAAGCCACAAAAAAGGGAGAGCCCGAAGGCTCTCCCTTTTTATGCTCCTTGGATCGGCTTAGAACTTGACGTGGGTGCGGAAGCGAACGACATGGTCGTCGCCCGTCCGGGTGCCGGCGAGGGTGCTGTCGCCCCAGTCAACATCATCGTAGGAGAGCTCGAACATGACAGCCGGCGTGTGCTGGTAGCGGACGCCGAAGGTCCAGTTCTTGGCGTCGTCGACGCCGGTGGTGTCGTACTCGGCCTGGAGGTAACGCTCGAAGGTGGTCCACTTGTCGTTCCACTTCTGGGTGAGGTAGGCGAAGAGGATATCGGTCTCATCCCAGTTGCGGTTGATAAGCACGGAAGCACCGTAGGCGTCGTAGGCGAACGCGTCGCCGGCGTTGTTGGCGTTCCACACGTTGAAGCCCTCATCGAGCTTGGCGTATTCGAGCCAGAGGCTGGTGAAGCCGAAGGCCTCCTGCTTCACGTCGACGATGGCCTTGAAAGCCTTGGGACTGTCCTCGTTGGCACGGTAGGCCGTGTCGAGGTCCTCAACGAAGTAGGCGCCCTTGAAGGCGATGTTGGGGTTGAAGTTGAAGGCGAAGTCGGCCCAGTAGACGGACTCGTCCTGGTTCAGACCCAGGCCGTTGGGATCGTCGTAGCTCTTGGCCAGGCCCTGGAGGGCGAAGCGGAACTGCTCGTTGAAGTTGAAGTTGGCCCGCAGACCGTAGAGCATGTAGTCGCCGTCGCCGACGAGGCGGTCGTCGTTGTGGGCGACGATGGCCTGGACGTCAGCCATGCCAAAGTCCTTGGCGAACCAGAAGCCCTTGACGGTGATATCGGTGAACCAGGCATCCTCGTCGACATAGAGACCGGACTCGTCTTCCCAGTCGAAGAGCCACTGGCCGGCCGTCATGGTGATGTCGTAGC
NZ_CP072943.1_gap46	1333368	1335703	2335	CCGAAAAGCGTCCCGAAGCTCTCGGAACTCCCCGTCCTGCCTGCGCCAAGAGGGTTTTGACCTGGGACTGCGGACATCCTTGCCGCAGTCGGGACAGGGCCACTGTCCCGACCGACCTCCGGCAGTGACGTCGACGGCAAGACCGGGGAACGTGAACCCGCCCCTCACGGGGCGGTAGCCCCATCGGTTCGTGTTCCCGGCAAGGGGCCAAGCCCCTTCGGAGACTTCGCGAAAGGCCTCGCTGGCAGGCCTCTTCTCCTTCCGATTCGGCGGAGACACCACAAAAGAGGCCGCGCCGTTCCTTGCGGAAGGAAAAGGGCGCTGTAGCCGGCGGAGACCGGCCTTTCCGGGGCGCGCCACAGGAAGAGACTGCACGATGTCCGGGCTTTTATGCTAGCATGAGCCCATGTTTTCGGAGGTGATCGCCATCGAAAAGGTCATGCCGACGAAAAAGTTCCGTCTTCTCTTCTGTTCCGACGCCCTTCTCGTCGACGGCGTCACGTCCTACATCCTCCACGTGGGGACGGCCCTGTCCCGGGCGGGCCACGACGTGGCCGTTCTGGGGCGCTGGGCCGGTCAGGGATTTCAGCGCCGCTACCGTGGCGAGGGGATGACCGTCTTTTCCTGTCCCTCGCCGACGGTGGGCAACGCCTGGTTCGACGCCAAGGCCAGGGCCTTCGATCCCGACGTCATCCTCACCGATTCGCGCCGATCCTTCCCCCTGGCGACGCGGCTCAAGAAGGTGACGGGCAGGCCCGTCGTCACCTACTTCCTCGACCACCTGGAGAAGACGGACCGGCCCGGAAGGGACATCGCCTCCCTCGTCCGATGGAGCGACGCCTGGGCCGTGGCCGAGGAGCCGATCCGGCGCTCCCTCGTCGAGGCCGCGCCAGGCTTTCCCATCTTCCGATTGCCCCGCCCTCTCGACGTGGCCGTCGCAGCCGCCCCTCTCCCGGAGCGCGACCCCTTCCGCATCGTCTTCTTCGGCCGTCTCAGCGGCTACAAGACGCCGGGGATGTTCCACCTTCTCGATCGCATCGGGGACCTCGACAGGGCCATCCCCGGCTTCGAGATCGCCGTCGTCGGCGGCGGCGGCTGGCGCCTCCTCCGCTTCCGGGCCCTGGCGGCGAAGATCAACCGCCGTCTGGGCCGCCGCGCCGTCGTCGTCGCCGGGACTCAGATCGATCCCAGGCCCTGGCTGGCCAAGGCCTGTCTCGTCTGCGGCGGCTCCACGTCGGCCATCGAGGCGGCCCTCTCGAAACGTCCCGTCGTCTGCTTCACCGGCTACTGGTTCGGTCAGGTGACGGGCGACAGCGTCGACGAGGCCCTGGCCTGCTATTTCGGCGAGCGAGGCGGCAGAGGGCATTTCAGCGATCCGGCCCTGTTCGACCGTATCGTGCCCGAGATCGTCGGCGTCCACGAGAGGTACGACCGGCTCCCGGCCGACCTGGAGACGATCGCCTCCCGTCTTTCGCCCCATTTCGACTCGTCCGAGACGATACGGTCTTTTTCCGCCCTTATGGACGCCCTCTCCTCCTGAGCCTCTTCCACAGCCGCGAGAGACGGCGACGGGCCAGATAGGCGGCGACGGCAAACTTCAGCTCCGGAAACTCACGGGCCCTCTCGCGGTAGTAGCCCTCCAGCAGGAGCCAGTCCCGTTCCCGGAAGGACGACGAGTCCTGTCCCCCGTGGACGCGGTACTCCCAGAGGACCTCGTTGACGTAGGCCAGAGCTCCCGTCCGGGCCATCTCCGTCAGGAGGACGACGTCGACGAGCTGGCCGAAATCGGCCCGGACCGTGGCCCGGGCCGCCGCCTGAGAGCGGTAGACGACGGAGGGGAAGGCCATGAAGGTCTTCGTATAAAGGCGCACCATGGCGGGCAGGTCGGGAAAAATCTCCCGGTCTTCCCGCCTTTTCGGGTTGTGAAGACACCCACTCATCCGCCGCCCCTCCCCGTCGATCTCCCAGGCGTTGCAGGCGACGGCGACGACGCAAGGGTTTTGGGCGAGGAAGGCCGTCTGGCGCTCCAGGAAGGAGGGGCAGAGGCGGTCGTCGTCGTGCATGACGTAGAGACAGTCGCTGCCCTCGCCGCCCTGGGAGAAGGCTCGGGCCAGGTTCCAGTGGACGCCCCGGTTCGTCTCCGAGCCCCGCCACAGGACCTGTCCCGATTCGATCCAGGGCCGGACGGCCTCGGCGACGGATTCGTCGCTGCCGTTATCGAAGACGAAGACCTTCCGGGGAACCTTGATCTGGTCGAAGAGAGAGGCGACGGCCTCCCTGAGGTAAGCGCCTCGGTTGCAGGAAAGGATGGCCACGTTGACGGACAGGTCCATTC
NZ_CP072943.1_gap47	1442625	1443891	1266	GGAGAACCTCAATCGTTACTTGACGTCAGAGGAAGTTTCACGGCCCAGCACCTTCGGGCTTTCATGGAGGAGCAGAAGGGAGGACTTTTCGCCCATGTCGGATAGACCACGGGAAGCACAAGGGCCTCTGCCGCCGGAGGGAGCGGATTTCTGCTGGGGGCGTCATCCTGTCCTGACTCTTCTGGAGGAGACGCCCCAGCGCTGCCTCAAACTCTATGTCGCCAAAGGGGCGGCAGGAGAGGCTGTCTCAAGGGCTCTCGATCTTTGCCGCGAGGCCTCCGTTTCCTTCCAGGTCGTCGATGTCTCCGTCCTCAAACGCCTCTCGCCGGGAGTAAACCACCAGGGGCTTCTCGCCCAGGTGAGTTCTGTCGCTCTCATCCCCTGCGAGAGCTACCTGGATCGTCTTCCGTCGAAGGGACCCGTTCTGATTCTGGCCGTCGATCACGTCCAGGACCCGCAGAATCTGGGCAGCATGATTCGCAGCGCGGAAGTGGCCGGGGCGGAGGCCGTTCTGCTGCCGATGAGAAGATCCGCTCTGCCCACAGGGACGGTCATGAAAGTCAGCGCGGGAGCGGCCCTGCGTCTGCCCCTTCTTTCCGTGACAAACCTTTCGAGGACTTTGAAGCTTCTGACCCAGGACCATGGCTTCTGGTCTGTCGGTCTCGACCACAGAGCCGATCGGACTCTTTGGCAGGAACCTCTGCCCGAACGCTGCGTCCTTGTCGTCGGATCGGAGGGGACCGGTCTTTCTCCTCTCGTCGCCAAGGGGTGTGATGATCGGCGACGTATTCCCATGCACGGAGGGACCGGTTCTCTCAACGTTGCCGTTGCCGCCTCGATTGGCCTTTTCGAATGGCTCAGAGGCGTTGACAAATCCTCTGAAGGCCTGTAGAATGCTGTCTCGTTGGGTGGTTAGTTCAGAGGAAGAACGCTTCCTTGACACGGAAGAGGTCACAGGTTCGATTCCTGTACCACCCACCAATGATCGTTCGAGCCGCTTCCCCACCCTTCGGTGGTGGCAGCGGCTCTTTTGTTTGCCCCAGGATTTCCTTCTCTTCCACAAAAGGAGGTGACCGTTCTGCCCGTCAGGGGAATCGGAGTCGATCTCTGTAAAATCGAGCGTATGCGCCGTTTTATCGGGAAAGAGGCCTTCTTGGCGAGAGTTTTCTCCGAAGAGGAGCGTGACTATGCCCTGGCTCGATCCGATCCGGCGCGTCATCTGGCCGGTGCCTTTGCCGCAAGAGAGGCCTTGGCCAAGGCAGGAGG
NZ_CP072943.1_gap48	1447416	1449470	2054	CTTCTTCTGCGCCATCGGAAAATGTTCGTCCTGCTTCATGGTCGTCGACGGAGTCCCCAACGTGCGGACCTGTGTGACGCCGCTGAAGGCGGGCATGAAAGTGGAAACGCAGCACGGGCGGGGCGTCGTGGCCCTGGCCGAAGAATAGGGGGGCGGCTGAAGATGAAGACGACAGAAGTCCTGGTCATCGGCGGCGGTCCGGCGGGACTCTCGGCGGCCCTCGAGGCGGCCTCCCAGGGAGCGCAGGTCACCCTCGTCGACAGCGACCTCCAGCTCGGAGGTCAGCTCATCAAGCAGACCCATAAATTCTTCGGCTCGGAAGACGAACACGCCGGCACGCGGGGTTACAAGATCGGCGACCTTCTCTTCGAGGAACTGGAAGGGCTGAAAGAGCGCATCGACGTTCGCGTCAACACGACGGCTTTGGGTTACTACAAAGAGGACGGCATGATGAGCTTCAGCACGGGAGAAGAGGAATACTTCCGCATCAAGCCGGAGCGGATCGTCATGGCCACGGGAGCGATGGAGCGGCTCATCCCCTTCCCGAAGAACGACCTGCCGGGCGTCTACGGTGCGGGAGCGATCCAGACGCTGATGAACGTCTACGGCGTCACGCCGGGCAAGCGGGTCCTCATGATCGGTGCGGGGAACATCGGACTCATCGTCAGCTACCAGCTGATGCAGGCCGGAGTGGACGTGGCGGGCGTCGTCGAATTCATGCCTAGAATCGGTGGCTACTGGGTGCACGCGGCGAAGATCCGTCGTCTGGGCGTGCCCATCCTGCTGAGGCACACCATCGTCGAGGCCCTCGGCGAGGACGTCGTGACGGGCGCGATCATCCAGGCCGTGGGCGACAAGGGTCTCGAAGGGGAACCCATCAAAATCGACTGCGACATCATCTGCATGGCCGTCGGTCTGACGCCCACGTCGGAACTGCTCTGGCAGGCCGGGTGCGACATGAAGTTCGTGCCCGAACTGTGCGGCTACGTCCCCCGTCGTGACGGACAGATGCGCACGAGCCACCCGCACATCTGGGTTGCCGGAGACGCGGCGGGAATCGAAGAGGCCTCGTCGGCCATGGTGGAGGGTCGTCTGGCCGGACTGGGAGCGGCCCGCAGCCTGGGACACGTCAAAGACAGCGTCTACGACGAGCGTCTTGCGGCCTACTGGCAGCGACTGACCCACCTTCGTGCGGGAGAAGTGGGCGAAAAGATCCGCTGCGGCCTGGACAAATGCTGCTGTGCCTGCTGGGAGGACTAAAAAGATGACCGACAACGAGAAACTCTTCAACAGCGGAATCCTGACGGAAAGCCGTCCGGGAGCGGAGCAGCCGCCCCTGTCCCTCTGGGAGGGGAAAAGAAACGGCCTGGTCCTCATCGAATGCCCCCAGCGCATCCCCTGCAACCCCTGCGCGTCGAGCTGCCCGACGGGAGCGATCCTCCCCTTCGAGGACATCAACGACACGCCGCGGATCGACTACGAGAAATGCATCGGCTGCGCCAAATGCGTGGCCATCTGCCCGGGCCTGGCCTGCTTCGTCGTGGACCTCACGGCAGGAGGCGAGGGCAGGGCTCTGATGAAGCTGCCCTACGAAATGCTTCCCCGCCCGGCCAAGGGGGAGGAAGTGGCCTGCCTGAACCGTGAGGGTGCGGAAGTGTCCCGCGGCACGGTGAGGGCCGTCACGGAGCCACTGAAAGACCGTACGATCGTCGTCCACGTCGACGTGCCCCGTGACCTGGTGAGCGTCATCCGAGCCATCAAGGTGGTGAAGAAGTGATGGAAAAGGAAATCGTCGTCTGTCGCTGCGAAGAAGTGACGATGGAGGAGATCCGCAAGTGGATCGACAGGGGCTACGACAGCTTTGACGAGCTGAAGCGGGTTCTGCGCGTCGGCATGGGGCCCTGTCAGGGCCGGGGCTGCCGGGACATCATCCTCAAGGAGATCGCTCGGGCCAGGAACGTTCCCGTCGAGTCCGTTCCCCCCGGAACCTTCAGGCCCCCCGCAAAGCCTATCAAATTGGGCATCCTGGCCGAAGGCGGTGACAAGTGATGACG
NZ_CP072943.1_gap49	1516761	1520882	4121	GGATCGAGAGAGGGCTCTCAGGCCAATTCGCCGATGGCCTCCTCGACGTCGCGGAGAACCGTTCCGTCGTTGACCAACTCCAGAGCCTGGCCAATGAGAGGATAAAGAAAAGCGTCTTCCTTCAGGAAGGGGATCACGCGGCGAATACTTTCGTGGGCCGCCGACGTTCCCCGACCCGGCTTGAGAGGGCGGGAGAAGTCGATGCCCTGTGCGGCTGCCATGAGTTCGATGGCAAGAGCTTTTTTTGCGTTCTCCAGAATGGTCTGTCCCTTCTTCGAGGCGTGGAAACCCATGGAGACGTGATCTTCCTGGTTCGCCGACGTCGGAATGGAGTCGACGGAGGCAGGGTGGGCCAGCACTTTGTTCTCGGAGACGACGGCGGCGGCAACGTATTGGGGGATCATGAACCCGCTGTTGACCCCGCTGTTTTCGATGAGGAAGGGAGGCAGACCGGAAAGTTTATGATCGACGAGGCGAGCCGTCCGCCGCTCGGAGATGCTGGCGATCTCGGCCATGGCGATGCCGAAGAAGTCCATGGCCAAGGCGATCGGCTGGCCGTGGAAATTCCCGCCGCTGATGACTTCCTCGTCGGAGGGGAAAATGATGGGGTTGTCGGTGACGGAGTTGATCTCGATCTCCAATTTCTGTTCCACGTAGTCGATGGCGTCGCGGCTGGCTCCGTGGACCTGAGGCATGCAGCGAAGCGAATAGGCGTCCTGGACCCGGTCTTTGCGGTACGTTTCGACGATGCGACTGGCCTCAATGAGACGACGAATGTTGGCGGCCACATCCCTCTGGCCTCTGTGAGGGCGCAAATCGTGTGTCCTGGCGTCGAAGGCGTAGGGAACGGCGTGTAGCGCCTCGACGGAGAGAGCGCCGGCGATATCGGCCAGTTTCAACGTTTCGCGCGCATCGTGAAGGGCCAAGAGGGCGACGCCCGTCAAGGCCGCCGTTCCGTTGTTCAAAGCCAGCCCTTCTTTGGGGCCAAGACGAATGGGCTCCAGACCGACCTCTTTCATGGCGGCGAGGGCTTCCATGCGCCTTCCCCTGTAAAAAACGTCGCCGAAGCCGAGAAGGGCCACAGCCAAGTGCGAAAGGGGGCAGAGGTCGCCGCTGGCCCCTACGGAACCCTGATCGGGAATGACAGGATGTATGCCTAGGTTAATGAAATTGACGAGCTGTGTCAAAGCCGGCAAACCAATTCCGGAAAAGCCCCGGATGAGAGTGTTGATCCGAAGAAGCATGATCGCCCTCACCGTCTCCTCGGGCAAAGGCGACCCCACTCCGCATGCGTGGCTCTTGAGGAGGTTCTCCTGAAGTTGCCGACTCTGATCGGGAGAGATGGTGACGGAGGCCAAATCGCCGAATCCCGTCGTGATGCCATAGATGACCCTTCCCGAGTCGACCCAGCGCCGGACCATCGATGATCCCCGTTCCACAAAACTCACGGCGGCAGGATCGAGAGAAACCTGATAGCCTCCGCGCGCCACGTTTACCACGTCCTGGACCGTAAGAGAATGACCGTTCAGTTTGAGAATGGACTGTTCCACGACCAGACCTCCTGGAATAGATAATTTGGAGCCGATGCCATCAACGAAGGCGAATGTCAGAGGGAGTGCCGCAGTGAAGGCACTTTCCCGATGCATCTAATTCCATAGCTACAACATCATACTCTCTTCGAACGACGATGTCATGTCCACAGTGAAGACAGATCGTCCTGCTTTCGCCAGGAAGGTTTCCCAAATAGACCCTTCGGAGCGATTCTGCAGCGATGGCGCCCAGATTTCGGAGCCTTTCCGGGGATGTCGGCGGCTCCCTCCAGAGGTGGCGCGGAAAGTATCGGGAAAGATGAAGGGGAATGGAGTCATCGAGGGAGGCCAACCAATGAACGAGTTTGCGGAAAGCGGCTTCATCGTCGGTCAGTCCTGGAACGACGAGATGGGTCACTTCGACATGAATGTTGTTTTCCCGAAGGGCCTCGACGAAACGTAGCGTACTCCTCAGTTCTCCTCCCAGCCGCCCGTAAACCTCCTCGGAGAAGGCCTTGACGTCGACGTTGGCGGCATTGACATGAGGTATGAGCAGATCTCTGGGGCCGGGAAGGATCTGGCCGTTCGTCACCAGAACAGTCGCCACCTGTTGTGCCCTCATTTCCCGGCAGGCTTCGAGGACGAACTCGTACCAGATGAGCGGTTCGTTATAGGTGAAGGCCACGGCATCGAGGTTGCGGCGACGGAGCTCATCGGCGATAGACTTGACGGCAAAGGGCTCGCCCGGAGGAAGGCCCGACCATTGGGAGAGGGCGTGATTCTGACAGAAAGGACAGGCAAGATTGCATCCCCCCGTGCCAAGGGAGAGAATCCTCGTTCCCGGCCTCCAGTGGTAGAGAGGCTTTTTCTCGACGGCGTCGACGGCCATGGCCAGGAGAACTTCGTCATTGAGGGAAACCAGACCGCCTCCGGTCTTGTGAAGGCGGACGCCGCAAAACCCCCTCTCTTCTTCTTCGAGGAGGCAGAGATGAGGACAGAGCAGGCAGCGGACAGCCCTTCCCTCTCGGCGCCACCAAAGGGCGGGTCTGGGAGAGAGGAGGCCGCTCATGACGTCTCAAAGAAGCGTCGCACGGTGAAACGGCGCACGGCAAAAGGAGCCTCAAGGGGAATGGCCGCCTTTTTTCTGGCAATGTCGATCTGATCGTCGACGGTTTCGACGCCCTCAAGGCCGGGAAGGAGAACCCCCCGTCGCTCCTGCCATTGGACGATAACACCCCACCGCTGGGGGTCGAGATCGGACCGGTCGAAAACAGGCTCAGAAGGCGATAGGACATCGACGGAGAGGTGAACGCCTGGAAGCTCGCTCCTGCGCATGGGAGGGAAACGAGGATCGCGGCAGGAGGCCGTAACGGCGTTGGCGATGATTTCCCCGCCGAGGGAGCCCTCCTGAGGCTCCAACGTTCCCATGCACCCTCGAAGGTGGCCCTCTTTATCCTTGATGGAAACGAAAGAGGCGGCGGGCGCCTCCCAGAGTTCGGAGAAGGGAAACTCCGCCTCGGCCTCTGACGGGGAGAGAAGGTCTCCGGTTTCGAGGAAAGATTCGATGGACCGCCGGGCCAGGAGCGTCGGGTAAGGGCCCGGGACGACGGAGGCCGTCAGATAGCCGACGCCGAAGGGCCATTCGTGAGAGTGGAGGGATACCTCCAGGCTACCCGTCAGCCCCAGAAAAAAGAGGAGCGAATTCAGCCCGCAGTGGCCGGCACCTCTAACCGTCTTGAGAGAGAGGGAGAGAAGCGGATCCGGAGAGGAGAGACGCAGGGCTTTCTCCGAGGCCTCCTCGAAAAGGATTCCTTCGGGACGAAAGCCGTAAGGTCCTTCTTCCAAGAGGCAGTGAGAGAGATCGCCGCTGGCGACGAGCCCCCATCGGCCTCCTCCTGGGAGGGTGCGGAGCCTTTTACCGGAGGCGTAGGCTTCCTCCGGTGAGAGACCCGCGGGGTTGGCGACGACGAAATTCGGGCGGGAGAGGAGGAGAGAGGGAAGCATGGCGAGGGGTACGAGACTGCCGTGATCGAGGGGAGAGAGGGTCCCCTCTCTGAAGAAAACGTCGGCCGTCGATTCCAGATGACGAGCGACGCGACGTGACTCTTCCGAAGAGCCTTGCAGCGAAAGGGCCACAGAGGGAGCGCCGAAAGAGGCCAAGCTGCCCTCGAAATGTCGGCTTCCATCGACAAGAAGCCCTTCGGCGTAACGGAAATGAGGGGAGAGGAGCAGGATCCAATCGACGGGCAGCGGTTCCAGCCGCTTTTGCAGACACTCAAAACCGAGCAGCGTCTTTTCGGCGCTGCGGCGATGACTTCCCCCCACTTGAGGAACCACCACCGGCGGATGGGGGGTGAAAAGAGCCCACGCCCACATGGCGCTCACCTGCCTCCAGAGCGAAGTCGTAATGTTGCGACATTCGCATTGTACCACGGAGGGGAGAAAAGGTATACGTGAAAATCAAAAAATAGCCATGGCGTCGCCGAAGGAGAAAAAGCGGTAGCCCTCTCGGACAGCCCGTTCGTAAGCCTCGAAGGTGCGATCGTAGCCCAGGAAGGCTGCAACCAACATCAGTAGCGTGCTTTTAGGCAG
NZ_CP072943.1_gap50	1527547	1528074	527	CTCCATCATCTGTACGACCCATGTCCACGTCGACGCCGATCATTGTCTGGAGGTCCTCGTCCTCAACGGTTCCGTTCAGGACATCAAGGCGTTTCTCTTCGACCTCTCAAAAATAAAGGGCATCGAAAGCTCGATGCCCGTCGTTTCCGCGTCTGAAACGCTGGGCTGAGATCGACGATCTCAGCGAGTCAGAAGCTTCAGCCCGCAGCGGCACAGCCGGCAGGTCGACGAAGCGACGGTCCCTCCAGCAGGATCAACACCTTGCCCCTGCAGAAAGGACACTTTTCGGACTGTGTCTCCGATTCGAACTCTTTGCCGCACGAAGGACAACGATAACGACGTTTCCTCTCCTCCATTACCTTCACCATCCTTTCCCTGGCAAAGCAGAAACAACCCCCTGGGATTATACCCCCAGGGGGTTGTTTCTGTCACCGATTTCGGGGCTAGACGTTGCCGATCGTTGCAACCATGATGGCTTTGATGGTGTGCATACGATTTTCCGCCTCATCGAAAACGACGGAATGCTT
NZ_CP072943.1_gap51	1551773	1554040	2267	CGAAAGGCGGTGCCCCTATCGGTGCAGCGAATACCGAAAAGGGGCCACTGAGAAAGCAGGAAGCCTCGAGCACCGCTTGCCTGAGCCCGTCGGAGGAAACGCTCCTCCAGGTGCGTGTCGCCGCCGGCGAAAAGAGCCGTCACTCCAGGACGTAAGACGGCAAATTTTTCCTCCGCGATCGCTTCAATCGTCTTGCCTAAGTAGTCGCCGTGATCGTCGGCAATAGGCGTCACCAGAGTCAGAACGACACGAGGCAGGAGGTTCGTCGCGTCAAGGCGGCCTCCCATGCCTGCCTCGAAAACGGCGAGACGGCACCCGCTCTCTCTCAGAAGCCAGAAGGCCAAGGCCGTCAGCAGCTCAAAAAGGGTGGGAGGATCGATCCGGAGAAGAGGATCACTGTCGAGGGCACGAAGAACGACGTCGCTTCCCCGTTCCCAGAGGGAGAGGGGAAGTTCCTCTCCGTCCAGACGGAGACGTTCTCCGAGGCTCTCGAGGTGAGGGCTGGTATACAGACCGACTCGAAGCCCTGCCTCGTCGAGGATCGAGGCCAGGGAAGAGGCCGTCGAGCCCTTGCCGTTGGTCCCGACGATGTGAACGGCCTGGAAAGTTCTCTCCGGATGGTCCAGACAAGAACAGAGGCGAGCCAGTCGGGACAGGCCCGGGCGAGTGCCCGGGCTTGCCTCGGCCTGGAGACGTTTCTCAAGAGAGGCAAAAGCCTCCCGTTCAGACAGGCCCATCAACGTCAGGAGCGACTGAGACTCTCGATATTTTCTCTGTAACGCCGAAGGAGTTTCTCCGCTTCGGCAAGACGGGAACGCTCCTCATCGACGACTTCCTGTGGAGCTCGGGCGAGAAATTTTTCGTTTTCCAACTTTCCCCGGCTCCGATCCATGTCTTTGTGGACTTTCTCGATCTCCTGGCCTAAACGGGCAATTTCACTTTCGACATCGAGCAGGCCTTCCGCTTCGAGGTAAATCTCGCCGAAGGGAAGGACCGCCGAGAGTGACCGCGCCGGCCGTCCCGCCTCGGGGCAGCGGAAGACGACCGTCTCGACGCGGGCCAAAAGGGCCAGCAGATCGGCATTTTCCTGGAACAGGCGTCTCCGGCTCTCTTCGTGAAGGGAGATAAGGACGCGGGGAACCGTCTGCGTCGGAGGCAAACCTGCCTCGGCCCGGAGGTTTCGGACGCTGCGCAGGGCTTCCTGCAGGAGGGCCATGTCGGAGAGGGCTCCTTCGTCGACGGAGCCGGCGCTCTCCGGCCAGGGTTCCAGATCAAGAGCCTTGGCGCCGAAACCGAAACCCTGCCACAGTTCATCCGTCACGAAAGGAACGATGGGATGGAGGAGACGAAGGACGACATGAAAGATACGGCGCAGCACGAGACGGCTGCTGGCCTGTCTCGCCGGCCCCTCGTCGCCTCGGAGAGCGGGCTTGACAAGCTCAAGGTACCAATCGCAAAGCTCTCCCCAGACGAAATCATAAAGAGACCGAGCGGCTTCACTGAAAAAGTAACCGTCGAGGTGACGTGAAACGGCCTCGGTGACGGCGTCGAGGCGGGTCAGAATCCAGCGGTCATGAAGTCGCAACGGCCCTTCGACGGGAGCGGCCTTTCCTTCCATATCCGCAAGATTCATCAGGGCAAAACGGGAGGCGTTCCAGAGTTTGTTCAGGAAGAAACGGTAGGTCTCGATCCTCTTGGCGTTGAGGAAGATGTCCCGTCCCTGAACGGTGAGAGCCGTCAAGGTCAGGCGGAGGGAATCGGCGCCGCTCTCGTCGATGATATCGAGGGGGTCGATGACGTTGCCCTTAGACTTGCTCATCTTCTGTCCCTTTTCGTCGCGTACGAGGGCGTGGATGTAGACGTCATGGAAGGGAACGTCGTCCATGCACTTGAGGCCCATCATGATCATCCGGGAGACCCAGAAGAAGATGATATCGAAGCCGGTGACGAGAACGGACGTCGGGTAATAGTAAGCCAGGTCCTTGGTCTTCTCCGGCCAGCCGAGAGTGGAAAAAGGCCAAAGGGCGCTGGAAAACCAGGTATCGAGAACATCGTTGTCTTGGGTGATGGAAGAAGAGCCGCAGGCCTCGCAGACCGTCGGTTCTCCCTCGGAGACGGTGACGTGACCGCAATCGGCACAGTACCAAGCTGGTATGCGATGTCCCCACCAGAGCTGGCGGGAGATGCACCAATCGCGGATGTTTTCCATCCACTGGTAGTAGGTGTTGACCCACTGATCGGGAATCCAGCTGATTCGTCCCTCGCGG
NZ_CP072943.1_gap52	1561618	1565952	4334	ACAGGCGGAGACCTGTGATTTGACGCTGAACGCCGAGGAAACACACAAAAGAGAGGCCTCCGAGAGCCTCTCTGTCTGGCCTGAAAACGCGCCACCGGATATACGCTCCGGAACTGGTGCGAAGGAGGGGACTCGAACCCCTACGGCCTAAGCCACTGGATCCTAAGTCCAGCGTGTCTACCAGTTCCACCACCCTCGCACTCAAAAAATTGGTGGACCATACAGGACTCGAACCTGTAACACCCTGATTAAGAGTCAGGTGCTCTACCAATTGAGCTAATGGTCCACTGAAGGGCGAGCCGCCCGCCGCTGATGGAAAGGACGATCCAACGCCGGACTAGGGCATTATAGAGTGGTGCAAGGCCTCTGTCCATAGGACCATAGACTCATCGACTGCTCCATCATGGCGTTCCTCTCGCCGAGCTTCGACCGCGTCCTCTCCGTGATCCGACCTGCGAGCCAGACGCTCTTCCCCCCGCCGGTGACCGATCGAGCCTCGTTACGGCGAGGCCCCCTCAAGGTTCGGAGGTTTCCTGCGACTCGAAGGGAGCATGATCCTGCTGTTCCTCGATGGTACCAGGAGTGCTGGCGCCGACACCGTCGCTCTCTTTGCGGAATTCCTCCTCGACTTCTTCCCGTCTTTTCCGCTCAGGCGCCGCGTCGCGGGTCACATAAGTCGTATTGGAGGGGAAGGCGAAAGCCGTTCCCGCCTGATCGACGATTTCTCCGATGCGAAAGAGAATGTCCTCCTGGACGGCCAGAAAAACGTCCAAGTCGCTGGTTGCGATGTAGGCCCTGACCGAAATGTCGAGAGAGTAAGCGTTGAATCCGACGAAGCGGACCCGCGCCTCAGGGAAATCGTGCACTTCGGGGTGGGCCAGAAGCATCTCCCGCAATCTCGCCAGAACCCAACGGAGCTGATCCAAGGTGGTCTCATAACGGAGTCCCAATGTCGTCTCGAGGAGGATATAGTCACGGCGGCTGACATTGACCAGCTGGAGTTGAGAGAACTCGGCATTGGGAATGGAAGTGACCGTCCGGTCCAGTCCCTGGATCCGGGTGGAACGAAGGCCGATCTCGACGACGGTTCCCGACGTGCCGCCGAAACGGCAGAAATCGCCCACTCGGACAGGACGGTCGGCGAAGAGAGTGAGGCCGCCTATGACATTCTCCACCGTCGGCTTTGCCGCCAGGGAAAGAGCCAGGCCGACGACACCGAGACCGGTAATGACGGGAACGATGGAGACGCCAAGCTGACCGGCGCCGTAGAAGAAGAGGGAGAGGGAGAGAAAGATCCCGATCAGGTTGGCCATCGTCCGGACCATGCTGCCGTCGATCCCCCGGGAATCGATCCGTGGAGAGAGGACGAAAAGTTCAGCCAAGAAATTGCAGCCCTGAAAGACCAGGCAGGCCCAGAAAAGAAGGCGCAGCCCCACAAGAAATCCCACGACGACGAGAAGAGCTCGTCCCGTAATGTTGACGACGTCGTCGATGACATAAGCCGCTGCAGTGAGAATGCCTACGGCCAGAAGCATAAAAAGGATACGGAGAGCTCTTTGCCTCAAGGCGGCAGCCTTCCCCCTCATTTTAGCGCGGTAAAGACCTCCGGCAAAAATGATGGCTTTGACGGTCACTAAAAGGGTCAGAAACAGGGCAAGCCACTGCCAGATCGTCTGGTCCCAGATCTCGCGCACAAGCCAGGAGGGTAACTCGGAAAAGCGCACCAAACTCAGGAGCCAACGGGGAGGAAGGAGGTTCCCGGGTGAAAGGCTGTACCACTCGAAGAAGCCGCCGATGACGCCGGGCCTGTAGGGAAGGTGGCGGACGCGGCCATAAAACGTCTCCAGCTGAGCAACCGTTTCGGCGGAGAAAAGGAACTGCCCCTCACGATCTCCGTTGTCGACGCGCCTGATGGTAATCTCTGTCTTGGGGATGCGCCATTGGCGCATCGATTCATGGGAAGACTCGGTTTGGACCGCCTCGTCACCCGGAATATCTTCCCAGTCAGGCAGGGCGATGCGATCGAGAATCTCTTTGAGGAGCAGCACCGCCTCGCGACTGACATCGGCACGATAAACGACAGGAATCTGGGACGTATCGAGGCATTGGACAGCCCGGCGAAAGTGGGCAATGCCCGCATCAATCAAGGGTCGAGCCTCTGAAGGATGGTTGAGACGATTTCCGGAGAGATCGCTGACAAGAATGGCTTGGTTGAGGTATTTCCACGCTTGGTTGACGTTTTCGATGAAAGATATCATCGTTGCCCTCGGGCTGGATGTATCGGCAGGCTGAAGAGGATTTTGCCACGAATATTCAATCTGCAGAGCATGTGAAGGCGAGGCCAGAAACATAAGAAAACAAAGAGAGAGCGTTATCTTTTTCAAACGAACTTCTCCCTTCATAAATAAGGAATATTTTAAAAGACAAAAAGGAGAGGTCTCCCCAACGGAGCCTCTCGTCTCTTCAACAAAACGAGCCTAAAAGAGCGAACAAGTGACGCCTCTTCTAGGCTCGCGCTAAAAATGGTGGACCATACAGGACTCGAACCTGTAACACCCTGATTAAGAGTCAGGTGCTCTACCAATTGAGCTAATGGTCCACATCTAAACGGAACGGAACGACGTCCGCTATTTACTGGGGTGAGCGAGGGGACTTGAACCCCCAACCCCTGGAACCACAATCCAGTGCTCTGACCAGTTGAGCTACGCCCACCACTTTCAACGTTTGGAACTCCGTAATTATCTGGCGCGCCCGGCAGGATTCGAACCCGCGGCCTACGGATTAGAAGTCCGTTGCTCTATCCAACTGAGCTACGAGCGCTTCTCAAACTTTGGAGCGGGAAACGGGATTCGAACCCGCGACCTACGGCTTGGAAGGCCGTCGCTCTAGCCAGCTGAGCTATTCCCGCACATCAACTCGTATTTTGGTCGGGGCGAAAGGATTCGAACCTTCGACCCCCTGCTCCCAAAGCAGGTGCGCTAACCTGACTGCGCTACGCCCCGAAAAACCGGCCGGACACGCCGTAGCTAGGCTTCACCACGCCCCTTACGGTACCGGGAAATGATACAGCAGAGGGAGAGAGCCGTCAAGTAAATTCATCGACCATCTGTCGCCGGACAATGGTATTGTCACTCGTGAAGAGGACAGGGAAAATGTCACTTATGACGACCAGGAGAGACCTACTCATGAAGACAAAAGAAGCAAGGCGCTTGGGGTTGGTGGAAGAGGCTGTCGCGGGCAACCTGACGGTTCAGGAGGTGGCCGATCGGCTCGGTCTGAGCCGCCGTCAGGTCTTTCGGCTCAAACGACGCTACCGGGAAGAAGGAGCGCAGGGGCTCCTGCACAAGGGACGAGGCAAACCGTCCCGGCGCAGAATCTGTCAGGAGACACGGGATTTCGTCGTCAGTCTGGCCAAGGGTCTTTACAGGGATACGAGCTGTCAGCACATGGCCGAACTCCTTGCCGAAGAGCATGATCTCGTGCTGAGCGCCAAGAGCATCGCCCGTTTCCTTCGCGCGGAGAACCTGTCCCTCGTTCATCGCCACCGGGCCCCGAAGCGGCGTTCCCGCAGGGTCCGACGGTCCCGACGAGGCGATCTGGTCCAGATGGACGCCTCTCCTTTCGATTGGTTCGAGATCGGTGAGCGTTGCACTCTCCACGGCGTGATTGACGATGCCACAGGAGAGGTCCTCGGTCTGTGGATGGCCAGGAATGAGTGCCTCTTCGGCTACTTCCGCGTGCTCCGTCAGATGCTTGATCGCCACGGCGTGCCTCGCGAGCTTTACGCCGACCGCCACACCATCTTCCTTTCTCCCAAGTCGGAAAAACTGACGATCAAGGAGGAGCTGGAGGACTCGGCGCCTGTAACCCAGTTCGGCCGCGCTCTGGAGGCTCTCGGAACTCGCTATGTCCCTGCAGGGTCTCCCCAGGCGAAGGGGCGGATCGAAAGGCTCTGGGGAACTCTTCAGGATCGTCTCGTCGTCGCCTTCCGACGGGCCGGAGTGAAAACGATCGAAGAGGCCAACGTCCTGCTCGCCGCCTACCCGGGAGAGGTCCATAACCCGAGGTTCGCTCGTCCTCCCGCAGAGGGGGCATCTGCCTTTCTCCCTCCGCCGGACGGCCCCGCTCTCGATCTCCTCCTGACTCGCCAGACCGACCGGAAGGCCTCGGGAGACTCGACGATTTCCCTCGACGGAAAACAGTACGCCCTGATAGGCCCCCGCAGACGCCCCCTGCTTCTTGCCAGAGGACAGGCGGTCAAGGTCATCGAGAAGCTCGACGGGAAACTCCTGGCTCTTGTCCATGACGGGCTCTACGATCTCGCAGCCGTCGAC
NZ_CP072943.1_gap53	1567821	1570653	2832	GGGGTAAAGTGTTTAAGGCTATGAAACAGCTCCTGCTTGGAATCGTTCTCATCCTTGGGGCCAGTGCCCTCCTGCTTGTCTCCGATTACAGGGGGAGAGCATGGAATCGTTCGGCACGAGACGGGGAGCCCGCAGCGGCGCTGCAGGGGAAAGTTAGGGCCGGCGAAATCCTTCACCTGGCCGTGCTCAAGTGGGCGACATCGGTTACCAACGATGAGACGCATGAGGGGCTGATGGCAGGGCTGTCGGAACGGGGATTCGACGCGAAACGGGGTATCGTTTTTCATCCCTTCTCTGCAGAGGGTGATATGCCGACGGCCCTGAGCGTGGCTCAGAATGCCTGTGGAGGCGAATATGACCTGGTTCTCTCCATCAGCACACCGATGCTGCAAGTGACGGCCAGGGCCAACGAGGCAGGGAAAGTTCCTCACGTTTTCGGAGCCGTGACCGATCCGTACGCCGCCGGCGTGGGCATCAGCGACAGCGATCACAGAGAGCATCCCGCATGGCTCGCCGGAGTGGGGACGTTCCAACCTGTCCGCGAGGCGATCGAGTTGATAGCCAGGCTTCGCCCCGAGGTCAAGCGTCTCGGGACGGTCATGAATCCCTCGGAGGCATGCTCGCAGGCCTGTTTCACTCTGGCTAAAGAGACGTGCGAAAAGAGGGGAATCATGCTTTCCCGCGTGACGGTCGACAATTCTTCGGCCGTCTATGAGGCTGCCTCTGCCCTGGCTTCGCAGGGAATAGAGGCCTTCATCATCGGAGGCGACAACACGGTCGAATCGGCCTTTGATTCGGTGATCCGGGCCGCGAACGGGGCGGGGATTCCCGTGATCGGCTATGCCTCCCCCTATGCGGAGAAGGGGGCATTGATAGGCCTGGGGGCCGATTATTTCGAGGTGGGACGTATCCAGGGACATCTGACGGCAGACATCCTGGAGGGTTTATCTCCTGCCGATATCCCCGTTGAGAATGTCATGCCCCTGAAATGCTCCCTGAACAAAAACGTGCTGGCCAACCTGAGGGAAACCTGGATCATCCCCTCCGACGTGGAGGCCGAGGCCGCAGAGGTCATTGGCGGACAGGCGACACAAGCAGTCTCTTCCCGTCGCTCGGGAACCTTTCTTCCCGTCACTTCGGCGCGGCGATGGAAACTGCATTTTCTCAACTACGTCGATTCGACGCCCACGGAGGACACCCTGCGCGGATTCCGCGAGGTTCTGCAGGATGCGGGATGGGTCGAGGGAAAGGATTACAGCCTCTCCGTTACCAACGCCCAGGGAGACATGCCCACCCTTTCGACGATGATCGACAATGCCTTGAGCCAGAATTCCGATCTTTTGTTGCTGACGTCAACACCGACGCTTCAGGCCGCCGTACAGAAAGTGCGTCAGGTGCCGGTCATTTTCGGCGTCGTGGCGAATCCCGTCATTGCCGGGGCGGGACGGAGCGATGCCGATCATCTCCCTAACGTGACGGGAATCTCTTCGGCATCGGCCTACGGTGAAGGCGTTGCGGCTCTGCTTGCCTGCCTGCCCGATGCGAAGCGCGTCGGAACCCTTGTCAATCCGTCGGAGTCCAACTGCGTCTATAACCTGGAGCGGTTGACGGAGGAGCTCGCCGCTCGGGGCATCTCCTGCCTTTCCGTTCCGGTCTCCACGCCGATGGAAATGTCCGACGCCATACGGAGCCTCCTGTCCATGGGAGTCGATGCCGTGCTGCAAGTGGCGGGGAATCTCTTCTTTTCCTCTTTCGCCCCCATTTCCAAGGCCTGCCTCGAGGCGCGAGTCCCCCTTTTCGGTTTCGACTCGGCCACGGCGACCGAGGGCGGTGCCGTTCTGGCCGTGGCACGTGACTACAGGGCCGGCGGAGAAGACATGGGCCGTCTTGCCCTGAGGATACTCCAGGGGGAGAAGCCCGCAGATCTTCCCTTCGCTCCGATAAGTAAAACGATCGTTACGATCAACGAGGCCAACGCCCGGCGGTACAACCTGACCATCCCTCTGTCCCTGCGGCAGGGGGCCCAGATCGTTTCAGACGAAGGACGAGAGGAGAGGACCGACAGTGCACATTGAACGCAAAGAGGGGAAAAACGTTCTGCTCCTGGTACTCCAAGGCCGCTTGGATGCGGGGCACTGCCGGACACTGGAGGATGAATTGGAGGAGGATCTGCGCCGAGGGGCCTATCACATCACGCTCGACATGGGCGAGGTGCTTTTTCTGAGCTCAGCCGGCATCAGGACTCTTCTGCATTACAGAAAGACGCTCCTCGCGCTCGGAGGGGAGCTCTCCATCTGTCAGTCGTCGGAATTCGTCAGGGAGATTCTGGCCATGGTCGGCATGGAGACCCTGTTCTGTGATCCCGCGAAGGTTTCGTCTGTCCCTTCCAGCGAGACTCTCAAGCGCTACGATCTCGCTTCATCGAGAGGGTTTCAGATCGAACTTGCGACAACGGAAAAAGCCTGTCCCTTCGGGGCCGGTTCATGGGGGCTGGGGGTAGGATCTTTCGAACGTTCCTCCTCCGCTCACGGCGAGATCCTCGCCATGGAGGGGTTCGCTCTCATGTTGCCTCCCGGCGACGGTCAGGTGCCCGATTTCATGGCACGATCGGGGGATTTCGTCCCCTCCGTGCACTTCTCGTCGGGGCTCGTCATGCGAGGTGAGCCCTCGTGCTGCCTGAGGTTTTCCGAGCCTCTGCCGGGACTTCGCCTGTCGCACCTGGCGCGAAGTGCGTTGGAAGCGACAGGAGGAAACGCCGTCGCAATGGCTCTCGTGGGGGAGACGTCCGGCCTTGTGGGCGCAAGCCTGAACCGCCTGCCGGGAGAGGCGGGC
NZ_CP072943.1_gap54	1581613	1583364	1751	CCAACTCTTCGGGACAACCGAAGCGCATCTCCTCGCGCAGCCTCTTCAGGATAAAAACGGGAAGACTCTGTCCGTAAAGGTCTCCGTTGAAGCCGGGAAAGTGCACCTCGAAGCGAAGGGATCGTCGCCCCTCGAAGGTGGGATTGAAGCCGACGTTCAGCGCTCCCGGCCTCCACTCCTCCCCGACGAGGGCCGCCGTCGCGTAGACGCCGCGCTCCGGGAAGATCTTCCCCTGCGGAAGGGAAAGGTTCGCCGTCGGGAAGCCCAAGGTTCTGCCCCTGCGGTCGCCGGGAACGACGACACCGACGGCGAAAAAGGGGTAGCCGAGCAGTTCCGAAGCGGCGACGACGTCGCCGCCGGCGATCTTCTGGCGCAGAAGAGTGCTGCTGACAGACTGGCCGTCGAGAACGAGCTGGGGTAGAACGGCCACACGCCAACGGCGACGGCGACAGCTCTCGGTCAGCTGAACCACATCGCCTTTCCTCGACTGGCCGTAGCGGAAATCGTCGCCGACGACGAGGCCCGAGACATCGATGTTTTTGGCCAGAAAGTCCATGAAAGCCTCAGGGGCCAGCTCTGCCAGCCATCGAGTGAAATCGATCTTGATCAGATTGGGAATTCGCAGAAAGCGGGCGATGAGATCACGTTCGCTTTCGCTGAAGAGGGCGGGACGCGGCGAGGGGGAAAGGACCATCTGAGGATGGGGAGAAAAGGTCACGACGGCCCATCTTGCCTCGTCTTCGGCAAGTGACGCGGCCTTTTCCAACAGTTTCTGATGGCCCCGATGAAACCCGTCGAAAGCTCCGAGGGTGAGGATCAACTTATTTCCTCCCAAGAAAGATGTTGGCTCGCGGCTGAAAATACCCTCTTTCTTTTTCGAGGGAGCCGAAGCTGAGGAGCGATTCCCCGCGGAAACAGAGAAAGCGCTCCGAAGGTACGACGCCGTAATGAAGCCTTCGCCCCTCTGCGAGAGGCACCGCATTGCCGTGGGCAAGAGCCGCGGCGGTTCGTTCCTGGCAACGGTAGGTCGTGAAATGAGAACAGAGCCGATCGGGGGGCAGAAAGAAGGCGGCGAGTTGCTCCGCCGATAGGTCTCTCAGATGAGAGCCGCAGATGGCCTCGGCCTCGGAAAGATCGCCCAGGCCGATCCGACGCAAATCGACGACCGTCGCCCCACATCGAAGGCGATAGCCCAGATCGCGGACGAGGCTTCGCACGTAGGTTCCCTGGTGGCAATCGACTTCGAGGTCGACGGTACCTTCCGGACGGAGGGGGGAAACCCGGCGAACGTCTCCGATCCAGATCGGCCTCGGTTCGATCTGAAAATCCTCGCCCTGGCGGGCCAACGCGTGAGCTCTTTTCCCCTGGACGTGGACGGCGGAAATGCGCGGAGGAGTCTGGAGTCGGTAACCGAGAAAGGGGAGAAGCTCTCTGTCGAAGGCCTCCTCGGAGACATGATCCCAGGGAAGGCGGGCGAGAACCGTTCCCTCTCCGTCACAGGTGTCGGTCTCGACGCCAAGCTGAATGCGGACGACGTAGCGTTTGGGAAGAGCCATGGCGTAGCCGCTGGCCCGAGTGAAAGGACCGACGAGCAGCAGAAGGAGTCCCGAAGCCGGTGAATCGAGCGTGCCGGCATGACCGACGCGGGTTTTTTTGCCCAAAATGGACCGGACGATCGAGACGCAACTTGTGCTTCTCCGACCGCGATCCTTATCGATCAGGAGCAGGCCCTCATTCATAGAGGGCCTCTA
NZ_CP072943.1_gap55	1589926	1594808	4882	TGACGCCGTCGGCTCCGGCCTCGATAAGAGCCTCGGCGGCATCGCCCGTGGCGATGTTGCCTCCGACGAGGGGAAGGTCGGGAAAGAGTCTGCGCAGGCTGCGCACGGTTTCGATGACGGCCCTGGCATGGCCGTGAGCCGTATCGACGACGAGGGCGTCGACTCCTGAGGTGACGAGGATCTTGGCTCGGTCCACGACATCGGCACCGACGCCGACGGCAGCTCCGACGCGCAGGCGGCCGTGGCTGTCCTTGTTGGCCTGAGGAAAATCTTTGACTTTCTGAAGGTCCTTGATGGTAATGAGCCCCTTCAGCTTTCCCTGACCGTCGACGATGGGGAGCTTCTCCACCTTGTGGACCATGAGGATGGACTTGGCCCCCTCCAGCGTCGTTCCCTCGGGAGCCGTGATCAGGTTCTCCTTGGTCATGATATTGTCGATGGGCTGCTCGAAATCGGTGACGAATCGAAGGTCTCTGTTGGTGATGATGCCGACGAGGATCTTCTTTTCGTCGACGATGGGGACACCCGAGATGTGATAGTGTTCCATGAGGGCAAGGGCGGCCGTCACGGGATCGTTGGGGTTCAGGTAAAAGGGATCGACGATGACGCCCGATTCGGACCTCTTGACCTTATCGATTTCCGCCGCCTGCTGTTCCGGTGTCTGGTTGCGGTGGACAAAGCCGATGCCGCCCTCTCGGGCAATGGCGATGGCCAACCGCCCCGTCGTGACCGTATCCATGGCGGCGCTGCAGATGGGAATATTCATGGGGATCTGGGACGTCAGGTAAGAGCCGACCTCGACGGTGGCGGGCAGGACTTCGCTGTATCCCGGCACGAGAAGGACATCGTCGAAGGTGTATCCTTCGTAGGCGACAAATTTTTCCTCGAAACTCATGAGAACCTCCTTGGGCAAAGCTGCCAACGCCATGTCCCTTCAGGGGGGACAGAGGAAGAGAGAGAAGAACCCCTCTCGCATAAATTGGGAGGTAGTTTACTCCCTGGCCCTCATCCCTGCAAGGGGCATTTCCACGCTCAGGAGCCGCCCACTCGCGATGCCAGCCCCAAGACCTCGACGTCAAGGCGGGTCACCCCCTGCCTTCTGATGCCGAGAGCCTCTGCAGCACCGAGAGAGATGTCGAGAAGCCGTCCCTTATGTCCCTTGAAACGGTCACAGATCCTGACGACGACCTTCTTCCCCGTGCGGGGATGCGAGAGGCGCACGAGAGTGCCGAAGGGGAGATCGACGGATGCCGCCGTCAGCTGTCGGTCATCGAAGGTCTCGCCGCTGGCCATCCTGCGCCCCTGCCAGCCGTTCCCTCCGTACCAGGAGACCCTTCCCTCCGTCTGAGTCTTCCCTCCCAGCGTTGGTCGGTCATGAGGCACGGGTGAGAGACGCATCAGAGCCTCCATGAGATTGGAGAGCCATTGGGCGGCCAGAGTCTTTCCTTTGGAACGGTGAAATCGGCAGGCTTGAGCCGTCAGCGGCAGCAGAAGCTGGCCGGCCAGGGACAGGTGCCAGCGGTCGCCTTTACCTTCGATGCGCAGGGCGCTGAGCGGGAATCCCTTTTTGTAGTGGCTGTCGAAACGGCGGGACAGGTCATTCAGCTCGCCCTTCATGGACTCGGGAAAGGTGGCGATGACGATTCCTCCCACCGTCCAGGCCAAGGCTTTACCCCTCTCCTGAATCTGGGAGGGATAGGCCTCGCCCGATGTCGCCGCAAGGACAACAAGAAGAAGGAGAGCAAACAAAAGGCGCCGCCCCTGCCGCATCTGTTCAACCTCCCCTACGGATCGTCGCCAGAGCGTGACATTCCATCGAGGCGCCGGAGCCCACCGATCCCACCTTCTCGCCCGATTTCACTTTGATGTTGAATCGTGGCTCCTCTTCCCTGTCGAAAAGCTCGCCCATCCTGTCTCTTACCGAGGCGAGGCAGGAACCAAGGCGGGGGATCTGGGCATGCAGCGTCACATCGACCCAGAGAATATCCCATCCTTCGGCGACGACGCGGAGGAGCACCTGGCGAAGCAGTTCATAGCTGTCGGCGTCCCGATAGCGCTCCTCCGAGGCGGGGAAGAGGGTCCCCAGGTCGGGAAGTCCCGCGGCGCCGAGAAGGGCATCGGAGACGGCGTGGCAAACGATATCGGCATCGGAATGGCCATCCAGCCCGAGGGGGGCCTCGACGCGAACGCCGCCCAGGAAGAGAGCTCTGCCGGGCACAAGAGGGTGTACGTCGAAGCCGTGCCCCGTCCGCACCGTAACCGGCTTGGCCGCCAGGGCTCGAGCGATCTTCCAGTCCGCCTCATCTGTTATCTTGAAATTCATGCGATCTCCCTCCACCGTTGAAAGGCCTCCCCCGCTTTCCAGCCAGGCCTCGGCCTCGTCGAGAAAGGTCGCGCCCTCCCCGAGAACATTGAGAAGGGGCCTGCGGGGGAAGGCCTGCGGAGTCTGGGTTGCCCGGACGGTTCCCCTGTCCAGAGAGACGGGGCCGCTTTTCGTCTGAATCTTGAGGGCATCGTTGACGGGACAGAGGGGGATGGCGCCGTGTCGTTCCGTCGTCGCCGCCATGAGGCGGCGACAGAGACCGGGAGAGAGGAAGGGGCGGGCCCCGTCGTGAACGAGAACAAAGGCTCCGCTGGCGGCTGAGAGCCCCGAGCGAACGGAATCGGTCCGCGTCGTCCCTCCTGCGACGCAACGAAGGGGCATCGTCAGAAAGGATCGATCGAAGAGCTCCTCCTGGCCGGACGGAACGACGAGGACCAGTTCGGCGATTTCACCTGCGTCGAAAAGGACCTGGGCGCAGCGAGCGCTCCAGGTCCAGAGGGGGGAACCTCCAAGCAAACGGAGCTGTTTGGGCGTGCCGCCCAGGCGAAGTCCCTTGCCTCCAGCCACGATGACAAAGGACCAGGAGGATTTCATTTGGGAACCTCCCGTCGGATTCTCCCGAAAACCATCCGTCCCGCCGAAGTCTGAAGCATGGAGGTGACGGTCACATCGACGCGACGACCGATGTGAGAACGCCCCTCCTCGACGACGATCATCGTTCCATCGTCGAGATAGCCCACGCCCTGAAGCGGCTCTTTGCCCTCCCTGATGAGATCGACGATGACCGTTTCTCCGGGCAGAAGCATCGGCTTGAGGGCATTGGAGAGATCGTTGACGTTGAGAACGTCGACGCCGTCGATCTGGGCCAATTTGTTGAGGTTGTAATCCGTCGTCATGACTTTGCCGCCGATCTGGCGAGCCAGAGCGATGAGCCCCTCGTCGACGGATTCCACCTGGAGCTGCCTGAGGGGAATCTCGACGATCTCCACCTGGACGTTCTCGATCTTCTGAAGGCTGTTGACGACGTCGAGGCCTCTCCGTCCCCGGCTCCGCCGGACGGAATCGGAGGAATCGGCGACAGACTGAAGCTCGAGAAGGACGAAACGGGGCAGGACGAGCGATCCCTCCAGAAACCCCGTCTGGGCTACGTCGAGGATGCGGCCGTCGATGAGCACGCTCGTATCGAGGATCTTGAGATTACATCGTCCGCCGCCGACGACCTCCTCTCCCCTGCCCACCTGTACCTGTCTCGGCCCGCGCAGCCGGATCCGCTCCTTGAGACCGCCGATGGTGCTCCACATGCCTTGGATCTCTTCCCGCCTCTTAAGAAAAAGCCTTATGCCGATATAGCCCAAGACCACGTTGAGCAGGACGGCAATGTAGCTTCCGATGGCAGGAAGATCGGCAAAGGGAAGGGCCACCAGATTGGCCACGAGCAATCCCACGATCAGGCCCAGGATGGCCACGGAGAGATCTTGCCAGCTCAGGAATTGAAGGTGGTGCTCGAAGAGGAGACCTATAAAGCCGAGGCTCTTTATGAAATAGGGAGTCAACAGGTAGCCCATGCCCCCCAACACCAGGACGCAAAGGCCGTTCAGAACCAGGACATGCAGCATCGACGTCCAGGGAAGCCACCCCTCGGAAACGACCCAGCGCGCGACCTGATAGCCGGCGATTCCACCCAGCAGCGCCAAAAGACCTCGCGCCGCGCCAAAGACGATTTTCCCAAATCCTTCGGCCATTCCCCCACCTCCTCGATGATTCGATCTCCGGCCGATTTTGCACTCCTCCCTTCAGGGGACGGCCTCACAAATCCTCCCGTTTGACCTCTCTTCTCGCATCCATAGCGGCCCGCAGAGTCACCCGATCGGCGAATCCGATGCTTCCCCCCACGGGAAGGCCGTAGGCCAGACGGGAAACGCGGATCGTCAGGGGACGGAGGGCTTCGAGGACGGCATAATAGGTCATATCACCCTCGATACGCGGGCTCGTGGCGAGGATCACCTCTTTGAACTTTCCCCTCTCGAGGCGCCCCGCCAAACGGCCCAGGGCCTCAGGAGGCAACTCCTCTCCGTCCAGAGGAGATATGCGACCGCCGAGGACGTGGTACAGCCCGTTATGAACGCCCGACTGTTCCAGGCTGATGAGGTCCTCGGCCGTCTCGACGACGCAAAGCGTCTCCCTTTCCCGCAGGGGATCGCGACAGACGGAGCAGGGATCGATGTCGGTCAGATTGCCGCACTCGGGACAGGGATGCAGACTCTCGCGAAGGGTCACAAGAGCTCGCGCCAACTCCCGAGTCCAGCTCTGAGGCTGTTGCAGCAGGTACAGAGCCATGCGGCGGGCGCTTTTCTCTCCCACTCCGGGGAAACGCCCCAGAAGGCCCGTCAGTTTCTCCAGGGGTTCGGGAAGGGACAAGGTCAGGGCCGCCTAAAAAAGGTTCGGCATGCCCAGGCCGCTCGTCAACTGTCCCATGCGATCGTTCGAAAGCTCGCGGGAAGCTCGAATCGCTTCGTTGACGGCGGCCAGAATCAGGTCCTCGAGCATCTCCACTTCCTT
NZ_CP072943.1_gap56	1757086	1761755	4669	CGCCATCGTCTACAAGGGCGCCATCGCCGGCATCGAGAAGGCCAACAAGATCCTCATCCCCACCCTCTTCGTCCTCCTCCTCGTCCTCGTCGGCCGCTCCGTCACCCTCGACGGCGCCGATAAGGGGCTGGAGTTCCTCTTCCATCCCCAGTGGGGCGAGATGCTCAAGGGCAAGATCTGGCTCGAGGCCTTCACCCAGGCCGCCTGGTCGACGGGAGCCGGCTGGGGCCTCATGCTGACCTACTTCGTCTACGTCGGCAACAAGGAGGACATCGCCCTCAACGCCACGACGGTCTGCCTCGCCGACACGACGGCGGCCCTCCTGGCCGGCCTGGCCGTCATCCCCACCATCTTCGCCCTCTCCCCCGATCCGCAGGCGGCCGTCACGTCGGGCAACACGGGGCTGGCCTTCATCCACCTGACGCGGCTTTTCACCGTCATGCCCGGCGGCACGCTCATGGCCATCGCCTTCTTCCTCGCCCTGGTCTGCGCCGCCCTCTCCTCCATGCTCTCCATGATCGAGCTGGGCTGCCGCATGCTTCTCGACATGGGCATGGAGCGCAAGAAGGCCATCCTCGTCGCCGGCGTCGGCATCACCATCCTGGGCCTCCCCTCGTCGATGAGCATCTCCTTCCTCGACAACCAGGACTGGGTCTGGGGCGTGGCCCTTCTCGTCTCGGGCCTCATCTTCTCCCTCGGCGCCATCAAGATCGGCGTCCAGAAGATCTGGGACGAGGACATCGAGCCCTGCTCGGACATCAAGGCCGCCTGGATGTGGAAGCTCATCTACCTCTTCCCCCTCTGGTTCGTCCTCATCTTCGCCTGGTGGACCATTCAGGCCGCGTCCTGGTACCCCGGCGAGTGGTACAAGTGGCTTCCCATCTCCAAGTACACCTTCACCGTGGGAACCATGTACTACCAGTGGGCCATCTGCTTCGGCATCATCTTCGTCCTCAACAACTGGCTCGCCGAAAAGACGAAGTACCCCGCCAAGGTCGATTTCGACTAGCCCGAACGGCGTCTGAAGGAGGAATGGCTCATGTGGAAGCTCAATATGGTCGTCATCATGATCATCACCTTCGGAGGCTTCGGCCTCTGCATATGGAAAACCATGGTGTCCCAGGAGGCCAAGCAGAAGGCCGGCAAGTAGGGGCCTGAGGGAAACGGCGCAGGGGGGAGCGGCGAAAGTCCGCTCCCCCCTTTTCGTCGTCGCCCCCGTCGACGAAAGGGGGGAGCCTGTCCCGGAACCGGCCTCGCCCTTCCGACGACACCGCTCCCGTCCCCCCCCACAAAGGGGAACAGGTCACACGAAGGGGGGCGCCTTGAGGCGCCCCCCTTCGTCGATCTATTGCTTCCGTATCTCTTCCGTCGCGTGCCCTCGCCACCGCAGGTCAGCCCGTGCTGCCGAAGCCGCCCGAACCCCGCTCCGTCTCGGAAAGCCCTCCGCCCTCCTCGAAATTCATGACGACGACGGGCTGAAGGACCATCTGGGCGATCCTGTCGCCTGGGGCGATCCGGAAGGGCTCCCTGCCGTGGTTGACGACGAGGACCTTCACTTCGCCTCTGTAATCGCTGTCGATGGTTCCCGGCGCGTTGAGGAGCGTCACGCCACGGCGAAGGGCCAGGCCGCTCCGAGGACGGAGCTGGATCTCGTAACCTCTGGGAATTTCGAGAAAGATCCCCGTGGCGACGGCCCGCCACTCGCCGGGAGGAACGACGACCGATTCACAGGCGGCCAGATCGGCCCCCGCCGACCCCTCCGTGGCGTAGGCCGGAGGCGCCAGACGTCTGGCCGCCTCCGTCCGCTTCATCCTGACGACGACCAAGGAGCTACTCCCGGGGACGGCGGGGACCGCCGGGGCGGCGATCGCCGCTTCGGCCGGGCCTGTCTCCGTCACGACTGGGACGGTCTCCCCTCGGGGCGGGGCGCCCGCCGCCGGCGGCGGCCTTTTCGGCGATGAGGACCTCTCTCTCGTCTTCGGCGGCGAAGATCGCCTTCCAGGCCGGATCGGACTCGAACTCGCTTCTGCGGTCGACGAAGACGCGGCGGCGCGAGAGGTTGACGCGGGAGAGGTCGTCGATCTCCTTGACGACGACGAGGACGCTGTCGCCGGGCTGAAGGATCTCGTCGAGCTTGGGCACGTGGTGGGTGCTCACTTCGCTGACGTGAAGGAGCCCTTCCTTGCCGGGAAGGACCTCGACGAAGGCGCCGAAGTTCATGAGACGCGTCACCTTGCCGTAGAAGACCTCGCCGGGCTCGACGTCGCGCGTCAGGTCCCGGATCTGGCCCATGGCCTCCTCGGCCTTCTCCGAGGACGACGAGGCGATGAAGATGCGGCCGTCGTCCTCGACGTCGACCTTGCAGCCCGTGTCGGCGATGATCTTGCGGATGATCTTCCCGCCGGGGCCGATGACGTCGCGGATCCGGTCGACGCTGATCTGCATGGTGTAGATGCGGGGAGCGTAGGGCGACATCTCCTCGCGGGGGGCGGCCAGAGTGGCTTCCATGCAGCCCAGAATGTGGAGGCGGGCACCGCGGGCCTGATTGAGGGCCCTCTCCAGGATGGCACGGGTGATGCCTCCGGCCTTGTTGTCCATCTGGAGGGCCGTCACGCCGTCACGGGTGCCGGCCACCTTGAAGTCCATGTCTCCGTAGTGATCTTCCAGGCCCTGGATGTCGGAGAGGATTTCGACGGCGTCGCCCTCCTTGATGAGCCCCATGGCGATGCCCGCCACCGGCTTGGCCAGGGGGACGCCGGCGTCCATGAGGGCCAGGGAGGCGCCGCAGACGGAGGCCATCGAGCTCGATCCGTTCGACTCGAGGATGTCGGAGACGACGCGGACGACGTAGGGGAAACTCTCGTCGGGCATCATGGCGCGGACGGAACGCTCGGCCAGGGCTCCATGGCCGATTTCGCGGCGACCGGGTCCCCTCATGGGGCGGACCTCCCCCACCGAATAGGGAGGGAAGTTGTAGTGAAGCATGAACTTTTTCGGCGGCTCGTCGAGCTTGATGCCGTCGAGGATCTGGTCGTCGTTGCCCATCATGCCCAGCGTGGCCGTCACCAGGGCCTGCGTCTCGCCGCGGGTGAAGACGGCCGAGCCGTGGGTCCGGGGAAGGACGCCCACCTCGCAGGAGATGGGACGCACTTCGTCCATGGCGCGGCCGTCGGCGCGAAGGTGTTCCTCGACGACGACTCGGCGCATGATCGTCTTGACGAGATGCTCCACCACCTCGCCGATGTAGCGCTTCGCCTCGGGGTAGCTCTCGGCGAAGTGCTCGATGGAGCGCGCCTTGACGACCTCGATGGCCGCGCCACGGGCCTGTTTGGCATGAATGAGCACGGCCTCGCGGATGGCGCCGGACTGGGTCGATTCGATCCAGTCGTCGATCTCGGCGAGGGTTGCGGGGGGGACGAACTCGAACTTGGCCTTGCCGATCTCGTCGCGGATCTCGATCTGAAGACGGCAGATCTTCTTGATCTCCTCGTGGGCCAGCTCGAGGGCGTCGGCCAGGAGGGACTCCGAAACCTCTCGGGCTCCGGCCTCGACCATGGTGATGCCCTCGAGGTGCCCCGAGACGATCAGGTCGAGAGTGCTTTCGTCCAGGGCCTGCTCCGTGGGATTGACGACGAGCTCGCCGTCGATGCAGCCGATGCGGACGGCGCCGACGGGACCGCCCCAGGGGATGTCGGAAATCATGAGGGCCGTCGATGCCCCGTTGATGGCCAGGATGTTGGGGGGATTGGACTGGTCGACGGAAAGCACGGTGGCGACGACGTGAACGTCATGGCGCATCCGCTCGTCGAAGAGGGAGCGGATGGAGCGGTCGATGACGCGACAGCCGATGATGGCCGTCTCCGTCGGTCTCCCCTCGCGCTTGATGAATCCTCCGGGGATCTTTCCCGCCGAGTAGTAGCGCTCCTCGTAGTCGACGAGAAGCGGGAAGAAGTCAAGCCCCTCTCTGGGCTTTTCCGTCATGCAGGCCGTGACGAGGACGACCGTCTCGCCGTAGGTCATGCGCACCGAACCGCTGGCCTGTTTGGCCAGATAGCCTGTCTCGATCTTCATGTCGAGACCGCCTATCGTCATGGAGTAGTTGTGAATCATCTCGTTGTTGCCTCCTTGAAGTTCCGTCTTTTTTTCCTCTTTGCACGTCTCTTAGCATAACACAAAGAGGGGCTCCCTCCAGGGAGCCCCTCTTGATTTGAGAAATAAAGAGTGGGGAGAGCCGGGCTCTCCCCACTCTCGAGAGGACTAGTGGCGCAGCCCCAGCCTCTGGATCAGGGTCTGGTAGCGACCGAAGTCGTTCTCCTTGAGATAGTTGAGCAGCTTGCGCCGCCGCCCGACCATCTTGAGAAGGCCCCGACGGGAGTGGAAATCCTTCTTGTGGATCTTGAGATGTTCCGTCAGCTCCCGGATGCGGTAGGTCAGAAGGGCGACCTGAACCTCGGGAGAGCCCGTGTCCGTCTCGTGCGTCTTGTACTCGGAGATCAGATTCGTCTTGGTCTCCTTGTCGGCGTTCAACATCCTCTTTCACCTCGTGTGATCAGATCCCGAAACCAAGCGGGTCGCGCAGCGAGCGAACCTCCGAGTGACGGGTCGCGCCTATTGTACCATCAGCGCTTCCAAGGGAGCAACGGAACCCGGAATAATGTTGTGCTCGACA
NZ_CP072943.1_gap57	1796896	1798948	2052	CAGCGGAACCACGGACAAGAGCGGGACGGACAGGTCATTCAACCTGACGCTGCTGAAGGATCGCGTTTCGGCCGGAAAAACCGTCCTGGACCCCGGGGAACGGACAAAAGTCACGGTCTACTGCAAGAACACCGGGCAGAGGGTGGCGACGAACATCCATGCCCTCTTCTTCCACGATCATCCCGACAACGGAAAGGGCTTCCACGCGCGGCTCCTGTCGGGGCTCCTCCCCGGCGCGACGGGGAAGATGTCGGCGATCTTCTCCGACATGGAGCCCGGAGTGCACCATATCTACGTCAAGCTGCTCGGCAAGACGAGAGAGACGGATTTCGAGGACAATATCGTCTCGCTGGACATCACGGTGCGCGAACGCGCCGAAGCCGAAGAGGGAGGGAGCGGCGGCTGCGACGCCGGGACGGGATGGGCCGGCCTCTTCGCGGCGGGCCTGTTCTGCCTGACGGGAATCGGGACGTTCTCACGGAAGCAGAAACGATAAAGCGAAAAGGGGGATTTCGTCGCCTCGACTGTTTTTCGCAAGCCCCTATGCCCTTTCGCGCGGGAAGAGGCTTGGGACCGACAAGGCTCCGTAGCGGCTCGGACGGGAGATCCGCCGCGGGCCCAGGGCCGTCGGGAGCTCCCCTGACGGCGAACCGACTCCGATGTTCATGAAGGCCCGCCTGCCTCGTCGCCTCGACGGGACAAGCGGGCCTTCATGGAATGACCGAAAGAGCAGGGCCGCAAAAAAGGATCGACGGCGATCCGAAAAGCCTCGAGCCGGCCTTTTTCGCGGACCTGCCGCCTCGAAACCGAAAGTGCGAAAAATACGGGACAGAACCCCGCCTCGAAAGCGAATGGGCGAAGGACAGAGGACAGGACCTCTATCTTGGTCTCTCCCCAGCTGCACGGCGCGAGGAGCGGCACCCCTCCGGCGGCACGTTTGCCTACCGCCTCAACTCGTCCTCCGCGATCCCGGCGCTTTTCAGTATCGTCTTCAAAATGCCGGTTCCAAGAGTCTTCCCTTCGTGAAGCGGAACGACCGTCACCCTACCGTCGTCGTTTTCCATCACGACATGGCTCCCCCTCTGGCGGGTGCGTCGGAATCCGCACCTCTTCAGAAACGCGATCATCTCCGCTCCGGTCAGGCGCGGGAGCGTAGGGCTCATCCGACGGCCACTTTGCGGACGTTGGGGAACTCTCGCGGATGCTCGACGACCTCGAGATACAACCCGATGGCCTCCTCCAGATTCTCAAGAAGCTCCTCCATCGTCTCGCCGCACGTCTGACAGCCGGGCAGCTCCGGCACGTAGGCGAAGTACTGTCCGTCCTCGTCCCTGTCTATCACTGCGTAATATTCGGCCATGACGCTCACAACCTTTCTACCGTCGGCTCAAAGAACCACTTCGCCCTCCTAGATCTCAACCGAGCGAAAAAACGGGATTGCCCCGATCGGCAGGGCGTCGCGGGTACGACGTTCGACATGAGGGCCTTTTCTGTATCGACAAGCGGGACAACCCCACAAGGCCGGCGGAATCTTCACCCGGGGCGATGGGTTCAAGCAGATCCGTTCTCGTTTCGCCCAGCGAGGCAGCTCGTTCCCGCGTGCCCCGGGAGGGAAATCAGGCTGAAGCCATGACAAACCAAGAAAAAAGAAAACCCGTACAACAACCGCTTGCGGTCAGTGGACGGGTTTGTCTCTTTATAAATGGTGGAGGCGGGGAGAATCGAACTCCCGTCCGGCAGGGGCCGGCCACAGCGGCGCTACGAGCGTAGTCCCTGGTTTGATCTCGGGGATCGGGCTCCCAGGGACAGGATCCCTCACCCCCAGTTCCCTTGGCTTAGCCGATCGTCGGGAACGACCCGACCGGAGCAACCGTTCTATGTGACGTCGGACGACACCCGGACGGTGAAGGCGTCGGCAACGGGCCGCTTACTTAAGCAGCCAGAGCGTAGTTATCGTTGGCAGTTACTTTAAGGTTCCGCTGTTTTACGAGGTGACGGAAACCTCGGCTCGCTCCGCTGGACCCTCCAAGCCTGTCGTCGAAACCTGTCGCC
NZ_CP072943.1_gap58	1801615	1804995	3380	CCTCGCCGTCGGCAAGGGCGTCCGCAAGATGAAGAAGATCTTCTCCGAGCGCTATGGCGCCCCCTACGAGGAGATGGAGAAGTTCGGCATGGAGGGCCAGGGCGTCGAGGTCTCCGAGTACGTGCCGAAAGAGTCCGTCGCCCAGTGGGGCGGCTTCTTCCTCACCCTCAAGGGCCCCCAGCACGACGAGGCCTGGCTCATCTTCATGGACCGCGTCAACAAGCAGCTCCCCACCTTCGAGGACAAGGCCGAGGCCCTTCACTACTTCCCCAACTTCCGGACCTGGTTCTCTCTCGTGGGCCTCTGCAAGCTGCCCTGGAACGACGTCGAGCCCGCCGACAACGCCACCAAGCACCGCCCTCAGGACGCCGCCCGCGTCCCCGAGCACGTTCAGAACTACGTCGATATCTTCAACGCCGTCACGGGCCGCAACATCGACAAGGAAGAGATCGTCACCATGTCGGAGCGCGTCTACAACTTCCAGCGCGTCTTCAACCTCCGCATGGGCAAGGGAACGCGGAAGGACCACAACATCCCCCTGCGGGCCCTGGGACCCGTCTATGCCGACGAGTGGGAGGCCCGCGCCGAGTACTACGACAACGAGCTGAAGAGCGCCGGCGTCGATCCCGCAGGACTTGCCGTCGAGGAGAAGATCGCCCGGCTCCAGAAGGCCCGCCTGGCCCAGTGGGAACAGCTCAAGGACACGGTCTACAAGCGTCGCGGCTGGGACCGCAACGGCATTCCGACGGTGAAGAAGCTCAAGGAGCTGGGCATGGATCTCCCCGAAGTGATCGCCGTCGTCGAGAAGCACGCCCGCCCCGAGGATCAGTGGCAGGACTAGCATGATCACCGTCAACGGCGAAGGGCTGGCCTGGCAGGAAGGATTGACGGTCCGCGACATCATCGGGATCAAGAGGTTCACCTTTCCCCTGCTGGCCGTCTGGATCGACGACAGCCCCGTTCCGCGGGACGCCTTCGACTCGACGGCGGTGCCCGACGGCGCGACGGTTCAGATCATCCACATGATCAGCGGAGGATAAATCCGAAGGACTAAAAGGCGAGGAAGGCCGATATCGGCCTTCCTCGCCTTTTAGTCCTCGACTCCCTCTCCGGCAACGGCTTCCCGCCGAAGAGCTTCACCTGCGTCCCTAAAGGCCTTCGTCGCTGCACAGCCCCCGGAGGTGATTTTTCCCCTCCCACTTCCAGGGAGTGCCCTCGGCCTCTCGGGGAGCGCCGACGGGGACTTCCGTCCACCCCCAGGGGGTGACGAGAAGGAAGCGGAGTTCCACGCCTTGGGCGGCCAGCGCTTTGACGTGAGGGATGTAGTGGATCACTTCCCCCAGGTGCCAGCTGTCGCCCACGAGCCAGATGCGCTTGCAGTTGGGCCGGCCGAAAAGGGCTCCATGATCGACGGCCAGACGCAGACCTTCTTCGAAATCGATGGGACCGAGACAGAGGACGACGGCCTCGGGACATCCCTGAGGGCTCTCGACGGAGGGGAGCAGGTCGGCTCTGTTTCCGAGCCACTCGAGGCGGGCCGTCAGGCCGTCCATATCGCCCTGAAAAACGCGCTCTCCGTAGCTGAGAAAGCCCTCGTCGACGGGAGCAAGGGCCTCCCCCGAGAGAGCCGATTCCATCCACTCCTGGATCTGACAGACGAGCTCCAGGAGGAAATCGGGGTAATCGGGACCTTCCATGGCCTTGAGAACTTTTTCGATCGTCCATTCCCTGTCCTTGTCGCGGTCGCGGTGCTGGCGTTTCGGCATGACGATTCACCTCCCCTGTCCAATCTTTGGGCGGCCTGAGCATAGCACAAAAAATTGGGAATCGCCATGAGGTCCTCTTCGGAGGGGGAAGAACGTATAATAAGGACACGTGAAAGGAGAGGTGAATGCCATGAGACCCTTCATCATCGACGCCGAGAAGGCGATCCTCCTCGTCGTCGACGTCCAGGAGAAGCTCATCCCCCTCGTCGCCGACTCCGAGACCGTGGAGAACAGGATCGCCATCCTCGCCCGGGCGGCCGAGATGCTCCACCTTCCCGTCAAGATGACGGAGCAGTATCCCCGAGGTCTGGGATCGACGACGGAGCCCGTCGCCTCCTCCCTCTCACGGGAATGGCGACGCTTCGAAAAGACCCATTTCTCCTGCTATGCGGAAGAGGGGTTCGCCGAGTATCTCTCCGAACCCGGCAGAGATCAGATCATCGTCTGCGGCGTCGAGGCCCACATCTGCGTCCTCGCCACCGTCATGGAGCTGCTGGAGCGCGACTACCGCGTCATCGTCGCCGCCGATGCCGTGAGCAGCCGTCAGGAGGAACACCGCAACCTGGCCCTCGACGCCATGAGCCGGGCCGGAGCTCTCGTCGTGCCCATGGAAACCGTCGTCTATCAGATGCTGAAGCGGTCCGGAACGGTCCCGTTCAAGGCCCTCCTGGCCTATTTCCGCTGAAGGAGGTGACGGCAACGCCTCAGGACAGCCTCTATCCGCGACGTTTCATCCGCTTCCTCGGCACGGCCGGTGCCCGTTTCACCATCATGCGTCAGCTCAGGGCCTCGGGAGGAATCTGGGTCGGCCTCGGCGATCAGGCCTTCGTCATCGATCCCGGCCCCGGCTCCCTGGTCCGGATCTGCGAGGCGACGCCCCCTCTGGACGTTCTCGACCTCGCGGCTCTCCTCCTGACCCACCGTCACATCGATCACAGCACGGACCTGAACGTCCTCGCAGAGGCGATGGTCGAAGGCGGCTTCCGCCGCCACGGTCACGTGGTCCTGCCGCGGGACGGACGGGACGTCTGCTGCCTCCTCCCCTATCTTCAGGAGAAGATCGAGGCCCTCCATATCTGGGAGGAGGGACAAACGATCGCCCTCCCCGGAGGGGTGACCGTCGAGGGCACGCCTCTCACCCACCACCATGTCGACTGCTTCGGCTTCACCCTCCAGATCCCGGGCCTCGCCCCCCTGGGGCTCGTCAGCGATACCCGATTCGAAGAGCGATGGGTCGATTTCTACCGTTCCTGCCCCCTGCTGATCGTCAACATGACCTTCGCCCATCACCGCGAGGGGATCGACCATCTCTGTCCCGCAGACGTCGCCACGCTCATCGCGAGGCTGGCCCCCAAGCGGGTGATTCTCACGCACCTCGGCCGCGGCGTCCTGGAGGAGGGTCCGGAGGCGATCGCCCGTGACCTCTCGCGGCCGGGAACGGAAGTGACAGCCGCCACCGACGGAATGGTCATCGACCTGGAATCGCTGGAGATCGTCGATCCCTCCCTGTCCCCGGTGACGACGCTTTCGGGAACCGTTCCCATTCCCTTTCTCAAGGAGGGTCTTTCGTGACTATCGATCGTTTGCGCGCTTTGGAAATGCACAGAAGGGCAC
NZ_CP072943.1_gap59	1806518	1809476	2958	CTCCCGCGCACCGCGCCGAAAGGGACCAGCCGAGCCCCATGAGGCCGTTGGCCAGGTAAAGAGGGTTGCGAACCCAGCCGTAGGGGCCCCAGGTGACGAGACGATCGGCCTTCACTTCCTCCCCGCGGTAAAGACCGATCGACCCGGCCGCCCAGAAGCGCAGGAGCTGACCGACGAAGACGAGGGACAGTCCCAGCCCGAGGCTGAAACCATTCGGCTCGGCCAGGGCCAGGAGGAGAAGGAAAAGCCCCGTCCAGAGCCCGCCCCTCATCTTGAAGGCCCAGGCGCGAAGGGATTCAGGCATCTTTTTTCGCTCCCAGAAGCTCATCGGCCAACCCCCAGCCCAGAAGGCGGAGGGCGACGAAGGCGCCGAGGCCGATGGCGATATATTCGGTGAAGAAACGCCAGCCGATGGCCATGACGCCGGCCATGTTCCAGGGAACGAGGAGGCGGAAGAGGATCGCTCCCCCCCCCTCGGCGACGCCGCTGCCGCCCGGCGTGGGGACAAAATAAAGGACGAAGAGGAAGAGAGCCTGGGCCATCAGGGCCTGGGCGTAGTGGCAGGGCAGGGAGACAGACCAGATGAGGATGGGGAGGACGGAGAAGATAAGGAAAAGGTGCAGGACGGAGCAGAAGACGGCAAAGGCGAAATGGTATTTCCCCGTCGAGAAGAAGAGGCGGAAGTTTTCGCCGTAATTGTCGATCTCGCGATTGATGCGGCGGACCGTTCTGAGGACGGCCCGAGGCTTGACGAAGCCCAGGCGCTTCAGGAGAAGCGTCAGAGCCGTCCCGAGACGTTTCACGAGCTGCGGCCTGACGAGGCTCAGGACGACGAGCGTCCAGGTCAGGACGACGAAGAGGACGACGTAGGAAAAGATACCCTGCATGAGATGCTGGCCCGAGAGAAATTCCGGCGTCGTCACGATGGCGACGGGAACGACGAGGCCGAGGATGAAGAGGGTCAGCAGGGTCCGCGTCAGGGTGATGGCGACGCCCTTGCCGATGGGCACGTCGTTCCGGTAGAGCATGTAGACCTGGAAAGGGCCGCCTCCGCTCTGCATGGGCGTTATGGCCGAGCCGAAATAGTTGAGGAAGGTGAGCTCCACGCCGAGTCGGAAGCCGATATGCTCGTCGGCGGCCCGGGAGAGGGCGCAGAAACGGAGGGCATCGACGGACCAGGCCGCCACCATGAGGACCAGGACGAGGAAAAGCCCTCGAGGCTTGGCGGAGAGGAGAAGATCGACGGTGAAGCGGTCGGCGCTGGAGGCGAGGACCGCTCCGCTGACGGCGAGGGAGATGCCCACGAAGAGGGCGATTCCTTTACGAACGGACAAGGAGACATTCCTCCCGGGGGTTCAATCTGGGGCGTATCGAGGCCGAGGCCAGGGTGGCGAAAAGGGGAACCCGCGACGCGGCGAGGACGGAGCCACCTCCTCTCGCCGCGGGGAGAAGGCGGAACGGGAAGGGGCTTCCGCCCTCTCGGCGGGACGACGCCGGAGAGCTAATTGACGTTGCCCTCGGAGAGGTTTCTAAGAGCCTCGATGCGCGGCGCGAGCCCCTCCAGGGCGGGAACGATTTCCTCTCTGAGCAGAAAGGCCGCCTCGAAGGAGCGGTCTCCCTCGAGGGATCGAGACAGTTTCTCCAGTCTCTCCTGAAGGGCCGCCAGAAGGTGGGCCAGCTCCTCCCCCTCGGCGGGCCGGGCTCCCAACAGGGCATGGGTATCGGCAAGGACGCGGAGGAACCAGCCGATCCCCTCGAGGGCGTCGGAGAGCGTCGACAGAGCCTGGGCCTTCTCCTCGGCCTCGAGACGATCGGCGACGGTCCGAAGGCCCCGGACAAGCTTCGGGAGATAGCCGACGGCCTCCTGCAGGGAGGAGCGGATCAGATCACGGAGGGAGACCGTGGACACCTCCACGCGGCTGCCTCCCTCCAGGGCGACGAAGGACGCCTCGTCGAGGACGACGCCATCGACGGAAATCGTCTCAAGGACGCGTCCCCGAGAGGCGCAGGTCGCGAGAACTTCACGGAGGATCTCCTCTTTGCCCGCGCCGGAACGGAGATCGAGGGCGCTGTCGTCAACGAAGACTTTCATCGTTTTTCCTCCCGCCACAATCAATCGTCGCCTCGCCCGTCACCGGGCGCGACGCCTGTGCTACCATCTTCATCAGGTTCGTAGGTTATTCTATCACGAGGGGAGGGATATCGAGTGAATCCGGGACAAAAGGCCCAGACCGCCCGCCTCCACGGCAATCCTTGCTGGCTCGTCACCACCGGCGACGACGCCTCCTTCGACCTCTTCCTCCTCCACGGAGGGGGGGAGATCGCCGGAGATCCCTGGCTCCTGACCCTCCCGGCAGAGAGGGAAACCCCCCTGTCCCGGAACCTGGACCGGTGGGGCGAGTGCGCCCTTCACCTCATCGGGGAGAAAGGGGACGAGGCTCTCGCCGCCTCCCTGCTCGGCGGCGCCCTCGTTCCCAAGCGGCGTCGGGGGTATTTCGTCCGGTCGCCCCTTCTTCCGGTCTTTCCCCTGGCCCTGGAGTGCCTCGTCCGGGAGAGGGTAGTCTGCCTCGACCGGCTCCTTTATATCGCCGAAGTCGCCTTCTTCCACGCCTTTTCCCGCAAAGAGGGAAAATGACCGTCAAGGCCGACCTCGCCATGGCCGATACCTGATCTAGAGCCCTTGCCAACGAAGGAGGTCTGGATATGTCCACCATCTCGGATGCCCTTTTCTCCCTGTCCGGTGCCACGTCGGGAATCGACTGGGGCACCATGGCCGACACGATCATCGAAAACGACAGCAAGCCCATCACCCAGTGGGAAGAGAAACAGGAGAAGCTGGAGCTCAAGATCAGCCTCTACGAGGAGTTCTCGGCCCTCTTCAAGACCATGCAAAGCTCCCTGACCTCCCTGAAGCTCACGTCGACCTATTCGGCCAAGGCCACCGAGTTCACCCCCCTG
NZ_CP072943.1_gap60	1829300	1833267	3967	AAAGATGGCCGAGGCCACGACGGTGATGATGCCCAGACTGCCCCGCATCCAGCCGGCGACGGCCGTGGCGAAACGCATGATCTTGTCGTTGATGCCGCCGGCCGTCATCAGATTGCCGGCAAGGACGAAAAAGGGAATCGCCAGCATGGGAAAGGAATCGAGACCGGCGAAAATTTTCTGAGGAATGATGATCAGCTGGAAATGGCCCATGATGATGGCGCTCATGGAGGCGATTCCTATGGCGAAAGCGACGGGCACGCTGAGCGCGATGAGGACGATCATCCCCACGAGCAGGAGAACACCGATCTCCATTTTTTCCGCCCCCTATTCCGCCAGACCGGTCGAAGGGCTCTTGACGTTGATTTCCAGAAGCCTTTCGACGAGGGCGAGAAGCATCAGAACGGCACCGACAGGGATGCTCATGTACATGAACGACATGGGAACGTGCAGACCCGCCGAGAGCTGATTGCCCGTCTTAAGGGCGATCTTGAACCCGTATACGGCCAGACAAAAAAGGAATGACCCCATAGCCAGACAGACGAAATTATTCAGGACCCATTTCGATCTATCTGAAAACCCGTCGACAAGAAAATCGATCTTGATGTGTTTGGAATTTCTCATGGCACTTGCCGACCCAAGCAGCACCACCCATATGAAGGCATATCGGGCGAACTCTTCAGCCCATATGTTGGCGGCTTGGAATGCGTACCTCAAGACGACCTGGTAGAAGATGACGATCGTCATCAGCATCAGCAAAACGGAAATTATTCCATTGATCAGCTTTTCTCCGACATCAAAAACCTTCGTCATCCTGTGCATCACGAAGAGCCTCCCCCAAGACCTCAATGGGCCCCGCCGGCAGGGAGTAACCCCGCGACAGAGCCCACCTCAACGGTTTACTGCACCGATTTGATCTTATCGACCCATTCGACCAGATCGGGGAAATTGTCCTCGACGATCGTCTTCGTGGCCTCGCGGAAGCCGTCGATCTCGGGATCGATAATCTCCGCTCCGGCGTCCGCCCATTTCGTGAAACATTCGCCCTCGCCGTCGGTGATGAGCCGGCTCGCATAGGCGGCGGCCTCGTTTCCGGCATCGATGATGGCCTGACGGATATCTTCCGGAAGTTTCTCGAAATAGCCCTTGTTCATCATGAAAACGTCGGCACTCCAGCGATGATTGGTCCTGATGAGGTATTTGCAGGCATCGGCCAGGCCGAAGTTGTAGGAAAGAATGGGAGGGTTCTCCTGGGCCTCGACGACGCCCTGCTGGATGCCCGTCAGGACCTCGCTCATGGCCATGGGCGTCGGGGTGGCCCCCAGGGCCTGCCAGGTCTTGACGCTCATGTCGTCGGCGGGTACGCGGATCTTGAGGCCTTTCATCCCGTCCACATCGGTGAAGCGCTTCGTCGACGTAACGACGCGGACGCCCCGGTAGGAGGGACCGAAGAGCTCCATTCCGGCCTTCTCTCCGGCCTCGGCGAGGAGTTTTTCACCCATCTCGCCGTTCCACATGTTGTCGAAGTGAGCCCTGTCGCGGAACATGAAGGGGATGAGGTCGAGAAGGGAGAGACGGGTGTAGGAGGCGATCGTCCCGAACCCTTCGATGACGACCTCGTTCGTCCCCAGCTGAAGCCCCTCGATGACCTCGCGGACATCGCCGAGGACGCCGGCGCCGTAAACCTCGATTTTCACCCTGCCGCCCGTCTTCTCCTCGACGAGTTCCTTGAACTTCAGGGCCTCCTTGTGCTTGGGATCGGTCTCGGCGTTGATGTGAGCGAGACGCATGACGATCGCGCCGTCTGCGGCCTCCGCGACGGAAACCTCCGACGGGAACAGACCCCACGAGAGAAACGCCGCCGCCAGAGCCAGACCGGTCAGAGCCACCAGAATTTTTCTCATGCCACTCGACCTCCTTCTGTGATGGGAACCGCAAAACGCGAAAAACACCTCATCTAGATTCCACATGTCCGAAGCCTCGCCTCGGACATCGTCGCCCCACGGACTCCGCCGTCGGGAAGGGCTGCCCCTTCCTCTCCTAATTCCCGAAGCTTTCGGCCAGAGCTTTCATGTGCTCGATCTTCCCTCTGGAAGAGGCATCGATGGCATAGTCCTCGCAAGCCCGGATCACATGTGTTTTGACGGCCCGGACAAACCTCCGCTCGTCGAGAGCCGCAAGGGCATCGATGATCTCCCTGTGTTCCACCTGATTGAGCTCGAAGTTCTTCCGAGTCAAAGGCATCTGATTGTTATTGAGATAGGCGAAAAACGTGAATTTATTGGAATCAAGATCCTGATAGACCGAGACAAGTTTGGAGTTACGACAGACCGACATATACCGCTGATGGAAATAGGCCTCTTCCCGAACCCACGCCTCATAGTCGAGGCGATCGGGATCGGAGAGAACGCGGTTCATTCCCTCCCAGGCCTGCAACAGATCTCCGATGAGTTCGCCGTCCTCTCCGGCCCCCCCGATCACTTCCCGTGCGTAAAAGACCTCGCACATCAGACGGACGCCGAGATTTTCGATCAGGTCATCATTGGTGAACCTGCGGACGACCATGCTCTTCCGCGGAGAGGATTCGACGTAACCCTCGGCGATGAGGCGGGTCAGGGCATCTTTGACGGGCGTGTGGCTGATGCCCATGGCCTCGGAAAGCTCCCGGACGATCAGTTTCTGGCCCGGGAGATACCGGCCGGAATAGATGTCGGAGCGGATCCTGTCGGCCACCAGACCGGCCAGGGATGTCTTCGCGAATTCCTGAATGTCGGGGCGGGAGGCCTCCCTCCTCGCGAGGGCGGGGCGAATCACCTTGGGATCGACGTCTCCGGCCTTCAGACCTTCCTTCGCCTCTTCAGTCTTCATGGCGATCGCCTCACTTTTACCTAAAGATTTTTACTCAAATATATCAACTTCCTCATCTTATCACGGCGTCCCTCAATCGGCAACGGGGAAAAACCCCGTTGCCGAGCGAGCCCCTCCTCCTTCTCCTCTCTCTCTTTCCCCTTCTTCGCTCCCTCCTCGACGGTCGACGCCGGTCTCTTTCAAGACCGGCGTCGGGATTTCCACACCTTCATCTATAAGAGGACACAGAAAGGATCGATCTCTCCCGTCGTCCTTTTACGTCAGGGCCGGGGAAAGGGCCGTGACGCTTCGTCCCTCCCTCTCGGTCTTCGGCGTCTCGGCCCCTGTCGGCGACCAGACGATCGTCGCAATCGACCCGCAGCTCCCGGGCCGTGACGACGAACCGCTGGAAACGGTCCTCGAGGGCCATGTCGTCCGGAAAGATCTCCTCGCCGGCCCGGACACGCCCGATTTCTTCGCCGAGGACCTGACATCGGCGTTCCAGCTCCCCCAACCGCGCCGCGGGATCGGCCTCGCTGCCCTGGCAGATCTGGCACAGGAGTTCTAAAGGGGCAAAAGGCGGAACCGGAAACCGGGGGAAGAGCGGCAGGGGACAGAAAAAGCCGAAGTGGTTATACTTTGAGAAATCGTTCAGACCCTAAGCGTTTGTCGTTCCTTTCAGGAAAAAGATCGAACGGGTCTGGTTCGCGGTGTTCGACAACTCGCCTCGAGGGTGAGGCTTTCTCGATAGGACATCGGTCAACCGGAGTCAGGCAAACCCCGACAGGCTCGCGTTCCCTTCCCGTCGGGAAACGGGACAAAAAGAGGCGGCGAGGCCGGTCGGCGAACGACAGGAGGGAAAGACATGATCGAAGCCATCAGGCGTCACCTCGGCCTCCGGGCCGACTATCTGCTGGAGCATAAGGCCAAATTTCCCGCCGATCCGCTCCATCTGCCCGGGAGGGACTTCGTCGGGCGCGTCCTCGCCCCCTCGAACCGCCCCGTTTCCGTCCTCCGCAACATGCAGCTTCTCTTCGACAGGGGGCGCCTGGCCGGCACGGGCTATCTCTCCATCCTCCCCGTCGATCAGGGGATCGAACATGGGGCGGGTGCCGCCTTCGCC
NZ_CP072943.1_gap61	1850053	1851999	1946	GGGTTCCTGAACCGAGAAGGACCAGTGGACATCGCGGATGATCCGGGACGCCCCCTCGAAATCCCTCCGCCGGAGCGCCTCCAGGAGGGCCACATGTTCGCTGTGGTTTTTCTCCTCCCATGCGGCCACGAGATGCTCGTTGCGAGGAAATTCGTAGAGGCGCTGTTTGAAGATCTCGAGCTGGCCGAGGAGATCCTCGTTTTCCGAGAGTTCGAGAAAGCCTCCGTGAAAGCGCAGGTTGAGTTCGAGATATTCGGCGATTCTTCCCTCCTGAAGGCGAAGGGCCATCAGGTCGTTGATCTCGGCCATCATCGCCACCCTCTCGTCGGTGAAACGGGAGGCGACTTCGAGGATGACCGACCCCTCCAAGGCTCCGATGAGCTGATAGATGTTGCGGATCTGGTCGAGGCTGAGGGCGTTCACGACCGCTCCCCGCCTTGGAAAAATGGTGACGAACCCCTCCGACGAGAGCTGGACCAGGGCCTCCCTCAGAGGCGTCGTGCTGATGCCCAGGGCATCGCTGACCTCTTTCAGATTAAAAAAAGATCCGGGCAGAAGGTGGCCTTCATTCATCTGCCGTCGCAAATAATCGTAAACGATCTCACGGAGTGACCTGATGGGCGGCACGATTCTCGACAGCATGCTCTTTCGTCCTCCACACTGAGCCGATCTGAGGCGTGCACAGAGTGCCTCTCTTTGATGACTAGGATACCACAGGGGAAGGGCTTTCCCCTTCCCGGAACCGCAAAGGAATCTCCTCGCCTCAGGGCCTCCGTCGGCGAGACCTTCTCCATCAGGATACGCGCCGGCTCGGCAGGGGAGGGGAAACGCCATCCCCCGAGGCACTGCGGCGAAAGGGCCGCCGAGTTGAAGAAAGGCCCGGACGCACACCCCTGAGGCCATCGCGACGACACCCGAAGGGAGAGATTTGAAGGGGCAAACGCCGCCGGGCCACCCCCCAGGACAGCCTGTCGGGAATTGCCCTCTCAGATTTCGTGTGATATATTGTATTTCATAGAGTTTTTTACGGTCAACACCTTCGGTAAAAGGGAGAGGGAGCGCCCGCGAGGCGGTCCCTCAGATGAAAGGAAGGGTAAATCACATGCTGAACAGGGACAAAATCGCGGCCGTCGCCGCCGACATGAGAGCCAGAGGCGTCGACGTCTTCATCATCGGCACATCGACAGATCTCGAGTACGTCAGCGGTCTGGCCATGCACGATTGCGAGCGTTTCAAGGCCCTTTTCGTCAAGGCCGACGGCGGCACCTTCTGCCTCGTCCCCCACATCTACCTTCAGGAGTTTCAGTCGGGCATGCCCGACACGACGCCCCTCTACGTCTGGGAGGATCACGACTGGTTCTACTCCGCCCTTGCCCGCGCCTTCGAGGAACAGGGCATCCCGGCGGGGGCCAAGGTGGCCGTCAACGACAGCGTCCGCGCCGTCGACGCCATCGAGGTGGCCGGCCGCCAGAAGGTGGAGCTCGTCAACGGGTGGCACTACCTGGACGCCATGAGATCCCACAAGGATGCCGACGAGGCGGCGGCCATGCTCCGTGCCGGTCAGATCGCCGACGAGGCGCTGACGGCCCTTCTCCCCTTCATCCGTCCCGGCAGGACGGAGAGGGAGCTCAAGCGGCGTCTCCTCGACCTTTTCGAGGAGAAGGGAGCCCAGGGGATCTCTTTCACCCCCATCGTGGCCCGAGGGGCCAATGCGGCCATGGCCCACTACAACAAAGAAGACGGCATCGTCGGTGATCACGATACGGTCCTCTTCGACTTCGGCTGCCGCTACAAAGGCTACTGTTCGGACATGACCCGGACCCTCTTCGTCGGCGAGGCGACGGAGGAGGAGCGGACGCTTTACGAGATCGTCCGCCGCGCCCAGGCCGCAGGTGAGGCCGCCGTGCGCCCCGGAGTGACGTCCCAGGAAGTGGACCGGGCGGCAC
NZ_CP072943.1_gap62	1855265	1859433	4168	CCTCAGCGACCCGGCAGCGGAAGAAGCCCTCTACGACATGGAATCGATGAGGCGCTTCGTCGGCATCGACGTCGGGAACGAGCCTGTCCCCGACGAGACGGCCATCTGCAAGTTTCGCCACCTTCTCGAAGCGCACGACCTGGGGAAACGGATCTTCCGTGAGGTCTGCTCACCTGCAATCGAAAGGACTGCGCCTTGCCGAGGGAACCGTCATGGACGCCACCATCATCGCCGCGCCCTCGTCGACGAAGGACAAGGAGAAGAAGCGAGACCCCGACATGCATCAGGTAAAGAAAGGGAACCCGTGCGACTTCGGCATGAAGGTCCACATCGGGGTGGACAAAGACAGCAAGCTGGTCCACAGCCTCGCGACCACGGCGGCGAATGTCCACGACTCCCCGATGGTCGGAGACCTTCTCCACGGAGCGAAAAAAGGGAGTCCGGGGCGATTCGGCCTACATAGGCAAGACGGAGACGATCCGGGAAAAGGCACCCGATGCCGTCGACAAGGCCGAAAAAGAGGGTCACGGAACAGGAAACTGACCGACGAAGAACAGTCTCACAATCGTATGCTGTCCAAAACGAGGGCAAAGGTGGAGCATGTCTTTTGAAGAGCGAAGCGGGTCTTCGGATTCACCAAGGTGCGTTACAAGGGGCTCAAGAAGAACACAAGCCATGTCCACGTGATTTTTGCCCTGTCCAACCTGTACATGGTGAGAAGGCTTTTATTGGAGATGGATAGGGCGTAGTGTCTTCAAAAGCCGGCAAAAAGACAACCATAAGACAAAAAGAGCCTGGAATAGCTCCACATAGGCAACTTGTCTGACACAACCGGCTGAAAGGGCACACAACGTACGCGTTCAGCCACCAAGAGGTACTGTTGGAGCTCGCCGGGACTTTTTTTCAGAGGTTCCCTAAATCAAACTATTTCATAAATCCATTACATTCAAGTCATTTTATAAACTCTACCATGCCGGCTATCTCGGTCAAGAAGACAGACATTTCAAGTTAATTAATTAAAGACAAATCTCACGGCACCTACAAAAGGGGAGAGGGCCCTCTCGATCCGGCGAGCCCTCTCCCCCTGCGTCGCTCTTCTTTCCTCACCGAAGGACCGTCGCCTCAAGAGGCTTTCGGTACGCCTCTCCGGCGAGGTCCGGCGCCGCCGCCGGTCGGTCAGAAGGGACTGTCGCGGACGATTTTCGTCTTTCCCTCAAGGCGGACGTCGATGCGGAGCCCTTCGCGGGAGGCATAGACCTCGTCTATGGCGAGGGTCTGAAGGTCGGTGAGGAGGACGAAGCCCTCGCCGAGCTCGGTTCGGCTCAGAACGGCGGCGAGGCGGATCCGCTCCTCCGCCAGCCTCTCCCCCAGCGGGAAGACGAGTTTTTCGGAAAGGCGCTCCCGCAGCGTGCTCTGGAGCAGGCTGGCGGCAAGACGGGCAAGCCCTCGCGTGGTGTTTTCGTCGTAATCGAAGTCGGCCAGCCGCAGCGTTTCCTCCGAGGCGCTCCAGACGGGGCGGCCTCGAAGGTAGATCGTCCCCTCAAGCCCCAAGAGGCTCTTTCCGCCCTTGACGTCGAGGGCGGCGAAGAGGAACCCTCCCCCTCCGGAAAGGGAGAGGCCCTTCACGGAGAGGCGCAGAGCGTTTCCGAGGTCGAAGCTCTTCCCCGCCAGGTCTTCCTCGACGGTCTCCCTCAGGGCCTCGTAGGCGATGACGAGGGGGACGCGGAGATCGACGCCGTCCGAAGGAGAGGGGCCCGAAAGCTCCCCGGGCAGGGGGGAGGGAACCCCCTCCTCGGGCCGTTCCGTGCCGATGGAAAGGCGCGATCTCAATCCAGCCCGCAGTTCGATCCGTCCCGAATCGATGACGAGGGGCTCGAGGCAGAGTCTCTCGGGCTCGATCCTGAGCCAGAGGGGCGGCTCGGAGGAAAGTTCGACGGGACGATGAAGGCGCGCCCAGAGGCCCTCCAGGCGGGACCGCGTCTGCAGGGCCTCGTCGAGACGTCTTCCGAGTTCCTCCGATCGCCTCTCCATCTCGCCTTCGACAAGGCGTTCCACCAGGGAGCCGATGGGCAGGGAGCGGCCCAGGATCTCCATCGTCGGCTCGCTCACCCAGACGAGATCGACGGACGGGATCAGATGGAGCGTCCCGTCTCCGTCGAGACGGGGACGGAGGCGGACGGAGGTCACGAGAGATCCCGACGGCTCCTGGGTGAAACTGGGCCGAAGGCCCAGGACCTCTCCACTCCAGCGCACCGAAGAGGAGAAGGCAAGGGGAAGATCGACGGCGACGGTCCCTCCCTCGAGCCTTACGGCCAAGGGACCGTCGCGGACGACGACGAGGTCGGCCCGGGCCTCGCCGAAGGGAACATCGAGTGTCCTATCCCTGTCTTCGTATCGCTCGACATCGATCTCCTTCTCGATGAGGGCGGCCACTTCCCCGGCCTCCATGACGAGAGAAAGAACGAGGAGGGAGGGCTCGGGCGGCGCCTCCCGGACCTCGTCGACGGGAGGCACGGGAGGAGGGATATCGAGAGGGGGAAGACGATGACCGACGACCCGCAAAAGGAGGACGAGAGCGACGAGGGCACAAAGAAGCAGACTTGCCCAAAGAGCCTTTCTTTTCAACGGGGCACCGCCTTTCTTCGTTCTTTGAGGAAGGAACCCGCGCAGCCGCAGGTCAGGAAAAACCGTCCTTTTCCGGACCTGCGGTCCCGTCGAGGCTCTCCCCCCTCCGATAGGCAACCCAGGAAAGCCCCAGGAGGGGAAGAAGGAGGGCAACGGCGACGGGAACCGTCCGCCACTCCGGCGGAAGCAGAGGGTAGAGGCCAAGCAGGCCGAAGAGGATGAAGACCGCCGCCGAGGCGAGCCGCAGAATTCTGCGGGGAAGGCGACGACAGAAAGCCGCCCCGGCCAGGACGGCCGGTCCGTTGGCGATCATCATCCCCGTCGTGCCGCCAAGCCAGACGGGAAGGAAACTGCCGAAACGGGCGGAGAGGGCGACGGAGGCCAGCTGCGTCTTGTCTCCCAGCTCGGCCAGGGAAAAGGCGAGAAAGACCGTGACGAAGGGACCGTAACGGGAAGACCGATCCTCTTCCCGATCGGAACCGGCAGCCAGGGTCCAGAGGCCGAAGAGGACGAAAGAGAGGGAGGCCCCTCCCTGCAGAAGCCCCTCGGAGACCAGAGAGGGAAGGTAGGCCCCCACGGCGGCGGCCACCAGATGACTGGCCAGGCTGCCGGCGAAAACCCCCAAGAGCACCTTCCGCCAGGGATAGCGGCAGGCCAGGGCCATGGCGAGAAGCTGCGTCTTGTCTCCCATCTCGGCCAAGACGACGAAGGCGACGGAAACCCAGTAGGCCGTCACGAAACAGAACCTCTACGTCCCAAAAAGGAGCCCCCCGTGAAAGACGAAATAGGACGGGCTCCCGAAGAGAAAAGGTGCGCCCGCCCCTCCCGATTTTAAAGCCCCTCACCTAGCCGTCAAGAGAGAGTGAAGCTCCCGAAAGGGATTCCTCTGGGACGGAGAGGCTCCGAGGAGTAAAATGGGACCATCTCGCTCACGGAGGCTCTCCCTTGAAAGAAGATCGTCGCCTGCGCCGGATCGAAATGGCCTCTCAGAGAATGACCGTCCTCTTCCTCGCCATTCTGACCCTCATCGCCCTCGGCATGGTCCTCCGGTCGGGGAGGGGCGTCGTCCTTCCTCTCCTTCTGGCCATGCTCCTTTCCAACATCTTCGTCCCCTTCGTCCGCCGCACGAAGGCCAGAGGCATTCCGCCCATTCTGACCATCTCCGTCATTTTGAGCCTTTTCGTCGGGATCTGCCTGCTTGCCGTCCTCTCCATCAACGCGCGCGTCGTGGCCCTGGCCCAGGCCTTCCCCCGCTACTACGCCCGTCTCCTCTCGCTGGTCCAGTCCCTGGCCAACGATTTCGACCTTCCCGTCCATTTTTGGGAGGGACTCAATCTGGGAGACAAGGCCGCAGCCTACCTTCTCAACCTCTCGGGATCGGCCGTCTCCCTTCTCTCCAATCTCGTGCTGGTCATCATTTTCATGGTCTTCATCCTCCTGGGATCGCCCTATTTCACCTACAAGCTCCGCAAGGCCTTCTCCCTTTCCGGCGCCGAACGGATCGACCACATCATCGACGGAATCTCCTCCCAGATCAGCCGCT
NZ_CP072943.1_gap63	1879082	1881098	2016	GCCCTCCTGGAAGAGACGAAGAAAACCGCCAGGACCCGCTACGGGTGGTGCGCCCTCCCCATGGACGGGACCCTCGTCCTCGCCTCCGTCGACATCAGCGGCAGAGGATCGTACAGCGGAGACCTCCCCTTCCCCGTGGCCACCTGCAGGGGCTTCGACCTCGAACTGATCGACGAGTTCTTCCGGGCCCTGGCCCGCGAGGCCCGGACGACGATCCACATCCGGGCACTGGCCGTCGACAACGGCCACCACCTGGCCGAGGCGGCCTTCAAGGGGCTGGGCCGGGCCTTCCGTCAGGCCCTGTCGCCGGCCGACGACGAGCCCAGCAGCAAGGGGAGCTGGCTGTGATCGCCCTCATCGACTACGGCGCCGGCAACGTGACCAACGTCGTCCGGGCCCTGGCGCGACTGGGCAGGGAGGCCCGGATTCTCTCCGAACCGGTCCCCATCGATGCCGAGCTCTACGTCCTTCCCGGCGTGGGTGCCTTTCCGCCCGCCATGGAACGGCTCCGGGATCGGGGATGGGAGACCTTTCTCCGCCGCTGGGCCGCCGCCGGGGGCCCCCTTCTGGGCATCTGCCTCGGGATGCAGCTCCTTTGCGAAAAGAGCCTCGAAGACGGATCCACGGAGGGACTGGGCTTCATCGGGGGCACCGTCTCCCTCCTGGAGGGCACGAAGCGCCTGCCTCACATGGGCTGGAACGATATGGTCCCCCTCCCCGCTTGCCCCGTCGCGGGAGGGCCCTTCTACTTCGTCCACAGCTACGCCCTGAAGGCAAGCGACGACGGAAAGGCCTTCACCGACGTCGACGGCCGTTCCTTCGTCTCCCTCGTCGCTAGAGACTCCGTCGCCGGATGCCAGTTTCACCCCGAGCGGAGCGGCCTCGAAGGCGTCGCCTTTCTGGGCCGTCTCATCGAGCATCTCATGAAGGAGGGAACACGATGATCCTCTACCCGGCCATCGACCTCTACGAGGGACGGGTCGTCCGGCTCCGACAGGGAGATTACGACAGGCTGACGGCCTACGGCGACGACCCCGTCGCCCAGGCACGCCTCTTCGCCGAAGCGGGCTGCACCTGGCTTCACGTCGTCGATCTCGAAGGAACCAGGGCGGGAGAGCCGAGACATCTCCATCTCCTTCCGGCCCTGGCCGAGACGGGACTTTCCATCCAGTACGGAGGGGGGCTCCGCAGCAGGGAGGCCCTCTCGTCGGCCCTCCGGGCCGGCGCGACGCGGGTCATGGCAGGAAGCCTTCTCGTCAGGGACATGACAGGAGCGGCGAGACTCTTCGATCAGTGGGGAGAGGCCATCGTCGCCGCCGTCGACGTCAGGGACGGGGCCGTCGCCTTCGGCGGCTGGATCGAGCAGTCCGACCTCGATCCGAAAGGCTTCCTCGAAAAGCTCCTTTCCCTCGGCGCCCGGCGCTTCCTCGTCACCTCCGTGGCGCGGGACGGCACGGGGCAGGGCCCCGACATCGAGCTCTATCGCTCTCTTCTCGCCACGTCTCCCTCGGCGGCCCTCATCGCCGCCGGCGGCGTCGCCTCCGTCGAAGACCTCCTTTCCCTGAGGGATCTCGGGCTGGAAGGAGCCGTGGCCGGTCGATCCCTCTACGAGGGGATCCTCTCCCTGGTCGAGGCCCTCGAGGCGCTGGGCCGGCCATGCTGAGAAAAAGGATCATCCCCTGTCTCGACGTCAAAGAGGGACGGGTCGTCAAAGGAGTCAACTTCGTCAACCTCCGCGACGCCGGAGACCCGGCCCGACTGGCCCGGGTCTACATGGAGCGGGGCGCCGACGAGCTCGTCTTTCTCGACATCAGCGCCTCGGCCCAGCGGCGGAAGACCATGACGGGATGGGTCCGGGCCGTCGCCGACGAGCTGCTCATCCCCTTCACGGTGGGAGGCGGCATCTCCTCGGCCGAAGAGGCCCGGGAAATCGTCGCCCTCGGAGCCGACAAGATCTCCCTCAACACGGCGGCCGTCGAGAACCCCGGACTCATCGCCGACTGCGCCCGCCTTCTG
NZ_CP072943.1_gap64	1907780	1908756	976	GATTCCCGCGCGACGAGTTCCTGGGAGATGAAGGAGACGTTCTCCAGTTCGATGTCCTCCAGGCCCACCCCCTCCAGCGTCCCGAAGCGGAGAAAGCGCCTCAGAAACTGGAAAAAGAGGACTTTGTCGCTCAGAAAGTTGCGGAAGGCTCGGTCCTTGTCTCCCATCAAAGCCCCCTCCTTCTGTACCTGTACCGCGCGGCACTCGCTTGTCTCAACCTCGGCCCCGGCGGCCGTCTGCTTTTATGATGCAGCGTCGAGGCGGCGAGGTCGCTTTTGCAAGCCCCAAATCCCTGGGACCCTTTTTATGTGCGCACGACACAGGGACTTCTCCCGGGGGTCAGTCCTTTTCCCCCTCCGATTCCGCCAGGGCACGCACCTGCTCCAGGGGAAGGTCGAGGACGTCGGCCACCTGGGCGGCGTCGAAGCCGCGGGAGAGCATCTTCCGGGCGCTCTCAAGCACCTTCCGGGCGCTCTCCTGCATCGCCTCCTGACGACCCTCCTGACGACCTTCCATACGGCCCTCCTGACGGCCCTCCTGGCGGCCTTCCTTCCTGATCTTCCTGATCTCGCGCTGCACGTAGGTCACCATCTTCTCCGCCTCCTCTTCGGCAACGGCGGCCTGCGGGAACCGTTCGCCCCTTGCGGGACGGAGCGAGCAGGGATGCCAGCAGGAGCGGGACGGGACTACCGGCCCTCCCGGTTCGCGCCCTGAAAGCCGCCGCTTCGACGACGAAGGCCGGGAGCGAGAAAAGCCCCTCGCCCCATCGGGCCGCGCTCCCGGCAGGGGCAAAGGCGTTCTGCCGTTGCGACGACTCCCCCGTCGCAAGCTCCCGGGTAGCTCCCGGACGGACGAGGAGACTCGCCCCGACGAAACCGGCCAGACCTCGCAGCAGCCCCTTTCGGGAAGGGCCTCGATCTTCAGGAGGGACTCCGGGGTCAGTCCTTTTCCCCCTCCGATTCCGCCAGGGCACGCA
NZ_CP072943.1_gap65	1952918	1957729	4811	ATAGCAGCGGTCGCCCTTCAGAAAGAGCTTGCACCCCTCGGCCCGACAGAGACGGCATACGGGTCCCGTATATCTGCTCATGCGGTGTTCCTACCTCCTTGCCGACTGGGCCTAGACGCGGCGCCGCTTGGGAGGACGGCAGCCGTTGTGGGGAATCGGGGTGGTGTCGCGGATCAGGTTCACCTGAAGGCCGACGGCCTGGAGGGACCTGATGGCCGATTCCCGACCCGGTCCGGGACCCTTGACGACGACGTCGATCTGCTGAAGCCCATGATCCTGGGCGGTCTTGGCGGCCTGAGCGGCGGCCATCTGGGCGGCGTAGGGCGTCGATTTGCGGGCGCCCTTGAAGCCCACGTTGCCGCCGGAAGCCCAGGAGATGAGGTTACCCTGCTTGTCGCTGATGCTGACAATGGTGTTGTTGAACGTGGAGAAGATGTGAACCACTCCGTAGTTGATGTTCTTTTTTTCCTTGCGCTTGCCTCGGCGCTGGACTCGCTTGGCCAACTGCGTCTACCTCCTTGTCCTCCGCTACTTACCGGCCTTTTTCTTGTTGGCCACGGTCCGGCGGGGTCCTTTACGGGTGCGGGCATTCGTCTTCGTCCGCTGACCGCGCACCGTGAGCCCCAGTTTGTGGCGAAGTCCGCGGTAGCAGCCGATCTCGACGAGACGTTTGATGTTCATCGTGACCTCCCGACGGAGGTCGCCCTCGACGAGATGATTGTTCTGGACTTCGTTGCGAAGCGCCTGAACTTCGTCGTCGGTGAGATCTTTGACCCGGGTGTCGGGGCTCACGCCCGTCAGGGCCAGGACCTTGCGCGACGTCGAAATGCCGATGCCGAAAATATAGGTCAGGCCATATTCGATCCGTTTGTCGCGAGGAAGTTCCACGCCTGCGATTCGAGCCATGCCTCTACCTCCTCGCTCCCTGACGCTGCTTGTGACGCGGGTTCTTGCTGCAGATGACCCGCACCACTCCGTTCCGCCTGATGATGCGGCAATGCTCACACATGGGCTTTACGGACGGTTTGACTTTCATACCGGTCACGCTCCTTGCGAAAAAACATCGACCCTTACCAGCCGCGGTAAGCGGGGACGCCTTGAGTTGGGAATCTTACTTGTATCGATATACGATCCGCGCACGGGTCAGATCGTAGGGCGACATCTGGAGGAGGACCCGATCGCCGGGCAGGATGCGGATGAAATGCATCCTCATCTTCCCCGACACGTGAGCCAGAACCTTATGCCCGTTTTCGAGCTCCACGCGGAACATGGCATTGGGAAGCGGCTCCACCACCTTGCCCCGCACCTCGATGACGTCATCTTTTGCCATGCGTTTCCACCGACCTCCTTGGATTGCGGTTTCGCCCCTGACCGGAGAGGCCTGAGCCTCTTCCCGAGCGGGTGACGGATTTCCCCTCTGACGGCGGGATTTCGGCACCGCAAGCTACTATTTTACACGATATTGCAACTTCGGGAATCATCCCGACGTCGGAGCGGCTCACGGGTGCCCCTTCACTCCCAGGGGGTGAGAATCTCGGCCCCCTCGGCCGTTACGAGTACCGTTTTCTCGAAGTGGGCCGCATCCGATCCGTCTGCGGTGACGACAGTCCATCCGTCCGGTCTGGTGACGACCCGCTCTCCCCCCGACATGACCATGGGCTCGATGGCCAAGGTCATGCCGGGCTTGAGGACGAGCCCCCGACCGGGCTTTCCGTAGTTGGGGACCTGAGGCGGTTCATGCATGTGACGTCCGATGCCATGGCCCGCGTAGTCGCGGACCAGGCCGAATCCCCGAGGCTTGACGTAGGACTCGACGGCATGGCCCACGTCGCCCAGGGTCGCGCCGCCGCGGACGGCGGCGAGAGCCCTGTCGAGCGATTCGCGGGTGACCTGAAGCAGGTCTCTGCGGGCCTCGGAGACGGCTCCGACGGGATAACTCCGGGCGGCGTCTCCGAAATAGCGGTCGTAGCCGACGACGATGTCGACGCTGACGATGTCCCCTTCCCGAAGGATCCGATCCCGGCTGGGAATGCCGTGAACGACTTCGTCGTTGACGGAGGTGCAGAGGCTCGCCGGGTAGGGGCTGGCGATGCCGGGCACGCGGTACCCCTTGGTGGCGGGAACGCCGCCGCTTTTGACGATGAGGGCTTCCGCCGTCTCGTCGAGAGTCAGGGTGTCGACGCCGGGGACGATGAGCTCCTCCAAGAGCCGGAGGACGTCGACGACGATCCGGCCCGCCTGTTTCATGTTTCTTATTTCATGGTCCGATTTCAGTGTGATCATCCTACGCCCCGAGTCGGTTCTCAAGGGCGACGAGCACGGCGTCGCCCGATCCGCCGGCGTCGACTTCCAGGAGCCTGTCCTGGCTCCGGTAGTAGTCGACGAGGGGGGCCGTCTGTTCGTGATAGACGGCCAGACGGTTGCGGATGACCGATTCCCGGTCGTCGCTGCGCTGATAGATCTCGCCGCCGCAGGCGTCACAGACGCCCTCGACGGCCGTGGGATGGAAGGCGACGTTGTAGATGGCCCCGCAGCCGCGGCAGAGCCGCCTGCCGCTGAGCCTTTCGACGACGGTTTCATCATCGACCTGGAGGAGAACCACGGCGTCGAGGGTCAGCCCCAGATCGGCCAGAAGGCGATCGAGCGCCTCGGCCTGGGGGACGGTCCGGGGAAAGCCGTCGAGGATGAAGCCTCCCTCGCAGTCCTTTTCGCGAAGACGGTCCCCCATCATGGCGACGATGAGGTCATCGGTCACGAGCTGCCCGGCCTCCATGAACGTCTTGGCCTTCAGTCCCAAAGGCGTTCCCTTCTTGACGTTCTCCCGAAGGATGTCGCCAGTAGAGATGTGGGCCACCTGATGGTGTTCCAGCACTTTGGCCGCCTGAGTCCCTTTGCCCGCTCCCGGAGGTCCCAGGAATATCACTCGCATGTCCTTAGTCTCCTTATTCCGGTCCGGCCTAGAGCCGCAAGAGGCTTCCGGCCTTGTCGCGACGCTTGAGAATGCCGTCGTAGTGGCGCATGAGAAGCTGCGCCTCAATCTGATGGACCGTGTCCAGGGCGACGCCGACGACGATGAGAACGGCCGTCCCGCCGAAGTAGAAGCTGGTGATGCCCATGATGCGCGTCATCAGCGTCGGGATGAGGGCGATGACGGCCAAGAAGAGGCTGCCGCCCAGGGTGATGCGCGTCATGACGCGCTCGATGTAATCCGACGTGGGCCGTCCCGGGCGGATGCCCAGGATGAAGCCGCCGTTCTTCTTCATGTTGTTGGCCACGTCGACGGGATTGAAGACGACGGCCGTGTAGAAGTAGGCGAAGAAGACGATGAGCGCCACGTAGAGGAGCATGTAGAGGATCGAGTCGGGGCCGAGAAGGTTGATGAGCCGCGTCGCCCAGTCTCCTTTGAAGAAGCGGAGGAGCATCGTCGGGAACATGAGGATCGACGAGGCGAAGATGATGGGGATGACCCCGGACTGGTTGACCCTCAGGGGAATGAAGGTGCTCTGTCCCCCGTAGACGCGGTTGCCGACGACGCGCTTGGCGTACTGGACGGGAAGGCGCCTCTGTCCCTCCTGAAGGAGAATGGCTCCGGCGACGACGACGATCATGAGCGCGACGGCCAGAAGCAGGGTGACGGCGTTCATCTCGCCCATGCGGAGCATGGTGAAGGTCCTGATGAAGGCCTCGGGGACGCGGGCCACGATGCCGGCGAAGATGAGAAGCGAAATGCCGTTGCCGATGCCGTGATCGGTGATCTCCTCGCCGAGCCACATGACGGCGACGGAACCCGCCGTTATGGTGACGACGACGACGAGGCCGCCCAGCAGGCCGCCGGAGAAGATGCCCAGGTTTCTCAGCCAGAAGGTGAGCCCCAGGGCCTGAACGACGGCGAAGAGGATGGTGCCCAACCGGGTGTACTGGACGATCTTCTTCCGCCCCTCATCGCCCTCTTTCTGCATCTTCTCCAGCGCCGGGAAGACGACGACGAGGAGCTGCATGACGATGCTGGAGTTGATGTAGGGCGCAACGCCGAGAGCGAAGACGCTGAAACGGCTGAGGGCTCCTCCGGCGAAGAGGTCAAGGAAACCGAGGACCCCTCCCTGCTCGAAGAGCTTGGCCATGGCCGCCGTATCGATGCCGGGCGTCGGAATGTGGGAACCGAGGCGGTAGATGAAGAGGACCGCCATGGTGAAGAGGATCCGACGTTTGAGATCGGGCAGCCTGAAGGCGTCGCGGAAGGAGTCGATCACTTAGACCACCTCGGCCTTCCCGCCCGACGCCTCTATCTTCTCGATGGCCTGTCCGCTGAAGGCGTCGGCTTTGACGTGGAAGTTCTTGGTCATTTCCCCGTCGCCGAGCACCTTGACGGGATCGGTGAGCTTCTTGACGAGACCGCTCCGGTAGAGCTCGTTGACGGTGATCTCCATGCCGGCCTCGAAGCGGGCGTCGAGATCGGAGACGTTGACGATCTGATAGTTCTTGGCGAAGCGGAAGTTGCTGAAACCCCGCTTGGGCGTGCGGCGATAGAGAGGCATCTGGCCTCCCTCGAAGCCGGGGCGGACACCGCCGCCGGCCCGAGCCTGCTGGCCCTTGGTTCCCTTGCCGCCGGTCTTGCCCAGGCCGCTGCCGATGCCCTGGCCGAGACGTTTTTTGGGCTTGCGGGAGCCGGCGGCCGGACGCAGGTCGTGAATGCGCATGGTCCTAACCTCCTAATCCTCGATGACGGACCACTGGACGAGGTGATGCACCGAGGCGACCATCCCCCTGATCTGGGGCGTGTCGTCGTGCTCCACCGTGTGGTTCAGCCTGTG
NZ_CP072943.1_gap66	2028006	2029985	1979	CGCCGGCCGACAGAAAAAGGAGAGCCGCCCGAGCTCTCGAAGAAACGGCACTCTTCGAGCCCCCGACCGAGAAAGTCCCTCTCCCTGCAAGAAAGAGCCAGCCCGAGGCGGGCCATGACCACGGGCCTTGTTTCTCGTCTCGACTTGCTCCATTCCGCACGCCGCAGCGTTCAACCGCCGCTGTCGAAATGCCGTCGACCGGGCATCATCGACCCGGCCGAATTTCCACCCCACCATAGCATAGAGCCGATAACCTTTCAATCCGCTTTCTATAAAATGAAATTTTAATAAAAACATGACCGTCGCGGCAAAAGAGCGCCTCGTCCTCCATTCCGTTCTTCCCCGTCTTCATATTCTTTCTTCATATTCTTTCTCTCTAATATCCTTAGGGATGTTTTTATAATATTATCAGGGATGTTTTTCATCCGAAAGGGGAAAGTCCGAGGGACAGGCAGCCCGAAAGGGCGCGCGGAGATCGTCTCGCGGCCCCTTCAAGGGAACCCGTGCAACAGGAAGAATTTCACCAGAGGGGCTTACTGTCCGGCGACCTCCTCCGCTCCGTCAAATTGCATGCAATAATAGCGCGAATAGAGCCCTCCCCTTTCAAGAAGCTCTGCATGGCTTCCTCGGTCCACGATGCCCTCATCCGTTATGACAATTATTTCATCCGCGTTGCGGATCGTGCTGAGCCGGTGAGCGATAACGATCGTGGTCCTGTTCTGCGAAAGCCTGTCGAGCGACTCCTGGATATAGCGTTCACTCATTGGCCGCAACTTAGCCGAATATTCAAGAAGGTGTCCATCTATCAATTAGGTTCTCTCTGGCTAGACATCCTCCCGCCGTCCTCTCCGGTAGCGCTCGGGCAAGGGATCGGCCCTGACGGCGCCGATCCGGAGCGAGGCCGGGTCGAAGAGGAAGCCTTCGTGATAAAGAACGGTTTGGAGGAGGCCCGTGTGTGGTGAAAGTGCTCGGCGTAGAGGAGAGGTCCCATCTCCTTGACGTCGCTTCGCGGCTCCTTCTCCGGTTCCCTGCGCACCTGGCCCGAGACGATGACCGTCAGGGCCACGCAGATGACGATTTCGACTGTGCTTTTTCCCCGAACCGAGACGAGAGGCCGAAGGGACTTTTAAGCTCCTTTTTTAAGCTCCTTGAAAAAGATCTCCACGGCCCATCGGGCCCGGTAAAGATCAGCGATCTCCTCGGGAGAGACCTTGTCCGCCGGCAGATGGGTGACGTGGAGATGATATTCGCCGGTCTTCTCGTTTTTGACGCCGACGAAACGAAGGGGACGGAAGGCAGGGTCTTCCTCGATCTCCCGCACCTTCTTGTCCGTGATGTTACGGGGGGCAAAAAGTCCTTCGGCGTCGAGGACCTGGCGGCGCCGGTGGGGTTCCGCCTCCTGGAGGCGCCGGTGACGGAGGTCGATGCGGTTTCCCGGCCCTTCCCTCAGGCTCCGAAGCAGAAGGGGGTTGCTGTTCGTCTTCAGGCGACTGATGAAAAAGCCTCCGCTATCGTCGATTTCCCGGAAGCGCTCGATCTTGAAAGAACCCAGGTCGAAAAGGAGCAGGTGCCCTTCCATCCACGCCTCCGTCGGCAGGAGGGGGCTTTCGGCCGTCTTGCCCGAGAGGTACGGAAAAGGCCCCGGGAGCGCGATCGAGAAGCCCGAGTTGAACGTTCAGCTTCGCCGCCGCGGGACAGGTCGTGCTCCTGGCGTCGGGAAAGCTCTCGGCCAGATCGGGATGAAGAGGAATCAGGGTGCTGTCGATGGCGACGATCTCCCTGATGTCGCAGGCCTCGAGCGCCGTCGCCCTCGCGGGGAGCGCCTCGAAGACGACGCGAGCCATGGCGCGCTCCAGGCATCTTTTGAGGAATTCGAGCCGTTCCGGCGTGAAGCGATCGTAGAAGGCGGGCCAAGTCATCCGGTCCGGCGCGACTTTCTCATGGCTCCGATGGAGCCGGAGAAGACACAGGCGGCTCGA
NZ_CP072943.1_gap67	2031815	2036814	4999	GGCGCTGGCCGGCCCGCCGGAAAGGATGATCCCCTTGGGGTGCCGGGAGAGAATCGTCTCCACCGGAGCGTCCCAGGGGAGGATTTCGCTGTGGACCTTGAGCTCCCGGACGCGCCTGGCGATGAGCTGGGTGTACTGGGAGCCGTAGTCCAGAACCAGGATGTTGTCCTTGACGTTCATCATCGATCGGGCCCGAGGGCCCACACCTCCATCGTGGGGAATCCCCCTCATGGTAGCAGAAGAAGGGCAGCCGATACAGCGGCGGCAGGTTACGAAAAGGCCCCCGTTCCGGGAGAACGGGGGCCTTCGCGGCGACGGGCTCTAGAAGTCGCCCATTCCCATGCCGCCTCCGGGCATGGGAGGCATGGCATCCTTCTTCTCGGGCTTGTCGGCAACAAGGGCCTCGGTGGTGAGGACCATGGCGGCGATGGAGCCGGCGTTCTGGAGGGCGCTGCGGGTCACCTTGAGAGGATCGATGATGCCGGCGGCGATCATGTCCTCGTAGTCGCCCGTGGCGGCGTTGAGGCCCTGTCCCTTGGGAAGGGCGATGACCTTCTCGACGACGACGTCGCCCTGGAGACCGGCGTTGTCGGCGATGAGGTGGAGAGGAGAGGTGAGGGCCTTGCGGACCAGCATGGCTCCGGTCCTCTCGTCGGCATTGAGGTTCTCGAGGAAGGCGTCGAGGGCCTTGACGGAGTTGACGAGAGCCACGCCGCCTCCGGCGACGATGCCCTCCTCCACGGCGGCCCTGGTGGCGTTCAGGGCATCTTCGATGCGATGCTTGAGCTCCTTCTGCTCCGTCTCCGTGGCGGCTCCGACCTGGATGACGGCGACGCCGCCGACGAGCTTGGCCAGGCGCTCCTGGAGCTTCTCCTTGTCGTACTCGGAGGTGGAGTTCTCGAGCTCGACGCGGATCTGGGCGGCGCGCTTGCGGATGGCGTCGGCATCGCCCGAGCCGTGGACGATGGTCGTGTCGTCCTTGGTGACCTTGACGCGCTTGGCGCGACCCAGCATGGAGAGGTCGGCGTTCTCGAGCTTGAGACCCAGGTCTTCGGTGATGACCTGACCGCCGGTGACGACGGCGATGTCGGCCAGCATGGCCTTGCGGCGGTCGCCGAAGCCGGGGGCCTTGACGGCGCAGACGTTGAGGATGCCGCGAAGCTTGTTGACGACGAGAGTGGCCAGGGCCTCGCCCTCGACATCCTCGGCGATGATCAGGAGGGGCTTGCCGGTCTGGACGACCTTCTCCAGCAGGGGAAGGAGATCCTTCATGCTGCTCACCTTGCCGTCGTTGATGAGGATGTAGGCGTCGTCGAGGGAGGCCTCCATCCGCTCGGGATCGGTGATCATGTAGGGGCTCACGTAGCCCTTGTCGAACTGGAGGCCCTCGACCATCTCAAGGGTGGTGCCGACGGTCTGGCTATCCTCGATGGAGGTGACGCCCTCCTCGCCGACCTTGTCCATGGCCTCGGCGATGAGGTCGCCGATGGCGCGGTCGTTGGCGGAGATGGCGGCGACCTGAGCGATCTTGGCCTTCTCCTTGACGGGGATGGACATGGCCTTCAGCTCGTCGACGACGACGTCGACGGCCTTCTCGATGCCGCGGCGCATGAGCATGCCGTTGGCTCCGGCTGCGACGTTCTTCATGCCCTCGCGGATGATGGCGCGGGCCAGGACGGTGGCCGTCGTCGTGCCGTCTCCGGCGACGTCGTTCGTCTTGGAGGCCACTTCTTTCAGAAGCTGGGCGCCCATGTTTTCGAAGGGATCTTCGAGCTCGATCTCCTTGGCGATGGTGACGCCGTCATTGGTGATGGTGGGAGAGCCGAACTTCTTCTCGAGGACGACGTTCCGTCCCTTGGGGCCGAGGGTGATGCCGACGGTGTCGGCCACCTTGTTGATGCCGCGCTCGAGGGAGCGGCGGGCCTCTTCGTCAAAGGCAAGAATCTTGGCCATGGTTTTCCCTCCTACTTTTCGACGATGGCGAGAACGTCGCGCTCGCTGAGGATGAGGTACTCCTCGCCCTCGATCTTGACCTCGGTGCCGGCGTACTTGCTGTAGATGACGCGGTCGCCGACTTTGACCTCAAGAGGAAGTTTCTGTCCGTTCTCGAGGATCTTGCCCGTGCCGACGGCGGCGACTTCGCCCTCCTGGGGCTTCTCCTTGGCCGTCTCCGGCAGGACGATCCCACCCTTGGTGCGGCTCTCCTGGGTCACGGCCTTCACGACGATGCGATCAGCCAAAGGCTTCAACTGCACAGTCTATCCCTCCTTGTGCTTGATGGCTCTTCTGTTATGTTAGCACTCATTTGAGACGAGTGCCAGCAGGTTGGCTATGATATTAGCGTCAACGTTGATCAAACTCAAGTCCCAAATTTTGCCCTAGAAGGCGATCTGCGTCGTTTTTGGCCTTTTATCTCTTTTTTCCTCCGCCAGAGGACCTCATTGACTATCGCGGAAGAGAAGAGGGCCCTGCGGCTTTCGCCTCAGAGGCCCTCTTCTCTTCCGCGGCAGGGAAGGATCGGGACAGGGAAGGGCTCGAAAGGGGGAGGGCCGATCCCGACGGCCCTCCCTCAGGGCGAGGCCAGCGGCCAGGAGGGATCGGGCGTGAGCGTCAGGTCGGAGCGGACACCCCGCTTCCAGTTGTTGTAGCCGGCGGCGGCGATCATGACGGCGTTGTCGGTGCAGAGATCCCTGGGCGGGATGTAGCTCTTCCACTGACGGGCCGCCGCCATTCGCTCCCTGAGGGAACTGTTGGCGGCGACGCCTCCGGAGAGGACCACGGAGCGGACGCCCGTCCGGGCCACGGCGAGGCGGACCTTGGCCATGAGGGCTGCCAGGGCCGCCTCCTGGAAGGAGGCACAGATGTCCTCCAGGGGGATCTCTGCCCCCTCGAAACGGCGCAGCAGCCAGAGTACGGCTGTCTTGAGGCCGCTGTAGCTGAACTCGACGGCGTCGCTGTCTTTCATGGGGACGGGAAGGGGAAAGGCCTTGGGATTCCCCTTCCGAGCCAGATCGTCTATGGCGGGACCGCCGGGATAGGGAAGGCCCAGGAGTTTGGCCACCTTGTCGTAGGCCTCGCCGACGGCGTCGTCTCGCGTCATCCCCAGAAGACGGTAGTCGCCGAAGGCCCGGACGTGAACGATCTCCGTGTGGCCGCCGGAGACGATGAGGGCCAGAAAGGGGGGGACGAGATCGTCATGGGCGACGACGTTGGCGAAAAGATGGCCCTCGAGGTGATTGATTCCGACGATAGGCAGCTCCCAGGCCTGGGCAAGGGCCTTGGCGGCCATGACGCCGACGAGGAGGGACCCCATGAGCCCCGGGCCTGCCGTGACGGCCACGAGCGAGAGTTCCCGAGGGGCGTTGGCGACGCCGCCCCGTCGGAGGACCTCGCGGAGGAGAGGGATGAGGGTCCGAAGGTGTTCCCGAGAGGCCGTCTCGGGAATGACCCCTCCCCAGGGGGCGTGGAGGGCGATCTGGCTGGCCAGAGCCGTGGCCCGGACTCTCCGGCTCCCTTCGAGGAGGGCGACGGAGGTGTCGTCGCAGCTGCTTTCGATGGCCAGGGTCAGGAAGGGACGACTCACCGGCCCCCACCTCCGCAGCCCGAGCAGCCCGAACAGGAGCCGCCGCAGCTTTTGGGACGACGGGCCTCCCCTTCCAGATGGATGAGGACCTTGCCCCGGCAGAAGGGGCATGTGGACGAAAGACGTTCCGACCGGAAGACCTTCCCGCAGGAGGCGCAGCGATAGGCGTGCACGGCCGTCACCTCGGAGCGGTCCATTCCGTGCCGTACTCGCCGTAGCCCAGGGAGATGGGCCCCCGGGCCGGCAGAGCCTTGGTGGGGATCAGGACGGCCACCGTCGCCTCGAGCCCCGTGGGCAGATCGCCCTCGGGAAGGTAGTGAATGCGGGCACGGATGTCCTCGAGGGTCACCTTGTGGTCGCCCACGCGGAGCTCTCGGGGGTCGAAGGTCCAGGGTTTGAGGACCTTGAGGCGGATGACAAAGAGCGTCTTCCCTTTGGCGCCGTAGTTCTGACCGTGCCAGGCGAGCCAGTCGGGAACGTCGGGATTTCCCGACAGGCTGCGGGCCAGGGCCTGATCGACGAGGATGAAGGCCAGGCGGGCACGGGCGCCGAGGACCATGTCTCCCAGGACCTGTCCCTCGACCCAGACGTTGGCCGTCCGGGCGTCGAGAAGTTCCCGGAAGGTGGCGGCCTCGCCCGCCGCCGTCACGAATAGGAGGAGCAGGGAGAGAAGGGCGGCGGGAGCTCTCATGATCTCTGCCTCCTCTGAAGGTCGGCGATCTCGTCGGGGGAGAAGAGGTAGGAGGTGTTGCAGAAATGACAGCGGACCTCCTGGCTCTCGTCGACGCTCTCCCCTCCCAGGGCCGCCATAAGGCCGGCCGAGGCCACGTCACGGTCGCAGCGACAGCCGAAACGGTATTCCTGACGGCCCAGCCAGTAGAGGTCGAGGCCCGAGGCGAAACGTTCGACGACGCGCCTCACGTTTCCCTCCTCTTGGAGGAAGAGGCCGCTCAGCTGGGGCAGGGAGCGGAACCGGCGCTCCACTTCGTCGGCGAAGGCCTCCGTCGTGTCGGGAAAGAGCTGGACCATCAGTCCCCCCGCGGCGACGACGACGCCCTCGTGTTCGAGAACGCCCAGGGCGAGGGCCGTCCTGGTCTGTTCGGATCGGACGTAGTAGGCCGCCACGTCTTCGGCGATCTCTCCCGAACGGAGAGGAACCTGGCCTCGGACCGGCTCCTTCAATCCCAGGTCTTTGATGACCGACAGGGTTCCCGAGCCCACGGCGGCGGCGACGTTCCACTTGCCAGGCCCTTTGGGCTCGGGCTCGGCCGAGGGGTTGGCGACGAATCCCCGCATGACCCCCTCCGATTCGGCGTCGGCGACGATCTTGCCCAGCGGTCCGTCGCCGTCGACGGAAAGGGTGACTCGGGCCCGACGGCTCTTTTTCATGTCGTCGGCCATGAGGAGAGAGGCCAT
NZ_CP072943.1_gap68	2125423	2126998	1575	GGTAGGCCGTCCAGCTCCAGAGGTTGTTGCCCACCTTCTGCCAGACCACCTCCAGGGTGTGCTCGTTGCCCAGGGTGTCGTAGGTGCTGACCTTCGAGGAGTGCTGGCTGGCCAGGTTCTGCGTCACCGAGGCGACCTGGGTCCCTCCGGCGTTGGACTCGTAGGAAAAGAGAACCTTCCGCGAATCGCTGGGGTTGGGGATGGCCGTCACGGTGACGCCTCCCGTGAGGCCCGTGACCTGGGCGCTTCCCGAATAGGCCCCGCCCGAATAGGTCAGTCCCGTGCCGAAGGTGAAGGGCTCCATCGTCCCCTGCGCGTTGGGCCCCCAGAGGGTGATCGTGTCGCCGTAGTTGGCCCCGCCGGCGGTGGAGCTGCCGAAATCGACGAGGTACTGGCCTCCGTTGATCTCCGTCGTCTGGAAGTTGAACTCGGAATAACTCCAGAGGGTGGCCCCCGTGTCGGTATTCTTGACGGTGAAGGTCGACGTCGCGGGATCGTAGCCGTAGGTCACATCGGTCCCGTCGACCGTCCCCGTCGTCGTGCTGGGCACGAGGATGACCTCGCCGTCGGCCGAGACGCCCTTGAACTGGAGGGAGACCGTCTCGGCCGGCGTCCCGCCGTCGAAGAGGGAGAGGGTGATGAAATCGTCCGTCGTCGCTCCCTCTTCGAAGGAGTAGCGGACGGCGTTACCGCTCGAACTGGTGTAGGCCGTGGGGGCCGTGGCGAAAGCGGCGACCGAGACGGGATTGGCGGCGGGTTCGCTGGCTCCTGTCGGCTGTGTAAGAGTGAGTTGGCCTGTGCCTGTGTCGTAGGCAATGCCATAATGTGTCGCATCCGCCGTCGCTGCAAGCCCGGCGCTCTGCCAGGCGCTTCCGTCGTAGTAGTACAACGTATCGGTACCGGGGGTCACGGTAAACGTAGCGAAACCCGTCGCATCATCGAAACCGGTACAAGTGAGGTCAACCGTAGCCGACTGTGTCGTGGCCGTGCCGTCATCATAGGTCGTCGTCAGGGTAAGCGTCACCGTATCGCCTTCAGCTACGGACGATGCCGAAAGGGAGCCGGACAGGGTGAAATCATCTTGAACGCCCGTATAGGTCGGTACCGAGGAGAGGCTGGCCAGGGTGGTCCCGGCCTTGCTGACGACGCTGTTCCTCCCCGACGGGGCGTAGGTGGGGTTGACGTTGGCCTTGAAGCGGAGGGCCTGGCCGTCGTCGGAGACCTCGAGGAGGACGCTGTGCGTGGCGGGGAACTCGATGTCGTCGGCGGTGACGACGCTGAGGACGGCCGTCGTGTCGAAGGTGCCGTCGTCGTTGCGGGGGACGCGCCACTCGAAGTAGTCGAAGGTGTCGGGGTCCGTGGCGTTGGAGGTGTCGACGGCGGCGCCCCAGAGGCGGACGATGGCCGTGTTCCCCTCTTCGGTGACCTCGGCCAGGTAGGTCGTCTCGTCGCCGTTGGCGTCGGTGACGGTGACGGGCTCGTAGTTCATGTAGGCCCCCAGGGGGATCTGGGCGTCGTCGACGTTGAGCATGCCCGTCTCGGTGTTGAAGTTGACGTAGTGCCCCAGGGCGTCGA
NZ_CP072943.1_gap69	2281236	2284834	3598	TGCTTGGCGGCGAAGTCGAGGCCGACCTTGACGGCCTCGTCGAAGGCGAAGGTATCGCCGATGGCCGCGGCGGCGTCGTTGGCGTGGCAGGCCCAGTCGATCTTGCCCCCTTCGACCATCATGAAGAAGCCCTTGGGGTTGTCGAGGAGCTCGACGCCCTTGGCGGTGAACTCGGCCAGAGAGAGCTCGTTCTCTCCCCTGTCCATGTCGTAGGGCATGGCGTTGCTGCCGTCGAGGACGGGATTGACGGCGATAAGGGGCCTGTCTCCCGTGGCGGCCAGGATGGACGAACGGTCGCGAAGGACGGCGTAGCCCTTTTCGGCGGCCACGTCGTAGAGATCGGGCCGGTCCTTCTGCTTGCCCCGGCTCTGATGGAGACCGCCGCCGGCGAAGTAGTCGAAGCCGCTGTCGATGAGCTGCTGGCCGATCTCGTAGTAGTCGTTCCGGGAGGGCTGGGAGGCGTAGAAGGAGGCGGGCGTGGCGTGATTGAGGGAGACCGTCGAGAGAATGCCCACCTTCATCCCCGCGGCCTTGGCCATCTGGGCCACGGTGGTGAACTTCTTCGTCTTCGTCGGGTCCATGCCGATGACGCCGTTATCGGTCTTGTAGCCCGAGGCGAGAGAGGTGGCCGCCGGAGCCGAATCGGTGATGAAGGAGTTGCTCGAATAGGTGGTGATCATGCCCTGGACGGGAAGACTGCTGAGGTTGAGTCTCTTGAGGGACGGTTCCTTGCCGGAGGCCTCGAGGGAACTCTTGTAGATCTCGGCGGCGTTGACCTGCTGAAGCCCCATGCCGTCGCCGATGAAGAGAAAAACGTACTTGGCCTTGGGACCGCTCCAGTCGTTTTTCGTCTCCGCCGTCGCCAAAGTGGCGAAAAGGAGCAGCACCAGAAGGGCCAATCCCACTTTCTTCATCGCGAAACGATTCATGTCACCACGACCTCCTCGAAAGAATATGAGGTCATTATCGTCAACGGCCGTCACGGAAGGGCGACGGCAACCTTCCGGTTCCGTAAAGGCACATGGCCCATCGGACCCCAGACAGGGCGGGAGCGTTCGATCTCCCCAAAAAGGCGATGTTTTCGGGAGGCCCCGTTCTCCGCCCGAGGGGGCCGCAGACGATACGGATTTCCCGTCCCTCAGGGGTTTCCAGCCCCTCACGGCCGCGGCGGCTTCCGCTTTTGCCGGGAGCGAGGCCCGGCACGAGGGACGGGTTTTCCGTCCCTCGGGGGTTTCCGGCCCGAAAGAGGGCCGTCGAGGCGACGGCCCTCTTTCGGGGAAAAACCTCAGCCCTTTCCGGGACGGGCACGGACGCCTCGACCCACGCTCCCAGGAAAGGAGACGAGGCCGATCGGCCGTCCCGGCCGTGCGGGCGCGCCCGACCCGCAGGAGTTCCCGGCATGAAAACCGCTTTCTCGACGGCGTCACGTCGAGAAGGAACGACGCCTCACTTCCCTTCCAGAAGGGTCTTCAGCCCCTGGAGGGCCAGGATGTAGCCCGAGGCGCCGAATCCCATGACGAGGCCGGCGGCGACGGCGGTGAGATGGCTTTCGTGGCGGAAGGCCTCTCGGGCGGCCGTGTTGCTGAGATGGACTTCGATGACGGGGACGGAGACGGCGGCGACGGCGTCGCGAAGGGCGACGCTCGTGTGGCTGTAGGCGGCGCCGTTGAGGACGATGCCGTCGGCCTCGTCGCCTCCCCTCTGGACCCAGTCGACGAGATCGCCCTCGTGGTTGCTCTGGAAACAGCGCACCTCCAGGCCTCTTTCGGCCCCCCAGGCGCGGCAGTTTCCGTCGATCTCGTCGAGAGTCGTCGTGCCGTAGACGGAGGGCTCGCGACGTCCCAGAAGGTTCAGATTCGGTCCGTTGACGACGAAGAGAACGTTGCGTTCCACAGGAGCACCTCCTCGTAGGCTTTTTTCAGGTCGGCCAGGGGCACTTCCTCGACGACGGCCTTCCGCCCCTCGCGGGGAAGGACGAGGCGGGGCCGTCCTCCCTCGAATTTCTTGTCCCTCTTCAGGTGCCCCTCGATGGCGCCCCAGGGAAGGTCGGGGCGCCAGGGCAGGCCCAATCGCCTCAGGAGGGACAGGAGGCGACCCGTCGTCGTCTCCTCGACGAGGCCCATTTTTTCGGCCAGGACGGTGACGACGACGAGGCCTGCCGCGACGCCGTCGCCGTGGCTCCACCGTCCGTAGGCCGACGCGGCCTCCAGGGCGTGTCCGACGGTGTGCCCCAGATTGAGGCGGGCCCTGGCGCCGCTCCGTTCCCTTTCGTCTTCGTCGACGAGGGCCATTTTGATGGCTCCACAGCGGCGGACGAGACGTTCCAGGACCTCTCCGTCCCGGTCGAGGAGAGAGGGCGCGTCTTTTTCCATCTCATCGAAGAGGGCCCCGTCCTCGCCGAGACCGTATTTGACGGCTTCGGCCAGTCCCTGACGGTAATCGCCGTCGGAAAGGGTCCGAAGAAGATCGACGTCGGCGACGACGAGACGGGGCTGATGGAAGGCGCCGACGAGGTTTTTTCCCTCGTCGAGGTTGACGCCCACCTTGCCGCCCAGAGAGCTGTCGAGCTGGGCCAGCAGCGTCGTGGGACAGTGGACGACGTCGACGCCGCGCATCCAGGTGGCGGCGGCGAACCCTGCGGCGTCTCCCACCGTCCCTCCCCCCAGGGCCAGGACCGATCCCGACCGGTCCAGTCCGGACCGGTCGAAGGCACCGTAGAGCTCCCGGACACGGTCGAGGCGCTTGGCCCCTTCCCCCCGCGGGAGAAGGCTCTCTCCGAGACGCTCGCCCAGAAGGGGACCGTAGAGAGGCCCCGTCAGCTCGTCGGCGACGACGAAGGGTCTGGAAGGCGCGCCGGGAAGGTCACGCCATCTTTTCAGGATGCCCCGGCCGACGAAGATCGTCCTGCCCGGAAGAGAGCGCGCCTCCCCCTCGCGAGGCGCACCTCGGAGACCGAGGCGCTCGGCGATGCGGCGGGCCGCCTCTTCGGCGTCGAGATCGTCGACGTCGAGAAGGAGGTCTCCTCTGGAGTAGGCCTCTTCCCGCGAGGCCAGAAGGGCCTCCATATCGCCCCCGGCCAGGAGGGGACGCCCTTCGCCCGAGCCGAGACGACGGCCGATCGTCTCGGGCCGGGCCCGGAGGATGACGAGACGCCCCGTGGCCAGAAGACGTCGGCGGCTCGCCTCGTCGACGAGGGTTCCGCCGCCGAGGGCCACGACGAGCCCCTTGAGGTCGGCGATCTCCTCGACGAGACGGGCCTCGACATCGCGAAAAAAGGCTTCGCCCCTTTCGGCGAAGATGCGGGCTACGGTCAGGCCCAGGCGACTCTCGGCGAGGCCGTCCAGGTCGATAAAGGGACGGCCCGTCCTCTCGGCAAGGCGACGGCCCGTCGTCGTCTTGCCCGTTCCCATGAAACCGCCCAGGTAGACGTTGGGCTCACTCACGAAAGATCTCCCCCTTGCGGCGAAAGGCGGCGACGCGCTCGACGAACTCGGAGAGCCTGTCGCCGCCGAACTGCTCGGCCAGGGCGACGGCCGCCGTCCAGGCTCCGAGAGCCCTCCCGACGACGGCCGCGGCCGGAACGGCGCAGACGTCGCCC
