gap_id	start	end	length	sequence
NZ_CP130613.1_gap1	6978	8118	1140	GCGCCACGTACATCAAGGTGCCCACGAAGAACCCGGCGCGCGTCAAACGCTGATCGGGCGTGGTATCCGTGGCCGTCGCGATGCCGAAGTCGAGCAGCTTGACCGTGCGGCTCTCGTGATCGTACATCACGTTGTCGGGCTTCAGGTCGCGATGCACGATGCCGGCCTGGTGCGCCGCGAACACGGCGCTCGCGATCTGGCTGACGATGGCACAGACCTCGTCGGGCGGAAACGGCGCGTGCCGCTTGGCGTACGACTCCAGCAGCTCGCCGGCCGCCCATTCGATGACGAGGAATGGCACGCCGTTCTCTTCGCCCGTCTGGATCGTGCGGATGACGTTGGGGTGCTGGACGCGGGTGCCGAAGCCCGCCTCGCGCGTGAATCGCGCGACCGCCGTACGGTCCTGTCGCAGCTTCTCGCGCAGCACCTTGAACGCGACCGTGCCATGCTCGGCGTGCGACGCGCGATACACGGTTGCAGTCCCCCCCTCACCGACCCGGTCGACGAGGGTATACCCGGCCAGCGTCGTGCCTACCAATGCGTCACGCGTCACGGCGCCGAACCTACGTGCCTGCACGCAGGCGTGCAAGCACCGGCGCGAAGCTGGACGGTTCCCGAGGGCCATGCACCAGCCTGCGGTGTAGATTACTGGCCATTCTGCCCTCGTTCCCGATGCTCCGTCTGCACACCGCGACTGTTCGCCTCGTTGGAGGCCTGCTCCTGCTGGGAAGCGCCGCCTGCGGCGGCGGCTCGACGCCCAACGCGGGCGCCGGTCCGGCGCCCGCCGTCCAGCGGGACCAGCGCAACCTGTCCTTCGACCCACTGCCGCTCTACCGGCAGATGGGCATGATTGCGCGGGGCCAGCCGTTCCCGGTGGTCGGCCGCATCGGCGCCCTGCCCGCGCGAACCACCGACAGCACGCACGTCGTCGTCGTCCTGGGCTTTGCGCCCACCGCGTTGCGCTTCAACCGCGAGACGGACGATCGCTTCCGGGCGAACTACACCGTCTCCGTCTCCGCGGCCCGCGATGGCGCCGCCCCCGTCAACGCACAGACGACCGAGAGCGTGGTCGTCGGGGCGTTCCGCGAGACGGAGCGCACGGACGAGAGCATCCTCTTCCAGGAAATCCTCGATCTGGTG
NZ_CP130613.1_gap2	43217	46725	3508	GGAGTCCGGAGAACGCGCGGACGCCGATGCCCCGCGAGCGGAAGCGATCGGCCACGTCCTTCGCTGGTCGGTCGAGCGCCGCGAAGACGAAGTTGCCCTCCGAGGCCCACACCGTCACCCCCGGAAGGCGACGCATCGCCGCCGCGAGGCGATCGCGCTCGATGCATGTCTGGCGTGCGACCTCGCGCACCCATTCGCCGTCCTGCGTCAGTGCCGCGGCCGCCGCGAGCTCCGCGGCCGCATTCACTTTGTACGGACCGCGCGCCTTCGTCACCGCCGCCACGAGGGCCGCGCTGCCCACGCCATAGCCGACGCGGAGGCCTGCGAGTCCCCAAGCCTTCGAGAACGTGCGCGTCACGAGCACGTTTTCGCGCTGCGCGGCCTCGCGGCGCAGGTCATGCGCATCAGTGAACTCCCCGTAGGCTTCATCGAGCAGCACGATCCCCGGGGCCTCGTCGAACAGCCGCACGAGCTCGCCGCGCGGCGTCACCGTCCCGGTCGGATTGTTCGGCGAGCAGGCATAGATGATCGCCGCGCGCGTCGCCAGCAGCGCGTCCACGTCCATCGCTCCATCGCGGCGCAGCGGCACGGCGATCGGCGTCACGCGGTTCAGCCGCGCGAACGTCGGGATCATCGAGAACGTCGGATCGGCATGCGCAAGCGTTGCGCCGTCGGTGGCGACCGCACGGATGCATGCGTCCAGCACGTCGTCGCTGCCGCAGCCTGCGACCACCTGATCCGCGGCGATGCCGAGCGGCGCGGCCACCGCCTGCGTCAACGCACCCGCGCTGACCCGCGGATACTCGCGGAGCAGCTCGGTCGTCGCCGCCTGCACGGCGCGCAGCGCCGAGGGCGGCGTGCCCCAGAGGTTCACGTTGTCCCGCAGGTCGAGTGACACGTCATCGAGCGGGGACGGCGCGTAGAGCGGAATGCCGCCGAGGTCAGGGCGCAGCGGCATCATGCCCCACCCCACTGCCGCGCAGCCGCGGCGTGCGCCGGCAGGCCTTCGGCGCGCGCGAACGTGTCGACGTCGTCGGCCAATCGGCGCGCCGCCTCGCGATCGATGCGCTGCCACGTGGTCCAGCGGACGAAGTCCAGCGTCGAGAGGCCGGACCAGATGCGCGCCAACCCCCCAGTCGGTAACACGTGATTCGCGCCGCTCATGTAGTCGCCGAACGCCACGCTCGCCGTCTCACCGATGAAGACCGTGCCGGCGCCGCGCAGCTCGGCCAGCACCCTGCCCTCCACGGCCGGCGCGACCGCCAGCAGCAGGTGCTCGGCAGCCCACGCGTTGGCGAACTCCACGGCATCGACGAGCGACTCCACCGTGAGGATCCCACCCCGCGCCGCGAACGCTGCGCGAATCACGTCCGCGCGCGGCTCGGCATCGACGCGCGATTCAAGCTCGCGCCGGACCTCGGTGGCCAGCGCGTCGCTATCCGTGACCAAGACCACGGCGGCGACGGGATCGTGCTCCGCCTGCGCGAGCATCTCGCGCGCCACGACGGCGGGTGTCGCACTCGCGTCGGCGAGCACCAGCAGCTCACTCGGGCCCGCCGGTGAGTCGATGCCGACGCGGCCGGACACCTGCAACTTCGCTTCGGCGACGTAGGCGTTTCCGGGGCCGACGATGCGATCCACGGCGGGAATGCTCGCCGTGCCGTAGGCCATCGCCGCAACGGCACCGGCGCCGCCCACGGCGAACACGCGATCGACGCCGGCGATCGCCGCCGCCGCGAGCAGGACGGCACTCGGCGCGCCCCTCGCGTCGGGAGGCGAACACACGATCACTTCGCGCACGCCGGCGACGCGCGCAGGCACGGCCCCCATGAGCAGCGAGCTCGGGTACGTCGCGCGCCCCCCCGGTGCGTAGACGCCAACGCGCGCGAGTGGGTCGGGACGACGCCCGATGATCGCGCCGTCTGGCGTCGCCACTTCCCGCGGCTCGGGGCGGAAAGCCTCGTGCACGCGCCGGATGTTGGCTGCGGCGCGCTCGAGCGCACGACGCAACGTCGCATCCAGGGATGTGAGCGCGGCCTCCCACGCGTCACGCGGTACCTCAAGGCGGTCCAGCGTCGCGCCGTCAAACTCGCGCGCGTACGCCAGCAGCGCCGCGTCGCCCTCGGCACGCACGCGCGCGAGAACGGTGCGCGTGCGCTCACGGACGGCGTCGTCGGTCGTGGTATTGCGGTCGAAGAGGGCGCGCCGCGCCGTCGCGTCGAGCGAGGTGAGCGGACCCACGGCCGCGAAGCGAAGCGCGCTCACGCCAGCAACCTCTCGATGCGTGTGACGAGAATGCCCTCGGCGCCGATCGCCTTGAGGGCGTTGATGGTGCGGTAGATGCCCGACGCCGGGCACACCGCGTGCACGGCGACCTTGCTCCCGCCGTTCATCACGTCGATCACCGTCGGGCCGGAGATGCCCGGGAGGATCTGCTTGACTTCGTCGAGCCTGGTGCGCGGGACGTTGGCCATCAGGTAGCGCTGGCCACGCGCCGCCAACACCGACCCCAGGGCATCCACGAGTTCGCGCAACGTGCGATCGCGTTCGCCGACCGGGGCGCGGCCACTCGCAGGACCGGCGACCACGAGGTGCGCGGTGGACTCGAGTACGTTGCCGATCTCCCGCAGCCCGTTCACCCGCAGCGTCGAACCGGTCGAGGTAAGGTCGACGATCACGTCGGCGATGCCGAGGTGCGGCGCGATCTCGACGGCGCCGGAGACTGGCACCAACTCGACGCGCTTGCCGGCTGCGGCGAAGAAGCGCTGGGTGAGTTGCGGGAAAACGGTCGCGATGCGCGTGCCGTCGGGAATCTCGGCGATGCTGCGCACGCTGCCGTCATCCTTGGCGGCGACCACGAGGCGGCAGCGGCCGAACCCGAGGTCGAGTCGCGATTCGAGCGGCCGGCCGGACTCGCTGACGAGGTCCCAGCCGGTGATGCCGGCATCGGCCGCGCCGTCCGCGACGAACTCCGGGATGTCCTGGGCGCGCACGAAGATCGCCTCGAATTCGCCCCCGAGGGATGCGACGAGTGCGCGCTCCGAGGAGGCGCGGACCTCAAGTCCGGCGTCAGCGAGCAAGGATCGGGCGTCGTCGTGCAGACGGCCCTTGTTGGGAATGGCGAGGCGGAGCATGGAAGCGGGGAGCGGAGGAAAGGCGAAAAAACAAAACGACCCGTCCGGCAGTTCCGGACGGGTCGAGGGTGTCTGGGCCAGCGTGCGAGCGGCGGTCAGCAGCTCCGGGACACGCGCGATGCCCACCCCCGACCCGCCGGGCCGTGGTGGAGATGCGCGTGATGGTGCTGGATGAACGCCATGCCGAACCCTAGTTGGCCCCCCCAGCCCCGGTCAACCCATTGTCCAACTTATCTGGAAACGGAACTGCGAAGCCATTGCGCGAGTTACAGTTGGCACAGCGCATGGGATTGTGATATTTTTCACAACCTCGGGGAAATCCCCGAAGCTGCAAACCATCACATTTTTTTCTGTTCGGCCTGGAGGCCATTCGA
NZ_CP130613.1_gap3	54797	55872	1075	TCGGTTGACGGCCTCGAGTTCGGGCGCGGGACCACCGGCAAAACGGCCGCCCCAAAGTTTGTGCGAGCCGTCGTGACTGCTCACTGCGAGACTCCTGCGCCGCGCGGCGCCGTGGGTTCAGGAAGACCCGAAACCTAGCCGCATAGATATGCGATTGGAAGGGAACGCCCGCTGCGCAGCCCGCTGCGCCCGCCGCTATCGCGGCCGCTTCGCGAGCGAGGTCACCCGTCGCGCGAGGCGCTCCCGCGCCTGTTCGCTGCGACAGATCATCAGGATCGTATCGTCGCCGGCGATCGTGCCAAGCACATCGGGCGACGCCTCGGCGTCGATGGCCGAGGCCACGGGCTGCGCGCCGCCGATGACGGTCTTGAGCACCAGCAGTGGTCCGACGCCGTCGAGCGAGAGGAACAGTTGTGGCAGGATTGCCGCGAGTGGCGCGCGGCTGCCGTCATCGGCCGCGGCGGAATCTCCGGCGACGTAGCGCAGGCCCTCCGGCGACGCGACGCGCGCCACGCGGAGGTCGCGCAGGTCCCGCGACAGCGTGGACTGCGTGACGTCCCAGCCCTGCCGATGCAGGAGCTGGCGAAGCTCCTCCTGGCTCCCGATCTCGCGCGTGGCGATGAGCTCGAGGATGGCGTGCTGGCGTTCGCGCTTGTTGACGGTCACGGGGCGGGGAAGGGGGACGGCGGGAGTGTACCACAGGGGCGAAGGCAGAGGAAGCGCGCGCATTGACACGCCGCCAAGGCATTATTATGCATTATGCGTGCATAAGATTCCAGTCGGCGTGCTCGGCGCCTCCGGTTACGCGGGGCGCGAGCTTTCGGCGTTCATCGCCCAACATCCGCGCCTCACGCTCGCGTTCGCCACGGCGAACGCGCAGCGCGGGGAGACGCTGGAGCTGCCCGGCGGCGCCGTCACGTTCATCGCCACCGACGATGCGCCGTTGGCGTCCGCCGAGCTGGTGTTCTCGTCGCTGCCGCATGGTGCGAGCGCCGAATGGGTCGCGCGCGCGCGCGCGGCGGGTGCACGCGTCGTGGATCTCTCCACGGACCTGCGCATCGGGAATGGTGCGGCG
NZ_CP130613.1_gap4	72728	77000	4272	AACTGCCGCCGGCCTTGAGCAGCTCCTTGATCCCGCCGATCGCGCCGAGCACGCCCGTGGCTTCGCTGGGCAGGAACACGGTGGTTCCCTTGCCCTGGGCGAGCGCCGGGAGGGCCTCGAGGTACTTGAGGCCGAGCAGATAGGTGGCGGCTTCGCCGGGCGGCAGCGCGGCGGCGATGCGGCGCACGGCTTCCGCCTCGGCGTCGGCCATGGCGAGCCGCGCCTCGGCGAGACCTTGGGCGCGCAGGATGGCGGCTTCCTTCTCGCCCTCGGCCTTGCGGATCTGCGACTCCCGGAGGCCTTCGGCCTCGAGCACCGCGGCGCGCTTGCTGGCTTCGGCGTTGGTGACGGCGGCGCGGCGCTCACGCTCGGCGCGCATCTGCAGTTCCATGGACTGCTGGATGTCGCGCGGGGGCTCGATGCTCTGCAGCTCGACGCGCGTGACGTCGACGCCCCAGCCGATCGAGGCTTCCTCGATGACCTCGCGCATCTTCTTGTTGATCATGTCGCGCGAGGCCAGCGTCTGGTCGAGTTCGATCTCGCCGACGATGTTGCGCAGCGTGGTGCGCGTGAGCGTCTCGAGCGCGAAGGGCAGGTTCTGCACCGCGTAGGTGGCCTTCTGCGGATCGGCGACGCGGTAGTAGAGCACCGCGTCGATGTCGATCGTGACGTTGTCCTTCGTGATGACCGGTTGCGACGGGAAGTTCAGCACCTGCTCGCGCAGGTCGATGCGCGAGACGGTGCTGGCGATCATCTTCTTGAGGCCGGTGACGTCCGCCTCGAAGTAGCGCACGTCGATGCTGCGCGGCCGTTCGATGAACGGGATCAGGATGTTGAGGCCCGAGCGCGCGACGCGATTGAAGCGGCCGAGGCGCTCGACGACCATGACCTCGGCCTGCCCGATGATGCGGATGCTCTTGGCGAGGACGACGCCGATGCCAAGGGCAACTATGCCAACGAAGTACTCCAAGGGGCTCCTCCGGGGAGAGACGCCCCTAATCTACCACCGGAAATCGGCGACGAAGAGGTTGGTCTCGCCTTCCTTGGCGGCGAAGCGGTTGCTGGCCCACAGGAGCTGCTTGCCGTTGGGGTGGAAGATCGGGAAGCCGTCGAAGACGCCGTCGAAGGTGATCTGCTCCACCTGGTCGGGGCCGGCCATCGAGGCGTTGGCGTCGACCAGGTAGAGGTCGAAGTTGCCCGAGCGCGGCGCGACGAAGTTGGTGGAGAAGATGATCTTGGTGCCGTCCGGGCTCCACGAGGGCCCGAAGTTGGCGCCGCCGAGCGCGGTCACCTGGCGTTGGTCGCTGCCGTCGGCGTTCATGACGAAGAGCTCGACCTTGCTGGGGCGGATGAGGCCCTGGGCGAGCAGCTCGCGATACTGCGCGAGTTCGGTGCTGTCCTTCGGGTGATGCGCGCGGTAGACGATCTTCGTGCCGTCGGGCGACCACCACGGCCCGCCGTCGTACCCGGGCGTGTTGGTGAGGCGGCGCACGTCGCTGCCGTCGGCGTTCATGGTGTAGATCTCGAGGTCGCCGTCCTTCATGGACGTGAAGACGATCTTCGAGCCGTCCGGCGAGAGGATGCCCTCGGCCGTGTACACGTCGTAGTTCGTGAGGCGGCGCATGTCGCTGCCGTCACGGTTGGCGGTGTAGATGTCGTAGCGATCCAGCGGCCAGACGTATCCCTTGGACGGGTCCGGGCGCACGGGGCAGCCTTCATCATGCGCCGTGGTCGAGGCGAAGAAGAGGCGTTCGCCGCCCGGGAAGAACCAGCCGCAGGTGGTCTTGCCACGGCCGTCGGAGACGCGCGTCAGGCCCGTGCCGTCGGCCTTGATGACGTACTGCTGGTCGCAGGTGCGGCCGTCGCGCGTGGACTGGAAGGTGATGTACTCGCCATCCTGGCTCCAGTACGCCTCGGCGTTCTCGCCGCCGAAGGTGATCTGCCGGAGATTGGAGAGCCGGGACTCACGGGCATCGCCTTCGCGGGCGACGATGGGCGATTGTTCGGCGGCAGTGCCGCCGCAGGCCGCCGCGCCAAGCAGCGCGGCGGCGATCATGACACGGTAGGACATCGGGGGAAGCTGGAGGGGTTAGTCGGGTCGCCGCGCCGACGCCGCGGCCGGGACGGGCGCGGAAGCGGGAGCGAGGGCGAGCAGTTCCTGCGTGGTCTTCGCGCGGCGCAGGAGGTCCATCGCCCGCTGGAGCTGCACGTCTTCCGGGATTTCGCGGCGCTTGGCCGTCGAGTCGCCGAAGGCGAGGCGGGCAATGCGGTTGAGCAGGAGGCGATCGACATACGCACGACCGGCGTCCCACTCGGCGCGGTCGACGGTCACGCCCTTGGCTTCGAGCTTCTGCCGGAAGCCGTCGCGCATGGCGGCCGTGACGGTGAAGTCCGGACGCACCTGGTCCTTGAGCCCGAACGCGTAGTCGTACAGCGCGAGATAGACGTCCTGCTGCCGCGGCACGAGCGCCCGCGCGAGGCGAAGCTCGGCAGCCGTGAGCGTGTCGTAGGGCACGACGATGTCGGGCGTGACACCGCCGCCGCCGAACACCGCGCGCCCGCTGGTCGAGCGGAACATGGGCCGTGCGGCGCGTGCGCTATCGCTCTCCGAGGAATCGGGGTTCACCTCGACGAGGCGTCCCGAGGCATCGAGCACGCGCTCACGCTGGATCGTGCGACCGCTGGGGGTGAACCACTTGCCGGTGGTGAGCTTGATGGCGTAGCCCCCGTCGAGGCGATACACCGACTGCACGAGTCCCTTGCCGAAGGTCGTCTGGCCGACGACGAGCGCGCGGTCCTGGTCCTGCAGGGCGCCGGCGACGATCTCGGAGGCCGAGGCGGAGTAGCCGTCGGTGAGGACGACCACCGGCATGTTGGGGATGAGCGGCGAGCGTTCGGCGACGTAGCGCTCGACCTGCCCGCTGCGGCTGCGGACCGATGCGAGCTCGCGGCCGCGCGCGAGGAAGAAGTTCGTCATCTCGAGGGCTTGGTCGAGGAAGCCGCCCGAGTTGCCGCGGAGGTCGATGACGAGGCCCTTCACGTCTTCATTGACGAAGCGCGCATAGACCTCGGCGAACTCGCGCGTGGTCGTCTCGTTGAACTGCTGCACCGGGATGTAGCCGATGCCGCCGTCGAGCACGAGGCCGAAGGGGATCGCGGGGATGCGGATGGTGCGCCGGGTGAACTCGACTTCGAAGGCCTGGGCGACGCCCGGCCGCTGGAAGCGTGCCTTCACGCGCGAGCCGGGCTGGCCGCGGAGGGCGCCGGAGACTTGATCGAGACGCCAGCCGCGCGTGGACGAGGTGTCGACACCGACGATGCGGTCGCCCTCGCGGATGCCCGCTTCCTCGGCCGGCGTGTGCGGATACACCTTGCTGATGATGATCGTGCCTTCCTGGTCCTCGATCAGCATGCCCACGCCGCCGTAGAAGCCGCCGGTCGTGGTGTTGAAGGCCTCGAGCTGCGCGGGCGTGTAGAGCTCGGAGTACGGATCGCGCAACTGCTCGACGAGTCCGCGAGCGGCGCGCTCATAGAGCTCGCGCGTGCCGATGGAATCGACATAGCGATCGCCGACGAGCGAGAGCACTTGGTCGAAGAGCGTGGCGCTGGCCGTGGCGGCGCGTTCCTGCACGACGAAAGCGCCGGCCGCGAGCGGCAGGGCGAGAACAGCGGCGAGCGCAAAGATCCGGCGACGGGGCATGCGATATCCCTGAGGGAAAGGCTCTCGGAACCTACTCACCCAATACTCGGTGGGCTACGGAGGGTTCCGTCAGGAAACCATGACGGAGCGCCGCCGGCGCTTGGCGGCGCGCGGCCTCAGAAACGGTACTCGACGCTCCAGAGGCGACCGTCCTGGACGAAGCGTGCGCCGCGGACGAGCCCGGCCGCGAGCAGCATCTCGTGGGCCGGCTGCAGGACGCGCTGGAGATGCGAGGGAAAGCGCTGCGTGAGCGGCAGGCGCTCGGCCAACTGGTCGAGGGGCAGCAGCCACGTCGCATCGCCGTCGCCGGCGCGCTCCGCCTCGAGCACGCGATACAGCCGTCGGGCCACCGGCGACGACAGCGCGGCGTACTTCTGGGCATTGAGGGTGCTCACGTGCCCGGCCGCGATGTTGTCGCGCAGCTGGTGGGCCAACGTGACGCGCGCGTCGCCGGGTTCGTTGCTTGCGAGCGCGGGAAAGAGCGCCAGCTGGTCGCGGTCCGTGAAACGGCGGCGATCGATCGCCACGGCCGCGAGCAGGGTGAAGCGGGCGTGCGGGCGTGCCTGGGCCGC
NZ_CP130613.1_gap5	78930	79952	1022	GGCGGCCTCCTCCGTCCGGGCCTGCCGGCGGCGCGCCAGGCCCCCGGAAAGGTCATCGAGAATCGTGTACACCGCGGGCACCACGAACAGGGTGAGCAGGGTGGAGGTGATCAGCCCGCCGATGACCGCGTGGGCCATCGGCGCGCGCTGCTCGGCCCCTTCGCCGATGGCGAGGGCGAGGGGCAGCATGCCGAAGATCATCGCGGCGGTGGTCATGACGATCGGCCGCAGGCGGATGCGTCCGGCTTCGAGGATGGCGGTGAGGCGATCCTTGCCCTCGCCGCGGGCCTGGTTCACGAAGTCGATGAGCAGGATGCCGTTCTTGGTCACCAGGCCCATGAGCATGATGATGCCGATCATCGACATGACGTTGATCGTGCCCTTCGTCCACCACAGGGCGAGCGAGACGCCGAGCAGGGAGAGCGGCAGCGAGAACATGATCGCCAGCGGCTGCAGGAAGCTGCCGAAGAGCGACGCGAGGATCAGATAGATGAAGATGACGGCGAGGACGATGGCTTCGAGGACGAAGCCCTTGGTCTCGTTGAGGTTCTGGACGTCGCCCGTGAACACCGTGCGGTAGCCGGCAGGCAGCACGAGCGAATCCAGCGCGGCGAGCGTGGCGTCGGCGACGTCGCCGACGGCATAGCCGGGCAGGACGCCGGCGGAGATGGAGATCTGCCGCTCGAGCTGGCGGCGTTCGATCTGCTGCGGTCCGACGCCGGCGCGCACGTCGGCGACCTGGTTGAGCGGGATGGCGACGGGGAGCCCACGCGCGTCGATGGCGGGTGCGGCGACGGGGATGTTCGCCACATCCTCGGCGGAGGCGCGCAGCGAGTCGGGGTAGACGACGCGCACGTCGTGCGAGTAGCCCTGCTCATCCTGCCAGCGCGTGGCGCGCGTGCCGGTGAAGAGCGGCTGCAGCGTGCCGGCGATGGCGCCGATGCCGAGGCCGGCCGCCCAGGCTTGCTGGCGGTCGACGCGGACGTCGAGCTGCGGGATGTCGCCTTCGTCGGACGAGAACG
NZ_CP130613.1_gap6	88155	90010	1855	TGGGCCGCCGCCGCGAAGTGTGCGCGCTCCGTCGGGCGGTGCTGCTGCTGCTCGCGGTCGTAGGCGCGGCCTGTGCCCCGGCGCCCGCCGCCGCGCCGCCGCAGCCCATCACGCAGGAGCTGTTCTCTCCGGAAGCGGAAGTCGAGCTCGCGCAGCTGCAGTTGCACGAGCGCGGCTTCTACTGGCGTGACATCGTGGTCGGACAGGGCCGCCAGGCGGCACCGGGCCTGACGGTGCACATCGCCTACGTGGTGCGCATGCCCAACGGCGCGGAAGTGGACCGCGCCGAGCCCGAGGCGCCGCTGATGTTCAAGCTCGGCGAGCGGCAGTCGATCGTCGCCATGGAGCTCGGCCTCCGCGGCATGAACACGGGTGGCGTGCGCCAGCTGGTGATCCCGCCGCACCTGGCCTACGGCGCGCGTGGGCGTGGACGCGTGCCGCCGAACGCGACGCTGGTGATGATCGTGCGCCTCGTGAAGGTCGACTGACGTGGCGGCCCCCGGCACGAAGCGCTTCGACCGCTCGATCGTCGAGGGCCCCATCAGCGGCGCCGTGTGGAAGCTCGCGTGGCCGACCGTGCTCCAGAACGTCATCGGGGGCCTGCAGGGCGTGGTGGACCATGCGATGGTCGGCCACTACGTGGGCTACGCCGGCAACGCCGCGGTCGGCGTGTCGCTGCAGATCTTCATCGTCGTCATCGTCTTCGTGATGTCGCTCTACACGGGCATGGGCGTGCTGGTCGCGCGGCATGCCGGCGCCGATGACCACGACGGCGTGAATCACGTGGTGTACCAGGCGTTCCTGGCGACGATGCTGCTGTCACTGCTCGTGCTGGCGCCCATCGGGTGGTTCGCGGCGCCCTGGCTGCTCGATCTCGTGCGGGCGGCGCCCGAGGTGAAGGCGCAGGCGCTGCAGTACCTGCGCATCTCGTTCCTGGGCTGTGCCGGCACGATGACGTTCTTCCTGCTCGGCGGTGCGCTGCGCGCGGCGGGCGACGCGAAGACGCCGCTCCGCCTCGGCCTGGCGATGACCGCGCTGAACGTGCTGCTCAACGTGCTGCTGATCCGCGGCGTGGGCCCGTTCCCCGCGCTCGGCGTGGCCGGTGCGGCGCTGGGCACCGTGATCGCCGGGCTCACGGTCTCGGGCGTCGGCCTCTGGCTGCTGCTCAGCGGTCGCCTCGTGGTGCACTGGCCGACGTCGCAGTCGCGACGCATCGACTGGGCGACGGTGCGGCAGCTCTTCCGTTTCGGGTTGCCCGCCGGGTTGCAGGGCATCGCCATGAACGTCGCGGGCGTGCTGCTGCTGCGGTACATCGGTTCGCTGGCCCAGAGCGCGGAGGCGCAGGCGGCGTACGCGATCGGCTACACCGAGCTGTTCTCGCTGGTGACGTGGACGTCGGTGGGCTTGATGGGCGCGGCGGCGGCCGTTGCGGGCCAGAACCTCGGGGCCGGCAAGCCCGAGCGTTCCGCCGCGGCGGTCCAGACGGCGGCAGGATACGGCATCGGCATCGCGCTGTTCGTCGGCGCGCTGTTCCTCACGGTGCCGCGGCTCCTGCTCGGCCTGTTCGGGATGCAGGACGAGACGGTGCTCGCACTCGGGACGCAGCTGCTGCGCTGGCTGGCGGTCTCTGGGATGTTCGTCTCCGTCGCACTGACGTTCACGGGCGGCTTGCAGGGCACCGGCGACACGAAGGGGCCGCTCTACATCTCCCTGGTCTCGCAGATCGGCATTCCGTTGGGACTGCTCGCGGTGCTGCAGGCGATGCGGCCGCTGCAGCCCAGCGATATCTGGCTGGCGATCCTGTGCGGCCACGTGACGCGCTGCACGCTGAGTGTATGGCGTTTCCGGCGCGGGG
NZ_CP130613.1_gap7	108983	110383	1400	GATGACGATTCGGGTGGGTTCTGCCAACCTGCCTCCATCTATATGAAGGGGGAGGGCGGCGGGGGGCCGCCCCCAGGGCCCTCGGGGAATGTATGGATGGTGCATCGGCCTGTCACGCCGGGGTGTCAAGGACTTCTGACGGACCTGTCGGAATAATTCCCGAGTGCGGATTCCCGTGTTTGGTGCTACGATAGAGGACTCTGTGTCCCCCCAGTCCGGGTCATCCCGGGCGCCACTGAGTCCCAATGGGCGCATCGCCAGCGGAACCCCGATTCGGGGAAGCCGACCTCAGCAATTGTGAACGCGAGCTGATTCACCTCAGTGGCTCGATCCAGCCGCACGGGGTGCTCCTCGTGCTGTCGGAGCCGCGGTTCGTGGTCGTTCAGCTGAGCGCGAACGTCGACCAGATGCTTGGGATGGCGCCCGATGTCCTGCTCGGGTCGCCGATCGAGGCGCTGGGCTTCGCGGCAGCCGAGCAGGTGCGCGCGCTCGCGGCGGAACCGTCGCTGGTCGCTCCGCAGCCGTTGCGCCTCGTGCTCGAGACGCCACGTGGTCGCCTGAGCTGCAGCGCGATGCTGCATCGCCCCCCGGCCGGCGGCCTCATCCTCGAGCTCGAGGAGATCGTTGTCGCGGCCCGCCGCCGCACGACCCCCGCCCTCACGCAGCGCCTCACGCAGACCGTCACGCGCCTCTCGGCCGCGCATTCGATCCCCGCGCTCGCCGACCTCGTCGTCCGCGACATGCGCGACCTCATCGGCTATGACCGCGTGATGGTGTATCGCTTCGATGCCGACGGCCACGGCGAGATCATCGCCGAGGAGAAGCGCGACGGGCTCGAGTCGTTCCTGCACCGGCACTACCCGGCGACCGACATTCCGCAGCGTGCACGCGAGCTGTACCTGCGCAACAAGGTGCGCCTGCTCGTCGACGCGCGGTACGTCCCGGTGCCGCTCGTGCCGCGCGAGAATCCGCTCATCGGCGACGACATCGACCTGTCGATGGCCGGGCTGCGCAGCATCTCGCCGATGCACACGCAGTACCTGCAGAACATGGGCGTGACGGGCACGGTGGTCGCATCGCTGATCCACGAGGGCAAGCTGTGGGGCCTGATCTCCTGCCACCACTACTCGGCGAAGTACCTGCCGTATGATCTGCGCGCCGCCGTGGAGCTCGTGGCGGAAGTCGTGTCCACGCGCATTTCGGCGCTGGAGCATTTCGCGGAGGCGCAGGCGGAGGTCCTGGTCCGGCGGCTCGAGCATCGGCTCATCGAGGCGACCTCCACCGACGGTGATTGGCGCCGCGCGCTGTTCGATACGCCGCGGCAGCTGCTGCAGCCCGTGGGCGCCACGGGAGCGGCATTGCTCTTCGACGGCGAAGTCGAGACGACGGGTGAAGTGCCG
NZ_CP130613.1_gap8	132082	132992	910	GCCGAATCGCGTGAAGCTCGTCGAGAAGCGGGTGCTCGAGTCCACGGCGACGGTCAAGCAGGCGAGCTGGCCGCGTCGAGTGCTCGTGCGCGTGCTCGGGACCAGCGGCATCACCGAGCTGTACGAAGTCGGATTCGAGGGCTGAGCCATGTACGAAGCGACGATGAAGCCCCCCATGAAGGAAGTGAACGAGTCGACGAAGGCCGCGACCGAGGACGCCGTCCTCAACCCGCGCTTCTATACGACGGACTTCGCCGAGATGGACCGCCTGGACGTCTCCGCCCTGCGCAAGGACTGGGACGAGCTGGTGGACGAGTTCCGCCGCGACCCGAACAAGAACCACTTCAAGCGCAACGAGGAGTTCGAGGCCCTGGACTTCACGGGCTGGAGCCCGGAGCTCAAGACGGCGTTCATCGAGTTCCTCGTGAGCTCGGTGACGGCGGAGTTCTCCGGCTGCATCCTCTACGCCGAGATCAAGAAGCGCGTGAAGAACCAGGACATCCGCGACCTCTTCGGCTTCATGAGCCGCGACGAGGGCCGGCACGCCGGGTTCATCAACCACACGCTGGCCGACTTCAACGTGGCCGTGGACCTCTCGTTCCTGACCAAGGCCAAGAAGTACACGTACTTCAAGCCCAAGTACATCTACTACGCCACGTACCTGTCGGAGAAGATCGGCTACGCGCGCTACATCACGATCTTCCGCCAGCTGGAGAAGCATCCGGAGTACCGCTTCCATCCGATCTTCAAGTGGTTCGAGAACTGGTGCCACGACGAGTTCCGCCACGGCGAGGCCTTCGCGGTGCTGATGCGGGCCAATCCGCAGTTCCTGCAGGGCGGCAACAAGATCTGGATCCGCTTCTTCCTGCTCGCCGTGTTCGCGACGATGTACGTGCGCGACCATGCGCGC
NZ_CP130613.1_gap9	134162	137365	3203	GCTGCTCGAACCGTACGGCGGCGAGATCCTCGGATGGACCGTGGGGCAGACCACCTCGTTGACGGGCCTTACGGCCGCTGGCGCCATCGTCGCGTTCCTCTGGGCGGCGCGGATGATGGAGCGCGGCTCCGACGCCGTGCGCGTCGCGGCCCTCGGCTGCTTCCTCGGCGTGATGAGCTTCTGCGCCGTGATCTTCGCCTCGCCGCTGCAGAGTTCGACGATGTTCGCGGGCGGGGCGTTCCTGATGGGTATGGGCGAAGGCCTGTTCGCCGTGGGGACGCTGAGTGCGGCGATGGGGCTGCGCGATGCCACGCAGCACGGCATCGCGCTGGGGGCTTGGGGCGCGGTGTTCGCCAGCTCCGAGGGACTGTCGATGTTCGGCGCCGGCGTGATCCGCGACTGGGTGGTGCGGGGCATCGCCGATGGTCGCATCACGGGGGCGATGGCGGATCCCAGTGTGCCGTACAGCGTGGTTTATCACATCGAAACCTTGCTGTTGTTCGCGACGCTGGTGGCCTTGGGGCCGCTGGTGCGGTTGGTGCGAGCGGGCGCGATTGCGCGGGAGACGGGGAAGGAGTTTGGGTTGGCGGAGTTGCCGGCTTGAACTGCAGTTACGAGTTGGAAGTTGTGAGTTGGAAGTGGAACGACGATGCGGACGGTTGGTTCTTGCTGGTTACTTGAACGGGGGGAGGGAGTGATGGAGTACATCGATGGAGCACAGATCGCCCTGTACGCATTCTGGGCGTTCTTCCTCGGCCTGGTGTTCTACCTGCGGCGCGAGGACAAGCGCGAGGGCTATCCGCTCGACTCGCCGCAAGGCAAGCGTGAGGGTTGGCCGACGGTGCCGCCCAAGAAGGAGTACCTGCACGTCACCAACCACGTGGACGGAGGGTCGCACTGATGTCGGAACTCAAGGCTACGCCGGTGGACCACTACAACGGCTCGCCGTTGGTGCCGACCGGCAACCCGATGATCGACGGCGTGGGTCCTGCCGCGTGGGCGAATCGCGCTGATGTCGCCGACCTCACGGTGCGTGGCGAGCCGAAGATCGTGCCGATGCGCGTCGCGCCCGGCTATACGATCGCCGCGGGCGATCCCGATCCGCGCGGACTCCCCGTGAAGGCCTGCGACGGCAACATCGCCGGCACGATCGTGGACCTCTGGGTGAATCGCTCCGAACCGCAGGTGAGCTTCTATGAAGTGCAGCTCACGAGCGGCGCGCGCAAGCTGCTGCCGGCCGCGCTGGTGCAGTGGCCGCACTTCGGGCTCTGGGGCAACGACCACGTGATCGTGAAGGCGATCACCGCCGCGCAGTTCGCGGACGTCCCGACCACGAAGCGCGATGACCGCATCACGCTGCTGGAAGAGGACAAGATCATGGCGTACTACGCAGGCGGCCACCTGTACGCGACGCCGTCGCGTGCGGAGCCGATCATCTGATGACCGCAACGGCCCTCCCCCCCGGGGTGTCGGACGCTGTGCGCGACCTCCCGCGCGCGCGGCTCCGCGGTGTCAATGAGCCCCTGCCGCCGGGCGAGCGCGTGCTGTGGGAAGGCGCGCCCGATGCCCGTGCCGTGGCGCGGCACCTGTTCTTCGTTCGACCCCTGGCGGCGTACCTCGCCGTCATGGTGCTCTGGTGGGTCGGGGTGAACCGCGCCGAGATCGGCACGGCGAGCTTCTGGGCCACGCTCGGCACGCAGTTGCTGCTCTCGGGCGGCCTGCTCTTCGGCGCCTGGTGGTTCGCGCGGGCGATTGCCGGCGGTACGACCTACGCGATCACGGACAAGCGCATCGTGATGCGCTTCGGCGTGGTGTTCCCGCTCACGATCAACGTACCGCTGCACTACGTGCAGGGCGCGAGTGCGCGGCAGTTCCCCGATCGCACGGGCCAGATTGCCGTGAAGTTGGGCACGAAGGAGAAACTGGCGTGGATCGTCCTGTTCCCGCACGTGCGGCCGTGGACGTTCAACAATCCGGAGCCGCTGCTGCGCGGCCTCAAGGATCCGGTGAAGGTCGGCGAGATCCTGCGTGAGGCCGTGATGGCGGTGCCCGCGAAGGAGTCCGCATGAGCGCCGAGATCCATTTCGAGCCGGAACCCGGTTCGACGTCGGCGATGCCGAACATCACGCCGCCGAAGCCTGCGTTGCGGGTGGCGGTGGCGATGGTCGCGTTGACGTTCACCATGGCCTTCCTGGCGTCGCAGTTCGGCATCTTCAAGTCGCCGGACATCTATGAGAACCCCGTGGCGCAGCGCGCGCTGAGCTTCGCCGATGCGGCGGACGGCGGCATCCTCGTGCGCGATGGCGCAACGGGCGAGACGGCGCTGACGCTTCCTGCCGGCACAAACGGATTCCTGCGTGGCGCCCTGCGTGCGATGGCCGACCGGCGCCGCGTGGCGCAGAAGTCGCCGGACGCGCCCTTCCTGCTCACCGCCTGGGGCGATGGTCGCGTGACGATCGAGGATCCCGAGACGCGCGAGCGCATTGCCGTGAGTTCGTTCGGTCCCACGCAGGTGAAGAGCTTCGTCGCCTTGCTCGACAAGGACGGTACGATGTTCGCCGGCCCGCCGTGATCCTGCTGCGGGGCGGGCCGTAATCCCGCCCCCGATGCCGCCTCCCGAAGATTCGGTCGAGGTGACCACGCTCGCCGAATGGCGGGGGTGGCTGCAGGCGAACCATACGCGCCGCGCCAGTGTGTGGGTGGTCACGTACAAGAATGGCGCGAGTCGCCCCCACGTCGCCTATGACGATCTCGTCAGCGAGGCGCTCTGCTGGGGCTGGATCGATTCGCTGCCGCGCAAGTTGGACGCCGAGCGCACGATGCTGCGCTTCTCCCCGCGGTCGAAGAACACGGGCTGGTCCGCGCTCAACAAGCAGCGCGCCGAGCAGATGATCAAGGCCAAACGCATGCAGCCGGCCGGACTCGCGAAGATTGCGGCGGCGAAGGCCGACGGGTCATGGACGCGGCTCGACGCCGGCGAGGCCACGCGTGCCGCGAACGACAAGCGCGCCGCGAAGGGCAAGCGCGCCGCCTGGTGGCGCGACTAGAGCGGCCTCGACTCCGAGAGGCCGATGACGTTGCCTTCGGGATCGCGGCAGAAGGCCATCCACAGTTCATGCGTCGCGGTCTTGCCCACGAGATGGGGCTCGTCGTCGAAGGGCACGCCGCGGACCTTGAGCGCGGCATACGCCGCGGCGCAGTCG
NZ_CP130613.1_gap10	276062	280084	4022	GCTTGGTGGGCCTGGCTTCAGCCCCCGCGCCTCCGACGCACGCGGCCGGCTCTATGGCGAGGGCAGCCCGATCTCGCCGGGGCCCAACGGTCCGGTGGTTGCCGATTCCGTGCCGCTGATTCGCCTTGACCGCAGCACGCGCCGCATGGACACGCTCACGTACATCGTGCTGCCGAAGTCCAACTCGCAGGTCAGTGGGAGCCAGGGCAACGTGCGCGTGATGATCGGCGGGGCGAATCCGCTGGCGCCGCGTGACGAGTGGGCGGTGTTCCCCGACGGGCGCGTGGCCGTGGCGCGCGCGGGGACGTATCACATCGAGTTCATCGCGCCGGACGGCAGCAAGCGCTCGGGGCCGCGCATCGCGTACACGCCGGTACGCATGAACGCGGCGGAGATCCGCTACGAGGAAGGCCTGCGCAACGCGGCGCGTGCCACCCAGATGTCGATCATGGTGACGAACAACAATGGACAGCGTTCGACGACCGCGCAGATGGGCCCGGGTGCCAACGCGCCGCCGCTCGAGCCGCTGACGGATTGGCCGGAGGTGAAGCCGCCGTTCCGCGCGGGCCAGGCCAGTGTGTGGGCGCGGCCGAACGGCGAGCTCTGGGTACGCCGCACCGAGAATGCGCAGGCACGCGGGACGCTCTACGACGTGATCAACGCACAGGGCACCGTGGCCTTCCAGGTGCGGCTTGAGGACGGCGTGACGCTCGCGGGCTTCGGCACCAACACCATCTATACGACGCGGAAGGACGAGGACGATCTCGTGTACCTGCGTCGCCACACCGCGACGGAGATCCCGCTGCGCGGCAACTGAGGCGCACGCGGGCACGGACGGCGGGGGTGGGCCATCGGGCTCACCCCCGCTTTCATTAGGGTTCGGTGAAGCGTGTTGACGGGTGTTCTCCCGAGGGCCAAATAAGGGCGATGCAACGGACTCTGGCTGCGGCGCTCGGCGCCGCCATCCTCGCGGGCGCGGCCTGCGGCGGCGAGGCGCCGCAGCAGGCGAATGTCGTCCGCACGGACTCGGCAGGCGTGCGCATCGTCATGAGCACGGGGCCGGATACGGCCTTGGCGTGGCGCTTCGATACGATCGGCGTGCTCACGGATTCGCTTGGCGAGCCGTGGCTCTTTACCGGCGTCACTCCGCAGCAGGTGATCACCGATCGTGCGGGCCGGACGTATGTGCTCGAGCGCGAACCGGCGATCCGTCGCTTCGGCCGCGATGGTCGCTACGAACGGAGCATCGGCCGGAAGGGCGGCGCGCCCGGGGAGATGGGACTGCCGTTCCATCTCGTGCAACAGGGCGATTCCATCGCCGTGCTCGACGTGGGCCGCAGCGCGCTGGTGCGCTGGGGGCCGGATCTCGACCCGATCGCCGACATTCCGCTCCGTGACGGGCTCGCGGGCACGATGCGCATAGCCTTCCGCACCGGTGGGCTCTGGCAGCAGGTCAGCAGCTGGGATTCGACCGGCAACACGATGACGTTGCGCGGCGACACCACAGGCAGCGCGGTGCTGGCCACCGTCTTCGAGCCGGCAAATCGAAACGCGCGCATGCTCTCGGGCTGCGGCGGTCGCGTGCAGCTGACGCAGCCGAACTTCTTTGCGCGCAGCATCCAGTGGGACGCCGACGGTCCGCGCGCGCTGGTGTATGCAGGTCCACACTACGAACTCGCGCTCTACGAAGGCAACCGGCTCCTCGCCTCGGTGCGTCGCGACCTGCCGACGCGGGCGCCGACAGTGGATGACGTGCGACGCCAGTTCCCCGATGGTCTCAAGCTCCAGATCCCCGGTGCCGAGTGCACGATTCCGCTCAGCGAACTCACCGCGGGACCGGCGCTCGATGGGATGCTGCCCTTTGCGTTCGGGGTGACGCTGCTCGCGGACGGCACGATGTGGGTGCAGCGGTCGCTGCGCGACGAGAAGCCGGGGGTGCTCGACGTCTTCGGTTCCGACGGGGCCTACGTCGGCACGGTGCGCGGGTATCGCCTGCCGGTCGGGCTCCTGCCGAACGGCGAGCTGCTCGTGCCGATCGATGACGAGGAGTCCGGGGGGCTCGTGATCGCCCGACTGCGCGTCCTCCGCTGAAGAACTGCGCTGACACGTGCAACCAAAGGCTGTCGTAGAGGGTCCAACGCAGGACACCTTCCCACGAACCACCTTCCAGATGTCGATGCGCCGTCCTCTCGCGTTCCTCCTCGCCGCCACGACGCTCGCGGCCTGTGACAAGATCAAGTCTGCCGTCGGTGGCGCCGCCACGGCGAGCGCCGATTCCACGGCGGCGGCCACGGACTCGGGCGGCACGTCCGGCGGCTCGACGGTGTCGTTGCCCGTCGTCGTGTCCGACGTCGAGGACGGCGACCTCGTGCTGTCGATCAACACCACGGGCCAGGTGCGCTCCGAGACCGAGGGCCGCATCCGTACGGAAGTCGCGGGCACGGTGAGCCGCGTGCTCGTGCGGCCCGGCGAGCGGGTGCGGCGCGGGCAGGCGCTGATCGAACTCGACGCGCGGCCTTTCGAGATCGACCTCGCCGAGGCCCAAGTGGCGTTGAAGCAGGCCGAGCAGCAATACGAAGACCTCTATCGCCCCGACTCGGCGGCGACCGGTGTCATGCCCTCGCAACAACGCCTCGATGCCTTCGTGATCCGTTCAGGCCTGGCCGCGGCGCGCGTGCGCCTCGATCGCGCCAAGCTGGCTCGCGAGCGCTCGACGATCTACGCGCCCTTCGACGGGACGATCGATCGCATCAACACCGTGATCGGCGATCGCGTGAACGCCGGGCAGGAGCTGGGATTCCTCGTGGACCTCAACAACCTGCGCGTCGAGGCGGCGGTGCTCGAGCACGACCTGCCGCTGATCCGCGTGGGTGGCGAAGCGGTGATCTCCAGCGCGGCGATGCCGGGGCAGGCGATCGCGGGCCGCGTCGCGGCCGTGCTGCCGATGGTGGACAGCACGACCCGTGCCGGTCGCGCCTTCGTGCGCGCCTCCGGCAACAGCGCCCTGCGCCCCGGCATGTACGCCGACGTGCGCCTCGAGGCGCAGCGGCTCACGGGCCGGCGCCTCGTCCCGGCACGCGCCATCATCGAGCGCGACGGCCGTCCGCTGGTCTTCGTCGTGAAGGACGGTCGCGCGCAGTGGACCTACGTGCTGCCGGGGCGGAGCAACGGTCAGCAGACGGAGATCCTGCCCGACACCACCAGTGGCATCATCCCGGTGAATCCGGGCGACCGCGTCATCATCGAAGGGCACCTCACGCTGACGCACGACGCGCCGGTGCGCGCCGTCGCGGCGCGCGAGCGCAACTAAGCGGGCGTCCCGATGTCGCTCTCCGCATTCGCCGTCCGTCGTCCGGTGACGACGGTGGCCGCGACCTTGGCCATCGTCCTCCTCGGCAGCGTCTCGCTGACGCGCCTGCCAGTCACGCTGCTGCCCGACGTCACGCTGCCGGTGCTCACGGTGCGCACCACGTACACGGGCGCAGCGGCCGAGGAAGTCTCGCGCTTCGTGGCCGAGCCGATCGAAGCGGCGGTGGCTGCCACACCGGGCTTGGTGGAGCTGCGCTCAGTGAGTCGCAACGGCGAGGCCGTGACGACGATGCGCTTTCAGTGGGGCACGGACATGCCCACGACGATCCTCACGGTGCGCGAGCGGCTCGACCAGGCCCGGTCGCGGTTGCCGGAGGGCGCCGCGCGGCCGACGCTGCTCACCAGCGATCCGGGTGAACGTCCCATCGCGGTGATCGGCCTGACGGGCCTCAACGACCTGCGCCTGCTCGGCCGCACGGCCAATGACGTGCACGCGCGGCGCCTCGAGCAGATCGGCGGCGTGGCCAGCGTGGCTGTGGTCGGCGCGCCGGAGGACGAGATCCGCATCGAGGTCGACCCGGAGAAGATGCGCGCGCTGGGCATCTCGACGAACGACGTCGCGACGGCGGTGCAGAGCGCAAACGCCAACGGCGCGGGCGGCACGATCCGCCGCGGGCAGTTCCGGTTCTCGGTGCGCGCCCTCACGGAGTTCC
NZ_CP130613.1_gap11	294410	298392	3982	GGATTCTCTTGCTCACGACGGGGGCAGCGCTCGGCTTTTCGTGCCGGGATCCAATGCCACCCGTTGGCACGGACGGCGACCCGCGCGTGTTATGGCGGGTACCGTCCGGCGCGGATGCAAGACCACACGAGCCTGTCGCGAATGCAGATGGCTCGATGGTCTACTTCCTGAACTCGGCGTATCGTTTGCAGAAGATTCGTGCGACGGACGGCCACGTCGTCTGGGATCGGTCAGGCGGGGTTCCACGACAGAACGGCGCGAGTTGGAATCTCGTGCGCAGCGCCCACGTGGTCGTGGCGCCCCGTGTGGACCTCTATGCGTTCGACACCACGTCCGGTCAACCGGCATGGACATACGTCGACCCAGAATTGGACGAGACCGGCTACAGCACAATTGCCGCCGATAGCCAAACCGTCTACGCTGCCTCCCGGCTCGGAAAAATCCACGCCGTTGCAGCGGGGTCTGGCACGGCGCGTTGGATTGTCGATTTGAAGACGGGGGAGGTCTCAGTCGGCGCACTGCGCCCGACGCTCCACCATAGCCTGCTGCTCGTCTGTTCGCGAACCCTCGACGGTCCGTCACGTGGGACTCTGTGGGCACTCAACACCGCCGATGGAAGCGTGAGGTGGCGTTACGACTTTCAGCCAGAGCTTCCCGGACAGGGCTCTGCATGTTTCGGACACGCGGCGTCGATGGGTGACGTCGCCATCCAGGCCCAGGAGGACGGCCGGGTCTTCGCCTTCGAGCTGTCCACTGGTGTAGTTCGATGGGTCGCACCGCGCGTGCATGACGTGACATCCGGCTTGGGCGACAGCCGGTACGCGGCGGCCGGCAGTGGTGTGTTCGTCGTGACGAGTATCGCTGACCGCGGCCTCGTCGTTGCCTACGATCCCGTGGATGGTCGAGAGATCTGGCGCTACACCGAGAACGGAGGGTCACCATCTCCGGCACTCATCGCCGACGGCAGCGTATGGGTGGACCACGGCTATCGCTACGCATCCTACGACGCGGCAACCGGTCGACTGCTGTGGCAGACGCCGGCGGTGTTCGGCGCCCCACCCACTGTCTATTCGGGTCGTCCGGTCGTTGGCGCGGACCGCATCTTCGTGGCCGGACGCGACGGCTCCTACGCGCTCGTCAAATAGGGGCAGGGTTGCATGAGGCCTCAGCGGCCGCGGTTACTCAGCTCCACCATGAGGCACTTGTCCTGCACCACGTCGATACCATTGCGCGCGAGTTCCTCCGCGACGCCGTCGTGACGAATGCCGAGCTGGAACCACACCGCACGCGGCCGCGCGGCGAGGAGGTCATCGAGGTGCTGCGGGATGTCCTGCGGCCGGCGAAACACGTTCACGAGGTCCACGCGGTCGTCGATGGCCCGCACGCTGCGCACGACGGGCTCGCCGAGGATCTCGGTAACCTCGGGGTAGTAGACGGGCACCGGGTGGATCTTGTAGCCGGCGCGCTGCGCGTACTCCGGCACGTAGAAGGCCGGTGCGCCGGAATCGGCGGTCTTGATGCCGAGCACGGCGATGCTGCGCACGCGGCCGAGGAGGTCGCCGATGGCGGCGTCGGAGGTCAGGAGGTGCTGCTGCCAGTCGGCCATGGTGGGGTGAAAATCAGAGGGGAAATCCGGTAGATTTGGAGGCTGTCCAGAAAGTACCTCCATCCGGGACCCCCACGATGCGGATGCTAGTTCTCGGCGCGGGCCTTCAGGGCTCCGCCTGTGCATACGACCTGCTGCAGAACGACGCGATCACCGAAGTGCGCCTGGCGGACAAATCCGTCGACCACCTGCCGAAGTTCCTCCAGCCCTACGTGGGCGGTGAGCGCCTGAAGCTCATCACGCTGGACGTGAAGGACGCCGCGGCCGTCGCCCAGGCGATGGCCGGCGTGAAGGCGGTGATGTGCGCGCTGCCGTACTACTTCAACAAGCCGATGACGGAGGCCGCGATCGCGGCCGGCGCGCACTTCTGCGACCTCGGCGGCAACACCGAGATCGTGCAGGACCAGAAGACGCTTGACGCGGCGGCGAAGGCGAAGGGCGTGACCGTCGTGCCCGATTGCGGGCTCGCGCCCGGCATGGTCAACATCCTCGCGCAGCTGGGCATCGACCGGCTCGACGAGACGCAGTCGGTGCGCATCTACGTGGGTGGCTTGCCGCAGGATCCCCAGGGTCCGCTCAAGTACCAGATCGTGTATTCCATCGAAGGCGTGCTGGACTACTACACGACGCTCAGCTGGATCGTGCGCGACAAGAAGCGCGTGCAGGTCACGGCGCTGAGCGAGATCGAGCCGGTGCATTTCGAGTCGCCGGTGGGTGAGCTGGAAGCCTTCCACACGGCGGGCGGCCTCTCGACGATGGCCCATCGATACGAAGGCAAGATTCCCGAGATGGAGTACAAGACGCTGCGCTATCCCGGACACGCGAAGATCATGGAAGCGATCCGCGAGCTCGGGCTGATCGACCTGGCGCCGGTGGACGTGAAGGGCCAGCAGGTCTCGCCCCGCGACGTGGCGATCGCGCAGATGCATCCGCGGCTGTTCAAGAAGGACTCGCCGGATCTCGTCGCGCTGCGCGTGGTGGTGAAGGGCACGACGGGCGGCAGGCCGCAGACGCATACGTTCGAGCTCGTGGATCGCTACGACGCCAAGCACGGCATCTCGGCGATGATGCGCACGACGGGCTACTCGCTGTCGATCACCGGGCAGCTGCAGGCCATGGGCAAGGTGCAGCCGAACGGCGTGCACACGCCCGATGAGTGCATGCCGGGCGATGCGTACGTCACGGAGCTCGGGAAGCGTGGGATCCTGATCCGCCAGACGGTTTCGTAAGGCGTTCACCACGAAGGCACGAAGGCACGAAGGATATCCTTCGTGCCTTCGTGTCTTCGTGGTAGAGTAGTTCTCAGTTCATCCCGGAGCACAAATGGTACGTACTGCGAGCACGATGCTGGAACTGGGCACGAAGGCGCCGGACTTCTCGCTGCCGCGCGTCGAGGATGGCCGTCACGTCGCGCTCAGTGAGTTCGCCGGGGCGCCCGCCACGCTGGTGGTCTTTCTCTGTGCGCACTGCCCGTACGTGAAGCACGTGGCGCCGGCGTTGGCGACGCTGGTGCAGGAGTACCAGGCGCGCGGCGTGGCGGTCATCGGCATCTCGTCGAACGACGCCACGGCGTATCCGGACGATGCGCCCGAGGCGCTGGCCGCCGAGGCCCGCGAGCGCGGCTACACGTTCCCGATCCTGTACGATGAGTCGCAGGCGGTGGCGAAGGCGTACCGCGCCGCGTGCACGCCGGACTTCTATCTCTTCGACCGCGACCTGCTGCTGGCGTATCGCGGGCAGTTCGATGCGTCGCGCCCGAAGAACGACCTCCCGGTCACCGGAGCCGACCTGCGCGCCGCGCTCGATGCCGTGCTCGCCGGCGCAGCGGTGCCCGAACCGCAGGTGCCGAGCATCGGCTGCAACATCAAGTGGAAGCAGGCGCCGGAGTACTTCACCGGTCTCCCAGCAACTTGATGATCACGCGCTTGCGGCGCTGTCCGTCCCACTCGCCGTAGAACACGCGCTGCCAGGGGCCGAGGTCCAGCCGGCCGTCGGTGATCGGGACGATGACTTCATGGCCGACGGTGAGCGAGCGCAGGTGCGCCGCCGCGTTGTCCTCGCCGGTCTCGTTGTGCCGGTAGCGCGTCGGGTCCCAGGGCGCGATGCGCTCCTCGAGCCAGCGCAGGATGTCCTGCCACAGCCCGGATTCGTGGTCGTTCACGAAGACCGAGGCGGAGATGTGCATCGCGGAGACCAAGGCGAAGCCTTCGCGGATGCCGCTGAGCTGCAGCTGCTCGGCGACCTCGTCGGTGATGTCGATGATCTCCTGGCGTCGGTTGGTGTTGAACCAGAGGTAGTGGGTATGGGCGGGCATCGGGGCTCCTCAGGCGGGGTCTTGCGCGAAATGTAGGGCGGCGGTAACGTACAACCGAATGG
NZ_CP130613.1_gap12	454642	457837	3195	AGGGCGAGATCCGCTTCTTCGGCGAGACCGAGCTCAATCCCACGCTGAACATCTCGGCCCTGCACACCGTGCGGCAGTACTCGGAGCAGGGTGTGCGGCCGGATGTGCGCGTGCGCGTACACCTGGGCGGCACGCTCCGGCAACCGACGGCTGAACTCTCGACCCCGGACTCGATGCGCGTCACGAACTCCGACCTCGTGAGTTACCTCGTGACGGGCGGCCCGAGCTTCGAGATCGCGCGCGACGGCAACGTGTCGGCCACGGCGGCGCGCGTCTTCCTCGGCTCGCTGGGCTCGGTGCTCGGCAGCAAGGTCGCCGGCGGCCTCTGCGACGATGCACAGGTCACCACGGCCGGCCTCGATGCATACCAAGGCAGTGCCCGCGACGTCGGCGGCGGCATCCTCTCGGGCTCGCGCTTCAACTGCGCCAAGCAGGTCGGCGACCGCGCCTTCGTGCGTCTCGACGCGGGGCTCTGCGGCGTCGGCCAGTTCGTCTCGCAGAACGGCGGCAGCAACGCGCTGCCGTTCGGCGACGCCCTCGGCGTGAAGTTCGACTACCTCCTCGGCCGCGGCTTCAGCGCCTCGATCGGTGTGGAGCCGCCGACCAGCGCGATGCTCTGCGCGTCCGATGCCACGAACTCGGCGCGCGGTTTCGTGCCCACGCCGCGGCAGGTGGGTGTGGATCTCTTCCGTGCGTGGCGGTTCTGAGATGCGCGCCCCGCTGCTGATCGTGAACCCCGCGGCGCGCGGCGGGCGCTCCGCCGAAGCCGCGGCGCTCACGGCGTGTCGTGCCGCGGGCCTCGAGCCGCGACTGCGCCGCACGACGGCCGCCGGCCACGCGGCGCAGATCGCCGCCGCCGAAGCCGATGGCGATTCCGTGCTCGTGCTCGGCGGCGACGGCACCGTGATGGAAGTGGTGGGCGCGTTGGTGGGGCGCGGCATCGCCGTGGGCGTGCTGCCGGGCGGCACGGGCAACCAGCTTGCACGGCATCTCGGCATTCCGCTCGACGTCTCCCGTGCCGTGCGCGCGGTCGCAGATGCCGAGGTCGCCGCGATGGATCTCGGGCGCCTCGGCGACGGCCGCTACTTCTCGCTCACGGCCGGCTTCGGGCTCGACGCGGCGATGATCGCGGGCGCGAATCCAGCGGCCAAGCGTCGCTTCGGGGTCGCCGCATATGTGTGGAGCGCGGCGCTGGCCCTGCCGGGCATGCGCTCGTTCCGCGTGCGTGCCGTCGTGGACGGCGAGTCGCTCGACGTCGACGTGGCGTTGGCCATGATCGCGAACGTGGGCGCGGTGATGGACGGCCGGTTCGGGCTCGGCCCCGACATCACGCCGACGGACGGGCAACTCGACCTCTGCCTCTTCTCGGCGGCCGGCGTCGGGGATGGGATGGGGCTCGCGTGGCGCATGGCGCGCCGAGATTTCCGACCGGACCGGCGGATGACCTTTCGCCGCGGCCGGCACATCCGCCTCGAGGCGGCGGCCAACGTGCCGGCACAAGCGGATGGCGAGCTGCTCCGCGTGCCGATACTCGAGGCGTCGGTGGTGCCGGCGGCGGCGCGCTTCCTCGCGCCCAGGCCGACGTTTGCCCCGGCGCAGCCCGTTCCGTACGTTCCGAATCCCCACCACGCGCTGGATCGGCGGTGATGCAGGAGCACCATTCCACGGGGATCATCCCCGACGCTACGCTGGAGCCGCGCCTGCGGGCGCTGCTGCGCGAGCTCCCGCCCGCGCAGGCCGCGGTGCTCGAGGAGCTCTGGCGGGAGCGCGAGCGCCTGTTGGGTTTGGCCGAGCAGCATCGGCTGGTGATGCAGTCCGTCACGGACGGCGTCCTCGTGACCACGATCGGCGGCGTCATCGAGTACGCCAACGAGGCGGCGCACCAGCTCTTCGTCAACCGACGCGTCCTGCGCGACCAACGCCTGCCCGAGCTCGTCGCGCGTGAGGAGCAGGTCCAGCTGCGCGAGTACGTGCAGCGTGCCGCCGAGGGCGATGCGGTGCGGGCGCAGTGCACCGTGGTGCGGCCTGACGGCGACCTGCGCCGCCTCAACCTGAGCATCAGCCCGCTGCGCGAGCACGGACACGTGAGTGCTTTGGTGGTTTCGCTCACCGACTTCACGGATGAGGCGCGCGCCCGCGACGAGGTCGCCGCCTCGAACGCGCGCTTCCGCGACCTCGCCGAGGTCGCGACGGACGGGATCTGGACGGTGGACCGCCGGGGCCTGTTCACCTCGGTCAATCCGGCGACGCTCGAGCTCGCGGGCCGCAGCCGCAGCGAGATGCTCGGCCGCAGCGCGATCCCGATGATCGCACCGGAGGATCAGTCCGCCGTCGCCGGCCACTTCCGGGCCGTGCTCGGCGGCAAGCGCGAGCGCTACGAGTGCCACATCATCCGCAAGGATGGCTCGCGCCGCCTGGTCGCGGTGGCGAACAGTCCGATCGTCACGCGCGGCACGGTCACGGGCATCCTCGGCGTGGTCCGCGACCTCACCGACGAGCGGACGCGCAGCGTCGCCTTCGAGCGGCTGGAAGCCACGCACACGCGGCTCGTCGACTCCGCCGAAGACGCCATCGCGACCATCGACGAGGACGGCCGCTTCACCTCCGTGAACCGCGCGCTCGAGAAGGTGAGCGGCAAGCCGCGGAGCGCGCTCATCGGCACCAATTTCGTCGAGATCCTGCGGCCCTCGGAGCGGGCCGACCTCTGGCGCCTGTTCGCCGCCACGTTGGGTGGCGAACGGCAGCGCCGCGAGCTGCGCTTCACGCGGCCGGACGGCGCCCAGCGCATCGCCGCGGTGCTGGCCACGCCGCTCGTCGAGCACGGACGCGTCACCGGCGTGCTCGCCGTCGCCCGCGACGTGACCGACGAGCGCAACCTGCAGGAACAGGTCGTGCGCCGCGAGAAGCTCGCCGCGCTCGGCGAGCTCGTGAGCGGCGTGGTGCACGAGATGAACGTGCCCCTGCAGACCATCCTGAGCAACGTGCAGTTGCTCGAGCAGGAGCCCGCGCTCCCCGAGGCCACCCGCGAGTGCGCGGCGACCGTGGCGAGCGAGGTCCGCCGCGCCTCGCGCATCGTGAACAAGCTGCTGACCTTCGCCCGGCAGAATCCCGCCGAGCGCCTGGCCACCGACTTGAACGCCGTCATCGAGGACACGGTGGAGCTGCGCCGCTATCCGCTGCGCGTGCAGGACATCG
NZ_CP130613.1_gap13	481445	482263	818	AGCCATGAGCGCCCCATACGACGTCGCGGCGGTCCGCCGCCGCGAGTACCCCTGGGAGGCGCGCGGCGACGCCGTGCACTTCGACCACGCCAGCATCGGCGTCATCCCGCAGCGGGCCCGCGATGCCGTGGCCGCCTACAACGACAAGCGCGCCGAGATGCATGCGATGCGCGCCGAGGATTTTTTCCCGCAGCTGGACCGCTCGCGCGCGCTCATCGCGCAGTTCATCGGCGCCAGCGCGGAGGAGATTGCGCTCACGACCAACACCAGCTGGGGCGTGAACCTCGCCGCCTACGCCCTGCCGCTCGGGCCCGGCGACATCGTGCTCGGCAGCGAAGGCGAGTTTCCCGCGAACGTGTATCCGTGGATGGCGGCGGCCAAGCAGCGCGGCTTCACGTTTGAGCTCGTGCCGATGCGGGGCTTCGCCGTGGATGAGGACGAGATCCTGCGGCGCATTGAGACCGACCCGCGCGTGAAGGGCGTCGCGCTGAGTTGGGTGTCGTTCTGGACCGGGTATCGCATCGATGCCAAGCGCATCGGTACCGCCTGCCGGATGCGCGGCGTCTGCTTCGCGATGGATACGATTCAAGGACTCGGCGCCTGTGCACTCGACGTGCGCGAGGTACCGGTGGACATCGTATCGAACGGCGCGCAGAAGTGGCTCTGCTCGCCCTGGGGCGCCGCGTTCGCCTACGTGCGCAAGGAGTTGATCGCGCGGCTCGAGCCGCCCGCCGCGGGCTGGCTGTCGCAGGCCAGCGCCGGCGACTTCGCGCGGTTCCTCGACTACGATCCCGCCTGGCGCGACGACGCGCAGCGCT
NZ_CP130613.1_gap14	611030	614968	3938	CCCGGGCCGCATCATCGGCGTGTCGCGCGATGCGACGGGCCGCGCGGCGCTGCGCATGGCGCTGCAGACGCGCGAGCAGCACATCCGCCGCGAGAAGGCGACGTCGAACGTGTGCACGGCGCAGGTGCTGCTCTCGGTGATGGCCGGCATGTACGCGGTGTGGCACGGGCCCGATGGCCTGAAGCGCATCGCGAACCGTGTGCACTACTTCGCCGAGCTGTTCGCGGCGGGCGTGCGCAAGCTCGGCATGGAGCCGGTGGCGGGCATCTTCTTCGACACGGTCACGGTGCCGGTGGGCGGCAATCTCCGGAAGATCGTGAAGGCGGCCGGCAAGCTGGGCATCAACCTGCGCGTCGTGGACAAGAAGCACCTCGGCGTCTCGATGGGCGAGAACACCAAGGTCGCCGATATCAGCGACCTGCTCACGGCGTTCAACCTCGGCCAGCCGCACGGGCTCGACCTCGACACGCTGGGCAAGTCGGTGGACGCGCGGTACGACGAGCGCGTGCGTCGCACCAGCGACTTCCTCACGCATCCGACGTTCTCCAAGTACCACTCGGAGACCGAGATGCTGCGCTACATGCGCAAGCTCGAGTCGCGCGACCTGTCGCTGACGCACTCGATGATCCCGCTGGGCAGCTGCACGATGAAGCTGAACGCCAGCGCCGAGATGTATCCGGTGACCTGGCGCGAGGTGGGCGGCATCCATCCGTTCGCGCCGGCGGAGCAGACGCTGGGCTACCAGTCGATGTTCGTGCGTCTGGAGAAGGCGCTGGCGGAAGTGACGGGCTTCGCGGCCGTGTCACTGCAGCCGAATGCCGGTTCGCAGGGTGAATACGCGGGTCTGCTCGTGATCCGCGCGTACCACCGCGCGCGCGGGCAGGGGCATCGCAACATCTGCCTCATTCCGCAGTCGGCGCACGGCACCAACCCGGCCTCGGCGGTGATGGCGGGCATGCAGGTGGTGGTCTGCGGCACGGATGCCAACGGCAACATCGACGTGGCCGACCTGCGCGCGAAGGCTGAGCAGCATTCGCAGAACCTCGCGGCGCTGATGGTGACGTATCCGTCGACGCACGGCGTCTTCGAGGAGAGCATCAAGGACATCTGCGCGATCATCCACGAGCATGGCGGCCAGGTGTACCTTGACGGCGCGAACATGAACGCGATGGTCGGCTTGAGCCGCCCGGGCGACATCGGCGCGGACGTCTGCCACCTGAACCTGCACAAGACGTTCTGCATCCCGCACGGCGGCGGCGGCCCGGGCATGGGGCCGATCGGCGTGGTGGCGCACCTCGCGCCGTACCTGCCGGGCCACGGCGTCGTGGGTCTCGAGCCGAAGGAGACGCGCATCGGGGCCGTGAGCGCGGCTCCATGGGGATCCGCGAGCATCCTGCCGATCTCGATGATGTACATCGACATGATGGGCGGCGAGGGGCTGACGGAGGCGACGAAGGTCGCGATCCTCAACGCGAACTACATCGCCGAGAAGCTGAAGGGGCACTACGAGGTGCTGTATCGCGGCAAGAACGGCCACGTGGCGCACGAGTGCATCCTCGACACGCGTCCGCTCAAGCAGTCCGCGGGCATCGAGGTGGAAGACATCGCGAAGCGCCTGATGGATTACGGCTTCCACGCGCCCACGGTGAGCTTCCCGGTGGCGGGCACGCTGATGGTGGAGCCGACGGAGAGCGAGTCGAAGGCGGAGCTCGACCGGTTCATCGAGGCGTTGATCGCCATCCGCGAGGAGATCCGCGACATCGAGCGCGGCGTGCTGTCGCGCGAGGACAATCCGCTGGTGCACGCGCCGCACACGCAGGATGTGGTGGTGAGCGACAGCTGGGCGCGTGGCTACTCGCGCGAGCGCGCGGCGTATCCGCTGCCGTGGGTGCGTGAGCGGAAGTTCTGGCCGTCAGTGAGCCGGATCGAGAGCGCGTTCGGGGATCGCAATCTCGTGTGCTCGTGCCCGCCGATCGAGGAGTACGCGCAGGCCTAACGGCGGTTCACCACGAAGGCACGAAGGGCTCACTGCAAGTGTTCGGCCCCGCAACCCCAAGAAGCATCGCTTCTCTTGGGTTGCGGGGCCGAACGCCTGTTGCGGCTCCTTTCGTGCCTTCGTGGTGAAGGCAGTTCAGCCGTTACTGGCCGAGCAGCTTCCCATACGCTGCCGCGTCCATGAGACCCTTGAGGTCGGCGGCGTTGACCTTGAGCTTGATCATCCAGCCGTCGCCGTAGGGATCGGTGTTCACGAGCGCCGGTTCGCCGTCGAGCTTGGCGTTGACCTCGACGATCTCCCCGGCGAGCGGCGAGTAGAGCTCGCTCACGGCCTTCACGGCTTCGATCGTGCCGAAGACCTCGTGCGCGGCGACCTTGCGGCCGGGCTTGGGGAGGTCGAGGAAGACGATGTCGCCGAGTTCGCCTTGGGCGTAGTCGGTGATGCCGACGATGACGACCGAGGCGTCGGCGGTCTTCTTCACGTACTCATGGTCCTTGGTATAGCTCAGATCCGCGGGGATCGACGACACGCGTGGCTCCGGAGGGGGGTGCGAGGGGTGATGTACCGATGGCGAAGGCTACGCCGCTTGGAGGCGGGAATCAAGCAGTGGCGGCGGCGCGGAGGGCCGTCCAGACGGCGTCCACTTGCGCGTCGAGTGCCTCGCGCGTGCCGTCGTTCTCGATGATGTAGTGGGCCTTCGGGCGCTTCGCGTCGGCGGGCATCTGCGCGGCGATCATCGCGTCGGCGTCGCTCGCGCTCAAGCCACGGTCGCGCATGAGGCGCTCGCGGCGGACGTCCACGGGGGCGTCGACGAGTATGATGCGGTCCATCTCGCCGTCGAGGCCGGTTTCGAAGAGCAGGGGGATGTCGCAGATGACGAGGGGCGCGCCGCTGTCGCGGAGGCGCGCGACGGCCGCGGCGCGCAGGCGTGCGACCTCCGGATGGACGATGGCGTCGAGCGCCTTGCGGGCGGTCTCGTCGCGGAAGACGACCTGGCGCAGGGCCGCGCGGTCGAGCGAGCCGTCGGGCCTGAGCACGTGCGGGCCGAAGCGCGTGGCGATGGCGGCGAGCGCGGCGGAGCCGGGCGCGACGGCCTCGCGGGCGAGGAGGTCGGCGTCGACGATGGGCGCGCCGTGGGCGGCGAGGCGCGCAGCCACGGCGGACTTGCCTGCGGCGATGTTGCCGGTGAGGCCGACGGTGAGCATCGCAGAATCGTAGCGTCGAGACGTAGATTGTGCATCGTGCAGCTGCCGCGTCGCCCCGGGTTCACGGTCGCCGAGATTCTCGTCGTCATCATCCTCATCGGGCTGGTGGCGGGGTGGACCGTCTCGCGCTTCACGAACATGAACTACCGGATGGACGCGAACATCCGCATGCTGCAGAACACCATCATCGCCGCCCAGCAGACCGCCATTAACCGCAACATGCCGGTGCAGCTGATGTTTGACGCCTCGAGCGACAGCGCGATGCGCGTCCGCATCCTGCTGGATGCGGATGACGACGGCCAGGTCTCGGAGAATGAGACGGTGTCCTACCGGCCGCTCGACGGGGCGCGGTTCCTTGCGCCGGACAGCACGATCGACGGCGCGTCGGCCGCCTATGCAACGGGTCCCGGGTTGGTCACCGGTCGTCCGGCCCTCATGCAGGCGCTTCGGATTGCGCCGAACGGCACCTTGGGCGGCGATGTCGTGATCTACATCGGCACGGTCAGCAGCCGCTCGTACGATTTCCGGGCGCTGGCCGTCACCGGAGCGACGGCACGCACGGCGTTTTGGAGCCACGCGAACGGCGCCTGGCGCCGACGATCCTACTGAGCCTCAGCTCTGGGTAGTGCCAAGTTCAAGCACGAAGCGGCTGGCCGCCCATGCTGCGCCACCCTTCGCGCGGATTTCCTGCGGGGTCGCGCCGAGGTAGCGCTGGCAGGTGTTGCGGAAGGCGGATC
NZ_CP130613.1_gap15	618142	620780	2638	TCTATCATCACTGGCAGGATGCGCGCATCCAGAACCAGTGCGGGGCCTTCTATCGAATCTCAAACCGCTGGCAGTTTTTCCCGATCGCGGTACACCGCTCCTCGTGGGCGAATTCCGTCCTCCGGTCGAGCACGTATCCGACGGTCAGCAATGGCGACATGAACGGGTTCGAGGACTACGACTGGGATGCGGCGAAAGACATCCTCGAGCAGCCGACCGCGCGATGCTTCCCGGCCGGGAGTCCGCAGCTCGTGTTGACGGAGCGGTTCACAAACTCTGCGGGAACCGTGACCGGCACGGCCGCGGATACGGTGCCGTGGGGCGTCGCGAACGCCGCCCATCGATACGGCGGGCAAGATACGACGTTTTCCGTCCGCAGCCGAACCTGCACCTTCAAGAGTAACGGCAACTCAGCGACCGACGGCCGTTGCGTTGCCGCGACCCACGGAACGCTTGGTAGTTGGCGCACCGGTACCTCGCCGACCGGCATCAGCACGACGGTGCGGCAGGCAGTGGAGTCGCCGTACTTGTTCGCCTTCGGCAGCACCTACAACGCGAACTCGCGTGGCGTAATCAGCAGCACCACTGGACCGCTGTACGTGAGCGGCGTGGTGACGGGTCGCGTCACGCTGCGTGTGAACGGACGCGTGAGCATCATCGGACCGCTTCGTTACGCCAACGCCCCCAATCTGCCGGAGTCGGACTGCAGTACACAGCTCGGGGTGTTGGCAGTCGGAGACGTAACCGTCGTGGACGGCATGTTCACCCGCGCCCGGCGCTTCGGGAATCCGTCATTGTTCACGCTGGCGAGTGTGACACTCCACGAGGGGGAAGCGCGCCGCACGACATTGCATGGCGCCTTCATGAGCCTTACCGGCACCGTCGGCGTCGAGGCCCCGAACACGACCATGGGCGCGGCAGGTGACCAGCCGGAGTGTCCCGAAGGCTCTGGGTCGTCGAATCGCGCCAACGGCGGCTGCCTCGAAGTCGTCGGCGGCATGATCATGCGCCGATTCTCCGCGCACTACTCGGGTTCGAACACGGGCTTCCGCTACTACGGCAGTCCGGATCGCTGCCAGAACTCGACACGGCGCCCGCCGTTCTTCCCCGTGACCAACCGCTACACGCGCGTCCGCACGCTCGAGGTCGAAGCGACCCGCGCCAACACGCCGCCGGAGATTCGCGCCCTGCTCGTGCGCCTCAAGGGAAAGGCGCTCTAGTCGCGTTCGGGCGAATGTCGCGCGAGTATTCTGCAAGCCGCTGCGGGAGAACGAGTTAGGGTCGGCGTTTGGCGCCAGCTTCGGGCGTTCACACGGCCGGCAGCTCCCTCCACGCAACCCTCCGCCCACTCGCGTTGTCTCTGGTGTGAACACCGAAGTCCGGTCCGCGACCCCCACCTCGTGACAGACGCACAACTCATCGCCGACATCCTGCGGGGCGACGCACTCGCGGAGCGCAAGCTCTACGACGCGCACGTGGACCGCATCTATCGGCTGGCGTGGCGAATGTCCGGGGACGAGACGCTGGCCCGCGACTTCACGCAGGACACCTTCATCCGGGCCTTCGACAAGCTCGGCGACTTCCGCGGGGATTCCTCGCTCGCGACCTGGCTGCACGCCATCGCGACGTCGGTGATCCTCAACGGGCTCAAGAAGGTGCGACGCATCCACGGCCGGGAGATCGGCGGCGACGAAATGCCGGACGCCATCATCCCGACCCGCGAGGCGGAGCCGGACCTCAAACTCCGGCTGCGACGCGCAATCGATGGACTTCCCGACGGGTATCGCACGGTCTTCGTGATGCACGACGTGGAAGGCTACACACACGAGGAGATCGCCAGCGCGCTGGGCATCCAGCCGGGCACCTCCAAGGCACAGCTGCACCGGGCACGCGCCCGGCTACGTGATGAACTGGCGGACTTCGCCGGGGAGTGGGCGGTATGAGCGAGCAACAGTTCGAAGACTTCCTCAAGCGCAACGCGGGCGACTACAACGCCCCGCCGGCGCAGACGCCGCGCGACGAGATGTGGGCGTCCATCGCCAGGGCGCGCGCTCCCAAGCGCATTGTCCGACCGACGCGCCGCTACGCGCCGTGGATCGGCATGGCCGCGACGCTGCTCGTCGGCATCGGCATTGGGCGCTTCATGCTCACCACGCCTGCCGCGACGACGGTCGCGCAGGCCGACAGCGTGGGCGGCGCAGCCGTCAGCCCGACCGTCAGCGCGGTCAACGACGAACCGCGAGACTCGATCCTCACCCTGGAAGCCACCGACAGCAGCGCCGGCGAACCGCTGCGGACCACGCCGTTGCTGCCACAGGCGCGTCTGGTGTCGGCACCTCGCCCGCTCCCGGCCGCCACGCGCGCCGAACCGAACACTGCCTTCACCCTCGCGTCGCGCGATCACCTTGAGCGCGCCGAGGCGCTGGTCTCGGTGATCGCGGCAACGCCCGCCGATGCGACGATGGACTCCCTCACCGGGAAGTGGGCCCGTGAGATGCTCACCAACACGCGCCTGCTCCTCGATTCACCCGCCGGGGACGATCCCGTGCGGCGCCGCCTGCTGGAGGACCTCGAGACGGTCCTCGTGCAACTCATCCAGCGCTCGGGCACGGCCGTCGAGGAGCGCGAGCTCCTCGAC
NZ_CP130613.1_gap16	647666	649551	1885	AACTGATGCAGAAAAGCGCGTGCCGTCCGCGCGCTCGAACAACGAGAAGCGCCCTCGGTCCTCGTCCGTCAGACCGCGGTCAGAGTAGAGACTCCTGTACTTGAGAGACGTCCTCTCTCGTGCGTACCAAAGCACGAAATCCGCAACGCCGCCAAGGTACTCAGCGAAGGTCGATCCTGCCTTTTGGACCGTGATGATCGCGACCAGGTTCTCGTCTCCAAAGACCTCATCCATCACTGTCCTTACCCGGTGCACATTCTCATCCCCAATCTGCACGAAGATGCTCCCACTCTCCGTCAGCAGATCCCGCGCCACCGTCAACCGGTCGCGCAGGTACGTGAGATAGGAGTGAATCCCATCCCGCCACGTATCGCGAAATGCTTTCACCTGCTCTGGCTCGCGCGTGATGTGCGCCGCGTTTCCGTCCTTCACGTCGCGGCTCGTCGTGCTCCACTGGAAATTCGAATTGAACTTGATCCCATACGGCGGATCGAAGTAGATGCACTGCACCTTCCCGCGCAGCCCCTCGCGCTCGGCCAGTGACGCCATCACCTGCAGGGAGTCGCCAAGGATCATCCGGTTCGTCCAGTTCTGCTCGTGCTGGTAGAACTCGGTCTTGTCCACGCCCTTCGGAATGCCGTTGAAGTCGGCGAACAGATCCGCCATCAACTCGCCGCTCTCGTGCTGCTGTTCGCGCGTTTGCCGCAGCAGGTCGTCGATCAGCGCCTTGGGGTGCACCTTCTCCTGGATGTAGAGCGGCGGCGCCGGCACCACGAGGTCGCTCCAGTCTTGCTCATCCTTGCCGCGCCACACCAACTGCGGGTCCAAGTCACGGTTGCGGCGCTCGTAGGCCACGCGCAGCGTGTCGTCCCCCTTGCCGTGCAGGGCCGAGTACTCGGCGGTAGGGATGTTCTTGCGCTTGGCCTCGTCGTGCGTGATGGCTTCGACGGACTTCGCGGTCGCTTTTGCGCTCAACTTCGTGCCTGACTTAGGTGACTTCGCCATCATTACCCTCGGCAGCGGAAATACTGAAAGAATTCGCGATTTTCTTTACACGTTTCGGCGAAACGTAAAGAAAACTTCGGATTGTTTATCGATATTGAACCGACAAGTCGTCGTTTCAAAATGACATATAAGTTATTGTCCTATAATGACTTGCAATTCTATAGCAGAATCCTATGTGAGTTCTGCGACCTCTAACTTTGACATAGCGCCTAGGCGTCCTCACTTATGGCGGCCCATCGAGCCCAGCGCCGACTCCCCAGCATCCGGACGGTGCCAGCGGAGAGCATCCGCGCGAGTGAGGCACGGATCTGGCTCCTCGAGTGACCCGGGAGCACCTGTTCCAGCTCAGAAATGGCCACCCCCTCGCGTCCAACGCTGCGCAGATGCGTGAGCAGGAGGGCTTCTGCAGCGCCTGAATCGAGCCCACGACGGCGCGTGTATGATCCACGCTGGCCAATCTGGTTCGAGAGGCGGCGGCTAAGAAAATATCGAACGGCCCGGCCGCGCCCGACGCTTTCCACAAGGCCGCGTTCACGAAGTGGTAGGAGTCGCTGGCTGAGTTCCGCAGAGATGCTCTCGCCGCGCGAGAGGCGGTCCAAGACGATGAAGTCCTCCGTGCGGAAGCTGAGCAGGTCTTCCTGCCCGATGCGTTCGATGGCCCGCAGCAACGCCACATTCGACACCATACAATCGAGCACCAGCTTGACGTGATGTCGGTCTGATCCCGAAAAGCTCGGCGCTCGCTTCCCCTGCTGCGCAGAGCGCTCAAACATCAGGTTCACCCCTTGGCCGGCACGTTCCACAAGTCCGATGCGGGCGAGTGTCTCAGCAAGCCGTCTGTTTCGGGGCACCTGTTGGTGCAGGATGGTGTCCTCCGTGA
NZ_CP130613.1_gap17	691199	694563	3364	GATCGCGTCGTTCGCGTATCTGCCGAAGGCGCTAGACCTGCTGGTGTTCATCGGGCAGGGCTTCGTGCTCGATGGCGACGCGACGGCGCGGTTCCAGTACTCGGTCGGCGTCGGTCGTTTCCTCGACCCGACCATGAACCAAGGCGTCTACAACCTGCTTGGCCGCGTCGACCTCTTCACGATTTGGGTGACGGTACTCATAACCCTTGGCCTGATCCACACGGCGAAGGTCGAGCGGTCGAAGGCGATCGCCGGCGGCGTCGCCCTGTGGATCATCGGCGGCCTACCGGCCCTGCTCCAGGCGTTCGGCTGACCCAGCGGCGCTCCAGCTCGGCTCGAGCACGCCGGCGTCGATGAGCACGCCTTCGACGGCTTCCGGCACCATGGTCGGCCAGAGGAGGAAGCCCTGCAGGAGAACCAGCGGCCGCGGCTTGCGGCCGCTGCCGCGGTAGCGCCAGCGTGCCCACAGCTCGTACACGAGCGCGACGGCGCCGCCGAACGAGGCGAACATGCACCACGTGGCCAGCGCGACCTGCCACGGCAGCGTAATCGCCATCCACAGGGCGATCGCGTACGCGGTGGCGATGCCCATCACCCGTACGCTCTTGAGCACGGGGTTGAAGACGAGGCAGCAGCCCGTGAACAGCGCGACGCCGAGCAGCATGAGCGCCCACAGGATGTCGATGTACCAGAGGGTCATGCGGCCGGATGCTACCGTGCGAGGCGGATGGCGAAGCAGTGCTTCTCGCCGACTTCGATCTCCGTCTTGTCCTTCGCGTAGCGCGTGATCTTCTCGGGATAGGTGCCAAGCGGCACGCGGGAGAAGCCACAGCTCAGGAAGAGCTCGTCGGAGTAGGACACGGCGAAGAGATCGGTATAGCCACGCGTCCGCGCAAGGTCGATGGCCGCGGCGATGAGCTGACGCCCATAGCCGCTGCCGTGCAAGTCCTCATCGACGGCCAGCGAGATCAGCTCGGCGACGCTCGGCGAGTACTCGTCCAGCGCGACACAGCCGATGATGCCGCCCTGGCCGTCGCGCAGCACGCGGTAGTCCGCGAGGTGGTTGGCCGCGAAGTCCGGCGTGCGAACGAGCGTGAGGCCCGACGCGGAGTAGCGGTTGTTGAGCGAAAGGAGTTGCCCGATGTCGGTTTCGTGTGCCGGGCCGATGTGTGCGTTCATCGTTCGACCGCCTCGAGGCGCTTCAGCGCCACGCGGATGGGAATCAGGGTGGCCGCCACGCAGAGCGCGGCGGCAAGGCCGAAGCCGACGATCATCTCGGTCGGCTCGATGGGCTGTTGGAACGCCTGCGCGGCGAGGTAGCCGTACACGGGACGCGCCTCGAGCACGATGACGCCGCCGATCAGCGTCACGGAGGCCATCATGTACAGCAGGCCGCCGAAGCTCGTCGGGATCTGCGCGGCGTTCTCCGTCTCGAACTGCGGGAAGATGGTGCCGAAGCCGATGGCCATGCCGCTCAGCGCGAAGGTCATGAGCGCGATGGTGCCAACCGAGACGTAGAACATGAACTCGCTGACCTGCAGCAAGTAGTCGGTGACGCCGACGATGGCGATCGCCAGCGCGAGCAGCGGCAGCGTGCCGACCCAGAACTTGGCCCAGAGCAAGTCGCGCACGGCCATCGGGCTCGAGCGCAGCAGCCACAGCGTGCGGCCCTCGAGGGACACGCCGGGGAAGATGAAGCGTGCCGCGATGGAGGCGAGCACGAAGCCGGCGAGCACGAGGTTGAGGAACGGTACGACGTTCACGAGGAAGAACGTGATGCCTTCGCCGGAAAGCGGCAGGAACTTGATGTTGTAGACGTACACGACGACGAGCACGGCCAGCAGGATGAGCTGCGACCATTGCGTCGTGTCGCGGAAGAACAGGCGGATCTCCTTGAGCACCAGCTCGCGCCGCAGGATGCCGAAGGGCTTGAGCATCGTGTCGCCGAGCGTCGAGAGGAGGCCGCCCTTCTTCACCCAACGCTGCGCGCTCTCCTGCGCCTTGCTGAAGCCGGTGTGGTACAGCCAGCGGTGCAGCATCGCGCCGAGCACGAAGACGGCCAGCGCGGTGGTCCACAGCACGTACATCGAGAGCCAATCGGGCTCGCCCGTCAGGTAGCCCATCGTCGCCTTCTGCACCCACTCGCTGGGCAGCAGCGGCGACGTCGGCGTACGCAGCACCGCGATGAAGTCGAGCAGCGAGCGGAAGCCTTCGGGGCGGGCGAGGCGCTCGGGCCGGATCAGGCGGAACAGCAGGACGATGCCGCCCGCGGCGAGCACCGCGATGACGCTCAGGATGTCGCGGGTGCGACGGGCCGGGAACACGTTCACCAGCGTGAGCGTGACGGCCGAGCCGATGACGGCGGGAATCACGAACATCGGCAGCATGAGTGCCGTCGCGACCAGCGGAAACAGCCAGCCGCCGCGGTAGGCGATGCCGTAGGCCGTGAACATCGGGATGGCGACCAGCGCGACCATCCAGCTCGACGCGATGATCGTCTCCAGCAACTTGGCGCCGTAGAGCCGCAGCCAATCCACCGGCGCCGCGACGAGCATGTCGAGGTCCTTCGCGAGGAAGAAGCTCGACAGCGCCGTGATCACGTTCGAGAGCAGCAGGATGCTCGTGAAGCCGAGCAGCAGCAGGCCGAGCAGCTTGCCGGCCAGCAGGGCGCCGATCTCCTCGACGCCGCGGAAATACGTGAGCAGGCGGTAGAGCACGCCGAAGATGAAGGCCCAGAACATGAGGCCGACGAATCCGAGTACGGCGAACCGCGCGCCGCGGCCCTTCTCGCCGGCCACGGTACGGGCGCGGGCGGTGAGCCACTTCGGCAACAGCAGGTGCAGCAGCGGCGGATCGGGCAGCGGCGCCTCGGCGTCGTGCCGAGCCACCACTGGCGGCCGCATCACGTCGGGGGTCGCGCTCATCGCGGGGCTCCCTTACGCATCGAGGACGTCCATGAGGTCGCGCGCGGCGTTCTCGCCCGTGAGCCGCAGGAACAGCTCCTCGAGGCCCTTCTCGCCGCCTTCGAGCTGCTGCCGCAGGTCGCTCATCGTGCCGTAGGCCTTGATCTCGCCATGCACGATGATCGCCAGGCGGTCGCAGAGCGACTCGGCCACCTCGAGCGTGTGCGTCGAGAAGATGATGGTGTGGCCGCGGTGCGTGTACTCGCGGAAGAGGTCCTTGAGGATGCGCGCGGCCTTGGGGTCGAGGCCGACCATCGGCTCGTCGACGATGATCACCTCGGGCCGGTGCACGAAGGCGCTCGAGATGATGAGCTTCTGGCGCATGCCGTGCGAGTAGCTCTCGACGAGCTCGTCGCGCCACTCCTCGAGGTCGAAGAGGGCCAGCAGCTCGCGGGCGCGGT
NZ_CP130613.1_gap18	890845	895090	4245	CGTCCGCAGCCGCATCATGGCCGCCATCCGCGGCAAGGACACCAAGCCGGAACTGCAGGTCCGCCGCGCCATCCACGCCGCAGGCCTGCGGTTTCGTTTGCACCATCGCGACCTACCCGGACGCCCTGACATCGTGCTCGGCGGCATCAAGACCGTCGTCTTCGTACACGGCTGCTTCTGGCACGCGCATTCCTGCCAGACCAGCAAGCCGAAGACCCGCGCCGCGTTCTGGCAGCGGAAGTTCGAGGCCAACCGTGCGCGAGACCGGCGCGTGCGTTACTTCTTGAAGGCGGCCGGCTGGCACGTGCACGTGATCTGGGAGTGTGAGCTCAAGCGAGAGGCCCCGCTGCGCAGATTGGTGCGCGTCCTGCAGCAACGCCGGCGCGCTATCCGGTGACTAACCGCAGACCACTATGCCAGCACACGTCTTCATCGCGACCTCGCTCGACGGATACATCGCCCGCCTGGACGGCGGCATCGATTGGCTCCCGCAACCCAGCGGCGACGCGGACGTGGACGATCACGGCTACTCCGCGTTCATGGCGGGTATCGATGCCATCGTCATGGGTCGCAACACCTACGAGACGGTCCTCACCTTCGGTGCGTGGCCGTTCGAGAAGCCCGTGGTGGTGCTCAGTAGCGGCCAGGTGCGCATTGCGCCCGAGCTCGCGGGCAGGATTGTCGCGATGGCCGGCGAACCCGCGGAGATCATGGCGGCCTGCGCCGAGCGCGGCTGGCAGCATCTGTACATCGACGGCGGCGTCACGATCCAGCGCTTCCTGCGCGCCGGGCTGATCGAACGCCTCATCGTCACGCGCGTACCGGTGGTACTGGGCACCGGTCTCCCGCTTTTCGGTGCCGTCGAGCGAGATGTTCGCTTCGCGCACGTGCGCACGCAGGCGTATCCCTCGGGGCTGGTGCAGAGCGAGTATCGCGCGCTGTGACGAGCATCACGCGTTCGGGCGCGTCGCAGCGGTGACGCATCGCGCCAACGCTGCAGTCTCTCGCATGAACCTCTCCACGGGAGACTGTGATGTCACGCTCGACGCTTCGTTCCACGATCTTGTCGCTGACGGCCGCCGCCGGGTTGCTCGCCGGCGTCGCCGCATGTGATTCGCCTACCGGTCTCGGCTCCGGCACGCTGAACCTGTATCTCACCGACGCGCCCGGCGATGTGCTGTCGGCGGTCGTGACCATCGATCGCATCTACCTGCAGGCGGACTCCAACGACGCCAGCGGTCGCATCATCCTGCGTGAGGAAGACGTGACCACCGACCTGCTCACGTTGGTGGACTCCACGCAGGCGCTCATCGAAGGCGTCGAGATCCCGGCGGGTCGCTACGGCCAACTGCGATTTGTCATCAGTGGGGCCTACATCGTCGTGGAAGGCGAAGGCGGTACGACGCAGATCTACGCGTCGAGCCCGAGCTACGCCGCGTTGCCGGCGGGCGCGGTCGTGACGGGGACTCTCCAGATGCCGAGCTTTGCGCAGAGTGGACTCAAGGTGACGCTGCCGAACGATGCCTTGGTCGTGGCCGACGACGGGACGGTGTCGCTGGTCGTGGATTTCGACGTGGCCCAGAGCTTCGGCCGGCTCGCCGGCGGATCGGGCATGTGGGTGATGTCGCCGGTGCTGCGCGGCGAGCTGCCGTCGACGGCACCGTAACACGAGGGCTGCCGGGGGCCAGCCCAGGCCGCAGGCGCCAATCCGCCCTCTGATGGTATAGCGAGATCAGGGTCCGGCCCCCATCTTGGGGCCGGACCCTGATTCGTCGGAGCCCCCGGTATGACGCAGGCGCCACGCAAGCCGTTCGATGACGAGATCGACGTGTACGGGCTCACCCATCCGGGCAAGGTCCGGCCCGTGAACGAAGATCATTTCTTGCTCGCCGCGATTCACAAGCGGATCCGCGTGCTCTCGACCAGTCTGTCGATCGAGGCCGTGACCGCGCGCGAGGATCGCCTGGCCTTCGTCGCCATGGTGGCGGACGGTGTCGGCGGGCTCGAGAGTGGCGAAGAGGCCAGCGCGACGGCCCTGGAGGCGGTGCTCCATTATCTCGGAGAGAGCACCGACTGCTATTACCGGGCCGAGGCGGGCACGGACGAGTTCGAGCGCGAGTTGGTGGCCGCGGCGATGCGCGCGCACCAGGCCGTGAAGGATCGCGCGGCCGCCGACGGGCATGGGCAGATGGCGACCACGCTCACGATCTACATGGGCGTGTGGCCCACCTACTACCTGGTGCAGGTGGGGGATTCCCGCTACTACCTCTACCGCGACGGTACGCTGACGCAGGTTTCGCGCGACCAGACGGTCGCACAGGATCTCGTCGACCGCGGCGTCCTCACCGCGGAGGCGGCGCAGAAGACCAAACTGGCGCACGTACTGTCCTCGGCCATCGGCGGAGACGAAGCTACGCCGGTGGTGACGCGCCTGCGGTCGGAGTGGGGCACTGCGCACCTCATGTGCAGCGACGGGCTCACCAAGCACGTGAGTGACGCGCGCATCGCCGAGGTCCTAGGGTCGATGACCAGCGCCAAGCAGGCGGCGGAGCAACTGCTGCAGGAGGCGCTCGACGGCGGCGGGTCCGATAACATCACGATCGTCGTCGGCCGCACGGCGCCGAAGCCAGGACGCGGATGAGTTCGCGGCGGACGCTGGCGGATCGCCTGCAGCGGCCGCTGCAGACGGTCACGCTCTCCTACGCGGTGTTTGCCGCGCTCTGGATCTACTTCTCGGACGCGCTGCTGGGCCAGTTGGTGCGCGATCCCGCCCAGTTGGTCGCCCTCAGCGTCTACAAGGGGCTCGCCTTCGTCGCGGTGACCTCGGCGTTGTTGTGGTTGCTGATGCGGAGACTCATCGGGACGGTCGTAAGCCGCGAGGCGGCGGAACGGCAGCGCCACGACCAGCTTGTCGCCGGGCAGCAACGCATCCTCGAGGGGGTCGCGCACGGGTCGGCCCTGCGCACCTCGCTCGAGGAGATCGTGCGGTTCATCGAGGGTCAGGCGCCCGGCATGCAGTGCTCCGTGCTGCTGCTCAACGTCGACGGTAAGACCGTGCGGCACGGCGCCGGGCCGAGTTTGCCTCCCGAGTACATGGAAGCCATCGACGGCTCGCCCATCGGCCCGATGGCCGGCAGTTGCGGCACGGCAGCGTTCACGCGCGAGCCCGTGTACGTGGAGGACATCGCCACGGATCCGCGCTGGGCCGCGTACAAGGACTTGGCGCTCCCGCATGGCCTGCGGGCCTCCTGGTCGACGCCCATCTTCGATGCCGAAGGACGCGTGCTGGGCACCTTCGCCATGTACTACCGCCGCGTCGCGCTGCCCACGCCGGACCATCGTCGCCTCATCGACGTCGCCACGCAGCTCGCGTCGATCGCGATCAGTCGGGCGCGCACGGAGCAGGCGCTGCACGAGTCGGAGAACCGCTTCGTGGCGTTCATGGAGGCGGCGCCGGCGATCGCGTGGGTGACCGACGAGCAGGGGCGCCACCTCTGGATGAACCGCGCGTGGAGCGCCGCGTTCGGGCTCGATCGCGAGCGCTTCATCGGCCATCGCGCCGAAGAGCTCGTGCCGGCCGATGTCGCGGCACGCATCCGCGCGACCGACGTCGAGGTCATGCGCAGCGACGCGCCCGTGCACATCCCCGAGGATCGCACCGAGTACGGCGGGCAGCCGCGATGGTGGAACACCGTCAAGTTCCCGTTCCGCAACTCGGTCGGCGAGCGGTACCTCGGTGGCGTGGCGATCGATATCACGCCCCGCAAGCGGATGGAGCAGGAGCTGGCCGCGCTGCGCACCCGCCTCGAGGTCGTGGTCGAGAACCTGAAGGAAGGCCTGATCATCACCGATCCCGATGCGAGCTTCGTGCACTGGAATCCCGCGGCGCTGCGCCTGATCGGATTCGACGATCCCGACGAGGGGCGCGAGCGCCAGGCGGAGTTCTCCCAGCTCTTTGACGTGGCCACGACGGACGGCATCACGCTCCCTGCGGAGCAGTGGCCGCTGGCGCGTGTGCGCCGTGGCGAGGTCCTGAACGACTTCGAGGTACGCGTGCGCCGCAGGGGCGGTCCCGGCGAGCGCCGCCTGAGCTACTCCGGCCGCTGCGTGACGCTGGAGAACGGTGCCTGCCTCGCCTTCGTGACGATGACCGACGTGACGCAGCGGCGTCGCCAGGAGCAGGAACTGCGCGACTTGAACGTGGGCCTCGAGGCGCGCGTCGAGACCCGGACGCGCGAGCTCCGC
NZ_CP130613.1_gap19	950435	952974	2539	TCATGCGCGACGTCGTCGAGGTAGGCGTCGACCTTGTCGCGCCGCTGCGTGGGGATGGCGTTGCAGCCGCAGTAGAGGCAGCGCGTGGCGCAGAAGGGGAAGTGCGCGTAAAGCGCAAAGGGATCCTGTGAGGGAACGGCCCGCAGGGCGTCCGTCCAGCGCTCGGCGGGAAAGTCGGACGACCACGACGGGACCGGCGGGTAACTGGTGTAGCGCGGGCCGGGCACGTCGTACTGATGGATGAGCGGTTCGGCGATCGTGACCATGGGGCTCGGCTGAGGTACTCCCGAACTTCGCCGGGCGCGCCGGGGGCTACAATGCGGAGAACCCCGCATGTGGCGTAGGGATTTTGCCGGGGGTCGGGCGCACACTTCCCTCCCGGTGCGTACTGGAGCGCCGCGGGTCCCGGCCCCCGCTTTCCGGCACTCGTGCCCACGCCGTCGATGTCCCGTCCCGTGTTGATCCTGTTCGCGCACCCCGCGTACGAGAAGTCGCGGGTGCATGTCGCGGTCGCGGCCGCCGTGCGTGACTTGCCGGGCGTGACGTTCCACGACCTCTATGAGGAGTACCCCGACCTCGATATCGACGTCCGGCGGGAGCAGGCGCTGCTCACCGCGCACGAAGTCGTGGTGTTCCAGCATCCCTTCTATTGGTATTCGGTCCCGCCGATCCTCAAGCAGTGGATGGACCTGGTGCTGGAGCACGGCTGGGCCTACGGTGCGTCGGGCCGCGCGCTCGAGGGCAAGACGTTGCAGGTGGCGATGACCGCGGGCGGGCGTGAGCAGGCGTATGGGCCCGAGGGATTCAACCGCTTCAGTTTTCGCGAGTTCCTCGTACCCGTCGAGGCGACGGCGCGGCTGTGCCGCATGCACTTTGCGGAACCCTGGGTGGTGCCGGGCACGCATGTCATGGATGCCGCCGGCATCGCGGCGGCGGCGGAGTCGTACGCGGCGTTGATCCGCCGGCTCGGGGAGGGCTAGGCGATGCAGGACTTCTTGCTGTCGGCGACGGTGTATCTCGCCGCGGCGGTCATCGCCGTCCCGATCGCCAAGCGCCTCGGCCTCGGCTCCGTGCTTGGCTATCTCATCGCCGGCGTGGTCATCGGGCCCTCGGTGCTCGGTGTTGTCGGTGCAGAGGGCCAGGACGTGATGCACGCCGCGGAGTTCGGCGTGGTGATGATGCTGTTCGTGATCGGGCTGGAACTCGAGCCCGCGTTGCTGTGGCGCCTGCGCGGCGCGCTGCTGGGGCTCGGCGGCGCGCAGGTCGTGATCACGATGCTTGCCGTGGCCGGCATTCTTGCCGCGTTCGGATTCGCGTGGCAGGAGGGCCTGGCGACGGGTGCGATCCTCGCGCTGTCGTCCACGGCCATCGTGCTGCAGTCGCTGCAGGAGAAGGGCTGGATGCGCAGTGATGCCGGCGAGAAGTCGTTCGCCGTGCTGCTCTTCCAGGACTTGGCGGTGATTCCCATCCTCGCGCTGTTGCCGCTGCTGGCGACGCAGGCGGTGGTCGCGGGTGGGGACGGTCATGGTGCGGGCGCGTGGGCGGAGCACTTGCCGGGGTGGCAGCGCGCGTTGGTGACGTTCGGTGCCGTGGCGGCGATTGTCGGCGTTGGCCGGCTCGTGGTACCTCCCGCGTTCCGCAGCATCGCGAAGGCGCGGCTGCGGGAGACGTTTACCGCAGCCGCGCTGCTCCTCGTGATCGGCATCGCGGTGCTGATGCAGCTGGTGGGCCTCTCGCCGGCACTCGGCACCTTCCTTGGCGGCGTCGTGCTGGCGACCAGCGAGTTCCGCCACGAGCTCGAGAGCGACGTGGAGCCGTTCAAGGGACTGCTCCTCGGCGTGTTCTTCATTGCGGTGGGCGCGAGCATCGACTTCGGGTTGATTGGCGAGCGGTTGCTGCTCGTGAGCGGCGCGGTGGTCGGGTTGGTGGCGCTCAAGTTCGCCGTGCTCTGGGGCATCGGGCGCGTGGCCGGCATGGCGCGCGACCAGCACCTGCTCTTTGCGCTGGCGTTGGCGCAGGGCGGCGAGTTCGGCTTCGTGCTGGTGTCGTTCGCGACGCAGAATGGCGTGCTGGGCGAGGCCGTGTCTGGCGTGCTCGTGGCGGCCATTGCGCTGTCGATGGCGGCGACACCGCTGCTCCTGCTGTTCTGGGAACGCGTGATTGCCCCTCGGGCGCAGGCGGCGTCCCGGCCGGTGCGTGCGATGGACCGCCCGGAGTCCGAGCATCCCGTGCTGATCGTCGGGTTCGGCGACTTCGGGAGCTCCGTGGGGCGCCTGCTGACGGCGGCGGGCGTGGAGTGCACGGTACTCGACCTGGATGCCGATCGCGTGGACGTGCTGCGCCGACTCGGCCTGCGGGTGTACTTCGGTGATGCGTCCCGCGAGGACCTGCTGCGCAGTGCCGGCATCGAGCGGGCGCGGCTTGTGATCCTCTGCGTCGGTGATGCCGCCGCGAACCTCGAACTCGCACGCCGCATTTCCCACGCGTTCCCCCATGTGCGCGTGCTCGCGCGCGCGGCCGGGCGGCTCTCGGCCTACGA
NZ_CP130613.1_gap20	961830	966735	4905	GAAGCCCGCGGAGAGGCGCGCCGCACCGACCAGCGTGCGCGTCAGCGGGCGATACAGCGCGTATTCGAGCTGCGTGCGGTTGAAGTTCACGCGCGTGCCGGGGCGCCCGACGTTCACCGTGCCGAGTCGCGACTCGATGGCCCAACGCTCATCGTTGGACGCGAAGGCGGTGATGGCGGGTGCCGAGCGCGAGAACGTCACGCCCGCGGCATGCATCACGCTCGGGCTGTTGAGCAGGAAACGGTCGTTGAAGCGGCAGAGGCCGAAGGTGGCGCAGGAGACCGCGGCATCCGAGGTGGTGCGACCGGCGTCGAAGCGATACGCGAAGGTGGTGTTCACGCGCGGCACCAGCGGGCGATCGAAGCTGCCGATGCCGCCGATGCTCGTCTCGCGCACGTAGCTCTGGAACTCGGTGCGGCGTTCGCTGTACAGCGTGCCCACCGGATGCCAGCGATCGCCGAGCACGCCGCGGAGATTCACCGTCGCGCCGACGTAGTAGTTGAGGCGCAGGCTGAAGGTGTCGGCGCGTACGGCCGGCGCGCAGAGCCCCGGTGCGCCGTCGAAGGGCGTGCCGACGCCGAGCTTGGAGAGCCGGAGGTCGAGCTGCAGGCGATGGCCGCGCCCGAGGAAGTTCTGCTCCACGAAGCGGCTCTGCGTACGGAAGCAGTCGATGGTGCCCCATCCGCCGCCGACGCGCAGCGCGTTGTGCCGGCCTTCGACGAGCCGCACGCGCACCGGCAGCGTGTCGCCGGTGCTGCGGGAGGGCAGCGTATCGATGGCGACCGTGCGGTACAGGTCGTAGGAGTACAGCAGCTGCTGACTCGCTCCCACCGAGCGGGCGCTGTACACGTCGCCGCTCTCGAACCGCAGCAGGGCGCGCACCTCGTCTTCGCGCAGCGCCGGACGCCCGGAATCGTTGGGCGTCATCGCGACCTCGATGGCGCCCACGCGCATCAACGGACCCGGCGTGAACGTGAGCGTGACGCGCGCCCGCCGCGCGGCGGTGTCTACCGTGACGCTGCGGGTCGGCGGCCGCGCGCGCGCGTAGCCCTCGGCGCGCAGGATCTGCTGCACCGAGTCCATCGTCGCGACGAGGACCGAATCATCGAGCGGCGCCCCGCGGAGCGCGCGCACCAAGCGCGCCTGATCCACCAGCCCGCGCGGCACGTTGGCCAAACGCACGGTGTCGATCACCACCGGCGGGGCTTCGCGCACGCGGAAGGTCACGTTGGCCGTGCGCGAGCTGGTGCGCGCGACCTCGGCGCGTGCCGTCGTGCCGGGATAGCCGCGCATGTTGTACCACGCCGCGATGCGTCGTTCGTCGCGGCCGAGCTCCAGCGTGTCCAGGCAGGCGGTGGGGCCCACGTTCCAGCCGAACCAGCGCCGCAGGCGACCCGCGCGCTCCGTGTAGAGGATCTGCGCGAGGTCGAAGTTGGTGATGGACGTGTTGCCCTCGAACGCGAGGCGTTCGACGCGCGGCCGGAATCGCGTGCACCCATCGCGCTGCGCGGCGGCCGGGACGGCGGCGAGCGCGAGGCAGCAGAGTGCACGGAGGAGGGCGCGGGACATCAGCTCGGGTCGAAGGGCTCGGCGGCGTGCGCGGAGTGTCTCGCGCGATTCTATATTCTAGTACCCGTATCCAGCGATCTTGTACCGGAGCCCCCATGCGTCGCCTGTTGCCTGCCGCCCTCGTCCTCTTCTCCGCCTGTGCCTCGGACGCGCCGCCCGCCGAAGCCGACGCTGGACGCGATGCCCGATGCTTCGGGACCCGCATCCTCTCGTATCGCGACCTGGTCGCGGAGGTCGTGATTCCCGCCGGCGAAACCTGTGCCTCGGGCAGCTTCCAGGTGGTGTTCACGCGCGGCGCCGATACGCTCGAGACCCTGACGGAGACGCGCACGGGCATCGTCGGCTTCATCGGCACGGCCGACGTGGATGGCGACGGGCGCGGCGAGTTCATCGTCTCGACGCACACCGACGATTCGACACGCACGGGCACGCTCTATGCGTACTCCGACCGCGGGGATGGCATCGGGCGCTTTGCGATCGCCGACCTCGCGGCGGATCAGCGCGAGGGCTACGCGGGCGGCGATCGCTTCGGCTTCGGCGGCGCCGATCAGCTCGTGCGCGCGTACCCGCGCGGCACGGCGGGCGACACGGCGTGGTTCGCGTACTCGCATGGCGAGTCGCGCTGGACGTCGATCGCGCGTCCGGCCTGGGTCCGCTGACTCAGGTCCCCCGCGGCTTGGCGCGCCGCGTCGCGGGGGCGGCGAGCGGATCGTCCGGCCACGGATGCCGCGGATAGCGGCCCTTGAGGTCCTTGCGGACCTCGAAGTAGCCCTGCCGCCAGAAGCTGGCGAGATCCTGCGTCACCTGTACCGGCCGTCCGGCCGGTGACAGCAGGTGCATCGTCACCGGCACGCGGCCCTCGGCGAGCCGCGGCGTCTCGGTGAGGCCGAAGCACTCCTGCAGCTTCACCGCCAGCACGGGGTGCGCGACGTCCGAATAGTCGACGCGGATGCGGGAGCCGCTGGGGACCTCAAGGTGCGTGGGCGCGAGTCGGTCGAGGCGCTCGCGGGCCGCCCACGGCAACGGCGCGAGCAAGGCATCGCCGAACGCGATGCCCGCGAGATCAGTCCATCGCCGTGCCTCACCAAGCGCAGGCCCGAGCCAGTCATCGAGGTTGGCCAACAGGGCGGCATCGCTCACGTCGGGATAGGGCGCGCCAACGTGCCGATGCGCGAACGCCACGCGCGCGCGGAGCTGCAGATCGCTCTCCCTCCACGGCAGCGCGGCGATGCCGCGCCGGCGCACGGCGTCGATCAGCGCGGCTTGGTAATCGCCGGGCTCGACATCGCGCAGCGGTCGCTCACGCAGCACGATCGCGCCGAGCCGCTCCACCTCGCGCGCCCGCACCCGCTCGGTGGCGTCGTCCCACTCGACGTCGCGCACCGTGGCGATCTGCTCGCCCATGGCGCTGCGCAACGCGGCTTCGTCGAGCGCCGCGGCGAGGCAGATGCGGCTTTCACTCGGGTCACCGTCGAGGTCGGCAATGGCGAGATACGCGCTGCGACTGAGCGGCTGCTGGCTCGTGAATCGCGCGCCGCGGCCGTTGCGCAGCAGGTACCGCGGGGCGTCCCCGCTGCGCCGTTGGGCGATGCGATCGGGATATGCCAGCGCGACCAACATGCCGATGGCCTCGAGATCCTCGGCGCCATCGTGCGCCTCGCGCGGCAAGGCGCGGCGCAACGCACGCGCTTCCTCGCGCACGCGGTGCAGGCGCGCGACATCCACGCCGCCGCGGTCCCCGCGGCGCAGGGCCTCGACTCGCGTGGCGAGGTCGGCATCGTGCTCGGCCGCCTCGCGCCGGAAGATGTCGCGCTCGGCGAGCAGCGCCGCGATCTCGCAGGCGAGGGACGCCATGCCGCGCGTGGCACCGCGCAGCACGAGGTGCGCGAGTCGCGGTGCGATGCCGAGGGCGGCCATCGCGCGGCCGTGGGCAGTGACGCGTCCGTCGTCGGCGAGCGCGCCGAGGTCCCGCAGCAGCGCCCGCGCTTGCGCGAGCGCGCCCGCGCTTGGGACGTCGAGCCAGCGCAGCGCCGTCGCATCGGCGAGGCCGGCGCAGGCCAGCTCGAGGGCCAGCGGTGCGAGATCCGTCTCGAGAATCTCCGGCACGGGCCGCTCCGGCAGCGAGGCGTGCTGGCCTTCGTCCCACAGGCGGATGCAGTGCCCGGGTGCGGTGCGGCCGGCGCGTCCGCGGCGCTGGTCCGCGGCGGCGCGTGAGACGCGCACGGTCTCGAGCCGCGTCATGCCGCTGCGTGCGTCGAAGCGCGGCACGCGGGCCAGTCCCGCGTCCACCACCACACGCACGCCATCCAGCGTGACGGAGGATTCCGCGATGGCAGTACTCAGGATCACGCGCGCACCTGGCGTACGCGGGCGCAGCACGCGGTCCTGCTCTTCGAGGGCGAGCGAGCCGTGCAGCAGCTCGACCCGCGCATCGAGCGGCTCGTCTTCGAGGGCTGCACGCACCCGCTGTAGCTCGGCGATGCCTGGCAGAAACACGAGTACGTCGCCGCCGTGCTCGCGCCGTGCACTGCGCACCGCATTGGCGACGGCGAGGGCCATCGGCACGCCGTCGCGCGGTGGTCGGTGCGCCGTGGTGACGGGATGTTCGCGGCCTTCGCTGACGATCACCGGAGCCGGCGCGCTGTCGCCGAGCAGCCGCGCCACCGGCGCGGCCTCCAGGGTGGCGGACATCACCACGAGGCGCAGGTCCGGCCGCAGCACGGCGCGAGACTCCAGCGCCAACGCGAGGCCGAGGTCGCTGCCGATGTGGCGCTCGTGGAACTCATCGAACAGTACCGCCGCGATGCCCTCGAGCGACGGATCGTCCTGCACCATGCGCGTGAAGATGCCTTCGGTGAGGACTTCGACGCGGGTCGCCGCGCTCACGCGCGCGTCGAGCCGCACCCGGTAGCCGACGCGGCGCCCCACCGGCTCACCGAGCAGGCGCGCCATCTGTTCCGCCGCAGCGCGCGCGGCGAGCCGACGCGGTTCGAGCACGAGGATGCGTCCGTCGCCGCGCCACGGAGCGTCGAGCAGGGCAAGTGGGAGCCGCGTGGTCTTGCCGGCACCGGGCGCGGCGACCACGACGGCGACGCCCCTGTCCGCCAGCGCCGACGCGACGGCGGGCAGCACGGTATCGATCGGCAGCGGCGGAGCGTCGCGGAGCGTCGGCAGGGGAAACCCGGACGAGTGGACGGTGGTAGGAACAACGGTGGACGCCGGGTAAGTTAGGTCTTCACTCCCTTCAGCGCGCCGAATGTCCGTCACGCCCCACTCGTTCTTCCCGCTGGCTTCACCGCGCAACCACGCGTTCGCCACGCCATTCGCCGTCGTGCT
NZ_CP130613.1_gap21	980471	985094	4623	ACCCCTCGCGCGCGGCCCGCGACTCGCTGGCGGCGCGCGTCGCGCGCGGGGACTCTGCGTGGGCGCGCGAGGACCATCCGGCCGCCCGAGCCGCCTACGATGCCGTGGTGCGTGCCGACTCGAGCTTCTCGAGCCGCGCCGTCTTCCGACTCGGGCTGCTGCAGGCCTGGGACAATCGGTTCGAGCCGGCGCTCGCCGCACTCCGGCTCTACGTCCGCCTCGAGCCCGCCGACCTCGAGGGGCGTGTCGCGCTCGCGCGCACCTACGCCTGGGCGTCCCGCTACGCGACCTCGCTCGCGCAGTACGACAGCGTGCTCGCGCGCGATGCGTCCTATCGCGATGCCGTCGTCGGCAAGGCGCAGACGCTCGCGTGGAGCGATCGCCTGCCGGAGGCCGAAGCGCGGCTGGAGCGTTGGCTGGAGCGTCGCGCCGATGATGTGGAGGCATGGACGCTGCTCGGGCAGTTCCGCCGCTGGCGGGGCGATGCCCGCGCCGCGGAGTCGGCGCTCGATCGGGCGCTCGCGCTCCGGCCCGACGATGCCGCCGCGCGCGAGCAAATGTCGTGGGTGCGCGTGGAGCGTCGGCCGACGGTCACCTGGTCGCTCGTCGGCGCCAAGGACTCCGAGGACAACACGTTGTGGCACCGCGAGCTGGGCGTCGAGGCCGCGGGGTTCGGCAACAGCCGCATCGGCGTGACGGCGCGGCTGCGCGAGGCGAGCGTGACCAACGTCGATGCCGCGGTCATGCCGGGTGCGCTGGCGTACATCGTCGGGCGGCCAGCCGGCCGGGCGGTGACGACGCGCGCGGAACTCGGCGTCGTGCAGTACCCCGACGGGCTGAGCCCCGCGGCGACGCGGCTGCGCGGGGCCTTGCGGGTGAGCGGGTCTCCGCGGCGCGGTCTCCGGCTCTCGGGCGGTTTCTCCCATGAGCCGTTCGATGAAGTGCTCTCGACGGCCCGGCGCGGCTTGATGTTCTCCGTGTTCGATCTCGACGCGGCGTACGCGGTCACGCCTCGCCTGCAACTCGGCCTGGCCGGCAGCAGCGGTCTCGCGCTGGGGTACGGCGTCGATCTCGATGCGTCCCGCACGACGGTCCTTGGGGCGCTGCGCTTCACGCCGCGCCGCGGCACCCAGCTGGCGCTGACGCATCGCGAGGCCTCGTGGGACGAGCCGCAGTTCGGCGTGTTCTTCTCGCCCCAGCGGTGGGCCACGACGGAGCTGGCGCTCTCCTCGGAGCGCACGGCGGAGCTCGGCCTCGTGCTCGCCGGCGACCTCGGGCTCGCGAGCCAGCTCGTCGGCTTCGAGTCGTCGCCGCTCGATCACGCCATCGTGCCGCGCGCGACGATGCGCGTCGGATATCGGGCGGCGCCCGGACGCGAGGTGATCTTCGGCCTCGTGTACGCGAACGTCGCCGGCGCCGGTGCGATCACGGCCAGCGATTACCGCTATGGCGCCGCCACGCTCGGCGGGCGCTGGACTTTCTAGCGCTTCGGGCCCGCGTCGGGAATCGCGCGGAACACCTCGCGCATCGCGGCGAACGCCGGCTTGCGCTCGGCGTACCAGCGCGGCGCTTCCCACGTGGGCCAGGTCCACGTCGGAGCGAGGGACGCGGGGTTCGCAGGGAGCGCGTCGCGCAGCACCGGCGTGGCACCGCTCACGTCGAGTGTCCGGACGACGAAGCGGAACCCGTCAGTCGTCACGTGCGCCGGATCCGTGCCGCGTACGCCGCTCAGCACCTGCCGCGACGACGGATCGGTCACGTGCAGCAACCCCCACGGCAAACGGACCTCGATCGTGCCGCTGGCGCTGTCAGCGTACCAATCGGCGAGCGTCGTCTCGGATTGCCGCGCGTGCCGCAGGAGGTTGCGTTCGTAGCGCTGGGCCTCGTACACGCGCCCGTCGCGCCCGAAGGTCCGCCGGTTGGGCGTGGCCCAGACGGTGTCGTAGCGGCCGTCCTCGTTGCGCAGGGAGCGGAACGGCCGGTTGTACACGGACTGCTGCACGGGCGGGCGGCTGCCGACGATCGGCGCGAAGCGGTACAGGTTGTACGGCGTGTCCACGAGGAGACGCGCGTGCTCTGGGCCGGCCAGGTCGAGCACGAACTCGAGGCCGACCGGGCTGCCACCCGCACCGAACGGCAGGCGGTGATCACCCGCCGACGCGTCGTGCGTGTCGATGCCCACGAGGATGCGCGTGCGGGTCCAGTCCACGGCGCCCACGTCGAGTCGCAAGTACACGTAGGCCTCGTCGTGCGCGACCCAGAGGGCGTCAACGCGCTGCGCCGCCGGCACCGCCTCGGCGTCGGCGCCGCGCTGGAGCAGCGGCCGTCGGCCCGCCCAGTCGGCGCGCCCGCCGTCGATCACGAACGCGGAGTCCTTCGCGCCGGCCCGCATCGCGATCAGCCCATAGTGCTGCTCCGCATCGAGCACGTTCAGCCACAGGCGGTTACGCTCGGCCGGCTGCTCGAAGTCGATCACCAGCCAGTTCTTCTTGAACCACTCGTCGATGAGCGCGAAGACGCCGACGCCAGCCGCCCCGCTCGCGGCGATGTCTCGCGTGAGGCGCGCATTGATCGCCGCCTGCGCGACTTCGTCGTGGCCGCCATGGTGCCAGCCCTGCGGCTGCAGGTGCGCGTTCCCCCGCGAACTCGGCACGCCGTACTCCGAGATTACCACCGGGATGCGTCCATGGTAGTCGACGAGCGCCCGGAGGTAGCCGAAGTAATGGCTCGGGCCGTCGGGACTGCGCGCCTGCGCGTAGGCGCTGTCGAGCACCATGAAGTCGGGGTAGTACGGATACGCGTGGAAGCTCGCGAACAACCCGGCGCCGTACTCGCGCGTGGCCGACATCTTCGTCGCATCGAGCGCGATGACGTCGTTGTCGTACTCCTTCGAGGCCTCGGGCGGCCGCTCGCGCCGCCGGCGGAGCCACGCCGCTTCCTCGGCGCGTGACGTCTCGGTGGGGTGCACCAGGGGATCGAGCGTCGGCCAGTTGGTGTAGGCGAGCGGCCGCTGTGTGTTCCATTCGCGCATCTCGTAGGCGATCATCGCGTCGGCGACGCTCGCCAGCCACACGTCCACCGCGTTGCCGCCGGCAACCTGCACGTAGCGCCCGCTGAAGGCCGTGCGCCGCGGAAACCGCCGCGCGTAAGCCTGCACCGAATACGGCTCCCATTCGCGGCCGATGATGTAGCCCAGCGTCCACGGAGAGACATCCGCGAGGTACATGCCGCTCGCGTGCCCGGGACGGTGCGGGATCGCGGCGCGCCCGTGCAGCAGATCGACCACCCGGTGCATCTCGGCGCGGAACGCGGCGTTCCACGCCGCGTCGTCGTAGCGCTCTTCCTGTGACCCCGGTGGCAGTTCGGTCCACACGCCGTGGATCAGCCAGATGGCCTGCGCCGGATGCGCGAGATTCCACGCGCGCAGCGCGCGGTAGAAATGCGGCGGATGGATCGTGTACACGCGCACGGCATTGGCGCCCAGCTCGGCGAGATCGCGGATCCACGCCTCGTAGGTGCCGTCGTCGGGCGGAAACTGCGCCGGATGCTTGCCCGGGAGCGCCGCGCCGAGGTTCACGGCCTTGATCCAAAAGGGCCGCCAGCCGCCGCGGCCGTCGGGCACCTCGAAGATGCGGTCGCCGACGCGCGCCGCAACGATCGGAGCGGCGGGCCGCTGCTTCGGTGGCAGCGCCGTGCTGTCGACGGGCGCTGGGATGCGGGCGAGGTACTCGCGCGCCGTCGCGTTGCCCGGTTCGAGCGAGTCGGCGAGGGCGAAGGCGCGATGCGCGCGCGTCAGCACACCGGCGCGGAACGATGCGATGCCGAGCCCGAGTGCCGCATCGATGCTCGGCCGCGGCAGCACGGTGAGCGCGGAGTCGAAACGCGCGATGGCCAGCGGCACGCGGTCCTGTCGCAACGCGACGTAGCCGAGTCCGGTCCAGCCATCGCCGGCGCGCGGACACGCGCGCACCCCGCGGCGGAACAGCGAATCGGCGCCGGCGATGTCATTCGCGCGCCACCGCTGCCAGCCGGCGTCGATGTCCGCGGCGGCGGTCGGTGCGCAACTGGGGTTCGCCTGGGCGCCGAGGGTCGGCGTCGCGACACTCGTCAGCAGCGCGAGCAGCGCACGCCGAGCACCGGCGCTCACCGCCCGAGCGCGACGAGCAGTTCGCCGGCCAATGTGAGCGGATCGAACGGCTTGGTCAAGCAGGCGACGGCCCCCACCTCGAGCGCCGTGTCGCGCTCGCCGCGCTGCGCCCGCGCCGTGAGGAACACCACGGGGATCGCCGCAGTTTCGGGATCGGCCTTCAAGCGGCGGCAGGTCTCGTAGCCATCGAGTTCGGGCATCATGGCATCGAGCAGGATGGCGTCGGGCTTCGCGTCCTTCACGCGCGCCAGCAAGGCAACCCCCGAGGGGAGGACCTCGGCCTCGATCGTCGGTTCGAGCCCAAGGGCAAGCTCGAGGATCGTACGGATATCGGGTTCGTCGTCGGCACAGAGCAGTCGCATGGGCGAAAGCTGCCGTCGCGGGCCGTGCGCTCGCAACTGGCCGCGCGCCGACCTGTCCGCCGCGCAGGCGGAAGGCGATAATTCCCGCAGCGCAACACACCGCTTCCTTCCTTC
NZ_CP130613.1_gap22	1028728	1031894	3166	CGGCGTTCTGGTCCTCGGTGGCGTGGTAGAGGAGCAGCGCCCCCGAGAGCTGGTCGGCGCGGAGCAATGCCGAGAGGTCGAGGTACATCTCCTGCTCTTCCCAGAAGTTGCGGCGCTCGCTCTGGAAGCCGAAGGGCGTCAGCGTGCGGTTGTACATGCCGTCGCCGGCGATGCCCGCCTTGAAGATGTCCATGCGCGTCATCGCGTTGACGGTGCTGAACGCCCCGTAGCTGTGGCCGCCGAGGCCCACGAGGTCGCGCGCGACGAACCCGGAGTCGACCATCGCATTGACGACGGCGTGCAGGCCCTCGGTGAGGTCGCGGACGTAGTTGTCGTTCATGCGGCCGCTGTCGCCGAAGATCGGGATGTCCGGCGTGATCAGCGCGTAGCCCGCGGCGACCCAGAGTTCCGTCGAGCTCGCCGGCCGCAGCTGCGGCACGGCGGGGAACTGATTGATGTTGACGTTCCACTTCGAGCGCTGGTAGGCGGTCTCGGTAGCGTACTCGCGCGGGTAGAACCAGACGACGCCGGCCTGGCGCGTGCCCGGGCGCCAGTCGCGCGGGAGCACGACGTCCACCCAGATCTTGATGCCGTCGCGCGGGCGCGTGACCTGCACGCGCTTGCGGATGGCGCCCGTGACTTCCGGGCCCACGTCCACGGCCTGCGTGAGCTGCCGCGGGGCACTGCTGCCGTCGCGGAAGAAGGCGTTCTCGATCTGCGTGCGCGACTGCCGCGTGGTGATGAGCTGCGTGTAGTCCGCGTCGAGTGCGGCGACGAAGGTCTCATACACGTCCGCCGGCGAGTCGAGCAGTCGCGTGCGCGCGGCGTCGGCGATGGTGGTGCGGTCGAGCCACGGACGTGGCGCGCGTGTGTGCCAGTCGTTGCCGTAGCGGCGCGTGCCGGAGACGAACACGGCGTTGCCGTCGCGGCTCATCTTCACGCGCAAACCGCCGTCCGCCGTGCGCAGCGTCTCGAGCGCGCCGCCCGTCCCGACGGTGTCCATCTGCGCGCCGCCGCCGAAGCCGCCACCGCCACCGAAGCCACCGCCGCCGCCGGGCAGCGTGACGCCGCGGCCCAGCGGGTACTTCTTGGTGATGTCCGCCAAGCGCACCGCGGCGACTGCAGCGCTGTCATTCACGAAGATCGTATTCGGCTGCGTGCCGAAGGCGGCGTTGGAGAACCGCGCCGAGCCCGCGAAGACCAGCGCCGTATCACTGGCGCCGAAGGGCGCCTTCCAGTGCATCCAGCGCACGCCATTCGCGCGGTTGTCGGCGACCGTGGTGCGGAAGTAGGTGAGGCCGCCATCGGGATGCCACGCGAAGTTGCGACGCGTGGTGTCCGGCGGCTGCGGTCCGCGCGGGGCGTCGTCGTCGATCTCACCCTCGCGCAGCGGCTGCGAGGCCAGCGTGTCGAGCACACGGCCGCTGGCGTCCCACAGTTCCGTCACGGTGCCGAACTGGTTGTGCGGGACGATATACGAGAACGGTTCGACGACGCGCGTCACCCGGAAGTAGCGCGCGTCAGGCGAGGCATCCGCGCTGCGGATCATGCCCGGCGTGCCGATCGTGCGCGTGTTGCCGGTGGCCGCGTCCACGAGGGCGAGCTGGCCCGTCGTGTAGTACTTGTAGAGCGCCTTGTCGTGCGGATCTTCCATGAGCGAGAAGTGCACGCGCTGCGGCTTCTTGGCCGATTCCGTGAAGCGCACCTGCGGGCCATCGGCCACGCCGTTGTGGCCGCGCACCGGCGCCGCGCCGCGATTGGCGGGAAGCTGCACGACGAGCAGCGAGCGTCCGTCCGCGGTCCACGCCGCGCTCGTGACCAGCGTCGCGAGGAGCGCCGTGCGCGTCACGCGCGTCGAGCGGCCCGTGCGCACATCGGCGACGTACACATGCGTCGCGGTCGCCGTGTGGCCCAAGTACGCCAGCTTGCTGCCGTCGGGCGACCACACGGGCTCGCTGACCTTCACGTCCGCCGGCACCTGCAGCGCGCGGGTCTCGCCCGTTCGCGGGTCGGCTAGCGTGAGGCCCGTGTGCTGCGCCGTCTGTAGGGAACGGTTGCGGTTGGCCTGGTGGTCCACCTGCAGGCCGCCGATCCACAGATGCGGCGCGCCGTACTGCGCGATGGCGCCGCGGCCGGGGCCGGTGAGGCGCACGGCATGGCGGCCGTCGGGGCTCAGGGCGTCGAAGCTGATGTCGGTGCGCGGCGCGAGCACCATGCGCTCGATGTTCGCAGCGGGGCGCTGCCAGGTCTCGGCGCGGAGGATGGTCCACGGGTCGCGGTCCTGCGCAACGGCGAGTGCTGGAAGCGCGAGCATCGCAAGCGTTGCGCGACGCAAGGCAGTGTAGGGGCTCATCGGTGTGATGGGGTCGGGTGGAGAGGCAGGACTGCCGCCAACCAAGTGTCTACGCGCGCTCGCCGGTGAGCGCTGGGGCGAGGAATGCCCGCACCGGCGCCGCATCGCAGGCGCCCACCTTGAGCGGTGGGGCGAACAGCCGGTACTCGCCGGCGTGCACGGCCTCGAGATCGAGATTCTCGAGCACGTAGCAGTGCCCACTGAACAGCACATGGTGCACGTCGAGGGTCTTGCTCTCGCGATCGTCCACGCTGGGGCAGTCCACACCCAGCAGTTGCAGGCCATCGGCGACGAGCGCGGCGGCTGTCTCGGGGGCCAGCGCCGGCCACTGCGCAGGGAAGCGCCCAACGGCCGTGCTTCTCCCGGTGCGCAGCAGCAGGCGAGTGGTGCCGGCCTTCCAGCCGCCCTCCTTGAGCTGTGCGAGCGTGATCGCACCCGTCAGGTGCCGCACATCGGCCACCCGCACAGGCCCAATGAATGGCGCGAGCGGCAGGGCGTCGGCGCCGACTCCGCCGCGCAGCACATGCAGCGGCGCATCGGCGTGCGTGCCGACGTGCGGGCTGGTCTCCCACTTCGAGACGTTCACGCTCGCTCCGTCCGCCATCGCCCAGGCCCAGCCGCAGGAAAACGGCGTGTCCCCGGGCCAGGGCGGGGTGCGCGCATCGAACGCGACGGAGATGTCGATCAGCTCCCGCGCGTCCATCGCGATCAGCCGCGCTTGTACAGCCGCGCCCGCACCGCCCACAACTCCGGGAAGAACCGCTGGCCGACCGTCTTCATCAAATACTTGGACCCCAGCGTGCCACCCGTGCC
NZ_CP130613.1_gap23	1066935	1069489	2554	GCGGCGGTCGCGGCCGCGCGGATCGTTGGCGTACAGCGTGCGGCGGTATCGCACCGAGGCCCGGAACCGCCCATCGTCGCGCAACGAGAGCACGAGGCGGTCGAACACGATCAGGTACGTGGTCCCATCCTCGTCCACGACGCGATCGGTCTGCGGCAAGGGGTCCCGGTCGATGCGTTCGGCGACGAAGGTGCCGGCGCGCAGCGCCGGCACCTGCGCGCGCAGGGGCGCGGCGAGCAACGCGAACGCGAGCAGCAGGAGACGCAGCGGCATGCGCGAAAGGTATTCCGTCCGCGGCACGCTGCGCGAGCGCGCCCGGGGATGACGATGCTCCCGCTCGCAATCCTACGATGCCGCGGCGGCGCGGGGCGCTCGCAGGTTCGGCGCATGCTCGCCGCCCTCCAATCCGCCGCCGTGCTCGGCATCGATGCCTTCACGGTGACCGTGGAAGTCGACGCCGCCCCGGGACTCCCAGGGTGGACCATGGTGGGTCTGCCCAGTGGCAGCGTGAAGGAGGCCCGCGAGCGGGTCGGCGCGGCGCTGGCCAACGCGGGGCTGCAACTGCCCCCGCGTCGGTGGACCGTGAATCTCTCGCCCGCCGACGTGCGCAAGGACGGGACGGCCTTCGATCTGCCGATCGCCCTCGCCGCGCTCGTCGCGAGCGGTCAGCTCGCGGCCGCAGCGGTCGAGGGGCTGCTCTGCGTGGGCGAGCTCGGACTCGACGGGTCGATTCGCCCGGTGCGCGGAGCACTGCCGCTCGCCCGCGCCGCACGCGCGAGCGGTGCTCGCGCCCTCGTGCTGCCGGCCGCGAATGCCGCCGAGGCCGCCCTGCTGCGCGACGTGCGGCTGGCGCCCTGCGCCTCGTTGCCGGAACTGATGGCGCATCTGCGCGCGGGGACGCTGCCGCCCGCGCCGGAGCCGACCGTGAGCGCCGAGCGCGTCGATGCGGCCTGCCTGAGCGATGTGGTGGGGCAACCGGTCGCGAAGCGCGCCCTCGAGATCGCCGCAGCCGGCGGGCACAACCTGTTGCTCGTTGGGCCACCGGGCGCCGGCAAGACCATGTTGGCGCGTCGGTTGCCGAGTATCCTGCCGGCGCTCGACGACGAGGCGCTGCTGGAGGTCGTCGCGGTGCACAGCGTGGGCGGGATCCTCCCGACGGACCGCGCCCCGACGCGCACACCGCCGTTCCGCGCCCCGCATCACACGATTTCGCTCCCCGGGTTGATTGGCGGCGGCCCGGGCCCGCGTCCCGGTGAGGTCTCGCTGGCGCACCGTGGCGTGCTGTTCCTCGACGAGTTGCTCGAGTTGCCGCGCTACGTGCTCGATGCGATGCGGCAGCCGATGGAAGACGCGCGTGTGACGATCGTGCGTGCCGCGCAGGCCGTCGCGTTCCCAGCGCGCTTCCTCTTGGTCGGTGCGGCGAATCCCTGCCCCTGCGGGCAGGACGGGGAGCCCTCGCAGCGCTGTCGCTGCTCGGCGGCGGAGATCCAGCGGTACCGCGCGCGGCTCAGTGGTCCGTTGGCCGACCGCATCGACCTCCACGTGCGCATCGGCGCCGTGAAGCTGGCGACCTTGGGCGAACTGGCGACGGACGAACCGAGCAGCGCTGTGGCGGCGCGGGTCGTAGCTGCACGCGCGCGGCAGACGGCGCGCTACCGCGTGCTGCCCGGCGTGCGGCTGAACGCCGAGGCGCCGGGCCGCTGGTTGCAGCAGCACGGTCTGCTGACGAGCGAAGCGAGGTCGCTGCTCGGCGAGGCCGCCGACCGGCTGCGACTCTCGGCACGCGCGTACCACCGCGCGCTGCGCGTGGCGCGCACCGTGGCGGACCTCGACGGCGACGAGCGCGTGGGGACGGGCGCGATCGCCGAGGCGCTGGTCTTTCGTGCAGGAGACTCCCAGCCGCCCGGGGGAGGCGGATAGCTTTCAGGCTTTCCTTTCCCCGACCTGCCACGTGTCCTGTTTCGGCCGCCAACGCCTCTCGCTGCTGCTCGCCCTCGTCACCTGCGTCGCGGGCGGCGCGCGTGCCCAAGAGGCGGCCGCGCCGTACGACGTGCTCATCCTGAACGGGCGCATCGTGGACGGCAGCGGCGGCCCCTCGTTCTACGGCGACTTGGCGATCCGCGGCGACCGCATCGCGATCGTCGGCCCGTCTGGCTTTCTCGTCGGGCGCGAAGCGAAGGACACGGTGGACGCCACGGGCCTCGTGGTTGCGCCGGGCTTCATCGACATCCTCGGCCAGAGCGGCTGGTACTTCCTCTATGGCGACACGCGGTTGATCGCCAAGGTCTCGCAGGGTGTGACCACCGAGATCATCGGCGAGGGCACGACGTACGCGCCGCGGAACCCGCGGTTCATCGGCGCGCGGCCCGATTCGCTGGCACGGCGGTTCGCGCGGTCCGACGGCTTCGGCCAGTTCCTTGAGGCGATGGAGAAGCGCGGCAGCTCGGTGAACGTCGGGGCGTTCGTCGGCGGGCATACGCTGCGGCAGTACGGCATGAATACCCGCACGGGGCCGGCGACCCCGGAGGCCGTGCGCGAAATGCAGGGCGCGCTG
NZ_CP130613.1_gap24	1072639	1076261	3622	GCGCAGGAGTCCGGCCTCCCGCCGCGTCAGGTGGACGATGCGGCCATGGACCGGCTTTCGGCGCTGGACTGGCCGGGCAACGTGCGCGAACTGCGCAACACCGTCGAGCGGCTGTTGATCCTCGCGGCCGGCCCGCGCATCCAGCGCAGCGACGTGGACCGTTTGGTCGGGGCGCGGGCGGGCGATGCGTCGTCCGAGACGGGGCTTGGCACCTTCGAGCATTTCGCCACGTACGAGGAGTTCAAGCTCGCGGCGGAGCGCGCGTTCCTCGAGGCCAAGCTCAAGGCGCACGACTGGAACGTGGCCGAGACGGCGCGGGCGATCGACATGCCGCGCAGCAATCTCTACAAGAAGCTGGAGCGCCACGGATTGGCGCGGGAGCAGGGATGACCGATCGCGATTGGGACGCCGAGCTGAAGAAGATCGACGCGGAGATGGCGAAGCAGGCGAGTCGGCCGGCGCCCGCGCCGTCGCGCGCACCGGCCGCTCCGAGCGCGCCGAGTGGGGGTGGGGCAAGCGCTGGTGTGGCCGGTGGAATGCCCGGCTTCGGCGCCCCTGCGGCCCCGGCCACCTCGAGCTTCGGTGTGTACGCCCGGCTTACGCTCGCGGTCGCGATCGGCGTGGGAATCATCTTCTGGCCCTACGCCAACCGCTGCGGACTGGGTCTCGCGGGCTATCTGGGCGCCGTGTCGGCGGTGGTGGTGAGCGGCGCGTGGAGCGCCGTGTGGACGTTCCGGCACCGCGCGGGGCGCGCGCATGTGCTGTCGCTGCTGCTGGTGCTGTGGGGCCTGATCCTTGCGTCGCTCGACGTCCTGCCGCGGATCGGCTATGCGAAGCCGACGGTCGAGCACCCGGCGGCTTGGGCCTGCGAGTGAGTCATCGCGCCACCCACTCCGCGCGATCCAGCCGCATGACATGGCAATCGTCCGCGCCGAACATGCGGCGCTCGACGAAGCGAAATCCCAGCCGCTCGTAGAAGCGAATCGCGTCGGTGTTCGACGCGAGCGGGTCGATGAGGATTGCCGTGACCGCCGGCGGCGCGAAGCAGCGACGGATCGCCTCCCGCATCGCCGCGCCCCCGACGCCGCGGCCGCGATGCCGTGCCTCACCGATCCAGATGTCGATCGCGCGCAGGCCGGGGCCGCAGTCGCCCCAGTAATGGCTGTCCTCGAGCTGCGGGTCGATGATCTGCACGAAGCCCACCGGTTCGCCGTCGGCCTCGATGATCAGCTGTTCGCGCCAGGGCGGCGTCTTGGCGAGCTCCTCGGCCCAGTGCCAGTCGTCGTTCGGATCTGAGTCGACGACGTCGGGATCCTCGTCCCAACGCTCGAGCAAGGGCTGGTCGGCCGGGGTGGCGGGGCGGAGCGTGACCATAGGCGGCTAGATTGCACAGGATGAAGACCTTCCACAACTACATCGCCGGGGCGTGGGTCGAGCCGTCCACGGGCAAGTACCAAGACAATGTGAACCCTGCCGATACCACGGACCACATCGGCAAGTTCCCCCTCTCGGGCGCGGCGGACGTGCAGCGCGCCGTGGAGTCGGCCGCGCGCGGCTTCGAGCTCTGGAAGCGCACGCCGGCTCCGGCTCGCGGCGACGTCCTGCGCCGCGTCGGCGAGATCATGATCGCCCGCAAGGAGGAGCTCGCGGACCTCATGACCCGCGAGATGGGCAAGCCGCTGGCCGAGACCCGCGGCGACGTGCAGGAGGGCATCGACACGGCCTTCTACGCCGCCACGGAGGGCCGCCGGCTGTTCGGCCACACGGTCCCCAGCGAGCTGCGCAACAAGTGGGCGATGTCGATGCGCCGCCCGATCGGCGTGGCCGGCATCATCACGCCGTTCAACTTCCCGCTGGCCATCCCGACCTGGAAGATCTTCCCGGCGCTGGTCTGCGGCAACGCGGTCGTGTTCAAGCCCGCCGAGGACGTGCCGCACACGGGGCATGTGTTCGTCGAGATCCTCCTCGAGGCCGGCCTGCCGCCCGAGGTGATCCAGCTCGTCCACGGCGACGGCGAGGTGGGGAAGGCCATCGTCGAGCATCCGGGCGTCGCGCTGGTGAGCTTCACCGGCAGCACGGAGACGGGCAGCAAGGTGGGCGAGACCTGCGGCCGCCTGCACAAGCGGCTGTCGCTGGAGATGGGCGGCAAGAACGCGCAGATCGTCCTCGACGACGCGAAGCTCGACCTCGCGCTCGACGGCGTGCTCTGGGGCGCCTTCGGCACGACGGGCCAGCGCTGCACGGCCACGAGCCGCCTCATCCTGCAGGACGGCATCCACGACAAGTTCCTCGCCATGCTCGTGGACCGCGCCAAGAAGCTCAAGCTCGGCGACGGCCGCAAGGCGGGCACGGATGTGGGGCCGGTGATCCACGCGGAGTCCATCAGCAAGATCGAGCGCTACGTGGAGATCGGCCTCGAGGAGAAGGCCGAGCTGGTGCTCGGCGGCCGACGCGCCACGGGCGCGGGGCTGGACAAGGGGTTCTTCTTCGAGCCGACCATTTTCGCGGCGGTGAGGTCGGGATCGCGCCTGGAGCAGGAAGAGATCTTCGGGCCCGTGCTCAGCGTGATCCGCGTGAAGGACGCCGACGAGGCCTTCCGCATCAACAACGGCGTGAAGTACGGCCTCTCGAGCTCGCTGTACACGCAGGACGTGAACCTCGCGTTCCGCGCCATCAACGAACTCGACAACGGCATCACGTACATCAACGCGCCGACGATCGGCGCCGAGGCGCACCTGCCGTTCGGTGGGGTGAAGGCCACGGGCAACGGCCATCGCGAGGGTGGCTGGGAAGTGTACGAGTTCTACTCGGAGACGAAGGTCGGGTACGTCGATTACTCCGGGTCGCTGCAGCGGGCGCAGATCGACAACTACTGACCGCGGTTCACCACGAAGGCACGAAGGGAGCCGCAGCAATCGGTAGGGCCCGCGACGCCAATGAAGCGATGCTTCTTGGGGTCGCGGGCCCGAAAGTCTGCAGGGAGCCCTTCGTGCCTTCTATGTCGATTCGACGGTATGTTCGTGGGACAAGGGTGCGGGGCGAGCCCGGTCGTGCCTCGGTTCGTGAAGACCGCCACGGAGCAGGGGCCGCGCCCACCCATCACGATTGCCGAGAGCCCGGACGGTTGGGTGGTGCCCACGCCCGACGTGGAGCCCGCATGCGGAAGGCCGGTGCCGGCGGCGATCCCCACGCGGAGGTCCGGATGTTTGTCGGCATCGATGTGGCGAAGGCGACCGTCGTGGTCGCGCTCCATCCGAGCGGCGAGACGTGGACGACGGGCACGAGCGCCAAGGAGTTGCGCGCGCTCGCGCGGCGCCTCGCGGCGCTGCGGCCTGCGCACGTCGTGCTCGAGCCCACCGGCGGCTACGAGCTCCCCGTGCTGATGGCCCTCGGCGCGCAGGCCCTGCCGGTGAGCCTCGTCGCGCCGGCGCGCGTGCGCGAGTACGCGCGCTCGCACGGGCAGTTCGCGAAGACCGACGTGCTCGACGCGCGGATGCTCGCGCGCTTCGCGGCCGAGCGGCCCGTGCAGGCCGTCACGCTCCCCGACGCCGCGCACCGCACCCTGATGCAGCTCGTCGCCCGCCGGCGCCAGCTCGACGAGATGCTCGTCGCCGAGCGGCTG
NZ_CP130613.1_gap25	1079581	1082160	2579	CGGGGCGTCGGAGACGGAACAGCTGCTCCCGAAGCTGCGCGAGCGCGGCTTGATCGGCGATCCGGTCGTGCAGCATCCTGGCGTGCGCGTGCACGCCGGCGACACGCCGTTCGTGCGCTATCTGAAGGTCAGCGAGGGCTGCGACCACGGCTGCGCGTTCTGCGCGATCCCGCTCATGCGCGGCAAGCACCGCAGCTTCCTGCCCGACGACGTGGTGAAGGAAGCGCAGCTGCTGGAGCTCCAGGGCGCGCGCGAGGTGAACCTCGTGGCGCAGGACCTCGCGCACTACGGCCGCGACCTGCGCGACCAGTCCGTGCGGCTGCCGGAGCTGCTCGAAGCACTGGTCCGCGAGACGTCGATCCCGTGGATCCGCAACATGTACCTCTACTCCTCCGGCATCTCGCCGCGGCTGCTGGAGGTCATCGCGAGCAATCCGCGCATCGTGCCATATCTCGACATGCCGATCCAGCACGCCAGCGATGCCGTGCTCGAGCGCATGCGCCGGCCCGAGCGGAAGAAGACCATCCGCGAGAAGGTCGCGCGCTTCCGCGAGGCCGTGCCGGGCGTGGCCATCCGCACGACCTGCATCGTCGGCTTCTCCGGCGAGACCGAGGACGATTTCCAGCAGCTTGTGGACTTCCTGCGGGAGATCCAGTTCGAGCGCGTGGGTGTGTTCACGTACTCGCCGCAGGAAGGCACCCGCGGAGCGCTGCTGGACGACGACGTGCCTGAGGGCGAGAAGCTCCGCCGTCTGGAGATCGTGCAGGAGCTGCAGCGGCACATCACGGCGGAGCGCTACGAGTCCCGCGTCGGCACGGTGGCGCCGGCCTTGATTGAGGCCGCGGCGACACCGGACAGTCCGGCGCGCGCGCGGCTGCCCTGGCAGGCGGATGACATCGACGGCGTGACGTGGATCGACACCGACGCGGCGGCGGGCAGCATCGTGGAAGTCGAGGTCGACGAAGTCGTCGACGACTACGACTTCACGGCGACCTACCGGCGAACACTGCTCGCGGCGCCGAGCCCGGATGCGGCCACCGCGACGCGCGGGCGGGCGCTGCCGATGCTCGCGTCGATCGGGAGCTTCGGGCGTTGAGTCGCGCAGCGCTGCTACTCGCGGCGCTGCTGTTGGTGTCGTGCGCGCCGCGCGGTCCGCGCGGAGGGAGCACACGCAATCCCGCCGTGCGTGTCGCCCTCGGCGTGGCCCGCGGCGACGAGGTGCCCGCGCAGCTCGCCCCGCGCGGCAGCGACCCCGTCCGCTTCAAGGGCAAGCGCTACCGCGGCCTGCTGCGCACCGTCTCGACCGACAGCGGCATGCTCGTGGTGAACGTCCTGCCACTCGAAGACTATCTCAAGGGCGTGGTGCCGCTCGAGCTCGGCGAACGGCCGGCGGCCGAGCGCGCGGCACTCGAGGCGCAGGCCATCGCCGCGCGCTCGTACACGGTGTCGCGGCTCGCGGCGGCGCGTGGCGGCCGGGGGCGCAGCGAGCACTTCGATCTGGTGCCGTCCACCGCCGACCAAGTCTACGGCGGCGTGGATGCCGAGCGGCCGAACGCCAGCGCGGCGGTGGACGCCACGCGCGGGCAGGTGCTGCTGTACGGCGGGCGCGTGATCACCGCGCCGTATTCGAGCGCCTGCGGCGGCGAAACGGCGGCGGCCGAGGAGGCCTGGAACGGCCAGCCGGTGGCGTACCTGCGTCGCGTGAGCGACCGCATCGGGCGCTCGGAGCGCTACTACTGCGACATCGCGCCGCGTTTCTACTGGGAGCGGACCATCGCGGGCGGCGAGCTGGACGCGGCCGTGGGCCGCTACCTCCGCACGATCACCGACGTGCCGCCGCAGGGCCCGGGGGAGGTCCGCGGCCTGCGGGTGGCCGAGCGTTTCCGGGGTGGACGGGTGAAAGTGCTGGAGCTGCGCACGGCGCGGGGGACGTTCGACGTCGGCGGCAACGATGCCCGCGCGATCCTCCGCACGCCCAGTGGCGAGCCGTTGCCCAGCTCCTATTTTTCGGTGTCCACCGAGGGCGGCGACGCGGGCATCGCCCGCGTCATCCTGCGCGGCAACGGCTACGGCCACGGCGTCGGGCTCTGCCAGTGGGGCGCCATCGGTCGGGCCCGGGCTGGGCAGAGCGCCCGGCAGATCCTCCGCACTTACTTCCCTGGCACTTCCGTCGGACCGCTACCTTCCTCGTAGCTCCCCGTAGCCCACCCCACCGTGCCCACGCTCTCTTCGCTCAAGACCGGTCCCGTGCGCTTCGGCGTGCTCGGCCTCGGCGCCATCGCCCAGACGGCCCACCTGCCGGCGCTCGCGAAGATGCGCGGCGCGGAGATCGCCGCGCTCTGCGACAACGACGCGGCCAAGGCCCGCGGCATCGCCCAGCGCTTCAGCGTGAAGAACTGGTGCACCGACATCGATGACCTGCTCGAGGTGCCCGATCTCGACGCCATCGTGATCTGCTCGCCCAACCATGCGCACGAGGTGCACACGCTCTCCGCGCTGAAGGCGGGCAAGCACGTGCTGGTGGAGCGTCCCGTCGCGCTGAGTTCGAAGGGCGTGGAACGGCTCGTGGCGGCGGCGGA
NZ_CP130613.1_gap26	1177188	1181977	4789	ATCTCGCGCTGGAGATCGCGGCGCCTGGCCGTCGTGACGTGCAGTTCCGCTGGCGCAGCCGCGGCGAGGGCTGGCGCGAGGAAACGTTGCCGGTGGATGCCACGGGCCGGGCCGTGGCAACGCTCGCTGACGTGAGCGCCGAGCTCGCGGTGGTGGTATCCGACGGGCGCGCCGGACGTGATTCCGCGCTCATCGCGGTTGTGGACCGTCCGTTCGTGGGTGACGTCGAGGTGCTGGCGCGTTACCCAGGCTACCTGCGGCGGGGCGACGAGCGCCTCGGCGCGGACGCGCCAATCCGCGTGCCTGCCGGAACGCGGCTCGAACTCGCGGCGCGCGCGTCGACCCCGGTCGCCACGGCATCGCTATCGGTCGACGCCGTCGATGTCGCCCTCCGCGTGGACGGCCAGCGGGTCACGGGAAGCTTCGTACCGCAGCGCTCGGCGCAGTACGCGTGGCGGGTCGAGGGCGCGACCCAGCGCATCGAGGATCTTCCCCCGGCGCTCGATATCGAGGTCGTCGCGGACTCACTGCCGCGCGTGGAGATCCTCACCCCGACGGGCGAGCGCATGGTGGACGCGCAGGACGTGCTGGCGCTGGAGCTGCTCGCGCAGGACGACTACGGGCTGCGCGACGTGGCGCTGCGCCTGCAACGCGTGGGCGAGGATGCACCGTTCGCGACCGTCGCGCTCGATGCCGCCGAGGACGCGATCTGGAGCGGGGTGTACACGTTGCGGCTCGCGCCCGCAGGCCTCGAGCCCGGTCAGACCCTGGAAGTGACGCTCGCCGCGCGTGACGCAGCGCCGGGGAATCGCTTGGCGATCAGCACGCCGCTGCGTCTGCGCGTGCCGACGGCCAACGAAGCGCGCGCGGCGGCCGATGCCGCGGCGGACGCTGCAGTGGCCGCCGCGGATGCCGCCGCGAAGGCGCAGGCCGAGCTCGCCGAGCGCACGGCGCTCGCGGCGCGCCAACGCGGGGACCGTGGCGCCGAGAGCTCGGTGAACGACCCGCGCGCGGCGCAGCAGCAGCCGGGGCAAGCCCAGGGGCAGGCGCCCAACCCGGCGAGCGATCCGAACGCGCCGCGCGAAGCGCTCGGCTACGAGGGCGCGGAGCGGGCGCGCGAGATCGCGCAGGAACAGCAGGCCCTGCGCGAGCAGGTGCAGCGCCTCGAAGATGCCGCGCGCAATCTCGAGGACCGCCTGCGCCAGGCCGGCGCCTTGGATACGAACCTCCAGCGGCAGCTCGCCGAGGCGCAGCGCATGATGCGCGAGGCGATGACGCCCGAGATGCAGGCGGCGATGCAGCAACTCGAGAGCGCGACGCAGCAGCTCGACGGCGCACGGACGCGGCAGTCGCTGCAGCAGCTGGCGCAGCAACAGCAGCGCATGCGCGAGCAGTTGGAGCGCAGCGCCGAGATGCTGCGGCGTGCGGCGCTCGAGGGGCAGATGCAGACGCTGGCCGACCGCGGCAACGAGCTCGCGCAACAGCAGCGGGCCATGGCCGACAGCGCCGCTGCGCGGCCGCCCTCGCGCGACCAGGCGCAGCAGATGCAGCAGCAATCGCAGGACCTCGCGCGGCAGGCGCAGCAGCTCGCCGAGCGCTTGCAGCAGGCGCAGGCCGAGGCGGGTGCGGAGCGCATGCAGCGGGCGGCGGATCAGGCGCAGCAGGCGGCGAACGCCATGCAGGACGCGGCGCAGCAGCAACAGGGACAGCAAGGGCAGCAGGGTCAGCGCGCCGCGCAGGAGGCGGCGGAACGCGCCGCCGATGCCATGCAAGGCGCCGCGCGGGATCTCTCGCAGGCCCGCGAGCAGCAGGTCGGCGAGTGGAAGGCCGAGCTCACGAACGCGCTGGACCGCTCCGTGCAGGAGATGATGCAGCTGGCGCGCGAGCAGGATCAGTTGGCCCAGCAGGCGCGCGAGAACAACGCCGCGCCGGGGCTGCGCGGCCAGCAGTCGGCGCTGCAGCAAGGTGTGCAGACGGCGCAGGAGCGCCTGGCGGAAGAGTCGAAGAAGTCGGCGCTGGTCTCGCAGCGGTCGCAGGAGCTCATGCAGCGCGCGGAGCAGCGGGCGGCCGCGGCGGCGCGCGAAGCGGCGGCGGGGCGCGGCGGCCAGACGGAGCAGGCGATGCGCGAGGCGGCCGACGCGCTGCGGCAGGCGGCGGCACAGCTCACGCGTGACCGCGAGCGCGCAGGCAGCAGCGCGTCGGCGACGGGCGTGGCCGAGATGCTGCGGCAGATGCAGGAGCTCGCGCGGCAGCAGGGCGGCTTGAACGCGCAGATGCAGAGCATCATGCCGTCGATGCAGCAGCAGTCCGGGCAGCAGGGGCAGGCGGAGGCGGCACGGGCGCAGGCGCGGCAGATGGCGCGGGCGCAGCGCGAGGTGGCGCGGCAGCTCGACGAGATCAGCGACGCCGACCCGACCGGCAAGGCGCAGGAGCTCGCGCGCGAGGCGCGAGTGCTCGCCGCCGCGCTGGACCAAGGCGCCTTCGATCCCTCGACCAGGACGCGGCAGGAGCAGTTGCTGCGGCGCATGCTCGACGCGGGACGCTCGCTGGAGAATGACCAGCGGGATGAATCGTCGCGGCGCGAGGCGCGTGCGGCGCGGACCACGGAACGCGTGCGCGCCGAGGGCCCGAGCAGCGGTGCGGCGGCGGAGCGCTACCGCGTGCCGTCGTGGGATGAACTGCGCGGGCTGAGTCCGGAGGACCGGCGCATCGTCATCGAGTACTTCCGGCGCCTGAATGCGGAGCCGCGGCCGTGATGCGACGCGTGCTGGATCTCGTGCAGCCGTGCGTGACGATCGGTGCTGTGCTCGCGATGGCGGCGCTGCCGGTCGCGGCGCAGTCGCGCCCGCTGGGGAACCCGACCGCACCGTTGATCGCACGCGCGATCGACCACGAGAATGGCGGCCGCTACGACCAGGCGCGCGACGCGTGGCTCGAGGTGCTGCGTGCCGGCGCGGCGATTCCCGCGGTGCTCGGCCTCGAGCGCGTGTACACGATGACCAGCGATGAGGACTTGCTCCTGCCGCTGCTCGATTCGTTGGTGCCGCTCACGCCCGCGGACGCGCAGCTGCGCGGCGCGCAGTTGCGCGTGCTGGTGGTGACTGGCCGCGACTCCGCGGCGGCCGTGGCGTTCCAGCAGTGGCGCGACCTGCGTCCCCGCGAGGTGACGCCATACCGCGACTACGCGCGCATCCTGCTCTACAACAGCCGCCCGCAGTCGGCGGACTCGGTGCTGGCCGAAGCGGCCAGCGTGCTCAGCGGTACGCGGGAGCTCTTGCTCGAAGTCGCCCAGCTGCGCGCCGCACTCGGGCGATGGGATGAAGCCGCCGTGGCGTGGCGCGAGACCATGCGCGATCAGGCGTACTATGAAGCGGGCGCGGTATTCTCGCTCTCGCAGGCGCCGCTGGACGCGCGGGACGCGGTGCGCGCCGGCCTGCGCGCCGAGTCGCCGCCGATGGGCGCGTACCAGACGCTGAGCCAACTCGAGCTCGGCTGGGGCGCGCCGCTCGCCGGCTGGCAGGTGATCAAGGACCTGCCGGTGTCCGATACGGTCGTGTACGTGTGGAATCAGTTTGCCGAAGAGGCGGAGCGCGTGCAGGCGTGGTCGGCGGCGCGCGATGCGCTGGTGGCGGTGCACGCGGCGCGGCGCAGTCGCGGGCTGCAGGACCGCGCGGTAGCCGAACGCGGCGCGACGGCAGCGCTCAAGGCGAATGATGCCGAGACGGCGATTCGCCTGGCCCGCGCCGCCCGTGTGCCGACGGAGGCGCCACGCGCCGAGCTGATCGGCATCGAACTCGAAGCCTTGGCGCGTCTCGGGCGTGCGGCGGAGGCCGAGCGGGTGCTCGCCGATGCCGCCCCGCAACTCGGCGGCCAGGCGCGCGGGTTCGCGCGGAGCATCGCGTGGGCGTGGATTCGCGCCGGTGACGTCGCGCGGGCGCGTGCGGTGCTCGCCGACGGCCCGCTGGATGCCGACGACGCGGTGAGTGGCTGGCTCGCGCTGTACGACGGCGACTTGGTGACCGCACGACGCGCGCTGCGCTACGGCGATGTCGCGGCCACCGATGCCGTGGCAGCACTGTCGTTGCTCTCGCGCACGCGCGCGGAGCGCTCGCCGACGGTGGGGGCGGCCTTCTTGGCGTTGGCCCGGCAGGACTCGACGGCGGCCGTGGCGGCGATGCTGCGTGCGGCGGAGGAGCTGAGTGACGCGGCGCCGTTGCTGGTGACGATGGCGGCGCGCGTGGAGATGGCGCGCGGCGCCGACGCGCGGGCGATCCCGCTGTGGACCCGCGTGGTGACGGCGTACGCGCAGTCGCCGGAAGCGGCAGAGGCGCGTCTGGAGTGGGGGCGGGCGCTCAAGCGCCGCGGCGACGTGCGGGCGGCGCGCGAACAATTCGAGACGATGATCATCGATTATCCGGGGTCCGCGCTGGTACCGCAGGCGCGGCGTGAGTTAGACGCGTTGCCGCCGACGCGGGCGGAGGAGTCGGCGTGCTGAATCGACTGCTCGGGTTGGCCCTTTGCCTCGCGCTGCCGTTGCGCGCACAGCATCTGCTCGTGCCGATGGACGACGCGCAGTCGAACCACCTGAAGGCCTATGGGCTCACCTTCGGCGCGCTCACCGACGGCGTGCGCAGCGAGTGGCTGCTCAACTTCCGCGGCGGGAGCTTCCTGCTGCCGGACCTCCCGGGCCTGCGGCGCGCGGCGTTGCTCGCTGGCGTGGCCACGGAGCCCATCGACGATGCGCGCCTCGTGGACATCCGCCGGCAGATCGCCGATGGCAACATGGACG
NZ_CP130613.1_gap27	1187525	1188635	1110	CGTGTGCGTCGCGACGTGATCGATCAGGAAGTGCCAGACCTGCCGTTCGACCGGCGTGAGGGGCGCGCGAGGCCGGTCCATCGTGACGTCTGCGCGCGACGGGCGCTCAGGCGCCCGTGCGCATCCCCTGCAGGTGGGTCACGGCACGGGTGACGCGGGCGAGCGTGCGCTCGCGCCCGAGCAGCGCCATCACTTCGAAGATGCCGGGCGATGCCGCCGAGCCCACGAGCGCGACGCGCAGTGGCTGCAGCAGCTTGCCGGCGCCGACGCCCTTGGCCTCGGCGAGCTGGCGCATCGCCGGCTCCATCGTGGCTTCGTCGAACGGCTCCAATGAACGCAGCGTCTCGCCGCAGGCCTCGAGCAGCGCCTGTGCGGCGGCGGGGTCCTTCCACTGCTTGGCGACGGCGTCCGCCTCGTAGGCGAAATCGTCGGTGAAGTAGGGCGTAGACTGGGCGACGAGTTCGTCCGTCAGACGCGCGCGCACGCGCAGCAACTCGAGCAGCTTGTGATACCAGGCGGTGTTGGCGTCGAGCCACGCGTCCGTCGTGAGGCCGGCCGCCACGAGCGGGCCGCGCAGCAGCGCCGCCGCCTCGGCGATCGGCATCTTCGCGAGGTGCTGGCCGTTCATCCACTCGAGCTTGGCCGGGTCGAACACCGCGGCTTTCTTGAGCAGGCCATCGGCGCTGAAGCCCTCGATGAGCTGCTCGAGCGTCATCACTTCGTCGAAGTCGCCGCCGGGCGACCAGCCGAGCAGCGCGAGGAAGTTGACCATTGCCTGCGGCAGGATGCCCTTGTGCTGGTAGTCGCCGACGGCGGTGGCGCCGTGGCGCTTGGAGAGCTTCTTGCCGTCCGTGCCGTGGATCATCGGCAGGTGCGCGAACTGCGGCAGCGGCGCGCCGAGGGCCTGGTAGAGCAGGATCTGCTTCGGCGTGTTCGAGATGTGGTCGTCGCCGCGCATCACGAGCGTGATGCGCATCGCGATGTCGTCGGAGACCACGGCGTGGTTGTAGATCGGCGTGGCGTCCGAGCGGAGGATGACGAAGTCGTCGATGTCCTTGTTCGGGAAGCTGATGCGGCCGTGGACGAGATCTTCCCAAGCAGTGTCGCCGT
NZ_CP130613.1_gap28	1190444	1193337	2893	AGGCGCGATACAACCTTGAACGGCGCCGCTGGCCGGTGTGCGCCATTGGTCCGCTGCTGCCGGGTCCGCATGGGCTCCTGATCCCGGTGGAGATCCGCGGCCTTGCGAAGGCGACCCGGGTCCGGGAACAGCTCGAGACGACGGAACAGCTGCGCCCGCTCGCGCGCCACGAGCGCCAGGCGTTGCGCGCGCTCAAGCGGAACGGCGTGCGTCGGGTCGGCAATGATAGCGCGGATACCGCGGCGCTCGAGCGGGCGCGCTTGAAGCGCCTGTCGAAAGCGGCGAAGCGGGCACGCGCCGCGCAGGCCGGGATGGCGCGCGCGCGGGCGCGACAGGCCTCGGCGCAGGAGGGCGCATGCTGACGACGCTCCTGCAGGAGCTCGGCCGCGTGCCGTGGTGGACGCTGCTGCTGGTGCTCAACCTCATCGCCGGGCTGCTCGCGGCGTTCACCCAGGTGCCGGCGATGAACCACCGCCGCGCCGTCGTCCGGTGGAGCGGCTATGCGCTCGGGATGATCGTGTGCGCGATGGTGGGCATGTTCGTGCTGCTCGCCTACGGCGTGATGGTGCAGCTCGAGTCGATGGCGTTCCGCGCGACCGTGGGTGCGCCGCGGCGTAGGATCCATTGATGCGCGCACACGGCTGGAGGATCGCCGGGTTGCTCGTCGCCCTTGCGTGCGTGGTCGGGGTCGTGCACGTCGAGGGGCCACTGGCGCTCGTCGCCGCGATCGCCGCGGTCATCGCGGTTGCGCACGGCCAGGTCCTCGCGCAGGCCCTGCTCGACTCGCTCAATCCGCGGACGGACTCGGAAGCGAAGTATCTGCGCCGCGTGGGGCGCGACATCCTCGAACGGCAGCGTCAGCAGGCGGTGCAGGATGCGGCACGCGCGGAGCGCCGCGCATGACCGGGATCCCGCGCCCCATCGTCCAGACGGAGCGGGCGTGCGTGCTCTGCGGCACGGCGCTCGTGATCACCTTCGATGCGCTCAACCGCCCGCGGCATCGGTGCCCGACGTGCCATGGCACGGTGACGACGCCGATCGACGCGGGCACGGTCGAACGCGTCGCGACGCCGACGCCCGCGTTGGCGAAGTTGGCGCCGAGCCGACAGCAGCTGCAGCGGCTCGTGCTGACCGCGCTGCCGGTGTTCGCGCCCGGTGTGTCGCGACCCGCCGCGGCCGCACGGCATTGCGATCGCTGCGGCACGGCGCTGCCGCGGCAGCACGGACGGGGACGGCCGCGCGTGCGCTGCGCCGATCGGGACGCGTGCGCCGGGCGCACGCGGGGGGCGGCGTGACGGGGCGCGCTGCGGTGCGGATCCTCAACGGCGCGCAGGGCCGCGGTATCGCGCGCGCGCTGGCGGCGGTGACGGCGGGTGTCCTCGCGGACGCACCGCCGATCGCGGCCGACCAAGTCGCATCACCGACGTGCCGGCGGGCCCTGCGCCTACTCGTCTTGGAACGAAGCACCGCTGTTCCCTGTCGGAGCACGCAAGGCGTACGACTCGACCGTCGCTCGCGTGACGGACGAGGTCCGGACCGGGTCGGTTGGCAAGAGCATCAGCCTGCTCTTGCCGCTGCAGATCGAGGGCGTGGCGAATGAATACACGTTCAAGTTCTCGGTCGACTCAGTGTCGGTCCGCCGCGTTCCATAGTCGCGTGCGACACCGTCGCATTCCGCCGATGTTCCAATCCCGTCGATGATGCAGAATTTTCACGTAGCGGCCGACACTCTCCTCAGCTGGGGCGCGCTGATGCGCCCGACCAATCCGGCCGAGTTCTGGGAGATGGCCGGGGCCGTTCTCACGCTCGCGGTGCTGGTGGTCACGGGCTTCGGCCTCAAGGCTATCGCGGTGGCGAAGCAAGACATTCGCTCCGGGCGGAGCGTGAAACCAAGTCGCGCGCAATCGATCTGTGACGTGAGATGCGCGAAGTGCTCTTCCCGATGCACGGCGTGTGGCTTGCGCGGCTCCGCGTCGCGAACATCGAGCTCTTCATCAAGGACGCTACGCACGTCACGTTCGATGAGACGGAGTCGAAGTCGAAGTTGAAGGACGCGACCGCGTGGGTGGGCGCGTTGCCACCGGAACTGAAGCATGAGGCGACCGCCCTAATGAACACGCTTGAATGCTGGGCGATGTGCTTCACGCACGGCCTGGCGGACGCGAAGGTATCTGAGACGCCGTGCGCCCCCGCCTATTGCCAGATGGTCGTCTCGCTGTACCCCTGCACCCTGTATCACCGACACCTCAGCCCGACTATCGGCCCGTATCGCACCTCGTAAACTTGTTTGAGAGTTGGTACGCGCCGAAGACGCAGGCCACGCTCCTCGCCCAGCTCGAACGGGCCAAGAAGCTCGCAACGCTGCCGGACCCAATCGGAACGAAATAGCCGGCTGGCGCGCATAATCACCAGAGGTCGCTCGCCCTCTCCACAACGAGGTACCTATCAAGACGATCGGATTCTAAGGCGCCCTGCGCTGCCGACGGGCCCCGCCAATAGCGGGGCCCGTCGGCGTTTCTGGTCGTGCTGAGTAACGACTCCCCGCGCCGGCGGGCCAGATCTTCCTGCGCGCAACCACGGGTCGGCGACCCCAAGTCGTATAAGCTGTTGTAATACAACGACTTGAGGGTTTGGATAACCGACCAATGTTCATGCACTGGTTTGCGGCCCCCCCCAAGTGCGCGGAAACCTAAGTGCGAGGCTTCGTTGCCATGGCAACAGATTGATTGCAGCGGCGGAACCGCTCGGCAGCATGCTGGGGGACCCAGGCAGGAGAACGAGGATGCCGACGCCGGTCCCACCCCAGGAGTTGAAACACGAGACGGCGCCGGTGAGCGTCCGCCGGTTCCATTATCCGCTGACGTCGCGGCCGCGGGACGTCGCACTCTATTCG
NZ_CP130613.1_gap29	1214292	1215444	1152	GGCCGGAGCAGCGCATCGGATCGGACGACCTGTGGGACCGCGCCGAGGCGGGCTTGAAGGCCGCGCTGGAGAACTCCGGGCGTCCGTATGAGCTCAAGGAAGGCGACGGTGCCTTCTATGGCCCCAAGATCGACTTCGACGTCACGGATTCGATTGGCCGCGCCTGGCAGTTGGGCACCATCCAGCTCGACTACAACGCGCCGGAGCGGTTCGACCTGTCGTACACGGGCGAGGACAATGCGGCCCACCGACCGGTGGTCATCCACCGCGCGGTCTGCGGCAGCTTCGAGCGCTTCATCGCCATTCTCATCGAGCACTTCGCCGGTGCCTTCCCGGTGTGGCTCGCGCCCGAGCAGGTGCGCGTGCTGCCGATCTCCGACGAGGTCGCGGGGTATGCAGAAGAGGTGACGGCGAAACTCAAGGCCGCCGGCATCCGTGCTGTCTGCGACACCCGCAGCGACACGCTCAACTATCGGATCCGGGACGGCGAGCTCATGAAGGTTCCGTACATGGCGGTCTGCGGCAAGCGCGAGGCGGAGGCGGGGCAGGTGGCCATCCGCGTGCGCGGCGCCGGCAAGAAGCAGGAGATCGTCAGCGTCGCCGACTTCCAGGCGCGACTGCTCGACGAGATCCGCACGCGCGCGCTCACGCCGTCGAGCGCGGGCGAGGCCTGATGCGCGCACTCGCGCTGGCCCTGCTGGTCGCGACGGCCTCGTCGCTCGAGGCCCAGCGTGCGCGCCCGCCGCTGAATGCGGGGCGCGTGGCCGGCGAGTTGGCCGTCGGAACGTACGCCGGCATCGGCGGCTTCCTCGTCGGCCGCTTTGTCGGTGAACGGATGGCCGACATCCTCGGCGCCGAACGCGACGCGACGATGCGCGCCGTGGGGCTCACGAGCGGGGTCGCGGTCGCGGGACTGGCGACCGCCGGGTCCGTGTACGGCATCGGCAACATCGGGGACCAGACCGGCGACTTCAGCGCCACCTATCTCGGCACCGGCGTCGGGTTTGCCGCTGGTTGGGCCTTGTCCAGGGCGCTGCTCGGACCGTCCGAGCGTCCGCGCGAGGGCATGAGCACGGCGGCGCGCTGGGCGACCGCCAACGTGATCGCGTTGCTGCCGAGCATCGGCGCGACGGTGGGCTTCAACTCCTCACG
NZ_CP130613.1_gap30	1216743	1220260	3517	GGCGCGGGCCAGATGGGCAACGGCATCGCCCACGTCTGCGCGACCAGCGGCTTTGACGTGGTGCTGATCGATGTCTCGGCCGACGCGCTCGCGAAGGGCAAGGCGACGATCGAGAAGAACTTGGACCGCCAAGTGAAGAAGGGCGCGCTCGACGCCGAGGCGGCCAGGGCGGCGATGGCGCGGATCCAGACCAGCACGTCGCTCGACGCGGTGAAGGACGCGACGATCTGCGTCGAAGCGGCCACCGAGCGGAAGGACCTCAAGTTCCAGATCTTCCGCGACCTGGATCACCTCGCGCCCGCCGCTGCGATCCTCGCGACGAACACCAGCTCGATCTCCATCACGGAGATCGCCGCGGTGACGAAGCGCCCGGAGCTGGTCATCGGCATGCACTTCATGAACCCGGTGCCGGTGATGCAACTCGTCGAGGTGATTCGCGGTCTCGCGACCTCCGACGCGACCAACACGAAGACCATCGAGCTCTCGAAGGCGTTGGGCAAGATTCCCGTCGAGGCCAACGACTTCCCGGGCTTCATTGCGAACCGCATCCTCATGCCGATGATCAACGAAGCCTGCTACGCCGTGATGGAAGGCGTCGGCACGCCGGAGGCGGTGGATCAGGTGATGAAGCTCGGCATGAACCATCCGATGGGTCCGCTGACGCTCGCCGACTTCATCGGCCTCGACACCTGCGTGGCGATCCTCGAGGTGTTGCACGAGGGCCTCGGCGACCCGAAGTACCGGCCCTGCCCGCTGCTCAAGAAGTACGTCGCGGCCGGCTGGTATGGTCGCAAGAGCGGCCGTGGCTTCTACACCTACGCGAGCTGACGCATGACGACGTGGACCGGAACGCCGCTGAGCTACCAGGGCATCGTGGCGATGACTGAGGAACAGCAGGCGATCGTCGAGACGGCGAAGGCCTTTGCCGCCGAGCACGTGCGGCCTTTCGCCGCGCAGTGGGACCGCGATGCGCACTTCGAACCGTCGCTGGTCGGCAAGCTCGGGGAGCTCGGCTTCCTCGGCATGCTGCTCCCCGAGGAGTTCGGCGGGCTCGGCCTCGACGCGAAGAGCTACCTGCTCGCGCTCGAGGAGATCGCCGCGGCTGACGCGAGCGTGGCGGTGATGATGTCGGTGCACAACTCGCTGCCGACACAGATGTTGAACACGCACGGCACGCCCGAGCAGAAGCGGCGCTTCCTCACGCCGCTGGCCAAGGGCGAGCTGCTGGGCGCGTTTGCGCTGTCCGAGGCCGACGCCGGGTCCGACGCTTCGGCGATCCGCTGCCAGGCCGTGCGCGATGGCAATGACTGGATCGTGAACGGCTCAAAGGCCTGGATCACCAGCGGCACGCATGCCGGCGTCATCATCGCGATGATCCGCACCGATACTCCGGAAGCGCGGCGGAAGTCCAAGGGCATCTCGGCGTTCATCCTGACCCCGGACCTGCCCGGCTTCCACGTGGGCAAGAAGGAAGACAAGATGGGCATGCGGGCGTCGCCGACGGTGACGTTGACCTTCGACAACATGCGCGTGCCCGCCGACCGCATGCTGGGCGCCGAGGGCATGGGCTTCATCTACGCGATGCAGTCGTTGGTGCACGGGAGGCTCGGCATCGCCGCGCAGGCGATCGGCATCGCGCGCGCGGCCTTCGAGGCCGCCGTGGCCTACGCCAACGAGCGCAAGCAGTTCGGCACGCCCATCGCGGAGTTCCAGGGCGTGCAGTTCAAGCTCGCCGACATGGCGACGCGGATCACCGCGGCGCGCGCGATGTTGCACGAGACCGCGACGGCGAAGGACGCGGGGGCGGAGGTCGACGCGCAGGCCTCGATGTGCAAGCTGTTCGCCTCCGAGACGGCGATGTGGGTGACCACGCAGGCCATCCAGATCTTCGGGGGCTATGGATACGTGAAGGAGTATCCGGTGGAGAAGTATTTCCGGGATGCGAAGGTCACGGAGATATATGAGGGGACGTCGGAAGTGCAGCGGATCGTGATTGGCAGGGCGGTGTCAGCGGGGGCGTGAACGACGCAACAGCAGATGTGAGATGTAAGATGTGAGATGTAAGTGGGTGACCGACTCTCAGCTCTTATCTCGCCTTTGCCGTTTGCAGTGGCAGCAGTCTTACATCTCATATCTCACATCTTACATCTGCATTTATGAAGATTTTCGATACGATCGCGAAGCTCGGCCATGAGCAACTGGTGCTGTGCGCCGAAGAATCCGCCGGCTACCGCGGCATCATCGCCATCCACGACACCACCCTCGGCCCCGCGCTCGGCGGCACGCGCTTCTGGAACTACGCGTCCGACGAGGAGGCGATCATCGACGCGTTGCGCCTCGCGCGCGGCATGACCTACAAGAACGCGGTCGCCGGCCTCAACCTCGGCGGCGGCAAGTCGGTCATCATCGGCGACAACCGCACGACGAACCGCGAGATGATCTTCCGCGCCCACGGGCGCTTCGTGGAGTCGCTCGGCGGCCGCTACGTGACGGCCGAGGACGTGGGCACGAGCACCAGCGACATGGATTTCGTGCACATGGAGACGGAGTATGTCGCCGGCCTCGCCAACAAGTCGGGCGACCCGTCGCCGGTGACGGCGCGCGGCGTGTTCCGGTCCATCGAGGCCTCGGCCAAGCAGCGCTGGGGCTCGTCCTCGCTCGAGGGCAAGACGGTGCTGGTGCAGGGCCTCGGCAACGTCGGCACGTACCTGTGCCGTGAGCTGCATGCGGTGGGCGCGAAGCTCATCGTGACGGATATCCGTCCGGAGCGCGTGAAGAAGATCGTCGAGGAGTTCGGCGCCAAGGCCGTGGAGGGCGATGCCATCTACGCCGAGAAGGCCGACATCTTCGCGCCCTGCGCGCTCGGCGCGATCATCAACGATGAGACGGTGCCGAAGCTCAAGGTCGAGATCGTCTGCGGCGGCGCGAACAACCAGCTGCTCGAGCCGGAGAAGCACGGCGAGGCGCTGGAGAAGCGCGGCATCTTCTACACGCCGGACTTCGTGGCGAACGCCGGTGGCGTGATCAACGTGTACGGCGAAGTGGCCGGTTGGTCGCGCGAGCGCGCGCTGCGCAAGGCCGACGAGATCTACGACACGGTGCTCGGCGTCTACAAGATCGCCAAGGACCACGGCATGCTGACGTATCTCGCGGCGGACAAGCTCGCCGAGCAGCGCATCGCGGCCGTGCACGGCATGATGCGCACCTGGCCGCAGTGGCCGCGGAAGAGCTGAGGCATGGCTGAGCGCATCCCGATCGCCTCGGACCACGCAGGGTACGAGCTCAAGCAGCACCTGAGCCGTGCGTTGCGGGAGCTCGGGTATGAGGTGGAGGACCTCGGCACGAACTCGCCGGCCTCCACGGATTACCCGGACTACGCGCACCCGCTCGCCGAGAAGGTGGAGAGCGGCGAAGTGAAGCGCGGCGTGCTGCTCTGCGGCACGGGGCTCGGGATGAGCTACGCGGCGAACCGCCACCCCGGCGTGCGCGCCGCGGTGGCCTGGGCGCCGGAGATCGC
NZ_CP130613.1_gap31	1315884	1319383	3499	GTGCAGTAGAGGTCACGGCGCATCGCTGGCAGGTACAGTTGCTCCGCGCTGGCGATGCAACACTCGATCCGGCCGTGACGGTCGCGGAGTTCGGACCGGGGCCGCCTCCCGTGCACTCGTCCGGTACACACGCCGTTCGCACTGCAGGGTGGCTGGTCGTTGGCGTGATGGCAACGATGATGCTCGTGTCATCGGGGGGGTGGTGGTGAGGATCGACGGAGCCAGCCTGTCGCCGCAGGCTTGGGTCGGCATTGTGTCGGCCTGCGCCATCGCCGGAGTGCTGTTGCTGCACCCGCTGACGATGGTAATCTATTGGTTCGAGTTCCACCCGGCGCACGCCGCATCCGGCACGGTCGCCAACTTCGTCCTTGAACGGATGGTTGGGGTATTCCAGCGACGGATGGTAGGTATGACGGGCATCTTCGCCGCGCTCGGTGTGCTCCTGGGGCTTCCGGCCGTCGTGTTGACCCGCGCATTCACGGTGAGGGGAGATCGCATTCGGTCTCTGGAGCTTGAACTGAATCGCGGCATCCCAGACCTGATTGCTGCTGGCGAGAGCGAAATCCTCGAGTTCAAGTCTTCGGCACGCTGGGACCGGAACACCGGGAAGGTTAGCCGCGCCGTCGAGGCGGCGATCGTGCGCACGGTCGCCGCCTTGATGAACCATCGTGGCGGCTCGCTGTTGATTGGCGTGTCAGACAACGGAGAGATTGTCGGAATCGAGGAGGATCTGGCGACGCTGCGCCGTCGCGATCGCGACGGGTTCGAAGCGTACCTCGTGGGCCTGCTCGCGCATTCCTTGGGTGCGGCGGTCCTCCGACACGTGCACGTCGCGTTCAGTCGGCTGGAAGGAAAGGAACTCTGCCGCGTCGTCGTGCAACGCGGCCGCGGTCCGGTGTATGTGATGGATGGATCGACAGCGCGATACTTCGTGCGCACGGGAAACACTTCGCGAGAACTGGACGCACGCGAAGCCGTGCTGCACACGGCCGGTCGCCAGACGGAGCCGGAATCCTAGGGCGGGCGCCGACGCGGTGTGGCTGTCCAGCGATGAGCATCGCGCCGAGGGGACGTCCCTACCAGGTATAGGGGAAACGCCGATTGTCCGTGACATTACGCTGCGTAAAATATTCTGAGAGCGATGGGCGCACGGTGAATGCCGCCGCCGTCCCATCGCGCGGTTCGTTCAGGGTGCGGTGGGTCCGGCGTCTCCTCGCCAGATTTGCGGCGCCAATCTCTCGGAGGATGCGGTCAATGATACGGCTGTCTCGAATGGATTTTCACCGGCGCGTTCGTTGCGTCGCGACACTGGTCGCGGCAGCGGCCTCTGCTCTGCTTCTCGCCCCGCGCGGGGGTATCGCGCAGACACCGAGCGGTGGTCGAGCGACCACCACAGCCCCAACCACCGCCGAACTCCAGCGACAGATCGCGGAGCTCCGGGCGGAGATTGCCCGCCTTCAGGCCGCAGTCGCGCGCCCATCGGCGTCCGCGTCGGCTGTCGGCCCGACAGGAGGCGCAGCGGCTGCCCCAGCAGCGAGTGGGATGTCGGGCATGTCGGGCATGTCGGGCATGTCGGGCATGTCGGGGATGATGGGAATGATGAATATGGATAAGGGCGAGATGGGAATGCCGCCCGCCGGCATGCGGATGCCGATGGGCGCCTCCGGCGGCGCCGCGGCGGGCGGAATGGGCGGAATGGGCGGAATGGGCGGAATGGGCGGAATGGGCGGAATGGGCGGAATGGGCGGGATGGGTGGTGCCGCGAAGCCGCCGACCGACTCAGCAGCTACCGGAATGGCGGCAATGCCTGGGATGCCGAGTGCGGCTGGCTCCAGCGCCCCTGCGTCGGTCTCGCAGATTCCCGGCAACGCCGGGTCCTCTCATCTCAACCACATCGGGGCGACGGGATTCTTCCTCGATCAACCGCAGTTGCAACTCTCGGCGTCACAGCAGACGACGCTGAACGGCATCAAGTCCCGGGCGCTCCTCGCACGTGCCGAGTCGGAGCGGCAGGTGCAAAAGGCCGAGGAAGAGCTGTGGGCGCTCACCGGATCTGCACAGCCCGACGCAACCGCGGTGGAGGCAAAGGTCCGAGAGGTCGAGCGACTCCGAGCCGGCGCGCGACTCGATTTCATCGCGGCGGTTCGGGAGGCGACAAACGTGCTGACGGCCGCGCAGCGTCGCACGCTACTCGGGACCGCGCCGTGAGCATCCGGCGGATGGACGCAGGCTACGGGGCGATTCGACTCGGTCGCCTCGTGGCCGCCGGACTCTCGCTGTCGGCGCTGGCATTGTTGCTGGGATGCGAGTCAGGCGAGGAGAAGTTGCGCGAGCGCGTCGACGCCGCCCTTGCGGCGGACGATTCCGTCGGCAACTATCGCTTTGGTCTTGACGCAGACGGTGGACGAATGACAGTATCGGGTACCGTGCCAGACGTGGCCTATCGGCGCCGGGCGGTGGCCATCGTAACCGCGACCTCGGGAGTGACGGATGTCATCGATCGCATCGTGGTGGCGCCCGTCGTTCCAGTGGACTCGACGTCCGCGCCTGCCGGCGCGAGAGCGCCCGCGCCGGGCGGTCGGATGGGACATATGTAGCGGCAATCGGTGGGCTGCCGCGCTCGCCGTCGCTGTATCGTGCATCGCGCTCCCGCCGTCGACCAGCGCGGCGCAGACGGCGGCCGAGCACGCGGCGCATCACCCAGCGCAGGATTCAGCGTCGCCGGCGGCGAAGATGCGGACGCCGCCCGCGACGGCGTCGCGCGCTCCAGCCACCGCGCCGGCGGTCATGTCTATGATGCAGGGCGCGCTCGAGCCATCGACCGAGATGGTTCCGCGCCTGATGCGCCTCTCGGTCGGTACGGACTCGGCGCGGGCGGACTTGGCGCGTCTTGCTGGCGAGCGGATGCTGGAGGGCACAACGCGGCTCGCGCGAGGCGTCGCCGGACTTGCGGCGGCGGAGGAGCGGGGCGAGAACGCGGCGATGTCGATCGCGCTCCAGGAGGCGCGCCATGGCCTCGGGATCATCGAGTCGGCCATCTCCGCACGGGCTGCGCTCGATACCAGCGTGGCACCAGCGGAGGTCGCGGACGCGTGGCTACGGTCGGAGCTGGGCCTTCCCGTCCCTGTCAGCGCGCAAGCGTCGCCTCCGCTGTCCTCTTTCCATCTTGCGCTGATGACCATCCTGCTGCTGTTCTTCGCCTCGATGGTCGTCATTCACTACCGGCGGATGCGAGCGATCGAGGCCTTGCTGGCAGCGCCGTCGGCGGCGGCCTCCGGTACTACCTCGGCGCGAGCAGAGACGTGAGCCGCGGCGAGGATGTGGCGCTCGCGAGCGCACTGGTGATGTTGCTGCTTCTACTGTGGAGTGGGTTCGTCGTGCACGCGTCACCGCAGTTCCCCGGCAGCGTCGTTGGAGGTGTCGTGGGCATCGCCGCGGCCACGCTGATGTGGGTGCCGACGTTGTGGTATTCGCTGGCGAAACGAAGCGTGCGAATTCG
NZ_CP130613.1_gap32	1391686	1395271	3585	CGCGACCATGGGATACTCGGCGGTTGCCGAGTTTTCGCACGAGTTGGAGTCGCTGCTGGCCAAGGTGCGCGACGGCGAGCAGTCGGTGAGCGCGGAGCTGATGGACGCGCTGTTCGCGGCGGCCGATGCCTTGGAAGACGGCATCGAGCATGCGCGTGAGGGCACCGCGCTGACGCCAGCCATGCAGTCGGCACTCGAGCGCTTGCACGACATCGCGGGAGGCCGCTCGACGGCGGAGTTCCGCGTGATGCGCGCGAGCGGCGTGGTGAAGCTGCCGGCCGAGGCGCTGGATCCGCTCGATGGCGAGGGTACGCTGGTGCACGTGGTGCAGGAGCCGACGGCGGTGCTGCCGGGCGTGCGTGCCTTCATGGCCGTGCAGCGGCTGCGGGCGCTGGGCGAGGTGCTGGCCTGCGTGCCGTCGGCGGATGCGTTGCAGGCGGCGACGACGCCGCAGGCGTTCAGCGTGCGGATGCAGACGGCCGCCGGCGCGGCCGAGCTCGAGCACGCGGTGCGCGGCGCGGGGGATGTGCTGAGCGTGCGCGTCGAGGAGCGCGCGGCCGCTGCGCGGCCGATCGTGGAGGCGCCGTCGGTGACCGTGGAGTCTCCCTCGGTGACGCTGCACCCGATGCGGCGCGTGAGCGACATCCTCGAGGCCACCGATGCGCTGGGGCCCGCCGAGCGCGGCGCCGCGCCGCGGGCGCGGCACGTGCGCATCGAACTTGCGCGCCTGGACTCGCTGCTCGACTTGGCCGGCGAGTTGGTGATCGTGCGCGGGCGCCTGCAGTCGCTCGTGGCGCGGCAGGGCGACGCGGCGCTGCGCGAGGCGATGGACGACGCGACGCGATTGATCGCCGACCTGCAGAGCGAGATCATGACGAGCCGGCTCGTGCCGGTGGGACAGGTCTTCGACCGCTTCCCGCGCCTGGTGCGCGACGTGGCGCGCGCGCTCGGCAAGGACGTGCTGTTCACGATCGAGGGCAAGGAGATCGAGCTCGACCGCTCGGTGCTCGACGAGATCGGCGAGCCGGTGGTGCACCTGCTGCGCAACGCGGTGGACCACGGGCTCGAGGCGCCGGCGCAGCGTGAGGCGGCGGGCAAGCCGCGCGCCGGTCGCCTGGTGCTGGCGGCCCACCGCGATCGCAACGCCGTGGTGATCACCGTGCGCGACGACGGGCGCGGCATCGACCGCCGCCGCGTGCTGGCCCGCGCGCTGCAGCTCGGCTTGGTGCCGGTGGGCACGGAGCGGCTCGATGACGACGGCCTGCTCAAGTGCATCGCGCATCCCGGCTTCACGACCAGCGATCGCGTGACGGCGGTGAGCGGACGCGGCGTGGGCGTGGATGCGGTGATCAGCCGCGTGCGGGCCTTGGGCGGCTCGGTGGAGCTGCGCAGCAGCGAAGGCGAGGGCACGACGCTCGCGTTGCGGCTGCCGGTGACGCTGGCGATCGTGCGCGCGCTGCTGGCCCGCGTGGGGGCCGAGCGCTACGCGCTGCCGCTCACGCATGTGCGCGAGACGCTGGAGCGTCGCACGGCCGTGGTGCAGCCGGTGCAGGGACGCGACATGCTGCTGCTGCGCGACGAGGTGCTGCCGCTGCTGCGGCTGCGCGAGGTGGTGCAGTTGCCGGGCCAGGCGGCGGAGCTGGATGGTGAGATCGTGGTGATCGAGCGCGGCGAGCGGCGTGCCGCGCTGGTGGTGGACGAACTCACGGCGCAGGAAGACATCGTGGTGAAGGCCTTCGACGGGGCGCGGGACGGATTGGCGCTGTTCAGCGGCGCGACGATCCTCGCGGATGGGGCCCCGGCGCTCATCGTGGACGTGGGGAGCCTCCTGTGACGGACTCAGTGGACGACGTACGGAACCTCTCGCGGGCGGCCTTGGATGCGCTGCGCGAAGTGGCGAACATCGGCGCGGGGCATGCGGCCACGGCGCTGTCGGAGATCACCGGCCAGCGTATCATGATCTCGGTGCCGCAGATCTCGGTGGCGCCGATCGAGGACGTGCCGAACCAGATCGGCGACGCCGAGGAACCCGTCGCGGCGGTGGCCATCCGCGTCGAGGGGGACCTCACCGGCCTCACGCTGCTGGTGTTCCCACAGCCGATCGCGCAGCGCATCGCGTCGTTGATGATGGGCGGCCGCCCGGTGACGCAGATGGGCGCCATCGAGGAGAGCGCCCTCAAGGAGGCCGGCAACATCCTCTCCGCGGCGTACCTCAACGCGCTGGCGGAGTTCCTCGGCATGCGGATCCTGAACTCGCCGCCGCAGCTCGCCGTGGATATGAGCGATGCGGTGCTCTCGACGACGTTCGTCGAGACGTCGGCGGGCGCCTCGCATGTGTTCTGCGTGGAGAGCGAGTTCCAGCTGCAGAACGACGCCGCGCCGCTGCGCGGGTTCTTCCTGCTGCTGCCCGATCCGGCGTCGCTGCGGGCGATGCTCACCGCGATCCGGGTCGCGTGAACCGGCTGTCCACCGCCTCGACGTCGGAGCGGGACCGCGAGGTCCTGCGCGGCTTCGCGCGCCGGATCGACGCGGCGGACGCGGGGGCGCATAACAACCTTGGCGTGCTGTACTACACCAAGGGATTGTTCGAGGAGGCCGTCGACGCCTTCACCAAGGCGCTGGACATCGACCCGAAGATGCAGGTCGCGCAGCGCAACCTGGAGATCGCGTACTTCAACACCGGCTACTACGACCGTCGTGTCGCGGAGCTGCGGGAGCGCCTGCGGCACAAGCCCGACGATCGCGATGCGCGGTGGGAGCTGGGCCGCGCGTTCGCGTTGCTGGGCCAACCCGAGGATGCGATTCCGGAGTTCCAGGCATTGCTTGCCGTGCGGCCGGGCGATGTCGGCGCGATGATCCAGCTCGGGCTCGCCGAGAAGGCCGCGGGCCGCCTCGGCGTGGCGCTGAGCTGGTTCCGCACGGCACTGGCGCGCGATCCGCAGAGCGGGCTGCTGCACTTCTACGTCGGCGAGGTGCTGTACAACCAAGGCGCCTTCGACGAAGCCCTGGGGTCGCTGCAGCGGGCCATCCAGCTCAACCCCGATCATCCGGATGCGCACTTCCTGCTCTCGTTCGTGCTGGGCGACATGGGTCGCCACGACGAAGCGCAGAAGGCCTCGAAGCGCGCGGTGCAGTTGAATCCGGCGCTGTCGCGCGCGCAGGCGAACCTCTCGCTCGACGAGTACGACCCGAAGAAGTACGAGCAGCTCGTCCCGGGGCGTCAGGCGCGGAAGTCCGAGCAGCAGATGCGCATCGCCGAAGGCGAGCCGCTGGCGCACTACACGCTGGGCAATGCGTTCCGACAGCAGGGCTTGCTCACCGAGGCGATGCGCGAGTACCAACTGGCGCTGGAGATCGGCGAGGACCGCGCGCTCGTGCTGCAGGCGACCGCCGAACTGCACCTGATCCGCAAGGATCCGACGGCGGCGATTCCATTGTTCGACGAGCTGCTCGCGCTGCGGCCGGATTCGCCGAAGCTGTGGAACGAGCGCGGCATCGCGCTGCATCAGACGGGCGACCACGCCGGTGCGGCGGAGAGCTACCGTCGGGCGCTGCAGCTGGATGCGCAGTACGCGATCGCGCGCA
NZ_CP130613.1_gap33	1398816	1402603	3787	CGACCGGGTTCTGCGAGCTGGAAGCGGAGCGCGGGCGCGTGCTGGCGGCCGGCCGCGACGGCATCGTGCTGGTCGCGGTGGCCGAGTCGCGGGCGAACCTCGGCTTGCTGCGCGTCGAGATGCTCAAGGCCGCGGGGGCGCTGTGATCCGCCATTCCGTGACCATCGGTTGGGCCGACGCGCCGCTCAAGCGCTTCGTGGACGATGCGCGCCTCGAGCTCGCCGTGCTGATGCATACCAGCGGGCAGGTCTTGGCGCAGGTGGGGTTCCAGCGCAGCATCGACGTGCAGACGGCCTGTGCGCTGTCGGCGGCCATCAACGCCTCGGCCGAGCATCTCGGCGGGATGGTGGACGGCAAACCGTTCACCGGCCTCCACTATGCCGGCAAGGCGCGGCAGATTTATCTCGGGCAGGTGCCGACGAAGGACGGCCGCCTGCTGGTGCTCGCCGTGTTCGATTCGGAGAGCTCGCTGGGCATCGTGCAGCTCTACCTGAAGGAGTTCTACGCGAACGTCGCGGCGGCGGTGCCGGTCGCGGAGGACCTGTCGCCGGCGCTGGCCGAGAACTTCGAGGCGGACCTCAACCGCAACCTCGCGCAGCTCTTCGGGAGGGGCTGATGCGCGCGTCCATCTTCCACCGCGGGATGTCACGTTGAGCCTCGTCAACTACGCCACGCGCGAGATCACCTGCAAGATCGTCTACTACGGCCCGGGTCGGTCCGGGAAGACGACGAACCTGCATTACATCCACGGACAGGTGCCGACGGACCGGAAGGGCCAGATGGTGTCGCTGGCCACGCAGACGGACCGCACGCTGTTCTTCGATTTCCTGCCGATCGACCTCGGGACGATCTCCGGGTTCACGACGCGCTTCCAGCTCTACACGGTGCCGGGCCAGGTGTACTACCAGACGACGCGCAAGCTCGTCCTGCAGGGCGCCGACGGCGTGGTGTTCGTCGCCGACTCGCAGGCGCGCCAGCTGCAGGAGAACATCGAGAGCTTCCAGGACCTGCACGAGAACCTCGCGGAGCAGGGCGTGGACGCGCGCACGATGCCGATGGTGATCCAGTACAACAAGATCGACCTGCCCGACGAGCTGCGCACGCCGGTGCCGGAACTCGAAGAGCAGATCAACTTCCGCAACATCCCGTCCTTCACGGCCGATGCGCTGCACGGCCCGGGCGTGTTCGAGACGCTGCGCGGCATCTCGGAGCAGGTGCTGCGCAAGCTGAGCGCGGGGCGGAGCGGCTAGCATGCGGCTCGATCCCCGGTTCACCTTCGATCGCCTGGTCGTCGGCGCGGCGAATCGCCTCGCGGCGGCGGCGGCGCGCGCCGTCGCCGAGGCGCCGGGGACGACGTACAACCCGCTGTTCATCTACGGTGGCTCGGGGCTCGGCAAGACGCACCTCCTGACCGCGACGGCCCATCTGCTGCAGCAGCTGCAGCCGCGGGCCGAGGTGCTGGCGTTGACGCTCGACGAGTTCAGCGAGCAGTACCACGCCGCGGTCAGCGCGGGCGAGACGTCGGCCTTCGGGCATCGGTTGGCGCACGTGGACCTGCTGCTGCTGGACGACCTGCAGTTCGTGACGGGCCGCCGCGAGATGCAAGCCGAGCTCCTGCGCCTGTTCACCGTGATGCAGGACGGCAACCGGCAGATCGTCTGCGCCTGCGACCGTCCGCCGTCGGAGATCGCCGATGTGGACGAGCGGTTGATCTCGCGTCTGGCCGGCGGGCTGGTGGTGGACGTCGGCTTGCCGGAGTTCGAGGCGCGCGTGGCGATCCTGCGCGCGGCGATCGCCGAGCGTGAGCTCGCGGTGCCGGATGCGGCGATCACGCGGCTCGCGGAGCGCGGCATCAGCAGCGTGCGCGAGTTGCAGGGACTGCTCAACCAGTGGATCGCGCAGGAGGCGATGGGCGGGAAACGCATGCCGACGCCCATGCCCGGCAACGTAGATGCGCTGCGGCCGAGCGGCGAGTTCCTCTCGTTCCTGTCGGACGTGGCCGCGGTGGTGCAGGAGCAGGTGGAGACCTGGCAGGTGCGCCTGCGCGAGACGATCGCGTACTGGAAGGGCGAGGGCTATCGCACCGCGGTGCTCGAGCGCGCCCTCACGCTGCCCACGGAACCGGACGTGCAGGGCTTGATCGCGGTGTATGTGCAGGCGGTGGACCACCTGCGCTCGCTGGAGCGCGAGGCGACGGCGGTGGACGGAGCGCTCGGCGGGCACGAGTTGTTCCGCGATCCGGAACGCCTCGCCGAAGCCGAGGAGTTCGTCGAGAAGGCGCTCGCCGGCGAGATGCCGCCGGGGGGCCCGAACCCCGCGTTCACGCGCGAGGGCTTCGACGTGGGGGCGGCGAACCAGCTGGCGGTGCACGCGGCCGATGCGGTCATCGCCACGCCGGGCACGCGCTACAACCCGCTGCTGATCACGGGGCCGAGCGGCGTGGGCAAGACGCACCTGGTGCATGCGATCGGCAACGCAATTGCCGCGCGCAGCGAGGGCAGGGTCGCCGTGGCCTGCGTGCATGCGCAGGCGTTGGTGGACGAACTCATCGCCGCCATCCAGCAGGGCACGGTGGAGCGCTGGCGTTCGCGCTACCGCGCCGCCGGGGCGCTGGTGATCGACGACATCCAATTCCTCGCCGGCAAGGAGCGCACGCAGGACGAGTTCTTCTTCGTCTTCAACGCGCTCATCGAGGAGGGCAAGCAGATCATCCTCTCGAGCGACCGGGCGCCGGGCGAGATCCCCGACCTCGCGGCGCGGCTGCGTTCGCGCTTCGAAGGCGGGTTGATCGCCGAGATCCAGCCGCCGGACCGTCCGCTGCGCGAGAAGCTGGCGGCGCGCTTCCTCGCCGGCTTGGGCCGCGCCGCCCCGCCGGACCTGCTGGACGTGATCTGCGACCCGACGGTGCGCAGCGTGCGCGAGTTGATCGGCGTGGTGAACCGGTTGGCGGCCGCGGCGGATGCCTTGGGCCAGCCGCTCGACGCCGTGCTGGCGCGGCAGGAGCTCGGGCTCGGTGCGGCGGCGAGTGCGACGATCGCGCCGCCAGCCGCCGCGGCCAGTGCCGGCGACCGCACCTTCCTCGACCGCGAGCGCGTGGTCTGGGAATGGGCGGACTTGAGTGGTCGCGTCATCGAGGAGCTGCGCTAAATGGCCATCAAGGGCTCCCTCAAGGAAGCGTCGCTGCCGGACGTGCTGCAGCTGCTGGCGATGGGCAAGAAGACGGGCTGCCTCTCGGTGACGCATCGCTCGAACTTCGGGTCGATCTACTTCGACAAGGGCAAGATCAGCTACGCGAGCATCGTGAACCGTCGCGACCGCCTGGGGGACATCCTCGTGAAGGGCGGCGTGCTCTCGCAGGAGCATCTCGACGAGGCGATCGGGTTGCAGGCGAAGGCGCGCGGCCAGCGCCTCGGCGACCTGCTGGTCAGCCATGGGATGATCACGCGCGAGCAGCTGCACGCGCAGATCCGCATCCAGATCGAGGAGGCGGTGTACTTCCTCTTCACGTGGGCGGAGGGGACGTTCAACTTCGAGGCCGAGATCCGGCCCGACGAGCAGGACTTCCTCGTCTCGATCAATCCCGAGTCGTTGCTGCTCGAGGGCGCGCGGCGCGTGGACGAGTGGTCGCTGATCGAGAAGAAGATCCCGTCGTTCGACGTCGTGTTCGAGGCCGACCGTCGGCGCCTCGCGGAGAGCCAGCCGCAGCTGACGCACGAGCAGCAGGTGCTGCTGCCGTTGATCGACGGGCGGACCGATGTGGCGGGTCTGGTGGACGCGAGCGGTCTGG
NZ_CP130613.1_gap34	1405377	1409070	3693	GCGGGCCGCGTGCGCTTGCGGAGTTGGTGCCGGGGCTGGATCCCGCGCTCGACGCGGCGGTGGTGATCGCGCAGCACATGCCGGCGGGCTTCACCGCGGGGCTGGCCCGCCGACTCGATCAACTTTCGCCGCTGCCGGTGCGGGAAGCGCAGTCGGGCGAGCCGCTGTTGGCGGGCACGGTGTACGTCGCGCCGGGCGGACGGCACTTGGTGCTGGAGCGCGAGGAGGGCGGCGCGCGGCTGTCGTTGCGCGACGAGCCAGCCGAACACGGCGTGCGACCGGCCGCGGATCCGTTGTTCCGCTCGGCGGCGGCCGTGTTCGGTCCGCGCGCACTCGGCGTGGTGCTCACGGGCATGGGGCGCGACGGCAGCGAGGGCCTGCAAGCGATCGTCCGGGCGGGCGGGCGCGGGCTCGTGCAGGATCGGGCCACGAGCGCGGTCTACGGCATGCCGGCGCAGGCGAAGGCGACGGTGCCCGCGGACGCCGAGCTGCCGTTGGGCGCCATGGCGGCGGCGATCGGCCGCCTGGTGCATGAGATACGGGGGACCCGCGCGTGACGGCGCTCGGCCGCGTCTTGCTCGTGCGCGTCGGGGCGGAGCGCGTGGCGCTGCCGCTGGGCGCCGTACGCGAGTTGGTGGATGCCCCGACGCTGCTGCCCGTGCCGATGGCGCCGGCAGCGGTGCGGGGGCAGCTCGCCTTGCGTGGGCAGCACATCCCCGTGCTTGCGCTGGACGCGTTGCTGGAGATCCCGCCGGCGACCGCCGCGCCCAGCACATCCTGTGTGGTGCTGGTGATGGCCGAGGAGGGGTACGCCGTGGCGGTGGACGACGTCATCGACGTGCTCGAGCCCGGCGACCGCAGCCGCCGACCGGTGCCGGCGGGCGCAGACCGACAGGGGACGATCGGCGCGCTGCTGCACTTGGGCATCGAGCTCGCCGCGTTGGTGGATGAGACCGCGCTCTCACGCGTGGCGGTCGCTACTTTACGGGCAGAATCCCCCGTATGACTTCATCCGCCGCCCCCCGTCGATCGCTGGTCACCTGCCGCGCTGCCGGCGAGCTGCTCGCGCTCGACGTGGGCAGCGTGGAGCGCGTGCTGCGCTACACCGTGCCGCGGACCCTGCCAAACACCGCCGCGTGGATGCGCGGCGTGATTGCGGTGGGCGAGCAGCTGGTGACCGTGCTCGACCTGCGGGAGCGGCTGGGGCTGTCGGCGGCGGCTGCGCATGAGGGCAGCCGCATCGTGGTGCTGGCGTTGTCGGGCGGGCGCATCGGCTTCGTCGTCGACGCGGTCGACGACGTCGTGGCGGTCGATCCCGCGATGATCGAAGCGGCGCCGCCGGTGTACCGCGGACTGGCCCGGGCCTTCGTGCAGGGCATCCTGCGGCGCGATGAGCGGCTCTATCTCGTGCTCGACGCGGACCACCTCGTGACATCACAGGAGCGGCTGGCGCTGGGCGCCGCCGTGGAGGAACTGCAGCATGGCCGATGAGACGCCGGCGTCCTTCCGCGCGCAGTACGCCACGATCGATGCCAAGCTCGACGCCGGCGTCGCCGGCGCCGACCGCGCGCAGGTGAAGGCCGAGATCGTCGGCCTCTTCAAGACGCTCGAGGCGCAGATCGCCGAGCTGTCGCAGCTCAAGGACGACATCAAGCTCCTCGTGGACAAGTGGAAGGCGCAGCAGGCCGCAACTGGTGTGCAGGCGCCGGAGTTCCAAGGCGAGAAGCCGGTCGTGCACGCCGACCACATCGGCGCGAGCACCTTCATCGAGAAGGGCTGGAGCCGCCTCTCGCTCGGGGACTACGAAGGCGCGGAGAAGGCGCTGCTCAAGGCCATCGAGCTCTCGCCGGGCGATCCGCAGAGCGAGGCGCTGCTCGGCTGGGCGCAGATGCTGCAGGAGAAGTACGACGACGCGCTGATGAACTTCCAGAAGGTGCTCATGCGCGAGCCGGCGAACGCGCTGGCGCGCATCAACGTCGGCTACATCTGCCTCAAGAAGCAGATCTTCGGCGAGGCGATCGAGCATCTCTCGAAGGCGATCCGCCTCGATAACGACCGCAAGGCGACGCTCTACGCGCACTTCTACCTCGGGCTCGTGTACCTCGAGCGCGAGATGTACGAGGACGCCCAGACGTTCTTCCAGAAGACGCTGAACCTCGGGCCGAACCTGATCGAGGCGTATTACGAGCTCGGGCGCGCGTTCTGGTTCAATGAAGAGCGCGAGGAGGCCCGCGCGACCTGGGCGAAGGGTCACGCGACGAACAAGTTCAATCCCTGGGGCAAGAAGTGCGCGGAGACGCTCGCGCTGGTCGATAGCGGCGGCGAGCTGACGCGCGGGTGATGATCGCCGCGTTCCTCGCCGCGGCGCTGCTCGGCGGGGCGGCGCAGGACACACTGCCAGCCGACGCGGCCGTGCTCGTATCGGGCCGCTTCAGCGTGGTGCACTTCGCGCGGGACGCGAGGCTGGCGCAGAGTTACCTCGACGCCGCCCGGAGCCGCGATACGTTCCCAGGCCTGCCCCGTCCGACCGCGCCGGTGGTGATCCTCGTGGCGCCCGACGCCGAGACGTTCCGGGCCTGGGTCGGGTCCGGCGCACCGGAGTGGGGGGCCGCCATCGCGTTTCCGGCGTTGCAGCGCATCGTGATGCAGGGCCGCTACGGCGCCGCTGCGGATGGCGATCCGCTCGTGACCCTGCGGCACGAACTGGCCCACCTCGCCCTGCACGAAGCCCTAGGCCCGTCGCCACCGCGGTGGTTCGACGAGGGGTACGCCTCGTACGCCGCGGGAGAGTGGGGGCGGGACGAAGTGTTGGTCACGAGTTTCGGCCTAGTCTGGCGCGGGATTCCGACCCTGGCCGGTCTGGATTCCGGATTCTACGAAGGGGCGGAGCGTGCCCAGCGATCGTACGCGCTGGCCCACCGGGCTGTCGCGGAACTGGCGGCCTTGGATCCCGCCCGGGGGCTGGGGCTGCTGTTCGGACACTGGGAACGCGCGGGCACGTTCGAGCGCGCGCTGCGGCGGGCGCACGGCATGAGTTCCGCCGATTTCGAGCAGTATTGGAAGCGTCGCGTTCGGCGACAGTTCGGCGTGCTCGCGCTCGCGGCGGACCTCACCGTCCTGACCCTCGTCCTGACGGTCTTGCTGGGGCCCATGTGGTGGCAGCGGCGCCAGAAACTGCGGCGGCGGCTCGAACAGATGCGCGAGGACGACCGGCGCCGGGACGAAGCGGAGCGGGCCAGCGCCCTCGCGGCCCTCTTGGGGGAGTCCGAGGGGGAAAATGACGGCCGGATTAAGGGTTAATGAACAAGTCCGATGCTTGGTTGACACTCATTCTAGGCGCCCCTAGACTCCCCCCCCTATGTCGGAACGTGTGAAGGTTGCCGGCGGACCATGGTCCAAGCCGGTCTTGTGGTGGGGATTGTCTGCTGCCAGCCTGGCGGTGGGCTACGCCGACCTTTGGCGAGGCGGCGAGACCGTGGCACCGATTCTATTGGTGCTCGGGTACTGCGTCTTGATTCCCATTGCCATCCTGAAGTGACGCGCGCTGGCGCGTCGGGAACCGAAGCGCCGGGCGAATAGCTCAGTTGGTTAGAGCACCTGCCTTACACGCAGGGTGTCGGGGGTTCGAGTCCCTCTTCGCCCACTTTTTTTGTGCAGCAGTAGATGGTCGGGAACCCACGGAACCGTGGGCCG
NZ_CP130613.1_gap35	1462830	1463751	921	CGAAGCCGTCTGGCGTGAGGCCGAAGAGATTGCGGCCATCGCCGACGGACTGACGCTTCCGACACGCGTGGCGCTGCGCCTTGAACGCCTCCTCAAGGACCGCTAAGTTTAACAGGCTACACACCTTACGCCTGTTCCGCCCCATGCCGACCTACGAGTACCGCTGCCCCGAAGGGCACGAGTCCGAGGACTTCGTCCTCAAGATCAGCGATGCCAAGCCTGAGATCCCCTGCGCCACCTGCGGCGCCGTGGCCTCGCGCCGCATGAGCGCGGGCTCGGGGCTGCTCTTCAAGGGCTCGGGCTTCTACATCACGGACTACGGCAAGGACGGCAAGAAGGACCTGCGCGAGAAGCAGCAGAAGGCGGCCGCGAAGCCGGCAGACAGCGCGGGGGCTGCGGCCCCAGCGTCGGCCGGCGCTGCGCCGGCAGCGGCGCCTTCGGCATCGACCCCGAGCAGCGGCAGCAGCGGCACGAGCTCGGCCTCGTGACCGCACTCGAACCGCTCCGCGACGCGCTCGTGCGCGCCGCCGTCGCCCTCGGCGCGCCAGCAGATACCAAGGTCCACCTCGAGCGCCCGCGCGATCCCGCGCACGGGGATTGGGCCACGAACCTCGCGATGACGCTGGCGAAGCCGCTCGGCAAGAAGCCGCGCGACATCGCCGACGCGCTGGTCGCCACGCTCGACCGCAAGGCGGCGGGCGTCTCCGACATCTCGGTTGCGGGTCCGGGTTTCATCAACATCCGTCTGGACACCGCGGATCTCGCAGCGGGCGTCGCGAAGATCCTCGCGGCCGGCGAGACCTGGGGACGCGGCACGGCGGGGGCAGGGAAGCCCGTCGTCGTCGAGTTCGTCTCGGCGAATCCGACGGGCCCCCTGCATGTGGGCCACGGCCGCCAAGCCGCGCTCGGCGATGCCATCGC
NZ_CP130613.1_gap36	1471676	1473207	1531	TTCAGCTCATCGACGCCGATCGCGCGAACATGGACGCCGAGCTCTCCGAGGTCACGACCAACTGGCGGCTCGAGCGCTTGGGCCACATCGAACGCTGCGTGCTGCGCCTTGGCGCCGCCGAGTTGACGCAGGGCGGGACGCCGCCGCGCGTCGTGATCCAAGAATGCGTGCGGCTCGCCGAGCGCTTCGGGTCGGGCCAGAGCGCGCGCTTCGTGAACGGCGTGCTCGATGCCTTGGCCCGCAGGATGGGCCGGCTGTCTTGAAGATCTGCGCGGTCAACTGGCAGGACCTCGAGAATCCGCTGGGTGGGGGCGCCGAAACGCACCTGCATGAGATCCTCGAGCGTCTGGCGTCCTACGGCCATGAGGTCGTGTTGCTCTGCGGCGGCTGGCCCGGCTGTCCGCCGCGCGCCACGCGCCACGGCGTCGAGATCCATCGCGTGGGCACGCGGCAGACCTTCGCGCTGCTCGCCCGCGGGTACTGGGAGCGTGAACTCGCCGATCGCGGCTTCGATGTGCTGTACGAGGACATCAACAAGATGCCGCTGTTCACCACGCGGTGGAGCGGGCCGCAGCGCGTGGTCGTCGTGGTGCCGCACCTCTTCGGCGGCGCGGCATTCCAGGAGCTGAATCCCGTCCTCGCCGCGGCCGTGTGGCTGTCCGAGCGCCCGATTCCCTGGTTGTACCGTGGCGTGCCGTTCCAGGCGATCAGCGAGAGCACCGCGGACGACCTCGTGGCGCGTGGCATCCGTCGCGAGCTCGTGAAGGTCATCCCGCCGGGCGTCAGCTTCGACCACTACACGCCGGACGCGGCGGGTCGCGCCGCGACGCCGACGATCGCCTATCTCGGGCGGCTCAAGAAGTACAAAGGCGTGGATCTCGTCATCCGGGCGCTGGCCCAGATGCGGCACTCCGAGACCGTGCTCGAGATCGCCGGGGCGGGGGACTACCGGCCCGCCTTGGAGCGGCTGGTCGACTCGCTTGCCCTGCGCGAGCGCGTGCGTTTTCTTGGCTTTGTGACCGAAGCGGAAAAGCTGGCGCTCCTGCGTCGCGCCTGGGTCGTGTCGTTGGCCTCGCCCAAGGAGGGCTGGGGCCTCACGAACGTGGAAGCGGAGGCGTGTGGGACGCCGGTCGTCGCGTCCAATTCGCCCGGCATCCGCGAGTCCGTGCGTGACGGCGACACGGGCTACTTGGTCCCGCACGGCGACATCGCCGCCATGGCCGCGGCGTACGATCGGCTCGCCGGCGATCCGGCACTGGTGGCATCGATGGGCGCGAAGGCACGGGCCTTCGCGGAATCCTTCACCTGGGAGCGCTGCGCCCGCGAGACGGACGCCCACTTGCGCTCGGTGATCACACCCGGAGGACGGACCTAGTGGAAATCGTCATTCACGAGCATCACGCGGACATCTCGGAGTACATGCGCGTGCGCGCCTCGCGCGCGGTGGAACGCGCCGCCAAGCGCGTGCCGCGCATCGTGGAAGGCATCATCCGCTTCGAGCAGGATGGGGCGGCCCGTCGCGTCACCGTCA
NZ_CP130613.1_gap37	1484867	1488698	3831	CGGCATCGGCTCGCAGCACACCGTCTTCATGCGTGGCGGCCAGGGCAACTACGTGCGCGTGCTCGTGGACGGCGTGGCCATCAACGAACCCGGCGGCACCCTCGATCTCGGACGCCTCACGCTCGATGACGTCGAACGCATCGAGGTGGTGCGCGGCCCGGCCAGTGTGCTCTATGGCTCGGAGGCCGTGACGGGCGTCATCCAGATCATCACGCGCCGCGGCGCGGGGGCCGCTCGCCTCCGCAGCGAGTTCGGCGGCGGCTCCTTCGGCACCGTGCGCGGATCGCTCGGCGCCAGCGGGGCCCTCGGTCGTCTCGGATGGACGCTGCAGGGTGACCGCCACGCCATGGATGGCGTCCTCGATTTCAACAACGCGTATCGCAATGACGGCATCTCGGGCGCGCTCGACCTCGCGGCCGACGCGAAGACGGACATCCGTCTCACCGGACGCTTCAACAACTCGATGTACCAATACCCCACCGGTTCGGCCGGGACGCTCGTCGATCGCAACGCCGAGCGCACGGAGAATCGCGTGCTCGCGGGGCTCGACGTGGGGCGCCGGTGGACCGACCGCGTCGAAACGCGGGCGCAGTACACGTGGATGGACCTCCTGCCGCGCACGAACGACGGGCCGGACACCCCGGGCGACACGCTCGGCTTCTATGGCTTCTTCGCGCGCGGGGCGGTGAAGCGTCGCATGGCCGACGCGCGCACCACGCTGCGCGTGGGCGATGCGCAGTTCCTCACGCTGGGCGCCGAGTGGGCTCGTGACCAGGAGCGCAGCACCTCGGTGAGTCAGTCGCAGTTCGGCGATTTCCCGGACACGCTCCGCGCCGCGCGCGAGAACAGGGCCCTCTACGCGCAAGCGCTCGGCGAGCGGGGACGCCTCAGCTACACGGTTGGCGCGCGACTCGACGAGAACTCGGCATTCGGCAGCTTCCGCACCGCGCGACTCGGGGCGGGCTGGCGCATCGCGGACGGGCTGCGCGTGCGCAGCTCCGCGGGGACGGCGTTCAAGGCGCCCAACTTCTTCGAGAACTTCGCGGGCGGCTTCACGGTCGGGAATCCCGACCTGCGTCCGGAGGAGTCGCGCTCGGCGGACCTCGGGATCGACGCGACGCTGGCGACGGGCGTGCGCCTCTCGATCACCGGCTTCGCGCAGCGCTTCAAGAACATGATCCAGTACAACGGCGCCGTGCCCTTCGGCTCGCCCAACTACGAGAACATCGTGGCGGCGAACGCCGGCGGCGTCGAGGCCGAGGTGACCTTGCCGAGCGTCGGCGGCGTCGAGACGCAGATCGGACACACGTGGACCAGCACGCGCGTCGCGCAGTCCGGCTTCGACACCACCGCGAGCGCGACCTTCGTGCGGGGCGGCAAGCTGCTCCGTCGGCCGGCCAACGTGACCACGCTGCAACTGCGCCGGGCGCTGGGCACGCAGGGCAACGTGTCGGCCGTGATCGTCCGCACCGGTGAACGCGAGGACCGCGACTTCGCGTCGTTCCCGGCTGGTGTCGTCGTGCTCGGCGGCTTCACCACCGTTGACCTTGCCGCCGACCTGCGGTTGCCGGGCCGCCTCGGCGAGACCGGCCGCCTCGTGCTCCGCGCGGATAATGTCACCGACGTGCAGTTCACGCAGATCCAGGGCTTCCGGAGTCCGGGTCGCATCCTCTACGCGGGACTTAGATTGGAGCGGTGATCGAGACCGCGGCCATCGTCCTCCACGCCTTCGACTACCGCGAGACGAGCCGGATCGTACGGCTCGCCACGCGGGAGTCCGGCGTGGTCTCGGCGATTGCCAAGGGCTCGCGGCGCCCCAAGAGCCGGTTCGGGCAAGGGCTCGACCTTTTCACCAGCGGCACGGCGCTGCTCGTGCTGCATCCCAGCCGGGATCTGCACACGCTTGCCGGCTTCGACGCCTCCCGTGCGAGGCCAGCGTTGGCCGGGTCCCTCGCGCGCTTCGGCGCCGCCGCGGCGCTGGCCGAGATCTGCCTGCGCTTCGGCACCGAAGCCACCGCGGGCGTGCATGACGCGCTCGCGGCAGGCTTCGACCGCGTCGCCATCAGTGCGGACGCCGAGGTCGCGGCCGCCACGATTGCCGCTGCGTGGCGGATCGTTGGGGAGCTTGGCTTCGCGCCCTCGCTCGAGAGCTGCGCGCTCTGTCAGCGCGACTTAACCGTCGACGAAGATGTGCGCTTCTCCCATCGCAGCGGCGGCGCGGTGTGCTCGACCTGTCGCACGCTCGTCCCCGGCGCGCGCAACCTCCCCGCCGCGGCGCGCGCCACACTGGTCGCGTGGATGGACAACCGGGAGATTCCCCTACACGACGCGCAGACGGCCAAGGCGCACCAGCGCTTGCTGCGTGAATTCCTCGAAGAGCACCTCGGCGATGGCCGTGCCTTCCCGGCATTCCAGGCCTGGGAGCGGCTGGGTTCCTGAGCACGCCCCTGCCGAAACGGCGTAACTTCTCAGGCGTAGGAGTTGCGAGAGCGTCGAAGTGAAACCGCCTCCTTGCGTACTCTCCGCCGATTCGAGCCCATGCTGAAACCCGATCGCCTCACCGTAAAGTCCAGCGAAGCTATCACCGACGCGCTCGCGCTCGCGCGCCAGGCCGGCAACCCGCTGGTGCACGACACGCACCTGCTCCTCGCCCTGCTCCAGCAGGACGAGGGCATCGTCGTTCCGATTCTCCAGAAGCTTGGCGTGGCGATTCCAGCGCTCACGCAGGCGGTCGAGCGGGAGATCGCACGCTACCCCAAGCAGAGCGACGCGCAGCCGTCGCTGGCGCGCGAAGTCAACGCCGTGCTCGATGCGGCGGAAGCCGAAGCCAAGAAGCTCGGCGACGAGTACATCTCCACCGAGCACCTACTGCTCGGCCTCGCCATCGCGAAGGGCTCGGAGAGCGCAAATCTCCTCAAGGCGCAGCGCGTTACCAAGGACGGGCTCGAAGACGCCCTCGAACAGGTGCGCGGCGCGCATCGCGTGACCGACCAGACCCCGGAGAACCAGTACCAGGCGCTGCAGAAGTTCACGCGCGACCTCACGGAGGACGCGCGCAAGGGCAAGCTGGATCCGGTCATCGGTCGCGACGAAGAGGTGCGCCGCGTGATGCAGGTGCTCTCGCGCCGCACCAAGAACAACCCGGTGCTGATCGGCGAACCCGGCGTGGGCAAGACGGCCATCGCCGAGGGCTTGGCCCAGCGCATCGTGAACGGGGACGTCCCCGAGTCGTTGCGCAACAAGCGGTTGATCTCGCTGGACCTCGGGGCCTTGATCGCCGGCGCCAAGTTTCGCGGCGAGTTCGAGGAACGCCTGAAGGCCGTGCTCAAGGAGATCACCGCCAGCGAAGGCAAGTTCGTGGTGTTCATCGACGAATTGCATACGCTGGTCGGCGCCGGCAAGGCCGAGGGCGCGATGGACGCCGGCAACATGCTCAAGCCCATGCTCGCCCGCGGCGAGCTGCGCGTCGTCGGCGCGACCACGCTGGATGAGTACCGGAAGCACGTCGAGAAGGACCCGGCGCTCGAGCGGCGCTTCCAGCCCGTGTTTGTCGGCGAGCCCACCGTGGAGAGCACCATCGCCATCCTGCGCGGCCTCAAGGAGCGCTACGAGTCGCATCACGGCGTGCGCATCACGGATGGCGCGGTCGTCGCCGCGGCCACGCTCTCCAACCGCTACATCGGCGATCGCTTCCTGCCGGACAAGGCCATCGACCTCATGGACGAGGCCGCGTCGCGCATGCGCATCGAGATCGACTCGCTGCCGCAGGAGATCGACGAAGTCGAACGCAAGATCGTGCAGCTCGAGATCGAGCGGCAGGCCCTGGCGAAG
NZ_CP130613.1_gap38	1492266	1496712	4446	GGTCTGTTGGACAGGTGGCCGAGTGGCTGAAGGCACCGGTCTCGAAAACCGGCATACCGGCAACGGTATCGAGAGTTCGAATCTCTCCCTGTCCGTGTTCCACCCGACGCGCTGGCGACCCCGGCGCGTCGTCGTTTGCAGGGGTCTGCGGGGCTTCCCGCGCGCCCGCCCGGGACAGGTGGCCGAGTGGTTTAAGGCGCACGCCTGGAAAGCGTGTATACGTTAATAGCGTATCGCGGGTTCGAATCCCGCCCTGTCCGTCGTGACCGACCTGTTGCGCGGCCGTCCTCATTCCGAGAACGGCCGCGCAAACCTTTTGGGGGCACCCAGTGTCTACTGGAGTGAACACCGGAGGACCCCAATGACCAAACCCATGGCCCGCATTTCCGACTCCCGTATCGACGTCTACGACGCCGACGGCCACTTGATCGGGACGATCTCCCGTCCAGTGGACCGCGAAGCCCTCGGCCCCGGCCGCGAGAAGGTGTACCTCGCGCGCCGTCCCGCGCCGCGCGCCGACCGGTCGAGCCGCAACCAAGCGGCGTAAACAACCCTCGGCGCCACCGGGCGCGCCGCCGCATCCCCGCGGCTCCCGCCACTGCGCGCACCAGCGCATATTTCGGGGCGATGCCATCCGCCCCCGTCACGCTGTTGAATGCGCGCGCCGTCGCGCGGACGATCTCGCGTATGGCCGACGAGATCCTCGAGCGCAACGACGGCACCGAACGCCTCATCCTCGTCGGTATCCAGCGCCGCGGCGTGCAGATCGCCCAGCGCATCGCCGCCGTCATCCAGGAGCGCGAGGGCGCGGACATCCCGCTCGGCGCCCTCGACATCACGCTCTATCGCGACGACCTGCAGACCGTCGGTCCGCGGCCCGTCGTCGGCCAGACGCACCTCCCGAAGGCCATAGACGGCCAGGTCGTGGTCATCGTCGACGACGTGCTCTTCACGGGGCGCACGATCCGCGCCGCACTGGATGAGCTCGCCGATTTCGGCCGCCCCTCGCGCATCATGCTCGCGGTGCTGGTCGACCGCGGCGGCCGTGAGCTGCCCATCCACGCCGACGTCGTCGGCCAGACCGTCACGGTGCCGCCCGGCGGCCGCGTCGACGTCTTCGTCCCCGAGCTCGACGGCAAGGACGAGGTCACGATGGTCGGGGGAGGCACGTGAGCCTCCTCGGCAAGGACCTGGTCGGGCTCGCCGGCCTCAGCCGCGAGCAGATCACCACCATCCTCGACGTCGCCGAACCTCTCCGCGAGGTCTCCGAGCGAGCCATCAAGAAGGTTCCGACCCTCCGCGGCATGACGGTCGTGAACCTCTTTTTTGAGGCCTCCACCCGCACGCGCATCTCGTTCGAGTTCGCCGAGAAGCGCATGAGTGCCGACACCGTGAACGTCGCCGCCTCGGGCTCGAGCGTGTCGAAGGGCGAGACCCTCGTCGACACCGCGCGCAACCTCGAGGCGATGCGGATCGACATGGTCGTCATCCGCCACGCGTCGTCGGGCGCCGCGCGCTTCCTCGCGGAGCGCATCGAGAGCAACGTCATCAACGCCGGCGACGGCACGCACGAGCATCCCACGCAGGGCTTGCTCGACCTGCTCACGCTGCGCCAGCGCTTCGGCACGCTCGAGGGCAAGCGCATCTGCATCTGCGGCGACGTGCTGCACTCGCGCGTCGCCCGCAGCAACATCTGGGGCCTCAAGTCCTTGGGCGCCGACGTGGCCGTCTGCGGCCCGCGCTCCTTGCTGCCCAACGCCATCGGCGAGATGGGCGTTCAGGTGTTCAGCCGCATCGAGCAGGCCATCGAGTGGGCCGACGCGCTCAACGTGCTGCGACTGCAGCTCGAGCGCATGCAGGCCGGCTACATCCCCTCGCTGCGCGAGTACAACCGCGTCTTCGGCGTCACCCGCGCACGGCTCGAGAGGGCGCCGCGCGACATCCTCATCCTCCACCCTGGGCCGATGAATCGCGGCGTCGAGATCGATTCCGACGTCGCCGATGGCCCGCACTCCGTGATCCTCGACCAAGTGACCAACGGCGTGGCTGTGCGCATGGCCGTGCTCTATCTCCTCGCCGGCCAGAAGGCCTCGCTCGCCGACGTCGCTAAGGGAGGTGCCGCGTGAGCGCGCTCCTCGTGAAGGGCGGGCGGATCGTCGATCCCTCGCAGAACCTCGACGCCGTGGGCGACGTGCTGCTCGTGGACGGCATTGTCGCGCAGTGCGGCGGCACGATTGCCGCGCCAGCCGGCGCGCAGGTCTACGACGCCACCGGCCTCGTCGTCACGCCGGGGCTCATCGACGTGCACGTGCACCTGCGCGAGCCGGGCCGCGAAGACGTCGAGACCGTGGCGACCGGTGCGCATGCGGCCGTGGCCGGTGGCTTCACCGCCGTCTGCGCCATGCCCAACACCAAGCCGGTCACCGATAACCAGGCGACCGTGGGGTTCGTGAAGCGCCAGGGCGAAGCCGCCGGCTTCGCCCGTGTGTACCCGATCGGAGCCATCTCGGTCGGACAGCAGGGGGAGACGCTGGCCGAGTTCGGCGAGATGGTCGCCGCCGGTGCGGTGGCGTTCTCCGACGACGGCAAGCCCGTCGAGAACACGCAGCTCATGCGGACCGCCATGGAGTACGCCCTCACCTTCAACGTGCCGATCGTCGAGCACTGCGAAGTGATGTCGCTGGCGCATGGCGGCTCGATGAACGAAGGCATCGTCTCGGCGCGCCTAGGACTCAAGGGCATCCCGGCCGAAGCCGAGGAGATCGACGTCGCACGCTGCATCCTGCTCGCCAAGCGTACCGGTGGGCACGTGCACCTCTGTCACCTGAGCACCAAGGGCTCGGTGGATCTCGTGCGCTGGGGCAAGGCGCAGGGCATCAACGTCACGTCGGAGGTCTGCTCGCACCACATCTCCCTCACGGAAGAGGCGGTCGAGGGATACAACACCAACGCGAAGATGAATCCGCCGCTGCGCACCGCGGCGGACGTCGAGGCGCTGCAGCAGGGCTTGAAGGACGGCACCATCGACCTGCTGGTGACCGACCATGCGCCGCACCACTATGACGAGAAGGAGCGCGAGTTCGCCGACGCCCCGAATGGCATCGTCGGACTCGAGACGGCCCTCGGCGTGAACATCACGTATCTCGTCGAGACGGGCATCCTCACGCTGAACGAGATGGTGAACCGCATGAGCTGCCTGGCCGCGAAGATCTGGCACCTGCCGGGTGGCACGCTCGCCAAGGGCAGTCTCGGCGACGTCACCGTGTTCGATCCCAAGAAGCGCTGGGTCGTGGACCCGAAGCAGTTCAAGTCGAAGGGCCGCAACACGCCCTACGGCGGCCACACGCTCACCGGGCAGGCGATCTGTACCATCGTGGGCGGGAAGATCGTCCATCAGGTGTCGTGACCCCGAACCCTGATCCGATGAAGAAGGCCGATTCCTCACGGTTGGAGACGCTCGAGGCGCTGATCGCCGAGAAGCGCCGCCAGGAGACGTTCCTCGCCAAGCTCGAGGAGCGTCGTGCGGGCACGCCGGAGCATGTCTTCAAGCGCCTCTACGACGAGTACCTCACGAAGCTCACGGACGCCCAGGTGAAGGCGGCCGCCGAGGCGGAGTCGCTGTCGGGCGGGCTCGAGGACGACGATGCCGCGCTGCAGGAGGTCGAAGGACGGCTCGCGGCGCTCGAAGAGGAGCGTCTCGAGGTCCAGCTCCGCGCCGATGTCGAGGAGTGGGACGCCAAGGAGACGCAGAAGAAGCTCACGGCCATGACCGCCGCGATCTCGATGGCGGAGAAGGAGCGCGATGCGCGACGCGCCGTCGCCGAGCGGACGCGGGCGCTGCTGGCCGAAGCGCGTGGCGGGACGCCCGCCGCGCCGCAGACCGCCGTTCCCCCGGCCGCTGCAGCCGCTGCGCCACCGATGCGTCCGACGACCGCTGCGATGACCGGCGGCCCGAACTTCGACGAGCTTGCCTTCCTCAACTCCGTCGTCGGGCGGGCCAGCACCCCGTCGGCACCGGCACCGCGCGAGTCCAAGCCGATCGTGCAGCCGCCGGAAGCGAAGGACGCCAAGGAGTCGAAGGACGCCGAGCCAGTGGCTCCCGCCGCGTCGATTCCGGCCTCGGTGCCGCCCTCTCCCGCGCCACCGCCCCCGCCGATCCAGCCCCTCCCGGCGCCGGCCACTCCAACGCCGCCCGCAACCCCGTCCGTCCCCCCGGCCGCGAGCGTGCAGCCTTCGCTCAACCTGGAAACGCCGACGCCAGCACCTGCGCCCGATGCAGCCGAAGAACCCGCGCCCCAGGCAGAGGCCGAGGATGACGAAGAGCCGTCCACGCCAAGCCCGCTCGGCCGCCCGACACCGCGGACCTCGCAGCAGGTAAAGACCCTCAAGTGCGCCGAGTGCGGATCGATGAACTACCCGACCGAGTGGTACTGTGAACGATGCGGC
NZ_CP130613.1_gap39	1502507	1504914	2407	GCGCGGCCACGCACCGGCGCGCGCACCGAGACGCTGCGCGGCGACGGCATCAGCATCGTCATCGCCATGGACATCTCGAGCTCGATGCTGGCCGAGGATTTCCAGCCGGACAATCGGCTCGCGGTGGCCAAGGAGACGGCGAAGGAGTTCATCGCGGCGCGCGAGGCCGATCAGGTGGGCATCGTCGCGTTCGCCGGCGAGGCGCTGACGCAGGTGCCGCTCACGTTGGATTATCCCGTGCTGTTGGCGGCGATCGACAACCTGCAGCCCGGCCAGCTCGAGGATGGCACGGCAATCGGCACGGCGCTCGTCACCGCGACCAATCGCCTGCGCGACGCCGACGGGCGGTCGCGCGTGGTCATCCTCCTCACCGACGGCGAGAGCAACCGCGGCGCCATCGATCCGCGCACCGCCGCGCAGGCCGCGGCGGCCACGGGCGTGCGCGTCCACACGGTGGGCATCGGCAGCGAGGGGGTCGCGCCGGTGCCGGTGGGCCGCGGCGTGTTCGGCCTGCGCTATGAGAATCGCCCCGTGCGCATCGATGAGGTGCTGCTCGAGGACATCGCGCGCACCACGGGCGGCCGCTACCAGCGCGCCCGCGACGCCGAGGCGTTGCGACGCACCTACCAGCAGATCGACGCCTTGGAGCGCGCGCCGATGCGCGAGGCCCGCCTCGTGCGCTATCGCGACTGGTACATGTGGCCGCTCGCGGCGGCACTGTTCGCGCTCATGCTGGAACTCGGCCTCGTGTGGCGCCGGGGGCCGCTGCCATGATGCGCGTCTTCGACACCGCGTGGATGGTGCCGGGCGCGCTGGTGCTCGCCGCCGCGGCGGCCGTGCTGCTCTGGGCGGGCTCGGTGCGCCGACGCGCGCGATTAGCGCGCTACGGCACGAGCAGCGCGATCGCCCGGCTCGCCCCGACAGATGCCGCCGCGCCCCCCCGTGCGCGCACCTGGCGGATCGGCATCGCCACGCTCTGCCTCGGTCTCGCCGTCGCCGGCCCGCGCTGGGGGCGCAGCGAACAGACGCTGCAGGTCGAAGGCGTCGACGTCGCCATCGCGATGGACCTCTCGCTGTCGATGCTCGCCGACGACGAACGTCCGTCGCGGCTCGAGCGCATGAAGCAGGAGGTGCGCCGCCTGCGCGCCAGCTCCCCCGGCGATCGCTTCGCGCTGATCGGCTTCGCCGGCCGCAGCTACATCCTCTCGCCGCTCACGTCGGACGACGGCGCGATCGATCTCTTCCTCGACAACCTCAGCCCCAGCATCGTCGGCCAGGCCGGCTCGGCGCTCGCGCCGCCGCTGCGACAGGGCATCGACCTCTTGCTCGCCAGCCGCGGCGATGCCGACCGCGCCCTCGTCGTCATGAGTGACGGCGAGGCGTTCGACGATCACGGCGACGCCCTCGCCCTCGCGGCGGAGGCCCGCGAAGCCGGCATCCACGTCATCGCCGTCGGCTTCGGTACGCCGGGCGGCAGCGCCATCCCGATTCCCGGTCCCACCGGGCCGACCACCAAGCGCGACGAGAACGGCGAGATCGTCATCACCCAGTACGACGCGACGCTGCTCGGCGCCGTCGCGCAGGCCGCCGGCGGGGAGTTCATCCCCGCGGAGGCCACCGACAAGGGCAATCGCATTCGTGGCGTGCTCTCGGGCCTCGAGGCCTCCACGCGTGAGGAAGCGCTCCGCTTGAGCCGCCCGCTCCGCTTCCAGTGGTTCGCCGCGGTGGCGCTGCTGCTGCTGCTCTGCGACGCGATCTTCGCCGACGGCGGCCGCTGGCCGTCATGGCTGAAGCTGCGTCGACCGGGCGCCACGCGATCCGTGTCCGTCAGCGTGCTGCTCATCGCGGCCGCCATAGCGCTGGCGCCGCGGACACTGAGCGCGCAGGCGCCGTCATTCCGCGACGCGGTGGCGGCGCAGCGCGATGGACGTCACAACGACGCCATTCGCCTCTACCGCGCACTCGTCACGGCTGGCGACCGTCGTCCGGTCGTGCTGTACAACCTCGGCACCGCGCTGCTGGAGACGGACTCGCTCGACGGCGCGGTCGATGCACTCGAGCGTGCGCTGTTCACGGCGGATCCGGCGTTGCGCACCAAGGCTCGGTACAACCTGGGACTGGCGTACCTCCGGCGCGGGCTGCGGCTCGACGGAGACGCGCGGAGTGCGGCACTGACGAACGCGCGCCGCGCCTTCCGGACGGTGTTGCTGGAATCGCCGGGCGATCCGGACGCGCAATGGAACTACGAACTCGCGCTGCGAGCCCCGACGGGCGGCGGCGGTGGGGGCGGTGGCGCCAACCAGCCGCAGCCGCGTGGAGACGCTGCGCCACCGCAGCAGCAGTCGCAGGGTCCGATGTCGAAGCAGCAAGCCGAGGCTTTGCTCGATGCGGCCGCTCGCGACGAACG
NZ_CP130613.1_gap40	1571371	1572690	1319	CGCATCGGGCGCGGCGCGTGGATCGGCGCGCAGTGCGTGATCGGCGATGGGGCGCAACTCGGCGCCGATGTGCGGCTCCATCCGCAGGTGACGCTGTACCCCCGTGTCGTGCTCGGCGACCGGACGGCGATCCACAGCGGTTCGCGCATCGGCAGCGATGGCTTTGGCTACGTGTTTCGCGACGGTGCGCACCAGAAGATCCCGCATGTGGGCGGCTGCGTGATCGGCCGCGACGTGGAGATCGGCGCGAACTGCGCGATCGACCGCGGCAGCATCGACGACACGGTGATCGGCGACGGCACGAAGATCGACAATCTCGTCCACATCGCGCACAACGTGCGGATCGGGCGGTTGTGCTTGCTGACGGCGCAGGCTGGCATCGCGGGCAGCGCCCGCCTGGGCGATGGCGTCGTGATGGCTGGCCAGTCGGGTATCTCCGGCCACGTGACGGTCGGGGACAAGGTCACGCTGACGGCGCGCACGGCCGTGATTTCGGACATTCCGGCGGGCGAGACCTGGGGCGGGTACCCCGCGCGGCCGCACCGCGAGCAGATGCGGAGCTTCGCCGCGCTTGCGAAGCTGCCGGACTGGATGAAGCGGGTGGAGCGGGCGCTGCGCGATGCATCGCCGTCACGCGAGGACGAGACGCCGTGAGCCGCCGGACGATCGCGCGCGATGTGACGGTGCAGGGCATTGGCCTGCACCTGGGCCGCGTGTGCACGTTGCGGTTCCTCCCGGCGGCCAGCGGTGCCGGCATTCGCTTCCGGCGGACGGACCTTGCTGGGCATCCGGAGACGCCCGCGCATCACCGCGTCGCGGTGGCCGCGGAGCGACGGACGCAGTTGGGCGAGGGCGATGCCGCGCTGCACACGGTCGAGCACGTCCTCGCGGCGGTCGCGGGCCTATGCATCGACGACTTGCTCATCGAGATGGACAGCGCCGAGCCGCCGATCATGGATGGCTCGGCGGAGCCCTTCCGGTTGGCGTTGGTGGAGGCCGGGCTGCGGGAGCAGGAGGGCAGCCCCGACGTGCTGCGCTTGCGGGAGGCCGTGCGCATCGTGGACGGCGAGTCCGTGTACGTGGCGCATCCGGCGGAGACGCTCGAGCTCGAGGTGAAGATCGACTTCCCGCATCCGCTGATCGGGGCGCAGGACGGGCGGTGGACGGTCACTGAGGAGACGTTCGCGCGCGAGCTGGCGCCGGCACGTACCTTCGGGATGTTGAGCTGGGTCGAGGGGCTGCGGGCGAAGGGCCTCATCCAGGGCGCCTCGACGGAGAACACGATCGTGCTGGACGAGACGGGCGTGGTGGACACCACG
NZ_CP130613.1_gap41	1589505	1590848	1343	CCAGCAAGAGCGCGACGCCGGCGTCATTCGATACGGCACTGACGGACTGCCCCCGCACCGAGACGACCGCACCCGAGACCGCCGCGCCTCGCTGGTTGCGGATCTCCACGCGGAGACGCGCGCTGCCCCCACGCGGACGTGGCATCGTGTCGACGGTTGCGGCGCTATCGAGCTGGCGGGCAGCGCTGTCCGTCAGGCTGATCCGCAGCTCCTGCGTCGCGATGGCCGCGAGGCGGCGCGGCAGCACCACGTCGCCCGTGGTCTGCGCGCCACGCCGCGCGACGACCGCGACTTCGATGTCGGTCGGCACGCCGCAGAACGTGATGCTCCCGGCCGAGTCCGAGATCGCGGCGAGTCGTTTGGGTATGCGCTCGGGGCGGAAGCCGTCGCCGAAGGCCATCTCCCACCACTCGATACTACCGTGCGCGTCGGGGAGCGGCGCGCCCGTCTCGGCGTCTCGGACGCGCGCGAGCACGATACTCGTGCTGGCGTCGAGCGCGGCGCCGCACAATGCCCGCGCCGTGGTCGCGTAGGAGGGCGTAGCGAGCCGCAGGCCAGAGAGTCCGGAGCGTCCGACATCGATGGCGTAGATCGGCGCGCTGAGGGAGAGGGAGTCGAGCAGCGGGTGGAAGAACGTCACCTGGTAGCGGCCGGGCTCGACGCGCGCGAAGCTGAAACGCCCCCGCCGGTCGGTCGTGCTCATGGTCTCGACGCCCTGCAGCACCACGCGTGCGCCGGCGAGCGGGGCACCGGAGACCAACGAGTCGAAGACCACGCCCGAGACCGCGCCTTGGGCCGCCGTCCGCGTGCTGGCTGCCAGCAGCAGCAACCCGAGCGCAGCGACCCGTCGGAGCAGACGATCTCCCAAGCGTGAGGTGCGCACGCTTCGATTCTCCGGCCGGAGAGTCACGGGCTATGTCGTCCAAATTACGAGCACGCCGCAGCGGCTGAACGCATTCGCGAATTCCGGCGGCACCGTCAACGAGCGGGTGTAGAGCTCGACGCGTTGCGCCATCTGGAGCAGCGCGTGCAGTTCGAAGCCCTCGAAGCCGACGCGCGGGATGCCGTCGACGAACACCGTCGGCGTGCAGAGCTCGCCGTCCGCCCCGCGGAGATAGAGCATCGGCTGCGTGGTGCTGTTGAAGCCGTACGCGCCTCCCGGCGCGACGGTGGTGAACGGCACGCGCACGCCCGGAAGGTTTGCCAAGCCACTGGCGCTGCGGCCGAGCTTGTCGAGCTCTTCCGCATCGAGAAAGCGCCCCAGCCCCGCGCGGCGCCGGCGTTCGTAGGCTTCCCTCTCCGCCGAGAGGCTCGTGCCGCGGACGAGGTACTCGGGCAGTACC
NZ_CP130613.1_gap42	1594325	1598688	4363	CTGGCGCGTCGTCAGCCGCCGCAGGCCGCCGGCCACGAGGTCAAGCTCAACTTCGCGACGCAGGTGGAGACGGCGCCGCCGGCGATCGTCGTGCTGGGCAACCACCCGGCGCTGGTGCAGGAGCACTACATCCGCTACCTGCACAACGGCTTCCGCGAGCGCTGGGGCTTCACCGGCAATCCGTTGCGTGTGCTCATGCGCCAGAAGGGCGGGCGCAATGAGTGAGTTCGGTCCGCACGGCATGCCCGGATGGGTCGCGCTGCTCATTGCCTACCTGAGCGGCTCGATCCCGACGGCGTACCTCGCGGGCCGGCTGCTCAAGGGCGTGGACCTGCGCACGGTCGGCTCGGGCAACCTCGGGGCGACCAATGTGTATCGCAACCTCGGCGCCGTACCAGCCGTGATCGTGCTGCTGATCGACGCCGCCAAAGGCTATCTGCCGGTCTTGCTGCTGCCGCACCGCGTGGCGGGCGTCTGGGCCTTTGAGCGCCAGGAATACACGCTGTGGGCGATCGCCTTCGGCGTGGCCGCGATCTTCGGCCATCTGAAACCGATCTTCCTGCTGTGGAAGGGAGGCGGGAAGGGCGTGGCGACCGCCGCGGGTGTGTTCGGCGCACTGGTGCCGGCGGCGCTCGGCGTCGCGCTCATCGCGTTCATCGTCGTCGCGGCCGGCAGCGGCTACGTGTCGCTGGCGAGCATCGTGGCCGCGTTGACGCTGGCGATCGCCACGCCGATGTTCGCAGCGGGCAACGTGCCGCTCATCGTGACCGCCGCCGTGGTTGGCGTGGCGGTCGTGGCGATGCACGGCAAGAACATCCAGCGGCTCCGTGCGGGCACGGAACCCAAGACCTTCGGCAAGAAGAAGGAGGTCGTATGAAGATCGCAGTCATCGGCGCGGGCGCCTGGGGTACGGCGCTGGCGAACCTGCTCAGCGAGAACGACCACGAGGTGATGCTCTGGGCCTACGAGCCCGACGTCGTCGAGTCGATCAATACGCACGCCGAGAACCGGCGCTTCCTCTCCGGCGTGCCGCTCCATCCGGATCTCCGCGCCTCGGGGCTCGAGGAACAGGTGCTGGCCGGGGCCGAGCTGGCGTTCTTCGTCGCGCCGTCGCATGTGCTGCGGCAGGTGGCGGCCGGCTGCGCCAAGCACGTGCCCGCCGGCATCCCGCTTGTCGTGGCGACGAAGGGCATCGACCGGGAGCGCCTCTCGCTGATGACGGATGTCGTCGCGGAGGAGATCCCGGAGCATCCGATCGTCGCCCTCAGCGGCCCGAGCTTCGCCCTCGAGGTCGCCAACCACCTGCCGACGGCCATCGTCGCGGCGTCAGCCGACCCCGACGCGGCGCAGCTCACCCAGCGCGCGCTCAGCACCTCGGCGTTCCGCGTGTACACGCAGTCGGATGTAATCGGTGTTGAACTGGGCGGTGCGCTCAAGAACGTCATGGCCGTGGCAACGGGTATCGCCGACGGGTTGCAGCTGGGCTTCAACGCGCGCGCGGCGCTGATTACGCGCGGGCTGGCCGAGATGACGCGCCTGGGTGTGAAGCTCGGGGCCGACCCGCAGACCTTTGCGGGGTTGGCTGGCATGGGCGACCTCGTGCTCACTTGCACGGGATCGCTCTCGCGCAACCGCAGCGTGGGCCTGGAGATCGGCCGCGGCGCGGCGCTGAACGAAGTGCTGCAGGGCCGCGAGACGGTGGCTGAGGGTGTGACGACCACGGAGACGGCCAAGCGCCTCGCCGAGCAGCATGGCGTCGAGATGCCGATCGTGAACGCGGTGCACAAGGTGCTCTTCGAGCGGCAGCCGGCGCGCTGGGCCCTCGTGGCGCTGATGACCCGCGACCTCAAGGCGGAGAACGCCTGATGGCTTCCGGCGCCGAACCGGTGCGGGAGTTCTTCTCCATCGGCGACGTGTGCGAGCTGACGGACCTCAAGCCGCACGTGCTGCGCTACTGGGAGAGCCAGTTCCGGTTCCTCTCGCCCTCGAAGAACCGCTCGGGCAACCGCGTGTACACGCGGCGCGAGGTGGAGCTGGTGATGCTGGTGAAGCACCTGCTCTACACCGAGAAGTACACGATCGAAGGGGCGAAGCAGAAGGTGGACGAGCAGCGCAAGAGCGGCGGCGTGAAGCCGGCCGCGCGGCAGGGGCTCGACACCGAGACGGTGGTGCTGCTCGAGAAGGACTTACGCGAGATCCTCGATATCCTGGAGCGGAAGGACTGATGCGGCTGTTGCTGAGCAATGACGATGGGATCCTCGCGCGCGGGCTCGAGACGCTGGAGAAGGCGGCACGGCCGCTCGGCGACGTGTGGGTCGTGGCGCCGGACCGCGAGCAGAGCGCAACCTCGCACTCGCTGACGCTGCATCACCCGCTACGGCCCGTGCAGCTGGGCGCGCAGCGCTGGCAGGTGGACGGCACGCCGACTGACTGCGTGATGCTGGCCATCGAGGCGCTGCTGCCCGAGCGGCCGGACTTCGTGCTCAGCGGCATCAACCATGGGCCCAACATGGGTGAGGACGTGCTGTATTCGGGGACCGTCGCCGCGGCGATGGAGGGCCTCGCCCTCGGCGTGCCGTCGATTGCCGTGAGTTTCGCCGGCCGCGTGCTGCGCTCCGACGATACGCTGCTCGAGGACCACGTGGACGCGCTGTCGCGCCTGCTCAAGCACCTCACCGCGCTGCCGCAGTTTCCCGCGGACACGCTGCTGAACGTGAACATCCCGGCGATTCCGGCGAAGGAACTGAAGGGCGTGCGGCTCACGCGCCTCGGGCGACGCGTGTTCAGCGACTCGCTCACGCCGATGAAGGATCCCTGGGGGCGCGACATCTTCTGGATCGGTGGCGGCTCCGTGGCGTGGAGCGGCAGCGACGACTCGGACTTCCGCGCGGTGAAGGAGGGCTACATCTCCGTGACGCCGCTGCATCTGGATCTGACCGCGAAGGACCGGCTGGACGACGCGGAGCGCTGGTGGCAGCCGCTCTGACGCCGCAGTACGGCGGCGCGCGCCGTCGGCTGATCGAGGAGCTGCAGCGCAAGGGCATTCGCAGCCTGACGGTGCTCAAGGCGTTCGACGACGTGCCACGGCACGAGTTCGTCCCGACGGGCCTGCGGCATCGGGCCTACGAGGATGCGCCGCTGCCGATCGGGTACGGGCAGACAATTTCCCAGCCGTGGGTGCACGCGAAGTACTTGGAGTTGCTTGACCTCAAGGGCACGGAGCGCGTGCTCGAGATCGGGACCGGTTCCGGCTTCCAGACTGCATTGTTGACCAAGCTGGCCCGGCATGTCTTCAGCATTGAACGCCTGGCGCCGCTCGCCGAACAGGCCCGCGAGGCGCTGCGTCGCTGCGGGATCGACCATGTGATCCAGCGGGTGGGCGACGGCACGCTCGGCTGGCCCGAGCACGGCCCCTACGACGCGATTCTCGTCGGCGCCGCGTCACCGGACGTCCCGCAGCCGCTGCTCGACCAGCTGGCCGCGGGAGGCCAGCTGCTCATTCCGGTCGGCGACCGCGACACGCAGCAGCTCGTCCGCATCCGTCGCGGGCCCGAGGGCTTCGAACGGACGCCGCTCGACGCGATGCGCTTCGTCCCCCTGATCGGCCACCATGGATTTGCCTCATGACCACTCTGTCTGATCGTCTCAAAACCGCGATCCGCGACGTGCCGGACTTCCCGAAGCCGGGCATCGTCTTCAAGGACATCACGCCAGTACTGCACGATCCGGTGCTGTTTGCCGACGTGACGGCGGCGCTGGCCGCACCGTGGAAGGGCAAGGGCATCACGCATGTGCTGGCCATCGAGAGCCGCGGCTTCCTGTTCGGCGCGCCGGTGGCCCAACACCTCGGGGCCTCGCTGGTCCCGGTGCGGAAGCCGGGCAAGCTGCCCAGTGCCCACCTGACCGAGCACTACGCGCTGGAATACGGGGAGGACGCGGTCGAGGTTCACACCGATGCCATTGACGCCCGCTCGCTCGTCCTTATCGTGGACGATGTGCTGGCCACCGGCGGGACTGCGGCGGCCACGCGGCGGCTGGCGCACCGCCTCGGAGCCGGGGTGGCGGGCATCGGCGTCGTCATGGACCTGTCGTTCCTGCCGTGGCGGAAGGCCTTGGCTGGCGTGCACGTCGAGACGTTGGTGAGCTTTTAGGAGGGAACGGGCAGGGAACCTCCGCATCGCGCCGGAGGTATGAGCAGTATTAGGGCGCAATCCGGGAGGGCCCATGCACGGGACGGCACGGCTCACGGTAGGACTCATGTTCGCGGCGGCAGTCGCCAGCCCGCTCGGCGCCCAGAGCGAGGCGTCTCGCGGCTACCTGTTCCGCGAGCCACCCGTGGCGCTCTCCGTGTACGGCGGCTTTG
NZ_CP130613.1_gap43	1688668	1693330	4662	GCAGCGCCCTCCCAACCCCGAACGGCCTCGCGCACGGCCAGCGCGGCACCACCGGCACCAAGCAGGAGCACGCGCAGGCCCGTGAGGTCGCGCTCGAGCAGCGACGAGAGTGCCGCCTCGAATCCGCCCACATCGGTGTTGTCCCCGTGGAGCCGGCCGTCGGCGTCGGACCAAAAGGTATTAACGGCGGCCACGCGTTCGGCGAGCGGCGTGAGCACGTCGCAGCACGCCATGGCCGCCTGCTTGTGCGGCACGGTGATGTTGCCCGCCGCGCCCTCTTCGCCAAGCCGCTCGAGCGTTGCACGCAGGGTATCCGGCGCGACGTCGAGCGCCTCGTAGCGCAACGGAATCCCGAGGTGATCGAGCGCCGCCTGCTGAAAGCGCGGCGAGAGCGAGTGCGCCACGGGATGGCCGAGCAGCACCAGCCGCCGTGGCTGGGACACCGGTTCAGCGGCCGGTGCTGCCGCGTTCCGCCGCGACGCGGTCGAGGATCTTGCCGATCGCGCGGTCGAGCTCGGCGAACGTCGCGCGATACGCGTCGAGATCCCCGCCAAACGGATCGGCGATCGGCGTCGCATCGCCGCCATGCGAGGCGAAGTGCGCAAGCAAGTGCGTCTTTCCCGCACCACCGAGGGCGACGGCGCGCTCGGCGTGATGCGGGCCCATCGTCAGCACGAGGTCGGCGGCGGCGACGATCTCGCGCGACAGCGCACGCGCGCGATGACCTTCGAGGGCGAGCCCGTGCTCAAGCGAGACGAGCAGCGCACCGTCAGACGCGGGCGCGCCGTCCCAGGCGCTCGTGCCCGCGCTGCCGACCTGCAAATCCGTCAAGCCGCGCGCCGTCACCGCCGCCCGTGCGATGGCCTCGGCCATCGGCGAACGACAGGTGTTGCCCGTGCACACGAAGAGCAGCTGCATACGCGGAAGTTAACGGTCGCCCACGAGGTCGGGGCAACTCGCGCGGAGCACGTCGGCGGGAATCGCGCCAGGACGGATCACGCGCGGCCGGCGCCCGGTGCAGTCCACGACGGTGGACGGCGTGTCGGTTGGCAACTGGCCGGCATCGAGCAGGAGCACCTGCCCCGCAGCGATCGGGCCTGCGAAGTCGCGGAGAACCTCGCGCGCCGCGGTGGCGGCGGGTTCCCCCGGCCGATTCGCGCTGGTGCTCGTGATCGGGTCGCCGAGCGCTGCGATGAGCCGCTGCAGTCCGGGATGCGGCGTCCATCGCACGGCGACGCCACCTTCAGGTCCGCGCAGGCGGTCTGGGATGCGACGCTCGCCGCCCGGAAGCACCAGCGTGAGCGGCCCCGGCCAATGCCGAGCCGCGAGCATCGCCGCGGGCTGCGTGAGGTGCAGCCCCAGCCGCGCGAGCATCGGGGTGTCCGATACCAGCAGCAGGAACGGCTTCGCCGCCGGTCGTCGCTTGAGCGTCACGAGGCGCTCGATGGCCTCGTTGTCGATCGTCGTGCCGAAGCCGTACAGCGTCTCCGTCGGGTACGCGAGCACGCGCCCCTCGCGCAGATGGGCGAGCGCCGGACCGAGCGCCGCCCCGATCTCCTCTTGAGACCAGAACGGCAGCCCGCGCGGTTCAGGCATCGTCGCCCTCGTTCCACCCGGCCATCAGCTCGGCGCGCGCGAAGTCCGCCGCTTCGGTGACCTTGAGCGCACGTTCGCTACCCCGCACCACGTGCACCGCGATGCCGAGGCGCTCGCAGAGCGCGGCATCGTCGGTGGCCTCGGCGTGCCAGCCGGCGCGCTTCGCCTCCGCGTGCGCCTGCACGATCACGTCGCGCGGGAATCCCTGCGGCGTCTGCGCGCGCCAGAGCATCTCACGGCTCACGGTCTCGACGATCCGGCCGTCGGCATCCACGCGCTTCAGCGTGTCCACGACCGGCAGCGCTGCGATCGCCCCGTGCCCTTTCTTCGCCTCGTCCATGACGCGGCGGATCATCGGCACGCTCACCAGCGGGCGTGCCGCGTCGTGGATCAACACCGTCGTGCACTCGGCGGGCAGGTCCTCGAGTCCATTGGACACCGACTCGGCGCGCGTCTTGCCGCCCACCGAAATGAGCATGCGCTCCGGATCGCTCTGGAAGATCCACGGTGGCGGATCGCCCGCGTACTGCTTGGGCAGCACGCAGACGACCATCGCGACTTCGGGAATCGACTGGAACGCCTGCAGCGAGTGCAGCAGCATCGGCTTGCCGGCCACCCAGCGCAGTTGCTTGAGTTCCGCGCCGCCGACGCGGCTCCCACTGCCGCCCGCGACGATCACGACGCCGACACGGCTCATCGGAACAGCGCCCGGAACAAGGCCACCAGATCCGGCACGCCCTCGACCTTGAGCTGCTTGGGCAGCCGCTTCGGCACCGAGCGCTGGCTCACGAATGCCCGGCGCATGCCCATCTTCTCTGCTTCGAGCAAGCGACGCTCCGCCTGCGAGATGCCGCGGATCTCGCCGCCCAGCCCGACCTCGCCAAGGAAGATCGCGTCACCGGGCAGCGGCTTGTCGTAGAAGCTCGACGCCAGCGCTGCGGCCACTGCGAGATCGCCGGCGGGCTCCTGCACGCGCACGCCGCCGACCACGTTCAGGAAGACGTCGAGCTGCGCGAACGAGAGTCCCGCGCGCTTGTCGAGCACGGCGAGCAATAGGGCGAGCCGACGCGCGTCGTAGCCCGTACTCACCCGCTGCGGCGTGCCGAAGCCCGCCTTTGCCGCGAGGCCCTGCACCTCCAGCAGCATCGGCCGCGAGCCCTCCATGAGGCAGGTCACCGCCGAGCCACTGGCCGGCGATTCGCTGCGCTCACCGAGGAAGAGCGCGCTGGGATTCTCGACCGCCTCGAGCCCCTGCACCGTCATGCGGAACACGCCAATCTCGTCCACCGAGCCGAAGCGGTTCTTCGTGGCGCGCAGCACGCGGTGATCCGCCGAGCCCTCGCCCTCGAAGTAGAGCACCGTGTCCACGATGTGCTCGAGCGTCTTCGGCCCGGCGATGCCGCCGCCCTTCGTCACGTGCCCGACGACGAACACTGCGGTCCCGCTCTCCTTCGCGAAACGCATCAGCCGCGCCGCGCACTCGCGCACCTGCCCCACGTTGCCGGGCGCGCCTTCCAGATCGCCCGTGAACACCGTCTGGATCGAGTCGACCACCATCACCTTGGGCTGCGCCTGCGCGGCGGTGGCGAGAATTGTCTCGAGGTTTGTCTCGCCGAGCAGCGCGACGCTGCCGGCGGTCGAACCCAGCCGATCGGCGCGCAGCTTCACCTGCAGCGGCGATTCCTCGCCGCTCACGTAGAGGCAGCTATGTCCCTCGCCCTCGAGCCGCGCCGCAACCTGCAGCAGGATCGTGCTCTTGCCGATGCCCGGCTCGCCGCCGACGAGGACCATCGAGCCTGGCACGACGCCGCCACCGAGCACGAAGTCAAACTCGGCGATTCCCGTGGTCCACCGGTGCTCCTCCGCGCCCAGCACGTCGCGCAGGCGCGGGGTCTCGAGCACCTGACCGCCCTCGCCGAAGGCGTTCGCACCCCCGAGGCGCCGCTGGGCGCCGGCGGCCTTGCTCGCGCTCACCTTGGGCGCCACGAGCTCCTCGACGAGCGTGTTCCACTCGCCGCAGGTGTCGCACTTGCCCTGCCAACGCAATGACTCGGCGCCGCACTCCGTGCAGCGATAGACGGACTTGGCCTTCATCGCCATGGCCGGCTCCGGCGTCGCGGACGCGCGAGACCTCGCATCACCCCTCGTGCTGGCGGCTGGTCCAGTTCTCGAAGCGCGTGTGCGACTTCCGGTAATGCAAGCGGATGTGGCCCGTCGGCCCGTTACGCTGCTTGCCGACGATCACTTCCGCGTAGCCGTCGAGCGGGATGTCCGTCGTGCCCGACACCATGCGCGGATTGCCTTGGTCGTCGTAGGGCCGCTCGTTCATCTCGGGGCGGTAGATGAACAGCACCACGTCGGCGTCTTGCTCGATGGCGCCGGAGTCGCGCAGGTCGGAAAGCTGCGGCCGGCGATTCTCGCCGCCGCGCTGCTCCGAGGCACGCGAGAGCTGCGAGAGCGCCAGGACCGGCACCTCGAGTTCCTTGGCCAGCGCCTTGAGGGAGCGGGAGATCGCCGAGACTTCCTGCTGACGGCTCTCCGAATTCGGCGGACCGCTGAGCAGCTGCAGGTAGTCGACGATGATCAGCTTGATGTCGGCCTGGCTCTTGAGGCGGCGTGCGCGCGAGCGCACCTCCAGCACCGAGAGGCCCGGCGTGTCGTCGATCCAGATCGGCGCCTGGCCCAGCAAGGCCGCGGCCTTGGCGAGGTTCGACGCGTCCTGCGCGGTCAACTGACCGCTGCGCAAGCGTTGGGCATCCACGTATCCCTCCGAGGCGAGCATACGCAAGAGGAGGGATTGAGTACTCATTTCCAGCGAGAAGATCGCCGTCGGAACATTGCCTTCGATGGCCGCGTATTGCGCGACGTTGAGCACGAAGGCCGTCTTGCCCATCGACGGACGCGCCGCGACGATCACGAGGTCCGAGGGCTGGAAGCCCAGCGTCATCTTGTCCAGGTCGACGAAGCCGGACGGTACGCCGGTGATGCTGCCGCCAGCGGTGCGCAGCACCTCGATGCGCTCCATCGCGCTCCAGAGCAGGCTCTTGATGCGGATGAAGCCTTCGC
NZ_CP130613.1_gap44	1885932	1887624	1692	GAGACGGGAATGGGAGAGATGGGGGGGCAGACGTCTCACGTACCCGCCCCCGTCTTCCCCCCGTCTGCCTCATTGCCCTCTCTCCATCTCCGCCCGTACCGCCGTCTCCCCTGCCCCCGCCGTCGCTCGCACCGCCGCACGCACGCCCTCCCGAAACCGCTCCACCGAAAACTTCTCCGCCCACTCCTCACACCGCGCCGCCGTTACACTCCCCGCCGCGATCTCCGCCTCGAGCGCCCGCACGCCCTCCGCAATCGCCGTCGCCGTCTGCTCGCCGAAGAACACCCCACATCCCGGCCCGACCGTCTCCAGCGCCCCGCCCTTCCCGTACGCCACAACCGGCGTGCCCGCCGCCAGCGCCTCCACCGGCGCAATGCCGAAATCCTCTTCGGCAGCGAACACGAATCCGTCCGCCCGCTGCAACCAATCCCGCAGTTCGGCCCGCGGCAGATGCCCGAGCAGCCGCACATTCGGCCCCGCCACGGCCTTCGCCTTCTCCCACTCGGGCCCGTCGCCGATCACCACAAGCTCGCGATCAGGCAGAAGCCGAAACGCCTCCACGATGAGCGGAATCCGCTTGTACGGCACGAAGCGACTCGCCGTCACATACAGCCGAGTGCCCGCCTCCCCCTCAGCCTCTGTTCCCTCACCCCTTCCTCTCATCCCCTCGCTCTTCGCTCCTCGCTCCTCGCTCCTCGCAGCAAAGAACTCCGTCTCCACCGGCGGATACAGCACCCCGCTGTCCCGCCCCCACACCCGCTGGATGCGCGCGCGAATGAACTCCGAGATCGCCAAGATCTGCGTCGGCCGCGTCGCCGTGCGCCGGTCCCAGTCGCGGATGTACTTGAGCAACGCCCGCGCCGCCACGCCCTTCACCCCGCGCGAGAGTCCCGACTCCTCCAGGTACTGCTCCTGCAGGTCCCAGGCGTAGCGCACGGGCGAACAGCAGATGTTGAGATGCGGTACGCCCGCCGGCACCCGCACGCCCTTCGCCACCGCGTGGCTCACGCTGATCACGAGATCGTAGCCCGTGAAGTCGAGGCGCTCGATCGCCCAAGGCATCAACGGCAGCAACCTGCGATGCGCGCGCGTCGCGCCGGGAATCCGCTGCAGCGCGGAGGTCACGATGCGTCGCTCGCCGATCAGCGCCCGCAGCGACGGCACCGGATCGGCGACCAGCGTGAACAGATCCGCCTCGGGGAACACCGCGCACAGCTGCCCGGTGATCTCCTCCGAGCCGCCGTGCGTCAGCAACCACTCATGGACGAGCGCGACTCTCACCCGGGCGGCCACTTCATCTGGCGACCCGCCAGCACATGCAGATGCAGGTGATGCACCGTCTGGCCGCCGTCGTCGCCCGTGTTCACGACGACGCGATACCCCGATTGCTCCACGCCGAACTCCCGCGCCACGCGCTTCGCCAGCTCGCTGACCTCCGCCATCACGCTCCCATCCGGCGTCTCGGCGAGCGACGCGTAGTGCGCTCGCGGAATCACCAGCACATGCAACGGGGCCTGCGGCGCGATGTCGTGGAACGCCAGCGCCTGCGGCGATTCGGCGATGATCTTCGCGGGAATCTCACCGGCGATAATCCGGCAGAACAAGCAGCTCGCGCTCATCGATGTGCCTCCAGGTATGCGCGCCCGACGGCCACGCCGCTCACCGCGGCCGTCTCGAAGCGCAGGATGTTGC
NZ_CP130613.1_gap45	2011873	2015534	3661	GAGATCGAGAAGCGGTACGGCCATTGGAACGGCACCTGAAAGGGCGAAAGAAAGGCCCGCACGGACACCCGTGCGAGCCTTGTAAGTTCGCTCCCTGACGCAACATAGTCAACGCACTAGAGGGCTCCCCGCAGCGGCAGCGGGACCTCCCGACCGGTCTTGGCCGACTCATATATCCCCAAGATCAGCTCAAGCGACTTCCGGCCGCCTCGACCGTCCGTATCGGGCACGGCCTCGCCCCGAATCACCCGCAAGACGTTGCGGTAATACGGCTCATGCCCGAAGCCGTAGACGGACGGCGGGTCGGTGTTAACCCGCTCCACGTCAGCATCGTCGGGGTCCGCATCGGCGAACGCCCAGTGCTCGATCCGGTTCACCGCCGTCCCACCCACCTTCACGGTCCCCTTCTCGCCGATGAGCGTGAACGACCCCTCGAGGTTCTTGGGATAGGTCAGCATCGTCACCTCGATCACGCCCAAGGCGCCGTTGCGGAACTTGAGCACCGCCGCGCCCGTGTCCTCCGCCTCGATCTTCCGGGCCATCGTCGCCGTCTTCGCGATCACGCTCTCCACCGGACCCACCAGCCATTGCATCAGGTCCACGTAGTGCGAAGCCTGGTTCATGAAGGCGCCGCCATCGAACTCCCAGGTCCCACGCCACGGCGCCTGGTCGTAGTACGACTGCGGTCGCGACCAGTGCACGGTCGTATTCGCCAAGAACAGCCGGCCAAAGCGTCCCTTGTCGAGCGCTCGCTTCACCATCTGCACCGTCGCGTTCAGGCGATTCTGCTTGACGACGAACAGGTGCACCCCCGCATCGTCGCAGGCCTTCACCAGGGCGTCGGCCGACGCCAGCGTGATGGCCATCGGCTTCTCGCTGATGACGTGCTTGCCGGCGCGCGCCGCGAGAATCCCGTGGGCCGGGTGCAGCCCGCTCGGCGTCGCAATCGCCACGGCATCGCAGTCCGCTTCGACCAGCATCTTCTCGTAGCTGGTGAACCACGGCACCTGCCAACGCTCGCCCGCCTCGCGCGCCCGCGCCTCGACGCTGTCGCAGACCGCGGAGAGCTCGAGCCCCTCGACCCTGTCGATGGCCTCGAAGTGGTTGGCGCTGATGCGGCCGCAGCCGACCAGTGCGATGCGCACCGGCGTGCTCACGCGCCCCCCACGGGCGCCAACGCGCCCGCGCGCACCTCGTACGCCGCACCGCACTCCGTACAGTGATAGCCCGGCCCGTCCCCGCGGAGGACCGCGCCGCAGGCGCAGACCCAGCCCGTGCGGCGCGCCGGCACGCCGGTCACCAACGCGTAGGCCGGCACGTCCTTCGTGACCACGGCGCCCGCGCCCACGAAGCAGTACTCACCCAGCGTCGCCCCGCAGACCACCGTCGCGTTCGCACCGATGCTCGCCCCGCGCTTCACCAAAGTCGGACGGTACTCGTCCTTCCGACTGACGTGGCTGCGCGGGTTGATGACGTTCGTGAAGACCATCGATGGGCCGCAGAACACGTCGTCCTCGAGCACCACGCCTTCATAGAGGGACACGTTGTTCTGGATTTTCACCCGATCCCCGACGCGGACGCCGTTCATGACCACGACGTTCTGGCCGATGTTGCAGTCGCGGCCGATCACCGCCCGCGGCATGATGTGGCAGAAATGCCAGACCTTCGTGCCGGCGCCGATCTTGGCGCCCGCATCCACGTACGACGATTCGTGGACGAAGGGCTCGCTCACGCGGGCTCCACCCCGACCATCGCCTGCCACTCCTGCAAGCTCTTCACCGCCGCCTTCGTCGTCCGCATCGTCTCGATCGCCTCACAGGCCGCGCTCGCCCCCGACAGCGTCGTCGTGTACGGCACGCGGTTCGCCACCGCCGCCTGCCGCAGCGAATAGTCGTCCTTCTGCGCCCGCTTGCCCAGCGGCGTGTTGATCAGCAGCTGCAGCTCGCCGTTCACCATCAGGTCGATGCCGTTGGGCCGCCCGCCGCTCACCTTGAACACGCTGCGCGCCTCGATCCCCCGCCCCGCGAGATGCTTGGCCGTGCCCTCCGTCGCCACGAGACCGAAGCCGAGCGTCGCGAACCGGGCGGCGATCTTGCTCGCCTTCGCCTTGTCGCGGTCGTTCACGGTCAACATCACCGTGCCCTCGCGCGGCAGTGGGTTGCCGGCGGAGATCTCGGCCTTGGCATAGGCCATCCCGAAGGTCTCGCTCACACCCATCACCTCGCCCGTGGACCGCATCTCGGGGCCGAGGATCGGGTCGAACTCACGGAACTTCGTGAACGGGAACACCGCTTCCTTCACGCTGACGAACGGCGCGACGATCTCCTCCGTGTACCCCAGTTGCTCCAGCGTCTCCCCGAGCATGACTCGCGCCGCCAACGACGCCAACGGCTTGCCGATGGTCTTCGACACAAACGGCACGGTGCGCGAGGCACGGGGATTGACCTCGAGCACGTAGACGACGCCATCCTTGAGCGCGTACTGCACGTTGATCAAGCCGACGACGCCGAGGGCCTTGGCGAACGCAACGGTGTGCGCCCGCATCTGGTCCTGATGCTCCTGCGAGATCAAGTACGGCGGCAGCGCGCAGGCCGAGTCGCCGGAGTGGATGCCGGCGTCCTCGATGTGCTCCATCACGCCGCCAATCACCACCGTCTCGCCGTCTGACAACGCGTCCACGTCTGCCTCGAACGCGTCCTCGAGGAACGCGTCGACAAGCACCGGGCGATCCTCGCTCACGCGCACCGCGCGCTGGAAGTAATCACGCAGCGACGGCTCGTCATAGACGATCTCCATCGCACGCCCGCCCAACACGTAGCTGGGCCGCAGCAGCACCGGGTACCCGATGCGCTCGGCGATCTTCACTGCCTCCTCGACGCTGGTCGCCGTGCCGTTCGGCGGCTGCTGCACACCCAGCTCGCGGGCCAGCTGCTCGAAGCGCTTACGGTCCTCGGCGATGTCGATCGCCTCGGGTGAGGTGCCGAGGATCTTCACGCCCGCGGCCTCCAAGGGCTTCACCAGCTTCAGCGGCGTCTGGCCGCCGAGCTGCACGATCACGCCCACCGGCTGCTCGCGGTCGACGATCTCCAGCACGTCCTCGAAGGTCAGCGGCTCGAAGTACAGCTTGTCGGAGGTGTCGTAGTCGGTCGAGACGGTCTCGGGGTTCGAGTTCACCATGATCGTCTCGTACCCGGCCTCGCGTAGCGCGAGCGCCGCGCGCACGCAGCAATAGTCGAACTCCACGCCCTGGCCGATGCGATTCGGCCCGGAGCCGAGGATGATCACGCTCTTCTTGCCCGTGCGCGGCGCCTCGCTCTCCTCGTCGTAGGAGGAATACAGGTACGGCGTGTTCGACGGGAACTCGCCGGCGCAGGTGTCGACCATCTTGTACGCCGGGCGCACGCCAAGCGCCCAGCGGCGCTCACGCGCCTGCTGCTCGGTCTCCTTGCGCAGCGCGGCCAGCTGGCGGTCGCTGAAGCCCATGCGCTTCATGCGGCGCACGAGACGCGCGTCCACCGTCGGGGCCGCGGCATACGCCTTCTCGGCCTCGAGCATCTCGGCGAACTGCTCGAGGAACCACGGATCCATCATCGTGCGCTGGCGGATCTCCTCGAGGCTCATGCCGAGGAGCATCGCGCGCTTGATCTGGAACATGCGCTCC
NZ_CP130613.1_gap46	2022388	2025795	3407	TGTACCGTCTCTCGTCTTCCGGCATCTTTCCTGCCCCAGGCTGGGAGAGGGGAGATGGGGGCAGGGGCGGAGATGGAGAGAAGGGAATGGGGGGAGACGTTGGGGGAGAAGGGAGGGGTTCGTGAGACGTCTGCCCCCCGTCTTTCCCATTCTCGTCTCGCACTCCCCGTCCCTGCCCCCTTCTCTCGCCCCGTCTATCCGGCGGCCAGCGTCATCCGTATCTCGCGCAGGACGTCTACGGGAGATGGGGCGGCGGTGACGGCCCGTCCGAGCACGAGGTACGCGGCTCCGTCGGCCGCGGCTGACTCCGGTGTCGCCACCCGGGCCTGATCGTGGGTCGCGCCTCCGCTGAGCCGGATCCCCGGCACCAGCGGCTTGAGGCGCGGGTAGCTGCCGCGCACCGCGCGCACCTCGTGTCCCGAGCACACGATGCCGTGCGCGCCCGCACGGTCGGCGAGCTGCGCCAGGCGCAGTACCTCACCGCCCATTTCGGGCGCCTCGCGGCCCAGCGCGATGCCCAGTGACGGCGCGTCGAAGCTCGTCAGCACCGTAACCACGAGGATTCCGGTCTCGGCCCCTGCCCCCTCCACCGCGGCATCCACCATCGCGGCGCCGCCGTAGCCGTGTACGGTCAGGAGCGAGGCGCCCATCGTGGCAGCGCTCCGGGCGGCACCGCGCACGGTGTTCGGGATGTCGTAGAGCTTGAGGTCCAAGAAGACGCGCTTGCCCTCGCCGCGCAGCCATTCGACCACCCGCGGACCCTCGGCCGTGAAGAGCTCGAGGCCGACTTTGTAGAAGTCGGCGTCGGGGCCGAGGCGCTGGACGAGCGCCTTGGCGTCGGCGAGCATGGGGACGTCGAGGGCGATGATGGGCTGCGAGCGCACGGACGGTGGGAGAGGGGAGACGGAGGTAGGGGCGGAGATGGAGAGACGGGAATGGGGGAGATGGGGGGGAGACGGGAGACGTCGTCGCCATCAACCCGTCTTCAAGGTCCCGATGAGGTCTGCCACCTTTGCGCCGTGGCGCTCGCACCAACGCTCGAGATCCCGGACGATCCGGCCCGGCAGCTTCGGGTCGGCGAGGGCGGCGGTGCCGATCGCGACGCAACTCGCACCCGCAAGAACGAACTGCAGCGCGTCCTCGACGCTCTGGACGCCGCCGGCGCCGATGATCGGGACGCTGACCGCTTGCTTCACGCGCCAAGTCGCGAGCACGCCCACCGCCAAGAGCCCGGGACCGCTCACGCCGCCCGAGCCGAAGCCGAGCAGCGGACGGCGGCGCTCGACATCGACGACCATGCCGGGCATCGTGTTGATCACGGTGATGCCGTCGGCGCCTGCGTCGACGGCGCGCTTCGCGACATCGCCGATCTGCGGCAGGGTCGGCGAGAGCTTCACGAAGAGCGGCTTCTTCGTGCGCGAGCGCGCACCCGCAATCACGGCGTGCAGCGCCTGCGGGTCGGCGCCGAACTCCATGCCGCCCTGCTTCACGTTGGGGCACGACACATTCAACTCGTAGCCCTGGAAGCCCGACGCGTCGTCGAGGTGCTCGACCACCGTGCCGAAATCCTCGGCCACCTTGCCGACGACGTTCACGAGGACGCGCGGTGCGCGTACATGCGTCGCGATCCACGGCAGATCTTCGCGCTTCACCGCTTCCATGCCAGGATTGGCGAGGCCGACCGCGTTGATCATGCCGCCGTCGAAGTCCCCCACGCGCGGCGCCGGCGCGCCGCTGCGCGGCTCAGGGCTCACGGCCTTGGTGACGAAGCCGCCGAGTGACTCCAGCGACATCACGTCGGCGAGCTCGCGACCGTACGCCGCGGTGCCTGCCGCCAAGAGGATGGGATTCGGAAACGTGAGCCCGCAGGCCTCGACGGCGAGCCGCGAGCTGCTGGCGGTGTGCGCTGCAGCGGCCATCAACGGCCCGCGGCGCGCGTGCGCCGCTCGTAGTGGCGCAGGTACTCGAACACGGCGTCGCTGATCGACTGCGCGATGTCGCGCTGGCCGGCGGTGCTGGCCATCCAGCGCGCGTCCTCGATGTTCGTGCCGAAGCCGACTTCGACGAGGATCGCCGGCATGAAGGCCTTCGACAGCACCATGAACCCAGCCTGCTTCACGCCGCGGCTCGGTCCCGGGTGCTTCGCCGCGAGTGCGTCCTGCACGAGCTGTGCGAGGTCTGCCGATTCCCGAAGGTGCTCGTTCTGGGCGATGTCATTGAGGATGAAACCGAGCGGGTCACCGGCGCCCGGATTGGTCTCGACCTCGAAGCGCACGACCTCGTTCTCCATCGCGGCCACGCGACGTTCGTCCTCGGTCCGTGCGGTCGCGAGGAAGTACGTCTCGACACCACGCACCGCGCTGCCGTTCCGCCAATTGGGGTTCGCCGCATTCGTGTGCAGCGAGAGGAAGAGGTCCGCGCGCCGGGCGTTTGCGATGGGGCCGCGCTGGTCGAGCGGCACGAGGCGGTCCTCGGGACGCGTCAGCACGACGTCGAGTCCGCGCGAGCGGAGTTCGCTCTCGAGCCGCTTCGCCATCTCCAGCGTGAGACGCGCCTCGTTGACGCGCCGGCCATTGAGCACGACGCCGTTGTTACCGGGATCGACGCCGCCATGGCCCGCATCGACCGCCACGGTATAGCGCCGCGACAGCCCGGGCGGGGCCGCCGGATCACGCCGCGGCGTTGCGGGCGCTGCCGCACCGGGAGTCGACGCGGGCGGAGTTGCAGGGGTCGTCGCCGGATTCGCCGGCGGCGCCGAGGGCGGCACGACCACGCGCGGCTCGGGCGTATTGCTCGCCGTGCGCGCAGGCGTCGTCGGCGCGGCAGGCGTCGTGGCGGGGACGGCCGGCGCCGCCTCACGGCGCGCTACCGCCTGGAACAACCGGACCTCCCAGCGACTCCGGTCCCACACGATGCCCACGCCGAAGCGCGGGACGATCTCACTGAACACCTGCAGCGGCACGAACACCACGCCGCTGGAGACGAGCACCGCCTCGTGCAAGGGCAACGCGAATCCATTGTACGCGGCGAACGGCACGCCGTCCTGCAGCTCGATGGCCGAGCCGGAGAAGCTGACCCGCCAGCGATCCGCCGCGAGGGAATCCATGGTCCCGCCCAGGAGGCGGACCATGACATCGAGGCGCACGCGTCCCCCGCCCTCGCTCGGCAGCAACTGCACGACCGTGTCGCCCGCGACGCCGCGCACGCGGATCGCGTCGCCCGGCGGCGCATGCGGCGGCGCGGCATGCGGCGGCGCGGCATGCGACGCTCCGACCGACGCGACAAGCAGCGCCGCCGCGAACACCGGCGCGAGGGCGCGCCGCAGCGCGGACACCTGGCGCGCCATCAGCGATTGCTCCGCAGCGCACGCTGCACTTCGCGCGCATCGTCGCGCTCCTTCAGGTCGG
NZ_CP130613.1_gap47	2164139	2168220	4081	CGGATCGGCTACGCGCGCTTCGAGATCCTGGCGTCGATCACCAACATCCCGGGCGATCCGGGCATCGCCGCGACCATCGGGCCGCGGGTGTTCATCCCGGCGCGGCATCTCGCCGAGACGGGCCTCATCACGGCCGGCGCGCGCGCCGAGTACGAGGCCGTGCTCAAGCTCCCCGAGGGCACGAAGACGCCGATCTGGGTCGCGCCGCTGCGACCGCGCCTCGAGAAGGAGAACATCCGCATCCGCACGGTCGAGGAACGGGAGATCGACCTGACCGATGCCATCCAGCAGCTCGCGCGCTTTCTCTCCGTCGTCGGCCTCATCGCGCTGCTGCTCGGCGGCATCGGCGTCGCGAGCGGCGTGAATGCCTTCGTGCAGCGGAAGATCGACACCGTCGCGGTCCTGCGCTGCCTCGGGGCGTCCAGCGCGCAGGTGCTGACGATCTATCTCGTGCAGGCGGCGGCGATGGGTTTCGTGGGTGCCGCGGTGGGCGTGGTCCTCGGCATCGGCATCCAGTTCGGCTTGCCGCAGGTGCTCGGCGACTTCCTGCCCGTCGATGTGCAGGTGACGTTGGTGCCGAGTGCGATCCTGCTCGGCCTGGCGATCGGCGTCTGGGTGGCGGTGGTCTTCGCGCTGCGTCCGCTGCTGGTCCTCCGTCGCGTCTCGCCGTTGCAGGCGATCCGCCGCGATGACGCGGCGCTCGCGGAATCGCGCCGCAAGGACACCGCCACGCAGCTCACCAACGTCGCGCTGGTGGCGTCGGTGATCGGGCTCGCGGTCAACCGCGCCGAGACCGTGCCGCAGGGCCTGCTGTTTGCCGTGGGCGTGTTCGTGAGCATCGGCACGCTGTGGCTCGCCGCCGCGGGCTTGGCCCGCCTCACGCGCCGCATCGTCGCGCCGAGCTGGCCGTACGTGCTGCGCCAAGGCGTGGCGAACCTGCACCGCCCCGCCGCCCAGACGCAGTCGGTGATCCTGGCGCTGGGATTCGGCTCGTTCCTCGTGACGACGATCGTGCTCGTGCAGACGAACTTGCTGGCGCAGTTCGAGTTCACGGCCGCGCAGTCGCGGGGCAACCTGGTGTTCTTCGACGTCCAGGAAGACCAGCGCAGCGGATTGGCCGAGCTGATCGGCACGGCGGGCCATGAGATCGTCAGCGAAACGCCGATCGTGACCATGCGGTTCGCCGGCGGCAACGGGCTCACGAGCGAGGAATGGGCGGAGCGCGTCGGCATCCCCGCGCGCAACTGGGCGCTGCGGCGCGAGTATCGCTCGACGTACCGGGACTCGATCGTCCCGACGGAGACGCTGCTGACCGGCGAGTGGTTCGGCGCGCGGGCACTGCCCAGCGGCGTCTACGAGGTGTCGCTCGAGCGCGACATCACCGACGAGCTGCACGCCGCGCTCGGCGACACGCTGCAGTGGGACGTGCAGGGCGTCACGATCCGGGCGGTGGTGACGAGCACCCGCGAGGTGGACTGGGGCCGCTTCGAACCGAACTTCTTCGCGGTGTTCCAAACGGCGGCGCTGCAAGGCGCGCCCGCCCAGTTCGTGACCATCGCCGCCGTGTCGAGCGACACGGCGGTCGCCCGCCTGCAGCGCGACGCGGTGCGGCGGTACCCGAACGTATCGAGCATCGACCTCTCGCTGGTACGCGGCACGATCAACCAGATCGTGAGCAAGGTGACGCTCACCGTGCGCTTCCTCGCGCTGTTCTCGCTCGCGATGGGCATCCCGGTGCTGTTCAGCGCCGTGGCCGCCACGCGCCGCGACCGCCTGCGCGAGGGCGTGCTGCTCAAGACGCTGGGCGCGACGCGCGCGCAGATCGGCCGCATCCTGCTCGCCGAGTACGCGGTGCTGGGGCTGCTCGGCAGCCTCTCGGGCATGCTGCTCGCGGTCGGCGGCGCGTGGGGACTGATCACCTTCGTGTTCGAAGGCACGTTCACGTTCGCGGCGTTACCGGCGCTCGGCATCGCCGGCGCGATGATGGCACTCGCGGTCTCGATCGGCCTGCTCACCGGTCGCGACGTGTTCCGCGAGACCCCGATGGCGGTGCTGCGAGAGGCGTAGGCTACTCGACGCGCAGCAACGCGACGCGCGCCGTCGACGGCAACGGCGCGCCGCCGAGTCCGCGCAAGCGCAGCAGCCTGGTGCTGCCGGCGGTGGACGGCGCGAGTTCGAACGTCGCGAAGCCACCGGGCGCGAGTTCGGCGAGATCGACCGTCACGTTGCCGGCTAAGGCCGTGCGCCGCACGGGATCCGCCCGACCGAACACGTCGTTCACGCCGCCGCTACCGCCACAGGCCCCGAGGTCACCGCAGAAGCCCTCGAAGAGATCGCCGAGCGCCCAGCCCTTGAGCCGCAGCGTCGGCTCGACCGCGGCGCCGGCGGCGCGACCGTCGGTGACCACCGCGAGCGACCAGCGCGCGAGCAGCTCGTCCCAGCTGCGGCCGCTGCGCGCCTCGAGATTGGCGATCCCGGACTGTCCGTTGACGCTGAGCGCGCGCGTGAAGCTCGCTTCATCGATGGCGGCGTGATCCATCGCGAAGCGGAGCAATGACCATCCGCTCCCGTAGTAGCTGTCGTCGCCGGACGCGACGCTCCCGAGCGGCGACCGGGCGCCGCGCGCGTCGAGAAAGCGATACAGTCCGGCGAGCGCCGGCCGCATGAGCACCGGTGTGTCCTGGCAACTGCCGTCGCCGAGCGCCGCGCGCGCCTCGCAGCGGATGCTGGCGTAGGCGGCGTCGCTGGTGGACGTCAGCCCGGTGAGCGCGCGTGTGTAGAGCTCCTCCGCATGGCGCGCGGTGGCTTCCTCGAGCCAGGATTCCTCGAGCAGCTGGCCGCGCGCGATGCGCTCGGCGAAACCGACGACGTGCTTGAGTTCGTGCGCGATGGTGCCGCGCACGGCCGCCCGCCACACGCGGAGCGCCTCGACCGGATCCGGATGCGCGCGGACATCGGGCACCTGCAGGTAGAGCATCTCGCCCACATTGCTCGCCGGCGCCGCGGCGCGCGGGAAGAAGTCGCAGCTCACCACCGCACCCATGATGGCGCCGCCCCGCATCGCGTTGAGCGTCGGCGTGAGCACGACCACCACCTTGCCATTGGCGTCCAGGCGGTCGTCCATGACGAGCGGATTGCCGAAGCGTTCGATCAGCGGCCAGATGGTGAGATCGATCTCGCTGCCGAGGGCGGCGATGGCCGCATCCATCTGCCCGGCCAGCGACGGGCGGTCACCGATGAGCGACGTCGTGTCCTCGAGGATGGCGATGCGGGTGCCGTCATACACGGTGCGCGCGCCGATGGCGCGGAACCCGACGCAGAGCCGCGGATCGTCGAGATCCGGTACGCGGACGGCGGCGAAGCCGCCGAGTGGCGGGAGTTGCAGCGAGGCGCGCACACCGACGCGTGGAGCTTCGGGCGCACCATCGTGCGCGGCAAAGGCTCGGTTGCGCTCCAGCAGCGCCAGGTGCGCGTGCTGTCCCGAGGACGGGACGGGGCCCGACGCGAACTGCAGCGTCGACGGCGCCTCGCGACCGCTGCGGTGATCGACCGAGAGGGCGATGCTGCCGGCCCCGACGGCGCGCGCCGCGTGCAGGACGTTCACGAGGTAGCGACCCGACGCCGGCAACTCGACGCAGGCCGCCTCCGCGGCGGAGAGTAGCAACACGGCGCTGCCGAGGGCCGGCGTGCGGCGCGGCGCCAAAGCGATGCGCACCGGATGGGCGCCGATGCCGTCGGCCGTGCTCACTTGCACCGCCGCCTCGCCGCTCGGCACGCAGGCGGCGGCGGTGGACGGCACCAGCGCGGTGATCTGCGTACTCGCGCTGGTGAGCACCTGTGCGGCGAAGCCATCCACGGCGAGACCGCTCGATAAGCCGCCCGCCGTCAACCGCGTGCCGTATACCGTGAATGGCGCGCCGGTCACGATCGTAGACGGCACCACGGAATCGATGCTCGGCGCCGACGCGCCGCCCGCCGCGTCGACGCGCACCATGAGGTCGCGCGAGACCGCGTCGAGTTCGACGCGCAGCGTGGAGGCACCGACCGCGACGGGCGTGACACTGCCCGTCGGCGACACCGT
NZ_CP130613.1_gap48	2170209	2173527	3318	GATGTATCCGAAGCCCGTCTCCGGACGCGAGGGCTGGATGCCGACGGAGACCAACGCGCGCTCGCGGGCGGCGTAGGAGGCGGCACGGCGCAGCGTGCGCCGGAACTCCTCGGGGAAATCCACCGCGAGATCCGCGTGGATCGCGACGCACATCGCGCTCGGGCCCGCGCGACGCACGAGCTCCTGCGCCCCCCACGCCAGCGCCGCCGCGGTGCCCAACGGACGCGGTTCGACGAGCACGTTCTCGTCCGGTACGTCCTTCGTCACGGAGCGGATGGCCGGCGCGATGTCGCGGCTGGTGAGGATCAGCACGCGCTCGGGCGGGATCGTCGGCTGCAGCCGTCCCACCGTCTCCTCGATGAGCGTCTGCTCGGACACGAGCGCGAGCAGCGGCTTCGGGCGCGCCGGCGTCGAGAGCGGCCAGAATCGCGAGCCGATGCCGCCGGCGAAGATCACCGCCCAGAGCGCGACGTCCGTTTCGGGCTCGCTGAACGCCGCCAGCTGCTCCGCGGGCAGCGTGCCGGCGGCAGTGCTGCCGGCGGCAGTGCTGCCGGAGAGGTCGCCGGGAGGCGTCGCGCCGGGAAGAGGCATAGACAGGAAAACCTAGACGGGGCGTCGCGGCATCGCCACGGCTCGGCGGCTAGCCGAGGAGCACGATGCCGACCGCGGCCGCGGTCCAGACGAGCAGCATCCCGGGGATCGCGAACTTGAGCCAGCGTCCGTAGGTGAGCTTGGCATTCAGGAGCATCGCGAAGAGCGCGCCGTTCGTGGGGTTCACGGCATCGGTGAACACGCCGCCGGCGGAGAACGCGAGCACGACGGCATCGCGCGAGATGCCCAGCAGGTCCCCCAGCGGCGCGAGGATCGGCATCGTGAGCATCGCCTGGCCGCTCGTGGAGGAAACGCCGATGTGGATGATGGCGTGCGCCGGGATCATTGCGACCGCCGCCACCTCGGCGGGCACCAGCTGCAACGGCGCGACGATGCCCGCGATGATCGTGTCGATGATGCGCCCGTCGGTGAGCACCAAGCCAATGCCGCGCGCGACGCCGACGAGCACGCCGGCCGCGACCATGCCTTCCATCGCCACGAGGAACCTCGCGGCCGTCTCGCGCAGCGCATAGCGCTGCAGGGCGCCGACCACGAAGCCCCCGACGAGCACGAGGGCGGAGAGTTCGTTGATGCCCCAGCCCCAGCGCAGGATGCCGACGACGTACAACAGGATCGGCAGCACGAGCGCGAGCAGCGAGCAGGCGTCGCGCCAGGTCGGCGGCTCCGTCGAGGGGGCAGTGACCTCGGGGCGCACGTCGTCCGCGGGCGCGCGCCAGAGCGTGTAGGCGATCCACGCCGCAAGCGCCGCCAGCAGCACGGCGACGCGCGTCCCCGCCGCGCTCATCGGCGCGAGCTCGGCCGCCTTCAAGGCGGCACCGGTGCCAAAGGGATTCGTCGGACCGAACGCCGCGCCGACCATCGCCGCCCCCATGCTCATCGCCAGCGCCGTGACCGAGCCGTAGCCGAGGTTGCGCGCGAGGATCACGAGCACCGGGATCAGCGCGACGAACTCCTCGTGCATCTGCTCCGCGGCGCCGAATCCGGCGAACACGATGCTGAGCCCGATGACGACGAGCGCCGGACGCCGCGTGCGGCCGACCAAGGCGCCGAGGAGCCGCGAGAGCGCGCCGCTGGCATCGAGCAGCCCGAATGCGCCGCCGGTCACGAGGATCGTCATGATGACGTCGGCACCAGAGACGAAGCCGCGCGGCACGGCGAGCAGCGCGTCCATGAGTCCGACGGGTGCGGGCTCGACCGGCGCGAAGGTGCCGGGCATCACGCGGGCCGCACCGGTCGCGGCATCCACCGTGCGCTCGTAAGCCCCGGCAGGCAGCAACCAGGTGAGCACCGCGGCGGCGCCTACCCCGCCCAACAGGAGAACCAACGGGTGCGGTGCGCGGCGCGTCAGCACGGGCGGCCCGTCACTCGGCGGGCGGGCGCGTCGGCTGCGGCTTCGGCCGGAACGGCATCGTCAGCAGCGCGCCGATGCCCGTGTGCTCCTTGGGGTCCATGTGCGTGTCGATGCCGTACACCAAGCGCGCGCGATCGATCGTGCGGAAGGTGCCGAACATCCGGTCCCACACGGAGAAGATGTTGCCGAAGTTCGAGTCCGTGTGCGGCAGCACGTAATGGTGATGCACCTTGTGCATGTCGGGCGACACGATCACCCAGGCCATCGCGCGGTCCAGCCACGCGGGCAGCGAGATGTTGGCGTGGTTGAACTGGCTGAGCACCACGCTCATCGCTTGGTAGAGGAAGACCATCCAGAGCGGCGCGCCGGTGACGACGACGGCGAGCGCGGTGAACGCGAAGCGCACCACGCTCTCGCCCGGGTGATGGCGATTCGCGGTCGTCGTGTCGACGTGGGTGTCGCTGTGGTGAATCAGGTGCAGCTTCCACAGCGGCGGCACGTGATGCGAGACGAAGTGCGCGAGCCACGCGGAGATCAGGTCGAGCATCAGCAATCCGACAAGCGTGCTCAGCAGCAACGGCATCGCGGGCAGCCAGAAAAGCAGGCCGAACTCGCGGGCGATCGCCCACTCCGAGGCGCGCAGCAGCAGGAAGGCCAGCGCGAAGTTGACGACGATGGTGGTGAACGTGAAGAAGAAGTTCACCAGCGCATGCGGCCACTTGCGGTACTCGTGCTTGAACAGCGGCACGGCGCTTTCCCAGATCCAGAAGAAGGCGATGCCACCGGCCAGGATCATCGCCCGGTGCGACGACGGAATGGAGGCGAAGTAGTCAGCGATCGCTTGCATAGGCGCAGAATCTACAATAGTTGCGTCTTGACATTGAGTTAGTGCGTCCTAACTTTCTCGTCCATGACTCCGGTCCTCGACTTCTTCGCACGTACCGACCCCGTCTTCGGCGCGCTGATCGCGACGACGTTCACGTGGCTCGTCACCGCCGCGGGCGCCGGCCTCGTGCTCATCGTGCCGAACATGAGCCGCCAATGGCTCGACGCCATGCTCGGCTTCACGGGTGGCGTGATGGTCGCGGCGAGCTTCTGGTCGCTGCTCAACCCGGCGATCGAGATGGCGGAGCGCATGGGCGTCCCCGGATGGCTCCCCGCCGCCGTGGGCTTCGCGATGGGCGCGCTGTTCATCTTCGCGCTCGACAAGGTGCTGCCGCACCTGCACATCAACTTCGATGTCTCCAGGACCGAGGGCGTGAAGACGCCCTGGCATCGCACGACGCTGCTCGTGCTGGCGATCACGCTGCACAACATCCCCGAAGGCCTCGCGGTGGGCGTGCTGTTCGGCGGCG
NZ_CP130613.1_gap49	2263187	2264735	1548	CAGGCTGCGACTCTGGCCGCCGAGTTGCTCGACGAGAGCCGTCGCGCCGAGCAGCGCTCGGCGGCGGCGCGCATCGGCGATGCCGTCCTGCGCCTTGCCGGCGAGGAACGCACGAAGGCCTTCATCGAGAAGGCCGTGCACGACGCGCTGGGCCGCGCGGGCTCGCGCACCTGGAGCGATGTGCTCGATGCCATCGGCGAGGACGTGGTCGTGCAATGGATGCTCGAGGCGGGCCGCAGCCCGCGGGCGCACGACCTCGCCGCCGAGGGCGCCGGCACGGCCGCGCTCGCCCTGCTCGACCGCCCCATCGGCCGGCCCTCGCGCTTCCTCGCCGACGACGCGCCCGCACGCCTCGGCGCGCTCGCCGGCCCGGCCGTGTGGGAGCTGATGGAACGCGAGATGCCGAAACTCGTCGAGCAGCTCGACATCCCCGCCATCGTCGAGCGCAAGGTCTTGGGCTTCAGCACGGCGCGCATCGAGGAGATCATCCGCGGCGTCACGCAGCGCGAGCTGAACTTGATCGTGAACCTCGGCTACCTGCTCGGTGCCGTGATCGGTACCCTGACCTTCCTCGGCGGGCGGCTGCTGCGCGGCTGACGCCGCGCCCGCGGTCAGGGCTGCTCGAGCCGCACCGCCGCCCGGTTGAGCACGCCGGGGCGCGTGCCAGCGGGCAGGTCTTCCCAGATCACCACCGCGCGGCCGCCGATCTCCGTCTGCTCGAGATGCAGGCTGCGGCCACGCACGGTCCAGCTGCGCGCACTGCCCTCGCCGCCGGCCCCACGCCGCGTCGCGAAGCGCCGCTCAACCATACGCTCCATGCGGTCGCGGAACTCCGACGCCTCAACGGCGTCATCCCACACGGTGAGCCAGACGATGCCGTTGCCCGCACCGACCTGCACGAGCTGATAGCGGTCGCCATCCCAGCCGGCGGCTGCGGCGGCCGCACCGCCGATGTCCTTGATGTGCTCGTAGAGGAACAGCCGCGTCTCGAACTCGCCAAGATTGTCTTCGTGCACGACCTCGGCGCCTCGCGGCGCGCCGAGCGTCACGCGCGTCGGCAGGTCGGGCACGGAGTCGAGGTACTTGTTCGCGTGCAGGATCTGCTCGGTCGAGGCCGGCGCCGGCGCGTACGGGACCGCGCCTGGGCGCGCGCGCTTGAACTGCCGCACGAACTCCGCGCCCGCGATGTACGGGAAGAGCAGCGTCTCCTGCAGCAGCGTCGGCGCCGACGCGAACTTCGGCATCGAGGCTTGGGCCGAGCGGATCTGCTCGCGGACGTTGTCCCAGCCGCCGGGCAACGCGAGGCCCATGTCGGAGCCGCCGAGCATGATGGACATCTGCTCGTACACGGCCTGCCCCTCGATCATGGCCTGCATCGCGACCTGGCGGTCGTTGTCACCCTTGAGCGACCGCGTGGAGTCGATCGGGAAGTGCATGTGCTGCAACGCATGCACCAGCTCGTGGCTGACGGTCACGCTCGTGATTTCCGGCGACCCATCCTTCACCACATAGAGCACCCGCGTAGCGGGATCGTAGTAGCCGGCCACC
NZ_CP130613.1_gap50	2280551	2284886	4335	CTCGCTTTGGAGACCCCCGATGCCGTCCCTTCGTTTTCGCGTGCTGCTCCTGGTCGCGATCGCCGTCACCGCGGTCAGCGCCTGCGACCGCGGCACTCCTGGCGCCGCCACCGTGCAGGAGTATCCACCGGGCTACGTCGTCGACTCGGCGCTGCCGATCGATACGCTGCTCGCCCGCTTCCGCGCCACGCTGCCCGACACGCCGTCCACGCTGGTCGGCGGTGAAGTCTCGCCGGAGCGCCTCACGCGCGCGCTCCTCGGCGCCATCTCCGCACAGGACACCGCGACGATCCGTCGCCTCGTGCTCAACCGCAGCGAGTTCGGCTGGCTCTACTATCCGCACACCCGTTACACGCGCCGCCCCTATGAGCTCGGGCCGGACCTGCTCTGGATCCAGGTGAACGAGAACAGCGAGAAGGGCATCGTTCGCCTGCTGCGCCGCTACGGCGGCTCGCGCCTGCGCTTCGAGGCGCTGGCCTGCCCGGACAGCGCGACCGTCGAGGGACCGAACACGATCACGGGCCCCTGCACCGTGACCTTCGCCGCGGCGGACTCGGCGGCGCGCACGCTCCAGATCTTCGGCTCGATCATCGCGCGCGACGGGCGCCACAAGTTCGTCAGCTACGCCAACGAGCTCTGACATGGACCCCCGACCGCCGCGTCGCAACGTCGGACTGCTGCAGGGCGCCGCCCTGCTCTGGCTGGGGCTGCTCGTGGGCTTCGCGGTCGGCATCGAGTACATCCGCTCGCGACCCGTGCCGCCGACGCCGTCGGGCGGCATCGACCTCGTCGGCGCGGGTGCCACCTTCCCGTATCCGCTGTATCGCCGCTGGTTCGCCGACTACGGCCGCGAGACGGGCGTGCGCATCAACTACTTCTCGGTGGGCAGTGCCGAAGGCATCCGCATGCTCCTCGACGGCAACGCGGACTTCGGCGCCTCTGACCGCCCGCTCACGGCGGACGAACGCGCGCGGGCGCGCTGCGGCCCCGTCGAGATCCCCATGGTGCTCGGGGCGGTCGCGGTGGCGTATCGCCTGAGCGACCTGACGACGCCGCTGCGTCTCGACGCGGACGTCCTCTCGGACATCCTCGCCGGCCGCATCCGCCGTTGGGACGACGCGGCGCTGCGGGCGCTGAATCCCGGCGTCGCCCTGCCCCCGCTGCCGATCACGGTTGTGCGCCGGGCCCGCATCACCGGGACCAGCGCCATGTTCGCGCGGTATCTCGCCTCGAGCGCGCGGGCGTCGGGCGACGCCGCGCTGACCGCGGCCGGCGCCCAGGTCGAGGGCAATGAAGGCGTGACGGCGGCGATCAGCGCGCAGCCGGGCGCGCTTGGCATCGTCGAGTACACCTACGCGATGCAGGCGAACCTCGACGTCGCGGCGCTCCGCAACGTCGCCGGCGCCTTCGTGCTACCGAGCCCGGCGTCCATCGCCGCGGCGGCCCGTGAGCGACTCGATGCGTCGAGCATCGACACCACACTCGGTGTCATCGGCGCGCGGGATGCCGTGGCCTATCCGGTGGTCGGCGTCACCCGCATCGTGGCCGATGCGGCGCTTGGCGACACGGCGCGTGCCGCGCACTTCCTGGCCTTCGCCCGCTGGGCCCTCGGCGATGGCGCCGCGGTCGCGGCGGAAGTAGGCTATGCAGCGTTGCCCGACGCGATCGCCGACGCCCAGCGCCGACGACTCGCCGCCCTGCGGCCCGGCCGCTGCCCCTCGCCCCGCACGCCGTGACGCACCCGAAGCCGAGCGAGAGTCCGTACCGCAGCGCGCGCGACGAGCGCGAGCAGCGCATCGCGGCCATCGACATCGGTTCCAACTCCATCCGGCAGATCGTCGCGGATGTGTTTCCCGACGGCACCATCCGCGTCGTCGATGAAATGAAGGCCGCGCCGCGCCTCGGTGCCGGCCTCGACGAACTCGGGCGCCTCGACGATGGCCATATGGCCGAAGCCATCGAGGCGCTGACGCGCATGGGCACCTTGGCGCGCCAGCTCGGCGCCAAGCGGATCGAGGCGGTGGCCACCAGCGCCGTGCGCGACGCCGCCAACGGCCAGGGATTCCTGACCCGCGTACGCCGCGAGACCGGACTCAAGGTCCGTCTGCTGCACGGCGAGGAAGAGGCGCGGCTCGCCTTCCGCTCGGCGCTGGCGCACTTCGAGCTCGGCGCCGGCCGCTCGGTCGTGATGGACATCGGCGGCGGCTCTCTGGAGTTGGCGCTCGCGGCTGAAGGCTTGGTCGAGCGGCTGATGACCTTCCCCTTCGGCGCGATCCGCATGACGGAGCAGTTCCTCGCGGGCGGCAACGGCCCGAAGGGCGTGAAGAAGCTCCGGAAGCACGTGCGGCAGGCGATCCGCAAGGCACTGCCGCTGCGCGACTGGCGTGGCGCCGAGGTCATCGGCTCGGGCGGGACGTTCACCAACCTCGCCGGCATGTTCCTCGCACGGCAGGGCATCCGCGTGCGCAGCGTGCACGGCACGCGCATCCCGCGGCACGAGGTGGAACACATCCTCGAGCAGCTCGCGGCGATGACGCCGGAGGAGCGGCTCGCGGTCGAAGGCTTGAACCCCGGTCGCGCCGACATCATCGTGGCCGGCCTCGCGGTGGCGGCGGAAGTCCTGGCGCGCGTCGAACCGCGCGAGCTCGCGGCCAGCGGCTATGGCATCCGCGAGGGACTGCTGCTCGAGACGGCGCGCGTGAAAGCCGTGATCGCCGATCCGGGCGAGGCCCGCGAGCGCTCCGTGATGGCCTTCGCCGAACGCTGCCACTACGAGGCGCCGCATTCGCAGCAGGTGCGGACCTTGGCCCTGCAGCTCTTCGATGCGTTGGGCACGCGCCTCGGCTGCGACCCGGCGGACCGACAGACGCTCTCCGATGCGGCGCTGCTGCACGACGTGGGCTACCACATCAACTATCAGGGCCACCACAAGCACTCGTTCCACTTGATCCAGCACGCCGACCTGCTCGGCATTCCGCCTGACGAGCAGATCGTGATCGCGCACGTGGCGCGCTACCACCGCGGCAGCGAGCCCAAGCGCAAGCACGAGGAGTTCTGTTCGCTGGACCGCGAGACGCGCGAGCGCATCCGACGCCTCAGCGCCATCCTGCGCGTGGCCGACGGCCTGGACCGCGGTCACGTGCGCGCCGTGGAGCGCGTGAAGGTGCGCTGGCTCGAGCGCGCGATCCGCGTGACGCCGGTCCCGCGGCGCGCCAACGCGCCGCTGCGGCTCGAGCTCTGGGGCGCGAGCCGCAAGAGCGGCCTCCTGGCGGATGTCGCGGGCCTGCCGGTGGAGATCGTCGGGCCGGACGGCACGGTGTACGTGCCGGACGACGCCGACAGCGCCTGACTAGATCCCGAACTCGAAGGACGTGCGGGCCGTCCAGCCGCCGCGCGTCGCACCGGTCACGCCATTGCGGTAGTCGTCGCGGATGGCTTCCGCCTGCCACTTCACGCGGTGCCCATGGAAGTACCGCGTGAACACCAGGGACTGCTGGCGTTGGCGCTCGAACTGTGCCCGCACATCGGCGTGGGGATCCACCGTGCTCCAGCGCGCGCCGATCTCCACCCCGCGCGGGAAGTAGTACGACGCCTGCACGTTCGTCCCGCTGCCCGTCAGGACGGCCCGCGTCGAGGCTCCGGACGTCGTGATCGGATTGGCCGCCCGGCGCTGTCCGAACTCCATCGCCGTCGCGAATCCGCGGTATTTGAACAGCAGGTCGGCGAGCAGGACGTCCATGTCCCGCGGCGCGTAGAGAAAGCGCCCGAGTTGTCCACCGGCACGCTCGGCCTGGTCGTTGTGGTTGAGCGTCACGCCCAGCGCCAGGCGCGGCGCCGGTTCGCGCAGGAGGTCGCCCTCGAAGTTGTCGCCGCCGCCCGTGAATGCGCCCAGCGGATGCACCTCGACACGCCCCGTGTAGGAGAGACCAGGATTCCCCGTTTGGACGGACCGTCCCTCGCCGCTCGTGACGGCGGCGCTGAGGATGACGGGCCGGGTGCTGCGTCCGCGCGTGTATGTCGTCCACAGCCCCATGTCACGGTCGATGGTGAAGGCGCCGTTGACGATGGAGCGGTCCGGAAACTGCTGCTCGCCGGAGGAGATCACGCGCTGCCGGTTGCCTGGCAGCTTCGTCTGCCCGCCCATGATCACGAGCTGCGGGGTGGCCTGAAAGCTCACCGTCGCGTCACGCAACACGTTCGGGAAGCCTGAGTTCTCGAAGTCCATGTCGCCGCGCGAGAACGACAGCTGCACGTTGACCTTGAAGCGCGGATCCCAGACCACGCTCTCGAAGCGGAAGCGCGCGCGGCGGATCGCCATCGTCGCGCTGCTCAGCC
NZ_CP130613.1_gap51	2289603	2291376	1773	CCAGAGGAACAGCCCGTTGCCCAACAGGTGCGCCCAGCTGCCGTGCAGGAACATGGAGCTCAGCGGCGAGATCCAGTTCAGGGGCTCCGCATCGACGACGCAGAGCAGCGTGCGGGTCAGCGGCACGCTCGTCCCGAGCGGCGCAGCCCCCGTGAGCTCAGCCGGCACCATGCCGAGGTTGCAGACGCTCATCGCGAGGATCTCGACGTCGAAACCCGCGCCCTGCAGGATGACCCACGCGCTGGTAATCCCCGCCAGCAGCAGGATGGTCATCACGGGAATGCGGACCGTCGGATTGTCGTCGCTGAGAGGAATCATCCCCGCGGTCCTGTCACCAGAGGGCTGGTCACGGTATTCGGAGTGTCAAAATGGCACGAATCTTTGGCCCAGAGCTTGCCGTCAACTATCGACGTAACTACGTCCGCGGCCGAAAGCTGGCGGGCGTCCGACTCCGAAAAGATACCTTCCCGAGGAACGAATGGCAGACAAGGTGATTGGCATCGACCTGGGTACGACCAACTCGGTCGTCGCGGTGATGGAGGGGGGAGACCCCGTCGTCATCCCGAACGCCGAGGGCGGCCGGACGACCCCGTCGGTGGTGGGCTTCAGCAAGGACGGCGAGCGTCTCGTCGGCCAGATTGCGAAGCGTCAGGCGGTGACGAATCCCGCGAACACGGTGTTCTCGATCAAGCGCTTCATGGGCCACAAGATGGCCGAGGTCGAAGCCGAGCGCGCGCGCGTGCCGTACAAGGTCGTGCGCGGCCAGAACGATCTCGTCAGCGTCGAGGTGCAGGGCAAGACCTACACGCCGCCCGAGATCTCGGCGATGATCCTGCAGAAGATGAAGCAGACGGCCGAGGACTACCTCGGGCACTCGGTGTCCAAGGCGGTCATCACGGTGCCGGCGTACTTCAACGACGCCCAGCGCCAGGCCACCAAGGACGCCGGCAAGATCGCCGGCCTCGAGGTGCTGCGCATCGTCAACGAGCCGACGGCCGCCGCGCTGGCCTACGGCCTCGACAAGGACAAGAAGAAGGACGAGAAGGTCGCCGTGTTCGACCTGGGCGGCGGCACCTACGACATCTCGATCCTCGAGCTCTACGAAGTGGACGGCACCCGCCAGTTCGAGGTGAAGTCCACCAACGGCGACACGCACCTCGGCGGTGACGACTTCGACCAGAAGGTCATCGACTGGCTCGTGGCCGAGTTCAAGAAGGACCAGGCCATCGACCTCTCGAAGGACCCGATGGCGCTGCAGCGCCTCAAGGAAGCGGCCGAGAAGGCGAAGATCGAGCTCTCGGGCACGATGAGCACGGACATCAACCTGCCGTTCATCACGGCGGATGCCTCGGGCCCCAAGCACCTCAACTACCAGCTCACGCGCGCCAAGTTCGAGCAGCTGGTGGATGACCTCGTGCGCCGTGCGATCCCGCCGATGGAGAAGGCCTTGAAGGACGCCGGGCTGACGCCGGCCGACATCGACGAGGTGATCCTCGTCGGCGGCTCGACGCGCATCCCGAAGATCCAGGAGATCGTCAAGGAGTTCTTCAAGAAGGAGCCCAACAAGGGCGTCAACCCGGACGAGGTCGTCGCGGTGGGCGCGGCCATCCAGGGCGCGGTGCTGACCGGCGAGCAGAAGGACGTGCTGCTGCTGGACGTGACGCCGCTGTCGCTGGGCATCGAGACGCTGGGCGGCGTGACCACGGTGCTCATCCCGCGCAACACGACGATCCCGACGAAGAAGTCGGAGACCTTCTCGACGGCCGACGACAA
NZ_CP130613.1_gap52	2294183	2295895	1712	TCGATCCGTTCTATCGGATCCGATTCGAGGACGGGTCGGTGTTCACGTACAACTCCGACCGCCAGAACCTGCTCAAGCAGATCCGCGAGTTCCGCGCGGGCGACGAAGCGGGCTACCTGAACTTCCTGAAGGCCAGCGAGGCCGTGTTCGATTCCGGCATGGCGCTGATCGACAAGCCCTTCGGGACCATCGGCTCGATGGCGAAGGTGCTGCCGGACCTGATCAAGCTGCGCGCCGACCGCTCGGTGGCAGGCCTCGCCTACAAGCACCTCAAGGACGACCGCCTCCGGCAGGTGTTCTCCTTCCACCCGCTGCTGGTGGGTGGGAATCCGTTTCAGACTACGAGCATCTACGCGTTGATCCACCACCTCGAGCAGAAGTGGGGGGTGTGGTTCGCGATGGGCGGCACGGGCGCGCTCGTGCAGGCCTTCGTGAAGCTCTTCGAGGATATCGGCGGCACGATCCGCTACTCGACGCCGGTCAATGAGATCATGGTGGACGACCGCACGGGCAAGGCGACGGGCGTGCGCCTGCAGGGCGGCGAGGTCCTCGCGGCCGACACGGTGGTCAGCAACGGCGACGTGGCCTTCACGTACAAGAAGCTCATCGCGCCGAAGTACCGGAAGAAGTGGACGGACGCAAAGGTCGACGGCCTCGATTACTCCATGTCGCTGTTCGTCATCTACTTCGGCACGAACCGGAAGTACGAGGACATCGCGCACCATGAGATCATCATGGGCCCGCGCTATCGCGGGCTGCTCGACGACATCTTCAAGACGAAGCAGCTCTCGCCGGACTTCTCGCTGTACCTGCATCGCCCGACGGCCACCGATCCGTCGCTGGCGCCTGAGGGCTGCGACTCCTGGTACGTGCTCTCGCCCGTGCCGCACCTCGGCGGGCCCACCGACTGGGCCAAGCAGGGCCAGGCGTACCGCGACGCGATCATCCAGTACCTGGAAGAGCGCTACATGCCGGACCTCTCGAAGCACATCGTCTCGGAGCACCGGATCGATCCCGTGCATTTCCGCGACACGCTCTCGAGCCACTTGGGCTCTGCCTTCTCGGTGCAGCCGACGCTCTTCCAGAGCGCGTACTTCCGGCCGCACAACAAGAGCGAGGACATCCCAAACCTGTACTTCGCGGGAGCGGGCACGCATCCGGGCGCGGGGCTGCCGGGTGTGATATCGAGCGGCAAGATCGTCGCGGAGCTGATCGGCGAGGCACAGGACAAGTCGCGCGTGCGCGTGAAGCGCAGCGCGGAGGTGTCGGCGCCGAAGCGTGAGGCGCGTGCCGCCGCGGTGGCGAATGAGCAAGCCGGCGGCGCAGGCACGATCGCAGCCGAGGGCGCGCGCTGATGGTGCTCCCCGGCTTCCTCCGGGAGGACGACGCCGCGCTGGCGAAGAGCGACGCCCAGCACTGCGAGTCGATCACGCGCGCGCATGCCCGCACCTTCGCGCTGGCGAGCGGCTTCCTGCCGCCGCGGAAGCGGCGCGGGGCCTTCGCGGTGTACGCGTTCTGCCGCCTGGCCGACGACATCGTCGACCGCAATCGCGGCAAGGATCCGCAGCACCTGCAGGCCGAGCTCGATGCGTATCGCGCGGGCGTGGCGGAGGCCATCAACGGCAATCCCGACGGCCCGGTGTTCCGCGAGCTCTGGCGCTGCGTCAGCGAATACGGCGTGCCGGCGGACGTGCTCGAGGAGCTGCTCAACG
NZ_CP130613.1_gap53	2328525	2330018	1493	TGGACGCGGCAGCATTGATGGGATTCCCGCGGCGGCGCTGGTGTCGGCTGGGTTCACGCTGCTGCAGCGCTGCGTGCCGCTGGTGCGCGCGCTGGCGGGGCGGCGCTCGGCGATCCTGCTGCCCTCGTCGCCACAGTTCCTGCTCGCGCTCGCCGCCTCAGATGGGCGCGGTGCGGTGCTGGTGAACCCGCTCGCGTCGAGCGCCGAGGTGGAGCATCAGCTGCGGGAATCGAACGTGGGGGCGGTGTTCACGGTGCGGGCGTTGGCCGCGAAGGTCCCGGAGCATCTGCCCTGCGTGTTGCTCGACGAGGCCCCGCGCCGCGCGACCTTTTCCGTACTCGGCGGCGATGACCTCGAGATCGACCTCGGCAGCCACTTCGGCCTCGATCTCGAAGGCGACGCGGACGCGACCGGGCGCGACGAGGAGTGCGCCATCGTCTACACCAGCGCGATGGCCGGCACGCCGCTCGGCGCGGTGCTCACGCATCGCAATCTCATCACGAACGCGCGGCAGACGGTGCAGGCCGCGGAGAATACGCCGCAGGATCACCTGCTCGCGGTACTGCCGTTCTCGCACCTGTTCGGGCTCACCGTTTCGCTGATTGCGCCGATGATGGCCGGGGCGCGGGTCACGACGATGCCGCGCTTCAATCCGATTGCCGCGGTGGACCTGATCGAGCGGGAAGGCATCACGGAAATCGTCGGCGTGCCGGCCGTGTTCGCCGCGATGCTCGGCGCGATCGCACGGCGTGGCGGCAAGCTTGCGGCCCCTGCCCTGCGCCTCTGCATCTGCGGCGGCGCCCCGCTGAGTGTCGCGCTGCAGGAGCAGTGGGAGGCGGCGACGGGCGTGCCGCTGCGTCAGGGCTACGGCCTCACCGAAGCGTCGCCGGTGGCGCTGTTCAATCGCGTGAACGCCGAGAACGTGCGGGGCACGCTTGGGCTGCCCTTTCCCGGCGTCTCGATCTCGATTCGCGATTCCGTGACCGGCGCGGAGCTGCCGGCGGGCAGCGTCGGCGAGATCTGCGTGGCGGGCGACACGGTGTTCCGCGGCTACGTGAGCGAGTTGCCAGCGACTCCGGACTTCCTCGCGCCGGCTGCCGCGAGCGCCGACTCGCTGGCGCGCCGCGCACAATCGGCGGGATTGCGCACCCGCGACGGCTGGCTCTACACGGGTGATGCGGGCGTGCTCCGCAGCGACGGCCGCGTGGAGTTCCGCGGTCTCATCAAGCCGATGTTCACGCGCAACGGCTTCAACATCTATCCGCGCGAGATCGAGCGGGTGCTGTCGCTGATGCCGGGCGTCGCGCGTGCGGCGGTGACGCCGCTGCCCGAGCCGGCGCGGGAGAACGACATTCGCCTCGAGCTGTGGCTCGATGGCAGTCGTGGGGTGAGCGACGCCGAGGTGAAGGCGTGGTGCGAGCAGCGGCTCGCGCAGTACAAGCAGCCATCGCAGATCGTCATCGCAGGCGCGTGAGCGGCACGCGCGACGGACC
NZ_CP130613.1_gap54	2343219	2344598	1379	CCGATGCAGGATGCGCTGCGCCCACGCGCGCAGCACCGCGGTGTCGGCCGCCTTCGAGCGGAGGATGCGCCACGCCGCCTCGACCAGGAGATAGCGCGCGCGGCGGTTGCCCGCCTTCGTGATGTGCCCGACCCGGCGCTTCTCGCCTGAGCTCCGCTCCCCGGGCACCAGCCCGAGGAAGGCCTCGAACTGGTGCGCCGACGGGAACCGGCCGACGTCATCCGCAATCGCGACGAGGCCGCTCGAGGTCACCGGCCCGATGGAGGGGGCCGTCTGCAGCAGCGCCACGATCGGGTCCGTGCGCCCCAGTGCCGCGATGCGCGCGTCCGCGGCCTCGATCTGGACGTTCAGCGGGCCGAGGACCGCGATCAACGGCGCGAGCTCGGCCGCCAGCGTCGACCCGAGGGGGAGCGCCGTGAGTCGCTCGACGAAGTTCGCGGCCGTGCTGCTCGGCACGCGCAGGCCGTCGCGGCGCACGAGCGCCTTGGCGAGCGCGATGCACCGCGTGCGCGTGCGGACCAGCGCCTCGCGCACCGCCAGCTCGGCGCGCACGTGGCGGCGCGCGGCCGACACGCGGTGCGCTGGCCGATAGGCGCCGAGCCGGAGCGCGTCGGCGAGGGTGCGCGCATCGCGCCTGTCCGTCTTCACGCGCCGACTCCGCGTGGCGTACATCGGCGCGAAGTTCGGGTCGGCGACAATCACCGCGTGGCCGAGCGCCTCCAGGTGACACGCGACCCATTCGCTCTCGGTCGACGCCTCGACGAGGATCCGCGCGGGCGGACGCGACCCCAGCACCGCCGTGAAGCGGTCACGGCTCGTGACGATGCGCCGCTCCGTCGCGTGCCCCTCCGCGTCGAGGATGCAGAGTTGGCTCTCGCGCTTGTGGAGATCAATCCCTATCATATCCATGGCGGCTGGCCTCCGCAGTGTGCCCCGTCGCGAGACGGTGAGCACGGTAGATGGTATGGGGCAGAACCTTGCACCCCGCGATGGGCGGAGGTCCAGCCGCCGCTTCATACCAACTATGGGAGCGCTCGCAGCAGAAGCAAACGTTAGCAGGACAGGACATGCCTCGACTCATTTTCACGGTTCTCCTGCTGCTCGCACTGCCGACGACGCTTGCCGCGCAGGCGACGCTCAGCGGGCGCCTCGTCGAGGTGTCGAGCGGTCGGCCCATGTTCTGCCTCCACGTCACACTGCTCGATAGCGCCGGTGTCGCGCGCGACTCCACGTACTCGGGGTTCGGCGGACTCTTCGAGTTCGCCGTGCCGGAGCACGCGGACTTTCGGCTCCGCATCTCCAGCCCGCCCGTCGTGGATGTGCAGACCGCCCCGGAGCGCACGGGCGCGGCGACGTTCTTCAGCCGGGAGTATCGCATC
NZ_CP130613.1_gap55	2386975	2387593	618	TATACGAGCTTGTCGAGATCGTCCGCCATCAGCGCCACGTCGGCAGTCTCGAGTGCGACGTCCGTTCCCGCGGCGCCCATCGCCACGCCAACAGTCGCTTCTGCCAAAGCGGGCGCGTCGTTCACCCCGTCACCGACCATTGCTACGTGCCCGTCGCGTGCCGTGAGATTGCGGACAATGCCCGCCTTGTCCTCGGGTGTCAGGTCGGCGTATACCTCGTCGATGCCGACTTCGCGAGCGATCGCCCTGGCCGTTCGCTCGTTATCGCCAGTCAACATCGCGACGGTGCGGACGCCGGACGCGTGGAGCGCACGAATGGCCGACGCCGCGTTGGGACGCACGTTGTCACGAATGGCGAGAATGGACCAGGCCGAACCCGCGTCGCCAACCACGATCACGGTCTTGCCTTCCATTTGAAATCGAGAGACGTCCGCGGCCACTTCACCGAGCGACACGCGGAGCTCGCGCTCGAATAGCGCGGGACTCCCGACAAGCACCTCCTGTCCTCCGTTTGCTGAATCCAGACGCGCCGCGGCACCGGCCCCCGTGAGCGAGCGAAAGTCCGTGATCGACGCCGGTGTCACACCACGCGACTTCGCGTATCGAAGGATGGCTCGC
NZ_CP130613.1_gap56	2392184	2396071	3887	AGCGCCGGACGATCGAGATCGCGTCCGGCCTGTCGGGCACCGGGCCGGCGAGCGGACGCGTCAACGTCATCAGCGGCCTCAATGCCGACGATCGCGTGGTCGTTCGGGGAGCCTTCACGCTCAAGTCCGAGCTCGCGAAGGCGTCGCTTGTGGAAGATGAGTAGAGCCCCGAATGATTGATAAACTCATCGAGTGGGCAGTCCGCGCCCGCGTTCTGATCGTCATTGCCCTCGTCGCGCTCGTCGGTGCCGGAACGTGGGCCTTTCGGACGCTGCGCGTCGATGCATTTCCTGACCTGACCAACGTTCAGGTCGCCGTCCTTGCGGAGGCACCCGGTCTCTCGCCGATCGAAGTGGAGCGGCTCCTCACGTTTCCCATCGAAGTCGCGGTGAATGGCGTGGCGCGAGTGGAGCAGGTGCGCTCGATCTCGAAGTACGGATTCGCTCAGGTCACCGTCGTGTTCGAGGACGGCACCGACGTCTTCTTCGCTCGCTCGCTCGTGAATGAGCGCCTGCAGTCGATGCGCGATCAACTTCCTGAGGGGACAGAGGCGACGCTCGGGCCAATGGCTGGCGCGACGAGTGAGATCTATCTCTACACGCTCGAGGACACGCTGCATCCGAACGCAGCACGATCCGACAGTGCGCTGATGGCGCTCCGGACGCTGCACGACCGCGTCGTGCGGCCGCAACTCCGCAGCGTGCCTGGTGTCGTCGAGGTCAATACGTTTGGCGGATTGGTGCGCCAGGCGCAGGTCGTCGTCTCGCCCGACAAGCTCGCGGGTTACGGTCTCTCGATCGGTGACGTCGTGGAAGCCGTCGAGGCGAACAGCCAAGTGCCCGCCGGCGCGTATGTCGAGCATCAGACCGAGCAATACATCCTGCGCGGTCTTGGACAGGCCGCGAGCCTCGACGACATCCGTCAGTCCGTGATCCGATCCCAGGGCGGTGTCCCGGTCCTGGTCGGCGACGTGGCTGACGTGCGCTACGGGCCCGAGGTGCGTCAAGGCGCCGTGTCGCGCGACGGTGAAGGTGAGGTGATGAGTGGAATCGTGATGATGCTCCGCGGCGCCAATAGCCGGGAGGTCGTCCAGCGAGTCCGGGAGCGCGTTGCCGCGATCAACCAGTCGCTCCCGCCGGGTCTCGTGGTTGTGCCCTATTACGATCAGACGGACCTCGTGGAGGGCACGCTGACGACGGTCGAGCGCAACCTGCTCGAGGGCGGCTTTCTCGTGATCGCCGTGCTGCTGCTCTTTCTTGGGAACGTGCGCGCGGCGTTGCTCGTCGCCGCGACCATCCCACTCTCCTTGTTCTTTGCGTTTATCGGGATGCGGTGGCTGGGGCTCTCCGCCAACCTGATGAGCCTCGGCGCGATCGACTTCGGCATGATCGTGGACGGCGCTGTCGTGATGGCGGAAAACTTCGTCCGGCGGATGCAGGCAGATCCGGTGCGCAACACGCACCCGCACGAGGAGGCGGGCCCGTACCCAGCTGCGCCTCGCATTGACCGGGAGATGTCTCGCGAAGAGACAAACGCGCGAATCGTCGCCGCAGCGAAAGACGTCGGCCGACCGATCGTGTTCGGCGTACTCATCATCATGCTCGTGTATGTGCCGATCATGACTCTGCAGGGGCTCGAGGGGCGCATGTTCCAGCCGATGGCGATCACGGTAGCGATCGCCCTCTTCGGCAGTCTCCTGCTTGCGTTGATCGCAGTGCCGGCAGTGGCGACATGGCTGTTCCGGCGTGGCGCCCGAGAGGCGCAATATGCCGTGGTACTGGAGCACTGGATGGACCGCCGCTACGCGCAGTTGCTGCGAGCGACGATGCGTCGGCCGGCACTCGTCATCGGTGCGGCGGTGGCGCTCTTCGGCGCGAGCATGATGCTCGTGCCGCGCCTCGGCACCGAGTTCCTGCCCGAGCTGGATGAGGGGTCGATTCTGTTGCAGGCGACCAAAGACCCCAGCATCTCGCTGTCGCATGCGGGTGAAGTGCACCGCGCGATTGAACGCGTCGTGCGGCAGACGCCCGAGGTCACGACGGTCGTGAGCCGTATGGGACGCGCCGAGGTCGGTAGCGATCCAATGGGAACGAACCAGAGCGATGTATTCGTGATGCTCAAGCCGCGCCACGAGTGGCGGGAAGACGTCGAGAAGCAGGACCTCATCGAGGAGCTGGAGCAGAACCTCAATGAGCAAGTTCCGGGTGTCGGCTTCGGGTTCACGCAGCCGGTGAAGATGCGTCTCGATGAGCTGATTTCGGGCGTGCGCAGCGACCTCGCCGTGAAGGTCTTCGGTGACGATCCCGAGGTGAACCGGGAGACAGCGGAACGTGTCGCGGCGGCAATCCGAAAAGTATCGGGAACTGCCGAGGTCTCCGTCGAGACTACAACGGGTCAAGGGTACCTAGCGGTGCGCATGGACCGCGTCGCGATGGCGCGCTACGGGATTCCGGTCGAGGAGGTGCGTCAGGCGCTCGCGGTTGCGGTCGGCGCGCAACCGGTTGCACCGATCACGGATGGCCCTGCGGGCACGTATACGCTCGATGCGGTCGTGCTCGTGCCCCCGGGCTACCGCAATACTCCTGAAGGAATCGGCAGTATCACCGTGCCGTCGTCGTCAGGCGCGCGAGTGGCGCTGGCGGAGTTGGCCGATATCAGCATGGAGTCGGGCCCGGTGCAGATCAGTCGTGAGAGCGCGCAGCGCCTGGTCATCGTTCAAGCGAACGTCCGAGGGCGTGATCTGGGTGGCTACGTCGGTGACGTACAGGCCCAGATCGCAAATGACGTGAACGTCCCGCCGGGGGTGTTTCTGACCTACGGTGGGCAGTTTGAGAATCAGCAGCGCGCCATGGGACGCCTACGCTTCGTCGTTCCGGTATCGATCGCGCTTATCGCACTGCTCCTCTACGCGTCCCTCCAGAGCTGGACGCTCGCGGGTCTGGTGCTGGTGAATCTCCCGTTCGCTGCGGTGGGCGGCGTGTTCGCCCTCTGGCTGCGTGGTCTACACCTCAGCATCTCGGCATCAATCGGCTTCATCGCGCTCTTCGGCGTCGCTGTGCTCAACGGACTCGTACTGCTATCGACCGTCCAACGGCTGCGATCCGACGGCTCCGAAGGAGACGAAGCCGCCGTCGATGGCGCTCGGGCCCGGCTCCGGCCTGTGCTGATGACCGCGCTCGTCGCGTCGATCGGCTTCATACCTGTCGCAACATCTCACGGAACGGGAGCGGAGGTCCAGCGTCCTCTCGCAACAGTAGTGATCGGCGGGCTCATCACTTCGACGCTGTTGACACTGCTGGTCATACCCACGCTCTACGCGGCGATCGAACGACGGCGCGGACGGCAGGCGAGAGCGGCGCAAGTGTCTGTCGAAGCGGAATCACCAGTGGTTTAAGCTACGTGCTCTCGTGCTCGACGTGTTGTGTGCACCACCACGCGCCCTTCGGGGTGAGCGAGTTCATCCTGATCGCGAACGACCTTCGAATGTTGCGACACTCAGGCTGAAGCGACTCGTGCAAGACACGGCATCCGTTTACAGGCTCGGTCATTGCGGCCTGTTAAGGGAGATCCGGCGGACCCGTATCTTGAATAGAAGCGCGCCGATGACGATGAGTCTGCAGCTATATGTGGCAGCCCAGCTGGGCAGTCCGGTAATCGTCAGCACCGGAGGTCATAGGCTGAATTGCGGCGGCAACACCGATTGTGATACCGCGTCACACGCTCTGCCTAGGGCCAAAGGGCAATTGGCATCATCCCGCCGCCAGCTAACGAAGCTTGCTGCCGACGGCCACGGTATTGTAGCGCCCGCTACGCGGGCGCATTTTATGGAGTGTCCGCAGCAGAAGCAAACGTTAGCGTGACCTAACCGACTTCCGCGCGGCCGCTAG
NZ_CP130613.1_gap57	2451373	2452063	690	GAAGATGACCAAGATCTTCGCCGAAGACCTCGCCCAGCGCGTCGGCACCCGCGCCATCCACGCCGGCCAGCGCCCCGACCCGACCAGCGGCGCGATCATGCCGCCCATCTACCAGACCTCCACCTACGCGCAGGAAGCGCTGGGGGTCAACAAGGGCTACGAATACGCCCGCGGCAAGAATCCCACGCGCGAGGCGCTCGAGCGCAACGTCGCGGCCCTCGAGAACGCGCAACACGGCTTCGCCTTCTCGTCCGGCATGGGCTGCCTCACGAGCATCATGCTCATGCTCCGGGCCGGGGACCACATCATCGTCGGCAGCAACGTCTACGGCGGCACCTACCGCCAGATGGACAAGCTGTTCACGAACTTCGGCGTCGAGATCTCGTGGATCGACATGCGCGACGTGCAGAAGGTGCAGGACGCCGTGAAGAAGAACACGCGCGCGATCTTCATCGAGACGCCGACGAATCCGCTCATGCAGCTCGCGGACATCAAGGCCATCTCGGACATCGCGCACAAGGCCGGCGCGATCTCGATCGTCGACAACACCTTCGCCTCGCCTATCCTCCAAGCGCCACTCGCGCTCGGCGCCGATATCGTCTGGCACTCCAGCACGAAGTACCTCAACGGCCACTCGGATCTCCTCGGCGGCGTTGCGGTCACCAATTCCGACGAACTCGCGGCCAAGCT
NZ_CP130613.1_gap58	2460156	2461134	978	GCGAGCTCGACGAGCTCCGCGCTGGCCGCCCCATCGGCGATCGTCAGGATCGCCACGCAGGGCTTGAGGTCGAAGCGCCGCGGCCCGGCCGCGCCGGGGTTGATGACCAACCGCCCGTCGACGCGCTCGATCACCTGCTTGTGCGTGTGGCCGTACACGCACACGTCGGCTTCATAGGCCGCGGCGACTTGGGCTGGCCGCGGCCGGCCCAACTCGTGCCCGTGCTGCACGTGAATGCGCAGGCCGCCGATCTCGACGTCGAGCGCCTCGCGCAGCGAGGGATCCCAGGGGTCATCGCAGTTGCCGTACACGGCCTGCGTCGGCGCGATCAGCCCGAGCTCCACCAGGATCGTGTCGCTGCAGACGTCGCCGGCGTGCAGGATGCGGTCCACCCCGGCGAAGACCTCATGCACCTGCGGGCGGAGCAGGCCGTGCGTGTCGCTGATCAAGCCGACGCGGATCGGGGCGGTCACCATGCGCTCGGCGTGGTCGGCACGGGCACGTCAGTCGTTCGCGGACTCGCCCCAGCGCGGTGCGAGCGTATTCGGCACGCCGAGGTGATCCAACGCCCGCGCGACGATGAAATCCACCATCTCATCGATCGTCGTCGGCCGATTGTAGAACCCGGGCGCGGCCGGCATGACCGTTGCCCCGGCCATCGTCACGCGCCGCATGTTCTCCAGGTGGATCAGCGAGAGCGGCGTCTCCCGCGTCACCAGCAGCAGCGGCCGCCGTTCCTTGAGCGCGACGTCGGCAGCGCGCTCGACGAGCGAGCGCGAGGTCCCCGCGGCGATGCTCGCCAGCGTCCCCATCGAGCAGGGGCAGATGACCATGCCGCCCGCCAGCGACGAACCCGACGCCGGCGCCGCGCCGCGATCGCCATCGTCGAACACCGTCACGAGCCGATCGAAACGCTCCGCTCCGACCGCCGCACGCAGTCCCGCGAGATCGCCGACCTCGCTCTCCGTCCGGAGCAGC
NZ_CP130613.1_gap59	2502059	2503266	1207	GTAGTCGGGCTCGGTGAGGCCGAAGCAGCCGATGATCTCGCCCTTCGCCATCTTCGGCAGGTAGTGCTTCTTCTGCTCCTCGCTGCCGAAGGCATAGATCGGGTACATCACCAGCGAGCCCTGCACCGAGGCGAACGAGCGGATGCCCGAGTCGCCGCGCTCCAGCTCCTGGTTGATGAGCCCGTACATGACGTTGCTCAGCCCCGCGCAGCCGTACTCCTCCGGCAGGTTCGCGCCGAGGTAGCCGTTCGCGCCCATCTCGGCGATCAGCTCCTTCGGGAAGCGACCGTCCACGTAGCACTGCCCGATGATCGGCAGGACCTTCTCGTCGACGAAGGCGCGGACGGAGTCGCGGACGGCGCGCTCCTCTTCGGTCAGCGCGGCGTCGATGTTGAAGAGGTCGCCCTCGCGCGGCTTGAGCTGCGGCGAGGCGAGAAACGACTGGGTATCGAGATCGGAGGCCATCGGGTCGTGGGGAAAGAGACCCTGTAATCTAGCGAAAGCGGGTGCCGCGCGTCCCAGCGGCGCGGTAGCTTGCCTGTACAGCGTCCGACACCTCGCCTCACGCCCGCGTGCCGATGCCCCATAGTGTCTCCCTGATCTCGACCATCGCCGGCGCCTTCGTGCTGGCCCTGATCCTCGGCTACATCGCCGTGCGCCTGCGCATGCCGGCCCTCGTCGGGTATCTGGTCGCGGGTGTCGTGATGGGCCCGTTCACCCCCGGATTCACGGGCGACCTGGAGCTGATCCAGCAGCTCGCCGAGATCGGCGTCATGCTCCTCATGTTCGGCGTGGGGATGCACCTCTCGCTCGAGGACCTGCTCTCGGTACGCCGCATCGCGGTGCCCGGCGCGGTCCTGCAGATCGCCGTCGCGACCGGGATGGGGTACGCGGTGGCGCACTACTGGTGGGGCTGGGACGTCGGCGCGGGTCTGGTGTTCGGCCTCTCGCTGTCCGTCGCGTCCACCGTCGTGCTGCTCCGTGCCCTCGAGGCCCGCGGCTCGCTCGAGACGCTCACGGGACGCATCGCCGTGGGCTGGCTGGTGGTCGAGGACATCGCGATGGTCGTGGCCCTCGTGCTGCTGCCGCCGCTCGCCGCCGCGCTCACCGGCGACGGCACGCTGCCCGGCGAATCGCTGGGCAAGCAACTCGCGCTGACGCTGGGCAGCGTGGTGCTGTTCGTCGTCCTCATGTTCGTGGTCGGCCG
NZ_CP130613.1_gap60	2505173	2508494	3321	TTCGCGTCGGCGTCCCACACGCAGGCCCGCACGACGAATCGCGTCGGTTCGACCTCGATCTCCTGGAACGCCGCCGGCAGCCCGCCGCGCGTGCGCTCGCAGAAGCTCGTGCTGTGCGACACGACCATGCGCCGCCCCGTCAGTTCGATGGCCTCGATGCGCGTCTGGTGATCGTGCCCGTTCAGCACCAGGTCGGCGCCGGTCTGCAGCGCCTCGCCGATGCCGTCGGCCTTGTTCACGAGCCCCCAGCGCCGCGAGAGGTCCCCGCGCAGCAGGTTGTGGTGGAACACCAACACCTTGAGGTCACCGGCGGGCGCCGCGTCGAACGCGCGCTTGGCCTTGGCCCACTGCTCTGGGCGGATCGCGCCGACCACGGAGAGGTCGCGTGCCCGCGTCGTGATGGTGTACGTGCGCACGCCGTGGCAGGAGTTGAGCCCGACGATCGTCACGCCCGGCAGCTGCAGCGTCGGCTCCAGCTCGGCGTCGATCCACTTGCGGTATCCCGCAAGCAGCGGGGCCTCGACGCCGACACCGACCGGCTTCCACCACCACGCCACGTCGTGGTTGCCCGGCACGGTGAGGACAGGGGCGTGTGCACGCATGGCATCCAGCCACTGCTTCGCCGCGCGGAACTGCTCGCGGAAATTGCGCTGCGTCAGGTCTCCGGCCACGACGACGGCCGCATAGCGCCCCGCCGCGACGCGTCGGACCACCGCGTCCGTGTACTCGGCGACCGCATGGCGGCCGAAGTGCACATCGGAGACCTGCAGCAGCCGCATGCGAGCGTCAGCCCCGCGCGAGGCGGGCAATCACGGCATCGGTGTACTGCTCGGTGGTCGCCGAGCCACCGACGTCGCGCGTGACCGTCTTGCCCTCGCGCAGCACGGATTCGATGGCCGCGCGGATGCGATTCGCGCGTGCATCGTCACCGACGTGATCGAGCAGCTGGCAACCGGCGAGCATGACCGCCGTCGGATTCGCGATGCCCTGCCCCGCGATGTCCGGCGCGGTGCCATGCACGGCCTCGAAGATGCCGCAGTCGTAGCCGATGTTCGCGCCCGGGGTGAGGCCGAGGCCGCCGACGAGCCCGCTCGTGAGATCCGAGAGGATGTCCCCGAAGAGGTTCGTCGTGACGATCACGTCGTACTTGTCCGGGCGCATCACCAGCTCCATGGCGCAGGCGTCGACGATCTTGTCGTCGCTGGCCACGCGGCCCTCGTACTCCTTGGCCACCTGGCGCCCGACCTCGAGGAACAGGCCCTGCGAGTACTTGAGGATGTTCGCCTTGTGGACGATGGTGACCTTCTTGCGCCCGTGCTTGAGCGCGTACTCGAAGGCGTAGCGCACGATGCGCTCGGCGCCCACGCGCGAGATGATCGCCACCGACTGTGCCACCGCGTGCGGATCGCTGCCGATCTTCACGTAGTTCTCGACGCCCACGTAGAGGCCTTCCGTGTTCTCGCGCACGAGCACGACGTCGACGTTCTCGAAGCGGCTCTTCGGCAGGATGGTCTTGGCCGGCCGCAGGTTGGCGTAGAGGTCGAACTCCTTGCGCAGCGCGACGTTGATCGACCGGAAGCCCTTGCCGACCGGCGTCTCGAGCGGGCCCTTGAGGGCGAGCTTCGTGCGCTTGATGGACTCGAGCGTGGCCTCGGGAATCGGGTCGCCGTGTTCCTTCACGGCGGCCATGCCGGCGAGCTGGCGGTCCCAGGTGAACGACGCGCCCGCGGCCTCGAGGACCCGCACGGTGGCGTCGGTGATGGCGGGGCCGATGCCGTCCCCGGGGATGAGCGTGACGTCGAGCTTCTTGGACATGGTTCTCGGGGGGAGTGTTACGGGTCTACAACGAGATCGGCGAGCCGCGCGGCGAGCCCGGCGGCGGCTTCCTCGCGGCCCGCCGCGATGAGGTCGGCAGCCCAAACGACCGTGCGCGCACGGGTATCGGTGATGACGAGCCGCAGCACGGCCTCGTCGCCGTGCCCACGCAGCTCGACGGGAATGAGCGCAAATCGCGTGTCGCCCAGCGCCGTCACCGTGCGGAGGTTGTCCGCCACGAGAGCTGGCACCGCATCACCGACTTCCGGCAACGTACGGCGCCAGGCCCCGGCGCCGAGCGCGGTGGGATCGGCGCGGAGCGTCGGATTGCGACGGGCACTGCGCACGACGTCGCCGGCGAAGGCCCAGCGCGTGGCCATTCCGCGCGAACGGAACTCGCGGGCGATGGCGCTGTCGAGCTGCGCCCGCAGCTGCCCGCCGTCAGCGCTCAGGCTCCATCCCGTGCTGTCGGATCGCCAGAACTGCACCGGCGTGACCGCCATCCGCTCCGACGCGAACGCCGCCAAGGGACGGGCGCCGGGCGCGACCCCCTGCGCAGCCAGCAGAACCGGCGTCGCGAGCAGCGCGAGAGAGGCGAGGAAACGCATCCATGCAATCTAATCGCGTACCCCGGATGCTCCCACCCGCTGGGCCGCACGAGGCCGTCGCGGCGCGATCGCGCGACGCCCTTCCGCCAGACCGAGGGAATCGCGTAGGATTGGCCAGCGACAGACAGGCGCCGTGCCCCACGCGGCCGCCATTCGGGACCTCCCCCTCTTCCCCTCCCCGATGCCCCGCTGGCTCTCCGCCCTCGTCTGGGCCGCCGTCTCGATCGTCGGCGCTTCCGCGTTCGCCTACCTCGGCCTTCGCCGCGGCGAGACCATCTCCGCCGCCTGGCTAATCACGGCCGCCGTCTGCACGTACGCCGTCGGATATCGCTTCTACTCGAAGATCATTGCCGCCAAGATCTTCGCGCTCGATGCCACGCGCGCGACGCCCGCCGAGCGCCTGGCCGACGGCCGCGACTACGTGCCGACGAACAAGTGGGTGGTGTTCGGCCACCACTTCGCGGCCATCGCGGGCCCCGGCCCGCTCGTCGGACCGACGCTGGCCGCGCAGTTCGGCTTCCTGCCCGGCGCGCTGTGGATCATCGTCGGCGTGGCGATCGGCGGCGCGGTGCAGGACTTCGTCATCCTCTGCGCCTCGGTGCGTCGCGACGGCAAGTCGCTCGGTCAGATGGCCAAGGAAGAGATCGGCCCCATCGCCGGCTACACCGCACTGGTCGCGGTGATGGGCATCATGATCATCCTGATCTCGGTGCTCGCGCTCGTGGTCGTGAACGCGCTGCGCGACTCCGCGTGGGCGACCGTGACCGTCGGACTCACGATCCCCATCGCGATGCTGATGGGCGTGTACATGCGCTACCTGCGGCCGGGCGCGGTGCTCGAGACGTCGCTCATCGGCCTCGTGCTGCTCGCCGTCTCGCTGTATGTGGGTCGCTGGGCC
NZ_CP130613.1_gap61	2512660	2515621	2961	CGGCAGCGCGGCGATGCCCACGGCTGCATTGAACCATCCGAATGCCGCACCGCGCCGCGCAGGGGGCGCGAGATCCGCCACCAGCGCCTTCTCCGTGCCTTCGCTCAAGCCGAAGTACAGACCGTACACCACGAACAGCGCCCAGGCGTGCCACTGCACCGAGGCGACCGCGAAGCCGAGGTACACGAACGCGTAGATGCCCCAGCCGCTCAGGATGAGCGGACGTCGGCCGAATCGGTCGGACAGGGCGCCGCCGACGAACGAGCTCGAGGACTTCACCACGTGCAGCGCCGCCCAGAGAATGGGGATCATCGCCTGCGGCACGCCGAGCTGCGAGGCACGAAGCAGCAAGAAAGCATCCGTGGAGAGGCTCAGCGTGAACAGGAAGATCACGGCCAGCATCTTCCAGAACGCGGCGCCCAGCGGTTCGTCGCTTTCGCGGTGCAAGGCCGGCACCGGCGGGCCATTCACGTCCGTCCCTTGTTTCACGCTCGCGGCCGCCACCACGCGCGGCGTCGTCAGGCTTCGCGGCGCCTCTCGCACGAAGAGCACGAGGAATAGCACCGACAGCAATCCGGGCACCGCCGTCCAGAAGAAGAGCGTGCGCAAGTCCGCCCACTGGTACGTTAGCGCCGCCCACGCGATCAACGGGCCGAACACCGCGCCGAGGTTGTCCGACCCGCGGTGCACCCCGTAGGCGTATCCGCGCTGCCCGACCGCCACCGAGTCCGCGATCAGCGCATCCCGCGGCGCCGTGCGGATGCCCTTGCCGAACCGATCGCTCATGCGAATCGCCAAGACTTGGCCCGCGCCTTGGGCGAAGCCGATGAGCGGACGGGAGAGTGCCGCGATCGTGTAGCCGATGACCACCAGCGGCTTCCGCCGCCGCGTCCGGTCACTCCACCATCCCGCCGGGAGCCGCAGCAACGACGACACGCTCTCGGCGAACCCTTCGATCACGCCAAGTCCTGCGGCGCTGACGCCCAGCGTCGTCGTGAGGAACACCGGCAGCAGCGGATACACTAACTCGCTGGCTACATCGGTGAGGAAGCTCACCGCAGCCAGGATCTTGACGTTGCGGGGGAGCTTCACGTCAGCCATCGGACGCCCGCCGACGGCTGCAGCCGCAACCATTCGCTCTTCGCCGCGCGCGCCGGATGGCTGCTCGCGTACAGCGCGCGCCAGCGGTCCCGCACCGCATCGGCGTCGGCGGCGTCGCAGATGGCCCACACTGCCCCGCCGAATCCTGCGCCGAAGGCGGACGCCGCATGCGCGCCGGCGCTGAGCGCGGCCCGCGCGAGGAACATGGTCTCGGAAATCTGATTGCGGAGCGCCAGCTCCGCCCCCTGCTGTGACTCCACGGCCCAGCGCCGCAACGCGCTCGCATCGCCGTTCCGCATGGCCGCGAGCGCTCCGGGCACGACGACGTCCACCTCGCGCTGGAACTGCGTGAGTCTCACCGAAAGCAGCGGCGCATCGCTCGAGGCCTGCACGAGGCGATCCAGCCGCGCCCGCGCATCGGGGGCTGACGACAGCGCGGCGGCCAGCGACCGGTCGTGGCGGCGCTCTACGGCATTCCAGCGTGTCAGGAGGCCATGCACGAGATCCGCCGCGCGGTTGTAGTCCGCCTGCGCCGCACCCGTCTTGGTCGCGCGCACCCCGCTGGTCGCGACGAGCAACGCCCAGTGCCTGGGGAACGCCGCGTCGCCCACGGCCCGCGCCGGCAGGTAGCCGTACACGCCGACGCGGCCGTCCGCGTTGCAGAGGATCGCCACGTGGTCCTGCGCGCCGCCTCGCGTGCCGACGCCGCGTTCACCGCTCCACGGACCGAACGCCCCGCCGGTCTCCACCGCACCGCAATACTCCGCCAGCGCCAGCGGCTCGCCGAGATACCGCGTCCAGTCCGGTCGCGAGGTGAGCTCGTTCGCCTCGGCCACGGCGAGCGTCAGCATCGTCACGAAGGCGGACGAGCTCGAAAGCCCCGCCGAGCGCGGTAGCGTGCTCTCGGAGACCACGCGCACGCCGTGCCGCAGCGGCCCGAAGTCCCGCGCCAGCCGTCGGGCGACGGCGGCGATGTACGTGCCGCCGTGCGCGCCGCCGGGGCGGGCGTCGCGGCGCAGCGGCACGCGCGCGCGACGGCCCGTACGCCGGTCCTCGAGGTCGATCACCGCCACGTCGATCCGCTCGACGTCGGCGGTGATGCCTTCCTCGATGGCACAGGTCATCGAGATCCCGCCGCCGTAGTCCACGTGCTTGCCGAAGAGCTCGATGCGGCCCGGCACGAAGAGCTGCCGATTCACGGCTTCGGCACGCGGCCGGCCAACCGCGCCTCAAGCGTCGCGATGTCCCGACGATGCGTGAGGTCGAACACCGCCTCGGCGCGGCGATGCACGGCGAAGCGCTCGCCGCGCCGCATCGCCTCGCGCACGGCGTCGGCCAGCTCCAGCTCACCGCGCGGCGACGGTGATATCGCCGTGCAGGCGTCGAAGATCGTGTCGCGGAAACGCCAGAGGTTCATCGAGACCCAGCGTGGCGTGGCCTTGAGCAGCGGGTGACCCTGCTCGGGCTTCTCGACGATGTCACGTAGCATGTCGTCGTCGCCGATGTCGAGGAGCGCGAATCGCGACACGCGCTCCGCCTCGATGCCGCTGTCACGCACGAGAGCGTCCGCGTCGTACGCGATCACTCCGGGGCCGCGCGCGTCCACCAACGCCTCGATCGCTGGCGCTGCATACAGGTTGTCCGCGTTGCACATGAGGAAGTGCCGACGGCCGCCGGTATCCGAGGGCGCACCAAGCGCGGCGCAGACGGCCTCACGCGCCGAGAGCAGGGCCTGTGCGGTGCCGCGCGGCTCCTCTTGCACCGCGAAGCGCACCCGGAGGCGCGCTGGCGGGTGTTCGACATCGTACCGCGTGCGCAGCGGGGAGTCTCCCGGCGGGACCACGAGCACGACATCGCGCA
NZ_CP130613.1_gap62	2521204	2522207	1003	ATGATGCGCTCGTCCACCGTCAGGTGCGGCACCACCGTCTTGCCGATCGCCGCGCTGAGCGCCTTGGTCAGCGACTCCGTCGCCGCGGCATCGTAGGCCCGCGCCACGGTCACGCGCGCATGCACGCGGCCTTCCGCGGCGTCGAGCAGGTCGTGGTACTCGGTGGCAATCGCCGGAATCAGCATCTGGCGACGGTTGTGCACCAGCTTCTGCACGAACAGCACGAACGCACGCGGCGCCTTGTCGGCCAGCGCCTTGCCCAGCACGGCGCTCTTCTGCGCCGCGCTGATCTGCGGCGCCTCGAGGAAGTGCTGGAGGTTCGCGTCGCCGCTCACCGCGTCGCCCAGCGCGCTGATGAGGGCGCCAAAGCCCGCGGTTTCCTTGGCCTTGCCGGCCAGCGCCAGCAGGGCCTCGGCGTAGTTGCGGGCGATCGAGGTCTCGCGCATTTACTTCTTCCCGAGCGAGGCGAGGTACTGCTCGACCATCTGGCGGTCCGTCGCGCCGTCGAGCTTCTGCCCGATGAGCTTGCCGGCGCCGGCCAGCGCGAGGTCCACGGCTTCGCGGCGGAGCTCGTCGATGGCCTTGGCCTTCTCCGACTCGATCTCCTTGCGCGCGCGCTCGAGCAGTTCGGCCTGCTGCTGTCGCGTCTGTTCGAGCATCTCCGAGCGCATCGACTCGGCCGTCGCGCGGCCGTCGGCGATGTAGCGCTGCGCCTCGTTGCGCGCCGCTTCGATGGCGGCCTTCTGCTCGGCGACGAGCTTGGCGGCCTCGTTGCGGTCACGCTCGGCCGACGCGATCGCGTCGAGCAGCGCCTGCTCGCGACCCTGCACGGCCGCGAGGATCGGACCCCACGCGAACTTGCGGAGGAGGAAGAACGTCGCAAAGAAGACGACGATCGTCCAGGTGATGAGGCCGTAGTGCGGGTCGAGGAGGCTGACCTTGCCGCCCTCGGCCGCGGCGAACGCCGGCGAGGCAGTGAGGAGGAGCAGGGCAACGGCAGTGA
NZ_CP130613.1_gap63	2530371	2532329	1958	CCTGCATTCGGAGCCATGGCGCGCGCTGCAGTCCCGTCCGACCATGTCGTGGTCCGCGTCCTCGGGGCGACCGAGTTCACCGTGGGCACGCGCCGGATCGGCATGGGCACCGAGGCGCTCTTCGCGCTCGGTCTCTACCTCACGACCCGCGCCGGCGACCGTGTGTCCCGGGAGGACGTCCTCGACACCTTCTGGCCCGGTGGCGACGAGGATGCGCGGCGCCATGCCATGCGGCAGATGCTGTATCGGCTGCGGCAGAAGGGGATGGCCTTCCTCGAGGACGGCGACATCCTCACCCTCGATCCCGCCAAGGTCGACAGCGACTTGCGCCACTGTCTCGCGGCCGGGTGGCCCGAGAGCGCCACCGCGCAGGAGGTCGAGGGCGCGCTGACATTCGGCCCGACGTTCAGTTCGCGCCTGCCGCGCGCATTCCTCGACTGGTGCGACGGCATCCGCAGCGAGGTCAGCCACCAGGCGCGCAAGGCCGCCATGCAGCTGATTGCGAGCGCCCGGTCGCAGGGCCGCTGGGCGGATCTCGACCGTTGGGCCAAGGCCGTGTTGCAGACCGATCCGCTGCACGAGGAAGCCACGCTCGCGCGCGCCGAGGCCGCGTCGATGTCAGGCGCGAAGACGCTCGCGCTCGAGATCCTCGACGGCTATCTCGCCGAGGTCGGGACCGGGGACGGATCGGTCGGGAAGCCCGCGCTCCAGCTGCGGAAGCGGATTGCCGAGCGACGGGCGAGCTGGGTTCCGACCGGGCCGCGCGAGGTGCCGTTGGTGGGCCGCGAGGAGGAGATGTCGGCGCTGACGCAGGCGGTGGAGTCCGCGTTGCTGGGGCGGAGTCGGTCGGTGCTGCTGGTGGGGCCGTCTGGGTACGGGAAGTCGCGGTTGCTGGCGGAGGCGCGGGAGTATGCGGCGCTGCGGGGGGTACGGTGTGTGGCGGTGCGGGCGGAGGCGACTTTGGCTTCGCATCCGTGGGCGGCTGTTCGAGATCTCTGCCGACTTCTCGTCGAACTACCAGGGGCCGCTGCGATTGACCCTAGAGCGATGTCCGTTGTGAGGTCCATGCTCAGGGAAGACGCAGTCCAAGAAGGTGACATGAGCTTCGGGCCTGCGACTACCGCAGAGGACATTCGAGCATCGCTAGTGGCCCTGACGAACGCAATAAGTCATGAGACACCCTTGCTGGTCACTCTCGATGACCTACAGAACGCAGATCCGCGGTCAGTCGCCACTATGTACTCGCTGCTCATTGATGTTCAGTCGGGTCGGTGCAGCTGCTTGGCAGCCACGCATCCAGCCGCGCACCATCTGACGGAGCGATCTGACGGCCGACGCGGCTCCCAAATTGTGCGATTGACGCCACTCAAGGCTCAGGCATCCCGGCAGCTCGCTGCTTCAACCGCGAATGCGCACGGCAATGCGCTATCCGACAAGGTCCTAGATCACCTTGCTCGCAGATCTGGCGGACACCCACTGTTTGCAAGAGAACTAGCGCTGTCATTCGCACGTGGTGAGCCTCTTGATTCGCTTCCGGCGACTTTGGCGGATGTAGTGGCAAGAAACCTGTCCACCCAGTCTCCCGATGCAGTTCGAGTGCTCCGCGTAGTCGCCCTCCTATCGAGCGCCGCCACCGTCGGGCGCGTGCAGTCTGCGTCCAGGCAGGATCGCCGCGTCTTCCTTTCACTAGTTGATTCGCTTTCCCAAGAGGGAATTCTGCACCTAGACCCGTCTCGCGTACTACGGCTTCACGACAGTTGGCGCGACTCAATTCTATCCGGCACCCCCGAGACGGTATCCGCCACACTGGCCTTGGAGTGTGCTGGCGTCCTCGAGGCGGAGGAGGACGCGGATGCAGTTACTACTCACGGATGCCTTGCGGACCTCTATCGCGTGGCTGGGGACATCAACCGCGCGACCCACTTCAGACTCCGAAGCATTGACTCACTGATCTCCGC
NZ_CP130613.1_gap64	2537560	2538769	1209	CTCGGCTCCGCCCTCCCGGATCGCCGCCGGAATGTCGGCGATGCCGATCTCGCGGCCCGTGGCCAGCACGACCATCGATTCGATCAGGTTCCGCAGCTCACGGACGTTGCCGGGCCACGCATAGTTGGCCAGCGCCCGCATCGCCTCCGCGGAGATGCCGTGGAACTCTCGCCCGTGCTGCTGCGCAAACTCCTGCACGAAGCGCCGCACGAGCAAGGGAATGTCCTCGCGCCGCTCCCGCAGCGGGGGCAGGTAGATCCGCAGCACGTTGAGCCGATAGAACAAGTCGGAGCGGAACCCGCCCATCGCCACCGACTCGCGCAGCGGACGGTTCGTCGCCGCGACGACGCGTACATCCACCGGGATCACCTGCGTGCCGCCGACGCGCGTGACCTCTCGCTCCTCCAGGACGCGCAGCAACTTCACCTGCACGCTCTGCGGCACCTCGCCGATCTCGTCGAGGAACAGCGTGCCGCCGTCGGCGAGCTCGAAGCGCCCGATGCGACGCTCCGCCGCGCCCGTGAACGAGCCTTTCTCGTGGCCGAACAGCTCGCTCTCCAGCAGCGTTTCGGGCAGCGCGCCGACGTTCACCGCGATGAACGGCTTGCTGCGCCGCGGCGACATCTTATGGATGGCCCGCGCGACCAACTCCTTGCCCGTGCCGCTCTCGCCTTCGATGAGCACCGTGCTCGACACGGGCGCCATCTGGCGGATCGCCTCGAGCACCTGCCGCACGGCATCGCTCTCGCCCCAGAGGCCCGTCTCGCGCGTGATGCGGGCGCGCTCGAGCAGCTCCTCGACGCTCTGCCGCAGCGCCTCCGGCGTCACCGGCTTGGTGAGGACATCGGCGAAGCCGACCGTCTTGAGTTTCTGGTCGAGCTGCGGGTCACCGATGTCCGCGAGCCCGAGCACCGCCGCCCCACCCCACATCTGCTCGCGCGCGATCGCGAGCGTCTGCGGGTCGAGCAGGCTGCCGGTGAACACGATCACCTCGGGCCGCGCCTTCCGCACCTCGCTGGGGAGGTCATCCAGCGGTGAGACCAGCCAGGTCTTGACGTCATCCGCCTCGAGCAGTGCGTTGAGGCGGACGGCGGGCTCGACGTCGGCGAGGGTGATCAGGACGCTCATGTCAGCGCTTGACCGTGCCGTGCTTCCAGAACGGGAACGCGGTGATCGTGCCGACCACGCGCTTGCCGCGGATCTCCACCT
NZ_CP130613.1_gap65	2576498	2579966	3468	ACGCGCACCTCGCGGAGCATCGCCCAGCCGCGCACGCCCGACCCCATGAGCAGCTCCCGCGGCCACGCGGGCTGCGCGGAATCGGGCGCAACGAGCACGCGGTAGTAGCCGTTGGGCAACGCCACCTGATCCACGACGGCGACGCGGCCGCCAAAGGTGCCGAGCGAGGCGTTGGGCCAGCCGCTGAACTGCAGCGCCGGCCAGCCCGCAAACTCCAGCCGCACCTCGTCACCGACGCGAATCAGCGGCACGTCGCGCGCGTTCACCTGCAGCGCCACCGCGAGTTCGGGGTTCGCGGCCTGCACGGTCGCGACCGCTTCGCCGTCCTTCACGACTTCGCCGATGCCCGCCCGCAACGCCCGCACGACGATGCCGTCGCGCGGGGCGCGCACCATCAGGAGGTCCTGGCGCTCGGACATGTTCGCCTCACCCGTCGCGAGCTTGGCGATCTCGGCGATGCCGTCCGCCACCTCGGCCAACGTCGCGCGGCGATCGCTCTCCACCTTGGCGATCTTCTCGGCATAGTCGGCATCGACCGCCGACCGTTCGGCGCGCACCGTGAGCAACGCGGCGCGCTGCTCGATGGCCAGCGCCGCCGCACGCTGCTGCCGCTGACGGGCCATCTCCAGCTCCGCGCGCGACCGCAAGCCCTCGCGCTCCAGCTGCTGGATGCGCTCGGCCTGCACGGTCGCGATCGAGTCCTCGAGCTGCGCCGCCGCCAGCGACGCCGTGATCTGCTGGATGCGGTTGTCCGCGCGGATGCGGGCCAGCGTGCGCAACGAGTCCAGCGCGATGGCCTGGTCGGCGAGGGCGGCGGCCTTGGCCCGCTTCTCCTCGACGGAGCGCCGCTTGGCCGCCACCTGCTCGCCGAGCCGGTCGAGCGTGAGCGGATCGAGATACTCCTGCTTCACCTCGGCGAGGGCGACGATCGGATCGCCCACCTTCACCGAGTCGCCTTCCTGCACGTACCACTCGCTGATGCGCCCACCGATGGCCGCGACGGCCTCCTGCGGACGGTCGGCCGGCTGCAGTGCCGTCACCTCGCCCGCGCCCGCGACGTTCTGCTGCCACGGCAGGAACGCGACGATGAGCATGATGCCGAGCACGCCGCCGATCCACATCAGCAGCGTGCGCAGCGAGGGCTGGCGCGCGAGCAAGCGCACGCTCTCGAGCGAGGCGTCGCGGCGGTCGAGGAGGTCAGAGGTGGTGGCCATCAGGCGACGCTCCGGCTGCTGGGCACGAGCTCGCGCACGAAGATGTCGCTCGCGAGGTCCTTCCAGGGCTTGGCCGCATGCGTCACGCCATCGCGAAGCACCAACACCGTTTCCACCGAGGCGAAGACCTCGGGATCGTGCGACACGATGAACAGCGTCCACGGGGCGTTCGGTCCCGTCAGCACCTGGATGAGTTCGTGGCGCGCCGCCGGCTCAACCGTCGCGAGCACCTCGTCGAGGACGATGAGCCGCGGGCGCGCCACGATGGCGCGCGCAATGAGCAGGCGCACGCGCAGGGTGGACGGCAGCCCGCGCCCGCCGCTCGCCAACGGCGTGCGCAGCCCCAGCGCCAAGGCCTGGACGTCATCGGCCGCGCCGACCGCTTCGAGCGCGCGCATCACATCGGCCGTGCTGATGCCCGCACGCCCCAGCGACACGTTCTCCTCGACCGAACCTTCGAACACCTCGCCCGGGCCGAGCACGAGCCCGATGCGGTCGCGTAGCGTCGCCGGATCGACATCGCGGAGCGTGATGCCACCGACCTGCACGACGCCGCCGTAGTGCGGCAGCAAGCCGGCCACGATGCCGAGGACCGTGGACGATCCCGCACCGTCCGAGCCGGTGATCGCCACCTTGCCACCCGGGCGCACGTCGAGCGAGATGCCCGACAGCGCCGGCCGGTTGGCCGCGGGATAGCTGTACGAGACATCCTGCAGCTTCACGGCGATGCCCGTGCCGTCGTCCGGCAGGGTAAGTCCGCCCACCGGCTCCAGCGGCAGATCCGTCACGCCGCCGAGCTTGTAGACCGCGGTGAGCAGGTCGTAGACCTCGTCGAGCGAGTCGACGAGCTTCTCGACGCCCGCCAGCACCGTCACCACCACCAACTCGGCCGCCACGAACTGGCCCAGCGTGATCTGGCCCTGGATCACCAGCACGCTGCCGATGATCAGCAGCGAGCCGGTGATGAGCGCCTTGAGGCCCACGGCCGAGAGTGCCTGCCACACCAGCACCTTGAAATGCTTCTGGCGGTACTTGAGGTAGCCGCTCACGTGCTCGTCCATGCGGGCCAGCGCCGGCGTCGCGCGGCCGGCCGCCTTGAACGAGGCCACCGTGCGCGCCAACTCCTCGAGCCAGTGCACGGCGCGGTACTTGAACTTGCTCTCCATGAGGCTCGTCTCGAGCCCCTTGGGATACGTCAGTTTCAGCACGCCCCAGAGCAGCACCACCATGCCGATCCAGAAGAACGTGAAGTAGTAGTGGTAGAACGTGAGCAACAGCAGGCCGAAGAGCACCTGCAGCAGCGCCGTCGTCGCGCCGGTGAGCAGCTTGCCCAACGACTTCTGGATGGTCACCACTTCGAAGAAGCGGTTCATGCGCTCCGGCAAGTCGTCCTTGAGCCACTGCTCCACACTCACGCGCGGCACGCGCAGCGAGAACTCCAGCGCGATGCGGGCGAAGATGCGCTGCTGGATGCGCTCGACCGCGCTCAGCTGCAGCACTTGCAGCACGCCGGTCGCCGCGGTGCCGAGGATGACGAAGGCGATGAGGATGACGATCGGCTGCAGGAACAGGCCGCCCGACACGAGCCCGATGATCGCCTGCACGCCGAGCGGCAGCGTGAGCGAGAACAGGCCGACCAGCGTGGCGTAGGCGTAGACCAGGCCGATGTTCCCCTTCTCGAGGACCAGCAGCTCCCAGAGGCGCTCCATCGGCGTGCGGTCCGCGGCATCGGCGCTGGGGCCCAGCACCGCTTCCGGCAACACCTTGGCGGGGAACAGCACGCCGACAACGCCGCTGCTGCCGGCAAGCCGCTCGAACAGGGCATCCCAGCCGAAGCGCTCCTGCTCACCGATCCCATCGGTCGTGAGGATCCGGGCAATCGCGACGTCACCGTCGACGGCATCGACCACGGCACCGCAGACGCCGCTCGTCGGCTGCTGCGCCACGATGGCCAGCGGCGCGGTGACGTCACGCATCGCGGAGCGGAACTCCGCCGCCGCGTACGATTGGCGGAGGAACGCGACGCCGCAGCGCCGGCCACTCTCCACGATGGCCTCGGCGAGGTCTGCGGCGCTCTCTTCCGGGAGGTGCAGGCGACGGAGATCCTCGCGCCAGGCGGCACCGGGATCGTCGAGCCCAAGACGCTGGGCGATGTGCTGTGTCAGGCGCACAGCGCGCGGAAGGGTCCTCATGACGTCGTCGGCATTTCAGGGACTAAAAATGTCGGTCTTGCAATTTGTTCCCATGGCACGGC
NZ_CP130613.1_gap66	2639217	2642359	3142	GTCGTGGCATCACCGGACAAGCTAGGGCGCCCGGATGAACGCACGATGAACGCCGCGGTGGAGCGCCCGACCGCCCTAGCGCGCGGGTTCGAACACCCCGCGCTCACGGTTCTTGCGCACGTTGTCCCACGGGAACACGCGCCCGTTCATCGCCACGTACACGCCAGGCGGCAGCACCTGTGCGAAGCTCAGCGCGGAGCCGAGGTTGAAGAGGCCGTCCGACGAGCCGAAGGCATAGGGAATCATCGCGCCGGTGAGCACGATCGTCTTGTCGAGGTCGGCCGCGGCCAGCGCGCGGGCCGAGTCGACCATGGTGTCCGTGCCGTGCGTGACCACGAGCCGCGGCTCGGCGCTGGCGCGCGCCGCCGCCACGATGCGCGCCCGGTCGTCGTCGGTGAGATCGAGCGAATCCTTCAGCATCAGGACCTCGCTCACCAACGGGACGAGGCAGCGACCGCGCCGCAGCACGTCCTCGACGTGCGAGCTCCCGAACGACAGGGTGCCGTGGATCTCGTCGTACTGCTTGTCGAAAGTGCCGCCGGTAACGAGGAGGCGGATGGTGGGGGGCGTCATGGCTGAAAGGTAGGCTGTGCGGTCATGCGCGCGGGAAGCGCACGGTGATTCGCGTACCGGTCGGGATGTTCGCGTCGAACGCGATTTGCGCGCCGTGCCGGTCGGCGATGGCGCGGGCAATGGGGAGGCCGAGCCCCGATCCGTCGGGTGCGCGCTGCCGTGCGGCAGCACCGCGGAAGAACCGCTCGAAGAGCCGCGCCCGCTCGTGGTCTGGGATTCCGATGCCGCTGTCTTCGACGACGAGGAGGGCGCCCGCGCGTTCGGCCCGCACCGCCACGCGCACCGTGCCGCCGGCCGGCGTGTAGCGGATGGCGTTGTCGACGAAGATGCCGACCATGCGCGCGAGGGCCGCCGCGTCCATGCGCACCGGCGCCTCATCGGCTACATCGATCTCCAAGCGCAGGTCGTGGCGCTTGGCCACGGCGTCGAAGCGGCCCGCGACGTCCGCGACGACATCATCGAGGAAGCCGGGCTGCAGGCCCGCCGCCTCGCGGCCCGCATCGCTGCGCGCGAGTTCGAGCAGCTCGTCAACCAAGCGCGACATCACTTCCAGCTCCTGCTGTGTCCGCTGCAGCGCGCTGCGGTCATCGGCGCCTTCGGGCAGCGACAGCGCGAGATCGCCAGCGCCGCGCGCGCGCGCGATGGGTGTGCGCAGCTCGTGCGCGGCGTCGGCGAGGAAACGGCGCTGCGTCGCCATCGCCTGATCGAGGCGGTCCAACAGGGCATTGAACCGCAGGCCGAGGCGGCCGAGCTCGTCGTCCGCCGCGGCGATCGGCAGGCGGCCCGAGGTATCGGCCGTGATGCGGTCGGCCGCCTCGGCCATTGCCGCCACGGGGCGCAGGGTGCGGCCGGTGAGCACCCAGCCGAGTACGACGGCGAAGAGCACGGCCAGTGGAATGGCAAGCAGCGCGCCGCGGTCCACGGCGGCGAGCTGGCGCGTGAGCGGCGCGGCAGACGACGTGAGGCGCACCTCCCAGCCGGGCGCGAGCTCGGGGTCCAGCGGACGCACGATCTCGCGCAGCGGCGGCTCGAGCACCGGCAGCGGCATGACGTGGATCTCCGGCGGCGGTGCGTAGTCGCTGCCGTCGGGTCGCACGAAATGGATGTGACGATCGGGAATCGCCAGCTCGCCGACGATGTGCCCGATGGTCCCCTCGACGACGCGGTACTCCAGCACCTCGGCGCGGAAGAATCCGCGGACGAGTACGGCGGCCGCCTCCTGCGAGCGGGCGTACTCGCCCTCGATCGACTGCCGCAGGTAGCTGCGCGCCGTCCACGTGCCGGCAAGCAGGATGAGGAGCACGGACCCGGCGTACCACAGCGTGAGGCGGGCGCGGATGGACTGCGGCATCAGCGCGACGCCTCGCGTTCCGGCGCAGGCGCGGGGGACGCCAATCGGTATCCGGCGCCGCGCATCGTCTCGAGCATCGCGGGTTCGCCCGGCATGTCGATCTTCTTGCGCAGCCGGCCGATGTACACGTCGATGACGTTGCTGAACGGATCGTAGTTGTCGTCCCAGGCATGCTGGCTGATGTGCTCGCGGGTGAGCACCTGCCCCGGGTGGCGCATGAGCACCTCGAGCACCGCGTACTCCTTGGCGGTGAGGGCGATCGCACGCGGGCCGCGGCGGGCACTGCGATTGCCGGTATCGAGCGCCAGGGCGCCGACGTGCAGCACCGGCGGCAAAGCGTCTGCGGGACGGCGCAGCAGGGCCCGCAGCCGCGCCACGAGTTCGCCCAGCGCGTAGGGCTTCACGAGATAGTCGTCGGCCCCGATATCGAGCCCGGCGATGCGCGCCTCGACCGCGTCGCGCGCCGTGGCCATCAGGATGCGCAGCGAGGGATGGGCGCGACGCAGGCGCCGGCAGACCTCGAGGCCGTCGAGGTCGGGGAGTCCGAGGTCGAGCACCAGGGCATCGTAGGGATTCAGTGCCGCAAGCTCGAGCGCCGCGCGACCGCTGGCGGCGTGGTCCACGGCGAAGCCGTGGTTGCGCAGGAACTGGCCGGCCGTGGCGGCCATCCGGGCATCGTCTTCGACGAGGAGGAGGCGCATCGTCCCCGGAATCTACGCCGAACCGCGCGCGGGGATTGGCGCGGGCGCGCGCAACGCGCAAGTTCAGCATCGGTGACCATGTCCTCGCCCGCCGCCAGCCTCCCCCCCAAGCTCGCCCTCGTCCTCGGCGGCGGCGGGCTCAAGGGCTTTGCGCACATCGGCGTGCTCAAGGCCTTCGAGGAGCGCGGCATCCAGCCGACGGTGGTCGCGGGCACGAGCATCGGCTCGCTGATCGCCGCGGCCTACGTGGGCGGCATGCCCATCCGCGAGATGGTGCGGCGCGCCAAGGCGCTCACCAAGCAGGACCTGTTCCGCATCAATCACGTGGGCATGGTGACGAAGCGGATGCTCTCGCCGTCGCTGTATCTCGCGCGGCCGCTGGAGAAGCTCATCGAGGAAATCGTCCCCGCCGGGACCTTCCGGGAGCTCCCGCGCCGATTGCTGGTGAATACGGTGGACCTCGAGAGTGCGGCACAGGTGCTGTTCGGGCTCCCCGGCCTCGAAGACGTGTCCGTCC
NZ_CP130613.1_gap67	2716147	2720958	4811	CTACACGCCGCCGATCGACGGCACGTTGTTGCCGGGCATCACCCGCAGCTCGGTCCTGGCGATCGCCGAGGACCTGGGGCTCAAGCACGTGGTCCAGCCGCTCGCGCGCGAAGTGCTGTACACCTGCGATGAACTGTTCGTCTGCGGCACGGCGAGCGAGATCACGCCCGTGAGGAGCGTGGACCGCCTCCCGGTCGGCGATGGAAAGGTCGGGCCCGTGACGCGTGCGCTACAGACGCGGTTCCTCGACATCGTGAATGGGCGCACCGAGGACACGCACGGCTGGCTCACGTTCGTGCGCTGACCGCGGACGCATAAACGAACGAAGGGCGCCCCAGTTGGAGCTCCCTTCGTTCGTTCATATGCTATTACCGAGTTGCCCCTCCAGGTTTCGAACCTGGAACCTCCTGATCCAGAGTCAGGCGCTCTGCCAGTTGAGCTAAGGGGCATCACTCTACGGTTTCCCGCAGAGACACGAAACCTAAGCGGAATCGGCGCCCCGAGCAACCCCTGAGAAATGCACGCAAGTCGCTGTTAGACAGCAACTTGCGATCCCTCTGCACGGCCGACATCGTGTCCGCGACCTCAACCCACCACCGCTATGTCGTTCACGACCGGCCTCAACATTGTCATCATCCTCTGCGCGGCCGGCGTGTTCGTGCAGTCCTTCCGCATCGAGCCTGAATCTCGCGGGAAGCTGCGGTTGCTCAGCCTTGGGTTCCTCCTCATGGGCGTCTCCGACTTCCTCAAGCCGGTCTCAGAGGCGCTCGCCCTCGGCGTCGAGGCCGCGGGGCTCCTCATCTTCCTTTGGGTCGGCGTGCGCGCGCTGATTGCGCCACAGCCGGCGAAACCCCAGGGCTGAGCGCGCTCAGCCCTTCGCGACTTCCTTCGCCCAACTGTCGCGCAGCCCGACGATCCGGTTGAACACCAGCTTCCCCGCCGCCGAATCCTCGGGCTCGGAATAGAAATAGCCCACGCGCTCGAACTGGTACCGGCTGCCGATCGGATCGTTCGCGACCGTCGGCTCGACCTTCGCGTCCGGAATGATCACCAGCGAATCAGGATTGAGCGCCGAGATGAAGTCCTGGCCTTCGGGCACGTCATCGGGATCCGGCAAGCGGAACAGGCGATCGTACAAGCGCACCTCGCAGGACAGCGCATGCGGCGCCGACACCCACTGGATGGTGCCCTTCACCTTCTTGCCGCTGTTCGCGCCGCCGCTCTTCGTCTCGGGGTCATACGTGCAGCGCAGCTCGACGATGTTGCCCGCCGCGTCCTTCACGACCTCTTCGCACTTGATGATGTAGCCGAAGCGCAGACGCACTTCGTTGCCCGGCGAGAGGCGGAAGAACTTCTTCGGCGGATCTTCCATGAAGTCGTCCGCGTCGATGAACAGCTCGCGCGAGAACGGAATCTGCCGCGAGCCCGTCTTCGGCACGTCGTGCGGATAGTTCTGCGCCTCGAGCATCTCCGTCTGGCCCTCGGGGTAGTTCGTGAGGACCACCTTGAGCGGCTTGAGCACGGCGAGCACGCGCGGCACTTCCATGTTCAGGTCGTTGCGCACGGCGTGCTCAAAGATCGCGATCTCCACGCGGGCGTCCTTGCGCGCCACGCCGATCGTCTCGGCGAAGTCGCGGATCGCCTCCGGCCGCACGCCACGGCGCCGCATGCCGGCGATGGTCGGCATGCGCGGATCGTCCCAGCCCTTCACGTGGCCTTCGTTCACCAGGCGCAGCAGCTTGCGCTTGCTGAGCACCGTGTAGTCCAGCTCCAGGCGCGCGAACTCGATCTGCGTCGGCGGATTCGTGAAGCCCGCCTCCTGCACCAGCCAATCGTAGATCTCGCGATTGTCCTTGAACTCCAGCGTGCACAGCGAGCGCGTGATGCCCTCGATGGCGTCGCTGAGGCCGTGCGCGAAATCGTAGAACGGGAAGATCTTCCAGTCCGTCCCGCGCCGGTAATGATGCGCATCACGACGGATCCGCAGCAGCAGCGGATCGCGCATGATCATGTTGTGGTGCGCCATGTCGATCTTGGCGCGCAGCACCTTCGAGCCATCGGGGAACTCGCCGGCCTTCATGCCGCGCAGCAACGCGAGGTTCTCCTCCACGCTGCGATCGCGCCACGGCGACGGCGTACCCGGCGACGTCACCGTCCCGCGGTTCGTGCGGATCTGCTCTTCGGTCTGGTCGTCCACATACGCCTTGCCCTTGGTCACCAGGAGCTCGGCGATCTCGTAGAGCTTCTCGAAGTAGTCCGAGGCGTAGTACTCGTTCGTCCACTGGAAGCCCAGCCACTGCACGTCGCGCTTGATGGACTCCACGTAGCGCACGTCTTCCGTGAGCGGGTTGGTGTCGTCGAAGCGCAGGTTGCAGGTGCCGCCGTACTCCTTGGCGATGCCGAAGTTCAGGCAGATCGACTTCGCGTGGCCCATGTGCAGGAAGCCATTGGGCTCGGGCGGGAAACGCGTCGCGGGCGCGCGGCCGAAGCGGCCGGTGGCGACGTCCTCCGCGACCATTTCGCGGATGAAGTCGAGGGAGCGGGTGGGAGCGGTATCGGACATCGGGCGGTGGACTGAGGACAGGCCTGAAAGCTAACGATGCGGACTGCGGCCATGGTCGCTCGACGTAGGCCACGGCTCGTCCCGCCCCAGGAGCGGTCCGTCCCCACGAGAAGCCAACCGAGCCGCGCGCGCGTAGGTTCTCCACGTGATCACCCGCGTCCTCATCGCCGACGACGAGCCCCTGGCCCGCGAGCGGCTGCGCGAGCTGCTGCGCAGCCTCGCCCCCGGCGCAGCGCTGCGCGAGGTCGGCGATGGCGGAGCCGCGGTGGAGGCCATCCGCGATTGGGCGCCGGACGCGGTGTTCCTCGACGTGCAGATGCCCGGCGGCGACGGGTTCGCCGTCGTCAGCGCGATCGGTGCGCAAGCCATGCCGCCGACCTGCTTCGTCACCGCCTACGATGCCCACGCGCTGCGGGCCTTCGAGGTCGCCGCGGTGGACTACGTGCTCAAGCCCTTCGACGACGCGCGCTTCGAGGCCGCCTGGACGCGGCTGGCACAGGTGCACGCGGCGCGCAGCCTCGTCGACGAAGCGCGTCGCTTCAGTGCCCTGCTCGCGGCGGTGGCGGGTACCGCCGCCACGACGGGCGGCGGAGAGTCGGAGAACCCCGCCAGCGCTGCCACCGGGCGCTTCGCCGAGCGCTTGGTCATTCGCGACGGCGACCGCAGCTATCCGGTGCAGGTCAGCGACATCCGCTGGATCCAGAGCGACGGCAACTACGTCGATCTCTTCACACCCGCCGGCCGCCACACGCTGCGCGAAACGCTGCAGGAACTCGAGCGCCGGCTCGACCCCGCCCGCTTCGTGCGCATCCACCGCCGCGTCATCGTCGCGATCGACCAGATCAGGGAACTGCAGCCGTGGTTCGCGGGCGACCAAGTGCTCATCCTCCGCGACGGCACCAAGCTGCGCGTCTCGCGCACACGCCGCGAGGCGGTCGTGTCGCGGCTCGAGGGCCGCGGGTGAACCCGTCACGCCGGCTGCGCATCGCCATCGTCGCGGTCTGGATCGTCCCCGCCCTCGTGGCGACGCTCGGCCTGCGCCTCGTTCCCTCACGCCTCAACCCCGACCTCGGCCTACTGCCGATCCTCGCGTCGCAGCTGCTCATCTGGCTACCGTGGGGCGTCTGGTCGTCATTGATCGCCGCGCTGGGCGAGCGCCTGCCCTTCGAACGCGGCGGACTGCTCCGCTCGCTGGCGGCGCATGCAGTGCTGGGAGTGTTCGTCGTCCTCGCGCAGATCGTGGTCATCTGGGCCGTCACGCTGGCCTTCGGCATGAACGAGCCGCGCAGTCTCGAGTCCACCCTCGTCATCGGCATCCGGCTCTACGGCGACTTGCTGCTCGTCATCTACTGCGCCGTCGTCGGGACCTTCGCGGGCCTGCGCTGGCAGCGCCAATGGCAGGCCGCCGCGCTGCAGGCGGCGCAGCTTCGCGAGGACGTCGCCCGCGCGAGCCTGCAGGCGCTGCGTGCGCAACTCAATCCGCACTTCCTGTTCAACGCGTTGAATGCGGTCGTGACGCTGATCGGCCGTGACCCCGCGCTTGCGCGCGACATGGTCGTGCGGCTCGCCGACCTGCTGCGGGCCACGCTCACGGCGGGCGAGGCGCAGGAGACGTCGCTCGACCAGGAGCTCGACCTCACGCGCCGGTATCTCGAGATCGAGCAACTGCGCTTCGCCGATCGGCTCCGCGTGGAGTGGGTCATCGAACCCGGACTCGGGCATTGGCGCGTGCCCGCCTTCGCGCTGCAGCCCTTGGTCGAGAACGCCCTGCGCCACGGCCTCGCCCGGCGGCGCGCGCCGGGGACCGTGCAGATCATCGCGCGGCGTGACGACACAGTGCTCGAGCTCCGCGTGGGCAACGACGGGCCCGACGAGCCGGTCGATGCGGCGGCGACTGACGGCGCGGGCATCGCGGTCGGCAACCTGCGCGCCCGCTGCGAGCGGCTCTACGGCGCCGACGCCTCGCTGGCGCTGCAGCCGCGCGCCGACCGCGGCATGGACGCGATTCTCCGGCTGCCGCCGCGTTCGAGCTGACGCGAGCTACTGCGGCAACGGCACGGAGCGCAGGACCACGGGCGGCAGCGCGCGCTCGTGCGCGCGGCGCTCTCCCGTCTCGGTCCAGAACGGCCACGCGCTCGACGCCACATACACGAACCGGTCCCCGAGCACGACGCCCACCGTCATCTCGCCCTCGAGATCGCTCGGCGCATCCAGGACGTCCGCGCCGGTGAGCGCGCGCCCGGCCGCA
NZ_CP130613.1_gap68	2730316	2732090	1774	CCGAATCGCTCGTCGCCGCACCCGAGGTGAACCTCGAGGTCCAAGGGCACACCGACAACACCGGCTCGGTGGCCAACAACACGCGCATCTCGCAGGCCCGCGCCGATGCGGTGCGGCAGTACCTCATCAGCAAGGGCGTGGCGGCGAACCGCCTGACGGCGCGTGGCTACGGCCCGACGCAACCGGCGGCCTCGAACACCACGCCGCAGGGCCGCGCGCAGAACCGGCGCGTGGAGCTACGCCGGACGAACTGACTTACAGCGGCTGACGGCCGGCGAAGCCCGCGTCGCGCGCATGCCAGTGCGCGACGCGGGCTTCGCCGCGCATCCAGCACCAGTACACCGGTTCGCCGTCGCGCTCACCGGGAAAGTCGATGAGCCCCTGCTCCATGCTCTTGCACTCGACGCCCAGCGCCTCGAGCTCAGCGAGGCAGGCCTGCACGTCCGCGGCTGCGCGCTGCACCTCGAGCTGGAGCCGCTCCGCCTCGGGATCCTGCGCGGTCGGCGTGCTGCGCAGCGACGCCAGCTCGTAGCGCTCCACCAGCTCCTGCCAGCGGCGGTAGCCCAGCACCAGGTCGTCCGTGATACGCCGCAGGAGCGGCAACGCCTTGTTGGCGCGTTCGGGGGTCCAGAGGGCGTGGGCGGTGGCGTTCATGGCTGCGGAAGTTACGCGTGGAAGGGACGGACGCGACGCGAGTCTCGTCGCCGTACAGGGCGGCCTCGTCGAAGGCGCGCACGAGCGCCTCGCGCGTACCGGGAACGACCAAGGAATCCTCGAGCCACATGAGCCGTTGCACGGGCGCGGGCACGAAGCCCAGGGGCCACTCCTGCCCGCCGGCGTCACGCAGCGCGAAGGCCACCCGCGGCACCTGCCCGGGGGCCGGGCGCGCGACCACCGTGTAGTCGCCGCGGGGCCAGCGCCGCTCGCCGTCGCCCTCAACCTCGGGATACGCGTCGGCCAGCGTCGGCCACCACGCGGGTTCATCGATGGCGATCGGTCCCAGTTGCGTCGCCTCGGCCGCGTGCAGCGCCCCACGCTGCACCAACGTGAACTGCACCAGCGGCCGCCGGTCCTGCGCCTGCAACCCGAAGCTTCGTGCGTCGAAGGCAAGACGCTCGTACTCCGCGCGCAGCGACTCGCCGTCGGACGCGCCCGCCGCGGCGGCGAGCGTGGAGTCGCGCAGCTCCCGCCATTGGCGTTGGCCTTCCGCGGCCAGTCGGCGCGCCTCCTGACGACCGAACAGCGCCTCGAGCGTGCTCGGCACCCCCGTGCGCAGGTCGAGCACGCCGCGCCGCAGTCCGAACGACGATGGCCGCCCGATCACGTCCACATCCGTGCGGTACTCGTAGGAGGCCCATGGACCCATGATGTCGAGCACGACGATCTCCGCGCTCGCGACGATGCGTGGATCTTCGCTGCCGGCTTCTTCTTCACCGAGCGGGAGCTCCTCGGGATTCGCCGCGGCGTAGCCCCGCGCGAGGGCGCGCATCAGCGTGTCGGCGAAGAGCTGCACCGAGTCGCCGTTCACGAGGTCGCGCTTGTAGAGGCGTTGCCCGACGTAGATCGCGTCGTAGAACGAGAGATCCTCGTCCGTGACGTAGAGCTCGGAGAGGCGCCCCCCGACCATCGCGAGCAGCATGGGCGCGCCGCGCACGCGAATGCCATCGGCCTCGGAGCGGATCCAGAACACGGAGTCGCCGGCGGCCACGAGAAACTCGGCCGGCGGGGCCGGCGGCGGCGGGTCGACCCGCTCACAGGCCAGCGCGCCGAGGCA
NZ_CP130613.1_gap69	2737707	2740091	2384	CGCGGAGACGGAGGAGCTGCACGCTGCCGACCTCGCCGACGTCGCCGAGCTGATCGATCGCGCGCTGGTGCCGCAGCTGCTCGCCGCGCTCCCGGCCCCGCGCGCGGCTGCCGTGCTCGAGTACCTCGGCGAGGAGCTGCGGACCGAGCTGCTCGAGACCATGGCGCCGGAGCAGGCGGCCGCGCTGATCGCCGCGATGACGCCGGACGAGCGCGCCGACGCGCTCGAGGAAATGGACGAGGACGTCGCCGACGAGATCCTCGAGGCGATTCCCGAACGCGAGCGCGCCGAGACCGAGCGGCTGCTCCAGTACGAAGCCGACACGGCCGGCGGTCTCATGACCACCGAGTTCGTTTCGGTCCCGGAATCGCAGACGGTCGACGAGGCGCTGGCCACCGTACGGGCCATCGCCCGCGCGGGGCGACGCGAGGCGATGCAGACGATCTACGTGGTGGACGCACAGGGCGTGCTCACGGGCGTGATGTCGCTCCGCGAACTCCTGGCGGCGCCCGAAGGCACGCGCGTCGCCGACAATGCGTGGACGGAGATCGTCACGGTGCCCGCCGACGCGCACCGCGAGACGGTCGTGCAGCTCACGTCCAACTACGACCTCGTCGCCGTGCCGGTGGTGGATGCCGACCGCCGCTTGCTCGGCGTCATCACCGTGGACGACGTCATCGACGTCATCCAGGAAGAGCAGACGGAGGACGTGCAGAAGTTCGGCGGTCTCGAGGCGCTCGAAGAGCCATACCTGCAGGTGGGCTTCGTCGAGCTGCTCAAGAAGCGCGTGCCGTGGCTCATCGTGCTCTTCGTGGGCCAGATGTTCACGGCGGCGGCGATGGGCTTCTTCGAGGATTCCATCTCCGCAGCCACGGTGCTCGCGCTGTTCGTGCCGCTGATCATCTCGTCGGGCGGCAACTCCGGCTCGCAGGCGACGTCGCTGATCATCCGGGCCATGGCCCTGCAGGAGCTCAGGGCGCGCGACTGGACGCGAGTCCTGCTCCGCGAGGCCGGCATGGGCCTCGTACTCGGCGCGCTGCTGGGCATCGTCGGCGCGCTGCGCATCGTGGTGTGGCAATGGGCCGGGTTCTACCCCTTCGGCGAGCACTATGGCGTCCTCGCGACGACGATCGGCGCGACAGTGCTGGGCGTCGTGCTCTTCGGCACGCTCACCGGCGCGATGCTGCCCTTCGTGCTGCGCAAGGTGGGCTTCGACCCCGCGAGCGCGTCGGCGCCGCTGGTCGCGACGCTCGTCGACGTGACGGGCGTGGTGCTGTACTTCTCGATGGCGCTGCTCCTCCTGCGCGGGACGCTGCTCTGACAACACCCCGGCGGGCGGCCTTGTTGGTCATCATCGCGGCGTCGGCGTATGTCTCGTTGAGCATCGTGACGACGCTGGGCGGGCGCATCGGCGTCGGGCTGCTGCCGTTGATGGCGTGGCGCTACGCGCTCGCGGCACCGATCCTCGCGGCGATCGCCGGTTGGCGGGAGCTGGCGGCCGTGCCCTGGCGGCGCGCGGTGGCGCTGTTCGTGATCGGCGGCGGCGGGCAGTCGCTGGTGACGTACTTCTCGCTCTCCGCGCTCGCGTGGATGCCGGCCGCGTCGCTGGGCTTCCTGTTCTATACGTACCCGGCGTGGGTGGCGATCTTCGCGGCACTCTCCGGCGCCGAGCGATTGACGCCGACCCGCATCGCGGCGCTGGGCTTCGCGCTGTTCGGCATCACGCTGATGGTCGGGGCGCCGTGGAACCTCGCCCTCCCGTGGCCAGGCGTGTGGCGCGCCCTGCTCTCGGCGATCATCTATGCGCTGTACATCCCGCTGCTGCACCGCCTCCGCGGACCGCTGTCGCCCGCTGCCGCGTCGGCGTACCTGATTGCCGGTGCGGCGACGATCTTCCTGGTCGCCGCCGAGCGCACGGGTGGCGCGCTGGCGCCCATGACCTCGATCGGCGCGTGGAGCGCCGCCGGCACGCTCGCGGTGTACAGCACGGTGATTGCCTTCCTGACCTTCCTGCGCGGGCTCGAGGTGTTGGGCGCCGTGCGGGCCGCGATTCTCTCGACCACTGAACCGCTCTTCACTGCCGTGCTCGCGTTGCTGATCCTCCGTCAGCCGCTCGGCCTGCCGACGCTGCTCGGCGGCGCCTGCATCGTCGCGGCCATCCTCGTGCTCGAACGCGCCTCGCCCCCGACCGATGAACTCCCCCACGCGGCCTGACGCCGGCGCCCTCGGCGCCGGCACGTTCTACACGCTGCTCGCGGCCGCTGGCTTTGCGGCGGTGAGCATCCTCACGTCCCTGGCCACGGCGACGGGTCTCTCGCTCGCGACGGTGCTCGCGTGGCGCTATACCCTTTCGGCCGTGGTGCTCGTCGGCTGGGTGGGCGCGC
NZ_CP130613.1_gap70	2767247	2771621	4374	GACCTCGATTCGACGGCGACGGTCGGACCGATCGGCGGCACGGTGAACCTGGTGTCCGAGGTCGGCTCGGGGCTCGCGCAGTTCACCGGCATCAGCTTGACGCTTGCCGGGGAGTACGCGTTCGTCGTGCGGTCCGGCGCACTGGCGGCAGACACCACCGACGCGTTCACGGTGGCGCCGGGTGAGGGCGCCTCGGTGGAGATTACCTCCGGCGACGGACAGTCCGGTGCGGTCGGCACGGCAATCGCGAATCCGCTCGCGATGACGGTTCGCGATGCCTTCGGCAATCCTGTCCCGAATACTGGGGTCTTCTGGTCCGTCAGCGTGGGCGGCGAGGCCGTCCTCGACTCGGCAGCGGTGTTCACGGATTCGCTCGGCGTGGCGCGCACGACCCTGACCTTCGGTTCGACCGTGCGGTCCTTCACCGTCACGGGCTCGGCGGGCGACGCAGGATCGGTCAACTTCTCGCTGAGCGCCGTGAACGCGCCCGCCGCGACACTGACGACGGCATTCGAGCCGGGGCTGACCCTCGCCGGAGCGACACTCGGGTTGGCGGAGGTCGACGCACGTGACTCATTGGGCAACCAAGCCCTGGACTTCGTAGGCGAGGTCTCGGTGGTCGTGGACAGCGGCCCCAGCGGTGCGACGATCGGCGGCACGACGACCGTCAACGCGGTCGCCGGACGTGCATCGTTCAGCGACCTCTCGCTGAGCGTCGCGGGCGCGTACCGCCTGCGCTTCACGGCGACCGGGCTCGACAGTGCTGTGTCGAACACGTTCACCGTGAGCGCAGCGGCGGCGGTCAACATCGCGATTGCTGACGGCAATGCGCAGACCGGGACGGTGAACACGGCGCTCGGTGCGCCGCTCGTCGCGCGCGTGACCGACGCCTTCGGCAACCCCGTCAGCGGCGTGAGCCTGACGTGGACCGCCTCGCCCGGCGTGACCCTCGGGGAGTCGGCCATCGGTACGGGGCTCAACGGCGAGATGTCGCAGGGCGTGACGTTGGGAACGACGGCGGGCAGCTACTCGGTGGTGGCTGCCATCTCCGACTTGCCGGACTCAAGCGTCACCTTCACGATGACGGCCGAGGCGGGCGCGGCTGCTGCACTGGTCGTGACCAGCGCGCCGACGACGGCAACCGCGGGTGACACGGTCGTCGTCCGGGTCGAGGCCCGGGATGCCTACGGCAACCTCGCGACCTCGTTTACCGGGAACGTGAGCTTCGGGCTAGACGACCAGGTCGCCCAGTACACCGTTACCGCGCCGCTCACCGCGGCGGGTGGTGTGGTTGAGTTCACGGATCTCGTCTTTGGGGACGCAACGACGTTCAATGTGCTCGTCGGTTCGCTTGGGCTCGCAGACGTAGGGTTCTCGGTTGCGGTCTCCGCCGGCGCGGCGGCGCAGCTGCAGCAGGTCTCCGGCATGGGCCAGAGCGGCTTCGCGACGCTGCCGCTCGATACAGCGTTCACGGTACGTGCGCTCGATGCCTTCGGCAATCCGGTCAGCGGCGCGTCGGTCGACTGGACGGTACTCGCGGGCAGCGGTGGGGGCCTCGTCAACGGATCCGCGTCCACGGGCACCACGACCGACGCCAGCGGCTACGCGTCCGTGAACTTCACGGCTGGCACCACGATCGGTTTGCAGACCGCGCGCGCAGTACTCGCGAACGCCGACAGCGTGGAGTTCGACGTGTCCGTAAGCGAGCTGATCGGCAACGCCGTGTGGACGGGCAACGCCGATACCAGCTGGACGAACAGCGCGAATTGGATCGGCGGCATCGTGCCGACTGCGTTCGACTCCGTGTACATCCCGTCCGGTCGCCCGACGTATCCCGTGCTGATTGGCGACGTCGCCATGACCAAGCTGGTGATCGATGACGGCGTGACGGGCTTCGACATCGGCAGCTTCAACGTGACGGTCAGCGGCAGCATCCGTGCGCCGGCCACGTCGGCGTTCGCGTTCACCGAAGGCACGGTGATCGCCAACGGCAGCGGCGCGCAGACGATCAGCGGCGAGTTGCCGACGCTGACCATCGAGAACGGCCGCTACGCCGTGACGCCGCAACCCGGCCACGCGCTGTTCATCAACGGCGAGCTGGCGCTGCAGAGCGGCGGTCGCCTGGTGATGGACGGCGGCGACTCCGTCGTGGTGAACGGTGGCATCCAGACCTTTGACACGGCCGGGCTCGAGCAAGCGGCCGGCTCCTCGATCTCGGCACAAGGCGATGTCGTGCTGGCCGGCGTCACCGGCGCCGGCGTGCTGACGGGCGGCCGCCTGTACGTGCGCGGCGCATTCAGCACTACCAATGCAGATCCGGGCACGTTCCGGCCTGCCGCCGAGCACGAGACGCACTTCACGGGCAGCAACAACAGCATCACGCTGGCGGCGCCCGACGTCGCACTGGACACGAGCTGCGCGCTGCAGTGCTTCGGTGTCATCGTGGCCACTTACGCCGGCTTGAACGATGTCCTCGACATCAACAGCCACGTGAAGGCGCGGCGCTTCGACGTCCAGAACTTCCGCTTCCGCGCGCCGAACCACAGGGTCATCGCCGGGGCGGGCTCCGCACTGGTCTCCGACTCGCTGGGCGTGAAGACGCTCGCGTTCATCGATCAGATGCCGACGCTGGGCGCCGTGGCCGTCATCGACTCGGCCATCGTAGCCGCCGGCGCGGGTACGCTGCCAACCGGCCTCACGGCACTGATCTCGGTGCAGGGCTACTTCTCCATCAACGGCACGCACAACGGCGACCTCGACGTCTACGACGGCGGCGTGCTTGACGTGGTGGGATCGGCAGCCGCCGTGACGGGCACGTTGTCTACGAGCACCAACGGCTCGCTGCGCATGGCGGACGCCGGCGACGTGCTGACCGTCGGTGGCAACGCCGTGTTCAACGGCGCGGCCAGCGACACCGACCTGACGGCCGGCACGCTGCGCGTGGCGGAGAACTTCACCGCCAGCGCAAGCGCGTTCATCGCGACGCCGTCGCACACGGTCGAACTCTACGGCGCGGTGGAGTCGTCGCTCGACTTCTTCGGCGGCTCCGGCGCGACCGACTCGCGGTTCGGCCGCCTGCTGCTCAACAAGCAGAACGGCCTCGCGCTCGGCGGCGGCGCGGTCTTCGTGGACGGCCAGCTCGAGACCGTCGGCACGGAGCAGCGCATCATCGGCGTCGGCACGCCGCTGACGATCCGCGGCGCACAGATCGGCGGGCTCCTGCTCTCGGATCTGCCGCTGGTGATCCTGGACGGCGCGGCGGTCACGCAGCTCGACAACCTGGAGTTCGCGGACAACCAGGACGGCGTGACGCAGCTGCGCATCGAGCGCGACTCGCTCGAGGTGCCGATCAACACGCCGGTGTTCGATACTGTGGCGACCAACCCGACCTATCTCGAGCTGGTGGATGCCACGGTGGGACCGGAGTCGCTCACGGTCACGGTGGTGAACCCTGCGCCCGAGTTCCACGTCGGGCGGATCGTCATCGGGAGCCGTGCGACGCTCAGCGGGTGGAGCCCGTACGCGTTCCTCGAATGGACGAACGGCGGCGGAAACCGGCAGTGGAACAACCCCGCCAACTGGTCTGCGCCGTATGTACCACAGCCCGGTGACTCCGTGTACGTGTCGGGCGAGCAGCCACCGATCATCCAGTTCCCGGCCAGCGTCCGCGCGCTCGTGAGCACGGCCTTGTTCCCAATCGATGTGCAGGCGCCGCTGACGGTCAGTGAGCGTCTGATCCTGCCGGCGACCAACGGTGCCGCCTGCGCGGATTCCGGCGTGGTCCTGAAGTCGGCGCCTGCTGCGCTCAGCATCGCGGGCGACCTGCAGTGCGGTCTCGTGGCCACGGCGGGTGCGGTCACCCTCACCGGTACATCGGCGATGGACTCGCTGGTGATCGGCGGCACAGCCAGCGTGACGCCCGATGGCAACGAGCTCACCGTGAGGCAGCGGCTCGTGACTGCCGACAACGGTACGCTGGTCATGGGCAACGAGGTGGACATCGTCCGGGTGTTCGGTCCTGCCGTCTTCGGCTCCACGCCCACCGGCGGCACTCTCACGCTCGGACGCCTCGAACTGCACGACAGCTTCACGCAGTCGGGCTCGGCGACCGCGTTCCAAGGCGGAGCGAACCACATCACGGCGCTCCTGCGCAGCCAAGACATGCCGGTCACGTTCGCCAACCCCGACTCGAGCGCGGCGGGCTCGCACTTCGGCAGCGTTGAGGTGGCGCTCGACGAGGGCGGCACGCAGGTGCAGCTCGGCTCGGACATCTACGTGAACGGCGTCCTGCGGGCGCCGCTCAGCGCGAACTCGCGCGAGATTGCGGCACTGGCAACCTCGCGGACAGTCGTCGCCCGCGGTACGGAAGTGCCC
NZ_CP130613.1_gap71	2846451	2847804	1353	ACCGACCAAGTGACGCTCGGCGAGGCCGCGCAGTACAGCCGCGACGCCGTGGACCGCCCCGTGAAGGGCATCGGACGCCGGCGTCGCAAGGACGGCACCTTCGTCGAGGTCGAGATCCTCGGCGTGCCCGTGATCGCGGACGAGTCGCGCGTGGCGCTGATGGGCATGTACCACGACATCAGCGAGCTCTCGGAGGCGCGGCGTGACGCGGAGGGCGCGAACCGCGCCAAGAGCCAGTTCCTCGCGAACATGAGCCACGAGCTGCGCACGCCGCTCAACGCGATCATCGGCTACAGCGAGATGCTGCAGGAGGAGGCGCAGGACGCCGGACTCGAGTCCTTCGTCGCCGACCTCACCAAGATCCATACCGCAGGCAAGCACCTGCTCTCGCTCATCAACGACGTGCTCGACCTGTCGAAGATCGAGGCGGGCAAGATGGACCTCGTGCTCGAGACCTTCGACGTGGACGAGATGCTCGCCGAGGTGGTGACGACGATCCAGCCGCTGGTCGCGAAGAACGCGAATACGCTGGAGGTCATCCGCGACGAGTCGCTGGGCCGCATGCACGCGGACCTCGTGAAGGTGCGGCAGATGCTGCTCAACCTGCTCTCCAACGCCTGCAAGTTCACGGAACAGGGGTCGATCACGGTGCGCGTGGGACGCGAGGGCCGCGCGGGTGCGGAGGCGATGACCTTCGCCGTGTCGGACTCCGGCATCGGCATGACGCCCGACCAGGTCTCGCGGCTCTTCGAGGCGTTCACGCAGGCGGAGTCGTCCACGTCGCGGCGCTACGGCGGCACCGGCCTCGGCTTGGCGCTCACGCGTCGCTTCGCCGAGATGATGGGCGGCAGCGTCTCGGTCTCGAGTGAACCGGGCCGCGGCTCGACCTTCACCATGCGGATTCCCCTGCGCGTCGAACCGGCCCGCCGAGCGTCGCAGATGCTGACGGCGATCGACGACAGCGAGTCCGTCCAAGGCGACGGCAGCGCGGGTACCGTGCTCATCATCGACGATGACGCCGACGCGCGACGCCTCGTGCGCACGGCCCTTGCCGGCGAAGGCGTGCGCGTGCTCGAGGCCACCGACGGCCCGTCGGGTCTCGAGCTCGCGCGGCGTGAACGACCCGACGCGATCGCGCTCGACATCCTCATGCCGGGCATGGACGGTTGGGAGGTGTTGCAGCGTATCCGCGCCGATGCGGAGCTCGCAGAGATCCCGGTCATCATGCTCTCCGTGCTGCACGAGCAGCAGATGGCACTCGCCCTCGGCGCCACCGAGTACCTCACGAAACCCATCGACCGCGCGCAGCTGCGCCGCATCGTGCGGCGGCACCGCCATGAACCCGGCGGCACC
NZ_CP130613.1_gap72	2857175	2860736	3561	TACAACATCCGCGCCAGGGAGTTCATCGCACTCAACGCCAACGTGGGCGAGAAGGCGGTGAAGGGGCACAACTATCGCTGAGCGTCACACCGCCGCGCGATCGGCGTCCGGCGGCATCTCACGCGACTCAGGACCACGCCGCCGCGAGCACCAGCACGGCAATCACGATGCCGATCCCCAGCTTTGCGACGGTCGCCACGATGCGGCCAATGGTCGCCCCCCATGCCACGCGTTCCGCACCGCCGCCGATGCCGGTCACGCTGAGTTCCGCGACGAGCGCACCGAAGAACGTGCCGAGAAGCGCCCCCAACAGCGGACCGAACAACGGCACCGGAAACCCGACGATGGCCCCGGCGATGCCGCCGAGCAGCGCACCCCATGCCGCACGCTGGCTTCCGCCGTACTTGCGCGCATAGCGCGACGCCGTCACCCACTCGATGCCCTCGGCGATCAGCCCGAGCACGGCGCCGGCGACGATGGACCACCAGGCAACAGAACTCGACGGGTCGAGCAGCGCAGACGCGCCGGCGACGGCGAGGAAGATCCACGTGCCCGGCAGCCCGATGGCGGTGAGGAAGAACCCGGCGAGCGCGACCAGCGCAAGAGTCAGGAGCAGCATGTTCCCACTACTGCGAGGTCGCCCCTCGGGTTTCCCGCGTCCCGGCGAGCGCCCCAGCTGGACGGAACTGCGCCTCGGGCGCATCTTCTCCCGGTCGTCGCCCGTCTTCTCGCACTGTCCCCACGTGACTGACTCGATCCGAGCACGGCTCGACCGCGCGCTCCGCGCGACCCATAGCATCGAACGTGAGCTCGGCGGCGGTGGCATGGCCCGCGTCTTCGTCGCGACCGAGCGCGCCCTCGGGCGTCAGGTCGTCATCAAGACCCTGCCGGACGAAGGCTGGAGCGCCAGCGCCGCCCAGCGCTTCCACCGGGAGATCCTGACCGCGGCGCAGCTACAGCACGCCAACATCGTCCCCGTGCTCACGGCCGGCGACGCCGAGGGCATGCCGTACTTCACGATGCCGCTCATCGATGGCGCCACGCTGCGCGAGCGCATCGCACGTGGCCGCGTCCCGCTGAGCGAGGCCATCGGCATCCTGCGCGACGTGGCGCGCGCGCTGCACGCCGCGCACGCGCGCAACGTCGTGCACCGCGACATCAAGCCGGAGAACATCCTGCTGTCGGCCGGCGCCGCGCTTGTGTCGGATTTCGGTGTCGCCAAGGCGCTCTCCGTCGCCACGCAGGGGCCCGACGCCTCCGCGACGATGACTGCGATCGGTGTATCCGTCGGGACGCCGGCCTACATGTCGCCCGAGCAGGTCGCGGCGGATCCGTCGCTCGACCATCGCACCGACATCTACGCGTGGGGCGTGGTCGCGTACGAGCTGCTCGCCGGCCAGCGACCCTTCGCCGAGCTCTCGGGCACGGCCCTCATGAAGGCGCAGATGGGCACGATGCCCCCCGCGCTCAGCACGCAGGCTCCCACGGTACCGGCGGCGCTCGCGGCGCTTGTCATGCGCTGTCTCGCCAAGGAGCCGACCCAGCGCCCGCAGTCGGCGGCGGAACTGCTCGCCATCCTCGACCTCCCCTCGGGCGAGACCCAGGCCACGCGCGGACGGTCGGCACCGGTGCGACTCCTCGCTGGCGCGGTGGCCGCAGCGATCGTAGTCGCCGGGAGTTGGTGGTTCGTCACGCGCGGCAATGCCGCCGCGAGTGAGTCGACCATCGCCGTCGCCCCGTTCCGCGTCGGAGGCTTGGCACCAGAGGCGCGCTACCTCCGCGAAGGCCTCGGCGACATCATCGTACCGCAGCTGCAGACGCTGCCCGAGATCTCCGCGGCGGGCATGCGCGTGATGCTTGACCGGTGGCAGCGCATCGGCGGTGACGCGGAAGCGGATCTCGAGGACGCCGAGGCGTCGCGTGCCGCGATCGCGGCGGGCGCCGGTCGCCTGATCCTCGGTGACGTGGTGGGCACGCGCGAACGCCTGACCGTGAACGCACGGCTCATCCGCACGCGCGACGGGCGCGAGCTGGCGCGCGCACGCGTCGATGGCAGCGCCGACAGTGCATTCGCACTCGCCACGCGGCTCGTCACGACACTGCTGTCGATCAGCGACGGCGCAACGCGGGACCGCCTCCAGTCGGTACTCTCCGCGAACCCGGACGCCATCGCGCCGTACCTCGTCGGTGAACAGTTCTATCGCCGCGGCCGATACAGTGAGGCCGGCGAATCGTTCCTGGCGGCTTACAACGCAGATACGACCTTCGCAATCGCCGCACTCCGTATCGGACTGACCAACGGCTGGAGCCTTGCCAACCCAATTCCGGGACCCTGGGGCCGGCGTGCGTGGACTCACCGCGCCCGCTTGAGCGGTGCGGACTCGCTGCTCCTGCTCGCCGAGGTCGGCGAGACCTATCCACGGCCCATGCATATCCGCGAGCGCATCCGCTCCCTCGCGGCGTTGGCGGAGCGCAGCAACTCTGCCGAAGTGTGGTATGCGTACGCGGACTACCTGATTCACATCGGCGAGTCCGTGGACGAACCGAATGTCTACCAGCGGGCCTTGCGTGGCTTCGCCGAGGCGGAACGCATCGATTCAAGCTTCACGCCTGCGCTTGAGCACCAGGCGCACATTTATCTCGTGCTTGGCGACAGCGTCAACGCCCGGCGCGCGCACGCCAGGCAGGCGCGCCAGGATTCGACGGGTGATTTCTTCATGGTCAACGACTTCACGCTGCAGGTGGACCTCGGCAGCCTCGACGACCAGATGCGCGCGATCGAGCGCTTGGCACGCAGCCGGACGCCGGAGGATGTGGTGTACGCGGCGATGTTCTCGCATGTCGCGTTCGCCGGCCGGGGTGCGCGGATGGACATCACGGACTCTGCGCTCCACGTGTTGGAGCGCACCGTGAGGGGACAGCTCAGTTCGCTGAACGCCCGCGCCGTCCGCGAGATCTACTGGAACTCGGGACGTCCGAGCGGCGCCAGTGCGTACCCGATCGCGGACGGCGATACGTGGGGACACGTCGAGACGGTGTTGGCTGCCGTGATCTGGCAAGCGGATACGGCGATGGCGCGCAGCAGCGCGCGCGCGCTCGATGCCTGGACGCGCCGCGGGGCGACCACCGACCCCGATCCCCTCGTCGCGGCGGCGCAGTTCGCGTTGGCGCAGCGTGCGCTCGCCGCAGGCGACACCGCCGACGTCGAGCGCCGTCAGCGGGCGATTCGCAGCGCGGGAGCCGCGGCGACCCAACCGTGGCTCGCCAACACCCATCGCACACTCGATGCCGCCATCGGCGCCCAGCTGGCCGTGGCGCGCCGCAGCCCGACGGCGCGCGCGGCCGTGGAGACGCTCGACAGTCTGCTGCTCGACACCCCGAACCTCGAACGTCGCGGCGTCCGGACAACGGGCAACATGGTGCTTGCGTCGCTATGGGAACGACTGGGCGAGTCGCAGCTGGCGATCCGCGCCGCGAATCGCCGCGATGGCCAGAGTGGCTACAGCATGTATCACGCTGAACGCCTGCGCATCGTCGCGCGCTCCGCACGCGCGCTCGGTC
NZ_CP130613.1_gap73	2865265	2870217	4952	GCGATTCTCTCGACCGTAGACTCCACCTTGCTCGTGTCGGCCGGCCTGCTGACGCACAACCTGATCGTGCCGCTTGGCAAGATCACGGACGAGCGCCGGAAGCTGTGGATCGCGCGCAGCGGCGTCATGGCCTTCGGTCTCGTCGCGTACCTGCTCGCGCTCTCGACCAGTGGTGTCCTCGCGCTCGTCGAGCAGGCATCGGCCCTCGGATCCACAGGGATCGTGGTCACCGTGCTGTTCGGGCTCTTCACGAAGCTTGGCTCGCCGCGCACCGCTGGGGCGACGCTCATCGTCGGCCTCGTGAGCTATGTTCTCGGCGTCACGGTCGGCGTCGAGACGCCCTTCCTCGCGTCGCTGGCCCTCTCGCTGCTCACCTGGGGACTCGGATGCACACTCGACGCACGGGCGTCCTCCTAGGCGCGGCGTTCCTGATGGCCACCTCGGCCATCGGGCCGGGGTTCCTCACGCAGACCGCCGTGTTCACCGAGCGGTTGGGTCCGAGTTTCGCGTTCGCGATCCTCATCAGCGTTCTCATCGACATCGTCGCGCAGGTCAGCATCTGGCGCGTGCTGACGATCTCCGGCAAGCGCGCCACCGACGTCGGCAACGCCGTCGCGCGAGGCCTCGGCACGCTGCTCGCGATCTTGGTGGCGCTCGGCGGCCTCGCGTTCAACATCGGCAACGTGGCCGGCACGGGGGTGGGTCTTGAAGCGGCGCTCGGCGTCCCGGTCACCATCGGTGCGGTGCTGAGCGCAGCGTTCGCCATCGCGATCTTCCTCATCCGCGAAGCCGGGAAGGTGATGGACCGCATGAGCGTCGTGCTCGGCGCGTGCCTCATCCTCCTGACGGTATACGTGGCGATCACGAGCCAGCCGCCGGTGGCCGAGGCGGCGCTGCGCAGCGTGTGGCCGACGCGCGTGGATGCCCTGAGCATCGTGACGATCGTCGGCGGCACGGTCGGTGGCTACATCACCTTTTCCGGCGCGCACCGCCTCGTCGACGCGGGGATCCACGGCCTCGGCGCCGTGCAGGAAGTCACGCGGACCGCCATCACGGCCATCTCCGCCGCCACGGTGATGCGCATCGTGCTGTTCCTCGCGGCGCTCGGCGTCGTGCACCAGGGCCTCGCGCTGGATCCGGCGAACCCACCGGGCTCCGTGTTCCGCCTCGCCACCGGGGCCGTGGGATACCGCCTGTTCGGCGTCGTGATGTGGACCGCCGCGGTGACGTCGCTCATCGGCGCCGCATACACGAGCGTGTCGTTCCTGCGCGACCTGCATCCCGCCATCGACCGGCACTGGCAGCGCGCGGTCATCGTGCTCATCGCGTTCTCGACGATCGTCTTCGTGCTCACGGGCCGTCCGGCGCGCACGATGGTCGTCGTGGGGACGCTCAACGGCCTCATTCTCCCGCTCGCCTTGGGGACCATGCTCGTCGCCGCCCACCGGACGGACATCATCGGCGCCTATCGCCAGCCTCGGTGGCTCACCGCGGGCGGTGCCGTCGCCGCGGTGGCGATGGCTATCGCCGGCGCATTCGTCGCGTGGCGAGACCTGCCTGGGCTGCTGCGTTAGCGCTTCCTCTCGACGCCGCTCCGGGCGTAGTTTCCCGCATCCCTCACCGGAGCCACCCGTGGCATTCTCGCGTCGTTCATTCGTCCGCGCTCTCGGCCTCGGCGGCACTGCCGCCCTCACCGCGCCGAGCTGGGTGGGCGCCCGTGGCCTCGAGTCGCTCGCCGGCAGCGGCGACCTCGTCGAGCTCGAGCGCACGCTGCAGGGCGGCGCGATCCGACTGATGAGCAACGAGAATCCCAACGGTCCCGTGCCCGCGGCGATTCGCGCGATGCAGGCCAGCTTCCATGAGGCGGCGTGGTACCCGGCCAGCACCGAAGGCCGTGTCCGCACGGCGCTTGCCCGTTCCTTCAACATGCCGGAGGAGCAGATCCTCCTCGGCTCGGGCTCCGGTGAGATCCTCAAGGTCGCCGTGCAGGCCTTCTGCTCGCCGACCAAGCATCTCGTCACCGCGATCCCGACCTTCGAGACGCCGACGGCCACCGCGCGCGGCTTGGGATTCCCCGTGCGGGAAGTGCCGCTCGACAGCCAACTGCGACTCGACCTCGACGGCATGCTGCGCGAGGTCCGCGGCGCTGGGCTGGTGTTCCTGTGTAATCCGAACAATCCGACGGGGCATGTGCACGGCAAGGCGGCCGTCGAACGCTTCATCACGGCCGTGCTGGCGGCGGACCCCGAAGTCGTCATCCTCGTCGACGAGGCGTATCACGAGTTCGTGGACGATCCCTCGTACGCAAGCGCGCTGCCGATCGTGGCGTCGCAGCCGCGCGTGTTCGTGTCGCGCACCTTCTCCAAGATCTACGGCCTCGCCGGTCTCCGCGTCGGCTACGCCTTCGGGCAGCCGGCCACGCTCGAGCGCATGGCGGCGCACCGCGTATCGAACGGCGTCGGCGCGCTGGCGCAGGTGGCCGCGGTCGCCGCACTCGCCGACACGGCGCAGATGGCCCGCGAGCAGCAACTGAACCGTGAGGCCCGCGCGTACACGGCCCGCGTCTTCACGGATCTCGGCTATCAGGTGATTCCCTCGCAGACCAACTTCGTGTTCGTCAACGTGCGGCGCGATGCGCTCGCCTTCCAGGCCGCCTGCCGCACGGAGGGGCTCATCGTCGGTCGCGCGTTCCCGCCGATGACGCAGTGGTCGCGCGTGTCCATCGGCACGATGGACGAGATGCGCCGGGCGGCGCCGGCGTTCCGGAAGCTGCTCGGCTAGGCGTCCGTCTGGCGTTCGGCGCGGCGCGGCTCCACCGCGCCGAACGCGACGCTCCGCCGGTGTGAGAAGATCAGATTCGTCTCGAGGTGCGCGACCTCCGTGCGCCCCGCGAACGCCGTCAGCACGAACTCCCGCAGGTGCGCCGCATCGTGCACCGCCACATGCACGAGATAGTCGTTGGCGCCCGCCACGTGGTGCCACGCGAGCACTTCCGGGAGCGTGGCAAGGTGCCGCTCGAACGCCGTGATGGCCGCGCGCACATGCTTCTCCAGTCTCACCGCGACCATCGCCTGCAGGGTGACGCCGAAGGCCCCCAGCGCCACGTCGGCGTGATAGCCGCGCAGCACCCCTCCCTGTTCCAGCCGCCGCACCCGCGCCAGGCAGCTCGACGGCGACAGCCCCACCTTGGCCGCGAGCTCCTTATTCGACAACCGCGCATTGTGCTGCAAGTGCGCGAGAATCAGGCGATCCGTGCGGTCGAGGGTCGCAATTAGCCCTTCTGACAGAATCTTCTGCGGCAATTGTCGCATCCTGTGTGATTTCCTGCTGAATTGTACATAGAATCCGCACAGGAGACGAGCCGTGCCCCCATCCTTCGCCACCCGCGCCGTCCACGCCGGACGCGCCGACTTTACCGACCTCGGCGTCCACGCCCCGCCGCTCGATCTCAGCTCCACGTATCCGACACCGGATCTCGCCGCGGCCGCCGCCTCCTACGACGCGCTCGCCGGTGGCGACGCCCCTCGTGGCAATGCCGTCTATTCCCGGCTCTTCAATCCGACCACCGACCGCGCCGAACGCGCGATCGCCGAGCTCGAAGGCGCCGAGGATGCCGCCGCGTTCGCCTCGGGCATGGCCGCCATCGCCGCGGTGCTGCTGGACGCGCGACAGCGTGGCCGGCATGTCGTCGCGGTGCGACCCCTGTACGGCGGCACCGACCACCTATTGGCCAGCAACACGTTCGACCTTGACGTGTCGTGGGTGGCCGCCGCGGAGATCGCCACGGCCGTGCGCGCGGATACCTCGCTCGTCTATATCGAGACGCCTGCGAACCCCACGCTCGACCTCGTCGACATCGCCGACGTCGTGCGCCAAGCGGGGCACGTGCCCGTCTGCGTGGATTCCACCTTCGCGACGCCGGTCCTGCAGCGGCCGCTGGCGCACGGTGCGGCCCTCGTGCTGCATTCGGCGACCAAGTTCCTCGGCGGCCACGGCGATGTGCTTGCCGGCGTCGTCGCCGGGCCGCACGCGCACATCGCGCGGCTCAAGCACCTCCGCGCCATCACCGGTGGCGTGCTGCATCCTCTCGCCAGCTACCTCCTGCACCGCGGCCTGCCCACGCTGGAACTGCGCGTGTTGCGCATGCAGCAGACGGCCGACATCCTCGCGACGCGTCTCGCCGAGTCGCCGCGCGTCCAGCGCGTGTTCTATCCGGGCATGCCCGGCCAGGATCCCCGCGGCCTGATCGGTCGCCAGATGGCCGGGCCCGGCAGCATCCTCAGCTTCACGCTCGTCGAGGACAGCGCCGATGCGATGCAGCGCTTCATCTCGCGACTGCGCCTCATCACGCCCGCCGTGAGCTTGGGCTCCACCGACACGCTCATCCAGCCGCCGGCCGCGCTGACGCACCGTGCGGTGGACCCCGCCGCACGCGCCGCCAGCCACATCACGCCGGGACTCGCACGGCTTTCCGTCGGACTCGAGTCGGCAGATGACCTCTGGCAGGACCTCGCGCAGGCCCTCGACGGCGTCGCGCGCGCCGCCCCCATCCACACGGGCGAGATGCTAGCTTCCACGGCGTGAACGCCATCGAAGCCCTCAACAAGCCCCGTTGGGACGATCACGACTGGGGGCCGCTGCCGCCGCTCACCCGCGACGCCGAGGCTGAGGTCTGTGTGATCGGCCTCGGTGGCACGGGACTCTCCTGCATCAGTGAGGCCCTGAACCTCGGCGCCACGTCCGTCATCGGCATCGACGCCGTGGACGTCGCCGCGGGCGCCGCCGGTCGCAACGGCGGCCTGCTCCTCGCGGGCCCGGTGGATTTCCATCACGATGCCGTCGAGCGGCACGGCGTGGAGCGCACGCTGGCCATCCACGCGCTCACGGAGCGTGAACTCGCGACGATCCAGCAGGAGACGCCGGGCATCGTCCGCGTCACCGGCTCGCTTCGC
NZ_CP130613.1_gap74	2876179	2878235	2056	CCGATCTCGTCGAGACGGCCATCCACGACCTCGCGCTGGCCGTCGAGAAGGCGCTCATCGAGCACGGCAAGGACATCATCGAGCGGCAGATGCTCCAGGAGCGCATGGCCAACGCAGCCATCGACATCTACCTCGGCACCGCCGTGCTCTCGCGCGCGACCACGGCCATCAAGAAGCACGGCGAAGCCGGCGCCAAGGACGACCTCGACGCCGCGAAGATCTTCATCGCGATGGCGATGCGCCGCGCGCGCCGCGCCATCCGCGCCATCGAGAAGAACCAGGATGACCGCCTGCGCGCACTCGCCAAGCGGGCGTACGACACCGGGGACCTCACCGTCCCCACTCCAACGGATACGTGACCCTCATTTCGCTGTCCGGCGTCGGCATCTCGTTCGGCGCCACGGAACTCCTCAAGAACGTCACCTTCACGGTCGCCGCACGGGACCGCTGGGGCATCATCGGGCGCAACGGCGCCGGCAAGACGTCGCTCTTCCGCATCATGACCGGCGAAATGCCGCCGACGGTGGGCAACGTCGCGCGGCAGCCGGGCCTGCGCCACGCGCTGCTCGATCAACATCGTGCCTTTGAGGGCGCGACGACGGTGTGGGAAGCCGGTGCCGCCGCCTGGAAGGACGTCATCGCGCTCGAGAAGAGCATCGCCGAGCAAGCCATGCAGCTCGGCGAGATGGGCGAGAAGGTCACCGAAGAATTCCTCGAGAAGTTCGGCCGCGACCAAGAGCGCTTCGCCGACTTGGGCGGCTACACGTACCACGCCCGCGTGGACGCCGTGCTGCAGGGCCTCGGCTTCGACGCCGAGGAGTCCAAGACGCGCCTGGTCTCGTCGCTATCGGGCGGTGAGCGCGGTCGCGTGGGCCTCGCCGCGCAGCTCATCGCGCCCGCCGACCTGCTGCTGCTCGACGAACCGACCAACCATCTCGACCTCGATACCACCACGTGGCTGCAGGACTGGCTTCGCGAGGCGGACGAGACGGTCATCGTCGTCTCCCACGACCGCGCCTTCCTCGACGCCATCTGCACGCACATCCTGCACGTCGAAGGCCGCACCAGCGAGTGGTACAAGGGCAACTACAGCCAGTTCGTGCCGCAGCGCGCCGAGCGCCGGCTCACGCGCGAACGCGAGCTGCAGAAGCAGATCGCGTACGTGAAGAAGGAGGAGGAGTACATCCGCCGGAACCTCGCCGGCGTGAACTCCTTCCAGGCCAAGGGCAAGCGCAAGCGCCTCGAGCGCTTGCCGCGCCTCGCCCCGCCGCCGGGCGATCCCGCGGCGATGTCGCTGCACTTCGAGCCCAACGAGCGCGGCGGCGACCAAGTCATCGCCATCAAGGACCTTCGCGTCGAAGTCCCACCAGACCGCGTGCTCGTGGACGGCTTCACTGCGGTGCTCCGCCGCAACGATTTCGTCGCGCTCGTCGGCCCCAACGGCGCCGGCAAGTCCACGTTCATCCGCACCATCCTCGGCGACCTCGCGCCCGCCGGCGGCGAGTCGAGGATCGGCAGCTCCATCACGCCGGCTTGGTTCCGCCAGGACCTCTCCGACCTTCCGCTGCGCAAGTCGCTGATGGATGCCATCCTCGACCAGCGTCCCCTTTGGTCGCGTGGCGCCGTCCAGAACCACCTTGGCGCGTTTGGCTTCAGCGGGGACGAAGTGTTCCGCGAGATCGGCACGCTCTCCGGTGGCGAGCGCGCGCGCATGGCGATGGCGCTGATCACGCTCTCGCACGCCAACCTCCTCGTCTTCGACGAACCGACCAATCACCTCGACGTCGAGAACATCGAAGCCTTGGAAGACGCGCTCGACGAGTACGAGGGCACGGTGCTGCTCGTCAGCCACGACCGCGCGTTCCTCCGCGAGGTGGCGACGCGCGTGTGGGCCTTCGAAGGCAGCCGCCTCGTGGACTTCGACGGCAGCTTCGTCGAGTGGGAGGAATCCAAGCTCAGCAAGGCGCAGCTCGCGGCGAAGCAGGAGGCTGCCGCGAATGAGGCGCGGAAGCAGGCCGAGAAGGAGAAGGCCAAGCAGAACGCGAACAAGCAGGCC
NZ_CP130613.1_gap75	2880526	2883114	2588	CCACCCGGCGCCAGCACGCGGCGCACCTCGGTGAAGAACGGCGACAACGCGAACCAATGCAGCGCTTGCCCGACGGTGACGAGGTCCACGGAACCATCGGGCAACGCCGAGTCGTACGTGGTTTCGCGGTAGCTGACGCGCTCGTGCGGCGGCGCCGCGGCGAGCTGCGCGGCGCTCGGGTCGGTGGCCATCACGCGCTCGAAGCGCGCCGCAAGCGCCATCGCCACCTGCCCGTTGCCCGTGCCCACGTCCCAAGCCTGCCGATGCCCACGCACGACACCGGCGAGCCAGTCGTACAGCGCCGTCGGGTACGTCGGGCGAAACGCCGCGTAGGTTGCCGCGTGGCCGCTGAAGAGGTGCGCGAAGTGTCCGCGTGCGTCGTCCGCTTCGGGGCGATCGCGTGGCGGCAGCGGCGTCACGGCTATTGATCCGCCCCGACGATCGCCAGATGTGTCCCGTCCGCGCTCAGCGCGAGCCGCGACACATCGCGAATCCCGCGCGAGCGCAGATCCACGAAGGTCTCCAAGCGCCCCTCGGCCCAGCGATACAGCACGCCGTTGCCGCTGATCAGCGCACTCCCGTCCGACAACCACACGTGGTACTCCGCGCCCCGCGGCAGCACGACCACGCGCCGCACCCCGCGCGTGCGCACGTCCACCTCACCCAGCACCGCAGTATCGCCGTGGAAGTGCACGAACGTGAACGCCTCGCGCCCGGGCACGCGCGCAAAGGCGCGCCCGATGCCGCGGGCCAGCGTGTCCACGCGCTCGGTTTGCGGATTCATCAGCACCAGCGCATTCGCATCGCGTGGCGTCGGCTGGCTGAGCACGAAGGCGCCGATGTTGCCAAGCCCCACCCACACGTGGTAGCCCACGGGCCTGAGCGCCGGCACGATCGGTCGCTGCGGCACCCCGTTCCAATCGTATGCCCAGAGACGCTGCGTGGAATCAGCCTCGACGACGATCGCGCTGAAGCCGTTGCCGTCCGGCATCGGCGTCGGGGAGTACTCCTGCTCGACCGCCGTCCGCGTCAGCTGCGAGACCACGCGGCCATCGACCGTGACGCGCCACGAGTCCGCTCGCCCGTCCGCCTCGATGCGCGTGAACAGCAGCGAGCGGCCGTCCGGCGCGAACTGCGGCTGGTTGTCGTAACCGGCACGCCGCGTCACGTTGCGAAGGTCGCCCAGCGAGAGGGCCGAACCGCTGCCGCGCAGCTCGCCCACCCAGATGTCCGTGCCGCCCTGCGCACCGAGCGCGCTCGCCAGCAGCATCGTCGACACCACCACACCGATTCCCCGCATCACCGTCGCCTCCGCTGAGGTCAGACCGCCGGCAGCACCACGCCTCGACATTCGCCGAACCCGATGCGTACGGCACCCGGCCGCTCGCACCACCCGCGCATGATCACCTCGTCCCCATCGGCGAGGAAGGTCCGCGTCTCGCCGTTGGGCAGCGCCAGCGGCTCCGTGCCGCGCCAGGTGAGTTCGAGCAGGCAGCCGCGCGAGTCCTTGGTCGGACCGCTCACCGTGCCGCTCGCGAACAGGTCGCCCGGGCGCATGTTGCAGCCGTTGCTCGCGTGGTGCGCGAGCATCTGCGCCATCGTCCAATACATGCGCGTGAAGTCGCCCTGCGAGAGGCGCACCGGTGCATCACCCGCCTCCCGCATCTTCGCCGTCTGCAGCCAGACCTCGAGCGTGATGCCGAAGCCGCCGGCGCGCTCGTTCGCGGCGTCGAGCAGGTAGGGCAGCGGCGCCGGATCCGTCGCCTCGCGTGTCCGGGCGGGCACGCGGAACGGCGCCAAGGCATCCAGCGTCACCACCCACGGGCTCAGCGTCGTCGCGAAGTTCTTCGCGAGGAACGGTCCCAGCGGTTGGTACTCCCACGTCTGCACGTCACGCGCCGACCAATCGTTCACCAACACCAGCCCCGCGAGATGCTGCTCGGCCTCGCCGAGCGGAATCGCGTGGCCCAGCGCGTTGCCGCCGGCGATGAAGGCCCCGACCTCGAGTTCGTAGTCCAGCCGCGCGCTCGCGCCCCAGCTCGGGGGACCCTCGGGCTTCGCGCTCGTCTGTCCATGCGGCCGCTTCACCGCCGTGCCGCTCACCACCAGCGAACTCGCCCGGCCATGGTAGCCGATCGGCACGTGCTTGTAGTTCGGCAGCAGCGGATTGTCCGGCCGGAACATCGAGCCCACGTTCGTCGCGTGATCGATGCTCGCGTAGAAGTCCGTGTAGTCCCCGACCTCGGCCGGCATCGTCATCCGCACCGCCGCCATCGGGACGAGCACGTCCGCCACGCGGCCTTGCTGCGCGAAGCTCGAAGCCAGCAGCTCGCTCACACGCCGACGGAGGGCGGCGAGGCCCGTGCGCCCCGTCGCGAACAGCGGCGTGAGCGACTCCGCATCCAGCGCCTCGAGCACATCGGTCCGCAGTCCGTCGAACAGCCCTGCGTCCCGCGCGGCGCGCAGGTCGAGGACGCGGTCGCCGATTGCCACTCCGCTGCGCGCTGCCTGGCCGTCCACCACGATGAAGCAGCCGAGCGGCAAGTTCTGGATCGGGAAGTCGGTACCGCCCGCGTTGGCCGCTTCCA
NZ_CP130613.1_gap76	2884334	2888489	4155	CGCGCCCAGCTGCGCCTTGCGGGGAATGCTCCACGGCATGCTGAGGTCGCGCGACTTGTCATCGAGGACCAGGCGTGGCCACTTGCCGTCGCCTTCCATGACGTCGCCGCGCAGCTTTGCGCCCTCCACCGACGCCACGCGAAAGCGCCCGCCGTCCGGGAGGCGCAGCCGCGTGAGCTTGGTCAGTGGAAACGTGAGGAACGCGCTCCAGAGGAACGGCAGCCGATCCTTGCCCGTCGTGTGCGCTTCGTACCGCGCCTCGACGGCGCCGTCGGGCCGCACCAACAAGGTGCGCGTGAGCGCCCACGGCATGCGCTCGCCGCGCCAGGTGCAGCTCAGCTTGTGGCCATCGGGGTCCGTGCTCAGCGTCGTCTCGGGCACCTGCGCGCGCGCCTCGCCACCGACGGGCAGCGGGCGTCCGCCGACGCCCTTCACCCACTCGGGCACGTGTCCGCCCCCGGCACTCGGCGCGCACTCATCCCAGCCCGCCGACGCGATGGGTGCCTGGTTGAGGCGTGGCAGCGTCGCCGAGGTGGTGGGCAGCAACCACTCGTGATCGAACAGGTCCAGCGACCGCACGCGGCCACCGAGCGTCGGCACGACCTCGATGCGCGAGTCGCCCCCTTCGAGGGCGACGAATCCCGGCTCGGCAGCGGCGAGCGCGGTGGCCACGCTCAGGCGACGCTAGCCGGATCCACGCCGCGCGTCTGCAGCACGCGCGTCACGGCCTCGCCGATCTTGTTGTTCGGCGTGCTCGCGCCGGCCGTGAGCCCGACGCGGAGCGGACCGGACGCCGGCAGCCAGCCGCTCTCCGACACTTCCTTGCCCGTCGCGAGATCGCGGTGGCGGATCGTCCCCTGCTCGGGGTCGATGCAGTTCGCGTCCTCGACGTGATACGTGCGCACCTTCTCCGCACAGAGCGCGGCGAGCGAGATCGTGTTCGAGGAGTTGTAGCCGCCGATCACCAGCATCACGTCCAGCGGCTCCGTGAGCAGCGCGTTCACGGCGTCCTGCCGGTCCTGCGTGGCGGAGCAGATGGTGTCGAAGGTGCGGAAGTTCTGCGCGCGATACTCGGCGCCGTGCACACGCTCCATCGTCTGGCCCACGGCCTCGCCGATCGCCAGCGACTCGCGCGCCAGCATGGTCGTCTGGTTCGCCACGCCGATCCGCTTCAAGTGCACGTCGGGATCGAAGCCAGGGCTCGCCGCATGCGCGTACTTGGCCAGGAACGCCTCGCGGCCGCCCGGGAACGTGCCGGCGATGTACGCCATCACGTCCTCGGCCTCCGCCATGTTGCGCACCACGATGTACGTGCCCCCGGCGTACTTCTCCACCTGCGACGCCGTCGCCCGCGTCTCCTCGTGGTAGTACTTGCCGTGGATCAGCGAGGTGAAGCCGTCCTTCGCGTAAGCATCCACGCGCTTCCAGACGTTGAGCACCGAGCCGCAGGTCGTGTCGACCATGACGCAGCCGATCGCGCGCAGCGTCTCGAAGTCGTGGATGGTCACGCCGAAGGCCGGCAGGATCACCACGTCGCCCGGCTCGACGCCCGTGTAGTCGAAGCCCTTGTCGCTGGGCTTCAGGAACACGATGCCCATTTCCTTCAGCTTCGCGTTCACGTGCGGGTTGTGGATGATCTCGCCGGCGAGGTAGATCTTCTTGTCCGGGAACTTGAGCCGCGTCTGGTACGCGTACTCGACGGCCCGCTCCACGCCGTAGCAAAAGCCGAACTCCTTGGCGAGGCGGATGGTGACATCCCCGGCCGTGAGCGTGTACTCACGGGCCAGCAGCAGGTCGACCAGCTTGCCGTCGTAATCGGCGGTCAGGGTGTTCTGGACCTCGGCCTTCAGGCCGAAGCCCTTGCGGACGTACGTGGACTCGGAAGCCATACGGGAAATCTAGCGGTGGCACCCCCCTCCCGGGGGGCGGAAAAGCTCGCGCGACCGGCCGCCGCGCCGTACCTTGGCGCCCATGGCCGAGCACTACGACTTGTGCGTGATCGGGAGCGGACCCGCCGGCGAGAAGGGCGCCGCGCAGGCGGCCTACTTCGGCAAGTCCGTCTGCCTCATTGAACGCGCGCCGAAGCCCGGCGGTGCCGCGGTCAACACCGGGACCATCCCCTCCAAGACCCTCCGCGAGACCGCCCTCTACCTCAGCGGCCTCCGCCAACGCGGGCTCTACGGCGTGGATTACCGCGTGAAGAGCGACATCACGATCGGCGACTTCATGCACCGCGAGCGCGCCGTGGTGGAGGCCGCGTGGGAGACCATCGACGCCAACCTCGACCGCCACAAGGTCACCCGCATCCAGGGCGCGGCGCACTTCGTGGATCCCTACACCGTAGAGGTTGCGCGCTACCAGCAGCCGCAACGCCGCATCCGCGCCGACGTCTTCCTCCTCGCGACGGGCTCGCGGCCCGCGCACCCGCCGGAGATTCCCTTCGACGGCCGCATCGTCGTGGATTCCGACGACGTGCTTTCGCTCACGCAGATCCCGCAGCGGCTCATCGTCATCGGCGGCGGCGTCATCGGCTGCGAGTACGCCTCGATCTTCGGTGCCCTCGGCGTGCGCGTCACGCTCATCAACTCGCGCGAGCGCCTGCTCATGCAGCTCGACGCGGACCTCTCCGACGCGCTGCGCGTGGAGCTCACGCGCCGCATGGGCGTGCAGGTCGTGCTCGATACGAATGTCAGCGCGGTCACGGTCGAGGGCGACCTCGCCACGGTCACGCTCTCCGACGGCCGCGCCCTCGCCGCGGACTGCGTGCTCTACTGCGCCGGCCGCGAGGGCAACAGCGAGGGACTGCAGCTCGATAACACCGGCGTGAAGACCAACGCGCGGGGGTTCGTGCAGGTCGATTCCACCTTCCGCAGCACCACGGCGCACATCTTCGCCGCCGGCGACATCGTCGGCTTTCCCGCCCTCGCGAGCACGGCCATGGAACAGGCCCGCGTCGCGATGTGCCACGCCTTCGACCTCAAGTACAAGATGCAGATGGGCGCCGTGCTCCCCTACGGCGTGTGGACGGTGCCCGAGATCGCCACGGTCGGCATGGGCGAGGACGAAGCCCGCGCCAAGGGCATCGCCGTCGAGATCGGCAAGGCGTCATTCCGCACGAATCCCCGCGGCCTGATCATCGGCGACACCGAAGGGTTCGTGAAGTTGGTCTTCACGGTCGACGACCGACTCGTCATCGGCGCCAGCGTCGTCGGCGAAGGGGCCTGCGAGCTCATCCACGTCCCCGCCGCGGCGATCCACTTCAACGCGACGCTCGACTACTTCATCGACGCGGTGTTCAACTACCCGACGCTCAGCGACGCCTTCAAGTACGCCGCCTACGACGGGCTGCAGCGCCTGCAGCGGCGCGTCTCCCGCAGCATGGAAGCGCGCGCGCGCGTCACTTGATCACGAAGGGATGCAGTGCCTCCCGCATCCAGTCGGGAATCGGCCGCTTCTGCATCGTCTCCTTCACCACGCTGACCACCGTCAGGGTCGCACTCGCGCGATGGGCGCGATCGCTGGCACGGTAGGCCTCGAACCGGAACGTCAGCGACGTCTGCCCGATCTTCGCCACGCCGCACTCCACGTCGAGCAACTCGTCCATCTGCGCCGGCGAATGGAACTCCACCTGGAACGCCTTGCGCGGGATCTGCACGCCACGCTCCAGCCGCAACGTCTCGAACGGCAGGCCGCTCGCCCGCATCATGTCGTGCTCGGCCGCCTCGAAGTACTTGAGATACGAGCCGTACCAGATGATGCCCAGCGGGTCGCAGTCACTCCAGCGCACGCGCTGCTGGACACGGAACGGAAGCGGCACATGTGTCGTCACGATTTCGCTGACAGAGGTTCGGGGAAGGTCCTACGCCCGTTCGCCGGTGTAGAATGGTAGCATACGGCAGCGCCCCGCGGTCGGGGCCTGTAGTGTTCCCCCCCTCTGGACCGGAGGCCTCCATGCTCCGCACGATCTTGGTGCCACTCGACGGCTCGGCGCTGGCCGAACGCGCCCTGCCGATCGCCATGGACATCGCCCGCCGCGCCGGCGGTACCGTCCACCTCGTCCGCGCCCACGTCCCGCTCGCGATCGTCGGCGCAACCGCCGAGGGGGTGTTCACGCAGGACATGCTCGCCGCCGACGACGCGCTCCGCAATCGCGCG
NZ_CP130613.1_gap77	2974844	2979163	4319	TGCGCTCGCGGCGGATCTCGGGCCACGGACTGGGGCCGGTGAAATCAGAGGGCGCCTGGGCCACGAGGGGCGCGGTGGCGAGAACGGATGCCAGGAACAGTCGACGCATGTCAGGGAGACGGCTCGGGTCTTCCGAAGTATGCCCGGCGGCGCGGCGCGAGGGAACTCGGCAGATTTCCCGCATGCCTGAACGTCCCGCCGTCAGCCTCGATTGGTCCGAAGGGCGCTACTTCGACCGATGGATGCTCGTTCACTTCATCAGCGGGGTGGCAGGCGGCTTCAGCAATCGCTGGTTCGACCTGACGACCCCCATGGTCTTCGCGGTCGCTTGCATCGTGATGGGCATCTGGGAGCTCGCGGAGTGGGTGTCCGGCGTCACGGAGAGTTGGACGAATATCCTCCTCGATATCGCGGTCGGCTGCGCCGGTGTGGCGGTTGCGCTGGCGATTGCCGCACGGCTCACCCCGCGGGGCGAGGTCGTCGCGTTCACGACGACCTTCGCCCTCGCCGCCGCAGGCAGTGCGCTCGGCTGGTTGGCCTATCGCCGCCGGCGCGATCGGCGTGATGGTTGGGCTGGGCGAGGACGACGCGCATCGGCAGGGGTCCGCGGGGTCAGGGGACGTTGACGGTCCGGCTGGCGGGACAAGTTGCCCTTGAGCCGCCAAGGCCCGTCAGAAGCGAAGCGCGGATTCTCCCTGAGGGAGATTCCGGACAACCGCGAAGGCCTTCGACATGCCGCCCTGCTCGGCGTAGCTTTGTGGCGTTGTCCGCCCTCTTGGTCGGCCTGAACCGAATCGTTGGCGCCCCCCGTCCTTCGGAGCCCTGATGTCGCTCGCCTTGCCGTGGCTGTATCCGCTCGCCCAAACCGCTGCTGAACGCCTCGCGTCCGCGCGCGACGGACTCGACATCCCCTTGGGCCAGCGCCTGATCGGCCTGCTCGGCATCGCCGTGATGCTGGGCATCGCCGTGCTGCTCTCCAGCGACCGCAAGAAGATCGACTGGCGACTCGTCGGCGCCGGCGTCGGCCTCCAGACGCTGTTCGGCGTGCTCGTGCTCAAGACCGAGATCGGGCGCCAAGTCTTCGCCAAGGTCGGCGACTTGATCACCTCGCTCCTCGGCTTCCAGGAGCAGGGCGCCCGCTTCGTCTTCGGTAACCTCGTGCAGTCGAGCGTGCCCGTCACCAACGCCGACGGCAGCACGATCGAAGGCGCCACGCAGGTCGCCCAGACCGGCGCCTACTTCGCCTTCAACGTCCTGCCGACGATCATCTTCTTCTCCGCGCTGATGTCGGTGATGTACTACCTCGGCGTGATGCAGATGATCGTGAAGTCGCTGGCCTTCGTCATGCAGAAGACGCTCAAGACGTCCGGCCCCGAAACGCTCAGTGCGAGCGGCAACATCTTCCTCGGCCAGACGGAAGCGCCGCTGCTCATCAAGCCTTTCGTCGGCACGATGTCACGCAGTGAACTCAACACCGTGATGGTCGGTGGCTTCGCGACCGTCGCTGGCGGCGTGCTCGCCGCATACGTCGGCATGCTCTCCGGATGGTTTCCGGGCATCGCGGCGCACCTGCTCGCCGCCAGCGTGATGAATGCGCCCGCCGGCCTCGCCATCTCCAAGATCCTGCTCCCCGAAACCGAGGAATCACGCGCAAAGGCCGCCTCACTCCGTGAAGCGGAAGCCGCGATGAAGTCCGCGGAACCCGTGCCGCCGCGCAAGCGCATCTTCCAAATCGGCGGCCACAGCGGAGAGAGCGGCATGATCGAAGCCGCCGCCAACGGCGCCGCGCAGGGCGTGCAACTCGCCATCAACGTCGCCGCGATGCTCATGGCCTTCGTCGCGCTCGTCGCCCTCATCAACGCCATCCTCGGCTGGGGCGGCGCGCTTGTCGGCATCGACGGCCTCTCGCTCCAGAGCATCCTCGGCACCCTGCTCCGTCCGCTCGCGTGGGTGATGGGCGTGCCGTGGCAGGACACGCCCTACGTCGGCTCGCTGATCGGCCTCAAGGCTACGCTCAACGAGTTCGTCGCCTACGCGCAGTTCGGCGCAGACCTCGGCGCGGGCCAAGTGCTCGAGCCGCGCTCGGCGATCATCCTCACGTACGCGCTGCTTGGCTTCGCGAACTTCAGTTCGATTGCGATCCAGATCGGTGGCATCGGTGGGCTGGCACCGGAGCGGCGCGGGGAGATCGCGCAGCTGGGGTTGAAGGCGATGATCGGTGGCAACCTTGCGGCGTTTACGTCGGCATGCCTCGCCGGGATGCTCGTGTGACCTGACGGGGCGGTCACCCGCCCTGCGATCAGGCCGGCAGCGGCACTTCGAAGCCGCAGCGTGGCCGCGCGGCGTGGTCGCAGACGGAGGTCACGCGAGTCCCCGCGACTTCGCCGAGCAGGGACTCGACGGCACGGCAGAGTCCCGGATGCTGCGACACGGCGTCGCCGAGCGGACAGGCACCGCAGCCGCGGATGATGACGCGATCTGCGTCCGTCTCCGCGCGCGCCTCGCCGCCGAGGATGGTGAGCGCGTCGATCGCCGCTTGCACTCCCGCCGTCGGCGCGGCGTGCGCGGGATAGCCCAGCGCCCGCGCGAGCCGTTGGCCGACCGCGTGCATCACATCCGGCCCGAGGTCGGCCGGCGCGCGCGTCGCCAGTTCGTCCAAGACGGCGAGCAGCACCGGGGCGTATGCCCGGGAGAAACCCACCTCGGCATCCGGATGGATCTCGTACACGGTGGCTGGCTTCCCCGCCCCCGCGCCACGTCGAACCCCCTGCTGACGCACGAGTGCGTCGCGCTCAAGCGTCGAGAGGTGCGAGCGCACGGCGTTGTCCGAGAGCCCCAGGGCGCTGGCGAGCTCCTCGACGGTACTCGCCCCCCGGCGCAGCAGGGTCACGATTCGTCCCCGAGTCGTCTCGAAAAAGCGTCCATCCATCGCCGTTGCCGCCACGCGAGAGCCTCCATCCGGTGATAACTGCACAAAAACTAGTCAAAATCCGCCAATTCCACAATAATCACCATTTCATATTGACTTATTTGTTTTAATGGGGTATCGTCACTGCGCAGGCCATTTCACCCCCCCATTCCTCGGAGATGCATCATATGAAGCGCTCACTGATTGCCGTCGCGGCCACCGGCCTCGCCATCACCCTCGTCGCCGCTGCGCCGGTTGGCGAGCCGACCTCCGCGGACTCCGCGGCCGCGCCGGTCGCTGACGCCCGCCTCCTCGCCTCGCTCGACGATGCCACGATCGTCGCGATCTTCGACGCCGCGAACACGGCCGACATCGAGACCGGCCAACTCGCGGCCCAGCGCGGACAGTCGCCGGAGGTCCGCGAGTTCGGCGCGATGATCGCCCGCGACCACGCCGCCGTGCGCCAGATGGGACGCGACCTCGCCAAGAAGCTCGGCGTGACGCCGACGCCGCCAGCCAACGACGCCGCCCCGGCCGCGCACGCGACTGCGATGCGCGAGCTGCGCGCCGCCCGCGGTGCCGCGTTCGACCTCGCATTCCTGCGTCACGAGGTCGCGTTTCACCAATCGGTGATCGATGCGATCAACTCGACGCTGTTGCCGGCGATCCAGAACGCCGAGTTGCGCGAGTTGGTCACGAAGGTGGCGCCGGCGTTCGAGGCGCACCGCCTTGCCGCGGCGACGCTCGAGCAGAAGCTCGCTGGCGCGCGGCGCTAGGACCATCCGACGCGACACGAACGGCACCGGCGCGCCGCACGGCGCGCCCTCCTCGCGGCGGGCATCGTTGGCGCCGTCGTGCTCGCGGCCCCCGTCGCCTGCAGCGACGGGGGGCCCACGGGTCCGGGCATCGCGCGCCTCATCGAGGAAGGAAAGCGGATCTTCCGGTACGACACCTTCGGCGATGAGCAGTTCTGGACTGACGCGCTGCCGCAGGGCCTGAAGGATGCGCTCCTCAAGCTCGACGCCGTCGTCGCGCACTACGAACGCATCTTCTCACTCAGCCTCTCGGCACAGCAGCGGCCTGACCTCGTCCAGTACCTCAAGTCGCTGTGACACCCTGACCACCTGTCCTCCACGCAGTCTTCACGCAGCCTTAACCATCCCGTAACGGAACCGCCGGGGCCGGCGCAATCTCTGCGGCGTACGATCTCCCAAGACCCTCACGGGAGACCAGCATGCTGACGACCCTGATCGCCTCGCGTCCGACGCAGCACACGACCGCCAACGGCACGGCGTTCAGCCTCGCCCTGCACCTCGGCGTGATCGCGACGATGCTCGTCGCCACCACACAGCGCGACGTCTTCACGCCGCCGTCGAGCAGCACGCGCATCGTGCCACTGGTGGCACCCGCC
NZ_CP130613.1_gap78	2981016	2984610	3594	TGCACCAAGGCCAGCGCGCGGTCCGCCAGCACGCGCGCCATCTCGTGCGCGTTGTCCAGCGCCGGCGTCAGCACCAACGGCGTGCGCGACGCCGTGCGCTCGATGCCCGCCATGTGCAAATGGTGCTCCATCGTTTCGTCGAGCCGCACGTCCTGGCCCGCGAGGTAGCGAATCTGCTCGTAGTGCCCGCTGTGGCTCGAGACGAGCATCGGAACGATCACGATGCGCGACACGCCCTTCGCGTCGAGCTTCGCCACCGCATCCTGGAAGCGCGTCGTCGCGGCACCAGGCCCCATGAGGAAGCTCACTTCCACGGGACCGCCGGTCTGCGCCTGCGCCGCGATGGCGCGCACGCCGGCATTCCAGGTCGAGTCGCCGCCGTGGGCGATGACGATCGTGCCCGTCGTCGCGGGTGATTGCGCGCCGAGGGAGAGCGCGGTGAGGGCGAGGAGGGAGAGCGTGCGCAGCATCAACGGAGTCCGGGTAGGGTGTAGGTGAGGGTCGTGTACACATGCCGACCGGTGAATCCCGCCCATTCGCGGGGGCGGCGGTCGAAGAGGTTGTCGGCGCCGAGCGCGAACTCGAGGCCGCTCACGGGCAGCGTCCGTGCGACGCGGAGGTCCACACGGGTGAAGGCGTCGCGCCAGCTTCCGACGGCGCCGGTGGAGTCGTCGCGCTGCATCGGCGTGCGGCCGGTGTGGACGAGCGTGACGCTGCTGCGCAGCGCAAGCGGCAGCACGGCTTGCACGCCAATGCGCGCTGAGCGCGACGGCCGGCCGAGCAACTCCAGCCCGCTGCGCTCGTCCCGCGTCTGCAGCAGCGAAGCGCCCAGCTCGCCGCGCAGCCGTCCGCTGGCCACGAGGTTCGCGCCGGTCTCGAACTCCGCGCCGCGCGTCCATCCGCGGTCGCGGTTCTGGTACTCGTACACCGGCGCCTCGTTGGGCGCCGAGACGATCTGCGTCTCGATGAAGTCGGCGAAGGTGTTCTGGAACAGCTGGCCGCGCACGTAGCCGCCGGCCGTCGCCCACTCGATGCCGAGCATGGCGTTGCGTGAATGCTCCGGCTGCAGCAGCGGATTGCCCTGCACAGCATAGCCGGCGTTGGTGTTCTGGAAGAACAGGAACAGCTCCTTGAAGTCCGGTGCGCGGAATCCGTCCCCGTACGAGGCGCGCAGCGTGACGCGCGGCGCCACCTGTGCGCGGGCCGCGACGCGCGGCGTGACGTGTGTACCCCACACGTCGCTGTGCGTCATGCGGACGCCCGGGAGCAACGTGAAGCCGCGCAGCGGCGAGAACTCCAACTGCGCGAACGGCTCGAGCGAGGTATGCGAACGCCGGCCGCCCGGCACGCGCGCCGTCTCGATGGCGTCCGTGCGCAGTTGCACACCCGCGTCCAGCGAGACGCCGCGGCGGAACGCGCCGTTATACAGCAGCTCGCCCAGCAGGATCTGCTGGCGCTGCCGATCGCCGGGATCGCCCGCGACCGGCGCCGTGAAGGCGCTGGTGTACGCGGTGTGATCCCAGTCGGAGACCGCGAGCTTGGGACTGATGCGGTGCGCGCCGCGCGTCCAGCTGCCGCCCACGCGTGCGTTGAGCTGCACGTTGTCGCTGATGCCGTAGAAGGTGCCCGTGCGCCAGCGCTGACGTTCGTCGAGCGCAAGCACCGCGAGCTCGGCTTGCCGCGCGCTGTCCGGCCGCCACTGCATCGTCGCCGCCACGTCGAGTCGGGCCGCCAATGCCCCTTCGTTGCGCGCGATACCCGGCGCCGATTCCTGCGTGCGCCGCGCCACGTCGAGCGACGTCGCGAAGTCGCCGGCGACGAGCTGCACGCGCCCCGCTGCATCCATGCGGCCCTGCGCGCCCATCGTGCCGCTCGCGCTGACACCCACGCGGCGGCCGTCGTCGCTGGGCCGGCGCGTGATGATGTTGATCACGCCGCCCATCGCCTCGCTGCCGTACAGCGTGGACTGCGCGCCCTTCACTACTTCGACGCGCTCCACCATCCCGACGGGGATCCGCGCCAGGTCGAAGTTGCCGGACAGGCGCCCCGCCAACGGCTGCCCGTCGAGCAGGATGAGCACGCGCTCGCTGCCGATGCCCTGCAGCATCGCGCCGCTGCCGGCGGGATGGCCGCCCTGCATCTCGATGCCGAGTTGCTCGGTGAGGACGGCGGCGAGATCGGACGCTCCGCTGCGCTCGAGCTCGCGCCGGCTCACGACTTCGACGGTCGCGACGGCGTCCGCCAGCTTCTGTTCGCGACGCGCGGCACTCACCACCACCTGGTCCAGCGCCAATGCGGCGGGCACCAGCGCGACATCGTGGGTGCCGGTGCTGGGCACCCGCGACTGCGCGACGAATCCCATCGCGCGCACGCGCAGCTCTCGCGCATTCGCCGGGCGCCGCGTCGCGACCCATCGCCCGTCGGCATCCGTGCGCACGCGCAGCGTGTCATCGCCGATCAGCAGGACCTCGGCGCCCGCCACGGCGCGCCCGTCAGCGCGCGAGGTCACGCGCCCGCGCGGCAGGTCCTGCGCCGCGAGCGTCGGCGCGGCGACGCAGGACGCCGCCAACAGCACCACCAGCCGTCGACGCATCAGTCCAGCTTGGCCCAGCGGAACGTGATGTGCCGCGCAGCTCCCGTCGCGCTGTAGTAGCCCGTCACCTGCAGCTTGTAGGTATCGCTGCCGCGGCGCAGGAAGTACACGTCGAAGGTGGGCGAGATGCGGTGATCGCCGAGAATGTTGTAGCGGTAGTAGCGCTGGCTACCGAAGACGCCGGCGTAGGTGTCGATGCGATAGGCGCTGGCGTTCGTGACGGCCGTCGTGAGGTCGGCAAACGCGGTGGCGGTGGTCGCCGCACCGGCCTTTCCGCTGCCGCTGATGCCGCCGTTCACGCGGATCGTGAAGCCCTGCACGTGCAGGTCCCACGCTGCGTCATCCGTCGTGATGGTGCCGGTGTTCAAGTCGACACGCGCGCCGCCGGTGGCGCCGGCGTTGATGACGATCTGCTGCGGCGCCGGCAAGGCCGACCCGCTCGTCGTCTGCAGCCGGTACTCCAGCGTGACCGAACCCGCGTGCGTGGCCGTCGGCGTCGCGATCGCCTTCACGCGCAGCGCAGCGAACGACGTGGAATCGCTGAGCCGCAGCAACCAAGTCTTCGTCGTGTCGGCGGTCGCAGCGGCGCCGCTGCCCGCGTGCCACCCGACAATCGCCGGCGTCAGCGCATCGCTCACGAAGCTCAGCCCCGGAGGCACGGCTGTGACCGTATCGAAGTCTGCAAACTCGCTCTCCGCCGTCATGGCCAGCACTTGGTCGTTGGTGGCGGACGCGTTCTGGCAGAGGCAGGCCGCCGTCACTCCACCCGGACCGGCGTCGCCGCCGTTGAGCGTCACGTTGGTCCCCAAGAACGCGATGTCCCAGGCTGTGCTCGCATTCGGGCTCGGCGTCGGCGTCACGAGCGCCGAGTCGGCGAGGCTCACGAACTGCCAGGCGCTGGTCGCGATGACCGTGATCGAGCCCTCGTCCTGCAGGCGGCTGGGGGAAACGACGTTGTCGGTGGTGCAGGCGGTGAGCGCGGCAACACCGGCGATTGCTGC
NZ_CP130613.1_gap79	2994870	2997747	2877	GTCGCCACTCCTCCCGGATGCACGACCGTCACGCCGATGTGCGTGTCCTCGAGCTCCCAGCGCAGCGCCTCGCTGAATCCGCGCACCGCGAACTTGCTCGCCGAGTACGCCACGTTCCCCGCCGGTGCGACCATGCCGAACACGCTCGACACATTCACGATCTGCGCCGCATCGCAGGACCGCAGCGCGGGCAGGAAGGCGCGCGTCATCCACACCGTCCCCCAGAAGTTCACGTCCATCACCCACGCGACGTCATCATCGGTGACTTGCTCATACGTCCCGCCCAAACCGACGCCGGCAACGTTGAACAACAGGTCCACGCCGACGTGGTGCGCCAGCACCTGATCGGGGAACGCCTGCACCTGCGCCCGGTCCGACACATCGAGACGATGCGCGCTCACGCGCAGCCCCTCGCGCGCCACCAACTGCGCCGTCTCGGCCAAACGTTCGGCGTGCAGGTCCGCGAGCGCGAGATGGCATCCGCGCGCCGCCAACGCGACGGCCGTCGCACGCCCGATGCCGCTGCCCGCCCCGGTGACCACCGCCGTGCGACCGGCGAGGCGCATGCGCTCAGGCACGCGGGCGTTCCCCGCGGCGGAACTGCATCACCCGATGGTTCACCTTGCCATGTCGCAGCAGGAACAGGTCGCGGATGTAGTTCTGATACAGCCGCCACGGCGCCGCGGGCCCCTGCTTCGGCAGGAACGGCAGCGCGCGTTGCACGTAGCCCGACGTGAAGTCGAGCACCGGCTCGCCCTCGATCCCCGGTTCCCGCTGCGGCGTCGCCTGCACGTAGCCCTTCGCATCCATATAGTTGAGCAGCCGGCACACATGCTCGCTCGTGAGGTCGCACTTGAGCGTCCAGCTCGCATTCGTGTAGCCGAAGGCTGACGCGAGATTCGGCACGCCGCTGTACATCATGCCGCGGTACGCCATCGTGTCCGCGAGGTTGACACGCTGGCCATCCACCTCCAGCGACATTCCGCCAAGCAGCTGGACCACGAGGCCGGTCGCCGTGACGACGATGTCCGCCTCGAGATGCCGCCCGGACGTGAGGACGATGCCCGTCGCATCGAAGCGCTCGATCTGGTCCGTCACGATGTCCGCCCGCCCCTCGCGCAGCACCCGGAACAGGTCGCCATCCGGCACGATGCAGAAACGTTCGTCCCAGGGGTTGTACTTGGGATTGAAATGCGTGTCGACGTCGAATGCCGGCCCGAGCTCGGCGCGGTTGCCCTTCTGGATCAGCCGACGGAAGAATCCCGGCCATGCGCGCGCCACGTTGAAGAACAGCATCTGCCGCAGGATGTTCTTCCAGCGCGCCGCCGCGTACGCGGCATCCTCCGACATCACCTCGCGGAACACGTTCGCGATGCCGTCCGCGGCAGGCAGCGAGGCCACGTAGGTCGGCGAGCGCTGCAGCATCGTCACCGACGCCGCCGCCCCTGGCCCCTCGGCCATCGCCGGCACCAGCGTCACGGCCGTCGCGCCGCTGCCGATGACGACGACGCGCTTGCCGGAGTAATCGAGATCCTCCGGCCAGAACTGCGGATGCACGAAGCGCCCGCGGAACTCGCCCGTCCCTGCCCACTCCGGCAGGTAGCCCTTCGCGTAGTCGTAGTAGCCCGTGCACGTGTACAGGAAGTGCGCGCGGAGTGTGCGGCGCTCGCGCGCGGCGCCGACCTCCATCGTCACGGTCCAGCACGCGTCGGCACTCGACCACGACGCCGCAACGACGCGGTGTCCGTAGCGGATCTTCCGATCGATGCCGTAGGCGCGCGCCGTGTCCTCGATGTACGCCTTGATGGACGGTCCATCGGTAATCGCCTTGCCGCCGGTCCACGGCCGGAAGCGGTACCCCAGCGTGAACATGTCGGAGTCCGAACGCACCCCCGGGTACCGGAACAAGTCCCAGGTGCCGCCCATCGCCTCGCGCGCCTCGACGATCGCATAGCTGCGACCGGGGCACAGCGTCTGCAGGTGGTAGGCCGCGCCGACGCCGGAGAGTCCGGCGCCGATGACGAGCACGTCGACGTGTTCGGGAGTCACGCCGTGGAGCATATCGCCGCGCTCGCGTATTCGTCAGGGATGACGACCCGCGACCCCATGCTCATCGAAGTCTGGTCCGACATCGCCTGCCCCTTCTGCTACATCGGCAAGCGGAGGCTGCAGGGCGCACTGGCGCGCTTTCCGCACCGCGACGAGATCCGCGTGGAATGGCGCAGCTTCCAGCTCCAGCCGCAACTCGTCACCGATGCCTCGCGGCGCCTCAACGAGTTCCTCGCCACGAGCAAGGGCCTGTCACTGGCGCAGGTGGAGCAGATGCAGGCCCACGTGCGCGCGATGGGCGAGAGCGAGGGCATCGCGTTCGCGATGGACCGCGTCGTCGTCGCCAACACCTTCACCGCGCATCGGCTCCTCCAGTGGGCGCAGTCGCTCGGCCGCGGCGACGCCATGAAGGACCGACTGCTGCGCGCCTACTTCACCGAGGGCGCCAACGTCGACGATCACGCGTCGCTGCAGGCGCTCGCCGTGGACGTCGGACTCGACGCCGCGGCCGCCGCCGCCCTGCTCGCCAGCGATGCCTTCGCCGACGAGGTGCGCCGCGACATCGCCGAGGCGCGGCAGCAGCGCATCAGCGGCGTGCCGTTCTTCGTGTTCGACCAGGCCTACGCGGTCAGTGGCGCGCAGCCACCGGAGCTCTTCGACCAGGCGCTGGCGCAGGCCCACGCGGAGTGGCGCGCCGCGAACGCGTTGGCTACGCCGTCCGCAGCGTCCTGAGCGCGCGTTCCCAGCGCGCGAGTTCGGCCAGCATCCCGTTCGACGCCTTCACCTGCACGTCCCCAGGCTCGAAGAGGCCGGTCTCCTTGTTCACGA
NZ_CP130613.1_gap80	3047725	3048672	947	CCTGCGAGCCGTCGGCGGGTTCAGCATGTCGGCGTCACGGTCAAATCGCACCCGCGACATCACGAACCGCGTGCCGGGATTCCATGGATTGTTCTCCCAGAATCCCCAGACACCGCCCGCACCCAGCGCGTCGTGCACGGCCACCGCCGCGGCATGGCGCGCAGCCCGCGGGATGTGGTGAAAGACGCCGTTGCAGTAGGCGACATCGAAGGAGCCGAGTGTCGGAAGGTCCGTGACCCTGCCCCACTGCGCCCACGGATGACGGGCTCGCGCACGCGCGAGCATCTCGTCGCTCACGTCGACGCCCACCACGTCGGCCGCCTCGAGCCCATCGCGGAGCAGCGGGGCGGTGTCGCCGTCACCGCAACCGTAGTCGAGCACGCGACGCACCGGCCAGCGGCCGATCTCGATGAGCCGGTCGCGGAGCAGGCGCACCCGCTCCTCGGCATAGTGCTGCTTGTCCCCGCCCGTGAGGCGGAGGCCCGCCGCGAGGTCGGCATCGTACTCCGCCGCGTACGCGTCGAACTCCGCGCCCGCCCCCGACTCAGCCATCGGCGCGCCCGAGCCCTTCCGGTGACACGATAGCCTGCGAGGAGGCCACGCGTTTCTGCATCCCAAGGATGCCCAGGAAGAACGACCCGAAGACGGCCTGCACGCCGAGCAAGGCGAGCAACGCGCCCGGGATCACCGTCCGCAGCATGCGCGAAAGGTCCATCGGACCCCAAGCCGCCGCGCGCCAGTCCAGCACGGCACTCCCGAGGATGGCAAAGCCGACGGCCGCGACCACCGCGCCGCCAAGCATCCCGCTCTCCAGCGACAGCGCCCGGAACGTCCGCAGCAGCCGCTGGTCCGCGGGCAACAGGTCTTCGTTGATGGCAAAGACCTTCGTGAAGACGGCGAACTGCACGAGCAGGAATCCCGTCGACACGAACAGGCTGCCGAACAGC
NZ_CP130613.1_gap81	3062476	3067397	4921	ACGGCCATCGGCGGCAACCTCGCCGGCGCGCCGGCGCTGATGGGCAACACCGTGCTCTGGAAGCCGGCCGCCAGCGCCATGCTCTCCGCCTGGTACACGCTGCAGCTCCTGCACGAGGCCGGGCTTCCGAAGGGCGTCATCAACTTCCTGCCCGGCGACCCGGTAATGATCAGCGACATCGCGCTGAAGCACCGCGACCTCGCCGGCGTGCACTTCACCGGCTCCACCGGCGTGTTCAACTCGATGTGGAACACGATCGGTACGAACATGAGCAGCTACCGCTCGTATCCGCGCATCGTCGGCGAGACGGGCGGCAAGGACTTCATGATCGCGCACGCCAGCGCCGACGTGCAGGCCTTCGCGGTGGGCGTCGTGCGCGGCGCCTTCGAGTACCAGGGCCAGAAGTGCTCGGCCTGCTCGCGCATCTACGTGCCCAAGAGCATCTGGCCCGAGGTGAAGGCGCGCATCACCGCCATGATCGACGAGATCAAGGTCGGCGACACGAACGACTTCTCGAATTTCATGGGCGCCGTCATCGACCAGCGCGCCTTCGATCGCATCAGCGGGTACCTCGCCGACGCCAAGCAGAACGCGAAGGTGATCGCCGGCGGGACGGCCGACGGCTCGACCGGCTGGTTCGTGAAGCCCACGCTCGTCGAGACCACGGATCCGAAGTACCGCCTCATGTGCGAGGAGATCTTCGGCCCCATCGTCACGGCCTACGTGTACGACGACGCCAAGTGGGAAGAGACGCTGAAGCTCGTCGACGAGACCTCGCCGTACGCGCTCACGGGCGCGGTGTTCGCGCAGGACCGCAGCGCGCTCAAGCAGGCGCATGCGGCGCTGCGCCACGCCGCCGGCAACTTCTACATCAACGACAAGTGCACGGGTGCCGTCGTCGGCCAGCAGCCGTTCGGCGGCGCGCGCGCCTCGGGCACCAACGACAAGGCGGGCTCGAAGCTCAACCTGCTGCGCTGGGTCAGCGCGCGGACCGTGAAGGAGACCTTCGTGCCGCCGCGGGATTACAAGTATCCGCACATGGGCTAGGCCCCGCGTCGTCCGCTCACCCTTCACCGTCCACGCTTCTGCGCTACCTCACGCTCGACGTCTTCACCGCCACGCCCTTCGGCGGCAACCAGCTCGCGGTCTTCCCCGACGCGAGCGGCATTCCCGAGGAGTTGCTGCTCCCCATCACGCGGGAGTTCAACTTCTCGGAGGTGACCTTCGTGTATCCCGCGAAGGACGCCGCGCATACGCGGACGGTGCGCATCTTCACGCCGGAGAAGGAAATGCCCTTCGCCGGCCATCCGACGATCGGCACGGCGGCCGCGCTGGCGCTGGTCGAGGGCGCCCTCGGCGGCGCGACGCAGGGCACCCTGACCCTCGACCTCAAGATCGGCACGGTCCCGGTCGATGTGCGCGTCGAAGGCGACGGGCTCGCGTGGGCCGAGCTTTCGGCGGCGAAGATGCCCGAGATCGGGCCCTCGGTGCCGACGCTGAACACCTTGGCCGAGATCCTCTCGCTCGACGCCAAGGATCTGGTCGGCGGCTCGCTCTCGCCGGCCGCGGTGAGCTGCGGCTATCCGTTCCTGATGGTGCCGCTCAAGAGCGTGGACGCCGTGCGCCGCGCGCGCGTGCGCGTGGACCTGTGGGAACAGACGCTGAAGCGTTCATGGGCCCCGGAGATCCTCGTCGCGGCGCGGGACGCCGAGCACGGGGAGCAGGCCTGGCACGCGCGGATGTTCGCGCCGGGCATCAACGTGCCGGAGGATCCCGCCACGGGGTCGGCGATCGCGGCCTTCGGCGGCTGGCTGGCCACGAAGGAATCGAAGCCGGACGGGGAGTTCGCCTGGACGGTGCGGCAGGGCATCGAGATGGGACGTCCCAGCCTGCTCGAGGTGCGCGCGACGAAGGTCGGCGGCGCCGTGACGGCGGTGAAGGTGGCGGGGCGTGCCGTGCTGACCGGCGAGGGCCGACTGCGGCTACCGGCGCGCTGATCGGCGAGCGCGCGCGGCGGCGCGCGCTAGTCGTTGATCCGCAGCATCCCCACGACGGAGCTCCGCACCTTGGGGGGCGTGCCGTCGAAGGCGCGCATGCCGGCATGCCACACGACCGCTTGATCGCGCCCGTTGCGCTTCGCGACGTACAAGGCCTCGTCAGCTCGGGCGAGCAGCGTCTTCGAGACGTCGTCGTCGCGCGCCCAATCGGCGGCCAAGCCGATGCTCGCCGTGATGCGGATGTCCGGCGGTAGCGAGCGGAACCGGTAGTTGCGGAAGGCCTGCATCACGCGGTCCGCGAGGATGAGCGCGCCCTCCTCGTTCGAATCGGGAGCCAAGATCGTGAACTCCTCGCCGCCGAAGCGGGCCACGATGTCCGCCTCGCGGGCGGTCGTGCGGAGCAGCGCGCCGACCTCACGGATCACCTCGTCCCCCGTGAGGTGGCCGTAGTCGTCGTTGATGCGCTTGAAGTGGTCGAGGTCGATGGCCAGCACCGCGAGTTCCTTCTTCTGCCGGATGGCGCGTGAGACCTCGCGCTCGGCGAGCTGGTTGAGACCGCGCCGGTTGTAGCAACCCGAGAGCGGATCGGTGAGGACGATCGCCTGCAACCGCTCGCGCATCTGGTTGTACGCACGGCCAATGACGCTCACCGGGTCCGGCATCTGGTCCGGCTCTTCCTCGTAGCGCGCCGAGAAGTCCCCATCCTGGGCGCGCTGGAAGATCTCCACGAGGCGCCGCATCCGCGCGGCGACATGGCCCTGCAGCGCCACGTAGAGCAGCACGCCGATGCCATACAGCGCCAGCGTCCACAGCTCTTCCGCCGGCGTCGCGATCATGCTGGCGTCGGCCGCCACCGCGACCAGCGTGGTGTAGCCGGCGCCGATGAGGATGAGGTTGGCGATGGTCGCCGTCCACCCGAAGAAGATCTGCGTGAACTGCACCGTGAAGATCGAGAGCAGCAAGGCGCGATCGAAATGCTCGGGCGGCGTGATGAGCAGCGCGCTGCCGAAGAGGATCACCGTATCGGACGCGATGGCGCCGACGACGACGCCCATCGGCGCGTGACCACGCCGCATGAGCACGGCCACGAGCACGCGGTGCCCTACGACGTACGCGACGACGAGCCCGAGCATCGCCAGCAGCACGCCGCGGAGGCCGTAACGTGCCATCAGCACGGATTCGGCGGAGACCACGCCGAACCACTTGAGGGTGATGGTCCCGAAGCCGATCAGTGACGCGAACAGCATCCGGTACCGCGCTTGCCAGCGCAGGATCTCGGCGTAGTGCTCGTCGCTGCTGCGTGAGGGGGGGGTCAGCGGGACTGTCACGAGGGGGAGGGTGGGACCGACTTAGCCCGGCGATGGACCGTAGCCCTTGAAAAGGCCACTATCCCGACAGTCTCGCAAGGGCATACGTCACAACCCCACACCCTGCGCGCGTCTAGAACCTGGCCTCGAGGTACAGGTCGAGTCGCGTCTGCCAGCGGGGATGCATGCCGCGCGAGAGGTCGATGCGCGCCATCCCGTCGAAGAAGCTCGCCCCGACGCCGACACCGCTCATCGGGCGCCCCATCGCATTCCAGCCGTCGCGAGGCCCCGCCCAACCCAAGTCGCCGAACAGCACTGGCCGCGCGGCCACGCTGCCCGTGCCCAACTCGACGCGGCTCAGCCAGAATGCCTCACCGACCCCCGTGCCCGCCGTCTGGCCGCGCACGCTCCACAGGCCACCGAGAAAGAACTGGCGCTGCGCCGGCAGTTCGCCTTCGCTGGTGCCGGCCGCCGCGGTGACCGACGCGGTCACGGGGCCGAGGCCACGGCTCACGATGGTCTCGAGGAAGGCGCGGCCGTAGTCCATCTGGCCGGTCGCTCCCTCGAGCCGCAGGTCGGCGCTCATGCGCCACCCGCGCGGATCCAGGCCGCGGCTGCCGCGCCAGCGCAGGCCCGCACCATAGAACCAACCGGTGTCCGCGACGACATTGCCGAGAAAGCGATCGTCGTTGGCACCACCGAACAGCGACCAGCGGCTATCGACACGCGCGTTCCACTGCTGCTCGGCGAAGACGCGCCACTCCAGCCCGCCGCGCGGCACGCGCTCGCGCGTGAGCTCCGCACCCCAACTGCGATGGTAGAAGCCCTCGTCGCGCGCGTAGAAGAGGTTCGGGAGCGAGGCACCGAACGACAGCGGATCGCCGAAATCCGAACTCACGTTCAAGCGACGGAACACGCCCGCGTGGTACTGCGTGCGGCCGTTGCTGCGGGCGACGGACAGGCCACCGTTGAGTTGCAGGTCGCCACCCGAGGCGCGGCCATCGAGCGCCACGCTGTAGCCCTTGCCGAGCGTCGTGCTCATCCGGGCGCCTGTGCCGAAGCCCTCGATGCGGTTGTAGCGCGTGTAGGCCAGGCCGTACTCGAGCGTCGGCTTGCGCGGCGCCCACGCCGGCTGCAGGCCGAAGTCGAGCATCCGCATGAGCTCGTCGCGCTGCGCGGCGCCGAAGAGTTCTTCGCCAGGGTCGTAGATGGACGGCGGCAGCTCGGCGGACTCGGTGAGTTGCTTCATGTCGCAGGGCACGTCGACGGCCATCGAGAGCGCACCGTTGCCGCGCGTCTCGTACACGCGGTACGTGCCCGTGCGCGCGCAGCCTGCAGCCCGTTCCACCTTGAACAGCTCCTCGCGCGCGGCGTAGAACGCCCGCACGGAATCGCGCACGGCGGCGGAATCCAGCCCGCGGTCGCGGAAGGACTGCGTCAACGAATCGTTGTCGACGCGGTTGACCCTCGGCACCTCCGGCAGGTCATCGAAGCCGTTCACGCTTTCATAGCGATACCGCTGCTCGATCCGGAACGGCACGCGCATGAAGCTCACCCGCGCATAGCCCTCCGCGCCCTGCGTGCGCGGCAGCCAGTACCGTTGCTCGAAGAGGCCGT
NZ_CP130613.1_gap82	3077639	3081178	3539	GGGCTTCGGCGACGTTCGCTTGCGCGACCATCTTCTGGCCGGAGGTCAGCCCGCCGTTGAACACGGGGAAGCTGAGCCCGAGCGTGACGGTCCAGTTCGGGAAGTAGAGATTGAAGTCGCTCGGCAAGAAGGTGCCGTCGGGCGGATACGCGAAGCGCTGATAGGTGGAGCTCAGCTGCAACGCGGGCAGTCGGGCGAGACGCGCGGCGGTGAGGGCCTTCTCGGCAGCGTCGAGCTGCGCGGCGGCCTGGCGCACGGTCGCGCGCGCGGTGGCCGACGTGTCGGGTGCGAGGCTACGCGCGCCAGCGAGCGTGACGGGGGCGAGCGGCGCGGCCATCGCGGCACCTTCGTCGCGGATGGGGGTGGTGAGCGTCAGCGGCTGCGCGAGCGGCAGGCGCAGCAACTGCTTGAGGCGCAGTTGCGCGGCCTGACGGGCGCCGCGGGCCTGGATGGCCGCGGGGCGCTGGTTGTCGCGCGTGACCTGCGCCCGGAGCAGATCGAACTCCGACGCCGTGCCGACCTCGCGCGCGAGGCGCACCTGCGAGAGCGTGCGCTCGGTGAGGGCGAGCGTGGAGTCGGCGATCTCGGCAAAGCGTTCGGCGGCGACGGCGTCGTAGTAGGCCTGCGCGACGTCGAGCAGCGCCTGCGCCTTGGCCGACGAGAGCGCGATGTCCGCGGCGGAGAGTCCGGCCTCGGCGCCGGCGCGCTGCGCGGTCAGGCGGCCTGCGGTCCAGAGGTTCTGCGTCGCGCTGAGCGTGAAGATGAAGGTGTTGGGCGCCGCGAAGATCTGCGCGAGCGGCGAGTTCGCGATGCCATCGTCACCGCCGCCGCTGCCGGAGTCGGGCGCGAACTGCTCGGAGATGGCCTGGAACTGGTTCTGGATGGCGCGCTGGTAGTTGGCGGCGCCGTTGATTTGCGGCAGCAGTTGGCTGTTGGCCTGACGCAGCTGTCCGCGCGCGCGGTCGGCACCGGCCGCAGCGGCACGCACGCCGGCGCTACGCTGCTCCGCCATCTGCAGTGCCTCGGCGAGCGAGAGCGCCGCCGGGGCCGCGTTGGGCGCAGTGCCCTGCGCCTGCAGCGTCGATGACGCGAGGGGCAGCACGAGTAAGAGCAGTGCGACGGCCGTCGCACCGATGGCGCGCAGGACGAGGCGAACGTACGTCGCCGGCGCCTTGTCGCGCGGCGGGAACATGGAGGGCATGAGGTCTCGTCCCATGGCGTCGGCGAAGATGGTGCCGAGCAGCATCGTGGCCGCCGCCTTGAGGTCGGCAGAGGGTGGAATGAAGCGGTGCTCGACCAGCCGTTCGAAGTAGCGCAGGACTTCCGCGCGGGACTCTTCGGGGCGCTCGGCGGTGGTGTCGGCGCACTCCGGATGCTGATGCATCTCGGCGAGCGAGGAGCGGATCATGCCGGCGGACTCGAGCATGAACGCGTGGTCGGCGGCGGCCCACTCGGTGAGTTCGCCCTGCGGATCCACGGGCACCGCGGGCGGCGTCGGGCGGTCGACCGTCGCGGCGCGCGACCGCAGGGCTTCTTCGATGAGTGTCGCCTTGGAGCCAAAGAGCCGGAAGAGCGTGACTTCGTTGACACCGGCTGCTTCGGCGATGCGTCGCGTGGTTGCGCCGCGGAATCCACCCTCGGCGTAGACGCGTAGCGCCGCGTCGATGAGCTGCTGTTTGGTTGGTTCTGTCATACGGAGATCTGGGGAACGAACTGGAGGCAGCAATTAAAGCAAGCGACCACTTGCTTACAACGGGTGAGGTTGTGTTTGGGTTTCAGCCCTGCACAACGTGCTGTGATGTAGAATTTCGTCCATTGATATACGGTATTTGTTCGGTAATGAATCAGCAACTGTGGGATTTCCGTGGTGTGCTTGTCGCCCGCCCGCACTTCAGTATTGAGGAATCGTCGATGCCACCACGCCCCTTCTGGCCCCGCTTGCTGCTCGCCACGCTCTTCACCGTGAGCGGCCTCAACCAGCTGATTCAGGTGCCAGGCGAGTTCCGTGGGGACGACGCGCTACCGATGCTCGGTATACTGCACGTGGTCGCCGGGGTCCCGGGCATCCTCACGGCGATCGGCGCGTGGCGGATGACGCGATGGGCATGGATGGCCGCGCTCGCGTGGGCGGCGGCGACCTCGACGCTGATTCTCTCGCTGGAATCGCTACTGCAACTCTCGCCCGAAGACGCCCAAGGCTTCGTGCCGGCGGTGATCGGCATCGCGCTCGTCGGAACCTGTGCCGCGTGGTATCTCTTCCGCAGCGCGCGGCGAGTCGCGGGGAACGCCGCATCCACCGCCGCGGATTGATGCCGTACGCCTCCCTCCGAGCCTTTCGCCCATGAAGAAGAAGCCTGACGATCCGCAGCTCGCCTCCAAGCTCACACCGTTGCAGTACGAGGTAACGCAGTGCAGCGCGACCGAGCCGCCGTTCCGCAACGAGTTCTGGGACCATCACGAACCCGGCATCTATGTAGATGTCGTCTCCGGTGAGCCCTTGTTCTCGTCCACCGACAAGTTCGACTCCGGCACGGGGTGGCCGTCGTTCACGCAGCCGCTGCTGCGCGAGCGCGTGACGGAGCACACCGACTCGTCGTACGGCATGCGCCGCGTCGAGGTGCGCTCCGCCGACGCGGACTCGCATCTCGGGCATGTGTTTCCCGATGGCCCGGGACCCTCGGGCCTGCGCTACTGCATCAACTCGGCGTCGTTGCGCTTCATCCCGGCGGCGCGCCTGACGGCGGAGGGCTACGCACAGTTCGCGGGGCTGTTTCCGGGCATCGCGCAGGAGTCGGCATGAGCGGCGAAGTCGCGACGCTGGCCGGCGGATGTTTCTGGTGCCTCGAGGCGGTGTACCTCGAACTGCGTGGCGTGGAGCGCGTGAAGAGCGGCTATGCCGGTGGCCATGTGCCCAACCCGACCTACGAGCAGGTCTGCGGCAAGCAGACGGGGCACGCCGAGGTGGTGCAGGTGACCTTCGATCCGGCGGTGATCGGGTATGGAGAGTTGCTGGATGTGTTCTTCACCATCCACGATCCGACGACGTTGAATCGCCAGGGCAACGACGTCGGGCCGCAATATCGCTCGGCGATCTTCACGCACTCGGAGAGCCAGGCGCGCGTGGCGCGCGAGAAGCTCGCGGCGGCGCAGGCGCACTGGGAAGACCCGATCGTGACGGAGCTGCAGCCGCTGGAGACGTTCTGGCCGGCGGAGACCTACCACGACAACTATCTCGCGCGGAATCCACAGAATCCCTACTGCGCCGTGGTGGTCGCGCCGAAGGTGGCAAAGGCGCGCAAGGTGTTCTTCGACAAGCTGAAGAAGTAACGGCGGACGGCCTTCACCACGAAGCAACCGTGTCTCGAAGGTGAGGAGTTATGCCGTGGCGGGCCTCGGGGCCTGCCACGGCTGCTTCGTTTTGAGGATCGTGTTGCAGACGACGATGAGCTTGCGGCTGCAGGCGGTGAGCGCCTGCTTCGCCGTCTTGCCGCGCGCGCGCAGCCGCGCGTAGAAGGCCTTGAGCGCGGGATTGTGGTGCG
NZ_CP130613.1_gap83	3158594	3161109	2515	GGGCTTGGTGCGCAGGTGCCGGATCCCGTGCGCGGCCAGCGCGGCCTGCACCGCGTGGCTCGTGTACGCCTTGGCGTTGTCGGTCATCACACCGGTGACGGCGATGCCCAGCTGCGCAAACCAGCGGCGCGCCGCCTCGAGGAAGCGGGTGCACGCCGCCGCGTCCTGTGTCGGCAGCAGCGCCGCGTACGCGAGCCGCGTCGCGTCGTCGACCGCGACGTGGAGATGGTCCTGCCCGAGCCCCCGACGGCGGCCGACCTTCGAGCGGTTGCCGTGCGCGCGATGGCCCGCCGTGACGAAGCGATCGAGGGCCTTCGTGTCGACATGCACGAGCTCGCCGGGCGTCTCGCGCTGGTAGCGCGGCCCGCCCGTCGCCCCCGGGCCCTTCAGCCGGCCCTGGCCCGCGCGCGTGAGGACCCGGCCCACGGTCGAGACCGCGAGCCCGAGCCGCTCCGCGATCTCCGGCCCGGTGAGCCGCGTCGCGCGCAGGCGGAGAATCCGCTCGATGAGCGCCGGCCGCGTGGCGGTCGGCGAGCGATGCGGGCGCGAGGAGCGGTCGGCCAGCGCCGCCCAGCCCCCGGCCGCGAAGCGGCGCAGCCACTTGTAAGCCGTGCTCGGGCTGATGTGGAGGGCCGCGGCGACGGCGCGCACCGGCTCGCCGTCGAGGACCACCCGGCGGACGAGCTCGGCTCGCCCCCAGGCGGTCAATCGCGCATTGTTGTGGATGTTCACTGAGGCCTCTGGCTGAAGGTTGGGTGGCTCGCACCTCCAGCTTCCTCAGTTATGCCTCAGTGAACAACCTCTTTAGAACCGACACCTAGCGCGGCCCGCGCTCCAGCGCCATCACCCAGACATCCGCCTCGTCGTCCGCCAACGAGAAGAACACCCGACGATCGTCGACAGCAAAGCGCTGGATGCGCTGCACCCACCCCGCGCCATCCAGGCGCATCACCAGGCGCGACGCACCGCCGCCCACGGACACGGCGCGGATCGCGTTCCCGCGCGTCGGATCGGCCGTGAGGTAATAGACCTCCTGCGCCCCGCGCCCCCACGCCACGCTGCGCACGGCACCTTCGCCGCGCCCGCCGACGATGCGCAGGCCGACCCCATCCGGCGTGGACGGCACGCTCAGATCGAGCAGCGCAACGCCATCGCGATCCGCCCAAGCGATCCATCGCCCGTCGGGCGACCAGCGCTGGTACGCCGCCGTGCGCGTGCCGCTGAACGTGCGTTGCACGGGTTCACCCCAGAGGCCGTCCGCATTGCGCGCAACGGTGAACACCTCGCGCGCCGCCTGCGGAGCCGTCCCCGAGAACGCGAGCTGCTGCCCATCGGGCGCCCAGTCCGGGAAGTAATCCTGGCCATCGCCCGCCGTGACCTGCCGGAGGTTGCGGCCATCGGCATCCATCACGAACAGGTCGCGCGTCCCGTTGCGCACGGAGTAGAAGGCAATCTCGCGACCATCCGGCGAGAACGTCGGGCCGAAGTCGTCGGCGGACTCGCGCGTGAGCGGTACGGGTTCGCCCCCCTCGAGCGACTGCTTGAAGATGTCTTGGTTGCCGAGTCGGTTCGAATCGTAGAGCAGCCAGCGGCCGTCGTCCGAGACATCCATCGCCTCGATGACCTGCGCGCCGGTCGTGAACTGCCGCGCGGCGCTGGACGGCGTCGGGCCGTCGCGCGAGAGTGGCGCGACCCAGACGTTCGAGCGGAGACGGAGGATGCTGTACGCCATGCGCGACGCGTCGGCCGTGAGGCTGACTGAGTACGCGCCGAGTCCGGTGCTGAGCCGCGTCGGTTCGCCTTGCGGCGTGAGGTCCGGAGTGAGCGCGAGCTGGTAGATGTCCCGCACGCCGCCGAGGTCGGCCACCAACAGGAGGCTGCGCCCGTCGGGAGTCCAGCGCGGACTCGCATGCATGTGCGTCGCCGCCGTCAGCTGACGCGATTCACCGCCCGCCGCCGGCACGATGGCAATCGCGCTCGGTGCGATGTTGCCGACGTCGCCGATGTACGTGGCATTCTCGTCCACGTATGCTACCCAGCGCCCGTCCGGCGAGAACACCGGCGAGTGCGCGGCGCGCGCGGCCACCAACTGCTGAGGCTCGCCGCCGGATACGGCACGCGTCCAGATGCCGCGCTCGTCGGCGTAGACCAGCGCATTGCCGTCCGGTGACCACGCCGGCGTGATCAGCGTACGGCCCGGCTCGGCGACCGCCCGATCGATCGCGCCACCGAGCGCGGACACGACGTAGATGCCGTCGGGGCCCGTGAACGCGAGGCGCGCGCCGTCCGGCGACCACGCCGGCCCGCGATGGCTGCCCGGCAGCGCGTCGGACAGCGCCACGCGTCCACCGCCTTCCACTTGGCGCACATAGATGCGCAGGCGCCCGAACACCCCCGCGGCATACGCCACGAAGCGCCCATCCGGCGAGATCGCCGCATCGAGCTCAAGCTCCGGCTCGGCGCTGACCTGCACCGTGGCACCCAAGACGAAGGGGGCCGTTCCGCCGTCCGCGCC
NZ_CP130613.1_gap84	3257281	3257781	500	CCACGCGGTGCGTGGCACCGGCGTGCAAAAGGGAAGCGAGTACCCGAACCTCGAGCAGCGCGGTTCGGACTCGCTTCCCTTCGCGGCGGACCAAGGTGAGGTCAGCCGTGCGCGTCAGCCGATCCGGCGACGCCACGTGCTGGCTCGCCTCAGACGCCTGCGTACTTCGACGGGAGCTTCACCGTCAGCCGCTTGCGCCCCTTCTTGCGGCGCCGGCTGAGCACTTCACGCCCCCACTTGGTCTCCATGCGCGCGCGGAAGCCATGCGTCTTGATTCGACGCTTGTTGCGCGGGCGATACGTCGGCTTTCCCATCGTTGCTCCAGGTAACTGAAATCACTTCGCGGACAGACCGCTAAACGTAGTCCGCTCTGGGGTTTACGTCAACGGGCGCGCTGTGTGTGTGCGCTTGTTCGGACACACGAGCGTTGACTTATCCACAGGCGCGGGGTAGGTTCGCCACCCCACCCGGATTTCCACATTTCGCACCCCCCGAACAGC
