gap_id	start	end	length	sequence
NZ_CP180159.1_gap1	170490	171149	659	GGCTTCCATCTCCAGCATCCGGCGGGCAAACATCATCAGGCCAATGGAAGCACAGCTTTCGGCATAGACCGTGTCGTTTGGCAGGTCATAGTCGCTGCTGAAGGCCTCCCCGCTGCTCTGCGAACCGATGCCGCCGGTGATATACAGCTGACGCCGGGCCATATTTTTCCACAGGCGCAGGCAATCCCGGCGCTTGCCCTCGTCCTGACTTAAACGGGCGAGGTGGGCAACGCCGGTCATCAGATAGACGAAACGCACCGCGTGGCCGATGGCGACCGGCTGTTCGGAAATCGGCTGATGTGCCTGACTGTAGGGTTTATCCATCACCATCCACGCCGGACCGTAGGTGTTCCAGTAGGAGGTTTTGCCGCGCTTCTCGTATTCGATATCGTAAAAATGCGGCTGCGTTCCGCGCGCCTCAACGAAGTACTTCACCAGCGCCATATAGCGCGGCTCCTGAGTGACGTCATACAGGCGCATTAACGCCAGCTCGATTTCCGGATGGCCAGGGTAGCCGTGCAGCTGGTTATCTCCGGGGCCAAACACGCTATCGATGTGGTCGGCGAGGCGGCAGACGACATTCAGCAGACGACGTTTGCCGGTGGCCTGGAAGAAGGCGACACCCGCTTCAATCATGTGCCCGGCGCAGTACAGTTCGT
NZ_CP180159.1_gap2	206734	207579	845	AGCAGGGCGATGGCCGACAGAAATGCCGGGATAGCCAGCAGGGAGAAAATTGTTTCGAAAGAGAGCTGGGCCTGCATCAGGAATGCGCCGCTAAAGGCGCCGAGAATGCCGCCAAAGCGGCCAATCCCTAACATCCAGGCCACGCCGGTCGCGCGTCCTTGGGTGGGATAGAAACCGGCGGCCAGCGCGGGCATTGATGATTGCGCGCCGTTCATAATGCTGCCGGCGATAAATACCATTATCCCCATCAGCAGCAGGTTATGGGTCGAGAAACCAACCAGACAAACGAACACGCCGGTCAGCAGCCAGCCCACGGCAACCACTTTGTTTGGGTTGAGCTTATCCATCAGCGCGCCGAGGATAAGCACGCCAATCCCGCCACCCAGTGGGAACAGCGCGGTGATAATAGAGGCCTGGCTCATCGTCGCGCCGGTTTCCCGGATGAGCAGCGGCAGCCAGCTGGTCAGCAAATAGAAGATCAGCAGGCCCATAAAGTAGGTCAGGCACAGCATGACGGTGCCGACGGCGTAGCGCGGTGAGAAAATCACGCCGATGGACGATTTCTCTTTTACCTGGCCCGCTTCGCGTAGTTCAAATTCTGCCTGCTCGGGAACAGGCGCGATGCGGCGCAGGATCGCGGCGATACGCTGGGCAGGCTGGCGTTTGACCACCATATAGCGCGCGGATTCCGGCAGAAGAAAGATCAGCACTACCGCCAGCAGCAGCGGCATCACGCCGCCAAGCACCAGTACGCTTTGCCAGCCGTAATGGGGGATCATCCAGGCGGAGAGGAAGCCGCCCAGTGAGGATCCCATAGGAAAGCCGACGAACATCAGGTTAACCAT
NZ_CP180159.1_gap3	210196	215140	4944	TTCATGCGGTTCTCCGTTACGTTAAGGTTTCAGGCGTGACGTGCGCCGAGCGGAAGTTTTTGATTATTAGCAGGCTTAACAATCAAAGTAAGCCATACCGAGACGAAAAGCGCCACTCCCATGAAAATGTACGAGGCTGCGGGGCTGCCGGTGGTGCCGTTCAGGTAACCGACAAACCATGAGCCGAAGAACGAACCCAGCGCGCCCATGCTGTTAATCAGGGCCATGGCGCCTCCGGCGACGTTGCGCGGCAGCATCTCAGGAATGATGGCGAAGAACGGTCCGTAGGGGGCGTACATCGCCGCGCCGGCAATCACCAGCAGGGTATAAGAGACCCAGAAATGGTTGGCGCCAACGGCCCAGGAACCAATAAAGGCGAAGGCGGCAATCAGCAGCAGCGGCCAGACAAACAGCTTGCGGTTCTGCATTTTATCGGAAGCCCAGGAGACCACGATCATCGCGATGGTCGCCGCCAGATAGGGAACGGATGAGAGCCAGCCGACCTCGACCATGCCCATATTCTCGCCGCCGCTGCGAATGATTGACGGCAGCCACAGAACGAAACCGTAAACCCCGATGCTCCAGGCGAAATACTGCATGCACAGCAGGACAACGTTGCGCGAGCGGAAGGCTTCGCCGTAGTTGCGCACCGGTTTGATTCCCTGCTGTTCACGCTCCAGCTGCTCCTGCAACGCGGCTTTTTCACTTTCCGCCAGCCAGTTGACCTGCGAAGGTTTGTCTTTTACCAGCACCCACCAGCAGAAGGCCCAAATCACCGCCGGAACGCCTTCGATAATAAACATTTCCCGCCAGCCGAAGGCCTGAATCAGGTAACCGGACACCACCGACATCCACAGCACCGTCACCGGGTTGCCGAGGATCAGGAAGGTATTGGCGCGAGAGCGTTCAGATTTAGTAAACCAGTTGCTGATGTAAATCAGCATCGCCGGCATGACCGCGGCCTCGACGACGCCGAGAATAAAGCGAATCGCCGCCAGCGCGGGAATATTGTGCACCATCCCGGTCAGCGAGGCGCAGGCGCCCCACAGGATCAGGCAGATAAAAATGAGTTTGCGTACGCTGCGGCGTTCGGCGTAAATCGCGCCGGGGATCTGAAAGAAGAAGTAGCCGAGGAAGAATAGCGCCCCCAGCAGGGAGGAGATACCTTTGGTGATCCCCAGATCTTCAGTAATACCGGCCGCCGAAGCGAAGCTGAAGTTAGCGCGATCGAGATATGCCAGGCTATACGTGATAAACACGATAGGCATGATGTACCACCAGCGTTTTGTTGCATTCGTCGAACTATTCATAGGTTTGCCTCTGTGAGTGAGGTGACGCTCATCATAGAAAAGATCCGTTACGCCGCGCTGCATGTAGGGTACAGAACGGCCTGACGTTGTGCTGAATCTGCTTACTCGCCCAGCGCCTCACGCGTGGGTAAGCCTTCGCTATCGCCCTGGACCTGAATGGCCAGTGAGCCGATTTTGTTTCCGCGTTTCACCGCCTGCGGCAGCGGTTTTCCTTCCAGCAGGGCGCTAATCACCCCGACGGCAAAGCCATCGCCGGCGCCAACGGTATCGACGACGTTATCCACTTTTATCGCCGCAACGGCCCCCTGTTCGCCGTCGGCGGTTTTATACCAGGCGCCGTCGGAGCCGGTTTTTATGATGACCGCGCGAACGCCGTGGCTGAGATAAAAGTCGGCGATGGCTTCCGGCGTTTGCTGGCCGGTCAGAATCATGCCTTCTTTCAACCCCGGCAGAACCCAGTCGGCCTGAAACGCAAGGCGGTTAAGCTTCTCGACCATCTCGGCTTCGCTTTTCCACAGCGTGGGCCGCAGGTTGGGGTCGAACGAAATCGTTTTTCCCTGCGCTTTCATGGTGCGCGCCGCGCGGTCCAGCAGGGCGTATGAGCTTTCCGACAGCGCGGCGGCCACGCCGCTTAAGTGCAGGTGACGGGCGCTGGCGAAGTATGATTCGTTAAAATCATCCGGCGACAGATGGCTGGCGGCAGAGCCTTTGCGAAAATACTCCACGATGGGATCGGTTCCATTTTCGACTTTAGACTTCAGCTGAAAACCGGTAGCGTAGCGGCCATCGGTGCTCACGCCGCGGGCGTCGATCCCCTCTTTCGCCAGCGCGGTGAGGACGAAGCGGCCAAAGCTGTCCGCGCCGACGCGGCTTACCCAGCCGACGCTTAAGCCGAGGCGGGCCAGCCCGGTCGCGACGTTCAGTTCCGCGCCCGCCACGCGTTTCATAAAATGTTCTACTTCAGCCAGTTCGCCGGTTTCGGTGGCGACAAACATCGCCATGGCTTCGCCTATCGTGATGACATCTAACGCTTTTTGCATAACTTAATCCTCGCGTAACAGGTTGACGTAGCGGCGGGTCACGGCCGTCAGGTCATGGCCAGTCAGCGGAAATTCGATCCCGCGCGGGGCGTCTGCGGGCAGATTGTCGAGCAGCGCCAGCCAGCGCCCGGACGCTTCATCCGGCGGTACGGCGCGAAACTGCGAATGGTGCGGCTCAGCCGCCTTTACATGAATATAGCTGACCGCAGGCGCCAGGTGGCGGGCGGCCTCTTCCGGCGAGTCGCCAACCCACAGCCAGTTGCCCATATCAAAGGTGAGGGTGATCGGCAGCTGGTTAACCCGACAGGCGGCCTTGAAGCGCTGCATCGGCGCCAGCTGGCCGCAGTCGGTTTGATCGTTTTCCACCACCAGCGCCATGCCGCTCTCGCGCAGGATATCGCGCAGGGTGTCCAGATCGTTTTGGTGGGTAAAGCGGCCCAGCGAGAGCTTCAGCCACAATGCGTTAAGGGTTTGCGCTTCCTGCAAAAAGTCGGCGAGGCGCGGGTTGAGCGAGCCGTCAGCGGTAAACAGGGCTTCCGGCGCGGAATAGCAAATCAGCAGGCCGCGGCGCTCAATATCGGCGGCCAGTTCCGGCAGGCGGTTCAGCTCATCCGCGCTGAACAGTTCCCGGCGGATCTCGACGCCGTCGGCGCCGGAGCCGGCGATAAACGGCAGGACGGCGGACTGCCCGCCCAGCGCTTTAACATGGTCATTTCCGTACGCGGCGGTAACGACAATAATCTTTCTGGCCATCCCAATACTCCCGACGATAATCTGATGCGTTGTTTATTACGCTAGATGGTATCGGTTCCAAAGCAAAGGCCAGGATGTCTAATTTATGATCGCCATCACGAAGGATCGTTAGCGGGAGGTGGAGCCTCTGACGATCAGCTCGCCGGAAAACACCCGTTCGCAGACCGGGTCGTTGCTGCCTTCAATCCGACGCACCACCTGCTCGACGGCGGCGAAGCCAATCTGCCAGGTCGGCTGTTTGAGCGTGGTGATCCCCACGCCCGCCAGCTCGGCCCACTCCAGTTCATCGAAGCCCAGCAGGCCGATATCGCTGCCCCAAATCAGGCCAACGCGTTTAAGGGAGCGTGCCACTTGCAGGGTCAGCGCGCCGTTGGCGGAAATCACCGCCTTGCGCATGCCGCGATGGTGGGAGTGGAAGTGGCGCAGGACGTTATCCAGCATCGCGCCATCATTCAACGGTACTTCGGCGTTTTCCGCGACAATACCGGTATGGCGCAGGAGGGTCTGGCGAAACGCGCTCAGGCGCTCGCGGCGGGTATTGACCGAGCCGAGGGGTTCGCTGAGGAACAGCAGGGCTTCGAAGCCTTTTTCCACCAGGTGTTCGGTGGCGGTGGTGGCGGCCTGGGTATTATCGAGGCCGACGACATCGCAGGCGAATTCCGGAATTTTGCGATCGATAAGCACCATCGGCAGCGCCGACTGCTGCAGGCGGTTGAGGCCGTCCTCGCGCATCCCGACGGCGTTGACCACGATCCCCTCCACCTGATAGCTGCGCAGCAGGTCGAGATAGTGCAGCTCCTGGTCCAGCTCATTGTTGGTATTACATACCAGCAGGGTAAATCCTTTTTCGCGACAGGCGGCTTCAATGCCGCTGAGCACGTTGACGGAGTAGGGGTTGGTGATATCGGCGATGATCAGGCCGATCAGCCGGGTGCGGCCATGCTTCAGGCCGCGGGCCATCAGGCTGGGACGATAATCGAGCTCGGCAATGGCTTTTTCAATGCGCCCCAACAGATCGTCGGAAAGCAGATGCTTCTCGCCGTTCAGATAGCGTGAAATGCTGGTTTTGCCGGTCTTTGCGGCTTTCGCCACATCGCTAATGGTTGCTCGCGCCGCTTTCGCCATGGTGGCTTCCTTTGCTGAAATCTGCACACACCTTAGCGCGAAAATTCGCTATATCAAGCATTTTGCCCGGCGAGTCGCCGGGCAAAGAGGGCATTACTGCAGCGGGCTGAGGGTAATTTCAACGCGGCGGTTCTGCGCTTTGCCTTCCGCCGTAGTGTTGCTGGCGATCGGGTTCGCCGGGCCCATACCGGTTGTGCGGATGCGATTAGCCGCCACGCCCTGGGTAATAAGCGCGCTGGCGACGCTCTCCGCGCGCTGCTGAGAGAGGCGCATGTTCAGATCCTGGCTGCCGGTGCTGTCGGTATAACCCACTACGTTAACGGCGGTTTTCTCATACTCTTTTAGCACCATCGCTACCCCGGTCAGGGTATTGGCGCCCGCGGGTTTCAGGTTGGCGCTGCTGCTGTCGAAGGTCACATTGTTCGGCATGTTCAGCACGATATTGTCGCCGTTTCGCGTCACGCTTACGCCGGTTCCCTGCATTTTCTCGCGCAGCTTCGCTTCCTGCACGTCCATATAGTAACCGATGCCGCCGCCCAGCGCCGCACCGGCCGCTGCGCCGATCAGCGCGCCTTTGCCTCGGTCATGTTTGGAAGAGGAGAGCGCCCCAACGCCTGCGCCGACTAACGAACCAATGCCCGCGCCGATCCCGGATTTACCCGCTTCGCGCTCCCCGGTATAGGGATTGGTGGTACAGCCAGAAATGGCCAGTGCGC
NZ_CP180159.1_gap4	234721	239426	4705	ACAGCATGCAGATGACGCCGGCGGATATCGCTATCGCGTATCCGGAGAAACCAACGGCGGATATTTTCAGCGCTGCGGCGCTGGTGTCGTCATGGCTGGGTATTCAGGCCGATTATCGCGGTATCGCTTTTGACGCGCTGCGCGATCGCCTGCCCGAGAAGCACGGTATTATCATCGGCCACCCCGGCGATCGGGTGGGCGGCCTGACGCTGCCGCAAACCGACAAGCCGCTGCTGCGGATCGTTGAGAACCCCGGCAATCCGGCCTATAAGCTGCTGCTCATCGTCGGCCAGAACGACGCGGCGCTGCGGATGGCCGCCTGGCGCCTGACCCGCGGCGATTTCGCCCCGCAGACGGCCAGCATGGATGTTGATCCGCAGACGATAGCTGTCAGCAAGCCGTACGACGCCCCGCGCTGGATCGCCACCGATCGGCCGGTAAAAATCAGCGAGCTGATCCGCCAGGATCAAAGTATGACCGTCAGCGGCGTATGGCATGAACCGCTGCGCGTGGCCTTCCGCGCCGCGCCGGACCTCTACCTGTGGGATGGCGAAACCATACCCCTGCAGATCGGCTACCGTTTCCCGTCGGAGAGCTGGATTAACGAGGATAAGTCGCTGCTGAGCGTGACGCTCAACAACACCTTCCTCAACAACCTGCCGATGAATAAACAGGGTCCGCTGGAGAAGCTCTGGCGTCACCTGGGCGGCGACGCGCGTCAGGAGCGTTTCACTATCCCGCTGGCGCCGTATCTGATTTACGGCGATAACCAGCTCTCGCTCTATTTCAATCTGGTGCCGAAGGACAGCGCGCCCTGTTCGGTCCTGCTGAACAGCACGATTAAAAGCCGCATCACCGACGACTCGTGGATCGATTTGAGCGGTACGCGGCACTTCTCGCTGTTGCCGAATCTTTCCTATTTTGTCGGCGCGTCGTTCCCGTTCTCCCGGTTGGCGGATTATTCGCAAACCACGCTGCTGCTGCCGGAACAGCCCTCGGAAACCCAGGTCGCGACGATGCTGAATCTGGCCGCCCGTTCGGGTAATTCGACCGGCAAAGCGCTGGCCAATAACCGCGTGATGCTGGGCGTTCCTGACGACATCGCCAATTCGCCTTTTCTACGCGATCGCGATGTGCTGGCGGTGAGCGCGCTTGACCAAAAAGCGTTCAACCAGCGCCTGCTGGCCGACTCTCCCTATAACCCGGTCGATAACCTGCTGAGCGTACGTGAACCGGCGCTATGGACAAAAATTCAGCGCAGGCTGAGCGGCGACTGGGCCTCCGACGGCGTGGATGCCGATCGTTATTTCTCTTCCAGCAGCGCCTGGCGTGGGTTTATTAGCTATCGCTCACCGTGGAACCCGCAGCGGGTGGTGGTGGTGGCGATGGGCAGCAGCGACGATCAGCTGGCGAAACTCGAAGACGATCTTAATTCACCGCGCATCAATGCCGGTATTCGCGGCGATACGGCGGTGATTACCAGTGATAACGGCGTGCGTAGCTTCCAGGTGAGTACGCCGTTCCCCAGCGGCCAGATGCCGTGGTACATGATGGCGGTGTGGTATGCCAACCAGCACTCCGGCCTGCTGGCAGTGCTGGGGTTAATCGCCACGTCCATTCTGGGCCTGGCGCTGACCGCGATGTTCAAACGTCATGCCCGCAAGCGCCTGGAGTCGGGAGATAGCCAATGAAAAGAGCCGGTAAGATGAATACGAAGGCGGCCCGTCAATTTTCCACGCTGTGCCTGTCCGGCGCGCTGACGCTTGGCGCCTTCGGTGAGGCGCAGGCGGCGGGTAACGATGCGGCGCTGCAGGCGCTGTTTGCGCAGGCCAACTACTGGCACGAAAAATCGCACGACGAGCTGGCGATGGAATCGCTGCAAAAAGTGTTATCGGTGGATGCCAACAACGCTCAGGCGCTGTACCTGATGGCGCTGTGGGCGCAACAGGGGGGCAACCTGCAGGCCGCGGCCCAGTGGCGGGCGCGACTGGAGAAAGCGGCGCCCAACAGTCCCGGCTTGCAGGATCTGGATAGCGCCAAAAAAATGGCCCAGGTCCCGCAGGGGCAGCTCAACCTGGCCAGACAGCAGGCGCGCAGCGGCAACGTGCCTGCCGCGCTGGCGACCTGGCGGAGTATGTTCAACGGCAGCGTTCCGCCTTCCGGACTGGCGGCGGAATACTATATGACGATGGCCAGCGACAAATCGCTCTATCCGCAGGCGTTGAGCGAACTGCGTCAGTACGTCGCTCAACATCCGCAGGAAAACGGGCCGCGCGTGGCCCTGGGCAAGGCGCTGACCTGGCGCGAAGAGACCCGCCGGGAAGGGATCGCCATGCTGGAGCCGATGGCCAGCGGCAGCAAAGAAGCCGATGCGGGACTGCGTCAGGCGCTGCTGTGGATGGGGCCGCAGCCGGGAGATGAGCCGTTTTACGATACCTGGATGCAGCGCCACCCGCAGGATAGCGAAGTGCAGAACTACTTCCGCGAACGGCGCAGCGGCCAGGCGCGCGGTCAGGGTTACGCTGACCTGAACAGCGGCAATACCGCCGCGGCGAAGCAGCAGTTTGAACAGGTCCTGCAAACCAATCCGCAGGATGCTGACGCGCTAGCCGGCATGGGCTATATCGCCCAGCGCAGCGGCGATTTTCAGGCGGCCTCTCAGTATTTGGGCCGGGCGGCGGATCTCGGCGGCGAGGGTTCTGAAACCCGGCGCCAGCAGGCGGCGGATGCGCTGTTTTACGGCCAGCTCGCGCAGGCGCAGCAGGCCTACAAGCAAGGCAACATTAGCCAGGCGCTGGCGCTCTCCGCGCCGCTGGCGCAGCAGAGCGGAGCCCAGGGCTCGGCGGCGAAGCTGTTCCGCGCCGACGTTCTGCGCCACAACAAAGATCTGCCCCAGGCCGAACAAACGCTGCGGGCGCTGCTCAACGAGCAGCCGCAAAATGGCCCCGCCCGCGAGAATCTCTATTACGTCTTGCGTGAACAGAATAAAACCGCAGAAGCCCAGTCGATGCTGCGAACGCTGCCGGAAAGCCTGCAGCAAAAGCTGCAGCCGCGCGTGGTCACCGGAATGCCGGGAGATTCGCTGCGTCGACAGGCCCAGGAGCAGGCCAGCGGCGGTAACGTGTCCGGGGCTATCGCGATGCTGCGGCAGGGCGTTTCTCGCTATCCGGACGATGCGTGGATGCGCCTCGATCTGGCTCGACTGCTGCAAAAATCCGGCAACGACGGCGAGGCGAACGCGATTATGGGCGCCGCGTATCGTCCCGGCGCCAGCAGCAGCTCGCTGTATGCCGCCGCCCTTTTCGCCAGCGAGAACGGCGGCTGGCAGCAGGCGCAAACGCTGCTGACAAGAATTCCCCCCGCCAGCCAGACCAGCCAGATGCGCGATTTACACCAGCGGGTGAACTACAACCTGCAGCTGGCGACGGCCGAGGGGTATCTGGCGCAGGGTAATGCCGTCGCGGCGTCCAATACGCTAAGGGCGATGGCCGCGACGCCGCCAAAAGCCCCGGCGGATGTGGGTAAACTGGCGCGCCTGCTGGCCCAGAGCGGCGATGTGACCACCGCGGTATCGCTGGTACGCAACAATATTAACGGCGGTATCTCCGGCAACGCCGGGGATTACGCCGATCAGGTGACGGTGCTTAACCAGGCTGGCCTGACCAATGAAGCGCAGAGGCTGCTCACCAACCCTCAGCTGCAGGCAAGCAGTACGCCGACGCAGCTGGCCAGCATTCGCAACGGCTATGTGATTAACGACGCGGATCGCCTGCGAGAGCAGGGTAACTACGCGGCGGCGTATGACAAGCTGATGGGGGCGATGCAGAGTGACCCGCAAAATACCGACCTGATGTTCGCCATGGCGCGTCTCTATCAGAGCGGCAAAATGAATAAAGAGGCCGGGGTCGTCTATGACTACCTGATGACCCGCGATACGCCGACCCAGGACGCGCGCAGCGGGGCTATTGATGTCGCGCTTTCGGCGGGCGATAACGACCGGGCGGCGCAGCTGGCAGGCGGGCTGCGCCCGGATAATTCGCCGGACCGTTTGCTGCTGCTGGCGCGCGTGGCCGAATCGCAGGGCCATCATCAGCAGGCGATGACCTATCTGCGCAGCGCTCGCGGCAGGCTGCTGGGGTTACAGAGCAGCAACGGCACGCAAACGCCAACCGTGGGCGGCGTGCTGGCGGCGGATAATCCGTTCGTTGGCGTCTCGCGTACGCCGGCGGCGACGCGTACTGCTTCCACCTACGGGCAATATATGCCGTGGCAGGTTTCTCAGGTATCGACGGGTGATGGCAGCACGCTGCCGGGGATCCAGCGCACCGATCTGCCGGTCGAAACCGCGCAGACCCGGATGCTGCGCCAGGTGGATACCATGATGGAGACGTTGCAGGAAAAAACCGGGACCTGGCTGCAGGGGGGCATGGAGGTTCGCGGCCGCGATGGCGAATCCGGCACCAGCAAGCTGACCGAAATCAAAACCCCGCTGACCTGGTCCTCTTCGCCGTTCGGTGATTCGCGTTTCGACTTTACCGTGACGCCGATTACGTTGAACGCAGGGACGGCAACCGGGGACGCCTGGCGGCGCTATGGCGCGAATCCGCTATCCAATGCGGTCTCCAATATGATCGCCACCGCCACCAGCGAGCAGGCGGCGATTGCGGCGATGACCGATACCGAGCGCACGACGTACTTTGCCAAC
NZ_CP180159.1_gap5	241155	244066	2911	TTTGACAAGCTATGGCAGTGGACCGATAAAACGCTGCGTAACAAAGATAACGGGTTGTTTTACTGGCGCTATAACCCGGTGGCGCCTAATCCGGTGGCGGATAAAAACGATGCCACCGATGGCGATACCCTGATTGCCTGGGCGCTGCTGCGCGCGCAGCAGCAGTGGCATGAAAAATCCTACGGCAGTGCGTCGGATACGATAACCGCTTCGCTACTGAAGTCCACGGTGGTCACCTTCGCCGGCCGTCAGGTTATGCTTCCGGGCGCGAAGGGATTCTATCTCAACGATCATCTGAACCTTAATCCCTCCTACTTTATCTTTCCGGCATGGCAGGCTTTCGCCGCGCGGACGCATTTAACCGCCTGGCGAAAGCTGCAGAGCGATGGTCAGGCGCTGCTGGGGAACATGGCGTGGGGGACATCTCAGCTTCCCAGCGACTGGGTCGCCTTAAGAGCGGACGGCAGGATGGAGCCGGCAAAAGAGTGGCCGACGCGGATGAGCTTCGATGCGATCCGTATTCCGCTGTATGTTTACTGGAGTGACCCGAAAAGCAGCCTGTTGACGCCATGGAAAAACTGGTTCCAGCGCTATCCGCGTCTGCAAACGCCGGCGTGGATCAACGTCAACACCAATGAAGTGGCGCCGTGGTTTATGACCGGCGGGCTACTGGCGGTACGCGATTTAACCCTTGGCGAAGCGCAGGCCGAGCCGCAGATTAGTGCCCAGGACGACTACTACTCCGCCAGCCTGAAGCTGCTGGTATGGCTGGCAAATAAAGACCAGTCGTAAACTGTGGAAGGCGCCTCGAATAACGCAGTCGAGCCGGGTGCTGAAATCTGAAGGGCGCCGTAGAATTGTCGGCAAGCCGGGCTTGCCCGGTGAGGCGCAATGTTGCGGGGGCTTGAACCCCGGCGGCAGAGATGAATTGGTTGCTGGAAAGAGAAAACCCCCGCACGTTGTTTGGTATCAACCTGGCAACGTATCGGGGGCTACTCTCAAACCTGAACAATTTGAGGATAGCCGCGAACGGTTGCCATTGCAACAAGGCGGCTGTATGACGCTCGCTCAGTTGGGCCTGGTGCTGTGGGGCGATCTGGCGGCTCCGGTGATTGCTGGAATTCTGGTCAGCATTATCGTGAGCCGGATGGATAACCGGAAGTAGCAGGCCGGTGGGTATCTGCCTGCCTTAGTGGCAGCATGCGCCCGAACGGGGCCGCAGGGGTAAAATCCTGCGGCCTTTTTCGTTGTATTGCTGAACAATAAACGATCCTGGAATGCGCTTCGCACGCTGCGTAATGGGGGAGTGCGGGTACCGGGGCGGAGAAGTAGAATCGTTGGCAAGCCGGGTTCGCCCGGTGAGGCGCAATGTTGCGGGGGCTTGAACCCCGGCGGCATAGAGAGATGGGTTGCTGGAAAGAGAAAACCCCCGCACGTTGTTTGGTATCAACCTGGCAACGTATCGGGGGCTAACCTCGCATCTAGACCATTCGAGGATAGCCGCGAACGGTTGCCATTGCAACAAGGCGGCTGTATGACGCTCGCTCAGTTAGGCCTGGTGCTGTGGGACGATCTGGCGGCTCCGGTGATTGCTGGCATTCTGGTCAGCATCATCGTGAGCTGGATGGATAACCGCAAGTAGCCAGCCGGTGGGTATCTGCCTGCCTTAGTGGCAGCATGCGCCCGAACGGGGCCGCAGGGGTAACATCCTGCGGCCTTTTTCGTTTATTGCGGATAAGGGACCCAGCTGCCGCCGTTCAGCTGAACATACGGTTTCCCCTGGTATTGAATAACGATGGCGTTGGAGTTTTCCGACACCGCCGCGCTCTGCGGCAGGTTGGCAATATACTGCTGCCAGTTGATGTCGTTTTCGTCAAACATCTTGCCGTCGAGGGCGCGAACTACCAGCTCAGAAATCGCCAGGTAGCTGCTTGGCTGGTTAATGATAATCGGCGCATCGGGGTGTCTTGCCTTAATGCCGAAGAATTTCACCGCCGCCGGAACGTTAGTAATGGACGGACTGGGAATATCGCGCAGGCCGGAAACCTGCATTTTGTCGCCTTTCAATGCTGCACCGTGTTCCGGTACGACGATGACCAGCACCTTACGCCCCGATTTCTCCAGTTCAGTGAAGAAACTGTCCAGCTCATCGAAGAACTTCTGCGCACGGGCTTTATAGTCCGCAGTTTTGCTCTGGCCCGGATAGTGGTTACCGTCATGCAGCGGCAGCGTGTTGTAGAAGGTCGCCGTGCGCGGCGTATTCAGCTTATCCAGCGTCTGCAGCCAGCGGTTCAGCGTTGCCTGGTCGTCATAGACCGGGGAGCCGTCAAAGCCCTGCAGAATCACCGGCAGGCCGGATTGATCCATCAGCGGGCTCTGGATCCCGCCCAGCGAGCGAAGCTCCTTCAGGAAGTCGCCGAAGATACCGTTGTGGCCGAGCATCAGCTGCTGCGTGAAGCCCAGCTTCGCCAGGTTTTCAAACAGATAGCATTCGCTGCCCGATGGCTGATAAAGGTTGGCGTGCGAGAGCTGGCCGCAGCTGGCGCGCAGCAGACGCGCCGCCGCCGGCCCGCTGTAAGAGGTCGCCGAGTTAAAGTTTTTGAACAGCAGGTCGAAATGCTTCCACAGCGGATGATCCATCAGCCCGGCCGCTTCAATATCCGACCATGAGAGCGAGCAGATGTTGATTATCAGGACATCAAACGGCTGGGCATCGGCCGGAAGCGCATCCGGGAAAGTGGTTTTACGTTTCTGCTCAGAAGCGTAAAAGGCGTTCAGCCAGTTGGTCAGATTGGCCGACGTCGGCGGCTCGGTTTGCGGCGGAATATCGTTATTCGCCGGCGCGGTATTGGTCGCGATGGCCGTACCGCCGGTCGTATTCGCGGCGGTGTTCGCCGCCGCTGCCGTTGGC
NZ_CP180159.1_gap6	251763	253348	1585	GCCTGGCGGCCATTAACCTGCGCATGACCGACGACGGTAGCCAGATTAAAGATAAAGACGCCGACCTGCTGCTGATTGGCTCCATTCCGCAGGCGCTGAAGGACGACACGAAAATCAACCTGCTGGTTGAAGCGACCAAAAGCTGGGTGAAAATGCCGATGCGCCACTACGATCTGGCCAGCATCTATCCCGATACCGAGGCCAGAACGCCGAATACCCGAACCGACGTTACGTCGACCGGGCCGATGGCGGCGATTATTGGCTTCCAGTCGCCGTACAACGATCAGCGCAGCGTCGTGGCGCTGCTGGCAGACAGCCCGCGCGGCAACGAACTGCTGACCCAGGCGCTTAACGACAGCGGTAAACGCGCGGCGATGTTTGGTTCCGTTGCGGTCATTCGGGAGTCGGGCGTTAACAGCCTGAGGGTGGGCGATATTTACTATATCGGCCACCTGCCGTGGTTCGAACGCATCTGGTTTGCGCTCTCCAGCCATCCGGTGCTGCTGGCGATTCTGGCGGCGGTCAGCATCGTTCTGCTGGCATGGGTACTGTGGCGCATGCTGCGTATTATCAGCCGTCGCCGCCTCGATCTTGATGATGAGTAATTGATGATGAACGCGGTACGTAGTGTGGTGTTATCGGTATTGATGCTGGCGGCGGCGCAGGTGAGCGCCGCCTGCCAGTGGCCGGCCTGGGAGCAGTTTAAAAAAGAGTACGTCAGCGTTGAAGGTCGGGTTATCGATCCCAGCGATGCGCGAAAAATCACCACCTCGGAAGGACAAAGCTACGGGCTGTTCTTTGCTCTGGCGGCTAACGATCGCGACGGCTTCCGCAAGCTGTTTGAGTGGACGCAAAATAATCTTGCCGAGGGCGATCTGCGCGCGCACCTGCCGGGCTGGCTGTGGGGGAAAAAGAGCGATGACCAGTGGACGGTGCTGGACAACAATTCAGCCTCTGACTCCGACCTGTGGATAGCCTGGGCGCTGCTGGAGGCCGGACGTCTGTGGGACACGCCTCAGTATACCGAGGTGGGCAAGGCGCTGCTGGCGCGCATTGCCGAAGAAGAGGTCGCCACGGTGCCGGGACTGGGGCCGTTGGTACTGCCGGGAAAAGTCGGCTTTGTTGATGACGGCGGCTGGCGTTTTAATCCCGGCTATCTGCCGCCGCAGCTGGCAACCTATTTTGCCGCTTATGGCGCACCCTGGCCGAAAATACGCGACAACAATCTGCGTCTGCTGCTGGAGACCGCGCCAAAAGGCTTCTCGCCTGACTGGGTGCGCTACCAGAAAGGGAAAGGCTGGCAGCTAAAAGCGGATAAACCGATTATCGGCAGCTATGACGCCATCCGCGTCTATCTGTGGACCGGTATGCTCGATGACGGCGATAAGCAAAAAGCCCCCCTGCTGGCGCGCTTTAAACCGATGGCGGCCCAGACGGTTGCACAGGGCGTGCCGCCAGAAAAAACCAACATCGCGACCGGTAAAACTACCGGTAACGGTCCGGTTGGCTTCTCCGCGGCGCTACTGCCTTTCTTGCAGAAGGAAGATGCCCGCGCCATTCAGCGCCAGCGCGTCGCCGATAACTA
NZ_CP180159.1_gap7	275448	276100	652	GAACGCCCCGTTCAATATCCTGCAGGTCGGGTTCATGGGCGATAGACAGCGTGGTGACGTTCAGCTGGTGAGCGTGGAGTTCGCTTAATAAGAACGCCGCGCGCTGCAGGCTGGCGCCGTGAATCAGCAGTATCTGTGCGGAGCGGGCGGCGAGCCAGGGGGCGGCGCTGCGAGCAAGGCCGCGTCCAAAGCGGATATTGCCCGGTGTTAAAACGTTAAAAGAGGTCAACATGTCGGGTAGCCTGTCCTGGAGAAAAATCGTGCAATCCACTATACACATTATCCGGCTGTACATGCGCCGCCGATGCAGTATTGTGAAACAACCATCTCTTTTGATTGAGGAATTGCTGACAATGCTAAAAATACTGGGCAAACGCTCATCAATTAACGTGCGTAAAGTGCTGTGGACCTGCGAAGAAGCGGGGCTTGAGTATCAGCAGGAGGATTACGGCAGCGGGTTCCAGTCGATTGAGACCCCGGAGTTTCGCGCCCTTAATCCAAACAGCCTGGTGCCCGTGCTGCTGGACGACGACTTTGTGTTATGGGAGTCGAACAGCATCTGCCGCTATCTGGCGCGCAAAGCCGGGCGGGAAGACCTGCTCCCCACGGCGCCGCGGGCTGCCGCCGAGGTTGAGCACTGGATGGACTGGCA
NZ_CP180159.1_gap8	277879	280339	2460	AGTTTCCACCGATGACTGCGATTACTCAGGCACGATCCAGCTGACGGTGGTATGGCCGATGCCGGACGGGACCAGCTTTTTATGCAGCCACGGCAGAACGTTGTTCATCTGCTGCTCCAGCTTCCACGGCGGATTGATGACGATCATCCCGGAGGCGGTCATCCCGCGCTGGTCGCTGTCCGGACGCACCGCCAGCTCGATTTGCAGAATTTTGCGAATGCCGGTGGCCTCTAACTCTTTGATCATGCGCTTAATCTGCGCCCGCAGCACCACCGGATACCACAGCGCGTAGGTGCCGGTGGCAAAGCGTTTGTAGCCTTCATGAATACCGGTCACGACCGCCTGGTAGTCGCTTTTGATTTCGTAAGGCGGGTCGATCAGCACCAGTCCACGACGAGAAACCGGCGGCAGCTTCGACTTCAGCTGCTGATAGCCATCGGTTTTTTCAACCCGGGCGCGGTCGTCTTTCTGAAACTCGGCGCGCAGCAGCGGAAAATCGCTGGGATGCAGTTCGGTCATCTGCAGGCTGTCCTGCTCGCGCAGCAGCTGGCGGGCAATCAACGGCGAGCCGGGATAGTAGCGCAGCTGGCCGCTACGGTTGAAGTGCTGAACGACGGAGATATACGGCTCCAGCTCGGCGGGCAGGTCATCCTGCTGCCAGATGCGGGCGATGCCTTCGAGATATTCACCGGTACGCTCGGCGTGTTCGCTGCTCAGCTGATAGCGGCCTGCGCCGGCGTGGGTGTCCAGATAGAGAAACGGTTTTTCTTTCTCTTTGAGCGATTCAATGATCAGGCTCTGAACGGTGTGTTTAAGAACGTCGGCGTGGTTGCCTGCGTGAAAGCTATGACGATAACTGAGCATGGATACGGCGATTCCGGGATTGAGACAAGATGACCGATAGTTTACCGCAGATCGGCCTGGATTACCGCCGCGCTGTTTCCATTCCGCTTAAAGCGTTGCAAAACATAACCGTGTCATAAAAGCGTCAAACAGAAGGGCTAGCGTCACGTAAAGGCAAGGTAATGGTTTGAATGAAAGGAAAATAATGAAACTGCACATCACGCTACTCGCATCGGCGCTCATGCTGGCGCTGCCGGCACTGGCGAAAGAAGTTCCTTTGAATCAGGCGGCGGCAATCGCCAACGGCGTGACGCCAGCCGCCGCCAGTCCGGCGTTTGACGCGCTGGAGAGCCAAAGCCTGTCGCAGCTGCGCAACGCGCTGAAGGGCGATGCGGCAACCCTGACTCGCGACCAGCTTGAACACGCCAGACAGAATAAAACACAGGCGGATACCGCGTGGCTGAAGGCCAGCGGTTATGACTTCCAGACAAAAGCCAACCAGCAGGTGGGAATCGAGCTGCTCTCAGCGTTCAGCGCGCTGCCGAAGGCGGTCACAGAGCAAAACCTGGCGACCGTCACCGCCATTAACCGCGATGCTGCACAGAGCGCTCGCCACCAGGCACTGGCGGATGCCGAAGGCATCAGCTATCTCTATTTCCTCAGCGATGCGCTGGGGCCGCGCCTCGGCAAAGCGTTCCTCGCCGCCTACGATAAAGGCGAGCTCGGTAAGGCGGCGGCGCTTATCAAAGCTTCGGAAGTGAGTACCGGGGCGGCGAAAAAGCACTTCAATAACCCGCGCCCGTTCCTGATTCAGGGCAATACCATCCATCTGGTGCCGGACGATGTGGTGGTTAAGGACAATAAGCCCTATACCGCCGACGGCGGCTCGTTTCCGAGCGGGCACACCAACACCGGCTATACCGACGCTCTGCTGATGGCGGAGATGATCCCGGAGCGCTTCGACGCGCTGCTGACCCGCGGCGCCCGCTATGGCTATTCGCGCATCGTGCTGGGCGTGCACTATCCGCTGGACGTGATGGGTTCGCGGATGGTGGCGCAGCGCAATGTCGCCCACTACCTGAATGACGCGAAGTATCGCGGGCTGTTTAATGAGGCCCGCGACCAGCTGCGTACCGCGCTGGAGAAAGAGTGCGGCACGACGCTGGCGGAGTGTGCGAAAGTGCCTGCGAAAGACGATCCGTATCGCGACCCGGCGATGGGCGCGTTTTATCGCTTTACCATGACCTACGATCTGCCGCAGCAGAAGGGCGAAAAACAGAGCCTGAAGGTGCCGCAAGGGGCTGAAGTGCTGCTGGAGGCTGCGCTGCCGAATCTGTCCGCCGCGCAGCGTCGGGCGCTGATGGTCAAAACGGCGTTGCCCGCAGGATATCCGCTCTCCGGTGATAACGACGCGCAGCAGTTCTGGCAGCGGCTGAATTTGCCAGCGGCGTATGCGATGGCGAATAAAGCGCATTAAACCTGGTGCAGTCCGGCAACGTCCCGGAGGCGCTGCTGGCGCACCTCTCCGGGATACAAGGGCAATGCGGCGGCGTACAGCGTGGCGCCGCCGGGCGTTTTAATGCGGGCGTACCGGCAGAACTAGCTCTCTTTAGCGGG
NZ_CP180159.1_gap9	295238	300025	4787	CTCGCGCTTCGAAGAGGAGGGGATCTTCAATCGCGAAACCGGCCAGTCGTTCCTCGACAACATCCTTAGCCGCGGCGGTTCGGAAGAGCCAATGGTCCTGTTCAAACGCTTCCGCGGTCGCGAGCCGCAGCTGGACGCGATGCTTGAGCATTACGGTATTAAGAGTTAATCCTGTTGTGAAAATTTGTTTAATTGATGAAACGGGCGCCGGAGACGGCGCCTTATCTGTTCTGGCTGACCGCTGGGGGCTGGAGCAGGATGAGGACAACCCGATGGCGCTGGTGATGACGCCGGCGCATCTTGAGCTTCGCAAGCGCGATGAACCGAAGCTTGGCGGTATCTTTGTTGATTTTGTCGGCGGGACGATGGCCCACCGGCGCAGGTTCGGCGGCGGACGCGGCGAGGCGGTGGCAAAAGCGGTGGGAATTAAAGGCGACTATCTGCCGGATGTGGTCGATGCGACCGCCGGCCTGGGAAGAGACGCCTTTGTGCTGGCGTCAGTCGGCTGTCGCGTGCGGATGCTGGAGCGTAACCCGGTGGTTGCCGCGCTGCTCGACGATGGCCTGGCGCGCGGCTACGCCGACGCTGAAATCGGCCCCTGGTTGCAGGAGCGTCTGCGGCTGATTCACGCTTCCAGCCTGACGGCGCTGACCGATATCACCCCGCGCCCGCAGGTGGTCTATCTCGACCCGATGTTTCCGCATAAGCAGAAAAGCGCTCTGGTGAAGAAAGAGATGCGGGTATTTCAGTCGCTGGTGGGGCCGGATTTAGACGCCGACGGTCTGCTGGAACCGGCGCGACGGCTGGCGAGCAAACGGGTAGTGGTTAAGCGCCCGGACTACGCGCCGCCGCTGGCGGACGTGGCGACGCCGAACGCGGTCGTGACCAAAGGCCACCGGTTTGATATCTATGCCGGAACGGCGGTTGAGCCGCAGGGGTAAGTAACTTGCGTCAGGGCCCTTTCCCCGGGGGCGGCGCGTTGCGCCTGCCCGGGCTACGGGTTCGTGCGGTCTGGGGGAGCACCGCTTCCGGAAAACCCCGTCGACCGCACCGTGTTTACGCGCTTTTTGTATTAATCATCCGGTTCAGCCACGGCACCATGATCGCCATGACCACCGTTACGCCCAGGGTCACCAGGCCAATTTTGCTGAAGACATCGGTATAAATCGGCAGCGTCTGTAGCGGGTCGGTAATATTATCCGGTACGGCGGTGAAGGTCGCCACGTAGCCGCCCAGCAGGAACGCGGCCGCCTGGGTTAAAAACCACATCCCAAGAATAAAGCCCATCAGATGCTGCGGCACCAGCGCGGCGACCATCGCCAGCCCCAGAGCGCTAATCAGCAGTTCCCCCAGGCTCTGGAACAGATAGACCAGCACGATAAACCACGGCGAGGTCAGCCCCTGGGCATCGGCAAACCACATTCCCGCCGCGGCGGCCGTCAGGAAACCCAGCGCGCACAGGAACATGCCAAGGGTAAACTTCATCGGCATAGTCAGGTCTTTGCCTTTATTGCCTAAACGCGTGTAGATAGCGGCGAGGATCGGGCTGGCCACCACCACCCAGAACGGGTTTAGCGCCTGAAAGCTCACCGGGTTAATCGCGAAACCAAGTATTTCATGGTGAACGTTATTGATAGCAAAGAAGTTGAGCGAGGTGGGCATCTGCGCGTACAGAATATAAAACAGCACCGCTTCCAGCATCAGGATAAAGGCGACGAACATTTTGTTGCGCCCGGTTTTATCCAGCTTGAAGGCCTCGCGGAAGAAGAAAATCGTCACCACCACTGAGAGGATAATCAGCACCAGGTTGGCGATTTTGACATTATGCATTAGCCAGGCGCAGAGAAAAATCATGACCACCGTACCGGCCAGCACGTACAGTAAATTGCGCAGGCTCAGCGGTTTGTGGTCCGGCTCAGAGCCGATATCCTTCACCATCCCTCGACAGGCGAAGTAAACCAGCAGGGCGACGATCAGCCCCGCGCCGCAAAGGTTGTAGGTCACCGCGTAGCCGAACTTATCGGCAATCACCGGCGCCAGCGAGAGCGACAGCAGCGAACCGATATTGATCGACATATAAAACAGCGTGAAGGCGCCATCCAGACGGGCATCTTTTGGCGGGTAGCATTTGGACAGCAGGCTCGCCGGGTTGGCTTTAAACAGGCCGTTACCCACCGCAATGGTCCCCAGCGCGATGAAAATCAGATTGGGTTGGTGCAGCGACAGGCCGGTCATAAAGTAGCCCGCTGCCAGCACAATCGCGCCCAGAACCAGCGTACGTTTCGTACCCAGCAGATGATCGCCGACATAGCCGCCGATGGAGATAAGGCCGTAGACCAGCGCGGCAAACGCGCCGAAGGTAATAAACGCCTGCTCCTGAGAAAAACCAAGCTGTTTAACAAAGAATACGGCCAGGATGCCCTGAACGCCGTAATAGCCAAATCGCTCCCATAGTTCCACAAAAAAGATCATGAAGAATGGGCGAGGTTGCTGCAGCAAGCCTGTCGGTGCGGTTGAATTCATCTTTCTTCGCCTTTAAGTCCTGTCCGGAAAAGTATGAACGCGTATGCCAAAACGCGCTGAAAAAGGTTAATTTTGCGTAATGATATGATGTTTATCTATTTTGGCGAATTATTATATGGCTATATCGCATTTGAAATGGTTGATCAACCTGGCATTGTGGCGATTATTTGGATTTATATGCTTTTTTGCGGCGGAGTGAGGGGAAATAAAAACGCCCGCGTTGGCGGGCGTTGGTCATCAGCGAAATGAAATAACGGCCTGTTATTCGTCTTCTTCGTCGCGCAGCGGGACAATCAGCATATCCACGTGAACGGTGTTGATGAGCTGACGAGCCGAGGACATCAGTTTGCTCCAGAAGTCCTGATGGTGACCGCAAACCACGAGGTCCATATCATACTTTTTAATCGCATCAACCAGCACCTGGCCGAGATCGCCGCTGCCGCTCAGGGTCTCAGTGATCGGATAGCCCGCGTTGGTGGACAGCTCGCTTAACGCGTGGTGAGTCTCTTCGGAGATGCGCTTCTGCATGTCGCCCAGATTGACGTCAATAAGGCCGGTGTAGAGATCGGAGTAATTCACATCCACGTGGATCAGGGAAACTTTTGCATTGTAGGGGCGGGCCATAGAAACGGCTTTTTCTACCAGTACTTTGCTTTCCGGGGACAGGTCTACTGCAATAAGAATATGTTTGTAAGCCATGGTGTTACTCCTTCCATAAGTTGTCGATGACCGTTGGACCTGACAGCCAGCGCTGCCGCTTCGCCCGCGTCCTGCGTGCTACATTCGCGGGGGGGAGTCCTTAAGGACCTAATTGTAGAAGATATTTCTACCTTATAGCGCCCCTCGCGATCCGTCAATCCACCTTGTTCAGCGAATAGTTAAACAAATATATCCGACTTATGCATTGATAATGATTAACGTTGTGGTAAAAAAATTAACTGATCTCCTACACTATTTAATGAGCCGGTCGGATAAATAAACGTGATCGGAATCGCACTCTTTCACAGTACAGTCGGTTTGATATTGGGGAGCGGTAGTCCCGGAGGGAGCCTCCGAGGACGGGTCGCCGGGGAGGAGGTATGATCAGCACTGTTGCGCTGTTTTGGGCCCTGTGTATCGTATGTGTAGTGAATATGGCACGCTACTTCTCGTCGCTGCGTGCATTGCTTGTTGTGCTACGTGGTTGTGACCCTTTGCTCTATCAATATGTCGACGGCGGCGGTTTTTTTACGTCGCACGGGCAGCCCGGCAAACAGGTGCGCCTGGTGTGGTACATCTACGCCCAGCGCTACCGCGATCACCACGACGATGAATTTATCCGCCGCTGCGAGCGGGTTCGTCGGCAGTTTATTCTCACCAGCGCGCTATGCGGCCTGGTGGTGGTCAGCATGATTGCCCTGGCTATCTGGCACTAGCTTCACGATACAAAAAAACGGGCCAGTTTCCTGGCCCGTTTATCTTTCTTGTTTCTGATATTCGCTTAGATAATCTGCAGCGAGAGCCAGTACAGCGCGCCGGACAGCAGAATCGCCGCGGGCAGGGTCAGTACCCAGGCCATAAGGATGCTGGTGACGGTTTTCTTCTGCAGACCGCCGCCATCAACGAGCATCGTCCCCGCTACCGAGGAGGAGAGCACGTGGGTGGTGGAAACCGGCATACCGGTATAGCTCGCCAGACCAATCGATACGGCGGCGGTCATCTGAGCTGACATACCTTGTGCGTAGGTCATCCCTTTCTTACCGATTTTCTCGCCGATGGTGGTCGCCACGCGACGCCAGCCGATCATGGTGCCGATACCCAGCGCCAGCGCAACCGCCATAATAATCCAGATTGGCGCATACTCGATGGTGCTCAGCATATCGGTTTTCAGCTTCTTCAGCAGACGCTTATCGTCAGCATTCACTTCCGGCAGCTTAGCCACTTTGTCTGTGGTGTCGGAGATGCAGAGCATAATACGGCGCAGATGGCTACGCTGTTCCACGGAGAGCGTGTCGTAGCTTTCTGTACCGGCCAGCATTGTCTTCACGCGGTCAAGCGCGTTGATGGTGTTTGCCGGGTGGCAGTGAAACTCGCCGTTGGCGGCTGCCCCTGCGTCCGGAGACGGAATGAGCTGCTCGGCGCCGGTCGCTTTCTTCAACAGCTCAGGGCGCTGCTGGAAGAAGGTTTCCACGTTGTTGACCGCATCGCGGGTACGGGTGATTTCGTAGCCGGAAGCGTTCATATTGACCACGAAGCCCGCCGGAGCAACGCCGATCAGAACCAGC
NZ_CP180159.1_gap10	310404	314639	4235	GTTAAATGAGACGTGATTATTAGCGAAGTGAAATAATTAACCAAACGTATAATTCATGTCGTTTATTAATGGTTGAGAAAAACCGCTACGAGGCGCATGGGCCAACGAGCCAGCATGATAGCGTTAGCTCCGCTCGCGAGTTAAAAAGCCGTTTATTGCCGCGCGCAGTTTATGAGTGGGGTGACACCTTCTCCGTTGGCAAACACTGCAAATGGCCGTGGCGCACGCCGCGCTGGGCGATAACGTCATCGGCAAAATGCTGAACGTCGCCCATATCGCCTTTCAGCACGGCGATTTCCAGGCAGTCGTCATGGTTGATATGTACGTGAAGGGTGGCGACGGAGAGATCGTGGTGGTGATGCTGGGTGGAGACTAAACGGCTGGCTAAATCGCGCTTCTCATGTTCATAAACATAGGAGAGTACCGCGAAGCCCTGGGTGCCGTACTCCTGAGCGCTTTCCTGGGCCAGCGCGCCGCGCAGAATATCGCGGATGGCTTCGGAGCGATTATGATAGCCGCGGCGCTGGCTCAGGCTATCCAGCGTGTCGAGTAAATCGTCATCAAGAGTAATCGTGATACGTTGCATCTGTTTTAAACCTTATTACGGCGCACGGGAAAGGCGGGAAGTACCGCATTTTGTAACACGCGACCGGCGTGGGAAGAAAACGTTAATTTGTCGCCCACGACCTGCGTCTCAACGATTTGCCCCTCATCCATCACCATCACCCGCTGGCAAAAACGCTCCACCAGACGTAAGTCGTGGGTGATAAACAGACAGGCGGTGCCAAACTGTCGCTGGAGCTTTTTGAGCAGACCAATGACGCCCGCCTGGAGCACCAGGTCGAGGTTAGACACCGCCTCATCAAGGATCAGCAGCTGCGGCTCAACCGACAGCGCTCGCGCCAGGCAGACGCGCTGCAGCTGTCCGCCGCTCAGCTGCGGGGGGCGCTTATCAAGCACGCTATCATCGAGATCCACCGCCCTGAGCATGTCGCTTGCCCGCGCCAGCTGTTCCGCTTTCGTCAATGACAGCAGATGTCGCATGGGTTCACGCAAAATTTCGCGTACCGTTTTACGCGGATTCACCGCGCTGATGGCGTCCTGGAATACCATCTGAATATCCCGCCGGAACGCCTTTTGCTTAGCGCGATTGAGCCGGGAGAGTGGTTCTCCCCGCCAGCAGACGCTGCCCTGCGTGGGCGATTCCAGGCCAACAAGCAGGCGCGCCAGGGTGCTTTTCCCGCAGCCGCTGCGTCCCAGCAGGGCCACGGTTTCACCGCTTTTCAGCGTCAAAGAGACCTCTTTTAGCACCGTTGAATCGGTATATTGATGGGTAATCGTGGATACGCTCAGTAATGTCATCAGGCCAGCTCCAGACCATAAAGGGCGAGATGCGCCGCCACCAGGCTGCGGGTGACGCTGTGCTGCGGGGCGCGAAACAGAGAGTCAACATCGCCCTGTTCTACAATGCAGCCGTTATCCATTACCGCCACATCGTCCGCCAGCCGCGCCACGACGCCCATATCGTGGGTGACCAGTAGCATCCCGGGCCCGCGGTTTTGCATAACACCTGCCAGTAGATCGAGAATGCGCGCCTGGGCCACGGCGTCCAGATCGGTGGTGGGTTCATCGGCAATGATAAACGGCGCCTCGCACAGCAGCGCCATGGCAATCATCATCCGCTGCAGCATGCCGCCGCTCATCTCGAACGGATAAAGCTTCAGGACGCGCTGCGCCTCCTCCAGCCCAACGGCTGCCAGTACCGCCGTAAGCGTGGCGTCGTCTGCGGGTTTACCCAATGCCCGGCAGGTTTCCCGCGCGTGGGTCGCCATGGTGTGCAGCGGATTAAAGGCGCTGCGCGGGTTCTGCATAATGGTGGCGATTTTGCTGCCGCGCAGCTCGCCGGGGGAAACCGGCTGGCCGTCGGCGAGGATCATCCCCGCCGTTTGCCGTACGCCGGGAGGCAAAATGCCCAGCGCCGCTGCGCAGGTTAGCGATTTTCCGCTGCCGCTGCCGCCAACCAGCGCCAGCACGCGCCCGCGTTTGAGCGTCAATGATACGCCGTGCACCAGCGGACGCTCGGCCTGTAAGACGATGTTTTGCAGTGTAATTTGTTGCGGCATTAGTGGGCGTGCTCCGCGATCAGATGAGGATCCAGGCGATCGCGCAGCGCGTCGCCCACCATGTTGAAGGCCATGACGGTGATAAACAGCGCCAGTCCCGGCCAGAACATTTGCAGCGGCTGGGTCCAGATATACTGGCGGGCGTCGTTAATCATCACCCCCCACTCGGCGGTTGGCGCGGTGACGCCGAGGCCGAGAAACGACATCCCGGCGACGTGCAGCATCATATGCCCGATATCCAGGGTCGCCAGTACCAGCAGCGACGGAATGACCGCGCCGGCCAGATGGTCGACGAATACCCGCACGTGTCCCGCGCCGGAAAGCCGCGCGGCGAGCACAAATTCGCGCTGGCGCAGGGAGATTGTCAGGCTGCGCACCATCCGCGCATACCACGCCCAGTGCGACAGGGCGATGGCGATAATTACGTTGGTCAGCCCGGTTCCCAGTACCCCCACCATAAAGAAAGAGAGGATTGAGGTCGGGAAGGTCATAAACAGATCCGCGACGCGCATGGTGGCCTGATCGACGCGGCCGCCGATAAGCCCGGCGCATCCCCCGACAAGGAGTCCCAGCGCCAGCACCAGCAGCAGGCAGGCCATCACCGAGCCAAGCGATACGCGGGTCGCTGCCAGCAGACGCGAGAAGATATCGCGCCCCAGATGATCGGTACCGAGCCAGTGCTGGCTGCCGGGCGGCAGCAGGCGCGAAGGCAGATCGATCGCCTGCGGATCGTACGGCAGCCACCACTGGCTGGTGAGCGCAACGACCGCCAGCAGGGCGATGATAAGCAAAGAAATGCGGACGGACCCGCGTGAAGAGAGGAAAAAGTTCACGAGCGCGCTCCTTCATGGCGGCGAATGCGCGGGTCCAGCGCGGCGTTCAGCAGATCAACCATCAGGTTACAGACCACAAAAACGATCACCATCATCAGGGTGAAACACTGAATCACCGGATAATCGCGATTAAAAATCGCCGAGACGGCGTAGCGGCCCACGCCGGGCCAGGCAAAGATATTCTCGATAATCATCGTGCCGCCAATCAGCTCGCCGATATGCATCCCCACGGCGGTAATCATCGGCAGCGAGGCGTTGCGCAGAATATGGCGGCGCTCGGTTTGCCTGTCGTTCAGGCCGCGCAGTCTGGCCCAGGTTACGTGACGCTGCCCGGCGACTTCCAGCATGCTGGCGCGCAGCAGGCGGGCGTTGATCGCCAGCGACATAAAGGCGATCGACACCGCCGGCAGAATGATATGCTGCCAGCCGCCATAGCCCATCGCCGGCAGCCATTGCAGATAAACCGAAAAGAACATCACCAGCAGGAAAGCCAGCCAGAAGTTGGGCATCGACACGCCGAGAAAAGCGATGATCCGCACAATAAAATCCGGCAGGCGGTCGCGGTGCCGCGCCGCCCAGATGCCCAGCGGCACGGAGGTGAGGAGGATCAGCACCAGCGCGGCGCCGGCCAGTTGCAGCGTGGCGGGGAGAAAGCTCAGCATGTCATCCAGCACCGGACGCTGGGTGGCGAACGAAACGCCAAAATCCAGATGCAGCGCCTGCCACAGCCAGCTGCCGTACTGGACGATAAGCGGCCGCTCCAGCCCCAGCATCGCGCGTGTTGAGGCCACCATTTCCGGCGTCGGCGGCAGGTTTGACAGACGCAAATAGTCCAGCGCCGGGTCACCGGTGCCCAGGCGCAGCATTAAAAAGATAATCACCGAGGCGGCGAAGATCATCGGGATCAGCAGCGCGACCCGCCGCAGCGCGTAACGTAACATCAGGGTTTCACCGACTTAATCTGTTCAAACGGAATTTCAGACGCGATCGGCGCGTAGGGAATCGCCCCCAGCTCCGGTCTGGCGACCACCATCATCGAGACGTAGCTGATGGGCAGATAGACCGCATCGTTGTGCAGTCGGGTCAGCAGGTCTTTGTACAGCGCCTGACGCTGCGTTTCGTCGGTGGTTTTCAGCACCTCGCCGATTTCTTTATCAATAATCGGTTTGTCGGCTAATCCCTGCTGCGCCTGAAAATCGGCGTGCGACGGTACGCGCATCGAACTCATAAAGGCGTGCGGATCGTAGGGTGCGCCCCAGGTACGGTTGAAAATCATGCC
NZ_CP180159.1_gap11	359676	363337	3661	CGTATTTTCCCGACGGTGGAAGTGATCGCCAACCTGAAAATGCTCGACAGCTATGCCGGGCTCACCCTGCCGCTGATGGCTTCGGCGACCGCCACCTTCCTGTTCCGCCAGTTCTTTATGACCCTGCCGGACGAGCTGATAGAGGCCGCACGTATCGACGGCGCGTCGCCGATGCGCTTCTTTCGCGACATCGTGCTGCCGCTGTCGAAAACCAACCTGGCGGCGCTGTTCGTCATCACCTTTATCTACGGCTGGAACCAGTATCTGTGGCCGCTGCTGATCATTACCGACGTGAATCTCGGCACGGCGGTCGCGGGCATCAAAGGGATGATCGCCATCGGCCAGGGCACCACGCAGTGGAATCAGGTGATGGCGGCGATGCTGCTCACGCTGATTCCTCCGGTTGTCATCGTTTTAGCCATGCAGCGCGCGTTTGTGCGTGGTTTAGTGGATAGTGAGAAATAAAATGGCAGGACTTAAGCTACAGGCAGTAACCAAAAGCTGGGATGGCAAAACCCAGGTGATCCAGCCGCTGACGCTGGACGTCGCGGACGGCGAATTTATCGTAATGGTGGGCCCCTCGGGCTGCGGAAAATCAACCCTGCTGCGCATGGTGGCGGGCCTGGAGCGGGTCACCAGCGGCGATATCTGGATCGACCGCAAGCGCGTCACCGAAATGGAACCGAAAGATCGCGGTATTGCGATGGTGTTCCAGAACTACGCCCTCTACCCGCATATGAGCGTGGAAGAGAATATGGCGTGGGGCCTGAAAATTCGCGGTTTAGGTAAAGGATTAATTGCCGAACGCGTCCAGGAAGCGGCGCGCATTCTGGAGCTGGACGGCCTGCTGAAGCGCCGTCCGCGCGAACTCTCCGGCGGCCAGCGCCAGCGCGTGGCGATGGGGCGGGCTATCGTGCGCGACCCGGCGGTATTCCTGTTTGATGAGCCGCTCTCCAACCTCGATGCCAAACTGCGCGTGCAGATGCGTCTGGAGCTGCAGCTGCTGCACCGCCGGCTGAAAACCACCTCGCTGTACGTGACGCACGATCAGGTGGAAGCCATGACCCTCGCGCAGCGGGTGATGGTGATGAATAAAGGCATCGCCGAGCAGATTGGTACGCCGGTCGAGGTCTACGAAAAACCGGCCAGCCGCTTTGTCGCGAGCTTTATCGGCAGCCCGGCAATGAACCTGCTGGAAGGCCGGGTTAGCGACGACGGTAGCCGCTTCGAGCTTGAGGGCGGGATGCTTTTACCCATCAACGGCGAGCATCGCCGCTATGCCGGGCGTAAGATGACCCTGGGTATCCGTCCGGAACATTTTGCATTAAGCTCCGAGGCGGAAGGTGGCGTACCGCTGGTGATGGATACGCTGGAAATTTTAGGTGCCGATAACCTCGCCCACGGGCGCTGGGGCGAGCAAAAGCTGGTGGTCCGGCTGCCGCACCAGCAGCGTCCCCAGGCGGGCAGCACCCTGTGGCTGCATCTGCCGCAGGAAAGTCTGCATCTTTTTGATAGTGAAACAGGACAACGCGCATGAGTCACTGGCCTTATCCTCATATCGTCGCCCACCGCGGCGGCGGTAAACTGGCCCCGGAAAATACCCTGGCGGCCATCGATACCGGCGCTCGTTACGGCCATACGATGATTGAGTTTGATGCGAAGTTATCGAAAGACGGGCAGATTTTTTTACTGCACGATGACAATCTCGAACGCACCAGCAACGGCTGGGGCGTGGCGGGCGAACTGGCGTGGAACGATCTGCTAAAAGTGGATGCCGGCAGCTGGTACAGCGGCGAGTTCAAAGGCGAGCCGCTGCCGCTGCTGAGCGAGGTGGCCGACCGCTGCCGTCAGCACGGCATGATGGCCAATATCGAAATTAAACCGACCACCGGCACCGGGCCGCTGACCGGCAAAGCGGTGGCGCTGGCGGCGCGTGAGCTGTGGCAGGGGATGACGCCGCCGCTGCTCTCATCGTTTGACGTTGATGCGCTGGAAGCCGCGCAGGAGGCGGTGCCCGAACTGCCGCGCGGGCTGCTGCTGGATGAGTGGCGCAACGACTGGCGCGAACTGACCGCACGTCTCGGCTGCGTCTCTATTCACCTCAATCATAAGCTGCTGGATGAAGCGCGCGTGGCGAGCCTGAAGGCCGCGGGCCTGCATATTCTGGTCTATACCGTTAACAAACCGCAGCGTGCCGCCGAGCTGCTGCGTTGGGGCGTGGACAGTATCTGCACCGATGCAATTGACGTCATCGGCCCCAACTTCCCGGCGTAATTCACTTCTGCGTCAGGCGGCCCTTACGGGGTCGTCTGGCGCTGCAGCATCCCACCGTTGGTGTTAGGGAGAGGCTGCTCACGGGTCAGATTGTTATTCTGCTGTACCCGCTGCCGATCGTTATTCAACTGCGTCTGAAGATGCTGCTGCTGCGCGCGCGACTGGCTTTGAATACCCTGCTTAAGATTGTTTTGCTGCTGCATTTGCTGGGTCTGCATCTGATTTTGCATCCGCTGCTGGCTGGGCACCACGTACCCCGGCTGATTGGGGTTATTGTCGATATTGATCGGCTGCGCCATGACGCTCAGAGGCAGCAGCGCCGCCAGATATAACATTGCTTTCATTGTTCTCTCCTCACTTCGTGGGATCGCTTAAGTTTACTCCCTTTCCGGCGCAACAATGATCTTTTAGGACTTATCATCCAGGATTATGGGTAAATAAAAACATCATTCAGGAGTATGACAATGATAAGAACAACGCTCTGGCGTCAGGTGGTCATCGCTGCGTTGCTGGCGGGCGGCAGTTTTACCGTTGCGGCAGATCCCGCCCCTCCGCCGGTATCTTATGGCGTAGAGGAGGATGTTTTTCACCCGGTCCGCGCTCAGCAGGGGATGGTGGCCTCGGTGGACGCGCTGGCAACGAAGGTAGGCGTGGATATTCTGCGTCAGGGCGGCAACGCGGTCGATGCCGCCGTGGCGGTGGGCTACGCGCTGGCGGTCACCCATCCGCAGGCCGGTAATATCGGCGGCGGCGGGTTTATGATGCTGCGGACCAAAGACGGTAATACCACGGCGATCGACTTCCGCGAGATGGCCCCGGAGCAGGCCACCCGGGATATGTTTCTCGACGATCAGGGCAACCCGGACAGCAAGAAATCGCTGACCTCGCATCTGGCTTCCGGCACGCCGGGCACCGTCGCCGGGTTCTCCCTCGCGCTGGAAAAATACGGCACGATGCCGCTCAACAAAGTGATTCGCCCGGCGATTAAGCTGGCCGAAGAGGGCTTCACGGTAAATGATGCGCTGGCCGACGACCTGAAAACCTACGGCAGCGAAGTGATCCCCGACCATGCCAACAGCCGGGCTATCTTCTGGAAAAACGGCGAGCCGCTGAAAAAGGGCGATAAGCTGGTGCAAAAACAGCTGGGGAAAAGCCTGGAGCTGATTGCCGAGCTGGGGCCGGATGCCTTCTATAAAGGCGCGATTGCCGACCAGATTGCCGCTGAGATGAAGAATAACGGCGGGCTTATCACCAAAGCGGATCTGGCGAATTACAAAGCGGTCGAACGTACGCCGGTGAGCGGCGAGTATCGCGGCTATCAGGTGTTCTCGATGCCGCCCCCATCGTCCGGGGGCATTCATATCGTGCAGATCCTGAATATCCTCGA
NZ_CP180159.1_gap12	365945	370142	4197	ACAGGCTCCGCAGTATTCGCACATCCACTTCACCAGCGACCTCGACGAAGTGCTTAACGACCCGCAGGTCAAACTGGTGATTGTCTGCACCCACGCTGACAGCCATTTTACCTATGCGAAACGGGCGCTGGAGGCGGGTAAAAATGTGCTGGTCGAAAAGCCCTTTACCCCGACGCTTGAGGAGGCAAAAACGCTATTCGCCCTGGCGAAAAGCAAGGGACTGACGGTTACGCCGTACCAGAATCGTCGCTTCGACTCCTGCTTTCTGACCACGAAGAAGGTGATTGAAAGCGGAAAGCTTGGCGAGATCGTCGAGATTGAAAACCATTTCGACAACTATCGTCCGGTAGATGGAGGGAAACCCGGGCTGCCTCAGGACGGCACATTCTACGGTCTGGGCGTCCATACCCTGGACCAAATTATCTCCCTGTTCGGTCGCCCGGACCATGTCTCTTATGACATCCGTAGCCTGCGCAATAAAGCCAACCCGGACGATACCTTTGAGGCCCAGCTGTTCTACGGCAGCCTGAAGGCGATTGTCAAAACCAGCCATCTGGTGAAGCTGCCTTACCCAAAATTCATCGTCCATGGTCATAAAGGTTCGTTTATTAAATACGGTATCGACCAGCAGGAGACCAGCCTGAAGGCCAATGTTATGCCGGGCGAGCCGGGATTCGGCGCGGATGAGACGGTTGGTCTGCTGGAGTACGTCAATGAGGCGGGGGAAACCGTACGGGAAGAGATCCCGCTTGAAACCGGCGACTATGGGCGGGTCTATGATTCGCTGTATGAAACCCTCGTTAACGATCAGCCAAATTTCGTCAAGGAATCTGACGTTCTCACGAATCTGGAGATCCTCGAACGCGGCTTTGAACAGCCATCTCCGGCCACGATTACCCTTACCCGATAAGCCCTCACGGCTCCTCTGTACTCATTCATATTTTTTGAACAGAGGAGTCAATTTTCACCCTCTATGATCGCCAGGGGATTGGGTCCACACTTATCCCATCGAAAACATACGGGGGTGCAACATGATCTACTTACGCAAAGCTAACGAACGCGGCCACGCTAACCACGGCTGGCTGGATTCCTGGCATACTTTCTCTTTCGCGAACTATTACGACCCTAACTTTATGGGCTTCTCGGCGCTGCGGGTGATCAATGACGACGTGATTGATGCCGGCCAGGGCTTCGGTACCCATCCGCACAAGGACATGGAAATCCTGACCTACGTGCTGGAAGGGGCCGTTGAGCACCAGGACAGCATGGGGAATAAAGAGCAGGTGCCGGCGGGTGAGTTCCAGATCATGAGCGCGGGTACCGGGATTCGTCACTCGGAGTACAACCCAAGCAACACGGAAAAACTGCATCTGTACCAGATCTGGATTATGCCGGAAAAAAATGGCATCACGCCGCGCTACGAACAGCGCCGCTTTGACGCCGCGCAGGGCAAGCAACTGGTGCTGTCGCCGGATGCCCGCGAAGGTTCGCTGAAGGTGTACCAGGATATGGAGCTGTACCGCTGGGCGCTGCTGAAAGATGAGCAGTCGGTGCACCAGATTGCCGCTGAACGTCGGGTGTGGATCCAGGTGGTGAAAGGTGAAGTCACCATCAACGGAACGAAAGCTACCACCAGCGATGGCCTGGCGATTTGGGACGAGCAGGCGATTTCCGTACACGCCGACGGCGATAGCGAAATTCTGCTGTTCGATCTGCCGCCCGTCTGATCGTTCTCCGATCGGGTCTAAATAAATTGCGCAACCTTCCCGGATGTTAGGGAAGGTTGCGCTTTGTCCGTGATAAACTGGGGAAATGTTTCCCCGTTGATCGCAGTCAGGACGATGAAAAAGAAAAGACCCGTACTTCAGGATGTAGCCGATCTTGTCGGCGTGACCAAAATGACGGTCAGTCGCTACTTACGTAACCCGGAACAGGTTTCCGAAGCGCTGCGTGGCAAGATAGCCGTTGCTCTCGATGAACTGGGTTATATTCCTAATCGCGCCCCCGACATCCTCTCGAATGCCACCAGCCGCGCTATTGGCGTGCTGCTGCCCTCGTTAACTAACCAGGTCTTCTCAGAAGTGCTGCGCGGTATTGAAAGCGTGACCGACTCTTTCGGTTACCAGACGATGCTGGCGCACTACGGCTATAAGCCAGAAATGGAAGAAAAACGCCTGGAATCCATGCTTTCCTGGAATATTGACGGCCTGATCCTTACCGAACGAACCCATACGCCGCGCACCCTGAAGATGATTGAAGTGGCGGGTATCCCGGTTGTGGAGCTGATGGACAGCCAGTCGCCGTGCCTGGATATCGCCGTCGGCTTTGATAACTTTGAAGCGGCCAGGCAGATGACCGCGGCGATTATCAATCATGGCCACCGTCACGTTGCCTATCTTGGCGCACGTCTTGATGAACGTACTATCATCAAACAGAAGGGGTACGAGCAGGCGATGCTCGATGCCGGGATGACGCCCTACAGCGTGATGGTTGAGCAGTCTTCCTCTTATTCATCGGGGATTGAGCTGATGCGCCAGGCGCGTCGCGAATATCCGCAGCTTGACGGCATTTTCTGTACCAACGATGACCTTGCGGTCGGCGCGGCGTTTGAGTGCCAGCGCCTGGGGCTGAAAATCCCTGACGATATGGCGATTGCCGGTTTCCACGGCCACGATATCGGCCAGGTGATGGAGCCGCGCCTGGCCAGCGTGCTGACGCCGCGCGAGCGGATGGGGCGGATTGGTGCTGAACGTCTGCTGGCGCGTATTCGCGGTGAAGCGGTGACGCCTAAGATGTTAGATTTAGGTTTCACATTGTCACCGGGCGGATCTATTTAAACTGACAAATTTGAAGTAGATCACACATATTCACATCTGGCACGAATGGTTATTGCTTCTCCACAACTCCGGCATGACAATGTTACCGATAACAGTTACCCGTAACAATTAACCTGTACGCCAGTATTTCACGCCGTTAAACGCTGCCAGCTGCGCGTATGTGTCCAGTGGGAGGAAGCTTTGAGCACGACTAACCATGATCACCACATCTATGTCCTGATGGGCGTTTCCGGCAGCGGCAAATCCGCTGTCGCCAGCGAAGTGGCGCATCAACTGCACGCCGCGTTTCTAGACGGCGACTTTCTACATCCGCGCAGCAACATCAACAAGATGGCTTCCGGCGAACCGTTAAATGACGATGACCGCACCCCGTGGCTGCAGGCGCTGAACGATGCCGCGTTTGCTATGCAGCGTACCAATAAAGTGTCGCTGATTGTCTGCTCCGCGCTGAAAAAGAGCTACCGCGACATCCTGCGTAAAGGTAACCCGAACCTCTCTTTTATCTACCTGAAAGGCGATTTCGAGGTTATCGAACAACGTCTGAAGGCGCGTAAAGGCCACTTTTTTAAAACCCAGATGTTGGTCACGCAGTTTGAAACGCTGCAGGAACCGGGCGCGGATGAAAACGATGTTTTAATCGTCGATATCGACCAGTCATTGGAAGGCGTGGTCGCCAGCACCATTGAGGTGATCAACAAAGGCAGTAAATAGTGAGTACATTAACGCTTGTTTTAACAGCAGTCGGCTCCGTTTTGCTGCTGCTGTTTTTAGTGATGAAGGCGCGTATGCATGCCTTCGTGGCTTTGATGGTGGTTTCTATTGGAGCAGGGCTTTTTTCCGGAATGCCGTTGGACAAGATTGCGGCGACGATGGAAAAAGGCATGGGCGGCACGCTGGGCTTTCTGGCTATCGTCGTCGCGCTGGGGGCTATGTTCGGGAAGATCCTGCATGAAACCGGCGCGGTCGACCAGATTGCTGTCAAAATGCTGAAATCTTTCGGCCATAGTCGCGCCCACTATGCGATAGGTCTGGCCGGCCTTATCTGCGCGCTGCCGCTGTTTTTCGAAGTGGCGATTGTGCTGCTGATCAGCGTGGCTTTCTCAATGGCGCGCCACACCGGCACCAACCTGGTGAAGCTGGTGATCCCGCTGTTTGCTGGCGTAGCCGCTGCGGCCGCGTTCCTGCTGCCGGGGCCCGCGCCGATGCTGCTGGCCTCGCAGATGCACGCCGACTTTGGCTGGATGATCCTGATTGGCCTGTGCGCCGCGATCCCGGGGATGATTATCGCCGGACCGCTGTGGGGTAACTTTATCAGCCGCTACGTTGAGCTGCACATTCCGGACGATATTAGCGAGCCGCA
NZ_CP180159.1_gap13	417969	418568	599	CCACCAGCACCGCGCCGAGCAGGGTCTTGTTGTCAGGGCTGACGATAAGGCGTCTGTAGACCTCTTTGCTTTCATCGAGATAAACATAGCTGCGCGCGCCCGGCGTACGGCCGTGAGCGTCACCGATGCCGCCGACGTCAACGCCCAGCAGCTTCAGCTTGGCGCTAAGATCCGCGCCTTCAAAGGCGTTTTCGGTCTGGAGGATATGGTCAACGGTAACCTGAGCCATTTTGTAGCCCGGGGCGACCAGGCCGTAAACGCGGTTGTTCCAGCTGGCGCATTCACCAATGGCGTAGATATCCGGGTCAGAGGTCTGGCAGGCGTCGTTAATCACGATGCCGCCGCGCGGAGCGACTTCCAGGCCGCACTGGGTGGCCAGCTTATCGCGCGGGCGGATACCGGTAGAGAAGACGATAAAGTCGACTTCCAGCTCGCTGCCGTCGGCAAAACGCATGGTTTTACGCGCTTCGGTACCTTCCTGAACGATCTCTTTGGTGTTTTTACTGGTGTGCACGCGCACGCCCATGCTTTCAATCTTGCGACGTAGCTGTTCGCCACCCATCTGATCCAGCTGTTCCGCCATCAGCATGGGCGCGAAT
NZ_CP180159.1_gap14	509807	513619	3812	CGCCTGCTGGTTCCAACGGGCATCTATGATTTTGTCTGGCACCCGGCACTGTTTAATACCGCGCTATATTGCTGCCTGTTTTATCTGATATCACGTTTGTTCGTTTGAGGTTGATGTGAAAACACTAACAAGAAATATCCTCCGTACCGCAATCACTGTGATACTGGTTATCCTTGCATTTATGGCGATTTTTCGCGCATGGGTGTATTACACCGCCTCGCCCTGGACGCGCGATGCGCGTTTTAGTGCGGATATTGTGGCCATCGCTCCCGACGTCTCCGGCCTGATTTCGCAGGTGAATATCAAGGATAACCAACTGGTTAAGAAAGACCAGGTTTTGTTCGTCATTGACCAGCCGCGTTACCAGAAGGCGTTAGCCGAGGCTGAAGCCGATGTCTCCTACTATCAGACTCTGGCGCAGGAGAAGCGCGTCGAAGCCGGCCGTCGTAACCGCCTTGGCGTCCAGGCCATGTCCAGGGAAGAGATAGACCAGGCGAATAACGTTCTGCAAACCGTTGAGCATCAATTAGCCAAAGCGACGGCAAGTCGCGACCTGGCGAAGCTTGACCTTGAACGTACGGTGATTCGCGCCCCGGCCGACGGCTGGGTGACCAACCTGAACGTTTACCGCGGCGAGTTTATCACCCGAGGCTCCACCGCGGTTGCGCTGGTGAAGCAGAATACCTTCTATGTTATGGCCTATCTTGAAGAGACCAAGCTTGAGGGCGTACGCCCCGGCTTTCGTGCTGAAATCACCCCGCTGGGAAGCGTACACACCCTCAGGGGCACCGTCGACAGCATTGCTGCAGGCGTCACCAATGCCAGCAGCAGCAGCGATTCAAAGGGGCTAGCCTCTATTGATTCTAACCTTGAATGGGTACGTCTGGCACAGCGGGTGCCGGTACGTATTCGCCTCGATCAACAGCAGGGCAATCTCTGGCCTGCGGGTACCACCGCGACGGTGGTGATTACAGGTAAAGAGGATCGTGATACCCGCCAGGCAAACTTCTTCCAGAAACTGGCGATGCGCCTGCGTGAGTTTGGTTAATCGCCATGGGGATCTTCACCATCGAACTCCGGCATCTCCGCTTCGCCGTTAAGTTAGCCTGCGCGGTGGTGCTGGCGTTATTCGTCGGTTTTCATTTTCAGCTGGAAACGCCGCGCTGGGCGGTGCTTACCGCCGCCATCGTTGCTGCCGGCCCGGCGTTTGCCGCAGGCGGGGAGCCTTACTCCGGGGCGATCCGCTATCGCGGGATGCTGCGTATCGCCGGCACCTTTATCGGCTGTATCGCCGCGCTGGCGATCATCATCCTGATGATCCGCGCCCCGCTGCTGATGGTGCTGGTATGCTGCCTGTGGGCCGGATTCTGCACCTGGATCTCCTCGCTGGTGCGGGTTGAGAACTCCTATGCCTGGGGCCTGGCGGGCTATACCGCGCTTATCATTATTATCACTATTCATGAAGAGCCGATGCTGGCGCCGCAGTTCGCCGTTGAGCGATGCAGTGAGATTGTCATCGGTATCGTCAGCGCCATTGTGGCCGACCTGCTGTTTTCTCCGCGTTCGATTAAAAAAGAGATCGACCTTGAACTGGATAATCTGCTGATCGATCACTATCGCCTGATGCAGCTTTGCGTGGCGCATGGTGATAAAGATGACGTCGATAAGGCCTGGAGCGCGCTGGTGCGTCGTACCAACGGGCTGGAAGGGATGCGTGGCAACTTGATTATGGAGTCCTCGCGCTGGGCAAAAGTGAATCAGCGGCTGAAGGCGATCAATACCCTCTCTCTGACCTTAATTACTCAGGCCTGTGAAACCTATTTGATCCAGAATACCCGGCCTGAGATGGTGACGGATGATTACCGCGAGCTGTTTGCGGAACCGGTCGAGACCGTGCAGGACGTGCACCGCCAGCTAAAGCGGATGCGCCGCTTCTTGACCTGGAAGGGAGAGCACAATACGCCGGTGACGATCTACAGCTGGGTAGGCGCTGCGACGCGCTATCTGCTTTTGAAGCGGGGCGTGGTTGGCAATACCAAAATCAGCCGTATTGAAGAGGAAGTACTGCAAGGCGAAGTGGTGGTGAAGGCGGAATCCGCCGAGCGGCACCATGCGATGGTCAACTTTTGGCGTACGTCTATCTCCTGTATCCTCGGTACGCTGTTCTGGCTGTGGACCGGCTGGACTTCAGGAAGCGGGGCGATGGTCATGATTGCGGTTGTCACGGCCTTAGCGATGCGTTTACCTAATCCGCGGATGGTGGCTATCGATTTCCTCTACGGCACGCTGGCGGCGTTACCGCTGGGGGCGCTGTTTTTCCTCGTGATTATGCCCGCGACGCAGCAAAGTATGCTGCTGCTGTGTATCAGCCTGGCGGTGATGGCCTTTTTTATCGGCATCGAAGTACAAAAGCGGCGGCTGGGCTCGCTGGGGGCGCTGGCCAGCACCATTAATATTCTGGTGCTCGACAATCCGATGAAGTTTGAATTCAACCAGTTTCTTGATAGTGCCCTGGGCCAGATCGTCGGATGCTTCCTTGCGCTGATGGTGATCCTGCTGGTTCGTGATAATTCGCAGGCCCGCACTGGCCGCGTGCTGCTCAACCAGTTTGTCTCGGCGGCGGTATCATCGCTGACCACCAATACGGCGCGACGTAAAGAGAACCATCTGCCGGCCCTGTATCGTCAGCTCTTTTTGTTGCTGAGTAAATTCCCTGGCGATATCGCCCGCTTTCGTCTGGCGCTGACCCTGATTATCGCGCATCAGCGTCTGCGCGATGCGCCGGTACCGATAAATGACGATCTGTCGGCCTTTCACCGGCAGCTGCGACGTACCGCGGATCGCGTCATTTCAGCCAGTAGTGATGATAAGCGCCGCTACTATTTTGCCCGCTTGCTTGATGAACTGGATATCTACCAGCAAAAATTACAGCACTGGGAAGCCTCTCCGCAGGTGACCGAGCCGGTACGAAGGCTGGTGGAGATGCTGCATAAGTACCAGCATGTGTTAACCAACAGCTAGCCGCCAGAACCGACGCCGAAGCGTCGGTTTTTTTATCGCTATACTTAACGCTCAGAGTATGAATTCCGCCGTCAGAGTGGATCTACACGCCGGGATGACCGGGCTATGAAAAGTTGCAGGTGTGGACGGGATGCGGGCAATGACTACCTATACCTTTGATTTTGATGAAATAGCTGAGCAGCAGGATTTTTATCGTGAGTTTTCTCGTACCTTTGCTTTAGCGCGTGAAAAAGTGAATAACCTGGATTCTCTGTGGGAAGCCGTGACCGCCGGGCTGTTACCCTTACCGCTGGAGATTGAGTTTATTCATTTAAGCGATAATCAGCGGCGGCGTTTCGGCGCGTTAATTCTGCTCTTTGATGAGGCGGAAGAGGAGCTGGAAGGGGAGCTGCGTTTTAATGTGCGGCAGTCATAAAAAAGCCCCCGACGGAGCGGGGGCAAGTCGTCGGATAAGACGACGAGGGTTTATTTGTACAGCTCAGCCGTAGCGTGCCAGTTATCGCCGGTACGGGCTTCAATAATACGGTAGCTGCTGGCGCCTTCTTTCTCAGCTTTCGCCGCCAGTTCCTGACGCATATCCATCGGCGCGCTGCCTACCTGAGAAACGGAAACGGTGCCCATGGACTGCAGATTTTGCGCCTGTTCGGTGTTCACTTGATTAACGGCGGCGTTTGCGCCGAAAGAGAGAACGGAAGCCAGACCCAGGGATGCGATGATAATTGCGCTTTTCATAATTTTTTCTCCAACCTTAATATTTGCAGCGGCGGGAGGCTTAATGAACCTGGGGCCGC
NZ_CP180159.1_gap15	523180	525898	2718	GCCGCGCAATGTCTCCGTGCCGATGGCGGCCGTACTGGCGGTTTACGCGCGCGAGAATGGTGCGGGAACCATGTTCGAACCAGAAGCGGCCTATGATGAAGATGTCACTAGCCTGAACGATGGCGAAGAGCTACCTGACAGCGAAACGGTCATGTCGGTGATCGATGGCGATAAGCCGGATAATCACGGCGACGATCCGGACGATACGCCGCCTCCTCGCGGCGGACGCCCGGCGCTACGCGTTGTGAAGTGATATCAATAACAGGCCCTGCGGGGCCTGATTCATATATGAATTCATATGTGATTCAGGCAGCATTCCCTATCCCGAGCGAAGCATGCCATCAACATGCTTCGCTTTTTTTATTTTATAACTTTACTGCTAGCGTTGAGTCTCTTCTCCGTCAGGACAAAGCGTGTTTCTGCGGTGGGCTGGGCCTGCACAGATTATTTTGCTGTGCCCTATGGTCATCCAGCACAAGAGATCGGGTATCTTAGATGAAATGTGAATCATATTTCTCTGGTTTCATTTGTTTGAATTTAATTAAGGTGTTTCTATGATAGATATGCATTCTTATTTTACTATTGATGCTGTTTATTTATAAAGAACAGCTTAATTAACTGACCTGTGTTTTATTTAACTTACCTTCAGTTCTTTACTATCTTCTTGTAAATATTGAATGTTTTTGGTTTTTAAAATTTTGTGGTTATTTTTTCTTGAGATTAGTCGTTCAATTAAGTAGATTAGTCGGCGGTGAAAGGGAGCTCTTTCATCATTACTTCCAATAACTAATTCTTTTCTCGATAATTATTGCCGGGATGATTAGTTTAGTGCCGATGATTTAATTGGATAAAGGATGTGCCGATATTTTAACTGATATCGGTCGTACTATACATTAAGGAAAATTGATATGTTCTCTAAAAAGTCGCTTTCTGCGCTGTGCGTTTGCGCTGCTATTGTTTCTGCTGCGGGCGCCAATGCCGCCATGGATGCCAATCTTACGGTAAAAGGAACCTTTACCCCGGCAGCATGCACTCCGGAACTAAGCAATAGTGGCGTCGTTGATTATGGCTCCATGAGCAACTCAGTTCTTGAGAAGAAAAGTAGCGGTAACTCTTTAGTTCAGCTGGGTAAAAAAACCATTACTTTAACGGTAAGCTGCGATGCGGCGACCAGCGTGGGTATTATTGCGCAGGATAACCGCGCGAGTTCTAAAGTCACGCTTTCAGATTCGGCCTATATTGCAGACTATGTACCGGGTCAGAATATGTCGAGTTCTAATCCAGTATTTGGTCTCGGCACAGTTAACAACGTGAACATTGGTGCTTACACCGTTACGGCAGCGAGGAGTGGATCAACCGCCGATGGCGCTGCAGTGGATATGATACTGAAAGATACGGATAGAGAAGGTTCCGGATGGAGGAATGCGAACGGTGGCGGGTTATATTATCCTGATAGTACCCGTATCATTACCGTTGCTGAAATCGGCAAAACGACCCCAATGCTGTTTAAAGATTTAGTCATGCCGCTGGATATTGTTTCCGCCGTTCAGGATATTAGTATTTTGGGTTCTGGAACAAAAGTTGAGCTGGATGGTAATGCCACGCTGAGTCTTGTTTATCTTTAATATTTATATTCTGTTCTTCTGAAATTGGGTCCAATAAATATATTCATAAAATTTATTGGGCCTGTTAATAAGCACCATCTCATTTTAATAAATACCACAAATATGAAAAAAACGCTGCTGTTGTCGTTATTGATATTGACGACCCGGGCCTATGCCAGCGGCATGGTGCCTGAGACATCTGTCTTACTCGTTGATGAACAAAAAGGTGAGGTGTCGATGAACCTCACCAATTCCGATTCGCATCCGTCCCTGCTCTATACCAAAGTGGTTGATTTAGCCGATAGCGATAAATCTATCCGCTTAATTGTTACACAGCCGGTAGTACGCGTAGAGCAAGGGGACACACAAAAGATCCGCTTTATACTGCAAACCTCTAAACCGCTGCAGCATGAAGAGTTTAAACGGGTCACCTTTGAAGGAATTCCGCCGAAGGAAAAGGGAAAACTGAAAACAACGGTCACAATTCGTCAGGATTTACCGGTCATTATCCATCCGGCTGGCCTGGCGGAGGAACCCGAACCGTGGAAGCATCTGGTCTGGCGCAAAAAGGACGGACAACTGGAGATCAGTAATCCAAGCGACTATGTCGTCAGGATGACGGCCATGTTTAATACTTTGCCTTCAGGTTCTCCAGGCGAGTTATCGAAAACGTATCTCCTGCCGCATACCAGCGTCAGCGTAAAATTACCTGCTAAAGCGGGAGCGGATACGAAAGTCGAGTTTTACCCGGCAAGCCGCTATGGATATAAAGGAGAGCGCTATATCACCTCGTTGCAGTGACTATGTTCAAGGATGAACGGAATGCTCAGAAAAAAGCTGTTGGCCTGTCTTATCGGGTTGGGAAGCGCTCAACTGGCGGTAGCTGAAGAGGCCAACAAGAGCGCGATAGAATTTGATAGTGAAACCTTAACGTCTTTGGGTATCGATCCGCAAATTGCGCATTATTTCTCCTCAGAAGCCAAATTCCTGCCAGGAGCGACCTCGGTTATGCTGGGCATTAACGGCAAGGATAAGGGAAATATCGTCACCCACTTTGATGATGACGGCCAGCTGTGTTTCGATAAAGCGTTTATGGAACAGGCCGGTATTCGCC
NZ_CP180159.1_gap16	582200	586050	3850	TGGCGAAAATCCAGCCGTCTGCCGAAGGCGAAGAGCTGGACGTGGAAACGCTGGCCGCCGCGCTGCTGAAAATGGCTCAGGGCGAACGTCCGCTGATCCTGCCGCCGGATGCGCCTATGCGTCCTAAGCGCGAGTTCCGCGACCGTGACGATCGTTTCGAACGTCGCGGCGACCGTAACGACCGTGGCCCGCGCGGCGACCGTCCGGAACGCAGCGGCGAAGATCGTCCGAAGCGTGAGCGTCGTGACGTTGGCGATATGGAACTGTACCGTATTGAAGTGGGCCGTGATGACGGCGTTGAAGTTCGTCACATCGTTGGCGCAATTGCTAACGAAGGCGACATCAGCAGCCGTTACATCGGTAATATCAAGCTGTTTGGTTCTCACTCCACCATCGAACTGCCGAAAGGCATGCCGGGCGAAGTGCTGCAGCACTTTACGCGTACCCGCATCCTGAACAAGCCGATGAACATGCAGCTGCTGGGCGATGCTCAGCCGCGTCCTGAACGCAGCGGCGAACGTCGTGGCGGCGGTGAGCGCCGTGAAGGCGGTCGTAGCTTCGGCGGCGGTGAACGTCGTGAAGGCCGTGGTTTCGGCGGTGAGCGTCGCGAAGGCGGCCGTGGTGAAGGTCGTCGTTTCAGCGGTGAACGTCGTGAAGGTGGCCGTGCGCCGCGCCGCGATGATGCTTCAGCTCCGCGTCGTGATGACTCCGCAGGTCGTCGTCGTTTCGGTGGCGATGCATAATTAGCGCTTTCCGCTAACGTAAAGTAAACGATACAGCCCCGATCTCCATGATTGGGGCTTTTTTTATTCCCTTTGTACTCGTGTACTGGTACAGTGCGTCGCGTTAATAACAAGAAAAGTATTTTCGACTGGAGATTTCGGCAAATGGCGACACTTACCACTACGGCAACCCGACCGTCCTTGTTTGGCGGCGTAGTGATTATTGGCGGGACGATTATTGGGGCGGGCATGTTCTCGCTGCCGGTTGTGATGTCCGGCGCGTGGTTCTTTTGGTCTCTGGCGGCGCTGGTTTTTACCTGGTTTTGTATGCTTCACTCCGGGTTAATGATCCTCGAAGCGAACCTGAATTACCGGATTGGCTCGAGCTTCGATACCATTACTAAAGATCTACTCGGCAAAGGCTGGAATCTGGTTAACGGCGTGTCGATCGCCTTTGTTCTTTATATTCTGACTTACGCCTATATCTCCGCCAGCGGCTCGATTCTGCACCATACGTTTAGCGAAATGTCGCTGAACGTACCGGCAAGGGCGGCAGGTTTTGGTTTTGCCCTGCTGGTGGCGTTTATCGTCTGGTTGAGCACCAAAGCGGTGAGCCGCATGACGGCCATTGTGCTGGGAGCTAAGGTCATTACCTTCTTTCTGACCTTTGGCAGCCTGTTGGGACACGTCCAGCCGAGCACCCTGTTTAACGTGGCTGAACAAAATGCCTCGTATATGCCCTATCTGCTGATGACGCTGCCGTTCTGCCTCGCGTCCTTCGGCTATCACGGCAACGTGCCGAGCCTGATGAAGTACTACGGCAAAGATCCGCGCACAATCGTTAAGTGCCTGGTTTACGGTACTCTGCTGGCGCTGGGCCTGTACGTGGTGTGGCTGCTGGTGACGATGGGCAATATCCCACGTCCTGAGTTTATCGGTATTGCACAGAAGGGGGGCAACATAGATGTCCTGGTCCAGGCGCTCAGTGGGGTACTGAACAGCCGGAGTCTGGATCTGCTGTTAGTCATCTTTTCAAACTTTGCCGTTGCCAGTTCATTCCTTGGCGTGACGCTCGGTCTGTTCGATTATCTGGCGGATCTGTTCGGGTTCGATGACTCCGCGCTGGGACGCTTTAAAACCGCGCTTCTCACCTTTATTCCGCCGATGGCGGGTGGCCTGCTGTGGCCGAACGGATTCCTCTACGCGATCGGCTATGCGGGGCTGGCGGCGACGATCTGGGCGGCAATTGTACCGGCGCTGCTGGCTCGCGCGTCGCGCAAACGCTTTGGTAGCCCATTGTTTCGCGTTTGGGGTGGAAAACCGATGATTGCTTTGGTTCTGCTGTTCGGGCTGGGTAACGTTATCGTGCATTTCCTGTCGAGCTTTAACGTATTACCCACCTATCACTAATTGAAAATGCGGCAAAAATGCCGCATTTTTCACTATCCGAGAAGCTCTTCTTTCACCTGCATCGCCAAATCAAATGAATGCAGGCGCGCCTGATGATCGAAGATTTGGCCGTTGACCATGATTTCATCGGCCTGGGTTTCCCGCAGGATCGACTCCAGCCCGTGACGGATTTTCGCTTTATCGCCGACCAGCGACATGCTCAGCGCTTTTTGGACGCCGTACTGCTCTGAAGCGGACCACAGCTGATGCATATTTTGCACCGGCGGCGGCAGCTGTCCGGTCTCGCCGCGGCGCAGTTTGACGAACGCCTGCTGCATGGACGTAAACAGAAATTCCGCATCTCTGTCGCTGTCGGCGGCAATAATGTTAATGCATACCATCGCGTACGGCTTCGCTAACCGCTCTGACGGCTGGAAGTGGGTGCGGTAGAGGTGCAGGGCCTGAAAGAGCATATCCGGGGCGAAGTGCGAGGCGAAGGCAAACGGCAGCCCAAGCTGCGCCGCCAGCTGGGCGCTGTACAGGCTTGAGCCGAGCAGCCAGACCGGGATCTTCTCGCCATAGCCGGGAACCGGGCGCACGTGCGGATTAGGATCGCGGGCGTCGAACCAGTCCACCAGTTCCGCGACATCGCGCGGGAAGTTATCGACATCGCCGCTCATATGGCGACGCAGCGCGCGCATGGTTGGCTGATCGCTGCCCGGCGCGCGGCCAAGGCCGAGATCGATGCGTCCCGGGTAGAGCGTATTGAGCGTACCGAACTGCTCGGCAATCACCAGCGGCGAATGGTTCGGCAGCATCACGCCGCCGGAGCCCAGATGCAGAGTTGTGGTATTCGCGGCAAGGTAGCCAATCAGTACGGAAGTCGCCGCGCTGGCGATACCGACCATATTATGGTGCTCGGCCAGCCAGTAGCGGTGATAGCCGCGCTTTTCCGCCAGCTGCGCCAGGTCTAAAGAGTGGGAGAAGGCTTCCTTTGCGGAAGAACCTTGCGGGATCGGCGCCAGATCGAGCACCGAGAACGAAACAGGTTTGTCAGTCATAAAGGCTCACTTTGCTACAGCATCGTCATCAGATTGAAGGTCTTCTTCCAGCCTGGCGCATCCAGGATACGCCAGCCAGAAAAGCTGCATCTTTAATAGTGCATTAAAAAGCAGCGATAGCCATTAACAAAGTGAGCGGTTAATCAGCTCTGCAATTCCAGCCCGGCCAGCCGTCGCCAGTAGCCGTTGCAGTCGCTGTTCGCCGTCAGCGGCAGCGGCGCCGCGCCGTTTTCATTCGCCCGGAAGGCGTCCAGCATAGCGAAGGTCTCGCTACCCAGCGGCGACAGGCGAACCATATCCACCAGCCCGGTCATGGTGCTTAGCTCATTCCCGAGGTTGTAGACGTAGCCGCTCATGGTCTGAATGCCGTTGAGGACGAACACCTGCTGGTTCTCCTGCGAAAGCACGTCGCGCCCGTTAGGGTATTTTATGCAGCAGGTTTCACACTCGTCTTTCGGCCGGTCTTCCGAGCGCGCGGTAAAGCAGCGGGCGGAGTAGGCCAGCGGCAGATGACCGTAGCTCAGGACCTCTACCTCAAACCGGTCGCGAATGCCCAGCTCGTCGCACTGGGTCAGCAAATTCGCCAGCCAGTCGCGGGAAAGTTCGACCGGCATACACCAGCGCACCATGCCCTGCTTGAGCAGCAGACGCAGGGTGACGGCGTTGTAGCAGTTAAGC
NZ_CP180159.1_gap17	709464	709964	500	ATGAGGTGCTGGCTTCCCAGGAAGTGCATGATATTTCTGTCGCCATCGGTATCGATCCGGATAGCGACGACCTGAGCCAGCTGCGCTACGGCAAGATTTGTATTCTGGCGGATGCCGACTCCGATGGCCTGCACATCGCGACGCTGCTTTGCGCGCTGTTCGTCAGGCACTTCCGCACGCTGGTTAAACAGGGTCACGTTTACGTGGCGCTGCCGCCCCTGTACCGTATCGACCTCGGCAAAGAGGTGTATTACGCGCTTACAGAAGAAGAGAAAACCGGCGTGCTGGAGCAGCTTAAGCGCAAAAAAGGCAAGCCGAACGTGCAGCGCTTTAAAGGGCTGGGCGAGATGAACCCGATGCAGCTGCGCGAGACCACGCTGGATCCGAATACCCGCCGTCTGGTACAGCTGATTATTAACGATGAAGACGAGCAGCAGACGACCGCCATGATGGATATGCTGTTAGCGAAGAAGCGTTCTGAAGATCGACGTAACTGGCTG
NZ_CP180159.1_gap18	855069	856895	1826	TGCTCGTCAGCAGACCATTATGACGAACGGCAGATACTTTTATAGTCTTAGGGATAGCGATTACGACACGGGAAACCGGCAAAGGTATACAGAAAATACCATCTCATTGGGTTTTTCTGTACCACTTGATTTTGGCAAAAATCGATCCAACCTGACTTTTGGCTTAAATAAAAATAGAGACACCCGAAGTGCGCAGGTAGGGATCAATGGATCTGCCGGGGAACAGAGTAATTTTACTTATTCCCTATATGGTGGTGCTGAAAATTACCATAACAGCGGTAATGCCACCAGTTGGGGAGGGAGCGGTCAGCAGAACACGTCCGTGGGCGCTTTTCGCGCAAACCTCTCTGCAGGTAAAAACTATCGGCAGTTCGGCGCAGGATATTCTGGCACGCTGGTTGCTCACCGCGGTGGGCTCACGGTAGGACCCTATGCAAGCGATACGTTTGCAATCATCCATGCGCCGGGTGCCAGTGGGGCCATTGTCAAGAACGGCCAGGGGGCAACAATAGATCGCTTTGGCTACGCTATACATCCGTCGCTAACCCCTTACCAGTATAACAATGTTGGACTTGACTCGAGATTCATTAATTCTGACGTTGAGCTGCAGGGAGGCAGTAAGAAAGTGGTTCCGTACGCAGGAGCCATGCCGATTATTTCTTTCGAAACTCTCCATGGTAGAGCCATTTTAATCTCCGCGAGCTTTGAGGGTGAAATGCCTCCGATGGGCGCTGATGTTTTTGATTCTGCTGGTAACGAAATAGGAATGGTAGGTCAGGGCGGTCAAATTTATGCCCGCGTTGAAGATAATACAGGAAAACTGACGGTTAAATGGGGAAAGCAGGATGGCCAGCGTTGTGAAATCAAATATCGCCTACCGAAAGCAGATAATCAGCCGGTAACACAAATTCATCTGCCCTGTGAGAGGAGATAACAGAGATGATGACCTTCCTGAGAAAAAAAGAGAAGCCGCGGCTTTTTATTTTCCTGCTAGTTCCGGTTATTTTTTTCGGCTGGAGCCAGATGAGCTTTGCAGCAGGTACCTGCACAAAAGTGACGTCGACAAGTCAACTATCCACTGCTGCGCTGAATGCGGGTTATACTGCCGCATCGTGGACCGGTGCCTCTGATGCTAACACGGTCACAAGTCTTGGGTTGCCCGGTATTATAACGATCAGCGGTTCCAGCAGTTTTCAGCCGTCTGGAACCCTTCTTGGCAGTTCAGCGGCCTCCTTTCTGACGTCTGGTCACAAGGAGACATACCCAGCAAATCAGATTTTATTTCGCTGCAATCAGACTGCGGTGGATGCGGGATTATATGAGTTTTATGCCACCAATGGTGATGAAAACTACAGTGGTAAAAATGCCGCCAGCGAAGTAGACGGCTCTTATTTTACGTATGTAAAAAATGTTGCTATCAGATTAACGAATACGAAGACAGGGGAATATTATTCACGGTACTGGAAATCCCGTCAGCTTACCGCTGACGACTGGTATTCAGATGATACCTATACATATATACCCGCGAGTGCATTCGCTGATGTATTTGTTGAGCTGTTTAAGGTTGACGGAACCTACGGGAGTCAGAATAGCTCAAACTTCTACACCTATAACTGGTGGAGTACAGGGAGCGCTCAGCCTGCCGGTTATGTTGCATTTCAGGGGGGGAGCTTAAGCTCTGGACTTTATAACGGCGCTGATTCTGCCAGTAACTACTCGGGATGGTATGGATACTGGCCTGCCGGTTTTGGTCTGACGAACTATGTCACGTTCGTCAGAGGGGCGACATGCCTTGTTAAGGATTTCCCTTCGGTTGTACTGTTGCC
NZ_CP180159.1_gap19	858744	862402	3658	ACCATTGTTCTGGTTATCTGGCAGCCGAAGGGGTTAGGCATCGGCTGGAGCGCGACGCTGGGCGCGGTACTGGCTTTGATTGCTGGCGTCGTACATGTCGATGATATTCCGGTGGTGTGGAATATCGTCTGGAACGCGACGGCGACCTTTATTGCGGTGATTATTATCAGCCTGCTGCTCGATGAGTCCGGATTTTTTGAATGGGCTGCGCTGCACGTATCTCGTTGGGGAAAAGGTCGTGGCCGTTTGCTGTTTACGTATATCGTTCTGCTCGGCGCAGCGGTGGCGGCGTTGTTTGCCAACGATGGTGCGGCATTAATATTGACGCCTATCGTGATTGCCATGCTGCTGGCACTAGGATTCAGCAAGGGCACGACGCTGGCCTTTGTCATGGCCGCCGGGTTTATCGCTGATACGGCCAGCCTGCCGCTTATCGTGTCGAACCTGGTGAATATCGTCTCGGCGGACTTCTTTGGGCTCGGATTCACCGAATATGCATCGGTAATGGTGCCGGTCGATATTGCCGCCATTGGCGCCACGCTGGTGATGCTGCACCTGTTCTTTCGCAAAGATATCCCGCCGGCCTACGATCTGGCCCTGCTTAAATCACCGGCAAACGCAATTAAAGATCCGGCTACGTTCCGCACCGGCTGGATAGTATTGATTCTTCTGCTGGTCGGTTTTTTCGTCCTCGAGCCGCTTGGCATTCCGGTCAGCGCGATTGCCGCGGTAGGGGCGGTAATATTGTTTACCGTGGCGAAACGAGGCCATGCCATTAATACCGGCAAAGTGTTACGCGGTGCGCCCTGGCAGATCGTGATTTTCTCGCTGGGAATGTATCTGGTGGTATATGGTCTGCGCAACGCCGGGCTAACCGAATACCTTTCAGGGGGGCTGAACGTGCTGGCGGATAAAGGACTCTGGGCCGCGACGCTGGGTACTGGCTTCCTGATGGCTTTCCTGTCTTCCATCATGAACAATATGCCTTCCGTGCTGGTTGGTGCGCTCTCTATCGATGGAAGCACCGCAACCGGCGTTATTAAAGAGGCGATGATCTACGCCAACGTGGTTGGCTGCGATCTGGGCCCGAAAATTACGCCGATAGGTAGCCTGGCAACGCTGCTCTGGCTGCACGTACTTTCACAGAAGAATATGACCATCTCCTGGGGCTACTATTTCCGCACCGGGATCGTCATGACTCTGCCTGTGCTGTTTGTAACGCTGGCCGCGCTGGCGCTACGTCTCTCTTTCACTTTGTCATGAGATACTGCTATCAATGAGCAACGTCACCATTTATCACAACCCCGCCTGCGGGACGTCGCGTAATACGCTGGAGATGATCCGCAATAGCGGTACTGAACCCACCGTTATTCATTACCTTGAAAATCCACCGTCACGTGATGAGCTGGTCCAACTCATTGCCGATATGGGGATCGCGGTACGGGCGCTGCTGCGTAAAAATGTTGAGCCATATGAAGAACTTGGCCTGGCGGAAGATACATTTACCGATGACCAGTTAATCGACTTTATGCTGCAGCATCCGATCCTGATTAACCGCCCGATTGTGGTGACGCCGCTGGGAACGCGCCTGTGTCGCCCATCGGAGGTGGTACTGGATATCCTTCCTGACGCGCAAAAGGGCGCGTTTGAAAAGGAAGATGGCGAGAAAGTGGTGGATGATAAGGGCAAAAGGCTGAAGTAAATTTCCAGCGGGACGGTATCATTATCACTGAACAATATTCTGGAGGGTGACTATGACTATCATCTGCAGACGCCTCCTGTCTTTGGCGGTCTGCCCGGAACAGGGAAATCAACCCTTGCTCGCCTGCTGGCCGCCAGGCCTGGAGAGCGGTCGCTACCGAGAATGCCGTACCTTTTCTGGAGATAGAATTGACCTGCGCCGATCAAACCCGGCATCGGTATCGCGTGGAAAACCGCGCGGCGGATATTCGCGGCCATATCCTGCCGGACTGGCAAAAGGTGATCACCCGTGAGTATGAGCCCTGGTGCACCGCCAGCCTGACTCTGGATACCTCTGTATTGACCGCCGAAGAGGCGGTCGGGAGGATCCTTCAACATATCCAGTCAGGCGGCCTGGCACGCCGGCAAGCGCGCAAATAGCCTCCCGGGATACTGCCCGGTATCGGCGGCAACTATCTACATAAAGAACTTCACGGCCTGCTGGAGGGTGGTGCCGACTCCCCATAAAAGCGGCACGCTCACCGCTAACCAGCTTACGGTTAACAGCAGCGTGGACGGACGAGCCTCCCACGTGAGCTGGGCATCCTTATTGATGGTATACAGACCTTTCGCCTGCTGCTGCTGTTCCGCGGTCATCGCATGCTCTTCCGTCAGCGGACGCACCAGCTGATTACAGATAAAACCCATCACCAGCAGGCCGGTCAGCACCATCAGCGTAATATCGTAGACGCGCTCGGGCGGAACCCCGTGCGTCAGCTGATACTCGCGTAGATAGTTCACCAGCACCGGGCCGCTGATCCCCGCCGCCGACCAGGCGGTTAACAAGCGTCCATGAATCGCGCCCACCATTTGTGAGCCAAAGACGTCGGCCAGATAGGCGGGAATACTGGCAAAGCCTCCGCCGTACATCGAAATGATAATGCACATCGCGCAGACATAAAGCGCGATATAGCCGCCGTGATTCACCAGCGGCAACGTCCCGTACAGCACGGCGCCCAGGCAGAAGATGATCGCAAAGGTCATTTTTCGCCCGCACAGATCGGATACCGATGCCCAGAAAAACCGTCCCAGGATGTTAAACAGGCTGAGCAGGCCGGTAAATCCTGCGGCCATGGTTGCAATGCGTTTCAGCTGCTCGCCGTTCAGCTCATGCCAGCTGAGATCGAGCGACAGCAGTTTACCGGCAAAGATCTCCTGCAGCATCGGCGAAGCCATACCGAGAATGCCGATCCCCGCGGTGACGTTGAGCCACAGCACCATCCACAGCAGCCAGAACTGCGGAGTGCGGCAGGCAACGCGGACGTGCACCTGGATCGTGGGATTATTGCGGATCGTTTTTTGCGCCTTCTCACCCGAAGGATGCCAGCCCATGGGCGGCAGGCGATAGCCAAAGGTACCGGCGAGCATAAACAGCGCATAAATCGCCGCCAGCGCCAGAATGCTTTGCCATACCCCGTTGCCGGCCGGACCGGCGAAGTAATTCATCAGACCGTTTGCCAGCGGCGCCCCCACCAGCGCTCCCCCGCCAAAACCCATAATCGCCATCCCGGCCGCCATTCCGCGCTTGTCAGGAAACCAGCGCAGCAGCGTCGAAACCGGTGAAATATAGCCCAGTCCGAGACCGATTCCGCCGATGACCCCGGCCCCCAGCCACAGCAGCCACAGCTGATGGAAATAGATAGCGACGCTGGATAGCAGCAGGCCACCGCACCAGCACAAAGTGGCAATAAAGCTCACCAGTCGCGGTCCAACCTTCTCAAGCCAGCTGCCCCACAGCGCCGCCGAACAGCCGAGAAAAACAAAAAACAGCGTGTAGGTCCAGCCCAGCATGGAGATTTTCCAGTCGCAATCGCGGGCAAACAGCTGCTGCCAGAACGACATCGTGACGGGGCATTGCAAGGACGCGCTTCCTCCTATGAGCTGCGACATAGGCAGCCAGTAAACGGAAAATCCATAG
NZ_CP180159.1_gap20	866141	867947	1806	ATAGCGCCAGGTTTTTCACATAGTGCCCGTCCATCACGTCGACGTGCAGCCTGTCGGCTTTGCCGTTTAAAAAGTGCAGCTGTTCCGCCAGCTTCATCATGTCCATACACATGAGCGAGGGAGAAAGGTAATAACGCATAAGGCCTCTTTTATTCCGGTAGTGGCTGATTTCAGGCAAAGTCTGGCCCTGCCGCGGGAAGCAGCGTTTCGACAATGCGCGTAGTCACCGTCACGTCATGACGGCGTACTCAGGCGATCTGTAGCCCGACGTTATGCCAGGTCATCTCTTTTTCCAGCAGCGGATCGACAAACTTTTCGGTGATTAAACAGTCCAGCTCGCCCAATCCGCCGATCCGCGCGACGCCTGTTCGCCCCAGCTTGCTGCCGTCAACCAATGCCACGGTCTGACGGGCGGCCAGCATCATCTGCTTCAACAGGGCGGCGTGGGCTTCCGTACCCGCATATAAACCGCTATCGCGCTCCAGCCCCTGGCAGGAGAAAAAGAGCGTATCGATGGCGTACTCCCGCAGCGTTCGTGAGGCGGTTTCACCGAAGAACGACTCCTCGGTCGGGGAAAAATCGCCCCCCAGTCCCACGAGATGCAACGAGCGTCTGCTCATCAGCGTTTGCAAGATGCGGATGGAGGGCGTAATCACCGTTAGCGCCATCTCCGGCATCTGCCGGGCCAAAAACCAGCTGGTGCTGCTGCCGTCCAGGACGATGGTCTGTCCCGGCTGGAGACACTGCAGCGCTTTGCGGGCAACGCGCATTTTTCCTTCGCTGTGCAGCAGCGTTCTCTGCTGAAAGCTTCCCTGGCTATCTTCGACCGGCAGGGCGGGCGACACCGCCCGGATTGCCGGCAGCGGGTTCTCCGCCGCCAGCGCTCCGCCATGGCTCCGATTTAAAATCCCTTTCCGTTCCAGCTCGCTCAGATCGCGGCGAATCGTTTCCCTGGAGACCCGAGTCGCTTGCGCAATCTCATTCACCCGCATCACGCCGCGTTGGCCCAGCAGTTCAACAATCAAACGATGACGTTCCAGCGGCAACATAGCTCTCTCCTGAAGTACATAATCAGATTACCTTTCCCTTGCGCAGGGCGTTGAGACCTCCGGAATATCCGGCGAAGGCGACCGTTTTGTCGCCGGTCAATGTGACAGCGTACGCATTTTGGCGTCATATCCGGCAGCGGTTTCGCTCTCTCGCCCGTTATTCAGGCATAAACAAAAACAAACAAAAATAAATGCAATATTGCCTTTGCGCCCGTTTATGCCTGTTTGCGCCCGTTCATCAAGGGCATCGCTCATTTTCCGCCTGCTAATTAAAAGCAAATGAAAATAAAAAAATGCTAATTTGATCACGTTATTTTCATTTGGTGCGTTTTTAAATGGATTTAAGCCGATTAAGAGCATTAAATGAAAGCAACTAAAAACAAAGAGCAGGATAAAACCATGAATGAAACAACCCGTCGTTTTGCACGTTTAGTCGACCTGAGCGCAGTCCAGGCCACCAGTACCGAAGCGGACGTTCGCGCCTGCGCCGAGCTGGCTGCCCGATACAACATTATTTCCGTCCATGTGCTGCCCTGCTGGACGCGTTTTCTCAGTACGTTGCTGCCGCAGCAGGGAACGGGAGAGGTAATGATTGGCGGGCCGGTCGGCTTTCCCGGCGGTGGGCATGCGACTGACACCAAGGTTCTGGAAGTGCGGCAGCTGATTGCCGATGGCGCCCGCGAAGTGGATATGGTGGTGAATATCGGCAAAGTGTTATCCGGCGATTATGACTATGTGCGCGAAGATTTGCGCCGCG
NZ_CP180159.1_gap21	899079	899768	689	TTCCCGCGTAGATGCGAAAAGCGGTCAGACTCTGCGTATTAAGCTCGGCAGCAGCGCGGGTCTCGCTAAAGATAAAGAGACGCTGTGGTGGCTGAACCTGCTGGAAATACCGCCGGTTGAGGCCAGCCAGAAGAATGAAGGGCAAAATATTCTGCAGTTGGCGATTCGTTCGCGCTTTAAGTTTATCTATCGTCCCAGCGGATTAGGCAATCGCGATGCGGCGGCAGAGAAATTAGCGCTCTCCGCTAACGGCAGCAGCCTGTCCATCAGTAATCCGACGCCCTTTTATATCACCGTAAGCCGTATCTCCCGTAACGGCGGCAAAGCGCTCAACAGCAAAACGGTCATGTTTGCCCCGCAGTCCAGCCAGACCATCGCCCTCTCTTCCGCGGTGAGCAAAGGCGAGACCTTGACCGTTAACAACATTAATGATTATGGCGCAGATGTCGCAGTGAAAGTTACCGTCAAATAAGGGAAACGATCATGAAGCAGAGGTCAATCTGCCCGGGAAGATTAAGCACGGCTATTGCGGTTGCGCTGTGCTGCTTTCCGCCATTTTCCAGCGGACAGGAAAACCCGGGAACGATCTATCAGTTTAACGATGGTTTTATCGTCGGCAGTCGCGAAAAGGTCGACCTGTCGCGTTTCTCGACCAGCGCGATTAGCGAGGGCGTCTATTCCCTTGATGT
NZ_CP180159.1_gap22	999335	1003630	4295	GCCTGACCCAGATCCCGATCGCCATTGCTGAAGGACTGTTAACCGTCATGATCTACGACCAGTTGACCAAACGTCAGCTGATTACCGCACAGGGGCATTAACATGAAAAAGACGCTGATATTGTTAGCCATGGTGGTGGCGCTGGTGATCCTGCCGTTCTTTGTCGATCACGGCGGCGAGTTTGGCGGTTCGGACGGCGAGGCGGAGAGCCAGATTCAGGTGGTCGCGCCGCATTATGAGCCGTGGTTCCAGCCGCTGTACGAACCGGCGAGTGGAGAAATTGAGAGCCTGCTGTTTACGCTCCAGGGATCCCTCGGCGCGGCGGTGATTTTCTATATTCTGGGCTACAGCAAAGGCAGACAGCGCCGTGATGACCGGGTTTGACCGACTCAGCTATCAGAGCCGCTGGTTTCACGTCGCGCCGCAGCGCAAGTTCCTGTTCTGGCTGCTGCTGATGGTGCTGGCCTTTACCCTGCCTCCGCTGGGGCAGGGTATCGAAATGGCGCTGATTGCCGCCTTAACCTGCTGGCTGCTGCGGGTCTCGCCGTGGCGCTGGTGCCGCTGGATGGCGCTGCCGTTTGGCTTCCTGCTGATCGGCGTGCTGACCATTCTGTTTAGCGTCAGCCGCAATCCGCAGGATCTGCTGGTGAGCCTGCCGCTGGGCAGCGTCTGGCTGGGCATCACGTCGGAGGGGCTGACGACCGCCAATCAGACCTTCTGGCGCAGCCTGGCGGCGCTGGCGTCCACCTTCTGGCTGGTGCTGAATCTGCCGTTCCCGCAGCTTATTGTGCTACTCAAGCGCGGGCGGGTGCCGCGGCTGCTGACCGAGCAAATCCTGCTAACCTGGCGCTTTATTTTTATTCTGTTAGACGAAGCGCTGGCGATTCATCGTGCGCAAACATTACGTTTTGGCTACCGTAGCGTGCCGAAGGGCTATCGTTCGCTGGCGATGCTGGTAGGGCTGCTGTTTACCCGGGTGATGATCCGCTACCAGCAGATGAGCACCACGCTGGATATCAAACTGTATCAGGGTGACTTTCACCTCTAAGGATAAGTATGCTTGCCACGACCGATCTCTGGTTTCGCTATCAGGACGAGCCGGTGCTGAAGGGGCTGACGCTGGATTTTTCCCATCACGCGGTGACCGGACTGGTGGGGGCGAACGGCTGCGGAAAATCCACGCTGTTTATGAACCTGAGCGGTCTGCTGCGCCCGCAGAGCGGGGCGGTGCTGTGGCAGGGAAAACCGCTGGACTACAGCAAACGCGGCCTGCTGGCGCTGCGTCAGCAGGTGGCGACCGTTTTTCAGGACCCGGACCAGCAGATTTTCTATACCGATATCGACAGCGATATCGCCTTTAGCCTGCGTAACCTGGGGGTTGCGGAAGAGGAAATTGCCCGCCGGGTGGACGATGCCCTGACTCTCGTCGATGCCCAGGGGTTTCGTCACCAGCCGATTCAGTGCCTGAGCCACGGCCAGAAAAAGCGCGTGGCGATAGCCGGCGCGCTGGTGTTGCAGGCGCGCTATTTACTGCTCGACGAGCCGACGGCGGGTCTCGATCCTTCGGGACGCGCGCAGATGATCGACATCATTAAGCGTATTGCCGATCGGGGCAACCACGTGGCGATCTCCAGCCACGATATCGATCTGATCTATGAAATCAGCGATGCGGTTTACGTGTTACGCCGCGGCGAAGTGCTGGCGCACGGCGAACCCGGGGAGGTGTTTGCCCGCAGCGAACTGATGGTCCAGGCCGGGCTAACCCAGCCGTGGCTGGTGAAACTGCACGCGCAGCTCGGGCTGCCGCTGTGTAAAACCGAAGAAGAATTTTTTACGCGGATGCGAAGCAACGCGATGAAGGAGGCGTCATGACGCTGGCAATTATGTTACAGGGCACCGCTTCCGACGTCGGCAAAAGCGTGCTGGTCGCGGGGCTGTGCCGCATCTTTTATCAGGACGGGCAGCGCACCGCGCCGTTTAAATCGCAGAATATGGCGCTTAATTCCGGTATCACGCCGGATGGCAAAGAGATGGGCCGGGCGCAGATTTTCCAGGCCGAAGCGGCGGGCATTACCCCGGATGTGCGCATGAACCCGGTGCTGCTTAAGCCAACCAGCGACCGCAAAGCGCAGGTGGTGCTGATGGGCAAGGTGGCGACCGATATGGACGCGGTGAGCTATCACGAATACAAGCCGCGCCTGCGGGAACAGATCCTCGCGGTTTATCATAGCCTGGCCGCCGAACATGATGTGCTGGTGCTGGAAGGGGCGGGCAGTCCGGCGGAGATCAACCTGCGCGATCGCGACATCGTCAATATGGGCATGGCCGAGATGGCCCAGTGCCCGGTGATCCTCGTAGCGGATATCGATCGCGGCGGCGTCTTCGCCTCTATCTACGGCACGCTCGCGCTGCTGCACGATCGCGAGCGTGCGCGGGTCAAGGGCGTGATTATCAATAAATTTCGCGGCGACGTGGCGCTGCTGTATTCCGGGATCGAGCAGATAGAAGCGCTCACCGGCGTCCCGGTGCTCGGCGTCATGCCGTGGCTGGACGTCGATCTTGAAGATGAGGACGGCGTCGCGCTGCAAAAAGGCAAATATCTGCGCACCGACAGGCGCGATATTGAGATTGCCGTGATTCAGGTGCCGCACATTTCTAATTTTACCGATTTCAACGCGCTGGCGGCGCAGCCGGACGTCCGCGTCCGCTATGTTCGCCAGCCCCAGGAGCTGGCGGGCGTGGATATGATTATCCTGCCGGGCAGTAAAAATACGCTCGGCGACCTGGGCTGGCTGCGCGAGAGCGGCATGGCGCACGCGGTACTGCAGGCCCGGCGTCAGGGCGTACCGGTGCTGGGGATCTGCGGCGGCTACCAGATGCTCGGCGAAACCATAATCGATGAGGTGGAGTCGGGGCTTGGCACCCAGCCGGGGCTGGGGTTGCTCAATACCGTCACCCACTTTGCGCACAGCAAGACGACCACTCAGGTCGCGGCAACTCTGGCGCCGGCGCTGCCGGCGTGGCTGGCGGCAACGGCGGGGCTGGCGGTAAGCGGCTACGAAATTCATATGGGCGAAACCGAGCTGCGCGACGGCTGCCGTTCTCTGATGCAACTACATAAAGGCGGCCAGAGCGTGGCGGACGGCGCGGTCAGCGATGACGGCCTGGCGTTTGGCACCTATCTGCACGGCCTGTTCGATAGCGATGCATTTACCCGCGCGCTGGTTAACGGCCTGCGCCAGCGTAAAGGGCTGGCGGCGCTGGATAGCGATTTCGAGTATGCGCAGTATAAATCTCGCCAGTTCGATCTGCTGGCGGACGCGATGCGCCAGCATATCGATATCGAAAAAATCTACGCCATCATGCGCCAACATCAGGAGCCCGTATGCTGACTTTAGTGACCGGCGGGGCGCGCAGCGGTAAAAGCCGCCATGCCGAAGCGCTGATCGCCCATGCGCCGCAGGTACTCTATATCGCCACCTCGCAGATCTTTGATGACGAGATGGCGGCGAGGATCCAGCACCACCGCGACGGCAGGCCCGCGCACTGGCGCACCGCCGAGCGCTGGCAGCAGCTTGATGAACTGATTACCCCGGATATCGCCCCGGAGGAGGCGATTTTGCTGGAATGCATCACCACCATGGTAACCAACCTGCTGTTTGCGCTGGGGGGCGACAGCGCGCCGGACGACTGGGATTATGCGGCGATGGAGCGGGCGATCGACGCCGAAATCGCGGTACTGATTGCCGCCTGCCAGCGCTGCCCGGCCCGCGTGGTGCTGGTGACCAACGAAGTGGGGATGGGGATTGTGCCGGAAAACCGTCTGGCCCGCCATTTCCGCGATATCGCCGGACGCGTTAATCAGCGCCTGGCGGCGGCGGCGGACGAGGTGTGGCTGGTGGTGTCGGGCATTGGCGTAAAAATCAAATAGGCCAGGCGCGCCGTACCGGGCGTTATTCTTTCTGCTGGCTCTGCCATGAGCCAGCCAACATGACGAGAACCTCTATGCAAAGCTTAACCTCTCTACTGGGCGCGATCCCGGCGCCTGATGAAAGCGCGATGGCGCGCGCCCGGCTTCATATCGACGGCCTGCTGAAGCCGCCCGGAAGCCTTGGACGCCTTGAAGATCTTGCCGTACAGCTGGCGGGCATGCCCGGTCTTGACGGCGTGCCGCAGGTGAAAAAGAAGGCGCTGCTGGTGATGTGCGCCGACCACGGCGTGTGGGACGAAGGGGTCGCCATCTCGCCGAAAGCGGTGACCGCCATCCAGGCGGCGAATATGACGCTGGGTAAAAC
NZ_CP180159.1_gap23	1020971	1024798	3827	TGCGCGAAAACCGGCGGCGCTTCGCCGGTGGTGCCAAAATCGATCTCATCGCAGGCGAGAGCGTGCAGCAGCTGCGGCCCGGCGGGGAACTCGCTCCACAGCACGCTGACGCCGCGGCTGGCAAAGGCTTGCTCAAGACTTCGCCGCGCTTTCAGGATGCCAAGATTGCCGAAGTGCTGGAAGCCGATGCGCAGTTCCCGGTCGCGAGAGACCTTTTTGACCGCCGCGCTGTAGCGGGGCTCCTGACGGCGGCGGCTTTTAATGATGCCTAAATTTGCCAGCTGCGTGCGCAGCGCGTGGCGGCTGATACCGAGCAGCGCCGCGGCCTGGCTTTGATTATCATCACTGTGGGCCATTGCGCCGCGTATCAGTGCCCCGGTGACTCTTTCCCACAGCGGCTCGCCCGGCAGGGAAAGCTGACGACGAATAAAATCGTCGAGCTCATTATCGCCCGCCGCCGAGGGCTCATTGTTCAGCGTCGTCAGCCGGAGCTGGGCGGGGCCGATCTCCTCTTCTTTACTCAGCAATACCGCGTTATGCAGGGTGTTTTCCAGCTCGCGAATATTGCCCGGCCAGGGGTACTCCATCAGCCTTGCCAGCGTCTCCGGGGCCAGACGACGAGCCGGGCGGCCCAGGCGGCGGGCGTAGAGCGAGAGAAAATGGTCCGCCAGTACGGGAATATCCTGGCGACGCTGGCGCAGCGGCGGCAGCGGGACGAGAGCGATATTCAGGCGATAGTAGAGGTCTTCGCGGAAACGACGCTCGCGGATGGCCTGCATCAGGTCCACGTGGGTGGCGGCGATCACCCGCACGTCCACCTTAATGGCCTTGCGCGAGCCGACGCGGGTGATTTCGCGCTCCTGCAGAACGCGCAGCAGTTTGACCTGAAGCGGCAGGCTAAGCTCGCCGATTTCATCGAGCAGCAGGGTGCCACCCTCCGCCGCCTCGAACCAGCCGGGATGGCCTTGTACCGCGCCGGTAAACGCCCCTTTTTCATGGCCGAACAGCTCCGCTTCCGCCAGGCTTTCGCTGAGCGCGCCGCAGTTGACGGCCAGAAATGGCTGGTGGCGGCGCGGGCTATGGTGATGCAGGTAGCGGGCGACGACCTCCTTACCGGTGCCGGTTTCGCCGACAATCAGCACGGTCGCCTCGGTGGGGGCCAGTTTATCCAGCAGGCTCTGAAACGCTTTTGACGCCGGGTCGATCAGCGCGGGCGTAGAGGATGGAAATTCAGGGTTCAGCATGGTGACCTCCGGTATTTGATGTCCTGAAGTTATCCTGTGCCGGGGACGGAAACCAGAGGGCTAACTCGCCGGTCTGTTGCAAATGCCGCAGTCCGGACGCATTGGCTGCGGCATTTGCAACAGCGGCGTGAGGTTCGGTTTTTTGTAACTCACTGAATTTATATTGTTAATTTTTTATTCACCATTGGCACGATTATCGCTAACACTCATATAACCAAATTAAAACAACTCTTCGATAAATATCGGATATGGTTATATAGGAAATGGATAATGACGCAAAAAACCGACGATAAAATCAACGTGTTCTGGTTTCTGCCCACCCACGGCGATGGCCGCTATCTGGGCACCTCGGAGGGCGGACGCCCGGTTGATTTGCCTTACCTGCAGCAGGTGGCGCTGGCGGCCGACAGCCTCGGCTACTACGGCGTGCTGATCCCAACGGGGAAAAGCTGCGAAGACTCCTGGCTGGTGGCCTCGGCGCTGGCGCCGCTGACCCGCCGCTTGCGCTATCTGGTGGCCGTTCGTCCGGGCCTGCAGCCGCCGACGCTGGCGGCGAGGATGGCGACGACGCTCGACCGCCTGTCGGGCGGTCGGCTGCTGATTAACGTGGTGACCGGCGGCGATCCGGTGGAGAACAAAGGCGACGGTATTTTCCTCAGCCACGGCGAACGCTATCAGGTCACCCGCGAATTTCTCGACGTCTACTCACGCCTGCTGAAAGGGGAAAAGGTGGATTATCACGGCGATCATATCCACGTGGAAGGCGCGGAAGTGCTGTTTCCGCCGGTACAGGAAAACGGCCCGCCGCTGTTTTTTGGCGGCTCCTCTGAGGAAGCCATCGACGTCGCCGCCGATCAAATCGATACCTACCTGACCTGGGGGGAGCCGCCGGCGCTGGTGGCCGAAAAGCTGGCGGTAGTGCGCGAGCGCGCCGCCGCCCGGGGCCGCACGTTGCAGTACGGGATTCGTCTGCATGTGATTGTTCGCGAAACCGAAGAGGAGGCGTGGGCCGCCGCCGATCGGCTGATTTCACACCTTGATGACGAAACTATCGCCCAGGCGCAGAAAATTTTTGCCCGTATGGACTCCACCGGCCAGGCGCGAATGAGTTCACTGCATAAAGGATCGCGCGACAATCTGCGTATTGCGCCGAACCTGTGGGCGGGCGTGGGGCTGGTGCGCGGCGGGGCCGGGACGGCGCTGGTCGGCAATCCGCAGCAGGTGGCAGAACGCATTCGTGAATATCAGGCGCTCGGTATCACCAACTTTATCTTCTCCGGCTACCCGCATCTGGAAGAAGCCCATCGTTTCGCTGACCTGGTCATGCCGCTATTGCCGCTGGCAGGCCACGATCAGCCGAAGGCGCGTAGCGTCAATACCGGCCCGTTTGGCGAAACCATCGGCGGCGATAAGCGTCCGGTGAAACAGGTCAGCGCAAGCTGAGGAGGCGCGTATGTTACACCGATTTGTGAAGGCGGTGGGCTATGCAAACTGAACCGCACGTGGTGATTGTCGGCGGCGGATTTAGCGGTGCGGCGGTGGCTATTCATCTCCTGCGCCTGGCGCCGGTTGGCGTGCGGGTCACGCTGCTGGAGCCGCGCGAGGTGCCCGGCGCGGGCGTGGCCTACTCCACGACCGAACCGAGCCATCGGATTAACGTTCCTGCCGCGCGGATGCAGCTTGCCGGTGAAGAGGAGGGCGCGTTCGACCGCTGGTACCGCAGCCAGCCTGCTTTTGCAGAAGATCCGCAGGCGCTGCTGGAGGATGGCGCGGTCTATCCGCAGCGCGGTCAGTTTGGCCGCTATGTCGCCCAGCGTTTCGCCGAGGAGGCGCGCGCCAGCGGCGGGCGGCTGAAGCATCTGCGCGAGCAGACGCTGAGCGTTAATCATGGTGAAGTTATCACCGACGGCGGGCGTCGGCTGCAGGCCGATCTGCTGGTGCTGGCCATCAGCCATCCGCCGCCCTCGCTGCCGACGCTGGCGACGCCGTTCGCAACGCATCCGGCGCTCATCGCTAACCCCTGGCGAGCGGGCGTGCTGGCAACTATCGCCCCGGAAGCGAGCGTCGCGGTCATGGGCACCGGCCTGACGATGGCGGACACCGTCGCGACCCTGACGCGTCTGGGCCATCGGGGGCCGATCGCGGCATTTTCACGCCGCGGGCTGCTGTCCCGCAGCAACCTCAGCGGCAGTAGTGAACCCTGGCCTGGCGAATACGATCGCGGAACGCTGCGCCAGCGGCTGCGGCAAATCCGTCTGGATATCGAGCGCGCGGCGGAGCAGGGACAGGCCTGGCAGGTGGTGCTGGACGCGGTGCGTAATCAGGGGCAGAGCATCTGGCAGGGGCTGACGCTGGCCGATCGCCAGCGTTTCCTGCGTCATTTGCGCAGCTACTGGGACGTTCACCGCTACCGTATCGCTCCGCAGGTCGCCGGGGTTCTTGAGCAGCGCCAGCGCGACGGCAGCCTGCGGGTGCTGGCGGCCAGGCTGACGGCGCTGGAAGGCGACGCGCAAAAGCTGGCGCTAACCCTGGCTCCCCGGCGCGGTGAAACGCTCCGGGTGAGCGCTGACCACTTTATTTTAA
NZ_CP180159.1_gap24	1027442	1032099	4657	TGCCGACGTTCAGCCCTTCCAGCATCTGCGGCCCGGCGGGAAATTCAATCCAGCGGACGGCGATACCCTGCTTTTTGAAGCTTTCATCGAGGGTGCCGCGATATTTAAGCAGCGCGAAGATATTCGCTTTCTGATAACCGATGTTCACGGTCTCCGGCGCCTTCGCCAGCGCGGAAGTGGATAAGCCTGCAAGCAGGAGCAGCAGCGCCGGGCGGGATAATCTGAGCATGATTTGTTCTCCTTGAGCGGTTTTCCGTAAGGTAACAAATCGTCTTTATAACTAATAAATAACTAAATTATCATTTATATAACATAAATGAAGGGTGAGGGCAGGGAAAAGACAGCCCGGCATACCGCAGCATACCGGGAGAGGGGTTAATCGCAGGCGACAATCTTCATTGCCAGGCCGCCGCGCGAGGTTTCACGATATTTGGCGTTCATATCTTTGCCTGTTTCGTACATGGTCTCGATGACTTTATCGAGGCACACCCGCGGCTCGCTGGTGCGGCGCAGGGCCATACGCGCGGCGTTGACCGCCTTGACCGCCGCGATAGCGTTACGCTCGATGCACGGCACCTGCACCTGGCCGGCAACCGGATCGCAGGTGAGACCGAGGTTGTGTTCCATACCAATTTCCGCAGCGATGCATACCTGACCCGGACTGCCGCCCAGCAGTTCAGCCAGACCGGCCGCCGCCATTGAACAGGCTACGCCGACTTCTCCCTGGCAGCCCACTTCGGCGCCGGAAATTGAGGCGTTCATCTTATAGAGCGAGCCAATGGCGCTGGTGACCAGCATATAGCGCGCCAGCGAGTTGGCGTTCACTTTGCGGATGAACTTGTCATAGTAGGCCAGCACCGCAGGTACGATACCGCAGGCGCCGTTGGTCGGCGCGGTCACCACGCGCCCGCCGGCGGCGTTCTCTTCGTTAACCGCCAGGGCGAACATATTAATCCAGTCAACGACCGCCATCGGGTCGCTGTTGGTATTGTCCTGGCTTACCAGCATCCGGCGCAGCGCGGCGGCGCGACGGGGAACCCGCAGCTTGCCCGGCAAAACCCCCTCGGTGGTAATGCCGCGCTCAATTCCGCTGCTCATCACCTCCCAGACCGCGGCAAAGTGCTGCTCCAGCGCTTCTTTACTGTGCAGCGCCAGCTCGTTTTGCATCATCAGGCCGGAGAGCGATAGCCCGCTTTCGCGGCAGTGGCGCTGCAGGTCGGCGGCGCTTTTATACGGATAAGGGACGGCGACAGGCGCTTCGGCGGTCACGCCGAAATGGTCTTCGTCGACGATAAACCCGCCGCCGATGGAGTAGTACGTCTGGCTGTAGAGAACCTTCTCGCCGCCGAGGGCGGTAATACGCATGCCGTTCTCATGCCGCGACAGGTTGTCGGCGTGGAAATTCATGCACTGATCGACCGGGAACGCCACTTCCTGCTGGCCGTTCGCCAGCATCAGGCGGCCATGGGTGTTGACGTCCTGAATAAAGCCGGGAATCGCGTCGATATCGACGGTATCCGGCAGGTTGCCCGCCAGGCCCATAATAATCGCGATGTCGGTATGGTGGCCTTTACCGGTCAGGGAAAGGGAGCCGTAGACATCGACGACGACTTTGGTTACCTCGGGAAGCAGCCCGCGCTCAATAAGATCGTCCGTGAATTGTTTGCCCGCTTTCATCGGTCCAACGGTGTGGGAGCTGGAAGGGCCAATGCCGATTTTAAAAATATCGAATACGCTGATCATGATGCATCCAGTGCTGTCGGGAGGCGCGCCGCCGTTAAGCGGCGCGGGGGATATTAGCTAAACAGAGAGTAGAAAATCGCGGAGATAGCAATCAGGCCCATAATCACTACGAATACGTTGCTGACGTGGCCGCTGTATTTGCGCATCGCCGGGACTTTCTGAATCGCGTACATCGGCATCAGGAACAGAATCATCGCGATAATCGGGCCGCCCAGGGTTTCGATCATCCCGAGGATGCTGGGGTTCAGCGTCGCCACAATCCAGGTGGTGACCAGCATGAACAGGGCGGTGATTTTGTTCAGTTTATTGATTTCGATGGACTTGCCTTTACCGCGCAGGGATTTAATCACCATGCCGTTAAAGCCTTCGCGAGCGCCCAGGTAGTGGCCAAGGAAGGATTTAGTGATGGCGATCATCGCAATGATCGGCGCCATCCAGGCGATGATCGGCGCGTTAAAGTGATTCGCCAGGTAAGACAGAATCGAGATGTTCTGATCTTTCGCCGCCGCCAGATCCGCCGGGGAGAGGCTCAGTACGCAGCTGAAGACGAAGAACATGACGGTCAGCACCATCATGATGTGCGCGCGGGCCAGAATGCTGGAACATTTTTTCTCTGCGCCCTGGCCGTACTCTTCGCGTTTCGCGACGGCGAAGGAGGAGATGATCGGCGAGTGGTTAAAAGAAAACACCATCACCGGAATCGCCAGCCACAGGGTCATCCACAGGCCGTTGCCGGTCGCGGTCGCGCTGCTCAGGGAGAGGGTTTCCAGCGCCGCGCCGTTCCACTGCGGGATCAGGTAAAAGGCCAGAATCATCAGCGCGACCACAAACGGGAACACCAGCACGCTCATCGCTTTCACAATCATCTGCTCGCCGAAGCGCACGATGGTCATCATGCCGACAATCAGAATCAGGGAAAGAATGGCGCGAGGCGGCGGCGTGATATGCAGCTGGTGCAGCATAAAGCTTTCCACGGTGTTGGTGATCGCCACGCTGTAGACCAGCAGAATCGGGTAGATGGCGAAGAAGTAGAGCAGGGTAATCAGCTTACCTGCGCCAACGCCGAAATGCTCTTCGACCACTTCGGTGATGTCTTCGCCCGGATTCTTACCGGACAGCACGAAACGGGTCATCCCGCGGTGGGCGAAGAAGGTCATCGGGAAGGCCAGAATCGCCATGATGATCAGCGGGATCATACCGCCGACGCCGGCGTTGATCGGCAGAAACAGGACGCCCGCGCCGATAGCCGTGCCGTACAGGCCCAGCATCCACATGGTGTCCGTCTTACGCCAACCGCTACGGGTAGCATCCGAAACGATGGTGCTGGTTTGAGTGGTTTCCATCTGTATCTCCTGGAGGAAGCAACAAAATCTATTGAATAAAAAAGACCAAATAATATGAAATTCGTTTGTTTACGGTTTTTTAGGCATTTTCTCCGTAACAATTGGTGCGGGAAGATACATTTATATGGTGAATGCATCAGTGATCGCGATCTCAAATGCAATAATCCACTTTAAATGTAAGCAATTTTAGTCCAACAGCCTGTTTCTGGTGATCAGCCAGAGATTTGTGGCGCGGAGGCTATCATTTTCAGCATATGAGAGAATAGTGGCGCGACGTAATAACGAGGTTTTTACTGTAAAAATGCGAAGTTCTCGACGTTTTTACGTTAAAAGGCGTTTTTCCTGGTGATATTTATTGCAGTTTCTGGAAACGCAAACGATTGGCTTTTGTAAAGGCGATACTAAAAATTCATAAAAGGAATGATTTATCTGGAAAGCATACGGGCGAATGGATAAGCGAAAAAGCGGAGAAAGAGTGCGGCCCGGGCGGGGAGAAATAGCCCGGGGGCGTAAGCCGCCGCCCGGGAGAAGAGCAGAAGAGAACTCAGGAACAGATTTCGTAGCAGGGGATGTAAGCGGTGCCGCCCGGCAGCTTCATACGATGCTGGGCCACAAAGCCCTGCAGCAGATCGTCCATGCGGCGCATCATTGCCGGGTCGCCGTGAATCTTATACGGACCGAATTTCTCGATAGCCTGGATACCCACCTCTTTAACGTTACCGGCGACGATACCGGAGAAGGCGCGGCGGAGATCCGCTGCCAGCACTTCCACCGGCTGGTCCGGATAGAGTTTAAGGTTGGCCATATTCTCATGGGTCGGATCGAACGGCATCTGCAGGTCCGGCGCAATACGCATCGACCAGTTGAAGCTGTAGGCGTCTCCGGTTTCGCGGCGGTTCTCTTTGACCATCGGCATCGCTTTTTTCATCTGACGGGCCACTTCCGCGGCGTCGTCGATGATGATGCGATAGTGACGACGGGCGGATTCGCCCAGCGTATGGACGATAAACTCGTCCAGCACGCGGAAATAATCGGCACTCTCTTTTGGCCCGGTGAGAATCAGCGGCAGAACCTGCGATTTGTTCGACGGGTGCATCAAAATGCCCAGCAGATAGAGCAGTTCTTCCGCCGTGCCCACGCCGCCCGGGAAGATGATGATGCCGTGGGCGATACGTACGAACGCCTCCAGACGTTTTTCGATATCCGGCATGATGATCAGTTCGTTCACCAGCGGATTCGGCGGCTCGGCGGCGATAATCGACGGCTCGGTCATCCCGATAAAGCGGCTGTCTCTGTAACGCTGCTGCGCGTGGCCGACGGCGGCGCCTTTCATCGGCGCTTCCATCGCGCCCGGTCCACAGCCGGTGCAGATGTTAAGCTCGCGCAGACCCAGCTGGGTGCCAACGCGGCGGGCGTACAGATATTCGTTTTCGTTAATCGAGTGGCCGCCCCAGCAGACAATCATATTTGGCGCTTCGCCAACGTGCAGGGCGCGGGCGTTACGCAAAATGGAGAAGACCAGGTTGGTGATATGCACCGAGCTTTCAAGATCGAGGTTCGGGAAGCGGACG
NZ_CP180159.1_gap25	1128844	1132785	3941	GATGGTGAATACCAACGGTATCGGCGACGTTCCGCTCAATGACGGTAAATCAAGAACCAACAATTTCGGTATTGCCGTTATCCCGGACATCGTGAGCTACAACAGCTTTGATACCCGTGTTGATGTCGATGCGATGTCGGAATCCATCGAACCGGCAAAAGCCATCAGCACCGCCACGCTGACCGAAGGCGCCATTGGCTATCAGACCTTTGGCATGGCCAAGGGAGAAAAAATGATGGGGATTATTCGCCTGGCTGACGGTACCTATCCACCGTTCGGCGCGGAGGTTATCAACGGCGATGGCGTGAGCGTCTCCATGATTATGGAAGGTGGTCAGGGATGGCTGGCGGGGGTTAATCCTCAGGAGCTGCTAAGCGTAGTGTGGAGCGGGAAAAAGCAGTGCCAGATTGCCATCCCGCCGACCATCGTGCGTCGTTCGACAGCCGCGCTATTGCCGTGTAAATGACTGTGACAGTAATAAAAGGCCAAAAATGAGCATAATAAGCAACAAATTCTGCTGGATGGGCGTTGTGATGCTGACGGCGGTAAGCGGTACCGCTCAGGCGGGAGTTTCGCTGGATCGCACGCGTCTTATCATTACCGGTAAAGACAGCTCGGCGAGCGCGAATTTAACCAACACCAGCCCGGATATTCCTTTTCTCGCGCAATCATGGGTTGAGGACAGCAAGGGCAACAAGATTACCTCTCCGCTGGTGGTGCTGCCGCCTTTACAGCGGATTAACGGCGGGCAAAAAGGGGTGGCGCGGGTCACCAAAACTGACGGTATTAACCAGCTGCCGCAGGACAGGGAAAGCCTGTTTTATTTAAGCGTGCGCGAAATCCCGCCCAAGCCGGATAAAGCGAATGTCCTGCAGTTAGCCATGCAGTCGCGGATTAAATTATTTTTCCGCCCGACGGCCATTATTCCCAAAAGCAAAAGCGAGATTTGGCAGGACCAGGTCGTCTTTCAAAAGAGCGGCAATAAGATGACCGCGCAAAACCCGACGCCCTATTACATCACCATTATTAGCTTGTCCCGCGTCAAGGGTGAAAAAATCACTAAGTTTCCGGGGATTATGATTGCGCCGAAGTCCAGCATGGAGTTCAGCGTAACCGACGGCGGCGTGCGAGATTTCGCCATGATGTATGTGAACGATTATGGCGGTCATCCGGAGCTGAAATATCGCTGTGAAGGAAATACCTGTAAAGCGCTGCCGCCATCGCAGCAAGGGTAATTAAAGAGGAACCTGATGATGAAAACGCGTCTATCGCTATTAGCACTGTTTGTATTCGGTATCAGTATGCCAGCGCTGGCCGACGCTGATATTCCGCTACAGCCACAGCACTATAACCGGGATCATCAGGGGGAAGATGGCGGTAACGTGATATTCAATGGCTCCGTTTATGCCTCGCCTTGCGTGCTGGCACCGCAGAGCCGCCTGCAGATTATTGAGATGGGTGAAATCAGCGCCCGCCGTTTTCATCAGGCCGGCGACCGGAGCCAGCCGGTGCTGGTTCGCGTCGAACTTAGAGATTGCCTGAAAGGCGCCTCGCAGGCGCGAGACAGCATCGCCTCACGGACGACGGGCAACAGCAAGCATCTCTACACCACCGGCGAGCAGGCAGTTCAGCTCACTTTTATCGGCGAATCGGATGAACGTAATCGCCAGCTGCTGCGCCTGACCGGCAGCATCTCAGGAGCTGGTATTCGCCTGCTGGATGTCAAAGAACGGGCGTTGGATATTAATCAAACGCAGCCGCCGTTTATTGTGAAAACCGGCGATAGCAGCCTGACGTTTATTGCCGTGCTGGAGTCAACCGGACGAAACGTGACCGCGGGCAACTTTAGCGGACTGCTGCGTTTAAAAATGGAGTATCTCTGATGACGACGATGGTTCTCGGGCGAAAATCTTGCGTCACGCTTTTACTCTGCGGCGGCTTATTATCCCTTGATGCCAGCGCGGCGATTGAAGGGGAAATTACGCCGGTCGGCGGACCTAAAATGTATAATATTGACGTGGTCAATCAGGATATTACCAATAACAGCATTGGGGCAACGATTCCTTATGAATTTTCGTTGGGCGGGCAATACTCTGGTATAGCCAGCTGTACGATTCCCATGCAAGATCAGGCAATTTATTACTCTTCGACCGCCTCGCTGATGCAGCAGGGAAGCGCGCCGGGCTATTTAAAGCTCAATGATTATATGGATGTCAAAATTGAAATTTATATCCGTGGTCAGCGCATGGAATATCTTTCGGTGCCTTTTTATAACGAATCGAATAATGCCTTTCAGAACCAATGTGTCCCGCCAACTACCCAGTTTAATAACTTTGAGTCCGGCGCCAAGGGGCGGGTAACGTTTATGATTACTAAGCCTATTATCAACGGCGTTAACCTGTTGGGTACAGAAATCGCCAAGCTTTACGGCCGCCTGGGGAATTACAGCTCAGGAATGGGCAGTACCCCAATGTCGATTATATCGATTAATTCCGGGGTCATTACCGTTCCGGATAAATGCATTGTCAACTCAGGTTCACCGATCGTCGTTGATTTTGATACCATCCCCAGTTCGGGTTCGCTGCTAAATGGTAATAATTACAGCCGGTCCGTGCCGATTCAGGTGAAATGCGAAGGGGGAAGTTTCGCGAACGGTAATTTAAATATTCGCCTGGGTATTCAGCAGGCCAATACCGCCAGTTTTAATAGCGATTATTTAGGGACCACCGGCGCCGTCGATCGATCCAATCTTGGCATTATTCTGAAAGATTCAGGCGGCAGTTTAGTGGCCGCGAATAGATTTTATGACGTGCCGGGTTTTAATAACAATCAGGGAACATGGAATCTGACCGCCGCGCCGATTGCCAATGCCGGGACCAATATTCTCGAAGGGGAATTCCAGGCATCGGCCACCGTGGTCGCTGAGTTTCAGTAAGGGGGCAGCATGCGTCAATTTATCGCATCAATGGTTCTTATATATTTGCTGCCGGCTGTCACGCCGGCGTATGCCAGCGGGGAACTGATCGGCGGCGACTTAACCTTTAAAGGCACCGTCGCGGCCCATGGCTGCAGTATCGTTCCCTCATCCAAAAATATCGCCGTTGATTTTGGTCAGATTTCAACCCGTACGCTCTATGCGGAGAGTAAATCACAGCCCAAAGCGTTTGTGATTGAGCTTAAGGATTGCAGTACCGATGTTTTTAATTCCGTTACCGTAACCTTTAGCGGGACGGAAAATGCCAATATGAGCGACCGTCTGGCGATTACGCCGGTAGCGCCAAATTCCGCCAGCGGCATTGGCATTGGTTTTGAAGAGAGTAACGGCACGGCGATTTCACTCAATACGCCAACAACCGCGGTCGCTATTTCCGATGCCACCATGCAGTTAAATTTTAAAGCTTTTGTTGAAGGGGAACCGGATGCCTTGAGTAACAAAACCTTGCAAACCGGTGCTTTTCAGGCAACAGCGTATTACACCCTTAATTACCAGTAGAATAGATCAAGGATGATGAAAAATGAGCCGCCGTTTCTTTCTCTACGATAAAAATATCTTTTTCTCAGAAGGCGTACGTTCTTTGGTTGACGATCTTGCTGCGCATGACGACGACTGCTCTTTCTCAAGGCTCGACCAGTTCTCTCAGCTGATCAACACGCTGCGTCTGCCGAAGCAGAAAGAGGAGCTGCGCTGGGTGCTCTGCGATGTCGACAGTTTGCCGGACGAACGCTTTAATGCGCTATACACTATAAAAGAGTACTACTGCCGGGAAAATCAGCAGCTGGTGATTTTATTAGGAGAGAATAATATTTCTCTGTTCTTTGCGCTGCATTCGCTGCTCCCGGAGGCGAGCTGGTTATTAAAAAATGAGTCGCTGGAGAATTTTTTTAAATTCATTGAAGGCGCTGATTCGATGGTGGCAAAGAAAATATTTTATAGCCGCTCG
NZ_CP180159.1_gap26	1220011	1224104	4093	GTTTCACCGGCGATGCGCAGGGTCGCCTGCAGAGAAAGCTGGCCGTCCTGCTGGCTATCGCTTTGGTAATCCAGCAGCGCAAGCGGCGGCTGGTGCAGAAGTCCGTAGCGGGCGCGAAACAGCTGCCACAGCGCGTTCTGGGTCATCTCTTTGCCATGCGTATCGGTTTCGTGCTGAACGTGCAGGCTAAAATCCTGCTGCAGCGCGCGCGGCAGCTTCAGGCCATGATTCTGTTCAATCAGCCACGCGCTGCCGCTTTTGCCGGACTGGCTGTTGACGCGGATCACCGCCTCGTAGCTGCAGCCGATATCCTGCGGGTCGATGGGCAGATAGGGCATTTCCCAGCGATCGCCGGGCCGGAGGGCATCGAATCCTTTTTTGATAGCATCCTGATGCGAGCCGGAAAAGGCGGTATAGGCGAGGCTTCCCGCCCACGGGTGGCGCGGATGAACCGGGATCTGGTTGCAGCTTTCGACAATTTCGACCACCCGGTTCATCTCAGAGAAGCTGAGCCGGGGATCGACGCCCTGGCTGTAGAGATTCATTGCCAGCGTCACCAGGCAGACGTTTCCGGTGCGTTCGCCGTTGCCGAACAGGCAGCCTTCGACGCGGTCGGCGCCGGCCATCACCGCCAGCTCCGCGCTGGCGACGCCGGTTCCCCGGTCATTATGCGGATGGACGCTGATGCACACATCGGCGCGGCGCGAGAAGTGACGACAAAAATACTCAATTTGATCGGCATAAACGTTCGGCGTGCTCACTTCTACCGTTGCGGGCAGATTGATAATCATCGGCCGTTCGGCGCAGGGCTGCCAGATTTCCGCCACCGCTTCGCAAATCTCCAGCGCGAATTCCGGCTCGGTGAAGCAGAAGGTTTCCGGGGAATACTCGTATTGCCAGCGGGTCTGCGGCTGCTGTTCGCACTGCTGGCGGATAAGCCGGGTGGCGCGGGTCGCCAGCTCGACCACCTGCGCTTTGTTCATTCCAAAAACCAGCTCGCGGAACAGCGGAGCGGTGGCGTTATAGAGGTGAACGGTGGCGCGGTGGGCATCGCGCAGCGATTCGAAGGTCCTGAGGATTAAATCTTCCCGCGCCTGGGTCAGCACCTGAATCGTCACATCCTGCGGGATACGCCGTTCTTCAATCAGTTGACGCACAAAGTTGAAATCGGTTTGCGAAGCCGAAGGAAACGCCACCTCGATCTCTTTAAATCCGCACTCCAGCAGCAAGTCCCAAAACTGCAGCTTGCGCGCGCTGTCCATCGGCTCGGCCAGCGCCTGGTTGCCGTCGCGCAGGTCGGTGGAGAGCCAGCGGGGGGCGCGGGTTATTTTTTGCTCCGGCCAGCGGCGGTCGGGCAGGGCAATCGGCGGATAGGGACGGTATTTTTCACCGGGTTGAGTCAGCATGATTTTCTCCTTCTTAGCGGATCTTCATCGTGCATGACAAGGCGAAAAGTCATCTCCAGCGAACTGGACATCAACTAGCGTAAACCGGACAACCTGCGTTTTGGGCAATAAAAAAGGGATCCGCAGATCCCTTCAGGTCAAACCTTAGTGCGCGCCGCCGCCGCCGCCCCCGGCGCTAAATGGCGGCCTGGCAAACCACACCAGCCCGAGCAGTAGGATAAATATCGCCGCCGAGAACCAGAAAATTTCGTTGGCGGAGATAATCAGCCCCTGGTTGGTTATCTGCTGCGCTATCCAGCCGGACGCCTGCTGTTGCGTCATCCCTAATCCCTGCAGCTGATCGTACATCTGCTGGGCGTTGGGATTATACGGCGTCACCGACTCGGTAAGCTGAGCATGGTGCAGCGCCTCGCGGTTCGTCCACATGGTGGTGGTAATCGAGGTGCCGATGGAGCCCGCAAGGGTACGCGTGAAGTTCGACAGGCTCGACGCCGCCGCCAGCCGTTCCGGCGGCAGGCCGGAGAGCGTGATGGTCGTCAGCGGCATAAAGAAGCAGGCCACCGCGAAGCCCTGGATAAACTGCGGCCACGCCGAGGCGCCGAAGTCCATACCCGGTTCGAAAGTCCATGCGCGCCAGTAGAAACAGACCGCGTACATGATAAAGCTGAAGGTGACCAGCCGACGCATATCCAGCTTATGCGCAAAGCGGCCGATAATCGGCGACAGGATAACCGGGATCACCCCGACCGGCGCCGAAGCCAGACCGGCCCAGGTGGCGGTATAGCCGTATACCTCCTGCAGTAGCTGCGGCAACAGCACGATAGCGCCGAAGTAGAGCATATAGGCGAGGCTGATACACAGGCAGCCGATGGTGAAGTTTCGCGACTTAAAGAGCGACAGGTCGACTATCGGGTTGTCATCGGTTAGCTCCCAGACGATCAGGAAGCTTATCGCCACCACCGCGACAATGGTCAGGATGATTATCTCCTTTGAGGCGAACCAGTCCAGCTCTTTACCCCGGTCGAGCATCACCTGCAGGCTGCCGATACCAATGATCAGCAGCGCCAGGCCGACGCCGTCAATCCGCCGCTGCTCGGTGCGGGTTTCGCGGTTGCGCAGGGTCTGTAGCGTCATGACCACCACGGCGATGCCAATCGGCACGTTGATAAAGAAGATCCAGCCCCAGTGGTAGTTGTCGCTAATATAGCCGCCGAGGATAGGGCCGCAAATCGGCGCGACGATCACCGTCATTGACCACAGCGCCAGGGCGATAGAGCGCTTGGCGGGCGGGTAGTTGCTGAGCAGCAGACTTTGCGACAGCGGGATCAGCGGACCGGCGACGATCCCCTGAATCACGCGGAAGAAAATCAGCATTGTCAGGCTGTTTGACATGCCGCAGGCCCAGGAGGCGATGGCGAACGCCACCGTCGACCAGAGGAACAGCTTCACTTCGCCAACGCGCTTTGCCAGCCAGCCGGTAATCGGAATGGAGATAGCGTTCGCCACCCCAAACGAGGTGATAACCCAGGTCCCCTGGCTCAACGATGAGCCAAGGTTACCGGCGATGGTGGGGATGGCCACGTTGGCGATGGTGGAGTCCAGCACCTGCATAAAGGTCGCGAGCGACAGCGCAATGGTCATAATGACCAGCTGCGCGCCTTCCAGCGGTTTTTGCTGTTGCATTACGCTCACCCCGAATTATCCGGCGTTGGCCTGGATGATGTCGTTTATCAGCTTATTGACCGGCTCAAGGCCGATTTCGCGGGCATTACTTTCGTAAACCGGAGAGCTGCGCACCTGGCTTGCCAGCATCTCGCCGCCGCGGTCGGTGGTGTTCACCTCAACCAGGGTCGAAAGGCCGATGCGCAGCGGGTGCTCCGCCAGCTGTTTTTCATCCAGCTCGATACGTACCGGCAGGCGCTGAACCACTTTGATCCAGTTGCCGGTGGCGTTCTGCGCGGGCAGCAGCGAGAAGGCGCTACCGGTACCCATATCGAGGCCGACCACTTTACCGGTGTATTTCACATCGTCGCCGTAAATATCGCTGATCACGGTGGCCGGCTGACCGATGCGCATGTGCGCCAGCTGGGTTTCTTTAAAGTTGGCGTCAATCCACAGATTGGTCGCCGGAACGACGGCCATCAGCGGCGTGGTGCTGCTAATTTGCGCGCCGGGCTGTACGGAGCGACGCGAAACGTAGCCGCTAATCGGGCTGACGATTTTCGTCCGCTGCAGGGCCAGCCAGGCGTTACGCACTTCAGTGGCCGCCTGCAGCACCGCAGGCTGCTGTTCCAGCTTCGTGCCCAGAACGATCGCCTGATTGGCGTTGTATTGCTGAATCGCCACGTCCAGTTCGGCCTGCGCGCTGGCAACCGTGTCGCGCGCGTGCTGCAGCTCTTCGCGGCCAATCAGGTTGGCGGCCCCCAGCGGAATACGGCGGTTAAGGTCGGTCTGCGCCTGGGAAAGCGCGGTTTTTTTCACGTCGATGCTGGCCTGCAGCTGCTTGCTGTTGATCATCTGCTGGCGCGTTTGACGTACGCTGGCGGCCAGCTGGGTTTGCGCTTTTTCAAACGCCTGCTGGGCATCGGTCTGGTCGAGGGTGACCAGCGGATCGCCTTTTTGCACGTAGTCGGTGTTGTCGGCCCAGACTTTCGTCACGCTGCCGGACACCTGCGCCATAATTTGTA
NZ_CP180159.1_gap27	1240422	1243133	2711	TGAAGCCCGCGCAGCGGGCGGGCGGCGGGCGGGCTTCGATACTCCTGGGGCAAATCATCTATCCCCAGCGTTTCACCCTCTTCGGCGAGGGCCAGCAGTACCCTCAACACACTTTGCAGCTGGCGGACGTTGCCCGGCCAGGGCTGAGACGTCAGGTGTTGCACAACTTCCGGGGCCAGCGCGATGTGACGCTTTTCTCCGCCCAGCTCGCGCCACAATCGTTGGATAAACCCGGACAGTTCAGGCCATTCGCGCAGGGGCGGCAGCGTTAACGCAAACTCACGCAGGCGGTAGAGCAGGTCTTCGCGGAAGGTCCCTTCCGCGACGCGCTGCGCCAGATTGCGGTGGGTGGCGCAAATCACCGCGAAATTAACCGGCGAACTCTGGCTGGCGCCAAGCGGCGTGACCTCTTTCTCCTGTAAGATCCTCAGCAGCCGGGTCTGAAGCGTTAACGGCATATCGCCAATCTCATCAAGAAACAGTACGCCGCCGTCGGCTTCGCGAATCTTGCCGATGTAGCCGTTTTTGTTTGCGCCGGTAAACGCCCCGGGCTGGTAGCCAAACAGCTCGGATTCAATCAGTGATTCCGGCAGCGCGGCGCAGTTGATGGCGACGAATTTGCCGCCGCTCCAGCGGCTGTGCCGGTGCAGGGTACGGCTGACGTACTCTTTGCCGCAGCCGGTTTCGCCTTCGATACACAACCCAATCCCGGCGTTAAGCAGGCGCAGCAGCTTTTCGCCTTCGCGCTGGCTGGAGAAAGGCAGCTCAAGGGGGGGGCGCGCGGTCACCGCCACGCCAGCGGTCACGGGAGCGCGTAGACGGTAATAGTAGTTTCGATGTCCGGCGACGAGCGGCAGCGGTACGCTGACGGCGGTTTGCCGCAGCTGCGGAAAAAGCTGCTGGAACGTGAGGTGGCCGAACCGATCTGCGTTAAGTGAGAACTCGCGCATCGCCAGCCGGTTAGCCGCCATCAGCACATTGTCGGTAAAGACCAGCAGACATTCGTCGACGCCGTCGAGCTTTTCCACCTGAGGATGCAGGCTCATCAGCCACTGTTGCGGATGCAGACTCTGTTTAACCCACAGATATTCTATCTGCTTCGCGGCGCCTTTTACCCACGCCAGCGTGCGGGCGTGCGGGTACCGGGCGGGGCCGGAGATATCCAGCACCCCGGCTATTTTGCCATCAGGACTTTGCAGCGGCACGGCGGCGCAATAAAGACCCTGGTTACTGGTCAGAAAATGCTGGCGGCCATCGATTTCGCAGCTGTCGTCAATCGCCAGCGCGGTGCCGATGGCGTTGGTTCCGCGTCCGCTTTCGCTCCACAGGTTGCCCGGCGCTAAAGCGAAGCGCTGCGCTTTCTGCATGGCGTGCGTATCGCCAAAGGTTTGCAGAACCAGACCGCTGGCGTCAGAGAGAACCACGACGGATTGCAGAGCGTTGACTTTGCGGGATAGCTCATTAACGACCGGCTGGGCCAGCGTTTGCAGGCGGCTGTGTCTGGCGAGCCTGTCGGCCAGTTCGCTGGCGTGCAGGCGAGGGAAGTCATCCGTGGCGGGGTCGAGGCCATAGCGCTGGCTACGGCACCAGGAGTCGCTGAGCAGCGGGTTCGCTTCGATCTCTGGCGTCAGGGCAAACGGATTTCCTGGCACGGGACACCTCGTCGTTTAATTTGTGTTGCAATATTGTAGCTATATGGTTTTCGTGGTGTTGCGATTTGCGACACATAAGAGAGATTCTGTGCGACAGAAAGTGACGTGACCTATCTAATTCATTGAAAATTAATTTCTTTTTTAAAATATAAAAAATGGCATAACCCCTGCAATAGACGAGAGACGCAGCGAGCCGCCGTACAAAACTAAGATGCCGCTGCGCCTCAACCCTACATGAAGGAGATTCGCGATGCGTTATGCTCATCCTGGCACACCGGGCGCTTTGGTTTCACTGAAGTCAGCCTACGGTAACTTTATTGACGGTAAATTTGTTGAACCCATCGGTGGAGAATTCTTTATGAATACCTCCCCGGTCGACGGTAGCAACATCGGGCAGTTTCCGCGTTCTGATGCCAAAGATATCGACTTCGCCCTTGATGCGGCGCACCGGGCCGCCGACGCCTGGGGCAAAACGTCGGCTCAGCACCGCGCTAATCTGCTGCTGCAGGTTGCCGACCGTATTGAGGCCAACCTGGAATATCTGGCGGTAGCGGAGAGCTGGGATAACGGTAAGCCGATCCGCGAAACCCTCAACGCCGACCTGCCGCTGGCGGTCGATCACTTCCGCTATTTCGCCGGCTGCCTGCGCGCGCAGGAGGGAAGCACGGCGGAGATTGATGAAACGACGGTGGCTTATCACTTCCATGAGCCTCTCGGCGTGGTTGGACAAATTATTCCGTGGAACTTCCCGCTGCTGATGGCCGCCTGGAAGCTCGCTCCGGCGCTGGCAGCGGGCAACTGCGTGGTGCTGAAACCGGCAGAGCAGACGCCGCTCAGCATTACACTGCTGCTGGAGATTATTGGCGATCTGTTCCCGGCGGGCGTCCTTAACGTGGTTCAGGGATTTGGCAAAGAGGCGGGCGAAGCGCTGGCAACCAGTAAACGCATCGCCAAAATCGCCTTTACCGGCTCAACGCCGGTAGGCCGCCATATCATGGCCTGCGCGGCGGAAAACATTATCCCCTGTACCGTTGAGCTGGGCGGTAAATCGCCGAACAT
NZ_CP180159.1_gap28	1244229	1244859	630	ATATGTAAAATAAAACAGCATTTCATTAACATAACAAAATATTGCGAATTGTAATGGGTAAGGATAGTATTTATTTGTTCACTTAATGAATGGTTTATCAATTACGCCGAAGTAACTTTCTTTTTTAATAAAAGATTCAAATAAGCAGCTCAGTTTTTTGCTGCCTGCTATCCTGCGGACGGAACGCGAATATTATTAACATGGAGGGTCTGTGCTCAGATTAGCCCGAGGCTTAAGCCATCGCGCGCAATCTGTCGAAAATATAAGTTAGAGATGAGATGAATAATGAAAACGCAATTTCGTATTATGGCAATGTTTGTCGGTGCTCTGGTTTCCGCTAGCGCATTATCCAGTCCTTCACCATCGGCCAGTTCAGTAATGACCGTTAACCCCGGCTTTAATGCGGGCACGCAGGGCACGGGCGGTCAGGTAGAATTTACCGGCTCCATTACTGACTCCTCCTGTAATGTCGATAGCACCAGCGCGAACCAAAGCGTCGATCTGGGAAAATGGGCGAGCAGCTATTTTACCGGAGCAGGTTCTGAAACGACGAAAACCGCCTTCCATATCAAAGTAAAAGATTGTCCTTCCACCGTTACCACCGTCTCGGTACTGTTTGACGGTACCCGT
NZ_CP180159.1_gap29	1324987	1325795	808	CGACAGCTGGACGAAACGTCTAAACAGGAAACGCGCGCGTTAAAAGAAGCGGGATCGTTTAAAGGATTATGGCGTAATCGTAAGGCATTTATCATGGTGCTCGGATTCACTGCCGCAGGGTCGTTAAGCTTTTATACCTTTACAACCTATATGCAGAAATATCTGGTCAACACCGCAGGCATGAGCGCGGGCACCGCCAGCATGATTATGACCGCTGCCTTATTTGTTTATATGCTTGTTCAGCCGCTTTTCGGTGCGCTTTCGGATAAGATTGGCCGCCGGACCTCAATGCTCTGTTTTGGCGTACTCGTCACCGTCTTCACTGTCCCGATTCTCAATGCATTACAGAACGTGAGTTCACCGTATGCGGCATTTGCTTTAGTGATATGCGCCCTGTTGATAGTAAGCTTCTATACCTCAATCAGCGGCATTCTGAAGGCCGAAATGTTTCCGGCTCAGGTTCGTGCCCTGGGGGTTGGACTCTCTTATGCGGTGGCCAATGCGCTATTTGGCGGCTCGGCAGAGTATGTCGCGCTGTCGCTAAAATCAGCGGGAATTGAGCACGCCTTTTACTGGTACGTGACCGTCATGGGCGCGATTGCCTTCCTGGTCTCCCTGACGCTGCATCGTAAAGGCAAGGGGCTACGTTTGTAGCATTACTGATGTGCCAGCTGCCATACCGCATAGCCGGTAGTGGCACCTGCCACATCCCAGGCGAAATCTTTCCAGCTCCAGCCGCTCCCTGACGGGCGGCTGTCCCATAGCTCCTTCGATGCCCCTAAGCTCACGGAAAACATAAAGCCTATAG
NZ_CP180159.1_gap30	1329318	1331114	1796	CAGCTCGTGCGTATCCTGTACCCGCAATAAGCCTGCGCGCTGAATAGCGGCGTCCCACGCCGGATCCATACCGGAATTGACGTGCAGGAGCTTCTGCGCAGCCGGGCTGCGTCCGCTTTTAATCACCAGGATCGGCTTATTACGCGATGCGCTACGGGCCGCTGAGACAAAACGACGGGCATCGCTGAGATGTTCGAGATAAAGCAAAATGGCGCTGGTTTTACTATCGCGAGCGAGGAAATCAAGCAGGTCATCAACGTCGATGTCCAGACTATCCCCCAGCGCAATAAAGTAAGAAAACCCCATCTCGCGCTGCTGGGCCCAGTCGAGGATGGTATTGGAGACCGCCGCCGATTGCGAAATAAACGCCAGTTTGCCGCGATGAATAGGCACCGGCGAAAAGCTGGCGTTGAGGCCCTGCCACGGCGCAAGCAGGCCAAGGCTGTTAGGGCCGAGCAGACGCATCTGGTAGCGGGAGGCGCATTCAAGCAGCGCGGGATACTGTTCGGGGATGGAGGAGAGAATGATGCAGGTTTTGCACCCTTTTTGCCCCAGCGCTTCCAGCAGCTCAAGATTTCGGCGGGCGTTAGTACAAAGCACGGCGAGATCGGGCGTGAAGGGCAGACTGTCGACGTCAGGCCAGGCCAGTACGCCCTGAACCGCTTTCCACGCTGGGGTTACGGGGAGAACGGGGCCGCTAAATCCGCCCGCCAGCAGGTTGCGCATCATCAGATAACCGGCGCGCTGTGGTTTCATTGATGCGCCAATAACGGCGATCGACTTTGGCCGCAGCAATGCTTCCAGGCCTCGTTGGCTCATACCGGTCTCCTTTGATCCCCAGTGACCGAATGATTTTAAACGTTTTCTGTCAGTTGTGCTGTGATACTGCCCTTATGCTGAGTTTTTCCTGCCAGGTAGCGCGTTCTGAATAAGCTGAAGTGCTCGCCAAGGGCCGTGGCTGCGCTTTTATCTCCCGCGAGATCCAGCAGCGCAATCGCGACTTCGGCAGTACAGTATTGGCCTTCTGCGTGAGCTTCCCGCAGGTGATAAGCGGAGATACGCGACAGATCGACGGAAATCAACGGTAGCGCGTCAAGCCAGGGGCTTTTACGGAACATTTTTCGCGCTTCGGGCCAGGTGCCGTCGAGCATAATAAACAGCGGTGGTTTACCCGGGGGCGGTGAATCAAGTACCTGACGCTCCGGGCCAGCATAAGAGGCAGGAAAAACCACCATCGGCTGATATTGCGCGTCGCCGACGAGATCGAGAAGCGCCTGCGGCGGTTCGGTTCGTGACCACTGAAAGGCCTCCGTATCCGGCAGGATATCGGCAATCAGGCGGCCGGTATTGCTGGGCTTCATTGGCTCGGTATCGAACATCACCAGGCAAAAACGGCTGGCGGCAGCAACCGGCTTGAGGGTGGCGCAGAGGCACTGCTTCAACGGCAGCAAGCAACGCTGGCAGCGGTGGATACGGTTGCCGCGAGCAAGAAAAGGCCGGGTGGCGCGCGCGAGGCGTTCGGCGCGAAGGCGAAGGACGGCGTTATCAGTCATGGGGATCGCTAAGAAAAAACGCCATTGTCGCAGAGGAGAAAACGGGGCACAAGCGGTGCCCCGTGAGGTTTACTGCTGGCCTGCTTCGTTTAGCCAGCTATCGAAAGGTGCTTTAGGTACGGCGCCATTGAGCATGTCGATAACTTCGCCATTTTTAAACATCATAATGGTCGGGATGCTGCGAATGCGGAAGCGAGCGCTCAGCTCACGCTCCATCTCGGTATTCACTTTCACGAACCGCAT
NZ_CP180159.1_gap31	1373135	1376856	3721	TTGCCGGTTAAGGGCGCGCGAGCAGCGGTTGACCAATGCCTGAAGATTGGTGTCGTCATACAGCGTGCGTGCGATACCCTGCTGTTTAAGCTGCGTTTTCAATGCCGGGGTAAAATGGTGGCTGACAAAATGCGGGCACAGGCGCAGCCCGCGGCGCAGGCCGTGCAGCAGGCATAAGCGTTGATCGAGCGCGGCGCCTTCCATCCGATAGCTGCCGTCCGCTTGTGAAGCAAGGGTCAAGCGGTGATAACGCTGAATCTCGCGTCCCGTCTCCGCAATGTCCTGCCGGGCGGTATCCTCATCAACCTGGGTGAGGTTACCCAGCCATTCGGGCGTCACGGACTGCCCGGGCAGATAAAACATCAGGAGCACCTGGCTACGGCGCTGTGGACTGGAAAGCACAGATGGTGGTTCAATCACTGTCATCATCCGGTTAGTTCCAGTTAGGGTTTTCGTTAAGAGTAGTTAATGTATTGAGGGTGAACAGGGCATTTCCGGGTCTTTACATCAGGATTGCTGGCGGGGTTCACAGAATTTTTCACGCGAGGAACAGATGAAGAGAGTGAAACAATGCGTCAGCGTAGCGTTTTTCATGTTTTTATCGCTATCTGCGGCGGCGCATCCGCACAGTTTCATCAGTTTGCAAACGGAGGCCGTGGCGGAAAATGGCCTGCTCACCGGCTTTAAAATGCGCTGGACGATGGATGAAATCACCTCCGCCGATCTGCTCTATGATGCGGGCAACGCTAAACCCGGTAGCGAAATCTGGAAAAAGCTGGCGGCGGAAGTGATGGCGAACGTGCTGGGCCAGCACTATTTCAGCGAGCTATGGCACAAGGGCCAGCGGGTGAAGTTTGATAATCGGCCCGCTGGTTATGGCCTTGAACGCAGCGGTCACCAGGCGGTGCTCACCTTTACTCTGCCGCTGGCGAAGCCGCAGCCTCTGGCCGGGCAAACCTTCACCTTTTCAACCTATGACCCGACCTATTACGTTGATATGTATTATGACAAAGACGCTGATTTTGCTCTGCCGGCGGCGATGAAAACGAGCTGCACGGCAAACGTGATGACGCCGAAACCGAATGAAAAAATGTTGTCCTACGCGCAGTCGCTGGATAAAGCGGATGCGCCGCCGGAGGATATGGAACTGGGGAATTACTTCGCGCAAAAGGTGACGCTGCAATGTCAGTGATTTTTGCTCAAACCGGCCGTTCGCCGGGCTGGCGTCAGCTGTGGCCGCTGGCGCTGTTTCTGCTGCTGGCAGCCGGAGCTGGCTTCTGGCTATGGCGGGCCTGGCCGCAGGTGCTGCTGCAAAGCGCGGTCTGGCAGCGCGCGCTGAATGTCGAACTGAGTCGGCTTCTGCAGGCGGTTGCGGAGAATCCTGCCGCCGCCGGGCTGTCGCTGCTGGGGTTTAGCTTCGCCTACGGCGTCCTGCATGCGCTGGGGCCGGGGCACGGCAAGGTGGTCATAACCACCTGGCTGGCAACCCATCCGTCGAAGCTGAAATCCAGCATTGGTCTGACCCTGGCCGCCTCGCTGCTGCAGGGGCTGGTGGCCATCGCTTTAGTGGTAGTGGTACTGACGCTGCTGCAGCTGCCGGCAAGACAGCTGCATCTGAGCAGCTTCTGGCTGGAAAAGGGAAGCTATCTGCTGGTCGGCGCGCTGGGCCTTTTGCTGTGCTGGCGGGCGCTAAAAAAGCTGCGCATACTGCTGCGCCGGCCTAAATTCACTGCCTTCACCGCGCATCACGTTCATCACGCCAGCTGCGGCTGCGGGCACCAGCATCTGCCGGCGCCGGAACGGCTGCAAAGCGGCGACGACTGGCGGGCCCGGCTGGCTATCGTGCTGTCAATGGGGATGCGGCCCTGTTCCGGGGCCATTATGGTGCTGCTGTTCAGTAAGGTTATCGGCGTATTTGGTTGGGGCATGGCGGCCGCGATGGCGATGGCGGCGGGAACCTCGCTGACGATTAGCGCGCTGGCGCTGCTGGTTCATGGTTTCCGCCAGCTGGCGGTCAGGCTGAGCGCGAACCGGGCGCCGGCGCTGTGGAAACAGGTAGGCTGGGCGACGCTGGCGCTGTCCGGCGGCGTGATTTTGCTGGCGGCGGCTATCGTGATGTGGAGTAGTGCGATACCTCCGGGCGGCGGCCTGCGTCCGTTTTAACGGGATAAAAAAAGGAAGCCGCAGCTTCCTTTTTGTTTTTCATTCAGTGAGATATTAACGCTTCAGCGCTTCGCTCAGATGCTCGCGCATATTGGCCAGCATGGCTTTTACAACGCGCGGGTTGCCTGCAACGATGTTGCCGGTCAGCAGGTAGTTATGGCCGCCGGTAAAGTCGCAGACGATAGCGCCTGCTTCACGGGCGATCAGCTCGCCTGCCGCGAAATCCCACGGTTTCAGCGCGATTTCAAAGTAGCCGTCAACGCGGCCAGCGGCAACGTAGGCCAGATCCAGGGCAGCGGAACCGGTGCGGCGGAAATCCGCGCATTCGGTGAACATGTTGCCGAGGATGTTCATGTAAGAGGTCGCGTGCTGTTTTGCTTTGAACGGGAAGCCGGTGGCGATGATCGTGCCATCCAGATCGCGAGCGCTGCTGCCGCGCAGGCGGTAGCCGTTCAGCTGCGCGCCCTGACCGCGGGTCGCGGTGAACAGTTCGTTACGCATCGGATCGTAAACCACGGCCACTTCAGTACGGCCTTTAATGCGTACCGCGATGGAGACGGAGAAGTGCGGCAGACGTTTGACGAAGTTGGTGGTGCCATCCAGTGGATCGATAACCCATTGAACATCCTGATCTTCACCAGCGTGCTCACCGCTTTCTTCGGTGATGATGGTGTGCTGCGGGTAAGATTTGCGAATGGTTTCGATAATCATCGCCTCGGCGGCTTTATCGACGTTGGTCACAAAATCATTGCTGCCTTTCTGGCTGGTTTCTACGGAGTCAGGGGTTTCGTAGTGCTTGGCAATTAAATTACCCGCCTTGCGCGCTGCGCGCACGGCGATGTTCAGCATCGGATGCATCGGTATCTCTCACTGGATGTTAAAGAACGGGAAAAAACGGCGCATATAGTAACAGTGAAATCTCCTTATGTCTTCGTTTTATGATAGCATGCACGAATAATCTTTAGCCGAAGAACCATAATGCTGCAAAATATTCGAATCGTACTGGTAGAAACCTCACACACCGGCAATATGGGCTCCGTCGCCCGCGCAATGAAAACCATGGGGTTAACCAACCTGTGGCTGGTCAATCCTCTGGTCAAACCCGATTCTCAGGCCATCGCTCTGGCGGCCGGGGCCAGCGACGTCATTGGCAATGCCCACATCGTCGACACCCTCGATGAAGCGCTGGCGGGCTGTAGCCTCGTCGTAGGGACCAGCGCGCGCTCCCGCACGCTGCCGTGGCCGATGCTCGATCCGCGCGAATGCGGTCTGAAAAGCGTCGCCGAAGCGCAGCATGCGCCGGTTGCGCTGGTATTTGGCCGTGAACGCGTCGGCCTGACTAACGAAGAGCTGCAGAAGTGTCACTACCACGTGGCAATCGCTGCTAATCCGGAATACAGCTCACTGAACCTGGCGATGGCTGTGCAGGTAATCGCCTATGAAGTGCGTATGGCCTGGCTGGCGGCGCAGGAGCAAAATGAACCTGTCGTCGAGCATGAAGAAACCCCGTATCCGCTGGTGGATGATTTAGAGCGTTTCTACGGTCATCTGGAGCAGA
NZ_CP180159.1_gap32	1379531	1382438	2907	CAAACGTGAAGCAAAATAATTAAGAGTTGAGGTTTGTTATGTCGATTACTTTAAGCGACAGTGCAGCAGCGCGAGTCAACGCCTTTCTGGCCAACCGCGGTAAAGGGTTTGGCCTGCGCCTGGGAGTCAGAACTTCCGGCTGTTCAGGTATGGCTTATGTACTGGAGTTTGTTGACGAACCAGCGGCAGAAGACACCGTGTTTGAAGACAAAGGCGTGAAAGTCGTGATCGACGGCAAAAGTTTGCAGTTCCTCGACGGTACGCAGCTGGATTTCGTCAAAGAAGGTCTTAACGAAGGGTTCAAATTCACCAACCCGAACGTGAAGGACGAGTGCGGCTGCGGCGAAAGCTTTAACGTGTAATTGCAATGTAATCTAAACCCCACTGCGGACGTCCGTAAGTGGGGTTTGCTTTATCTCGTTAACCCTGAGGTTGCTATGGACTATTTTACCCTCTTCGGGTTACCGGCCAGCTATACCCTTTCGTTAGAACCCCTGGCTGCCCGGTACCAGGAGCTACAGCGCCAGTATCATCCCGATAAGTTCGCCAGCGGCAGCGCGGCTGAACAGCTCGCCGCGGTGCAGCAGTCTGCCACCATTAATCAGGCGTGGCAAACCCTTCGCCATCCGCTGACCCGCGCCGAATATCTCCTTTCACTTCACGGTTTCGATCTCGCCAGCGAGCAGCATACCGTGCGCGATACCGCGTTCCTGATGGAACAGCTGGAACTGCGCGAAGAGCTCGATGAGATAGGCAAGGCGAAAGATGAAGCGCGGTTGGAAAGCTTTATCAAGCGGGTCAAAGCGCAATTTGATACCCGGCATCAGCTGATGGTTGAACAACTGAATAACGAGACGTGGGAGGCGGCGGCGGATACCGTGCGCAAGCTGCGTTTTCTCGATAAACTGCGAAGCAGTGCGGAACAACTCGAAGAAAAACTGCTCGATTTTTAATTTTCGGAAGCAATTATGGCCTTATTACAAATTAGTGAGCCCGGACTGAGCGCCGCGCCGCACCAGCGACGTCTGGCGGCGGGTATCGACCTGGGCACCACCAATTCACTGGTGGCTACCGTGCGTAGCGGCCAGGCCGAAACTCTGCCCGACCATCAGGGGCGCTATTTGCTGCCGTCGGTGGTGAACTATCAGGCTTCGGGTTTGACGGTGGGCTATGACGCGCGGCAAAACGCCGCTCAGGATCCGGTCAACACCATCAGCTCCGTCAAACGCATGATGGGCCGCTCTCTGGCCGATATCGAGGCCCGCTATCCACATCTGCCTTATCAGCTGCAGGCCAGCGAAAACGGCCTGCCGATGATTCAGACTACGGGTGGTCTGCTCAATCCGATCCGCGTATCTGCCGATATTCTTAAAGCGCTGGCCGAACGCGCCACCGAGGCGCTGGCGGGCGAGCTCGACGGCGTGGTGATTACCGTGCCGGCCTACTTCGATGATGCTCAGCGCCAGGGAACCAAAGACGCGGCGCGTCTGGCGGGCCTGCACGTGCTGCGTCTGCTGAACGAGCCGACCGCGGCGGCGATAGCCTACGGCCTGGACTCCGGTCAGGAAGGGGTCATCGCGGTTTACGATCTCGGCGGCGGTACTTTTGATATCTCCGTGCTGCGCTTGAGCCGCGGCGTGTTTGAAGTCCTGGCCACCGGCGGCGATTCCGCGCTCGGCGGCGACGATTTCGATCATCTGCTGGCCGATTATCTGCGCGAGCAGGCTGGCCTGAGCGATCGCAGCGATAACCGCCTGCAGCGCGAGCTGCTCGACGCGGCGATCGCGGCGAAAATCGCCCTCAGCGATGCCGAGACGGCGCGGGTGAACGTCGGCGGCTGGCAGGGGGAGGTGACCCGCAGCCAGTTTAATGCGCTGATCGCGCCGCTGGTCAAACGCACCTTGCTGGCCTGCCGTCGCGCGTTGAAAGACGCCGGCGTTGAGGCGCAAGAGGTGCTGGAAGTGGTGATGGTGGGCGGCTCGACCCGCGTGCCGCTGGTGCGCGAGCGCGTCGGCGAATTCTTTGGCCGTACGCCGCTGACCTCTATCGACCCGGATAAAGTCGTCGCCATCGGCGCGGCGATTCAGGCGGATATCCTGGTGGGCAATAAGCCGGACAGCGAGCTGCTGCTGCTTGACGTCATTCCGCTCTCTCTGGGGCTGGAAACCATGGGTGGCCTGGTGGAGAAGGTTATCCCGCGCAACACCACCATTCCGGTGGCGCGCGCGCAGGAGTTCACTACCTTCAAAGATGGTCAGACGGCGATGTCTATCCACGTTATGCAGGGCGAGCGCGAGCTGGTGCAGGACTGCCGCTCCCTGGCGCGTTTTGCGCTGCGCGGCATTCCGGCATTACCGGCGGGCGGGGCGCATATTCGCGTAACCTTCCAGGTGGATGCCGATGGCCTGCTGAGCGTGACGGCGATGGAGAAATCGACCGGCGTTGAGGCCTCTATCCAGGTGAAACCGTCCTACGGTCTGACCGATGGCGAGATCGCCAGCATGATTAAAGATTCGATGAGCTACGCCGAACAGGATGTCCAGGCGCGTATGCTGGCCGAGCAAAAAGTTGAAGCCGCGCGCGTACTGGAAAGTCTGGTCAGCGCGCTGGCCGCCGACGCCGCGCTGTTAAGCGCCGCAGAGCGTCAGGCTATCGATGACGCCGCGGAGCAAGTGCGCGCCGCAGCGGCAGGTGACGATGCCGATGCAATCAAAGAAGCGATTAAAAATATCGACACACAAACCCAGGAATTTGCCGCACGTCGTATGGATCAATCGGTCCGTATCGCGCTGAAAGGCCAATCCGTGGACGAGGTTTAAAATGCCAAAAATTGTTTTTCTGCCCCACCAGGACCTGTGTCCGGATGGCGTAGTTGTGGAAGCTGAGACCGGTGAGACCATTCTTGAT
NZ_CP180159.1_gap33	1433043	1435373	2330	GCAGGCTGCCTAATTTTACCTGTGAGCTGGCGCTGCTGAGCAGGGTAATGGCCTGATCGAGTCGGCCAACCAGCGCCATTCCTTCCGCTCGGGCTGCCAGCTCCTGATCGCGATTTCCCAGTTTAGCTTCCGCTTGCGCCAGCAAATCCCAACCATTGACGTCATCTTTATTATTGAAGGTATAGCGGTTAAGGATCGTCGCCGCTTCCCCCGGCTGCCCGCCTTCCAGCAGGGCGTTGGCGAGGTTGAGCTGCAGCACCGGATTAGTACGCAGCTCGCGGGCGCCCTTCAGGCGATTAATCGCGTCTGTGGCTCTCTTTTGCCCGAGATCGATATCGGTCGCCAGGTCAAGGTACCAGGCGTTCTGCGGTTCGGCGCTCAGCAGCGGCTGCAGCGTTTTGCGCGCCAGATCGTAATTGTTATTGCCCATGGCCAGCAGCGCGCGGCCGTACTGGGCGGCGTGCTGTTCGCGAATATTGCCTTTTTCCCAGCTGCTCAGAAGGTCATTGCCCAGCTTATTGTCGCCGGAGGTGTACATACCCAGCGTTCTCGCCTTCGCCAGGTAGAAGTCAGCGGAGGACTGCACGACAACCGGGCGCATCTGGTTCGCACGGTTGCGGGCGTCGGCGAGACGGCTTTCCGGTAAGGGGTGGGTCAGCAGCATTTCCGGCGGCCGGGTGGAGTAGCGCGACTCGTCGAGCAGCTTACCCATAAACGCCGGCATTGCCTGCGGGTCGAATCCGGAGCGCTGAAGGACCTGAATGCCAATGCGGTCGGCCTCTTCTTCGTTTTGACGGGTAAAGCTGATCAGCCCCTGCTGGCTGCCCGCCAGGGTGCCGGTCAGCGCGGCCATCCCGGCCTGCGGGCTGGCCATCGCCAACAGAATCGACCCCAGCGCGCCTACCCAGGTCAGCGGAGCGTTACGCTTTTGGTCTTCCATCGCGCGGGCGAGATGGCGCTGGGTGACGTGAGAAATTTCGTGCGCCATCACCGACGCCAGCTCGCTTTCATTATCCGAGTAGCGGAACAGGGCCGAGTGCAGTACGACGTTACCGCCGAAGAAAGCAAAGGCGTTTATTTGATCGTTATTAATCAGATAAAAGTGGAACGGGGTGCGAACGGAATTGGCGTGCGACACCAGGCGCATGCCTAAACCGTTAATATACTGCACCAGCAGCGGATCGTTGATTAACGGCGCGCTGCCGCGCAGCTGGCGCACGTAGTAATCTCCCATCTGCATTTCCTGGCCGATGGAGAGCGTACTTCCTGCGGAGGTGCCCATGTCCGGCAGAGTGTCTGCGGTATCGGCAAAAGCAGGTAATATTGAACCCAGCGTCAGCGACGCTATGACGGTCGCCACCAGCGTTTTCTTCAACTGCCTGAACATAACCTCTGTCCTGTAATGTAGGTGTGCCAGTTTGACCGATTGTGCGGCGTAATGTTCCCTGACCGCAAGCAGGTCCAGCGAGTTTAGCCGTCGTTCGCGGCGTTGCAAATATGATATTCATCCGGCCAGTAATGTTTGTGGTTTTACCCATAAAAAGCGAAGTCTTTTTTGTGACATTTCGATACAATTCCTGAGATTGTTACAGCTCCGCTCTTCAGGGAAGGGTTTTATGCTCCAGATGTTAATGCAGTGGTACCGTCGTCGGTTCAGCGACCCGGAGGCGATAGCGCTGCTGGTCATTTTGCTGGCTGGGTTCGGCATTATGTTTTTCTTCAGCGGCCTGCTGGCACCTTTGTTAGTGTCGATTGTTCTGGCTTATCTGCTGGAGTGGCCCACCGTCAGACTGGAGCGTATCGGGTTTTCACGTACCTGGGCCACCTCGGTCGTTCTGATTCTGTTCGTCGGCATTCTGCTGCTGATGGCGTTTGTGGTGATGCCGGTTGCCTGGCAGCAGGGCATTTATCTGATTCGCGATATGCCCGGGATGCTGAATAAACTTTCCGATTTCGCCGCCACGGTGCCGCGCCGTTATCCGGCCCTCATGGACGCCGGCATTATCGACGCGATGGCGGAGAATATGCGCAGCCGGATGTTAACCGTCGGCGACTCGGTGGTGAAATATTCGCTGGCCTCTCTGGTCGGGCTGCTGACCCTGGCGGTCTATCTGGTGCTGGTGCCGCTGATGGTTTTCTTTCTGCTGAAAGATAAAGAGCAGATGCTTAACGCCGTACGCCGGGTGCTGCCGCGCAACCGCGGCCTGGCCGGGCAGGTATGGAAAGAGATGAACCAGCAAATTACCAACTATATTCGCGGTAAGGTGCTGGAAATGATCGTCGTCGGCGTGGCGACGTGGATTGGCTTTATCCTTTTTGGCCTCAACTAT
NZ_CP180159.1_gap34	1564484	1567357	2873	TTCGGTATTCAACAGCGGCTGAAACTCATCGGAAAAATAGTGGCTGTTATCCGCCTGCTCCTGGAGCAGCCGCTTGGGCGGTACTTCAGCGATTTTTTTACGCTGCGGGCGATGAACGATGGTGTCCTGCTTAATCTGACGCGTGCCGGTCATCAGCTGCCGGAACAATGCCTGATCCTCCTCGCTTAGCGATGTTTTCTTTTTCATTACCTGATCTCATTTTTTCTTTGCCGGTAGTTTACCCGACTCGCCACGCATCCAGGCAAGGAAAACCTATTTTTCCCCCTCCGCCTGACGTAAGAATGCTGATTTATCCCCGTCTTCGTGGCAAACTAGCCGCCGAATTTATAGCAGAGCGTGCCCTGGGGGATAGCGTGGATAAAATTTTTGTTGATGAAGCCGTTAATGAGCTTCATACCATTCAGGACATGCTGCGTTGGGCGGTAAGCCGCTTCAGCGCTGCAAATATCTGGTACGGACACGGCACCGATAACCCGTGGGATGAAGCCGTACAGCTGGTGATGCCTTCACTATATCTGCCGCTTGATATTCCGGAAGATATGCGTACCGCGCGTCTGACTTCCAGCGAAAAACATCGCATCGTTGAACGCGTCATTCGTCGTATTAACGAGCGCATTCCGGTCGCTTATTTGACCAACAAAGCCTGGTTCTGCGGCCATGAGTTTTACGTCGATGAACGCGTGCTGGTACCGCGCTCGCCGATTGGCGAACTCATTAACAACCATTTTTCCGGCCTGATTGACCACTATCCGCAGCACATCCTTGATATGTGCACCGGCAGCGGCTGTATCGCTATCGCCTGCGCTTACGCTTTCCCGGAAGCGGAAGTCGATGCGGTGGATATTTCCCCTGACGCGCTGGCCGTTACCGAGCAGAACGTGGAAGATCACGGATTAATTCATAACGTTACGCCAATTCGCTCCGATCTGTTCCGCGATCTGCCGAAGGTGCAATACGATCTGATAGTGACCAATCCGCCGTACGTCGATGAAGAAGATATGTCCGACCTGCCTGGTGAATATCGCCATGAACCGGTCCTGGGGCTGGCTTCCGGTAGCGATGGCCTGAAGTTAACCCGCCGGATCCTGGCCTGCGCGCCGGATTATCTCAGCGATGACGGTATCCTGATTTGTGAAGTCGGTAACAGCATGGTACATCTGATGGAGCAATATCCTGACGTGCCATTTACCTGGCTGGAATTTGAAAACGGCGGCGATGGCGTCTTTATGCTGACTAAACCGCAGTTGATTGCCGCCCGCGCGCATTTCGGTATTTATAAAGACTAAAACAACACGCAAACATAACGACAAAAACGGAGCCGTGATGGCAGGAAACACAATTGGACAACTCTTTCGCGTCACGACGTTCGGCGAGTCGCATGGCCTGGCGCTGGGCTGCATCGTTGACGGCGTGCCGCCAGGCATTCCGCTAACCGAAGCCGATCTCCAGCACGATCTCGATCGCCGTCGTCCGGGAACCTCACGCTATACCACCCAGCGCCGCGAGCCGGACCAGGTGAAGATCCTCTCCGGCGTATTCGAGGGGGTGACCACCGGGACCAGCATTGGCCTGCTGATTGAGAATACCGACCAGCGTTCTCAGGACTACGGCGCCATTAAGGACGTTTTCCGCCCTGGACACGCTGACTACACCTACGAGCAGAAATATGGCCTGCGCGACTATCGCGGCGGCGGTCGTTCCTCTGCGCGTGAAACCGCCATGCGCGTGGCCGCAGGGGCGATTGCCAAGAAATTCCTCGCCGCGAAATTTGGTATTGTGATTCGCGGTTGCCTGACCCAGATGGGCGATATTCCGCTGGCGATAAAAGCGTGGGATCAGGTAGAGCAGAACCCGTTCTTCTGCCCGGATCCGGACAAAATCGAAGCGCTTGATGAACTGATGCGCGGCCTGAAAAAAGAGGGCGACTCCATCGGGGCGAAGGTCACCGTGGTGGCCGATGGCGTACCGCCGGGACTGGGCGAGCCGGTATTCGACCGTCTGGATGCCGATATCGCGCACGCGCTGATGAGCATCAATGCGGTGAAGGGCGTGGAAATTGGCGATGGTTTTGAGGTGGTGAAGCTGCGCGGCAGCGAAAACCGCGATGAAATTACCAAAGCGGGCTTCCAGAGCAACCACGCGGGCGGCATTCTCGGCGGCATCAGCAGCGGTCAGCAGATCGTGGCGAATATCGCGCTGAAGCCGACCTCCAGCATCACCGTCCCGGGTCACACGATCAATCGCTTTGGCGAAGAAGTTGAGATGATCACCAAAGGGCGTCACGATCCTTGCGTCGGTATTCGCGCGGTACCTATTGCCGAAGCGATGCTGGCGATCGTATTAATGGATCACTTTATGCGTCAGCGCGCGCAAAACGGCGACGTGACGACATCAATTCCACGCTGGTAATAGATGAAAAAAACCGTTATCGCACTGCTGGCGCTCCTTGCCAGCGGTACCAGCCTGGCGGCAACGCCGTGGCAGAAAATCACGCAGCCCGTTAGCGGCAGCCCGCAGTCCATTGGCGCGTTTGCCAATGGCTGTATCGTTGGCGCGCAGGCACTGCCGTTAAACGCCACCAGCTATCAGGTGATGCGTACCGATCAAAACCGCTACTTCGGCCATCCGGACCTCGTGCAGTTTATTCAACGTCTGAGCAATCAGGCGCACAATAAAGGCATGGGAACGGTGCTGATTGGCGACATGGGGATGCCGGCCGGGGGACGCTTTAACGGCGGCCACGCCAGCCATCAGTCCGGACTGGACGTCGATATTTTTCTTCAGCTGCCGCAGGCGCGCTGGAGTTCAGCTCAGCTGCTGAAGCCGCAGGCGCTGGACCTGGTGGCCCGCGA
NZ_CP180159.1_gap35	1568366	1572748	4382	GGGCTACCGGCTTTGTGATGCTGGCCGGGCAATTTATCGGCGCCCGCGCGGGATCGCGGCTGGTGCTGAGCAAAGGACAGTCACTGATTCGACCGATGATCGTCGTGGTGTCGGCGGTGATGAGTGCAAAACTGCTTTATGACAGCCATGGACAGGAGTTCCTCCAGTGGCTGGGGATGAACTAATGAACAGCACGCATAAATATGAACAGCTGATTGAAATTTTCGACGGCTGTTTTGCTGAAGATTTTAATACCCGTCTGATTAAAGGCGATGACGAACCGATCTATCTTCCGGCAGATGATGACGTGCCTTACAACCGTATCGTCTTTGCCCACGGCTTTTACGCCAGCGGACTGCACGAGATATCGCACTGGTGCATTGCCGGGAAGGCGCGACGTGAGCTGGTAGATTTCGGTTACTGGTACTGCCCGGACGGTCGCGACGCGATGACCCAGTCTCAATTTGAAGACGTTGAGGTGAAGCCTCAGGCGTTTGACTGGCTGTTTTGCGTGGCGGCGGGATATCCATTTAACGTCAGCTGCGACAACCTGGAAGGGGATTTTGAGCCTGACCGCATCGCTTTTCAGCGGCGTGTGCATGCCCAGGTGATGACCTATCTGGAGCAGGGGATCCCCGAGCGTCCCGCGCGTTTCATTAAGGCGCTGCAAGAATATTATCAAACGCCGCCCTTAGCGGCAGAACAGTTTCCGTGGCCGGAAGACCTGCACTAAAGCCACGCTTTACATACTATGAGGAAAGAAGATGATCGCGGAGTTTGAATCACGCATTCTGGCGTTAATTGATAATATGGTCGACCACGCCAGTGATGACGAACTGTTTGCCGGCGGTTATCTGCGCGGCCACCTGACGCTGGCGGTGGCCGAGTTGGAAGGAGAGGGCGAGCATACTACGCAAGCGGTACATGACAAAGTAGCCCAGAGCCTGGAAAAAGCCATCAGCGCGGGCGAACTGTCGCCGCCGGATCAGATTCTGGTGCAGGAAATGTGGAACAGTCTGTATCAGAAGGCGATGCAGAAATAGTCCTGCTCTCCGCCAAAGCCCGGCGATCGCTCCGCCGGGCCCGTTTTCCCTCGATTATTTCACCGCTTTCCCTTTCAGCAGCTTTCTGACCCATAGCCGGTTAGGGTTCAGTGCCGCCAGCGTTTCTTTATCCATAGGTAATGGCTCATTGCTCATTTGCGACGCCAGAATTTCAGCCGCCAGCGGCGCGGAGCACAGGCCGCGTGAACCCAGCGCGCCCAGCATATACAGGTTGCGGTAAACCGGCGCTTCTCCGGCCTGCTCCTGACGTTCAGCCAGCGAGGCATATTCGCGTAAGGTGGCCTCATAATCAGGCACGCTGCCGACCATCGGCAAATGATCGCGGGTTGCGCAGCGCACGCCGCTGCGGGCCTGATTAGCGCTCACGTCTACCTCCCGCGTCCATTCCGCCTGCGGGAAACAGTCAATCAGGCGCTGGCGATTCTGCTGCTGATCCTCGGCGCTAAACGCGGCCTCTGCCTGTCCGCGGTGGTAGCTTGCGCCAATGCAGTGTTGCTGATTATGCGGGTTTTGCGGCGTCAGGTAGCCGTTGTAGCACAGGACCTGGCGCAATTTCGATAGCCCTGGCGTCGTCGGAATATGGCTAACCTGACCGGCAACCGGGTACATGGGAAGATGCTCCGTCTGGCTAAAGCGGGTCAGCTGATGGCCGTTGGCCAGCACCACGACCTCGTGGTACTGCCGCTGGTTTAATTGCCAGCCGTTGTTGTCTGCGCTGAGCTCCGTGACCGGATAATCGTAGCGCACGCGCAATCCGCGAGTAGCGGCGAGGGCCAACAGTTCAGCGGTTAACTGCTGCGGACAAAGCCAGCCGCCGGCAGGATAGGCGATGCCCCCGCAGCCGGTTTCCACACCGGTTTGTTGCGCAGTGGTTCGGGGGTCCACGGCGACGGCGATTTCCGGCGGCAGGTTAAGCGCAATCATCTGGGCGATTTTCTGCGCGCTTTTCGTATCCCAGCCCAGCTGCGTCACGCCGCACCAGTCATGATCGAACATCACCGGCAGAGCGTCATACAGGCGGCGGGCGAAAGTAAATGCCGCTGGGAAGAAGCGGGCCAGGGCGGGATCGTGCTGGCTGAGCAGCGGATAGAGCGCGCCCTGGCGGTTTCCGGATGCGCCTTCAGCCGGCGCGCTGTCGGCGCAGTATAACGTTACCTGCCATCCGCGGCGCAGCAGCGCCAGCGCGAGCAGGGCGCTGGCGATCCCCCCGCCGATAATCGCGGCATCGCGCTGTTCCGTACCGCAGCGGGTAAACCACGGCGCGCGCGCGGGGATCTCCGGTATTTCACGCATTTCGCCGGTCAGCATTTCGCGCTTGCGGCCAAAACCCTTGCGCTTCTGCATGCTGAAACCGGCCTCCTGCAGGCCGCGGCGGACAAAGCCGGCGGAGGTGAAGGTGGCCAGAGTACCGCCGGGTCTTGCCAGACGAGCCATCGCCGCAAACAGCTCCGCCGTCCACATGTCCGGGTTTTTGGCCGGGGCAAAGCCATCAAGAAACCAGGCGTCTACCTGCTGATTAAGCGAATCATCGAGCTCGTTAGTCAGTTCATTAATATCGCCAAACCACAAATCCAGCGTGACCCGCCCTTCATCCAGCAGCAGACGATGGCAGCCCGCGATGGGCAGAGGCCACTGCGCCTGCAGCTGCTCGGCCCAGGTTGCAAGCTCCGGCCAGCGCTGGTGGGCAAGGCGCAGGTCCTCCGCTTTCAGCGGAAATTTTTCGAAACTGATGAAATGTAATCTTTGCAGGGTAGCTTCTGGATTATCGCGGTGAAAAACGTCAAACGCCTGCCACAGCGTGAGGAAATTCAGGCCGGTACCGAACCCGCTTTCGGCAACCACAAAGAACGGGCGTGCATGCTCAGGGAAGCGTTCCTTGAGCTGGTTTCCGTCGAGGAAAACGTAGCGCGTCTCTTCCAGACCGTTGTCATTGGAAAAGTAGACATCGTCAAAATCTCGGGAAACAGGTGTACCCTCAGCGTTGAATTCCAGGTTGGCGGGTTGTATGGCGTTTTGTTTCACGTAAGTTACTCGAATCACAAGGCGTAGAACGATCTTAACGATGTGTGCCGGAGGGCGCAAATTTATACACAAATTGGCTGATCGGACTTGTTCGGCGTACAAGTGTACGCTATTGTGCGACTCGAAACTTAATATAGTGCGACTTACAGAGGTATTGAATGAAACGTGCAGTGATTACTGGCCTGGGCATCGTTTCCAGTATTGGTAATAACCAGCAGGAAGTCCTGGCATCTCTGCGTGAAGGACGCTCCGGGATCACTTTCTCTGAAGAGTTTAAAGATTCAGGAATGCGCAGCCACGTATGGGGCAACGTCAAACTGGACACCGCCGGCTTGATTGACCGTAAAGTGGTTCGTTTCATGAACGATGCCTCTATCTATTCCTATCTTTCCATGCAGCAGGCAATTGAAGATGCTGGCCTGAAAGATGAAGTCTATCAGCAAAACCCGCGCGTGGGCCTGATTGCCGGTTCTGGCGGTTCTTCTAAATCTCAGGTTTTCGGCGCTGATGCAATGCGCAGCCCGCGCGGTCTGAAAGCGGTTGGCCCCTACGTGGTGACCAAAGCGATGGCGTCCGCGGTATCCGCTTGCCTTGCAACACCGTTCAAAATCTACGGCGTGAACTACTCCATCAGCTCTGCCTGTGCGACTTCCGCACACTGCATCGGTAACGCTGTTGAACAAATCCAGCTGGGCAAACAGGACATCGTGTTTGCCGGCGGCGGCGAAGAGCTGTGCTGGGAAATGGCGTGTGAATTCGACGCGATGGGCGCGCTGTCTACCAAATACAACGAAACGCCAGAAAAAGCGTCTCGTACCTATGACACCCACCGTGATGGATTCGTTATCGCGGGCGGCGGCGGTATGGTGGTGGTTGAAGAGCTGGAACATGCTCTGGCGCGCGGCGCGCACATCTATGCTGAAATCGTTGGCTACGGCGCAACATCCGATGGCGCAGATATGGTTGCCCCGTCAGGTGAAGGCGCGGTTCGCTGCATGAAGATGGCGATGGACGGCGTTGACACGCCGATTGACTATCTGAACTCCCACGGTACTTCTACTCCGGTAGGCGATGTGAAGGAGCTGGGGGCGATTCGTGAAGTCTTCGGTGATAACAGCCCGGCGATCTCCGCGACCAAAGCGATGACCGGCCACTCCCTGGGCGCCGCTGGCGTACAGGAAGCTATCTACTCCCTGCTGATGCTGGAACACGGCTTTATTGCGCCGAGCATCAACATTGAAGAGATGGACGAGCAGGCAGCCGGCCTGAATATCGTGACCGAGCCGACCGAACGCG
NZ_CP180159.1_gap36	1769772	1770457	685	GTGGAAGTGTGCGGAAACCGTCGCCCGGCACCTGCAAAAGAGCTACCAGCGGCCGCTGACGACGGAAGAAATTATGTTTCTCGCTATTCATATTGAGCGGGTGAGAAAAGAGGGACGCTAAGCGCCGATCGGGCCTGGCGCATAGCTCCCGCGCTACAACTGGATTGTTACTGCATTACGCAGGCAAAACCTGAGCGCAACGTCTACACGGCGTTGTTCTCGGGTTTTTTTATTTTTAATACTCAGTTAACGATGCCTGCGGGCAGCGGAAGTAAGGAAAAACAGCATGGAATATAAAGCACTCGCGCAGGATATTCTCAGCCGGGTTGGTGGCAAAGAGAATATTGTGAGTCTGGTTCACTGCGCAACGCGGCTGCGTTTTAAGCTCAAAGATAGCAAGAAGGCGGATGCCGAAGGACTGAAGGCGAATCCTGGCATCATCATGGTGGTGGAAAGCGGCGGCCAGTTTCAGGTGGTCATCGGTAATCACGTGCACGATGTCTGGCTGGCGGTGCGCGGCGAAGCCGGCCTGACGGATGACAGCGAGCCGGTGGCGGTAAAAGGCGAAAAAGTGTCGATTATCGGCCAGCTTATCGACATTGTTTCCGGTATTTTCACTCCGTTTATCGGCGTCCTGGCGGCCTCGGGGATCCTCAAAGGCTTGCTGGCGCTGGCGGTGGTTTGC
NZ_CP180159.1_gap37	1790172	1794349	4177	TGGCCCGTGAAAACCTGCGTATTTTGCTGGAGACCCAGCCTGATATTGAGATCGTTGGCGAATGCGGGAATGCCGTCGAGGCGATTGGCGCGGTACATAAGCTGCGCCCGGACGTGCTGTTTCTGGATATCCAGATGCCGCGCATCAGCGGTCTGGAGATGGTCGGCATGCTCGATCCGCAGCATCGACCCTATATCGTCTTCCTTACCGCGTTTGACGAGTACGCGGTGAAGGCCTTTGAAGAGCACGCGTTTGATTATTTACTGAAGCCGATTGAGTCCGCCCGGCTGGAAAAAACGCTCTTTCGCCTGCGCCAGGAGCGCAGCCTGCAGGATATGACCGTGCTCGACGATACCCAGCAGGCGCTAAAGTATATTCCCTGCACCGGACACAGCCGGATCTGGCTTCTGCAGATGGAAGATGTGGCCTTCGTCAGCAGCCGGATGAGCGGGATTTACGTGACCGACCGCGAAGGGAAGGAGGGCTTTACCGAGCTCACCCTGCGCACGCTCGAGAGCCGAACGCCGCTGCTGCGCTGCCATCGTCAGTACCTGGTCAACATGTCCCATCTTAAGGAGATCCGCTTTGAGGAGAACGGCCAGGCGGAGCTGCTGATGCGCGCCGGGCAAACGGTGCCGGTCAGCCGCCGCTACCTGAAGAGCCTGAAAGAGGCGATTGGGCTGTAAAACGGCGGAATCGTGATAGACTTAGCGGCAGATTTTTTCATCATGAAGGCAATATGATCAGTAACGATATTCTCCGTAGCCTGCGCTACACCCTGAAAACCAATAACAGCGGCCTGGTTCGTATTTTTGCCCTGGCGGATGCGCCGGTCAGCGCGGAACAGTTGGTTCCCTGGCTGAAAAAAGAAGACGAAGAGGGGTTTGTGCGCTGCCCGGATATCGTGCTGTCGAATTTCCTCAACGGCCTGATTTACGACAAACGCGGTAAAGATGCGTCCGCGCCTCCGCTGGCGGTCGAACGCCGGGTGAATAATAACATCGTGCTGAAAAAGCTGCGCATTGCCTTCTCCCTGAAGACGGATGATATTCTCGCTATCCTCACCCAGCAGAAATTCCGCGTCTCCATGCCGGAAATCACCGCCATGATGCGCGCCCCGGATCATAAAAATTTCCGCGAATGCGGCGACCAGTTCCTGCGCTACTTTCTGCGCGGACTGACCGAGCGCGAACACGCGAAATCCTGATATGCCCCCCCGGCTTGCGGCGTAAACGCCTGAGCCGGGCTGCTGAATGCACGGCTCCGTAGCCCGGCGCAGCGCAGTGCAAGCCGGGAGTACTCCGCACCAGTCAGGGCTGTTTCACTTCTTTAAAACCCTGCGATTTCAGCAACTTCTCCGATTCGCTCAGCGAAATGAACTTTTGTGAACAGTCGGAAAAACTGGCCCCCGGCAAGTGACACAGCTCGCTGATTTTAGCCTGATTAAAGTCGATGGAGAGGTGTTCCTGCGCGACGTTCTCTTTATAGTCGACGCTGTGGGTAACGCCTTTGATTTTGCTGTAGGCCTCGCCGATAGGGTCGATGACCTTGCGCGCCTGCTCTTCGTTACTTACCCCGAGCGATTGATAGGGGATAGTATTCTCCGCGTCCTGGCGGGTGACGACATCGCCTTTGTAGTGATAGGTGTAGGTCAGATCAACGCCGTTGATCGTATTGTTAAACGTTTTGACCTCATCTTTGTTGTTATCGCAGCCGACAAGCGCGGCCATCAATAGCGTGGCGCCCAGAGCGGCGGTCATCCTGCGGTTAAATTTCATTATCATTCCTTGTTAATCAATCATCATCTCTAATTGTATACAGAATTGGGCGATGGTGCCGGGCGTATCCTCGGAAGTGGCCGTTTCGCGCTTATGCCAGCGTTTTCTTCTTTCTGCGCCAGCATCCGGCGGACGATATCGTCGACAATATCCTGGCGCTCTAAAAAAAAAGCGCTGCCGGAGCAGCGCTTTATACAGCCTTACTTGACCTGCTGGCCCGGCTGAGCCCCGCTGTCCGGGCTGAGCAGGAAGATATCTTTTCCGCCAGGACCTGCGGCCATCACCATGCCTTCAGAGATGCCGAAGCGCATTTTGCGCGGCGCCAGGTTAGCGACCATCACCGTCAGGCGGCCAATCAGCGCCTGCGGATCCGGGTAGGCGGAGCGGATGCCGGAGAAGACGTTACGCTTCTCGCCGCCGAGATCCAGCGTCAGGCGCAGCAGCTTATCGGAACCGTCGACGAACTCGGCGTTTTCAATCAGCGCGATGCGCATATCCACTTTGGCGAAATCGTCAAAGGTGATAGTTTCCTGAATCGGATCGTCCGCCAGCGGACCGGTGACCGGCGCTGACAGCGCTTTCACTTCTTCTTTCGACGCCTCGACCAGCGCCTCAACCTGCTTCATTTCGATGCGGTTATACAGCGCTTTAAAGGCGTTAACCTTGTGACCGAGCAGCGGCTGCTGGATAGCATCCCAGCTCAGTTCGCCGTTGAGGAACGCTTCGGCGCGGGCGGCCAGCTGCGGCAGAACCGGCTTCAGCCAGGTCATCAGCACGCGGAACATATTCAGGCCCATGGTGCAGATGGCCTGCAGATCGGCGTCGCGGCCTTCCTGTTTGGCGACCACCCACGGCGCCTGCTCGTCAACGTAGCGGTTTGCCACGTCGGCCAGCGCCATGATTTCGCGGATGGCTTTCCCGAACTCGCGGCTGTCCCACGCATCGCCAATGCTTGCTGCCGCATCGGTGAAGGTTTTATACAGCTGAGGATCGGCCAGCTCGGCGGACAGCATGCCGTCGAAACGCTTGTTGATGAAACCGGCGTTACGCGAGGCAAGGTTAACCACCTTGTTGACGATATCGGCGTTGACGCGCTGCACGAAGTCTTCCAGGTTCAGGTCGATATCATCGATACGCGACGAGAGCTTGGCGGTGTAGTAGTAGCGCAGGCTGTCGGCGTCAAAATGATTCAGCCAGGTGCTGGCCTTAATAAAGGTACCGCGCGACTTGGACATCTTGGCGCCGTTGACCGTCACGTAGCCGTGAACGAACAGGTTGGTCGGTTTGCGGAAGCCGCTGCCTTCCAGCATCGCCGGCCAGAACAGGCTGTGGAAGTAAACGATGTCTTTGCCGATAAAGTGGTACAGCTCGGCGGTAGAGTCTTTCTTCCAGTACTCGTCGAAGCTGGTGGCGTCGCCGCGCTTGTCGCACAGGTTCTTAAAGGAGCCCATGTAGCCGATCGGCGCATCCAGCCAGACGTAGAAGTATTTACCCGGCGCGTTCGGGATTTCGAAGCCGAAGTACGGGGCATCGCGGGAGATATCCCACTGCTGCAGGCCGGACTCGAACCACTCCTGCATTTTATTCGCCACCTGCTCCTGCAGCGCGCCGCTGCGGGTCCACGCCTGCAGCATTTCGCTGAACGACGGCAGGTCGAAGAAGAAGTGCTCAGACTCGCGCATCACCGGCGTCGCGCCGGATACCACCGATTTCGGTTCGATAAGCTCGGTCGGGCTGTAGGTCGCGCCGCACACTTCGCAGTTATCGCCGTACTGATCCGGTGATTTACACTTCGGACAGGTGCCTTTCACAAAGCGGTCCGGCAGGAACATGCCTTTTTCCGGATCGTAAAGCTGAGAGATGGTGCGGTTTTTGATAAAACCGTTCTCTTTCAGGCGCGTGTAGATAAGCTCCGACAGCTCGCGGTTTTCATCGCTGTGCGTGGAGTGGTAGTTGTCGTAGCTGATGTCGAAGCCAGCAAAATCGGTCTGATGCTCCTGACTCATTTCGCCAATCATCTGCTCCGGAGTAATTCCGAGCTGCTGCGCTTTCAGCATGATCGGGGTGCCGTGGGCGTCGTCGGCGCAGATGAAGTTGACTTCGTGGCCGCGCATTCGCTGGTAACGGACCCAGACATCAGCCTGGATGTGCTCCAGCATGTGGCCGAGGTGGATTGAGCCGTTTGCGTACGGCAGCGCGCACGTTACCAGAATTTTCTTCGCGACTTGAGTCATAGTGGGCATTACATCTTCTATTGTAAAAAGGGGTTTTGATGTTACCGCAAAGGCAATAATTTGGTAAGCCCAAAGCTTATGGTGGGGGAATTATTCCCTTTAAGGTAAACTTAACGCACAAGATTCAACTCACAATAACAAAGGAGTCGGGATGAGTTCGCAATC
NZ_CP180159.1_gap38	1867093	1867650	557	ACCGGGGAGATCGAAATGAAAATACGCCTTGCCGCATTACTGGCCTGTATGGCGCTCAGCGCGCCGCTGGCCGCCCAGCAGTTTGACACCATCAGCTTTGGCGTCGATGGCGGCTATCCGCCGTTTGACGTGCTGGCGCCCAGCGGTGAAATTACCGGCTTTGATATTGATATCGCCAATGCGCTGTGCACCCAGCTAAAAGCCAAATGCGTTTTCGTGAAGCAGCCGTTCGAAAGCATGATCGCCGCCCTCAACGCGCATAAGTTCGATGCCATTATCGCTTCGCTCAATATTACCGATGAGCGTAAAAAGGAAGTGGATTTCACCGACCGCTACTACCGCAGCGCGGCGCAGCTGGTGGCGCGCAAAGGCAGCCCGCTGTTGCCGGCTGCCGGCAGCCTGAAAGGCAAAACCGTCGGCGTCCAGACCGGCTCCACCCATGAAGCGTTTGCGAAGGCCAACTGGGCCAACCACGGCGTGAAAATTGTCGGTTACGCTAACCAGGATAACGTCTATCTCGACCTGCTCTCCGGGCGCATCGACGCTGCATTGCAGGA
NZ_CP180159.1_gap39	1984884	1986914	2030	AGATGGTCCTTATTGTCGGGTTACCTCAGTGAGAGAGATGCTAACCCGTGCTGAATCCGGCAAAAACCGCTATATTTGAACTCATTGTTTTTATCTGTGAACAATTGCTATGCGCGAGATCCGCCCGGAAATTTACTGGACCCACCTGTACTGGCTTACGGTGCTGGAGGAGCAAAAAAGCTATACCCGCGCCGCGGAAAAGCTGGCGGTCAGCAAATCCGCCATCAGCCAGAAAATCAGCGAGCTGGAGCGGGTTACCGGTAAGACGCTGGTGCACCGAACCACCCGCAGCGTGACCTTAAGCGAAGATGGTCTGCGGCTGGTGGCGGAGCTGAACGAGCCGTTTGGGCAGATTCGCGAGATCTTTACCGGCACCTGCGACGAGGAAGGTGGTCCCCTGCGCGGTACGCTGCGCCTGACCGCGCCGGTCGCATTTTCACGTCAGCAGCTGGTCCCGGCCATCACCCCTTTTCTGCACCAGCATCCGCAGCTTCATCTCCAGCTGGAGGTGACCGACCGACTGGTGTCGCTCGCCAGCGAGGGGTTCGACCTTGCTATTCGCCACTGTCGCCGCGAGCTGCTGCCGGAGACGCACGTGGCCTGGCCGCTGTGCCGTACGGCTACCCTGGTGGTCGCCTCGGCGGACTATATTCGCCGCTTTGGTCGCCCCGATTCGCCTGACGCGTTGCGTCAGCATCAATGCCTCACCTACCCGCGCGGGCCGCAAAGCCCGCACTGGACCTTTGAGCGGGACGACGAGCGGGTGAGCGTGAAGGTGCAGGGGCCGTTTGCCACCAATAACAGCGAATCCCTGCGCGACGCGGTGCTGGCAGGACTGGGCGTTGCCTTACTGCCGGATTTTAGCGCCAGGGAGGCGATTGGCCGCGGGCTGGTTCAGGAGCTGCTGCCGGGATGGCGGCCGGTGGATGCGTTTGCGGAAAGTCTGTACGTCATTCGCCCCTACACGCCGCGCGTATCGCGGGCGGTAGAGACGTTTAGCCGCTATCTGAAGGCGACTTTCAGCTGATATTATCCAGCTGCTGCGCCAGCGCCTCGCGAAAGCGGGGCAGCAAATCGGCGCCTTCTGAAACCAGCTCCGCCAGGGTCACGGTTTTATCGGCGCGGTATTCCCGCCCGCTGCCAAGCCGGGCTTCGAAATCATTGGCCGCCCGGTGAGCCGCTACCAGGTCGGCATCCAGCAATACCACCGCGTGCGCGAGAACCACATGGCCCCGACCTTCCGCCATCGGTCGCCAGTACTGGGCCGTGCCGGCTATTTTTCGCACCTGCTCGCCTTCGCCGCAGGCCAGATTATAGCGACCATCGCAAAATGAACCGCTGACCGCCCGGCAGTGGCTGGCCACGCCAAAGCTCGCCAGCGTGCGCTGCAACAGGCCGCAGAGGAAAAGATAAATCGGTTCTGCGGCTTCGCCCAGCGAGTGATAGACCGGCCAGGCCAGGCTGAGATTGACAATTCCCGGTCCCTGCGGCACCAGCCCGCCGCCGGAGCGGCGCTGCCAGACCGGCCAACCCTGGCCGGCGAACTGCTCGCTCACCGCCGGGAGTTCGGCAAATTTCCGGTAGCTTCCCGGCACCACAAACCCCTGCGGGGCCTGCCAGAGCTGAGCCACCGCCTCACCGTCGCGCGCCCGGGCAAACAGCGGCTGCTCGGCAAGGGTGGGATCGGCAAAGTAACCAACCGGTAGCTGCTGGTGGCTAAAGCGCAGCGGCCAGCAGGGTTCCTGAATCATGATTTCTCCTTATCGACGCTATTCGCCATGGCGGCTGGGTTTCATCAGCATCGCCGTAAGGGCGGAGAGCAGGCAGCCTGCGGTCAAGTAGATAGCGACGCTATGCCAGGCGCCGCCGGATAAGGTGACCAGGGCGGCGGCGATAAACGGCGTAAAACCGCCGCCGACAACGCTGGCAACCTGATACCCCACGCCGGCCCCGCTGTAGCGATAGCTGGCACCAAACATTTCGGTAAACATCGGCTGCTGAACGCAAACCACCATATCGTGCGCAATATT
NZ_CP180159.1_gap40	1991229	1992673	1444	CCCTGACATTCTGATAGAGGGATAGGTAATATGATGAACAGCGAAAATAAAGGCTATTCGTTAGCGGTGATCAACGGGAATAATAAAGATAAAAAAGAAAAAGTGTATCTTAAGCCGATGGCCCTGTATGTCCCTGATATCGCCACCCAGGCCGTGGCTGAGCTTATTTCCACGCTGTCGGTGGAAAACGCCGGAGGAAAGGGATTTATATTGACGGTGACCAACAATAATAACGGCGTCTCGGTCGATAGCGAGTTTCCTTCTCTGGCTGAGCTGCAGGATCCGCAGACGGCGGCCGATGCGGTAAAAGATCTGATTAATATTGTCCGCGGCTACGAGTCCGACGAAGAGACTAACGTCTGCGGCTGGTAATCGTTTGCCGACGCAGAATCGTCAGCTGCCGTCTATCGTCAGCTGACGCTGGACGGCTCTCGGTGGCCTGCGTCAGCCGTATCCCGCGGTATTTAGCGGCGCGTAATATGTTTAACATTGTATTTGTTGGTATTCTGGTAAATATCGGATAAATCAACAATGGTATTGTTATGGGCATAGCTGATCGACTGCACCCGTAGTAGCAGGCTGTTTGGTGGAACCTGTAAGAGCTCTGCTTGCTCCCGGGTGGCCAGAACCGGGGTATAGCTGCGGTGGCTCTCCAGGATGGTGATATTGCACTCTTTCTTGAAATAGTTAAATTTCGATCTTTCCAGATTTCCAACGCTTAGCCAGGGAAAAATCGCCACCGGTATATAGCTGTTCTCAATCAGAATAGGTACGTCGTCAATCATCCGAATGCGTCTGACGTAATAGACCTTCTCTCCCGGCTCAATTTTCAACTGTTGTGCGATAGCCAAAGGCGCATCGATCATCGTGAACTCAATGACCTTATTGCGATAGTTGGTGACGCCGCCGATGTGCATCTGGTAGTTGAAGCCGTCAAGTTCCCCGCCGCGATAATTGCTCTTACGCGCCACGTATGAACCGCTGCCGTGGCGTTTAACGATCAGCTTCTCACTTTCCAGCAGCGTGAGCGCCTTACGCAGAGTCATGACGGAGACCTGCAGCTCCCCGGCCAGCGCTTTTTCACTCGGTAGCGCATCTCCCACCTCGAATTCATCGCTATTGATGCGATTTTTTAGCCTGTCTGCGATTGTTTTATATATCACTTATAGATTTCTCGTGGTGTGTTATGCCATCGGGTTATTATTTTAACTTATTAATAATTAAATATTTTTTATCATTCTTTGTTGTTGTGGTGTCTCTCTCATCTATTTATTTGCTTTTACTTATATATCTGTTGCCTCAAGAGAGATATGACTTTCATCACAGATGACGATTTCACCGCTCTGAATTATGTCTGCCGGCGCATAGGCTGAAACGCATGTATCGGGCGCTGACGGCCGATGTGTGGGACAGGGGGTGAGGATGATCGGGGTAAAAAAATTAC
NZ_CP180159.1_gap41	2000697	2004369	3672	TTGACCGATACCTGGGCCGTGCCGCGGGCAATCCCGTGAATGACCGGGGCGAACCCCTTCTGGCTGTCCGGCAGCATATTGTCGTCGGAAGCGAGCTGCGCGCCGCGGAAGTTAATGCCGTCAAAGACGTCGCCGTTGGTGTAGCTGTCGCCCAGCGTGAGGCGCGAACGCAGTAGCGTAATATCACGCTCAAGCCACGAGTTGATATGCTGCCATTTGTTTTCATTGGTCGTCGAACTGCCGCTGCTGCTGTAGCTCCATGTGGTGTTGTCGCGCAGGCGCCAGGCACCCAGATTCAGCCCGCTCTGCAGGTTCAGGTACGCGTAGTTGCTGCTGCCGCCGACGTCGTTGTGCACGTTGTTGCCGGTGAAGTTGTAGTTCAGTAGCCCGGCGTTAATTCCGTGGTCCCAGAGCTCAGGCGGAATATAGCCGCGGGCGCGGTTGCCCATAAACGCCTGGGGTACGGTCAGATACAGCCGCTGCTGCCCGGCATCAAAGCGGGTGGTGGCGTCTTTGATCATCTCGGTTAGCGGTACGCAGGCATCCGCCGCCAGCACGTCGATTCCGGCAATGGCCGCGGTATTCACGCCCATGCTGGCCAGCTGTCCGCGCGTCAGGCAGGGGGCCAGCCCGTGGCCCTTTTCAGCGGCATTAAAGGTGATATCGCGGGTGGTCATATACCCGTCATTCAGGTAGATATCCGCGCGATAGGTACCCGGCGGCAGCTCCTGGCCCTTTTCAAAACCGGACAGATCCGCCACGGCGGCGGGATCGTCCGCCAGAAAGCGTGGGTTGAAATAGAGCTCCGCCTGCGCGTAAAAAGCCGGTGAGGAAAGTATAAGGGCAAGGGGGATCTGCGCGAATACGCGAGCAGATCCTGGAGCCATACGCCGGGAGCCCAAGTGGTAGAGTCCATATTTCAGATGTGACATAGTCCCTCCGGTCCAAAGTCGCCCGGCCATCGTTATTTTTTTCGTTCAGGGGGAGAGCGCTGCTCCCCGGTCAGTTACTGCATGACGCCTTTCATACGCGGGGTGAGTGCGCCGTAGTCATTAATCGTCCGGTATGTAATCTCGCGACCGGCATCGGACGGTAAACTGACACTGGCTTCGCCCATCGGCGGGACCAGCGCATTTTTCAGCACCCGGGTTCCGGCGTTGAGCTCGGTGACCGTCTGGTAATAAGGGGTTGGGTTAATCAGCGTGAGTGAGCTTCCGCTGCGGCGGAACTTTAGCTTTTCCGCGGCCTGATCCGGCGGTAGCGCCAGTTTGGCCGGGCGGTAATAAAGCTTGATACGGCTGATAATCGCCAGCTGTAGCGTGTTTTCGCTGAGCTTTGATTTATCCATCGATGGGATTGCTTTGACGTTCATCCAGAACAGCGTTTCCCGGTCCTGCGGCAGCTGGCCGTTGGTGGCATCGAGAATGCGCAGAGTATTCTCTTTCTTCCCCTGCATGGCGAACAGCGGCGGGGTAATGACAAAACTCCCGTCTTTCGCACCATCGGCGTTCTCTACCCATGACTGGATCAGATAGGTGTTGTCGTCGTTATTGGTCACCGCCAGCTGAGCCTGTTTCTGTCCGGCCGGATAAATCACGCGGGTCGCGCCCAGCGCCACGCCGGCCTGCGCCTGAGCGGTAAAACCGGCGGTGGAGAGCAGCAGGAGTCCTGCCAGTAAACCGCGCATCCCGCGCGTGGTAGCCCGTCTATTTTTCATGCTTATCTCTTTCTTTCTCACGGTGAATTCCTGTTACCGGCGCTGATTACTGGTAGGTCAGGGAGAACCAGGCCTGAGCATTTGCCGCTCCTCCGGTGACCTGATTCCCGGTGGAACGATATTTGGCGACAAAATGCAGCGTCGTTGGCCCCGTGTGCAGCTGCGTCCATGCCCCTGGGGGCGCATTGAGCGGGATCTGACTGCCGGTGTTATCAAACAGGGCAACGCCAATGCCGGTCGCGATCCCCGGTCCCTCGCCAACCGAGAGGACATCCGGATTTTTGCCATCGGCGACGCCGTGAAACGCCACGCCAACGCGCTGGCTTACGGCGGTGCTGCACTCCTGCAGGTGAATATCGAAGGGGACGGGGTTGGTGTCCTCCCCGGCCGAATGAAACCGATTGCTGCTGATTTGCCCCATCTTGACCGTCATCTGGCGATCGCCGACTTCAACGCGGCAGGACTCGGCAATGACTATCCCCTGAAAGCGCATGTTCCCGCCGGGCAGCATGGTGTCCCACTGGTTTCCTGCCAGCGCCAGCGGTGGGAGCAATAAAATCAACAGACCAGACTTCATTCTTTGCATCGTTATCACCCTCACTCTTATTCGGATAACGGGCCATCCTGGCCCGACGCGCTTCCCTGCCTGATGAAAAAATTACTCGTACTGCACTTTAAAGGTGGCGTCAGCGTTAGCGGTACCGGCAGTGGCTGCGGCAGTCGCGTAGTAACGAGCCTGGAACGGGAGAACGTTGGTGCCATCGTTCAGAGTGGTTTGCGCGCCGAAGGCGGCGCCATCCAGCGCCAGCGGAGTACCGGTACGGTCAAGGATCTGTACGCCGACGTTAGTCGCGCCGCCCGCTGCGGAGTTCTGCAGGGCCAGTACCGTTGGGTTGGCGCTGTCAATCGCCGTGCCGGTAAACGCGACGGAGGCTTTGGTGGCGACGGTGGTATCACAATCATTCAGCTGGATATTGAAGCCGACAGCCGTGCTGGTGTCGCCTTTGGCCGCCAGCTTTGCAGAACGAACCTGGCCTAACTGAACGGTCTGATCGATAGAACCAGCATCAACCGCGCAGGCCGCGTTAACCACTTCCCCTTTAAAATGCACCGTACCGCCGTTCACCGTAACGGTATCGGCCAGAGCCGCAGCAGAACTCAGGGACAGTGCTGAAATAACGATAAGTGCTAATTTGTTCATGATAAAACTCCTGTTTATGAATAATCCTGAAGCTATGCTTCACTTAAAAAAACATTTATTGTTGAAAAATAACTTTTGAAACGTAATCCTGTTTTTACAACCTAATTTATTCATCAGGTTGCGGCGATGCGTATAAATAGTCTTAAGTTTCACGCCAAACTCTTCTGCGATCTCCTGGTTGCTTTCCCCTCTGCTTAACATGCTTAACATCTGCTTTTCACGCAGGCTTAGCCGGTACTTTGTATGATAATTTCCTGAGGTTTCTTTCTTTAAAAAGAAATTCAGGATGCTTCTGGTATTACTTTTTTTGTCCAGTACGGTTATTTTTTCAAATAGCTCGGACTTATAAAAAGCTAAGTCGCTGGAGGCGAAGGCAACAATGTTTTTATTTGAAAAATAAATCCACTCCGAACCCGAAAGGTCGTTAGAGTCCAAATCTATAATCAAAAAGAAATTGTCAATAAACTCTACTCCAAGCAGTTCAATCAGGCCCAGAGTGAAATATTTATCCTTGGATAAAATATTAGTTGATAGATTCATGTCTGAACGCGATCTCATCCTTGGGTTGACCTTTAACTCATCGTTAATAAAACCATTCAGCGAATTGAGAGTAATCTAACATCACCCGTCTCAATGAGGCATGCAGCTGAAGCTCTAAAAGATGTAACCACTGCAAAGTTATCATTTTGTGGGTGTTTTGTTTGTGATTTTAATTGTAAATAGCGTTAAAGGTTTATAATTTGTTTTTTTATAG
NZ_CP180159.1_gap42	2073623	2076692	3069	TATCTTATTCAGGTAATTAATGGCGATACGGATGGATAAGGCGGAAAACATGATCGTTAATATTGCCGCAAAAATCGTTTTCAGCCAGTTATCAAACATCGGTTTAAGAAAACCGTACAGCAGGCAGAAAATAAAGAGCGGCGCGGTGGTGGTCATTAACAGGATGGTGATTTCGGCGAGCAGGTTGACAAAGGTGGCTGCCATCAGCAGGACAATAGAGCCGCCCCATACCAGCACTTCGGCAAGGCCGCCATTCAGTTTGACGTAAGTTGATGTGTCTATATTAAATAACTTTTGCCCCAGCGCCTGTGCCTTTCCCCAGACAGTATCGAGCAGCGCCCAGATATTATCATCGCCGCTGACACCGTCTTTGAGTCCCTGGATAGCCGCTACCGCCATATCAAGCCAGCCATCCCGGTTTAACACAAAGGTGGTGATCAGCAACATTCGCCCCACATCCCAGACGACATCTTCAACCGGGGTCCGGAGTTTGCCAGCCAGTGTCTGATAACCGCGATACAGTATAAATAAGGTAAAAGAGCTGACAATGATGACGCTGATCATCGTGCCGTAAGTGGAAGACTGACCTTCCAGTACAGCATTCAGTCCATCCATGATGTTTTTGTCCATACCAACAAAAATACCACCGGACATGGTGCCTCACCTGATATTTAAAGAAAGGAAATAAAAAAACAGGGAGAATTCCCTGTTTTGTTGGAGGAAATATTATTACTATGTCACTGCATTTCGTTTTGCAGCTTCCTGCTGAAATATCGCCTCGAATTTTTCCTTAACCCCGGGCTGGCCTTCCTGTGCAAACATAAGTGCTGCCCGGTGGGCAAATTCGCAGTTATCGCTTGCCTCGCCATCCTTCAGGCATTGCGTATAAACCGCATAAGTTTCGTCAGGATGTTGCTTATACCAGGCTTCGGATTTGGTTTCCTTGCAGCCGGACAGTAATATCACGCCTGAGAGTGTGCATAAGGTGAATAAGGATCTGAGCACGGATAACCTCCTTATAAATTATTAAGGTCAGCAACAGGTGCCGTTAGCTGCTGCTGTTCAAAGGCTTTCTGTCTTTGCTGTTCCAGCAATGTCGTTCGCTGTTCAGCCTGCCTGACAGACATCTCCCACTGATTCGTCAGCGCATTTAACTGTACGCTTTTCGCCGCGATGGCGTTAGCCAGATCCTGAGACTCTTTCGAGTCCTGCGCATTCGATATACGGTCAGATAAGTCTGATATATCGCTGAGTGTGCTGTTAATCCTGTTTTCAACGTCAGTGGTATTCTCAATCGCCATTGCTTGATTGAGGATTATCTGTTTGCAACTGTCGGCCAGGGCCTGATATTTTATTCCTTCCTGTTCCTCGCTGCATACGCTGAACGATTTGTATTTACTGTAAAGGTGTTGCAGTTCATAAGAATATGAACTGTTCTGCGTGGTCAGCAGATCATCCAGTGAAATACCGTTCTTACGGAGATTATCAATATCGGTTTTCAGGCTTCGGGCATCACTGAGAAAACCCTGAATATCCCGCACGCCGGTTGCGGTAGCCAGTTGTTTCTTATAGGCATTAAGTTCGCTTTTATAATGGGTAACCGTACCCTCCCATTGCTGTAGTTTCTGCATCCACTGGTTAATGGATTCGGTATTCTGCACGGCGTCGAAAACCGGTATTCCGGCGCTGAACGCCTGCGCCGAGAAAAATAACAATAATGCCAGACGGTGATTCCTGGAACGCATTGATAGTACCTCAGGTTGGCTTTCAGATTGCCCGGTCAAAAAAAGTATCTTTCCATTCATCAGGTCGCATACCATCCTGATAAATGGCATCGAATATTTTCAGGTTGTCCTCACTGCCGCTGAGAAGCCGGGTGAATTTACCCATCCCGGACAGATCCATTTTCGCCATCGCCACAAACGGGCGGGTTTCCCCGGCCCGCAGCGGTGTTTTCAGGATGACCATATAATGCTCGCCCGGATCCAGGTTCCTGACCGTGTCATAAACACTTTCCGGCACTTTCATTTTCTCCACGTAATCCGCATGGCTGGCTTTCGGGTTGGCGAGGAAAATCTGGGTACCGCACTGCTCAATAATCGCCGGGGCGATGGGGTGTCTGACGATTTCATCCGGTGACTGTGTTGCCGGAACGAAGATACCGTTCAGCTTTCGGATGACTTTCAGCATATTGAGGGAGAAGCGGGAAAATTCGACATCGGCCAGCCAGCGCCAGAACTCATCCATAAACATCACCAGGCGGCGACCATCCAGAAGACTGGTCACACGGTACAGAAGGTAAAAGGTCACGGGGCCGCGAATATCGTCATCATCCAGAAATTCGGTGCCGTCGATACCAAAGTTATCGACATCGCTGATGGTGAAAGTATCGGCCTCGTTATCAAACACCCAGCCGAACTCGCCCCTCTGCGCCCACTGTTTCAGGCGAATACGCAGCCCGTTGGTGCGGGCGTCTGTGGTCGGCGGCTCCGGCAGCACTTCCAGCAGCCGGGTGATCCCGTACCGGCGGTACTCCGGCGGATAGTCCAGCATGATGGTGTCCACGGCGGCACTGATCCGCTCCTCATCGCGCGGATCGAGCGGCTTACCGTTGCGGCGGCACAGCATGCGCACCAGCCGTTTGATGAAACTGATGTTCCGGCGGGTTGGCTCCAGCGCAAACGGGTTGAAGCCGGTGGGCTCGCCGGTATGGATGCGGAAATAACGCCCGCCCGCCTGGCGGATCGCCATCTCCGCCGCCCGGTCCTTATCGAAATACACCGTGGTCAGCCGTTTGATGGTGGCAGAAGGCGCAAACGACGCCGGGTTACGGTACTTCTGCATCAGTTGTTGCATAATGGTCATCAGCAGGGTTTTGCCGGATCCGGTTTTCCCGATAATCGCCGTATTCCCCGGCGTTTTCTCACCGGTGTCATCCCGCCCGGCCTGGCTGTCGTGCAGGTTCAGGTAATACCCGCCACCGCCGGGAGATGTGAGGATGGCGATGGCTTCCCCCCACGGATTACCGCTGCGTTTGTGGGGATGGAAGTTATGCAGGCAGGCTATATC
NZ_CP180159.1_gap43	2084971	2088573	3602	GGGGGCGGATTTGAATCCAGTTCAACATTTGATGCGCAGGTGAAACCGTAATGACTGAAGATAAAGATAAAAACGGCCCACAGGATATGGACAGGGCTCTGGATAACACGAATGCAAAACCGGATAGCGGTGATAAAAAAAAGCATCGCCGTAAATTATTCGCTTTGTTTGGTGGCGTCCTGATTCTTATCGCCATCGGTTATGCCATCTGGCTGATTTTCTTTGCCGGTAAATCCGTCTCAACGGATAACGCCTATACCGCTGCCGAAGTCGCAGACGTCACGCCGCTTGTCGGCGGACCGGTGAAGAAAGTAAATGTGGTCAACACGCAGCTTGTGCATGCCGGTGATGTACTGGTCGTGCTTGATGAGACGGACGCCAGAATTGCGGTGTCACAGGCTGAAGCTGAGCTTGGCAGCGCCCGGCGGAAGGTGATGCAGATTATGGCCAATGACACCGCTCTGAGCGGACAGCTTGATTCGCGTGAAGCAGGTATTCAGAGCGCCGAACATGATGTGGCGAGGGCACGAGCCCGGTTTGATAAGGCCACCCTTGATGAGCGACGTCGCCGGAATCTGGTGAAAGCCGGGGCCGTATCTGAGCAGGATTTTACGGATGCGCAGACAGAATTACGGGAGGCAACGGCCGCGCTGGGAGAAGCGGAAGCCAGTCTGAAAGCTGCTCGCGCTGGCAGTGTCGAAGCAAAAGGATCCCGGCAGGCGAACGAGGCCCTGTTTCTGAACAGTACCGTTGAAACTAACCCCATTGTGGTGGCGGCCAGAACCCGTCTCGATCAGGCCCGTATAAACCTGGCGCGTATGGTTATCCGGGCCCCGGTGGATGGAGTGGTAACACAGCGCTCAGTGGATATCGGGCAGCATGTTCAGGCTGGAAACCGGCTGATGCGGGTTGTGCCCATCGAGGATATTTATGTTGATGCGAATTTCAAGGAAGGTCAGCTCAGCGACGTCAGACCGGGCCAGAAGGTAGAGCTGACTTCAGACCTGTACGGCAGCGGTGTTGTTTATCACGGTGTGGTTCAGGGATTTGACGGAGGCTCCGGTTCCGCGCTTTCACTGATACCGGCGCAGAATGCCACGGGTAACTGGATTAAGGTCGTGCAGCGACTGCCGGTGCGTGTTCGTCTGGAGCGGGAAGAACTGCGTAAAAATCCTCTGCGCATCGGGCTGTCCATGGAAGTGACGGTGGACCTGACATCGAATGCCAGAGATGACCACACGGAGAAATAAGGTATGTCTGGTTCAGCATTTCCACCTCTGTCCGGATTCAAACTGGTTGTTGCGGCAATCGTGCTCTCGCTCGGGAATTTTATGGTGGTACTCGATACCACCATTACTAACGTCGCGATGCCCACAATATCCGGTTACCTGGGCGTGTCGACAACAGAAGGAATCTGGATCATCACCGCCTATGCGGTGGCTGAAGCCATCACGGTGCCGCTGACCGGCTGGCTGGCGATGCAGTTCGGTCAGGTGCGCGTATTCCTTTTTTCTGTTGTTGCATTTGTGATTTTTTCTGTCTGCTGCGGTCTTTCCTGGTCACTACCGAGCCTGGCCATTTTCCGTGTGCTGCAGGGGCTTGCCGGTGGCCCGCTGATCCCGCTTTCTTCCACGTTGCTGCTTGCAGCCTTCCCGAAGAAACAGGCCAACATTGCCGTGGCGCTCTGGGGAATGATGACGGTAGTAGCGCCTATATTCGGTCCGATACTGGGTGGGCTTATCTCGGATAACTGGAGCTGGCAGTGGGTATTTTACATCAATATCGGCTTTGGTCTGATTGTGGGGTTTGGGACCTGGTGGGTGCTGAAGGGGAAAGAAACACATATCAGCCGTTCCCGGCTGGACAGCGTGGGGCTGGGTCTGCTCGTCATCTTTGTGGCAGCCTTTCAGATCATGCTGGATAAAGGACGTGAACTGGACTGGTTTTCCTCGGATATTATCATTGTCTGCGCCATTGTGGCCGCTATTGCCCTGATCTCGCTGATTATCTGGGAGCTCACCGCTGAGCAACCGGTGCTGGATCTGAGCGTATTTAAGTCACGTAACTGGGTGGTATCTACCGTCACGCTCTGTCTGATGTTCGGTATTTTCTTCGGGAATATCGTGCTGACCCCCCTCTGGTTACAGCAATGGATGGGATACACGGCAACCTGGGCCGGGTATGCGACGGGCCCCATGGGGATCCTGGCCGTCCTGAGCTCGCCCATAATTGGTCGTCTGCTGCCGAAGGTCGATCCCCGTCTGCTGGTGAGCTATGGCATGGGGGTACTGGCGGTCTCCTTTGTGATGCGTGCCCTGCTGACGTCGCAGGCTGACTTTATGTCAGTTGCCGTTCCCATGTTCGTTCTGGGGGCCGGAGTTCCCGCCTGCCTTATCACGCTCACCTCGCTGGGCGTGTCCGAACTGCCGCCGGAGAAAGTGGCAGCCGGTTCCGGGCTGCAGAACTTCCTGCGTGTCATGTGCATGGCGGTAGGCTCTTCCCTGACCCAGACCTACTGGGAACATATGACAAAATTTAACCGAGCGGAGCTGGTGACGGCAATCAATCCTGACGTGCCAGGGATTGTCAGCAACACGCTGGGCGCGGCCGGTATTCCGACAGACACGTCAGCGGCTCTGTTTTCGAGAATGATCGACAGTCAGGCCATCATGCTGGCAACGAACGATTTCTATCAGTCGGCCACCGTTCTGATGCTGGGGTCCATAGGCATTATCTGGCTAATCAAAAAACCGAAAGGGCCGCTTCAGAAGATGTCGGGCCATTAAATAACAGGAATGGCGGTAGCGGGAATGAGAAGGGCAGAGTATCTCCCCGTGAAAAGGTTTCATTATTTATTGCCGGTCTGCAAGTCCGTGAAATGAGGTTGTCCCATGCGATATCATAAATATAAGACCATTGTGAAATGCCTGCCGGTAATAACAGGGACGTTATTACTAAGCGGATGTCATGCTGTTTTACTTGATCCCAAAGGGCAAATCGCTATTGAACAACGGGCGCTAATCATTACGGCTTTTTGTCTGATGTTAGTGGTCGTTATTCCCGTGGTTCTGATGGCAGTTGTGTTTACCTGGAAATACCGGACCACGAATACCACGGCGAAATATACGCCTGACTGGTCCCACTCCAATAAAGTGGAGGCGGTGGTCTGGACGGTGCCCGTCCTGATTATTCTGTTTCTGGCCGTGCTGACATGGAAGTCCACCCATGCGCTTGACCCATCCAGGCCACTGACCTCTGCGGTGAAACCCATCGATATCGAAGTCATCTCCCTGGACTGGAAATGGTTGTTTATTTATCCCCAACAGGGCATTGCCACCGTCAATCAGATTGTATTCCCGGTAAATACCCCCTTGAATTTGCGTATTACATCCAATTCCGTGATGAATGGCTTTTTTATTCCGGCACTCGGCAGCCAGATTTATGCGATGCCGGGCATGCAGACCCGGCTGCATCTGATCGCCGGTGAAACGGGAACCTTCAACGGAATCTCGTCCAGTTACAGCGGCAGGGGCTTTTCCGGCATGAAATTTAAAGCGACTGCCGTACCGGATAATACCGCGTTTGAACAGTGGATCGCTGAT
NZ_CP180159.1_gap44	2089723	2092622	2899	TCTGTTCGGTTATACCTCGCTGGTGTGGGCAACGGTCGCCATCACTTTGCTTTCCTTCCTGGTATGGCTGCATCACTTCTTCACCATGGGAGCCGGTGCGAACGTTAACGCCTTCTTCGGGATCATGACGATGATTATCGCTATCCCGACTGGTGTGAAAATCTTCAACTGGTTGTTCACCATGTATCAGGGGCGCATTCAGATGCACTCCGCTATGTTATGGACGGTAGGTTTTATTGTCACCTTTTCTATAGGGGGTATGACCGGCGTCCTGCTGGCCGTGCCGGGAGCTGACTTTGTCCTGCACAACAGCCTGTTCCTGATTGCCCACTTCCATAATGTCATTATCGGCGGAGTGGTGTTCGGCAGTATGGCTGGTGTGTCCTACTGGTTCCCGAAAGCGATGGGGTTCACCCTGAATGAAAAATGGAACAAGAGGGCGTTCTGGTTCTGGATCATCGGATTTTATGTGGCGTTTATGCCGCTCTATGTGCTGGGGTTCATGGGGATGACCCGCCGCTTGAGTCAGAATATTGACCCCCAGTTCCATCCCCTGCTGGTCGTGGCAGCCAGCGGTGCTGCGCTGATAGCCTGCGGGATACTGTGCCAGGTCATTATGTTCTGGGTGTCGGTGCGCGACCGCCACGAAAACCGGGATATGACCGGCGACCCGTGGGGCGGACGGACACTGGAGTGGTCCACCTCTTCCCCGCCGCCATTCTATAACTTTGCTGAAGTGCCTTTTGTCCACGAACGTGATGCGTTCTGGGAAATGAAGGAAAGAGGGGAGGCATACAAGCAACCTGCTAACTATGCCGAAATCCATATGCCGAAAAACAGCGGGGCGGGGCTGATTATTGGTCTGCTCTGCATCGGGTTTGGCTTCGGGGCTATCTGGCATATCTGGTGGCTGGCGGGATTGTCATTCCTCGGGATTATCCTGACCTGGGTTATTAAAAGCTTCGATGAAGATGTGGATTATTACGTACCCGTCGCCGAGATAAAAAAAATCGAGGATCAGCACTTTGCAGAAATAAACAAAGCCGGTGTGACATATGGTAAGTGAAGCCCTGGATTCATCCTTCCGCACCCGTGCTGAGCACGGGCATCAGGGTACAGGTACCAGTAAGGTCTTCGGCTTCTGGATCTACCTGATGAGCGACTGCATTATCTTCGCCACCCAGTTCGCGACTTACGGCGTCATGGTTCATAACATTGCAGGTGGTCCGGCGGGTAAGGATATTTTCGAACCTCCGTTTGTACTGGCGGAAACTGTGCTGCTTCTGTTTAGCTCGATTACCTATGGTTTTGCTGTTATCAGCATGGATAAAGACCGCGAGGGCGGTGTACTTGGATGGCTGACCCTGACATTTCTGTGTGGTCTGGGTTTTATCGGAATGGAAGTCTGGGAGTTCAGTCACCTGACTGCTGAGGGTTTCGGCCCACAGCGCAGTGGCTTCCTGTCAGCGCTGTTTACTCTGGTGGGCACCCATGGTCTGCATGTGACATGTGGACTGATCTGGATGCTGATCCTGATGTATCAGGTTGCCCGACGAGGTCTGTCAGGATTCAGTCGCCCCCGTCTGATATGCCTGAGTCTGTTCTGGCATTTCCTCGATGTCATCTGGATTTGCGTGTTCAGTATTGTTTACCTGATGGGAGCAATGCCATGAGACATTCTGCAGACGCACAGGGCGTAGCTTACGGCAATACGATGTCTTATATAACCGGCTTTCTCCTGTCGGTCATTCTGACGGTGATCCCGTTCTGGCTGGTTATGGACAGTGGTGTTTCCGCAGGGATCATCGCAGGCGGGGTCATGACGTGTGCCGTTGTTCAGGTGCTGGTACATCTGGTGTATTTTCTTCACCTGAATGCTTCTTCTGAAATGCGCTGGAACCTCGTAACCATTGTCTTTTCCGCTGTCATTATCTTTATCATTATTACCGGGTCGTTGTGGATCATGTGGAATCTCAATCATCAGATGATGTGAACAGGGCTTTGGCCTTTCTGTTATTCCTGTCTGCCTCATTGTGGGGGGCTATATATGGACATAAAAAAAATACGGAAGGAAAAGATAAACCGACTTGTGGTGTATGAAATTATGCAATGGATTGATGAGCATCTGGAGGAGCCGCTGAAGGTTGAGGATGTTTCTGCAAAAGCTGGTTATTCAAAATGGCATTTTCAACGGATGTTCAAGGAGGTGGCAGGAATAAGTCTAGGGAAATATATAAAGCTTGAAAAACTAAGACGTGCTTATTTTTTACTGGAGAATACGGATATACCCGTCATAGAGGTGTGCTTTATGCTCGGGTTTACCAGTCAGCAGGTATTTACCCGAGCGATGAGAAATGAAATGCATCATACACCAGGGGCTGTCAGAAGGAATAAACCTGTTCTGAAAAAGAGTTCTGGTATAAAGCGTGATGAGTTATAACCCTCTGTGAATATCATACCCCTCATTGTTTTGTTCTAAAATTACAGGGCGGATTTTAATACCAACTGACAAGGATAAATGGAAGGGGAAATACCATGAAGAAGATACAGAAAAATAACAACAGCATCTGCGTTGTCAGATGCTGTTGTTATCGTAATCCTGATTAGTTTTTTGCTGACTCAGGTAGCTTCATGACTGATATTTTTACTATATATATATGGGGGAACATAGTTTTCCCGGCACGTATAAAGATAATCAGACCACCACTGCATCATCGCTTTACGGGCTTCCAGATGTTCAGCTTTGTGGATATAAGCTATCCGCACGCTGTTGCGTTCCTGATGACTCATTTGGCGTTCAACAGCATCCTTCGACCAGAGTCCGGATTCCATTAAGGCGCTGCATGCCATTGCCCGAAAGCCATGGCCGCAAATGTCCATTTTTGTGTCATAGCCCATC
NZ_CP180159.1_gap45	2094664	2097606	2942	ACACAGGGATGGCAAGCGCCTTTTCCCAGGGGATTTCCGCGCTGCCGGACTCTTCATCTACTTTCCAGGGCCATTTAAACATCATATTGCTCGCAAAGTCGTCACTTGAACTGAATTAAAGAGACAGGAACTATTAAAATGCCAAAGAACCTGGCATTATAGCAACCTCAACAGCGGAGAGATGCCGGAGCGGCTGAACGGACCGGTCTCGAAAACCGGAGTAGGGGCAACTCTACCGGGGGTTCAAATCCCCCTCTCTCCGCCACTATTCAACAAAATCAACCAGTCGCAAAGCGCTTTTGATTTTACCTGCATGAATCCCTGCATTAAAATTTCTTTCTATCGCTTTGCTTTCTCGCCTCTAATATAGTCTTTTTTACCATGTTGCCTCTTGTTGGGCATCCACTTTTATCCTCTTTAGTTCACAATCTCACACTCTTTACAATAGCTTAGCCCGTCTCGTATCCCTGATAACAAAACGGTTGAACTGCATGTGTTGCACACGGATTCTGTAAGGATGGATTACTGGAGGATTGACGGATAAAAGCGAACTCAGGAAAGCACTGGATGTACGGTTGACTATCGAGCGCTATGAGGCGATAGAGAAACTTATGACCCTGGTCTGAGCTACCGGGATAAAAACTTTCCCGCGCGGATCTGGCGCGGGATCATATTCCTGCATGCGGGGGATAAAATGTTTCAATAGTTGGAGGTTGCACTTCTCATCGCATCGCCCGTTTTTATAATGATGCAATCAGTGGTGCATTGCTCCTTTGCCGTCAGAATAACATTTTCTGGAAGCCTGAAATGCATTGACTTGCTGATTAAGATTTGCTCGGCCATCCCCTTAATAGCCCAGGGAGCCGCAAGGGAAATATTGCCAAACTCGTCATAACGTTGTGTTTTAGTAAAGGCATTATAGGCGGGATCTTGAATATCAAAAAGAACATCCCCTGTAAATGTTTTCCCCACCTTGTAGGAAAGTGCGCTGGCTAATGCGTTTAACTCCGATTTTTGTGGGATAATGAAACCATTGAAGATATTGTATGATGCAGCGATACCCGCGATGCAGGGTGAGGATCCGCTGGTAAAAACGAAAAAACCCGCACAAGGCGGGCTTTAGATTAATTATACAATCTTAGAACTGGTAGGTGATACCCACGGCAAACTGATCGTCAGTTGATGCGCCGGTGATGTAAGAATCTTCGTCATCCACCAGGTTGAATTTGTAGGCGGTGTAAACGTTGAAGTTTTTGTTGAAGTAGTACCAGGTACCCAGTTCAACGTAGTTCATGATATCGGCATCACGTTTGCCGTTCAGATCTTTACCTTTGGCGTAGACATAGCCCAGGGATGGACGGAGACCAAAGTCGAACTGATACTGAACAACCGCTTCAATGTTTTGGGTCTTATTAGCAAAACCGCCAAGTTCCATGTGGGTCATATTATGGGACTCGCCGTACATGACAGAGGCGTAAAGGCTGTTGGCATCATATTTCGTTGCGAGGCTCCAGACTTCAGCTTTTTCACCTCTGCGGTCCGCAGCTTGTTCATCAGTACGGTCAGAGTTGCTGTAGGCGCCAACAAAACCGAAACCGTCGAAGTTATAGTTAACGGAGAAACCAAAACCGTCGCCGTTTGATTTTTTCGCGGTGGTATCGTTGTTTTTACCCTGATACTGCAGAGCAAAGTTCAGGCCATCCACCATGCCGAAGAAGTCGGTGTTACGGTAGGTTGCTACGCCGTTGGTACGGCCGGTCATGAAGTTATCGGTGTAAACCAGACCGTCACCACCCCACTCAACGAGCATATCAGTGTAACCCGCCGCGTCATAAACCACGCCGTAGTTACGACCATAATCGAATGAACCGTAGTCGCTGAATTTCAGACCAGCGAATGCTAAACGGGTAGCGCTACCCTGCTGGCCTTCCGGTTTGTCCGCTTTGATGTTGTATTCAAACTGGCCATAACCGGTCAGTTCACTGCTAATCTGGGTTTCGCCCTTGACGCCGAAACGCGCATAGGAGGTATCGTCAGAGTTATTGTTGCCGCCATCATGGGTCATGATGTGTTCGCCAACCATTTTGCCGTAGAAATCCAGTTTGTTGCCGTTCTTATTATAGATTTCTGCTGCATTAGCCGCGCCAGCAACTAATAAAGCTGGAACCAGAATTGCCAGTACTTTTCTTTTCATTATATATTCCCTTTTGATCATAATTAATATGAATTGTGTCATTCCTTCCGGGGTGACTATTAAATACTATCGATGAAGTTCAATTTTCTTTAAATTAAAAATGTAAGCAAATTATATCTAATATTACAAAATGTTTCTGTTCTATTCATTATATTTAAATTGTATTGGTTCTTGAAAATTTATTTATTGCATTTATGTCTGTTAATAACATGGGGTTATGATTGGTTTTGTATGATTTTTGCTGTCCATAAGTTTCATGTGTTCTATGTATCGCGAACTCATATTTATATGTTATATGTTTATTTCCGAATCTCTGATTGTCGCAGCCTCCCTGTAAAGATAAAACGAGGAACGAGAAAGCGAATGTGATATTTGAGGCCGGAAAGGAGGTGTAAATATGGTCTCGGAAATTCAGTCATATTCATTAATTTGTATTATTTAAAAACGAAATGAATTCATCGACTATATGTAGCAGGCGATAGGGGCGTGCTCCAGACCGGTGCGCAAAATCGAACCAGTGAAAGAGGGAACTGCTGTTTTGCAGGCGTTTTCGCTATATAATGTGACTGATATCACATTTTTTTGCCGGCGGTGATAGGGGTTGTGAAGTAGATGGAGAACAAATGAATGGAAGATAAAGCGAAAAGAAGTCCTGGCGGGAAACTGGCGCTGTGGGCATTTTACGCCTTTTGCGGCTATTTCCTGTGGGCGATGGCGCGTTACTGGTGGGTTGTGGGGAAGATTGAAA
NZ_CP180159.1_gap46	2099713	2100288	575	TGGGATCGGCCTCTGGGCGAAAAGCATTTTGATGACCCTGAAAACCAGCTTCGTCGTCCGCGCAGGCTGACGCCCCGCGAGTGCGCGAGGCTTATGGGTTTTGAGACGCCGCAGGGATATCGCTTCCGTATTCCGGTCTCGGATACCCAGGCCTATCGCCAGTTTGGTAATTCCGTCGTCGTGCCGGTATTTGCGGCGGTGGCGAAGCTGCTGGCGCCGCGTATTGAACAAGCGGTTGCCATGCGTGAGGAAGAGATTAACCATGGCCGACGTTCACGATAAAGCCACCCGCAGTAAAAACATGCGCGCGATAGGCACTCGCGATACGGCAATAGAGAAACGGCTGGCTGGGCTACTGGCGGGCGCCGGATTCTCTTTTACCGTACAGGATGCCGCGCTGCCCGGCCGCCCGGATTTTGTCATGGCGGACTATCAGTGCGTTATCTTTACCCACGGCTGCTTCTGGCATCATCATGATTGCTATCTGTTCAAGGTTCCCGCCACAAGAACCGCGTTCTGGCTGGATAAAATAGCCAAAAACGTGGCGCGCGATCGCCGGGATATCGGGCGGCTGG
NZ_CP180159.1_gap47	2215397	2219983	4586	GGCGCTTCTTCGCCTCGTCGATTTTCCCGCTGAACAGGGCGAAGGCGGCGGCCTGCATATCGAAATAGCTGCCGTGATTGTTATGCCAGTTCTCTTCTTCAAAGCCGTTCTGGCTGGTGGTCATCCAGTGATAATAGTCACCAAACCACTGCTTCAATGCGCTAACGTCGTTTTCGCTCAGCGCATCGGAGGATTGCAGCAGGGCGATGGCGTCAACGACGTCAACCAGCGCGCGGCTATCAATAATGCCGATACCGCGTCCGGTATTGATGCCGGGAATGGCCTGGGCATGCTGCAGGTTGGGGGTCATGCGCGTTTTGGGATCGAGGAACCAGGTTTTTAACTGCGCCGCCGCCTTTTGCGCGTAGCGATCGTCGTGAGAGAAGTACCACGCCAGCGCCAGCGTTGACACGTCGTTACTCATCTTCACCAGCCGGTTCTTATCGGTAGCGTCGCTATTGGCGTCAGGGTTGGTTTGCCCATCTTTGCGGATATAGGGAAGCCCGTCCTGGGTATCAGGGTTTGGCCACCAGTAAGGTGGAAAACTGTAGTAGTCGTGCTTGTTGCCGCTGGCGGCGACCAGCGTTTTATCCATCACCGAGAACAGCGGATGCTTGAGCGCCAGATCGGCTTTTTTTAGCAGCGCCGCTTGCGCCTGAACAAATAGCGGATCTTTCGCGGCGATCTGCTGCCGGCTAAAGGCTAAATCCTTTCCATCTAGCGTGTACGGCTCGGCGGCATACGAGACGGCGCTCAGGCCGGAACAAAACAGCGCAATGCCTAACAAACCTCGGCGAGGTATTGAGTTCATCGTGATAACCCTTCTGCAAATATGAGAAAAGATAACAACAGAATTATACCTGACGCGTATTTAAAGAACGCGCGAAACAGGCGGTGTAATTAAAAATAATATATTTAAATATTCGATGGCGAGCAGTGTAAAAGACAAAGTGATTTTTTTTGTGATGCCCTTCAAGTTTAACGTTTTGGATAAATAATGACGCTTTTAATGCAGCGTACATCACGTTTTTTGCCGTTTTTCTCTATTTTTTGAATCTTTTAACAAAATAAGTAAAATTATAATCAATTGATTTTTATGATCATTTATTTTATGTCACTTTTTTTGTCACTTCTCTGTGTGATCTGTCTCAATTTTCTTGTTTTTGAAACGCGATTTCTTTTTTATACGGTTGTATTGGGAAATACATTTCTATCTAATGAGTGGAAATAATTCTTGCGCCAGCTGTATTAACGCCTGAGCGATATTCAAATTCTTTTTCGTGTATTAATTGAGAATTTAATTACCTTTGTGCCCTACAATAAAGGATATGCCATCATGTCTGCCTGTAAATTACGTTCACTGTTACTTCTCACCGCACTCGGGCTCGGCGTTAGTCAAAGTTACGCCGCCACCACTCTCAACGTCTGGATCCGCGCCAGCAATGACTCGAAGAATATCTACAAACAAGAGGCGGAAAAATTTGAAGAAAAAACCGGTATCAAAATCGCGTATTTCAACGCCACCACCGACTTTGAACAGCGGCTGGCGCGCGCCACGGCGGGCAACGCCTTACCCGATTTGATTTTTAACGATGCGGCGTCGCTGGGGCAGTTCATCCAGCTGGGTATTGCCGAAGAAATTGACCCGCAGGCGATCGCGGGCGGCGACCAGCTATTCCAGACGGCATGGAAGAGTACCCGCTATATCGACGGTAAGTACTACGGCGTGCCGACCTCGGCGCAAACTTTCGCGCTCTTCGTGCGTAAAGACTGGCGTGAAAAACTGGGACTGCCGCAGCCTAAGAGCTGGGATGATATCCAGACGCTGGCGAAAGCCTTCACCACTCAGGATCCCGATGGTAACGGCAAAAATGATACCTACGGCTTTATCGTTCCCGCTTCCACGACGCGCGGCTACGCCAGCTGGTTTATGAGCAGCTTTATCTGGCAGGCGGGTGGTGATTTCGTTAAAGAAGAGAACGGAAAATTCACCGCTTCGCTCAATACGCCGGAAGTGGCTCAGGCGATGACCTTTATGCGCACCATGATGTGCGACAAAGTCACCCAGCCGGGCGCGATTAACGCCACCACCGCCGACGTTATTCCCTCCTTCCGCTCCGGGCAAAGCGGCATGTTCTTCAGCGGGCCGTACCATATCGCGCTGTTCGATAAAGACCCCGGTAAAGACAACTTCGAAGTGATCCCGGTGGCGGGGCCGAAAGGCGAAGCCACCCTCGCCGAGGGCACCACGGTCTTTATGATGAAGAGCAGCATACAGAAAGAGGCCGCGCGAAAATTTATCGAATTTATGATCTCTGCGGAAGGCCAGGAGATCGGCATGGGTAAAGGCAGCCAGCATATTCCGGTAGTGCGTCTGCCGGTGAATAAGAACGTCGACGTCAAAGCCGTGTATCAGGACGCGCGCTGGGAAACTTTCGCCAGACTTTACAATGAACAGGGACGCTACGTGCCGCAAATTCCCAACTGGACGCCGGTGCGTCAGGTGGCCGCCGAGGGCTTTAACCGCATTTTTGCCGACTGCGGCAGCGATATTCCCGGCGAGCTGAAGACGCTCGACGGCAAGGTGAACGTTGAGCTGAAAAAACAAAATGTGCTGGCTAACTGAGGACATAGGTTATGACGCTGCATGAGACGAAGTCCTCGCCGATAAAGCAGGCCGCTTCGCCTGACTCGACCGGATGGCTGAGCGCAAAGCGTAAGCGGGCGCTGATCCCGTGGCTGTTTTTAGCGCCTGCGCTGATTATTTTTAGCTGGTTTAAGTTTATCCCGATGATTCAGGGTCTGGTGATGAGCTTTTACAAGGTTAACTTTAATCAGCCCAACGAGTGGGTAGGGCTGGATAATTTCACCCGCGCTTTTGCCGACGCAGAGCTGCACGCGGCGGTGGTGAATACCCTGCTTTACGTGATGGTAACAATGTTCGCCGCGGCTATCCTGGCGTTTTTCCTCGCCATGCTGCTGGAAGGCCCGGCGCGCCATCTGCGCTTTATTCGAACCGCCATCTTTTTACCGGCGGTTACCAGCGCGGCGATCGTCGCCGAAATGTGGCGCATTTTGTTTAACCCGACGCCCAACGGCGTGGTTAACCACATCCTCAGCTGGTTTGGCGTCGCCGATCAGGGCTTTCTTGCCAGTTCCGATCAGGCGCTGGGCGTCATCATGCTGCTGCATATCTGGAAAGCGGTGCCCTACAACATGGTGATTTTTATTGCCGGACTGGCGGGAATCAGCCGCGATTTATACGATGCGGCGAACGTCGACGGCGCCAGCTGGTGGAACCGCCTGCGCTACGTCACGCTGCCCGGCATGATCCCGGCGCTCTCGGTGGTACTGATGCTCTCCTTCATTCGTGGTTTCCGCGTGTTTGCCGAGGTGTACGCCACCACCGGCGGGGGACCTTCTAACGCCACGGAAATGGTTATGACCCACATCTACAAGCTGGGCTTTGAGCAGTTTGACTATGGCTACGCTTCGGCGGTGTCGTTCCTGCTGTTTACCTTCACCGTAATCTTAACCATTTGTCATTTGACGCTGAAAAAACGTATCGCCCGTTACTAAGGAGCAGCGATGTTAAGCAAACGTTGGGATACAGCAGGGCGCTGGTGCATCTACGCGCTGCTGCTGATTGTCTTTGTCGGGCCGTTCTGGGGCATCGTCGCCACGGCATTCAGCGGCGCGCCGGTGAAGCCGGGCGAGCTGCTGGCCTGGCCGCATCAGTTCTCGTTGGAAAACTTCATCTTCGCGTGGATGGATATCGGCGTCTGGCAGTATCTGCTGAACTCCATTCTGGTGGTGTTCTTCGGCACCGTTCTGCAGGTGTCGGTCAGCGCGCTGGCGGCGTACGCCCTGGCGCGGAAGAAGTTTCGCGGCGTAGCGCTGGTGAGCCTGGTGATTTTGTCCACCATGATGCTGCCGGAAGAGGTCATCGCCATTCCGCTGTACATGATTATCAACTGGCGGCTGCCGCTGATCGACGCCTCGCTCTACAACAGCTATCTCGGAATGATTTTACCGGTCGTCGGCTGGGCGTTCTCTATCTTTGTCCTGACCGAATTTATGTCAGCGATACCGAAAGAGCTGGAGGAGGCGGCGCGGATTGACGGCGCGAACGAATGGCAGATTTTCTTCCACGTCATTCTGCCGCTGGTAAAACCGGCGCTCGGCACGGTGGTGACCTTCGGCTTTATTATGATTTGGGACCAGTACCTGCTGCCGCTGATTGTGGTCAACCAGGACAGTCTGAATACCATTCCGGTGATCCTCGGCACGCTGCGTACCGATGAGAGCATCACGCCGAACATTTTTATCGCCATTACGCTGCTGGCGATGCTGCCCAGCATCATCGTCTATCTGGGTCTGCAAAAACATTTCAATCGCGGGATTATGTCCGGCGCGGTCAAAGGATAAGGGGTTAACGATGGGATCGGTTGTATTAAATAGCGTGCGCAAATCATACGGGGATGCCCACGTCATTAAAGATGTGTCGCTGACGATTCCGGACGGCGAATTCTGCGTCCTCGTTGGCCCCAGCGGCTGCGGCAAATCCACGCTGCTGCGCATGATTG
NZ_CP180159.1_gap48	2261399	2262112	713	GACCGCCGTACAGATCGCAGCCCAGAATAGGGTGGCCAAGCCACTGGCAGTGAATACGCAGCTGGTGGGTGCGGCCAGTTTCCGGCATCAGCTGGACCCGCGTCACCGGCACGATACCTTGATAGCGCAGGCGCTCAACCACCCGATAGCCCGAACGGGCTGGCTTGCCGCGGCGCGGGCAAATCGCCATCAGCGGAAACAGCGCCGGATCTTTGGCTATCGGGGCGTCAATGGTACCTTCGTCGTCCGCCAGATGCCCGCACAGCAGCGCGCTGTAGACTTTGCTCACCGCACGCTGGCTGAACTGCTGGCAGAGGGCGGCGTTGATGGCCTTGTTGCGCGCAATCACCATCAGTCCGGAGGTGCCGAAATCAAGACGATGCGCCAGAGTGCAGCCGGGAAACTGCTGTACCAGCCGATAATGTACCGAGTCGAGATTACGCGGATTTTTCCCCGACAGACTCAGCAGGCCTGAGGGTTTATCGATTAGCAGCAGATGGTCATCCTCGTAGAGGATGTCGATTTCAGCGTGGCACGGCGGGGCGATAAAGTTATCGATAATCGTAGACATCAGGCTGCACGGAGAGAGAGTGGAGGCGGATGATAGCGAATTTCCCGCCGCCATGCGAGTTATGCGGTCACGGTATTCATAGACTTAATATGCTGCCAGAAGCGCTCGGCTGACTGGTTGAGCCGCGCGCCGGAACGGTAAA
NZ_CP180159.1_gap49	2263389	2267207	3818	CCGGGGCCGTTGCCGTGGATACCGGGATCTTTACCGGGCGCTCGCCGCGCGACAAATATATTGTCAGGGACGATCTGACGCGTGATACCGTCTGGTGGGCCGACTCCGGCCTTGGCCGCAACGACAATAAGCCGCTATCCACCGAGATATGGGCAGATCTGAAGGCGCTGGTCGCCGGACAGCTGAGCGGCAAGAAATTATATGTCGTTGATGCGTGGTGCGGCGCCAGCCCGGCAACGCGCCTGGGCGTCCGCTTCGTCACCGAAGTGGCCTGGCAGGCGCACTTTGTCAAAAACATGTTTATTGCGCCGAACGCAGAGGAGCTGGCTGAATTTACGCCGGACTTCGTCGTCCTCAACGGCGCGGGCTGCACCAATGATAAATGGCAGGAGCAGGGGCTCAACTCCGAGAACTTTGTCGCGTTTAACCTGAGCGAAAAAATTCAGCTGATCGGTGGCACCTGGTACGGCGGCGAGATGAAAAAAGGCCTCTTCTCGGTGATGAACTACCTGCTCCCGCAGCAGGGCATCGCCTCGATGCACTGCTCGGCGAACCGCGGTGAAGCGGGGGACGTGGCCCTGTTCTTCGGTCTTTCCGGCACCGGTAAGACCACGCTTTCCACCGATCCGCTGCGTCAGCTGATCGGCGATGACGAGCACGGCTGGGATGATGACGGCGTGTTCAACTTTGAAGGCGGCTGCTATGCCAAGACCATTAATCTTGACCCGCAGGCTGAGCCGGAAATCTATCGCGCGATTCGTCGTAACGCGCTGCTGGAAAACGTGGTGGTCAGAGCCGATGGCAGCGTGGATTACGCCGATGGCAGCAAGACCGAAAATACCCGCGTCTCTTATCCGCTATCGCATATTGAAAACATCGTGAAACCGGTGTCGCGCGCGGGCCATCCGTCGAAGGTGATTTTCCTTGCCGCCGATGCGTTTGGCGTGCTGCCGCCGGTATCCCGTCTGACGACCGGGCAGATGCAGTATCACTTCCTGTCTGGCTTTACCTCGAAGCTGGCCGGTACCGAACGCGGCATTACTCAGCCCACGCCAACGTTCTCCGCCTGCTACGGCGCGGCGTTCCTGCTGCTGCACCCGACGCAGTACGCCAGCGTTCTGGCGGCCAAAATGGCGGAGGCCGGCGCCGAGGCCTGGCTGGTTAACACCGGCTGGAACGGCGAAGGCAAGCGCCTTTCGCTGCGCGACACGCGCAATATCATCAGCGCGATTTTAAACGGGACCACCGGCGAGCTGCGCGAAGAAACGGTACCGGTATTCGGTCTCGCTATCCCGCAAAGCGTGCCTGGCGTCGACAGCACGCTGCTCGACCCGCGTAGCGGCTGGCCTTCTGCCGACAAATGGCAGGAGAAGGCCGAGAGTCTGGCGCAACTGTTTATGGATAACTTTAAGCAATATAGCGATACCGATGCCGGCGCCCGGCTGGCGTTAGCCGGCCCAACGCTGGTCAAATCCGCCGTCTCCGCATAAGCTATTTTTTCAGCGTACAAGCCCGGGCAACCGCCCGGGTTTTTTTATATCCGCAGCGTCCCTGGACCAGGAACTTGACTCTGCCTGGTTAGCGATTATAAATAAAGGGATGCAGGGCTAAGTATTGGGGCTAAATAATTTCATGACATCATTGTTATGAGAATTATCCTGGCAACCCTGCGGCGATGACTTCCCCGATACGCTGATATTAATAAATAAAGGAATGACTATGAAACTCTGGAGTAAAACGCTGATCGCTTCTGCCGTTTGCTTAATTCTCGCCGGCTGTGATGATTCATCAAAAGTTGATGCCAATCTGGATAAAGCTAAAGATAACGCGCAGCAAATTAAAGAGGCGGCGTCCGATAAAGCCGAAGCAATTAAGGATCAAGCGGATAAACACATCGACGCGATAAAAAAACAGGCGGCGGACGAGGCGAACAATCTCAGCAGCCAGGCCTCCAGCATCAAGGCGGAAGCGGATAAAAAAGCGGAGGCTATAGCCCAACAGGCGCAAGCCCAGGCTGATGCGGTTAAGCAGGATGCCCGACAGAAAAGCGACCAAATTGTCCAGGAAGCGGGAAAAATTAAAGACAGCGCGATTGTTGATGCCAATAACCTGGCCAACGATGCGGCGAATAAAACCAAAGAGATTAAAGAGAGCATCGCTCCCGCGAAAACCGCAGAAGAGACGGCCGACCCCAGCCAGCCGTCATCGCACTAATTATTTATCGTCTTCCAGACTTATCGCCACACTATCTTCAGCTCGTTGGTTCGCTGAAGATAGTGTGGATTCAGCCTATTACCCGTGGTTCACCCAGACTAATTTTTCTACCGGGAAACCGAGTTCCCGCGCAATGCTGAGATACTCCTGCTTCACGGATTCCGGGATGGTCGGCGTGCGGGACAGGATCCATAAATAGCCGCGATCGGGACCGCTGACCAGCGCATACTGATACCGGCTATCCAGCGCGATCACGTTGTAGCCGCCGTAAAACGGACCAAAGAAGGAGACTTTCAGCGCGGCGGTGGTCGGCGCGCCGGTGAAATACGCTTTACCTTCGCTCTCGCTCCATTTCTGTTTCCGCGGATCGTAACCGCGGTTGAGAACGCTGATTCCGCCGTCTTTCCGTTGACCGTAGGTCGCGGTAACCCGCTCCAGGCCCCGTTCAAAGCGATTTTCGAGCCGGGCAACCTCATACCATTTCCCCAGATAACGGCTTGCGTCAAAGTTATTTATCGGCTGGACGCCCTTGGGGGGCGTAGGGGATTTACAGGCGACGAGCGTTAATGCGATAGCCACACCCGTCAGAACTGGCCATATCTTCATGTGAATTCCTTTTTTGAACGCGGTGGAACATAAGTATAGCGCAAGCGAGCGGGCCTTTATTCACACCCCAGGGATGCACCTTATATTCAGATAATTCTATCACTTCGAATGGGTTGTTGCCCTGCTCGCTATTTTCCTCGTTCTGTTTCCGTTAAGGCGATTATCACAAAAAGTTGAATATATTTTAGCGGCCCAGGTGCTAACGTTTGAACGTTATTATTCACAACGGGAAAACATCGTGAAAAAATTATCCAGTCTGATTCTGTTATCTGCTATGTCTGTCGCTCCAGCCGCATTTAGCACCCCCGTCGGGACGCTCAGCGTACATATTCTCAATCAGCAGACGGGTTTGCCTTCATCGGGCGTGACGGTTACCCTTGAAAAACAGCAGGCGAATAAATGGACAGCGCTGGCCACCGGCGTTACCGACAACGATGGTCGTATTAAATCGCTTTATCCAACTGAAGGGGATATGCAGCCGGGGATTTATAAAGTGACCTTCAAAACCGGAGATGATTTCAGCAAACAGAAGCTGGCCTCGTTTTTCCCGGAGATCCCGGTTCTCTTCACCGTCACGCGCACTAAGGCTTTGTTGAATAAATCGAACTTTTGCTGAGTTGAAGGATCAGATCACGTATCTTCCCGACAACGCAGACCGTTCCGTGGCAAAGCAAAAGTTCAAAATCACCAACTGGCCCACCTACAATAAAGCCCTCATCAACCGTGGCTCCATAACTTTCTGGCTGGATGATGAAGCTATTCAGGCCTGGTATGAGTCAGCAACACCTTCTTCACGAGGCAGACCTCAGCGCTATTCTGACCTTGCCATCACTACTGTGCTGGTCATTAAACGCGTATTCAGGCTGACCCTGCGGGCTGCGCAGGGCTTTATTGATTCCATTTTTTCTCTGATGAACGTTCCGCTACGCTGCCCGGATTACAGCTGTGTCAGCAGGCGGGCAAAGTCGGTTAATGTCAGTTTCAAAACGCCCACCCGG
NZ_CP180159.1_gap50	2310592	2315201	4609	GGCGATAAGCGTCACCACCGGTACCGTCAGGGAAATGGTGGCCAGCACGGAGCCGAAGAACAGGTTCATCGCCCGCTGGACCTGATTGTTCAGGACCGCTTTCAGCGCGCCAAGGCCTTCCGGAGAGAGGATCAGCAGCGCGACCAGGAAGCCGGTAAAGGCGACGGGGGCATTCATGCTGGTCAGTAGCGTCTCCAGCGGATTGGCGTTCATTTTAGTCACGGCGATAACCGCAACCAGGTGTACCAGCAGCCAGGCGGTGTGCCACTTGCTGCTATGGGCCGACGGTTTGCCGTGATGCGGGTCATCGTCGTCGCCGTCATCCTCGTGTTCGTAAACAAACAGGCTCTGGTGCGTTTTCGTTTGAATCAGCAGGAATACGCCGTACATGGCGGCGGAGATCAGCGCAACCAGCAGCGCCTGGCCAGTGGTGAAATTAGCCCCGGGCAGCGCCATGGGAAAGACCAGGACGATGATCGCCAGCGGAAAGAGGGCGATGAGGTACTGTTTAAGGCCGAACAGATTCATATACTGGGTGGCGAATTTGCGCCCGCCCAACAATAAAGAAAAACCTACCAACCCGCCGGTAACAATCATGATGATTGAATAAAGCGTATCTCGCATCAGGGTCGGCGCGGCGTCGCCGGTGGCCATTAATGCGGAAATCAGGCTGACTTCAAGAATAACCACTGAAAGGCTTAAAATTAACGAACCATAGGGTTCGCCAAGGCGGTGCGCCAGAACGTCGGCGTGGCGAACAACGCTGAACGCGCTGCTCAGAATCCCGACCAGCGCCAGGATATTAATGGCAACAACCACTGGCAGTGACTGGCTGCTTCCCCAGAAAAACAGCACCGCCAGCGCCAGAACCGGAAAGGCGAGGGTGGTCTCCTTATGGCGGGTTTTCACCGCCTCATGTGCATCGGTCATGAATTATCTCCAGGTATGCAGGTGTTATAATTATAGATACTGTAAGTTAATAAAATAACAGACATTGCGGGGATTATTTTGTTTTTTTACTTAAATTTACCACTCTGGCTCTATAAAAGTGGTAGATTGCCATAAAATGCGGTTACTATTTTTTTGTATTTATTATTCAGATAATTACTAAAACATCTTTCTCATTTATCTGTCGCCTTGCCAGCCGATTGAACCTCTACCAGACTCACTATTCACCCTTAAACCGGAGGTTGCCATGCCCTATAGCAACAAAAGTGAATTGCCCGATAGCGTTCAGCACGTTCTGCCTGCGCATGCCCAGGAGATTTACAAGGAAGCCTTTAACAGCGCCTGGGACCAGTATAAGCATAAAGAAGACCGACGCGATGACGCCAGCCGTGAAGAGACGGCGCACAAAGTCGCCTGGGCGGCGGTGAAAAATGAGTACCAAAAAGGCGATGATGATAAGTGGCATAAGAAGAAGTAATCGCTTTTGCTACGCTATGTGCTGCCTGAGCCCTTGCCCGCGGCTCGTTCATTGCTTATTGTCAAATAAAGCTGGATAATAATTCGGCAATACTTCACGGATGGCACCAGATCATCGCCGGGAAGCGGGCAGTGGCGGAGGTAGTAGAAAGTGTTAACGCGTGATTTCTTACTGAATGCGGATTGTAAAACGGCGTTTGGCGCTATTGAGGAATCGCTTCTTTGGTCGGCAGAGCAGCGGGCAGCCTCTTTAGCGGCGACCCTGGCCTGTCGTCCGGACGATGGCTCGGTGTGGATCTTTGGCTACGGTTCGCTGATGTGGAACCCGGCGCTGGAGTATCGTGAATCCTGTACCGGTACCCTACCGGGCTGGCACCGTGCGTTTTGCCTGCGGCTCACCGCCGGGCGCGGTAGCGCCACTCAGCCGGGTCGAATGCTGGCGTTGAAAGAGGGTGGACGCACCACAGGCGTTGCCTACCGCCTGCCTGATGACACTCTCGAAGAAGAGCTAACCCTGCTGTGGAAGCGGGAGATGATCACCGGCTGCTACCTGCCGACATGGTGCAAGCTGGATCTGGACGATGGCCGCACCGTCAATGCGTTAGTTTTTATTATGGACCCGCGTCATCCGCTGTTTGAGGCGGACACCAGCGCGCAGGTGATTGCGCCGCTGATAGCGCGCGCCAGCGGCCCGCTTGGTACCAACGCTCAGTATCTGTTCTCGCTCGATCAGGAGCTGCGCAAACTCGGGATGTACGATGCCTGCCTCGACGATTTAGTCGGCAAGGTGCGTCATCTGCTGGGGGAAAGCAGCCAGCCCGGGCTGGCTTAAGAGTATATCGCCCGGGTTTCCCCGGGCGTTTGCTATCAGGCGGGAACGTAGCTGATGGAGTGCTCCAGCGACTGGCTGTGGCTGTCGATGAGAACGTTCCAGGTGCCGCTGTAAGGCACGGTCAGATACGCGCTATCTCTGTCCTGCACACTCAGAATATCCGCATGACTATCGCCAGGCACTTTGGCGCTCATCAGGTGAATGTGGCAGCGTTCGGAACAACGTACCACCAGCGTATCACCGCCAAACAACGTTAAACTTGCTTTTACCATTGCCATTTAATCTCGACCCCGTTTCTGTCTACAGCATCCTGCCAGCCCATTAACCCGCGTGATATTGTTCACACTTTGCTCTGTGCATAACACCAAAGGGGAGGGGGGCAGATGCTGATTTTGATCAAAAAAAGGAATAAAGATTAAACAAAAATGACGTTGTGCCTGAAAGCATTCAGCTGACATTGTTTTCGGTTAACAAACGCCGCCAGCTTAATATTTAATCCCGTTGAATAGCGGATTTTTAGAAGGTCAGGACTTTATCCGCCGCCAGCGTCCACTGCGCCAGCTCGACGAGGGTACCAATCTCCACGCCGTCAATCAGCGGCAGCGCACCGATTCCCCGACCGTCAGCGCAGGTTTTACACAGCTTCACCGGCACATTTTGCGCGGTGAGGATCTCCAGCATCTGCTGAATGTTGTAGCCTTCCGCTGGCTTCTGTCCGCGCAGGCCGGCGGTCACCGCATCGGACATTAAAAACAGCTTCAGTTCGAGGTCTGCCTGCTGCTCGCGCAGGGCGATAGCCAGACGCAGGCTATTAAACAGGGATTCACTGCCGTAGGCGGCACCGTTAGCGATAATCACAATACGTTGCATAAGGACTCCTTCTATAAGGCACGGTTATTGCTTGGCTCAAGTATAAAGCGTTAACCCGGGGGAAGGGTATGAATAATATGGCGGGTAATACGCCTGAGGTGGTCGACTGGTTTGCGCGCGCGCGTCGCTTACAGAAGCGGCAGCTGCACCAGCTGGCGCAGCAGGGAGCGCTGGCAGGCCAGATAAGCGCGCTGGTGCATATGCTGCAGTGCGAGCGCGGCGCGTCAAATATCTGGCTATGCTCGGGCGGCAGACTATACGCGGCGGAGTGCCGGGCGGGCGCGGCGCTGGTTGATGAGCAGCTCACGCGGTTTTATGCGGCGCTGGAACCTGCCCGCGATGCCGCCAGCAGCGCGCTCTGCTGGCGCATTGCCTGCGCGGTGTGGTATCTGACGCAGCTTGTCGCGTTGCGTAAACGCGTGCGCGGCCTGGAGATTGCCGCAGAAGAGGCCACCGGGCAGTTTAGCCGCATTATCCGCCACCTGTTGAATATCGTTCCGCAGCTCAACGACAGTATCGACGATCCGCAAATCGCCGGGCGGATGGTCGCGCTTTACAGCTTTATGCAGGGGAAAGAGCTGGTCGGACAGGAGCGCGCGCTGGGCGCGCTGGGCTTTGCCCGCGGACAGTTCAGCGATGAGCTGCGCCAGCAGCTGGTGGACCGCATTGACGGCCAGCAGCCCTGTTTTGACACTTTTCAGGCTTTAGCCAGTTCGCCGCAAAGCGTTATGTTTGTTGAGCAGTGCCAGGCCGGCCTGGAAATAGAACAGCTGCGGCGGGTCGCCTGCACCCGCCAGCCGCCGCCGGACGAGGGAGAAACGGCGCTGCGCTGGTTTTGCGTTCAGACCCAGCGTCTTGAGCAGCTGCGCGGCGTGGAAGAGCGGCTGATCGCAGACCTGCTCAACGCGGCCGATGCGCTGCTGGAGGGCGAAGATCGGGAGGTCCAGGTACCGCCCGCCGACTGGCAGGAGGACGGTATAGCCCTGCGGCTGGATAAGCAGCTGTTGCCGCTGGTGCGCCAGCAGGCCCATGAGCTACAGCAGCTCTCCGCCCAGCTCGCGTCGTTAAAAGATGCGCTTGAAGAGCGCAAGCTGATTGAAAAAGCCAAAAGCGTGCTGATGACCCACCAGGGAATGCAGGAGGAGCAGGCCTGGCAGGCGCTGCGTAAAATGGCGATGGACAAAAATCAGCGCATGGTTGAGATAGCCCGCGCGCTGCTGACGGTGAAGTCGCTATGGCAAGCACCCCCTAAGGAGTAGATGCACAATCAGCGGGCATATATTGCCAGCCGACGGTGCAGTTTTTGCCTCAAACGCCCCCGACAAGTGAGCCAACGCGCGTGAACCGGGCCTCTGCAAATCTGGCATTGGCTTTGCATTAAATAAAACGAGTGAATAAAGGTTTTGGGCAGCGGGCCAACGGCGGCACGTATGTCTAAGGATAAAGGCGTCCAGCGGTGCGTAAGCACCGCCGGGCGCTTTT
NZ_CP180159.1_gap51	2317695	2320091	2396	TCGCCGCAGCATGAGCAAAGGCGAGCGCAAAGAGTGGATTGAGCACAACCTCGAACGGGTACAGATGGGACACGCCCTGCACAAGCGCCCGGGAGAAATCTCCGGTGGGATGAAGCAGCGCGTTGGCATTGCCAGGGCGCTGGCGATGAAACCGAAAGTGCTGCTGCTGGATGAACCCTTTGGCGCCCTTGATGCCCTGACGCGGGCGCATTTACAGGACGCGGTGATGCAGATCCAGCAGTCGCTGAATACCACCATCGTCATGATTACCCATGATGTGGATGAGGCCGTGCTGCTTTCCGACCGGGTACTGATGATGACCAACGGACCGGCGGCGACGGTCGGGGAGATCCTCGACGTCAATCTGCCGCGACCGCGCAATCGCGTGCAGCTGGCGGACGACAGCCGCTATCACTATCTGCGCCAGCAGATCCTGCACTTCCTCTATGAAAAACAGCCGAAAGCGGCATAGGGGGCGGCGATGACGCGGCAACTGGTGATTATCGGCAATGGCATGGCGGCCACGCGTCTGGCGCAGGCGCTGGTGGAGCGGGATGCGCGGCGGTTTAGCATCACCATTATCGGCGATGAACCTTGCCAGGCCTATAACCGCATTCAGCTCTCGCCGGTGCTTGGCGCGGAGAAAACCGCAGGCGCGACGCGACTGCTGCCCGCAGAGTGGTATTCGCAACAGAACGTCACGGTACGTGCCGGTGAAACGGTTACGGCGGTGGATATGGCGGCGCGTACGCTGCAAACCAGCGCAGGCGAACTTGGCTGGGATGAACTGGTGTTTGCCACCGGCTCGCTGCCGTTTCTGCCGCTGCTGCCGGGCATCACGCTGCCGCACGTTTTTGCTTTCCGCACCCTGGCGGACGTTGAGGGCATCCTGGCCATCGACGGCCCGGCGGTGGTTATCGGCGGCGGCATACTCGGCGTGGAGGCCGCCGCGGCGCTACGCCGTCATGGTGACAGTGTCACTTTACTGCACCGCGGAAACTGGCTGATGGAGCAGCAGACTGATGCCTTTGCTGGCGAACAGCTGCAAATACTGCTCGCCGAGCGTGGGATCGGCTGCGTGATGGAGAGCCGTATCGCCGCCATTGATGAACGTCAGGTACTGCTGGAGGACGGACGCGCGTTTGCCGCCTCGCGGGTGGTACTGGCGACCGGCGTGCAGCCGAACAAAGGGCTGGCCGAGCGCAGCGGGCTGGCGTGCGGTCGCGGAATTCTCGTCGATCGCCGGCTGGCAACCGCGCAGCCGGGGGTTAGCGCCCTCGGCGAGTGCTGTGAAATTGACGGTCAGACCTGGGGGCTGGTGGCGCCGTGTCTGCGCCAGGCGGAGGTGCTGGCGGACCGCCTGTGCGCGATCCCAGGCGAGGATTTCAGCTGGCAGGACAGCGGCACCCGCCTGAAGGTCACCGGCATTGAACTGTTCAGCGCCGGCGAGCTGCGGGCCGATGAGCAGGATGACGTATATACCAGTTGGGATCCGCTGGACCGCCACTACCGTCGCCTGCTGCTGCGCGACGACAAGCTGCGCGGCGTACTGCTGCTGGGTGATTGCAGCAGCGCCGCGCCCCTGACCGCTCTGCTGGGGGCGCATGCGCCAGCGCCGGCAGAGTGGCTCTTCAATCCCTCTTCAACGATGCAGCCGCGCGCTGCGGGACAAACGACGATGACAAAACCTGTATTAGTGCTGGTCGGACACGGTATGGTCGGCCACCATTTTCTTGAGCAATGCGTCAGCCGTGACCTTCACCAACAGTACCGGATTGTGGTGTTCTGCGAGGAGCGCTATGCCGCCTACGACCGGGTTCATCTGACGGAATATTTCGCCGGACGCAGCGCGGAATCGCTGTCGCTGGTTGAGGGCGATTTTTTCGCTCAGCACGGTATTGAGCTGCGCCTGAGCGAATCGGTCGCCAGCATCGACCGCGAAGCGCGGGTGGTGCGCGATGCCTTCGGCCACGAAACCCACTGGGATAAGCTGGTGCTGGCGACGGGCTCTTACCCGTTTGTTCCGCCGGTGCCGGGCCATAATCTCGAGGGCTGTTTTGTTTACCGTACGCTGGACGACCTAGACCAGATTGCCGCCCGCGCCGCAACCGCCCGACGGGGTGTGGTGATCGGCGGCGGCCTGCTCGGGCTGGAAGCGGCCAACGCGCTGAAGCAGCTGGGGCTGGAAACTCACGTTGTCGAGTTTGCGCCGAACCTGATGGCGGTGCAGCTGGACAACGGCGGCGCGGCGATGCTGCGGGAAAAAATCAGCGAGCTGGGCGTCGGAGTGCATACCAGCAAGGCGACGACGGAAATTGTGCGCAATGAGCAGGGGCTGCAGCTGAACTTCGCCGACGGCAGCTCGCTGGCGACCGATATGCTGGTGTTCTCCGCCG
NZ_CP180159.1_gap52	2325580	2330008	4428	GCCTGACCCAGCAGCAGCGTATGGCGAGCGGCTACGATGTCACCGCCCAGGCGCGGCTGCCGTTTTATCAGCACATTAATACCAGCGTCAGCGTGGAGCAGTATTTTGGCGATAGCGTCGATCTGTTCCATTCGGGTACCGGCTACCATAACCCGGTCGCGGTGTCGGTGGGGCTGAATTACACTCCCGTTCCGCTGGTCACGGTGACGGCTAAGCATAAGCAGGGCGAGAGCGGCGTCAGCCAAAATGATGTCGGGCTGAAGCTGAACTATCGGTTCGGCGTCCCGCTGAAGCAGCAGCTGGCGGCCGATGAAGTCGCCGTTAGCCGATCACTTCGCGGCAGCCGCTACGACAGCCCGGAACGGGATAACCTGCCGGTGGTTGAATATCGGCAGCGTAAAACGCTGTCGGTTTATCTGGCGACGCCGCCCTGGGATCTTCAGCCCGGGGAGACGGTGCAGCTGAAACTGCAGATTCGCAGCCTGCACGGCATTAAGTCGCTGAGCTGGCAGGGGGATACCCAGGCGCTAAGCCTGACTTCGCCAATTGAGGCGAACAGTACGGACGGCTGGACCGTGATTATGCCGCGCTGGAGCAGCGAAGCCGGGGCGAGCAACCGCTGGCATCTTTCGCTGGTGGTGGAGGATAAAACGGGTCAGCGCGTCTCATCCAATGAGATCGCACTGGTGCTGACTGAGCCGTTGGTACGGGTACCGGCCGAGGGCGTGTCGTGGCAGCATCAGCCCTAAAATACGCGCTCCTGATGGACCCAAACTGCCGCTTCCACGCGCGATTTCAGCTTCATTTTCTTGAGCATATGCTTGACGTGGACTTTGACGGTACTTTCGGTGATATCCAGACGGCGGGCGATCATTTTGTTCGGCAGGCCCTGGGCAATCAGCTTGAGAATATCGCGCTCGCGCGGGGTCAGCTGGCTGATGTCGCGGTCCGAGGTGGCGCGATTAGCGCGCAGGCTGGCAGCCAGCACCGGGGTTAACGCTTCGCTGAGCACCATTTCGCCTGCCGCGGCCTGCTGCAGCGCCTTCAGCAGATCTTCCGGTTCCATATCCTTCAGCAGATAGCCGTCGGCGCCGCGTTTCAGGGCGGTCACCACATCTTCTTCATGATTGGAAACGCTAAATACCACCACGCGGCCGGAAAGCGACTTTTCGCGCAGCTTGTCGAGGGTTTCCAGACCGTTCATGCCCGGCATATTGAGATCCAGCAGAATCAAATCGGGATCTAATGATTCCGCCATCGCAATCCCTTGCTCGCCGTTGCTGGCTTCACCGATAACCTGGATGTCCGGGGCCATGCTGATCAGCTGTTTGACGCCGGTGCGCAGCATCGGGTGATCGTCGATGAGAAGGATGGTTGCCCGTTCCTGTTGACTCATGAAGTTCTCCTTATTGGATTGAAAACGATTTTTCAGGGATAAAAGTGACCACCACTTCGGTACCGCCGGTTTCCCGACGCCGAACCTGACAGTCCCCGCGCAGGCTCTGCGCGCGATCGCGCATGATAATCAGGCCGTAGTGGTTGCTGCGCTCCGCATGGTCCGGTACGCCGCGACCGTTATCGGCCACCGTCAGCCGGACCTGATTGTCCCGCAACGCCACGGTAACGCTGACGTCGGTGGCATTGGCGTGTTTCAGCGCGTTGCTGAGCGCTTCCCGGGCGATTTGTAGCAGATGAATGGCCTGATGCGATGGAACAAAACGCGGCGGCAGCTGATAATCCAGGCGTACCGTAAAACCAAAGTGGGCGCTGTATTCCCGGCAGCTGGCCTCCAGCGCCGGGCGCAGCCCCGGTTCGGTGAGCTGTAGCCGGAAGGTTGTCAGCAGTTCGCGCAGCTGGGCCCAGGAGGTATTGAGTTCATTACGGATTTGCCCCAGCAGCTGGCGGCTCGCTTCCGGCAGATCGTCGCCCTGCATCTGCAGGCAGCTAACCTGCATTTTCATACAGGAGAGCGACTGGGCGATGGAGTCGTGGAGCTCGCGGGCGATAGTGGCGCGCTCCTCCATCACGATAAGCTGCTGCTGGCGCTCCTGATGGCGATCGAGGGCGAGGGTGCCGGTGAGTTGTTCAACCAGCGTATCCACCAGCTGCTGCTGATCGTGGCTCAAATGCCGCCCGGCGGGCAGGGTGGCCAGCAAAATACCGTACTGATTATGGGCATCCGACAGCCGCCATTTTAAGGTGGTGCCGGTATCCGGCAGCGGCGGCAGATCGCGCGGACACAGATAGCAGCCTCTGTCGTCGCACTGAATATCGGAGTGGCAGGAAAACTCCTGATGGTTGTCTTCATCTTCCATATCGTAAACGCGAACTTCAATATCGCGCAGCAGGGTTAGCCCCTGTAACCCGTTAAGAACGGGCGAAATGCGCTCGCAGAGCGGCGCGTTCGAGTGCAGTCGGCGGTTGGCCTGCCACAGGAAGGCGAGGATCTCGTTTTTCTGCTCCAGGCCCGCGGTTTTTTCCTGCACCCGGCGTTCCAGCACCGAATAGCTCTCCGCCAGCTCTTCAGACATATTGTTCAGCGCCATACCGAGCGTCGCCATCTCGTTGCGTCCGCTAATCTGCGCGCGGTGGGTAAAATCGCGTCGGCTCACCGCTCGGGCCATGCCGAGCAGCTGTTTCCACGGGCGCAGCAGGCGGGCGCGCAGCCAGACGATGGTAAACACCAGCAGCAGCGCCATCCCCACGGCCATGATGCGCTGGATCCAGACTACGTGTTTAATCCGCTCCTCGGTGGTGTGATCGAAAGCGGTCACCAGCTGGTCGATGCGATCGACAAAGCCGGCGACATCCGTCGCGACCGAGGCCTGATTTTGCGCCCTGCGCATTCCCGGCGCCAGCTCCAGCTGCCAGTAGTGCTGTAACGCCTGAAGCTGGCGCTGCTGATCGTCATGGCGAGCGGCGTACTGCAGTTCCGGGCTAAAAACGGTTGCCGTCATTTCATCAAGCAGCTTTTGATCGTTTTCGCCCAGCGGTACTGCCGCCAGCAGGCGGTAGCTCTGCATGCGCAGCGAGCCGGCTTTGTTAATCGCATGCGCGCTGCCCTGAACGCCGTGCACCAGGCGAGAAGAGATCGCCATTCCGGCGACGCCGATGACCGTGGCTAACAGAACGATTAACGCGAGTTGATTAACCAGCGTTAGCGGCGTAAAAAGACGTTTCAACATGGGGTATGAGGCTCCTGACCGGCAAATCATCCGGGAGTGGCGCTTATTCTCGGACATCCCCTGGAGTATACCCATACCCCTAAAGGATTACCCCTTAATTGTCAGGGTGCGATGGGCTGGTGGCAGACGTTCGGGCAATGCCAGCACTGGCGTGAAAAACCACACTTTTTTACGCAGAAATAGCTACTCACTTCGGGTGATGCGTTTTTTTTAGCCAAATTAGCGCCAACTTTTCCTTTGATTTATATCAACTTACCGCCGCCTGTAACCCATAAGGTAGCCAGGGTTAATATGAATTATTAGAGGTGTCTATGAGTCACTCTTCAATCCCGGAGAAGACTAACAGTTCAGTCATTAGCGACTGGCGTCCCGAAGATCCTGAATTCTGGCAGCAGCGCGGTCATCGCGTCGCCAGCCGTAATCTGTGGATCTCCGTCCCGTGTCTTTTGCTGGCATTCTGCGTCTGGATGTTGTTCAGCGCCGTTGCCGTCAACCTGAATAAAGTCGGATTTCAGTTTACCACCGACCAGTTGTTTATGCTGACCGCGCTCCCGGCGCTCTCCGGCGCGCTGCTGCGGGTGCCTTACGCGTTTATGGTACCGCTGTTCGGCGGACGTCGCTGGACCGCGTTCAGTACCGGGATCATGATCGTGCCCTGCGTCTGGTTAGGCTTTGCGGTACAGGATACCTCTACGTCCTTCAGCGTTTTCGTGATTATTTCTCTACTCTGCGGTTTTGCGGGGGCGAACTTTGCTTCCAGTATGGCTAACATCAGCTTCTTCTTTCCGAAACAGAAGCAGGGCGGCGCGCTGGGCATCAACGGCGGCCTCGGGAATATGGGCGTCAGCGTAATGCAGCTGGTTGCTCCTCTGGTGATTTCGCTATCGATCTTCGCCGTCTTTGGCGGTACCGGCAGCGAGCAGCCGGACGGTTCCATGCTGTATCTGGAAAACGCGGCGTGGATCTGGGTGCCGTTCCTGATTATCTTCACCCTGGCGGCGTGGTTCTTTATGAACGATCTGTCGGCGTCGAAGGCGTCGCTGAGCGAGCAGCTACCGGTACTGAAGCGCGCCCATCTGTGGATTATGGCGCTGCTCTATCTTGCCACCTTCGGATCGTTTATCGGCTTCTCGGCGGGCTTCGCCATGCTGTCGAAAACCCAGTTTCCGGATGTGCAGATTCTGCACTATGCCTTCTTCGGGCCGTTCATCGGCGCACTGGCGCGCTCAACCGGCGGGGCGAT
NZ_CP180159.1_gap53	2369852	2373000	3148	TCCGTCAACTGTGGATTGCGCGTATCAACGCAGCAGCACGTCAGAACGGTATTTCTTACAGCAAATTCATCAACGGCCTGAAAAAAGCCTCTGTTGAAATCGACCGTAAGATCCTGGCTGACATCGCCGTATTCGACAAATTAGCGTTCACCGCGCTGGTCGAAAAAGCGAAAGCAGCTCTGGCATAAGCCAGTTGAAAGAGGGAGCTTGTCTCCCTCTTTTCGTTTCAAGACTATCAATACATTGACTTTTATCCGCGTAAGCTTTTCAATATCGATCTTACGTTTTTTACCAGACAAGGTAATGCAAGCATGAATGCTGCTATTTTCCGCTTCTTTTTTTACTTTAGCACCTGAACTCAGGAGGCTAGCGCGTGAAAGAAGAAACGGAAAACAGCGCCAAAAAGCCTCCCACTGTGGAGGCTTTTTTTGTATCTGAACTGGCTTGTTCTATTTCAAGCTCCAGACGTGCGGATTGACCGGGTCATTCGGTCAAATGGCGAATGACCCGCCGTCTGCGGCTCGAAATAGTGAAAGCAAAATAATAACCATAACCGGTGTCTGCACCGACATAATGAGGAAAACCATGTCACATCTCGCAGAGCTGGTTGCCAGTGCGAAGGCAGCCATTAACGAGGCATCAGATGTTGCTGCGCTGGACAACGTCCGCGTGGAATACCTGGGTAAAAAAGGGCTCCTGACCCTTCAGATGACGACCCTGCGTGAGCTGCCTGCTGAAGAGCGCCCGGCAGCCGGCGCGGTTATCAACGAAGCGAAAGAGCAGGTCCAGCAGGCGCTTAACGCGCGTAAGTCAGATCTTGAAAGCGCCGCTCTTAACGCGCGCCTGGCCTCGGAAACCATCGATGTCTCTCTGCCGGGGCGTCGTATTGAGAACGGTGGCCTGCATCCGGTGACCCGTACCATCGATCGTATTGAAAGTTTCTTCGGTGAGCTCGGCTTTACCGTCGCGACTGGCCCGGAAATCGAAGATGACTACCACAACTTCGATGCGCTGAATATTCCTGGCCACCATCCGGCACGCGCTGACCACGACACTTTCTGGTTTGATGCCACGCGCCTGCTGCGTACGCAAACCTCAGGCGTGCAGATCCGCACCATGGCTAACCAGCAGCCGCCGATCCGCATTATTGCGCCAGGCCGCGTCTATCGTAACGACTACGATCAGACCCACACCCCAATGTTCCATCAGATGGAAGGCCTGATCGTTGATACCAACATCAGCTTTACCAACCTGAAGGGAACGCTGCACGATTTCCTGCGTAACTTCTTTGAAGAAGATCTGCAGATTCGTTTTCGTCCGTCCTATTTCCCGTTCACCGAGCCGTCGGCCGAAGTCGACGTTATGGGGAAAAACGGGAAATGGCTGGAAGTGCTCGGCTGCGGGATGGTGCATCCAAACGTACTGCGCAACGTGGGTATCGATCCGGAAATCTATTCCGGCTTTGCCTTCGGCATGGGTATGGAGCGTCTGACCATGCTGCGCTACGGCGTGACCGACTTACGCGCGTTCTTCGAAAACGATCTGCGTTTCCTCAAACAGTTTAAATAAGGGCAGGACAGAACAATGAAATTCAGTGAACTGTGGTTACGCGAGTGGGTTAACCCAGCTATCGATAGCGAAGCGCTGTCGGACCAGATAACGATGGCCGGCCTTGAGGTTGACGGCGTTGAACCGGTTGCGGGCAGCTTCAACGGCGTTGTCGTTGGGGAAGTGGTTGAGTGCGCTCAGCACCCTAATGCTGACAAACTGCGCGTCACAAAAATTAACGTCGGCGGCGAACGCCTGCTGGACATCGTCTGCGGCGCGCCAAACTGCCGTCAGGGCCTGAAGGTTGCCGTTGCAACCATCGGTGCCATACTGCCGGGCGATTTTAAAATTAAAGCGGCAAAGCTGCGCGGCGAGCCGTCGGAAGGCATGCTGTGCTCCTTCTCCGAGCTGGGGATCTCCGACGATCACAGCGGTATTATCGAACTGCCTGCCGACGCGCCGCTGGGTACCGATATTCGTGAATACCTGAAGCTTGACGATAACACTATCGAAATCAGCGTCACGCCAAACCGTGCCGACTGCCTGGGTATTATCGGCATTGCCCGCGATGTCGCCGTGCTCAACAAGGCGCCATTGAATGTCCCGGAAATGACCCCGGTGGCCGCGTCCATCGACGACGTTCTGCCAATTCAGGTCGATGCGCCGGAAGCATGCCCGCGCTACCTGGGCCGTGTGGTAAAAGGCATTAATGTCAAAGCGCCGACGCCGTTATGGATGAAAGAGAAGCTGCGCCGCTGCGGTATTCGCTCCATCGATGCCGTGGTTGACGTGACCAACTACGTTCTGCTCGAGCTCGGCCAGCCGATGCACGCCTTCGATAAAGACCGCATTGAAGGCGGAATTATCGTGCGTATGGCGCATGAAGGCGAAACCCTGGTCCTGCTCGACGGCTCCGAGGCGAAGCTGGATACCGATACTCTGGTTATTGCTGACCACCAGAAAGCCCTGGCTATGGGCGGAATTTTCGGCGGCGAGCACTCCGGCGTAAACGATGAAACGCAAAACGTTCTGCTGGAATGCGCGTTCTTCAGCCCGCTGTCCATTACCGGCCGCGCCCGCCGTCATGGTCTGCATACCGATGCTTCCCACCGCTACGAGCGCGGCGTGGACTCCGCGCTGCAGTATCAGGCAATGGAGCGCGCAACCCGCCTGCTGATGGATATTTGCGGCGGTGAAGCGGGCCCGATTATTGACGTGACCAATGAAGCGACTCTGCCGAAGCCTGCGACCATCCGCCTTCGCCGCAGCAAACTGGATCGTCTGATTGGCCATCACATTGAAGATGCGCAGGTTAGCGACATTCTGCGTCGTCTGGGCTGTGAAGTTACCGAAGGCCAGGATGAGTGGCATGCCGTGGCGCCGAGCTGGCGTTTCGACATGGAGATCGAAGAAGACCTGGTCGAAGAGGTTGCCCGCGTTTATGGCTATAACAATATTCCTGACGAACCGGTGCAAGCGGGCCTGATCATGGGCAGCCACCGCGAAGCGGATCTGTCGCTTAAGCGCGTGAAAACGCTGCTCAACGACAAAGGCTATCAGGAAGTGATTACCTACAGCTTTGTTGATCCGAAAGTACAGC
NZ_CP180159.1_gap54	2402010	2406086	4076	CTTTCAGCAGCAGTTTTCTGCTCGGTAGCTCGGTGCTGCGCCACCACACCAGCACGCAGTTGAAGGGGGAAAACAGCACCCTGCGGATTAACTCGCTGGCGATGCCGGTCAACGGCGAAGTCTGCGACAGTCGCACCTGGCTCGATCATCAGGTCGGGTACTGTAACAGCCGCCAGCTGCATAAAACCATCGTCAACGACAAAGGGCGGGCGGTGTTTAACGGCCTGATTAACGTCGCGCCGCATGCGATCAAAACCGATGGCCAGATGACCAACAACAACCTGCTGCTGGGCCGCTTATCGGAAGTGGATACCAAACCGCAGCTGGAGATTTACGCTGACGACGTGAAGTGCAGCCACGGTGCGACCATCGGGCGTATTGATGACGAACAGCTATTTTATCTGCGCTCACGCGGCATTACGCAGCAGGCGGCGCAGCAGATGATTCTTTACGCCTTTGCCGCTGAGCTCACGGAAGCGATCGACGATGAGGCGCTCAGGCAGCAGATACTGGCGCGTATTGGCCAGCGTTTGCCGGGAGGTAAGGCATGACATTTTCTGTGGAACGCGTGCGCGCGGATTTCCCGCTTCTCAATCGCGAGGTTAATGGCCAGCCGCTGGCCTATCTCGACAGCGCCGCCAGCGCGCAGAAGCCGGAAGCGGTGATTAACGCCGAGGCGGAATTTTACCGCCACGGCTATGCGGCGGTGCATCGCGGCATTCATACCCTCAGCGCGGAAGCCACGGCGAGCATGGAGCAGGTGCGCCAGCGGGCGGCGACGTTCCTCAACGCCCGCTCGGCGGAGGAGCTGGTGTTTGTTCGCGGCACTACGGAAGGCATTAACCTCGTGGCGAACAGCTGGGGAAACGCCAACGTCGGCGCGGGCGACAACATCATCGTCAGCGCGATGGAGCATCACGCCAATATCGTGCCGTGGCAGATGCTGTGCGCCAGAGTGGGGGCGCAGCTGCGGGTGATCCCGCTGAACCAGGACGGTACGCTGCAGCTGGATGCGATCCCCGGCCTGTTTGACGAGCGCACCCGCCTGCTGGCCATTACCCAGGTATCGAACGTGCTGGGAACCGAAAATCCCATCGCCGCTCTGACGGCGTTGGCCCATCAGTACGGCGCCAAAGTGCTGGTGGACGGCGCGCAGGCGGTGATGCACCATCCGGTGGATGTGCAGGCGCTGGAGTGCGACTTTTACGCCTTCTCCGCCCACAAGCTGTACGGTCCCACCGGCATCGGCGTGCTCTACGTCAAGCAGGACATTTTGCAGGAGATGGCGCCGTGGGAAGGGGGCGGGTCGATGATCGCCACGGTCAGCCTGACGGAAGGCACGACCTGGGCAAAAGCGCCGTGGCGCTTCGAGGCGGGAACACCGAATACCGGCGGCATCATCGGGCTGGGCGCGGCGCTGGATTACGTCAGCGCGCTGGGGCTGACGCACATCGCGGAATATGAACAGACCCTGATGCGCTACGCGCTGCAGGCGCTGGAGAGCGTGGCGGATTTAACCCTTTACGGCCCGCCAGATCGCCTGGGAGCGATCGCCTTTAATCTCGGCAAACATCATGCTTATGATGTCGGCAGCTTCCTCGATAACTACGGTATTGCGGTGCGGACCGGGCACCACTGCGCCATGCCGCTGATGGCGTTCTACGGCGTGCCGGCCATGTGTCGGGCATCGCTGGCGATGTACAATACGACGGAGGAGGTGGACCGACTGGTGGCGGGGCTACAGCGGATCCACAAATTATTAAGCTAAAGGAAGCAACTATGGCGGCGTTACCGGACAGAGACAAACTGCTGCGCAACTTTAGCCGTTGTGCGAACTGGGAAGAGAAGTATCTCTATATTATTGAACTGGGTCAGCGCCTGGCGCCGCTGAGCCCGGAGGAACACACCGCGCAGAACATCATTCAGGGCTGCCAGAGCCAGGTGTGGATCGTGATGACGCAGGAGCAGAGCGGCGCGATTGCGCTTCGCGGCGACAGCGATGCGGCCATCGTCAAAGGCCTTATCGCGGTGGTGTTTATCCTCTATGACCAGATGACGGCCAAAGATATCACCGCGTTTGACGTGCGTCCGTGGTTTGAAAAAATGGCCCTGACGCAGCACCTTACCCCCTCGCGGTCGCAAGGACTGGAAGCCATGATCCGCGCAATTCGCGCGAAAGCAGCAAATCTTAGCTAGAATAAAACAGTAGATTTCATTCTGTTATGCACGACGGGAGGCTCGCCTCCCGTCGTGCATAACAGGCCTGGCGTTTTATCAGCGAAAGAAGGAATCTCAGTATGAAACGCGCTTCTCTTATCACCCTTGCCCTTCTGAGCGCCCTTAGCGCGTCCCACGCTGCCTGGGCCGTTGATTACCCCCTTCCTCCTGCCAACAGTCGTCTGATTGGTGAGAACCAGTTCTGGACGGTACAGGAGGGTGACCGCAACCTGCAGGCGATTGCCCGTCGTTTTGATACGGCGGCGATGCTGATCCTTGAAGCGAACGATACTATTGCGCCGGTACAGCCTAAACCGGGTACTCAGGTGCTGATACCTTCGCAGATGCTGCTGCCGGACGTGCCGCGCGAGGGCATCGTCGTCAACCTGGCCGAGTTGCGCCTGTACTACTTCCCGCCGGGCGTCAATCAGGTGCAGGTCTATCCCCTGGGGATTGGTCAGCAGGGGCTGGAGACGCCGGAGATGACAACCCGCATAGGGCAGAAAATCCCGAACCCCACCTGGACGCCGACGGCGGGCATCCGCGCCCGTTCGCTGGAGAAGGGGATTAAACTGCCGCCGGTCGTGCCCGCAGGGCCGAATAACCCGCTAGGCCGATATGCGCTCCGTCTGGCGTACGGTAATGGTGAATATCTGATTCATGGCACCAGCGCGCCGGACAGCGTGGGTCTGCGCGTCAGCTCAGGCTGTATGCGCATGAACGCGGCGGATATCCAGTCTTTATTCAATCAGGTGAAAAGCGGGACGCCGGTACGGATTATCAACCAGCCGGTCAAGTTCGCCGTGGAGCCGGACGGTAAGCGTTATGTTGAAGTTCATCGCCCGTTGACGCCGGATGAGGCCAGCAATGCGCAGACCATGGCCTATACGCTTCCGGCGGAGTTTCATCAATTCTCGGGGGATAAAGCGGTTGATGAGGCGCAGCTTAAACGCGCGCTGACCCGGCGGGCAGGATATCCGGTGGTGGTATCCGCGAGCGGAGGCACCGCGTCGAGCCTGTCGGTACAGAATAATACGCCGGTAGATGAAGCGAAAAGGGTGCAGTAGGCGGGAAAAGGTAAGGCAAAAAAAATGGCGCACAATGTGCGCCATTTTTATTACACAGATACTATTACTTGCGGTATTTAGTAGCTGCGTTGTCCAGACGCTGGTTAGCGCGAGCTGCGTCATCTTTAGCAGCCTGAACGTCGGAACGCATTGCGTTCACGTCGTTGCTCAGCTGGTCAACTTTAGCGTTCAGAGTCTGAACGTCAGAAGACAGCTGATCGATTTTAGCATTGCTGGAGCAACCAGCCAGCAGAGTAGAACCCAGGATTACCGCGCCCAGTACCAGTTTAGTACGATTCATTATTAATACCCTCTAGATTGAGTTAATCTCCATGTAGCGTTACAAGTATTACACAAACTTTTTTGTGATGAGAATATTTTTTTACCTGAATGCACTTATTTTTGATCGTTCGCTCAAAGAAGCATCGAAATCATCACGTAACGTTAAAAAGGCGAGTGAAAACAGCGCGCTTCCATCGGATTCATCTTAGATAATCTCGCATTAAATAGTAAATTCCGATTTGCATTTTTATTAATAGCGGCTAGTACCAGAATAAAAAAAAGCGCCCCGAGAGGCGCTTTTAAAGGAAATACTAATTAACCTGTAAATTATTACAGCACGTGCACGGAAGCGGTATTGGTGGTTCCGCTCGGGACTAACGCGCCGGAGACCATAACAACCACGTCGCCTTTGCGCGCCAGGCCGCTCTGCAGCGCCAGCTCTTTACCCTGGATATAGAAGGCATCGGTAGAAGAGATATCTTCAACCAGCTGCGCCACAACGCCTTTGCT
NZ_CP180159.1_gap55	2413502	2415253	1751	GGGCGTGGCTGATCCGTGAAAACTTAACCGATCTGTTTATCGGCTATGCGCACTACGCCGCGCAGATGGCGGCTTACGACGACCTGCATACCCTGCTTATTCCGCCATCGTGGAATGTTCGCTGCGACTACCTGCTGGCGCAGATTGAACAGAGCGCCGGGGCGCAGCGGCTGTGCCGCTTTATCCTCGGCGCGGAGGGGCAGCGCTTACTGAAAAACGCCGGTTTTTTGCCTATCAACGACGAATCGTAAACTGCGGGGCCAGCAGCGGCAGCGCCGACCCGGGGGGATGGACTTTGCGTACCGCTAAACCATACGCGCGCTGAAGATTCGCTTCCGTCAGCACGGCGGCTGATTCTCCCGCCAGCCATTCACCGTCGGGCAGCAGCAGCAAGGTCTGGTTCGCCACCTGCAGGGCGTGGGTCGGATCGTGCGTGGTAAACAGCACCGTCCGCTTCTGGCGATGGGCCAGGTCGCTGATGAGCTGCAGCACCAGCTGCTGGTTGGCCAGATCCAGCGCCGAGCAGGGTTCATCCAGCAGGATATTCTGGCTGGCGCCCACCAGCGCCCTGGCGATAAGCACCAGCTGCTGCTGGCCGCCGGACAGCGCGCAAAACGCCTTGTCGGCCAGCGCCGCGATCCCCAGCTGCGCCAGCGCCTTCTGAACCTCATGTTCGTCTTCCGCTGTCGGCTGAGCGAACAGATTAACGTGGCGCGCCCGCCCCATCAGCACCACGTCGCGCACCTGCCAGCCAAAAGCCGGGCGAAAATGCTGCGGCACGATGGCGAGACCGCCCGCGCAGGTAAACCCACCGCCGATCGGCGTCAGTACCCCGGTCAGGGTATCGAGCAGAGTGCTTTTGCCGCGGCCGTTAGCGCCGAGCACCGCCCAGATATCGCCGGAACGGCACTGCAGGTTCAGAGGGGCGAACAGCGGTCGGCTATGGCCGTAGAGCAGGTGGCTTAACTGTAGGGAAAGGGTCATCAGCGCGCGCCTGTGCGTCGCGACTGCACCAGCAGCCAGGTGAACAGCGGTGCGCCAAGAAGCGCGGTGATGATTCCAATGGGGATTTCGGCCTGGATCAGCGTGCGGGCGAGGTCATCGACGACGATCATAAAACCGCCGCCGAGCCAGAAGGCGGTAGGGAGAAGACGCCGGTGGTCGGCGCCGGCCATCAGCCGCGCCAGATGCGGGATCACCAGCCCGACCCACGCGATGCTGCCGCTGACCGCCACCTGAGCGGCGACCAGCACCGCGCAGCACACCAGCACCCCGCGACGCAGCCCGGTCACCGCAACCCCCAGACCGCGGGCATCTTTCTCTTCCAGCGCCAGCAGGTTAATCCGCCAGCGGAGCTTAAACAGCACCATCGCGGCGCAGGCTACCGGTAGCGCCATCAGCAGGACTTTGTGCCAGCTGGCGGTGGCGAAGCTGCCGAGTAGCCAGAAAACAATATTCGGCAGCGTCTCTTCGCTATCGGCCAGGTACTGCATCATGCTTACCAGGGCGGCAAAAAAGCCGCTGAGGATAATGCCTGAGAGGATCAGCACCAGGGTGCTTTCGCGCCCCTGCAGCGCGGCTATCAGATAGACCAGCATCAGCGCGGCAAGGCCGAAGAGAAAGGTCGAGGCCATCATCAGCGCGGCGTTCAGCCCCAGCAGAATCGCCAGCGTCCCGCCGAAGGCGGAACCGGAGGTGACGCCGATGATATGCGGGTCCACCAGCGGGTTCTGGAACACGCCCTGTAAGGT
NZ_CP180159.1_gap56	2446621	2447637	1016	GCGGGAAAGCGTCGGCATGGTCTTTCAGCGCTTCAATCTGTTCCCGCACAAAACGGTGCTGGAAAACCTGATTATGGCCCCGATGAGCCTGCGCGGCACGGCGCGCGCGGAGGCGGTGCGTCTGGCGGAAGAGCTACTGGCGAAGGTCGGGCTGAGCGACAAGCGCGACGCCTGGCCCTCCAGCCTTTCCGGCGGCCAGCAGCAGCGGGTGGCCATCGCGCGCGCGCTGGCGATGAAGCCATCGATTATGCTGTTTGATGAGCCCACTTCGGCGCTCGATCCTGAGCTGGTGGGCGACGTGCTGGAGGTGATGAAAAACCTCGCCAGCGAAGGGATGACCATGGTAATCGTAACCCACGAGATGGGCTTTGCCCGCGAAGTGGCCGACCGGGTTATCTTTATCGACCAGGGCATCATTCAGGAAGAGGGGAAACCGGCGCAGATCTTTAGCGCGCCGACTAACCCGCGCACCGCCGCGTTTTTAAGTAAAGTGCTGTAATTAATAACGACCCCGGCGCGCGACTGCGCTGCCGGGGAGAAGACCTTGCGCGGACGATGAGGGCGCTTTCGTTCTGCCGAACCGTGACTGCCCTTAAGCGTTACCGCGCCGCCTCGCTAATATCATCCATCTCTTCTTCGCGCTCGCGTTCGTCCGCCAGCAGCGCTTTTTCGCTTTTACCCAGGCACTGAATCAGCAGGAACAGCGCGCCGCTGACAAACAGCGTCATCAGCAGACCATCATACCCCGCGACGCTGATCAGCAATCCGCTGACCACCGGCCCGGCCACGCTCCCCGCGGACCAAAAGAATCCCAGCAGGGCGTTGATCATAATCAGCTTCTGCCCGGAGAAGGTCTTCCCGGCGCGGACCAGCGACAGGGTATAGAGCGCCCCCGCCGCGGCGCCGAGAAGCAGGCAGCCGACAATCAGGTGGATATGCGACGCCAGCAGGAATGGTAAGGCCAGCAGGGCGAGGCAGAAGACCACCGCGCAGGTCAGATGTACGCGGCGGATACC
NZ_CP180159.1_gap57	2459372	2460316	944	CAGCGGATGAAGGGCAAACTGGTTCAGCTGCGCGCCGCGGCGGTCGAGCAGCTCCCGCTGATGCTGGCGGTCAACCAGGATCTCGGCGGCCTGCGGCGACAGCACCAGCTGGTGGTCGATACGCTGAGAGAGTTTGTTCAGAGTGGCGGCAATATTGCCGATCAGCTCGATGTCCGGGGTATAGTTGCGCTCTTCGTAAGCCGGCAGCACGTCGATATGCACCAGCGTGGCGTTGCCGTTATTCCACATGGCCGGTTCGTACTCCACCGGGCTATAGCCGATGCAGATGACCAGGTCGGCGAGATGCAGGAGTCGATCCCCCGCCTGGTTATTGAACAGCCCAACCCGCCCGGCGAAGCGGGTAAAGTGGTCCTGATTCACCGCGCCGGCGGCCTGATAGGTGCTGGTAACCGGGATATGGCTTTTTTTCAGCAATTCACGCAGCGCCGCGCTGTTTTCCGCCTGGCTGGCCATCAGACCGAGCAGGAATATCGGATTTTTAGCGCCGGCAATCATCTTCGCGACTCGCTCAATGGCTTCGTCCGGCGCCGCGCCAGTCTGCGGCGCATCGCTGGCGGGCAGAACCCTGGCGTGGACCGGCCCGTCGACCACGTCCTGCGGCAGGCTGACGAAGGCGCTGCCGGGGCGTCCCTGCTCGGCTGCGCGAAACGCGTTGGAAACCACTTCCGCCAGCGCTTCCGGGGCGGTGACTTCCACCGAGTATTTGGTTACCGGACTAAACATCGCCACCGTATCCATACTCTGGTGCACCTGTTTGGCCTTGTCGGCGCGTTTTACCGCACCGCCCAGCGCCACCACCGGGTCGCCTTCGCTGTTTGCGGTGGCCATGCCGGTAATCAGGTTGGAGCAGCCGGGGCCGGAGGTGACCAGCGCGACGCCCGCTTTCCCGGTGATGCGGCCAACCGCGGCGGCCATGAACGCGG
NZ_CP180159.1_gap58	2522685	2524278	1593	TTTGTTTTTCAATATATTGCATTCGTGTAGCCTGGGGCGTGAAGAGAGGTAAATCATGAAATCAATCACCAGAATAACTTCGGTTTTATTACTTTTGGGTTTTGCTAACGCCTGTGCCAGTGAACAACCTAACAGTCTTAAAACCCCGTGGGACAAATGGTACTTTGCCTTTACTACTCCAAAAGCTTTACCAGCACAGGTTACATTGTTAAAACTGTTGGATGTTGATGGTTATGCATCGACATATCGGACTATCGATCAGCCGCAAGGGATCAGTGTAGGTAAATGGAGTGAACGTAACTCTGCGGGGAACACCCAGTTTAATAAAGCCGACAGGTTGCCACAGATAATGATATTCTGCTGGGACTCAATCATTGATAAAAAGGTTTATCAGTCCAATTTATTCTTTACTCAGGATACTTGGAATAAGATGACAACCTCTTATCCTGATGTCTTAGAACCTGGGAAAAATGCATATCGGCAAACGATGTTAATAGGATTAGCACCGGAAGGAAAAGTACGGGTCTGGTTGAGACAATATGGCCATTCGGATATCCCATTAAATGATACAAAAATAACGACAGTTTCCGGTAAAGACCTTGACATGTGCAAAGGTGAAACGAACTTTCCTAATGGATATGAATATAGCGAGGGTATAAAGAAATTATAAATGGAAAAAAATACCCTTATGGTAATTGGTAATCGTTGTAAATGGTGATTTTTAAAGATGTACATCACAAACCATTAATGTTCAATCATGCTTTTGTGAAAGGTGTTTTTATGAAACCATTTTATGTATTAGTGTTATTTTTTACCTCCGCTCTGTGTTTTGCTGAAACTGTCACTATAGATCCAACATCAACAACTAAAGCAGACGATGCAAATACAATAGCCAATATGTATCGTATGGGCATGGGTGTTCCGAAGGATATGGAAAAAGCATTTGAACTCTATCAGGTTGCTGCTGAACTCGGAAACACGGATGCTCAGGTTGATTTGGGTGATATGTATTACTATGGGAAAGAAACCACTCAGAGCTACGAAAAGGCCAATTACTGGTATGAGAAGGCTGCAAAAAATAATAGTGCCAAAGCTCAGATGTATTTAGGTTACGCATACCTTAATGGTAAGGGCGTCGCTGTGGATTATGATAAAGCCAAAAGTTTTCTTGAGCTTGCAGTTAAACAAGGCGATCCTTCAGCCATGAATCATTTAGGTACGATGTATTATGATGGTAAAGGAATTGCTGTAAATAGAAGAAAGGCCATCCCACTATTCCAAAAAAGCTGCGCTGCAGGTGATTCTAATGCGTGTGATAAGTTAAAAGAAATTAATATAGAGAAATAATGTCTTACCTGCATAAAGAAATGAATATCCGAAAATGAAAAAGGGAGATTCGCATGTCCAAAGGCTTTGTATTGATTGGTGATAAAACCACGCATGGCGGCCAGGTCATTTCTGCCTCATCAACAATGGTAGTAAATGGAAAAAATGTTGCCCTCGTGGGTGATAAGGTCAGTTGCCCAATAGTGGGGCATGGCATTAATGCCATTATTGAAGGATCGCCTGAATGGACCTCTGACGGTAAAGCCG
NZ_CP180159.1_gap59	2525891	2528754	2863	GCAACTGACCCCTGGTCTTACGGCTCAGCTCTGGCAGGAAGACTGCGGCACGCTGTTGCTGTGGGGCGGCGACCTCAATACGCCGGCAGACAGTGCCTGGCTGACCGCGCTGCGAAAACTGCGCCGTTGTCCGGTAGATGGGCTGGTGTGGGTCACTTCTGCGTTTGACCAGCTCTCAGCACCAGGGCTGGAGCAGCCGCTGCCGGTACCTTCAGACAGCACCATGGATTCGCTCTCCCACGCCATCAGCAACCGAATGGATATACTTGGCTGGAAACTCCCGCTGTATGTCTGGTCCCTGCACCCGCGCGCCGGTCAGCCGGAAGGGCGCATTACGCAGGCAACCGGCTGTCTGTTGCCTGCCGGTTGCCGTACTGAAGGGCTGGCAGAGCAACTGTCCGCCCTGACGCCAGATTTGACTTCACAGGGTCTTCAGCAGACCTGCGGTGAGGTGAAACATAACTTCCTGCTGACGCTTGCCGACCAGCTCATTCGTGAGCCGGAAAGCGTGACCGCACCGCTGTCGGTGATGCTTAATCCGTACCGCCCGCTGCCGCTGGCCGGTGTGGTATTCAGTCAGCCCTCTGATGGTGCCGAACGTGCCGTGACGCACCACTGGGGCATGGATAAGCGCTGGGATGTTTTGCCTGAGTCTGTCCGCACACTTCCTGCCGGGCTGCGCCCGCGCAAACCGGGCATTCCATGGCGTAAAGTGTTTGCGTCTGTCGTCGCCCTGGCGATGGTGAGCTGGGCTGCATGGATGGGCATCGCGTATGTCACCAACCGCAGCCAGATTGACGGCGCGAATGCCCAGGCCGCACTTGCCGCCCGACAGAATCAGCCGCTGGAGCAGCGTCTGCACGCGCTGTCTGAACTGCAGAAAACGCTGGCCCGACTGCAGTACCGTTCAGAACACGGCGTGCCGTGGTACGAGCAGGCCGGGCTGAGCCAGAACAATGCGCTGCTGGCCGCACTCTGGCCACGCTATCAGGACAGCGCATTGCCGCTGTTGCGGGATGCGGCCGCAGAGCATCTGCAGACTCAGCTCACTGCCTTTAATGCGCTGCCGCCGGGCAATCCGCTGCGCGAGCAGATGGCAAAAAACACCTATGACCAGCTCAAACTCTACCTGATGCTGGCGCGTCCGGAACATATGGACGCAGCCTGGTTCAGCGCTGCATTGCTGAATGACTGGCCGGTGCGTGACGGTGTAAAAAACGGCGTCTGGCAGGGTATGGCTCCGTCGCTGCTGTCGTTCTATGGCGCACAGCTGGTCACTCATCCTGAGTGGAAACTGCGAGCCGATGAAAACATGGTCAGCCAGGCGCGCTCCCTGCTGGTTCGCCTGATGGGCGTGCGTAACAGCGAATCGACCCTGTACCAGAAGATGCTCTCCCGGGTGGCGCACCTGTATGTCGATATGCGACTTGAAGACATGACCGGGGATACCGATGCATCAAGGCTTTTCAGCACCACGGAAATCGTGCCAGGCATGTTTACCCGCCAGGCCTGGGAGCAGGCCGTGCAGCCCGCCATTGAAAAAGTGGTGAAGGCGCGCCGGGACGAGCTTGACTGGGTGCTGACTGACAGCAAGCGTCCGGTCAGTAAGCAGGATGATATCTCCCCTGAAGCACTGAAAAAGCGCCTGACGGAGCGTTACTTTGCGGACTTCGGCGGGGCATGGCTTGAGTTCCTCAACAGCCTGCGCTGGAATCAGGCCGCCACGCTGTCGGATTCCATTGACCAGCTCACCCTGATGGCCGACGTGCGGCAGTCGCCTCTGGTGGCGCTGATGAACACCCTGAACGTGCAGGGGCGTACCGGGCAGACCGGTGAAGCCATTTCGGATTCGCTGGTGAAATCAGCGAAAAACCTGCTCGGCGGTGACAGGGATGCCATTGACCAGAGCGCCGGTGTTCACGGCCCGCTGGATGCGACCTTTGGTCCGGTGCTGGCGCTGATGGACAAGAGCCGCACGGGGGGGCAGGAACAAAGCCTGCAGTCGTTCCTGACCCGCGCGACGCAGGTGCGCCTGCGCCTCCAGCAGGTGACCAATGCCGCCGACCCGCAGGCGATGACACAGACACTGGCGCAGACCGTATTTCAGGGTAAGGCGGTCGACCTGACCGAAACCCGCGACTACGGCAGCCTGATTGCCGCCGGTCTGGGCCAGGAGTGGAGCGGTTTTGGCCGTACCGTGTTTGTTCAGCCGATGGAGCAGGCCTGGCAGCAGGTACTGACCCCGGCGGCGGAAAGCCTCAATGCCCAGTGGCAGCAGGCAGTGGTTGCTGAGTGGAACAGTGCCTTCGGTGGACGCTATCCGTTTACTCATTCCAGCAGTGATGTATCCCTGCCACTGCTGGCTAAATACCTCAATGCGGATTCCGGGCGTATCGCGCAGTTCCTGCAGACCCGCCTCAGGGGCGTGCTGCACAAAGAGGGCAATCACTGGGTGCCGGACAGCATCAACTCGCAGGGGCTGGCGTTTAACCCGGCATTCCTCAATGCCATCAATACCCTGAGCCATATCTCGGATGTGGCCTTCACCGAAGGCAATGCCGGGATGCACTTTGAGCTGCGCCCGGGTACAGCCGATGGCGTGATGCAGACCGACATGATTATCGACAGCCAGAAGCTGACGTATGTGAACCAGTTGCCTGCATGGAAGCGCTTCGCCTGGCCTGCGGATACCGAAGCACCCGGTGCAGCCTTAAGCTGGATAAGCACGCAGGCAGGAACCCGCCAGTACGCCGATATCCCTGGCGCCTGGGGCTGGATACGTCTGCTCGATAAAGCTTCGGTCAGTGCTTATCCGGGCGTTGACAGCAGTTACAGTCTGAGCTGGAAAGCACAGGACGGACGC
NZ_CP180159.1_gap60	2611173	2615637	4464	CAGCGCCATGGGTTCCGGGGTGAAAAAGGCAAAGCGTCCCACCGCCACGGCGTAAAGTTTGCTCGCCATGGGCAGGCGCGCCTGCAGCGCGACGGTCATGTCACGAAGCAAATTCTCTACGGCCAGCATCCCCAATGAGCGGGCCATCTCGTAGGCAAATGGCATATCAATGCAGTCAATAATGATCAGCCTGAAAGTACCCTCCGCCGACACCTCAATATCCTTGAGCAGGCGCTGCCGATTGGGTAAAAGCGTGACGACGTCGATATACCCCACTGAGTGCCAGGAGGCTAAGAAATCCGATATCAGCTCGGCCAGCGCCTTAAAAATAGCGATCTGCTCATCCGAAAGTGCCCTGGGTTGCGTATCTAAGATACTCAAGATACCCACGGTCACTCCATCGCGGGTTCTCAGCGGGCATCCTGCATAAAAGCGAATGAATGGCGCTTCTGTGACCGCCCGCTCGCGATGAAAGATCGGGTGCAGATGCGTATCAGGACAAAGGAAAGTCTCACCCTGTTTCAGGGTCTGTTCGCAAAATGCTCCGGCCAGGCTGGTGTCCGTGGGGGCGATATTCTGAGCGGATTTGATGTACTGCTTTTCATCATCAAGTATTGACACAAAACTCATCGGCATTTTTAACAACTGGCAGAGGAGATGAGTGTATTTTTTTAACGCTTCGTCTCGCCCTTCGTCCGCGTTTTTTAACAGGTCAATCGCCGCGCGTCTTTTGCTTTCATCGCTGCTGAGATCGTTCAACATATGGATGCTCCCGTGCAGTAGATATTCCGGTTATCCCAACCCACTAAAGGTGTGTATCTCTATACTCACGACGGGTGTCGATACTGGCCAGGCGCCAGCGCTATCGCTTCACAGTAGAATGTTTTCCGTTGATTGTCTGCAAAAGAGTATCACCCGCCCGGCAAGTCATGAGGCGCGCCGCGCGGTGAAGCGCGGGTTTTGCGTTGGAAAAGCAATTTCAACACTGATGTTCGGGTCGGGAAGAGGCGATGTGATTCGCAAAAGAATGTGCGGAGTAACATCGCGTTAGCGAACCCGTTCCGGCCTGGCGTCAAGCGTAACCCCTGTTTTAAAAATAATTAACAGGAGGTTGAATTGGCTCTTGCGGCTAACTCCGCACAAACAGCTATTCCATCACCACATGCCTGAATTAATTGTCCCAGGCGTGCGGGGCGAACAGGTAACCTTTATTGCGTACCGTTTTGATACGATATGGCTCAGTCGCATTATCGAGAAGCTTTTTACGCAGCCGCGAGATGGCGACATCGACGCTACGGTCCATACCATCGTAGCTGACGCCGCGCAGATTTTTTAATAACGCGTCCCGATCCATAATTTGTCCAGCATGTGTCGCTAACTCCCACAGAAGATCGAAATCCGCGGTGGATAAGGCGACGCTTTCGCCGCCGAGCATCACCTGTCGATTCACCGGGTCGATACTCAGGGAGCCGAAGGCGATCGCTTTATGCGGGGTGAGCGAGGAGGGGACGCTGCCGTCCGGCACGGCAATATGCTGGCGCAAATGCAGGCGAAGGCGAGCTAACAGCACCGCGGGCGGCGTGGTTTTCAGGATATAATCGCTGGCGCCCATTTCGAGTGAGAGAATATGGTTCATATCGCTGTCCAGTGAAGTGAGCAATACGATTGGCCCCTGCCACTGGCCGCGTAAATCGCGACACAGCGTCATACCGTCTTTACCCGGCAGCATGATATCCAGCAGCACCAGGTCCGGCTTTTCGCGCGCGATAACCTCTTCCGCCCGATCGCCGCGCGGTTCTACCACCACGTCCATATCGTGTTTGCCAAGGTAGGCCGCAATCAGTGCGCCGACCTCGGCATCATCCTCAACGAAAACAATTTTATTCATATTGTGTATGCTTGCACTCATCTTTTAATCGCTTGAATCTCTTTACCTGAATCGCGGCTGAGGTGGCGCATTCCGCATCTGAAGTCAGGTGCCTATTCATTCGCTACCGCCATTGTAAACCATCCGGACATTAATATGAGCTATATATTAGCCATGAAATTCGCTATGATTCCCGGAGCTGCGGTTCAGGACTATTCTTTGCGGAGCCAGACAATGATTCAGATGCGAGCAGAAGTTTTGCGCATTAAGAACATAGGGTGCGGCACAATGTGGGCACGGACTGTCAGGATAGCCTATGCCCGCCGGGAAAATAAGTACCGGTACGCTAGCGCGAATGATGGAGAAGCCTTATTGCAGCCTCTTTTGCCTGGCGCCGTAGGGGCACAAGGTGAATTTGCAGAGACTTCTTCGATTGCAGATGAGCAGCATCGGGTTCTGATTACCGGGGCATTTAATATTCTTTGAAAATGTTGACCACAAATTTTCCGTATAGGGGAAAGCATGAATGACCTGCAAATCGCCGGGTATACCATTGATGAAAACTTCATTTTGCGTAATGTTAATAACAGAACCAATGCTCAAAAAATAATCTCCGCTATACCAAATAATTAATTTCAGATTTTTGGCACTTGCCGCAACTGAAAAACCTGTTCCTGTTACAGGACATACAAGGCTATTTTTAATATTCCACTGCATGCTTGACGCTCTCCGGTAATTTACGAGCATTTTCGCGTTGATGAATATATTTTGATTAAGTTCATGGCCATTTTTACTTTGCATGAAGCAGGTCCAAACATGGTTATTCCTTTAACTGATTCTTATGCTGATTAATATAAAATAATAACAATCAGATGAGTGTCTAATACTAGTAATGATAATAGCAACAAGTAAAAGATTCGAAAAACTGGCGTGAGCTGAACTAAATAGCTGTATTGAGGATTGTGAACAGAATAAAATTCTGATTCAGATATCAAGGATAGATCGAAAGATTGTGAAATCAAACAATTACGATCATATCTACTACTTCGCCTTTTATTAATGGCAAAGTATGCTTCCTTATGAAATCGGTTTTATATTGATGTAAATCAAAATAATTGCTTTTATTTAGCCATTTTACTATAAAATGGCTATGTGCGCTTATTCAGGATTTACGCAAAAAAAATAATTTAAAAATAACCTCTTATGATAAAAGTTAATCATATCAATTAACCGCTTTTACTCTATTTTGCCAGTATTGATTTGAATCATTTAGTGCAAAAAAATAGCTGCACTGCAGCGGTGCAGTTGTTGAGCTGGGCATTTTGTAAATGCCCGCCAGTCAAGCGCTCCAGGCTTTAAAATCTGTGTGAATATGTAAGGAAGAGATGCGCCGAGAATAGGCTAATTTGATTTGTATCTAAAAATACGAAAAATAATATGTTATACGTATAACTCAACAACCAGAGAAAAAATTCTCTTTTCGATTTAATGAATGTATTGAGCCGAGGGGTTTTCAAGACAGCGAAAACGACTCTCGAATGACGCGCTCCGCTTGCCTGGGATATCATGCTTGCGAACGGTTATCGCCAGTTGCGGATATTAGGCATAGAGGAGGCGGCAGTGACGAGAGCGCTAAAAAAGTCTTTTGCCTCTACACGGTATCGGCCGCTCTTGCGCGTTTATAATTGTCGGAGCTTCCGTTATGCTGCGGGGTCTTGTTGTTTAAATGTTAAGGCAAAAGGAATGGGGTTGTTGATAAAAGCGCTGCTCGGCGCACTGGTCGTTGTCCTGATTGGCGTGCTGTCTAAAACGAAGAACTACTATATCGCCGGGTTAATTCCGCTCTTTCCGACTTTCGCCCTAATCGCGAACTATATCGTTGCCAGCGAGCGGGGGATCGAAGCGCTGCGAACCACCATCGTCTTTGGGATGTGGTCGATCATTCCGTACTTTATCTATTTGCTCTCGCTATGGTATTTCATCGGTATTATGCGCCTGCCGTTCGCTCTGGCAGGCGCAGTGGGGTGCTGGTGCCTCTGCGCGTGGCTGTTAATTATCGGCTGGAGCCGTTTTCATTAGCGCAGGTGGCGGCCGCCGTCGACGGCAAATGAGCGGCCGGTCACGTAGCGGCTGCTGAACAGGTATTCGATCAGGTCGCTGATCTCTTTTTCGCCTGGCGCGATTTTCATCAGCGATTTATCAAGCGCCTGCTTGCGATATTCCGCGTCATCGCCTTCGTTAAATAAAATCAGCGAGGGGGCGATAGCATTGACCTTAATTTCCGGCGCCAGCTTGCGGGCGAACGAGCGGCTCATATTATCCAGCGCCGCTTTGCTGGCGGCGTAGGCAATGTGTTTGTCGCTGCCGCGCTCCACAACGTAGTCGGTGATATGGATAATGTCGCTGGCCGCATGGCCGTGGCCGCGCAGCAGGCTCTCCAGAGCATGGTTGAGCAAGTAGGGGGCGTTGACGTGAATTTGCATCATGCTGGCGAGCACCGTGCTTAACGGGACTCCGGGTTTTTCCGCCATCCAGCCGCTGGCGTTATGGATGATGGCGCGCAGACCGCTGCCGGCGTGCGCCTTCACCTCTTCGGC
NZ_CP180159.1_gap61	2617183	2620378	3195	AGACTGAATACACCCGCCCCCAGCATCGAGCTAAGTACCAGCGCGGTCAGGGCGCTAAGGCCCAGTTTCTTTTCCATTGCATTCCCGAGGTGATAACCATCAAGCTAAGAATATTTATTTGGCGAAATCGCATAAAAATGGAGGATTGCGCTAAGGCGCGGGATTTTACGGAGTGTTTTGTATGCATGCAATGGCGAGAAATGAAAAAAAGAAAAAAGGCGGCAGATCGCCGCCTTTTTGTTCAGCTCAGCTGCCGTTATTTATACAGGTCGGCGCTGATGGTGATGTTGCCGCCGCGCTCCTGCCACTGACGAGTAATGTGATAGTACTTCGCGCCTTTCTTCGCCGCGCGCTTAGCAGTCTGGTAGGAGATTTCCGTCATGTTACCGTAGTTACCGGTGAACTTGATGTTGTCGTAAGGAACCATCTGCGCGGCGGTGATTTTGTTCACTTCTTCGACTTTGGTACCATCCGGCAGCGTGACGGTGTAACGCCCGCCTTTAGACGATTGCGTTTCAAAGAAGCGGCCTACGCCGGTGCCGGAACCAACCGCTGCGGTGGTCGCTACGCCCGGGATCTCCACTTTCTTCGCGGCTTCTCCGCCTTCGGCCAGCGCAGCGCGACCGGCTTCTGAATCTGCCGGAATAGCGTCCGGGCTTTGCAGAACGCGTTTTTTGGCATCGGCTTTGTAGATATAGGCGGTGATTCGCTGGTTGCCGCCCTGGTTGGCATCAACCTGGCGTACGATAAAGAAGGAGGCGGCGCCCTTGGCCTTAGCGGCTTTGGTGATGGCGTCGTTAACTTCCGGCTGGCTGCGGTAGAAGCCCTGTACGGTGACGGTATCAAACGGCTCCAGCTCGACGGCCTGGTCCTTCGGTAATTCCATTACGCCGTTAATCACACGATTTTTCGGCGCGTCGGCCTGCGGGGCATTTTCTTTATAAAAATCGGCCGTTACGCGCAGGTTGCCGCCGCTGCCAAAATCAGACGTGTCGACAACATAAAAGGATGCTGCGCCATCTTTGTCTGCTTTACGGGAAACGGCCTGCACCGCGTCGCCAATGGCGTTAAAACGGCCGGTAACCACTACGCGATCGTAGGGCTTCAGCGCTGCCGCCTGCTCCGGAGTCAGCTCGGTCGCTGCATGGGCAGACAACGCGGTTGTAGCCAGAAGAGCAGACGCCAGGAGTGAGTTCTTAAGCTTCATAAAAATAATCCTTTGCCTTGCGCAAACCATGTACTGGTATTGTTGTTGACTGAAAACATTTGATTATTGCATTTATCGTGAGTGACTGTCTGCGTCAATTTTCAGTTGTCGCCCTAAACGTATACTGCAGAAATATAACATTTTTCGATATGTTGAAAAAACAGCCGCTTGACCAGCAAAATCGATAATCGATATCACTTTCATAAGTTAACGTAATGTTAATGTGATGATCAAGACGGCGATAAATGGTGAATTAACCCCTCTGCCAAGCGGATTATCAGGCGCTGGCATAAAAATAAGGTAAATATTGCTGCCTGGCACGGTTAGCCGTGCGTTTTACCAATAAAATCAAAATTTCTGTTTTATTGCTGTAGATCACAATCGGTATTTTCAGTAGGTTATAAAAAGTTTGTTACTGTTTTATTTTTTCAGACATATGTTGGAAGGCACGTTCATCCGCCTTCGCGACGGTCGTTTGTAAGAAAAGTAAACCATCATCAAAAACCGATGGAAGGGAAAACTATGCGTATTGGTGTACCAAAAGAGAGACTAGCCCTGGAAACCCGGGCCGCAGCCACGCCGAAAACGGTGGAGCAGCTGCTGAAACTCGGGTTCAGCGTCGCGGTAGAAAGCGGTGCAGGTAAGCTGGCCAGTTTCGACGACGAGGCCTTCGTTCAGGCTGGAGCGGAGATCGTTAGCGGTGATGACGTCTGGCAGTCCGACGTCATTCTGAAAGTGAACGCGCCCGATGACGAAGAGATCCTGCTGCTTAATCCCGGCACGACGCTCATCAGCTTCATCTGGCCGGCGCAAAACCCGCAGCTGATGGAAAAACTGGCGGCGCGTAATATCAACGTGATGGCGATGGATTCAGTGCCGCGAATTTCGCGCGCTCAGTCGCTGGATGCGTTAAGTTCGATGGCTAACATCGCCGGCTATCGCGCGATCGTTGAAGCCGCCCACGAGTTTGGCCGCTTCTTCACCGGGCAGATCACCGCGGCAGGTAAGGTTCCTCCCGCGAAGGTGATGGTTATCGGAGCCGGGGTTGCCGGTCTGGCGGCTATCGGCGCGGCTAACAGCCTCGGCGCAATCGTCCGCGCGTTTGATACCCGTCCGGAAGTGAAAGAACAGGTGCAGAGTATGGGCGCCGAGTTCCTTGAGCTGGATTTTAAAGAGGAAGCGGGCAGCGGCGACGGCTATGCCAAAGTCATGTCTGAAGCCTTTATCAAAGCCGAGATGGCGCTCTTTGCCGCTCAGGCCAAAGACGTCGACATCATCGTTACCACCGCGCTGATTCCGGGTAAACCGGCGCCGAAGCTGATTACTCGCGAGATGGTTGACTCCATGAAGTCCGGCAGCGTGGTAGTTGACCTGGCGTCACAAAACGGCGGCAACTGTGAATACACCGTGCCGGGCCAGGTGGTTACCACCGCCAACGGCGTGAAGATTATCGGTTATACCGATCTTCCAGGTCGTCTGCCGACGCAGTCCTCACAGCTGTATGGCACCAACCTGGTTAACCTGCTTAAGCTGCTGTGCAAAGAGAAAGACGGCAATGTCGTTATCGATTTTGATGATGTCGTTATCCGCGGCGTTACCGTGGTTCGCGAGGGTGAAATCACCTGGCCCGCTCCACCCATTCAGGTATCTGCTCAGCCGCAGGCGGCAGCGAAAAAGGTTGAAGCGCCAAAAGCAGAGGCGAAACCGAGCTCGCCGCTGCGCAAGTATGCGCTGATGGCGCTGGCGGTTATTCTGTTTGGCTGGCTGGCAAGCGTGGCGCCGAAAGAGTTCCTCGGCCACTTTACCGTTTTCGCGCTCTCCTGCGTGGTCGGTTACTACGTCGTATGGAACGTCTCCCATGCGCTGCATACGCCGCTGATGTCGGTCACTAACGCGATTTCCGGCATTATCGTGGTAGGGGCATTGTTACAGATAGGCCACGGCGGCTGGGTCAGCTTCCTGAGCTTTATCGCGGTGCTGATCGCCAG
NZ_CP180159.1_gap62	2739127	2740639	1512	GTCGTCAGCCAGCGCCACTCTTCGGCCAGCGGCCAGGCGGATACCTGCTGATGGCCCGGCATACTCTCCAGCATGCTGCGCGGCATCAGCGCCAGTCCGGCGCCGGCAATGACGCAGGCCAGCATCCCGTGGTAGGACTCCATCTCATGGATCCGCCCCGGGGTGGCGCGATCGGCGTGGAACCAGCTCTCAAAATGACGGCGATAGGAGCAGTTGGCGCGAAACGCGTAGACGCTGGCGCCGTTCACTTCGCTGGCGCGGGCAATGGGCGGGTGGCCAAAGGGCGCGACGATCATCATCTCTTCCGGGAACACCGGTAACCCCTCCAGCCCCGGGTGCACCAGCGGACCGTCAACGAACGCCGCGCTCAGATTTCCCTCAAGTACGCCGTCGATCATGGTGCCGGAAGGACCGGTGGAGAGGGCCAGGTGAATCTTGGGATAGCGCTGATTAAAGTGCGCCAGGGTAGGGGAAATGCGCACGGCGGCGGTACTCTCCAGCGAGCCGAGCGAAAACAGCCCCTGAGGTTCATCTCCGGCAACCACCATCCTCGCTTCATCAACAAGGGCGAGGATTTGCTGGCTATAGCGTAAAAAGCTGTGCCCGGCGGGGGATAACCGCAGCCGCTGATTTTCGCGAATAAACAGTTCGACGCCGAGATCCGCCTCCAGCTGGCGGATGCGTGTGGTCAGGTTTGACGGCACGCGATGCACCTTCTGCGCGGCCTGGGTAATGCTGCCGGTGCTGGCGACGGCGTTGAACATCTCAAGCTGGGTCAGATCCATAGTGTTCTTCTTTTGTGAATGGGTTGCTTAATATTATTCATTTTTAATGAAAGGAAGGGTAAGCCAGAATAAGGTCACTTCGCAATCAACACAGAGAGAAAAACGATGAATTTATCTGCTACTCATGCGCTTTCCGTGAGTCCGACCACCGGTGAAACGCTGTCGTCTCTGCCCTGGGCCAGCGAACAGCAGGTCGATGCGGCCATTGCCCTTGCGGAACAGGGGTATCGTCAGTGGCGCAACGTCAGCGTGGCGGAGCGCGCGGCGACGCTGCGTAACGTCGGTAGCGCGATGCGCGCCCGTGGCGAAGCGCTGGCGCAAATGATTAGCCGCGAAATGGGTAAACCGATTGCCCAGGCGCGCGGCGAAGTGGCTAAATCCGCCAATCTTTGTGACTGGTATGCTGAACACGGCCCGGCGATGCTCAATACCGAGGCGACGCTGGTTGAAGACAATAAAGCGGTGATTGAGTACCGCCCGATGGGGGCTATCCTCGCTGTCATGCCGTGGAACTTCCCGGTGTGGCAGGTGCTGCGCGGCGCGGTGCCCATTCTGCTGGCGGGCAACAGCTATCTGCTTAAGCATGCGCCAAACGTGCTGGGCAGCGCGGCGATGATCGGCGAAATTTTTGCCGCTGCGGGCGTGCCGGACGGCGTCTTTGGCTGGGTGAACGCCACCAACGATGGCGTTTCGCAAATGATTAACGATCCGCGCATCGCCGCGGTGA
NZ_CP180159.1_gap63	2766978	2769665	2687	GAAGCGCTGGCGCTGATGCTCTGTGCAAAAGTACCAAAAGAGATCATAGAAAGTGCGGCAATTGCAACGAAAGTTTTGATGGATTTCATGGTCGTATTCCTTAAGTGTTTTGTCAGTGTTGGAGCGTTGTTGCCCCGATGTGATAAATAATAGGCCGACGACGCGATGATTAAAATCGAAACAATTTGCTCTCATTGTTCAATAAATTTGAATGAAAATATCGGTTACCGCAATCCTGTTTTGCAAATAAGGTTTGGTTACAATCAAGCCTCATTGTCATAACAAATATATAAAAAATTATTTTTTGGCTTTTTGGATTGCGCAAAAGCGGGAAAAAGGAGATTGAAAAACTACGGTCAAAAACCGCTATGGTTTTTCAATCGTGGAATCTTTTTCACAACCTCAACGCACTGCAAAATATTACCGAAGGACTGAGATCGATATCTTTACCGGCTTTGGCGTCGCGGGCCCTAACTATATTTACTACTTTATAGAGTCCCTTACCGATGCCGGCGTACTGGCGGGGCTGCCGCGACCCCAGGCAACGGAGGTGGTGCTGGAAAACCTGCTCGGCGCGGTCGAGATGCTGCGCCAAAGCCAGAAGCATCCGCGCCAGCTTCTGGATATCAACAATTCCCCGGCGGGCGTCGGGATCCACGGTCTGTATGAGCTGAACAACAGCGATTTTGCCGCTGGGCTTCAGCGCAGCGTACTGGCGGCGGTCAGACGCACCCGTGAACTGGGACAGCGCTAAAATCCTTCTTCCCGCGACAGATCGCGCAGCGCGCCCGGCGCCTTTCCGATAATGCGTTTAAAGGCGCGGCTGAAGGCGGCATGAGAACTATACCCCAGCCTGAAGGCCACTTTTTCCAGCGCCTGACCCTCATGGGAAATGTACTGCACCGCGAGGCGCATACGCAGCTCGGTAAGATAGCGGGCGGGCGTGGTGCCGGTGGCGGAGAGGAAGCGTTCAGCAAATACCGAACGCGAAATTCCCGCCTCGCGGGCCAGATCCTCGACTTTCCAGTTAATGCCCGGCTGCTGATGCATAACGTAAATGGCTTTGGCCAGCTTAGGATCGCGCAGCACCTGTACCCAGCCGGTGGCGTTGCCGCAGCCGCACTCCACCCAGCCGCGGACAATCAGCGCGGCGACCACATCGGCCAGCCGCGCCAGAATGCCGGCGTAGCCCGCCTGTCGAGTGAGGCTTTCGCGTTCCATGGCCGCCAGCATCGGCGGGATCTCCGGACGGCTGGTCAGCAGGCTGCTGACCAGCATCACTTCGGGCATTGCTTTGACCAGCGGTTGCATACCGCCCAGCTCAAAGTCCATACAGGCGCTGAAGATAATAGCGCTGTCGCTTTTCGCGTCGTCGCAGGCGTTTTTGACGCAGCTTACCGAGTCGCAAACCGGTTCGCTGGGCAGTCTGGACACGTTAACCACCGTTGCCTGGTCATCGGAGAGCAGCACGTGACCATCACCGTTAGGAATAAACAGCGCATCGCCGCTCTGCAGCATCAGGCGCTGACCGCTGACCATGCGCAGCAGTACCGGCCCCCGGCTGATAAAGTGGAACTGCGCTTTGCCGGGTACGAAGCCGAATTCGACGCCAAAAGGGCGGGAGGTTTCGATGCGGCGGTAGTTGACGCCGGAAAGGCGCATGCCGCGAAGGAGTTCGCTGGTGAGATCGAGGGCGTGCTGAGTCATAACATCATTCCCGGACGAATTATCAATAATCAAGGAGTATGTATCATAGATCGTCCGAACAGAAGCGCTTAACCTTAATGAAATGTTAATTGTTCTGGAGAGATGTTTATGAGTTCCTGCATTGTAGCTGAAGAGAGCCAGGCCAACGCCAGGCCCGCGTGGCGCGCCGTCTATGCGCTGGCGCTGGGGGTGTTTGGCCTGATTGTCGCCGAGTTTCTTCCTGCCAGTTTGTTGACGCCGATGGCGGCAAGCCTGGGCGTTAGCGAAGGCATGGCGGGGCAGGCGGTGACCGCGACGGCGCTGGTGGCGTTAGTTACCGGGCTACTGATCACCACCGCGACGCGAAATATTGACCGCCGCTGGGTGCTGATGTTCTTCTCCGTTTTGCAAATTATCTCCAGCATGATGGTGGCCTTCGCCGGTTCGCTGGAGTTTTTGCTGCTTGGACGCCTGCTGCTGGGGATAGCCATCGGCGGCTTCTGGTCGATGTCGACCGCGACCACCATGCGTCTGGTTCCGGCGGCGATGGTGCCGAAAGCGCTGGCGATTATCTTTTCCGCCGTTTCCATCGCGACGGTGGTTGCCGCGCCGCTGGGCAGCTATTTCGGCGCGCTGATCGGCTGGCGCAACGTATTTCTTATCTGTGCGCTGCCGAGCGTGGTTGCGCTGCTCTGGCAGCTGTGGGTTCTGCCTTCCATGCGTCCGGAGAGCGTCGGCAGCTTCGCTACCCTGTTTAAGGTGCTGCGCCGTCCGGGCATGGTTGGCGGTATGCTCGCGACAATCCTGATTTTCAGCGGCCACTTCGCCTTCTTTACCTATCTGCGTCCGTTCCTCGAAACCGTGGCGCAGGCCAGCGTCGAAGGGGTTTCTCTGATCCTGCTCGGTTTTGGGGTAGCGAACTTTATCGGCACCTCGATTGCCGGACATCTGTTAGCCCGAAGCCTGCGCTTGACGCTGGCGCTGGTGCCGCTGGCAATGAG
NZ_CP180159.1_gap64	2772420	2773469	1049	ACGGCTCAGGGCGTGGGCGACTTTCACCGGGTTGGCAATATCAACCAGATTACCGACCGCGCCGAAGGCCAGGGTATCGCCATGCATAAAGGCGGCATCCAGTTCGACCTCGCCGTTTTCCGTCGGCAGGCCGCCGTAGCCCACCGATTTGTACAGCGGAAAATCTTCTACCGCCGCCACCGCATTGACCACGGCGCTGGCGGTATCAGCGCCGGATGCCAGCGCCGCCGCGGCTTCGGTTACGCCTTCCAGCGCCATTCGCCAGGTGGCAATCATTCCCCACATTGGTTTACTCCTGTTTTGCAAGCGTGTTGTCCGTTTCAGCACGGGCGGTGACTTCCGCCGCGCGATACTGCTTATCGACGATGCGCATGAAGGGCAGGTACAGCATGGCGCCAATCAGCAAATTGAGGATCTGCATCACGCTGCCGCTAAGATGCCCGGTGACGATAAAACCGCTGATCACCGGCGGCAGCGTCCAGGGGATAAAGACGCCGGTGGTGACGGCCACCGCGCCGATCTTCATCGCCGCGTACTGCACCGTGACCAGCACCAGCGGCACGAGGTTAAACGGAATCAGCATGATCGGGTTCATGATCACCGGCAGGCCAAAGAGGATAGGCTCATTGATATTAAAAATGGAGGCGCCGGCGCCGAGGCGGGCAACTTCGCGCATATTTTTGCTGCGGGCGAAAATCAGCATCGCTATCACCAGCGACAGCGTTGCGCCTGCACCGCCCATCCAGATCATATCGAAGAACTGCTCGGTGATAATGTGCGGCGGGGTGACGCCGGCCTGGATAGCGGCGATGTTGTCGGTCTGATTTTCCATCCACAGCGGACGAATGATGCCGTTGATCATCGAACCGGAGTTAATGCCGACCGACCAGAGAATGGTAATGCTGAAAACGGTCATCAGCGCGCCGAAGTAGGAGGTACCATAATGGCGTACCGGCGAGGCGACGACTTCATAAATAAACTGGTGGATGGTGGCGTAGTGCGTGTGCGCAAACCCGATGCGAATCGCCAGGATCAGAATCATCACCAGC
NZ_CP180159.1_gap65	2774856	2778362	3506	CGAACGATTAGCCGACGTTATTCCGGCGCTGGATGAGCCGGACGCGACGCTGCAGCGGCTGTGCGCGCTGTGGAACCGGGGGCGGGCGCAAAAAAAGCTGGGCGACACGACGCCCCAGGGCTTTCTTGAGTCGTTGAATCAGAACTAACGGTGGCGTCGGAGGCAGGCACGGCAGCCGCGTTTTGCCCGGGCCCCAGAATCTCTGCGACAGCAAAAGAGAGCGCGTTTTTGTTAGACCACGCCAGCGGCCCTGGAGGGTCAGCCGTTTCGCAGGCCATCAATCGCGCTGTCGCTCAGCAGCATAACCGTTTTTACGCTGACGCTGATCCTGTCGATAATGGCCTGTCGCGGGCCTTCGCGCCAGGCGGGGCTGCTGTAGAAGTGCGCCTGGGATGCGTTTAAATGCGTCAGGTCCTCATAGGCCCGGATCAGGTAATAAGCGTCGTTGTCATCAACTGAATTGCCGAAGGAGACGATATCCATTCCGGCGGCGCGATGGCAGGGGGCGCTTTGTTCCTTCATTATCCGGTGAAACTCGTTCCCGGTCCCCGGTTTAAGGGTGTAAAGCAAAAACTCTACCGTTTTCATCCTGACGTTTCCTGTTCACATTCACTGAGTTTGCTGCAAGGGAGCACTGTCCTGCTATTAGAACAACTCCCCGGGGTTTTGTCGCTTCTCTTTGGCATGACGGCAGCGCGGGTTGCATTTCTCACTTCTTTTTTGATATGTTATATCATAACATTTATGGCATTATAAAATATGTGACTATTTACCTTTCTTTTTAAATGATAATGATTATCATCATTACCAGCCGATCAAAAATCAAAAGAGCGCGTGTTTCGCTCATCCACGCTGAAGAGAGAGGGAGCGGCGGCTAATGGAGGAGAGTTTGACAAAGAGTGGAAAAGCCGATGATCCCGTGCTTAGCGTCAATATCGCATCATTACCGCGGCCCGGCGGCGGGGAAATTCTCGCCGGCATTCATTTCAGCGCCGGTAAAGGAGAGTGTCTGGCCATCATTGGACCCAACGGCAGCGGGAAAACCTCTTTATTACGCGCGATAGATTGCCAACTGCCGTCGCGGGAGGGCGACGTTCGGTTATATGGCCGCTCCATTGCCGCATTAACCCGGCAGCAGCGAGCCCGGCAGATCGCGGTGCTTGCGCAGAATGATACCCCCGACCTGCGTCTGGCGCTTGAGGATTATGTCGCCCTCGGGCGGATTCCCCACGCCCGGGATATGTCGCGTCGCGAACACGACATCATTGTAACCCGCGCGATTAACGATACGGGATTGCAGAGGCTGCGTAAGCGACCGCTCTCCGCATTATCCGGTGGTGAGAGACAGCGGGCGGCGCTGGCGCGGGTACTGGCCCAGGCACCAAAACTGCTGCTGCTGGATGAGCCCACCAACCATCTTGATCCCCACGGCAGAGTGGAGCTGCTGTCATTAGTGAAAAGCCAGGGAATCACGGTCGTTGCGGTATTGCACGATCTTTCCCTGATTGACGCCTTTGCCGATCGGGTTTTGCTTTTATCGCAAGGGCGCGCCGTGGCCTGGGATGTGCCGGAGCGCGTGCTTGTTTCACAACGGCTTTACCCGGTCTTCGGCTTGACCAGCTTTACCGTACCGCATCCCATGACCGGGAAGGCGCTGCGGATTTTTGAGGTGCCAGGCTATGCCTGATAAATTTCCGGAGGAGAACGCAGCATGAATAAATGGTTTGCAGGGACGATGGCGTTTCTTTTTATTTCAGCGGCGAACGCGGCGGATTTTCCCGTCACGATTGACAGTTGCGGAACGCCGGTGACCTTCACTCAGGCGCCGAAAAGAGCGGTCATCCACGACCTTAATATGACTGAAATGGCTTTTGCTCTCGGGTTGCAGGACCGTATCGTTGGCTTAACCGGCATTACCGGATGGTACAAAATGACCCCGGAATTTAAACATCATATGGGATCAATTCCCGAGCTGGCGCCGAAATATCCCTCTCTGGAGACGCTGCTAGCGGCAAATCCTGATTTCTTTTTCGCCGGCTGGAATTACGGCATGAAGGTTGGCGGGGAGGTCACGCCTTCCGCGCTCGAAACATACGGCATCAAAACCTTTGTGCTGAGCGAGAGCTGCGTCTTTACCGCCTCTCAGAAACAAAAAGCGAGTATGGACCTGCTGTATAACGATGAGCTGACGCTGGGTAAGATTTTTGGCAAGCAGCCCGAGGCCCGTACGCTGGTCGACGGCTGGAAAAAAACGCTGAATGCGCTGCCTAAGCCGCCGCAGGGCGTGCAGCCATTAAAGGTGTTTGTCTATGATTCCGGCGAAGATAAGCCCTTTACCAGCGGACGGTACGCCATGCCGACCGCGATTATCGAAGCGGCGGGAGGGAAAAACGTGATGGACGACCTGGAGATGAGCTGGGGGACCACCTCCTGGGAGAGCGTGGCGACGGCGGAACCCGATTTTATTATTCTTCTCGATTATCAGACCGGCAGCGGCGCTGATTCGCTGCGCCGTTTCCTCGAAAATCATCCGTTAATGAAACAGACGCCGGCGGTGAAGCAGCAGCGTTATCTGAAGCTGCAATATGCTGAGTTGACGCCCGGCCCGGCGAATATCAACGCGGCCGAAAAGCTGGCTCATGCGATGTATCCTGCGGCCCACCAATGAGCGGGACTCACTGTCGCTACTACTGGGCCGCGTGGGGGGCGCTGCCGTTATTAGCCGGCTTGATGCTGCTCAGCGTGGCTAAAGGCAGCGTACCGCTGTCGCTTACCCAGGTTCTCGGCGCCTTGCGGTTACTGGATGTGCCGGTTTCGGAGATGATCGGACGTATTGTCATTGATTTGCGCGTGCCAAGAACGCTGCTGGCGGTGCTGGCGGGCGCGGTGCTGGCCATCGTGGGCGGTCTACTGCAGACCACCACGCGCAACGATCTGGCCGATCCTTTTTTATTCGGGCTTTCCTCCGGCGCATCGGCGGGAGCGGTACTGGTAATCACCCGATTCGGTGAGCGGCTTGGCGCGCTGACGCTGCCGGTGTCGGCATTCGTTGGCGGCATCTGCTCGGCGGTGGCGGTGATGCTGCTGTTTCATTTTAAAAAGCAGCGTGGCGCAGAGCACCTGGTGATCTGCGGGTTGGCGATCTCCTTTTTATTCGGCGCGCTGACCAGCTATCTGATTTTCTCTGGCGACCAGCGGGCCGCCAGCTCGGTGCTGTTCTGGTCGCTGGGTGGGCTCGGTCTGGCGCGCTGGGATAATTTGCCCTACGCCCTGTTCAGTCTGCTGCTTCTCGGCGCATTCATACTCCTGCGCTGGCGCTCCCTTGATGGTTTACTGGCCGGTGAGCAGACCGCGCAGTCGCTGGGCATTAACGTTACCCGCCTGCGCATGGAGGTGTTTTTCTGCTGCGCGTTAGCAACGTCGCTGCTGGTGGCCCTGACCGGGGTGATTGGCTTTATCGGCCTGATGGTGCCGCATATGTGCCGCTATTTTTCTGGCGTAAAACA
NZ_CP180159.1_gap66	2915568	2918923	3355	CAAAATGGGCCTGTCCGCTGGCTATCCAGCGATCGCGTTCGGCGTTAAACGCCTGCTGCTGATGCTCGCGAAACGCGCTGATGCTGCGCGCTTCGCGGCGGAGAAACTGCTGGTATTCCGCCAGCCGCAGCGTGCTGTGCTCAATGCGCAGCGGGTAGCGACCGAGCGGGAAATCGCGGCGAATTTGCAGCAGCTCTTCGGCCGAAACCGGATAGAAACGCAGTTGGTCGAAGAAACGCAGCAACCAGGGTTTGCCGGCAAAATCCGCCACCTCGCGGTAGCGATTCCACATCTGCAGGGTCCGGCCAACGAACTGATAGCCGCCGGGCCCCTCCATGCCGTAGACGCACAGATAGGCCCCGCCGATGCCAACCGAGTTTTCCGCCGTCCAGGTGCGCGCCGGGTTGTACTTGGTGGTAACCAGGCGATGGCGCGGGTCAAGCGGCGTCGCCACCGGCGCGCCGAGATAAACATCGCCCAGCCCCATCACCAGATAGCTGGCGTCAAATACCGTATTCCATACCGCCTGTTCATCCGGCAGATCGTTGATGCGACGGATAAACTCCAGATTACTCGGGCACCAGGGCGCGTCCTGGCGCACGGTGGTCATATATTTATCGATTGCCTTGCGGCAGGCCGGATCGTCCCAGGAGAGCGGCAGATGCACCACGCGCGTCGGCACCTGCAGATCGTCGCTCAGGCAGACCGTGGACCACTCGCCGCGCACCCACGCCAGCAGCGTCTCAAGGGACAACGTTTCCGGCTGAAAATGGATTTGCAGCGAGCGAATCCCCGGGGTGATATCGATCGCGCCGTCCTTTGATTGCGCTTCCAGGGCCTGCATCAGGGCGTGAATGCGGAAACGTAGAACCAGATCCAGCTCCGGCTCCCCGGCTTCCAGCAGCAGGTGCGTGTCGCCGGAGAGTCGCGCCACCAGGCGTTTGTCCGCCTCGCCGCAGGTCATCACGACAGGCGACGTCAGCGGCGCGGGCTGCCAGGCTATCGCCTGGTGACTTAGGGTCGCCAGCTCGGCGCGCCGCCCTTCCGCCAGCCGCCGGGCGGTGGGTAAATCCACCGCCACGAAACGCACCTTATCCCCGGCCTTGAGCTGGCCTAACTGCCAGAGGTCGGCTTCAATCACCGTGACCGGGCAGACAAAACCGCCGAGGCTCGGCCCGTCCGGTCCAAGGATCACCGGCATATCGCCGGTAAAATCGACCGCGCCCACCGCGTAAGGGTTATCGTGAATATTCGACGGATGCAGCCCAGCCTCGCCGCCGCTGTCGCGGGCCCACAGCGGCTTGGGGCCAATCAGGCGCACGCCGGTGCGGCTGGAGTTAAAGTGGACCTCCCACTCTGTATCGAAAAATGTCGCAATGTATTCCGGCGCAAAGAATTCCGGCGCGCCGTGGGGGCCGTAAATCACCCGCAGCGTCCGCACTTCAGCCAGCGCTGTGCGTAGCGCGGCGGGCAGTTGATCCCCGCTTCTGGCGGCGGCGTGCGGTGCCAGATGCAGCACGTCACCTCCGCGCAGCGCCCGTCCGCCGTGGCCGCCAAACTGGCCGAGGGTAAAGGTGCTTTTACTCCCCAGATAGTCCGGCACCTGAATGCCGCCGCTCAGGCAGAGATAGCTTCTGACCCCCGCGCCGCTTATCGCGCCCAGCTTCAGGGTCGCCCCCGCCGGAATAGTCAATACGCAGTCCAGCGGCTGGTCTACGCCATCGAGCGTCACCGCCAATGGCGCGCCGCACACTACCGCCTGAACGTCGGTATTAAATTTCAGGGTCGGCCCGTTGAGGGTGATTTCCAGCGCGGCCTCTCCTTCGGCATTACCCAGCAGGCGGTTGCCGAGACGCAGGGCGCGATCGTCCATCGGCCCCGACGGCGGTACGCCCACCGCCCAGTACCCCAAACGTCCCGGATAGTCCTGCACGCTGGTCTGGGTTCCGGCGCTCAGCACCTCCACGGTCGCCGCGCGGTAGTGCAGCTGCTCAAGGCAGCGGGTCCAGGGCTCGCCTTCGGTAAAGGGCGCAAAGCCAAGAATTTGTTGCAGGTACACGCGGTTAGTTTCTACGCCGTACAGGCGGGTCTCCGCCAGCGCCTGCGCCAGACCGGCGATAGCCTCATCGCGGCTGGGGCGCCAGGCGATCGCTTTCGCCAGCATCGGATCGAAGAACGGCGGGACTTCGCACCCGGCTTCCACCCAGCGGTCAATACGCAGGGCTGCGCCGTCCGCCGGCGGAAAGAAGACGTCCGTTAACAGTCCGGGAGAGGGCTGGAATTGCCGCCCCGGATCTTCGGCGTAAATTCGCGCCTGAATAGCATGACCCTGGGGCCGTAACCCGGCGGCCAGCTCAGGTAGCGGAGGCAGTTCCCCCGCCGCCAGCTCAATCATCCAGCGCACCAGGTCAACGCCCCATACCTGCTCCGTGACGCCGTGTTCGACCTGAAGCCGGGTATTTACCTCGAGGAAATAAAACTGCCGCGCCGCGCTGTCATAGACAAACTCCACCGTCCCGGCGCTGCGGTAGCTCACCGCTTTACCCAACGCGATAGCCGCCGCGCATAGCGCCTGCGCCATCCCATCAGGCAGATTCGGCGCGGGCGTCTCTTCAATCACTTTCTGGTTACGCCGCTGGACTGAACAGTCGCGCACGCCGAGCGCGATGACCTCTCCCCGCCCGTCGCCGAAGATTTGTACCTCCAGATGGCGGGCGCGTTCGATATATTTTTCGAGGAATACCCCGCCGTCGCTGAAGTTGTTTTGTCCCAGCCGCTGCACCGCGGCAAACGCCTCAATCAGCTCACGGGCGTCGCGACAGACGCGCATGCCAATCCCGCCGCCGCCGGCGGTGCTTTTGAGCATGACCGGATAGCCCACCGCCTCAGCCGCCCGGCAGGCTTCGCCGCTGTCGGCCAGCAGCTCGCTGCCTTCCAGCAGCGGCACGCCCTCGGCTTTGGCTAAGGCGCGAGCGGTATGCTTCAGGCCGAAGGTGCGCAGCTGCTGCGGAGTGGGGCCGACAAACGCCACCCCCGCCGCCTCGCAGGCCTCGGCGAAGGCCGCGTTTTCAGACAGAAAGCCGTAGCCGGGGTGGATCGCTTTGGCGCCGCTCTGCTGCGCGGCGGCAATAATCTTCTCCGTCACCAGATAGGTTTGCGCCGCCGGGCCGTCGCCGAGGCTTAACGCTTCATCCGCGTCGCGAATATGCAGACTACTCAGGTCGGCTTCGGAATAGACGGCGACGCCCTTCACCTGCATCGCGCGCAGGGTGCGCAGAATGCGGCAGGCGATGGCGCCGCGGTTGGCAATCAGTAAGGTATCAAACATAAGCGGAACTCACAGGGTCGCGGGTCG
NZ_CP180159.1_gap67	2923735	2926021	2286	CCCGCTCGCCCTGCCATAGGGTGGGAATATCGCTTGCGGCCATCACCTTGACCGGCGGCGCGGCGGCGACATTAACAAAATCGGCCACGGAAACGCCCAGCGCCGAGGCCAGACGGCACAACAGCGCAATGCTTGGATTGGCCCTGCAGGCTTCAATGTCTACCAGCATACCTTTGCTGACGCCCGCGCGTCGGGACAACTCATCCAGGGAGATCTTCTTTTCCGCCCGGTAGCGCTTAATGCGCGCCGCAACGGCTTCATTGATCATGGCGGCATCGGCGCCCGCGTCGGTCGTTATATTGACTTTATTGGTCATCGGTCGATATTATGCTTTAAAATGGTCGTTACAGGATTATCCAATGAATAGCGTATTACCGTCAATCAGCCCGCAGGTCTCCGCGCTGGCCCCCGGCTTTCGCGCCCTGAGCATTGATGTCGTTTCCGCCGCTGTACGCGCCCCCCTGGTCGGGTCCGATGCGCTCCGCTCCGCCTGCCAGGCGGTTCTCGACGGCGAGCCGCAGTGGGCGGAGGCTCACCTGCAGGCATGGAATGAAGTGTTCCGCGCCTTTGGCGCAAAACCTAAAAGAACTCCCTGTTCGGCGGAAGCCTTGCGCAAACGGGTGCTGCGCGATGGCGAGATGGCTGCGCTCGATCCCATCGTCGATCTCTATAATGCGGTGAGCCTGCGCTACGCTGTGCCGGTCGGCGGCGAAAACCTGGCGGCGTATGTTGGCGTGCCGCAGCTCAAGATGGCGGACGGCAGCGAACCGTTCGATACCGTTAAAGAAGGACAGACGGTTTACGAATACCCCGACGCGGGAGAAGTGGTCTGGGGCGACGATCGCGGCGTGACCTGTCGACGCTGGAACTGGCGACAGGGAGTTCGTACTCGTTTGAGCGTGGAGAGTCCGCGGATGTGGTTTATTCTTGAAAGCCTGCCGGAAATGCCGCTTAGCGCGCTGCAGGAGGCGGGAGCGATGCTGAGCAACGGCCTGCTGGAGATGATGCCGGAGGCGACGATCCGCTCACAGCTGATAGGGCCAGGGGCCTAAAGCCATTCCCCTGCGCCCGGCAGCGTAGCACCGCCGGGCGCAGCGATTACTTCCGCGCCTCGAAGGCAATTTTCACCGCCATCCCCGCCAGCACCGTCGCCATCAGCCAGCGCTGAAACTGCTGCTCTGAACAGGTGGACTAACTCTCCTTATCTTCAGCTTTTGCCGCCGCGCTGGAGCGGTAAATAAAGAACAGCGCCAGCCCCAGACAGACGATGGCCCCCAGCCGCCCCGCTGAAAAGGCAATGGCGTCGTTATCCAGCCAGCCAAAATTATCGATCAGCAAACTCATGGCCAGTTGGCCAAAAATCACCGCCACCGTGGCCGTCGCGGTACCGATACGCTGCACCGCCACCACCATAATCACAATATAGGGGACGCCGCAAAATGCGCCCAGCAGCTGCCATTTCGGCACATCCAGCAGCGTTGTCGACTGATGGGGGGCAAAATAAAAAATCAGCAGCGCCGTGATCAAGGCGCCCACCGCAAACGTGAGAAACGCGCTGCGAAATACGCCCACCTGGCTGCCCAAACGGCCGTTAATCGCCGCCTGCATACTCAACATCGCGCCGCCGACCAGCGCCAGCAAAATCATTATGCTACTCATGTTAACTCCTCAGCTTGTGGCGATCAGAATCAGGGCGACGATGATAAACAGCAGCGCGATAACCCGCCGTCTATCGATTTTACGTTTTGCCGAACCAAACAGACCGTAGTGGTCAATCAGCAGGCTTTTGCATACCTGACCGGCCAGAATGCCGATCATCGTCATGGCGATACCGATAACCGGTACGGCGATGGTTAAAATGACGACGTAAATGGGTCCCAGTACGCCCCCGGTAAGCTGCCAGCCCGGTAAGGAGAAGAACGAGGGTCCCTGCCTGGGGCCAAACAGCAGCATCAGCAGAAAGGTTAGCGCGCTCCCGACGCTAAAAATGCTGAATGTGGCCCACAGGTCCCCTACCTGCCCGGCAAGCGGCCCGAGTAGTCCGGCTTCCACGGATAACCCCATGCCGCCGGCAATCACAAGAAAAATAAGTAATAACTGCATCGTTGATATCCGATTATTGATTGGGTGGCAGAGCATAAAGCAGCGAAGTAATGTGAAAAACGATACAATCAGGGAAACACTTTTGCGGATATTGCATTAATGAGCGATGCGGGTAATGTGAATTTTCGGGCGCTACAGCTGTTTATCGCCGTCTATGACAGCCAGAGTTTCTCCGTGGTGGCG
NZ_CP180159.1_gap68	2929756	2931158	1402	CCCTGCCTCCCGATACGGAGCGCATTTTTGAGCGCATGGTGGGCCTCTCCCTTGTTAAGACCGATCTGAGCACGCCGCTGCATGTCCGTATCCAGGATCCACTCAATAATGAAAAGGGTCCGTTCAATACGACCAACTTCACGAAGCGCAACTGCAAGGTTGTTTTGTCGTGGGTAAGAAGCGAGCTTGCGCAGGAGTTGGCTGGGCCTGATTTTGCCAGCGGTCATCGTCGCGGCACAACGGAAAATATCAGGCCAGTTCGCAACGATAAGATCCTCCCGGGCTTTTCCACCTACCAACTTGCGTAACTCCCTGGGGGTCGTATCGGGATTAAATACGTACAACCGCTTCGATGGCAGATCCCTGATTCGCAGAACGAGATTGTAGCCGAGCAGGCTACTGGCTCCGAACAAATGGTCGGTGAATCCTGCTGTATCGGCATACTGTTCGCGAACATGGCGACCGACCTCGTTCATCAGTAGTCCATCGAGAATATACGGTGCCTCGCTCACGGTCGCCGGGATCGACTGACAAGCGAATGGCGCGAACTGGTCGCTTACGTGAGTATACGCTTTGAGGCCGGGAACAGAACCATATTTGGCATTGACCATGTTCATGGCTTCGCCATGCCGCGCTGTCGGGAAAAACTGACCATCGCTCGATGCTGACGTGCCCATCCCCCAGACGCGTGACATCGGCAGTTTACCCTGCGCGGCCACCACAATTGCCAATGCCTGGTTCATGGCTTCGCTTTCAACATGCCAGCGGGCAAGGCGTGAGAGCTGCCAGTAATCATGCGTGTTTGTAGCTTCCGCCATCTTACGCAGGCCCAGATTGAGCCCTTCAGCGAGCAGGACGTTGAGCAGACCGATCCGGTCGCGACATGGAGCCCCGGTTCTCAGATGGGTAAACGCATCTGTGAAACCAAGGGCTGCATCAACTTCAAGCAGCATGTCGGTAATCCGAACGGACGGCATTCGGCGATACAGATCCAGTATGAGTGCCTCGGCACCATCCGGCACGTCTGCTGTCAACCTGTCGATCCGCAACGTTCCATCTTCTATGCTACCGTGCGGAATAGTGCCGTTACGGGCAGCCCGGGCCAGCCGCTTAAGAGCGATCGTGAGTCGCGCCTTTCTGTCTGCCAGCCAATCCTGTGGGTTGGAAGGCACGGCCAGTTTTGCATTTTCCTGCGCCGCGATCATCGGCACCAGTACCTGCTTGAGGTCACCATAGCGGCGCGAATGAGCGAGCCAGACATCTCCGGAACGAAAAGCATCCCGGAGGTGAAAGAGTACCGCCACTTCCCAAAGACGGGTATCTCCTTTTTCCTGAGCTCGTAAATGACGGTTCCATTTGGAGCTGGGCCGCAGGAAACGCCTTTCTGGCGATGCAACACCTT
NZ_CP180159.1_gap69	3020011	3024477	4466	CAGCGGAAAGCCGCTGGATGGCAATGCCACCGGTTTCCACCTGATTACCGATAACGGCGGCCTGTTCCCGCACGGCCTGCTGCCGGCGCTGGTGCTGGTACAGGGGGTGGTGTTCGCCTTCGCCTCTATCGAACTGGTGGGTACCGCCGCTGGCGAGTGTAAAGATCCGCAGACCATGGTGCCGCGCGCCATTAACAGCGTTATCTGGCGTATTGGTCTGTTCTACGTTGGCTCCGTGCTGCTGCTGGTGCTGCTGCTGCCGTGGAATGCCTATCAGGCCGGGCAGAGCCCGTTCGTCACCTTCTTCTCGAAGCTGGGCGTGCCGTATATCGGCAGCGTGATGAATATCGTGGTGTTAACCGCCGCGCTCTCCAGCCTCAACTCCGGCCTCTACTGCACCGGGCGTATTTTGCGCTCCATGTCGATGGGCGGTTCGGCGCCGAAGTTTATGTCGAAAATGAGCCGCCACCACGTGCCCTACGCCGGGATTCTGGCGACGCTGGCGGTATATGTCGTTGGGGTATTCCTCAACTACCTCGTGCCTTCTCAGGTATTTGAGATTGTCCTTAACGTCGCGTCGCTGGGGATTATCGCCTCGTGGGGCTTTATTGTGGTGTGCCAGATGCGCCTGCGTAAGGCGATCAAGGAAGGCAAAGCGGCGGACGTTAGCTTCAAGATGCCGGGGGCGCCTTTTACCTCCTGGCTGACCCTGCTGTTCCTGCTTAGCGTGCTGGTATTAATGGCTTTCGATTATCCGAATGGGACTTATACCATCGGTTCGCTTCCGCTGATTGCCGTTTTGCTGGTCGCCGGCTGGTTTGGCGTGCGCAAGCGCGTGCATGACATTCATAGCACCGCGCCGAATATTGAAAAACAGCAATAAATCACTTTGCGGTTTGCCTCACCGGGCAAACCGCAACGGCACAACTTAATTATCTTCCACCAGCTGGGCCACATCGCTGCTGTTAATCTGGCGCTTATTGCCCGACTCATCAGTATAGCTGGTCATTCCGGTATCTTTATCCAGCTTCGGCTTGCCCTGCGTTACGATTGTTTGCCCGCTTTTTGTCGTCATGACATAATTTGAGCTACAGCCCGCCAGAAGAGCCAGCATCGCGCCGGCGCAAACAACCATTAATGATTTTTTCATCTTTTCTCCAGGATTAATGCCACCGTCCCGCTTGCGCAGGAAAGCCGTAAGTTTATAGCCATTACATTTATCAGGCTAATAAGTGTTTGTAACAGAGGGTGATATCTGGATGGGTGCGGTTTTCGGGCTAACAGTGCATTTTGTAGGCCGGGTGAGGCGTAAGCCGCAACCCGGCTGCAGTGCGAGCACACTGATGTCGGGAGAGGTTGTCCCCTCCCGTCAGGATCACAGCGCGATGCGGATAACGTCATCCGGCTGGGTCGCCTCTTTCTGACGCGTCGACTCCTGCTTCACGCTGACGTACAGCGTTTTACCATCGGCGGAGAGCGTCAGGCTGTTCGGATGAGTCGGCGTTTTGAAGGTCTTGACCACTTTGTAGGTCTTACCATCGATCACGCTCACTTCGCCGGCTTTACGGTGCGTCACGTAGGCTTCATTGCGCGTCGGGTTAAACAGCACGGCCAGGGACTCCGGCGCGGCGATTTTCTCCAGCACTTTGCCATCGCGAATATCGACCACCAGCACTTCCGGCTGTTTACCGTCGGTGATAAAGGCGCGATGTCCGGCGGTATCCAGGCTCAGGTTGAGATAGAAGTGCTCTTTGCCATCATCCTGCAGCTTTTTACGCGACAGGATTTTGTTGCTGGTGCTGTCGATAGTCACCAGTTCCCCGTCGGCATTGGTGGTATAGATACGGTTCGCTTCCGCGTCCAGCGCCAGGCCGGTCGCCATTGCGCCAGTATTGGCGATAGTGTCTTTCAGCGTTAGCTTGTCACCATCCACCACCCAAATCACGCTCTCTTTACCCAGCCCGGTAATGTAGACGGTATTGGTTTTCTCGTTGACCGCCAGCTCGCGCGGGGCCAGCGGACGTACGGTTTCGCTGCGCTGGCGGGCGTCAAGCACCAGACGCCCTTTCACTTTCCCGGTTTTGGCATCAATAGCGGTGACGGTGCTGTCGGTGGTGTTGCCAAACCACAGGGTCTGAGTGGCGTTATCGATCGTCGCGCCGAAGGGTTTCAGATCGTTATGAATAATCTGCGTGACTTCGAGAGTCGTCGGATCGAGACGGTAAACGATACCGCCTTTATCCAGCGATCGGCTTTGCGAGGTGGCCACCCACAGCGCATTCTCCTGCTGGCTATAGGCCATTTCGTATGCGCCCTTGCCGACGGCTTTGCGCAGCATTTCTTCCGCCGCGTGGGTGCTAAAGCTCCCCGCCAGCAGTAACGAAGTTAACAACAGTGAACGGCGCAGACGCGGCGCGGACAGATGACGTAATGACATGACGACTCCCTTTGATAAAACAAATATATGCCTGCTCGACAGTGCTTCCGGGGCGCAAAATCATCGCTTTGCGCTCTTCTTTGGAATGCGAATAGTAATCATTATTTATCGCAATGTGGAGCGTTAATTACCCGTAGCGCTCTCGGCATCACGCAATTCTTGCTATTTGTTAACTCAAATTCCGTTAAGTCTTTTCAAAAAATTTACAAAAGAGCTAACATATATACATATGTTCCGTTTGGTTCGTTTTGTGAGTAACTTTGATGAAAATCCTTTCCGTGCGCGCCGCCGCGCTCCCCGCTCTGCTTTTGCCGCTGGTCTCCGCAGGGCCAACCGCTCTCGCCGCTGAACAGACCATGGTGGTTACCGCCGCGCCGTCGGCGGTTTCTGAACTCGATACCCCCGCCGCCGTTAGCGTGGTTAACGGCGATGAGATGCGCCAGGCCGCGCCGCGGGTAAACCTCTCTGAGTCGCTGGGCGCGGTACCGGGACTGCAGGTGCAAAACCGCCAGAACTACGCGCAGGATCTGCAGCTTTCGATTCGCGGCTTCGGGTCCCGCTCCACCTACGGCGTGCGCGGGCTGCGTATTTACGTCGACGGTATCCCGGCCACCATGCCCGATGGCCAGGGGCAAACCTCGAATATTGATATTGGCAGCCTCGATTCGCTCGAGGTGCTACGCGGGCCTTTTTCTGCCCTGTACGGTAACTCCTCCGGCGGCGTGATCAACGCCACCAGCCAGACCGGAAGCCAGCCGCCCACTATCGAAGCCAGCAGCTACTACGGCAGCTTTGGCACCTGGCATTACGGTATGAAAGCGACCGGCGCGGTGGGCGACGGCAGCCACGCGGGCGACGTCGACTACGTGGTATCTACCAACCGCTTCACCACCCACGGCTTCCGCTACCATAGCGGCGCGCGTAAGAATCTCGCCAATGCGAAGCTCGGCGTGCGCATCAATGACGTCAGTAAGTTGACCCTGCTGTTTAACAGCGTGGATATTAAAGCTAATGACGCGGGCGGCCTGAGCTACGACGAATGGCAAAACAATCCGCGCCAGTCGCCAAGAGGTGATGAGTACAATACCCGCAAAACCATCAAACAGACCCAGGCCGGTTTACGCTACGAGCGACAGCTGAGCGAGCAGGACGATCTGAGCGTGATGATGTACGCCGGTGAACGTGAAACCACCCAGTATCAATCGATTCCTCGCGCTCCGCAGCTCAAACCCACTCATGCTGGCGGCGTTATCGACCTGACGCGTCACTACCAGGGGATTGATACCCGCTGGACCCACCGCGGCGAGCTGCTGGTGCCGGTCACCTTTACCACCGGTCTTGATTACGAAACTATGAGCGAGCGCCGCAAAGGTTACGAAAACTTTGTTATGAGCAACGGCGCGCCGCAGTACGGTGAAAAGGGAGACCTGCGCCGCAACGAGCGTAACCTGATGTGGAACGTCGATCCCTATCTGCAAACCCAGTGGCAGCTCACCGAGAAACTCTCTCTGGACGCGGGCGTGCGCTACAGCTCGGTCTGGTTCGATTCCAACGATTATTACATTACGCCGGGCAATGGTGATGACAGCGGCGAGGCCAGCTATCATAAATGGCTGCCGGCAGGATCGCTGAAATATGCGGTAACCGACGCGTGGAACCTCTACGTCTCCGCCGGCCGCGGTTTCGAAACGCCGACCATCAATGAGCTTTCCTATCGCTCCGGCGACCAGGGTGGGCTGAACTTTGGCCTGCAGCCGTCCACCAACGAAACCGTTGAAATTGGCAGCAAGGCGCGTATCGGCAACGGCCTGTTGACCGCCGCGCTGTTCCAGACCGACACCGACAATGAGATTGTCGTCGACACCAGCAGCGGCGGGCGTACCAGCTACAAAAACGCAGGGAAAACCCGTCGTCAGGGGATGGAGCTGGGGCTGGATCAGCAGTTCGGCGAGAGCTGGCGTTTAAAAGCGGCCTGGACCTGGCTGGATGCGACCTATCGTACCAACGTCTGTGATGATACCAGCTGTAA
NZ_CP180159.1_gap70	3025722	3029662	3940	CGACAACGTGCATGGCGAGAGCGGTCTTGACGGCCCGGCGCTGCCGGAGCCGGGCTTTGCCGCCCAGGCGTGCACCGCCGTCGAGCTGATGGCCAAAACCCTGCGCGACAGCGCCGAGCCGGTCACCATCGTCGCAACCGGCCCGCACACCAACGTCGCCCTGCTGCTCAACAGCCATCCGGAACTGCATGCCAAAATCGACCGTATTGTGATTATGGGCGGCGCAATGGTGCTGGGGAACTGGCAGCCGGCGGTGGAGTTTAATATCTACGTCGACCCGGAAGCGGCGGAGATCGTTTTCCAGTCCGGCATTCCTGTGGTGATGGCCGGGTTAGACGTCACCCATAAAGCGCAAATTCACGTTGAGGATATTGAACGCTTCCGCCGCATTGGCAACCCGATATCCACCATCGTCGCCGAACTGCTCGACTTCTTCCTTGAGTATCATAAGGATGAGAAATGGGGCTTTGTCGGCGCGCCGCTGCACGACCCTTGCACTATCGCCTGGCTGCTGAAGCCGGAGATGTTTACCACCGTTGAACGCTGGGTCGGCGTGGAAACACAGGGGAAATATACCCAGGGAATGACCGTGGTCGATTTCTACAATCTGACCGGCAGGAAGCCGAACGCAACGGTGATGCTCGATGTCGATCGCCAGGCGTTTGTTGACCTGCTGGCGGAGCGGCTGGCGTTTTACGCGTAAATCATCATAAAACCGGCAGGCGCGATGCCTGCCGGGAAAAAGCTACTCGTCAGGAGAGACGCGAACCACCACTTTACCGAAGTTCTCGCCCTTCAGCAGACCGATGAGCGCCTGCGGCGCGTTCTCCAGGCCGTCAACGACCTGCTCGCGGTATTTAATTTTCCCTGCCTGCACCCAGCGCCCCATCTCTTGCTGGAACTCGGCAATCCGGTGCCCGTAATCCTGGCCGATAATAAAGCCCTGCATACGGATGCGTTTTTTGAGGATTGTCGCCATCAGCAGCGGCAAGCGATCCGGGCCGTCGGGCAGCGCGGTGGCGTTGTAGCCGCTGACAAGGCCGCAAACCGGCACGCGGGCCGAGGTGTTCAGCAGCGGCAGCACTTCATCAAACACTTTCCCACCCACGTTCTCATAGTAGATATCGATCCCCTGCGGGCAGGCTTCAAGCAGTTTGACGGCGAAATCGGGCGCGCGGTGATCGATGCAGACGTCGAAGCCAAGGGTTTCTACCGCATAGCGGCACTTCTCGCTGCCGCCCGCGATGCCCACCGTACGGCAGCCTTTCAGCTTCGCAATCTGTCCGACCGTTGCGCCAACCGGCCCGGTGGCGGCGGCAACCACCAGCGTTTCACCCGCTTTCGGCTGACCAATATCCAGCAGCCCCATATAGGCGGTAAAGCCCGGCATGCCGAGGATCCCCAACGCCCAGGAAGGGTGCTCCGGGCTCTCGCCTAACTTCACCAGCCCGCTGCCGTCGGAGAGTTCATAATCCTGCCAGCCGCCGTAGCCCAGCACCCAGTCGCCGGGCTGATAATCATCATGGTTCGATGTCACGACGCGGCTCACGGTGCCGCCCACCATCACCGCGCCAACGGCGACCGGCGGCGAATAGGAAGGAGCGTCGCTCATCCGCCCGCGCATATAGGGATCTAAAGACAGATAGACGGTGCGCAGCAGTAGCTGCCCCGGCCCGGGAGAAGCGACCTCCTCCTCTTCCAGGCGGAAGTTTTCTCCGGTCGGCTCGCCGTGCGGACGGGATGCCAGCAGCCAGCGGCGGTGGCGTTGCGGATTGAAAGCCATAACAAACTCCTCTTTTGACAAGTCTGTATTGAGGCTAGCTGCTTTCCCGGCAACGCGCATTGACATTATGAGGCAGATTGATTGAGCCGGACCACCAGATAGACGCAGGGCTGCGTGGTTTCATTAATAAAGCGGCAGTCGTTCGGCGGCCCGAGCTCCAGGCAATCCCCCGCCTGCATTTCGTGGCGCGCGTTGCCTTCGAGAAAGACCAGTTCGCCCTGCTGTAGCCAGATGAGCTGCCGGGCCAGCGCATAGGATGACGCGGGCATAGGAACGTCGCTGCCAGCCGGAAGTTCCACCTGCACCAAATCGATAGGCAGGTCGCTACGCGGGGAAACGTGACGCCGAAGATAGTGGCTCTGCGGATCGTGCCACACCGGCTGATGAGCAAAACGCAGCAGCTTGCCTTCCTGCATCTCCGCCCTGGCGATCAGCGTCGACATACTAATGCCGAAGGCGCCGGAAAGTCGTCCAAGCATCGACGCCGTAGGGCTGCTTTCGCCGCGCTCGATCTTGTGGATCATCGCCCGCGACGCCCCTGCCCGCTCGGCGAGTTCGCTGAGCGACCAGCCGCGGGATTCCCGCTCGATTCGGATGCGTGCGCTGATGCGCTGGTTGAGGTTGTCTTCTATAGTATTCATAACGTGACACTATAGTGTAGCCCTTCTGTTTCTACAACCAGACGCCCGCCGTCGGAAATGAAGATGATAAAGCCCGGCTATAATTGGCCGGGCAAACACAGAGCGTCATTCAATCCGTTAATTTAAACATCGTTACGGCAATAAATGAAAAGAAATAATCCCGCTTAGATAAAGACGCGCAGCCCCACTGCGCCGAGATTGTCGTCAATATTCCACGCTTCGTTATCGTTGCCCCAGGCTTTTTCGTAGCCGTATTCAAGATAAGTCACCGCGTTTTTCCCCAGCCAGTAATCGGTGCCTAATACCGTTGACTGGAAGTGCTGCCCCTCCATCGCATCGCCGCCCTGCGACCAGTTAAAATCAACGTACACGCCCCAGGCCGGCGTGATTTTAAACTGAGAGTCATATTCCAGGCCAAGCACCGTTTCCTGGTCATCGCCCTGCCGGGTATTACGATCGTAATGACCGCTTGTCGCCGCTGTAACATCATTCACTTTATTAAGGTAATAAGTCACCTCCGCGCCGTTATACCAGGCATGATCGCCGACGCTTGTCGTATATTTCGCGTTCATGCCCATGCTATAAGTATTGCCGTCATAGGCATCGCCGTTATTATCGGTGTAATTAAAACAGTGGCCATTCGGGCCAAAATTCTGGCAGCCGCTGACTGAACCGCTATTTACCGTGTAATTGTTATACGCCACCGCGCTGGAGACGGAGAAGCCGTTATCCCAACGGTACTGCGCGGCAGCCGCCGCTCCGCCGTGAACGGTGGCTGACCCATCGCGGTATGCGTCGTGCAGGTTGGGGCCATCGCCGTAGGCTGCAAACCCGATGCTATCGACATTGTCATTGCCTTGTCCCATGATGCCAACAGTCATATTTTTATCACTGTAATAGTAGATCGCCGCGGAATTAATTATATCCGTCGACATTCCGGCGGTATCATGTTTCGCTTTACCGCCCCAGGCATAAGTCGTATCAATACCCAGCCCCCAGTCCGTGGGGGCATACTGTTTGCCGAAGGTCACCACGCCATAGCGGTCATTGCCAATACCGGCATAAGCCTGCCGCGTATAAACATCATTGCCCTGATCATCGGTGGCGGAATCTAAACCATGAACGCCGGTCTCATAATAACCGATGGCATAATTACTCAGGCCGTTCAGGTCAAAATTATGCCGCACGGCAACCCCCAGTCGCGAGTCATTATTCTGTATATTATGTTCCTGAGTATGATTAGAGTCCGTTTTGGCCATTAAACGTACGGATCCTAAAATACCGATTGCCGTATCCTCATTGCTCCACAGCGTCTCCCCTTTAGTTTGCGTCGCGGTATAAGCCGGTGCCGCCTGTAGCATATTGGTTTCAGCCGCCATGGTGGTATTGACTAATACGTTACCAATAATAATTGCCAGTATCGAAGGCACTACTACTTTCATATTTTTCCTACGCGCCATTGCTTCACCCTTATTAGCGAAATCAATCCCTGCGTATAAATACGCATAATGGTATG
NZ_CP180159.1_gap71	3032471	3036035	3564	TAATCAGCTTATCCAGCCCAACGTCGTGGAAGTATTCGTAATGTCCCTGGGAAACATTATGGTACGGATGGCTGGTATCTTTCTGCCGCAGCACCGAGAACAGCACGTCATCGGCGTTGAAATCACGGGTCGGCTTGAAGTATTTGTTGCTGTTGAACTGCACGCCCTTACGCAGGGTGAAAGTCCAAGTTTTACCGTCCGGGGAGACGCGCCATTCGGTGGCCAGCGAGGGAATTGGCGTATTTTTGACCGGGTCAAAGTTTATCAGGCGGTTATAAAGCACCTGGGAACTGGCGACGAAAGATGGGCCCGAGCTGGCAATCTGCGGGTTGAAAGATTCCGGTGAAGCTTCGGAACAATAGACCAGCGTATCGGTGCCCGCCGCCCAGGCGCCTGCCGCCGGCAGTAGCGCGCTCAACGCCAGCGCAAGAAACGTTTTCCCTGTAGACATGGTTATAAGCCTTATGAATTTGTTATAAGTCCTTTAATAACAGCACAGGAGAATTCAACCGGCAAATAATCAATTGCTATCAGGTTATGCTAAAAACCGCGTTTTCGCCGATAAATTCAACATCCTCTCAATTGGCGTCATCGACCTTCCTCATAAATGTGAACCCTGCACAAAGTTACGAAAAAAGCGGGCGATAACCGCCCGACCGCCACCGCGCGGCGGCGCAACCCGGTACACTCGGCAAATCGTAACGCCAGGAGAAGCCAATAATGACAATAACCTGCAATCTGTACACCAACGGCCAGTGGCATGATGCTGAAGGTCATGCCACCTTTACCCGCGATAATCCGCTCACGCGCGAACGTGCCTCCGTTGCCAGCGCCGCCAGCCTGGCGGACGCCCGCCGCTGCGCCGCTGCCGCCGGCGCGGCGTTCCCGCGGTGGCGCGATACGGTACCCGCCGAGCGTCGACGTCTCCTGCTGGAGGCCGCGGAAGAGATGCTGCGTCGTGAGGCGAAATTTATCGCCGCGATGGCGGCGGAAACGGGAGCCACCGCGCACTGGGCCGGTTTTAACGTTCATCTGGCCGCCGATATCCTGCGCGAAGCCGCCGCCCTGACTACGCAAATTGAGGGCCAGGTGATCCCTTCCAACGTGCCGGGAAACCTGGCGTTGGGCATCCGCCAGGGCGCAGGCGTGGTGCTTGGCATGGCGCCGTGGAACGCGCCATTAATCCTCGCGACCCGCGCTATCGCCACGCCGCTGGCCTGTGGAAATACGGTTATTCTCAAAGGCGCGGAGCTGTCACCGGCAACCCAGGGGTTGATCATTGATGCCCTGGCAGCGGCAGGCTTTCCCGCGGGCGTAGTCAATTATCTGACCTGCGCCCCCGCCGACGCGCCTGCGCTGGTGGAGTCTCTGATCGCCCACCCCGCCGTTCGCCGCATCAATTTCACCGGTTCGACGCCGGTGGGGCGGATAATCGCCCGCACCTGCGGCGAACATCTGAAACCCGCGGTGCTGGAACTCGGCGGCAAAGCGCCGCTGCTGGTGCTGGATGACGCCGATCTCGAACAGGCCGCGGCAGGCGCAATTTTTGGCGCATTCGCCAACGCCGGACAAATCTGCATGTCCACCGAGCGCATCATCGTCGACGTGACCGTCGCGGAAGCGTTTGTAGCGCAGCTGGCCAGACGCGCCGCCGCCCTGCCCGCAAGCCTGCTCGGCCCGGTGGTGGACATGAAGACCGTTACCCGCTGCAATGCCTTGATAGAGGACGCGCTGGCGAAGGGGGCGCGCCTGCTGGCCGGCGGCCTATCCGATTCGCCGCAAATGCGCGCCACCCTGCTTGATGGCGTCACCCGGGAAATGCGCATCTGGCATGAGGAGTCGTTCGGTCCGGTGAAATCGATTATTCGCGTTAAGGACGAAGCTGAAGCGCTGGCCGTCGCCAATGAAAGCGAATATGGCCTCTCGTCGGCGATATACAGCCGGGACAGCGCCAGGGCGTGGAACCTGGCGCAAAATCTGCAAACCGGCATTTGCCACATCAACGGCCCCACCGTACATGACGAAGCGCAAATGCCGTTTGGCGGCTGCAAATCGTCAGGCTACGGCCGCTTTGGCGGACGCGCGGGAATTGCCGAGTTTACCGAGCTACGCTGGATAACGCTGCAAACGGTCCCGCGCGAACTCCCGTTTTAAGCCTAGGGCTGCCAGTGGTTATTGAATTCCCACAGGCGGTTGAAGGCAACATCATCAAGCTGCCGTTCTGCGGCGGTATTACCGCGGAACGGCCGGGCGGTGGTGGCCGCAGCGCCCCAGGGGGAAAGCCGATCGTAGCTTTGATCGATAGTACTGTTGACAATAAGCACCTGCCCGTTAGCGGTTTTACCCGCTAAATAACCGGTCTTCCCCGCCCCCTGATCCCAGGCGCGGCCCAGCTTCGCCTTGAAGCTGCCCTGATAGCCGCCGTCGCCGGTAAAGCGGCTATTCTTCACCAGAAAGCCGTATGGATTATCCGGCAACGTATTCGGCGCAAGCACATATGCCTCGGGCGAGCGGCGCGTTGAGACGGTGTGAAAATGGACGTTATCAAAAACGGCGTTCGCCCGGCCAAAGACGTAGTCCACATCCCCTTCGACGTAGCTGTCTTTCACATATACCCGGCTGATACGGTCGGTTACCGCCTCATTGCGCCGATTGCTGGTATTTACGTAGAGCGTGTCCTGACGTCCGAGCAGGCGGACGTTCTCCAGCTGCACGCGATCGCCGTCCGTCCGCAGCGCCACGCCCTGATGCGTTCCACCGTCTACGGTATCCAGCAGGCTATTGGCTACGCTGAGATTCAGCAGCTGAAAATCCGCGCTTTGCGACCAGACCACCGCCGCGCAGTTGGTGCCTATCGTCTTGCTGGTTCGCCCGGCGCACAGCGCATACTGATACCATGCCGGATCGCCTTCGCGGTATTGCTGTTGGCTATTTACCCGCTGGCGATAGCGCGCTATCGAGAACTGCGAGTCTATTGCCAGCTCAATTCTCACCTCTTCAGGACTATCTCCGGCGCCGTAGAGGGTTATCGGCGGCGCGCCTTCAGGGATATAGACCGTCTCACGATAGATGCCCGGTTCGATGCGGATATAGATGCGCGCCTCCTGCGCCCCTTGCTGGCCTATTGCTGCGTTAACCGCCTGCTGAATGCGGGTGAACGGCGCTCCCGACGGCGCCACGCGCCACGCGCTCTCGGTTTGCGGGAGGTGAACTGGCGATGGCGACCAGGGGCCATCGGGGGCACTTAACGCGCCGCCTTGCGCAAAATAGCGCTCAATGGTGAAGGTTGCCGCTTCTGCCGCCGTAAGCTGGGGACGGAAGGTCGTCCCGCGCGGAGTTTGCGTCGCGCACCCTTGCAGAAGCAGCGGTGTAAAGAGTAAAGCCGAGATACCCAGGATAGTGATTTTTCGCATTTCACGCTCGCCATGAATAAAAGAAACCATATATCAAAATAAATGAAATATAGTTTCTTTTTATATGCGGCGATCACGAATCAGGCTTCTGCCTCAATAGCGGAGTAAAAATCGGCCAGCGTACAGGCCAGCGCCGATGGGTTTTCCCACG
NZ_CP180159.1_gap72	3037144	3039043	1899	AAATGTAGAGGCTTATTTATAAAGGTGGCGTTATGGATGTTTCCAGCAAAACCGTCCTTCTGATAAATGTCGGCGCGGCACTTGCGCTTATCGGCCTGTTATCCGTTCGTTTTGGTTGGTTTTAGCGATTTTACTCAGCAATGAAACCTAAAAAAGCAGCCCATGAAGGCTGCTTTTTTACGATTTGAAAGACCCCGGCTCCGCAGCAGACAGGGTCTTTTGCGCGGTAATCAGCTTCTGGACGTCGGGATTCCAGACCGGCAAAAGATCGACTTTTTCACTATCCCATGCGGCCGCCATGCAGACCGGTTCCGCGACGCCCAGCTCTTCACAGCCCATAATCTGTTTGGCCGGAAAATTCCCGTAAAGCATCGCCGTGGCGCAGGCCACAAAAAGGAAACACGCTATTTTTTTCAAAACAATATCAACTTCGAAGCAACAAATTGCGCCGAATGTTCGCATGAGCGGCTATAGAAAGTCAAACCTGCGTCCTTTCTCTTATCGACGTCCTGGATATGCGTAATATTTAACATAAGCATTACAATTGCGCAGAATCTAATGATTATCGCGCGTGAATAAATATCACCGGATTTATATTGCAGATCGCAGGCATAATAATTTCATCTGCCGGGATCAATAACATGATTATTAATAGGGTTAATGCCGGACCTCAATATCATCGCGGCACGACCACCAACGCTTAAGGATACAGCTAAAAACAAAGGCGCTTTTCATACCGGTGGGGAATTGTTTACTGTTCTTTATACTCGCCTGGACGCGATGCCGGTATGCGATCATCATTATTAGCAGGTTCCAGGTCAGCCAGGATTGCAGTAGAATGAATCCATAATTAGAAATTATATATACATCAATAGATTACAACGAAAGCAAAAAGCCAGACATCCCCACCAGGTTTTAAATGATAAGAAATATCATTTGCGTTATTTAGCACAAAATCATACATTCATAATCACAAGTTATACGAAACTTGTTTTTTACTCATTTATTTTTGAGGTGGTACATGTCCGGAATCGCCGTTCTCATTGTGGCGCTTATTTTACTTATTGCTGCAATTTATAATCTTTTTTCCTATGTTCGCGAACGTCGCCAGGCGAGTTTACCGAGCAAAAAAACAAAACGTTAGTCTGATAATCATTTTCGAAAAACCAGATGACTTGATACGTAACAAATTGATGACGCTACGATATCAGGCGCACTCGCAGTAACAAACCCGCAGCGACCGTACAACAAAAAGCCCCTGCATATCATGCAGGGGCTTACGAATCATTATCAATCGTTGCAGTGTCCCGTTAAGGGTGCATCCTGCACCCTGGGGGGTACCAGCCCCATCCGGCGCTTATCTCCGGCACTCATTATGGCTTAGCTCTTGAAGGGGCATGAGAATATTCTCATAAACCAGCGCTTCCGTTTTAGCATTTTTTGCTATGACTAACTATTAGCAGGGTAATCTGTCCGGTACGCGATTATCACGAACGCGTCCTATCCGTGCTTAATCATGACGTGCCGGATCGTGGTGTAATCCTCCAGACCGTACATCGACATATCCTTACCGTAGCCCGAAAGCTTCTGCCCGCCGTGCGGCATTTCGCTCACCAGCATGAAATGGGTGTTAACCCAGGTGCAGCCATACTGCAGACGCGCGCTCAGGCGATGCGCCCTGCCGACGTCCCTGGTCCAGACCGACGAAGCCAGACCATACTGCGAATCGTTGGCCCAGCTCAGCGCCTGCTCTTCGTCATGAAATGAGGTAATACTGACCACCGGGCCGAAGACCTCGCGCTGGACAATCGCATCTTCCTGCTTCGCTCCCGCCAGCAGCGTCGGCTGATAGTAGTAACCGTTGCCTGGCGCTTTGCTGCCGCCGGTGACCACCTGAAT
NZ_CP180159.1_gap73	3054102	3057477	3375	GAGAAACTGGCGGTAGACGGCGGTGATTTTGTCATCGCTGGAAAACGTTTTCTCCTGCAGCGTGAACGAGGCCGGGCTGCGGTCCCAAATCTGCTCGCCTACCCGGCGCAGGTGTTCATCGGTGCAGTAGAGATGCACAAATGAGAGATCGCCGCGGATATCCCAGGTGCTCTCATCGCCTTTCGGCATCAGACAGAAACGGTCCGGCCCGCCGCCGTTTTTCCAGCCGTGGGGCGTTTTTTGGTAACTTTCGTAGCCATCGGCAATATACAGGCTCAGGGTGTGGTGGTCGCTTTGTACCGTAATGGTATCAAGATTGTTATACCACGCCGCCAGTTGAATACCGGAGTTGAGGTTCACCGTCCCCCGCAGCACGGCATTTTTTTGACGCAATGTTTCGAAAGTCCCGTAAGCCATAACCCTTCACACTTCTGATTCCGCAGATCGCTAGTCTATGAAGAGTCGCTGGCAGATACCAGCATTCCCCCGCCGCTGGCTAAAAATAAGCGCAAGAATTTGCAAGTCGGCAACAAGTAGATGACAGCGCCGCGCGGCGCCAGACCGCAAAATGATCGCGACAACACTCACAGGAGAGACATTTTGAACGCATTACTCTACGGGTTGGTCGTGGTTATCTGGGGCACGACATGGATTGCTATCTTTTTGCAGCAGGGGCCGGTTGCCGCGCCGGTGTCCATTTTCTGGCGCTTTGCCGTCGCCAGCGTCGCGATGCTGACCATTCTGCTGGTTACCCGTCGCCTGCGCCCGCTGGCCGCGCGCGACCATCTCTTCTGCCTGCTGCAGGGCTGCTGCGTCTTCTGTTTTAATTTCTGGTGTTTTTATACCGCCGCCGCGTATATCAATACCGGGCTGGAGTCGGTGATCTTCTCCATGGCGGTGTTGTTTAACGCGATCAATAGCTTTCTCTTCTATCGCCAGCAGCCTCCGGGCCGATTCTGGCTGGCCGCTGCGCTGGGACTGGCGGGGATCGTGACGCTATTCTGGGATGATTTATGGGCCAGCGGCCTGAACGCCTCGCTCCTGCTGGGTATTGCCCTCAGCGCGCTGGGAACCTATGGCTTTTCACTCGGCAATATGCTCAGCATCCGCCACCAGCGCCGCGGCCTGGAGACCTTGACCACCAACAGTTGGGCCATGCTTTACGGCACCCTGGTCATGGGCGCCATCGCGCTGATACGCGGTGATAGCTTTGCCCCACAGTGGACGTTGAGCTATATGGGGGCGCTGCTATATCTGGCCGTGTTTGGCTCGGTGATTGCTTTTGGCGCCTATTTTACGCTGGTGGGGCGAATCGGCGCGGGTAAAGCGGCATACAGCACCCTGCTGTTTCCACTCGTCGCGCTGACCATTTCGACTTTTTATGAAGGTTACGTCTGGCATAGCAACGCCGTGGCCGGACTGGCGCTGATCCTGGTCGGAAATCTGGTGATGTTCGCTCGCCCGGAGCAGTAGCTGCTGCGGCGAAGACTGGCCTGGGTTCGCTCGGATCGCTGCTGACGCTCGCGCTACCCTCGAGGGGAAATGAAAAAGGCGCTATCAACCACTAGCGCCTTGATTAACGGATACGCCAGATTAACGGTTATTGGGGTCGAATTTCACCGCGTCAATCGCCATATCGTCAATCACCTGCTTCAGCGTCTCGACGGTGAGTGGCGTATTTTCGTTGGACAGGTTTTTGCCTTCGCCTTTACGGACCACTTTGATGACCGGCTTTTTGGTCGCCGCATCAATCAGTTCACCTTCAAAGTACAGGTTGGTATCCATGGTACGGTGACCGGTTGCCGCCTGGGTACCGGCGATAATCATCGCGACCGGGATCACTTCGTAGAACTGCAGGCCTTCTTTGCTGGAATCCACGCCGGTGATGGCGCCGCGGAAGATCAGGCTGCGCTTACCTGCGGTGGTGGCCAGCGGTTTACGCTCGGAAATAGCCTGTTTCATCTCTTTATTGGTGTAACTCAGGATATCGCTGAGCGCCTTCTCGCCCACTTGAGTGGTCGGTTTCGGTACCGGGTAGTAGGTGATTGGATTATAAACAACGTTGTCATAGTTGCTCGGATTGTAATCCGGAGAAATCCAGCGCAGTTCCGGTTTGCCGGACGCCGAGGTGGTTTCTTTTAAGTTAGAGTAATCTTTTAAAAATCCCGAATATTGTTCCGGTTTAGCGATTTTAGATGAGCAGCCGGCCAATGCTAACAGGCCAGCGAGCGCGGCGACCTTAAAAAATAACTGAGTACGCATATAGGTTAATCCCTGTGAATACCATTTTCGGCAAGAGTTATAGCAAATAACAGGGGTAAGTTTTGTGGCAAAAATGGTGCTACGTCAAGTAGCGCAATAAAATAAACCCGCCGTTGCCGGCGGGCCGTGATTGGCTGTTTATCTGATATCAACCTGATAAAAAATATGCTTGCCAAAGGGGTCTATTTCGTAGCCTGACACGTTTTTACGCACTGGTTCAAATATTGTCGAGTGGGCAATCATGACTGCCGGCATCTGGTCATGCATCATCTGCTGCGCCTGGCGATAGAGCGCTTCGCGTTTTTGGCGATCGGTTATCGATTTTGCCTCGGCGATAATTTTATCAAACGGCTGATAGCACCATTTTGCCGAGTTTGACCCGCCGTTCGCCGACTTGCAGGTAAAGAGTGGACCGAAGAAGTTATCCGGGTCGCCGGTCGCGGTCGTCCAGCCCATCAGCGCCGCCTGATGTTCGCCATCCTTCACCCGCTTTAAGTATTCACCCCACTCATAGGTTGTGATTTTCGTTTGCACGCCAATTTTCGCCCAGTCGGCCTGGATCATTTCGGCCATGCGTTTGGCGTTCGGGTTATAGGGTCGCTGCACCGGCATCGCCCACAGATCGATGGTAATTGGCCCCGCAACGCCCGATTCCGCCAGCAGCGCTTTGGCCTTCTGCGGATCGTAGTCATAATCCTTCAGCTGGCTATCCGCGCTCCATACGCCCGGCGGCAGCAGGTTTTTCGCCGCCGTACCGGTACCGTGGAATACCGCTTCAATGATCGCCGGTTTATTGATCGCCATGGCCAGGGCCTGACGCACCTTAACGTTGTCCAGCGGCGCTTTTTGGGTGTTAAACGCCAGGAAACCGGTGTTAAGGCCCGCTTTGCTCATCAGGTTGATCGCGTCGTTCTCTTTCATACGCGGCAGGTCGGCTGGATTGGGGAACGGCATCACCTGGCACTCGTTTTTCTCCAGCTTGGCGTAGCGCACCGAGGCGTCCGGCGTGATACTAAAAATGAGACGATCGATATGCGCCTTCCCCTGCCAGTATTCCGGGAACGCCGTGAAAAGAATTCGGGAATCTTTTTGATATTGCGCGAGCCTGAAAGG
NZ_CP180159.1_gap74	3059895	3062337	2442	GGCTATTGCGCCCGTTGCCGCAGCCCAGATCCAGCGCCTTACCCGGCGCGATCAGCGTGGCGGCATGCAGCACCTCAGAGTGGGTGCGGGTCATCCCGTATTTGTCGGTGAAGTAATTTTCGTCACGAAGCGTCATGGTTAATCCTTATTTTTTAATAATGTGTCGCGCTCAACGCGAATCAGCAGTTTACCGCACATTAGCAGCAGGAAGGTTCGAATCAGCAGCAGCCCGACGATCAGATTGGTGAAGAGAAACAGCGGGAGCGCGAGGGTATTGAAAAAGCCGTCCGGATGCTGATGACCGAGATGCAGGCCGGTGGTCGCCAGCGCGGAGATGCCGAACGAGAAGCTCCAGAACGAGGCGTTAAACGGCTGGCGCAGGTACCACGGCATCAGGCGCAGCATAAACAGCAGCTGCAGCAGACCATAGCCGAACAGCAGCTTAGCGAAGGTATCCGCCTCGCCGCCGTTCACGCTCAGCCAGGCGCTGCACGCCACCAGCGCCGGCGCCAGCTGAATGCCGAGGGCGGTGCGCATGGCTACCGGCAGTTCGCCGTCGCTGCGCAGGCGCTGCAGAATCACCGGTTCAAGGCTAAGCCAGGAGAATAAGCCGGCGCCCAGAAACACCAGTCCGGCGTCGGTAAAGCCCAGCGCGCCGCAGGCCATGGCGCTGATAAAGTTATTCGCCACCGTCGGCAGATAGAGGCCCGGAGTGGTCGCCTCATGGGGATGCTTCCCCCGCCATAGCCCGGCGCTCTGCCAGGCCGCATAGCTTAGCTGCAGCACTACGCCAATCGCGAATAACACCAGCGAGAGCGGCCGCAGCCAGGGAACAAAGCCGATGGCCACCAGCATGGTCGTCGCCGGAAACAGGCTGACAAAACTGCTGGCCACAGGATGGCGTATCTCCTGCAGTACGCTGTGCGGGAAACGGACTGCACGGCTGATAAACGCCAGCGCCAGCAGCGCCCAGACGAGGGTGGCCACGATAACCAGACCGTCGCCGATTGTCCTGCTCACCGGCCAGATCGTGCTGGCGTACCGCCAGGCGAAGCCCATGCCGATAATGCCCAGAACCATACCAAAATAGCCCGCCGGGAGATTCAGCACCCGGCTCACGCGCTGCTCTTTATTCATTTTGTTTAAATTTTCAATTTATCTGAAGTTGCATTCTAAAAGAACCTTCAAAAACACGCTACGGCGTTTTTTGCTATGTTTATGTTAACCATATGTAATGAGAAAAGCAGATGCGCAAATATTACCTCAGCGAGAAGGTTCGCCAGTTTCACTATGAAGCCGACGGAAACAAACACAGCGTCAATCTGCGGCAAATTGTCGCCTTACGCGATTTCGCTGACGTGAAAAGCGGCGATGAAGGCGGCTGGCTGGACAATGAAGCAGCCCTGAGCCACGAAGGCGAGTGCTGGATTTATGACCCGAATAGCGCGGTGTTTGCCGGTGCGAAAATCGAGGGTAATGCCCGCTTGACCGGCGAGTGCATTATCAGCCATGGCGCCATCGTCAGCGATAACGCGCGACTGGACAGCGTGCAGGCAAGCCACTGCGCGCGAATAAGTGACAACGTCACCGTTTCGCATTCGCAGATTCGGGGTTATTGCCACCTGGCCGACAATGCGCGCATCCTCCCCCACTCGCTTATTATCGCCGCCCAGGGTCTGACCGCCGACAGCGACAAAATCCTGCGCATTTATCAGCGGGCAACGGTCAGCGCTTCGCGCATCGTTCACCAGGCGCAAGTTTACGGCGACGCGTTTGTCGAACACGCATTTATTGAGCATCGGGCGGAAATCTTCGATTGCGCGCGGCTGGAGGGTAACGACGAAAACGACGTCTGGGTCTGCGATAACGCGCGAGTTTATGGCCACGCGAGGATTATCGCCGGGCGGGAAGAGGACGCCATCCCCACCCTGCGCTACAGCTCACAGGTGGCGGAGCACGCGGTGGTCGAAGGCAACTGCCTGCTGAAGCATCGGGTGATGGTCGGCGGGCATGCGCACCTGCGCGGCGGGCCGATTCTGCTGGACGATAATGTGTTAATTGAAGGCCATGCGGTCATTTGCGGCGATGTAGTGATTGAACATCAGGTGACGATCGGCGACAGGGCGCGAATTGAAGCCAGCGCGGGCGACGCCATTTCTATCAGAGGGGAGAAAGTGATAAACGGCGACGAACTTTTTACCCGCACGCCCATTGTCGGCTTTCTATAACCTTTGCTCCCGACCGCGTGGTTTATCAGCTTCAGGCCCCTGCGCGCTGTTCCCCGGAGGGCACGGCCTACATCTCAGCGCGGCCCGCAGCCCGGGCAAGGCATCAGCCGCGAGCCGGGAATTGCCCGGTGTCACAATCAATAATGCGCCCGTAGATATTCTGGTCATCGTACGAACCGTTCAGATACTCAGCCTGCTTCAGGCACCCTTCGAG
NZ_CP180159.1_gap75	3088169	3091408	3239	TAACCGCAGCAACCCGCTGCTCAATATCAAATGGCTCTCCAGCGGGAGTATTCTGCGCCTCGGGCTGATTATGCTGCTGATCCGCATCGTGCTGGCGGAGCAGAATACCGGCGTTATCGGCTGGCTGCAGTACGTCGGTTTGCAGAATGAACAGATGACCAACCTGGCATGGTCGATTTTCGCCGGGATCGTCTGCGGCATCGTCGCCAGCTGCCTGACGCTCAACCCGCAGCGCCTCTACTGGCCCACCGCCACGGCGCTGGCGTTGATTATGGTGGCCTCGCTGCTCGACAGCAAGTCGACGATCCTCACGCGGCCGGAGCAGCTGATGTTCAGCCAGTTTCTGCTGGGCTTCGGCAGCGCCTTTTTCCTCGCCCCGGCGATGCTGGCGGGGATTGGCGGCGTCATTGCCGACCAGCGCAACCTGGTGAGCTTCTCGGTGCTGTTCGGCATGAGCCAGAATATCGGCGGCCTGCTGGGTTCCGCTATTCTCGGCACTTTTCAGACCTGGCGGGAGAAGTTTCACTCCAGCCAGCTCGCCGACCAGCTCACCACCCTCAATCCGCTGATTACCGAGCGTTTGCAGCAGTACAGCCAGATGTATCAAAGCCAGATTGGCGACAGCACGTTGCTCAACGTTCAGGCCGCCGCGCTGCTGCAAAACGCCGCCACCCTGCAGGCCAATATTCTCGCTTACAATGATACCTATCTGCTGACAGCGGCGATTTCAGCCGCCACGCTGGTATGGGTTTTCTGGCGCTTAATAAGATTACGTATTACCGCTCGTATCGCGCTGAAGCGCGCGACGGGAAGCAAATAAAAATTTTCACTCTGGAGTTATTATGAGTCAGCAGGATGCGGCCAAACAGCAGGCCAATACCCGAAATAATATTCGCATCGTCTCTATTTTTACCGCCGCCGCCATTGGCATCGTTGGCGTACTGGTTATTCTCTACGCCTGGCAGCTGCCGCCGTTTACCCGAGAAAGCCAGTTTACCGATAACGCCTACGTTCGCGGGCAAACCACGTTTATCAGCCCACAGGTCAACGGTTATATCACCGAGGTTAAGGTCCAGGATTTTAATCAGGTAAAAGCCGGCGACGTGCTGTTTCAAATCGACGACCGCATCTATAAGCAGCGCGTCCATCAGGCGGAAGCTCAGCTGGCGATGAAAGAGGCGGCGCTGAAGAACAATCAGCAGCAGCGTAAAAGCGCCGAAGCGGTCATCACGCGTAACGAAGCAGCGCTGCAAAACGCCCGCGCGCAGAATCTGAAAACCCAGGCGGATTTAAAACGCGTTCAGGAGCTGACCGCCGACGGCTCGCTATCGATTCGCGAACGCGATTCCGCCCGCGCCAGCGCGGCGCAGGGCACCGCGGATATCGAGCAGGCCAAAGCAACGCTGGAGATGTCGCGCCAGGATTTGCAATCAACCATCGTTAATCGTGACTCGCTGCTCGCCGACGTCGCCAGTGCGAAAGCCGCGCTGGAGCTGGCGCAGATAGACCTGCAAAACACCCGTATTATCGCGCCGACGGACGGTCAGCTTGGGCAAATCTCCGTTCGCCTTGGCGCATACGTGACCGCCGGGACGCATTTGACCTCGCTGGTGCCGCCGCAGCACTGGCTGATCGCTAACCTGAAAGAGACCCAGCTGGCCCAGGTGCGCGTCGGACAGCCGGTGACCTTTACCGTGGATGCGCTGAACAGCGAGAAATTCACCGGTACGGTGCAGAGCATCTCCCCGGCGACCGGCGTGGAGTTCAGCGCTATTTCGCCGGATAACGCCACCGGTAACTTTGTCAAAATCGCCCAGCGCATTCCGGTACGCATCGCCGTTGATGAGGGGCAGAAAAACGGCCAGCGCCTGCGGCCGGGCATGTCGGTGCAGGTCACCATCGATACCCGCGCGGAGGAGCAGCAATGATCCGTCCGCTCGCTCTCGCCGTTATGCTTGCGCTGGCCGGCTGCCAGTCCGCCGACGTTCAACGGGCCGCGCCCGGGCTGCAGATCCCCGCCGCCTGGCGGGCGGATATCGGCCCCTCCAGCCCGGTTGAGGGCGTGTGGTGGCGCAGCTTCCACGACAGTACGCTCAATCTCTACGTTGACCAGGCGCTGCGCTACAACAGCGACGTGCTGATAGCCCGCGAACGGGTCAACGAGTACCAGGCGCGGGCTTACGCCGCCGATAGCAGCCTGTTTCCCTCCCTTGACGCCGGATTGACCGGCACCCGCGCGCGGTCACAGTCGGCCGCTACCGGCCTGCCTGTCCACAGTACGGTGTATAAAGGCGCGCTAACCGCCAGCTACGATGTTGATCTCTGGGGCGCTAACCGCAGCGCCGCCAGCGCGGCGCAAGCCAGCCTGGAGGCGCAAAAGGCGGCTGCCGCGGCGGCGAATCTGACCGTTACCTCTTCGGTGGCGGCCGGCTATATCACCCTGCTCTCGCTGGATGAACAGCTGCGGGTAACGCAGCAAACGTTAAAATCGCGCGAAGATGCCTTCAACCTGGCGAAGCGCCAGTTTGAGACAGGCTATACCTCGCGCCTGGAGCTGATGCAGGCGGACTCTGAACTGCGCTCCACGCGCGCGCAAATCCCGCCGCTGCGCCACCAAATCGCCCAGCAGGAAAATGCGCTCAGCCTTCTGCTCGGCGCCAATCCGGACGCCGTTAAGCGCAACGCGTTCGGGCAGCTGTCGCCGCTATCGCTACCTTCCCAGCTGCCGTCAACCCTGCTCAACCGCCGACCGGATATCGTTCAGGCCCAGCGTCAGCTGGTGGCCGCCGACGCCACCCTGGCGTCATCGCAGGCGCAGCTGCTGCCGTCCATTAACCTTACCGCCACCGGCAGCCTGCAGGATCGCACCCTGCCCGACCTGCTGGATAATCCGCTACGCTTATGGAGCCTCGGCGGCAGCATTCTGGCGCCGCTGCTCAACCGCCAGGCGCTGAATGCCCAGGTGGACGTTTCGATGGCACAGCGCAATCAGGCACTGTTTAGCTATGAGAAAACGGTACGCGGCGCGTTTAAAGAGGTGAATGACAGTCTCGATGCCATCGGCCGCTACGGCGAGCAGCTGGCGGAGCTGCAGGCGCAGGAGAAGGTGGCCCAGGAGACGCTGCGCATCGCGCAAAACCGCTATCGCAACGGCTACTCCTCCTATCTGGACGTACTGGACGCCCAGCGCACGCTGTTTTCCACCCAGCTCAGCGTGGTACAGGTGAAAAACAATCTGC
NZ_CP180159.1_gap76	3121734	3123519	1785	AGCCGCTAATCGCCGCCCTTCCTGCCAATCACCCCCAGGTTCAAAGCGAGCATTTCAGGCTTGAATCACTCAGTGATGACCCGTTCATCACTGTTCCGCGCCAGAGTGCACCGATGCTCTATGATTCCATCCTTCATCAGTGCCTCAAGGCCGGGTTTAGCCCGAAAATAGGACTGGAAGCCTCCATACAGCAGACTGTAATGAATTTTGTGGCCCATGGCGTTGGCGTGGCGCTTATTCCCGCAAGTATGGAGAATGCCCAATTGCGTGGTGTAGTTTACCGGAGGCTGGAAAATCCGAATATGGTGGAGAATATGCTGATGTGGTCGACAAAGAACAAAAACCCGGCTTTACCGGGTTTTGTGAACCAGTGCCGTAGTATCAGGGATAAACTGCATGCACCGCAGGCCGAACGGATTAATAATTAACTTTTACTGATAATGATTTCGATCACATTAGGTTTGCCACTCGCCAGTGCGGCCTCAACTGCCGGGGCGATATCCCCGGCACGAAGAACTTTTCTGGTTTCCAGTCCCATCGATGCACCCAGCGCCTGATAATCAACTGCCGGATTAACCAAATCCATTGCGATAAAGCGTTCTGTTTGTGCCGAAGTATAATCCGCCTGTGAACGCATGAAGTTTTTCAATACGTTATATTCCGTGTTATTCATTACAATAAAGGTTACCGGCAGTTTTTCATGTGCGGCCGTCCAGAGAGCCTGAGGAGAGTACATCGCAGCGCCGTCGCCCACAAAGCACACCACAGGCGCTCTTCCCAAACCGAGTGAATAGCCCACAGCTGCAGGCATCCCCCACCCCAGACCACCGCCGCGTAAAAAGGCATATTGATCCGCGCGGGGACTGTTGAGTGATTTACGAAGCGAGCCGCTGGTTGCAATCGCTTCGTCAACAATTGCCACATCGGGTCCGATCGCCCTTGCGGCCTCAAAGGCAGCCACGAGTGGCGTAATTACCGTAGCAGATTGTTGTTCCTTAACCTGCTCTAGCAGACTATCTCTGCTCAATTCAAACTCATTAACCGCGCTTTCAAAACGACGTTGATAATCACTTCGATAGTTTGCCGTGGCTTTTTCCAGCTCGGGCAGTAGCACCATTAACGATGATTTAATATCGCCAACCACTGAGAGTTCACTACTGTAGGTGCGTCCCAGGTCGCCCGCATCGGCTGATAACTGGAACACTTTACACTGCTCCGGTACTGCCTGACCTTCTGTATAAAGAATGGTGATAAGCGACTTACCACCAAGTGCGAAAATAGCATCGTACTGGCCTAATGCTCTGTTAATTTCCGTCGCTTTAGTGGACAGATTGCCCCGCCAGAGAGGGTGTGCTGTTGGGTAGGGGATCCGGTTTGGCCATGTTGAACCGTATACGTCAGCGGCAAGCATCTCAGCAAGAGCAACAACCTCGCTGGCCGCTCCACTTTGGTAAATTTCGTCGCCGGCAATCAGTGCGACTTTACCTGGAGTAAATGCCGCCAGCTTACTTGCCAGCAAAGGTAACGAACCCGCGACTGCATTGCGGTCAATAGTAGAAGGCGCCCCGATCCCGATAGAACTCATCGCCTCCATTACATCCATCGGAAGCGACAGGAAAACGGAGCCTTTCGGTGCAGCGTCTGAATCGTGGAAAGCCCGGCGAACTAATACCGGTAGCTGGTCAACGTGAGTCACCTCCTGTGACCATTTAGCGAACGTTTTACCCATTCCCACCAGATCACCCAACAATAGCGGATCGGCTGTCGTGTGGCGTAAATCCTGCT
NZ_CP180159.1_gap77	3124666	3126982	2316	GCCGATGGGCGAGGTGTTGAGGGGGCAACTTTACGCTAATCCGGAAAACGAAGTGCTATTAAAGCAGGCACAGCCGATCATTGATGCTCTCGAGCATCGGCGCCGGGTAGATATTTCGAACATGCATCCAGCACTGCAAAATCTCTTTAATCCTGGGGTGCAGGGATTTTTGATCAATGCGTTTTCATATAATCCGGCTCAGCTCATTTCGCGTATTTCCAAACCCGTGTTAGTGCTACAAGGGCTACGCGATCTTCAGGTGGAAGAAACGGATGCAAGACTGCTTAAGGCCGCGAATCCTCAAGCGTCCTTAATTATACTGCCCGATATGAACCATGTTATGAAGGAGGTGACTTCGGACGATATCAAGGCGAATATCGCTTCATACGCTGAACCAGCGCTCCCCTTAGCTCCCGGTTTAATCGACTCAATTGAGCATTTCCTCATCCACAACTCACCTTTTCCCGAAAAGTAACAGCTGCTCTGGTCCCTGTGTACTGCAAAAAAACGATGTACTTTTAAAGCGTTCAGCATCCTTTAAAGCATTCATCTGCTTTTCGTTCTCGGCAGTCTCCCCCCTTAAATAGGGTCTGCTTCGTGCCAGCAGCGAACATCCTCAGGATAACTTACCTGTCTTCTGGTCGATTAACTTATTTGTCTACTTACCAGGTCTTGCAACATTTTTCCGGCAATCTGAATATGTCGCTTAACTTCAGTTCGCGCTTGTTCGGCGTTTCGTTGCTGGCAGGCAATAAGAATACTCGCGTGGTCATCCTGAAACAGGGATGTCTCAGAGAGTAGCTTTCGCTGGAGGTATTCATACCGCTCAATCTGATTGCGAGAATCATTAATCATGGTCAGTAGACGATGATTTTCGCACCCGCTATAGAGAAGATCATGAAACTCACGGTTTAGTTGCCCTTGCCGTTCGAATTTGGTACATGAAGCAAGAAGACTGTGCGTCAGCCCCGCTCTCGCCAGATTATCAGCACTCAAATTATTGACGCTCTGAAATATTGCTTCGCCCTCGAGCAGAGAACGCAGCTGGTAAATTTCATTAAGATCATCAACAGATAACGTTCTGACAATTGCTCCGCGATTTCTAAAAATCTCCACCAGCCCCTCATGTTCAAGTTGTCTGATCGCCTCCCGCATTGGAATACGGCTTACATCAAAGTGACTTGCAAGGTCTCTTTCGACAAGCCTTTCACCATCACGAAGACTACCGTTGTTAATCATTTCTCTTAACTTATTAGCGAGTAAGTCTGCGGTTGAAACAGCTCTAAAGCTCATAAACGACTCCGAAAAAAACGATGGTATAATGGTATACCATTTGATAGATTGAGTCCAGAAATGCGGCGGCGAGACAAATCTAATATTTCCAAAACAATAAGTTAATGCACACGGAGACCAAAATGATCGAGAGAGAGCATCACTACCAGGTGAACGTTAAATGGACGGGAAATAAAGGTAATGGCACGCAGTCTTACAAAGACTATGAGCGAAGTTATGAGATTTCAGGGGGCGGAAAACCTGTAATTTTGGGGTCATCAGACCCCGCATTTCTGGGCGATGCCAAATGTTGGAATCCGGAGGACCTGCTCGTTGCTGTTGCTTCAGCATGCCATAAATTATGGTATCTGCATCTCTGCTCGGAAGCAGGGATAAGCGTTATAAGCTATGTTGACCGAGCACATGGAACGATGCGCGAAGGGAAAAAAGGATGTTTCACCGATATTACTTTAAAACCTGAAATAACGATACGTCCCGGAGATGACATCAATCGAGCGCAGGCTCTCCATCACCGCGCGCATGATCTTTGTTTCATTGCAAATTCCCTTAATTTCCCGATTACATGCCAGCCAGTTATTACTCACAGCCAAAATGGCTAACGAAATCTGCAGTCAGGTAACCGTGTGAAATAGCGTGCCGGTACAATAGGGCGTCATCCAAACTGAATGGTAGACGTCCGCTTCTCGCTCAAAGCAGATATTCGGTACTATTTTTCCAGTCCAGTTTGTACGAAACTTACCTCAGCAGGTAATCCCATCCCGTCGACGTCAAACCATCAGCGAGCGAGACGAGAGCGTCGCTGCGGTGGCAAAAATTTCCCCTTCCCCGTCTGTTCTGTTGACTTATTCTGTAAAAAGATTACTTTTCAGGACATGAAGAAGATACTTATTATTGTCCCGGATGGCGGCATGCTGTTTGAATCCGCCGGTATTGCCGACATTCTGATGCAGGCCAACCGTCTGCACCCGGAAGGCGCCGGGGAGCTTTGCTACCAGGTCCAGCTAGCGACCACCCAGCCGCATC
NZ_CP180159.1_gap78	3133560	3135810	2250	CCCTGCCGTTTTTCAAAATAGTGTATTTACGCACCATCTTGCCGCTTTTATAAAAGAATATCCGCATGTTTTTCTGAATATTTCCTATAGCGATACGCGTAAAGATATCATTGCAGAAAGTATTGATGTGGCATTTCGCATTGGCGATCTGCCGGACAGCTCACTCAAAGCACGGCATCTTTTTGTGTTGCCGCGAAAAGTGGTGGCATCAAAGCAATTGTTACGCAATTACAAACCTGTCAACCACCCTGATGATTTAGCAAAAATGCCCTGGATTGGTCTGACTATGCGACAGAACAGCCGAGAGTTCAGACATACTAATGGAGAAGTGGCGATCATAAAGTACACCCCAACGGTTTACGTTGATAATGTCGAAGCGGCCTATGCGCTGGCAAAACAACAGGTAGGGTTAGTTGCTCCTCCAGTCTATCTCAGTAAAGAGGATATTCAGCGCGAAGAGATGCAGGAGGTGCTCCCCGACTGGTCATTAGAACCACTGAAAGTTTATGCCATTTGGCCCTCCAATATCTCGACCAGCAGTATCGCCTATACCTTAATCAATAAAATTTACCACGCTTTTGAGCATCATATATTAGATTAATTTACCAACAGGCGAACGACTTTACGCCTGGTGTTTATTGTCAGGCAGTTAAGCCGGCATCATTAAGCGAGAAGCCGATCATTGGAAAGAGAGCATATAGCACGCGGTCACGATCAGTAATACCCCCATCAGCGCGTTAAAAACACGGATCCGCTGAGCATTATTTAGTAAAATTGACACGTTATTGCCAAGTACTGCCCATGCGGCTAAAGAGATGTAACATACTAAAAAGTAGATAATGATAAAGACCATCAGCATAGTTTGGGTTGCTGGTTCAGAAAATAGCGCCACCCCGGATGCACAGGCAATCCAGGCTTTAGGGTTGAGCCACTGGAGTAAAAAACCCTGAACGAAACCTGGGGTATCGTTTTTTTTCAGAGATAACTCAGGTGCGGATGCCGCTATCTTATAACCCATATATATAATAAATGCTGAACCGGCGATATTGAGATAGTTAAAGAAAAGTGGATACTTATCGATTACGGCGTAGAAGCCAAAACCGACGAGTATAAGTAATAAAGTAAATCCTGTGGTAGCACCTGAAATAAAGGGGAGCGTTTTTCTAAATCCATGGTTCGCCCCCGATGATATAATAACCATATTCACCGGACCTGGCGAAATTGACATCGTCAGAGCGAACATAAACATTGCCAAAATTAAACTCATTTTCTCTCCATACACTTATGAATGCATAATAAAACAGCGTCGTTTTTTCTTGCTCGACGGTATTCTGTTATTGTTATAGGTTATAGAAAAAAACGGCTATGATTAAGTGGGTTTTCTTTAAGGGTGTATTAGATTTTTTACGTGATAATTTCAATATTGCTTCTCCTCTACAGGGGACGGCGCGTGAACAACCAGGGCGATTTTCGCCCTCTCTGTAGCCAGCCAGCTCATGATGGTGCCAATCGGGACGGACAACATGTCGGTCGCCTCCAGCCAGGTAAATCCTTCAACATAGACTAAAAATACCGACTCACGCAGCGCTTCCGGCAAAGCGCTTACGTGCTGCATAATTTTCGTATTGCGCAGACGAGCCTCATCCTGTTGATCTGCGTCCGGCGCCAGTAAATCATCGCTTTCGACGCCCCCCGTCCCTGACGCACCCAGCGGGCGCGCACTTCTGAAATCCAGATGGAATGCAGAATTGTGAATAACCAGCGGTCTATACGTGTGCCAGGGTGAACCGCGCGCTTTTTTCAAGCGCGCGGACACAGGCAGAATGAACCAGTTCTTCGACAACCTCTCGGTTATGCGACAGAACCAGCCCATAGCGCCACAGGCGTGTCAGATGTGCAGCAAGATGCTGACGGACGCCGCTGGTCGTGATTTTTTATCCTCATACTCTTATTCAGGACTCAGGATGACCGTCGATCGCTGCCTGAAGATCCCGGTACTCCTCGCAGCTATGGCCGCACAGCGTGGCGATAGTTTTCAATTGTTCTTTTGCCAGGTCAGGACGGCCTTTCGCCAGCCATGCTTCACCCAGGTATTCACGTACTTTGGCATAGGTCGGATCGAGCGCGATTGAACGCTGATAGTAGCCAATGCCCTCATCGGTACGGCCCAGCTTACGCGTGGCATAGCCCCGGTAATTCCAGGCTTCCGCGGTATCGCCATTTTTCAGGGTGTTGAGCAGATCCAGGGCC
NZ_CP180159.1_gap79	3137174	3138717	1543	CATCGCGACAGCTTCGTGACCCACCGCGGTATGCAAGAAACAGCGGCGTTACTGACAGCGCTGACGAAAGAGGCATATCCGATAGAATGTGTTTACAGCTCCCCGCTTGGGCGCGCCTTGCACATGGGGCTGAAGCTGTCTGAAGGTCTTGACTGCCCGTTACAAGTTGAAGAATCTCTTAAGGAACAGTCGTTTGGTTGCTTTGAAGGGATATCTTTCGATCACTTCAGGCGAGACCATCCGCGTGATGCAGATGCGTTGCTCGCCCTTGATGCAGCCTATTGTCCCCCGGAGGGAGAGTCGTTAGCCCAGGCGACTCGACGCGTGATAAATTTCTTACAACACCTGCAAAATACTAATGCACATCAGATCGTCGGTGTTGTTTCTCACGGGCATGTCAGTCAGGGCGTGCTGGCGCTACTTAAAGAGGGGACTCTCGATAACTTCTCTCGCTATGCTCACCCCAATGCAAGTTACTCTGTTTTCGATTTTACGGACGGCAAATGCGCCGCGCTCAGATGGGGGATAGCTACCCACCTCATTCAACTTCAACGGTAAACGCCCATTAAGACCCCGGGGGTCCTGTGTGCCCGATCGGGTATTAAATGCTGATACCTTTTTCATCAGTGCCCACGCCATGGCGTGAAGCGTCGGCTGGTCCCGCTCTCACTCACGCTTTTTTTACCTGGCGGGAAAAGCGCAGATTGCTTCAAAAAAATTACCGTATTTGGTATATTGTTGTTTATTGCTTACTCACCTCTGCGGTGCCAAAAAGAACAAGATTCACCGCTACCCAGGATAAGAAAATGTTAGATTACCGCTTCCCGACAGCTTTGCAGATGGTTCTCAGCGTAGCAATGGCGGAGCAGTTGGGTGAACGTTCGACGAGCGCGATTCTGGCCTACGGCCTGGAAGCGAACCCGAGCTTTATCCGCAAACTCATGGTTCCTCTCACGCGTGACGGCATTATTGTCTCAACGCTTGGCCGCAACGGCTCTATTCATCTTGGCCGCCCGGCGGAAGAGATCACTCTGCGCGATATCTACGTCTCCGTTATCGAAGATAAAAAACTGTGGGCGTCGCGCCCTGACGTCCCTGCCCGCTGCGTGGTCAGCGCGAACGCGTGCTGGTACTTCAAATCTATCGCCGATGAAGCGGAGCAGGCTTCGCTACAGGTACTGGCACGCCACACCGTGGCAAGCGCGCTGGAAGAAGTGAAAAAAGCCGATACCAGCGGGTGCGATCCGGTGCCTGAACTTATCGCCAAATATAAAGAAGCCCATTAATTTTCCTTGGGCGCAAAAAAACCGCCTTCACTGTGAAGGCGGTTTTTTGTTATCTGCCGCACCCTACGCCGGCGAAACGTCCTCAGCAGGTTTATCGCGCGTCACCAACTTACGCAGCGTCACGTAAAACACCGGGGTCAGGAACAGGCCAAACAGCGTCACCCCCAGCATCCCGGAGAACACCGTGATCCCGGTAACGCCACGCACTTCCGCGCCCGCGCCGTGACCGAGGATCAGCGGGATGGTCCCGGCAATAA
NZ_CP180159.1_gap80	3155628	3159945	4317	TGGGAAACACGCCTTTGAGCCATTTCCCCACCTCCTGGTAAACCGGTTCGCGGTAGCGCGGGTCGATCAGATAGGTCGTCGTTTTCACGATATGCGTCAGATCGCTGCCGGCCTCTTCCAGCAGCTGTTTAACGTTCTTCATCGCCTGTTCCGCCTGGGCACGCGGGTCGCCCAGCCCAATCAGATTGCCGTCAAAATCGGTACCCACCTGGCCGCGAACGTACACGGTGTTTCCCGCGCGCACCGCCTGGCACAGATCGTTATTGAGCGTCTGATTGGGATAGGTTTCTTTGGTGTTAAACATCCGAATACGGGTATGGGTTGGCATAGGTTACGTCCTCAAATCAGGCATTAGCAGGAAGGTTGATAGCGTTGATACTGGCGCTGAATGGCAATCTGGTCGGCGATATATTTCGCATCGTGCCAGACACCCCAGATAAAGGTTGAGCCACGGCGGGAGAGCCACGGCAGACCGAGGAAATAGACGCCCGGTTCGCTGGAAACGCCGCGGTGGTGCTGCGGGCGCTGCTGTTCATTAAAGGCGTTGACCTTCAGCCAGCGGTAATCAGTGGTATAGCCGGTAGCCCAGATAATGCAGCTCACCCCCGCGGCTGCCAGGTCGAGCTCGGTGAGGGGCTGGGTCAGGCAATCGGGGTCGGGCAGGAAAAAGCGCGCTTCCGGCTCTTCCGGCAGCGACAGCCCGTTGCGGGCGATATACTCATCCGCGGCGTCGAGCAGCGCCAGATAAGAGGCGTCGCCGAGACGAATGTTGTCCGCCAGATCGGCACGGAATACGGCTTTGCCCTCGGTAAAACCGTGCGTCTGTCCGACCAGGGTAATTCCCTGGTGCGCCAGCTGGCGAAAGTCAACGGTATGACCGCCGCGCGCGCCGCTGACCGCAATCGTCACGTGCTCTTTGCCGGGCTGATTGGCCGCCGCATCCCACAGCCCTAACACCCCCAGCCACCAGCAAAAATCGCGCTGGCGGTAGCGTCGCGGCGGGCGATCGTGCGCGCCGACGGAGAGCCACACCGCGCGCCCCGCCCGGCGGAGCTCATCGGCGATTTGCACGCCGGACGACCCCGCGCCAACCACCAGCACGCCGCCTTCCGGAAGCTGCTGCGGGTTGAAATAGTGCGCGGAATGAATCTGCTGTACAGCGCTATCCTGCGGCGCGATGGCCGGTATCACCGGGCGCTGGAACGGCCCGGTGGCGGCGACGATACGCTGCGCCTCAATCACGCCCAGTGACGTTTCCACGCGAAACCCCGGACGGCCGTTTAAACGCTCGGCGCTAAAGACCTCAACGCCGGTTTTGATCGGTGCATTAAAGGTTTTGGCATACGCGGCGAAGTAGTCGGCGATCTGCTCTTTGGCGACAAAGCTGTCGGCGTCGCAGTCGGGAAAGGTCATGCCGGGAAACCGATCGTGCCAGGCCGGGCCGTTGGCCACCAGCGAATCCCAGCGGCCGCTGCGCCAGGCCTCAGCGATGCGCTTTTTTTCCAGCACCAGATGCGGAATGCCGTGATGCGTCAGATGCTCGCTCATGGCAACACCCGCCTGCCCCGCGCCTACCACCAGGGTATCGATCTCTGTAATCTGCTCTGTCATATCTGTGTCCTTCAAGCACGGTTGTCCGGCTTATCCGCCGGGATTGACAGAACTCAGGTTAAGTAAGTGTGATGAAATGGTAAATTATTATAAAACGATCGTCTGAATAGAAATTTACGAGGCTGAATGACGCGACAAGAAAATAACGCTTGCGGCCGTGTTAATTAAATTACGCGTGCTGATGCGGCGTTAATTCTATGCTGCGGCAATAATCCATAAATAGCTGCGTCGGACGCGTGGGTTCATTATTGGCAAGATGCGCCATAATTAATGTTGACGCAGGCATTTCGTCGGCAATATCCAGCTGCACCAGTTTTTCACCGTCATAGGTCATATCGCACAGCGGACGGGTAACCAGTACCGAAAAGCCTAATCCCTGCCCGACCATACAGCGCACCATTTCTATGGACGGCGAACTGTAGGCCACTTCCGGGTGATAACCTTTCTCTTTAAATATCGAGACAAAATAGTTTTTGCTGGGGACCGCATCGAGCAAAATCATCGGTTCCCGGCTTAATTCCTGGAGCGTGACGCATTTTTTCTGCGCCAGCGGATGAGAAGCGGGCAGCAAAGCATAGGGTTTATGCGGGGCGTTCAGCAGCTCTTTATGAATGGAGTGACCCAGCTCCAGGTCGTAGACCAGCGCCAGATCGAAGCGCCCGCGATGCAGGCCGTGCATCAGCTCATGTTGCTCACCGTCGTAGAGCTGGAGAGTGATCTCGGGATACATTTTTTTAAATCCCGCCACCAGTTTTGGCATATACAGCGGCGCGACGGATTCAAAGCAGCCGACGGAAATAGTCCCGGATACCAGCTCTTTATCCGCCCGCGAGTTCTGTTCAAATTCATACGACAGCCGCAGCAGCTCTTTGGCTTTATCGTAGAAGCGCCGCCCGCTTGAGGTCAGGGATACGCCCTGCGCGTGGTGGCGAATAAACAGCTGCTGGTCGAAGGTGCTTTCCAGGTTTTTGATGGCAATGGAGATCGACGGCTGGGCAATATGCAGCTGGCGGGAAGCCTCGGCGATACTCTCCGTTTCCACCACCGTCACGAAATACTTAAGCTGTTTGAGGGTAAATCGGTTCATCGCTTCACCATTGATAAAATATTGTCTTATTACGAACGGGCTTAGTTTTACGATAAGCAGACTGCAAGCATCGTGCCATGCCGTTTACGCTTTACCTCGTCGGCAAATAGCCGCCGTTTCTATTTATAACCCGCCCTCTTTTTTTGCCTGATTTCGCGTATTGCACCATAAAGCATCGCCCTGCACCTTATTCGCCCGCGGCGCGCCCCAATATTGCACAAATTGTCATTTCACGAAAAATCAGGTTTAAAAATAAGGGTGATTGTTTTTAAGTTGTTTCAATGCTGTTTCTCATTAATTGCGTTAAATTCCCTGAGGTTAATATAGCTGTATAGTTTTTTTAAACTTAAAGGCCAAAAATTTACTAATTGCCACCGGTCGAAGAGTGCCAGCATAGTGTCATGGCAAGATGAACGCCGGCGGCTCCCCATTTTAGAACAGGGGAATCGCCTTAATTTCCGTTAATTATGGCGAGTGAAATAGCCCATGACGTTTAACTGGAACTATATGTTAAGCCTGCTCAGCGATGTCGATTTCTGGCAGGCCACCTGGACCGTCATCAAATTAAGTTTGCTGACCTGGGCTTTCAGTATTGTGCTGGGGTTTATTCTGGCGCTGGCCAAACAGTCGCCGCGCAAGCTGTTTAACGCGCCTGCCCGCCTCTATATCTGGCTGTTTCGCAGCATGCCGCTGCTGGTGCTGCTGATTTTTGTCTACAACATGCCGCAGGCGCTGCCCTCCTTCGCCCCGGTGCTGAACGACCCGTTCTGGGCCGGACTGCTGGCGATGGTGCTGAGCGAAGCCGCCTATATTGCTGAAATTCATCGCGGCGGACTGCTGTCGATTCCGAAAGGACAGAGCGAAGCCGCCCGCGCGCTCGGGCTGCGCTATGCCGGCACCCAGTGGCGTGTGGTGATCCCGCAGGCGCTGCGCGTCGCCCTGCCGGCGCTGGCTAATGAGTATATCGCCATCGTCAAGCTCAGCTCGCTGGTGTCGGTTATCTCCCTGACCGAGATCTTAATGGTCGGCCAGCGGCTCTATTCGCAGAATTTCCTCGTCATGGAGACCATGGCGGCGGTGGCGTTTTACTACATCCTGATCGTCACGGTGTTTGATTTCCTGCTTAAGCGCCTCGAGACCTGGCTCGACGTCACCCAGCGTAAAACCACGCGCCCGGTGGATGAAGAAATGCAGCAGCTGGCCACCGCGCGGCGTCCGGCAATGGCCCGCAGCGTTAGCATCGCGCAGGAGCCGGCGCTACAGGCATCAAAGCTGCATAAAGCCTATAACAATGTCGAAGTGCTGGGCGCCGTCAGCCTGCAAATTCAGCCCGGCGAAGTGGTCTCCGTCATCGGCCCGTCCGGCTCCGGTAAAACCACGCTGATCCGCCTGCTGAACGGCCTTGAGCAGATTGATAACGGCGAGATCAAAATCAACGGCCAGCCTTTTATTCACCTTGACCGCCAGGGGCAGCAGAAGCCGCGTTTTATGGAGAACAGCGAGCATCGCCAGAATATCGGCATGGTCTTCCAGAGCTTCAACCTGTTCCCCCACCTGACCGTACTCGGCAACCTGCTGCTGGCGCCGCGCTATCACCATCTGGCCAGCGAAGGCGAGCT
NZ_CP180159.1_gap81	3162056	3163198	1142	CCTGCAAACCCTGATGCCAAAAGCGGAGTAACGACATGGCCCGCTCTTATGAAGAACAGACGCGCATCGACCTGGCGGCGACCTTTCGTATCATCGCCCATCTCGGGATGCACGAGGCGGTGGCCAACCACTTTAGCGCGGCCATCTCGGCGGACGGCAAAAAATTCCTGCTGAATCCGAAATGGAAACACTTTTCGCGTATCCGCGCCAGCGACCTGCTGCTGCTGGACGCCGATGATGAAGCCTGCGCCCGGCGATCTGACGTCGACGCCACGGCGTGGGCGATTCACGGGCAAATCCACCAGCGCCTGCCGGAGGTGCGGGTGGTGCTGCACCTGCATCCGGTGTATACCACCAGCGTCGCTTGTCTTGAGACGCCGCATATCCCGCCGATCGATCAGAACACGGCGCGCTATTTCAATCGGATAGCCGTCGATAGGTTATACGGCGGTATGGCGGACACCACGGCGGAAGGCGCGCGTCTGGCGTCGCTGCTGGCCGACAAGCGCCGGCTGCTGATGGGCAACCACGGCGTACTGGTGACCGCGCCGTCGATTGGCGAGGCTTTCGATGATATCTGGACCCTGGAGCGCGCCTGCCAGATTCTGGTGACCGCCTGGTCAACGGGGCAGCCGCTGAAAGTGCTCTCCGCTGAGGTGGCGGAGAAAACCGCGCAGGACTGGGAGGGGATCGCCGACTTTTCACGCCAGCATTTTGCAGAGATGAAGCAGATGATGATCGACGCCGATCCGTCCTTGCTGGAGTGACGGTTTACTCCCGGAGAAAAGCGCCACCGGGCATACGGAGATAAGCCGGATTTGAGGTATCGAGGCGCGGATTTTGCCGCAGGCCTGGCGACAGAATCCGCAAGTTACGCGCTTGTAGCCCCGGTAAGGCGCCAGCCGCCACCGGGGAACAGGCGGCTAGTAGCGCACGCAGACCGACTTTGTTTCGCACCAGTCGTCCAGCCAGTCGGGGCCGAAATCGCGGCCGGTGCCGGACTGCTTCATGCCGCCGAACGGCAGGTTGGCGTCGATCAGCGTATGGCTGTTGACCCACACCGTACCCGCCTGCAGGCGATCGGTATAGCTCAGCGCCTGGCTCAGGTCGCGGGTCCAGACGCTGGCGGTCAGGCCAAAATC
NZ_CP180159.1_gap82	3166460	3167323	863	CTGGCGATAAGAAAGCCGCATCTGGATTCGGGTATATTTATTTATGCTAAAGAAGGCTTCGGGAATTACCTTGGGTTTACTTCCGCGCTCGGTTTTTGGGCGGGGACCTGTATCGGCAACGTATCTTATTTTGTGCTGATAAAATCAACCCTCGGCACATTCTCCCCCATCTTCGGCGATGGCAATACTTTATACGCGATTCTCACTGCTTCTGTTGTCCTGTGGTGTTTCCATATCCTGGTATTAAGGGGCGTAAAAGAAGCTGCAATTATTAATACGGTGGTCACCTGGGCCAAGATTATACCGATAGGTGTCTTTATTGTCGTTCTTATGTTCGCGTTCAACGCTGACATTTTCACCGTTAACTTCTGGGGGGTACCCGACATCAGGGATATTCACTCCTACACCCTGTCTGAAGGGTACCATGACCTTGTGCACTATATCGCCGCGCCTGACAATGAGCACGAGTCCTTATTTTCGCAGGTCCGCAATACTATGCTGGTGACGGTATTCGTCTTTCTCGGGATAGAGGGAGCGAGCGTGTATTCCCGCCTGGCGAAAAAACGTAGCCATATCGGTACCGCCACGGTGTTCGGTTTTATCGGTGTCCTGTGCATTCTGTGTCTGGTCACTCTTCTCTCATATGGAGTACTTTTACGACCGGAGCTTGCTGCGCTACGTCAACCCTCAATGGCAGGCGTACTGGAGACAATTGTCGGTCGTCCGGGGATGATTTTTATCAGTATTGGCCTGGTCATATCGGTTTTAGGCGCCTATCTCTCCAGGTCATTACTGGCAGCAGAAGTGTTATACAGCGCAGCAAAATCCGGACTGATGCCAAAAGTACTGGCTAAAGAGAACGC
NZ_CP180159.1_gap83	3344032	3348543	4511	CCGACGCGCAGCTGGGTGGTGACGAAATCTGCGCCTTCCAGCGCCGCGCGGCGATCGAGGGTCTTGTAGACTTTCATCGGGACGCCGGCTTTTTCCACCATGCGTTGGCACAGCGCGTGGATAATATCGAGCTTTTCCTGCCCTTCCGCGACGTCCACCAGCCACAGTTCGCTAATCGGCAGTTCATGATAACGCTTCAGGAATCCTTCCAGTAATTCCGGGGTATAGCTGCTGCCGCCGCCGATAGTCACTACCTTCAATTTCTGGCTCATCTTTTTCTCCCTTGCGGATAGCGCGTATGCGGCACCCGCTCTCCGTTTAAATACGGACAGTTAATTTGAATATTTAGACCGCGCGGACTATTCCGCGCCCGGTTAATTAATACTGGTGAGGTGTTTCCGATAGCTGCTGGGGGTAAAGGAAGTCAGCTTCTTGAATGTTTTAATAAACAGACTTGGGCTACTGTACCCCGACTCATAGGCGATATCGGTCACCGAGTAGTTGGTTATCTCCAGCTGTTTTTTGGCGAAGTTGATGCGAATATCATTAATCATCTGCATCGGCGTTTTGGCGTAATAACGCTGGGTTGCCCGGGTTAAGTATTCCTGAGTTTTCCCGGAAAGCTCGACCATATTTTCCAGCGCCCCCTCGCCAAATTTAAGCTTATCGTGCATACCCTCAACGGTATTTTTTAACCATTGCGGAATAACGTCTTCCGTAGGTTCTTCACGATAGTGCCGCAAACGATTCAGGGTGTAAAAAGACACCAGCTCGATAAATTCGTCGAATTCAGTTTCGCGAAAATTCAGTGATGCAATAACCGACTCAATATAACTGAGAAAAGTACTTTTAACGGCATAGACCTGTGAGGCGACCAGACCAAACGGCAGCAGCGGCAAATAGTGTTTCTCAAAGAAACTTTTGCTGATGCCAACGTTAAGAATGCGCGTCGCGCCAAATTCATAAAAACTCTGGTGATGCGACCCCATTGGGATAAAGACAAAATCCCCGCGCTCCAGCAGCACCCGCTTACCATTAATCACCTGATAATAGCGCCCGGTTAAAACGATGGTGTACTCGTAGTAATCATGCTGGTGAAGCCCGCTTACGCTCTCCGTTTTGTTATAGATGACCACATGAAAGTTCTTGCCGTTAAAGAGTTGTTGCTCCCGGGCGGTACTGATTTCAGTGGTCATCATCTTTGGCTGCCTCATCGTGTCGATGACCTATTGTACCTTCTCGTGCAGCTCAATCAATTCGGCAACCAGCTCACGAGCCAGCATTGAGGTCATCAGATGATCCTGCGCATGAACCAGCACCAGGCTCACCTTCATTTTGCCTTCGCCCTCATCGCTCTCAATCAGCTGCGTCTGCACAAGATGCGCTTCGCTCAGCGCCATACGCGACTGTTCCATCATCGTTTTCGCCGCCTCGAAATCTCCCTGCTTTGCCTGCTTCAGCGCGGCATAAGCCAGGCTGCGCGCTTGACCGGAGTTGATAATCAGCCCCATCACCACCTCTTCGAGGTCGTTTACCGCGGTCTCTTCTGCTGCGATGTTATCCAGATCAAACATAATGACTCCCTTATTTCCAGGACGGTACGGGAAATCTCCCGTACCGCTCAATATTAGAATTTCAGTGCGTTAGCGATATCTTCTTCGCTCTCTTCCTGCTCAATGACGCCCTGCGCTTTGTTGGAAATCACCACAAACGGCAGGTAGACCAGGGTGGACACGGCAAGGTTGAACAGGGCCAGCAGCAGAGCGGCTACGCTACCGTTGGTGTTAAAGAAGGCGCCTAAACCGGTCGGCATGGTCCACGGCGCGATATTGGTAATCGGCGGGATGATGCCCAGGGTATAAGCCGTCATGGTGATAGCCGCCAGCAGAGGCTGAATCAGAATGAAGGGGATAAACATCACCGGGTTCATAATGATCGGCAGACCGAACAGGATTGGCTCGTTAATCTGGAAGATGCCTGACGGCAGCGCCAGTTTTGCCACCTGACGATGATCCTCACGACGTGAAGCGATAAAGATGGCGATGATTAAGCCCAGAGTCGCGCCGGTACCGCCAAGGAAGATGTAGGAATCCAGCATCGGCTTGGCCCACATATGGAAGCTCTTACCCGCGGCCAGCGCGGCCTCGACGGAACCGTACTGCTGGTAGGTTGCGATGTTTTCCAGCGCCCACGGCGTCATGATTCCGCTATCCAGCGCTGACAGCGCCAGCGACCCGTGTACGCCGAAGAACCACAGCAGCGAGGTGAAAATGACGTATGCCCAGCCTACGACGGCGCCCATTGAAGCCAGCGGCGTGGAGATAGTGTCCATGATGATCTGGTGGAAGTTAGTTCCCCAGTGGGTCAACGCCCAGGAGATAATCCCCATAATCGAGAGGATAATAAAGGCCGGAATAACCGCAGAGAATGAACGGGAAACCGAGGCCGGCACGCTGGACGGCAGCGTAATCACCCAGTTGCGATGAACGATAAAGGTGAACATCTCGGCAACGACCAGACCGATGACAATACCAGAAATGATATTGGCGCCGCCCAACCAGTTCGCGCCCACGGCGTAGGCTTCACCGACGCTATAAGGCGTGACGGTCATAAATGCCGCAACGGCCAGTAAACCGGCGGCCATCGGGTCTACTCTCCGCTCCTCAGCTAAAGCGGAGCCAATAAAGAAAGGTGCCATGAGCGACATAATGCCAAGCGTACCGTTATAAACGTTACCGCCGATAGCTTTAAAACCGTTAAGCGTTTCTATTGTAGACGCATCCAGACGGATGCCCATTGAATAAAAGAATGAACCGTCGCCAAAGCTCAAAAATACGTTGTTAATTAAAACAAACATCGCCCCGGCTAGCGTCAATGGCATTAACTTAATAAAGCCGTTTTTAATTGCATTGACGTGGGGCTGCCTTCCTATTTTGACGGCAAAAGGCAGGAGTACCTTTTCAAGCGAGTCAATCACTTTACTCATAATAAATACCCTTTAAGGCCGCAATATAGTCATTGCGGCAATGATAGATGAAATTACTCTTTGACGGGAAAATAAACTCTGGGTATTTCGGACAGCGAGCAGCTAAAATACACCCTCACGAAATCCTAACCGCTGCCATCCGAAATATGTCGAGTTTTAAAATAAAATTATTGTGCAGCAGCTTTCTTAATGGCCGCAACGGCCGCTTTCAGAACACCTAAACCATCGATCTTACCGTACAGAACAGAATCAATGACTTCTACGGGTTTATTTGGCAGTAAACGCTGAATGTCCGGCAGCATATAGGAAATTTGTGGGCCTAATAATACGACATCCGCATCAGGTCCTTTTTCACCGGCTAAGGTCTCCGGAAATGCTTCAATAATCACCGGCACTTCATACTTCTCGGCCTGGGCACGCATTTTCGATACCAGCAGTGATGTCGACATCCCAGCAGAACAGAACAGGTAGATATGTTTCTTTTCCATGAACGCTTCCTCAATTTGTGTGACCCGATCCTCTTTGCATCATTGATGCCCGAGAGGCGGTAAGAGATATTTCTTTGAATTAGTATTGTTTATGCATTGAGTATACGGCATCGATCGGCAGCAGGATAATTCCTCCTTGAACAGAATTGTCTCTCATTGACCTCGCGTTTTGACTGCCTTCACATTTCCCTCAAATAATTCGCGCAATTAAATAAGCATCAGAACTCATAAAAAAGCCCGACCACTGGTCAGGCTTTCGTAGGAATCAGCACTATGGCGGGGCGTTACTTGCTGTTGCGTGGGTCGGTATCGTACTCGGCGCAGGTCTGATAACCAGAATTCATCACGCGGCCGGTTTCATCCAGCGCAACGAAGTAGGTTTCAATTTTACCATCGCGTTGACCCAGGATATATGTCTGGCAGGTACCGCGCGCGTGGATCATGGTGACTTCTGATGAAGGTTTACCGGCAATTTGCGCAACCTGCGCGCGGGTCATGCCTTTCTTAACGTCTTTAACCACGGGTTGAGTGAACTGATCTTTCGTACGGTCGTAGGCCGTACACCCTGCCAGCAGGGTCAATACTGCTGCTGCGCCCAGAAATCCTGCAAAATGCTTGTTCATATACCATCCTCTTTTTTTTGGCGTGTTAATAAGCCTGGAATAAATATCGTTATTTTTCAAGCCGAAGGTGGAAATGAAGAGAAATTAAGAGCTTTCTAATAATAAATCCCCTCTTGTTGAGGTTGCCTGCTTTTGCTTCACTCAAAATTGTGATCCTTGTCGTTTTACCGGCAAAGAGGTAGGTTAAACCACTGCTGATTGGCAAACAGATTCACTTCCCGGAGGGCGCAATGACGCTACAACAAGAGATTATTCAGGCGCTGGGCGCAAAACCCCAGATCGATGTCGAAGCCGAGATACGCCGCAGCGTAGACTTTTTGAAGGCCTATCTTCAGAGATACCCTTTTATTAAATCACTGGTCCTCGGCATCAGCGGTGGCCAGGATTCAACGCTAACCGGTAAATTGTGTCAGT
NZ_CP180159.1_gap84	3423730	3424327	597	TGACAAAGACCCAATTAAAAGAATTATAAAAATTAATCTGTGGAATACTGACGTCAAGAAATTATTACCTAACCTCACAGAAGTGAATGATATAGTTATTATTTTTGATACGGATTCTAAAGTTGGCATTCAGAGATTTAACAGTAATATTGAAGCCATTTTATCACGAAAGCATAGCGTTTACTTACTACAACAAACGTCAAACTTTGAGCATGAGCTGATTTATTCATGTAATTGTACGCAAAAAAATTTATTTGAAGAGTTCTGTAAAAAAATAGTATCTGCTGATAATTTCAAAAATAGCTTCATAAAATGCACGACAAGATTAGATAAACTTAAATCACTCGGCTTCTCCAAGGATCGCATTTGGAGCAGAGGATTAATACTGGAGTTATCTCACAGAAATGCACTTAAAAACACTTACTCAAAAACTATAGGTTGAAATGCACATATGACGAACATGAAACCTCTGATTCAATAGAGGTTTCATGTTTTTAAGCCTTTTGATAAGAAATTTGCAATGTTGATCTTTTAGCTCTGACGGATCGATACACTCATCATTATCGTGCTCTTCGGTTGCCGCTCCGTTACCGTTGT
NZ_CP180159.1_gap85	3433242	3436886	3644	CGGCACCAGGCGGGGCATAATGAAAAAAAGCACCATAATTATGCTTATTGTCGCCATCATCGCCGTGGCGGGTACACAATTGGGCTGGTGGTAAATCCAGGAATATTCGCACATCTGTCCAGCAAGGATTGCAGAATTATCTCATCTACTCAATAACTTAAAAGAATACACTCACCTCATCAGCCGATACCGCATGGCGTTTCTGCGGACGGATTTAACTGGAGAAGTGAGAAATGAAAAAACCGATCGTGTTGCCGATGATTCTCGCGCTTTGCACGCTGTTATCGGGATGTATTGTCGACCCAGGCTATCACCACCATCGCCACCATCATCATGACGACAGAGACTGGCGATAAAGCGGAAAACATCATAAGGCGAACTTCAGTTCGCCTTATTGCATGGGATCAGTCGCGACGGTCGGAACCTAAAAAGAGGAAACCCAGCGGGATAGAGAACAGCAACGTAAATACAATGCTATAAACCGTCACCATCGCCCCCTGCAGGAAGAACATTGACGTCGTCCACTCTGAGTACGGCATATTGTATTCGCTCACCACGCCGCCGAAGGTCGCACGCCCAACCACGATAAGCGCGATGGCGAATATCGCCGCTATCGACAAAAAGAACTTCTTGCTGTTTTTATTGCTGGTGAGTTTTTGCAGAATCATCCGGGTTCCCTTTTTTCTGAGCGATAATCGGCTGTATATGTAACACCAATGCAATCAAAATTGAAGGGGTTTTGTTAAGAGGCAGTGACAGTCACTATAGGGCCGGTCCCACGTACCGGCCGCAACGATTACGACTGCAGCGTCGCCAGACGGGCGGCAAAACCGACAAACACAAGGCCTATCAGACTGTTGCCGATTTTCGCCAGCTTCTTTTTCGTCTTCACGTAACGCGTGACGAACGAGCCGGAGAGGATCAGAAAGCTCATATAGATGAAGCTAATAATCTCCAGGGTCAACGCCAGGATAAAGAACGCCAGTCCGGGCGTTTTGGCGCTGACGTCAATAAACTGCACGAAGAATGAGACATAAAAAAGAATCGCTTTTGGATTCGTCAGGCTAAGGGTCAGCGAACGTTTGAGAATCGCGCTGCCCGGCTCGGAATCAGCTGACGAATGACCATCACGCTGGGTTAACACCGCGTAAAGCATCTTGGCGCCCATCCACAGCAGATAAATCGCCCCCAGGTAACGCACGATATTGAACAGCACCGGCGTCGTCTTGATGAGCGTCGCGACGCCGGCAAAAGCCAGAAACATCAGCACCGCATCGCCAATAAACACGCCTGCCGCCGCCAGATACCCTTTCTTAACGCCGTGGGCAATGCCGGTCTTGAGGACAAAAAAGGTATTCGGGCCAGGAACCAGGATGATAAAGATAGCGCCGACCAGATAGGTCAGGTAATTCAATACACCAAACTCAGCGAACACAACGCACTCCTTCGCTTACAACAAAAAATATGATCCCGCGCACGTTAACGCAACCGGGACCATTTTGAAAGCGCCGCGAGTGCGGAGGGCTTAATAGAGCGAAGTTTCGCCCAGCGGACGGGTTTTAAAGCGGCGGTGAACCCACAGGTATTGCTCCGGCGCGCGCAGGATCTCTTTCTCAATAACCTTGTTGATATAGCTTGCCGCATCCTGTTTATCTTCGCCAGGATAGTCGCTCATGACGTCGCTGATGTGCAGGCTATAACCTCTGCGGTCCGCTTTACGCACCATGCTGATGGTGAGCATTTTCGCGCCCGACAAACGAGAGAGTACGTAGGTACCGTTGGTCGTTGCTGCCTGCTGTACCGAGAAGAACGGAGCAAATACGCTCCCCTTCGGGCCGTAGTCCTGATCCGGCGCAAACCACACCGCTTCACCCGACTTTAAGGCATGTACCAGACCGGATAAATTACGACGGTCAATCATCGCCTTGTTCGAGCGCAAACGACCGCGCGTCTGCACCCACTCCATTAACGGGCTATTATGCGGACGGTAGGTCGCCATCATCGGACGACACAGCCCCATCGTACGGCCACCCAGTTCAAGCGACATAAAGTGGACGCCAACGACCATCACGCCTTTTTGTTCGCTCAGGGCATTATTGAGATTGACCATACCTTCCACGTCAAACCATTTCTTAACGCGCTCATCGCTCCAGAACCATGCCATCCCTGTTTCAATCAGGCCCATCCCTAGCGACATGAAGTTCTGCTCGATAAGCTTTTCGCGCGCCGCGGGCGACATGGTGGGAAAGCAAAGTTCGAGATTGCGTCTGGCGATATGCTCACGGCGTTTCAGGAAGCGCCGGGATGCGCGACCGGCGCTGGTACCGATAAGATGCAAGACGGGATAAGGAAGCTGGACGATGAGCCAGAGCACGCCCAGGCCAAACCAGGTCCCCCAATTACGGGGATGAAGAAGTTTTTTATTAAAAGCGCAAGACATGTTTTTTCCTGTAAACATTAGAACATGAGGTAACGCTTAAGGAAAAAACGAGTCCCTTCATCTGTCATTAGGCGGTACGTGTAGCAGTTCAGACAATAATAATCCTGGTAAATTCACTCCAGCAAGTAAAAAAAGAGGCCAACAGAAAAAAACACAATACCAGCACACCTGTAACAAAATGTAAATAAAAAAGTGAATAATAAACCTCAAATATCCACCACAAGAATGATTAACGCGCTAATCATTCAACATCAAGGATGTACACTTTCAAACCAGAACGCTGCGCGGGTCAGCCACAGGCCGCAGCTGAAGCCGCTTCGGGGGTATACCAAGAGTCAAATGAGTTCAGGACAGCCTCTGCTCTCGGTTATCCTTTTCACAACGTTTGCGGATACGTAATTTCTTTAAATTCCATAGTTTCACTGCCATAAAAAAGAAATATTTAACATGAGTATCAGACAAATGACTAAAATAAGAATCAGCTTATTTTACTTTCCTGACAATAATTAATATTTATCGACAATTATCCATATCGCCGACAGGTTATTTCAGATTTTTTACCTCCAGTGTTTTAACGTAGCAGCAGGCAATAAAGTTTAAATGCCTTTTATGACGTTGAATAAAACGCAACATAGATAAAAATCCCGAACCATTCTCGCGCTTGAACACGCCATTGCGGACAATTTTAGCGCCTGTTTTAAACCTTAATCTTTCTATCGCTGTTGATTGCTGCTCCCTGCACTGATGCGACCATCTGGTGGTGCTTGAAGGGGGCCGGGTGCAGGCTCAGGGCCTGGCGGAAACGGTACTGACGCCGGAGATGCTGCGGGAGATTTTTCACCTGGAGGCGGAGATTCACCCGGAGCCGGTGTCGCAGCGCCCGATGTGCGTGGTGAAATAACCCGGGTAAGGCGCCCTGCGCCCTACCCGAAGTTGATCAGTAGGTGTGGAAGTACTGCTGGATCACCTGCGGATTTTTCGTTTGCGTCAGCGCCGTCATCAGCAGGATGCGCGCTTTTGCCGGGTTGAGCGAGTCGGCTACCAGCCCAGGCTGGCCATCATCAACCGGCACGACGCCGCTACCGGTACGCGAGGCGCGAACCACCACGATACCGGCTTTTTCCGCCTTTTCGATCCCCGCCGCGCTGCGTACGGAGACCGACCCCGCGCCGGTGCCCGCATAGATAATCCCGTCAGCATGATG
NZ_CP180159.1_gap86	3445733	3448232	2499	CAGGTAGAAGTGCGTTGGTTGCAAAAACTGGCCGCGCACGCAGCGATCAAGGAAGTTCCTGCTTTTGCTGCCGACGCAAACGGTTACCTTGATAAAATCGTCGCCGATTTCAGCGTAGAAGATGCAGAGCGCATCAAAACGATCGAGCGTACCACCAACCACGACGTCAAAGCGGTTGAGTATTTCCTCAAGGAAAAAGTCGCCGACGTGGCAGAACTGCACGCGGTCTCCGAGTTTATCCACTTCGCCTGCACCTCCGAGGACATCAACAATCTGTCCCACGCGCTGATGCTGAAAACCGCCCGCGACGAAGTGATCCTGCCATACTGGCGCAAGCTGATCGACGCGGTTAAGGACCTGGCGGTACAGTATCGCGATATCCCGCTGCTTTCCCGCACCCACGGCCAGCCGGCCACGCCATCCACCATGGGGAAAGAGATGGCGAACGTCGCTTACCGTATGGAGCGCCAGTATCGTCAGCTGAATCAGATTGAAATTCTTGGCAAAATCAACGGTGCGGTGGGGAACTATAACGCCCACATCGCCGCCTACCCGGAAGTCGACTGGCACCAGTTCAGCGAAGAGTTCGTCACCTCCCTGGGTATCCAGTGGAACCCGTACACCACCCAGATTGAACCGCACGACTATATCGCCGAGCTGTTTGACTGCGTCGCCCGCTTCAACACCATCCTGATTGATTTCGATCGTGACGTGTGGGGCTATATCGCGCTCAACCATTTCAAGCAGAAGACCATTGCCGGCGAAATCGGCTCTTCCACCATGCCGCATAAAGTGAACCCGATCGACTTCGAGAACTCCGAAGGCAACCTCGGTCTGGCCAATGCGGTGATGCAGCATCTGGCAAGCAAACTGCCGGTTTCCCGCTGGCAGCGCGACCTGACCGACTCCACCGTCCTGCGTAACCTCGGCGTGGGCATCGGCTACGCGCTGATCGCGTATCAATCCACCCTGAAAGGCGTGAGCAAGCTGGAGCTGAATCAGGACCGCCTGCTGGATGAACTGGACCACAACTGGGAAGTTCTGGCCGAGCCGATTCAGACCGTCATGCGTCGCTACGGCATCGAGAAGCCGTACGAGAAGCTGAAAGAGCTGACCCGCGGCAAGCGCGTTGATGCCGAAGGCATGCAGCAGTTCATCGACAGCCTGGCGCTGCCGGAAGCGGAAAAAGTTCGCCTGAAGGCCATGACCCCGGCTAACTATATCGGCCGCGCGACCACCATGGTTGACGAACTGAAGTAAGCCTTTCCACCCTCTTTCCGCCGGGAAAGAGGGTTATTTTTCCTCCCCCTCATCTGATCGTCGTCATCCCCCGGGTCATCAACCAGAACAGCAGCGCCAGCAGACTGACCGAAGCCCCCAGCAGGCAAACGCCCTGCCATCCCGCGCGCGCATATACCGCTGTCGTACTCACCGCGCCCAAACCGCTGCCAAGCGCATAAAACAGCATATACAAACCGACCAGCCTGCTGTGCGCTTCGGGACGGGTACGGAAAATCATGCTTTGATTGGTGACATGCAGCGCCTGACCGCCGAGATCCAGCAGTACAATGCCGACCAACAGCGCCGCGGGCGACCATGCCATCAGCGACAGCGGCCACCAGGCTATCAGCAACATCACCAGGGCCGCGGCGCTGGTGCGCTGCCCATATCCGCGATCGGCCCATTTACCGGCACGCCCCGCTGCCAGAGCGCCGATGATCCCGACCAGGCCCAGGGCGCCAATCTCAGTATGGGAAAAGCGAAAGGGCGGAGCGCTTAATGGCAAAACCAGCGCACTCCAGAAGATATTGAAAGCGGCAAACATCAGTAATGCCAGCACGCCGCGCACCTGAAGCACTTTTTCCTGGCGCAGCAGAGCCAGCATGGATATCAACAGCCGCGGATAGCTCAGAGGGTTCGGCGCAGCCGCCAATACCGGCAGCCGACGCCACAGCGGAAGCGCAATGCCCAGCATCAGTAAAGCGGCCAAGATGTACACCCCACGCCAGCCGAAGAGATCGCTAATCGACCCGGAGAATACCCGCGCCAGCAGCAGCCCGATAAATACTCCGCTTTGCGCAGCGCCCACCACGCGTCCCTGTTCATGGGGCGCGGCGGCGCTGGCGGCATACGCGATTAGCCCCTGGGTCATCGCGGTACCCAGCAGGCCAACGGCAAGCATACAGCCCAATAGCATCACGGCGGTGGAAGCCATACTCACCCCCGCCAGGGCAGCGATCAGTAAAATCACCTGCGTCGCCATCAGGCGGCGGCGATTCACCCTGTCGCCCAGCGGCACCAGCAGTAGCAACGCCAATGCGCAGCCAATCTGGGTTGCCGCAATCACCCCGCCAATCGCGGCGTCGCCGATCGCAAAATCTCGCGCCAGCGCGTCGAGCAGCGGTTGCGCGTAATACACGTTTGCCACGCTCAGGCCGCTGGCGATAGCAAACAGCCAGACCAGGCTGCGAGGCATAACCGTTTGCGGATCGCTTAGCG
NZ_CP180159.1_gap87	3453613	3457627	4014	ATACATTTCACACGATAATGTTGTAAAGGTAGTTCATCATGGCGCATCAATCATTGGCGATTACAATCGTTTGCCGTAGAATGCTCGGCCTTATTATTTTATGTGCAAAACCAAAGGTGGTTAACCACAAACCCCGCATCGGTAAGCTTTCCGCTGCGTCTACACGGGACAGAGTCGAAAATTGAATACACAACCGCGTTCGCGTTCTCCGCTGGTTCAGCTGGCGGGAATTCGCAAAAGCTTTGATGGTAAAACGGTTATCTCCGACCTCAATCTGACCATCAACAACGGTGAGTTTCTCACCCTGCTTGGCCCCTCTGGCTGCGGTAAAACAACCGTTCTTCGTCTTATCGCCGGACTGGAAAGCGTCGATAGCGGCCAAATCCATCTCGAAGATCACGATATCACCCATATCCCGGCGGAAAACCGCCACGTGAACACCGTCTTTCAAAGCTATGCGCTGTTTCCGCACATGACGGTGTTTGAAAACGTCGCCTTCGGCCTGCGTATGCAGAAAACTCCGACGGCGGACATCGCGCCCCGCGTCCACGATGCCCTGCGCATGGTGCAGCTTGAAGCGTTTGCTCAACGTAAACCGCACCAGCTGTCCGGCGGCCAGCAACAGCGCGTGGCGATTGCCCGCGCGGTGGTAAATAAACCGCGCCTGCTGCTGCTTGATGAATCCCTCTCCGCCCTTGATTATAAACTGCGCAAGCAGATGCAGAACGAACTGAAGGCGCTGCAGCGTAAGCTCGGCATCACCTTCGTCTTCGTGACCCACGATCAGGAAGAAGCGCTGACCATGTCCGACCGTATCGTGGTGATGCGCGAGGGTAAAATCGAGCAGGACGGTACGCCGCGCGAAATCTACGAAGAACCGAAAAACCTGTTCGTCGCCAGCTTTATCGGCGAAATCAACATTTTCAGCGCCACGGTCATTGAACGGATTGACGATCGGCGGGTGCGCGCCAGCGTCGAAGGCCGCGAATGCAATATCTACGTCAACTTCGCCGTTGAAAAAGGCCAGCGGCTTAACGTCCTGCTGCGCCCGGAAGACCTGCGCGTGGACGAGATCCACCACAGTAATGACGCCGATGGCCTGATAGGCTATATCCGCGAACGCAACTATAAAGGCATGACGCTGGAATCGGTGGTTGAACTGGAAAACGGTAAAATGGTGATGGTCAGCGAATTCTTTAATGAGGACGACCCTGATTTTGACCACTCTCTCGACCAGAAAATGGCCATTAACTGGGTAGAAAGCTGGGAGGTTGTGCTGGCCGATGAAGAACACCAGTAAATTCCAGAATGTGGCGATCGCCACCATCGTGGGCTGGCTTGTGCTGTTTGTCTTTCTGCCCAACCTGATGATCATCGCCACCAGCTTTCTGACCCGCGACGACACCAACTTCGTCAAGCTGGTCTTTACGCTGGACAACTACGCGCGCCTGCTCGACCCGCTCTACTACGACGTGCTGCTGCATTCGTTGAATATGGCGCTGCTGGCGACGCTGGCCTGCCTGGCGCTCGGCTACCCTTTCGCCTGGTTCATGGCCAGGCTACCGGAGAAGGTGCGCCCGCTGATGCTGTTTCTGCTGATCGTGCCGTTCTGGACCAATTCGCTGATTCGTATCTACGGACTGAAGATTTTTCTCAGCACCAAGGGCTACCTTAATGAATTTTTGCTGTGGCTGGGTATCATCGATACGCCGCTGCGCATCATGTACACCCCCTCGGCGGTGATTATCGGCCTGGTCTACATTCTGCTGCCGTTTATGGTGATGCCGCTCTACTCGAGCATCGAGAAGCTCGACCGCCCGCTGCTGGAAGCGGCAAAAGACCTTGGCGCCGGTAAGCTACAAACCTTTATCCGTATCATCATTCCGCTGACCATGCCGGGGATTATCGCCGGCTGTCTGCTGGTGATGCTTCCGGCCATGGGGCTGTTCTACGTTTCCGACCTGATGGGCGGCGCGAAGAACCTGCTGATTGGTAACGTGATTAAGAGCCAGTTCCTCAACATCCGCGACTGGCCGTTTGGCGCGGCGACCAGCATCACGCTTACGCTGGTGATGGGCCTGATGCTGCTGATTTACTGGCGCGCGGCGCGTTTACTGAATAAAAAGGTGGAGCTGGAATGATCGGTCGACTGCTGCGCGGCGGCTTTATGACCGCTATTTACGCGTATCTCTATATTCCCATTATTATTCTGATCGTTAACTCGTTTAACAGTTCACGCTTCGGCATTAACTGGCAGGGTTTTACCACCAACTGGTATAGCCTGCTGATGAACAACGACAGCCTGCTGCAGGCGGCGCAGCACTCGCTGACCATGGCGGTGCTGTCGGCGACCTTTGCTACGCTTATCGGCTCGCTGACCGCCGTGGCGCTGTACCGCTATCGCTTTCGCGGCAAGCCGTTCGTCAGCGGTATGCTGTTCGTGGTGATGATGTCGCCGGATATCGTGATGGCGATTTCGCTGCTGGTGCTGTTTATGCTGATCGGTATTCAGCTGGGATTCTGGTCGCTGCTGTTTTCCCACATCACCTTTTGCCTGCCCTTCGTGGTGGTCACGGTATTTTCGCGCCTGAAAGGTTTTGACGTGCGGATGCTGGAAGCAGCGAAAGATCTCGGCGCCAGCGAACTGACCATTCTGCGAAAGATCATTTTGCCGCTGGCGCTGCCCGCGGTGGCCGCAGGGTGGCTGCTGAGCTTTACCCTGTCGATGGATGATGTGGTGGTCTCTTCATTCGTCACCGGGCCGGGTTATGAGATCCTGCCGCTGAAGATCTATTCGATGGTTAAAGTTGGGGTATCGCCAGAGGTTAACGCGCTGGCGACCATTCTGTTGGTTCTGTCGCTGGTGATGGTGATTGCCAGCCAGATAATTGCACGTGATAAAACTCAGGGGACGTTAAAATGAAAAAATGGTCACGCCACCTGCTCGCTGCGGGCGCTCTGGCAGTCGGTATGAGCGCCGCGCACGCGGACGATAGCAAAACGCTCTATTTCTACAACTGGACCGAGTATGTCCCGCCGGGGCTGCTGGAGCAGTTCACCAAAGAGACCGGCATCAAGGTGATCTATTCGACCTACGAGTCGAACGAAACCATGTACGCCAAGCTCAAAACCTATAAAGACGGCGCCTACGACCTGGTCGTGCCTTCCACCTACTTCGTCGACAAAATGCGTAAAGAGGGCATGCTGCAGAAGATCGACAAGAGCAAACTGAGCAACTTCAGCAATCTTGACCCTGAAATGCTCAACAAACCGTTCGACCCCAACAACGACTACTCCATTCCGTACATCTGGGGCGCGACGGCCATTGGGGTGAATAGCGAAGAGATCGATCCGAAGACCGTCACCAGCTGGGCGGATCTGTGGAAACCCGAGTATAAGAGCAGCCTGCTGCTGACCGACGACGCGCGCGAAGTGTTCCAGGTCGCGCTGCGTAAACTGGGCTACTCCGGTAATACCACCGATCCGAAAGAGATTGAAGCGGCCTATAACGAGCTGAAAAAACTGATGCCGAACGTCGCGGCGTTCAACTCCGATAACCCGGCGAACCCGTATATGGAAGGCGAAGTGAACCTCGGCATGGTATGGAACGGCTCCGCGTGGGTTGCGCGTCAGGCCGGTACGCCGCTGGAAGTGGTGTGGCCGAAAGAAGGCGGCATCTTCTGGATGGATAGCCTGTCGATTCCGGCAAACGCCAAAAACGTTGATGGCGCGCTGAAGCTGATCAACTTCCTGCTGCGCCCGGAAGTGGCCAAACAGGTCGCGGAAACCATCGGCTACCCGACGCCAAACCTTGCCGCACGGAAGATGCTAAGCCCGGAAGTCGCCAACGATAAATCGCTCTACCCGGACGCCGCAACGATTCAGAAAGGCGAATGGCAGAACGATGTCGGCAGCGCCAGTACGCTTTATGAAGAGTATTATCAGAAGCTGAAAGCGGGTCGTTAATCGCTCCAGCATGCCGGGCATCGGTTAAGTTGAATACCCAAAATAATT
NZ_CP180159.1_gap88	3553744	3554392	648	TCACTTCGCGCATTCAGATCTACGCCACTGCCGCCACGCTGACGCTGCCCCCGGCGATCGTCGCGCGCATGGCCTCAACTATCGACTCTATCTCCGGCGGCCGCTTTGGCGTCAATCTGGTGACCGGCTGGCAAAAGCCGGAATACGAGCAGATGGGCATGTGGCCGGGCGACGACTACTTCGCCAGCCGCTACGACTATCTCACCGAATATGTCCAGGTCCTGCGCGACCTGTGGGGAACCGGGCGCAGCGACTTTAAAGGCGACTACTTCACGATGAACGACTGCCGCGTCAGCCCGCAGCCGTCGCAGCCGATGAAAGTGATCTGCGCCGGGCAAAGCGACGCCGGTATGGCGTTCTCCGCCCGGCACGCTGACTACAACTTCTGCTTCGGCAAAGGGGTCAACACCCCTGCCGCCTTCGCCCCCACCGCCGCGCGGATGATGGAGGCGGCGGAAAAAACCGGCCGCGACGTCGGTTCCTACGTCCTGTTTATGGTGATTGCCGACGAAACCGACGAGGCCGCCCGCGCCAAATGGGAGCATTACAAAGCCGGCGCCGATGACGAAGCGCTGGCGTGGCTCACCGAACAGAGCCAGAAAGACACCCGCTCCGGCAGCGACACCAACGTGCGCCAGATGGCCGATC
NZ_CP180159.1_gap89	3693108	3694100	992	ATATTAAATGCCGATACACCAAAATCATATTTCTTATCTAAGTCTAAACCATATATATCAAACTCATACTTAGTTGGCGGCGTCTGTCCTGCAAGAATCCAATTTACTGCACCAGTCTCACGATAGTAAATGTAATAGCCTCTAACGTTCTGTGAAGGGCTTTCTTCCCACGTAAGGGTAACTACCGATCCAGTTGTTATATCGCCTCTACGTGTCACTGAGAGGTTTGTAGGGGGTAGTATTGCACGTCCCTCATCTGGATTAATAATACCACCCGGCGACCATGTACCGGGATCAGTACCGTCAAAGATTGCATCTGGATACTCAATACAGGTTATAGTGCAATAGCCAACATTTTGTTGATCAGTTGCAATTGATTTTGATAGTACCTTAAACTTACCTGCAACCATTAACTCTTTAAAATTAACATCAATACTATCCCATACACGAAGATCCCAACCTTCAGCAGTTGTAAATGTTAAAGTACGTTTTGCAAACTTTGTCTTACGTAGTTCTGCGTTAACAAGATTTGCAAGAATATTTTGGTCATATACTGCTTTGAAATTACGTGCAAGAGTAATAACTATTCCATCAGATTTAATGACTTCATCATTATCAATGTCAGATGGAATACGTAGTACTTCATTGGCATACATTGAATCTGGTTTAGTATAACTTGCATCGATTGTATTATAGTAATCTGAAGTACCTGAAGTACTAATACTTGCCTCACCAACGATATTTGATTCATTGAATGAGTGTACAGATAGTGTCTTACGATCAACCGTTAAGTATATTTGACCACCATGAATATAGATAATACCGGCACATGCCTGTAATATTGATTCAATGTTTTCTTTATATGTACTCTGGTATGACATTGCAATATTACTAGTTAATCCCTGTTGAAAACACCATTGACTAACTTCTGCAAATGATTGTCTATTAATTAATGCAGGATCAATACCAAGTCCATAAATTGGATTTACAAA
NZ_CP180159.1_gap90	3707692	3711236	3544	AATTAGACTATGACCAGCAGTACGAGACTCTTTGAATAATGGATTTGTTGCAGATGCACCACCTTTGATTGGTTTGAAAATCTTTGAAGAAGAACAATAGCGATATACTGTATTAGTTGCGTTACCATTACTTGAGTCTACAAAACCGGCTAGTACTTTAAGAGGTTTACCAGATACTGTCTTAAAGTTGATCTGAGAGAATGCAGTTAATTGATTCCATGCAGGTGCTTCAATTTTTGTACAGTCGATACTATATATACTGCGATGGTCAATAACGTAGAGATTTTTTTCACTGATACCAAGTGTAGTTAATTCTAGTCTGTCTAACTGTTGGTCTACACCGATTACTAAACCAAGTACATCATCTGGTATGTTCTCAATATCTAAAGTACTATCTCGTAAATTCTCAAGTAATACTAAATCATGATCTGTATTCTCTTTATCTACCCACGGAAGACCTAGTACGTTGTTATAGAATGAGGCAAGATCAAATGTGTAATGTGCTTCTGCAAAGTCTTGTACTATAGATTTGATTGAGTTAATTGGAGAATATAGACGGGAGATGTGATAACCCATAATATCTTCTACTTCTGGATTTGTTACTACCCATACTCCCTTCTTAATCATACGTACACGTTCTGCTTCACTGATTTCTTTATTACAGTCTGGACAGACTAACCTTGCAGTCTCTGCATCTGGAATACGACGGCGACCACCATCAATAATCTTCCAATCGAACTTGACATTATCAAAAACTAATTCATGCGAATGATTGCAGTGTGGACAAGGTACATAAAACTTCTGTTTATTACTTTGCTCATACTGTTGAGTGATTAAGTCATTCTCATCAAGTGGGGTACTACAAACCATAATGAGAGGGTTACTAAAAGCCTTTGTACGCTGTTCTGCAAGCTTTAATGGATTACCCTCATCACCCTCTGCATCTACGTTTGAAACCTCATCTAAAAACACTCTAGGAGCTGTTAGACCACGTAGCTGTACACTACTACCCAATGTTAGGAAGTACGTAAATGTTCCATCAATGTTTTGTTGTGTCTTATCGTTATTCGTAAAGTTCTTATCATTCTTATTACTAACTAGATTTTTAAGTACTGGACACGCTTCAATGACTGATTGCCATTTACCTGTTCTAAACTTTGAAGTAGTACCGGCTGTTGCACCTGCAAAGATTTGGTTACTTGGATCATTTGCGAGAAAGTAATACATCGAGTTTTGTAGTACTGTTGTTTTTAATAACTGTGCACTACTCATGAGTACAATCTTACGTACCCTTGGATTTGTAATATCGTTAATTGGTTTCTTTTGAAATTCGAATAGCTTTACTTTTTGCCCTTGTAATTGACCATCTGGAAACACAAGGTTATTCTCTACCCACTCTGCCGGATTCTGTTTCTTTGGTGGTAATATTATCTTCACTGTCTTCTTCAACAGCTTCATTAATTTCATTTTCGTACTCATATTTAAACATCCCTATTCCTTCTAATGATTCGTCTATCTTTTCCTGTAGACGTGTTTTTAATTCTATTGCATCTATTGATTCAAATAGTTCTACGTAAGAACTAGCAGGAATACTGCGTAGTACTTGCCGAATAGAATGAAAATACTGCGATAGTAATTTTTCAATCTCAGCCACATTAATTAACTCACCACTTAATTCACGTAGTTCCAGTTCTTTCATATCTGCTTCTGCTTCAAGCTTGCGTAGAGTTGCTTTTTGTATTTGGACTTTAGTATCGCCACTTCGAAGTGGTTCAATGATGTTTGCAAGTAGCCAGTCGTCTACAAGCTTTTTAGGCCAAGTGATATCAAGACCTTTACCAGACCAAATACGGCTTACTGTACTGTTCTCTACGCCAAATCTATCTGCAATTTCTTGCCACGTATAACGAGTACCGTCGTCTTTATTGTGTCGTGCCATAATTTATTCCCTCGGTTTCTGTATTAAACAGATGTTAAACTTTTGTTTGTTTTATAAAAAAAATCTCACGAATTTTTATTATACTTCGCGGCGAAAACTCGCATGGATTGGGATGTACAGGAGGACCCACATTATTATTTATCTTTAACTTTGAATTATTGTTCAAAGTTACAGTTGGACATTAGTGATGGGATTCACGCGTAGCGATAAAGGGTAAGGGTAAGGGTAAGGGTAAGGGTAAGGGTAAGGGTAAGGGTAAGGGTAAGGGTAAGGGTATACGAACTGTACAGATTACAAGCTATATAATTCGAACCAGATGGAATGGTTCATTTATATCTTTATAGTTATTGTATATAAAGACTCTCATACACATACTGATGTACTCACACCCTCACCCACTATTAACAAACCGACCCATTGCGAGAGTGTGAGTACTGCGGTATTATAATTAACTCTTCTACAAATGTGAACAAGCATGAAACGCTGGAACAAAATACTACTTTGTACTGTTACATCACTATTGATTGTAGCTATAATGACTTTTTTTAAAGTTTTTACTTATGGAATGAACACTATGGAATTTGGCACCATTGCTGATTGGATTAGTGCCTTGAGCACATTAGGTACATTTGCTGTAGCTTATGTTGCATTGCGGAATGCTCCTGACTGGATTGCACAGAAGCACTATGATATAGCTCATACCATCATTGAGGATTCTGTTTTCAAAGACCTGAGAAAAGTTCGCTCATCAAGTTTGTATTTAAAAACAAAAATTGCAATGCTATGTAGTAATCTTGTGCGTGTTGCGGAACGTAGAAATCAATATAATAATAGCTTTGATACTATAATTGATGAAATAGATATTACTCTTGCACAATATCATGATCTATCATACTCAATAATAAATCAACTTAAAGCCATATCACGCACCAATTACACCGAATCCCAGTACACTTTAGATATTATTAATTTTTTAAAAGATGCGGCTGAAAAATACAACAATAGTAATGTGCAACTAATTCTGGCTAGTGGTGAAGTTAGCATGCTCCAAAAAGCTGATGCATCAGTCATCGATGCCACAATTAAAGAAATAGTGGTAATTAGAAATGATGTGATTAATCTGAACATAGAAATATCTAATTTTATCAATAGAATATATTCGGACAATCTCCCAATCGATAATTTTATATACTATAAGCCAAAATTAAAACACCGCATAGATAAATAATGTTTACTATGATTAGATTTTATTACTTGCGTAATATTCTGCTCTTTTCTGCATATAATACCCTGAAATAAATCTAATGAAATTTTCATTTGAAAAACATGATAAATGACCTAAATTTAAGTTTATGTTTTTAACATTTCCGAGGCTGGACTCTGACAACCCTATAGGTTTATTTTTAAACTCCCACTCACCGAGTTTATATAAAAGTTGCAAAACACGGTCCTTATCGTTATAGATATTTATATGTTCTATACTTTTATAATCCTTGCAAAGTTTTAGATTAATTTCATAATATTCTCTTGGCATTGCACCAGCAATTGATACTGATGAACATATATTTTTGTTATTCAGTCTTGACATTGCCCCTGTTATTATCC
NZ_CP180159.1_gap91	3765805	3768711	2906	ATATAAAACAACCAGGGCTATAAATAAAGCCCTGGCGGAGTATCAGAGGGGGAAAAGATTAGATATGGGTAACAATTTCTTTAATCAGCGGCGGGCCTTTAAAAATAAATCCGGAATAAATCTGCACCAGCGTCGCTCCGGCGGCTATCTTTTCCCGGGCGGCAATCACCGAGTCAATACCGCCGACTCCGATAATGGGCAGACGGCCATTTAATTCCGCAGACAGCATGCGGATAATTTCCGTACTCTTCAGCTGCAATGGACGTCCGCTAAGCCCACCGGTTTCATCACAATGTTTCATCCCCTGCACCAGCGATCGATCCAGAGTGGTATTGGTAGCAATGACGCCATCTATATTATGCCGGACTAAACTGTCCGCTACCTGGATCAATTCTTCGACGGAAAGATCCGGAGCGATCTTTACGGCCACAGGAACATATTTTTGATGTTTCTCTTGTAGCTCGCGTTGCTTATTTTTAATACCAGAAAGCAAATCGTCCAGCGCATCTCCGTATTGTAAAGTACGCAAGCCTGGGGTATTCGGCGAGGAGATATTAATGGCGATATAGCCGGCATAAGCATAGATTTTTTCCATACAAATCAGATAATCATCTTTGCCTTGTTCTACCGGTGTATCTTTATTCTTGCCAATATTAATACCCAGAATGCCGTCAAAATGCGCCTTTTTTACGTTCTCCACGAGGTTATCAACACCGTGGTTATTAAAGCCCATGCGGTTGATCAAACCTTCGGCATCGACCAGGCGGAAGATCCTTGGCTTATCGTTGCCCGGCTGTGGACGAGGCGTCACAGTACCAATTTCAATGGAACCAAAACCCATCGCCCCGAGCGCATCAATGCACTCGCCGTTTTTATCCAGCCCGGCGGCCAGGCCCAGTGGGTTCTTAAATGTGAGCCCCATACAGGTTACCGGCTTTGTCGGCACCTTCTGGCGAACCAACATTTCCAGCGGGGTACCCGAAACACGGCGTAATTGTTGAAAAGTGACTTCATGAGCGCGCTCAGGATCGAGCTGAAAAAGGGCTTTACGAACGAAGGGGTAGTACATGAACTCTCCTGGATTCCCGGTGTGCAAACCGGGGGCGTATTATGTGCGATCCACCCTGGAAAGGGAATTGACCTACGACAAAAAATCTTACCTCCAACGCAAACGTTTACTTTTCTCCCGCTCGTTATGCACTTTCTGACAATCCAACGCCGGATAAATCATTTAGGGAAATAAAAACGCTCTGTCACACTGCGGCTAAATGTTATCAATTATAGATAAATGCAAATATTTAGTTATAAGGAGAGAATATGCGAGTCATCACACTTGCGGGCAGCCCACGCTACCCTTCCCGCTCCAGCGCGCTTCTGGAATACGCCAGAGAGACGCTCTCGGCGGCGGATATCGAGGTCTGCCACTGGCATCTGCAGAATTTCGCTCCGGAAGACCTGCTCTACGCTCGCTTTGATAACCCAGCCCTCCATGCGTTAAATGAACAGCTTGCCGGCGCCGATGGGCTGATCATCGCGACGCCCGTCTATAAGGCCTCTTTTTCCGGCGCGTTAAAGACGCTTCTTGACCTGCTGCCGGAGCGCGCGCTGGAGGGCAAAATCGTTCTGCCGTTGGCTACCGGCGGAACCATCGCCCATATGCTGGCGGTGGATTACGCCTTAAAACCGGTACTCAACGCGCTGAAAGCCCAGGAGATCCTCCACGGCGTTTTCGCTGACGATAGCCAGGTCACGGATTATCAGCATAAACCGCAGTTTACCCCGAATCTGCAGGGCCGTCTCGACCAGGCGCTGGAAACCTTCTGGCAGGCGCTGCATCGCCCCAGCAGCCGCGCGCCGGCGCTGAAAACCTTACAGCGGGTTGAGCACGTTTAAAGTTCAGCGTTGATGCCCGTCACCAGGCAAAATGCTAAAGAATAAAGGAACACTGTATGGCGACGCTTTCGCAAAAACTCCTGATCCGCATAGCCCCCTGGCTTTTGCCGGTTGGCAGCGTGATTGTATGGCAATTCGCCTCTTCCGTTGGCTGGCTCTCTACCCGTATTTTGCCGTCACCGGAAGGGGTACTCAAAGCCTTCTGGACGCTCTCCGCCAGCGGCGAGCTTTGGCAACATCTGGCCATCAGCTCATGGCGGGCGCTTATTGGTTTCAGCATCGGCGGTTCCATTGGCCTGGTTCTCGGGCTTATCAGCGGCCTGTCGCGCTGGGGCGAACGCCTGCTGGACACCTCCATTCAAATGCTGCGCAACGTGCCGCACCTCGCGCTGATTCCGCTGGTGATTTTATGGTTCGGCATCGATGAAAGCGCCAAAATTTTCCTCGTGGCGCTGGGGACAATGTTCCCGATTTATATCAACACCTGGCACGGTATTCGAAACATTGACCGGGGTCTGGTGGAGATGGCCCGCAGCTATGGCTTATCGGGTTTTGCTCTGTTCCGTCACGTGATCCTGCCGGGTGCCCTGCCCTCCATTATGGTCGGCATCCGGTTTGCGCTCGGCCTGATGTGGTTAACGCTGATCGTGGCTGAAACCATCTCGGCTAACGCCGGTATCGGCTATCTGGCGATGAACGCCCGCGAATTTCTGCAGACCGATGTCGTGGTCGTCGCCATTATTCTTTACGCTATTCTCGGCAAACTGGCCGACTTCAGCGCCCAGCTGCTTGAACGCGTCTGGCTGCGCTGGAATCCGGCTTACTACCTTCAGGAGGCCAACGCATGACAACCGCGCGTCTTAATCCGGGGATCCCGCTGCTGCTAAACGGCGTAAGCAAGCGTTACGGCAGCAAAACGATTCTGAATGAACTCGATCTGCATATTCCCACCGGGCAATTTGTCGCGGTGGTCGGACGCAGCGGCGGCGGTAAAAGCACCCTGCTGCGGCTGC
NZ_CP180159.1_gap92	3771198	3771893	695	TTGTTTTCCATGGCGCCCATGTTGAAGAAGTCGACGGCGACAATCATATAGATGTCGAGGTCGTACTCGAGACCAAAGCGGGTTTCGTCCCACTTCATCGAATTTTGCAGCGAGGTCATCGCCCACGGCGCGCGGTCAAGGTTACCGCGGTCAACGTAGAGCTCCAGCGCCACTTCACGCCCCGAACGGGTTTTGAAGGTATCGCGCAGGACGTCAAAATCACCGGCCACCAGCGCAAACAGGTAGCACGGTTTTGGAAACGGGTCCTGCCACTGGATCCAGTGACGGCCATTTTCCAGCTCGCCCTGGGCCACGCGGTTACCGTTGGAGAGCAGAAACGGGTATTTTGCTTTATCGGCGATGATTTTGGTGGTGAAGCGCGCCAGAACGTCCGGGCGGTCCGGATACCAGGTAATGTGGCGGAAGCCTTCCGCCTCGCACTGGGTACACAGCGCTTCGCCGGACTGATATAGCCCTTCCAGCGCGGTATTCGCCGCCGGGCTGATTTCATTGACGATGGTCAGAGTGAAATGTTCCGGCAACCCGCTAATCACCAGCTGGTTATTTTCTTCCTTGTAGTCGCTCCACGGCTGACCATCAATCCGCAGAGAGACTAACGTCAGGTCTTCGCCATCCAGACGCAATGGCACATCAGACGTAGCCGCGTGGCGGGAGACCTTGCTCTCAGCCGTCAC
NZ_CP180159.1_gap93	3776202	3780650	4448	CGATATGCTGGTTGAATGGGGCGGCGACGGCTGGAACTACACCGACAACTTCATGACCGGCCGTACCAACGGCGTAGCCACCTACCGTAACTCTGACTTCTTCGGTCTGGTTGACGGTCTGAGCTTCGCGCTGCAGTACCAGGGTAAAAATGACGCTTCTAGTCGTGATGTTAAGAAACAAAACGGCGACGGCTTCAGCACCGCGGCAACCTACGCGTTTGACAACGGCATTGCGCTGTCTGCAGGCTATGCCAACTCCAGCCGTAGCGGCGATCAGAAAGCTGACCGTCAGGGCGAAAAAGCTGAAGCATGGGCAACCTCCGCTAAGTATGACGCGAACAACGTCTACGCTGCGGTCATGTACTCTCAGACCTACAACATGACGCCGGAAAACGAAGGCAACTACTTCGCTAACAAAACTCAGAACTTCGAAGCCGTTGTTCAGTATCAGTTCGACTTCGGCCTGCGTCCGTCCATCGGCTACGTACAGACTAAAGGTAAAGACCTGCGCTCCCGCGCTGGCTTCTCCGGCGGCGATGCTGACCTGGTTAAATACGTCGAAGTGGGTACCTGGTACTACTTCAACAAAAACATGAACGTCTACGCTGCGTATAAATTCAACCAGCTGAACGACAACGACTACACCCGTGCTGCGAAAGTCGCGACCGACGATCAGGCAGCGGTTGGTATCGTTTACCAGTTCTAATCTGCAGTACACCCCTTCGTGATATGCCTAAAAAGCAGGACTTCGGTCCTGCTTTTCTGCGTTCCTGAGAGGAAGATCGTAACTTTTAAAAACCTTCTCGCTTTTTGTCGCAAACGGTTGGCAATTAACATAACTCCCGTTAACCTGATAGCGGATTTCCCTTCAGTAATCACAATGGAACCTCGTCATGTTTGAGAACATTACCGCCGCCCCTGCCGACCCAATTCTGGGCCTGGCCGATCTGTTTCGTGCCGATGACCGCCCAACAAAAATTAATCTTGGAATTGGTGTTTATAAAGATGAAACGGGTAAAACACCGGTCCTGACTAGCGTGAAAAAAGCAGAGCAGTATCTGCTGGAAAATGAAACCACTAAAAATTATCTGGGTATCGATGGTATTCCGGAATTTGGCCGCTGCACCCAGGAGCTTCTGTTCGGGAAAGGAAGCGCAATTATCAATGATAAACGCGCCCGCACCGCGCAAACGCCCGGCGGTACAGGTGGCCTGCGCGTCGCCGCCGATTTTCTGGCGAAGAACACCGACGTTAAACGTATTTGGGTGAGCAACCCCAGCTGGCCGAACCATAAAAGCGTGTTCAATTCAGCCGGGCTGGAAGTTCGCGAATACACCTACTACGATGCCGCTAACCACAAACTCGACTTCGACGGGCTGCTGGCCAGCCTGAACGAAGCGCAGGCCGGCGACGTGGTTCTGTTCCACGGCTGCTGCCATAACCCAACCGGTATCGATCCGACGCTGGAGCAGTGGCAACAGCTGGCGCAGCTCTCCGTAGAGAAAGGCTGGCTGCCGCTGTTTGACTTTGCCTACCAGGGCTTTGCCCGCGGCCTGGAAGAAGATGCTGAAGGCCTGCGCGCTTTCGCCGCGCTGCATAAAGAGCTGCTGGTTGCCAGCTCCTACTCGAAAAACTTCGGCCTGTACAACGAGCGCGTGGGCGCCTGTACGCTGGTCGCAGCTGACCAGGAAGCGGCAGACCGCGCTTTCAGCCAGATGAAGTCGGTTATCCGCGCGAACTACTCAAACCCGCCCGCTCACGGCGCCTCGGTAGTGGCGACCATTCTCAGCAATGACGCGCTGCGCGCCATCTGGGAGCAAGAGTTGACTGACATGCGTCAACGCATCCAGCGTATGCGTCTGCTGTTCGTTAATACCCTGCAGGAAAAAGGCGCCAGCCGCGATTTCTCTTTCATCATTCAGCAAAACGGGATGTTCTCGTTCAGCGGCCTGACCAAAGAGCAGGTACTGCGTCTGCGTGAAGAGTTCGGAATTTACGCGGTGGCGTCCGGACGTATAAACGTCGCCGGTATGACGCCTGACAACATGGCACCGCTGTGCGAAGCGATTGTTGCCGTACTGTAATCTCAGCGCAGGGCAAACAAAAGGCCGCATGTGCGGCCTTTTTTATATGCTGGCTTCGGTCACCAGACCGGCATTTCATCCTGCAGGAAGGGGTTGTGCAGACGCTCATAGCCAAGGGTCGACATCGGTCCATGACCCGGAATAAACGACACGTCATCGCCCAGCGGCAACAGCTTGCGCTTAATCGCATCGATCAGTTGGCTATGGTCGCCGCGAGGGAAGTCGCTACGCCCTACTCCGCCTTTAAAAATCACATCGCCAGAAATCAACAGTCGGCAAGCAGGATCAAAGAAGACCACGTGCCCCGGCGTATGGCCTGGGCAGTGCAGCACCTGCAGGGAAATATTCCCCACGCTGACCGTATCGCCTTCGTTCAGCCAGCGATCCGGCTGCAGCGGCTGGCAATCTTCCAGACCGAACATCCGGCTCTGCGCCGGTAATCCTTCCAGCCAGAACTCATCTTCTTTTTCCGGCCCAATAATCGGCACGCCATAATGCTGCGCCAGCTCCGCCGCCGCACCAACGTGATCGAGATGACCGTGCGTGAGCAGAATCTGCATCAGGCTAACGCCTGCCGCCGCGACTTCCTGTTTGATTCGCTCAGCATCACCGCCGGGATCGACCAGCGCCGCCAGTTTGGTTTGTTCACACCAGATTAAAGAACAGTTCTGCGCGAACGCGGTAACCGGAATAATACGATAGTTCATGAGGCTCCTTTCGTTACCAGTGCCGTACTGGCCCGGTATCAATATGCACAAAGTTGCTACGTGGGTAGTATCCTACACCACCTGTGCGCATAGATAACGCGGCTTTGCGAACATTGCTTAACGAAATGCCTTCAATATGAAAATCCATGGCCTGGCCTTTAGTGTGGTAGCTGTGTTTTGCCACACCCCGGCTGCGCGCGCGAAGCTCATTATTGGTATCAACAGAACGATAACCGGAAATAAGCTGGACAGGCTTGTTGGTACCAAGTAATCCCTGCAAACGATAGAGTTGATCGAACAAACCGGGATCGATGGACTTAATCTTATTCGCGCGATAATCACGGAAAAAATGATTAAGTCTTGCTAATTCATCCTGAATATAGCCTCTGCCATCGAAAAACTCCGCCTTGAGTGATTCACCGGTATGCAGGTTGTTCAGCGTCAAAATACGCGGTCGGGGGGTCGAGAGGGTGGCAAATGCCGGCGCAGGCAGAATGGCAGCAGCACCGAGCGCGGCTCCACCTAACGCCAGCAGTTTGCGGCGATTAGCGTCAAATTTGTCCATGATAATCAGGTCTACAGGTAAATGAATCGTAATATACTTTTCCCGCAATGCGCCCCGTTAGCCGCCAGCACGCGCTCGCTCCCCTACGGCTAATAAATATCAGCTATAGAGAACGGGCTGCTTACTGCGACAGCGCCTTTGCAGGATTATATGTATATGCACTTCTGGCGCACGAAAGGCACCTTACCGGGCATTATTGCCAACGTCAAGGTAGCCTAACCCCAGTAAACTCGGGCCTTGCAGCGTGCAAGGCCCGTTTTCACACAGAGGTAGGACAACCAAATCCGTTGAACTACTTCATTTATCTGATTAATTGTTCAGCTTTAGGTAGAATTTGTGCGCTGGATCGCGCGGTGAGATCGTAATTGTAAATATCTGTTCGATATTGTGTACGTCCATCAGCGCCGACGAACGCGGTCAAATAATAGAGATTAACCGGGATATTCTGGCGAATATTAACGTAGCGGGTATTCCCCTGTTTAAGCGCATCTGAAATACGCGCATCATTCCAGCCAGCATCCTGAAGCAGCATATTGGCCAGCTCTGAGGCTTTATTCACGCGCACGCACCCGGAGCTCAGCGCGCGTCCATCCCGCTGGAACAGATTGTGATTGGGCGTATCGTGCAAATATATCGCATCTGAACTTGGCATATTGAATTTATAGCGCCCCAGCGAATTGCGCGCGCCGGGAGCCTGCTGGAAGCGGAACGGCAGATTCGATGCGGTTATCGTTTCCCAGTCCACCTGATACGGGTCGATTGTCTCTTTGCTATTCCAGCCGCGCATCATCGTATAGCCGTGCTGCTCAAGATAGCCTGGGTTATTGCGCACCTTTGGCAGAATATCGTTGCGCGCCAGCGTCGGCGGCACGTTCCACGGCGGGTTGACCACAACGTTGTTCAGCGCACTGCTCATCATAGGGGTTTTGCGGTCCGGACGGCCAACGATAACCCGCGATGCCAGCACCTGGCTACCGTCCTGGTAATAGACCAGCGAAAAGGCGGGAATATTCACCATAATTCCGGTCGCCAGATTACCCGGCAGCAGGCGCAAACGCTGGATATTCAATGCCAGCACGCCGGCGCGCTGCG
NZ_CP180159.1_gap94	3803656	3804867	1211	CAAAGTTTGGCGCTTCTTCAATGGCAATACCGTCAATGGTTTCGTTCGGGCAGTAGTGCAGGTAGGCCGCGCCAGGGGTCAGCTGCCATTCGCTCATCGGCTTAACCGCGCGCAGGCCGTCAACGGTGATTTTGGCGTCGATCACGTTGGGCGTGCAGTATTTATGCGCTTCTTTTACCGCGCTGGCCGCCCAGTAGCCGGCATCGACGTAGTCGGCAACGGTTTTATCGCCAAGCAGGTTCAGCGGGATACCGGCAAACTGTCCGCGACCGCCGCCGTGGCAGAATAAAACTTTATAGTTGGAAGGAATATTGAGCAGGGAGCGAAAATCCTGTTCCGCTTCTTCAGCCACCTTAATGAACTCTTTACCACGGTGGCTGATTTCCATCACCGACGTCCCCAAACCGTTCCAGTCGCACAGTTCCTTTTGTGCCAGTTTGAGTACTTCCGCCGGCAGCATTGCCGGGCCTGAACTGAAGTTATAGACCTGAGCCATTTCCCCTCACCACTTGCTATGTTATTTACCCGCGAACCGTCGCGGGCATAAGTTATTCCTGTGGCTATCGGTTTTATCATTCAGTGACACGCACCGCAATGGCTAAAACTGAGCGTCGGGGAAATGCGGCCTCGCTCACACAAAAGAATCTGCCAGCTTGACGTCATAAAACCGACATAATTGCTGTCAGGTGACTCTTTTTGCCCGGCTGACCTTCGACCATTCTGCATTTGCGCAGCGAGGGCATAATTGTTTATCCCCGGCTCGTAGCGTAAGGATTGCGCTACAGCGAACGCAGGCATACTCGTCGTTCCGGGGTATCGTGGTAAAACGATCGGTAAAGCGGGAAGGAAGAATGGAGAGTCCGGCTTTAACATCGTCATCCTCATAGAAATAGAGGCTGATCTGCCCGTTGGTTTCCAGAATAGCCAGCCGCACCTGCCCCAGTTGCTCAACCCCGCTGATTCGCAGCTCCATAAAAAACTCAAATTCGGTCATGTTTTCCGCCTGCAGTTTCTCCCAGGCCAACTCGCCGTTTTCCACAACAATAATCGGCTTACCCTCCAGCAGATCTTCCAGTTTTTCGCTATGCCCCATCAGCCACATAATCAATCGGTACAGCAGGGCCAGAGTGATAAAAACCGCCAGTACCGGCAGCATCGGAACGTCATCATAGAATGCGACGTCGCCCGCGGCCGAACCGAGGGTCAAAATG
NZ_CP180159.1_gap95	3809068	3811401	2333	ACGTGACCTGAAAGCCGGTAAAATCACCGAGCAAGACGCACAGGAAATGATTGACCACCTGGTCATGAAACTGCGTATGGTTCGTTTTCTGCGTACCCCTGAATATGATGAACTGTTCTCTGGCGACCCGATTTGGGCAACCGAATCTATCGGCGGTATGGGCGTTGACGGCCGTACTCTGGTCACCAAAAACAGCTTCCGTTTCCTGAACACCCTGTACACCATGGGGCCGTCTCCGGAGCCGAACATCACCATTCTGTGGTCTGAAAAACTGCCGCTGAGCTTCAAAAAATACGCCGCGAAAGTGTCCATCGATACCTCTTCTCTGCAGTACGAGAACGATGACCTGATGCGTCCTGACTTCAACAACGATGACTACGCTATCGCTTGCTGCGTAAGCCCGATGGTTGTTGGTAAGCAGATGCAGTTCTTCGGGGCGCGTGCTAACCTGGCGAAAACCATGCTGTACGCTATCAACGGCGGCGTTGATGAAAAACTGAAAATGCAGGTTGGTCCTAAATCTGAACCGATCAAAGGCGACGTTCTGAACTTCGACGAAGTGATGGACCGCATGGATCACTTCATGGACTGGCTGGCTAAACAGTACGTCACTGCGCTGAACATCATCCACTACATGCACGACAAGTACAGCTACGAAGCTTCCCTGATGGCGCTGCACGACCGTGATGTTATCCGCACCATGGCATGTGGTATCGCAGGTCTGTCCGTTGCGGCTGACTCTCTGTCTGCAATCAAATATGCGAAAGTTAAACCGATTCGTGATGAAAACGGTCTGGCTGTCGACTTCGAAATCGAAGGCGAATACCCGCAGTTTGGTAACAACGACTCTCGCGTCGATGATATGGCCGTTGACCTGGTTGAACGTTTCATGAAGAAAATTCAGAAACTGCACACCTACCGCAACGCTATCCCGACTCAGTCCGTTCTGACCATCACCTCTAACGTTGTGTATGGTAAGAAAACCGGTAACACCCCTGACGGTCGTCGCGCTGGCGCTCCGTTCGGACCAGGTGCTAACCCGATGCACGGCCGTGACCAGAAAGGTGCTGTTGCCTCTCTGACCTCCGTTGCGAAACTGCCGTTTGCTTACGCGAAAGATGGTATTTCTTACACCTTCTCTATCGTGCCGAACGCGCTGGGTAAAGACGACGAAGTTCGTAAAACTAACCTCGCCGGCCTGATGGATGGTTACTTCCACCACGAAGCGTCCATCGAAGGCGGTCAGCATCTGAACGTCAACGTTATGAACCGCGAAATGCTGCTCGACGCGATGGAAAACCCGGAAAAATATCCGCAGCTGACCATCCGCGTATCCGGCTACGCAGTACGTTTTAACTCCCTGACGAAAGAACAGCAGCAGGACGTTATTACTCGTACCTTCACTCAGACCATGTAATGGTATTGACTGAAATCGTACAGTAAAAAGCGTACAATAAAGGCTCCACGCAAGTGGGGCCTTTTTAGCAATATCATCCTGCCCCAGTCTCTTTTGTCTGCTGTCTATACTTTATGGATAACAGCCAAAACAGACTCGACATAGCCTTTGAGCTGTGCATCTACATAGGCCCCGGATGGGCCAAATTCGGAGATATCACCGCAATGTCAACAATTGGTCGCATTCACTCCTTTGAATCCTGTGGCACCGTCGATGGCCCGGGGATCCGCTTTATCACCTTCTTCCAGGGCTGCCTGATGCGCTGCCTCTATTGCCACAACCGCGACACCTGGGATACCCACGGTGGCAAAGAGATTACCGTTGAAGAGCTGATGAAAGAGGTGGTGACCTATCGCCACTTTATGAACGCTTCCGGCGGCGGCGTGACGGCATCCGGCGGCGAGGCTATCCTGCAGGCCGAATTTGTTCGTGACTGGTTCCGCGCCTGTAAGAAAGAAGGTATTCATACCTGTCTCGATACCAACGGCTTTGTGCGCCGCTACGACCCGGTTATTGATGAACTGCTGGAAGTCACCGATCTGGTGATGCTCGACCTCAAGCAAATGAATGATGAAATTCACCAGAATCTGGTAGGTGTCTCTAACCATCGGACGCTGGAGTTTGCCCGTTACCTGTCAAACAAAAACATCAACGTCTGGATCCGCTACGTTGTGGTTCCGGGCTGGTCCGACGATGATGATTCAGCGCATCGCCTGGGTGAGTTTACTCGTGACATGGGCAACGTCGAGAAAATCGAACTGCTGCCGTACCACGAGCTGGGCAAGCACAAATGGGTAGCCATGGGCGAAGAGTACAAGCTGGATGGCGTCCATCCGCCAAAGAAAGAGACCATGGAACGCGTGAAGGGCATTCTGGA
NZ_CP180159.1_gap96	3815166	3819948	4782	CGCTTCGCACCATGCGCTGGAGGATTTAGCGCTGACCCGCGTCCTTCCGGGGTTAACCGTCCTGACCCCGGCAGATGCGGAAGAAATCGCCGAGGCCTTCGAGCAGGCGGCAAAAATAAAGGGACCCGTTTATATTCGCGTGGCGCGCGAGCCGATGCCGGTTCGCGACAAAAGCGTCGTTCCGCGGGTCAACGATATCGCTGCCATCGCCGACAGCGGCACGGATTTTGCGATTCTGTTTGAAGGAACGGTACTGGAACAGGCTACCGACGGCTATGAAAAGCTGCTCGCCAGTGGCAAAAAAGGAAAACTTATTCACGTTGCAACCGTTAAACCCTTCAATCAGCAGGCGTTTTATCGGCTGGTCGAAGGCTGCCCGCTTATCGCTACGCTTGAAAATCATACCGTCAACGGCGGCCTCGGTGGCCTGATCGCGGAAACCCTGGCGCAAAAGGCACATCCGGCGCGCCTTACGCGTCTGGGAACGCAGGACACATTTACCGAATCGGGAAATAGCAGGCAGCTAAAAGCGAAATATGGAATCTCGGGAGACGCGCTGTTTAACGCGCTACGCTAACCGCCAGGCGAGCCGGTCAGTTGGCGATCGGCTCGCGCGTAAAGGGAACGTTTATGGAAGAGAGGCTATTTTCCGCCCGTCAGTTCACCAGCGACTGCCTGAGCTGGCGCAGCGCCGTTCATCTCGCCTGCCGCCCGCTTGAGGAGCAGGGAAAAATCACCGTGGGCTATGCCAGGGCTATTATCAGCGCCACGGAGCAGGATGGCCCCTGGTATATATTGAGCCCGGCGTTTGCGCTACCGCACGCGCGTCCGGAAGCCGGCGTGCTGAGCAGAAACAGCGCGCTTTCGCTGCTTTGCTGTAGCGAGGCCGTTGATTTTCCGGAGCATCCCGGCATTCGGCTGATAGTCGTACTGGCGGCGGCCGATAGTGAACAGCATATCCAGACCATCCAGCGGTTAGTCTGCTGGCTGGATGAGGGGGAGAGACTTCAGCGATACAGCACGGTGCAAAACCGGGCACAGTTTATTGCGCTTCTTGCGTCGCATTAATCCATAGCCAGGGTCGTGCCCTGGCTATGTTCTGAAAAATCAGGCGTGCGCCACCGGCGTAGGATGGTGCCCCGCTTTGCGCAGCAGCGTCAACAGGTAGATGAATGACACGCTGGCAATCATGATAAACAACAGATTGTCAGAGAAGTTCTGCATCAGCATGGCGGTCAGCGTCGGCCCAAGCAGGCTGCCCACGGTATAGCTCATTAACAGCGCCTGGTTCATCGCCACCAGCTGATGACGTTCAACTTTTTCGCAGGCCCAGGCCATAGCCACCGGATAGAGCGTGAAGCCGGAAGCGCCCAGCACGAACAGCGCGGGCGCCATTGCGGCCTGGCTTAACATCGCCAGACAGCCGAGAATCACCACAAACACCTGAACGCGCAGGACCAGCAGACGGCCGTAGCGATCGGCGAGCCGGCCAATCGGCCACTGCCCCACGATACCCGCGCTCACCATCACCGCCATCCAGAAGCCGATGCCGGAATCGCTAACGCCCTGGTGGTTAAGCCACAGCGGCATCAGGCCATACAGCGAACCGAGCACAATGCCGGAAATAATGCAGCCGTTGACGCCATGGCGGGCCTGACGCAGCCTTAACATTGGCCAGATACGCGCCGGTTCGTGCGGCTCATCGGCCTGAGTCGCCACGCGAGCAAACAGCAGCGGCAGAATGGCCGCCAGCGCCAGCGCCGTCACCCACGGCAGAACGCTCATCAGATCCGTCGGCAGTTTGCTGACCATTAACTGGCCCAGCACCGTGCCAACGTAATAAATCATCATATACGCCGCCAGTAGGCGACCCCGGCTCCGCGAAGTGCCGCTACAGACCAGCGCGCTCTCCACCACCACCCAAATCATCGCGCAGCCGACGCCGGCGATAAAGCGCCAGCTGAACCAGCTCCAGAAGCCCAGCGTAATACCAAGACCCACGCAGCCCACGGCAAAGATAACCGATGCCAGGTAATAGCTGCGGTTAAAGCCCAGACGTTTAATTACCCATCCGGCAAGCAATGTTCCCACCAGATTACCGGTAAAATAGGACGAGCCCACCATCCCGACCTGCCAGGTCGGCATATTTTCATGGGCGAGCCAAAGCGGGACGAGCGTATTTAAAACCGCTATCGCCAGGGTCAACAGAAGCAGGCCACAGAGCAACATTTGCACTGGCCGGGTGTAGATGGTCATGGATATAAACCGTGATGGAGTTCAGATTTCGTGCGCATCATGCCACTGCTGCAAACATTGTCAATCCGCCTGAAATCAGGCGTGACGCGGTTTGCGGGGGAACGATAGAAGTTTTTTATCCAGCGGATCGACAACAGAATAGATATTTATATTATTCCATTGTTTTTATTAATTTATTGGAAAATAGCGTTGGGAATATCGGTAGAAATATTTCATGAATCGACCGCATTTTTTATCGCGCCAGAATAAGTATTTCTGGCGCGATAAAGGGCGATTAGCTGGCGATTGCCATTCCAACGGTCATGTGCAGGCCGTAGAAGACGCCGCGGCCGATCGTCTCGCCGATCAGCACCAGCACAAAAGCCAGCCCCAGCATCGGCAATGCGGGCTGATAGCCTTTGAGCTGAGGGGCAATCCAGCAGACCAGCGCCAACGCCAGCGCAACCAGGCGCCACGCCATTAGCGAGCCGTAGGCCGGTACCAACGCCGAGGCCTGCTGAATAGAGCTATGGATTGTCGCCAGCTCGCTGCCCTGCATCAGCACCACGATGGCGCTAATCACCAGCGCCAGCAGGGTCACCGCCGGCAGCAGGCGCATCGCCCAGCCGTTGACATCGGCAACGCGCAGCAGCAGATATCCCAGCAATGGACCGCCGATAAACATCGTCAGGAAGAAGCTAAGCGGCGTCCAGACCGTATACCAGGTGGGTACCGTATCAATAGTGTTATAGACGCGGACCATCATCCAGACGAAGATAATCCCCAGCACCATGGTAATGACCAGCCAGAGATGACGCAGTCCCGCCGGTAGCTTATTGACCACCGCCAGCAGCCAGCCAATACCGCCGACGGCGAAGAAAAGCGCTCCGCTGGCGATTTCGTTACTGAGCGACGAGGCGCCTACGCGATTGAGCGAGTTAAACGCGCGCATGGGCGACCCAAGATGCAGGGTTGAGGCAATAAAGCCCACGCCCATCAGCACCCACAGGCCAAACATGCTCCACACGACGCGCTGCTGCTGTTCACGCGATAAGTCGCCTTTCATTAGCGCCAGAGCCAGCACAATAAAGCCGCCCACCACGCACTGACCAAAGACCGTGAAAATAATCAGCGGCCATTCATGCCATCCACTCCCCATCTCACACCTCCTTCGGGTTGGCCAGGTAGCCGGTGGTATCTCCACACGGTCGGCTGTTGGCGTTAGGTTTAATCACGATACTCGGTTTAGTGAAGTGGGCCGAAGGCAGCGGCGCAACGGCGGCCAGCTGTCCGTGTTTTTGGCGCAGCTCTTCAATCGGGCCGAAATCTAACGCGCGCAGCGGGCAAGATTCCACGCAAATCGGCTTTTTGCCGTCGGTGACGCGCTCGTGGCAGCCATCGCATTTGGTCATATGACCTTTTGTCGCATTGTACTGCGGCGCGCCGTACGGGCAGGCCATATGGCAATAGCGACAGCCAATACAGACATCTTCATCGACAACGACAAAGCCATCTTCACGTTTATGCATCGCCCCGCTCGGGCAAACTTTGGTGCAGGCCGGATCCTCACAATGGTTGCAGGCAATAGAGAGGTAATAGGCAAAGACGTTTTGCTGCCAGACGCCGTTATCCTCCTGCCAGTCGCCGCCGGCGTATTCGTAGATACGACGGAAGCTCACTTCCGGCGTGAGGTTTTTATAGTCTTTACAAGCCAGTTCGCAGGTTTTGCAACCGGTGCAACGGGCGGAATCAATAAAAAATCCATATTGAGTTGTCATCGGTTACTCCTTACAGCTTTTCAACCTGGACGAGGTTGCTATGCGATGGATTGCCTTTCGCCAGCGGCGATGGGCGTTGGGTGGTCAGCACGTTAATGCAGCCAGCCTGATCCACGCGGCCTGCGTCCGGGTTATACCAGGCCCCCTCACCCAGCGCGACCACGCCCGGTATCATGCGCGGGGTCACTTTGGCCTCGATATGCACTTCACCGCGATCGTTAAAAATGCGGATCCGATCGCCATTGGCGATACCGCGTTTCTGTGCATCAAGCGGGTTGATCCACATCTCCTGACGGCAAGCCGCTTTCAGTACGTCAACGTTGCCGTAGGTGGAGTGCGTGCGGGCTTTATAGTGAAAACCGGTCAGCTGCAGCGGATACTTTTTCGCCAGCGGATCGTCATAGTTTTCAAACCCAGGGCTGTATATCGGCAGCGGGTCGATAACATCCTCTTCTTTCAGCTCCCAGGTCGCGGCAATTTCCGCCAGCTGCGCAGAGTAGATTTCAATTTTCCCTGACGGCGTCGTAAGCGGATTGGCGGCGGGATCTTCGCGGAAAGCTTTATAGGCAACGTGGTGGCCTTCCGGATCGCGCTGTTTGAAGATTCCCTGCTTGCGGAATTCATCAAACGGCAGCAGCGCCGGGATCGCTTTACGGGATTGCTCATAGAGGTGACGCAGCCACTCTTCCTGAGTGCGGCCTTCGGTGAAACGTTGCTCAACGCCCATGCGCTTCGCCAGCTCCGTGGTCATCTCATAGATGGTTTTGCA
NZ_CP180159.1_gap97	3822005	3826624	4619	TGCCTGCATGCGACGCGCCTGGAAATCCCAGACGTTGGAGCAGGAAGAGATCTCACGATAGGTATTCTGCGCCGGCACCCACACTTCCAGATCGTAGGTTTTGCATGCGCTGAAGCCCATATCGCCCGTGCACAGAGCCACTTTACGATACGGCAGACCCAGCAGCTGCAGCACTTTCTCGGCGTGGCCGGTCATCTCTTCCAGCGCCGCCATGGAATCTTCCGGACGTACAATCTGCACCATCTCGACTTTGTCGAACTGGTGCATACGTATCAGACCGCGGGTATCGCGGCCGTAAGATCCGGCTTCAGAGCGGAAGCACGGCGTATGCGCGGTCATTTTGATCGGCAGATCGTCTTCATCAATGATTTCATCGCGAACCAGGTTGGTCAGCGGAACTTCCGCCGTCGGGATCAGCGCGTAGTTGCTGCTGTCGGCTTCTTCTTCCAGCGGACGGGTATGGAACAGGTCGCCGGCGAATTTCGGCAGCTGACCGGTACCGTACAGCGTGTCCTGGTTAACCAGATACGGAACGTAGTTTTCGCTGTAGCCGTGCTGTTCGGTATGCAGATCCAGCATAAACTGCGCCAGCGCGCGGTGCAGGCGTGCCAGCTGGCCCTTCATGACCACAAAGCGAGAACCTGTCAGCTTCACGGCGGCGGCAAAATCCAGCCCTCCATGCATTTCGCCCAGCGTGACGTGATCGCGAACGTCAAAATCGAACTCGCGCGGTGTTCCCCAGCGGCTGACTTCAACGTTGTCGTTTTCGTCGCGACCGGCCGGAACGTCGTCGTGCGGGATATTAGGGATAGCCAGCGCGATATCGCGGATCTCCGCCAGCAGCGCGTCCAGCTCGGTCTTAGCGGCATCAAGCTGCTCGCCGAGTTTGTTCACTTCCAGGCGTAATGGCTCAATATCTTCCCCGCGCGCTTTCGCCTGGCCAATGGATTTCGATCGGGAGTTGCGCTCCGCCTGCAGGTTTTCAGTTTGAACCTGCAGAACTTTACGACGCTCTTCCAGAGCGCGAAGTTTATCTACATCCAGCTTAAAGCCCCGGCGTGCCAGTTTTTCTGCGACTGCGTCTGGCTCGGTACGCAGCAGATTGGGATCGAGCATGCTTATCCTGTGCTTATCGAATTAATAAAAGAAAAATGGCCGCAGAGCGCGACCACGGAAATAGTGTGACAACCTTACCGCAACGCCTCAATTATCGGTAGCGTTTTATCGGGCTATTTTGATCCTGTTCGGTTAACCAGGCGAGCTTTTCGCCTATTTTGCCCTCCAGCCCCCGGTTTGTCGGCTTATAATAGCGCGTTTGCGCCATTTCCTGCGGGAAGTACTGCTCCCCGGCGGCATAAGCATTCGGTTCATCGTGAGCATAGCGATACTCTTGCCCGTAGCCCATCTCTTTCATCAGCTTCGTTGGGGCATTGCGCAAATGAACCGGGACGTCGTAATCGGGACGTTCACGGGCGTCGGCCATCGCCGCTTTAAACGCGGTGTAAACCGCGTTGCTTTTGGGTGCACAGGCAAGATAGACAATGGCCTGAGCAATTGCCCGTTCGCCTTCCGCCGGTCCGACACGGGTAAAGCAGTCCCATGCGGAGATCGCAACCTGCATCGCGCGCGGATCGGCGTTGCCGACATCTTCCGAGGCAATCGCCAGGCAGCGGCGGGCAACGTAGAGCGGATCGCCGCCGGCGGTAATAATCCGCGCGTACCAGTAGAGGGCGGCGTCCGGGGCACTGCCGCGAACCGATTTGTGCAGTGCGGAGATTAAATCGTAAAAGCGATCGCCTTTGTTGTCGAAACGCGCGCTGCGCTCACCGGCAATTTCAGTCAGCAGCTCAACTTTCAGCACGCGATTGCCGGAGGCGTCGGCTTCGGCCATATCGGCCATCATTTCCAGCGTATTCAGCGCCCGGCGCGCATCGCCGTTGACAAGGTCGGCGATGGCCTTGCGCGTCTCGTCCGGCAGGACGATATTTTGCCCGCCGTAGCCGCGCGTTTTGTCGCTCATCGCCTGGTTGAGCACCTGCTCGATGTCGTCGCTGGTCAGCGACTTCAGCAGATAAACGCGCGCGCGGGATAACAGCGCGGAATTGAGTTCAAAGGAGGGATTTTCCGTCGTCGCGCCGATAAAGGTGATGGTCCCGTCTTCAATATGCGGCAGAAAGGCGTCCTGCTGGCTTTTATTGAAACGGTGCACTTCGTCGACAAACAGGATCGTGCGGCGACCCGCGTTGCGGTTTTGGCGCGCGCGTTCAATGGCCTCGCGGATCTCTTTCACCCCGGAGGTCACCGCTGAGATGCGTTCAACGTCGGCACTGGCGTAGCGCGCTATCACTTCGGCCAGGGTTGTTTTTCCTGTCCCGGGCGGCCCCCAGAGGATCATCGAGTGTAGATGCCCGGCCTCAATCGCCCTCGGTAAGGGTTTACCCGGCGCCAGCAGGTGCTGCTGGCCAATGTACTGCGCTAAATTTTCTGGCCGCATACGGGCGGCCAGAGGTTGAAACGCGTTGTCGGAAAAATCGAGCGACAGGTTGCTCACGTTCGCCTCTATTTACGTTGATCGTCCACCGTAACCCCTTGCGGCGGCGTAAAGGTGAACTTAGATGCATCCACGGCACCATTTTGTTGCGATTTCAGCTGATAGCTGCTGCGTTGATCGTCCTGTTCCACGGCGCTGAACTGATGAATCGTACCGTCGCGACCCACGTTGATGGTGAACTGCTTCAGATTACCGCTGCCGTTTTTCGGCGTCAGAACAAAATCGTCACCGTTCTGCTTAATGTTGTAGTTCTGCCAGTCGCTGGCCTGATTGCGGGCAATCAGCATAAACGGCGTGTTGCTGGTCGCATCTTTCAGCCAGGTAGCGGTAGCCTGCTCAACAAACGGGTTGTAAAACCACAGCGTTTTGCCGTCGGAAACCAGCACGCTTTCATCCGGCTGGGTCATATGCCAGTTGAACAGATTAGGCCGCTTGACCCACAGGTCCCCCTGCCCGTCCTGCACGGCATTACCGCTGCCGTCTGTGACCTTCTGCGTAAAGCTGGAGTGAAAGCTGCTCACTTTATCAAGGCGGCTTTTTAAATCGCTGGCGGCATCCGCCCATACCTGACTGACGGCAAAACTGGACAGTAATGCACAGGTGATTGCGAGTTTTTTCATTGTTATTCCTTAATGTGCGTCACTCCCGACGCGGGAGCCTGGTCTGCTGCTAATGTAGAACGGCCAATGACCGTAAAACAGCAGAACAGGCTGATTTTCACTTATTTACCCAACTTTGCGGTTACTCAAAAGGCGGCGGAGCCAGCACTTCACGGTTACCGTTATGCCCCTGCTCGCTCACGATCCCCTGAGCTTCCATTTGCTCAATGATACGCGCGGCGCGGTTATAGCCAATGCGGAACTGACGCTGTACCCCGGATATGGAGGCTTTGCGTTTTTCCGTCACAAAGTTGACGGCCTGATCGAACAGCGGATCGAGCTCTTCACCACCCTCGTAGCCACCGCCGCCGCCTTCGCTTTCGCTATCGGAGGTGATGCCATCGACATACTGCGGACGCCCGCGCGCCTTCCAGTCCTGAACGACGGCGTGAACTTCCTCATCGCGTACAAAAGCGCCGTGGACGCGCACAGGGATCGTCGAGTTCGGCGCTGAGTAGAGCATATCGCCCATTCCCAGCAGAGATTCCGCACCGCCCTGGTCAAGGATAGTGCGCGAGTCAATTTTACTCGATACGGTAAAGGCGATACGCGTCGGGATGTTGGCTTTAATCAGGCCGGTGATAACGTCAACCGACGGTCGCTGGGTCGCCAGCACCAGGTGGATCCCCGCGGCGCGCGCTTTCTGCGCCAGGCGCGCAATCAGCTCTTCCACTTTCTTGCCGACGGTCATCATCAGGTCGGCAAACTCGTCGACCAGCACAACGATATAAGGCTCTTTTTTCAGTACCGGGTGCGTCGCATCCATGCTGTCGCCAGGCTTCCAGTAAGGATCCGGAATGGGCCGTCCCATACGTGCGGCTTCAGCAATCTTCTCGTTATAACCCGCGAGATTACGTACGCCCAGAGCAGACATCAGTTTATACCGGCGCTCCATCTCGTTAACGCTCCAGCGCAAAGCATTGGCCGCGTCTTTCATATCCGTCACGACTTCCGTTAACAGATGCGGTATTCCCTCATAGACCGACAGCTCGAGCATTTTCGGGTCAATCATGATGAATTTCACGTCTTCCGGCTGCGCTTTATAGAGCATGCTGAGGATCATGGCGTTGACCCCAACGGATTTACCGGAACCGGTGGTACCCGCCACCAGCAGGTGCGGCATCTTCGCCAGATCGGCGGTGACAGGTTCGCCCGCAATGTCTTTTCCGAGGACCACCGTGAGCGGTGAAGGATTATCGCGGAATTTCGCATTATCCAGCACTTCGCGCAGGTAAACGGTCTGGCGCTTTTTGTTAGGCAGCTCCAGGCCTACGTAGGGTTTACCCGGGATCACTTCCACCACGCGAACCGCCGCAGTGGACAGAGAACGGGCCAGATCGCGCGACAGGTTGGAAATGCGCGCCGCTTTCACGCCCGGCGCCAGATTAAGCTCAAAGCGGGTAATGACC
NZ_CP180159.1_gap98	3836349	3839744	3395	ACCTGAGCAAAGGCCGCATTGTCTTCCGTAGTCGCTGATCGTTTTCGCGCTTAGCGCGCCAGATGCTGAAGGCCGGGATAATTCCCGGTCTTTTCATTTCTGCGTCATTTACAACTTAAAGCGCGCAGATAAAAAAACCGGCCCTGAGGCCGGTTTTGTCACTGAGTACCGAAACTTAATGCGCCGCTTCCGGTTTGTGCTTCTGCGCACTCTGGAAGTCGTAGGTCAGCGCATTTTTCTCTTTATCCAGTTCAACGGTCACCTGTCCGCCGTCAACCAGTGAGCCAAACAGCAGCTCGTTGGCCAGCGGTTTTTTCAGGTTGTCCTGAATCACCCGCGCCATTGGACGCGCGCCCATGGCCCGGTCGTAGCCTTTCTCGGCCAGCCAATCGCGGGCTTCCTGGCTGACTTCCAAAGAAACGCCTTTCTGATCCAACTGAACCTGCAGCTCGACGATAAATTTATCCACCACCTGATGGATAACCGTCGTAGACAGATGATCGAACCAGATAATGTTGTCGAGACGGTTACGGAATTCCGGCGTAAAGATCTTTTTGATCTCATCCATCGCATCCGGACTGTTGTCCTGATGAATAAGGCCAATGGATTTACGCTCGGTTTCACGCACCCCGGCGTTGGTGGTCATCACCAGCACCACGTTGCGGAAATCCGCTTTGCGGCCGTTGTTGTCGGTCAGCGTCCCGTTATCCATCACCTGCAGCAGCAGGTTAAAGACGTCCGGATGCGCTTTTTCAATTTCATCCAGCAGCAGCACCGCGTGCGGATGCTTAATAACCGCATCGGTCAGCAGCCCGCCCTGATCGAAACCGACGTAGCCCGGAGGCGCACCGATTAAGCGGCTGACGGTATGACGTTCCATATATTCGGACATATCAAAACGCAGCAGCTCAATGCCCAGCGACTTCGCCAGCTGTACGGTAACCTCGGTTTTACCGACCCCGGTAGGCCCGGCGAACAGGAAAGAGCCGACGGGTTTGTGCTCATGGCCAAGCCCGGCGCGCGCCATCTTGATCGCTTCGGTTAAGGCCTCAATCGCCTTATCCTGGCCAAAGACCAGCATTTTCAGGCGATCGCCGAGGTTTTTCAGCGTATCGCGATCGCTGCGGGAAACGCTCTTCTCAGGTATACGCGCAATCCGCGCCACCACGGACTCAATATCCGCCACGTTAACCGTTTTCTTACGTTTGCTCACCGGCATCAAGCGCGCGCGCGCCCCGGCTTCATCAATCACGTCAATCGCCTTATCCGGCAGATGACGATCGTTAATGTACTTCACCGCCAGCTCTACCGCCGCACGTACCGCTTTCGCGGTGTAACGGACGTCGTGGTGCGCTTCATACTTCGGCTTCAGGCCGTTAATAATCTGCACCGTCTCTTCCACGGAAGGTTCGGTGATATCAATTTTCTGGAAACGCCGCGCCAGAGCACGATCTTTTTCAAAGATGTTGCTGAACTCCTGATAGGTCGTCGAGCCAATGACCCGAATCTTTCCGCTGGAAAGGAGCGGTTTAATCAGGTTAGCGGCATCGACCTGCCCGCCGGAAGCCGCCCCCGCACCGATAATGGTGTGGATCTCATCGATGAACAGAATGCTGTTGGTGTCCTGCTCCAGCTGCTTAAGCAGCGCCTTAAAGCGTTTTTCAAAGTCGCCGCGGTATTTGGTACCTGCCAGCAGCGAGCCAATATCCAGTGAATAGATAGTGCAATCGGCCATCACTTCCGGCACGTCGCCCTGAACGATACGCCAGGCAAGACCTTCAGCAATAGCGGTTTTACCAACGCCGGATTCCCCCACCAGCAGCGGGTTGTTCTTGCGGCGGCGGCACAGAACCTGAATAGCACGTTCCAGCTCTTTCTCGCGGCCGATCAGCGGATCGATACCGCCTACGCGGGCAAGCTGGTTGAGGTTGGTGGTGAAGTTTTCCATACGATCCTCCCCGCCTGCTTGCTCTTCGCTGCTGCCAGGCTGACTTCCGCTGTTATCGGAAGACTGGCTCGGCTCGTCTTTACGCGTACCGTGAGAGATAAAATTCACCACATCAAGTCGGCTGACTTCATGTTTACGCAGCAGGTATGCCGCCTGAGATTCCTGTTCGCTAAAAATCGCGACCAGAACGTTGGCGCCGGTCACTTCGCTGCGGCCGGAAGACTGGACGTGGAAAACAGCACGTTGCAGCACGCGCTGGAAGCTCAGCGTCGGCTGAGTGTCGCGCTCTTCTTCCGTTGCAGGCAGTACGGGTGTGGTCTGTTCGATGAAGGCTTCAAGCTCCTGACGCAGCGCGACCAGGTCCACTGAACACGCTTCAAGCGCTTCGCGGGCCGAAGGGTTGCTAAGCAGCGCCAGCAACAAGTGCTCGACGGTCATGAACTCATGACGGTGCTCGCGCGCTCTGGCGAAAGCCATGTTTAAACTGAGTTCCAGTTCTTGATTGAGCATAGGCACCTCCCCCAAGTTTATTGCCTGCATTCAGGCTTTTTCTAGCGTACACAACAACGGATGTTCGTTCTCCCTCGCATACTGGGTCACCATCGATACTTTGGTTTCTGCGACTTCTGCGGTAAACACCCCGCAAATCGCTTTACCTTGATAGTGAACCGTCAGCATCAGTTGCGTTGCACGTTCAACATCATAAGAAAAGAATTTTTGTAACACGTCAATAACAAACTCCATTGGAGTGTAGTCATCATTGACTAATATCACTTTATACATAGATGGCGGTTTAAGCGCATCTTTAACTTCGTCCTCAATTAGCTGATCGAAGTCCAACCAGTCTCTCTTACTCATCGTCAGTGTTCATCATCGGTTGCTGTTGCCAACAGGCGGTGGCCTGTCGATGACCAGAGGCTATGCACATCACAAATCTACAATAGATCATAGATAATTATCATCTATTACTTCCATCCGCGACGTCTGTCACATTCCCCGGCAATAGCGTTAACTGCTTCAAATTTTGACGCATTTTTCACCGTCCCCTGGCGTCAATCGCTTGACGCATTTCCTGATTTCTCTAAATTGTAGTGGCGAGAGTTGGCGAGCAAATGAACAACTCGTCACTCCACTACCGGTTCATTCCATCTTACTTATAAGATTTACGAAGGATGTCGAAGTATGGAAATGGGTACTGTTAAGTGGTTCAACAATGCCAAAGGGTTCGGTTTTATCTGCCCTGAGGGCGGCGGCGAAGACATTTTCGCCCATTACTCGACCATCCAGATGGATGGTTACAGAACGCTAAAAGCCGGACAAGCGGTTCGGTTTGATGTTCACCAGGGGCCAAAAGGTAACCACGCCAGCGTGATTGTCCCTGTTGAAGCTGAAGAAACAGAAACAGCCGCATAACTCTTTTGCTTCATTGTGTACATCCCGCCAGCAA
NZ_CP180159.1_gap99	3960851	3962245	1394	CACGTAGACAACCCCGTAGCGCTTGCGTATATCGCCCTGCGAACTGAGAATATCGATTAACCCCCAGCCCAGATAGCCAATCACCCGCGCGCCGTCCTCAAACATCGCCTCTTTCATGGCATTGATATGGTCGCGATGATAGGCAATGCGGTAATCGTCAGCGACCGGATTTTCGCCGTCCCAGGACTCAATCACCCCGATGCCGTTTTCAATCGGGAATACCGGCAGACGCCAGTCGTTGTAGTAGCGGGTAATGATGGTGCGAAAGCCCAGCGGGTCAATCTGCCAACCCCACTCGGTGGCCTGCAGAAAGTCATTCTTTTTATCGCCAAACTGCATGTAGTTGTTCACCGGCGTGCCCGGCGGGATCCGGTCGCTATCCAGCGCCTTGCTGGCGTAGTAGCTAAAGGCCAGATAGTCGATTTTAACCTGCGCCATCAGCGCCAGATCCTCCGCGCGGTAGATATCCGCGAAGCCTTCGCGGGCGACAACATGCATGACCTCCGGGCTGTAGCCCTCTCCGGCGAAGGCGCGCAGCAGGTTCTGATTTAAAAACTCATCGAGCTGCTGGGCGCAAAGGATATCGCGCGGTTTGCAGGTCGCCGGATAGACCAGCGCGTGGGCCAGCATGCCGCCCATCAGGCACTGCGGCTTCGCCTGATGCAGATACTGCGTCAGGTGCACGTGGGCCATCATCACGTGGTGCTGGATCTGATACAGCTCGCGCAGGGTCTTCTCGCCGCGCATATAGCCTGAAATCAGAAACGCGTCCGGCATGTGGTAGAGATTCTGTTCATTAAAGGTCAGCCACCACTTCACCTTGTCGCCAAAGCAGTCGATCATCTTCTGCCCGTAACGAATAAAGGCTTCCATCACCCGACGTTCGGTAAAACCGTTGTAACGTTCAGCCAGCGAAAGCGGCATATCGAAGTGATAGAGACAGATCATCGGCTCAATGCCGCGGGCAAGCAGTTCATCGATAAACTGGTGATAAAAGGCGATACCTTCTTCATTGAACTCACCGTCGCCTTCCGGGCAAACGCGGCTCCAGGCAATCTGGAAGCGATAGCAGTTCATGCCCAAATCCTGCATCAGGTCGAAGTCTTCCCGGTAGCGGTGGTACGAGTCGGTTGCCACCTTCCAGTCGGACGCAAATTCCGCCGGCTGGCGGATATCGTAAACCGACATCCCTTTCCCGCCCTCATTCCACGCCCCTTCGGTTTGCATACTGGAAACCGAGTTACCCCATAAAAAATCTGCCGGTAGTGTTCTGTTCATCGCTCGCACCTATGACTAGTCATATTAATTTCATGACTAGTCATATAAACGAAATTCTCCCGTCAGGCAAAGTCCAGGATCGCGTTTTGTGAGCGTAACGGATAAAAAAACCGGAT
NZ_CP180159.1_gap100	4045547	4047258	1711	CAGCTGCTGTTTGTCTCTCATCACGCCGAAGACGCCCCGGACTGTATCACCCACCGACTGGCCTTTGTGAGTAGTGGAGACGGTTACACTTACCAGCTGGATCCGCTGTAAAATTAAGCCTGTACAGGGGTCTGCTGATCCCTGTTTTTTTCAGAATAATAGCTAACAGACATAACATCACCCTGTTTTTAAAACAAAAAAACTCAAATGGGCTGTTTGAAAATTTTAGTGTAAACGATTCCACCAATTTGGCCTGTGTCACACTTTTGGCTTCTTTGGTATGCTATCTTCTTCTCACACGATAAGCCTATTGGAGCGAATCATGAAAGTACTGGTTACAGGTGGTAGCGGTTACATTGGAAGTCACACCTGCGTTCAACTGCTGCTGCAGGGACACGAAGTGATTATTCTCGACAATCTCTGCAACAGTAAGCGCAGCGTATTGCCAATCATTGAACGTCTCGGCGGGAAAAGCGCCACCTTTGTCGAAGGCGACATTCGTAACGAAGCGCTGATGACGGAAATTCTCCACGATCACGCCATTGAAGCGGTGATCCATTTCGCCGGCCTGAAAGCCGTCGGAGAATCCGTCGCTAAGCCGCTGGAGTACTACGACAACAACGTAACCGGCACACTGAAACTCGTTTCCGCCATGCGCGCCGCGGGCGTGAAAAACTTTATTTTCAGCTCCTCCGCGACCGTCTACGGCGACCAGCCCAAAATCCCTTACGTCGAAAGCTTCCCGACCGGTACGCCTCAGAGCCCTTACGGTAAAAGCAAGCTGATGGTTGAGCAGATCCTGACCGACCTGCAAAAAGCACAGCCGGACTGGAGCATCGCGCTGCTGCGCTACTTCAACCCGGTCGGCGCGCATCCGTCGGGCGATATGGGGGAAGATCCGCAGGGCATCCCGAACAACCTGATGCCGTATATCGCGCAGGTCGCGGTTGGACGCCGTGAATCGCTGGCGGTATTTGGCAACGACTACCCAACCGAAGATGGCACCGGCGTACGTGACTACATTCACGTGATGGACCTGGCAGACGGCCACGTCGCGGCGATGGAAAAACTGGCCGATAAAGCCGGCGTGCATATCTATAACCTTGGCGCAGGCGTCGGCAGCAGCGTGCTCGACGTGGTCAACGCATTTAGCAAAGCCTGCGGCAAACCGATTAACTACCACTTCGCACCGCGCCGCGAAGGCGACCTCCCGGCCTACTGGGCGGACGCTGAAAAGGCCGATCGCGAGCTGAACTGGCGCGTGACGCGCAACCTTGACGAAATGGCGCAGGACACCTGGCACTGGCAGTCCCGTCATCCGCAGGGTTATCCCGACTAAGGAACCTTCATGAGCGTATTTAACCCCGTCGACCATCCACATCGTCGTTATAACCCGTTAACCGGGCAGTGGATTCTGGTTTCTCCGCATCGCGCCAAGCGCCCCTGGCAGGGGGCGCAGGAAACGCCGGCAAAACAGACCTTGCCTGCGCACGACCCGGACTGTTTCCTGTGCCCGGGTAATACCCGCGTCACCGGCGACAAAAACCCGAACTACACCGGTACGTTTGTTTTTACCAATGACTTTGCGGCTTTGATGACCGATACCCCTGACGCCCCGGAAAGCGATGACCCGCTTATGCGCTGTCAGAGCGCCCGCGGTACCAGCCGGGTCATCTGCTTCTCGCCAGACCACAGCAAAACGCTGCCGGAA
NZ_CP180159.1_gap101	4048620	4052292	3672	GCCGCGAACAGTGTGAAACCGGCGCGCGTTTCTTCCAGCAGCCGGCCCTGCGCGACGTCACGTTGCAAGAGTTCAACGCCGTCGCCCACGAGCTTGACCCGGTGGTCGCCAAACGCGTTCGCCACGTGCTGACTGAAAACGCCCGCACCGTAGAAGCCGCCGCGGCGCTGGAAAAAGGCGACCTGCTGCGGATGGGCGAGCTGATGGCGGAATCCCACGCCTCTATGCGCGATGATTTTGAAATCACCGTCCCGCAGATTGATACCCTGGTGGACATCGTCAAGGCAACCATCGGCGATAAAGGCGGCGTACGCATGACCGGCGGCGGTTTTGGCGGCTGTATCGTCGCGCTGGTGCCGGAAGATCTGGTCGAGACCGTACAGCAGGCCGTTGCCAAAGAGTATGAAGCGAAAACCGGTATCAAAGAGACCTTTTACGTCTGCAAACCGTCGCAGGGAGCTGGACAATGCTAAACCCAACAACGGAGCTGGCGCCGGACGGCCAGCCGTGGAATCTCCTCACCCTGCGTAACGACGCAGGCATGACGGTCACCGTAATGGACTGGGGCGCGACGCTGCTCTCCGCGCGCGTGACGCTGGCCGACGGCAGCGTACGCGAAGCGCTGCTTGGCTGCGCGACCCCTGCCGACTATACGCGCCAGGCCGCCTATCTCGGCGCTTCCGTAGGCCGTTACGCGAACCGTATCGCCAACAGCCGCTTTTCCCTTGATGGCCGTAGCGTTAATCTGACGCCCTCCAACGAGGCCGGCCATCAGCTGCACGGCGGTCCTGAAGGTTTTGATAAGCGCCGCTGGCAGATTGTCAGCGCCGACGATCGTCATGCGCTGTTTTCACTCTCCTCCCACGATGGCGATCAGGGGTTCCCCGGCAATCTGACGGCTACGGCGCACTACCGCCTGACCGACGATAATCGTATCGCCATCGAGTATCGCGCCACCGTTGATCAGCCCTGCCCGGTAAACCTGACCAACCACGTCTATTTCAACCTTGATGGCGTGCAGAGCGACGTGCGTAGCCATAAGCTGCAAATCTTTGCCGATGCGTATCTGCCCGTTGAGAGCGACGGTATTCCGGGAGGCGATTTGCAAAACGTCACCCTGACCAGCTTCGATTTCCGCACGCCGAAGATGCTGGCGGACGATTTCCTGCGCGATGAAGACCAGCAAAAGGTCAAAGGTTACGACCACGCCTTTCTGCTCCAGGCGCTGGGCGATGCCAAAAGCCCGGCGGCTCACGTCTGGTCGCAGGACGAAAAGCTGCAGATGACGGTTTATACCTCCGCTCCGGCGCTGCAGTTCTACTCCGGCAACTATTTGGCCGGCACGCCGTCGCGCACCGGGCAGCCTTACGCTGACTGGCAAGGTCTGGCTCTGGAGAGCGAGTTCCTGCCGGATTCACCGAACCATCCGGAATGGCCGCAGCCGGATTGCGTACTGCGCCCCGGCGAAGAGTACGTCAGCCTGACGGAATATCAGTTTATTGCGCAATAATCCCCCGCCCTCCTGATGGAGGGCTTTTTTTATCCTTTCGCTGAAAAATACGCCACTTACAGACAAAAACATAACCTCTGTTTTACAAGCACCTTACACTGAGCGACTATTTTCGCTATGGTTAGGGATAAGCATTGCCGTGAGGTAAGTCGCGGCAATATAATGAGAATAGTTATCAATCAATAAATATACACACTACAGATTTCGGATCGCATCAAGGCGGCGAGAAAAATGACGTGTATTGAGGAGTAAGTGTATGGCTGTAACTAAGCTGGTACTCGTTCGTCACGGCGAAAGCCAATGGAACAACGAAAACCGTTTCACCGGTTGGTATGACGTTGACCTGTCTGAAAAAGGCGTGGGTGAAGCAAAAGCGGCCGGTAAGCTGCTGAAAGAAGAAGGCTTCAGCTTCGACTTTGCTTATACCTCTGTGCTGAAACGTGCCATCCACACCCTGTGGAACGTGCTGGACGAACTGGATCAGGCCTGGCTGCCGGTAGAAAAGTCCTGGAAACTGAACGAGCGTCACTACGGTGCGCTGCAGGGCCTCAACAAAGCGGAAACCGCTGAAAAATACGGTGACGAGCAGGTTAAGCAGTGGCGTCGCGGCTTTGCGGTAACGCCGCCGGAGCTGACCAAAGACGACGAGCGCTACCCGGGTCACGATCCGCGCTATGCAAAACTGACCGACGCTGAGCTGCCTACCACCGAGAGCCTGGCGCTGACCATCGACCGCGTCGTACCGTACTGGAATGAAACCATTCTGCCGCGTCTCAAAAGCGGTGAGCGCGTGATTATCGCCGCTCACGGTAACTCCCTGCGCGCGCTGGTGAAATACCTCGACAACATGGGCGAAGCAGAGATCCTCGAACTGAACATCCCGACCGGCGTACCGCTGGTGTATGAGTTCGACGAGAACTTCAAGCCTATTAAACATTACTATCTGGGTAACGCCGACGAGATTGCCGCGAAAGCCGCTGCCGTAGCGAACCAGGGTAAAGCGAAGTAATTTTCGCGGGATGTAAAAAAAGCGTGGAGCCCTCCACGCTTTTTTATTTTGAGACTCGCCGTAAAACCTAACCGCGGCGCGCTTTTACCGCATCCGCCAGCTGGCGAAGCAGCGTATCGGTATCTTCCCACCCGATACAGGCATCAGTAATGCTTTTACCGTAGGCCAGCGGCTCACCGCTGTCGAGGTTCTGATTGCCTTCCACCAGATGGCTTTCGATCATCACGCCCATAATCGCCCGCTCGCCGCCGGCAACCTGCTGGCATACGTCTGTGCCGACATCCATCTGCTTTTTAAACTGTTTGCTGGAGTTGGCATGGCTGAAATCGATCATGATCTGAGCGGGCAGGCCTGCTTTCGCCAGACCCACCTTCACTTCTGCCACGTGCTGCGCGCTGTAGTTCGGCTCTTTACCGCCGCGCAGGATAATATGGCAATCGCTATTGCCGCTGGTGTTAACAATCGCCGAATGTCCCCATTTGGTCACCGACAGGAAACAGTGCGGCGCGCCGGCGGCATTGATGGCGTCGATAGCGACTTTAATGGTGCCATCTGTGCCGTTTTTAAAGCCTACCGGGCAGGAGAGGCCGGAAGAGAGTTCGCGGTGCACCTGTGACTCGGTGGTACGCGCGCCAATCGCGCCCCAGCTCATCAGGTCGGCAAGATACTGCGGGGTGATCATATCGAGGAACTCCCCGGCCGCTGGCAGTCCGCTGTCGTTAATATCCAGCAGCAGCTTGCGCGCGATCCGCAGACCATCGTTGATGCGGAAGCTGTTATCCATGTGCGGATCGTTAATCAGCCCTTTCCAGCCCACGGTGGTGCGCGGTTTTTCAAAATATACGCGCATCACGATTTCCAGCTCGCCTTTAAGCTCTTCGCGAAGCGTGAGCAGACGCTCGGCATACTCTTTTGCCGCCGCCGGATCGTGAATGGAACATGGACCGATCACGACCAGCAGCCGATCGTCGTTACCTTTCAGGATCTGGTGGATCGCTTTGCGCGCATGCGCAACGGTGTTGGCGGCGTTTTCGGTAGCGGGGAATTTTTCCAGGAGCGCAACGGGAGGTAATAATTCGTTGATCTCTTTAATGCGTAAATCGTCGTTCTGATAATTCATCTTATTTCCAGCGTTGCCATACTTATCTAGTTA
NZ_CP180159.1_gap102	4121943	4124702	2759	AGAATCGCATTGGAAATCGCCGGCGTCGGGGTGAAGCCGTTGTTTTCCTGAACGATGACGTCAACGCCGTTCGCCGCCAGCACTTCCAGTACGGAAATGAAAGCCGGTTCGGAGAGTGCGTGAGTGTCCTTACCGACATAGCATGGGCCGGCGATCCCGTTCTTCGCGCGATCTTCAGCAATTGCCTGAGCAATCGCCAGAATATGCTGCTCGTTGAAGTTGTGGCGCGCCGCGCTGCCGCGGTGACCGGAGGTGCCAAACTTCACTGCATGTTCCGCGTTGCCAACTTCCGGCTTCAGCACATAGTACTGGGCAGTCAGCTGGGCGACGTTAATCAAATCACTCTGTTGCGCAGGTTGACCCGCGCGCTTATCGATTGCCATTGCCTGATCCTTCTGGTGCAAAGTTAACTAACTAGATCGTACCGCAAACCTTTTCGATCAATTCCGCAGGGAACTGCATTGACTGCATGATATGTTCGATCATGCTGCATTTGCGACCGGTATTGGTATTTGTAATGACCCACCACGGCGTCCCCGGTACCTGCTTAGGTTTCGTCTGATTACCGTTTTTCTGCAGCGTGCGTTCATCCTCAGCGAAATAAACGCGAGTGCGCCCGTGCAGGGACTCGGTCGCCTCGGCAAACGCTTTGCTGTCTAAGGCGTAGAGGGTGGTCAGAACCAGCATGAAACGGTTTACCGCGCGCTTTTGTTCGGCGTACTCATCAGATAACAGCAGCTCACGCATCGCGCGAACTTTATCTTTCAGAGGATTGGCGGGTTTCACTTCAACGACAGGCGTTGGCGCAGGGGCCGGAGCGGCTTTCGCTACCGGTGCGACAGGCTGGGAAACGGCGGAAAACTTCAACATGCGCCGTAAAATGTCGGATGCGCTCTCGCCAATATGCTTGGTGTGGCTGGCAATATAGCTATAGAGTTCATCATCAACTTCAATTGTTTTCATCTTAATCCAGTGCGATATCTTTTTCTGAATACAAGTTGTCGGGATTATAGGGACAAATCCCAACCGCGGATAGCGTCAAACCAGGATGGCGGTAAAACTCGGATATCTTCCGGGTCTTGCAGCCGGATGGCAGAATGTCCAACATAATACCCTAACCCGACGGAGCGAAAAAAAGAACTTTGCCATGAAATTAAATAGCCGAGCGCAATCTGCACAGAATCCGCACAATAATCCCCCTATCGTCCTGGTCCACGGCCTTTTTGGCAGCCTGGATAATCTTGGGATCCTCGCCCGCGATCTGGTTCACGATCGCGATATTTTACAGGTCGACATGCGAAACCACGGTCTTTCGCCGCGCTCGCCGGAAATGACCTATTCCGCGATGGCCCAGGATCTGCTTGATACTCTCAATGAATCACAGATTGAGAAAGCTACCTTTATTGGTCACTCCATGGGCGGTAAAGCGGTGATGGCGCTGAGCGCGCTGGCGCCGGAGCGCATCGCGGGCCTGGTCGCCATTGATATCGCCCCGGTGGATTATCACGTTCGCCGTCATGATGAAATCTTCGCCGCCATCAACGCCGTCACCGACGCGGGGGCCGCAACGCGTCAACAGGCGGCGGCAGTCATGCGTCAGCACCTTAACGAAGAGGGCGTAATTCAGTTTCTGCTGAAGTCCTTCGTAGACGGCCAGTGGCGGTTTAACGTACCGGTGCTGTGGGAGCAGTACGATAATATCGTCGGCTGGCAAACCGTTCCGCCCTGGCCGCATCCGGCGCTGTTTATCCCGGGCGGCAACTCCCCCTACGTCACCGATGCCTACCGCGAAACTTTATTAGATCAGTTTCCCCAGGCGCGCGCGCACGTTATCGCCGGCGCCGGGCACTGGGTGCATGCAGAAAAACCGGAGGCCGTTATCCGCGCGATCCGTCGTTATTTGACCTCTACCGCCGCGTAACTGCCTAAAATATACTCGACCGCGCGGCTTAATGCCCGCGGCCGTTGGCGCAGCCCGTCGCCTGATGTATTATGGCGCGCTGTCTGCGTCGGCTATGCCCGATAGCTTGTTTCCCCCGAAGTCACTCTGAATCATGGCAAAAGAACAAACGGACCGTACGACATTAGATTTGTTCGCAACTGAGCGTCGGCCGGGTAGACCGAAAACGAATCCGCTTTCGCGCGATGAACAGCTGCGCATCAACAAACGCAATCAGCTTAAACGCGATAAGAGTCGCGGTCTGAAGCGCGTGGAGCTAAAGCTCAATGCCGATGCTGTCGATGCGCTTAATGAGCTGGCCGAAGCCCGTAACATGAACCGCAGCGATCTCATCGAAGAGATGCTGATGAACCAGCTGGCAGCCCTGCGCGGCCAGGATAAAGCCTAAAACCCTCAAAAAATAAGCTTTCGTGTAGCAGAGTGTGCAGTTGGGCGTGATTGCTGTTTCCGCGCCCTTCTCAGTTCTGCTATCATTGCCCCTATCTGCGGGCATTACGCCACTACCACATCATTAAGTTTCAAGAGGTTATTTTACTCATGGCAATCATCGGCATCTTTTTTGGCAGCGACACCGGCAACACCGAAAATATTGCAAAAATGATCCAAAAGCAGCTTGGTAAAGACGTTGCTGATGTTCACGACATTGCCAAAAGCAGCAAAGAGGATCTGGAAGCTCACGATATCCTGCTGCTCGGCATTCCCACCTGGTACTACGGCGAAGCCCAGTGCGACTGGGACGATTTCTTCCCGACGCTGGAAGAGATCGATTTTAATGGCAAACTGGTGGCTCTGTTTGGCT
NZ_CP180159.1_gap103	4143734	4144234	500	AGAGTAAGATTTTGGCTACGTAGCTCAGCTGGTTAGAGCACATCACTCATAATGATGGGGTCACAGGTTCGAATCCCGTCGTAGCCACCATACAAAGGAATTATTGATTCAGTTCGATAAATCCAAAAGAATTGTTGGGGTATCGCCAAGCGGTAAGGCTCTGGTTTCTGATACCAGCATTCCGAGGTTCGAATCCTCGTACCCCAGCCAATTTTAAAAGTCGCCCACGCTGTGCGCGCACCCGTTGGAGTATATCCAGGCGCTAAGCCACCGGTTTGACCCCGGTACGAAATGGTCAACGTAAAATTGGGGTATCGCCAAGCGGTAAGGCACCGGATTCTGATTCCGGCATTCCGAGGTTCGAATCCTCGTACCCCAGCCAACAAAAAGCAAAAAGCTCGCTTCGGCGGGCTTTTTGCTTTATGGATTTTAGCTACGCCTGTTAGCATACCTACCCGGCCGCGCCTTCGCCAGCCGGGTCGTCCAGCGTTACAATCCCA
NZ_CP180159.1_gap104	4146495	4147099	604	CGTCCGGATATTCAGATCAGCTCCGACTTCATCGTCGGCTTCCCTGGCGAAACCACCCAGGATTTCGAGCAGACCATGAAGCTGATTGCCGATGTGAATTTCGATATGAGCTACAGCTTCATCTTCTCCGCGCGCCCGGGAACGCCGGCGGCCGATATGGTCGATGACGTACCGGAAGAGGACAAAAAGCAGCGTCTGTATATTCTCCAGGAGCGCATCAACCAGCAGGCGATGGCCTGGAGCCGCCGTATGCTCGGCACCGTGCAGCGCATTCTGGTGGAAGGCACCTCACGTAAGAGCATCATGGAGCTGTCTGGCCGCACCGAAAATAACCGCGTGGTGAACTTCGAAGGCTCGCCTGAGATGATCGGCAAGTTTGTTGATGTCGAGATCACCGACGTCTGGACAAACTCCCTGCGCGGTAAAGTGGTGCGCACCGAGGACGAAATGGGTCTGCGCATCGCGGAAACCCCGGAGTCGGTGATTGCCCGCACCCGTAAAGAAAACGATCTTGGCGTCGGTACCTACCAGCCATAATCCGTTCAGGCCTGCCGGCTCCGGCAGGCCTTGTATTTCCTCTCCTGAGCCCAATATCTATAGCGAT
NZ_CP180159.1_gap105	4152591	4153288	697	CCGAAACAGGCTGAGCAATAATCTTCGAGGGTAGCGCTGCTACCCTTTTTTTTCCAGGAGTCATTTATGTCAATAGACTGGAACTGGGGGATATTCCTGCAACAGGCCCCGTTCGGCAACACCACCTATTTAGGCTGGCTGTGGAGTGGTTTTCAGATAACCGTCACCCTGTCGGTAACGGCCTGGATTATCGCGTTCTTTGTGGGTTCGCTCTTCGGTATTCTCCGTACGGTCCCGAACCGTCTGCTGTCGACTATCGGCACCTGCTACGTTGAACTTTTTCGTAACGTTCCGCTTATCGTTCAGTTTTTCACCTGGTATCTGGTGGTGCCTGAACTGCTGCCGGAAAACCTCGGCATGTGGTTTAAGTCCGAGCTGGATCCGAATATTCAGTTTTTCGTTTCTTCGATGCTGTGTCTGGGATTGTTTACCGCCGCGCGCGTCTGCGAGCAGGTTCGTTCCGGTATTCAATCCCTGCCGCGCGGCCAGAAAAACGCCGGGCTGGCGATGGGGCTAACGCTCCCGCAAACCTACCGTTACGTTCTGCTGCCCAACGCCTATCGCGTTATCGTGCCGCCAATGACCTCTGAAATGATGAACCTGGTGAAAAACTCGGCCATCGCTTCCACCATTGGTCTTGCCGATATGGCCGCGCAGGCGGGCAAGCTGCTGGATTACTCGGCCCATGCCTGGGAGT
NZ_CP180159.1_gap106	4155522	4160248	4726	TGCCCGGGGATATATCACTTCGCTTATTGATGTACCTTCACAATCCCTGAATGATGGCATTCTGAGCATCACGTTGAGCTATGGCTATATCGGTAATATCAGCTGGGCTTCGGGCAATAGCGCGACAACCAGCCTGTGGAATGCCATACCGGCTAAAACAGGGGATATTCTGAAGCTAACCGAACTGGAACAGGGGATGGCTAACTTGCAACGTCTACCCGGCTCATCGGCGCAGATGAAAATCATGCCGGGTAAGAACCATGCGGAAAGCGATATCCAAATCTCCCGGCATCTGGCACGAAACTGGCAAGTAGGCGCATGGCTGGATGATGCAGGAAGCCGTAGCAGCGGGCGTTACCAGGCCGGTGGCGCGCTTTATCTTTATGACCTGACGACGCTAAATGACATTTTCTATTTATCCATGGGGGGCGATGTCGAGTTTAATCAACATAACGATGGCAACCAGAATAAAAGCCTCTATTATTCTATTCCCTTTGGATTTTGGTCACTCAATCTTTACGGTTCACAAAGTGAATATCGTCAGCAGTTCAATGGCAGATACTCCACCATTGAATATAAAAGCAAAAATGATTATGCCAGCGCAACCTTAACGCGTCTAATTTCGCACACCCGCCAGCAAAAAACAACCATAGATGCGCGAATAGCAAAAAGTACCTCACATTATTATTTTGGTGGCAGCGAACTGAGCGTTATGCGCAAACAGAATCCTGCCTGGGATATTACGGCACATCATCAGCGATATTTTGCCCATACAATCGTAGATGCCAGCCTGGGCGTACAGCGTAGCCTTCCCTGGCTCAGTTCAATGCCAACTCCGGAGGAAAAAGCCGGTCTGTACAGTAAGCTTTCGCGCATTATTCATGCCGACCTTCAAGCCTTAATGAAGTTTGAATCAACGGGGGATAAATTCAGCTATGCTCCGCATATTAATATACAAATTAGCCCCGATATCTTATCCGCAGATAATAAATTTAATATAGGCAATCGTTGGACGGTACGAGGTTTTGACGGTGAAAGAACCCTTTCAGGAAATCAAGGCTGGTACTGGCGCAATGATTTCATCTGGGATATGCCCGCCCCGGAACGACAGCTGTACTTAGGCATAGACGTTGGACGCATTACAGGAACCGAGCAGTACGGAAATGGCAAAGTCATCTCTGGCGCCACTGCCGGAGTGCGCGGAAGCATCATTGCCACTCAGTATGATTTATTCATAGGAACGCCGCTGGCAAAACCAAACGGTTTTCATACCGATCCTGTCAGCATGGGATTTTCTTTACAATGGAGGTATTAAAGTCATTTTTTCAAATAACCGGTTAATTTTTTTATTTTTAAAGGACTCAGTTAAATGTTTAAATTCAAATTATCCTATGTTGCACTAGCAGCAGCTTTAAGCTCAAGCTTTGTTTATGCCGACCCGAATAGTTATACCCATCTATCAGGTGCCAAGGTTATTGATATTGAAAAACCCAATGCCGCCGGTGTCTCACATAATATGTATCGTGAGTTTAATGTTAATAGTAATGGCGTCGTTCTTAACAATAGCGCCAGCGATCTCACCCACGCGACGTTGGGCAATATTGCGAAAAATAACAATCTTACTAACGGTAGCGCTTCTGTTATTCTTAATGAAGTCACCTCAAACCGTGCAAGCTCGCTGAACGGATTTATTGAAGTAGCGGGTCAAAGAGCTGATGTTGTTATTGCTAACCCCAATGGTATTTCCTGCTCAGGTTGTAGCTTCATCAACACCAATAAGGCGGTTTTAACGACAGGGAAAGTGACACTTTCCGAAACTGGCGCTATCGCCAGCTATAACGTTACCGGTGGTAAACTGTCCATCGAAAAAAATGGAATGAATGCCAGCAATAGCTACGCTGTTCTCCTCGCCGATGCAATAGCCATTAACGGTGCGGTTAATGCGAAGAACGCGATAGTAGGCGCTGGAAACTTTACCTTTGATAACGGCTCAGGTGCAATGACCCCGGCTGGTAAATCTGCGACGGCGCTGCAGACCTTATTCCCTGAATACAGTATCGACATTAGTAATCTGGGCGGCATCAAAGCCAATAGCATTACCATGGTTGGCAATAATTTAGGTTTTGGCGTACGAAATAAAGGCGCGATTGTTGCTAACTCTGGCCTCTCCTTGACTAGCTTAGGTTCACTCACCAACGAAGGCTCTATCGCCAGTAATGGTATGATGACTCAGGTATTCTCTGCAGGCAATTTTAAAAATACGGGAAATATATCCTCGAATAATATCGCCTTACTAAACAGCCTCAGTTCGATAAGCAATAGTGGAACCATTTCCAGCACAGGAAATTTATTAGTCAACGCATCCGGAAATATCGAAAACACGGGTAAATTCAAAGCGGCCTCCACATTGAGCGTAATGACTAACGGTAACCTGAAAACGACATATGGTTCCAATTTACTATCAGATAATCAGTTGACAGTCACCGCCGCCGGTAACATTGAAAACGGAGGCTCGACCAGAGGTAAAAACACAACGGTCACCTTCGGAGGAGACACGCTTAAAGTCACTGGCAATATTTTTGGCTACGATACTCTGCTGGTTCAGGCGAAAATAAATGACCAGATAACATCCGGGGAAATTACCAACGCGGGTACCACCTCCGGCGGCAACGTGACCGTAAAAACCAATGGTACTCTGGCGTTAACCAAAGGTAGCTTTATGGAAGCGACTGATACGCTGACGACAAAAAGCTACTGGCTTAAAAATGAAGGTTATATGGGGGCCGATACGATAGCTATTGATAACTATGTCACCCACAACTATGGGGCTATTGTTGGTAAGGATAATGTTGGCATTAAAACCTATCATGAGTTTTATAATGAAGGCGAAATTTTAAGCTCATCAAATATGACGCTGGATACACAAAATCACGGTAATATTACTAACCGTTCTCACATAGGAGCTGGCGGCACTTTAACCATGTCAGTTAATAAAGTGGTTAACGGAGGATACCGCTGCGGTTTCCTGGGGTGGGCAACCTGTGGCAAAGGCACGATTACCACGACCAATCTGGTTTTAAATTCCTCACATAAATACGCCAGTGAAATGGGCGGCACTCAGCAGTTTAAGAGCGCGACCATTAACACCATCAAATAACATGAAGTTATCATTGAAAATGCGCGTCTTTTTTTAAAAGAAAGTTAATGCTGGTGCTTCGGCACCAGCATTTTTACGCATACAGATGAAAGGGTTAGCCTGCCCTTTAAAAGGAAGGCCAATATATTAACGCGCTTTATATTGGCCCTCGGGCTGGCTTAACGCCAGTGTAAAGGCTCCGCAAATATCTCTCATGTATTTACGGCTCGAATGGCCGGCGCTGGAACTGATCGTGCCCGCATTTTGGACAACGCAGTAGCACATCCGGCGTATAAACCGGCAGATGGTAATGGCACTTCTCACACACCAGATTGCCGAGCCCCACGACTTCGCCGCTGTGATAGACGCCGTGGTGGCTGAGATCCTGGAACACCTCGCGCCACTCAAGCTGAGTTTTATCGGTAATATCCGCCAGCTCCTGCCACAGGCTCTCTTTGATCACCCGCATAAAGACGCTATCAGTCAGCTCATCCTGACTCTCTTCATAACTGAGCGCGAACTCTTCCAGATCGCGTCTGACAGCGCGGATCACATTCTCGATTTCGCTCTGCGTTAACTCGCCGGACTGGCTAATCCTGACCCTGGCCTGCTCCACCAGCGCATCAATATCGCGTTCTCCATTGCGTAACCGCTCGCTGAGCGTCGACACCAGCTCTCGGTAGAATTGAGCAACCTTGTTCATCTTTTCGCCTCCGGTGTGGTTAACTTCTTCTTATGGTAGACGTTATCTGCGGATTGCTCTGCCAGCCAACCCACAGAGTCGCGAAATATTCTCCACCGCTTTCATCTCTGTAAGTGTGTGAAAGGCTGTTTTGACGTTGGCGTTTGGGCTATGCTATGCCGATCTGAAATAACACATCCATTGGCTACATTTTGTAGCTGTATTGAAAACAGGACCACTGGCTGCCATGCAAGAGCAATACCGCCCGGAAGAGATAGAATCAAAAGTCCAGCAACACTGGGACGAGAAGCGTACCTTTGAAGTTACCGAAGACGAGAGCAAAGAGAAGTATTACTGCCTGTCGATGCTTCCCTATCCTTCTGGTCGACTACACATGGGCCACGTGCGCAACTACACCATCGGCGACGTGATTTCCCGTTACCAGCGTATGTTGGGCAAAAATGTCCTGCAGCCTATCGGCTGGGATGCGTTTGGTCTGCCTGCGGAAGGTGCCGCGGTGAAAAACAATACCGCGCCGGCCCCGTGGACCTACGACAATATCGCCTACATGAAAAACCAGCTGAAAAAGCTGGGTTTCGGCTATGACTGGAGCCGTGAAGTGGCAACCTGCACCCCGGAATACTACCGCTGGGAGCAGAAGTTCTTCACCGAGCTGTATAAAAAGGGGCTGGTCTATAAAAAAACCTCCGCGGTAAACTGGTGCCCGAACGATCAGACCGTTCTGGCGAATGAACAGGTTATCGACGGCTGCTGCTGGCGCTGCGACACGAAAGTTGAGCGTAAAGAGATCCCGCAGTGGTTTATCAAAATCACCGCCTACGCTGACGAGCTGCTGAACGATCTGGATAACCTGGATCACTGGCCTGATACCGTTAAAACCATGCAGC
NZ_CP180159.1_gap107	4172279	4172999	720	TCCCGGCGAGATCCCGGTTATTCAGAGCGATCGCGGCGGACAGGTCACCTATCATGGTCCCGGACAGCAGGTGATGTACGTTCTGCTGAACCTGAAACGGCGCAAGCTGGGCGTACGTGAGCTGGTTACGCTGTTAGAGCAAACCGTTGTGAATACCCTCGCGGAGTACGGTATTGAATCGCACCCGCGAGCAGACGCTCCCGGCGTTTACGTGGGCGATCGAAAAATCTGCTCCCTGGGTTTGCGCATCCGCAAAGGTTGCTCATTCCACGGCCTGGCGCTGAATATCAACATGGATCTGTCACCGTTCCTCAGGATTAACCCCTGCGGTTATGCCGGAATGGAGATGACCCAGATGCACCAGTGGCTGCCCGATGCCCGTACGGAGACCGTGTCTCCACGCCTGGCCGCCAATCTGCTGGCGTTGCTCAACGATCCACCTGCGGAATATCTTCAAGGCCGCTAGCCATCACGTCCCGCTACCGCGGGACGTCACATTTATCCCTCAGGCGCGATTAAGCCTTTATTTTTGCAATCAATTATCACTAATAAAATAATTGTGACCGCTATAATGGTGCTAATCATCATTAGCGGAAATACAGAGTGGAAGAAAATAACGCTCAGAGCGTACCAACTGAACGAGTTGACGATCGCTACGATCGGCAGATGTTTCGCATTTTGCGCAACATAGACCTCAATTTACTCACTATTTTTGAAGCG
NZ_CP180159.1_gap108	4192364	4194357	1993	GTGTTAGTGCTGGCGGTATAGCCGCCGAAGCACTTGAGGAAGCGGTGCAGCTGGCTTTGCGCGTGGTGAAAACGGCCGGCGCTGGCCCAGCCGTAGGAGCCGCCGAAAATCGCCTCATTGCCGCAGCGCGCTTTGACCGAATTCAGTTCGCGGGCCAGCAAATCGAGCGCCACCTCCCAGCTCACCTCAACAAACGGCTCTTTACCGCGCCCCTCGCGCGAAGCCGGGCCATTTTGCAGGTAGCCCGCGCGCACCGCCGGACGGCGAATGCGCGTCTTGCTGGTGATCGCATCGGGGAGCGACTGACCAATACGTGAGGGATTTTTATCCCAGGGCACCGGCGTCACCGCCTCAATGTTGCCGTCACGGGCCTGGACCTGCCAGGTTCCCCAGTGCATTACGGTCAGATTATGTTGTTTTTTCATCTTGCCTGTTTTCTTCTCACCCGATAAAAGCCACCATAATAAAGCGTGCGAATCCTGGGAATAAAATACGTATCACCATACAATCTGCTGCAGAGAAAGGATTTTCCACGCAGAATAGTTCTACGCTATTCCGGGATGCGATATATTACAGCGACAGAATAATTTTAATTAAGCAGCAATCTTTATTTGAATAAATAAGAGTTGCAAGCAAATTAAACCCACAAAATAAAAATGGATTAAGCTGCATCATGAAATATTTTCAGGTTACAGATAACAAATTTACGTTTTCCTCAGGCAAATCTGCGATATAACATTGTTGATATAACTTAGACATATTTTGTATTTGAGGTTGTGTAGTTGTTGTTGTCATGCTACTGCTCCGCACAGCCACCTCCATCACAGGACCATAATAAGAATGTCGCAGAAAATGAAATTATTGCCCATCGCCCTGGGTCTGCTCTCGCTCGCCTCCGTCAACGCTCTGGCGGCGGATGCCTTATCACTTCAGGGGAAAACTATCGGCGTCGCCGTGGTCGGGACGCAGCACTTCTGGGATCGTGAAGCCTATAAGGGTGCGACCGAAGAGGTAGAGAAACTGGGGGGTAAAGTAATCGGCGTCGATGGCGGCCGCGATAACCAGGTTCATGCGAATAACCACGATATTTTACTGTCGCGCAAGGTCGATGCGGTAATTAGTATTCTGGGCGACAGCGCCGTTGAGCCTAAATTCAAAGCGCTACGCGATGCCGGCATTCCGGTATTTACCGTAGACCACGTTTCAAAATATTCGGTCAATAATACCACCTCCGATAACTACACTCTGGGATCGACCATCGGTCGCTATATGGCCGATGAACTGGGCGGCAAAGGTAACGTTGCGGTATTTAACGCATTCTCCAGCTCCCTGCGTATTTGCGGCATTCGTTATGACCAGTGGAAATATGTCCTCAAGGATTATCCGGATATTCACATTATTCAACCGGAGCTGGCCGAGCAGTTTGCCAACTCGCCGGAAGATGCGCGTAAGAAAACCCTCGAACTGCTGAGCCAGTATCCAAAAGGCAAACTCGACGCCATCCATGTCGCCTGCTGGGATCAGCCGGCTATCGGTATTGTCCAGGCGCTGGAAGAGACCGGCCGCGATAAAGACGTCAAGGTCACCGCCATCGACGCCGGCCCGGAAACCCTGGAGATCATGGCCGAGCCGGGCAGCCCGTTCGTCGCCAACGTCGCCCAGCAGCCGCACCTGATCGGCCAGACCTCCGCCGATAACGTCGCGCGCTACTTCGATAAACAGAAGTTGCCCCTGCAGACCTTTATTCCGGTAGTGCCGGTGAAAGGCCCGCAGGAGGCAAAAGCGGTCTACAAACAGCTGGGATATGGCGAACTGCAGTGATCACTCCATCCTCCGGCGGGGTTAACCCCGCCGCTGGTCTGGCAATGAACCAGATCGGCAAAAGCTTTGCTAACGTGACTGCATTAAATGCGGTCACGCTGCTTCTGAATCCCGGTGAAATTCACGGCCTGATCGGCGAGAACGGCGCGGGAAAATCGACGCTAATAAAAAT
NZ_CP180159.1_gap109	4328851	4333698	4847	GCTCACCTTCGCCCCGACATTTAAGGTCGGCAGCATCGGTGATTTCTTCAGCCGCCCTGAAATCCGCCTTTACACCTCGTGGATGGACTGGAGCAAAAAACTGAATAATTACGCCAGCGATGACGCGCTGGGCAGCAATGGTTTTACCTCGGGCGGCGAATGGTCGTTCGGTATGCAGATGGAAACCTGGTTCTGACGGTGAACGCCTGACGACAGGCCCCTCCGGGGCGACGACGCGCCTTTCGTCGCCCCGGACACAATAACGACGCAGAGACTGCGCCCCCGTTAACGCGGGACGACAACACGAATTTTTTACGCATTCAGAGGGTACTATGGATTTTGAACAGATTTCCCGCTCGCTGCTTCCGCTTCTGGGAGGCAAGGAAAATATCGCCAGCGCCGCGCACTGCGCCACGCGCCTGCGCCTGGTGCTGGTCGATGACGCGCTGGCCGACCAGCAGGCTATCGGCAAAATTGAAGGGGTTAAGGGCTGTTTCCGCAATGCCGGGCAGATGCAGATTATTTTCGGCACCGGGGTGGTGAATAAAGTCTACGCCGCCTTTATTCAGGCGGCGGGTATTAGCGAATCCAGCAAATCGGAGGCCGCCGACATCGCGGCGAAAAAGCTTAATCCTTTCCAGCGCATCGCGCGCCTGCTGTCGAACATCTTCGTACCGATTATCCCGGCTATCGTCGCCTCCGGCCTGCTGATGGGCCTGCTGGGGATGGTCAAAACCTACGGCTGGGTTGACCCGAGCAACGCCCTCTACATCATGCTGGATATGTGCAGTTCGGCGGCGTTTATCATTCTGCCGATCCTGATTGGCTTTACCGCGGCCCGCGAATTCGGCGGTAACCCCTATCTCGGCGCGACGCTCGGCGGCATTCTGACCCACCCGGCGCTGACTAACGCCTGGGGCGTGGCCGCCGGTTTCCATACCATGAACTTCTTCGGCCTCGAAATCGCCATGATCGGCTATCAGGGGACGGTGTTCCCGGTGCTGCTGGCGGTGTGGTTTATGAGCATCGTTGAGAAGCAGCTGCGCCGCGCGATCCCCGATGCCCTGGACCTGATCCTGACGCCGTTCCTGACGGTGATTATTTCCGGTTTTATCGCCCTGCTGATTATCGGCCCGGCCGGTCGCGCGCTCGGCGACGGCATTTCGTTTGTCCTCAGCACCCTGATTAGCCACGCCGGCTGGCTCGCCGGGCTGCTGTTTGGCGGTCTCTATTCGGTTATCGTCATTACCGGTATTCATCACAGTTTCCACGCCATCGAAGCCGGGCTGCTGGGCAACCCGTCCATCGGGGTCAACTTCCTGCTGCCGATCTGGTCCATGGCCAACGTCGCCCAGGGCGGCGCCTGCCTGGCGGTATGGTTTAAAACCAAAGACGTCAAAATCAAAGCCATTGCGCTGCCCTCGGCGTTTTCCGCTATGCTGGGCATCACCGAGGCGGCGATTTTTGGTATCAACTTACGCTTCATGAAGCCGTTTATCGCGGCGCTGATCGGCGGCGCGGCGGGCGGAGCCTGGGTCGTGTCAGTGCACGTCTATATGACCGCAGTCGGCCTGACGGCGATTCCCGGCATGGCCATCGTGCAGGCCAGCTCGCTGCTGAACTACATTATCGGTATGGTCATCGCCTTTGGCGTCGCTTTCGCCGTCTCTCTGCTGTTGAAATACAAAACGGACGCTGAATAATGTCACTACCATCACGTCTGCCTGCGATTTTGCAGGCCGTTATGCAGGGCCAGCCGCGCGCGCTGGCCGATAGCCATTATCCGCGCTGGCACCATGCGCCGGTGACCGGGTTGATGAACGACCCCAACGGGTTTGTCGAGTTTGCCGGGCGCTATCATCTGTTCTACCAGTGGAACCCGCTCGCCTGCGATCATAAGTTCAAGTGCTGGGCGCACTGGAGTTCAGAGGATCTGCTGCACTGGCGGCATGAGCCTATTGCGCTGATGCCGGATGAAGAGTACGACCGCAACGGCTGCTACTCCGGTAGCGCGGTGGATAACAACGGTACGCTCACCCTGTGCTATACCGGCAACGTGAAGTTTGACGACGGCGGCCGAACCGCGTGGCAGTGTCTGGCGACGGAAAACGCCGACGGTACCTTCCGCAAAATCGGTCCGGTCCTGCCGCTGCCGGAGGGCTATACCGGCCACGTGCGCGACCCGAAGGTCTGGCGGCATAAAGACCGCTGGTACATGGTACTGGGAGCGCAGAATCGGCAAAAGCGCGGTAAGGTGCTGCTGTTCAGCTCCCCGGACCTTCATCAGTGGCGCAGCGAGGGCGAAATCGCCGGCGACGGCATTAACGGCCTGAGCGACGCGGGCTATATGTGGGAGTGTCCGGATCTGTTTCCGCTCGGCGACCAGCATATTCTGATCTGCTGCCCGCAGGGGATTGCCCGCGAAGAAGAGCGTTTCCTCAATACCTATCCGGCGGTGTGGATGGCCGGTAGTTTCGACGACCACCGCGCCGCGTTCAAACACGACGAGCTGCACGAGCTGGACGCCGGATTCGAGTTCTACGCCCCGCAGACTACGCACACCCGCGATGGCCGCCGCCTGCTGGTCGGCTGGATGGGCGTCCCGGACGGTGAAGAGATGCTTCAGCCGACGCTTGCCAGCGGCTGGATCCACCAGATGACCTGCCTGCGCGAGCTGGAATTTATCGACGGTCAGCTTTACCAGCGTCCGCTGCGCGAGCTGACCGCCCTGCGCGGCGAAGCGCACGGCTGGCCGGGGAACGCCCTGCCGCTGGCGCCGATGGAAATCGCGCTGCAAACCGTCGGCGACGACGCGCTAAGCCTTGATTTCGGCGGTGCGTTAACCCTGCAGCGCGACGCCAGCGGTATCCGTCTGGCGCGACGCAGCCTCGCCAGCGACGAAATGCACTATCGCTACTGGCGCGGCGAGGTGCGCTCGCTGCGGATTTTCATCGATCGGTCGAGCGTGGAGATTTTCATCAACGACGGCGAGGGGGTGATGAGCAGCCGCTGCTTCCCGGATTATCCGGCGCAGCTGATTTTCTCCGGCAGCGCGCCGGATGCATTCTGCTACTGGCCGCTGCGAACATGCATGATAGAATAAGCGTTTTGCTTTCAGGCTCATGGCGTCGTAATGAAAACCAAACGCGTAACCATTAAAGATATCGCCGAACTGGCGGGCGTTTCCAAAGCGACCGCCAGCCTGGTGCTGAACGGTCGTGGCAAAGAGCTGCGCGTGGCGCAGGAAACGCGCGAGCGCGTGCTGGCGATTGCCCGCGAGCAGCACTATCAGCCGAGCATTCACGCCCGCTCGCTGCGCGATAACCGCAGCCACACGATCGGCCTGGTGGTGCCGGAGATCACCAACTACGGCTTTGCGGTCTTTTCCCATGAGCTGGAGATGCTGTGCCGCGAAGCGGGCGTCCAGCTGCTGATCTCCTGTACCGACGAAAACCCCGGTCAGGAGAGCATGGTGGTCAATAACATGATTGCCCGCCAGGTTGACGGCCTGATCGTCGCCTCTTGTATGCACAACGATGCCGACTATCTTAAGCTCAGCGAACAGCTGCCGGTGGTGCTGTTTGACCGCTGCCCTACTGAAAGCGCGCTGCCGCTGGTGATGACCGATTCGATTACCCCGACGGCGGAGCTGATTTCCCGCATCGCGCCTCAGCATCACGATGAGTTCTGGTTTTTAGGCGGCCAGCCGCGTCTGTCGCCCTCTCGCGATCGCCTGGCCGGGTTTACGCAGGGTCTGACTCAGGCGGGCATTGCGCTGCGCCCGGAGTGGGTCATCAACGGCAACTATCACCCCAGCTCCGGCTATGAGATGTTCGCCGCCCTCTGCGCGCGCCTGGGCCGGCCGCCAAAGGCGCTGTTTACCGCCGCCTGTGGTCTGCTGGAAGGGGTGCTGCGCTATATGAGCCAGCACCATTTGCTGGATTCAGACATCCACCTGGCAAGTTTTGACGATCACTATCTCTACGATTCGCTGTCGCTGCGTATTGATACCGTCCAGCAGGACAACCGCCAGCTGGCCTGGCACTGCTACGATTTAATCAGCCAGCTGATTGACGGCAATACGCCCGAGCCGCTACAGCGCTACCTGCCGGCGACGCTGCAGTTTCGGCATCGGTGATTCACGCATCCAGTCCCGCGATCCGTACCAGATGAACGGTGAGCCACAGCAGCTCGTTACCGCCGAGGGTGATATCGAGCTGGGCTTTGACGTAGTCGCGGATTAGCAGCGCGCAGCGGTATGCGTCCGGATACGCCTTAATCACCTGCACCAGCAGAAAACTGTCCCGCCCGTCGTCCAGCTCTCCCTCTTGTAAACGCTGGAGGAAAAACTGCATATGGACCAGAAAGCGCGAGTAGTTTATCGATTCGGTGTCTATCTGCTGCTTAAAGTGGTACTGCACGAGATTAAAAATATCCTTCAGCATTTTCACCGACTGCATGGTCTGCGCCACGTCGTCGCCCTCGCTCTGGCCGTTTACCAGATGAAAGGCGATATTCCCGGCTTCCTCCTCCGGTAGTTCAATCCCGTACTGCTGGCGAATAATCGTCACCGCCTCGCTGGCGACGCGGAACTGCTGCGGATAAAAACGCCTGACTTCCGGCAGCAGGCGATTTTGAATAGAGATCCCTTTACGGCTGCGCTCGATGGCAAAGGTCAGGTGGTCGGCGAGGGTAAAGAAAATCTGCTCGCGAACCTTGCCGGCGAGCTGCAGATTGGCGCGGGAAATAATCATCGCCGCCATTTCGATGACCTCATCCGGAATGGCGGAGAGCGCTTCAAGATAGCCGCTGCGCGCGCCGAGCGTCTGGGTCACGAACAGCTTCTC
NZ_CP180159.1_gap110	4358993	4360531	1538	ATCGCGCTGGCTGGCCTCGCGGGCGGCTGTAATGACAGCGGCGGCCCCCGCGACAATCAGCAGGATGCGCCCGCCTCCGCGCCGCAGAATGTCTTCGTTCCCGCGCTTTCTGCCGATGAAAACAGCCTGGTGCTGGTCTGGGAAAAACCGGAGTCGGAAACCGAGCAGGTGGTGGACTACGCCGTCTATCGTCAAGGCCAGCGGCTGGGTCAGGCGCGTGAAAATCAAAACCATTTCTCCCCGGCAAAGCCCTATATTGATAACTTCTATCAGCGGGTCGCCAGCGACGGCTGGCAGCAGAAAATCGATCTGCGCAGCTTTACGGCCACCAACCTGCAGCCGGATACGGAGTATGCCTTTACGGTCCGCGCAGTCTATGCCGATGGCAAAGAGTCCCCGGATAGCGCGGTGATTAAAGCGCGGACCAGCAAAACGCCGCACATCATCGAAGCCAGCACATTCGGCGCGAAGGGTGACGGCACCACGCTGAATACCCAGGCGCTGCAGCAGGCCATCGATAGCTGTACCGTCGCGCACTATCCTCAGGGCTGCAAGGTACTGATTTCCGGAGGCGAATTCAAAACCGGCGCGCTCTTCCTGCATAGCGATATGACCCTGGAGATTGCCGCTGGCGCCACCCTGCTGGGTTCGGACGATCCGGCCCACTATCCGCTTGATAAAGGCTATTACCTCTATCCCTACAGCGATCATCCGCAGCCCCGCCGCCCGCCGTCATTAATTAACGTGCTGGAAGCGGCCGATAAGGGCGAGTCTCCGGCCGGAACGTTTCGCAATATTCGCATCGTCGGTCAAGGCACGATTGACGGCAACGGCTGGACCCGGGGCGTCAAAAGCGGCGGCGAGGCCACCATCATCGACGAAATGGGGAACGCGCTGCCGCAGTACCGGGCCAGCAATGCCAAAAAAGTCGGCGCGGACGGTATTCTGGCAAAGCACCAGACCGAAGCGGCCATTGCTGAAGGGATTGAAAGCAATAGCGCCTATAAGAACCGCCGCTCCAGCCTGATGACCCTGCGCGGCGTGCAAAACCTCTACCTTGCCGGGCTGACGATCCGCAACCCCGCATTTCACGGGGTGATGGTGCTGGAGTCAGAAAATATTACCCTGAATGGGCTTGTGCATCAGACCTTTGACGGCAATAACGCCGACGGCGTCGAGTTCGGCAATAGTAAAAACGCGCTGGTCTTCAATAACTTCTTCGATACTGGAGATGATTGCGTTAATTTTGCCGCCGGGTTTGGTAAAGGCGCGGAAACTTTTCATCAGCAGTCGCAAAGCGGGGCGTGGATTTTTAATAACTATTTCCGTAAAGGCCACGGCGCCGTGGTGACGGGTAGCCATACCGGCGCGTGGATCGAAAACGTTCGCGCCGAAGATAACGTCATGTATATGACCGACGTTGGTCTGCGTATGAAGAGCCGCCCCTACTACGGCGGCGGCGTGCGGGATGTACTGTTCCGTCATAACGCGATGAAAGATATCGCCAAAGAGCCGTTTGTTTTTACTATCAAATACAG
NZ_CP180159.1_gap111	4361748	4365668	3920	ATACCCCAGCGCCAGGCGATCCCGCCCGCAATCAATGCGGTCGTAAAATTACCCGCATGGTTGAAAGCCTCATTTTTACCCATCTGGGTACTAAAGCCGTCTTGCCCCGTCAGCCCCAGAGTGATCCCGGTAATAAGCGGGCCAATAAATGCCGCACATATGCCGCTGACGATTTGCGAGATGGCGACGACGCTGCTGCCCTGGCTGAACCAGAGCAGCAGCGTCGTCCCGGTAATCATGATGCACAGTATCGCGAGCATAAGACGCTTGTTCCGCGAAGCATCGGTGATGAACCCTGCGGGAAGCGTCGCCAGCAATCCGGCAACGCCGCCCGCGGTCATCAACAGACCGATATCATCCGGTCGCCAGTGATGTTGCGTCAGGAAAATCCCCAGAAAAGGCCCGAGCCCATCGCGAACGTCGGCAATAAAAAAACTGGTCAGGCATAGCGCCTGCAATGAACGAAGAGACATACTTTTCACCCTAATACATCCTTAACCCACTTGATCCGGTCGCCTGTAAAAACAAAATCTTCCCCGCAAAGGGCATCACTCAGGGCTATCGATTTTCTCTCCGTTAAGGAATTGGTTAAAACGCCCCGATAAAGGGGCACCGTTCCATCAACACCATTGTTTATAAATTTAAAAGCGATCTTTATCAATCTCTAAGGATTATTTTATTTGATTATTTTGGTACTGTTAAAGCTGACGGTGTTGCTTATGTTATTTTAGGGCTCATTGATGAAGCAATATCATTTCCTTTGCTTCAGGCGTACAGCACGTCTTCAGACATAAATATGATATCGGAGAGCTAAATTTCAAGCGCCAATGCCTTTCTTCACCTTAAGCATATAGTCAGCCAGCGCAACGGACTCTGAGGATTGGCTGTTGATTAACCCCTGTAGCGTTCCTCGCTGATCGGCCTGAGAACGATGCTGCCCAAGCTTTTCTTTGACCTGAAACTCCTTAATTTCAACTTTGAATCCAATAATATCTTTCAATTTCCTTTCAATAAACGCCCTGGGCATAATTTCTTTCTGCGCCTGAAGCGTCGGTTCAAATTTATGGACCAACGCTTCCATCACAATGCGTAATTCATCGACAGATAAAAGGCTTACGTTGCCATAGCAGTGAACGGAAGTATAGTTCCATGTGGGAACCGCGGGAGCGGTTTGATACCAGGTAGGGGAAACATAACTATAGGGCCCTTGAAATATGGCGAGCACCCTCTTCCCTGCGATGAAGAGCTACGATCGAGGATAAAAGGAAGATGACTGGCATTGAGGGAAGGCGAAACGACTAATCTAAAGCTATAAGCGTCAATAAAATCAAAAATATGTTTTTTATCTGATAGCTTCATTGCATCAGGTGTGTACATTTTTACCTTATAATATTGATCCGCCTGTAGTTTCTTTGAAAAAGATAACTTCCTCTTTTTATTAAGCAATGATTTAGTATATCAAAGCGTTAGCGCCAGGGTGTGCCATTCACTTCGTTTCCCCTTATTACACTGGTTGATAATATTTTTTGTTGTTTTAATCGTTCTGGTTAGAGTTGTATAATGTTATCATGTGTTTTTAATGGCATTAATTATCAACTCCTTTTTAACTAAGGAAGGTGCGAATAAGCAGGTCATTTCTTCCCAAGCTGACTCGCTGATTAAAATTTCGCGGATCTGGGCCGATTTTTTTCCCGCAAACACATCGAATCAGCCTATTTAGGCTATTTTTTCCACCATTTCTGGCGTTATTTCCGGTTTTTACTGAGATCTCTCCCACTGACGTATCATTTGGTCCACCCGAAACAGGTTGGCCAGGGTGAATAACATCGCCAGTTGGTTATCGTTTTTCAGCAGCCCCTTGTATCTGGCTTTCACGAAGCCGAACTGCCGCTTGATGATGCGAAACGGGTGCTCCACCCTGGCACGGATGCTGGCTTTCATGTATTCGATGTTGATGGCCGTTTTGTTCTTGCGCGGATGCTGCTTCAAGGTTTTTACCTTGCCGGGACGCTCGGCGATCAGCCAGTCCACATCCACCTCGGCCAGCTCCTCGCGCTGTGGCGCTCCTTGGTAGCCGGCATCGGCTGAGACAAATTGCTCCTCTCCATGAAGCAGATTACCCAGCTGATTGAGGTCATGCTCGTTGGCCGCGGTGGTGACCAGGCTGTGGGTCAGGCCACTCTTGGCATCGACACCAATGTGGGCCTTCATGCCAAAGTGCCACTGATTGCCTTTCTTGGTCTGATGCATCTCCGGATCGCGTTGCTGCTCATTGTTCTTGGTAGAGCTGGGTGCCTCAATGATGGTGGCATCCACCAAAGTGCCTTGGGTCATCATGACGCCTGCTTCGGCCAGCCAGCGATTGATGGTCTTGAACAATTGACGGGCCAGTTGATGCTGCTCGAGCAGGTGGCGGAAATTCATGATGGTGGTGCGATCCGGCAGGGCGCTATCCAGGGATAATCGGGCAAACAGGCGCATGGAGGCGATTTCGTACAGGGCATCTTCCATGGCACCGTCGCTCAGGTTGTACCAATGCTGCATGCAGTGAATACGCAGCATGGTCTCCAGCGGATAGGGCCGTCGGCCATTGCCCGCCTTGGGATAAAACGGCTCGATGACAGCGGTCATATTCTGCCATGGCAGAATCTGCTCCATGCGGGAGAGGAAAATCTCTTTTCGGGTCTGACGGCGCTTAGTGCTGAATTCACTATCGGCGAAGGTGAGTTGATGGCTCATGATGTCCCTCTGGGATGCGCTCCGGATGAATATGATGATCTCATATCAGGAACTTGTTCGCACCTTCCCTAATTGAATATAAGAATATTACATAAATATACACATTCTGTGTTCGTATTATCTACATAATTGATCTCTTGCCAGGCTATTGTGTTTTTTTGATGTACGGGGAAAGCATCGAAATGGTACGCCGTTATGCCCAGCTGGCGCCTCCCCATTTAACGGAACACGCAAGGCAAATTGACTCGGTCTGTGCAGAAGATATCCCAAATGTGTCACATGAGAAAAAATCAGCGAGAGGAGGAAGTTGATAACTTTTTGAGTTTAAATGGTACGCCCTACAGGGTTCGAACCTGTGACCTACGGCTTAGAAGGCCGTTGCTCTATCCAGCTGAGCTAAGGGCGCATTGAGAAGCAAGCTTCATGATGTGCAATCGCCGGAATTATACGGTCCACGCCTGATGAGTCAATGTATTTTGCCGCGAAACTGCGCTTGCCCGTGCAGGCTGGCGGCTTATGCCGCAAAAGCAGTATAAAGTTTATCCAGGTTTATGTTTCTGCACGCTAACTTTTCTTCGGCTCCCGGGCTCCTTTTTGCGCCATTCGCAGCGCGGTCAGGCCCATTTTTCAACCGCCGTAACGCCAAAGAAAGATAAAATCTTAAACGAAGACTGACAGCGGGGCTGGCTTCTGACAAAATATCGCCATCCCCCTTTCGTAAAGATACAGATGGAATCCTCTCTCTGATGGCAGCAAAAATTATTGACGGTAAAACGATTGCGCAGCAGGTACGCTCTGAGGTTGCGGAAAAAGTGAAGGCGCGCGTTGCGGCCGGATTTCGTGCTCCAGGGTTAGCCGTCGTGCTGGTCGGCAGCAACCCGGCATCGCAAATTTATGTCGGCAGCAAGCGCAAAGCGTGTGAAGAGGTAGGCTTCGTCTCCCGCTCGTACGATCTCCCGGAAACCACCAGCGAAGCGGAGCTGCTGGAACTTATCGACACGCTGAATGCCGATAAGGCTATTGATGGCATCCTGGTTCAGCTGCCGCTTCCCGCCGGCATTGATAATGTCAAAGTCCTCGAGCGCATTTCGCCGGACAAAGACGTTGACGGCTTCCACCCCTATAACGTGGGTCGTCTGTGCCAGCGCGCGCCGCGCCTGCGTCCGTGCACCCCGCGAGGG
NZ_CP180159.1_gap112	4372658	4373307	649	GCCTTAGCCGGGCTACGGGTCCGCAGACGGCAGTGAACCTGTAGCCCCGGTAAGCGCAGCGCCACCGGGGAAGTGTCAGCGCTTAGAAGTCGTAGCGCAGACGCACCAGGTTCATATCGCCCAGGTTGTCGGTGCTCGACGTGAAGACGTGTTCATAGTCAACGCGGAAACCATAATCCAGCTGGAAGCTCACGCCGACGCCGTTATCGATCCGCTGATAGTTGCGGCCGTTCACGTACTGCAGGCGGTCGCCCATAAAGTACGGCTGAATAGATTTTACCGCATACTGACCAATCGGGAATTTATAACCGGCAAAGTACTCAATACCCCAGGCATCGCCCGCGAAATAGTTATGAACATCGGTTTTTTTGGTGGTCAGGAAGTTCTGATACCAGCCGCCGCCGAAGGAGAAGGTCCAGTTATCCGGCGTCCAGCTTAGCGCGGTACCGACGATATTCTGATCGTATGATTTACTGTCTGAACTGGAGGGGTTACGCATATCGGCGCGGGTATAGTTCCACGCTGCGCCCCAGGTCAAATCCTTCATGATGTGGTAATCGGCGCCGATGGAGCCGCCGCCTTTACGCTTGTAGCGCAGGCCGTTGCCCGGCAGATATTCGCTGTCCTCAAACAGATAAGAGGCGTAAAG
NZ_CP180159.1_gap113	4479205	4482814	3609	CGCGAGGCGCTAGCATTTCTTGAAAAAGAGGGCGCGGTGAAATACAGCCTGCGCCCGCTCTCTCCGGATTATTACCCGGATGAGCCCGGCGCCGTCGATGTCGGGCGGGCGCTGGAGGTGGTGGAGTTTGACGGACGGGAACTGGGTGCACACTTTCGCGACCTCCGCTCTCCCCCACCGGGAATGCTGCTGTTTGGCGGGATGATGGTTAACCGGGTTGATATCCAGCATTTTCTCGATATGCGCCGCTCCCCGCGCTCGTTCGCGCACTGCGGCAGACTGCTGCTGCGCTACGGTCGCGATCGCCTGCGGTACCCTCGCGGTACCCGCCTGGCGATGGGCAACGCGATGATCGCCCGCATGGCGACGCTCGCCTTTCGCAAAGGTATGCAGCTCAGGCTCAACGTCAACGTGCTTTCGCTGAGCGAACGCAATGGCGAGGTGACCGGCATAGAAATTGAGCACGAGGGTCAAAAGCAGGCTCTTGAAGCCCGCTGCGGGGTGGTACTGGCGGCGGGTGGTTTTGCCGCAGGCAGGCTGGCTGAACGCTATCGCCCCCAGACCCGCGAGCACTACACCATGTCCCCCGCCGCCAACGACGGCGCCGCGCTGCGCCTTGCCGCCGCGGTCAATGCCCGGGAAGGGGCTGACCTGCCGTCTAACTTTTTCTGGGCGCCGGTCTCGGTTTTACAGCATCCCGACGGCACGCAAGAGCGCTTCCCTCATCTGGTCACCGATCGCGCCAAACCCGGAGTGATTGCCGTCAACCAGCGCGCGGTGCGCTTCGTGAACGAGTCTAACTCTTATCACCACTTCGCCAGCGCCATGCAAAGCCGGGCAGAAAATGCGCCCTGCTTTCTGATTTGCGACGCCCTGGCCATGAAGCGCTACGGTCTCGGCCTGGCGCGCCCTGCCCCGGTCAATAACGACGCGCTGGTGAAAGCGGGCTATTTACATAAGGCCGATACGCTGCCTGAACTGGCGCAGCGGCTCGGCCTGGATCCGCATACGCTCGCTGACACGGTGGCACGCTACAACCGCGACGCCGCTCAGGGCCTCGACCCGGCGTTCACCAAAGGCGGTAACAGCTATAACCGCGCGATGGGCGACCCCGGCCACCGGCCAAACGCCTGTAACGCTCCGCTGACCCGCGCGCCTTTTTATGCCGTCACCCTCTATACCGGCGATCTCGGTACCTCGCGCGGCCTGGTCACTACCGCCGATGCTCAGGTCATTAACCAGCAGGGTGAACCGATCAAAGGCCTCTATGCCGTGGGTAATGATATGGATTCGATGATGGCCGGAACCTACCCCGGCCCAGGTATTACGCTCGGCCCGGCGCTCACCTTCGGCTATCTCTCAGCCAGCCATATGGCGCAACAACACGCACTGGAAACAGGAGAAAATCATGATCTATGAAAAACGCACCTACACCATCAATCCGCTGAAAATGGCCGACTGGCTGGCGCTGTACAAAAGCGATGCTTACGCCGTGCAAACCGAGCACCTCGGTAAGCTCATCGGCTTCTTCTTTACCGAAATTGGCGTGGTCAATCAGGTGGTGCATATCTGGGCCTATGAAAGTCTGGACGATCGCCTGGCGCGTCGGGCGCGCATGGCGCAGGACGAACGCTGGCTGACGTTTTCGCGAAAAAACCGCGAGCTGGCCGCCGTCGAGCGCCTGGAGTCGGTGCTTCTGCGCCCCACTGATTTTTCACCGCTGCAATAAGGAGAGGGTCATGAGCGGTCAGATGAACGTGGATGTTCTGGTCGTCGGCTCCGGCGCGGCGGGGCTCTCTGCCGCCGTCACAGCCGCGCTCGGCGGCGCCAGCGTACTGGTTGCGGAGAAAGAGTCGGTCATTGGCGGCACCAGCGCCTGGTCCGGCGGCTGGCTGTGGATCCCGCGTAACCCGCTGGCTCGTGAAGAAGGGATTGAAGAAGAGCCCGGCGCGCCGCTCGCTTATTTACGCCATGAAATGGACGGTGAGCCTGCCGATGCGCGTCTGCTTGCCTTCTTACAGTACGGACCGGAGATGATCGACTTTTTCCGCCGCCGCACCGCCGTGCAGTTTCTTTCCGGCAGCAAAATGCCCGATTTTCACGCTTCACCGGGCGCTGCACTGGGCGGCCGCTCGGTCACGGCACAGCCTTTTGACGGACGGCTGCTGGGCGACTGGCTGCATCGCCTGCGGCCTCCGCTGGAGACCATCAGCCTTGCGGGTATGGGCATTGCCGGCGGCACGGATATGGCGCACTTTTTTAACGCCACCCGCTCACCGGGCTCGGCGCTATATGCGATCCGCCGCCTGCTGCGTCACGGCTGGCAGCGGCTGCGCGCCGGTCGCGGACAGCATCTGGTTAACGGCAACGCGCTGGTCGCCCGCTTGCTGCGTTCGGCGCTGGATGCAGGGGTTAATTTTCAGCTTAACGCGCCGGTAGAACGTCTGCTTGCCGACAACAACGGCGTTGCAGGCGCGATATTACGCAGCGACAGCGGCGCGCTGGAGGTTCGCGCCGGCGCGGTGATCCTCGCCTGCGGAGGCTTTCCTCACGACAGGCAGCGTCTGGCCGAAAATGTGCCGCACGCCGCCAGCGGCTACGGCCACTTCTCCGCCGCGCCCCCGGGCAATCAGGGGGATGGCATTCGGCTCGGCGAAGCGGTCGGCGGCCAGTTTGATACCTCACTCAGGCACGCCATGGCCTGGGCGCCGGTGTCGCGCGTTACCCTCGCCAGCGGACTGCAGCTGCCGTTCCCGCATCTGGTTGAGCGCGCCAAGCCCGGCTTTATTGCCGTGTTGCCCAACGGTAAACGCTTCACAAATGAAGCCGACTCTTATCATGATTTTATTGCCGCGCTGCTGGACGCGACGCCGCCGGGCGAAACGCCGCAGGCGTGGCTAATTGCCGACGGTCGTGCGCTGCGGCGCTACGGATTGGGCCATGCTCGCCCCTTCCCGTTTACCCCCGAGGCCTGGCGACGGACCGGCTATCTGTACGTCGGTGAGACGCCGGAAGCGCTGGCGAAAACATGCGCCATCAATCCGCAGCAGCTAACGGAAACGATCGCCCGGTTTAACGGCTTTGTAGACCAGGGAGAGGATAAGGATTTTCAGCGCGGCGCCTCGGCCTATAACCGCGCGCAGGGTGACGCCAGCCGCTCGCCCCACCCAACGCTCGGGAAACTCAGCCATGGGCCTTTTTATGCGGTACGTATATTGCCCGGCTCGCTGGGTTCCTTCAGTGGATTAATCACCGATGAAAATGCCCGTGTTCTCAACGCGCAGCGGCAGCCGATCCAGGGGCTTTTCGCCATCGGCAACGATATGTCGAGCGTGATGCAGGGATTCTATCCCAGCGGCGGTATCACGCTGGGTCCGGCCATGACCTTTGGCTATCTGGTCGGAAAAAAACTGTCAGAAAATCTCAATAAAACAACGCAGTAAAAGCATTCCACCAGGGACGGCAATACGCATAACAACAATCACCTGCAACTGTACTGGAGTCCTTTATGAACATGCGAACCCTCTCACTCGCCGCGCTTACCCTCCTCGACGTTCCGCCGCCGGAACAGGTACGCATTGCGGCCAAGACCGGATTCACCCACGTTGG
NZ_CP180159.1_gap114	4500510	4505447	4937	TACGTTCTCCGGCCACTGTCGTTCATCTGCACGGGTACGGGCAAACAGCGTTTCACCCGCCTGCTCCACGATACGATGCTGCGGCGTGACGCGATTCTGACTATCGATAACGATGCGCAAAGGCTGACGCAGGTTTTCCTGCGGGTACAGCGCCTGGGTGTCGGCGTTGAGCTCGTCCCAGCGTACGGTTAGCGCCGGGTCATCCGCCAGCACCGTCGCGCTGCTGGTCAGGATGGCGTGGCTTTGCGCGCGCAGGCGCTGCACATCGCGCCGCGCCTGCGGTGAGGTGATCCACTGGCTCTCTCCGCTGGCCATCGCCGTGCGCCCATCCAGCGATGCGCCCATTTTTAACTGAATCCAGGGAAAACCGGTGCGCATCCGCTTAAGAAAGCCTTTATTCAGCGCCTCGGCTTCGTTCATCATCAGCCCGTGACCGACGTCGACCCCTTCCTGCTGCAAACGGTACAAACCGCGACCCGCGACCTGCGGGTTCGGGTCCTGCATCGCCGCAACCACGCGGGACACTCCTGCGGCAATCAGTGCCTCGCAGCACGGCGGCGTGCGCCCGTGATGGCTGCAGGGCTCCAGCGTGACGTACGCCGTCGCGCCTTTCGCTTTTTCGCCCGCCATGCGCAGCGCGTGCACTTCCGCGTGCGGTTCACCGGCGCGATAGTGAAAACCTTCGCCGACGATCTGGCCATCTTTAACGATCACGCAGCCGACATTCGGGTTTGGGTGCGTGGTGAAGCGTCCGCGCGCGGCCAGCTTCAGCGCTCGCGCCATGTATATTTCATCCTGCATGGGCTCAGTCCTGTAAGCGGGCGATCTCTTCGCCAAACTCTTTGATATCTTCAAAGCTGCGATAGACGGAAGCAAAGCGGATGTAGGCGACTTTATCGAGCTTTTTCAGCTGCTCCATCACCAGGTTGCCGATCATTTTGCTCGGCACTTCCCGCTCTCCGGTCCCGCGCAGGTGGGTTTTTATATGGTTAAGCGCCATTTCGACATCGTCTGAGCTGACCGGGCGCCTCTCCAGCGCTTTCAGCATACCGCTGCGCAGTTTGTCCTCATTAAAAGGCTCGCGCACGTCGTTGCTTTTTACGACTCGCGGCATCACCAGTTCCGCCACTTCAAACGTCGTAAAACGTTCATTACAGACCAGACATTGACGACGACGACGCACGGAAGAGCCCTCGCCCACCAGACGAGAGTCGATAACTTTGGTATCTACGGCGAAACAGAAAGGGCAATGCATGGCGCGTCCTGACATGTAGTTAAACTAACGGGTAGTTTACCGCGAAGTGACCCGACAACAAAGAAAGAGCTTTTGAGACAAAGGATCTATAGTGCGATTATCCGATCGGTCTACCATTAAGCATCCTCTGTTAACGGAATCCCAACTATGACAAGACGTTATTTAAAGCTGGCCATTGTGGGTAGCATTTTCACCCTCAGCGCCTGCGCGCAGCAAAGCGAAATCCGCCAGATGAACCAGAGCGTGAGCACGCTGAGCAAAGAGATGACCCAGCTCAACCAGCAAACGGTCAAAATTACCCAGCAAAACGTGCTGAATGCGAAATCGAGCAGCGGCGTATACCTGCTGCCGGAAGCGAAAACGCCGGCCCGTCTCAAAAGTCAGATTGGTACCCTGCGCATGTCGCTGCTCAATATCGCGCCGGATGGCGACGGTACCCGCCTGACGCTGCGTATTCAGGGTGAATCAAACGATCCGCTGCCGGCCTTTAGCGCGACGGTCGCCTCCGGGCAGATCAGCGGCACCACCGATAGCTATCAGGAAGTTAACGTACAAAATCAGCTAATTAGCGCGCCGGCAAGCGTTCTGGCGCCGAGCGACGTCGATATTCCGCTACGCCTTAATGGCGTAACGCCCGAGCAGGTTGGCTTTGTCCGCATCCACGATATCCAGCCCGCAAACACGCCGTAACGCCCTCAGCCGGATGCCCAGAACATCCGGCTCCCCTCCCCTCGTGGTAATCCACTTACAGATTTTCCATTCAGTTCACTAAAAATTGCCAGAATTTATGAATTTCGGTGGCATTCCCGCAGGAAATGCATAAAATCGTGAACGCAATCGATTACGTAAATGTTCGTTATGTGAAACAACACATATTTTTGTGAGCAATGATTCCTATAATAGACGCCACAGAAATACGAAATATTTAGAAACGCTTCGGCGCTTCTTTTAACGCCTTCAGGCTTAATTTAAACAGTGGCATCATTATGAAAAAAACATTACTGGCAGCCGGCGCAGCTCTGGCGCTCTCCGCATCTTTCTCTGCCAGCGCGGCAGAAAACGACAAACCGCAATACCTGTCTGATTGGTGGCACCAGAGTGTAAACGTGGTGGGTAGCTACCACACTCGTTTTGGGCCGCAGATCCGTAACGATACTTATCTGGAATATGAAGCGTTCGCCAAGAAAGACTGGTTTGATTTCTATGGCTATATGGATGCGCCGGTATTCTTCGGCGGTAACACCAACGCGAAAGGTATCTGGAACCACGGTTCTCCGCTGTTTATGGAAATTGAGCCGCGCTTCTCCATCGACAAACTGACCGGTACCGACCTCAGCTTCGGCCCGTTCAAAGAGTGGTATTTCGCTAACAACTATATCTACGACATGGGCCGCAACAAGTCCGGTCGTCAGAGCACCTGGTATATGGGTCTGGGTACCGATATCGATACCGGCCTGCCGATGAGCCTCTCGCTCAACGTCTATGCAAAATATCAGTGGCAAAACTATGGCGCATCAAACGAGAACGAGTGGGACGGCTACCGCTTCAAAGTGAAATACTTCGTGCCGCTGACCGACCTGTGGGGCGGTTCACTGAGCTATATCGGCTTCACCAACTTCGACTGGGGCTCCGATCTGGGCGATGACAACGCTTATGATTTGAACGGTAAGCATTCACGCACCAGCAACTCCATCGCGTCCAGCCATATCCTGGCGCTGAACTACGATCACTGGCACTACTCCGTCGTGGCGCGTTACTTCCACAACGGCGGCCAATGGGCTGACGACGCGAAGCTGAACTTCGGCGACGGCGACTTTAACGTCCGTTCTACCGGCTGGGGTGGTTACTTCGTGGTCGGCTACAACTTCTAATCGGCTCGATGATCCCCGGCAACTACGCCGGGGATCATAAAAGCTAATGCTCTTCGCATCTCACCTTACGCAAGAAATCACTCAATGAGCGATCGGCTCGTTCGCTGAAATGACGCCCGGTGGCGGAAATCTCCAGACAGCGGTCGAGGCGAAAACAGCGATAATCTTCCCGCAGTTCGCACCAGGTCACCAGCAGCCAGCGCTCGCCCCAGAAAAAAAGCCCCAGCGGCAGTACGTCACGCTGCGACACGTTTCCCGCTTCATCGCGATAGCGCAGCCCCAGCGCCTGCTGGGCGGAGACTGCCCGATGCACTATATCAAACTGATCTTTACTATAGCCCTGCGCACCAAAGTCCGGCGCGAACACGCGCGACTGCTCAGCCTTACGCCTGCTCTCGGCAGGCAAAATAGCCAGCACTTTTTCCTGCGCCGACTCCAGCGCCTGGGACAGCGAGGCGCCGCCCCAGGTTTGCAGCAGCCGTATAGCGGCTATCAGCGCTTCCGATTCCTGAGTTGTCAGCATCAGCGGCGGTAGGTCATAGCCCGCCAGCAGTCGGTAGCCGCTCCCTGCCTCCCCCTCAACCGGGACGCCGGAGAGCGAGAGGTCGCGAATATCGCGGTAGATGGTGCGCTCTGACACGCCGAGCCGCTCGGCCAGCAGCCCGGCGGTGGTTAATCTCCGCCCGCGCAGGATCTGGACGATTTGAAAAAGGCGGTCGGCGCGTCGGCTCATTTCTGTTGTCTCATTTACGCTGGTTGGTGAAGGCCAATCCGATTACCCTCGCTGTCAATAAACAGGGCAATCGTGCCGATATCGTCCGCCAGCTCAAGGGGGCCAAACACGCAGCTTCCGCCCGCCGAGTTGACGCGATCGAGCGTGGCCGCCAGATTGTCAGTATGCAGATAGATAATACATCCCTGATCGGAGGGCTTAACGCCATCGAACTTTGCCAGCGCGCCGCCGGGAGCCGGATCCTCATGCGGGAAAACGGCCATCTCGATGCAATCCATTTTTTCCCGACGCAGCGTCACCTGCATCACCGGCTCGTAAAACGCCACGGCACGATCCATCTCCGCAACCGGGATCTCAAACCAGTTAATTACGTTGTTCATACATCCTCCTGTCCATTGTTTGGGTTCAGGAGGAGTGTAAGACAGGCCTACTGACAGCATTGTGTCAGTATGGTGCGCACACCAGCGCGCGCTTGGGACTCAGCAGCCACGGACGCAGGTATCCCACGGTACTGGAAAATGGCAGCACCTCTTCAGGAAGCACAATGCCAAGCTGCTCGCCGATGTACAAGCGCCGGGCAACGATACGCTGCCAGAGTTCAGGATAGCGCTGCGCCAGCTCCCGACGCATCGTGCTATCGGCAAGCGCCACGGTATCTTCAATGCTTGCCCCGCCGTAGCCCGGGCGGGAAGGAATGATGTCGATTTGCAGTATCATCCCGCTTTGCAGGCAGGCGGTTGAATGGGGGCCAATGGGCGAACAGAGCCACTCCTCATCCGCGACCAGATGCCCCGGATTCAGGTGCCAGTGATATTCCGCCTTCGGCAACGCTTGCTCTATCAGCGCATACATATCGCCGCCGCGCATGCCGATGCGCAGATTTTCCAGCCAGTTCACCACCGCGTTGAAATAGGGCTTCGCCACGACCTCGAGGTAATCAGCCACCTCGGGCGCCAGTTCGCCCTCATCGGACACCACGTAGGCGGCGCGGCTGCTCAGGCCGCCTTTAAAGCCGGTGGTCAGCGAGAATTTATCTCCGCGCTGAATCACCTTATCGCCCGGATAGAGATTCGCCCAG
NZ_CP180159.1_gap115	4593048	4596265	3217	ATAATTGAGTGAACTGGCGCTAAGATTAATAAATATAAACTCCCGGCGTACCTTTTCAAGCGACAGGTAAATCAGGTCATCAATATCAATAATTAGCTCAGCGAGTCCTTTTAAAAAATAGCTGTCATGCGCTGGCCAGATGCACTGGTCCAAAGAATATTTATAATCCATATAAAGTTAAACCCCATAGTCCTGGAAATCTTGAACTTATCACAACACTGCTGATAGCCCAGGCCTGCAAAGTCTAAGTCAGCAAATTCCCTCTTTAATATATTCAATCAAAATTCAAAATAGTATTGCCAGAAACAAAGAACACTAAATGACTTGCTTGTTTCTTGTGTTACCAAATTTAGGATTTTTCACCATGTGTGTCAATAAGTGCGCAAAGGGCTAATTACCGGCCAGGTCAATTTAAGTCAGAAGAATAAAAATAAGGATATTGAGTTAAACACAAAAATCATTGGTTTTCATATGGTTATTGGGGGGATATGCGTAGATTCTTAAGTGAATATTATATGTTCCAGGATCTTAGCCATTAGTTGTTAAGACTATTCTTAACCGCACTTTTATTTTAAAAAGCGAAAAAACCGAGTAAATTCAAAAAATAAGAACATAAAACCAATAAACAACACAAAATCAGCGGTTAATTTCATTAATTAGCGGAAATAATGGAATTACACGCCGCACAAAAGGGATGGTCACCGACTAAAAATTTTCCGCCGCGGATCGTAATCAAACACGAAAAGATTATCTATTCGCTTAAACCGACTCAGATATAAGAATTGCACGAGCGTCCAGAGTCGTCCCGTTGTACCCGCGGCGATAGCGTTCCCCGGCTAATGTCGCATAGAACGCGTCATCTTTATCAGAGGGAATACGTATCATTATTAATCTCATGCGCTATCGCGTATTAAAGGTAGGCAGAGTATTCACAGACGCCCGATTGCCGATGCAAAAGTGTGATCCATGACGAACTTTTTTTCCAATAAATCGGCCAACTTTCGCATCCGTTCACTATTTGTTCGCCTTACTGTCATCCGGCAGTCATATAAAACACCATTAATAGTGCCCAGTTTACTGACGAACCTGGACGCATTTATGAACAGTTCCCTGGCTGCGGTGGCAGAAACCGATTATCAACTGTTTACGCCGCCCTTTACCGACCGGCAGCGTAAGGTCCTGAGCGTAGGCAACCTGAGCAAATCCTACAGCGCGCAGCAAACCGTACTGGACGGCATCAGTTTCGATCTTCATGCGGGCGAGCTGGTTGGCGTCATTGGTCGTTCCGGCGCCGGAAAGTCAACGCTGCTGCACGTACTGAACGGTACCCACAGCGCCAGCGGCGGCGAGATCCTCAGCTATCCGGAAGTGGGTACGCCGCAGGACGTATCAAAGCTGTCGGGCCGCGCGCTAAACGCCTGGCGCAGCCAGTGCGGCATGATTTTTCAGGATTTCTGCCTGGTGCCGCGTCTCGACGTTTTGACCAACGTGCTGCTGGGGCGCCTGAGCCAGACCTCCACCCTGAAATCATTATTCAAAGTTTTCCCCGACGCGGACCGCGCCCGCGCGATCTCCCTGCTGGAATGGATGAATATGCTGCCGCACGCGCTACAGCGGGCGGAAAACCTCTCCGGCGGCCAGATGCAGCGCGTGGCGATTTGCCGGGCGCTGATGCAAAACCCGGGTATTTTGCTGGCCGATGAACCGGTCGCTTCTCTCGACCCGAAAAATACGCAGCGGATTATGAATGTCCTTCGCGAAATTAGCGAACAGGGTATCAGCGTGATGGTAAACCTGCATTCGGTGGAACTGGTGCGTGAATATTGCACGCGTGTCATCGGCGTAGCCAAGGGCAAGATTATTTTTGACGATCATCCCACGCAGCTGAATCAGGATATTCTGCATCGGCTGTACGGCGATGAAATTAGCCAATTGCATTAAATTTCACTCACACGGGCAAAATAATGAAAAAGTACATCACTGGCGCAGTTCGTTTATCCGCAGCGGTTGCAGGCATTATGATGGCGTGGCAGGCAAGCGCTGCTGAACAACCGAAGGAATTAAATCTGGGCATCCTTGGCGGTCAGAACGCAACCCAACAAATTGGTGATAACCAGTGCGTTAAACAGTTTCTTGATAAGGAGCTGAAGGTCGATACAAAATTACGTAACTCTTCCGACTACTCCGGCGTGATTCAGGGATTGCTGGGCGGAAAAGTTGACGTGGTCTTAAGTATGTCGCCGTCATCATACGCTTCCGTTTATATTAACAACCCTAAAGCCGTCGATATTGTCGGGATTGCCGTAGATGATAAAGATCAATCCCGCGGCTATCACTCGGTGGTGATTGTCAAAGCCGACAGTCCGTATAAAAAGTTAGAAGATCTGAAAGGCAAAGCGTTTGGCTTCGCCGATCCGGACTCCACTTCCGGCTTTTTAATTCCCAACCACGCCTTTAAACAGCAGTTCGGCGGCACGTCGGATAATAAATATAATAACTTCTTCTCCAGCGTGACCTTCTCCGGCGGCCACGAGCAGGATATTCTGGGCGTGCTGAACGGTCAGTTTGCCGGCGCGGTGACCTGGACCTCGATGGTGGGTGATTATAATAGCGGCTACAGCGTCGGCGCCTTCAACCGACTGATTCGCATGGATCATCCGGATTTGATGAAGCAAATCCGCATTATATGGCAATCGCCGCTGATCCCGAACGGCCCAATCCTGGTCAGCAATTCCCTGCCTGCTGACTTTAAGGCCAAAGTCGTCACCGCGATTAAAAAGCTGGATACCGACGATCACGCCTGCTTTATCAAAGCGATGGGCGGCACGCAGCATATCGGCCCGGGCAGCGTAGCCGATTTCCAGCAGATCATTGATATGAAACGCGAACTGGTTACCGCGCGTTAATCCCGCCCTGACGCCGTCGTCCGGCCAGTCTCGCGGGCGGCGGCGACTCGTTGAAGACACAGCGACGCATGAATAATACCCATACCGAATTCGAACGCTATTACCAGCAGGTCCGCTCGCGGCAAAAGCGCGACACCTTTAGCTGGTCCCTGCTGCTGCTGGCGCTCTATTTTGCCGCGGGCAGTATGGCCGAGTTTAATCTCTTTACTATCTGGCACTCGCTGCCCAATTTTCTCGATTACATGTTCGAGACGCTGCCGACGCTGCACGTCACCGACCTGTTTGCCGATTCGCACACTAAAGGCTCTCTG
NZ_CP180159.1_gap116	4604984	4605615	631	GAAAGCGGAGCAGTATGACAATGAGTATCTGTCGCTGGATCTGAACGTGAAGGTGGTGGCCGATCAGGATGAAGCCGTAGCGCATATTCGCGAGCACGGCACCCAGCATTCCGACGCCATCCTGACGCGCACCCTGGGCAACGCCAACCGCTTTATCAACGAGGTGGATTCCTCGGCGGTGTACGTCAACGCCTCTACCCGCTTTACCGACGGCGGCCAGTTTGGCCTCGGTGCGGAAGTGGCGGTCAGCACCCAGAAGCTGCACGCGCGCGGCCCGATGGGCCTGGAAGCCCTGACAACCTATAAGTGGATTGGTTTCGGCGACGATACCATTCGTGCTTAATGCTAATTGGGTGATGCAAAAGTAGCCGTTTGATTCGCAAGGGCATTGACGCATCACCCACTTAGTTTTAACCTTCTATCCCGTGCTTACGCTCGTCAGCACATCTTGCAGGGCCGATATAGCTCAGTTGGTAGAGCAGCGCATTCGTAATGCGAAGGTCGTAGGTTCGACTCCTATTATCGGCACCATCTTTTCTCGTAAAATCATCAAGTTACTATTGCAGTGTTTTGCTTTGTTTAACACTAATGTGCAATTTTGCGCGTTGTAGGTGTGGCAAAATTGTGGCAA
NZ_CP180159.1_gap117	4613750	4616089	2339	TCGCTCGCCTGTTCATCGACATAGCCGGTACGCAGACGGAAGTCGATACGCGACTGCTGGCATTCAATATTCAGCGAACAGGCTCCCGCCAGGGTTGCGGCTAGCGGCTGGGCGCCGCCCATCCCCCCCAGGCCCGCAGTCAGCACCCAGCGTCCGCGCAGGCTACCGTTATAGTGCTGGCGCCCGGCTTCCACAAACGTTTCGTAAGTGCCCTGAACAATGCCCTGGCTGCCAATGTAGATCCATGAGCCGGCCGTCATTTGCCCGTACATCGCCAGACCTTGTGCATCAAGCTCGTTGAAGTGCTCCCAGTTTGCCCAGTGCGGTACGAGGTTGGAGTTGGCGATCAGCACCCGCGGGGCGTTGTCGTGGGTTTTGAAAACCCCCACCGGTTTGCCGGACTGGATCAGCAGCGTTTCATCATCATTGAGCTGCTTCAGCGTCTCCACGATCTTGTCGTAGCATTCCCAGTTACGGGCCGCCCGGCCAATACCGCCGTACACCACCAGCTCTTTTGGATTTTCGGCTACATCAGGATCCAGGTTGTTCATCAGCATGCGCAGCGGCGCCTCTGTGAACCAACTTTTTGCGTTCAGCTTAGTGCCTCGCGGGGCTCTGATTTCAACATCGCGAAAACGGGTTGCTTGTTTACTCATGCGCTTTACCTTCTTATCCGTTACCTGCCATATGTTAATTAATTGTTAGTTTTGTTATTTTCATCTTAATTGTATATACATGATAAGCATTTTGGATGCCAGGTTAGCAATTAATTTATAAAACCAATAAAATTCAATAAATTAACATAAAAAAAGAAGGACATGATGCGCTATACACTCGTGAACACACCGTGATGATGGGCCATTATGGTGCAAAAATACAGCTCTTCGCCTTATTTTTGTGCACTAAAACATCACAAAAAGATAACACCAGTGCATTTTCTATCTCGCCATGACCTCTTATCTCGCCATAGACGGCAGTACCAGATAACGCAAATACACTCTAAGTAATTGTTTTAAAATCACTAAACAATCATATCATTGCGTATTCCTCTGGCAGTGGCACAAGTTTTGCTAGTTGTACATACAAGATTATACATAGCAGCATTTTGTCGCGTGACTCCCCTGCATTCGGGAACACCACACACAACAATCAGAGGCGTGAAGATGATTACCTTCCAGAATGTGACTAAGCACTACGACAACGGTTCGGTCGTAGTAGATGGCCTTAGCCTGGTAGCGCCGGGTGGCAAAATTACGGTATTTGTCGGCCCTTCGGGCTGTGGAAAAACCACCTCATTGCGGATGATTAACCGTTTAGTGGAACCGTCATCGGGCCGGATCCTGCTTAACGGCGAAGCCACCGAGCAAATGGATATCGTGCAACTGCGCCGCCGTATTGGCTATGTCATTCAAAATGCAGGTTTATTCCCCCACAAAAACATTATCGACAACATTGCCACCACCGCGATTCTCAACGGCGCCGCCAAAAGTAAAGCCAGAGCCAGAGCCGGGGAATTACTGGAAGTTGTCGGTCTGGATCCGCAAATCGCCAAACGCTTCCCCTGGCAGCTTTCCGGAGGCCAGCAGCAGCGCGTGGGCGTTGCCCGTGCCCTGGCGGCAGACCCGGAGTTTATGTTGATGGACGAACCGTTCAGCGCGGTCGACCCGGTGGTCCGCGAACAGCTGCAGGAAGAGTTTTTGCGTATTCAGAAAGAGGTGAGCAAAACCATCATTATGGTCACTCACGATATTGATGAAGCCATGAAGCTCGGCGACCTGGTCGCGGTACTTAAACCTGGCGGCAAGCTGGCGCAGATGGCCTCCCCAGGCAAACTGCTCAATACGCCGCAAAACGCCTTTGTGGCGGACTTTATCGGCAAAGACAGAGGCTATCGCAAACTGAGTTTCCACGCCGCCGACACAGAAACCGGGTTACGCAACGAACCCTATGCCGAGCTGGATTGTTCCTTCGAGCAGGCCAAAGAGATGGCCATCGACCGCTGGCTGCTGGTTACCCAAAACGGCAAAGCGTTTGGCTGGTTCGACACCCACCAGCCGGCAACAGCGATTACCCACGACAACATCAATCTGGGGGCGACGTTCCACCAGCAGGGGAGCCCGTTGCGCCATTTGCTGGACGCTGCGCTGAGCTCGCCCAACTACCGGGCCGTGATCGTCGATGAACGGCAAATCCCGCAGGGAACCATCCACCTCGATCAAGTACTCGACATGTGCAAATCCACGCGCCAGGAGGGAGCATGAGATTCGATTGGCTATGGGCGCAGAGCGATAAAATCTTCAACCTGTTTATCTGGCACAGCTATCTCGCAATTGTGCCGG
NZ_CP180159.1_gap118	4617095	4617942	847	CTCTCCGGCGTGCGCAGCGCCACGTTGCAGATTATTTCCACCGCCACCATCGCAGCCTATGTCTCGCTGGGGGGATTCGGACGTCTGATTATTGACGGACGCGCGGCGAACGATTTCAGCCAGATGATCGCCGGCGCCATGCTGGTAGCGCTACTGGCTTTATTGATCGACTGCTTGTTCTCTTTCTCGCAAAAAATAGTCGTTTCACCCGGTATTACCCGGCGTATTAAAAACCCATAACCTCATTCCACTGCTCAAAAGGATACCTCAATGAATATGAAAAAACGTATTTTGACGCTGTGTTCAGCGCTGCTGCTGTCGGCGACCTCATCGGCCTGGGCCGCGCCGAAAGTCATTGTCGGTTCTGCAGACTTCCCGGAAAGCCAACTGCTGGGCACCATTTATGCGGGTGCGTTAGAAGCGCAAAACATCCCGGTGGAGAAAAAGCTGAACATCGGCAGCCGCGAAGTGTATATCCCGGCGCTGCTTGACGGCTCCATCACGCTGATCCCGGAATACAGCGGCGCGCTGTTGAGCTATCTGGATGCGAAAAATGCGGCACACGGTAGTGAGGACGTCGCCAGAGAGCTGGCCGCTAAGCTGCCGGAGAAAGTTAAAATGCTGCAGATCTCCCAGGCTCAGGATATCGACGTTCTGGCCGTGACGCAGAAAACCGCCGATAAATATAAACTGAAAACCATCGCCGATTTACAGCCTGTTGCCAGCCAACTGGTGCTGGGCGGCCCGGCGGAATGGAAAACCCGCCATGAGGGGCTCTCCGGCCTGCGCGACGTGTACGGGCTGAACTTTAAGAGTTTTAAAGTGCTGGACGTCGGCGGGCCGTTGA
NZ_CP180159.1_gap119	4678100	4679273	1173	TTTACCTGCACAGGATTCCCCTGCAAAGAGACATTCACCTGATGGGAAATCGCGCAGGCTTCGGTATTGATTTCCGCGCTCAGATTGCCAATCTTAAGTAAATGAAAGCCATATAATTTAGCGAGCCACGGTTTCATCTGCCGTTCCAGCGATTCGCGGTAGTATTCGCCCCACGGCATGCTGGACCAGTGCTCTGGCGCTGTAAGTGTATGAGGTATCCTTGCCGGCTTCATCGCAACCTTCCGCTACGCATTAGAGGTAATTTATGAATCTTATCAGTATTCCCGCATTTCAGGACAACTACATCTGGGTTCTTAGTGAAGATAGCGGGCGCTGCCTGATAGTCGATCCCGGAGAAGCCGCGCCCGTGCTCGCCGCCGTCGAACAAAACCGCTGGCAGCCGGAAGCTATCTTGTTGACGCATCACCACCGCGACCACGTTGGCGGCGTTAAACAACTGCGGGAAAAATTTCCGAACCTGGTGGTTTACGGGCCGGCAGAAACCCAGGATAAGGGCGCAACCCACGTCGTGAAGGACGGAGATAGCCTCACCGTTTTGGGCCGCGAATTTTCTATTTTTGCCACGCCAGGTCACACTTTAGGACACATCTGTTTCTACAGCACACCTTATCTATTTTGTGGCGATACAATGTTTTCCGGCGGCTGCGGCAGACTATTCGAAGGGACCGCAGAGCAGATGTATCAATCATTTAAGAAGATTAGCGCCCTTCCTGATGAAACATTAATATGTTGCGCACATGAGTACACTTTAGCAAACATGAAGTTTGCAATGAGCATCCTCCCCCATGATAGGGAGATAAACGATTACTACCGCAAAGTTAATGAGTTACGTGCAAAAAACCAAAAAACACTCCCCGTAACTCTGAAAAATGAGCGTCTTATTAATTTATTTCTTCGAACGGATGATGATGATTTAATTAAAGAAATAGACAAAGAAACAAATTTGCAACACTCTATTCAGCGATTTGCCTGGTTAAGGTCAAAGAAAGACGACTTCTGATATTTAATTCTTGTCTTCAGACGACTTCACCGTTATCCTTGCTCGTCTTTTAAGCAACTATTGACACACACATGAAGGCACGAGCGATTTTACTCGCCTCTGTCCTGCTGGTGGGGTGCCAGGCGTCTAAGAACGATGGCACCGTACAACAG
NZ_CP180159.1_gap120	4722941	4724215	1274	AAAACTTGTCTCAGACAGACCAGACGGTCGCCCACTGCAAAAGTGAGCTAAGTATAGTCATGTTTATGCTCAGCGTCTTTCAGGCTGCGGGTCAGCCGCAGCATTCCATCCACAGAGCATGTTGAAAACCATCGGGTCAAAAAACCCGAAAAAGTAAGGCCGAATATTACCCGCATTTGACGCTAACGGGAATTACTCAGTAATTAATGTGCCTTCTTTTTCACCCATCACCACTCGGCGCAGCGCGCCAGGCTTATTCATATTGAATACGCGAATCGGCAGTTTGTGGTCACGCGCCAGGGTAAAGGCCGCAAGATCCATCACTTTCAGCTCTTTATCCAGTACTTCGCTGTAGGTCAGTTGATCGTACATCGTTGCGGAAGGATCTTTGGCCGGGTCGGCGGTAAATACACCGTCGACTTTGGTGGCTTTCAGTACCACATCGGCTTCAATTTCAATGCCGCGCAGGCAGGCAGCGGAATCGGTGGTAAAGAATGGGTTGCCGGTACCCGCGGAAAGAATCACCACGCGGTTGTTACGCAGCAGGCTGATAGCTTCCGCCCAGCTGTAGTTATCGCACACGCCATTCAGCGGAATCGCTGACATCAGGCGGGCGTTCACATAGGCGCGATGAAGTGCATCACGCATTGCAAGGCCATTCATGACCGTTGCCAGCATGCCCATGTGGTCGCCCACAACGCGGTTCATGCCCGCTTTCGCCAGACCAGCACCACGGAAAAGGTTACCGCCACCAATCACTACGCCAACCTGAATACCCAGCTCAACCAGTTCTTTGATTTCCTGAGCCATGCGGTCAAGTATGCTCGCATCAATACCGAAGCCTTCTGAACCTTGCAGAGCTTCGCCACTTAACTTAAGCAGAATACGTTTGTAGACGGGTTTTGCATTGGTAGCCATGTTTCTTTCCTGAGACTGTCAACGAATGAGATGAGTTAATTCTGGCGACATTGTACGTCGCTTTTCAGCGTACCCACTATAGCGGTTGGCTGAATTTACACATTAGGCGCAAAAAGAAGCCGCCCTCAGGCGGCTCCTTTTGAAAATTAAGACTGCTTGGACATCGCAGCAACTTCTGCTGCAAAGTCAGTCTCAACTTTCTCAATGCCTTCGCCCACTTCAAAGCGGATGAAGCCAGTCACGTCAGCGTTGTGCTCTTTCAGCAGCTGAGCAACAGATTTGCTCGGGTCCATAACGAACGGCTGGCCGGTCAGAGAAACTTCGCCGGTGAATTTCTTCATGCGGCCTTCAACCAT
NZ_CP180159.1_gap121	4725931	4730663	4732	GATTCTCAATTTGGCAGCAGGACGCCCGGACTGTTAACATTGTTCAGACATAATCTATTATTGTCGAAAAAATCGACACTGCTGGACACAATCCATGGCTATTTCTATCAAGACATCTGAAGACATCGAAAAAATGCGCGTTGCCGGCCGCCTGGCCGCTGAAGTGCTGGAAATGATCGAACCCTACGTAAAACCGGGCGTCAGCACCGGCGAACTGGATCGCATCTGCAACGATTATATCGTTAACGAACAAAAAGCCGTATCCGCCTGCCTGGGCTACCACGGCTTCCCGAAATCCGTCTGCATCTCTATTAATGAAGTGGTGTGCCACGGGATCCCGGACGATGGCAAGCTGCTGAAAGATGGCGATATCGTCAACATTGACGTCACCGTCATTAAAGATGATTTCCACGGTGATACCTCGAAGATGTTTATCGTCGGTAAACCGACCATTCTGGGCGAGCGCCTGTGCCGCATTACCCAGGAAAGCCTCTATCTGGCCCTGAAAATGGTCAAACCGGGCGTTAATCTGCGCGCTATCGGCGCGGCTATCCAGAAATACGTTGAAGCCGAAGGTTTCTCCGTCGTGCGCGAGTACTGCGGCCACGGTATCGGCCGCGGTTTCCATGAAGAACCGCAGGTGCTGCATTACGACTCCCCGGAAACCAACGTGGTGCTCAAACCCGGCATGACCTTTACCATTGAACCGATGGTCAACGCGGGTAAAAAAGAGATCCGCAGTATGAAAGACGGCTGGACGGTAAAAACCAAAGACCGGAGCTTGTCTGCGCAGTATGAGCATACTATTGTGGTGACAGACAGCGGCTGCGAAATACTGACGTTACGCAAGGATGACACCATCCCGGCGATAATCTCGCACAACGAATGATGAAAAGCCGGCGCCAGCCGGCTTTTTTATGACGAGCACCCTGTGGGCCGCCGCAAGCGACGTTAAAAATCGCTCCCGGCGATTTTTTATGACGGGCGTCCTGCCCGTCACCCTGTGGGCCGCCGCAAGCGACGTTAAAAATCGCTCCCGGCGATTTTTTATGGGTGATAGTTTTTTATTATGGTGGCGCGATGAGCAACTCTTTATCTGATACTGTCTCCCCTGCCCTAGCCGACCAGCCGGCGAATCCGGGCCGCTGGCCGCAGAGCGACTTCAACTGCGCGGCTATCAAGGCGCACATCGACGCTTTTCAGCGCTGGCTGGGCGAAGCATTTGACCACGGCATCGCCGCAGAGAGATTGATTGAGGCGCGCACCGAATTTATCGATCAGCTGCTTCAGCGGTTATGGGTCGAGTACGGGTTCGGGTCGATGAACGACATCGCGCTGGTCGCCGTCGGCGGTTACGGCCGCGGCGAACTGCACCCGCTTTCCGATATCGACCTGCTTATCCTGAGCCGTAAAAAGCTGCCCGATGAGCAGGCGCAGAAGGTCGGCGAGCTGCTGACGCTGCTGTGGGATATCAAGCTGGAAGTCGGCCACAGCGTGCGCACCCTCGAAGAGTGCCTGCTGGAGGGGCTGTCGGACCTCAGCGTCGCCACTAACCTGATTGAATCGCGTCTGCTTATTGGCGACGTCGCGCTGTTCCTTGAACTGCAAAAACACATATTCAGCGAGGGCTTCTGGCCATCGGAAAAGTTCTTTGCGGCAAAAGTCGAAGAGCAGAATGTACGCCATCAGCGCTATCACGGGACCAGCTATAACCTCGAGCCGGACGTGAAAAGCAGCCCCGGCGGCTTGCGCGATATTCACACCCTGCAGTGGATCGCGCGCCGCCATTTCGGCGCCACCTCGCTTGATGAAATGGTCGGCTTCGGTTTCCTGACCGAAGCCGAGCGCAACGAGCTTAACGAATGCCTGCATCAGCTGTGGCGCATTCGCTTTGCGCTGCATCTGGAGCTCAACCGCTACGATAATCGCCTGCTGTTCGACAGGCAGTTCAGCGTCGCCCGTCGCCTGCGTTACGAAGGCGAAAGCAACCAGCCGATTGAGCATATGATGAAGGATTTCTTTCGCGTCACCCGCCGGGTGAGCGAGCTGAACCAAATGCTGATCCAGCTGTTCGAAGAGGCGATTCTGGCGCTCACCGAGGATGAGAAGCCGCGGCCGATTGACGATGATTTTCAGCTGCGCGGCACGCTAATCGATCTGCGCGATGACACGCTGTTCATCCGCGAACCGCAGGCGATTCTGCGCATGTTCTTTATGATGGTGCGTAACAGCAGCATTACCGGCATCTACTCCACCACGCTTCGCCACCTGCGCCACGCCCGTCGTCATCTGACGCAGCCGCTTTGCTATATTCCGGAAGCGCGGACCCTGTTCCTCAGCATGCTGCGCCATCAGGGCGCGGTCAGCCGGGGGCTGCTGCCGATGCACCGCCATAGCGTGCTATGGGCCTATATGCCGCAATGGTCGCATATTGTCGGTCAGATGCAGTTTGACCTGTTTCACGCCTATACCGTTGATGAACACACGATCCGCGTGCTGCTTAAGCTTGAGAGCTTCGCCAAAGAAGAGACCCGCAGCCGCCATCCGCTGTGCGTTGAACTTTGGCCGCGCCTGACGCATCCGGAGCTGATCCTTATCGCCGCCCTCTTCCACGATATCGCGAAAGGACGCGGCGGCGACCATTCTATTCTCGGCGCGCAGGACGTGCTGAAATTCGCCGAGCTTCACGGTCTTAACTCGCGCGAAACCCAGCTGGTGGCGTGGCTAGTGCGTCATCATCTGCTGATGTCGGTCACCGCCCAGCGTCGCGATATTCAGGATCCGGAAGTGATCAAGCAGTTTGCCGAAGAGGTGCAAACGGAGAACCGTCTGCACTACCTGGTCTGCCTGACCGTCGCCGATATCTGCGCCACCAACGAAAACCTGTGGAACAGTTGGAAGCAGAGCCTGCTGCGCGAACTCTATTTCGCCACCGAAAAACAGCTGCGCCGGGGGATGCAAAACACGCCGGATATGCGCGAGCGGGTGCGTCACCACCAGCTACAGGCGCTGGCGCTGCTGCGGATGGAAAATATTAATGAACAGGCGCTGCACCAAATCTGGAACCGCTGCCGCGCCAACTACTTTGTGCGCCATACGCCAAACCAGCTCGCCTGGCATGCGCGCAATCTGCTGCGGCACGATCTCAGCAAGCCGATGATCCTGCTCAGTTCCCACGCCTCGCGCGGGGGCACCGAGATCTTCATCTGGAGTCCGGATCGTCCTTACCTCTTCGCCGCCGTTTGCGGCGAGCTGGATCGACGTAATCTTAGCGTTCACGATGCGCAGATCTTCACCACTCGCGACGGCATGGCGATGGATACCTTTATTGTCCTTGAGCCGGACGGCAGCCCGCTTTCCGCCGACAGGCACGAAATGATCCGCTTGGGCCTGGAACAGACCATCAGCCAGCGCAGCTGGCAGCCGCCGGCGCCCCGTCGTCAGGCGGCGAAGCTGAGGCATTTTTCCGTGCCGACGGAGGTGAATTTCCTGCCGACGCATACCGACCGGAAATCCTTTCTTGAGCTGATTGCTCTCGACCAGCCGGGTCTGTTAGCGCGCGTCGGCCAGGTGTTTGCCGACCTCGGAATTTCGCTCCACGGCGCGCGAATTACGACAATTGGTGAGCGAGTAGAAGATTTATTTATAATCGCCACCGCAGACCGGCGCGCCCTTAATAATGAGCTACAGCAAGAAGTGCAACAACGGTTGACAGAGGCCCTCAATCCAAACGATAAAGGGTAACGTATTTTTTTAAGTAAATGGAAAGAGTAAACAATGCAGCAATTACAGAACGTTATTGAGTCCGCTTTTGAGCGTCGCGCCGACATCACGCCGGCAAACGTGGATACCGTAACCCGCGAAGCGGTTAACCAGGTGATTTCTCTGCTTGATTCCGGCGCGCTGCGTGTCGCTGAAAAAGTTGACGGCCAGTGGATCACCCATCAGTGGCTGAAGAAAGCGGTTCTGCTCTCTTTCCGTATTAACGATAACCAGGTTATCGATGGTGCGGAAAGCCGCTACTTCGATAAAGTCCCTATGAAGTTCGCGGATTATGATGAAGCGCGTTTCCAGAAAGAAGGTTTCCGCGTCGTTCCACCGGCGGCCGTTCGTCAGGGGGCGTATATCGCTCGCAACACGGTTCTGATGCCGTCCTATGTGAACATCGGCGCCTACGTTGACGAAGGCTCGATGGTTGATACCTGGGCGACCGTGGGTTCCTGCGCGCAGATCGGCAAAAACGTCCACCTGTCCGGCGGCGTCGGCATCGGTGGCGTACTGGAGCCGCTGCAGGCTAACCCGACCATTATCGAAGATAACTGCTTTATCGGCGCGCGTTCCGAAGTCGTTGAGGGCGTCATCGTCGAAGAGGGTTCCGTTATCTCTATGGGCGTATACCTCGGCCAGAGCACCAAAATCTACGACCGCGAAACCGGTGAAGTGTTCTACGGCCGCGTTCCGGCAGGCTCCGTCGTCGTTTCCGGCAATCTGCCGTCAAAAGATGGCAAGTACAGCCTCTACTGTGCGGTTATCGTCAAAAAAGTCGATGCCAAAACCCGCGGCAAGGTTGGAATCAACGAACTTCTGCGTACCATCGACTAAGCAGTATGAAAAGCGGGAGGCATCCCGCTTTTTTTATATATTAAGCTGGCGAAGATAGATTTTTTCGTTAATTATTCAAAGATTACGATGATATCAAAGGTACCGTTATGTACGATAATCTGAAAAGTCT
NZ_CP180159.1_gap122	4884122	4888778	4656	CCAGTTCAACGCGGCCCTGCCGTGGGACAGCATCGATATGGACTTTATGAACCTGAACCAGACCGCCCACGGCGGCCGCGAATTTGGCTTCATCGGCGCCCGCATGCGTCAGCAGCACAGCGTGGTGACCGGCCACTGGCAGGATAAAGAAGCCCATCAGCGCATCGGCGCGTGGATGCGCCAGGCGGTCTCTAAACAGGATACCCGCCACCTGAAAGTGTGCCGTTTCGGCGATAACATGCGCGAAGTGGCGGTCACCGACGGGGATAAAGTCGCCGCGCAGATTAAGTTTGGCTTCTCGGTTAACACCTGGGCGGTGGGCGATCTGGTGCAGGTCGTCAATGCGGTCACCGACGGTGAAATCAGCGCCCTGGTGGATGAGTACGAAAGCAGCTATCGCCTGACCCCCGCGGTGCAAATCCACGGCGATAAGCGGCAGAACCTTCTTGATGCCGCGCGCATTGAGCTGGGGATGAAGCGCTTCCTGGAACAGGGCGGCTTCCACGCGTTCACCACCACCTTTGAAGATTTACACGGCCTGAAACAGCTTCCGGGTCTCGCCGTGCAGCGTCTGATGCAGCAGGGCTACGGCTTTGCGGGCGAGGGCGACTGGAAAACCGCCGCTCTGCTTCGCATCATGAAGGTGATGGCAACCGGTCTGCAGGGCGGCACCTCCTTTATGGAGGATTACACCTACCACTTCGAGAAAGGCAACGATCTGGCGCTGGGCTCGCATATGCTGGAAGTCTGCCCGACCATCGCCACCCCTGAAAAACCGATTCTCGACGTGCAGCCGCTGGGCATCGGGGGGAAAGCCGATCCGGCGCGCATCATCTTTAACACCCAGACCGGCCCGGCGATCGTCGCCAGCCTGATCGATCTCGGCGATCGCTATCGTCTGCTGGTGAACACCATTGAAACGGTGAAAACGCCGCACGAACTGCCGAAGCTGCCGGTGGCCAACGCCTTGTGGAAAGCGCATCCGGATCTGCGCACCGCGTCCGAAGCCTGGATCATCGCTGGCGGCGCGCACCACACCGTCTTCAGCCATGCGCTCACCCTCGACGATATGCGCCAGTTTGCTGAGCTGCAGGATATCGAGCTGACCGTGATTGATAACGAAACCCGTCTGCCCTCCTTCAAGGACGCGCTGCGCTGGAACGAAGTGTATTACGGTTCAAAACGCTAAGGGGCCGTCCCCTCACCCTCTCCCTGAGGGTGCGGGTGAGGGGAACTGACTCGCCAGCAATTCGGAGCACAGTATGTTAGAAGATCTCAAACGCCAGGTTCTCGAAGCCAACCTGGCCCTGCCAAAGCACAATCTGGTTACCCTCACCTGGGGCAACGTCAGCGCCGTCGACCGTGAACGGGGCGTACTGGTGATTAAACCCTCCGGCGTCGACTACAGCGTCATGACCGCCGAGGATATGGTGGTGGTCAGCCTGGAGACCGGCGAAGTGGTGGAAGGCAAGAAAAAGCCTTCGTCGGATACGCCAACCCACCGTCTGCTGTATCAGGCATTCCCGACGCTGGGCGGCATTGTTCATACCCATTCGCGTCACGCCACCATCTGGGCGCAGGCCGGACAGTCGATTCCCGCTACCGGCACCACCCACGCCGACTATTTCTACGGCGCGGTCCCCTGTACCCGTTTGATGACCGACGATGAGATCAACGGCGAGTACGAATGGCAAACCGGCGAAGTGATCGTTGAAACCTTCCGTGAGAAAGGCATCGATCCGGCGCAAATGCCCGGCGTGCTGGTGCACTCGCACGGCCCGTTTGCCTGGGGGAAAAACGCCGAAGACGCGGTGCATAACGCTATTGTGCTGGAAGAGATCGCCTATATGGGCATCTTCTGCCGCCAGCTGGCGCCGCAGCTGCCGGAGATGCAGCAAACGCTGCTGGATAAACACTATCTGCGCAAGCACGGCGCGAAAGCCTATTACGGGCAGTAACGCCGCAGCATTCCCGGCTCGCGCTGCGCTTAGCCGGGATACAGGCTGATAGTCCGGCTAAGCGTTAACGCCGCAATCCGGGAGATAGCGCGCACCACACCTGTATAAAACCCCAGCATCATTCGGTGAACCAGGCTATAATCAGGCCTGGTTTTTACTGATGAGAGCACGGCGTGACGCAGCCACGAGCAGGTTTTTTACTCACCCGTCACTGGCGGGATACCCCGCAGGGCACCGAACTGACGTTCTGGCTGGCGACCGATGACGGCCCGCTTGAGGTCACCCTGCCGCCGCAGGAATCCGTCGCGTTCATTCCCGAATCGCAGCGCCCGCAGGCTGAACGCCTGCTGCAGGGCGAAAACGGCCATCGCCTTGCTGCGCTCACTCTGCAAGATTTTCATCGCCAGCGGGTCTTTGGCCTCTACTGCCGCGCTCACCGCCAGCTGATGCGGCTGGAAAAAAAGCTGCGCGAAAACGGCGTCACGGTATATGAAGGCGACGTTCGCCCCCCGGAGCGCTATCTGATGGAGCGCTTTATCACCGCCCCGGTGTGGGTTGAAGGCGAGGCGCGCGGCCAGCGGCTGGTCAACGCGCGGATGAAGCCCAATCCCCACTACCGGCCGCCCCTGAAGTGGGTGTCGCTGGACATCGAAACCAGCCGCCACGGCGAGCTCTACTGCATCGGCCTTGAAGGCTGCGGCCAGCGGGTCGTCTATATGTTAGGGCCGGAACCGGCCACCCCGCCTGCCGTCGATTTCGAACTGGTGTACGTCGCCAGCCGCCCGCTGCTGCTGGAAAAGCTTAACGCCTGGTTTGCCGCCCACGACCCGGACGTGCTGATCGGCTGGAACGTGGTGCAGTTTGATTTACGCGTCCTGCAAAAGCACGCCGAGCGCTATCGCATCCCACTGCTGCTCGGCCGCGGCAACAGCGAACTGGAGTGGCGCGAACACGGTTTTAAGAATGGCGTCTTCTTTGCTCAGGCCAACGGCCGCCTGATTATCGATGGCATTGAGGCGCTGAAATCCGCGTTCTGGAACTTCTCCTCTTTTGCGCTGGAGTCGGTCGCCCGCGAGCTGCTCGGCGAGGGCAAAGCCATTGATAATCCCTGGGATCGGATGGATGAAATCGATCGCCGCTTTCACCAGGATAAACCGGCGCTGGCCACCTATAACCTGCAGGACTGCGAGCTGGTCACGCGCATCTTCCACAAAACCGAGATCATGCCGTTTTTGCTGGAGCGCGCGACGGTCAACGGCCTGCCTGCGGATCGCCACGGCGGTTCGGTCGCCGCCTTCAGCCATCTCTATTTCCCGCGCATGCACCGGCTCGGCTACGTCGCGCCGAACCTCGGTGAAGTGCCGCCGCAGGCCAGCCCCGGCGGCTACGTGATGGACTCCCGCCCCGGTCTCTACGACTCGGTGCTGGTGCTGGACTACAAAAGCCTTTACCCATCGATTATCCGCACCTTTCTGATCGACCCGGTGGGGCTGGTGGAAGGTCTGGCGCAGCCCGATGACGCCCACAGCACCGAAGGCTTTCTCGGCGCGCGCTTCTCGCGAGAAAAACACTGCCTGCCGGGGATCGTCGGGCAAATCTGGCACGGGCGCGACGAGGCCAAACAGCATAAAAACAAACCGCTGTCGCAGGCGCTGAAGATCATTATGAACGCCTTCTACGGCGTGCTCGGTACCAGCGCCTGCCGCTTTTTCGATCCGCGTCTGGCCTCATCCATTACCATGCGCGGCCACGCGATTATGCGCCAGACCAAAGCGCTGATTGAATCCCAGGGCTATGACGTCATCTACGGCGATACCGACTCCACCTTCGTGTGGCTCAAACGGTCCCACAGCGAAGAGGAAGCCAGCAGCATTGGCCGCTCGCTGGTGGCCTTCGTCAACGAATGGTGGGCGGCGGAGCTAAGCAAAGAGGGGCTTGTCAGTACCCTCGAGCTGGAGTTTGAAACCCACTTCTGCCGCTTTCTCATGCCTACCATTCGCGGCGCGGATACCGGCAGTAAAAAGCGCTACGCCGGGATGATTCAGGAAGGCAGCGAGCAGCGCATGGTGTTTAAAGGGCTGGAGACGGTACGCACCGACTGGACGCCGCTGGCCCAGCAGTTTCAGCAGGAGCTTTATCTGCGCATTTTCCGCCATCAGCCCTATCGCGATTACGTGCGCGAAACCATTGATAAGCTGATGAACGGCGAGCTTGACGATCGGCTGGTCTACCGCAAGCGCCTGCGCCGTCCGCTGGCGGAGTATCAGCGCAACGTGCCGCCGCACGTGCGCGCGGCCAGACTCGCTGATGAGCAAAACGTCAGGCTGGGCAGGCCGCAGCAGTATCAGCAGCGCGGCAGCATTAAATACGTCTGGACCACCGGCGGGCCGGAGCCGGTGGATTATCAGCAATCACCGCTGGATTATGAACACTATCTTTCTAAGCAATTAGAGCCTGTTGCCGAAGGAATACTTCCCTTTGTCGACGACGATTTTGCTACAATAGTGACGGGGCAGCTGGGGCTATTTTGATTTTTTCTCACTTATTCCGCTGGCGCAAAAGCCGCAAAATGAAGGGTGAGGAGGACGTGACGAACGTTCCGCCATCCAGTAATATAGCGCCCTTTCCATTCCTGGACCCAATTTTGACGTATCTCCGATTCTCCATGGAGATGCTCAACTATTGCCTGCAATCAAAG
NZ_CP180159.1_gap123	4894843	4898237	3394	ATGAAGGTTTCATTTCAGTTTAAGCTGTTCATTTCGCTGGTCGCTTTTTTCTCAGTGCTGTTTGCGCTGCTGGGCGTGTATTACTATTTCGACGCCAGCCATCAGCTTTATCAGGAAATGAGCGCCCGCGCGAAAATACAGGCAGAAGAAATCGCGCTGATGCCGGATTTACGTCAGCAGGTGGCCCGTGAAGACGCGCTGGCGATAAAGCCTTTTATGGAAAATATCGCCGCCCACAGCGACGCCAGTTTTATCGTCATTGGCGATAAGCGGGGCGTGCATCTGTTTCACTCTGTCCATCCGGAGTGGGTCGGCACGCGGCTGGTTGGCGGCGATAACCAGCCGGTACTTGAGGGGAAAAGCACGACCACCATCCGTAAAGGGGGACTCGGTATTTCCCTGCGCAGCAAAGCGCCCATTTTCGATAACGCGGGTCGGGTCGTTGGCATTGTCTCCGTCGGCTACCTCACCAGCTATCTCGACAGCATCACGCTGGCAAAAGTCATCAATATCTTCATCGCCGCGGTGCTGCTGCTTATCGCGCTGTTTATCTTCTCCTGGTACTTCACCCGCAGCATTAAGAAACAAATTTTCTCGCTGGAGCCGCGCGAAATCGGCCTGCTGGTGCGTCAGCAAAAAGCGATGATGGAATCGATATACGAAGGGGTGATCGTGATTGACCATCACCGGCGTATTGAAGTGATAAACCACGCCGCCCGCAGCCTGCTCGGACTGAGCCAGCCCGCGCACCAGCTGCGCGGTAAGTCTATCGATAGCGTCATTACGCCGCAGCCGTTTTTCGCCGGCGGAGAGATGTTCGAAAGCGATACCCACGACGAGCTGTGCCGTTTTAATCAGCTGACGGTACTCGCCAGCCGGGTGCGAATCATGCTGGAGAATTCGCTACAGGGCTGGGTGATCACCTTCCGCGACCGCGATGAAATCAACTCCCTGAGCGCCCAGCTCAGCCAGGTAAAACGCTACGTTGATAATCTGCGCATCATGCGCCATGAACAGCTCAACCGGATGACGACCCTCTCCGGCCTGCTGCATATGGGCCACTATGATGAGGCGATTCGCTATATTCAGGCGCAGTCGGAGCATGCCCAGGAGCTGCTGGACTTTATTTCATCGCACTTTAATTCGCCGACGCTGTGCGGCCTGCTGTTGGGTAAAGCCGCCCGCGCGCGGGAAAAAGGGGTTGAGCTAAGCTTTGACCCGGCCTGCCGCATCGACCGCCCGCTGCCGTCGTTGATGGAGTCCGAGCTTATCTCTATCATCGGTAATCTGCTGGATAACGCCATTGAAGCCACCCAGCGCGCTGAACTGCCGCACGAACCGGTCGAGATCCTGATTCAGCTCAACGCCCGGGAATTAATGATTGAAGTCGCCGATCGCGGCGTCGGTATTCGCCCGGAGATCCGCGAGCATATATTTGAGCGCGGCGTCACCACCAAAACCCGCGGCGATCACGGTATTGGACTGTATCTTATTGAGCGCTATGTCACCCAGGCTGGCGGCACGATTGAAGTGGCCGACAACGCGCCGCGCGGGGCGATTTTTACGCTGTTTATTCCCGCCAGCGGGCCAGCCCATCCGCAAGAAGAGACACACTATGCATCATGACCTGGTCGATGTCCTGATCGTTGAAGATGAAAGCGAACTGGCGCGGCTGCACGCCGAGCTTATCCAGAAACACCCGCGCATGCGGCTGACCGGCACGGCGGCCTCTCTCGCCCAGGCGCGGCAGATACTCAACGCCAGACCGCCGCAGTTGGTGCTGCTGGATAACTACCTGCCGGACGGCAAAGGGGTCACCCTGATGAACGACCCTATTATGGCCCATGCTAACTGCTCGGTGATCTTTATCACCGCCGCCAGCGATATGGAAACCTGTAGCCAGGCAATCCGCAACGGCGCCTTCGACTACATTCTTAAGCCGGTATCATGGAAGCGCCTGAGCCAGTCCCTTGAACGGTTCGTGCAGTTCTACGATCAGCAGCGCGAATGGAAGATCGTCGACCAGCAGAACGTGGATTCTCTGTATCAGCTACAGGCTAAAAACTACCGAGCCGATAGCGGCAGTAAAGGCATTGAAGAAAAAACGCTGGCGCTGGTGCAGAGCCTGTTTACCGACGAAGAAGAGCGCTGCTTTTCGGTTGATGACGTGGTGAGCGAGGCTGGCTTGAGCAAAACCACGGCCCGTCGCTATCTGGAGCACTGCGTGGAAATCGGCTTTCTGCAGGTGGAAATGCTGTACGGCAAGATTGGCCATCCGCGGCGTATGTACCGCCGCGCCGCCGGCGCATCGTGACGCCTCTCCCGCCCGGGAGAGGCCGGTCGTTTAGAAGCCGCGCTGCTCTTTAATCAGCTCCCAGGCTTTCTGGATCTCCTGCGCTTTCTGCTTAGCCATCTCCATCATTTCCGGCGGTAGCCCTTTCGCTACCAGCTTATCCGGATGGTGCTCGCTCATCAGCTTACGATAGGCGCGCTTGACGGTGGCGGCATCATCGGTCGGTTTGACGCCCAGCACATTGCAGGCATCTTCAAGGGTTGGCCCACGCTGCGCCTGCTGCCAGCCGGCGCTGCCGCCGCGCTGGCCGTAAGATTGCTGCTGCGAACCGCCGCCAAACTGCGCCCCACCCTGCATCATGCGCAGGAACTGTTCGAACTGAGCGCGGGAGATGCCCAGCTCGTCGGCAATCACAAACAGCACGTCACGTTCGTTGGGATGCAGTTCGCCGTCGGCGAAAGCCGCCTGCAGCTGAATTTCCAGAAACATCCGAATTAAATCAAAACGCCCGAAGCAAACGCTGCGCAGCTGACGCATTTTCTCCCGCAGCGGGTAATCATCTGATTTCCCTACGCGAAACGCGTGCTGGGCCGCGGTACGCGCTTCGCCGTGCAGGTTCATGCGATCCATCAGCAAATTGGCAACCTGAATATCGGCTTCGGTGACGCGCCCTTTCGATTTGGTCAGATGCCCCATCACTTCAAACGTCGTCGAGAAGAACAGCGACTGGCGCTCCTGCTGATTGGCAAAGACGTTCAGCCGGCGGCTGCGCGCGCGGTCAAACATATGCCCGATTAAGAAGCCCAGCACCACGCCCCAAAAGCCGCCGCCCATCATCAACGCAACCGCAACGCCAATTATTTTACCCAAATACTGCATAGACTCCCCAATCTCTCTGCCGCCAGTTAAGCTATATCTGACCGCACGTTACAAAGCGTTTACGCCTCGGTCAATTGTGGGACATAGCCTATAATTTGCTTTATCATACTCGTCATTCTACACGGTGCCTAACGCTCGGGCTCGAAACGGGCAGGATTAACACTAGCGCGATTTAGACGAGTACGTTAGGCTCTGACCGTTTGCAAGCCGCTGCCACACGAT
NZ_CP180159.1_gap124	4901441	4905870	4429	GTGGGCTTCCATATCCTGAAAATTAACGATATGCGCGGCGGCAGCCAGAACATCTCCGTGACCGAAGTTCACGCTCGCCATATCCTGCTGAAACCGTCGCCGATCATGAACGACGATCAGGCTCGGGCGAAGCTGGAGCAGATCGCGGCTGATATTAAGAGTGGAAAAACCACCTTTGCCAAAGCGGCAAAAGAGTTCTCTGAAGATCCGGGCTCTGCCAACCAGGGCGGTGATTTAGGCTGGGCGACGCCGGATATCTTCGATCCGGCCTTCCGCGACGCCATTCTGCGCCTCAATAAAGGCCAGACCAGCGCTCCGGTTCACTCCTCCTTCGGCTGGCACCTGATTGAGCTGCTGGATACCCGCAACGTCGACAGAACCGACGCCGCGCAGAAAGATCGCGCTTACCGCATGCTGATGAACCGTAAGTTCTCTGAGGAAGCGGCGACCTGGATGCAGGAACAGCGCGCCAGCGCCTACGTGAAGGTTCTGAGCAACTAATTGCATTAGCCTCATACACAACATCGCTCAGGGTGTATCGAGGCGGCTGAGCAAATCGCCCCGGTCTCTGACGGGGGCGACGAAGCGCAGCCAGTAAGAGACCGCCTGAAGGATGACGTGTATGAATCGAGTTGTTATCACTCCCGGTGAACCCGCCGGGATTGGCCCCGACCTCGTTGTGCAGCTTGCGCAGCGCGACTGGCCGGTAGAGCTGGTGATCTGCGCCGATGGCGCTCTGCTGTCTGACCGGGCGAACCTGCTCGGTCTTCCTTTATCGCTTCTGCCTTACCACCCCACCGCTCCCGCTACGCCGCAGCGTGCAGGCACCCTGACCCTTCTCCCCGTCGCGCTCAACGCGCCGGTTGAACCGGGCGTGCTCAACGTCAGCAACGGTAGCTACGTGGTGGAAACGCTGGCCCGCGCCTGCGATGGCTGCCTGAACGGCGAATTCGCCGCGCTGATTACCGGGCCGGTGCACAAGGGCATTATTAACGATGCGGGGATCGCCTTTACCGGTCATACCGAGTTCTTTGAAGAGCGCTCGCAGGCCAGTAAAGTGGTGATGATGCTGGCGACCGAAGCGCTGCGCGTGGCGCTGGTGACCACTCACCTGCCGCTAAAAGCGATAAGCGATGCGATTACCCCTGAGCTACTGCGGGAAATCATCACTATCCTGGATCACGATCTGCGCACCAAATTTGGGATCAGCAACCCGCACGTGCTGGTTTGCGGCCTGAACCCGCACGCGGGTGAAGGCGGCCATATGGGGACGGAAGAGATCGATACCATCATTCCGGTGCTCGAAGAGATGCGCGCGAAGGGCATGAATCTCAGCGGCCCGCTGCCGGCGGATACCCTGTTTCAGCCGAAATATCTCGACCATGCCGATGCGGTACTTGCGATGTATCACGATCAGGGCCTGCCCGTGCTAAAATACCAGGGCTTTGGCCGCGGCGTGAACATTACGCTCGGTTTACCATTTATTCGCACTTCCGTTGACCACGGCACCGCCCTTGAACTTGCGGGCCAGGGGAAAGCGGAAGTCGGCAGTTTTATCACGGCGCTTAATCTCGCCATTAAAATGATTGTTAATACTCAATGAATAATCGAGTCCATCAGGGCCACTTAGCCCGTAAACGCTTCGGGCAAAACTTTCTCAACGATCAGTTTGTGATCGACAGCATTGTCTCGGCCATCAATCCACAAAAAGGCCAGGCGATTGTTGAAATCGGCCCCGGCCTCGCCGCGCTGACCGAACCGGTCGGTGAACGCCTCGACCAGCTCACCGTTATTGAGCTGGACCGCGACCTGGCCGCTCGTCTGCAGACGCATCCGTTCCTCGGACCTAAGCTGACGATTTATCAGCAGGACGCGATGACCATGAACTTCGGCGAGCTGTCGCAGAGCATGGGCCAGCCGCTGCGCGTATTCGGCAACCTGCCGTACAACATCTCGACCCCGCTGATGTTCCATCTGTTCAGCTATACTGATGCCATTGCCGATATGCACTTTATGCTGCAAAAAGAGGTCGTCAATCGCCTGGTTGCCGGGCCGAACAGTAAGGCGTATGGTCGGTTAAGCGTAATGGCGCAGTACTACTGCCAGATCATTCCGGTGCTTGAAGTTCCGCCGAGCGCCTTTACGCCGCCGCCTAAAGTCGATTCCGCCGTGGTGCGTCTGGTGCCTTACCGCACGCTGCCGCATCCGGTGAAAGAAGTGCGCGTACTGAGCCGTATCACGACGGAAGCCTTTAACCAGCGTCGGAAAACGATCCGCAACAGTCTCGGCAACCTGTTCAGCGTTGAGGTTCTGACCGAACTGGGCATCGATCCGGCGAAGCGCGCAGAGAATATTTCCGTAGCGCAGTACTGTCAGCTAGCTAACTGGTTATCTGAGAACGCGCCCACCAAGGAGAGCTAACCATGATTAATTCGCCCCGAGTTTGTGTACAGGTGCAAAGCGTCTACATCGAATCGCAATCTTCCCCGCAAGAAGAGCGCTACGTCTTCGCTTATACCGTGACCATTCGCAATCTGGGGCGGACGCAGGTTCAGCTTCTTGGCCGCTACTGGCTTATCACCAACGGCCACGGTCGTGAGACCGAAGTCCAGGGTGAAGGCGTGGTCGGCGAGCAGCCGCATATTCCGGCCGGCGGCGAATATCAATATACCAGCGGCGCGGTCATTGAAACGCCGCTGGGCACCATGCAGGGACATTATGCGATGATCGATGTGAACGGCGCGCCGTTCACCATCGAAATCCCTGTTTTCCGTCTCGCAGTACCCACTCTCATCCATTAAAACATGTCTACATACCTTATTGGCGACGTTCACGGTTGCTACGATGAACTGATCGCATTATTAGAGCAGGTGGAGTTTAACCCTGGGACTGATACGCTGTGGCTCACGGGCGACCTGGTCGCGCGCGGTCCCGGTTCGCTCGAAGTACTGCGTTTCGTGAAACAGCTTGGCGATAGCGTACGCCTCGTTCTGGGCAATCATGACCTGCACCTGCTGGCGGTCTTTGCGGGCATTAGCCGCAATAAACCCAAAGACCGGCTGAAATCGCTGCTCGAAGCGCCGGACGCCGACGATCTGCTCAACTGGCTGCGTCGTCAGCCGATGATGCAAATCGATGAAGAGAAAAAGCTGGTCATGGCCCATGCCGGGATCACCCCGCAGTGGGATCTGGAAACCGCCAAACAGTGCGCCCGCGATGTGGAAGCCGTGCTCGCCAGCGACTCGTATCCGTTCTTCCTCGATGCGATGTACGGCGATATGCCGAACAACTGGAGCAACGAACTCAGCGGCCTGGCGCGCCTGCGCTTTATCTCCAACGCCTTTACCCGCATGCGCTACTGCTTCCCGAACGGGCAGCTGGATATGTACGCCAAGGAGGCGCCGGAAAACGCGCCCGCACCGCTCAAGCCGTGGTTTGCTATTCCCGGGCCGGTGGCCAGCGAGTACAGCATTGCCTTCGGTCATTGGGCTTCGCTGGAAGGGAAAGGCACGCCGGAAGGGATTTACGCGCTGGATACCGGCTGCTGCTGGGGCGGCGATCTGACCTGCCTGCGCTGGGAAGATAAAACGTACTTCACGCAGCGATCGAACCGGCAGACCAATCTTGATGAAGGCGAGGCGATCGCCTCCTGAAGAGAGTCACCCCGGTGAGCGAACGTCACCGGGGAAAACCTTAGCGGCGCTCCAGAATCTCGAAGCAGTAGCTATGGGAATTCTGCGCATCCGCATCGTGGAACTCGCTGAATACCGACTCCCACTCATCCGGATCGTAATCCGGGAAGTGGGTATCCCCTTCCACTTCCGCATCAATATGGGTCAGATAGAGCTTGTGCGCTTTCGGCAGGAACTGCTCGTACACGCGTCCGCCGCCGATCACCATCATCTCTTCCACGTCGCCGCAGGCGGCAATGGCTTCATCGACCGATTTGACCCACTGCACGCGATCGTCGGTGCCGGGCTGGCTGCTAATCACGATATTTTTACGCCCCGGTAACGGACGACCGATGGATTCCCAGGTAAGACGTCCCATCACTACCGGTTTGTTTAAGGTATTGCGCTTAAACCAGGCGAGATCGGCAGGCAGATTCCATGGCATGGCGTTTTCCATACCAATGACGCGATCTACCGCTAACGCCGCAATCAGACTGATCATTGAATAATTCCCGAATGCAAAAAATTGTCGCCACTATACGGAAAGCGTAATACTTCGTCGACTGGGCGAAGAGTAAAGAATCAGAAAATTTTAAGATTTGCTGGCGAGCCCACGTAAGCCCCGTGAGCCGCCAGGCAGGATTTAAATCGAAAACAAAATGTTACTTGTAAAGCTAACGTAACACCCTAAATTATCCCTTATGCCGAGGGCTTATTTTGCGGCTCATCGGCGATGTCACCGGTATGCCGTCCCTCTT
NZ_CP180159.1_gap125	4914552	4919202	4650	AGAGTAACCAGCTCATCGATGGGCCGCTACTCAAAAACACCGATAATTAGAAATTTATGACAAACTGCCGCCGATATCAGTAAAAACTATAAGATTGTGCCGGGAATTTGCCGTGGAGTAGTGAGAAGCGAGGAGCGCGCGCAGTCCGCAACCCCGGCCTGGCCCTGTATGGCCAATCCGGGGAATACGGCGACAGAAAAGCAGCGATTAGTGGAGGAACAGCTCGCCGGCAGGGAAACCGGACAGGAACCAGGTGACCGCCAGCAGGTCGGCGCTACCGCCCGGGCTAAGGTGGCGAATAATCAGCTCATCATCCAGCCGGCGCAGCGCGTCCAGCCCGCCGTCGGTCAGCACCCCGCCTTCCCACAGCAGCTTTTGCGCCTGCTGCTGAACAAAATTGAGCCCTTCCAGCCCGCCGCGCGACACCAGATTGGTATCGTCATTCCAGGCCATCAGGTGCAGCAGAGTCTGCAGTAACGCCAGATTGGTATCGCCGGTGTCCGCCATAACGCGATTGAAGACCGGCATCGCCTGGGTGCGCACGGTGCGAAAGCCGCTTTCCGCTTCGCCTCTGGCGCCGGAGAGCCCGTAGCGCAGGAAATGCCCTTCGCCTTTACTGACCTTCATTCCTTCAGGAGAGGAGAGCTCGCGCCCGACCAGGCCGCGGCAGAAGCGGGCCACCTGATCGCAAACCCGGTGCTGTTCAACCGGCTCCCCTCTGGCCACCAGCCTTCCCGCCGCCGCGCTGAGCAGGCCAAAAGCGAAGATCGCGCCGCGATGGGTATTCACCCCGCCGGTAGCCTCCAGCATATCCGTCTCGCACGCCATGCCCACCGGACGCAGCATCGTCAATACCTGTTCCGGCGTGATATTGGCCGTGTCGTGGCCCATAATGAAAAACTTCTCCATCCATGGCGCGACAGCCGCCGTGCTGGCCTCAAAGGAGGCCAGATCCATATCCCGATGCGCGCCGGCGTTACGAATATCCACCAGGCCCGGTTTCGGCGTCAGGCGGACTTCGGTCAACAGCGCCCGTTCCACGCGAGAAACCATCTCCTCCGCCGTCACCACGTGACGGCTCAACGGGCGACGCTGGCTTATCATCACTTCGCTCATGCCTTTCTCCTCAGCGCGTTTAACCGGCGCTTTTAACCTGATGAATGACATCAATCACTGAACCGTCGCGATAGCGCACCACGGCCACCACCCGATCGGTGAAGGCGATCGGGTCAGGCTTGCCGGTCAACAGTTCGGCGCGCTGCTGCAGTTCTTCAATGGTCAGCAGCGGGATACCCGCGTTACGCAGGTTATCAATCAGGTCCTGACGCGCCGGGTTGACGGCGATACCGTGATCGGTGACCAGCACATCCACGCTGGCGCCCGGCGTCACGCGAGTCAGCACCTTCTCCACCACGCACGGGATGCGCCCACGCACCAGCGGCGCGGTGATAATGGTTAAATCCGCGCCCGCCGCCGTATCGCTGTGGCCGCCGGACGCGCCGCGCAGCACGCCGTTGGAGCCGGTCATCACGTTAACATTGAAGCCAGTATCGATCTCCAGCGCGCTCAGCATCACCACGTTCAGGCGTTCGCAGGAGACGCCTTTCGAGCCGGGATTGGCGTACTGATTAGCGGAAATTTCAATATGGTTAGGGTTATTGGCCAGCGAACGCGCGGCATCGCCGTCAAAAGACTGGGTATCCAGCAGCGCTTTGATCAGCCCCTTTTCGTGCAGATCGACCATCGTGCCGGTGATCCCGCCCAGACCAAAGCTGGCGGTAATGTTGTTACGACGCATCTTATCTTCGAGGAAACGGGTCACCGCCAGCGATGCGCCGCCGGTCCCCGTCTGCAAAGAGAAACCGTCTTTGAAATAGCCAGAATGTTCGATCACCTTCGCCGCCTGGCGGGCGATCAGCAGCTCGCGCGGGTTGCTGGTCAAACGGATCGCCCCGGCGGTGATTTTCGCCGGATCGCCGACCTCGTCGACCTGCACGATCAGATCCACCCGATCCTGGGCGATACTGGCCGGATAGTTTGGATAATCCACCCACTCTTCGGTGAGCAGCACCACGCATCCGGCGGCCTCGGCATCCACTCTGGCGTAGCCCAGCGATCCGCAGCGGGATTTACCGCTAAAGCCGTTGGCGTTGCCATACTCATCGCAGCACGGCACGCCGAGGAACGCCACATCAATGCGTAGCTCACCGGTTTGCACTAAATGCGCCCGGCCGCCGTGAGAGTGGATTTGTACCGGGTTTTCCATCAGGCCAGCGGAGATCGCTTCGCCCAGCTTACCGCGCAGACCTGAGGTATAAATCTGCCGGATCACGCCATTCTTAATATGCTCAATCAGCGGCCAGTGGGCATCGATAAGCGAGCTTGAAGCCAGCGTCAGATCGCGAAACCCCATTTCAGCCAGCTTCGCCACTACCATATTGACCACCTTGTCGCCGCCGCGGAAGGCGTGGTGAAAAGAGATGGTCATGCCGTTTTGCAGCCCGGAACGGCGAATCGCCTCCTCCAGCGAGACGCAGATTTTACGCTGCCGCTTTTCGCTTTCGCTGGCCAGCCACGGGCTCTTCGCCGTCACGCCCGCATAGGGCGCTAATCCTTCCGGCATCACGTACTGCTGATTAAGCATTGCTACGGTCTCTTTCATTATTTACTCCTTAATCACGAATGCCGGAAGCCGACAGCGCCACGACTTTGCGCGCATGATCGATAATCGGTCCATCTATCATCTTGCCGTTCAGCGATACCACGCCCAGACCGCGCGCTTCCGCCTCTTCCGCCGCCGCGATCACCTCCCGCGCATGTTCAACTTCTTTCAGCGTGGGGGCATAAACCTGGTGCAGCAGCTCAATCTGGCGCGGGTTGACCAGCGATTTACCGTTAAAGCCAAGATTCTTCGCCAGATTCGCTTCCGCGAGGAAACCCTCTTCATTGTTAATATCCGACCACACCACGTCGTACGCCGCGATCCCGGCGACGCGCGCCGCGTGCAGCACCGCGCAGCGGGCGTAAAACAGTTCGGTGCCGTCGCCGCGGCTGGTGCCCATATCCATAACGTAATCGAAGGCCGCCAGCGCGATGGCCGACAGGCGCGGGCTGGCGCGAGCAATCTCAACCGCGTTCACTACGCCCAGCGCCGACTCTATCGCCGCCATTAATTTCGTGCTGCCCACTTCCCGGCCGCATTCGCGCTCAATCCGCTCGACCTGCGCTTCCAGCTCATAGATATCTTCTTTGCTATCGGTTTTCGGCAGGCGCACCATATCGACGCCCGCGCGCACCACCGCCTCAAGGTCGGCGAGACCAAACGGCGTGCTGAGCGGGTTAATGCGCACCACGGTTTCCACGTCCCGGTAGAGCGGATGCTGTAGCGCATGATGCACCAGCAGGCGGGCGGTATCTTTTTCACGGAGCGAGACGGCATCTTCGAGATCGAACATCACCGCGTCAGCGCCGTAAACAAATGAGGTGCTTAACATCGCGGCGTTGGCGCCGGGGATAAACAGCATACTGCGACGAGGTTTCATAGCTGACTCCAGTGCGGTTGAGATTGTTGCGCCGCGCGCAGCGCCGCGGCCTGAACCCGAGCCTTCAGTACGCATTCGAGCGCGCCTTTATCATCGACGACGACGTTCGCCCGGCTCACCCCAAGCTGCGTCAGCGTCTCTCTGACCACCCGCTCAATCGCCGCGCCAAACTGCTGCTTCACAATGCTGTCGATTTCAAGCTGAATACCTGGCTCATTCGCAGGCCCGATCCTGACCATCACATCGCTGGATTCCAGCGTGCCGGCCAGGGCGTCAATCATCATTTCCATAGAGGCTGATCCTTAGTTATGGAGGTAAATCAGGCGGTTTGGTGTTCGCTTTCCGCCAGATGCATCAGAAAAGAGAGGGTTCCCGGCGGCACCAGCGGCGCAATCGACGACCACTGGCGCTGCTGATACAGCCTGCGCACCCGGGAAGCGGAAATGGGCGCGCCCTCTTTCTCAACCCGCGCCAGCTCAACCACCTGAATCGCCGGCGCGTCGCCCGGCGCTTCCAGCAGCTGGCGCATACGCTGGTTGTAGCGACGGGTTAATTCACACAGCGGTTCGCTGCCGACAAAGCGGTGGGTCACGCCCAGCGCCGGGGCTAAACGTTCGCGGAAAAGCTGCAGATCGATCTGGCTGTGGCAATCGTCAACCACGCCTTTGTCTTTAAGGAAGTAGCCGGGAAAAGTGGCGCGCGAGATAAGATAGGCCGACCCCGGATGCAGGGTCACGTTGGCGATCCCGGCGATCCCCTGTTCAATCAGCGCCACGCGATCGCGGTAGCGGAAAAACGAAGCATCTTCCTTCACCACGAACAGATGCAGCCAGTCGCAGCGTTGAGCCGCCTGTTCCACCAGCCAACGATGCCCCAGGGTAAAGGGATTAGCGTTCATCACGATGGCGCCGATTTTTTCGCCGGGCTGACGATACATCGTAAGCTGGCGGCAATAGCGGGCCAGACGTTCGCGGCTATTTTCCATTAACACGGCCTGCTCCCCCGCGCGGGCGATAGGCCAGAACCCGGCGCAGGAGAAGAGCGCCGCGTTATAGGGTTTAGTGAACAGAAATAGTTCGCTGCGGCCCAGCTCATACGCCAGGGTCAT
NZ_CP180159.1_gap126	4921557	4923619	2062	CGCCGCTATTCACCACCATCGCCGCCTTAACCCTTAATTCACGGAGGAATCCATGACCGTTGCCATTACCGATGTCGTCCTGCGCGACGCCCACCAGTCCCTTTTTGCCACCCGCCTGCGCCTCGACGATATGCTCCCCGTCGCCGCGCGGCTCGACGACGTGGGCTACGGCTCCCTCGAATGCTGGGGCGGCGCCACCTTCGACGCCTGCATCCGCTTTCTCGGCGAAGACCCCTGGGTCCGCCTGCGCGAACTGAAAAAGGCCATGCCGAAGACCCCGCTGCAGATGCTGCTCCGCGGCCAGAATCTGCTCGGCTACCGCCACTACGCCGATGACGTGGTGCAGCGCTTCGTCGAGCGCGCCGTCAAAAACGGTATGGACGTGTTCCGCGTCTTCGACGCCATGAACGACCCGCGCAATATGCAGGCCGCCCTGCAGGCGGTGCGCAGCCACGGCGCCCACGCCCAGGGCACGCTCTCCTACACCACCAGTCCGGCCCACACCCTGCAGACCTGGCTCGACCTGACCGAACAGCTGCTGGAGACCGGCGTCGATTCCATCGCGATTAAGGACATGTCCGGCATTCTCACCCCGATGGCGGCCTTTGAGCTGGTGAGCGAAATCAAGAAGCGCTACGACGTCAGGCTGCACCTGCATGCTCATGCCACCACCGGGATGGCGGAGATGGCCCTGCTGAAGGCCATCGAGGCCGGCGTCGACGGCGTCGATACCGCCATCTCGTCCATGAGCGCCACCTACGGCCACCCGGCCACCGAGGCGCTGGTGGCGACGCTGGCCGGAACGGAACATGACACCGGGCTGGATATCCTCAGGCTTGAGAGCATCGCGGCGTACTTCCGCGAGGTGCGCAGAAAATACCACGCCTTCGAAGGCCAGCTGAAGGGCACCGACAGCCGTATCCTTGTGGCCCAGGTGCCGGGCGGCATGCTCACCAACCTCGAGGGCCAGCTGAAGCAGCAGAACGCCGCCCACCGTCTGGATGAGGTGCTGGCGGAAATCCCCCGGGTGCGCGAAGACCTCGGCTTTATCCCGCTGGTCACCCCCACCTCGCAGATTGTCGGCACCCAGGCGGTGCTTAACGTCCTCACTGGGGAGCGCTACAAAACCATTGCGAAGGAGACCGCCGGCATTCTGAAGGGCGAGTACGGCCACACCCCGGTGCCGGTCAATGCGGCATTACAGGCCCGCGTGCTGGACGGCGCCGAAGCCATCACCTGCCGCCCGGCGGACCTGCTGAAGCCGGAGCTGGCGGAGCTGGAAGCCGACGTGAAGCGCCAGGCGCAGGAGAAGGGCATCACGCTTGCGGAGAACGCCATCGACGACGTGCTCACCGTGGCGCTGTTCCCGCAGGTCGGCCTGAAGTTCCTTGAGAACCGCCATAACCCGGCGGCCTTTGAGCCAGTACCGAAGGTGGAAACCGCGCAGCCGGTGGCAAAAGCGGAGAAACCGGCCGCCTCCGGCGTCTACACCGTGGAAGTGGAAGGGAAAGCCTTTGTGGTGAAGGTCAGCGACGGCGGCGATATCAGCCCGCTGACGGCGGCCGCTCCGGCGGCGCCTTCCGCCCCGGCTCAGGTTGCCGCCCCGGCAGGCACCGGTACGCCGGTGACCGCGCCGCTGGCGGGCACTATCTGGAAGGTGCTGGCCACCGAGGGCCAGAGCGTGGCCGAGGGCGACGTACTGCTGATTCTGGAAGCCATGAAGATGGAAACCGAAATCCGCGCCGCGCAGGCCGGGACCGTGCGCGGTATCGCGGTGAAATCCGGGGACGCGGTGGCGGTGGGCGACACCCTGCTGAGCCTGGCGTAAGGAAGAGGAACGGAAATGGAAAGTCTGAACGCCCTGATTCAGGGCATGGGGCTGATGCACCTCGGCGCCGGCCAGGCCGTCATGCTGCTGGTGAGCCTGCTGCTGCTGTGGCTGGCCATCGCGAAGAAGTTCGAGCCGCTGCTGCTGCTGCCGATTGGCTTCGGCGGGCTGCTGTCGAATATTCCCGAGGCCGGGCTGGCGCTGACCGCCCTGGAGAGCCTGCTGGCCCATCAC
NZ_CP180159.1_gap127	4924970	4928819	3849	TTCGTTTCAGAACCGCATCTTCCTGTTGATCCTGTTTACCTCGACAATCGTGATGCTGGCCATGTCGTGGTATCTCACCAGCATTACGGAGGAACGCCTGCATTACCAGGTGGGACAGCGCGCGCTGATTCAGGCCATGCAGATCTCCGCCATGCCCGAACTGGTTGACGCGGTAGAAAAGCACGATTTACCGCGCATTAAAGAACTTATCGACCCGATGCGATCGTTTTCCGACGCCACCTATATCACCGTCGGTGACGCGAAAGGCCGGCGCCTGTATCACGTGAATCCAGAGGAAATCGGTAAATCGATGGAAGGCGGAGACAGCGACGAGGCGCTGTATAACGCCAAAAGCTACGTGTCGGTGCGTAAAGGATCGCTCGGTTCGTCATTACGCGGCAAGTCGCCGATCCAGGACAGCACCGGGAAGGTAATCGGAATTGTATCGGTGGGCTACACCATCGAACAGTTAGAAAACTGGCTGAGTCTGCAAATTGGATCGCTGATGATCCCGATGGCGATCATGCTGCTTCTGCTGCTCTACTGTGCCCGGCGCTTCTCGCTGCATATCAAAAAACAGATGCTGAATATGGAACCACAGCAGCTCTCACAGCTGCTTATCCAGCAGAGCGTCCTGTTTGAATCGGTCTTTGAGGGGCTGATAGCCATTGACTCCCACTACCGAATTACCGCCATCAATCAAACCGCAAGGAGGCTATTAAACCTGAGCCAGCCGGAAACTATCCTGATTGGCAAAAGCATCAGCAGCGTGATCTCTCAGGAAGCATTCTTCTATGACGCGCCGCAGACAAACAAAAAAGACGAGATCGTTACTTTTAATCAGATTAAAGTGATCGCCAGCCGTATGGCCGTCACGCTTAATAACGAGCCCCAGGGCTGGGTCATTAGCTTTCGCAGTAAAGACGATATCAACACTCTGAGCCTGCAGCTCAGCCAGGTCCAGCAGTACGCGGATAACCTGCGCGCCGTACAGCACGAGCATCGCAATCTGATCTCCACCATTGCCGGGCTGCTGTTTTTAAAACGCTACGATAACGCGCTGGATCTTATTCAGCAGCAGTCTGAGAGCCACCAGAAAGTGCTCGATTTTATTGCCCGCAATTTTAAAGTGAACCACCTTGCCGGGCTGCTGATCGGCAAATATTACCGCGCCAAAGAGCTCGGATTAGAGCTGGTCTTCGATCCCGCCTGTCACGTTGAAACTCTCCCCTCTTCGCTGTCGCATAACGAATGGATCTCGATCGTCGGCAATTTGCTGGATAACGCCTACAACGCCGCCCTACGTCAGCCGGCAGGTTCAAAGCAAATTGAATGCCTGATCAACAGCGAGGGCGGCGAAGCGATCGTCGAGATCGCCGACCAGGGCTGCGGGATTGAGGAATCGCTGCGCGATCGTATTTTTGAGCGCGGCGTGACCAGCAGCGGCAGCGGCGATCACGGCATCGGACTCTGGCTGGTTCGCAGCTACGTTGAGCAGGCGGGCGGTAATATCGTCGTCGATGACAACATCCCTTTTGGCACTATTTTTACCCTTTATATCCCCCTGACCCGAGATGAACACCATGGATAGCATCACCACTCTCATCGTTGAAGACGAACCTATGCTGGCGGAAATTCTGGTGGATACCATCAAGCAATTTCCCCAGTTCGAAGTCATTGGCATTGCGGATAAACTGGAAAGCGCAAAAAAGATGCTTCGCCTCTATCAGCCCCAGCTCACCCTGCTGGATAACTTCTTACCCGATGGCAAAGGACTCGATTTGATCCGCCACGCCGTCAATACTCATTATAAAGGGCGCATCATTTTCATCACCGCCGACAACCATATGGATACCATCAGCGAAGCCCTGCGGATGGGCGTTTTTGATTACCTGATTAAACCCGTTCACTATCAGCGCCTTCAGCATACGCTTGAGCGTTTTGCCCGCTATCGCAGCTCTCTTCGCTCAAGCGAGCAGGCAAGCCAGACCCATGTTGACGCCCTGTTCAATATCCAGGCAAAAGAGCACGCGGAAGCCGCAGGCTCTCCGCTGCGGGGTATTGATGAGAGCACTTTTAATCGGGTATTACAGCTCTTTGCCGACCCGGAAACGGTCCATACCGCAGACACCCTGGCCCGTATTCTCGGCAGTAGTAAAACCACCGCCCGCCGCTACCTTGAGCAGGGCGTTAAAAACGATTTCCTTGAGGCTGAAATCAGCTATGGCAAAGTCGGCAGACCCGAGCGGATTTATCACGGTAAACATCCTGCGCATATTTAAGCACCAGGAGATGCCCTGTTGAGTGTGCATCTCCTTTCACTCGCTTATTCCACCGCGTAGCTGACAATAATTTGCCCTTTTTTCATCTTCACCTGGGAAATGACGACTTTACCCAGTTCGGACAGGCTGGCCACGTGCGTCCCGCCGCAGGGATAGCTCTGCATATCGCCAAACCCGACCTTGCGCAGGCCATCGGCAAAAGTAAGCTGACGCGGTAAATTGTCTGCCTGCCAGGCCTCAACTTTTTCCAGCAGCGCGCTGGCCTCGGGCAGCCCACCATGCGCGCCTGGGGCAAAAATAATACGGCTTTCTCCCGGCCAGTGATGTCCTTTTATCGGCTGCCACCCCGACAGCTCCCCGGCCTGGGCAAGCACGTGCCCGGCGGAGTGCAGGCGCGCGTGCAGCCGCCGGCTCTCTGGATCGATGCGAATCGTGACCTCGCCGGCCGGCAGCGGCTGTGAAACGATATGCGCCACGCTATCGCCGCGGCTAACCACGCCCTCGACGGCGAGGCCGGCAATCCAGCCGCGATCCGCCGGCTGCCCGCCGCCCTGCGGGTGAAACAGCGTGCGATCCAGCTCAATGGCATAGCGGCCATCGGCTTCTCTCAGGCAGTTGACGACTTGCGCAAGGCATTCAGCGGCATCGCTGGTGTAATAAAGGCGTTCAGTCATGGTTGTCCTCCTCTTTGTCAGGACAGTATATTGATATTGCTGGCGGCGATAATCCCGCCTGACATCAACGCAATTTTGCTCCGGAAGCACAAATGAATCTGAGCCTACTGCCCGACCTCGCCCTGTTCGTACAGATTGTGGAACAGGGCAGCTTCTCCGCCGTCGCACGCCAGGCCGGCGCAACGCCTTCGGCGATCAGCCGCAGCGTCTCGCGCCTGGAGCAGGAGATGGGCTGCAAGCTGCTGCACCGCACCACGCGCAAGCTGCGCCTCAGCGATGCCGGGAAAATGGTGTATGAACATGCGCTGGAGATGCTGGAGTCGGCGCGTCTGGCCATGGACTCCGCCAGCAGTACCCAGGCGGTGGCGCAGGGCAAGCTCACGCTCAGCGTGCCGAAAGCCGTGGGACGGTTTGCCATTCACCCGTTGATGCTGGAATTTTTTAACCACTACCCGAAGATCGACGTCTGCCTGCGGCTTGAGGATCGGGTTCTCGATTTTATTGATGACGGCATCGATCTGGCGCTGCGTATCACCCACACCCCTTCCCCGGGGCTACACGGTAAACCGTTAATGACCATCAGCCACGTCATCTGCGCGACGCCCGGCTATCTGGAGCACTATGGAACGCCGCAAACGCCGCAGGATCTGCGCGAACATAGCTGTATCAGCCTTGGCGAGACGCCCGCCGATTCGCGCTGGAAGTTCCGCCGCGGGGGGAAAACGGAAACGATCCAGACCCACGGCCGCTACGCCGCCAACCATACCGCCGTGCGCCTCGATGCCGTGAAGCAGAATCTGGGCATCGGCAGCCTGCCGCTGTTTACCGCCCGTGAGGCGCTGGCGCGCGGCGAGATTGTGCAGGTTTTACCGGAGTGGGAGTTTATCAGCCAC
NZ_CP180159.1_gap128	4942479	4943023	544	GCGACGCAAATTGCTGCTCGTTACGTATTTTTTTACGCAGTATTACATCTATATGGCGACCGTAGAGGTCCATTACAACATCCAGGAGATGAACTTCCAGCTGCTGACGCACGCCGGAGACCGTTGGACGAGTACCAATGTTGGCGACGCCCATAAAAGGTTTGTCGCCAAGCCCTGTCACTTCTACCGCATAGACCCCTTTTACCGGGGAAACCTGACGGCGCAGCGGTAAATTCGCCGTCGGGAAGCCTATTGTGCGCCCGAGCTCATCGCCGTGCACGACGCGACCGGAGATGGTAAACGGATGCCCCAGCAGCGTCTCCGCGAGGGGCAGATCGTCGTCCGCCAGCGCCTGACGTACCGCCGTGCTGCTGATGCGCACGCCGCCTTCACAGAAGGTTTGGGTGCTGGTGACGTCAAAGCCGAACTCCACGCCGGCTTTTTGCAGTAACAAGAAATCCCCCTGGCGACCGACGCCAAAGCGGAAATCATCGCCAACGGCGAGGAACTGGACGCCCAGCTGGCGCACCAGCAGTTCGCTGAT
NZ_CP180159.1_gap129	4970782	4975704	4922	TGTCGCCCGATCGGTCAGCTGATATTGATCGGCGGGCGTGGTGACATTAACGTTGAAAGCGGGCAACTGACGCCACTCAATCTGCCGACCCTCAACAAAAAACTTCGCCATATTGTTGGCAAACCAGGTGCTTTGCCACTGGGCGCTATAGCCTGTTGGGCTGACTTCCCGCTTTGCAGGTAAAAAGTCGCCAAGGAAACCCGGGTGCGGCCAGTTGCCGGCAAGCTGTAAGGTACTGTTGCGCCCAAGCGGAACCACCGAGAAACTGCCGCTGCCATTCAGATTGAGCGTGAATTCAATATCCAGCGCTTTTTGTTCAGGGAGTAACAGCGGCATCGGCATATGGATGCCCTCCCCGCTATCGTCGAGACCCGGCCCTGGCTCAACGGGTAGCCTCTCGCCATTGAGCTCTGGTGACTTAATCTCACCAATACCGCGCGCATCGCTGACGCTGACGACCAGAAACGGTCTGCCCAGCGTAATCGTCTGCTTCCTGAGCGCCTTGATGCGCGAAGGATCAAAATGCGCTTTGACGCTGAGATTATTGTGCCAGATCTGCCCCTCATAGATACCGATTCGCCGGGATTCAACATCCTGATTACCGGTAACCGCCAGCGTCTCCGGCAGCCAGTAGTGTACCCATTGGGTTTGATATTCTACCGTTTTAGTTCCCTCAACCCGCGTTAGCGTCTCGGTCACCGGAATGGCAATCAGCGGTCCGGCCAGTTTCTGCGATCCGCTGGTACTGCTCTCCAGCGCGTCAACCACGTCGCTACGATAGTCCGCGCGCTCAACGATCAGCTGCCGGACCAGCATCAGCGGGATCGACAACAGTAAAATGCACCCCAGCAGGGTGCTCATTTTCCAGAATAGTGGTGATTTCAACATAGCCCTCTCCTTAGTGATGCGCTCACCTTAAAGGGGCCGTGTGGGGAGAGTTTGAAGCTATGTGAAGTGAGCGTGAAGTGTCAGCAAAGCGCACGCGCCGCCTTCAGGGCGATTAACCAGCTGGATATCCCCCTGATGCAGGCGCGCGACTTCTCGAACAAACGCCAGCCCCAGGCCACTGCTTTTTTGCCCATTTTCACGAGGCAGGGAATAGAAACGTTCAAAAATACGCCCCAGGGCGTAGTCGGGAATGCCGCATCCCGTATCGCATACGGTTAACAGCACGCCGCCATCACGCTCTTCTGCACCAACCAGAATTTCCCCTGCGGAAGGCGTGAAATCGATAGCATTATCAAGGAGATTACCCAGCGCCTGCGCCAGAAGCTCCCGATCGCCTTCAACCATCAGAGGCGTATCCTGCCAGCGCAGCGTCACTTTTTTCGCCGCCAGCGCGATCTCGCGCTCCTCGGCCAGGCGGTGAAATAGCTCAGCGACGGGGACGGGACGTCGGGCGATCTCCAGCCGGTTCTCCAGCCGGGCCTGCTGGAGCAAATTTTCCACCAGCGACTGCATTCGTGCGTTCTGCGCCAGAATATTACGCGTAAAACGGGCGGCGACCTCAGGTGGAGGAGCCTCACGGAGAATTTCTGCCGCGCCGCGTATCGCCGCCAGCGGGCTCTTCAGCTCATGGGTCAGCGCATAAATATAGTTTTCAATAGCGTTTTTACCTTCAAGCTTAAGGCGCATACTCTCCAGCGCCTGCGCCAGCTTACGCAGTTCGCTGCCGCCCAGATTCGGCAGCGGAACCGGACGATCGGCGGTCACGGAGTCCGCGTAGCGAACCAGCTTGCCGATGGAAAAGTTAATCCACCATACCATCGCAGCGCCTATCAGGAGCGCGATCCCCAGCAGCGCCCCGCCGGCCCACAGAATACGCCGCTCGCTGCGTTTAATGACCGGCGCCATGGCCAGATTGGGTTTCCCGACGCTTAGCACGCCAATGATTCGGCCGCTGTCAGTCACCGGCGCGGCAATATACATCACCGAGCTGTTATCATCGTTCGGATCGCTGCGCGTGCTGCGCGCGCCGTATTGCCCGCGTAAAGTGAGCCAGACATCGTTCCAGCGCGAGTAGTCTTGCCCCAGCGCATTGCCCGCAGAATCAAACACCACTTTGCCCTGCGCATCGGTCATATAGACGTGATATTCATTGCGAACTTTATTAATGCCGGCAATGTTGGCGTTGATCGGTTGGCGATGCAGCGTTTGAAAAGCCTGGGCCAGTCGCCCGTGCTGGGGATCGGCGGAGAGTAAATCCTCGCGGGCCAGCTCGGCAAGCAGGGTAGCCGTATCAATCAGCGTCCCTTCGGTTGCACGCCGGACCCCGGGTTTAATCTCCTGAACGAAGATGGAAAGTACAAACCAGGCCGCGATCGCCACAATCAAAAAGTAGCCCATCAGCAGCCGCATACCGATGCGCATCAGAAGCCTCCAAGGCTGTATCCCATGCCGCGGTGCGTATTGATGGGGGAGATGTCAGGGTTCACTTCTCGCAGCTTAGCGCGTAGCGTTTTGATATGAGTATCCACGGTACGATCGAAGCTCTCGTTCGCATCGCCCCATACCTGCTCCATCAGCAGCTGGCGGGAAAAAATGCGCCCCGGAGAGTGCAGTAGCGTTTTTAATAATAAAAACTCATAGCGGGTCAGATTCAGGCTCTGACCGCACCAGGTGACCCGAGCCGCGGCGTCGTTCAACGTGAACTCCCCCACGCGCAAGAGCGGTGGAGGGGCGGCGAACTTCTGCAGCCGCCGCAGAACGGTGCGAACTCTGGCGCAAACTTCACGAGGGGAAAATGGCTTGGCAATATAGTCATCAGCGCCGATTTCCAGGCCAAGCAGCTTATCCACCTCTTCGCTGCGGGCCGTCAGGAACAGCACCGGCAGCGCCGGGTAGCGGGCAAGCAGCCGCCGACAGAGCTCAAACCCGCTGATATCCGGCAGCCCGACGTCGAGAATCGCCAGGTCGGGTTGGTGGTGATGTGCCGCATCGAGCGCCGGCAGCCCGCGCTCGAACGCCGTAACGATAAATCCTTCCTGCTGCAGCTGGTAGACGAGCGTATCGGCGATGCTCATCTCATCTTCCACCAACCAGATCCGCGGTTGTTGCATCGGCGTTCCCTGTTATTTATTCCATGGCATAATCGGCACCGCGCTAATCGCGTTCTTCGGCGAGCCATCGACGATTTTATCCGAATAGGTCAGATAGACCAGCGCATTGCGTTTGGCATCGTAAAAGCGCACCACCTGCAGCTTTTTAAATACCAGCGAAGTGCGTTTCTGGAACACGACATCGCCCTGCGTTTTACCGTTTTTGATTTTATCCGTCAGCTCAATCGGCCCCACCTGCTGACAGGAGATCGCGGCATCAGAGGTATCTTCCGCCAGCCCTAACCCGCCTTTAATTCCCCCGGTTTTCGCCCGGCTGATGTAGCACGTCACGTTTTGTACATCCGGGTCGTCAAAGGCCTCTACGACAATTTTATGATCCGGCCCAAGGAACTTAAACACGGTATCCACGGAGCCAATTTGCTCCGCCTGCGCCATCTGAGACCCCGCCAGTAAAAGCATACCTGCCACTAACTTCTTGTATTTCATATTGTTACCATTCTTAAAAATTTAGCTGAGTGATTATCACACATTAAGCAGAAAAGTTTTATAGATCACAGCTTTACAAAATTACCACCGATACTTCTGGAAGAATCGCATTTAAAAGCAAAAAAAACACTGAATGCTAAAACATCAAAAAATGCTATTATCCGCTACCTTTAGTATCAGGCACCTGAGTTTAAGGATGGGGATATTTTATGGATCAAGCAGGGATTATTCGCGATCTCCTTAGCTGGCTGGAAGGTCACCTGGATCAGCCACTCTCACTGGACAATGTGGCAGCGAAGGCGGGCTATTCCAAGTGGCATCTGCAAAGAATGTTCAAGGACGTGACCGGCCATGCCATTGGTGCCTATATTCGCGCCCGTCGCTTATCTAAGTCAGCGGTTGCCCTACGCCTGACCGCGCGTCCGATTCTCGATATTGCGCTGCAGTATCGCTTTGACTCGCAGCAGACTTTTACTCGCGCATTTAAAAAACAGTTCTCGTTGACGCCAGCCCTTTATCGACGCTCCCCCGACTGGAGCTCTTACGGTATGCGTCCTCCGCTGCGTCTGGGCGAGTTCACCATGCCGCAGTACGAATTCGTCACGCTGAACACCATTCAGCTGGTCGGCGTGACCCAGAGCTATACCTGCAAGCTGGAAGAGATCTCCGATTTCCGTAATCAGATGCGCGTGCAGTTCTGGCGTGAATTCCTCGCCAATACGCCGTCGATTCCTCCGACGCTGTACGGCCTGCATGAGCCGCGTCCGAGCCTCGATAAAGACGATGAGCAGGAGGTGTTTTACACCACCGCGCTGACGCCGGAGCTGGCTAACGGCCATCTGCACAACGCCCACCCGGTGACGCTGGAAGGCGGCGAATACGTGATGTTTACCTACGAAGGATTGGGCACCGGGCTACAGGAATTTATTCTGACGGTTTACGGCACCTGCATGCCGATGCTCAATCTCACTCGTCGTAAGGGCCTGGATATCGAACGTTTCTTCCCGGAAGATGAAAACCGGAATCAGGAACCGCCTATTCAGCTGCGCTGCGAATACCTGATTCCAATTCGTCGTTAACGCTGTAGCTCATCCATCGCGGGGGCATCAAGATGCGAGACATCCCCCGCGGTTTCCACGACCCATCCCGACGCCAGCCAGGGGCTTTGCTGATAGTCAACGCGAGAGATAGAGCAGTTGCGCAGACGCAGGCGACGCTCCGCCCAGGCGGGCAAGCCAAGAATCGTACTCACCAGACACCCCAGCGCCATGCCGTGGCTCACCAGCAGCGGCCGGCTACCTGCGGGCAGCTCCAGACAAGAGGTCAGCGCCGCGTGCATACGGTCGCTCAGCTCCTGCATTGACTCTCCCTGCGGGA
NZ_CP180159.1_gap130	4994832	4995409	577	CATCCTGCGGAAAGACCGCAGAATAAATTTTTTAGTGAATAGAGTTATTTGACGCTAAGGTCATTCTTCACGCTTTTGACGCCGGAAACGGCTTTCGCAATACCTTCCGCCCGCTCCGACTGCTTACTGGACTCGACCGTACCGGATAAATGTACAACGCCATCGGTGGTCTCAACCTTCACGTTACGCGACGGAACGATATCGTCAGCCAGTAGTTTCGCTTTGATCTCGCTGGTCACCGCCGTGTCGCCGGCATAGCCCTTCAGCGAAGCAGATTTTTCGTTCTGTACGCTAAGCTTGTCGTTAACGGAGGTCACGCCTTCAACCGCTTTCGCTACGCTAAGCGCCTGCTTATGCTGCTCTGAACTGTCAACCGTACCGCTTAACGTGACGACTTTGTTTTCAGTTTTTACAGAGATATCGGTGCTACGAATATCTTTATGATCGATCAGCGCCGCTTTCACCCTGGCGGTGATGGTGCTGTCGTCCATAAAATTCCCGACTTTGTTCATCGAATTATCGACGGCCTGCCCGGCATTGCTTGCTGCAGATTTCGCGCTATCTGCGGTCGAGTTTT
NZ_CP180159.1_gap131	4997595	4998651	1056	TCAAAAATACGCGCATCCGGCTTAGCCACCCCAACCTCTTCGGAAATAATGAGCAAATCAAAGTGATCGCGCAGTCCGGTACGTTCAAGACGCGTCTGCTGCAGTGAGGTAAAACCGTTGGTAATGATGCCCATTTTTACCTTCCCCTGCAGCGAATCAAGCAGCGATACCGCTCCCGGCAGCGGCGAGCAGATCTCCGCCATCGCGTTCATAAACGCGGCGTTCAGCTCGCCGGGAGGAACGTTCAGGCGTTCCGCCCAACCGTCAAAGCGCTGATGCTGCAGTTGAAGAGAGGTAATGGCGCCGTTTTGATAATCCACCCATAGCGGCTTATTCACGGCCTGGTAGTCCTGAAAATCCTCTGCGGAGAACGTCACGCTATAGTCGAGAAACATCCGCTGTAGGCCGCTAAATGAGTCAAACGTAAATAACGTTTCGTCGGCATCAAAGAAAATCCAGTCCCACTTCATCGTATCACCTTGTCTTACATACTGATTGGCAGTGCCATTATGATGGCGTCCTCACGTCCGTCGACCGTGGGGTAATAGTTGCGGCGAATTGTCGCCTCGTTAAAGCCTAAGCTTTCATAGAGCGCGATGGCGGCGATGTTAGACGCGCGCACCTCCAGCCACAGCGTGACGACGCCGCGTTTTTCAACTTCATCAATCACCCGTTCCAGCAGCGCCCTGCCCAGACCGCGACGCTGGAAAGCGGGGTCGACGGCAATATTGAACAGCGTCGCTTCGTCGAGCACGATTTGCGTAATGGCAAAGGCCGCCATCACGCCGTCCACGGACAGTTGAAGATTCAGATAGCGCTCGCCCTGATTACTGGCAAACGTCTGTTCGCTCCACGGAAAAGCGTGGGCGCGCGTTTCAATTTGCCAGGCGCGGGGCAAATCAGCCGGGTTGAGGGTAGAAATCGTGTTCATGTGCGCAAATCTGTTGCCAGAGCGCCATGCGAGCAGGCGTGCTGGTCTGAAGTTCATCGAAAGCGGGCGTGGAAAGCTGTGCGCCCGCCAGCAGCAGCGGCGCCTCGGTGCCCAGCCGCCAGCTA
NZ_CP180159.1_gap132	5002388	5004776	2388	TATCCGTCTGAATGAAGAAGCCCCTCATCATGCCCTCACCCTGGCTGAGTGGTCGCAGCCTGCGACGCTGAGTTCGTTAATCGCGACCTGGTCTGACCATATTTATCGTAACCAGCCCGGGCAAGCCCGTGAGCAAAAACCGCTGCTATCCCTCTGGGCACAATGGTACATCGGTTTACTGGTGCCCCCTTTAATGCTGGCGCTGTTGAGTGAAGAACGCGCCGTTAGCCTGGCGCCGGAGCATTTTCGCGTCGAGTTTCATGAAACAGGCCGTGCCGCCTGTTTCTGGATCGATATCCATTCAGCAGGTTCTTCCCCGGCAGAATCCGCGCAGTCCCGGATGGAAAAGCTGGTCACTACCGCTTTGCAACCCGTGGTACAGGCGCTTGAAGCCACTGGCGATATCAATGGCAAACTTATCTGGAGCAATACGGGTTATTTGATTAACTGGTATCTCGGGGAAATGAGAACCCTGGTCGGAGATGAAAAAGTGGCCGCGCTGCGTCAGCTCTTCTTCTTCAACAAACAGCTATCAGGCGGTGAGGATAACCCGCTGTGGCGTACGGTGGTTTTACGTGAAGGGCAGCTCGTGCGCCGTACCTGCTGCCAGCGCTATCGCCTGCCGGACGTACAGCAGTGCGGGGACTGTACGCTGAAATAATCGATGGTGAAAACAAACGGGCGGCTATTCAGCCGCCCGTTTGTTTTTATGCCGTCTGCTGGGTCTCTTCCGCCATGCGCTGCGCCTCTTCAGCCTCCTGCGCGAGCAGCTGTTTCTCGTAAACCTTGAAGAATGGGAAGTAGATAATCGCCGAAACGCAGGCCAGGACAACCACCAGAATCGCCGCCCGGAAATCCCACCCCAGCGCCCACGCGCCGCCAATCGGCGCCGGAGCAGTCCACGGAACAACCGAAATCACCCGGCCGATAAGATCCAGCTTCATTGCCGCCCAGGCCAGTACGGCATTAACCATCGGCGCCAGCAGGAAGGGAATAAAGAACACCGGGTTCATCACGATAGGGGTGCCAAAAATAACCGGCTCGTTGATGTTAAACAGGCTTGGCACCACGCTCAGACGGCCAATCGAACGCAGATGCGCGGAGCGGCTGCGCAGATAGCAGAATACCAGCCCCATCGTCGCCCCTGAACCGCCAATCACAATAAAGAATGTCCAGAACGCTTCCATAAAGATATGCGGCAGCGGAGCCCCCTGAGCCAGGGCCTGCTGGTTCATGCCGAGGTTAGTGAGCCAGAACATTTGCAGCATGCCGGAAACAATGGCCGCACCGTGGATCCCCGCAAACCACAGCAGGTGGCCCACCAGGACCGCCAGTAAAATTGCGGGTAAGGAGTCCGCGGCGGAAACCAGCGGCTTAAAGATAGCCATAATCGCCTGAGGGATCAGCATATCAAAATGATGCTGAATAAGCAGGCTCAGGGGATAGAGCGTCAGGACGACAACCAGTACCGGGATCAGCAGATCAAACGAGTTTTTGATCATCGGCGGCACCTGATCCGGTAGGCGAATACCAATATTATGCGCCTTCAGGAAGCGCATCATTTCAACGCAGTAGACCGCCACCAGAATCGCCGTAAATATCCCGGTTCCTCCCAGGCTATCTACCGGCAGGTTGCCGTTCGTTTTTGGCGCCGCCACCAGCAGGAAGGCCATGATCGACAGCATGGCGCACATAAAGGGGTCGAGCTGATTGGTTTTTTCGTAATGCTTGCCGAGGTTATAGGCGATCGCGGCGCAAATGTAGATCGACATAATGCCCATCGTCATATCAAACGGCGTCAGAATTCGCCCTTCAAACTCTTTTGCCAGATCCAGCCAGGCGCGGGCAAATCCCCATGTGGTATCCGGTGAAAACGGCGGATAAGCGAATACCAGTAGAAAAGAGCCGACAATCATAAACGGCATGGCGGAGATAAAACCGTCGCGGATTGCCATAACGTGGCGCTGAGACGAGATGCGTCCGGCGACAGGGCTGATGTAATTTTCTACGAAGCGAAATATCAGATTAAATGCAGCATGGTTAGCAGACATAGCAGCCCTCCTGACAGGCTAGATGAAAAGGCCCAACAACGATTATCTTGCCGTTATGATGAACCCGCTTCGGCGAAGGGGTTACCCAATCGGATAACCTGCTGGCCCGACTGCTCAACCAGGTTCGATTCATCTTCGGCTCTTTGTTATAGGTGACGCAGGGAAGTTACCTTGTCAGTATTCCTGTCTCCGTGAATAACCGCAACCGGTTACAGTAACCGGTTGCGGTGAATGTGAAGGAGATCCAGAAATTAAAAAGAATCTTGATTCTCTACCATGGATATTTACACTTTGCGAAGCTTGTGACAGATTTTTAACAAGCCTTAATCAGGAGATT
NZ_CP180159.1_gap133	5033686	5034912	1226	CAGCCGTTGCTGTAGCCGAAGCCTACGGCACCCATGCTTGAACCGGTCCCCACCATGGTCGCCACGGTGGAGCCCAGCGTCAGGAACAGCGGTAAGGAACGGCCGCCGAGTAAAAAATCTTCACCGCTTTTTTGATTACGCGACACGTACCAGCCAAGCCAAATCATGGCCAACGCGTAAATAATAAAGCCGACTAAAAAGATATGACTATTCATTATTCACATCCTGCCAGTTGAGTATGTAAAAGGTAAAAGGCTACGAAGCGCTGAATGAATTCAGCGCTCAAAAATCCTGTTTATATTTCTGGTTAATAAACTTTTATACGCGAGCCGCGTTATAACAGGTCACATCTACTTCGACTTTACAATCCACCACCAGGTCCGCGACGCAGCAGATACGGGCGGGCGGGTTGTCGCCAAAGAACTCGCGGAACACTTTATTGAAAGACTGGAAATAGCGCGCATCGGTGAGGATCACCTTGACGTGCACCACGTCGGCCAGGGTGTAGCCCGCTTCGGTCATGATATCCACGCAGTTCTGAATCGCCAGACGCGCCTGGTCGACAATTCCGCCTTCCACCACTTCACCGTCCTTCATCGGCGTCTGGCCGGAAACGTACAGCCAGCCCCCCGCCTCCACCGCGCGCGCGAACGGCAGATGCTGCCCGCCGGTGCCGGTACCGCCTTCTACGCCATAACGTTTAATACTCATTTTGCACTCCTTAGTTCATTCGGCGGCGCAGGAAACGCCCCGCGCGCCCGATAATCTTTTTGTCGCTACCGTAGCTCATCACGCCGTTGACCATCACCGCCTCGATCCCCTCCGCCGGTTGTTTCGGGTCGGAGAAGCTGGCGACATCGCGCACCGTCTGCGGATCGAACAGCACCAGATCGGCAAAGTAGCCCACTTTCACCAGCCCACGATCCGCCAGCTGGAAACGCGCCGCCGACAGCCCGGTCATCTTGTGGATAGCGGTGGTCAGCGGAAACAGCCTTTCATCGCGGCTGTAGTGGCCCAGGACCCGCGGGAACGCGCCCCACAGCCGCGGATGCGGCATCGGGTCGTTCGGCAGACCGTCGGAGCCGATCATGGTCACCGGATAACGCAGCACCCGCCGCACGTCCTGCTCATCCATGTTGTAGTAGATGGCGCCTGCGGGCATCAGCCGCGCCGCCGCCTCGTGCAGGCTAACCTGCCAGCCGTCGGCAATCTGCCGCAGGGTTTTC
NZ_CP180159.1_gap134	5038137	5042802	4665	AACCACCGCAGCCAGCTCGACGCCTGGCGCGAAGCGTTCCAGCAGGCCCCGTATAAAACTCCGCCGAAGACCGCGGTCTGGTTTATCAAACCGCGCAACACCGTTATCGGCGACGGCGAGAGCATTCCCTATCCGCAAGGCGAAACCGTGCAGAGCGGCGCCACCGTGGCGCTGATCGTCGGTAAAACCGCACGCAAAATTGCCGTGGAAGACGCCGCGGCTTATATTGCCGGATACGCGCTGGCCAACGACGTCAGCCTGCCGGAAGAGAGCTTCTATCGTCCGGCCATCAAAGCTAAATGCCGCGACGGCTTCTGCCCGCTTGGCGCGCTCGCGCCGCTCAGCAACGTCGATAACCTGACCATCATCACCGAAATCAACGGTCGCGAAGCGGACAGCTGGAATACCGCCGATCTCCAGCGCTCCGCCTCCGGGCTGCTGAGCGCCCTGAGCGAATTCGCCACCCTCAATCCCGGCGATGCGATTCTGATCGGTACACCCCACTCCCGCGTTACGCTGCGCCCCGGCGATCGCGTACGCATTCTCGCCGAGGGCTTCCCGGCGCTGGAAAACCCGGTGGTTGCTGAAGGAGAACTGGCATGAAACAGGCACGTATTGAGTGGCAGGGGCAACGGCACGATGTCCAGGTTGATGAACGCGGGCAGGTCCAGCTCGCCAACGGCAGGTTACTTCAGGAAGGCGAGTTTCGCTGGCTGCCGCCCGCCGACGGCACCCTGTTCGCGCTGGGCCTGAACTACGCCGATCACGCCAGCGAGCTGGCGTTTACGCCGCCAACCGAGCCGCTGGTGTTTATCAAAGCGCCCAATACCTTTATCGGCCATAGGCAAGAGTCGGTGCGCCCGGATAACGTCGAGTACATGCACTACGAGGCTGAACTGGTGGTGGTGATCGGCAAAACCGCGCGTAAGGTCGCCGCAGCCGACGCCATGGCGTACGTGGCCGGATACACCGTCTGCAACGACTACGCCATCCGCGACTACCTGGAGAACTACTATCGCCCCAACCTGCGGGTCAAAAGCCGCGACACCCTGACGCCGATCGGCCCGTGGATCGTCGGCAAAGAGACGATCCCGGATCCGCATAACCTGGCGCTGCGCACCTGGGTCAATGGCGAACTGCGCCAGCAGGGCACCACCGCCGATCTGATCTTCAGCATTCCGTTCCTGATCGCTTACCTCAGCGAATTTATGACCCTGCAGCCGGGCGACATGATCGCCACCGGCACGCCTAAAGGGCTATCGGACGTGGTGCCGGGCGATGAAGTGATCGTCGAAGTGGAAGGCATCGGCCGCCTGGTCAACCACATCATTAGCCAGCAGGCATATGAGGAGAAGCTGTCATGAAAAAAATTAACCACTGGATCAACGGCAAAAGCGTCGCCGCCGCGGAATATTTCCATACCACCAACCCGGCCACCGGCGAAGTGCTGGCGGAAGTCGCCTCCGGCGGCGCCGATGAGGTGAATCAGGCGGTGGCGGCGGCGAAAGAGGCGTTTCCGAAATGGGCCAATCTGCCGATGAAAGAGCGCGCGCGCCTGATGCGTCGGCTGGGGGATCTTATCGACCAGAACGTCCCGGAGATCGCCGCCATGGAGACCGCCGATACCGGTCTGCCGATCCACCAGACCAAAAACGTGCTGATCCCGCGCGCCTCGCACAACTTCGAATTCTTCGCCGAGGTGTGCCAGCAGATGAACGGCAAGACCTACCCGGTTGACGACAAGATGCTCAACTACACCCTCGTGCAGCCGGTCGGCGTTTGCGCGCTGGTGTCGCCGTGGAACGTGCCGTTTATGACCGCCACCTGGAAGGTGGCGCCGTGCCTCGCGCTGGGCAATACCGCGGTGCTGAAGATGTCCGAGCTGTCACCGTTAACCGCCGACCGTCTTGGTGAGCTGGCGCTGGAAGCGGGTATTCCAGCGGGGGTGCTGAACGTGGTGCAGGGCTATGGCGCCACCGCTGGCGATGCGCTGGTCCGCCACCATGACGTACGCGCGGTCTCATTCACCGGCGGCACCGCCACCGGGCGCAACATCATGAAAAACGCCGGCCTGAAAAAATACTCCATGGAGCTGGGCGGCAAATCGCCGGTGCTGATTTTCGAAGACGCCGATATTGAGCGCGCCCTCGACGCCGCGCTGTTCACCATTTTCTCGATCAACGGCGAACGCTGCACCGCCGGCTCGCGCATCTTCATTCAGCAGAGCATCTACCCCGAGTTCGTTAAACGCTTCGCCGAGCGGGCTAACCGCCTGCGCGTTGGCGACCCCACCGACCCGAACACCCAGGTGGGCGCGCTGATTAGCCAGCAGCACTGGGAGAAAGTCTCCGGCTATATCCGCCTCGGCATTGAAGAGGGGGCAACCCTGCTGGCCGGCGGCGCGGATAAACCCGCCGATCTGCCCGCCCATCTGAGAAACGGCAACTTCCTGCGGCCAACGGTGCTGGCGGACGTCGATAACCGCATGCGCGTGGCGCAGGAAGAGATTTTTGGCCCGGTAGCCTGTCTGCTGCCGTTTAAAGACGAGGCGGAAGGTCTGCGCCTGGCCAACGACGTGGAGTACGGCCTCGCCTCTTATATCTGGACCCAGGACGTCAGCAAGGTGCTGCGCCTGGCGCGCGGCATCGAAGCCGGAATGGTGTTCGTCAACACCCAGAACGTCCGCGACCTGCGTCAGCCGTTCGGCGGCGTGAAGGCCTCCGGTACCGGCCGCGAAGGCGGCGAATACAGCTTTGAAGTGTTCGCTGAAATGAAAAACGTCTGCATCTCGATGGGCGACCATCCGATCCCAAAATGGGGAGTCTGATATGGGAAAGTTAGCGTTAGCAGCAAAAATCACTCACGTACCGTCGATGTATCTCTCTGAACTGCCGGGTAAAAACCACGGCTGCCGCCAGGGAGCCATCGATGGGCATAAAGAAATCGGCAAGCGGTGCCGCGAGCTGGGCGTGGATACCATCATCGTCTTTGATACCCACTGGCTGGTTAACAGCGCCTACCACATCAACTGTGCCGACCATTTCCAGGGCGTCTATACCAGCAACGAGCTGCCGCATTTTATTCGCGACATGACCTACGACTACGACGGTAATCCGGCGCTCGGCCACCTGATCGCCGACGAAGCGGTCAAACTCGGGGTCCGCGCCAAAGCGCACAACATTCCGAGCCTGAAGCTGGAGTACGGCACCCTGGTGCCGATGCGCTATATGAACAGCGATAAGCATTTCAAAGTGGTCTCTATCTCGGCGTTCTGTACCGTCCATGATTTTGCCGACAGCCGCAGGCTGGGCGAAGCCATTCTTAAGGCTATCGAGAAATATGACGGCACCGTGGCGGTCTTTGCCAGCGGCTCGCTGTCGCACCGTTTCATCGACGACCAGCGCGCCGAAGAGGGGATGAACAGCTATACCCGCGAGTTCGATCACCAGATGGACGAACGGGTCGTGAAGCTGTGGCGCGAAGGCAAATTCAAAGAGTTCTGCACCATGCTGCCGGAGTACGCCGACTACTGCTTCGGCGAAGGCAATATGCACGACACGGTGATGCTGCTGGGCCTGCTGGGCTGGGACAAATACGACGGCAAAGTAGAGTTTATTACCGAGCTGTTCGCCAGCTCCGGCACCGGTCAGGTCAACGCCGTCTTCCCGCTGCCGGAAACGGCGTAAGGAGCACGCAGAATGCCGCATTTTATCGCTGAATGTACCGACAACATCCGCGAGCAGGCTGATTTACCGGGCCTGTTCGGCAAAGTGAACGCCGCGCTGGCGGCCACCGGCATCTTTCCCATCGGCGGCATTCGCAGTCGCGCCATCTGGCTGGATACCTGGCAGATGGCCGATGGCCAGCACGATTACGCCTTTGTGCATATGACGCTGAAAATTGGCGCCGGACGCAGCCTGGAGAGCCGCCAGGACGTGGGCGATATGCTGTTCACGCTGATCAAAGCCCATTTCGCCGCGCTGATGGAGAGCCGCTATCTGGCGCTGTCGTTTGAGATTGATGAACTACACCCGACGCTGAACTACAAGCAGAACAACGTGCACGCCTTGTTTAAATAGCGTGCGGCCGGTCAGGCCCTCTCCCGCCGGGAGAGGGCGAAACGACGCCGGCTTTTATTTCCGGCGCAGCAGCACCGAATGACGTAACAGGAAGCAACTATGCTCGATAAACATACCCATACCCTGATCGCCCAGCGGCTGAACCAGGCGGAAAAACAGCGTGAACAGATCCGCGCTATTTCGCTGGATTACCCGACGATCACTATCGAAGACGCCTACGCGGTACAGCGCGAATGGGTAAATATGAAAATCGCCGAAGGCCGCGTGCTGAAAGGGCATAAAATCGGCCTGACCTCAAAAGCAATGCAGGCCAGTTCGCAAATCAGCGAACCGGATTACGGCGCGCTGCTGGACGATATGTTTTTCCACGACGGCGGCGATATTCCTACCGACCGCTTTATCGTCCCGCGTATCGAAGTGGAGCTGGCCTTCGTGCTGGCCAAACCGCTGCGCGGCCCCCACTGCACCCTGTTCGACGTCTACAACGCCACCGACTACGTGATCCCGGCGCTGGAGCTGATTGACGCCCGCTGCCACAACATCGACCCGGAAACCCAGCGTCCGCGTAAAGTCTTCGACACCATCT
NZ_CP180159.1_gap135	5047465	5050731	3266	CCGCCGCTGGACGATGGAGGGCGGTTTCGCCCGCATGTATCCGCTGCAGGCCTGCGTGCGTCTGGCCGTGAAGCTCGACTTTATCACCGCCCTGCTCAAGCGCTCGCTGGAGTGTACCGGCACCCTTGAATTCCGCGGCGTGCAGGCGGATCTCGGCGAAGTGGTGGCCTGGCGCAATATGTTCTGGGCGCTGAGCGACTCGATGTGCGCCGAAGCCACGCCGTGGGTTAACGGCGCGTATCTGCCGGATCACGCCGCGCTGCAAACCTATCGCGTGATGGCGCCGATGGCCTACGCCAAAATCAAAAACATTATTGAACGCAACGTCACCAGCGGCCTGATCTATCTGCCGTCCAGCGCCCGCGATCTCAATAATCCGCAGATCAACGAATACCTGGCGAAATACGTGCGCGGATCTAACGGCATGGATCACGTCGAGCGCATCAAGATTCTCAAACTGATGTGGGACGCCATCGGCAGCGAGTTTGGCGGCCGTCATGAACTGTACGAAATCAACTACTCCGGTAGCCAGGATGAGATTCGCCTGCAGTGCCTGCGTCAGGCGCAGAGCTCCGGCAACATGGACAAAATGATGGCGATGGTGGATCGCTGCCTGTCCGAGTATGACCAGAACGGCTGGACGGTGCCGCATCTGCACAACAATACCGATATCAACATGCTGGATAAGCTGCTGAAGTAACCGGCAGCGGGAGGTCACAATGCAATTAGATGAACAACGTCTGCGTTTTCGCGATGCCATGGCCAGTCTGTCGGCCGCCGTTAACGTCATCACCACCGAAGGCGAGGCGGGCCGCTGCGGTATCACCGCCACAGCGGTCTGTTCGGTGACCGATACGCCGCCGTCGGTAATGGTCTGCATCAACGCTAACAGCGCGATGAATCCGGTGTTCCAGGGCAACGGCAAGCTGTGCATCAACGTGCTGAACCACGAGCAAGAGGAGATGGCCCGCCACTTCGCCGGCATGACCGGGATGACGATGGATGACCGTTTCGGCCTCAGCGGCTGGCAAAAAGGCGCGCTGGGCCAGCCGGTGCTGAAAGGTGCGCTGGCGAGCCTCGAGGGTGAGATTAGCCAGGTGCAGACCATCGGCAGCCACCTGGTCTATCTGGTGGAAATGAGGAACATTACCCTGAGCCAGCAGGGCCACGGGCTGATTTACTTTAAGCGCCGCTTCCATCCGGTGATGATGGAGATGGACGTCGTGGCGTAGTTTTGCCTTCCCCTCTCTCGCGGGAGAGGGGATTACCTCGCTTCCCCCTATCGTCACGGCGGGAATATTCCTGTGATCTCAATCACATATTTAAACCTACCGGGATTCCTGCCCAACCGCTTACCCTCGCAAGTGACCGCTTAACCCCGAATATAACCACTCACAGATTTACCCAACTTTACGCGCGCGACGTTCTGGCAAGATGGTCCCCAGCATAGCTAATCAATGCCTCCTCAAACCCTAACTAAACCCAGACGGCTTCGGCCCATTATTCATCTTATTAAGCCAGGTTTTACTATGGATACTAAAAAGTTATTCAAGCACATACCCTGGGTGATTCTTGGAATCATCGGGGCATTTTGCCTCTCGGTCGTCGCTCTGCGCCGCGGCGAGCACGTCAGTGCGCTGTGGATCGTGGTGGCGTCGGTTTCCGTCTACCTCGTCGCCTACCGTTATTACAGCCTGTATATCGCGCAAAAGGTCATGAAGCTCGACCCTACGCGCTCCACGCCTGCGGTGATTAACAACGATGGCCTGAACTACGTTCCGACCAACCGCTACGTACTGTTCGGCCACCACTTTGCCGCGATTGCCGGCGCCGGTCCGCTGGTGGGCCCGGTGCTCGCCGCGCAGATGGGCTACCTGCCGGGTACCCTGTGGCTGCTGGCGGGCGTCGTGCTGGCAGGGGCGGTGCAGGACTTTATGGTGCTGTTTATCTCCTCGCGCCGTAACGGTGCCTCGCTGGGGGAAATGATCAAGCAGGAGATGGGTCCTGTGCCGGGTTCCATCGCGCTGTTCGGCTGCTTCCTGATAATGATCATCATCCTTGCGGTGCTGGCGTTAATCGTGGTGAAAGCGCTGGCGGAAAGCCCGTGGGGCGTATTCACCGTCTGCTCGACCGTGCCGATTGCCCTGTTTATGGGTATCTATATGCGCTTCCTGCGTCCGGGCCGCGTGGGTGAAGTTTCAGTTATCGGTATCGTGCTGCTGGTGGCGTCCATCTGGTTCGGCGGCATCATTGCCCACGACCCGTACTGGGGCCCGGCGCTGACCTTTAAAGACACCACCATTACCTTTACCCTGATTGGCTACGCGTTCATCTCCGCGCTGCTGCCGGTATGGCTGATTCTGGCGCCGCGCGACTACCTGGCGACCTTCCTGAAAATTGGCGTGATCGTCGGCCTGGCGCTGGGTATCGTTATCCTCAACCCGGACCTGAAAATGCCGGCGGTGACCCAGTACATTGACGGTACCGGTCCGCTGTGGAAAGGCGCGCTGTTCCCGTTCCTGTTTATCACTATCGCCTGCGGCGCGGTCTCCGGCTTCCACGCCCTGATCGCCTCCGGCACCACGCCGAAGCTGCTGGCTAACGAAACCGACGCCCGCTTTATCGGCTACGGCGCGATGCTGATGGAATCTTTCGTCGCTATCATGGCACTGGTAGCGGCCTCAATTATCGAACCGGGCCTCTACTTCGCGATGAACACCCCGCCGGCGGGTCTGGGCATCACCATGCCGAACCTGCACGAAATGGGCGGTGAGAACGCCGCGCTGATTGCCGCGCAGCTGAGGGATGTCACCGCACACGCGGCAGCGACCGTCAGCTCCTGGGGCTTCGTGATCTCACCTGAGCAAATCCTGCAAACCGCGAAAGATATCGGCGAACCGTCGGTACTGAACCGCGCGGGCGGCGCGCCGACGCTGGCCGTGGGTATCGCTCATGTGTTCCACAAAATCATCCCGATGGCGGATATGGGCTTCTGGTACCACTTCGGTATTCTGTTTGAAGCGCTGTTTATCCTTACCGCGCTGGATGCCGGTACCCGTGCAGGCCGCTTTATGCTGCAGGATCTGCTGGGCAACTTCGTGCCGTTCCTCAAGAAAACCGATTCGCTGGTGGCCGGTGTTATCGGTACCGCGGGCTGCGTCGGCCTGTGGGGCTACCTGCTGTATCAGGGCGTGGTCGACCCGCTGGGCGGCGTGAAGAGCCTGTGGCCGCTGTTCGGTATCTCTAACCAGATGCTGGCCGCCGTG
NZ_CP180159.1_gap136	5054244	5058785	4541	AGGATAAAGCGCTTCGCCGCGGTGCACACCTGGCCTGCATTGTTGAGCCGCGCCTGCACGCCGATCTTCACCGCCTTCGCCAGATCGGCATCGTCCAGGACCACAAAGACATCGTTTCCGCCCAGTTCAAGCGTCGCTTTCTTGATGTGTTTAGCCGCCTGCGCCGCCACCACGCCACCGGCTTTTTCCGACCCGGTCAGGGCCGCACCCTGTACGCGATCGTCGGCGATAATCTTCGCCACCTGATCCTGAGAAATAAACAGATTAGTCCACGCCCCTTCCGGCGCACCGGCTTCACGTACCAGTTGGGCGAAGGTTTCCGCACAGTGCGGGACGATGCTGGCATGTTTGGCGATAACCGGGTTCCCCGCCGCCAGGTTCGGCGCCAGCACGCGCATCAGCTGATAATAAGGGAAGTTCCACGGTTCTACCGCCATCAACACGCCGATAGGATGGTGTTCAACCCAGGCTTCGCCCAGTTCTGACGGATATTTTACCGGCGCCAGAAACTGTTTGGCGTTGTCGGCATAGTAACGAGCAATTTGCGCGCACAGCTTCACTTCACCGCGGCTTTGCTCAATCAGTTTGCCCATCTCCTGGCTGGCGATTTTCGCCAACTCTTCAACCCGGCTGTCGATCAAGTCCGCCAGTTTATGCAGTACCGGCAGGCGCTGGTCAATATCCCCTTTCGCCCACGGCGAATGATAAAGCGCATCCGCCTTCTGCAGAGCCGCTTCTACGTCCGCATCACTGTGTGCCGGAAACTCTTTAATAAGCTGGTTATTGGCAGGATTCACCGTCTGATAAGCCATATCGTATGTCTCCTTGTTATCGCTGTTAACGCAGTCATAAATACCGCACAGGATATTAAGGGTAGTCGAGATAGCTGAGGATGCGGCCAAACTCAGAGAGATACAGAATTTTCCAGAAATGAAACGTAGCGCGCTATCGGCATAAATAGCTCAGAAATAAAAATATAATATCAATGAGTTAGTGAATAACGGCCCGGATATCCGCCTCCGACAAACCGGTAATTCTCAGCACCGTTTCCAGGGCCATACCTTCGGCAACCATCGTTTGAGCAATACGCAGCGCTTCGGCCCGCGGCCCCTCCTCAACGCCCTCAAGTCGACCTTCCCGCTTCCCCTGCCTGCGCCCCACTTCGCGGATAAATTTCCCCAACCGAAGCGCTTTGCCCGAGTGAATCAGGTAATTAAACAGCGTGTTAGCTGCCTGTCATTAGCGTATCCGCTAAGCAAAATGGCCGTCAGAGGTTCCACAAAACCCAGCCAATCGCGCTGATAAATATATTTTGCATCAGCTCCAGTCAGGCGACTCTTCGAGGCTGGACAATTTCGTCATCAGGCACAGCGGTAATATCCACCAGCGGAAACGGCATGGTATAAACAGCTATCCCTCTCAGCTAAGGAGCCCACCGTGAGCCATACGCGCGATATTCAGCAAACCTTCTGGCGCGACGAACATCTGCCCTGGCTGGAGCTGCGCAGTACCTGGAACAGCCGCCAGGCCTATAAACGTCATCGCCATCCGCAGCTCTCCGTGGGGGCGATTATCGAGGGGGAAACGCGCTGTATCTGCAACGGGCAGGAGTATCTGCTGCGGCCGGGCGATCTGATTATTATCCCCGCCCAGGCCCCCCACAGCTGCAATCCGCGCGACGGCCAGCCGCGCAGCTACCATATGCTCTATCTCGAGCAAAGCTGGTGCCGACGACAGCTGGCCAACGATGCGCATCAAGAACGGTTAATAGCCTCCCAGCCGGTAATACGCGATGCCGAACTGTTTGCCCGGTATTTGCAGATCTTGGAATTGATGAGCCAGCAGAACACCGCCACGTTACCCGAAAGCGTCGCCCGATTGCTGCGCGGCCTGCCGCTGCGCCCGCTCGCGCCTGTGGCGCTTAGCCAAACCAGCGCGCGTTTGTTCAGTCGTCTGGCAACCAATCTGCAGGCGCCGCCGACGCTGGATAGCCTCGCCGATGAGTTTGCGCTGCGCAAAGAGACGCTGATCCGCGCCTTCAAGCAGGATACCGGCCTGACGCCCGCCAGCTTTATCAATATCGCGCGGATTGAGTTCGCCAAAACGCGCCTGCGGGCCGGGGATAATATCGCCGATGTCGGCTACCAGGCCGGGTTTGCCGACCAGAGCCACTTTCATAAAACCTTTGTCAGCTATACCGCCGCCACGCCGCGCCAGTATGCGCAGTCCCGATCAATAACAGACAATAATTAGCGTTTACGCTGGCGTAAGGTGACCTCAGATTAATACTGAGGTTGCTATGGACATACTCGCTACGCTCTTTCCCTCCGCCTTCCCCGCGCTGGCGCTCTCCCATTTTGTCGCCCTGCTGAGTCCCGGGCCGGATTTTTTTCTGCTGGTGGGCTACGCCATCCGCTATCGCCTGCGCGGCAGCGTCGGCCTGTGTCTCGGCATTGCCGCCGGAAACGGTCTGTATATTCTTCTGGCCATTATCGGCTGGGGGATCCTGCGCCAGGCGCCGCTGCTGTTTACGGTGATTGAGCTGCTGGGCGCGGCGTATTTGCTGTGGATTGGAAGCCTGCTGCTCAGAAGCCGTCCGGCTACGCTGGCGCTGCACGGCGCCTCGGCTTCGCGCCCGCCGCTGGTGAAACAGCTTTTTCTCGGGCTGGGTTCTTCGCTGCTCAATCCGAAAAACGCGCTGTTCTACCTCGCGCTGATGACCTCCCTGCTGGGCCCGAACGTCACGCTGGTGCAGCAGGCCGTCAGCGGAGCCTGGATGACCAGCGTGGTGTTGATATGGGATCTGTTGCTGGTCACGCTGATTGCGCTACCGTCGGTGCAGCGACGCCTTTCCGCCGTCGTCTGGCGAGTCGAGCGCACGGCCGGCGGCGTATTGATGGCTTTTGGTTGTTGGATTGTGTGGCAGTTTTTGCACGAGTTCGCCGTCAGGCTATATGCTTAAGCTTATGGAAAAACTCGCTGAACTGAAACGCGCCAAGCTGCTGGCGCTCTCGCTGCTGCTGATTGCAGCCGCCATTTTTATCACTACCCTCGTGCTGCCGCCAACGCCATGGGTCGGTGCGCTAAAGGCTATTTCCGAAGCGGCAATGGTCGGCGCGCTGGCGGACTGGTTTGCGGTCGTGGCGCTGTTCCGCCGTATTCCGCTGCCGTTCGTTGCGCGGCATACGGCGATTATTCCGCGTAATAAGGACCGGATTGCCGATAATCTCGGCTATTTCGTGCAGGAAAAATTTCTCGATACGCCGTCGCTGGTGGCGCTGATCCGGCGCTATGAACCAGCGCTGATGCTCGGTAACTGGTTCAGCCAGCCGGAAAACGCGCGGCGGGTCGGCCAGCATCTGCTGCAGGTGATGAGCGGGTTTCTCGAGCTCACCGACGACGCGCGCATTCAGCGGCTGCTGCGTCGGGCGGTGCATAAAGCGATTGATAAGGTCGATTTAACCCAAACCAGCGCTATGATGCTGGAGGGGCTGACGCGCGACAACCGTCACCAGAAGCTGCTTGATTCGCTGATTAGCCAGCTGATCGCCCTGCTCCAGCGCGACAGCTCGCGGGCGTTTATTGCCCGCGGTATCGTGCACTGGCTGGAGACCGAGCATCCGCTTAAAGCCAGGCTGCTGCCTACCGAATGGCTCGGCGAGCACAGCGCTGAAATGGTTACCGACGCGGTTAACACGCTGCTCGACGAAGTGAGTCAGGATCGCGCCCATCAGATCCGCCAGGCCTTCGATCGCGCGGCGCTGAAGCTGATCGACAACCTGAAGTCCGATCCGCTAATGGCGGAAAAAGCGGACAATATCAAAGCGTATCTGAAAAACGATGAGACCTTTAACCGCTATCTGGGCGAGGTATGGGCCGATCTGCGCGGCTGGGTTAAAAACGATGTTAATAGTGACGATTCACGCATTAAGCAGCGCATTGCCGAAGCCGGTCAGTGGTTTGGCGAAACGCTGCTCCACGATGCGGCGCTGCGCGAATCGCTGAACGAACATCTTGAGCAGGCGGCGCACCGGGTGGCCCCGGAGTTTGCCGCCTTCCTGACGCGCCATATCAGCGATACGGTCAAAAGCTGGGACTCCCGCGATATGTCCCGACAAATCGAGCTGAACATTGGTAAGGACCTGCAGTTTATCCGCATCAACGGCACGCTGGTTGGCGGCACTATCGGTCTGCTGCTGTGGCTGCTTTCACAAATTCCGGCGCTGCTGCATTTACATATTTAATTCAACTTTTTGTTTTTAATGTATTTCTTACATGAATACACATTAACCATTAAAAACACATGGATATTTAGGTTGACCCTAAATTTATTGCAGTGTGAAGTGCTGAAATAGTGCGCGCATAAACGGCTATTTATGGCGTAGAGACTCAACAAGGAGCCCACCGATGTTGCAATGGATGACCCGTTTTTTCGCCCGCCATTCCGCCACGCTTTTCTTCCCGGCAGCGCTGATCCTCTATGACTTTGCCGCCTATCTGACCACCGATCTTATCCAGCCGGGGATTATCCACGTGGTGCG
NZ_CP180159.1_gap137	5114710	5116227	1517	GAGGTGATCCAACCGCAGGTTCCCCTACGGTTACCTTGTTACGACTTCACCCCAGTCATGAATCACAAAGTGGTAAGCGCCCTCCCGAAGGTTAAGCTACCTACTTCTTTTGCAACCCACTCCCATGGTGTGACGGGCGGTGTGTACAAGGCCCGGGAACGTATTCACCGTGGCATTCTGATCCACGATTACTAGCGATTCCGACTTCATGGAGTCGAGTTGCAGACTCCAATCCGGACTACGACATACTTTATGAGGTCCGCTTGCTCTCGCGAGGTCGCTTCTCTTTGTATATGCCATTGTAGCACGTGTGTAGCCCTACTCGTAAGGGCCATGATGACTTGACGTCATCCCCACCTTCCTCCAGTTTATCACTGGCAGTCTCCTTTGAGTTCCCGGCCGGACCGCTGGCAACAAAGGATAAGGGTTGCGCTCGTTGCGGGACTTAACCCAACATTTCACAACACGAGCTGACGACAGCCATGCAGCACCTGTCTCACGGTTCCCGAAGGCACCAAAGCATCTCTGCTAAGTTCCGTGGATGTCAAGAGTAGGTAAGGTTCTTCGCGTTGCATCGAATTAAACCACATGCTCCACCGCTTGTGCGGGCCCCCGTCAATTCATTTGAGTTTTAACCTTGCGGCCGTACTCCCCAGGCGGTCGACTTAACGCGTTAGCTCCGGAAGCCACTCCTCAAGGGAACAACCTCCAAGTCGACATCGTTTACAGCGTGGACTACCAGGGTATCTAATCCTGTTTGCTCCCCACGCTTTCGCACCTGAGCGTCAGTCTTTGTCCAGGGGGCCGCCTTCGCCACCGGTATTCCTCCAGATCTCTACGCATTTCACCGCTACACCTGGAATTCTACCCCCCTCTACAAGACTCCAGCCTGCCAGTTTCGAATGCAGTTCCCAGGTTGAGCCCGGGGATTTCACATCCGACTTGACAGACCGCCTGCGTGCGCTTTACGCCCAGTAATTCCGATTAACGCTTGCACCCTCCGTATTACCGCGGCTGCTGGCACGGAGTTAGCCGGTGCTTCTTCTGCGGGTAACGTCAATCGACAAGGTTATTAACCTTATCGCCTTCCTCCCCGCTGAAAGTACTTTACAACCCGAAGGCCTTCTTCATACACGCGGCATGGCTGCATCAGGCTTGCGCCCATTGTGCAATATTCCCCACTGCTGCCTCCCGTAGGAGTCTGGACCGTGTCTCAGTTCCAGTGTGGCTGGTCATCCTCTCAGACCAGCTAGGGATCGTCGCCTAGGTGAGCCGTTACCCCACCTACTAGCTAATCCCATCTGGGCACATCTGATGGCAAGAGGCCCGAAGGTCCCCCTCTTTGGTCTTGCGACGTTATGCGGTATTAGCTACCGTTTCCAGTAGTTATCCCCCTCCATCAGGCAGTTTCCCAGACATTACTCACCCGTCCGCCACTCGTCACCCGAGAGCAAGCTCTCTGTGCTACCGTTCGACTTGCATGTGTTAGGCCTGCCGCCAGCGTTCAATCTGAGCCA
NZ_CP180159.1_gap138	5118656	5122323	3667	GCGTTTGTCAGCGGCTTTTTTGACATCAAAAACTTTACCCGTTTTAAAGGTAATTGCCGACCCGATACCGCTCTGATTTGTTGCCGGCGCCACCATCCAGACGTCATACCCTTTGGCCGCCAGTTTTTCCTGCAGCGAAGTGGTTCCCACAGACTGGCAGCCATCATCGTTAACCAGCAGTATTTTCAGCGGTTTTTCAGCAGCCTGTACGCCAGCGGCAGATAACGCCAGAATGGCGGCAGTCAGAATTTTCGTTCTCATCATCACTCCTTGTTAGGTAGCAGAGGTATTTCTTAGGCGCAAAAAAAAACCTAAGACTCCTGCCGCACGCCAAATTGGCGGACAGGGGTCTTAGGTTTTGCCTGTGGTCAGTAACAATCCCAGAGTGCTGCGAAAATAACGCCAGAGCGTAAAAGAGTCCAGCCCGGACATCATTATTCTGTGACGGAGATCAATCCTCTAAAATTATTTAAGCCGAAAACTGCCAATTAATCTGAAAATTAAACTTAAGATACAACTCAATCGACAAAATTACCTCCATGAAGACGATCACATTTATTGACATTCATAATAAATAGAGGATGTTTTTTCTCATAATTAGTGCTAACGTCGCCCTTGTTGGATTGTTACTGTTTAGAACAGGCGAAACCTACGTTATAGACGTTCGAGCGAACATAATCTTATTTATGCTTCGCGTCGAATATCTGACGTAGGTTTTTTTTTGCTTATAAAAAGACCATTCAGGTGGAGCGTTATATGAAGAAGTGGCTAATAGCATTAATGATAGCGGCAGGTGCGGCAACCTGCTCTGCGGCGGAAGTTAAAAACGATGACGGCGTGAATATCTATTTCGCCCGTCATGGCAAAACTCTGCTGAATACGTTTGACCGCGTGCAGGGTTGGGCGGACTCACCGCTTACCGAAGACGGCATTCGCGTTGCTCGTTATCTCGGCGAGGGGCTTAAAGGTATTCCGTTTGACAGTTTCTATTCCAGCGATGCCGGACGTCAGCGTGAAACCATGCAGGTGATCCTTAAGCAAGCCGGAGTAAGTGATTACAAACTTACTGAGCTCAGCGGCCTGCGGGAAGCCTTCTTCGGCGGTTTCGAAGGCGGCTATAACAAAGATATGGCCGACGCTGGCGCCAGAGAGCTGGGGCTTAAAGACGGCGCTGCGCTGTTCAGCCAAATGAAAGCGGGCACCCTGGCCGTCGATACCAACCAGAACGCGCTGGCAGCGGCCGACCCAAAGGGTATGGCGGAAAACTATCAGCAGGTAAAAACCCGTACCCAGGCAGCGCTGCACACTATCGTTGCAAACGCGCAGGCCCGGGGCGATAAAAACGTGCTGGCGATTTCATCCGGTACCGCAATGCAGATTATGATTTCCGATTTAACCGACGATAACGCGAAAAACAAACCGCTTGCCAATGCCGCGGTGGTTAAAATTGTTTATAAAGACGGCAAATATACCGTTCCAGAAATTGGCACCATGAAATATGTCGAAGCCGGAAAACAGGCTCTCGATAAAAAATAATAACCACGCTTAACTATTTATTACGGCAGACTTCAGGCGAAAACACCTCGCCTGGATCGCTGCATCCCTACTCTGGGGTTTATTATGAAAATCAATACTACAACAGTCGCCATTATGCTGCTGGCTATTCCCGCCAGCGCCTGGTCAGCTTCGACCACTAACAGCCTGAAGGAGCGCGATTATATCGATACCGTGCTCGACGATCCGTTATTCAGCCAGTCCCATATGAATTTATCGTTTAAAAACTACTGGAAATATCTTAAGGAAGAAGAGACCGAGCCAAAGAAAGTCCATAATGCCTGGGGTCAGGGCGTCGCCGTCGATTATCAGTCCGGCTATTTTGCCGATACTATTGGCTTTGATGCCACTTACTACGGAGCGGTAAAGCTCGGCGCCAGCGATTACTTTAACTCCCGCGGCGTGCTGTATAACAACGGCAGCGGGAATAAAAAGAGCAACGCTGAAGGCTTTTCCAAATTTGGTCAACGCAACGTCAAGCTGCAGTATCGCCTGGCGGACACTCATCTGAACGCCCGCTGGGGCTGGCAGACGATGAAAAACTTTGGCGTCATCTCCAACTCGACCCGCCTCTCCCCGACCACCTATTTGGGCTGGACCGGCGCGGTGAACTACGGCCCCTTCACGCTGCGCGGCGCGTACATCGAAAGCGCGATGGATCGTAACTCGCCGGATAAGAAACGCTTCCAGACCAACAGCGGACAGTACATTAACCATATCGCCAGCGGCGATATTCTGTGGCAAAGCGAGCACCTGAACATGCAGTACGGCTATGGTGAAAGCGATAACTATCTGCGCCGCCATATTCTGTTTACCAATATTAAGCCAATAAAAGCGCTGAACATCGGTACTCAGGTTTACGCCACTCACGCGCTGGACGAGTATAAAGCGATGCCGGCGAATAAGCGTGACTTTGACGACGACGCCTGGCACATCGCCATGGATGTGAAGTGGCAGGCGGACAACTGGAGCACCAAGTGGGGTCTGGGCTATACCGATGCGAACAAGGCCAATGAAGTGGGCTTCTACCCGCGCCATATGAGTAAAAACTCGCGCGGGACCTTTATCTCAATGGCCTATGCCGGCAACGACTATATGCGCGACGGTGAACTGGTTCTCTCTAATATGTCGGACTATAACCTGACGCCAGAGCTGGCGATCGGTCTCGCCGGCAACATCGCCCAGTTTAACTACCGCGGCAACCACGTCCGTACCGGGGAAATTAACGCCTTCAGCCGCTGGGTGCCGACGCACCCGAGACTAAAAAATCTCACCGTCTGGGCGATGTTCGGGCCGGGCTGGTCCTATAAGATGAATGGCAAAACGCCGGTGCTTACCGACGGCCATTACAGCCGGGCCAACTCGCTCTCTTCGGAAGTGATTATCGAATATAAATTTAATCTGTTCTGATACGCCCGCCCCGCCGGTCATGGCGGGGCAACCCTCCCCAGCTACTTCTTCACCTCATTAAGCTCATCGTTATAGCTTTCCCGCGTCACGCAGACGCACAGGATGGTAATCAGCGCCATGCAGGCGAGAAACAGCGAGATGGGCCACGATGCGCCGCCGGACCACACCAGCAGCAAGGTACCAATCATCGGCGTTAGGCCGCCGACGATGTTCGCCAGCTGGAAGCCGAGCGACACGCCGGTATAGCGCACGCTGGTGTCAAAAAGCTCAGAAAAGAAGGCCGGCTGAACGCTGAACATCATCCCCCTCGATCGCGATCCCGCGACGCGGACGATCGTTAAGATCCTTCCCTGCCCTCTCTGTCGGCGTGTGTGCCGAGAGAGATTCTGGCCGCGTGATTTCATTTTGCCGGTTTAACCTCGGTCACCCAGGTGGGGAGATCCCATGTTCCGCCGAGGCGAAGAGAGCGGCACATCCCGGTGGTCGCTTCACGGCTTTTGCGGAACGTTGTGCCATCCCAGAGCCAGCTCGCCGTCCCCCAGCAATCGCCGAGCCCTCGCCCTTTCTGGCTCATAAAAATCTCGCCGTCGCCATATTCAGAACCGGAAACCGTGATAAGCGTTGGATTACCCTCAAGTTTGCTATCCACAACCCAATAGCCGTATCCCTCGTTATAGGCCGCCCGCCAGCACAAGGCCGAAAT
NZ_CP180159.1_gap139	5124587	5126203	1616	CCGGGCCTGTACTCATCCATCAAATCCGTACAACGTTCCTTTTAGATAACGGATAAGTACCTGTTAATACGACTGAATGAGGAAACCATCATGGAGACTTACCGATTACATCGCGGCAGGCTTATCGACCATATCCAGCTTGTGGTAAATGATTTCGAAGCCAGCAAAGCGTTTTATACAGCCGTGCTGGCAGTCCTTGAGATCCCTGTCGTGAATACCTACGACGATTATTTTTGGGCTGATGAGCTTGTTGTTTCATCCATTAATAGCCCCGGTTCCGCAGGTAAGCCGACAGGACGCCATCATCTGGCTTTCCAGGCCAGGGATCGTGAGACGGTGGATGCTTTTTACCAGGCAGCGCTAGCACATGGCGGCAGTGATAACGGCGCACCCGGTGAGCGAACGTATCACCCGGGGTACTACGCGGCCTTTGTACTCGATCCCGATGGTAACAATATCGAAGCGGTTTACCATGGCGAGGGGGAACGCAGTGCGGCATCGGTGGAGATTGGCTTCAGTCTTTAAGTACAACGGCCTCCGGGCAGGAGCCGTATTGAGCGGAAGGCAATAAGTCAGACTATGCGCCAGCCCAGGAATTAGCCATATCGAAGCCCTCATAATAATGAGGGCTACATAAAATAAATTCAGTGTTGTAAATTCATTGCATATTCATATTATAAAGGAATAACGATGGGAGCCATTAACGAGATAGATATTGCAAAGCTGGTATTACTACCCGCGGTTTTATATGTGGCTAAAAAGATCATCGACTGGGCGGGAAAAGTGATGTCCAGCCCGCCAGCAAAGCGAAAAATCCGCTTCGAAAAGGTACCTATTGAAACGAAAATAGGGGTGCTGAATAAAATCGCTGAGATAGCGAACGCTGAAATACCCGACACTAAACTCTCGAGGACGCATCAGACGGTACAAATGAAATTTTTGTATGAGCAGATCGGGATTACTCTTCCTGTCTGGCACGCCCATCAGCTGATCGCGTTTATCGCTGATAAAAATATCGGCTCATATGATGTACGATTAATGAGTTTCCTTAAAAATCCATCCTTATATCGTTGTGAAGAAAATCATTTTTCTGTAGATGCTAAAAAAATTAAAAATTTTCACATCGTTAGCGGGGTTTTCTGGCTATTTTCAATCGTCATTTTTGCTTGCGCCTGGTGGACGACAATACAATCGTTACTGGCCAGCGGGAGCGTAAATTCGGTTATCGCATTTTCACTGTTTTACTTTATTTCCGCTATTGTGGTCACTGGCTTTATCTTGAGCCAGGTTGGAGAAACCTGGCAAAGCGCCAGATTCGCCAGGCTGTTTGAAAGGTGGTGTGAGGAGGAAGCGGAGGTGGAAAGTGGGGAGCGTGCTGTGTTAGCCGCATCGGAGCCAGAAGAACAGATGCCTCAACAGGAGGTTTTCAAATGATGAAATGCAGATACAAAAAAGATTTTAGTGGACTGATTGGGGGATTTGGTGCGAAGGCCGGACTCGCACATGATAATTAAGCCTTTGATTTTAAAACAATTAAAAATAATATTTAGTTAATGTACCAACATCGATACCAACACATTAAATCGTTGATTTTGGGACTCGAATCGGGGCAAGAG
NZ_CP180159.1_gap140	5137698	5140160	2462	TGTGACATGGGGAGAAGGTCATGCACATCGCTGTGAGCCTAAGGAGCATTACCGCGTGCGGGGAGAATGGGTGACAACCTACGACGATGTCAGAGGCCGCAGGGGCATGCAGTACATCCTTAGCTACCTCAGCAAGGAGGCTCAGAAAAGCCGGGGTGTTATTTGTAGGCTGAGCGACATACCCGGTGCGTCTGTTTCTGGCAGAAGGCGTAAGTGCAGCTGAATCCACCCGTTAAAAAAATACGCCAGACAGTCATTGTTTGAAGAAGTCTGCACCATTCGATTACCTGGCTTCTTCTCCCTTACCACCAACGGAGAACAAACGATGACCACCCATGGCAGCCTTCTCAGCGACAAATTCGTCGATATGGCGTTTATCACCCGGCTTACCGGCTTAACCGACAAATGGTTCTACAAACTGATTTCATTGGGTGAATTCCCGAAGCCCATTAAGCTGGGCAGAAGTTCCCGTTGGCTGGAAAGCGAAGTGGAAGCCTGGCTACAGCAACGCATAGCACAGTCCCGTCAGTAATCTATCGAACGCAATCACATTCCCCACCTGATTTAACGCCACCAGTCGTATGACATGCACTGCTGCCCTCTCCGGGACGGCTTAGCCCTGCGCGTCGTACGGCAAAGGACCAATATTATGACGATTTACGCAAAATCTTTTATCGCGCTTGATGGTAATCAGCGCCTCACGGGGGCGACCACCGCACAGATTTTCCCTTACGACCGCTATTCCTGCCACCTCTGCGGCAGCGCTCTGATATTCCACCCTGAATGGGGTACTAATCGTCCATGGTTTGAACACATATGGGAAGACCTGACGGAGAACGGACGCTACCACTGCCCATATGTGCACCCGGAGCTGCAGGAAGCTCGACGTGTGCTCATGCTACGCCGTTACGTCTCGGATGTCTTACCAGTGGTTCGCAGGGCCGAGTGGCATTGTTCTGGCTGCGACAGCAATTTCCACGGTGAGCGCTACTGCCTAAATTGCCGTACCGGCGACCACAGCACCGAATATTGCGCAGAATGAACCTGCGTTATCTGCCACTTGCTATCAGTCTCCCATCACAGGATTTACACCATGCAATTTCGAACCATTCGTACCGCCCTTGACCACGATGGCGAAGTCACTTATATCCGGGACCTGACTCCGCGTTCACGAGGGATCTGGTTCTGCCGTTCCTGCAACAATCCCCTGCGTCTGCACTGGACGCATGACAGCGGAGGTTATTTCAAACATGACCAGGAAGACGCTGACGAATGCAGGTTAACGCATTGTGAATACCGGATCATTACCCAGGATAAACCGGTATCCACTTTTGACCAGGCCGTGAATGCACTGATGGAATGTGATGATGTATACACCACAGCGCCTTCAAAAAAGGATTACTTCTGCGTGCTCTGTCAGCATGAATATTATGATTTTCGATGCTGTCCAGCCTGCAAGCAGCATATCTACAGCACGGAAGTGAAAGATATCGATACGCTAACTGTGCCGGTTACATTTGCGAAATAAGACAGGCTACTCCGGGATAAATGTACCTCTAAGGCACCTCAGAGATAATGGCAAGGAAAGCGCAACGATGGACAAGAGACGTCTCTGTTTTACACCCGAGCTGATAAAGCAGCTCAGGAACAAATGTGCCAATATCTGCTCAGTCCAAGACAACGTGCCCATTGTTTGCTATGAGCAGTGAGTTCATTTATTCATGTGTGCAGAATGCCAAGTTTAGGTCTGCGCAAAAATCAACATCAGATTTTTTTGATATACTACTAATAGCATTGATGCCCTAGCCAGTTGCTTTCGTAATATTTTCGGAAGTTTGTCACAGTTCATCAGACCATTTCAGCCCGCTCTTAAGAAGTGATCGGCTTATGGTTTTCGGCCCCCTTCCGCCCTGCAATCGTGGAGGTGATGATCTTCGTAATTTTGGAGTCAGCCAAAAAACCTTCGCTGAACTGTACTCTGTTTTCGCGAATGAATCCTTTCAAGGCATTGTAGGTTCGCAGACGATACACACCGAGTTCAGGCAGTGAGGCTTTCAAGTTGAAATGGTTTTTTTTGATAATGTTTTCCACTTCGCTGAATATTTTGGGGGCAGTTTGCTCGTTGTTGATTGGCTGTGCCTCAATAAACGATGCCGGAATACGATTTGCTTCCTCTTTGAGCAGACGGTCAATAATCTCGTTGGTCACTCTGGTTCTGTCGCCGAGGACAAAGAAGAGATCCCACGCAAAGCGTTCCAATTGGCGAAAGTTTCCTGGCCAAGGGGCGCACAATATTTTCTCTATAACTCCCTCTTCGTAAACAGTAAAAAGCTGCGACAGCACCTGTATCGATTTTCCATCGCTGGCAGAAACGGGTTGGTTAAAGGATTTCCATCGGAAGAGCGTGAGAATGAGTGTTAACAACGCGTGTGCATGGTCCTCAGCAAACAGTTCGTTGAGTG
NZ_CP180159.1_gap141	5141451	5144300	2849	CTTTATTGCCGTAAAAGCCAAAGGGACACGCTTTGAAATCCCAGCCAGCTTATTGCACAACGTTGAGAGCGAACTGCGTGATTTCTGCAAAGCGCGCCGTATTACGGTTCAGTTTAAAGATGCGTCAACCGAGCGTGTCATTGTCTTTTGTGCTGCAGGGGCGGCAACCGGCACGGTGGTGGGGGCGATGTGTGGTGGCGTGCTCGGCGCGTTGACCGGTACGCTGCTCGGGAGTGCAGTAGGGGCAGCCTTAGCGCAGATACGTATTACCGTCTATCCGGTAGAGGGCAGCGATAATCTTGTTCTGACGTTAGCCTAACTTTTTATAGTGAGCGCAGGCGCTACGACATGCCGTAGCTCTTGCCCAAAAGGAAAAATAATGAGCAAAACTCTTTCACTCGTTGATGTTTTACAACGCACGTTAGCGCAGGACAAAACCGATATTCAGCCGCTAATGGGCTACTTGGGTACCACAGAAAAAGAACTTGACTTGCAGATGCAACGCAGCAGTACCCGTGCCGATGCGCAGAAAATTTCCCATTACCTACGTAAAATGGGCAGCAATGATATTGCCAGCCTGTTTCGCAGTGGCGAGGGTGTGAAATATGAAGAAATCGTCTGTGACGTTGGCGAGAAGCTTAAGGTTAAAGGAGTCGGCAAAGACCAGCCAGTAGAGATCAACGAAGAGTTCATCATTCAGCATCTCTTTTCCGATGCGCTGAAAAAAATGAGTGATGAAGAACGCAGTGCACTGATGCGTTCGATGAACCTTTCCGAGAAAGATCAGGGGGCGATTCTGGCGGGCACACTCATGGCCTCACAGGTGATGCTAAATCAGTTTGGCGGCTTTGCTGTGTATCGGATGTCCGTCATTCTGGCCAACATGCTGGCCCGCTCTCTGTTGAGCAATGGCCTGAATTTCGCGGCAAATGCGGCACTGGTACGCGGTGTGGGGGCATTCCTGGGTCCAATCGGCTGGATAGTTTCCGGTGCATGGCTGGCGGTAGAAATTGCAGGTCCGGCGTTTCGTAAGACGGTTCCAGCAATCGTTCACATCGCGATGCTGCGTCAGAATGTATTGAAACGGCTGACCATCAGCGTGGTAGGTGATGGTTCAGTCGGCAAAGATGCGCTCTTTAAAAGTGTCTTCGGTGTCGATACCGGCAATATCAATCCCATTGCGGGCTCAACATCCGATACCAAGGTGTATGACCTTGGACACACCGGTACCATTAAACTGATTAACTTCCCTGGATTTCACGACGTTCGTTCCGATGTCAATGACCTGGTGAATGACAACATCAAACACACCGACTTGTTCCTGCTGGTGGTCGACGTCAATCGTGGTGTGTCGGGTCATGACGTGGATACTCTGGAGAAATTAAAAGCGGAGGACAAACCCGTATTGGTCTGTCTGAACAAGATAGATATGCTACGCCCGAATGATAAAGAAAAGATGGTTCAGGTCGCCAAAACTCGCTTACAGAACCCATACGTGATTGAAACGGCGTTTGATCCGGATCCTCGCTTGTCGCAGGATGGTCCGATTGGCGCACAGGTCACGTTTAACTGGGTAGTGGAGCAGTTAGAGGTGATGGGTAAAGAGACCGCGCACCTGAAAGCCGAGCAGAAATAACGTCGATAAAATTAAACCAGAGTTCACCCCTGGTTTAATTTTCTTCGCTTAAGAGAAGCGAATCAGTGCACTTGCTGTATCGTAACGATGGCAGGCATGTAAGCAGGAGAAGTCAGGGTAAGGTATTTATCATGGACTAACCACCATTGCCTAATGTAATGGAGTGGCTAATTTTTTGACATGACAGAAATTTAAAATCTGTATTGACGATGTGAAGGAACTTTGTTAATAACGTTATTTTGCTGTCGTAATTATTTTACTTTTTCTTCAACGATAAGATTCAAGTTCAGTAATACTACATATGCCCGTCAGGGAAACTATACGCCTGAGCGAACCGGCGAAGATAAAAATCTAACGAGATTTAAAAATGAATACCTCTGAGGACTTCAACCGGCTTTATGCCGACGTGGGACGTAACATTGAGCAAACATTAGCTGATATTGCAGGACTTCACGTCGAGAACGAAGATGCTAAAAAGCAGCTTAATGCGATGACGGCGCAACTGCAGATTCTGCAGAATACTTTCAACCAGAAATTATCCTATCTGCAGGAACATGCCGAGTGGGACAAATTTACGCTCGCGTTTTTTGGCGAAACCAACGCGGGCAAAAGCACTATTATCGAATCTCTGCGGATAGTGTTTGATGAAACCTCCCGCCGACAATTGCTGCAAAATAATCAAAACAATCTACAAAAAGCCGAGCAAGAACTGCGCGAGCATTTGACGCAATTACGCGATGATTTAGGGCGGATTTACAGCGATGTTGTCGATAAAATTAGTGCTATCAGTTTTTCCGCCATCCGCTTGCAGCAAATCATTACCAATGAAAGTGCCTTACGATTAAAAATGGAAGAAGAGGCGAATAAAGCACATCAGTTGCTGGAACAAAATGAAAGTCAGTCGCGTCTACAAATTTTGCAACAGCGAACCAGTACTAAGTCGCGTATCACCCTGCTTGTCATTGCCTTTGTGGGGGTGGTAGTTGGTGCTGGAACTGTTGTGCTAATTAATCTCCTGACGGGGCATTAGGGATGAGTGATGCACTTTATCTTGCAGAGAAAAACCCTGAACGGCTGGCTGATGTCAGCCTCAGCGAACGTAAATCGGCGCTCAACATTCAGAAATTACTGGATCAAAGTTTGTCGTGTCTTATCCAGTCAGTTATCCGGACGGAAAAGTTAAAAAACACGGCAAAGCGCGTAGATGGCTTAA
NZ_CP180159.1_gap142	5145388	5146899	1511	GGCTACGACCTTGGGTTGGGCGATTTTGGCTCCATGGCTTTCAAAATTGGCAGCTATGCGATGACAGGTGGCACGATCGGCAGCGCATTCCCGGTGATTGGAACAGCGATTGGTGCCATAGCTGGGGCGCTGGTGGGCGTGGTCATGACGGTGATCGGCGTTTTTACCAGCAAATCGTCAAAAATTCGCAAAGCACAGGGAAAAGTGCGTGACAAGCTGGAGGGGGCGAGGGAGAACGCCCTGGACGGCGTGCACACAGAGGCCCGCAAACTGGTTGCAGCCATAGATAAAGAACTCCAAAGCGGCCTGTTGAAAAAAGTAAATGATATGCAGAGTGCCTTGCTACAGCCAATTACAATTTTTGAAACGCAAATTACCCGAATCACAAGATTAAAAAATCAACTTGAGACGATGCCTTATGGAACAATTTAAACAGTTCAGTATAGAGAAGCAGGCAGCCATTGATTCGCTATTACAATTGCGCAGCATGTTAGAGACGCTGGGTGAAATGGAGATAGACATTGGTGATGACCTACAAAAAATATCTTCCGCTATTACCGCCGTTGAATCTGATGTACTGCGTATTGCGTTGCTTGGCGCGTTTTCCGACGGAAAGACCAGCGTTATCGCCGCCTGGCTGGGCAAGGTCATGGAAGATATGAATATCTCCATGGATGAGTCCTCCGATCGGTTGAGTATTTACAAACCGGAAGGCTTGCCAGGTCAATGTGAAATTGTCGATACGCCGGGGTTGTTTGGTGATAAGGAGCGCGAGATCGACGGTAAACAGGTGATGTATGAAGCCCTGACCAAACGCTATATTTCTGAAGCTCATCTGATTTTTTACGTGGTTGATGCCACCAATCCGCTAAAAGAAAGCCACAGCGACATCGTAAAATGGGTTTTGCGCGATCTGAATAAGCTGTCTTCAACCATCTTTGTGATTAATAAAATGGATGAAGTGGCTAACCTCACTAACCCGGTATTGTTTGACGAACAGGCGGCAATTAAAAAAGAAAATCTGAAAGGCAAATTGCAGCACGCCGCTAATCTCAACATGGCAGAATGCGAACGGTTGAAGATCGTCTGTATCGCCTCAAATCCAAACGGTCGCGGCCTGCCATTCTGGTTCGGCAAACCTGAACATTACGAAAGTCGCTCGCGAATTAACGATCTTAAAAACACCGCTGCCGAGATTTTGAAAGCCAATGTACCTGAAGTACTTTTGGCGAAAACCGGCATGGACGTTGTGAAAGATATTGTTAGTAAGCGCGTTACACAGGCGAGCTTACAGCTCAACGAACTAAATACCTTTGTTGAGAAAAATGAAGAGGATACGCGTCGCTTTCGTAACGATATAACGCAGAGTCGTACAGAGGTTAAAAGGCTGGCTGGTGAACTATTTGAAGAGCTGAACCTGATGGAAAAACAGCTGATGAGTCAGCTGCGTCCACTCAGCCTGGAAGATATCCGCCCGTTTATGGACGATGAACTGGGATATACGCAAGAGG
NZ_CP180159.1_gap143	5153463	5157894	4431	AGCGCGAGAAGCTGTTTAATATCCTGCGCGAGCTGGTGAAATGGGAGAACACCAATAATGAGGCTGTGCTCAATCAGGCGCGCGCGGCCATCATGGAGAGCTGGCGCGAAATCTGCGCCCTTAACAAAGACCACCCAGATGCGGCCGAACTGTTTAACCCTGAAAAGCTCCCAGGTTTTCACGACCCCTTCGCCGGTGGCGGCGCGCTGCCACTCGAAGCCCAGCGTTTAGGATTGGAATCCTATGCTTCCGACTTAAATCCAGTGGCTGTCACCATCAACAAGGCGATGATTCAGATCCCGCCCAAATTTGCCGGCCGAGCACCAGTGGGGCCAGAGCCGGTCGCCGATAAAATCAGCAAGAAAAAGGCCACTAAAGATGCCTTAGAAGATTGGTCGGGGGCCAAAGGGCTGGCCGAAGATGTGCGTCGTTATGGCACCTGGATGCGCAATGAGGCCGAGAAACGTATCGGTCATCTCTATCCCAAGGTGATGGTCACCGAGGCGATGGTAGCCGAACGGCCGGATCTAAGGCCTTACTTGGGCGACGAGTTGACGGTTATCGCCTGGCTCTGGGCCCGTACCGTCAAGAGTCCTAACCCGGCATTTTCCCATGTGGATATACCGCTGGCCTCGACATTTATTCTTTCCTCTAAGGTGGGCAAAGAGGCGTATGTTGAGCCAGTGGTAGTAGAGGATAGCTACTATTTCACTGTTAAAGTGGGTACGCCACCAGAGTCAGCCAAAGGCGGCACTACGGCAGGGAAGCGCGCAGCTTTTATCTGTCTGATTTCAGGTTCTCCAGTCGATTACAAATATATTCGCAGTGAAGGCAGCGCCGGGCGTATGGGTCAACGACTGATGGCGATTGTAGCAGAGGGCAAAAAGGGCCGGGTGTATCTATCTCCAACGGATGAGCAGCTTTTCGTTGCACAAGAAGCACAACCAGCATGGGCACCCGAGGTTCCGCTTCACGGTAAGTGTCGTGTCAATGTCTCTAACTATGGGTTGGATGTGTACGGCGATTTATTCACACCCCGCCAATTAATGGCGTTGACTACCTTCTCTGACTTGGTGGGTGAGGCCATAGCCTGTTGCCGTGAAGATGCTCTCGCTGCCGGGATGGCGGATGATGGCGTTGGCCTCGATGCCGGCGGCACCGGCGCTATAGCTTATGCGCAGGCAGTGGGGGTGTATTTAGGCTTTGGTTTGAGTAGAGCATCTGATGCTTGGAGTGCTCAAGTTACTTGGCGAAATCAGGTTGATGCAACAAGAAATACGTTTGCTAGACAAGCGATACCGATGACATGGGATTTTGCGGAAGTTAACCCATTTTCTGACTCATGTGGAAACTGGTCAGGGAACTCGACTGAGTGGATACAGAAAAGCCTTGAGCACCTCCCGCTCAACCCTTTGCAGGGTTGTGCAGTGCAGGGGGACGCACAAACACAGAAAATTAGTATTAACAAAGTTATTTCTTCTGATCCACCTTACTACGACAATATCGGTTATGCAGATCTTTCTGACTTTTTCTATTCATGGTTAAGAAAAACTCTGCGTCCAATTTTTCCCGGTCTCTATGCCACCATGGCAGTTCCCAAGGCGGAAGAACTGGTGGCGACCCCCTATCGCCATGGAGGTAAAGAAGGGGCAGAGGCTTTCTTTTTAGGCGGCATGGGCAAGGCGATTCATCAACTGGCCGAGCAAGCACACCCGGCGTTTCCGGTCACCATCTACTACGCCTTTAAGCAGTCCGAGACTAAGGACCACGGTACTTCCAGCGCCGGGTGGGAGACTTTTTTGCAGGCAGTGATCGATGCCGGTTTTGCCATCAATGGCACCTGGCCGGTGCGTACAGAAAAAGAAGGCAGGGCTATTGGTAATGGGGCCAATGCGCTGGCCTCCAGCGTGGTGCTGGTATGCAATAAGCGGGCTGCAAAAGCCGATACTATTAGCCGCCGTCAGTTTATTCGTGAGCTCAATGCAGTGCTGCCAGAGGCGCTGGATGAGATGACCCAGGGCAGCACCGATGCTCAGGGCCTCAGCCAATCGGCGGTGGCGCCGGTGGACTTGTCTCAAGCCATTATTGGCCCCGGTATGGGCATCTTCAGCAAATACACTGCAGTGCTCGAAGCCGATGGCAGTAAGATGAGCGTGAAAACCGCGCTACAGCTAATCAACCGCTTTTTGGCCGAAGATGATTTTGACCACGATACTCAGTTCTGCCTGCAGTGGTTTGAGCAGCAAGGTTGGCGCGTGGGCCGCTTTGGTGAGGCTGATGTATTAGCCCGCGCCAAAGGCACTAGCGTGGCAGGCTTGCAAGAGGCCGGGGTAATAAGTAGCGGCCAGGGTGAGGTGCAACTGCTCAAATGGGCCGAACTGCCCACCGACTGGGCGCCAGAGCGCGATAACCGCACCCCGGTATGGGAAGGTCTGCACCAACTGATTCGGATCCTCAACAGCGAAGGCGCCAACGGCGCCGGTGCCATGCTGGGGCGGCTCTCAGACAAGAGCGACGCGATCCGCTCGCTGGCGTATCGCCTCTACACCCTCTGTGAACGTAAAGGTTGGGCTCAGGATGCTCGCGCCTATAACGAGCTAGTCACCGCTTGGGATGCGATGCAAAGCGCCATGGCCGACAGTGGACAACGCGGTGAAAACTTCAACTTGGACTTTTGATAATGTTAAAGCAAGCGAGATTCAAAAACTTTACCACTCTACCTAATGAAACCCTAGTGTTTGCACCGGGCCTCAATGTGATTGTGGCGGAAAATGGTTGTGGCAAGACCCATCTCCTAAAGGCCATTTATGCGCTGCTCAGCGTCAACACTGGCGGCGATTTGTCTAAGAGTAGCTTGCAAAAAGCCTATGCCGATAAGCTTGTGGGGGTGTTTCGTCCAGAGAGTCTGGGTCGTTTGGTCAAGCGCAGCCAAGGCCGTGAGCGCTGTGAAGTGGCGCTGACTATGGCTGATGAGCAACAAAGTTGTGAGATTAATTTTGCTTCTAATGCCAGCAGTGGCGTGCAACTTGGCCAGTCGCCAGAGATCAGCTTGTTGCAACAGCCCGTCTATTTGCCGACTCGCGAGCTGGTGACCCTGTGCCCTTGGTTTATCAACCTATACGATAACTACCATCTGGAGTTTGAAGCGACTTGGCGTGATACCTGTTCATTGTTGGGCGCTCCATCGGTAAAAGGCCCTCGCGAAAAACGGGTGTCGCAACTGCTGCAACCATTGGAGCAGGGCATGGGGGGGAAGGTTTTGGTGGAGCCCAACACCGGACGCTTTTATTTGCAACAATCTGGCCAGAAGCTGGAGATGCCGTTGGTGGCCGAGGGATTGAGGAAGATGGCCATGCTGGCGCGCCTGATCAGTACGGGGGTTTTGCTTGAGCAGGGTTATCTGTTCTGGGATGAGCCCGAAGCAAACTTGAACCCCAAGCTTATCAAAACACTAGCCCGGGTGATTTTGGCGTTGTCTGAGCAAGGTATTCAAATCTTTATCGCTAGCCATTCGTTGTTCTTGCTGCGTGAGTTAGAAGTGCTGGCACGGGATGACTTTAGCAGTGTGTCTCGTCGTTACTTTGGCCTGAGTCAGGGGGAGGATGGCACAGTGTTGGAGCAGGCTGATACACTGGAAGATATCCAGGCTCTGGTGTTACTGGATGAAGAGCTAGAACAAGCCGATCGCTACCTTGGGAGTGATGCATGACCACCATCACCGAGGGTGCATTGACCTTTACCTTTCCCGTCGGGGCGCTGGTGTGTAAATACGATGAGATGGCGTTTTATCGTAATCAATTTACCAAAATGGCCGATGGGATAAAGGCGATGGATCTGGTTTTTGTCGATAGTCAGACATTTTGGCTTATTGAGATCAAGGATTACAGGGTGCATCGGCGTACCAAATCGATTGAATTAGCGGATGAGATCGCTAGCAAGCTACGCAACACGTTGGCTGGTTTATGGGCTGCCAAATATAACGCTAATGATCAGGGTGAGCGGCAATTTGCAGCGGCAGCCATTAACACGAGCAGGATTCGTGTGGTCCTTCACTTGGAAGAGCCTCATCAACAGGGACGGCTGGCCCCCCAAAAGTCCCTTAAAGCCGGGTTGCTGCAAAAGATGAAACAAAAACTAAAGAGTGTGGATACTCACCCCTGCTTAGTGGATCAACATTCTCTCAAGCCAGCAATGAACTGGACAGTAACAGGATAGCCAATATGAGTCTGAAACCTTGGCGCGAGATTGCGCGCCCGCATCGGGATGTACTGGAAGGCACCTTTAAACAGTCGGAATTTGCGGCAGATATTACTCAGGTCGCTAATGGCTCTGCCCCAGCAGAATATCAGGATGCTGAGCAGTTTTTTGCGCGCACCTTTATCACGGAAGGGATGCGTTTGCTATTGGGCTCGGTTGCCGAGCGGCTGGCTG
NZ_CP180159.1_gap144	5258670	5260520	1850	AATGCAGATTAGCGCGAATAAACAAGGCGCAATGCAGAGTAATAAATCCTCGCCGGTCACCCTGAGCGACGCCACCTCGCTGCTGAAAATGAAGAAATTCTGGTTCTTCGCGATCTACACGATCGGCGTTGGCGCGGTATATGAAACCTACGACCAGCAGTTCGCCATCTATTACAGCCACTTCTTTGAGAGCAAAGCGCGCGGCGCGGAAGTGTTCGGCTATTTAACCACAGGTCAGATTTTCCTTGATGCGGTGGTGATGTTTTTCGCCCCATGGTTCGTGAATAAAATCGGCCCGAAAAATGCTCTGCTGTACTGCGGAATGATTATGAGTCTGCGCATTATCGGCTCGGCCTGGGCTATAGGTCCGGTTTCCATTAGCCTGATTAAACTGCTGCACGGTTTTGAAAGCTCGGTATTACTCGTCGCCGCGCTGAAATATATTACGGCCAACTTCAACCCGCTGCTATCAGCCACGGTTTATTTAATCGGCTTCCAGTTTTCGAAAAGCTTTAGCTCTATTTTCCTTTCTACCGGCATCGGTCATATGTACCAGAGCATGGGCTTTACCAGCAGCTATATCGTGCTCGGCGGTATCGCCCTGTGCTTTACGCTGATTTCATTTATTACGCTAGATAAAGCGCGCGCTTTTGCCCCGCAGCCAGCTCCCGCGCATTAATTTAAGGAGGTAACCTGTATGTCTGATTTATTTTATGGCGTGGCCTATTACGATGAATATATGCCGGAAGATCGGCTGGCGAAAGATATCGCCTTAATGCTGGAAACGGGCATTAACGTGGTGCGGATTGCCGAATCGACCTGGAGTACGCTGGAGCCCCGGGAGGGTGAATATAACTTCTACCATATCGACCGGGTGCTGAATGCCATGCATAAAGCGGGGATCGCGGTGATTATCGGCACACCAACCTACGCCGTCCCGGCCTGGCTGGCGGCGAAACACCCCGATATTCTGGTCACTACCGTCAACGGGCAGCAAAAATATGGCCCGCGCCAGATTATGGATATCGTCAACCCGACCTTTCGCCGCTATGCCGAAAAGATTATCCGTACGCTAATGACGCACGTGCAGCACCATCCGGCGATTATTGGCTGGCAGCTGGATAACGAAACCAAGCATTACGATAATATCGGCCGCTATATGCAGGAGGGTTTTGTGCGCAGCCTGCGGGAAAAATACCCCGATCTCGACCGGTTGAATAACGATTTTGGTCTGGACTACTGGAGCAACCGTATTGATAGCTGGCAGGATTTTCCGCCGGTCGAGAATACCATTAACGCCAGCCTCGCCTGCGCGTTCTCTCGCTACCAGCGCCAGCAGGTGACGGAGTATCTCGCCTGGCAGGCGGAGATCGTGCGCGAATATGCCCAGCCGCATCAGTTCGTCACCCACAACTTCGATTTTGAATGGCGCGGCTACTCCTACGGCGTGCAGCCGCGAGTCGACCATTTTGCGGCGGCGCAGGCGCTGGATATTGCCGGTGTCGATATCTATCACCCGAGCCAGAAGCACCTGACCGGGCGGGAAATCGCGTTTGGCGGCGCCATTACGCGCTCGCTCAAGCGGGGTAAGAATTACTTCGTGCTGGAAACCCAGGCGCAGGGCTTTGCCCAATGGACTCCTTATCCGGGCCAGCTGCGCCTGCAGGCCTTTAGCCACGTGGCCTCGGGGGCGGCGATGGTCTCTTACTGGCATTGGCATTCGATTCATAACGCGTTCGAAACTTACTGGAAAGGGCTGTTAAGCCATGACTTTTCACGCAACGCGACCTGGCAGGAGGCCACCACTATCGGAGCTGACTTTGCCCGCCTGTCGCCGCAGCTGGCGGAGC
NZ_CP180159.1_gap145	5287182	5291983	4801	ACGTCCAGACACATAATATTACCGGAACCTTCCCAGATGCTGTTTACCGGCATTTCACGGTACAAGCGCGGTAGTTCACTCTCTTCACAATAGCCTGAGCCGCCCAGCACCTCCATCGCCTCGGCGACGAACGCGATCCCGGATTTGCAGACAGCAAATTTCGCGGCGGGCGTGAACAGCCTTGCCCATAGCGCTTCCTGCACATCGTCGCGCCTGTCCCAGGCCCTGGCCAGGCGGAACAGAAAGGCGGTTTGCCCTTCCAGTCGCAGCGCCATCTGCCCCAGCACCTGACGCATCATCGGCTGATCGACCAGATTTTTACCAAATGCCTGACGCTGCAGAGCATGGTATAGGGCTACCGAATAGGCCCGGCGCATCAGCGCATGGCTACCCAGCGCGCAGTCAAAACGGGTCAGGCCGCCCATTTTGAGAATTTGCCGGACGCCATCGCCCTCTTCCCCGACCAGCCAGCCGCAGGCATTGAAAAACTCGACTTCGCTGCTGGCGTTCGCGCGGTTACCTAATTTATCTTTCAGCCTTTCCAGATGTACGCCGTTACGCTGGCCATCCGGCAACAGGCGCGGAACAAAAAAGCAGGAGAGGCCCGCCGGCGCCTGAGCCAGCACCAGATGAGCATCGCTCTGCGGTACCGAGAAAAACCATTTATGTCCGATCAGATGATAAAAGCCTTCTGCGCTTTTCTCCGCTCGCGTCGTGTTGCTCAGGACATCGGACCCGCCCTGCTTTTCCGTCATCCCCATCCCGATAAGCAGCCCGCGTTTCTGATTACCCGGCACAAGGTGCGGATCGTAGCGATCGCTTAATAGCGGCGATAGCCAGTCGCTAAAGGGCCCGGGTAAGGAGCGCTGCAGCAATGGAATCGCGGCAAAGGTCATGGTGGTGGGACACAGGGTGCCCGCCTCGACCTGTGCATGCAGCATAAAGCGGGCAGCGCGGGCAACGAAGGCGCCTTCGCGAGCCTCTTCCTGCCAGGCAAGATTATGTACCCGGTTAGCGCACAGCCCCTGCATCAGTAAATGCCAGGCGGGATGGAAACGCACATCGTCAAGCCGCGATCCGGTTGCGTCATAGCGCAGCAGTTCCGGTGGATTGCTGTTGGCCAGGCGCCCCAGCTCCAGCGATTCGGCCGTCCCCAGCTGTTGGCCAATGCTCGCCAGCAGATCGCCATCCCAGCCCGCGCCTTCGCGGACGACGGCTTCACGCAGGGCGGTATCGGACAGGAATAAGTTACTGTTACACAGCGGCGAGGGTTGATTAAATACGGTATGAGTTTGCCAGTGCATTATGTTTCCCTCCTTCAATGGCTCTATCCATAAGTATGGACAACGGCGCACTTTCCGTCAGAGAACTCTGTTATAAAGTTCTCTCACAATCAGAAAGGGAATTTCATGATTCATTTAATTATTGAAGATCGGGAAAATGCGCCGAACTATATTCCGCTTATCCACCGCCATCTTCCTCATCTCGCGATGAGCGCTATCAAACAGAACCTGAACGCTTCCGGCCCCGTCACCTCATTTGATGAAAACAAAATCTGCGATGACATTCTGAAAGAGCAGAATCCAATTGGAAGTTTTCTTAATCTCATCAAAGTATTAAAGAATCGAGGCGCGCAGCTTAAATTCATCGAGCAAACGGGAGATGAACCGGCAGAGGAATTACCCTTGAGCCAGGTCCTGAACTATGTTGAAAGAGGTCTCGACATTACCCGTCGGATAGAGCGAGAAGGCGGTCAGAACTGAAGAAGATAAGCCATTCCAGAGAATGGCTTATTTGGAAAGAAGAGATTAGCTGCGCTGGCGTACCGCTTCAAACAGGCAAATACCGGTGGCGACCGATACGTTCAGCGACGACACGCTACCGGCCATCGGGATGCTGATCAACTCGTCGCAGTGCTCCCGGGTCAGGCGGCGCATGCCTTCGCCTTCCGCCCCCATGACCAGCGCCAGCGATCCGGTCATTTTACTCTGGAACAGCGTATGATCGGCCTCACCGGCGGTACCGACGATCCAGACGTTCTCTTCCTGCAGCATACGCATGGTACGCGCCAGGTTGGTGACGCGGATCAGCGGGACGTTTTCCGCTGCGCCGCAGGCCACTTTTTTCGCCGTGGCATTCAGCTGCGCAGAACGGTCTTTGGGGACAATCACCGCATGCACGCCAGCGGCGTCAGCGCTACGTAAACAGGCGCCGAGGTTGTGCGGATCGGTCACGCCGTCAAGGATCAAAAAGAACGGCTGATCGAGAGAGGCGATAAGATCCGGCAGATCGTTCTCCTGATACTGACGTCCGGGTTTCACGCGGGCAATAATTCCCTGATGAACGGCGCCTTCGCTTTTCTCATCCAGAAACTGGCGGCTGGCGACCTGGATCACCACGCCCTGCGCTTCCAGCGCATGGATCAGCGGCATAAGGCGCTTATCCTCACGGCCTTTCAGAATAAAGACTTCCTGAAAACGTTCAGGAGCGCGCTCCAGCAGTGCCTGCACCGCGTGGATGCCGTAAATCATTTCACTCATTTATCTACTCGTTTAGGTTCTGTTATCCGTTCCCTTCTCCCCGCCCCGCCACGATGTCGGGAGGCGCGGGGGTAAAGGGAATCGCACTACTCAGCGATATTCTTTTTCTTCGCCGCGCGCTTGGCTTTGGTCGCTGCGGCTATCTTCTGGCTTTTCTCCGACGGCTTTTTCGCTTTCTTCTCGCCTTTTGGCTGAGCGGCTTTCGGCTGAGACTGACCTTTCTGTTTGCGGAATGCGCTATCCGGCTCGAAGTTTACCTGCTTGCCCGCCTGACGGCGACGTCCGGAAGATTTACCTGCGCCGCCTTTCTTCGCTTTTTCACGCTCGGTCTTACCGACGTTGCGCGGCGCGCGCTCGCTGGAGATAAGCGAGAAGTCAATTTTACGCTCGTCCATGTTGACCGCTTCAACGCGCACTTCCACGCGATCGCCCAGCCGATAGGTCTGACCGCCGGATTCACCAATCAGACGCTGACCGACCTGATCGAAGCGGTAGTAGTCGTTATCGAGGGAAGAGACGTGCACCAGACCATCAATAAACAGCTCATCCAGACGGACGAAGAAACCAAATCCGGTCACGCTGGCAATCACGCCCTTAAAGACGTTACCCACCTGATCCAACATGAAATCACACTTCAGCCAGTCCGAAACATCACGCGTCGCTTCATCAGCACGACGCTCGGTCATCGAACAGTGCGCCCCCAGCTGCAGCATCTCGTCCATGCTGTAGTGCCAGCCGCCGGTCTCGGTGCTATTGCCTTTATGTCCCTGCTCTTTCGCCAGTAAATACTTGATCGCGCGATGCAGCGAAAGGTCAGGATAGCGGCGAATCGGCGAGGTGAAATGGGCATAGGATTGCAGCGCCAGACCAAAGTGGCCGCGGTTTTCCGGGTCGTATATCGCCTGTTTCATCGACCGCAGCAGCATGGTTTGCAGCATCTCTGCATCCGGACGATCGGCGATAGAGGTCAGTAATTCCGCATAGTCGCGCGGCTCCGGCTTGTTGCCGCCAGGCAGTTCAAGCCCCAGCTCCGCGAGCACCGAACGGAATGCGGTAATCGCTTCCGTACTCGGTTTGTCATGGATACGGAACAGCGCCGGTTCCTCGGCCTTCTCAACGAAGCGCGCAGCGGAGATGTTCGCCAGGATCATGCACTCTTCAATCAGCTTGTGCGCGTCGTTACGCTGAGTCTGCTCAATACGTTCAATGCGGCGTTCAGCATTAAAGATGAATTTAGCTTCTTCACTCTCAAATGAGATACCGCCGCGCTCTTCACGCGCGCCGTCCAGCACTTTGTAGAGGTTATGCAGCTCTTCAATATGCTTAACCAGCGGCGCGTACTGCTCACGCAGATCCTGGTCGCCCTGCAGCATATGCCAGACTTTGGTATAGGTCAGACGGGCATGGGAGCTCATCACCGCTTCGTAGAATTTGAAGCCGGTCAGACGCCCCTTGGCCGAAATCGTCATTTCACAAACCATACAGAGCCTGTCGACCTGAGGATTCAGTGAACACAGGCCGTTAGAGAGCACTTCAGGCAGCATGGGAACCACCTGAGACGGGAAGTAGACCGAGGTACCGCGGCTGCGCGCTTCGCCATCCAGCGGCGTACCCGGACGCACGTAGTAGCTCACATCGGCGATCGCCACCCACAGACGCCAGCCACCTCCGCGTTTCTTCTCGCAGTACACGGCATCATCAAAGTCGCGGGCGTCTTCGCCATCAATGGTGACCAGCGGCAGGCTGCGTAAATCAACGCGCCCTTGTTTCGCCTCTTCCGGTACCTGTTCTTTCAGGCCAGCGACCTGTTTTTCGACCGCTGGCGGCCAGACGTAGGGAATTTCATGGGTGCGCAGGGCCATATCGACCGCCATGCCGGTACCCATATTGTCGCCGAGGACCTCAACGATCTTGCCGACCGCTTTGGTGCGGCGGGTTGGACGCTGGGTCAGCTCAACCACCACCACAAACCCCATCCGCGCGCCCATGATCTGTTCCGGGGGGATCAGGATATCGAAGCTCAGGCGGCTGTCATCCGGCACCACGAAGCCAACGCCCGCATCGGTAAAGTAGCGGCCCACAATCTGGCCCGTTTTTGGCACCAGTACGCGGACAATACGCGCTTCGCGACGGCCTTTACGGTCAGCGCCCAGCGGCTGCGCCAGTACCTGATCGCCGTGAATGCAGGTTTTCATCTGCTCGGACGACAGATACAGGTCATCTTTACGGCCTTCAACGCGCAGGAAGCCATAACCATCGCG
NZ_CP180159.1_gap146	5294003	5298713	4710	ATGAGATGGAGGACGGTTTTTTCACCGTTGATTACGAGAGTATGGCCGGCGTTGTGACCGCCCTGATAGCGCACAACATATTTAGCCCGTTCAGTCAGGAGATCGACGATCTTCCCTTTACCTTCGTCACCCCATTGGGTGCCCAGTACGACGACGTTGTTACCCATTTTTCAAAATCACCGTTTGCTTAAAAATGGATTCTACCATCGCTTTTTCAGAGTTACAGCACTTTTTGCACTCAAAAGGCGGGAAATTAGTCTACTTTACGCTCAGCCAATCGTTTTCCTCAACATGTAGTAGATGACGATACCGGCAACCACAAGACCTCCGCCAAACCGGCGTAATAAATTATCCGGTAATTGGCTCATCGTGGCGACCATTCGACGCCACGCGCGCGGATAAAGCAACGGCCCAAGCCCTTCAAGTACTAAAACCAGCGCCAGTGCCAGCCAGATTGTTGAGTTCATTATTCACCTTTATTTAAGTACAGCCACCGTCGCTCACCCCTGTGAGTCGTTGCTCAATTCATATTCTCCGGTATTTCATCATTGTTATGAACCGGCTTTATGAAACAAAATACATAATCCATTGGCGAGCCCAAATCCGCTGCGAACATTGTAAAAAAGGCGCCTCAACGGGCGCCTTTTTGCTTACTCATTGCTTATCAGCGGGTCGCAGACGTGGGTGATTTCATATAGCGGAAGAAATCGCTGTCCGGGCTGAGAACCATCACATCCTGATTGCTCTGGAAGCTGTTCTCATACGCACGCAGGCTACGGATAAAGGCATAGAAGCCGGGATCCTGGCTGAATGCATCAGCAAACAGTTTCGCCGATTCAGCATCGCCTTCACCGCGCAGAATACGACCCTGACGCTCGGCTTCCGCCAGCGTTTTGGTTACTTCATAATCCGCGGTCGCGCGCAGTTTTTCAGCTTCTTCCTGACCCTGTGAACGGTGACGACGCGCTACCGCTTCACGCTCGGCGCGCATACGGTTGTAGATCGCTTCAGACACTTCGGCAGGCAGGTTGATCTGTTTAATACGCACGTCGACGACTTCAATACCCAGCGCCGCCATACTGTTCGGGTTGATCACCTGAACCTTACCGTTTGTTTCTGCTTCAACACGCTCCGCCGCTTTGGCAATTGCGTCATCGGCAGCCGGCGTACTGACTTCATCTTCTGTGCCAGCAGAACCTGAGTTCAGCGCATCGCGGACTTCCAGGGTCAGACGGCCGCGGGAGTCGGTCACGATGTCTTTCACATCCAGACGGCCAATTTCAGAACGCAGACGGTCAGAGAATTTACGCTTCAGCAGCACCTCGGCCTGAGAGACGTCACCGCCGCCGGTTGCCAGGTAGTAACGGCTAAAGTCGCTAATGCGCCACTTGATGTAAGAGTCAACAATCAGGTCCTTCTTCTCTTTGGTAACAAAGCGGTCGGCCTGGTTGTCCATTGTCTGGATACGCGCATCAAGCATCTTCACGGATTCAATAAAAGGAATCTTGAAGTGAAGGCCAGGCGCGTACACCAGCGGTTTGTTTTCATCGTCGCGCAGAACTTTACCAAAACGCAGCGTGATGCCGCGCTCGCCCTCTTTGACCACAAAGATGGACATGTAGAGCACCACCAGCACGATGACAATTATCGCGATAACAGATTTACGCATCGTTATTCCCCCTGACGCTGGTAGTCGTTACGCTGCGCGTTGGCGCGGCGTTGGTCCATAATGGTGCCTCCCGTAGAGGTAGAAGCGTTACTGGCGCTGTTTGAGCTGGATGCAGGCGGCAGACGCAGTAGATCGCTTGCGCCACTGCTATCGCTCTTTGCCGCCGGCGCGCCGGCGCCTTTCAGCATCTGATCCAGAGGTAGAACCATCAGGTTGCTCCCCTTATCGTTGACCAGCACTTTGCGCGTATGGCTCAGCACTTTTTCCATGGTTTCGATATACAGACGCTCGCGGGTAATTTCCGGAGCCGCTTTATACTCAGGCAGAATTTTTGCAAAACGAGCCACTTCACCCTGCGCTTCAAGAACGGTCTGGGTCTTATAGGCGCGAGCCTCTTCAAGGATACGCTGTGCCTGACCGTTAGCCCGCGGCTGGACTTCGTTGGTGTAAGCTTCCGCTTCACGAATGTACTGCTGTTCGTTTTCACGCGCGGCAATCGCATCATCAAACGCGGCTTTTACTTCCTCCGGCGGACGCGCCGTCTGGAAGTTGACGTCGAGCAGGGTGATACCCATGTTGTACGGACGAATGGTCTCTTCCAGCTCGCGCTGGGTATCGCTACGAATGACGGTACGTCCTTCGGTCAGGATACGGTCCATGGTGTATTTACCGATCACGCCACGCAGGGCGCTGTCGGTGGCCTGACGCAGGCTGTCGTCCGCACTGGTGACGCTAAACAGATAGCGTTCCGGATCGGTCACGCGGTACTGCACGTTCATCTCAACGCGCACGACGTTTTCATCAGACGTCAGCATGACGCCGGAAGCCGCCAGTTCGCGGACCGACTCAACGTTAACCGCCTGAACGTTATCAATGAAAGTAGGTTTCCAGTTAAGGCCAGGCTCAACCAGATGGCTAAATTTACCAAAGCGAGTGACGACGCCACGTTCAGCTTCTTTAATGGTATAGAAACCGCTGGCTGCCCAGATAATAACCGCAGCGGCGGCAACGATGCCGACGATACGCCCGCCCATTGGCCCACGAGGTCCCTGAGAGCCGCTACCGCCGCCCAGTCCACCTTTTCCGCCACCCAGGCCGCCAAGTTTTTTACTTAGCTTACGGAAGATATCATCCAGATCGGGAGGTCCCTGCTCGCGACCGCCTTTATTGCCATTTCCCCCAGAGTTGCCGCCTTGGTTATTGCTGCTTCCCCACGGGTCGCGGTCCTGTCCGTTATTACCGGGCTGATTCCACGCCATGTATATGCTCCATATTTGTTTTTGATATCCCCACAGGGGTTAATATCTTCAGGCAAGCTGCAAGGTCAAATCACGTATTCAACCAGCGCTGGCTCTTGTTTACAGAGGCGACGCCAGTCAACGATCGGCATGCGCACCTGCAGACCAACGCTACCGTCATCCTCCATCCACTCTTTCTCTATCGCCTGAAGCTGATAGAACCGGCTTCTCAACCGACCTTCCTGCGGTGGCAGGCGCAGCGTGTGCTGGGCCACTTCACCAGAAAGCCGTTCCGTCAAAGCCTGAAAAAGCAGCGGTACGCCAACCCCGGTCTGGGCGGAAAGCCAGACCCGAATCGGTTTATTTTCTTCATCCCGATCGATACGCGGCTCAAAATCATCCAGCATGTCGATTTTATTCATGACCAGCAGCGCCGGGATCTCATCAGCTTCGATTTCCGCGAGCACCGTATTCACTGCATCAATATTTTCCTGCACGCGCACATCGGCTGCATCAATGATATGCAGCAACAGCGTCGCCTGGCGCGTCTCCTGGAGCGTCGCTTTAAACGCGGCCACCAGATCGTGCGGCAGGTGGCGAATAAAGCCTACGGTATCCGCCAGGACGGTTTCGCCGACATCAGGGACATCAATCCGGCGCAGCGTTGGATCCAGAGTGGCGAACAGCTGGTTCGCAGCATAGACCTCGGCTTCAGTTATCTGGTTGAATAACGTGGATTTACCGGCGTTGGTATAACCGACCAGCGACACGGTTGGAATATCGGCTTTGGCGCGTGACCGCCGTCCCTGCTCACGCTGTTTTTCAACTTTTTCCAGTCGCGCCAGGATCTGCATAATACGGTTACGCAGCAAGCGGCGGTCAGTTTCGAGCTGGGTTTCCCCCGGGCCGCGCAAACCAATCCCGCCTTTCTGTCTTTCAAGGTGGGTCCAGCCGCGAACGAGGCGAGTCGCCATGTGGCGCAGCTGCGCCAGCTCGACCTGCAGTTTCCCTTCGTGGGTACGCGCTCGCTGGGCAAAAATATCTAAAATCAGGCCGGTACGATCGATAACCCGGCATTCGCATAAGCGCTCCAGGTTTCGTTCCTGTGCCGGACTCAGGGCATGATCGAAGAGCACGACCGATGCACCGGTCGCTTTTACGGCTTCCGCAATTTCGACAGCTTTACCTTCACCAACAAAATACTTCGGGTGCGGTGCTTTACGGCTACCGGTAATCACCTGCATTGCTTCGACACCGGCGGAAGAGGCCAGAGTTTCAAACTCCTGGAGATCTTCCATATCTTTGTCTTGCGAAAAATAGATGTGTACCAGTACCGCCTGCTCACCGGCATCATAACGGTCAAACAAGCGTAAACCCCTTATAAAATACCAGCGGGGAACGCAGAAAACCTGGCTCCCCGACGTGGAAAAACAGCATCTGCCTTATTCGGCGTCTTCGCTGTCTTGCTGCGGCGCAGAAGAACCCTGCGCACCACCACCGTGGTGATAGTTGTTTGTACCGCCGCCAGCATTGTTGCTGTGGTGTGACACCGGGCGAGACGGGACAACAGTAGAAATTGCGTGCTTATAGACCATCTGGCTGACCGTGTTTTTCAACAGGATCACGAACTGATCGAAAGACTCAATTTGCCCTTGCAGCTTAATACCATTCACCAAATAAATAGAAACCGGAACACGTTCCCGACGCAAAGCGTTCAGGAACGGATCTTGTAAAGATTGCCCCTTAGCCATTCTCTCTTTTCCTTATATGTATGCTTGTTTTGTACTCAGAACCTTACGATTC
NZ_CP180159.1_gap147	5302155	5304977	2822	TTACGTGCGACGTCAGAACGCCCCATGACGGAAATGAAATAATCGCCGTCGCGCGTCAGCACGGGCCTGAACTGCGGATCGGCATTCAGCAGCGCGCGGAGCTTACGCGCAATCGCAATGGTCACATTCTTCTCTTTTGTGCCGTTCGGACCAATGGCTCCCGGATCCTGGCCGCCGTGGCCGGCGTCAATGGCGATAATCACTTTATCGTCGCCGGAGACGGTACGCGCCGCAGGACGCGTTACGCTACTGGTGCTGGTCACCGCGGTAAGCCGGTCGTTATCGGCTTTAAACGGGTTGCGCGCGGGTTCGCTCGGACGCACGGGCTGCGCCACGGGCCTTTCCGCCTGTCTAACCACCACCGGCTGAGGTGGAGGCGGAGGCGGAGGCGGCGCGTCGGCGTTAATCGTAAACACCACGGTGTAGTTAGAGCCGTTCTGCTGTTTCACCGCGCGGGTTTTGCCATCGGCGGTGAGATCCACCAGCAGGCGCAGCGACTGCGTATCCTGCGGCGTCCCGGAACGAATGCTTTTTACCAGATTATTGCCGCTAAACTGCAGCGGTAGCCCCTGGAGTACGCCAGTCTGTTTAATATCCAGCGCCACGATGCGTTTGCCCTGGGGGCTAAACGAATATTCAGGTTCGCCGATAAAGCTAATGGTAATGCGGGCCTGCCGATCGCCATTTGAGACCTGGATATCGGATAAACTTGCCGCAGTGGCCTGAATGCTGAACAGCATCAGTGCGGCGGCCAGCCAACTGGTTAAGCGATACATCATCCCGTCGTCCTTCAGGCTAATTAGCCAAACGCGCCAATAAAGACTCACCCAATGAGGAGACCGCGGTTACGCGCGCCTCACGCCCTTGTGCCTGATACTCAAGGTGAATTTCAACATCCGGGTCCGGCAGTACTCCCGTGCCCTGCTGAGGCCATTCCACCAGGCAGATAGCATCGTCAGTAAAATAATCGCGGATCCCCATAAACTCGAGTTCCTCAGGATCCGCCAGGCGATAAAGATCGAAGTGATAGACCATCAAATTATCGAGACTGTAAGGCTCGACGAGGGTGTAGGTTGGGCTTTTAACGTTGCCACTGTGACCGAGAGCCTGAAGGAAACCGCGGCTAAAGGTGGTCTTACCCGCCCCTAAATCGCCATATAAATAGATGACCGTCGCGCCAGCGCATGCCTGCGCGACGCGGTTGCCAAGGCTTAAAGTCGCCTGCTCATCGGGTAAAGGAATCACTCGGTTAATCATGGTCTACGTCAATCACATCCGGGTTAACAACACGCCTGAGCGTGGAAAAAAGATCGGTCGCCAGCATTCCGCGGGTGCCGTGTCTCGCCGCCAGCCGATCGGCGGCTTCGCCATGAGCAACGCATCCGGCGCAGGCAGCATCATACGGCGTCAGGCGCTGGCCTAACAACGCAGCGATAATACCGGTCAGCACATCGCCCATCCCGCCGCTGGCCATCCCAGCGTTACCGGCGTCGATAATAGCCATTTCGCCCGTTTCGCTCGCCACGATCGTACCTGCACCTTTCAGCACCACGATGCCACCATAACGTTTTACCAGACGTTGTGCAGAATGTAAGCGATCGCTTTCAATTTCTGCCACACTCACGTTCAGCAGGCGGGCGGCTTCGCCGGGATGCGGCGTCAGCACGCGATTGTGACGTTTATCGGGATTGATTGCCAGCAGGTTCAGCGCATCCGCATCCCAGACCATCGGTTTGCGAAAATTCTCCGCCTGGCGTAGCGCATTTTTACCCCACTCGCCCTGCCCCAGACCCGGCCCAATCGCGATGACATCCGCCCAGTGCAGACTCTCTTCGAGAGAGCGGGACGTCAGCTCATGGACCATCAGCTCCGGCCTGGCGGTGAGAATGGGCGCAATGTTGTCCCGGTGAGTCAATACTCGCACCAGCCCGGCGCCCGCGCGCAGCGCCGCTTCACCGCTCATTCGTATGGCACCCGCCGTCCCCGGTTCGCCGCCGATAATCACCAGCTTACCGTGGTCGCCTTTGTGCGAGGTTGGACGCCGCGGCGGCAGCCAGCCGGGGAGCTGCGAGGCATCGAAGCGACTGAGCGCCGTCGTTTGGCCTGCCAGCCACCCCTCAAGCCCCAGGGCGTGATGATGCAAACGACCAACGACATCGCGGGCTTTGCCGGTCAGCAGCCCCGGCTTAAGCACGATAAAGGTGATGGTATGAGCGGCATGGATAACAGCGCCCGGCGTCGTCCCCGTCTGCGCATTCAGGCCGGAGGGGATATCCAGCGCCACAACCTCAGCCGGATGGGCGTTTGCCCGCGCGATCAGCGCCGCAACGTTTTCCCGGGGCGCGCTCTGTAACCCGGTACCGAGCAGGCCGTCAATAATCAGCGTGATATCTTCCGGCCAGGGGATGCTGGCGGCATGAATCGTGCCGCCGGCGTTGAGCCACTCCTCACGCGCGAGGCTGGCCTCTTCCGGCAGCAGCTTCTCGCTCTCCATCGCCAGCAGCGTGACCTGAATGCCTCGCGACTGTGCCAGGCGAGCCACAACGTAGCCGTCGCCGCCGTTATTACCGTGGCCGCAGAGAATCAGCCAGTGCTGGCTTTCAGGATACTGGACGCGCGCAAGCTCAAAAGCCGCTTCGCCCGCACGACGCATCAGTTCATACAACGTCAGCCCAAGGGCATCCGCCGCCTCTTTTTCCGCTCGCCGTAGCGCCTCCGCCGACCAGATGATATGTGGTATACTCCCGGTGTTTCTCGTCATCGTATGGTCCATCATGTCACAGCCCCTCGATCTCAATCAGTTAGCGCAGCAAATCAAACAA
NZ_CP180159.1_gap148	5479899	5483179	3280	TGCGTGCGCTTTACGCCCAGTAATTCCGATTAACGCTTGCACCCTCCGTATTACCGCGGCTGCTGGCACGGAGTTAGCCGGTGCTTCTTCTGCGGGTAACGTCAATCGACAAGGTTATTAACCTTATCGCCTTCCTCCCCGCTGAAAGTACTTTACAACCCGAAGGCCTTCTTCATACACGCGGCATGGCTGCATCAGGCTTGCGCCCATTGTGCAATATTCCCCACTGCTGCCTCCCGTAGGAGTCTGGACCGTGTCTCAGTTCCAGTGTGGCTGGTCATCCTCTCAGACCAGCTAGGGATCGTCGCCTAGGTGAGCCGTTACCCCACCTACTAGCTAATCCCATCTGGGCACATCTGATGGCAAGAGGCCCGAAGGTCCCCCTCTTTGGTCTTGCGACGTTATGCGGTATTAGCTACCGTTTCCAGTAGTTATCCCCCTCCATCAGGCAGTTTCCCAGACATTACTCACCCGTCCGCCACTCGTCACCCGAGAGCAAGCTCTCTGTGCTACCGTTCGACTTGCATGTGTTAGGCCTGCCGCCAGCGTTCAATCTGAGCCATGATCAAACTCTTCAATTTAAGTTTGATGCTCGTGAATTAAACTTCGTAATGAATTACGTGTTCACTCAGAGACTTGGTATTCATTTTTCGTCCGAGGACGTTAAGAATCCATGTCACTTTGAGTGCCCACACAGATTGTCTGATAAATTGTTAAAGAGCAGTGCAACGCGGCTTTCGCTCACCGTTGCGAGGTGGCGTATATTACGCTTTCCTCTTTCAGAGTCAACCCGTTATTTCAGGATTTTTTCTCTTCAACCGACCGGGTTGTTTGTGAAGTGATTCACATCTGCCGTGTCGATGGAGGCGCATTATAGGGAGTTCCCGAGCATCCGCAATAGTAAAATTGCAGAAAAATGACTGACTGCTGCATTCCCCAGCAAAACCCCGCTTTATACCCTGTTACGCACAGAATTATCCACAGGTGGCGGCCGATACCCTCTTATAAAGGCCCGCTCTCTTCTCTTTATAGGGCGCGATCCTGGGCTAAAAAGAGAAAGATAAAAATTCGCGAGCGTTGCGCAAACGTTTTCGTTACAATGCCGCGCTATAACAAGGATGCCCGGTTGGGTGCGTTAGGTGAGTTTTTAGACAAAAATTCACCTAACGCTCTCTGTAATATTCAAATCCTGGGGATTTAATACCATGCAACAACGTCGTCCAGTCCGCCGCGCCCTGCTCAGTGTTTCTGACAAGGCCGGTATCGTCGAATTCGCGCAGGCGCTTTCCGCTCGTGGTGTCGAGCTACTGTCTACGGGTGGTACCGCACGCCTGCTGGCTGAGAAAGGTCTGCCGGTTACCGAAGTCTCTGACTACACCGGTTTCCCGGAAATGATGGACGGACGCGTGAAGACCCTGCATCCGAAAGTTCACGGCGGTATTCTCGGTCGCCGCGGCCAGGATGACGGTATTATGGAACAACACGGTATCGCGCCTATTGATATGGTGGTGGTTAACCTGTATCCGTTTGCTCAAACCGTTGCCCGCGAGGGCTGCTCGCTGGAAGATGCGGTAGAAAACATTGATATCGGCGGCCCAACCATGGTTCGCTCAGCGGCGAAGAACCATAAAGACGTCGCCATCGTAGTGAAGAGCAGCGACTACGATGCCATCATTAAAGAGATGGATGCCAACGAAGGCTCCCTGACCCTCGACACCCGCTTCGACCTCGCCATTAAGGCATTCGAACACACCGCCGCCTACGACAGCATGATTGCCAACTACTTCGGCAGCATGGTTCCGGCCTATCACGGCGAGAGCAAAGAAGCCGCTGGCCGCTTCCCTCGCACCCTGAATCTGAACTTCATTAAGAAGCAGGATATGCGCTATGGTGAAAACAGCCACCAGCAGGCGGCCTTCTATATAGAAGAAGAAGTCAAAGAAGCCTCTGTCGCCACTGCACAGCAGGTTCAGGGTAAAGCGCTCTCCTATAACAACATCGCTGACACCGATGCCGCGCTGGAATGCGTCAAAGAATTCAGCGAGCCGGCCTGCGTTATTGTGAAGCACGCCAACCCATGTGGCGTAGCGGTAAGCACCTCTATTCTGGACGCCTACGACCGCGCGTACAAAACTGACCCGACCTCTGCCTTCGGCGGCATTATCGCGTTTAACCGCGAACTGGATGCCGAAACCGCGCAGGCGATCATCTCCCGCCAGTTTGTTGAAGTGATCATCGCACCGTCTGCGACGGAAGAAGCCCTGAAGATCACTGCCGCGAAACAGAATGTCCGCGTCCTGACCTGCGGTCAGTGGACGCAGCGCGTACCGGGTCTGGACTTCAAACGCGTTAACGGCGGCCTGCTGGTTCAGGATCGCGATCTGGGTATGGTTACGGAAGGCGAACTGCGCGTGGTTTCCAAACGCCAGCCGACCGAGCAGGAGCTCCGCGATGCGCTGTTCTGCTGGAAAGTGGCGAAATTCGTTAAATCCAACGCCATTGTGTACGCCAAAGAGAATATGACCATCGGGATAGGCGCAGGCCAGATGAGCCGCGTTTACTCCGCCAAAATCGCCGGGATTAAAGCCGGTGATGAAGGTCTGGAAGTGAAAGGTTCGGCTATGGCGTCCGACGCCTTCTTCCCGTTCCGCGACGGTATTGATGCCGCTGCTGCCGTTGGCGTGAGCTGCGTCATTCAGCCCGGTGGTTCTATTCGCGACGAAGAGGTGATTGCCGCCGCCGATGAGCACGGCATCGCGATGATCTTCACCGACATGCGCCACTTCCGCCATTAATTCACGGAGCAGACGATGAAAGTATTAGTTATTGGCAACGGCGGACGCGAACACGCGCTGGCCTGGAAGGCCGCACAGTCACCGCAGGTTGATACCGTTTTTGTCGCCCCGGGTAACGCGGGCACCGCGCTGGAACCGGCGCTGCAGAACGTGGCTATCGGCGTCACCGATATTCCGGCACTGCTGAGCTTTGCGCAGAGCGAGAAGATTGACCTGACCATCGTTGGCCCGGAAGCACCGCTGGTAATTGGCGTTGTCGATGCGTTCCGTGCCGCAGGGCTGAAAATCTTCGGCCCAACGGAGGGCGCGGCGCAGCTTGAAGGCTCCAAAGCCTTCACCAAAGATTTCCTCGCGCGTCATAACATCCCGACGGCGGAATACCAGAACTTCACCGAAGTCGAGCCCGCGCTGGCGTACCTGCGTGAGAAAGGCGCGCCGATCGTCATCAAGGCCGACGGCCTGGCCGCCGGCAAGGGCGTGATTGT
NZ_CP180159.1_gap149	5484790	5488569	3779	CCGCGCGACCAGCTCTTTCCCGGTGCCCGACTCGCCGTGAATTAATACCGTCGCATCGGAGGGGGCAACCAGGGCAATATTATTCAGCAGCGCCCGCATCGCCGGGCTATCGCCCACCATGCCAAACTGGGCCGCGGGGGGACTACCCGCGACGGGTGACTCGCTCAGCCGCGTATGGGCCAACGCCTCAGACAGCGTCTGCTGCAGCTTGTCAAAGTCCAGCGGCTTGATAAGGTAGTCCAGCGCACCGGATTTCAGCGCCTCCACTGCGGTATCGACGCTGGAGTATGCGGTCATGATCAATACCGGAATCGACGGATTCCAGGTTTTGATCTCTTTCAGCGTTTCGATGCCGTCCATCTCGGCCATGCGGATATCGCAAAGCACCAGATCAAACACCGTCTGGCGCACCTGTTCCAGCGCCTGTACACCGTTGTAGGCCAGCGCAACCCGGTATCCCCAGCCCCGCAACAGCGCCTGTAAGATAGTGCAGTGGCTGATGTCATCGTCCACCACCAGAATATCGATCTGCTCGCCACTCATCCTTGTTCATCCTTTTGTTGCCCGTTGACCGGCAAATAGAGAGTAAATAGCGCGCCTTCGCCGGGGGCGCTCTCGGCGTGAATCGTTCCGCCGTGCTGCTCGACAATGTTCTGCACCACCGCCAGGCCCAGCCCGGTGCCGTCGGCCTTGGTCGTGAAGTACGGGGTAAAAATGGCCTGTAGCTGTTCCCCCGTCATCCCCTTGCCGCTGTCCGCAACGCTCACCTTTACTCGCCCGTCGCCGCATTCCCTCACCGCCACCGTAATCACGCCATCGCGGCCAATAGCATGGACGGCATTGAGATAAAGGTTCAGCAGCACCTGTTTCAAACGATCCGGATCGGCCTGAATGCGGCATAGCGCGGGCTGCGCGGTGAAGGCGAGCGTTATCGCCCGGCTGGCGGCATCCTGGCTAATCAGCTGAAGCGAGTGCGTAATCACGTCATTCAAATCAACCGATTGATACGTTAAATGCGCCGGACGCACCAGTTCCAGCAGCTCGCTGACGACCCTGTTCAGGCGATCGGCTTCCTTCGCCATCACCTGGGCCAGCTGATGCGCTTCGCCATCGGCTGGGGTTCGCTCGGCAAAATACTTTGCCAGCCCTTTTATAGATGACAGCGGGTTGCGGATCTCATGGGCGACGCCCGCGGCCAGATGACCAAGCGCCACCAGCTTTTCTTTACGCGCCGTCGCCTCCTGCAGCTGCTTGCGCGAACGTTGATAGCGGCGGAACCAGAACTGCGCCAGCAACGTTGCCGCCATCACTACGCCCGCCGCGCAGAGCATAATGACCATATTGCGCAGGCTACGGGCATGGTCGGCATCCAGCTCGCGGGTATCAAAAGCAATAAAAATAACCTGGGGAGCCTGGGTACGCAGCCCGGCAGCTTCGCGACGCATCATCATGCGCATATGATGCCCGCCGCCGTTAAGCGGGCGAAATTGACGATAAATCTCCAGCGCCGGTTCCGGTTTTTCGAGCCGACGCCAGCGCTCCTCGCTCCCAATATTCAGCTCACGCAGAGTGCTGGCAGAATAGAGCGACTCACCAACCCGCCGCGGGTCGCTATGGGCAATGATTTTACCGCTCTCATCCGTCACAGCGAACCACAGCACGCCTGGCTGCCAGGCCATCTCCTCCAGCAACGCCTGCAGTTGGGAATGATGCATACGCATTCCCATGCCCACCCGGGCGCCGGACTCAAGGGCGCGAATCAGCACGCTGCCCTTTTCCTGGATAGTCTGGCGCGCGGCTTCATTTTCACGGCCATAATCACGCACGATTAACGCAGAGAACAGGCACACCAGCAGCAAGATAAGGCCGGTTAACAACCAGCTCAGCCAGACGGCGACGGAATCCTTAGACAACCGCATCGCGTTCATGACAACTCCCTTTCCTCAGACACCGTATCGCTCAGCAGAAATCATGCCATTTTTCCGTCCCGTCTAACCGCTTCTCAGGCGCAAACCGGGAAGGCGATCGAGTAAAAATGACCCGCAGCCTCCTTGACCGCGAGTCATTTTTACTCGCTCTCGCCTGGCTGGAAAGCGCTCAATGCCCGATATCCTGCGACCTTTCCATTCTGGCACAGAAGATGCAAATCATTGAGTAACCATAAGCCAGGAGAATAAACTATGAAACGGAACAAAAAAATGACGCTGATGCTGATTGCCCTCGCCGCGCTGACTTTCGGCAGCAGTTCAGCCTGGGCAAGGCACCACTGGAATAACGGCAGCGGAATGGGCCCCCAGGGCTACAGCCAGCTCACCACCGATCAGCAGGCCACTGCCCAGAAGCTGCATAACGATTTCTATGAACAAACCCGCGTTTTGCGTCAGCAGCTCCAATCAAAACGCTACGAATACTATGCGCTGTTAACCGCAGATAAGCCGGACAGCACGAAAGTCGAATCCATTGCCCAGGAGATGGAGGTTCTCGGTCAACAACTGGCCCAGCAGCGGGTGAAGTTCGATCTCGCGTTAGCGCAGGCGGGTATTTCTCGCGGTGTGGGTATGGGACCAGGGAGCTGCGGCGGAGGCCGCGGTCATATGGGGATGAGCCACTGGTAAGGCTCAGAAGCTTTTTTCGGTCGGCTGCCAGGTGCAGAAATCTTCGTTTGCCACCAGCAGCAGCTGAGAGCCTTCAGGCGCTTCCAGCCACGCCACGCTGACCTCAATGGATGAGTGATTCTGACGTCGCTCAATATGCGCCAGCGCCTGCGTATCGAGGTCAGGCTTCACGGTCTGACCTTCACAGGTGGTCACCGTCCTGTTGGCATGCCAGCGCCCCTGGCGCAGCATAACGCGTCCCTGACGCAGAGCGTCGCTGGTCTGGCGTATTTGCTCAGCGCGATAGCGGTATAGCGCGACCTGATCGCTGGAAAGCTGCTGCTTCTGCCCATCGATTTCACGCTGCATAAAGCTGAGTTCGCCCTGCGCATCAAACCGGGCGCGAATATGTTCCGGCGGTTTACCGTAGACGTTGAGTTCAATCAGCGCGAGCTGGCCATCCTGCCAGCGGTACTCGCTGGTCGAAGTATTACCATGACGCCATGGACTGAAGGCGGCAAGGAGATGGACCTCGCCGTTAGAATCTTTGCGCCAGATACGCATCGCCCCCTGGTTATCCGCATATCCGCTGGCGGTAAACGGCGGGAGAGAGGAATCATGGCTGCAGGCAGTGAGCAGCAATACGCCTACCAGCGCCAGCGTGCGGCGCCAGGTAGACAAAAGGGGCCGACAAGCCCCTTCGATAAAACTGTACACTGCCACGCGGTCTTACTTAACTGCGTCTTTCAGAGCTTTACCAGAAACAAATGCCGGTACGTTTGCTGCGGCAATTTTGATTTCATTACCGGTCTGCGGGTTGCGGCCAGTACGCTCAGCGCGGTGGTTCACTTTGAAGGTACCGAAACCAACCAGTTGAACAGCATCACCTTCTTTCAGAGACTCGGTAATTGCAGCCAGGGTAGATTCCAGGGCAGCTTTCGCCTGTGCTTTGGACAGGTCAGCTTTGTCCGCAATTACATCAATCAGTTGAGTCTTGTTCATAAGTTATCCTTACAATGTGTTTATCGCTTGCTAAGCATCGAGTGCGACGGAAATGCCTGAAAAGCACTCTCCTGCATACACGCACCGATAGCCACGTTTTTTCGCCCCCCAAATGTAGACCAGACGGGGGGCGGAATGGAAGCCTTCAGACGCTACAATTCAGGCGGTAAATCACGTTTTCTG
NZ_CP180159.1_gap150	5511586	5516268	4682	CAGAATAAGTTTATACGTAAGCGAATGCTTTACAAAGACAACTGTGATTAAGCAGCTTCTTTCGCATCGCGTACAGCAGCCAGAGTGCGAACCAGTTTGCCAGCCGAAGCTTCTTTCATGGTTGCCATCAGGCGTGCAATTGCTTCTTCGTAGGTCGGCAGAGTTGCCAGGCGGTCGATTTGCGACGCCGGGATCAGCTCACCTTCAAAGGCTGCGGCTTTGACCTCAAATTTTGCATTCGCTTTCGCGAACTCTTTGAACAGACGAGCAGCAGCGCCCGGGTGTTCCATAGAGTATGCAATCAGGGTCGGACCAACAAACGTGTCTTTCAGGCACTCGAAAGGAGTACCTTCAACGACGCGGCGCAGCAGGGTGTTACGAACAACACGCATGTATACGCCAGCTTCACGACCTGCTTTACGCAGTTCAGTCATTTTGTCTACAGTCACGCCACGGGAATCCGCAACTACTGCAGACAGCGCGCCTTTGGCTACTTCGCTGACTTCAGCAACAATCGCTTGTTTGTCTTGAAGATTTAAAGCCATTAGCTTTGCTCCTGGATGTTTGCCAGAGCTCATGCTCCGGAACTCACTTCACTCGACTCAAAGAGAAGAGCGTCTTAATACGGTGAGCAGAAACAAGCCAGAGTATCCAAAAATAATCTTAGCGTTCTGTCACCGTCTACGCAGGGCATTAAGTCTCTTGCGAAACACCTGCGGTCTTCGACGGAGGCCTGGATAGGCCAGGCTCCAACGAACAAATCTTGTCTATCCGTCGCTATTCAATCTGTGGCGGCATTGACTACATTCGGTCACACCAGTCACATAGTTAACTATGCTCCAGGCGATTCACTCATTTGTCGCCTTGCCACAGCCTGAATATCTCGGCTATACGTCTGCTATATGCAGAATACGTGGGGGTAAGATTGTAGACAAATTCACCGCCCACGTAAAGCTAATCTTAGTTCGCAGAAGCGCTCAGACCAGCCTGATCAACGGCAACGCCAGCACCCATGGTGGTGGAGATGCTGATTTTCTTGATGTACACGCCTTTAGCCTGAGTCGGTTTTGCTTTTTTCAGCGCAACCAGCAGAGCTTCCAGGTTTTCTTTCAGTTTATCAGCGTCAAAATCCACTTTACCGATGGTGGTGTGGATGATGCCGTTTTTGTCGTTACGGTAACGAACCTGACCTGCTTTAGCGTTCTTAACCGCTTCAGCAACGTTCGGCGTTACGGTACCCACTTTCGGGTTTGGCATCAGGCCGCGCGGACCCAGAACCTGGCCCAGCTGGCCAACAACGCGCATTGCATCCGGGGAAGCAATAACAACGTCAAAGTTCATTTCGCCTTTTTTGATCTGGTCAGCCAGATCTTCCATACCTACCAGCTCTGCGCCAGCAGCTTTAGCTGCTTCAGCGTTCGGGCCCTGGGCAAATACGGCTACGCGAACTGAACGGCCAGTACCGTGCGGCAGTACAGTCGCGCCGCGGACGTTCTGGTCAGATTTACGAGCGTCGATGCCGAGGTTAACGGCAACATCAACGCTTTCAACGAACTTAGCAGTAGCCAGTTCTTTCAGCAGAGAGATGGCTTCGTTGATGTCGTACTGTTTGGTCGCATCAACTTTGTCACGAATCACGGACATGCGCTTGGTCAGTTTAGCCATTTCTTAGTCCTCCACTACCAGGCCCATGGAACGTGCAGTACCTTCAATGGAGCGAGTCATCGCTTCAATGTCGGAACCAGTCATGTCGGCAGCTTTGGTCTGCGCGATTTCCTGCAGCTGAGCGCGGGAAATTTTACCTACTTTGTCTTTGTTCGGTTTACCGGAACCAGACTTGATACCAGCCGCTTTTTTCAGCAGAACTGCTGCCGGCGGAGTTTTGGTAACGAAGGTGAAAGAACGGTCAGCGTAAACGGTAATAACAACCGGGATCGGCAGACCTTTTTCCAGGGATTCAGTTTTTGCGTTGAACGCTTTGCAGAATTCCATGATGTTCACACCCTGCTGACCCAGTGCTGGACCAACCGGCGGACTCGGGTTTGCCATACCAGCTGCAACCTGCAGCTTGACATAGGCTTGTACTTTCTTAGCCATGTAAATTTCCTCGTTTGGGTGTAGCGCCTGAAAAGGCTCCCCGTGATAAATATCGCTTTATGGGAATCAGACCCATAAAAACAAAAGGCGCGAAATTGTATGTCAATTCCGCGCCTCATGCAACGTTTAAAACGTTGCTTTTTTGATCGGCTGTTAGGCTTTTTCTACCTGAGCGAAGTCCAGCTCAACCGGCGTCGCACGACCGAAGATAGAAACGGACACTTTCAGACGAGACTTCTCGTAGTCCACTTCTTCAACCACACCGTTAAAGTCGGCAAATGGACCGTCGCTAACGCGAACCATTTCACCCGGCTCAAACAGCGTTTTCGGCCGCGGCTTGTCGCCAACCTGCTGCAGGCGGTTCATGATCGCGTCGACTTCTTTGTCGCTGATCGGTGCCGGACGGTCAGATGTACCGCCGATGAAACCCATCACACGCGGTACACTGCGCACCAGGTGCCAGCTCGCGTCGTTCATCACCATCTGGACCAGCACGTAGCCCGGGAAGAATTTGCGTTCGCTTTTACGACGCTGGCCGCCGCGGATTTCGACCACTTCTTCGGTCGGCACCATGACTTCGCCAAACAACTCTTCCATATTGTGTAATTTGATATGTTCACGCAACGAGGTAGCTACGCGACCTTCAAAACCGGAAAACGCCTGAACGACGTACCAGCGTTTTTTAGGAGCTTCAGACATCTCAGAACCTCAGGCCAGTGATAAAGGATACCAGGCGAACCAGAATACCATCCAGTCCCCACAGGATCAGTGACATTACGGCAGTCACTGCGGCAACAATCAGCGTGGTATGCAACGTTTCCTGGCGAGTCGGCCAGATCACCTTGCGGACTTCGGTTCTCGCTTCACGAGCGAAGGCGACTGTCGCCTTACCTTTTGTCGTTAACAGCGCGACACCGCCCGCTGCAGCGATCAGAATCACTACAGCCAGCGCACGCACTGCCAGCATAATGTCACGATAAAGGAAGTTGCCGACGATGGCCACGACCAGCAGCACGACTACGATTGTCCACTTCATCGCTTCGAGGCCGCGCCCGCTCCCTTGAGCTTCGGTATTCGCACTCATAAACCAACCTGTCACAAGAATTCAGACAAATAACTTCACCCCGCATGAAATGCGAGGCGACCAAACCGAAATGCTCTGTTGCGTTTCGGACTTAACGCCCTCTTCAGAGCCTGTCTCAGCAATGATTATGACCCAAAAAATCACTGATGAGCCAGGTTCTGGTGTGAAAGCGTGCAAAAAGGGCATCAAATGATGCCCTTTTATTGCGCATTGCGTCAAATGTTATCAGCAATTAGCCGAGAACTTTAGCAACCACGCCCGCGCCAACGGTACGGCCACCTTCACGGATTGCGAAACGCAGACCGTCGTCCATCGCGATCGGGTGGATCAGGGTAACAACCATTTTGATGTTGTCGCCCGGCATTACCATCTCTACGCCTTCCGGCAGTTCGATGGTGCCAGTCACGTCAGTTGTACGGAAGTAGAACTGCGGACGGTAGCCTTTGAAGAACGGAGTATGACGGCCGCCTTCGTCTTTGGACAGAATGTACACTTCAGATTCGAACTTGGTGTGCGGCTTGATGGAACCCGGCTTAGCCAGTACCTGACCACGTTCGATTTCTTCACGTTTGATACCACGCAGCAGAACACCAACGTTCTCACCAGCACGGCCTTCGTCCAGCAGTTTGCGGAACATTTCAACGCCAGTACAGGTAGACTTCGCAGTCTCTTTGATACCAACGATTTCAACTTCTTCACCAACTTTGATGATACCGCGCTCTACACGACCGGTAACAACGGTACCACGACCGGAGATGGAGAATACGTCTTCGATCGGCAGCAGGAACGGCTTGTCAATCGCACGCTCTGGTTCCGGGATGTAAGAATCCAGGTAGCCAGCCAGTTCGATGATTTTCGCTTCCCAGTCTGCGTCGCCTTCCAGCGCTTTCAGAGCGGAACCGCGAACGATCGGAGTGTCGTCGCCCGGGAAATCGTACTGAGACAGAAGTTCACGAACTTCCATTTCAACCAGTTCCAGCAGCTCTTCGTCATCAACCATGTCGCATTTGTTCAGGAACACGATGATGTACGGAACGCCTACCTGACGACCCAGCAGGATGTGCTCACGAGTCTGCGGCATCGGGCCGTCAGTCGCAGCAACAACCAGGACCGCGCCGTCCATCTGCGCAGCACCGGTGATCATGTTTTTAACATAGTCGGCGTGGCCCGGGCAGTCTACGTGCGCGTAGTGGCGAGTCGGGGTGTCATATTCAACGTGAGAAGTGTTGATGGTGATACCACGAGCTTTTTCTTCCGGCGCGTTATCGATCTGGTCGAATGCGCGAGCAGAACCACCGTAGGTTTTAGCCAGAACGGTAGTGATTGCAGCGGTCAGCGTTGTTTTACCATGGTCAACGTGGCCGATAGTACCGACGTTAACGTGCGGTTTTGTACGTTCAAACTTTTCTTTAGACATCGATTGTCCCTCTAAGACACGGATAAATCGGTGATATCACCACATCAACCGGGCAACATGCCCGACTTGTTGAATGCAATAAAC
NZ_CP180159.1_gap151	5553610	5554154	544	AAGCGCTAAACAAGGTTTTTGGATCGCTGTTTATGCTGGTCGGCGCCCTGCTGGCCTCCGCGCGCCACGCGTGATGTACAGATAAACAGCAAATTACCGTACTGATAAAATATATGGCCCGCCCATAACCCTTGGGCGGGCCGCAGAACGCTTAGCGCGAAATAATCAGGTGAATACCAAACCCGGCAAATAGAGTACCGGCAATGCCGTCTATCCACTTCGCCATCCGCTGATAGCCGCGGCGCATGCCCGGTAGGGCGAACAGGCTGGCGACCACCGTAAACCAGGCCAGCGTCTCCAGAACAATCAGCAGGAAAATCCCCCAGCGCGCGCCGGAACTGACGCTGTCGCCGACAAACAGCGAGAACACGGAGCCAAAATAGATAATCGCTTTTGGGTTCGCCAGATTAGTCAGCAGCCCTTTCAGGAAGCTCCGGCCGCTGCGCGCCAGTTCGACCTGAGGCTCTACCGCCGCTGCCGCTTCGCTTTTTTTCAACGCGCCGCGCAGCATCTGGAAGCCCATCCAGCACAGATACAGACCGCC
NZ_CP180159.1_gap152	5584343	5588340	3997	GATAAACAGGAAGATGGCAAACGCGATGATGATATTCGCCCGGGTGCCGCCAACGATGGCGTAGGTCAGCAGGCCAAAGGCGACGGTGCTGACAAGGAAGAATATCCACGCTTTATAATCCTGACGCAGAAAATAGACCACCAGCATTGCCGGGATAAAAAAGTAGAAGAAGCGCTTTAGCGCCACGCCGGAGACTTCGCTGGAGAAGATCTGGCTATAGGAGTTGAGCTTGAATAACAGGAAGCCGTTATGCGCAAAGAAGATACCGACGCAAAGCAGCGCCAGCCCCAGCAAAATACCCCAGGTGAGGTGGGTCTCCACGCGATTCATCGTAAACAGCTGACGATGCGGATGACCGTGCGTCGCCGACCGTAGCCGCGTTTTATAAGTCACGTAATAAACCGCATAAAAGCAGACGGAAACCAGCAGGGTTTGCAGCAGAATTTCCGGCGGGGCGACCGCGACGTCAAAGCGGAACACCAGAATACTGGTCAGCGGGAAGCCAAAGAAAAACGTCAGCAGATACAGCAGCGAGAAAAAGACGTTGAAGTTGAAGCGTACGCGACGAAATTCAAAGTACGTGGCGGTGGCGATAAAGAGCGTCGACAGCAGCCAGACCAGCAGCAGCCCGCTAAATTGCATTAATGTCATGCGTCCACCCCCGCAGCAATTCGCAACGCTCGTCGCCAGCCCGTCAGGTAATTCGGCCGGAAAAAGGCGATTTGATTTTTATCCACGCCGGCCAGCTGGCGCTGCGCTTCACGCACAACGCTCACGTCCAGCGCATCGCTGGTAAAGAGTACCGGAATATGCTGCTCCGACATATCCTGCCAGAAGGGATTCTCCCGGTTCAGCACGCAGGGGATCCCCGCCTGAATCAGCAGGCACAGCGTGCCGATACCCTGCTGGCGAGCAAAAAGGAAGTAGCCAAGATCGCAGCGGCGCAACAGGGCAAGGTAGTCATCAAACGCCAGCTTGTCGCTCAATACCTGAAAATGCTGCGGGCTGAACAGCGCCGTGCCGGCCGCGCGGACTTCGTTGATGTAGTCGCCATTATTTGCCGGATAACCCATAGGCACGACAACGTTAACCGTATCGCCAAACTGCTGGCGAATCGCACGCAGCGCCGCAATATGCTCGTTGCTACGGTCGCCGGAATTACCCACCAGGATAGTCAGCGTGTCGCCGCGCGGCGCGCTATCGGCGAGCGAATTCAGCGCCGGATCCATGCGGGTCGGAAAGTAGAGTAGCTCTCCCGCTACGCCAGAATGGCGGGTGGCGAACCAGCTCAGATCGCCCCGGGTCGCAAACACGCGACCTACCCGGCCCTGCGCCAGGCGCCGCAGGGGATAAAACAGGCGAAACTTCAGGCTGGCGGAGTTCTCGTACAGATCCGCTCCCCAGATATGCCAGTTAAACTGCGCCGGTCGGATCCCGCCGCTGAGCAACGCCAGCCACAGGCCGGTATTAAACTGGCCGTGAAAGAAAAAGCGCTGCTGCCGGTTCGCCTTTGCCAGCGCGATAACCGCCTTTGCCAGCAACTTTTTCCCCGGATAGCAGCGAATGGAGAGTGCGGGATAAGCGGCGCAAATTTCTGTCGCATCACCGACGACCATAAACAGGCGAGCCTGTTCGTCATCCACGGCCAGCTCATCATTAAAGAACCGCAGCACGGTCTGGTTGTGGTGCGGGATATCCGATCCCAGTACATGTATCAGTGCTGTCATGCCCGTTTACGCCAAAGTAAAAACACGCCGCTGCAGAGGGCGAAATAAACAATATAGGTAGCCATATACGCCTGCGCCGCGCCGATTGCGCCGTGCGCCGGGATAAGCCAGTGCGAGAATGCGGTCAACAGCGTGAACTGGCTGATTTCCGTCAGAATATAAAAACGCAGCGAGGCTTTGGCGATCACCAGATAGCCATAAACATAAGCCCCGACCTTTAATACATCGCCCACCAGCTGCCAGGCAAACAGATCGCGCATCGCCGTAAAGCGGTCGGAAAAAAGTAGCCAGATAGCGAAATCACGCAGCAGCCACACCGTTAAGCTCGCTGCCGCCACCGCCGGGAGGACAAATTTTAACGATTTACCAATCTCGCGGGTGATATCGGCTTTCGCCGTCAGACGGGACAGCGTTGGTAAAAGATAAACGCTAAATGACGCGGTAATAAACTGCAAGTAGGCGTCGGAGATGCTGCTCACCCCTTGCCAGATCCCCACCGCGTCCCAGCCATAGTGGGCCGCCAGCAGGTTACGCATCATCACGTAGGCGACCGGCAGCGTCACCGAGGTAATCAGCGCCATCAGGGTAAATTTCGACAGCTGCCCCGCCAGGCCGTTGTCCCAGCGCGGGCGCAGCGCGCTTAGCGGAATATTGCCGCGACGCCACAGTACGATAGCCGCCGGCACCACCACCAGCGCCGGCACCAGCGCCAGCCCCAGCAATGCGCCCTGATAACCGCCAAAACGGTAGCAGGTATAGTACGCCGCCACGCCAATCAGGCTCCCGGCGATAAGCGACAACGCATTACCCGCCGCATCGCGAAAGCCTTTCATCAGCGCTAACAGGAAATTCGCCCAGGCAATCCCCATCTGCACCAGCGCCACCAGCCGTACCAGATTCTGGTAATGTTGATGACCGAATAGCCCCTGGCTTATTGGCGCGGCCGCCAGCAGGAAGATCAGCGCCAGCAGGGTGGAGAAACCGAGTACCATCGCTGAAGCGGTACCAACGACGTTGTTCAACTGCCGGCGATCGTCATGATGCTGCGCCACCAGCTTCGTGACGCCGTTGAATATCCCGGCCCCCGCCAGCACGCCAAGCACGGTCACCAGCTGGCGGAAGTTACCCGCCTGCCCCACGCCAGCCGGGCCGAACGACACGGCCAGCAGTTTTACCACCAGCAGACCGGCGCCGATTTTGACCAGCGTGGACGCCGCGGTCCACAGAGACGCTTTTGCCAGCGACATATCAGGAGAAATAGCTCAGCAGCGAGTTAATCACCGTGCGCTGGTTAACGTTCGACAAATTGTAGAATAACGGCAGGCGCAGCAGGCGTTCGCTCTCCTGGGTCGTGTAGCGATCCGTCCCGTGGAACTCGCCGAAGTTCTCCCCTGCCGGGCAGCTGTGCAGCGGGATATAGTGGAATACCGCCAGAATTTCGGCCTCTTTCAGCCAGGCGATCAGCTTGCTGCGATCGTCAATATCGCGCAGCTTGATATAGAACATATGCGCATTTTGCCCGCAGTCGGCAGGCACGATGGGCAGATCGATACGCCCGGCGCGCGCCAGCGGCAGCAGGGCGTCGTAGTAGTTCTGCCATAGCGCCAGACGCTGCTGGTTAATCCGCTCCGCCGCTTCCAGCTGCGCCCACAAATAGGCCGCCTGTAAATCGGACATCAGGTAGCTGGAGCCGATATCGCGCCAGGTATATTTATCCACCAGGCCACGGAAAAATTGGCTACGGTTGGTGCCTTTTTCACGAATGATCTCCGCGCGCTCTATCAGCGTGCGATCGTTAATCAGCGTTGCGCCACCTTCACCGCCCGCGGTGTAGTTTTTGGTTTCATGGAAGCTGAAGCAGCCAATATGGCCGATAGTGCCGAGCGCCCGGCCTTTATAGGTCGACATCACGCCCTGAGCGGCATCCTCCACCACAAACAGATTATGCTTGCTGGCGATAGCCATAATGGTGTCCATCTCGCAGGCCACGCCGGCGTAGTGGACCGGTACAATCGCGCGGGTTTTCTCGGTGATGGCCGCTTCAATCAGCGTTTCATCGATATTCATGGTATCGCGACGAATATCAACGAAGACGATTTTCGCGCCGCGCAGCACAAAGGCGTTGGCGGTGGAAACGAAGGTATAGCTCGGCATAATCACTTCATCGCCCGGCTGAATATCCAGCAGCAACGCCGCCATTTCCAGCGAAGCGGTACAGGACGGCGTCAGCAGCGCTTTCGCGGTGCCGAAACGCTGCTCCATCCACTGCT
NZ_CP180159.1_gap153	5630081	5633817	3736	ACATCCCCGGCGCTTTCCCTACAATCCCCGCGTACTTATTTTATTCAGGATGCATCATGACCCCCGAACACCTTCCTACCGAACAATATGAAGCGCAGCTGGCAGAAAAAGTCGTCCGTTTGCAGAAAATGATGGCGCCTTTTAGCGCCCCGGTTCCGGAAGTGTTTCGTTCGCCGGTCAGCCACTACCGCATGCGCGCAGAGTTTCGCCTGTGGCACGATGGCGACGATCTGTACCACATTATGTTCGACCAGCAGACCAAATCCCGGATCCGCGTCGAGACTTTCCCGGCCGCCAGCGAGTTGATTAATCAGCTGATGGCCGAGGTGATTGAGGGCGTACGCGATAACCCGGTACTGCGCCACAAACTGTTTCAGGTGGATTATCTCACCACCCTTAGCAACCAGGCCGTGATATCGCTGCTGTATCATAAAAAGCTCGACGATGAATGGCGTCAGCAGGCGACGCGCTTGCGCGATGCGCTGCGGGCGCAAAATCTGAATGTGCACCTGATTGGCCGCGCCACGAAAACTAAAATCGAGCTGGATCAAGACTATATAGATGAACGCTTGCCGGTTGGCGGGCGTGAAATGATCTATCGTCAGGTTGAGAATAGCTTCACCCAGCCAAATGCGGCGATGAACATTCAGATGCTGGAGTGGGCTATCGACGCCACTAAAGGCGCAACCGGCGACCTGCTTGAGCTGTACTGCGGCAACGGCAACTTTTCGCTGGCGCTGGCGCGTAATTTCGAACGCGTGCTGGCAACGGAAATCGCCAAACCGTCCGTCGCGGCGGCGCAATACAATATTGCAGCGAACCACATTGATAACGTGCAGATTATCCGCATGTCAGCGGAAGAGTTTACCCAGGCGATGAACGGCGTGCGGGAGTTTAACCGCCTGCAGGGAATCGACCTGAAGAGCTATCAGTGCGAGACGATTTTCGTCGATCCGCCGCGCAGCGGGCTGGATAGCGAAACGGAGAAAATGGTGCAGGCGTATCCGCGTATTCTCTATATCTCCTGCAATCCGGAGACCCTATGCCAGAACCTGGAAACGCTCAGTGAGACCCACGAGATCGCGCGCCTGGCGCTATTCGACCAGTTCCCCTATACCCATCATATGGAATGCGGCGTGCTGCTAACGAAGAAGTAAAGGTGCGCGAGAAAACCCGGCAACAGCGCTGCTGCCGGGTGAGAGATTATTCCGCGACCGCGTTCTTGCGGTTGCGTAACCTGTAGCCAATCCAGAACACCATAATCACCGACAGAACCGCCGGGAAGAAGTTAGAGCCGATGTCCGGATATTCCGCGCTCACAACGGTACTGTAAACCAGCACGCCGAGAATAAAACAAGCAGCGGCGAGCCCCGGCAAACCCACGGGCATACTACGATTCTGATAGCGCTGATGCAGGCAGTAAACCGTCAGCACCAACGACAAAATGGGGAAGATGGAAAAAGGGACAATGGAGCTGAACAGCGCGGCGAAGGTACCATTAATGGATAAACCTGCGATCAGCGCCAGCAGCAGCGTACCTCTATCTTGTACTGAATGTTTCATTGCTCGTCCTTCACGTTATTCGGAATGATTTGATATTTTTTCTTGTTCACGGCGATACCAGTAATACGCGCCTTTCGAGATCATTCTGAGCTGCAGCACCAGGCGTTCTTCCAGCTGTCGACGCTGCTCCGGGCCCACATCGAGAGCCTCGGCGCCAGCGCTAAATACGATGGTGACCATAGCTTCAGCCTGCGCTTCGGTAAAGGCGCGCGGCATATGGTTTTCGATTTCTAAATAGTCGGCAAGTTCCGCGATAAAATGCTGAATTTCACGCGCCACGGCGGCACGAAACGCCGCGGAGGTACCGGAGCGTTCCCGCAGCAGCAGGCGGAAGGCGTTCGGGTTGTTGCCAATGAATTCCATAAAGGTGGAAACAGAGGTGCGAATGACGCTGCCGCCTTTAGCGATACGCTGACGCGCCTGGCGCATCAGCTGGCGCAGCATGAGCCCGCTTTCATCCACCATGGTCAGACCCAGCTCATCGACATCGCGAAAATGACGATAGAAGGACGTCGGGGCGATCCCCGCTTCCCGCGCCACTTCGCGCAGGCTCAAGCTGGCAAAACTGCGCTCAGCACTCAGCTGGCTGAATGCCGCTTCCACCAGCGAACGCCGGGTTTTTTCTTTTTGTTGCGCTCTTACGCCCATCACGTTGTCTGAATCCTTCCATAAGCCCTTCCGGCACTATACCAGAGATTAGAACTAATCGGTTTACACTGGATTGTGAATGATTGTTTACGAGCTGTTTCTGCTTTTATGCCGCAAAAAAGCACAACGATAATTGGGTTAAAGCGCGGCGAATGTTATCATCGTGTTTATTTTATGTATAAAACAGGTGAGTAATGCCATGTCACACTCTTGGGATTATGATGCAATTGTGATTGGTTCCGGTCCTGGCGGAGAAGGTGCCGCCATGGGGCTGGTGAAACAGGGAGCACGCGTTGCCGTCATTGAGCGCTACCATAACGTCGGCGGCGGTTGTACCCACTGGGGTACCATCCCGTCAAAAGCCCTCCGCCATGCCGTCAGCCGTATTATCGAGTTTAACCAAAATCCCCTCTACAGCGACCATTCCCGTCTTCTTCGTTCTTCCTTCGCCGACATCCTGAATCATGCCGACAGCGTCATTAACCAGCAAACCCATATGCGTCAGGGTTTCTATGAGCGTAACCACTGCGAAATCCTGCAAGGCAATGCCCATTTTGTTGATGAACACACTATCGCGCTGGAGTGCCACGACGGTACCGTGGAAACGGTGACGGCGGAAAAGTTCGTGATTGCCTGTGGTTCACGCCCGTACCATCCGGCAGACGTCGACTTCCATCATCCGCGCATTTATGACAGCGACTCGATTCTCAGCCTGCATCACGAACCGCGCCATGTGATCATCTACGGTGCCGGGGTGATCGGCTGCGAATATGCGTCGATCTTCCGGGGAATGGAAGTCAAAGTGGATCTGATCAACACCCGCGATCGTCTGCTGGCGTTTCTCGATCAGGAGATGTCCGACTCGCTCTCCTATCATTTCTGGAACAGCGGCGTGGTCATTCGCCACAATGAAGAGTACGAAAAGATTGAGGGCGTTGATGACGGCGTCATCATGCATCTGAAATCCGGCAAAAAGCTCAAAGCGGACTGCCTGCTGTACGCTAACGGCCGCACCGGGAACACCGACTCACTGGCGCTGGAAAATATCGGTCTGCAAACCGACAGCCGCGGCCAGCTGAAGGTCAACAGCATGTATCAAACCGCCCTGCCGCATATTTATGCCGTCGGCGATGTGATTGGCTATCCAAGCCTGGCCTCCGCCGCCTACGACCAGGGCCGCATCGCTGCCCAGGCGCTGGTGAAAGGCGAGGCATCGGCGCATCTGATTGAGGATATCCCTACCGGGATTTACACCATTCCGGAAATCAGCTCCGTCGGTAAAACCGAGCAGCAGCTGACGGCAATGAAGGTGCCTTATGAGGTGGGTCGCGCGCAGTTCAAACATCTGGCCCGGGCGCAGATCGTCGGCATGAGCGTCGGTACGCTGAAGATCCTCTTTCATCGCGAAACGAAAGAGATCCTCGGGATTCACTGCTTTGGCGAGCGCGCGGCCGAAATTATTCACATCGGCCAGGCGATAATGGAGCAGAAAGGCGGTGGTAACACCATTGAGTACTTCGTTAAC
NZ_CP180159.1_gap154	5638067	5640605	2538	GAAAAACGACATCGACTCCGGTGCTAAACTCGCTGATATCGGACATCGGCTGCAGCGGCAGATCGACAATGCCTTTCAGCTGCGGATGCAAATCAGAAACTAATTTTCCCGCATCATTGCTTTGCGCGGAGACCGTCAATGCGGTTATGGTCATATGAGGATGGCGATTTACATAGGCCACTAGCTCTGCGCCGGCATAACCGCTGGCGCCCACAATCAGCGTGTTCAACATTGGGGCTCTTCACCTTCTTGCTTACGTATATTTGCCCTGGAAGACCATTGCCTTCCCCACCCTGTTGAGCCGTAAGAGCATCATCCTTACATTCGATGGGTTTTCTTACGCTCAACGATAATGTATTTTTATTCACAAATAATGCATGAATATTGATACTATCACGACCCGAGGTGTGTCAACAATGAAAAACAAATTACCGCCCTTTATCGAGATTTACCGCACGCTGATCGCCACACCTTCCATCAGCGCAACCGAAGAGGCGCTGGATCAAAGTAATGAGTCTTTAATCAATTTACTGGCAGGCTGGTTCCGCGATATCGGCTTTAATGTTGAAGTTCAGCCAGTCCCGGATACGCGTAATAAATTCAACCTGCTGGCCAGCAGCGGCCACGGCGCTGGCGGCCTGCTGCTTGCCGGGCACACCGATACCGTCCCGTTTGATGATGGCCGCTGGACCCGCGACCCTTTTACCCTGACCGAGCACGACAATAAGCTGTACGGTCTCGGCACCGCGGATATGAAAGGCTTCTTCGCTTTTATTCTCGACGCCCTGCGCGACGTTGACGTCACTCAGCTGAAAAAGCCGCTCTATATTCTGGCGACGGCCGATGAAGAGACCAGCATGGCCGGCGCCCGCTACTTCGCCGAGACGACCCAGCTGCGACCGGACTGCGCCATTATCGGCGAGCCCACGTCGCTGCAGCCGATACGCGCGCACAAAGGCCACATGTCCAACGCGGTTCGCATTCAGGGGCAGTCGGGCCACTCCAGCGACCCGGCACGCGGCGTCAACGCAATTGAACTGATGCACGACGCCATTGGCCGCATCATGCAGCTGCGCGACGACTTAAAAGAGCGTTATCACTATGCCGCCTTTACCGTTCCCTGGCCGACGTTGAATCTCGGCGCCATCCACGGCGGCGATGCCTCCAACCGCATTTGCGCCTGCTGCGAACTGCATATGGATATTCGTCCGCTGCCCGGAATGACGCTCAACGATCTCAACGGGCTCCTTAACGAAGCGCTGGCGCCGGTGAGCGAGCGCTGGCCTGGACGCCTGACCGTTTCTGAACTGCATCCGCCGATCCCCGGGTACGAATGCCCGCCGGACCATAAGCTGGTTGAGGTCGTAGAAAAACTCCTCGGCGCGCAAACCGACGTGGTCAACTACTGTACCGAAGCGCCGTTTATTCAGACCCTCTGCCCAACGCTGGTGTTAGGCCCGGGCTCTATCAACCAGGCCCACCAGCCGGATGAGTACCTGGAAACGCGCTTTATTAAGCCGACCCGCGAGCTCATCACTCAGGTGGTCCACCATTTTTGCTGGCATTAAATACCCATTCTCTCGGGCGATTTCATCCGCGCGAGAGGGTGACAATTATCACATTCTCATAAGCAACGCTTATCAAGCGACCTCCGAGTTAAATTTCGCAAATTGCCGCCATTTATTCGTTTGCTGAAGCGATTTCGCAACAATTGACGTGGGGGTTTTTACGTGGCTTTATAAAAGACGGTTGCTTATCCACTGCTCAAATTATCGAGCGCCGGATATAACAAAATAAAATGAGATGGGGTGTCTGGGGTAACATGAACGAACAATATTCCGCTTTGCGTAGTAATGTCAGTATGCTCGGTAAGGTGCTGGGCGACACCATCAAGGATGCGCTGGGAGAAAACATTCTTGATCGTGTCGAAACTATCCGTAAGTTGTCCAAATCTTCTCGCGCTGGCAATGAAGCCAACCGCCAGGAGCTGCTCACCACGCTGCAAAACTTGTCCAACGACGAGCTGCTGCCGGTGGCGCGCGCCTTTAGCCAGTTTCTGAATCTGGCGAATACCGCTGAGCAATACCACAGCATTTCGCCAAAAGGCGAAGCGGCCAGTAATCCGGAAGTGATTGCCCGCACCCTGAGAAAGCTCAAAGAGCAACCCAATCTCAACGAAACCATTATTAAACAAGCCGTTGAATCCCTGTCGCTGGAGCTGGTGCTGACCGCGCACCCAACCGAAATCACGCGTCGTACGCTGATCCACAAGATGGGCGAGATCAACAGCTGCCTGAAGCAGCTCGATAACAACGACATTGCGGACTATGAACGTCATCAGGTCATGCGCCGCCTGCGCCAGCTGATTGCCCAGTCGTGGCACACCGATGAAATCCGCAAACATCGCCCGACCCCGGTGGATGAAGCCAAATGGGGCTTCGCGGTTGTCGAAAATAGCCTGTGGGAAGGCGTACCGAACTACCTGCGCGAGCTGAATGAACAACTGGAAGACAACCTGAACTATCGGCTGCCGGTCGA
NZ_CP180159.1_gap155	5644393	5648131	3738	TTAGTCATGGAAAACCCGGGTATGTGATGTCGCTAAAAGCGTCTATCGGTACGTTGCAATAACTTGTAACCACATGATTATGAAAATATAAAATCAGCGCGGGTTGAAGAATAATCCTGCTTCAATGGAGTATCTCATGCCGCCCTCTGGTATTCTGCCTTTTCCACGATGTTCGGTATGATGCACATAAAGCATGTTTTGCGGAGCGATTATGGATAACGGCATCAATCAGGTTATTGATTCTTTTATTAAAGGCCCAGCGGTAATCGGCAAAGTCCACTTTTCCACAGAATCCAGACCGGCTTCTGAGAAAGCGCTAAGCGTCGATTTTCCGCGCCTCGAAATCATGCTTGCGGGGCAGCTTCGCGATCCGGCGATCAAGGCCGACCAGGCGCAGCTGACGCCGCACGATGTGCTGTACGTCCCCACAGGCGGATGGAATGACCCGCAGTGGCTGATGCCCTCCACGCTGTTAACTGTCTTATTTGGTAAGCAGCAGCTGGAATTCGTCCTACGCCACTGGGACGGCAGCGCGCTTAACGTGCTGGATAAACAGCAGGTTCCTCGCCGCGGCCCCCGGGTTGGATCGTTTCTGCTGCAGGCGCTGAATGAAATGCAGATGCAGCCGCAGGAACAGCACACGGCCCGCTGTATTGTCACCAGCCTGCTCAGCCACTGTGCCGATCTGCTGGGCAGCCAGGTACAAACGTCATCGCGCAGCCAGGCGCTTTTTGAAGCGATTCGTAAACATATTGATGCCCATTTTGCCGACCCGTTAACCCGCGAGTCGGTGGCGCAGGCGTTTTATCTCTCACCAAACTATCTTTCCCATCTGTTCCAGAAATGCGGGCCAATGGGCTTTAACGAATACCTGAATCACATCCGTCTGGAGCAGGCCAGAATGCTGTTAAAAGGCCACGATATGAAAGTGAAAGATATCGCCCACGCCTGTGGTTTCGCCGACAGCAACTACTTCTGCCGCCTGTTCCGCAAAAATACCGAGCGCTCGCCGTCGGAGTATCGCCGTCAGTATCACAGCCAGCTGACGGAAAAAACGGCTTCGCTAAAAAACTAGATTTTTGTGTGTTAAACCTGACTTTTGTGCGTTCTTATTTTCCCATTTCAATCCGGGTTGCGCGATAAATGTGATCTAAATCATCCTTAACCGCAATGCGTACATTTATCCAGTTTTTGGCAAATTTGTCATCTGGCGACCCTTCGCGTGAAAGCCGTATTCTTACCTCAACGACACTACCGAATTAAGCATTGAGGAAAGCATCATGGAACTCTATCTGGACACCGCAAACGTAGCAGAAGTTGAACGCCTGGCGCGCATCTACCCGCTGGCCGGCGTGACCACCAACCCGAGCATTATCGCAGCCGGTAAAACGCCGGTTTGGGATGTTCTTCCGCGCCTGCAAAAAGCCGTCGGTCCGGAAGGTATTCTGTTCGCCCAGACCATGAGCCGCGACGCGCAGGGCATGGTGGAAGAAGCCAAACGCCTGAGCAACGCCGTCCCCGGTATCGTGGTAAAAATCCCGGTCACCGCCGAAGGCCTTGCCGCTATCAAGCTGTTGAAAAAAGAAGGTATCCCCACGCTGGGTACGGCGGTATACAGCGCATCTCAGGGCCTGCTGGCCGCGCTGGCCGGGGCAAAATATGTGGCGCCGTACGTCAACCGCGTCGACGCCCAGGGCGGTGACGGCATCCGCATGGTCCAGGAACTGCAGTCCCTGCTGGAGCTGCATGCGCCGGAAAGCAAAGTGCTGGCCGCCAGCTTTAAGACGCCGCGCCAGGCGCTGGATTGCCTGTTAGCAGGCTGCGAAGCGATCACCCTTCCGTTAGATGTAGCGCAACAAATGCTCGGCACCCCTGCGGTAGAGTCAGCTATTGAGAAGTTTGAGCAGGACTGGAATAACGCTTTTGGAACGCTAAACCTGTAACCCGATCGGCGAGCTGCCCAGGGGGGTGGCATCACGGTCATCCAGGAGGAATAGAAATGGATCGCATTATTCAATCACCCGGTAAGTACATTCAGGGCGCGGACGTCATTACCCGCCTTGGTGTATACCTCAAGCCATTGGCAGAACGCTGGCTCATCGTGGGCGATAAATTCGTACTCGGTTTTGCCGAAGAAAAACTGCGTAAAAGCCTGGCGGATGCGGGGCTGGCTGGCGAAATCGCACCGTTTGGCGGCGAATGCTCACATAACGAAATCAACCGCTTGCGTGATATTGCCGGTTCCGCCCGCTGCACCGCCGTGCTGGGTATCGGCGGCGGCAAGACGCTGGATACCGCAAAAGCATTAGCACACTTTATGAATCTGCCGGTGGTTATTGCACCGACGATTGCCTCCACCGACGCGCCGTGCAGCGCGCTCTCGGTCATCTATACCGATGAAGGCGAGTTTGATAGCTACCTGATGCTGCCGCGCAACCCGAACATGGTCATTGTCGATACGCAAATCGTTGCTGGCGCCCCGGCGCGCCTGCTGGCAGCCGGTATCGGTGATGCGCTGGCGACCTGGTTTGAAGCGCGTGCCTGCTCCCGCAGCGGCGCGACCACCATGGCGGGCGGAAAATGCACCCAGGCGGCGCTGGCGCTGGCTGAACTGTGCTACAACACGCTGGTTGAAGAGGGCGAAAAAGCGATGCTGGCGGCGGAGCAGCACGTGGTGACGCCGGCGCTGGAACGGGTGATTGAAGCCAACACCTACCTGAGCGGCGTCGGCTTTGAAAGCGGCGGCCTGGCGGCTGCGCACGCTATCCATAACGGTCTGACCGCTATTCCGGACGCTCACCACTACTATCATGGTGAAAAAGTGGCTTTCGGTACGCTTACGCAGCTGGTCCTGGAAAACGCGCCGGTGGAAGAGATTGAAACGGTGGCAGCGCTGTGCCATAGCGTCGGGCTGCCCATCACCCTGGCGCAGCTGGATATTAAAACCGATATCCCGGGCAAAATGCGTACCGTGGCGCAAGCCGCCTGTGCGGAAGGTGAAACCATCCACAATATGCCCGGCGGCGCGACGCCGGATCAGGTCTATGCCGCGCTTCTGGTGGCCGACCAGTACGGTCAACGCTTCCTGCAAGAGTGGGAATAACCCCTCGCGACATACCCGCCAGCAGGCGGGTATGTTCTTTTCGCCCGCCATTGCCCGCCAAAACGATGTATTTTATAGTGCGATTTTCCTTTGGGTGAATCGTAGATATGCAGTCATCAAATCGAAGAATGAGCATTTACGCCATTTTGCAACAGGACAAAAAAGTCGTCGTCAATGATCTCGCCGAAAAGTTCGGCGTCACCAAAATGACCATCCGTCGCGATCTCTCTTTCTTTGAAAAACAAGGCATTGTAAAAACAACCTACGGTGGAGCCTACTTAACCCACGGCGCCAGCGTCGAGCCCGGCTTTCAGCTGCAATCGATACAAATGGCCGATGATAAGCACCTGATTGGCCAGAAAGCCGCCGAGCAGGTTGAAGATGGCGACACGATTATTATCGACTGCGGCACCACGCCGCTGGCGCTCGCTAATTTTATTTTCGATAAGAAAATCATGGTGATAACCAACTCTATTCCGGTGGTTAATCTCCTGAAAGGAAGAAAAAATATCAAGTTGATCGTCGCGCCCGGTGAATATGAAGACGCCAGCCAGGGAATGGTCTCTTTCAGTACCGCCGACTTCTTTCGTCATATCCACGCCGACAAAGTCTTCATCAGCACTCAGGGCGTCAAC
NZ_CP180159.1_gap156	5715705	5717361	1656	AGCGCGCCCAGGCGCTGCTCTCCGATGCGGCGACGGTGCTGCTCTTTTCCGTGGCGCTGGCGACCACCTTTTACGAGGGCGAACATTTTGCCGGGATGGCGCGGGTGCTGGGCGTGGGCCTGGCGGTGTTCCTCGCCTGGCGTAAGATGCCGTTGATCGTGGTGATTATCGCCGCCGCCGTGGCGACGGCGCTGCTGCGGATGGCGGGCGTTGCCTGATCCGGCCTACGAAACGCGAAACATCATGTTGTTATGCAATTTTTGTAGGCCGTGCCAGCGAAGCGCCGCCGGGCAGTTACCCTTAAGGGCTTACGCTATTTGTGTTTCGATCCAACGGGTAGCGGAGGCCATATCCAGCGGCTTGTGCTGATCCACGGTGAACACCGGCCCCAGCCGCATCGGTTCCGCCTGCTGCGCCAGCTGCGCCAGTTCCGGAAGATACTCCTCGCCCGGGTGCCCCGGCTTACGATCCTGCAACCGGCTAGCATAGCGCGACACCGCAAGCTCAGGCGAGATGTGGTTCCAGACCTCCAGCACTTTTTCAACGCCCGCGTGTTGCAGCAGCTGCTGTAGCGTGTCGCGCGGTTGAAAGCCAAACCAGGCGTCAATAAGCCAGATACAGCCTGCCGGCGACTGGCCGACGATCGACCAGATGACTTCATACGCGGCGCAGCCCAGCTGCCGGTTGAAGGTCCGGTCGATCCCGGTAAAGCACGCCATAAACGGCTCTTTAATACCGTCGATGGTCAGCTGCGGCAGATTAAACGCTGCCGATAGCTGTCGGGTGACGGTGCTTTTACCCGATGCGGGAATACCGTTAATTAAAATCACCGTTTTGCAGCCGGGTGTGAGATGTCTGTTCATAACAACGCGACGACCTCCTCTCTGCTGCTGGCGGCCCGCAGCTTCGCCATGGTCTCGTTATTATCAAGCAGAGCGACAATCGCACGAATCCCCTCTTCAATATGGGTATTGCTGTCCTGCGCGCCGAACATAATGACGATATCCGCCTTCTCGCTATCGGCAAATTGAATCGGCTTATTCAACACCACAAGGCTGAAGCAGTTGCGTTTGACGCCACATTCCGGCCTGGCGTGAGGGATAGCGACACCTTCATCAAACACGTAATAGGCGCCATGATGCAGGGTATTATCGATCACCGCCTGGCCGTAATCTGCCGAGATATAGCCTTTTGCAACCAGCGGGCTGGCCGCCAGTTGGATCACCTTCTGCCAGTCGGACTCCGTGACGCCGACCTGAATCGCATCGGCCTCAATAAGCAGTTCTTTTATCGTCATTATCACTTCCTATATATTACGGCGAATAATGTTACGTAACTCATCAATGCGTATAAAAAGCGCATCGATTTCCTCGCGATGCGTATGACTTTTGGCATAGACCGACAACGCCCGGTTATACATCAGCATTAAGCCTTTCTGTATTTCGCCATTGGCCGGGTTGCCCCGTAACTCGCCTTCCAGCCTGGCAATTTCCCCCGCCAGCTGGCGAGACTGTTCGTCATAATCCTGCGGGGGTTGATTCTCTTTTTTCCACAGCGTTTTCAAAGATTCAAACATAGCGAGCTCCTCCCCGACGGACAACAGGGCAACGGAATACGGTTTAAAAATATGCGTTTATTTAAACAGAGCGATTTTTT
NZ_CP180159.1_gap157	5795817	5799931	4114	GATTGTCGATACTGCGGGCAGAATGGTGGAAGTTTCCCGACACCGCACAATAAAACGATGAGCAAGATCCTCGTTTGATCTGGCATCTTCGGCCTGGCCGAAAGTCCACTCCCGCAGATCACGGGCACCACGGCCCGTGAAGGTCTTGTAGCCGTAAATTTCGCGCAGCGTGTCCATGTGCTGCTGACGGGTTTGGCGCCGTGTGGCATAAGTGAGAAGCGCATCAGCCGGAACTCCAAGCTGAGCACCGACGAAGGAAAGGACTTCACGCGGGATCATCTCACCAGGAGCCAGTGCACGGCCCGGATATCGTAAGGCACAAAGTTGCAGGGCAAAGCCAATCCTGTTTTCCGGTCTGCGGCGCTGCCTAATGTTTTCCAGGTCATCATCGCCCAGCGTGTAGAACTTCAGTAGCGACAGTTCGTCCGTGGGCAGATCGAACAGCGCTGCTCGCTGCCGTTCGGTGAAAATATGGCGTCGTGACATACAAATTCGTCCCTTTTGAAGTAAAGTCTGTTTTGGACAACAGCCAGCCCATATAAATCAGGGCGTTCCGATACAAAAATCCAGGAGGGTTCAATTGGGACATCGTGCCGCCATTTACTGCCGGGTTTCAACAGCGGATCAGTCTTGTGAACGCCAGGAATTTGATCTGCGAGCCTTCGCCGGCCGTGCCGGCTACGACGTGGTGGGAATATTTAAGGAAACAGGTTCAGGAACTAAACTCGACCGGGCCGAGCGAAAGAAAGTCCTGGCGCTTGCCCAGTCCAGACAAATTGATGCAATCCTGGTCACTGAGCTTTCCCGGTGGGGGCGCTCGACGCTCGATCTGCTCAATACGCTACGTGAACTGGAGAACTGGAAGGTTTCCGTGATAGCCATGAATGGAATGGCGTTCGATCTTTCGTCGCCGTATGGACGAATGCTGGCGACGTTTCTTTCCGGCATTGCGGAGTTTGAGCGGGATCTCATCAGCGAGCGGGTCAAGTCAGGCCTTGCTGTTGCGAAGGCACGTGGTAAGAGGCTTGGTCGTCAGGCCGGAGTGCGACCAAAATCAGACCGACTTTTGCCTAAGGTGGTTGCGATGAGGGCCGAGGGACGCAGCTATCGCTGGATCGCACGCGAGCTCGGTATCAGCAAGAATACCGTCGCTGACATCGTGCAACGACACAGAGCTAACGCTTAGGGTGTCATTTCGCCCTCAGCCGGAACCGACCCCTACTGCAAAGGGTTAATGCCAAAGGTATTTTGTTATTCATTCTTTTCTCCTGGGTAATTATTAACCGGCATTATCAGGAAAATGAAATGGCGTTTCTATTTATCACGTCACAATTAATGAATATTAAAACTGTGTTTTATTTTATGGGTTTTCTTTATTTACCCGCCAAAAAAACAGCAAAAGCAGAGGGATAGCCGGCATTACCACTCATTAAAATGCTTTTTTTGCGCTAAACGGGTTTGCGCTGACTAAAAATACCCACCTAAAATGGTGTATAGCGTTACGCTTGTGCGTTTTATCTTCGTCTCGTTTCATGATGAAAAATATGTAGATATTTCAACGTGAAAGGCTTTTACTTTTCGTTCCAACAGCAGTCAGGATGCGTATGTCAAACAGTCCGATGAGCGTGGTTATTCTTGCCGCTGGCAAAGGTACCCGCATGTATTCCGATCTTCCTAAGGTGTTGCATTCGCTGGCCGGGAAGCCAATGGTGCAGCATGTTATTGATGCAGCTAAAGAATTAGGCGCTTCCGCCGTACATCTGGTGTACGGACACGGCGGCGATCTACTTCGCCAGACGCTGCACGAAGATAACCTCAACTGGGTCCTGCAGGCCGAACAGCTAGGTACCGGCCACGCCATGCAGCAGGCGGCGCCGTTCTTCAGCGATGATGAAGATATCCTGATGCTGTACGGCGACGTGCCGCTCATTTCCGTCGAAACATTGAAGCGTCTGCGGGAAGCGAAACCGCAGGGCGGCATCGGTCTGTTGACGGTGAAGCTTGACGATCCGACCGGCTACGGCCGCATTACGCGCGATAACGGAGTGGTGACGGGCATTGTCGAGCATAAAGACGCCAGCGACGAGCAGCGCCGGATTCAGGAAATTAATACCGGGATTCTGGTCGCCAATGGCGCGGATCTTAAACGCTGGCTGGCTAAGCTCACCAACAACAACGTTCAGGGTGAATACTACATCACCGATATTATCGCCATGGCTTATGAAGAAGGTCGTGAAATTGCCGCTGTTCATCCTCAGCGTCTAAGCGAAGTGGAAGGCGTGAATAACCGCCTGCAGCTCTCCCGTCTTGAGCGCGTCTGGCAGTCTGAAAAGGCTGAAGAACTGCTGCTCGCGGGCGTTATGCTGCGCGATCCGGCGCGTTTTGATCTGCGCGGCGTGCTGAAACACGGGCGCGATGTCGAAATTGATACTAACGTTATTTTCGAAGGTGACGTGGTGCTGGGGGATCGGGTAAAGATTGGCACCGGCTGCGTCATCAAGAACAGCACCATTGGTGATGATTGCGAGATCAGCCCCTATACCGTGGTAGAGGATGCTCATCTGGCGGCCGCCTGTACCATTGGGCCGTTCGCGCGGCTGCGCCCAGGCGCTGAGCTTCTCGAAGGCGCGCACGTCGGCAACTTTGTTGAAATTAAAAAAGCGCGTCTGGGTAAAGGCACGAAAGCCGGGCATCTCTCTTATCTCGGAGACGCCGAGATAGGCGATAACGTGAATATCGGCGCGGGCACCATCACCTGTAACTATGATGGCGCAAATAAGCATAAAACGGTGATCGGCGATGACGTGTTTGTTGGCTCAGACAGCCAGCTGGTCGCTCCGGTGACCGTCGGCAAGGGGGTCACCATTGCCGCAGGAACAACGGTAACACGTAACGTTGCCGATAATGAATTAGTGTTAAGCCGCGTGCCGCAGGTTCATAAACAGGGCTGGCAGCGCCCGGTGAAGAAAAAGTAACGCTATTTCTCTTTCGCCCTTTTCGGGGGAAAGAGCGGGGTGAGGGGATAACATAATCCTCCCCCCACGGCAGTACCCATAAAAATAACCCCACTCTCTACAAGGCTCGGGGCGCCCGAAAATACGGGTAAACAGGTTGACCGACAACGTATGGCATACAGCCAAAATCGGAATTAAAAACTATGTGTGGAATTGTTGGCGCAGTCGCGCAGCGTGATATTGCTGAAATCCTTCTCGAAGGTTTACGTCGTCTGGAATACCGCGGTTATGACTCCGCCGGTCTGGCCGTCGTCGATAACGAAGGTCATATGAACCGCGTTCGCCGCCTCGGGAAAGTACAGATGCTGGCCCAGGCGCTGGAAGAACATCCGTTGCACGGCGGTACCGGGATTGCCCATACCCGCTGGGCGACGCACGGCGAACCGTCTGAAGGTAACGCGCATCCGCATGTTTCTGACCATATTGTGGTGGTGCATAACGGGATTATCGAAAACCATGAGCCGCTGCGCGAGCTGTTGCAGTCGAGGGGCTACGTTTTCGCCTCCGAGACTGACACGGAGGTTATTGCGCACCTGGTTCACTGGGAGCTGGAACAGGGCGGTACTCTGCGTGATGCGGTTCTGCGGACTATCCCGCAGCTGCGCGGCGCTTATGGCACCGTGATCATGGATTCCCGCGATCCGGGTACGCTGCTGGCCGCTCGTTCAGGAAGCCCGCTGGTGATTGGCCTGGGGATGGGGGAAAACTTCATTGCCTCCGATCAGCTGGCGCTGCTGCCGGTTACCCGCCGCTTTATTTTCCTCGAAGAGGGCGATATTGCTGAGGTTACCCGCCGTTCCGTGACTCTCTTTGATAAATCCGGCGCCGAAGTGCAGCGCCCGGATATTGAATCCAGTCTGCAGTACGACGCGGGCGATAAAGGTATCTATCGTCACTATATGCAGAAAGAGATCTACGAGCAGCCGAACGCCATCAAAAATACCCTCTCCGGACGCATTAGCCACGGCGAGGTTGATTTAAGCGAGCTGGGCCCGCAGGCTAACGAGCTGCTGTCGCAGGTCGAGCATATTCAGATCATCGCCTGCGGCACCTCCTACAACTCAGGTATGGTGTCCCGCTACTGGTTTGAGTCGCTGGCA
NZ_CP180159.1_gap158	5826568	5827068	500	CGGAGTCAATTCTCTTTCCTTATTTCTCGCACCTTGCCGCACAAAAAACAGGCGATGGCACACTGCGGAAAACGGGCATTACGCGCCGGGTGGTGGATTATACGACCTGGTGGATAAAGCGCAAGGATCGCAAAGGATCTTTGTTAGATCGATTAAGCCCAAAACCAGGATAGTTCATTAATTTTTCCAATATGCGGCTGAAATCGTGCTCCGCTCCAGCCAGGATCGATTACACTTACCCAGCTTCGATCCTTCCTGTGGATAAATCGGGAAGAATCTGTTGAGAAACACAAGATCTCTTTCTCAGTTTAGGCTATGATCCCCGGTCCCGATCGGGATCCAGAGATCCGCATCGGGTAATAACCGCAGATAGCGGTTCGCACGTCACCCCTTTTGTGCAGGGGCTTTTCGGCTATGCAGGGTCTTGTCGACGTGTGCCAACAATCACGATTGTTTCAGTTTCTCTTTATATATCGATTTTTGTTCGAGTGGAGTCCGCC
