gap_id	start	end	length	sequence
NZ_CP138962.1_gap1	7718	8376	658	GAGCTTGAGCTTGAATATCCGATCACGGACACCATTGCTCTGTTTGCTCACTGGGAACCTGTCTACAGCTCTGAAGATTGGGGCTCAGAGGGTGGCAAGGGCTGGAACCACCACATCGGCACTGGCGTGACCTTTTCGTTCTGATCGGCTGCAGATCGTCTGCTCATCACCTGTTCAGACAATCTTGACTGGCTCGGTTTTTAACACTGCCTGCTGCAACCCTGAGTTGCAGCAGGTTCGTTTATGATTTGTGAGATCCTCCTGCAGATCTGAGCACTATCAATACTTGTAATGTTGCTGTTGGCATGACACCGATCGGAATTGAACTGGTCTACATTGATTTGAACAGCGTTGGATGTTTAAATATCATTATTCATAGGTGGTGTTGAGTTGACACTGACACCGGTTTTCTGATTTAAAACGATCAGCTTGTTCAGCCCACTTTCTTGATTTGCATCCACATAATTGTGCTGATATCGATTTTGATCAAGGTTTCAAGATGCTCCTGTGTTAATGCTCGGGCATCATTTTCTTGCCCCTGAAGAGTGAGCTTTGAGAGTTGACCCATGCACCAGTTCTGGAGTGCAGCTGCCTGGGCTCTGCGGCATCCGTGATGGCACTGTTCCGGCAGATCCATAAACCTGGATTTGATGGAATA
NZ_CP138962.1_gap2	77216	80767	3551	GAAGCGCCACTGCCTTCGCTAAGCTCTTGCGATAAAAGACTAACTTCCCCTATATTATTACGTTGTGAATTGGTTATATAGTCGAGTGAAATTTCCTTTTCATAGCCAAGGGTTAATCCTATCCCGGCAAATCGTGTAATCGATGATGGGGCAGGAGAGGGTGATCTTCCTGCGGATGCCAGGGGCTGATATTCGTAAAATTGTGATTTATCGGCTTCAAATGAAATTGATCTAATTAGATTGAGTGGGAAAGGGGAGTTTGGAAAGACTCCTGTTGTTGATGATACTTTGAATCCGAGAAAAGCATTAGATCTGTCTGAGTCATTTCTTAGCGATACTTTTAAAGAGTGGCGACCTTTGTCAAATTTTTTATATTCTACTTTCTCAGTGGGTTCTACAAAGCTTTGGCGTTTAGCGTTAGCCATGTTCGCCATATTGGAGCCGTTGAAATTTGGAGATATATTGGAATTAATAATGCTCCCTCTCACGGAGCCTTGGCTGACGGTAAAAACAGTACTCTCAGAGTTTCCAGTCCATCGGGTATCGCGTTCGCTTGGTGTTTCTTCTCTTAATTTCATATCATAACGGTTTGGATTTTTAAAACTAGATTTAATTTTTCCAAAAAATGATTTGTTTGCTTGCGATTGCTGTTTTCTTATCCTATTTTGTTCGATGAGTGAGTTAAGAAGTCTTTTTTTTGAGACGCTTTGGATGTTTATCGATTTACCTCCCAACAAAAATGAAAGTGTGCTGTATGTTTTAAGCAAGCCTGAACTATCTGACGTTGGCCTTCTGATGCGTGATAACCCGAGATTTGCTTGTACGGTTAGTTCTGGAATGACGCCATTTAATTTATCTCTAATTGTTTTTACATTGATGGGTAATATGTCAAGCAAATTGACTCTTGCTGTTTGTTCTATTCCTCGAAAAAGCGTGTACGCGTTCGATGCGCTAGGAATCATGCCATCGCGGAGATCTGGTACATCGCCCGTAAACGGGTCTTCCGTAAAGCGGGTTTGAGCCGCTTGATCCATCGTGTTCACGGCTTCCACATTGCTGCTCGACAAGGCGCCATTTGCTGAAAAATTGCGGAAAATATTGGCGCCTTGCGTGCGTAGGGGAGCAAAGGTCTGGGCCGTGACGCGTTCGCGTCGATCGACGGCTTGATAGCTGAGTGGAGCGCGGCTTGTGGCAATGGGATTGCCGAATTGATTGAGTGGGCTGACGGCAATGGTGATGTCTGGTGCGTCGTCGCCGAGGTGATTGGGGCTATCGGCTGCGGGGATTAGTTCTGTTGGCACCAGCAGGGTGCTGGTGAGGGTGTTGGTGCGGCCGCTGGCGGTGTTGCTGATCAGCGAGGCGGAGATCTGCAGCTCGGAGAGGCCGTTGCTGCCGCGATCAAAGACAAAGTGGCCGTCTGCTGAGAGGCTGAGGGTGCCGATGCCCTGCAGGGTGGTGTCGTTCCCGATGGAGATTTCAATGCCGTTCACCCAGGCACGCACCAGTTCGCCGCCGATGGTGCTGGCGCTCTGGCCCGTGCTGGATTGGAGCAGGTTTTGCAGGGTGCCCTGGAATTGACTTCCGGAGAAGTTGCGGCGGTTCTGCAGGGTGGGCGCCTCATTGCGCTCGAGGCGCAGCTTGTAGTAATTGATATCGCTGTCTTGATAGGCCTCAGGGCCCAGGCCGGTGGGATCAGCGCTCACCGGATTGGTCACGGTCTGGCTGTTGACGGCGATCAAGACGTCGCCGCCGGCCTCGAGACCAACGCTGTGGTCCTTGACGGTGATGCCTTGGGGGAGGAGGCCCAGCTGGTCGGAGAAGAGCAGCTCGCCGTTATTGGAATAGCTCCCGATCACGCCGTAGAGGCTGGCTTCGTTGTCGATGCCGCTTTCCCAGCTGATCAGCACGGCCGGGATGTCGAGCCCCGACTGGGGATCACGGATGAGGTGGCCACTCGTGACGGTGACATTGCTGCCACCGGAGGCGTTGTTGATGGTTTGGGCGTCACCCCAGGCATCGGCCTTAGGGTCCCAAAGGGCGTAGTAGATCAGACCGTTCTCAGCCCATGCCGCGATGCCGTCCTGACCGCTGTTGCTGGCGGTATCGATAAAAGAGGCGTAGGAGGCCATGATCTGGGGCCAAGACAAAACGTTATTTGTGAAATAGCAAAGCCAGCTGGTTCTGGTCGGAGGATCTGAGCAAAAACACGATCTTTGCGAGCTCCACCGCTAGCTCGAATCAGCACCTTGATATTGACCAATACATCCGGAATATCAGGGTTGCGGCAGCTGATGACCCGGCATTGCTTTGCTGCATGGGCGATTGGACGTTGATATTGCGAACGTATTTTTGGCAGCAGCTTTGATATGTGGCGGAGCCTGCGTGATGTGAGGCCAGGCGGGATACCGCAACAGGATCTGCGTAAGGCCTTTGTTTGTCTCGATTGGGGATGTAGTGCCCCGAGCGTGGCCTATTTGTGTCTGCCGGACTCTGTTGGTGCACCGAAGGGCAGCATCCATTTACTGGATGAGTTCTATGTGGCGGCATCTACTGCGGGTGGCCAACGCGACTGGAACCGTGGCACTTACTTGAGCAATGCGGAACAAGCAACGGGAAGTATCGAGTGGATGAGCCGTTGGAACCTGCGGCCTGGGAGTACCAAGGTTGTGGCTGAGTGCAGCCTGGCTGTGGTGGCGTGTGATGCTTTTTTCGCCCGGGGTGCCTGGATCGACCCTGGCGTGAATCAACCATTCCGCTGCAGAATCATTGCATTGATAGGGAGCGTGGTGGCTGGAGCTGGTGTGATTCCTGCTGATCAGAGCTGGCCTTGGTGGCCGCTGCTGCCACTCAGGAGTGTCTGAGAGTTGTCTCTGATTTGTTGTGCAACTGGGCGTGATTGTGGGCAACCTTTGAGTTAATCAACTGCATCCAGTATTCGAATGGCGTGATTGTGCTGATCAATCAGTCCACACTGAAGAAGCAGGTATCCCAACATCGTTTTCCCCTACTGCCGCTCGACCTTCACTGTCATGATTGCACCGGGTGCTGGTACGTACGCACGAAGGACTCCATAGAAGTCTTTTCCAGTGGGGATTCCGTTTTTTCCACTTCCATCCGGACTGAGTGTGATGGTTGTTGTTCCGTCTTGGTTCGGCTCTGAGGAGAATGTGGTCCTGTCGTAGATCTTCAGATCGTTCGGGATCAGCAGCTTGTTATCGGTTCCATAGAGGGTCACCGAGAAGTAGCCGCCAGGGTTGTAGAGCCCTGCAGGCACAGTCACGACATACGTGGCATCACCGCGCAAAGGCGCACCAGTTTCGTCGACCAAGATGGTGCCGTAACGGACCGTGTCTGAAGGCGTTCCTAGCTGGCCCAACTTCACCCCGGCTGCGAGGTCGAGAAAGCTGACGTCTCCGCTGACCCGTCCGAAGGCGTCATCGGGGTTGATATAGGTGATCACCGTGTCGATCACGGCCTGGGCGTTCTTTTCCGTCTCTGGGCTGAATTGCTTGACTTCACGCTGCATGTCTCCCTTGCCGCCCTGCATCTGG
NZ_CP138962.1_gap3	125268	125879	611	ATGCGGCGCGCAAGGAACTCTCCTGGTTCAGGCCTTTCGACACCGTTCTTGACTGGTCGGATGCCCCCTTCGCCCGTTGGTTTGAAGGCGGTACCACCAACATTTCCCACAACTGCCTTGATCGGCACCTCGAGGGCGAGAAGGCCAACAAAACGGCACTGATCTGGGAGGGTGAGCCTGGTGACGTACGACAGTTCACCTACCGCGAGCTGCATGCCCAGGTCTGCAAAGCCGCCAATGCCCTCAAAGCAATGGGAATCGGCAAGGGCGATCTTGTGGCGTTGTACATGCCGATGGTGCCCGAGGCGGCGATCGCCATGCTTGCCTGCGCCCGCATCGGTGCCCCTCATTCGGTTGTTTTCGGTGGCTTTTCAGCCGAGGCGCTTCGGGACCGATTGATCGATGGCGAAGCGAAGGCGGTGATCACCGCTGATGGTGGTTTCCGCAAGGACAAGCCCGTGGCGCTGAAGCCTGCGGTTGATGCGGCGCTTGCCGATGGCAGCTGCCCAACCGTGCAGTCCGTTCTGGTGGTGCGGCGCACCAAGCAGACCGTGGAGATGGTCGAAGGTCGTGATCAGTGGTGGCATGAGCTGGTCGAGGGGCAGAGCGCA
NZ_CP138962.1_gap4	242883	246682	3799	TCATGGAGGTGCTGGAAGCGATCGGATCGATTCCAGCACCTGTGGTTGTGATACCCGGCAACCATGATCACGGCGGTTCCGGAGGCATCTGGAGGCGCGAGGATCTGCGCTCACAGATGCAGCAGCGTGCCGGCAATCTCCGATTGCTGCTGAATCCCGAGCCTGTCGATGTTTCTGGAATCACTCTGCTGCCATGTCCTCTGCAACGACAGCGGGACAGCCAAAGTCCATCGCTCTGGCTCGATCAGCTCGACTGGACGGCCCTTGATCCGGTGAAACCGAGAGTGGTTGTGGCCCATGGCTCGGTTCAGGGTTTTGGTGGTGAGGGCCAGGTCAACCAGCTTTGCCTCGATTCCCTGCCTCGTGATCAAGTCGATTACATCGCCCTCGGTGACTGGCATGCGCTGATGGAGGTTGATTGCAGAACCTGGTACAGCGGCACACCTGAACCCGATCGCTTCCCAACCGGACCCGATGACCTGAGGTCTCAGGTTCTGGTGATTGATGTGGAGAGAGCCCAGCCTCCAAGGGTCATGGTGAAACCCACTGGTCGCCTCCGTTGGCACCGGATCACCCTCACGCTCAACGGCGATGCCGATCTGCTGCGTCTGGAACAACAGCTTGATCAGTGTGTCGGCAGCCGTGTCGGTCGGGACCTCATTCGGCTTGAGCTCAACGGACAACTCGGCCTTCAGGGCCATCTCCAGCTTGAGGAACGTTTGGAGCTCCTCGCACAACAGCTTCTTCACCTGCGCTTGCGCGGCAAGCTGCACCGCCAACCAACAGCACAGGAGAGGGATGCGCTGTTGCTGCGTATGGACAGTCCTCTGGTCAGCACGATCGCTGCAGATCTTCAGGACGAGCTGCTGAGCAATGCTGATCCCCTGGTTGAGCAGGCTCTGATCGAGTTGCACCGTCTTTGCGCTTCTGATCGATGCGCCTGATTCGTTGCCGACTGGAAAGCATGCGCCGGCATCGAGCTCTCGAGGTGTCCTTCGCCCCTGGTCTGACCTTGATTGGTGGTGCCAATGAATCCGGTAAGAGCTCGCTTGTGGAGGCGATGCATCGGACATTGTTTCTGCGTGCCTCCGCCACCGGTGCCGCAGTTCGTGATCTGCGCTCCGCCACCCATGCGGGACACCCCCAGGTGGAGATCGACTTCGACGCGGCTGGCCATCGTTGGTCACTGTTGAAATGCTTCAGCGGCGCAGGCGGGACCTGCCGCCTCAGCCGAGCCGGTCAGCAGGTGCTGCTCGGTGGCGATGCCGAAGATCAACTCGCCGCTCTTCTTGGTGTTGAGGAGATCATCGGCAGCCGCCAGGTGAACCGGGTTCTACCCACCCGCTGGGCTCACCTCTGGGTGATGCAAGGCCTGGCCGGTCGCAATCTGCTGGATCTCAGCGCCGAGCATTACGACCTCAAGGGATTGATCACTGCTCTTGAGGGACAGGCTGAGCAATCACTTCAGTCCCCGATCGATCAGCAGGTCTTCAACCAGCTTGAACAACTGGTGGCTTCCAGCCTCACCAGTCGTGGTGTGAAACAGAACAGTGAACTCTGGAAACGACGCCAGGAAGTTCAGCAGGCTTCAGATCGACAGTCCGAGGCACAGGAGCGACTGCTCAGTTACGAGACAGCCTGCAGCGAACTGGATGCCAACGAGCAGGCTCTTGATCAGCTTGATTCTCAAGCACCGAATCTGCAGAGGAAGCGCCGGCAGCTTCTGGCACTCAAGGATCTGCAACAACAGCTTGCTCCACTGAGTCTTCAGCGGACTCAGTGGCAACAGCAATTCAGTGCTTTGAGTCGTCTGGTTCAGGAGATGACGGCTGCTGAAACGGCGATGAAGTCGCTTCGACAGCAGCTCAAGGTCATGAACGAGTCTGCGCAGACCATATCCAGCGCTCTCCTTGATCAACGACAGGCATGCCAACAGCTCGATTGCAAACGTCAGGCGCTTGAGGAGCGTGGCCACGCCCTTAGGCGTCGTCAGGATCAGGAACGGCTTGAACAACGCATCCAGAACCTGCGTCTGCAAAAGGAACAACGCGTCAAATTCGAACATCAACAGTCTCTGCTCAGACAACAGCTGACGGCATTGCCGGGTCGCGATCCCGCCGATCTGTCCTCCCTGAAGGCTCAGCAGTCACAGCTTCGTGAGCTGGACATCCGTCTGCAGAGCATGGCGTCAAAGGTCGAACTGCAATGCTCCGATAGGACTGTCCGCGTGGATGGAGAACCACTAGGACCAGGAGACGTTGTGCAAAAAACGGGTGCATTTCGTCTGCAGGTCGGTGAAGGGGTCAGCCTGCTTGTCAGCCCCGGAGAGGGAACAGGTCTTCCATCACTGCAGGCTGAAAGGACCCGATCTCAGGCTCTGTTGGAGCAGAACCTCAAGCTCTGGGGTGTCGACAGCATTGAAGCTGCAGAGGCTCAGTTGCAGATGCGCGCGGAGCTTCAACAGCAGCTTGCTGTTCTTGATGCACGTCTTCGCCAGCTCATGGAACAGCAGCAGAGCAACCTGAAGGGGGATCAGGATCTCGATCACCTCGAGCAGCAGCTCGCTGAACTGCGACACCATCAGCTTGATCCTGAGATTGCCGCTGAAGATGACTTGACTCGGGCGTTGAACGATTGCCGTATCGCCTATCAAACGGTTCAGGAAAGGATCCGCTCACGGCGTGCTGACTATGAGCGCGCTGAACGTGACCAGAAGGGTGCTGTCGGGAAGCTTCAGGATCTGCAGATTCGGCTTGAGCGCCATGAGGCCCAGCATGTCCAGCAGCATCAACAACGACAAGAGATCGAGTCGCGGCACGGCTCAGCGAACTCAATCAACGTTGAACTCAAGAAGGTGACTCGTCAGTGTGAGCTGTTGCAGAACCAACTGCTGGCACTCAGACACGACTGTGGCATCGCGTCCGGCGCCGACGTGGAGGCATCACTGGCTGAGCTGGATGATCAGGAGCTGAGGCTCAATCGTCTGCGCACGGAACTGAACCGTGAACGAGGCTCCCTTCTCGAGCGCTGCGAGAGTCTTGGAAGTCGTGAACTTCACGCAGAGCTTGAGGAAGCCTGCACACGTCTAGCTCTGGCTCAGCAGGCAGAGGCACAGGAAACTCTTGTGGTTGACTCACGGGTGCTGCTTCTCAGGCGGTTCCAGCAAGCGCGTGCCGATCTTTCACGTCGCTACTCATCACCATTGCGGGCAAGCATCAACCGTTTCATCGCTCCTTTTCTGCAGCAGCCCGGAGACAGCTCCGAGCTTTGCCTGGATGCCAGCGATGGCCTGAAGGATCTGCGGCTTCAACGTTCAGGTCAAAGCCTCGAGTTTTCTCAGCTCAGTGGAGGACTCAAGGAACAGTTGAATGCCGCTGTCCGGCTTGCGATCGCCGAGGCTTTGCGTCATGGGCATGACGGCTGCCTTCCACTGCTGTTTGATGACGCCTTCACGAACAGCGACCCTTCACGACTTGAAGCGGTTGGCAGCATGCTCAGGCTGGCTGTTGACCAGGGTCTGCAGGTGGTGATTCTGAGTTGTGACCCGGATCCCTACCGAGCCATCGCCGATTCGGTGATCGATCTCTAGGGGCATTGATGTGCAGACGACGGTTCGCCTGACTCAGAGTGCGTTTTCGATCACATTCATGGCTTTGAGGTAGGCCGGCGGTTCATCGGCTGTCTCCGGTTCTTCAATGCCGTTGTCGTCGCGGATCAAACGGCGGGCGTTATCAGCAATGACGGCGTTCACGAGCAGATCCATCGCTTCAGGCTGCTCGAGATTCTGGAGCGCATCGGC
NZ_CP138962.1_gap5	265611	269479	3868	GTCTAGACCAGTTTGTCTTGAATTAATGATCTCACAAACACTTCAGGATGTTGTGTAATTCGCACTTGAATTGTACAAGCAAATACTTTATTCAGCAAATGTGGGAGATGACGCTTTCAAGACATAAACATTAAGGGTGAAATCCAAAAAATATTTGCCGCGGTTAAAGAGTTGGATATAGGATAAACTTTTTACTTGGTTAGACTGTGTCGATATATGCATTTCTGAAGATAGCTGGAGTGATCTAATTGTCACAAGATGAAGGTTGAGAGTCCATTAATAGCCACCTGACTGTTTGGCATTCTGAAGACAGTCTTGTTGCGCGACTTGCGCAAAGAGACTCTCAGAAATTGGAATTAAAGCCTCATTGGCCATGACGATCAAGGTATTGGCTAACTATTTTCGGTGAACCTTAAACCTTTCCGTTGGCGTGAGCTTCCACACGGCGTTTTCTGGGATCTCAGGGCCAACTTGCAGATCCGCGGCCCAGGCGAATGACATGAGTTGTCAGTGCTTGTGGTTACCGGTGACGTCCCAAAGCTGAAAGCCAAGCTGCTGGCTAGAGAGGAGCAAAGGACACTCAAACAACAACAACAATGATCCGCACCACATTCACCGCAGCAGCACTTGCACTTTGCGGTGTGATTTCACCAGTAGTAGCTGGAGAGAGACTATTAATACCTTGTCAATACAATGGTGGTAAGTGGACCCAGGTCCATTACATCGACAACCTGGGTAGAAACAATACATTCACTCTCGAATGGGACGACGGTCCCCGCATGACGTACAGATGGCAAAATCCAGATGCACAAGATGGACACTTTAATGTCAAAGATACGCTTGGCGGAAGGTGGGATTACACCAATCATGGCCCCGGCGGTTTCACCCTTGATAATCGTGATAACGGGAACACCATCAAATGCCTCGGAACGAGGCAATGATCCGCACCACACTTATCTCTGCAGCCCTAACCCTCGGAGCCATGGCCGTAAAGGCTGAGGTCATCAATCGGCGCATTCGCTGCCAATACAACGGGGGCAAGTGGACCGAGGTCCATTACACCAATCAAAGTGACGGTGATTTCACTCTGATATGGGATGACAGCCCACGAATGTCATACATCTGGGATAAGCCTGGGCATGGAACTTATTCATTCATGGTCACTGACAAGTTAGGTGGAAGGTGGGAGGTGGATTATGCCGGAGACCACAGCAAACCTGGAGAAAGTAATATTGGCTTTGTCCTTGCACACTCTGACAACAATAATGTAATCAAGTGCCTAGGTATAAGTAGGAACGCAATGTTCACGCGACCCTAATTTGGGGAAGAAAGAAAGAACTGATCTAAAAGCGACCGCGCTCCCACAAGTAACTAATGATCAACTCTTTAGATAATCAACGGCGCGCCGAGGCCGAGTTCACCAAGATCAGCAAGCAGTCCAAGGGTGCCAGCCGATGACTGATCAATCTGAAAAGCCAACCCGCAGCGGCTAGGGCTGGGAAGTTGATGTGATGCGGAGACTGCTCGCTGAGCAGGAGAAACGCAAACCCGAAAAGGGCCAGCGGCGGCCCCTTCGGTTGTCGTCGTAATTGGCGTTACGGAGCTTGGGGAGCCTCGATAGGTATCAGCGACTCAATGGGAACTTGCTTGATTTCGTCTTTGGCTGCATCTGCAGTGATGAAGCCGCCAACGAATCACTGCACACCCAGGCTGAAAACAAGGCGGCACGGCAACAAAGCAGGCAGCTCATTGATGGCGGCGCTGATGCTGTCGACTGGATAGAGCTTTACGAGCAGAAGTGATTTTCCCCGATCGGTCGGGGTCAAATGTCGATCAAGTCAGAGCAATCGAGACCACAACAGGACTGGTGAGACAACCAACATCACGGCGCGGCTCTTTGTGAGGGGAAGCTGCGTGACGACGAGCCCGGTGACACCGCCACCACCGCCGGGCAGATCGTCATGTCAGCCACGTGTGTGAACAGGATCAAAAGTCGAGTGGATGTCCGCAAGCAACACCAAGAGGGCAATCAGGTCAACGACAACACCAAACGACGCTGCCGCAATGATCAACATCAGGATGTGATCGCTCCCTGAGAACTAGCGATCACGTGACGACGAATCCGGCATTGGAAGACCGCCGGGTAAGTCGTCATGCCTGCCACCCGGTTCAGTCAAATTATTGATGGTGGCCCTGTTGGAACCGGGGAGCCGCACTCCGGGTGGCCACACCTGCAGAACGTGAGCGCAGTGATACCGCCGTGCGGTAAGTTTCAGCCTTCAGCTGGCGGCTGTAGAGCTTCGAACTGATCGCCATCAGCATCAGGAAAACACCGCTGATGGACAGAATTACAAAGCTGTCGATGGTCTTTTTCCGCTACAGAGCAAAATACTCTCTCAGAGTTTTAATCCGAGCTGTCCATCAACTTGGACAGTCATCCAATTACTGAGCGGAGCGAGCTGCTTTGAGGAGGCTGAGCGTGAAGCAAGCAGCTCCGAAACTGAGGATCAGAACTAGGAGATCAGAGGTGCCGAACATGAGCTTTCTGCTGATGAACAAATGTTAAGCGGTTCATTGCGGAATGTAAGGCGAATATGCGTAACGGCTTTTGTTGAATGTGCTCTCCGGGTCTAGCTGGACAGTGAATTCGCTCGTGTGGGGGATGCGCCTTCACCAGCCTTTCGGCGACTGTGCCAACAGGAGCAATCAGTCAATGGAAGGTTTCGGGCGTGTTGTTATCGGTTCTGCTGTTGGCGGTCTTCTGGGTGCGGCGGCGTTTTTCACAACTGAAGCGGTTTTGCCGAAACTAGCCGAAGCGGCACCTGCCCACACCGCTGCCAAAACCCTCAAGCATGAGCGGAAGCTCAGTGATAGCCAAACCATCTTGGAGGCGAACCGCCACCTGATCGCCAATGGCTGGCGTCCTGCGCCGCAAAAAACGCCAACGCCGGAGGAGCGGCGCTTGGCCTCTGTACCGCTCGAAAGCCTATCGACCTGTTCCGCCACGGGTGCTGGCTTCTGCCGCTTTGATTACCGGCGAGATCTGCAGCGGCTGTCGGTGGTGACGGTGCCCAGTGAGCCGGGCCGTCCGTCCGTTGGTCGCGTTATCCGTTGGTGGTGATCAGCGATGTCGAGATGAACACCACCTCGGTGGGCAACGCTTCCAGCCCCCTGATTTCTGCATCGTTTCCCATGCCTCAATTGCGTTGTGCCTGAGCATCCTTCTGATGACTCGCTCACCACCACCCCGCAGCGGTCTGGTCTCGACGACAACCCACTGAGCGTGCTGCGTCGGCATGTCGTTTTTGAAGCGGCAGACCTTGCCTTCCTGGTCGTTCATCAACCAGCCGAAACCATTCTGCGGTGGATGGCGGTCAACAAGTGGTCGGTCCTTGTTTGGCATCCCGACAGGATGGCCTGCTTAGAAAATTCCAAGAGTCTTTTTCTTGCAGTAACCAGCGCCGATATTCATCCATCCCGACTTGCAAGCTTTGCCATATGTGGGTGCCACCTCGTAATAGATAGGCGAAACACAAGTGGTACCGAGTGTGTTGACGTAACCAAGGGGACATTGCTCATGACCAGGAGCTTTGGGAATTTCCTTCTGAGCTGTTGCTGCTGGTGGTACTGATGCAATGGCTAGAGGCAGCAAGGTAAAAAGTGCCTTCTTCATGGACGGGCGATTTCTTGTTTTCGCTTTAGCCAGCTCAATCAGTTGGGGCAAGGCGGTCAATCAGCGCTTTCCGCACAGCATCTTGACTGAACTGACTACCAGCTTTGCTTTGCGCCGATGACAACGCTTGGCATCCCGACCCCATGGCGAAATGCTCCGAGACACGGCAGCTGATTTGACAGTCCTCAGCAGACT
NZ_CP138962.1_gap6	396402	399480	3078	GCCATCGGTCCGCTTGTTGCGGAAACCCAGGACGAGGATGAGGTCTACGACCTGCAGTTCGGCCGTTACTTCGGCAGAGGGTCGGTCACACGTGAAATTCCTCTTGAGGAACTCGAAACCTGGAAGGAATGACCAAGCAGCAACTTGATTGCAGCGCTGCAGCCGCAAACGCCGGCCTGACGCCCCTGAGACTTGAGGAGCTCAGTCAGATCGCCAGAAAGGCGGCTGATCTTGGTGGCTCAGTGCTGATGCAGCATTACGGGCGACTCGTCTCAATTCAGCAGAAAGCCAGGGCTGGAGATCTGGTAACTGATGCCGATCTTGCCGCGGAAAAGGCCGTGCTCAGCGCTCTCGGTGAATCCACACCTGAAATTTCAGTTCTCGCTGAAGAATCCGGTGCACGGGGAGACGTCTCAGAGCTCAGCTGGTGCGTTGATCCTCTCGACGGCACGACGAATTTTGCCCACGGCTACCCCTTTTTCGCCACATCGATCGGGTTGCTTTGGAGGGGTCTTCCAATCCTGGGAGCCATTGCTGTGCCTTTCCTCCAGGAAGTGTTCTGGTGCTGTCCCGATGTGGGAGCATTCCTCAACGACCAAAGCATCCAGGTCAGCAACTGCTCATCGCTGCAAGACAGTCTCCTGGTCACAGGATTCGCCTATGACCGAAGGGAACGTCTCGACAACAACTATGCGGAGTTCTGCAAACTGACACACAAAACACGGGGCGTTCGTCGCGGTGGTGCGGCTGCTGTTGATCTGGCCTATGTAGCGGCAGGACGACTCGACGGCTACTGGGAACGAGGCCTCTCTCCCTGGGACCTGACAGCTGGAGCGGCACTGGTGGTGATCGCAGGAGGTGAAGTCAGCGATTACGGAGCCGAGAGTTACAACGTTTCATCCGGCCGGATTCTTGCGACGGGCCCTGGACTTCACTCCGCACTTCGCCAGGAACTGCTGGATACCGAGCCCCTGGCGGAACAGCTCTACGCAAGCTGAAACCCCAGCCATGGGATCCTGATCGAAGCAGCGACAGGTGCGATGGCCCTGCAACCCGCCTCAGGCGTGAGAGATCTAAATCCTCAGCAGGTTCAACGCAACCAGGAACTCAGGGAAACCTTGGCTGAAGTGTTTCGTCTCTGGGGATACGAGGAAGTCACTCCCCCCAGAATCGAACGGATGGACACGCTCAAGGCAGGTGGAGCCATCGATAGTCGTGACATTGTTCGACTTGTTTCCGATGAACCGCTGGGATTGAGACCGGAACTGACTGCCTCCATCGCCAGGGCAGCCTGCACCAGATTGCTGGAACGTCAGCGACCGCTGAGACTCTGGAGCTGCGGAACCGTCTTTGAATCGAGATCCGCTGATGAAGGAGGCCAGTGCATTGAGGAGAACCTTCATTGCGGTGTGGAACTTTTCGGTGGGCTGGGTGTCGAATCGGAACTTGAATTGTTCAGTCTTTTAATGGCATCACTGAAAGGCCTGAATCTGAACAGGTCCAGCCAGCCCAGGCTGTTGATTGGACACACCAGCTTGATGGACCTGTTGCTGGAACCCTTTGAACAGAAGCAGAAACACAGGATACGAACCTGCCTGAGTCAGTACGATCGGCTGGGTCTGCAGGCGCTCGGGTTAGCACCCGAAGCGGAGCAGAATCTGGGCCGATGGCTCGACCGACGCGGAAACCCGCAGGAGATCCTGGCGGCACTCAGTGCGCAGTTTCCGAATCAGGAGGTTCTAAACCAGCTGCAGAGACTGTTCAACCATCTGAACCCATTGGCGGAGAAATCCGAACTGACACTTCAGCTCGACCCCACTTTTCAGCCTCATTACGAGCTGTACGACGGCATCGTTCTTCAACTGGTTTGCCAGGGAGCGTCGGCGCCTGTCGTGATCGCCCGTGGCGGAAGATACGACTCACTTGTCAGGAAACTTGGCGGCGAGGGAGCGGAAGCAACAGGGCTGGGTTTCAGCTACTGCGTTGATGACATCAGGGATCTTCCGGGAGATCAGATCACCACGACGCAGGAAGAGACAGCAGCATTGATCTGTTTCGGGCCAACAGAAACCCTCGAGTCGGCATTGGAGCGCCAGATGGAACTCCACCAGCAGGGCAGAATCAGCGTGCTGGATCAGCGTGCCTGTGGAGATAAGCTCGAAGCGCTCGATCGCCTCAAACAATCGGGCTGCGACAGGCTGGAATGGATTGATACCTAAAGTCTTTCGGAACTGAACAGATGAATGGCTCATACAATCGTGACCGACGCTTGCGAAGGCGCAGCCGATTGCGTTGACGCCTGCCCTGTGGCCTGCATCACACCTGGAAGCGGTAGAAACACAAAGGGAACTGAGTATTTCTGGATTGATTTTGAAACCTGCATCAACTGCAGTGTCTGCCTGCAGATCTGTCCAATAGAAGGGGCAATTCTGCCGGAAGAGCGATCGGACCTCCAACGGCCATCTTCGAAGTGACGTACGGGAAACTCACCAAGGGATCTCTTGATCTGCAGCACCCACCCTGATTAATTTTCAGAGAGCTCACGCTTGCTGATGTCGGTGCTTGAACAGGGTCAAATTCAGATCCATACCGAAAATATCTTCCCAATCATCAAAAAGGCCGTTTATTCAGGCCACGAAGTTTTTCTGAGGGAACTGGTCAGCAACAGTACTGATGCCATCAGCAAGCGTCGCATGGCTGCGATGGCTGGTGACTGCTCAGAAGGTGATGAAGGTCTGATCAATATCACTGTTGACAGAGAATCGAAGACAATCAAAATCAGCGATAATGGAATCGGCATGACGGCCGAAGAGGTGAAAAAATACATCAACCAGGTGGCATTCTCCAGTGCTGAAGACTTTTTGGAAAAATATAAACAGGAGTCTGACGCAATCATTGGCCACTTCGGGCTTGGTTTTTACTCCAGCTTCATGGTCGCCAAAGAGGTGGAGCTGATTACGCGTTCTGCTCGACCCGACAGTGAAGCAGTGCGTTGGGTTTGCGATGGATCCCCTTCATTCAAACTGGAGAGTCACGAACGATCAGAAGCCGGTACAGACGTCATCCTTCACCTAATGG
NZ_CP138962.1_gap7	522494	524402	1908	GTGTGCTGCTGACCGCTGGGCTCGGCCTGGCTGCGCAGGCGCGCCCAGCGGTCAGCGTGCCTATTGAATGCAGGCAACAGCATCAGGAGTGGCAGAACTGTCGATACGAAAGCGATCAACCGGGCTCCAGCTGGCAGCTGGCATTCGAAGACCATGTCGTCCGCTTCAACCATGACGGCAGCGGCCACATGAAGATGCAGCTAAATGACAATGGCGACTGGACAGGCGTTCAGGCCCGTTGGATCGCGGAACGAACGCTCTGCTGGAACGACGTTTGTGCCCGAGGAGAGATCCCTCTGGATTGATCAGCGCTCAAGCGATGCATTAACAGCACACTCAAAGGGGACTGCCGCCGATGGGAGCGTGAGCAGATGCGCGCAGAGGCTGGCCAGATCCTCGGGCTGGGTCATCTGCTCAGGAGGCATCGTCTTGACCCCTGCAGCCATCCGAGTATTCACCCAACCGGGACAGACGGCGGTCACGCGAATGCCGTTCTCCCACCCCTCGTTGCGCATGGTCTGACAAAGGCCCATCAATGCGAATTTGGAAGCGGTATATCCAGCAAGCGAACCTTTGGACCTCTTGCCGCTCATCGAGACCAGCACCTGAATCCGACCCCGTCCAGAGTCAACGAGGGCTGGCCAGGCAGCTCGGGTCAACCACCAGGGACCCATCACGTTCACCTTCCAGAGTTCATCCGGTTCAGACCGTTGCTCATCACTAAACAGCAGGGGCGTGCGATGCAGGATTCCGGCGCAGTGGATGAGCGTGTCCAGCGATCCAAACCGGTTCAGGGTTGCCTCGACAACCCGTTGAGCATTCTCAGGAACGCGAGCGTCATAGGGGCATGACATGAGGCGGGCTGGAGCTTGCGCTGGATCCAGATCAGTTCCCAGCAAGGCCTCGGGATCCCGCACTGCCAGGCAGAGCTGATGCCCCTGATCGATCAGCCTGCGAGCCACCGCAGCTCCAATCCCCCGGTTGGAACCTGTGATCACAACGGTTCTCATCGTTCATGGGAGGTCAGGATTGGAGCATGGTCCCATCGACGGGACAGCCTTTGCAGTAGTGGAGCCACCTCGCCGTGACCGATTGGAAAGCCGCTTTCAAAGGCTGGGGGCTGAGCTGGGGCGGCTGGTTCAGTAACCGGCGCGGTGAGTGGTGGTTGCTGGCGCAGCTGGCCCTGATCACCTGTCATCTGATCCCTGCATGGCCAAAGCCAGGATTCTTCGGGATCGCCTGGCCTCATACTGCTCAAGTTGTGGGCCTGATCACCCTGGCCATCGGACTGATTCTCGCTGTCCAGGGATTTCTGAAACTGGGGCCGAGCCTGTCTCCGCTACCGGATCCGAAACCGGGAGCTGATCTGGTCACCAGCGGGGTCTACGCACACTGCCGCCATCCGCTCTATCGGGCGGTTCTGGTTTGTTCTCTGGGAGTGGTGATCGCTTTGGCGAGCCTGTTCCATCTTCTGCTGTTTCTCGCTCTGGTCTCTGTGCTGACAGGCAAGGCCCGACGCGAGGAGCGCGCACTGCTTCGAATGCTTCCCTCCTATGCGGACTACATGAAAACGACGGCGGCCATCGTCGCCCATTGCCCGGGGTTGGACTGGCGCCGACTCGAGGCCAGCTGAACAACCGTTTATTCATTCATCAGGCAATAATCATCCCCTCTAGGAAAGGCACGTTTTTCTGCCAACGGGATGCAAATCGCCAGAACTCGTCCTCTGTTCAGCAGCCTGCTCTCAGGTCTGACCCTGGCCACGGTTTTGGCAGGCGCTTGGGTGATGCCTGAGGCAAAGGCCGATGTCAAACCGTTCAAACGCCAGTCCTTGATGGCATTGCTTGAACCTGCAGCGCCAAAGCCAGATCCCGTCCCCACCCTCGTTCTGAAACGCACCGATCGACG
NZ_CP138962.1_gap8	549411	550351	940	AATCAGGATGACCGCTGCCAGACCGAGGAATGCCTCAAGAAGCTGACCAAGGCCTCGGATCAGGTCTGCGATGGCTTCACTGACCACCACCATCGCATCAATCCTCTGAGGCAACCAGCTCAGAAACGCCAGAAGACCTGAGCCAAGCGCGAGCAACAGAAGACCTTCAACCATCTGGCGGCCGACTGAAACTGACCGAGCCCGAGTCCGTTTGCTGAACACTCTTCGGGGCTTGGACACGGCACTGAGAGATTTCAGATTGGGCGCATTCATGACATGAGACCCCGGCTGAACGATGTGACAAGCCCAGGATTGACACTGCTGATCGAAATCGAGCGGGATCCTGGTGGCAGGGACTCAACCGTCCAAACAAAAATGGGCTTGATGTTGAACTGAATCATTGCCATTTGACGACTGGAACAATCCAGGCATTCTGAGCTGACTCGCTCAGAGGTCAACGATCTTGCTCGGATTGCGAGGAACCGTTGAGAGGAGTTTCCGGTTTGACTTCGTTGGCCGGCTCAGGCTGGGGGGGTTGCAGTTGAGGCAAGGGCAGCAGAAGCCCGAGAATGGCCAGAGCAGCGACGCTGGCACCCCCGAGCAGTGGAGTTGTCAGCCTCTGCGTCAAGGGAATCCGCTCGACTAGATCCCGACGAGGAAGTGGCTCGTGCTCAATGGATGGCCAGGCGAGACAGACACGGGCGTCATCACGCAAGGCATCGAGACAGCGGACGAGATCGGCCAGTTGGGCATCATCGAGGTGGATCGAGAGTGGAGGAATATCCGCTTGACCACTGGTGAGGTCAAGACGATGCTGAGATCCATCGGGGACGAGCCGCACTGGATCATTCAGGGCTCCAATGGAGCGAACCACCCCTGAAAGCCGTAAACGCACGTAGGGAATTACAACCTGCATCAACGACTCGAGATGTTCGCGTTT
NZ_CP138962.1_gap9	551400	554218	2818	CGCAGACATCCATGACGCACCGGGAACTCCTTCAAGCATTTGATCAACTGAGACAACGCGCAATGAAATAAGAGCAAACGGCATATCGATGGGAGAGCAGGGTTCTGGCAACAATGAGCAAAAACAGGGCCTAGTCCTTTAACAACCTCACATTTAACGTTTAACCCTATTGTGTAGGCGATCAGAACTTCAGCATCCCGCCAAATCAACAAAGTTACAGAGCACGTGGAAGTTGAATCATCCCTTCGGAATAATAAGTAAGAACATATAAATTGAAAGTCGGTCAAACGAACGCCCTATCAAAGCTTCAATCCTATTTTGACGCGATTGAGAGGCAAAAAAAATCCCAGAAGAGATTGATCAACAGCAGGTTGATCTCCAGTGACCACGTTGAGATATGGTGGCATCGTTATTGCACAAAGCTGTTTAACGAGTGAACAATTCAAAGCGCTCCACAGACATCTTCAGTGCTTTCAAGCACTTGCTTGGTTTTAAACAAACAACAAGCCAACAAATGCTTAGTCATGAGTTAGTTGGAATAGATTATTTGTGCGTAATCCTGGTGTGCATAGGGGCTGGATACTTTGCTGCCCTGCAAGGATTTGACTCACTTCCTGTCAATGCAGATTCATTCGCTCCATTCGAAGAAGCAAAGAGCCTGATCAGCAACCCCGAAACGCATCTATTCAATATTCACTTTTCAAGAATACCAAGCATCTTTCCAGACATAACAATCAATGCATTAGTACAACTCATATTCCCGAAGGCGGGATTTCTGGAGATATTCAGCATTTATTCCTGGGTAACGTCATCACTCTTTCTACTGCTGGCGACACTTTTAATTCAACAAATTCAATCAGTCACTCAATCCTTAACTGCTATTTCGATCAGAGTTAGCTTGGTCACAGTCAGCCTGCTGAACATAAGCCATCAATTCAACATAATTTATGCCCACGTCATCACTCCTGTACATCATGGCGGCAACATACTAAACACCTTACTTCTGCTGACTCTTGCCTTACAGCTGCTCAAGCGAACAGAAGCGAGAAACATAAGGCTTGCGCTCTTGATCTTGACAACGCTGGCTGTGCTGTCCAACAAAATCGCAATTTTCACCGCAGTGTTTCCAATAGGATTTTTAATTGTCTGTTATCTACGAGGCAATGAACGGAGAAATTCGCTCATTCAACTGGCCCTGTCAACGGCAGCAGGCCTAGTGCTTGGAAGCTTGTTAAATGAACAATGCGCCAATCCAAAAATAAATTTATTTGGCACAGGTTCCGCCTTTATTCACTATTTTCAACTCAGCTGGGTCACATCAGTGAGTGCGGTATTTTCGATTTTTTCCCTTTGGTTTATTTATAGATCAAAAAGTACATTGTCGCAATCAACCAGCGCAGGATTGACGGCAATATCATTAAGCAGTCTCTCTTATTTTTTATACCTGCCGGTCATAACAAGCAGTGGAGACGCTCCCATTCGCTACATTTGCATCGCATATGCGTTGATTGTAGTATTTTTTGGATATTACATCAACACTATGAGGAATTACCAGTATCCCATAGTGTTAATTACGCTCGTTACTGTTACTGTACTTTCCTTTAAATCGCCGGTAGGCCCCTACCTTAATTTAAAAGAACATCAATCGCTGAAGCAAGCGCTCCTAGAAAGGAGCGAGAGAATTGAACCGTTCAAGAATGATGCTGCACGTTTCATTCACAAAATGGGATATGACAACTATCTTGGCCTGGGTGATTACTGGACAGCGGGCGCGGCACTGGTCACTAATTCAAAGCTTCAGATTGTTCCCATTCTTAAATCAGGCAATCCAGATTTCTGGGGAGCCACACCACAAGACATCAAACAACAGATTGAACCTCTCGAAAAAAGCAAAGCTTATGTAGTAGTAGAATATTTGCAGAGTCGGGTCAATCAAAAATTCCAAAAAAAGATCCAAAGCAAATACGGGGAACCAGATATCATATGGAATTACGATGATGAAAACAGAACATTTACGAGAGACGAAATCGATACCAACAACAAGATACTTGTTTATGATAATCCTGAAATCTACAAGAGAATCTCCAGAAAATCAAAAAAATTCAAGAGAGAATGCAATAAAGCGAGTCCGAACTATAGGGTTCGCTGAGAGCCTCTAAATGCTTGAAACAAAAAAGTCCTTTTAGCTGAAGCCATTGCTTGTCATAGATTGTTGTTGTCACATCCTTTTAAGGGATCTAAAGCTCAGACCATAGAAAAGCAGAGAGGGAATCAACCTAGCTATCAATATTGTTAATCATGTTCAATTAAGAATTGGCTGCACCGCAAAAAAGCTGAAATTCACTCGTCAAACATGACTTTTATATCAACTTTTTCATGTGAGCGTTTTTCAATGGTGACAAACAGAGCAAAGTCAAAATTGCAATACCTCTTCAGCAGGAACAGTATAAAATACAAGATATGATTCTCATTTTTTAAAGAGTGGAGAGCTCGAAGCAATTGGCGAACAGTTTCAAAGCCATTGGAAGTCTTATAGGAATCAGCAAAGCATCCAGCCAAACGATACGAACAAAACAATTAGTAAAAGTTGATTACCTATGCCTATTTCTCGTTTGCATTAGTGCAGGTTACTTAACAACTCTACAAGGATTTGCTGCGCTACCCATTAATGCAGATTCACTCGCGCCATTCGAAGAGGCAAAAAGCCTGATCAGCAATCCAGACACTCATCTTTTCAATATTCATGTTTCACGAATTGCAAGTATTTTCCCAGATCTGACAACCACTATTCTCTTACAGCAGATTCATCCTCAAGCTG
NZ_CP138962.1_gap10	559526	564224	4698	AAGCTCAGTGAGTTCTGCATGGTTATAAAAACGTGCTGCGGCAGCCGCGGCCTGCTGGAGCAGCACCATTCCCACAGAAAAATTGGGAATCACAGCTCCGCCCACGGAGGCCTTTTCTGAAAAACTCTGCAGATCCTTGAGTTGCTCAGGAGAAAGACCTGTGGTTCCGATCACGGGATGGATGCCGTAGGCGATGGCGGCTCGGGTGTTCGCGTAGACCACCGATGGATGGGTGAAATCCACCATCACCGCACCTTTTTGGGGGCCAGCATCCCGTACTGCCTGACTTGTGGCGCAAAGACAGCCCTCAAGGTCTGCCGTAACGGCGATTTCTATGGGCCCCAGGCCAATCAGCTCGCCGATATCGGCTCCTTCCTTTCCAGGTGTGGTGTCTACAGCCCCCACCAGGTGGCAGTCCGCTGAGGAGTGAACCGCACGGATCACCTCTGCGCCCATGCGCCCCAGTGCTCCGGTGACCAACACGGGGATCGACTGATTCTCAGCAGCGCTCATGCCAGGGATGTCTCTCGTCAGAGCCTATTGGCAGATCGAGTTGTAACACCGCGAGAAAACATGCGCGTAGAACTGCTCGTCGCCGTAAAGTTCTTTACACAGCTCAATGTGCGCCGATGTTCACACAGGTCCGCTCCGCCAATCGCCGCGTGGCTCCTGTGGAGGGTCAGAACCATCAATCCGTCATGAAGGCGGTGTACGTGGTGCTTGAGCCCCAGTACCAGAACGCACTCACCCAGGCGGCCACCGCTCTGAATGCCAGCGGAGGCGAGCTCGGCATCGAACTCAGCGGCTACCTCATCGAGGAACTTCGCGACGACACCAATTACGACGACTTCAAGCAGGATGTCGCTCAGGCTGATGTGTTCATCGCCTCGCTGATCTTCATTGAAGATCTGGCTCAGAAGGTTGTGGATGCCGTCACACCGCATCGTGACCGCCTCAAAGCCGCGGTTGTGTTCCCCTCCATGCCGGAGGTGATGCGCCTGAACAAGCTCGGCAGCTTCTCGATGGCTCAGCTCGGACAGAGCAAAAGTGCCATTGCAGGGTTCATGAAGAAGCGCAAGGAAGCTGGTGGTGCAGGTTTTCAGGACGCCATGCTCAAGCTCCTGAACACCCTGCCCACGGTTCTCAAGTACCTGCCCGTTGAAAAGGCGCAGGATGCGCGCAGCTTCATGCTCAGTTTCCAGTACTGGCTGGGTGGCACGCCCGACAACCTGCGCAACTTTCTGCTGATGCTGGCGGATAAATACGTCTTCCCGGCGGCAGAGGGAGAGGAGCGTCCTGTCATGGACGTCGCCGACCCTGAGGTCTTCCCCGATCTCGGCATCTGGCATCCACTGGCACCGTCGATGTTCGAGGACCTCAAGGAGTACCTCAACTGGACGTCGAGTCGAACGGACCTTTCCGAGGATGCTCTCAAAGGCCCAGTGATCGGTCTTGTGCTGCAACGCAGCCACATCGTCACAGGAGATGACGCTCACTACGTGGCCACGATCCAGGAACTGGAGTTCCGCGGGGCTCGCGTGATTCCGATTTTCTGCGGTGGTCTCGACTTTTCCAAGCCCGTCAACGCGTTTTTCTACGACCCTCTCAATCCCGAGCAACCTCTGGTTGACGGAATCGTTTCGCTCACGGGTTTCGCCCTGGTCGGCGGCCCTGCTCGTCAGGATCATCCGAAGGCCGTCGAGTCGCTGAAGAAGCTCAACCGCCCTTACATGGTGGCTTTGCCACTGGTTTTTCAGACAACCCAGGAATGGGAAGACAGCGACCTCGGACTGCATCCCGTGCAGGTTGCACTGCAGATCGCGATCCCGGAGCTGGACGGAGCGATCGAACCGATTGTTCTCTCCGGCAGAGATGACGCCACCGGAAAGGCACACACATTGCAGGACCGTGTCGATGCCATCGCTGAACGCGCCATCCGATGGTCGTCGCTGCGCATCAAACCCCGCGACGAGAAGAAGCTGGCGATCACGGTGTTCAGCTTCCCTCCTGACAAGGGCAATGTCGGCACCGCGGCCTATCTCGATGTGTTCGGCTCGATCCATCGCGTTCTGGAGGAAATGAAAGCGAAGGGGTATGTCGTGAAGGATTTGCCTGCCACACCCCGGGCACTGCTGGAAGCGGTGATCAACGACGCCGATGCCATGCAGGGATCACCGGAGCTTTCGATCGCCCACCGGATGAGCGTGGAGGAATACGAACGTCTCACCCCTTACTCGGAACGGCTGGAAGAGAACTGGGGGAAAGCTCCCGGCAACCTCAACAGTGATGGACAGAACCTGCTGGTGTACGGCAGACACTTCGGCAATGTGTTCGTCGGAGTGCAGCCCACCTTCGGCTACGAGGGTGACCCCATGCGTCTTCTCTATTCGCGCAGCGCCAGCCCTCATCACGGATTTGCTGCTTACTACACCTATCTGGAAAAAATCTGGAAGGCCGATGCGGTGCTCCACTTCGGCACTCACGGTTCTCTGGAGTTCATGCCCGGCAAGCAGATGGGGATGAGCGAAACCTGTTATCCCGACTCCCTGATTGGATCCCTGCCGAACCTCTACTACTACGCAGCCAACAATCCATCGGAAGCCACCATCGCCAAGCGTCGTGGCTACGCCTCAACGATCAGCTATCTCACCCCGCCGGCGGAGAACGCCGGCCTTTACAAAGGTCTCAAGGAACTTGGGGAGCTTGTTGGCTCCTACCAGCAGCTGCGTGAAGGTGGCCGAGGCATTCAGATCGTCAACACCATTGTTGAAACGGCTCGTCAGTGCAATCTCGACAAGGATGTTGATCTTCCCGAGAACGATGCCGCTTCCCTCGAACTCGAAGGGCGGGACGCCCTGGTGGGTGCCGTTTACCGGCAGCTGATGGAGATCGAGAGCCGTCTGCTTCCCTGCGGACTCCACACCATTGGCAAACCTCCCACCGCCGAGGAAGCCGTTGCCACCCTCGTGAACATCGCGGCTCTGGAGCGGGATGAGGACGAACTTCGCTCACTTCCAGGCCTGTTGGCTGAATCGATCGGACGAACGATTGAAGACGTTTACAAAGGAAATGACAATGGTGTCCTCGCTGATGTGGAGCTCAACCGCACCATCACCGAAACATCGCGTGCAGCAATCTCCGCCATGGTCCGGTCCGTGACCGGCAGTGATGGACGGGTCAACCTCCGCAACAACTGGTCATGGTTCAGCGATCTTCTGAACCGCTTCGGCTTCAAGCTGCCTTCCCCATGGCTCAAGGCCTGCAAAAACAACGGGTTCAGTGGGATCGATGCAACGGAACTCGACAGGCTGTTCGGCTATCTGCGTTTCTGCCTCGAGCAGGTCTGCGCCGATATGGAGATGGAGAGTCTTCTGAAAGCACTCGATGGTGAGTACATCCTCCCGGGGCCTGGCGGCGATCCGATTCGCAACCCCGGAGTTCTCCCCAGCGGTAAGAACATCCACGCTCTCGACCCTCAGGCGATTCCCACCAGGGCTGCTGTCGCAGCGGCCAAAGGGGTGGTGGACAAGTTGATCGAGCGTCAACGCGAAGAGCAGGGAACCTGGCCCGAAACCATTGCCTGTGTCCTCTGGGGGACAGACAACATCAAAACCTATGGGGAATCTCTGGCCCAGATTCTCTGGTTTGTGGGCGTGAAGCCCATGCCTGACTCAGTTGGTCGGGTCAACAAGCTCGAGCTCATCCCTCTTGAGGAGCTGGGACGCCCCCGCGTTGATGTGGTCGTGAATTGCTCTGGAGTCTTCCGAGATCTGTTCATCAACCAGATGGCACTGATTGATCAGGCCGTGAAGATGGCAGCCGAAGCTGATGAGCCGCTTGAGCAGAATTTTGTTCGCAAACACACTCTTGAGCAGGCTGAAAAGGAGGGAAGCAGCTTGCGAGATGCGGCGTGTCGAGTGTTCTCCAATGCCAGTGGCAGTTACAGCTCCAACGTGAATCTGGCCGTGGAAAACAGCACCTGGGAAGAGGAAGGCGAGTTGCAGGAGATGTATCTCTCCAGGAAAACATTTGCTTTCAACGCTGATAATCCCGGTGAGATGAATCAGAAGCGTGATGTTTTCGAAAATGTGATGAAAACCGCTGACGTCACCTTCCAGAATCTGGATTCCGCCGAGATCTCCCTAACCGATGTGAGTCACTATTTCGACTCCGATCCCACCAAACTGATTGCCGGTTTGCGTGATGACGGAAAGGCACCCACCAGCTACATCGCTGATACCACCACAGCCAATGCTCAGGTGCGATCCCTGAATGAGACGATTCGTCTCGACTCGCGCACCAAACTGCTGAATCCGAAGTGGTACGAGGGCATGCTCGACTCTGGTTATGAAGGTGTACGAGAAGTCGCAAAGCGCCTTAATTTCACTCTTGGCTGGAGTGCCACCAGTGGTTCAGTTGACAACTTCGTCTATGAAGAAGCCAACGACACGTTCATCAACGATCCGGAAATGCGCAAGCGTCTGCTGGATCTGAATCCCAACAGTTTCCGCCGAATTGTGGGAACGCTGCTTGAGGTGCACGGTCGCGGTTACTGGGAAACTTCCGACGAAAACATCGAACAGCTTCAGGAGCTCTACCAGGAGGTTGAGGATCGGATTGAGGGTGTCACGACCGCCGAACCCTGACTTGTTTGATCAGATTTGAGGGAGCGATCAATTCACTGCGGAAGCGAACAAC
NZ_CP138962.1_gap11	566500	571279	4779	GCATTGATAGTGTGACGCGATGCTGAAAACCTCCGAGGCAGGATTCCGCAGGCTGCTGCCATTGCTGCGTCCGCATCTGCCCCAACTGAGCCTCGGGCTGGTCTGCATGCTCATTTATGTGAGCAGCTTTCTGTTGCTGCTCAACCTTGCCGGTTCCCTGTTTCCCGCACTGGGTTCGAGAGATCTCGGGAGGGTGCTCGGGTTGATCGGGCAGGGCGTGCTGATATTCGCGATCCAGAAACTGGCTCAGTTCGGTCAGGACTCACTGCTGGCAGGACCAGCTCTGCAGGTGAGCAAGACCCTGCGCAGCGATCTGTTCCGTCGTCTGCAGACTGTTGAACTGGGAGCACTGGAGAAGCTCTCAGCAGGCGATCTCACCTACCGACTGACTGAAGACGCCGATCGTGTCAGTGAAGTGCTGTACAAATCGATTCACGACACACTTCCCAGTGCGCTCCAGCTGCTGGCAGTGCTTGGGTACATGCTCTGGCTGGACTGGAAACTCACGGCTTCCATCCTGCTGCTCGCACCGTTGATCATCTGGCTGATCAGCCTGTTCGGCGCCAGGGTGATGGCGGCCACCGAACGCAGTCAGAAAAAAGTGAGCGAACTGGCCGGTTTGCTCGGAGAAGCCATCGAGGGCCTTCCGCTCGTACGGGCATTTGCAGCGGAGCCCTGGCTTCAAGGTCGATTTGAAGACGAGATTGATCAGCATCGTCAGGCCAGGCACCGCACGTACAGCCTTGTGGCGCTGCAGCATCCGGTGGTGGGCATGATCGAAGTGGTGGGCCTGTTCTCCGTGCTGGGGCTGGCCGCCTGGAGGATTCAGAACGATGGTCTGAGCATTGCCGGCCTGAGCAGCTACCTCACAGGCCTGGTGGTGTTGATCGACCCCATCGCCCATGTCACCAACAACTTCAATGAATTTCAGCAGGGACAGGCTTCGCTGCGACGACTGCGACAGATCGAACAGGAGCCTCAGGAAACTGCGGACCCTCATCCGGCCTTGCCGATTGGTCGGCCGAAGGGTCACCTGAATCTGCATCGCGTCCATTTCGCTTACGGCAATGGCGAACCAGTGCTTCGAGACATCAACCTGACCATCGAAGCCGGACAGGTGGTTGCACTGGTGGGCCCTTCAGGTGCAGGCAAAAGCACGCTGTTCTCCCTGCTGCTTCGCTTCAACTGTGCCCAGTCAGGAGAGATCGAACTGGATGGGAAAAACCTTGCACAAGTGAAAGCAAGGGATCTCAGGCAGCAGATCGCTCTCGTACCCCAGCGAACGAGCGTGTTCTCGGGAAGCATCGCGGAAGCGATCCGTTTTGGGCGGCCGGCGAGTCACGGTCAGCTGATCGAGGCGGCAGGTCTGGCCAATGCTCATGATTTCATCATGGCCCTGCCGGATGGCTATGAGACGAAACTGGAGGAACGCGGCACCAACGTCTCGGGAGGTCAGCTGCAGAGAATTGCCATTGCCAGGGCCGTTCTTGGCAACCCCGCGGTGCTGCTGCTTGATGAAGCGACAAGCGCCCTGGACGCTGAGGCTGAAGCTGCTGTGCAGCTAGGGCTGCGCCAGGCGATGCACGGCCGCACTGTGCTGGTGATCGCCCACCGACTGGCCACGGTGCAGGAAGCCGATCAGATCGTGGTGCTCGACCGTGGTCAGATCAGCGAACGAGGGAGCCACGATCAGCTGATGGCGAACAACGGTCGCTATCGAGATCTGTGCGAACGCCAGATGATTCGCGATGGACGCAGCTAAATTGCGGCCGATTCAGTTTGATGGCAATGACCGCAACACCCGGAGAAAATCCTGTGCTGACCTTCGAGGGCAAGCGCTATGACCTCAATGCACTTCCGGATGATCTGAAGGAATTGGTGCGCGGCATGCAGGTCGCTGATGCTCAGCTGCGGATGCATGAAGACACCCTGAAAGTTCTCGCCGTTGGTCGCCAGTCCATGGCCATGCAGCTGAATGACCGCCTGAAGAACGTCGCCCCGATGCCGGACCAAAGCTGACGAGCAACAGACCGGCAACAATCGACCTCAATAAAGAGCCTCCGGCCGATGGCGGAGGCTCTACATCAAGGGGGGGGCAGACCATCCGATCAGTCGGATTGTTCCGACGTGTCGGGGAAGTGATAACGACGGGTGAGTTCAAACACTGTTCCTGACAACAGAAGCAGCGCAATCAGATTGGGAATGGCCATCAGGCCGTTGAGGGTATCTGCAACACCCCACACCACACCTCGATCACCCACAAGCGAACCGATCACCACCACAGCGACCCAGACGCCCCTGAAAGGAAGGATCGCCTTCACACCGAACAGATATTCGGTGCAGCGTTCGCCGTAGAAACTCCAGCCGAGAACAGTGGTGAAAGCGAAAACGAGCAGGCCGAAGGTGACAATCCAGCCCGAACCGTCCAGCGCCTCATTGAAAGCAGCGATCGACAGCTCTGACCCGGACAATCCTCCCCCGGCACTCCCGCTGACCAGAATCACAAGTGCGGTGAGCGTGCAGATGATCATCGTGTCGATGAAAGTGCCGAGCATCGCCACCGTGCCCTGACGAACGGGATCATCAGTGCGCGCGGCCGCATGGGCAATCGGTGCGCTGCCAAGACCTGCTTCGTTGGAGAAAATACCCCGTTTGAATCCCATCAGGATGACCTGAGTCAGCGTGCCCGTGGCGGCTGCCTGTCCGGTGAATGCATTGCTGAAAATGCTTGAGAGGGCATCGCCGATGCTGCCGATGTTGGCGATGAGAATGATCAGGCAGGCGAGCACGTAGGCGATCGCCATGAAAGGCACGATCGCTGAGGCGGCCTTTGAAATCCGGCGCACACCTCCGATGATCACGGCAAAGACCAACACCCCAAGAACGAGGGCAGTCAGTTCTCGAGGTACTCCAAGACCGAGAAGAGCACTGGAGACTTCGAAGCATTGAACGCCGTTGCCGATGCCGAAGCCGGCCAGCATTCCGAACAGAGCGAATACACCTCCGAGCCAGACCCAGCGAGGTCCAAGGCCCTTGCTGATGTAATACATCGGGCCACCGACGTGGTTCCCCAGTTCGTCAACCTCGCGGTAGTGGACCGCCAGAACGGCTTCGGCGTATTTGGTTGCGATACCAAAGAAAGCAATCAGCCACATCCAGAACACCGCACCTGGGCCACCGATCGCAATCGCTCCTGCCACACCGGCGATATTCCCTGTGCCGACGGTGGCCGCCAGCGATGTCATCAGTGCCTGGAAGGAGCTGATGTCGCCCTCAGCTCGCGGGTCTGACGGGGCCAGCATCATGCGCACCCCGTAGGAGAGACGCAGGATCGGCATGAATTTCAGTCCGACCATCAGCAAGATGCCGGTGACCGAAATCAGACCCACGGTCGGCCATCCCCAGGCAAAGGCACTGATCGGGCCGTTGATCGCGGTTACGACGCTGTCGAAGCTGTCAGTGTTGCCGGCTGAAACAGACATCAAAGTGCGACCAGATCGTTGAACTCAAACACCTGAAGCGTGTCATGTCCGTCGGAATCCTTGGAGCTGATCGCTCGGCGCTCAAGCACCCAGCTGCCGTTTTCCCCAATGGGCACAAAAGTGTCCTCGAACTTGCTGGAGGGCCCCTTGGACTCGCCGCTGGCAGGATCCGAATATTGGCTGGAGTAATGACGACTGAGGTATCCGGATCCGGTATCCGTGGTGCTGCCGGTGTGGATCGTGACCACAGTTCCGTGAATATGTCGGTGAACCATGGTCACCACATCATTTTTGATGCGGTAACGATCACCTTCACCCTTTCCTCCAATCAGGACTTCCAGCCCCTCGTCCGTGATGTCACCGGCGGTGAAGGTGTTAGCACCATGGACCTGGTCGAAGGAACGACGGACACGGTGAATCGCGACTTCCCAGAGCTGGGAAGCGATCGCCTTCTCCACCTCGGCATCCTCGATCCCTTCAACCTTGGCCTTCAGATCAGCGCCGATCTGAAAATGTCCTTCAACGCGCCGGTCGCCCTGCTCCCAGACACAACGGCCCCGGTAACCGCCGAATCCTGGCTCCCAGGTGTAGCGGTTCTGATAGGCCGATCGAAAAGCATCCCGGCAGTCACTGCCGGGGGCGACGTCGGGAATACTGGTGACGGTCACGGAAAGACAAGGAAACTTCGGCGACCTTACCGGGACTCGCCCTATCGATGAACATCCTGTAGGGCATGAATATCAAACTTCTGCGATTGAAGCGCTTCAATCCCTTCGACGGCTGACCTTGCTCCGGCAAGCGTGGTCAGGGTGGGTACGGAATAATCCAGCGCGGCTCGCCGCAGGTAGCGATCGTCATAAGCCGCCTGACGACCGATCGGCGTGTTGATGACAAGCTGTACAGCTCCTGAACGGATCAGATCCTCGATGTTTGGCCGCCCTTCATGAACCTTCAGCACCGGTTGCACCTGAAGACCTGACTCATTGAGAGTGGTCGCTGTGCCAGCAGTTGCGGTGAGCGAAAAACCAAGTGCAAGCAAACGCTCGGCCACAGGAACGAGAGCTGGCTTGTCGCGGTCATGGGTGGACAGAAAAACATTGCCCTTGGTTGGCAGTGCCTCCCCAGCGGCAAGCTCCGCTTTGGCATAAGCCATGCCGAATTGTGGAGCCCACCCCATCACCTCTCCGGTGGAGCGCATCTCAGGTCCCAGGAGCGAATCAGCACCGGGAAAGCGCTTGAACGGCAGAACTGCTTCCTTCACCGCTTGAAGTGGCGGAGAGGGCTCGCGAATGAGACC
NZ_CP138962.1_gap12	626167	630814	4647	CCATGCACAACCTCTTTCAGATCGCTGATGTGGATTCAGGCGTGATCCGATGGGTCAACGCTGATCTGGTGTCGCACATCCTGCCGAGGGAGCCAGAGAGTCGCTAAAAGAGACTCTGTGCTTTGGAAATGTGCACAGAACCATGATTGAGACGACTGTTCTTGACTTCAAGCTGAGCAATACGTTTGAGGAATATCGTTCATATATGAATGCGCCTGAGCAACAGGCGATGTTTGCTCAGATGGGTGTTCAAACCTTTTATATCGGAGTTTCTAAGGACGACCCTGCTAGAGCAACGGTTATTTTCCAGGGGCCTGAAAACGTCCTCTATGACATCTTCATGAATCCAGAAACTAAGCCTGTTGTCGAAGCTTCTGGTCATATTTATGACGGAACTATCATTACTCGTTGGCTTGCTTGATATAAAAACCCCGCACGTGGCGGGGCGAGGTTGATGATTGATTCTCTGGGGAGTTTCCTTTTCAGCTCAATCTCTGCGACTGGTCAATAAGTGCGATATCCATATCCAAAGCCTCCGCCGTAGACAGGCATCACATCTGGATAACGATTGAAATCGCGTTCGTAACGTCTTTGTGCGCGGAGGTCACGACGGATGTCATGTCGGATTTCTCTGCGCAGTTGCCTCATCTCATGTCTCCATGGGTGATGCTGATGAGCTTCTGCAGCAGGAGCTAATGCACCGGCGGTACCTCCAATAACCCCAGCGCAAAGAACAGCTGCGGTGACTTTGTTGAATCTGTTGAACATAGTCATGGCCTTAAGGAGTGAATGATTGGGGGTGTTGCCCCCTCGACTCCTTCACGACAACAGCCCTTTTGGTGAACTCCACTGCAGAGCTCAGGTGATCACACCAAGAGGTGCTGGTGAAGTGCTGGTGAATAACTCAGCGCCTGTTGCCAGCCCGGGCTCAGCTCAACATGAAGCCAGTCACAGCAAGGCTCCAGAGCAGTAACTCCCTTCGGCGATGTGATCAGCGCGTCCAGAAGCATTGGCTGGCGTACTTCCAAAAGATCTCCGCATGGCGGCTTGCGACCATGGCCTGCTGAACATTCATTCCGCCCACGAATAGCTCTCCGACTGTCCGGCCGTAACGGTCGGTGGTGATCCGGCGAAGGCTGACGGGCTTGCCGATCACCATGGCCTGAAGGTGATCGCGGGCAGCTCTGGCCGGTTCCGGCTGAGCCGATCGCAGCGGATCGAAGTTTCATCTCTTCTGCCCCTCATCAGAGCTTGGGCAAGCCGTCCTCACTATTGGAGGTTTTGCCAGTGAAGGCAATGCGCGAATCGACTGATGGCAAATCCCCCACCGCGGGTGGAAAGTAAGGCCACGAAATCGGAGGAGCCCATGACGGCCGATACTCCACCCCAGCAGATCACAGAAGCAGACTGACTTCTGGCCCCTGCTCCAACAGTCTCAACAATGACCTGGGTTGGTCCTTTGGTAGGCAGACCTTGTACGCCACGCCAATCGCCGCTCCGTTTGCACCGTCCTAGGTGCCCCAGGAGACAACAACCCGACACCTAGAGCCAATGGCCCCAGGGTGCCTCCAGCCAGAAGCTTCGACCCCTTCCTTTCCCTACAAGTGATGGGTTGAAAATGCACAAACGAGCGATCTAGGCCGTCTTTCCATCTGGAAGAGCGGCCTAACACTTTGAGATCGACTGCAGTATCTGATATGAGTCTCCATGTGCATCAATGTGAAACCTCACATGGTTTCTCACATTCCAAAGAGGCGCGTAGGCCGAGTGAATGAGCCCCCTCTGTTTCACTAAGCAGCTTCAGTAACGGTCCATCCACAGCGTTGAAGATCTTTCCAGTGAGCAACGGCATCCTCGTAGCGCATTGTGCGGCGCGTTTTCAAAAGCGGCATTAGCCCAGATGGCATGTCATTGACGTGATCAACAAGGACCAAAACGTCATTCGCTGAACCACTTGGATTTGGATCTGAAGAAAACTCATGTCAATTAGATACAACCTTATTAGCATTAAAAATACTTGCAAAGACGACAATGACTATTCATGAAGTCACTTACGAACATGCAGCAATCAACTACGCAGACTGCTTTTTTATCCAGAGTCATTTGACAAGCCTGTTCCGGCAGTACTCATTATCCCTGATTATCATGGGTTAACTTCTTACGCCAAAGCTGAAGCGAAATAGTTAAGTAAGATAGGACTTGTTGGATACTGTGTAGATATTTATGGTGAAAAAGGAATGCCAAGAACATCGCAGGATGCAGCCGAAAAGGTGATTCCTTTGTTCAATAATCGTGCTGCCGTTCTGAATCGATTATCTATTGCTCTGGAACATGCCTGCTCCTTGGAGGGAGTCGATGCGAGCAGATCAGGTGTCATCGGTTTTTCCAGTGGGGGGCTTTTCGCTCTAGACATGGCACGTCGTATTAAGAGCATTCAAGCTGTTGCTTCTGTGTGGGGAGTCTTCTTGCCGTGGGAGCTGAAGCCCTCAGCGATGATCGAACCTAGTGTTGACGGAGCGAGCTTGCTGTTCATTCATGGAACTGATGATGTTTTTAATCCTATGGATTCGAATATGAACCTTATTCGAGAGCTTGATCAAGCGGGCACTGATTATCAGCTCATACTTTTGGGAGGCAAAAAGCACGCTTTTAGCCTAAAAACTTCAGATAATCTGGAAGTTTTGAGTGGAGAGGAGCCGCAAGCTCTTTTGTATGACGAAGCAGCTGATCTGCGAGCACGCCAATATGTGAAGTATTTCTTATCCGAAGCGCTCTGAAATAGCATAAAACAGAAGTTTTGATTCGGCTTTTTGATAAAAGAAGAGCTCGCTGGTTGGTCGACATTGATTGATCATGCACTGCGGGCGACTAAATGAAAAGACCGAACGTGCGGCTAGAGTTGACGTTTGCCCGTTGAGTATTCCGTTGGCCAGTTGTTTTAGCTTTAAGCATTGACTATACTATTGATCATGCCACATGCAATCGCTGAAAAGAAGTTAACAGAAGCCAAGGTGGCTCTATCTTCTTTATCATGCCTTGGATTCTGAAGGAAGTTTCTATAAATCTATAGCAGTAACATTCAGTGCAATTTCAGGTGAAGCAGTTTCTGTAGATCTGAAGCATTGCTTGTTCGAAGTTCGGTCATAGATGCACGAGTAGTAATAAGGACGGTTCTCATATTTGATCAACACACATTCAGGAAACCCTGTGGGGATTTTCTCAACGATTCCTCCCTTTGACTTGGCCACCAGACAGACAGTCCATGCCTAAAACGTTTGCATAAAGATCGTTCTGCCGACGAAGATATTGAAAAAGCATGTTGACATTGGCAGATAAAAACTCAGGCTCTGTTGCACGCACACAAGCTGAACCCCCTGGAGACCAAACCTCTCTAGAGCCCATGAAAGAGATTCGTCTTCACAAGGAATAGATATTACACAAAAATGATATGATCCATGAACCGAAATAAAAAACATTGAGATTCAAAGCCATAAAATCTGAGAACCTCGAAAAGCTTTCTATTTTTCTGAGCTTTTTCCCTGTAGGCATCATGATGTTTATTCAGTCACTGGGCTGGCCGAATAATTTTGATGACTTCTACAGAGGATTTAACGGAATCAATCCTGATCACAACGTACTCAGCTATGGATGGATTAAATCAGAAGAGATGGTTAAACATATTATTCACGACCCGTTACTAACTTTGAGTAACCAGTTTGATTATCGCTTCCCAATTCTGTCTGGCGTTATCGAAACAATATTGCTTATGTATTTTATGTACATCGTGACGGAATTATCGCTAAAAAGCAACAAAAAAAGTGCTGCTTTTTCAATCATTGTGCTATTCAATATCCTAACTGGCGTTCAAGCTTATATATTTTTACCGCCAGGAGCATTCCCATTGGCTTTCTCGGCGACCTTTTTAATCACGGTACTGGCCAACATTAAATTTGACGCATTATTAATAAGCGAAACTAATAATGCCATCAAAAAGATGCAGGCCGGCTTTGAAATAGTATTAACAGGAACATTGATCCTATTAGAACAAATTGCCTTTATCTTTTACGCGTCTAATTTTTTCCAATCCACAATATTCTGGGCGGCGAGCAATATTCAAAGAATTTATTATCAGCGTCAAACTAAAAATTCAGTAGCACCCTTGAAAAATCTCAATCTATGGTCTGCGGTTAGATTCATACCCTTCCTTATCATTAATCTGATTTGGCGATCAAAATATGGCGCCAATGGTTCAGAAAATTTTAGTAAGTCAGTAAACATCCTTGATGGTGGCATTGCTGCAATTAAATGGAATCTTGCAGGAACAAACCTGGGAGGATTCTTGGGAATGCGTCCCAGAGCGTCAGACCTCTGGGATCAACCACTTTGGATACTTGCAATCTCAGTCCTGGCTGGAATAGTGATTTTCTTTTTAGCACGCTGGGCTGTCAATCAACAAAAACAAGATGGGGTAAATACATCAACTTCCAAACAATTAATTCTGAATTTGCTTTTGTTGGGCATCAGCATTTCTATCGGATGGACAATTCCAGCGTTCAGTGAGCGTTATTACCAAGAACTAATGGAGGTTAAAACTCAGACTTATGCGGCATCGCGTTTCGCTGCATTGGGCTTCATCTTGACCATCGG
NZ_CP138962.1_gap13	633900	636505	2605	GTTTTTGCTTCAAATTTCTGCAACGGTGGGATCCCTGTGAGGCCGGGTCCAGGCTTCCAGCTGGCTCCCAGATGAATGGACAAAAGAGGATCCGCTTCGACTGAACCGGAGGGAACCTGATCCTTCAAACACTACAGTTCACAGCTTTACTGAAACCCCAGACTTGCACTGCAGAAGTCAGATCTGATCGGTGCAAGCCAATGACCAGCAAGCCCGGTAAGTGCACTTTCAATCTGAGATTGAAGTCATGGCCTTGCCACACCACCAACTGCTCCTGAAATGACAATGGTCAGCTGATTGTCAGAAGCGCAGCCGCATCCCAGGGCCTGCAGGTGTTCCATCAACGGAACCATGGTCTCAGAGTTGCACCCCCTGAGCGCATGTCAGTAGCCATGCTTGAAAGATTACACATCACAGAACAGTTGCCTGAGCTCATGCTGCCTGGACTGGTGATGTCAAAGAAGCACACATCAGCAAACCCTTCATGGAGGGGCGTCCGTTTAACAACTGCGTCATCCACAAGCGCGCACAGAACATTTGTTGAACATTCAGTCCAGCGCCAATTCAATCAAAACAACAGGATTTCCTTCCTCGTCTTCAGCTTTCAAGTAGATAAACCGGTCGTCACCTCCGAGACCAAAACAAGTGTCACTGCAGTGTTGATCACCAGCCTGAAGGCTGATGCCATAGTCCTCAACGAGACGGATACAAGCGCTGATGATGTCCTCATCACTCGCTTTCCAGGGGTGTACACCGCCAAGGTCCTCAGAACTGAGCTGAACGCCCTCCAAGACTGCCGAGATGGGATCTGTCGTCATACTGGACACACAGGGCCTCCAAGGAACCTCACCAGAAGGCTGGACAATGCAACCAGCCAATCTGCTGGAGCTCTCTGTAGAGGGACACAGCATCTGCATAGGCCATATGGATGCGTGACTTGATCAGAGCTGGCTGACTATGGGGCATGGGCCTGCCGTTTTCCACAACCACCTGCACCTCTCCATCAGGGGTGCGGGATTCCTGATGGAACCTCATTGCCCAGTGCGTCTTGGGATCTTCAAGCCAGGCATCCGACATCTTCACTTGCTGATATGACGTCCTTATCGATAGAGGGGCGTACTACCTGATGCCCAGCTCAGTACAAATAAGTACAAGTTGTGCCTCCTGCCCAAGCTGAAAAGGGAGGGACATCAAGGCAGCGCCAACCACCACGGAGTATTAAGGGAGAGTGCCTCCCAGCAGTTGCTCCTGTTCGCTCTCCAGGATTTTCATCAACTGATGAAGCAAAGCCGCCTCTTGCGGATCTGGAGTATTGCCGCAACCAACCCTGCAAAGCGCAGCCCTGAGCTTTGAGAAGTCAGAGGCAGGAATATTGATTTGAATCTGGTCTTTTGCCATGGGGCAGAATTCGATCCTGTTGTTATCCAAGTTGAATGACTGCGAGGTTCAATCTCAAAAGGGATTGAACTGATAGAGCAAATTCCGCTGTCGTCCAGACAGGACGATCCGACCTGGTACTGGCCAAACCGCCTGAGCTCAAGTCCAAGTCACCTCTAACAGGGCGAGAGCTCCTGCATTTGCTCTAGCCGAAGGCAGAAAACAGTTGCCAGTTCATTTGCTACCTGCACAGGTTCAAAAAAGTAACGCAACACAAACACCATCACACTTGATTCATAAGCCATGAAGTCAATCAATAACAGTTATTGAGCAAAGAACGTTGATCAGAAGCGAAAGACTGCAACGGCACAATTATCCCTGTCGTTCGTTTTTAGGAAGAAAGGGTAGAAAAAGATTGGCATCATCTCTCTTTGCGACAGCCAAGCGCAGTGCATGCAGAACAGCTGGACGCTTTGCGTAGGGAGAAAAATCGAGCAGACCGTCCACGATCTGCTCAGGGCGCCCGTTCTCACTGAGAACATTCAAAACATTGTCCATATCCGCGACAAGCTCGTCTGTTGTCCAAAGACAGTTCTGACGAATGAAATAGCGAACCTCGCCGAACACAACGCCTGAAGGAAGATCAAGCTGTTCTGACAACTCACATACCTTGTCGTCATTCTCATCAAATGGCTGGTCGAAACCGACTGTGGCAAGCAGTCCGTAGTCGAGAAACATCTGTCGCCAACATGAATTGGATTCAAGACCGGACTCGAGCAGATCCCATACCCTCAAATGAGCCTCTCTGAAATCTGTTGGTGCGATGGTCATCCGACTGACCCTGAAATCAGCATGCATCCAGGATGGCCACGGTTTTTATTTTTCGCAGTGGTGGGTTGTACAAGGTTTCTCGCAGGAAGCAAGCTGAGAAGACGGATCAGGCAACTGAACCATTGGTGCCATCCAAACCGAAACCCTCTGTTCTGCAGATGAAACACTGGGGGAATGACAGCCCCTTTGCGCTAAGCGTCTTTAGAAAGATGCAGATTCGACAGCAAAACAGCGGTTAAGCCAGTGAATATCAGCCACAAGCTTACACTTTCTGCGAGCAATCATCATCAAAAAATCACGACGCCGATTAAACCCATAGGCCAAAAACTCACTTTGAAGAATATTTTTCTTAGCAATATCATAAAAGCAAAGAGCATCGATCGCTGGTACACGATCC
NZ_CP138962.1_gap14	727772	732637	4865	TGCCTGAGGCGTCTGGACTCATCAGCCATCCGCCTTTGCAACTCTTCTGATGGAGCTTCGGAATCTTCCCTCAACTGAGCACTGATCACGTCGTTTTCTGTGATGGAAAGTCCGCGCTCACGGCCAAGCTCGATCAGGGTTTCCACTGACACCGGCTCCGAGAGGCGCTCTGCCAGCTCCCGTTCCTGATGGCGTTGCTTGAGAAGGGTATCGAGATCCTGAAGGGACATGAACAGCAGCGCACAGCGATCACAATCCCATTCCACCAGACCATTGCTAAACATCGCGAAGGACTTTTCAAGACCATGAGGACCACCAGTTTCATGACTGCTCTGCTCGGGCTCAGTGCTGGCCTGATCAGCCTTGAAGCCGGAGTGTCAGCGTCACAGGCTGGCTGTAACTTTCTGCCCCCGGTCGGCGGCGACGGCAGTAGCAACATCGTCAAAAAACGGGTCAGCAGAGAGAAGCTGATCGGGCGCACCAACTGGAACACGGACTTCGCTGTCGATGCTCCATACAGCAGTTTCAAGCTTTTCTTCACCGCTGACTCCACAGCCAGCGGCACCTATCCCGTTGAAGCATTCCTGAAGTTCACCGATGGCAGCAATCTGCGAGTCGTGAAGGAATCCATGCGACCACCGATCGGCACCGGCAAGGAGTTCGGACCGTTCTCTGTTCCCCAGGGCAAACAGGTGAGCCAGGTGAACTTCAAGATCGGTGCCGGCAGCGATCCCAGCTCAACAGGTTTCAGCTATCGCATTTCTGTTCAGGGCTGCAACTGAAGCAGGGCAGAGAGCAATGCGGGAGCGCCTCTGGATCATCATCCCCGCAGCTGGATTTCCATTCCTGCTGGTGCTGTTCATTGTTCTCTGGCAATCTCTGCAGCAACAGAGCAGCACCATCCAGGAACTGGTGAAACAGCTCGACAAACTTGAGGGGCTGGAGCTGCGAGACAGGGAAGACAACCGAGAACTGATTGAACAGCAACTCGGAGCTCTGCAAACACGACAACAGGCCTTGCAGAGAAAAATCACCAACCTGGAAAGTTGGCAGCGTGCATCCAGCGATCGCGAACGGGCTCTCTGGAACAGGCTCGAGACTCCATTCCCCTACGAGCATGATGAGGGCCATAAGCAGGAGCGTGACATCGAGCCCACAGCACCACCCAACGTCCCTTCCTTGGGAAGGCCTTCATTGGGACGACCTTCCTCGGGTCAGCCTTGAACTGCTCAGCCCTAATCAGCCCTTGACGGCATCTCCGCTGGCACTTGGAAGAATGAAGCGCTGCAGAAGAATGAACAGCAGCAGCACAGGAAGAATCGAAACCACAGATCCTGCGGCCACGATTCTCCAATCGAGGGAAAAACTGCTGGCCAGCTGCTGAAGCCCCAGGGGCAGCGTGAACAGCTGGGGGTCATCGAGGATCACCAGTGGCCAGAGAAAATCGCTCCAGGTGCCGATGAACACGAACATCGCCAGCGTGATCAGATCAGCTCGCGCGGCTGGAATCATCACGTTCCACCACTCACCGAGCTTGCTGCAGCCATCCATGCGGGAGGCTTCTTCCAGCTCGGCAGGAACACCGAGAAAGCTCTGGCGAAGAAGATAAAGGCCGAAAGCCGTGGCGGCCTGTGGAATCACTAGAGCCATCAGGGTGTTGCGAAGACCCAGCTGCACCATCAGCAGATACAGGGGGATCATCACCACCTGAAACGGGATGAGGATGGTGGCGACAACGAGGCCCAGAACCAAGCCACGCCCTGCAAAGCGCATGCGCGCCAGTGGGTAGGCAGCGAGAGAACAGAACAGGAGATTGGCCACCACAGCAAGCAGGCTGACCACTGTGCTGTTGAACAGATAAAGCCCCAGCGGATTGTCTCGAAACAACCGTCCGTACGCATCAAGGCTGGGTTGCGAGGGCAACAGGGCCGGAGGACTGGTGAAGATGTCCTCGGCGGGACCCTTGAGAGATGTACTGACCAGCCAAAGAAGGGGAACGAGCACCACTAGGGCAAGCACAATCAGCAGCAGCAGCTGCAGTAACGCCCCGGCTCGAAGCCCAGACTTGTCAGCCGGGGCTCGGGTAACTGAGGAGGGCATCAGCTCAGAGCGTGGGACGGGCGTCAAGAGGTGCGGCATCCCTCTGAGGATGCAAGGCCGGTTGTGCAGACCCGGCCACCAGACGATTGAGAGCATTGACGAAAGCCTGGGCCGCGGCCACGACCACATCCGTATCTGCGGAATGGCCTGAATACAACTCGCCGTCGCGTCTGAGCCTGATGGTCACCTCTCCGATGGCATCAATGCCCTCGGTCACAGATTTCACGGAGAACTCCACCAGCTCATTGGGCTCCCCAGCCAGGGCGTTAAGCGCCTGGCACACAGCATCCACAGGACCGGTGCCGATGGATGCCATGGTCTGCTCTTTGCCATCTTCATCCGCCAGGGTGACGGTGGCGGTTGGGCTGAGGCTGCTGCCGCAACTCACCTGAACCAGTTTGAGCTGATAGCGGGCCTCCGGCTGCTGCACCTGCTCGCTGACAATGGCTTCGAGGTCACGGTCGGTGATTTCACGTTTGCGATCAGCAAGATCCTTGAAACGAGCGAAAGCATCATCAAGATCTTCTCGGCTGAGGTCATAACCCAGCTCTTCAAGGCGCGCGCGCACGGCACTGCGACCACTGAGCTTGCCCAGGGAAATGCGGTTGTCAGTGAGTCCCACCGTGCGGGCATCCACGATTTCGTAGGTCAGCCGGTTCTTGAGCACGCCGTCCTGATGGATCCCTGATTCATGGGCGAATGCGTTGGCGCCCACGATCGCCTTGTTGGGCTGCACCACCATGCCGGTGAGATTGGAAACGAGACGTGAGGTTTTGGTGATCTCCTCTGTTCGCACCGCGGTGAGCGGAGTCGGCGAATCCGCATCCCGCCCGAAGAAGGGGTTGAAGTAGCGGCGGCGCACATGCAACGCCATCACCAATTCTTCGAGAGCAGCATTACCGGCTCGCTCACCAATGCCGTTGATCGTGCATTCGAGCTGTCGGGCACCGTTCTTGACGGATTCCAGGAAATTGGCAACGGCAAGACCGAGATCGTTGTGACCATGAACTGACAACACCGCATCACCGATGTTGGGGACATGGCGGTCAATGCCCGCGATCAGCTCACCGAATTCAGTCGGTGTGGTGTAGCCGACCGTGTCAGGAATGTTGATGGTGGTGGCGCCGGCAGCAATCGCTGCCTCGATGACCTCGTAAAGAAATTCCGGATCACTGCGACCTGCGTCTTCGCAGGAGAACTCAACGTCATCGACCAGAGAATGGGCATAGGCCACCATGTCGGGGACGATGGCAAGCACCTCCTTGCGGCTTTTGCGCAGTTTGTGCTCTAGGTGAATGTCACTGGTGGCGATAAAGGTGTGGATGCGCCTTCGTGGGGCAGGAGCCACAGCTTCCGCGCAGGCTTTGATGTCGCCTCTCGACGCCCGGGACAGCCCGCAGATCACCGGCCCGTGTTCACCTCCGACCTGCTGGGCGATGCGCTGGACAGCCGCAAAATCACCCTGGCTGGCGAAGGGGAAGCCCGCTTCGATGACATCAACGCCCAGTCTTGCCAGCTGCTGCGCGATCGCCAGTTTTTCCTCAAGGTTGAGACTGGCTCCCGGAGATTGTTCACCATCCCTGAGGGTGGTGTCGAAGATCAGAACGCGGCCTGGGTCGTGGGCCATGGCGGAAGCCTCGACGCGATTTAGTCGGAATGACTATGGGTAACCACACTCTAAGCGAGTCAGCCATGGCCAATCCTGTAGATCACGCCCGGAATCCCGGTACATTCACACCGTTGATGGGACGGAAAAGTGGCCAAAGGGGCACTGGCTCTTGTTCTGCACGCCCATCTGCCGTACGTCCGCGGAGCGGACGCTCACTCGCTCGAAGAGGACTGGTTCTTCCAGGCCCTGATCGAGTGCTATCTACCCCTGCTTGAGACTCTCGAACAGGCGGCTGCAGATCCGCGACAAAGCCCACAGCTGACCATGGGGTTGTCGCCGACCCTGCTGTCACTTCTGACAGATCCGACACTCAGACAGCGGTTCCCGAACTGGATCCAGGCACGCCTCACCCTGTTGCAGCAGGCGCCGGCTGACCGACGAGCGGCAGCTGAGCATCTGAGCAGCAGCTTCCGGCGCCACCTCGCAGCCTGGCAACGCTGTGACGGCGACCTGATTCCACGCTTCTCAGAACTCCAGCGTCAGGGCGTTCTCGATCTGCTCACCTGCGGGGCGACCCATGGGTATCTGCCGCTGCTGAGAGAGCACCCGGAGGTTGTGCGCGCTCAGTTGCGAACTGCCGTCAGAGAGCACCACAGATTGCTGGGAGAGAGACCTCTGGGCATCTGGCTGCCCGAATGCGCTTACTACGAAGGACTGGATCGCTGGATGCGCGATGCCGGACTGCGCTACGCCGTGCTGGATGGTCACGGTCTTCTGCATGCAGAACCCCGCCCGAGGTACGGAGTTTATGCACCGATTGTGAGCCGTCAGGGAGTGGCCTTCTTCGGTCGCGACAGTGATGCCACTCTTCCAGTCTGGTCAGCAAAGGATGGCTATCCAGGCGATCCCTGGTACCGGGAATTTCACAGGGATCTGGGTTGGGATTTGCCAGCTGAGCAGATCGAAGCCATGGGGCTGCCGGCACAACGGCCGCTGGGACTGAAACTGCACCGTGTCAGTGATCCTGCCGGTGGCCTGGATGGCAAACAGCCCTATCAGCCAGAACAGGCCAACGCACGCACCCGTGACCATGCCCGGCATTTCCTGGAAGGGCGTCGGCGGCAACTGGATCGGCTCAGCGAAGGCATGGCCATCG
NZ_CP138962.1_gap15	746275	750615	4340	TCTCTTAGCATCACTGGACGTTGCCCATAAAATTGCCTCAACCGCTGCCTAATCCCGGCAATGGCCCAAGCCCCCCTGCTGAAGTACCTGAAGCTGGATCAACAGGGTTCAGGCGTGATGAGAAAAGCTCATGGAGTGATAACAAAGAAATACTCTCCTGAGTTTTGATATACCCGCCTCCAGCGCTAGTTGTTGATGCAATGATGCGTCTATCAATCGATATTCGAATGCGCCATTCGGGACAGAGCAACACGATCAATTTTTCCGACCGAGTTAAGAGGAATGGACGTGAGATAATGAATCACTTCAGGGGCTTTATAACCAACACGCTCGCGTGAAAATGCAATCAGATCATTTTCTGAAGGTGCGGTGGCGGCCGGTTTCAGTGACACATAAGCATGGACATTCTGACCATGAATAGCATCCTCTACACCAATTACACCAGCGCAGTTCACCGAAGGATGTTCCATCAGAGTGTCTTCTACGTCCTGAGGACAGATATTGGAACCATCATGGATGATTATTTGCTTTCGACGTCCGCAGAACCATAAATAACCATCCGAATCAACCCTCATAATATCTCCCGTATTCAGCCACTCACCCTGAACCGTTTCCGCCGTAGCAATATCATTATCCCAATAACCAATGGTATTGGACGGTGATCGAATCCAAAGCAAGCCCTCCTCACCCTCACTGATTTCCAACCCTTTATCATCACGGATTGAGCCTTCAAAACCTGGACATAAACGACCGATTGAACCAAGACGATTCTCTCCGTCTACCGGAGAAAGAGTCGCAAATCCGATCTCACTCATGCCATAGGCCTCATCAATTTTCAAACCAGTGACATTATTAAACTCGTCTTGCAACTGATGATTTACCTTATCCCCACCACTGATACAAAGCTGTACAGAGTTGAAGTCATCACAATTTAAATTCTCATCACGCACAAGATTGAAAAGCGTTACGGGAAGGGCCATCACCAAAGTAGGACGGTGTCTTCGCAGCAAGATTTCAATACTGGAGCTGCTGAGATCATTTGGAATTGCAACCTGAGCTCCACGACTTAAGGCCGCTATCACCAATAACGTAGAAGCAATATGAGATAAAGATGTTCCAGCAAGAATGCGCTGTTTTTCCGTGATATCGGCTGCCTTTTGAATCGATGCGATCATCCAACCCATGCTTCTGAGGGTGTGGGTTGCAGCCTTGGGTCGACCAGTACTGCCAGAAGTCAGAAAAAGAAAGCAAGGTTCATCGCTATCTCTATGTTTCAATAAAAGATGGTGATCATATGAGCCATCATCGAAATAGTCTTCAACTCTGATTTCATCCGGTGTGATGCAACCCAACCGACAAAGACCGGGAGCCAGGCTGCAATCAATATCCTCTTGACGTTCAGGATGGAGGAGGATGAGCGAAGGCTGGGTCAGCTTTAAAGCATGATCAATCTCACGAATGGTGTATCGATAGTTAAGAGGAGTCAGGATTACTCCACAACGTAAACCCGCCAGATAATGAACAACCAACTGCAAACCATTTGGCATGAGCGAAGCAATTCGATCGCCTGGTTGAACTCCAAGCTTCAGATATCTGCTTGCTGTGATCAAACAGGCTTTCTCTAGCTCAGACCAGCTGAGACTTCCATGAAGATCATTCAATGCAGGTCCTTCAAGATCAAGACATGCATTGAACAGAGGCCACCTGCTCAGATCAAAGGGCGCAGATAAGTCACGTCCTGCAAAAGGCATGGTTCTCGGCTGGTGACCATTTATAAACGTTGATTTTGCCTGCTGCCAAGTCAGTGAGCCTCAGTGCAAGGAATCAAAGCGAAATACTAGAAATTTCCTGATTGAGACTTGCTCAACCACCTCTTGGTTAAATTGCTCGCTCCTGCTGTTGAGTAATCCCGCTGCCTAAGAATCGTGAGAATATAAGTACCAAAAAGAAATGTGACTAAAAAGGCAGCGATGTTCCGCAAAATAATGATTCAACATAAAAACTAAGGCTTTTTAGATGCAAACTGAAAATTACCAATTTTGCAGAATCAAGCCGTGCAGCTTGAAAGTATTGTGCATTCGAGCTCAGCAAAAACCTACGAGAGAAAAGTACAGAGGCTACGCGCCAGCAGTTCCAACCATTGCAGTCAGCTGAACATCAAACCCAGCAATCCCTTAATCCAGGAAAGATCTAGAACGGACGCTTGGTTGAACATAGCAACTTGTTCAACGATGCCCTTACCGGTCAGAGCCTCAACAGCCAAGCCGATACCAAGACCTAACATTGCAGCACGTCCATTCAGCTTCTCACTGAAAAGCTTGTAGGGATCTGGAGTGAACTTGCTGGATGCCGCAGGCATGGGAATAAACCAGTTAATTCAATATTAATAAATGTAACGACTGGTTGCTGTATTACGCAACACAGTTTCCTCACCTCCTTTCAAGGAAAAGCCGCATAACAAGACTTGCAGTCTCGAATAGGACAATTCTGTCCGCCTCAATCCACCTGGATTTACAGATTTTGCAAGACGCCATGACAAGAATGTCGGTTAAAAAATACTAACCGAAGGACTAAAAATTTTGGTTCACGTTGTGCATGTTCAATAAGCAAGGCTATCAAGCAAATTAGCTAGGGCCTTCCATTGATGAGAAGCCTTGGTGGCAACAGGACTGAAGTCGTTGAATCGATAATTAGATATCATCTTCAACATCACCTCGATCCTTCGCTGCTGAGGGATCGCAGACACCGTAAATCAGCTCATCAGTATCTATTGATCCATCAACAGTATTTGCTTCTACTTCATCATTGAGCCCCAGCCGATCCAAAGCCTCATCTTTAGTGAGTTCTTCGGATCTATATTGAGCGCAAATCTCTTTAATCCTTACATCCGAACCGTCTGGAGTCTTTGCCCCCATTTCGCATGAAACAGTGATCAAGGTCAAAGGCAATACTGGGAGAAGTTTGAATGTTTTCATTCTTGAAGAACTTCTAATGAACAACAAATTTAAAATATCTAGATTCTGATCAAAAGCCACCCATGCGAAAGATCTCGTCAATCAGTTCTGGTGTGTATCGCCATAAGTAGAACGGAAGTCCTTCTTATGGCCAGCGGCTCAGCTTTTGAGTAAGTCCAACCAATAAAAAAGACCCGGACGTCTATCGGGCCTTTGGTGGGTGTGAGGAGTTGGAATCTCTGTGAGGAGAACCAACTGCCTCAGGTATAGCCAAAGCTTGTGCCATTCATCCCGCTGGTCACAACTGGTTGCAAACAAGATCCCACTGCATAAGGTTGGGATGTGAGGAGAAAACACTCGCGGGGTGGAAACAAGGCAACACTCCCAAAAGAGTTTTAGAACCCCTGCCTTCGGCGGGGGTTTCTTTTTATCTGGTCTCGGTCCTTGGAGAAGCTTTCAAGCACTGTCGTCAGTGGTGTGGTGAGTTGGTCATCCCTCATTAGGTCTAAGGCTTATTCCCTTATGCCCGATCACCACAAACAACTACCCGTATGAGTGCTCACCCACCCCCTCACTCATCGCTCATCACATCATTGCGTTGATCATCAATGCTCATAAGGCCACAGGGAGGCCCCCCTAAAGGCCTTGGTGTGTGGTGTCCTCGCACCCCCTCCCCTGTCCCATCCTGTCTGGGGTCTTATGCCTCCTCCTATGTGTAGTAGGTCTTATTAAGCAATGACTCCCGTCTGGCGAGCAGAAAGCCGATCAGGTTGTGGGTTGCATTCAGTAGTGACTTGCTGCTGGCAGTTAGTTCGTGGCTTCGCCTTAATGAGTCCTCGATCCATCTCTGGTCATGGCTGTCTTAGTACTGGCTCTTGCCTTCGCTTTCGCTATCTTCTGTTCTTACGCGGTTTCTAGTGGGAATAGGTATCGACGTTGAGTATTTCTCACTAGGTACTGGTTTCGAGAACATCAAACTCTCGATAAAGCGCGTCAGCATCCTGGAATCGCTTGTTCAAAAGCAAGTCCCTGACTCTTATTTTCCACCAATCCTCAAGTGACCTGGCGTCACGCTTGCTCAAAGTGAGTTGAGGTAAATCCATAGTCGTCCTTTGACGATGAATAATTGAATCGTGTTATTCAATATGGACATAAAAATCCTTACATAACTTAAGTTTTTGAGAATGCGCAACTGCCTTGCTTTTTCCTCGCTCTTTGCTATGCTAATAAACTCCGCTGGCAACGGGATGCACTCAACAGATAGAGCATGGTTGCAGTGATGTAATTAGAAAAAAGGCAGGGACTATCACATCCTGCCCCTGGCTTTCACATCCTTCATCAATACGACTCAGAGACCGTAGAAACTAAGGGTTGGGCGGCAAGAGT
NZ_CP138962.1_gap16	766912	770287	3375	TGCCCACCCAGCACCAGACGGGTCCCGGGGAGCTCGAACACTTCCCTCCGGCGAGCGGCCAGGACCGCTGACAGATCTCTCAGCCGATCAGGCAGAACCTCAGCACCCGGTGGCGGTTGTCGTCCTTCCAGTAGTGCCTGTACGGCGAGCGCATCACTGCCTGGATGCTCAAGGACAAGAACCGGCCAGCCCTGATGACTGAGTGCCCGACCCAGCCAGCGGAAATGATCCGGACTGCCACCAAGACCCGGCATGAGCACCAGCCAGTGACTGCGCTGACGACCATCGGAAGGACTCGGGCGCCAAAGCTGGAGCTGCAGCGGCTGATCGCGATGCTCAACCGGCAGGGTGAGTTGCTGCAGCGCGCTATCAGAGGCGACCTTGTCCGCATCCTCAGGATTGATGCTCTGAGTGAGCGATGAAACTGGGAGTTGATTGAGGGTTTTGACCAGAGCCTGCTGCCGTTGCAACTGAAGCCTCCAGCTGCTGGCAACCGGAAGCAGGGCATCGAGATCCAGTCTGACGCGCTGCGCAGGCAGCGCCTCCAGAAGGTCAAAGGTGGACACCTCAGGGCGCTTTGCGAGCAGCGACTCAAGCGTCATCTGCACGGTCTGCCCCGTTGTGTCGTCATCAACCAACACCAGGTCACTGACCTGATCCAGCAAACGACGGCCTGCCCAGCTGTTGAGAATCTGCCTGGCCATGCTGCGGTCGTTGATCAGCGGGGCCTTGAGCAGATCAATCACTCCCTGACGGCTTTCCTCCTCAAGCAGATTCAGCCAGACGCTCAGTTCCGATGAATCGGATCCTTGTCCGCGGATCCAGCCACCCAGATCTGAGATCGACAAAGGCAGATCCATCCCATCCAGACGGACAACCAACTCGGCGGCTGTACGCGCTGGTCGCGGTGAAAGGGCACAGAGCATCAGACTGCAAATCAGTCCTACGGCAAACCGTTGTCCTGTTGAGCGTCTTCGCAAGGCCTAAGCCAGTTCATTGGTGGAACCAGTTTCCCGCACCTTTGCAGGAAGTGGCTTCAATCAGGCTGCTGGCCTCGCTGGGAGCCGGTGGTGTCATCTACCTGACACCGATCGTGTTTCATCAAGCCAGCTTCACCGCAACCCAGGTGGGACAGGGTCTGGCTGCGGCGGCCCTGATTGGCACTGCTGCGCGTCTACTGAGTGGCCTGTTGCTGGATCGGGGTCTGAGCTGCTCCTGGCCGGTGCGCGCCGCTGCAGTGCTGGCCTTGATCGCTGATGTCATCCTGCTTCAAGCGCAGGGTTTCGGCGGCTACCTCACTGGACAGCTACTGATCGGTCTGGCGGCAGGCCTTTACTTCCCAGCCATCGAGCTGGCCGTTCCGCTCAGCTGCGCCGGTTTCAAATCCAGTCGCGGTTATGCACTGGCCCGCAGCGCTGACGCACTTGGTGTGGCCTCAGGAGCACTGATCGGTGCGATCGTCACAGCCCTGGGATTGATCCGCGCGGTCTATGTGGTCGAGGCGGTGGCGGTTGTGATGATGTTGCTCGTTCTGAGCTGGCGGCCCCTTCCCGACGGGCGTGCCGCCCTGCTGCATCTCGACAAAGCCAGTGATGAGCCTTCCAGTGCATCTACCACGATCAGGGATGGATGGCGCTGGCTACCACCTCTACTGCCTGTTCTGGCCATCAGCATCGTTGCCACAGGCATGATCGCCCTAAGACAGAGTGCCCTGCCTCTGGATCTGGTGCGTGGAGGCCTGTCGCGACCGGCAGTGAGCGAAGCCGGAAGCGGTGCACTGATCGCGCTGCAGCTGGCTCTGCTTGTGGCTCTTCAGTGGCCTGTGGGCAACTGGGTGGCCAAGCGCAGCCTCCGCTTCGGCCTGGGCATGGGACTGGCTGGCTTCGTGCTGGGCTCCGTTCTTCTGGCAAGCTCCGCTTTCTGGAGCCGCGGGATGGTGCTGATCTCCCTGGCGATGGTGCCACTGGCCTTCGGGGAAGCCGCTTTCCTTCCCAGTGCCGCCGAAGCCATGGTGGAAGAGACCCCTCTGCAACACAGAGGACTGTCCATGGCGCTGTTTTCCCAATGCTTCGCCATCAGCGCCACCGGGGCACCTCTGTTAGCCGGTGCTTTGCTTGACCAACAGGGGCATGGTGTGCAGCTCTGGTTGATGATGGCCGTCATCTGTCTGGCCGTGATGCCCCTGCTGAAAACAGTGCGGCCCCGTTATGCAGCAGAACTGAAAGGAACTCCCCTGGAGGATGACGAGGATGTCTCGAACCGGCGGGTTGCCTCGCTCCGTTGAAGATCGAACGATCCATTGTCAGGAGGGTGAACCTCCTCATCTCTTGAAAAGCCACTGGTTCACAAGCACTCCATAAACTGCCGCCAGTTTTGCTGCAGACATGAGAAGTGCTTTCAACGTCAAGTTTGAAAACCGGCAGGGTAATCCGCTCGGCTGGCGTTGCTTGTGGTATTCAGCCGTGATGATTGCCGCACTTCTGGGAGCCCTGGAGCCGCCGCTTCAAGCCAGTGAAACGCAAACGCGTCATGCCATGGCAGCCATGGCTGCTTTTGCCGAATGCAAGGTCCTGAACGCCGGATACAGCCGTGACAGAGCCCGGAACATCCTGAATACCTGGATTGAAAACAAAGGCTTGCAGAAACAAGCTGAGTGGTTGCGATCACCCCAGGCCATTCGCGTGGTAGCTCTGACCAGTGAAGCGATGAACAAAAGCTGCAATGGCTTTGATCAGAACAGTTCTCAATTCATACCTGCAATGGAAGCGATTGACCGTTTATGAAATTCAGGATTAGCGCCAAAAACCAGTGAAACTCATTTGCAAATTGAACAGATACCGTTAAATAACCATACAAACTCCGATTCAGGAATAAACTGGATGGGGATTTTATTGGGCCATCAGTGTGATTCGCTTCAGACCCAACCAAACGGCACTTGTACTGATTGGTTTTCAGAAAGACTACTTCGACCCGCAAGGAGCCCTCTATTCCGTAGTAGAAGAATCGCATCGTGTTTCAGGCACCCTCGAACACACCATCGAGACAATCGACAACATCGCTGAGTCTCCAATCACCATCGTGAACACGCCTATCGTATTCAGCGAGACCTACAAAGAGATCGAGAACCCAACTGGAATTCTCAAGGCAATCAAAGAAATTGAGGCCTTTAAAGCAGGCACCACAGGAGCAGAGGTGATAACTGAAATCACAAAGTACGGAGATCGCATTAAAACAGTTCCTGGCAAAAAGGGATTTAATGCTTTCTCCAACACTGATCTCGAGAAACTGCTTACTGAGCATCACATCGAACAGATCGTGATTGCTGGATGCGTTTCGTCGCTCTGCATCAATGCCACAGCGCTTTACGCGAGAGAT
NZ_CP138962.1_gap17	921811	924409	2598	CAGTTTCCGTTGAGTCCTCTGTGGAATCCTGCTCTGATCCCTGCTGCAGCGTTTCTGCAGCAGGCTGTTTCGCCGGAGCATCGATCGATGGCTCACCAGCCAGCTGGGGCTGTTCGGCTTCACGACGAAGACCGACGACACTGAAGACGCCGATCACCACCACCACAGCGAGAAACACCCCGGACCCGATCCAAGTGGAACGGCTGGGTTGGGGCAGATCAGGCCATTGCATCTCAGGCCATCGCAGCTGCGGCATGGACGGAAGCGAGGGACGAGGCAGCGCCGGCCATGCAAAACCGGAGGCTGCCTCAACATCGTCGTCGTGCTCCGGTTCATCGCGCCTGGACCCGGACTCCACCGTGGGCAGCGGCAACGGCAGTGTTCCGTCGGGATCCACGGTCAGAGACGGCAAGTCATCCAGGGACCAGTCCCCGGGCTGCTCCTGACGCTCCAACCTCTCGACATAGGCCTGAACATCGCGATCGGCGAACCAGGCCTCAAGATCGATGGCTTGAGCATCGACATCCCGATACCCAGGTAGAACGTCCCTTCCCAGCCAGGTGCGGCAGTAATCACAGAGCGCTGCCAGAGCATCTCCGGGATGGGCTGACAACCAGGTCTTCAGGGCCGGATCAGGGCTGCTTGCAAAGTGTCGCTCGGCCCGATCCACATCACCGAGAAGCAGATCAAGACATCCCTGCAGAGGCAGGGTGTCGAGACCCTCCAGATTCAGGTCCTGGAGTCGGGCGCGGGCGTCGTGAACCCGTTCGGGCTTGCGCTGGGAAAAACCGGCAGCCGCAAGGGCCATCACAACCAGGAAGGAGGCATCAGCCGAGCCGGCCTCCTGCAGGCGTCGGTAGAGATCCACCTGTTCCTGCACGGTCAGGAAGCGACGAATCTGCTGAAAGAACAGTTCAAAGGCACCCTGGTCCATCCCCGCGGGCAGGTCAGCGGTCTGCAGCCCTTCAAGCGCGCTCCCCTCGAGTCCGCCCCGGTCACTGATGAAGCTCTCCAGCATCATCAAGCCCTCCTGACGTGCCGATTGTTCCGCCAGATCACGACTGAGCAGATCGAGGATTCGGAACGGTCTGAGCCTGGAGAGATCGGTTTCCAGGACCTGTCTCTTCTCCGGAAGCTTGCCCATCCGCTGCAGCAGCTGCATGCCCTCCTGAAGCAGGTTGGCTGCTGACTCGTAGCGGCGCTGCTCCTGATCCTGGTCTGCAGCATCTCGAGCGGCAAGAGCCGCCAGCAATGCCAGGTCCGACTCCCTGCCACTGCCCAGAGCAGGAGCCTGAGGCGGCTGCAGGGCCTGACGGGCCAGCTGGAAGGCCTCGTGAGGCGCATGCGCCTCCCAGAGAAGCATCAGGCCAGCAACTTCCAGATTGGAAGAGAGTTCCAGACCGGCCATCTCCCCCGGATGATCCTGGCTGAGCTCCAGCAGCATCGCTTCGTAAGGCCCCCGGCGCTCCGGATCGGTGAGCAGGTCAGCGGACAACCGGAGCAGCTCAGCCCTCTGATTGAGTGACTCGTGGGTGAATCCCTGAGCAGGACAACGATCAAGACGCAGCTGAAGTGCGCGCAACACGGCATCAGGTTCAGCCGATGGACTAACCCCCAGCAGACGGAAATGGTCGATGGGAAGGTCCACCAGCGTTGCAGCTATTGGCAGCAGACTGTAGGCAGTGTCAGGGATTTTGCCCATCCATCCGCCATGGACCCTTAAAGTCGGTGGTCAAACAGGTGGTGCCATGGGTCAGGACATCGCAATCGGCACGGAGTCGCGCAGCGCCTCCACCACCGACGGACAGTCTCTGCTTGGTGCACATGCGGAACGGCTCTCGACCCTGGTGACAGCTCAGAGAGCCAGCGTCGACCGGGACACCGGACTGGCGCTTTACCGCGACATGACCCTCGGACGACGCTTCGAGGACAAGTGCGCGGAGATGTACTACCGCGGCAAGATGTTTGGCTTCGTGCACCTCTACAACGGTCAGGAGGCCGTGAGCACGGGAGTGATCGGCGCCATGAAGCGTCAACACGACTGGTTCTGCAGCACCTACCGCGATCACGTCCACGCCCTCAGTGCCGGAGTTCCTGCCCGTGAGGTGATGAGCGAACTCTTCGGCAAGGAAACCGGTTGCAGCAAAGGGCGCGGAGGCTCGATGCACCTGTTTTCAAGAGAGCACCACCTGCTGGGCGGTTTCGCCTTCATCGGGGAAGGCATTCCGGTTGCCCTGGGTGCAGCCTTCACCAGCCGCTACAAGCGGGATGCCCTGGGCGACTCCAGCAGCAATTCCGTCACCGCGGCATTCTTCGGCGACGGAACCTGCAACAACGGGCAGTTCTTCGAGTGCCTGAACATGGCCCAGCTCTGGAAGCTGCCGATCATTTTCGTGGTGGAGAACAACAAATGGGCCATCGGCATGGCCCATGACCGTGCCACCAGCGATCCGGAGATCTGGCGCAAGGCCGGTTCTTTCGGAATGGCCGGAGAAGAGGTCGACGGCATGGACGTCCTGGCTGTTCGGGCCGCAGCCCAGCGGGCCGTCGAACGTGCACGGGCGGGAGAAGGCCCCACGGTGCTCGAATGCCTCACGT
NZ_CP138962.1_gap18	1038462	1043162	4700	TCATCGCCATACAGCGAAGAGCAGTGCTGGCTGGTTGATCAAAGCCCAAACAGGGAAAGTCTGAAGTTTGCGAAACGAGATTCCAAACCAGCACGCCCAATGAGCTGGAAACGACTCTCAGCACTGACTGAGCTTGGACTGAGTGCTGCAAAAGCAGGTGAATCTGCTCCCGTGGAACCCGTCAGAAAAGGTCCTGAAACCGAACCTCCAGGGACGGTTGGCCCACTTCCATGCGTGATCCAGCGGGCATAGACCAAGCAGGTCCCACTCGGAGACACCCATGACAGCAACCACACTTCAAGCACCCACAGGTCTGGTCACACACGATCTGGAAGGGCATGACAACGTCTACGCCATGGAACCACCGATGGAAATCGCCGCACCTGATGCCGGCTGGGGATTCCATGAGCGCGCTGAGAAGCTCAACGGTCGACTGGCCATGCTCGGCTTCATTGCAGCGATCGCAACGGAGCTGATCAGCGGCGAGGGCTTGCTTCACACCATTGGCCTTTAATCGGAGATCTCCATGACTTCCACAAAGCTTCGGGCAAGACCAGAGATTGACTACGCGCAGCTGATCAAAGAAATCGGCAAGCTCGAATTAGCCGACCGCCTACTGATCAACCGCAGAAGTGACCTCCCTTGAGGGTTTCCTCTGAGCAAAGTCAAAGAGTTCAAACGCCACGAGTGCGGCAATCAGGTCGGCAGCAACACCAAAAAACATCAGATGAAAGCCCAACATCTCAATGCGACACCTTTTAAGGCGGGTGATCGTATGACGACCAGCCCGGTTCCCTGATGAGTACCGGGCAAGTCGTCGTGTCTAAAACTCCAAGCTTTTCAGTCGCCGTTGCAATGCGAATGGAGACCCTGACTGACTGCTACAGATGTGACTGCCTGAGCCCAAAAAAAACGCCCCTGATGAAAGAGGCGCTGTCCGTTTCGCTTGAGAAAATTCAACAATGGAAATCCATTGTGTTGAAGCTTAAAAAGATGACCAGATGTGACCCAAACAGGTCATTCACTTGGCAGGCGCTTTGCTGTCACCTGGCTGTTCTTTGTGATGATCAGCATTCGGATTGTTGCAGCACATGGGCTTTATTGCGACTGCCAAAGTCCTAACATCCGACACCTGCACTCAAGCTGAAGCTTGCCTGAGAGTTACATAATTGGAGCAATCAATGAGAATGGTTATCACTTAACGCGGCTAAGTCCTGAGAACCGTTATCAGCTTTGCTTGCTACAGCTGCAGAGCCAGCCAAGCAGAAGACCAAAGCTACCGAGGCGAAACAAAGCCCCACTCAGAAGAGCAGGGCTTTGCGGTGTGAGGGTCAGGTTTCCAGCGGCAAAAACAATTACCGGCAACCACAGCCGAGACCATCGGCGCAGGGTTCGCAGCAGAAGGCTTTGCCGTTACGCATCACAGCTTTTGCAGGCTCGACTCTGCACTGACAAGCGGTGTTGCACTGGCACTTGATGAGATCTGTCGTCATGGTGACTACCGGATTGGGACAGTTCCTTTCTATGGCTGATGAACGGGTCTCAACAGGGGGAGGACCGACCAGCGAGGTACGGCTTAACGTGCACTTATGCGTAGCCAAAATGCCATGAAGCCCCCGCGCCTGGAACCCTTTGAAGCAGGCCGTGAGGACTGCCCACGCCCCGTCGCAACACACCACCGGGAACTGACCAGAACACCGTGGCAGAACACAGAAGGCTGGTGGAAGCTCACCACGTCGGGGCGACTGTGGTGGGCGCCTTTGGGCGCTCGCCGCTGGCGCTGGACACCATGGTTTGTCGCTGACAATCAGCTCTGGCACTCAAGCAACACAGCCAGCCCTGCAGAAACGCAATCGCTGTTGGAGCTGCTGGCCGACGGGCGCCAGAAGCAGCTCGATGATCGCCTGAAACGACGCGCCGCTGATGCCCGCCGCCGGCGGGCTCTCAAGCCAGCCCATCCGCCGAGGCAGTGCTGCTGTTGCGGCTGCACGTTCACCCCAAAACGTGCGGATGCCAGGTGCTGCTCAGGACGTTGCCGGGCCAAGCTCAGTCGGGATAAGGCCTCAGATGCTTGCTGTGGCACTGAATGCGAGCAAAAACAATCAAATCAGTAATGAATGGCTCAACTTCTAGACGGCAAGTGACGCAGAGCTTCATTCAATAACTCACGCACAGTCAAAACTGATTCTCAGCAGCAGATTTGCACTGCTGAGTGTGATTCTCAAGATCATATTTACGGCTTTTGAATGTGATTCTCAAAAGCATATTTTGATCCGCTAATGTTCGGTTTTTACGCCTATCTTTCGCTCTTTTGTGATGTAGAACTGATTCATCCCTCCCAGAGGAAGAGACATGACAGCTTCACAAATCCAAGCCCCCATCACTGTCCCCACCGGTCCTGCAGGCCGCGCCATGGCCGAGCCCATGTCCGCTGAACTGCTCGATCTGATGGAAGCCCATCTCAACCTTGAGCGTCAGTCAGCTGCTGACTATTTCGCTGCTGCCATCTGGTTCGCTGAACGCGAGCTGACCGGCTTTGCCGAGCACCTGCGTGATGAGGCCAAGCAAGAGGAGCAGCATGCCGCCAAATTCGCCGACTATCTGATCAGCAGAGGTCAACGCCCTGTGCTCGACACCATCGAGCCACCGCGTCAGCAGTGGACCGATGTGGAGCAGGTGATCGCCAACGTCTTCCGCATGGAAGCTGATGTCACCGCCTCGGTGCTGCAGCTCTACGGCACCGCTGAACAGGATGACGACAAGCGCACCACCGTGTTCCTCGATCCCGTCGTTGACGGCCAGCGCATCTCCGAACACGAAGCCGCCTATCTGCTGGGTCGCGTCAGGTTCGCTGCAGGCAACCCTGCTGCAGTGATGATCATCGACGCTGAACTGAGAGAAGGCGAGGCCGAGCCCGCCAAGCTTGAAGGCTGAGCAACGATCGGTTGATTCAGCCAGGAGCCCCACCTGGCGATTGATTGACCATCCCGGTCCCCACGGCCCCGCCCAGTGCGGGGTTTTTGCTGTCTGACCGCCTGCTTCGATCAGGGTCAGCTCACGATTGCTTGCGTTGCATTGGTTAGTGAGAGATAAATCGACGGTATCTCCCATCTCATGAACGAATACCTTCTCCGCGATGGATCTCGGGTTTATCTACTGACCAGTCCAAAAGGACATGACGTCTTCAGTTACCAGGGAATCTCGGGGCAGTGGGTACATGCCGCACTCTCCGTTCAAGCAGAGAAGGACCTGATTAGAAGCGTTGATTTCAATGCATCCATGCATCGATCTAAAACTGATTTGGCTCTGGTTTGAGTTATCGTTCACTCGGATCAAGCCGAGTTAGAAGGATTTATTTGGCACTGCATGCTCTGATCAACATCAACAGTAATCTAGTGTCTTGCTTATCTCCGCGGGTTCTTCAAACACCACCACGCCCCAATCAGTTATGAGGCGCGGCATGTACTAGGACTATTAATACTTGGATCCCGTCCAGAACTGACATAGCTCCGCAAACGTTGGGGATCAGGCGAAGTTGCTAGTTTAAGCCACCGCTCAACTACAACCAGCAGCGTGATTTGGTTTGGACGGTGGATTGCTCAGCTGCCACATGAGCTACATATCGGTAGGGAGAATAGGTAGCTTTACTGGCTATCACCTAGGAATTAAAAAAGTGAGCCGGTTTTTTCTCTGCGGCCCATGGCAGCAAGCAATGACTAGGCGCGACATTTGACGTGTTCAGAAATGGCGGTGCTTATTGTGCATGGCCTGATGACGCTTACTTGTCCCAAGGGCTGACACATAAGACGGCCGTAAATGGGAGACTTCAATCACCTTGTCTTTCATTAAGATCTCTTATCTATCGACAATCATGCAACGCACTGAGTCGTACACAAACACATCATCGATTTAACCCTTGAAAACCACTACCTTTGGGTCTTTTTTCTATGAGTACGTTCAATAAGCCCGTTAACAATCGCTCTATCAGTGGCCTCAACTCCGATCAGGAAAAAGCCAGATGGTAAGGACACCCTCAATCGTAAGATGCACGTCTTTAGATGTGAATTCATTCATGAATGCATGGATCCAAACTACGGAGACTATGACTGCCGCCGTTTTCAGCCTTCTGAATGAGGCACTCATCCGTAAGCCGAAGAAGCAGAACCGCTTCAGATCTTTCTAATCATGCGCAGTTCACGCCCGCCAGCAAAAACTGCAGACGCATTCAATACAAACTCCTAATTGATCATCCTGAACGAGAATTCTAATCCCCATCGATTGAGATTGCACCCGCAGATTTAGTTCAACGATTGAGCTGATCTGCCGTACATGCTGGAACTCTCGCACCTGGTAGAATTGGAACTGATTCTTGAAGCTGAGGCGCCCAGCTGCATTTAAACCAGAGTGTCGCCACCCAAATTACGCTTTTTCTCCCATTCACCTCCTTCTCTTTCTTCTGACAACCATCAAGCCTCATGGCTATTGCTAATCAATCCAACCTGCTATAGCAACTGGATGGTCTCACGCTGTTGCCATGTGGAGAAGGCACTGCATACAAGCCTCTGATCAATCCTGAAACAAATGAAAGTGTCGACGAATTCCCAAATCGAAGCTTCAGTTCTGACGAGATTTTGGAAGCCGGTGGTTTGTTCATTTGTGCCGACATCCGTACGGGCCCACACGCTGATCACCTGTTGATC
NZ_CP138962.1_gap19	1046658	1048304	1646	GGCTATACCAGAGCTTGTGGTTTTCAACGCTTCCACCCGCTTGACTTCTGAGTCGTTACGCACAAACACCTGTGAGAACCCTGCGATGGGGAGTCATGAGCTTTTACCCCATGTAATGACGTAATTCAGCAGACGTTCCAGGGGCATGATCTTTCAAACAGCAACTCTTCGCTACATTCAGCCAAGGATCTGCCATTGCGACTTTGAATTAATAATATGATCTCTGCGTTAATTTTTGCACTTTTCATCCTACTCCGCGGTTCGGAAGGAAATGTGCTGAAAATACTTCAACAGACAGGTGGCGAACAAATCAGTTTTTGTAATGTCTTCTTTTTTTCGAGCTTGATCACTGGTCTGTTTATGTTGACGATTGATCGTGTGAATGTAAAAACGCAGATTCGGCAATTATCACTACGAGACAGAAAACTTCTTTTTTGGCAGGGGTTTTTGGGGTATTTCCTAGGGCCCGTCGGTTTCTTTCTTGCACTTGAGCATCTAAGCGTTGTTGCTCAAACTCTGCTTTTTAGCCTCACAATTCCACTGTCAACACTTGCCGCGAGAGTATTCCTTCATGAAAAACTTCCAAGACAGTTTACTTTTTCCTTAATTCTAATTTGTCTGGGTGTTTTCGTGGGCAATCAAAGTGGAAGTGGTGTAGTGACTACACTCACGTCAGGACAAAAAATGATGGGTTTTATCTGGGCAGCAACTGCAATTCTTTCATTTGCGATAGGTGGAATTTTAAACAGTGTTTGCAATTTTAGAGGTATGGGAGTTGGTCTTACTGTTGGTCTTGGCAGCACTTCATCTGCTTTGGTTTTCGCAGTTTTAGCGTTGCTGTTTTACGGACCTCAACATTTCATCGCTCTTCAGACATGGTGGGTGCTAAGCGTTATTGGACTTTATGGAATTACTATTAGTCTTGGCAGTCAGTGGACTTTGATGCTGAGTTATAAATTTCTTGGAGTAGCGCAAATAAGTTTATGGAGCTCTTTGACAATTGTGGTCGCCCTTCTGGGTGCCAATTTGATGCTAGGAGAACCCATTGGCATCAAAGCATTCAGCGGAGCAATTCTAATTTTATTGGGTTTAACAATAAATCAACTTAGCTCTCGTCAATTAAACCAAAGGTGAAACTAATTTTTGTGCGCAATTACTCTCACTGGAAGGTGACTGAAAGCAATACGAAACCCTTGAAGGGGAAAGCAGGGCAGTTTGTCAGTACTGATCCATCTCCCGACAAAACAACTCAGATCAATCACGCCCCGCCCAGTGCGGGGTTTTTTATTGATGATCAGTTCCAATCGACCAACTTTTGCATCATCATTAAAGTCTTGAATGTTTTATGACATAGCCAGCACATTACGAAAACTTGAGTGTGCAAGTACTTATTTCGGCGCTATCAAGAAGGCAACAAGACGAACAAATTCTCTTTCATGTTAACTCAACGACAAGAAGAACAACTTTTCAAAGGGCAATTCTAAGCTTCGTACCTTTTTTTCCGCTTGTCTATCACGCGTATGAAATCGCCCTCGTAGCCAAGACTATCCAAAGTCCGTCACTGCTATCTTTTTCCTTGCTGATTGTCATAAATATGTCTCTGAGACTGCCCTACATGCGACGTGTAAATAGGCTCGTATTTTTGT
NZ_CP138962.1_gap20	1051115	1055893	4778	GACTCCTTCAATCATTGGAGTGGAATCGAAAGATCCATCTAACCTCCAAAGAGATCCTGCATTAGGCAAAAAATCATAACGAAGACTTCCCGCCCATAACCTTCCCCAGGGATCACACTTTCCATCATTAAATCGATAGCTGGAACGATTCTCCATAGGATTATTCAACGAAGTAATTTGTCCGCTGTCAGGATCAATCATCTTGAATCCATCTGATGTTGCAGCCAATAAATTGCCTTTGCTCGTTGGCACGACACAACCCACATGAAAAACCGTATCTATGAAATGATTATTTTTGGTCTGAGGGTCAAACAAGCCAATACGAGAATCCTCGATATCAACCCAGATCAAAAGTCCACGTTCATCCCACCAGTGGGGACCTTCCGCAAGACGAGCCCCGACCTCAAGAATGCATTCTGCTGAATAAACTTTTACATGTTCTTTCACAATGTCTACCCACTGAAGCCGCAGGCCAATTCTGACAAAACTTTCGAAGCATGTCATGCATGCGAGTGACTCTCCAGAGCTCTCAAGGCAGCCTGCTCGACATTAAGGCTCTCAGTCAATACAGAAGCCGGGGCGGAGATTATTTGCCCTTTGGTGACTCATCAAAAATCATTGGGCTCAAAAAAACACCCCCTAGTCTCGGAGCCAAGGAGTTATTGCAGAATCCAAATCATTACGCATTGTCCTGATTCAACCAGACCCTTTGATCACAGCCCCTGGCCATGTCTGGCATCAAAAAGCCATGCCCTTCCTCTTTCCAGTGGTTGTTGATACAAAAATCACAAGCTTTGCGTTCTTGGGTACGTGAATGATCCTGAAGTCATTAAAGACATTTGGTCATCAAGGCTCAGCCCATGCTGATGCTTCAGTTAATTCCATGACTGGAACCATGAACCTCCAGAAGCGCTACACGGTCAGATATCGAAAATCCAACTGGAAAAGGATCGAAAGCTGCTACTACGCAGGTGATGCATTTGAAGCCAAACGTCTGGCCACTGAGGCTGTTCCGTTCATCCGCGACCATCCCCACTCCATTGAGCTGATCCGTTGCGAGGATTCAAAGCAGATTGAGTCGTTCGCTGGAGTCGAATAGCGATTCCTGGCTAGGTGTGAGGTATCTGATCCCATCGCCATGTACGAAGTTCTGATGGTCGCTCAGCTGCTTGCCCAGGATTCCGGGTTCCAGCAGTGGGTCGACAGTCGTGACCCGGAAGAGCTCTGTCAGCTTTACTCAGACAAAATGATTCCCGACACCATGCTCCCAGGTGGTCGTGATTCAAGCCCGTGCGGGGCAGAAACATTCGACAATCCCATGAATTACGTCATCAAATAAGCGATTCGTCGTTGGGTAATCCAGCTTCCGCCAGCACTGTGAAAGCAGACCCGATCCAACAGAACACATCCAGCAATTACTATTGACTGCCATGATCAGTTTGCATCTATCAAACAACTTCATTTAACATCTTTATACCAGACTGTTAACAATTTATTCAGCCGCTGCCTTCACCAGCAGGAACAACGAAACCATCGAACATTATGCTGATATTGATGTAACAGTGCCTCCCACAGATTGGATGACGGCATTGAATTTCTTTCTTTGCAACCATTGTTGTTATGGCTGCCTGGCGGGTGTCTCAGCGGATCAGATTCGCCTTGAAAAAGCCGAGTCCAAGACCAAAACCTTTGGGCTTGTCTTCCAGAAATGTGATGGCCAGCTCAAAATCCATCAGTCCTTCCTGCTCGATGAGATCACGTGGCAGCTGCCCCTCACGCTGTTCCAGATATCGAGCATGAATCTGTTGTTTGTTCTCACCCAGAAACGTGACAATTTCGCTGAGCACGTGATCACGCCACTCATCCTTGTGGCTTTGTGGCACTGAAGTTTCAGCCAAGGCTCCGGATCACAGGTCGGGCACGACGCTAACGGCGACAGGCAGCCTGTTTCCTAGCGTTGAGACCTGATCGCGGCCATCACTTGCAGCGCCAAGCTCCAACACCAGCCGATGCCACCCGGGCGATTCATCACGGGGAGAGCTTTGCGGAGGAAACGGGCACCGTGATGCCGCCGATCTACTCCACATCGACATTTGCACACGGAAACCCCGGTGGTTTCGATTACACCCGTTCAGGCAATCCCAACTTCCGCATCCTTGAAGGCGTGCTCGCTTCGATGGAGCACTGTGAACATGCCACCGTGTTCGGCTCGGGAGTGAGCGCGATCACAGCAATTGCCTCAAGTCTCAGCCAGGGAGATCTTGTGCTCTGCGAGGAAAACCTCTACGGCTGCACCGTACGCCTGTTTGAACAGGTTTTCGCCAAATTCGGGATCCGCACCGAGTGGGTGGATTTCACTTCACCCGAGGCTGTCTCAAGCATTGCGGCTCGAAAGCCCGCCATGGTCTGGTTGGAAAGCCCCACCAACCCACTGCTCAAGGTGATCGATCTGAGGCAGGTCTGCGCAGCAGCCAAGGCCATCGATGTTCCCGTTGTGGTGGACAACACCTTCGCCACCGCCCTTGTTCAACGCCCGCTGCAGCTTGGAGCCACCCTCTCACTCACGAGCACAACCAAATACATCAACGGGCACTCCGACGCCCTCGGCGGCGCGGTCTGCACCGACGATCCGAGCTGGCAACGGAAGATGGTGTTCGCCCAGAAAGCCCTTGGCCTGCAGCCTTCACCGTTCGACTGCTGGCTGATCACCCGCGGCATCAAGACCCTGCCTCTGCGTCTCAGACAACAAATGGCCAATGCGGCCGCCCTGGCGGATCATCTCGCCGACCATGCCCAGGTGAACTGGGTGCGATACCCCCATCGCCGCGATCACCCCCAACACGTGACTGCGATGCAGCAGATGAGCGCAGGCGGCGCCATCGTCACCATTGGAGTGGAGGCCGGCCGCGAGCAGGCCTATGCCGTGTGCAAGGCCCTGCACTGGTTCACCATGGCCGAAAGCCTCGGCGGCGTGGAGAGCCTGATCTGCCATCCCGCCACGATGACGCACGCATCGGTATCGACAGAGGTCAAACAGAAGCTGGGTATCAGCGATGGCCTGATCCGTGTTTCCGTGGGCTGTGAAGACGCCTCGGATCTGGTAGCAGATCTCGACCAGGCACTTTGCTTGCTCCGATGAGTACGCGCGACCTGCTCCGAGATCCCTGCTGGCAAGGCACCGATCTCGGCCACCCTCTTCCCGATGCCACCCATGCCGTTTCGGTGGCATTGCCTCGATGGAACGATGTCATTGCCTACGAGGAACAGGATCCAGCCTGCCGCGCGGCTCTGCGTGCGGTCTATCCCCGATTCGGTCAGCATCCGCTGGTGGCGGAGTTGGCCGAACGCGCACTGACTGCGTCCGACATTGCCACCTCCAGGGGAGCGAGCAGCTGGCCGTATCCGAACCGCGCAACGGCTGAAGCCGCTCTCGCTCACTGCAGGAAAACGAGGCCTGCAGGAGAAACAGAGCTCACCGGGATTCATGGAGTCACCTGCCTGATTGCCGATGCGGCCAGCACTCCTGCCGCGAAAGCCTTCTGGCAACACACGGGCCTTGGAGCGTCCTCCAGGCAGGCTGCCATCGCCCTCGGTCAAGAGCAGAACGCCAGCGCTTCCGCAGTGGAGAACGCTCGCAGCAAAGTGCTTCGGCGGCTGACGCGGATCTATAGCTGCGAAGGAGATGCGATCAGCCTGCACCCATCTGGCATGTCGGCTCTGCACCGAGCACTTCAACTGATTTCAAGCATTCGGCCCGACAGGCCTGTGCTGCAGATCGGTTTTCCCTATGTGGATGTGCTCAAGCTGCCCCAGGTGGTCTTCAACGGAGCCGAACTGCTGCTGGAAGACAGTGCGGCCAGCGTGAGCGCCGCCCTGGAGCGCATGCAACCTTCAGCAGTGGTGGTGGAGCTGCCCGGCAACCCCCTGCTGCGTTGCATTGATCTGCCAACAATCGCCGAGCTTGCCCACCGGCAGGGCATCCCAGTGATTGCCGACGACACCATCGGCTCCGGGGTCAACATCAACGCGTTGCCCCACGCCGACCTGGTGTTCAGCTCGCTCACCAAAAGCTTCGCCGGCCGTGGGGATGTTCTTGCAGGAAGTCTGGTGCTGAGTCACCACTCGCCCTGGAGAGATCAGCTCGCTGCAGCAGCTCGTTCCCTGAGACCACTGGCGGGTCTCGCTGACAACGATCTCATCGCCCTCGACCAGGGCAGTGCAGACGTGATCGAACGGGTGCATCAGCTCAATCGCAACACGCTTTTGATGGCTGAACGCCTTCGCGATCACCCCGCCGTGAAGACGGTGTTTCATCCCGGTGAATGCAGACACTTCAAGGCTTTGCAACGTCCCGGTGCAGGCCATGGTTGTCTGCTGTCCTTTGAACTCAAAGGAGGCACGCAGGCAGCGCGGCAGGTCTACGACGCACTGGCGGTCTGCAAGGGTCCGAGTCTCGGCACAAGCTTCACGCTGGTCTGCCCCTACGTGCTGCTCGCTCATTACGAGGAGCTGGCCTGGGCGAAACGCTGCGACGTGCCATCCCATCTGCTGCGCGTTTCCGTGGGGCTGGAAGAACCACAGGATCTCTGGGAGCGGTTCCTGCAGGCTCTGGAGAGCGCATGAGCAAATCGACGGTTGGCTGACGGCCCAGAGGTGGCCTCAGCCGACTTGTTATCTGATGCGTTGCACGCTGCTTCATTGACAGAGTTTGAACAAGCTCTTAAGAGCAAGACACCTGAGAGAGAGTCTCACTAAATTGCCAAAACTGGCCATTTCTC
NZ_CP138962.1_gap21	1069462	1073346	3884	CGCTAGCTCAGTTCAGCGCAAAAGCCTTCCATGCTCCGTGGCCGCGACCACCGCCTCGATCAAAGCAGTTCGAACACCGGCTTGTTCCAACTTGCGAAGAGCCGCCATGGTCGTGCCTCCAGGTGAGGCAACCATGTCTTTGAGCTGAGCTGGATGGAGCTGCTGCTGATCAAGCAATTCAGCAGTGCCGGCCAATGTCCGATGAGCCAGATGATGGGCCAGATCACGCGGCAAACCAGCAGCCACTGCGCCATCAGCCATGGCTTCAGCCACAAGAGCCACATAGGCAGGGCCTGAAGAGGTCAGTGCCAGAAACGCATCCAACTTCGACTCCGGCAGCTCAAGTACCTCGCTCACAGGCTCAAAGGCTTCCTTCACCCAGTGACGCTGCTGCGCAGTAACCCCTTCTCCCCATGTCAGACCACACAATCCTTCCCCCACCAGGCAGGGCGTGTTGGGAACAGCACGAACACAGACCCGACCAGGGAATTGTTTTTGGAGACGCTCAAGGGTGACCCCCGCCAGCACAGAGATCAGCAGAGAAGACTGTCCGGATTGAGGTGGCCCAACGCTTTCAGCCAGAGCATCAAGCTGCTGCGGTTTGACGGCCAACAACTGAACCGGTGCCTTCCAGGCATCCATCGCTCTGGGATCCGACGCCGTGACAAGTGTCAGACCATCCGGCAAAGCAGGAGTCAACCGAGCAACAGAAGCATCACTGCCGACAACGCCGATCACATCGGCTGACTGAAGCTTGCCTTTCTCAATCAGAGGAAAGATCAAGGCCTGGGCCATGCGGCCCAAACCGATCACACCAACAGAACCGGTCACCGAAGCGAGGACTCAAAGAGCCGCAGCATCGGAAACCGCCCAGGCAGGTGCAGGGGCGACGCTGCTCTCGACAGAGGCCTGCTCAACATCCTTGGTGACAACGGTGGGAGTGGTGCTTTCTTCCTGACTGGCGTTGGTCACGGTCACGCAACTCGGTGCAAACAGGAAGATGCTCTCGCCGACACGCTCCTGATGACCATCGATGGCGAAGGTTCCACCGGCAACAAAATCAACAGCTCTCTGTGCCTGATCAGGCTCCATCATCGTGAGGTTCAAAATGACAGTTTTGCGTTCACGCAAAGCCTGAATCGCCCTGGGCATTTCATCAAAGCTGCGCGGCTCCATCAGGGAAACTTCTGCTGCACCGGAACTGATTCCAGGCATCCCGATCACATTCGAGCCGGTGAAATTCTGATCCATCTCAAAGGGATTGGATGCATCCAGAGGAGCGAGAGCGCTGCTGTTCACAGATGACATGCTCTGCATGTTGTCTTCTTGCTCGCCCGTGTCGTAGTCGAGCTCGTCATAATCGCCGTCTAGATATTCATCGCCAGCAACGACCGCACGAAGACGAGAAATCAACGACACTGGAAAACCGCAAAACCTTGACCCTGAATAGCGCTCGACGGAGTTGTGAGCAAGCGTGTCCAGATGAATTGATGTCCATCTGATTACTTTGATTGTGTGGTTGTGATCAGGGGGTCACAGACGGACGCTCACCAAACAGTGCGGACCCCACACGAACCCAGGTCGCCCCTGCTGCCGCGGCCTGCGGCCAGTCACCGCTCATTCCCATCGAACACTGCGTCAGATCCAGCTCATCCGCCAGATTGCGGCAAGCCCTGAACAGGTCCTGCCGCTCAGGGATGTCCAGCCCCAACGGAGCCATGGTCATCAGTCCGGCAACATTCAGGCCGGGCAACTGGCGCAGCACCGGCCAGGCCTCTTTCAGTGATTCCGGGTCCCATCCCCCCTTCGAGGGATCAGACCTCAGCTTCACCTGGAACAGCACCGATGGGTAACAGCACTCCTCCACGGCGATTCGGGATGAACGCTCAGCCAGGGCCATCGAATCGATGGAATGAATCCAGCTGAAGGCTCTGACCACGGCACGCACCTTGTTGGCCTGCAGGCGACCAATGAAATGCCAGCGCAAATCAGTGAGGTCCGAGAGAGCCTCCTGCTTGGGCAAGGCCTCCTGAACACGGCTCTCACCGAAGTCGAGCTGACCACAGACTGCAAGCTCTCGAATGGCTGAAGCCGGCTGCATCTTGCTCACAGCAAGCAGATTGACTCCCGGCGGGAGACGCTGCTGCAGTTGCTGCCAGCGGCTCTGAATCTCCGTCACTCGAGCTGTCCGTCTTGCATGGGTCAGATGAAGGTCTGATCGAACAACTGCTTCCAGCTGCCGTAATCCTCCGATGCATCCCGGCGGCGCCTGGCGAGGTTCAACTCGGCGTGATGACGAGCATCGAGATAGGGAATCACCTCGAACTGAGCACCTCTTGGTTGAAGGGTGACAAGAAAAAACATGCGCTGGGCGTACAACGTGGCGTACACATCTCGCCCTTCCCCGGCAGGGGCCACTCTGTAGAGCATCCCAAAGGTGGGGTGATTGAGATAACCCTCAGCGCTCACAGACCTGAAAACGGGGATCAGAGAGCACCGTACCTTCCGCGCAGAACCAGAACAGTGACAAGCCCCACAGCGGCAACCCCGTTGAGAATGCTGCGGGCAACACCCTTCGAGGTCTGCTCCGGACGAAATGCATCAGCGGGCAACCAGGTTCCGCCTCGAGCGAGCAGCGCTTCCGCGCCCTGTTCGGCACGCAAAAGAATGTTGGCCAGGAGGCGCTCTCCAACAGAAAGCACCAGACCGAAGGAGGCTTTGAAACCGAGTCGGCGCAGGTTGACGGCACGACTGGCAAGCGAGCGCAACAGGTTCTGGAGCTCCTCCTGGACCAACGGCAGAAAGCGAAGTGCCAGCAGCAGCTGAAAACTGAGCCGATCAATCGGCACTCCAAGACGAGCCAGGGGAGCCAGCCACCAGCTCAGTGACCACATCAGCTCCTCACTGGGGGTGGACAGCAGCATCAGATTCACGCTGTGGACAACGGTCACGATCAAGGTGGCGCTGTTCAACCCAAGTTCAGCCGAGCGACGATCGACCACAAGCGGCCCCAGCTTCAGGGATCCCAGCTGAAGGGGCCCCAGGCGAACCAGCTCCCAGGAAGGTGACGTGAGCGCGAGGCCTGGAATCTCCGCCGGTGGCCTCAGGTTCAGGCTGGCTCCAGGATCGCCGGTCGGCAGCAGCATGGCCAGCAATCCGACCGCACAACCAAGAACGCTGACCAGCAACAAGGAACGCCACCACAATCGCGCCGGCAAACCACTCACCAGGGTGATCAAGAGCAGGGCCAGCACAAGTGCAACTCGCCAGAGCGGACCTGCCAGCACAGGGGTGAGCAGAAACACCAGCACCCACAACAGCTTCAGGCGTGGATCCAGCTGACGCAACCAGCCTCCGGCACCATCCACGTACTGCCCGATCGGTATCTGCCTCAGCCAATCCATGCCGCTCAGCCCTGGTGGTTCTGCTGCCTGGCCAGATCCCTTTCAGCGTCCCGCTGCTGCTTTCCACGCCAGAACAGCTTCAAGGGAGTGCCGTCGAATCCGAGCCCTTCACGAATCTGACGTTCAACGTATCGGCGGTAGGTATCTCCGAAAAGCTTGGGTTCATTCACGAAAAGAGTGAAACTCGGTGGTCTGGTCGCGACCTGAGTGCCGTAATAAAGCCTGCCCTGACGACCGCCCCGGGTTGTCGGCGGGCTGCGCCAGCTGAGAGCTTCCTTCAGCACTTCGTTGACTACAGAGGTGCTGACACGACGACGGTGCTGCTCCACGGCGAGGACAGCGAGGGCGAAGATACTGTCGACACGCTGGCCGGTGAGAGCTGAGGTGAACAGCATCGGAGCCCAGTCGAGGAAATACAGCTTGGAACGCAGTTCTTTTTCCATGGCAGACATGGTGTGGCTGTCCTTCTCCACGGCATCC
NZ_CP138962.1_gap22	1081983	1083061	1078	TGGTGGGTGCTGCAAGCCAGCGGATGCTGGGCACCGAAGAGGTGATGGTCATGCTGCAGCTCTGCGAAGGTGGTTCAGCAGGCCATCGAAGGCCAGGTCATAACTGAAGGGACCGAAGCCACTCACCACACCAACCGCACGATCAGCCAGAAAGGAGTTATGGCGAAAGGGCTCACGGGCATGCGTGTTGCTGAGATGCAGCTCGACGTAAGGAATGGCCACACCCAGCAGAGCATCACGCAAGGCAATGGAAGTGTGGGTGTAGGCGCCTGCATTCAGGAGAATCCCATCGACCTCGCCCATGGCCTGGTGGACACGCTCCACCAGCGCTCCTTCGAAATTGCTTTGAAAACAGTCCAGTTGCACGCCTGCTGCAGCTGCGCGCTGACTCAGCTCTCCCTCAATCTGCTCGAGAGTCTGATGTCCATAAAGACCTGGTTCTCGTTGCCCCAGCAGGTTGAGGTTGGGACCGTTCAGGAGCAGCAGGCGCATGGCCTAAGGAGTATTCCTCTCGCTTCCAATCGTATCGAGAACCAACGAGAGACACAGACCGCTGAAGAGATCGTCTGGCCGACTGGTAAGTTCTTCCAGTGGTTCGGGTCGGTGCCCGAGTGGTTAATGGGGGCGGACTGTAAATCCGCTGGCTCTGCCTACGTTGGTTCAAATCCAACCCGGCCCATCCACCACAAGCCCTTGTAGCTCAGCGGTAGAGCACTCCCTTGGTAAGGGAGAGGTCTCGAGTTCAAGTCTCGACAAGGGCTTCACTCAACACCCAGGCACCGGGTGTTGAGTCCGGAGGCAATCAAGAAAGGATTGCTGCTCTGGAGCCTCAACTGGTTTTCGGTGGCGTCAACGCGCGATAACGCGTGGCGACAGCCGAAAAGTGCGGCTAGCACTGTAAAAACGACCAGTCCATGGCAGCAACGCCCCTCCTTCTTGCACTGGATCAGGGCACCAGCAGCTCACGCGCCGCCCTGTTCGACACGCGTGGCAACCCCGTTGCAAGCGCCAGTGCTCCCCTGGCCATCAGCTATCCAGCTGACGGATGGGTGGAACAGAGCCCCAGCGAGATCTGGGA
NZ_CP138962.1_gap23	1113864	1117321	3457	CAAGGCAGCGGCCACACGTTTGTCCTGATCTGGCATCGAACTCTGCGGCTTCGTCACCACCACCACCGACTGCTCAACCAGTGATTGGCAAGCAAGACGCCATCCCTCCGGCCTGCGCCTGAGCTTGGCTTCCTCCACTGCTGTTCTGGGACTCATTGCGGCGGCGGTCTCCTCACCTTCAACCCTGACGAAGCAGGTGCTGCACTGACCGCAGCCTCCACAGTTGCCGAGCTGGCCTTTTAAGCCATAGAGCTGAATTCCCTCCCTCACGGCCACAGCGCGAAGGTTTTCGCCCGGAAAGCACTCAACATCCCGACCCTCACGCACAAAACGGATGACAGGCATTGAACCTCGCTAGAGAAAGGCGCTGCGACACGCCGGAACACCGACATTACGAGCCTCAGGTTGCGTTTTGTAACCCTCGGCCACAGATATCCCCAAAGAAAAGCAAACCCAGGAAACCGGCGGTAACGAGAATTTCGATCACCCAGGTGAGCATCAATTCACGTTTCGGCTCACGACAGGCTGACGCGTCCATCGAAGTGAACAGCCTACGATCGCCTGGTCTGGCTGCATTGGCAGCTCCGTTCCCCCGAACCTGACCCATGGGATTGCCCTGGTATCGGGTGCACACCGTCGTGATTAACGACCCAGGCCGTCTTCTGGCCGTGCACCTCATGCACACTGCCCTCGTCGCCGGCTGGGCCGGCTCGATGGCTCTTTATGAACTTGCCATCTTCGACCCCTCCGACCCTGTCCTGAACCCGATGTGGCGTCAGGGCATGTTCGTGATGCCCTTCATGGCCCGACTGGGCGTGACGGACAGCTGGGGAGGTTGGAGCATTACAGGAGCGACGGGCGTTGACCCTGGCTTCTGGAGCTTCGAAGGTGTCGCGGCTGCTCACATCGTGTTCAGTGGCTTGCTCATGCTGGCCGCCATCTGGCACTGGACATTCTGGGATCTTGAAATCTGGCAGGACCCCCGCACCGGCGAGCCGGCTCTCGACCTTCCCAAGATTTTCGGCATCCACCTTCTCCTGGCCGGCCTCGGCTGCTTCGGGTTCGGAGCCTTCCATCTCACAGGAGTCTTCGGACCTGGAATGTGGATTTCTGATCCTTACGGAATCACCGGACACCTCGAGCCGGTACAACCGTCCTGGGGACCGGAGGGCTTCAACCCGTTCAATCCCGGCGGAATCGTCGCCCACCACATTGCGGCTGGAATCGTCGGGATCATTGCCGGTATCTTCCACATCACCACCCGCCCGCCGGAACGCCTTTACAAGGCTCTGAGGATGGGAAACATTGAAACGGTTCTCGCCAGCGCAATTGCAGCTGTGTTTTTCGCAGCTTTCATTGTTGCCGGAACGATGTGGTACGGAGCTGCTGCAACACCAATCGAGCTGTTCGGTCCAACCCGATATCAATGGGACCAGAGCTACTTCAAAACCGAGATCAATCGCCGCGTACAAACGGCAATGGATCAGGGGCAAACCGAGTCCGAGGCTTATGCCTCGATTCCCGAAAAGCTGGCCTTCTACGACTATGTCGGTAACAGCCCTGCCAAAGGTGGTCTGTTCCGCGTCGGCCCCATGGTGAATGGTGACGGCCTGCCGACAGGTTGGTTGGGACACATTTCTTTCACAGACAAGGATGGACGTGATCTTCAGGTTCGTCGCCTTCCCAACTTCTTCGAGAACTTCCCCGTGATTCTTGAAGATTCCGACGGCGTTGTGAGAGCTGACATTCCTTTCCGTCGTGCTGAAGCGAAGTACTCCTTTGAACAGCAAGGTGTTACAGCGACTGTTTTCGGCGGAGCGCTCGACGGTCAAACCTTCACTGACCCTGCAGATGTGAAGCGTCTGGCCCGAAAGGCACAGCTGGGAGAGGCTTTCGAATTCGATCGTGAGACCTACAACTCCGACGGTGTATTCCGCAGTTCACCCAGAGGCTGGTTCACGTTCGGTCACGCCACCTTCGCGTTGCTGTTCTTCTTTGGCCACATTTGGCACGGAGCCCGAACGCTGTACCGCGATGTGTTCGCCGGTATCGATCCCGATCTCGGAGAACAGGTTGAATTCGGTCTCTTCCAGAAACTTGGAGATCGCTCCACCCGCCGACTGCCAGAGGGTTACGTGCCCCCTGCAGGCACACCGCTCAGTTGACCAGTTCTTAGGAGATAACCGATGGAAAGCTTCGCTTACATCCTCATCCTCACCCTTGCGATCGCAACTCTCTTCTTCGCGATCGCATTCCGCGATCCTCCGAAGATCGGCAAGTGATCATCCAGCCCCGCTTTCAGTGGGGCTTTTTTTATGTCTAAAACGTGAATTCGCCCCCACTGATGTCATGGGTGGACGCGAGCCTTACAATTCATACATCTACGTAATTACAAGGGCGTGCAGTGCCCCTCCTGCCAGAACACAGACAGCCGGGTGCTCGAATCAAGAGCCGCCGATGGTGGCAGGAGCGTGCGTCGCCGCCGAGAGTGCCTCAATTGCGAATTTCGTTTCACCACCTACGAACGTGTTGAAACCGTTCCAATCACAGTGATCAAGCGAAACGGAAATCGTGAAACTTTCAGTCGGAGCAAATTGCTTCACGGCTTGAGCAGAGCCTGCGAGAAAACTGGTATTCCGCCAGAACGTCTTGAGACAATGGTTGAAGAGCTTGAACTCAGTCTTCAACAACGCAGTGGCCGTGAAGTCTCCAGCAGCGACATCGGTGAGCTGGTGCTCGAAAAACTGAAACTGCTCAGCGAAGTTGCTTATATCCGTTTTGCATCGGTGTATCGCCAGTTCAGCGGGGTGAGCGATTTTGTGGCCACCCTGGAAGGCATCAATGCAACAAAGGCGGAACTGACAGCAGCGATCTGAGCTTGATCGCTGATCTGTAGACTCAGCAATTGCCTGATTCGGGTCGGCGGGCCTGTTTCAGATTCCATCGCTCTGTCCCAGAGGCAGACCGCCAACGTTCCATGACTGTCACGCCCACAGATCCTTCACAGGAATCGGCAATAGAAACCGCAGAAGCGGTCACATCCTCAACCGAAGCAGTGGCTGAAGGATCATCTGATCAAGCCGATTTCGGTACCGATGAAGATCTCGGCATTCCCGAAGACATTCCCACTGCTGACGATCCCAGCAGTCGGGCAGCCAGCAGGGACATGGACAACGCCGGATTCACGCTGGATGAATTCGCAGCCTTACTGAGTAAGTACGACTACAACTTCAAGCCCGGCGACATTGTCAACGGCACAGTATTCGCCCTGGAATCGAAGGGCGCCATGATCGATATCGGTGCAAAGACCGCGGCATTCATGCCTCTTCAGGAGGTTTCGATCAATCGCGTCGAGGGACTGAGCGATGTGCTTCAACCCGGTGAGATCCGGGAGTTCTTCATCATGAGCGAGGAGAACGAAGATGGACAGCTCTCACTCTCTATCCGGCGCATCGAA
NZ_CP138962.1_gap24	1171211	1173626	2415	ACAGCCTGCCCGAGCTGGCCCTCTACAACCTCGAAACGGTCACCACTGCCGTGGTGCAGAACAGCCTGGTCACCAATCAGCTGGATGCCACACCGAGCTGGAACGACCTGATGGCCAGGCTGGCGAAATGCTCTCGGCGTCACTACAGAGCCCTGGTTCACGACAATCCGGATCTTGTTGCCTTCTTCGAGCAGGTCACTCCCATTGAGGAAATCAGCAAGCTGCAGATTTCGAGTCGTCCGGCCCGGCGCAAATCCGGTGCCAGGGACCTGTCCAGCCTGCGGGCGATCCCATGGGTGTTCGGCTGGACCCAGAGCCGTTTCCTGTTGCCGAGCTGGTTCGGTGTGGGAACAGCTCTCAGTGAGGAGCTGCAGGCTGATCCAGAGCAAATGACCTTGCTGCGCACGCTCCATCAGCGCTGGCCGTTCTTCCGGATGCTGATCTCAAAGGTGGAGATGACACTCTCCAAGGTGGATCTTGATCTAGCCCGTCACTACGTCAGCAGTCTTGGCAGCGCTGATCATCGCGACGCATTTGAACGGATCTACAACACAATCGCGGATGAATACACACTCACCCGACGCCTGGTGCTGGATATCACCAGACAGGAAAGGCTCCTGGATGCAGATCCTGCGCTGCAGCTGTCCGTGAACCTGCGCAACCGCACCATCGTGCCACTGGGATTCCTACAGGTCGCCTTGCTCAAACGACTGCGTGATCAGAACCGTCAGCCACCGATGAGCGAGTTTCCGAGTGACGGCGACGGTCGGACCTACAGCCGCAGCGAGCTTCTCCGTGGAGCTCTGCTGACCATCAACGGCATCGCTGCCGGCATGCGCAACACCGGTTGAGTGGCACTGCTTCCCTTCCGTCAACAGGCCGCCGCTCCAAGGCTCCCGGAGCGCTACAGCGTCAGCATGGAGTTCGTTCCTGACGGGCACAGCATCAATGCCCTGCTTCAGGACTGCGGCGATCAACCACACCCGGTGGAACGTTGGCCACTTGCACTGCAACGCAGCATCTGGCATCTGAGCATCCTTGACAGTGAAGAGCAGCGGCTTGTGGGCTTTGTGAGAGCCACCAGCGATCAGGCGCTCAATGCCAATCTCTGGAACCTCGCTGCCGCTTCAGGACCTGATCAATCCAGATTGCTGGCGGTGCTGGTTCACCGTTCCCTTGCCTGCCTGCGCAGAGATCTGCCTGGATGCAGCATTTCAATTGCAGCACCCGATCAGGCGCTGGATGCACTCAAATCGCGCGGATTCATTCTTGATCCAGGTGGGATCAGAGCAATGGGACTGCGTCTCCGGTAGCTGGTCACTCTTTCTGTACACGAGCATGGAGGGACTCGAACCCCCGACCCTCAGAACCGGAATCTGATGCTCTATCCAACTGAGCTACATGCCCACGCGGCGGCTGGGAGAACAACCACGCTCCGGTTACCTTAGCCACACACCGCACCAGAACCGATTCGGCTTCTCCGGCTCGAACTGCAGGAGTTCCGCAACCACTGCAATCTGCAGCTGGAGATCGATGCGCCTCGTCTGCTTGTGATCGGCAGCAACGGCGTTGGCAAATCCAACCTGCTCGAATCAGTGGAGCTGCTGGGCAGTCTGCGGTCGCATCGATCCAGCCAGGATATGGATCTGATCCACTGGGACGCCTCCCGCGCTCTGCTCAAGGCCACCTGCCTGGATGACGATGTGGTCGAGCTCGAACTGCGGCGACGGGGAGGACGACAGGCACGACGCAACGGCAAGCTGCTGACGCGGCAAATGGATCTGATCGGCCCGCTGCGCTGTGTCGGGTTCAGTGCACTGGATCTGCATCTGGTGCGTGGAGAGCCGGCGCTGAGGCGTCAGTGGCTCGATCGTGTCGTGTTGCAACTCGAACCCGTCTATGGCGACCTGCTCGGTCGCTACAACCGTCTGCTGCGGCAACGCAGTCAATTCTGGAGACGAGGTGGCCTCGGCACATCGCTGGAACGGAACGTCCTGCTGGACAGCTTCGACACCCAGATGGCACTGGTGTGCACACGCATTCACCGACGCCGACGCCGTGCATTGGCGCGACTCGAGCCACTCGCTGCAGCCTGGCAGCAACGTCTCAGCCAGGGCCATGAACAGCTGGAACTGCTGTATTCACCTGGGAGCGTGCTGGAGGGGGAAGAGGCTGAGGAAGCCTGGAGGTTGTCCATCGAAGAGCAACTTCAGCGGCAGCGGCCTGAGGAGGAAAGGCTGGGCAGCTGCAGGGTGGGACCCCATCGCGACGAAATCAATCTGATGCTCAATGGCACCGCAGCCCGTCGCTTCGGCTCTGCCGGGCAGCAGCGCACCGTTGTACTGGCACTGAAGCTCGCCGAACTGGAATTGGTCGGTGAACTCTGTGGTCATCCCCCTTTGCTGCTGCTGGACG
NZ_CP138962.1_gap25	1179549	1180981	1432	ATCGTGATCGGTGGCGGGATTGCCGGTCTCACCGCTGCAGCCCTGCTGGCCCACGAGGATTTGAACGTCACCCTGCTGGAGGCGCACCATCAGCTCGGTGGTTGTGCTGGAACGTTCCGACGGGGGGCCTACACCTTTGATGTGGGGGCGACACAGGTTGCAGGGCTGGAAGCTGGGGGCAGTCATGCACGACTGTTTCAGCACCTGAACATCAGACCTCCCGAAGCCGGGCGACTGGACCCCGGCTGTGTGGTGGATCTCAATGACGGGTCACCTCCGGTGCACCTCTGGCACGATCCCCAGCGCTGGCGCAAGGAGCGCAGCCGGCACTTCCCCGGCAGCGAACGCTTCTGGCAGCTGTGCAGCTGGATTCACCGTCAGAACTGGCAGTTCGCTGCGGCTGACCCAGTGCTCCCGATTCGCACTGGCTGGGATCTCGGACGCACCCTCGCCGCCCTGACCCCCGGGAATCTGGCCTGTGCCCCGCTGAGTCTGCTGACGGTTGCCGATCTGCTGACCCTCAGCGGATGCGGCGGAGACCCACGACTCCGGCGCTTTCTCGACCTGCAGCTGCGGCTGTACTCACAGCAACCGAGCGACCGCACCGCTGCCCTCTATGGCGCCACGGTGTTGCAGATGTGCCAGGCGCCACTGGGGCTTTGGCATCTGCACGGATCGATGCAGAGCCTCAGCGATCAGCTGGCGACGGCCCTGGAACGCGATGGCGGGCGTGTGCTTCTGCGCCATCGCGCCCTGCGATTGGAACGAAACGACGGGCAACCTGGATGGTCGGTGATGGTTGAAGGCCCGGCGAAAACCGAGCAGCGCTTGCAGGCCCGCGAGATCATCTGCAGCCTGCCGCCGCAATGCTTGCCGGGACTGATTCCCGACCCACGACAGATGCCCGAGGGGTATCGCAAGCACCTCAACACACTCAAAGCTCCGAGCGGAGCGATTGTGTTTTACGGAGCTGTTGAACGTCATCATCTGCCGGACAACTGCCCTGGACATCTCCAACGGGATGGAGAGACACCGGGCTCACTGTTCCTGTCGATGAGCCATGACGGTGATGGTCGAGCCCCGGAGGGTCAGGCCACCGTGATCGCCAGTGTGTTCACCTCACCGGAGGGTTGGCACGATCTGGATGAAACGGCTTACCAGAAGCGCAAAAAAGAACTTGGCGACTCGATTCGTGCTGGAGTGAACGCCGCCCTGAAACTGCCCGATCACGCCTGGCTGCATCAGGAACTGGCGACACCGAGGGGGTTCGCCCACTGGACCGGTCGGCCGGATGGCGTGGTGGGTGGCCTTGGCCAGAGCCCAGGTCGGTTCGGGCCCTTCGGACTCGCCAGCCGCACCCCCATCTCCAACCTGTGGCTATGTGGCGATTCCATTCACCCCGGAGAAGGCACTGCTGGAGTAAGCCTGTCAG
NZ_CP138962.1_gap26	1229119	1232860	3741	GGCTCCGAGGAACGCAGCCGGATCAGGATGCTCCCTGGATTGTCGTGGTCAGTCCCTCAGATCTCAGCAGCAGTGAGCCTTTGCTGATCGACTGGCTGATCTGGAATGCCCCGCTGCAGAACCTGCGGGAGGGGGATGGCAGCTGGAGGCTGAGAATCAGCGTGAATGGCGACAGCTTTCTTGTCGACCGCCAGGAGGCCTTGTGGCTGAAAGCTTCAGGCACAGGAAACGGCAGTGTGCAGATGGAACTGCTGGATGGTCTTGGCGATCCCATCACTCCTGTCTTCAACAATCAGTTACGAGCCACTACAACACGTTCAGGCGTCCGCCCGATCTGGATGCAGTCAAAGCTGAGCGATGAGCAGATGGCACGTCTGCTCGGCGTCGCCGTTCCTGAAAGAGAAGAGCCACCAGAGAGAGGCGCACCACCGCCGCAGAGTGAGCTCAATCCTGACTCTGAAACCGAAACTGACTCCGCAACTGGGAGGTCCCTCCAAGACGATCCCTCAGCACCGATCCATTCACCGGAAGCACCGACCACTGAAGAATCAACCATGGAGAAACAATCCATGGATCCACGCCCAGAGCAGAACGACTCCTCGCCTCCGGCCATCACAGCCGACGATGAGCTGCAGGTGCTGTCTGATCAGTCAGCTGCCGACAAGGATGAATCGATGGAGGCCGGCAAAGCCGACAAGGCTGTTCCCGAACGAAGTATCAGGACGGCGGAACCGACAGGTGAGGCAGAGAAACTGCGGATCACCAGCAGCCTGGGAGGATCAGCCAGGGAGCTGGTGAACGAGGATGGCACCCAGCGCTGATTCACTGAGGCCGCTAGCCCTGGATGCTGTCAACACCATCTCCATCCAACCGGTGGGAGCCTCACTCGCACTGGGCCTGTCGGTGAGTGCCTGGCCCCTGCTTCAGCAGCTGCGCCAGGCAGGCCAAGCTGATCGAATAGGGATGACACCCAGGGCGGCCGCAGCACTGCAAACCCTTCCCAGCAACTTGTTGGTCGCACCGGCTTCGCAGCTTCTGACTGAACAGTGGCTGAGTGGTGGACCCACGATCGTGATCGGAGCCATGGGTGCCGTCACACGACTGATCGCACCATTGTTAAGCGACAAGCAAAGCGATCCTGCCGTGGTGGTGATGGATGCACACGGTCGGAACATCGTGCCCCTGATTGGTGGTCATGCGGCAGGAGCGGAAGAGCTGGCCCATGCACTGGCTGCAGCACTGGGCGGGCAGGTGGTGCTGACCGGGGATGCAGCAAGCCAGGAGCGACTGGCTCTCGACGGCTTCGGAGAAGCCTGGGGATGGGTGCGTGGCGGCACGCCGGAAGCATGGCAAGAGCTCATGTTCTCCCAGGCCTCTGGACAACGCCTCAATGTTGTTCAGCAGACAGGAACGGACCTCTGGCGGAGCAGTGCCGCTGGTCAGAATCTCGGCGTTACCGCTGACTCCGAGCACGGGCTTGCCCTTGACATCGGTCCACGCTGCGACGGGGCTCCCTGTCGCTGGCACCCAGCCACGCTCTGGATCGGCATCGGTTGCGAACGCTTGAGCAGCCTTGCGCTGATTCAACGAGCAGTGGATCGTTCTCTTCAGTCCGCAGGACTGGCCAGGGAGGCCGTGGCAGGCATCAGCAGCATTGAGGCCAAGAGTGACGAGCCGGCCCTGCGGCAGTTCTGTGAGCATCGAAGCTGGCCACTGCGACTGTTCAGCGTCCCTGCCCTCGCCGATGTTGCCGTGCCCACGCCCTCTGAGGTGGTGAAGGCGGAGATGGGCACAGCATCCGTTGCGGAAGCCTCCGCTCTTCTGGCATCAGGAGACGGAGCACAGCTGTTGCGAACCAAACGGATCTTCCATGCCGAAGGCAGCGAACAGGGTGCAGTGACGGTGGCGATCGCAGAGGCTGCCCTTCCCTCGGCACCCAGCAGAGGAGAGCTGCATCTGGTGGGAAGCGGGCCAGGCTCACTGCAACTGCTCACTGCCGACGCCCGCACGGCGCTCAGCCATTGCGTTCTCTGGGTGGGATACGGCCTTTACCTGGATCTGCTTGAACCGCTGCGTCGCTGCGATCAGGCCCGATTGGACGGACAACTCACCCGTGAACGGGATCGCTGCATGCAGGCACTGGATCTGGCCCGTCAGGGCGCCCGTGTGGCGCTGATCTCCTCAGGAGACTGCGGTATCTACGGCATGGCTGGGCTGGCGCTGGAGCTCTGGATGGACCTGCCTGAAACAGAGCGCCCTCGCTTCCAGGTGCACCCTGGCCTCTCCGCACTGCAGCTGGCTGCAGCCAGGGCAGGGGCACCACTGATGCACGACTTCTGCACGATCTCTCTCAGCGACCGGCTCACACCCTGGGACGTGATCGAACGACGCATCGAGGCAGCGGCCTCCGGCGACTTTGTGGTTGCGATTTACAACCCTCGCTCCAGGGAACGCGACTGGCAGCTGACAAGGGCCCAGGAGATTCTGCTTCGCGCACGTCCGGAGACCACTCCTGTGGTGATGGCTCGCCAGCTCGGACGCAACGGCGAGCAGGTCAGTGTTCAAAGTCTCGGCAACCTGCGGCCTGATGACGTGGACATGCTTACGGTGTTGGTTATTGGAAACAGCAGCAGCCGCGTTCAGGACGGCCGCATGGTCACCCCCAGGGGTTATCCAGGTGCCGCTCTGAACTGATGACGACCAGGTGCAGTCGGGATGACAGGATTCGAACCTGCGGCCCCTTCGTCCCGAACGAAGTGCGCTACCAAGCTGCGCCACATCCCGATGGCCCGACTGTAGAAGATGACCTCAGTTCTGAAACCTGACTGGTTGCGCGTCAAAGCCCCACAGCGGGAACGCATCGGAGCTGTCGCAGACCTGCTTCTTGACCTCAAGCTCAACACGGTCTGCCAGGAAGCAAGTTGCCCCAATATCGGTGAATGCTTCGCCGGGGGAACCGCCACGTTTCTGATCATGGGGCCCGGCTGCACGCGCGCCTGCCCTTATTGCGACATCGACTTCGACAAGAGCGTTCGAGCGCTGGACCCCACCGAACCGGAGCGTCTTGGTGAAGCGGTGTCGCGGCTGAAACTGAAGCATGTTGTGATCACCTCGGTGAACCGAGACGATCTGAGCGATGGAGGAGCAAGCCAGTTCGTTGCCTGCATCGAGCAGGTGAAACAACGCTCTCCATTCACCACAATCGAACTGCTGATCCCCGACCTTTGCGGCAACTGGGACGCACTGGAAACGGTGATGGACGCCGCACCTCACGTGCTGAACCACAACATCGAAACCGTTCCACGCCTTTACAGACGAGCCAGACCTCAGGGCAATTACGAACGCTCTCTGGAGCTGCTGAGACGGGTGCGGGATGGATGGCCCAGGTCCTACAGCAAATCAGGACTGATGGTGGGTCTCGGAGAAAACGATGCGGAGGTGATCGGAGTGTTGCGCGACTTGCGAGCCCACCGCGTCGACATTGTGACCATCGGCCAGTACCTCTCCCCCGGACCGAGGCACTTACAGGTGAACCGCTTTGTGACTCCGGAACAGTTCGAAAGTTATCGGCGCATTGGCGAAGAAGAGCTGGGTTGCCTGCAGGTGGTGAGCAGTCCACTGACGCGCAGCAGCTATCACGCCGGCGAAGTGCAGCGCCTGATGATCAGCCACCCACGCTGACGATCAGAGCTCATCCCCACCGATCTGGATCCATTGCTGCAACTGCCAGGTGACCAGGCC
NZ_CP138962.1_gap27	1239687	1240661	974	CCAGGCCGACTGAATGGAACCCCCGCTGCAAGAGCAGAGGGAGTGACCCTGCATGTTCCCGATACCCAGCACCAGTTGCTGGAGGGGCTGACACTCGACTACCGAAGTGACATCAGTGGTGGAGGCTTTCTGATCCTGAGCAACGATGCAGTGCGTTGCTGCGCCTGCGGCAGTGCCTTCAGCCGCCTTTGACGGGACTGGCAGGTCGAACCGGTATTGTGATGAATTGTCGAACAGGTCGGATCTCCGGCCGCTACGCGACCGTCGATGCCAACCATTCAGCAACTGATCCGGACCGAGCGCCAGAGCTCTAAGGCGAAAACCAAATCGCCCGCTCTGAAAGCCTGCCCAGAACGACGTGGTGTTTGCACCCGTGTTTACACGTCCACACCCAAGAAGCCCAATTCGGCTTTGCGCAAAGTGGCCCGCGTACGCCTCACCTCCGGATTCGAAGTCACCGCCTACATCGGCGGCATCGGCCACAACCTGCAGGAGCACTCGGTTGTGCTGATCCGGGGCGGTCGCGTCAAGGACCTCCCAGGAGTGCGTTATCACATCATTCGCGGAACTCTTGACACTGCAGGTGTCAAGGACCGCCGCCAGTCCCGTTCCAAGTACGGCGCCAAGTCTCCGAAGGAATGATGGCCAACGATCCATCTTCAGGATCGTGACCTCCATCGCCTTCACCCTTCTCCGTTCCTTTCCCTTTTGACAGTCCATGTCACGCCGTAACGCCGCCGTCAAGCGCCCGGTCCTCCCAGATCCGCAGTTCAACAATCGACTCGCCACCATGCTCGTGGCCAGGTTGATGAAGCATGGAAAGAAGTCGACGGCACAGAGGATCTTGTCCGATGCCTTCAGCCTGATCGGCGACCGCACCGGTGGGGATCCGATCGAACTGTTTGAGACGGCCGTGAAAAATGCGACTCCTCTCGTTGAGGTACGTGCCCGACGCGTCGGGGGTGCCACCTATC
NZ_CP138962.1_gap28	1244682	1249481	4799	AAACGATTGACGCCCTGATGAAGCTCGATCTTCCCAGTGGCGTAGATATCGAGGTCAAACTCTGAGCCCAGCACAGTCATTCGGTCAGCTGCCTAGGATTCCATTTCTCAGAGTTTCAATGCGTGGCTGACCTGTCCGTCAGGGAACTTCCCCTCTTTCCTCTGCCGGATGTTGTTCTGTTCCCGAGCGACGTACTACCTCTGCACATTTTCGAGTCGCGTTACCGGATGATGTTGCAGAGCGTGCTGGAAAGCGATCGTCGCTTCGGCGTTGTGCGTTGGGACCCCCGCAGCCAAAGCATGGCATCCATTGGCTGTTGTGCCGAGGTCATCCAACATCAGACAGGTGATGACGGGCGCAGCAACATCGTGACGCTCGGACAGCAGCGCTTCAGAGTGCTGAATGTGACCCGTGAAACACCTTTTCGCAGCGCCATGGTGAGCTGGATTGAAGATGAGCCTGAAAGCGATCTCGATCAGCTCCACTCCCTCAGTGAATCAGTCACCAAAGCACTCAGAGATGTCGTGGAGCTGACAGGCAAGCTCACTGATGCACCCACCGCACTGCCAGACGATCTGCCGGATCTTCCTCGCGAGCTTTCGTTCTGGATCGGAGCTCACCTAGGGGGCCCAGTGGCCGATCAGCAGCAGGAGCTGCTGGAGCTCACCAATACCCGCTCCAGGCTCGAACAGGAGTTCGAGATGCTCGATGAAACGCGTCGGCAGCTGGCAGCACGCACGGTGCTGCGCGACACCCTCTCCTCCGCAGACTCCGGCAACGGTTGATGTCTCTCTCGACTTTTCTGGCTCCGGCCGTGATCGGCCTTGTAGCCGCTGCTGGGGCGTATGCGCTCTGGACCCGACGCAGCAGGACTTATCACTCCAGTGAAAGCGTCGCCTCCGCCTATGACGCCTGGACCGACGATCGGCTGCTGGAGACCCTCTGGGGTGAACACGTCCACCTCGGACACTACGGGGACCCTCCGATACGACGGGATTTCCGTCGCGCCAAAGCTGATTTCGTGCATGAGCTGGTGCACTGGAGCGGTTTGGATCGCCTGCCTCCGGGCTCGAGAGTGGTCGATGTGGGCTGCGGAATCGGCGGCAGCGCCAGGATTCTGGCCAGAGACTACGGCTTTGATGTTCTGGGTATCAGCATCAGTCCCGCACAGATCCAGAGAGCCACGGAACTAACGCCCGAAGGCCTGTCCTGCCGTTTTGAGGTGATGGACGCGCTGAATCTGAAGCTTGCTGATGCTGAATTTGACGGGGTCTGGAGTGTGGAAGCAGGCCCACACATGCCCGATAAGCAACGGTTCGCCGATGAGCTTCTACGGATTCTGAAACCGGGTGGATCTCTGGCGGTTGCCGACTGGAACCGTCGCGATCCTCGCGACGGAGCTTTGGATGCACGCGAACGCTGGGTGATGCACCAGCTGCTAACCCAGTGGGCTCATCCAGAGTTCGCGAGCATTCCAGGATTCCGGCACAACCTCGAATGCAGCAGTCAGAGCAGGGGGTTGATCGACACAGGGGACTGGACCACAGAGACACTGCCGTCATGGAATGAATCGATCCTTGAAGGATTTCGCAGACCAGGAGCGGTACTCCGACTCGGTCCGCCAGCCCTGCTTCAGGGCCTGCGGGAAACACCCACAATGCTGTTGATGCGCTGGGCATTCGCCCGGGGAATGATGCAGTTCGGCGTGTTCCGACTTGCTTCTGATCAATTGAATGCCGAACTGGGATAAGCGCCGAAATCGGCCAGATGTTCACAAAGAGGGCTGAGAAGCGTCTGAAGTTTCGTCAGCACGACATCAGCTCCGGACGCCGGCAACTCCACATCCACGAAGAAGACGTACTCGCCAAGCTCCCGTTTCGACGGCCTCGACTCGATCCTGCTCATGTTCAGCCCCAGGCCCGAAATCGCCTGGAGCGCTTCAATCAGCGCTCCAGGGGCATTGCGATGCAGAGAGAACGCCAGGCTGGCGAGCTGACCATCCCTCAGCCGCTCTCCGCGTTGGAGCAGCAGGAAACGCGTCCTGTTACCCACGACATCATTCACAGGGAATGCCAGTTCCGCGAGACCCTGCAGTTCGCCAACGGACCGATCCGCAATCGCAGCTCTGAAACGGCTTCCTTTCACCATCCGAGCAGCTTCCGCAGTGGATGTGGTGGGCAACTGGAGCGCCTGCGGCAGATGGGTCGCCAACCAGACACTGCATTGCGCCAGTGCCTGAGGGTGAGACAGCACTTCAGTCACGCTCTCCATCGAACCACTGCTGAGCAGGGCGTGGCGGATCGGGAGCACCAAAGCACGTCGAATGCACAGATCGGGATGCGACCAGAGCGCATCGAGACTGGCCGTGACACCACCCTCCACCGAGTTCTCAACAGGCACCACGGCAGCCTCGCAGCGGCCTTCAGCCACATGGTCGACCACTGAACGCAGCCCGGTGCATGCCACCAACTCAGCATCAATGAGCTGTTCCAGTCGGATCATCTCTTTGGCGGCTCGTTCGCCATAGGTGCCCTTCGGCCCAAGAAACGCCATCCGAATCGGCATGGATCCAAGCACTTGCATCGATAGGATCATGCCGCGTCAGCACAAGGGGCATGACCCTTGCCTTCCGCGCCAGTCAGCATCTCGATCTGCCGGTCGCCAACCAGACCGGGCACCTGCGCAGCTACCTGCAACAGGAAGACCGGGTCATCAAAGCTCTTCTGGATGCACATCAGCTCAACAGAATCGGTCCGGGACGTTACCGATACACCGTCACAACGCTGCAGGTGTTTCAGCTCCAGGTCTGTCCTGTTGTTTCACTGAAGATCGAGCCTGGCGATGGAACGATCTCCATTCAGGCCACCGACGCCACACTGGAGGGACTTGGGCTTGTGGATGACTTCCAGCTGAGCCTGGAAGCGCTCCTGGAAGTGACCGATCAAGGCTTGCAGGGAGAAGCCAAACTGGGGGTGAATGTCAGTCAGCCACCGTTGCTGAAACTGATTCCCAGACGGGTGCTGGAAAGCACCGGCGAGTCGATCCTGAACGGCATCCTGATGACGATCAAAGGTCGGGTCGGGAGGCAGCTGGTGCGAGATTTTGAAGACTGGTCACTGCAGGCCTCAGCTGAAGAGACGACAGGTTCAGAACAGCCCTCAGACACCGGCAAACACCTTGGTGAGGAAGGAGTGGCGATGCATCGAAGTGGCACCTGATGCCAGCAGTGCCGCCCGATGTTGAGCGGTGCCGTATCCGGCATGGCGTTCAAGTGCATAGCCAGGGAAACGTTCTGCAAGGCGGCGGATCAAGGCATCGCGCGCTTGCTTTGCCAGCACGCTGGCAGCAGCGATTGAGGCTTCGCTGCTGTCACCACGCACGATCGTGCGCTGAGGGCCTGTCCACGGGCGCAGGGGAAGGACCCCATCCACAAGCACCAACTCTGGAACCTGCGGGAGTTTTTGAAGCGCACGGAGCATGGCGTATTCCGTCGCCACCCTGATCCCCTTCGCATCCACATCCCTCGCAGCCGCTTGGCCGAGAGCCCAGCTGGTGGCTCGAGCCTCAATTTCGGGAACCAGCGCAGCTCTGCGCTTGGGAGAAAGGGCTTTGCTGTCGGTCAGGCCGAGATCGGAGAGTTCATTCGCAGCGGCATCAGTGAGGCAGACCGCGGCGGCGAAGACAGGCCCGAACCAGCATCCACGGCCAACCTCATCGACTCCGGCAATCACTCGACGGTCGCGGAAGAACGACGACGACGACGACCGGGGCGGGCCTCTTCAGCGGGCTTCTCTGGCTCGGCAACTACGGCTTCTGCAGGCTCAGGCGGCTGTGACGCAGATCGGGAAACTGTTTGTGATGATGTCTGTACATCGTTGACGGGATTCGCCTCCAGTGGGGTGATCTCCACCAGCAGCGGTGAATCTTCAGTGGGTTCTGCTGCATGCACGGGTGAAGGCGCTGGAGAGGTAGATCCATTGCGAGCGCCACCTCGACCACCACGCGAGCCGCGGCGACGGCGGCGACCTGAACTGGCGGCGAGCTGCTGGCGTGCGTCTTCCAGAACAGATTCGGCATCTTCGCCAGGCCGCACCACCCTTACGAGCAGATTGTCACTCTCAGGAAGTGGATCCAGAAGAAGCACAGGATTCAGTCCCAGCCAACCAAAGACCCTTTCCTGGTCATCATCCATCGGCACAGCGACCAGTTCAGGATCCTGACGGCGGTTGGCGCCTGCGGGCTCGGTGGCATCCGATGTGGATTCACCGGCAACAGTCGCCTCCAGACTCGGATCCACCACCTTGTTCTCGGTGGATCCATTGACCCGTCCGCGGCCACCCCGTCGGCGGCGGCCGCCTCCTGAGTCAGCAGGTGCCACGACTTCCGCACGCGCCGCTGTGGCCGATCTCACCAGGCCCGTAGCGGCAGCTTGAGGCTGAGGCAGATCCTTACCAGGCAGAACTGCCTCGTAACCAGGTGAAACTCGACCGAACAACTCATAAATATTCTGGCCCTGACGCTTGCGCGTCATCTCAACCAAGCCGAGCTCGGTGAGCTGGGCGATCTGAGGGCGAGCCGTGTCATCGCGCATCGCCATCATGAAATGCTCCAGCAGCTGCAGCTGATCACGACGGGAATCCATGTCGATGAAGTCGACGACGATCACCCCCCCGATGTTGCGGAGCTTCAACTGCCGTCCAATCTCAACAGCGGCTTCGCAGTTGGTCCAGAGAACCGTCTCTCGCGCGTTGGCGGAACGCGTGAACGAGCCTGAGTTCACATCGATCACTGTGAGGGCC
NZ_CP138962.1_gap29	1267545	1272331	4786	CTGCAACTGAGCGATCAAAGCATCAGCTTTGTCGCTCAACTTGATGGATAGCTGAGACATCGTGCCCATAACATCTCTCTTATCTGTAGCAGATGGGTCTCATCACTACCACTCATGCGTCGATCCAGGCGGCAAGGGAGGGATCAAAACCATCCTTTTCGAACACAGTGCGACCGAGAGCAATGGCGTCATATCCCGCTGCCAGCCAGTGGCAGAGGTCACAGGCGCGTAAACCTCCAGCTGCAATCATGAAGGGGAGATTGCCCATCGGCGCAGCGATCTGGCGATAAAACTGCCGACCCAGCACGCTTGCTGGAAACAACTTCACCAAACGGCAACCCAGATCGCAGGCCTGTCGAATTTCAGAGGGCGTCATCACACCCGGCACCAGCAAAAAGCCGAGCTGATCGGCTCTCTGCTGTAACTCCGCATGCAACAGCGGCGACATGGCATAGCTGAAACCAAGCTCCGCCACCTGCTGGAGAGCCGACTGCTGCGTGATCGATGCAGCTCCTAAAGACAGACGTGGGTGGCGTGACCTCGCTGCCATCACAAGATCGCACCAGCGAGGATGTTCAATCCAGGCGATTTCTACATGCTGAACACCCGCCTCGACAAGCTGATCCAGCTGACAAAAGAGACGGGTGGTCGCAAAGTCTGAATCCAGATCATCGAGGTCTGGGCGCAGAACAACAAGCAAGGGCTGGATCCGCAATGAGCGGATCAAGCCCTCCTCACAATCAGACGTATTCGGCAATACGGACATCGCTGCGGATCAGCAGCTCCTGGAATTCTTCAGCATCCACTGTTTCCTGATCCACAAGCATTTCGGCGAGTTCGTCGAGCACAGGACGGTTATCGACAAGAACCTTCGTGGCACGTCTGTAAGCCAGAGCCACAAGATCGGAGACTTCCTCGTCGATGGTGGCAGCGGTGTCTTCCGAGAAATCACGTTCAGCAGCGATGTCACGCCCAAGGAACATGCCCCCCTGGGATCGGCCAAGAGCAACTGGCCCAAGCTTGTCACTCATACCGAACCGGGTGATCATCTGTCTCGCAGTTGAAGCGACCTGCTGAAGGTCGTTGGAAGCACCGGTGGTGACTTCATCTTCTCCGTAGACGATCTCTTCGGCGACACGCCCCCCTAGCGCAACGGCCATCTGATTCTGGAGGTAAGTGCGGGAATAGAGGCCTGACTCCATACGCTCTTCACTGGGTGTGAAGAAGGTCAGTCCTCCGGCGTTTCCACGCGGAATGATTGAAATCTTCTGAACAGGGTCGTAATCGGGCATCAGTGCACCGACAAGCGCATGTCCGGCTTCGTGATAGGCAACAAGACGCTTGCGTCGATCACTCATCACGCTGTCCTTCTTCTCAGGACCGGCCATGACACGCTCAATGGCATCGCTGATTTCATCGTTGCTGACTTCACTCAGATCACGACGGGCCGCGAGAATGGCCGCCTCGTTCAACAGGTTGGAGAGGTCTGCACCCGTGTAACCGGGGGTACGTCGCGCGACCTTGTCGAGATCGACGTCTTTGGACAATGTCTTTCCACGGGCATGCACCCCGAGAATCTGCAGTCGACCTGCATAGTCGGGACGGTCCACCGTGACCTGGCGATCAAAACGACCAGGACGCATCAGCGCTGAATCGAGGACATCCGGACGGTTGGTGGCAGCAACAATGATGATGCCGGTGTTTCCCTCAAAACCATCCATCTCAGTGAGCAGCTGATTGAGTGTCTGCTCGCGCTCATCATTTCCACCGCCCATGCCGGCTCCGCGCTGACGACCGACCGCATCAATCTCGTCGATGAAAACGATGCAGGGCGCGTTTTTCTTGGCCTGCTCGAACAGATCACGGACCCTGCTTGCGCCGACTCCGACAAACATCTCGACGAACTCCGAGCCGGAGATCGAAAAGAAAGGGACGTTAGCTTCTCCAGCCACAGCCTTTGCCAGCAGAGTTTTGCCGGTACCGGGAGGCCCAACTAACAGCACACCCTTCGGAATCTTCGCCCCAACAGCGGTGAATCGGTCAGGGTTTTTGAGGAAGTCGACCACCTCGGTGAGTTCGAGCTTGGCGCCTTCAATCCCTGCAACATCGCCGAAGGTGATTTGCGTGGAAGGCTCCATTTGCACACGGGCCTTGCTCTTCCCGAAATTCATGGCGGGATTGCCGCCACCACCACCGGACTGAGCACGTCGGAAGAGGAAGAACAACCCTCCCAGCAGCAACAAGGGGAAGATCAGACTCGACGCAGCCTGCTGCCAGGCACCTGGCTGACGCGAAGGCTGGACAGCGATATCAACGTTGTGATCAGTCAGCAGCTTCAGAAGATCCTTGTCGGGAGCAAGGTTCACTTCGGCGCGTCTTCCATCGGTCTCGACGACCTGGGCGGTGCCTCGATCGGGGGAAAGAAGCACTCTGCTGACCTGGTCTTCCTGAACCCGTTCAACAAAATCGCTGTAGCGGAGGGAGCGTGCCTCCGGCTGAGGACCGCCGGCACCACCGAAGAAAGCTGGTGCAATCACGACGATTGCTAGCACTAGGAGGGCGCCAAGGCCGATGTTCCGCCAACGTTTGTTCAAGGGTCTTTCGCCTCTGATGAAGGAATGTTAATAGGAAGCTGAGAGCTCAGGCGGACCGGAGCACATCAACAACGCTCTTGAAGGCGAACCACTCAGGGATCTCTTCACCGCTGCGCAGCATCTTGCGGAACTGAGTCCCGCTGAGTTTCTTCACGTGCAGCCCTCTGGCCTCGGCATGTTCCGCTGTGACGTAACCCTCCTCTTCGGTGAAAACGAGGTTGAGAGACGGCACCGTCTCCATTGTGAGCTCGGGCGCGCACTCCTTGGCAAAGTTCTGAGCGTCATAGGGGCCATAGAAGTCATCACCGCTCAGGGATGACTTACAGCCGGCCATATCGCGACCGATGATGAAGTGGGTGCATCCGTAGTTACGGCGAATGATCATGTGCTGCAACGCCTCCCGCGGACCAGCCATGTGCATGGCATAGGGGAGGTAGGCCCAGCGGATCCTGGAGTTATCGACTTCGGCGGCCAGTCGCTCGTAGGTCTGGAATCGCACTGCGCCGGGAATGTCATCCTGCTGCGTTGGACCACAGGTGGGGTGGACCAGCACCACAGCGTTTTCACTGACATTGCTGGCATGCAGTGCTCTTGTGAACAGCTCGTAGTGGGCTCTGTGAATGGGATTGCGGCACTGGAAGGCCACGACGTCTTCGCCTTCGGGCAGGCCAGCCCGGACCTCAGCTGGAGTCTTGCAGGGGAACACGCGGGAGGGCAGTTCCAGGCCCTGAATCAAGCCCCCCAGATAGAAGCGACGGCGCTCAGTGGCGATCATGCGCACCGCCGGATGTTCCAGCGACGTGGTGCCGTAGCACCCCTTGGCTTCGGTGACCTTGTCAGGTTCCCATTTGTCCTCCACGGTGAGCACCGCAAGCTCCTGGCCCTTGTAGGTGAGAAGAACCTTTTCTCCGACAGTGATGTCCTCACGATCGGTGTCCATCACAATCGGCAGGCCGAACAGATATCCAGAGGTGGTTCGGTGCCCTGCCACCACCGCGTCGTAATCGGCCTGGTGCATGAAGCCCCTCTCCGGGGAAAAGCCTCCCACCACAAGCAGCTCCACGTCACAGGCATTGCGATCGGAGCATTCGATACGGGTGGTGGCAGAGGCCTTCAGGGCAGCCTTCTCAGCTTCAGGAGCCATCAGGTCCACGAGAGTGCCGCCGTAGGGGGCGATGACGCCGGCCTGAGATGACGAAGTGCTGGCAGACATGAAAAGCCGGGGAGCGTTGGGGAACGCGATTATCCCAGACAGCAGGCCGTGGATTCAGCCACGATCACGCACAAAAAAAGGGGCCTCAGCCCCTTTCAATCAATGAATCGTTCGAGTGAATCAGGATTCCTCGAGCTGCCCGTAAAGCTCCCCGGTGATCTTGACGTCGACAACTTCTCGGCCTCCCATATCAGAGTCGGAAGGCTGGATTGCAGAGAACACTCCCGCAAATTCACCGGTCTCGGGGTCGACACGTGTAATTGAAAGACTCATCACACCCTGACCGTCGATGTAGCGCTTTTTGTTTTCCTTATCGAGCTTCTGATAGTCACCGCCGAGACCGATCAGACCCTGTGGGTAGTCCACACCGGTGGTCAGAGCACGACCTTTGGGGTCAATGAAATTGCTTGTGCGGTAGCTGGGAGTCCGGTATTCACCCTCGAAATCAGTGCTGGTGGTGATGGCGGCACCTTCAGCTTCGGCCTGGAGGTTTTTGCTGGAGAACGTGAATGGGAATTCCTCTCCACCTGGAACCAGAACGGTGATGGGCTGGAAGTCGATGCCGCCCTCCTCTTTGAACGTGAGACCGTTTTCATCAACAGCGAGATCTCCATACACCTGATCAAGGCTTGAGGTGTAGCGGGTGAGGATCTTGCCCTCAACAAACTGAGCTTCCTGACGCTTGTTGGCAGGCTCACCTTTGATGAAGACCTGACTGGGATGCATGCAGATAGCTCTCAGCTGGTAATCATTGCCAGGAGTGAGCGGGATGGAACCACGGGCGGATTCGGGAAGCGTTGGGCAATCGTTCGCCTTGCCGGTGTTACGGATGTCGTCGTACGTGATGTTGGAACGGTCAACAGCCTCAGCACCCCCGCTGCAGGCAGTGACGAAGGTCAGACAGAAAGCCAGCACAAGGGCCAGCAGAGGACGGATGCGCATGGAGGAAAAGCCGAAACGCCGGCTGTTGACGATGTCC
NZ_CP138962.1_gap30	1278323	1279684	1361	AGGTCACCATCACCGCAGACCGAGAGACCATCACAACGGCGATCGATCCCAAACCGGCGGGCCAGCAGACCTGGCCCTGCCGCGATCCGTTCAGGCTCATCAGGCAATGCCACAGCACGCAACAACACGCCGTTCGCCCAGTCAGCACGGTCGGTCACCACATTGACGCAGTGGTGGATGCCATAGCTCACATACACATAAAACCGAGCAGGTTCTCCAAACAGGGTTTCGTTTTGAGGTGAGCGGCGCCGGTAGCCGTGGCAGGCAGGTTCATCCTGCGAATACGCCTCGGTTTCCACAATCACGCCCCAGAGCAGACGTCCATCGCCCTCTCGTTTCACCAGGCGGCAGCCAACCAACTCAGGTCCCACCGCCTCCGCAGGACGGCAGAAAAAGGGTTCAGTAAGAGCGGGGAAATCTGAAGTGACGGGTTGAGTGAGGATGAGTGTTGCTTGTGCGAGAGCGTCAGAGCCCTAGCTGCAGCGTCGTGATGGAAACTCAGGGGCCATGCAGGTCTCTTTAACTCAGAATCTCGCAGCGACAGGCAACTTGTCGGCTCCGTTCCGAAGCGTCCGGGCAACAACAAGCGTGCACGGAACCTGGCAGCCTGAAAGCACTGGTCACTGTCAGGGATGAATCCAGCGCTTCAGCAACGGCGAGAGTTCTGCTTTCTGGTGCTCGCCGGGCTGTTTCTGGGGACGCTGGGCATGCTGAACATTCTTGGCCTGACCCGTTTCCTCGAACTGGGGCACATCGGCTCCTGGCCAGTGGTGGTGGCTGTAGGTGCCCTGCCTTACCCGATCACCTTTCTCTGCACGGATCTGATCAGTGAGCTCTGGGGAGAGAAGCGTGCCGCGCAGGTGGTTTGGGTTGGCCTGCTGCTGAACGGCTGGGTCGTGCTGATCCTCTGGCTTGGAGGAGTACTGCCCGGAGTGGAGGGAGCGCCTGATGCCACCTTTTTCGAAATCCAACGACTGGCCTTCGGATCAGTGATCGCCTCCATGGCGGCCTATCTGACGGCTCAGTTCGTGGATGTGCGCATGTTCCATTTCTGGAAAAAAGTGAGCAACGGCAAGGCCCTTTGGCTGCGCAACAACGGCTCCACGCTGGTGAGCCAGCTGGTGGACACGAGCGCTGTTGTACTGATCAGCCATTTCGCCTCAGGCGTTCTACCCATGCGGCCCGGTGAGCCGGTGGCGCCGCAACTGATCTCCTTCATCGCCAGCGGTTATCTGTTCAAGTCAGCCGCTGCACTGGCGGACACCCTGCCGTTCATCTGGATCACAGGTCGACTGAGGCAGTGGCTTGAGATTCCCTGCAGCGGCAGTGAGATCGGAGGCGATGACGATCCCTGCATGCAA
NZ_CP138962.1_gap31	1282737	1284658	1921	GGCCAGCGAGGACGGATAATTCCGTCTGCAGCTGCCCAACCGTGAGCAAGGAGACGCGCGACGCTAACGCCGAAGGACGTCCCTCCTACAAGGACACGCTCAACCTGCTGCAGACCAGCTTCGGCATGCGCGCCAATGCGGTGAAGCGGGAACCGGAGCTGCAGTCCTTCTGGGCCGAGCAGGGCATCGACCTGAAGCTCGGCCTCAACAACCCAGGGCCGGTCTTCACGCTGCACGACGGGCCTCCCTACGCCAATGGCCCCCTGCACATGGGCCACGCCTTGAACAAGGTTCTCAAGGATGTGATCAACAAATATCAGATTCTTCGAGGGCGCAAGGTTCGCTACATCCCAGGCTGGGACTGCCATGGCCTGCCGATCGAACTGAAGGTGCTGCAGTCGATGGATCAGGAGCAGCGCCAGAGCCTCACTCCGATCAAACTGCGCAAGAAGGCTGCCGCCTACGCCCGCAAGCAGGTGGACAGCCAGATGAAAGGATTTCAACGCTGGGGGATCTGGGCCGACTGGCAAGAGCCCTACCTCACCCTTCAGAAGGACTATGAAGCCGCCCAGATCAGGGTCTTCGGCGACATGGTTCTGAAAGGCCACATCTACAGGGGCCTGAAACCGGTGCACTGGAGTCCCAGCTCACGCACAGCACTGGCGGAGGCTGAACTCGAATACCCCGACGGGCATACCAGCCCCAGCGTTTACGTCGCCTTTCCGGCAGTTGAACTGCCGGAGCCGCTGCGCGACACCCTGACAACGGCGGGCATCACCTTGCCCAGTGAGGCCGATGCGCTCGGGCAGGCACTTCAGGTGGCGATCTGGACCACAACCCCATGGACGCTCCCGGCCAACCTGGCGGTTTCGGTCAACGAGCGGCTGGACTATGCCCTGGCAGACGATGGCCAGGGGCGACTGCTAGTTGTTGCCGCAGACCTGATCGACTCCCTTGCTGCAACCCTCGAGTTGCCACTCGCGCGCAAGGCAACGATCAAAGGGGCACTGCTCGCTGGCCTGACGTATCGCCATCCTCTGCTGGACCGCACGAGTCCCTTGGTGATAGGCGGCGACTACATCACCACGGAATCAGGCACTGGTCTGGTGCATACCGCTCCTGGCCATGGTGTCGATGACTTCCACACCGGCCAGAAAAACGGGCTGCCTGTTCTCTGTCCTGTCGACGAAGCAGGCACCCTCACCGAAGAAGCGGGAGCCTTCGCCGGCCTCAACGTGCTGAAGGATGCCAACCCCGCAATCATCGACGCGCTTGAGACGGCGGGAGCACTGCTCAAGCAGGAGGACTATGGACACCGCTACCCCTACGACTGGCGCACGAAAAAGCCCACGATCTTCCGTGCCACTGAACAATGGTTCGCCTCCGTCGACGGCTTCCGGCAGCAGGCCCTCGATGCCATTGATCAGGTCGAGTGGACACCCGCTTCAGGGCGGAATCGCATCGAAGCGATGGTCAAGGAACGTGGCGACTGGTGTATCTCACGTCAGCGCACCTGGGGTGTGCCGATCCCCGTTTTCTACAACCGCAGTGGAGGCGAAGTGCTGCTCAACGCCGACACAGTGGCTCACATCGAAGCGCTCATCGGCGAACACGGTGCCGATGTGTGGTGGGAAAAAGACGAAGCTGATCTGCTGCCACCCAGCTATGCCGGTCAGGCTGAGCAATGGCGCAAGGGCACCGACACCATGGACGTGTGGTTCGACTCCGGCTCCAGCTGGGCAGCGGTGTCCAACCAGAAAGAAACCCTTCACTACCCGGCGGATCTGTACCTGGAGGGCTCCGATCAACATCGCGGCTGGTTCCAGAGCTCACTGCTCACCTCGGTGGCGGTCAATGGTCATGCGCCCTACCAGCGAGTGCTCACCCACGGTTTCGCCCTGGATGAGAGGGGCCGCAAAAT
NZ_CP138962.1_gap32	1484230	1487258	3028	AAGCCGATAGTCGTGATCGAGGGGACTGCGGTGAAGCCATAGAAGGTGCACCTCCAGACAAGCGGCACCGTAATCGGCATTGCTGTCGGTTGTTGGAAAAGCCCGATCCAGATTCAGCACCTCAAGGCCAAGACGCCAGGGCAGGAATGGATAAATTCAAGTCAGAAGTTTATTCATCCATGTTTTCGGAATTTGCTTTTTTAGAAACAATATTTACTATCGTCAGCTTCCGTTCTGGACGGCGGGGATTGTCACCATCAGCAGCTTCAGCAGATTTAGTAAAAGTCATAAAAGATAAATTAGAAAGGCGAAGTTTTTTGTCTTTTTCAATACCTTCAGCAAGATGTTGAAGAAATACTCGAGCAATTTTTAATGTTTGCTCATAAGGAAGATTTTCTGCTTCAGAAATAGACGATGCAATATCTTTGAGGGTGCAAAGCTTGTCCTGCACGCTGATGCTGTCAGTATCAACATGAGGCTTCTCATGATAATTTACAGTTTCGCAAAAACTTGGAAGTGGATCTGCAAGTGATATTGCCTCCTTGAAGGATATACGCTGATCTAGGGGCATCATCACTGGATAATTGCAGAACACTTGATCCCAAGGACGATTAAACAACCAACCATCTGGGAATGTTGAGGGATATCCAAATACTGCAATCTGCATTTGTCCTTCTTCCAAGAAACATCTCACATCCTCAATGAATGGGAGAGCAGCTTGAGATGAGTTGTCGGTTTTAATTGTTGACACGGTGTTTTTAGGAGGATGAGTGCCCTGATTTTCAGAAAGTGGCAAAGAATCAGAAGCTGAACGAGAATTAGGATCTTTGTTAAAAATCCTATTAAAAAAGTTTAACATTAATACAATGCTGATTGATTGAATTTAATTAAGTTCATCTAATTATTTCATGCTAATCTGCCTGAATCGCAAATTTTGACAATACAAATCGAGAATCAAGTAGTTTCAACTTTTTTATTTGAATCTTTACGGCGCATAACTGCTACCTTGCGTTCGGGTCGTCCTGCCTTCCCATCCTCAGGCTCTTTGGCTGGAAGGATACGAGGAGTGAAGGTTAAGCCAGGCAGTTTGAGCTTTTCACCATTATCAATGGCTTGCTCAAAACGCTCAAGCAATGCTTTGGTAACTTTGCGAACCTTTCCCGCATGAATATTTTCAGCTTCGGATATGGCTTGATTGATTTCTTTTAAATTCATAGTGACCTCATCGAGGAATAGAGAAAATGGATTTGTCGCTATACACGACTCCAACATTAATTTACCACAAAAGCGACGATAGCCTCAAAATATCTGCGGACCAAGACAGCAAATCTGCCTATTGCTCAAATCCCAACATACCTGTGGGAGCTAGCGCGGACTATATCAAGGGTGAGAGCCCTTCAAAGTTAATTCAATCAACCAAAACTGGCGGTTGCAGAAAGCAATTCCTCTTGATGCACCTCGACTGCGAATATTCAGCTCAAGAGGGAATCGCACTCATCAGTAAAATTTAATTCCACAAAAATCTGTTTTTTTAACACAGTCCGACAATCGCCACGCCATCCATGACAACGACTAACTCGTACTGTAAAATTTAAATAATTTTGGCTATGGCAACTATAAAACTTACAATTTGAACATAACGATTTCACTATAGAATCGGCAAAACATAAAAAGCCTTATACTCAAAAATTCCTAGCGAAGGCGGATTCACAATGAAATTACTTCTTAGAACAAAAATACTTAAGTCTCTAAGCCTTCTTTGCTATGTAGCTTTTCTTGCGACGGTGCTACTCACAACAAAGTCTTATGGGGAAAAGTCATCAATCACAAACCTATCAACCATACAACTAACTCTATGCTCCGTGTTGAGTCTGTCTATTCCTATTGCACTGTTTATCAAAAAAAAACGATTTAAAAACGCAAAATTGGCTCACGTGGATCATCCTATCTTGCGGCTGCGCCTTTCTAGCAATGGATGACAAATTCATATACCACGAAAACCTGGACAAAGCAATCCACTCATTATTTAAATGGCAAGAAACAAAACTAAGTGATAGGATTGATGACATCATAGTGGCTTTTACGGATTGCTTGGAATAATCTTTATTGCTCTCAATAAAAAATATTTTGATTTTTCTCCGAGATTTATGACCTACGCCAAATGCGCTCTTGGCCTGGCTTTTGTAATGGTTATAAGTGACATGAGGTCAATCTTTGGACTGGAGGAAAATCTCAATGAAATATTAAAACATGTTGAGGAGTGGGCAAAAATTTTTGGAGGAGGCTTTCTTTTTATTGGCTTGCTTTGCGCACTTGAAGATGCAATATTTCTTCGGCAACGTGCTGTTTGAGCGAAATTTCAAAATTCAAACAACCCTTCACGCAGGTGAGATAAACTTAGCACTTTTGTTCATGACGTACTTATAGTTCAAACATTCAGATAATCAGGAATAAAGCAAAACCAATATCCATTATATTTTCTCCTAAAACCCTCAAAAATACACTTAATGCCCAACACTCTTTAGGAGTTAGCAAAAACCAATCCATTGAAAGGATAATTTATAGAAACTGTTTTTACTCAATGGGCAAGCAACCGCGACCACTTGAACACCTCTCGAAGGCTCTCAACCAGCCCACCGGGAGACTGAAACGAGAAAACCATGCGCTGTTACAAGAAGCTCTCACCCATACCTCCAGCGGTATCAACCCGCATCATGAGCAACTGGAATTTCTGGGTGATGCAGTGCTGCGGCTCGCTGCCAGTGAATTCATCGCCTCTTTTTATCCCAGCATGCCGGTAGGTGAACGTTCCAGCCTCAGGGGCCAACTGGTCAGTGATCGTTGGTTGGCAGAACTGGGCTCCAGAATTGAGATAGAACGCTGGTGGCGGATCGGGCCCAAAGCCAGCGGCGATGCCACAGCGGCAGCAACGATCCGCGCCGAACTCAGCGAAGCGCTGATAGGCGCGGTTTACAAGATCGACGGCCTTAGCGGAGTACATCAATGGCTGACTCCCCATTGGCAACGC
NZ_CP138962.1_gap33	1555380	1558700	3320	GGGAAGCCCGACCTTGTTGCTCCAGTGGCCGGGTGATGAACATAAAAAAGCCAGGACGCGTGAACGCCCTGACTGAGATTGAAGATCACAGCAGTGATGCTTCGAGACTGATCAGTAACGGTAGTGATCGGGCTTGTAGGGACCCTCCACAGGCACATTGATGTAGTCAGCCTGATCCTTGCTCAGTTCGGTGAGCTGGGCACCAATGCGCCCCAGGTGCAGACGAGCCACCATCTCATCAAGGTGTTTCGGCAATACATACACCTCCTTTCCATATTCTTTGCCCTTGGTGAAGATCTCAATCTGAGCAAGCACCTGATTGGTGAAGGAGTTACTCATCACGAAACTGGGGTGACCCGTGGCGCAGCCCAGATTCACCAAACGACCTTCCGCCAGCAGAATGATCTTGTTGCCGCTGGGCAGTGTGATGTGATCGACCTGGGGCTTGATGTTTTCCCACTCATACTCTTTGAGTGATGCCACATCGATTTCGTTATCAAAATGACCGATGTTGCAGACAATCGCCTCATCTTTCATCTTCACCAGATGCTCACTGCGGATCACCTGATAGTTACCGGTGGCAGTCACGAAGATGTCCATCTCATCGACAACATCTTCAAGACGGACAACGCGATAGCCCTCCATGGCTGCCTGCAGAGCACAGATGGGATCCACTTCTGCAATACAGACAGTGGCGCCCAGCCCACGCAGGGACTGAGCGGAGCCCTTGCCCACATCGCCGTAGCCAATCACCAGGGCCTGCTTACCAGCCACCATGACGTCGGTGGCACGCTTGATGCTGTCGACCAATGACTCACGGCAGCCGTAGAGGTTGTCGAACTTGCTCTTGGTGACTGAGTCGTTGACGTTGATGGCGGGGAAAGGCAGCTCACCGCTCTTCTGCATCTTGTAAAGACGTGCCACACCAGTGGTGGTCTCTTCGGTCACACCTTGAATCTGTGCTTTGGTGCGGCTGTAGAAGCTGGAATCCTGAGCCAGTTTCTTCTTGATGGAGGCGAAGAGATAGGTCTCTTCCTCATTCGAAGGGTTGTCCAGAACTGTGATGTCCTGCTCGGCCTTGCTTCCCAGCATCACCAAGCCGGTGGCATCGCCACCGTCGTCGAGGATCATGTTGGGTGAGCCACCATCACCCCATTCGAGGATGCGGTGCGTGTACTCCCAGTACTCCTCAAGAGTTTCACCCTTGACCGCGAAGACTGGGATTCCCTTGGCAGCAATGGCTGCAGCAGCGTGGTCCTGAGTCGAGAAAATGTTGCAGGAGGCCCAGCGCACATCGGCACCGAGCTCGACCAGGGTTTCAATCAGTACCGCAGTCTGGATCGTCATGTGCAGAGAACCGGCGATACGGGCACCCTTCAGAGGCTTTTCGCTGCCGTATTTCTTGCGCAATGCCATCAGACCGGGCATCTCGGTCTCGGCGATATCGAGTTCCTTCCGACCAAAATCAGCCTGATTGATATCAGCAATAACGCAATCGACGCCAAGCTTCAGCTCAGCAGAGGACGTGGGCGCTGCCACCATGGTTTGTGTGCTCCCTAAGAAGGATGTGGAGTTGAATATCTGCGGAGACGCCGAGGCTTCGGGCTCGCTTATCAAACAATCTACCGATCGGAGCTGGATCCTGAAGGATCTGGAGGCCACGCGAGCCCTGGGCAGGTATCTGGTGCAACAGCCTGACCGGCCATCACTGCTGCTGCTTGAGGGCACGCTCGGCGCGGGGAAAACCTCTCTGGTGCAGGGTCTCGCTGCTGCTGCGGGGATTGAGGAGCCAATCACAAGCCCCACCTTTGCCCTCTCTCAGCACTACCCCCATGGCAAGCCACCATTGGTTCACCTGGACCTCTACAGACTTGAGCTGGCTGCTGCAGCCGATGAGCTGTTCCTACAGGAAGAGGAAGAAGCACTGGGGATGGGTGCCATTCTCGTTGTGGAATGGGCTGAACGACTGAGCCTGAGGCTGCCGGAAGCCTGGCGAATGCAGCTGTCCCACCGGATTGAAGGCGGGCGGCTGGCCACTCTTCGCAGAAACAATCAGCCCATTGCGGACTGAACTAAATGTCTTTAAGACCTGGGAACACCATTCTCAGATCAGCGCTCTGCACGATCAGGAATCGAGTTGCTCAAGAAACTCCACCACCCTGCAGGGAAGGGGTTGCGGATCGATCGCCCCTGCACCGGCACAGACCAGTGCTCCGCAGGCGGCCGCGTAGCGGACCACCTGCTCCACCACGGCTGCGCTGAGCTCAAGTGGCTGACCGATTGACGGGGTGAGAGCCACCAGCTGATGCAGCAATCCAGCCGTGAAAGCATCACCAGCCCCTGTGGTATCGACGATCTGAGGCGGTGCCAGAACCGCCATCGACCCGCTGTGGCTCGCCATGAACCATCGCACCGGATGACCACCGTCAGTCACCAGCACATCGGGCTGCTGCGAGAGCGAAGCGCTGATCTCTGCGGGATCGCTGCTGTTGAACAACCACTGCGCTTCCTCCCTGGCCATTTTGATCAATCCGGCTTTTTCAAGCAAAGGACGCATCAGAGCCAGAGCCTGCGCAGGAGGGCCTGCCAGCGGGTCCGCAGCAGGATCCCAGAACGTCGGTCGCCAGTTCACATCCAGGGCAATGCGCAACCCGTCGCGCTCAGCCTGATTGACCGCTGAAAGCAAGGCTGAAGAGGAAGCCTCCGAAGCCAGGGGGATCGTGCCGACCAACAACCAGCGTGCCTCCGCGGCGAGAGCGCACCAGATCGGATCAAGAACGGTCTGGTTCAGGGCCTGATCAGCAAACCCCTCACCGCTGTCACCGGCAAACCCTTGAAAAACACGTTCGCCGCTGGAATCACGACGGACAAGCACCACACGACTGGGCCGATGCGGATCAATCTGGAGACCGCGCAGATCAACACCACGATTACTGAGCATCTCGTGAAAATTTTTTCCGATGACATCGGCACCCAATCGCCCGATGAAAGCGACCGGGGTTCCAAGTCGGGCCAATGCACAGGCCACGTTGGCCGGGGCTCCGCCCAAACGGTCATCACAGTCCTGAGGAGCAGCAGTGGCGGGATCTCGGCCCAGCGGTCCAAGCCGATCGACAAGGGCCTCACCGAGACAAAGCACCTGCGGAGCGGAATCGGACATCAGACCTGCGGCGGTTATCGGCAGCGTGGCCAGAAATCACTTGCACGTCAGGCAGCGCAAGCAGAGATACAGATTCAGCGGAAGTGCTCCAGCAAAGCGGCAATGATGCGGGTATTCGCTGCCGGGAAGGGGTAATCGGCGAGTTCGGACGGTTTCACCC
NZ_CP138962.1_gap34	1573793	1574442	649	CAGGCTTCCTGTCAGGCTGAATCTACCACCGGCTTGCCAGAGGCGCTTGCAGAGGCCTCTGAGACGTCATTCTTTTAGGGGGTGCACCCCCCATCCCGCTCCATGTCTGACCTCAGCCCATCGGCAGCGCCAGTATCAGCACAGCTCCCACCACTGGTGGTGGTGTTGCTCGGGCCCACCGCCAGCGGCAAAACGGCTCTGGCCCTCGAGCTTGCGGAGCGCTTTGAGCTGGAGATTCTCAACATCGACTCACGGCAGCTCTACACGGGAATGGATGTGGGCACCGCGAAACCCACCCCGGAACAGAGAGCGCGGGTGCCGCATCATCTGCTCGATCTGCGCGCGCCTGATCAGCCGATCACCCTGCGCGAATTTCAGGAAGAAGCGCTGGCAGCGATCAACCGCTGCCTGGAACAACGCGGTGCCGCTTTTCTGGTGGGGGGCAGCGGCCTGTATCTCAAGGCGCTGACTGCTGGGTTGCAGCCACCCTCGGTTGCACCTCAGCCGGCATTGCGCCAGCAACTCACAACGATCGGCCAGGAAGCCTGTCATCAGTTGCTGGTGGATGCAGATCCAGAGTCAGGCAGGAAAATCGCAGCAGCCGATGCAGTGCGTACCCAACGCGCTCTGGAGGTTCTCTATGCCACCG
NZ_CP138962.1_gap35	1598223	1598772	549	GGGTCTGGATCCCAAATGATCTGTTGCGCAGCCAGCAGATTGAGCCAGTGCCAGATGCGATCAGGCTCCGGCAACTCAAGATTGAGTGCCAAATGCTCCGGCCCATCAGGAGCGGCTGCGGATTGCGACACGAAGCAAAGCTGATGATCACCTGATTCCGACCAGTTCAGGCGGCGTTGCGGCAGACCCTGCACCGGCACGTGCTGCCAGAGCAGATGAGGAAGCAACTGATCCCATGCCATCCCGCAACAACTGATGCGCGGCTGGGCACCAAAAGCCAGCGGCCCCACCCAGCGGGGTGCCGGGTAATGGCGCCACATCTCAAGCCATTGGCCCCAGGAACCCGGGTCAGATCGAAGCTGAGCCGCGGATGGCAGCGGGGCTTCCTCTACCAAAAGAGCGCGAGGTGGATCGACAGGAGGCAGACGGTTCCAGGGTCGACGCCCGGATCGAGCAGGCCCTTGCTTCAGCAAGCGAGCATGCAGACGCCGCACCGAGGGCAACACCGCTTGCTGGGATTCAACCGCAGCTGATCCGGTGAGACTGCGT
NZ_CP138962.1_gap36	1670000	1672470	2470	GTTCAGGGTCCACTGAGGGATCAATAGCCTCTGGCATTCACAGGTTAGACCCGGTCTCGCGAAATGATCAGTGATTCGCTAATCCAAGCCGATCGCTCCAGAGTGCAAGCTGCTCTTCGACCCGAGCAAACCCAGTGCCACCCTCACTGAGGCGAGCGGCAACAACCTGCCGAGGTGCGAGAGCATCAAACAGGTCGGCGTCAATGGAGGGGTGAAACTGTCGCCAGCGTTCAAGGCTCAGATCACGCAGCAAAAGCCCATCGCTCAGGCACTGTTTCACCACCGATCCAACAATCTGATAAGCCTCGCGGAAAGGAACCTGTCGAGCCACCAGATAATCGGCTACATCGGTGGCATTGGAGAAATCAGAACCGACAGCGGCTTCCAGCCGATCAGGACGAAAGCTCAGACCCTCCTCGATCAGAATCGTCATCGCCTCGAGGCACTGGAAGCTGGTGTTCACCACATCAAAAAGAGCTTCCTTGTCTTCCTGAAAATCCTTGTTGTAGGCCAGCGGCAGCCCCTTGATCATGGTCAGCAATCCCTGCAGATGTCCGAACACCCGGCCGCACTTGCCGCGAACCAGTTCAGGAACATCAGGATTTTTCTTCTGCGGCATGAGGCTGCTGCCGGTGGCGCATCGATCACTCAGACGCACAAATCCGCATTCCTCGGAAGCCCAGAAGATCACCTCCTCGGCCAGACGACTGAGATGCACCATCAACAACGAAGCGGCAGCTGAAAACTCCACAGCGAAATCACGGTCACTGACAGCATCCAGGCTGTTGGCATAAATCCCTTCGAAGTCCAAGGCTGCGGCGGTGCTGTGCCGATCAATCGGCACAGGCGTTCCAGCCAGGGCTGCGGCACCCAACGGCGAGCAGTTGACGCGCTTGCGCACATCCTGAAACCGTTGACGATCGCGCTCGAGCATCTCCACATAAGCAAGCAGATGGTGCGCCAGACACACGGGCTGCGCCCTCTGTAGGTGGGTGTAACCGGGAATCAGCGTGTTGCGGTGATCAAGCGCCTGACGCAGCAAAGCGGTCTGAAACAGCCGCACCAGCGGGTCCAGCTCATCGATGCGACGGCGAAGCCACAGACGCAGATCCGTGCCCACCTGATCATTGCGGCTGCGTCCTGTATGCAACTTTTTTCCCACAGGCCCGCGCAGGGCAATCAAACGACGCTCTACTGCAAAGTGCACATCCTCATCGTCGATGCCGGGATTGAAGCTGCCGGCAGCCGCTTCCGCGCGGATCTGTTCCAGACCGCTGCAGAGCTGATCCGCTTCCGCCTGGTCGATAACGCCGCAGTCGGCCAACATGCGGGCATGGGCCACTGAACCATCAAGATCCTCCTGCAGAAGGGTGATGTCAAAGCCGATCGAGGCATTGAACCGTTCGATCGCCGGATGCAGTCCCTGTTCGAACCGATCACTCCAGGTGGCGGAGCCTCCGCCCGTCACTCCACCGGCCATCGTCCACCCTCAACACAGACCCATTCAGCTTGTCAGGCCGGAGACCGTGGAACCGATGGCAACATCACCTCTTCCCGAACCTTGAGAACCACCATCGAGGCATCATCCTCGAGTTGTCTGTCCGCCCCCACAAAACGATCGAGACGACTGAACAACTGATCAAGAATTCCCTGCGAGCCCGTGCCCGAACGACAGGCAGTCTCGAGGTTGCGGATCAGGCGCGCTTCATCAAAGCGATCTCCGGTCAGGCCCGGAGCCTCGGTCACGCCATCGGTGTAATACAGCAGCACATCGCCGGGCTCGAGCACCGTGGAACCACTTCCGTATTCAGCCTCAGGCTGCAGACCGATCAACAGACCTGGTGCATCCAGCCGACTGATGCAGCGCTGCTGTGCCCGCCAGATCAAAGGGGGATTGTGAGCTGCATTGGCAAAGCGAAGCCGTCGCGTTCGCGGATCAAAGTCCGAATAAAAGAGAGTCACAAAGCGATGGGACTGGGACAGATCCTCAAGCGCGAGCTGGTTGAGATCATGAAGAATGCGGTCCGGCGGTAATCCGCTCAGCACTTCCGCACGCAACATGCCGCGCAGCATCGTCATCAGCAGGCCGGCTGGAAAGCCCTTACCCATCACATCGCCCATCACCAGCGACCAGCGACCTCGCTCTCGCCGTCGACCGATCAACTCCGGACGAGTGGGGATGAAGTCGTAGTAATCGCCACCCACCTGAAAGGCAGGACGGCAACGGGCCGCGAGTTCGACACCCTCAATCACCGGACAATGATCCGGCAACAACTGGGCCTGAATCTCGGCACCGATGCTGAGCTGGCGATCCATTCGCTCATGCAGACGGGCCTCCTGGAGCATCTGATCGTTTTCGATCGCAACACCGGTGAGATCCGCCACGAGCTGCACATTGCGACGGTGAGAATCACTCCAGACCAGCGAGCCAGACGTGTTGAACACATAGAGACGTCCACGCTGGCGACCT
NZ_CP138962.1_gap37	1782630	1783657	1027	TCGTTGAGGGATTCAGCTGGGCGACCTCGCACTTTCCCCTCAACCTGCAGCACGGTTTCGCTGCGCAGATGTTCGGCCACAGCAAATGCCTCTGCACCGAGATCGGGGTCCACGGTGATCTGCACTGTGCCGCTGCGATCGCGCAGGTCAATGAAAATCACACCGCCGTGGTCCCGGCGTCGATCCACCCAGCCGCACAGCTGCACCTGCTTATCAATGTGCTGCTTGCGCAGGTCGCCGCAACCGTTGCTGCGCATGGGATCAATTCAGCTGGTGACAGGCGAGTTTCCCATAGCCCGTGCCCCTTTATCCACGCCTGTAGAAGGGCCGCTTCACCACCGTGGCCGGTTGCACCTGCCCGCGGATCTCCACACCAAGTTCGCTGCCGATCTTGGCCAGTTCCTTGGGCACAACGGCAAGGGCGATGGCCTCCTCCAGGGTGGGTGACCAGCTGCCACTGGTGACCACCCCCACCTTTTCACCGTTGTGCAGCACTGGATAGTCATGCCTGGCAATGGCTCGGCCCTTCAGCTTCAATCCCACCAACCGCTGTGAGGGCCCGTCGGCAGCGACCTGCTCCAGAGCCTTGCGTCCAATGAAGTCCTGCGGCATCTCGAGGTGGACCAGCCAACCCAGGCCTGTTTCGAATGGGTTGGTGCTGGCGGTCATGTCCTGGCCGTAAAGGTGCATGGCGGCCTCCAGACGCAGGGTGTCGCGTGCTCCTAGGCCGCACGGCATCACATCCAGTTCCAGCAGTCGTGACCAGAGTTTGCGTCCATCTGTCTGGTTCAGCAGGAGTTCAGCACCGTCTTCTCCCGTGTAGCCGGTCCGGGCGCAGAACACCTCTTTGCCCAGCCCTTGAAGTCGCAATTGGCGATGGCCAAAGCGAGGTAGCTCATGCAGAGGTTCTCCGCTCAGCTTCTCGAGAATGGCAATGGCCTTCGGACCCTGCAGAGCCAGCAGCACGCCATCCTTCTTTTCGTCCTCAACACGCAGACCTCGCGGTTCCAGCTGCTGTTTCAGCCAG
NZ_CP138962.1_gap38	1805463	1809888	4425	GAGACACAGTCAGATGTAAAGGAAGTTTGTAGTCAATTCGAAAATGTTCACCAGGTAATTTGTGCATTGCCGGGGCCGACCAACAAAGCTGACTGTCTCAATAATATTCTTGCAGCTGTTTTAGCCTTTGAAAAGGCTGCTGCAGTCAAATTTTCTGGCTTTATTTTGCATGACGCAGAAGATGTGATTTCACCATTAGAGCTTCGTTTGTTTAATCTTATGATCGAACGAAATGATTTAGTGCAAATACCTGTTTATCCATACCTTCGTCGTAATTGGTGGAGTTTTACAGCCAATCATTATGCTGATGAATTTGCTGAATGGCATGGAAAAGAGGTTGTGATCCGTGAAGCACTTGCTGGCTTGGTTCCAAGTGCTGGAGTTGGAACTTGCTTTAGCCGAAGAGCTTTGACTTTGCTTCTTGATGAAGGTGATGGAATAGCTTTTTCAACACAAAGCCTGACTGAGGATTATGACATTGGAATTCGGTTGCGTCAGGCTGGTATGCGCGAAATATTTGTTCGCTACAGTCCGCGAGAACCGTCTCTTGCGCCTTTGAGGGAGCGTCGATTTGGTGTTCAGAGGCGAGCGAGTCAAGTCATATGCGTTCGTGAAAATTTTCCACACACAATATCAACTTCTGTCCGTCAAAAAGCTCGTTGGATAACAGGCATCGTTTTTCAAGGATCTTTATCTTTGCCTTGGTCTGATGATTGGCTCATAAATTATTTTCTTTGGCGTGATAGAAGGGGTGGAATTAGTAATATGATAGGCCTTTTAGCAATGATAATTACATTACAGCTTTCGATTGTTTGGATAATTAGTTATTACAACTTTGGAGATTGGGATTTTCCTTCTGTGTTGGGAAATAGTCAAATCTTATCCACCCTTCTTCTTTTGACTGGGTTTCTCCTATGCAACCGAATAATTCAGAGATTTTATTTTACTACGGTTTTCTATGGTTTCTGCTCTGGCTTGATGGCGATCCCCAGAATGTTTTGGGCAAACTTGATAAATTTTCTTGCTAATTTTCAGGCTATTCGTTTAATTCTGGCAATCGGCAGTATTCGTAAAGTTGCCTGGGATAAAACAACTCATGTTTTTCCAAGTATTGCATCTTCCACAAGACGTCGACCGTTGGGTCAAATATTATTAGAACAGGGAGTCATTACACCTCCACAATTACAGAAGTGTCTTGAAAGTAGTGGACGCCGCCGAATTGGTAGAACCCTACTTGATTTTGACATGTTGACGACAGTGCAACTCGGCGTTGCTCTTGCCGAGCAGCAAAACTTGGAATACTACAATCTTAATCCTTTTCAAAGAGATTTTTCCTTACTCAAGCTTTTGGGTGAAGGATTGGCTTTTAAATATTCAATTTTACCTCTGTGTGTTGACTCCGGTGTTTTGGTTTTCGCACGTGAGAGTGCTATGAGCAAAGTCGCTCTAGGCGCAATTAGTCGTAAACTCAAATTGCCTACTCGACAGGTCATTGCGCCACTCGGCCGTGTACAAATTGGCCTTATTAATTCATATAGATCTGATGAATCAAATTTGTTGAATTCGAATCTACCCCGTTTAAAGTCATTATTTGAACATGATATTGTTGTATTTGATAATTTTTGTAGTCACCTGATGCTTCTTGGTGATTTAGCTGTGGAAATGGGCTTGATTAGTCAGTCTGTTCTTAGTCAAGCGTTGATAAGTTTCGATCCTTTATATCAAAAATTGGGTGACCACTTAGTTGAATTAGACCTTCTGAGTGTAGAAAGTCTTCAGGGCTTGCTTGAAGAGCAAAAACGTCAGCGTTTATTAGGCTTTTCAATTATTGGAGGAGTTTCTTGATGGGTAAGGCAATTAGCAAGTCTAAGATTTGGTGGAATTCGCTTGTTTTGGTGGTTTTTCTTTTTATTTGCACTGATTCAAATAAAACTGCTCAAGCAAATGTTTTCACTAACTTGATTCGTGATTGGAAAGAGTTCAGTAGTTACCCTTCTTTGGCAAGAGCATCTAGAGCCTTATCCGAGGGTCGATATTCTGATGCAGAACGTGAAGCTCGATTTGTTCTCAACCAAATTGACACTAATTCCCATCAAGCCAGATTAATACTCGCTGAGGCACTTCTTGCGCAACGTCAGTATGGACATGCTCTCGATGCCTTACAAGTGTCCATCGAAGAGCCTCTTTATCGACAGATTCAATTGATTTGGTTGAATCAATCAACTCCTGTACCTGAAAGCAGGGTTGAGCAATGGCTTCAACAGCATACGCAGGGTCTGCATCGCGAGTCTTTGATTAAGGGGCGATCTGAGCAATTAAAGCGATTGTACGGTGCGAAAAAAGCATGGAATTGGCTTCGTAAACGTGGAGGCGATGTTGTTTATCGTAGTGGTCTTGCTGAATTAGCTGATGATTGGGTAGCTATTGTCGAAGAACTATCGCCCTTAGCACAAAACGACTCAGAATTGTCACCATTACTTCAACAACGTTTGAATTTCGCGAGAGCAACTTTAAATCAACAACGTTTAAATTCTACTAAGAGAAGAGAGTTGACAATGAATACTTTGTCTGCGCTTCCCCCTCCACCTACACTTGATGAACTGAGCTTCAATCTAGTTACCTCAGGTAAGCTTCGACAAGCATTGGACCTCTTAGAAAAACGTCTCGTTGAGGATTATTCGCCTGAGAGTTTAATTCCTGAAGGTTTAGCTAATCGTCTAATTAATCTTTATGCTCAACTTGGTGCACCAAAAGCTTCCTTTCTGAAACGCCTATCTATCCGCCTTCCTGTCTATGAACGTGGCGTATTGTTTGAACAACTTGCTTTTTCCGGCGATTGTGCCATTTTGCCTGAGATGACCATACTTTCTTCTGAATCGGCATCTGCAGGAGAATGGTTAGCGTATGGCCAGTGTGCAATTCAGCAAACACCAGGTGAAGCTTCTGTTTACTTGGATCAAGCGTTTTTATTAGGACGCGAGGACTCTCGCAGCCTGTTGGCATTTGCTCTTGCCGCTAGTGGTGAACCAGAGCGTGCTTATGAACTTTGGGAAGGCTTACCTTCTACTGAGAAGAACCAATCTTCAATACAGGCAGGAATGTCACAAGTTTCTTTGCAACTTAATCAACTGGAGAATGCAAATAAACATTGGCAAAATCTTACCGAAAAAAGTATCGACCATTGGCGATTGGGAGCTTTAATTGCTGCCAAGCGTGGCGAGTTGTTTTCTGCATATGAGCGCTATGAAATTGTTCTTGGTGAAAGCCAAAATGCCTCAGACTTTTATCAAGGAGCGTTAATTGCTAGAGATATTGGTAATTCTGATAAAGCGCTGGAATGGCTTGAGAAAGCAAATAAATTAGATCCAAATAATTTTCGTTATCTTAGTGATTATGGATTTACTTTGAGTCAAGACACTCGCCGGAAAATTCAAGATCAGGCACTCCCCGTCTTATTGAGCGCAAGCCAAATTAGCGATGAAAACCCTGAGATCGAGGCTGAGATTGCGAAGCTCTTTAAAGAACGTCGTGATTATCAATCATCATTGAAACACTATAAACGTGCTATTTGGCTTGAGCAGGACGCATTGAGTTCCACCGAAGCTTTGACATTGCCTTCGCAACATCAACGTCTGTATGGGCTCAAAAGAAATTATGAATTTCTTTCTAGAATTGATAATTTACACATCGATTTTACTGTGTCCCCTTATGGCTCTGCTCAAAGCATTGATGATTTGTTTATTGACGATGTTCTCCTTGAGTATCAGCAAGGTATTGTCGGTTCTTTGATTTACGAGCGTCGTTTGTCTGATCAAGATATCTTTAGCTACACAAGATTCATCTCATCTTCTGATTTGTCTCAGCCAGATTTCCAGACATCTGGTGGTTTTGGTTTTAGATATAAACCATTCTACGATTTGAATATTAACTTATTTGCCGAATATTTTCAGTCGCGTTTGGCTGATACGAGTTCTGATGATGCTTTGCTTCGTATTAATGGTTCTGTTTTAGATCAGGGTGATTGGAGTGCCGAATGGAAGGCAGATCGTGATGTATGGAACGAGAGATTTTTCTATTTTGATTCAGCTTATTTTGTTGAGCAATCTCAGCTAATTGGCTTGTATCGTTATTCCCAAGGCAGAACTTGGAAACTACCCGGGGACGTTGCTCAAACATTAAGTCCATACTTTTTCTCCCAGATGGCTCATCAAGACTATGAGTATGACGTTCGTATAGGAATTGGCGTGCGATGGCAGATCTGGCTAAACGAAGACGAATTTCGTGCGTATCGTCACAAACTAACGACTCGATTGGAGTATCAGCAACCATTGTCTGGTGACCTATATCAGCAGACTCCTGGCGTGAGATTGAGCTTTCAGATTAACCTATGAAAACTTACTCGTTCCAATTTCACGTTCGGCTTTT
NZ_CP138962.1_gap39	1840625	1844696	4071	TTCCGGCAGCGATGCCGGGTTATGCCAGTGACCTGGTGATGGCCGGAGGCACCTTCGTTGACGGCAGCACCAGTGAGTTCTCCGCTGATGCGCCCTTGCGCGAGCCCTTCAATCTGTACGTTCAGGGCGGGACCCATCACGCCCATGTCGAGCTTGCCTTGATCAAGGCGCTGGAAGCCCTGGCTGCGGCAGGACACCTGAATCTGGCGCACACTGATTGAGAGACGCTGATGCGGCCTGATGGCCTTCGACTTCCCTGCCTCCTACCGCTATGCGGACAGCCATGAGTACGCCTGGCAGGACGCTGATTCGATCCGTGTCGGTCTGAGTGCCTATGCCGTGGATCAACTCGGCGACATTGTGTTTGTGGATCTCCCAGAGGTGGGTGCTGATCTCGGCCGTGGATCCAGCTTCGGGACCGTTGAGTCGGTCAAGGCTGTTGAGGAGATGTATGCCCCCCTCAGTGGCAAGGTTCTGCAGCGCAATGAAGCTTTGCTGGCCAATCCCGAAGAACTGCAGAAGGATCCCCATGGAGAGGGCTGGTTGCTCGTGATCCGTCCGAGCGATCTGACCCAGTTGGAGCAGTTGATGGACGCCGCGACCTACGCGGCCAAGGTTGCCGCGACCTAATATCACATCGTCCCCCAGGTCAAGTTGCCTAAAGTCAGCGACCTCCAACTCGTTGCACCATGACCCTGCTGGACAAGCGTGTGGTGAGAACAACGGAAGTTCCGTGTCTGCCACCGTTTGCTCAGCGTCATATCGGACCTGGACCCGCAGCCAACCAGCTGATGCTCGATCAGCTTGGCTTCAGTGATCTTGAGAGTTTTCTGCAGGCCGTCGTGCCGCAGGACATCCTTGACGCAAGTCCGCCCCAGGCACAGCTCCCGGGGGGCGTTGGAGAGGCCCAAGCTCTCTCTGAGCTGCGTCAGCTGGCCGGTCTCAACCGAGTTAACCGGTCATTGATCGGCCTCGGCTACCACGGCACCGTCACGCCGGCGTTAATCCAGCGGCAGGTGCTGGAAAACCCATCCTGGTACACGGCCTACACCCCTTATCAGGCTGAAATAGCCCAGGGTCGCCTGGAGGCACTGCTCAATTTCCAGACTTTGATCACTGAGCTGACCGGTCTGCCGATCGCCAATGCCTCGCTTCTGGATGAGGCCACAGCGGCAGCGGAGGCAATGTCGATGAGCTTCGGGGTCTGCAAGCGAGCAGAAGCCCGCCGTTTTCTGGTGGATGCCGCCGTGTTGCCACAGACCCTGGCGGTTCTGCGCACCAGGGCTCAGCCGATCGGAATTCAGCTCGAGGTGGCTGAGCCGGATCAGTTCGCCTGGGGTGACGATGTGTTCGGTGTGCTGCTGCAACTGCCTGGACGTTGCGGTCGGCTCTGGGACCCTCGTTCCTGTATCTCCAGGGCCCATGAGCATGGCGCATTGGTCACTGTGGCCATCGATCCATTGGCGCAGGTGCTGCTTGAACCTGTTGGTGCTCTCGGTGCCGACATTGCCGTGGGCAGTGCCCAGCGTTTCGGTGTTCCAATGGGTGGTGGTGGTCCCCATGCAGCCTTCTTCGCCACGCGCGATGCCTATCGCCGGCAGGTGCCCGGACGGATCGTCGGGCAGTCAAAAGATGCTGAAGGCAATGTCGCCCTGCGTCTGGCATTGCAGACCCGCGAGCAGCACATCCGCCGAGACAAAGCCACCAGCAACATCTGCACAGCCCAGGTGCTGCTGGCGGTGATGGCCTCGTTTTATGCCGTCCACCACGGGCCGGAAGGCCTGGAGCTGATCGCTCGACGCGTGCTGCATCTCCGCTGTCAGCTTGAACAGGGACTGCGTTCACTCGGTCTCTCCCTACCGCAGGGATCTCGCTTCGACAGCGTTGATGTGCTCTGCGCACAGGCGCCTCAGGTGCATCAGCTGGCAGCCCGAGCCGGTTTCAACCTCCGGGTTCTTCCCGATGGCGCGCCGATCGAACAGGCGGAAGGATTCGGTGTCAGCCTCGATGAGCTCAGCGACAACCGGGAGGTGTCACAGCTGCTTTCACTGGTGGCAGAGGCCACTGGGAGCAATTTTTCTGAACGATCTGAGACCGCGCATCACGATGAGTCTCTGGCAGGCTTGCCGTTGCGCTCAACCCCCTGGCTGCAGCAGCCGGTGTTTCACCGCTATCGCAGTGAGACCGAGCTGCTTCGCTACATCCAGCGTCTGGTCAGCAAAGACCTTTCGCTGGTGCATGGGATGATTCCTCTGGGCAGCTGCACCATGAAGCTCAATGCGGCAGCGGAGCTGGCACCGGTGAGCTGGAGGGAGTTTGGGAGCATTCATCCCTTCGCCCCCTCGGAACAGCTGAAGGGCAATCAGCACATGGCGCGGGACCTTGAGAGCTGGTTGGCTGAGCTCACCGGTTTTGCCGGGGTTTCATTGCAGCCGAATGCCGGCTCCCAGGGGGAATTCGCGGGTCTGCTGGTGATTCGCGCCTGGCATCAGGCCCGGGGCGAGGGCCATCGCGATGTGTGCCTGATTCCCACAAGTGCCCATGGCACCAACCCTGCCAGTGCGGTGATGGCTGGCATGCGTGTCGTGCCTGTGGCCTGCGATGACCAGGGCAATGTCGATGTCGATGACCTGCGCGACAAGCTTTCTGAGCATGCCGATGTCCTGGCGGCGCTGATGGTCACCTATCCCTCCACCCACGGGGTGTTTGAGACCCGAATCCGTGAGATCTGCAGCCTCGTTCATGACCATGGAGGACAGGTGTATCTCGATGGCGCCAATCTCAACGCTCAGGTCGGTGTCTGCAGACCAGGGGCCTTCGGGGCGGATGTCTGCCATCTCAACCTCCACAAGACGTTCTGTATTCCCCATGGCGGCGGTGGCCCAGGGGTTGGCCCCATCGGTGTGGGTGAGCATCTGCTGCCATTTCTCCCCGGTCATCCCTTGACGTCCTGCGGCGGTGACCGGTCCATTTCAGCGGTGTCTGCTGCTCCCCTGGGCAGTGCAGGCATCCTGCCGATCAGCTGGATGTATCTGCGTTTGATGGGCCCTGCTGGCCTGCGGCACGCCACCGCCGTGGCTCTGCTGTCAGCCAATTATCTGGCGCATCGGCTGGATTCTCACTACCCGGTGCTGTTTCGGGGAGAGGGAGGACTCGTGGCCCATGAATGCATTCTTGATCTGCGGGACCTGAAGCGCAGCGCCGGTCTGGAGGTTGATGACCTGGCCAAGCGTCTGATGGATTACGGCTTCCACGCTCCGACGGTCAGCTGGCCGGTGGCGGGCACTGTGATGGTGGAGCCCACCGAAAGCGAGAGCATGGAAGAGCTTGATCGTTTTTGTGACGCGATGATCGCGATCCGCGCAGAAGTATCAGCGATTGAAAATGGCGACAGCGACCGTGAGAACAATCCTCTGCGCCGCGCTCCCCACACGTTGAGCGCAGTGACCGCTGATCACTGGGATCGCCCCTACACCCGAGAACAGGCTGCGTTTCCGTTGTCGGATCAGCGCAACAACAAGTTCTGGCCAGCTGTGGCACGGATTGATAATGCCTACGGCGATCGCAATCTGATCTGCACCTGCCCCAGCGTTGAAGAGATGGCTGCAGCAGCGAGTTAGATAATGAGTTAAATTTTACCGAAATCGGAAATTAATCTTCGATTTTTAGTTGTGCAATGAGAACTTTGATCACACTGCACAGCATTCACCGTCGCAAATGGGGAATCAATGAGTCGCGACACCAAACAACAACTTGAATCGACGGGACAGACTCCAGACTCACTGCAGCTTCCCGACATTCCTGACTGCCTGCAGGCTGCACTCGGTCGGGGTCATACATTGCCGATCGAAGGGACCAATGTGCTGAGAGTTCCCTTTGGAATTCGTCAGGCAAGGCGTCAGCGTCCCGACCGTCCCGAGCGCTGGGCCACTCTGGTGATCCCCATCCAGTCCCAGGGATCGCCCACGCCCCCGCCTCAGGCGGCCTGAGGTTTCAGGCGACTGAGATCGGGCTTGAGTTCTGTTTCAGTCGCCGGTCCAACGCTGCTTTCACATCCGCCAGCGAGCAGGC
NZ_CP138962.1_gap40	1916778	1920348	3570	TTTTTAGGGCAAATAAAAAAATAGCTTACACAATAAGAATGTGTAAGCGTGCCAGGGTGTTAACGCATAGACGATCTAACCTCTAGCGCTAAGCAGATTTCCGCAATTCGATATTTTATTTTTTAAAGATCTTGATATGAGATGACATCTTCACAGATTAGGTTGATGCAGTGATACTTATCTGCAATCCATTCCTGCCTAAAGATGGCAATAGAAGGGGTGTTATTATTTCCATATTTGTAACCTGCATTCTCATGAGCATGTACTTGCTTTTTGATATACTGCCTCTGCTCATCCTTTAAATTGGTATATGGATAGTCCCAATGCTCAATATTTAAAGGCAATACAACAGCTAAGCAATCCCAGGAGTCTGCGTTTGTGGCACGTTCTTTTTGAAAAGGAATTTCATTCCAGCCCCACCACCCATAAGCTGTTTGGTCTTCACGTTTAAATCCAAGCTTGTCTCTATTCCAATAGAAGCCATTTTGGAGACTTATCATTGCGGCAATATTGTCAACCCAACCAAAAGAGTCTAATTTGTTTTGATCAGGCCAATATTGTAAGTCTTGGTGCGCTTTTGCTGCTTCATGCCAGGCTTGCAAAAATACCCACCAGTCATCAAGATTGTACCTATTATTCCATTTTGGATTGTATTCTTTATACTTGACAAGTTCATTTGCGTCTACATAGTTTTGTTTTTGTCCGTTATAGTCAATGTAGTCAACTGCGCATTTCCAATTGTTTTGTTTATTATTTGCTTCATCATAACTATATCTAGTATGGAATCCAGTTCCTCCTCCATTGCCCGTCTTATGGATTGAAGAAGGTGGGTTTATGCGGGGGTCCCCCATTGGCCAAGCGCCAGACCCGATTAAGTTGGAATCTATAGTTGTTGTTTGGTTTTCCTGGTACCAGAGGCAGGGACCTTGCCATCCATTTCCATCCTCAAGATAAACCGCCCTCGAATCACAAGAGTTTGAATCGTGGGAGTAAAGTACAAAAGTATTGCTTAGATCATGAAGGTCAATGTGTTTTTCTCCGCTAAATAAACACTTTACTTTTTCTGATTTATACGCAAGCGTTCCTACAGCCGGAACACCTTGTTCTTGAACCTTTTCGTATAGCTTTTGGTCATGATGAGATAAAGATGGATCTGTAGGATCTATAAGGTTGTAGCAAGGATTGGGCGCAATTAGATCTTGATGTAAAAAAGTTCCAGGAACGACTTTGTAATCCGTATCAATAGGTTTAAAAAAACTTAGATCTAGCTGAAACCTGAATACACATCCTGATCCAGTACTACTTGCGTAGTAACTGTCGTCACTTCCATCGCTATGTATAGCGTTCACAATGTCATCTTTTTTGATTGACATGCTTAAAATTGAATAGAACTTAATTTATGACAATAAAAAGCTGATAAATCGCTTAAGCATTGCTGAGAGGTTGCTGAGAGGTTGCTGAGAGGTTGCTGAGGTTTCGCTGATGAATTTGAAGGAAGTGGACGTAAGTCGCCAGATCACGGGGTGTATGGATAAATCGCCGCTGGCCGGTGAAGGCCTGCCCCGGCCCCGAGGACTTGCAGGGATCGAAACATTCGGCTCGGACTTCATAGCCCTGCTGAACCCGGTGCCAGTCATCCCACTTGATCATGTAGTCGTCTTGCTACTTCACCTCCAGCACGCGCTGGTCGAACCTCTGGGCACCGAAGTTGATGAAGCCTTGATCTGGTGTGATGCCCTCACTCGCACTGGCATTGCCGATGAGCATGAATTGCGAGAGGTAAGGACCTTGAACAACTCCCGGACTGGAACCTCGAAAGATCGTTTGCGGGTCGAGTTGATTGCTGCTGTTGGTGGTGCGCGGACGGCTGTTGAAGCCGCCCTGGGCATAGGCAAGACTGTTGAGTCGATCGGCCGAATCAGCCAGTGCTGCTGAGCCACCGCCTGCATCGAAGGCGTTGAAGGGCAGATCACCTAATAGCGCCAGTTCGTAAACCTCCGCCATCTCAAAGGTCAGTTCTTCACTGCAAAGATCAGGAGCGGGCGGAATGGTGACGGCTTGAGGGTCAGGACCTTGCAGTTCGTAGAACGTGCCAGCAGTCGGGGCCTCCCACTTACGGCGCGGCTCAGCGCGCGGAACCGCTATGTGCCGGGTGAAGTCCTCGGCCAAGCCGTTGTCAATGGCGTAACGGAATGCCTTGAAGTCTCCTGATTGCTCAACCAAGCCAGTGGTTGGGTTGTGATCAAGCTCCTTGGTGAAGCTCATCGGGTAGTTCGCGGATTCGTAGCGCTGCTCGTCGCCGTTAGCTTGTTGTTGCGGGTGATCACGCCGGGCAGCGAGATCGATCGCGTCCTGGCGTACCCGTTGTGCAGTCAGCTTGCGTTGGTCTGTCATTTTCAAAAGTGCAAATGAATGAATTCAGCGGAGTTCATGCTCCGACTCATTCACCATTGCCGGATTCAAATGATCACTCGATGATCTGAATCAGCGGAGATTCTGATCTCGCTCACAGGGCCGATGGCTCCCAAAACCTGTAATCCATCGGCTCTAGGGCCAGAAGCCTGATATCAATCATTGCTTGACCAGTGCCGTAAAGCCTTATTGATAGATGATGATAATTATCTTCTCTGAAAATCCATGATTCAAATCGCACTTTGGATGAATGTCTTGCTAAGCCTATTTGAACTTTTTGGCGCACCAGAAGCTAGTGCTAACAGCTTTAGGCCAAGCTTTGATTGTAATCGTGCACGTTATCAAGATGAATTCGCAATATGCAATGACCAGAAGTTATCTGAACTTGATCAAATAGCTTCGCGCGGTTATGGCCAAATTAAGGGAGAAAGGCGATCCGTCGCGCAAGACTTTCTTTTATCGTCCTTGCATGCTCGCCATGCTTGCGGGAGTAATAAGCTCTGCATTCTTGACACTCAGGCTCAGGTCATTGACGGACTGAGTGAGTTTGGAGCACACGTTTCGAATCCGCCATGGATTGGTGCGTTCAGGCTTTCTCTTATCAAAAATGGGAATACACCCATCGTGAGTGGCGTACCTGAGAGAGTTGGGACTTGCTCTCGAACCAAGATCAAAGCCATCGGTACAAGGCTTCATGACCGACAGATGATCGTTCCACCTAAGAACTATACGGAAAACGAAGGAACAACCATTCAATATGACAATGGAGGCTTTCAAGTTTCATATGAATTTAATCCCGATGTGGCGGCCTCACGAATTGGTGATCAAGTTATTTTTTGCCTGGTATCTATTCCACAAAATTGCCCGCCTGGTGATGATCGCGGCAAGATCTACTCAGCAACAAATCTCCGAAATCAAAGGTCTTGGATCATGCCAGCAACCCAGCACTCGTGTGGGGGGGCCTAATGGCCGTAATCGCTTTAGCTGAGCTTCTTCTCGTGCTTCTAACGCCAAGCTAAGCGGCGCGCTTTAGCGCGTCCTTGCTTGAGCGCCTTGTTAGTTTGCATTACACCATGCGTTGATTCCCATTGTGCATACCAAATTGAGCATGATGGCTACTGCCGGTGCTAGCAATGTTGCGGCATACCCTAGAGTTGC
NZ_CP138962.1_gap41	2046619	2051355	4736	CAAGAAGCGCTGCGCCTGGCCAGGTTGCGCTTCCAGGCGGGTGTGACTACACAGCGTGAAGTGGTTGAAACTCAAAGGGATGTCACCAACGCGCAGGTTCGCTATGTCAGCGCGATTGCTGACTACAACGTTTCTGTAGCCAAACTAAGGCGATTCACAGGCCTTGATCAGGTTGCGTCCTGCCCACCTTTGAATCTGCCTGGGGACAAGCCTCAACCATCAGCTTCCGAAGTTGTTCCGATCGTTCCTGAACCCAACTTCCCAGCTTGTGAAGCCTCCCTGCTGGGATCCTGATCATGACGGCTAGACGTTGACTTCGAGATTCCTGAACCCTCAGCAGTTGCGCGCCGTCCATCAGCTACTCGACAGGGTTGCGGAACGGCAGAGACAGGATTTCGGTCACATCGTTTCTGATATCAAGGAGGATGGGTCCTTGATCACCGCTTGTGACCGCTGGAGTGATCAGGTTCTGGTGGAAGGGCTCTCCAAGCTTGCTCCCGGTGAATTCACTCTCAGCGAGGAAGGGGAGAAGCGCTGTCCTACCTCTTCGGGCTTCTGGGTTGTCGATCCCCTTGACGGCACCACCAACTTCGCTGCCGGAATTCCTTACTGGGCGATTTCAGTGGCACGTTTTGTCGATGGCCAGCCCACTGAGGCTTTTCTCGATATTCCACCCCTGAATCAACGCATCGTGGCGATCCGTGGTCAAGGAGCATGGCGCAATGGCAAACCTCTGACTCCACAGACCCGTCTGCAGTCAGGCAGTGCCTGCGTGTCGCTCTGCAGTCGTGCGATCAGAGTGCTGCAGCGCCGTCATCAGGATCCTTTCCCAGGCAAAATCCGCCTGCTTGGTGTTGCCAGTGTGAACCTGGTCAGCGTGGCCATGGGGCAGACCGTCGCAGCGCTGGAAGCAACACCAAAGATCTGGGATCTTGCAGCTGCCTGGCTCGTTCTCACCGAACTGAACTGTTCTTTGCAGTGGCTTGACCAGGATCCGGCGATGCTGACTCCTGGAGAGGATCTTTCCGAGGTCAGCTTTCCAGTGCTCGCAGCGAGCTCGCAGGCTGAACTTGACCGTCTCAGGCCCTGGGGAGAGTCTTTGCTGCTTCCCTGACTGGCTGACCAGTTGCGTATTGGGGCAATAGTGAGCTATGTTTTTGGACTGCGCGGCAGGCGGAAGCCTGGAGCGCAGCTTCTGAACATGAAGAGCGCGAGCTTGTAATGTTTGGGGGTGCTTACGAGGCCGGGAGGGAGAGATCCCACGGTGTTGTAAGTTTCACAAGCGGTCGCGAGGCCGCACCGCCAACCGCTCCTGAGAGGGAACGCGTCGGCAGAACCTGGACAATCGAAAAGTTTAGGAACTGACGCTTTCATCGCGTCGAGTTTTGATTACTGAGCTGCAAAGTTGAGTAATTGAGCTTGATGATAATGCGATGTAAGTGTGAGGTCCCGTCAACAATTTTAGTTGCAAGGAAGCAACGTGCTTACAGAGTTGAAAGTTTTCACGAGCTTTTGAATTTGTCGGTGTGCATGTTGTGGAGCAACAACCGGATCTGAGATCCTGGAAAGTCACGAAGGAGAGATTCTTAGTGCACTCTTATGAACCCTTCTGTCAGAGGAAGGTGGTTTTTACTGCAACCAGTGCGCCAGTGCTGAGTGAGCGGGAAAAGCAAATCAGGTTGAGGAAATGAAAATTTTCGAGAGGACTTGATCTACAACGGAGAGTTTGATCCTGGCTCAGGATGAACGCTGGCGGCGTGCTTAACACATGCAAGTCGAACGAACCTTCGGGTTAGTGGCGGACGGGTGAGTAACGCGTGGGAATCTGCCCTCAGGAGGGGGATAACGGCTGGAAACGGCCGCTAATACCCCATATGCCGAGAGGTGAAACGAATTTCGCCTGAGGATGAGCCCGCGTCTGATTAGCTAGTTGGTGAGGTAAGAGCTCACCAAGGCATCGATCAGTAGCTGGTCTGAGAGGATGATCAGCCACACTGGGACTGAGACACGGCCCAGACTCCTACGGGAGGCAGCAGTGGGGAATTTTCCGCAATGGGCGAAAGCCTGACGGAGCAACGCCGCGTGAGGGATGAAGGCCTCTGGGCTGTAAACCTCTTTTCTCAAGGAAGAAGATCTGACGGTACTTGAGGAATAAGCCACGGCTAATTCCGTGCCAGCAGCCGCGGTAATACGGGAGTGGCAAGCGTTATCCGGAATTATTGGGCGTAAAGCGTCCGCAGGCGGCCTTTCAAGTCTGCTGTTAAAACGTGGAGCTTAACTCCATCATGGCAGTGGAAACTGTTGGGCTTGAGTGTGGTAGGGGCAGAGGGAATTCCCGGTGTAGCGGTGAAATGCGTAGATATCGGGAAGAACACCAGTGGCGAAGGCGCTCTGCTGGGCCATAACTGACGCTCATGGACGAAAGCCAGGGGAGCGAAAGGGATTAGATACCCCTGTAGTCCTGGCCGTAAACGATGAACACTAGGTGTCGGGGGAATCGACCCCCTCGGTGTCGTAGCCAACGCGTTAAGTGTTCCGCCTGGGGAGTACGCACGCAAGTGTGAAACTCAAAGGAATTGACGGGGGCCCGCACAAGCGGTGGAGTATGTGGTTTAATTCGATGCAACGCGAAGAACCTTACCAGGGTTTGACATCCTGCGAATCTCTTGGAAACGAGAGAGTGCCCTCGGGAACGCAGTGACAGGTGGTGCATGGCTGTCGTCAGCTCGTGTCGTGAGATGTTGGGTTAAGTCCCGCAACGAGCGCAACCCACGTCTTTAGTTGCCAGCATTTAGTTGGGCACTCTAGAGAGACCGCCGGTGATAAACCGGAGGAAGGTGTGGATGACGTCAAGTCATCATGCCCCTTACATCCTGGGCTACACACGTACTACAATGCTACGGACAAAGAGCAGCAAGTTCGCGAGGACAAGCAAATCTCATAAACCGTGGCTCAGTTCAGATCGTAGGCTGCAACTCGCCTACGTGAAGGAGGAATCGCTAGTAATCGCAGGTCAGCATACTGCGGTGAATACGTTCCCGGGCCTTGTACACACCGCCCGTCACACCATGGAAGTTGGCCACGCCCGAAGCCGTTACTCCAACCCTTGTGGAGGAGGACGTCGAAGGTGGGGCTGATGACTGGGGTGAAGTCGTAACAAGGTAGCCGTACCGGAAGGTGCGGCTGGATCACCTCCTAACAGGGAGACAAACATTGATTTTGATGTCTGAGTACTTAATTCTTAGGCCGAAATCCTGTCACCTTAGGTCGATCGGTACCTCAATTTTGAAATCAAGAATGCATAGCGATATGAATTGCTTGATGGAGATTTTCAGTTCCTAAACTTTGTCTAGGTCACATCCCACAAGGGTTGAGTCTTCCTGGGCCATTAGCTCAGGTGGTTAGAGCGCACCCCTGATAAGGGTGAGGTCCCTGGTTCAAGTCCAGGATGGCCCATTCGGTGTTGGGGGTTTAGCTCAGTTGGTAGAGCGCCTGCTTTGCAAGCAGGATGTCAGGAGTTCGAGTCTCCTAACCTCCACTGATCGAACTCAATCTCCATCGTCTGAAAGATGGAAGGTGAACTCGAGGAGATGTGATTTAGATGTGTCCGCTGGCATGACCCCAGCTTCCTGTCATTCCGAAATGACGTGATTTATCACGATGTTTTGGTTGATAAGATGCTGGGCTCGAACTGATTGATCAGTTTGATGTCTAGCAGAACCTTGACAACTGCATAGGAAAAAGTCTGTAAGAATAAAGCATCTCTCATGGATGCATCATTCTTTTTTAGGATGATGTCAATTCTTGAGCAAGAGCCGAGACTCCATGACGTTCTTCTGATTGTGTCGAGCAATCAGGAGTTTGATGAATAATTCAGTCATGAATCATTCAGAATCTGTTTCAACAACAGCAAGCGTTTTGGAGATGAATGGTCAAGCTACAAAGAGCTCACGGCGGATACCTTGGCACACAGAGGCGATGAAGGACGTGGTTACCTGCGATAAGTCTCGGGGAGCTGGAAACACGCTTTGATCCGGGAATTTCCGAATGGGGCAACCCTTAGAACGGCCAGCTGAATCCATAGGCTGGCACGAGCCAACCCAGCGAACTGAAACATCTTAGTAGCTGGAGGAAAGGAAAGTAAAAACGACTCCCTGAGTAGCGGCGAGCGAACGGGGAAGAGCCTAAACCGATGGTTTCGACCATCGGGGTTGTGGGACAGCAATGTGGAAAAGGGATGTTAGTGGAAGTGTTTGAAAGACACGCCAAAGAGGGTGAAAGCCCCGTACACGAAAACTGAACTGACCTAGCTGTATCCCGAGTAGCACGGAGCACGTGAAATTCCGTGTGAATCCGCGAGGACCACCTCGTAAGGCTAAGTACTACTGTGTGACCGATAGCGAAACAGTACCGCGAGGGAAAGGTGAAAAGAACCCCGGGAGGGGAGTGAAATAGAACATGAAACCGTGAGCTTACAAGCAATGGGAGCCCGACTTATCGGGTGACCGTGTGCCTGTTGAAGAATGAGCCGGCGACTTATAGGCACTGGCGGGTTAAACCGGAAATGGTGGAGCCACAGCGAAAGCGAGTCTGAATAGGGCGTTTGTCAGTGTTTATAGACCCGAACCCGGGTGATCTAACCATGGCCAGGATGAAGCTTGGGTGATACCAAGTGGAGGTCCCAACCAACTGACGTTGAAAAGTCACTGGATGAGCTGTGGTTAGCGGTGAAATGC
NZ_CP138962.1_gap42	2121875	2123471	1596	ATCGCCGCATGGGAAGCCGAACTCACGGTGCATCTGTTCAATCGCCTTCAGATGATTGACGGCCTGCGCATTCTCGGACCAACTCCTCAGCAACAGTCAGGCCGGGGTGCTCTTGCCACCTTCCTTGTGGATGGAATCCATGCCAACGACATCGCCGCCATGCTCGATCTGGCAGGAATCTGCATCCGCAGTGGTCATCACTGCTGCCAGCCTCTGCATCACCACTACCAGGTCACGGGTTCAGCCAGAGCCAGCCTCAGCTTCATCACAACGACGGCGGAGATTGATCGTTTCGCCGATGAGCTTCAGGGTGTCATCAACTTCTTCCGGGATAACGCCTGAGTCCTGTCTCAGGTTCTTTGACTGGTTTGCGTCAACAACCGCTGTAAAGCGGACAGGCAGATTGGCTCAGGTCTCTCCAATCGATCCGGATGAACATTGACGGTCAGGCCTGGCGCACCATCGGACTCGAACCGGATGGTCGCTCGGTCTGGGTGATTGATCAGACCAAGTTGCCCCATCGCTTTGGAACTCGAACCCTCTGCAGCTGTGAGCAGGCGGCTGCGGCCATCAGCACCATGGTGGTTCGTGGCGCTCCATTGATTGGGGTGACCGGCGCCTATGGCCTGATGCTGGCCCTGCTGGAAGATTCCAGTGATGCTGCTTTGGCGGCTGCTTTTGACCAGCTCAATGCCACGCGCCCCACGGCTGTGAATCTGCGCTGGGCTCTGGAGCGAGTGCGAGATCGTGTGCTGCCGCTGTCTCCGTCGGGACGGGCAGCTGCCGCTCGGGAGGAGGCCGGTTTGATCGCTGATGAGGATGTGGCCATGTGCTCCGCCATCGGTGACCACGGTCTGGAGATCATCAAGCGGCTTGCGGCGGCCAGGCCGGAGGCCCGGAGGAACAGGCCATTTCAGGTGTTGACCCACTGCAACGCTGGCTGGCTGGCCACGGTTGACTGGGGAACGGCGTTGGCTCCGATTTACAAGGCCCGACGAGCCGGCCTTGATCTTCATGTCTGGGTGGATGAGACCCGCCCCCGCAATCAGGGTGCATCGCTCACGGCCTATGAGCTCGGTCGAGAAGGAATTCCCCACACGGTGATAGTGGACAACGCCGGAGGTCACCTGATGCAGAACGGTGAAGTGGATGCGGTGATTGTGGGAACGGACCGCACCACTCGCCGCGGAGATGTGTGCAACAAGATCGGGACCTATCTGAAGGCCCTGGCGGCCCATGACAACGCGGTGCCGTTTTATGTGGCTCTTCCCGCATCAACCATCGACTGGAATCTGGATGACGGGGTGCGGGAAATCCCGATTGAAGCCCGGTCCCCCCAGGAGGTCACGGCGATTCAGGGCCGCCTGCTCGATGGATCAGAGGCAGGCACTCTTGCCCAGGTGCAGCTCACACCCGAGGGCAGCGACGGCTTCAACCCTGCTTTTGATGTGACGCCTGCCCGGCTGATCACTGCGCTGATCACCGATCGGGGTGTGGCGGATGCCAGTGAGGAGGGGCTGAAGAGTCTTTATGGCTGTGGCTGACCACCGCGAGGATCAGGCGCTGCGTCAGCAGCTGGTGAATGTGGCTCGCCGC
NZ_CP138962.1_gap43	2223034	2228021	4987	TGCAGCTGGTCTATCTGCTGCCGGGAGCGGGTGAGTGGAACATGCAGTCCGCCGGCGGTCTCCACCACAAGTGGCCTGGTTCCTATGGGAGGGAGCGTCAGCCGATTCGGATCAAGGCAGGTGTCTTCCAGTTCCGCTGCCCAATGGGGTGAAACGGCTGCCTGGAAGGCATAGGTCTCCGCAATCCACCGATCGGCGGGAAGGTCGATCAACCTGATCACCCGCTCACGGTCACCACCCTCCTCCAGACCGCTCTGAACCGGTTTCCAGTACGTGGCATTGAGCCCCTGAACCAACAGGGCACTGACCACTGTTTTGCCAACGTCCGTGTCTGTGCCGCAGACCACAAGGCGTAGTGCTGCTGAGGTCGGTGTCATCGTTGCTGTGCTTCAGCTGCATGATCGACCAGCGTTGCTGATGCGTCGATCAGGAGGCTCACCTTTCGTCATCCAGCCATTGCCGAACCCGCACGAGCAGGTCGGGAACCAGCAGTGCATGGCCGACACCGCTGAGATTCCAGTGCTCGGGTTTTTGCTCAAGATGACGTACCAGCGCCTGCAGGAGTTCCCGGCTCGCCGCCGGGGCAACGATCGCATCCTCTGCAGCCTCCACCACCAGCACACGTGCTGTTTCCGGCAGGCCCTCAGGCAGGCCCTTGGTTCCGATCAGACGATCGAGATCAGCGCGCAGACGCTCCCGGCTTCGCTGGGAAAGGTCCTGCTGTTCCAGCCCCGGTGGCAGACCTTCCAGGCCAGCCGGTTGCGCGGCCCGTTGCAGAAAGGTTCTCAGCATCGTGGACTCCCCGGCTCCGCCAATGGCTTTGCGCATGCCTTTCAGGCCGGTGCGCAAGGCTCTTCCCTCGGGTCCCTCCGGAACGAATCGCCCGAAGCTGGCGAGCAGCACCACATCCGTGGCCTGGTTCAGCACGGAGGATTCCAGCAGATGGGGGCCGAGGGAATGGCCGATCACGACCCTGCGCGTTGGCTTCGGCTGCTGCAGAAGTGTTTCGGCGCAGGCTGGTTCGGCCCAGCTGGGATTGCAGGATCGCCTGTTGCCATAGCCACGTTCACCGCTCTGCCAGAGCCAGCCGCGATGGCAGAAATGACGCTCCCATGGAGCCCAGGAAGTGCTTTCGCCGCTCCAGCCATGCATGGCGATGACCTGTCTCATCAGGCAGCGAGGGCATCCGAGAGGGCCTTCAGCAGTGATTCCAATGTTTCATCGGGAAGGCAGCGATGCAGAACCAGACGCAGTCGGGCGCTGCCTTCCGGCACCGTTGGTGGACGGATCGCAGCTGTGAGCAGACCTGCAAGCTCAAGCTGGTGTTGCAGTTTCAGACAGTGCTGATCGTCACCGACAATCAGCGGCAGGATCGGCCCACGACCCTTCGGCCTGGCCCAACCGGCTTCGGCCAGTCGGTCGCGCCAGTTGTCACCGCGCAGCACCAGTTGATGGCCCCAGTCCGGGTTGGCCCGCATCAGCTCCAGGGCGGCAAGCGCGCCTGCTGCCAGAGGTGGAGCCAGTGCGGTTGTGTACCGGAAGGCACCGCTTTCCTGCAGAAGCTTTTCCCCGCGTTCGCTGTCGCAGGCCAGGAAGGCACCGCCGCTGCCGAAGGCTTTGCCAAATGTGCCGCTGAGCATCGTCACCCTTTCTTTCCCGAATCCAAGCCCTCGGCCTCCGTTGCCGAGCACTCCCAGGGCATGGGCCTCATCAAGCAGCAGGTGTGCACCGTGGCGTTCGCAGAGGGCTGCCAGATCATGCACCGGAGGGCTGGTGCCTTCCATGCTGAACAGGCTTTCACTGATCACAAGCAGGGGTGCCTGCGGACGATCGCTGCGACTGCGCAGCAAAAGTCGCTCCAGTGATTCGAGATCGTTGTGGGCAAAACGCCTGAGTCGGGCGCCGCTGGCCTGGACACCCACCAGCAGTGAGTGATGGATCAGCCGATCCGCCACAACGGTGGTGTGGCGGTTGGCCAGGGCACTGACTGCCGCAAGGTTTGCTTGAAACCCGCTTGGAAACAGCAGCACTCTGTCCCGTCCCAGCCAGCAGGCCAGCTCTGATTCCAGCTGGGCATGCACCGGGCGACTGCCGCTCACAAGTCGGGAGCCACCGGCACCCACTCCGCTGTTGCGCAGTTGCGCCTCAGCCGCGGCGATCAGGCAAGGATGACGGCACAGACTGAGATAATCATTGCTGGCCAGATCCAGCAGCGCCGGACCGGTCGCCGAACCGTGCTTCGAACCAGCGGCCACCGCCTGCAGGTGCTCCTGCCGTTCAGCGGGAGACCAGCTGCGCAGCTGACGGCGTCGGGCCGGAGAAGTGCTCATGCAGTGCAGTCTCGGTCCATGCCGATCATGTTGCGGCGGCGTCCCTAGGATTCAGTCATGGCGGAGCAAGACAGCCAGGCTTCACATCCCGCTCAGGGGAGCTCCCCGGATCCGGCGCAGTTGTTTCCCTTCCCGCTGGATGATTTTCAGCTGGAGGCGATCGACGCTCTGAACCAAGGACATTCCGTGGTGGTGAGTGCACCCACGGGATCCGGCAAGACGTTGATCGGCGAGTACGCCATTCATCGAGCCATGGCTCATGGCCAGAAAGTCTTTTACACCACACCGCTCAAAGCTCTCTCCAATCAGAAGCTGCGCGATTTCCGCGAGCAGTTCGGTGCCGAGAACGTCGGTCTGATGACCGGCGATCTCAGTGTCAACCGGGAGGCTTCGATCGTGGTGATGACCACGGAGATCTTCCGGAACATGCTCTACGCAGAAGCCGATGAGCATGACGACCCCCTGGCCGATGTGGAGGCCGTTGTGCTCGATGAGTGCCACTACATGAACGACTCTCAGCGCGGCACGGTCTGGGAGGAATCGATCATTCATTCGCCGCCTCCGGTGCAGCTTGTCGCTCTCTCGGCAACGGTGGCCAATGCCGGGCAGCTCACCGATTGGATTGAAAAAGTGCATGGCCCCACCAGGCTTGTGCTGAGTGACTTCCGGCCCGTTCCGCTGCAGTTCGGTTTCTGCAGCGCCAAGGGTCTGCATCCCCTGCTCAATGAGCAGGGCACAGGCCTCCATCCCAACTGCAAGGTCTGGCGAGCTCCCAAGGGGCATAAACGCAAGGGCCGTTCATCCCGGCCACCTCAGCCCGAGCCACCACCGATCAGCTTTGTGGTGGCACAGATGGCCGAGCGCGACATGCTGCCAGCGATCTATTTCATCTTCAGTCGACGTGGCTGTGACAAGGCCGTGCGCGACCTAGGGGTGCAGTGCCTGGTGACCGAGGCTGAGCAGGCCCGAATCCGTGCACGCTTAAAGGCCTACACGACCGCCAATCCTGAAGCCGTTCGCGACGGCCTGCACGCCGATGCTTTGCTGCGTGGAATCGCCGCGCATCATGCCGGAGTGCTTCCTGCCTGGAAGGAGCTGATCGAGGAGCTGTTCCAGCAGGGGTTGGTGAAGGTGGTCTTCGCCACCGAGACACTGGCGGCAGGAATCAACATGCCTGCGCGCACCACAGTGATTGCTGCACTGTCGAAACGCACAGAGCGTGGTCATCGCCCCCTGATGGCCAGTGAATTTCTGCAGATGGCAGGTCGCGCAGGCCGACGCGGACTTGACTCCCAGGGGTATGTGGTCACCGTACAGAGCCGCTTCGAAGGGGTTCGTGAAGCCGGTCAGCTGGCAACGAGTCCTCCAGATCCGCTGGTGAGCCAGTTCACCCCCAGCTATGGGATGGTTCTCAACCTTCTGCAGCGCCATGATCTGGCCAAGGCGCGCGAGCTGGTGGAACGCAGTTTCGGGCGCTACCTGGCCAGCCTTGACCTGGTAGAGGAGGAGGAGATCCTCGAGCAGTTGCGTCTGCAGCTAGGGCAGTTGCAGGGGACGGCTGGCGATGTGCCGTGGGAAGACTTTGAGGACTACGAAAAACGGCGCGGGCGATTGCGCGAAGAGCGTCGGCTGATGCGCATTCTTCAGCAACAGGCTGAGGAAACCCTGGCCCATGAGCTCACGCTTGCGCTGCAGTTCGCGAGTGTCGGAACGCTTGTGAGCCTGAAAGCCCCGCAACTGCGAGGGGGGGTCACCCCGGCTGTGATCGTGGAGAAGTGCGAGGGACCGGGACAGTTCCCTCTCCTGCTCTGCCTCACCATTGACAATGTCTGGCTTCTGCTGCCCTGTCAAACGGTGGTCAGCCTGCATGCCGAGCTCAGCTGCCTGCAGGTTGATGGTGTCCGACCTCCTGAGCTTGGACGTGCCGGAGAGCTGCGCCATGGTGATCAGAACAGTGGCGGTCTGGCCCTTGCGGTGGGGCACATGGCTCGGCGCCACGACATGACAACTCCTCAGTACGACCTGGCAGGGGAAGTGCTATCGCAGGCGCAAACGGTGCAGACGCTCGAAGCTGATCTGGAAGCCCATCCCGCCCATCGCTGGGGCGACCGCAAGCAGCTCAAGAAGCACCGCCGGCGCATGGAGGAACTGGAGCTGGAGATCGGCGAGCGGCAGCAACTGCTGCATCACCGTGCCAACCGTCACTGGGAGACCTTTCTTGCGCTGATGGAGATCCTTCAGCATTTCGCAGCTCTTGATGAGCTTGAACCCACGGAGATCGGGCGCACGGTGGCGGCCCTTCGCGGCGACAACGAACTCTGGCTGGGGCTGGCCCTGATGAGCGGTCACCTTGATGATCTGCCGCCGGCGGAGCTGGCCGCGGTGTTTGAAGCGATCAGCACCGAGGTGAACCGCCCAGACCTTTGGAGTGGATTTCCAGCGCCGCCCCGTGCGGAAGAGGCGTTGCATGATCTCTCCGGTCTCCGCCGGGAGCTGTTGCGTGCGCAGGAACGTCACCAGGTCGTGGTGCCGGCCTGGTGGGAGCCTGAGCTGATGGGACTGGTGGAGGCATGGGCCAGCGGCACCGCCTGGAATGATCTGATTGCCAACACCTCCCTGGACGAAGGTGATGTGGTGCGGATCATGCGCCGCACTGT
NZ_CP138962.1_gap44	2233371	2236975	3604	GAGTGTTCCTAAGCGATGGTGGCCGTCGGGTCGGGTTTTAGTGTCTTCACAAACCGTTGTCTGGCTTCCCGCCCATGAGTGCATCACCCGCAGAGACGACCCGCACCCCTCTCTATGGCGAGCGGGCCATTGCTGATGCCGAGCTGATTTGTTTTGACAACCCTCGCGAGGGCCGCGCTTATGAGGTCTCCATTGAGCTTCCTGAATTCACCTGCCTCTGCCCGTTCTCCGGGTATCCGGATTTCGCTGTGCTGCGACTTCTTTATCAACCCGGACCGCGTGTTGTTGAGCTGAAGGCCATCAAGCTCTACGTGAACAGCTTCAGGAATAGGACCATCTCCCATGAGGAGGTTGCCAACCGCATCCTTGATGATCTAGTCGAGGCCTGTGATCCGGTCTGGATGCAGCTGGAGGCGGATTTCTATCCCCGTGGAAACGTGCACACCGTGGTGCGCGTCAGCCATGGAGAGCGTCAACCCTGTTGATCAGCTGGGGTAGCTCCGTTGCGAAGCCTGCGAGGTTTCGGTTGCACAGCCCACCAACATGCAGTTTGGCCTGTTGTGTTTCAGCTACCGCCCAGATCTGACGCGTGGCCACCATGCTCAGTCCACCTCCGAGAAGCGTGATCGCAAAGCCTGCATAAACCAGTGGAACGCCTGGATCCCGCTTGAGCAGCAATCCGCTGGCCGGCATGATCTCGACCACTCTCAATGGCAGTCCCTGAATCTCAGCACCGTCTCCTCCGGGCCTGAGGTTGGTGAGCAGATTTCCGTCTGCATCAAACACCTGCACCGGTCCCTGTTCGCTGCTGGTGCTGAGGAACACCGGTTCACTCCCGTCCGGTCGCGTTGGCAGCACCAGTCCCCAGATCTGATCTCCTAGCTCAGGGAAGGTGCTCAGCGGTAGTTGAAGCAGGGGGCTTCGGCCGATCTGCACGGTGATGGTCGCCAGTGACCAGTCCGCCTGATACACGGTGATGCCCTGGTAGCGCAAAGGATGGTTCACGCTGATGTTGCGTTGTTCCTCAGGGTTTCCCTGGGGGGTCAGCAGCAGGGTGGAACTGAACTGTTCCGGCCGACCAGCAGGATCCCTCTCAATGGCGAAATCCTGCAGGGTGAGGCTGAGTCTGTTCTCCCCTGAAGGACTGAGCAGGTCCAGCGAGCGTCCAGGTGCGAGAAATCGCTCGAGACGTTGTCCCGCCAGGGCACCCCAGGCCGCTCCGATCAGGAGCATCACCAGGCCCGTGTGAACCAGCAGAGGCCCCACACGCCCGACAACACCCCTTCGGGCCGCAAGTCGTCCGGTCTGCTCTCTGACGTTCCAGCCCTGCCCTCTGAGCTCGGAGGCCAGTCCGTTCAGCGCGGCACCACTGTCAGTGCAGGAGATGGTCTCGGCAAGAGCCAGTTTGCTCAGTTGACGGGGACGGGAGTAGTCGGTCCAGCGCAGTGCCGCCTTCAGGGTGGGCCACTGACGCCTCCAGCTGCACAGCGTGAGTGCCAGCCCCAGCAGGGCCAGCAGCGAAAGAAACCACACGCTCGAATAGACGTGATTGAGCTGCAACTGCAGCATCAGGTCTCCGTTGATCAGCCCCAGCCATGGATCTGTATTGAACCGTTCCAGATAGAGCTCAGGGTCTTCCTGCTGGGGAATGATCGTGCCCACCGCACTGGCCAGAGCGATGAGCAGCAGCAGCAGAATGGCCAGCCGCAGGCTTGAGATCAAGGCCAGCATTCGTTTCAAAAAACGCATGCTCAGACAAGCCTCGACAGCAGGGTGAGGGTGCCGATCGTGAGCAGCACGACGCCACTGATGCTCGGGATCCAGCGGCTGATCGAGCGCATCGCCATCAGTTTGGGAAGTGACGCGGCCATGCTTCCCGCAAGCAGCAATGGCAGGACCTGGCCGATTCCGAAGCAGCTCAGAAAGAGAAGGCCTGTTAGCGCATTGCCGCTGCTGGCGATCCAGCCCAGCAGAACGGCCAGCACAGGAGTGGTGCAGGGAGAGGCCGCGAGGCCGAACGCAAGACCAGCTGCGATAGGCGCAAGAGGTGCGGGCACTTTTCGGCTCCATGCGTCGGGGTCTGGGCCGCTCGGAAGTGGCAGTCGCACCACTCCAAGAAGGTTGAGTCCCATGACCACTGCAAGCAGAGCCACCAGGGTTGGGATCAGTCCTGGCACCTGACCGTAGATACCTCCGAGCAGTCCGCTCAGGCTGCCCAGCACCACCAGGGCCCCGACAATGCCCCCGCAGAAGGCAATGCTGCGCTGCCAAGGCGGTTGCTCGCTCTCGAAACCGGCGAGATAGGCCAGCGTCACCGGCAGCAGAGAGAGTGAGCAGGGGCCGAGACTGGTCAGGGCTCCAACCACCAGCACGGCTCCCAGGCTGAGTGGACCAGGCTGCTGGAGTGCATGGTTCAGCAGGTCTTCACCGCTTCGGGCCAGATCGGACAGTGCCAGGTCAAGGAAGGCGATGGTGAAGCCGATCAATGAGAAATCGGAATTCAGCCTATCGATCAGAACGTTGCCGGCGTCGATCAACCGCCGGTCGTTGCCCCTGCCCACGTCCACCGATCAAACCCGTGGATTCGAGGGAGCAGCGGATCAGGAGTCCAACGATCATCAAACTTGACAGCAATGAGTTGCCCCCGTAGCTGACCAACGGCAAGGGCAGACCTGTGGTTGGCATTGCCCCGGAGGCCACAGCCACATTCATCACGGATTGCCCCACCAGGAGCGCCGAACAACCAATCGCGACGAGCCTGGCCTGATTGTTTCGGCAGCGAAGCGCAACACGCAGCCCCAGATAGCCGATCAACATCAGAAACAGCAGCAGCAGCAGGGAGCCCACCAGTCCGAATTCCTCGGCATAGACCGCGAAGATGAAGTCGGTGCTCTGAATCGGCAGGTATTGGAGTTTCTGGGTTGAGAGGCCGAAACCCTGGCCGAACACACCACCCGAGCCGATTGCCAGCAGGCTTTGAATCAGTTGATATCCATCACCCTGAGGATCCTTCCAGGGATTCAGAAAGGAGATCACCCGCAACCGTTGATATTCATTGATCAGGATGCTTGCTGTGCCCAGCAATGCGCCTCCGATCGCCGTGCCGAACAGCTGAAAGAGGGGCAGTCCGGCGGAAAAGGCCATGAGCCAGATGAGAAGGCCGGTGAGTGCCGCGGTGCTGAGGTTGGGCTGCTTGAGAATGAGCAGCACCAGAACTCCGAAACTGCTCAGCCACAGCAGCTTCTGATCCAGGCCTGTCCGTTTCCAGTGAGCGAAGAGAGTCGCAGCTTGCAGCACCACGAATGGTTTCACGAGTTCGGAAGGCTGAATCTGAATCGGCCCGATCACCAGCCAGCGGCTGGCCCCGTTCACAGTGGTTCCCATCACCAGGGTCGCTGCAATCAACAGGCAGCCGATCCAGAGCGCTGGCCCTGCCAGCTTGAGCCAGCGGCGCAGATTGATTGAGGCAGTGAAGGACATCAGGCTCCAGCTGGCTGCCATCCAAACCAGCTGTCTCTTGACGTAATAAGCCCCTTCTCCCTGTTCACGGGCCGCCACCCACCAGCTGGCTGATGCGAGCACCAACAGACCAGCCAGGCTCCAG
NZ_CP138962.1_gap45	2261780	2263550	1770	TTGGGTTAAAAGCGTTGAGTGAAGTGAAAATTCAGGGGCATGAATGCCATGCCCCGATCATGATCACTTGGCTTCTTCGGCCATCTTTGCGGCCTTGGCCTTGACCTCATCGATGTTGCCAACGAGATAGAAAGCCTGTTCTGGGAGGTGATCCAGCTCGCCGGCGAGAATCTGATTGAAACCACTGATGGTTTCCTCGAGTTTCACGTATTTGCCGGACATGCCAGTGAAGATCTCAGCTACAAAGAAAGGCTGAGAGAGGAACTTCTCAATTTTGCGGGCACGATCAACGGTGCGGCGATCATCCTCGGAGAGTTCATCGAGACCGAGGATGGCAATGATGTCCTGCAGTTCCTTGTACCGCTGCAGGGTGGACTGAACGCTGCGAGCAGTGCGGTAATGCTCGTCACCCACAACTGCGGGCTGAAGCATGGTGCTGGTGGAGTCGAGGGGGTCAACCGCTGGATAGATGCCCTTGGATGCAAGGCCACGGTTCAGCACTGTGGTGGCATCGAGGTGAGCGAATGTGGTGGCTGGCGCCGGATCAGTCAGGTCGTCAGCAGGAACATAAACCGCCTGGATCGAGGTGATGGAGCCCTCGAGGGTGGAGGTGATTCGTTCCTGAAGTTCACCGACGTCGGTTCCGAGGGTTGGCTGGTAGCCCACAGCTGATGGCATCCGTCCAAGAAGTGCGGAGACTTCAGAGCCTGCTTGCACAAAACGGAAGATGTTGTCGATGAACAGCAGCACATCCTGCTTGTTCACGTCGCGGAAATGCTCAGCCATCGTCAGAGCTGACAGGCCGACACGCATGCGTGCGCCCGGGGGCTCGTTCATCTGGCCGTAGCAGAGCGCCACTTTCGACTTGGAAAGGTCATCGGCGTTGATCACGCCGGAATCCTTGAATTCCTCGTACAGATCATTGCCTTCACGGGTGCGTTCACCCACACCACCGAATACGGAAACACCACCGTGTTCCTTGGCGATGTTGTTGATCAGTTCCTGAATCAGCACGGTCTTGCCGACACCTGCACCACCGAAGAGGCCAACTTTTCCACCCTGGCGATAAGGAGCCAGGAGATCGATCACCTTGATGCCGGTCTCAAAGACCTTCGGTTTGGTCTCAAGTTCAGTCAGCTTCGGTGCCGAGCGGTGAATCGGAGCTGTCGCATCCGACTTCACGGGACCCTGTTCGTCAACAGGCTCGCCCAGAACATTGAAGATGCGACCCAGTGTTCCTTCGCCGACAGGCACTGAAATCGGTGCGCCTGTGTCGATGGCTTCCATGCCACGGACAAGCCCGTCGGTGGCGCTCATGGCCACGGCACGGACCCTGTGATCACCAAGCAGCTGCTGGACCTCAGCAGTCAGAGCGACCGCCTGGCCGGCGGTGTTGGTGGCTTCAATGCGGAGAGCGTTGAGAATTTTGGGCAGCTTGCCGGCGGGGAATTCCACGTCCAGAACCGGGCCAATCACCTGGCGGACAACGCCCTTGGTACCGGCGGAGGCGGGAGCAGCAGCGGCCATAAGTAAGGGGGTGTGGGAGGGGAGCGTCTAGAGCAATCCCGTCCTGAGCGGGGCAACGATACCACCGTCATGTGAAAGGGGGGTGTGGTTCGGTCACCCGCACGCTTGTCCCGTGGCCGAAGTGCAGAACCCGGACATAGGTTGGCACTCGACGACCTTGAGTGCCAGCTCGAGTCGCATCGGCGCTTCGGCGCACTGTCCCTGCTCTGCAAGAACCCATGGCAGCTGTATCTCTCAGCGTCT
NZ_CP138962.1_gap46	2268921	2273409	4488	CGCCCCATGGCTGTGATGTTCCTGACGATCGCGCAGATTCTTGATGGCTTCCTCAACCTGTCTGCGGAGAGGCAGGGAATGGGTCTGCCACCAGGGGTGGTCCAGTTGATTGAGAACGCTCAGTGCTTCCCACCACTGTTGTCGTTGCACTTTGTCCTGCAGTCGTTCGTGATCAACCTTGTTGCGGTTCCAGGTTTCGCGCAGGCTGTCGCTGAGCTGCGTACCGGGTCTCTGGCCTTTTTGTTCCAGTGGACTGAGGGTGACGAGGGCCTGTTCGAGATCTCCCGCCCTGAACTGATCCAGTGCCCGCTCGCGCAGGACCTGGCGCCACTTGAGCAATCTTGAACGATCGCTGCTGCGCTGTTCTTCACTGCCCACATTGGAGTTGACAAGCTGAGCCTGCAGGTTGAGGGCCTGGCTGCTGTCGCCTCGCTCCCAGGCGAGTTCAGCCTGGCGACGACGGCAGACCGCCTGCTCGATGGGCGCCTCCCGGTCCAGCCAACGGAGTGCTGCCAGCTGTTCTCCGTAACGCAGGCAGGACTGAAGATCTCCCCTGGATGCCGCTTCACGCAGTCGACCCGGTAACTGTTGTTCCCACCAGTAGGCAAAAACGCAAAGTCCTGCGACACCACCCAGTGTGGCGATCAGCCAGAACCTCGGGAGATGGCGACGCAGCGCCAAGGGTGGTCAGGAAATCAAGAGCACCCTTTCTATGGATGACATCGCCGATGCACACGGCTTTGTGGACGGCGCGATCACCGCACGGTCCCGAGTGGTCTGCTTTCAAGGCTCTCACCGGTTCGCAGATCCTCTCCCTCCAGGATCAGTTCCGCCTGATCATTGAGGTGGAAACGAAGTTTCAGGCAATCTTCTCCAGGCTGTCCCGGGGGATCCAAAGGGAGCTCACAGGCGGTGTCAGGCCTCCTGGTTACTTCTTCCCATCCATCGGACTTTTCAATGACCTGAGGCAGGCCATTGACCATCACCACCTCATGTCTTGTCTCCCCTCTCGACTCGCCGAGCACCAGCTCGAGCGACTGCTGGTCATGACCGCTGGCGCTCAGGATCAGTTCAAGCGGTTTGCTGGAGGGCCAGGGTTGTCCGGGGAGAAACAGCGGATGCCAGTGGTGGGTGTTGCTGCGCTGGTTCCAGCAGCGCAGTGAGATTCCGCGCTGCAGCAGATCCTGCATGCGAACGCCGGGAGTGAGGCTCAGGGCACCGCAGGCCACTGCCTCCATCGGAGGTGGTGTCAGCAGTGGTGTGGGTGAAAGTTTTTCGGTCAGCCAGTCGCGCAGCTGGGGCAGATGGGCCCCTCCTCCGACCACCACCACCGCGTCAAGTTCCTCGGCCGGGCAGCCGTTGAGTTCCGCATCGCGCAACGTTTTGCTGAGAAGTCCATCAAGAGCGTCAAAGAATCCTCGCTCCAGCAACAGTCGGCTGAATCTGTGTCGATTCATCGAAAGCTTGAGTGGTGCCGCGAGATCCTGACCATTCGCTGTTTCCAGGAGGTTCTCCCGTTGCGGGATCTCGGGATCGCTGAGGCGGCATTTCAGACGTTCCGCCGCATTCAGAAGAGTCATCAGCCCATCACCTTCCTCAGGCAGGCCCTCTGGACAGAGTTCGTCAAGAATCCAGCGATCGAGATCCCTTCCGCCCAGGTTGATGCCCGCTTTCCCGAGAACCTTGGCCTGACGCACCGCCTGGCGGCTGTTGGTGAGGTTCTGGCCGCGGAAGCGAAGCAGCTGGGCCACCGGAGCAGCACGACCCTCACCGCCTTCAAGGGCCACCAGGGACAGATCCAGAGTGCCTCCACCGAGGTCGACCACAAGGAGCTTGGAACCCGCTTCCAGCCCAGCTCCAAGGGCGGCTGCCGTCGGTTCATCGACCATGGCGATCTCTGCGACTTGCATTGGCTCGCAGGCTTTGAGAAGCCAGTCGCGGTAGCCGGAGCCCTGATCCACTGGGGCTGTCAGCACGAGTCGCTCGATCAAAAGACCAGGTGGCATCCGCTTCCAGATTTCAGTCAGAAGCCGCGCCCCTGCCTGCTCCGGGCTGAGCCGTCTCTCAGCACTGTGTGGATCTGATGCGATACCGATCCAGCGTTTGAAGTCACGATGCAGCTGCGGAGCATCCCTTTCGTGCAAGCCGTTCTCAAGCACTTCAAACCCCACCAGTGCTGGCCCCGAGAACGCATCCTCAACCCAGAGGAGCGAGGGAATGGCTCCTGTCTCACGGGTGATTGCATCCAGATCGAGCAGATCCACCTCTGACCGCTGAGCAGACTGGAATGCGACCACCGTGGTGGTGCTTCCCAGATCGATCGCCAGGGTGCCGACGTTGTGAGAAGCGTCGGAAAGATGAAGGTTTTGTTCGGCAGCGAGGGGCTGAACCACCGCTATGGGCAGGTTGTAGTCAGGTCGAGGCTACGGGGAGCAACGATGGATCGCTTAAGAAGGCTTGTCTTTTCCTTCTACAGGGAAGATCCGCAGATCGAGGCAGAGCTGGAACCACTGCGTGACTGCAGGATGTCGCGGAGCTGGGGAAGCATTCGCATCGAGTGTGTGGATGCGCAGCATCTCGAGGAGGTCAGTGGACTTCTGAGTCATTTGCGCAGACCGCTGGTGGCCATGGGGCTTGGGCGTCAGATCGTGCTGAGGGTTCCAGGGCGTCCTCAACGCAGCTACCCCATGCATGTTCCTTTTCACAGTGATCTGCTCACTTAGTATTGGGGATCAATGAATATTGGGCATGCTTTCTGCCGGAGTTGATCACCAGGATCTTGCCAAGCGTGGTGAAAGCCTGATTCGTCAGTCCAGCAATCGCTACCTGACCACTGTTCGGATCGCTTTCCGTGCCAAACAGCGTCGTTTCGACGATTTTGATGGTCTGCTTGAGGAATCCAGTGTCAAGCCGGTTCAGCGCGCCATCGTTGAACTGAGCGACGAGCAGGATCAGCCCGATCTTCTTCCTGGATGATTCAACGGGAGGGCCCGGGTTGGAGATTGTCCAGGGATCCTTCCCGCCCTCTGTTCTCAGTTCTGATTGGTGGTGAGCACTGGGCTCTGGAACTCAAGGAGAGTGAAGCCTGCGAGCTGGCTTCACTGATCGCCGTTCTGACGGATCAGCATCAATCCATTTGTGATCAGCTCATGGCGGAGGAATCCATCACCGTCGAGCTGGAACGTGGCAGCTGGTGGGCCTGCCTTGAAGGAGATCGATCGCGGTGGTCGCTTCGTGGCATCTGCAGCGGTGACGGTGAAAGGGCTCGAGGCCTGGAGGTCTACTGGCCAGAGCCAGCTGCGCAGGCCATCGCCGAGGCGATGAGAACGCTGTGGGACAGCAGCAATGATCAGAGCAGCTAATCAATGACTCTCCATTGATTTTCCCCCAGTGTTCCCCACGGTGACGGTGATGTTTTCCACAGGGTGCAGGGCGTTTTGTCAGGCATGGCCGGTTTCTGTGGAAAATCCCATTCCCGGGCGTGGTTTTGGTTGACGACTCGCATTTGTGACTCTTTAGTGACCTCTTGAGCAGATCCGTTTCTGGAAACGGTTCTGGTGGCTGAAGTCTCACCGGGAGAGTCATTGGGAATGGCTGTTGAAAGGCTTCTTGACTCAGGCCCGCATCTGTGGAGAACTGGTTGGCATCCGAACCGTTTGAATGCAGTTGGCCGATCAGTTACAGCAGTCACAAGCACCAGCATCAGAGCTTTTGTCCGAGGTGTCTCAGGTTGTTTCTGCGACAGAAGCTGTTCCTGATGAATCAGCAGTGAGCTTTCATTCCGAGCTCCCTCAGCCTCTGCAGCAGGCCATGGTCGCGTTCATTGAGCGCTGCCCGAACTGGGATCAGTACCGTCTTGTTCAGGCCGCGCTGGCTGGCTTCCTGATTCAACACGGAGTCGAGTCGAGAGAAATCACCCGCCTTTATGTAGGCAATATGTTTCGCCGGGAATCACTGACCCAGGGCGTCTGAGTCCGGCAACTTGCCATCAGCAGCAAGGCGCTGAATGGAATACTCAGCAGAAGGCCGAGGAATGCACCCATCAACCCAATCAGGTTGACACCAATCAGCAGGCCAAGCAGGGCTAGAACCTTTAGTCGATTGGTTTGAACCAGTCTTCGACTGTGTTCCATTGCTGCCAGTGGGCGATGCCCGTGATGCACCAGCAGAGGAATCGCCAGGGTTTGACTCAGGGTCCAGAGAATCAGTGCCAGTCCTCCAGCAATCAGGATCACAGCCGAGAAAACTCCGCTTTGCCTGGCCATCAGTGCACCGATGATCTTCAGCGTGTTGAGGCCTCCGATCAGGATCACACTTTCCAGCAATACCAGTGCAGCTGTTTGCCTGAAAATCCACCGCAGCTGCTGACGCCCCTTGGCAGGTTCAATGCTTTGAGCAGTGTGGATTGAGGGAAGATACTGATCGGCCAGATGCAGCAAGGCCACCAGTGGCACAAGAGTGCTGGGGATGGTCGCAACAAAGACCAAG
NZ_CP138962.1_gap47	2274926	2279769	4843	GGGCCACCTCGGTGGCCGCTTCAATCTGATAACTGCTCATCTCCATCACCACCCAGTCCGGTTGAGGGCAGGAGCCATCAAGACATCCCAGGGCCAGCTCCGCAGCGGAATACCCCATATTTCCTGCCATGGGAGCCTCCAACCCGCTGTGGCTGAGCACGTGGTGAAGAAGATGGGTGACGGTGGTCTTTCCATTAGTGCCAGTGATGCCGATCCAAGGCCGTGTCTTCAGGGATTCCCAGGCCAGAGCCATTTCTCCCTTCACGGGAACACCACGCGTTCGCAGCACTTCAAGAGTCGGATGCGTCCAGGAAATTCCAGGACTGATCACCACCTGATCCATGGCATTGAGCCAGGGCTCGAAGCTGGATATCTCCAAGGGCTGTCCGAGTCGGACGTCAATGCCCTGATCTTTCAGTTCCGCTGACTTTCGCTTGCAACTTTCGCGCTCAGACTTTTCGAGAATCACCACGTCTGAACCCTGGGTCTTGAGCAGACGAGCTGCACCGATGCCAGAGCGTCCCAGTCCGATCACGACACTCAGGGACATGCTGTTTGATCTCTGCACATGAGGGAAATGGGCGATACTGGAATCGAACCAGTGACTCCTACCGTGTCAAGGTAGTGCTCTACCTCTGAGCTAATCGCCCACATTCACCCTCAGGGGATCAGCGGTAACGGTTGAACAGCCCAACCGCTCGCGACTGAAGTTAGCAGTTCACCGACGCATCATCTCCACTCTCCAGCGATCGCGTTTCGTCAGTTCGAGGTTCAAGACTTCCACACTGCCCCTGTCCTGAAGCTGAAGGCGGTCGCCGATTTTCAGCTCGCGACTCGCCTGGCGGACCGGATGCCAGTTGAGCCGCAGCCTTCCTTCCCTGATCTGACGAATCACCCTGGAGCGAGACAGTCCGAATCCGGCTGAGGCAATAGCGTCAAGGCGGCAGGAAGCTTCCACGCTGGTCAAACGCTTCGGCAGTCTCTGAGCGGGCCACTGCAAGCCGTCGACGCTCACAGCCTCAACGGTCAACGTCACATCGCGAACTTGGCCGGTCAGGCCATTGAGATGGTTGGCCGCCTCCAGGGTGCAGACGGCCTGGGCTCCACGGTCACCACGAAGCCATAGATCGCCGAGACCATCGGCTGTCACGCCAAGATCAAGCAGTGCCCGGCGCATGTCTTCCGGTTCAGCCCGATCGAACAGGAAATTGCCCTCAAGTCTCAATCCGGAAATTGGCGCTGGCTCGGGTTGCAGCTCCTGATCGCTGTGGCTCAGCTGAAGGCGGCAGCGTTCGGTTCCAGGTCTTCCTCCGTCTCTGACCATGCGCAGTTCTGTCAGTGCCTCCAGACGACGGGAGTTCTCCAGTTCAGGGCCGCTCAGGAAGGGGCTCCAGCTCGGTTGCCTGGTGCGCAGCACCTTCTCCACTAGGTCGATCAGCCGATGCATCGACTCCGGCTCAGTGAGTCCATCCAGAAATGGAGCACGGTGAAGATTCACAGTTCGCTCAGACGAACAACCTGCTGCGGGCGCACTTTCTGAACCAGCTGCCAGGGAACTTCAAGACCCGCCTGGGTTTCCAGCAGCAGCAACCAGAACTGCTCGTTATGCCTGTTGCGCAGAATCCTGACCCCGTCCTCGTTGTCAGATGGAACGCTGGCTGCAGCGGCGAAGCTTCCCATCAAGCCTGATACGAGTCCGAGCAGGCCGCCGATCAGGGCTTCTCCGATATCACCGAAGCGCGCAAAAGTATCAAGGGTGGTGATCTGGGTGAAGGTAACTCCCGCCATGAAGCCGAAGGGCATCAGCCAGCGCGACATGGAACGTTGGCGGCGACTGCGAGCCATGTTCGGATTAAGCAGATCAACACTGTTGAACTGCTCGGCCTCGAGAGCCCCCTCAGTGGTTCCTGATTGTTCAGGGGCCACCAGCACCACGCGCATGAGCGGAGTGCCGGAATCCTGAAGGTCCTGGACCAGAGTCTCGGCGGAGGCGCGTTCTTTGAGCACCAGGACGCAGATGGGCATGGGCGGATCGGTGCGGACTGCCATTCTCCATGGAGGTCCAGGAATGCCGTGGCCCCCCTTGGTGCGGAGGAGGTCAATTTCTCTGCTCAACATTGATGTTCAGGCCGATCTCTAAACTTCCCAATGGCTTTCTATCCGCCGCTGGATGACCAAAGTTCTCGTTTCAGACCCCATTGATCAGGCGGGGATCGACATCCTCGGGCAGGTGGCCCAGGTGGATCAGCGGACCGGCCTGTCTCAGGACGAGCTCAAGTCGATCATCGGTGACTATGACGCCCTGATGATCCGCTCAGGCACTCAGGTTACTGCGGACGTGATCGAGGCCGCTGACCGTCTGCGCATCATCGGCCGGGCTGGAGTGGGTGTTGACAACGTTGATGTTCCTGCCGCAACCCAGCGAGGTGTGTTGGTCGTGAATTCACCCGAAGGCAACACGATCGCAGCTGCCGAGCATGCTCTCGCCTTGTTGTTGTCCCTGTCCCGCCACGTGCCTCAGGCGCACGCATCAATGCGGGCCGGTGCCTGGGATCGCAAGAAATACGTGGGGAACGAGCTTTACAAGAAGATGCTCGGTGTTGTGGGTCTGGGCAAGATCGGCTCACACGTGGCCAAGGTTGCCAAGGCGATGGGCATGGAGGTGATCGCATTCGATCCGTTCATCTCGGCTGACCGGGCGCAGCAGATGCAGGTGCGACTCACGACTCTGGAGGATCTCTTTCATCAGGCTGACTACATCACCCTGCACATTCCAAGGACGCCCGACACCGAGAATCTCGTCAATGCGGAGCTCCTCCGCTCCATGAAATCGACGGCGAGGATCGTGAACTGCGCCAGGGGAGGCATCGTTGATGAGGCTGCCATCGCAGAAGCCATCGACAACGGTGTGATCGCCGGAGCCGGTCTGGATGTCTTCGCTGCTGAACCTCTGGCTGAGGACTCTCCACTGCGTGCGGTCGAGCGCGGGCTGGTCCTGACGCCACACCTCGGAGCCTCCACCGAGGAAGCTCAGGAGAATGTGGCCACCGATGTGGCTGAGCAGATCCGCGATGTCCTGCTTGGACTCCCCGCGCGCAGTGCCGTGAATATTCCAGGTCTCAGCGCCGAGATCATGGAGCGTCTGAAACCGCATCTGCAACTTGCTGAAACCCTCGGCTTGCTGGTGAGTCAGCTCAGCGGTGGCCAGGTCCAGGAGCTGGAGGTGCGCCTTCAGGGAGAGTTCGCCAGTCACCCATCTCAGCCTCTGGTGGTGGCAGCGCTGAAGGGACTGCTCACAAGCGCCCTCGGAGAACGCATCAACTATGTCAATGCCTCACTCGAAGCCAAGGGGCGCGGGATTCATGTGCTGGAGGTCAAGGACGATGCCAGCCGGGACTTCGCCGGAGGATCCCTTCAGCTCACAACCCGCGGCGGTCAGGGGGGACACAGTGTGACCGGTGCGGTGTTTGCAGACGGTGAGCTGCGTGTCACCACCATTGATGAATTCCCTGTGAATGTGCCGCCGAGTCGACACATGCTGTTCACCCGTCACCGGGACATGCCTGGAATCATTGGTCATCTCGGCTCTCTGCTAGGCGAGCACAATGTGAACATCGCCTCGATGCAGGTGGGCCGCAGGATCGTGCGCGGCGATGCCGTGATGGTGCTCAGTATTGATGACCCTATTCCGCCTGCGCTTCTGGCCACCATCAACGGCATCAACGGGATTCAGGAAGCCCATCCCGTCACGTTGTGATGTGGTGGCGTTTGTCTCTTCCAGTTAAGGCTGAGCTGGAGGAGTCGCTTCTCTGGAAGCTCAATGTTCTCGGGCTTCATAGAGTCGCCTTACAGCACGCACCTGATGCGCCTGATCAATGCACGCTCCTGGTCTGGTTGCCTGCCCATGAATGGCCACAGGATCAGCGATCAGCGCTGTTCAGCAGCCTCATGCCCCTCGCGGAGACCTTCGGACTGACTCTGGCTCAGCCGGTGTGGGAGGAACTGGCCGATGAAGACTGGAGTCTCAGCTGGAAACAGCACTGGCAGCCAGACCCAGTTGGTGAAAGGCTGCTGATTCTTCCGGCTTGGCTTGATGTGCCCGAGGAGCAGGCTCACAGGCTTGTTCTCAAGATGGACCCAGGCAGTGCATTCGGAACCGGAAGTCATCCCACAACCAGGCTCTGTCTCGAGGCACTCGAACGGGATCCCCCTCTAGGTCTTCGGGTTGCGGATCTGGGTTGTGGAAGCGGTGTGCTCGGGATTGCCGCACTCGGGCTTGGAGCTCGCCAGGTGCTTTCGGTCGATACCGATTCCCTGGCGGTCACGGCAACGACTGATAATGCGGTTCTGAACGCTTGTTCAGAGAATGAGCTCAGGGTCAGCAAAGGGTCTGTGGCCATGCTGGCGAAGCTGCTTGAGGGGCAGCCCGCTGACCTGCTTCTCTGCAACATCCTGGCCCCGGTGATCGAGGCCCTCGCGCCTCATTTTGAATCGGTTCTTCGCCCTGGTGGGCGGGGGCTCCTCAGTGGCCTGCTGGTCTCACAGGCACCCAGACTCAAGGATGTGCTGGAGAGCCTGGGGTGGGCGGTCAAGCCGATTGCTGACCAGGGTCGATGGGGCCTGCTTGAGATCCGGCGCTAATCTTGATAAGCCAGCCTTATAAATCATTCTGTTTTGATTGGCCTTGCATCGAAACAGGCGCTCAGGCGTATGCCTTGACGTCTGGACCATGTAGAAATGATCGGTCCGGCAAGCTCGTTTGTTACGAGCTTCTGCAAATTCACTCCATCCATGGCTTCTTATAAGGTCACCCTGGTCGCCGAAAGCGAGGGTCTCAACAAGA
NZ_CP138962.1_gap48	2392973	2394058	1085	CTGGCGGGCGAGGATGGCTGAGAAGCCTTGGTGTAGCTGACGCCCCCTGATGGATTCGAACCATCGACCGACTGCTTAGAAGGCAGTTGCTCTATCCAGCTGAGCTAAGGGAGCAATGGCGCCATTGTTGCAGCCAATCCTCCTTGCAGCGCTTAAGGTTGGTGGCTGCGCAATTCCTGCGATGGCACCCAGCCGGCTTACCGACAGTCAGAAGCAGGAGCTTTTGGCTCGTTACCGCGCCGGCGAGTCTAGTTCGGCTTTGGCTGCTTTCTACGCCATCAGCCCGAACACCGTCAGCCGCACGGTTCGCACCCTTCTCAGTCAGGAGGATTACGACGCACTCAAGTCAGCGCGTGCCCGTTCCGGTTCTGTGCCGTCATCACCTGAGTCCTCTGTTGCTGGGGATGCCTCCAGCGCAAGTCGTTCGGGCACTGAAAGCGCTCCCGTCAGCACCGACGCTCAGCCGGTCGAGGACGAAGGACCTTCGAACCTGGCTCTTGAAGATGCCGATGACTTCGGTGATGACGACGCTGATGAGGTGAGCGATGACGACGGCTTTGACGGTTCAGCGGACAATGTGTTCCAGGAAATCGCTGTTCTGCCCGTTGATCTGCCGCAGGTGAGCCGTGAGCAGGTCAGCTGCCTTCCCTTCGCTTCCGGTGTCCTCCCCGACAGCGTCTACATGCTCGTCGACAAAACGGTTGAACTGGATCCAAAACCGCTCAGTGAGTTCCCTGAACTCGGTGTTCTCAATCCGGAGGAGCTCACACGTCAGGCACTGTGTCTTTACTCCAGTCCCCGTTCTGCCAAGCGCCAGTGCGGCCGCAGCCAGCGTGTGATCAAGGTTCCCGACACCCAGGTGTTTGAGCGCACATCACGGCATCTGCTCGCCAGGGGAATCACGCGCCTCGTGCTCGAAGGCGCCTTGTATTCACTCGACAGCTGATTCACCGTTGGGACTGTGGCATAAGCACCGCCGCGAGGCTGCCGCCGCTGATCACCCCCAGCACCGTGCTGACGCCAACAATGAACCCTGCAGGAAGAGGGGCTGTTCTGCCCACACCCAGGTTCAGCCTGTAGCGGTC
NZ_CP138962.1_gap49	2416382	2420677	4295	TCACCCGATCAGCAACATCGTCGTGACCGGTGAGCATCAGGATTGGTGTGGTGATGGAGCTGCTGCGGATTCGCTGGCAGATATCCACACCACTGAAATCGGGAAGATTCCAGTCCAGAACGATCAGGTCCGGGGATGGCTCAGTGCGTGCCTGGATCAGGCCAGCGGCCCCATCGGCGGCCACATCCACCTCATACCCCTCGACCTCCAGTTCCATCTTCAGGAGCTCCGTTAGGCGTGCCTCGTCATCCACGAGCAGGAGCCTGGTCTTCGGAGTGGCTGAGGAGACCATGCAATCCAGTGCACCCTTCATTCAGCCTAATCGGCCAGCTCAGGTCGGTCTGGACTGCTGAGCATGTCCATCCCAGCGTTCAACACGGCCGTCACGGAAATGTGCCACTCGTTCAGCACGGGCAGCCACATCGTCTTCATGGGTCACCAGCACCAGAGTGATCCCTTGGTCGTGGAGGGCATCGAACAGATTGAGCACGTCGTCTGTCGTGCGTGAATCGAGTGCGCCGGTTGGTTCATCAGCCAGGAGAAGTGCAGGCTGGTTGATGATGGCTCTTGCGATGGCGACTCTCTGCTGCTGACCTCCTGAAAGCTGATTCGGCTTGTTGTGCATTCTTTCCCCAAGACCCACTCGATCCAGCGCTTCTCTCGCCTTGTCCCGCCTCTGCTGGGGAGAGAGGCCTGCATAGATCATCGGCAGCATCACATTTTCAAGAGCTGTCGCGTGGGGCAAAAGATGGAATTGCTGAAACACGAACCCCAGTTGCTGATTGCGCAGATCCGCCAGCGCATCGTCATCAAGATCCTCAACCGCATTCCCATTCAGGTGATAAGAGCCGTTGCTGGGTCGGTCGAGGCAGCCAAGAATGTTCATCGCGGTGCTTTTGCCCGAGCCGCTTGCACCCATCACGGCAAGGTAATCGCCTTTACGAACAGTCAAATCCAGTTGATCGAGTGCCCTGACCAGACCCGCACCGGTTCCGTAGACCTTGTCGACTCCGCGCAGCTCCGCGACGGCGGAGCGTTCACCTTTCGCACCCTCAGCCAAGGGTGGCTCCGGAGGCATCGGCGATGGCCTGCTGCAGGATCGGGGTCCCAGCCACCGCGTCGCTGGCCCATTGGAAGAGGGGGTTGGAGAGAATGCCACCAACCGCTGTAACGACCACGCAGGTCACCAGAGCCACCCGCAGTGGCGGCAGCCCCAGGGTGTTCCACTGGATCGGTGGATAGGCCTTCACCGCATCGGAGGCTTCCTGTGGCTCCTTGACCACCATCATCTTGATCACGCCGATGTAGTAATAGATCGACACCACCGAGGTGATCAGTCCGACCACAACAAGCAGGTACTGGTGATCAGCCCAGCCAGCGAAGAAGAGATAGATCTTCCCGAAGAACCCGAGCATCGGTGGGATGCCTCCGAGCGACAGCAGGCAGAGACTGAGCCCGAGTGTGATCAGGGGATCCTTCTGGTAGAGACCGGCGTAATCGGAGATGCGATCACTGCCGGTGCGAATGGAGAACAGGATGATGCAGGCAAAGGCCCCCAGATTCATGAACAGGTAGGTGGCCATGTACAGGACCATGGCTGCGAAACCGTCTTCAGTACCGCAGACCAGACCGATCATCACGAAACCGGCCTGACCGATGGAGCTGTAGGCCAGCATCCGTTTCATCGAGGTCTGGGCGAGCGCAACGACGTTGCCGAGGGTCATGCTGAGCACCGCCAGCACGGTGAACAGCAGTTTCCACTGCGTGTCGAAGCTGCCGAAACAGCCGACCAGAATTCGCAGGGCCAACGCAAAGCCGGCGGCCTTAGAACCGACTGAAAGAAAGGCGACCACCGGAGTCGGAGATCCTTCGTAGACATCCGGTGTCCACTGGTGGAAGGGAACTGCGGCGATTTTGAAGGCCACGGTTGCCAGAACGAACACCAGCGCGAGAGCGGCGAGGGGAGTGGGACTGGTCAGCAGTGACTGTCCGATCGCTTCCAGGCTGGTGGAGCCGCTGAGTCCATAAAGGAGCGAGGAGCCATAGAGAAAGACTGCAGCTGCAGCGGAGCCCACAAGCAGATATTTCAGAGCGGCTTCCGAACTGCGCGCATCCCGTTTCATGTAGCCCGAGAGCAGGTAACTCGCGACTGAAAGGGTTTCCAGAGAGACAAAGATGCTCACCAGATCGGTGGCACCGCAGAGAAGCATGCCTCCAAGCGTTGCTGCCAGAAGAATTGCGGCGTATTCACCCACAGGGGTTCCACCCTGTTCGGCGTACCTCCAGCTGATCAGCAGGGACAACAGCGTTGAACAGGCCACCACGGCTCTGAAGGCAATCGCCAGGTGATCGGAAAGAAATGCGCCGAGGAAGGAGGGCTCAAGCGGAGCGTTCCACTGCAATGCGAGCAGCAACAGGGCTGTGCCCAGGCCCGCGTAACAGATGAGAGGAACCCAGCGCACAGCGACTTTTTCGCCGGCCAGATCCACCAGAAGGGTGGCCAGCATCGCCAGCAGGACCGCGCCTTCCGGGGCGATGGCAACGGCGTTCAGGGCCAGATTGAGCAAATCACCCGGCGCTGCCAGTGGCTGGGTGTCGAGGAGCAAGGCACCCATCTCGGGCATGGCGCGCGCAGGGCGAAGCGGTTCGAGCGACTGTAGCCGCGCTTCCGTTCCTCCTTGTGGCATCCACCGTATTCGCTGCAATCGGAGCGGCGGTGCGATAAAGAAGGGAACGGTTATCTGCCCTCCTTTGGCGCACACCCTGGTCATCGTTGAGAGCCCCACCAAGGCCCGCACCATCCGTGGATTCCTTCCCAAGGACTTCCGGGTGGAGGCGTCCATGGGGCATGTGCGTGATCTCCCCAACAACGCCAGTGAGATTCCAGCGGCGCAAAAAGGCCAGAAATGGGCCAATCTCGGGGTCAACACCGAGTCGGATTTCGAGCCCCTCTATGTGGTGCCGAAGGACAAGAAAAAAACGGTGAAGGAGCTGAAGGACGCTCTCAAAGGTGCGGATCAGCTTCTGCTGGCGACTGATGAAGACCGGGAAGGCGAAAGCATCAGCTGGCACTTGCTGCAGCTGCTTGCGCCAAAGGTTCCGGTGAAGAGAATGGTGTTCCATGAGATCACCAAGGAGGCGATCGGGCGGGCTCTCGACCAGACCCGTGAGCTGGATATGGAACTGGTCCATGCCCAGGAAACACGGCGCATCCTGGATCGTCTGGTTGGGTACACCCTCTCGCCCTTGCTGTGGAAGAAGGTGGCCTGGGGGCTGTCAGCGGGTCGTGTTCAGTCCGTGGCGGTCCGGCTGCTGGTGCAACGGGAACGCGCCCGTCGGGCATTCCGCAGCGGCAGCTACTGGGATCTCAAGGCCAGTCTTGAACAAAGCGGCAGTGGTTTCGACGCCAAGCTCACCCATCTTGCGGGGCAGCGCATTGCCACCGGCAATGATTTTGATGAAAACACCGGAGAGCTCAAGGCGGGCAGCAAGGTCCGCCTTCTCAGCGAAAGTGATGCACAGGCACTCTCCGAAACGGTCAAGTCAGTGGCCTGGAGTGTCACGTCCGTGGAGGAAAAACCCACGGTGCGACGGCCTGTTCCACCATTCACAACCAGCACACTTCAGCAGGAGTCAAACCGCAAGCTTCGCCTCTCCGCGAGAGAAACAATGCGCTGCGCGCAGGGTCTCTATGAGCGCGGTTTCATCACTTACATGCGCACCGATTCGGTGCATCTCTCCGATCAGGCGATCAGCGCAGCCCGCAGCTGTGTGGAATCGCGATACGGCAAGGAGTATCTGAGCAAGGGGGCCAGGCAGTTCAGCACCAAGGCTCGAAACGCACAGGAGGCTCACGAAGCGATTCGTCCTGCCGGCGAGAGTTTTCGCGCGCCCCAGGAGACCGGTCTTGATGGCCGGGACCTCGCCCTGTACGAACTGATCTGGAAGCGCACCGTCGCGAGTCAGATGGCAGAAGCCCGGCTCACCATGCTGTCCATCGATCTGAGCGCTGCTGATGCAGTGTTCCGAGCCAATGGAAAGCGCATTGATTTTCCCGGTTTCTTCCGTGCCTATGTGGAGGGCAGTGATGATCCTGATGCGGCCCTGGAAGGCCAGGAAGTGTTGTTGCCCGGCCTCAAGCAGGGGGATTCTCCCAGCCTGAAAAATGTTGAGGCGCTCGGCTACCAGACCCAGCCTCCGGCTCGGTTTTCGGAAGCTTCACTGGTCAAGATGCTCGAGAAGGAGGGGATCGGCAGGCCCTCCACCTATGCCTCGATCATCGGAACGATCGTGGA
NZ_CP138962.1_gap50	2422192	2425933	3741	ACGGATCGCGCCACCGCCACCGATGCCAATTCCGATTCCGCTGCGACGAAGGCTGCTCCTGAGCGCACATTGCCCTATCGCATCATGATTCGCCTCTCCGCAGCTGATCCAGCTGCTCCCGCTGAGGGAGTCACGGAAGCTCTGCGGCGTGCTGGTATTGGTTTTGAAGTGGAGACCATCGAAAAGCTGCCCGTGCGCGACCTGAATCAGTCGTCCAACCCCGCGCCGAAGCCTGCCTCCTGATGCGACCTGCTCTCAGCCATCGCCAGGCGCTGCGAATGATGGAATCCTCGTATCTGGCGGCTGCGGCTGCATTGATCTGGCTTGCTCTGTATTACCTACCGGTTGGTGGAGCGCTGTTCCGCCTGGCCCTGCCCCTGCCACTTGCCCTGCTGGCGGTCCGGCGAGGTGCCCGAGCGGGGGTCGAGGGTCTGGCGGTAGCGATTCTTCTGCTCATCGCCTTGATGGGTCCCGTCCGCGGACCCCTGATGTTGTTTCCCTACGGACTGCTCTCCGTCTGGCTCGGCTGGTGCTGGGTCCACCGCTGCAGCTGGTGGCTGAGCTGGGGGATTGGCCTGCTGATCGGTGCTGCCGGTTTCCTCGTGCGGGTTGTTGCTCTTTCGCTGTTGGTGGGTGAAAACCTCTGGGTGGTCATCACCCGCGCCGGTGCGGGACTACTCGACAGGTTGCTGGAACTGCTGCAGTTGCCACTCGCCCCAGATCTGCTGCTGGTTCAGTCGATGGCTCTCGCTCTCGTGCTCATCCAGCAGCTGGTGTACGTCCTCGCTCTCCACGCCCTGGCCTACTGGATTTTCCCCCGACTTCAGGCCCCCGTTCCTGACCCTCCCCCGCTGCTGCATGGACTGGTCGCCCTCGACCCCCTCTGACCTTCCGGTTGGTGTGCGTCGTCTCACAGGGTCGGCCACTACGGCTGACGCAAGCCGGTTTACAGCCATCTGGTCTGAGTTCGCCAAGCCTTTGCCGGACCTGCTTCTGGTTCTTGCGTCGACAAGGACAGCCGAGCAACAGGGAATCTCCGCCGCTGGGTGTACGCCAGAAGCTCGCCGCACAACGGCTCTGGCCGATGCGGAACTGCTGCTGACGGGGCCATCAGTACCGCCATGCTGGTCACTGCCACCTCTTCCGGCTGGCGTCTCACCCGCCCTGATCAGCTGGGTGGTCTGCCAGCAGCTTGGTCTCGATCCGCAGGTCGCTGCTCTCGGCCTGCCCGTTCCGCCTCACTTCCCCCATCTCCGCTTTGAAGATCCATGTGCCGGCCCCTCGGAGTGCGTCTCCAGCGGCTGTGCCATGCAGCTCGAACGGGTGCAGCAACTGGTGCATCGCGGTCGTCGTCTCGGGCGAGGACTGCGACGGCCGCTGGTGCTGGCGGAATCTGTTCCCGGCGGGACCACCACAGCCCTGGCTGTCCTGACAGGGCTGGGACTGCCTGTTCAGGCACTGGTCAGTGGCAGTGCCCTGCATCCACCCATGGCGCTTAAGCAGCGGCTGGTCAGCGAGGGGCTGTCTCGGCTTCCCTGCCGCCGTCACCTCAACGCACAGGCATTGCTTGCAGCAGTGGGTGATCCCTTTCAGGCCCTCTCCACAGGCATCTTGATCGGGGTGCTCGAGGCTGATCAGCCCGTTCTGCTGGCCGGTGGCAGTCAGATGGCTGCGGTGCTTGCATTGGCTCTTCATGCTCTTACAGCGGACCGTCGTCAGCAGCTCTGCGATCGGGTTCTGATCGGCACAACTGCATGGCTTGCCGCGGAAAGGCTGCAGGCTGCAACGCCTGCCTCTTCCCTGGTGACGCTGCTCAGCAATCTGGAGCAGCATTACTCGGTCTCACTGCAGGCCTATGCCGCTGGTCTGCGCTTCTCCTCCAGTCGTCATTCCCGTCTGCGCGACTTCGAGCAGGGCCATGTGAAGGAAGGAGTAGGGGCTGGTGGACTGGCCCTGCTGGCTCAATGGCGAGGTGTTTCCGTCGACACACTGGTGCACTCCTGTGACCGGGCCTTCGATCAGTTGCTGGCGACAGACGACAAGGACACTGTCGCCCCGTAGGTTCGGATCATGAAGCCAGTTGTTCCGGCGCCATTGCTGAACCGTCGTCGGTTTCTCCGATTCGTCGCTGTGACAGCAGCGCTTGGGCTCAGCGGCTGCCGTCGGGGTGGTGCGGTTCCCACTCTGCGCTCAATGCCGGAGGTCCTGCCGGCTCTCTGGCGTCGCGATCTGCCGGCACCCTGGCGTTTCACCGCGCTCTCTGGAGCAACTCCCCTGAAGAGTCCCTGGCCACCTCCAACGGACCTGCTGGCGCTGAATGATGGCTGGCTGTCAGTGATCAGCCCCGATCGTTTGCAGGCGATCGCCGCGGACGCCCTTCTGGCGAGGATGGGTTCCTCGGGAGAACGCTTCCTCAACGAGATGCCTTCGGTTTGGAGGAGCCTGCTGTTGCCGGTGGCGTTCAGTCCCTGGGTGATGGTGTTTCGGCGTGAGGGGAAGAACGCACCCGCTCCTGATGCCGGCTGGGATGCCTTGCTCGACCCGGCAGTCAAGGGCAAGCTGCTGCTGCCATCCAGCCCGAGGCTGCTGTGTTCAATCGCCCAGAGAATGGGTGATGGCGACTCCTTGCGGCGCCTGCGTCAGGCGGCCATCAGTTTTGATGACCGCTTCGGCATGAACTGGCTTCTGCAGGGTGATGCCAGGGTGGCCGTACTGCCTCTGCAACGCTGCATGGCGAGCCTTCAGCGTGATCCCAGACTCATCGCTGTGTTGCCGGAGCAGGGTTCGCCGCTGCACTGGACGCTGCTGGTTCGGCCTTCCCAGACCGCTGAACCCATCCCGCAGGACTGGGTGCTGAAAGCGTGGAAGCAACCATTGCTGTCTCGGTTGTTGGCACAGGGTTGGATTCCGCCGCTGCCCAGGGACGAGCTCATCTCCGCAGAGACAAGGATCCCTCAACGGCTTCGCTCCCTGGTGGTCCCTCAGGAATCGCTCTGGCAGCGAAGTTGGGCGCTGCCTCCGCCTGACCCTGCCGAGGTGCAACGTCTGCAGAAGCTCTGGGAAGCATCAGCTCCATAGCCGCCGGCGTGGAGCAGCTGCCAGAAGCCGATGCGTCTCCGCCAGCAGATCAGGAATCGGTAGCTGGTGCGGGCATCGCGGCAGGCAGTCACCGCAGCGGTCGCACTGGCTTGCATCAACCGTCTCCCACCAGTGACCGGCCCGCCCGATCAGGTTGTAGCGCTCCCCTGCGAATTCCATCAGGTCATGACCATGGGCAAGATTGCGCAACCTCAGAAGCTCTGGGATGGGTACATCGTTTGGACAGGGCAGGCAGGCACGGCACTGACCGCACAGCTCATGTCCCAGCCGACTCCCGCGCTGCTGCTCAAGATGAGCGAGTGCCCTCTTCTCATCCGGATCCAGCGGACCGTCACTGGCAGCCAGCGACCGAGCCAGTTTGAGGTCGGCTGCGTTCCTGGCGCCCACAGTGAGTGTGCTGATGCCCGCCGCCAGCAGAAAGCGATAGGCCAGCTGCAGGGGCTGGAAGGGAGTGCAGTCAGTCTTCAGCTGCTCACTCGGTGCCTGGAGACGACCACCCTTGTCTGCCGGTGAAATCGCCAGCACGCCCATGGATCGATCGAGGGCCAGCTGTGCCAGCGGCATGCGTGTTGGGTCCAGGAGATGCAGATGCAGGCAACAGAACCTGAAGCGGTCACTGGCGATTGCACGCTCGATCAAGTC
NZ_CP138962.1_gap51	2448301	2449779	1478	CAGAAACGCAGCGATCCTGGCGTATCAACTCACGGAATTGCGGATTGGTCTAAGGCGCCGTGTCAAGCAGCGTAGTTCTGTCAAAAAAAAAGGAGGGTCCCACCCCTCCTGGCTTCGACGCATCTCCGGTGATGACCCGAAGACAGACAGATAATGCACGAAACTTTGCAAAACATCCGTAGTGGTCAACACCCCGAAGATTCAGGGAACCAACTCTTCAGAGATTGAGAGTGTGAGATCAGCATGGGGAGCTCTCAGCTCAATCATCGATTGATACTCCGTTGACTCATAGGCTGATACTGCTGACTCGATTGAAGGGAACTCAATGATCACCATCACGGAGCCAGGGGAGCCTTCTCGGACATCGCACTGAACATCGCGCACCAGAAATCTCGCCCCGACTGTGGGCAGCCATTCAGTGAGTCGGCTGATGTAGGGGACCATGGCCAGTGGTGTATGAATCGTTCCGGTGCTGATCCAATAACCCTTTGCCATGACGAAAGAAGTACGGTGCACCGAATGTATTCGAACAGTCCTGCGTAGAGGCCTCGAAAGACTCTATAAACCTTTCAAGGCCTCTATCAGCTGAAACCTTTGAATGTTCAAGTCGCAAGCTCTATTCGAGCGAGATTAAAGCCTTTATTTGCCGATTAATCCTTTGATTTGATGGCCTTATGTGATGCTCATGTGAGCTTTCAGAGCTGCTTGTAAATCAACTGAAAGCCCTGCAACGCAGGGCTTTGTCATGCATGGGCGATACTGGATTCGAACCAGTGACCCCTTCCGTGTGAAGGAAGTGCGCTACCACTGTGCTAATCGCCCGATTTGGTCATCTTAAAACACCACCAGCCCGGATTTTCAGTGCCTGGGCCTGAACAAGTGGTCATGATCCGGTGAATAGAGTTTTGACCGACGACTGCTTGAACGCAAAGCAGGACTGATCACATACAGCGTGGTGCGAATCAAATTGCGATCGTGGGTGATCCTCGCCATCTGATCGAGAGGGACCAGGTCCAGTGATTCATCAGGCCAGCTGACCCGGTATCCGATCGCGACCGGCGTGTCAGCTGGGTAATGCTCAAGCAGCGTGGCCTGAACCTCGTCCACATGGCGGGCACTGAGGTAAAGACACAGCGAAGCCTGCAGACAGGCGAGTTTCCCCAGTTCCTCTCGTTCGGGAACACCGGTTCGGCCTCCGCTGCGACTCAGCACGATGGTCTGCACAAGGCCTGGGATGGTCAGTTCCGCCCTCAGAGCCGAGGCGGTTGCCTGATAGGCGCTGATGCCAGGAACCACTTCCACTTCGATTCCGGCATCGGCAAGTCCGCAGACTTGCTCGCTGAGAGCTCCATAGAGACAGGGGTCGCCATCGTGAAGGCGCACCACGTTTTTTCCACTGCTGGCGCGCTCGACCATCACCGGAAGAACCTGTTCCAGCGTGAGCGAGCTGGTCCTGATCCGTTCACACCCAGCAGGCG
NZ_CP138962.1_gap52	2526334	2529143	2809	CGCCTCTCCGCTGAGTTTCAGGAGTGCACGCGCGTAGGCCATTCATCCACCTGATCCAGCTGACAGTAGCAAGCAGGATTGGACTCTCTTGCCACTGGCGCGGCCGCGGTGGAACCGCTTGGATTGTTCAACGTCAAAGCCCCCATGTCCGAAGAGATCGGTGGACGCAGTTCGGTGATGGCACGCCTCACCCTTTCCGCCCTGGACCGTGCCAGTCAGGATCCGTCCTGCTGGCGCGATCCTGTTGTTCATCGTGCTCTGCTGGTCAGCGGTTTATCGGTTCTGACCGCTGCCTCCGGCCTGATCAGACGTGATCTGACCCAAGATTGATAGTCAGTATTCAATGCCTGCCTGAGCCTTGACACCCTGTTCCCTGAATGGGTGTTTGCTCAAGGTCATTTCCGTCACCAGATCGGCAGCTTCGATCAATGGTTTCGGTGCCCCGCGGCCGGTGACGGCCACATGACAGAGCTCAGGCCTCTCCCTTAGCCCAGCGATGACTGTCTCGGGGTCGATGTAGCCCAGTTTGATGGCCACGTTGAGCTCATCAAGCAGAACCAGCTTGATCCGGTGGTCTCGCAGATGGCCGAGGGCGGTTCGCCAGGCTTCCGTCACCAGTTGCTGATCACGCTGCCGGTCCTGGGTCTCCCAGGTGAATCCCTCCCCCAGTGCATGCCAGGAGATCTGCTCGCCGAAGGCTTTGAGCGCCCTGGCTTCACCCGGTTCCCAACCGCCTTTGATGAACTGCACAACGGCCACGCGTTCACCATGGCCGAGGGTGCGCAGCACTAGTCCCAGGCCCGCCGTGGTCTTGCCCTTGCCGTGCCCGGTGAACACCAGGATCAGTCCTTTCTCCTTGTTGCGCTCCTCGACGCGCTGACGCTGAACCTCCTGGCGTCGTTCCATCCGCTTTCGGTAGCCGGCATCGTCCTGCTCCGGAGCAAGATTGCCTCCCATGCCCAGTTCCGCCGCCGTCTGATCGAGATTGCTGTTGCTCATGAAGAAGCTGTGTCGCTGCTGGGCTTAGCGGCGGTGATCCGCTGCAGGGCCCGACCTGCCAACAACTCCTGCCTCACGGCTGTGAAACCGAGCTGATGCAGTTGAGAGGGGAGGTCGTCCTCCAGCATGGCCGTGGCCGTATCGGTTTCAAATAAAGCGCAGAACAACTGCTGGGGCAGACGCAGCCATGGGCCTGCTGGGTGCAGGTCCACAAGCACCAGCCAGCCTCCCGGCTTCAGCAGACGCAGGCTTTGGCGCAGCACCTGTGCACGCTCTTGGCGCGGAAATTCATGCAGCGCCACGCTCAGCTGAACGGCAAGAAAGCTTTCATCCTTCAGCGGCGGGTTCTCCGCCAGTCCCTCAACCCGCTTGAGGTCTGGATGCCGTCGAGCGGCCAGTGAGAGTGCCAGTGGAGACAGATCAAGCCCTGTGACACTGAATCCAGCCGCCAGCCAGGGGGCTGCGGCTTCGCCGCTCCCACAGCAGAGATCCAGCACCGGCCCGCCGGGTTCCAGCCTGGATTGAAGCGCCTCCAGTCCCAGGCCTCGCAGACGCTCCACACCTCCAACACTCAGGGATGAAATTGCCGTGACCGTGTCATAGATCCAGCGATGGCGGTAGGCGAGGGGCCGCAGAAACGACGTCATCAGGATCAGTGGAGGGAGAGATGCGGGCTTGGTTCAAGAAATGCATCCTGACGCTCGAGCGCAATCCTGCGGGACCGAATGAGCAAAAGCAGCTTGGCAGGCAGCAACGAATGCATCCGGGCGTTACGCCCTTGGTCTGCCTTTTCAGCTGGACATTTCACTGGGATCGCCTGTTAAGCACCAGCGCCGCCTGCCCCAGCCCGGTTCGGCTCATGAGGCCTGCTGACGCGCCAGGGCCGCATCGACAGCCTGTTGCTGATCGCGGCGGGTGATCCAGTGGTGATAGGTCCGGGTGTGAATGGCCACGGAATGGCCCATCATCCTTGCTGAAACCGTGTCAGGAAGGCCGATGTGGATGGTTCTCACCGCCCAGGCATGGCGAAGGTCATAAGGGGTGAGAGGAAGCTCGTAGCGGCGAAACTGCTCGGTGACCCGTCGTCCCACCTGCTGCAGGGTCGTTGTTCTCAGATCGGTATTGATCAACGGCAGTGCATGCGGCTCAAGTCCATGTTGCAGAAGATCGAAGCGTTCAACCCACTCAGGGTTGAACGGCCACACCTGGTGTTCCCCTGTTTTTGTGGTGGGCAGAACGCGGATCACACGATCTCCCTGGGAACTCAGAGAGGACAGGTCGCTGAAGAACACTTCATGGTTGCGAAGGCCATAGGTCGCCATCAGGCCATAGGCAAGTCGCCAGCGCGGGTTGGGAATGCGCAGGATGCTCTCCAGAATCTGCTGATCACTCGGCAGCTGACGGAACCTGGCTCGATGCAGGCCATAACCAGCTGCCTCCGCTCGCCAGTTTTCAGGTAGTTCCAGTTCCAGATGTCTGGCCAGGCTGCCGAGGGCTGTGCTGCATTGCTGCCGACTGCGGCTTCCATCCGGATAGCTGTGCAGGGTTTGAAGCAGCAGCTCGGTGGTGATTGGGCCCGTTTGTTCTTCGGAGAGTGTGCGCAGTCGACGCAGATAGGGGTTGTAGGCCCCAGCCCACGTGGTTCGACTGCCGGACGTGGAGCGGCGGCGCCTTGGATCGGCAAAAAAGGCTTGCTCGAAGCTTTTCAGTTGCTGGTCGAGCAGGGCGCGATCTCGACCTGCTGTGGGGGCTGTGCTCGTTGTCTCCGCTGGAGTCTTGATCCACTGCTCCCATCGGAACTGATCGCGTC
NZ_CP138962.1_gap53	2530292	2534849	4557	GAAACGCTCGAGGAGATCGACATCGAGTACAGGGAGCTAGCCACCGAAGCAGGTGTTGTGAATTTCAGACGTGTGCGGGCTCTCGACACCTATCCACCCTTCATCGAGGGACTGGCTGATCTTGTGGTCACCAGTCTTGAAGGACCTGAGGTGAGCCTCGACGCCGCAGCGGAGCTCCCCAACACGGTGAAGCTCTATCCCCAGGAAAAATGGGAGTGGGGCTGGAGCAACAGTTCCGAGGTCTGGAACGGTCGGCTGGCCATGCTCGGCTTCTCAGCCTTCCTCCTGGAGATCATCAGCGGCCAGGGTCCTCTGCATGCTCTCGGACTGCTTTAAGGAGGCGGCAGCAACCCGACAGGTCGGCCCTTAATCTTGAGGGTCAGTCCCCCGTGAAAACACAGTGACGCTGATCTCCGCTCCCACGGCCGACGCAGCGTCAAGCAGTGATGGAAGCCGTCGGATGAGCGGAGCCCAGGCCCTGATGGACGCGTTGCGGCTTCATGGAGTCGACACGATTTTCGGTTATCCGGGTGGGGCCATTCTTCCGATCTACGACGCCCTGCATGTGGCGGAAAGCGAGGGCTGGTTGCGTCACTTCCTGGTGCGTCATGAACAGGGCGGAACCCATGCGGCCGATGCCTACGCCCGTGCGACCGGCAAAGTGGGTGTGTGCTTCGGCACGTCCGGTCCCGGTGCCACCAATCTGGTGACGGGAATCGCCACCGCCCAGATGGATTCGGTGCCAATGGTGGTGATCACCGGTCAGGTGCCGAGGACGGCGATCGGAACCGATGCCTTCCAGGAAACGGACATCTTCGGCATCACCCTGCCGATCGTGAAACATTCATGGGTTGTGCGAAACCCCGCAGATCTGGCTTCTGTGGTCGCTCAGGCCTTTCATATCGCCGCTTCGGGTCGACCTGGTCCCGTTTTGATCGATATCCCCAAGGATGTTGGCCAGGAGGAGTTTGATTACATCCCGGTTGAACCTGGATCGGTGATTCCTGCAGGGTTCGGTTCCACACCATTGCCTGATCTCCAGGCGATCCAGGCAGCACTCGATCTGATCGACGAAGCTGAGCGCCCGCTTCTGTATGTGGGGGGCGGTGCGATCGCATCGTCCGCTCATGACAGCATCGCCGTGCTTGCAGAGCGGTACAGGATTCCCGTCACCACAACGCTGATGGGCAAAGGCGCTTTTGATGAGAACCACCCGTTGGCGCTGGGCATGCTGGGGATGCACGGCACGGCCTACGCCAACTTTGCCGTGACCGACTGCGACCTTCTGATCGCCGTCGGGGCTCGCTTTGACGATCGGGTGACCGGAAAGCTCGACACCTTTGCCCCGCGTGCACGGGTGATCCATTTCGAGATCGATCCGGCTGAGATCGGAAAGAACCGACGTCCGGATGTTGCTGTTCTCGGAGATGTGGGGACCAGTCTTGCCGCAATGGTCGATCTGAGTCTGCGCCGTTCTTCCGAACCACAGACAAGCGCCTGGCTCGAGACGATCCGGGAATGGAAACAGCGTTATCCCCTTGCCATTCCGCCTCAGGAGGGACCCATCTATCCCCAGGAAGTTCTGATGGCTGTCCGCGATCTGGCTCCTGGGGCCATCGTCACCACCGATGTGGGTCAGCATCAGATGTGGGCTGCCCAGTATCTGCGCAATGGTCCACGCGGCTGGATCAGCAGCGCCGGACTGGGAACCATGGGTTTCGGAATGCCTGCCGCACTGGGTGCCCAGGTCGCTTGCCCTGATCGTCAGGTCGTCTGCATCGCCGGTGATGCCAGTGTGCTGATGAATATCCAGGAGCTGGGCACCCTCGCGCAATACAAGCTCCCGGTGAAGGTGGTGATTGTGAACAATCACTGGCAGGGCATGGTCCGTCAGTGGCAGGAGAGTTTCTACGAGGAGCGTTATTCCGCCTCGGACATGCTCGGTGGCATGCCGGATTTCGAAGCCCTGGCCAAGGCTTTTGGGGTTGATGGTGTCAAGATCCTCGTGCGCAACGATCTGCATACCCGACTGACCGAAGCGTTCGCTTCTCCGCATCCAACCTTGGTGGATGTGCATGTCCGCCGTGGAGAGAACTGCTACCCGATGGTTCCTCCCGGTTGCAGCAACGCTCAGATGGTTGGCCTTCCGGCCCATCCAGAGCTTGCTTTTCAGGACTCTGGCAATGCTTCCCCCAACCCTGCAGGCCAGTGAGAGTCAGCATCTTCATCTCTTTGATCCTCAGCCTGACGCTGCTGCTGGTTCTGCCGCACCAGGCTTTCGCCGCAGAGGTTCTGCAGGTGCGCTCAGCAACTCTTCTGCAGGTTGGGGATCGCAATCGCAATTACAGCGTGCAGCTGGCCTGTGTGCAGGTTGAACCTGAGGATGAACAGCGAGCGCAGGACTGGATACGCCATGCGGTTCCCCGCCGCCGACGGGTGAACCTGCGGCCTGAGGGCAGTGCCGATGGTGTTCTGCTGGCGAGGGTCACCCCGATCGGAGATGACCTTGACCTCGGCTCTGCTCTGGTGAGCGAAGGGCTTGCTCAGGTCACTTGTCCAGCAGCCTGAGATGGCACGCAACCGCATCGCCTCGGGGATTGTCATGGTGCCCTGCGTGCTGCTTGGTTCTGCGTTTCTGAGCACGGCCATCTGGGGAGAGGCGGCGTCGGACAATCGCTCTCTCGCCATCGGCATCGGCAGTCTGCTGCTGATCGCCGGTCTGCTTTCACTGGCGATTCCCTCGGGCAGCCCAGAGCCGGAGCCAGAGGCCGATGAATCCGGGGAATCACATTGAACGGTTTCTCCACGGGCCAACTGTCATTGTCCGGGTCATCGACGCGGACCCGGAATTCGGCCTCTTGGAACGCGCTTGTGGCGATGGAAGTTGAGCAATGTCGGGCCGGTAAGGTTGTAGGAAGGGCCAGGAACGGAGTGAGCTCGTGCTGCGGCTAAGCGAGCTTCGACTGGAACTCGACCATACCGAGAGTGATCTCGAACAGGCTGTTCTGCGTTGTCTGCGAGTCCCCCGGGAGCAGCTCATCTCCCAGCAGTTGGTGAAGCAGAGCATTGACGCTCGCCGTCGGGACCGAATCCGGATCATCTACAGCGTTGATGTGCAGGTGCGAGGGGAAAAAGCGCTGCTGCGTCGACGCTCGGCCGACCGGCGCATTCGTCGCAGTCCGGATGAGTCTTATCACTACGTAGGCCGCTCTCCCTCCACTCCATCGGATGCCTCGGGGGGGCGGCCCGTGGTTGTCGGTGCAGGACCCTGTGGCTACTTCGCAGCACTTCTGCTTGCACAGATGGGATTTCGCCCACTGTTGCTGGAGCGGGGACAGGCTGTGAAGCAGCGAAGCCGCGACACATTTGGTTTCTGGCGTCGTCAATCGGCTTTCAAGTCTGAATCCAATGTGCAGTTCGGCGAAGGGGGGGCCGGCACCTTCTCCGATGGGAAGCTCTACAGCCAGGTCAGCGATCCCGTTCACTACGGCCGGAAAGTGCTGGAGGAGCTGGTGAAATGCGGCGCCAATCGCGACATCCTCACCCGTCATCGTCCCCATATCGGCACCTTCAAGCTGGCGACAGTGGTCAGAGGTTTGCGCGCTCAGATTGAGAATCTCGGCGGTGAGGTCCGCTTCGATGCCCGGGTTGAACAGCTTCTGCTCGAGCCCGCGGAAGTCAGTCACGGCAAGCCGATGCGGGTCACCGGTCTGCAACTGTCTGATGGGAGTCGTCTTGACTGCAGTCAGGTGGTTCTGGCCCCTGGCCATTCGGCGAGGGACACTTTTGCGATGCTGGATCGTGCCGGTGTCGCCATGGAGCGGAAACCCTTCGCGATCGGTCTACGGATTGAGCACCCGCAGTCGCTGATCGACAACGCCCGCTGGGGAGAGGCCGCTGGCCACCCTTTGCTCGGGGCCGCCGAATACAAGCTGGTGCACCACGCAGCCAACGGCCGCTGCGTCTACAGCTTCTGCATGTGTCCTGGCGGATTTGTGGTGGGTGCGACCTCTGAGCCGGGGCGTGTTGTCACCAATGGCATGAGCCAGCATTCCCGCAACGAACGCAATGCCAACAGCGGGCTGGTGGTGCCTGTTTCGGATGCAGACCTGGAGGCTCATGAGCGCTGGCCTGGGGATCCACTCGCTGGCCTGGCGTTTCAGCGTGAGCTCGAATCTCTCGCTTTCCGCCTCGGCGGTGAGGACTACAGCGCACCGGTGCAGCGACAAGAGGACTTCATGGCCGGGAGGCCCTCCACCTGCCTTGGAACGGTCAGTCCCTCCTACCAACCTGGTGTTCGACCTTCAGACCTTGCCGACCTTCTGCCGGCTCCGATGGTGGAAGCCCTGAGGGAAGCTCTTCCCGCCTTCAGCAAGAAAATCTCCGGTTATGACCATCCCGATGCGGTGCTGACTGGGGTGGAAACACGCACCTCCTCGCCGTTGCGGATCACCAGGGATGACAGCCTGGAATCAAACAATGTGCTGGGGCTTACTCCCGCCGGAGAGGGTGCCGGTTATGCCGGAGGCATCCTTTCTGCCGCCATCGACGGCATCC
NZ_CP138962.1_gap54	2536227	2541146	4919	ACCCTCCTCTTCGGGGTACACCGTCCGCTCACGTTCATCAAGCCAGTCGAGCAGTGCGTAGGTGCGCCTGCTCGATACCACTTCCAGCAGCAGCTCTGCGGCCGCACGCTGCACCATGGTTTTCATGGCACTGCGCCAGGCGCGCAGTCTCTGCGGTGGCTTCCAACCCTGGTCTTCAGCCTCTGCCAGTGCTTCGCGCAGGGCCGCGGCCAGCCAGGTGGAATTGACTTCGCTCGCAGGGCAGATCTTCGCGAAACGGAAGCATCCGTCGGCGTTGATCTCCGGGGTACTGATGATCAGAAGCTCCCAGCGCTTCTTGCCATCCTTTTCCAGGATGGGCCTTGAATAGAAATCGAGCTCCCAGTCGGCCTGACGCTGGGTCCGCAACTGGGGGCCGGCGTCACCGGCAGACATGGAAGCTGTGATCATCCAGCTGACTGTTCCTGCTGCCTGAGGACGTTACGGGCTCTGTTGGCTCGATCGGCAGCCTCAGCCATGACGGTGTCCTTGTCCACGAGAAGTTCTCCAGGCTGCCCTTCCAGCAAGGCGGTGTTGAGTCCGATCCGGCCCCGACCCGGGTCAAGTTCGGTGATCAGGGCTTTCACGGTTTCGCCCTGTCCGAAGACTTCCCGCATTGAGCGAAGACTGCCGCCGGTGATCACCGATTGATGCAGCAGTCCGCTGACGCCTCCCAGATCGATGAACAGTCCATAGGGCTTGATGGACGCCACCTGACCCTCCACCAGCTGCCCCACCTCAAGCTCGGAGAAACGGGCTGCCGTTGCTGCACGCTTCTCGGAGAGGACCAGTTTGCGGGTCTCGGAGTTGACCTCCAGAAAGGCGACGCCAAGTGTTTTGCCAACCAGTGCTTCGTGGTTTTCGCCCTCCTGCAGCTGAGATCGGGGGATGAAACCCCTCAGACCCTCCAGGTCGCAGGTGACACCACCTCGATTGAAACCAGTGATCTTGACCTGAACCACCTTTCCCTCCTTGGCGAGCTGCTTGACCTTGTCCCAGCTTTTGCGAAGGGCCAGGGCACGGCAGCTGATGGTGACCATGCCGTCGGCATTCTGCTCACGGGTGACGAGCACCTCAACCTCGAGACCCTTGGGGAAGCGTTCCTTCAGGTTGGTGATCACCCCCAGCCCGCATTCGCTTTTGGGCATGAAGCCCGGAGCCTTGCCGCCGATGTCCACGTAGACACCATCGCTTTCCATGCCGATCACGGTGCCGGTGACCACCTCCCCCGTCGTGCCAACCGGCTCGTTGGCATCGAGAGCTGCAAGGAAGGCATCCTCATCGAAATCAAAATCGTCAACGCTGCGGCTCGCTACAGCTGACGCGTCGCTGGGCGCAGTGTTCAGCCTGCGACCAGAATCAGATGGCCCGAGCAGGTCGGCCATTGTCATCCCGGCCAGATCATCGTCATCCGTATCCCTCGATGGGGTGGACGACTGGAGTGGCGCTCTCGGAGCTGAAGGGGGATTCGGAGCGAATGACGGCCCACCCTCCGCCGCCAGTGCGGCCTGCTCGAGCTGAGCAGCGTGTTCTACCGCTGCATTGGCTGCCGCTCGCGCGTCCTCGGCTTCCTTGCGCAGCCGATCCTGCTCCTCCCGCTTGCTGATGTGCATCACCTGAAGCGGTTTCCGTGGTGGCTGCGCAGAAGTTGCAGCAGCTTTGCCACCATCAAGTCTTGAATTCTGACGTTCTGTTCCGGCCATGGGACCCATCGTCCTTGGCAGGACAGTCTGACAGCAGGAGGTTGATTCAGGATGAGCGGCGACGGTGGACAAAACCTCAGGCGTCTGGAATGCATGCGCTGGCCCGAAGCTGCTCAGGCTCTGGGACGGAAAGGTTCAACCCTTGTCTGGCCCTTCGGAGCTTTCGAGCAGCACGGCCCGCAGCTTCCCCTGCTCACCGATGCTCTTTTTGCCGAGAGGATTCTTGATCACGTTCTGGAGGGACTGCCGGAATCTCTGCCGATCTGGGCGCTGCCGATACAGAAGATCGGTCTTTCACCAGAACACCGCGGCTTTCCAGGAACCCTGAGCCTCAGCGCTGAACTCCTGATTCGCCTTGTGAAGGAAGTGGGCAAGCAGCTCGCGGATCAGGGTGTGCAGCGTCTCGTGTTGTTCAACGCCCACGGAGGACAGATCGGTCTGCTGCAGACCGCTGCCCGCGCACTTGCAGCGGAAACGCCGTCCATGGCCGTTCTTCCCTGTTTTCTCTGGAGTGGTGTCGCAGGACTCGAGTCCCTCGTTCCTGCTGATGAGCTTGCGCATGGATTGCATGCAGGACTTGCCGAAACGAGTCTGATGCTGGCGCTTGAGCCATCGCTGGTTGGCGAACAGAGGCCTCTGGATGGAGATCATGTCAGCGATGGGGCGGCCGCCACTCCCCCTGAAGGCTGGAGTCTTGAAGGTCCTGCTCCTCTCGCCTGGTTCACCGCCGACCTCAGCCGCTCCGGTGTTGTCGGGGATAGCCGAGGCGCGGACCCGAGGCTTGGAAGCCAGTTGGAGACTGCGCTTGTGGCCCATTGGGATCGACTCTTTACAAGCCTGATGGCGTCCAGTTGGCCGCCTTGTGGAGATCAGCGGCGTATCTGAACTCCATCAACCGAACATCCAATTTCGGCAACACTGGTTACACTCAACCGCGTTGAACGTTACGGAAAGATTTATGTCGACTCCCGTCAGCACCGAGGTCGCCGTCCTTGACGAGCGGGATGCATCGGCAGAGCAATTGCCTGATTTCACGACTGAGGCCTACAAGGACGCCTACAGCCGCATCAATGCGATCGTGATTGAAGGGGAGCAGGAGGCCTACGACAACTACATGGCCCTAGGAACATTGATTCCAGAAAACAAAGACGAGCTCGCCAAGCTGGCGAAGATGGAAATGAAGCACATGAAAGGCTTCACCTCTTGCGGCCGTAATCTTGGTGTGACAGCAGACATGCCGTTTGCAAAAGAGTTCTTTGGGCCCCTTCATCAGAACTTTCAGAAAGCTCTCAAGGAAGACAAGGTCGTCACCTGTTTACTGATTCAGGCACTCCTGATTGAAGCTTTTGCTATTTCCGCCTATCACATTTATATTCCAGTTGCTGATCCCTTCGCTCGCAAGATTACTGAGGGTGTTGTCAAGGATGAATATCTTCATCTCAACTACGGAGAGATCTGGTTGAAGAATAATTTTGAGGCAAGTAAGGAAGAGCTTTTTGCTGCTAACAAGCAGAATCTTCCACTCATTCGTTCCATGCTCGACCAGGTTGCCTCTGATGCAGCCACTCTCCATATGGAGAAGGAAGATTTGATCGAGGATTTTCTGATCGGCTACCAGGAAGCCCTCAGCGAGATCGGCTTCAACATGCGTGAAATTGCTCGTATGGCCGCAGCTGCTCTCTGAGCCCTGGCAGACAAGAGCCTTTTAAATCCTGTTTGTAAGATTCAGGTCCGGTTCAATCACAGGCACGTTTTCCTTAAAGACTGCCTTCATGGGAGCATGATCGACAACCCTTGCCAGGGTGAGTCCCAGTTCTATGCGTACACGTACGACCGTCGGCAGTACATGTTTGGTCTGATCGGGCATTCCACCAGCTTTGATGCAGCGAGGCGCAAAGCTTCAGATCTCGGTTTCGATCACATCGCCGGGGGAGATCTTGATGTCTGGTGCAGTGCGCCCCCACAGCTCGTGGAAAACGTCGAGGTCACCAGCGCCACCGGCAAGACCATCTCCGGTGCCTACATCGATTCCTGCTTTGTGCCTGAAATGCTGAGCCGCTTCAAGACGGCGAGGCGCAAAGTGCTCAATGCCATGGAGCTCGCCCAGAAGAAAGGCATCAACATCACAGCCCTCGGTGGTTTCACCTCCATCATTTTCGAGAATTTCAACCTGCTCCAGCATCAGCATGTGCGCAGCACAACCCTGGAGTGGGAGCGGTTCACCACGGGCAACACCCATACGGCCTGGGTCATCAGTCGCCAGGTTGAAAACAACGCTCCACTTCTGGGTATTGATCTCACCAAGGCCAAGGTCGCCGTGGTGGGTGCCACCGGCGACATCGGCAGCGCTGTGTGCCGCTGGCTTTCCAGTCGAACAGGTGTTGCTGAGCTGCTGCTGGTTGCACGTCAGCAGCAGCCACTCAAGGATCTGCAGGCCGAACTGGGAGGCGGAAGAGTGCTCACACTCGATGAAGCGCTCCCTGAGGCTGATGTCGTGGTCTGGGTTGCGAGCATGCCGCGCACGCTCGAAATCGATTCAGCTTCGCTGCGGAAACCCTGTCTGATGATCGATGGCGGCTATCCAAAGAATCTCGATGCCAAAGTCGCCAGTGAAGGTGTTCATGTTCTGAAGGGAGGAATCGTTGAGTTCGGCAGTGACATCGGCTGGACGATGATGGAGATCGCTGAGATGGAAAAACCGCAGCGACAGATGTTTGCCTGTTTCGCTGAAGCGATGTTGCTTGAATTCGAAGGGTGTCACACCAATTTCAGCTGGGGGCGTAACAACATCACCCTGGAGAAGATGGATTTCATCGGCGCCGCATCGGTTCGCCATGGATTCTCCACGCTCAATCTTCAAGGACAGCCTCAGGCTGTCGTTGTCTGAAGTCTTTTTCCCCTTCCTCCATGGCACGCCGCCCTCTGCTTGATTTCGAGAAACCGCTGGTGGAGCTCGAACAGCAGATCGAGCAGATCCGCCAGCTCGCCAGAGACTCGGAGGTGGATGTCAGTCAGCAGCTTCTTCAGCTTGAAACCCTGGCGGCGCGACGACGTGATGAGATCTTTCGCTCCTTAACCCCTGCTCAGAAAATTCAGGTCGCCCGTCACCCCCATCGGCCCAGCACCCTAGATTTCATCCAGATGTTCTGCGATGACTGGGTTGAGTTGCATGGTGATCGTCGTGGCAGTGATGACCAG
NZ_CP138962.1_gap55	2544976	2549975	4999	CTGATGGGCGGAGTCGCTCGGGTGGAACGTGAATGCTCCACGGCGATGGGCTCGCTGAGGGTGGCTGCGGCGGGGCCTGCTGTGAGTCTGATTCTTGGAGCTTTGCTGCTGTTCAGTGTTCATTCCGCTGAACATGTCAGCCCCCTCCTGGGAAATCTGGTGGCTCAGCTGGGAGGCCTCAATCTTGTTCTGGCGCTGTTCAACCTGTTGCCGGGTTTGCCGCTGGATGGTGGCTTGATTCTCAAATCCATCGTCTGGCAATGGACCGGCAGTCAACGTCGGGGCATTCAGGTGGCGACCGCCAGTGGTCGGTTCCTGTCACTCCTCGCCGTGATGATCGGTTTCTGGTTGCTGCTCAGGGGAGGAGGATTCACCGGTCTTTGGCTGGTGCTTCTCGGTTGGTTCGGCATGAGCGCGTCCCGCAGTCAGACCCAGACCCTGGCTCTGCAACAGGTGCTCAAGAGAGAAACGGTCGGACCGGCGACGGCCCGTCGATTCCGCGTGGTGGAGGCGGATCAGACTCTGCGCAGTCTCAGCAAGCTGCGTCTGGGAACGGCAGACAGTGGCGAGCCCTGTCTTCCGGACTGGGTGCTTGTCTGTCGAGGCGGTCGATGGATTGGCTTCATCACGGATCAGCCGCTCAAGGACCTTCCTGTTCAGCAATGGGATCGCCAGACCATTGGAGATCATCTTCAGCCGCTGGAGCGCCTTCCTTCGATTCAGCAGTCCGCACCTCTCTGGGAAGCGGTTCTCGCTCTGGAAGATTCTGGGCAGGGGCGTCTGCTGGTGCTAGGCCCCGCCGGTCTGCCTGACGGAACCCTCGATCGCTGTGACCTGGGTGAGGCCGTTCTCAGGGGCTTGTCCGTGAAACTGCCGGAGGCCATGCTCACGGCGGCTCGCCGCGCCAACACCTATCCGTTCGGAATGCCCCTGGCCCAGGTGGTGAAGAGCATGCGTGCTTCTGGGTTGCTTGATGATCAAAGCGCTGAAGCGCCGAGTCGATAACCCTCAGCCCTTTGCTGCATCAAGGTGCGTTCTTCGCTGCTCAGGGGCTGATCAGTCCAGTCGTGATTGGACAGCCCTTCGCCGAAACTGCGGATGAGCGCCCTTTCCACTGCCGAAACATCAGGCGTTTCCGGCGTCCATTGCGGTGGCTCGTTTCCGAACACCGCAGCCCAGAGATCCGCCGGTGGGTTCAGGGGGATTTCACCGTGCTGAAGCAGATGACCACGCTGCCAGAACTGAGCACTGCCGATGCGCTTGGTTCCTTGTGGATCCACCAGGTCGGCCTCTGTGGAACGGGCGAAGCAGTTGATTGCGCCTGGCTCCGCAGCGGAGTTGCCCGGATTGAGACTGACGCCAAGTTCGGCGAAGCCAGCCATCAGCCAGCGGTTCACCTGCAGGTAGGCCTCCCGTTTCTGCCGAGGTGCCTCTGGCCACACGAGTGCGTAGGTCAGCCCACCGGCGTGGAGTACGGCCCCGCCACCACTGGGGCGGCTCAGCAGATCCAGCTGTCCTGTTCTGGCAAGGCTCAGCCAGGTGTCTGGAATCTCCCGCTGATGTTTGCCCAGGGACAGGGAAGGCCTTTCCCAGAGGTAGAAGCGCAAGACGGGTTGTTTCCGTCCCTCGGTCCAGCACTGCTCCAGCAGCAGGGCGTCCAAGGCCATCTGTTCGGCGCCGCTGAGAGTGAGGTTGTTCAGGAGACGACCCTGGCGTGAAGGCCTGGACCGGCAGGATGCATGCAGCGTCATGGCAACGATGACTTTGTCAGATGTGCTGCTGGCCGTGCCTTTGGGGCTCCTGGCAGGAGCTCTGGCCGGTCTGCTGGGAATCGGAGGTGGTCTGATCTTCGCGCCTCTGCTGCTCTGGATGGGCCTCAGTCCTCACCAAGCTTTAGCGACAAGCACTTTTGCCATCGTGCCCACGGCGATCGGCGGCAGTTACACCCATTGGCGCGCGCGGGCACTTCAGCTCAGGCCAGGCCTGTCGATCGGCCTGACGGCCTTTGCCACCGCACTGGTGTTCAGTCGTCTGGGTCGACTCGCCGCAGGCTGGCAGCTGCTGACGCTTCAGGCGTTGCTTTACCTGCTGTTGGCGCTCACGATTCGTGGTGATCGCGATGACCATAGGCCTGAATCGGATGGGCCTCCGCCGCTGAAAGGTCTTGCTGCGGTGGGAGGCGTCGCCGGCTTGGCAGGGGGGATGCTTGGACTAGGCGGTGGTCTGCTGATGGTTCCTTTGATGGTGAACGGCCTTACGCTGCCGATTCGACAGGCGATTCGTCTCAGCACCCTTGCGGTGGCCTGCTCAGCCAGCGCCGCTTCACTGCAGTTTCTGCATGAAGGGCGCGGTCAGTGGACGCTGGGTTTCGTTCTCGGTGCCGTTGCCGCGTTGTCAGCCCGGTGGACTGCGGCCCGGCTGGATCGCGTCAACACAGGAACACTCGCCTGGCTGCTGAGGCTGCTGTCGCTGTTGCTGGCCTTCGACAGCGGCAGAAGGGCTGTTCAGCTGGCCATGCAGCTGGGTTGACCGTCTGGGATCAGTTCAAAACGCTCAGTGTCTTGAGCTCGACCTCCTGCATCCAGGCCGAGAGAGCCAGCAGCGAGGAACGATCCGGCAGACAGAGGCAGCCGCTGCCGGGATTGCAGTGGTGAATCCCCAGTCCGCTGCGGCTCGTGTCAAAAAGAGGAGAGAGCGTTATCCAGATGTCGTTGCCCCAGGGTTCCGGAGGGCCCAGCCTGTAGTCGCCCTGCGGAAGGGGCGCTCCGTTGCCGGGAGACCAGCGACGATCACGGTTCTGGCTGCTGGGGGTTCCGCTCACAGCACTCCACCTTGCCAGCACCGTTCCGCCCTCGTGAAGTTCGAGAAGCCACTGACGCTGTCCGTCCGTTCGTTGAACGTCTGTGCGGCGTGCCCTGAGTTGAACCGCCTTCCCCTGCAGGCTGGTGAGCAAGGTTCTGCTGGGCCCAGACTGGCCTGGTGGCAAGGGCTCCGGGGCCGATTGAACCCGTACTGCTTCGGGGAGATGCCCCCGTGGGCCTGACTCCACCTCGGATCCGCAGCCTCCGGAACAGAGGGTCATCGCCAGAAGAGATACTCCGGCCCAGCGGCGCATGATGCATTTCATGGCGTCTGATCGAGCAGCTCCCAGAACCCCCCATCCAGCTCGAAACCAAGGCTGGCCGCCATCAGACTGAGGTTGCCGCGCTGACCTCCGGAAACGTCCGACGAACTGCCCAGCCGGTTGAGCAGCATGAGTCGATGGGTGATCCACAACTCAAGGGCCTGAGGATCGAAGCGGATGCCTTCGCTGGGGCTGAAATCGTGGGGAACCAGCATGGCCACATGCTGGGCCAGACTCCCACCGGTTCGATCCAGCAACAGAGGAAGCCAGGGGTAGTGGGCGTCTGCTCGCAGAGCCCACAGACGAGGCTCCGGGCACTCGCTCAGTTCCCTTGGGTCATCGACCTCGCGTGGCCACTCGTAGCGCAGTTCCAGCACAGCGCCGGCATCGAGCAGAACATGAAGAGGCCGTTCGATCCAGGCTGAGAGAGCCTGCAGGTTCAGTGTCCTGATCGCTTCTGCATCGATGGTCACCAGGGAATCAGGACTCAAGGCTTCCATGCGGGTGTGACAGGCCTTTGCGAATGATGGCGCCCTGAGGCCTGCGCAGGAAAGAATGCAATGGTTTCAAGCTTCCGTCATGGTCAGCACCCTTACCCAGACCGAAATCTTCATCGCTCTCGTGGTGGCTGCCCATGCCGGCGTGCTGGCGATCCGCCTCTGTGTGAGCCTCTATCGCGCCTGAACTTCACCTGGCCTCTTGGCACGAGCGGTGTGCCGCGTTACAAGCGGACATGCAGAAAGCCGTTCCATCAGCACCCGATGCCGCTTCGCTGGCGGCTCTGCTTCAGCAGCAGAACGACAGACGGGAACTGCTGTGCAGCGCCCTGGCGCTTGCCGTGAAGTCTGGTCTGATCTTTCTCGGGGTGGTCAGTGTCGTGCGTTTGTCAATGGCTTATCAGGAGCGGCTCGACCGACATGGAGAGCTGGCGGCTGTTGTTGATGTGGAAGCCACCAAGTTGAGGGGATTGCAGAATCGTTTTGACAGCCTGTTCACCCTCGGAGGGGATGAACGCCTGATGGATGAACAGGAGCAGTGGATTGCGCCCAACCGTTTGAGGGTGATCTGGCGCTGAATCAGCTTGTGTCTGTGCTGATAGCTGCCCGCTAGAGATTCATGACCGCGGGCGGTGTTGTGTAGGCCTGAAAGGCAGACTGAGCGATCTGCACCGTTTTCCTGATGCCCGTTCCAGGCACTGTCCTGATCACCGGAACCACATCCGGGGTCGGCCTGAATGCCGCACGCGCTCTCGTTCAACAGGGCTGGACTGTGATCACCGCCAACCGTTCTCCGCAGCGTGCCGCGGCCGCCGCCGATGAGCTGGGTCTGCCCGCAGAGCGGTTGAAGCATGTGCTGATGGATCTCGGTGACCTGGACAGTGTCCGACAGGCTGTGGAGGGAATGCCGGACCGGATCGACTGCCTGGTCTGCAATGCCGCTGTTTACAAGCCCAAGCTGAAACGACCGGAGCGCTCACCTCAGGGTTATGAAATCTCGATGGCCACCAATCACTTCGGCCATTTTCTGCTGGTTCAGTTGCTGATGCGTCGTCTGAAGGCTTCAACCCACCCTTCGCGCCGTGTGGTGATCCTTGGCACGGTTACAGCGAATTCCAAGGAGCTCGGAGGCAAGATACCGATTCCAGCTCCAGCCGATCTGGGTGATCTCTCCGGTTTTGAGGCCGGTTTCATGGAGCCCGTTTCGATGGCCAGTGGCCAACCCTTCAAGCCTGGAAAGGCTTACAAGGACAGCAAGCTCTGCAACATGATCACCACGCAGGAACTGCACAGGCGCTACAGCACCGAGACCGGCATCAGTTTCACGTCGCTCTATCCAGGGTGTGTTGCCGACACGCCGCTCTTTCGCAACACCCCC
NZ_CP138962.1_gap56	2621294	2625261	3967	GGACAGTCCGGAGGGCCAAGCAGCTGGGTCAGACCCTGATAGGAAAAGCCGTACATCCCGATACGACCATTGACCTCCGGCATCTCCCTCAGCCACGTCAATGTGTCAGCGGTGTCCTGGGCTTCCACGCTGAACCCGCGGAAGCTTCCGCCTGAGTCCCCCTGACCGCGAACATCCTGAACAACCACGAGAAAACCGTGGTTGCTCCACCAGTCGGGGTGAGGAAGCGTGACTGTTGAAGCGAGGGCTCTGCCATAGGGCTGTCTCATCAACAGCGCAGGCCATGGACCATTCCCCTGCGGACGCCACACCCTTGAAACGAGTTCAACGCCGTCTCGGGTGGTCAGTGACGCATCAGCGAACATCCGGGCAGTTGAGTCCGATCACATAGGTCGCCACGATTTCGGCTTCCGTTCTGTTGAGATTGCGGGTGCCTGCAATCTTCGCGATGGATTGTCCCGAAAGCGCTGACTCCCCCTGTGCATTGATCGACTTGAACTCCTGACAGAGCGCTTTGGCTTCACCGGGATTGCGCTTGACACTCTCCAGAAGTGAAGACTGAGCCTCGCTGGCAGGACTGACCGCGATCAACGTTGAAACAACGGCAACGGAGGCGATTTTGAGGTTGTTGAGGAAACGCATCGGAACCTCTGTCCGAATTTCACCTCATTTGAAACGGGTGAGACGGAGATGGCTGGTTTCGACGGTCAGTTCGTGTTCTGCCTCTCCCTGGCAAGCAGGATCCACCGCCGCGCCAGAGCCAGGTCCACAACAGGGGCACGTCCGCTTCGCAGCTGCCTTTCAAGCCGTCCGGTTCGGGTGACCAGCTCCTGAGGGGATGAACCGGCAATGGCTGTCACGGTGGCCAGTCCGGCATGCATCAGCAGAGCCGCATCCTGGGGAGCCAGGTCAAGGCTGCAGGCGAGATCCGCCATGCCTCTGAGTCGTTTGAGGTTCCGGGCCGACGATCTGCCGCTGGAGGCCAGTCGACTGATCTGCAAGTCATCGAGAGACTGCACTTCCCCCCAGGTGGTGATGCCTGATGCGAGAAGTTGCTTCTGCTCATCGCGCAGGCCCATGGGGAGCTCCCGCAATGGATCCTCGGGTCTCATCCGGCTCGAAGGTCGCGCACTGTTTCGCCCAGAACCACCGATCTGGAAGCTCCGTCACCCGCAGGCTGCAGCTGACGCAGACGCACCGTCACCTTTGGACTGCTGCGGCCACCGGGACGCACGTTCCCCGCCAGTTGTTCAAGGGTCGGTCTGATCGCTTCGTCCGGGAAATCGTCCTGGGCCTGAGCCACGATCAGATCATCACCATTGTCAAACACCACCGGTGCTCGCAGCGCTCCCTCCACGCTGACGCTGGGTGTGTAGCTCAGGCCGAAAGCCCAGCAGCTGGCTGACAACAGCAGCGTGAAACTGCTCACGCCCACCAGGCGGAAACGGATCCCCCAACGGGCGATGAAGGCGATCAGGGTCAGGCCGAACAGCGCAATTCCGCCCCTGGCCAGCCAGATGCTGGAGGTGGAGAGCAATTCCTCAAGTGGCATGGGCTGGTGTGCTCGGAATGTGGTCCTTATATTGCGTCGACCTCCAGCGTGTTGACGGGCATCGATGCGAGGTGGTCAACCCAGCATGAGGCGCAACAGGGTCGTTCTGACTGTTCTGGGCGGGTCCCTGCTCGGAGGGGCTGCACTCTGGATCGTCGCCGATCGCCTGGCTGATGCGCTGTTTCAGAGGGTGCGTCCAGGTATCGAGGCGCAGATTTCAAAGCCCCTCGGCCACCCCGTCAGCATCGGCCGCTATCGCGGCCTCGGTCTGCACGGACTGGGTGTGGGCCCCGTACAGGTTCGCCAAGGCCCACTGGACCGGTCGACCGCCGAGATCAACCGCATCACGATCGGCCTTGATCCCCTGGCCAGCCTGCAGCGACTCAGGCCAGTTGTCACTGTGCGTGTCAGAGGAGCCGATGTCGATCTGCGCCGCAATGACGATGGCGCCTACTGGGTTCCTGGCCCTCTTCCAAAGCAAGGAGATCCCCCCCGCCTGGATCTGCAGGTGCGTTTCAGCGATCCCGCCAGGATCAACATCGCTCCGGCCGGACTGAGCCTGACTGCTGATGGCTGGAGCGGCATCCGCCTCGATGAGCACAGGGCGGATGCCTTCCTCAAGATTGTTCTTCCCGACAAGGGACGCATCACCGTCAAGGGACGTGGCCGCTGGGTGCGCCCGGAGTTTCAGCTCACGACCCGACTGGAACGGCTTCAGCTGGCCCGATATCAGGGCCTGCTGCCGTCGAAGCTGCCTGTTGAGATGAAGGGGCAGCTTGGTGGCGACCTGCGTCTGGGCTGGAGTCGGGGACGAGCCAGCTGCGGCGGGGGAGTGTCTCTGCAGGGAGCCCGGTTCAGCGGCCCATCAATGGAGCACAGGCTCGAGTCTCCTCAGCTGCGCATCAGTTGTCGTGGGGACGTTCTCAGGGTCATGAACAGTCGCTGGAACTACGGGCCCTACAGAGCCTCCCTCGGAGGCAGCGTACGTCTCAACCGTTCCTTCGATCTGAAGGGAGATCTGCAGGAACTGAATCAGAACCGCAATCTGGCTTTTCAGCTCGATGGTGACTGGCGGCAACCGCAACTGCGTCTTGATGGCCTCTGGACTCTGCCCGACTCGATTCCTCTGGATGGACCACTCCGCTTGGGAGCGCAACTGAGCGCTGACTGGCGGGACCTTCAGAACTGGACGGCAAGTCTGGATGAGCTTGAGCTCAAGGGCTCTGGCCTGGATGTGAAGGCCAGAGGAGGTCTGCATCCTGAACTGAAGGTTGCGACCCAGCGTCTTGCGATGTCTGAGCCCGCCTGGCAGCGCCTTCCGCTTGCCGCGACTCTGCTCGGCACCTCAGCGCCGCTGGAGGGAATGCTGCAGTTGAGCGGTGAACCCCTCAGGCCCCGGATCGCCCTGGCCATGGCGCAGGCAAGCAATCCTTTGCTGCAGTCATGGTCGCTGCAGGCCGCCTGGTCTGCGAAATCCGGGCTGCTCAGGCTCGAGCAGTTCCTCAGCCCTGATCTCACCGCACGGGGCAGGTTGCCGCTCAGCCTGGTTGCAGGCGGGTTGAAGCCAGGTCCACTGGAGGCCGATCTGCGTCTCGACTCCTATCCCCTCAAACGCCTGGGGCCGCTACTGGGCACGGAGATGGATGGAACGATTGCAGCCTCCGGCCAGCTGAGCGGCCCGCTCGATGCACTGCGGCCTGATCTGCTGCTTGCGGTGAATCATCCGCGGGCGGGCGCTGTGAGACTGGTGGAGGACTGGACAGGAACCTTCCGAGGCGCATCCGGCGGAGGAGGAGTGCTGTCGATGGCTTCGGTTGGATCGGTCATAGCCGGATCACTGGAGGCCAGCCTCGGTGCGAACTGGCTTCCAACCGATGTGATGCTGCGCCGCCGCAACGGAGAGCTTCAGTTCAGGGGAACACCGGCTGCCTACGAGTGGAGCGCACGTGATTTCAGCGTCGATGGACTGGAACTGGTCCTTCCTCCCAGGAAACGCTGGGAAGGGGTTTACGGCCGCCTGAGCGGTGACGGAACTCTTGGGCTGCAACCTCTTGCCATGACCGGCGATCTGAGCATCAGCCGCCCTGGCGTCATGGGACTGCAGCTTCAGCAGATGCTGCTTTCCGGACGTTACTCAGATCGTCGTTACACGGTCACGGGCGAAATGCTGCCGCCCGATACCGGTCAGATCACCTTGGATGCCGAGGGACGGCTTGATGGGCCTTTCAAGGGTCAGGCCGTGGTGCGGGGGCTGAGCGCACGCTGGCTCAGCAACAGCGCCCTCAGCCTGACAAAACTCAATCAGGATGCCCCCCTGCAGCAGGGCTCTGCAACCGATCTGGGCACACTGCTGGTCAACACATTCGGCGGCAATCTGGATGGACAACTGCAGGCTTTGCGCAAGGCCCGGAAGGC
NZ_CP138962.1_gap57	2629206	2631475	2269	AATATCTGGCACTGACCCTGTCCGTTCGTGTTGTGGACGATCTCGATTCGGCTCTGGAACACATCCGCTGCCACGGCTCACGCCACACCGAGGCGATCGCAACCCGCAATGTCAGCACCGCGGAGCGATTCCTGCGTTCAGTCGACAGTGCCGGTGTTTATCACAACTGTTCCACGCGCTTTGCTGATGGTTTCCGCTACGGGTTCGGAGCGGAAGTGGGCATCAGCACCCAGACCCTTCCCCCGCGCGGGCCCGTTGGTCTGGAGGGGCTGGTGACCTATCGCTACCGGTTGCGTGGTGATGGCCACACCGCTGCCGACTATGCCTCCGGTGCGCGTCGCTTCAGCCATGTGGACCTGCTGCGATGACCAATGTCACCCATCCACTCGACATCATCAGGGTCGATAATCTTCGCCTCTGGTCCCACGTGGGAGTGCTCGATCACGAGCGTGAACACGGACAGTGGTTCCGAGTCGATCTTGAGCTGCATCTTGATCTGAGCGCATCGGCCTCTGCCGACTCATTAGCGGCAACCGCTGACTACAGCCTGGGGGTACGGGCTCTCCAGCGTCTTGCTGCAGAGATCCGCTGCCACACGCTCGAACATTTCAGTGAACGCATGTTCGAGGAGCTGGAGGCGATCTACGGGGCTTTGCCGATGCAGCTTCGGCTGAGTAAATGTCATGCTCCGATTCCAGGTTTCGCAGGTACGGTGAGCCTTGAGCGCTGGCGCCGCAAGCCGTTCTGATATGACCGCCACGGGGCCTTCTCGATCCCAGAGACCGCTGGTGCTTGTTCACGGTCTCTGGGATACGCCTCATCTTTTTCGGCGACTGGTGCGCCGTCTGGAGCAGCATGGTGTTCCGCTGCTCGTTCCCCATCTGCCGCACCGTCTCGGAGCCGTTCCTCTGAGCACCCTTGCGCAACAACTCGACGCTCACATCCGCGACGGCTGGGGCGATGCCACCGAAGTCGATCTGCTTGGGTTTTCGATGGGGGGGATCATTGGTCGTGTCTGGCTGCAGCAGCTGGGTGGAGCACGACGCACCCGCCGCTTCGTGAGTGTGGGCAGTCCGCAGCGGGGAACGTTCACCGCTCAGTGGATACCGCCGTGGTTGTTTGCAGGGCTCGCCGACATGAAACGAGGCAGCCCTCTGCTGCACTCTCTGAATAATGATGTTCAGGTCCTCAGGGAACTGGATTGCATCAGCTATTACTGCCGATGTGATCTGATGGTTGTTCCTGGCTGGCAGGCCCATCTGCCTGTGGGTCGTGTCAGCAGTCTTCCCGTGCTCACCCACCAGCAGTTGATGTCACATCCCCTTGCTCTTGATGCTCTGCTGACGGCGCTTCTGGCCGACTGATCGGTTCTCGAACACTGACATCCTTTGTACTAATGGGCACACTTTGGATGTCTTCCAAGTGGTGCCGCGCATGTGCTTTTCGGCCTCTGCAAGTTTCACGGCGTCGGCCGTGCTGGTCCCCCTCGGGCTTTATTCACATCATCTGGCGACCCGTCACGAGCGTCCTGATTACAAACCTCTGGCTCTGGTTCCCTTCTTCTTCGGGGTGCAGCAGTTCATCGAGGGACTTGAGTGGACAGCCATTGACGGTGGCAACATCGAACCTCTTGCCACCCTGGCCGGACTCGGTTTCCTGTTCTTCGCCTACTGCTTCTGGATGATCTGGATCCCATGGAGTGCCTGGTCGATCAGTCGAAGCACGGAGTCCACCGGCCTGCAACGACGGCTCAAATGGGTTGCGATCGTGGCCACGGTGCTTGGCGTTGCCTTCTACGTACCCATGCTCTTCAATCCGCCGGCGATTCAGCCAGCGGTACAAAGCAATGGACGACTGCTCTACGACATCTCCAATCTGCACAGCATCCTGCACAACTTCGTGAACACCGAGCCCGTCGGTGAACTGGTGTACTGGGGCTTCATCGTGCTTCCGCTGGTTGCACTCAGCGACAAGGCCGTGAAACTGTTCGGCGTGCTCATCTTCGTTTCGATCTTCCTCACCTGGTTGACCTACAGCGCAACCTTCAACTCGGTCTGGTGCTTCTACTGCGCTGTGCTGTCGATCATGGTGATCTGGATCGTCAATCGCCCCCATCTGCGTCAGGCCTGAAGCTGATGGCTGATCAGCTCTTGGCATCACTGGAGTCCATGGGTCAGCTGCTGCTGGCCATGGATACCGGTGTCGGTCTGATGTTCGGCGTGGGTGTATCGATGTCCGCGTCTCATCTGTTCGCCTTGCTTGCCAACCG
NZ_CP138962.1_gap58	2797825	2798325	500	CCATAGCCACGATCTGTTCAATGTCTTTGATGCAGCGCTCATCAGTTCTTGCTGCTGCTTGTGCAGTCTCATCCCTGATGTGCTCACAGGTTCAGGCCAAGCCTGTGGTTCAGGTGTTCAACACTGCAATCACTGAAGCTGAGGTCAATCAAATCCAGCAAGGTTGGTGCGATGCCCTGCTGGCCATCAGTGCTGCCTACCAGAACGGTGGCTATGACGCGGCCAAAGCCAAGGCTGCGGCCGTGATCGATACGGCTTACGCCTACAAGTTCGGGCCTGTGGCTTTCAAGCCCACCTACTCAATCGGTGATGAGACCTTCCGCACCAGCCGAGATGGTGCACTCGCTTACTTTGTGGGGCCGGATCCCACAATCCCTCAGTTCAGAGACAAGAAGCTGGGATTCGCCACCTATCGCCACTGGGTCAGATGTGAGATCAAGGATTATGTGATGCAGTTACTAGGCAACACTGCAAACACGATGGGGCAGGTGATCCTCACT
