gap_id	start	end	length	sequence
NZ_CP077191.1_gap1	168043	172596	4553	TTTAAAGTATTGTGGAGGGGACTATGACAAAGTTTGAAGATATATTTAGTTTTCAAGATAAGTATAAATACTTGGCACATATAAAGGATAATAGAAAAGAAACATTGCAAGAACATACAGAATTAGCAAATAAGTATTTTGAAAAAATTATAGAGTATAAAAATTTAAAATCATTTTTTGAAAGAATTAAAAATATTTTAAATTTGAAAAATCAAGAAGAAAAACTTTACTATAAAATGATAGATGATGTAGTTAATTTTCACGATTTTGGAAAAATTAATAGTCAGTTTCAAATTGATAAAATGTTAAATGAAGAAATATTAAAAATGGAAGATGAGTATAATATATCAGGAGTTTTAGGTTCGGATCATTCTCTTCTATCAGCAAGTATGTTTATAGCCTATTATTTTGGAAAAATTACTGATTTAATTGAAATAGTAGAAACAAAGAAAATAGTTATCTTATTTGAAATATTATTTGCTTTATCTTATGTTATTTCAAAACATCATGGAAATTTAGATAGTTTTGAAGAATATATTGAAAAATTATCAAGAAATAATGATGAAAATATTTTAAAAGAATTAAAAAATATTTCTGTGTCTAATGGAGGAATATTATTACAAGCTTTCTTAGAAAAAGAAACTATAACTATCTTTTTTAATTTTATAGAAACATATATATCTGAAAGAAAGAAAAAAGAAAATATTTCTTCACATGAAGCAATGTCTATTTTTGTTTTTACAAAGATGATGTTTTCTCTTCTTGTAGCAAGTGATTATTATTCTACCAATGAATTTATGCAAGAGATAAAATATGAAGATTTTGGAAATATGGGAAATATAGATACAATAAAAAAAGAATATGAAAATAGTGAGATAATCAAGTCTATTAGGGATAAGGAAAAAAATGGAATACCAAATGATGAAGATATAAATAATTTTAGAACTAAAATTTTCTTAGAGGCAGAAAAAAATTTAGAAAAAAATAAAGATAGCAATATATTTTTCTTAGAAGCACCAACAGGAAGTGGAAAAAGTAACACAGCTTTAAATTTAAGTTTAAAATTACTTAGTGAAAATAGAAGAAAAATTTTTTATGTCTATCCATTTAATACTTTGGTTGAGCAAAATATGAATACTTTAAAAAATATCTTTGGAAATAATGAAGAAGCAATAAAAAATATAACAGTAGTAAATTCTATAACAGCACTAACAAATAAGGATAGTATGGACATACCAATAGAAGAATATAGTGATATTTTAATGGATAGACAATTTCTAAATTATCCTTTTATTGTCACAACACATGTAGGGATATTCAATACACTAATAGGAAATACAAAAGAAGATTGTATGCCATTTTATCAGTTGACAAATTCTGTAATAGTCTTTGATGAAATTCAAGCATATAAAAATACAATTTGGACAGAAATTATAAAAATATTAAATTCTTATGCTAAATTATTGAATATTAAAATAATTATAATGTCTGCAACACTACCAAATCTTTCATACTTATTAGATGAAGAAGAAAAAAATAATATTTCAAAATTGATAAAGAATAGAGATGAATATTTTAATAATACTATTTTTAAAAATAGGGTTGAAGTAAATTATGATTTATTAAGTGAGCAAAAGATTGAGTATGAAGAATTACTACAACATATAATTGAAAATTCTTTAAATAGTCAAAAGATATTGATTGAATTTATAAGTAAAAATGATGCTAAAAAGTTTTATGAATTTTGTGAAAATAATGAAGACTTAAATGTTAATTATGAAATACTTATTCTAACAGGAGAAGATAATAAAGCTAGAAGAAACTCTATAATAAAAAAAATTAATAGTAAAGCTAAGAGAGTTATATTGATATCAACTCAACTTATAGAAGCAGGAGTTGACATAGATGTTGATGTAGGTTATAAAAATATTTCTGGTTTAGATAATGAAGAACAATTTTTAGGAAGAATAAACCGTTCTTGTAAGAAAAGTGGTAAGGCATATTTTTTCTATTTAACAGATGCAAAAAAAGTATATAAAAATAGTGTTATTATTGAAAATAAATTAAATCTATTTTCTGATGAAATGAAAGATATTTTAGAAAATAAAAATTTTGATGTTTTCTATTCCAAAGTATTGGAAATTTTAAAAAGAAAAGCAAAAGAAAAAATTAATAATGACAATTTTGAAACTATTATCTTTAATAAAAAATTTAGACTTTTAAAAGAAAGAATGCAGTTAATTGAAGAACAAGATGATAAGAAAACATATTTTTTTAATAGAACATTGACTGATGAAGAAATAGAAGAAATTGGAGAAAATATAGATGGTAGTGAAGTATGGGAAAGATATGTAGATATTTTAAAGGAAGAAAACTATGCTAAGAAGATAGTTGAATTATCTAAAATTAGAGAAAAGATGATGTATTTTTTGTATGAAGTAAAGAAAAATACTGAATTAAATTATAGTGATATAAAAGGTTCTATTATCTATATTGATGATGGAGATAAGTATTTTACAGATGGTATTTATAATGGTGGAGAAGGAGATATGTTTATCTAGGAGGGGAAATATGAATGGGACAATGATAAATTACTATTTTCATTGTAAAAGGCAATGCTATATGTTTGCACATAGATTGAATTTAGAAGATAATAGTGAGATAGTAAAAATTGGAAAAGCCATACATGAAGACAGAGCAAGAAATTCTGAAAATACAGAGATTAAAATAGAGAATATTGCCTTAGATAAAATAAATAGCAAGTATGTAACAGAAGTTAAGAAATCTGATGCTGACGTTGAAGCTAGTAAATGGCAATTATTGTATTATTTAAAAATACTAAAAGATAAAGGTATTGAAAGAAAAGGAAAATTAGAGTTTATTGAAAAAAATAAAACAGATAAAAAGATAGTATTTGTAGAATTGGATGAAGATACTGAAAGAGAATTAGAAAAACATATATTAGAAATTCAAAAGTTATTAGAAACGGATGAATTACCTAAGGTTATAAATAAAGCAAGTTGTAAAAAGTGTGCATACTATGAATATTGCTATATTTAGGAGATGAGAATATGGGAAGTACAAAATATATTACTTCTATGGGAGAGCTTTCAAGAAAAGATAATTCATTATGTTTTAGAAAAAATGGTAAAAATATCTATATTCCTATTGAAAATACAAAAGAAATATATTGCTTAAATGAAATAAGTTTAAATTCAAAGTTACTAGATTTTCTTGGTAGAAATAATATTATAGTTCATTTTTTTAACTATTATGGAGGATATTCTGGAAGTTTTTATCCAAAAAATCAATATAATAGTGGAAAACTTTTAGTTAAACAAGTTGAAAAATATAAAAATAATAGAATAGACATAGCAAAAGCAATAGTAAAAGGTATTGGGGCTAATATTGATGAGGTTCTATATCATTACTATAAACATGGGAAGTCAGAAGTTAGGGACTGCATAGATTGGATTAGAGAAGAATTATATGAATTAGTAGATAAGACAGAGAGTGTAAAAGAATTGCTTGCTTATGAGGGAGAAATATGGATGAAATTTTATTCAATGTTTCAATATTTTATCAATGAAGATTTTGTATTAAATAAAAGAGTAAAAAGACCACCTGATAATCCAATAAATGCTTTAATATCTTTTGGAAATACTTTACTTTATACAAAAACTATTTCTGCAATTTACAGAACTCACCTAGACCAAAGAATTAGTTTCTTACATGAGCCATCAGAGGGAAGGTTTTCTTTAAGTTTAGATATTTCAGAAGTATTTAAACCTATAATTGTTTATAAAACAATATTTGATTTAGTAAATAATAAAAGAATACAAGTAGCTAAACATTTTGAAAAATCTTTAAACTACTGTATTTTAAATGAAGAAGGGAGACAAATTTTTATTGAAGCCTTTGAAAATAGAATAGAAACAACCTTTTTACATACAAGACTCAATAGAAAGATAAGTTATAGAACTGCAATAAAATTAGATTGCTATAAACTTATTAAAAATATTTTAGAAGATAAAGAATTTATTCCATTTTCTTTAAAAAATTCATATTAGTTTAGGGGATGAGAAAAATTGAAAAATATAAACTATAATTATGCTTGGGTATTTTATGATGTTTCAGAAAAGAGAGTAAATAAAGTTTTTAAAATATGCAAAAAATATTTATCTCATTTTCAAAAATCTGTTTTTCGTGGGGATATAACTCCCTCTAAATTAATTAGTTTAAGAAGTGAATTAAAAAGCATAATAGTTGAAAATGAAGATTTTGTTTGTATTTTAAAATCAATAAGTCCTGATGTTTTTGGAGAAGAAACTTTGGGAAATCCAACTCCAAATGGAGAAAATATATTTCTATAATTTAAAAATTTTCCCAAGCAATATTCTAAAAAACTATTTAAACTTTCCAAAATATAGTTGTTTTAGAAAAATTAAGTAAAAAATAGAATTGCTTGGGAAAAACATATAAAAAATACTTGTAATATTGAAAAAAATAATGTATTATAAATTTATAAAGCTTGAAAAAATAGCTATGAACTG
NZ_CP077191.1_gap2	177934	180944	3010	TATAAACTTGAAAAGTTTTGAAATTCAACTGATACACTTTCTAAATTTAATCTATATCTTATGAACTATAAACTTGAAAAGTTTTGAAATCTGTATTTAGTGTCTCCTAGCTTCAATCTTAATGTCTATGAACTATAAACTTGAAAAGTTTTGAAATTATGCAACTGTAAACTTCACATCTTCCCCAAAGTCATGAACTATAAACTTGAAAAGTTTTGAAATTAAGTTGCCCCTGCTGTTGTTCCAAGTTGTGCTCTATGAACTATAAACTTGAAAAGTTTTGAAATAATTAGAGACTTCTATCATATAGCTTTACCACTTTATATGAACTATAAACTTGAAAAGTTTTGAAATTCAAGTTAGTTTCAAGCAACTTATCAGCTTTTAATATGAACTATAAACTTGAAAAGTTTTGAAATCTGATATACAAACAGCAGATATGCTAAACTTACCTAATGAACTATAAACTTGAAAAGTTTTGAAATGGATATACTCCCGACATCATATAAGTGCTTTCTCATGAACTATAAACTTGAAAAGTTTTGAAATTTATTTCCTCCTATCTAAATCCTAGCCAAACATTTTATGAACTATAAACTTGAAAAGTTTTGAAATACTCTTCCACCAAGTAACTTATTATCATTAGTTAAAATGAACTATAAACTTGAAAAGTTTTGAAATGTTGCACAATAAAATATTCCAACTAAATTTCTAAAAATGAACTATAAACTTGAAAAGTTTTGAAATTATATTCGTTGAATTTCTCAACTGCTTGATAGCCTGATGAACTATAAACTTGAAAAGTTTTGAAATATATTCTAATCCAGGAAGAGTTGGTGTAGCATTTGCAATGAACTAGAAACTTGAAAAGTTTTGAAATCACACAAAAATATCCAACCTACAAAAACTAAAATGCATGAACTATAAACTTGAAAAGTTTTGAAATTTATATATCTTTACAAGCTTTTCTCTTCTATTTGGATGAACTATAAACTTGAAAAGTTTTGAAATCTTATAGCATTATATGAAACCCTATAATTTTCTTTAATGAACTATAAACAGAAAATTAGTAATATCAGAAGCAAATAACAGATTATCCCTATAATTTTCTTTAATGAACTATAAACTAAAAAAATTTTGTTGTTAAAAGGTATTTAGGAAAATATTAGGTAGATACAAAACAAAATTAAGGTAAATAATTTATGAATTGGTAAAAAAATAAAGAAAAAACTAGTAAGTTGAATGTATCAATTTTTCCTATGAAGAAGTATTAAAAAGAGAAAAATAACCAAACTCATTTAATTGGAGTCAAATATTATATAACATACTAGTATAGAAGTGAAATATGTTAGAAAGAAAAGAATTATAGATTTGATAAAACAATTAAAAATTGTTGAAACAAGGAGGAAATTATGAAAAAATTTTCTATTCATGGAACAGAAGAGGGAAATACTACCTCAATTAAATTAGATGAAATTGCTATTTTAGCAGATCCAGATACCCTTTTAAAGATAGGGGAATTTATAATAAAAACTGCACATGTGATGAAAGGTTATGAGGTAGATTATAGTCAACTCCAAGATGAAGTTTCAGATTTTGATTATAAAAATAATACAGATATTATTATATATAATCAAGATTATGATTATAAAAATGATATAGATTAGGGAATTACTGAAAGGCAAAATATATAAATAGTTGTAAAGGAAGTTGTTGTAAACTAACCTAAGTTTGCAACAGCTTTTTTATTTTCTGAACAAATAGTATAAAAATATAATATTGAAAAACAACTAAAAGAGAGTATAATAAACAACAGATAAAAAAATAAAACAATAAATTTAAAAATACAAGAGGTGTAATAAATGACAAAGAATTTTGCTCATAGAGGATTTAGTGGAAAATATCCCGAAAATACAATGTTGGCTTTTCAAAAAGCAATAGAAGTTGGGGCAGATGGAATTGAATTAGATGTTCAACTTACAAAGGATGGAGAAGTTGTAATAATTCATGATGAAACAATAGACAGGACAACAGATGGAAAAGGTTATGTGGTAGATTATACATATAAAGAATTATCAAAGTTTGATGCTTCATATATTTATAGAGGAAAAGTAGGATTTAGCAAAATTCCTACATTGAAAGAATATTTTGAATTAGTAAAAGATTTAGATTTTATAACTAATATTGAATTAAAAACTGGGATAAATGAATATTTAGGGATAGAAGAAAAAGTATATCAACTTATTAAAGAATATAAATTAGAGAAGAAAGTTATAATTTCAAGTTTTAATCATTTTTCTATTTTAAGAATGAAAAAAATTGCACCTGAATTAAAATGTGGCTTTTTATCAGAAGATTGGATAATAGATGCAGGAGCATATACAGCCTCTCACAAGATTGAATGTTTTCATCCAAGATTTAACAATTTGATACCAGAAGTTGTGGCAGAGTTGAAGAAAAATAATATAGAAATCAATACTTGGACAGTTAATAAAGAAGAAGATATTAATGATTTAATAGATAAGAAAGTGGATATTCTAATAGGAAATTATCCAGATTTAGTCAAAAAAATAATTAACAAAAAAAATAGGGGGTAGATTTTATGGAAAGTTTGGAATTATTTTTAACCACTATAAATAAGTGGTTATGGGGAAGATGGCTTGTATATGTACTTTTAGGATTAGGAATTTTGTATACTTTTACTAATGGTTTTATCCAAGTTAGGCATTTTAAATTTATTATTAAAAAAACACTGGTAGACTCTTTTAAAGCAAGAAATGATGAAAAAGGTTCAGGTTCAATTTCAACATTTAAAGCAATGATGGTAACACTTGCTGGAAATGTTGGTGGTGGAAATGTTGTAGGAGTAGCAACTGCTGTTGCTGCTGGTGGTATGGGAGCTGTTTTTTGGATGTGGGTAGCTGCATTTTTTGGAATGGCTTTAAAATATGGAGAAATAGTTTTATCTCAATTATATCGTGGAAAAGACTCAGAAGGAAATTTATTAAGT
NZ_CP077191.1_gap3	309677	311906	2229	AGTTGGACTTACAGTGATTAATTATGGAATTTTAAAAGCTATTGTTGTATTTGCTTTTGCTTTTATAGGCTATAAGCTAGGAGATTCTTCATTTACAGGAGGAATAAAGAAAATTATTTTAAAAAGATTAAAAGAGGATTAATCAAATGAGTAAAAATTTTGAAGAACAAGAGAAAAAAGCAAAAGGTGGAATAAGATTAGCAAGAGAAGAAGTGTTCAAATTAGTCTTTGGAGCTGAGCTAACTGGATCAAGTTCTGATGAACTAAAACAAGATTTTAGTGTATATTTACAAAATAATGAAGAATTTATAAATGCTCTAAGTGAAAAACAATTAGAGTTTATAAAAAATTCTATCAATGGAATAGTTGAGAATTACGATAACATTAAAGATATTATCAAGAAAAATACTCAAAATTGGACTTATGAAAGAATTGGAGTTATTGAAAGAAGTTTATTGATTGTTGGAACTTATGAGTTTTTAATAAAAAATACTCCTATTGAAGTCATTGCTAATGAAATAGTTGAATTGGCAAAAGAGTATGGGAATGAGAAATCTTATGAGTTCATAAATGGTATTTTAGCAAATATAGAAAAAGCAAAAAATAAAGGAACTATTTAATAGTTCCTTTTTACTTGTTGTTAATTTAGACTTTTAAAGTGTTTTATTCAATATTCCTAATCCAGCTAATATAGTAGCTGTAATTATTAATTTTCTTGTTATTTTTCCATTTAAAATTCTATTAAATTCTTCTCTATTATAGTTTCTATAAGCATCCATAATTTTCACCTCTATCTTTAAGCTACTCTATTTATATTCTTATTATATACTATAATATTTTGAAAGTCAAGATATATTAAAATAAAATATTTATTGCTATAAAGATTAAAAGAGCAGCTCCTAAAAAATGAGATTTTTGTCCTAATATATTTCCAAATTTTTCTCCTAATATAAAACCTAATCCAGCTATTATAGCAGTTACAATACCAATTTCAACTGTATATAAAAAAGTTTGGTAAAAAGGTAAAATTGAAAATGTCAATCCAACCAATAAAGAGTCCAAACTTGTAGCAATTCCCATTATAATTAAAGTTTTAAAATCTAAATATTTTTCTTCATATTTCATTTCTTCATTTTTTAAGGCTTCTTTCAACATCATAAGCCCTAAAAATAAAAAGATAGCAAATGAAACATATTTTGAGTATAATGAGATATAGTGTATGAATAAAGTTCCTGATAATGAACCCACTAATGCCATAGCAAACTGGAAAATTCCAAAAGTTAATACAATTTTTAAAAAATTTTGTTTCTTTTGAGATTCTGTTGAGGCTATCCCTTGATAAATAGAAAGGGACATAGCATCCATAGCAAGTGCTAAGGCTGTTATTAATACACCAATAGTTGACATCATTTTCCTCCATAAAGTTTATTAGGTTTATTATTGTAACATTATTTAGAGGAAAAGTAAAGAATAAGAAAAACTTTAAATAAAATAATAAGTGGTAAAAGGGGAAGTAGTTATGAAGAAAAAGATTTTTACAAGTAGCTATCTAGGATTAGAATCATATTTAGTTGAAGTAGAAGTTGATATTTCAAGAGGTTTGCCTATGTTTTCAATAGTTGGTATGGGAGATACTGCTATACTTGAAAGTAAGTTTAGAGTAAAGGCAGCTTTAAAAAATTCTGATTATGAGATAGTACCTCAAAAGATAGTTGTTAATTTATCCCCAGCAGGTATTAAAAAAGAAGGAGCACAGTTTGATTTACCAATAGCCTTGGGTATAATTTTAGAGATGAAACTTTTAAAAGATAAAAGAGATATATTTAAAAATTATCTTTTTGTTGGAGAATTATCTTTAGATGGAGAAGTAAAAGGTGTGAGTGGAACAATAAATAGTGTAATTCTTGCAAAAGAAAAAGGTTTTAAAGGAATAGTAGTTCCTTATGAAAATAGAAATGAAGCAAGTTTGATAGATGGTGTAGATATAGTTGCTGTTAAAAATATATCTGATGTTATAAATTTTATAGAAAATGGAGTTAAGTTAGAATTTGAAAAAATAAATTTGGTTAAAACAGAAGAAGATATTTTAGATTTCTCTGATGTTAAAGGGCAATATTTTGCAAAAAGAGCAATGGAGATTTCAGCAGCAGGAGGGCATAATATACTTTTAATAGGCAGTCCAGGTTCAGGAAAATCTATGCTTGCTAAAAGAATGATAGGTATACTTCT
NZ_CP077191.1_gap4	414268	414799	531	ATAAGTGGAATAAGGGATGCAGAACCATTTTTAGTTTATGGTATATTTAATAAAATAAATGGAGAACCTTGTATCAATACAACAGTTGTTATGGATGATATTTATGAAATTTTAGATAAAATAAATTTATAGGAGAGTGTTATGAGAAAGTATTTAATAATATCACTTTTAGCCAGTTATAGTATAGTTTTTGCAGGAGAATCAGAAGATTTTAAAGCGGTTGATAATCTTTATAAAGAAAGAAATTTTAAAACTGCTTTGACTGAGTCAGAAAAATTTTTACAAAAATATCCTGAATCAAAACATCAAAAAAGTATGAGAGATAAGGTTGCGAAGATCTATTTTTTAGAAAAGAATTATAAAAAAGCAGAAGAATTATTTAAAAAATTATTTACTATGGAAGAAAAACAATCTCAAAAAGAGGAATATGCTTCATATTTAGCAAGAGCTAATGCATTATTAAATAATTCAAACTCAGCTATGTTTTATCTAAGGGAAATCAAGGATGAAAAAACGTTTCAAAAAACATTT
NZ_CP077191.1_gap5	416623	420908	4285	AAAGATTATAAAGATATAGAAAAATATATAGCAGAATTACCAACAGAAGAAGAAAGAACTTATTATTCAGCACAATATTATGCTGCTAAAAAAGACCCAAAAGCAGTAAAAGAGTATGAAACATTGTTACAATATGATAAATATAAGGCTTATGCTTCAAAAGGGCTAGGAGATTATTATTTTGATAAAAAAGATTTATCAAAGGCTAAAAAATACTATGGAACTTATGCTACTGTAAATAAAAATCCAGATGAATATATCTTATATAGATTGGGACAAGCCAATGAAAAAGAAAATAACTTAAAAATGGCTTTAACTGACTACAAGGCAGTATATTCTAAAAATGGTAAACTTGCCAATGATGCTATGTTAAAAGCAGCAGAGATTTATGATAAACAAGAAAATGTAGCAGAAGCAGAAAAGTTATTTACAAAATTATATGCAGTAAAAAATAATAAAGAATTAAAAGCCTACTCTATGGAAAAATTAATTTATTATAAACTTGTAAAAAATAATACAAAGGAAGCTAAAAAATTGTATGATGAACTTAGAAAACTGGATGCAAAAAGAGCAGAAAAATTTAAGGCATATTTCTAAAATATAAAAATAAGATTTTGTAATATAGATAAAAAATCAGTGAACTTGCATTCTAAATTTTAGATGAAAAATTAAAGTAAGTGAGCCGAGCAAATCTCACTGTGTCTGAGTGAAACGAGTTTAGTGAATTTGCAGCGAACGTTAATTTTTCATCGTTAAGAAATTTAGCTAGCAATGAACTATTTTTTACTACATTTCTCAATCTAACTTGAATAATTTTTATATTGTAAAAGGAGGAAGTGGATAAAATGAGTAAAAAATTGTTAGCATTATTTTTAGTATTAGGACTAATGGCTTATGCAGAAGATACAGATACAGTAGTTAATGACACAGCTGCAACTGAAAGTTCAGCAGAAGAAAATGTTGCTACTACTGAGCTTACTAAACAAGTAACTAGTGAAAATAATCAACAATTAGATGTAAAAGAAATAGACACAGAAGACTTGATACTTCAAAATCAAAATTTAGAATCATCTTCTGTAAATATAACAGGAGAAAATTTAAAAGAAAATGGAGATAAAGTAAAAGTTAATCAAGAAAATTCTGCTACCTTAGAAGAAGAATTATCAAAAGGTGTTGAAAAAAAAGGCTTTTTTAGAAGAGTATTGGATAAATTATTTGGTTAAATATATAATTGTGAAAGGAAGAAATAGGAATGCAAATACTTAAAGCAGGTGGAATATTAATGTATTTTATTCTCTTAATGGGAATAATAGGACTTTATGCAATATTAGAAAGGTTTTCGTATTTTCTGATAAAAGAAAGGAACAATTTTTCTAAATTACCATCAGAGGTAAAACAACTTATAAATGAAGGTAAAATAAAAGAAGCAATAGTTGCTTTAAATTCCAATAAATCATCAACTTCATTAGTATTAAAGGAAATATTGATTTATGGATATAAAGAAAATAAGGAAACTTTGTCTTCACTTGAAGAAAAAGGTAAAGAAAAAGCAATAGAAAGAATAAAAGCATTGGAAAGAAATATGTGGCTTCTTTCATTGGTTGCTAATGCTTCTCCATTATTGGGATTATTAGGAACAGTTACTGGTATGATAAAAGCATTTAATTCAATAGCCTTAAATGGAACAGGAGATGCAGGAGTTTTGGCAAAAGGTATATCAGAAGCCTTATATACAACAGCAGGAGGACTTATTGTAGCTATACCTTGTATGATATTTTATAATTATTTCAATAAAAAAATTGATTTAATAGTGAGTGATATAGAAAAAACTTGTACAGAGTTGTTGAACTATTTTAGAGAGTAGGTGCGAGTAAATGAAATTAGAAAGAATAAAAAGAAGAAGTGGAGGAACATTAGTTCTTGAAATAACACCACTTATAGATGTTGTTTTTCTTTTGCTTATTTTCTTTATGTTGGCAACAAGTTTTGATGAAAGATCAGCCTTTAAAATAGATTTACCTAAATCTACTGCTGCAAAAACAAAAAGTACATTAAAAGAGGTACAAGTTTTAGTTGATAAGGAAAAAAATATATATTTAAGATATACTGATAACTCAGGTAAATCACAAAGTGAAAAATTAGATTTATCAAGTTTTGTTTCAGTTGTATCAGAAAAACTTAACACATCAGAAAGTAAGGATGTAATGATTTCAGCTGATAAAGCTATTGATTATGGATTCATTGTTGAGATAATGAGCTTACTAAAAGAATCAGGAGCAACTGCTATAAATATAGATACTGCAATAAAAAGTAGGTGATAAAAGTGAAAAGAAATGACTATATTTGTTTATTTTTATCAATAATTATAAATATAGGTATAGTATTTGCTTTAACAGTATTTTCAACAGATGAAATGGTAGAAACAGATGAAATCAAAATAGGTTTGGTAGCAGTTGAATCTGATGCAAGTACAAGATTTAAAGGTGAGAAAAATGTAGATGCTAAAAAGCAAAATTTAGATGCAGACAGTATAGAAAAAAAAGCAGAAGAAGATAAGACTCAGGAAGAAAAACCTGTGGAGAAGCCAGAAGATAAACCAGTAGAAAAGCCTGAGAAAGAAAGACCAGAAAAAAAGGTTGAAGAGAATAAAAAAGCTGAAAAAACAGTTCAAGTAGAAGATAAACCTAGAACAACACCTAAAAAAGAAAAACCATCATTGGCAGATTTAAAGAAACAAATATCTAATTCACAGCCTAAGACTTCAAATGGAGGTTTTAGTCCAACTGCTGACCCTGAGGGAGAAGAAGTTGTAGATAGAGTTTTACAAAATGTAACTTATTCAAATGGTTTGGTATCAGGAAGTAAAATGGGAAATTCCGAAGGAGGTTTATTAACTGATTGGAGTGATAGTAATAGAGCACCAGAATTTCCAAAATCAGCAAGAGATTCTGGAAAGCATGGTAAATTGAAAATTAAATTAAAAGTTGATAAAGCTGGAAATGTTTTATCTTATGTTATAGTAGAAGGAAGTGGAGTACCAGAAATAGATGCTTCTGTTGAAAGAGTTGTAGGAAGTTGGAAGGTAAAACTTCTAAAAAAAGGTAAACCTGTAAATGGAACATTTTATCTAAATTATAATTTTAATTTTAAATAAAGAGTGGAGGGGTAATATGTTGTTATTGGGTTTTCGGCTTGACAATGACTTAAAATTAGAGTTTGAAAATAATTTTGAAAATGATTTACTATTTGTGGAAAATATTATGTCTTTTATGGAAGCAATAAAAAGTAGAAAATATGAAGCAATAGTTATAGATGAAAGAAATTCAAAGGAAGAGGCATTAATTAATTTAATTATAAAAGTTACAGAGTTACAAAAGAAAGCAGTTATAATTATTTTAGGTGAAACTTCAAATTGGAGAATTATTGCAGGAAGTATAAAAGCTGGAGCTTATGACTATATATTAAAACCAGAGCTACCTAGAACTATTGTAAAAATAGTTGAAAAGTCTGTAAAAGATTATAAAGGACTTGTAGAAAGAGTTGATAAAACTAAAAGTACAGGAGAAAAATTAATAGGTAGAAGTAAACTTATGATAGATCTTTATAAAGTTATTGGAAAAGTTGCAAACAACTCTGCACCAGTTCTAGTAACAGGAGAAAGAGGAACAGGGAAAACAAGTGTTGCAAAGGCAATACATCAATTTAGCAATGTCCATGATAAACCTCTTATAAGTATAAATTGCAATTCATATAGAGCAAATTTATTGGAAAGAAAATTATTTGGTTATGAAAAAGGTTCATTTGAAGGGGCTGCATTTAGTCAATATGGTGAATTAGAAAAGGCAGAAGGAGGAATACTTCATCTAGCAAATATAGAATCTTTGAGCCTTGATATGCAATCTAAAATTTTATTTTTATTGGAAGAAAATAAATTTTTGAGATTGGGAGGAATGGAGCCAATAAATGCCTTTGTAAGAATAATAGCTTCTACAAGTGTGAATTTAGAAGAACTTATTGAAAAAGGTCTATTTATAGATGAACTTTATAGAAAACTAAAAGTTTTAGAAATAGATATACCTAATTTAAAAGAGAGAAAAGAAGATATCCCTTTTATTATAGATCATTATATGGCAGAATGTAATCAAGAAATGAATAAGAATATAAAAGGTGTAACTAAGATAGCATTAAAAAAGATAATGAGATATGATTGGCCAGGAAATGTAAATGAATTAAAAAATGCTATAAAATATGCAGTTGCAATGTGTAGAGGTTCTAGTATTTTAAT
NZ_CP077191.1_gap6	429498	433773	4275	CTTTCTTAAAGAGTTTTATAGCAGCTTCTAGTATCATTTCCTTAGTGTAAGCACATTTCCTAGCCATAGCACTCCTCCTTTTAGAAAATTCTACCTGTATTCTATAATATTTTTAAGAATTAATCAATATTCAAGAATTGAAATTTTTGTTTATAAAATCTTTGATTAACAAAAAATCAGTTTCATTAGGGTGTGAGTCAGCTTCTAAAATTATTTCTTTCATATTAGGGACAAATTTATGGATAATATTTAAAGGAAATTTAGTAAATTTTTCTTGTAAATCTTTTGAAACCTTTCCTCTTGTTAAAACTCCATCAACAAAATTATTTTTTTTAGAACAAAGTTTTATAAGATTATTAAAACATTTTTTAGCATGTTCAGATGTCAAAGAAGCTGCCAAAGTTCCTATAAAATATATTTTTTTGTTAGATAGAGTATTAATAAATTTTCTAGCTTCTGCATTGGCATTAGCTTTATCTATCCAAGTTCCCACAACAATATTATCAAATTCATCTAAGTTTACACTATCTTTTTCCTTAATAGGAATAATTACTTTTTCTCCATTTATATATTCAAATGCTTTTTCACATACCATTTTTGTATTTCCAGTTTGTGATGAATAAATTATTAAAGTTTTCATTTTATACCTCTTCCTTTTTTATAAATTGTTAAATAAAAATAAGTGAGTTACATTCCAGATTTTAGAATAAAAATTAAATAGGGTGAGCCGAACAAATCTCGGCGTGTTTGAAGCCAATTTATTGGCAATCTTAGAAGCTATTAATGAACTTGTTCATTTAGAGCTTCTTACAGATGCCGAATTTGTAGCGAACTCTTAATTTTTATTCGTTAAGAAATCTGGCTAGTAATGAACTATTTTTATTAACTTAATAATTAAATTTTAAATATGTTGTTACATATAGAAAGTGTGGACTCTCTATGTGATACCAAAATAACAGTTTTATCCTTTGCTTCATCAGCCAATGATTTTAAAATTATAGCTTCATTTAATATATCCAAATTAGAAGTTGGTTCATCTAATAAGAAAAATTCTCTATTAGCAAGGAAAGCTCTAGCAAGTCCAATTCTTTGTCTTTCTCCACCAGAAAAATTCTTTCCACCTTCTTCAACTACACTATCTAACTTATCTGGTAAAGACATAACATAGTCATAAAATGAAGCTTTTTTTAATGCAGTATAGATTTCTTCATCAGTGGCATCAGCTTTTGCAACCAATAAATTATCTCTTATATTTCCAATAAATAAGCTAGTAGATTGTGTCATATAGTTAAATTTTTGATATAGATTTTTTAAAGGAGTAGCCTTTACATCCTTTCTATCTAAAACAATTTTACCTGAATCTACATCCCAGAACCTCATAATTAATTTTAAAAGAGTAGATTTTCCACAACCACTTGGACCCATAATTCCAGTTAATTGTCCTTTTTTTATTTTTAAAGAAAAATCTTTTAAAATTTTATTATCAGTATTTTCATAAGAATAAGAAATATTATCTATAAGGATATCATCATTTTCTGTAATATCATCATTTACAATAGAAACATTATCACTCACTGCTGGCTTTTCATCCATTAGATTTAAAACTCTTTCTCCAGATGCAAAAGTTTGAGCAAGTATATTTCCAAGAGCAGCTAGATTAATATAAGGGGCGAAGCTTCCGACTTGTAAAACTGCTGCTAAGATAGTAGCTTCAATACTTACTAAGCCTTTTGAAATTAAGAAAAGGCTTAAAAGCAACTGAGCAATAGAAAGTATTATTATAGCAGAATCAACCATCATTTGAACTTCTGATGCTTTATTTCTTAAATCTTTTTGATTTTCTCCCAAAGATGAAGTTATTTCATCAATTTTTTTCAATATTTTTTTACCTTGTGAATATTGTATAATTTCTCTTATTCCTTTTAATTTATCTAAAAATTCATCATTTAATTTTCCTAATTTATTTCTAACTTCTATACCAGATTTTGCTGACCTTTTATGTGCTATATAAGGGACAACAATACCTACAATAAATTGTGCAAACAACATATATAGTGCATAGATATAATTTAATTGAAAGAAATACAAGAACAAGAAAATACTTGTAAAAAATGCAATTAAAACAGGTGAAATAGTATGAGCATAGAAAACTTCTAAAAGCTCAATATCTGATGTTATCATAGAAATTAAATTCCCTTGATTTTTATTTTCCATTTTAGCAGGAGCAAGTTTTCTCATAATTTTAAATAGCTTAACTCTTATTTCTGCCAAAATGTGAAAAGCTATATAATGGTTTGCAAATTGCTCTAAATAATGTAAAATAGCTCTAAAAAATCCACAGAATATCATTGCATAAAAATATGTTTGAGTTGAATATCCTCCACCAAAAACATATTTAAGACTATCTTTTGTGGCAGGAATAATACTTAAAAAGGCATAAGCTCCAAAAAGAGTTATACAAAAAGAAAATATAAATCCAATTACACCTGTTGATACAGCAATAGTCATAAATTTCCAAAGAGAGTCTAAAAGTTTTAATAAGTTAGATACTATATTAAAAGTTGACCGATTTTTCATTATTTTCACCTCTCTTTGTTAGATAAGTTTCCAATTCTTCTTGATGTTTATACATTTCATAATATAAACCTTTTTTAGCATATAGCTTGATATGTTTTCCACTTTCAATAACTTTTCCTTTATCCATAACATAGATACAATCAGTATTTTTAATAGCTGGTAGTCTATGGCTAATATAGATAACAGTTTTTTCTTTAGATAAAGAATAAATAATATTTAAAATAATTTCTTCAGATTCAATATCTATATTTGAAGTTGCTTCATCAAATATATAAACAGAGGCATCATATAGTAAAGCTCTCGCAAGTGCCACCCTTTGAGCCTGTCCACCAGATAGATTTTTTCCTTGACTTTCTAAAATAGTGTCAAGAGATAAAACTCCCCATAGTTTAACTTTTTTAAGAACTTCTATCATAGTTTCATCACTTAAATTTTCATTAGCCATAGATAAATTTTCTCTAACTGTTCCAGAAAATATATGTGAATCATGAGTAATTTTTAAAATATTTTTAATCTTATCTTCTATTTTTATATTTTGTATATCAACATTATCAACAAAAATTTCATTTTCCTTAGATTTTAATTCCCCAGATAAAACAGAAACTAATGTAGATTTTCCACAACCAGAATGTCCTACAACAGCTGTTAGATTTCCCTTTTTAAAAGACATATCTATATCTTTTAAAGATTGAGTACCATCTGGATATGAGAAATTTAACTTAGAAATTTTAATGTCATTTTCATTTTTAAATTCTTTATTTCCATCTGTATTTCTTTCAGGTGAATCAACAAAAGAGATAATATTTTCTGCTGCTGAAACACCAGTCATAGCAACATGGAAAAGTGAAGTCAATGTTCTCATTGGAATAAAAAACTCAGGTGCAAGCATAAAGATAAATAACATTGGAAACAAACCTAAACTTCCATTTAAAAATAATTTAACAGAAGTTACTATTGCAAGTATAGTGCCAGCATAGATAATCCAGTTAATCACTGCAATAGAAAGAAGTTGCATTTTTAAAACTCTCATAGTTTCAATTCTAAATTCTTCTGACATCTTAGCTATTTCTTCTTCTCTTTTTTCATCTGTTCCATATATTTTAAGAGTTGTTAAACCTTGTAAACTATCTAAAAATAAAGTTCCGACATTCATATATTTTGCAAAATATTTTTTTTGGACTTTTTTAACCTTATTTAAAATAATATATAGTGATAAAGGAATAGCCAAAGAAAATCCAAGTAAAATAAAGGCAATTTTTAAATTAAAATATGCTATTGAGAAAAATAAAATAAAACTAGAAACAATACAATAATAAAATTGAGTTAAGAACCCTCCAAAATAAACTTCAAGTTGTTCCACATTATCAACTGATAAATGTATCAGCTCCTGTGTTTTAAAAAGTTGTGAGTAAGCTAAACCAAGTTTTAAAGTTTTTTCAAATATAATTTTTCTTAGATTTCTCTTTACATCAACAACTAAATTTCCTAGCATATGAGAAATTTTAATAGTTGAAAATTGTCTTACAAAAACTATAATCAATATTGAAATAATTATGTAGCTGTAAGAGAATGAAAAATCTTTATTGATTAAACTTACTAATAAAAAAGCAAAGATAAAGTAAAAAAATATATTGGCAATAAGCTTTACACAGGATAAAAAAGTTGTTATTGATATATATTTTTTTATGTTTCCTGAAA
NZ_CP077191.1_gap7	434840	439313	4473	TTGAAACTGTAAAAATATCTATGATAATGACAACAATTTTAAATTTTTTTATTTGTATTGCCACTGAATTAAGATATATAGAATTTATTTATCTTCTACTATTTTTAGGAATTAATTTATATATGATTGGAGTTAAAGGCTATTTTAAAATAGAAACATATAATTATAGTCTTTATACAATAAGAAAAAAAATAGTAGATTCACAAAGAGCAACAATTTTAAGTATAAATATTTTAATATTTTTCTATATTTTTAAAGAGCCATATTTCTTTTTATCAAAATATAAAATACTAATTTTACTTATTAGCATAGTTATAGGATATTCTTCTTTAATATTTTTACAAAAAATAAAAATAAAGTTTACATTAAATTTCTTTAAAGAGATAATAAAAATATTTTTTATTTCAGGTATAATTTATTATTTTCCAATAGTGTGTATTAATATTCTTTTGAAAATTATCTAAAAACTGGTTTAAAAAAGCTATATAGATTGAAAAATATTTATATAGCTTTTTCTAATTTATAAGAATTATTTATTCTGTTTTAAAGAAATTCTGACTGTTTACATTTAAAAAAAAATAGTATATAATTAAAAAACGTATGTAATTTTATTTTTAAAATAAATTTTTAAGAACTTTATGATATAATAAGTTGATATAGAATGAAAATTATGTGGAGGGTAAAAAATGAAAATAGCCTTAGATGCTATGAGTGGAGATTTTGCTCCAATATCAACTGTGAAAGGTGCTATTGAAGCTTTACAAGAAATTGAGGGACTAGAAATAATTTTAGTTGGAAAGGAAGGTATCATAAAGGAAGAATTAAAAAAATATAAGTATGATACAAAAAGAATTGAAATAAAAAATGCAGATGAAGTTATAGAGATGACAGATGACCCTGTGAAAGCAGTAAGAGAGAAAAAAAATTCGTCTATGAATGTCTGTATAGATTTAGTAAAAGAGAAAGTAGCCCAAGCCTCTGTTTCTTGTGGAAATACAGGTGCTCTTTTAGCAAGCAGTCAGTTAAAATTAAAAAGGATAAAAGGAGTTTTAAGACCAGCAATAGCTGTTTTATTTCCTAATAAAAAAGAACAAGGAACTTTATTTTTAGACCTAGGAGCTAACTCAGATTCTAAACCAGAATTTTTAAATCAGTTTGCTACAATGGGTTCAAAATATATGGAAATATTTTCAGGTAAAAAAAATCCAAAAGTTGCACTTTTAAATATTGGTGAAGAAGAAACAAAGGGTAATGAGCTTACAAGAGAAACATATGCCTTATTAAAAGAAAATAAAGATATAGCTTTTTATGGAAATATTGAAAGTACAAAGATTATGGATGGAGAGGTTGATGTTGTTGTAACTGATGGTTACACAGGAAATGTACTACTTAAAACATCAGAAGGAGTAGGTAAGTTTATATTCCATATTGTTAAAGAAGCCATAATGGAAAGTTGGATTTCAAAGTTAGGAGCTCTTTTAATTAAAGGAGCTATGAAAAAAGTTAAAAAGAAAACAGAAGCATCTGAATATGGAGGAGCAATATTTTTAGGATTGAGTGAACTTTCATTAAAGGCACATGGGAACTCTAACAGTAGAGCTATAAAAAATGCCTTAAAAGTGGCTAGTAAATTTATAGAATTAAATTTTATTGAAGAACTTAGAAAGACTATGGAGGTAGAGTAATGCAAAGCATTGGAATAAAAGGAATAGGATACTATGTACCAGAGAATGTATTTACAAATTTTGATTTTGAAAAAATTATAGATACAAGTGATGAATGGATAAGAACGAGAACTGGTATAGTAGAAAGAAGATTTGCTTCAAAGGACCAAGCAACTTCTGATTTAGCTTGTGAAGCAGCTTTAAAGGCAATTAAAAATGCAAAGATAAATAAAGAAGATGTAGATATGATAATTTTAGCTACTACTACACCTGATTATATTGCACAAGGAGCTTCTTGTATAGTACAACATAAGTTAGGTTTGAAAAATATCCCTTGCTTTGATGTTAATGCTGCTTGTACAGGTTTTATTTATAGTTTGTCAGTTGCTTATGCATTGGTAAATTCAAAACTATATAAAAATATACTTGTTATAGGGGCTGAAACTTTAACAAGAATAATAGATATAAAAAATAGAAATACTGCTGTCTTATTTGGAGATGGAGCTGCTGCTGCAATAGTAGGTGAAGTTGAAGAAAGATATGGAATTTTAGGATTTTCAATAGGAGCAGAAGGTGAAGATGATATGATACTTAAAGTTCCTGCTGGTGGAAGTAAAAAACCTAATGATGAAGAGACAGTAAAAAATAGAGAAAATTTTGTGGTTATGAAAGGACAAGAAGTTTTTAAATTTGCAGTTAGAGTTTTACCAAAGGTAACATTAGAAGCATTGAAGAAGGCAAAATTAAATGTTCAAGATTTATCTATGATTTTTCCACATCAAGCAAATTTAAGAATTATAGAATCAGCAGCAAAGAGAATGAAATTTCCATTGGAAAAATTCTATATGAATTTAAGTAGATATGGAAATACTTCATCTGCCTCTGTTGGAATTGCACTAGGAGAAGCAATAGAAAAAGGACTGATAAAGAAAGGAGATAATATTGCTTTAACTGGTTTTGGTGGAGGACTAACTTATGGCTCAGTAATTATAAAATGGGCTTATTAGTATATATTATATATAAAAAAGGAATAAGGGGAGGTAAAAATGGGAAAAGTTGCTTTTGTTTACCCGGGTCAAGGTACACAATATGTTGGAATGGGTAAAGAACTATATGAAAAAAATAAAAGAGCAAAAGAACTATTTGATAAAATCTTTAATTCTTTGGATATTGACTTAAAAAAAGTTATGTTTGAAGGACCAGAAGATTTATTAAAAAGAACAGACTATACTCAACCTGCAATAGTTAGTTTAAGTTTAGTTTTAACTGAACTTTTAAAGGAAAAAGGAATAGAACCTGATTATGTTGCAGGACATTCTGTTGGAGAGTTTGCAGCTTTTGGAGGAGCAAACTATCTTTCAATAGAAGATGCAGTGAAACTTGTTGCAGCAAGAGGAAGGATAATGAGAGAAGTTGCTGAAAAAGTAAATGGAAGTATGGCAGCTGTTCTTGGTATGGATGCAGAAAAAATAAAAGAAGTTTTAAAATCAGTTGATGGAGTGGTTGAAGCAGTAAACTTTAATGAACCTAATCAAACAGTTATTGCTGGAAGTAAAGAAGCAGTTGAAAAGGCTTGTGTAGTTTTAAAAGAAGCAGGAGCTAAAAGGGCTATACCACTTGCAGTATCTGGACCTTTCCATTCATCACTTATGAAGGAAGCAGGAGAAAAATTAAAAGAAGAAGCTCAAAAATATACTTTTAATATAGGAAAAGTAAAGATAGTAGCAAATACAACTGCTGAACTTTTAGAAAGTGATAGTGAAGTTAAAGATGAAATTTATAGACAAAGTTTTGGACCTGTAAAATGGGTAGATACTATTAATAAATTAAAATCATTAGGTGTTACAAAAATTTATGAAATAGGGGCTGGAAAAGTTTTATCTGGACTTATCAAGAAAATTGACAAAGAAATAGAAGTGGAAAATATTGAATTAATTGAAGCATAAAAAAAAGTTGGATAATATACTAAAATAGTGTATAATAAATATAGTTTAATAATTTTAAGGAGGAAGATATGTTAGATAAAGTAAAAGAAATTATAGTTGAACAATTAGGAGTGGATGCTGATCAAATAAAACCTGAATCAAATTTTGTAGATGATTTAGGAGCAGATTCTTTAGATACTGTTGAATTAATAATGTCTTTTGAAGAAGAATTTGGAGTAGAAATTCCAGATACAGAAGCAGAAAAAATTAAAACTGTACAAGATGTTATAAACTATATAGAAGCACATAAGAAATAATTATGTTCCATTAGGAATAAAAATTACGGGGTATATTTATTTATATCCCGTTTTCTTTACATAAATACAAAATATATAAAAAATAGTTTTCAATTTTTCTTGAAATAATAGTTATTTAAAAATTCTAGTATTATATAAAACTGCTTGATAGCCATTAGTGTTTCGTGAGCTCCAAAATGCTCTCTCAACAATAATGGACATCGCAGTAGTTTAGTTTAAAATTATTTAATTCTTTTTCAAGAAAAATTTGGAATGTAACTTATTTATTTTTCAAATAATGATATATAAAAACGGATATAAATAAATTATACAGATAGAGGTGAATGATGAAAAGAGTTGTTGTAACAGGATTAGGACTTATTTCTGCATTAGGAATAGGTTTAGAAGAAAGTTGGAAAAAACTTATAGCTGGTGAAACTGGAATAGATTTAATAAAGTCTTATGATACAACAGACCAACCAGTTAGAATAGCTGGTGAAGTTAAAGGCTTTGAACCAACTGATTATGGAATAGAAAAAAAAGAAGTAAAAAAATTAGCAAGAAATACTCAATTTGCTTTGGTAGCTA
NZ_CP077191.1_gap8	446956	450720	3764	TATTAATGTAGGGGTAAATATTTTAAATATCTTAGGGAATGGAATGTTTATTTTTGGTTGGTTAGGAATGCCAGTTTTAGGAACAACAGGAGTTGGAATATCAACAGTTGTTTCAAGAGGAATTGGTTGTGTTGCTGCATTCTATATGATGTGTAAATATTGTAATTTTACATTTAGAAAGAAGTATATAAGACCTTTTCCATTTAAAATAGTAAAAAATATTTTATCAATAGGTTTTCCAACTGCTGGAGAAAATTTATCTTGGAATGTAGGTCAACTTTTAATAGTTGCTATGGTAAATACTATGGGAACAACAATTATTGCTTCTCGTACATATTTAATGCTAATAAGTAATTTTGTTATGACTTTATCAATAGCATTAGGGCAAGGAACAGCAATACAAGTTGGGCATTTAGTTGGTGCAGGAGAAGTTAAAGAAGTTTATTCTAAATGCTTAAAAAGTGTGAAGATTGCATTTATATTTGCCTTTGTTACAACTTCAATAGTATGTTTTTTAAGAAAACCTATTATGAATATTTTTACAACTAACCCAGATATTTTATCTGCCTCTTTAAAAATATTTCCTTTGATGATTATTTTAGAAATGGGCAGAGTATTTAACATAGTCATAATAAACTCACTTCATGCAGCAGGAGATATTAAGTTTCCTATGTTTATGTCTATAATTTGTGTATATGCAGTAGCAGTTTTGTTTTCATATATATTTGGGATTTCATTAGGTTGGGGTCTTGCTGGAATATGGATTGCAAATGCTATGGACGAATGGATTAGAGGTATTGCAATGTACCTTAGATGGAAGAGTAGAAAATGGCAAAATAAAAGTTTTGTATAGTTATTGACAAGTTGATAAAAATAATATAAAATAAGTGCTAATAAAAAAAACCATAGAGAGAGATGGAGGGACAGGCCCTAAGAAATCTCAGCAACCTACAAAAGTGTGGTGCTAATGCCTGAGCGATGGAAGATAATTAGAATTAAAGGACTTCCTAAGCTATAAAGGCTTAGGATTTTTTTATAAGAAAGGGGAATTATGAAAATAGCAGATATTTACAAGAGTAAAAGTTTAACAACATCATTTGAGGTATTTCCACCTAATGATAAAGTTGGATTGGAACAGGTATATAATTGCCTAGATATATTATCCTTAGAAAAACCTGACTATATAAGTGTTACTTATGGAGCAGGAGGAAATACAAAGGGAAAAACAGTTGAAATAGCAGACAGAATTAAAAGACAAAATGGAGTTGAATCTCTTGCTCATTTAACTTGTATAGGAGCTAAAAAAGAAGAAATAGATAGAGTATTAGAAGATTTAGAAAAAAATAATATTGAAAATATTTTAGCTTTAAGAGGGGATTATCCTGTTGATAGAGAATTAGAAAAAGGAGACTTTAATTATGCAAGAGAGCTAATAGAATATATTCATAAAAGGAAAGGAGATAAATTTTCAATAGGAGCTGCATATTATGTTGAAGGACATAGAGAAACTAATGATATTTTAGATTTATTTTATTTAAAAGAAAAAGTTAATGCAGGAGTAGATTTTTTAATTTCACAAATATTTTTAGATAATGAGTTTTTTTATTCATTTAGAGATAAATTAGAAAAATTACAAATTAATATACCATTGGTTGCAGGAATTATGCCAGTAACAAATGCTAAACAAATAAAGAAAATTACTTCTTTATGTTCTTGTACTATACCTAAAAAGTTCTTAAAAATTTTAGAGAAGTATGAAGATAATCCTCCTGCACTAAAAGAGGCAGGGCTTGCTTATGCAATAGAACAAGTGGTGGATTTAGTTGCTTCTGATATCAATGGTATACATTTATACACAATGAATAAACCAGAAACTGCTAAGAAAATAATAGATGCAACAGGGATAATAAGAAAATAAAACAAATATAAAATAGCTTTAAATTAAGAAAATAGTTCATTACTGAGTAGATTTCTTAACGATAAAAAATTAAGAATTCGCTGCAAATTCGCTAAACTTGCTGACAAGTCAGCTTCAGACACAGCGAAATTTGCTCGGCTCATTCTATTTAATTTTTTATCTAAAATCTACATTCGTAATTCACTTATTTTCTTAATAATAAATTTGTTTTATTTTCTTAATAACAAATATGAGAATGAAGTGAAATAGAAATGAGGAAAATATGTTTGAGATTGAAAAAGAATTAAAAGAAAGAATATTAGTTTTAGATGGAGCAATGGGGACAGTTTTACAAAAATATGAATTGTCAGCAGAAGATTTTAATGGGGCAAAAGGTTGCTATGAAATATTAAACGAAACTAGACCTGATATAATTTTTGAGGTACATAAGAAATATATAGAAGCAGGAGCAGATATAATAGAAACTAACAGTTTTAACTGTAATTCAATATCTTTAAAAGATTATCATTTAGAAGATAAAGTTTATGATTTAGCAAAAAAATCAGCAGAGATTGCAAGAGATGCAGTTAAGGAAAGTGGAAAGAAGGTTTATATATTTGGTTCAGTAGGACCAACAAACAAGAGTTTATCTTTTCCAGTGGGAGATATACCTTTTAAAAGAGCAGTAAGTTTTGATGAAATGAAAGAAGTTATAAAAGTTCAAGTTGCAGGACTTATAGATGGTGGAGTAGATGGAATTTTACTGGAAACTATTTTTGATGGTTTAACAGCAAAGGCTGCACTTCTTGCAACAGAAGAAGTTTTTGAAGAAAAAAATATAAAACTCCCTATTTCAATTTCTGCTACTGTAAATAAACAAGGCAAATTATTGACAGGACAAAGTATGGAATCTTTAATAGTTGCTTTGGACAGAGATTCTGTAACTTCATTTGGATTTAACTGTTCATTTGGAGCTAAGGATTTAGTTCCACTTGTATTAAAAATAAAAGAATTGACAACAAAGTTTGTAACATTGCATGCCAATGCAGGATTACCTAATCAAAATGGAGATTATGTTGAAACTGCACAAAAGATGAAAAATGATTTACTACCCCTTATAGAAAATCAAGCTATAAATATCTTGGGGGGTTGTTGTGGGACAAGTTATGACCATATAAAAGCAATAGCAGAATTAGTTAAAGGGCAAAAACCAAGAGTTTTACCAGAAAAAAATCTATTAGAAACTTGTCTATCTGGAAATGAGATATATAATTTTAAAGATAAATTTACTTGTGTTGGAGAAAGAAACAATATATCTGGTTCAAAATTATTTAGAACTATGATAGAAGAACATAACTATTTAAAAGCATTAGATGTTGCAAGACAACAAATAGATGCGGGAGCAAAGGTTTTAGATATAAATGTTGATGATGCAATTTTGGATTCTGTTGAGGAGATGAAAAACTTTTTAAGAGTTTTACAAAATGATAGTTTTATTGCAAAAGTTCCTATTATGATAGATTCATCAGATTTTGCTGTTATTGAAGAAGGACTTAAAAATACTGCTGGTAAAGCAATAGTGAACTCTATCAGTTTAAAAGAAGGAGAAGAAAACTTTTTAAGAAAAGCTAAAATTACTAGAAAATATGGAGCTTCAATAATAGTAATGGCATTTGATGAAAATGGGCAAGGAGTCAGTGCAGAAAGAAAAATAGAAATATGCCAAAGAGCCTATAATCTGTTGAAAAGTATAGGAATTAAAAATTCTGATATAGTATTTGACCCAAATATTTTAAGTGTTGGAACAGGGCAAGAAGCTGATCGTTATCATGCAAGAGAATTTTTAAAAACTATTGACTATATACAT
NZ_CP077191.1_gap9	491026	495274	4248	GCTAAAGAAAAATTAAAAAATGTAAGTGAAGCTAAATTTGTTCATGGAAATTGGATGGAAAATTTTACAAAAGAAAAAGAGTTTGACTTGGTATTTGCCAGTATGACTCCAGCAATTACTACTATTGAACATATAAAAAGAATGTGTTTAATCTCAAAAAAATATTGTTTGATGGAAAGATTTGTATATGATAGAGACCCAATCAGAGAAGAAATAGAAGGAATGTTAGGAAGGAAACTTAATAAACTTCATTCAAACCAAAAAGAGTATACTTATGGAGTATGGAATATTGTTTGGAATTTGGGTTATTTTCCAGAAATTTATTATGATAAATATTTTTATGAAGCAGAAAAAACTATAACAGATTATATGGAACAAATTATATGCACAGATGAAGAAAAAAATAAAATAATAGAATTTTTAAAAGGAAAAGAAAAGAATGGAAAAATTATGTCAAAAGAATATTTTATAAAAGCAATTATTCTTTGGGATGTAAATATATTTTAAAACAAAGAAGAAAGAATATAAATTGTTATAAATTTAATTATTGATTTGTAATATGTATATTCTTTCTTTTTAATTTATAATAAAGCATCTGTACAATTTCTTTCACAAATTTATGAAATAAAAAAAAGCTAGTAAAATATATAAAAAAATTGTATTATTAATTAAATAAATATTTTTATTAATTATGTGTATATATTTTAATTTTTTTAAAATAAATTTCAAATTGTAAAATTTTAGAACACTTATATATTAAAAAGCTATTGGAGGGAAAAATGCTAAAAAAACAGCATTTTGAATTATTAAAACTTATTGAAAATGAAAAAAAACTATCTAAAATAGCAGAACTTTTAAATTTAACTGAGAGAAGTGTTCGTTACAAAATAGATGAAATTAATGAAGAAATAGGTTCAAAAAAAATTGAAATAAAAAAGAGAGAGTTTTTTTCTTCTTTAAATAAAGATGATATGGATAAACTTTTTGAAAATATTGAGAGTACAAATTATATTTATAACAAAAAGGAAAGAGAAGAACTTATAATACTTTATACTTTGATGAAAAAAGATAAATTTTTATTAAAGGAAGTAGCTGAAAAATTAGGTACAAGTAAATCTACTATAAGAAATGATTTAAAAAATTTAAAAAAAATATTATTAGAATATAATATAAAACTATTGCAAGATGATAAATTAAAATATTATTTTGCTTATTCAGAAGAAGATTATAGATATTTTATAGCAATCTATCTATATAAATATGTAAGTTTTGATAAGAAGTATGACAAAATCTTTTTTGATGACATAAGTTATTTTAGAAAAGTGATTTATAAAGAAATAAAAGAAGAATATATGTCAGAAATAGAGTCAGTTTCTAAAAGAATAAAAAAAGCTGAACTAAATTTTATGGATGAAACTTTAAGTATTTTAGTTATTTTAATGGTTGTTTCACATAAAAGACAGAGGAAAAATTACAACTTAAATATTGAAAATACTGAAATTTTAGAAAAAAGGCAGGAGTATTTACAACTGAAAAATTTTTTTCCAGATTTTACAAATATTAATTTATTATTTTTCACAGATTATTTATTTAGAATTAGCAGAGATGAAAAAGATGTTTTTGTGAAATTTAAAAATTGGTTAGATATTAGTATAACTATAATCAAAATAGTTAGAATATTTGAAATTGAGAGTAAAGTTGATTTGAAAAATATAGATGTATTTCTTGATAAAATATTTTATTATATAAAACCTTTGATTTTTAGAACTAAAAGAAAAATAAAATTGAAAAATTCAATATTAAAAGATGTGAAAGATTTGTACCCAACTATATTTAATTTTTTAAAAAAGAATTTTTATTATTTAGAAGAAGTTATTAATGAAAAAGTTTCAGATGAGGAAATAGCATATTTAGTGCCTTTTTTTCATAAGTCTTTACAAAATAACAACAAGATAAATAAGAAAGGAATACTTGTTACTACATATAAAGAAAATATAGCACTCTTTTTAAAAGAAGATATAGAAACAGAATTTTTGATAGATATAGATAAAATCTTGACTTTGAAGAGTTTTGAGCAAATAGAAAAAAATTTAGATGACTATGATTATATTTTAACAACTTTTTCTTTGGAAAATGATTTTGTGAAAGAAATTAAACATACTAAAATTATAGAGTTAAATCCTATTTTAACAGAAAAAGATATAAAAAAATTAGAAAATGCAGGACTTAAAAAAAATAAAAAAATAAAGATGACAGCTTTATTAAAAGTAATACTAGAAAATTCATCTGATGTAAATGTAAAAAAACTTATAAATAGCTTAGATGAAGCATTTTCAGAAAAAATATACAATGATATAGATAAAAATAAATTTTCATTAGGAAATTTTTTAAAACAGGAAAATGTTTTTAAAGTAAATTTAAGTTCATTTGAAGAAATTTTAGATAAGTTTTCAAATTTATCTTTCTTGCAAAAAAGTGATATTAATGATATTATAAATAGAGTAGCAAATAATAATTTTTACTCTTATTTGGGGTTTAAAATTGGAATAATTTTTCATAAATTAAATACAAAAAATAGTCAGGATAGTACACTAATTGCAATAAATGAAAGAGAAATAGACATAAATAGCAAAAAAATAAATACAATTATATTGATAAATTCAAATTGTGAAAAAAAATATAGAGGGATTATTTATAATTTTGTGAAATTATTTTTTCTAAATAATGAATTTAGTTTTAATAACAATAGATTGAGTATCTATGATTATTTGATAAGTAACATCTAAAATTAAAAAAGGGGGAAAGTTATGTGGACATCTAATACTATGACTTTTTGGGAAAGTATAGTAACTTTTATGATAGGCTTTTCAATAGTGTTTATTTGTTTAATTTCATTAGCACTGTTTATAATTATATCATCAAAAGTTATAAATCTTTTTGTTAAAGATGAAGTACCAGTACAAAAACCAGTTACAAATGCAGTAAGTACAGATGCAAGTGGTTCAACAGTGGTTACTTCAAAAATGGTTGCAGAAAAAGATAACCAAGAAGAAGTTGAAAGATTAGCAGTTATCATCTCAGCTATTAGTGAAGAAATGAGAGAACCTGTTGAAAGATTTACTATTGTTAGTATAACAGAAATTTAAAAATTAAAAAATTTGAGGAATGAGGAAAGGAGAAAAAATGAAATACGTAGTAACAGTAAATGGTAAAAAATTTGAGGTTGAAGTTGAAAAAGTTGGAGGAGCAGCAAAATCATTATCTCGTCAACCTGTTGAAAGAGCAGAAAGAAGAGAAGCAGTTAAAGCAGAACCAGTTGTAGAAACTAGGGTAGCTCCAACTCCTGTTGAAGCAGCTCCAACAGCAACTACTACTGGTGGAACTACAATAACAAGTCCAATGCCTGGAACAATTTTAGATGTTAAAGTAAATGTAGGAGATAAAGTAAAATTTGGACAAACTCTTGCAATACTAGAAGCAATGAAAATGGAAAATGATATTCCAGCAACAGCTGATGGTGAAGTTGCTGAAATAAAAGTTAAAAAAGGAGATGCAGTAGCAACTGACTCAGTTTTAATAGTGTTGAAATAAGGAGAGGATTTTAGATGAGTTTTTTTAGTGTATTAGCAGAACTATTAGAGGCGTCAGGTTTTGCAGCTCTTACTTGGCAGAATATTGCTATGATATTTGTATCATTCATTTTATTCTACCTAGCAATAGTTAAAAAATTTGAACCATTATTATTACTACCTATATCTTTTGGTATGTTCTTGGTAAATTTGCCATTGGCAGGATTGATGGATGAAGGTGGAGTTATAAACATAATGTCTTATGGAGTGAAAAGCAATCTATTCCCTTGTTTAGTATTTATGGGAGTTGGAGCAATGACAGACTTTTCTCCATTAATAGCTAATCCTATCAGTTTATTATTAGGAGCAGCAGCACAATTAGGTATATATGTAGCATTTATATTTGCAACTCAAATAGGCTTCACACCAGCTGAAGCAGCAGCAATTGGAATAATTGGAGGAGCTGATGGTCCTACATCTATATATATTGCAAATAATTTGGCACCACATTTATTGGCTCCGATAGCAGTTGCAGCTTATTCATATATGGCTTTGATACCTTTAATTCAACCACCTATTATGAGAGCTCTTACAACTCAAAAAGAAAGAGCAGTAAAAATGGGGCAATTAAGAAAAGTATCTAAAACAGAAAAAATAGTTTTCCCAATAGCAGTTGTAC
NZ_CP077191.1_gap10	515802	518497	2695	TCTACCAATAATTTTAGTTATGGGTAATGGTGTTAGTATAATATCAGCAATAACAAGTGGAGCTAGTAAGGTTGAAAAAAATGGAATTTATTTAGCTTCATTAAGTTCAGTATTCTTTTTTATAATTTCATTTATTTTTTATTATAAATATTCAGAAAATAAGAAAGTTGACATAAAGAAATAACTTATTCCTAGCTAAATTAGTAGTTTTTCTTAAAATAAATATAAAAAACCCTATCCTTATATACAATAACTGCTTGATAGCCATTAGTGTTTCGTGAGCTCCACAAAGGCTCCCTCAACAATAATGGACATCGCAGCAGTTTTGTTTAAAATAAATTAAAATTTGATTTAAGAAAAACTTATTTAAAAAATAAAATATAAGTTATTTCTATATAAGATAGATTATATAGGTGAGTTTTTATGAAAAAGTTATTCTTATTAATGATTTTATTAATTATATTAATGCTTAGATTTTCATTATCAGTTAGAGTAACAGAAATTTTTCAAAAAGAAATATACAGAATGAATTTAAGTCTTGAAGATGGAAGAATTAAGGTTTTAAAAATTAATAACAAATATCCTTTAAAAAATATTTATGGAAAATTAGGATATAAGGAAAATGGTAAATATGAAGGATATTTTTTAGTGAAATCTATTAAAGAATATGAAAATATTTATTTTGTTGAACTTGAAGATATTAAATCTACAAAAATAGAAGATAATTTTTTAGAAAAGTATCTTCAAACTATTTTTAATAGAGCAGAAGAAGATTATTCTTATGGAATTAAAAATATAAATAGAGCAATACTATTAGGGGATAATACCAGAATAAAAAAAGATTTAAAGGATAAAATTAGATATATAGGATTATCCCATATTTTTGCTATGTCAGGATTACACATAGGTTTGGTCATTGCTATTTTTTATTTTATTTTTAAGAAAACTATAAAAAATAAAAGACTAATTGAAATTTTACTTTTAGTTTCAATTACTTTATATTACCTTTCAGTTAAAGAAAGTCCTTCATTTATAAGGGCATATATAATGGCAGTAGTTTATTTACTAGGAAAATTATTTTATGAAAAAGTTGATTTAGGAAAGACTTTATTTATCAGTGCAGTAGTGTCAATTTTCATTAATCCAACAGTTATTTTTTCTATATCTTTTCAACTTTCTTATGGAGCTATGATAGCAATAGCATATATTTTTCCTTATGTAAGAAAAATAAATTACAAGAAATTTAAAATTTTAGATTATATTTTATTTACAACAACTATTCAAATATTCTTAATACCTATAACAGCTTATTACTTTAATAGTGTACAATTTTTATCTGTGATATCAAATTTAATACTTCTACCATTGGCAAGTTTTTATATTACAGTAAACTATATAGCATTATTTTTAGAAAATTTTTATCTATCATTTTTATTAAAACCAATTGTAGAAATTTTATATAAGATTTTAATTTATCTTATAGATTTCTTTTCAGAATTACCTTATTTATCAGTGGAATATATAAATAAAAATTTGATATATATTTATGTAGTTGTATTTGTTATAATTGTAATATATAAAAATATGAAAAAATCTCCGCTCTTAGTGGATTAGTTGAAAAGAGGAAAGATTATGGAAAATAATTTATTTAAAATACATTCAGAATATAGACCAACTGGGGACCAACCTACTGCAATAAACAGTATAGTAAAAAATATAGAAAATGGGGTTAAAGACCAAGTTCTATTGGGAGTAACAGGCTCTGGAAAAACATTTACAATAGCCAATGTTATTGAAAGAGTGCAAAGACCTTCTTTAATAATTGCACCAAATAAGACTTTGGCAGCACAACTTTATTCAGAGTATAAAAAGTTCTTCCCAGAAAATGCAGTGGAATATTTTGTTTCATATTATGATTATTATCAACCAGAAGCCTATATAAAAACAACTGACACTTATATAGAAAAAGATTCATCAGTAAATGATGAAATTGATAAACTTCGTAATGCAGCAACAGCAGCTTTGATACACAGGAGAGATGTTATTATTGTTGCCTCTGTATCATCTATTTATGGATTAGGATCTCCTGATACATATAGAAGAATGACTATTCCAATAGATAAGCAGACTGGGATTTCAAGAAAAGAATTGATAAAAAGATTAGTTGATTTAAGATACAATAGAAATGATGTAGCTTTTGAAAGAGGGCAATTCAGAATAAAGGGAGATGTAATAGATATCTATCCATCATATATGAGTAATGGATATAGGTTAGAATATTGGGGAGATGATTTAGAAGAAATTTCTGAAATAAATACTTTGACAGGGCAAAAAGTTAAAAAGAATTTAGAAAGAATAGTTATTTATCCTGCAACTCAATATTTAACAGCAGATGATGATAAGGATAGAATTATAAAAGAAATAAAAGATGATTTAAAAGTTGAAGTGAAAAAGTTTGAAGATGAAAAAAAATTATTGGAAGCACAAAGATTGAAGCAAAGAACAGAATATGATTTAGAAATGATAACTGAAATTGGTTATTGTAAGGGAATAGAAAACTATTCAAGATACTTAGCTGGAAAAAATCCAGGAGAAACACCAGATACTTTATTTGAATATTTTCCAAAAGATTTTTTATTGTTCATAGATGAATCTCATATTACTGTGCCACAAATAAGAGGAATGTACAATGGAG
NZ_CP077191.1_gap11	519511	522771	3260	TATATCATCATAGTTACCAGTTTCAAATTTTTTTACAACATAAGAACATACAGCATGTACTTTAAAATTATTTTTTCTAGCATATTCAACCGCTTCATCTAAAAGTTTTTGAGCAATTCCTTGTCCTTTTAATTTATCTGATACAATAGTATGTTCAAAGTCTAAAATATTACCATTTCTTCTGTATTCAAGCCTAGCTAAAATCTCTTTATTTTCATCATAAATATAAAATCCCTTTCCTTCATTGTGAACTATATTCATAAATTTACCTCCTTCAAATTTTATTAAAAATATTGTAACAAATCAATTATATCAAATAACATAAAAATAGAAAAGTAAATTGTTTTAGTCTTATTGTAAATTAGTAAATTAAATAAAAATATTTAATAGTCTCTTACTTCTAGAAGTAGTTCATTTTTAATATTGAAAAATAAAGTTAAAAGTAAATATATGGAAAAATTTAAAAATATTTTAAAATTTTCTGTTGACAAAATATGTAAAAGATGTTAATATAATCCTTGCCGATAAGGAAAGGACATTAGCAACAGAATAGAGAAAAGACAAAAAGCAACCATAAAATTGGTGTTAAATTAAAATAGCAAGAATGAGCTATAAGAAAAGATTGAACGAAGAGTTTGATCCTGGCTCAGGATGAACGCTGACAGAATGCTTAACACATGCAAGTCAACTTGAATTTGGGTTTTTAACTTAGATTTGGGTGGCGGACGGGTGAGTAACGCGTAAAGAACTTGCCTCACAGCTAGGGACAACATTTAGAAATGAATGCTAATACCTGATATTATGATTTTAAGGCATCTTAGAATTATGAAAGCTATAAGCACTGTGAGAGAGCTTTGCGTCCCATTAGCTAGTTGGAGAGGTAACAGCTCACCAAGGCGATGATGGGTAGCCGGCCTGAGAGGGTGAACGGCCACAAGGGGACTGAGACACGGCCCTTACTCCTACGGGAGGCAGCAGTGGGGAATATTGGACAATGGACCGAGAGTCTGATCCAGCAATTCTGTGTGCACGATGAAGTTTTTCGGAATGTAAAGTGCTTTCAGTTGGGAAGAAAGAAATGACGGTACCAACAGAAGAAGTGACGGCTAAATACGTGCCAGCAGCCGCGGTAATACGTATGTCACGAGCGTTATCCGGATTTATTGGGCGTAAAGCGCGTCTAGGTGGTTATGTAAGTCTGATGTGAAAATGCAGGGCTCAACTCTGTATTGCGTTGGAAACTGTATAACTAGAGTACTGGAGAGGTAAGCGGAACTACAAGTGTAGAGGTGAAATTCGTAGATATTTGTAGGAATGCCGATGGGGAAGCCAGCTTACTGGACAGATACTGACGCTAAAGCGCGAAAGCGTGGGTAGCAAACAGGATTAGATACCCTGGTAGTCCACGCTGTAAACGATGATTACTAGGTGTTGGGGGTCGAACCTCAGCGCCCAAGCAAACGCGATAAGTAATCCGCCTGGGGAGTACGTACGCAAGTATGAAACTCAAAGGAATTGACGGGGACCCGCACAAGCGGTGGAGCATGTGGTTTAATTCGACGCAACGCGAGGAACCTTACCAGCGTTTGACATCTTAGGAATGAGATAGAGATATTTCAGTGTCCCTTCGGGGAAACCTAAAGACAGGTGGTGCATGGCTGTCGTCAGCTCGTGTCGTGAGATGTTGGGTTAAGTCCCGCAACGAGCGCAACCCCTTTCGTATGTTACCATCATTAAGTTGGGGACTCATGCGATACTGCCTACGATGAGTAGGAGGAAGGTGGGGATGACGTCAAGTCATCATGCCCCTTATACGCTGGGCTACACACGTGCTACAATGGGTAGAACAGAGAGTTGCAAAGCCGTGAGGTGAAGCTAATCTCAGAAAACTATTCTTAGTTCGGATTGTACTCTGCAACTCGAGTACATGAAGTTGGAATCGCTAGTAATCGCGAATCAGCAATGTCGCGGTGAATACGTTCTCGGGTCTTGTACACACCGCCCGTCACACCACGAGAGTTGGTTGCACCTGAAGTAGCAGGCCTAACCGTAAGGAGGGATGCTCCGAGGGTGTGATTAGCGATTGGGGTGAAGTCGTAACAAGGTATCCGTACGGGAACGTGCGGATGGATCACCTCCTTTCTAAGGAGAAGAAGTCTTTCTCTATTCTATTGGTAATGTTCTTTACATTACTTCTGAACATTGGAAACTATATAGTAGAACAAACAAGAAAAAAATTAACTCTAACAATTTCTTAGAGTTAGCTGTCAAAAAATAGATTAAAATAATTAAGGGCACACAAAGGATGCCTAGGTAGTAAGAGCCGATGAAGGACGTGGTAAGCTGCGATAAGCCTAGATAAGTTGCAATCGAACGTAAGAGTCTAGGATTTCCGAATGGAGCAATCTATTAAGATGGAGTCTTAATACGAAAGAGGGAACCACGTGAACTGAAACATCTAAGTAACGTGAGGAAAAGAAAGTAAAAACGATACCCAAAGTAGCGGCGAGCGAACTGGGTCAAGCCTAAACCTTAAATATGTCAAGGATACAGCCGTTGTATTTAAGGGGTTGAGGGACAAAGTAGTGAAGAACTGTAAGATATTCAATATAGTGTATTGATGAATTAGAATTGTATGGAAAGATAAACCGCAGAAGGTGAGAGTCCTGTATAAGTAAATCTTTACACATATAACTTTGCTCCCAAGTAACATGGAACACGAGGAATTCTGTGTGAATCAGTGAGGACCATATCTCATAAGGCTAAATACTCTTATTAACCGATAGCGCATAGTACCGTGAGGGAAAGGTGAAAAGAACCCCTGGAGGGGAGTGAAATAGAACCTGAAATTGTGTGCTTACAAGCGGTCAGAGCCAGTAATGGTGATGGCGTGCCTTTTGGAGAATGATCCTGCGAGTTACGTTAAACGGCGAGGTTAAGTATAACGGAGCCGAAGGGAAACCAAGTCTTAATAGGGCGATATAGTCGTTTGGCGTAGACGCGAAACCTGGTGATCTAAACCTGTCCAGGATGAAGCTGTGGTAAGACACAGTGGAGGTCCTAACCCACCGCCGTTGAAAAGTTGGGGGATGAGGTAGGTTTAGGGGTGAAAAGCCAATCGAACCAGGAGATAGCTCGTTCTCTCCGAAATGCATCTAGGTGCAGCCTTGAGTGTTCAATTATGGGGGTAGAGCACTGAATGATCTAGGGGGCATATTGCTTACTGAAATCAATCAAACTCCAAATACCATAATTTATAG
NZ_CP077191.1_gap12	534276	534828	552	GTTAGATGAAATCTTACAAGGTAGTCTATAAAAAAGAAGCAATAAAATTTATCAAAATACATAAATTAGAAGGAACTAAATTTTTTAGAGCCTTTGAAGAGATTTCAAAAGATATAATAAAAATAAATCTATATGATATTAAGGATTACCATACTTCTGAAATTGGAGATTTTTTTAGACTTAGAATTGGTAAATATAGAGCAATTTTTAAAATAGATAAAAATATTATAATTATATTAGTTTTAGATATTGGAAGCTGAGGAGACATATATAAAAAGTAGAAACTGTTACAGTAATGTAGCAGTTTTTTATTGCTATTATTTTAGTATTATAGTATAATAATTCTAATCAAAAATTGAGGAGGTTCTATTTTGAAATTAGATAAAGAAAAAATTCTTGCAATGTCTCCAAATACATCAGCAGTAGCAAATGCAAAAAAGATTTGTAGTAGTGGAGCTTTTGTGAAATTAGCACACTCATCTGATGATACTTTTTATATGGGTGAATGTAAGGGAAGTGGGAAATCAAATTACATAGTTTCAGCAGACTTTA
NZ_CP077191.1_gap13	538790	542719	3929	AGAAAAAGTATGTACAGTGTTTAGAGAATTAAGACAAGGCGTAACATTAGATGGAAAACAAAAAATAAAACCTACTGCAAATGTATTATCAACAGCAGAAGCCATTTCACTTCTAGCAAATAGTATGGCATTGGCAGGTAGTTTTGGAGATGGAGAAATATCAGACTATGATTTAGCAGCAGGTTTACAAGGAGCTATTGTTAAAGAAGATAGTAAAGACGGACAAATATGGGAAGAATATTTAGAAAATATTATGAAAAAAAGAGGTTCTGAATGGTTGGGACTATATAAAGAATGTAAGTCACTTAATAAAGCTACTAAATAGAGGTGGTGAAAAATATGAAAAAACAAAGTGAGGCTAAACCTCATATATTTGGAGTTAGACACTTTTCACCAGCTGGAGCATATTATGTGAGAGAATATTTGGATAAGCTAAAACCAAAAATTGTTTTAATTGAAGGTCCATCAGATTTTAATGATTTGATGAGTGAAATTGTAGGAAAAAATGTAAGTCCTCCTATTGCAATAATGGCTTATACTTTGGAAGCACCAATACAAACAATAGTATACCCATTTGCAGAATTTTCACCAGAATATCAAGCTATTCTATGGACAAAAGAAAATAAAGTTGAATGTAGATTTTGTGATTTATCATCATCTATATTTTTAGGTATAGAAAATGCAAAAGAAAAAAATGAAGAAACAAGTGAAAGTTTAAATAGTTTTATCCATAGAAAGATAGATGAATATTCAGAAGATAGTGATAGTGAAGTATTTTGGGAAAGAGTTATGGAACAAGCCTCTGATTATAATGCTTATTACAGTGGTGCTAGGGACTATGGAAAAAATTTAAGAGAACTAACTCTATCAAATACATTGTCAGATGCAAAAAATATAATAAGAGAAGCCTATATGTCTAAGGTAGTTTCTGATGTGTGCAATGAAGGTTATACGATAGATGAAATAGCTATGGTAGTCGGAGCATTTCATGTTGAAGGTATAGAAAGTGGAAATTTTATTTTAACTGAAAAAGAAGTTAAACAATTACCAAAAATGGAAACTAAAAAAACATTGATGCCATATTCTTACTATAAATTATCAACTTATTCTAACTATGGAGCAGGAAATAAAGCACCAGCTTATTATGAATTTTTATGGAAAGGTTTTAATAAAGGAGATATATTTTATCCAACTTTTATATATCTTAGTAAGATAGCAGAATATCAAAGAAAAATTGGAAATATGGTTTCGTCTGCACAGATTATAGAAGCAGTACAGTTAGCAATTTCTTTGGCAAATATCCACGATAGCAAAATACCTACCCTTAAAGATATACAAGATGCAGCTATCACTTGTATGGCACATGGTAGTTATGCAGAGTTAGTTATGGCTATGGCTAATGTAGAAGTTGGAAAAAAGATAGGTAAAATTCCACAGGAAGCTATACAAACTTCTATACAATCTGATTTCTATAATCTATTAAAAGAATTGAAACTTGAAAAATATCAATCTTTAAGTGCAACAGAATTGAGATTAGATTTAAGAGAAAAATTAAGAGTACAATCTGAAAAAGCAGCCTTAATGGATTTGAATAGGTCATACTTTTTTCATAAATTAAGAGTTTTAAAAATTTCTTTTGCAAAGCTGATTGAAAAAAATCAAGAGAATACAACTTGGGCTGAGGATTGGGTTTTACAATGGAGTCCTGAAACAGAAATAGAAATTGTAGAAACTATTTTAAAAGGAGATACAATAGAATTTGCAACTGCTTTTGAATTGATGCAAAGGATAAATAATTCAACTACTTTATCTCAAATGGCAGAAGTAGTAAAAGATGCTTTTTATTGTGGTATGCCTAAGGCACTTGAAAAAGCATTTCAAGCTCTACAAAATTGTATAAGTGGTGATATACCTGTTGATGAAATTGCTAGAACTATGTCTACTCTTTCTTTAATGCTTCGTTATGGAGATATTAGAAAATTAAATATGGAAGTTCTTATTCCTATACTTGAACAACTATTTTTAAGAGTATGTTTGATGTTACCTAGTGAATCAACTTGTGATAATGAAGCTGCAACAAAACTTTCTGAAAGTATAATAATACTCCATAATGTAGTTGAAAATCACGATTTTTTAGATAGAGAAAGATGGTATAACATTCTTTTAGAGCTTGCTACAAGAGATGACTTAAATACAAAAATTTCAGGGCTTGCTATGGCAATATTATTGGAAGCAGGAAAAGTGGATAATGATACACTTGGGCAAGAAGTGGAGAGAAGATTGTCAAAAGGTATACCAGCAGAGCTTGGTGCGACTTGGTTTGAAGGTTTATCTATGAAAAATCATTATACTTTAATTGCAAGGCTAGGGCTTTGGGAAAAGTTGCAAAATTATATTTCTGATTTAGATGAAGAAGAATTTAAAAGAGCTCTATTATTTTTAAGAAGAGCTTTTGCAGATTTTACATCTAATGAAAAGCATGATATAGCAGAAAATATTGCAGAAATATGGGGTTTGAATAAATACGAAGTGAGTGCTGTTGTAAATAAAGATTTAGAAAAAGATGAAAAAGAAATAGTTGCAAAACTTGAAGAATTTGATTTTGATGATATTTAAGGAGAATTATGAATATTAAAGAAGATATAAAGCGTTGGAGATTAATTCTTGGAAAAGATACAGAAGAAGATTTTTGTTCTATGGATTCAGAAGCAATTTCAAGTTTTAGTGAAGAAGATTGGTTAATGGACAGAGCCTTAGATGCAATCTATAACCCGACAGGAAAATTTATGGGTGGAGAAGCTGGAGCAGGTGCAGGAAAAGGACCATCTAATCCACAAATTAGTAAATGGCTTGGAGATGTTAGAAATCTATTTGATAAAGAATTAGTAAAAATTATTCAAACAGATGCTATGGATAGATGTGGTTTAAAGCAATTAATATTTGAGCCTGAAATATTAGAACAAGTTGAACCTGATATAAATTTAGCTTCTACAATTATGCTATTGAAAGAGCAAATTCCACAAAAAAGTAAGGAAAGTGTTAGAGCATTTATTAAAAAAATTGTGGAAGAAATTAATAAATTATTAGAAAGTGATATAAAAAGAGCAGTAAGGGCAGCACTGAATAAGAGACAACATTCTCCTATTCCTTCTGCTTCATCACTGGACTTTAAAACAACTATACAAAGGGGAATTAAAAATTATAATAAGGAGTTAAAGAAAATTATCCCTGAACATTACTATTTTTTTGAAAGAGCTAGTACTAACCCCACAAGTAAATTCACAATTATTTTAGATATAGATCAAAGTGGTTCTATGGGAGAATCAGTTATCTATTCTTCTGTAATGGCTTGTATATTAGCAGGTATGGCTTCTTTAAAAACTCGTATTGTTGCTTTTGATACAGAGATTATAGATTTAACAGAAAAATCAGATGATCCTGTTGATTTATTATATGGTTTTCAACTAGGTGGAGGAACTGATATTAATAAATCTATAAAATATTGTATGAAATATATTGAAAATCCTAAAAAGACAATATTTTTCTTAATATCAGACCTTATGGAAGGTGGAAATCGTGGTGGAATGTTAAGAAATTTGGAGGATATGAAAGAAGCAGGAGTAACTGTTGTTTGTCTTTTAGCAATTTCAGGAGATGGACAACCTTATTATGATACACAGATGGCAGGAAAAATTGCTGCTATGGGTATACCTTGTTTTGCTTGTAATCCAGAAAAATTACCCCTTTTACTTGAAAGAGTTTTGAAAAATTTAGATTTAAGTTCTTTCCAAGAAGAATTTAAGAAGAAATAAATTTATAAAAAAGCTAATTGCATAAATAAAATGTTAATTAGCTTTTTATATTATAAAAGATATTTAATTAATTTTTAACAGATTAGTATAAGTTAAGAAAAGGTTGAGTATCTTTTA
NZ_CP077191.1_gap14	544859	545836	977	TTAGAGAAACTTCCTTTAAAGATTCCTGATGTATCATTCGGTAAACTTGTTTTTACTACAAAAGTACAAAAACTTAATGGTAAATATGTAGTTTCTTTAGTTTTTAAAGGAATAGAAGCTGAAAATTTCTTATTAGCAAAAGGTAAAACAAAAACTTTAAATAAAAAAGAAGAAAGTTCATTAGAAGATGCTATTTTAAGTGCTAAAGAAGTTACAATTGAAGAAAAATCTACTTTAAATATTAAAGGTGGCACTAATGGGCTATTTGCTAAAAATAAAGTAACAGTAGAAGAAAAAGCAAATCTAAATATTGAGACTGAAAATAGAATAGCTCTTAAATTGGGAGAAAATTTAGAAACATTTGGTAATATAAATATAAAAAATGCTGGAACTGGAATATTAGCAGATAATACAGCATCAGTTTTACAATTTGAAAATGGCTCTAAAACTATTGTAAACGCTAAAGATGTTGCAATAAATGCACAAAAAGGAACTAGCGAATTTAAAGGTGGAAGTAATGTAGAACTAACATCTAATAAATATGCCTTAGTTGCTAAAAAAGCAGTTTTTGAAAAAGGTTCAACTGTAAAATTAAATGGAGAATATGGAATAGGAACATTATCAGAAACAGATAGCAGTGATATTACTTTTAAACCACAATCAGAAGTAAATATTAATTCTAGTAATTCAGGGATATATAATGTAAATGTTGGAGGAAGTGGAAAAATATCTATAAAAGCTCCTAATGTATTGAAACAAGTTAGAACAGTAAATCAATCTTTAAAGTTTGAAGATGGAAGTGTATTAGAAGGAAATATAGAAAAATCTTGGAATGCAAATTTAATCTTAGATAAAGGTTCAAAGATTTTTGTAAATAATAAAATAGAAGCAAATATGGATATTAAAGGAGATTTATTTGTAGGTACAAGTAAATTTTATGAAAAAAGAGATTCTTTTGATAATTACAATACTATTTA
NZ_CP077191.1_gap15	547765	549471	1706	GAAAAAGGATTTAGAGCCATTTTATCTAGGAACTGTATATAAACATACAAAGAGTAAAGATAAAAACAATGATAAAAAACTTCATTCAAATGATTTTTCATTTGTAGTTGGATATAATAAAGATATTAGTGAAAAAATATTCTTAGACAGTAATATTAAATTAACTAGGGGTTATATTTCAGATTATAAATATACTGCTGAAAATGATTTAAGTACTAAAAATGAAAAAACTGATTATTGGAATGGAGAAATAGATGCAAAATTAGGATATAAATTTAAGTATGGAAATGCTTTCTTAAAGGCAGGATTAGATAAAGATTTAAAGGGAAATCAAAAAGTAATATGGAATGAAAATATTGATGAAGAAATAAAATATGATGATTTGAGTAAAAATATAGGTATAGGAATGGAATATAAGATAAAACAACATAGTTTTAATATAAAACTTTCAAGAAAATATTCTAAACATTATAGAGCAAATACAAAAATATCAATTGGATATTCTTATAAATTTTAAAATTTAATCTGTAAAAAGAGCTACTCCATTTTAATGTTGTGAACTGCACCTCCAATCTTGTGTCCAAGATTATGGGTGCAATTCAAAATGAAGTAGCTCTTTTAGATTTTTAGTCTTTTACTTTTTTAATAACATCTATGATAGAACCATCTCTATATTCAACAACACCGACAATTTCATCAGTGAATTCAACAGGATCAGGTTTACCAGTTAATTGTTCTGCCATTTCTTTCATTTCTTCAATAGTTTTTAATTCAACACCAGCTTTTGTTAAATTTTCTATTAAATCTTTTCTTCTAGGGTTTACAACTATTCCATAGTCAGTGCAGATAACATCCACTGCTTCTCCTGGAGTACATACAGTTGTAACCTTATCAACTATTATAGGGATTCTTGCTCTCATAAGAGGTGCAAGTATTACACTAATTTTTGCACCAGCAGCTGTATCTTGGTGTCCTCCAACTGCTTGGTTTATAGTACCATCAGATTTAGTCATAACATTTACATTAAAATCTTTATCTATTTCTAACGCACCTAACATTACAAAAGTTAAGTTATTTACAGCAGGTCCTGCTGTATTAGGATTTGCATAGAATGAAGCAGAGATTTCATAATGTCTTTCATTTTCTTTTATAGATCTTACTGCATCTAAGTCAAAACATTGAGTATCATATAAAGCACTCATAAGTCCTTCTTCAAGAAGTCCAACTAATTGAGAAGTGATTCCTCCAAGTCCTAATGAGGCTTTTATATTTTGTTTTGTCATTTCTTCTCTTAAAAGGCTTGTAACTGCTAAACTTGCACCAGCAGCTCCTGTTTGATAAACAAAACCATCTTTAAAATATCCAGAATTAACTATTACTTTAACTGCATTTTGAGCAATCAATAAATCTCTTGGGTTATCAGAAAATCTTATAGCACCTGAAACTATTTTCTTAGGATCTCCTATTTCATCAACAACCACAACAGAGTCAACTAATGTTTGATCTATACTTGCAGGTAAATTTGGGAAAGGAACTAAGTTATCTGTGATTGCTATAACGTAGTCAGCATATTGTGCATCAACTATTGCATATCCCATAGAACCACAAGCACTCTTACCAGTTCTTCCATTCATATTTCCCATTTCATCACAGCTAGGAGCAGCAATGAAAGCAACATCTATATGTAACTCTCCATCTTCAATAGC
NZ_CP077191.1_gap16	610464	615142	4678	ATAGACAATAAACCTAATAATAAGATTAAAACAATTTTAGGAAGTGTTGGTTGGGACTATACTTATGTAGAAAATGGACAAAATAAAAATAGAGTAGCCGCAATTCTTCCAACACAGGAGGTTTATGAAGCAGCAATGGCTAAGTTTGGAAATCAAAGTGTAAAAATCTTTAATCAATCTTTTGGTAGTGATAAAAAAAGTTATGATGATTCAGAATATAAACCTTATAAAGGAGAAGGAAATTTACCATTGCCTTTTGCAAAAGTACATTCAGGAGATTCAGAAAAGCTAATGATTCCATATTTTAGAGATGCAGTAGAAAATAAAGGTGGGTTATTTATATGGTCAGCAGGAAATAAAGGTGATAAAAATGCCTCAGTAGAAGCAGGATTACCATATTTTGATAACAAATTAGAAAAAGGTTGGATTTCTGTTATTGGTGCACAAGAAGAAGGACTTAGAATAAGAAGTGGACAATATGAAAAAACAGGTAAATATAATGTAATGGCAGATGGAACAGAAGGGGTGGATAAATTATCTTCAGCAGGTTTTGAGGCGAGATACTGGTCTATTGCAGCTGATGCTTATGGTGTTGACAGAATTACCAATATTACTAGAGACCCAGATGGAACAATAAGAAGCATTAGTTCTAAAACAGGATATGGTTCATCTTATGCAGCACCTAAAGTTACAAGAGCAGCAGCTTTAGTGTATGACAAATTTAGTTGGATGACAGCTGATCAGATTCGTCAAACTTTATTTACTACAACAGATAAGACTGATTTAAGTCAAAATCCAGAAAATATGTCAGAAGTAGATTTAAGAAATGTTACTAGAAGTCCAGATCTTACATATGGATGGGGAATGTTAAATCAAGAAAGAGCTTTAAAAGGACCTGGAGCTTTTATGAACATTTCTTATTATGGTGATACAACAATATTTAAAGCAACCCTGCCAGCAGGAAAAACTTCATATTTTGATAATGACATATATGGAGATGGAGGCTTAGAAAAATTAGGATTAGGTACACTTCATCTAACTGGAAATAACTCATTTAGTGGAGGAAGTAAAGTAATAGGTGGAACACTTGAAATTCATCAAGTTCATGCAAGTCCAATAACTGTGGGAACAAGTGGAACTTTGGTTCTTAACCCAAAAGCAATAGTTGGTTATGATGTTGATAATTTTGACCTTATTAATAATGTAGATGCTCAAAAAATAACTTCAAGTGGAATAAAAGTAAAAAATTATGGAACTGTAAAGTTTAAAGGAACAACAGCAATAATAGGTGGAGATTATGTTGCTTATACTGGTTCAAATACACAAGTAGGTTTTAAAAATTCAGTTAAAGTTTTAGGAAAAATTAGAATTGAAAATGGAAATATAAGTGTGTTATCAAATGATTATGTTACTAAAAATGAAAAATCTACCATAATGGAAGGAAAATCATTTGAAGGAAACATTGCTAATGTTGAAACAAATGGAATGAGAACAGCAAATGTAGAAGTAAAAGATGGAAAAGTGGTTGCAACATTGTCAAGACAAAATCCAAGTGAATACTTAGGGGAAAATGCAGAAGCCTCATCTAAAAATGTAGCAGAAAATGTAGAAAAAGTATTTGAAGATTTAGATCAAAAAGTGATGTCTGGTACAGCAACAAAAGAAGAAGTGTTAATGGGAGCGACCGTACAAAGTATGTCAACAATGGGCTTTACATCAGCAACTGAAATGATGTCAGGAGAAATATATGCCTCAGCACAAGCATTAACTTTCTCACAAGCACAAAATGTAAATAGAGATTTATCTAATAGATTATCTGGACTTGATAATTTCAAAAATTCTAATAAAGATTCAGAAGTATGGTTCTCAGTATTAGGCAGTGCAGGAAAATTAAGAAGAGATGGATATGCCTCAGCAGATACAAGAGTAACAGGAGGACAATTTGGAGCAGATACTAAATTTAGTCCAACAACAACTCTTGGGGTAGCATTAAATTACTCTTATGCAAAAGCAGATTTTAATAGATATGCAGGAGAATCAAAGAGTGATATGGTAGGAGTTTCATTATATGGAAAACAAGATTTACCATATGGTTTCTACACAACAGGTAGATTAGGATTATCTCATATTTCATCAAAAGTTGAAAGAGAATTATTGACATCAACAGGAGATACAGTAACAGGAAAGATAAATCACCATGATAAAATGTTATCAGCTTATGTAGAATTAGGAAAGAAATTTGGTTGGTTTACACCATTTATAGGTTACTCACAAGATTATTTAAGAAGAGGAAGTTTTGATGAATCAGAAGCATCTTGGGGAATAAAAGCAGATAAGAAGAATTATAGGACAAGTAATTTCTTAGTAGGAGCAAGAGCAGAATATGTAGGTAATAAATATAAATTACAAGCCTATGTAACACAAGCAATAAATACAGATAAGAGAGATTTATCATATGAAGGAAGATTTACAGGAAGTAGTGTAAAACAAAAATTCTATGGAGTAAAACAAGCAAAGAATACAACATGGATAGGATTTGGAGCATTTAGAGAAATAACACCAGTATTTGGAGTATATGGAAATGTAGATTTCAGAGTAGAAGATAAGAAATGGGCAGATTCAGTATTTTCAGCTGGACTACAATATAGATTCTAAATGTGAAATAAAAATATTAAAATTAGAGGAGATTTTTTTCTCCTCTTTTTTGTTAAATTCATTAATAATATTAAGTTATTGTGATTTTTTATAAAACAATGAATAAATTTTATTGACAAAATACTAAAATATGGTTTATAATATAAAAGTTGAGTTAATTATTGAACATATTTTTATAAATTTTATCACTAACCCTAGTGTATATAGATTATTATTTCCCAGAAAGAAGGTAGAAACGACCTTCTTTCTGCATTTTATAAAGAAATTTTTCTGAACTTCTAACAAGTGAAACTATTTAAAAATCTTGATAAATATATGTGGTGAGAATTTACCCTTGTTTATAAAGAAAAATATATATATATTTTCCAAGATACTTTAACTTTTCAACAATAATTTGTATATAATTAAATTGAAGTAATTTACTAAACTGAATATATAATATATATTTAACTATATAAATATTATATACTAAATACAAAAAATACTCTAAAAAACACCATCTATACTATTATTTTTCTAATATTTCTATTTATAAATTAATATATAAAATACTAAATTAATTAAGTTGACTTTTAAAATTAAAAGTGATATTATACCTTATCGGTAAATTTTAAATGCAGTTTTATTTTTATAAAATTTTTCAAAAGTAATACACTATGTATATTTTTATAAATAAACTTAATTAAGGAGGAATTTGTATGCTTTTTAAAACTACTGAAGAACATGAAGCTCTTCGTATGCAAGTGAGAGAATTTGTTGAGACTGAGGTTAAACCAATAGCAGCTATATTAGATAAAGAAAATAAATTCCCACATGAAGCAATTAAAAAATTTGGGCAAATGGGATTTATGGGTCTACCTTATCCAAAAGAATATGGTGGGGCTGGAAAAGATATTTTAAGCTATGCAATAGCTGTTGAAGAATTATCAAGAGTTGATGGGGGAACTGGGGTTATTCTATCTGCACATGTTTCGTTGGGGTCATATCCTATCTATGCTTTTGGTACAGAAGAACAAAAGAAAAAATATCTTATACCTTTGGCTAAGGGAGAAAAATTAGGGGCATTTGGATTGACAGAACCTAATGCTGGTTCAGATGCAGGAGGAACAGAAACAACTGCTGTTAAAGAAGGAGATTATTACATATTAAATGGTGAAAAAATCTTTATAACAAATGCAGATGTTGCTGAAACTTATGTAGTATTTGCTGTAACTACTCCTGATATAGGAACAAAAGGTATAAGTGCTTTTATAGTTGAAAAAGGTTGGGAAGGATTTACATTTGGAGATCATTATGATAAATTAGGTATTCGTTCATCTTCAACTTGTCAACTATTATTCAATAATGTAAAAGTTCCTAAGGAAAATCTTTTAGGAAAAGAAGGGGATGGGTTCAAAATAGCTATGTCTACTCTTGATGGAGGTCGTATAGGTATAGCTGCTCAAGCATTAGGAATTGCACAAGGAGCTTTTGAACATGCACTTGAATATGCAAAAGAAAGAGAACAATTTGGAAAACCAATAGCTTTCCAACAAGCAATTTCATTTAAACTTGCAGATATGGCAACAAAAATAAGAACAGCTAGATTTTTAATTTACAGTGCTGCTGAATTAAAAGAACATCATGAACCTTATGGAATGGAATCTGCAATGGCAAAACAATATGCTTCCGACATAGCTCTTGAAGTAGTAAATGATGCTTTACAAATATTTGGAGGGGCTGGATACTTAAAGGGAATGGAAGTTGAAAGAGCATACAGAGATGCAAAAATTACAACTATTTATGAAGGAACAAATGAAATTCAAAGAGTTGTTATAGCTGCTCATTTAATAGGTAAACCACCTAAAACTGATGTTCCTGGATTAGTTAAAAAGAAAAAAGGACCAGTTACAGGACCTAGAAAAAATATAATATTTAAAGACGGATCTGCAAAAGAAAAAGTTACTGCATTAGTTGCTGCATTAAAAGCAGATGGATATGATTTTACTGTTGGTATCCCTCTTGATACACCAATAGGAAAATC
NZ_CP077191.1_gap17	616155	619388	3233	AAATTTGGTAAACATGAAATAGTATTTTTAGAAGCACCTATGGTTCACTGGCCAGAAGTGTTAGTAAGTCTTGATACAACAAACGGAGCTTTATTCTCAGCTGATGCCTTTGGTTCTTTTAAATCTCTTGATGGAAGATTATTCAATGATGAAGTAAACTGGGATAGAGATTGGTTAGATGAAGGTCGTCGTTATTTAACAAATATTGTTGGTAAATATGGTCCACATATTCAACATTTATTGAAAAAAGCAGCTCCAGTTTTAGATAAAATTAAATTTATTTGTCCATTACATGGTGTAGTTTGGAGAAATGATTTTGGATATTTAATTGATAAGTATGATAAATGGAGCAGATATGAGCCAGAAGAAAAAGGAGTATTAATTGCCTATGCTTCAATGTATGGAAATACAGAAAATGCTATTGAAATCTTAGCAAAAAAATTGGCTGAAAAAGGGATTACAAATATTAAGATGTATGATGTATCTAATACTCATGTATCATATTTGATTTCAGATTTATTCAAATATAGCCATTTAGTTATTGCATCACCTACATATAATTTAGGAATTTATCCTGTTATTCATAACTTTGTAATGGATATGAAGGCTCTAAATTTACAAAATAGAACAGTTGCAATAGTTGAAAATGGTTCTTGGGCAAGAAAATCTGGAGATTTATTACAAGAATTTTTTGAAACTCAAATAAAAGATATAACTGTATTAAATGAAAGAGTAGGATTAACTTCATCAACTAATAATGTAAATCTTGATGAAATGGATACACTTGTTGATGCATTAGTTGAATCTTTAAATAAATAATTTTAATAAAAAATAGAAAGCTATTGTAAATTTAAAATGTTAATAAAAATAAGTGAGTTACATTCCAGATTTTAGGATAAAAATTAAATAGAATGAGCCGAGCAAATCTCAACATGTTTGAGCTAACTTGTTAGCGAGTTGGTTGAATTTGCAGCGAATTCTTAATTTTTATCCGTTAAGAAATCTGGCTAGTAACGAACTATTTTTATGTATTTATTATCTACAATAGCTCTCTTTTTTTTATGTTAGGAAGTTATAAGTTATCTTTTTTCATCAGAATAATCTAAACTTGCAAGTCTCTTATATTGTCTCCATCTTCTTTGAGCATCAAACATATTCTTTTCAAATAAGTCATTTGCTTCATTAGGATTTGTTTTCTTTAATGTCATATATCTAGTTTCACCCATTAAGTAATCTTGATATAATTCCCATTTAGGTTCTTTTGAATCTAATTGTAGTGGATTTTTTCCTTCTTTTTCAAGTAATGGATTATATCTAAATATAGGCCAATAACCACATTCAGTTGCAAGTTTCATTTCAGTTTGTGATTTTGACATACCCTTTTTAATTCCATGGTTGATACAAGGAGAATAAGCAATAACTATTGATGGACCATTATAGCTTTCAGCTTCTTGTATAGCTTTCAAGAATTGTTGTTGGTTAGCTCCCATAGAAACTTGTGCAACATAGATATGACCATAACTCATACAAATAGCAGCTAAATCTTTTTTCTTTAAAGGTTTACCTGCAGCAGCAAATTTTGCAACAGCAGCAGTAGGTGTAGCTTTAGAAGATTGTCCACCAGTATTTGAATAAACTTCTGTATCCATAACTATAACATTTATATCTTCTTTTGAAGCAAGTACATGATCAAGTCCACCATATCCTATATCATAAGCCCAACCATCTCCACCAACTATCCATTGAGATTTTTTAATTAAATATTGTTTCAAGCCTATAATATCCTTAGCATAAGTTTCGTTATTTCCTTCTAATGCAGTTAAAATTTTAGGACTTATTTCTCTTGTTTTAGCTGCATAGTTTCTATTTTCTATCCATTCACGGAATAAGCCTTGTAATGCAGGAGTAACCTTATCCATAGAAACTTCCATAATATGTTGTATTCTATCACGAAGAGCTTCTACTCCAACATGCATACCAAAACCATATTCAGCATTATCTTCAAATAGAGATGATGCCCAAGCAGGACCTTCTCCACAACAGTTTTTAGTATAAGGTGTTGATGGAGCAGAACCACTATAAACTGATGAACATCCACTTGCATTTGCAACCATCATTCTATCTCCAAACATTTGAGAGATAACTTTTAAATAAGGTGTTTCTCCACAACCAGGACAAGCTCCATTAAATTCAAATAATGGTTGAGAGAATTGAGAACCTTTAACTGTATTAGTAGGCATCTTATCAGTTTTATATGTTACCTTACTATAAATGTATGAAGCCTTTTCATCTTCATGATTTTCTAATGCCACAGCAATAGGTTCCATATCAAGAGCCTTAGCAGGACAAACATTTGCACAAGAACCACAACCTGTACAATCAAGAGGTGTAACTTGTATTCTGTAAGTTAAACCTTCTAACCCTTTTCCATTAGCTTTTTTTGTAGTAAATTCAACAGGAGAAGCAGCTTTTTCTTCTTCTGTTATTAAAAATGCTCTAATAGCTGCATGTGGACAAACATAAGAACATTGATTACATTCTATACATTTATCTAAATTCCATATAGGCACATTAACTGCAACTCCTCTTTTTTCAAAGGCAGCAGTACCATTTTCAAATGTTCCATCTTCCCTACCTAAGAATGCTGAAACAGGTAAATCATTTCCTTTTATAGCATTGATAGGTTCAACTATATTTTTAACAAATGAAGTTAATAATTCAGTTTTACAATTAGAAGTATCATTATTTTTATCAATCTTTTGCATAGTTTCAACTTTTAAATTTATCCAATTAGGATCAACTGGAATTTCAATTAAGCCAGAAGCACCAACATCTATTGCTTTATAGTTAAGTTGAACTACATCATCACCTTTTCTACCATAAGATTTCAAAGCATATTCTTTCATATATTTTTGTGCTTCTTCATAAGGTATGATTTCAGCTAATTTAAAGAAAGCTGATTGCATTATTGTATTTGTTCTTTGTCCTAAACCAATTTCTTGAGCAAGTTTAGTTGCATTAATAATATAGAATTTAGCTTCTGATTTTGCTAAATCATATTTAATATTATCTGGGATATGTTCTAAGACCTCGTCTTTATCCCAAACACAGTTTAGTAAAAATTTTCCACCCTTTTTAAGTCCTGATGTCATATCATATTGTTTTAAATAAGCTGGAACAGAGCAAGCTACAAAACTTGGACTTGATACTAAATAAGTGGATCTGATAGGTTT
NZ_CP077191.1_gap18	782562	786268	3706	TTCAAGAACAGATAAAATTGGAGATTTAATTCTATCAATACCAAGTTTTTTTATGTTAAAAAAAATGTATCCTAATGCAGAGCTTGTAGCTATTGTTAGGAAATATAATATGGATATAGTAAAAAATTTAGCATATATTGATAGATTTGTTATAATTGACGAATATAGTAAAGCAGAACTCTTAGAAAAAATTGCTTATTTTAAAGCAGATGTATTTATAGCATTATATAATGATAAATATGTTGCCTCACTTGCAAGAGCAAGCAAAGCTAAAATAAGAATAGGTCCTATATCTAAATTAAATTCATTTTTTACATACAATAAGGGGGTTCTACAAAAAAGATCTTTATCAATAAAAAATGAAGGACAGTATAATTTAGATTTAGTTGCAAAACTTGATAAAAAGAGATTTGAAGAGGTATACGAATTAAATACTAGATTAATACTTACTGATGAAAATAAAAAAGTAGCTGATGTATATTTTAAAGAAAATTCTATTCAAGGGAAATGTCTTGTAGTAAATCCTTTTATAGGAGGTTCTGCTAAAAATATAACTGATAAACAATATATAAATATATTAAAAAAAGTAAAAGATAAAATGCCTGACTTAAATATCATTATTACAAGTTATATAGCAGATGAAGAAAGAACAGAAAAATTTAGTAAAGATATTGGAAAAGATAAGATTTTTACTTTTTCTAATGGAGCAAGTATTTTAAATACTGCCTCAATCATAGACAGGGCAGATGCATATTTTGGAGCTTCAACAGGACCAACTCATATTGCAGGAGCATTAGGGAAAAAGATTATAGCCATTTATCCTCATAAAAAAACTCAAAGTCCTACTAGATGGGGGATTTTAGGAAATAGTAATGTTAAATATATAATTCCTGATGAAAATAATCCAAATGAAGATTATAAAAATCCATACTTTGATAATTTTACAGAAGAAATGGAAGATAAAGTTGTTAAAGCAATATTAGAGGCATTAAAATGAATATTTTAATAATACATACAGCCTTTATTGGTGATATTGTCTTATCTACTGCTTTGGTATCAAAGGTAAAAGAAAAATATCCTGATTCAGATATTTATTATTTAACAACACCTTTAGGAAAAGAAATATTAAAAAATAATCCTAAAATTAAAGAAATTATTGTCTATGATAAAAAGGGAAAAGATAAAGGTTTTGGAGCATTTATTTCTTTTGTGAGGAAGATTAGAAAATTGAAGATAGATGTTTGCTTGACACCACATAGATATCTAAGAAGTAGTATTTTATCTTTTCTGAGTGGGGCTAGTATTAGAGTAGGATATGATATTGCTAGTTTATCTTTTGTATATAATAAAAAAATTAAATATGATAAAACAAAGCATGAAGTTGAAAAATTATTGTCTTTTGTAGATGACAGTCCCAAAAGGTTTGAGCTTGAAATGTACCCAAGTGAAAAAGATAAAATTAAAATTGATACTATATTAAAAAATTTTTTTCAAAATAAAAAAATAATACTTATAGCACCTGGAAGCAAATGGTTTACTAAAAGGTGGCCAGAGGAATATTTTAAAACTTTAATTCAAAACTTAGTTAAAAGAAATGATCTATTGATAGTTATAACAGGGGGAAAAGAAGAAAAAGAAATAGAGTTAAATCTTGATTCAAAAGTTTTAGATTTAAGAGGAGAGATTAGCTTATTGGAGCTAGCAGAACTCACAAAAAGGGCTATTTTAGTTGTATCAAATGACTCAGCACCTATACATATAACATCTGCTTTTCCTAATACAAGAATAGTTGGAATTTTTGGTCCAACAGTTAAAGAATTTGGATTTTTTCCTTGGTCTGAAAATAGCAAAGTTTTTGAGATAAATGGTTTGTATTGTCGTCCTTGTGCAATACATGGCGGAAACTTTTGTCCTGAAAAACATTTTAGATGTATGAGAGAAATTACTCCTGATTTAATAGAAAATGAAATTTATAGTTATATTGATAAGGTGAAGGCTGATGAATAAAGCTAACATTTCAAAAATTATAAAAGTTTTAAAAGATGATTATAGAAGTTATGTCTGTGTTTTTAAAGTAGATGGAGATAATAAAGAATATGTATATAAAGAACCAAGAGAAAAAAATACAAGAAAATGGCAAAAATTTTTAAATTTTTTTAGAGGCTCTGAAAGTAAAAGAGAATATTATCAAATGAAAAAAATAAACTCTTTGGGACTTAAAACAGCTAAACCTGTTTTTTATGATAAGAATTATCTTATCTATGAGTATATTGAAGGAAATAAACCAACAATAGATGACATTGATTTAGTAATGAAAGAGCTTCAAAAAATTCATTCTATGGGATATTTACATGGAGATTCACATATAGATAATTTTTTAATAACACCTAATAGGGAGATATATATAATAGACTCAAAATTCCAAAAAAATAAATATGGAAAATTTGGACAAATCTTTGAAATGATGTATCTGGAAGATAGTGTGGGAATAAAAATTGATTATGATAAAAAAAGTTTTTACTATAAGGGAGCAATGTTACTTAGAAAATATTTAACTTTTTTTTCAAAATTAAAAAATATAATTAGAGGAAAATAAATTGGAAAATCATAAAAGAATATTAGTTATAAGATTAAGTTCAATAGGAGATATAATACTTACAACAGCTGTACTTAGAGCATTTAAAAAAAAATATCCAAACTACATAATAGATTTTTTAGTAATAGATAAATTTAAAGATGCTATAAGTTTGTCTTCTTATGTAGATAATTTATTGATTTATGATAAAAAGAAAAATGATGGTCTTTTTAATTTAATAAAATTTAGTAAAGAGCTTTCAAAAAATAATTATGATTATGTATTTGATTTACATTCTAAATTTCGTTCAAAGATAATTACCTTTGTTTTAAGTAAATTTTATGAGGTAAAAGCTTATACATATAAAAAAAGAGCTTTCTGGAAGTCTATACTTGTAAATTTAAAATTAATAAAATATAAAGTTGATAATACCATAGTTAAAAATTATTTTTCAGCATTTAAGGATTTTGATTTAGAATATCAAGGAGAAAAATTAAATTTTTCATTTGAACCTGAGTTAAAAGAAAAATTTAAAGAGTATAAAGACTATATTGTTTTCGCAGTTGGAGCTTCAAAAGAAACTAAAAAATGGACTGTTGAAGGCTTTGGTAAGTTAGCTAAAAAGCTATTTGTAACTTATAAGAAAAAAATAATTTTAGTTGGTGGTAAAGAAGATAGTGAAAGATGTGATACAATAGGAAAGATAAGTGAAGATTCTGTTATAAATTTAGCAGGAAAGTTAAGTTTAAAAGAAACAGGAGCTTTACTTTCACAAGCAAGATTTTTACTTACAAATGATTCTGGACCTTTTCATATTGCAAGAGGTGTTGGATGTAAAACATTTGTGATATTTGGACCAACAAGTCCAGAAATGTTTGATTTTGGAGAAAATGATGTGTTAGTTTACAATAATATTGACTGTTCTCCTTGTAGTTTACATGGAGATAAGATTTGTCCAAAGAAACATTTTAAATGTATGAAAGATTTAAGTTATGAAAAAGTTTTTAAAATAATAGAAAATAAGGAGTGGTAAAAGAATGGCAGCAAAAAAAGAAAAAAATGCCCCAGATGCAAAAATTACAGATAAAGAAGGAAAAGAAAAAGCAGTCAAAGATGCAATGGCAGCGATTA
NZ_CP077191.1_gap19	804488	805447	959	ATACTAACACATTGTATAAAAAATTACTGAAAAATAAAAATTAAATAAAAATCTAAATCTAGTCTTGAAATAAACTAAGAAAAATGATATACTAAAACTAAGAAAAATGAGTTCTAAAGGTTACATATACCTTTCCCTCAACTGTGGGGTCAGAAATAACAGGTATCGCGAAAATATGTTACTGTGTGGCTACGGTAGACCAAAGCGTGGGAGTGTAAAAAACACGTTATGAAGCTATTAAAGACTAGAAATTAAACTAGTCTTTTTTATTTTTATATAAATTAAAGTATAAAGGCTAGAGATTAATCTAGCTTTTTTTCTTACAAGGAGGAAAATGGAGTTTAAAGTCAAAGAGACAATTAAATGGTATGACCAGTTTGATAATACAAATTTAATTATAAGAAATAATTTTAAAGATATAAATATAAAAATACTTAAAGATAACTTGCCTCATTTACTAGGTTTGCATTACATGTATCCTGGAAATAAAATTCCTCCAGCAAGAATAATAGCTGAAGAAATAAGAACAAAGAATATAAGTGATGAAGAGATTCTTAAGAATGTAAAAAAGTATAATCCTAATATGTTAAAAAGTGTAAAAAATAGAGTTAACACATTTAAAGAGTTTTTAGAAAATTTTGAAAATGGTGTTATTTTAGAAAATACAAAAGAAAATACAAATATAAATTCAACACTATTTGTGATAAAAACTAAGGATAAAAAAATAATGCATCTAGGGATAAAAGAAATAAGTGGTGTAACTATGTTAGAAAATTATTCAGAGATGAATCAAAAAGAGATGAGAGGTATTTTTGAAACATATTTCCTAAGAAATAATGATAAATTTACACAAAATTCTAAAATTCATGAAAATATTACAGGAATATCTAGATATGATGAAAAAGAAAAGCAATATATATCATTTTCATTTGATGAAGAAAAAAACAAAAAGTTATTAC
NZ_CP077191.1_gap20	927473	928620	1147	GAGAAGGAAAAAATGATAGGTTTTATGAATATTCAATGTTTTTATAGTATTTGGAGTCATGGAAAAGTGTTTTTCTTAGATGATTTCTTCATTGAAGAAAGTTTTAGAGGAAGAGGTTATGGAGAAAAAGCACTTAAAAGTTTACAAGAATATGCTAAAAAGGGTGGAATAAAAAGAATTCAATTAATGGCTGAAAATACAAATCCAAAGGCAATAGAATTTTATAGAAAACATAAATTTAATGAACAAGAAATTCATTTGTTTTTAAAATATTTAATTTAAAAATAAGGTTAATACTAAAAAGGAAGTGTTTAAAATGGAAATGTTTGATATGGTACTGTTTATACCTCTATTTTTTCTTGTTTCAATTTTTCTTGCTTTTACAATAAGAAAAAGAATAATAGAAAAAATTATGTTTGTAGAGATTGATGAAAATTTAAAAGATTTAATAGCTTGGGATTTTTTTTACAATATTTTTAAAATGGAAAGGTCTGCTAAACCTGTTTACTATACGGAATTCTTTTTGTTAATATTAGATCCCATATATATTTTATTTGCTGGATATAAAGAATATCTTAAAGAAATTGAATTTATAAAGGAATTTCCAGATTTCCCTATGAGTCCTATATCATCTGTACTTATAAAATTTGCGATTCCAATTACTATATGGTTTGTCATACTTTTGTTATTATTATTTGCATTAATTATGAAAAAGAAAGAAAATAAAAGAATTTCTGAAATGTTGGATAATTTAGAAAAATCTAAACTTTTAAATTATGCAAAGGAAGATTTTATAAATTCTGACAGAATAATTGGAACTGGAATGGCAATACAAAGTGATATAAAACTTGGAGATAAATTTTTGTTTTCCATTTATCCAGCCTATATAATTCCTTACTCTTGGATTGATAATATAAAAGTTGATGAAATTTGTGGTCGTGGAGGCCGTAGAATTTATTTAGATTTTACTTTAAAAGAATCTGATGAATCAATAGAAATATTTTTTGCTAAAGAGGATGTTGCTGAAAAAATTAAAGATTTTAGTTTAAAAACAAAGGCCAAAAATAATAGAGAAAAAATATTTAAAAATTAAATATGTTTTATAATTTTAGTATTTACATAATAAAATATTAGTAGTATAATCTCC
NZ_CP077191.1_gap21	954411	958397	3986	TGTTGCAGGGGCAACTGCAATGGATTCTGTTTTGCCTATTATAAATAAAAGTAATCCTGCTGAAATTTCTATAATCTCATTTTATAGTGGACTTGTGATATCAATAATAGTTCCAATTTTAATTCCAATTTTGGTAAATATTTTTTCATTATAGAAAGTTGACAATTTTGGTAATGAATGGTAAAATAAATTATGTTAAGTGATACTTAATTATTGTATTTTAAAAACTATAATAATATTAAATTTAGAAAGTGGAGTGATACAAATGTTTGAAACTTGGGCAGAAAATCTATATGATGAAACTTTTAGTGATGTGTTTGATGCTTTGGTAGCAGAATATAAAAATGGAGAAATATCAGTTGAGCAATTAAAAATAAACCTTGCAGAACAACAACAAATTCTTTTAAATGCTTTTACTGAGGGAGAAGTTAAATCAACATATTGTAATGCTATGGTTGACGCACACCAATATGTTTTAGCATTGATAAATAATGGTAAAATTGTAAGAGAATAATTAAGGAGGTTTTTATATGAAAACTTATGTTTTTTTAGCAGATGGCTTTGAGATTTTGGAAACCTTTGCACCTGTTGATGTTTTAAAAAGATGTGGAGCAGAAGTTGTAACCGTGTCAACTGAAAAAGATTTATTTGTTGCTAGTTCACAAAAAAATATTGTAAAAGCTGATATTATGTTATCAGATATTGATTATAAAACAGCAGATTTAGTTATAATACCTGGTGGTTATCCTGGATATGTTAATTTAAGAGAAAATAAAGAAGTTGTTGATATAGTTAGATATTTTTTAGATAATGATAAATATATTGCTTCTATATGTGGAGGACCAACAATTTTTTCATATAATAACCTAGCAAATGGTACAAAATTAACTGCTCATTCAGCAGTTAGAGAAGAAATAGAAAAAAATCATATTTATGTAGATGTTCCTACCCATATAGATGGAAAAATTATTACAGGAATTGGGGCAGGACAAGCTATAAATTTTGCATTTAAAATTGCTGAACAATTTTTTGATAAAGAAAAAATTGATGAAGTGAAAAAAGGAATGGAAATAATCTAAAATTTTAGTAAATAGTTAAGAAAAAAGCATTCATAATATGAATGCTTTTTATAAAATAAATAAAATTCTTTGAAATTATTTTAATATATGTTATAATTTATAACAAAAATCAATTTTTTATTTAAAAATGGAGGTTATTTTTATGTTTACATATATTAAATTAAAAAATTATAAATCATTAATTGAGCTTGAAGTAGATCTAACTAAAAAGGAAAATACTCCTAAAAAATTAATCGCTATTTATGGAGAAAATGGAGTTGGAAAATCAAATTTTGTAGATAGTTTTTATACTTTAAAAAAATTTACAAATTCAAAAATAACAAATAAAAATTTTGAATCTCTTGCAAATGAAAGGGATTTAACAGAAAAAAATATTCTTGATAATCCAGTTGATTCCCTTAATCAGTTATCTGATAATCTTAATCAATTTAGTTATTATCTTCAAAACGAATTTCTTTTTTCAAATTCTACTTTTATTATTAACCAATGTAAAACAATTAATTCTACTGAAAATATGGTTATTGAAGTAAAGTTTAAAATTAATTTAAAAGAAGGAATATATTATATAGAAACAAATAATTTAAATATTGTAGCTGAAAAATTAAAATTTACCTTAAATAAAAATATGGTAAATTACTTTGAAATAACTGAAAATAATATAAATATTAATGAAAGTGTTTTTATAGATAATGAATATAGAAAAGAAATTCTTAATATCATTGAAAAGTATTGGGGAAAACATTCTTTTTTATCTTTATTATCATATGAATTAGAAGATAAAAGAGAAGATTATGTAAAAAAAAGAATTTTTAATGAAATATTTGAAGTAATTAATTTTTTTTCAACTTTAAAAGTTCGTTCAAGAGATGATTCAGATAATATTAGAGAAGATTATAATGAAAAAAAATTTTTTCATGGTTTTATTCCAATAAAAAAAGAAGAAAAGCTTATAAATATTGAAAAGACTATTAATATATTTTTTACAAGTTTGTATTCTGATATAAAACAAGCATATTATAAAAAAATTAAAAAAAATGACAAAATAGAATATGAATTATATTTTAAGAAAAATATTTACAATACTTTAATAGATGTCAGCTATGAACAAGAATCAACAGGAACAAAAAATATTTTAAAAATATTACCTTACTTAATTTCTGCTGCAAAAGGTAAAACAGTCATTATAGATGAAATAGATAATGGAATTCATGATTTATTAATGTTAAAAATTCTAGAAAATCTTTCAGAAGATTTAAAAGGACAACTTATTATAACAACTCATAATACTTTATTATTAGAGGAGGATTTTATTAATAAAGATTCTATCTATATATTTAAAGTAGATGAAAACGCAAACAAAAAACTTTTATCATTAAATAAATTTGAAGGAAGAATACATCCTAATTTAAGTATTAGAAAAAGATATTTAAAAGGTTTATATGGTGGGATTCCTTTTCCTATGGATATTGATTTTAATGAACTAATTGAAGGTATGTGATTATAATGACTAGACTATCATATTTAAAAGGACTAGTTATTTGCCATGGAAAATCTGAAAAATTAATATGTGATTTTATAAAATCTAATCTTAGGATACAAATAGAGATTGATAGTGATAAAAAAGGTAAAAAATCAATTCAAATAACAAGTGTAATGAAGTTTTTAAGTGGAGAAAAATATAAAAATATAGTTTCTTTCAAAAATAAATTTGATGATATAGAGCCAATTAAAAATAGAAAAAAATTACCCAATTATTTTAAAGTTTTTATTATAATGGATACTGATGATTGTAATGAAAATCAAAAAAATTCTTTTAAGAACAAGTCTATGTTTAAAGAGCATTGGTTATACGATTACATTGTTCCTATTTATAATGATAGTAATTTAGAAGAAGTTTTAGTGGATGCAGGAATAAAATTTCAAAAAAATGGGAATGAAAGAAAAAGTGAATATCCAAAAGTTTTTCCAATGAATGGAATATCTGATGTAGAGGGTATTAAAAAATTTGGAAAATGCTTAAAAAATAGTAAAAAGACTAATATGGAAGAATTTATAAATTTTTGTTTAGCACTTATAGAAAAATAGTTATATAAAAGATTGAATCTACTGATTAAAGGTTCAATCTTTTATTATAGAAATTTGTATTCTTTACAAAAGTTGATAAAAATAGTATAATTTAAACATCTTTTAATTTATAGAAGGAGAAAAATTTATGAATAAAAAAATTATTATAATAGGTGGAGTGGCAGCAGGTATGAGTGCAGCTTCAAAAGCAAAAAGAATGGATAAAAGTTTAGATATAACAGTTTATGAAATGACAGATGCAATATCTTGGGGAGCTTGTGGTTTACCATATTATGTTGGAGATTTTTATTCCGATTCTTCTGTAATGGTAGCAAGAACTTATGAAGAATTTCAAAAAGAGGGTATCAATGTAAAAATTAAACATAAAGTTGAAAATATAGATTTTATAAATAAAAAAATTTTTGTTAGAAATTTAAATGAAAACAAAGTTTTTGAAGATAACTATGATGAGTTAGTAATAGCAACTGGTGCAAGCTCAGTAAGTCCAAAGAATATTAAAAATTTAGATGCAGAAGGAGTATATCATTTAAAAACTTTTAATGAAGGTTTAAAAGTAAGAAAAGAAATGATGAAAAAAGAAAATGAAAATATAATTATCATTGGAGGAGGTTATATAGGAATTGAAATTGCAGAAGCTGCTTTAAAACTTGGAAAAAATGTAAGAATTTTTCAACATACAGATAGAATTTTAAATAGGACTTTTGATAAAGAAATTACAGATATATTAGAAGAACATATTAGGGAACATAAAAAAGTTTCTTTACACTTAAATGAAAGTCCAGTTGAAGTGAGAACTTTTGAAAATAAAGTTATAGGTTTAAA
NZ_CP077191.1_gap22	1070401	1071961	1560	TTTTTAGATTTAAGAAAAATTATTCCTATTGACAAAGTAAAAGAATTTATTCAAGATAAATGCAATTTAGCAGTAGATTTTGGAGAATGGTTTGGAGAAAATTTTAAAGGCTTTATTCGTATGAATTTAGCAACAGACCCTCAAATTGTTAAAAAAGCTGTTGAAAATATAGTAAGTGAATATGAGAAATTAAGGAGGATATAAAATATGAAAAGTGAATTAAAAGAAAAAAAGTATGGTGCTATCTCATTTTTACCCCTTATAGTATTTTTAGTTTTATATATAGGGAGCGGAATTTTCTTTACTTTAATGGGAGCAGAAGGTGCTTTTAAAAAATTCCCAAGACATGTAGCATTGTTAGCTGGAATTATTGTTGCTTTACTTATGAATAAAGGAATGAAACTTGAAAAAAAGATAGATATTTTCTCAGAAAATGCAGGAAATCCTGGAGTAATTTTAATAGGTTTAATATATCTTTTAGCTGGAGGATTTCAAGGAGCAGCTAAGGCAATGGGTGGAGTTGAATCTGTTGTAAACTTAGGATTGACTTTTATACCAAGTATATTTTTAGTACCTGGAGTATTTTTAATATCTTGTTTTATTTCAACTGCTATTGGTACTTCAATGGGAACAGTAGCAGCAATGGCACCAATAGCTATTGGAGTGGCTCAAGCAGCTAACTTAAACATTCCTTTAACTGCTGCTGCAGTAATAGGTGGAGCATATTTTGGAGATAACTTATCTATGATATCTGATACAACAATTTCTGCTGCAAAAGGTGTAGGTTCTGAAATGAAAGATAAGTTTAAAATGAATTTTTTTATTGCACTTCCAGCAGCTATTTTTGCAGCAATTATGTATGGGATTATGGGTGGAAATGGAAATATAACAGGTGAATATAATTACCACATCATCAGAGTACTTCCCTATATAGTAGTTTTAATAACTGCTTTAATTGGATTTAATGTTTCAGGAGTTTTAGTTTTAGGAATAGCTATGACAGGCATTATTGGATTATTAGAAGGAAATATCACTTTTCTTGATTGGATAGGAGCTATTGGTGAAGGAATGTCAGATATGTTCAGTATTACTATTGTTGCAATTCTTATTTCTGGTTTAATAGGTTTAGTAAAATATTATGGTGGAATAGAATGGCTTGTTAACAGTATAACTTCAAAAATAAAAAATAGAAAAAATGCAGAATATGGAATAGGTTTGATTTCAGGACTTTTATCAGCAGCATTAGTAAATAATACTATTGCTATAATTATCACAGCTCCTATTGCAAAAGAAATTGGACAAAAATATAATATTGTTCCAAAAAGACTGGCAAGTCTTATAGATATTTTTGCTTGTGCATTTATAGCTTTAACTCCTTATGATGGCGGAATGTTAATGATTACTGCTTTGGTAGATGTATCACCATTAGAAGTTTTAAAATATTCTTTCTATATTTTTGCATTAATAGTTACAACTTGTATAACTATCCAATTTGGACTATTAAGAACAAAAGAAGAAAAAGAAAATCATTAATTTTGGAACTTTATAAATTAAAAACAA
NZ_CP077191.1_gap23	1109015	1110019	1004	CTACCAGATATAAAAAATACTTTATGTTTCATTTTTTTATGCCATTCAATCATTTCTCTTGTATATGTATACACTCTATTACCTTTCAATAATAAAACTTGATCAGAGATGAAATCATTGTATTTTACAGGTAAATCTTTTATAGCAACTACATATAATTTAGTTAAATCTAGTAAATAATCATCATAATTCCCTTTTCTTGTGTCCCAAAGATTATATGCTTCTTCAACCTTTAACCTATATTGAATATCATCAAAAAGTTCATACTTTATTAATTTTTTAAAATGTTCAATAAGTAAAGCATTTCTATATATTGTTCCATCCACATCAAAAAATGCTGCTATCATATTTCATTTTCACCTACTAAATATTTTTTACCTCTAAATTTTAACATATTTTTTAAAAAAAATGTAGCTTTTTTTAGTTGACTTTATTAAAAAATACATTTTATTTTAAATTATATCTTCTAAAAATAGTAAAAACACAGTATAATATCCCTATATATTTTTATATTATAAGGAGTGTATAAATGAAAAAAGGAAAATTATTATCAATTATATTTGTATTATTTTTTATCTTATCTACTTTAAGTTTAGCAGATGAAGCATATATAGCAAGTTTTAATATTTTAAGATTAGGTGCTGCAAAAAAAGATATGGTACAAACTGCAAAAATACTAAAAGGTTTTGATATAGTTGGTTTAGTTGAAGTTATAAATAGAGATGGTGTTGAAGAGTTGGTAGATGAACTTAATAAACAAAGTGATGAAAAGTGGGATTATCATATATCTCCATTTGGTGTAGGTTCATCTAAATATAAAGAATATTTTGCCTATGTATATAAAAAGGACAAGGTAAAATTTATAAAATCAGAAGGTTTCTATAAAAATGGGAAAAGTTCACTTTTAAGAGAACCTTATGGAGCAACATTTCAAATAGGAAATTTTGATTTTACTTTTGTTTTAGTTCATACAATTTATGGTAATAATGAATCACAAAGAAAAG
NZ_CP077191.1_gap24	1115441	1118945	3504	GTATATTTATTAACTATATAATTTTAGGAGGTGGAGTTGTGAAAAGATATTTTCAGATAATGAAAGCATATTTAAGAGGTTCTTTGATGTATCAAATGGAATATAAATTTAATTTTTTAGTAGGAGGAAGCTTTGAACTTATTTGGATGGCTATGTATATAATATTTATAAATGTAGCATTTTTGCATACCAAAGATATAAATGGCTGGAATAAATATCAGATGTTAATGCTTACCTTTCAAGGTGGACTTATGGATTCAGTATTTACATTTGCAGTAGTACCAGGGCTAAAAAGATTACCAGAATTGATAAATAAGGGAACATTAGATTTTTTATTGTTAAAACCTGTCAATAAAAAATTTAATATTTCATTTAATGAATTTGATATTCCACAAATAAAAAATATTTTTATAAATATATTTGGGATTATTTACTGTATAAAAAAACTCCACATAATACTAACACCTATAAAAATTTTAATATATATTTTATTATCAATTAATGGATTTTTAATGATATATTCAATTATGTTTATGCTAATGAGCTTAGCATTTTGGTTTATGAGAATGGATATTGTTATGGGGATTGGTTCAGAGTTAATTACTGTTGGAAATAAACCGATGTCAATTTATCCTAATATTATTCAAAAAATTTTAATCTTTATTATTCCATTATTTGTTTGTTTTAACTTTCCAATTCTATATATAGTAAAGGGCTTAAATTTATATTTTATTATTTATTCCTTTATAGCAACAGCTATCTGTTTTATGATTTTAAATTTCATTTTTAAAAGGGGGCTAAGAAGATATGTCAGTGCAGGAAGTTAATAATGAATATGTAATTTTAACTGAAAATTTATGTAAAGATTATACTTATTATAAAAAAGAAGCTGGATTAAAAGGTAGTTTAAAAAATTTGTTTCATCGTGAAAAACTTATTAAAAAAGCTGTACAAAATCTTTCTATAAAAATTCCTAAAGGAGCTATTGTCGGGCTTATTGGTTTGAATGGAGCAGGGAAAACTACAACTTTAAAAATGTTGACAGGTATCATAATGCCAACAAGTGGTAAAGTAGATGTGTTAGGATATTTTCCTTTTGATAAAAAGAAAGAATATTTACGCCATATTGCTATGGTTATGGGAAATAAAAGTCAACTTTGGTGGGATTTACCAGCATTAGATACATTTGAATTAAACAAAATAATCTATGAAATTGATGATTCAGAATATAAAAACACTCTTAATTCTATGGTTGAAATTATGGGAGTTGAAAAACAATTAAATGTCCAAGTCAGAAGATTATCACTTGGAGAAAGAATGAAAATGGAACTTATTGCCAGTTTAATCCATAAACCAGATATAGTATTTTTAGATGAACCTACAATAGGTTTAGATGTAATTACTCAATATAATATCAGAAATTTTTTAAAAGAATATTGTGTAAAATATGGCTCAACTATTCTTTTAACTAGCCATAATTTTAATGATATTGTAACACTTTGTGATTCCATAATTTTAATAAATAATGGAGAGATGATTTATTCAGATACATTTAAAAATTTTCAAAAACAATTTTTCAATCAAAAATATTTTGTGCTTAAATTAAAAGAACCTAATGTAGATGAATTTATAAGTAAACTTCATTTAGAAAATGATATTGAAATAGAAAAAATAGATAGCAATTCAATTAAAATAGCAACTGATAATAATAAAAGTTTGGATATATTGAAAAATATTTCAGGAAATTTTATTCAAGAGCTTAGTGATATTAATATTGAAAATATTAGTATGGATGATGTTATAAGGAAAATCTATCAGAAATAAGGTAGGTGAAAATTTGTGAAAAAATATTTTAAAATTTTTAAAATAAGTTTGATTAGCTACTTAGAATATAGAGTAAATTTTGTGTTATCTTTTTTATTTTCCTTAGTTCCTTTTTCAGTGAGTGTTCTGCTATGGGTAGCTGTTGCTAAACATAGTGAATTTATAAAAGTAAAAGAAGTAGTTAGTTATTATTTTGTAATTCTTATAGTCAAAAATATAACTACAACAAATTCAATTATTAGATTTTCTGATGATATAAGGCTTGGAGAATTGAATAAATATCTTTTAAAACCATATAATTACTGTTTCTATAATTTAATGGCTGATTTACCAGAAAGAATAGTTTTTATTGTTATGAACTTTATTCCTTTAATTTTAATTTATACTTTTTTACATAATTATATTAATTTAGATTTATCTTTGATAAAAGTATTCTTTTTTATTATATTTTTAATATTGGGATATTTAATTAATTTTTTTATAGATTTCTTAATTGGACTTTATAGTTTTTATTTTTCAAAAGTTTCTTCACTTTATACTTCAATAAAAGTTTTAAGAAATTTATCTGCTGGAAATATTTTTCCACTTTTAATGTTACCAGCTAAAATATTTTTGACTTTACAATTTTTACCTTTTATGTATACAAGTTATGTTCCTACTATGCTTTTACTTGAAAGAACTTCTTTTGACTTGATACTAAAAAACTTATTTATATCAGTAGTTTGGTTAACTATACTTTGCCTATTTTCAGCAATGTTATGGAAAAGAGGTATGAAAAGATATTCTGCTTATGGGGGATAAAATTTTAACTAAGATAGTAAAAGAACTTCTTTTTTGATATAATTATAATATTAAAACAAAAAAAGGAATTGAAATAAATGAACAGAGGAATAATAAGGAAAAAACAGATTAAATATATAGATGAAAATGATTATAATCGTGTTTTTGTAATTTCAGATTTGCATGGATATTATGAATTATTTTTAAAATTTATTGAAAAAGTCAATTTACAAAAAGATGATTTATTGATAAATCTAGGAGACACTTGTGATAGAGGAACACAATCCTATGAGCTTTATTTAAAATATGATAAAATGATAAAACAGGGATATAATATTTTACATATTCTTGGAAATCATGAAGATATGCTTTTAACAACAGTATATACTCTTGATTATGATAGATTAGAACATTGGTTTATAAATGGTGGAGAAAAAACCATAGAATCTTTTAAAAGAGTTACTGGACTTTCAACTGTAGATTTTTTTGATTTAGAAAAAAATAAATTTCTTATAGATTTTCTATCAAGTTTTCCAACTCTTATAGTTTCAAATAAAACTATATTTACTCATGCAGCTTATAATCCAGATTTGCCACCTGAAAAACAGGAAGAATATTTTTTAATTTGGAATAGAGAAAATTTTTGGGATAGAAATAAAACAGGAAAAGCTATTTATTTTGGACATACTCCATCTAAAAAAGAAAATCATACAATAGTATATTATCCAAATAATTGTACCTGTATAGATTTAGGAACTTATAGATATAATAAAATGGTAGGGATAGAAATTAAAAGTAAAGAAGAATACTATATTGAAATGTTATATCAAGGAGATGGTAAAACAAGATTTGTATTAGGAGAAGTTACAGGAGATAAGCCATTAATTTGTTTTGGTATCA
NZ_CP077191.1_gap25	1193677	1195715	2038	TTTGGATACTTCTCTGATATCCCCTTGAAATTTAAACCTTCAAAAATTCCAAAGTTTATTTCTTCTAAATTAGAATCAAATATTATATCCTTATCCAAATAATTGCAAATTTCAGCTGTTTGCCTTGCTCTTTCCAAAGGACTAGAATAAATATTATCATAATCTATATTTAAAAGTTTTTCCTTTGCCTGATAGGCCTGACTTATACCTAAATCATTTAAAGGAGGATTTAACTTTCCAAAATACAGATTTTGTGCATTCATCTCTGTCTGTCCATGTCTAACTAAAATTAATCTACCCATAATATTAACCTATATAAAAAATGTAGGAACAACCAAAATTAAGACTATATATAGAAGACTTGATATTTCAAGTAAAGCACCCAAAGTATCTCCTGTTATTCCTCCAATTTTCCTTTCTATCAGTTTTGAAAAAGCATAAGCAAATAGAGCTGATAAGGCAACAATAATAACAATTATTAAAATGCTTTTCATTATAATTTGTATAGGTAATGAGTAATTGGTAAAAAGTACAAAAGGCATAAATATCATTCCTATTGTATATAGAAGTGTTATAACAGTTGCAACTATAAGCCCACAAGTTTTTGTATTATCTACAAAAGTTTTTCCCATTCCACTTCCTCTTGCATAAGGAGAAGAAGCACAACTTACCACACTACAAAATCTTGCAACAACCGGATAAGTCATAATAGCATATATAGCTTCTTCACGACTTTCTATTGTCAATGAAAAAAGCAAAATAAATTTTAATAAAAAATATAAAATTAAAGCTAAGGCTCCATTACTACCTAATCTTGAATCTTTCATTATTTCAAGCATCTTATGTTTACTTCTATAACTGAAAATTCCATCAAAAGTATCAGCTAAACCATCAAGATGTAATGCCCCTGTTGTTATTAAATCAGTTAAAATTAGAACAATAATCATTAAAGGCAAAACAGCAGAATAACTTATATTTTTAAAAATAAAATTAAAAATTATACAAAAGAATAGTAATATAAAGCCTACTATTATCCCTACAACTGGAAAATATTTCATAGATTTTCCAAGTTTCTCCTCATCATATTCTATTTTTGGCATTGGTATTCTTGTCATAAAAGATAAAAGTAATAGAAACCCTTTCATTTTTTCCTCCCATTATTTAATTTTTAATTTTATTCCTGAAATTGCTAAATAAGCTTCATCAGAATTTTTTGCAATAAGCTGATTAATTCTTCCACATATATCTCTAAAATATCTACCTAGAGGATAATCAGGGACAAGCCCTGAACCAATTTCATTTGTTACAAAGATACAATCACATTTTTTAGATTTTATAAACTTTAAAAAGTTAGTTGTTTCTTCTTCAATTTTATCTTCAATTTCATGCACAACAGATAAATCAACATTATCCCAGTCAATTTCTTTGTCCATTAACATATAATTGGAAACAAAATTTGTAACACAATCAAATAATATGGCATCTGCATCATCTATATCATTTTTTACAAGAGATACAAGATTTTTATAACCTTCAATAGTTTTCCAAGTATTACCTCTTCTTTTGATATGCCTTTCTATTCTATCCTGCATTTCCTTATCAAAAGCTATTGCAGTTGCAAAGTAAATTTTATTCATATATTGATTTTCATAAATATATTCTTCGGCAAATTTACTTTTACCACTTCTACTTCCACCAGTAAAAAATATTATTTTCCCCATCTTGACTCCTTAACTATCATATCTTTCATTATATCATACTTTTTAATAAAAAAAACTTTTATCTAAAAGCTATTAGATAAAAGTTTTGAAAAATCATATTCTTTATTTTCATCAAAATTTGTATGGACATAAAGTACAACTCCACCAGAAATTAAATTTATAATTTTAGTATTTAGTTCTGTGGGGAGTGCAAGACAACCTTTACTCCTTCCAAGTCTACCATATTTTTCAGCAAATTTTTTATTTGCATAATATGCTGAGTGCATAACAATAGTTCTTTTTCTGGCATTATCATTTTTACCTTTTTCTAGTCCATA
NZ_CP077191.1_gap26	1203854	1205827	1973	ATTTTCTCTTTTTCTAACAAATCTTGTTCTTGAGTTGTACTTATATTATCATTAAGAATATATATTCCAAATACATAAAAAATAACAAATATACCATATCTTCCAAAATACTTATTTGAATAATATTCTATAATTAGTGAAACTAATAAGAGAATTTTATTGCCTATAAATAGCAATAACTTTTTCTTCTCATAACTTTTATATAAATAGATAATTTGGATAATTACTAGTATTAGATAACAAGATAAAATAAAAACTATATTTTTTAACATTATTTTATAAAATTCAATTAATATTTCTTTCATATGCTGATTCCTTTTAACTAGCTATATATAACAGTCATTCTTCATAATATATTTTAAGAGATTTTTTTATTTATATATATTTTTTTAAATTAATTTTGAGATTTATTTTAATATTACTTTTATTTATTTTTTATAATAATATTGGTAATATGCTCTTGCTCCTGATGGAATACTTTCATCTTCCCAATAGTCTAAAATAGTTCTATCCTTTATTATATTTATATTACCTATATCCAACACTGATATATGTTTTTCTAATTTAGCAGGAAGGAATTTCTCTAATAATGAATCAGATGAAATAGGTATAGATTTCCCAATATATAATCTAACTCCTTTTACATTTGACAATTTTTGAAGAAAATTTTGTCCTTCCTTATTTTCTGACAAAAAATCCATCCCTATCGATACAGTCTTTAAAATTTCTATACTTCCTCCATGTGATATTGTTAATTTACTTATTTCTTCTGGACTATCTGATGAATACAATCCAAGTCCTATTCCAACACTTACATCTGAATTCCCTCCACCTATACTTGTTGTTATTGCAGTATATTTAACAGCCCTATCATTTTTCAAATCAAATGATTGATAAATAGAATTTGTAAAAGATGCTCTTATTCCTCTTATAACTTTCTCATTTGCAACACTTCCTGTTACACACCATTCTAATGTGTGATATTCCCTTCTATCCATAGGAATACTTTCAGCTAGTTTCTTTCCTTCTTCTCCTGTTATTACATTCTTATTATTTCTTATTGCTGCTAAGGTATCTTCTGTTGCTTCTTTAGCTACCATACCTTTTGTTCTATCTTCTAATTTTTCTCCTGAATAATTAGCTATAGTTTGGGTTCCTGTCTTATTATCTTCTTTACTATAATGTCCAAACTCATGTCCTAATGCATTTAGTATTTCATCTCTATTTGCACTTGCTAATTTCTTTCTATCAAATACTATTACATTAGTTACTGGGTCTGTATAATATAGTCCATTTGGGTCATTTACATCTGTTAATACCATCTTAATATCTGGTCCTTTATAACCTTTTGCTCTTAGAGCATCATTTAGTAGTTTGTTCATTACTGATACTTGTTCTACTTGTGTTTTATCATCTATTTTTCCATTCTTTATTGCTTCCTTTTCCAGTATTGATAAGTATTCTGGATTCTTTGCTACTTGGTCTCCTATTGCTCTCATCATAGATAACTGTTTGTATCTTTCTAGAAAATCTCCTTCTGTTTTACTTTTATTTCCTAGTGCAGTAGTTAAATCACTTATTATTCCTCCAGCTTTCTTTAACTCTTCTTGCTTATCTTTACCTAATAAATCAGTATGAAGCTCTGCATCTAAATGTTTTTCTTCATCTTTTGTTTTTTCTTGTGATTTATCAATATCTGTATTAAATCCTAAATCTTCTCCACTTGTGCTCTTTCCAGATATTTCAAAGTCTGCATTTATTGCAGTAGCTCTATCTATTTGTTCTTTATTTATCTTATCATGTTTTATTGATGTATTTGGTACATCTGTTCCTATAGTTATACCTCCACCAATATTTTCATATTTATTCTTATCTTCTAAATCTTTTACTACTACTTTATTGGCTGATACTTTTAATTTTTCTTTTTCATTTTCAGAACCTATTACTGCACCAATATTTGTTAGACTATCTGT
NZ_CP077191.1_gap27	1229570	1233950	4380	CTGCTATAAAAGGGATTTCTTTTGGGATAGGTTTTGACTTTGCAAATATCTTAGGCTCAGAAGCTAATGATTTATATTATTTAGATAAGAATAAGATTAAGACCAAAACTAACAATAATGGTGGAATTTTAGGAGGACTTTCAACTGGAATGCCACTTGTATTCTCTGTTGTAGTAAAACCTACTTCATCTATAAGTTTAGAACAAAAAACTGTAAATATAAAAGAGATGAAAGAAGATATTTTAAAAATAAATGGTAGACATGATGCTTGTATAGTCCCAAGAGTATTGCCAGTGATAGAAGCTGTTATGGCACTAGCAATACTTGATGAGATATTATAAAAGACTATTGCAATAAATGTGGTAAAAAATAGTTCATTACTAGCTAAATTTCTTAACGATAAAAAATCAAGAATTCGCTGCAAATTCACTAAACTCACTTCGTTCAAACACAGTGAGATTTGCTCAGCTCATTCTATTTGATTTTTTATCTAAAATTTAGAATGTAATTTCACTTATTTTTTACTCACATTACTTGCAATAGCCTTTTTATTTTAGGATTTAGGCATGTGTTTAAATTCATTTATTAAGAAAATAATTGCAACAGTAAAAGCTATTAAATCTGTAAGAGGTGTTGCATAAATTACACCTTCAACTCCAAAAAATCTTGGTAATGTTAGAAGTAATGGAAATAAAACTATTAATTGTTTTGTCAAAGATACAATAGCTCCCTTTATAGCTTTTCCTATTGAAGGAAAGAAAGTTGCTATTGATATTTGTATTGAATTTAGTGAAATAAAAGCTAAGAATATTCTCATATACTTTGTTGCAAATTCAAAATATAATTTATCTCCTTCTCCAAATAAAGATATAATTTGTTTAGGAAAAACCTGAAATATTATAAATAAAATAGTTGCTATACTAAATGTAACTTTTAAAAGCAATCTCATTGTTTCTCTAACTCTATGATAATTTTTAGCTCCGTAGTTGAAGCCAAATATCGGCTGTGCCCCTTGAACAAGTCCCAAAACTATTGCAATAAAAATAACATTTATCTTCATAACAATTCCAAAAACTGCTATTGGTATATCACTTCCATATATAGAATTTTTCCCATAAATTTTTAACAAGTTATTGGTTGTAACTAAAACTATCATATTAGAAAATTGATAAATAAAAGAAGCAAAACCCAATGAAATAATCCTTTTTAAATAATGTAATTGTGGTATAAAATCATTTAAAGAAAATTTTACTGATTTAAATCTTGGAAAATATATAAGTAATAATGTGGCTGATACAATTTGACTTATAACAGTTGCCCAAGCAGCTCCTGCTATTCCCCAATTATATACAAACATAAATAAAGGGTCTAAAATTGTATTTAATATCGCCCCTATAACTATTGCAATCATTGAATATTTTGCATTTCCATCAGCTCTTACCAGAGGATTAACTCCTATTGAAAATAATAAAAATGGTATTCCATAAGATGTTATCCCTGTATATTCCATAGAGTATTCTAAAATTTTATCTGTTGCCCCAAAAGATATCATCAAAGGCTCTAAAAATATTCTAACTGATATACAAAGTATAATTCCTATTATAATTAATGTACTTGCAACTGTACCAGCAGTATGTTTTGATTTTTCTGGATAGCCTTTTCCTAATTCTAAGTTAAAATTTGAAGCTCCTCCTATCCCCAAAGTAAGTCCTATTGCTAAACATATAGTTGTAATTGGAAAGGCAATATTTGTTGCAGCATTTCCTAAATACCCTACTCTTTGTCCTATAAATATTTGGTCAACAACATTGTATAGTGCATTAACTAAGTTAGCAATAATTGCTGGTATAGCTAATGATTTTAATAATTTTCCTATTGGTTTATAGCCTAAAGGATTAAGTTCTTTTATTTCTTCTTGCATTTTTTTCTCCTATAATTAATATAATCTATATTTTAACAATAAATTTATTATTTTGTCAATAATTGACAATACTAAAAAAAAGGAATATTCTATAAATGTAAAAATAAACTTTAAATGAGGAAAAAATATGAAAACTAAAAATAGTGATATAGAAAGAATAGAAGTTTTTCAAGGAATATTAAAAAATTCTATAAATGAAATTAAAGATAATTCAGATATAATAGAATTGAAGAAAAATAAAGCACTCTATTCAGATAGACAAGTTTTAGATTATGTATATTTTTTAGTTTCAGGAAATGTAAGTCTTGTAAAATCTAATGAAAATGGGGAGAATAAAGTTATTTTTTTATTAAATAGTGGTGCTATGATAAATGAACCATTAATGAGGAAAAATACTTCTGGTATAGAATGTTGGGGTTTTGAAGATGCAAAAATTCTTAGAATAAGTTTTAAAACTTTTGATAAAATTATGGCTAAGGATTATATTTTGACTAGAAACTGTATGTTATTTATGGAGAAAAGAATAAGAAGATTATATAGACAATTAAAAAATTCAACTTCAACAAATATAGAAAAAAAATTAGCTGCTAAATTGTATAGATTAGGAACTTTATATGGAATTGAAAGTATAAAAGACAAATTTATTTTAATAAATTTGAATTTAACAGTAACTTATCTTGCAAAGATGTTAGGCTATCAAAGAGAAACAGTATCAAGAAGTATAAAATTATTAAGTGAAAAAGCTATTATTTTATTAGAAGATAGAAAGTTTTATATAGATATGGAAAAAGCAAGACAATTCTTTAAGAAATAAGTCAAGAATTACTTTGAAAATAATAATAAAATTTTTAAAACTGTGATAATTATCACAGTTTTTTTATAAACAAAATGATAATATATAAGCGAAATTTTTAATATTTTGAAAAGTATATAAAATTTTTAAAATTAAGTTGAAAAACTATAATTAAAATTCATTTAAGTTTTAGAATTGGAGGAAAAGATATGAAACTTAGATTAAGTATTGAAGAGTTTGATAGGGGCTTAGAAGAATTATCAAAAAAATATTTGATATTTGCTCCTAGAACTTTTGAAAAGAGGGGAACATATTCTGACACAGATGTTGTTAGGTATGCAAAGGTAAATAATTTTTCTGAGATGAATTGGAAAGATAAATCTCATTTTCCAGCAAAAGAAGCATTATTACCTGTTAATGAAATTCTATTTTATTTTACAGAAGATGAGTATAAAGCAGCCTCAGAAGATACCAGAGAAAGATTGGTATTTTTAAGGGCTTGTGATATGAATGCAATAAAAAGAATAGATCAAATATATTTGGGTAATGGGGCTAGCAATGATTTTTTTTATGCTAGAACTAGAAAAAAAACAAAATTTATTGTTGTGGGTTGTAGCAAAACTTTTAGAAATTGTTTTTGTGTAAGTATGGGAACAAATAAAGCTGATAACTATGATGCAGCAATGAATATAAGAGAAAATGAAATTCAACTTGAAATCAGAAATGAAGACTTAAATGTTTTTTCTGGAAAAGAAATAGAGTTTGATATAGATTATGTGAGTAAAAATGAATTTGAAGTTGATTTACCTGAAAAAGTAGATTTTATGTATATACAAAATCATAAGATGTGGGACGAGTATGACAGTAGATGTATAGGTTGTGGTAGATGTAATTACAGTTGTCCTACTTGTACTTGTTTCTCTATGCAAGATATACACTATAAAGAAAATGAAAATATGGGAGAAAGAAGAAGAGTTTGGGCTTCTTGCCAAGTTGATGGTTACACAAATATTGCAGGTGGTCATTCATTCAGACAAAAGCAAGGGCAAAGAATGAGATTTAAAACTTTACATAAAATCCACGATTATAAAAAAAGATTCGGTGAAAATATGTGTGTAGGTTGTGGTAGATGTGATGATATGTGCCCACAATATATTTCAATATCTGAGGCTTATGAGAAGGTTGCTCGTGCTATGAGAGAGAAAGATAATGAAGAATTAATATCAGAAGTTTATGAAAAAGTTGTTAAAGTAATGAAAGAAAAAAGAGAGGAGTAAAAAAATGTGTAATTGTGATAATCCTTATATACCTAGTCCAGCTAAAATTATTGATATTATAAAACATACAGATATTGAATGGACTTTCAGAGTTAATGCTGATACTAGTAAAACAAAGCCAGGACAATTTTATGAAATATCTTTACCTAAATTTGGAGAAAGTCCTATATCAGTTTCTGGAATAGGTGAAGATTTTATAGATTTTACTATTCGTTCAGTGGGTAGAGTAACAAATGAAATATTTGAATATAAAGTTGGAGATAAACTATTTATTAGAGGACCTTATGGAAATGGTTTTGACTTAAATGAATATATTGGAAAAGACTTAGTTATTGTTGTTGGAGGAAGTGCCTTAGCACCAGTTAGAGGAATTATTCAATTTGTATATA
NZ_CP077191.1_gap28	1287530	1288252	722	TTTAAAGTTTCAAGACTTGTTATACTTATAAAAAGATTTGTAAGAGAATTTAAAAAAATAGGTCATCCAAATAAAGTTTTAAATATTAAACTTGAAGGGAAAACATTAGATAAAGATATGCTTGAAGGGGTAGATAGTTACTTTATACTCTATTCAGTTATACTTTTTATTCTATTATTAATTACTGCTTGGGATTCTGATAGTTTTATAACAGCATTAAGTGCTGTACTTGCAACATTTAATAATATAGGACCAGGACTTGGTGCAGTTGGTCCTACATCAAATTTTGCAAGTTATTCAGCATTTACAAAAATTGTTTTATCATTAGGAATGTTATTAGGTCGTTTGGAAATAATTCCACTTTTAATATTGGTTTCACCAAGAATTTATAGAAAAAGAGATTAAATTATTACAAAAAAGAAAGTGCAGTATACAATGAACTGCACCTTCTTTTTTATATGTATTAATATTTTCTCCAACTTGCATACTTTGCTTTTTTATTTTTTCTAAATGGTAGATACATAAAGAAAGAAATTGCTATATCTATTCCAGCAATTGAAAATATATAATATGGCCATGGTCCCATAAAATCAACTAAACTTTTTGTTGCTGGTGGATAATTGACATATAAATAATTTGTTCCTAATCTGTTATTAACAAAATACATTATAAATGCAAGTGTTATTAATGATAGAAAAGAACCAATAAATCCAGCTTTTGTT
NZ_CP077191.1_gap29	1434848	1435427	579	TAAGTCCTACAACAGTTACCCTCAATGCTTTAAAAACTCTTTGAACTACTGGTAATTTACTAAATTTTTTTAAGAATACAACTATAATAATCATTATTATTATAGAAGGTAAAATCACACTTGAAGTAGCAATAGTAGATCCAAGAACTCCACCTATTCTATACCCAACATGAGTTGCTAAATTTATAGAAATTGGACCAGGTGTAATTTGGGAAATAGCAACAATATCCACAAAGTCTTTAAAACTTATCCATTTATTTACATCTACAACTTCATGTTGCATAAGAGGAAGTATTGCATAGCCTCCTCCAAAACTAAAAAGTCCCACTTTAAAAAATACATAAAATAATTTTAAATATATCATTTTTTATCATCTTCTCTTTTTTCCTTTAATATATAGAAAATATTTCCAAGTATCATAGTAGCTATTATAATAACAATTGGAGAAACTCCAAAACGTTTAATCAAGACAGCTACAATAAGTGGTATTACAAAGTTGTATCTATTTATATTAGCAGACTTACCTATTCTATAAACAGAAATTAATATAAGAGCTGTTACAGCAGGTTTTACTCCATT
NZ_CP077191.1_gap30	1445404	1449936	4532	AGCTATACTTGCAATATTGATATATGTTGTTCAAGGCTTTGTTGGTTACCCTTTAACTTCTATTTTATTGAGAAAGGAGGGAAATAGATTAATAAAAATTTTTAGAAATGGTAAAGAAAATATTAGTGAAAAGAAACTTAACAATGAATTAGAGGAAAAAACACTTATCCCTAAGTTACCAGAAAAATACAATACAGTTTATATTGTTTTATTAAAACTGGCTTTTGTAAGTTACTTAGCAGATTGTTTTACAAAATTTATAAATAATTCTATTTTTAAAAGTTCAGTTTTATCTCCATTTGTTACTTGTTTAGTGTTTGGTGTTATTGCAGCTGAAATAGGTTTAGTTGATAGACAATCTTTAAATAAAGCAAATTCTTTTGGTTGGATGATAACTGTTCTTATGGCATTTATATATGAAGGATTAAATAAAGCAACTCCTGAAATGCTGATGGAAGTGGTTCTTCCTCTTATAGAAATTATAATAATTGGTGTTTCTGGACTTTTAATTTTTGCATTTATTATTGGCAAAATTCTTAAAGAATCTCCATATATGTCATTGTGTATTGCATTAAATGCATTATATGGATTCCCACCTAATTATATTTTAACAAATGAAGTTATAAAATCATTGACAGATGATAGTAAAGAAGTAAAATATTTGACTGATAAAATGTTACCAAAAATGCTAATAGGCGGATTTACATCTGTAACCATTGCTTCAGTTTTAATAGCAGGAATATTTTCAAAATTATTGTAAACTATTAAAATTGTTATATCAAAAAATTTTTTTTAATAAGGAGGCTTTTTATGAATGTAAAAGACATAACAAAAAAGTATAAAGATTATATAATTGAAAAAAGAAGATATTTTCATATGAATCCTGAGCCAAGTCTTAATGAATATAATACATCAAAAGTTATTCAAGAAGAATTAAAAAAATTAGGAATACCTTTTGAAATTGTGGCTAAAACTGGAATTATTGCAACTATAAAAGGAAAAAATTCTGGAAAAACTGTTTTATTAAGAGCTGATATGGATGCTCTTGAAGTATATGAAAAAAATGATGTCAGCTATAAATCACAAAAAGATGGATTGATGCATGCATGTGGACACGATGGACATATTGCTATGCTTTTAGGAGCTGCTCATGTATTAAATGATGTTAAAAATGATTTTTCAGGAGAAGTAAAATTACTTTTTCAACCTGCTGAAGAAACTGCACAAGGGGCTAAAGCTGTGATAGAAGAAAGTAAAATAACAAATTCTATAGATGCCGCTTTTGCTATACATTTGTGGCAAGGAGTTCCAGTTGGTAAAATTTCTTTGGAAAGTGGAGCTCGTATGGCAGCAGCAGATTTATTTTCAATTAAAGTAAAAGGAAAGTCTGGACATGGATCTATGCCCCATGAAACTATTGATGCTGTAGTAGTTGCATCTGCAATAGTTATGAATTTGCAACATTTAGTAAGTAGAAATACAAATCCTTTGGATACTTTGGTTGTTACTGTTGGTAAATTAGTGGCAGGAACAAGACATAATATAATAGCAGGTGAAGCTCTTTTAGAAGGAACAATTAGATCTTTTTCAGATGAAGTTTGGAAAAAAGTTCCTGAACAATTAAAAAGAGTTGTAAAAAATACTGCTGCTGCTTATGATGCAAGTGTAGAAATTAATTTGACAAGAGCAACTCCTCCTCTTGTTAATAATCAAGATATATCTAATATTTTAAAAAATAGTGCTGTAAAATTATATGGTGAAGAAGTTGTTACAAAATATGAAAAAACTCCAGGTGGAGAAGATTTTGCATATTTTACACAAGTTGTCCCAGGAGCATTGGCATTTGTTGGAATAAGAAATGATGCTAAGGGAATAAATTCTCCTCATCATAGTGAAACTTTTAATATGGATGAAGAAGCCTTAGAAATGGGAGCAAATTTATATGCTCAATTTGCAATTGATTTTTTAAATTCAGAAAAATAATTAAAAAAAAGCCAATTGCAGATTTTAAAAAAATCTTTTGCAATTGGCTCTCTTTTTCTGTAAAATTTATTTGCACTAAAATATACAGAAAGGAGTAATATCTCATGATTAAAGAAATACCATCCCTAGTTAATTTATCACATATTCTTAATTTTATCAACCCTTTTTTAACTCAACAACATTTTGAATATATTAAGGCTTCTATCAACAAATTCCTGATTTGTCGCGATATTAAAGCTGGTTTCATTAAATATACTTGTATTGAGTGTGGACATTACCATACTATTCCTATTACTTGTAAATCTAGACTTTGTCCTTCTTGTGGTTTTAAATACTCTGCTACTTGGTCTCAAAAAATGATTAATGATATTCTTAATATTCCTCACAGGCATATTCTTTTTACTATTCCTGAAGAATTAAGAGCTTTCTTCTCTTATGATAGAACTTTACTCTCTAAACTTGCCAAGGCTGTTAATGAAGTTATGAAATATCAATTTCATAATATGCATAAAAAAATTGCACGGAAATTTAAAGTTCCTAAATCTTCTCCTAATTATTTTACTAATTCTGATATTGTTCATTATGGACTTATCACTGTTATTCATACTTTTGGCAGAGATCTAAAATGGAATCCACATATACATGCTCTTGTTTCTCTTGGCGGTTTTACCAAAAATTTTACTTTTAAAAAGTTAGACTACTTTCATGTTCCTTCTATTGCTGGGCAATGAAAGTATCTTGTGCTTAATATTGTTCAAAATGGTAATTATCCTAATCTTAAAATTAAAAATCTTGCTCAAAAAGCTGTTTCTAAATTATATAAAGAAGATAAAAGATTATTCTTTAATGTAGGCTCTGGTGATGTTAATTCACCTAAAGGAATTGTAAAATATTTAGGTAGATATCTCGCTCGTGCTCCTATTGCTGAATACAAAATCACTTATTATGATAATGAAAAAATTACTTTTTTCTTTAATGATTTAGCTGATGATAAAAAGAAAAAATATGTAACTATGGATATAGATAAATTTGTTCAACAAATTCTCATCCATTTACCTCCAAAAAATTTTAAAATGATTAATAGATTTGGATTTTATGGGCGCAATATTACAGCAAAATTGAGAAATATAGTTAAGAAATACAAAAAAAGTTTTTCTAAATCTGAATATTCTTTTTATGTAAAACAATCTATTGATACATTTGGTATACATCCATTTATGTGTCCTTATTGTAAAATTATGATGGATATACAAGAAATATATGTAAGTTCTGATTGGTATGGACGGACCATACATAAAATTTATTTCTAATAATTCTCTAATGACCATTTTTCATTAGAGCTTTTTGTGATACAAATTTTTAATTATTTTGAAGATTTTTTTCAAAAAAATACTATTTTTTATTTAGTATATATATGCTACTTGTATTATTTATGCCTCTTTAAATTTATACTTTCCTAATAAATAAAAAAAGGTTAATATATTAGGATAAATTTCCTATTATATTAACCTTTTATAATCCATATTATTTATTTAAGAAATTGATCTCTATAAAATTCCTACAAATTTCAATATTGTTTTTTATAACTTCTTCTTTAGATGAGCCTTCTTCAAAGGTTATAACTACTTCTCCTGCTTTTTCCTTTTCAACTAAAAAATTAAAAATATCCTCATCTGTTCTTGTTCCATCAAACAAAGTCATTATAGATAACATTATTGGATTAATTGTATCATAATTTATTGTACCTTCATAACTTGCTAATGCTATAACTGGGTTAGGATTAGTTATGAAATAATCCAAATATTTTTTGTATTTAGGATTTAATTTTATTTTTTCTTCTTTCTTAACAGTAAGTTTTCTTGAATATGCTTCTACTAATTTTCCATACATTAAATAAACTGCATTTGCATAGACATTATTAGTTTCAAGTTTATTTTTTTCTCTTACTTTTTTTTCTAATTCATCTATTGTTATAGTATTAGGATAATTTTCACTTAAAATATCTAAAATTAAGCTCACTTCTTCATCTTTAATTTCATTATTTTCTATTGTGTAGAAGCCATCTTTATTTTTTTCATATTTCCCTCTGATATCTATTTCTTTTAAATCAGTTATACGGACATCTTTTGAAATATTAATTTTTTCTTTATTAGCTTCATGTGTTACTATACTTATTCTAAATTGTCTATCCAACAAAAAATCATAATATTGTTCTTTGGCTATATTATCATTACCACATTCAGCAGTTAATTTTTCTTCTATTTCATTTGAGATATTTGGGAAAGTTTTCATCAAATCAGAATCAACAACATGGATTAATCCATGTTCTAATAACATTTTATTAAAATTATATAAATACATTGGTCTATTATTTTCTTCAAAATATTCATGTAAAATATAGTAGTCATCTTTTTCTGTTATTCCAGTGATACCAGTTTTTATTTTTTCATTCAATATAGAAAATTGGCTTAAAAATTCTATTGCTCCTCTTCCATATTTTACTGCATTACTTTCATTTATTTGTTCTCCTCTATTTTTTAACATTTCAT
NZ_CP077191.1_gap31	1456084	1459687	3603	CATAATATATGATTTATCTGTAATACTTAAAGTTTCTCTTACATTATGATCTGTTATTAATATTCCTAAATCTCTTTTTTTTAGATGTCTTATAATATTTTGTATATCTTCAACAGCTATCGGATCAACACCTGCAAAAGGTTCATCAAGCAATATAAAACTTGGGTTATTTGCTATTGTTCTAGCAATTTCTATTCTTCTTCTTTCTCCACCAGATAAAGAATAGCCCAAAGAATCTCTTACATGAGTTAGTTTAAATTCTTCAAGTAATCTATCCACAGTTTCTTTTTGCTTTTTCTTAGAAATTTTTTTCATTTCAAGTACAACTTCTATGTTTTCTTCAACTGTTAAATTTCTAAAAACAGAAGGTTCTTGTGCAAGATAACCTATACCCATATCTGCTCTCTTATACATAGGTAAATTAGTTATATCCTGTTCTGCACACATAACTTCTCCACTATCTGGTTTTACTATCCCAGTTATCATATAGAAAGTTGTTGTTTTTCCTGCTCCATTAGGACCAAGAAGTCCAACAATTTCTCCTTTATTTACCTCTAAGCTAACCTTATCTACAACTTTTCTTTTTTTATATGTTTTTACAAGGCTATCAGCACTTAAACTTATCATTAACTACTCCTTTTAAATTTTCTACAAAATGTAAAAAATAGTTCGTTACTACCCAGATTTTTATTAAATAATTTTTTGAAATTAAGATTATATAAATTTTCCTTATTATATACAACTACTTGACAGCCATAAATGTTTTTCAAGCTCCTCAAAAGCTTTCCAAACATTTATGGACGGCGCAGTAGTTTCAGTTAAAATTGATTTAATTATTCTTTCAAAAAAAATTATTAAAACTTAATAGAATGTAACTTTCTTATTCTTTTACATTAATAAAAATATTTATAATAATTATTTTTTCTTTGTGGATGTTGTATCATTAAATATGCTACTTGCTGATTTATCTGATGTATAATCAACATGAACATTACCTTTTGCTCTTATTTTTCTATTAACTATATCATAATGTCCTTCATTAGCAGTTATAACAGAATCTTTAGTAACAACTTTTACTCTATCATACACATCAGCCATTTGTTTTGTTACAGTACCTCTATCAGCAGTTAAAACAGTTTCTTCTTTTTTCTCATTTATATTTTTTACATAGACATTTTTATTTAATTTTATTAGTTCTTTATCTATATAACCAGTAACATCATCTGCTTTAACTAAGGTATTTCCCTTTTCTCCATCATCTATTGTTAATACAGGTTTATCTTTTGCATAGACTTCTTTCTTTATTAAATCCAGTTCCATATAGTTAGATACTATTTTTCTATTTAACTGTGTGAAAGTAGATTTTGTATTAACTATAACTTTTTTAGCTTCATACTTATTATTAACTTTACTCATATATAAATCTGCTTTATCTCCTGTAAAGTAAACATCTCCTTCTTTTTGCTTAGATTTACCTTTTACATTTCCTGTAAAATGAACTACGTTATTAATATTTCCTTTAGCTTGATTAGAAGAAAAATCATTTCCATCAAGTGATTTTACATCTGCATTTTTAACAAAAATTTCTCCACTTTCTTTATTTACTTTTCCATAAGTGGATTTTACAGTATATTGATCATAATGTATTATACTATTTGTAGGAGTTTCTGCATCCTTAGTATCAAGATAATATACTATTTTTGGTCCAGATATGTTATCTTTACCAGAACTTAAATAAGCATTTCCAATTAATTCTAATCTTCTATTTTCTTTATTATATAGAACTATACTTTGTGCTTTTGCAGATCTATCTGGCTCTTTCATATTAAAATTAGTTCCCTTTAATATAGAATCTTTTGGACTATAAGTAGCAGAACTTACAGAACCAACCATAGACTTTACAGGGTCATTAAATTTTACTGGTGTATTTATATGAACTAATTCATCTTTATATGAATATCTAGCATTATCTACAAGCATATTTGTTGTATCTTGTTTTACTTTTATTGGTCCAATTAAATCTACATAATCACCCTTTTTTATAATAATCTCTTTTGCTGTTCCAGACATTTTATCTTCTTTATTTTCAAAAGGAATAGGTCCTTGAAGTTTACCTAAACCACTTATATTATTATATACTAAATCATGTCCTTTCATAATAGTGCCTTTATTATTTAGTATAATTTCACCTGGACTTGTAAGTTCCCCTGTCTTTTTATTATAAGTAATACTTTTACCATTAATAGTAGAAGTTTCATCAGTAGACTTTATAATATAAGGTTCAGGTGCAGATAAAATTCCTGTTTCCTCCTTATATGTTACATTCTTAGTTGTTAAACCATAATCTTTATTCTTTACAGTAATATTTTCTTTTGAATAAAAATCCTTAGTTCCTAAATTATATACAATATTTGTTCCTGTTATTCCTTCACCTTTTTCATTCCAAGAATCAAAAGGTTTATCTGTTGTAATTTCTTTTGTAACTGTATTATAATGTATATATTCTGCTTCTAAATTATTTGTAGGTGAAGTATATTTAATTTTATTTCCATACATGTCAGCTTCTTTTGTTTCACTTGAATATACAAAATTATCTAAATTTAATTTTTCACCTTTTGTAGAAGTTATATCAACATTTCCAAAAATTCTAATTTTTTTATCATTAATATTATATTCACCTTTATCTGCTAACACAGAATATATAGGATTTCCACCTTTAATTTGACCATAGACATTTATTATATCACTATTAGGTTCTTTTTCAATATAACTAACATCAAAAATATAATCCTGATATGTAAATTTAACATCCCCTGTTACTTTAAAACTTTGAGTTGTTTCATTTAAAACTATATCCTTACCCTTTAAGCCAACTTCATCATATTTCATATCAAACCCATCTGTTGCATATAGATTTCTTTCATTTAGATTAAAATAAACTTTTGAAAAAGTTCCTGATATTTCTTTTTCTTTTTTATTATTAGAAGTATTTTCAAGAGATTTTACATCTTTAAGAGTATTGATATCTCCAACTTCTCCTATCCTATTTGATAGTTTAATATTTCCTTCAAGTGTTATTATTTTAGTGTTATTATCATAATTTGCTTTATCAGCTAAAATAGAAAATAATTTGTTTTTAATTACTACTCCATCTTCCAATGTTATATTATCCATAGAAATAGTTGTTTTAAATTTATTTGCTAAGATTTCTACTCCCTTTTCTTCATTCTTTGCATACATAGGCTTTGTAGAAACAAGCTCCTTAGTTTCTTTATTAAACTTTAATTCAGAAGCTTTAATCTCCCAACCATTTGGACTTATCCCTAAAATATTAGTATCCAAAGTTAAATTTTTATCTTTATCAAGAAAAACATTGTCTCCACTTAATATCATTCCTTGTATTATAGCCTTAGCTTTCTCAAATTTACTTTCTTTTTCATCTAAATAGTCAATTTCTTTTTCAGCTTCCACATGATAATCATCACTTTCATAAACTGCATTGATTGTTTCTACTATTTTTTTTATATCTCCAACTTCTTTATCAGAACCATAATAGTTAAAATATACAAGCACTAAGGCTACTACTCCTAAAACAATATATAT
NZ_CP077191.1_gap32	1462489	1467147	4658	CATAATCACTTATAGTATTTATTTTTCTTTTTGCCTCTGCACAATTTTCTATACCTTTTAAATACCAAGAAATATGCTTTCTTATATCAAAAATAAATTTATTATCATTATCAACTCTTGTCCTTTTTAAATGTTCTATTGCCATATTAATTTTATCTTCTTTTGTAGTTGGAGTTTTTATTTCTCCATATTTTAAAATTTCTCTAATATCTCTAATAAGCCAAGGATTTCCAAAAATTCCTCTTGCTAACATAACACCATCAACATTAGAATAAGATATTTTTTCCAAAGCATCTTTTCCTGTAAAAATATCTCCATTACCTATAACTGGTATAGAAATATTATCTTTAACCTCTTTAATATATTTCCAATCTGCTTTTCCTGAATATAATTGTTCCCTTGTCCTTCCATGTACAGTGATATGATCACAACCTATTTCTTCTGCTATTTTTCCAATTTGAATATAATTTTCAGGTTCTTTATATCCTATTCTAATTTTTATAGAAAGTTTGGTACCATCATTTAAAACTGATTTTATTTCGGATAATATTCTTTTTATTTTTTCTGGTTCTCTAAGCAAAGCTGCTCCATATCCACAATTTACAATTTTTTTCATAGGACAACCACAATTTAAATTAATATGCTTTACTCCTAAATTTTCTATATATTTAACACTAGCTTTTATTTTAGCAATATCTTCTCCAAAAATTTGAACTGCATTGCCCTCTCTTAACTTTAAAATTTTTGAGATAGTCTTATCATTTAAGACTGAAAGTGCATTTACACTTACCATCTCTGTAAATATTAAATCAGGTTTAAAATCCTCAAGTATTCCCCTAAATGTATAATCTGTTACTCCTGCAATAGGAGCTATATAAATTTTTTTCATATTTTTTCTCCAATCTTAAATATTTTTAAATTTTAGCATATTATTTTATATTAGAAAAGTGTATAATACATTTAAGAATAAATTTTAATTGAAGGTGAATTTTATGAAAAATAAATTATTCAATATTATATTATTTATTTTTTTATTAAATAGTTTTCCTGTTTTTCCATTAGACGATAATATTATTAAAGAAGTTAATCCTATTGAGTCTATACATTCTGATGAAAAAGATTCTGTTTCTTCTGATACTATTGATAAAGAAAATATTATTTCTGAAAATTCTTTATCAGAAGAAAGTATTTTGGAAGCTCCAAGAAAAGATTATACTTCTGATGAATTAAAAGCTACAAATATAATAAGCACAAATAAAGATTTAAAAAATAATAAAAAAGAGGAAGACAATAGAGAAGATAAGTTTGAAGAAATTACTGATAGAACAAATAGAATAACAGCCTTAGGCTCTGCTATGGGGGCTGTTGATTTAAGTAAAACTCCTACTAAAAAATTTAGAGTAGGGGCTGGAGTTGGACATTCAGCTAATAATCAAGCTGTCGCTGTGGGAATTGGTTATGCTCCAACAGAAAGATTAAGATTCAATACAAAAATATCCACTACAACAACTTCAAACAAATCTAGTGGTATTTCTGTTGGTGCTTCCTATGATTTAGATTGGTAATAAAAAAGCTATTACATTTTATTTATTTGTAATAGCTTCATTTCATTTATTTTATAGACCTATTAAATTTCCTGCTCCACCTAAAATAGCAGATACTAACTCATTTGGATTTGTTATTTTCCATTCACCTTCAACTTTTTGCATTTTTACATTTACATCATTTTCAACATACTCTACATTTTTATCATTTAGTACATTTGTAAAATAATCAACAGAAAATTTATTGAATTCTTCTTGTTTATCAGCTGGTATATTTTCTCCATACTTTTTTGTTACAGCTGCAATATACTCATTTACATATTTGCCTAAATTTATTGCTTTTATAGTTACATTTAATTCTGAATTTTCCCCTTTTTCTTCAACTTTATTTACTTTAAATGTAGCTTTACTGATAATTTCTGCCATTTTTTTTGAGCCTTCATCAGCACTTTTCATTTTTTCAGTTAACACTGAATCAAATTCCTTAAATCTTTCCTCAAAAGCCTTTTGTGAATCTGGTTTTCCACAAGCTACTAACATAAATAATGCAAAACTTAACAATAGATAATGTAAAATTTTTTTCATTTTATTTTCTCCTCCTTAAAATCTAGTAATATTAATATGTAAATACAAATTTTAAAGTAATTGTTAAAAATTAATTTTGTGGTCCTTTTATAAATTCTTCTAAACCACCAAATATACCAACTACAATATCATCTGTATTTATTACTTTCCATTCCCCATTGATTTTTTCCATGTACACTTTTACATTTGTTTCTTTGTATTCTAATTCTTTCTTTGATAAATCAGAAAAATAATCAACAGTTGCCTTAGAAAATGCTTCTTCACCCATATTAGAATCTATCAATGGTTTTAAAGATGCCATAAATTCAGTTAAATACTTTGTTAAATCCACTGCCTTTATAGTTACATCAAGTTCAGATTGATTTCCATTTTCTTCAACTTTATTAACCTTATATGTTGCTTTTTCCAAAATTTTTGCCATCATTTTTGTAGCTTCATTATCGCCTTCACTCATTTTTTTACTTATATCAGTCATTGTTTCTTTGAAACCTTTTTCAAAGGCTTTTTGTGAATCTGGCTTTCCACAAGCTACTAACATCAATAATGCAAAACTTAATAATATATAACGAAAAATTTTCTTCATACAACAATTCCTCCTTAAAACTTTACCATATACTAACATAAATTTAAGAAATTTTAAAGTAAGATATTATTTATTTTTAAACCACTATTTTTTTCAAATTTTTCAATAGACATTTCCTGTAAAAATTCCCCTAAACCTAAAATTTTAGAAAGTTTTAAATATGAATTAGTAAGATGAATGGGATTTAAAAATAGCTCATTTCCTTTCTTTTCCATAAAAATCATAGGGTTTGAAATAGCCTTATTAGCGTAAATCATAGGAACAAAAAACTTTCCATTTGAACCTAATAAATACTGAAAATACCTTATAATACAAAGACAAATATAACAAAGAGTAAAATGTCCATGAAGATGTTTTTCAGAAAACTCTACATCTGTTATTTTAAATTTATCTTCTATGTTCCATGTATGTTGAAAAATATTAGATATCTCATGAGGCTCTATAAGTTCTTCATCAGTCATCAGATAAATATAACCACTTCTTCCATTTTTTTCCATATAATCTTTAAAGGCTCTTTTCTTTGACCAATAGATATAAAGTTTTAAGTTATTATCAATATTTATAATCTTATTTTTTTCAAGTATTTCATTTGTCTTTATATCTTTTTCTACAATTTTCCACTTTGTTTCTTTTAAAATTTCTTTTTGTATTTCTGAGTTTAAATTTTCAAATAAAATGGAACTTATAAAATTTCTTTTTTGAATTCTATTTTCTTGTGTAGAGACCAATACAAATTTAGAAATTTTAAGTGTTTTCTCTATTTCTTCCAGTTCTTTTTCTGAAAATTTTTCTTTGATGAATAATCTATAAGAAAGAGGAATACCATAAGAATCAAAAAATAATGCCATTTCAAAATTTAGTGTTTCACTTTCTCCTTGAATATCTGAAACTGGCAATCCATATAAAACTTTCCAATATGAATTATATTTATAACTACTTACATAATAATAAGCTAAATCTTTTTCTCTTCTAGTTTTTTTTTCAAAAAAATTATTAAAACACTCTATTAAATCTTTTTCTTTTTTTTCAAGTTCTAATAAAGTTTTATAGAAATCTGAATGAGTAATAGATTCTAAATTAAGAAATGGTGTTTTTCTATTCTCCAAAAAAGTAGAGTAAGAACTTCCCAATCTATATACAACAAGAGAAAACAAAGTTTTTGAAAGTGCTTCTCCTAGTACCTCTTCTAAATCTATTTCTTTCCACAATGAATACACTAAACTATGTCCAAAACGAAAAAGTATGTTTTTAGATGTATTTTTCTTTCTTTCATCTGTCAATATTTTGGCTTCTTTTTTTAATTCTAAAATAATATTTGGATTTTCCCTTAAAAGTGCTTCATAATTTCCTATTGTCTTTACTACTATCGTCTTTTTTTTATTAGTTTTTGCTATTCTATGTTGCTCACAAAATTGAACCACTCTTGATTTACCTTTTCCTGTAATTGCCACATACATATTCATCACCTTTTTAATTATAACATATTTTTAAATAATAGGACATAAAAGGACAAAATTAAAAGAATTTGATTTTTTTTATAAAAATTGTTAACCTAAACAAGTAAAAAAATAGCTTTACAGGAGGTTGAAATGGATAAAGATAGTAAAAGAAATAACATTTCCAAACAAATTAATAAAGAGGTCTTAATTACAATAGTGCTTTATTTAATTTATTTTATTTGGTGGTATTATTTTGCTTATGAATATTCTTCTGATAATGTTGAAGAATACAAATATATACTAGGTTTACCTGAATGGTTTTTCTATTCATGTGTTGTTGGATTAATTCTTATAAATATTTTAGTATATATTTGTGTAAAATTTTTCTTTAAAGATATTGACTTTGATAAATATAATGAAAATAATGAATCAAATAAAAAATAAGGAGTTAGTTAAATGAATAAAATTTTAATTATAATACCAATAGCAATTTATTTGATTGCTATG
NZ_CP077191.1_gap33	1481486	1486239	4753	AAGTTTCTATATCTTTTAAAGTCTTTTCTATTCTAAAAGGGGACTCATATATAACTATTGTTCTTTCTTTTTCTTCTGCTAGTTGCTTTAAAAGAGTTTGTCTACCTTTCTTTTTAGGAAGAAAACCCTCAAAGCAAAATCGTCTCATACTTATACCAGCAATAGAAGCTGATGCAGTTAATGCACTTGCACCAGGAATTGCAACAACCTTTATATTATTTTTATGTGCTTCATCAACAACTTCATAACCAGGATCAGATATACAAGGTGTCCCAGCATCAGTAACCAAAGCAATATTTTTTTCTTCTTTTAAAAGATTAATAATATTTGCTACTTGATGTTGTTTTGTATGTTCATCATATCTATATACTGTATTTTTAATTTCATAATGATCCAATAATTTTTTTGTTACCCTTGTATCTTCTGCAAAAATATAGTCAACTTCTTTTAGTGTCCTTATTGCTCTAAAAGTCATATCCTCTAAATTTCCTATTGGCGTTGCAACTATGTATAACATAATTTCTCCCTTATTTCTTTTGTAACATTTCTTTCAATGTTTTTATCCCTGCTTCAAGTTGTATATCTTTATGAGTATCAACTCCTTTTGCAGCTTTTTCACCTTTAACTTCTTTTATTATCTCTTTTTTATTTTCTTTTTGTTGATTTTCATCTATATTTGTTATAATACCATCAGAAATTAAATAATAATCTTTATCTTCAACCTTTTTGTCAGGCTCAATTCCAGTTCCATCAATAGAAACTCCATTTGGAGTATAGTATTTTGCAATAGTTATTTTTATTCCATCTCCATCAGGTAGAGGTAATAAAGTTTGTACACTTCCCTTTCCAAAAGTTTTTTCTCCAATAAGTATTGCTCTTTTATGATCTTTTAATGCTCCTGAAACTATTTCTGAAGCTGAGGCACTACCACCATTTATTAAGACTACCATAGGGAAATTTCCAAAGTATTTACCTTCTCTTGTATATACACTTTCTTCTCCCTTTTTTTGTCTTGTACTAACTATTTTTCCCTTTTCAATAAACATTGAAGCAATTTTTATTGATTGACCTAATTCTCCACCTGGATTGCTTCTTAAATCAAAAATTAACCCTTTCATTCCTTTAGCTTGTAAATTTTCTAGTGCTTTTTTCATATCAGGATAAACATTATCCCCAAATTGAGTAAGCCTTAAATATCCTATTCCACCATCAAGCATTTTACTTTTAACATACTTTAATTCTATTGTTTCTCTTTTTAATTCAAAGACTTTAGTCATCTTATTGACTTCTCTAAAAACTTTAACCTTAACAGTTGTATTTGCTTTTCCCTTTAATCTTTTTGAAGCTTCTTCACTTGTTAAGTTATATGTTGACTCTCCATCTATTTCAACAATTTTATCTTTTGGTTTTATTCCAGCCTTATATGCAGGTCCATCTTCTACTGGAGAAACTACTGTCAATGGTTCTCCTACTTTCTTTTGGATAACCATTCCAACTCCAACATACTTTCCTTTTATATCTTCTTGAAAACTTCTCATTTCTTCTTTTGTAAAATATACAGAATGGGGGTCATCTAACGATTCTAACATTCCTCTTAATGCCCCTTGCATTAATGATTTCTTTGTAACACCTGTATTTTTTCGTATAGAATTTTTATTCTTTTCTTCTTTATTTTTTTGTGCATTTGCATTTTCAACATAAGTGTCTTGGATAACATCCATAATATCAGATATTTCTTTTAGCTCCCTCATATTAGATAAAAATCCTCTTCTATCATCTTCTGTAAAAGATAGACTTGAAATTACAATCATTAAAATTGCAGCTGCTTTTTTTAAAGTTACTTTCACTTTTTCTCCTCCCTGTTAATCATTAAATAATTTATCTATTTTATTTATTATTTCTTCATTTGAAAATTTATTTTTTTTAGAAAATTCTGCTAAATATTCTATATTCCCTTTTGTACCTTTTATTGGTGATATAGTTAAATTCTCTAAAAAAAGTTGATAATTTTTTGCTTCTTCTACAACTTCATTTATTACTCTTTTATGGACACTCAAATCATTTACAATTCCTTTTTCAATTTCATTTCTCTCAGCTTCAAACTGAGGCTTTATTAAAAAAATAGCAAAGCCGTTCTCTTTTAAAAGTTCTTTAATTTTATACAGAACTTTTTTTATTGAAATAAAAGAAATATCCATCACTATAATGTCAATTTCATCTTTTAAATCACTTTTTTCTAAATCGTTGATATGTTTATTCTCTATACTTCTAACCCTACTATCATTTCTTAACTTCCAGTCAAGTTGATTAGTTCCAACATCAACAGCATAAACAAACTTTGCACCATTTTGTAATGAACAATCTGTAAAACCACCAGTGGAAGCTCCTATATCTAAAACTATTTTATCTTTAAAATCTAAATTAAAAATTTTTATAGCTTTTTCTAACTTTAATCCTCCACGGCTCACATAAGGAATATCTTTTTCTTTTATTCTAATAGACTTTATTTTATTAAGTGAAATTATTTCTCCTGGTTTATCTATCTTTTGTTCATTGACTATAATATTACCTGCCATAATCTGTCTTTTTGCTTTTTCTAAATCTTCAAAATATTCATTTTCAACTAAATATTGATCTAATCTCATTTTATTTTTCAAAAATTTTGTCATCTATCATATACTCCATAAGTGGATTTTTCATAAATAAATTATAAAAACCTTGTTTATCAACAAATTTTTTTAATTTTTTTGTTTCTTCTGATCTCAAAACAAAAAATTTATCTCCTATTGGTACTCTACCTTTTTCTTTATAGACTTCTAAAAGTTCAGCAAAAGTTTTTAAATTAAGTTCTCTTTTTGCTCTTCTTATCCTATCTTTTATAACTGCTGCTGTACAATTTAGTTTTTTTTCAATTTCAGTAAGTCCTAGCCCGTTTACAGAATATTTTAAAATATCATTTGCTTGAATAGGATTTATCCTATGATATTTTGCAGATTCCATATCTGCTATATAAACTATATTAGCTTCTTCTGTTTCAGGTTGTACCTTTCCCCATTTACCATGATGTGATTGAACTATATGTGCTATATTTTCTCTAACTTCTTTTATTAATGTGTACCCTAGATGCTTTTCTATTAAATCTAAGACCTCATAAACCTCAGATATTATATATTCTGGATTTTGTATCATCATTTGGGAATGAGAAAGATTTTCCTCATTTCTTTTAATACTTGACTTACTTATATCATGCATTATTATCCCAACTGTAATAGCAAAAAAATCAACATTTTGTGAAGCAATTTTTAATTTAACATATTTTTCTTTTATTTTATTAATTGAAATATTTAACACATCATAGGTATGAGTTGAGACTTTCACACCCTGATCATCACATAATTCAAGATCTTTTATATCTTGAAAATTTAAAAGGCAATCAATAAATTTTTTAGACTTACTATTTTTTTCTACCATAAATAAGTTCCTCTATTCTTTCTATTAAACTTTCTCCCTTTAACTTTTCTTCTTTTAGCAACTCTTCTCTTTTTCCATGTGGAATAATAGCAGAATTTAAAGCTATTCTATGAATTATTTTTTGTATTCCATTATCATTTAAAAATTCAAGAATAGATGTACCAAAAGAATTTCTCACATAATTTTCTTCCAAAACAAAAATATTATCGTATTCCTTTATATAGTTTAATAGATAGTTTTCATCAAGAGGTTTTACAGAGGCTGCACTGACTATTGTGCAATCAATTCCTCTATTTTTTAACTCATCATATATTTCTAATATTATTTTTAACATAGTTCCTGTTGCTATAAATAAATTTTTACTTCCTTTTTTTATTTCTTTCCATCTTCCAATTTCTAGTGGTTTTTCATCTTCTATATCAAATATACTATCTCTTGGTATCCTTATAACCAGTGGACCTGAATTAAAATTTTTAGATATTTCAAGTGCCTGTTCCAATTCCTTAGAGGTTGTAGGACATAGCACAGTAAAATTTTGAATTGATAAAAAGAAAGATAAATCATAAACCCCATTATGAGTTTTTCCGTCTTCACCAACAATTCCACTTCTATCTATAATAAATCTAACTGGTAAATTTTGTATAGATATATCATGTATTAACTGACTTACAGCTCTTTGAATAAAGGTTGAATAAATACATACATAAGGTTTCTTTCCAGATTTTGCAAGTCCTCCTGCTAAAGTTACTGTAAATCCTTCTGCTATCCCAGTATCTATACATCTTTCAGGAAATTCTTCTAAAAATTTATGAAGTCCTGTACCTTTTATCATAGCTGCTGAAAGAGCATATATATCTTTATCTTCTTTTCCTAGCTCTAAAATTTTATTTCCAAAAACTTCTGAATAAGAAACAGAACTTTTATGCGTATTTCCTGTTTTAATGTCAAAAGGTGCTATTCCATGAAACTTTTCTTTATTTTCTTCTGCAAAACAATAACCCTTTCCTTTTTCTGTTTTTACTAATAAAATTACAGGTCCCTTTAAGTCTTTTATTTTTTTTAACATAGGTAAAAGTTTTTCTATATTATTTCCTTCACATACATTAAAAAATCTAAAACCTAAACTTTCAAGTGCATAAAAAGGAGTTACATAGCCTTTAATTGATCTTTCCATTCTTTCAAGAGTTTTTTTAATTCTATTTGCTTTTATTTTATTGATAAAAGATTTAACATCTTCTCTAAAATTCAGATACTTTCCACTTGTTATTACTCTTTTTAAAAA
NZ_CP077191.1_gap34	1488522	1489128	606	AAAATACATGCCCTGCTGGTGTTTTTACAGATAAAGAATAAGAATCTGCTATTGAATGTGTTACTTTTACAAATTCAACTGTAAAATATTTTCCTACACTCACTTTACTTCTTGAACCAACTTCAACCATTTTTGGTAAATCTTTTTTTACTCCAAAATTTTCAAACTTAGATTTTATTAAAGCATTTGTTAATTTTCCACCATAAATAGCAGTAGATTTATCTATTTTTTCATACAGATAAGGTATTCCTCCAATATGATCCTCATGTCCATGAGTTACAAATAAACCCTTTATTTTAGATTTATTATTTTCCAAAAAAGTATAGTCTGGAATCACCAAATCTATACCAGGTAAATTTTCATCTGGAAATATTGCTCCTGCATCTACAATAATTATTTCATCTTTATACTGAATTATAGTACAGTTTTTCCCAACTTCTTCTAAACCACCTAGCGGGATAACATACATTTTATCCAAATCTTTTTTTGAAGTTTTCACTTTTTTGCTATTATTTTGAATCACTTCAACTTTTTGTATTTCTTCTTTTTTCTTTTTTTCTTTTTCAGCCACTTTTTTAACTACTTTATTTTTAACTTTTTTACTTT
NZ_CP077191.1_gap35	1508883	1510772	1889	TTCTATTTGCAAGTAAAATTTCTTTTGCTTGTTCCAATGTTGTTCCAACAGGAGCAGTGATTAAACCTTTACTTGTCATTATATCTCCAACAGGTTGATCAAGCTCCTTACGATATTTAATATCTCTATTTGTAATTATTCCTATTAATTTTCCGTCATCTTCTATTACAGGTAAACCTGAAATTTTATATCTACTCATTAATTCTTCTGCTTGGAAAACTCTACTATCTTTATTAAGTGTTATAGGATTTGTTATCATACCACTTTCTGATCTTTTTACTCTGTCAACCTCAGCTGCTTGTTCTTCAATAGACATATTTTTATGAATAAAACCTATTCCTCCTTGTCTTGCAAGAGCTATTGCTAAGTCTGATTCAGTAACTGTATCCATAGCAGCACTTAAAATTGGTAAATTTAATGTGATTTTTTTTGTAAGCCTTGTTTTTAAACTGACTTCATTAGGAAGTACATTAGATTTTGCAGGTATTAATAGAACATCATCAAAGGTTATTCCTTCTTTTACAATTTTTCCATTCATCATTTTTTTCTCCTTAATATCAATAAAATTTTATATAGATAGATTTTAACAATTAATCATAAATTTTTGATATTATAGCACAAAAAGCAATCTTTTTAAATATACTTTATAAAAGATTATATTTTATTAAATTCTTTTTAAATCACTAACCATAGAATTTATATTAGAATTAACTTCTTGTCTTAATTTTTCTGCTACTTTTCTTTGTATTTCACTAGATCCTAAGGTTCTATTATCTGAATCTCTATAATTAGAATCTGGTGGAACATTTCCTGAATATTTAACATTTTTTACTGTATTTCTCACAGTAACATCATTATTTATATTATTACTATAATAACTTCCTCTCATAGATAAAAAATAATGAATAGTTCCTACTTCCTCAATAGTTGTAGTAGTTTTTGTAAAATTAAACACTTTTATTATAGGCTTTCCAGCTGAGTCAGTTCCAGTTTGTACTTCTTTACTCATTTGTTCTGTATTAGTATTAGAAGAAGTATTATAACTATATTCTCCATTTTTATATTCAATAAAAAGTTCTACTCCATTACTTACAGAATAACCTATTGAACTCATGGCATCATTAATCCTGCTTGATATTTCAGAATTATTTGAACTTAAACTATATTTAAAATATCCTTTTTCTTTTGTTTCACTTAATAATTTATTAGTGTCCTTATAGTTTGAAACATATTTTTGAGCTTCTCTAAAATAATAATTTGCAGCCCTATATTTTGCTTTTGAAGAACCCGCATTTCTGTATTCCTCCATACCTTTATTATAATTATCCCTAGCATCATTTAAATCAGCTTGATGTTTAACATTTTCATAATTTGAATAAGAGTTCCTATAATTACTTTGATATCTTGAATATATTTTATCTGCTTTATAATAAAGATTTTGAGCACTTCTAAGATATTGATTACTTCCTTGTTTTTCTTCCACCTCTGCAAGAGTAATATAACCATCTGCTCTATGTTTTGCAATTTCTTTTTTAAAAGAACTATATAACTCTATTTTACTTTTATCTAAGTCAGGTCTAGATTCAGCTACTCTACCTATTGAATTATCCATATTTATTACATAGTCTATAATTTCCAAAGCATAAGCATGATTTTTTCTTATATCTGTATTTTCTGAAAAGAGTTCTTTGTTAGTCTTTAAAGCTAAATTAAAAATATCTTTTATATTATTAGAAGCTAAGAAATCCTTTTGTGCTTGAAATTCTCTTGAATACTCACTGTTATCAGAAGCAATATATATTTGAAAAAGTTCTACATTAGCTTGATTTCTATCTGTTAATTTTTCACTATTTTTAAGTTTTTTATAATATTCAAAAATATTTGAGAAC
NZ_CP077191.1_gap36	1562645	1566592	3947	AAACTAATTTTTATTGTGAGATTAGAATATAACTCTAAGTCCTAATCCTCCTCTTATATTATGTCCTTTTGTATCATATCCTGCATTTGCTGTTACTCCATATCTTTGGTTATCTAGTCCTAGATTTAAGTCAAATTTTACATTGCCTCTTCTATCTTCTTTTTCTCCTCTGATATTGAACCAGTCTGCATTTGTATGAGCTACTCTTGCTTTATTCTTTCCATTTGCTACTCTTCCTAATTCATTTTCATAGGCTACTCCTAATCCAACTCTTAGTGTCTTTCTATTAATAAAATGTCTGAATGCAAGTTCTGCTCCTATTTCTGGACTTACTGAGAAGTAATCATTATGTTTTACTTCTAATTTTATTTCTCCTGATTTTTCTCTTATCTTACTTACTCTTCCATATTCTAAGTTCAATGCTACATATGGTGACAATGAGAAGTCTTCACTTAGTCTGAAACTCTTTGTTAATTGATTCTTAACTCCTATTCCATAAGTATAATATCTTGCTTTTGCATTAAAGATATCATCTACTACTAAATATTTTCTGTGCATCTTATTATATCCTACAAAGATATCTCCTGTTATTGTCCAGTTTAAACTATTGTTATGATCAAATGGTACTGATTTTAATAATCCTACTTTACCTTGTAATTGTTCTTCTTTTGATTTTCCAATATCTTTAAACTTAAATGTATTTTGTACTATACCTGTGTACCAACCTACACCTCTTCCCATTTTGATATCTTCATCTTCATGAACATAAGCTACACCATAAGCATAATTCTTGTAATCAATTACTCCAGCTGTATCTGTCTTATATTCTCCTCTAGTTCCAAATACTTTTACTTTATTTGAATCTTTAGATACAGTTTGCCATTCATTTCTTAGATAATCAAATTCTTTATCCAATACTTTTCCTGTTGATTGTATTCTTTGTTGAACATTTGCATATTGGTGTCCCATCATTTCATCTGTTGCTTGATAGAATAGTACTTCTTCATTATTTCCAATAGAATTTAATTTTTGGAATACTCCATTTTCTCTTGTTCCTATTCCCTCAACACCATATCTTTGTTCTAATCCATCTAAGAAGTTATATGTATCTTTCTTATCAACTGGTGTTGACATTCTTCCAGACCAAACTGTATATGGTATTTTTGCCAAATATGCATTTCTTATTGTGTAATCAGGTAATTGAGTTATTGAAGCCATCCAAGTTAATGAAGCTGCATAAATATTCCATTTTTCAATTCCTGATGTTCTTATCATATCATTGTATGGTTCAATTATATCTTGTCCTAATTGAATATACTTAGATGTTGTATATTTTGTTGCTTCTACCCCTATAATTAAATCTGATTGAGTTAATCCTCTTAAAGCTCCAATATTAGTTATAGGTCTTGTATAATTTATTCCTGATGTATCAACATACATTCCTACTGATGATGTTGGAATATCATTAGGTTTTCTATTTGGTATTGCTTGTACATGAACTACTGTTGGAGTTTGTACTTTACCATTAGCAATTATTTTTGCTTCTGCTGCTCCTGCTGGAGAGTGAATTTTTACCTTATTCATTTCATCTTGCATATCTTGCATTTCTTTTGAAGTATCAGCAGCTGTTACTTCTTTTATTGCTGTTGCTCCACTACCAGTAGTTATATTAGCTGTACCATAGTTTTTAATTATAGCACCTGCTAAGAATAATCCATATCCCTTAGAAGCATCTATATGAATTGTTCCTCTGTTATCTAAAATAGCTCCTTTTCTTAAAGCTATACCTATTTGTCCAATATTTCCTGAACCAACAGTTGTAATTGTTCCTGTGTTAATTACTTCTGCTCCATTTTCAGCAAATATTCCTATATTTCTCTTTGTTCCACTTAATTCTATTCTACCTGTATTTAAAATCTTTGAACCTTTTCCTGTTGCATACATTCCTATACTATCAGGATCTGTTACTTTTATTGTCCCATGGTTTTCTATATTTCCTAAACCTTTTACAACATAGTTTCCTGAACCTGCTGGAACTTCTTCTCCATATCCAGCTGCCATTCCTATACCATATTTTCTATTATCTGGATCACTTATATCTGATTTAGATACTTTTATTGTTCCATAGTTCTTTATAGCATTAGGTGTTGTAGTTGCTCCTTCTACATAGCTATATGCTCCAACATTTCCTATACCTTGGCTAAAATCAATATTTCCATAATTTTTAACTGTACCTAGTGCATAGATACCATAGTTTTCATTTCCTGTTGATTTTAAATTAGTATAGTTAGTTATAGTTCCTATTTTATCTGCTGAATACATGAATACTGAATCTTTAGAAAGTGTTACCACTCCTGTTGTTCCTGATACTCCTGTTCTTACAGTATTACCTTGTCCAGTCATTACATATCCAAATGAACCTTGTCCAATAGTTAATTTATCAGTATCACTATTAAGAGTTTGGTTATTTCCAGCTAAATATACTCCAGCTCCTTCTTGTCCATTACCTAATGTAGCTCCAACATTTACCTTAGAGTTTGCAGAAATATTTACAGTTCCTTCTTTTGAATATACTGCTATTCCTCCATTACCTGCTGTTGTTTCAGAGTTTCCAGTTAAATTTACATTTCCAGCATATATTGCTGTTGATTTTATCCCAGCAATAATTTTCCCAGAACTTTCTACTGTACTATTTGTTCCATTTGCTGAATAAATACCTACACTTGGAGTTAATTCACTAGATGAATTTCCAACAGTTATATTTCCAGTATTAATAACCTTATGGTTTGCAACAGTTATTCCTTCTGAATGTAAAGCTGTTGATTTATCTCCTGTTAATGTAATAGTACCATTATTTGTGATATTTTGAGTTCCTCCACTTTGTGACATCCCTGTGGCTTTTGTTACTGTACTTGAAATTTTACCAGTAACTTCATTTGTAATTGTTGAATTTTCTGCACGCATACCAACAGAACCTTCACCTATTATTATTTCTCCATTATTCTTTCCAGTACTATTTATACTATATATTCCTGAACCACTTTTTCCAATAGTAATTTTACCAGTATTTATCAAATATGAAACAGCTTTACCATATAAAGCAGATGATTCATCTCCTGTTAATGTTAATATTCCATCATTTGATACAGCTGAATTTTCAGAATAAACTCCTGTTACTTTCTTATTTGTTGATGTAACATTAGTTCCTGATAATAAATTAACAGTTGAATCTTTTGTATTTATAAATATAGAGCCATCATTAGCAATAGTTTTTGTATTTGTATAATTTAATGTGCTATTATTTATTAAGCTCATATATGTATATGCTTTTGCTGATGTCAATGTTAAATTATCTTTAAAGTTAGTATTAGATGTAAAATTTGAACCATCAAATAAATAAGCAAGTGATTTTTCATTTGTTATAGAAATATTACCTGAATTTCCTAAGAATTTTTCATTAGCACTAAAATTCTTTAACTTAAATCCAACAGATTCTTTTCCTATTGTATGAGTTCCTCCACTTACAGTTATATTTGAAGTTGTTGCATCTAATCCAACACTCTTATTATTAACTGATATATTACCAGATGAAGCTAGTGTCCCTTTTGACATATAGATACCTATACTATCTTCATTTTGAGATAAGTCTATATTTCCTGTTGCTCCATGAACTATATTAGATGTAGCTCCAGCATAAGTTGTTGTATCATTAACAGCATAGATTCCAAATACTCCTTTTTTACCAGAAAGTCCTGTAATCTTACCATTATTTGTAATATCTATATTTTTACCCCAAGTACCTATTGAACTGTCTAGCTTATTAGTTCCCCAAATTCCAACTCCTTTTGTTCCAAGTTGAATTTCTCCTGTTGCACTATTTGTTAATTTTGAACTAGATGCTCCAAATAGTCCTATACTATTTTCTCCTGTTCCATTTGCTGCATCCA
NZ_CP077191.1_gap37	1575986	1578173	2187	TCTTTTTTATCTAAATAACATATCTCTGTATTTTGTGAAAATAAAACATCTCCTGCATTTTTATATCTTTTCCAGACATCATAAGCATGAAAATAATAAATATCTTTATCATCAGTAAAAACATTAGGACTTAATTCTTCTACATTTCCAGTAAAAATATTATCTCCTGCTCTTTTTTGTTTCTTTTTTTGATTATCATAATAATAGATACCTTCATTATTAACAAAAGCCAAATTATATAGATGACTTCCATTATTTCCTATTACTTTATAAGGAGCTTTTTCTCTATCAAAAGAATAATCTTCTATAAAAACATAGCCATTTGCTTCATCATAAAGAAATCTGTCTCCTTGTTCAGTTGAAACGACCTTTAACTTTCCACTATTTTTAATTGGTAAAAGTTTTGATTTATAATAAACATTTTCTTTATCAGCAAAGTATTCATTATATCCATCAACACTTTTTAAAGTATTCAAATCTGCATTTTCTAATATTTCTCCCTTATAATAAACTTTTTCTCCATCTGTTGCAAAAAAAGAAAAATTTTGAACTGCTTTTAAATTTTTGTTAGTTTCTACTTTTTTATAAGGATAGATATAAGTTTGTGGCTTTTTAGTCTTTGAAAAAGAATATATTAAAGACTGTAATATTTCCATTGGAGTGGATAAGTCTTTATTTCTTTCAGAAAGTGATGAACAAAAATAAGTAGTTGTACCATCAGTATAATAACCATTTCCTATAACTTCAAGTTTATTTGGATCTAAATCAGGAATTGCAATATTCCCAAAATAAACATGATTTTTATCTAAACCAATAATTCTAGTGTCTCTATCTTCTAAATTTAATGTTCTAAATGAATTTATATCAACGCCATTTAAAAAATATCTTCCACCACTAGGAACTGGAACAGAAATTTTTCCTTGATATTCTATAAATTCACTGTTTCCATATCTTTCGCCATTTTCCTCTATTTCATAAGAATCTGAACTTCCCATTTTTGAAAGAAAAAGAACAGATGATAAAATAGCAAATATTGCAAATATAATAAAAACAATTTTTATTATAAACAAAGTGTTAGAACTCCTTTTCTTTTTAAAATTAAATTCTTCATCAAAATCATTTATTCTCATATTTAACCCCCAAAATTTTAATAAACTTTTATCATTTTTTTATAATTTCTGTTATTTTCTTATTTTTTTTACTATTTTTATATAATCTAAAAATTCCACCAATAGCTATTAGAATGAATATAAATATTTTTGAATATTTAATTACAAATCTATAAACGCCACTTAATTCAGTAGTTGCCCTTATTTTTTCTTCTCCATTGACCACTATTAATTTTTTATTTTCAACAAGATTTACCATATTATCATGGTTTATATTATTTGCATTTAATAAATAATTAAGAGTTTCTTTATCAGCAATTTGATATATTGTGTTTTTCATATAAAATTCATCAAAATAATAGTAGTCATTTCCCTTTTTCCAAATAGTTCCTACAACAGTTCCATCTCTAATATCTGTTACTTTTTCCCAATTATCCTTTTTATCTAAATAATATATTATTGTATTTTTTGAAGTTAATATATGTCCTGTATTTTTTCCCTTAAACCACACATCATAAGTATCAAAATAATAGATATTTTTATCATCAGTAAAAACATTAGGTGTAAGTTCCTCTATATTTCCAGAAAAAATATTATCTCCTATTCTTTCTTGCTTTTTCTTTTGAGTATTATAAAAATAAATTCCATCTTTGGCAATAAAAAATAAATCATAGAGATGATTTCCTCCATTTCCTAAAACTTTATAAGGTGCTTTTTCTCTATCAAAAGAATAATCTTCTATAAAAACATAACCATTTGCTTCATCATAAAGAACCCTATTTCCTTGTTTAGTTGAAACAATTTTTAATTCACCACTATTTTTAATAGGCAAAAGTTTTGACTGATAATAAACATTTTCTTTATCAACAAAGTATTCAGTATATCCATCAACACTTTTCAAAGTATTCAAATCTGCATTTTCTAAAATTTCTCCCTTATAATATACTTTTTTTCCATCTGTTGCAAAGGAAAACATATTTTTGACTGCTCTCAATTTTTTATTCGTTTCTACTTTTTTATATGGATAAATATAAGTTTGAGGTTTCTTATTTTTGGAAAAAACATTTATTGTCATTTG
NZ_CP077191.1_gap38	1730321	1733015	2694	ATATCTTGATATTCAATATATAAAATAAAACTATCTCTATTAATCTTCTCTATAATATATTTATTTCCTTTAAATTTCCCTTTTCTGATTTCATATGAAGTTATAAAATGAATAATTTTTTCATAATGTTCTTTGGTGTCAATTTCTGATCGTAGAAAATCTGTAATCACATCCATAACTTTTTCTCCTTTAATATTTTTTAATATTTTTTGACTTATCTTAAAATTCCTCATTTTCTTTTCTATATTTTTCAATTATTTCAATTAACTTGTCTTTATGGATAAATTGGGCTGTTCCTGACATATCTTTTACTACTCCTTCTTTATCCTCATACTCTGCATATAATATGAAATTTTCTTTATCTATCTTCTTTAAAATATATTGATTCCCTTCAAATTCACCTTTTTGAATTTCATCTGAATTTATAAAAAATATAACTTCTTTATAAAGCTCCTCTATACTCATTTCTGAATATAAAAAGTCTTTAATCATATCCATAATAGTCCTCCTATGTGGTTATTGACTTTACTAAATAGACACTTAGCATCAATAAAGATTGCATAGTTTTGATTTACTTGATGTGTAAGTTCATTATCTATTATAATAGAAACTATTTTACCATTTGTTAGAGTTTCTTTTAATAAAACTTCTGCCTTTTATAGAAATTTGTATCCTATCTTTGTACTTTTATATTTTTTTTACAAAAACTGTTGTAACTTTATTTCTTATAAAAGATACAACAGTTTTTATTTTTCTTTATGCACTTAAAATAAAAAATTCAAAGCCTTTTTTTCTAAAATAAAGAGAAAAGTTTTTCTTTATTTTAAAAATTTCATTTGTATTTAAATTTTTTAAATAAATAATAAGCTCAAAATTTCTATTTGGATAAGTTATATCATATTTTTTATAGTCTTTTCCCATAATTTTAGAAAAATCTTCTTTTAATTTACATTCTTTATTAGTTATTTTATCTACTCTCCAAGAATTTTCTAAACTACTTATTTTTTTATTTATATTTATGATACCTATAATTTTGTGCTCATAAAATATCTCTACTTTTATTAAATCTAAATCATTTTTTAAGTCATCATAAAATTCAAATAAAAGAGATTGCTCTTCAGATAATCTAATACTTTTTAGACTTAAAGACTCATATATTTTTTTTTCTTCTTCTGATACTTGATTATCACTGACTAATATATAATAATTTTCAGGAATATATCTTATACACATATTTAAAAAAAATATCAAAATTCCTATTAATATTATTAATACTTTTTTCATAAATTATCACATCCATCTTAAAGTACTTATATAAATTTTCATATCTAATATTATTTGTACATATTTCTACGTGAATTTTTATAAGAATCTATATTAAATTTATATACCTTATACTTAAAGTATTCCTTATAGCCAATAGCATCATAATTATTCTTACCAGCCCATTTTGTAAGTTCATCATAATTTGATGAAACAAGACTACCTAAAATAGTCATATTTACTCTTTCTAATACAGTGATTTTATCTGTAACTCCAGTTCCTTTAGATATATAATTCCCTACATCAACTAACCCATGAAGTACCTTATCAAATTTATCTTCATCAGATTTAGGCTTGTTATTAAGCCCATAAGTAAAATTATTTGAAGTTCCTTGATTCATATAATCTCTTACTATTTACCTATTTGCAGATATGACAACCTCTTTTCCAGTTTCATAATCAACTTTTTTGATATTTCTTAATGATTTATTTATGACAATCTTTTTACCATCTTTAGTATTAATAAAATTATGTAAAATAGATTCATCTTCTGGAACAGTTTCAAAGTTCCCTTTTTCTATTTCTGACAAATCATTTATTCTATTTTCAGCTTGATAGACTAAATAATTTATTTTTCTTCTGTAATTAAAACCATTTATATCATCATATCGTTCCCAATCAACTTCATATTTTTTACCATATTCTTTTTCTAATATTTTTTCTGCATTCTTTTTTTCATCTTTTGTTATGTATTTTGCATCAGTTGCTTTAAAAATATTTACAATTTCTTTATCTCCAACATGTTCTCCAAAATCTACATTAGAATAGTCTTTTCCATCACTTTTTAATCCTATAACTTTATCATTCTTACTAAATTCATTTTTAAAATAATCATTTGTTGGTCTTCCTAAACTTTCTAAGCCTTTTTCACTTCCATCTGGAACTACTTTTTGTCTTCCTTCTATCTTTCCTATTACATGGCTTTGTTCTTCTGCTATTGTTCCTATTACTCCCGCTTTAGTACTATTAGCTGGAGATTCAGTATTTATTAGGATATAGCCTATTCCTGTTGTTTTATCAACATAAGCTGTTCCATTCTTTATATAGGTATTTCCATTTTTATCTACACCTATTAATTGTGGAGAATTACTTGGATCTGTATAGATTACTTTTACCTTATAGCCTAAATCTTCTGATGCTCCTTCAAAGGCTTTTGCGATATCTTCTTGGTTTTCTGCTATTTCTAATCTTGAACCTATTACATTTAATATTACTTTAGCTTGTCTTACTTCTCCAAGTTATCATAGTATATTTTACAATTATTAAACTATTTATAAAGGTAGCATAAAATTATTATACTACCTTTACAACTGGATATTTATTCTGCCAATTCATTAGCAAATATCATAAACATTTTTATTTCTTTTCCTT
NZ_CP077191.1_gap39	1734927	1736214	1287	AAATGGGAAGCATTTGGTTGGAATGTTATAAAAATAGATGGACATGATTTTGAACAAATCCTTTCTGCTTTGGATAAAGCAAGAGAATGCAAAGGTAAACCAACTATGATTATTGCAAAAACTATAAAAGGTAAAGGAGTATCTTTTATGGAAAATGTTTGTGGTTTCCATGGAGTTGCACCTACACTTGAAGAATTAGAAAGAGCATTAGCTGAATTAGCTTAAACTAAAATTTAGGAGGATATATTATGAGTAAGAAGTCTACAAGACAAGCTTATGGAGAAGCCTTAGTAGAACTTGGAAGAATAAATAATGATATAGTTGTATTGGATGCTGATTTAAGTAAATCTACAAAGACTGATTTATTTAAAAAAGAATTTCCAAAAAGACATTTAAATATAGGGATTGCAGAAGCAGATTTAATGGGAACAGCTGCTGGTTTTGCAACTTGTGGAAAAATTCCTTTTGCTTCAACTTTTGCAATGTTTGCTGCTGGAAGAGCTTTTGAGCAAATTAGAAATACAATAGCTTATCCAAAATTAAATGTAAAAATTGCTCCAACTCATGCTGGTATTTCAGTAGGAGAAGATGGAGGTTCACATCAATCAATAGAAGATATCGCTCTTATGAGAGCAATTCCAGGAATGGTTGTCCTATGTCCTTGTGATGCAGTTGAAACTAAAAAAATGGTTTTTGCAGCTGCTGAATATAATGGACCGGTTTATTTAAGACTTGGAAGATTAGATGTTGAAACAGTATTAGATGATAATTATGATTTTCAAATTGGTATAGCTAACACTTTAAGAGATGGTGATGATGTTACAATAGTTTCAACAGGACTTTTAACACAAGAAGCATTAAAAGCTGCTGATGAATTAGCAAAAGAAAATATCTCTGTTAGAGTTATAAACTGTGGAACTATTAAACCATTAGATGGAGAAACAATTTTAAAAGCAGCTGAAGAAACTAAATTTATAATAACTGCTGAAGAACATTCAGTTATTGGTGGATTAGGTTCTGCTGTTTCTGAATTTTTATCAGAAACTCACCCTACATTAATTAAAAAATTAGGTATTTATGATAAATTTGGACAAAGTGGAAAAGGTACAGAATTATTAGAAAAATATAAACTAACTGCCACTAAATTAATTTCTATGGTTAAAGAGAACTTAAAATAATTTATATTAAAAAAGAGGCTGTTGCAAATCAAACTATTGAAATGAAAATAAAAAATAAGTGAAATTACATTCTAAATTTTAGATAAAAAATCAAATAGAATGAGCCGAG
NZ_CP077191.1_gap40	1738736	1740036	1300	AAATTGTGGTAAAATACAAAATAAAAGATTTGAGGGACTATTATGAATTTATTTCAAAAAAATTATAAAAATGTTGAACCTCTTGCATATAAATTACGACCCAAAAGTTTAGAAGATTTTGTAGGTCAAGAAAAACTTTTAGGAAAAGATGGAGTAATTACAAGACTTATTTTAAATTCTACTCTATCTAATTCCATTTTTTATGGACCTCCCGGTTGTGGAAAAAGCAGTTTAGGAGAAATTATTTCCAATACTTTAGATTGTAATTTTGAAAAATTAAATGCTACCACTGCAAGTGTTTCAGATATAAGAAATGTAGTAGAAACAGCTAGAAGAAATATAGAACTTTACAATAAAAGAACTATATTATTTTTAGATGAAATTCATAGATTTAATAAAAATCAACAAGATGCTCTACTTTCTTATACAGAAGATGGAACACTTACTCTTATAGGGGCAACAACAGAAAATCCTTATTACAATATAAATAATGCATTACTTTCAAGAGTTATGGTTTTTGAATTTAAAGCTCTTACTAACGAAGATATTTTAAAATTGATAAATAAAGGATTAAATTTTTTAAATATAAGTATGAGTGATAAAATAAAAGAAATAATTGTTGATATATCACAAGGAGATTCAAGAATAGCCTTAAATTATGTTGAAATGTATAATAACATACATACTCAAATGACTGAAGATGAAATTTTTTCTATTTTTAAAGAAAGACAAGTTTCTTTTGATAAAAAGCAAGATAAATATGATATGATTTCAGCCTTTATAAAATCTGTAAGGGGAAGCGACCCTGATGCAGCAGTATATTGGCTTGCTAGACTTTTAGATGGTGGAGAAGATCCAAAATATATGGCAAGAAGATTATTTATTGAGGCAAGTGAAGATATAGGAATGGCAAACCCAGAGGCACTTTTAATTGCAAGTGCAGCTATGAATGCTTGTGAAAAAATAGGTATGCCAGAAGTTAGAATAATTTTAGCTCATGCTACTATATATCTTGCAATTTCTTCTAAATCAAATTCCGTATATGAAGCAATAGATGGTGCATTAGCCGATATTAAAAAGGGAGAATTACAAGAAGTTCCAATAAATATTTGCCATGATAATGTAGGATACAAATATCCACATAACTACACTGATAATTTTGTTAAACAAAAATATATGAATAAAAAGAAAAAATATTATAAACCTAGTAATAATAAAAATGAAAAAATGATAGCTGAAAAATTAAACAAATTATGGAATGAATAGGAGGGAGAATTATGAAATTAATAAAAGCTGTAAG
NZ_CP077191.1_gap41	1748787	1749534	747	AACAATTTAAATTATGAAAAAATAATTGAATTAGCTCCTGAAGCTTTGATTACTCCAAGAAATAGCTCATATGAAAAAGATATTGAACAATTATCAAAAGCAGGAATAAAAGTAATAGTTGTTACAGGTTGGGATAATGCTCATATGCCAGAACAAATTGAAAGATTAGGAAAAATATTTGGTAATGAAAAAGGTGCTAAAAAGCTAATAGAATTTTACAATAAAAATTTAAATGAAGTTAAAAAGAGAGTTGCTAAAGTAAAAAATAAAAAAACTATATATTGGGAATATGGAGAACCATATACTACTGCTATTCCAGGAACTTCAAATGACGGTTGGGTAAATATGATGAGAGTAGCTGGAGGAATAAATATATTTGATGATCCTACAATAAAAGAAAAAACTATTGATCCTGAAAAAATATTATTAGAAGATCCAGATTTAATAATAAAAACTACTTCTGGAGCTGCTTATAAGAATACTGGTGTTTATACTGCTCCTTCACAAGAAGAATGCAAAAATATTATGAATGAAATGATAAATAGAAGTGGCTGGAAGGATTTAAAAGCTGTTAAAAGTAAAAATGTATATATAACAACAGGTTTTTGTGCAGGTGGTTTAGGTAAATTGATAGGAGTTATATACACAGCTAAATGGTTGTATCCAGAAGAAATGAAAGATATTAATCCTGATAAAGTATTTGAAGAATGGATGGCTATGCAAGGTGTCAAAGCTCCCAAAGGTCAT
NZ_CP077191.1_gap42	1750654	1751874	1220	AAGAAATTTTAAATAATATATCATTTGAAGTTTATTCTGGAACTCTTTTAAGCATATTGGGAGCAAATGGAGCTGGTAAAACTACCTTAATTAAGTGTATAAATGGAATATTAAATTTTAAAAAAGGTGAAGTTTTAATAGATGAGAAAAATTTTAACAATAAATCATTAAAAGAAAAATCAAAAATAATGTCTTATGTTCCACAAATAACTAGCTCTTTTGATATTGATTTAACTGTCTTTGATACAGTTTTACTGGGAAGAGTTCCACATAAAACTTTTAAATTTAGTGAATGGGATAAACAAATTGCTTTAAATAATATTAAAAAACTGGATTTAGAAAAATATTTATTTAGTTATGTTGGTGAATTGAGTGGAGGTGAAAAGCAAAGAGTTCTAATTGCTAGAGCACTTACACAGGAACCAAAAATTTTAATTTTGGATGAACCTATAAGTAATTTAGATTTAAAATTTCAATTGGAAACAATGAAAATTTTAAAAAATTTAGCCAAAGAAGAGAATTTAATAGTTACAACTATTCTTCATGATTTAAATTTTGCTATTTCTTATAGTGATAAAATTTTATTTTTAAAAAATGGAAAAATAAATAATTTTGGAGATACAAAAAAGATTATAACAACAGAAAATATAAAAGAAATTTTTTCAGTTGATATAGATATTGTTCAATTTAAAAATAAAAATTATATAATTCCTTTGGAATAGAATTTAATTTTTATAAATAAAAAGTGGTTAAAAAAAGGTCAATTTAATCTTATAAATTGACTTTTTTTGTTATTTGTGTTATGTTGAGTTGTAGTAACAATAATAATAACATAAAAAGGAAGGCGAAAGTTTATGAAAAAAAAATTTTTTTGGCTTGTATTATCTTTAATGACATTGTTTTTAGTTGCTTGTGGTGGAGGAGAAAAGAAAGAAGAAGCTGCTGATTCTAATGCCAACACTGAAATAACAGGAAAAATTGTTATCTATACTTCTATGTATGAAGATATAATAGATAATGTCAGTGAAAAATTAAAAAAAGAATTTCCAAATTTGGAAGTTGAATTTTTCCAAGGTGGAACAGGAACTTTACAATCTAAAATTATAGCTGAATTACAAGCTAACAAATTAGGTTGTGATATGTTAATGGTTGCAGAACCATCTTATTCATTAGAATTGAAAGAAAAAGGAATATTACATCCATATATTTCTAAAAATGCT
NZ_CP077191.1_gap43	1753302	1758042	4740	ATAGATTTTGTTCATATTGGTTCAGAAGAAGGCCTTACAGATGCTATGACTCTTGCTGTATTTTTAATGTTGATATCTAATATAATTTTATATATTTCAACATTTGTTGTTGGAAGAAAACAATATATAACAATGAGTGGTAAATCTACAAGACCAAATATTGTAGAATTAGGAAAGTGGAGATTACCTATAACAATAATAATTTCAATTTTTTCGTTTTTTGTAATAATTTTACCATTTATAACAGTTGCTATAACATCATTTACTGTGAATATGGGAAAACCACTTACTTTATCAAATTTATCATTAAAAGCATGGGAAAAAGTTTTTTCAAGAGCTTCAATAATAAGTTCAACAACAAACAGCTTCCTAGCAGCAACTGCTGCTGCATTCTTTGGAATTTTAATCTCTTGTGTAATGGCATATTTATTACAAAGAACAAATGTAAAAGGAAAAAGAATCCCAGACTTTTTGATAACATTAGGTTCTGGAACACCAAGTGTAACAATAGCTTTGGCACTTATAATATCAATGAGTGGCAAATTTGGAATAAATATTTATAATACATTAACAATAATGATAATTGCATATATGATAAAATACATGTTAATGGGTATGAGAACTGTTGTTTCTGCAATGAGCCAAGTTCATCCTTCACTTGAAGAGGCTGCACAAATATCTGGAGCAAACTGGCTTCGTATGTTAAAAGATGTAACTTTACCATTGATAGCAGCAAGTATTGTTGCAGGAATCTTCTTAATATTTATGCCGTCATTCTATGAATTGACAATGTCAACATTGCTTTATTCATCAAATACCAAGACTATTGGATATGAATTATATATCTATCAAACATATCATAGTCAACAGGTTGCAAGTGCATTGGCAACAGCTATTTTACTATTTGTTATTTTAGTTAATTATATTTTAAATAAATTGACTAAGGGACAATTTTCAATATAGAATGGGAGGAAAATATGGCATCAGTAACAATAACAGGAGTTACAAAATCTTTTGGAAATGTGAAAGTTTTGCAAGAATTTAATCAAAAATTTGAAGATGGAGAATTTATAACATTACTGGGTCCATCTGGTTGTGGAAAAACAACTATGCTTAGACTTATTGCAGGATTTGAAAAACCAAGTAGTGGAGAAATATATATAGGTGATAAATTAGTTTCAAGTGAAAAAGAATTTTTACCACCTGAAAAAAGAGGAATTGGAATGGTATTTCAATCTTATGCAGTATGGCCTCATATGAATGTATTTGATAATATTGCTTATCCATTGAAAATTCAAAAAATTAGCAAAAATGAAATAGAAGAAAGAGTAAATCAAGTTTTAAAAATTGTACACTTAGAACAATATAAAGATAGATTTCCATCTGAGTTATCAGGAGGGCAACAACAAAGAGTTGCATTGGGAAGAGCTTTAGTTGCTCAACCAGAAATTTTATTGTTAGATGAACCTCTTTCTAATCTTGATGCGAAGTTAAGAGAAGAAATGAGATATGAAATAAAAGAAATAACTAAAAAATTAAAAATAACAGTTATTTATGTGACTCATGACCAAATAGAAGCAATGACTATGAGTGATAGAATTGTATTGATTAATAAAGGAGAAGTACAACAAGTTGCTCCTCCACAAGAAATATATTCTAAACCTAAAAATATGTTTGTTGCAAACTTTGTTGGTAAGGTTGATTTTATAAAAGGAAAGGTTGAAGGAAGTAAAATTTTGCTTGATAACAGTAATGGGCAAACACTTCCTAATAAAAGTTCATTTAAAGGAAAGGTTGTTGTAGCAATTCGTCCTGAAAATGCTATTCTTTCTGATGATGGAGAAATCACAGGAAAAGTTTATTCAAAATTTTATTTGGGAGATTGCAATGATTTAAGAGTTGAAATTGGAAATGGAAATATTTTAAGAATGATTGCAAGAGCTTCAACTTATAACACTTTAAATGAAGGTGATGAAGTCAAAATAAAAATCTTAGATTATTTCATTTTTGAAGATGATGGAAAAGATCAAATTAAAATTATGACATAGTATTAAAATAAAAATAATAAACAAAGTAAAAAATAGTTCAAATTTATAACAGCCGTTATTTTTATTTAAAGATTTTTTAAATTCCCATATTAACTATATTTTAAAATAACAATATATAGTGGTATACTTCTATTATATATACTATATATTGTTATTTTTTTTTTTTAGTGTTAAAATGATTAAAGATATAAAAAATTTAAAAAAAATAATTACACAAATATAAAATGGAAATGGAAAGGTGTGAGGCGATATGAAAAGGGTTATTAAAAGAGATGGTTCAGTAGTTGAGTTTGATAAAGGTAGAATTATAAATGCAATAAGGAAAACATTTGAACAGGCTTCCAGAGAACCAAATATGAAATTAATAGAAAAAATTGCCTCCCAAGTGGAAGATTTGCCTGATAAAGTTTTAGCAGTTGAGCAAATACAAGATATAGTGGTAAAAAAATTGATGGGTTCATCTGAAAAAGATATAGCTATGTCCTATCAAAGTTACAGAACTTTAAAGGCTGAAATAAGAGAAAAAGAAAAAGGAATATATAGACAAATTGGGGAACTGGTAGATGCTTCTAATAAAAAGTTATTATCTGAAAATGCAAATAAAGATGCAAAAACTATTTCTGTTCAAAGAGATTTACTTGCAGGAATTTCTTCAAGAGATTATTACTTAAATAAAATAGTTCCAAAACATATAAAATTAGCACATATAAAAGGTGAAATTCATTTACACGACTTAGATTATTTACTTTTTAGAGAAACAAACTGTGAACTTGTAAACATAGAAACTATGTTAAGAGGTGGTTGTAATATAGGTAATGCAAAAATGCTTGAGCCTAATTCTGTTGATGTTGCAGTTGGACACATAGTACAAATAATTGCCTCTGTTTCATCTAATACCTATGGTGGCTGTTCTATTCCATATTTAGATAGAGCCTTAGTTAGATATATAAAGAAAACTTTTAAAAAACATTTTTTAAGAGGAGCAAAATATATAGATGATTTAAGTGAAGAACAAATAGAAGAATTAAGAAAACAAGATTTAGAATATTCTAATGAAGAAATAAAAAATAAATATCCTAAAACTTATAGATATTCTGTTGATATGACAGAAGAATCTGTCAAACAGGCTATGCAAGGTTTGGAATATGAAATAAATTCTTTATCTACTGTAAATGGACAAACACCTTTTACAACTATTGGTATAGGAACTGAAACTTCTTGGGAGGGAAGACTTGTCCAAAAATATGTTTTAAAAACAAGAATGGCAGGTTTTGGTGCTAAAAAAGAAACTGCTATTTTCCCTAAAATAGTTTATGCAATGTGTGAAGGTTTAAATCTGAATGAAGGAGATCCTAACTGGGATATTTCTCAACTTGCATTTGAATGTATGACAAAATCAATCTATCCTGATATTTTATTTATAACTCCTGAACAATTAAAAAATGAAACTGTTGTCTATCCTATGGGATGTAGAGCTTTCTTATCTCTTTGGAAGGATAAAAATGGTAAAGAAAAATATGCAGGAAGATTTAATATAGGAGCTACATCTATTAATCTACCAAGAATAGCTATCAAAAATCGTGGAGATGAAGAAGGTTTCTACAAGGAACTTGATAGGATTTTGGAAATCTGTAAAGATAATTGCTTATTTAGAGCAAAATATTTAGAAAATACTGTTGCAGAAATGGCACCTATTCTTTGGATGTCAGGAGCATTGGCAGAAAAAAAGCCAAAAGATACAATTAAAGATTTAATTTGGGGAGGATATTCAACAGTATCAATAGGTTATATTGGGCTTAGTGAAGTTTCTCAATTATTGTATGGTAAAGATTTTTCTGAATCTGAGGAAGTATACAAAAAGACTTTTAATATCTTAAAATATATAGCTGATAAAGTTCTTGAATACAAACAAAAATACAATTTAGGTTTTGCATTGTATGGAACTCCATCAGAGTCTCTATGTGATAGATTCGCAAGAATCGATAAACAAGAATTTGGAGATATTAAAGGAATAACAGATAAAGGTTACTATGATAATTCTTTCCATGTTTCTTCAAGAATAAATATAAGTCCATTTGAAAAATTAAAACTAGAAGCCTTGGGTCATAAATATTCAGCTGGTGGACATATTAGCTATATTGAAACTGATTCATTGACAAAGAATTTAGATGCAATACCAGATATTTTAAGATATGCTAAAAGTGTTGGAATACATTATATGGGAATAAATCAACCAGTTGACAAATGCCATATCTGTGGGTATAAAGGAGAATTTACTGCTACAAAAGATGGATTTACTTGCCCACAATGTGGAAATCATGATAGTAATGAAATGAGTGTAATAAGGAGAGTGTGTGGTTACTTAGCTCAACCTAATGCTAGACCTTTTAATAAAGGTAAACAAGAGGAAATAATGCATAGAGTAAAACACGGTTAGAGAGATGAATTATTCAGGAATTAAATATGCAGATATGATTAATGGAAGAGGTATAAGAGTAAGTTTATTTGTAAGTGGTTGTACTCATTGTTGTAAAAATTGCTTTAATGAGGAAACTTGGGATGAAAACTATGGAAAAAAATTTACTGAAAAAGAGGAAAATGAAATCATAGAATATTTTAAAAAGTATGGTAAAACAATAAAGGGTCTTTCGCTTTTAGGTGGAGACCCTACTTATCCTAAAAATATTAAACC
NZ_CP077191.1_gap44	1765268	1769506	4238	TTTTAAAAAAATTATTCCAGAAGTTAAACTGTATGACCCTGCTGATAACTTAGTAAAAGCAATAAAAAATTATACAAACATTGGAGAAGGAAAAATACACTCTATAATATCTGAATCTGAAAAATATCCAGCAAAAGATTTTTTAAAAATTTTGAATACTTTAAATATTAAGCTTGATTATGAAATTATATAGCAAAAAATAAAGCTGAGTTTTTAAATTAACTCAGCTTCCTTCTTATTTTACTATTTCTTTGATTCTTGCTTTCTTAGCAGATAATCCTCTTAGATAGTAAAGTTTAGATCTTCTTACTCTACCAACTTTTAGAACTTCAATTCTATCAATATTTGGAGAATTAACAGGGATTATTCTTTCTACTCCAATTCCTGCTGTAACTTTTCTTACAGTGAAAGTTTTTGCAACTCCTCCACCATTTACTCTAATTACAACTCCTTCAAATAATTGAACTCTTTCTTTATTTCCTTCTTTTACTTTGTAGTACACTCCAATAGTGTCCCCAGCTTTGAATTGTGGAATATCATTTCTTAGATATTCTTTTTCAACTAATTCAATTAATTTTTCCTTCATTTCTTCCTCCTCAAGATATTCATTTAATTTTATTAAAGCGGAATACCGATTTTTTACCAAAGTATTTTAACCTATTTTTTATTCTTTGTCAATATAGATTTTTTAATAAATCTATATTATCCATTTTAGGAATCAGTCTTTGATAAAGTTCTTTATTTACTTTTTTATTTATATATTTTTCTTTAAAATTAGTAATAAATTTATTTAAGTTTTCAATATCATTTATCTCTGATAATTTCATATATTCTTTTATTATCACAAACCAAGAACTTTCTTTTTTACCCAAACCTCTTTGAAAGAAAGTATTGTCATTAGAAAAAAGTAATGTAAGGTATTTTAAATTTTTTCCATTATAGCCTTATCTTTAAATAAAATAATTTCTTTTATATTTATACTCAATAAAAATTTTTTTGCCTCATCAAATTTATAAGCATATTCTTTAATATTATGTGCATCTGAACCTAAAGTAAAAAGTCTTCCACCTTTTTTTATATATTTTTCTATCATATAACTATACAGATTTTCTTTTTTATATTTGTACATACTTTTAGTATTTACTTCAAATGCCATTTCTTTTTTTACTATAAGCTCAGCAATTTTATTTAAAAATATACTTGCTAAATTATCAAATTCTACAACAGAAATATCAATTATTCTTAAACCATACTCAAAATGTGCTAAAACATTAAATTTTATTGAACTTTCAAGTGCTTGTATCATAAGTTCAAAATATTCTTTAACTAAAACTTCTAATTTTATTAATTTTTTATTAATACACATAAAATCATAAATTCCATTTTGATGTATAGATAAAAGTTTTAAATTAAAATTTTTATTTTTTAAAAAATCTTCTATTCTCTTTTCAGATTTTTGAGTATATCCAATTTCTATTCCTGAAAAGAATTTATTTGAATATTTTTTATTTAAGTCTTTTATTTGTTCAATATATTTTAAATAGTCAATCAAGCTATCTTTATAATTAATTATAGGATTCTCTAAATCTAAATGTTCAGTTGTTATAATATCATTTTCATTACAAACATTTATATAATTCTCTAAATCCTCATTTGAGTCAAAAGAAAAGTTTGAATGCACATGTTGGTCAAATATCATAAATTGTTTCTCCAATCAACTAAAACTTGATTTTCCTTATTTCCAATAAGTCCTGTTTCTTTTGCAACTTCTAATAATACATCATAATTTGTAAGAGTTGAGAAAGGTATTTTAGCTTCATCAAATTTTTCTTTTGCTTTATTCAAATTATAACTAAATATTGCAACTACTCCTAAAACCTCTAAACCTGCTTCTTGTAATGCTTGTGCTGCTAAAACAGAAGATTTCCCTGTTGAAATTAAGTCTTCTATTACCACAACTTTTTTACCTCTTTCAAATTTGCCTTCAATTTGATTAGTCTTTCCGTGGTCCTTAGCAGAACTTCTAACATACAACATAGGTAAGTCCATAATATCACTTATCCAAGCAGCATGAGGAATACCAGCAGTAGCTGTTCCAACTATATATTCTACATCAGGATATAGTTCTTTAATCTTTTTAACAAAACCTTCTGCTATTTGTTTTCTTATCTTAGGATAAGACATAGTAAGTCTATTATCACAGTATATAGGTGATTTTATCCCAGATGCCCAAGTAAACCAATTTTCTTTATCCACTCTCAATTCAACAGCTTTAATATCTAACAATGCATTTATTATTTCTCTATCTAACATATTTATCCCCCATTTCAAACATATTTTTTATAACTCTATATCTTTCTTCTGGATTTGCATTTCCAGTTATTGACCTACCTACAACAATATAACTAGCTCCATCTCTACTTGCATCTATTGGAGTAGCTACTCTTTTTTGGTCACCTTTTGAATCTTCAGCTAATCTTATTCCTGGATTTATTATTATGAAATCTTCTCCATTTTGTTCTCTAATTTTCTTTGTTTCAAGAACAGAAGATACCACTCCATCAACTCCACTTTCTTTTGCAAGTCTAGCATAATTTAAAACAGATTCTTCTATACTTGTTTGAATATTTTGTTCTTTTCTCATATCTTCTTCACTTGTTGAAGTAAGTTGAGTAATAGCAATAACTTTTGTATTTACTCCTGCTTCTATCATAGCTCTTTTTGCTCCTTTTAACATTTCAGAACCACCAGCTGCATGGATAGTTAAAATATCTATATTGAATTTAGCCAATCCTTTTGCAGCAGAGTAAACAGTATTTGGAATATCATGTAATTTTAAATCTAAGAAAATTTTATGTCCTCTTTTTTTAATTTCATCTATTACTATTGGTCCATTTTGTAGATATAACTCCATTCCAACTTTTACAAATAATTTTTCTTCTTTGAATTTATCTAAAAATTCTAAAGTTTTTTCTAATGTTGGAAAATCTAGTGCTATTATAACTTCTTTTTTCATACATCCTCCTATTTTCTTAAACTGTTATTTTAAAAATATTTTTTACATTTTCATAATTTACTCTGTCTTTTCCTTTCCACCAATGAAATGGATACGAAAAATATTGTCTTAAATCTCCAGAATCTCTCTCAAACATTGGAGTAAAGCTATTCCAAAAACCTTTATGTTCTTTAGTTTCTAAAATTCCACATATTCCTAAAGCTTCTAATAAGCCAGTAACTTCATCTTTATTTGAAGGAAATAATTTTTCTTTAGCTAGTTCATTTCTTAACATAGTAGCTGTTTTTGTTTCATTAAAATTATCTGCAAATGATAAAATTTCTTTTAAAATTTGATAATCTTCTTCTTTTGGAATTTTTTTCTCCATATTTAAAAATTCAGATAAATAGAAATAAGGTTTAGCAATCTCTCCCCAAATTCCACCACTATAATATTTTACCCAGTTAAAAAATGTCACACTAATTTCTTTTGGAACTTGATATTCCTTACCCTTATCATATTTTAGCCAAGCTCTTGCATAGATATATGAAGCTAAAATATATCTATAATCTAAATCTCTAGTTGATAGACTATACAGAAAAGCATTAGATACTTCTTCTAAAGAAATTTCCTCTAATATTTTTTGAAGATTATCAATAAATTCTTTTTTTGTAATAGATATATCTTCTCTAAGTAAGCCTTTTTCTTTTATATAACCCACTTCTTCAACATTTAAACTTAATTTATTTTCCATATATTTTAAAAATAATCTTTTAGCTTTTTTATCTATCATATTTCACCTTAATATCTAAATGCCCTTCCTTTTAAATCTAAAATATGATTAACTCCTAATTCATCCAGTGCTATTTCCAAGTTATCAATTATCTTAGGACAAACAAAAGGATCTGTAAAGTTAGCTGTTCCGACTGCAACAGCACTTGCTCCTGCTGAGATAAAATCTATTACATCCCATTCATCCATAACTCCACCCATACCAATTATTGGGATATTAACTGCTTGTGCAACTTGATACACCATTCTAATTGCCACAGGTTTTATAGCTGGTCCTGAAAGTCCTCCTGTTGTATTAGCTATTATTGGCTTTCCTGTTTTTCTATTAAGAACTATACCTACCAAAGTATTTATCATTGTAAGTCCATCTGCTCCACCAGTTTCAACTGCTTTTGCCATTGCAACTATATCTGTTACATTAGGAGATAATTTTACATAAACAGGTACTGAT
NZ_CP077191.1_gap45	1849707	1851701	1994	TTCTTAATTTGTTAGAAGCCATTAACTATTGCACCTCCTTTAAACTAACTACATAAGATAATTCTTATGCACTTTTAAGAGTATATCATATCTTTTAAAAAAATAAAAGAAAAATTTTTTTAAATTATTAAAAAATTTTTTATATTATTAACTATTATTTTTATTGACTTTTAGTTCAAAACATTGTATTATCATAATGTAGAGTTTTATATATTTATTTTAAATTATTTTATTTTTTGGAGGTTATTTTATGAAAAAGATTTTTTTATCTATTTTAATGTTATTTGCCTTTGTTGCTTGTTCTAGCACACAATTTGTTCATGATGCTAAACCTATTACGAAATCTGAAAAGACTGTACTTATTCAATATTTCCCAACTGAATTTGAGATTGCCTTAGAAAAAGCTTTAGAAAATAATTTTTGGAAAGTTTCAGTAGTTTCAAATAAAGATACTTCTTCACCATCTTTAAAATCAAATTTTGCGATTACTTGTGAAGGAATTGGAGCTGATTATTTAGGAACTTATCAAGGAATTATAAAATTTTCGGATTTAAGAACTGGTAAGAGAATAGCTGTTTATAAATTTAAAGTATCTACTAAAAGTGGAATTATAGAAAACATTATCAAAACTATGGATTCTATTCCAGGTGCTTCTATAACAACTTCTGCTACTGTAACACAAGCAGTAAAATAGAAATTTATTATACTAAATGGAATTAAAAAGGATTTTTATTTTTTTAATAAAACATAAAAATCCTTTTTTATTTAATATAGTTATTATCTTATCCCAGATATTTCTATCAATTTTTTTGTATACTCTTTTTCAGGTTTAGAAAAAATTTTTTCTTTACTTCCACTTTCAATTATTTCACCATCTTTTATAATTAAAAGTCTATCAGAAATTTTTTTCACAACATTTATATCATGACTTATAAACAAATATGATATCTTTTTATTTTCTTTTAATTTTTGAAAAAGTTCTAATATTTGAATTTGAGTTAAAGCATCAAGAGCTGTTAAAATCTCGTCTGCTATTATCAAATCTGGCTTGACTGCTACTGCTCTAGCTATCCCCACTCTCTGTCTTTGTCCACCAGATAATTCATGTGGATATTTATTTAAAACTTCTTTATCTAAGCCTACTTCATTGAGTATATTAAGTAAATATTCATCAATATTTTTTTCTTTTTCTAAAACCTTTTGATAAATTACTCCTTCTAAAATTATATCCTTTATTTTATATTTAGGATTTAAACTACTGTATGGACTTTGAAAAATCATTTGTATCTTTCCATTTATCTTTTTAGGATTTTCTAAAATATCTATTCCTTTAAATAATATCTGCCCCTTTGCTTTTAATAAAGCAACTATTATTTTGGATATACTTGTTTTTCCACTTCCAGATTCTCCAATAAGGCTAACAACTTCTCCCTCTTTTATATCAAAATTAATATCTTTTAATTTAAAACCACTTTCAAAAGTTTTATTCAAATTTCTTATTGACAATACCTCTTTCATATTTCTCCTTTAATCAGCAGTTGCAGCCTTAATTAATAATTTTGTATAATCATTTTTAGGTTCTTTTAAAATTTGTGTTGTACTATTTTCTTCTACAATATTTCCATCTTTTAAAACTATTATTCTTTCACAGATTTTTGACAATACTTTGATATCGTGGCTAACATATATCAAGGTTACCCCTTTTTCTTTGCTAATTTTTTTCAATAATTCTATAAACTTAAATTGATTTACAACATCTAATGAGGTTGTTGGTTCATCAGCTAAAAGTATTTTTATATCTGTACATAGCACTAATACTATGGCTATTCTCTGTCTCATTCCACCTGACAGTTCATTAGGATAACTATTCAAAATCCTATCTATATCCTCAAACCCTACATCTAAAAGAAGTTCTTTTATTTTTTCAAGTGCATAGTCATTTGTTACTTTTTCCTTAGAATGAAAAATATAAGTTTCAAGAAGTTGTTTCTTTA
NZ_CP077191.1_gap46	1853632	1857140	3508	TATTAAAAATGTTATTACACTTAAAATAAACATAATTCCTAACCATTTTAGAATGTATTTCATACTTCCTCCAGAAAAATTAAAAGGCTAGTGCATACTCATAAATGTTCTTAAAAAATAGCTCATTACTGAGTAGATTTTTTATTGGCTACTTGACAGCCATTAGTGTTTCGAGAGCTCCAAAATACTCTCTCAACATTAATGGACGTCGCAGTAGCCTAACTCAAAAATATGGTTTTGTTTTTAAAATCTACATTCGTAATTCGCTTATTTTTTTACTCACATTTCTGTATATAAATATACATTAGCCCATTATTTTGCTATTTATATAATTCTGAATTTACTATATAATAATCTCCACAATAAGGTTTATAATCTTTTAATCTTTCAGATAAAGCTACATTCCATTCAGGGTCAACTAAATATAGTACAGGTAAATCTTTATAAATAACCTCTTGAATTTGTTTAGCTGTCTTTATAAGTTCATCACCAAAAGGAAGAGTTCCCATCTTATCTAATAATTCATCTACTTCTTTTGATGAATAAGACATCATATTTTTTGAACCATTAGTTCTAAAAAATTGATTTAAGAAATATGTAGGTTCTCCTGTTGGTGCTGTATGTTGAGCATATAAAATTACATCAAATTCTTTTTTCTTAGCTTCTACATCTATACTATCCACAATTGAAGTTTTTGCTTCAATACCCATCTTCTTTAATTGTGATAACATAACTTGCATTATTATCTTTAAATCAGGCCTGCTATTATATGTAAGTATATTTATTGACAAAATTTTCCCATCTTTTTCTCTTAAACCATCTTTATTTAGTTTCCAACCATCTTCTTCTAAGATACTATTAGCCTTGTCTAAATTATATTCAAGTTTTACATCTCCTGCAAAAGAAAAATATTGTGCAAAAAGTCCATTAGCAACTCTTCCACCTTTTAATGCTTTTATATAATCTTCTCTATCCAATCCTAAATTTATTGCTTCTCTAACTGATTTATCAGACATAATTCCAGTTGCTGTATTAAGAACACCAAAATATTGATATCCTGCATCTATTGTTTCAACAATTTTACCTTCATCTTTTAATTCACTAGCTATTTCAGGAGTTATACCAAAAGCCATATCCAATTCTCCTGATTCAAATGCCAATTTCATAGAAGCCATATCACTTATAGCTTTTATTATTACTTCTCCTCTTTTTTCAGAATTTTCATAATATTGATTTGGTTCCAAAGTTAAAGAAACTTCAGGCTCTAAATTTTTTATTACATAGGGTCCTGTAAAAATATATCCATTGTCACCTTTTTTGAATATTATATTTGTCCATTCTGCCAAAAGAGATTTTAAATTTTGTGTTTCTCTTTCAACTGTAACATTCACAGTATAATCATCTACTTTTTCAAATTTTACTTTTCCTGCTGTTGCATTAGATAAAGGATTTTCTTCCATAACTGTATTCATTGCCCAAGCTAATGCTTCTGCATTAACCTCAGTTCCATCAGAAAATTTTACACCTTTTTTTAATTTTAATACCCAATTTAATTTATCAGTTCTTTCAACATCTTCTACATATCTTGAAACTAAATTTCCGTTTCTATCAACTGAAAATACTGTTTCACTTAGTCCATGTGTTGTTAAAGACCAAGGTGTCCCTCCAACTGTTGGCTCTATTGCTCCAACTACAAAAGTTTGTCCTATCACTATTGGTTTATCTTCTGTTACAACTTTTTCTTCTTTTTTTTCTCCACAAGCTACAAAAAATATAACTAATAACAATGAACATAGCGAAAATCTTATTATTTTTTTCATATTTCCTCCCTATAAAAAGTTTTATAAATTCCTAAACTTAGTATAACACTTTTAAAAAAAAATACAAAATAATTACTATGCTAAACTTTTTTAATAAAGTGATCTTTTCTAAAAACTTTTCCTTTTATAGATTATATATGTAATATACATAATAGTAGTTATTATCCAGGAAACAATAAAACTATACAACACCATAAAGAATGTTGGATTTAATGGAACTATAAAAAATATCCATAGAAGTCTGATAATACAAATTCCAAAAATATTTATTATCATAGGATTAAAAGTATCCCCTATTCCTCTTATAGCACCAGATAAAACATCTCCTATAACATATATAAAATACAATGGAGCCAGCAAATGTATAATTTGTGAAGTTAGTTCAACTATGTTTTTATCATTTATTAAAAAATGGGCAAGTGGCTTGTTCCATATATATAGAATAAAACTTATTATAAAAATTGCTATCATAGCCATAAATAAAGCAACCACTATACCTATTCTAGCTCTTTGATGTCTTTTTGCACCATAATTTTGTGCTACAAAAGTTGAAATAGCAATAGAAAATGCTTCTGAAACAGCCCATATTAAAAAATCTAATTTTCCACATACTGCCCAAGCTGCTATACTACTTACTCCAAATATATTTATATTACTTTGTATAGTAGTATTAGCGATAGGATATATAATTGATTGGATTCCAATAGGTAAACCTAATCTAAAAATTTCTTTTAAATATTTTTTATAAAAATGAATTCTATTTATATATATTTTACAATCTAATTTTGTTCTAAGTAGTATTATAAAAATTAAAATAGCACTTACTACTTGTGATATTAAGGTTGCAAATCCAACTCCAATAACCCCTAACTTAAATACTATAACTAAAATTAAATCTAAAATTATATTTAAGATATTAGATAATATTAAAATATAGAATGGTGTCTTTGAATCTCCTAAGGCTCTTAAAATTCCAGAACCTATATTATATACCATAGAAAATACTATCCCACTGAAACAGATAATGGTATAAATTTGAGCTTGATAAAAAATTTCATTTGGGACTTTAATTAGTTTAATAAAAAATGGAGATAATATACAACTTAATATAGATAATAGTAACCCTCCAACTATTGCAAATAATATTGCTGTATGACTAGCTTTTGATACTTCTTCTTTTTTCTTTGCTCCAAAATACTGTGAAATAATTATTGTTGCTCCTGATGAAAGTCCAACAAAAAAACTAACTGGAAGTCTTTGAAAACTCAATACAGATTCTATTGCTGCAAAAGCGTCTTTTCCTGCAAATCTCCCAATTATAATAGCATCTATTGTGGTATAAAGTGATTGAAATAGAGTGCCTAAAAATATAGGTAACACAAAATTTAACATCACTTTCCATATTTTTCCTTCTGTTAAATCATTATTTTTTAAAGAAATATCCATAATATCATTCCCTAAACTAAAATATTTTTATATCTAAATTATATAATATCTATAATTTTTATGTCAAATTATTTTTAAAATATTTATATATTTTTTAGAATATTATAATATTATATAAAATATAGTTATTAAACTACACCTAAAAAAATAACGAGACTGTTGCAAACTTACAAATGAAATAAAAAATATTTGTTGACAAATTTATAAAAGAATAATATATTTTATTTAATTGAGGTGATTTT
NZ_CP077191.1_gap47	1861821	1864831	3010	GATGCAAATTTACATCTTGGTTTTGGTGCTGATATGAGAGATTATGCTGTTGCTGCACAGATGTTAAAAGCATTGGGAGTAAAATCTATAAAACTTTTAACAAATAATCCATTAAAAATTAATGGACTCGAAGAATATGGAATGCCTGTTGTTGAAAGAGAAGAAATTGAAATAGAAGCTAATAAGATTAATAAAATATACCTAAAAACTAAAAAAGAAAGAATGGGACATCTTTTAAAAATTGAATAAATATACTAAAATTACCTCAAATATTGGAAAAGGAGAAGTGGAAATGCTTCTCCTTTTTATCTCTATAACTCTACCACATGTGAGCTACTAATTTTTTTATCTTCTTCTGATAAATCATTTAATATTTTAATTATTTCTTCTGTTTCTTCTTTATCACAAACCTTAAAAGAATCTAAATATTTAAAAGCATTATCAATATCATTATTTGTTAGTCTTTTAGCTTTTATTGGAAAAGGAATAGCATTTTCTCTAATTGTCATTTTCATAAAAGCTGTAAATGCAGAGCTAACTGATAAACCCATTTCATCAGATAATTTTGAAAATTCTTCTTTTAAATCATTATCTACTCTAAAATTAATAGTTGTTTGTGCCATCTATATCACCTCAACTAAATTGTAAATACAAAAAGCAACTTAATATTTATTATTTAGCCCAAAATACTTTTTCTATATTCTCATTCATTGAAATTGAGATTTTAACATTGGTCTTTTTTTCTTCGTATAATTCTTTACGTAATTTTGCTAACTTTATCGTTTTAAAAAAACTAAAATTTTATTTTTTTAAATATTTTTACTATTCCTATATATAATATATTATGCTATTATTTTTTATCAAATACTTTTTTAGAATTAATAAATTTATTTAAGAAAAATTATAATCAAAAGTAGAGTTATCTCATTAAATTTTACTTTTCATTTAAAATAAATTATAATATTATAAAGCTATTTGAAAAAACTTGATAAATAAATTTTAATTTAAAGGAAGTGAACTTCTATGAGAAAAATTTTTATTATCTTAATTTTAATGCTATCTATATTTTCCATTGCTAATGCACACCCATTTAAAACTGAAAAAGAACTTTATGACTACTATGCTGAGATTGATAAAAAAATTAATGAAGAATTAAAGAATAACCCTGAAAAAATTTTAAAGGATAGAAAAAACAGTTTAAAACCTCTATCTATGGATGTTTTTGGTGCAGATAAAGTATTGGGAGACAATAGCTACTTATTTGGTTTTGATAAAAATGGAAAAATTATATCAGTTATGAAAAGAGCTGTACTAGATGGACCTTCAATGATAGCTAGAATTTACTATCCCAATGGAAATTTAAAAGAAGTATATTTAGATGATGATGATTTTGTAACAGGAATTGTTAGAACTTACTATGAAAGTGGAAAAAAACATGAAGAAATTCCTTACTATAAAGGAAAAAAAGAAGGTTTAAGGAAGATTTATTTTGAAAATGGTAATTTATCAAATGAAGTCTATTATATTGATGATTTAAGAGAAGGAAAAACAACTGATTATTATAGTGATGGAAAAGTATTCCGTTTAAAACACTATAAAGATAATATAGGAAATGGAAAGTTTACTGAATATTATAGAAATGGAAAAATAAAAGTAAAAGGAAATTACAAAGGAGGTTTAAGAGATGGAGAATTTAAGTTTTATTCTGAAAACAATAAATATCTTGGTTCAGTTTTTTATAAAAATAAAGAAATCATAAAAAATACTTTGAATAAAGAAGACATGGAAGATTTAAGTGCAAGTTTTGAATTTGCAGATATGGATTTATTTCTTAGAAGTACTACCCGTGATATTGTAGGAGCAACTACTGATGTATATCCTAATGGAAAACCTAGGATTTATATGCCTTATAGTGTAAATGGTGAACTTCATGGAGACTATATAGAATTTTATGAAGATGGTAACATTTCGTATAAAATAACTTATGAAAATGGAATTAGGCAGGGCAAATCTATTACTTATTTAGAAAATGGTAAAATCATAGGAAAAACAAATTATATAGATGGGAAAAAAGAAGGTAAAAGTTTAGAAACTCTTAAAGGTATGATACAAAAGAAAGCAAACTATAAAAATAATAAAATTGATGGAGATATGTTTTTATATTATCCAAGTGGAAAACTTTTGCAAAAAAGAAGTTTTATTAATGGAAAGGCTGAAGGAGAACTTATTGAATATTATGAAAATGGTGTTATAAAAGAAAAAGCATATTTTATAAATGATAAACAAGAAAAGGAACATTTATTTTATGATGAAAAAGGAAATTTAATAAAAACTGATATCTATAAAAATGGTATAAAACAATAATTTTAAGTATAAGGAGTGATTTCTATGAGAAAGATTTTTATTACTTTAATTTTAATGTTATCTATATTTTCCATTGCTAATGCTCACCCATTTAAAAGTGAAAAAGAACTTCAAGATTTTTATGCTAAGATTGATAAAGAAGTTGATAAGGAGTTAAAAAAAGATTATGTAAAAATTTTTGAACAAAGAAAAGCTAATTTAAAAGAAAAAGCAAGTGATGATGTTACAGAAAAAAATTTAGAAGATGATGAATATCTTTTTATTTTAAAAAATGGTAAATTAGAAATGGTCTTTAAAAAGGAAATTCTTAATGGAAAATTTAGAACTTTAAGTAGACTATATGAAAATGGTAAAAAAAGTAGAATAGTATGTTTAAGTGCAGGAAATCCTGCTTATTATGGTACTGTTAAATATTTTAGAGAAAATGGAACTCCTTTGTATAGTGGACAATTTTATGCTGGAAAAATGGAAGGAATGTATAAAGAATATTATGAAAGTGGTAAAATCTTAAAAGAAGTTCATGTATCTAATGACAAAGAAAATGGACCAGAAAAAATATATTATGAAAATGGAAAAATTTCAAGTATTAAAAACTATAAAGATGGTAAAGCCAATGGAGAATATATAGAATATTACACAAATGGAA
NZ_CP077191.1_gap48	1937189	1938487	1298	TCCTTAATATTATTTATTATTTGGTAGCGGGGGTAAGATTTGAACTTACGACCTTCGGGTTATGAGCCCGACGAGCTGCCAGACTGCTCTACCCCGCGATATAAATGGTGCCTAGAGCCGGAATCGAACCGGCACGGTACTAAGTACCACAGGATTTTAAGTCCTGTGCGTCTACCTATTCCGCCATCCAGGCATTTATATACTTTTACTGTTCCCCTTGGAACATTAACTATAATATCATACATGTTGTATTATGTCAAACTTTTTTTTCATTTTTTTAAAATATTTTTACTATTTTTATTTCTGTATTGTTTTCAATATCTTTTATAAATTCATCTGGATTACTTATTACAGCTTCTTTTTTCTTTTTTATATATTTTTTTATTTCACTTTCTAAACTACAGGCTATTGACCTTGAATCACATAAAAATACTCTTTCAATTTTTATAACTTTATGAGCTTTTGTATATTTCGCACCTTTGCCATTTAGATGTTCTTCATATCTTTTTAAATAATCTTTTGCAGTACCAGTATAAATACTCCCATTTTCACATCTTAACATATATAAATAATAAACCATAGTACTTCCTTTTTTGAATAAAAAAAATGTTATAAAATAATTAATAATATTAGTAAAAAATAAGTGAATTACGAATGTAGATTTTAGATAAAAAATTAAATAGGATGAGCCGAGCAAAATCAGACTTGTTTGAGTGAAACGAGTTTGTCTGTTTTGCAGCGAATTCTTAATTTTTTATCGTTAAGAAATCTACTCAGTAATGAACTATTTTTTACAATATATATTTTATAACAATTTCTATTTCAAATATTCATAACCAAATTGATTAATAATAATTTTAGATTTATAGGATATCTTAACATTTTTTTATACTCTAATTTTTCTTTTAAATTTTTATCTCTTTTTACAAGATTTATAAGGTATTCTACAATTAAATTTACATTTTCCTTACTGCTATTTAGATAAATATCTTCTGCAAATTTAATTTTCTCATATTTTTTTAGATTTGAAGATTCTTGGACAAAGTTTCTCAAACATTTATATAAATCAATTTTAATTTCTATATTTTTTTCTTTTTCATATTCTTTTAAAACTCCACCAATAGTTGTATATGATTTTTCAAGCATTAAATCAATTTCTTTTTCCTTATATTTTTCTATATCATTTGTAAAACCTAGGAAAAAATTATAGACATACTTATCAACCCCTAATTCCTCAGGAGTTGATTTTCTGATTCTATAAATAATTGATCTTGATTTTATTGTAGAAAGTATATTTA
NZ_CP077191.1_gap49	1948171	1952774	4603	GGAGCTGTTAATAAATCTACAACAGAAGCAGTAGAAGCAAGTAATGACACAACTGCATATAGATATACAGTAGAAAGTTCTTCAACTGCTGGAAGTTTTCCAAGAGGTGTTAAAGCACACACAAGCCCTAAAATAGTTACAAACACAGTTGTTATAGTTCCCTTGTCAAACATTTCTAAACCAATAGAAGCGAAACCATTTTGAAGAGCTCCTCCTATCATTTGAGATATAGCAGAGACCATCAAAGAAATTCCAATTAAAAATACCCAGTCTGCTGCACTAGCAGTTTTCTTTTCTTTTTCAACTTCTTTTGCAGCTGCATCTGCGACTGCTTGTAATTTAGAAGTATCTGCCTTAGTTGCATTATCCCATTTAGATGAATAACGAACCATTAAAAGCAATAATGCTATCCAGACTGAATAACAAACTGTATCAAGTGCCAATGCACAACTATATGCTCCTGCATCTACTGGTAAAGCTGCTTGCATAGCTGCCATATTTGCAGAACCACCTACCCAAGAAGCATAAAGTGCTGCGACTGCTCCCCAGACATCTACTCCTAAGAAACTTTTAAAAATAGGATAGCCCACAACAAAACCTATAAATAATGTAAATGAACAAGCCAAAAATATAGCTACCATTCTTCCACCTAATTTTGCAAGTTTTCTAAAATCACAACGAAGAAGCATTACAAAAATCATGGCATATAATAAATTATTTTTTAATACACTATATGCTTTTGAACAGGCTTCGGAATTAAAAAGCCCCATAGTACAAAAAGCCATATTTAAAATATAAATGAAAACTAAGGCTGGAACTACATTAAATATTTTCCACTTAGAATATTTTTCCAACAATAATAAGCAACCTGCAAGACACATTAAAAATGCAATATAAGTAAAGCCATTAGTAATAACCATTGTAACCTCCCTCTTTTTCACTAATCTATATATTTTATTCCATTAATTCCTTTTATTCCAAGTCCAAAATCATCAGAAACTGTTATTTCTTTTTCGTTGAATACAGCTCCTCCTGCAATTGGATCTTCTGAACAAAGAACTGGTCCATCTAAATCAATCTTAGTGATAACCTGTTTAGCACAAGCTAAATGTACTGCTGCATTTACACTAACTTTTGCTTCAAGCATACAGCCTATCATACATTCAACTCCAACCACCTCAGCTAAATTTATAATCTTTAATGCATTATAAATTCCACCACATTTCATAAGTTTAATATTAATTAAATCAGCTGCTTTCATCTGTAATATTTTAAAAGCGTCTTCTGGCGAAAATACACTTTCATCTGCAAGTACAGGTACATCTGAATGTTTAGTTACATAACGAAGTCCATCAAAATCATGTGCTTTTACTGGTTGTTCTACTAATTCTATATCCAAACCTTTATCCTGCATTTGATTTAAAAGCTTTATAGCCTGTTTTGGAATCCAAGCCTGATTCGCATCTATACGAATTCTATAATCTTTTCCTATTGCATCACGAATGGCACTAAGTCTTGCTACATCTAATGTTGGATCTATCCCAACTTTTACTTTTAAAGTATCATAACCTCTTTTTATAGCATTAATTGCATCTCTTGCCATTTCTTCTGGTGGATTTACACTAATTGTAATATCTGTTACAATTTTATTACGACTTCCACCTAACAATTTATATACAGGAATTTTATGAAGTTGTCCATATAAATCCCAAAGTGCAATATCTGCTGCTGCTTTTGCACTTGTATTTTTAACTATACAAGAATTCAAATCTTTCATAAGATTTTCAAAATCATCTACATCTCTTCCTATCAAGGTTTTTATAATATGATCCTTTAATGCTCCAACAATAGCTCCTGTTGTATCTCCTGTTATTACCCCAGTAGGTGGTGCTTCTCCATATCCTACATTTCCAGTGTCTGTGTGAATTTCAACGATTACATCTTCTACACTATTTACAGAACGAAGTGCTGTTTTAAATGGTACTCTTAGTGGGACAGAAATAATTCCTAACTTAATCTTTGTAATTTTCATGATAATAACCTCCCTTATAAGAAAAAAAGTCCATACAAAACCACAGACTTTACTTGTGGTTTTGCTGGGACTCAGATTGTTTCTTGATCTATTGTGTAGCTCACACAAAATGAAGCAGCATACTATAAATATATACCTTTATAATTAATTATATAATACTTTATAATTACTTGTCAATTACTTTATTATTATCTACGATATTTTTATTTTTATAACTGAAATTAAACATTATATTATATAAATCTTTTAATAATAAAAAACCTCTAAGTTAGAGATTATAAATTATTATAATACTAACTTAGAGGTGTTTTGTGGCTCACTGCCTATATATATATATATTAAAAAGTTATTACCTACAATTAATTTAAAAACAATTTATCTAATTATATTATTTTTTAAATTTATTAGTTATTAAGGGATTTTATAGTGAATTTTTAGTAAATTGTTTTTAAAAAATTAATTGCATCTTCAAGGGTAAGTTTATAGATAAATTCTTTTTCTTCCTCATTTAACAAGCTAAATTTTCTTTTAAATTCTAAAAAATGCATAGATAACAACTCCTTTTTTTGTATATTTTTTCATCTACTTTCTTTATACTCTTAATGTATCATATAAAAAATACTATGTCAAGAAATTTTTAAAATTTTCTTCATATTTTTCATCAAACCCTAATTTTTACAATATTTATTAGTATTTTATTTTCTATACAAAATAAAAAAATATAAATTAGAAAATATTGTAGACACTTTTATCATAATCTGTTATAATGTATCTGTAAAGTAGTACAAAAAAGGAGGTATTTTTATGAGTTTTGGAAAAACTTTAAAAAGAATCAGATTAAAGCACAAAGATAGTTTAAGAGGTTTGGCAAAAAAGATAGACTTACATTTCACTTTCATTGATAAAGTTGAAAAAGGTACTGCTCCAATTTCTAAAAATTTTATTGAAAACGTTATAGCTGTCTATCCTGATGAAAGAGAAATATTAAAAAAGGAATATTTAAAAGAAACTTTACCTAATGTATTCCAAAAAGAAGATGCTATAAAAATTGTTAGCAACAGTGAAATTTTAAATCTTCCTGTTTATGGTAAAGCAAGTGCCGGTAGAGGATATATGAATATGGATAGTCCTGATTATTATATGCCTATTCTTAGAGGAAATTTTTCAAAAAGAAGTTTTTTTGTTGAAATTACTGGAAATAGTATGGAACCAACTTTGGAAGATGGTGAGTTTGCTCTAGTTGATCCTGACAATACAGCCTATTCTAAAAATAAAATTTATGTAGTAACTTATAATGATGAAGGATACATAAAAAGATTAGAAATGAATAATAAACTAAAACTTATTACTTTAAAAAGTGATAACCCTGACTATGAAGATATTGATATTCCAGAAGAAATGCAAGAATATTTTACAGTAAATGGTAGAGTTGTAGAAGTTATATCAAAGAAAAAATTATTGTAAACTTTAAAAGAGTTGCTCCAAATGAATTGGAACAACTCTTTCTTTTATTTATAATTTTTTATTTTCCTAAATTAGTGTATTTTTCAGGAATTTCAACAGAGGTTACTCCCATATATCCTTTTCCAAAAATGTATGTATCTTGATATATGAAAAATGCATTAGGAACATCAACTCCATTATTATCTTTCATTATACTTCCATTCCATTTCGCACCAGGTGTTGCTACATTAAGAGAAGCTAAAAGTTTATCTAATGTAAAATCTCTATCTCCACTTTCAATAGATTTTATTGCCAAATCAGTAAGTCCTTCAACTCCAGCAAAATTATATGAATATGCCCATGTTCCCATTCTTCCTGAACCACCAGCAGCTATAACTGCCTTTTCAACTTCTTCCAATATCTTTGGCCAATTTCCTTTTTCATCATCAGAAAATTCTATTCCGAATGCTCCTGGATATCCCATTGTAGGAGATGGTAAATCTGCTTCTATAAAATATCCACCATATGCAGCTATTTGTTTTAATAAAGGTTCTGTTTGGGCATCATTTGTTGCAAAAAATGCTATGTCTTTACCATATTTTTTTACCCAATTTGGTACTTGTTCTAATATAAATTGTTGTGCCCCTGGAACTCCAACATCACTTAGTGGATCTGGAGCTGACATTTCAATATATTCCATTCCTAAATCCTTAGCTGTTTGTTCCATTATTGCTCTTCTTCTTGAAATAGTTTCATAACTTAAATGTCTAGGAAAAGAGATGTGCATAAATTTTGTTGCACCTAAATCATGAGCAGTTTTTACTATTAAATATCCTCTTGCTATCGAATCTGAATTCATGACCACATCTGCAACTGTACTTACTTGTACTGGATCTTCATGGTTATTATTAACAAACAACAAAATATCAGGTCTTTTTTCTCTTATAGCTTTGAATGCTGGATAAGTTCCTGGCACTCCTTCTGCTACTACAATAGCTTTCATTTTAGGATCATCTGCAAGAGAAACCATTTGTGAAATTGTTGTTTCTTGTTCTTGCATAAAATTATCAGGAATTGTTACTATTGTAATTTTTCCTCCTTCATTAGCTGCTCCATATTTTTTCAAAA
NZ_CP077191.1_gap50	1961511	1964703	3192	ACTCATTAAAACAACATTTTCATTATTTTTTCTTGTAATAATAATAGTTTCATAGTCCTTAGTTGCCTTATCACAATAAGTCTTCAAATTATTTCTAACCTCAGAATAATTAGTTGCTATCATAAAGATCCCTCCTTTTTATTTTAAAATATTGTACAATATATTGTTAAAAAAGTCAATTTTTAAAATAATATTAAAGAGAAGACTAGCAACAACCAGTCTTCTCAAATCTCTCTATTTCTTATTCTTTTTTTGATTTTCTAAAAATTGAACTCCTAAATCAGGAAAATCTGTAAATACTCCTGTTGCTCCAGCCTTATTTAATAGAGCATCATACATTTGATTAACATCTGTAAAAAAGTCAGGTAAAGCATCTTTTCTTACAGTATAAGGGTGTAATTCCATTTTAGTAGTTGCTATATCTTTTACCATTGGAGTGTAAACTATATTTCCAATTTTTGAATTTTTGTCATCAATTAACATATACCAACCTGGTCCAACTCCATCAGCATATTTAGCAATTTCTTTCATTGCACCTTCTTTAAACATCCAATCATAATCATAGTTTACCCATTTACCATTTTTATCTTTTTCTTCTGTTTCATGCCAATCATTGTATGCTATAAGTTGTACTAATTTTAAGTCCATTCCCATTTTTGGCATAAGTTCTGTTTTAATTCTTTTTAATTCGTTGTAATCAAATGTTTGTAAGTAAACCATATCTGATTTTTTAGTATATCCATATTTTTTCAAAACTTCAAGAGTTGCTTTTGCAATATCTTTTCCATTTTGATGATGGAACCAAGGTGCTTTAATTTCAGGATAAATTCCAATTTTTTTACCAGTTGATTTTTCTAATCCTTGGATAAATTCAATTTCTTCTTCAAAAGTATGTAATCTGAAATTTGATTTCCAAAGAGGGAAACGATTAGGATAAACAGCTACTTGTTTTCCATCTTTTGTAGTAAAATTTTCTGTCATTTCTAATGTTTGTAGCTCTGGCCAAGTAAAATCAATTACATAATATCTTCCATCTGCTCTTTTTCTATTTGGAAATTTTTTAGCAACATCTGTTAAGCCATCTAGGAAATGGTCATGTATTACTATTAATTTCCCATCCTTAGACATAGCTAAATCTTGTTCAAGATAATCTGCTTGTTGAGCAAATGCCAGTGCTTTTGATTCCAAAGTGTGTTCTGGTAAATAGCCTGATGCTCCTCTATGGGCAATAATTATTTTTCCATTGTGAGCAGCAAATAAAACTGTACTTGATAAAATTCCTAACAAAACTAAACAACTTTTTAACTTCATGTATTACTACCTCCTTAAAAATATGTTAATTTCATTTTTTATTTCTTTTCTTCTAGTGCTTTTACTCTTTTTAAAAGTTCTGGTAATTTTTTCATGGCAACTCTTATTTTCATATCTTCTCTATGATCAACTAATGGGTGTCCTGATAGTATCTTATTAGCTTTAACATTTCCTGCTATTCCAGATTGAGCTCCTATCATAGTATTATCTCCAATTTCAAGATGTCCTGCTACTCCAACTTGTCCTGCCAAAGTAACATTATTTCCTATTATTGTACTTCCTGCTATTCCAACTTGTGATATTATTAAACAATTTTCTCCTATAATATCATTATGAGCTATTTGAACTAAATTATCAATCTTTGTATATTTTTTTATAATAGTATCCCCAATAGCTCCTCTGTCAATAGTTGTATTTGCCCCAATTTCAACTTCATCTTCAACTATAACAGTACCTATTTGGTCAATCTTAGTATTATTTCCATTTACTTTTACAAAACCAAAACCATCAGAGCCTATTACTGCTCCTGGTTGTATCACACAATTTTTTCCAATTTCTACAAATTCTCTTATACTTACATTGGAATAAATTACCGTTCCTTCTCCAATTATAGCTCCTTCTCCAATAGTTACATTAGGGAAAATTTTTACATTATTCCCAATAACTACATCATGTCCTATATATACATTAGGAGCAATATCAACATTGTCACCAATTTTAGCAGTATCTTCTCTCATCTTTTCAATTTTCTTTAAAGTTCTACTAAAAAAATGCAAAAGTTTTGGCATTATTATTCTTGGACTATCTTTTACAACAATATAGCCTTTTCCTTCTATCAATGGTAAATCAATATCTGGAACTATAATTACTTTTGCTTTTGTTTGAGCTAAATTTTTTAAAAATTTCTCATCTGCTGCAAATGTTAAACTCTTCTCATCTGAATGAAAAAAAGGAGAAAGTTTAGAAACCTTTTCTATAACCTCTCCTTTATATTCAGCATTAAGAAGAGTTATGATATCAGTTACTCTATATTCCATAACTCTTCCTCCTCATAATTTTTTTATTATTTTAATGCTTCCATTTCTTTTATTACTCTGTCTGTTATATCTTCTCCACCAACTTTTAATGCTTCTGCTTCAAAAATATAATCATATTTTCCATCTGCTGCAACTTTTTTAACAGCCTTTACATATACTGTTTCAATTCTTTTTAACTTAGCCATTTGATCTTTATTTAACTTATCTTGTGATGAGTTTAAGAAAGATTGAAAATCTTGAGATTTTTTTTCAAATGCTTTCTTTTCAGCATCTGTTAATTTATCTCCTTTAGCTTGTAGTGCAACATATTCTTTTTGTAGTGCAACTTCTTTTTGTCTAGCTTCATTTTCTACTTTTTTAGCTTGACTTTCTAAAGATTGTTGAGCCTTTTTAGTTTCAGAGAATTGAAAGAAAGCTCTTTGGCTATCTACTACTCCTACTTTTTCTGCAAATGCTGATGTTGCTAATAACACACTTGCTATTAATAATAATTTTTTCATTACTTTTTACCTCCAAATTTATATAAATATATATTGATTATTAGAATGATTGTCCCATATTGAAATAGAATTTCATTCCATCATCATCCATCTTATGTCCTACTGGCCAACCAAAGTCAAATCTTAATGGTCCAATTGGTGTATTAAGTCTAATTCCAACTCCAGCAGTTGTTCCTATATTATGACCAAAATGATCATTGTCTCTTGTGTAACTAGGATCTCTTCCATTTTGTTTCCATGCTCTACCTGCATCTGCAAATACAACAAAACCTATAATATCATTAATTTGAGTTCTGTTTTCAATAGTTGCTACAAGTTTTTGACTTCCTTTAAAGAAACCTCCA
NZ_CP077191.1_gap51	2039691	2041320	1629	AATAACTCCATCTGTATATTTAGGATAATCACTTAAAAGCCCAGCCTTTTTCCATTCATTTAACTTTGCCCATCTTGCCGTTCCGTGTGAATCTTCTTTTACTTTGCTTCTCTTTAATAAAATTACAAGCATTAAAATACTAATAATATTTAAGAACAATCCTATTTTTCTCATCACTGATGATATATACAAAATCTTTTTTATATTTGGAATAAATGCAAGTTTTAGAATAAGGAATGGGCTATATAGATTATGAAATATTGGCTCTCCAACTATTTCAGGATTATATCTATAATGCATAGCTATTTTTTGTGAGCCCCAAAAGTATGCCATAATTAGTATTAGAAAAGCAAAAATAACCCCAACAAATCTAATTACACTTATCTTATCTTTTATTTCTTCAAAATTTTCTGATACATAATATACAAGAGAGAAAATAATTATTAAAATTATTGAAAATATTAGGTAAAACATATCAATCTGTTTTTATAGAAAGTCCTGTATCATAGGTTTTTGAAAGCTCTTTATCTCTTTCTAACTTTCTATTCCAACCTTTATTCTCCTCTAATCTCGTTAAGTCATTTTTTAAATATATTCCCTCTTGTGTTAATCTATTTTGTATCTCTTTTGCATTTTCTAACTCTCGTGGTGTTAAGATAAGTTCTGTATCTTTTCTTAATAGTAATTGCTCTTTTATCTTTTGAACTGCTTTTAATATAAATAACTCAAATTCTAATTTCTCTTTATTCCTATTAAAAATTTCTCTATCTTGCCAAAGTCTTAAATTAGTTAAAAGTAATATAATAATTGAAATCGTAAATTTTAATCTTCTTATCTCTTCTTCCTGTTTTATTTTCTCTCTAATTAATCTTTTTCTCTCTTCTTCATCAATAACTCTTCTTTTTTCTTTTTCAAGATAGTAATACAGCTCAAACATAGGTATCACTATTCCTTATATGGCTCTAATATTAAATCAGCATTTACAATTATGTTAAATCTTGAACCTGGTTTAATTGTGATTGTAGGTTTTATATTTAAAATCCTTTCTGACAAAGAATCTCCTATATCAATTATTCTCTCTCCTGCACCAGAAGCCATAGCATTTTCCCAACTTTGTATTCTTGTATCTTTACTCCTATTGACTAAGGCTGCTCCTCCTCCCAAAACAGAAGATAATATAACTGATTTTAAAAGTTCTATATTATGATTATTAACTCTACCCTTCATTCCAGCATAAGCACTTAAATCCACTCCTGGAAAGTTTTCAAGTGATATTGATTTTCCATTAGGAAAAATAAGTCTTTGCCATATTATTAAAATTCTATCCTGACCATAAGCAACTCCACTGCTATATTCTCCTATTATTTTTGTTCCTTTGGGAATTAGTAGATATTTCCCTGATATAGAATCATATACATTTTCTCTAACAAGTCCTACCATTTTTCCTTCAATTTGTGAATCTACCCCACTTACTAAAATACCTGGTATAAAACTTCCTGCTTTTAATTCATAAGGTGATTTCACTTCTTTTATTGAATATTTATTATATTCGGTATCTTCTGTAATATTTTTACTTTCTTCTGTTGAAGTAGATATATCAGTCTTTATATTATTATTTTTACTGATAAT
NZ_CP077191.1_gap52	2120057	2122037	1980	TTTATAACTCAAATTATTATATTATAGGGACAAGTGATTTTATTAAGACTATGAAAACACTTTTAGAAGAAAATCATATTGATAAAAAAAATTATTTAGTTGATAATTTCGGATAAAATTCTTAAAAGAGGCTGTTGTACATTGTAAATGAAGTAAAAAACAGTTTATTACTAGCTAAATTTCTTAACGATGAAAAATTAACATTCGCTGCAAATTCAACCAACTCGCTAACAAGTTAGCTCAAACATGTTGAAATTTGCTCGGCTCATTTGCTTTAATTTTTCATCTAAAATTTAGAATGTAATTTCACTTATTTTTTACTCACATTTCAATAGTTTAATTTGCAATAACCCATTCCTATTCTGTAATTATCTTATGTTTAAAAAATCTTTCTTGAAATTCCAATAAAGCTTCCATTTGCTCTATTGAATAGTTTTTATCCTTAGGAACTACAATTAATTTATTTTCATTGTCATCATACCTACAAACAATAGCTTTACAAATTCCTTTAAACTCGTCAACAGGAGAAAAAACTCCTAAAATATAGGCATCTATTTCTTCACAATCTTCACTTAAAGTATTAGGAATATAACCGTAATTAACTGGATATATAAAATCAAAGTTTGGATGTTTCTCTCCTAACTTTCTATCAACTTTCACTAAAACTTCTTTATTAAGGTAAAATCTGTATTTTTCTATATCTTTTAACATAAAAATTCACTCCTTAATTATCAAGCTATAAAACTTTGATTAAAATAAACTTCTTTTAAAATTTTATCATATAAAACAAAAAAACACACTAATAAAAGTGTGTTGATATTTAAAATGGCGCTTCCTAATGGACTCGAACCATTGACGCTGCGGTTAACAGCCGCATGCTCTACCGACTGAGCTAAGGAAGCAAATTGCTTGGCAAATCCATACTCTCCCAGGCCGCTTCCAGCCAAGTACCATCAGCGTATATGGGCTTAACTTCTAGGTTCGGAATGTAACTAGGTGTACCCCCATAGCTATACTCACCAAGCATATGTATTTTATCACATAATATCTTTATGTGCAAGTCTGAACACTTGAAACTATATAGTAGATTTTAGATTAAAACTTTGATAATTAGTATTGGTCAGCTAAATACATTGCTGTACTTACACCTCCAACCTATCAACCTCCTTGTCTCAAAGGTATCTTAAAGAATACTTATCTTGAAGTTAGTTTCTCGCTTAGATGCTTTCAGCGATTATCTATTCCAAACGTGACTACCCAGCTGTGCCACTGGCGTGACAACTGGTACATCAGAGGTTTGTCCATCCCGGTCCTCTCGTACTAAGGACAGGTCTTCTCAATATTCTAACGCCTACAGTGGATAGGGACCGAACTGTCTCACGACGTTCTGAACCCAGCTCACGTACCGCTTTAATGGGCGAACAGCCCAACCCTTGGGACCTTCTCCAGCCCCAGGATGCGATGAGCCGACATCGAGGTGCCAAACCCTACCGTCGATATGGACTCTCGGGTAGGATCAGCCTGTTATCCCCAGGGTAGCTTTTATCCGTTGAGCGACGACCCTTCCATTCGGAATCGCCGGATCACTATGTCCTGCTTTCGCATCTGCTCGACCCGTCAGTCTTGCAGTCAAGCTCTCTTATGCCATTGCACTCTATGGTTGATTTCCATCCAACCTGAGAGAACCTTTGAACGCCTCCGTTACTCTTTCGGAGGCGACCGCCCCAGTCAAACTGCCCACCTAGCACTGTCTCCGTGGCTTCAAACCACAGATTAGAATTTCAGCATTGAATGGTTGGTATTCCACCGATGACTCCGATACAGCTAGCGCCATACCATCATAGTCTCCCAACTATCCTATACATGCAATGCCAAAACCCAATACCAAGCTACAGTAAAGCTCCATGGGGTCTTTCCGTCCTACTGTAGGTAACCGGTATCTTCACCGGTAATACAATTTCACCAGGCCTCCCGTCAAGA
NZ_CP077191.1_gap53	2139656	2143176	3520	TTCTTCTGTTGCACCATCAAATACTGGTGTTGATATATAAGTTCCACCATTTAAAGTTCTCATTGCCATACCTAAGTGTACTTCAAGAACTTGTCCTATATTCATACGAGATGGCACTCCAAGTGGGTTTAATACAACATCTAAGTGTGTTCCATCTGCTAAGAAAGGCATATCTTCTGCTGGTAATACCCTTGAAACAACCCCTTTGTTTCCATGTCTTCCTGACATCTTATCTCCAACAGTTATCTTACGCTTTTCAGCTACTAGAACCCTTATAGATTTATTTACTCCTGCTTTTAGCTCATCTCCATTTTCTCTTGAAAGCTCAAGAACATCAACTACAACTCCCTTAGAACCATGAGGCATAGTAAGTGACGTATCTCTTACATCTCTTGCTTTTTCTCCAAATATAGCTCTTAAAAGTTTTTCCTCAGCAGGTGGCTCTGTTTCTCCCTTAGGTGCTGTCTTACCAACTAATATATCTCCTGGTCCTACTTCTGAACCTATCATAATTATTCCATTTTCATCTAGATTTCTTAGAGCACTTTCAGACACATTAGGGATTTCTCTTGTGATTTCCTCATCTCCTAATTTTGTTGTTCTTGCATCTATTTCATATTCTTCAATATGTATTGATGTAAATACATCATCTTTTCTAAGTCTATCAGAGATTAAAATAGCATCTTCATAATTATATCCTTCCCAAGGCATAAATCCCATAAGAATATTTCTTCCTAATGCTAAATCTCCTAATCTTGTAGCAGGTCCATCTGCAATTATATCTCCTGCTTTTACTTTATCTCCTAAGTCCACCAAAGGTGTTTGATGCAAACACATTGATTGGTTAGATCTTTCATAGTTCAAAAGTCTATATGTGTGTTCTTTTTTATCTGCATCTTCAATTATTATCTTTTTGCCATCTACATAAGTTACTTTTCCTGATACTTTTGTAGTTACCACTGCTCCTGAATCAACAGCAACCTTTCTTTCAAGTCCTGTTCCTATAAAAGGTGCTTCTGATCTCAATAAAGGCACAGCTTGTCTTTGCATGTTTGATCCCATCAATGCTCTATTGGCATCGTCATGTTCTAAGAATGGTATAAGTCCTGCTGATACAGATACAACTTGTTTAGGGGAAACATCCATATAATTTACTCTTTCTGGTTCTATTTCTACAATTTCATGTCCATATCTACAAACTACTAAACCTTGTAATTTATTATTTTTATCTAACTTGGTATCAGCTTGAGCTATGAATAATCCATCTTCTTCATCAGCAGCAAGATAATGAACATCGTCAACTATTGCAACTCCATTTTCTACTTTTACATAAGGTGTTTCAATAAAACCATATTTATTAATCTTAGCATAAGTAGCAAGTGAACCTATAAGCCCAATGTTTGGTCCTTCTGGTGTTTCTATTGGACATATTCTTCCATAGTGAGAATCGTGAACGTCTCTTACTTCAAACCCTGCTCTTTCTCTTGAAAGACCACCAGGTCCTAAAGCTGATATTCTTCTCTTATGTGTCAATTCAGCAAGTGGATTCGATTGGTCCATAAATTGTGATAATTGCCCTGAACCAAAGAAATCTTGAATTAAAGCATTTAATGGTCTAGTATTCAACAATGATTGAGGAGTTACTGTTTCTATATCTTGAGTAGTCATTTTTTCTCTAACCATTTTATTCATCTTAGCAAGCCCTGTTTTGATTTGCATAAGAAGTAATTCTCCTACACCTCTAATACGTCTATTTGATAGGTTATCTATATCATCAGTATGAACATTTTGATCGCCATTATTAAGATCTATAACATATTTAATAGTTCCTAATACATCTTCTTTTGTCAATGAAATTTGTTCTTCTGGAACATCAAATTTTAATCTTTTGTTCATCTTATATCTTCCAACAGGTTCTAAATCATATCTTTGCGGATTAAAGAACATTTGTCTTATCAGACTTCTAGCAGAATCAACAGTTACTTGATCTCCTGGTCTCAACTTTTTAAATACTTCTACAACAGCTTCATCTTCTGTTAAAGTTGTGTCATTCATCAAAGTATTTGCAATTAATTTACTTTCAGGACCAACATGCCAATAAGAAATACTTTCTACCTTATTTTCTATCAAGTTATTTATCAATTCTTCATTTATAAAAGCCTCTGTTTCGGCTATAAATTCTCCTGTTTCTTCATCAAGTATATCTTCTTTAACTATTGAACCCTCTAATTCTTGTTTTAAAATATTTAATAATTCTTCTGGTTCTTTTGAATATTTCTTATAAAGAGCTTTTAAATTTAATTCCTTAGTTTCTAAGAAATAATCTCTAATTTCATTGTTATCTTTAAAAAAATCTACTGCTTTTAAAAATATAGTTGCTAAAACCTTTTTCTTTCTATCTATTTTTACACTTAAAAAATCATTTTTATCAGTTTCAAATTCTAACCAAGTTCCTTTGTATGGAATTATTTTTCCAGAAAATAAATCTTTACCTGTTTGAGTATTAACTTCTTTGCTAAAAGATACTCCCGGTGATCTATGCAATTGTGATACAACAACTCTTTCAGCTCCATTTATTATAAATGTTGCTCTTTCTGTCATTTTAGGAACTTCTCCAAAATAAACCAAAGATTCTTGGATTTCGTTCCCCATTTTTTTGTTTATAAGTCTTAATCTAACCTTTAATGAATTAGAATATGTTTTTCCTCTCTTCTTACATTCAAGCTCATCATTTAATGGCGCTTCTGCTTCATGTAATTCATATCCTATATATTCTAGCCTTACATCTCCATTTGAAGATTCTATAGGGAATACCTCTCTGAATGCTAATTCAAATCCCTTTTCTTCCCTCTTATTTGGTGACATATTAGTTTGTAAAAAATCTTCATAAGAATTTAATTGGAATTCAAGAAAATGAGGCATCTTACCTCTAGATTTTATTTTTCCAAAATCAAGTCTTTCAATGAGTTTTTGCACGTTTCACTCTCCTTAAAATATTAAGTATAAGAAAAATATTTTGTTACTATTCAAATCAATGTACTAAAAAATAGTTCATTGCTAGCTAAATTTTTTAACGCTGAAAAATTAATGTTCGCTGCAAATTCGCTAAACTTGCTGACAAGTCAGCTTCAAACACAGCGAGATTTGCTCGGCTCACTTGCTTTAATTTTTCATCTAAAATTTAGAATGCAAGTTCACTTATTTTTTAGTGACATTACAATCTAATACAATTATTTTCTTTATACCTGTTAAAATTGCTTGGTATAGTTAGTCTTTTGTAAGAAACAAGGCCCATTTACTTCCAAAAGATCAACTATATAACCTGTAAAGTTGGCAAAAAGGCACTCCAAATTCACAAGAGTGCCTATTATTTTTTTAAATATCAAAGAATAGTATTAACTATTTTACTTCTACTTCTGCTCCAGCAGCAGTTAATTTTTCTTTTATTGCATTAGCTTCATCTTTTGGTGCAGCTTCTTTAATTACTCCACCTTTATCAACTAAGTCTTTAGCTTCTTTT
NZ_CP077191.1_gap54	2194036	2197257	3221	TTGGTTCTGTATGATTTTCTATTATCTTTCTTAGATTTAAATTTTGGATAACCCTTTCCACTAAAAAAGTTCTTATAGGCTACATCTAAATCTTTTAAAGAATTTTGTAAAGAAAATTTGTCTACATCTTTTAACCATTCTTTATCTTTCTTTAAAACTGTTAGTTCTTTACTACACTCACTATATGACATAGACTTTTTCTCTGTACTATATAACTTCTGTTTTAAATCTAAAAAATGATTATAGACATATCTTACACAACCAAAAGTACTATTTAATTTTTTTATTTGAGTTTTAGTTGGATAAAATCTAAACTTATATGCCTTTTCCAAATGATTTCACCTCCATTTACTTATATATAGTATATCATTATTTATACTACAAGTAAATGAAAAAGTAAAATTTTTCTAAATATATGAACCTAAAACTGACTTAGTCGTTTTAGAGGTTGTCGTTCACATAAGTACGCTACCACTTATGCAGTTCTCTTATGAACTTCTTAATATTTCTATTAAGCACAGACTATATCTTATCCCACAGCTTTATCTGTTTGGGTCTACCCACTTCCACCAGCTTTGGTGTACTTCCCTCAAGAGGAATAGTCGTTGAACCTTACCTTACGGTCTTGGCTGCTGATTGCCCATTATCTTAACACTTAGGATTTAACCTTATGTCATCTAGTATATTTTTTCTGCTTTCGCCACTTTCACACTTGCATCTTATTTTAAGATGTTATGTTGTAGTTATACTAGCTTTAGGGGTTTCCAGCAATTCAAGTAGTATTGGATAGCTTTTTTAAGTCGCTATCTCTACATACATATTTCTATATATGCTGACTATACTTAATGGTCTCCCCGCTAGGCGAGGACAGGTAACTCATGACTGAAGTCACAAGTGTGCGACCATATTTTTAATCAAAAATTCCATGAATATATGTAGCAAATACATTATCTTTACAAATTATAGGAGTTAAAATATTTGTTACTCCTTGATGAATTTCATAGCCCTTTATTTCATAATCATAAAAATCTTTTAAAATTCCTTCTGTCTTTTCTATCTTTTTTGTAACTTGTTCAGTCTTTTTTATTTCATCAAAAGTAGTTTCATAATCAAAAAAATTAAAACCTTCTGTTTCTAAAATGTTACTTTCCAAATGTTTAGGATCATGAATTTTTTTACCTAACATTTGTAAACCACCACAGATTCCGATGATAATCTTCCCTTTTTCTTTTAATTCCTTTACCTTTTCAAAAATACCTTTTTTCTTTAAGTCCTCTAAATCTGTTATAGTATTTTTACTTCCAGGGAAAATTATTATATCCTCATCTCCTAAATCTTTAACATCATAAATATATTTCACTCTCACATCATCATATTGTTTAAAAGCATGAAAATCAGTAAAATTTGACATTTTTTTAGTTTTAATAACAGATATATTTATATATTTTTTATCATTTGAATAAACTCTTTTATCCTCATCTGATAAACTATCTTCTTCTTCTATCTTTAAATCTGCATAAGGTAAAACACCTAAAAACCTTATATCCAAGCCCTCATCTTTAAATTTTTTATCTAAAATTTCAATAGCAGGTTTCAATAAATCCCTATCTCCTCTAAATTTATTGATAATATAGCCTTTTATTCTTTTTCTATCATTCTCATCTAGTAACATCACTGTTCCATAGATAGCAGCAAATACTCCACCTATATCTATATTTCCAACCAATATAACTGGACTATCCACAAGCTCTGCCATACCCATATTCACCAAATCATATTCTCTTAAATTTATCTCTGCTGGACTTCCTCCACCCTCTAAAACTGCTATATCAAACTTATTTTCTATATTATTTTTGTAAGTTTCCAAGGCTATTTTTTTTAACTCCTTAGAACGTAAAAAATAGTTTTTTGCATCAGCTGTATATGCAACCTTGCCATTTATTATTACTTGTGAATTATTATCAGAATTAGGTTTTAACAGAATAGGATTCATAAAAGCTCTTGGTATTTCGTATCCTGCCTCTGCCTGAATAACTGTTCCTCTACTCAATTCCAGCCCTTCAATATCTACAAAAGAATTAAGTGCCATATTTTGAGATTTAAAAGGGGAAACTCTATATCCATCTTGTGCAAATATCCTGCATAAGCCTGCAACTATTAAAGTTTTTCCAACAGATGAGCCTGTTCCTTGTATCATTATATTTTTATGCTTTTTCATTTTTCCTCCATAGTGTGAATATCAAAATTAATAACTTTATTTTAATTTAATATTTCTACTTAATGTTACAAGTATTATATCATTAATTTTTAAAAAACAGGTAGGCTATTCCAGTAACCCACCTGCCAAAAACATCATAACTATTAATTTATTTACCAATTAAAATTAATAGTTATGTAAACATTTTTGCATAGTAGTATTATGATAACTGCTACTATGGCTAACAATAAAAACAATCTTCTCACTTTTTTCACCCCCTTTTGTGAGAGTTTAAGAAATGAAAAGATAGAAAAAAGAGCAAGCTATTATAACATAATTTTATTGACAAATAAAATGAAAAAGAATATAATTAAAGTGCTAAGAATAAAAACAAAAAAGAAAAAAGTTAAAATAGCATTTGTTCCAGCAAGTGCTATTTTTTGTTTTCTTGACATTTAGTAACTTCTTACATAAAATATGATATACTTTAAATATAGAAAGGAAGTTTTTATCATGACAGTTAATGATGTACTTGCAGCTTTGGGAGTTGTATTAAATGGTATCCCACAAGCTCTTTTAGCTGCTACTTATGGATTTGCTTCAATACCAACTGCTTTTGGTTTTATTGTTGGTGCTGTGGCTTGTTTGTTATATGGTTCTGTTATTCCTATTTCATTTCAAGCAGAAACAATAGCTCTTGCAGGAATGTTAGGAAAGAATATTAGAGAAAGACTTTCAATAATATTATTTTCTGGTTTAGCAATGGTTATATTAGGACTTACAGGAACTCTATCCACAATAGTCAATTTTGCTGGTTCAACTATTATTAATGCAATGATGGCAGGAGTAGGAATAATGTTGACTAGAATAGCTTTATCTGGTTTAAAAGAAAGTAGAATTGTTACGGCTAGTTCCATTGTATCTGCCTTTATAACTTATTTTTTCTTTGGACAAAATCTAGTCTATACCATTGTAGTTTGTGTCGTATTTTCAAGTTTAGTTGCTAATATTTTTAAAATAAATT
NZ_CP077191.1_gap55	2222184	2222684	500	TAGCCCCATATTCTTTAATAGCTTCTAAGGTGTATTGTGAACAGGTTGGATAAAATCTACATTTTGCTGGAAACATTGGAGAAATAAATTTTTGATAAAATCTGATTAACAGTATTAATATTTTTTTCATATTTTTTCCTATATAATTTTAGAATTTTTAAATATCCTATCTAAATCTTTTTTTATATCTTGGTATTTTAAATTTTCTATATTTTCTCCAAATTTTTTCTTAGCTACTATGATTATATCATAATTATCGTTTAATTTATTTATATTTAATCTAATATATTCTCTAAAAAGTCTTTTAATTCTATTCCTACAAAATGCTTTTCCTATTTTTTTACTGGCAACAAAACCAAATCTTGAACATTCTAATTTATTTTTATTAAAAAAAATAAGAGAGTAACTACCAAAATATTTATTTCCAAGATTGTATATATTTTGAAACTCTCCATTCTTTTTTAAAGTATTCATTATGTCTCCAAAAATAATTTTAGGTA
