gap_id	start	end	length	sequence
NZ_CP076459.1_gap1	110198	113523	3325	CGTGAAATTATGGATAATAATAAGATTTTGCTGGTTAACTTGTCGAAAGGTAAGATGGGTGAACTTAATTCGAAGCTTCTGGGTATTATTTTTGTGATGAAGTTCCAAGCAGCAGCGATGTCTCGGGCGGATATTCCAGAGGATCAGCGAGTTGATTTCTCATTGTATGTTGACGAGTTCCAGAACTTCGCCACTGACAGCTTTGAATCTATTTTGTCTGAGGCTCGTAAGTATAAATTGAGTCTTATTATGGGTAACCAGTTTATGACGCAGTTAACAGATAAGATACGAGAAGCTATTATTGGTAACGTCGGTACAGTTATTTCTGGGCGTATCGGTGTAACTGACGCCGAATTGATGGTTAAGAAGTTCCAGCCGACTTTCGATGTCGACGACTTGGCTAAATTGCCAAACTTCCAATCTATAACCTCTGTGATGATTAATAATGTGCCGTCTGCGCCGTTTAGTATGAATTGGATTCCTCCGATGGGGCAAGTTAATAATCAGCTGAGAGATGCGTTAGTAAGGCTATCTGCTGCTAAATACGGTAGACCACGAGCTGTTGTTGAGAAGGAGATATTTGACAGGATTAGAGGTAGTGTGCAACCAAAGACGAGTCCTTCTCAATTAGCGCCTTCTGTTGGTCAAAATCGTCGGGTGGTGGGTCATCGTTCTTGGATGAATGGCTAGCGAAGAGACAACAACTAGGAGGAAAGCCCGCTCCTAGCCCAACTGTAAGACCAGTAAATTCGCAAGCCCCACAGGCTTCCTCACAAATACAGAATCCGCAAGGTCGCCCAGGGGTGGTTAATAATGCGCCTTCTAATATAAATCGTATAACTGCGGCCGCTTCTTGACAGCAAACAGCAAAGTCAACCTTCTGCGATAGATAGTGCTGTCGTCAATAGGACAAATGCTCTATGACTACAAATAATAACCCTTCCTTTTAATGTAAAACCGAGCCAACCTGTGGTTAAGAATCGGCTCGATTTGCGCAATGGTGATGATGACGATAGTGAAGTGATGATTAGCTTGAGATAAGATTCAAACATCTATCTAGCTATTTTTCCTGTTGTTGATAAACCCTACTCGAGCGTATTCAATAACAGCGCCGATAGACCAGCCGGCTACAAACAAGATAATAGTTTCTGATCCTGATAATAGATATCCGTATCGTTTGGCGATAAAATACACAACGACAGAAGCTATTGCGCCTAAGGCGCCAGAGATGATTAAGTTAGGGCGGGCAACAGTATTGCCAATTGCGTCACTAGTCTTTTCGACGACTGGATTATGAATGACCTTGCTGAAAGCCCTGGATGGAGCTGATAGTTGGTCTTGTACATTTTCCAAAGTCTTCTTATACGAAGCTTCAATATCTTTTTTTGTAAGAGGCTTATCTTCTTTTATCTCTTTAGATTCTTTTTGTTCTTGCTGCTTTTCTTGGCGGGCGGCAATTTCTATAGCCTCATGTTTAATGCTATTTTCATTTTCGGCATTTGATTTTTCTTTTTCAACCGCCTTTTCTAGGGATCTTTCGATTTCAGCAGCTTTTTCTCTGCTTAAATCTGCCAATTCTCTGGTGTCGACAGCATTCTCTACGGTAGATTTTAATTTTTCACTCATTTTTCACCTCCTATAAAGTTCCTGCGGACATGTCTCGCCGAATGATTCTAACTTCTTTATTCAATTGACGTGATCTAGCGTAGAAGTATACGACCACGGCTGCAATAATTCCTGCGAACATCATATTCTCGCTGGCACCAGTTTTTGGTAGTTGCGAAGTGGTTTGTTCAATAACTTTCGGTGCAGGGCAGTCAATTTTTGTGCTGACAGTATTGCCAAATGTGTTATCAATCCTACAGTCATAAGACATTGGATTACTTTTACCGCTAGCCATCGCCGGGATGCTGTTCTTTATTTGGACGGTAAAGCTGCGCTTCTGGGTTTCTCCTGGCTTGATCTTGATAGGGTTCCATACTAGAACTTTTGCGTTGCCGCTGCCCGCGCTAGCACCTTTATCATCTGTCAATGTTCCGCCGCCAGCGTCGAATATATCGGCATACTCTAATAGGTCGCTGACTTGATCTTTGAATGTAAATTCTTCCTCTTTAAGGCCTTTGTTTTTTACCGAAAGAGTGTAGGTAATTCGATCTCCAGATTTTGCAACCGTAGTTGTTGCGTCGGCGTTATTCTGGGTGAGATTAACTGCGGTTTTTGTCTGCACGAACGAGGCAGAACATCGACTATCGTTAATCCATATCGTAGAGTCGCCTGGACATGGTTGACACTGAGGATCGTCCTTTAATAATTTAGGGTTTTGAGGACATCTTGCTGGCTCTGGTATAGTAAATGTCTTTACGCAGGCGTCTGAGGTCTTATCGCCCAGCGAGCTTTTTACCGTTAGAACAACTTTGTATGATCCTGGCGTTTTCTCTGTATAAGTTACGATTTTATCGTTGCTTTCAATAGTTTTAACTAGAGTATTTCCTCGGTAAACGCTATATACATATTTTTGAATTGTCGCACCGTTAGCTGCGCTGGCGTTAGCGGTAAATTGGTATGTATCTCCATTCTTCTTTATGTCTAGAGCGTTACACGTAGCTACTGGCTGTGGTGGAGTAGAGCAGTATGGGTATGTTCCGACTTGCCCAGTTGGACATTGATGGCTCGGTGGTGCGATTTTAAGATTAAGTTACCGCAGTTAAGCATGATTGCAAACCATCCAGTTCCAGCTGAATATCCAACGAATGCTCTATATGAGAAGCTGCCCCAGAGGTTGTGAGGTCGATAATAGAAAGTGCGAGCACCACCTTGTGATGTACGAACTACGTAAGATCCTTCACCTCTTGCTGCGCCAAAGTGAGGAGTAAGTCCCCATGAATAAGTCCCCATATTTACTATTTAAGGTCTGGAGATTTCCGGTAGCAGCTACCAAATCGGAACGACCTAATAACCAAGATGATCATAGAGGTCGCGAATATTATTTGTGTTCGCGTCATAATGAGCCAACAAGTGCGGAGCCGCTAGAAATTCCGCCGTAAATTAGGTCGCTGGAATCTGCTGCATTGGCTGATTCTGGCGGTGAAAAAACAGTGAAAGATTGCACAACAATAAGCGCTAGGGCAGTTAAGATAAGCCCGATCTTTCGAGTAGCTTCTTCTTTACGTAAGCGTTTCGCATAAAAGCCCAAACTGTGGATCATTGAAGGGCTGTATGGTAGGCGCGAGATAATTTTTTTGAACATTTTGACCTCTTTTATTTTTGTTGTTATATAACTTTAATCTAACTTCAGCATAAGCATGCTGAAAAAGTAAATAGTTTG
NZ_CP076459.1_gap2	131635	136218	4583	GCATATTAGCGCTTATCAAGCTCAGCGTAACGGACGAACTATTACCTTATTGGACACTCCAGGTCACGAGGCCCTTGCGGCGCTAAGGCAGCACGGAGCTACGCTGACAGACGTGGTGATTATCGTGGTGGCGGCGGATTGACGGAGTTAAACCTCAGACTGTTGAAGCTATTCGATTTGCTAGGTCAGCTAACGCTAAAAGTGTGGTGGCAATTAATAAGATTGATAAAGAAGCAGCCAATCCGCAACTGGTAAAGACTCAATTGGCATCTGAGCATGGTTTGAACCCTGAAGAATGGGGCGGAGACACTGTGATGGTTGAAGTTAGCGCAAAAACTGGTCAGAACTTAGACAAGCTTTTGGATATGGCTTTATTGGTGGCGGATATGGAAGATTTGCGCGCAGATGAAGATGTTCCGGCTGAAGGTTTGGTTATTGAGGCGCACATGGAAACTGGTCGTGGCGCCGTAGTTGGCTTGTTGGTGGAGAATGGTCATTTGAGACCTGGTCATTATCTGGTTGCTGGGACGGCTTACGGGCGAGTCCGAACGCTTCAAGATTTCCGTGGTAAAACCGTTAAAGATGCCGGTCCAAGTATGCCGGTGAATATGACCGGATTTAAGGAATTGCCACAATTCGGTGATGGATTTGAGATTGCGAAGAGCGAAAAAGAAGCTCGCAATTTGGCGCAAAAGGCTAAAATTGAACAAGAGAAAATGGCAGCCACAAACCAATGTTACTGGCGCAGATATTCTTAAGATGATGAATCGAAAGCTTGATGCGGAAGAATTTAACGTAATCGTTAAGGCTGACGTTCAGGGTTCAGTAACGGCCTGTGGTTGGATAGTTTGAAGCTGATTCGACACGAATGGCGAAGTTGAGCTTCATGTTGTCGGAACTGGTGTTGGTAATATTTCTGAGAACGATATTCATTTGGCGGTCGGTGAAAATACGGTGATTTATGGCTTTAATGTCGATTTGCCACCAGCAGTTAAGCGATTAGCGGCGCGTGAACACGTGGAAGTGCGAATTTTTAAGGTAATTTATGAACTATTGGATGACGCTAAGGCTTCAATGGAGGCTTTGTTGGCGCCAGAAATCGTTGAAACTGAAATTGGTGAGCTGGAAATTAAGGGTGTATTTAGGACGATGCGCGAAGAAGTAATTGCTGGCGGTGAAGTGAAGCGCGGTAAAGTCGCTAAGGACTTGCTGGCGCGCGTAAAACGTGGCGGAGAGCAAATTGCCGAGGTTGAAGTTTCTTCCGTACAGCGTCAGCAACAAGAGGCAAAAGAGGTCTTTGAAGGCGAAATGTGTGGACTGAGTCTTAGGACGAAGAAAAAGATTACCTTAGAAATTGGCGACAAGCTGGAGTTCTTTACTAGGGAATTAGTGAAGAAAACACTGGGGTAGACTGTTCTAAGTATTGACTTTTTTGTGTATTTATGATAGTATCTTAGGTATACATAAGTTTATTGCTATTCTGCGTGCAGAAGGCGAAAGGAAACCACCACAAAATGAGCGAACAACAATCTACCGAGCTTAGCCCAGAAGGATTAACTCCGTACGAACAGGCTATGCGAGACAAGTATCTTGGCAATGAATATGACGAAGGTGAATATGGCGACGATGAACCAAAGAAGGATGATAACCCAGAAGGCTTAACTCCGTACGAACAGGCTATGCGAGACAAGTATCTTGGCAATGAATATGACGAAGGTGAATATGGCGACGATGAACGGTCTGAGGTTGAGCCTGAAAATAAAGCCAATACCGAAAAAACCGAGATGAGCCCAGAAGAACATGAAGCTGCTGCTAACCTTAAAATCGCTAGGGAGAGGTTTGCTAAGGCTAGTATCGCTGCTGAATCACATTTCTTTGGGAAAAAGAAACGACAAGAAGCGTTGGAAGCTGCTGCAAAAGAATTGAAGCAGAGCGAATTGGAATATATGCGTCTCAAGTTTGCTGATAAAATCGAAGCAGCAAAACAGGATCCAAAAAAGCAGGCTGAATTAGCAGCGGAAATGGGTCAAGCAGCGTTTGCAAGTATGCGAGAAACCTCAAAAATGACGACAGATAAGTATGACAGAAATGCTCGATGATCGTGGTAAATTTAAGAAAGCTGCAGCTAAAGTTGGTAAATGGTTTAATAAGGGTGGTAAGATTGCTCAGTGGCTGAAGTTGGGCGGCACTGGTCTTGTGGTAGGTACTGCTACAGGAACAGTTGCAACAATCGCTGGATGGCCTATTACGACGGCTGTCGGTATAGTAACGAAATTAGGAGTTGCTGGAGCAACAAAACAAGCTGTTCTGGAAGAGCATCGTGGCGAAGATCGCATAACCGATGACGACAGTCTTGAAACTATAGATCCTTCATTTAAGAAAACTGTGGCCAACATGAAAATTGACGATGTTATGAAGCATGCAGTCAATGTATCAATTGACAATCTTAAGGATGTGAGTATAGAGAGACAGGATGCCCTGCGTAAGAAAGTACGATCATCATCAGGTAAGTATGCTGCTGGTTTTGCATTGGGTGGTGTTGCTGGTAAATTTGCCCATCACTAGGCGAACTCGGCGCACGCGACTGGAACTGACAGCAAACACTACAACACCTACATCAAGCTGAAAGTCGGAAACAACACCACAATCAGGTCATGCATAAAATACCACAATCTGCCAACAAAACAACTATAGATAACCCTGCTGCCAAAAAAATAGTAAAAAATAGTGTAAATCCAGATACACCCAAATTTCAATTCTTACGACTATCCTTGGAACTGGGCTGCTGAGAAGTTTGGTGACGCAAACGCAATGGATCAACTTCATAATCTGGCTGATAAAGCCATGGCTGACGGTCACACCGTGGAATGGTATAATACTGGCGGAATAGAGTATCTGGAAGTTGACGGATCTAGTGCTACTGCGGACGTGTTGGATGTATTGACTAAATACGTTTAATAGATAAAATATAAAAATAAACAAGGAGATAAAAAAATGTTTGAAATTACTGACGAATTCTTAGCACAGGCTGGTTTTGGATCACTACCCACAGATAAGAAAGAGAACGAGATGAGGGAAGACGTAACTAACAGCGTCCAGGATAAGATCACAAGGAAGATTTTACTAGCTGTTGGCGAAGCGAAGCTGGACGAGTTTATAAAATTACTGGACGGAGACGATGTTCCCGCAGTACTGAATTGGTGCGCAAATAATGGCGTTAATTTAACGGAAATTAGTTCAAAACTCGATGAATGAGACTATGATTGAGCTACAAAAATTATACAATGACGCGCTGAATATGAAAGCGTGGATAATAATATTAAACAGTTACTGGTATAATTTAACTTAATCATATAGACGAAAGAAAAGGAGGACTATGTTCCAACTGAATGAAGAATTTCTTAAAGAATTGGGGCTGGACCAGTTGCCGGAAGATCAGCAAAAATCGTTGTTGCAGCATATTTATAGCGAGTTAGAGCTTCGAGTTGGCGAACGATTAAGCCAGGGAATGAGCGATGCTCAGCTGGAGGAGTTTGCGGGAATTATCGATAAAACTCCTGGTGCTGTGGATGATTTTCTGACGAAACATGCGCCTAATTATCAACAGGAACCAATGTTGCAGAAAATGTCACAAGCTTCAGGTTTGCCAGTTGACGATCCGCGCCTGAAGGATGAATTTGCAGCTACTAAGTGGCTAGAGGTCAATCGACCAGATTATCGTGACGTTGTGGCTGCGGTTATGGCTGATCTGAAGAAGGAAATTATTGCCAACCGCGATGCTATTTTAGGTGGCATGAGTGCACCTTCAGCGCCGCAGCAGACTCAAAGCGACTTTGATTTGGCTGCTTAGTCAGTGAATTTAGACTTGATGACCGCGGATAAATTCTTCTGCGCTCATTGATTTTGCCGCTGGCTGGTGCGATCAGCACAGAAATCATTAAATAATAGCGCGAAGGCAAACGTTTTACCAGAGATGCAGAACTCGGCAATAGTTGGCAGCATAAACGAAAGATGTAGTGATAATGACATCAACCGAGTAATCAATAACCACGCGAACTACGCTCGAAACCAAAAGTCTCGGCGCGGACGTGAGCTGCAGCCTCGGAAGAGGGCATAAGCTCCGCATCCGAGAAAGGAAGGTTGGCCTTAGCGATGAATAAGTGGCAATATGAACCCAGAGAATTATCCTATAGCATTCCAATGAAAAAAGACCATCGATACCTATATGTGGCAGGCTCGTTATTAGCAGAGAAGTGCCGTCATGAAATAATTAATCGCATAATAAGAACTTTTGCAATATATACCAGTGACAGAATGGCTGAGTTTGGGACTAGATAGGGCCGGCGTCCATATGACTATCAAGCTACTATTATTGACACGCCAATTTCGGGCAAAGAAAAATATACCCATATTAGCTTGAATCATATCGAGAAGAAATACGTCCTCGATATTTTGGTAATCAGAGAAGAGATGAACAGTGATAATTCCCGGTGTAAATAAGTCGATAATTGACTGGGGAATGATAATCCCGGCTATGCAACCAAAACGCCCGACAATCGCCAAAGTAATCCAAAGCAATAGCG
NZ_CP076459.1_gap3	144856	146496	1640	TAACACGCTGAACGCCCTGAACGTAGACATATCAGACTACCCGAAACTCCCGCAAGAATACCCAGAACGCAAAACACCTATAATAAGCTCCACAAGAGCAAAACCGAACATCCGTTTCATTGTGAGGATATTGCAGCAAAAAGATTTTTTAGCAGCAATCACCAGCCCAATTCGCTTGCCAAATTATAGACATAACCTGCACAATACAGCTTATGCAGTGAGCTAATCGCGATCACGCTGCTGTAGGAATGGACATTTGCCACGTTAAAAACGGGGCGCTGTGTCGTCGGCTGATATTGACGCAGAAAATGGTGCGCCAAAAATTGTTGGCGTCGGTGAAACACCGAATAGCGGAATGCGAAAGGGAACCGTAACGAATTTGAGTGGTCCAGCCGAAGCTATTGATAAGGCACTGGAACCAGCCGAGCGAATGAGCGGCTCATCAGATTAACGCAGCTACGTTGAGCATTAACGGATCTCATTTATTAAGTACAAAAGCCGACGGAAATGATCAACGTTGGAACCGTTAACAATGAAGTTACGCAATGATGATACATTAAGGCTGGAGGAAGTTACTACAACTGGAAAAGTGCCACAGAATAGAGAGATTTTAGATATTATTAAAAACGGGCGTATAGACTGGATGGTCAAGATAATATTAAAGATCCAATTGGTATGACTGGCGCGCGTCTGGAAATTAGGGCGAATGTCGTGTCTGGTTTGGTTCCACACATTACTAATTTACAGAAGTCGGCGGAAATGGCTAAGGTTGAGGCTGTGTCTGTTGTTCCGTCGGTTTTGGCGGCAGCTCAATCCGTTCTTACGGAAAGTCAGCGTGAAAATGGCGTTGCGGTGATTGATTTTGGTGCGGCAACTACAGGAATTGCTATTTATGAAGAGGGCGATTTGCAACACCTGGCGGTTATCCCAATGGGCGGTCAGAACGTAACGAACGATTTGGCTATTGGGCTTAGGACGGATCCGGAAATTGCGGAAGTTGTGAAATTGGCGCACGCAAGATTTGGCAGCGACACTTTGGGCGAAGTTGAAACGAAGGTTGAAAAGCAGACATACAAGTTCAACCAAGAAGAAATTGACGAGATTGTTCAAGCGCGCGATACGAAGAGATTTTTGAAGCAAGTGCTAAAGAACTGAAGCGAGCTGGGCGACTAGGAAAACTACCGAGCGGCGTTGTGCTGGTTGGCGGTGCGGCGAAAGTCAAGGGTATATGGTGGAGTTTACGAAAGATCAATTGAGCGTGGCGGCACGCTTGGGTGTTCCGGCTGGCTATAGTGGAGTTAGCGATGAAGTGAAAGGCGCGGAATTTTCGGCTGCGGTTGGTCTGATGTTGATTGACTCTATGGGCATTTCGCAGCAGGTAAAACCGATAGTTGGCGCAAATAATGTCACTAAAAAAGCTGGCGGTTTACTTAAAAATATTTTCGCTAGATTTAAATAAATGATATACTCTATGTAAGGATTAAGAGAGGGAATATATGCCGCAAATACAACCAAGTGAAGTTCAAACATTTGCCAGCATAAAAGTCGTCGGTGTTGGCGGCGCTGGTGGTTCAGCTATTAACCGAATGAAAGACGCTGGTCTAACTGGCGTTCAATTCATTGCTATGAATACGGACGCT
NZ_CP076459.1_gap4	160677	162704	2027	GTCGTATCGACATCTCCAGAAGTAGGCTGTCCTGGCTCATTTTTATTGACTGAGGTGTCAGGGTTAAATCCGTCGGGGTTTTCTGTATTGTAAACAGTTACGGTGCCGTTTTTCACAGTAACTCGCTCACCAGCAAAGGCGATTACACGCTTAACAATATATTCGTCTTTGCCTGTCGAGGCGTTAAAATTCGGATTCTTAAACACAATTACTTGTCCGCGCTTTGGAATATAATTTTTATTCTGCAATTTTGAACCAGTGACGGGCAATCGATTGACGATCAGACGATCACCGGTGTACATCGTCGTTTCCATACTGGCGCCTTCAACATTGAAAGTTTGAAATACAAAAGTGTTCAATAAAAGTGTACCGATCACCACGCCAACAACGAAAATGACCATTCCCAGGCCATCTTGTAATTTCGGATGACGATCCATAAAAGTAGCGTCCATTGTTTCAATTATAAGCGTTTTGTGTGTTATAATCAATAGATATGAAACCACGCAAACAGTCGATGGACGGATTTGTCGCCAAGCGACCACAGCGAACTTCGTTGGGGGAAATTACTAGCAAAAAAACGACTACGCTCGGGCATCATCGTAGTAACGAAGATAGTCCGCAAGTGTCGAATAATGCGACAAGGAATATTCAGCAACCAACTTCTGCTAATAAATTAAAGCAGAATATTAGCGAATCGTTGGCGGCGATTGATGAAAATACCAAGCCTTCTCATCGGCAGGAGCGTAAGCAGAAGCGTAAGAAAAAGTTAATTACCAGGATTATTCTTGCGATTATCGGAATTATTATTGCAATTGTGGCGGGCTGGCTGCTATTAAAATTATGGCAGACGATGAACTCGGTGTTCCATAACGGCGGAATCTTAGGACTATTTTCGCAGCAGAAGCTGAAAGAGGATGCTTATGGTCGAAGCAATGTGCTGATTTTAGGTACAACAGATGACGATCCGGACCATCCAGGTGCGACATTGACCGACTCAATGATGATTCTTAGCGTCAATCAGACAAAGAAGGACGCATATATGTTTAGCATTCCGCGTGACTTGTATGTAAAATTTGGCATGGCGTGTAATTCTGGCTACGCTGGTAAAATCAATGAATATTTTGGCTGCGTGAATAACGGAGATAGTGCGCAGGCAGAAGCTGAACGAATGGATAAAACTAAGAAATTCATCGGCGATATATTCGGTATGGATATTCAATACGTGGCGCATATTAATACTGCGGTGATTCGTGATGCTGTCAATGCGGTCGGCGGAGTTACTGTTGACGTACAGAGTCGTGATCCGCGGGGAATCCTTGATCCAAGTATGGACTGGATGTGTCGAGCGAAGGAGTTGAATTATCAGCAACGTCGCGAACGATGTCCAACAGGTCACTATATGCAATTAACTAACGGCAAGCACGAAATGGACGGCGAAAAGGCGATGTGGTTCTCTCGAGCGCGTGGTTTGGTGGCGCCAACTTACGGATTGGAACAATCCAACTTTGACCGAGAGAAAAACCAGCAATTGGTAATGATGGCACTGAAAAACAAAGCTACTTCCACGGGAACGCTGACTGACTTTGGTAAGGTGACGTCTCTGATGGATGCCATGGGCAAAAACTTGCGCACAAACATTGACACGAAAGAAATCCGCACAATTATGAACCTTGGCTCGGAGATAAAAGAATCTGATATTCACAGATTGAGTTTTGTGGAGGAAAACAACGTACTTATGACTACTGGCACGGCGGGTGGCGCAAGCATAGTTCAGCCAGCTGCGGGATTATATGATTATGACGACATTCGCGCTTATATAAAGTCTGAGATTTACGCAACGCCGTTATCTAAGGAAAAAGCCACAGTTGCTGTCTTGAATGGTTCTGGCGTGGCTGGTGCAGCGCAGAAAGAAGCGGACAAATTGACAGAATTAGGAATGAAAGTTGTTCATGTCGGCAATGTTCCAGGTAATGAAAAAGTCGACAAAAACCCAAGTTTATCAATTGCCAGCTGGTAAAGAAAAAACC
NZ_CP076459.1_gap5	171418	175176	3758	GATGATGAATTCTTTGTTGATTTTTCCGGAAATTGAGTCTAGCTTAATACGTCGCTCGCCGAAATCGCCCTCCAGATGAACAATTGTTTGCGGAGCGTTCAGCGTCATACAATCGCTAAGGCTGCCACGAAAACTACTGCCGCGCAGCGCCACATAAACCGCCTCAAGCAGATTCGTCTTGCCGGTGCCATTTGGTCCAACGATTACCGTCCCAGAATTGCTAAAAGTCGCTTCGTGCAGATGATAAGACCGGAAATTGTATAGCTTAATCTTAGAAATCACTCTGTTATTATAGCACGGGGCGTAAGGCAAAATTAGCAGACAAGACGCTTGAAGTTTGATATAATAACGGATAGATAAATTGGAGGAAATATGTTCGACACAAACCCTTATGAAGAAAAAATGAATGCAGCGTTTAGCTTTTTTCAAGATGAATTGAAGAAGGTGCGAACGGGCAGGGCGCACGCTGGAATGCTTGACGGTGTTATGGTTGAGGCTTACGGCTCAAAAATGCCGCTTAATCAGGTTGCAAACGTAACCGCTCCAGAGGCACAAATGTTGTTAGTTACGCCATTTGACCCAAGCAATATTACAGCAATTTCTTCTGCGATTCGCGACAATCAAAGCCTAGGTTTTAATCCGTCTGACGACGGACAGAGTGATTCGCGTTCCAGTTCCAGCTTTGACGGAAGAGCGCCGCCATCAATTGGTAAAACAGGTTAGCGAGAAGGTTGAGGAGGCTCGAATTGCGATGCGTAATATTCGTCAGGACGCATTAAAGGATGCTAAGCGAATGAAGGACAATAAAGAGCTGAGCGAAGACGATTTGAAGCGCGTAGAGAAAGAAATTGACGGCTTAATGAGTAAGATGCAGGCGCAAATTGACGAGGCGTTTAAGGCGAAAGAAAAGGACGTCTTAACTGTTTAATGAGCGAAACTTTTGCCGACAAAGTGAAGGCATTGAATTTGCCGTTGGACCAAATTATTGTTATTGGTAGCGGGATTTTGGATCAATTGGGAATTCGTCCAGCTAGTGATATTGATCTTGCGGCGAGTCCTGATTTGATGAAAAAGCTCTCTGAGGAGAGTGGCGATTGGATTAAAAAGTTTGATGACAATCAGCGTTTTTATTTTGTAAAAGATGACGGTTCGGCTGAAGTTTGGGACGGCTGGGTTTTTGATGGACAGGCTGTTAGCTATGATGATTTGCTTGATTACGCAGTGGAATATGGTGGCGTGAGGTTCGTCAATTTAGAGTTTTTATATCAATGGAAAAAATGGCGCAGTCGCGAAAAAGATGTTCAAGATGTGAAATTAATTGATGAATGGAGGGCAAATAATGAGTGAAAATCTAATTTGCCGCGGCATATCGGGTTTATTGTTGATGGAAATCGGCGGTGGGCAAAACAGCATGGCTTGCCGACATATGAAGGACATCTGGCGGGCTATAACGCGTTAAAAGACGTGGCGTTGGAGGTTCTTCATCGAGGTGTGAAATACGCGAGCGCTTACGTTTTTAGTACGGAAAACTGGAAGCGGTCAGAGGAAGAAGTCCGACATTTGATGAAATTGCTATTGAATATACTGAAGGCTGATCTTCCGATATTTATTGAAAACGAGGTTCGCTTGAGGGTTGTTGGGTCTAGGGAAGGCTTGTCGGATCAATTGATCAAAGCGATTGACGAGGCTGAGGAAAAGACTGCCGATCTGAAAAATGGAGAATTGGTTTTATGCTTGAATTATGGCGGACATTTGGAGATTGCTGATGCGGTTAAAAAAATTGTTCAATCTGGAGTTTCTCCTGAGGAAATTACGCCTGAGTTGATTGCTCAAAATATATACGCGCCAGAGGTGCCGCCGTGTGATTTGATTGTTAGAACTTCTAGTGAACAGCGGCTCAGCAACTTTATGTTGTGGCGATCAGCGTACAGTGAGTTGATGTTTATTGAGAAGAATTGGCCAGACATGACAGTTGATGACGTGTCGCTGATTTTAGAAGAATATGCTAATCGGAATAGGCGGTTTGGAAAATGATTATTTGGGAAGTACTTTTAGGGCTATTTGTTCTCATTTTATTGGTGGTTTTGCATGAATTAGGTCATGCTATTGTCGCCAAGAGAAACGGCGTTAAGGTTGAGGAATTCGGAATCGGATTTCCGCCAGCCGCAAAAAAATGGAAAGGAAAACGAAGCTTCTTGGGTGAAAACGTAACGTTTAGCCTGGAATTGGCTGCCGCTTGGAAGATTTGTCAGACTGAAAGGTGAATATGGATTCCGCAAAAGGCGAGGGCACATATGGCGGTTCGACATGTCGGGCGAAAACCTCAGAAACCCTGCTGGCCGACGACGGGAGTGAACTACGATAATCGCGCTAATTGATGCAGCAAACGATCTCTGGCGATAATTGGAATGCCGAAAAGCCTATCGAACCAACCTCAACTACCATTCTGACAAAGAAGTTAGCCGCTCACCAGCTAACAAATTAGCAAAAAGCACACCAAAATCGACAACACGACAAAACCGGACTTAACAAAAACGAGCAATTGAGCAAAATAAATAACTCTAACCACTTTGACGAAGAGGCGGAAAAATTGCCATACGGTAACGAAGCAGAACGATGGCAAAAAAATTCAAAGTTAAGTACAAGCGTGACGGCAAAGAATCGGCTGTTGACGTCCAGCTGAATGATGAAAAGTCCGTGAAGGGAAGCGGATATCTGGGCGTTATTCCGGGGCAGACGGAGAAAATGTATAGCACGTGGTCGGCGCCTATTGTGGGTGTGGCGACTACTGGGCAATTGTCATACGAAACAGTCAAAGGCGTTGGTGTGCTATTAGTAAAAACCGTGCACGGATCAATTGGGCAAATATTCGGTTCTGCAGAATCAAAAGAATCTGCAAGAGCTGATTTGGCCTCTGTCAGTGGGAGCGTAGCAGGACCAATTGGCATACTGGGAGTATTATTCCCGTCAGTCGTCAATTCTGGAATTGAGCAAATCATTTTCGTAGCGGCGTTAATCTCACTGACGCTGGCTGTGATGAACATTTTACCAATCCCAGCGCTTGACGGCGGTCGCTGGTTCACGATGACAATTTTCCGCCTAATTTAAGAAAGATCTGACGAAAGAGCGTGAAGAAAATATTCAGGCAACCGGTATGTTGATCCTATTAATCTTAACAATTTTGGTGACGATCAGTGATGTTGGAAAACTCTTCTAAGAAATTAAAAAACCGCAAATGGTGGCTGATTTTGGCGCTCCCAGCTTGGGTTTATGGCGTATTTTTGACGGTGGAAGTTGCTGTCTCATTGGCGGTCGGTGCTTTAATAAAAATCGGCGTACCACTCAATTCTGCGAATCCAGTTATTTTTAACACGGTGCTTTCGGTTGTTGTATATATTTTGTCACTAATTGTCGTGATTGGTGTGCCGTTTTTGGTTAAGAAACGCCGAACAACTTTGAGCAATTTGGGCGTGAACGACTGGCCAACGTTTTTGGAGATATTTATTTCACCGTTTGCTTTTGTGGCGTATTTTTTGCTCACTATGATTACGATGAGTATTGCTAGTGGTGTTTTTTCGGTGGATATGCAACAGAAGCAAGCTATACCGTTTAGCCAGAGCATGCTAGCGACTCAATGGCAGTTTATTATGGCGTTTGTTGTGTTGGTGGTGCTGGCGCCGATTGTGGAGGAACTTTTGTATCGCGGATATCTTTATGGTAAGTTGCGCAATTCTTTCTCGATTTGGCTATCAATTATC
NZ_CP076459.1_gap6	199087	201419	2332	TGAATGACGAGGCTTCTTCTGATTGGTCAGTGGAAAAAGTTGTGAGTAAAATTCGCGGAGAAGTTGGTACATCCGTTAAATTGACGTTATTAAGCGGTGGTCAAACGCGTGAGGTGTCGGTTGTGCGTCAGAATATAGTTTCTCCGGCAGTAGAGTCGGAAATTGATGGAGAAATTGGTATTTTGAAAGTTAACCGATTTGGCGATGATACAGTAAGCTTGTCCAGAAAATACGCTTCGGAGTTTGTTGAGAAAGGTGTTAAAAAGGTGATTTTGGACTTGCGGAATAATCCTGGCGGAACGGTTGGAGCTGCTCAAGGGCTATTGGGTATTTGGCTGGACAATCAAATAGCTATGACCGAGCGTAGAGGTTCTGAAATTGTTAAAACGCTGCGTACAACTGGAACGCCAATTCTGGGCAATATGAAGACAGTGGTGCTTATTAACGGCAACAGTGCCAGTGCTAGCGAAATTACGGCTGGGGCGCTTCGTGAATACGGAAAAGCCACGCTGGTTGGGCAGAAGAGTTACGGCAAGGGAAGTGTGCAGATTGTGCTTGGGCTGCCTGGCGGGTCGCAAATGAAGGTTACGGAAGCCAGATGGTACACGCCAAAGGGCAAAAATATAGATAAAACTGGTATAGAACCTGATGTAAAAGTTGATCTTTCGTCGGACGATGTCAATAATAATCGTAGATCCGCAGATGGATAAGGCGAAGTCGTTATAAAGCTTGTGTTTTTGGACGGAGACACAACATAAAATAGAGATAGTATGAACGGACAAAAAAAGAAGATTTTACTAGTTGAGGATGACATGGCTCTATCTGCGGTTTACAGGTCGCGACTAGAGATTGAAGGGTTTGATGTTAGAGAAGCCAATAACGGAGAAGACGCTCTGTCTGCCACTGTTGAATATCGTCCAGATTTGATTCTTTTGGATGTGATGATGCCAAAGATTAGCGGCTTTGATGTCCTGGATATTCTTCGCAATACGCCAGAAACTGCTAACGTGAGGATTATTATGCTAACAGCGCTTAGCCAACCAAAGGACAAGGAACGCGCTGAGAGCTTGGGTGTTGATGATTATTTGGTGAAATCTCAGGTTGTAATTGGCGACGTTGTGGCTCGCGTAAAGCATCATTTGGGTATTCAATAGAAAGAAAATCAGTAAAAGAAGTCAGCCTCTTCGACGGGGGTTGACTTTTTGTTTGTTTTTTGGTATAAAATAGCTATATATGGAAAAACCAAAACCAACACAAAACCACGAACAAGAACAACGAAAAACACCGGAAGATTATGTAGTTGCAACTTTTCCTGCTGATTCAGATATTGCAAAATGTCCACTAACCGCTATTCGCAGTGGTCAAGACGGAAAGGGCGTCAGGTATGATGGAGGCTGGATTCCTGGCGATATGCTAAGTGTGTGTGATACTGATTCTGAGGAAGGTATTGGTCCGATTGAGTTGTTTGTGAAAGTACATAAACCGATTAAAGTTAATGGAGGGCATGTTGAAGCAGAGAAGATTGTGTCATTGAAGAAACTCCAGAGTCGAGAAGCAAATAAAGGTTTTAACGAATCTTATATCGAGGATCTTTATGGAAAAACTCCTGAGGAAATGATTGAAGAAGGAAAAGAGGCTGCTGAACAAATTTGGCGGCAGAAGCATCCGGAAAGTGATGAGAATGAGTCTTTGGCTCCAGAAGCGGGTCTAGAGAAAGCCATAGAGAAGGCGTAGTTAGACAGAAGATAACTCTGACCACGAGAAACCTTAAAAGAACTGAAGGTCAGTCCCAAAATAGGAAACACGGCGGTTAAGGATGCTGAAATTAAAAAGCCGATAGATACGAATAGGGTAGAAACCAACGAGCCAGTTAAAAAGCCAGTGAAGACGAATAAGACTGACATCAGTTCACCAGCCTTGAAAAAGAACAAAAAAAACCAGCCGGACTAGATGAAAGCAATTAAAGCCAATGACTAGCTAAATAGACCTGACCAGAGAGTAGAGACATTAGAACTAATAAAGCCACCAGAGACAGATGTAGACGGCAGGCGCTAACCAAGACGAATCTGGTACCAACCGAACCAGTGAAAAAGCCGATATGAGCCAAATTAAGTGCAAGCAAATAATCCAGAAGATGCTGCCAGCAGCTAAATCGGTTGAAAACCCAGTGGTTGAAAAGTCGATGGAGACGGATGAAGCCAATACAGACATATTACCTGAGGACTTTAAGGTTGCGATTGACAGCTTTAAACAACTTACCGAAGATAATAATAATCAGTTTTTTGCAAAGGCTCAATATATAACTGGAGAGCTGGATCGGCTGAGAGGGCTA
NZ_CP076459.1_gap7	202486	204386	1900	ACTTAAAGCCAACTACGCCATCTTTTGCAGCGTGGATGGTGAAATTGCGGCTAACATATGTGCCATCACCAGCGATCTTTGTGGCACCAGTTTGGCGAACTAGAACTTCTCCAGCGGAAACTTTTTGACCGCCAAATCGCTTAACGCCAAGACGTTGACCAGCATTGTTGTGGATGTTCTTACTAGAACCACCAGCTTTAACCTTTGACATTCTTTACTCCTTATAGTTTCTATAAAACAATCTGTTCTAGTTTATCGAAAATAAAGCCAGTTGTCAAGCGGTTTTGGCTATATCTGCCGGTTTTAATACCAATATTTCTCTGGCAACAACTTGATCTTCACGGTAATATAAGAGATTTTTATCGATAATTTGCTGATATCCAAGTTTTTTAAGATTTTTTATCAGAGGCAAGTGAGTGAATTTACCTTCGCGATTTTGCCACGCTGGAACGGCTATACAAAGTGTCGTGTCTGGGCGAATTTGCGAGCGGATATTTTGCAGAAAATCGCTAATTATGTGATTACAATTTCCGACTACTTCGTGAAGTTTTTCTGGGCTAGGCGGCGCGGAAAACGGCTGACCTAAATATGTTTCGCAAACAATTCGAGAAATCCGCTCCTTTTGCTCACCTGTTAATTTTACAGAGGTGGCGTCGGCCTGATGTGCTTGCCAGAAAGTGTTTGTCGAAAAAGTTTTTTCCACCCAGCTCATATTTTCGGTCGTGTAAGATATCATCTTATCGCTCAAATCGCTGCCATAAGCATTCACGCCGATAAGTGCAGCTTCTTGCAGTACCGTTCCTGTGCCACAAAACGGATCCCAGAGGTAATCGTTAGGTTTTGCGCCAGACAGGTTAATCATAATTTGCGCAAGCTTAGGCGGAAGCATTCCCACGAAGGCGTCGCGCTTTGGTCGTCCGCGGTCGCGCTGAGTATACGAATTGATATTTTGAGCGCCACGACTTTCAGCAATTATCAAATCTCCGTACACGTTCTTAGCTATGATAATTTCAATTTTCGCCTCAGACCTGCCGAGTTTATTATTGTGAGAGGTCGCAGTGGACAGCGCGGCGGTTTTATTAGGAATTAGACGCAAACTAACGCCAGATTTTTTCAAGTTGTTTTTTAAGATAATTCCGATTTTTTGGACGTTTCTCGGATCTGTTTTATTGCCATAAAAACTTATTCCAAGCGTTATTTTTTTCTGACTATTCGAAAGTTTTTTCGTGTATTTTTCAACAATAATTTTTGAGGCTTGGAGCAGGGTATTGCGGTCTGATTTTTGCGATTTTATCTTCGTGATGACTTGTCCACATTTAATCGTTCCGCCGAGATTGTCAATTGATAAATTGTCGCAATTAACCGTGGCGGCTTGGTTGGAGATTTTTTGGACATTTTGAGCACCGTAAACCGCCTCTAATTCAGCGATAGAGATTTCTGGTTGGCGTCCAAGAATAGCTATAAACATGTCGTAATTATAACATTTATCGTGGTATAATGAAGGTTATGTTACCGAAGGTGTTGCAATTGTTGAAATCGCCACGAGCCATTATGAGCGTTTTGACGTTGGTGGTTTTGGCAATAATAATTTTTCTATCTCGGCATGAGCTCGTGAAGGCGTGGAATCTGTTTTTGCACGCGGATTTATGGCTATTATTCTTACTATTGCCGTTCCAGATTATCGTGTACTTCGCTGGCGGCGAGATGATTTTTTCGTATCTAAGAGAGAAGAATCTGATTCATCATATTTCCAGGCTGGAGCAGACGAGGATTGCGCTGGAGCTTAATTTGGTCAATCACATTTTTCCGTCGGGCGGAGTTAGTGGTATTTCGTATACGACGTGGCGAATGCATAAACTCGGCGTGAGTTCGGCGCGTTCGACATTTGCGCAGGTGATTC
NZ_CP076459.1_gap8	349687	352406	2719	GGCTTGATCAATACGCGTGCGCCAGAGAATTTAACTTCGCTGTCGTGCGGAATTGTTTCGCCGTTTAATGGCAATGTAATTAAGTGCTTTTTAGCGACTGACGTAGCCTTAGCGACTGCAGCTTGAACGTCTGCACCCTTAGCAACACCGACACCAACTTTATCTTTGCGGTTACCAACAACCACCAAAGCCTTAAATCGGAAACGGCGACCACCTTTAACCACGCGAGAAACGCGGTCAATGTTGATTACCAATTCTTCAAACTCTTTTGGTGCGTCATCGCGCACATTTCGCCGGTCATCGCGGCGACCACCACGTGGATTTCGAGGTCGACGACCTTCTGCACGTGGGGTAGTATTTGCAGCTTGCTCTGCCATACTAAAACTCCAATCCTTCTTGGCGCGCAGCGTCAGCCAAAGCCTTTAGGCGGCCAGCGTATTGACGACCATTGCGGTCAAACACTACTGCGCTAATCTTAATTTTCTTTGCTTTTTTAGCAATTTCAGTACCGATAGCAGCACTTTTTTCAGTCATCGTGCCAGTCGCTTTTGTGCCAACTGTAGTTGCTGCAGCCAATGTTTTACCAGCTACATCGTCAATCAATTGCGCGCTAACGTGCAAATTGCTAATAGTAACTGTCAAGCGTGGGCGCTCTGCCGTGCCTGAAACCTTAGCGCGAACGCGGTTTTTGCGAAGAGCGCGGTTGAGTAGCTTCTTATTTTCAGCCATGATTACTTACCTGTCTTTCCTGCTTTACGCAAAATCTGCTCGTCGACGTACTTAATACCCTTGCCCTTGTATGGTTCAGGCTTCTTCAATGCGCGGATTTCCGCTGCAACTTGGCCGACTTGTTGTTTATTAATACCGCTAACAACGATAATCATTTTTTCGTTGGTAACAGTTACGCCTTCTGGGGCTTTGTATTTGACTGGATGTGAAAATCCAAGTGCCATTTCTAGCTCGTTGTTGCTTGAGCTAACACGGAAACCGACACCGTTAACCTCTAGGCGCTTTTCATAGCCTTTGGTTACACCGATTACCATGTTGTTAATTAGCGCGCGCATCAGACCATGCTGACTACGGGCTACTTTGGACTCGTCCTTAGGATGTACCGTGACTTGTCCGTCTTCGACTTTCACCTCAACTGCTGGTGTGATGAATTGCGTCAATTCACCTTTCGGGCCCTTTACGACCACATCACCAGAGTCAACCGTGATTGTCACACCGGCCGGAATAACCACCGGCAGTTTTCCGATTCGACTCAGACTCATTACTCACCTTTCGTGTGATTTGATATTAACCCTGGTATTTTAGCATAGATTAGGGGTGAAATGCAAGGTTGTTTTGAGCCGATTACCGTAGATAGCAGAATACTGCCAAAATAGCGAAAGTGAGTTTGATAATGCTGCTTGGCAGAACGGCTCTGAAATATATCGTAATCGTAGATTTTTACGTACTTCGTAATAATCCCATAGCACGACTGAGAACTCAGAGATCATTATAAGAATGCTAGCGAAAATACTTAAATTGACACTGATTATCAATCGACAGGATGTAGATTTTATGCAGACGGTTGAATGCTTGCGGATTCGACAGCGCGATAATTTTGCCGAGATAACATACAAGCCACCAACCAATCAGCACACGCACACGGAAAATAAAATAATCATCAAGCCAGAAACAAACCTGCCAATTAACCCAAAAAACACAACAACCGCCAAGCAGCTACCGGCAAACCTCGGTATGATGAAACTGGTCGAGGTCAACAAGTTTCCACGAATATGTAAGTGCAGACAGTACGAGACAAGGCTAAGATCGCTAAAGAAGAAATTAGTCTTGAAGACGCTTCAAAACATACTGAACTAATAAATGTTCATAAATATGAGCGATTAGCCCGTCGTTATCGGCTGTTTTGTATATGGATGAAACTATCATTGCTTGGTTCGATGATATTATAATACCGTCAAATTAGCAATTTTTCGATATTTATGAAAGTGATATAATCATACTCAATGACAGCAACTATACTTTTCGCCACCAGAAACCCAGGCAAATACGCAGAATTCGTTGCCGCGTTTCATAAATTCTCTCCGCAGACGTCAATTATTTCGTTGGCAGATTTGGACTATCAAATACCCGACTGCATAGAAACGGGCGCAACATTTGAACAAAACGCCCTATTGAAAGCACGACACACAAGGAATCATTTACACGGAAATGACAAAAACCTGATAATTATCGCCGATGATTCAGGCATGGAAATTGAAGCCCTAAATGGCGAGCCTGGCGTATTTACAAGACGCTGGAATGGTCATGAGATGAGTGATCAAGAAATCGTAGATTATTGCCTGAAGAAGCTTGAAAATAAGACAAACAGACGAGCGCAATACACGACGTGTCTTGTAATAAACTTCCCTGATGGTCGTGAGGAGGTGATTTTTGGAAAAAATTCTGGCGTTATCTTAACTGAGCCACGAGAAGAATCGCGACTCAAAGGTATGCCGTTTCGGGAATTATTTTTCGTACCTGAGCTTAATATGATGTTTCACGAAGTGCGCGAACTGCCGAAGTTGAAGCGCAATGGATATTCACTCGGGCATGAAGTTGCAGTCGAAAAATGTGCCACTCTTATAAAAGAGCATGCAATGTTGCATTCTTCGACTGTTGTTTAGCGATGGGGATGTCTCACTGATTGATGTCGCAGATAAGTACAGCGAGC
NZ_CP076459.1_gap9	360360	361041	681	TCGATAGCCTTCTTAACTGGGCTAGCAGCGCGCTTTGGAACGTGCTCTAAGATAACTAGCGCATCAGCTACAGTACGACCTCGTACCAATGCTGCAACCAAGCTAACCTTACGTGGTGCCTGGTCAACACCTTTAGCGTAAGCGCGAACAGTATAAGTTGTATCAGCCATGATTACTTCTTATCCTTTCCGCCGTGCTTACGGAACTTACGAGTTGGACTAAACTCACCGAGCTTATGACCAACCATGTTTTCGGTAATCAGCACTGGTACGTGCACTCTACCGTTGTGAACAGCAATCGTTCGACCAACCATTTCTGGGGTGATAGTCGAAGCGCGCGCCCACGTTTTGATAACGGTTCGATCGTCAAGGCTAAGAGCAGCAATTTTCTTTGCTAGCTTTACATCGACGAATGGACCTTTCTTTAATGAACGACTCATCGTGATTTACCTCTTCCTCTTCGCGTCGTGACGCGTGCGTACGATTAATTTATTCGAGCCTTTACGGCGACGAGTTCGATAACCTAATGTCAATTGACCCCAAGGAGTACGTGGTGCTTTACCAGTACCGTGGCGACCACCGTCACCACCACCATGTGGGTGGTCTGCGGCGTTCATAACGACACCACGAACGGTTGGGCGAATACCCTTGCGGCGTTTACGACCAGCTGAACCGATCTTAA
NZ_CP076459.1_gap10	362100	365693	3593	TTTGTAGCACGCATAAGTTCTGGCGTCTTCTCATCTACAACGATCAGAACACGGCGTTCGAACTTGTTGTCAGCTAAGAATGTTGCAACTTCCTTGGTCTTGCCAGTAGTCTTAACGTCTTTGACGACAATCTTCTTAGCTTCGTTAGCTACAGTCAAAGCTTGGCGAACTGCCACTTTCTTAGCAGTCTTTGACAATTTTTTAGTGTAGTTTTCGTTGCCACGTGGGCCAAATACTACACCACCGCCGCGCCAGATTGGGTTACGGCTTGAGCCAAAACGTGCTCGACCAGTTCCCTTTTGCTTCCATGGTTTTTTACCACCACCAGAAACTTCACCGCGCTGCTTGGTTGTAGCGCTAGCTAGGCGTGCGTTTGCCAAGTAGCTGTCATATACCAATTTCAACAATTCGTGATTTGGCACTTCCACAGCAAAAATGTCTTTAGGAAGTTTGGTTGAATCTGCCATTACTTGACACCTCCTAAAATAATCAGCCCCTTTCGTGGTCCAGGAACAGCGCCCTTAACCCCGATTAGATTGGTCTCTGGATCAACATATGCACCACTTCCAAGTTCTGAACAGTAACACGCTCGCTTGACCCATATGGCCAGCCATCGTCTTACCCTTGAAAACTTTTTGTGGGATACATCGAGCCAATTAGACCACCCACAGGCTTACGAGTATTACCTTTACCACCGTGCGTCTTACGATGACACGCAAAGTTGTAGCGTTTAATGGTTCCAGCGAAACCTTTACCTTTGCTGGTTCCGGTCGCATCGACAAAATCGCCGACTTCAAACGAGGAAACATTAATTTCACTGCCAACTTTCAGATCCTCTGGAATCTGGTCGACACGGAAATTCCCGAATATGTTTCGGGGTCACTTGAGCTGGCTTAACATGTCCAGCCACGGCCTTGCTCAGGTTCTTACCCTCTCAAAAAGCTACCTGTACCGCATTGTAACCGTCGGTTTCGACAGTCTTCCACCCTGAGTAACGGTGACAGGGCCGGCTTGGATCAGCATTACCGGAATGGCTTTACCGTCTTCAACCAAAAGCTAGGTCATACCAAGTTTGGTACCGAGAAGTGTTTTCACTTTTCCTCACTCCCCACTTAAATACTCCTGATGACGTGCAGGTTTCTGGATTCTGGGAGAACGTTAAATGTAAACATCCGCTCATAACCAGACCTGCTCATGCACCAAGGAGAACAGTTGATATTACGCGTAATAAGAAATTACCTCGTAAATTATAGCACAAAACGTATCGTCAATAAAAATAAAGACAGGCTCCCTAAATCATCACACCAACCGGCGTAAACACGAAGTCAGAATTGCCATGAAAATTATCGTGACGTACCAGAATTTTCCGATTAAATTGATATTTCTCAATCTTTAGGACCAGCAACAACGCAATAAATAACCCGACAGGAATGGCCTGCACAGAAAAACCGCCAACTTCAAATGGATTTTTTAGACGAAGCCACAGCGCACTTAATATCACAAAAACCACCAATTTCAAGAAAAAACGAGCCGTCATTATCATAAATACGTTCACGACCTTTGCGACTAAATAGCTCGCTAGACTTCGAGCGATTGCGAGCATAAGTACGAGTTTTTTGTTTTGTCATAAGCTAAATGGAATTATAACATAAAAAATCCGCCCCATCCAAGAGGCGGAAATTTTATATATCGTTAAATTACATACGAATTTCAGCGTCAACGCCAGCTGGCAAATTCAAGTTCTGCAAACTATCAATCGTCTTTGGTGTAGCGTTCGTAATGTCAATCAGACGCTTGTGAACGCGGCGCTCGTAAGATTCACCACCAGTTTTGTAAACGTGCGGACTCCTTACAACAGTGTAAGTGCTGCGTCGAGTTGGCAAAGGCACTTTGGACCAGCCACGTTAGCACCTGTGCGAATTGCGGTGTCGATAATTTGTTTTGCTGATTGGTCAATGACTTTGTGGTCATAAGCCTTCAGACGAATACGGATTTTAATTCCTGTATCTTGAGCCATAGCTCCTCCTCTTATGTGCGATCTCGTAACCTCTAATTGCCCTATTTATAGTCAATCGAGTTCTCGAGATAAATTATTATTAACTATGCGATTATATCAGCAATTTTCCGCTTTATCAAGATGAGAAATCATTTCCGCAATAATTCCAGCGGATTTATTCAGCGATTCTTTTTCTCGCTCGGTAAGCGGATAGCCCGCCAAAATCTTCACGCCGTCGCTACTGATTGTTGATGGCAATCCAAGCACAACATTATTCAAGCCATATTCACCTTCAGCCAAAGAACAAACGGGATAAACCGTGTGCGTCGATTTTCGGAGCGCCGAAACAATCTTAGACACAACAAACCCAATCGCAAAATACGTCGATTTCTTTGTTTCAATCACTCGATAAGCTCGGTCGCGAACCTTCTGCTCAATTCCGTCAATCATCTCCTCTGTAAAACCAGGATATTCCTTAATTGGCACTTCACCAATTTGCGCCGTTTCAATTGTCGAAAATGACGAATCGCCGTGCTCGCCCAGAATATAAGCATCAACCGCTTTACTGTCGACATTGAACGCGTCCGCCAAATACGACTTCATTCGCGAAGTATCAAGCGTCGTGCCCGTCCCAAACACACGATTTTTCGGCAAACCAGATTCCTTAAGCGCCACGTAAGTCAAAACATCAACCGGATTACTGACAATCACCAAATACGGCTTCGCGCCATTCGCCATAATATTTTTCACAATATCACGCATAATTTTTGCATTAACGTCAATCAATTCCAACCGAGTCTGACCAGGAAGTTGCGGCGCACCCGCAGTAATCACAACGATATCATCGTCATTGATATCAGAATAATTTCCCGTATGAACCACGACATTTCTGTCAATTCCCATCGCGTCATTAATGTCAGCCGCTTGACCCCAAGCCAAATCCTCATTACGGTCAATCAACACAATCTCTTCAATAACACTACGCAACGCACACGCATAAGCCGCCGTCGCACCGACCATTCCGCCTCCGCCAACAATTAGCAATTTCTGTTTGTTCACCAAAATCTCCTTTTTCTGTTTTATATTAGATGTATTTATTCTGCCATAAACATTACCGCTTTGTCAATTAACTTTACTTTACAGCAAAAAACATGTATAATATCGGCAATCTATTAACTTTTACATATTATCAACGGGAGGATATATGGAAAAAAGAATGTTTGCAGAAAAAACGCCACGCATCGATACTGCAAAAGTATATCGAGCACTTGCAATGCTAGCTTTACTACCATCATGCGTATTAGCCGGATGCGCAGGCGAAAAAGGAGTTGACGCTGGAAGCTCAAGTTCAGCCCCATACGGCGGCTCTGAAACTACCACATCTCAGCCAGAAAATAGCAACACCGAGAATCCGTCACAAAATAAAAAAGACGATTCTGCGGGAAAAATAGATATAGAAAAGAACTCAATGTATTACGCAAAAAACAAAACCCGCGAAGGATTTGTAGCTAACTGTACAGCAAAAACCTACGACGGATTCCCTGAAAAGGCAGACTGCTCAATGTACTTGTGCGATGGAGACAACACAGTTATGTTT
NZ_CP076459.1_gap11	538322	541388	3066	TATTGCACCGCAGCAACGTGATGCGCGTCAGTTGTTCGAATAAAATCCGTCACTGAAATATTCAGCTCAGCAATCATCTTCTTAAAATTGACGTGCGTTTGATCGACGTATTCTTGAGGGGTTTGATTTTGGCTGGCAGCTTTGGCGGCAATTTTATTGCCATGCTCATCCACGCCAGCTTGAAAACGAACTTCACGCCCGTTCTGTCTGGAATATCGCGCCCACACGTCTGCCAACATATAATCCATAGCGTGCCCAATGTGCGGCAAGCCGTTTACGTAAGGAATAGCGGTAGTGATGTAAGCGTGTTTCTTAGTCATAGGTAAATTATAGCAAATTCAACAGATCATGACAGATGAGAAAGGGAGCAATATGTGATATAATTATAATCACAATTTATTAGGAGGGGAGTTATGAACAAACTCATAAAAAACTTAACCGTAGCCGCAGCTATTAGCATTGCTATAATCGGCGTCTACACACCAGCAACAGCAAGCGCCAACGGAGGAAGCTGGCAGAGGGATTCAGTTGGATGGTGGTATAAAAATTCCAATGGAAGTTACCCAAAGAATGATTGGCAACGAATAGATGGCAAATGGTATTACTTTGATGGACGCGGATATATCACGCACAGTAAATGGGAGCGTATAAAGGGTTATTGGTACTATTTCAACACTAGCGGTCACATGACAGAAAACGACTGGAAGATGATTGGAGACAAGTGGTACTACTTCGACACTAAAGGTCATATGCTGTACAATCAATGGGTCGGCGACTACTACGTCGGTAAAGATGGCGATATGTTAAAGAATACCGTCACACCAGACAACTATGTAGTTGGAAGCGACGGAAAATGGGACAAGAGGTTTTCAAGAGAATTAGCAGAGAAAGCTAAAAGCCCATTGAATAACCTATATAAGGTTGATCGCTCCAAATATAGCATAGCCGGAAATCTTACCTTTGGAAAAAGAAATGAATACAATACAGCACTTCAGCTAATCGAGACAATTTACCCAGAATACAACGCTGTAGATAACGCGAAAAGAGCAATAAAAAACATAGTAGACGACCAGAACAACCCTAATAATTCCTCCGATTGACATTTCGACACTCGAAATATTCAATGACGCGCAGCCTCACTGACCGTCACGTTAGCGAAAATAGCCACAGTTACTACATGTTCTCAGAAGAAGAGGTTAATAAGGCTTTTGCGGCGCTGAGTAGCGAAATCGACTTTGCTAAATTCTTTAAAGATCAGGCTATAAAGACTCTAAAGAATATAGACACGTCTACAGCATCTCATCAAAAATCAACTATGAAAAACACCTCACTACTAAAGGCTTTACCAAAGAAGAGATTGACAATGCATTTAAGACAGTAAAAATTGATTTTGTAAATAACGCCCACCACGTAGCCGCTAGAATGACACCTCAACAAGAAATGCATAGATTCAAGATCGTACATCATAAAAAAATTAACAGACAAGACTTAGAATGATACACTTCACTAAAGAAGAGGCAGAAAAAGGAGTTAATCGCCTGAACTACGACTTCAAAATCAATATACGCAACTTGATTGAAATTAATTATCATAACACAATAACGATACTCTATTCAAAAAAATCACATAATACATCACCTAACACAATTCGATAAATTCGTAGAATCAGAAGTTCGAGAAGTGTTAGAAGAATACAACATCAACTACACTGAGCGAGCACGACTACGAGCTATAGACATTCTGAAGAATGGAAAATATAGTAGAAGTAATTTGGAAAAAACTCTTATCGACCAGTGGAAGTTCACCAAAGAAGAAGCCACTAACGCCGTTAAGGACTTAAAGCACGAAAACCTAACTGATTAATTAGCCTTTAATCACAAAAGCAACTCAGCCTTAAAATACTGAGTTGCTTTTTATTACAAACAACTGTCGACGGTCAATATCGCATACACGCAACTACAACAAACCTACCGCCAATATCGCCCGATGAGTGCGAAAAATAATTTGGATTGTCCGCCGTATCAATTGGCGAGATGAAAATATTTTCAGCAGGAACGCCCGCCTGGATGGCTAGCGAACGATTGAACCCTTGCATGTCTAGATAAATTCCATCAGCCGTTTGACGGCAGAAATTGTGCCAATTCGTATCATTTGTATGATCAAAATAATCCATACGATAATTTTTCTGCGTAATACTTGGTGACATCCAAATTTGTAAATCTTTTTCCTGGCTACCGCGCTCGACAAAATACTGAACAGCCTGAGACATCAACTGCGCAACTGTCGAATGCCGACCCAAATGCGCCAGCATCAACGCCCGACGCTTTGGATCATATATAACGGTGGCGATACAGTCCGCCACTGGTAAAAATAAACCGATGCCAGCCGCTTCGGTATATAGCGCATCAGCAAAAATCCCCTCGTTGTTATGTCGGGTCGTGTCAGCTTCAGTAACTTCGGCGATATTATCAAACGTTTGTCCTTGGTCGTATGAAATCACGTGATAGACAACGTCGTCATACTTAACACCAATTTGATCACAAAACCGCCGCCGATTTTCCAGCACCTCAGCTACGTGGCGACCGCGAATACGATTGAGCATGGTACCGTCATCTTTCGACGAGACCGCAACCAATAGATCAGACGGAAAACACGTCGGCTGATCTGCCACAATCATCGCGCCCGCCATTCTTTGAGCAGCCGCCGCCAATCTTCAATCGCCAAATCTTCAGCGCGAGCATCTGGTGAAATTCCTGCATTTTTCAGCAATTCTTCCGCGCCATCTTTACCAATCCCCAACCCACCACTCAGACTAGAACGCAGCTTCTTGCGCTTTGCAGAAAATCCAGCCTTAACAATGCGGAAAAAATCTCTCTGATCTTCTGGGGTAATTAACGGATTGTCACGAGTTCTCAAAACCACAACCTGCGAGTCAACTTTTGGCGGTGGCGTAAAAAACTGCCTAGGAACTTCAATATCCAACTCCGCTTCGGCAAAAATCTGAACGCTCACAGACAGAATACTCATATTCCCAGCCTCTGCCGCAATTCGCTCGGCAACTTCTTT
NZ_CP076459.1_gap12	568709	571016	2307	TCAAAACCTGAGGATGAGCCTTTTCAATTTCATCCAAAAGCACGACAGAGAACGGGCGCTTCTGAACTTGAGCAGTCAAACTCCCTGGATCTCGCGCGCCATCCGCAATTAACCTAGCCACGTCATCCGGCCTGACAAATTCGTTCAAATCCAAGCGAATCATATTGCCTTCACCGCCAAAATAAACATCCGCCAAAGCTTTAGAAAGCTCCGTTTTACCAACACCAGTCGGACCAAGAAACAGGAACGCGCCAATCGGTCGATTCTGATTCCTAACACCTGTGCGCGCGCGGCGAATAGCGTCAGAAACAACTGTCACGGCTCGCGTTTGATTGATCATTCGCTGATGAATTAACGACTCCAAGTTTAACAATTTTTCCTTTTCGTCACTCAAAGATGCTACCGAAATTTTTATGCCAAGAGTCTTTTCAATCGCGTCATCCACAGATTGCGCGGTCACTAGCCCACCACTCGCGTAACTTGCCGCCGCTTCCAAAATTTTCAACGCCTTACCTGGCATTACTAAGTCCTGAACATAACGATCACCAACACGATATGCCTCCGCCAGCGCCTGATACATATATGTCACTTTGTGCTGCGCCTCAAATAAAACCAATTGATCGCGCATAATTTTCATAGTTTCAGGTTCATTTGACGGCTGAATTGCAATTGTATTCAAAGCGTGAGCAAGCTGCGGCTTAGTCTGGGAAATTTGCAAAAATCGCTGATCGTCCATCGTTAAAATCGTCCTAAGTCTGCCCGCCTCCAGAATTGGCAATAACACATTACTCAGGTCAACCGAACCAACGCCTTCTTCGAAGAATAATTGCGCATTGTCCAGACATAAAATCACGTTTTTCGACAAGAAAGCTTCGTTCAAAATCATCGTGACTAGATTTTCCAATTCCCCGCGACCCGACGCCACACTAATCAACGACGACGCGTCAAGCATAAAAACTTGCTGGTACATCAGCGAACCAGGAACGCCTCGATGTCCGTCAATCAGCATTTCCGCAAACGCCGACACGACAGTACTTTTTCCAGCACCGTCAGCACCAACCAGCGTAATATTCTGCCGCCCGCCAGAACTAAACGTTTTAAGCATCTGCCCCAGCGCCTCCTCATGCGCAGCCAACTTAGTCGTAAACGCGCCGCCAGATACACTGACGCTAATATTCTGAGCAAATCGACTCAGCAGTGGCGTATAACCAAAAGACCAATCCCTAGCAATTCCGCCCGTATTTAGCGGCTTCTCTTTATATTGGTCAATCAGCGCCTTGATTCGCTCGTACCATCGAATAGTCTCCTCGATATCATGAAAATCGATCTTCATATTCGCCAGCAAAGAATCGTGTTGTGGCAATTGCTTTACTATCGCCGCCGCCAAAACCGCGCTAGTAATCTTCGGACTTTCCGTGCTCTGCCAAATTTCAATCGCCGCTTTCCAAATCTGCTCCGTTCGATCCGGATCGTCGACGGAAATATTGCGCAAGAAATTCGGCGTCAAACCCAGCCGCACTGACAAAAATTGCCCAGCTCGCGTGCCTGTAATTGCCTCAGCAATATCAATCGGCGTCGGTCTGCGCGGCAATTTGCCCAAAACGTCCGCCGCCATCACATCGTCAATCGTCTTAGGATTTTTACTAATTTCCGCCGTCTTAAGATCTTTTTCCCACCAAATCGACACCATAATCATTGGACCACTCAGACCAAATAATAGCCAGCCAATTGCCCCGTGTTCAATCAACGACCACAAACCAAGTAACACCATCATAATGCCGACAGCTATCGCCACGATATGCCAAGCATTGCCAAACCTTACAGAAAATCGCGCTTTCTGAGCTCGTAAACTGTCGTAATTAAATCTCGGCTCTATTTCCATACAGAAACTCCCAATTGCCATAAAATAATTCCGATAAACGGCATCAGCGGCAGCGCCAGCCACATAATAATTCCTACAATCATCCACAAAAATCGTAGCAATATCATCAATATTCCAATAATTATCACCATGGAGCGCACCACCGCGCCAATTACTCGCGAGAACATTTTGTCAAAAAACGCAGATAGCTGCACGGATAAGTCGCCACCAACTGGAGCGGCTGAAATCTGGCGAAACGGATTGAATAAGGTTTTCAAAAGCAGCCCGACTGAGAAAAAATCCGCGGTTCGTAAAACCCCCAGAAAACTTTGTCGGATATATTGCAACAAGCCATTGCCATACCACCACTGAAAGATACCCACCAAAAACATATTGATATTGTAGCACATCGACCCGGCAGAGTATAATAGACAATATGGCAAGAC
NZ_CP076459.1_gap13	624189	625303	1114	GGAACTACAGTTTCGATCAAGCGTTTTTATGATCTCAGAATCAGCTGTAGCATCAACCGACTGAGCCTCAACTGCCCGTGGCGTCACTAACAAACTAGAAGTAATCAAAAAAGACGCGAGATAGAAAGTAACTTTTTTCATCACTTATATTATCTCACGTCTTCTTGAATAGAGTCAAATATTACTTGAAACGTTTTTCGACGTTACCCTTAACGTCTTTTGCGGTTTCTACTACAGCGTCACCAACTTTCTGAGAACCAGCTTTCAATGAGTCTACACTGTCTTTAGCTGCGGCGGTCGCTTTGCAAGCTACCTTTTCAGTGTCGGCTTTCAATTTTACAGCTTTATCCTTCAAGTCTTTCCTTGTTTCCTTGCCGCTCTTTGGTGCAGTTAAAATTCCAGCTGTAAAACCTGCTGCTACCGCTCCGATAATTGCTAAAACTTTTTTCATATATTTACTCCTTTTTTAATTATTTTTTACGAAATAAACCTGATAGTTCACTAAAAACTTTTGTTGGCGACAACCATTCGGTTGCACTAGCTACGTTAGTTGTAATTTTACTAACGCTTTTCATGACCGTATTAAGTCTTACCAACAAGGCGATAACCACTGCCAGTAGCGTTACGATAATAACCGACAACAATCCTACGATGATTGATAATAAAACGATGGCTGTTTGGATATCTTCCACGCTTTACCTTTCTGCAAAAGTTTATATTTGTTATGTTTATTTTAGCATGCTTGTTAAATTGTTTGTATTAGATAATCTAACTATTTCACTATAGCATAAGCTTATTAAATTGTCAATAGAGAGATCCCCGAAAATCATTAATAATATGATAAACTGGTATGGTTATGCGAGATTTTTTCAAACGATACATACCGGAATTTGTTTATGGCGCGGTTGACGGCACAGTAACAACATTTGCAGTCGTGGCGGCTTCAGCCGGAGCTGGAATATCCAGTTCAGTAATTCTTATATTAGGAATTGCTAATTTAATAGCCGACGGATTCTCAATGGGCTCTAGCGCATATTTGGCAGCCAGCGCCGAACACGAAGAATCTATGCGCGACACCCAAAAACGCTCATCCCCAAAGATCATAGGCACCAGT
NZ_CP076459.1_gap14	646252	648328	2076	TACGAATCGGACTGCCCTTTTTAACAATTATTCTCTGTGAAGCCGAATAATACGGATCTGAAAACAACGCATTTTTTCTCGCTCAGGTGTCACTGTCATTCCAGCCGCCACCATATCAATTTGCCCACTATCCAGCGCCGGAAGTAGCCCATCAAACGACATATCTTCGACCTTCAAATCTTTGCCCAAGCTTTTAGCAATTTCCCTCGCCAGATCAACGTCAAAGCCAACCACTTGATTATTATCAATATATTCAAACGGCTTAAATCCAGCATTCGTACCCATTACCAAAACATCAGTTTTTGAGCCAATTACGCCATCTCGATGTAAAATATCGCCCAACATCAAACAAATCATCCCCGCAAATAAAACCAGTCCAATCCACCAACTAATTCCGAATGTGCGCGTCTTATTCTTGCTCATGCTTTTATTATACCCCTTCATCCGCAAAAAACGTAAGTGATATAATAGAATGGTGAGAAAAATTAAATTTACCAAACGTTTCTGGATTAAATCAATATCAATCATCTTGCTTTTTTTGGCGGCATTTTGCTTAATTGCGGCGCGCTATAAATATATCGTCTTTAAAAATTCGCAAATCGACGAGATAATTTTTTATTTCGTCAACGGATTAGCTGGTGGCAAATCTGACAATTTATGGTCGGCCGTCCTGCAAAATCTTCCGCTGGTTTTCCTATTATTCGGCACTTTATTAATCCCAATGTTCGACAAATCGTCATCTTCATTAATCAACCACATGATCGCCTTTTGCTTGAAAAAAATCAAATCATCACGAAAACTCACCTTGCCGTTTTTGAGATTACGAAATCAAGCAATTTACTCGCTGAGTATGTTTTTAATTGCAATCGTCCTTCTGATTCAAAGTTTCGGCATCCCTAACTATATTTATGCCCTGACCCAATCGACCAAATTATACGAAGAAAATTACGTCAATCCAAAAACCGCCAAATTGACTTTTCCAGAGAAAAAGCGCAACTTAATATACATCTATTTAGAGTCAATGGAAAACACTTTGGCGTCAAAGGCTAATGGCGGCAGCTCCGAAACCTCCATCATTCCAGAGCTGGAAGAATTGGCGTTAAAAAATACCTCATTCTCAAACAAAGCATCCGGTGTCGGCGGCGCTTTGCCTGCAACAAACACTGGCTGGACCGTGGCAGGAATGGCTGCGCAATCTGCTGGCGTTCCACTGAAAGAAAACTTGGTTGGCGGACGCGACCATAATGCACTGGGCGAGTTTAAAAAGTTCTTGCCAGGCGCTTATAGTATTGGTGAGATTTTAGAAAAACAAGGTTATAATCAAACATTTGTTATGGGCTCTGAAGCAAGTTTTGGCGGACGCGATAAATTATTAACTCAACACGGCAACTTCAATATCGAAGATTACAATTACGACAAAAAACACGGAAAAATCTCCGAAGATTACAAAGTTTGGTGGGGTTATGAAGACAAAAAATTATTCCAATTTGCCCGCGAAGAAGCCTCGCGCTTGGCGGCGTCAGACAAGCCATTTAACCTACAATTATTAACCGCCGACACGCATTTTACCGACAGCTATTTGGACGAAACCTGCGCCAAAACCTTCAGTAATCAATACGACAATGTTCACGCTTGCTCCTCAAAACAAGTCGCCGCATTCGTCAATTGGGTTAAATCTCAGCCATTTTATGAAAACACCACAATTGTCATTTCTGGCGACCATTTAGGAATGCAAACTTCATACTACGACGAAAAAATCGGCGGAACTAATTATCAACGAACCATCTACAACACGTTTATAAATCCAGCTATTTCGACTAGCCACTCAAAGAACCGTCAATTCACGACATTCGATATGTATCCGTCAACTTTGGCAGCGCTGGGAGTTAAAATTGACGGCGACCGATTAGGTCTGGGCACAAATTTATTCTCTGGAAAGAAAACCCCAGTCGAACAATACGGCGGAATTGAAAACTTAAATTCAGAACTTTCCAAACGTTCCGCTTATTACGAAAATAAGATTTTCACCAAATCCGGCAATTAGCCATTGTAGCCATTCGGATTATTGCTCTGCCA
NZ_CP076459.1_gap15	706473	706973	500	CGAACGAACCGCTTGTCCATTTTTATAGACAAACTTAAGACTGCCATGACCATGAAACCGATTACATTGTTGTAACATATTTTACAATTATATCAAAAAATCCCGCCTTCATCGACGGGATAATTTTTATGAGATAAATTAAATAGCAATTTTAGCGCGACCCTTTAGGCGGCGGCGCTTCAAAACCAGCCTACCAGCCTTGGTAGAAACTCGTGCCCTAAAACCATGCGTCTTTGCACGGTGTCGGGTGTGTGGTTGAAATGTTCGCTTTGGCATATCAACAAATAGTATATATTCTTTCAGTACTTTTTGCAAGTCGACCAATGACTTTTCCACTATCGACGTATATTTTTCCACAGTTTTAACAGATGAGAATTTTAATTGTGGAAAACTCCACCCCTGTTTTGAATAGTAACATTTCTACTCCGTTCATACTTGTGGAAAACTCCCCATATTTGCTATAGTAAAGATAGTTAACAGAATTTGAGGGAGTAATTTTC
