gap_id	start	end	length	sequence
NZ_CP077140.1_gap1	96558	99397	2839	GGTCGAGCAGATGCGAAAGCAGGACATAGTGATCCGGCGATTCCGAATGGAAGGGTCGTCGCTCAACGGATAAAAGCTACCCTGGGGATAACAGGCTGATCCTACCCGAGAGTCCATATCGACGGTAGGGTTTGGCACCTCGATGTCGGCTCATCGCATCCTGGGGCTGGAGAAGGTCCCAAGGGTTGGGCTGTTCGCCCATTAAAGCGGTACGTGAGCTGGGTTCAGAACGTCGTGAGACAGTTCGGTCCCTATCCACTGTAGGCGTTAGAATATTGAGAAGACCTGTCCTTAGTACGAGAGGACCGGGATGGACAAACCTCTGATGTACCAGTTGTCACGCCAGTGGCACAGCTGGGTAGTCACGTTTGGAATAGATAATCGCTGAAAGCATCTAAGCGAGAAACTAACTTCAAGATAAGTATTCTTTAAGATACCTTTGAGACTAGGAGGTTGATAGGTTGGAGGTGTAAGTACAGCAATGTATTTAGCTGACCAATACTAATTATCAAAGTTTTAATCTAAAATCTACTATATAGTTTCAAGTGTTCAGACTTGCGCATAAATATATTATGTGATAAAATACATATGCTTGGTGAATATAGCTATGGGGGTACACCTAGTTACATTCCGAACCTAGAAGTTAAGCCCATATACGCTGATGGTACTTGGCTGGAAGCGGCCTGGGAGAGTATGGATTTGCCAAGCAAATTATTAAGAGAGAAGCTAGTGCTTCTCTCTCTTTTTATGTTTTCAAGCCTAGGATGAATTATAAAAAATAAATACTAAAACAATTTTTTGAATTAATTTAATTTTTTAATATTAAATAAAAATTGCTTTATATGAATAAATATGATATAATTACTTGACAAGTAAGAAAGTACTTTAAGGAGTGGACAGAGCCACTCCTTATTTTGTAGAAAAGGAGGAGAAAAATCACTATGGAAGAGAATAATCAAATTGTAGAAAAAATTACAAAAATCGTTAATCCTTTTATAGAAGAAATGAACCTCTCTCTTGTAGATGTAGAGTATGTACAAGATGGAGGTTATTGGTATGTTAGAGTTTTTATTGAAAACTTAAATGGAGATCTAAATATAGAGGATTGTAGTAAATTGAGTTCTAAAATAGAGGATAAAGTAGAAGGAATAATAGAGCATAAATTCTTCCTTGAAGTTTCTTCACCTGGACTTGAGAGACCATTAAAAAAAATAGAAGACTATGATAGATTTATAGGAGAAAAAATAAACTTACATTTAAAGCATAAGTTAGATGATAAAAAACAATTTAAAGCAATAATAAAAGAAGTAAATGGAGATAATATAATATTTTTAATAGATAAAAAAGAAATAGAAATAAAATTTAATGAAATAAGAAAAGCTAATATTTTGTTTGAATTTAATGATTTTTAAAAATAATAATGGAGGTAGAGAAAAAAATGAAGGCTAAGGATTCTAAAAATTTCTTAGAAGCACTTGATGAGCTCGAAAGAGAAAAAGGAATTAGCAAAGAAAGTGTATTAGAAGCCATAGAAATGGCACTTTTAGCAGCATATAAAAAGAACTATGGCGAAGATGAAAATGTTGAAGTTGTAGTAGATAGAGAAAATGGAGATATAAAGGTTTTTGCAAGTAAAACTGTTGTAAATGCTGATGACCTTTTAGATCCAAATGAGGAAATTTCTCTTGAAGATGCAAAACAAATTAAAAAGAGAGTGAAAATAGGAGATGTTCTAAAATTTGAAGTGGATTGTGAAAATTTTAGAAGAAATGCAGTTCAAAATGGGAAACAGATAGTTATTCAAAAAGTTAGAGAAGCTGAGAGAGAACATATTTTTAATAAATTTAAAGAAAAAGAAGACAGCATAGTAACTGGTATAATTAGAAGAATTGATAATAGGAAGAATGTTTTTATTGAAATAGATGGAATAGAATTGATACTTCCACCAGCTGAACAATCACTTTCTGATGTATATAGAGTTGGAGAAAGAATAAAAGTATATATTTTGAGTGTTGAAAAGACAAATAAATTTCCAAAAATATTGATTTCAAGAAAAAATGAAGGATTGTTAAAGAAACTATTTGAAATTGAAATTCCAGAAATAACATCAGGAATAATTGAAATTAAATCAGTTGCAAGAGAAGCAGGGTCAAGAGCAAAGGTTGCTGTATATTCAGCAGTTCCTAATATTGATACTGTTGGAGCTTGTATAGGACAAAGAGGAGCAAGAATTAAAAATATTGTTGATGAATTAAATGGAGAAAGAATAGATATAGTTGAATGGAAACCAGTTGTAGAAGAATTTGTTTCAGCAGTTCTTAGTCCAGCAGTTGTATCAAATGTTACAATTTTAGAAGATGGCACAGCAAGAGTATTGGTAGAGCCATCACAATTATCACTAGCAATAGGTAAAAATGGGCAAAATGCAAGACTTGCAGCTAGATTGACAGGAATGAGAGTAGATATTAAAGTTATTGATAATGAAACTTTAAAAGAGGAAGAAAATGAGTAATACTCATATACCAGAAAGAACTTGTATAATTTGTAGGGCTAAAAATGAAAAATCTAAGCTATTTAGGCTTGCTAGACTAAAAGAAACTTTCTATGAATTTGATAAGGAACAAAAAAAACAGACAAGAGCAGTATATGTATGTAAATCACTTAATTGTTTAGGAAAATTAGCTAAACATAACAAGATAAAAGTTGATAGTCAAGATTTAATGTCTATGTTAAATATAATAAACAAAACAAGTAAAAATTATATAAATATACTAAATTCAATGAAAAATTCAGGAGAATTAGTTTTTGGAATAAATTTACTTTTTGAAAATATAGAGCA
NZ_CP077140.1_gap2	113342	116290	2948	TCTGTTTAGAACTAATTAAAAATAAATAAAAAGGATAGATAAATTTGAAGAATACTTACATAGAATTATCAAGAATTTTGAAGAAAGAAGGAAGGTGATAAGCAATGATAAGTCAATTAATAAAATTATTAACAGAAGATTTTAAATTTTTTCTTAATCTAACAGTGGAACATATTTTAATTTCATTATTAGCAATAAGTATTGCAAGTGTATTAGGTGTTATTCTAGGAATAATAATCAGTGAATATAGAAAATTTTCAGGGTTAATATTGGGGACGGTTAATATACTTTACACTATACCCTCAATAGCACTATTGGGATTTTTTATAACTATCACAGGAGTTGGGAATACAACAGCACTTATTGCTTTAATAATATATGCACTTTTACCAATAATAAGAAGTACATACACAGGAATTATAACTATAAATCCCTTGATTATAGAGGCATCAGAGGGAATGGGAAGTACAAAATTACAACAACTATTCAAAGTTAAAATACCATTAGCATTGCCAGTTTTGATGTCAGGTATTAGAAATATGGTTACAATGACAATAGCACTTGCAGGGATAGCATCATTTGTTGGAGCAGGAGGCTTAGGAGTTGCTATTTATAGAGGAATAACAACTAATAATTCAGCTATGACTTTTCTAGGGAGTTTACTTATAGCAATCTTAGCTTTAGTTTTTGATTTTATACTGGGACTTATAGAAAAAAGATTGACTAATCATAAAAGAGTAAAATATAAAATAAACTTAAAAGTTATAATTCTAGGACTTTTTATAGTTATATTTGGAGTATATTTTTCTTTAAATTCAAAGAAGGATAAAACTATAAATATTGCAACAAAACCTATGACAGAGGGCTATATCTTAGGACAAATGCTAACTGAGCTTATAGAACAAGATACAGATTTAAAAGTTAATATCACAAATGGAGTTGGAGGAGGAACTTCCAATATACACCCTGCAATAGTTAAAGGTGAGTTTGATTTATATCCTGAATATACAGGAACTTCTTGGGAAGCAGTCTTAAAGAAAGAAGGTAGCTATGATGAAAGTAAATTTGACGAATTGCAAAAAGAATATAAAGAAAAATATAATTTAGAATATGTAAATTTATATGGTTTTAATAATACTTATGGTTTAGCAGTAAATAAGGATATTGCAAAAAAATATAATTTAAAAACATATAGTGATTTAGCAAAAGTATCAAATAATTTAATTTTTGGTGCTGAATATGATTTCTTTGAAAGAGAAGACGGCTATAAAGAATTACAAAAAGTATATAATATGAATTTTAAAAAACAAATAGATATGGATATAGGGCTTAAATACCAAGCTATGAAAGATAAGAAAATTGATGTTATGGTAATATTTACAACAGATGGACAACTGGCAATATCTGATGTAGTCGTTTTAGAAGATGATAAAAAGATGTATCCATCATATAGGGCAGGAACAGTTATAAGAAGTGAGATTTTATCTGAATATCCAGAATTAAAACCAGTTTTAGAAAAATTAAATAATATTTTAGATGATAAGACAATGGCAGATTTGAATTATCAAGTTGAAAGTAAAGGAAAGAAACCAGAAGATGTAGCAAGAGAATATTTACAAGAAAAAGGTTTATTGGAGGCTAGATAATGATAGAATTTAAAAATATTAGTAAGAGTTATGGAAATCAAGAAGTAATAAAAGATTTTAATTTGACTATTGAATGTGGAACATTTTTAACTATCATAGGTTCATCAGGTTCTGGTAAAACAACAATTTTAAAGATGATAAATGGTCTTATAAAGGCAGATAAAGGTGAAGTACTTATAAATGATAAAAATATTCAAGATGAGGATTTAATTGAACTTAGAAGAAAAATAGGCTATGTAATTCAAGGGAATATTTTATTTCCACATTTAACAGTTTTTGATAATATTGCTTATGTATTAAATTTAAAAAAATATGATAAAAAAGAAATTGAAAAGATAGTAAATGAAAAAATGGATATGTTAAATCTTTCAAGAGATTTAAAAGATAGATTACCAGATGAGCTGTCAGGTGGACAACAACAAAGAGTTGGAATAGCAAGAGCTTTGGCAGCAAGTCCTGATATAATATTGATGGATGAGCCATTTGGAGCAGTTGATGCTATTACAAGATATCAATTACAAAAAGATTTAAAGGAATTACATAAAAAAACAGAGGCAACTATTGTTTTTATAACTCACGATATAACAGAGGCTTTAAAACTAGGAACAAAGGTTTTAGTGTTAGATAAAGGAGAAATTCAACAGTATGATATACCTAAAAATATTTGTTCTAATCCTAAAAATGAATTTGTGAAACAATTATTAAAAATGGCAGAGATGTAAAAGGAGGCTAACTATGAAAATTTATGATTTTACTGTAAAAAATAGAAAAGGGGAAGATATTTCTTTGGAAAACTATAAAGAAAAAGTCTTATTAATTGTTAATACTGCAACTAGATGTGGTTTTACACCACAATATGAAGAATTGGAAAATTTATATGAAAAGTATAACAAAGAAGGTTTTGAAGTTTTAGATTTTCCTTGTAATCAATTTGGTAATCAAGCACCAGAAAGTGATGAAGAAATCCATACTTTCTGTCAATTAAATTACAAAGTTAAATTTGACCAATTTGCAAAAGTTGAAGTTAATGGAGAAAATGCTATACCACTTTTTAAATATTTGAAAGAACAAAAAGGTTTTGCAGGCTTTGATCCTAAACACAAATTAACTTCTGTATTAACAGAAATGCTTTCAAAAAATGATTCAGATTTTGCTAAAAAATCTGATATAAAATGGAACTTTACTAAATTTTTAGTGGACAAGTCTGGAAATGTTGTAGCAAGATTTGAACCTACAACAAGTGTAGAAGTGATAGAACAAGAGATAAAAAAATTATTAGAAAAATAAAAATCCCTGCTATTG
NZ_CP077140.1_gap3	161268	162929	1661	TTAATAATTTTTAATAGAGACAATAAAATAAAAGGAATAAAATAATGTGTGAACATATAAATCATATAGGAATATACATAGGAAATTTTCTAATTCCATACTATGGACTTTTTGCAGTAATAGGTTTAACAGTAGCTTTTTGTGTAGCTTATTATCAAGTAAAGAGATATAAATTAAATTTTGATAATTTTATATTATTAAGTTGTATAGCAGTTTTTTTTGCAATAATAGGTTCAAAGTTACTATTTATAATAATAAGTTGGAATGATATAGATGTAAAAGAATTAAAAAATATGAACTACCTTAAAAATATTTTAAATGGAGGTTTTGTATTTTATGGAGGTTTAATAGGAGCATTAATAGGAATTTATATATGTAAAAAAGTTTTGAAAATAGAAATAAAAGAATATTTAAGATATTGTATACCTGTAATACCAACCGTACATGCCTTTGGAAGAATAGGCTGTTCCTTGGTGGGATGTTGTTATGGATGTCCATTTGAAAGTCCAATTTCTGTAACATATACTAATTCCATATTTGCTCCAAATAATATAGATTTGTTTCCAGTTCAAAGAATAGAATCAATAAGTTTATTTTTAATAGCAATAGCCTTATTAATTTATATAAACAAATTTAATGGGAAATATGCTTTTGAATACTATATTTTGGCTTATGCAGTAGTGAGATTTATTTTAGAATATTTTAGATATGATGAATACAGAGGAGTATTAAATGGTTTGTCAACATCACAATATATTAGCATTTTTTTAGTAATATGTGTGATAGTTAAAATAATAATATTTAAAGATAAGTAGAAGGAGAGGATAATATGAATATTCAAAAAATTAAAAAGAAAGGTTTTTTTCTAATTTTTACTATTTTAGCTTTATTTTGTTTAGTTAATTGTGGTAAAGATAATGATAGTCCAATTGAAGAAAATAATTCAAAAGAAAGTATCTCTAATGAAAACACTTCTAAGGAATTAGAAGCCTTGAAAAAACCAATAGATTTATCAGCTTTAACATTTAATGAAGCACAACAAAAATTGATAGATATACATATTGCTGATTTTCCAAAAGATACAGAAGTAGTGGAAGGGAAAAATGCAATAGATGAAAAATTAGATAGTGTTATACAACATTATTATCGTAAAACAAAAAATGGAGAATCAACAGGAGGAGGATTTAAAGAAATTTATTTTAAAAAGGGAACAAAGGAAGGTTTTACAGGTAAAATTATACATAGTGATTTTTACACATCAAGTTATATTGAAGAATATATTAAAGATGGAGTAGCAGTTCTTAGAATAAGTTATGGAAATGGAGAAAAGTATAGGGGTGATGCACTTCTTATGGGTGGAGGTATAGAGAAGTATCCTGGAAGTGAAAATAGTTTAAAAATATTAGATTATTTAAATGTATCTGATGATAAGGAAAATCAAATATCTTATGATTTTAAAAGTGATTTTATTAATGAAAATTATGCAAAAGAAAATGGAATTACACTTGATGATCATAAACAATGTCCTATATTAGTGATAACTAAAAAAATGAATGGTATTGTTATTAAAAATACATATTATTATTATGATTTCAGTACTGGAAAATTCGTAACAAAATATGAAGAAATTTTACCTGAAAATTTAGAATTTGCTAAAACAT
NZ_CP077140.1_gap4	178733	182330	3597	TTACACTAATAATTATTTTTATAATAAAACTATTATTCACTGCAATTTCATATTCAACAGGTTTTGCAGGAGGAATATTTTTACCTATGTTAGTTTTAGGTGCAATAATAGGAAAAATTTTTGGAGAAACAATAGATATATTTGCACAAACAGGGGCAGATTTTACAGTGCATTGGATAGTTTTAGGAATGGCAGCTTATTTTGTTGCAGTTGTAAGAGCACCAATCACTGGGGTTATTTTAATATTGGAAATGACAGGTAGTTTTCATTTATTATTAGCTTTAACTACTGTTGCAGTTGTATCTTTTTATATTACAGAGCTTTTAGGTCAACAGCCAGTATATGATATTTTATACGATAAAATGAAAAAAGATGACAATGTAGTTGATGAGGAAAATCAAGGAAAGATAACAATAGAATTAGCAGTAATGGCAGAATCTTTATTAGATGGAAAAGCTATTTCTGAAATTATTTGGCCTGAGGAAGTTTTAATAATAGCAATAATAAGAAATGGTGTAGAAAAGATACCTAAGGGAAGAACTGTTATGATGGCAGGAGATATATTGGTACTTTTATTACCAGAAAAAATTGTTGGGGAAGTTAAAGAAAAATTGATGAAACATACATCAGTGGAATAATTTTATTTAAAAAGAGAGGAGAAAAATGAGAAAACTAAGTCTATTTAAAAAGTGGGACAGTTTATCTCCTTATAGAAAATTAATTTTTGGTTTTTTAGCAGCAATTTTTGCTGGAGTGATACTTTTAAAACTGCCTTTTTCATTAAGAGAAAATCAAAATATTACAGTTTTAGACTCTTTGTTTACAATAGTTTCGGCTATCTGTGTAACAGGTTTATCCGTTGTTGATATAAGTCAAGTTTTTACTCCAACAGGGCAATTGATAATTTTGTTTTTTATTCAATTAGGTGGACTCGGAGTTATGACCGTTTCAATAATAGTTTTTTTATTGATTGGTAAAAAAATGAGCTTTGAAACAAGGGAACTTTTAAAAGAAGAAAGAAATTCTAATAGCAATGGAGGCATTACAAATTTTATAAAACATCTATTGTTGACAGTATTTGTAATTGAAATACTAGGAGCTTCAATTTTAGCTTATGGTTTTTCTAAATATTATCCATTAAAAAGATCAATTTTTTATGGATTGTTTCATTCAGTGTCAGCATTTTGTAATGCTGGATTTTCTTTATTTACTAATAATTTAGAAATTTTCAAATATGATAAATTAATCACTCTAACTGTTTCATTTTTAATTATTTTAGGTGGAATAGGTTTTGTAACAATAAATTCAATTTTTATAATTAAAAAGAAAAAATTTAGAGATTTAAGTTTAACTTCAAAATTAGCTTTAATTATTACAGCTTTTTTACTTTTTATTGGGACAATATTATTTTTAATATTTGAATATAATAACTTAAGCACCTTAAAAGATATGAATTTTATAGATAAATTTTTAAATTCATTTTTCCAAAGTGTAACATTAAGAACAGCAGGCTTTAATACAGTGCCACTTGAAAATATAAGACCAGCAACAGTTTTTATTTCATATATTTTTATGTTTATTGGAGCATCACCAGGTTCAACAGGTGGAGGAATAAAAACAACGACCTTTGGAATTTTAATATTCTATGCACTAGGTATTTTAAAAAGAAGAGAATATGTTGAAGTTTTTAAAAGGAGAATAGATTGGGAATTGATTAATAAAGCATTAGCAATAGTGGTTATATCAGTATTCTATATTATTGTTGTTATAACAGTTATATTATCAGTAGAAAGTTTCTCAACAGATAAAGTGGTATATGAAGTTATTTCAGCCTTTTCAACAACTGGGTTAAGTATGGGAATAACAGCAGGATTAGGGGTAATTTCTAAGCTTTTAATAGTTATTACAATGTTTATAGGAAGATTAGGACCTATGACAGTTGCATTAGCATTTACAAATAATAAGAAAAGTTTAATAAAATATCCAAAAGAAGATATACTGATTGGATAGAGTAGGAGAGATTTATGAAACAATATTTAGTTATAGGTTTAGGAAGATTTGGAACAAGTGTTGCTAAAACTTTATATGAGGCTGGAGAGAATATTTTAGGTATAGATGTAAGTGAAGAATTGGTACAGGATAGAATCAATAACAATATATTAAAAAATGCTATAATTGGGGACGCCAGTGATGGAAAAATTTTAAAAGATATAGGAGCAGAAAATTTTGATATTGCCTTTATCTGTATAGGAGATATAGAAGCAAGTGTTATGATAGCACTTAATTTGAAAGAATTGGGAATAAAGTCAATTATAGCAAAGGCTATAAATAAAAAACATGGAAAAGTTCTTACAAAAATTGGCGCAACAGAGATAGTTTACCCAGAGGAACATATGGGAAAAAGAATAGCAGAGCTTACAATGAATACAGATGTAATAGAACATTTAAAATTTACTGATAATTTTGTTTTAGTAGAGGTAAAGGCACCAAGTTTATTTTGGAATAATAGCCTTATAAAATTAGATGTTAGAAATAAATATAATATAAATATAGTTGGAATTAAAAAAAGTAAAGGAGAATTTTTACCTAATCCAACTGCAAATGTTGTAATAGAAGAAGGAGATGTATTAGTGATTATAACTGATAAAAAAACAGTGGAATCATTTAATAAATTGATTTAGGGGGAAAAATGCAAGAGTTTGATATTATAGTTGTTGGGGCAGGGCATGCAGGTTGTGAAGCAGCCTTAGCCTCAGCAAGAATGAGAATGAAGACAGCAATATTTACAATATCACTAGATACTATTGGAGTGATGTCTTGTAATCCCTCATTAGGTGGACCAGCAAAATCTCATTTAGCAAGAGAAATTGATGCACTTGGTGGAGAAATGGGAAGAAATATAGATAAGACTTTTATACAAATAAGAGTTTTAAATACAAGAAAAGGACCAGCAGTTAGGTCTTTAAGAGCACAAGCAGATAAAATGGCTTATGCCAATGAAATGAAAAAAACTTTGGAGCATACAGATAATTTATCTGTAATTCAAGGCATGGTAAGTGAGCTTGTAGTTGAAGAAGAAAATGGAAAGAAAGTAATAAAGGGTATAAAAATAAGAGAGGGCTTAGAATATAAAGCCAAAGCAGTTATTATAGCTACAGGAACATTTTTAAGAGGACTTATACATATAGGAGAAATAAATTTTAGTGCAGGAAGAATGGGAGAACTATCCTCAGAAGATTTACCATTATCACTTGAAAAGATAGGTTTAAAATTGGGAAGATTTAAAACAGGGACACCTACAAGAATAGACGGAAGAACAATAGATTATTCTGTTTTGGAAGAACAACCTGGTGATAAAAGCCAAGTTTTAAAATTTTCAAATAGGACAAAAGATGAAGATGCTTTAAATAGAAGGCAAATTCCTTGCTATATTGCACATACAAATGAGAAAGTACATGAAATTATAAGAAATGCTAAGGAAAGGTCTCCTTTATTTAATGGAACAATTCAAGGATTAGGACCTAGATATTGTCCTTCAATAGAGGATAAAATTTTTAGGTACCCCGATAAAAATCAACATCATTTATTTTTGGAAAG
NZ_CP077140.1_gap5	252791	253876	1085	CATTTTAATTGTATAAATATTAGGTTTAATATATTTACTTTTAGTAACTCTTACCCTTGAAGGAGTTATTTGTTCAAACTCACAATCTTTCAAGTTTAATTCCATTCCTGGACCATATAAAATATAAGGATGATCTTTTTCATACAAAGTATGAGCTGCAACTGAAGTTATCTTACATTTTCTTTCAGGATTACAAGGTTCAACTTCAAAATAATCTTCTCCTAAATACCCCATTATACAATCTCTAGTTGTCCCAGGTTCAGCACATAAGGCTCCACATTCAAGAATTTTTCCTAAATGAAATGCTAATCCAGGGTCATATCCTAAAGATATAGGATAAGCTGCAAATGCTGCTGGATCATATGCTCTACCACATACTATCAATTGACATCCTTCATTTAAAGCCTTAATAATAGGTTCAACACCCATCTGCCCAACTATACTAGTTGTTTTATCTATTAAATCTTCTGTCAATTCATGAACTGGTCCAAGAGGTTTAACTTTACTATTAAGTAATTTTTTTTTCACATAATTTTTATCTATATCTGCATATATTACAGCAGTTTTAAATTTATAATTATTTTCTTTTACTATTTCTCTAATTATATTCATTGTCCAATCATTATGAGGTTTAGCACCAGAACCTCCAGCAGATCCAATAATTATAGGAATACCTAATTCATAACCTGCTTTAAAAATTAAACTTAAATCTTTTTTTACAGCTCTTTTGCTTACAATACCCACACCTGCACCTAGCTTATGAGGTCCAGCATCTGTAGAACCAGCATCCACTGCTATTAAATCTGGATTTTGTTTAACTCCATTATTAAATGATTCTTCTGGAAAACCATAACCTAATATACCACAGGGCGATAAAATTTTTAATTCTTTCATAATTTTTACCATTCCTTTCTTTATTATATTATTACTTAGAAGAATATATAAAATGTTATATAAAAAATTTTATAGTTTATAAATAAACCAAATTTATTAAAATAATAATAACATATTAAAAAAATATATAAAAATACAATTTTTCTATATTAGTGATAGATTTTTATTATATCTGTATTATTAGGTCAACA
NZ_CP077140.1_gap6	272335	274647	2312	TGAAAATATACTTCTTCATTTTTGGATTCCATCTTTTAGCTTGATGCCCAAAGTGAACTCCAGCTTCCAATAATTGTTTCATTGTTACAACTGACATTTTTTCCTCCTAAAATTTTAAATTTGGTTATTCTTCCATCAATCTCAAAACTAAGCAATCTAACTTAAAAATTAGAACACCATGCTTAGAAATAATTGATGTGATTATTTAACGCCAAAGAATTCTATCATATTTTTCAGACTTTGTCAATTATTCTCTCTTGTAATACTATTCTTTTTATGCTAAAATAAATTAATAGAAGTGGTATATTGTTAAACTAACAATATTATTAAAATTTTACACAAAAATTTTACACAAAATATTAAGAAATAATGATTGAAAATATGGAGGTGTTTTTTATGTCAGAATTAGGAAACATAAGAATAGCAGATGATGTAGTAAAAACAATAGCAGCAAAAGCAGCAATAGATGTAGAAGGTGTTTATAAATTAGCTGGTGGAGTTGTAGATGAAGTTAGTAAAATGTTAGGAAAGAAAAGACCAACTAATGGAGTTAAAGTTGAAGTTGGGGAAGTAGAATGCAGTATAGAAGTTTACTTAGTTGTTAAATATGGATATAAGATTCCAGAAGTTGCAGAAGAAGTTCAAAAAGCAATTTTGGAAGCAGTGTCTAGTTTAAGTGGATTAAAAGTTGTTGAAGTTAATGTTTATGTACAAAATGTAAAAATGGAAGATATAGAAGAAACAACTGAAGAATTTGAAGATTAATTTAGGTGGTGCATATATGTTTAAAAAAATAATATTTTTCTTTGCTTGGGTAGGGATATTTTTAATATCCTTAATAAGTTTAAACTATGTACTTTTACCTGGACAATTTTTCTTTGATAATCCTTATATAGCAAATACAACTACATTTGAATACAAAATGGTTGTACTTGTTTTGGCATCTTTATATATTTTTATATGTCTATATAAGTTTTTTAGCCTTTTTGAAAGAAAAAAAGATTATCAAAGAAAAACAGAAAATGGGACACTAAAAATTTCAAGAGCTACAATTAACAATTATGTTACTGATTTATTAAGAAAAGATTTGGATATTACAGGGATAAAGACAACAAGTGAACTAAAAGGAAATAAATTTTTAATTTATGTTAAATGTGAATTATTAGCTAAGATTAATATAGCCGATAAGATAGCACAACTTCAAAATTTGATTAAAAGAGATTTAAGTGAAAATATTGGTGTTGAAGTAAATAAGATTACAGTTAATGTTTCTAAAATAGAAGCAAGTGAAATAGATAGAGAAACAGAAACAATTAGGGAAACTTCTAATATCCCCAATAATGAAGTTAGTGAGGATGTAGAGGTGAGTGATTGATGCCAGATAATGTTTTAGAAGTTTTATTAGAAAAGATTATTAATAACTGGAGAAAGGTTTATGGAGCTATTTTAGGTTTTATAGTCGGACTTACAGTAATTAACTATGGGATTTTAAAAGCTATTGTTGTATTTGCTTTTGCTTTTATAGGGTACAAACTTGGAGATTCTTCATTTATAGGAGGAATTAAAAAAATTATTTTAAAAAGATTAAAAGAGGATTAATCAGATGAACAAAAATTTTGAAGAACAAGAAAAAAGAGCAAAAGGTGGAATAAGACTAGCAAGAGAAGAAGTATTTAAACTAGTATTTGGAGTTGAGGCAACTGAATCAACTTCTGATGAGTTAAAACGAAATTTTGATATATATTTACAAAATGACGAAGAATTTATAGCTACCTTAAATGAAAATCAATTAGAGTTTATAAAAAGTTCTATCAATGGAATAGTTGAAAATTACAGTAACATCAAAGATATTATAAAGAAAAATACTAAAAACTGGGCTTATGAAAGAATAGGAACAGTTGAAAGAGCTTTATTGATAGTAGCAACTTATGAATTTATATTTAAAAATACTCCTATTGAAGTTATTGCTAATGAGATAGTTGAATTGGCAAAAGAGTATGGAAATGAAAAGTCTTATGAGTTTGTAAATGGCATTTTAGCAAATATAGAAAAAAGTAAAAAATAAAGGAACTATTAGATAGTTCCTTTTTACTTAATTATTAATTTAAAATTTTTAAAGTGTTTTGTTCAATATTCCTAACCCAGCTAATATAGTAGCTGTGATTATTAATTTTCTTGTTATTTTTCCATTTAAAATTCTATTAAATTCTTCTCTATTATAGTTTCTATAAGCATCCATAATTTTCACCCCTATCCTTTAGCTACTTTATTTACATTATTATATACTATAATATTTTGAAAGTCAATATATA
NZ_CP077140.1_gap7	287724	292395	4671	TAATTAATTATATCTCCCATAGGTTTACCAGCTGTTCCACTTGGTTCTCCATCATCATCAACTTTAAAAAATTCTAAACCATTATTATTTATTTTATAGGCTGAACAGTTATGAGTTGCATCTGAATGAATACTTTTAATATATTTTACATAATCTTCTGCTTCTTCTTTTGAAAAAACAGGTTTTACATAGCCAATAAACTTTGATTTCTTTTCTTCAAATTCTATTTTACATTCTTTTTTTACAGTTTTTAATTTTTCCATATCATCTCACATTTTATTTTAATATAAAAAAGGTAACAAAATTTTTGTTACCTTAATTATATCATAGAAATAAATTTAGTTTTTACTATCTTTTATATAAGAATATACAGTTCTAAATACTTGTCCTGTTGCACCTTTTTGACAGTAATAAGGATTAGCTCCACTTGCCCAAGCAGTACCAGCTATATCAAGGTGTACCCATTTAGTATCATCTACAAATTCTTCTAAGAATTTAGCAGCATTTGTAGAACCTCCCCATCTTACACCAGTATTTTGCATATCAGCATAAGGAGATTTTAAGTTTTTCTTATATATGTCAAACATAGGCATTTGCCAGAAATATTCATTCCAATTTTCAGAAGCATCTATGACTCTTCTTGCCATTTTATCATCGTTAGTAAATACTCCTGTAACATCTTCTCCAAGAGCTACCATAACAGCTCCTGTTAAAGTTGCAGTATCTATAACTTCATTGACTTTTTCTTTTCTAACTATATAAGTTAAAGCATCAGCTAATGTTAATCTTCCTTCTGCATCTGTATTGGTAACTTCTATTGTTTTTCCATTCATAGCAGTTAAAATATCTCCAGGTCTATAAGCATTAGGGCCTATTGAATTTTCACAAGCTGCCACAACACAGGTAACATTCTTTTTAATTTTCATCTTAGCAATAGCACACATAGTTCCTATCATAGTTGCTGCTCCACCCATATCACATCTCATAGTAAGCATACTATCAGTAGGTTTTAATGATAAGCCACCTGTATCGTAAGTAAGCCCTTTTCCTACAAGGCCGTAAGTATATTTAGATTTACCATCTCCTTTATATCTCATAACAATAACATTAGGTCTATGATAAGCGGCTCTTGCAACAGAAAGATATGCATTCATTCCTAATTTTTGAGCTTTCTTTTCATCTAATATTTCAACATCAAAACCAAATTCTTTTCCTAATTTGGTTGCTCTATTAGCGAGTTCTTTTGGATTTAATACTTCTGCTTGTTCATTTACTAAATCTTTTACTATATTAGATATTTTAGCAAGTTCATATCCTTCTATTAATTTTGGAGCTTTCTTATCTGTTAAATAAGAAACTTCTAAAAATTCTTCTTTTTTCTTTGTAAGATATTTATCAAACTTATAATTAATATGTTCAACTACTTCTGCAATAATGTCTATATCATCTAAGTCTTTATCAGCAAAACTTAGAAAAACTTTTCCTGTTATATTTTTTAAACCATCAAAAAGGTATTGTCTTATATTTTTAGCATTTAATTTTTTCTTTTCTCCTAAACCTATAATTATAAAATCTATTAGTTTTTTCTTATTGACAAGTGTCATAGAAATTTTTTCAGATGCTTTTGCAGTAAACTTATTTTTTTTGATAATAGTTTCAGCAAGTTTTTTACTTTCTTTATCTAAATAATCTGGTAATACAACTTTTTCAGAAGTAGCCACAAGTACATATTTATCATAGCTATCTTCATATTTTTTTACACATTTGAAACTCATAAAATTCCTCCTAATAATTTAATTTTTACATCATATTAAGAATATACCACTTAATGTTTAATATTTCAACTTATTTTAAAATTTTAACCTCTTGTTAATAGATAAAATCCTACTTTAAAATATAATTTGATTAATTAAAATATTAAATGAAAATTTAAAATTAGAGGTTTTGGTACTTGGTGTTGATTATTCAATGGTTAAGGATTTAGATGATTCCAAGACACATTTTGTAGGTGGAAGTACAGAATTTGATTTAAGAAATTATGACAGAAAAAATAGAGCCACTGCTGAAATAAAACTTGGATATGAACATATAAGTGGAATAACTGCTACATTTAGATTTAGAAAAAATAAAGATATAACAAGTTCTAGTTTTGGAATTGGGTATAAGTTCTAAAAAATAAATTATAAAAAAGATATTAATAGAAAATTTTTCTATCAATATCTTTTTATTTTATAGTTTTTTTAAAAGTTCTCTGAAAAGTTGTTCTTTTTCAGCTAGTATATTAAAAAAATTATCATCAATGTTTTCAACAAGTGGGACAGCCTTTTCTAAAATATTTTGCCCTTTTAAAGTTAAAAAAACAGAATTTGCTCTTGTATCCTTAGAATGACGCTTTCTTTCTATAAAATCATTTTTTTCAAGTAAATTTATTATTTGTGAAATAGTCATAACATCTATACCAGATATTTTTGAAAGCATAATTTGAGTAACTTCATTTTCTTTTTGTAAAAGATATGCAAGAGAAGTCAAAACAACAAATTGTGGCTGAGTAATATCTAATTTTTTTAGTTCTTTTTTTATAATGGAATGCCATTTATTGAAAACTCTCATAAATAATAAACCTGTAGAATTTTCGGAATTATCTTTATATTTAGATGGGAACAAACAAATCAATCCTCCTCAGGTAAAAATATTATTATATTTATTTTATAGTACTTTTATTTTTTATGCAAATAGTCTTATAAAAAAGATTGACTTTTTAAAATATTATAAGTATACTTATAATATATAGAATTATAATTTTTAAGGAGGAAAAAATATGGAATTTAGTTTTAAAATTAAAATTAATGTTAAAAAGGAAAAAGTTTGGGAATATTATGCTGATATCAATAAATGGTATATTTGGGAAGAAGATTTAAAAGATATAAAATTAAATGAAGAATTTAAAACAGGAAGTAAAGGAATAATGGAATTAGAGAATATGCCTCCTTTAGAATATATTTTAACTTCTGTCAAAGAGAATAAAGAATTTTGGGATAAAACTGATATTCCTTTAGGAAGTATACATTTTGGACACGAAATTTTTGAGGAAGATAGTAATTCAGTTAGTATAAAACATACAGTAAGGCTTGAAAGTACAATTATTAGTGAAGAAAATATGGAGTTTTTAAGAGGAATATTTTCAGATGTACCACATTCAATGATGCTTTTAAAAAAATCAGTAGAAGAGTAAAAATAGATAGACTGCACTTAATTTTCTAGTTATTAAGCTATAAGTGCAGTTTTTATTTTTCAGGTAAGTCCATTTTAAAATTATCAAATTTTATTGACTTTGCATAATCTTTTCCCCATAGTACCAGAGATTTTAAAATAGGTATTAAACTTTTTCCATATTTTGTTAGCCTATATTCCACCTTTGGAGGAACAACAGGATAAACTTTTCTTTCTATTAAATTATCATCTTCTAATTCTCTTAGTTGTCTAGTGAGCATTCTTTCGTTGATACTTGGAATAAATCTTTTTAATTCACTATGTCTAGCTACATCATTTATACTTATGTAATATAAAATAATTGGTTTCCATTTTCCACCAACTAAATCCAATGTAAATTCAAAAAAGCAATTATATTTTTTATTTTTATCCATTCTACTCACTCCTTTTTATATATTCTAATATTTATTGACAAAAAAGTAAATACGGACAAAAAAGACTGTACTTTACAAAAATACTCTATACAGTTATACTTCTATTAAAAGATTAGTATTAATTAAAAAATAATATATTTTAAATTTTAGATGAAATCAATGGGAGGTTTATTTATGAAAAAAGTGCTTATAGTTGGTGGAGTTGCAGGAGGAGCTTCTACTGCTGCAAGACTTAGAAGACTAGACGAGAATTTGGAAATAATTATGTTTGAAAGAGGAGAATATGTATCATTTGCTAACTGTGGACTACCTTATCATATAGGTGGTGTAATACAAAACAGAGAAAGTCTTTTAGTTCAAACTCCAGAAAGTCTTAAAGCTAGATTTAATTTAGATGTAAGAATAAATAGTGAAGTAATTGAGGTCAATGGAAAAGAGAAAAAAGTAAGAGTTAAAACTAAAAATGGAGAAGAATATGAAGAAAATTTTGATTTTCTAGTTTTAGCTCCAGGAGCAAAACCAATTTTACCAGCTATAAAAGGGATAGAAAATAAAAAAATATTTACACTTAGAAATATAAATGATATGGATAAGATAAAATCTGAAATCAAAAATCACAATATCAAAAAGGCAACTGTTGTTGGAGGAGGTTATGTAGGAGTTGAAACAGCTGAAAATTTAAAACATTTAGGAATAGACACAACTTTAATTGAAGCAGCACCTCATATTTTAGCTCCATTTGACAGTGAAATTTCAAATATTTTAGAATATGAGCTTGTAGACAATGGAATTAATCTTTTGATATCAGAAAAAGTTACTGAATTTCAAGAAGATAAAGATGAAGTTATTATTAAACTTGAAAGTGGAAAATCAGTTACAACAGATATGGTAATATTCTCAATAGGGGTTAGCCCTGATACTAAATTTTTACAAAACTCTGGAATTAATTTAGGAGAAAGAGGACATATACTTGTCAATGAAAATTTAGAAACTAATATAGATGGAGTGTATGCTTTAGGAGATAGTA
NZ_CP077140.1_gap8	421061	422325	1264	ATCTTATATAAAAATATACTGTATATAGTATATTAAAGTAAAATTTTATAAAAAATTTGACAAATATATAATATAATTGTATTATAAATGGATTGATATTTAAGAGAATATTAAAAAACAACTATAAAGTTATAATAAAACTTTTAGTGTATTTTATTATAAATTAAATAAGGAGGAAGTGAATATGAATAATAATCTATATGAAGTAGAAAAAAGTCTGCGTTCAATAGCAAAAAGATATAAATCAATTAAATATTCTGTTGGTTTGGCAATCTTATTTTTAATGATGGGAGGAAGTGTATTTTCACAAGAAATAAATGATGAAAATGCAACAATAAATCCAATTCTAACAAGAGAAGAAATTACTTTATCAAAAGAAAATTTAAAAAATTCAGTGGAAAATTTGCAATCAAAAATTGATGTTGCAAAAGCTGAAAATAAAAGAAGTATAAGAGGATTAAGATTAGAACTAATCCAATTAATAGAACAAGGAGATCAAGTAGTTAAATCACCATGGAGTTCTTGGCAATTTGGAATGAATTATATGTATGATAACTGGAGAGGTACATATAAGGGAATAGGAGATAAGTCAGAAAAATATCCTTATGAAGGAATTTTTGTTAGAAGTGATAATATTTTTGAAAGATATACTTCATCTATAAGTAAAAAATATAGGTTGCTTTCTTTATCCACAGATAAAAAAGCAGCTTCTTCAAATGCAAGAACAGGATTGAGTCTTTATAGATATGGAAATGTAGATTTGAAAAATATAGAAGAACCATTAGTTGAATGGGAAGTATCAGCTGGTGTAAATCCAAGAAAAATAGCAAAAATAAAGCCATTAGAATTAGTATTAAAACATAAAGTCAATTTTAAAGCTCCTAAACTTCCTAAATTTTTAATACCTGATGAAGAAGCAGAAGTTGTAGATATTCCTAAAGTACCAGATATTCCATTAGGTGGAACTAGAGTACATATATCTGCTGAGATAGAAGATTATGCTAAAATAGAAAAAGCTTGGAAGCAACCTGTACTTGTTGGAAAACAGCAAGCCCAAGACAAAGCTACAGGTCCTATTTCTCAAACTGATGTTAAAGGAAAAGATGGAAGAGGAACATTTGAAATTAAGCATGATGAAACTGATTATTTTTCTATAAAAACAAAAAATACTGTTTTTACTGGAAAAGAAGGAAGTGATCATCATACAACATTTACCTATGATAAAAATTTAGATTATAAATTTAAGTATATTGGAGAATTTGGA
NZ_CP077140.1_gap9	428949	431052	2103	TTATATGGAGAAGTTGAAAATACAGTTTACAGACCAGAAAAATATGATTATTGGACAACTAGGTATGACCATACTAAACTAGATCATCCTAAATTATCATATATAATAAGACCAAAGAAATGAAAAAGAAATATATAGTTTTATTTTTTATATTATTAACAATACATTTTATACTGCCTCGTATAATGAAAGCTGATCCTTTTGTATTTTTATCTTCAGATGGGACAGAAGTTGCAAGTTATACAGAAGAAGAAATTTTAAAATATAAACAATATTATGGATTAGATATGCCATTATGGAGGCAGTATTTGAATTATCTTTTAGGTATTTTTACAGGAAATTTAGGATATAGCATTTATTTTAAAGAAAAAGTAACAACTTTAATATTTAGTCGTTTAGTATGGACAGCTGGAATAGTGATTTTTTCATTATGTATTAGTTCAGTTTTTGGTTTATTTTTGGAAAGTTTTTCTGCATGGAATTATCAAAGAAAGATAGATACAATCCTTTATCAAGGAATGGTTATCATATCTGAAATTCCAAGTTTTTTGACTGCAAATATGATATTGATGTTTTTTATTATAAAATGGAGAATTTTACCAACAGCTGGAGGAATAACTCCATTTATAAAAAGTGAATTTTCTTGGAGTTTTATTTTAGATATTATAAAACATGCAGTCTTACCAAGTTTAACCTTAACTTTTTTAAGACTTCCAGATTTTTATTTTGTCAGCAGAAGTGCCATGCTTCAACAAATTCAAAAAAAATATGTAGAAACAGCTCAAGCAAAATCATTGGGAGATATCTATATCTTGATGAGGCATTGTTTACCTAATGCAATAAATCCGATAATGACTAGATTTTTACTTAGTATACAGACAATGTTTAATGCAACATTGATAGTAGAAAATGTGTTTAAATATCCAGGAATTGGTAAATTAATAAGAGATGCTGTTTTTTACAGAGATTATTTGCTGTTACAAGGAATTTTTTTAGTTATCACAATTTTTATTTTAACTATAAGCCTTTTAGGTGAAAATTTTTATCAAACAATAGAAAAGAGGAAAGAATTATGAGGATAAAGGAAATAAATTTAAAATTATCTTATATTTTTTTGTTTCTTATACTAATTTTTGCAATTCTTCCCTATTTTTCTTTTTTAAAATCTGGAACAATACCTAGTGGAGCAGCATTACTACCTCCCTCTAAGGAACACTGGTTTGGAACAGATGATTTAGGGATAGATATTTTTTCTGAAATTTGCTATGGAGCAAAAAACACTATTATTTTATCTTGTTCAAGTGCTTTATTTGCAGCTGTTGGTGGAAGTATTATAGGAATGGTAGCAGGATATTTTGGAGGTATTTTTGATGAAATTCTTTTAGGAATAATAGATTTTTTTATCAGTGTTCCTGATTTACTTCTTATGGTAGTCTTAGGAACTTTTTTAGGTCCAAGTTTAAAAAATATTATTTTTTCCATAGTTTTAGTTTCTTGGATTATGCCAGCTAAAATTACAAGAAGCCAAATTTTAAGAATGAAGCAAGAAAATTATGTAAAAATAGCAAAAATTTATGGTGCAGGTTTTATTCATCTTTTTTTATGGCACTTTTGGAAACCATTTTTTTCTATTATTATGATGAGTGTAATAAAACTTATGAATAGAGCTATTTTAGCAGAAGCTGCCTTGTCATATTTAGGATTAGGGGATCCATTATCTAAAAGTTGGGGAATGATTATAACAAGAGCTATGGATTTTCCTAATATATATCTCACAGAATTTTGGAAATGGTGGTTAGCATATCCTGTAATATTTATGGTTCTTATGGTTTTATCCATTGCTATTATTGGTCAAAAAATAGAAAGAAAAATTGGAGGAGTATACAGAATACAATGACGGAAATATTAAGAGTTGAAAATTTAACAATAACATATTACTCACATTCTGGTTCTTCTCAAATAGGAGTAAAAAATATAAATTTTTCTTTAAATGAAGGTGAGATATATGGTATTGTTGGAGAATCAGGAAGTGGAAAAAGTACAATATTATTAGCTATTATGGGGTTGCTATATGAAAAAGCAAAAATAGAAGGAAAAATTTAT
NZ_CP077140.1_gap10	466831	471036	4205	ATTAGTTAAAAAGAAAAAAGGACCAGTTACAGGACCTAGAAAAAATATAATATTTAAAGATGGATCTGCAAAAGATAAAGTTGCTGCATTAGTTGCTGCATTAAAAGCAGATGGATATGATTTCACTGTTGGTATCCCTCTTGATACACCAATAGGAAAATCTGAAAGAGTTGTAAGTGCTGGTAAAGGGATTGGAGATAAAAAGAATATGAAGCTAATTGAAAACTTAGCAAAACAAGCTGGAGCTTCTATTGGTTCTTCTCGTCCAGTGGCAGAAACATTACAATATGTACCTCTTGACCGTTATGTAGGAATGTCAGGACAAAAATTTGTTGGGAACCTTTACATAGCTTGTGGAATTTCAGGAGCTTTACAACATTTAAAAGGAATTAAAGATGCAACAACAATAGTTGCTATAAATACAAACGCAAATGCTCCAATATTTAAAAATGCAGACTACGGAATAGTTGGAGATTTAGTAGAAATCTTACCTTTATTAACTAAGGAATTAGATAATGGAGAAGCTAAAAAAGATGCACCACCTATGAAGAAAATGAAGAGAGTTATACCTAGAGTAGTGTATAGTCCTCATGTATATGTATGTAGTGGTTGTGGACATGAATACAATCCTGATTTAGGAGATGAAGATTCTGACATCAAACCAGGAACTAGATTTAAAGATTTACCAGAAGATTGGACTTGTCCTGATTGTGGAGATCCAAAATCTGGATATATAGATGCAAAAAAATAAAAATATAATTAAGGAGGATAAAATATGCATAATGTTAGAAATATAACTGAAGATCTTTATTGGATTGGAGCAAATGACCGTCGTCTTGCACTTTTTGAAAATATACACCCTATTCCAGAAGGAGTGTCATATAACTCTTATATGTTATTGGATAAAGAAACAGTAGTTTTTGATACTGTTGACTGGTCTGTAACAAGACAATATATAGAAAATATAGAATATTTATTAAATGGTAGAGAACTTGATTATTTGGTAGTACATCATATGGAACCAGATCACTGTGCTTCAATAGAAGAATTAGCATTTCGTTATCCAAAAATGAAAATAATTTCTTCTGAAAAAGGATTTATGTTCATGAGACAGTTTGGATATAAAAGCATAAATGGTCACCAATTAATTGAAGCAAAAGAAGGAGATAAGTTTAAATTTGGTAAACATGAGATATTATTCTTAGAAGCACCTATGGTTCATTGGCCAGAAGTGTTGGTAAGTTTAGATATTACAAATGGAGCTTTATTCTCAGCTGATGCTTTTGGTTCTTTTAAATCTCTTGATGGAAGATTATTCAATGATGAAGTAAACTGGGATAGAGATTGGTTAGATGAAGGTCGTCGTTATTTAACAAATATTGTTGGTAAATATGGTCCACATATCCAATATTTATTGAAAAAAGCTGCTCCTGTTCTAGATAAAATTAAATTTATTTGTCCATTACATGGTGTAGTTTGGAGAAATGATTTTGGATACTTAATTGATAAGTATGACAAATGGAGTAGATATGAGCCAGAAGAAAAAGGAGTACTAATTGCTTATGCTTCAATGTATGGTAATACAGAAAATGCTATTGAAATTTTGGCAAAAAAATTAGCAGAAAAAGGAATTACAAATATTAAGATGTATGATGTGTCTAATACTCATGTATCATATTTGATTTCAGATTTATTCAAATATAGCCATTTAGTTATTGCTTCTCCTACATATAATTTAGGAATTTATCCTGTTATTCATAACTTTGTAATGGATATGAAGGCTTTAAATTTACAAAATAGAACAGTTGCAATAGTTGAAAATGGTTCTTGGGCAAGAAAATCTGGAGATTTATTACAAGAATTCTTTGAAACTCAAATAAAAGATATGACTGTATTAAATGAAAGAGTAGGATTAACTTCATCAACTAACAATGTAAATCTTGATGAAATGGATACACTTGTTGATGCATTAGTTGAATCTTTAAATAAATAATCTAATATAAGAAAATAAAGGAAAGGCAAAGTTGAGATTTCAACTAAACCTTTCCTCTATTTTTATGTTAGGAAGTTATAAGCTATCTTTTTTCATCAGAATAATCTAAACTTGCAAGTCTCTTGTATTGTCTCCATCTTCTTTGGGCATCAAACATATTTTTTTCAAATAAGTCAATTGCTTCATTAGGGTTTGTTTTTTTCAATGTCATATATCTAGTTTCACCCATTAAGTAATCTTGGTATAGTTCCCATTTAGGTTCTTTTGAATCTAATTGTAAAGGATTTTTACCATCTTTTTCAAGTAATGGATTGTATCTAAATATAGGCCAATAACCACATTCAGTTGCAAGTTTCATTTCAGTTTGTGACTTTGACATACCTTTTTTAATTCCGTGGTTGATACAAGGAGAGTAAGCAATAATTATTGATGGTCCATTATAGCTTTCAGCTTCTTGTATAGCTTTCAAGAATTGTTGTTGATTAGCTCCCATAGAAACTTGTGCAACATAGATATGACCATAGCTCATACAGATAGCAGCTAAATCTTTTTTCTTTAAAGGTTTACCAGCAGCAGCAAATTTTGCAACAGCAGCAGTAGGTGTAGCCTTAGAAGATTGTCCACCAGTATTTGAATAAACTTCTGTATCCATAACTATAACATTTATATCTTCTTTTGATGCAAGTACATGGTCAAGTCCACCATATCCTATATCATAAGCCCAACCATCTCCACCAACTATCCATTGAGATTTTTTAATTAAATATTGTTTTAAGCCTATGATATCTTTAGCATAAGTTTCATTATTTCCTTCTAATGCAGTTAAGATTTTAGGACTTACTTCTCTTGTTTTAGCAGCATAATTTCTATTTTCTATCCACTCACGGAATAGTCCTTGTAATGCAGGAGTAACCTTATCCATAGAAACTTCCATAATATGTTGTATTCTATCACGAAGAGCCTCTACTCCAACATGCATACCAAAACCATATTCAGCATTATCTTCAAATAGAGATGATGCCCAAGCAGGGCCTTCCCCACAACAATTTTTAGTATATGGTGTTGATGGAGCAGAACCACTATAAACTGATGAACATCCACTTGCATTTGCAACCATCATTCTATCTCCAAACATTTGTGAGATAACTTTTAAATAAGGTGTTTCTCCACAACCTGGACAAGCTCCATTAAATTCAAATAATGGTTGAGAGAATTGAGAACCTTTAACTGTACTAGTAGGCATTTTATCAGTTTTATATGTTACCTTACTATAAATATATGAAGCCTTTTCATCTTCATGATTTTCTAATGCCACAGCAATAGGTTCCATATCAAGAGCCTTAGCAGGACAAATATTTGCACAAGAACCACAACCTGTACAATCAAGAGGTGTAACTTGTATTCTATAAGTTAAGTTTTCTAATCCTTTTCCATTAGCTTTTTTGGTAGTAAATTCAACAGGAGAAGCAGCTTTTTCTTCTTCTGTTATTAAAAATGCTCTAATAGCTGCATGTGGACAAACATAAGAACATTGATTACATTCTATACATTTATCTAAATTCCATATAGGTACATTAACTGCAACTCCTCTTTTTTCAAAGGCAGCAGTACCATTTTCAAATGTTCCATCTTCTCTACCTAAGAATGCTGAAACAGGTAAATCATTTCCTTTTATAGCATTAATAGGTTCAACTATATTTTTAACAAATGAAGTTAATAATTCAGTTTTACAATTAGAGGTATCATTATTTTTATCAACTTTTTGCATAGTTTCAACTTTTAAATTTATCCAATCAGGATCAACTGGAATTTCAACTAAACCAGAAGCACCAACATCTATTGCCTTATAGTTAAGTTGAACTACATCATCACCTTTTCTACCATAAGATTTCAAAGCATATTCTTTCATATATTTTTGTGCTTCTTCATAAGGAATGATTTCAGCTAGTTTAAAGAAAGCTGACTGCATTATTGTATTTGTTCTTTGTCCTAAACCAATTTCATGAGCTAGTTTAGTAGCATTAATAATGTAAAACTTAGATTCTGATTTTGCTAAATCATATTTAATGTTATCTGGAATGTGTTCTAAGACCTCATCTTTATCCCAAACACAATTTAATAAAAATTTCCCCCCTTTTTTAAGTCCAGATGTCATATCATATTGTTTTAAATAAGCTGGAACAGAACAAGCAACAAAACTTGGGCTTGATAC
NZ_CP077140.1_gap11	581681	586325	4644	TATTAAAATTATTGCAAAAGTCATATCACGGAAAGATAAAAATGATATACAATTGACCCTCCATATAATACGGGAAAAGATTTTGTGTATAAGGATAATTTTATAGCTAATATAGAAAATTATAAAAAGCTAACAGGACAAATAAATGAAGAAGGAACTAAATTAACAACAAATACAGATTCAGATGGAAGATACCATTCAAATTGGTTAAATATGATGTATCCAAGATTGAAGTTAGCTAGAAATTTATTAACAGATGATGGAGTAATATTTATATCAATAGATGATAATGAACAAGCAAATTTAAAAAAGATATGTGATGAGATATTTGGAGAAGAAAACATTGAACAGATGATTTGGAATAAAGAAGCAGAAGGTTCTTCGGGAACTTTAAAGGTAACACAAAGATTCAGGAAAAATCATGAATATGTATTAATTCTTTATAAAATGAAAGAAATAACAGAATTTAAAAAGATAAATGAAGCTTTAATTGGAAGAGAAAATGAGTTACAAACAGCAAATTTAGCAGTAAATATAGAAAAAGAAGATAAAAATCATAAAAATTATTATAAAATAATGAATCCATTAGGAGATGAATTTTTAAGACAGTGGAAGTGGTCTAAAGAAGAAGTGGATAAATTAATATCAGAAAATTTAATATATTGGGGATCAGATGGACATAAACAACCTAGACTAATTATTCCTACTGATGAAAGGAGAACTACCTATCTTTTGTCTATTTTAAACTATGGTGGAACAACAGTTGGAAGAAAAGATTTTGAAGAAATAATGGGAAATAGGATAGAATTTTCATACCCTAAACCTATAATTTTATTAAAAAAAATATTGGACACAGTTACTAATGGAGAAGAAAATGATATAATTTTAGATTTTTTTAGTGGCTCATCAACAACAGCTCACTCAGTAATACAATTAAATGCCGAAGATGGAGGAAGTAGAAGATATATAATGGTACAATTGCCAGAAGTTTGTGATGAAAGCTCAGAGGCCTATAAAGCTGGATATAAAAATATCTGTGAAATAGGCAAAGAAAGAATGAGAAGAGCAGGAGAAAAAATAAAATTAGATGAAAGTCTACCATTAGAAAACAGAGAAAAATTAGATATAGGTTTTAAAGTATTTAAGTTAGATACCTCAAATATAAAAGGGTGGGATACAAACACAGAAGATTTACAACAAACATTGTTAGATTCAATGGAAAATATAAAATCAGATAGAAATTCATTAGATGTTCTATATGAAATCTTATTAAAATATGGATTAGACTTAAATATCCCAATAGAAGAAAATAAAGATTTTTATTCAATAGGTGGAGGAAGTTTATTAGTAAGTTTAAATAAAGAAATAAATGATGAAATAATAAATTCAATCTGTAAAGAATATAAAAACTTACTGGAAATAGATAAAGAATTTAAAACAACAGTAATATTGAGAGATAATTCATTTAAAAATGATGTAGATAAAACAAATGCAATAAAGAAATTAGAGCAAGTTGGAATAAATGAAATTAGAAGTATATAGGAGGGGACTATGAAAATTAAATTTGAAGAGAATTTAGAATATCAGTTGGAAGCAATAAACTCTATAACTGATATATTTTCAGGACAAGAAATAGCTAAGACTGTATTCACAGTAGAGAAAGCAAATAATCCTCAATTAAGCATAGTAGCTGATGAAAACGATTTAGGAACTGGAAATAAACTTTTATTACTTCCAGAAGAAATTTCAGAAAATTTAAATAATATTCAAACTAGAAATGGTTTAGCTAAAACAGAAGTATTAGGAAAAAATACATATAATTTTTCTATTGAAATGGAAACTGGAACAGGGAAAACTTATGTATATTTAAGAACTATAATGGAGTTAAATAAAAAATATGGATTTACAAAATTTATTATAGTTGTTCCTTCATTAGCAATAAAAGAGGGAGTATATAAAACACTTCAAATTACAGAAGAACATTTTAAAAGTCTATACGAAAATACTCCTTATGATTATTTCATTTATGATTCTAAAAAAATAAATATGATAAGAAATTTTGCTGTAAATGATAATATCCAAATTTTGATTATTAATATAGACTCTTTTAACAAGGATAAAAATATTATTAATCAAGAAAGAGACCAAGCAAATGGTTATAGACCAATGGACTATATAAGTCAATGTAATCCAATAGTAATAGTTGATGAACCTCAAAATATGGAAAGTGATATAGCTAAGAAAGCAATAAAAGAGTTGAATCCTTTGTGCACATTAAGATATTCAGCAACACATAAAGAAAGGTATAATCCAGTATTTAAACTAGACTCAATAGCTGCCTATGAAAAGAAACTAGTAAAACAAATAGAAGTAGCGACAGTAGGAGTTACAGAAAATTTGAATACTGAATATATAAAAGTTGTCAGTATAAAAGCTAGTAAGACTGGTATTACAGCTAAAATAGAACTTGATGTAAAAAATAAGTCAGGTGTGAGTAGAAAAGAGATTAGTATAAAACATGGGGATATTTTAAGTGAAAAGGCAAAAAGAGATATTTATGATGGCTATATAGTAAATGAAATTACATATAATGAAGTTGATCCAGCTAAATCTTTTATAGATTTTGGAAAAGTAAGATTAACAATAGGGCAGGTAAATGGTGGACAAGATCCAGATTTAATAAAAAGATTGCAAATTAGAAAAACAATTCAAGAACATTTTGAAAAACAACTAGCTTTAAAGAGTAAAGGAATAAAAGTTTTATCACTTTTCTTTATAGATAAGGTTGCAAATTATAGAATATATAATTCAGAAACTGGGGAAGCGAAAAAAGGTAAATATGCTTTAATGTTTGAAGAAGAATATAATAACTTTATACAATCAGGAAAATATCAAGGAGTAGGAGATGTTTCTAAGGTACATGATGGATATTTTTCAGTAGATAAAAAGAAAAGTAAAAATGGTATAGAGTATTTTGAAGATAAAGATACAAAAGGTAATACAAATGCTGATAATGACACTTTTACTAAGATAATGAAAGATAAGGAAAAACTTTTAAGTTTTAATGAACCTTTAGCATTTATTTTTTCACACTCAGCTTTAAAAGAAGGTTGGGATAATCCTAATGTATTTCAAATTTGTACTTTGAATGAAACAACTTCTGAAATAAAGAAAAGACAAGAAATTGGAAGAGGATTAAGAATTGCTGTAAACCAAGAAGGAGAAAGAGTCAGAGGTTTTGATGTAAATACATTAACAGTAATGGCAAATGAATCTTATGAACACTTTGTAGAATCTTTACAAAAAGAAATGGAAAAAGAAGAAAATATCAAATTTGGACTTATAGAAGATTGTATTTTTGCAAATATTGTGATTGATTATGAAAATGGGAAAGAAATTTTTCTTGGACATGAAAAGTCAAAAGAGATATTTCAAGATTTAGTAAAAAGAGATTATATTGATGAATCTGGAAATGCTAAGGATAAATTAAAAAAAGATTTAGATGAAGGAAACTTAGAATTAGCAGAAGAATTTAAAGATATAAAAGAAATTATTATTAAGAAATTAAAATCTACTACTGGAAAACTAGTTATTAAAAATGCTGATGAAAGAAAGAAGATAACTTTAAATAAAGAAGTATTTTTAAGTGATGAATTTAAAGAACTATGGGATAAGGTAAAGTATAAAACAACATATCAAGTAAATTTCAACGCAGAAGAATTAATAGATAAATGCATAAAAAATTTAGATGAAGGAGTATATATTCCAGCTGAAAAATTTTTATATGATAAAAAAAGACTGGCTATTACAAAAGGTGGAATAGAGGAAGCTGGAGCTTATGAATTGGAAGAAAATATAGAACTCTCTAGTAGTTATAAATTACCTGATATAATTACTTATTTACAAAATGAAACAAATCTTACAAGAAAGAGTATAGTAAAAATTTTAACTAAATCTAAAACTTTAAATAGTTTTAAGAAAAATCCTCAGTTATATTTAGAACAAGCCAGTGATATAATTAAAAGAACAATGAGATTATTTATAGTAGATGGTATTAAATATGAAAAAATAGGAGATGTAGAATACTATTCCCAAGAATTATTTGAAAATAATGAAATTTTTGGATATCTTAAAGATGAAATGAGTAGGCAAGGGAATATGGTGAAAACAGAAAAAACACCATATAGTAGTATTATTATTGACTCTGAGATAGAAAGAAAATTTGCAGAAGGATTAGAAAATAATGGAAATATTAAAGTTTATACAAAACTTCCAGATTGGTTTAAAATACCAACTCCATTAGGATTTTATAATCCAGATTGGGCAATATTAGTGGAAGAACCAAATCAAAATAAAGAAAAATTATATTTTGTTGTGGAAACAAAAGGAACAACTTTTGAGGAAGGAAGAAGAGATTTAGAAAATTTAAAAATTAATTGTGGAAGAAAACATTTTGAAGCATTAAAAGTTGAATATTCAGATTGTGATAGTATAAGTAATTTTAAAAATTATATTGAGAAAATAAAAATTGACAAATATCAAAAATTATTATAGAATAGACAAAATTAAATATATTTCCTTTTAAGAGAGTCCAGAGAGGCTAGCAAGGGTGTGAAAGGCTATTTTTAGTCTATATTTTTGTGT
NZ_CP077140.1_gap12	599081	600720	1639	ATTCAGAAATTATTGAATAAATTTTTCCTTTGCTAATATTTGTATATGGTTTTATTGCTTTTACTAAATTATCAGCAGGATCATATAATTTGGCTTTGGGAATAACTTTTTTAAAATAAGAAGAAAGCCAAGGTAAATGGGTACTACTAAGAGTTATTGAATCTAATTTACCAAATTTTTTCTCACAATCATTAATAAACTTCTGGACAGTCTTTTCTGTTTCTGTCGTATTATTTATAAAATCTCCATTTTCAATAAGTTGAATTAAAGGAGAAGCATTTTCTACATGAAATTGTTTATAATAATCTCCTACTTCTCCTTTTATATAATCTTGTAATTCAGGACTTTCAATCATCACTTTTGCACCAATAATAAGAGTGTTTTTCTTTTTATCATTCATAACATCTTTTAATGGTGGATATATACCAATAACTTTGTCCTTATTTTTTATTTTATCAAGTACAGTTATACTTGGAGCATTTGAAGCAAGAATTATAAAATTAGCACCTCTTTTTAAAAGAAATTCAATAGAATTTTCAATAATAGTTTTCAGTTGTTCTATTGTTTTTGCTCCATAAGGAAAACTTTTTCTATCAGCAAAATAAATTATATCTTGTTGAGGATAAGCTTTTTTTATAGTCTCAACAATAGTATAACTCCCAAGTCCAGCATCAAAAATGGCAATAGGTTTATTCATTTTATACACTCCTTTAGAATTTTTAGATTAAATTTTTTAAAGATAATTTACTTTATATAAAAATATTTAAATTAATTATAACAAATTAAAATGAGAAATTAAATTATTAAAAAGTTTTAAAAAGCATTTATAAAAGTATAGGAAATAATATTTTATGTTTAGAAAATATTTAAAATTATTAATAAATATTATTTAATTTTAATATTGAAAAATAAAGTTAAAAATAAAATCAAATAAAAATTTAAAAATATTTTTTAATTTTCTGTTGACAAAATATGTGAAAGATGTTAATATAATCCTTGCCGATAAGGAAAGGACATTAGCAACAGAATAGAGAAAAGACAAAAAGCAACCATAAATTGGTGTAAAATAAAGATAGCACAATGAGCTATAAGAAAAGATTGAACGAAGAGTTTGATCCTGGCTCAGGATGAACGCTGACAGAATGCTTAACACATGCAAGTCAACTTGAATTTGGGTTTTTAACTTAGATTTGGGTGGCGGACGGGTGAGTAACGCGTAAAGAACTTGCCTCACAGCTAGGGACAACATTTAGAAATGAATGCTAATACCTAATATTATGATAATAGGGCATCCTATAATTATGAAAGCTATATGCGCTGTGAGAGAGCTTTGCGTCCCATTAGCTAGTTGGAGAGGTAACGGCTCACCAAGGCGATGATGGGTAGCCGGCCTGAGAGGGTGATCGGCCACAAGGGGACTGAGACACGGCCCTTACTCCTACGGGAGGCAGCAGTGGGGAATATTGGACAATGGACCGAGAGTCTGATCCAGCAATTCTGTGTGCACGATGAAGTTTTTCGGAATGTAAAGTGCTTTCAGTTGGGAAGAAAGAAATGACGGTACCAACAGAAGAAGTGACGGCTAAATACGTGCCAGCAGCCGCGGTAATACGTATGTCACGAGCGTTATCCGGATTTA
NZ_CP077140.1_gap13	708201	712450	4249	TTATTTCAATTATAATGAATTAAATAAAAAAATTTATTATAATTATAATTTCAATAAACTTAAAAAATGTTTGAAATTATAATTAAATAGATGTATTATAAAAAAGTAAAAATTAAATAAGAAAGAGAAAAAGAAATGAAATTTATTTATAATATAATACTGTTTTTTATTCTTAGTATATCTATCTATTCTCATCCTCATGTTTTTTTTGATGCAAATATAAATGTGAAGATAGAAAATAGAAAACTTGAAGGTATAGAATTACAACTAAATTTAGATGAATTAAATACAAGATTAAATAGAAAAATTCTTAAACCTGATAAAGAAATGAATGTTGAACAAGAGAATATTGTGTTTTTAAAACATTTATTTAAACATATAAGAGTTAAGTATAACGACAAAACTTATAAAGAAGATGATATAATTTTTGAACAAGCCAAATTAGAAGATGGTAGTTTAGAAATATATTTTTTTATTCCTATTGATGAAAAAATCACAAAAAATTCTAAATTAAAAGTAGCTTTGTATGACACAAAATATTACTACAATTATGATTATGATAAATCGTCATTAAAGATAGATAAAGGTATAAAGGCTAAGATAAATTTTTTTACAAATGATAAGATAAAATTTTATTTTAATTTGGTAAGTCCAGATGAATATGAGGTGAGTTTTGAATGAAAGATATAATAGGAATAATAATTAAAGCAGTTGGAGTATTTTTATTAGCTTTTTTTGGAACTTTTCTTATTATGAAATTAATTTTAATGGTAAAGTCATAAATTAGAGAGGAAAATTTTAAATGAAAAAAATTGTTAAATATTTAGTTGGAATAATTGCTATTGCATTAATTTATTTATTGATTTCAAATTTTAATTTAATTATGTTTAAAATAGCAATATATCAACAAGAAATAGTTGAAAAAATAAGTGAATTAATAGAAAAAGAAAATGAAAAAATTGTTTATACAATGTTATTTTTTACATTCTTATATGGGATAGTTCATTCTTTTGGACCTGGACACGGTAAAACTTTGGTTTTGACATATTCAGTAAAAGAAAAACTAAATTTTCCTAAATTGTTATTAATATCTTTTTTAATAGCATATTTACAAGGTTTATCAGCTTATATATTAGTGAGATTTATTATAAATTTATCAGATAAAGCCTCTATGATGTTATTCTATGATTTAGATAATAGAACAAGATTAATTGCTTCTATTTTGATTATCTTAATTGGTCTATATAACATTTATTCAGTTTTAAGAAATAAATGTTGTGAACATTGTCATGAAACAAAAGTAAAAAATATTTTAGGTTTTTCTATTGTTTTAGGACTTTGTCCTTGCCCTGGTGTAATGACTGTGCTTTTGTTCTTAGAAAGTTTTGGACTTAGTGAAAATTTATTCCTATTTACTTTATCTATGTCAACAGGAATATTTTTAGTGATATTATTCTTTGGAATTTTAGTTAATACTTTTAAAAAGACTTTGGTTGAAGAGGAGAATTTTAAATTACATAAAATGTTAGCATTGGTTGGAGCTAGTCTTATGATTTTGTTTGGTATATTTCAAATATTGATTTTATAAATTTGAAATTAAATAAGCAATATTTATTGACAAACTTGAATTTCTATGATAATATAAATAGGATTAACGCATAATAAAGGTGTTCAGCAACCTTATATTAGCGAATTACATATGGAGGTGTTAATATGTACGCAGTAATTAAAACTGGTGGAAAACAGTATAAAGTTACAGAAGGTGATGTATTAAAAGTAGAAAAATTAAATGCTGAAGTTAATACAACTGTTGAATTAACAGATGTTCTTTTAGTAGCTGGTGGGGACAACGCAGTTAAAGTTGGTAAACCATTAGTAGAAGGAGCAAAAGTAGTTGTGGAAGTTTTATCACAAGGTAAAGGTCCAAAAGTAATTAACTTCAAATACAAGCCTAAAAAAGCTAGTCACAGAAAAAGAGGACATAGACAACTTTTTACTGAAGTAAAAGTAACTTCAATAATAGCATAGTTATGACTAAAGTAGAAATTTTTAGAAAAAATGGTAGTATAGTAGGATATAAAGCAAGTGGACATTCTGGATATTCAGAACAAGGTAGTGATATCATCTGTTCTGCTATCTCAACATCAATGCAGATGACTTTGGCAGGTATACAAGAAGTATTAAAGTTAGAGCCAAAATTTAAAATAAATGATGGTTTTCTTGATGTTGATTTAAAAGATATTAGCCAAAATAAGTTTACAGAAATAAATATACTCACAGAATCTATGGCTTTATTTTTAAAAGAATTAACTAAACAATATCCTAAATACATTAGACTTGTAGAAAAGGAGGAAAAGTAAATGCAATTTTTATTTAATATACAATTATTTGCACATAAAAAAGGACAAGGTTCTGTTAAAAACGGAAGAGACTCTAATCCTAAATATCTTGGAGTTAAAAAATATGATGGAGAAGTTGTAAAAGCTGGTAACATCATAGTTAGACAAAGAGGAACTAAATTTCATGCAGGAAATAATATGGGAATTGGTAAAGATCACACTCTTTTTGCTTTAATTGATGGATATGTAAAGTTTGAAAGATTGGGAAAAGATAGAAAACAAATTTCTATATATTCAGAAAAATAATAATAATCAAAAAATAAAAATCCTATTAGTTTAGGATTTTTTTATTTATAAATTTTAAATTAATTCAAAATATTTATAATAACTATATACAACATGTATTATATATAGTTTGAATAAAAATTATCCTAAAATAGATTAAAGTTTTATCATTTTTTAAGTAAATTAAGTTGCTTTTTATTTAAAACTAGACTATTATGTATTCAAGATAAAGTTTTAAAAATTAGCCCACAAAGTTTAAAAATTTAATGATTTCTATTTATGGAGGTAGATTTTTATGAAAATGTACGGACTTGAGAAATTAGGAATTAGTAATGTAATAGCAGCTCACTATAATTTGTGTCCTGCACAGCTTGTAGAAAAAGCTTTGGAAAATAATGAAGGAACATTAAGTGATACTGGTGCTTTTGTTATAACAACTGGTAAATATACTGGTCGTGCACCAAATGATAAATTTTTTGTAGACACTCCAGAAGTTCATAAATATATTGATTGGACTAGAAATCAACCTATTGAAAAAGAAAAATTTGAAGCAATTTTTGGAAAGTTAGTTGCTTATTTACAAAATCGTGAAATTTTTATTTTTGATGGAAGAGCAGGAGCTGATTTAGAACATACTAGAAGATTCCGTATTATAAATGAATTAGCTAGTCAAAACTTATTTATTCATCAACTATTAATTAGAACAAATGAAGATTATAATGAAAATAATAATATTGACTTTACTATTATTTCTGCACCTAACTTCCACTGTGTGCCTGAAATAGATGGAGTAAATTCAGAAGCTGCTATAATAATTGATTTTGAAAGTAAATTGGCTATTATTTGTGGTACAAGATATTCAGGAGAAATCAAGAAAAGTGTATTCTCTATAATGAACTATATTATGCCTCATGAAAATATTTTACCCATGCACTGTTCAGCAAATATGGATCCAATAACTCATGAAACTGCAATTTTCTTTGGATTATCTGGAACTGGCAAAACAACTCTATCAGCTGATCCTAATCGTAAATTGATAGGTGATGATGAACATGGTTGGTGTGATAAGGGAATTTTTAACTTTGAAGGTGGATGCTATGCAAAATGTATAAATCTCAAAGAAGAAAGTGAACCTGAAATTTATCATGCTATTAAATTTGGAAGCTTAGTAGAAAATGTTACTCTAAACCCTAAAACAAGAGAAATTAATTATGAGGATGCAAGTATAACACCAAATACAAGAGTAGGATATCCTATACATTATATCCCTAATGCTGAATTATCAGGGGTAGGTGGAATACCAAAAGTTGTTATATTCTTAACAGCAGATTCTTTTGGAGTATTACCTCCAATTTCAAGATTGAGTCAAGAAGCTGCAATGTATCATTTTGTAACTGGATTTACTGCAAAACTAGCTGGAACAGAATTAGGAGTAAAAGAGCCAGTTCCAACATTCTCAACATGTTTTGGAGAACCATTTATGCCTATGGATCCAAGTGTATATGCTAAAATGCTTGGTGAAAGATTAGAAAAACATAATACAAAAGTATATTTAATCAACACTGGTTGGTCTGGTGGAGCTTATGGAACAGGAAGTAGAATAAATTTAAAATATACTCGTGCTA
NZ_CP077140.1_gap14	716480	717064	584	CATCTACAATAATAATTTCAATTTGCTTATTTAAAATATTTAAGGCTTCTTTTACTTTATCAACTTGCATTTTAGTAGTAAATATTTTAACAACATCTGAATTATCAATATAATATGTCAATTCTTCTGCTGTACTTGAAGCATCTATACAAACACAAGTTGCTCTACTATCCCAAATAGCAAAAAAACTATATAATAATTCTGGTCTATTTTCCATATATATCATATTGTTTGTAAATTCTTTTATTTTTGAAAATTGTTTTATTTTTTTTGTGTTTAAGATAAATTCTTTATAAGTAAGAGCTTCATTTTTATAATATAAAGCTACTTTATTTTTATCAGTTACAATTTGCATTTATCTATCTCCCTTTCTATGAATTATAAAATAAAATCATTTTTATTATAACAGATGTTTTTTTAAAAATCTATTCTATTTTAATTATATGGAAAATTATTAATAAAAATTTTGATAGAAAATGGTGGTGTAATAACAAAAGAATTTAAAATTAAAAGTAAAATATTAGAAAAAAATAGCTTTAAATAGATTGTTATCTTATTTAAAAGCTATTATTTTGAATTTATAA
NZ_CP077140.1_gap15	790638	795173	4535	AAATTATTAGATATTTTATTCCTACCTCATTTCAATAAACCATATAATTATATTACTATGGCTGCACTTGGTGCAAAATAAAAATATAAATTATCTTTTTATATTAATTGGACTGTTAAAAATTAATAAAATTTGTAACAGTCTTTTTTATTTATTTTTAATTTCTAGTTTTTATTTTTCAAATTTAATGATAAAATAAGAGGAGTAAATATTTTCTAAAAAGAGGGTGAAATTTTATGGAAAATATAAAAGTAAATATAAAAAAAATTTCTGATAAGACTTATGAAATTTTAAATTCTCCTTTTTATACTGATGGTAAAGGTGGACAATTAGGAGATAGAGGAACAATTTCTGATGCTAATATTATAGAAGTAAAAGAAAATTTAGTTATTTTGGATAAAGATTTAGAAGATGGAGAGTATACATATTTTATTGATGAAAAAAGAAGAGAAGATATAAGGCAACAACATACAGCACAACATATTTTTTCAGCTGAGGCTTATAATAATTTTGGCTTAAATACTGTTGGTTTCAGAATGGCTGAAGAATATACAACTGTTGATTTAGATCAAAAAGATATTTCAAAAGAAATTATAGACAAATTAGAAGAATTAGTGAATAAGGATATAAAGGCAGATATTGTCATTGAAGAAGAAATATATACAAATGAAGAAGCACATAAAATTGAAGATCTTAGAAAAGCTATTAAAGATAAAATAAAAGGTGATATAAGATTTATAAAAATTGGAAATATTGATATCTGTGCCTGTGCAGGATTTCATGTTTCAAGAACTTCTGAAATAGAAATTTTTAAACTTATAAACCATGAAAATATTAAGGGAAATTATACAAGATTTTATTTCTTAGCAGGTGAAAGAGCCAAAGCTGATTATAATAAAAAACATGATATAATTAAAAAATTGACTAATGTATTTTCTTGTAAAGATGATGAAATTTTAGAAATGTTAGATAAATCCTTAACAGAAAAAGCTAAGATAACAACAGAACTAAAATCTTTAAGTATGAAATATGCAGAACTTATGGTAAAAGATTTTGAAAATACTTTTATTGAATATAAAGAACATAAGATTTTAATATATAATGAAGATGAAAATCTAGCAAGTATATTAGCTAGATTTGTGAATTTAGACAAATTTTTATTATTAAGTGGTTATGATAAAAACTTTTCTTTAAATTCAAATATCTATGATTGCAAGGCAATAATTTTAAATATTACAAAATCTTTTCCTACTATAAAAGGTGGAGGAGGAAAAAATAAAGGAAATATTAAGTTGGACAAAACATATAGTAGAGATGAACTTATAGGATTAATTAAAAAAGGAATTGATAATAATAATGAACAATGAAAAAATTAATATTTTAAATTTAACTCAGGAAGAGCTAACAGAGTTTTTAGTATCCCTAGGATTAAAAAAATTCTATGGAAAAGAAGTCTTTATTTGGTTACACAAAAAGATTACTAGAAGTTTTGATGAAATGACTAATCTTTCTTTAAAAGATAGAGAAATCTTGAAAGAAAAGACTTACATACCATTTTTTAACTTATTAAAATATCAAGTTTCAAAAATAGATAAAACAGAAAAATTTTTATTTGAGTTAGAAGATGGAGGAACAATAGAAACTGTTCTTTTAAGACACAAAGACTCTAAAAATAAAGAAATTAGAAATACACTTTGTGTTTCATCACAGGTTGGTTGTCCTGTAAAATGTAGTTTCTGTGCAACAGGACAAAGTGGATATATGAGAAATCTATCAGTAAGTGAAATTTTAAATCAAATTTACACAGTTGAAAGAAGACTTAGAAAAAAAGGAGAAAACTTAAATAATTTGGTATTTATGGGAATGGGTGAGCCTCTTTTAAATATTGATAATTTAGCTAAATCACTTAGTATAATATCAAATGAAAATGGAATTAATATCTCAAAAAGAAAGATTACTATTTCAACTTCTGGTGTAGTTCCAGGTATAGAAAAGATTTTATTGGATAAAATCCCAATAGAACTTGCAATCTCTTTACACAGTGCTATAAATGAAAAAAGAGATAAAATTATACCCATAAATAAAAATTTTCCATTAGAAGATCTAGCAGCTGTTTTAGTTGAATATCAAAAACAGACAAAAAGAAGAATTACTTTTGAATATATTTTAATTGATAACTTTAATATTTCAGAAACAGATGCTAATGCTTTGGCTGATTTTATACATCAATTTGACCATGTTGTAAATTTAATACCATATAACGAAGTAGAGGGAGTAGAGCATACTAGACCTTCTGTAAAAAAAATAGATAAGTTCTATAACTATTTAAAAAATGTTAGAAAAGTTAATGTAACTCTAAGACAAGAAAAAGGTAGTGATATTGATGGAGCTTGTGGACAACTTAGACAAAGAAATAAAAAAGGGGATAACTAGATAATGAAAAAAATACTTATTCTTTTATTGAAACTTATAGGAGCATTATTTATTGTAGGAGCAATAGGAGTTTTTGCAATAATTATAAAGTACAGATTGGAATTACCAAATATACAAAGTATGGTTGAGGACTATAAACCTCAAATGGCAACAATAATCTATGACAAAAATAATAATGTTGTGGATACTCTTTCTGTGGAATCAAGAGAAATTGCTAAACTTGAAAATATTTCTCCCTACGTAAAAGAGGCTTTTTTAGCTATTGAAGATAAACAATTTTATTCTCATCACGGGTTAAATTTTAGAGGGATAACAAGAGCAATTGTTACAACTTTTTTAAAAGGAAGACCAACACAAGGTGGAAGTTCTATAACTCAACAATTAGCTAAAAATGCTTTTTTGACACCTGAAAGAACATTTTCAAGAAAAGTAAAAGAAGCAATTTTAACTTACCAAATAGAAAGAACTTATACAAAAGATGAAATCTTAGAAAGATACTTAAATGAAATATACTTTGGTTCAGGTTCTTATGGTATAAGAAATGCATCAGAACAATATTTTAAAAAAGATGTTAAAGACTTAAATATTGCTGAGGCTGCTTTACTTGCAGGTATTCCAAATAGACCTACAAAATATGACCCAAATAGAAATTTAGAAAATGCTTTATATAGACAAAAAATTATTTTAAAAGAAATGTATACTGATGGAAGAATTACAAAAGAGCAATATGATGAAGCTTTAGCATATAAATTTGAATTAGAAAATGAAGAGAACATAAAAAATGTTCCTAAAAATACTTCAATTATTTATAATAAAAGAACTAAAAATACATATAAAAATCCTGAACTTACAACAATAGTTGAAGATTATTTAGCAGAAATTTATGATGAAGAACAAATTTATACTTCTGGTTTAAAGATTTACACAACTGTTGACTTGGAATATCAAAAAGTAGCTAAGGAAACTTTTAACAGCTATCCATATTTTAAAAATAAAGAAATAAATGGAGCTATGATCACTTTAGATCCATTCACTGGTGGAATAGTATCAATAGTTGGTGGAAAGAATTTTAAAGCTGGTAACTTTGATAGAGCAACTATGGCAAGAAGACAATTAGGATCATCATTTAAACCATTTGTATATTTAGAAGCTTTGCAAAATGGATTTACACCTTATTCTGTTGTAGTAAATGATTTTGTTGCTTTTGGAAAATGGGCACCTAAAAACTTTGATGGTAGGTACAGTTATAATTCTACTCTTATAAATTCGTTAAATTTATCTCTAAATGTCCCAGCAGTAAAATTATTAGATGCTATAACTGTTGATACTTTTAAAGAAGCTATTGGAGATAATGTAAAATTATCATCAGAAGTCAAAGATTTAACTGCTGCACTTGGTTCAGTTGACAGTACACCAGTAAATGTTGCTGCTAACTTCTCTATTTTTGTAAATGGTGGTTATATAGTAAAACCTAATATCATAAGAGAAATTAGAGATAATCAAGATATACTTATCTATGTTGCAGAAATAGAGAAAACAAAAGCTTTTGATAGTGTTGATGTAAGTGTTATAACTGCTATGTTAAAAACAGTTGTAAGTAATGGTACTGCATCAAAAGCAAGAGTTGTTGATAAAACAGGTAAACCTATACAACAAGGTGGAAAAACAGGAACAACAAACGAACATAGAACAGCTTGGTTTGTTGGAATTACTCCTGAATATGTAACTGCGTGTTATATAGGTAGAGATGATAATAAACCTATGTATGGTAAAGCAACTGGAGGAAGTGCTGTTGCACCTATGTGGGCTAAGTATTATCAAACTCTTATAAATAAAGGATTATATACAGCAGGAAAATTTGAATTTTTAGAAAACTATTTAGAAACTGGGGACTTAGTAAAACAAAATATTGATATATATTCAGGCCTATTAGATGGTCCTAATAGTAAAGAATTTACTATTAGAAAAGGAAGACTTCAAGTTGAAAGTGCAGGTAAATATAAAAATGGTATTGCTTCTATCTTTGGTTTAGATGGAAATGTAACAAGTGCAGCAGGTATTGATATGTCTGATGGAATGATAATTGATACTGATAGTGAAGA
NZ_CP077140.1_gap16	980130	983796	3666	GTTATTTGCCAATCCTGTAACATTGACTGGTTCAATAGGAGTTGTTGTCTTATATCCAGAATTTACCGAAACTATCAATAAATTAAAAGTAAATATGGAAGGTTTTTCAAAGGGAAAAGGCTTTGATATATTTGATGTTTCTTCAAAGTTAAGTGAAGAATCAAAAGAAAAAATTATATATAGTATGAATGAAGTGTATAGTGAATTTAAAGAGCATGTTATGGAAGCAAGAAATATCAGTGGAGAAGATTTAGAAAAAATTGCTGGTGGTCGTGTATGGCTTGGAAGTCAGGCAAAAGAAAATAGTCTTGTTGATGAACTAGGTTCATTAAATGACTGTATAGATAGCTTAGCAAAAGATTTAAAGCTGAAAGATTTTAAATTAACTTATATTAGAGGAAAAAAATCTATAATGGAAATTGTATCTGCTATGAAACCTCAATTTATAAAGTCAGATATAATTGAAAAAATTGAAATGCTTAAAAGTTATTCTAATAAAATCTTATACTATGATGAAAGTTTAGAAAATTTTTAATATTTTTTGAGTAGATTCTATGAAAAATAAAATATATAATTTCTTTCTATTTTTTTGAAAGAATTTTTTAAATAAGATTATTGCGACGTCCTATAATGTTAAATAAGCATTTTGGAGCTTGAGAAACATTATAGGATATCAAGTAATCAGTGTATATAATTAGAAATTACTATTATCCTTTCAAAAAAATATTTAAATTTGTATAGTAATGAATTATTTTTTACTTAACATTTTTTTAATAGTTGGTTATATGCTATAATATATCAAATTAATTCTATTTTAAATATTGGAGTAAAAATAAAAATGAAAAAAATTTTTGATGATATTTATGTTGGTTCAAATATAATTTCAATTTTAAATGATTATACAAAAGATTTTGATAAAATCTTAATTTTTTCAAATGAAACAATAGCTGACTTATACTTTGAAAAATTTAAGTCAACTTTAAATGAAAAAGATAAGATTTTTTATTTTGCAATAAAAGATGGAGAAGAATACAAAAATATTGAAAGCATATTGCCAGTTTATGATTTTATGTTAGAGAATAATTTTTCAAGGAAATCTTTAGTTATTAGCCTTGGTGGTGGAGTTATTTGTGATATGGGAGGCTATATTTCAGCTACCTATATGAGAGGGATAGAATTTATACAAGTTCCCACTTCACTTCTTGCACAAGTTGATGCAAGTGTTGGGGGAAAAGTTGCTATAAATCACCCTAAATGTAAAAATATGATAGGAAGTTTTAAAAATCCATATAGAGTAATTATTGATGTAGAATTTTTAAAAACTCTACCTAAAAGAGAATTCAAATCTGGAATGGGAGAACTTTTAAAACATTCTTTTTTAACCAAAGATAAAAGCTATTTAGGATATATAGAAAATAATGTTGAAAAAATTAAAAATTTAGATAATAAAGTTTTAGAAAATATTGTAGAACAATCTATAAGAATTAAAAAGCATTATGTAGATATAGATCCTTTTGAAAAAGGAGAGAGAACTTTTTTAAATTTAGGACATACTTATGCACATGCTTTGGAAAGTTTTTTTGACTATAAAGCTTTTACTCATGGTGAAGCTGTTGCTAAGGGAGTAATTTTTGATTTAGAATTATCTCTTCTAAGAGGAAAAATAAATAATGAATATTTAGAAAGAGCCAAAAATATTTTTAAATTATTTAATATAGATACTGATTTAATCTATCTTCCAAGTGATAAATTTATTTCTTTAATGAGAAAAGATAAGAAAAATTCTTTTAGTAAGATTATTACAATCTTATTGGATAGTGAAGGACATTTATCTAAAACAGAAATTAAAGAAGATGAAATTATTAAAATTATAGATAAATATAGAAATAATTTTTTAAGAGCAAGTATTGATATAGGTACAAACTCTTGTAGATTATTTATAGCAGAAGTTCTAAAAGATAATAAAAATATTACTTTTAAAAAAGAAATCTATAAAGATTTAGAAATAGTTAAACTCGGAGAAGATGTAAATAAGAATAAATTTTTAAAGGAAGAAGCTATTGAAAGAACTTTAAAATGTCTAAAAAAGTATAGAGAAATTGTAGATAAATATTCAATGGAAGAAAAGAATATTATTTGCTTTGCAACTTCTGCAACAAGAGATGCAAACAATAGTGATTATTTTATTAAGAAAGTTTATGATGAAACTAAGATAAAAATAAATTGTATCAGTGGAGATGAAGAAGCTTATATAAATTTTAAAGGTGTTATAAGTTCTTTTGATAAAAATTTTAAAGAAAATATTTTAGTTTTTGATATAGGTGGAGGTTCAACAGAATTTACACTAGGTAATATAAATGGAATAAAAAAAGAAATTAGTTTAAATATAGGTTCTGTTAGAATAACTGAAAAATTTTTCTTAGATAATGGTATATATAATTATTGTGAAGAAAATAGAATTAAAGCAAAAGAATGGGTAAAAGAAAATTTAAAGGAGCTTAAAGATTTTAAAAATGAAAACTTTACTTTAATTGGTGTAGCTGGAACAACTACTACACAAGTGAGTGTTAGAGAGAAAATGGAAGTGTATGATAGTGAAAAAATACATCTTAGTAGCTTGACAAGTAAAGAAATTAATGATAACTTAAATTTGTTTATAAAAAATATAAACAAACAAGAAATAAAAGGTTTAGACCCTAAAAGAAAAGATATTATAATAGGAGGAAGTATTATATTAAAAGAAATTTTAGAATATTTTGAAAAAGATTTTGTAATAGTTTCTGAAAATGATAATCTTATGGGAGCTATATTAGAAGGAGTATAAAATAAATGATAGATGTAGTTGATAATATATCAGCATATTTTGATGATGATTTAATAAATTTAATTTACAAAGATTTAAAAATGAATGGCTTTTCTGATGAGGAAATTGAAAAATTGTTAAAAGATAAACATAGAGATTTGCCTATGATGGAAGTGAATATTTTTCAACTAAATAACTATAAGTTGGGAAGTATAGGTTTTACTTTAAGAGAATTAGAAAATTTAAAAATAGATTTTGTTGAAGAAAAATTGTTATCTAATGATTATAATGGGAATAATCCTACAAATAAAATAGTTTATTTAAAACTTTTACTTGATAAAGGGAGTAAAAAGATTTTAGGCTGTCAAATTGCAAATGAAAAAAATATTGAAGTAAGGCTTTATATAATTAAAACTATAATGGAAAAAGGTGGAGAATTAAAAGATTTAGTAAAATATAAGGTAAATCCTACTGATAATGAGTGGAATCCTGATATTTTAAATATTTTAGCACTTTCTGCAATATCAAAGAGTGAAGAAAACTCAACTGATGTAGAAGCTAGTGATATTGAAAAATTAGTGAAAAATAAAGAATTTTTATTAGATGTCAGAGAAGAATATGAATATCAAGATGGACATATAAAAGGAGCAGTTAATTTACCACTTAGAGAAATTTTAGGAAAAAAAGATAGTTTGCCAAAAGACAAAGATATATATGTATATTGTAGAAGTGGACATAGAAGTGCTGATGCAGTCAATTTTTTAAAAAGTCTTGGCTTTGAGAAGGTGCATAATATTGAAGGGGGCTTTATAGATATTTCTTTTAATGAATATCATAAAGATAAGGGAAATTTAGAGAATAGT
NZ_CP077140.1_gap17	985235	988752	3517	GTCCCATCTACATCTGGAAAAATGGATATAATTAGACCTCTTGCTTATGTAAGAGAAAAAGATATAATAAATTTTATGAAATACAATGAAATTCAAGCCATGAGTTGTGGTTGTCCAATAGAAGCAGGTAAGGTTGATTCAAAAAGAAATGAAGTTAAAATTTTATTACAAGAACTAGAAACTAAAAATCCTAATATAAAACAAAGCATATTTAATGCAATGAAAAATATTAACCTAGAGTATGTCTTAGGATATACAAGTGGGAATAAACAAAAAAAATAGGAGGAAAAATGAATTTCTATTTGAAATTATTGATAAAAATTTTAGAAAAATCTATGACTGCAAAAGATAGTGAAATTTTAAAAAAATTAAAATCAGGTTATGACTTATCAAGTGAAGAAAAAAAGGAACTTGAAGAGCTTATAGATAACTTGATTTAAAAGGGGGAAGTATGTCAATAAAATATTTGTATGACAGGAAAAAAATAGCTGTTACTTATGGTGAACAAAAATATTCTTATGCAGATGTTATTAAATATGTAAATTATTACTCAGAATTTTTAGATATTTCAAAAGGAGATAGAGTAGCATTAATGATGGAGAATAGACCAGAATCTATTTTCTCATTTTTTTCAATATGGGCTAAAAAAGGTATAGCAATAAGTTTGGATGCTGGATATACAGTGGATCAACTTGCTTTTGTACTTAATGATTCAAAACCAAAATATATTTTTGTATCAAATAAAGTTAGAGAAGTTGTTGAAAAAGCTAATGAAAAAATTGGAAATATAGTAAAAATAATAGTTGTTGATGAAATAACTTTACCTACTAACTATGTAGCCAAACAAGAAGAGTTTGAAAATGATTCAGATGAAGATGTAGCTATAATAGTTTATACTTCTGGTACAACAGGAAATCCAAAAGGTGTAATGATAACTTATAATAATATCAAAGCTAATATGGATGGAGTGAAAGCTGTTGACTTAGTTACTGATACTGATACTATACTGGGAATGTTACCATATCATCATATTATGCCATTATGTTTTACATTGATATTGCCTATGTATTTAGGAGTACCTGTAATACTTTTAACAGAAATTTCATCTGCTAGTCTTTTAAAAACATTACAAGAAAATAGAATTACAGTTATTCTTGGAGTTCCAAGAGTTTGGGAAATGTTAGACAAAGCTATTATGGTAAAAATTAATGAAAGTCCATTGGCTAAATTTATATTTAAAATGGCAGAGAAAATAAGTTCTATGACAATAAGAAAGATGTTATTTTCAAAAGTTCACAAACAGTTTGGTGAACATATTAGGCTTATGGTTTCAGGTGGAGCAAAAATAGATAAAAGTATACTGGAAGATTTTCGTACTATGGGATTTTGTGCAATACAAGGTTATGGTATGACAGAAACAGCTCCAATAATTGCTTTTAATGTTCCTGGTAGAGAAAGATCTGATTCTGTTGGTGAAGTAATTCCTAATGTAGAAGTAAAAATTGCAGATGATGGAGAAATTCTTGTCAAAGGTAAAAATGTAATGAAAGGCTACTATAACAATGAACAAGCTACAAAAGAAGCTTTTGATAAAGATGGTTGGTTTCATACTGGTGATTTAGGAAGAATGGAAGGAAAATATTTAATAATAATTGGTAGAAAAAAAGAAATGATAGTTTTACCAAATGGAAAAAATATAGATCCTAATGATGTTGAAGCAGAAATTATTAAAAATACTGATTTAATAAAAGAAATTGCTGTGACTGAGTATAAAGAACAATTAATTGCTATTATTTATCCTGACTTTGAGCAAATTAAAGCTAAACATATAGTAAATATAAAAGATGCAATTAAATGGGAAGTTATAGATAAATACAATGTAACTGCCCCAAACTATAAAAAGATACATGATATAAAGATTGTTAAAGATGAATTACCTAAGACAAGATTAGGTAAAATTAGAAGATTTATGTTAAAAGATTTATTAGAAGATAAAACCGAAAATACTGATAAGAAAGTAGAAAAGAAAGTTGTTGAAGTTCCTCCTGAAATGAAAGAAAAATTTGATATTATTAATAAATATGTAGATGAAAGATATCATAAAGCTATTGATTTGGATTCCCATATTGAATTAGATTTAGGTTTTGATTCCCTTGATATAGTGGAATTTATGAATTTTTTAAATGAAACTTTTGGGATAAATTTAATAGAACAAGATTTTGTTGAAAATAAAACAATATCTGCTATAATAAAATTAGTTAATGAGAAAGCAGGAAAGTTTGTTGAAAAAGTAGATAAAAATGAGAATTTAAAAAAAATTATTGAAAGTGATTCTGATGTAAAATTACCAAAAGATGCAAGATATGCAAAATTTTTAAGAGTTATATTAGGTCCATTTTTTAAATTTTATTTTAAATATAAATGTATAGATAAAGAAAATATAAAAGATGGAGCAGGAATTATTGTCGGAAATCATCAAAGTTATTTAGATGGTTTTATGGTAAATAATGTTTTTACTGCTAAAGAAATGAATGATAATTATTATATAGCAACAGCATTACATTTTAAAAGTAAAACAATGAAATATTTAGCTGATCATGGAAATATAATTTTGGTTGATGCAAATAAAAATTTAAAAAATACTTTACAAGCTGCTTCAAAAGTTTTAAAAAATGGTAAAAAATTAATTATTTTCCCAGAAGGAGCTAGAACAAGAGATGGAGAATTACATGAATTTAAAAAGACTTTTGCTATACTTGCAAAAGACTTAAATGTTCCTATATATCCATTTGTGTTAAAAGGAGCTTATGAAGCATTTCCATATAATAAAAAATTTCCAAAGAGAAATAATGTCTCAGTTCAGTTTTTAGAAAGAATTGAACCGAAGGATAAAACGGTTGAAGAATTAGTTGAAGAAACTAAAAATAATATTGCAAAAAATTATTATTAAAATATATAAAATGGAGGTAAAAATATGTATTACAATATGAATGATATTGATGTTAGAAGTTCTAACAATTTTTTAAGAAAAGTATTTTTGTATATGATTTTAGGAGTTGCCATTTCTTTTGGAACAGGAGCGTATTTATTATATTTTAATCAAAATTTGCTATACTCATTACTAAACTATTATCAATTTTTACTAATAGCTGAGTTAGCTATGGTGTTCTCTATAAGTTTTTTTATAAATAAAATATCTTCTAGTTTAGCAAGAATTTTATTTCTTGCTTATTCCTTAGTAAATGGTATGACTCTTACTGTAGTTGGACTTATTTATGCACCACAAGTAATTTTTTACGCATTTATGATAACTCTTACAATTTTTGTTGTAACTGCTATTTACGGTTATACTACACAAGAAGATTTAAGTTCTTATAGAAGATTTTTTATGATAGCTTTAATTTCATTAATAATCTTATCAATTATCAATATTTTTCTAAAAGCTAATATGCTTGAATGGATAATTACAATAGCAGGTACTGTTATATTTACAGGACTTATTGCTTATGATGTAAAT
NZ_CP077140.1_gap18	1106606	1108443	1837	GGTGCAAGAGAAGCATATTTAATTGAAGAACCTATGGCAGCAGCAATAGGTGTTGGAATAAACATTTTTGAACCAGAAGGAAATATGGTAGTTGATATTGGTGGAGGAACATCAGAATTAGCTGTTGTATCTTTAGGTGGAGTTGTTAAAAAGTCTTCTTTTAGAGTAGCTGGAGATAGATTTGATACTGCCATTGTTGATTATGTAAGACAAAAGCATAATTTATTGATTGGAGAAAAATCAGCTGAGGATATAAAAATTAAAATAGGTACTGTTAGTCCAGAAGAAGAAGAAATGGAAATAGAAGTTAGTGGTAAATATGTTTTAAATGGTTTACCAAAGGATATTACTTTGACATCATCTGAATTAGTTGATACTTTATCTACATTAGTTCAAGAAATTATTGAAGAAATAAGAGTAGTTTTTGAAAAAACTCCTCCTGAATTAGCAGCTGATATTAAGAAAAGAGGAATATATATAAGTGGTGGTGGAGCACTACTTAGAGGAATAGATAAAAAAATATCAGCAGGTTTAAATTTAAAGGTTACTATATCAGAAGATCCTTTAAATGCTGTTATTAATGGTATAGGTGTATTATTAAATAACTTCTCATTATATAGTAAAGTTTTGGTATCAACAGAAACAGAATATTAATATTTTTAAGGAATATAAAAAATGAGTATAAAAAGTCAGGTTGAAGCTATTATTTTTTTAGGTGGAGATGAAAATAAAATAAAAGATTTAGCAAAATTTTTTAAGATTTCTATTGAAGATATGTTAAAAATTCTTTTAGAATTAAAAGATGATAGAAAAGATACTGGAATTAATATTGAAGTTGATTCAGAAATAGTATACTTATCAACCAATCCTCTATATGGGGAAGTTATAAATAATTATTTTGAACAGGAAACTAAACCTAAAAAATTATCATCAGCTTCAATAGAGACTTTATCTATAATAGCTTATAAACAACCTGTTACAAAATCAGAAATTGAAAGTATCAGAGGAGTTTCTGTTGATAGAATTATTTCAAACTTAGAAGAAAGAAAATTTATTAGAAATTGTGGTAGGCAAGAAACAGGTAGAAGAGCTAACTTATATGAAGTAACTGATAAATTTTTATCATATTTAGGTATCAAAAATATAACAGAATTGCCTGATTATGATTTACTAAAAGAAAAAATAAAAAGTATGGAGAATGTAGCTACTAATGAGGATTAATAAATTTTTATCTACTCTTGGCATTGCTTCAAGAAGAACTATTGACAAATATATTGAAGAAGGTAGAATTACTGTAAATAATAATATAGCAACAACTGGAATGGACATAAGTGAAAATGATGATATTTTCATAGATGGTAAAAAAGTTGAAACTAATATAGATGAAGAAAAAGTTTATTTTATGTTGAATAAACCTTTAGAGGTATTATCTGCTTCAAGTGATGACAGAGGTAGAAAAACAGTAGTTGATCTGATTAAAACTGATAAAAGAATTTTTCCTATTGGCAGGCTTGACTATATGACAAGTGGTTTGATTTTACTTACAAATGATGGAGAGTTATTTAATAGAATAGTTCACCCAAAATCAGAAGTCTATAAAAAGTATTATGTAAAAATTTTTGGAGAAATTAAAAAAAAAGAAATTGATGAACTAAAAAAAGGTGTTTTACTAGATGATGGTAAAACATTACCAGCTAAAATATCTGGAATAAAATATGATAAAAATAAAACTTCTATGTATATTTCAATAAGAGAAGGTAGAAATAGACAGATTAGAAGAATGATAGAAAAATTTGGATATAAAGTTTTGATGTTAAGAAGAGAAAAAATTGGTGAA
NZ_CP077140.1_gap19	1245154	1249129	3975	TATTGTAACTTGGAAAGATGCTTATTTTACTTGTAAATTATTATCTTTAAACTTCCCTGATTTTAAACCTCTTATCAATAATACAAATCATGATAAAAGATTTGAATTTAATAGAGATGAGTTAAATTTAGCACTTAAAAAAGTTATATCTGTAACTAAAAATAGTAGCGATTCTAAAAATGTTGCTACATTTAACTTCAAAGGCAATCAACTTGTGATAAGTGGGGTTTCTGCTAATGCTAAAATTAATCAAAAAGTTAATATGATTAAAACTGGTGAAGATTTAAAATTAGGAATGAATTGTAAATATATCAAAGAATTTATAGATAATGTTGATAAAAATATTATTATAGAAGCTACTAATTCAAGTTCTATGTTAAAGATTATGGAAGAAGGAAATGAAGATTATATTTATTTAGTTATGCCTGTAAATATCAGGGTATAGTTTTAAGAATTAAATCTAAAAGGTTGTTATAAATGATAAATTTACAACAACCTTTATATTTTACTTTATATACTAAATTCCTTTGCTTTTTCCATAGCAGTAAACATTGAATAATAAGTTCTTTTATCATTCATAAGTTTTTCATGATTACCACTTTCAATAATTTTTCCATCATCCATAACTATTATTTTATTTGCATCTTTTATAGTATTCAATCTATGAGCAATAATTATAACAGTCTTATCTTTTATCAATTCATTTATAGCCATTTTTATTTCATGTTCACTGTCAGCATCAAGAGAGGCTGTAGCTTCATCTAATAATATAATTGGAGAATTTTTTAACAATGCTCTTGCTATTGAAATTCTTTGTTTTTCTCCCCCTGATAGTGTACTTCCTTCTTCACCTATGTAAGTGTCATAGCCATTAGGCAATTTAGAAATAAAATCATGACAGTTTGCTATTTTTGCAGCATTCATAATTTCTTCTTTACTAGCATTTAAGTTACCTATTCTAATATTCTCATAAATAGTATCATTAATTAAATAAACATCCTGAAATACCATACTTATATTTTTTAAAAGTGAATCAGGATTAACTTCTTTTATATCCTTTCCTCCAATTTTTATACTTCCCTTTGTTGTATCCCAAAATCTTGCTATCAAACTCATAACAGTTGATTTTCCAGAACCAGATTTTCCAACTAAGGCAGTTATTTCATTATTTTTTGCTGTGAAATTGATATCTTTTAAAACTTTTCTATCTTCTGTATAAGAGAAGTCAACATCTTCAAAATTTATATCATAGCTTGAAAAATTAAAATCTTCATCTTTATAAGAAATAATTGGATAATTTAAAGTATCTGAAATTTTAGCAACTGAAAGAAATAAATACCTTGTTATTGAATAACTAGCTGAAAAATTTCTTATAACATTAGTAAGTGTTAAACTTAAAACTATAAAACCTACTAACATTTTAGCTTCCAATTCTCCATTCATAAAAAATCTAACTGCTAATAATAGAAGAATAGGGAATAACAAGTCTATAATTATTTGAAATAACAAAACATAAGGAACAGCAGCAAGTTCCAATTTTATAGAATATTTTTTCAAATCTCTAAATCCTTTTTCTAATCTTTCAAATTTATCTCCTATAACTCCAAAACTTTTAAAAACTTCAATACCACTTATATATTCTATAATAGTTGAAATTAATTTAGCAGATACTGTTTTCTTTTCTACTCCAATTTTTTCTAATTTTTCTCCACCAACTTTAAGAATAGGTATAGTTAATAATACAACAATAATTTGAATTATAGCAAGTTTAAAATTTATAAAGAAAGTTATAAGTAACAAATAAACACTTAAAACTAAAACTTTTAATAAATCAGGTATATTGTGAGTTATAGCTTGTTCAAAATCTGTTATATCCATAGTTAATATATTAATTAAATATCCTAAATTATGGCTATTAAAGTAACCTAAATTTAATTTTTTAACATGGTCACCCATTGCTATTCTTAAATCCTTTGAGGCTGCACTTCCAGTTTTTTGCATTTTAACCATACCCCAACCACCAAAATGGCTTTTAAAAATAAGAGCTATAAGCAAAAGTCCAGAATACCAATAGATTTTATTCATAGTAAAAGATTTTTCTATCAGTGAATATATTGTTAAAAATAAAATAGTATAAATTATCATATTAAATAAAATATCTAATAATTGATAATAAGTAGCTTTTTTTACAGGAGTGTAATCTTTATCTAATAACATTTTTAAATTATTTAACATTATTTATTTCACCTCCCAAAGATGTTTATACAAGCCATTTTCTTTTGTAATTAAATCTTGGTGTTTTCCACTTTCTACAATTTCTCCTTCATTTAATACAACTATATTATCAACATCTTTTATAGTATACAATCTATGAGCTATTATAATAGCAGTTTTATCTTTTAATAAATTTCTAATAGCACTTTGAATTTTAACTTCATTTTCTATATCAGAATAAGCTGTTATTTCATCTAAAACAACTATTGGGCTATTTTTAAGTAGACATCTTGCTATTGAAATTCTTTGTTTTTCTCCACCACTTAATTTTATATATCCATCACCAATAATAGTATTATAGCCATTTGGCAAACTCATAATAAATTCATGAATTTCAGCATCTTTTGCAGCCTGATATACCTCTTCTTTTGTTTTATCAAGTCCCATTTTTATATTTTCAAAAATTGTATCTGTAAGCATAAAAATATCTTGAAATACATAAGAAATATTAGATAATAAATAATTTACATCTATATCTTTTATATCAGTATCCCCAATTTTAATACTTCCCTTTTGAATATCCCAAAATCTACCTAATAGATAAGCAATAGTTGTCTTTCCAGACCCTGATGGTCCTACAAGTGCAGTTATTGTATTGGGTTTTAGAATTAGGTTAATATTTTTTAAAACATCATTTTTATCATAAGAAAAAGTTACACTATTAAATGAAATATCTTCTTTAAAATCAATATCTTTTAAATTTTTTCCACCACTCTGGATTGGAAATTCAATTATACTTCTAACATTATTTGCTCCTGCTAAAACAAAAGAAAAAGTTCCAGCAAATTGCATTAATGTTTTTAAAGATGTTAAAAATGTATAACTTAAAAGTAAAAATATTAGAAATGTTGAAATATTAATTTTATTTGTTAAATATAAATATCCTCCACTTGGAATAACAAAAATTAATGCAGAATCCACAACTGCTAAAAATATTCCATAGGGAGTTTTAAAATCATCTGTCATACTATGCCAGTTTTCTGTATATTCATTATTTACATCAATATACTTTTTAAAAGAATGTGCTGTTAAATTAAATGCTTTAAACACATTCATTCCTTTTATATACTGTGTTATTGTTGAAGTTAATCTTTGAAGTAATGAATTATACTTATCTAAACGCTTACCATAGCCTTTAAACATAGCAATTTGAGTTAAAATAGCAAGTATTATAGGAATAATTAAAAATATTGCTATTCTCCACTCTAAGAAAAATAAAAATACTAATATAACTATTGGAGTTGTTATAGCTGCTGCTAAATCTGGAATTTGGTGTGCTAAGAAATTTTCTAGTTTTTCAACATCTTCATTTATAGCCTTTTTTATCTCACCAATATTTTTTTCTCTAAAATAACCTAAATTAATATTTCCTAAATGCTTCACTGCCTGCATTCTAATATTATAAAGTATATTAAAAGCTGCCACATGTGAAAATACTCCTGATAATATAAATAATACTAATCTTAGAACTATTAAAATTGCAGTATAGATAGCTAGTTTTTTAATTCTATTATAGTCTAAATCTGTTTTTAATAGCTCTAAAATAATATTATATATAAGTATATAAGGTACAACCATAAGTATTGAACTACATACACTTAAAAAAGCTGAAAGATATAATTTATATTTTTCATTTTTTGCATAAGAAAGAAGAAAAGTAAAATTACTCTTTTGTTTCATAAATCTAACCTCCCTTGTTCT
NZ_CP077140.1_gap20	1257724	1260112	2388	TTTTGGAATAAATATTCCCTCTTTTTCTACTGAATCTTCTCTATCAACAAAGGCAAATCTATTTTTTATAATTCTAAAAATTCCTTTCACATAACCTAGATTTTCTGGCAATGAAAATCTATTTTTTTTACTCAAAATTAAATCTCCTGAATCAACCCAAGACATAAGTATAGCTTTATAATCTTTTTTATCTTGTTCTGTCCAATCAAGAAAACTTGAAATTTGCTCAAAAGTTAAGTATTTGACTTCCTTTAAAAGTTCTTTTACTCTTTCTAAATCTTTTTCTAAATTCATAATTCCTCCCTCTATTGCAAATATAATTATTTATTTAATTCTTTTAAAATTTCTTTTTTTAATTCATCAGTGTTAGGATGTGATTTTTTTCCTATACTTTCTAAATATTCTTCCTTATGCTCTATCTCCATAAGAATACCCTTATCTAAATTTTTAAATGTTTCTTCTCTTATTTCCACAACACTTGGATAATTTCTTCCATATTCTATGGCATCTGCAATGTATACAATTTTTTTAAGCAATGTCATATCTTTTGCTCCAACAGTGTGATATTTTATTGCATTTAAAATTTCTTTATCATTAATTCCTAACTCATTTTTAACATAATAAGCTCCTGCAAAGCCATGTAATATTTCATTATTTTCTAAATCTTCTTCTGATAACTCATTTATAAAATTATTTTTACAAATATTTTTTATATATTCCATATTCATTTCTTTACATATATCATGAAGCAAAGCAGCCACTTTACATTTTTCAATGTTAGCATTATATATTTTTGCTAGCTTCTCTGACATTTCTACAACACCAAGTGTATGTGTAAATCTCTTTAAACTCATCTTTGACTTTACTATTTCTTTTAACTCATTAAAATTATATTTCATCTATATCTCCTCTAATTATATATTATACCATAGAAAAAATAAAAATCTGTCAACTTTTATTTTGACAGATTTTAAAATAATTTATTATTTATTTTCTTCTTCCTTCTCCTCATTAGAAGTTTCTTCTTCAACTTTTGGGATAGGTCTTCCAAACATCCATTCAACATGTCTTCTCATTCCAGTTAAATCAAATTTTTTCCCTTTAATTTCTATTATATTATCTTCTGGAAAAGCAATATATCCTTCTTCAATTGGTACAGAGTTATCAAGAGATATTTGAAGTTTTACTGGTTTTACACTTTCATCATTTGCAAACTCAAAAGGTTTAAATTCAGTTTTAACCATTCTTATTAATTTTTCATCTGCAAGTATTGCTTCTTTTTCAGCATCACTAATTTCTCTTTGAGGAGGATAGTCTGCATTAAATAATCTTTTAGTTTTTATAAATTTTAATTTATTATCAGCACCTATTTCAAATATATCCACTGTATATTTTCCTCTTTCAGTAATCAAAATCCCACCTAAGTTTACAACTTTTCTTCCATAACCGAATTGATCTGGTAAAACTCCAAAATCTCCTTTTGAAATTAAATCATCATTTGGTGCATTTACTCTCACTTGATACATTGTAGGACCTTCCATTTCAGAAAACGAAAGTATAATTGAAAGATTTTCCAATGGAAATGGAAAAATAGGTTGAACTAAGTTATCAAAAATTCCTAAAGCATCTACTCCATTAGGTACATTTTGACTTACATCTGCTCTTAAAGCTGTTTCTACACTTCTAATTTTCATTTTATTTTCTCCCTCTTAAATTTTTAATATTCTTTTATAATATAACATAAATTAAAATAAAAATAAATATTGTTTTATTTAATTTTCTGCAATATAATATAAAAAATATTTGGGAGGTTTTAAAATTGAAAAATAAAGTATTTATAATTGTTTTTTCTTTACTTCTTTCTATATCTGTTTTTTCAACTCCAATGAAAGTTAGAAAAAAAGATTTAAAAGTTATTGAAAAAATATATTATCTTAAAGATTCTGAAGTACCTTTTACTGGTAAAGTTAGTGAGGGGAGAGATAGGCTTTACTACTTAAATGGTAGACAAGATGGAAAATGGATATCTTTCTATAAAAATGGGAATATAAAATCTATTGTAAATTGGAAAGATGGTAAATTAAATGGAAAATATGTTATCTATGAAAACAATGGAAGAAAATCCACTGAAACTATTTACAAAGATGGTAAAGAAAATGGTTACTACTTTTTATATAACCCTAATGGAACTTATCGTACAAAAGGTGCATATTCAATGGGAAAACCTATTGGAGAATGGGAATATTATGATAAAAATGGTAAATTAACAAATAAAGTTATAGCTCAGTAAAAAAATAGTTGTAATTTTCATAATTTTGTACTAAAATGTCTAGGAAAATTTTTATTTTTTTAAGGAGGACATATAAAGTATGAAACTAACATTACAAC
NZ_CP077140.1_gap21	1261617	1263147	1530	AATATTTACTCCATTTACTGTTATTTTTCCTTCATCAGTATTAAAAAATCTTGCCAATAAATTTACAAGTGTAGTTTTTCCACTTCCACTCTTTCCAACAAAAGCTACAATTTCTCCTGCTTTAACATCTAAATTTATATTTTTTAACACATATTCATTTGAATCATCATATTTATAGTTTACATTTTGAAATTTTATGTCTTGAATTTTTTCATTAAATTCAACTGCTTCAGCAAAAACATCAGTTTCAATTTTTTCATCAAAAATTTCAACAACTCTATCTGCTGATGGTAAAGAATCTTGTAAATCATTATTTTTATTTATCAATCTTTTTAATGGTTGATGCATTAAACCTAAGGCAGTTACAAAGGAAATTAAATCTCCTGATGTAATATTTTTAGCAACTAATATTTGATAACCTCCATATAAAACAACTAAAAGTACCATAAATGTTGTTATAACTTCATTTATAGGAGAAACCTTTGCTTTAATTTTTGTAGTCTTATATGCTTGTTCAAACTCTTCCTTAGTTAAATCTTTATATTTATCAATTACAAAACTTGTATTATTAAAAGCCTTAATAACAAAAATTCCTGAAAGAGTTTCCTGTGTGAAAGCAGTTACTTTTCCAGTTGTATCTTGTCTTTCTCTACCATATTTTCTAATTTTTTTAGTAAATTTTTTAACAACTCTTATAATAAGAGGTAAAAGCACAAGAGATACTAAGGCCAAGATATAGTCAACTTGAAACATTCTAATAGTTAAAATTAAAACTAATAAAAATTCTTTAAACATTTCAAAAACTATAAAACCTATTCTTCCTAACGAACTTGTATCGTTAGTTAATTTTGAAAGAGTATCTCCCAATTTATTTTTTTTAAAATAACTTATTGGCAATTTCTCTAAATGAGAAAATATATCTATTTTTATCTCTCTTTTTATTGTTTCAGTTACAAAATTTGAAGCTACCTCAGAATAATAAGCTGAAATAACTTTAATAACAGTAGCTGCAAAAATTCCACCTATTATCCACATAAACATATCTTTATTTTGTTCTATCAATACATCATCAACAAATTTTTTGCTTAACCAAGCAGGTACTGCACTCATAGATGATGCTAAAATTGACAAAATAATAACTATTATCATATATTTTTTATATCTATAACTGTAACCTAAGAAAATATTTAGAGATTTATTTTTAAAATTTAATATTTTCATTTCCCTTCCTTAACAAGAAAATCTGCATAACTTTGTACAACAGCTTTTCCTTCAACTTTTTTTCTCATATTTTCAATTTTTTCTTCAATTTCTGGTAAATTTTCCAAAATCTTTTTCATATATTTTTCAATATTTTTAGCTTCACAATCCTTTTGAATAAGTTCTGGAAAAATTTCATCATTTAAAACTAAATTTGGTAAAGATATATAACCTATTTTTAAAATATATTTTCCTATCAAATAATTTATGAAAGTTGTTTTATATACAACTATACTAGGCAAACCTAAAAGTGCTAATTCAAGTGTAATT
NZ_CP077140.1_gap22	1277145	1278695	1550	AGCAAAACTCGTTGATAAATCAACTCAAACAATTGCTTTTCTTAACGCTCACTAACATAGCATTTAACGACAAAATTCGTCAATTCGCAGTTCGTTTATTTTACTCACTACCATATTATTTTTTACTTTTTTTATTCTTTAACCTTAACTTCAAAACCTTTTAGATATGCTCTGTAATTATTATTATACATAGACTCAACTTTTGTTCCAGGTAATCTATATGTTCCAGGAGTTACAGCAATTAAATAAATTTCAATTACTTTGTCTTCTCCTGAATATAGTGGATAGAAGTAAGCAACTCTATCATCTTTAATATCTACATAATTAACATTATTAGATGATGAACTATCTCCATATTCTTCATTATCAGCTTCTTCTGCATCAGATACAGGAACTGGTATCATATCTCCACCTGCACTTTGAATATTAGCTTGTGTATTATCAAATTCCCAACCACTTGGTAAAATTTGTAATAATGAGATATCTGGTGAATCTGCATTAGCTAATTTAGAAGTTAATATCATCTTAAATCTAGTTCCAGCTTTTAAGCTCTTAACATCTATTTCTTTTCCAGCCATATCAACAAATTTTCTTGTTATAGTAATATTTTTACTTTCATCTTTTTCATCATATTTTACAGGTTTTCCTTTATAGAAAGAATTTACATATAATTTACTAGATGAAGTATTTTTTATAACTATTTTCTTAGTATTTTCTTTTATACCTAAATTTCTAAATGTATATTCTCCATCTTTAAGCTCTAAGTTTTGTTCTTTTCCATCAACTATAAGTTTGAAAGATAGATTTTTCTTTTCAGGACTTACTTTTCCATCTCCTGCCAATGCTTGAACTATATTAGCTTTTTCATAAGTAGTCAACCAAGCATCACTTTTAGCCATAGCAAGAACAGAATTATAAAGCTCTGCATCTGCTGTACCATAAATAACTGTATAATATTTTAAGATTTCAGCATTATCATCTGCATAATAACTTCCATCTTTTCTTTCTGCTTTTCTAGGAAGTTTGTCAGCTTCTTTTCTAGCAAAATCCTTTTCACCTATCTTACTATATGCAGCAAGTAGTCTCCATTTTTCAACAACAGATATATTTTTATAATATCTATCAAAAACTATATTCATTTCAGAAACATTAGGGTCACCTATTGCTGCCAATAGATATAGAACTTCTATTTTAGGTACATCTGTTCTCATAGCTATTGAATTTAGATAATCCTTAGCTTTTTCAAACATAGTTTCTGGAACATAGTAACCTTTTTCTTTTGCTTCTATTAAGAATCTAATTGCATATACAGTTGATATTCCTTCTTCTTGTGAACCTGGCCAATATGCAAATGCTCCATTTCTTAATTGATAATTATTATTTAGTTTTCCAATTATAGTATTAATTTCATTCTTAGCATCATTTTTTTCTATTGGGTCAGTTGTTAAATTATCAATATATAACATTGCCATACCTTTTGATGATATTTGTTCTAAGCAAATATAAGGATAATCTAACAATGATTTTATTAATTTTTCAATTCCTAATTT
NZ_CP077140.1_gap23	1363442	1367458	4016	AAAATGGCAATTTTCTATGGAGGGCACATTTTAGAAACTTTAAATACAAAAGATTTTCTAAAAGGAGAAAAATATATTAGACACCCATTAACAAAAGCCTTTTGGAGAGCCTTACCTCAAAATGATTTTGAAGAAACAGATATGGAAGATATTAGACTACAATGTAAAAAGTTGAATTTAGAATTACCAAGTTTAGAATAAAAATATAGTTAATAGAATGAGGTGTAAAAATGTTAGAAATAAAAAATATTTCATTTAATTATTTAAAAGGAATGCCTATTCTTAAAGATATTAGTTTAAATATAAAAGCTGGTGAAATAGTAGGAATTTTTGGTTCTTCAGGTTGTGGAAAAAGTACACTAGCAAAAATAATGGCAGGAATACTTAAACCAAGTAAAGGAACTATACTAGTAGATGGTAAGGAATTGGAAGAAGAGGGGTATTGCTCTGTTCAGCTTATTTATCAACATCCAGAAAAAGCAACTAATCCTAAATGGAAAATGGATAAAATTTTAAATGAGGGGTGGATAGTAGATAATGAGACAATGCAGAAAATGGGAATTCAAAGTTATTGGCTGACAAGGTGGCCTCAAGAATTAAGTGGAGGAGAACTTCAAAGGTTTTGTATCACTAGAGCACTAGGGCCTAAAACTAAATATTTAATTGCGGATGAAATTACTACAATGTTAGATGCATTAACTCAAGTTAAAATATGGAAAAATCTTATCACTACAGCAAAGGAGAAAAACATAGGGATGATTGTGGTCACACATAATAAGTTTTTAGCAGATAGGATTTGTGATAGGATTATTAGTTTAGAAAATTTAAATTCAATGGATTGTTAATAAGTTTTATTTATTGAAATTGGAGGAATATTTTATGAAAAAATTTATTATCACCTATTATAATACCGATAGGAATTGTAATATCTTTTGTTGGTATTCCTATTTTTATATATCTGATAATTAATTCAAAAAGAGGATAGGTATGAAATTAGAAATAAAAAATTTAAGTTTTTCTTATAAAAATAAAGAAATTTTAAACAATATATCATTTGAAGTTTATTCTGGAACTCTTTTAAGCATATTGGGAGCAAATGGAGCTGGAAAAACTACCTTAATTAAGTGTATAAATGGAATATTAAAATTAAAAAAAGGTGAAGTTTTAATAGATGAGAAAAATTTTAACAATAAATCATTGAAAGAAAAATCAAAAATAATGTCTTATGTTCCACAAATAACTAGCTCTTTTGATATTGATTAAAAATACGGTCGCACACTCGTGACTCCTGCACTCGTAGGGTGTCAGTCATGGGAGGTTCAGTCTATAAAGGATTTAAAAGATATAGCTTATGTTCCCCAAGCACATTCATTCTCTTTTTCATATACTGTAAGAGAGCTTTCTATTATGGGAAGAGCTAAATATTTAAATATTTTTTCTACTCCTTCAAAATCAGATTATGATATAGTAGAAAAAGTTTTAGATGAAATGGGAATATTACATTTAAAAGATAGAAAATGCTCAGAGTTAAGTGGAGGACAACTTCAACTGGTTTTCTTAGCTAGAGCTCTAGTAGGAGAACCTAAAATTTTAATTCTTGATGAGCCTGAATCACATTTAGATTTTAAAAATCAAACGAAAATTTTAAGGACAATTGTTCAATTAGCAAAAAAGAAAAATATTACTTGTATTTTTAATACCCACTATCCTGAATATGCTTTAAGAATTTCAGATAAATCTATGTTAATAGGAAAAGATGACTATATTATTGGTAAAACTAGTGAAATTATTAATGAGGAAAACTTAAAAAAATATTTTGGAATAAACACAAAAATTGTTGAAATAAAAGATGAAAAACAAAAAATAAAATCTGTGGTGATAACAGATAATTTAGAAAAAGAATAAATTTTAATTTTTATAATTAAAAAATGGTTAAAAAAAGGTCAATTTAATCTTATAAATTGACTTTTTTTGTTATTTGTGTTATGTTGAGTTGTAGTAACAATAATAATAACATAAAAAGGAAGGCGAAAGTTTATGAAAAAGAAATTTTTTTGGCTTGTATTATTTTTAATGACATTGTTTTTAGTTGCTTGTGGTGGAGGAGAAAAGAAAGAAGAAGCTACTGATTCTAATGCTAACACTGAAATAACAGGAAAAATTGTTATCTATACTTCTATGTATGAAGATATAATAGATAATGTCAGTGAAAAATTAAAAAAAGAATTTCCAAATTTGGAAGTTGAATTTTTCCAAGGTGGAACAGGAACTTTACAATCTAAAATTATAGCTGAATTACAAGCTAATAAATTAGGTTGTGATATGTTAATGGTCGCAGAACCATCTTATTCATTAGAATTGAAAGAAAAAGGAATATTACACCCATATATTTCTAAAAATGCTGAAAACCTAGCATTAGATTATGATAAAGAAGGATATTGGTATCCAGTTCGTCTATTAAATATGGTTTTAGCATACAATCCTGATAAATACAAAAAAGAAGACTTAGCTCTTACTTTTGAAGATTTTGCAAAAAGAGAAGATTTAAAAGGAAAGATTTCAATTCCTGACCCATTAAAATCTGGAACTGCTTTGGCAGCTGTTTCTGCATTGAGTGATAAATATGGAGAAGAATATTTCCAAAATTTAGCTAAATTAAAAGTGGTTGTTGAATCTGGTTCAGTGGCTGTTACTAAATTAGAAACAGGAGAAGCTGCTGAAATTATGATACTTGAAGAATCTATTTTAAAGAAAAGAGAAGAAGAAAACTCTACACTAGAAGTTATATATCCAGAAGACGGAATAATTTCTATACCAAGTACAATAATGACTGTTAAAGAAGATATGTCAGCAAATAAAAATATAAAAGCAGCAGAAGCTCTAACAGATTGGTTCTTATCACCAGCTGGACAAGAAGCAATAGTTGAAGGTTGGATGCATTCTGTTTTAAAGAATCCAGAAAAAGCACCTTATGATGCAAAAGCTACTGCTGAAATATTAAAATCTTCTATGCCTATAAATTGGGAAAAAACTTATAAAGATAGAGAAGAATTAAGAAAAATGTTTGAAAAATTTATAACTAAGGCAAATTAGAAAAGAGGAAAATATGGTTGGACAAAAAAAATGGAGAATAGATATAAAATGGATAGTTATATTAGCAATAGTAGCTTTCTTGCTTATATTTGAAGTGTTTCCATTATTCTACTTATTAATTAAATCCCTGTTTTCAGGAGGAAGTTTTTCTTGGGAAGCATATAGAAGAGTTTACACCTATGATTTAAATTGGATAGCTTTAAAAAATACCATAATTACAGCTGGTTTTACAACAATTCTTGGAGTTGCAATAGCATTTCCATTGGCATTTCTAGTTGGTAGGACAGATATGTATGGAAAGAAATTTTTTAGAACTTTATTTGTTGTAACCTATATGGTTCCTCCTTATGTTGGAGCTATGGCTTGGTTAAGGCTTTTAAATCCAAATGCTGGTGTTCTAAATAGATTTTTAATGAAAATTTTTGGTTTAGGAACTGCTCCTTTTAATATTTATACAACCTCTGGAATTGTATGGGTATTAACCTGCTTTTTCTATCCTTATGCTTTTATAACAATATCAAGAGCCATGGAAAAAATGGATCCATCTTTGGAAGAGGCTTCAAGAATTTCAGGAGCTTCTCCTTTAAAAACTTTACTTAAAGTTACTATACCAATGATGACACCAAGTATAATAGCTGCTGGACTTTTAGTTTTCGTTGCATCAGCATCATCTTATGGTATTCCATCTATTATTGGAGCACCAGGACAAATTTATACAGTAACTATGCGTATAATAGACTTTGTTCATATTGGTTCAGAAGAAGGACTCACAGATGCAATGACTCTTGCTGTGTTTTTGATGTTAATATCTAATATAATTTTATATATTTCAACATTTGTTGTTGGAAGAAAACAATATATAACTATGAGTGGTAAATCAACAAGACCAAATATTGTAGAATTAGGAAAGTGGAGATTACCTA
NZ_CP077140.1_gap24	1370752	1372643	1891	ATGAAACTGTCGTTTATCCTATGGGATGTAGAGCCTTCTTATCTCCTTGGAAAGATAAAAATGGTAAAGAGAAATATGCTGGAAGATTTAATATAGGAGCTACATCTATTAATCTCCCAAGGATAGCTATTAAAAATCGTGGAGATGAAGAAGGTTTCTATAAAGAACTTGATAGAATTTTAGAAATTTGTAAAGATAACTGCCTATTTAGAGCAAGGTATTTAGAAAATACTGTTGCAGAAATGGCACCTATTCTTTGGATGTCAGGAGCATTGGCAGAGAAAAAACCAAAAGATACAATTAAAGATTTAATTTGGGGAGGATATTCAACAGTATCAATAGGTTATATTGGACTTAGTGAAGTTTCTCAATTATTATATGGTAAAGATTTTTCTGAGTCAGAAGAAGTTTATAAAAAGACTTTTAATATCTTAAAATATATAGCTGATAAAGTTCTTGAATACAAGCAAAAATATAATTTAGGTTTTGCATTGTATGGAACTCCATCAGAATCTCTATGTGATAGGTTTGCAAGAATTGACAAACAAGAATTTGGAGATATAAAAGGAATAACAGATAAAGGTTACTATGATAATTCTTTCCATGTTTCTTCAAGAATAAATATGAGTCCATTTGAAAAATTAAGATTGGAAGCCTTAGGTCATAAATATTCAGCTGGTGGACATATAAGTTATATAGAAACTGATTCATTGACAAAGAATTTAGATGCAATACCAGATATTTTAAGATATGCTAAAATGGTTGGAATACATTATATGGGGATAAACCAACCTGTTGATAAATGTCATATCTGTGGCTACAAAGGAGAATTTACTGCTACAAAAGAAGGATTTACTTGCCCACAATGTGGAAATCATGATAGTAATGAAATGAGTGTAATAAGGAGAGTCTGTGGTTACCTATCTCAACCTAATGCTAGACCTTTTAATAAAGGAAAGCAAGAGGAAATAATGCATAGAGTAAAACACAGTTAGAGAGATGAATTATTCAGGAATTAAATATGCAGATATGATTAATGGAAAAGGTATAAGGGTAAGTTTATTTGTAAGTGGTTGTACTCATTGTTGTAAAAACTGCTTCAATCAAGAAACTTGGAATGAAAATTATGGAAAAAAGTTTACTGAAAAAGAGGAAAATGAAATTATAGAATATTTTAAAAAGTATGGTAAAACAATAAAGGGTCTTTCACTTTTAGGTGGAGACCCTACTTATCCTAAAAATATTAAGCCTCTTTTAAAATTTATAAAAAAATTTAAAGAGAATTTGCCAGATAGAGATATTTGGATATGGAGTGGCTTTACTTGGGAAGAAATATTAGAAGATGAAAATAGATTTTCTATAATAAGAGAATGTGATGTTCTAATAGATGGAAAATTTGTAGATAGCTTAAAAGATTTGAATTTAAAATGGAAGGGTAGTTCCAATCAAAGAGTTATTGATGTAAAGAAAAGTTTAGAAAAAAATAGAGTTATTGAATATATTTAAAAGGGATTGAGAGAGACCATGAGAGAAGTCTATAATATTAAAATATATAGTTTTTCTTTCACATGCTCTCTCCTATCAAAACCATTTATTATACAATCTTTTAAAATTGATATTTAAACCCTGCATATATATTTCTACCTTCAGCAGGATAATACACACTTCTTGGACCAAAAGGACTTTTCATTATTGCCACACCATCAGCATATTTTTTATCAAATAAGTTTTTTACACCTCCATAAAGTTCAATTCCATTATTAAATTTATAAGAAAAATTTATATTCAATGTAGCATATGAGTTTTCCTTTTCAAAATTATTATTAAAATCATCATCAGCATAGGCTTTTGATTGATAATATAAATCAGTGTTTATATTAAACTGTTCTGT
NZ_CP077140.1_gap25	1391843	1395841	3998	ATGCCTCTTTGTGACTAGGCATAGGAGTTTCTAATTTTTTTTCAAAATCTTTTGATATAACTTCATATTCCATTTTAGACCCTTCTATTCCAATTCTTTCACAAAGTCCTTTTGCAAAAACTTCTTCTGTTTCTGGATTTATTAATTGATATTTAAGCGAAGAGCTTCCACAATTAATTACTAGTATTTTCATTTATCTTTTCCTCCATCTGTTTTATTATATAACTATTTTAGTTTACAGCTAGTTAAGCTTAACAATCTACACAAGCTTGAGCAGATGTAATAGCTGTTAATACAACTATATCTTCCACTGAGCAACCTCTTGATAAATCATTTACTGGTGCATTTAATCCTTGGATAATTGGTCCATAAGCATTAGCTCCTGCTAATCTTTGAACTAATTTATATCCAATATTTCCAGCAGATAATGAAGGGAAAATTAATACATTTGCATTCCCAGATACATCTGATAAAGGAGCTTTTATTTCTCCAACAGATTTTACTAAAGCAGCATCTGCTTGTAATTCATCATCAAATCTAAATTTTACTTTTCTTTCTCTCAAAATTCTTCCTGCCTCAATTACTCTATCAACACATTCATGTTTTGCTGAACCTTTTGTTGAGAATGTCATTAATGCTACCCTTGGATTTATTCCTGCTATTTTTACTGCTGTTTCAGCTGCTGAAGTGGCAATATCTGCTAATTGTTCAGATGTAGGTACAGGTATTACTGAGCAATCTCCAAACACTAATATACTTCCAAATAAATCTTTAAATTGTGATAATTCCATAATGAAAACAGATGAAACTGTTTTTACACCTGGTTGTGTACCTATAACCTGAATAGCTGCTCTCAATACATTAGCAGTAGGTGATGCAGAACCAGATACCATTCCATCAGCATCTCCCATTCTTACTAACATTGCTCCAAAAAAAGTAGGATCACTTAATAATAATTTTTTTGCTTCTTCAGGAATCATCCCTTTTTTAGCTCTTAATTCTACTAATTTATCTACATAATCATTAAATCTTTCAAATTTATAAGGATCCACAATTTTTGCTCCACTTAATGAAACTTCATAAGCCTTTGCACTGTTCATTATTGTTTCTTGATTTCCTACAAGAATAACTTGTGCTAAACCTTCTTTTAAAATTTGAGAAGCTGCTCTTATTACTCTTTCATCACTTGTTTCAGGTAAAACTATTCTTCTGTTTGCTTGTAAGGCTTTTTTTCTAACTTGCCCTAAAAAACTCATTATAATCACTCCTTATTTTTAATAGATAAAACTTTAAATTTATCTTTCAAATTTATCAAGTATATATTAACACCAATTATGATTAAATGCAATATTTTTATTGTAAAATTCATTTATTTTTTAATAAATTTTTATTAATTTAATATCTTTTAATTTTCTTTTACTATCTTTAAAATATATGGTCACTTTATTAATATTTTCATTGAATTTCGTTTATTATAAACTTTAAACATACTTAACTTTTATTTTATTTTATTAAATTATACTTAACAAAAATAAATTCTAATATAAAAACATATAAATTCTCTTATCTGTTATAAACATATCAAAAGAACGGAGATTTCTCTATTAATACGGTATTTAAATTCTAATATAGAAATACATAAATTAATTTTTCCAAATTTGCTAATGCTGTTTCTAATTTATTTAAATTCTAATATAGAAATACATAAATTTCAATTGATATATTTTAGCATAGTTGAAAAAAAATTTAAATTCTAATATAGAAATACATAAATTTTTAGGAGAGATAGTTAAATTAAGAAAAGGAAAAGGATTTAAATTCTAATATAGAAATACATAAATGTTTTGATGACTATGAACTTATAGAATTTGAAACTTATTTAAATTCTAATATAGAAATACATAAATTAAATACTGTTGTTTGTTTTCCTCTCATATTTTCACAATTTAAATTCTAATATAGAAATACATAAATTTCTAGCATGTCTGTAGTAATTACAGATAAGAAAACATTTAAATTCTAATATAGAAATACATAAATAATTTAGTGTAGTAGAAGATATTAATAGTTTATAAATTTAAATTCTAATATAGAAATACATAAATTAAGTCCCTTAGACTCATACCAAGCCATAAATGAATATTTAAATTCTAATATAGAAATACATAAATAATTTTTCAAAATCTGATAACCAGTTTTATACAACATTTAAATTCTAATATAGAAATACATAAATGAAAAAGAATGGAAAAGCAAAAGACAACTTAATGGAAAAATTTAAATTCTAATATAGAAATACATAAATATATCAAAGTTAATACATAATTCAAGCAAAGAAAATATTTAAATTCTAATATAGAAATACATAAATGTGAAGAAAATGGACTAAAAACAGAAAATATAATTTTATTTAAATTCTAATATAGAAATACATAAATGGGAAGATAGATTACAACAAGCAAAAAGGAGAAGTTCATTTAAATTCTAATATAGAAATACATAAATATCTATGATAAAGATAGCAAATGTAATTATAAGTAAATTTAAATTCTAATATAGAAATACATAAATTCTTATCTATAATATTTCTTAATTTTTTATAATCAACATTTAAATTCTAATATAGAAATACATAAATAATGGCAGTAATAAAAGATACCAGAGAGGAATTACAATTTAAATTCTAATATAGAAATACATAAATATATAGCTTTCTTTTCTTGGTAATATTGTTTTAAATTATTTAAATTCTAATATAGAAATACATAAATGATATAAAACTTTTAAGAAATGGGAAAACTTATAACATTTAAATTCTAATATAGAAATACATAAATCGGAGCAACACCTCTCTTTTTATCTTCTTTTATTTCATTTAAATTCTAATATAGAAATACATAAATTAAAAATATTGGTGGAAATAGAACTTGGGAAGCAACATCATTTAAATTCTAATATAGAAATACATAAATACTTGGAACCCGATTATGTAGCAATACAAAACTTCAATTTAAATTCTAATATAGAAATACATAAATAATTAGGGTTTTTATATATAATGCTATTCATTATTAATTTAAATTCTAATATAGAAATACATAAATAGAAGTAGAAAAATCGGGGGATAGCATTGTAGACATATTTAAATTCTAATATAGAAATACATAAATTGATAGATTTGAATACATAGAAGATGCCAGAATGATATTTAAATTCTAATATAGAAATACATAAATGAAAATATATACTCTAAAATCCAAGAAACTCTACCAGTTATTTAAATTCTAATATAGAAATACATAAATAAAATATTTTTCATCAACTTTTCCTCTCCATCTTATATTTAAATTCTAATATAGAAATACATAAATATACTACAGATTATCCAAAAAATAGCTCTTTTTCTTTATTTAAATTCTAATATAGAAATACATAAATTAGATAACACTTTTTAAAAATTTATAACACAAAAAAGCATTTAAATTCTAATATAGAAATACATAAATTATATTGCCAACCAAATGTATGAATTGGTGATATAAATTTAAATTCTAATATAGAAATACATAAATAAATTTTGCCATAAAAATAAAATCCCTCTTAAAGTGTATTTAAATTCTAATATAGAAATACATAAATTCTTTAGTCATTTCTCTAAGAATATCATCTTTGTAAATATTTAAATTCTAATATAGAAATACATAAATGATTTTCCAATCTCTCAAGAAGTGAGTTATTATCTAAATTTAAATTCTAATATAGAAATACATAAATTTTAAGATTGTTAAAAAAATAAATAACATAGAATTAAATTTAAATTCTAATATAGAAATACATAAATTAAAATTTATCTCCTTATATATAGTATATAGATATCGATTTAAATTCTAATATAGAAATACATAAATTAAATGTTTTTTTAATCTATAATTTTATAAATACATATTTAAATTCTAATATAGAAATACATAAATGCAATCTTCCCCTCAATGGTCAGT
NZ_CP077140.1_gap26	1416166	1418596	2430	AATTTCTTGGAATTTTTTTTCTATATCATTATAAGGTGGAATATCAAAAATTTCAAAAATAGAATCTATCTTATTTTTACTTACACCTACTGATGGGATTTCTTCCATATCATCTTTTGTTATTTCTTCACTAACATTCCAAAACATTGATATTCCTTTTTGATAATCTCCAACTAATTTTATATTTAAAAGATTCTGTCCACCATTTTCCTTATTTCTCAAATTACCTATTTCTGAAAGAATTATTTCTGTAAAATCACTTTTTTCTTCTTTTTCCTTATCAAAAATTTGTATAGATATAAAAATTTCAAAAGGTTTAGATGTATTTTGTTTATGAAAATCACTATCCAGTAAATCAATATTTCTAAATTTATAACTGAATAGCAATTTTATTGCATATAGTAAATTAGTTTTTCCAACATCATTCATTCCAATAATTACATTTTTTTCTTTTGTTTCAAATGAAATATTTTCAAAATTTCTAAAATTTTTAATTTCTATTTTCTTTATATAAAAATCAGACATTTTTCTCCCCTATTCCCCATCAATTTTCTTTTTCAATTCCTCAACTAACTTATAGACAGTGGTACATCCAATCATTTTACTTGGCTGACTATATTCTTTTCTTACTTGATAATATTTTTCTCTTGCTCTTTGTATAGCTTTATTTTCATCACCATTTTCACAAAGAATATTGTAAATTTTTTCTTCAGATTTTTTATATTTTTTGCCAGTATTTTCCTTAAATATTTTTTCAAAAGTTTCGCAACATTTTTGAGATTCTTCTATATTTTTGGGAAGTTGAAAATATGACATTAGCCAAATTTCAAAACAAGGATTAGACCAACCAACATTCATTTTATTTTCTTTAGCTTCCTCTATTAGTTTATCAAAATTTTTAACTTCATCTCTATCAAATACTAGCCATATATCTCTAAATCTTTCATCTTTATTTCTTTCTTCAGCTGCAAAATCAATAATTTTTGATAAAGCTTTATTAGAATATATTTTTATTTGTAAATCATTTTTTAAATTGTCTGGAATAATATTTTTTATCCCTTCAAAATAATTTTTTTCAGTTTTTTCTGCATCAGTAACAATTAAATATGCACCCGATTTTAAAAGTATTTTTTTTCTTTCATTACGCTTTTTACTTAATCTATTAGTTCTTTTCAATATTATTCCCTCCCTAATAAGTTTTTTAAGTTAGGGATAGCTCCATAGTTTCCTAATAAATAATGTTTTTCATAATTAGAATCTTTTCTTACTTTCTCACCTTTTTCATTTGTAATATCATCTAAAGAGTATAAATTTGATACTCCATTATCTTTTTCAACAAACCATATTTCATCTCTACGCAATAAATCCATATCCATATAGATAGTGTTGTGTGTTGTAAATATTAATTGAGCATTGTTAGGATTTTTTTCTTTATCTGTAAATGTCAATAATATATTTCTCATAAGTAATGGATGTAATTTAATATCTAGCTCATCAGCAAAAAATACTCCTCCTTTTTCCAAAACATCTAGTAAGGTTTGATATAAAGAAAACATTTTTTTAGTTCCTGATGATTCTTCATTCATTGATATTCTAGCAGTTGAAGTCCCTTTATCAGATTTATGTATGGTAAAAACTCTGTAATTGTCTTTATCATTTTCATCAATAGCAGAAATTTTTTCTACTTCTATATTAATAATAGAGTCATCAAAAGAATTTATAAAACTAACTAAATTTTTTCTAACCTCTTCACTCTCAATTATATTATTAGGTAATATGTTTTCTAAAAGTGCACCATACAATGAGTTACTAAAATTAATTACTTCAGTATTTATAAACCAAGTTCTCACTCTGATAAATTCATCTATATTTAACTTTGCTCCTAATGAAACTAAAAGTGTCTTCTCTTTTAAAGAAATTTCCAAATTCTCTCTAAATTTTTCTATTGAAGAATCTAAATAAAGTTTTTGATTTCTTTCTCTTTTAAAAATATAAGTATAGTCTTCATTTCTTTTTACACCAGTTTTTGTATTAGAGGCTAAATACTCCTCTAAAATACCCGAATTATCTATTTTAAATCCATAGTTATAATATAGTTCTTTTTTGCCTTTTTTATCTATATAATTAATTTCAAATTCACTTGGTTTTTCTCTACTTTCACTAAATTTAAAAGAATCTACTTTTAATTTATATGGATTTTTTTTATCATCATCTGAAAAAGATAAAGATTCTAAAACACACAATGCCATAAATTGAAAAGCTTCAAATACAGATGATTTTCCACTTGCATTCGCACCATAAATAGCTGTCACAGGCAAAACTTTTTCATTAAGATTATTCCTAACATGAGAAGATAATTCATTACTTCCACTTGCTCTCATATCTAAAATTCCTTCACCTTCAAATGACCTATAATTTGAGAAATAAAAT
NZ_CP077140.1_gap27	1420505	1423888	3383	TTTTATATTTAATTCTTCAAATGTAGGTCTTCTTTCTGAAGTAGTACTAAATTGTCCTCCCTTTGGAATTTGGACAAAGCCATCAATTCTTCCAAAATTATGAGTGTATCTCACTGTATAAGATTTTGGTAGTGATGCTTTTGCAGCAAAAGCTGAAACAGATAGTGCTAACATAGATAATAGAACTAAACTTTTTTTCATTTTATCCTCCTAAAAATGTTAATAGTTAGATTATAACACAATATTTTTATTTTAAAAGATTTATCTTACGAAACTATTATAAATATACATACTTTTTTCTATGCTCTCTTATTTATATTACTAATTTTATTTCTTCTTAGCATATTTAATAGAATCAAATGCAACAGCTACAACAATTATTATACCTTTTATAATATATTGCCAATATGGACTAACACCTGTATAAGTAAGTCCATAGTTTATAATTGTTAAGATTATAACCCCTGTGATAACTCCTGAAATTCTACCAACACCACCATAGAATGAAACTCCTCCAATTACACAGGCAGCAATAGCATCCATTTCATACATAAATCCTAGGTTATTAGTTGCAGAACCTATACGCCCTGCTTCTAAGAAACCACCAAAAGCATAATATGCTCCAGATAATGCATATATTCCCATAAGAGTTAAAACAACATTTACTCCTGATACTTTAGCTGCTTCTGGATTTCCTCCAACAGCAAATACATTCTTACCAAACTTTGTTTTATTCCATAAAGTCCACATAATTAATGTTGCAATAGCAGCATAAATAATTAAATATGGTATTGTATAAGAGCCTATTTGTATATAGCCTTGTGCAAATTTACTATATTTTTCTACAAATCCAGAAATTGGAGCAGCTCCTGCTTTATCATAGTAAAGAGAGTTTATTCCATACACAATAGTCATAGTACCCATAGTAGCTATAAATGGGTGAACATTTAATGTAGCTACAACTATACCATTTATACTTGCTATAATTACACCAACTACTACTACAATCAATATAGTTGTAAATATTGAAAATTCTCCTAGTGTTGGGAATGCCTTATTTACATTTGTCACTGATTGTAAAAGTGTTCCAGATATAACGGCAGAAAGTCCAACTTGTCTACCTGCTGATAAATCAGTACCTTGTGTTACTATAAGTCCAGCAACTCCAAGTGCAATAATTGTTCTTACAGAAGATTGGGTAAGAATGTTTTTAAAGTTTCTTATACTTAAAAAAGTAGGCTCTTTTATTATTATTGCAATAAGCATACAAAATAATACAAGATATAGTCCACTTTCTATAATAATTTTTTTATAGTCTATTTTTCCTTCATTAGTTCTTGCAATCATTTTTATTCTCCTTCTTAATTTTTATAGATATTTAGCTGATAATTCCATTATTTCTTCTTGATTAGTTTCAGAAGTTTTGACAATTCCTGCAACCCTACCATTACTCATAACAAGTATTCTATCTGTTACTCCTAAAAGTTCAGGCATTTCAGAAGAAATCATTATAATTCCTTTGTCTTTTTTAGCAAGGTCTATCATTAATTGATAAATTTCATATTTTGCTAAAACATCAATCCCCCTAGTAGGTTCATCAAGCATAAGAACTTCTGGTTCAGTTAGTAGCCATCTTCCAATAATTACTTTTTGTTGATTTCCACCAGAAAGACTTCCAATTTTTGTAGAGTATGAAGGAGTCTTTACTCTCATACTATCCACTATCCATTTAGTATCTTTCTCTATATCTTTATTTTTAAGAAGTTTAAATTTATTTTTATATCTATCTAAGTTAGAGATAACAGAGTTAAATGCTACATCTAACATTGAAAATATCCCTGTACTTCTGCGTTCTTCTGTTACTAAGGCAAAACCATTTTTTATAGCATCTTCTGGGCTTTTATTTTTTACAGTTTTACCATGTAAAATAATTTCACCATGTTCTTTTGGTCTTATTCCAAAAATAGTTTCAACTATTTCGGTTCTTTTAGAACCAACAAGTCCAGCTATTCCTAAAATTTCCCCCTTATAGAGTTCAAAACTTACATCTTGTATAGAAGGTTGATTTAAAGCAGTTAAATTTTTAACTTCTAATATCATTTCTTTAGTTGTGTTGTCTTTTTTAGGGAAACGCTCTGTTAAATCTCTACCTACCATCATACTTATAATTTGTTCAGTTGAAATTTTAGAAACATCATTAGTTGATATCCATTTACCATCTCTTAAAATGGTAATTTCATCTGAAATCATTTTTATTTCTTCCATTTTATGTGAAATGTAAACAATTCCAACTCCACTTTCTTTCAATTTTTTTATAATTTTAAATAAGTGATCAACCTCTTTTTCTGTAAGTGAAGAAGTAGGCTCATCCATAACTATTACTTTTGATTTATATGATACAGCTTTGGCTATTTCTATCATTTGTCTTTCAGCAATGGGTAAATCTGCCACTTTTTTTCTAGGATCTACTTTGATATCCAAATCTTTAAAGATATTAATTGTATCATTATACATTTTCTTTTCATCTACAAAAAATCCTTTCATTGGATATCTACCAAGCCAAATATTGTCAAGTACATTTCTTTGTAAAACTTGGTTTAGCTCTTGGTGAACCATTGAAACACCATTTTCTAATGCTTCTTTTGTAGATTTAAAATTTACTTCCACTCCATCTAATAAAATTTTTCCACTATTTTTTTCATAAATTCCAAATAAACATTTCATCAATGTTGATTTTCCAGCCCCATTTTCTCCCATTAGAGCATGAACAGTTCCAGGTTTTAGTTTTAATTGAACATTATCTAGTGCTTTTACGCCAGGAAACTCTTTGGAAATATTTTCCATTTCTAACACATATTTCAGATTTTCCATAAATATCCTATTCCTTTTCCTTTATTTTCCATTTTTTAAAAAAAGGAGATTGATGTACAATCTCCTTTAAGATTACTATACAATTAATTCTTATTTGAAGTCTGCAACATTAGATTTGTCTATTCCAATACTAGGAATTAATATTATTTTATTATCTAATTTTAAATCAGTTCCTTCAGTAGGTTCTTTTCCTTCTGCTAAATTAACTACCATATTAAATGTTGCACTTGCTTGTCCCTTCGCATCATTAAGAACAGTTCCAGCCATTTCTCCAGCTTCTATCTTAACTATAGCTTCTGGTAATGCATCAACACCAAATGTTGGCAACACTTTTCCAGCTGCTTTCATTGATTCAATAGCTCCTAATGCCATTCCATCATTATTACAAATAACAACCTCTATTTTTGAACCATTAGGTCCTGATAACCAAGCATCCATTTTATCTTTTGCATTAGCTGTATCCCACATAGCAGTATCTTTATGTAATTCTTCTGTTTTTATTCCGTGGTCAT
NZ_CP077140.1_gap28	1425484	1428017	2533	TTGCAGTTTCCCAAATTCTTTCTAATGTTTTATTAACATTTTGGTGAGAGTGGGTTTTAATAATTTTGCTATTTATTAAATTTCCCTCTGAATCAACTACCCCTATTTTTGTGTTAGTTCCACCTAAATCAATACCAATATAATGTTTCATAGCTAGCTCCTATAATTAATATTTTATTTTTTCTTAGATTTTAATATTTCTTTTAAAATAAATGTTGTTGCTATAACTCCATCATTAGTAGCAGTGGCAATCTGTCTTACATCTTTTTCTCTAATATCTCCAATAGCATACATTTTATCAGTTCTTGTTTTCATAGTTTCATCTGTTAATATATATCCTGCTTCACTTAAATTGACAAACTCTCCATATAATTCAATATTATTTTTTGTACCTAAATACAAGAAAACAAAATCAGTTGATGTTGTTTCTTTATTTCCCTCTATTTCTAAATCTAATTCTGTTACAAATTCTTCTCCCTTTATTTCTAAAAGTTTTACTTTCTTTGTAATTTTTACATTTTCTTTTGATAAAATAGCTTCTTTTAACTCTTCATTGCAATCTAAATCATCAGAAGTTAAAAAGATATTTACTTCCTTTGCATATCTAGTTAAAAATAAGGCTTCCTCAATAATCTCATCACCTTTTCCAACTAGTGAAACAACTTTATCTTTTGTAAAAGCTCCATCACAAGTCGCACAATAAGAAACACCTGAACCTAAAAACTTATTTTCTCCTTTTACTTTTTTAGTACCAATTTTCCCCAATCCAGTTGCTATTATAATATATTTTGTTTTAAAATTTCCTGCATCTGTTTTTACAATCTTTATTTCATCATAAGGGTCAAAGCCTAAAACTGTTGCTGATTTTATTTCACAACTAAAATCTAAAGCTTGTTTTTTCATTGAATCATAAATTTCTTTTCCAGAAGCTCCAATATGAAAGCCAGGATAATTATCAATCTGATGAGACATTATCATACTTCCTATTCCTTCTTTTTCCAAAATAAGAGTTGATAAATTTCCTCTCCCTGCATATATTCCAGCTGTTAACCCAGCAGGACCAGCTCCAACAATTACAACATCATATATTTTTTCCATTATTTTCATCTCCTTCAATTTTTAAAGTATTCCAAGTTTTTCTAAAAATCTTTTTTCTTCACCAATAGTTGTGTTATCTGTATGTCCATTGTAAACAATAGTTTCATCAGGTAATTTTGATAATTTTTGTAAACTGTTACATAACATATTTAAGTTCCCAGTAGGTAAATCATATCTACCATAACTTCTTCTAAATAATGTATCCCCTGACATTAAAATTTTATCTTTTTCATCATAAAAACTTTTTGAACCAATAGTATGCCCAGGAGTATCTATTACTTTAAAGTCTCCTATTATATCTCCTTCTTTTACTGTAATAAGTTCTCCTTTAAATTTAAAAACTTCCCCAAAAATTGCAGCTGATAAACTAAGTTCTGAATTATATAAAAAATCTTTATCTTCTTCTCCTATATACACTTTTGCTTTTGGATAATGTGAAGCTAAATCATTCAATCCTTCTATATGATCTCCATGGCCATGAGTTAATATTATATATTTTAAATTTAATTTATGTTCTTCTATATATTCATAAACTTGTTTTAAATTTCTACCTCCACAATCAAAAAAATAAGCTATACTATTTTCATCATAAGCTAAGAAACAATTTGTCCCATAAGCTCCCAAATGAAAGCATTTTACTCTCAATGTTCTTCTCCTTTCAAATATTCATATTAAACTTAATACATTATAACAAATTGAACTAAAATAGTCTACCTTTAAGATTTATATTTTTTTATAAAAAAAGAATCTTTTTAAGATTTTATTCTCAAAAAAATTCTCTTAATTATGTTAATTATAAGTCTAAACTTTTTTATCAACACTATTTGACAAATAACCTTTACTTAGTTAATCAAAATAAAAAAAATTACCATTAAAAACAATGGTAATCCAGATAATTTAATATTTTGGTTGACTTTTTACCCTGTCAAAACCTGTCAAAATAATTTTTTGAGTACCACTAATACTCAATAAATCAGTGTTATATGGCGGTGAGAGAGGGATTTGAACCCTCGGTACCGTAATTGGTACTCTGACTTAGCAGGTCAGTGCATTAGGCCACTCTGCCATCTCACCAAACTTACCAAATTTTTTGTTAATGGCGGAAGGCTAGAGACTCGAACTCTAAAGTCTTACGACGCCGGTTTTCAAGACCGGTTCCTTACCAATTAGGATAGCCTTCCACGCATTGACTATAATAACATATCTATAATACTTTTGTCAAGAAAATTATAGAGCTGATTTAGCAGCTTCTACTAATTTTGTAAATTCAGTAGCATTGTTTAAAGCTATATCAGCAAGAACTTTTCTATCAAGTAAGATTCCAGCCTTTTTAAGACCATTCATTAATACAGAATAAGAAACTCCATTCATTCTTGCAGCAGAGTTTATTCTTGTAATCCATAATTGTCTCATTCTTCTTTTATTAACTTTTCTA
NZ_CP077140.1_gap29	1616830	1620531	3701	TGTTCTAAATTTAAAAAGTAAAAAAGCAAAAAGTAAAGTAGCTAAAAAATTAACAGAAAAAGCAAAAAACATAAAAGAAAAAGTAAAAAAAATAGAAGTAACTCAAAATAATAGTAAAAAACTGAAAACTTCAAAAAAAGATTTGGATAAGATGTATGTTATTCCATTAGGTGGTTTAGAAGAAGTTGGAAAAAACTGTACTATAATTCAATATAAAGATGAAATAATTATTGTAGATGCAGGAGCAATATTTCCAGATGAAAATTTACCTGGCATAGATTTAGTAATTCCAGACTATACTTTTTTGGAAAATAATAAGTCTAAAATAAAAGGATTATTTGTAACTCATGGACATGAAGATCATATTGGGGGAATACCTTATCTATACGAAAAAATAGAAAAATCTACTGTTATTTATGGTGGAAAATTAACAAATGCTTTAATCAAATCTAAGTTTGAAAATTTTGGAGTAAAAAAAGATTTACCAAAAATGGTTGAAGTTGGTTCAAGAAGTAAAGTGAGTGTAGGAAAATATTTTACAGTTGAATTTGTAAAAGTAACACATTCAATAGCAGATTCATATTCTTTATCTGTAAAAACACCAGCAGGACATGTATTTTTGACAGGAGATTTTAAAATAGATTTAACTCCTGTTGATAATGAAAAAGTAGATTTCGTGAGATTATCAGAATTAGGAGAAGAAGGGGTAGATTTAATGCTATCAGACTCTACTAACTCTGAGGTTGAAGGTTTTACTCCATCTGAAAGAAGTGTTGGAGATGCTTTTAGACAGGAATTTCAAAAAGCTACTGGAAGAATAGTCGTAGCTGTTTTTGCATCACATGTTCATAGAATACAACAAATTATAGATACAGCAGCACAATTTAAAAGAAAAATTGCTATTGATGGAAGAAGTTTATTGAAAGTGTTTGAAATAGCACCTAGTGTTGGAAGATTAACTATAGCTGAAAATTTACTTATTCCTATATCGTCAGTTGATAAATATGATGATAATGAAATCGTAATATTATGTACAGGAACACAAGGAGAACCATTAGCTGCACTTTCAAGAATAGCTAAAAATATGCATAAACATATAGCTTTAAGAGAAGGAGATACTGTAATAATTTCATCTACTCCTATACCAGGAAATGAAAAAGCAGTTTCAACTAATATAAATAATATTTTAAAATATGATGTTGATTTAGTTTTTAAAAAGATTGCAGGTATACATGTATCAGGACATGGAAGTAAAGAGGAACAAAAACTGATGTTAAATTTAATAAATCCAAAACATTTTATGCCAGTTCATGGAGAATATAGAATGCTCAAAGCTCATATGAAATCTGCTATTGAAACAGGAGTTCCTAAGGATAAAATTCTTTTGACTCAAAATGGAGATAAAGTAGAAGTTACCAAAGAATATACAAAAATAAATGGTAAAGTAAATTCTGGTGAAATTCTAGTTGATGGATTAGGTGTTGGAGATATTGGAAGTAAGGTTATAAAAGATAGACAACAACTATCAGAAGACGGTATAGTAATAGTTGCTTATTCTATTGATAAAAATACAGGAAAAATAGTTTCAGGACCTGAAATGTCAACAAAAGGTTTTGTATACTATAAAGACTCAGAAGATACTATAAAAGAGGCACAAGATTTATTAAGTAAAAAAATAAGTAAAAATGGAACTTATTTAGGTAAAGATTGGGCAGATTTAAAAGGAAATGTAAGGGATTTACTGTCAAGATTCTTCTATGAAAAATTAAAAAGAAATCCAATTATTTTACCTATGCTGTTAGAAATATAAAAATAAGGGAGAAGTATGAATAGTAAAAAAAGAGCTTTTTTAAAAAAGAAAGCACATAATTTAGAGCCTATTGTTAGAATAGGTAAGGATGGATTAAATCAAAATATAGTTCAAAGTATACTTGATGCAATAGCTTCAAGAGAACTTATAAAAGTTAAAATTTTACAAAATTGTGAGGAAGAAAAAACTATAATTTATTCAAAATTGATGGATATTAAAGATTTTGAAGTAGTAGGAATGATAGGAAGAACTATAATTATTTTTAAAGAAAATAAAGAAAATCCGAGCATATCATTAGAATGGAAAAATATATAAGTTTGGAGATACTATGAATGAGGAACTTACAAAAAAATGTGAAGAGATTAGAAAAAAATTAATAGAAGTTGTAAGTAAAAATGGAGGGCATTTAGGTTCAAATCTAGGTGTTGTTGAATTAACAGTCTGTTTAGATGAAGTTTTTGATTTTAAAGAGGACATTGTCCTCTTTGATGTAGGACATCAAGCTTATATATATAAGATATTAACTGACAGAGCAGAAAAATTTGATACTATTAGAACAAGAAAAGGTATTTCACCTTTTCTTGACCCAAGTGAAAGTAAGTATGATCACTTTATATCAGGACATGCAGGAACAGCACTTCCGGCAGCAGTTGGTTTTGCAATAGCAAATCCAGATAAAAAAGTTATAGTTGTTGTAGGAGATGCTTCTATATCAAATGGACATTCATTGGAGGCATTAAACTATATAGGGTATAAGAAATTAGAAAATATATTGGTAATTGTAAATGATAATGAAATGTCTATTGGAGAAAATGTTGGCTTTATATCAAAATTTTTAAAAAAAGTAATAACAAGTGGAAAGTATCTAAATTTTAGAGAAGATGTGAAATCTTTTATCAATAGAATAAAAGCAGATAGAATGAAAAAAACTCTTGAAAGAATGGAAAGATCAATTAAAGGCTATGTAACTCCTTTTTATGCCTTAGAAAGTTTAGGGTTTAGATTTTTTAATGTATGTGAAGGAAATAATATAGAGAAACTTTTACTTATGTTAAAAAAAATAAAAGATTTAAAGGGACCTGTAATTTTATTAGTAAAAACAAAAAAAGGAAAAGGTTATTGTTTTGCAGAAGAAAATAAAGAAAAGTTTCATGGAATAGCACCTTTTGATATCAAAACAGGAAATACTCATAAAAGCTCTGTTTCTTATTCAGAAGTTTTTGGAAATAAAGTTTTAGAACTAGGAAAAGAAGATAAAGATATATATACTCTTTCAGCAGCTATGATAAAAGGTACAGGACTTCATAAATTTTTAGAAGAATTTCCTGAAAGATGTATAGACACAGGGATAGCAGAAGGTTTTACAGTAACTCTTGCAGCAGGACTAGCAAAATCAGGAAAAAAGCCTTATGTGTGTATTTATTCAACTTTTATCCAAAGAGCTATAAGCCAGTTAATACATGATGTATCTATTCAAAATCTACCAGTTAGATTTATTATAGACAGAAGTGGAATTGTTGGAGAAGATGGAAAAACCCATAATGGAGTTTATGACTTATCATTCTTTTTATCAATTCAAAATTTTACAGTGCTATGTCCGACAACTTCTAAAGAATTAGAACAGGCACTTGAAATATCCAAAAATTTTAATTCTGGTCCACTGGTTATAAGGATACCAAGAGATAGCATATTTGATATAGAAGATGAGAAGCCCTTAGAAATTGGAAGATGGAAAGAAGTAAAAAAAGGAAGTAAAAATTTATTTATAGCAACAGGAACTATGCTAAAAATAATATTAGAAATATATGATGAGTTAAAAAATAGAGGAATTGATTGTACAATAGTTAGTGCAGCCTCTGTAAAACCTCTTGATGCAAACTATCTATTAAAC
NZ_CP077140.1_gap30	1621619	1622777	1158	GAAGATTTAGAAATAGCAAAAAGACAGATTATGGTAGGAAATGTTATAGTAAATGAACAAAAGATAGATAAGCCAGGAGAAATAATTTCACTTGATAAAATAAAATCTATTAGAATAAAAGAAAAGAATACTCCTTATGTCAGTCGTGGTGGTTTAAAATTAGAGAAAGCTATAAAAATTTTTAATTTAGATTTTAGAGCTAAAATAGTTTTAGATATAGGAGCTTCCACTGGGGGCTTTACGGATTGTTCATTACAAAATGGTGCTAAATTTGTCTATGCTGTTGATGTTGGAACTAATCAACTTGACTGGAAGTTAAGAAATGATAGTAGAGTTAAAAGTATAGAAAATAAACATATCAATGAATTAGAAAAAACTAATTTAGAGAATGAAATTGACATTATAGTAATGGATATTTCTTTTATTTCAATAAAAAAAGTTCTGTATAAAATTAAAGAGCTTCTAAAAGAGAATGGTTTTGCTGTATTTTTAATAAAGCCTCAATTTGAAGCTGAGAGAAATGAAATTGAAAAGGGAATTGTAAATGACCTGAATGTCCACAAAAGAGTAATAGATGAAGTTGTAGAAGAAGCAAAAAATTATCAACTTTTTTTAGAAAATTTAACTATATCACCAATAAAGGGAACAAAAGGGAATATAGAATATTTAGCAAAATTTTCTAAAAAAGATAAATTTTCAAATAAAGAAATAATAAATAAAATAGATAAATTATTTAGTGATTAACAGGGAGGAGAAAAGTGAAAATAACTTTTAAAAAAGCAACTGCAATTTTAATGATTGTAATTTCAAGTCTATCTTTTACAGAAGATGATAGAAGAGGATTTTTATCTAATATGAGGGAGCTGAAAGAAATATCTGATATTATGGATGTTATCCAAGATACCTATGTTGAAAATGCAAATGCACAAAAAAATAAAGAAGAAAAAAATAAAAATTCTATACGAAAAAATACAGGAGTCACAAAAAAATCATTAATGCAAGGAGCATTAAGAGGAATGATGGAATCATTAGATGATCCACATTCTGTATACTTTACAAAAGAGGAAATGAGAAGTTTTCAAGAAGATATAAAGGGTAAATATGTTGGAGTTGGAATGGTTATTCAAAAGAAAGTAGGAGAACCATTGACAGTAGTTT
NZ_CP077140.1_gap31	1627750	1630687	2937	TTGAATACAACATTATTCTTTTCATTAATAATTTCATTATTAGATTTATCAACTGATAATTTATATTCAAAAATTTTGTCTATATATCTATTTTTAAAAAGAAACTTATAAAAACTTCTTATAGTACTATATTTTCTATTAAAAGTAGCTGACTTATAATTTTTTTCTACATTTGAAAAATAGTCATTAAATATATTTTCATCAGTATCTAAAATATCTATATTTCTTTCTTTTAGAAATTTAAGATATTCATTTATATCTAACTTATAAGCTTCAACTGTTGTCTGCAATAAATTCTTTTTTACTACTAAATTTTCTATATATTTTTCTAAAATGTCCACATTATCCCTCATTTAACATTTTATTAGCTATCTCTAAAACTTTATCATTGATTTTTTCTCCAACTAACATTCTTCCTATCTCTTTTATTCTTTCATCAGGAGATAACTTTTTAACTCTACTGATAGTCTTAGAATTTTCTACATATTTTTCTATATAGAACTGTTGAGAGGCCTTAGAAGCTATCACTGGTGAGTGAGTAATTGAAATAATTTGAGTATTATCTCCAATCTCTTTAAGTTTTAAAGCTATTTTTCTAACAGTTTCCCCACCTATACCTGTATCTATTTCATCAAAAATTAAAATAGGTATATTATCAACTTTTGAAAAAATAACTTTAAGTGCAAGCATAACACGGCTAACTTCTCCTCCAGAAGCTATTTTACTTAAAGGTTTTAAATCTTGTCCAACATTAGTTGAAATAAAAAATTCAACCTCATCATAGCCATCATTTGTCATTTTCTCAATTTTATTTATTTGAACTTTTAATTTAGCATCTTCCATATTTAAGAATTTCAATTCATTTAATAACTCATTTTCTATTTTTAATGCTATTTCTTTTCTTGAATTAGAAAGTTTTTCAGCCAGTTTATCATATTCAGATTTAATGTTTGCAAGTTCTTGTTTTAATTCTCTTGTTTTAAAATCTCCACTATCTATATCAGATAATTTTTCTTTTAAATCTTCTCTATATGCTATAAGTTCTGAAAGAGTTCTCTTATACTTCTCTTTAATCCTTTTTAAAGTATTCATTCTACCAGCAATCTTATCCAAATCGCTTTCTGTAACATCTATACCCTTAGAAATATCTTCTATTTCATTAGCACAATCTTCTAACTCATAATAAGCATTTTCCATTCTCTTTGCCAGTTTCACATATCTTTCATCATATTTTCCAAGATATTCTATATTTCTTATTGAATTTGTTATTAGACTTAAAGCAGAGTCATCATCATCTTTTAAATATTCTAAACTTTCATAGACTTTTTCTCTAATTTTTTCAGCGTTAAATACTCTTTTATATTCATCCTCTAAAACTTCATCTTCTCCATCTTTTAATTTTAATTTTTCTATTTCTTCAAGTTGATACTCATAAAATTCTTTTTTTTCTATGGTTTCTCTTTTCTCTCTTTCAATATCTTCTATCTTTATATTTACTTCTCTATATTTAGATAAAAGACTGGTTAAATTTTCTTTTAAATCTCTTTCATCTTTACTAAGAAAACTATCTAAAAGTTTGATATGATTATTTTTATTAAGTAACATTTGATGAGAATGTTGCCCCACAATATCAACCAAAGTTGAAGCTATTTCCTTTAAATCAGCTAAAGTTATTCTAACATTATTAACAAAAGCTCTTGCTTTACCACTTCGGCTATAAGACCTTCTTATAATAATTTCATCTCCATCTATATCTATACCCATGGCTTTCAGTTTTTTCTTTTGTTCTTCATCAATATCAAAAACACCCTGTGCAACAAGATTTTCTTCTCCATCTCTAATCATATCCACACTGGCTTTTTCTCCAATAAGAAGATTAATGCCACTCAATATTATAGATTTTCCTGCACCAGTTTCACCTGTCAAAACTATAAAACCTTTTTCAAACTCAATATCTAATTCATCTATAATAGCTAAATTTTCTATTTTTAGTTCTCTTAGCATAAGTTTTCTCCCCATTTAAGTTTTTCTCTTAAAACATCATAATAATTTCTTGCTTCTGGAATAACAATCTTTAAACTTTCTGTTGAATAACATATTTCAACTTTATCTTCAACTTTTATTTTATGATGAGTATGCCCATCTATATTTATAAAACCAACTTCACTTGGCTTTGAAATGATTAAAACTATTTTAACATCACCTGATAAGATTATAGGTCTTGTATTCAAATTATGAGGTGCTATTGGTGTTATTAAAAATAGTTTTAATTCTGGAGTTATGATAGGTCCACCAGCAGATAGAGAATAAGCTGTTGAACCTGTTGGCGTTGCAATAATTACTCCATCTCCTTTAAATTTCCCTAAAAATTTATCATCTATATAAATTTCAGAAGCTACTATATTCCTTTTTATAGTATCTCTTGTTAAAAATACCTCATTTAAAGCCTTATATCTCTTTTTTCCTATACTGACAGTTAAAAAATGCCTTTCTTCAATATTAATTTTATCTTTTAAAATACTTTCAAATATTTCCTTGTATCTATCTTTTCTAATTTCTGTAAGGTAACCTAAAGTCCCAGAATTAATGGCAATTATTTTAACTTCTTTATTTTTTATATTTTTAAAACTTCTAAGAAGAGTTCCATCTCCACCTATAACAACCATATACTCAGCTTGTGATAAATTTTTATCATCTAAAATTTCAAACTTTTTTTTAGATTTTAAATATTTTAAAAGTTCTTTATAAATTTTAATAGCATCTTCTTTGTCTTTATTATAAATAATATTTAACTTTATCATTTCCTATCCCTTAAAATTTAAAATGTTGGTATTGGGTCAATAGGTCTTAAATTTGCTCTTAATTCATAGTATAGATTAGGTTCTTTATCACTGGATAATCCTAGTACTCCTATTGTTTGTCCTGCACTTACTCTTG
NZ_CP077140.1_gap32	1632879	1634580	1701	GTTGTTCCATTTCAGCTTCTAATTTCTTTAAAGCATCTTCATATTTAGAAGCTAAATCTTGATATTGAGATTTATAAAATCTTGTGTTAGCTTCAGCTTGAAGTCTTTGAGCTCTTTGAGATAATTCATTGTAAACTTGTTCATTTTGTGCTAGTGCTTGTTTAGCAGCGTCAGCTTGTGCTTTTTCTTCATTAAATCTTGCTTCTTCTTGATTTGCTAAGTTTTGGTATTCAGCATCTAATGCTTGTAATTCACCTATTAAACTTGCTGCATCATTTGCTGCAAATGCTGAAGCAGAAACAGCTAATACTGCTAATAATAAAAATTTTTTCATTTTTGTTACCTCCCAAATTAAATTATAATAAATTATTTCTTATATTGACAATTATACATAAAATTTTAAAAAATTACAATATTTTTTTTCATTATCTTTAATTCTTATTGTTTTTCTCCCACTTCTGTACTTTTATTTTCTTTCTTTTTTTCAATCTTTTCAGGACCTTTTGGAATCACTGTTTCATTTGCTATATCTTGTATTAATTGATTATACACTTGTCCAAATATGTTTCTTTTGACATCTGCAAGTATAGTCTCTCTTGCTTCATCAAAAATAGCCTGTCTTTCATCTTCCACATCTTTTAAATAAATAATATGAAAACCTTCTTGTACAGGAATAGCTCTTTTTATTATAACATTCTTTCCTTCTTCTTTTAGAATTTCCTCTGCTATTACTGGATGAATTTCTGTTATAAATAAAAACTCATCTGTGACTCCCTTAGCTTCTTCTCCTTTTTCATCATTTTTTTCTTTAAGTTCATTGAAATTTTCAAGATTCACATCTTTTAATATATCTTCAGCCTTTGTTAAATCTTTTACAAATATAGTGTCAATTTTTACTTTTTTAGGATATCTATATAAAGATTGATTTTCCTCATATATCTTTTTCAATACATCTTCTTCTATATTTGTGTTTTCAACAATCTTAGCTGCTTCCCTTTCTAAATAGTATCTTATAAAAAGGCTTTCAGATTGTAAATTTAATTGCTCAATTTCATAATTCGTGTATTTAGCTTCTTTTGCTTTCTTTAATAAAATTCCGTGTAAGATTTTATCTTCTTCCATCTTCCCCTCCAAATTTTTAATTTTTTTATCTTCTTTTGTAATGCTATCATATTTTACAATATTTTTCAAGACTTTCTATTTATTTTTAAAATATTTTTATTTTTGCTCTTTTTTTCTCCATATTTAGAGTATTTTTTTATCAATTTCAATATTTTTAAAAATTTTAATTGAATTTTATATTAAATAATAGTAAACTTATGTAAAGTATTAATTTATATATTTAATTTATAATATATAAAAAAAATAAATTTTTATTCTCAATATAGTTTATTTACAAAAAATTTTATTATATAAAGAAAGGTGGTTAAAAAATGGAAGCTTGGAGAAGTTTTAAAGATGGCGAATGGAAAAAAAGTATTAATGTAAGTGATTTTATTAAATGTAATTATACAGAATATACAGGTGATGAAACATTCTTAGAAGGACCTACTGAAAATACTAAAAAATTATGGGATATTTTAAGTGGAATGTTAAAAATAGAAAGAGAAAAAGGTATTTATGATGCTGAAACTAAAATTCCTTCTAAAATTGATGCTTATGGAGCTGGATATATTGATAAAAATTTAGAAACTATAGTAG
NZ_CP077140.1_gap33	1635699	1637800	2101	AAGTTTGGGAAAAGTATGATAAGATGCTTACATGGCTTGCTTCAACTTATATAAAAGCATTAAATATTATCCACTATATGCATGATAAATATTCTTATGAAGCATTGGAAATGGCTCTACACTCATTAGATATTAAGAGAACAGAAGCTTGTGGTATAGCTGGACTTTCAATAGTTGCTGACTCACTTGCTGCTATCAAATATGGTAAAGTAAGAGTAATAAGAGATGAAGCTGGAGATGCTGTTGATTATGTTGTTGAACAACCTTATGTTCCATTTGGAAATAATGATGATAGAACAGATGAATTAGCAGTTAAAGTTGTTAGAACATTTATGAATAAAATTAGAAGTCATAAAATGTATAGAGATGCTGAACCTACTCAATCAGTTCTTACAATAACTTCAAATGTTGTTTATGGTAAGAAAACAGGAAATACTCCTGATGGAAGAAGAGCAGGAGCCCCATTTGGACCAGGGGCAAACCCTATGCATGGAAGAGATACTAAGGGAGCTGTTGCTTCATTAGCATCAGTTGCAAAATTACCATTTGAAGATGCAAATGATGGTATTTCTTATACATTTGCTATAACTCCTGAAACATTAGGAAAAACAGATGACGAAAAGAAAAATAACTTAGTTGGACTTCTTGATGGATACTTTAAACAAACTGGACACCATCTAAATGTAAATGTATTTGGTAGAGAACTATTAGAAGATGCTATGGAACATCCTGAAAATTATCCACAACTTACAATAAGAGTTTCTGGATATGCAGTAAACTTTATCAAATTAACAAGAGAACAACAATTAGATGTTATAAACAGAACTATCAGTAATAAAATGTAATAAATAGGGGAGAATTTTTCTCCCCTTTACATTAATACCACAGTAAAAATAGTTCGTTAATCATATATTTAAAAGGAAATGATAATATGCAAGGTTATATAAATTCTTTTGAATCTTTTGGAACGAAAGATGGTCCTGGAATAAGATTTGTAGTTTTTATGCAGGGGTGCCCTTTAAGATGTCTATACTGTCATAATGTAGATACTTGGGAATTAAAAGATAAAAATTACATTTACACTCCTGAAGAAATTTTAACTGAATTAAATAAAGTTAAAGCTTTTTTAACTGGTGGAATAACTGCCTCTGGTGGTGAGCCTCTTTTTCAAGCCTCTTTTATATTAGAACTTTTTAAACTTTGTAAAAAAAATGGAATACATACTGCTCTTGATACTTCTGGTTATATTTTTAATGATCAAGCCAAAAAAGTTTTAGAATATACAGATTTAGTTTTATTAGATATAAAACATATTGACAAAGATATGTATAAAAAACTTACATCTGTTGATTTAGAACCTACTCTTAAATTTATAAAATATCTACAAGAAATTAATAAACCTACTTGGATAAGATATGTGCTTGTCCCTGGTTATACTGATGATATAAAGGATTTAAATGAATGGGCTAAGTTTGTATCACAATTTGATATTGTTAAAAGGGTTGATATTCTGCCATTTCATCAAATGGCTATTTATAAATGGGAGAAAACAAATAGAGAATATAAATTAAAAGATACTTCCACACCTGATAAAGAGCAAATTAAAAGAGCAGAAGAAATTTTTAAAAGATATAATTTACCTTTATATAAAGAAAGAAGCTAGGATAATCCTTAGCTTTTTTCTTTATAAGATATTTTTATTTGTTTTCCACAAAATGCTATTCCTATATATGTTATTTCCTTTATTCCATTTTGCTTTAATGATATATCATATTTTTTATCTTCTATTTGTTTTAAGGCTTCTTTTGATACTTCTTCTAATTTTTCTACACTATCTGTTGATTTAAATTCCATTATAAAGGCTCTTTTACTCTTATTCTTTGGCTCTATTAAAAAATCATATCTTCCTAATCCACTTTCTATATTTGATTTTGTTATATACTCTCCCTCTAAATATAAGCCCATTCCCATTATTAGTCCGTGGTAAAAGGCTTCATTTCCTTTCTTAGTATCATTGTAACTAACTGATGTTAATAATATTTCTTGTAGACTTTCTTCATAATCTTCTATCCTATTTTCTGTTAAGGCTTCCATCAAATCT
NZ_CP077140.1_gap34	1655561	1660221	4660	TCCAACCATTATAGCAGTTGGTGTGGCAAGTCCTAATGAACAAGGACAAGCAATTATAAGGACAGATATAAAAATAGTCAATACAAACTCAAATGGATTTTGACTTACTGATACTACATTGTATTTTATTAAAAACCACCAAAGTAAAGCTGCAAAAATTGCAATAAAAATAACTGTAGGTACAAATATTAAAGAAACCTTGTCAGCAAGCCTTGCTATTGGTGCTTTTGTCATCTGTGCATCTTCAACAAGTTTTGCTATTTTAGATATTAATGTTTCTCCTTCTGTTGCATTTACAACAACTTTCAATGCTCCATCTTTATTTATACTTCCACTGTACACCTTATCATTTTCAGCTTTTTCAACTGGAATACTTTCACCAGTAATCATAGCTTCATCAATAGTTGAATGTCCTTCTATTATCACTCCATCAACTGGAATTTTTTCTCCAGGTTTTATGAAAACTGTATCTCCTTTTGATACTTCTTCTATATCAATTTCAATTATTTCGCCATTTCTAATGATATTAGCTTTTTTAGATTGAAAATTTACTAATTTTTTTATTGCTGCTGATGCCTTTCCCTTACTTAAAGCCTCTAAATATTTACCCAACATTATAAATGCTATTATTGTTGCTGCTGATTCATAATACAGTGAGTGCATTAAATGTGTATTATTATCTGCAAATATCTTATAGCTTATATACAGACTATATATAAATGCTGAACTTGTTCCCACTGCTACCAAGCTATCCATATTAGGACTTAACATATATAATTGTCTAAAACCAACCCTATAAAATCTTCTAGCAATGAACATCACAATCACTGTTAAAATAAATTGGATAAAAACATAATTTTTTATATAAGATATAGGATTAATTATATTGGGAAGAGGCAAACCTACCATCTGTCCCATAGAGATATACATAATTACAAAAGATAAGGCTATAACTACCTTTGATTTAGTCAATTCATTTTTTAATTTTTTTTCTGCTCTGATTATTTCTTCTTTATCTTTTAAATCTTCTCTTCTCTTTGGAATATAACCTAGCTTTTCAATTATTTTCATAATCTCACTAGCCTTTATTTCCTTTTCATCATATTCAATATCTGCCATATTATTTGAAATATTAACAAGTGCCTTGTCTACTCCATTTGTTTTTGACAGTTTTCTTTCAATCTTTGCAACACAAGCTTGACAACTGATACCATCTATTTTTAATTCTAATTTGCAGTTATCATTTTCTTGATTATTGTCAATTCCTGCTCCTAAATTTACATTATTCGCCATTGTGACTACCTCACTAAATCATATCCCACATCATCTAGTTTTTCTTTTATTTCACTTAATACACCATCATTTTCAGCTTCTATTTCTGCTGAACCAATTTTTACATCCAAAATTTTTATTCCTTTTACTGTTTCAAGTGCTTCTCTAACAGATTTAACACAATGTTCACAACCCATACCATCAATTTTTAAATTTAATTTCATCCCTATCACTCCTTCTAATTTACTCCATTAGCTATAGATATTATACCAATTAGGTATTCTTTTGTCAAATATTTTTTATTAAAATACTAAACTTTTATTTCTTATATTTTTCTTTTACATAATTTAACATTTCTTCTTTTTTATTTTGAATTTCTTCTGATAAGTACTTATCCAATAACTCTCCCTTAACTTTTCCAATTTCTGTTCCTGCAAAACCTAATTCTATTAAATCATTTCCATTTATAGCTAAGTCATTGACTGTTACTTGCATTTGTTTTTCTACTGCTCTTTTTAATCTTTCATGAAAATCATTTTCTGTACTGACAACTTCATTATTTTTTGAACTATTATCTGCAATAGAATGCTCAATCAATCTCCATAAATTGTTATAGCCCATTTCAGACAATAACTTATTAAATTTTTTATCTGTAACATCTTTATATAAAATCATATGTTTTTTTATTATCTCTACCACAGTATTTATCAATTTTACTGGTAATTTCATTCTAGTTAGTATGTCCCTTGCCATATCAGCACCGACTATTTCATGAGTTTTATAGTGTGCTATACCTTTTTCATCAAAAGTTTGAACAATAGGTTTGGCTATATCATGCAAAAGTGCTGAGTATCTTAATTCCAAATCAGCTGGAACTCTACTTACAACATTTATAATATGATTGAATAAATCTAAATTATGATGTGGATTACATTGATTAAAATCATAAGTTGCTTTAAATTCAGGGATTATAATCTCTAATACTCCTGTATCTTTCATTAAAGTCAAAGTATTTTTTATATTTTCTCCCAATAATAATTTGCTAAATTCTATAGTAATTCTTTCTTCTGGAATATTTTTAAGCAAAGATTTTTGATTTTTTATTGCTTCAATAGTATTTTTAGATAAAGAAAAATTAAGTTTTGACATAAATCTAAAAGCTCTCAATGTACGAAGTGGATCTTCTATTATTCTTTCTTCTGCATTTCTAACAAAATTTATTACTTTATTTTCTATATCTTTTTGTCCATTGTATAAATCAATAATTCCCTCTGTTTCATTGTATGCCATAGCATTTATTGTAAAATCTCTTCTTACTAAATCATTTTTTATTTCATCAACAAAAGTAACTTTTTCTTCTTTTCCATAGATATCTTCTCTAAATTTTGCTATTTCATAATCTATATCATTTATTCTTATTCTTAAAACTCCAAAAGATTTTCCTGTTTCTTTTGGAGTGTATTCACTGAATAAAGTTTTTAAAATTTCGTAAGACAGGTTAGTTGCAAAATCTACATCTTTTGGTTTTAATCCTAAAAGTATATCTCTTATAGCCCCTCCTACTATATAACCTTTTCCATATTTATTCAATTTATTTAATATTTCTATTTCTATTTTACTAAAATTATTTATAGAAATTTTATTCATATAATTTCCTCATTATTCTTCAATGATATTATTAATGTCATCAAAGAAACTTTCTGTTGTAATTATTATTACTCTATCTCCTTCTTTTATAACATCAGTCCCTTTTGGGAAAATAGCAACATTATTTCTAACTATATATGCTATAATCAAGTTTTTCTTAATTTTTAAATCTTTTAAAGGAATATTATTTATTTTACTATCAGAATTTATCAAAATTTCTATCGCTTCAACTGTATTATTTTCAAGTCTATAAAAATTTTCTATTAAATTTTTCTTTTTATTTGCAATAGAACGAACAACTCTAACTATATTATCTGCTACTATTTTTTTAGGAGTTATTATAGATTGAAAACTATTTTCTCCTAATATATCAACAAAAGATAATTTATTTAACTTAGTGATAATCTTTTTTATCCCTATTTTCTTAGCATAAATTGAAATAAACATATTAATTTCATCTATACCTGTTATAGATATACAAGAATCATAATTTTGAAAATTTTCTTCTTTTAACACTTCTTCATTACTTCCATCTGCATTAACAATTGTTGCATTTGGTAAGTATTCACTAAATTTATTAGCCTTTTCAGGATTCATTTCAATTATTTTTACAGCTATCTTATCTTTTAAAAGTTCTTCTGCTAAATAATGAGTAATTATTCCTGCACCAATTATAAAAGCTGATTTTATCTTTCTTCTATCTTTTCCTAATGCATCTTGAAACTTCATAATTTCATTGTTACTTCCAGTTATATAAATTCTATCATTTGCTCTGATGTGGCTATTCCCTGATGGAATTATTACTTTTTCTCCTCTTTTTATTATACATACTAATAAATTAGGGAAATGTTTTTGTTTAAAATCAAAAAGAGAAATATTATCCAGAGGCGAGCCTCTATCTATTCTAAATTCAACAAGTTTTAATCTTCCATCCAAAAAACTTTCCACATTTAATGCTTCTGGAAAATCTATGTTCTGTTTTATATCTTTTGCTGCTTCTAATTCTGGATTTATAACTAAATCTATTCCCAAAGATTCAGTCATAAAGTTAAGCTGAGATGAATAATCTGTACTTCTAACTCTAGCAATGGTATATTTTGCTCCTAATTTTTTAGCTATAACTGATGATATTATGTTTATTTCATCTTTTTCAGTAACAGCTATAAACACATCAGCCTTTGGGACTTCTGCTTCCATCTGTACATCATAGCTCACTCCACTTCCAACAAAGCCCATAATATCAATATTAGCTAAAATTTTTTCAAGTATTTTTGCATCTTGTTCTATAAGAATTATGTCGTTTCCCTCTAATGATAAATCACGACAAAGAAGTTCTCCAACTTTTCCAGCCCCTACAATTACTATTTTCATTTTATCCCTGTCCTATTTTTTATATACATAAGCTATAAATTCTTCATAATCTTTTTTGTCTACTATTTTATATCCATAATCTTTAATATTTGGAAAATATAAAGGTTCAACTGCTTTTTTAACTTCTACACTATCTTTTATTTTTGAAAAGAAAATCTCATCAATTTCAAAATTATCTAAAAAATATTTATATATACTATATCCTCCTGCAACAAAAATAGTTTTATTTTGCAAAGTTAAATCTTCTATTAATTTTGGTATATCCATATTTCTATGAAGAATTATTACTTCTCTATTTTTTTTCATAAGCTCAATAGGAACATATTTTGCAGTTGTTCCTCCAAATAAAACTGTATTCCCAACAGTTTTA
NZ_CP077140.1_gap35	1713481	1714102	621	CAGCTATCCAGTTCTTATTTCCTACTGTACCGTTACCTGCTCCAGCTACTTTATTGTTATTTCCTACTGTGCCGTTACCTGCTCCAGCTACCCAGTTGTTACTTCCTACTGTACCGTTACCTGCCCCAGCTACTTTATTGTTATTTCCTACTGTGCCGTTACCTGCTCCAGCTACCCAGTTGTTACTTCCTACTGTGCCATTATTAGCCCCAGCTACTTTATTGTTATTTCCTACTGTGCCGTTACCTGCTCCAGCTACCCAGTTGTTACTTCCTACTGTACCATTACCTGCTCCAGCTACTTTATTGTTATTTCCTACTGTACCGTTACCTGCTCCAGCTACCCAGTTGTTACTTCCTACTGTGCCATTATTAGCCCCAGCTACTTTATTGTTATTTCCTACTGTGCCGTTACCTGCTCCAGCTACCCAGTTGTTACTTCCTACTGTACCATTACCTGCTCCAGCTACTTTATTGTTATTTCCTACTGTGCCGTTACCTGCTCCAGCTACCCAGTTGTTACTTCCTACTGTACCATTACCTGCTCCAGCTACTTTATTGTTATTTCCTACTGTACCGTTACCTGCTCCAGCTACCCAGTTGTTACTTCCTACTGTGCCAT
NZ_CP077140.1_gap36	1725170	1727048	1878	GCATTGGAAGAACTTGAAAAAGTTGTTAAGGTTGTAAAAATTCCAGTGATAGCTGAAGGAAATATTGATACTCCTTTAAAAGCAAAAAAAGCTCTTGAAATAGGTGCTTTTGCAGTTGTAGTTGGTGGAGCAATAACTAGACCTCAACAAATAACTAAAAAGTTTGTAGATGAAATGAAGTAGATTTTTAAGGTTATTTTATAGGATCAAAAAAATTATAGGTAAATATACTTAGGAAAGTCTTATACTGATAAGGCTTTCCTAACTTTTATAATGAAAAAAAATAGTTTATCAAATACTAAATAAGAGGAGAAAAAATGAGAAAAGATTATTTTACTAGATTTTTTTATATCATTCTTATGGGATTTGGATTTCCTATTATGAGATTTATGAGTATTCATTTTGAGACAGTAAATAATAATGCAGTGAGGTTTTTATCTGGTGGTTTTTTATTTATTTTAATATGTATTTTTAAATTTCATGAAGAACTTAAAAAAATTTTATTAGAACCTAAAATTATTTTAAAGTTATTATTACTTGGAATTTTTATGAGTGGAAATATGTATTTTTTTATCAATGGATTAAAATATACTTCTGCATTAGCAGGGAGTATATTTGGAATTTTAGCAATGCCATTAGCAATAATAATGGCAGCTATTTTTTTTAAAGATGAAAGAAGTAAAATAAGGCAAAAAAAATTCTATATAGGAAGTATTTTAGCATTCATTGGTTCTTTACTCTTTGTACTCTATGGGAATAAAGTGGGAGAAAGTTTAGATTTTTTTAAAGGAACTTTATTTTTAGGAACAGCCATTTTTATTCAATCTATTCAAAATTTACTAGTAAAAAATGTTGCTAAAAAATTACACACTATTGTTATTAGTGCTTCAATAGCTACTTTATCAGGAATCATATATTTAATATTTTCTATACACACTGGAAAAATCATTCAATTAAAAGAAGTTGGAGAAGGAATGCTAATAGGATTAAGTTTAGCAGGTATTTATGGAATGCTTACAGGAATGTTAATGGCATTTTATATAGTTCAAAAACAAGGAGTAGTAGTTTTTAATATAATTCAATTATTAATACCTGTTTCAACTGCTATTGTGGGGTATTTTACATTAGGTGAAACAATTAATTTTTATCAAGGAATAGGAGCTATTATAGTTATTTTTGGTTGTATTGTTGCTTTAAAAATATAGCCTTCTATGATATTTAATATTATCATAGAAGACTACATTTTTTAATAGTTTATAAACTTTTTTTCTCAATCCCTATCAGTTAGTTTTTTCTCTTCTTTTCTAATATTTTTAAAGCCTCTTTATCAGCTTCTTCTTTTGCTTTTGCTGCTTCTTTCATAGCTTCTTCTTGAGCTTTTGTATCTTCTTCTGGTGTCATCATTGGCATTTCTTCAGTCATTGTTGATGTTTCCATTTCTGCTTCCATTTTAGCTCTTACCTTATCTTGTTCCTTATAATACTCTCTTCTTTTTTCTAATACCTTAAAAGCATCCTTTTCTCCTGCTGCACCTTCATTTGTTGCATTTGCATTGGTACAAGCTACCATAGCTACAGAAGCTACTAAAATAAACATTGCAAAAATTCCTTTTTTCATAATTTGTTTCTCCTTTCACTGTAATAATTTTTATGATTAATTTATTGCAAGCAAATATTTTGTTCCAGTTTCATAGTCTGAATTTAATTTTTCAAAAAACTTTACATAAGAAAGTAAAGAAGTGTAAAAATAATTATTTTTTTGACTATAAAATTCTTCTGGGATAAAATGTCTAATCTTATCTTGTAAATTCTTCCAATTAGTTAGATATCTTTGAATTAAATCTATATCTTCTTTGGTTATATCTTCATTTTCATTTTC
NZ_CP077140.1_gap37	1816649	1821361	4712	CCTATATCATTTATTCCAGCAACATTGAACCAAAATACAGAGTTTACAGCATGGTGTAATCCAACTGGTATCAATAATCTGTTAAAGAATCCATATATTCCTGCTCCAACTGGACCAAGTTTTGCAATACTTGTTCCAAAAGTTACCAATGCTCCATAAATGATTGGCCATATATATGTTAAAATAAATGAAACAACTATCATTACAACTGATGTGATAATAGGAACAAATCTTTTTCCACTGAAAAATGCTAAAAATCTAGGTAACTCTATTTTATGGAACTTGTTATATAACTCTCCTGATATAACTCCACAAAGTATACCTATAAATTGATTGTTAATTTTTCCAAATGCTGCATGAACTTCTTCTTGTGGGATACCCATTATTTGAGATACAGCTCCTGTTGATAATAAAGTTGTAACTATCTCAAATGCAACAAGTCCTGCAAGTGCTGCTGCACCATCTTTATCCTTTGATAGTCCATAAGCAACACCAACAGCAAATAATATTGGCATATTATCTAATATTGCTGCTCCTGCTTTTATTAAAAATGCTGCCAACTGGCTGTTAGCCCCCCAACCACTTGGATCTATCCAATAACCTATTCCTAACATTATAGCAGCTGCTGGTAAAACTGCAACTGGTACCATAAGTGCCTTACCTATTTTTTGTAAGTAACTAAACATATTTTCTCTCCTCCTTTTTTATTACAAAAACTTTTAATAAATTTCTAATAATTCATTATTAACTAATTATATCACATTTTCTTTAAAATTATTAATTTTTTTATACTTTTTTAAAACATTTCTGAAATTTTGTTTACAATTAACTTTAAAAGTATATATTTATATTCTAGGAAAATTTTGATACAAAATAATTTTTTTATGTTATAATAAAATATAAAGATTTTCAAGGGAGGAGGAATAAAATGGGATATGTATTTTGGCTAATACTTACTATTGTATTTAGTGTTATTGAATTTATGGGTCCTGCACTTGTTTCAGTTTGGTTTGCTTTTGCAGCTGCTATAACAATATTTGTTTCTTTAGCATTTGATAATTTAAAAGTAGAAATAACTTTCTTTACTATTATTTCTATTTTAGCAATTATGTTTATTAGACCATTTGCTAAAAAAATTCTTTCTAAAAAGAAAGATAATTTTGATGCAGAAATAATTGATACAAGTATTGTAATAAAAAAAGTTGTTGACACTAATAAAGAAGAGAAAGTTTATGATGTTAGTTACAAGGGTTCTATTTGGACTGCACTTAGTAATGAAATTTTTGAAGTGGGAGATATTCCTGTAATTTCATCTTTTAAAGGTAATAAAATTATTATTAAAAAATAAACTAGGAGGTTTTATTTTATGTTTTACATACCATTTTTTGTATTATTAATAATTTTAATAGCCATAGTTATGTTAAAAGCTGTTAAAATTGTTCCTGAATCACAAGTCTATATTGTTGAAAAATTAGGAAAATACTATCAATCTTTAAGTTCTGGTTTAAATTTTATCAACCCATTCTTTGATAGAGTATCAAGAATCGTTTCTCTTAAAGAACAAGTTGTTGATTTTGACCCACAAGCAGTTATCACAAAAGATAATGCAACTATGCAAATTGATACTGTTGTTTATTTCCAAATAACTGACCCTAAGTTATATACTTATGGAGTTGAAAGACCTTTATCAGCTATTGAAAATTTAACTGCTACAACTCTAAGAAATATTATAGGGGATATGACAGTTGATGAAACTTTAACATCAAGAGATATTATTAACACTAAAATGCGTCAAGAATTAGATGATGCAACTGACCCTTGGGGAATAAAAGTAAATAGAGTTGAGTTAAAATCTATACTTCCTCCAAATGATATTAGAGTTGCAATGGAAAAAGAAATGAAAGCTGAAAGAGAAAAGAGAGCAAAAATTCTTGAAGCTCAAGCTACAAGAGAATCTGCTATTCTTGTTGCAGAAGGAGAAAAACAATCTGCAATATTGAGAGCTGAAGCTGAAAAAGAAGTTAAAATAAAAGAGGCTGAAGGTAAAGCACAGGCTATTCTTGAAGTACAAAAAGCTGAAGCTGAAGCTATTAAAGTTTTAAATGAAGCTAAACCAACAAAAGAAATTTTAGCATTAAAATCCTTTGCTACATTTGAAAAAGTTGCTGATGGAAAATCTACAAAGATTCTTATTCCTAGTGAAATTCAAAATTTGGCTGGATTTATACAAGCTATTAAAGAAATTAAATAAAAAAATTAATCAATATTTTAGAGAATTTTTTGAGGATAAAAACTTAAAAAATTCTCCTTTTTATTTAAAAAATAAAGAAGATTAATATAATAGATAAAATTTTTACATTTCCTACTATACTAACCTTTTTGCTTTATTATTTATAACTTATTTCCTCTTCCAAAATATTTTTCTAAAAAACTATCTTTAAAAAGTTCTTTTATTTCTTTATTTTGTTATTTGCTTTAATACATCATTTATTAAATCATTTCCTGATGTATCCACCCAATAAGCTCTTAATTCTTTAAATCTTAAAAAATTTATTATACTCCAAGGGTTATAGACTTCACTATCTCCAAATTTATATCCATCATACCAATCTTTTACTTTTGATATTTCTGCTTCTATTCCATAATCTTTAAGGCTTTTCTCCACTTCTTCTTCTGTTAATCCATAACTATCTGTATAATCATTACTTAATATTGTATAAGTACTTAAATTATTCAAGTCTGAAAATATTCCTGCCTTTATTACTCTTATTATTCCAGTTAAAACTCCCATTTGTAAGTAGCTATTATCTTTTAATCCAGCCCTCCTTATAAAAATATTTTCTTATTTGTATTATACCATAGAAAACAAAAATAATCTTCAGTATTTCAGCAAAATAAGGGAAGAAGGTTAGCATAATAGTGTAAAACTCCTATTATACTAACCTTCTATGAAATAATAATCTATATACACTAGTGTTAGTGCCTTATTTATTATACACTTACTTGGTCGCCATAAATGTTTCCAGAACTCCACAAAAGGTTCTCTCAATATTTATGGACACCAGTATAAGTGATATAAGCTAATTTTGATGGGATTAGAATATAACTCTTAAACCTAATCCTCCTCTTACATTATGGCCTTTTGTGTCATATCCTACATTTGCAGTTACTCCGTATCTTTGGTTATCTAAGCCGATATTTAAGTCTGTTTTTATATTTCCTCTCCTATCTTCTTTTTCTCCTCTGATATTGAACCAATCTGCTGTTGTGTCTACAACTCTTGCTTTATTTTTTCCATTTGCTATTCTTCCTAATTCATTTTCATAAGCTACTGTTAAGCCTACTTTTAATGTCTTTCTATCAAATAGATGTTTATAGGCAAGTTCTCCTCCAAATTCTGGTCTTATTGAGAAATAATCATTATGTTTAACTTCCAGTTTTATTTCTCCTGACTTTTCTCTTATCTTAGTCATTCTTCCATACTCTGTTTTTAATGCTGCATATGGTTTGAATGAGAAGTCTTCACTTAATCTAAAGCTTTTACTTACTTCATTTTTTACTCCTAATCCATAAGAATAGTATTTAGATTTTGCATGGAATATTTCATCTACAACTAAGAATCTTCTATGCATTTTATTATATCCTGCAAATACTTCCCCAGATATTGTCCAGTTTAAGCTATTATCATAATCAAATGGAACTGATTTAAATACTCCAAGTTTTGCTTGTAACATTTGTTCTTTTGATCTTCCTATATCTTTAAACTTAAATGTATTATGAACTATACCTGTATACCAGCCAAGAGTTTTTCCTAATCTTACAGTTTCATCTTCATGTACATAAGCTACACCATAAGCATAATTCTTATAATCTATCACTCCTGCTGTATCTGTCTTATATTCTCCATTAGTTCCAAATACTTTTACTTTATTTGAATCTTTAGATACTGTTTGCCATTCACTTCTTAAATAGTCAAATTCTTGAGAAAGAATTTCTCCTGTTGCATTTATTCTTTGTTGAACATTTGCATATTGGTGTCCCATCATTTCATCAAAGGCTTGGTACAATAAGATTTCTTCATTCTTTCCAATACCATTTAATTTTTGGAATACTGCATTTTCTCTTGTTCCAATATCTTCAACACCATATCTTTGTTCTAATCCATCTGTGAAATTATATGTATCTTTTTTATCAACAGGCCAAGGCACTTTTCCAGCCCAAGCAGTATAACTTTCTTTTGCTAAATAAAGAGCATTCAATTTACTTCCTGTTTTATCCAATGATGCATACCATGTTAATGAATTAGAATATACATGCCATTCAGAAATTTGAGTATTTCTTTTAATCATTTCACTATAAGGTTCTAATATCTTCTTATCTGTTATAGTAATATATTTCTTTGTTGTATTTTGAGTTGCTTCATTACCTATTATTAAATCAGCTGTCTTCAATCTTCCCAAATTACCTAAACCTTCAAGAGGTTTTGTATAATTTTTTGAGGAAGTATCTATATACATTCCTATTTTTGAAGAAGTCAACATTTTTTTCTGAATTGTTCTTTTTGTTGTATCATCAACTATATCCATTTTTGGAGGCTTTATAGGTTTTCCATCTTTCTGTATAGCTTCAGTATTTGGATCTGTTGGAACAACAATTTCAGTTCCATTCTTTAATCTTTTACTCAAATCACTTTTATCCACTTGCTTTCTCAC
NZ_CP077140.1_gap38	1846255	1850701	4446	TTTCATCATTTCCTATACCTAATGCTTGCAATAGTTTTTTAGATGATGGTTTTAATTCTACAAAATTTTCTGTATTTAACATTTTCTTAATAGTATTTATTCCTATAATTCTTGAGGCAATATATCTATTTTTTTGCATAGAATTTTGAAACATCATTGATGTACTGCTTAGTACATTTTTAAATTTAGAATATCCTGATATTTCTCCATTACCCAAAAGCATTTTGGCATTAACTCCCAATTCCATTAATGCTAACTCATCAGCATAATCTCCAGCTATAAATTTTCCAATTCCTCTATATAATTTTCCTAAATGATAAGAACTAGAAGCTAAAGGCTCTAATAAATTATATGCTGTTGATACAGCTGAAATAGGAGCAACAAGCAAATTTTTTGCTAAATTTCCTCCATATTTTAAAGTCTTTAATGTCGCTAAAACTGGATGGGATAATGTTTCTTTTATTCCACTAGCAAATAAAAGCCAACCTCTTGTAAAACCTAACATAGTATTAACTACTTCTTTTGCTGGCTCTTTCTGTGTTGAACTTTTAAATATTGATTCTGATTCTATAAAATTATTTATTTTCTCCATAACTACTGGTGCTATTTCTTTAAATCCTTTATTGTGTTCATATTCTTCAATAAAATTTTTACCATCTAAAAGGTTTTTTCTTAATATAGGTATAGTATTAAAGAAAGATAACAAACTCCCATCTTCCTTAACTAAATCATCTAAAACTTTAAAAGGTACTCCCCAAGTGCTCATTGCTGCTTGTTCGTTCATTATAAGTCTATCCATAATATTTAACATATCATAGTTATCTTTTAAATAGGGCTCTGCAAAATCTAAGAAATTATTTATTCTCTCTTTTTGACTTTCTCCTACAAAATTATTTTTTATAAATTTCATTAAGTCATAATTATCTAAGTCTGTTTCTTTTAGTCCAGCTTCTTTCATATCTAATTCAATTTCTCTTACATCTTTTGTAGTTTCTGTTAAAAAATGATGTAATTGTCTTTTAAAATTATCATCAAATTCTCCACCTTCTGCAATAAATTTTAAATTATTTAATTTTTCTCCAAATTTTTTTTTAAAAAATTCAATATCTTTTATTGCTAAATCTTCTAACATTTTATCTTTATTGATAGATAATTTAATAATAGCAGTATCAACTTTCTTTTGCTTTATTGCTTCAACATCATTGACTAATTTATCAATATTAAACTCTTTATCTCTTATTGTTTTACTTCCAATATTTAAAAATTCTTTATATGACATTTCTCCACCATTAGGCTTTGTTATAGCAATAGTTTCATATTTTGACCTTTTAGCTTCCAATACTGCTACAACTTCATCATAACTTAGACTTTTGTTTTTATAGTCATTAAATACATCTGCAACCTCTTTGGCAAAACTTTCAATATTATTTGTATTGGATAGGTACTTATTATATTTAGGAGAAGTTTTTAATAATGCTTCATTTTCCTTAACATTATAAGTTATTCCATTTTCTATTGCTCTTCTAAAATTATTATTCTTTTTATATGAAAAGTTTTTTAATTTTTGAATATTCCAATTAGTGTCTTCTACATCTTTTATTAAAAATTCCATTTGTTTTTTTTCTGACATTTGATAAAGAACAGACTTTACAACAGATTTATCCTGCAAGGATTCTCCTAACACATCATTATAACCCTGACCTTTAAAACTCATAGAAAGAGTATCGTAAAACATTGGATGCATATCTCTCATAGATTTTAAAGTTTCTATTTTATATCCATCTTTTGTTACTATATATGGAGCTGAAATATATCTATCAACCCAATCTAAAGCCATTTTATCCATATTTCTATTAGATTTTCTTATAGCTTCACTTAAATTAATTTCTTTTTTAGATTTAGCTTGTATTTCTATCCCTTTCTTTTTTAAAATATTTCCTATATCCAATAGCTCTTCTCTGCCTTTTGTAAAATCAATGATACCTGGTTCTACTCCTGTTCTTTCTTTAATAATGTTATTTTTAATTTCTTGTTTAGGAAATACTCTTTCCATTCCCTCTTCAATAGGTTGTGATTTTATAACTTCCTTCTTTATACTATCTACAATTTTATAATCTCTATGACTTAAATCAATAGCTGTTACTTCTCCTAATTCTTTTCTATAATTATTAAATACAATAGGCTCTAAAATATCACCATTTATTGTTTTACCTTTTACGAATACATTATCTGTTGCAAAATTAAAAACTTTTTTTCCTGTGATTTTCACTAATGGAAATACTGCATTTGATACAACGGCTCCTCCAACTGCTTGTACTAATTTTTCTGATGGCTCTCTTTCTAGTCCTAATAACTTATCTTCCCAAGTATTAGAATAATAATTATCAACAGTATCTGAAAACATATTAGCTCCAAATCTACCTATTGAAGCAACAACACCACTACCAGGAATTAATGCATTTACTGCTGTATTTATTGCAATATTTTTTGTTAATTCTATTGGATTAAACAAGGTTGAGGCAGCTCCATATACTAATTGAGAAGTAACTTTTTGAAATGTATTGTCTCCTAAACTATTATAAAAATATTCATACTCTCGTCTATTAGCAAGTTCTGACTCTCTGTAAATATTCATCATTTCTTTTCTTTTGCTTATTTTATTTTCTAATTTTTCAACCTTTTTATCTGGATTATAGTCAAATCTTTTTTTTGATTTTTCGCCAGCTACTATATCTTTATCAGAACTATTCATTAAATCATTAAACATAAGTTTGGTCATATTCTTTGCAGATTGATAACCATAATTTAAAGATTCAGACACATAATTTTCTTCAAGTTTAGTAGTTCCTGTCATATCCAATAAATCTACTTCATTTAATTTGTTCATAGTTTTAGGTCTCCTTTTAGGCTAGTTGATTTCATTCTTTTTCTAGGTGTTATACTATCTGCAAATGCTTCAACAGCAGTATCTTGATTTACCATTGATTTCATTTTTTTATTAGCATTTTTTTTATCTTTTCTACTTATATCTCCAGTATATAAAATATCTTTATCTGTTTCATTTCCTGTTCTTAAAGAATATTCTTGTATTCTTAGTCCTGCATTATATTCGGCAACGGCTTTTTTAGCTGTATATCTATCGGCTCCCTTTTCGATTAATTTATCAATCATAATTTTTGCCTCATCAGTAGATGCATATTCTTCTATTTGAGCACCATCTAATTGAGGAGTTAAAGCTCTCGTTTTTTCAATACTTCCTATTGCTCCTAATTTAGCTTTTGAAATTATATCTCCTTTATTTGCTTGTATAGCTACATCAATACTCTTAGTATATCCTCCATCTTGTGTTAAAGAGTTTACAACTAATTGTGTCATCTCTGGATTATCTCCACTGTATGTACTTACAACATCAATAATAGCTTGACTTTCTGATTTGCCATCTCTTATTGAATTTGCTACATCTACTCTCATATTATCTAAAACAGTTTCAGGAACATATCCTTTTATATATTCATTACTAGCATTAATTTCTTTTACAGACTTTCCTGTTATATGATAAATTCTTGAATTGTTAATATTTCCACTTTCTAATGCACTAATTTCTCCTGCAATTCTATCATCATATCTTACTCCCTTAGATGTTTTAGCAGTTATTGCATTTTCCATAGTAGTATAATTTCCACTATTATAAGCTATATTAAAATTTGCTTGCAGCATTTGCATTCTCTCTTTTTCTTCTCTTTTTCTTGCTCTTTCTACTTCTTGTCTTTCTTTTTTTACTCTCTTAAATTGATTAGACATTCTGTTTATTACTTTGGAACTTTCATCAGTTAATTTTGTATATAAATATTCTTCTGCTTCTTCCTTGTTATCTGTTGTAAATAAATCAGCCATTTCTTTTGCATAAGCTCTCATTAAATCTTTATTATCCATAACCTTTTTTAATTCATTTAGTTTAGCTTCTCTTTGTTCAAAAGTTAAATCTTCATTCATTACAACTTGTTCTAAATAATTTTCTTGTCTACCCATTTCAGATTTCGCCACATAATTTCCATACATAACAAGAGCTTGCTCATTAGAAAGCCCTGCAAATTCTTTTAAAATATTTATCTGATTTATCATAGTCTTATAATTTTCTTGTGCTTTTTTATCATCGTGAATATCTAAATTAGAAGTTATAGCAACTATTTGTTCTAAATTGCCTATTGCATTATCTGCTTCTCTTTTAGCAACTGCGTCTGTTCTTTTACCTAAATGCTTGGCATAATCTTCTCTATAAGCTATGTTATTCTTTTCCAATGTTATTTTTTTTTCTTCCATAGACATATATTTCATTGATGAAATTAGCTTTGATTGTTCTGATAATAATTTCTTTTTATCTTCTAAATAACTATTCCAAGTATCGTCATTAGTATATTTATCATGAACACCAGACCATTTTTCTTC
NZ_CP077140.1_gap39	1855269	1857886	2617	ATTTTTATAATAAATTTGTCTGCCCAGACTTTTTATTAAATATTTTCTTTTATAAAATTAACAAATAAATCTACAACATCTTTTTCCACAGAAAACTTCAAAGACTCATCATTATTGCTACCAAAAAAAGGCTCAACTAAAATATAAGTATCTTTGCTATTACATATTCCATAGCCTCCTCTTGTTTTGCTATCTTGAATTTCTATTATTCCGTGATTACCTCTAATCTTGCTACCAAATATATTCTGCAACCTTGCCATAAAATTAGTCGCTAACTCCTTAGCTTCATTATTTTTATAATAAACTAAACACTCACAACCATTGGCTTGCTCACTTGCTGCAGAATTAAAATGAAGTTCTATACAAAATTTATAATCATTCTTATTAAGTTCTTTTAAAACTTCGTTCATCTCAGGAACATAAAATTTATTTGGTTTTCTTTCATATACATCTACCATTAATGGAATTTCAGTTTTAATTTTTTCTGCTATTATTTTCCAATAATCATATTCACTACCAACTATGCTTGAATATGCTCCTTTACTTCTTTGATTATGACCAATTATCAATGCTACTTTCAATTAAACCTCCCATTTTATATTTTCTACTTCTTCAATGCTATTAGCTTTTTCTAATTCTTCACAAACTCTTTTAAAATCTTTCCATATAGTCTTTTTTCTTGCACCCCATAAATCAGCACATTCTAAAAGTTCAGCTATTGTAAAATCTTTATATGTATTGTCTTTTAATCTCCAACTTTCAATATCTGTTAATTTAATTCTCTTTAATAATAGCAACATCAATTTTTGTTCAAAGTTTTTTAAATCTTCATTCTCTCTCATTTGAAATATAGAGCCTTTATATTCAAAATCAGCATCTATTTTTTTTTGTCTTTGATTTTTAAATTTTTCCTCAAATATTTTTTTTACTTCAGACAAATTTAATTCCCATTTATCTTTATTCCATTTATGATATTTTGTTGGTTGCTCTATTTTTATTATTGTATTATTTTCTATTTTTTCCCCGTCTTTTAACTTATATTTTCCCTCTTGATAAAGTTTATAATTATCTTTTATCTTTACAGATTTTGATTCTTTATCCCAATAGTATAAATCATCTAATGAAGAGTCAGAGTTAAAAATTATTTCATTTTTTAAATACTCTGGTATTTGTTCATACATTTCAAAAATACCTAAACAAAACCATATACCATTGATTGCTTTTTCTTCACTGTATACATATTTTTTCATTTAATGCCTCCAATTATTTAATATAAGCTTTGATAATAAATGGTGTGTCGTCTAAACTATTTACATAGTCATTAAAAATATCAGTCAATTCTTTTGAAGTTGTAGTCATATGATATGTATAATCTACCTCTACTACTTTAAAAATAAATTCAGGTGTTTTAACATCATTTAGAATAAAACTAACATATATATTTTTGCCTAATAATTCTTTTATTCCCTCACGAAAATTCATTTCAGCATCAAATCTTATACGATTAACAACAAGTACCGAAAAATCATATTTATCTATAACCTCATAACCACTTACATCTTCTTCACGGAAAATATAGTAATCATCTTGGTCGCGAAGATATGAAATATATCTGTCCAAAATAACTTCTATATTTGATTTGCCGTAAAAATCTTTTAAACTAATAGACCCGCTAGGTTTATTTGCTAATTTCCTGACATCACTATCATTCAAATTAATAGAACCACTTTTATTTAATTCTTTTCTTATATCATCCATACTAATAGTTCCGTTCTTTGGCAGCATTTTTTAACACCTCTATTTCAGATTTTAAATCTTTTATAGCTTCTATTAATAAACCTACAATATTCCCATAAGCTACTGATAAATATTTTTCTTCTGTATCTGTTTCAATAACCACCTCAGGAAGAATTTTTTGAATTTCTTGTGCAATAACTCCAGTTCCTTTTTTATTATTGATATCAAAAGTGTATCCATTTATTTTACACACCTTTTCTAAAGCACAATCTATTTTCTTTATGTTAGTTTTTAATCTTATGTCAGAAAATGCAGTTATATTGTTATTAGACAACACTGTTCCTGTGACTGTTAAATTTCCATTAATAGATTCACTCCTATCATTTCTTAAAAAATGACTAACATCTATATTGGCTCCTTCCCCTTTATCTCCTTTTGGGCCTATTGGTCCTTGAATACCTTGTTCTCCTTTTGGGCCTATTGGTCCTTGAATACCTTGTTCTCCTTTTGGGCCTATTGGTCCTTGAATACCTTGTTCTCCTTTTGGGCCTATTGGTCCTTGAACTGTTGGTATACTTAAAATTTCTTTTTTGTTATCTCCATAAGTAACTTCAACTTTATTTCCTCCGATTGAACGAATAGAGGTTATACTTAATCCTCTTTCTCCTTTTGGGCCTATTGGTCCTTGAATACCTTGTTCTCCTTTTGGGCCTGCTGGACCTATTGGCCCTTGCTCACCTTTTAGAATTTCTTTATTATCTGAAATATACTTTTCTACTGCACTTGATAAGCTGTTTTTCAATTCATCAGATAAAGTGTTTAAAGAATTTATTTTTTCTCCTAATATTCTTTCAAATTCTTTTATAGCTTCTTTCTCATT
NZ_CP077140.1_gap40	1859587	1861373	1786	CCTAAACTTTCACTTAGATATTTATTAAAAATATCTACTGCCTTATCACCACTAATATAAGTATTAGCTCTTGTTTCTCTTTCTGTTTTTGCTGCACTTACATTATTACCTCCTTTTGCAAAATTAATAACTCTACCTAAAACTTTTATAGCATATGGATCCGAAGCTATTGCATTAAAAAACTTTTCTTCTGGTGTTCCTTTCAAAGCTCTTTGTAATAAATTGCAATTAGCTTGATAAGCTCTTTTCTCTTCAAAAGTTAAATGCTTGTTTAATTCTTCTCTTATACCTTGTGGACTTTGTGATTCTTCTCCTTGTTCTGCCATAAATCCAACTATTCCTAAAACTTGTTCTTGAGATAATCCTAATTCTTGAAATTTATTTGTATAAGTTTCCAAGGCTTTTATACTATCCTCACTTGTGTCTATTTTTTCTTTTAAACTTGATAAATCATATCCATTAAAAGAAGTTTCAACATCATCAAATGTCATTTTAGTAGGGTCAAATATATCTTCTTCCAATTGTTTATCATTATTTTGATTATCAAGAATATCAAGATTATCATCTCCTTGTGGATTTTGAGTTTGCTCATCACCTGTGTCTAATTTTTTGTTTACATCTAAATTTTCTCCATCCATAGTTACTCTCCTTTCATACTTTCTATAATTTCATTTTTTTTATTTACTAAATCAAATTTTAATTTGATTAATAAGTTTCTTTGTTCTGGATATTTTCCATAGTTTTGATAATAATTTTCTTTTGTTTCTTCCCAATCTAATGCACACCATTTAATTAATTCTAGTAAATCATTATCTCCTGCATATTTTGTTAAAAAATCATCATATTTACTTTTTCTTTCTCTGTCATTAAATATCATCTAACCCTCCAACACCTTGTTTAACTCTTTCAGGTATTCCTGTTTCTTGCCTTTTCCCTACATTTTCTTGTGCTTGTGCTAATGTTTCTATTTCAATCATTCTTCTTTGATTTTCTACCATTGCCATAATTTCTTCTTTTGAATTAACAATACTTGCTGGGATATTCATTTTATCCCTTATATTTTCAACAGCTTCAGCAGATTTTATAATAAATCCTCTTTGTTCTTCTGGCATTAATTGAGAAGCCATATTATAAAAATCAATTATCCTTAATCCATATTCTCTACCTGAATTTTGAGTTAATTCATTTACATAATGTATTTTTGAATGTGTTACATAGTCCTCATTTTCCAGAGCATTTAATAAGCCTTTTTTTTCTAAAATATAATAAGCATTCATAAATATTGGCTCTAAAAGTTCTGTATTAATAAGTTCATAAGTTCCTGAAAATTCATTTCTAAACATCTCTTGTCTTAATTCCATTTCGGTTGCTGACCTGTTTTTTGTTTCTAGTACATCTCCCAGAGGTTGTGCCATATATGCTTTTCTTATTCTTTCTCTACAATCATTTATGTCTTGGTCTATTGGTATTAGATTAGTTCCAGTGTTTATTGGTTGTATTCCCATTTTATTAGCGTCATTCCATTCACCACCATAATTGATAGCCCCAGGTTTTAAACTAACCTTATTCCTCAAACTTATATCTCCATAAAAATTAGCTGGTGGGTCCACAATTTTATCTCTATGCCTTGCTCTTTTTTCTATATTTTCATTAAGATCTTTAATAAGGTCTTTATTGGATCTGCCTATCCCAATACCCCAAGGGTTAGAACTATCAACTTGCCATCTAAATATTACATAAGGATTATATTCAAGCACTTCATACACTAACTCCTCTTCAAACTCCT
NZ_CP077140.1_gap41	1863849	1867305	3456	GGTACTTACTAAAATTAATTTCCCATCAACATTTTCTATTGCTGGCAAAAGCAAATCTAATAAAGTCGGGTTTAATTGCATAGCCGTTTCTGACGATACTACTAAATCCAAGTTACCTCCAACCTTTGTGTCTGCAACTCTACTGTCGACAAAATAAATAATGGATCCATTTTTAAATCTTATAGAATTATCAGAATGAAACAGCTTATCAGATTTTTCTGGAAGTTTTAAAGCTTTTTTACTGATAATAGCCTCAAGTATCCTTTCCTTTTCATTTGTAAACCCCTCCAAGATCATCATCTTCCCTTGTTTTATGGTTGGGAAAATATAATAGACAATGCTTCTTGGTTTTTTTATACATTCCCTGCAAGCTACATATAAAGCGAACATATCTTTCCCCATTCTTCTACACCAGCAAATAGCAAAAAATCTAATGCCTTCATCAAATTTATTTACAAATTCTTGTTGATATTTGCGAGGTTTAAAAATCAAATAACTTTTCTTTTCTTCTTCTCTAGCTTTCAATACGCTTTCTAAATAATTAATTATTGCTTTCATCTGTATTATTCTCCAGCTCTTTTATATACTCTAAAACTTTTATGATATCTGTATCTGTCATGCTTTCTATTTTTTCTACTAACTCTAATGCTAAAGAATTTTTATATTTAGCTTTTTCTAGTTCAAATCTTTCTAATCTTTCTAATCTATTAAGCTCAAGTATTTCTTGTTCTGTTAATTCATTTTGTTTTAAAGTGTCTTGTAACTCTTTAGATATTCCGTTTTCTCTTAGCTTCTTCAAAATCTCTTCTTTAGCTTCTACATTAATATAAAATCTATCTTCTTTATTTTTTTCTATCTCTTTGCTGTATTTCTCTCTTAAAGATTTTAAGTAATCTAGCTGTTTAACTTGTAATTTCTCTTTACTGCTTAATCTCCCAGCAACTGATTTAGATAGTCCTAATTTGTCCCCTACTTCTCTTATTGTTTCTCCCGACTCTATTAATGCTCTTGCTTTTTCCTTTTTCTTTCTTCTGTTGTCGTTTGTCGTTGTCGCATTCTTGTCGTCGCTATTGTCGTTTGTCGTATCATTAAAATCTTTTCTATATCTCTCTACTGTTCTTTTACTTATGCTTAGTGCTGCTGCTATCTCTTTGTTGTCTTTCTTTTCTATTATTAATCTGTAAACTTCTTGTCTTGTATTCACATCTTCCAGCACCTCCAAGCCGAAAAAATAAAAAATGGGATACATAAAAAGCTGCTTATATTTCTATAAACTTCTTCTTATATATCCCATCTACTTTTAATTAAAATTTTGATTGTAAGATATTATTTTATTTAATTTTTTAAAAATTTTTTACACTTTTTTCATTGATATTATTGGACTTTTTGAGTTCTACAAAAAATATTTAAAAAAAGTGTTGACATACTTGCCCAAGTATGATATCATTAAAGTACCTCAAGAGAAAGGAGGTGATAAAATGAAATTTCAATTTATAATTGTGATTGAGAACTGGTCACTAACAATTACAATTACTAAAAAGGAAAAGTAATTTATCCCCCCTCTTCTGAGGGGTAAAACTAAGAGTGATAAACTCTAAGCCTTGACACTTAGATTATATCACTTCTTAAATAAAAAATCAATAATAGGAGTGATGAAAATGAAAGAATTTTCAAGATTAATGGACTGGAACGATGGAAAGGTAATAACTGTTTATGAAGAAAATAAAAAATTATATGTAAATGATAATTTTGGAATCTCTTCTGAAAAGATAAATATAGATAGATGGTTATCTATTTATGAAATTTTCTTTGGAAAAGATAAAAATTATAATTTAATAAAAATGGATAAAAAATTTATAGAGGGGTAATAAAAGCCCCTCACAAAATAAGGAGGCATTATGGAAGAAAAAAGAAAGGGGTATAAAACACAGAAGCAACAAAACGAAGCTAACAAAAGATATAGAGCTACAGAGGAAGGAAAAGAAAAAACTAAGCATAGTACATATAAAAGTCGTGCTAGAGTTTTTATAAATGAAATGGCTACACTTGAAGAATTAGAAGAACTTGAAAATTTAATAAAAAATAAAAAGATGAGTTTTTAGAGCTCATCTTTTTTTATATCTTCAAGAATTTTTATTAATTCATGATTTTCATATCTTGTGTTCTTAGAAAATATTATTATTCTTTTGTCTTTAACTTTTATCCGATATTCTCCATCTCCCAGCTTTTTTATCAAGTTTGGAATATCTCTAATTTTTGCTAAACTCATTCTTGTAGCTCCTCAACTTCAATTATAAAATAATCTCTATCACAGCCTAATTTCTTTGTTGATTTAAGTTCATATATCAAACTATCATCTTTATATAGAAAGCCGTTAAAACTATCTAGTATAGCTTTAAAATAGTTATCTATATCTTTTTTACCATTATCTTTGAAATATAATTCTATTTTAACTTTTATTTTACCTGTAAAAGTTATATACTTTTTAGATTTTATAAACCATTGTACGGCTTCTCTAAACTCTTTGCCTTTATCACTAACTCTTAGCCCTTTCCCGTTTCTGTTAATCTCCCAATGGTCATTTACAGAATCAGGCTTATATGGTATTTCAAATCTTTGCTTCATCTCATCACTTCCAAGCTAGTACAAATATTGAGATAGTTTCTATAATACTGATTGTAAGTAAACTATAAATTATTTTTTTACATTCTCTTACTCTCTTTTTTGTAGTGTTGTGTTTTAATTTTTCATTAAAATAATCTCCAGTAGCTTCATTAGCTAATTTAAATAAAAAATCTCTGTTTTTATTTTGAGCAACCAAGTTATTATTATCTTTTTTTAAAATTTCAATTTCTTCTTTTAATTCATCAATCTCTTTAACATAAGCCTTGTTGTCTTGCTTCTTATGTCTTAGATTTTTAATTAAGTTTAAAAGATATTCCTCACATTCTTCCTTGCTATTTAATTTACTAGCGTTGTAAGTAACTCCAGCTTCTTTATTAGCTTTTGTTATAAAAACTCTTAAATAATCTCTTGTTGATATTTTATTATTTACCATTTGTTCCTCCTTGTTTTTCTATTATTTCATTTAGTCTTTTAATTTCTCTGTTTTGATTCTCTAATAGTTTTTTACTATTAATATAATTTATAACTGTTGAATTTAATCCTTTTCCCATATCACAATAATCAATTAAATTTATATTATTTGTTCCATTTGCAGCGTCGTGGATTCCAATATAATATTGTGTTACTGGGTAATTATGTCTAGTGTACGCTTTGTAAATCTTAGTAAATTCAAAAGTTAAAAATTTTTCCAACTCATCAGAAGACATTGAACACATTTTTTGCCACCCATCTAAGGCATCTATAACTGCATGTATTCCTTTATCTGCAAACTCTACACTGCCATAGCTTCCATATCTGACAATAGTATTTTTTAGCATTTGTTTAGCTAGA
NZ_CP077140.1_gap42	1871264	1876054	4790	TGATTTTTCTAAATTCTTGAAAGATTTAAAAAACTTAGAAAATGAAATAGAAATTGACAAACTTAATGTCAATGACTGGGAATATGAAAAAGAAGACCCATACGGAAGCAGAGGACTAAGCATAAGAGATTTTATATAGGAGGAGAAAATGAAAGATTTATATTTTATATCAGAAGAAGCAAGAATAATATTTGGACTTGTGGAACTTGAAGGGAAGATACAACTTGATTTTTTAGGAGTGGACTTAGGACATTATCAAGATAAAAACACTGCTAAAAGCTGGTATAAATTTATGAAAGAAAAAATTGAAAATAGTGAACATCCTATGAAAGACTTGGCTATTGAAAAATTAGAAAAACTTTATAAAGGTATGGGAGGGAAAATATAAATGGCATACATAGATAGTGAGAAATTAAAAGAAGAAATAGAAAATGCAATAGATGAAGAAGAAAAAACAGACTATCACAAAGATATAGTAAGAATTGGAATGAATGGTGGATTAAGATTAGCATTACAAATAATAGAAAGAATGGAAAAATAGGAGGGAAAAATGCACTGTAAGACACTTCAAAAATACTGGAACAAAATACCTTTTCCAGCTGAAATAACGCTGGTAGAAGCTGTGGAAATAATAGAAAAATATATAGAAATGGAGGGAGAAAATGGAATTTAAAAAGGCAAGTTTTTTGCAAATAGTTAAATTTAAAATTATATGGATAGTTAAAGTTATTTGGAAATGTGTTAATTATCCATTTGATAGATTAGAAGAAAAAATGTAGGAGGAGAAAATGTGGAAGTGTAAAAAATGTGGTTGTACTGATTTTGAAGAAGAAAGAATAATTAGAAATAAAATATCACCTTATGAAATTAATGAAAATGGAATTATTACAGCGAATGAATGTAATGAAAAAGTTAGTAATATTAGAAAATCTATATATTGTAGTAATTGTCATAACTATAAAATTGGATTTTATTTAGGAGATATAGCTGATTGGGAGGAAGAATGAATATATATGAAAAATTATTAAAAACACAAGTTGAATTGAAAGCACCAAAAGGACAATATAACAGTTTTGGAAAATATAAATATAGAAGTTGTGAAGATATATTAGAAGCTTTAAAACCAGTTCTAGATAAGTTTAAATTAACATTATTTATTAAAGATGATGTTATTGAAGTAAATGGAAGAAATTATGTCAAAGCAGTTATAACTCTTGTAAATATAGAAAAGCCTGATGAAATTATTGAAACATCAGCACTTGCAAGAGAAGAAGAAACAAAAAAAGGAATGGACGGCTCACAAATCACAGGAGCTAGTTCATCATATGCTAGAAAATATGCCTTGAATGGTATGTTTATGATAGATGATACTAAGGATAGTGACAGCACTAATACACACGGAAAAGAAGAAAAAACAGAAGCAGAAAGAAAAAAAGAAGCAATAGAAGCTATTAACAAACTTGCAGATACAGAAGAAAAAACAGAAAAAGTATTTGATATGATAGCAAAATTTAATAAAAATAGTTTGTTAGATTGCACACCAGAAGAATTAAAAAAAGTATATACAGAAATTAAAAAGAAAGGAATATAAAAAATGAATATAGTAATTTTAAAAGGAAGATTAACAAAAGATATTAGTTTACTGTTTAGTCAATCAGGAACAGCTTACACAAGTTTTATAGTTGCAGTAAACAGATATAGCAAGGATAAAGATTTAACAGATTTTATACTATGCACTGCATTTAATAAGACAGCAGAGTTTATATCTGAATATTTTAGAAAAGGGCAAGAAATTTTAATTAGAGGTAATGTAAAAGTTGATAGTTATGAGAAAGATGGAAATAAGATAACTAGACAATACATTATTGTAGAAAATGTTGAATTTGTTGGAAGTAAAAAAGAAGATGGAAATAGTGCAAACAGTAACACAGAAGCAACAACTGATAATATTGATGAGGAATTTCCTTTTTGATTGTAGAAGATAGGAGTAGTTAAATGGAGAAATTAGGATATAGCAGACAAACACAAAAACTTATATATTGGCTTTTAGATGACTTTGCTAACTTTTGGCAAGGAAATGAAGCAGGAGCAAGACCATCATTTATAGAGCTTGCATATACAAAGCAACTTATGAAGAGAGAGTTTACTAAAATCTATGATGGTTTTGATACTGTTAAAAATGCTCAGGCGTTCCTAATTTCTTCTATCTACAATAAAGATAACCTAACAGTAGATGAATTGACTAGCAATGTTATAAAGGCATTACAGAGCCTAGCAATTCAAAATGGTGGATTTAGTTTATCTCTTGGAAGCCTAACACAAAAACAAGCCAACGATTTTGTTAAGTGGCTATTTGAAATGGCTATCTATTGGGAGATACCACTTAGACAAGAAATAAGGGATTTGTTTTCTGAGGATTATCAAGATACTTTTATTTGGGTAACTCTAAAAAAGAAGATTTGTTGTATATGTGGTAAACCAGGGGAGCTACAACATTTTGACAGAGTTGGAACAAGTGGCTATAAATCAGATACAGGGCTAAATTATAGAGTGATGTGCTTATGTAGAGAACACCACGACGAAGCTGATAACTGTATCAGTAGGATTGATTTTATGAAGAAATATCACTTGGCAGGAATATATCTAAGTCCTGAACAAGTGAAAGAATTGAAAGGAATATATAAAGGACACTTTCAAGCATTTAAGGAGGAGAAATGAAAATAAAAGAATATGCAACTGAAAGGATAAAAGATATTCAAGAATTTTTAAAAGGAGATGGAATTGAAGAAAGTATAAGAAAAAATAATTATTCTGTTATAGAAATTCTTGAATATATAGAGGATATGTGTATGGCAGAAGTAAAAGAAACATTAGAAAGATTTGAAAAAAAATTTGAAATTTATTATGAGAGAAACGGCTTTGATGAAATTTCTGATGAGTATATGCAGCAAATAGAAGCTTTAAAGTCAGTAGTAATTATGTGTAAGGAATAACGACTATTTCTATTTTGGAAACAGTAGGAAAATACAGAGGTTGAACATATTACTGACATCGGGAAGATGTTCAAAGTATAGAAAATAGGAGGAAGTAATGGAAAAAGAAAAGGTATTAGAGATAGAAACTCAAGAGGTATTTGATAAGGTAGCAGTGAGAATTAAATATCAAAATTTTGAAGTGTTAAAAAGAGGAGAGTTTGAAGATATAGAAATAGGAGTTGTTAGTTTTAATAATCCTTGTTATCTATCGTATCCATATAATCAATTACATTTAAAAGGTAAATTTAAAATAGATGATGATTTTATTTTTACAGTAACAAAAGAAGAATTTGAAAATATAAAAAATATGGTTGAAGCAATCAATGAAAAATATGGAATACCTAAGAGATGGAGAGCTAAGAGAGGTGAAAAACATTTTTCTATACTTTTCACAGGAGAAGTTATGAGTTTTTCAGAATATTACGACAAGTTTGATAATGATAGATATGATTTAGGTAATTATTTTGAAACAAAAGAACAAGCTCAAAAAGTTATAGATAGCAAAGAATGGCAAGAGTTTTGGGAAAAAGTGAGAAATGGAGAGATTGGAGGAGATGAATCATAAGGATAACAGAAAGAAGTAAAATGAAGCTTGTTGAAGAGATAAGATTTAAGAATATAGATGAAGTGATGATGTATGAAAATGAACTTAATGAGGATTTGGATAAAGATTATTATTTTAGACTTAATCGTCCTTTATTTTCAGAAGATTTTATTTTAGAAGTTTACTTATATTGCCCAGAACAACTTTTAGATTATTAATATTTTTTGGAGGAGAAAATGATTAAAATAATAAAAAATAATGAAATAAATAAAAATACAAGATATAAATTTTATGCTACTGGATGTAATTGTTGTAATGGGACTAATAATATAAATATATTAGAAATTAAAGCAGATGGCTCTAACTCAGGAACAATAATACCTATATGTGATAAATGTTTACAAGAACTAAAAAAGAAGATAGAAGATTTGGAGGTTGAAAATGTGGAAGTGTAAAAAATGTGGCTGTACAAACTTTAAATTAGGTATTACTGGATATGTAGATGCATATTTTGATAAAGATGGAATGGGTGAAATTTGTGAAATGACATTAGAAATATTAGAAGAAGAGAATGTAAGGTGCTGTAAATGTGAAAATAATGGAGATTTTATACAAGATATAGCTGATTGGGAGGAAGAAGATGAGAGAAATTAAATTTAGAGCTTGGTTTGAAAAATTCAAGGAAATGTATACAGTAAAGATGGTAGATTTACAGAAAGAAATAGCATATTTTGATAAGTATAATTATAGAAGTTTTTACGATATAGACCTTATGGAATATACAGGATTAAAAGATAAAAATAATAAAGAAATATATGAGGGAGATATTGTAATTCATCACAGCAAAATGTATAAAATTATTTTTAATGCAGAAGAAGCAAGATTTGTTTTGAGAGATGATGAATTTGAATTAGAAATACCTTTCACAAATAACAACAACAAAAGAATGGAAGTTGTAGGAAATATTTATGAAAATCCTGAATTGTTAGGAGACAAAAATGACTTTTAAACAAGCAGTAGAAGAGATAAAAAAAGGTAATAGAGTTAAACATAAAAGTTGGGATAGTTTAATAGTTGATGACTTTTATACCAATACAACAGTTAGTCTTACGGATGATAGAGGTTATCCATATTATTTTGAATTAGAAGATTTTTTAAAAAGATTTGGAAAATTTAAAAATGGTTGGGTACTTATTAGTGATGATGAATAT
NZ_CP077140.1_gap43	1877115	1878641	1526	CAAAGATGACATATTAAATTGCTACTGGGAAAAGTGGCAAAAGAATATGAAAAGAATTGGGAAGGAGTGGAATTGATGGAAGAATTAACCTACAATGCAAAAGAAGTTATGAAAATGCTTAAATGTTCTCAAGCAACAGCATATAGGACTATAAATGAAATTAATAAAAGATATTGCAAAAAAAATAAACTAGATGAAAAAGCTCTTGTAAGTGGTAAAATTAGTAAAAAACTTTTCCACGAATATTATCCTAACAATTAAAGATTTACAAAATTTAAAAGGGGGAGTAATATAATAATTGCTCTCTCTTTTTTTAAAGGAGGAAAAATGAAAAATGAAAATGGAACAGGGAGTGTATATAAATTAAAAGGGAAAAGGAGGAAGTGTTGGGTAGCAAGAGTTACTGTGGATTTTGTAGATGGGAAGCAAAAAAGAAAAATTATAGGAACATATGAAACTAGGAAAGAAGCACAAACTGAATTGCTAGGCTATTTGAATAATCCAACTCTTTATAGTGGAAAGACTTTTAAAGATGTAAAAGACTTATGGTATTCTAATTATTCAAAAACAGTATCTAATATTACTTTGAGAAATGTAAATAATCAATTAAAAAAATTAGAAGCATTTAATGATATAAAAATTAAAGACTTGAAATTATATACATTACAAAAATTTTTTGATGATTTAGATGGTGCTTATGGCTCAAAATTATATCTTAGAAGTGCATTAAATATGATTTTTGAATTTGCATTAAAAAATGAATTTATAGAAACAAATAGAATCAAGTTTATTGAATTAGGGAAAAATGAAAAAGTTGTTGAAAGAAAAATTTTTACATCAGAAGAGATAGATATTTTATTTGACAGCTTAGATTCTGAAAATAGATACATCAAAAAAATGTCTTATGCAACTTTAATATTAATTTATACAGGTCTTAGAATTGGTGAATTAATGAATTTAAAAACTGAAGATGTTGATTTAGAAAGAAATGTAATTTCTGTTGTAGAAAGTAAGACAAGCGCAGGAGTTAGAAAAGTACCAATTTCAGAAAAGATTATACATTTATTTAAAGACAATATAGACTATTCAAAAGAATATTTTTTGTACAATAAAAAAGGTGGCCAATATAATTATGTTAATTTCTTTCAACAATTTCAAACAATGTTGGAGCTTCTTAATTTAGAAAGACACACAATACACGATACAAGGCATACTTTTGCTACATTGTTAAATAATGCTAATGCAAATAGTACATCTATAATTAAGTTAATAGGTCATAGTGATTTTTCAATGACAGAAAATGTTTACACTCATAAAGATATTGAAGAACTTAGAAAAGCTGTTAATTTATTAAATTAAAAGTGTTGGCTATTTGTTGGCTACCTAATTAAGAAATATGATAAAAATAAGAATTATAAGAAATAAGAAAAACTTAAAAAGTATTAAAAAATTAAAGTTTTGGTATTTCCTGTAATTAAATAAATCATAGAAAAAAAGATTTTTATTTACAATAGAAATCATAAAAT
NZ_CP077140.1_gap44	1916203	1917164	961	AAAATTTTTCCCTTTTGCCTCTTCACTGTCTATATGTTTATATATAAATTTAGCTATTTCTTTTGCTTCTATATTTCTATAAAAACTATTATTATTCTTTTTCTTTTCTTGATATTTATTTGAAATATCAAACCAAGCAAATGCTTTTCTTTCTAAATCTTTTAATCTATTATCAAATTTATCTTCTTCCAAACCATTTTCTAATTTTCCTTCATAAAAATGGTTACTCACAAATGCCCCCATTTTAGGATGCATTCTATATTGTCTATTTAACATTATTACTCTTTTTATTCCATCATATTTTTCTAATTTTTCACAACTTTTTTTTAAATACTCAAACATACTTTCTTTAATTTGCTCTTCTATATAACTTTTAACATCTTTTCCTCCATTTTTTTTCTCTTCATCTTTCAAATATTCTAATATATTTTCATCTATTAAATGTGGTAGTTGTTTATGATCTCCAACTAGTATAATTCTTCTTTTTGCCATACTCATAGGTATCAATAAATCGGGAGGGTTACTTCTTGCTGCTTCATCTATTAAAACATTCTCATAGGTTCTAGTTTCATCATAGAATTTTCCATTATTTATTTTGTTTTCTAATGTTCTTCTTTTTGCATTCAATATTTCTTTTCCTTGTGTTTGCTGACAGGTTGCTCCAAAAGTTGTAATGTACTCTCTTATTGTATCTCTTACTCTCAATGGGTTATTTTCTAGCTCATCAAGATATTTTAATTTTATTCTTTCTTTAAAATTTTTATTTTCTCTTACAATATTATTAATTATTGAACTTATTTTTTCAAAAATTTCTGCTATCTTCTGATTAAAAGCTTTATCCATAAAAGGATATTCAACAGGTGTTAATTTTGATAAAATTGAAATTTTACATCCTTTTAAAAGAGAAAAATTAATCTTATTTTCTACAAGTGAATTTTTTAAAATTTTTAACTCCTCTACA
NZ_CP077140.1_gap45	2001999	2004059	2060	AAAGTTGTCTTTCCAACTCTTCTTCTTCCATATAGAACAACAAAGCTATTTTCTTTTTTATATCCTTTATTAAGAGTTTCTAGTTCCTTTTCTCTATCAATAAAATTCATAGTATCACCTCTTAATAAATTATATAATATAAATTATTATAATTCAAATTATATTTTTATAAAAATAATAAAAAACTCCTAAGTACTACTACCTAAGAGTCTTAAATTTTATTCAATCAATTATATCTTTAAAAAATTTTTTTACTTTTTTCATAAAACTAGATTTTTGCTCATAATTTTTTTCATTTAAACTTTCTTCAAATTTTTGTAATAATTCTTTTTGCTTATCTGTAAGTTTCTTTGGAGTTTCTATTGTAATTTTAACAATTATATCTCCTTTTCCATAACCTCTAAGAGATTTTATTCCTTCTCCACTGACTTTAAGTAATTTTCCACTTTCTGTTCCTTCTGGAACTTTAATCATTTTTTTACCATTTAAAGTTGGAATTTCAACTTCCCCACCTAAAACAGCAGTTGAATATGAAATAGGTACTTCACAATATAGATTTTCTCCATCTCTTACAAAAATATCATGGGGTTTAATTCTAATAACTATATACAGATCTCCATTAGGTCCACCACTTTGACTAGCTTCACCTAAACCTGCATATTTCAATTTTTGTCCATCATCTATGCCAGCTGGTACATTAACTTTCTTTTCAACTGTTTCCTTTGCAGTTCCTGTCCCATGACAGTGTTTACATTTCTTTTCAGGTACTTTTCCTGTTCCATGACAATCAGGACAAACAGTTTGTGATTGCATTACTCCTAATATAGTTCTTTGTTGAGTTCTGATAGTTCCTTGTCCATTACAAGTAGGACAAGTTTTCATTTTATCATCTTCTCCACCTGTTCCATGGCAATATTCACATTTTCCAGTTCTCTTATATTTAATAGTTTTTTCTACACCTTTTGCAGCTTCTTCCAAAGTAATTTCAAGATTATATCTTAAATCATTCCCTGGTTCAACATAACTTCTTCTTGAAGAAGCACCAAAACCACTAAATCCTTCAAAACCTCCAAAGCCACTTCCTCCTCCACCAAAGATATCTCCAAAAATATCTCCGAAGTCAAAGCCTCCTGTATTAAAGCCTCCACCAAAACCTGCTCCACCTGGTTCAAAGGCAGCATGTCCAAATTGGTCATATTGTTGTTTCTTTTGAGCATCAGAAAGGACTTGATAAGCCTCATTTATTTCCTTAAATTTTTCTTCTGCATCTTTTTTTTCTGCATCACTTGCATTTGCAAATCTATCTGGATGATACTTCATTGCTGCTTTTTTAAATGCCTTCTTTATATCATCTTCACTTGCATTTTTATCTACACCAAGGACTTCATAATAGTCTCTTTTTGCCATAATCTTCCTCCACCTCTTATTTAATATTCAATTAGATATTATATTTTTATTTAAACTTTTTTTCAAGCTCTAAAAGATATTTTTTTATTTCAATACCTTTATTACCACCTTCACCACCACTATATCCACCTATTTCTCCGCCTTTATAAACAATTCTATGACAAGGAATAATTATTGGAATACAATTTTTACCATTGGCAGAGCCAACTGCTCTAACTGCTTTATCATTGCCTATCATCCTAGCTTCATCACTATATGAGATAGTTTCTCCATAAGGTACTTTTGTTAAAATTTCCCAACATTGTTTTTGAAACTTGGTTCCTCTAATATCTAATTTAATATTAAATTCTTTTCTTTTTCCATTAAAATATTCTTCTAATTGTTGACTACTTTTTTTTGTTAAAGGAGATTCAGTAAAAATATTATATAGACTTTTTCTTTTTTCTATATCTATATTACCTAAAAAACTTATTTCACTTATTCCATCTTTTTCTTCAATTATTTCTAAATAACCAATTTCTTTATTGTATAAAAATGAAATGCCTTTAATATTTTTCATACTCACTCCTTATAACTAAAACTATTAAAAATTAATATAAGATTAAGTTTTTCTTGAAAGTAAGATTAAATAAATTTAAATAAAACTACTGCGA
NZ_CP077140.1_gap46	2020457	2023708	3251	CTGATTCGCGATTACTAGCGATTCCAACTTCATGTACTCGAGTTGCAGAGTACAATCCGAACTAAGAATAGTTTTCTGAGATTAGCTCCACTTCACAGCTTTGCGACTCTCTGTTCTACCCATTGTAGCACGTGTGTAGCCCAGCGTATAAGGGGCATGATGACTTGACGTCATCCCCACCTTCCTCCTACTCATCGTAGGCAGTATCGCATGAGTCCCCAACTTAATGATGGTAACATACGAAAGGGGTTGCGCTCGTTGCGGGACTTAACCCAACATCTCACGACACGAGCTGACGACAGCCATGCACCACCTGTCTTTAGGTTTCCCCGAAGGGACACTGAAATATCTCTATCTCATTCCTAAGATGTCAAACGCTGGTAAGGTTCCTCGCGTTGCGTCGAATTAAACCACATGCTCCACCGCTTGTGCGGGTCCCCGTCAATTCCTTTGAGTTTCATACTTGCGTACGTACTCCCCAGGCGGATTACTTATCGCGTTTGCTTGGGCGCTGAGGTTCGACCCCCAACACCTAGTAATCATCGTTTACAGCGTGGACTACCAGGGTATCTAATCCTGTTTGCTACCCACGCTTTCGCGCTTCAGCGTCAGTATCTGTCCAGTAAGCTGGCTTCCCCATCGGCATTCCTACAAATATCTACGAATTTCACCTCTACACTTGTAGTTCCGCTTACCTCTCCAGTACTCTAGTTATACAGTTTCCAACGCAATACAGAGTTGAGCCCTGCATTTTCACATCAGACTTATATAACCACCTAGACGCGCTTTACGCCCAATAAATCCGGATAACGCTCGTGACATACGTATTACCGCGGCTGCTGGCACGTATTTAGCCGTCACTTCTTCTGTTGGTACCGTCATTTCTTTCTTCCCAACTGAAAGCACTTTACATTCCGAAAAACTTCATCGTGCACACAGAATTGCTGGATCAGACTCTCGGTCCATTGTCCAATATTCCCCACTGCTGCCTCCCGTAGGAGTAAGGGCCGTGTCTCAGTCCCCTTGTGGCCGATCACCCTCTCAGGCCGGCTACCCATCATCGCCTTGGTGAGCCGTTACCTCTCCAACTAGCTAATGGGACGCAAAGCTCTCTCACAGCGCATATAGCTTTCATAATTATAGGATGCCCTATTATCATAATATTAGGTATTAGCATTCATTTCTAAATGTTGTCCCTAGCTGTGAGGCAAGTTCTTTACGCGTTACTCACCCGTCCGCCACCCAAATCTAAGTTAAAAACCCAAATTCAAGTTGACTTGCATGTGTTAAGCATTCTGTCAGCGTTCATCCTGAGCCAGGATCAAACTCTTCGTTCAATCTTTTCTTATAGCTCATTGTGCTATCTTTGTTTTACACCAATTTATGGTTGCTTTTTGTCTTTTCTCTATTCTGTTGCTAATGTCCTTGTCACATTGACATCAACTATATTAACATTATTCCTAGGTTTTGTCAATAACTTTTTTAGAATTTTTTAATATTTTTTCTAATTTTTCTATCACTCTATTTTTATCTTTATTTTCAATATTTTATATTAAAAAGTTTATTTTTTACTAATAAAAAGGATTAGCCTTTATTCAACTAATCCTTAAAATTTATTTTTTATATTAAAAATACTTTTATTTGGCAAATAGCATCTTTACTTCTTGTTTTTGAATTAAACCTATTGATTTATCAACAATTTCACCATTTTTAAAAACTAATAAAGTAGGCACACTCATAATTTTATATTGTGTTGCTAACTCTTCTTGTTCATCTATATCTACTTTTACTATTTTTTTACTTGGATCTTCTTCAACAACTTCTTCAAGTATAGGTACTAAACTTTTACAAGGTCCACACCAGTTTGCACCAAAATCAACTACTACAACTCCATTTGCTTTTAATACTTCTGCTTCAAAATTTTCTTTTGTTCCTTTTATTATTGCCATTTTATAACCTCCTAGATTTAAAAAATTGTATATATTATTACTTATGTATAGATTATAAGACGAATACTTTTATTTTTCAGTGATATAGTCACAAATTTAGAAGTGCTATTTAGGATCTAATAAACCTGTTTGTAGGTTTCTATATTGAACCAAGACTCTTTTATCATTTACTAAATTATCTAACTTACCTTCTCTTTTCATTATCAATAATATCTCTGTATCTTTAAATTCTGTCAACATATTCTCATCACCAACAGCATCTCCTCCAACAAGAATAGGTCCTTTATCATTATATTTTGGTTTAATAAATTTCTCTATTATTTCAGATTTTCCTTTTCTTTGAGTAAATGGATATTCATAGTTATATTCATCTACTAAGATATTATCTATTGTTGATTTTAATCTCATTGCATATATATTTTCTATGTCTAAATTATATCCATAAGATTTATCTGTTGCAAAAACCTCTATTAACTCTTGTATAGAGGCAGATATTATATAGACATCTATACCATTTCTTTTAAGTTCGTGATATAGATTAGCAATTTCTGGTCTTATTCTTAGTCCATTATCATAAATTCCTCTAACTATTCCTGCCTCACCAGTTAAAATTCTACTTGATTCCACAACAACATCTCCTATTGCTTCTCCAAGTTTAGTATCAGTTGCTTCTTTTGCTAAATTTTTTATTTCATCTTTTGTCATTCCAACCAATAGGTAAAACTCCCATAAACAAGCAAGTTCTTCTGAAAAATTTCCAGGCAAGGCATTATGTAAAAAATGCATTTTTGCTCTAAAATCTTTAAATTCTTCTGTATTCCTAATTTCTTTTAAAGAAAATTTTTTATCTGAAATGTAATTTTCATAAAGAAAAATATAATTTTTGTAAATGTCGTTTGCTAACTTTGTAATATTTAATATTTCTCCATCTAAATTTTTAAATCCTTCTTTAAAATTATTTGTAGGAACATTTTTTCTAATAACTTCATTAAATTTTTGTGGATTTAATTTATATACTAAATTCTCAATTTGGTATATAAATAAATTTAATTGAGTATCTCCTTGAATAGAGGTATTATCCCAGTCAAAAACTGCATAACTATCTGTATTTCTATATTTCTCTATCAATTTCTCTAATACTTCTCTGTTTTTAGGATTCCATCTTCCTTCATCTAGTCTTACACAAGAATTTTCAATAGACATTTAAACCTCCAATAATAGTGAGGCTGTTACAAATTTAAAGTAATTTGTAGCAGCCTCTATTTATACCTCATTTAATTAGTAATCTTTTTTTATTGATTC
NZ_CP077140.1_gap47	2045547	2046705	1158	TAATTATAGAAAATAGCTTGTTACTATCTTAATTTTTCTTGAAATATAGTTATTTAAAATTTTTTATATTATCTGCAAACTGCTTGATAACCATTAGTGTTTCGTGAGCTCCACAAAGACTCCCTCAACAATAATGGACATCGCAGCAGTTTTATTTAAAAATTATTTAATGCTGCTTTCAAGAAAAATTATAACTCACTTATTTTCATATATAATATATTAAATTTAATTTTTTCCATCTTTTATAAAATAACAACAAATTCCAACTATCAAAGCTGGTACTAACCAAGGTAAACCTAAATTTACAAGTGGTAATGAATTATAGATATTTGTAAAAATTACTGGTATAGTGATACCAGCTACAGAAATTCCTTCATATAGTCCAATAAGTCCTGCTACTAATACAACTCCTTTAAATACATTAGCATTTTTAATACGGAAGAAATTCAAAATTATTAAGGCAATACTTATTGGATATAAAAATACCAAAACTGGAACTGATATTATAACTATTTTATTAACTCCAAACATTGCAAAAACAAAACCAATTATTGTTGTTATCACTACTAATTTTTCATAAGATATTTTTATAAGACTACTAAAATACTCTGCAACAGTAACTATTAGCCCTATTGAAGTTGTAAGGCAAGCACCTGCAACACAGATAGCCAATATTAAATATCCAATTTTTCCTAAAAGATTTATTGAAATTTTTACAAGTAAATCTGTTTTTTCTGCTCCTGCAACTAACTCCATTCCACCAAAACTTGCTCCTATATAACTAAGTCCTGTATAAACTATTGCAAGCCCTGCTGCTGCAATAAGTCCAACTTTTAATAAATATGAAAATTCTTGTTTAGGAGTAAGTTCAGTTTTTCCTCTTATAGCATTTAAAATAACTGTTGAAAAAACTATGGTTGCCAGAGCATCCATTGTTTGATAACCCTCTATAAACCCTTTTTTAAATGGTAATTCATACATTTTTTCTGTAATTGGCAAATCATTGAAAAATACACCTTTAACTAAAATTATAAAAAGAACTATTAAAAGTATAGGTGTTAAAATTTTTCCTACTCTATCAACAACTTTTGATGATTTTAATGAGAATAACAATGCCAATAAGAAATAAATTCCTAAATAAATATATTTCCAAATTGA
NZ_CP077140.1_gap48	2057536	2058395	859	TGGATTTTTAATTAAAAACAAAATACAGGAATTAGAAACAAAAAAGGATGTTAAATTTAATGATATTTTTCCTAAAAATATATATCCAGCACTAAAATTACTTATGGGAGAAAAGTTTTTTAAGATATTTATAGAAATATCAAAAAATATTACAAAATACCCATTCTCCTCTGGATACTATCGTAGAATGGTAAGAAGTAAAAGTTACTTTAATTATATAAATCTCTTGTTCAATTTATTAGGAAATTTTGTAAATTTATATTTTTTGAATATTGATGTCATTACAATAGTAAAAAGAGAATATGAAAAAGGAGTATATAGCATAGATAATCCATATTATATAGCCTATGAAATAGACAATGGTAATCAAGAACTAATAGGTTTAATAAAAGGGGCATTAGGTTCTCAAAAATCAGAAATAGATTTAACTTATAATAATATGAAGGCTATCTTTATTTCAAGCAATAAAGAATTAATTGAACTTACAGGAAAATTACTATTAGCTGCAAAACTTCAAGAGGGAGTTAGACAACAAATCTGTGAAAATATGGATAGTGGTTTGCAAGAAAATTTTGAATATATGTTTAAAATTATCTATGATAACAATTTAATAAGATTTTCTTCTGTTAAAAGAGCCTTAGGGACTTGGACGGGTTTAGCTGGTGAAGATAATGATATAAGTAAAATTGGTAAAAAAGAATTAGAAATTATAAATAAATTAATAGCTAATCCAAAATATGAAGATGAGCTTCTAAAAAGTGATGATAATATTGAAGTATATTTGGGGCTTTGGAATAAGTCTACAAGAGATATAAAATATTCTATTGAGGCTATGGAAAGACTTTTAAAATCATCTAAA
NZ_CP077140.1_gap49	2080009	2080509	500	AAGGTGTACTGTGAACAAGTAGGATAAAATCTGCATTTTGCTGGAAACATTGGAGAAATAAATTTTTGATAAAATCTAATTAATAGTATTAATAACTTTTTCATAATTGTTCCTATATAATTTTAGAATCTCTTAATATTCTATTTAAATCTTTTTCAATATCATAGTATTTTAATTTTTCTATATTTTCTCCAAATTTTTTCTTAGCTATTATGATTATATCATAATTGTCATTTAATTTATCAATATTTAATCTGATATATTCTCTAAAAAGTCTTTTTATTCTATTTCTACAAAAAGCTTTTCCTACTTTTTTACTAGCAACAAAACCAAATCTTGAATAATCTAACTTATTTTTATTAAAAAAAATAAGAGAGTAATTACCAAAATATTTATTTCCAAGATTGTATATATTTTGAAACTCTCCATTCTTTTTTAAAGTATTCATTATGTCTCCAAAAATAATTTTAGGTAAAAACCCAGTGAGAAACACTGGGCTT
