gap_id	start	end	length	sequence
NZ_CP071807.1_gap1	26701	31138	4437	AATATGGGAAAAGGCGTTCTCCCCCTATCATCCCTGCAATTTCGGCATTTCCGGGGACCAAACCACCAACCTGATTTACCGCATCACGGATTCCGGCATCCCGGCCCAAACGGACCCCAAACTCTGCATCGTCATGATCGGCACCAACAATACCGGTCATTTCAAAGGAGGGGAAGCCCCGGAAAAAACGGCCATGGGAATTCTGGGTGCCGTTGAACACCTGCTGGTCAGGTTCCCGGACACCCACGTCCTCCTGCTGGGCATTTTCCCGCGCGGCACAGGTCCCCAGGACAAGCTGCGCCAGCACAACGACCGCATCAACGCCATTCTGGCCCAGTGCAAGCTGCCCCGCACCACTTACGCCAACATCAACAGGCGCTTTCTGGACTCCTCCGGCAAACTGCTCCCCGGCATCAGCAGGGACAACCTGCACTTTACGGAAAAAGGCTACGCCATCTGGGCAGACGCCGTGCTGCCCTATATCAAAAAATACTGCAAATAGCTTTCTTTCCCATCCTCGACGCATGACTGTCGGAATGCCCCCTTCCGCCAGTCATGCGTGCGGTTCGGGAACATATTTGTCAATCAATGATGAAGCTTACGCAGCAACAACTGTCCAGCCTTCATTTTGAAACTGCGGTTATGGAGCCTGAAAAGCACCGCTCATGTCCATCAATTCATTTTTCCCGGCGGCTCCGCCCTGAATGCTTATGAGTAACGTCCGGACTTTGGGGAGCCCGCTTTAATAAACGGTTAAGATACAAAAGCAATACGGAGCATGGAAAGTATTTACCGCCAAGCCCGCAAAAAGCTGCATGGATGCCAGGGCCCGCGTCTGAAAATTTTGCGCAGAACCGAAGTTGCAGTTGATTTGGAATAAATATATTATAATGAAACAATATATCATAGACGCCTTTACTGACAAAGTTTTTCATGGAAATCCCACGGCGATTTGCATTTTAGAACAATGGCCGTCCGGGGAATTGATGTTAAATATGGCCGTTGAAAACAATCTTTCAGAAACGGCCTTTGCTGTCAAAAAGGGGGGGAGCTATCATCTGCGGTGGTTTACCCCCGGTGGAGAGATTGACTTATGCGGTCATGCGACATTAGCCTGTGCCTATGTTATTTTGAACTTCTATGAAAAAGAAGCGGCAAAAGTTGTTTTTCAAACTTTAAGCGGTGATTTGGTGGTAGAACGGCATGGTGATCTTTATGAAATGGATTTCCCCGCCTATGAATTAAAACCAGTTCCCGTAACGGAGCAAATGATCGACGCTATCGGCGCTACCCCCAGAGAAGCGTATATGGGGCGTGACCTTTTATGCGTGTTTGACGATATAAAAATAATCGAACATCTCAATCCGGATCTATCAAAAGTTCATGCCCTGAACGGTCTTTTGCTCCATGTAACCGCAAAAGGTACGGAAACTGACTGCGTTTCCCGTACCTTTGCCCCCAAATGCGGAGTGCCGGAGGATGCCGTTTGTGGTTCCGGTCATTGTCACATTATACCTTACTGGGCGAACAGATTGGGAAAAGACGACATCATAGCTTATCAGGCTTCCAAACGCGGTGGGACACTTTATTGCCGCATGGATGGAGCACGGGTAAAATTAGCAGGAAAAGCAGCCTTATATTCCATTGCCGAAACACAATCAAGATGAAGCGTCAATAGGTTAAGAACATATGCCGGGCGACGGAAAAAACGTCGCGCGACAGAAATTATACATGCCCAATGACACAAACGGCGGTTTTGAATAATCAAGGACGCCGTTCTTCTATTCCCTAAAAAATAATGCAACTATGCTTTCAAACATGGCGGTCAACGGGAATAACTGCCATGAAGCACAAAGCATGCCGACAAATTCCGACGAGGTCTATATCAAAAAATACATCCGCCGCAGAATATCATATCTCCAAACGTGAATCATACCATGTAGCAAAAGTGAATATTTTTTCAAACTTCCATCCGGTATGCTTGTGTCTTTACAGGTGTGTTTTTTATTTTTCTTTATGGGAAATACAACAAAAAAAATCATGAAACAACCAAATCCCCCGGCCGGAAGCAGGAATCCAGCCGACCCGCCTGTGCCGCATTTGGAATCAGGAAAAAGCGCAAGGAACAAAAAAATTGCTTTTTCCCGGGGATATCCTAGAGTGCCTCTCCGCAATGAGCATGCCGCTTGCCGACTTGATCTTCCTGGCTTTTGCCCTCTCCGTGGACGCTTTCGTCGTGGCGTTCTCCTACGGCCTGCTCATTAAGCAAAAGCGTTTGAGCAACGGAATCAAGCTCTCCCTGTCCACCGGGGCCGGTCAATTCCTGATGCCCGTCCTGGGTTTTCTGCTTACAGGCTCCGTGCACCGGTATATTGCGGCCTGGGACCACTGGCTGGGCTTCGCCGTGTTCACCTTCCTCGGGGTCAACGTCCTCCGCGAAGGCTGGAATCACCGCAACGAAGAAGAGGATATGCCCCACGTCACCAGCCTGACGTTTCCTACCCTTATGGCCGTGGGAATCGCCACCAGCATCGACGCGCTGGTAGCGGGCATCAGCATTTACCTTTCATCCGCCCAGTGTGGAACCGACCCTACCCTCCACGCGGTGCTTCTCCCCGCCGCCGCCATCGGCTTCACCACCTTCCTGTGCACGGCGGCCGGCTTTTTCCTGACCAGACGGCTGCACCGCTTTCCGACCTTTCATCTGGAAGCGGGAGCCGGGCTCATCCTCATCGGCCTGGGCGTCAAAATGCTCTGTGACCATTTGTGCTGAAATATGCCGCGAAGGATGATAAAAACGTCCTTCTGGCATCGTAATAAGTCGAAAAACGCACTGGTTCCCTCCCACCTCTTTCTGCTATTATCAAGTAATCCCTTCCACATGAATATTTCACATCTTCTTCTCTGCACTTCCCTGCTCGCGGCTCCCGTCTGCGCGGCACAGGGCCTGACGGAAACTGAAACGGAAACGCCGGCCTCCTCCAGCCGCCTGCCGGCGCCCCTGGCACAAAAAATTGCCTCCGGAGACTTTGATGGCCTGCAGACGGAACTGCGCTCCACCCTCCTGAAGGCTGGAGAACAAACGAAATCCGAACAGAAACTGCTCCAGAACAAGCAGTACCGCCATTTGCTGGACATTCACGAACTCCTGCGCGTCACGGGACCGGACAAGGTGAAAGCCGTTTTCTCCAAAAGCGCGCAAGATGCCGCTTTCATCAAAACCTTTCTACAGGACCCGGTGTGGATGGAGCTTTACCTTGGAGCAGGCCTGATTCCGGAAAATTCACCGGAAGGCCTTCAAATCCTCTCCGACATCTGGAAAGCGGACGGCAAGAGCCCGGATTTCCGGAATTACCAATCCCTGGCCACCGGGCTGGCCTCTGTCTTTTCCACCGGCCCCATGGCGGGAAGGCTCAAAACCAACTCCGCCAACAGCAATCCGGTGCGCCGCTACCGGATTTTCAAAAAACTGCATCAGGAAAACAGGCTGCATCCGGGATTCATCAAACTGCGCCCATGGGAAATGCGCTTCGTCGTGGGAAGTCCCTGGGACGATAAATCCTATGAATGGAGCAATGAACACGTCAACCTCCCCTGGCGGCGATACACGGCCGCCTGCTGGGCCGCTCCCTATACGGGCCACAATTTCTTTGGCGATACCATTCAGGGGCCCCTTTTCTACGTGCCGTGGAGGGATCTTAACACGACCGCGGAAAACACGCAGATCATCGGCGGCGTTTGCGGCGGCCTCTCCTATTTTGGCACCATGGCGGCCCAGGCCCACGGCATCCCCGCTTATCCGGTAGGACAACCGGGCCACTGCGCGTACGCGGTGCGCGTGAAACGGGGGGAATGGAAAGGCGGCTTCGGCGGACCAGACGGAGGCATGCACAACCATATCTTCGGCTCCCAGGCTCCTACTTCCTACCTGCTGATGGAAAATGTCTTTGCTGACAACGATAAGGCGGACCAGGCCTACCTGTGGGCCGCCCAGGCCCGGCTGGACGAGGCTTCCGGCAACAAGGACAAGGCCATTCAGGCATGGGAGGAAGCGCTCAGGCAAACACCGCTGCACCCGTTCTTCCGCACGGAGCTTCAACGCCTGCTGATGGAAAAGGAAGGCATGCAACCTGTCGACTGGTACGTTTACGCCAAGGACGCCCTTTCCCACTATCAGGGCAACGGCTTTGCCGCATTCGACATCCTCAAGGACGTGCAGAATAAATTCCTGATGGATATTCCGCCCGCAGACCGGATTGCCTGGTTCCGGGACCTGCATGAAGCCATCGCCACCACTCCCACATCATGGGCGGTGAAATTCCAGCCCGTGCTGGACTCCCAATCTGCCTTCCTGGCAAATCCGCAGGAAAAAGCGGCCTATCTGGAAACAGTCCTCTCCACCCACCTGAAAACGGGGGACGGCACCAACTTTGGCCA
NZ_CP071807.1_gap2	80184	81203	1019	GGGTAATGGATTTTTACGCCAACGGCCATCTGGAAGCCTTGAACTCTTCATCCAGGGGGCGCCTCTCCGGAATGGGCATGGCCCCGGAAGGAATAGAAAATAACGATGTGATCTACGAACTGATCACGGATGCCGCATGGAGGAACCGCCAGGAAAACGTGGAACAATATCTGGAAAATTATTGCCGTGCCCGATACGGAAATTATCCGGACAGCATGAAGGAAGCCTGGAATCTGTTCCGCCGCACAGCCTATTCCAACTTAAAGGACCATCCCCGTTTCAACTGGCAAATGAAACCCGGCACCCGCGGCTGTTCCGTAAACACAAGCGAAGATTTTCTGAAAGGCCTCTCCCTGTTCGTCAACACCCGCGGCCTGGAACAATCCCCCCTGTTCCGCCAGGATGCCGTTGAGATGGCAGTCCATTATCTTGGCATACGCATGAATGAAGCCATCCGGGCCGCCCAGGAAGCTCTGGACGAACAGGATCAGGAAAACGCGGAAAAATGCATGGCCTATTTCCGCAAATACGCCCTTCTGGCAGATTCCCTTCTGGAAGGGCACCCCACCTGGAGGCTGTCGCGCTGGATATCGTTTGCCCGGTCTCACGGAACTTCTCCTGAGGAAAAAAACAAGTATGAACAAAACGCCAGAAGGCTGGTGACCAGATGGGGGCCTCCCGTAGACGACTACGCCGCCAAAATATGGAGCGGCCTTATCAGGGACTACTATCTGCCGCGCTGGGAACACTTTATTCAGAGCCGTCTTTCCGAAAAAAATCCGGATATGGGAGCATGGGAGGAAAAATGGGTCCGTTCCACTGGCGTAAGCGCTGCGCACGCTCCCGGAGATCTGGTCAACGCCTGCCGCCAGGCTATCCGGGAGGCGCCGCCCCTGCCTTCTTCCCTGAAAAGAAAAGCAGCCGGATCAATTATAGGAAACTGGACCTCCGCGACGGTATCCACGGAATGGAGTTATCTGGACTGGCCCGTTTCTTCCGCTGATCTTGAAAAACTCCGG
NZ_CP071807.1_gap3	101721	105386	3665	CCCCCTATGAAAAGACGCTGCCTCATGAAAACTCCCGGGAAGCCTTCCCGTGGGGGTATTCATGGCCGCCGCCTGATAAAACGGGAAATTTTGCGGACCAGTCCGCCCTGATTTACCTGCCGTCCTCCCGCGTTATCGTAGGATATAACGACGGACAGCCGTATACGGCCCCCGTAAAAACCTTTCCGCCCAACCACCTGGGCCTGTACGACCTGGAAGGAAACGTCATGGAATGGGTAGACGATTCCTACGGGGGGCCGGAATCCCTCCCCATCCGCAACTACGGCGTCGCCCGCGGAGGCAGCTACCTGTCCTTCCGCCCCAAACAGCTCACCACTTCCATCCGCACTCCCCTGCCGGAAAATACGAGGGATAACGCGCTGGGCTTCCGTCTTATCCTGTCTTCCGAACGCCCCGCCATTCCAACAGCTCCCTGACGCCGTATCTGCGGCAGCGGTTTTCCCCGCTCTTTCCCCCTCTGAAACACACCGCCCCCCAAGGGGGAAAACCCTGAGGCTTGAGAGAGCTTCCGGCTCTCCGGGAAAATGATTGAAAGGGCCTCCCGTTATGCTACCATTTTTCCGCATCCTTTTCCTGAATGAAAATAATCGCCATCGCCAACCAGAAGGGGGGAGTGGGAAAAACCACTACGGCTATCAACATGGCTGCCGCCCTGGCTCAGCTGAAAAAGAAAATCCTTGTCATTGACCTGGACCCGCAGGCCAATGCCACCAGCGGCATGGGCATTGACGGAAAAGACATGCCCAGCCTGTATCCGGCCCTGCTCGGCCAGCTTCCGGCGGAAGAGTGCATCCTGCCTTCCGGCAGGAAACGGCTGGATATCATCCCCTCCACCATGGACCTGGCCGGCGTGGAAATAGAATTGGCCCGTTCCGGCAACCATCTGACCCGCCTCCGGGAAACGCTCGCCCCCCTGCGGGAGTCGGACACCTATGATTACTGCATCATGGACACGCCACCTTCCCTGGGCGTTTTAATGACCTCCGCCTTGGCCGCCTGCGACGAAGTGCTGACTCCCCTCCAATGCGAATGGTTCGGTTTGGAAGGGCTGGCCAAGATTCTGCACGTGACGGCGCAAATCTGCGCCAGCGGCGCCAATCCCCGCATTCGGCATGAAGGAGTACTGATGACCATGTATGACGGCCGCACCAATCTTTCCCGCCAGGTCATCGACCAGGTGGAACGGCATCTGCCCCAGATGCTGTACAAAACGGTCATCCCCCGTTCCATCCGGCTGGGGGAGGCTCCCAGTTTCGGCCACACCATTTTTGAACACGATCCTTCCGGAGCTGCGGCGGACGCCTACCTGAAAGCAGCCCGGGAATTCATCAAACGCCATAAACCCTGAACATTTGAAGAAACAAGCTTCCCGGAATGCCGCAAACCTCGGCGAGAGGAACAGGCAGAAAGGGCACCGCAGAAAACTTCCTCCTTCATTTTGCCTTCCGGGTTTGTTGCGTCCATTTAACGTCAGGAAAACATCTTCCATACCGCCCCCCCGGAGACGGAGGAAAACAGGCATTCCCCTTGACTTGACTTCCGCGGCATATAAGAATGCTCCAGCTCCGTTTCAGGAACTTTCCCCTCATGCCAGCAGAAGAAGGCCAGCCAGACGACCAGCCCCGGGTGACAGGGCAAGTCCCGCCTCCCGCTCCGACGACAGGCCTGGAACAGATTCTGCCCGGACGTCCGCCCCTGCCCCATGCGGAAGAAAAAGGGGCCTTTTTCGTTTACCAGCGGGAGCTGGCTCCCGGCACGCGCCTGGAACAATATGAAATCATCCGCGTCCTGGGCAGCGGAGGTTTTGGCATCACATACCTGGCGAAGGATCTGTTCCTGAACCGCAACGTGGTTATCAAGGAAAACTTCCCTTCAAGATACTCCTACCGGGACCCTCTGACCGGGCATATCCGGCCCAATAATGAACACGATCTGGAAAATTACACCTGGGCTCTGAAAAGTTTTCTGAGCGAGGCTCAGACGCTGGCGGAGCTCAACAACCCCGGCATCGTCAGAATCCTTTCCGTCTTTGAAGCCAACGGCACGGCCTACTTCGCCATGGAGCATATTACCGGCCTTTCCCTGGATTATCTGGGGGAAAAACTTCACAGCACCGGACACCGGTATACGGAAGACGAACTCAAGGGGCTGCTGACGCGTCTGCTCCGGATTCTGGACTATCTCCATTCCCGGCACATTTACCACCGGGATATCAAACCCGGCAACATCCTGCTGACGGAGGAAGGCACGCCCGTGCTGATCGACTTCGGAGCGGCACGGCATGCCCTGAAACTTCATGCCGCCACCGTCCTGACCACCCAGGGGTATTCCTCCCCGGAACAGGCGCTGGGCAAAACGAATATCGGCCCGTGGAGCGATCTCTATTCCGTAGGGGCCACTTTTTACGCCCTGCTTACAGGAAATCCTCCGGACCGTGCGGAAGCGCGCCTGGCGGAAGATGAAATGCAGCCGCTGCACAGCGACCCCGTGCTCACCCGCTATTACTCACGGCAGTTCCTGCTTTCCCTGGACAAGGCGCTGGCCCCCCAGATCAATTGCCGCTACCAGACTGCCGGCGAATGGATTCACGACATTTGCGCCATTTCCGGGGAAGAATCCTCCGCCACTATTCAAGTCCTCCCGGCAGACCTCCGCCATGCCCATCCGGAAGGAATGCCAACTCCCGGCGCCGGGAAAAACATCGGCAGCAGAAAGGCCGCCACCGGAACGGACGGTCTTCATTCCGCCTCACGCAGGCAGTCCGCACGCGCTCTTCGCCGCAACCGCCACATGATGTCCCTGCTGGTAGGAAGCGCATGCACCATCCTGCTGGGAGCGGGAGCATTTTATCTGCTGGATTACATGAAAAAAGCCCCTATGGGCACTACCATCAATACCATCAAGGAAGCCATCCAGCAGCCCGCGGCAAGCTCCAACGTGGGAGAACCGGAACCGCCGCCACGGGATCTGGCATCCATCCGCATTCCGGAACTCAAAATAACGGAAGACGCGGCGCTGGAACCGCGGTCGCTGACGGAGTTCCGTTTGCGCCTTGACGACACCATCCTGACCCGTTCCGGGCTTCCTCCCATCCTGCCGGAAAAACTGCGCATCTCCTGCATTTATCTCCAAATCATTCCCCCGGCAGCAAACGGGGAAAAACTGTACCTCACCATCCGGGACTCCAACGGCGTCCTGGTGGACCGCTCCATCAATGCCGTCCCCTCCTTCACGGTGCCGGGGCAATCCACCTCCACCTTTTTCTTTCCCGCACTTCCGGAACTGTCCACGGACCGCACCTACACGTACTCCTTTGAAAATGCCGCCCACCAGGCTGTTCCCATGCAAATGGCATGTTTCAAAAACGAGACGAAACGCACGGAGGAAGCCTTCCCGAAAATCCGTTTCATCGCTGCTCCTCCCGTGCCGGAACCAGCCCTGCTCCATGACCCGGCCTACAAAAATCTTGTGGCGGCAATCGCCGCGCCCTCCCCGGAGAACAAAAATATTCTCGACCAGGCAAGTTCCATGCCGGGCATGCTGCCGGCCCTGGAGCAACTTTCCAAAGCCGGCTACCCGATAGCCCAGCAGGCACTGGGGAAAACCCTCATGTCTCCGGACTGTCCCGGCGGTTCCAGGCCGGA
NZ_CP071807.1_gap4	109337	112457	3120	CAAATCTTAGGTCTCAAGCTACTTACATTGCAGTCACCATTCCCTTCCAAATAGACGGGGTCCGGTTTCTCAAATTCCAGTCCCACTTCCTTGGATGGCTCACAGGTGATAGCGGATTCCTTCTCAATCGTCCACAATTTGATTTTGGGGGACGACGAGAATTCGCGCTTCATCGTTGAGTTGCCTTCATACTTCCCTGCCTGAATGGGTTCCCTGTCCATCGTGACGTTGAATGCAATGGCATTGTTGCTGACGGGGGTGTAGGCATTATTCGTGTAAGACAAGGCCACCTTGTAATAGCCAGCTTTCAGGTACCTGGAATCGGTTTCAATATTCAGTTTGCCGTTGGGTGGTATCCCATCCTTTTTTATAGCTTGCTCACCGGCAATCGTCAGGCTGCCTGTGTCGTCGGCTTCCACGCCGAAATAGTACAGGCCGTCTTCCTCGACCTTGATGAACATTTCCGGCGCTCCGGTGCAAGTGGCGTGTTCGCACGCCGAACCGTCAAAGTTGAACGTCATCGCGTCAACTCCGAGCGTCTTGCTGATAAGAGGCTCATTCCCTTGATAGATGTAGACGGGATTAACTGCCTTGTTGATTGGTATATAATTGTTCATTGCTATTGTTGTTGTTTACTTTTTGGAAAGACCGAACCATCAGCCTTCCAGTATTCTGGCGGCGTTCCCTGAACCCATCAACACGTTTAACGCGTAGTCCCCCCTCATTCGGAACGAAGAGGAACGACCTCCCCTCTAATTTTACGTGCTGCCGTGAACTTGCAAAAAAACTCCTGGTGCATTTTTATATCCTAATTCACGCCATTTTGGAACAAAGTTGCTCCATATAGATCTGACAACAGGCACGGGCGGCATTCCGCCGCACAATCATGATGCCTTAAAAAACAAGCATTCTCCTCCTTCTCTGTCCGTTCCGCCAAAGAAAAAGGCTGTTTCCAGAGAGTCCTTCACTTAAAAACAAAGCATCTTTTCCAAAAACGAGATTGACACCCGCGGTTCTTTTCCCTAGTATCCGCGCACAGCATCAGCGGCGGGGTAGCCAAGTGGTAAGGCGACGGTCTGCAAAATCGTTATTCGCGGGTTCGATTCCCGCTCCCGCCTCCAAGATGTTGTCAAAGCCGGTTCAAGTCGCGTTCGTCTAGCGGTCCAGGACTCCCGCCTTTCACGCGGGCAACACGGGTTCGAGTCCCGTACGCGATGCCAGCTTTTCTTTTTTCCAACTTGCACCGGAATCTTTTTTACGCCATCCCCGCGGGATGATTCTGGATTTTTTCTCCTGTTGTGGTACAGTAGCTTCCGTCATGGCAGCCCAGAACGATATTATGCTGAACGGAGCCCCGTACGAACTGGCGGAACCCTGTTCCGTCTCCCGGCTTCTGGAACTTTTGAACATGAAAGGCAAACCCGTCGTCGTGGAACACAACGGGGCCGCGCTCCTGCCGCAGGATTTTTCCCGGGTGACGGTTTCTCCCGGCGACCGGGTGGAAATCGTCTCCATCGTCGCCGGCGGCTAGGGTTCCGCTTTCGGGAACAGTCTTTTCCAATCCGTCATCGCCATGCCATCCATCCACGTCATGTCTCCCACCCTTGCCAGCCAAGTGGCGGCAGGAGAAGTAGTGGAGCGCCCCGCCTCCGTTGTGAAGGAACTGGTGGAAAACAGCCTGGATGCAGGAGCCAAATTCGTACGGGTGGAAATACGCCGCGGAGGCGTGGGCATGATCAAGGTGACGGACGACGGCAGCGGCATGTCACGGGCAGACGCCGAGCTGTGCACCAAACGGCACGCCACCAGCAAACTTTCTTCCCTGGAGGAGCTTTTTGAAATCACACACCTGGGATTCCGCGGAGAGGCTCTGCCCAGCATTGCCAGCGTTTCCCGCTTCAAACTCTGTACCAGGCAGCAGCAGGATCTGGAAGGCTGGGAAATACGCATTGACGGAGGCCTGGAACACGAACCGAGAAGCTCAGGCGTCTCTCCCGGCACCGCCATTGAGGTGGCCGACTTGTTTTACAATACTCCAGCGCGCCGCAAGTTCCTCAAATCCGCAGAAACGGAAGCTTCCCATGTGGAGCACCAGATACGCCTGCATGCCCTGGCTTATCCCCAAGTACGGTTTGCCTATAAACGGGACGACCAGCTTGTTTTCGACCTTCCCGCTACAGCGGATCTGCGCGTCCGCATTTCCGCACTGACGGATGCTGCCACAGCGGCGGCCCTGATTCCGATAGAAACGACCATCGGCCCCGGTATTTCCATCACGGGATTCCTGCTTCCTCTTTCCGAAGCCAGACGCACCAGAAAAGGGCAGTACGTCTTTATGAACACGCGCCCCGTGGAGGACCAGCTCATTAACAGGGCCATTCGGGACGGCTACGGAGGCTTCCCCACCGGACTGCATCCGGCGCTTTTTTTGTATATGGAGGTGGAACCCGCTCTGGTGGACGTCAATGTGCACCCCGCCAAGAAGGAAGTGAGATTCCGCCGTTCCGCAGACGTGGTAAACACCATTGTGGAAGCCATAGCCAACACTCTTCAAAAGCATGCCCGGCAGGAAATCCACGCTGCCGCCGCGCCGGAGCCGGAGAGAACTCTTCCTCCTGCCCATTCTACCACCGCGCCATATGGGGAAATACCCGCCCGTTCCACCAACCCCGGTTCTGCTTTCCCGGCGGCCGCCAGACCGGCCCCTGCTTCTTCCGCCGCCCAACCGCCGCTTTCCTCCTCTGCCAAACAATCCCATGGGGCTGTCCCTCCCCCCACCCTCCGGGCCATTCCCCTGAAACAGGTTCCCGCCACCCAGGGAAAACTGGATTTTCACCGTCAGGAGGATGAAGAGACGGCACGAAACGCCCATGAAAACGCAGCTCTGGAAAGGGATGCCTCCGCCGGATTTTCCTATCTGGGAACACTCCGCCAGCAATTCGCCCTGTTTGAAACGCCGGAAGGCCTGGTTCTGATGCATCCCAAGGCGGCCCGGGAACGCATCATATTTGAACGGCTGCGCGCACGCCGGGAAGCCCCCATGCCGTCCCAGCAGCTTCTGGATCCGGTGGTGCTGGATCTGGACCCGCGGGATTTTGCCGTCATCCGGCAGTTCGCCCC
NZ_CP071807.1_gap5	135449	140147	4698	TAGCCCCCGTCCTGATCAGTTTGTCATAGCGGTCCAAATCCTTCTGCACCCTGTTCAGAGAAGCTTCCGCCTGAAGTTTGACGGCACGAGCCGTAGCCAGGTTGGCCGCCTCCCTGTCCACGGCGGCCTGATAGGTAGCCGGGTCAATTTCAAAGAGCAGTTCTCCCTTGTTGCAAATGGAGCCGTCCCAGTAAACCTGGCGTATCAGCGTTCCGGAAACTTGCGGCCTGATGTCCGCCTGCTCCACCCCGCGCAAATGGCCGAACCAGGAAGATTTCAACTCCACCGTTCTCTGCTCCATATTCATCACGGAAACCTTGAGCGGAGGCATTTCCCTCCGGTTTGCAGCATCCGCAGCGCCGTTGTCTTCCCGGCACCCTGCCAGCCCGCACAGGGCCGCTATCAGTATATAGTGTGCTTTCATGTTGTTGGTTAACAATATTATTGAAGCATGCTTCATATTTTTCCAAACCCGTTCCCCGGAAAAAAGCACGGGCTTTTATTATTTGAGATTGTCGTACATGCGCCGGAGCAGATCCCTCAGCATGCTGCGGCTTTCCTCCGGCACCCCGTCCAGCAGCGTATTTTCAATCACTCCTATCTGCTGGCAAATGGACTCATGAACTCCCCGGCTCATATCCGTCAGGTACACATTCTTCAGCCGTCCGTCTTCACTGTCAAAAGCCGTGGTTACCCAGCCCTTCTGTTCCAGCCTCTGGACAATTCCCTTGGCCGTGGTATGGGAGACTCCCAAATGCCGCTCTATGTCCCTCTGGGAGACGTTTTCTCCGTCACGGGACATCAGGTAAGCCAGCACCCGGCCCTGGGAGGCCGTAACACGCTCCAGAGTCAAGCCGCGCGTAAGCATCATATCCACGCGGTCCGTAATCATTTTCATCAAAAACGAAATCGTAAAAGGGTCGGCCATAAAACAATGAAGCATGCTTCAAAAATGTACCGATAGGTACTCTTTATCCGGACGCAAGTCAAGCGGAATCAGAATGACAGAGCGCGTGAAAAACACGTTGGCCTCACCAGTAAAAATAAATCAAAGGCCGGAACCGCTTCGCCTCCTTTCCAGGGACAATACGCACAGCCGCTTTCCCTCTACCTTGAATTTCACCTCCCAGCCAGAGAACAAAAGGCCGTAAACCCGTTCCGGATCATCCTGATACTGGGGACGGGGATCCAGGGACAGCGTATCTTCCAGTGCACTCCTCTCTTCCGGAGACATGGAATCGCCAAAAGATTCGGGAATTTCCACATCCAGCCGTTCATAGGGGACAGCCGTAAACCCTTCCGACGCCTCCGGAATGCAGTCCGCCAGAGGAACATAGGGCTTGATATCCAGAATGGGGGTGCCATCCACCAAATCCACGCCGGAAAGATGCAATACCGGGCCGTCCAGAGGATGCAATTCCACCCGTTCCAGCCTGACGGCAGACAACCCGATGGGATTGGGACGGAACGGCGCACGCGTGGCGAACACCCCCATGCGCACATTGCCCCCCAGCCGCGGAGGCCGGACCGTAGGGCTCCACCCCTTATCCACGTTTTCACTGAACACCCAGACCAGCCACAGATGGGAAAACCCTTCCAGACCACGAACGGCATCCGGATGGCGGAACGGCGGCTCAAATACCAGCCGCGCCCGCGCATCCGGAACCAGGCCGCTCTGGCGCGGCGCACCGAATTTGTCCGGATAACACGTGCTGACGCGGGCGACGGGCTGCAAGCGGAGACTGATAGTTAATAATTAATAGCTGCCGGCCTTTCTCCGTGACGCTTTCATCAGAAGCGGTGGAGCTGTTCTCCGAACACCACGGCATCCACTTTTCCCTTCAAGGTCTTGCCCAGGAATGGAGTGTTGCGGGCGCGGCTGCGGAGCGTTTCATCCGTGACGGGCGTTTCTCCTTCCGGGTCAAACACCACCAGATTGGCCGGAGCCCCTTCTTCCAGGGAGACGGGGGCCAGCCCCATCAGCCTGCGGGGAGCATCGCTGCAGGCGCGCACCACCGTCTGCCAGGACATTTTTCCAGGTTCCACCAGATACTGGTAAATAGCGGGCAGGAACGTATCCAGCGCAATCATGCCCTGCGGGGCGACAACGAAATCCTGAAGTTTGGAAAACGGCGTGCAGGGCGTGTGATCGGAAACAATGCAGTCAATGGTGCCGTCATTCACGGCGGCAATCAGGGCATCCACATCCGACTGGTCGCGCAGGGGCGGCAGCGTCTTGTAGCAGGTATCGTACCGGCCCACGTCCTCATGCGTGAACAGGAGATGGTGAAGCGCCGCTTCCGCGCTCAACCCGGCGGTTTTCTGCTTGCAGCGGCGCAGGATATCCACGCTGCCGGCCGTAGAGACGGTCTGCACATGCAGGGAGTTGCCCGTATCCACGGAAAGGCGGATGATGGTTTCCAGCCCTATTTCCTCCGCACAGGAGGGGGAGCCCATCAACCCCAGACGGTAGGAAGTAGTGCCCGGGTGCATGGCCGCCCTGGCCGTCAGGGACGGCACGTCTCCGCGCAGGGCGAAAGTAAGGTTCAAATTGCTGGCGTACTGCATGGCGCGGTACAGCAGCAGCATGTTGTCCGGCGCACGGTCCCCGTCCGTGATGAAACGGACGCCCTTGGCGCGCAGGGAGTCGTAGGAGGCCTGCTCTTCCCCGCCGTCCCCCTTGGTCAGGCACCCGGAGGGGATAACCTCCACCAGAGCATCCGTCCGGCATATTTCCATGAACGTGGTAATCTGGGCGGCATTGTCCATCACGGGTTCGGTATCCGGCATCGCCATCAGTCCGGTCACTCCTCCATGCAGGGCGGCGGCGGTAGCCGTAGCCACACGTTCCTTGTCCTCCCGGCCGGGCTGGCACAAATGGGCATGGATGTCGAACAGGCCGGGCAGAACAAGCTTCCCGGAAGCATCCAGCGCCTTTTCCGCGGCGCTCTCCAAAAGCGTTCCGGCAGGAGCTTTCGCTGTAATCACCCCCCCGGAAACCAGAAGGTCCGCCGGGGCGGAACCGTCCGTCAGCCGGGCGTTGCGAATAAGTACGGAAGTTTTCATGAACAATCAGTGCTGGGTTTGCGGAGTGAGATGGTAAAGGATGGACATGCGGCAGGCGATGCCGTTTTCCACCTGGCGGTTGATCAGGCAGCGCTCATAGTCCATCGCCAGGTCACAGATTTCCACGCCGCGGTTGACCGGCCCCGGATGCATGATGTACAGGCCTTCACCGGAAATGCGCTTCAGGCGTTCTTCCGTGACGCCGTAAATCTTGTTGTACTCCCGGGCGCTGGGGAAGAAAGGGGCGTCCTGCCGCTCTTTTTGAACGCGCAGCAGGTAAATTACGTCCGGCTTCCAGGCAAACGCCTCATTGAAATCGGAAAAACGGGGAATGCCGGAATGTTCGGTACGCGGCACCAGGGAACCCGGCCCCAGGAAGGCGACCTCCATCCCCAGCCTCTTCATCAGCAGGGAGGTGGAACGGGCCACGCGGGAATGCAGGATGTCCCCCACAATCAGAACGCGCTTTCCCCTCACATCCGGAAACACCTCCCGGATGGTAAAGGAATCCAGCAGCGCCTGAGAGGGATGGGCGTGGGCTCCGTCCCCGGCGTTCACCACACTGGCGCAGGTATGGCGCGCAATCACGTTCGGCAAGCCGCTGTTGTAATGGCGCACGATTACATAATCCACTTTCATGGCCTGGAGCGTGGCGATCGTGTCCTGTACGGATTCCCCTTTCACCACGGAAGAGGTGGACACCGTGAAATTGGTCACGTCCGCAGACAGGCGTTCCGCCGCTACCTCAAAAGAGGAACGGGTGCGGGTGCTGGGTTCATAAAAAAGCGTCAGAACGGACTTGCCTTTCAGGGCGGGCACCTTTTTGACGCTTTTGGTAAAAAGCTCCTTCATCGGGCCGGCCGAATCCAGCAGCGTGTGAATTTCCTCGTCAGTCAATGAGGAGATATTAAGAAGATCCTTGCGGGGATGATTCATGGGAAACGGAGAATGGATTGGGAAATTTTCAGTGGGAGGGAATGACCACGCTGTCCTCGCCGTCAGCCTCCTTCATGCTTACGATGACCTTGGCTCCGGCATGGTCCAGCACGTGCCCCGTATAATCCGGCTGGATGGGAACTTCCCGCCCGCCGCGGTCAATCAGGCACGCCAGTTCAATACGGGCTGGACGGCCGTAGTCGAAAAGGGCGTTCAGGGCTGCACGTATGGTGCGCCCCGTATAAAGGACGTCGTCCACCAGCACGACCCTCATGTCATCCGTGGAAAACGGCAAATTGGAGGAACGGAGGGAAGGCCGGGCTTCCAGCTTGAAGATGTCATCCCGGTACAGGGAAATATCAATAGAGCCGTACTGGGCTTCCACTCCCAGCTCCTTTACCTTGTCCACCAGACGCCGGGCAATCACATCCCCCTGGCTGAGCAGGCCGACGATGGCGAGAGGTTCTCCGGGGAAACGGGCCACAATGCCGTGGGCCATGCGCTCAAGCGCACGGGAAATTCCCGGACCGTCCAATACGATTTCCTGTGAAGGAGGAGTCATTTGCCGGATGGGGGAAAAAGTTCACGTTACAGCCCCGCCAGTTTTAAAATGCGGTGGGCGGCCATGGCGGCATTGACGGGGGTTTTCTTATGCAAGCCAACCGTAGTGCAGGGCACGCCGCCGGGACACTGGGC
NZ_CP071807.1_gap6	145591	147367	1776	CCCGGAAGTGATGGGCATCCCCGATGACATCGACATCATCCTGGGCTACGGCGCTCTGGCCGCACGCCAGTTCTGGCTGGACGGCCCGGGGAACGCCCTTTATTTCAGCTCCACCAGCCACCGGATGCCCGCCCCCGCCTCCTTCAACCTGATGGGAGGCACCTTTATCCAGGACAGCAACGGGAACGGCCCCATGAAAGCTTACGTGGCAGAGTGGTCTCCCGCATGGGACGCCGGCCTCAGGACGGGAGATGTGCTTATTTCCATCAATGGAAGAAAGAATCCCTATCCGGACCTCGTAGAATATGTTACCACCCAGCGGGGGGCTCAGGCCAGCGTGGTGGTCCAGCGCAGGAACAGGCTGGTGCGCATCCAATGGGAAGTTCCGGCCGCGCCCCCTGCCGGGGATTATTACCCCACGCCCCAGGCCATTACGGAACAGGAATTCGAAAACCACGTCAGGCAGCAGGAAAAAAAAGAACAGACCCAGCCCTCCGCAGACGGCCAGCAGCCTCCGGCTACGGCCGGAGAAACTCCGGATGAAGCCTCTCCCGCAGCTGACGGGAAAACGGACAAGGCCTCCGCTGCCTGAGCCGGGCCAGCAACCAGCCATCTCTCTACACCGGCATGAACAACGAACAACATCAAAATACCCACACTTCCGCCGCCCCCGCCATTCCCTCCCCCTTCCAGAAGAAAACCTGCTGGCATGCCCTGACAGGCGTATCCATTCTGGTGATGCTGGGCATTGCGGCCTTCGTCATTTTTGAAGTAGTGGAACTTCTGGGGTTTCTGGAACCGGTGCTCCTGCCCATCCTGATTGCCGCCGTCGTGGCGTATTTGCTGGAACCCATCGTTTCCTGGCTGGTGCGTCTCAAATTCTCCCGTCCATGGGCCGTAGTCACGGTCATGTTTGCGGCTCTGGCCGTTCTGGTAGGCTTTGGAGCCACGATTCTCCCTCCCCTGATCAGGCAGACGGATGAACTGATCGACAACCGGATGGAGCTATGGGACAAAACCTCCGAACTGATTGACTCCACCATTGAAATCCCCTTCATTTCCCGCACCATTGACAGTGTTTACAGCACCAGCCTGCGGGAACTGAATGCCAGCCATTATACGGAAGCGGAAGTCCATGACCTGAGAAACGCCCGGACCGCCCGGGAAAAGCTGGGAGCCTACATGACCATCAATTCCTCCTTTTACCAGGACAAGCTGATGAGCTGGCTCACTTCCGGGGGACGGGCCCTGTACAGCACCATAGGAATCATGGTCAGCATCCTGATCACGCCCATTTTCGCTTTTTACTTTCTGCTGGAGGCGGATAAAATCAAAGAGAAATGGCCCAGCATCCTGCCCCTGAAAGTCTCCAAATTCAGAAAAGACGTGGTGGACACCATGGAGGAAATCAACGGCTACCTGATTTCCTTCTTCCGCGGCCAAATGCTGGTAAGCATCATTGAAGGCATTCTGATTGCCATCTGCCTGAAACTGATAGGCCTGCCGTACGCCATCACCATCGGCGCCGCGGTCTGCGTGCTGGGCATCGTTCCCTACCTGGGCATCATCACCGCCTTTATCCCTGCGGTGCTGCTGGCCTGGTTCACATGGGGGGATTTCCAGCACGTGCTGATTGTTTCGGGCATCTTCCTGGCCGTCAACCAATTTGACGGATGGATCATCCAGCCGAAAATCGTGGGGGATTCCGTGGAACTCCACCCGCTCACGGTCATGTTTTCCGTGTTGATCTGGACACTCATCCTGGGCGGCTTGATC
NZ_CP071807.1_gap7	148715	152766	4051	GCCCGGCGTGATCAAACCCGGAACCACGAGCAAAGCCCTGCTCAATCAAATGGATTTGGGGGCCTCCCTGGAACAGCTGCTGGCCCCCGGCAAGGCCAATTCCTTCCGCGACTCTGAAAACGTGATGCCCGCCCTTCTGGGCAAATCCGCCAAGGGGCGTGACTACCATGTCATCAACAGCACCGGCAAGGCATTGGCGATTCGCCACGGCAAATGGAAATTCATTCCCGCCGGCGTGGCCATTCGCGACGGCATCAACGGAGCCTCCGCAAAAATGAGCAAGTCCCCGGAAGGAGGAAGCCTCTTTGACCTGGAAAAAGACCCGAAGGAACTTGACAACGTAGCCTCCCAGCATCCGGACATTTGCGAACAGATGAAAGCCAAGCTTGAGGAAATCCGCCAGAGGCCCGAAACCAAGGCTGACCAGGAGGACCTGCTTCCCTTGGACGACTAACATCCATTCGGGCCAGATCATGAGAGAATCCGCCACATGCTCCCAATGCGGCCACGGGTACACCTACCCGGCCGGACTGGACGCCAAAACCGGCATGCGCTGCCCGGCGTGCGGCCTTCTGATTCACGTTACAACGGGGCTTCCCTTCGGGGAAGCCTCCTCTTCGCCATCCGGCCGCAAACCGGAAAACGCCATGAAAACGCACCCCGCCCTGCCTCCCGTCAGAAAAAAGCGGACGTCTTTCTCCGGACGCGATACTGACGAACGCGGCATCCGGCAGGAAAACCTGCCGCAGCGGCCAGCCGCAGCATCCGGCCGCCGGATTCCCGCTACATCATGGCTGGCATGGGGGCTGTCCCTGATCGCGTTGATTCTGGCCTTTATTTTCCCCTCCTACGGAAACGGTTCCACAGATCCGCTGTACATGCTTCAGTGCCTGCCCTCCATGGTATTCGGCTGCACTGCGGCCATCCTTTTCATCCAGGGCCTGGCGGCTATGCGCCGCTAAAAAACAAAGCCTGCGGCCCCATCCGGGGCCCATGCGGCAGCCCCGCCCCAAAAACGGCCGGAATGCCTGGTTTCCATGCCCCTTTCCGCGGAACCGGGCTTTTAGGCTTGCCTGTCAAATGAACAGATTTTAAGTTACGTCCCGGTAAACGTTATGGAACGGGAGGCAGAGGCGAAGGACAACCTGTGGAGGGCCAGACTGGATGCCGTCCTGATGCACAGGATATGGGGTTCCCTTATTTTCCTGGGCATCGTTTATATTATTTTCTTCCTGAGCTTCGCTATCGGGGATCCTCTGGTCAGGCTCATCCAGACGGGTACCCAGCTGTTCAGCGTCTGGGCCTGCCGCATGCTGGAACCGTGGCCCCGCCTTCAATCCCTGCTGGGGGAAGGCGTGGTAGGAGGCGTGGGCGGCGTACTGGCCTTTCTGCCCAACGTGGTTCTCCTCTTCGGGGCCATTACCGTTCTGGAAAACAGCGGATACATGATGAGGGTTTCCCGCCTGATGAGCCGCATCATGAAAATCATGGGGTTGAACGGCAGCAGCTTTGCCCCCCTCCTGCTGGGATTCGGCTGTTCGGTTCCCGCCATCCTGTCCACCAGGAGAATTGAAACGCGCAGCGACCGCCTGGTCACCATCGCCGTGCTGCCCATGATGAGCTGTGCGGGCCGCCTGCCGATCTACATGATGTTCGTCTCCGCCCTGTTTCCCTCCCGCCTGCAGGCCCCCGTGCTGTTCGGGATTTATGCCAGCGGCGTCCTGCTGGCGCTGTGCTGCGCCCGGCTTCTGAAAAACACGCTTTTCAAGGCGCCCCAGAGGGATTCCCTCCACCACATGAAGCGCCTGCGCCTCCCCTCCCTGCGGAAGGTGGGCATCCTGATGTGGTCACGGGCCTTCATGTACGTCCGGAAAGCAGGCACTTTCATTCTTGGGGCCTCCATCATCCTGTGGTTTCTGAACACCTACCCCAGGCCGGAAGAAAACACGGCGCCGACAAACGCAGCGGCCATGGAACATTCCTACGCCGGACAAATAGGCCATTGGATGGAACCCGTCACGCAAGTGGCCGGATTTGACTGGAAAATCAATTCCGCCCTGGTAGGAGCCTTTGCCGCCAAGGAAATTTTCGTCACCCAGATGGGTATCCTTTATGCGGTGGAAGACGGAAATTCGGTCCCGGCTGCCCAGCAGACATTGAACGCCCGCCTTAAAGCCAGCTACACCCCTCTCCAGGGCATCAGCATCATGATATTCTGCCTGATTGCCCTGCCCTGCATCGGCACCGTCACCGTCGCCAAGAGGGAAGCGGGCACCTGGTGGTTCGCTCTGGCTCAATTCGGCGGATTGACCCTCCTGGGTTTTGCAACGGCTACGCTGATCTACCAGGCAGGGCTCCTTCTGTAAGGGCCAGCCATAAAGAAACCGGAAGCAGGGAATACCCCCCGGAGGAAGAAAAAATGAACCTCGTGGAAAAAGAGGCATTTACGATGAACTTCCGCAAGTTCTCCTGCTCTACGGTCAAGTTATCACAACCTCGCCATCATCCGGCCACGAAAGCCGCAGCATAACACCATGCATGGCCGTGCAAGCCTCCCCTCCGCAACAATCCGGAATCAGTATGCATCGGCTGAAGCCTTTCCTGTTTTTTTCAAGCCGCCCGGGTATCCTTTTCCGTTTGCAGAGGGGGGGAACAACCTGCGGCAAAAAAAGATCATGCAGCCATTTCCGGAAAATCAATGCCCTTTTGACAGGGAGTAATCAAAAAAGGGGCACCAATTATCCATTCGGTAATCTTTGCCCTGGATATGGGCCTTAACCTCATCTCCCTGGGAATCCCTCAGACAGCCCCGCGCCCCCGTCCGCGGACCGGAAAGACGGTGCTCATTAATCGTCATCCCATAGCGTAGACGCCCTTTCCCCGGGTCCTTCTCCGTCAACAGCTGTACCGCATTCTTCCCCACCAGCCGGACAGACTTGATGGCAATATCCTCTCCCTCAGCCCCCACAAGGGAAAAACCATAATTGCCAGGATCGTCAACCGTCTTCGTGTCCAGAACCAAAGGGGGGCAGGGAGCATAAAATGCCACTTCCACCGTCCAACCCTTTCCGGACTTCCTGATTTTATGGGTCAGGGGATGCACGGGTTTCCAGTCCGCCCCATCCAACAGGACTTTCTTCATGACATAGCCCACATACTCCCCATAAAGGCGGGACATGGGCGCCGTCAAATGGACTCCGTCGCTATACTCGAAATGATACATCGGGGTCGTCATCACATACCGGCTGTCCTTCTCCAAAGCCATCTCCAGCTGTTCCAGGGCAATAGCCGGATAATCCGTAGGATTAAACTGATAATAATTCAAATGGGAACCAACCTGATAGCCGAAACAGACCACATCGTTTTTCTGCCCGGTCACGGCCCTGGCGTCATGATTTATGTCCCTGATCAGCTTTTCCATTTTTTCCCGGTACCATTCCCTCGTCTTTCTGTCCTGGTGATCCGTCTCTCCCTGGGTCCAGATAAACGCAGGCATGGAAAGGGTCTTCCCTTCCCGGTCAGCCAGTATTTTGGCGGCCTTCAAATCATCCAAAATGCGGTTGTAGGCTCCAGTTCCCCTGCCCAGGGAACCAAGGCTCGCCCCACCCACTCCCGTCGCAGAACAAATCAACCGGATACGGGAAGCCGTAACGGGAGAATAATGCTGCATCAGGCGGAACAAACGACAGGCAGCCCCGGATACGGGAGTTTCGCCGCGCGGACCGTTCACTCCTTCCTCCAGAGGAACCAGCATCTTGCGGTCACTGCCGTTCTCATACGCTCTCACCCCTCCCCTGAACATATACAAGCCCCCTTCCTCCTGCTTTTCCGTTACAACGGGCTTAGCCGTCCAGCCCACAGAAAGGGATTGACCGTAAGAAGTTAAATAATTCCAATCCGCCCACTCTGTTTTCCGGGAAGCACAGATGGATGCGGAAGCCGCCGCAGCCATGTGGAAAGCAAGCAAAATCAAGGTAACAGGAATATTCATCAGATAATTCAACGGACTCTGTCCGTGAACATACGTTAGCCGTTCCCTCTTTTTATCAAT
NZ_CP071807.1_gap8	160154	161744	1590	CCACTCTGAACGAACGGCGCAAATCATTTTACCATTCTTGCAAACAGTTTCCCGTGTTCGGCAAAGGATGGCTGAACCGCAGCAATGAGGCATACCGGTTCGCACAATCCCTGGTTTAGGGAAGTTCCTGCAAAAAAACTCCCGGAAAAGGAGTGCAGGAGAATTCAACCATTGTTGCAGCAACCTGTTTCCATGCGCCGGATGCCATGAAAGAGCCTCCGTGCGGACATCCGCACGGAGGCTCTTTCATTAACACGATCAGGAAAACGCTTCGTCCCCCACAAACGCTCCCAGCAGACGGCAAAACCGGGAAGCAGGTAATTTTACCAATCTCCCGTCCCCCCGCTTGCCATGCTGGGTCAGAATCCAGGGCAGGGAAAGAATCTCCCGTTTATAAGCCAGCAATTCCCGTACATCTCCCGCCAGAAAATGGAGATGCCAGGCATCACACCGGACCGGCTCAAACCGGAAGCGGACATCGACAATCTTTCCGAAAGATGCGGAGGAATCCACCCTGCGCGCCATCAGGACAAGCTCCGGAGTACGGACATAGACATCCTGGCGGCGGCCGTCTTCCTCCATTTCCTCCACCCTCCGGCCTGCAGCCAGATAATAGGAAAAGGCGGCAGATAAAGCGTTCATACCCAGTTTTTCTTATGACGCCTCAACCGCTGGCGCACCGGACGATTCCCGTCGGAACGGCTCCTGAAAAACCGTTTTTCCCTAAAACCGCCGGAGCAAAAGATCGGACGGCACCCAGTCATTTGCCCTGCCGGATTTTCTGGATAACCGGAGGCATCTCCGTTTTCGGCTGTTTCTGGAAGCAGGACAAATGCCCCGGTTCCAGAACCAGGCAGGAATCGTCCCTGCATATCTCCGCCCGCTCTGCAGTCACGTCTACGGTATACCCGCAGCCGGAGAGGAGAGAAGACGCCGCATAAGCCGCTCCGGCCAGAACCACCCACAAGAGACGTTCCCACCAGGTCAATCCGGAACGTGTTCCGCTTTTTTCATAAGCGTTTTTCATGCCCTGTTTTCCTGCCTCCAAAGCCGCTTTCTTTTGTTCTTCTGTCAAATTGAAGTTCATTTGAGAGAGGGGGTAAGGGATTCCTGGAATTCTCGCGCATGTTGTGCCGCAACGGTTCCGCGGGAAAAAATGGCGCTGCGGCAGGACTGTTTATTGCTATTCATTTTGTTCATTTTTTTGTTTATTGCCCGGAAACTGGCCTTTACCGGCATGGAACCGGCGGTGACATCAGACCGCTCCCAGACACAGACATCCTTGCCCTGCCCTTGGGGCGGGAGCAACACGCCTGATACGTCCGGGAACAAGGAATATTCCGCCAGAGACAAACGCCGGAATTTCCGCCGCGGATAACAAATACCCTGTTGAAAACGGAACCGGTTCATGCTAGTCTCTTCCCTGCTATGGCAAAACCGGCTCTGGGGAAAGGCTTTGACGCCCTTATCAATCAAAATCTGTCTCGTGAATCCTTGGCGGCTCCCCAGGCGGGAGACGTTGTGCATCAACTATCCCATGCCGCCATTATTCCCAGCTCCCTGCAGCCGCGCGCCATTTTCACGCCGGAA
NZ_CP071807.1_gap9	166145	169704	3559	CGCGCACCACGCTCATCATGACTTCCAGGGATACAGGAAAAACCGTCACCCGCACGGTCACCATTCCGGCCCAGGGGGAGGTATCCGACGCGGTTCTGTGGAAAATAGAAAAAGAAGGGGCGGAAACGCTGGAACTCAAACTCCCGGTCCAGCCCCAGGAACGGATGCACAATAATAACGCCTCTTCCTTCAGCATCTCCGGCAGGAGGGAATCCATCAAAGCACTGGTCATCGATACCCTGCCGCGCTGGGAATACCGCTTCATCCGGAACGCCCTGTACCGGGATCCCGGCGTGGACGTGCATACCCTGCTCTTTCATCCGGAACTGGAAGAAATGGGGGAAGGCCCCGGGTACCTGGTCAAATTCCCGGACAGGATGGAAGACCTGGCCCGGTATGACGTCATCTTCATCGGAGACGTGGGGCTGGGCTCCAAAGGGCTGACGGAAGAACAGGCCTCCCTGCTCAAAGGCATGGTAAAAAACCAGGCCAGCGGCATCGTCTTCCTCCCCGGCTACCAGGGCAGGCAAATGGAACTCCTGAAATCGGAACTGGGGGACCTGATGCCCGTTACATTCCTCAACACCAAGCCGGAGGGGACAACCCAGCCTTCCCCATCCCCCCTTATCCTGACGCCGGAAGGCCGCGGCTCCCTGCTTACCATGCTGGCGGATACGGAGGGTGAAAACGAAGAAGTATGGCGCAATCTGCCGGGCTTCAACTGGTACGCCCCCGTGGAACGGCCCAAAGCGGGAAGCACTGTCCTGGCCGTGCATGCGGCGGATAAGAATGCCTATGGCCGCATTCCTCTTATTGTCACCCAGTCCTGCGGCAACGGAAAAGTCCTCTTCATGGGAACGGATTCCGCCTGGCGATGGAGGCGAGGAGTAGAAGACAAATACCATTACCGTTTCTGGAGCCAGGTGGCCCGCTGGATGAGTTACCAGCGCAACATGGCCGCAGGGGAAAGAATCCGTCTGATTCCCACCCCGGAACGGCCCCGGCCGGGAGACACGCTGACCGTCACCGCCATGGTCTCCGACAAACTGGGGGCCCCTCTCCAGAATGGAGAGGTTTTTCTGGACATTACAACTCCGGAAGGAAGCTCCAGCCGCGTTCAAATGGACACTATGGACCATACATGGGGCTCCTTTACCGCCTCCGTCAAAATCAACCGTCCCGGCACCTGGAAGCTCACAGCTTCATCCTCTGCGGAACCGGATAAATCCGTTACGCTTCCCGTCATCACCATGAGTGAAACGCTGGAAAAAATAGGCAGCCCCGTCAATACCGCGCTAATGGAGGAAATGGCCTCCATCACACGCGGGCGCATGGTAAAAGCTGAGGAAATACAGCGGCTCATTAAGGAAATCAGGGATCTCCCGGTGCCGCCGCCCATGGAAACGCGCATCCTGCTCTGGTGCAACCCGTATACGCTCTCCATCCTCATCCTTCTGCTTACCCTGTTCTGGATAGGGAGAAAACTCAACGGCACCATTTGAGACGCAGGTTTCCCACACCTTCCCGGCAGGAGTTTTTCTTCCCTCCCTTCCCGTTATTTTCCCGCAGACTCCCTGTCCGCGGCAGCAGAAGCCGGCTGAGAAAATCTCAGCCTCAATCCCATTTTTTTCCAGGCCGCGACCATTTCCCCCTGTACATCCTCCGGAGTCTTCCCATCCAGCAAAACAGCACGCGCCTTCCCGCCGCCCTCCGCATCACGAACCCTCAAATAGCTTCTGAGGCGCTCCGCCTTTCCGCTCCCTTCCAGGTGGCTCCAGTAAACCATCCACAACAAATCGGCCCAATACTGAAGCGTTCCTCCCCTGGAGGAAACGCCATGCTCCGCGGCGGAATGTGCTGAATCCCTGGACAGCATGTCCGCCAGGGCCGGCAGAGCTTCTCTGCCCGTGCGGACGGCGCGCGGAACCATCGCGGCCAGCCTTTCCGGAATCTTCCGGAATACCGGCGCTTCCTTCTCCATGGGAAGAAAAGCCATGTACGCGGAAAAGCCGTCCACCAGCCAGTGATCCCAATCCATGGACTGCGCCGCCCAGTGCGTGACGGCAAAGCGCGGATCCAGTCCCGGCTTCAGCAGCTTTCCCTTTTTATCCCGCAACAGCAGAGCCGTGAAACTGGTAGGGGAAAACTTGAGATGCCCGTTCCGCAGGCCCGGAGCCCTGTTGAAATCCTCTTCCTGGAAACATACCCTCACCAGATACTTGCGGGAAGGCCGGCGGGCCACCGCCAGATTCAACGGAACAGCTGCCAGGGCGGACAGAATGGTTTCAAAACGCCGGGCAAGGATCATACGCTCCGCTTCCGGCAGCTTTCCGGGAGACTCCATGATGAAATGATCCGTTTCATACACACTCAGCTCCTCCGTCTCCTGCACGGTTTTCACCAGCAGGAAACCGGGAACAACCACCCTCTCCGGCCAGGGAGCATCCCAATTCGGCTCCAGGGGAACGTACCGTCTGCCGGAATCCCCCTGCACAGGAGGATTCTCAGCCCCCACATCAGTATCGGGGAGCGTCCCGCCAGACTTTACCCATTCCAGAATATATTCCTGGTCGGCTCCGGAAAAAATATTCTTGGGAACAGCCACCACGCGACCATCCTGAAGCTTCAAATCCACCTCCGCATCACGGACGGCCACCAGCACGGCTACGACGGTAGCGCCCCGGTCATTCGTCCAAATGCGCGCCCGGGCGCTTCCCGCCAGGCTCAGCCCTGCCAATACGGACAGAATCTTTACAGGTAAGGTCATAGGGTTCCCTTTGCCCGCACAAGCTACCACATTGTCCCGCGGACGCAACCCTTTTTCCGTCTCCCGTTCTTCCGGAACAGGTTCCTTGAAAAGAATATGGGGAAGGAATGCATCATCGCCTGTCCCCCGGAGGGGTTGACACGCTCCGGCAAAACCCATAATCTTATGGAAGAAAGGAAAAGAAGGCATGCATATCAGTCCCCTCAGAAAAAATATTCCGCTGACTGTCGTCACCCTGGCGGCTCTGGGCATCATGTTCTTCCTGTTTTTCATGCATCCCGCCCCTCCGGAAGAATCATTGGAATTCTATGCGCCGGACGGCAATATCGCGGGTTCCTTCCGGGTGGAAATCACGAATGCGCCTTCCAACCCCTCCTACACGGAAGTAAAAATCATTCCGGAAGACATGGAATCCTTCCAGCGGTTTTTGGCCCAGTTCCGCAACAAACCCGTTACTGCAAGAGTTCCCTCCCGCGGCAACCACATCATTGTTCCGGGCCGGGACATGCAATACGACGGAGTCCTGCGCCTGACCGGACATTGAGAGGTCAGGCAAACAGAAGCCATCTTAAAGTTGTTCTCCCTTTCCCACGTCCTTCGCCCACTTCCGGGCCAGGAAGGAACAAACCATCAACTGGAGCTGGTGGAACACCATGATGGGAATCACCAGCAGCCCGATGGGGGCTCCGGCAAAAATCACGTTCATCATCGGAATGCCGGTAGCCAGGCTCTTTTTGGAGCCGCAGAAAATAATCGCAATGCGGTCCTCGCGGGAAAAACGGAGCCTGCGTG
NZ_CP071807.1_gap10	173536	174917	1381	TTCCATCCTCTTTTTCTCATGATTCCTTTCTCAATCTCGGGTTGACGGCCATTTGCACCAGATCCACACCCAGGTTGGCCGCGACGATCAGAATGCCGTAAAACAGGACAAGCCCCTGGATGAGGAAATAATCCCGGTCCGTGGTTGCGTTCACGAAATGCTGCCCCATGCCGGGAACCTGGAAACAGGTCTCCACCACAAAAGAACCGGTAATCATAGCGGCAAAAGCAGGCCCCAGATAGGAAAGGGCCGGAATCAGGCCGCCTCGCAAAGCGTGCTTCCAAACCGTACGGAAAGGCCCCGCCCCCTTGGCTCGAGCCGTCCGGATGAAATCCTGCCCCAGCACTTCAAGCATGCCGCCGCGCGTCAGGCGCGCCAGATATGCGGCATTCACCAGCCCCAGCGTCAGCGCCGGAAGCACCACACAACCGGGAGAATCCCATCCGGCCACGCTCAAGCCGGGCACATGCATGCCCAGCGCCACGCCAAGCAGCGGAGCCACGACGAAAGCGGGAATGCAAATGCCGGCCATGGAAACGAGCATCACCCACCAGTCCATCCACCGGTTCTTGTACAGTGCCGCCACAATTCCGGCGGGAATCCCCGCCAGAATGGAAATAGCCATGCCTATGACTCCAAGCTGGAGGGAAACAGGGAATGACTGGCCGATCATATCCGCCACGCTGACGCCTTCCTTCACCAAAGACGGCCCCAGGTCGCCATGAACCAGCATGTTCCACCAGTAACGCCCGTACTGGACCAGGGGAGCCTGATCCAGCCCGTAACTGGCCTGGAGCTGCTGGAGGACATGCTCCGGAAGTTTCTTTTCCCCCATGAAGGGGTGCCCCGGCAACAGGCGTATCAGGAAAAACGTCACAGTTTCCAGCACCAGCAGGACCAGAAGCCCCTGCCCCAGGCGTTTCAGAATCATCCTGGTCAAGGCGCGGCCTCCTTCCCATGTTCCCGGGCGTCGTCCAGGCTGATATCCTCAAACAAATGGTTATCCAGCAGCAGGGGGTGCCATCCCCGCACCTCCGGCCTCTTCAAATAGGACCGTTTGGCCCAATACAGGGGAATCACCGGGGATTCGGAAAGCATCAGCGCTTCCGCACGGGCCAGCAGGGCCATGCGCTTCTCCTGGTCTCCCGTGGCGCGGCTCTCCGCCAGCAGGCGTTCATACTCCGGATGAAACCAGCCCGTATTATTGTTCCCGGAGGCGGAACCCCACAAATCCAGAAAACTGGAAGGGTCCAGATAATCACCGGACCATGAGGAGGAACTAAAATCATACTGCATGGAATTCTGCGCGAACTTGTAGGCCGTCCACTCACAGGAACGGATATCCACATGAATCCCCAGATGCTTTTTCCACATGCCCTGG
NZ_CP071807.1_gap11	175942	179325	3383	GTCCGCGTACCTCCCTCCAAACCCCGGATGAAGCAGGCGGTGATAGGCATACACGAAATCATGGGCCGTCACAGGAACGCCGTCGCTCCACACGGCGTCCTTCCGGAGGGAAAAACGCCACTTGTCCGCCTCCGGACTATGCGTCCACGACTCCGCCACAGCGGGATGAAAAACGGCGTCATCCCTGGAATCCCCGCGCAGCAGCCCCTCCATGACGGCATTGATCATCTTGAAATCGGAAACGGAAGTGGCGATGTGGGGGTCAAAGCTCTGGGGCTCCGCATTATTGCCCACGATGAGCACCCCTGCCTCCTGCGCCCGTTCCACGCTCGTGCGCGTATCGCATCCGGCGAGCAAAAGCATCACACAGAACATCATGAACAGGCGCATGGCGGGATTCTGTCAGGTTTCCTTCCCGTACGCAAGGCTTCACGTCAAGAAATACGGCGGCAGAACCACAACGACCTGAGCGCCCGCCCAGAAGCGGAAGGCTCCTCCCAGAACCTTTATCCCACCCGGCTCCCAGTTCTGCGGCTTAACAATATATTTTCCTTCGTACGCTCATGATACATATAAAATTTCATAGAAAGAAAAACACCCCTCTTCCTTACTGGTCTTTTACAAAACGGAGGGGGTTTATCCTGTTCTCCCGGTTATTCCTCCTCTAAATTTTTCCCATGTTTAAATTCAAACACCGGACATCCTGTATCTTGACCGTACTCGCGGGGATAATCTCCATTCAGGTAGGGAATGCCATCACCGTCCCGTGGCTCAGACCTTATATTAACGGTGAAGAAGTGGTCGGAACTACGCTGGAAAGCCGTTACAGCACACCTGACGGAGAATCCGCCAATCCTGTGATCTGGTGGGAAAAAGCAGATGTCCGAAACGGAAAAACCGTAGTGGTTCAGCAGAGCCGTGATGCGGAATCCTACACCCTGACGGACAAGGATGCAGGAAAATATTTCCGGATTATTGTAGGCTGCGGAACCAAAGACGAAGCTGCCAGCCAGTGGATCGGCCCGGTCATCACGGAAAAACAGGCGGAAAGCATCAATAACCGTTTCCATCCCGGCAGGAGCTACCAGGAAAATGTGAACGAACTTCAAAAGGAACTATCTGAAAAACTTCGAAACGCCGTGTACTTTACCGTAGATACGGACAAGCTGCATGGCGCACCCTGCGTGATGGCCAGAAATAAACGAATCCCTCTGCCCGAAGATATCAGACCTTTCCGGGAAAACGGAAAAATCTATATCAGCCAACCCTTTGTACAGGCCATTTTCAACAGGGAACTGCCTGATGAAATCATGGAGGAAGCAGCCGGACAGAAAGCTTATGAAATAAGCAATGTGGCCAGGGTTCTGCAACTCAACCTCTGGCAGGGAGACAAGGAAAAATCTCCCGTACCGAACTTTCGCATGCAACCCATGGCGGAAGGACTGGTGATTCTCTCTCCTGAAAAAGACATCTTCTCTCCAGTAGAAGACCGTGACCTGATTAATGAAGCCGTCAACGGGCTCTTCGATTTCAAGGCCGATAATAAACAGTTAAAATGGTTTCGGGATGCCAAATTCGGCTTGTTTGTTCACTGGAACCCTTCTTCCCTGCTGGAACGGGAAATAAGCTGGGAACGCAATGCGGCGCGTCCCAAAGACAGCGCGAGCGGTCATAAGAATACCGTAGACTTTGAGTACGACTCCGCCCACCGCCGCTTCAACCCCAAGCAATATGACCCCAGAAAATGGATGTCCGTCGCCAAAAAAAGCGGTATGAAATACGCCGTGCTGACCACCAAGCATCACGACGGCTTCTCTAACTTCCCCTCCAACTACGACACCTTCACCATTGCTGCCACCCCCTACGGCAAAGACATCGTGGAACAATTCGCGGCGGCAGTTCATGCGGCCGGGCTCAGACTGGGATTTTATTATTCTGGAAGAGACTGGTACAACCCCTACTACCTGACCGACCAGCACTACCGTTATCTGGAATACTACTTCGGCCAAGTCAGCGAACTGCTCACCCGCTACGGCCAAGTGGATGTGCTCTGGTTCGACAGCCTGGGCAATAGCTCCCTCAACCAGTGGGATCCCCGCACCATGATACGCCGCATCAAGCAGTACCAGCCGGACATTCTGATCAACAACCGCATGAACAGCACCCGCGGAGGCAATAAGGAACCGCTGCCCGATGATTTGAAAGGGGATTTCCTGACGCCGGAATGCAAGCTAGGCCCCTTCAACACTCAAACGCCTTGGGAAAGCTGCATGACCGTGGCGGATATCCCCGGCACCCGCTGGACGGGCAACTGGTCCTACACATCCAACGCAACAACCAAACCCGTCGAAACCTCCGTCAAATTCCTGATCAATAACATTGTCAAGGACGGCAACCTGCTTTACAACATCGGTCCCACTCCACTGGGAACATTTGATCCGAAACAGGCTGAAACTTTTCTGTCCATGGGAAAATGGATTGCTCTCTACAAGGAGGCCATTTACAACACTCGCGGAGGCCCCTACAGGGACCAGCCATGGGGCGGCAGTTGCTACAGAGCGGATCACAACGGCAAAAAAACCGTTTACCTGCACGTCAGCCCGCTGATTGCCCGACAGGGAAAAGAGCTGAAGGGAAATACCCCCCTGTTCATCAAAGATATCGGGGAAAAATTCACGAGAGCGACCCTCATTGTGAACGGTACCGGAAACGGAAAATTCGTCAGGCTTGAAAAGGAAGGAGACCAGTACAAAATCACTTTGCCCGAGGGTGTCACCTGGGACAGGCTGGATACCGTCATCAAACTTCAATAACCCGTTCTTCCAAGAAAACAGCATGCCTTTCCCGCACTCTCTCCTAGACCGGATTTTTATTACCGGAGAATAGTGTTGCCGCCACACGGTACTCTTGCCTATCCCATATACCCGGCCTGACGGAACCGGCATCAAATCCTGCCTTTCGCCACTCCCGCAGCAGAAGCGCCGAAAACACGCGCCGCAGAAGAACAGTGCCCCTCATAAGCCACAGTGCCTCCTTTTCATCATCCCTTTTGAGTAACCGGAGAAACAGGGGGAAAGCAAAACCCCGCAACGGCAGAAAACCGTTGCGGGGCTGTTTTCCCAAAGCAAGGGAAAAGAAAAGCGGCTTTAATTATTTGCCCTGCGCCTTTTTGGCAGCGTCAATCTGGGCCTTGATCTTATCCTTGTTGGCAAGAATGCCGGCCTTGATGCGGGGGGCCTGCATTCCGGCTTCCGTTCCCGGCTTCAACTCGGCCACCTTATCCAGAATCAGAACGGCGCCGTCCACGTCACCGGTGGAATTCAGGTAGGTCCCGAACTCCATCATCAGCAACTCCTGCTGTGTTTCCGGCAGAAGCTTGTCGC
NZ_CP071807.1_gap12	180613	183941	3328	CAAATTCGAATACTCCTGGCAATGGGCGTACCAGGAGCAATTCCGCAAAGCCGGGCTTTTTGCCCTGCTGGGTTCCGGCTTTGACCCAGGCGTCACCAATGTATTCACGGCATGGGCTCTCAAGCATCACTTTGACGAAATCCATACGCTGGACATCATTGACGTCAATGGCGGCAATCATGGCAAGGCCTTCGCCACCAACTTCAACCCGGAAATCAACATCCGGGAAGTAACGGCGCCCTGCCGCCACTGGGAAGACGGAGCCTTCCGGGAAACCGCTCCCATGAGCATGCACCAAAGTTTCACCTGCCCGCAGGAAGTGGGCACCTATGAAATCTACCGCATGTACCATGAAGAAATGGAAAGCCTGGTCAAGCACATCCCCACCATCCGCCAGGCTCAATTCTGGATGTCCTTCTCACCGAACTACCTCAAGCACCTGGAAGTGCTTCAGAACGTGGGTATGACCCGCATTGACCCGGTCATGTACAACGGAGTTGAAATCATCCCGCTGCAATTCCTCAAGGCCGTTCTGCCGGACCCCGGGGACCTGGGCAAGACGACCAGGGGAAAAACCTGCATCGGCAACGTCATCACCGGAATCAAGGACGGCCAATTCAAGGCTGTGTACATTTACAACATTTGCGACCATGAACAATGCTTTAAAGAAGTAGGTTCCCAGGCCATTTCCTATACCACAGGGGTTCCGGCCATGATCGGCGCGGAAATGATCCTTACGGGCAAATGGACTGGCGCAGGAGTCTTCAATATGGAACAAAATGATCCGGATCCCTTCATGGACGAGCTCAACAGGCGCGGCCTACCCTGGCACTGCGTGGAACTCACGGAAGAACAGGCCAAAACCCTGAAGGTCAACCAGCAATAAATTTCAGCAAGCGCTGTCGGCATCATCAAAGCCGGACATTGGAAATTCAATGTCCGGCTTTTCCGTTTCCAGCGGGGAACAGAATTCCCCAGGACAGCACGTCAACGCCTGCCTCCGGGAAAAAGAAAAAGCCCCGGGCGGCGTCTTTCCGCCTCAGTCATAATTTTCTGGCGGGAAGAGCAGACAGGTTGTAAAAACTCAGTGCCATGAAATATCTTGCGTTATTTCTCATGTTCCTGCTTCAGCCGGTACTGGCGGAAGATACAGCCCCATGGAAAATAGCGATCATCGGCGATACGCACGACTCCCCCAAGCGTATGGAAGGAAGCGAGGGAGTAGCAGTCAACTTCATCAAAACCCTCTATGGGGAAATCCTGAAACACAACGTGGACATGGTCGTCCAGGTAGGGGACATGGCGGATATTGAAGGAAGCGCCCCCGTCAAGGGACTCGCCAAACGCAAGGAACTCAACAAAATTCTGAGAGAAAAAGGCATCCCCTTTTATGCCGTGCGCGGCAATCATGAATCCCTTCCTTTCCGGGCGGAACAATTCCGGGAACTCTTCCTGCCTACGCGGAAGCAGGGCACCAAAGGGCTGGCTACCAGAAAGTTGAACTACGGCATCCGCCATAAAAACGCTTCCCTGTATTTCATGGATATTGACCTCACCCCTGACCAGCTCGTGGACTTCAGTGCGTGGGTCAAACGCAACAGAAGCAAGGCCAACACCGTTCCGAGGCACTGCCTGGTCTTCACCCACCGCACCCTGCAGACGCCCATGCAATTCCGGGAATGCCTGTGGGGCCGTTACAACGACAGCGCGGCGGAACAGCAAAACATCTTTTACCGCAACCTCCGGGATGCCGGAGTGCGCTTCGTCGTCACCGGACACCTGCACGCCCATGACCTGTATATGATTACCTCCCCGGACGGACAAAACACCCTTACCTCCCTGATCTGCGCCCCTGCGGGGAACAAGGTTCTTCCCATCCCTTTTCTGCTGCCTGCAAAATCCCGGGTAAAAACCCTGCAATACCGCTCCGGCATTACGGCCTACTATATCCTGACCATTTACCCGGATTCCATGACCCTGGATACCTACGCCGCCCCCAATAACGGCACTACTGACGAAGGCCCCCAAAGCGGAGAGTTCAACAAATTGAACTCCTATACAATTCCGATGGATTAGAACATACTGCGGCCCCCGTTTCTTCCATAACGCAGCATCCCGGAATCTGCCTGCTCCCGTCCGCTATACACCCCTGGCGTCCCTGGCGGAACAATGGAATTTTCCGGGAAGTTCCCAATCCCCCATGTTATTTCATATGCCCGGAGCCACGGGACTTTATCTTTCTATCGTGCTGGCGCTCCCGGTCGCCCTTATATAAAAACTCCGTTCTTCCATCTCGGCCTACAGTACGGTCAATCAGGTCTCCGATTTCCTGGTCAGCGTATCCGGCCTTCTTAAGATACTTAACCACTTCACCAGCCTGCCCCGGATAAAAACGGACCAGCATCCCCACAAACGCAGGTTCCAATCTCTTTTCCAAATGATACTTACAGTTGTTATTTCTGTCTTCATTAGACAGCAGCTTATTGTTGTAATAAATTGATCGGGGATCAGCCCCGCGAAATAAACTCAGTTTTCGTTCCTGAACCAGTCTCAAGGTTCTTTCGGCACTCATTTTATCGTATTCCTCCTTCATCCTGGCCTGTTTCTGCTTTAATTCCGGATCATACTGAGTCCTGAATGTTTTCAATACGGCCGCTCCATATTCTGCCCAGATTCTGCACAGCTCCTTTCTCTTTACGCCGCATCGGGAAACGATTCCGGATATATCCCAGGATAAACTGCTCATCCACCTCACAACTCCGGTCTTCAATTCATAATCCATGTTTCCATAGAGGCCGTCTTTGGGGGTATTTTCATCATAATCCCATGAAAATGCATCCGCCGAAACTACAACATAAAAAATCCATGACAACACCCTGACGTCTTCTGCGTTCACATCTCCAGCTCCCTTGGAACTAAAGGCGCCAAGTTTCTTCCGCGCCTCCCGGTAACAATCCGGCAGCTCTTTTTCATGCAACAGGGAAAGAAACTCCTTCTTTTCCTGAGGAGACGTTTTGAATGCGGAGATGCTGTCGGGCAACGGAAGCCGGAGCTGGGCAGGCTTTCCTTCAGCAGTATTTCCCAAATATATATCAGCGGAACATTCCTCTGTTTCCGTTTCAATCCTCAACGTGCCTAAATCCTCTTCCTCCACGTCCGCAAAGGAAAAACCGCACAGGGAAACAGCGCAACTTATTAAAAGGATTCTTATATTTTTAACAACAACCGCCATCAGACGCAGATGATATCTTATTGCCATTTCCCATTATTCCATAGCAAAAAATTCTAACATTCCGCAGCTTTTTCCTGCTAAAAGATTCTGATGCTC
NZ_CP071807.1_gap13	210311	212234	1923	GCGCGCACCGTAAACGTATCGTCCCTCGTCGTCAGGATGTTGCCCAGCACCGCCAGCACGTCAGACTGGATCAGGTAGCCGGGGGCGGCCGTATACACCGATCCCCTGGCCGCGTCCTGGTTCGGGTAGCCTCCCTTGGGCGCGATCACCATGTCGGAAAGTTCGTCAAACGTGCTGTTGATGGAGCTCTCGTCAATAGCCGCCTGAAGCGCTCCCTTCACCCCCATTTCCCCGCTCTGCAGACGGCGGTTGACAAAGTCGGACATGTTCAGGAAGGGGCCTCTCTTTTTGACCTCCTTGACCATGTTCCGGGCCAGGGACCTGATTTGCGTGTCGCTCAGGGTTCTCAGGTCCGACCACGCCATAGCCTCCCCGTCCGGGATGCCCTGGGTCACCCCTATCGAACCATAGTCGTCCACGTGGGACTTGTCGCTGCTGGCCACTCCGAAACGGGAAAAGGACGTCTGGGAGTTGTTGAGCACGGAGGGCCTGCCGCTCCTGGAATAGAGAATCTTGCGCTTCTTGAGCCCCAGGAGGGTGGCTTCCCAGGCGCGCTGGGAGGTGGAGTTGACATTGAATCCTCCGGCGACGGTGAGGTACTTGGAGGCATGCTTGTAGCCTTCGTCCGTTCTGGCGAGTTCTTCGACGACAGCTTCCGAGGGTTTGCCCTGAAGGTCGGGCAGGAAGCGGCGGTTGGCGATACCTGAAGCCCTGTTGGATGAAGCGTCCGTAGAGAAAGCCTGCTGAAGCACGGTTTTAAGTTCTTCCCTGCCCGTGCCCCCAAGGCTGGAAGGACGGGCGGCCAGGGAGGAGGCGAACCAGGAGTCCCAGAGGGCGTCGTTGATCATCAGGCCGTGGTCCCAGAAGTCCCCCAGGGCGGCGTCCCCCATGATTTCGTTGTGGGAGAAAACCTTGTCGGCAGGAAGCATGGGATCGGCAAAAGCATTGCCGATGCCTACGCCCGGCACGCCGGACTGGTAGGCGAAGCGTTTGGCGATAGCCGCCCTGGAGTCGCTCCTGTACCATCCCGGGGTGAGGCGGCATCCGGCAAAGCCGGCCAGGCTGGAGGGCTGCTGGAAGGGAAGCTCCGCGGCGACAATCTTGTTGACCTGCTCGGCTCCCGGTCCTCCGAAGGGGGAGAGCCTGGTGCCGTCATTGGAGAGGATGTTGGAGATGGTAATCGGGAAGAAATCGCTGTTGGCGTTCTTGACTTCAAACTGGTACGGGCTGTAGAGGCGCCCCAGTTCGGAGGCGGTGGGCATCTGGCCTCCCCAGAAAAGGGGGCTGGAGTGCTGCCATGTCTTGGCCCGGTAGTCCTTGCCCTCCGGATAGGCTCCTATCACGGGGGGCTTGCCCCATTTTACCGATACTCCATAGTAGGCGACAAACGTGGAGTCCAAAGAGGGCGTGCCGTATTCGCCCGCTTTTTTAGCTTCTTCATTGGTCCCTTCGTTGCGTTCCCACATTTCTGCGGGAAGTTTAATTTGGTCAACAAGAGGTTTTTCCCAGGCACCCCAGTTCAGGTTGAGGATGGCCGGCATGGTCTTGGAGAAAATTTCTATTTCCGCCGTGCTTTTCCCATTCAGGGAAGAGGAACTGTTCATTTTGTTGGGATCCATCAGGCCGGCCCCCATCACGAAGGTTCCCAGGGCTTTGGAGGCACCCTTGTCTCCGTATTTGACGGCGAGAACATGATTGTCCGGCGTTCCGTTGAGCCGGCTGGTATCTTCCGCGAAGATAACGGAAGCCTTGGCAATACCTACCTGGTTATATCCGCTGCCGTCCAGAAGTTCATAACGGACGCCGTCCGTCAGGTTGACGGCATAAGAGCTGACTTGTCCCGGTTCCTGGGACCATCCCTCTTTGAGCGGGAATCTGTCCGGTTTGAAATCACCGCTGTTGGGCTTTGTTTTGTAAACTTCG
NZ_CP071807.1_gap14	330103	333257	3154	CCAGAATCATTTCAATACTGCCCCCCAATTCCTTCTGTACGGCAGAGGCGGAAGTAGGGCTGATATGGCCGAAGCGGTTGGCGCTGGGCGCAGCTATAGGACGCCCCAGCGCTTTCGCCACCCCCCGCATGGCAGGATGAGCGCTTACGCGAACGGCCACCGTAGGAAGGCCGCTGGTTACAATATCCGGAATGATATCCGCCTTTGGCAACACCAAGGTCAGCGGCCCCGGCCAGAATCTGGAGGCAAGCGTATGCACCAGATCTTTCAGCCCCTCCGGAACGGCGGTATATTTTTCCACCTCACTCCCATGATGCACATGAATAATCAGCGGATCAAAAGAAGGCCTTCCCTTGGCTTCAAAAATCCTTGCTACCGCTTCCGGGTTCAAGGCATCCGCCCCCAGGCCGTATACAGTCTCCGTGGGAATCCCTACCAGCGCGCCCGCACCCAGAGCTTCCGCCGCACGGGCATACAGTTTGCGGTTGTCTGACAGGGGATCTACCTCGAACAATTCGGTTTGCATGGCTTTATCCTTGCCTGAAGAAGCTCCTGCGTCAAGCAAGACCTCCTTCCCCTGAAAGGAGAAAACAGACAAATGAATAAGAGCACGTCCTGCGGCCTCATACTTCCCCTCTCTTTTTCCAACTGCCTTTACTTCACTCCACCCTTACGGACTTCCCCGAGTGAAAGCTGGCGCAGGAAAAGGCCATTCCGCTAAAAAGTTGTTTTCTCACGCTACCGGATTGAGTACAATCAAGCCATGAATAGGGCCGCATCAACATCCTTGCCAAACATCATCCTGATCGGGCTGATGGGATGCGGCAAAACTACCATCGGAAAGGAACTGCACCGGGAAACGAACCTTGGTTTTACGGATACGGACCAGTTAATCGAACGCCAGACGGGAATGCACATTCCGCAGATTTTCAAAATTCATGGGGAATCACATTTTCGAGACCTGGAAACCGGAATCCTGCAACAGCTTCAGACGGCCGCCGCACAAAGCCGCATTATTTCCACAGGAGGAGGCATCATTATCAGACCGGAAAACCGGCTGCTACTGAAAAAACTGGGCTTCGTCGTCTGGCTCCATACAGACGTAAACATCCTGTACCAGCGTATTTCCAGATGCACCAACCGCCCCCTGCTCCAACAACCCAATCCCAAGGCCGTGCTGGAACATCTCATGAATGAACGGCATGATTTTTACCAGGAAACGGCGCACTTGACCATTGATACGGCCAATCTCCACATCCATGAAATCGCATTCGGCATTCTGGAATCCGCCAGAGTATTCCGGTCCCGACGGCAATAATGCCGACCCGTTTTTCCGTGAGCGGGAAATTTTCTCTTTCTGATTCATCCTAACGCAAGCGCTTCCGGGGAAGCCCTTTTTCCCGCTCCACGCACAAGAAACAACAAAAGGCGATCCCCATTAAAGGAACGCCTTCAGGAAAATAATAATGCACCGGAAAAGGCTTAAGCCTTACGGGCCTTACGGATCATTGAATTCACCGTTTCAGAGGGCTGTGCTCCGTTGGCAAGCCATTTGTCAACCTTTTCCAGATTGATGGTATAGTTGACGCCTTCCTTCATGGGGTCATAGGAGCCCACTTGCTCAATGTAACGGCCGTCACGACGCGCGCGGCTGTCGACAACGACGATTTTGTAGTAAGGACGGTCCTTGGAACCCTGACGGTTGAGTCTGATTGCTACTGCCATATCAATTATAAATAAAAGGTGTTAATGGAAAACTTGCGCGCCTTGCCACTCACATGCGTGCGCGTTCGGCTTTCCACAGCGGGTGCAGATGTATGCGATATAATGGAGTCATTGTCAATACCAGAGTTATTTTTACAGGAAAAAAGCCTCTCCTCCATTTCTGCATCAGGAAAAATTTTCCACCGCCATGCGGCCAAAAGAATACAGCATGCTGAATCCGAACCCCGCCAGCACAAGGGACAATATTCCATCCAGTATTCCGGCATACCGTCCGTAAAAGGAACGAATGGGCTGCCACCGGAAAACAAGAGCCCACAAAATCCAGCCCGCCGTTCCCGTCGCCACGATTAAAAAACAGATAAAAAGAGCATCGGAAGGATCATGATTTTTTTCCAACAGCGGAGCGGAAAGAGCCACAAAGAAAAACGTGGCCTTGGGATTCATCAGGTTAGTCACCAGAGCATCACGGTAAATACAGGAAGCCGGGGAAATATCCCCGCACCCGGCAAGGAAAGCATTCCTCCCCCTCGGCCATATTTTCTATGCCAAATACAGCATCCAGCAGGAAGCGACGCAAAACAGCCCCACCCCCAGGAAACTGTGAAAAACGGATGCTCCTACTGTACAAGCCAGTGCAGCATGGGCAACTATTCCGGTACCAATGCCCAAAGCAGCCATCACTCCCGCGCCAAAGCCGTAAGCCAGCGTGCTCCGGGTAACAAAAGCCTGGTCGGGCCCCGGAGATGCCTGGGAAAGAAGCAGAATACCTGCGAACATAAGTTCTTCCTTCATGAAACAAAAAAACCCTTATGCCCTGGGATGCGCCTGTCTGTAAACTTCCGCCATTCTGGCACGCGTCACATGCGTGTAAATCTGGGTAGTGGATAAGGAAGCATGGCCCAGCAGTTCCTGGACGGAACGGAGATCCGCCCCTGCCTCCAGAATGTGCGTGGCGAATGTATGCCTGATCTTATGGGGAGAAATGGTAAAAGGAATGGAAGACAGCTTCACATATTTGTTCAGCATCATCTGCACGGAGCGAGCGCTTAACCGGGTTCCTATACGGGAGACAAACAAGGGGGAATTCTTCGGCAGACAGGCCATGGAAACATAAGTTTCCAGAGCAGCCAGAGCAGGAGTTCCCACAGGCAGGATGCGCTCCTTGCGCCCCTTCCCCATTACCTTCACGCCCCGGAAACGGTGGTCCACACTGCCGACATCCAGCCCTACTAATTCACTCAGGCGCATCCCGCAGGAATAAAAAAGTTCCAATATGGCGGCATCACGGTAGGGAAGCCATGCGGGAGCATTGGCGGGAACGGCCGTCTTGTAGGGAAGCTCCAACAATTCCAACATCTGGTTGAGTGTCAGGAAAACGGGAAGCGTTTTTTTCCTTCTGGGAAGGGAAACGCCCGTCATCGGATTCGTC
NZ_CP071807.1_gap15	335362	337277	1915	GTTCTTCCGCGCACTTCTTTCTTAAATCCGCATACACGGAACCCTGCACAATACCGAAATGGTGCTGACGCCCTTCCCCGGAACGGGGGCGATGTTCCTGCACCCACGCCTTGCAGCGGCGGGCCCAACGAAGCGTGTACCCCAGGGAGGCTTCCGCGTACTTCCTGTCGCAGGGATAAGGGGGGCACTCGTCAAATAGCATGGCGATATCACTGCCCAGGTCCGCCTGGATCTCCATGGACCGCTCCGGGCTCAGCATCATGTACGCCCCGTCCAAATGGTTCTGGAAACGCACCCCTTCTTCCGTAATTTTACGGAGCTTGGCAAGAGACCAGACCTGGAACCCGCCGGAATCCGTCAAAATAGGGCGGTTCCAGGAGGAAAATTTGTGTAATCCGCCCATTTGCCTAATTAAAGCGGAACCGGGGCGCAGGGACAAATGATAGGTATTTCCCAGAATAATCTCAGCTCCCAGCATCTCCAAATCCTGCGGATGCATGGTTTTCACGGAACCCTGCGTTCCCACCGGCATGAAAATGGGGGTGGGAACCCGTCCATGCGGCAACTCAAGCGACCCCAGGCGCGCAGCCGTGGAGGAATCTTTCTGATGAAGTATAAAAGGCATCGGAATCAGACTTTCTGCAATTTGATAAAGCGGGCGCGGTAAATCGGCTTTCTCATGGCCTCCCATTGAAGCTGGAAATCCGTACGGGGATAAAAAAATTCGTCCTCATCCCAACTGGCACGGCTAAACAGACCGCTGCGCGCCACATGGTCCAGCACCCACAGAAAATATCCTTCATGATCCGTCTTGAACAGGAACTCCCCGCCATCGGACAGGGAACGGTGAAGCACGGGAAGAAAATCCTCCTGCACCAGCCGGTTCTTATGATGCCTCTCCTTGGGCCAAGGATCCGGACATAAATAATGCAGCCGGGAAATGCAGCCGGGCTGCATCATCCATTCCAGAAAGTAACGGCTTTCCACGCGAAACACCTTCACGTTATCCAACCCGCGGACGGCCGCCCGGGAACAAACCCCCCGTACGCGGCCCAAAAGCCGTTCTATTCCCAGAAAACGGCGCTCCGGATAATGGGCCGCCATCTGAAGCAGGAATCCTCCATCCCCACACCCCAAATCAACCTCAAACGGACCATCCGCGCCAAAAATATCAGAAGGCGCCAGCACCTTGAAAAAATCGTCTGGAATAAAGGCCGGATTTATCATGGGAATCAACGTGCGGATAAGATGCGTTACAAAACGGACTCTGTCAAACGAGAAGACCCTCTCCCCGCAAGCATGGCGGGAAGAGGCCCGGAAAAACGGAAAAAATAAGCCAGAACGGCCCGGAACCGTCAGCTCCGGCAATAAAGGCGATTATAAATTTTACGGTCAAAACGGTAATAGCGCGCGGCGCGGTGGGGAACCCCCTCCTCCTTCTCATCCAGCGGCACAATGTAGGGGCGGGAAGCGATCTTTTTGTGGAAATTACGCACATCCATGGGCTTGCCGTGAATCTCCTCATTCAGCCGCCGGAGCTGAAGAGCCGTAAACTTGGCAGGCAGCATGTCATAAATCAGCGCAGGCTCCTTCTTCACGGAAGAACGCACTCTCTCCAGCGCCAGGTCAATAATATCCCGGTGATCAAACGCCAGTTCCGGCAAATCATCTACAGGAACCCAGCGGGTCTTGTGGCTTTCCATCAGTTTGCGCAGCTTGGTGGAAATCCTGAGCATGGCCATGTAGGCCACCGTCACCAGGCGTCCTATCTTCTGGCCGGAAACAGCCTCCACCCATGCCCTGTCCTCCGGATTCTTGATGCGCGATGGCGCACCGAAGGTATGGAACTGTTCCAAATGGGGGGAAGACATGCCGGTCATGTCAAACAAAACGCGGCGGGCAGCAGCATCCAGTT
NZ_CP071807.1_gap16	338358	342038	3680	GCGCCAGAATAGATGCCGCAGCCACAGCAATATCACTCTCCGCCCGGACACGCTGTTCCAGCCGGACACACACCTTTTTGGCGGCAAGCGCCCTCTTCAGAACAAACGGATTGGCGAACTGGTCGCTCAATGCCATGGGACAATCCGGCACCTTGGCCGCCAGCCCCTCAATCACCGTAGCATGCCCCCAGGCGAGAAAACGGTTCAAATTCCCGAACTCCGGATAAAGCTGGTTATACCGTTCCGGGCCAATGCTTACCAGATGAAACCGGATGCCCGGCACCCTGCGGATCCCCTCCGCCAGGCAACGGATTCTGGATGAAGACCCTACCAGCTTGCTGTCACAAACGCCCAGCTTGCGCAATGCGGCGCCGATGCCCCCGTCCACATAAACGCCGGCCACCACCAGCGGGCCGAAGTAATCTCCCTTTCCGCTCTCGTCAATCCCGAAGTGGGGAACAAAACCGCATCCTTTTTCCATCTCTTCCGGCTGGGCCAAAACTCCGGTCACCTGCGGTTCCAGCGTAAACTCTATAAAATCATCCGTTCCCTTTCCCTGCAGAAGAAGCTTGTTCTTCTTCTCGTAAACCGTCGCCAGCAGGGAAGGCCCGGCAAATGAAAAACGCGCATAGGGAATCTCTCTTCTTTCAAACCCCTTTTCCTCAAGAATGGACTCAAGCCTTCCGGCCTGGGCGTCAGTCAGCATGGTTGTAAACGTGGTTCGCATATATCCTTCCCGGAGCCGGAACACTCCGGGGCAAGCAATGGAAGCATCCCAACCATTCCGGTCAAGCAAAATTCCCGCATCACGCGGTTGAGGACGTAAAAATCAAGCATGCCACGGATTATGTGATTTTTTAGGAGACAAATCATGCACGCTGAACTATAAAACTCATACATTCATATCATTCTGCACTCCATATGGCTAAAACATTAACAAAACGAGACCTCGTTAACAAAATCAGCGCCGAAACCAACTTCACTCAGATTGAAGTGTTCGACATCGTACAGCGTGCCGTGGACATTATCTCCAGCACCCTTGCTGAAGGCGACCGTGTGGTGATTCGCAATTTCGGAACCTTCCAGGTGAAGGAAGTGAAGCCCAAAGTAGGCCGCAACCCCAAAAATCCCGACCAGGATGTGCCGATTCCGGCCCGCTCCGTTGTCAAATTCAAGGTTGGCAAGGAATTGAAGGATCAGGTCGCCAAGCTGACCGCCTCCAAGTAATCCCCACAGGGATCAGACAGATTACTCCGGGCGCCTCCATCAAACAATGGAGGCGCCTTTTTGTTTGCAATTTGCGCGGCATTCGGGAATATAAGGGAACGTGAGCATGTTCCGGATACAGCACCTTCTTCTGATCACCGTAGCAGCACTTTGCTCCTGTGCTACAGAACGCACGGTAGCTACAAACTTTCAGCCCCGGCAACGCCCTGATTCGGAAAAAACGGACGCAGAGCTGATGGATGCCCTGGAAGCGAAATTCGCCGGCGGCTTCGGCCAGCAGACGGACAAGGAAGGAAACACCAGGATGGTGTCCCAAAAACGGAGTTCCTTTGAAGGGCTCCGGTACAGCGGCAACACGTCTCAAATCGAAAAAAAGGCTTTTGAAACCGCATCCTTTGAAAAAAAGAAATTTGACGGTGCCTCCACCCGGTTTGAAACGAAGAAATGGGACGGCATCAAATCCTTCACGGATGATAAACTGGAAACACCGGACTTCATCGCCCGCGCCAGGGGAGTAAATACCCACTCCTGGCAGGATGCCTCCAAACAATACGCCACGCAGCAATCCGACTTTCATGGACGCTCCTGGAAAGATGCGGACAAGCGCCTCGGCCACACTGTCAACCGGGACATTGAAGCCAAGAGACAAAGCTTTGGACAGCCAACTATCATGAGTGCGCGGCAGGCCCAGGCGCATACTATTCAGGAAACGCGGGAAATGATGGGACGCACGGACTGATGCGCCGATGTTTCGGACGTGATCCCATGCCACATTTCAGATTCGACATTGTTTTCAGCCGCCATCTATAATTCTGCCCGTGAGTGCCAAAGACGTTCCTCCTTCCATCACCCTGCCTACCAGCGACTACTATACCATTGTCAAAATGAGCAATCATGCCGTCGTGGGAGTATTCCGCCAGCATGTCTTTGCGCGCCGCAGCACGCGCCGTTATGCGCCCCCCATCCCTGAAGAACACGACTCCTATTGCGTTAAAAGAACTCCGGAGCGTGTCATGGTCCAAATCTTTCATGACGGCAACGAAGTTTACCGTTGCATTTTTGTGCCGCCTGCCGATTATTGACGGCAGGACAACCATGAAAGCTCCTTTTTTCAGTCCGGCCTTCTGCCTCATTACAAGCCTGATTACAGCCTGCTCTTCTCCCTCCGGCCCCAATGCGTGGACGCCGGTCACTTCCGGTCCTCCGCGTGCGCCCATCCCCCAGAACGAAGTTCTGGTCATTGACGAATACCCCATGGGGGAATACACCAACGTGGGGCATTTTAACGGGCCGGAAGGGCGCATTGTCCATGTCTCTATGGAAGACAAGGAACTAATCGACTACTTCACCAAGGAAGCTGCGGCCATGGGGGGCAATACCGTCGTCATCAGGGAACCGCGCATCCGCTACCGTTCCGGCGAAGGCAAGAGCAGCCGGGTGGACGTCATCTATGTTCGGGAAGAAATGGGAACACACGGTGCGGAAGACCTGGGCATGGACTCGCTCCCCATTGATGAAGAATCTCTGCGGATTTATTAGAGCCGCCGGAAACGTCCCAGGTGCCATTTCCTGCCCGGAGTTTTTTCAGCTCTTTTTATTGGCCGCACCGCAATGTGGGCACTCCGCACGGGAATTCCCCTTCTCCATATAAAACCGGAATCCGCATATCCGGCACTGGAACTTGCGCCTCCGATCCAGGAAAGATCGTATCCATCCCACAGCCAGGCAAACAGACACCACAGCGCAAAAACCGCCGGCGCCCAGTAAAAACAGGCGCATCAAAAAATCTTGGAGGGTCATATTCACGGCTCTTCCTCCTTCCATTCGATGGACATGGTGCCGCTCCGCGGCTCCCGGGACGGAACCCAGCGCAAAGACCGGGCGAACCTCATTGCGGACTCATCCGCTCCATTACTTCCGGAAGACTCCAGTAACAAAACTTGAGAAGGAACGCCCCATACATCCACCACCACAAAAAAATCACTCCTCAGCCCCGTGTGATCTTCACTTCTGGAAAAACCGGACAGGGAGCCGGCTGTAACAATCCGTCCATCCAGCCCCGGGGAACAAAAAGACAAATAGGGAATGCATGTTCCGGAAATCTCCAAGGAAGGATTCATCATGGCGCGTATATGAAAATCCGGATGCTGCCACATACGCCAGACCTGATCCGCCACAGTGGGCACGGACACGGGGGGGAGAGGGGCCAGAGGCGTATCTGCGGAACGCGGAGAAGGCAAAGTCACACCCATTTCCCCGGTCGGGCCGGCCGTCACCGGATCAGCCCAAACGGGGCCTCTCACAGGCAGAGGAGTATTGCGCAGCACATACTGATGCAGGCGCGGATTATCTGCAGGCAGCAGCACCACGGCACCCGGCTGATCTCCCCTGCTGCGGATTTCCGGCACCTCCACATGGACAAAAAGGCCGGCGGCAAAAGCGCAAACGCCAAA
NZ_CP071807.1_gap17	345293	348464	3171	GAACGTTATAAAAAATGGGTGGAACGCCTCCGGAAAAAAGCCATCGTCAAAATATACATCTGATTCTTCTCCTTTCCCCATTGCCGGACCGGCCCATTCAACAAGGCCGGTCCGGCGTTCTCTCTTTCATTTCCCCTGTTTTTCTTTCCGCCAACCGTTCCGTCCGCTCTCCTTCTCCTGCCGGGGGCATCTTCCTCTCGCCCATATCTCTGGAAGACGCCTTCATACATAACTGGACGGCGGCCGCAAGTCATCCCGCCTGACGCGTGGAACCCTGCTGACGTAATCCGGGCAGAAACCGTATCCTGCTGAATAAAAATCTTGCAAGATGGCAGATTTCCAGTCGTAATATCACAGATATGTTCACCAATATTACACGCACGACCCTCTGCATTACTGCGTTCAGCATCGCCAGCCTCATGGCGGCGCCTCTGAATGCAACCAAAACGGAGAGCCTGGATTGGAACTGGAAATTCGCCCGTTTCGGGAAAATGCCGGATGGCAGTACGCAACCGGAACCGGGAAAAGCCATGGGATTCGCCACTGCCACCAGTGAAGAATCCGGCAATCCGGCGGACAATGCCGTGGACGGGGACAAGTCCACCCGCTGGTGTGCCGCCAGTGGCAAAAGCGGAGAAAAAATCACCGTGGACATGGGACGCCCCGTAGATGTAAAAACCGTTAACATCCTGTGGGAAAAACAAAGCAACCATCTTTTCAAGCTGGAAGGCTCCGGTGACGGAAAACGCTGGGCAACTATTGAAGACAAAACTTCCGGGCAAAACGACTCCAAGGAAGACACGGTAGAAAACAAAACCGGCAAACCGCGATACTTCCGCATCACCGTCACGGGCAACAACCAGAGCAACTGGGCCAGCATCCGTGAAATCACCTTTAAAAACGACAAGGGGGAAATTATCCGCCCTCAGGCCGCCGCCGGAACCAGTAAGGCGGACAATCCCTCCAGCCCCTCTTTCAACGACAAAAACTGGCGTTCCTTGAACCTGCCGCACGACTGGGGCGTGGAAGGACCCTTCCGGATGGAAATTGAAAACAGAACCGGAAAACTCCCCTGGGTCGGCATTGGCTGGTACCGCAAAACGCTGGAAATCCCGGCGGACGCCAAGGGCAACCAATTCTATCTGGACTTTGACGGCGTTATGTCCCGCCCCAAAATTTATGTGAACGGACACCTGGCCGGCGAATGGAAATACGGTTACAGCTCCTTCCGCGTGGACATCACGCCCTTCCTGAAATTCGGGCAGCAAAATACCATTGCCGTCAGAGTGGACAATCCCCCCAGCACCTCCCGATGGTATCCGGGCGGCGGCATCTACCGCCATGTGTGGCTCACGGAATCCAACCCTGTGCACATCGAACACTGGGGCGTTTTCGTCAAAACTCCGGAAATCACCAAATCCGCCGCCAAGGTAGAAGTGGACACCACGGTGAAAAACACCACGGACAAAGCCGTCATCCCCACTGTTACTGAAGAAATCCTGGACGGAGGTAAAATCGTAGCCTCCACAACCACCAAAGGGGAAGAAATTCCCGCCGGGGAAAAGGGCAAAATCACCAGTACGCTGACGCTCAAAAACCCCACTCTGTGGACGCTAAACGCTCCCCATCTGTATAAGATGAAAACCACGGTCAGGATGGGAGACAAAGTCATAGACCAAAAATTCACCAACTTCGGCGTAAGAACCGTTGAATGGAAACCCACGGGATTCTACCTTAACGGGGAGCGCGTGCAGCTCAAGGGCGTTTGCCAGCACCATGACCTGGGACCGCTCGGCTCCGCCGCCCACACGCGAGGCTATGAACGCCAGATTGAAATCCTGAAGGAATTCGGCGTCAACTCCATCCGCACGTCCCACAACCCGCCTGCGCCGGAAGTGCTGGACCTGTGCGATAAAATGGGCATCCTGGTCATTGACGAACTTTTCGACGTATGGCAATGCTCCAAAGAAGGCGTCAACAACGAATCCTTTAACGAATGGCATGAACGGGACGTGGTTAACCTCTGCCACCGGGACCGAAACCACCCCTGTGTCATTGCATGGAGTTCGGGAAATGAAGTTCCGGAACAGGGAATGAAAAATCTGCACCATATCTCCCAAACCCTGACGGATCTTTTCCACCGGGAAGACCCCACGCGTAAAGTGACTTCCGGCTGCAACAACGCCAATGCCGCACGCAACGGCTTTGGGGACACCCTGGATGTTTACGGCTATAACTACAAGCCCTGGGCCTACAAGGACTTCGCCAAGGACCGCCCCCACCAGCCGTTCTATGGTGCGGAAACCGCCTCCTGTGTCAGCTCCCGCGGAGAATACTTCTTCCCCGTGGACTGGAACAAAGGCAAGGGATTCTACCTCTACCAGGTCAGTTCCTATGACCTGTACGCCCCCGGCTGGGCCAACCGTCCGGATGTGGAATTCGCCGCTCAGGAAGACAATCCCAACAGCGCGGGAGAATATGTATGGACGGGCTTTGACTACATTGGGGAACCCACCCCGTACAATCTGGACGCCACCAACGCCCTGAACGTGCCGGAAGGGCCGGAACGCGAAAAGCTGATGGCGGAACTCAAAAAACTGGGAGACCGCGCCCCCTCCCGCAGCTCCTACTTCGGCATCGTGGACCTGTGCGGCTTCAAAAAGGACCGCTTCTACATCTACCAGGCCCACTGGAGGCCGGATCTCAAGATGGCGCACATCCTGCCGCACTGGAACTGGCCGGAACGCAAGGGGCAGGTAACGCCCGTGCATGTCTACACCAGCGGGGATGAAGCGGAACTCTTCCTGAATGGGAAATCCCAGGGCGTCCGCAAAAAGGGCACCGGGGAAAAGGACCGCTACCGCCTCGTGTGGGAAGACGTTAAATACACGCCCGGCACCCTCAAAGTAGTCGCCAAAAAGGACGGTAAAATCTGGGCTACGGACACGGTAACCACTACCGGAAAACCTGCGGCGCTCACCCTCAAGCCGGACCGCAATGAAATCAAGGGAGACGGCTATGACCTGTCTTATGTCACCGTAGCCGTCCGCGACGCCCAGGGCCGTATGGTGCCCCGAAGCAAAAACCAGCTCACCTTCAAGGTAAGCGGCCCCGCGGACATCGCCGGCATCTGCAACGGTGATCCCACGGACTTCACCACCATGGCGAATC
NZ_CP071807.1_gap18	350701	351719	1018	TTCTGGAACGAATACTGCGACCGCTTCCTGGAAGCCGTCAAGGGTGACCTGAAGGACGGGGCGGACCCAGCGGCACAGGCAGCCACGCTCACCACGATGGACACGGTGCTCAGGCACTACCTGGCCCTTCTGCATCCGGTCATGCCTCATATCACGGAAGAACTCTGGGCCTCCCTGGGCTTTGCGGAAAGCAACGGCGGCCTGCCGCTCATGCGCACTCCTCTCCCCTCTGCCGAAAACCTCCTGGCAGGACTTGATGAAAGCCGCATCACCCTGGCGAATACCCAGGCCGCAGCCCTTTATGAAACGGCCAACAAGGCCCGCAACCTGAAAGCGGAATACGACCTTTCCAACAATAAAAACGTCAGCTTCATCCTGAAAACTCCCCACGACGTACCCCAGGATATCCTCTCCCGTCTGGCCATTTTGGCGAACGCCAAATCCGTCATCCGGGACGCAGCTTACTCTTCCCCCAAGGGAACGCCTGCGGCCCTCACGCCGCTTGGGGAACTCTTCCTGCCCCTGGAAGGCCTTATTGACGTGGAAGCGGAAAAGGAACGCCTGGGCAGGGAACTGGACAAAATAGCCAGGGAAATCGCCAAATCCGCGGCCAAGCTGGGTAATGCGGGCTTTGTGGAAAGAGCTCCGGCAGAAGTCGTGAATCAGGAAAAAGCCCGTCTGGCGGACTGGGAGGCAAAACAATCCCAGTTAAAAGGGATGCTTGATTCCCTTTCCTAACCATCTATCATTCCGGGAATGAATAATATTCAAAAGTACTTTGCCGGCCGCGAGCAATTCATTGAATTGCTTGAAGCGGTGGGCATACGTACTCTTGAACAATTCGCTTCCGCGGACCCCTCCACCGTTTTGCCTGAACTTCACCAGGCAAAACGGATGCTGAAACTGCAGACGGAAATTCCTTCCGCTCCCGTTTTCAGGGAATGGGTGAATCAGGCTCTTTCCTCTCCTACTGCGCCGGAACCGGAGCTTCTTCCCATCCATGAGGGCGACGGCCTCC
NZ_CP071807.1_gap19	354628	356497	1869	GAAGGAAACGCGGCGTTCCAGTTGAACAGCCACGTTCTCTGCAATAAGCTGGGCGTCCGTTTCAGGGGAACGGATTTCCACAATGTCAATGTTGACCTGGGTGGAAGCGCCGCACAGGCCCTGGAGGTACTGGCGGATCTTTTCAATTTCCTCACCCTTGCGGCCAATGACAAGCCCCGGACGGGCAGTGTGGACGGTGATGCGGACACTGTTCCAGGCGCGTTCAATCACGATGCTGGAAACGGCGGCGGACATCAACTGTTCCTTGATGTACTTGCGCATCACCAAGTCTTCATGCAGCTTGGTGGCGTAATCCTGGCCCGTGGCGTACCACTTGGAGCGCCAGTCCTTGTTGACGGCGAGGCGGAACCCGATTGGATTTACTTTCTGACCCATGATATTAGTTCAGCTATATGTGTGTTAGATTGGTATGGCCTAGCCTTCTTGATCGGCCAGGATAACGGTGATATGGGATGTACGCTTGCGGATCATGTTGGCGGATCCGCGGGCGCGGGGCATCGTGCGGCGCATCGTGGGCCCTTCATCGACCATGACGGACTTGACCACCAGCGTATCAACGGACAGTTCCGCATTATTCTCGGCGTTGGCCAACGCGGACTTGAGCGTCTTATTCAGCAGGTAGGCACCTTTCTTGGGGGTGTAGGACAGGATGTCGGTCGCCTGGGAGACGGACAAGCCTTGGATTTCTTGAGCAACATCGCGCATCTTCTTGGCGGAGATGCGGGCGTATTTGTAAACAGCTTTCACTTCCATGGGTTTTTCCTCGTAGTGCAGGTTATTATGAAGATGATTTAGTCGTTGGTTTTTACTGAGGCAGAATCTCCGACGCGCACCGGATCGGCTGGCGTCTCAAGTTTCTGAACAAGCGCGCCACATACTTCCTTGCGGACGTCCGTGACTACGGCTTCTCCGATGGTTTGAGCTCCCCGGGTTAACCGAACCGGCATCCCGACTTGCATTCCTGCCGTTCTGCCGGTATTCAGCACCACCACTCCGGATTCGGAATCAATGCTGAGCACCTTGGCTTCCGCCAGGGTTCCCGCGCCATCTCGCACGGGCTGTTGCCTGTATCCCAGAACGGATTCCAGCAGGCGCAGAGAACTCTCCACAGCCGTCCTGGCATTCGCATCTTCGGATATGGCTTGTTTCATGTAGGCAAGGATGGCTCCGGAGAGCTTGACGGATGCCTGCTCCAGCCGCTGGACGCGGTCATTAAAAGCTTCGATGTCCGCCATCGCCTGAATCAGGCGTTCCTCGCTGTTACCTAGCGCAGCGCCCCCCAAAGCTTCCAGCCTGGAACGGATGTCCACCAGCTGTGCGGCCGCCTTGTCGGCGTCGCTGCGGGCCTGGACATAGGATGCCTTGAGGGCCGCATTCTGCTTTTCGAGGCGCTCGATTCTGCGCGTCAGTGCCGCCGTATCCTCTTCCGCTCCCTGCAACGCCCCGCCCAGCCCTACCAGGGTGGTAAGAGAGTATGCAAGGATGGAAGAAGAATTCGACATGTTGATTGTTAACTTACTGATTACTTCTTACCGATACCGCCGTGCTGTTTGAAGACACGAGTCGGGGCAAATTCACCAAGCTTGTGGCCTACCATGTTTTCCGTGACGTACACGGTGGCAAAGTTCTTGCCGGCGTGCACCAGGAAAGTCAGGCCGACGAAGTCAGGCGTAATCATGGATGCGCGGCTCCAGGTCTTGATCGGCTTGCGGTCGCCGGATTCAAGCTGAGCGTCGATCTTGGCGAGAAGCTTTTGGCTGACAAAAGGGCCTTTTTTGAGAGAACGTCCCATGTTATATAATCCTAGTTAAAGTTATAATATATTGATTACTTGGCATTGCGGCGCTG
NZ_CP071807.1_gap20	401233	401817	584	TATTTCAATATCAGGGTGCAGGCTGTGCTTGACCGGGCAGCTCAGAGCAGCCTGTTCCAGCAGCTTCCTGTCCGGATAATCGGACGGAAGAGGAACGGTAATGACGACTTCCAGCTTGCCGATACGGCGGGGATCCGCATTCATGTGTTTGGCCACTTCCACCGTCATGCCTTCCAGATTAATCCCCTTACGTTCGGCAACAATACCCATGATCGTGCTCATGCAGCCGGCAAGCGCCGCTCCTACCAGGTCCGTGGGGGAAAAGGACTCGCCCTTGCCGTTGTTGTCCACGGGGGCATCCGTGGAAAGCGTGGCCCCGGAAGGTTCATGAACCATGGAACAATGGAGGCCGCCCTCGTACGTCGTTTTAGTTTTTACCATGGCCTTATTTTATACAAGGCTCCCCGCCATGCAACACACAAACATTGAATCCCCCCGTTCTTTATGGTAACCGCCTTTGCTATGAGAAACTTTTTGAAAGCAGCCGTCGGCTGCCTGGGCATGATCGCCGGGTGTTTCAGTACGGGGGAGGCCCAGGACTTCGGAGGCATGAGCTTCGGGGAAGCGGGAAACTTTGGTCCGCC
NZ_CP071807.1_gap21	469448	470790	1342	GGCTGGCAAAGCCAGCCGGGAGGCCGTACCGTCCAGGACGTGCTGGAACGAGCCTTTTCCGGACTCTTTGGAACCACCTGCCGTATCCACGGTTCCGGCAGGACAGACGCCGGCGTTCATGCTCTGGGCCAGGTTTTTCATGCAGACGCTCCGGATACCCACCGCATTCCTGCGGACAAATGGCCTGCCGCGCTCAACACGCGCCTTCCCCGAACCATCCGGATTACCCATGCGGAATACGTTCCTCCCGGTTTCCATGCCCGGTTCAGCGCCACGGGAAAAACCTACCGTTACTGCATTTCACGCGCACCCATCCTCAACCCTTTTGACGCCGGGCTGGCCTGGCACCGCCCGCTGGCATGGAGCGTGGATATTCTGGAACAGGCGGTACACCTATTCCGGGGAACGCATGACTTCACTGCTTTTGCCGCCCTGCGCGGCAATGAACCGCGCCCTATTCCGGAGGGTTACTTCCGCCGAACCATCACGCAGACACAAGTGGCACAGACAGGGGAACATGTCTTCATCACCTTTACCGGAACGGGCTTCCTCTACAAAATGGTGCGCCTCATGACGGGAGCCGCCCATGAAGCCGCACGTGGAAAAATAACGCTGGAAGAACTGGCTCGCCTCATCAACGCTCCGCTCCCGGATGACAAAAGCCCGTTTTGCGCCCCGCCGGACGGACTCACGCTGATGAGGGTCCATTACCCGGAAGAAACGTTCGGAGACAAAAAGAAAATAAACTGAAAACAGCCGTCCTTCTAGACGCGTGCCGTACCGTACAGCCCTTCCCTCCTGATCAGCGCCTCCACTTTCCGGTTCAGATGGGGAACCGGACATACGCCCGAACGCAAATCATGCCGTATGCGGGTGGAAGAAGCGGGTTCATCCCCTTCTATGAAAAGGGCGCGCACCCCTTTCCTGGGTGATGGAACCCCGCCGCGGCGGTAAACAATGAACGTCACCAGGCTGGACAAATATTCCCAGCGTCCCCACTGTTCCAGAGAATCCCACTGATCCTTGCCCATCAGCCAGAACAATTCTGCACCGGGATAACGCTCCGCCGTCCTCTCAGCCACCCTCCACGACCACGAAGGAGGCGGAAGTTCCAAATCCGTCCGGTCAAGCATGGCCCAATCCAGCCCTTGAACAGCCAGCTCAATCATCCGGCAGCGCTGGTCATCCGTCACGGAGGGGGCCTGCTCCTTCAGCGGAGACAGGGAACACGGCATAAACAGCACGCGGTCCATTCCGCAATATTTCCGAGCATGCTCGGCCATGCAAACGTGCCCCTCATGCACGGGATCAAACGAACCGCCGAAAATACACAGCTTCACCG
NZ_CP071807.1_gap22	482796	486129	3333	GGACTCGTCCGCCAGGCCGAACAAAAGGTCCAGCACCTCCGCGCCGTTCTTCCGGTCCAGGTTCCCGGTAGGTTCATCCGCAAAAATAATGGGGGCGTCGTTCGCCAGGGCACGGGCGATTGCCACGCGCTGCTGTTCCCCGCCGCTCAGTTCGCTGGGCAGGTGGTTCAGGCGGTGGGACAAACCCACGCGCTCCATCAGTTCCCTCACATATTCCACGCGCGGCCTCCTGCCGATGGAGGAAGCCAGACAGGCGTTTTCCAGCGCCGTCAATTCCGGCATCAACAGATAATTCTGGAAAATAAACCCCATGCTCCGGTTCCGGAACACGGACCGGGCCGTGGCGGACAAGGCGTAAATATCCGTGCCGTCAATCGTGACCTTTCCCTCTTGCGGCGTTTCCAATCCGGCCAGCGTGTACATCAGCGTGGTCTTTCCGGCCCCGCTGGGCCCGCACAGGAACACCTTCTCTCCGGCGGCAATGTGCAAATCCACCCCATGCAGGATCTCAATGGACTTCTTGCCGATGGAATAGCTGCGGTGGAGGTTGGAGGCGGTAATCACGGGCGCAGTATAAGAAAATCCTTGCCGTATTAAAGTTCTATGTTGTCTATAAGACGCACGTCGCCGAAATAGACGGCGGCGGCCATCAGGGCCGGCTTCCGGTTCTCCGCCACCGGCTGCATGGTCTCCGCATCCACAATCTCCAGATAATCGATGCGCGTGCCGGGCACACCCTCAATCATGGCGGCGGCATGCTCCTTCACCTTGGAGGCGTCCGCCCCGGCCTGGAACTCGTCCCGGGCCTGAAGCATAGCCTGCCGTATTACCACGGCCTGCTCCTTCTGCTCCGGCGTCAGGCGGGCGTTCCGGGAGGAATAGGCCAGACCGTTGCCATGCCTTACAATCTCCGCCCCGTGAATGCGCACCGGAAAATCCAGGTCGCGCACCATGCGGCGGATAATGGCAAGCTGCTGGTAATCCTTCTTTCCGAAAATGGCGTCCGTGGGCTGTACCAGGTTGAACAGTTTAGCAAGCACCGTGCAGACACCGGAAAAATGCCCCGGGCGGGACGCACCGCACAATGTTGCGGACAAAAAGCTTTCTTCCACGGCAATGCTGCGTTCTCCGGAATACATTTCTTCAGGAGCAGGGGAAAACACATAATCCACGCCTGCACCTTCGCACACCTCCAAATCCTTTTCAGGAGTCCGGGGATAAGTCTGAAGGTCGGAGGAATTGTTAAACTGGATAGGATTGACGAAAATACTGGCAACCACCACGCCATCCTCCCCGGCCAACTTGCGCGCCTGTTCCAGCAAAGCGCGGTGTCCGGCGTGAAGGGCCCCCATTGTGGGGACGAGAACCACATGGTCATGTTTGCGGTGGTGCTTGAGGAGGGCAGCCCTCAACTGGGCCTTGGTGGAAAATGTTTGCATGCGCCTAAAGTGGCCCCTTGATGACAAAAGTTCAATCCTGAAATATTGCTAGAAGGTTGACGCATGCCATTCCACATGTAAACTGGTAAAGTCAGAAGACGCTAAAAATTATGAGATTCTTCAAAACAGCATTAGGTGTATCAGCAGCAATGGCATTAAGCGCCACGGCCAACGCTGAACTTAAGGTAGCGACGGTGGATGTGCAGAAACTCTTCGCCGACTACTACAAGACCCATGAAGCCCAGGCGGAAGTAGACAAGGCTGCCCAGACGGTGCAGGAAACCAACAACACCCGCGCGGAAACCATCAAAAAGATGGAAGCGGACTTCAATGACATGGTCAAAAGGCTTCAGGATCCCATGCTGAATGAAAAGGACAAAAAGGAACTGGAGCAAAAGGCCCAGATCAAGCGTCAGGAAGTCATTGCGCTGGAACAGGAACGCCGCGGATTTGTGGAACGCCAGCTTAAATCCCTTCAGGAACAAATGAAAGTGCGTTCCGCCAAAATCATGGGAGAAATCACAAAAATCACGGAAGGCATCGCCACCAAGGGCAACTATGACCTCGTTCTGGACAAAAGCGCCCAGGCCCTTCGGTCCAACCAGGTATTCGTCTACACGAAGCCCGGCATGGACATTACTCCCACAGTGATGAAAGAACTCAACAAGGACGCCCCTGAAGGGTTTGACCCCTCCAAGAAAAAGGCTCCGGCCGTCCCCGCCGCTCCCGCGGCCCCGGCCAACTAACCCTTGACATTACCCCCGGGAAGGCGGAATCATATACCCATGAAGCTTACACTTGAAGCCGTGGCCGCCCTCACCGGGGGAAAAATCCTTTCCGGCGACCCCGAACTGACCGTATTCGGGGTCGCTTCCCTTCTTGACGCATCCCGTGAAGAAGCCTCCTTCCTTGGCAATGAAAAATACTTCCAGGACTTCCTGCACACCTCTGCCGGAATCGTGCTGGTGCCGCCGGGCCTGCCTGCGTATCCAGAACACGCAGCCTTCGTGGAAGTGGACAACCCCTCCATGGCATTCAACGCCCTGGTGAAATATTTCATGGCTTCCGCCTACCGGTTCACCCCCGGCATTCATCCCACAGCCATCATCGACCCCACGGCCAGCTTCAACCCGGACAAAATCCATGTAGGAGCCTATACCTGCATCGGGGCCCACTGCATAATCGGAGACGGGACGGACATTGGCAACGGCTGCGATATCGGAGACGGCGTCACCATGGGGGAAAACTGCCGCCTGCATGCCCATGTTACCATCAGGGAACGCTGCAAACTCGGCAACAGGGTGACCATCCAGCCCGGAGCCGTCATCGGTTCCGACGGATTCGGCTTCCTGATGGGAGACAATGGACGCTACGTGGGCATTGACCAGGTAGGCATTGTGGAACTGGGGGATGACGTGGACGTAGGGGCCAACACCACTATTGACCGCGCCAGATTCGGGCGCACCATTGTGGGGGAAGGCACCAAAATAGACAACCTGATCCAGCTCGGCCATAACGTCGTTGTCGGCAGGCATTGCATCATCGTCGCCCAATCCGGCATAGCCGGCAGCACCAAAGTGGGGGATTATGCCACCATCGCCGCCCAGGTCGGCATCTCAGGACACCTCAACATCGGTTCCAAATCCACGCTGGGCGCTAAAACGGGAGTCCTCTCGGACATTCCGGAAAACTCTACTTACTGGGGCATGCCGGCTTTCCCCTACAAGGACGCTACCCGCCAATACGCCGCCCTCAAAAAACTTCCAGCACTGATTAAGGAAGTCCGCGCGCTCAAAAAGGAGCTGGATTCTTCCGGCAAATAACGGGCACCATATCGCCGGAACGCTCTGCAGCCCCTCTCCGTGTTTCTGTTTCCCGCCGCTTCAGGCCTGTC
NZ_CP071807.1_gap23	502400	507286	4886	CTTGCCTCCGGCAAGCATCAGGCCCCGGTAACACGCTTTCCCCCGGAACCCAATGGGTATCTTCATATCGGACATGCCAAATCAATCTGCCTCAACTTCGGCATCGCCCAGGAATTTCCGGGTGCGCGCTGCCACCTGCGTTTTGACGACACCAACCCCAGCAAGGAAGACCAGGAATATGTGGACAGCATTCAGGAAGACATCCGCTGGCTGGGCTTTGACTGGGGCGACAACCTTTTCTTTGCCAGCAACATGTTCGACTTCTTTTACGAATGCGCCGTTTCCCTCATCCGCAAGGGATTGGCCTACGTAGACGAACAGACGGTGGAGGAAATACGCGCCCAGCGCGGCAACGTGAACGTGCCCGGACAGGAATCACCCTACCGCAACCGCTCCGTGGAAGAAAACCTGGCACGCTTCCAGGCCATGAAAAACGGGGAAATCCCGGAAGGCAGAGCCATCCTGCGGGCCAGGATAGACATGGCCTCCAGCAACATGAACATGCGGGACCCCGTGCTGTACCGCATCATGTTCGCGGAACACCACAACACGGGCAGTTCCTGGTGCATTTACCCCATGTATGACTTCGCCCACCCGCTGGAAGATGCCTACGAACACATCACCCATTCCCTCTGCACGCTGGAATTTGAAAACCACCGCCCCCTCTATGACTGGGTCATTGAAAACTGCCCCGTCCCGGCACGCCCGCGCCAGACGGAATTCGCCCGCCTGAACCTTACCTACACCGTCATGAGCAAGCGCAAGCTGCTGCAACTGGTGCAGGAGGGACACGTCTCCGGCTGGGACGATCCACGGATGCCCACCGTCTCCGGCATGCGCCGCCGGGGCTACACTCCTGCCGCCATCCGCAACTTCTGCCACACCATAGGCATCACTAAATTCAACGGCTTCACGGATGTGGCCCTGCTGGAATACAGCGTAAGGGAAGACCTGAATGCCAACGCGCCGCGCCGCATGGCCGTGCTCAATCCCCTCAAGGTCACTATCACCACCCTGCCGGAAAACGCGGAAGAAATGGCTGAAGTGCTGAACAATCCGGAAAAACCGGAAGAGGGCGTCCGCCGCCTCCCCATCACAAGGGAAGTCTGGATTGAACGGGACGACTTCATGCTGGACCCTCCTAAAAAATACTTCCGTCTGGCCCCCGGCCGCACCGTACGCCTCCGGGGGGGCTACTGCATCACCTGCACGGACTACAAGCAGGATGCGGAGGGAACTATCACGGAAATCTTCTGCGAACACATTCCCGGCACCATCGGCTCCAACCCTCCGGAAGGAATCCAGTGCCGCGCCGCCATTCACTGGGTAAGCGCCAAATACGCGGTGGACGGAGAAATCCGCATCTATGACCGCCTTTTTACGGAAGAAAACCCGGACGCTGCTGAAGAAGGGTTCCTGTCCGTCATGAATCCCTCTTCGCTGGCCGTCATCACAAACGCCAAGCTGGAACCCTCCCTGGCCGGAGCGGAACCAGAATTCCGTTGCCAGTTCGAACGTCTCGGCTACTTTGTGGCGGACCGCAGGGACCATGTACCGGGCCGTCGTCCTGTTTTCAACCGCACGGTGGCTCTCAAGGACTCCTGGGCAAAAAAACAAAAATAACCTCTCTTCATCCCCTTTTATGGACAATCAACTTCAATTCTGCACCGTTGAAGAAGCCGTGGAAGAAATACGGCAGGGACGGATGATCATCGTTACGGACGACCCTGGGCGTGAAAATGAGGCAGACCTGATCATTGCCGCCGAATTCGCTACGCCGGAAGCCATCAACTTCATGGTTACCCACGCCAGGGGCCTCGTCTGCGCACCTCTTTCACCGGAACGGGCGGACGCCCTCCAACTCCCGCTCATGACCTCCGTCAACCGGGAAAACATGTCCACAGCGTTCACCGTCTCCGTGGATGCGGCCCATGACATCACTACGGGCATCAGCGCCGCGGAACGCTCCCTCACCATTCGCACGCTGGCGGACCCCAAAGCCACCGTCAACGACTTTGTTCAGCCGGGTCATACATTCCCTCTCCGCGCCGTTCCCGGCGGAGTGTTGCGCCGCGCCGGCCATACGGAAGCCACCATTGACCTCGTGCGCATGGCAGGCCTTCAGCCCGCCGGCGTTTGCTGTGAAATCATGAAGGAAGACGGCACCATGGCCCGCATCGGGGATCTGGGGGGATTCCAGAAAAAACATGGCCTGAAAGCCTGCACCGTAGCCCAGCTTATTGAATACCGCCGGGACAAGGAAAAGCAAATCCGGCTGGTGGAAACCGTCAACATGCCCACAGACTACGGAGACTTTACCTGCCGCCTTTATGAATCCCAGCTGGACGGAGCTCTTCATCTGGCCCTGGTTCACGGGGAAATCTCCCCGGACAAGCCCACGCTGGTGCGCGTGCATAGCGAATGCCTGACGGGAGATGTCTTCGGCTCCCGCCGCTGTGACTGCGGCAGCCAGCTGCACGCCGCCATGCGCCGCATCGCCCAGGAAGGAGGCGTCCTGCTCTACCTGCGGCAGGAGGGCCGCGGCATCGGACTGGCGGCAAAACTCAAGGCCTACAAACTTCAGGAACAGGGTCTGGATACCGTGGAAGCCAACCTCAGGCTCGGCTATCCGGACGACCTGCGCGACTATGGCATCGGAGCGCAAATCCTGCATGACCTGGGAGCAAACCAGTTGCGCCTGCTTACCAACAACCCGCGGAAAATCGTGGGGCTGGAGGGCTTTGGCATAAAAATCACGGAACAGGTTCCTCTCATCATCCCACCCAACGAACAAAACAGCAAATACCTGGCTACCAAAAAATGCAAGCTGGGCCACATCCTGTAACATTCCACTCCATCCCTTCATGTCCACGGAACTTCCCCGCCGCCAGCGCGCCACGGGCACGCGCGCCAAAATCTGCATCGTCGCCTCGGAATACAACGAACAATACACCCAGGCCCTGGTAGAAAACTGCTCGGAAGAACTGAAAACCGTGCTTCCCTCGGTCCGCCTGGAAATCATCCGCGTGCCGGGAGCCTTTGAAATTCCGGTGGCCATTAAATCCGTTCTCTCCCGCTCTCCGGAAAAACGTCCTGATGCCGTGGTGGCTCTGGGGGTCATCCTGCGCGGCAGCACAGACCACGCGGACCTTATCGGCTCCACCATTACCCAGGCCCTGATGCAGCTCGCCCTGGAATTCACCACCCCCGTCATTCATGAAGTTCTGCTGCTGAATGATGAAAAGCAGGCCTTCGCCCGCTGTATCGCCTCTCAGCTCAACCGCGGCCGTGAAGCGGCCCGCACCGCTGCCCGCATGGCGGAACTCTTCCTCAACTCCCTGCTCCGGCAATAATACCTATTACTCTCTCCTCTCTATCGCCATGCTCTCACGCAACCAAATCAGACAAGCCGCCCTCCAATACCTTTACGCCGCCTCTCAGACGCCGGAAACGGAACGGGAGGGAATCTGGGACATCCTGATGGAACCTTTCCGGGGCGACTACTGCAAACTCAAGGCCAAGGCCGTCTCCGGCCATCTTACACGGGACTATCCGGACAAGCTGCGCCTCTTCATCACCCGTGCGCGGGAAACGGCGGACAAACTTCAGCAAGACCCCCTTACCCTGCCCGTCCGTGACCAGCTTCAGGACCTGCTGGCCAAGGAAGGAGAATTCAACGCCTCCCTGCTCCGGCTGAAAAAAGCCCTGCACGAGGATCCCTCCAATGACAGGGGGTCTCTTTCCGCCGCCTGCGACGCCGCTCAGGGACTCAATACCGCACTGATGCAGATGCGCCGCCGCCTGCTGGACACGCTCAAGGACTTCCCTGCCTATAACGCAATCTGGCCCTCCCTCATTTCCTCCTGCAGCAAACTCCAGGAAATCAATGACCGCATCAACTGCCTCATTCACCCGGACGACCGCCCCTCCCTGGCGGAAATAAAAAAAGTGGTGGAGGCAGGGAGGGATGCGGAGGAACTCTACCGGGAAGCCAAAACCCTGGGAGAAGACATCCTGCGCCGCCGGGACGGGCTGGACGCCGCCATCGACTCCACCCTGGAAAACTACTCCCCTGAACGTGTCAGCGCCATTGACCGCGCCATTCTGCGCCTGGGGGCCTATGAACTCCTCCATCGCAAAGACCTCCCGGCCCCCATCGTCATCTCGGAGGCCATCCGCCTGTCGGAACGCTTCTCCTCTGCGGAATCCCCCCGCTTCATCAACGGCGTCCTGGCCGGAATCTCAAAAACGGGACGCCCGGCATAACTCCGCTTCGCACCATGGCAGGATTCTTTAAAAAACTATTCACCAAATTTTCCCGAAGCTCCCGGATAGACTGGGAAGAACTGGAAGCTGAGCTGGTAGCCGCGGACATCGGCATCAGGCGCGCTATGGGTATTGCGGACCAGTTGAAGGAAAGCAAAGGCCTGGATGCGGAAAATCTGGTGGAATCCACCCGTGAAGTGCTTCGCCGGGCCTTTCCTTCCACCGCTCCGTCCCTGCCCGCCCCTCCGGAAGGCAAACCGCTGGTCATTCTGGTCGTGGGCGTCAACGGCACCGGGAAAACCACTTCTGCGGCCAAATTGGCCCATTTGCTGCAAAAACAGGGCTCCCGCGTCCTCCTCGCTGCGGCGGACACTTTTCGCGCGGCCGCCGTGGAACAGCTTCAAAGCTGGGCGGACAAGCTGAACATCCCCATCTGCAAGGGAGCCCCCAGCCAGGATCCGGCCTCCGTCTGCTATGAGGCCCATACGCAGGCCATCAGGGAAGGCTTCCAATACCTCATTTGCGATACCGCGGGGCGCCTCCATACGCGCCACAACCTCATGGAGGAACTCTCCAAAATTCGCCGGACTCTCGCCAAGCAGGATGCATCCGCCCCCCAC
NZ_CP071807.1_gap24	531823	535165	3342	ACTTGCCCCGGCTGCATTGGCGCGGACGTCTGCCACCTGAACCTGCATAAAACCTTTGCCATGCCGCACGGCGGCGGCGGTCCCGGCATCGGGCCCATCGGCGTAGCGGAACACCTCGTACCCTTCCTGCCCGGGCACCTCACGCTGGGCCATGAAGAAGGGGCCGTAGCGTCTGCGGCGTGGGGAAGCGCCTCCATAGCCGCCATCTGCTGGATGTACCTCTCCATGATGGGGCCGGACGGCCTCAGGGAAGCCACGGAAATGGCCATCCTTAACGCCAACTACATTGCCAAGAAACTCGGACATCTCTTCCCGGTTCTCTACTCCGGCAACAAGGGGCTGGTGGCGCATGAATGCATTCTGGATCCGCGCCAGCTCACTCATGACGCCGGCCTCACGGTGGATGACATTGCCAAAAGGCTCATGGACTACGGCTTCCACGGCCCCACCATGTCCTTCCCCGTTCCGGGCACCCTGATGGTGGAGCCGACGGAATCGGAACCCAAAAAAGAACTGGACCGCTTCATTGAAGCCATGGAACGCATTCATGCGGAAATCACGGCCATTATCAACGGTACGGCAGACAAGGAAGACAACGTCCTGAAAAACTCGCCCCATACCGCAGAAATGGTCTCCGCCGACGAATGGCGGCACCCCTACTCCCGCAGTGAAGCGGCTTATCCGGTCTCCGGTCTCCTTATTCACAAATTCTGGCCGTATGTAGGCCGGGTGGATAATGTGTACGGAGACCGCAATCTGGTCTGCACCTGCGACACGGTGGAGGAATTCTCCAAGGCCGTAGAGTTATAAAAATCTCATCCTTCCTTTCAAAAAGGCTGTTCCATTCATTTGGAGCAGCCTTTTTCTTATGTTCAAGAATCGGATTTCCAATCCGAAAGAGCAAACATATCCAGAAAACAATTAAGCCCAAAAGCAATATGGGTTGAAAAAGAAAAAAGGAACATTTCTCCCACCCCGCTTTTCCTCCCCTTTCATTTTGATGACCCATTTGTTCTCAAAATAGAGTGTTGACTTCGGATTGGAAATCCGTTGAGCTACGTCTCAGATGAGCTTTTTCTCTGCCCTTACTGTTCCTGGCCTTCAACAGCATCTTTCTTTTTCCAGGGAAGATTCCGCTATCCTCAAAGGGTATGGAATTCTCTTCATGATCTTTCATCATGTCTTCGGCTTATACGCTCTGCCCGCAGGTGTGGATACGGCATGGATTGCTCCCCAGCTTACCAAAGCCGCTCCCATCTTTAAAATTTGCGTGCCCATTTTTATTTTCATCACGGGGTACGCTATGGGATGGAAAACAAATTCATCCCCAACCTTCGGTTCCCTCATTAAAACAGGCTTTTCCCATTACTTTAAATTCTGGAAAATTTATTTCTTATGCCTCCTTCTGGCTATTCTGGTTTCCTGGGCATTCCCCTTGCCCATTTTGCCATCCGTTGCCGACATGGGTTGGAAAAATGGCCTGCTTGTCGTAACAGGATTGAGGCCCTGTTATCCCGACTGGTGGTACATGGCTCTTTTCGCGGCAGCCACCATGGCCCTTTATCCAATCTGTGCGTGGATCACGCATCACATTGCGCCTGTCCCGTCCATGGCAGCTCTGCTGGGAGTGTCCCTTTTATTTCAAAGTGCGGCCCACATTCCCAGCCTGCCGGGAATCGCCTCATCCTTCCCTCCTTTCCTGCCCTGCTTCATTCTCGGCTACATGTGCGCCTTTCTGGCTTCACGCCTCTCTGCTCTTTCAATTTCCCACAGCTTGGGAGCAATCCTGTTGCTGGCTCTTGAAATACTATCCATCCATCTCTTCAGTTTTTCAAAAGCCAAAACCCTGACGGTTATCTTTCTCTTCACCCTCTGGTGTCTGCCTTGGATAACCCGGAAACTCCGCCTCACACCGCTCTTGACGCTGCTGGGAACTTATTCCGCACTTATGTGGCTGAATCACAGATTCATTTTCGGCTACCACTTCAGCTGGGACCTCTATGGAACCCAAAGCATCAGCGTAGTATTCATCGTGACGCTGGTCTCCTCCCTTCTGCTGGCCATGGCCATGCAAAAACTTTTTAACCGGATGATTCCCTCAAATCCGCAAACGCAGTCAAAAACTTTGTAGCAACTTTACAAGGTCCGGATTCCAACCCCTCTTAATTCCAAGGGGGATCTCCGTACTTATTCTCTCCAATCCGGCTTTCCCCATGGGATAAATACCACAACAGCAGCCACCCTATGAAGGGAACGGCCAGAAAAACCAGGAAAAAGCCGCTCCTCCCGACATCATGCAGACGCCGGACCATGGTAGCCGCCAGCGGAATAGACAGCACGGCAAGCACCACGTACAGCAGAGGGGAAACCAGGTCAACCCACGGAACCAGGGACGGGAAAAAACCGCATTTTACAAAAGAGGGGGCTCCCGCCACGGCCAACCACGCAACCCCCACTCCGGAAAAAACCTCGTGCAGCTCCCCTTTCCCGGCACGGCCCTCAAAACGGCACCATGCCTTGATGACGCGCATCCAGTACTTCTTCCTGCTCCAGCCGGAGTCGGTTCCTCCAGGCTCCGGTCCGGGGTCCGGCAGAACGGAGGGCTCCCCATCATCATCCATGACAGTCATGGAGGGGATAAAAGAGGCCAGAGGCCTCCAGTCTCCGCCGGGAACCTTCCGGACCAAAGTCCGGTTGGACAGGCGGCCGAGGTTACGGGCCCGCAACAAGAGCACCAGGTCAACCGGGCCTTTGGAAGAACCGTCAATTGCCTGGTACTCGTACAGATCGCTCATAGGGACGCTTACCTGGATTCCTTCCCGTGACTGAAGGCGGAGGCGGGAATCTCCTGCTTGGACAAACCGGGGCCTTCCCACTTCAAAACCAGTTTGGAGGCAGTACCGGAGTTCCCCACATAGCCGATGCGGATGGGATGAAGTCCGGCTTTCAAATAAACGGGATTCTTCCGGTCCCCCAAATCGGAGGAGACCTCGGCCCCCGGCTCATAAGTTTTGTCCGCGTCAATCAGTTCCATGCCGTGCAGACGGACAAAAGCCTTGCTGCCCTTATTTTCATCCGTGGTCAGATAAAACGTATATGCTCCGTCCTCAGGAATCTTCACATATCCCGTCAGCTCCACACCGCGCTTGGCCGGACCGTTCATTTTCACGGATGGGGAAGGCGTCACGCCATGGGCGGAAGCAGGCTTCTTCCACTGGCGAAAATCCGGTACCCAGGGAAAATCCCCCTCATACAAGGCCCATTGCAACCCGGGAGAAACGGTTCCCTTCACATCCACGGCAGGCACCAGCGCAGAATCAAACACTGTTTTGGAAGGAAGGG
NZ_CP071807.1_gap25	661804	662661	857	GCTGGCCGGCGGCCTGTTCTGGTTCTTTCTGCTGGTGGCTCCCGAAGGATTGGGCGTGCTGAGCCGCTTTCGGGTGGGGCTGGCGGAATTTGAAGGTATCCGCTGGCTGCTCCAGCTGGCATGCCCCGTCTTTCTGGTGCTGATGGTCACGCAGGTGAAAAACCTGCTCTTTCCACGGGCGCTAGGCATCTTCGGCCTGATGGTGGCAGCTCCCCTGCTCAGTGCCGCCTTCCTTCAGGAGCCAGTGACCAGGCTCCTTATTCCCATCTGGTGTTACATCGTCATTTTCCTTTCGATTCTCTGGATAGGCAAGCCCTACCTGTACCGCGACATGGTCAATAAAATATGCTCCAAACCTGCTTGGTGGACGCCTCTTTGCCTGGGAGGAATGGCCTATGGAGCCGCCATTCTGCTTTGCGCCATCCTATGGTGGTAGGGAGGCCGCCTCTTCCGGCACTGCTTCATCACGCAGAAAAGACATTCAGCCGCAGGAGAAGGCCTCCGGCAAAAACAGGCATACGCAGGACGGATCTTTCCGGAACGGCCTGTTTTTTCCTCCTGCTGCAAGAATCAATAGCGGTTCCGCTTATTATATATGATATTCCATATTCCTTTCATGTGCTCTACCCTGCGTTCCTCCATCATGTCCAGCATAGCCTTCTGGTTGCTTACCCTTGTCCCTTCACTGGCGGACAGGCCTAATATCGTCCTTATCCTGGCTGATGACATGGGATGGTCCGACCCGGGCTGCTACGGTTCGGAAATACCCACTCCAGCCCTGGATACCCTGGCCAGACAGGGGATGCTGGCAACCCGGCTCTACACCGCTTCCCGCTGTTCACCCTCCCGGGCCTCCA
NZ_CP071807.1_gap26	694048	697813	3765	CCTGGACTTGATAAGGTGCTTCCCTGCGATGCCGATGCCGAGATTGGAGACAAGGTCTTCCAGCTCATCCAGCATGGCCTGTTTTTCCCCAGCCTCGGAGGGATCGAAGTAAACGGAAACGAGCATGGCCCGTTCCACCATTTCCGGTTTTTCGCGGATTTCAAACATATAGGAAATTTAACGGAATTGCTTGCTGGAGGTAGGCTGGTAATCCTTCAGAGCGAAGTCCGCGGGCTTATGACAATCACAACTGCATGAAGAGAGGAAGCCGGCCACGCATGCCAGCGTCAGAAAGCTGATCAGTCTCATGCGGCTATGAGACCCGCACGAAGTACCCTAGGCAAGCAAATTTTACTTCATCACCATTACTTTTCTCCAAATCCGGAACAAAGGCATTTGCCCGGACGGTTTTCCTTTTTTCCAGCCCGTGGGCAGCCGGCAAAGCACGCGGCGGGGGCAGAAACCTGCCGGCGGCAGCAACCCGCCGCCTTTCAAGGGACTTTATTCCCTTACTGAATCAACTTGATTTTCCATCGTCTCCCGGCAGCCCTTCCTCCGCCTCCAGACTGTTCATCCATAAATTCCATTTTTCAATGAAAGAGCGGTCCATCTGAAGCAATGCTTTTTCCTGCTGTGTGGCGGAAATGGTTCCCGTCAGCCTGCCAAAAATAAGCAAAGGCTTGGAATACGTATCCGCCAGGGAAGAAAATTCCGCAGGCTGCTTCTGGCGGCATTCCCGCGCCAGAGCATGCAGGGAGTTGAACGGAAGCTCGTTCCAACTGACCTGGTACGCACCGCTTCCTTCCCGGCTGTCCTGAGGCTCCACGGTCAGCAGATGCCCCTTCATTCCTTTCAGGCGCACCCTGGAGCCATCTCTGAGCACCAGAGTTTTCCCCGGTTTCTTTTCCAGCAGTGCGGGCAAAAGTCTCTCCATGCGGGAGAACAACGGAAGCATCTGGTCCGTCATTTCCCGGCGCATGGCCAGGCGGGCTTTCACCGCAGGAGAGGAAATGACTTTTTCCGCCTCTCCATAAACAGTGGAAACTTTCTCATAATCACCGGTTTCCTTCATGATGCCCTCCCCTTCCCGGCAGACGTCTTCATAACTTCTGGATTGGGCGGCCAGCAGAATTTCCCTCCTCTTTTCCTCCTCCAGTTTTTTTTGCCTCTCTTCCGCCTTTTTCCTTTCAGACGCCTTCACGGCTTCCGCAGCCTCCCAGTCCCGCGCAGCCTGGTACTGCATCCTCAAATGATCCAGTATTCCTTCCAGCGCGGCATAAGCCGGAGACATGGAAGGAACTTCCCCGCTGACCATCTGTCCCCGCAGGAAATCCGCCGCGGACCGTTTGGCCTCTACTTCAGCCACCGTTTTTTCCGGCATGTCCTGAAGACGTTTCAAGCGCGCGTACTGGTCCGTATACCTCTCCAGGTTGCTGAGCCACGCGGAAGCCAGCTCACGGACGTTCCTGTCCCGGTCATCCGCCGCATCAGCGGCCACCCGGTCCAGAAAGCCGCCGTATTCCGTCCATCTCCCGGCAAAGTACCAGGATTTCAGCGCCATGCCCACATAATAATGCACGGCCAGGTCAGAATTGGAGCGCAGCCCCGGCATCCGGGAAGACCAGTCCGCGGAGCTCAGGTACATGACCAGGTTGCCAATATCCCTGGAACGTTCCAGTTCCTCAGGGTCCCCGCAGGCTTCCATTTTTCTGCCCAGTTCTTCCAGACGCTCCACCCCTTCCGGGAACTGACCGCGCACCCACATGCACAGAACCTGGTTCAAACCGGCCCAAAGGGATGTGGACAGGGGGCAGTCCGGCTGAGCCGCCAAATCGCCGAACATGGCGGCGGCTTTCACCAGATCCCCCCGGTTCAGGGATTCCTGGGCTTCGTTAAACAGTTTGCCGAAGCGGATGCTGCGCTCCAGCCGCGATTCCGCCGCCCCCCTGTCTTCCAGGGCTGCTTCCGCCGCAGGAGAAATGGGCGAAGGCGGAGTTGCGGGAGCAGGAGCTCCCTCCTCCCGCCATTTCGTCCATCCCCAAACGCCCAACGCCAGCGCCACTATGAAAGCAATGGAGGAGGCAACGATGATGCGGCATTTCCTGCGCCGTGCGCGCCGGGCCTCCACCGCGCGCCGTTCCGCCCAGGTGAGACCGGATTCCTGCATGGCCCGGGCGTATTCCTCCTGCGCCTGTGCCACGGCATCCATCAATTCGGGATAGGAAGAGAACCTGTCTTCCTTATCAAAAGCCATCAGCCTGTCCACAATGAAACAGGTCATTGGGGAAACGTCGTTCACCACCTGCTCCAGGCGAGGGAGATTTTTCTTGTTCTCCAGAAGAATATCGGAAGACTGGGAAGCGTCCACACGGGGAGGCGCACCTGCCAGCAAATGGTACATGGTAGCACCCAAAGCGTACATGTCCGTACGGAAGTCCTCCTCTCCTCGCAACAGCGTTTCCGGCGCGGCGTAATAAGGAGTAACCCATATTTCCCGCTCCATGTCGGATTCACTATGAAGCAGGGACAGGCCGAAATCCACGATTTTGGCGGCTCCGTCGGGGGACAAAAGAACGTTGGCGGGCTTGATATCCCTGTGCATGAGGCCCGCATTCCATGCGGCGTCCAGCCCGCGCACGATATCCAGCGTCAGGCGCAGCACCCTGTCTTCCGGCACACGTTCCTCCGCAGCAATCAGGGCATCCAGGCCATTGCCCTCCACCAGCTCCATGGCAATGTAAAAAAGGCCCTGGTCACGTCCGACGGCATAAAGCTGCACCAGGTTTTCATGGGAAACCCGCGCCATGATCCGGGCCTCCCGTTCAAAACGTTCGCAGCGCAGGGCATCCCCGGCATAAGTATCATTCAGCACTTTCAGGGCCACTTCCCGCCCCAGAACGGCATCCTCCGCCCGGAACACCACGCTCATGCCGCCTTTTCCCAGTTTTCCGGTAATACGATAAGGCCCCATGCGCGTTTTTACACGCGTCAGCGCCTGGCAGCCCGGGCAAATGGCGTTGGCGTACGGAGGCAGCAGGGAAACATCCATGGGCTGTCCGCACGCCGGGCAATTGACGATGTTTTCTTGCTGGGGAATCATGAACGCAGGGCGGCGGAACGGGAATCAGAAAAAAGGAAGGAGGAAAAACGGCGCGGATTGGCCGTCCCCCCCCTCCGAATATGAGCAGGGAGGGCCCCCAGCCAGGGCCCCTCCCGCAAATTTGATTAATCCCGTCAGGAGAGAGCCGGAAGGGAAGCGGCAGCTACGGCCTGTCCGTGGCGCTTGGTCTTTTCATCCGGCACGCGGAGCTGGATCTTCAGCTCGGGGAATTCGGTGCGCAGCACTTCTTCCGCCTTGTCAATGATGATCTGGCCGCCGTCTCCGGAAGCCACACGGCCCAGGAAGAGCAGGTTGCGGATATCATAGAACCTGGCGTAATGGGCAATGGCATAGCCGAAGTGCACGCCGATGGTTTCATAAATCTTGCGGGCGCGTTCGTCGCCTTCCGCCATGGCGGCCTGAACCTTTTTAAGCTGTTCCGGGAAGGGCATTCCTTCAAACTGGAAACCGGCGCGGGGGGCCAGGCGGGCCACAGCCTGCTGGGAGAAGTAAAGGGCGCCTACGCCCATATCCTTGGACCATTCGTCCACTCCGCCTTCCTCCGAGTAGTCCACAGGGGCGAACGCCAGTTCATTCAGCCAGGGCTTGATGTGGCCTTCCGGATCCACGTAGCCGGCGGCCTCGGAGGTGCCCATGGCCACGCC
NZ_CP071807.1_gap27	700772	704419	3647	CCACCAGGATCAGGCAGTCCAATACGTCGCCAAAATGCTTATCCACGCTGAAGGAAAGAATTTTGCCGTTCAATTTCAGATATTGGCGGAGCAATACGGGAATACCCTTGCCATCCTCTTCTATATCAGCGACCAATTGGGACAGCCCCTGGGCATCTGCCAGCCCCAGAGGGAGGATGCATGATTCCGACCTCTTCAGGTCCGCTTTACGGGGCGGATTGTAGGCCCTCACCTCACTCACCAGCACGGGCTCCATTTCATGCGCCTTCAGATAGGAGACGATGAGGGCGCGGGAAAGGTTGGTGTAATCCCGGGAAATGCTGACTGTGCCGAACAGGTAGCGGTAATGGTGGTTGCGGGCCATGAACTGGCCGATGCCCTCCCAAATGAAACCGAGAGCCAGCGGCCTCTTCTGGTATTCCGGAACAATGAAGGCGCGCCCCATTTCCAGAGAGCGGTCCAGCACCCGCAAAGCGGCAGGGGAAAAGGAAAAGTATTCCCCGTTGTACAACCCTTTCACACCGTAGCGGGCAAGGATTTTGTCCGTTTCCCCCATGCGGTAGGCGCCCACAATTTTCTGGTGCGTTCTGTCCCACAGGAACAGGTGCTTGTAATGGTTGTCGTATGTATCCAGGTCGCAGGCGTTGCCGGAACCTTCCCCCACCTGGCGGAAAGTATATTCCCGCAAACGCCCTATTTCAATAAGGATATTGGGGATTTGCAGGGCATCCGCCACGTACACGTCCCAATCTCCATTTTCCTGACGGGCATGCAGACACTCCGGGGGCAGCGCGTCGATTTCCGCCTGCATATCCTGCACGGAAACGGGGGAGGTCAGCGCGGCCATCTTCGCCTTCCGGTCCTTTTTGTGCACATGGGGGCGGCGGCTTTTTTCATAACTTTTGCCCAGCAGATAGGTGCGCAGGCGCAGATGGGAGACGATGGCTTCATCGGAATCATATTGTCCAAGCTGGCTGAACGGAATGGGCTTGCCTACCACAATGCGGTGTGTCCGGCGGCCGTCCCGACCCACTTCACGGGGAAGGAACGCCACGCGCGCCTTGCGGTTGATCAGGGAAATGCCCTGGAACAGCAGGCTGTTGCGCCCCGGGAAATATACGGGCACCACCGTCGCTTTCGTCATGCGGATAATGGCGGCGATATTCGCGTTCCAGGGGTCGTCCGTCACCCTTTTGTGGGCCAGGGAAAAGCTGGAGACCGTGCCGGCGGGGAAAATGCCCAGAACCCCGCCCTGCCGCAGCCAGGAAATCATCTTGCGCATGCCGGAAAGGTTTTTGCGCCGGGCGTTCTCATCCTCATACACGTCCACCTTGATGAGCCAGGGATCCAGCTCCCCGCACAGGGAAAGCTGCTCGTTGACCAGGATGCGGACATCCTCCCTTACGCGGGTAAGCAGCTCCCCGAACATGATGCCGTCCGACAAGCCGTGCGGATGATTGGCGACGACGACGACAGGCCCTTTCTTAGGAATATTTTCCAGGTCCCCCGGGCGCAGCTGAAGCTTCAGATTCAAATGCCTGGAGGCAAGCTGAAAGAAATTTTCCTGAGAACCGGACTCCTTGTCGCGCACGATCTTGTCATAAGCCTTGTTCAGGCGTTCCAGGCCCAGCAGCTTTTCGGCGGACGCGGCCACCAGAGCAGGCAGACGCGTATTCTCGTCCAAAATGTCTCTGATGTCCACCATCTTCGGGTGCTTGAGCTGGGCCATGCCCCGCTGTATAACGGATTTACGGGAAAAAGTGAAACTCTTTTTGCAACGCCCTTCGGAACGCAGTCTTGATTTCCACAGGGCTCAAAGCTACAATTCAAACGGCTTTAGCCCCCATTTCCAACTCAGAAGACACTCATGCATCCAGCCATCGCCATTGACGGCCCCGCCGCCTCCGGAAAATCCACCGTCGCCAAGCTCATCGCGGACCGCCTCGGCTATACGTTCATCAACACCGGGGCCATGTACCGGGCCGTTACCTGGTACATGCTGGAACAGGGCATCAACCCTGCGGACACGGCGGCCGTGCTGGAATCCCTGCCGTCCGTGCCTCTCTCCTTCGGCAAGGACGGCAGCCGATCCGTAGTTCTGTACGGACAGCATGTGCTGGGCGAAGAACTCACGAGCCGGCAGGTCAACGACCACGTTTCCACCATTGCGGCCATCCCGGAAGTACGCGCCCTGCTGGTGGAACGGCAGCGGGAATATAACCGCCGGGAACCCGTCGTGATGGAAGGCAGGGACATAGGCACCGTGGTTTTTCCGGATACGCCGTTCAAGTACTTCGTCACCGCATCCGAGGAAGTGAGGGCCGCGCGCCGCGCTGCGGAGGGACTGACGGACTCTATCGCGGAACGGGACCGCAAGGATTCCTCCCGCGCCACCGCCCCGCTGGCGCAGGCGCCTGACGCTCTTCTGGTGGATACGTCAGACATGACGATTGACCAGGTCGTCCGTTTCATCACCGACAACATCCAACAAAAACTCTCCTCCAGATGAACTCTTTCTACTGGGTTTTCTACACGCTCTTCAAAAGCATTTCCAAAGCCTTCTTCTCCTGGAAAGTCGTCAACCGGGAAAAACTCATCGAAGACGGCCCCGTGCTCATCGTCAGCAATCACCAGAGCTTTCTGGATCCGCCCATGCTGGGCATTTCCTATGAGGACGGCATCTATTTTTTCGCACGCAAGACACTGTTCCAGGGCATTTTCAAATGGGCCCTGCCCCTCTGCCAGGCTATCCCCATTGACCAGGAAAACCCGGATGCCGCCAGCCTCAAGCACGTGATACGCCTGCTGAAATCCGGCAAGCGCGTACTCGTGTTTCCGGAAGGCTCCCGCACGCCGGATGGTGAAATCCATGACGGCATGGGCGGGATCGGCCTCATCCTGAGCAAAACGAAAGTTCCCGTGCAGCCCCTGCGCATCAGCGGTGCGTATGAAGCCTTTCCCATCGGCGCCCGGTTTCCCAGGCTCCGCCCCGTCACGGTCACGGTGGGAGACCCCATCCCCTTCACGCCGGCGGAACTCAACGCCAAAGGAAAAGATGCATACCAGCACCTGACGGACAAAATCATGGACGCCATCCGCTCCCTCCCTGCGGAATAACCCCTTTCCCGGCCCCATGATCTCCAGGCTGAAATTAATGGACTTCCGTTGCTACGGAAGCTTCTCCTGGCAGATTCCGCAGCAGGGGGCCATCATCCTGGGAAACAACGCCCGGGGAAAAACCAGCCTGCTGGAGGCCGTTTGCTTCCTGCTGCGCCTGCAATCCCCGCGCACGGCCCGGACCGGGCCGCTGGTCTCCCACGGAAAACAATCCTTCGGCATCCGCGGAGAACTTCCGGGGCAAATCCGGCGCATCCTGTGGGCGCCGGACGCTCCGGACCTCCGCGTCAACGGAGAGCCTCGTAAAGACCAGCGCAGCTACCTGGCGGACAGCTATCCCGTGGTATGGATGGGGAATGACGACCTTTCCCTGGTGCAGGCCGGCGCGGACGCCCGCCGGAAATACATGGACTTTCTGGGCAGCCAGTGGCATCCAGGCTACAGACTGGCTCTGTTCAGCTACCGCCGGGCGCTGAAAACGCGCAATTACCTGCTCAAGCACAGGCACCGGGACAAACTCCAGCTGGACG
NZ_CP071807.1_gap28	708908	712797	3889	TCTTTTTCAAAATGGCCAGCGCCGCATGATCCGTTGCTAAAATTTCCTCTTTCATTTCATCTATTTTGCAACGGTTTCGGAATCCGTAGTCAAGCAAAAATAGTCGTTTATTAATCAAAATGTTCGGCAATTCCATGGATGCCGTTTCACCGCCCCGTCATATCAGCAATTCCCTTCCAGACAGTTTGATGACAAAGAGGACACAGGAATTCCTATACGGATTCCGAATCCGCTATTGGCAAATGCAGGTCTTCTTCTTTGGGCATCCGCAGTCGCATGACGCTGCACGGAATCTCCCATCAAAAGAAGGCCTGCCAAAATAATTCCTTTGGCCTGTGTCTCAGGCAAGAGAATGAAACTGGCAGGGAAAACGGCTAGTTCAACGCCCATATGAACCTCATGATTATTGAAATGACGGAAACGCGCTGCCTCATTCTGGAAGAACTGCTCAACACCATTCAAAGCTGCGATCTTTAATCCGGAGTTCCCGGCTTGAACGGTTCGCAACCAAATCTTCCCCTCTACATCAACCCTGTTGCTGAATAGAGTTTATTCCATGAAAAAGTCGGAAAACTTTATGGACGTCTTTCATAATATTGTCCAGATCATCGGGAAATCCCTAGAAGGAGGGTATTCCCTGACGCTGGCGGAAGAAATCATCGTGTTCATCATGGCTGTCTCGCTGGCCGCCTTGATTTTATGCTTTGTGGCCTTTTGCAGGAAGACACTAAAGCCGAATGCTGAAAATATAGGCCTCCTGCTAATCGCCCCTTTGATGGGAACAGGTCTGATCGTGACCGTTTACGCCTACGTGACGGAAGGTTTTTTTGCAAGCATGACTCTGTTATGGATCTTCAGCGCCATTACTATCGGGATAGGAAAGGGTTCGGGACTCCTCCCAGAAGAGGACACTTTCGGCAGCGTCATTCAAGAAACGAGGGAAGAATGGAAGGCGGAAGATAAATATGCGGATGCGCTCGAAGGTAAAAGCATTGTATTCAAAGACGGCACCAGAGGCACTATCCGAGGTAACGACATGGAATCTTCCATGGAAAAGTGGGGATTTCGCCTTGGAGGGCTGGGAGTCGGCCTCGCCATAGGGGCCGCCATCATCGGCCCTATTGTCTGGATAGTATGCATTAAGCAGGCATTCCATGCCGGATGTATTGCTTTTAACCAAAAAACGGAATAATTCCTCTATTTTATGCTGAGCGTCTCTACACCGCCGGAAACCTGTCCTGAGGAAAACAACGGACATTCCCACAACACGCAGACCTATCCACATGGAGAAAGCTATGCAGGAGAATGCAAGAACGGCCTGCGCCACGGGAAAGGGATCTATTATTTTAGCGATGGTTCCTGGGTACAAGGGACATGGGAAAACGACAAGCTTTCCGGAAATGCCACCTTTTACCATGCTCAGCACCAGCGGACGGATCAGGGAACTTTTTGCGGAACAGCCAGAAAAGGCCGTGGAATGATGACATGGAAAGACGGCAATATCTACAAAGGTACGTGGAACGATACGGAAGAAGGGTTGCAGGGCAAAGGAATCATGCTCTCCCCTGAGGGGAAAAAAGAAGCAGGAAAATGGATAAACGGCTTATGGAAAAGACGCTTTTCTTATAAAAATTCATTTTACGACATCATCTATCCCATCCAAAAACATCCTGTTTCTTCCCTGATTTCCTTTTTCCTTATCATTACCCTGCTTATCCCTGGAATAACTATTGACGCAAAGTCGGAATTTTCAGATCCGTATATTATTTTTCTACTTACAGGCGATCTATTCCCGTCAGTAAAAAATGCCGCTTACGTCAATATGGCCTGCATCATATCAGGTTCCGCCCTTCTTATGCTCTCCGTGTGTAGCCCTGTTTTTAAACGAATTACTGGAATTCACCATAATCCTTTAACAGCCATATTTTTGTCATCCATTTTCATTGGCGGATCCATGGGATTTCTGCGTACCTCCTACCAAGGAGAGTTCTTTTACACCATGATATCCATTTTCAGTCTATATTTTCTCATTTTTATGGCGAAATGTTATTATCAGTCCGTAAGGTTCGAATTTGCTCTCATTGCAGGTATTCTGTTCTCATGGCTGTCCATGTTACTTTTCAGGAATTCCTATTATCTTTTTGAAAATATGTGCTGGCCTTATGCTCTTCCGCTGCTATCGGTGCTCGCCTGTTTTGCATGGGGCCGCATTAAATACGAGCAAAACGGATTTTTTCCCGCTCATAAATCATTTACGCTGGCCATAGCCGGCATTTCAATAAATTACATTATTCTGCATCCCTGGTTGGACACCAATAAAATCCTGTCTCATTGGAATAGCATTTTTTCCAGCATCAACTAATGAATAAACTCATGAAACCTATTCCCCCCATTTTTTCTTTCCTCATCATTGCCGCCGTGTGCTGGAGCCGGTCATTTGCCGGAGAAGTTCAATCTCCTCCGTCTCTGGAGGGGGCATCGCTGGAAATTTCCGCAAGAAAGGAAGAATATAAAAATTTGCATCATGATGTTTTTCTGAATTTAAAGGACGGCATTTCCTGGGAGGGGAGTGAAGATAGAATCGTTACATACGAACCCAAGGGGAAAAACGCTCATATCATTGTCGTTCATTGTGATAAGCGGAAAGAGGATTATTCTTCCGGGGAAATATACGAAAAGAATCCATCCCTGTTCAGACGCTATTATTTATCAGGGGAGAAATCCTATGAAAAGGCAAAGGGAGAAAACCCGAAGCCGGCCACCATCACGTTCACAGACAAGGGAGGCTATTGCTATTACAAAGGGATTCTTCAAGGCTATCTTACTTGTGCTCAAAAACAGGAAGCGGAAGACCTCACCGGAATTCCGGTAACTATTTTGCTGGATGAAGAAAAAAACTCCTGACCCGGAACTGGAAACATTGCTCGACCAGATTGACGGAGGAGAACTCACGGGGCGCCAGAGCAATTACGTACGTCAGGAGCTGTCCGCGTATTGGGAAAAACGACTTCATAAAGCACATTCGGCCCTCATGAAGCATTACTCCCATGTTCCGGCCATCGCGGAAAAATTGAAGGCGGCGCAGAAGGGATGGGAAAGTTATCAGGACTCCCTGGCAGAGGCATATGCCGCATGCCTGATGCAGGAAGATGAAAAAGAACAAAAGAGCCAATGGTTTCAGTTTAACATGCTCCGCCTGGAGTGCGATAATACCGAGTGGCATTGCCGCATCCTGGAAGAACTGCTGGACACGATCAAACAGAACGGTCTTTAACCGGACGAAAACTACCAACCATCACCATATTAAATACATATGAATATCGCAAAGACATTCCGCACTTTTTCCCGGACAGGCGGAGCCATTAATATTATTCGAGCTGCCGCATTCATTCTTCTTACCGTCCCGGCTTCAGCGCAAATACCGCCGGAGGCAAAGATGCTGGAACTGACTTTTCAGGAACAGGAAAGGAAAATCAACGACGCGGCTTTTGCCAAGTACAAGCCGGAGCTGGTCAGGCTCATGAATGAATGCGTTAAAAACGAGGATTTTGAACAGGCCAAGCATATCAGGGATATTCTCGAACGGAAGTCCCTGCCCGGCATTCAGGAAGAGGAAAAAGAGGATTACTCGCATTTCATCGGGCAATGGGAAGAAACGGCGGGAGGATACGTTTATTTAAGCCGCTTTGATGGGAAGCAGGCGCAACAGAAGTCCGGCAATACCGGATGGCTGGGCAAAGGCGGAGTGGACAAGGATTTTTCATCCCCTGACATCATCAGGCTCAATGAAACCCGGACGGTATGGTTCTACTGGATCAAAACGGACCGCGACGACCATATTTTCCAGGTTAACCACGCTACCAAACTGGTTTCCCTGTTAAAGCGGAAG
NZ_CP071807.1_gap29	714139	719096	4957	CAGGGGACAATCAGAAGCGGCGGCAGGGATACCCTGCAGGAATTGGCCGCAAGGACAACGTTGACGGGGACCTATGCCAAGGCCATTGATTATTCAGGCGGTTCCTATGGAGTAGGTATTTTATCCAGGGAAAAACCTTTGAGCGTCAAACGGATTCCTTTACCCGGCAGGGAGGAGGCCCGTGTACTGTTGATGGCCGAGTTCAGGGATTACTGGTTTTGCGTCACGCATTTGTCCCTGACCAGGGAAGACAGCAACGCTTCCATTGATATGATTGCCGCCCTGGCCGCAAAATGCAGCAAGCCCTTTTTTATTGCAGGGGATTTCAATTTAACGCCGGATTCGGAACCGATAACCCGGATGAAAAAATATTTCATCCTGCTGAGCGATCCGGCCCAAAAAACGTTTCCCGCCGGGCATCCGAAGGAATGCATTGATTACATCTGGATGTACAGGGGAAAAAAGACGGAGGCGTTCCATGTGAAGGAACGCAGGGTAATTGAAGCTCCCGCCGCCTCTGACCACCGCCCGGTCAAGGTGACGGTCAGCTATTGACATGATGCTTCCGGCCCGTCACCGGGTAGCCCGCGGGGCATTGACGCCGCCCACCAGCAGCACGATTTCCCCCCTGGGGGGGCGTTCCGCAAATTCCGCCGCCAGCCGGGAGGCCGGACCGCGATGGTAAGTTTCAAAGGTTTTTGTCAGTTCCCTGGCTACGCAGACGGGAATATCCGGATCCAACGCCGCCAGAGCCTGCACGGTTTTGACGATGCGATGGGGGGATTCATAAAAAATACTGGTATGGGAAGCTTCCACTGCCGTTTGGAGCACAGCGTTTTTTTTCCCGGATTTGACGGGCAGAAAGCCGCCGAAGAAGAATGCGTCCGTAGGCAGTCCGGACCCCACCAATGCCGTCACCACGGCGGATGGCCCGGGAAGGACGGTGAAGCTTACTCCCTTTTCCTTGAGGGTCTGAATGAGACGATAGCCCGGATCGCTCACGCCAGGCATGCCCGCATCACTGATCACGGCAAAGCTTTCTCCGCCGGCCGCGCGCGCCGCAATTTCCCCGGCACGCGGCTGCTCATTGTGGTCATGCATGCTTACCAGCGGTTTGCGGATTTCATAATGGGAAAGCAGAAGACCGGAATGGCGGGTGTCCTCACACGCAATGACATCCACCTTGCGCAGCACGTCCAGCGCCCGCAGGGTGATGTCCGCCCGGTTGCCGATCGGCACCGGAACAAAATAAACGCTGTATTCCACTTTCTCCATAAGCACAGATTTTCCTGAACCGGGCGGGATTAGCCATTGGTAAGGGTTTCCGCAATGGAAGTAGCCACCAGACGGGCCGCATAGGAAAGGGCATTCGTGCGGGCCGACTGAATGTTGCCCTGGTCAAAGAATTGACCTACTTCCTCCGCAGAGCCGGCATACAGAATTTCCTGCGTCCTGGCGTCCACCACACGGTATTTGACAGACAGGCGCAACCCAAGTTCCGTACTCTTGTAGGTGTCTTCCCGGCTGGATCGCAACTGGTCGAAGGTGATGGAGTACACTTCCCCCTCCACCCGGATATCCGCATCCGCGCCGGAGCTTAACCGGTAGGTGCCGTCCCGCTGCAGCTCATCCGCCAAGGCGCCGGTCACCAGCGTGGCGGCACGGGGCTCCAAAGAGTTGTTGGCAAAAAGGCATACCTTAACGGTCTGGGCCAGTTCCAACTTGGGCGGCTTGGTGCCGCCAAGCTGGTAACCGCAAGAACCGGCCAGGAGGCAAAAAACGGGCAGGAAGAGTTTGAAAACGTTCCGGATACGGTTCATGAGGACGGAGAGTTCCTGTTATCTGCTGGTCACGCGCAGTTCTTTCAGGCGGGCCTTCGCCCTGGCGGCGGCGGCGGGATTGATGCTGCCTTTGGAGGCTACTTCCTGGTAGCAGAAGACGGCGGCATCCGCATCTTTCATCTTGGTCAGGTAGTATTCCGCCACTTCCAGCTGCTGGGCCACCAGCTCACGCTTCATGGCCGCCAGATCGGCACGGGCGGCTCCCGCACGGGCGCTGTTGGGATAACGCTGAAGGTAGTCTTCATACGCTTCCTGAGCGCGGGCCACATTGACGTGGTTGCGGTCTCCGTCCGCAGCAGCCTGGCGATACAGGGTGGCTATCTGGAGCTGGGCCGTGGGGGCCAGCGGAGAGTTGGGGTAATTGTCCACCAGGTTCTGGTATGCCTCTATGGCCTCCTTCATCCGGCCGCGCGCGGCCAGGTAATTGCCCAGCACGTTCATGGCCTGCGGGGCGGTAGGGGCATACGGGGCGTTGTCGCGCACATGCTTCAGCCATTCCGTGACGTTCGTGGGATCCATCCTGACGTCAAACATCCACAGCACGCGGTTGGTCAGCGCGCCGCTCGCAGCGCCGAAGGCCATTTCCTTCTGCCGGGACATGGCCTGCCTGTACAGGGGGCTGTCCGGGTGGCGGTCAATGAGTTTCTGGTACTGGTCAAACGCTTCCGCAGGTTCCTTGCGGGCCTCATAGAGTTCCGCCATTCTGAACCGGGCCAGGGGAGCTTCCCTGGAAAGGGGGTGTTTTTCCACCACGCGCCTGTATTTCTTGATGGCCCCGGAGAGATCATTCTTCGCTTCCTTTGCCCTGGCTTCCTGCATCAGGGCAATCGCCTGCTGATCCACCATGCGGACGGTTCCGGGAGGAGGAGGCGCTTCCGAAGAGCATTGGCACAGGGCCAGCGCCCCGGAAACGGCAGCCATCATGAGAAACAGTTTTTTCACATTCATGATTTTACAGCAGAAAAAGAGGGCGCGTCAATCCGGCGAACGCAGATTGACGCGCAAAAAGAGTTAATGGCCCTTGCCGTACACGGCTTCGGCATCAAAAACGACGCCTCCGTCCGCTTCACGCAGCGTGACGCCCCCCCCCTGGGGCTGGGCTTTCAGTTCATCGCCGAACGGAACGGAACGGTAAAAGCAGGAGTGGTGCCCGGTGTGGCAGGCTCCGGCGCCGCACTGGTCCACCAGCACAATCAGGGCATCCTGGTCACAGTCAACCAGGATTTGCTTTACTTTTTGCACATGGCCGCTGGTAGCGCCCTTATGCCAGATTTCCTGACGGCTGCGGGAATAGTAGACGGCTTCCCCCAGTTCCATGGTCATGCGCAGGGATTCCGCATTCATATAGGCCAGCATCAGCGGTTCATGGGTAATATGATCCATGGCGAGGGCCGGAATCAGGCCGTTCTGGTCAAATTTGGGGGCGAATTCCACGCCTTTTTCCACATTCACCTTGCCGCGGTCGGCAAAGACAATCCGGGATGAGATGTCATTTTGTTCCATAACCGGCCCCCTTAGTACATGAAATATCCGACATATACCAATCTTTTCTGTTGCCCTGACGCAACGAAATGTTTTCATAGGAGCATATGGCATTTACGGCATCCCAAGCGTTCGACCTGCTGCGCACCGCCTTCTCCCGCAACCGGCTTCCCCATGCCCTGCTCATCGTGGGAGACGAGCACCAGGGAGCCTCCCGCCTGATCCTGCAACTGCTGGAGCTGATAAACGGCATCCGGGCAGACCATCTGGACAGTGTAAGGGACGAGTATTGCCGGCTGGTGCGCCCCAAGTCCAAGTCGCGCCGCATCCTGCGGGATGATATCCGCGCCGTGGAACCCTTTTTGCAACAGCGCGCGGCGGAGGGGAAATGGAAGATAGCCGTGTTCATGGATGCGGAGCGGATGAATGACGAGGCCGCCAACGCTTTCCTGAAAACCCTGGAGGAACCGCCCGGCCAGTGTCTGCTCATTTTGTCCACCTCCCAGCCGGACCAGCTTCTCCAGACAATTATTTCCCGCTGCGTGCGCGTCAATCTGCTGCAATCCGGAGAATTCAGGCTCACTCCTATTCAGGAGGCCCTGCTCCCGCACTGGCTGGAGACCTGCCGCAATCTGAATAATGACCTGGCCGCTCTGGCCTTCCGCAGCAGGTTCATGGACGTCATGGCGGAGGCCAAGGCCGCCATCACCAAAAACCTGAACCAGGCTCTGAAAGATGAAGCCAGGGAAGCAGCCCAGGGTACGGACGCCTCCGACTGGGAGGCCCGCAATAAGGACGCGAACGCCGCCCAGATAGAGACGGAATATCTGGAACAGCGCAATCAGGCCCTGGAACTGCTCATCAGCTGGTTTGGCCAGGCAGCCCTGATTGCCTCCGGAGCCCCGGAAGTCGCTCCGATTCATCCGGAGGTGCGCACGCTGGCCGCCCAGATGCCCGTGAACGAATTGCTGAAACGCATGGAGGCCCTCAACAGGCTCCGTGATGATTTGAATTTCAATATTCACGAAGCCCTGGCCCTGGATGTCCACCTGCTGGCGGCCGTCGGGTCCTGCTGACGAACAACCCCGCCTGTTACCGTCGGGCCGCGCACGGCATTGGAAAAGGCGCAGAAGGTCTCTATTTTTCCCTTTCCTTCCGGAGCAGGGGCGCCATGATTTCCTCATAGGCGCGGAATTTCTGCTCATACGTCAGCCGCGCCGCCGCCGGACTGGTGGAAGGCATTTGAATGACGGAAAGCGTTTCCCGAAGGAACAGTTCGGGAAAATACCGTTTAAGGTATTTATGGGAAGCGGTGCCGTTGCAGCAGACCACGCCGATGCCCGGGAAGCGATCCAGCAGGGCCGCAATGTCATTGGGCCGTTCCTGGGAGATGTGCTGGTCCAGGCTGCCGGGCCTGACGCCGGAGGCCACCACGTCCCACAGCCCCACCCCGCCCCGGTTGAGCAGGGACAGGCGTTCCCCATATGGCAGGGAGGGATCGAACCCCAGAAGGGACCCCATGATTTTCCAGAACGCGTTGCGGGGATGGGCATAATACTGGGCCTGACGCAGGGATTCGTCTCCCGGCAGGGAACCGAGCACCAGCACGGAACAGTCCGGGGTGACGGAAGGAG
NZ_CP071807.1_gap30	737596	740644	3048	CTTCGATTTGTCCCTCAGACCGCCCGCTTTCAGCGAGTTCTGCGGCCAGGAAAAGATTAAGGACCGCCTGATGCTGATGGTGGAAGCCGCCAGACAGCGCGACGACGTGCTGGACCATATCCTGTTGAGCGGCCCGCCGGGCCTGGGGAAGACGACGCTTGCTAATATTATCGCGAATGCCGTCGGCTGCCGCATTCATACGACTTCCGGCCCCCAGATTGAAAAGGCGGGAGACCTGGCCGGCGTGCTGACCAATCTGGAAAAGGGGGATATTCTGTTTATTGACGAGATCCACCGCCTGCACCCGGCCATTGAGGAGTATCTGTACCCGGCCATGGAGGATTTCCGGCTGGATATTATCATCGACCAGGGGCCGAACGCCCGCTCCATCCAGCTCAACCTGCCCAAGTTCACCCTGGTGGGGGCCACCACCCGCGCCGGGATGCTGACCAGCCCGCTGCGTTCCCGCTTCGGCCTGGTGAACCGGCTGGATTATTATACGCGGGAGGAGCTGTGCGCCATTATCGAACGGTCCGCGGGGCTGCTGAACGTGCCCGTGGACCCGGAGGGCGCCCTGCAGATCGCGCTGCGCTCCCGCGGCACGCCCCGCGTGGCCAATTCCCTGCTGCGCTGGGTGCGGGATTACGCCCAGGTGCGCGGCGACGGCGTGATTACGGAGCAGTTGGCGCACGATGCCCTGACCATGATTGAGATTGACGACGACGGCCTGGACGAGATGGACAAGCGCCTGCTGGAAGCGATGATTTACAAGTTCAACGGCGGCCCGGTGGGCCTTTCCTCCCTGGCGGTGGCCGTAGGGGAGGACGCTTCCACGCTGGAGGACGTGCACGAGCCTTTCCTGATTATGCAGGGGTATATCAGCCGCACCCCCAGGGGGCGCGTGGCGATGCCCTCCGCCTATCTCAAGATGGGAGCCGCGCCGCCCGCCAACGGCCAGGGGTGGCTGTTGTAAGCCATTCATTTACGACATGAAAGGAGTCCTGCGTTTTATGCTGGTCATCAGGCCCTCTTTCTTTTAGACTGTTTCCACATAAAACGTCAGGACGTTTTCTGTTCATCATACGCCCAAAGCTATGGCCGCACATTCTGATATTCCCTTTAAAAGACTGCCCGTCAAGATTATCGGTACGGGTTCCTATGTTCCGGAACGCCGCCTGACCAATGCGGATCTGGAGAAGATGGTGGACACTTCCCACGAATGGATTATTGAACGCACGGGCATTGTGGAACGCCGCATCGCCGCCCCTGACGAGTACACTTCCCATATGGGGACGAAGGCCGCCCAGCGCGCTCTGGAATCCTGCGGGCTGAAGCCGGAGGATATTGACCTGATTATCGTCGCCACCATCACGCCGGATACGTTCACCCCTTCCACTTCCTGCTATATCCAGGATGCCCTTGGCGCCAAGAATGCCGCCGCCTTTGACATTTCCGCCGCCTGCTCCGGCTTCCTGTTCGCCATGAAGACCGCCGTCCAGTACATCGGCACCGGCCAGATGAAAACGGCGCTCATCATCGCCGCTGAAAAACTTTCCACCGTCGTCAACTGGGAGGACCGCAGCACCTGCGTCCTGTTCGGGGACGGCGCCGGGGCAGCCGTGCTCCAGGCTTCCACAGGGGAAGAGGGAGAAGGTTCCGTCCTTGCCACGGATATCGGTTCGGACGGCTCCCTGCATGACCTGCTCCAGATTCCGGGCGGCGGCTCCCGCTGCCCCACCACAGCGGAAAACGCCCATGAACGCCTGGCTACCCTGGCCATGCGCGGCAATGAGACCTTCCGCCATGCCGTCACGCGCATGAAGGCTTCCGCCGCCAGCGTCATTGAACGCGCCGGCCTCACGGCGGACGATATCCAGCTGATTATTCCCCACCAGGCCAATCTCCGCATCATTAACGCCGTAGCGCAGCGCCTTTCCATTCCTGAAGATAAGGTGTTCGTGAACATTGAGAAGTACGGCAACACGTCCGCGGCCGCCGTCGCCATCGCTTTTGACGAAGCGCGCCGTTCCGGCAGATTCGGCAAGGGAGACAACGTCGTCCTGGTCACATTCGGCGCCGGGCTTACCTGGTCCGCCGCCGTTATCCGCTGGTAATATTCTTTTTCACCCCCCCTCCATCATCATGACCACTGAACCATACGGCAAAAAAAATCCGTTTCCCGCTCCCGTCCTCTCCGTCAGGCATATCACCGGGGAAGGCAGCCCCAAGGAAACCATCCACATTGAATACAGCCTGGACGGTTCCGGGATGAATTATATTGCCGGGGACGCCCTGGCCGTCATTCCCGCCAATGACCCCTCCCTGGCGGACGCCCTGATTGACAAGCTCGGCCTCAGCCCGGATTCCCAGGTTCCCACGCCCGAAGGGGAAACCGCAAGCCTGAAAGACGCCCTGGTTCACTGCTATGACATTACCAATGTCAACAAAGCCCTGCTGACCAAGTGGGCCGCCGCCTCCGGCAGCCAGGAGCTGGACACGCTTCTGGCCGGGGATAAGGACGCCCTCAGCGATTTCCTGTGGGGCCGGGACGTGCTGGATCTGGCCACGGAATACCCCGCTTCCTTCGAATCCGCGGAGGCTTTTGTCGGCATCCTGAAAAAGATCATGCCGCGCCTTTATTCCATCGCCTCCAGCCCGAACGCCCATCCCGAACAGGTTCACCTGTGCGTGGGCGCGGTACGCTATACGGCCCGTGACCGCAAGCGCGGCGGCGTTTGCTCCACCTATATGGCGGACCGCCTCCAGCCGGGCCATACGGCCAGGGTATTCGTACATACCAACAAGAATTTCCGCCTTCCGGAAGACGGGGACACCCCCATCATCATGGTGGGCCCCGGCACCGGCATCGCCCCTTTCCGGGCATTCTGGGAGGAACGCGCCGCTTCCGGCGCCAAGGGCGGCAACTGGCTGTTCTTCGGCAATCCGTACAAGGCCACCGACTTCTGTTATGAAGACGAGCTGAACCAGTTGACCGGCACCGGCAAACTGAAGTTGTCCGTGGCCTGGTCCCGAGACCAGGAAAAGAAG
NZ_CP071807.1_gap31	742671	744731	2060	ATGGGAGGAACGATGGATTCGTCCCCTGCCATTCACCGGTTGCAATGGTTACAGCCCCATCAGAATCATGTCCTCCATATCCTGATTCCCGTTCCACTCACGAAGCAGTTCATCATTCCCCTTGTATGCAGAAACCGTTCTTCAGCATTATTATCCCGGCCTATAATCTGGAGAATTATATTGCTGCCACCCTTCAGTCAGTACTGGTTCAAACATTTCAGGATTTTGAGATCATCATCGTGGATGACGGTTCTTCCGATGAGACTGTTTCCATCATCCAATCTTTTCATGACCCCAGAATTCGCCTGGTTTCCCAAGTTAACGGCGGCGTATCGCGAGCGCGAAACGCAGGGATGAAGAAGGCCGTGGGGGCTTACATCGCTTTCCTGGACGGAGACGATTACTGGTATCCCGAGCATCTGGAGCTGGCAGCCGATTTTTTCAACCGTCATCCGGAGATATTGGCCTATGCCAACCGCTACATGAGGGATGAACTGGAGGCCATCCCGCCGCGCCCTCCATCTTATCCCGAATCTATCCGGAGATTGGGGATACGGGGAGTGCTTTTCATGAATTCCAGCAGCGTAATCCTGAATTCGTCTCTTGCGTCCCGGCTTCCCCCCTGGGAAGAAGCGATGCCCTATGGGGAAGACGGCCTGTACTGGACACGGTGCATGCGGGGGACAGGCCTGATCGGGCTGGGAGGCTCCGTCACCTCCATCTACAGGCAGAGAGCTTCTTCCGCCATGCATGACGAGCATTACCAGCATGTCTCCCTCCACTCGCTCATTGCGCCTCTGCTGAATGAGCTTGAAGCCATGAAAAATCCCAAATGGCAATTTGCCGTCCATTATCTGGTCATCAGGGAATTGCATCCCAAAAGACTGTTATCGCTCAACGCAGAGGAGCGGATTTCCCTGACGGGCAGGATCAGGAAAATCATGCACCCATGCCTGAACCGGCCGTTTTTGGACTCCTATATGAAAGCGTGTTCCGCAAGGGCAGGCATGGAACAGTCATTTTCCGCGCTCATGGACAGAACCATGTTCTCCTGCAAATGGCTGGACCGCCTGGAAAGGATGGGCCGCTCCCTGTTTTTCCGGCTGCAAACCAATAACGGAATGGGGGGCAAACACCAAGATCCAGTCCGTTCACGCTCATGAATATCGTATACGCTACAGACGATAACGGCGCGCTGGGAACGGGCGTGAGCATTGTGTCCCTCATGGAGAATTTGCCGCCCGGCGTTCATGCCGATATTTACATCATGACTGGCGGGTTAAGCGGGGATAATACGGCCCGTTTCCATTCCCTGCAACAGGGCTACAATCTCCATTTGCACTTCATTGACATGAAGGATAAATATACGGATTTCCCCGTCGGTTCCAAATGGTCGGCGGCGACGTATTACCGCCTTGGCCTCGCAGGGGAACTTCCCGCCACGGTAGAACGCGCCCTTTACGTGGATATTGATACCATTTTCAACAGGGACATAAGCCCCATGTATGAATCCGAATTCGGAGATTGCCTCATTGCCGGCGTTTTCACCACGGAAGATTTATCCGAGGAGTCTTTTTCACGCTGGAAGAGAGAAATGAATCTGGGCCGGGACTCCATTTACATCAATGCCGGCGTCATTCTTTACCATATCGGAAGAATACGTGAAGAATGTTTTGAATCCCAGGTTTTATCCTGGGCGAAAAACAATATTCACCGCCTTTCCTGGCAGGATCAGGATATTTTGAATGTATGCTATCAGCAGCGTATCTTGTTGCTTCACCCCATGTGGAACATTTGCGACGGGGCTATCTGGTCCATTCGCTGGGAAGGCGTGACAAGCTTCAGGAATAATCCCCTAAAGCCGGCAGACCTGCTGGAAGCCGCCAGGCGGCCGGGCATTATCCACTACTGGGGCCATCCCAAACCCTGGCATCCCAACAGCATTCGCCAGGATTACGGATTGTTCTACAAGTATTGGAAGAAATCTCCGTGGAAAGATGACATCAGGGATTTCCGGAAGCAAAACGATCCCGGCCGGATGTTCATCTCCAAAATGAGAT
NZ_CP071807.1_gap32	755193	758020	2827	TGCACATGGAATAAAGGATGAGCAGCGAAACGATAAACGCTTTTTTTCCAGATACGAAGAGAAGTGCCGCCTTGTAACAAAAGATCATGGAGGCCGTCACTGCGAATACCTCAAGAACGAATACAAGCCAGTAAGAACCACACAAGGCGTAGGAAAAGCCATATATCAAAAAAATGAAGGGCCCCTTTTGATCAAACAAATCCCGATAAGGCATCAACCCTTCCATCATTCCGCGTCCCATGAGATGATAAATAATGGGATCACAACTTACGGGAATTTCATAATAGGGAGACACATAACTGGAATAATAACAAATCAGAAATGAGAAAATAGACCACCATGCAATACAACATCCATTTACCCTATTACAACGAAACATTTTTATATGGGTACGGATTTGGAATCCGTAGTCAATATAATAAATTAGAAAAAAGTATTATAATTAATTTACCACCTCTTTAAACAGGAAGCTGGAATATGGAGAGGTAAGGCCCTTCATTTTTTTTCAGGAGGTATTTCCGTGATGAGGAAAGATGAGGAGGTATTAACTAAAAAATTGTTGTTCAATGGCATATTCAGTTTTTCAGAATGCGGTGGTCTGATGATTTCAGTCTGCCGGAGAACGGAGGCCACCTGGAAAAAAGCTACGGATTCCAAATTCGATTTCAGGGAATGTGATTAAAAATCAAAAGCCTCCCGGATCGACCGAATCATATTCCGCATCAGGGACCGGATGCCCCATTTCCACGCTTTTTGTCTTGGCTTACGGAAACATCTTTGGTTTACAGGGTCAGGCGGCAAAGCCTTTCTCAAAGCGGTCCGCCTTATCACCCCCATATCTTTTCCAGCATCGTGGCACGCATACTTGTAGGCTTATCAGGCGGAGTGGACAGCTCCGTGGCAGCGGCCCTGCTCGTGGAGCAGGGCCATGACGTAGTGGGGGCCTACATGAAAAACTGGGTGAATGACGAAGGCATTCCCGGCGAATGCCCGTGGGAACAGGACATTCAGGACGCGCTGGCCGTCGCCAAAACAACAGGTATTGAATTCCGGGTCATTGACCTGGTGGACGAATACCGCGCCCGCATCGTGAATTATCTGATTGAAGGCTACCGCGCCGGATATACGCCCAACCCGGACGTATTGTGCAACCGGGAAATGAAATTCGGCGTCTTTCTGGATTATGCCCTGGAACAGGGGTTCGACTACGTCGCCACCGGCCATTACGCCCGCAGGATGGACACGCCGCAAGGGGCTTTCATCCTGCGCGGGCGGGACCCGAACAAGGACCAATCCTACTTCCTGTCCCTGATGCGCCCGGACCAGATAGCCCGCGCCGTCTTTCCCCTTGGGGATCTGCTAAAACCGGAAGTGCGTGTTCTTGCGGAAAAATACGGCCTCCCCACGGCACGCAAGAAAGACAGCCAGGGTATCTGTTTCATCGGCCAGGTAAAAATGAGCGATTTCCTGCGCCACTACCTGCCGGACAAGCCCGGCAACATCGTGGACACGGAAGGCCGGACGCTCGGCACGCACAACGGCCTGCATCTGTTCACCATGGGCCAAAGGAAAGGGCACGGCGTCGCCTCCCCGCGGGAGGGAGTCGCCTATGTGGTGGTGGGAAAGGATGTCCGGCGCAACCGCCTGATTCTGGGATACGAAGACGCGTCCACGCGGGGATTGTACGCGTCCCGCGCCGTGGTCGGCGGCATTTCCAATACGCTCGCTCCCCTGCCGGCCCGCGTCATGGCCCAGCCCCGCTACCGGGCCAAGGCGGAATGGGCCTCCTGCGAATATCTGGAAGAAGGAAAGGTGCGCCTGGGCTTTGACACGCCCCTCCGGGCCCTGGCCGTGGGACAGGTCTGCGCCTTTTACGACGGAGGCAAGTTGCTCGGGGGCGGCTTTTTTGAATCCATAGAACCATGACTGACCCGGAACGCACCATAGCCGCACAGGCCACCGCCGCAGGACAGGGGGCCATCGCCGTCATCCGCATGAGCGGTCCCGGCTGCATGGACATCCTGAAACAATGCACCCCTGCGGCTTTCACGGAACGCCTCCGGCCGCGCCGCGCGACGCTGGTCTGCATCCGGGACGCGGAAGGTGCCGCCATTGACCAGGCGCTTGTCACCTGGTTCCCCGCCCCGGCCAGTTATACGGGGGAAGATACCGCGGAAATCTCCTGCCATGGCGGCATGCTGGTGACGGACCGCCTGCTGAAACGCCTCTACCAATGCGGGGCCTCCCCAGCGGAACCGGGAGAATTTACAAAAAGGGCCTTTCTGAACGGGCGCATGGACCTGACCCAGGCGGAAGCCGTGATGGATGTGATTTCCGCCGGGAGCGACCTGGCCCTGAAAGCCGCGCAAAGCCAGCTGGACGGAGGCATCGGCGCCCAGGTGGACGAACTGAAAGACAACCTGGTTCATGTGCTGGCCCACATTGAGGCCTATATTGATTTTCCGGATGAAGACATTTCCCCGGACACCGCCTCCGATCTGCTGGCGCGCCTCCGGAACATGGAGGAAAAACTGGACACTCTCCTCAAAACTGCCGAAGGCGGACGCCTGCTGCGGGAAGGCATCCGCACGGCGATCGCCGGACCTCCCAACGTGGGAAAATCCAGCCTGCTGAATACCCTGCTGGGATATGACCGGGCCATTGTCAGCAATATTGCCGGTACCACGCGGGACACGGTGGAAGAATCCATTCAGCTGGCCGGGCTGGCCCTGCGGCTGATTGATACGGCCGGTGTCCGCGAATCTTCCGACGTCATTGAACAGGCAGGCATTACCCGCACCAACAGGGCTCTTGAAACCGCGGATCT
NZ_CP071807.1_gap33	764972	765510	538	CCAAAACGGGTATCGACCTGCCGGGGGAAACCAACAGCCAGTGCCAGGACGGCAGCAATTTTGTCAACTTTTCCCGCATCAGCTTCGGCTACTCCCTGATGGTGTCCCCCCTGCAGGTCGCCATGGCTTATGCCGCCATAGCCAATGACGGCGTGCGCATGCGCCCCCGGCTGGTTGACGGCATTTATGTGGATGACAGAAACTTCCAGCCTTCCCCCCCCGTGGAGGTATGCCGGGTCATGAGCGTCAAGACGGCCCGGGACCTTCGGAACGCCCTGTTCCACGTTACGGATCTGGACGGGACCGCCAAAAGAGCGCGGGTTGAAGGCTATAACGTGGGAGGCAAAACCGGAACCGCCCACAAGGTGAAGCCTACAGGCGGCTATTTTGAAAACCGCTACACCGTCTCCTTTGTAGGAATGCTCCCGGTGGAGGACCCGGCCTTCGTCTGCCTTGTCGTCATTGACGACCCCACTTCCAAGCATTGCCATCCCGGAGGCGGAACCGTATGCGCCCCGGTCTTCCAGAAACTGGCCAC
NZ_CP071807.1_gap34	894306	898785	4479	GCGGCGGAAGAAAACCCTTTGCTGAACCTGTGGTCCCTGAGCGTGGAAGAACAATTTTACCTGATGATTCCGCTTACCCTGTGGCTGCTCTGGAAATTCAGGGAAAAAGCCGTCAAACCCGTTCTATGGGGGGCGCTGGGCCTCTCCTTCTTCGCCGCCGCCTTCCACATGGGGCATCTGGAACATAACAAGGCCTTCTATCTGCTTTACTGCCGCGCCTGGGAACTTCTGGCCGGCTGCCTTCTGGCTCTGGCTCCCGCCGCAGAACAGAACCGGGGAACCGGATGGCTGCGGACGGCGGGATGGGCCGGAATCCTGCTCCCCTTTGCCTGTTATACCTCTTCCACTCCTTTTCCCGGATACACGGCCATCCCTTCCATCGCGGGGGCGGCCCTGCTTATCCGTTACGGAAACCATGGCTGGTCCGGGCGTATCCTCAGGCACCCGCTCAGCACGGGCATCGGCAAAATCTCCTACTCCCTCTATTTGTGGCATTGGCCAGTTATCGTGTACTGGACATACGTCTGTTTCGATGAATGCTCTCCCTGGGATTATGCGGGCATGTTCCTTCTCTCCCTTCTTCTGGGTTTCCTTTCCTGGAAATTCGTGGAAACCCCCTTCAGAACGACCGTCTCATGGCAAACTCCCGGAAAAGCGTTTCTGGCCACGGCAGCAGGGTGCCTCATGCTGGGATTTGCCGGTGAATGGCTCAAATGGACGGACGGCGCGCGGGATTACTGGCATGTAGCGGCCAACAGCATGGAATTCCCTGAATACTGGAAAGGGCCGGCCTTCCCGCCCTCCTTCGGCATCACGCCTCCCAGCCGGGCGGTGGTGGAAAAGGGCAACGCCATTCAGCACCATCATCCGGAGCTGGGGGATGTGACGGATTACCCTTTTGTCCTGCTGGGAAAAAACGGGCAGGCCCCTTCCTTCCTGCTTATGGGGGACAGCCATGCCATGGCCAGTTCCCCCGGATTTGACGAGGCCGCGCGGCTTCTTCAGCGCTCGGGCCTGTTCTACCGCGCGCGCCTGTGTCCGCTGAGCGGCATCTCCGGCTCCGGAGACTCCTCTTCCCTGACGCTCCTGCGCCTGATGTACCCCCATTGGGAACACAATATGGAACTAATTCTGGACTGGCTGGAAAATACCCCCCAGGTAAAGACCGTATTCATCCACAACCGCTGGATTGAACTGGTGAACAATCACCGGGATACGCGCCTGAAACAACTGGTTGCAGACGGCCTGCGCCACACCTGTGCGCGTCTTCGGAAAGCCGGCAAGCAAATCGTGCTGCTGGGTCCCGTTCCCGAATGGACTTTCGGCCCGCGCAAGCTCATGCGGCGCAATGCCCTGCTGAACGCCAACCGGACAGACCGCCTGCTGGGCGGGGACTTCAACACGCGGCAGCGTCCGGTATTCGCCCTGTTGGAGCACATGGAATCCACAGGCCTGTGCCGCTTCATTCCCCTCCACGGCACCTTCCATAAAAATGGGCGGTGGCTGGCGGAAGACAGCGGCCAATTAATGTACTGCGACGACAATCACCTTTCCCCCTACGGGTCCAGAAAAATGGTCGGCGACATCATCGACCAGCTTTTCCCGGGAATGGAAAGAACAGCAGCCAACTGACGGAAGCTCCGCACGGAAAAACATCCAATCCTTTGACATTGACAAGGCATGCAGGCCCCCTACACTGGCGCCAGGCAGTAAAGCCTTCGCGATGGTCCCGGATAAAAGCCCGGAATATGAAGGCCATACCGCGTCCCCCTATTCAACGCCTGTACTCCCATGACGGATTCCTCCCGCCCCACACGCATCAAGGTCATCAGAAAATCCATGAAGGCCTCTCCGGATCAAACGGAATCCCTGTTGTGGGGCGACTGCCTGTTCTGCACGGACGCCGCCATGACGGATTACGACTGGGTTCTGGTATACGACGAATTTCCCAGAACTCCCGTGGGCACCATCAGGAATGAAACGGAACCCCTTCTCTGTCCTCCGGACCAGACTATCCTGATTACGGTGGAGCCCCCCTCCATCAAAATCTACAGCAGGGCATACACCAGCCAATTCGGCACCGTTCTCACCACCCACTCCATCCGGGACCTTCCGCACCCCGGGCACACCTTGGGCCGCGGATGTCTTGAATGGCTGTACATCAAGCCCATGCAGGAAATTCTGGACCAGAAGGAATTCCCGAAGACAAAAATGCTCTCCACCATCTGCTCCGCCAAGCAGCATACGCATACCATGCATAAAAAGCGCTATGATCTTACGCGTTACCTGGCGGACCGTCTGCCGGAACTGGACTGGTTCGGACACGGCATCCGGGAAATAGAAAATAAAACCGTCGCCATGGATGACTACAAATATCATCTATGCGTGGAAAACCATCTGGAACCCCACCATTGGACGGAAAAACTGTCTGATGCCTTTGTTGCCATGACCCTTCCCTTTTACGCCGGGGATCCGTTGGCAACGGAATGCTTCCCGCAGGAAAGCTTCATCCCCATCCCGCTGGACAACCCGCAAAAAGCCCTTGAAATCATCCGCAAGGCCATGGAGGACGGAGAATATGAAAAACGGCTCCCCGCCATCCGTGAGGCAAGGCGCCTGGTGCTGGAAAAATACAACATGTTCGCTCAAACAGCGGCAGTCATTCACAACCACAGGGAAACGGGAACCATACGCCCCGGAGCCATGCTGAAAGGACGCCACGTTCTGCGGAAAAATCCGCTCCATGCCCTTCGGGAATTGACGGACACGCTGGCCTATAAAATCAGGTCGCGCGGCAGGCGCGGAACCGGAACCGGAGCATAACCTGAATTCCGGGCGCGCGGCAGCGGGGGGGGGGGGCAGGCCTTCCCTGCCAGTAAAGAAAATGGGCGTCCGATCTTCTGCCGATGGCCGCGCGGCTGGCGGAACGGAAAGCTTCCATGTGATGGAAAGATTCAAAAGGAACGCTTTCCCCGGTACCCAGCCTCCTGCCCATTAAAGCATGAACGGCTCCGTCAACCCTCTTCTCAGGGAATACATGGCCTGGAACCCTTTGAACGACAGGGAAACCGCAACCGTATCCGCCATTCCTCCGCCACACCGCAACCAGGGCGGCAAATACCGTCCCGACAGCCCCGTCCGGTCTGAAATCGATTCAAACCGGACGGAAAACAGGCAATTAATAAAACGGAAAAACCTTAATCTACTTTGCGGGAAGCGTGCCTCTTGGCCCGTTCCTCCTCCCGCTGCTTCTTCAGGTCTTCCTTCATCTTGGCCTTCTCTTCGGAATCCAGCTTGCCGTCCTTGTTAACATCATATTTTTCAAGGAGGGCGGCTTTCTTTTCCGCAGAAGTCATTCTCTTGGGAGCGTCTTCCTCCGCCATGGAAGGCATGGCGAAAGCAACGGCCAGAACAATAAGCAAATACTTCATGATTAAACGGGGTTCTTGAATAATCCTTTTCTACTCCCGCGCGTCCCGGTTGTCTCTCTTTTTTTAGCAATACATGCAAATTCCCCGGCCATGCCCCTTTTCCGCCGCGTAAACTCCCCCCCGGTTAAGCCTTCCCGAACGGGAAAAATAGCGGAATCACCACTACCATGACCAGCCCCATGATCACCTGCAGGGGAACGCCCACTTTCACGTAATCCATGAACGTATATTTCCCTGCCGGCATAACCAGGGCATTGGGCGGCGTGGAAAAGGGTGAAGCAAAACACATGCTGGTGCCTACGGAAACCGCCAGCAGCAGCGGATAGGGGCTGATGCCCATACTCGCCGCGGATTGCAGGGCGATAGGCGCCAGAAGCACCGCCGTAGCCGTATTGCTGATAAACATGGTCAGCAGGGACGCCGTGAAATAGACGCCCGCCATCAGGGCAAACGGCCCGAATCCCCCCAGTCCGACCACCAGCCCGTGGGAAATGGCCTCTGAGGCTCCCGTCTTCTCCAGCGCTACGGACATCGGCAGCATGGCGGCAATCAGCACGATGCTCTCCCAGTTGATCGTCCGGTACGCCTCCTCCACATTGCGCAGACAGCCGCACAACACCATCAGGACGGCGGCAATCAATACCGCCGCCACAGCAGGCACCCAGTTGAACACCATGGCCGCAATCATCAGCAGCATAATGCCTGCGGCCAGGGGGGCCTTATGCGTCAGGGTCACCTTGGAGGCCTCCGCCAGGGGCTGGCCCACGACAACCCATTCAAAAGTTTTCTCGCTCAGGCGCGCAATATCCGTCCAGGTTCCCTGAATCAGCAGCGTATCTCCGTACTGGAGCTTCACATCCTTCAAATTATGGAAAATGTAATGGTTGTCCCGCTGGATGGCCAGAATATTGACCCCGTACTTGGCGCGCAGCCCCGAAGACTTCACGGGCATGTTGATAAGGTCCGAGTTCCGCATGAGCAGCATTTCCGCAATGCCTATCTCGTCAAACTTCAATTTGCTTTTCAACAGGGAATCCGTATCTTCCGA
NZ_CP071807.1_gap35	974722	976419	1697	TGGGCAAACCGCAGGAAAGCTACCTGTGGGGCCTGGTGCGGCCCATATCCTTGGTGGATAAGCTGGTGAAGGGAAGCGACCAGATTGATATTTACGTGGTTCCCGCCGCTTCGGGACCGGGCCGTAACCGTTGGAAGAGCTGGCACCGGAAAACGGAGAAAGATGGCCGGGATTACTGGCTGGCCGCAGGCGTGACAGCGGCCGTCACGGGTGCCGGCCTGCTGGTTTCCGCATTTACCGGTTATTTTGCTCCCGGTTTTCTGTATTTGGCCGGAGTAGTGGGCCTGGGCTTTTTCATCCGTTCCCGCTGGGCCATGCTTCTGGCCGCGGCGCTGAGTGTCCTGTTGTGGAACCTGCTGTTTATTCCCCCGGTGATGACGTTCAAGATAGAGCGGCTGGAGGACGCCTTGATGTGCTTCTTTTTCTTTTTGGTGGCCCTTTCTACGGGACGGCTCACTTCCCGCCTGAGGATCCGCGAGCGGGAAGAACGGGAACGGGAAAAAAAGACCAATGCCCTGTTCCTGTATTCCCGGGCCATTGGATCCGCTTCGGACGTGCCTTCCCTCATTTCCGTCGCGGCGGGACAGATCAGCCAGATTATGGGGGTGCGCCTGGCTGTCATGACGCCGGAAGGAGGCGGCGGTAAGCTGAGGCTTTGGGAGACCGGCGGAGAGTACGCCATGGATGAGAAGGAATGGAGCGTGGCAGTCTGGTGTATGGAACACCGCCGCCCCGCAGGAAGGTTTACGGATACGATCCCGGTAGCGGAAGGGTTTTACCTTCCCATGATGTCCGGGGAGCGTTGCATGGGCGTACTGGGCGTAAGGCCAGAGGAAGGGGAGTGCCTGACGGCCGGGCAGAAGGATTTGCTGGAAAGCATGGGAGCGCAGCTGGCCATGGCGCTGGAGCGTGAAGAATTGAGGGCGGAACGGGCGCGTACGCGGCTCATGGAAGAATCGGAAAAACTGCACCGATCCCTGTTGGACAGTGTTTCCCATGAGTTCAAAACGCCTTTGGCCGTGATTGAGGGCGGCTGTGAAAAATTGGCCGGACGTGCCGCGTCCGCACCGGAGGAGCGGGAAGAATACGGGGAAATTTTACTGGCCGCGCGCCGTCTGCGCCGCCTGGTGAAGAATTTGCTGGATGTGAGCCGCCTGGAATCCGGCGCTTTGAAACCCAAACTGGACTGGTGCGATCTGGGGGATGTTATTGAAGGGGCTCTGGCTGCTACCAGGGAAGCACGCCGGAATCATCCCGTGTCTGTTTCCCTGCCGCCGGACTACCCGCTGGTGAAGGCGGATTTTTCCCTGATGGAACAGGTACTGGTCAATCTGCTGTTGAATGCCTGCGTACATACTCCTGAGGGAACCTCTGTTACGTTGCAAGGTGGTGCCGACTCCGTGCGCGGCCAGGTCTGGCTGGATATTCATGACATGGGGCCGGGCATTCCTCCCGAACGGGCGGAAACCATTTTTGAACGTTTCCGGACGACGCGGCCCGGTGGTTTGGGCCTGGGGCTCCCCATTGTGCGCGGGTTCATGGAAGCTCAGCGCGGTGCCGTCTCCCTGGTTCCCGTTTCCGCCGGAACATGTTTCCGGCTTGTCCTTCCCCTGGTGGAGCACGATAGTGTTCCTGAAGAGTAATTCCTCCTGCCTCATGAGCAACTTTCCTGCAGATATCCTGATTATTGACGATGA
NZ_CP071807.1_gap36	981731	983190	1459	GAACATAATGGGCCTGAATTCCCCGCAAAGCGCCATTCTCAGCACTGTGATTTTTAATGCCCTGATCATCGTAGCGCTGATTCCGCTGGCCTTGAAGGGGGTTTCCTACCGTCCAGCGGGAGCGGCCTCCCTGCTGAAGCGCAATATCCTCATTTACGGGGTGGGCGGCCTGATTGCTCCTTTCATGGGCATCAAGCTTATTGATATGGTCATCAATGCATGGCGCCTTGTTTGAACAATCCAATCCTAACCTGCTGAATTATCATGAAGTGGACATTTCCCAATCTGCGCCTGTTTCTGTTTCTGGCCGTCATTACCGGCGGCATTTACCCTTTGGCCGTTACGCTGGCCAGCCTGATTTTTTTCCCTCATCAGGCGCATGGTTCCCTAATCCGGAATGAACGGGGGGAAATTATCGCTTCGGAGCTTGTCGCACAGCCTTTTATCTCCGCCAAATATTTCTGGCCCCGGCCCTCTGCCGGAGAATACGCTACCATGCCTTCCGGAGCCAGCAACCTCTCCTGGACTTCCGGGAAGCTGGTCAGAACGGTGGCGGAGCGCAGGGCGGCTCTGCTGAAAGCCCACAACCTGCCGGAGAAAACGCCTGTCCCTGCGGACATGCTTTTTGCTTCCGGCAGCGGTTTGGAGCCTTTCATCTCTCCGGAAGCGGCGGAGTTGCAGTTGAACCGTGTTGCCTCCACGCGCGGAGTACCTCCGGAAAAAGTCCGGAAACTGGTGTCTGCACACTTCGTCCGGGGTGGAATTCTGGGGGAAAACGTAGTCAACGTGATGACTCTGAACGCCGCGCTGGATACATTGTTCCCGATGAGCGGGATGTAATTGACCGCCCCGGTCCGGAAAATATCCTGGCGGAAAAATCGTCCGGCATCAGCCGGTGCCTTGGTTCCGCGTCTTTCTCCGGTTACCGGGGCGGTTTTCTTATTGGATTTTTGTCAGTTTGGCCTAATCTGTTGAAAAACAGAGACAACAAATTGGTCGGCGTTCGGTATGCTGCCGGATAATCCTTTCAGAATGCAGCAATAGGGGGGCGACATCCTCTCGTTAGTTTTATTAGGCTGATATGAAGTTTCTTCAGCCCCAAATGCGGCTGTTTACAAATAGTCCTTCCTTGGCGGTGTGAACACATCGACAACCTCTCCGCTTTCCATCACCTCAAAGGAATGAGGCGTATTGCCCGGTATGGCGTAGCTGTCCCCTGCATGAAGCAGCACTTCAATATTCTCCTCCGGCATTTCCATGTTCAGGCGGTATTCGCCTGAAATGACGTACCCGCATTGTTCATGCGGATGTTGGTGGGTGGAGGCGAAGTTGCCTTTCACATAGTTCATCTTTGCTACCATTGATTTCTCTCCGACAGCGAGCGAATCCAGTGAAACGCCCTTGAACACTTTCTTCGATGCGTCTTCCTTGCGAACGATGATTTTATTATTTTTTATGA
NZ_CP071807.1_gap37	985465	989754	4289	TGAAATCATTCTATTTATTGATGAACTGCACACCATCGTAGGCGCGGGCGCCAGTGAAGGGGCGGTGGATGCGTCCAACCTGCTCAAACCCGCCCTGGCCCGCGGGGAACTGCGGACCATCGGCGCGACGACACTGGACGAATACCGCAAATACATTGAAAAGGATGCGGCTCTGGAACGCCGGTTTCAGCCCGTCATGGTCTCCGAGCCCAGCGTGGAAGATACCATTGCCATCCTGCGCGGCCTGAAAGAACGCTATGAAGTTCACCATGGGGTGCGTATTACGGACGCTGCCATCGTGGCGGCCGCCACCCTTTCCGACCGTTATATTTCCGACCGTTTTCTGCCTGACAAGGCAGTGGATCTGGTGGATGAAGCGGCAGCCCGCCTCAAAATTGAGCTGGACTCCATGCCCACGGAAATTGACCAGATTGAACGTGAAGCCATGCAGCTTGAAATGGAGCGGCAGGCGCTGGCGAAGGAAGAAGACGCCGACAGCAAGGCGCGTTTGGAAAAAATCACCAAGGACCTGGCCGATTTGAAGGAAAAATCCGGTTCCATGATTGCCAAATGGAAAAGTGAAAAGGAAGTGCTGGACGCCGTCCGCAGGGAACAGGAAAAAATAGAAGCCCTCAAGCTGGAAAGTGAACGGGCCAAACGGATGGGTGATCTGACCCGCGCATCGGAAATCACCTATGGCGAACTTCCGGAGGCCCAGCGCGCCCTGGCGGAAGGCAAGGAAAAGCTCAGTAAAATGCAGAAGGAAGATGGAGGGCTGCTGAAGGAGGAAGTCACGGAAGGAGACATCGCCAAAGTGGTTGCCACCTGGACCGGCATCCCCGCCGCCCGTCTGCAGGAAGGGGAGCGTGCCAAGCTGGTGCACATGGAAGAACGTCTGGGCGCCCGCGTAATCGGGCAGAAACAGGCCGTTAAGGCCGTATCCGACGCCGTGAGGCGCGCCCGCGCCGGGTTGCAGGATGAAAACAGGCCCATTGGCTCTTTCCTGTTCCTGGGACCCACCGGCGTCGGCAAGACGGAGCTCAGCAAGGCACTGGCGGAATTCCTTTTTGACAATGAAAACGCCATCGTCCGCATTGACATGTCCGAATACATGGAAAAACATTCTGTTGCGCGCCTCATCGGGGCGCCTCCCGGATACGTGGGGTATGAAGAAGGCGGTCAGCTCTCTGAGGCCGTGCGGCGCCGTCCGTACTGCGTGGTTCTCTTCGATGAAATTGAAAAGGCCCACCCGGACGTCTTCAACGTATTGCTCCAGGTATTGGACGACGGCCGTATTACGGACGGCCAGGGGCGTACGGTTGACTTCCGCAACACGGTCATCATCATGACCTCCAACATCGGCAGCCAGTATATCCTCAATGAAGCCAATGCGGAACAGCGGGAAGCCAAGGCCCTGGAGGCGTTGCGAGGCCACTTCCGTCCGGAATTCCTGAACCGCATTGATGAAATCATCATCTTTGACCGGCTCACGGCGCAGGAACTCAAGGGCATTGTGGACATTCAGCTTCAGCGTGTCCGCAGGCGCCTGGAAGCCAAAGGCCTGTTTTTGCGCATGACTCCGGAAGCTACGGCTCTGGTGGCGGATCACGGTTTTGATCCTGTTTATGGAGCCCGGCCTCTCAAGCGGGCCATCCAGCATGATCTTCTGGACCCGCTCAGCCTTAAACTTCTGGAAGGGGACTTCCCGGAAGGAACGGAAATCGTGGTGCGGGAAAAAGGCGGCAAATTGGACTTCACCAAGGAGAAAAAATAACTGAAAAGCATGCTTGCCGGCGTGTTGCCGGGAGCGGACAGGGGCGCGGCGTTAGCTGCGTCCCTGTTTATTGCTCCAATGGTGCGGAAAGGCCGCGTATGGAATCTGCGCACTCCTATTTCTTCTTCTCGGAATAGGCACGGTTTCCGTTCAAATCTGCGCTGAGACGGAATATTCCGGCATAACGAAGTAGAAATTGTGGAAAGAACTCGGCATATCAGGGCTGCCTTCATCAGTTTGGGAACCCGGCTACGGAATCGAGGCTTCCTTGCAAGTGGCGGAGATTGTCTGAGTTTTTCTCGAAGAAAGGTAGGGTACAAGAGCAGGGAAGAGAGGGACGTTCAAAAAAAGATGCGGTGGAAAGAGGCAGTATGACAAAAGCATATACTGTTCATGATATGTAGGTTATGTGGGTATTGAGGGGGTGGCGGGAATAAGCGGACGCAAAAAAGAGCACGAAAAAAATTGACAAAAAGGTGTGGTATGATAGATTTCTCGGCACGCCAACACGGCGACGGGATGAAAAGCCCGGCGGCTGAAGGGCTCGGAAGAGCGCTGGAAGCGGCTGGAGCCGGCCACCCGGAGAAAACCCCGGAAGGGGTTGCGATAAGAAGATTTCAAGGGAATGACTACCGAAACCGCCGAGGGTTTTCCGAGGGTGCCGAGAGGTGTCTGAGGGGTAAAAGCCCGAAGGAGCGACCTAGCTCTGAGAGGGGTGGTTTGGTAGAAGCAAGGGGAAAGAAAAAAGGTCGTGACGCGCGCCGTGCGAGGCAGAGCGAAGAGGCCTTCAAGAGACACAACTTGGAGGAAGAGCTGGCTGAAGCATGGCGCAAATGAAATCGCAAGATTCCATTTGGTCCAGCAATTTCAAAAATTAATTTGATGGAGAGTTTGATTCTGGCTCAGAACGAACGCTGGCGGCGTGGATAAGACATGCAAGTCGAACGAGAGAATTGCTAGCTTGCTAATAATTCTCTAGTGGCGCACGGGTGAGTAACACGTGAGTAACCTGCCCCGAGAGCGGGATAGCCCTGGGAAACTGGGATTAATACCGCATAGTATCGAAAGATTAAAGCAGCAATGCGCTTGGGGATGGGCTCGCGGCCTATTAGTTAGTTGGTGAGGTAACGGCTCACCAAGGCGATGACGGGTAGCCGGTCTGAGAGGATGTCCGGCCACACTGGAACTGAGACACGGTCCAGACACCTACGGGTGGCAGCAGTCGAGAATCATTCACAATGGGGGAAACCCTGATGGTGCGACGCCGCGTGGGGGAATGAAGGTCTTCGGATTGTAAACCCCTGTCATGTGGGAGCAAATTAAAAAGATAGTACCACAAGAGGAAGAGACGGCTAACTCTGTGCCAGCAGCCGCGGTAATACAGAGGTCTCAAGCGTTGTTCGGAATCACTGGGCGTAAAGCGTGCGTAGGCTGTTTCGTAAGTCGTGTGTGAAAGGCGCGGGCTCAACCCGCGGACGGCACATGATACTGCGAGACTAGAGTAATGGAGGGGGAACCGGAATTCTCGGTGTAGCAGTGAAATGCGTAGATATCGAGAGGAACACTCGTGGCGAAGGCGGGTTCCTGGACATTAACTGACGCTGAGGCACGAAGGCCAGGGGAGCGAAAGGGATTAGATACCCCTGTAGTCCTGGCAGTAAACGGTGCACGCTTGGTGTGCGGGGAATCGACCCCCTGCGTGCCGGAGCTAACGCGTTAAGCGTGCCGCCTGGGGAGTACGGTCGCAAGATTAAAACTCAAAGAAATTGACGGGGACCCGCACAAGCGGTGGAGTATGTGGCTTAATTCGATGCAACGCGAAGAACCTTACCTGGGCTTGACATGTAATGAACAACATGTGAAAGCATGCGACTCTTCGGAGGCGTTACACAGGTGCTGCATGGCCGTCGTCAGCTCGTGTCGTGAGATGTTTGGTTAAGTCCAGCAACGAGCGCAACCCCTGTTGCCAGTTACCAGCACGTGAAGGTGGGGACTCTGGCGAGACTGCCCAGATCAACTGGGAGGAAGGTGGGGACGACGTCAGGTCAGTATGGCCCTTATGCCCAGGGCTGCACACGTACTACAATGCCCAGTACAGAGGGGGCCGAAGCCGCGAGGCGGAGGAAATCCTAAAAACTGGGCCCAGTTCGGACTGTAGGCTGCAACCCGCCTACACGAAGCCGGAATCGCTAGTAATGGCGCATCAGCTACGGCGCCGTGAATACGTTCCCGGGTCTTGTACACACCGCCCGTCACATCATGGAAGCCGGTCGCACCCGAAGTATCTGAAGCCAACCGCAAGGAGGCAGGGTCCTAAGGTGAGACTGGTAACTGGGATGAAGTCGTAACAAGGTAGCCGTAGGGGAACCTGCGGCTGGATCACCTCCTTTCTATGGAGCAAGTGCACGGAAGTGCACAGGTCGGATCTCTTCCCGAGGGGAGAGAAAGCGGAACCCGCGAGGGCCCGCAACGAACCAAAGATGTGTAAACAGCCAGACGCCTGGAGCGAAACCTG
NZ_CP071807.1_gap38	998381	1002180	3799	CGTGATGGTGAGGCCGAAGATGTCTTTAATTTGCGTGGAAAAGATTACCACGGCGATGCCGGAGGTGAACCCTGTGGTGACAGGGAATGGAATAAAGCGGATGAGCGCCCCCATGCGGCAGAACCCAAAGATGATGAGGAAGAGGCCCGCCATCAATGTGCAGACCAGCAGACCGGATGCGTGGTATTGCTCCAGGACGCCCATGATAATGATCACGAAGGCTCCGGTGGGGCCGCCTATTTGATATTTGCTTCCGCTGAACAGGGAGATGAGGAACCCGGCCACAATGGCGGTGATGAGGCCCTGGGTTGGGGAGAGTCCGCATGCGATGGCAAAGGCCATGGCCAGCGGAATGGCTACTACACCGACGGTCAGTCCCGCAAAAAGGTCCGCCAGAAAGGTTTGTTTGGTATAAGTTTTGAGAGAGGAAAGAAGAGCAGGTTTGAACATGGCTGCCGGGATGGTTGGCCGGCTGCGGTGGAGGCCGCCGCCGGCGGGGTTGAAGCGTCCCCTTCCTGCACCCGGAGGCGCCCCGCGGAGACGGACGGCAGGCTCTCTTCGTTCCCGTCCGCCTCCGCAGGCGGCGTTACTTGGAAAGGATGCCTTCCCAGTAGGCGATGCGGCGGCGGGTGTTGTCGGAATTGGGAGCCCCCGGGTTGGTACGCTGGGCGAAGGCTTTTGTCAATTCAAATACGTCGCGCGCGTCTGTTCCATATGCATTTGAAATGGAGGCGAATTGTTCGTCGCTCAGCTTGTTGAGCGGCGTACCCGTGGAGATGCTCATGGCGACTGCCTTCCCGACCAGCTCATGGGCCTTCCGGAAGGGGACCCCGCGGCGCACCAGATAATCCGCCAGGTCCGTGGCCAGCAGCATGGGGTCGGACGCCGCTTCCCTGGCCCTGGCCGTGTTCACCGTCATGGCGGCTATCATTTCCGCATTGACGTCCAGGGCCAGTTTAACCGTATCAATGGAATCGAACAGGGGTTCCTTGTCTTCCTGGAGGTCGCGGTTGTAAGTCAGGGGAAGCCCTTTGACAGCCACCATAACGGCGGTGAGGTTACCGTACAGCCGCCCCGTTTTTCCGCGTGTGAGTTCCGCGACGTCCGGATTTTTTTTCTGGGGCATCAGGGATGAACCTGTCGTATGGGCGTCGGACAAGGAAGCGAAGCCGAATTCCGCCGTGCACCACAGGATGACGTCCTCGCTCATGCGGGAGAGATGGGCTCCGACCACGGCCAGGTCAAAAAGGATTTCCATGATGTAATCCCGGTCGGCAATCGCATCCATGGAGTTTTCTGTAACTGCGTCAAAACCCAGTTCCACGGCAATTCCGTGGCGGTCCAGGCAGATGGTGGAACCGGCGATGGCTCCGGAACCGAGCGGGGAGACGTTCAGGCGCCTGCGGCAGTCCTTGAGGCGGTCCGCATCCCGGTCCAGCATTTCCACGTAAGCCAGCAGGTGATGGCCCATGGTGACGGGCTGGGCGCGCTGCAGGTGAGTATAGCCCGGCATCATGGCATCCGCGTATTCCTTCGCCTTCATGACCAGCGCGCGCTGCAGATGGCGCACTTTTCCCAGAATTTCATCGATTTCCGCCCGGCAGTAAAGCCGCGTGTCCGTAGCTACCTGGTCATTGCGGGAGCGTGCGGTATGCAGCTTGGCGCCCGGAGCGCCGATGCGCCGGGTGAGTTCGCTTTCAATGTTCATGTGCACGTCCTCCAGTTCCCGGCTCCACGAGAAGTTGCCTGCTTCAATGTCTTTCAGGATGTCTTTCAGGCCGGATTCAATGGCGTTGAATTCTTCCTGCGAAAGCAGGCCAGCCTTGAGCTGGGCCCGCGCATGGGCGATGGATCCGGCAATGTCCTGGCGGAAAAGCCTCCAGTCGTAGGAGACGGATTCGCCGTAGCGTTGAACCAGATCAGCGGTGGGTTTAGAAAATCTGCCTTTCCACATGACCCACATGTTGTGCCCCAGGAGCTTCCGTTTTGAAAGCCTGAAATGGGTAATGGAGGCAGATTCCGCGGAACTGGGAAAAATCCGCATGCCTGGAAAACCGGAGTGGAGCCGGAAAAGAGAGAAACGGAGCATGGCTGTCTTTTCCCTGTGGCGGACGGGGGCGGATATGTTATTACGATGCCGTGCGTATGGATGATGAAATGCCTCTGAAACGGGAAGATTTGCGGAAACGCGCGGAGGAAAAGGCGGCGGAACTGGCTGCAGAGGGGATGGAACTGCGCCCCATAACGGTTTCCGGGCGTACCCTGGCGAAAAGGTTCTGGGGGAAGGAATGGATGAAGAGCCTGTCTGCGTGCGAGGTGTACGGGATGCGGCTGGCCCCCGGCCGGACCTACCTGCGCTATGGCTGTGTTCTGGACCTTAAAACGGTTCCCGGCCGCATCGATGCTCTGGTGATGGGTGAACATTTGTATGAGGTTTGCATCCAGGTCTCCCCCCCGGATGAAGAGGCGCTTGCCCGGCTGCGCGCACGATGCGCCGGGCAGATTGGTTCCTGGATTGATCTGCTGAAAGGGAATTTGTCTCCCGAGCTGCTGGAAATCCTGTGCGCTCCGGAAGGCGGCCTGTTTCCCGCGCCGGAAGAGTGGCGTTTTTCCTGTTCCTGTCCGGATTGGGCGGATTTGTGCAAGCATGCGGCCGCAGTCCTGTACGCTTTCGGCGTGATGCTGGATAAGCAGCCGGAGTTGTTGTTCACCCTGCGCGGAATGGATTCCTCCGTTTTGATTCCGAAAGCTCCGGAACCCGTTCCCGGAGGAGAAGACGCACTGGATGTGGATTCCAGTTCCCTTTCGGATATATTCGGCATCAGCCTGGATTGATTATTGCCGCCGTGATTGTGGCTTTGTTCCGGTTTTGAATAGCCAGGAGGGAAGGGGATGGCCGTCCTTTTTCATGAACTGGCGGCGGATGAGAGCGTCCGGGCAGTCAGGCGTGCCGTTGGCCGTCTGCCAATGTTTCCGCATGATGCTCGCCCGGGTGGAGAATGTTCCCGCTTTTTCCATGATGCATTGCAGGTTCGGGAGGGCGGAAAAAACGAGATAAAGAACCAGGAGGGTCCGGTATTTCACGCCTCCCCGGCGGAGGGCCCGGAGAAAGAGCAGGGAAAGGAAGGGATAGAGGACGGCCGGAGCTTTAAAGAGAAGTTCATTGTTCATGATGCCCGTGCGGAAAAAGAGACTGCCTGCCATCATGCCCAGCGTGATGTAGTACAACGGGTTTTTCCGGCATTTTGGGAAGAGGAGCGCCCCCGGCAGCAGGATCCCCAGGGCCAGGGCCAGCAGGAAGCTGGCGTATTTGGCGGAACCGGGATGGAGCAGAAGCCGCTGCTGCCCGTAATGGTAGATTTCCGCATATTTTGCGTCAAACAGGCAGGAAAATTGCCCTCCTCCGTCCAAATGGGAATAAAAGACGGCCATGACGGCCGTGCACAGGGCCGCGAGCCAGAAAACCGGCTGGCCCAGAAGGGAACGGAGACGGGAAAGAGGTTTCCGTGCCGACGAGCGGCGGAACAGGGTTTCATACGCCATATACGGAAGGAGCAGAAGGGCGCCCAGCGGGGAGGACGGCAGCAGAAGCGTTCCCGCGAGATAATACCCGGAGGGAGGCAGGGAGCGCGTCAGGACGAATACGGCGCACAATAGCGCCGGAACGGCGTGATTGAATGTGTTGAAGAGTTGGACGGGCATGCCGATAAACAGGACCATCTGGGCATTGTATTCCGCAAACAGGGAGGAGAGGGGAATTCCCAGGCAGTCCGGCACCGCTGCCGGAGAGCCGAGGCAG
NZ_CP071807.1_gap39	1124403	1125255	852	AAAGTATATCGGCTTTGTGGACCCGGACGACGTGGTGGAGCGGAATATGTTCCGGCGCCTGTTTGATGCGGCCGTGGAAAAAGATGCGGACGTAGCGGTGTGCGGATACCATGAGTTCTGCGACCGCGGAGGCATGGATATGCCTGAAAGCGGCTGGTCGCCGTCAGCCGGGTTTTTCCCGGAAGAAAAAGCGGAGCGGTTCCGGCGGGGGACGCCCTGGAGCCGGTGCGCGGGAACGGTGTGGAATAAGCTGATCCGCAGGGAGCTGCTGGAAGAAAACGGTGTGCGTTTCGTTCCCGGATTGCGCCAGGGGGAGGATTTGTATTTCTGTCTGATGCTGTTGACTGTTGCTCCGCGGCTCCTGATCCTTCCCGACCGTTTGTACCATTACCGGAGGGAACGCCCCGGTTCCGCCTCCTGCGGGCGGGATCCCCGCCTGGGGGATTTCCGCATGGATTTGATGGGCATGGAATCTCTGGCGCGTTTCTGGGGGGAGCGGGGGCTCCTTGATTCTCCCGCCGCCTTCGGTCTGGTGGACTACTGCATGGAGTTGATGCGCAGGCATTTCATCATGAAAGAGGGAGCTTTTTTCAAAGCGTCTCCGGAAGACCGGGAAGTTCTGCTTTCCGGCTGGAAAAAGTGGCTGGAGCTGGTGGGCGCGGAGAACGTCCTTCCCCGTCTGGACCGGTGGGACCGGGCTTTTTGCCGCCTTCTGCTGGATTGCCCCCTGCGGAGCAATTTTTTCTCTGCCCTGCATTCCCGCCTGATGTCGTCCCGCAAGGGGCGCCGGGGGGCTTACTATACCCTGAAAAGGCACCTGATGAAGTGAAAAGGGGAAATTTTCTCCCCCCT
NZ_CP071807.1_gap40	1324480	1326146	1666	GGGCGGTGTCCCGATATTAGATGTGACGATTCGTTCACATTTCCCCGCCCGGGAGGCGGTTCCGGACAGTTAAAGCCTCTTCTTATGCAAACATACTGTAACGGAAGCGTTTCCGTTTTGCAAGGCTGGCCCAGATTCAACTTCTCTTCCCTGCGTCATGTGATACACTTGCCCCGCAACAGTTGTATTGTTATGCGAAGCGATAGAGTTAAAGCAGGGTTCGAGCGTGCGCCGCACCGCAGTTTGATGCGTGCCACCGGAATGACGGATGAGGATTTAAGCCGTCCTTTCATTGCCATTTGCAATTCTTTTAATGAAGTGATTCCGGGCCATGTCCACCTGAACAGGGTGGCCGCCCTCATCAAGGAGGAGGTACGCAAGGCCGGAGGAACTCCCGTGGAATTCAACCTTCCCGGCGTTTGTGACGGCATTGCCATGGGCCACGGCGGCATGAAGTTTTCCCTGGCCAGCCGTGAGCTGATCGCGGACAGCGTAGAGACGATGCTGAGCGCCCATGCGTTTGATGCTATGATCTGCATCCCTAATTGCGACAAGATTGTTCCCGGCATGATTATGGGCGCCCTGCGCTGCAATATTCCCACTATTTTCTGCAGCGGCGGTCCGATGGCCGCCGGCATGGCGGAGGACGGCACGGTGCTGGACCTGAACAGCGTGTTTGAGGCTGTCGCCCGCTTTAAGGCAGGCAAGATTAATGAGGAGGAACTTCATTCCCTGGAATGCCGCGCCTGCCCCGGCGCCGGTTCCTGCTCCGGCATGTTTACAGCCAATTCCATGAATTGCCTGAGCGAGGTGATCGGCCTGGCCCTTCCCGGCAACGGTTCCCTGCTGGCTACTTCAGAGGAACGAAAGGAGTTCTGGAAGCAGACTGCCCGCCGCGCCGTGGAGATGGCGAAGGCGGACGGCCCCCTGCCGCGAGACATCGTAACCCGTGACGCTATCGACAATGCTTTCACAATTGATATGGCCATGGGCGGCAGTTCCAATACCGTGCTCCATACGCTGGCTATCGCCAGGGAAGCCGGCGTGGAGTATGACCTCCAGCGCATCAATGATATTTCTAGGCGAACCCCGAATATTTGCAAGGTGGCTCCTTCCTCCCGCTTCCACATGCAGGATGTTCTGCGTGCAGGCGGGGTGAGTGCCATCATTCATGAAATTGCCAGAATTCCCGGAGCCCTTCATCTGGACGCCATGACCGTCAGCGGGAAAACGCTGGGTGAAACAGTGGAGGGATGCGGCATTGCGGATGAAACCGTGATTCATCCGTTGGAAAATGCCTATTCCCGTGATGGCGGCCTGGCGATTCTGTTCGGCAATCTGGCTGAGGAGGGCGCTGTGGTGAAAAAGGCGGGTGTGCATCCGAATATGATGAGTTTCCGCGGGCCCGCCGTGATTTTCGAGTCTCAGGAAGAGGCCTGCGAAGGCATCCTTGCCGGGAAGGTGAAATCAGGCGATGTGGTTGTCATACGCAATGAAGGCCCCAAGGGCGGCCCCGGCATGCAGGAAATGCTGGCTCCCACTTCCTATATTATGGGGCAGGGCCTTGGCGCGGAAGTGGCGCTTATTACGGACGGCCGTTTTTCCGGAGCCACGCACGGAGCCTGTATTGGCCATATTTCCCCGGAAGCGGCGGAAGGCGGCCTGA
NZ_CP071807.1_gap41	1344891	1348342	3451	TTCTTAAGCATCCAGTCCAGACCCTTGCGGGCGGCGCTGTCCGAACCGTTGCCGCACATTTGAAGGGAAAGAACGCCTACGCCCACCAGGGAGGGACGTGCTGCGGCGTCTTCCCTGCCTTCCTGCATGTAGGTGAAGAGGCCGTCGGGCTTGCCGCATTTCCGGCAATAGGCCGCGGCTTTGCGCAGGGCCGTGCGTATTTCGCCTTTGGAGGGGCGGATGCCGCCATGTTCGGCGGCCTTGAGGGCCTGTACGTTCCATCCGGTGACGGAAAGGTCCGTATGAGCGCCCGCCTTCGTGTTGTAATTGTAGGCCCAGCCGCCGTCGGTATTTTGATTGTCCACAATCTTATCAACGGCCTTTATGACGACTTTTTCCAGATTGGAGATAGAGGGGATGTCCATCTGCTTGCAGAAGGTGTAGGCTTCGCACAGGGCATAGGTGGCTACCGCGTGGTCATAGCTGACTTCGTTCCTCTGGGGAACCAGGGAGAGAACGGGATTTTTCATGCCCTGATCCACCAGGAAAGAGATGCCCTTCAGGACAGTTTCCCCGAATTCTTCGGAAAGAGGCGTTTCGCAGTGGGCCAGGTAGGAGAGGAGAGCCATCCCTGTCATGGCGCATTTGTAATTATGGGGAGCCCCGCCCCAGGAACCGTCTTTATTCTGCTGTTTTTTCAGCCAGCGGAGGGATTTGACTACAGCTTCCTCACACTGCGGGGTGCCCCCGTTTTCCGTAATGCGCTTCATGCGGTCGTTCAAATCGCAGCGCTTGGAGATGATGCCGGGAATGCCTCCCCCGTCTCCGTCGCCCGTGCCGGTGCCGAAGCCGTCGCCGATATCGATGCCCATGGAGAGTTCTTCCGAGGGGACGTCCACCTCAATATCCGGGTTGACCACCGCGACGTCCGCCGTGGCGACAGCGGCGATGACCTTCACCTGCGCGGAGGTGGAGGAACTGCTGGGGCGCTGGGTGGTCTGGGTAACTTCCGGCGTGTCGATGTCCGGGTTGTCGCCTTCCTGGGTGGCGTAGGCGACCATGGGGGGATCTTCCGGAACGGCCACGATGATGTGCACCAGGTAGAGGAGGAGGCCCATGAGGGCGATGCCGAGGAAGGAGACGGAAATGGCGGCGGTTAGTGTCTTGGTCCGCTGCTTCTTCAATTCCGCAAGGGCATTTTCAGTACTTTCAATATGCAGACTCATACAATATGTGAAGCTTCCTGAGGATAGTAGAATGTTTTCCCGGTTGAGGCGAGTCCAAAAATTTTGATGGTTTATAGGGTGGTAAATGACCAGATATGAACAAAATGGAATTTTATAATGAACGGCTTATATTGATTGCGTCATATATCCGATGGGAGTCCAGACATTTCCGTAGCGGGAGCGCCTGCCGGGACACGGGCTGTGTTCCTGGTTTGTCGGAGGGGAATGAAAAAGGCTTTTTGAAGCCGGGAAGGAGAAACAACACGCCGGGAACAGTTTGCCTTTGAGTGTTTTTTAGCTGTGGCCGGCAGAGGAAGAGAGGGCGGTTCCGGGAGAGGAGTGTACGAAGAAATTTGAAAAAACAAGCCCTGCCATGGAGGGCATGGCAGGGCGGAAAAGAGGGTGGCCTTTTGCGGGTAGAGGCATTAATAGTGGCCGCGGCGCGGGCCGGTCATCCACTTCCATGCGGTTTCCACAATGGCCCCGGCATCCTTGCACCTGGCTTCCCAGCCGAGGATTTCCTTGGCTTTCTTCGGGTTGGCAATCAGGCGGGGCGGGTCGCCTTCACGGCGCGGGCCGTAGCGGACGGGAATTTTTTTGCCGGTGACTTTTTCAGCCGTTTCCAGGATTTCCCGGACGGAAAGTCCCAGGCCGGTTCCGAGGTTGAAGCATTCTGTGGCCCCGCCTTTCATCAGGTAGTCCACCGCTTTTAAGTGGGCGTCCGCCAGGTCGTTGACGTGGATGTAGTCGCGGATGCAGGTGCCGTCCGGCGTGTCGTAATCCGTTCCGAAGACTTCGATGTATTCCTTTTCCCCAGTCAGCGTGAGCAGGATGTTGGGGATAAGGTGGGTTTCTGGTTCGTGGTCTTCACCAATCAAGCCGTCCTCGCTGCAGCCTGAGGCATTAAAATAGCGCAGAAAAACGCTTTTGAGACCCCAGGCGCGGTCGCAGTCCCTGCAAACTTTTTCCAGCATGTACTTGGAACTCCCGTAAGGATTGATAGGATCCTGCTTTTCCGTTTCCGGGATAGGGATCTGGGTGGGAACGCCATACGTGGCGCAGGTGGAGGAGAAAACAAAGCGCTTGACGCCGGCGGCTTGCATGGCGCCCAGAAGGACGAGGGGCCTGGCGATGTTGTTCATGTAGTACTTGAGGGGGTTCTGGACGGATTCCCCCACATTGATGAAGGCGGCAAAGTGAATCACGGCGTCAAAGTTGCCCTTCATCAGGAGAGGATATACCACGGAGGCATCTCCCAAATCCCCTTTGACCAGTTTCACTTCCGGGTCCACGAGGGCTCCCGCGTGGCCGTACACCATGTTGTCCAGCACGGTCACGTCTGCGCCGGTTTTGACGAGCTGGCGTACCGTGTGGGAACCAATATATCCGGCTCCGCCGGTTACAAGTACTTTCATGATTTTATCAAATTTGCTGTTGAGCCGGTTTAACTTTTTCTCCGGCAAAGGCGTCCGGACATTTTGGAGTCTGCGGAACCTTCCGGTTCACTGCAGGCTGAATCCCTGTTCCAGACGCCTGTAAAAGTGACATGTTTTCCCCTTTTTGTCAATTTGCGATATATCTTGCCGCCGTCTCTCCGTTCTTTGCCTGCGGCGGTTGGAGCTTCTCCGTTTTCATGCCGGAAACTGCCCCGCTTTTTACTGGCTCCTGACAGGCATTTTTGCGAACATCACTTCATTATGAAACCGTCCGAGATCAGGAATGTTCTGGAAGACCATGAAGTGCGCCCCAGCAAGTCCCTGGGGCAGAATTTCCTGACGGATGAAAATGTGGCCCGCTGGATTGTGGAGCAGCTCGAAATCCGGCCGCAGGATTGCGTGGTGGAGGTAGGGCCTGGAACCGGCTCCCTGACGGAACATGCCGCACCCCTTTGCCGCAAACTGGTTCTGGTGGAATTTGATTCCCGTCTGGCGGAGTACCAGAAAGAGCGCTGGGCCGGTGATCCCCATGTGGAGGTTCACCATGCAGACGGCGCTTCCTGGGATCCGCGGGGGCTGTTTGCGGAGGCCCCTGTCAAATTCCTTGGCAATCTTCCCTATTCCGCGGGGGGAGCCATCCTCCAGAATTTCCTGTCCAGGCCCAGTGCTGTGGAACGTGCCGTGGTGATGCTTCAGAAGGAGTTTATCGACCGCATTCTGGCGACGCCGGATGATGATGCCTTCGGGCTGTTGTCCCTGCGCATCCAGAAAAACTGGATTCCCCGTGCCCTCAAAACCATTCCGCCGGAA
NZ_CP071807.1_gap42	1358427	1360035	1608	CACGAAGCCGGCTTATAAGATGCTGTTTTTGTACGTAATGAATCCGGATAAAGCCTGTTTGGACAAGGAGCTTCTGAAAAGGGCCGGGATAGGGAATGAGGCGGAAGCCAGGTCGGATTTGAGAAAAGTTCTTGTGGAAAGGCTGCCCCAGCTAGCGGAAAGAGACCCGTTTGCCAAGAAAAGGGAGAAGTCAAGGCAGGGCATGTACCGCCGGTTCCAGGTAGTGCCCTGTAAATCTTATATCCGTCCTTTGGAACTGATGCTTTCGCTTGAAAGGAAGCCGGAAAGGCACAGGTAGGAGGGCAGGCGGTTATAGACCCTCCCCATGAGCGGCTAGCTGGATGAGCTTATTCGTCCAGCTAGCCGCTTTCTTTTGGTAAATATATGAATTTCAAATAATAATGATGATGTGAAAGTGGGGTGTTTTTCGCTAGCTGGATAAGTCCGCACAGGGTTGGTGAATATGCACGAAAAGCAATCACCATCCTTGTTGGAAACCGTGGAAAACCACGCCTTATATCTCGCTCAGCGCCTCCGTTCAAAAGCAAAATCCATCGGATTTCAGATACCTGAGGAAGAGTATCTGGATGTCCTTCAACGGTTCAGAATCCGATGTTGGGAAATTTGCCGCCGTTACCGGAAAGGCGGCGCCGCCGGCATGAAAACATACCTGGGCAATGCAACCGTTTTTGAGCCGGAACGCTATTTGCGCGAGAGGAACCGGAAGAAGAGGCTGCTGCTGCGGGAAGCCCGTCCTCTTGAATATGAGAATGGCCGGGAAATTGATGCTGATGAGCATTCGGAATTCCTTTCCGGGCTGATGTTCCGGGAAGAATTCGCGCGGGAAATGGAATCTCTGGAGCCGCTGGAAAGGGCGCTGGTTGAGGCATTGATTGACGCTGAAGGGAATTTGTCACGGGCTGCCAGAAGCATTCGTCTGGAGGAAAGCAGAGCGCGCCGAATCAGGAAGCGCCTCCGGGAGGAAAAATTCACTTTTTTAAGAAATGGGCGGCGAATTTCCGGAAACGCGGCAAGCAATCATAGTGAAGGCAGATGAACGTTCTTTCTTTTCTGGCGCATGCCCTGTCCGGGACAGCTTCGTGAAGAGCCGTTTATTCACTTTATCAAGAACCATAAGTATTTGAAAAACAAAATGATGAATACAACAAAAACATGCGGGAATTCCAGTTCCCGGCCTCAGCGTTCGGAAAATTCCCTTTCCTGTCCCGTGGCGGATGCCGCGGCAGGCCCCTCTCATGAACCCCTGCTTCCCGTAGGCACGGTTACCGGAGATATCAGGAACAACGACATTGTCCTTCCCCGCCTGAACATTGTTCAAAGCGTAGGCGCCCTTTCCGGGATATTTCCCCCCGGCAGTATCATCCTCAACAGGGAGGTTGTTCTTTCCGACGGAAGCGTTCCTCTGGAGCTTTCCGTGCTTTCCGCACGCAAGCAGTTTATTGAAAAACTCCCCTTTGATTCCGTGGAGAAGCCGGCCGTCTTCAATTCTCTGGAAGAAGTAATAGCCTCCGGAGGCACGGTCGGCAGAGAGCCGGGAAACCGGCCTTCTTTCGCTCCCGTTCTGCATGTGCAGGCGCTTTTCAAGGC
NZ_CP071807.1_gap43	1381631	1382230	599	CAGCTGCTGATGACGCGCGGCACGTTGACGACGTTTTCCATTGCCAATGACGTCGCCAAGTACTTCGCGATTGTGCCTGCGCTGTTCATGATTGCGATTCCAGAACTTGCTGCGCTGAATATCATGCATCTGCATAGTCCGGAAAGTGCCATCCTGTCTGCGATTATTTTCAATGCAATCATTATCCCCATCCTGATTCCTCTGGCCTTGAGGGGCGTGGCGTACAAGCCCATTGGAGCCAGCGCTCTGCTGCTTCGCAACATCCTGATTTACGGAGTGGGCGGTCTGATTGCTCCCTTCATCGGAATCAAACTGATTGATATGGCTGTCGGCCTGTTTTTTTAACTGAAATAAATATATTGTTATGAGAAATTTAGTGAAATCATTGCGTCTTACACTTGTCTTTTGCGTCTTTTTCTCCATATGCTACATCCTGGTGCTGTGGATATTCGGATTGATTGTCGGCCCTGGCGGAGGAAATGCGGAAACCCTGGTTTTGAACGGGCGCGTGGTAGGCGCCGCCAATGTCGGGCAGCAATTCACGAAGGATATTTATTTCTGGGGCCGTCCGTCCCATGCGGGCGACGGTTATGACGCGT
NZ_CP071807.1_gap44	1383547	1387514	3967	TCCGAAAAGCATACCGGATTTCCTCGCGTTACAGTACGTCGTTTATCGCCCTTTACGTCCAGACGCCAAGGGAGTCCCCCGACCGCATCAATCTGGCGTCCCAGCGCCATTTGCTTAATCATTTCAAGCTGGTGGCCGAACTGGGAGGGACGGTGAAGCAGGTGAGTGCGGAAGACATACCCCAGGCGATCATCGCAACGTGCAGGGAATATCATATTACGGCTATTTGCATGGGGCATCCCGCATTCAAAATGCCCGGAGCCATGTTCAAGATACTGGGATATAAACAATTTCTGCGTGTCTTGTCGGAGATGAAGATAGATTTAATCATCATTGCATAAAAAACAGAGGTAAATTTGAAAATAAGGCCGGAGCCGGTTCTTTTCACAGGAAGCAGGCGATGAGATTATCATGCTTGTCTTCCCTGAGCGGAACGGATTGTTGCCGGCAGTTTCCATTATAGCCTCCCCGGGGGCGTTTTCCGTTACCATTCCCGGGCGGGGCGGCCCCTTTTATTTTTTTCCGTCTGGTTGTCTGAAAAACAGTCCAATGTTCCGGTCCGCCGCATCTCCGGCAGCACCTTTGTTGAAAAAGAATGTAGAATTCCCGGAGGAGCAGCATTCTTAAAAGTGAAACGATAACGTTCCGTCTTCCATAGAGGAGCGGCGGTTATCATAAACAGAAGGAACAGTTATGAGCATCAATTTGCAAAAAGTCATTATAGCCGTATGTGCGGCCGCAACGGTCAGTGCGGGATTCGCAGCCCGCACCGAGGGGGCCAAACTGCACCGATTCAGCACTACTATCGAAAAAGAGAGGCCGCAGTTGAATGAAGAAACGAAACGGTTGATTGCTTCCTATCGCCGGGACCCGTCCGAGGCTAATCGGTCGGCTTTGAGGAAACAGGTCGGGATTAATTACGACAAGGTCCTTGACCGAAAAAAGGCGAAGCTTGAAGAATTGAAACGAACGGCCCGGCATGCGTCCAAGATACAGGAAATGCAGGAGATCGTGGATGAAATGGTTCAAAACAGGGAAGCGCGCATCGACCAAAGCATGCGGCGTTTCAGTGATCCGCGATTCAGACCAGGTGCCCGCTATGCAGATGGCGGGTATTTGCCGGTGCTCGGAGCTTCCTGGAATGTATCAATTGCATATACTCCGGTTACCAATGAGGATTATGCCCAATTCCTGAAGGCAACGGGAAGGAAGGCTCCTAAGGATTGGGATAATGGCGCCATGCCTGCCGGCAAAGGGAGGCATCCCGTGGTGAATGTTTCCTATGACGACGCTTCTGCCTATTGCCAATGGTTGTCGCTCCAGGATAGGAAAGCCGTTTATCGCCTGCCGACTGAAGAGGAGTGGGAGTTTGCCGCCGGGCATATGCCCAAGGATGCGGATTTTAATTGCGGCGAGAGAAACGGGACATCTCCCGTGGACGCCCATGCCGCGACATCCGGCGCCTGCGGAGCGATTGATATGTGGGGCAATTGCTGGGAATGGACTTCTTCTTCAGTTGAAGTTTCCAAGGCCGTGGCACACGGTAAAACGGTCATGGCGGTGAAGGGAGGTTCCTGGCGTTCGCCGCGGACGAGCTGCCGAACTGAGCGGAAAGGAGAAGGAAGGGAATCTTCTTTCGCTTTCAGTGATGTCGGTTTCCGGGTCGTCCGCGAAGGTTGAGGGGGGATTCCATGCGTTTCAGTTTCTTACAGGCAATAGAATCTGGCTGGCAGACCTGATGGAAATTCCGGCCGAATTGGTAGATTTCCCTAAGGAACTGCATTCTTGAAAAGTGAAACGATACCGTTTCAGAAAAAATATCAACCCTCATTGATTATCATGAACAAGCTCATTATTCCTGCAATTATTGGAATATTCGGTCTGGCTCCCGGTACGGTTACTGCCAACGCGGCGGAATCAACAACAGCCTCCTTTTCTGTTCAAATACTGAAAAAGAAACCGGAGGCGTTGAAGTACGGCCTGAAACACGGCCTCAAGAAAGGTTTGAAACACGGTCTGAAAAAAGGCAGGATAAACGGCGGTAAAAAATAGTCGCCGTCATCTTATCTGCTGCCGGGCCTGCAGCCCGGCAGCGTTTTCCCATCAATAAGGACGTTTTATCACCTGTAGTGCGGAAACATATCTGACTTCCGTACAGCTTTGATACATTGCCCATCATGTCTTAAAAAGTCAACATATTGAGAAGAAAGGCGTTTTATGGTAAAATGGTTGTTGTGCGGAGCCGCCATGATTTCCGGCATCGTGATCGCGGCTGAGTCGGAAAATCGTTCATTCCAATTTGGAAATTTTGAGGTGATTGCTGTTCAGGATGCTCTTTCAGCGATGTGGGTCGAATTATTCCCGGGTATGTCGGAAGAGGAGTTCCTCCGCTTAACCGGAGGCGGGAGGGTTCCTTCTTCCGTGAATGTTTTCCTGTTGAAACGCGGCGACGGAAAAATCATTCTGGTGGACGCAGGGAACGGAGGAAAACGGGGCGGGATGCTTCGTAAACTTGAACAGAGCGGCGTTTTTCCGGAGAGCGTCGATTTCATTTTACTCACCCATATGCACGGCGACCACATCGGAGGATTGCTTGGGAAACATGGCGAAGCCGTTTTTTCCAGAGCCCTCGTCTATGTTTCCATGCCGGAATGGGAATTTTGGCAAAATGGTACGGTCGGACTACAGGGAAAACAGGTTCGGAAGGTGTTGCATGCTTACGGCAGCCGGGTGAGAACATTCCGGTTTGGAGAAGAAGTTCTGCCCGGCATCAAGGCTCTTGACGCTTCCGGGCATACACCCGGGCATACCGTTTTTGAGACTGATTCCCTGCTGATTGTCGGAGATTTGCTTCATGCTGCCGCGCTCCAGATTCCGCGTCCGGAGGTTTGCACGATTTACGATATGAATCCGTTCGGAGCGGTTCAGGCCCGGCGGCGCTTTTATGAGTTTGCGGCTTCTTCCTCGAAGCCGGTCGCCGGAATGCACCTGCCGTATCCCGGAATCGGCCGGATAGGAAGGAGTGCGGCGGGATATGTCTATCTGCCCGGAAAATGAGAAAGGATAAAAAAGACACGGTACAATGACGCAAGCAGAAACAGCATGCCCGGATGCCTGGGGAAGCCATTTCCTTGAATACCGGGGAAGGCTTCTTGCCCTGGCCCGGAGGAATTTGAATCCGGTTCTTGCCCGGCGCGTTTCGGCGGAAGATGTGGTTCAGGAGGCTCTGCTGGCAGCCTGCGGGAAAATGGCTTTTTTTGAAAACAATCCGGAGATTCCTGTCTATTTCAAACTGCGGACGATTCTGTTCCAGACCCTTACGGCTATGGAAAGGAAGCATCTGCAATGCCTCAAGAGAGACGCCTGCAGGGAAGTGAATGTGACGGATGACGGCGTGGGGCCCGCTGCCCGGTTGGATTGGAACCGGTTTGCAGATACCGTGACCGGGCCTCTTACCCGTGCCGTCAGGGCGGATCGTTATACATTGCTCCGGAAAGCGGTCGAGGCGCTGCCCGAAAACGATCGGCAGATTCTTGAACTCCGCCATTTTGACGACATGTCCAATGCGGATTGTGCCGAAGTCCTGCATATTGGGCCGAAAGCCGCAAGCATCCGCTATGTGCGGGCGCTGCAGCGGCTTCGGAAGCAGCTGATGGAGTTAACCGAGTTTCAGCCATGAAGGGGAAGATTTCTCTGGAAGATCTGGTTGAACAATTCCTGGATCAGTGCCGTTCCGGCAATGTTCCCGATATTCAGGATTTTGCCGGGGCGCATCCGGAGTTTGCTGCCGAGTTGCTGGCTCTTCTTCCGCTTGTGATGGAGATGGAAGATTGGAGCGTTGAAAAAAAACAGGGAATTATGCCTCCGGTTCACGATTTTCCCGATTTGGAGGGGGACGATTACCGGCTGATTCGGAGACTAGGCAGCGGCGGTATGGGGGTGGTATTTGAAGCGCTGCAATTGTCCC
NZ_CP071807.1_gap45	1399007	1400021	1014	TTCATTCCATTGGGGCGCCAGATGGAAATGGAGGGCATGGATTCATCCGGGGGAAGGCTCTGGATCTGCGCTTCCCATTGGCCGGAGAGAACATCTTCCTGGTCCAGGGGGATGATACGGCGCCCTTTCACCGCATGAATCTTCACCTGGGCTCCCGTTCCGATGGCGGAGAGCAGGCAAAATTGAAGCAGGCCCCGCGTGCGTGCCGCGCGCTCTTCGTGAAAAAACATGGATTCGGAAACATCTACCGCCACGTCTACCTGCGGTGACAGTTCCGCCCGGAAGATTTTCATGGTGAGCTGGCCGGTTCTGGCGTACGCCGCCCAATGGATATCCCGCGGGTCATCCCCCCACTGGTAGGAACGGCTTCCCTGGAAATCGATGGAGTTGCCTGCTCCCGTTCCCTCCCAATGGCCCTGTGTTCCTTTCCAGGCGCAGCAGGAAAAGGGCAGCCGGAGACGGCGCGCCGCCTGTTCGGCGTCCGGCTGGATCACCTGGCTGGGGAAGGGGAAAGAGGTCATGGGGATGGGGGGGAGGCAAAACGGCGGGCAAGAACTATTCCCGTTCCCGGCGGGAATTTCCCGGTTTCTGGAGAGGTTCGGGGGATGCGTTCCGGAATATGTCAAACCAGTGTTTGCTGGTGAGAGCCAGCACCGCTATTCCGGCAGCCAGGTCCATCAGGCTGAACAGGGAAAATTTGCTGAAAGCCGGCAATGTTTCTTGTCTCAAAAGTTCAGATAAATACCCTCCGGGGAGAAGGGGGACGGACAGATTCACGCCCCACAGCACGTTTTGCACCAGGCATAGGATGAGGCAGATCATGGTGTACGTCAGTAGGGTATTGTTTTTCAGTTTTTCCCAGAACGGTTTCAGAAGCATGGCCGGCATGGTGATGGCGTACCAGCCGCCTGCTGCGAGGCAAAAGAGCCGTTGAGGGGACTGGAATTCGGGGACGGATGCCATGCGGTCTATCAGATACACGGCGATAGCCGCCATGGCGCAGAGCAACAGGGT
NZ_CP071807.1_gap46	1410796	1414852	4056	CTGTGGCTGCTTGCCCGCTCGCCGCAGTTGAAGGATGACGAGCTTCAGCCGATGCTTCATTGCGCGGAAAAACTGGGGTATGATACTTCCCGGTTGATTTACGCCAATGTCCAGGCCTCTCCGGACAAATAACATGGGGCGGGCTTGAAGAAGCGGCGTGCCGTGAATATGGGATATTTCTGAAATGGGGAATGTGGAAAAGGTGGCTTTCCTCCTGCCAGGAAAAAATTTTTGGGCATGGGCCGGGCGTTCCTTTCCAGTGTTCCGCCGTGCGGGAATGTCATGCTTTTGAGTTATCCGGTGTGATTCTTCTTCCTGCATGGCTCCGGTTCCGTATTTTTCCGCTTTTTCCTGCCCCGTTCTTTCCGTTTTTTTGCAAAGAACAGGGAAAAACGCAGGCGCCTGCTTAAAATAGGCTTGCAATCATGAGAAGGATGGATATGTTGGCATTCATCCAAACATTGGATGTTTGGATGAATTACTTAAAGAAGGAGTAACAATGGATATTATTCATGACAACGCCGCTGATCTCAGCGCATTGAACGGCAAGACCGTTGCCGTGATCGGATATGGCGCCCAGGGGCGCGCTCAGGCACTTTGCATGCGTGATTCCGGTGTGAACGTGATTATCGGCGTTCGCCCCGGCAAGTCTTTTGACGCCGCCGCCCAGGATGGATTCCAGGTAATGAGCGTCGCGGAAGCCGCCGAAAAAGCGGACATCATTCACATTCTGCTGCCGGATGAAAGCCACGGCGCCGTGTATGAAGCTGAAATCAAGCCTCACTTGAAGGCCGGCAAGACGCTTTGCTGCTCCCATGGCTTCGCGTATGTTTTCAATACCATCGTCCCCCCTGCGGATGTAGATGTAATCATGGTGGCCCCCAAGGGCCCGGGCACGGAAGTGCGCCGAGTATTTGAAGAAGGGTTCGGCTGCCCCGGCCTGATTGCCGTTCATCAGAACCCCTCCGGCAAGGCCCGTGACGTGGCTCTTGCCATGGCCAAGGCGGAAGGCCTGACCCGCGGCGGCGTGCTGGAATGCACCATGGCCCAGGAAACGTATGAAGACCTGTTCGGTGAACAGAACGTCCTGTGCGGTGGTCTGGTGGACCTGATGAAGTACGGCTTTGAAACCCTGACGGAAGCCGGCTATCCGCCGGAAATGGCCTACTTTGAGTGCGTGCATGAAGCCAAGCTCATCGTGGACCTGATTTATAACGGCGGCATCCAGAAGATGAACTCCGTGATTTCCAACACGGCCGAATTCGGCGAATATTACAACGGCCCGCAGATCCTGCCCGCAGAGGTGAAGGAACGCATGAAGGAATCCCTCAAGCGCATTGAATCCGGCAAGTTCGCCAAGGACTGGCTGGAAGAGGCAGCCAAGGGCGCTCCCAACCTCAAAGCCAAGCGCGAAGCCCTGGGTCAGCACCCGGTGGAAATCGTGGGCGCCAAGATCCGCAGTCTGTTTGAAAGGAACTAAGGTTTCTTTTACTTGAAACACATGCCGTTCCGTCGGAATACGGCGGAGCGGCACGTATATTCCCGGGCTTTTCCCGGAAATCCGCCATTGATTCAGTTTATGGAGCATGCCTCACCGGCCGTCAATGTAGAAAACGCTAGGGTATACCTGGGCGGGCACGAAATCCTGCACAATATTTCCTGGCAGGTGCAGCGCGGAGAACGTTGTTTTATTCTGGGGGCCAACGGCGCCGGAAAGACAACGCTGGTCAAAGTGCTGATGGGGTTTGCATGGCCGCTTTTCGGAGCCAGGGTGCAGGTTCTGGGCAAGACCTTCGGGCACGTGAACCTGCTGGAATTGCGCAAGTCCATTGCGTGGGTGAGTCCGTTCATGCACAAGTGGCTGGAGGATGGCTCCTGGAACGGGCGCGACATGGTGCTTTCCGGCCCTGACGGAACTATCGGCCTCCTGAGGGAGCCGACGCCGGAAGAGGAGGAAAAAGCCGCAGGAATCATGAAATCCCTGAAAGCGGAGCATTTGATGGACAGGCCGGTGGTGGCCATGTCTTCCGGGGAACAGGTGAAAGTGCTGATTGCCCGGGCTCTGATGACGAATCCGGAACTGATGATTCTGGACGAACCCAGCGTTTACCTGGATTTGGCAGGGCGGGAATTTTTGTTGAAAACCATTGAAGAACTGGCTGAAACGAGGCCTGATCTGACCATCATGTTCATCACCCAGCGCATTGAAGATATCCTTCCCGTATTTAACCGCGGCATGATTTTAAAGTCCGGAGAAATCGTGGCGCATGGAAGCCGGGACGAGGTGCTGACGGAGGAAAACCTGAAAGACGCCTTTGGGCTGGATATCCAGTTAATCAAGACGGAGAAGGGGCGTCTCTGGACCGTTATCCGATAATTTTTCATGAAGCAGTCCAAGACAATGGAGCTGAAGAAACCGGTGCGGGTGTCCCTGGCCCGCCAGGTGCTTACCGCCATGGAATCCATGATACGGTCCGGCAAATGGAAGGTTGGAGACCGCATTCCCGCGGAAGCGGAACTGGCCCGTGCCTTTTCCGTCAGCCACAACACCATCCGCGAAGCCCTTCAATCCCTGATTCACATGGGGATGCTGGAAGCGCGCCCCGGAGACGGCACGTACGTGATGGCGTCAGACCGCTTTGCCGTCGCGGTGAGCAACCGCCTCAAGGAATCCGAGCTGCCTCAGATTCTGGAGGCGCGGCTGGCTTTGGAAAAGGAAATTGCGCGGCTGGCCGCCGTTAAAAGGACGGATGAAGATTTGAAGGAGCTGGAAAATGCCCTGAAGGACTGCCACGGCAGGGTAAGGCAGGGCATTGAGGATGACATGCTGTTTCATGCCGCCGTGGCCCGCGCCACGCATAATCCGGTGCTCTCGGAATTGTATAACGTGGTCATCCGCCATGTGCAGGAGAATCTGGAAAAGCTGCTTCAGGAGAAGCAATACGACTCCGGCGCCATGAAGCTGCATGACGACCTTCTCGCAGCCATCAGGAAGCAGGAGGCGGATGAAGCGGAGAACATTATTGTAAAGATTGTGGAATTTGACACCGTCAGCATAGGCGGGGCATTCATTTCTTGAATTGCCGGCAGGGAAGATGCCGTTGCGGTGGCAGAGTTATTCTTTTTTATTTCCCGGTGCTTTTCTTGCCAGCGGGCTTTCCGGCAAATAACTGCGTTCTGGAATTGCCTGCCAAATTAGTCTTTCCGTACAAAGGCGCCGGAGGCAATTCTCATGATTTTTATCCTTTTCCGGATATGGAATTTTACTACAATTCGAATATGGCTACCCGTACTGAATGGAAGTGCCCGGCATGCGGTGCCCTTCTGGCTATGGAAGATGTGAATATGGCTGCGGATATGGTGTTATGCCGCTCCTGCAATAAGATAAGCAAATTTTCAGAGATTGTTCAGGAGGAAAGGGATGAGGAAATTCTTGATTCCATTCCCCGCCGCATGAGCGTGACGAAAACGGCGAGGGGGCTGGAAATAACGTATAAGAAGCCAAAAGGAGCGGGACTTTTTCTACTGATGTTTTCGGTTTTTTGGAATTCTGTGACATGCGTTGCCCTGTTTGCGGTGATGAGGGAAATGTCTTGCGAAAATCTGTTCGGACTATTGTTTTTAATCCCTTTTGTTCTGGTTGGGGCTGGTACATTTGCGGGAGCTTTTTATGTGTTGTTTGGCCGTATGACGCTGATCCTGACGCCAGGCAGGGGGGAATTGTTCCGAGGAGTAGGGAACCTGGGCCGCCGACAGCATTTTTTGCTGGAGAAAGGTTCCCGTATTTCCATTGAGGCAAGCAGTATGCGACGGAATGATGAAGTTTTAGACAAGGTTGTAGTGGGGCTGCCGGACGGCAAGACGTTTGAATTTGGTACAGGGATTGAGGAAGTGGAGGCCCAGCAGTATATAGCGGCTCTGCTGCGGAAAATGAGGGGATAGGGCTGTGATGCCTGAATGCGGAGAAGGTCTTGGAATGCCCTGGCTCCGCTGTTTTTCAGCAGGCAGGGGAATCCGTCCTGGAGGGAAGGGAGCGGGGATATGGATTTCCGTTTC
NZ_CP071807.1_gap47	1425411	1429350	3939	TTTCAGCGTTCCGTGGTTTGGGTAGTATTGGCTGCTGGCCTGGATGATGGCGGGGCTGAACTTTTATTCCATCTGGCAGGCAGGCGATTTGTTCTGGAAAAAAGCCGTTTTGCCCGGAAAGGTCTGTGTACGGAGGGAATGGTGCGGAGCGTCACGAAGGATACGGTGCGGTTGTGGCGCCATTCGCGGATCATGAACCCGTCCGGGCTTTCTCTGGATGTCTGGGCACCGGAAGTGCGTTCCCATCCGCAGACCCGGGAGGGACGGCGCGTGCGCGCCGTTTGGTTTCAGCCCAGCGTGGAATCAAGCCAGGTGTTGAGTATTTCCACAGCGGCTACCTGGTCGATGATGGGGCGGAAGTTTTTTGCCTTTTTGCCGGCGGCGTGCAGTTTTTCCTGGGCAATGACGGTGGTGAGGCATTCATCCATGAAAATCAGGGGAAGGCCTGGAAGGGCTGCGGCCAGTTCCCTGCCGAATGCACGCACCTTGGCTGCGGCGGTCCCTTCCGTGCCGTCCATGCGGACGGGAAGGCCCAGCACCAGGGTGCGTATTCCCCGTTCCTGGACGAGCTGGACAATGCGGGAAATTCCGTCCGTCTGATGCCTGTGGATAGTTTCTACGGGATGGGCCATGATGCCCACGGGGTCCGTGGCGGCAATGCCGATGCGGGCTTCTCCGTAGTCGATGCCCAGGGCGGGGTGCGGACTGGTCATCTGAGTTCGTCCGGAAGCTGGTTGACGATTTTCTTGATTTCGTCCGCCTTGTTTTTATCCGCAATGAGGATGGCGTCCGCCGTTTCCACCACAATCAGGTTTTCCACTCCCAGCAGGGCCACGTGCTTGTCCCCCTTTTGGGAGAAAACAATGTTGCCGGAGGCGTCCTGCACGGTGATGTCCGTGTTGGTGGTGTTTTTATTGTGGGTTTCCAGATAGTTGGCTACGGATATCCAGGAACCTACGTCGTCCCAGTCAAAGGTTGCTTCCATGTTCAGCACTCTGTCCGCATGCTCCATGAGCGCGAAGTCTATGGAGACGGGGGTGAGCGCCGGGAATTCTTCCCGGATGGTTTCCTGCGGGGCCGGAGATTCCGCAACGTGTTCCACGAAGGAGGCCAGTTCCGGGCAGTGCTTGTCCAGCTGTTCGCACACGGCAGGAATGCTCCATACGAACATGCCGGCGTTCCAGCAGAAATTGCCCCGGCTCAGGTAGGCTGCAGCCGTGGCCGTGTCCGGTTTTTCGCGGAATTGAATGACTTCGCGGCAGGAACAGCCCGGAGCGGAGTGGATTTCTTTTCCGCGTTCAATGTAGCCGTAGGAGGGGCAGGGCCAGGTTGGCTTGATACCCACGGTGACAAGCGCTTTTTCCCTGGCAGCCGTGTCCATGGCGGCTTTCATCAGGGTGCGGAAGGAGTCCTGGTCCTGAATGAGCTGGTCGGAGGGGATAACGAGCATGACTCCGTGCGGGTCCGCCGCCTTGATGAGACCAATGCCCAGGGCGATGGCAGGCGCCGTGTCCCGGCGCACGGGTTCGGAAATGATGTTGTCCACGGGAATATCGTGGGCCTGGCGGCGCACTTCCGCTTCCTGCAGATGGTTGGTCAGGATAAAGATGTTTTGCCTGGGCACCAGCCCGTCCAGCCTGTCGATAGCCTGGCGAAGGAGGGTTCCTTCTCCGAACATGTTCAGGAGTTGTTTGGGGCGGTGGTCGCGGGAAAGAGGCCAGAAACGGGTGCCGCTGCCGCCGGCCAGAATAAGAGCGTATTGGTTCATGGCTGTTTCGCAGGAATGGGGGTTCAAGAGGGTCAGAGAGCGCCGAAACGGCGTTTTCTACGGGAGTAGTCCAGCAGAGCAGCTTCCATGTCCCGGTCGCAAAAGTCCGGCCACAACGTGTCCGTCACATGAATTTCCGCATAGCTGATTTGCCAGAGAAGAAAGTTGGAGACGCGCATTTCTCCAGAGGTGCGGATAAGCAGATCCGGTTCCGGCATGCCGGCGGTGTCCAGGTACTCGCCGAACAGGTCTTCCGTCACGGCGTCCGGCGGGAGTTCTCCGCGGGAGACTTTTTCCGCTATTTTCCTGGCGGCGGCGGCGATTTCCCCCCGGCTGCCGTAGGAAATGGCCAGAACCAGGTTGAGCCTGGTGTTTCCCGAAGTGGCTTCCAGACTGTTCTGAAGCAGTTTCCGGGTGCGGGCGGGAATGCGGGAGAGATCTCCTATGGCGTGGAGGCGCACGCCTTTTTCCATCATTTGGTTGAGGCGTTTTTTCAGGAATTCGTGCAGAAGGAGCATCAGCGCGCGCACTTCCGTCTTCGGACGGTTCCAGTTTTCCGAGGAAAAGGCGTAAAGGGTGAGCCAGGGGATATCATGGGCCATGCAGAAGTCCGCACAGCGTTCCACCGTATCCGCTCCCGCCCGGTGGCCTGCCTGCCGCGGCAGATGGCGGCTGTTCGCCCAGCGGCCGTTGCCGTCCATGATGCAGGCGATGTGAGTCGGCAGTTTTTCCTTGGGAATGGTAAGCATAGATAAGCGTCGCTCCGTTACTCTAGTCCATGACCGGGTCCAGTTCAACACGCAAGTTGTTCAGGATGTATTCCTGTCTTTCCCGCGTGTTTTTGCCCATGTAGAAGGACAGCAGGTCTTTTACCTTGTGGGAGTCTTCCAGCCGGACGCGGTCCAGGCGCATCCCTTCCCCGATGAAAGCCTTGAATTCCTGGGGGGAGATTTCTCCCAGGCCTTTGAACCGGGTAATTTCCGGGTTTTTCCCCAGCAGGCTGATGGCTTCCTCCCTCTCTGCGTCCGAGTAGCAGTAAATGGTTTGCTGTTTGTTGCGCACGCGGAAGAGGGGGGTCTGGAGGATGAAGAGGTGTCCCTCCCGGATCAATTCCGGAAAGAACTGGATGAAGAATGTCATCAAAAGGATGCGGATGTGCATGCCGTCGTCATCGGCGTCCGTGGCGATGACTACCTTGTCATAGCGCAGTTCCTCCAGTCCGTTTTCAATATTCAGGGCATGCTGGAGGAAGTTGAATTCCTCATTTTCATAGACGACTTTACGGCTCATGCCGAAGGAGTTCAGCGGCTTGCCCCGCAGGGAGAAAACGGCCTGGGTTTCCGCGTCGCGCGCCGTAGTGATGGAGCCGGAGGCGGAGATGCCTTCCGTAATGAAGAGGGTGGTTTCCCCGGCGCGGGAGTGTTTGGAGTTGTAATGCACCCGGCAGTCCCGGAGGTTCTTGTTGTGAATTTTGGCCTTGCGGGCGTTTTCGCGCGCCAGCTTCTGGATACCGGAGAGTTCCTTGCGGTCCCGTTCGGAATCCTTGATTTTTGCTTCCAGAGCTTTGGCCGTTTCCGGGTTTTTGTGCAGGTAGTTGTCCAGCTCCCTGGCAATGAAGTTGCCCACAAAGGTGCGGATGGTTTCCCCTTCCGGGCTGATGGTGTTGGACCCCAGCTTGGTTTTGGTCTGGGATTCGAAGACGGGTTCCTTTACCTTGATGGAGATGGCGGCTACGAGGGAGGAACGGATGTCCCCCGCCTCATAGTTTTTCTTGAAGAAGTCCCTCAGGGTTTTGACGATGGCTTCCCGGAAGGCCGCCTGGTGGGTGCCTCCCTGGGTGGTGTGCTGCCCGTTGACGAAGGAGTAGTGCTCCTCCCCGTATTGGCCGCCGTGGGTGAAGGCCACTTCAATGTCATGCCCTTCCAGATGGATGATGGGGTACAGGGGGGCCTCGCTCATCGCTTCCGCAAGCAGGTCCAGCAACCCGTTTTTGGAGATGTAGCGGCGGCCGTTGAAATGCAAGGCCAGCCCTTTGTTGAGGTAGGAGTAGTATCTGCACATTTTTTCGATATACTCCGGCCGGAATTGCGTGGCCGCGGGAAAGATGTCCGGGTCCGCGTGGAAAGCCGTGCGGGTGCCGTTGGGTTCCTCCGTGGCTCCGTCCTTCCGTC
NZ_CP071807.1_gap48	1453405	1454889	1484	GGCTGCGCTTTCCAGTGTCTGGGTCCAGGTGCCGGAGCGCAGGAAACGGTAAAAGGCCACATGCGTGTCTGCGTACATATTGCCGCGTTCCCCGCGGAAACGCCAGCGGTTATTCGCCTGAATGTAGGGACGGTAGGGAGTAACCAGCATTCCTTTTTCGCAGATGGTGCGGTCCACGATTTCCCCGTGGCAGCCAACCCACTGTCTGCATGAAATGTGGGCCGTTACGTTGTGGCCGTACTCAAAATAAACGTCGTAATGATCCCATACGTCGCCGTCATCCCGGCGCTGGGCGCGTCCTCCGGAGCCGAAAGCCGCCAGAGGAAGCTGCTCGTTCATGGACCAGACCATGCCGTCAATCGTATGGACGATTTGTTCCACAAACTGGCCTCCGCTCAGCCAGTTCCATGCGGTCCAGTTGCGTAGCGCCCATGCCACGTCCGTATCGGAGGAAGGTCGGGAATCCAGGGCCAGCGGAGACTTGGGAGGAGTGGTGTAATATAACCCGTCAAAGGAGAGGACACGGCCCAGCTGCCCGGAGGAAAGCTTGCGGTGGGCTTCCTCATTCGCCTTGTCGTAGCGCCAGCAGAAGCCGTCCAGAATCACCAGATTTTTGAGTTTTGCCAGCCGTGCGGATTCCAGTACGGAAAGCACGCCGGGAACGTCCACTGCCACAGGTTTTTCCGCATAAATATGTTTGCTGGCGTCAACGGCCGCCGCTAAATGTTCCGGACGGAAAGCGGGGGGAGTGCAGAGCAGAACTACGTCAATATCCGTTTGCAGCAGTCTCTTGTAACTGTCCAGGCCGCTGAACAGGCGGCTCCTGTCCAGCTGGGCTCGGTTGCCGTACTGTTCCGCCAGCAATTTGGCACCGAAATCGATACGTTCCTGAAACACGTCTGCCAATGCCCAGGCAATTGTTCCGGGATCGGCGTCCAGAGCGTTTTTCATGGCGCCCAGGCCTCGGCCTCCGCAGCCTACCAGGCCCACCTTGAGCGGTTTTGCGTTCGTCAGGGCCTCTTCTGCGTTCAGGCAGGGCATGAAGGCCAGGAATCCGGCTGTTCCTGCGGCGGTTTTCAAAAAACGGCGTCTGTTCCAAATAGGGTAACCCATCTCAGGGGAATTATACGGTGACGTCCTGTGAAATCAAACGTCGTATTGAAATGGTGACACAAAAAATAGGCGCAACCGTCATTCTCGGAAATGGTGCCTTGCGGAGGGAGTCAATGAACTCCCTATATTTTGCCTATTAAATGGGAAGGGCTGTTTCCTGCGTTCAGAACGAGAGGCAGAGGTTAAAGAGATATGTTGCCTGAAAAACAGTTTTTAAGGATAAAAACTGATTTGACTCCGGAATCTTCAGTGTTCATGATGAATTCAATGAGGCCTCCGGCTTTTCAACCAATCATCATGATGAAGCGAAATCTCATTCCTTCTACGGCTTTTTTGGCGGCGTTAGTGTTTGTTGCCTGTGACGGCGGCAA
NZ_CP071807.1_gap49	1527574	1529702	2128	GATTCTCCGTGCACCAGAAGATTCTTGCGCAAAGTTTTGGCCCGGCGCGGAACCTGCAGAACGCCCGGCAGGTTGCCGCGCGCGCTCATGCCGTTGGAGATGGACTGCTTCATCGTCGCCCAGATCAGGTCCAGTTTTTCACGGACTTCCCGTTCCGGGAGCATGGCGCATTCGTTTGCCATGACAATGGAGGAAAGAGGGCATCCACGCTCATCAGCCATGTGCAGCAGTTCCTCCGCGGATTCATAAGGAAAAGGGAAGGTTTCCCGATCCCTTTCTTCCGGATGCAGAAGTTCCTGTTCGGAAGAGACGAACCCGCCCCCCGTGGAATAAAATACCGCGTCTTCCACCGGGTCTCCGTCCTGGTTGACGGCAGTAAACTGCATCCCGTTCGGATGCAGGCGCAGGGGCTGGTAGTGGGAAAGATCCAGGTCGCGGGAAGGAGAGAAGCGGACGTTTTTTTCTTCCGTGACGGACAACGTTTCCTGCTGGTGCAGGCGGGCGATTTTTCCGGGAATGCTGCGCGGCTCCACCGTATGGGGTTCTTCCCCCAGAAGCCCCAGCATGATGGCTGTGTCTGTGCCGTGCCCATGTCCGGTGGCGGCCAGGGAGCCGTAGCATTCGCAGCGGATGCCTGAGATTTCCGCCAAGCGCGGGGAGTGGCGCATCTGTTCAAGAAAGCGGTGCGCCGCCCGCATGGGCCCTACGGTATGGGATGATGAAGGACCTATGCCGATGCTGAAAAGCTCAAAAATGCTGTAATGGTGCATGTCCGTTTTCCTGTAGCGGGGAAGGGCCGGAAATCCCGCTGGGAATTCCGGCCCGTTCCGAAAGATGGGTTTACAGCCCCAGCAGGTAGCGTTCCGCTTCAATCGCGGCGCTGCAGCCCATTCCGGCGGAAGAAATGGCCTGGCGGTAGTGAGGATCCGCCACATCTCCGGCGGCGAACAATCCCGGCGTCCTGGTCGCCATCATCCCTGTTTCCCGGATAATGTAGCCGGCATCGTCCCGGTCCACCAGATCCCCCAGGAAAGAAGTGTTCGGCGTGTGCCCGATCGCCATAAAGACGCATTTGACGGGAAGTTCCGTTTCATCCCCTTCTACTACGTCCTTCAGCATGACGGCTTCCAGTTCTCCCTTGTCGTCCGTCTTATAGCTTACGATGGTGGAATTCCACATGGGGAAAATCTTTTCATTGGACAGCGTTCGTTCCGCCATGATTTTGGAAGCGCGGAGCGTGTCGCGGCGGTGGATCAGGTACACCCGGGAAGCGAAGCGCGTCAGGAACATGGCTTCTTCACAGGCGCTGTCTCCTCCGCCTACCACGCACACAGGCACGTCCCGGTAAAAAGCTCCGTCACAGGTGGCGCAGGCGGTGAGTCCGTGGCCAACCAGCCCTTCCTCTCCCGGTATTCCCAGATAGCGGGCGGATGCTCCCGTAGCCACAATGATACTCCGGGTTTCGTAATTCTGGCCGCTGGTCTTCACGGTGAACAGCCCGGTGGCTTCATCCCTGACGACGCTCTTGACGTCCTCATATGCAAACCGGGTGCCGAACTTTTCCGCCTGCTGCTGCATCAGGAACATCAGGTCCGGCCCCATCACGCCGTCCGGAAAGCCGGGGAAGTTTTCCACTTCCGTCGTGGTGGTCAGTTGTCCGCCGATTTGGGAACCCGTGATCAGAAGCGGAGAGAGATTGGCGCGGGCGGTGTAAATGGCCGCCGTGTAACCAGCGCAGCCGGCACCGATGATAATGACTTGTTCGCTCATAATAGTATATATGTCCGTTGCCATGGTAAAGGGCCCGTGCCCGTTTTGCGAGTAGATTTTGCGCTATGCGGAGACAATGCAGCGGCCTGCAATCCGGCGGTTGCGGGACGGGTTCCGGCAGTGGCGGAAAAGAGCTGCCTGCATGTATCCCTGGCGACGGTCTGCAATATTCTGGCCCTGTCTGCGGGAAGATTGCTCAGCCGCGTCCCTTTCAAGGACAAGCGGCCCGGCAGGCCCAGCGGAGACTTTCCGAATAACGTGAAGTAGATTACGCATGCCGTCAGGTAGCTCCCTTCCTCCGTCGGGTGCCGGCCGTCAGTCTGGTACAGCTGGATGTCAGTATGGCGTTTGAGGCAAT
NZ_CP071807.1_gap50	1587128	1590698	3570	GACGTTTTCCACGCTGGTGACCGTGCCGGTATAGGTTTCCTGGGCTCCGCCGATTTCGTTCAGGTTATAGGTGTTCGGGGAACCGAAGTTGGTGCAGGAAGTAATGGACAGCGCCATGGCTGCACAGCCGATGGTAAGAATGGAAGCTGTTTTCATGATGACGATTTATAAAATGGGTTGAAGGTTAAGATCAAGTAATTTCGCAGTCAACGGAAGGGGCGCGGCTGCCCTCTTCCGGCGGAGAAAACCCTTGCCGGAAGGTTCCGGCAAGGGTTCTTATTTATTTTAACGGTCCGTTGGGTCAGGCCTTGGGGGCTTCTCCCTTTTTGGGGCAGTCGCAGGGCTTTTCCCCTTTGCTGCAAGGCTGGCCGCATTTTTCTGGGCATTTGCCTTCCTTGGCGCATTTCCTGGGGCACTTTTTGTCTTTCTTGCAGCACTTCTGGGCAGCGGGGGCGGGGGACTCCGCCGGAGCGGCGGCTTCCTGAGCGTAACCGTTGACACTGAAGGCGAAAGCAAAGGCTGCTACAGCGAGGATTTTTTTCATATAATGATATGTGAGGTTGTGTGGTGTTGGTAATGCAGCGGCAGAAGAGCTGCCGTTCTACGACAGATAGAGCGGCAGGGAGTGATATTTGTTCAAAAAAATGCGCGGAGAGGATTCTTTTTAGGGCGGTTTTTTTTGATGAGGACGCGCTTTTAGCCTCCGGGGTAAGTTTGACAGTCCGGGGGCACGTACGGAGCGCCGGCTTGCATGGGGCGCCTTCTTGAGGCACGGTAGGGAACATGAGTTCAGCCAAGGAACCTGTGACGCGCCGTTTTGGAAATGGTTTGACGGTTTTGATTAAGGAGGACAAGTCTCATCCCGTAGTGTCCCTCCAGTACTGGGTAGGCACGGGGTCCATGAATGAGGGGCACTGGCAGGGGAGCGGACTTTCCCATTTGCTGGAGCATCTGGTGTTTAAGGGAACGGCGCATTTCTCCGGGCAGGAACTGGCCCGCAAGGTGCAGGAACGCGGCGGCCACTGGAATGCGTACACCAGCGTGAACCGCACCGTGTACTATATAGACGGCCCTGCGGAGTCCTGGCAGATTTTCCTGAATCTTCTGACGGAGCTTGTATTTTTCCCCACGTTCCCGGAAGACGAGATGGAGCGGGAGAAGGAGGTCGTGCGCCGGGAGATGGCCATGTATGCGGATGATCCCGATTCCGTGGCCTACCAGCTTCTGATGCAGACGCTGTATCTCAAGCATCCCCGCCGCTGGCCCGTTCTGGGTGAGCGCGCCGCCTTTGACTGCCTGACGCGGCAGGACGTGCTGGATTACCATGCCAGCCGTTATGTTCCGAACAACGTGGTTCTTTCCATCGCGGGGGACGTGGATGCCGCGGAGATTCTTTCCCATCTGGAATTGCTGGTGGAAGACCTGAAATCCCGTCCCCTGAACCGGGAACCCATTCCCCATGAACCTCACCAGTTCGGTTCCCGCAGGGTGCGGAAGGAGTTTGCCGTGCCTTACTCCAAGCTGCACCTTGCCTGGCGCCTGCCCTGTTCCGCCCATCCGGATACGCCAGCCCTTTCCGCTCTGTCCAGCATTCTGGGAGGCGGACGTTCCGCCCGTTTTTATGAAAAATTCCATGACCGCCTGGGCCTGGTGTACAGCATTGAGGTGCATTCCAACCAGTCTGAGACGGATGAAGGGGCGTTTACCATCAGCATGGACGTGGACCGCGCCCAGCGCGACAAGGTGCGGGACCTGGTACTTCAGGAGCTTCGCAATCTGGCGGAAGAGGATTTTACGGAGGACCTGAAGAGAGTCTGCAAACAGACCCGGGTCAGTCGCCTGCGCCGCAGGAGTTCCGCTTCCGGGGTGGCCTCGGAAATGGGGGCGGATTGGTTCGGCTCGCGCAATTTGAACCTGTCTTCCGAATGGCAGGAAGCTATTGAACGGGTGACTACGGAAGATTTGCACCGCGTTTGTTCCACCTGGCTGTCTTCCCCGAATGTGACGGAAGTCAGCCTGGACCCCCCGGGCAGCAACGCCGGGGATGAAGAAAGGGCCTCCGCCTCTGCGGGAACGGCCCTGAGCGAGCATGTTCTTGGCAACGGCATGAAGGTGGTGATCCGTGAAGACCATCGCCTGCCGCTGGCCTATGCCTGCATGGCGTTCAAGGCCGGATGCCGTGCGGAGAATGAGCATGACGCCGGGGTGACGGACTTGATGTCCGAGTGCCTGCTGAAAGGAACCTCCACCCGTTCCGCGGCGGATATAGCCCGTTTTCTGGAGGACATCGGGGGAGCCATCAACACGTCCACCGGTAACAATTCCCTGAGCGTGGGATGTCAGGTTCTGGCGGAAGACCTGGACGCCGGATTGGAGCTGATGGCGGATGTGGTCATGAATCCGTCTTTCCCGGAAGACGCCTTTCTGAGGGAAAAGGAATCTTTTGTGGCGGATGCGGAGGAGGATATGGAAGACCCTCTTTCCGTGGCGTTCCGGCAGGAGCGGAAGGTGGCTTACGGGCATGTTTCCTATGGAAATTCCCCTTCCGGCACGCCGGAAAGCCTGTCTTCACTGACGGTTCAGGACATCAAAAAACAGTATGAACGCATTATCTGCGCTTCCAACGCCGTGATTTGCATTTCCGGAGATGTCAGGAAGGATGAGGTCCTGCCTCTTCTGGAAAAACATCTGGGAGGCATGAGGGCGGGAACGCCTCCGGCCCTGATTCCCACGCCCGCGCTGCGGGCCGGCCGGGAAGTGGCCGTGCTGGATAAACAGCAGGCCGTGCTGGTAGTGGGGGTGCCGGGCGTGGACGTGGCTTCCCCGGAGATGGCCCAGGCTCTGCTGTTCCAGTCCTGGTGCAGTGATATGGCCGGTCCCGTTTTCACCAATATCCGGGAGGAGGCCGGACTGGCCTATTATGCCAGTTCTTCCCTGTTCATCGGCATGGATGCCGGAGGCATCTGCTTCTATCTGGGCACTTCCCCGGAACAATTGGAGGAAGCCGGGCGGAGGCTGGAAAAAACACTGGAGATGATTGATGAACAGGGCATGACGGAGGAGGAGCTGGAACGCACCAGGGCGGCCGCCCTGTCTTCCCGTCTGCTGGCCATGCAGTCCAATGGAACTTTGTGCCAGATGCTGGCGCTGGATATCCTGTTCGGTCTGCCTCTGGAAGCGTTTGAACAGCAGACGGACGCTATCAGGAATATGGATCTGGCCCGGATGAACGCCTTTATCAGGAAGGTGCTGGATCCCGCCCAGCCGCGTTCCTGGTCCATCGTGCGTCCGCCTGCCGGGGAGTAATTCCCCGGAAAATCATTTCCTTTTTCCCTGTCCGGGAAAAAGGCAGGATTAAATAAAAAGGAATATTTTTGCGTTACATCATCTGAAGGCTGGGGGAGGGGTGTAGCGGAATCGTGATTTTTATTTCAGTGGTGATGCGCTATAGTGGCAGCCATGACTGAGATGGAGCCGGACAGGAAAACTGCGGAACGGGCAATCAGGGAAGCGTATGAATCCAACCCGGGGGGCTGGGCGGAACATTCCCGCTATGTGGCGGAAGCCTGT
NZ_CP071807.1_gap51	1622084	1626667	4583	TCTGCGGACCTGTACAAAAATGGATAATATCACCAAGGGTGACCCAATTAAGGCGGATTGGGCCAATGCTCTTACAAATGCCGTCAATGCGGCCGCGCATGGCAAAACAGCCTTGCGCGGTGGCGGCGGGCAGAACGTTTTCATTTCCCCTTATCAGCGCGGTTCCCGCCCCCTGGCCTTTGATTTGGTGGAAATCACGGATGATGAGGAAGGTAGCCTTTCCGGCAAGATCTCCGGGGGTGTGCTGTTGTCCGCATACAAAGAGGAACAGGAAGAAAAAATATCGCTGAAAACGGAATGCATGGAAATCAGCGAATATGAAGCAACCTTCCAATCAGGCGATAAGGTGTGGGTTCATGTGACCTATGATCCGGACACATGGGAGGCTTATGTTGCAATCCTGGAAAAAGGGAAAGAACCGCCGGGGGCAGAAGAGGGTGAGGCCTACATTATTGTTGGCGAGTTTGAGGAACGCGACCAATCCATTATCTACAGGCACAAAGGAATTACCTGTATCAACTGGGATGCAATCAAATGGGAATTTGAGAAATTCAAGCTCAAGACGGATCCTTTGTGCGCGCTGGAACTCAAGGAAGAAAAGAACGAAAAGGAAGAAGAGACCGAAAAGGAACTGACTCTGAATATTGAATCTTCCAGTGAAGAAGAAGAAGATTTGGGTGCCGACAGCAATTTGAAGGTATGGCTGGTGCAGAAAAAGGGGAAAGGGGAGGGCGGGGCAGAAGATGGGCCGGTCAGGCTTGGCGTGAGAATCAAAGATTCACGGAGTTTTCAGCAGGTGCAGCCGGGAGACGGCCTTGAATGGAAAACGGAAAAAGGGGCGGATGGCCATAACATCCAGACGGAAATCCTGCAGGTCAGGATTGATTCCACGGTTTCTTCTTCAACGGGGCAAGAGGGAAGAATCCCCGTTGACCTGAGTGTGTCGCAGGAGGGATTGAAAGGCGAGGTGGATTTGACAATTGATGATACGGAGCATGATTTATGGGGAGGGTGGAAAATCAAGCTGTCCAGGGCCACCAGGGGAGTATTGTCTCTTGCGGTCACTCCTGGAGGCGACGCGGAAGAATTGAGTTTTCGCGCCCCTTTGCGGAAAAATGGGAAGTATGTTGTGCTTGATTATGTCAAGGATCCTCACACCCTGCCGGACGGCACGACTATTGCCTTGTATGACCGGAATGGACAGCTTGATCTTGAGGTCGATACGTCCAACACGACCGGCGGCGGGGACGGAGCCCTGATCAGCGATTCCTGGACAGCGTTGGCCTGCGACACTGACCACGCCTTACGCCTGCACCGGGACGAAAACGGGAAAATCTATATCCAGCAGGGGGAATGGATTGTGACTTCCAAAATTTATTCACCAATAAATTAATAAAAATGAATTACGCAATATTCTGTTATAGAGAAGATTATAAATGCCTTGAATTGTGCGTTGGTCAAATCCGCCGGGTTGATCCTGATTGTACGATTTACCTGTTTGACGACGGAAAAGCCCCTCTCGCAAGAAAAGACATCCCAAGGGGAAGGGACATCATTTACAAAAAGACCTATTTTGAACGCAACAGGAACTTGAATGGCCTCGAATGTATCCGCGGCATGTTGTCCTGCATGCGTGATATCCCGGGCCGGGAGCCCATCATCAAAATAGACGCTGATACACTGCTGATGTCCCTTGAAGAAATACGGAAATCACTGTTTGAGCGCAGGAAACTGGCAGGGGGATATCAGTGCGCCTTTCCATTCGCCTGGTCCGGAGTATGTTATTGGGTAACGCGGAAATTCATCAGTGATGCTCTTGATATCCTGGTAACGCGTGAATTCCCGACACGCAATCAGGATTATCCGGAGGACGTGACCGTTTCCAGGCTGGCTCTGTACCTGTACGGCCGCAAGGGGGTTGATGTCATTGAGTTCCAGGGAGGCAAGTACCTGATCGGCATCAGAACATGTGATTCTGGCCAGTTATCAAAGCTGGCGAAACTGGCCCGCCGCGTGTCTGCCGTTCACTGCGGACAGCAGGATTTTTATGAGCCGATCATCCAGCAATCAGGCTGTACCATCCGGGAAGCTTGCGCCCGTATCATGTGGGAAATCCTTCACCCGGGTGAACCGGAAGGATTCAGGCTTTGAACAGATCCAGAATCATCTGGTTTTCCTCAAAACGTTTCTTTCCCGTGCCGTATGCTTTCATGATTTGTTCCGGCGTCTTTTTCCGCGGTGCCTCCAGCTTTTTGACAGGGCGGCGCTTCATGGCCGCATGTTCCGTCTGCTGCATCATCAGGGAGGGCGGGAGTCCGCTCTCAGCAAGGAATTTGGAAGCAGCGCGGGAAATGGCCGCTTTATGCACGCCCAGTTTCCGCGCCCTCTGGGCCATGCGTTCATTTCCGAGCACAGACGTCAACCCCAGAGCGTATGCCACGCCGAATGCGGTGACATTGGGAGTGCGGCTGTTAATGACGTGATACAGGGCCAGGGACATGATCCGGATCATTTCAAGGGCGCGTTCCCGAAATTCGTTTTCCTGCTCCTGCCCTTCTTCCGGATACTCAAAATCCGTATGTGCTGTGTAGTATGACTGTTGCGGTTCCATGCTTGGTGTATTTACATATCAATATATCATGATATAATAATATGTAAAGAAGGGAATAATGGCAGGGATTTCACAGGCGGAACTTGCCCGGCAATTGGGCGTCAATAAAAGCACGATCACGTACCACGTGAAGCGTGGTCTGACGCATGCGCAAATCCGGGAGCTGATTGAAGCCAGGAGGAAGGAAAATCCAATTGCTGAACCTGCTTCTCCAGAAATTGGGAAAAACGCTCCGGAGGAAGGGGTAGCGGAACTGAGAAAAAGGAAACTTGCTGCGGAAATTACCTACAAGAATTTGCAGGCTGAACAGGCCCGCGTGAAGCTTGAAAAGGATAAGGCCCGGCTGGTGGACATGGAAGATGTGAATGAGCTTGTCGTACATCTGGCCAGTATTACCAAAGGCGTTCTCCAGGCATTTGAAAATAAACTGCCGGGGAAGATGGAAGGATTGACGGCTGCGGAAATGGTTCCCATGCTGCGGGAGGAAATCAAGGCCGCTCTGTATTCCATTGCGGAAGAATCCAGGGCCCAGATCAAGATAATCAGCCGGGCGGAACAATGAGAGACGTTGAAAAGGCTGCCGGATTTCTGAATCTTTTCGCGGATAACGTATCCGCTGGAATGGACGTGGAGCCGATAGAATGGATACGTGAAAACGTGGTAGACCAGCAATCGGCGCGGTCTACCCATATTGATTTTACGTTGAGCCCGTTTCTGCTGGAACCCATTGACAAATTCCTGAATGACGGCACGGTCAGGCACATTAACCTGATGGCTCCCACCGGTTCCGGAAAGTCGACATTGTTCGTCGGCTTGCTTAATTACCTCATTGCCAATGATGCGGGGAATACCTTGGTCGCTTTCCAGAATGAACAGGAAACCTCTGATTTCGCGGAAACGAGGCTTTTTCCCACATTCCGGGATAATAAGGCTTTAAAAAACTTGCTGCCGAAGAAAAGGCATGCGGCCAGGAAAACGGAGATTCTTTTTCCGCACATGAACTTGTGGATGGTCTCCGCTACCAAGGGGCAGTTGCAGTCGAAGTCCTGCCGGTATTTGATTGGTGATGAAATGTGGGCGTGGGAAAAGGGAATGGTCCGGGAGTTCCTGGCCCGCCACCATGATCGGTTCAACCGTAAAATCCTGATGGTTTCCCAGGGAGGGGACAAGGGGACGGACTGGGTTGACGAGTACGGAAAGGGCCGCATCCACCATTACCATTGGCAATGCCCCGGCTGCCAGGGATGGAATGCCTATGACTGGCGGGATGTCATTTACAGCAAAGAAGAAAATATTGATTGGGAACGTTTTAAGGAATCCGTCAAAATGGTTTGTCCCCGGTGTTTGCACGAAATAGAGGATACTGTTCACAACCGGCGCCATCTGGCCGGCGGCGGCAAGTACGTGTTTTCCGGCAATACGAGCGCCTTGCCGGAGATCGTAAGCTACAATTTTAATGCTTTGGCCTGTTACTGGGTATCATGGGCGGATTTGGCCGTGGAATGGATCCTGGCCAATAAAAAGAAGAGGAACGGGGATATAGAACCGCTGAAAAAGTTTATCCAGAAGCGGCTTGCTCAAAACATTGTGGATTTGGGCGAGAAAGACGACGTGTTGAAAATCCCGCTCACGGCGGAAAGCATGGAGGGGTACGCCGTGGAAAACGAACGGGCGCGCTTCTTAACGGTAGATGTCCAGAAAGGGCACTTTTGGCATACTGTTTACGGCGTGGATGCCGGAGGGGCTTTCCATTTACTTTCAGAGGGGCGTCTTGAAACGTTGGAGGATATTGAACGTAAACAGGCGGAGTTTAACGTGCCTGATCATTGCGTTGCTTTGGACTGCGCTTTTGATACGGATGCCGTGCGGAAGATATGCGGGCTTCATCACTGGTTTTCCATGAATGGGACGGTCAAGGAAGAATACGTGCATAAAATCAGGGGGCGGGGGATTAAATTGATTTATGCGCCTC
NZ_CP071807.1_gap52	1673855	1674954	1099	GATGACGACGGACAGCTTTGTGGTGCAGCCTTTGGAGTTTCCCGGCGGCTCCATCGGTTCACTGGCGGTGCACGGAACGGTGAATGATCTCGCCATGAGCGGCGCGGAGCCGTTGTATTTGACGGCGGGCTTTATTCTGGAAGAAGGGCTTCCGCTGGAAGTTCTGGCCCGCGTGGCACAAGATATGGCTGCCGCGGCCCGTGCGGCGGGCGTCCGTATTGTGACGGGGGATACAAAAGTGGTGGAGCGCGGAAAGGGGGACGGCATTTACATTAATACTGCCGGGGTTGGCATCGTGCGCCATGGGTTGGAGATCAGCCCTTCTTCCGTTCGTCCGGGGGATTCCGTGCTGCTCAGCGGGGATTTGGGGAGGCACGGCATGACGATTATGAGCCTGCGCGCCGGGCTGTCTTTCGGAGACGGCCTGGAAAGTGATTCCGCTCCGTTGCATGAATCCGTGGCCGCCGTCATTCGTGCCGGCATTCCCGTGCATTGCCTGCGTGACGTGACCCGCGGCGGGTTGACCGCCACTCTTTCGGAGATTGCGGAATCTGCTGGCCTGACAGTGAAGCTGAATGAAATGTCCATTCCCGTGCGTGAGGATGTCAGGGCGGCGTGCGGGCTGTTGGGGCTGGACCCTCTTCAAGTGGCCTGTGAGGGACGTTATCTGGCTGTTCTTCCACGGGAGCATGAGGAAGAGGCCCTGAACCTGATGCGCGGCTGCGGCGTATCTGCCGGAGCCTGCGTCATAGGCCGGGTGGAGGAATTGGGGACGGCGCCCCTGCTGATGACGGGACTTCTTGGAGTGGAGCGGGTGTTGACGATGCCTTCAGGAATGCAGCTTCCCCGCATCTGCTGATTCCTGGTGCTGCATGATTGGCGTTTTGTGGCAGGGAAGCGGTGGAACCCGCTTCCCTGCCGGTCCGGTGTTTCATAGGGGTGCCGGAGCGGCTCTGTGCGCTTCCGGGGGAAAGCGCAGCCGGCTTGATATGGGGAACTGGTTGTTGGGAGATGGTTCAGGAGGGAGTGTCTTTACCTGTCCCGGCATCGGGCAATGCTTTTAATGCCGCTTTGGCCTGTGCATGGTCCTGGGAGGCTG
NZ_CP071807.1_gap53	1677192	1681735	4543	AAGGCCGCCCGTACGCTGGAGGTTCCCGTGGTGATGGGATTCCATACCAATTTCCACCAGTATATGAAGGATTACCATTTCTCCAGACTGGAAACGGCCGCCGTGAATTACCTGCGCAAACTCCACAACAGGGCAGGGATGACAGTGGTTCCCACGGAGGAAATGCGCCGTACGCTGGAGGGGATGGGGTTTGAACGCCTTTCCGTCATGGGGCGCGGAGTGGATGCCGTCCTGTTTGATCCCGCCAGGAGGGATGCTTCCCTGCGCCAGTCATGGGGCGTCTGGCGGGATGAAGTGGTATTTGGCGTCGTGGGGCGTCTGGCGCGGGAAAAGAACCTGGTGACGGCCCTGGGGCTGTACACGCGCTTGCAGAGGGAGTTTCCGGATTGCGGCATGAAAATGGTGGTGGTAGGGGACGGCCCCATGATGAACAGCCTGCGCAGTGAGTTTCCTGATGCCGTTTTTTGCGGAATGCGCCGTGGGGAAGACCTGGCGCGCCATTATGCCGCCATGGACGTTTTGCTGTTCGCCAGTGAGACGGAAACTTTCGGGAACGTTTTGCTGGAAGGCATGGCCAGCGGTTTGGCTACGGTCAGCTACCGGTATGCCGCTTCCGCGGATGTGGTGCTGGACGGCATCAACGGCCTTCAGGCGGAGAAAGGGGATGAAGAGGGGTTTTATTCCGCCATGCGCCGTCTGCTGGAAGACGGGGAGATGATTCGGAGGCTTGGGAAACAGGCCCGTAGGACGGTGAATTCCAGAACTTGGGATTCCATCCATGACAGGTTTGAAGAACTGCTGGCTTCCGTGACTCGGGAGGAAAACGGGACCGGCTGCGCCCGTCCCCCGCGGGATGCCGTGCTGGAATGCCGCACGGTTTTTTTGTCGGACCTTCATCTGGGAACGAAAGACTGCAAGGCGGACGAATGCCGGAAGTTTCTGAAACATGTCCGGGCTGGAAAAATTGTGCTGGTGGGGGATATTGTGGATGCTTGGGCTTTGTCCCGCGGCAGCCGCTGGCGGCGGAGGCATACGCGCTTTGTCCGCACCTTGTTGAAAAAGATGGAACAGGAGGATGTGGAAGTCCTGTACCTGCGCGGAAATCACGATGATATTCTGGAAAAATTCCTGCCTTTTCATCTGGGCGGTTTGAAAATTGCCAGGGAGTACGTGCACCAGGCTGCGGATGGAAGACGCTACCTGTGCGTGCATGGGGACGGTTTTGACGCCATTTCCACCAATCACCGGTGGCTGGCGATGCTCGGCTCTCTGGGTTATGACGTTTTGCTGATGGTCAACCGGTTTTACAACAAATACCGCGCCTGGCGGGGCAGGGAATATCATTCCGTTTCCCGCGCCATCAAGGGCCGCGTGAAATCCGCCGTCAATTTTATTGGAAAATATGAGGAACAGCTTCAACGCCTGGCGGTAAAGAGGCAGTGTGACGGCATCATCGCCGGGCATGTGCATCATCCGGCGGATACCATGGTGGGAAAGGTGAGGTATCTGAATTGCGGGGACTGGGTGGAAACCATGAGCGCAGTGCTGGAATACGGCGACGGCCGTATGGAAACGGTGCTTTACAAGGATTTTATGAAGCGCCTGGCATATGGCAAATGCGGAACCATGGAGGACGCGGAAACTTCTCCCGGCACGGGGGATTCATGACGGAACGGCCTTTATCCGGTTTCCCCCGGAAGTGGGACAAAATGACTTTGTGTGACATTTTGTCTCTTTTCTGGTGTGACATTATGTCCCGTTTTCCTTTGTCGGGAAAATAGAGGAATGAAAGGAAAAACAGCGTAATATGATTATAATATGACATTTGCGTTTATTTTTCAGTATGCCTTGCCAGATTGGCATGCCATTTGCAACAAAAGAGGCAAGAATATGAGTTTGCCTGCATGATGCTTCAGGTCATGAGGAAATCAAATCTCAACGAAATCCATTCAAAACAATCTAAAATAACGATATGGCTAAAATATTAGGAATCGACCTTGGCACGACCAACTCGTGCATGGCTGTGATGGAAGGCGGTCAGGGTACCGTACTTGAAAACAGCGAAGGTGCGCGCACCACTCCCTCCATTGTTGCTTTCACCAAAAGCGGTGAACGCCTCGTGGGGCAGGCCGCCAAACGTCAGGCGGTAACCAACCCGAAAAACACCGTGTTTTCCTCCAAGCGCCTCATCGGCCGTAAGTACAGTGAACTGACGGAAGAAGATAAAAAGGTGCCGTACGAAATTGTGGAAGCTCCCAACGGAGATGCCTACATCCGCGTGGATGTGGGCGGTGAAAAGAAGACCTTTTCCCCCCAGGAAATCGCTTCCATGGTGCTGGCCAAGCTGAAAGCCGATGCGGAATCCAAACTTGGCGAAACGATTACGGAGGCCGTGATTACCGTCCCCGCCTATTTCAATGACGCCCAGCGCAACGCGACCAAGGCCGCCGGTGAAATCGCAGGCCTTAAAGTGCGCCGCATTATCAATGAACCGACGGCGGCGGCCCTGGCCTACGGCTTGGACAAAAAGTCCAATGAAAACATTGCCGTATATGACCTCGGCGGCGGCACCTTTGATATTTCCGTGCTGGAAATCGGCGACGGAGTGTTTGAGGTGAAGGCTTCCGACGGCGACACCCACTTGGGCGGCGATGACTGGGACAACGCAATCATCAACTGGATTATAGGCGAGTTCAAGAAAGACTCCGGCATGGATCTTTCCAACCAGCCTGACGCCATTCAGCGCATCAAGGAAGAAGCGGAAAAGGCCAAGATCGCCCTTTCCTCCACCCAGAGCTATGACATCAGCCTGCCGTTCATCACGGCGGACGCTTCCGGTCCCAAGCATATCCAACTGACGCTGAGCCGCCCCAAGCTGGAACAGCTCACGGAAGACCTTCTGGACCGCACCCGCAAGCCTGTGCTGGACTGCATTGCTGCGTCCGGGTTGAAAACCGGGGACATTGACGAGCTGGTGCTGGTGGGCGGCATGACCCGCATGCCCGCCGTGCAGGAAATGGCCCATACGCTGGCCGGCAAGGAACCCCACAAGGGCGTGAACCCGGATGAAGTGGTGGCCCTGGGCGCCGCTATTCAGGGCGGCGTGCTTCAGGGGGACGTGAATGACGTGCTTCTGCTGGACGTGACTCCTCTGACCTTGTCCATTGAAACGATGGGCGGCATCGCCACTCCGATGATCGAACGCAACACGACCATTCCGGTGCGCAAGAGCCAGGTGTTCTCCACCGCCGCTGATAACCAGCCCGCCGTGGATATCCGCATTTGCCAGGGCGAACGCAAGATGTTTGAGGATAACAAGCTCCTCGGCAACTTCAAGCTGGACGGCATTTCCCCCGCTCCGCGCGGCGTGCCGCAGATTGAAGTGACCTTTGACATTGACGCCAACGGCATTCTGCATGTATCCGCTAAGGACAAGGGCACCGGCAAGGAGCAGAAAATTTCCATCCAGGGCTCCAGCGGCCTTTCCAAGGATGAAATTGAGCGTGCCAAGCGCGATGCGGAAGCCCACGCGGAAGAAGACAAGAAACGCGCTGAGGAAATTGACACCATTAACCAGGCTGACTCCCTCTGCTTCTCCGTGGAGCGCCAGCTTAAGGATATGGGGGACAAGCTGCCCGCAGACCTCAAGCGTGAAATAGAAGACAAGGTAACGCGTCTCAAGGAAGCCGTCTCCAAGAAGGACGTCACGGCGATCAAGGCTGGCAAGGAAGACCTGGAATCCCGTCTGGAAGCCCTGTACAAGGCGGCGGAAGCCGCCCAGCAGTCCGCCGGGGCAGCCGGCCCCATGCCGGGCGCCCCTGCCGAAGAAGAGCCTTCCGACGGTCCCCGCAAGGCGAAAGGCCGCGTGGTGGACGCTGAAATCGTGGACGACGATAAATAAGCAACCCCCTTCCCGCCGGAGGGGGAAGCAATTCCCCCTCCGGCGGAACATTACATCCCGTATTACTCATCTACAACAACATCAAAAAACATACTATGGCAAACATCAAACCCCTAGGACAACGTGTGCTGGTCAAGCGCATTGAAGCTGAAACCAAGACGGCCGGCGGCCTGTTCCTGCCGGACACCGCCAAGGAAAAACCCCAGGAAGCCGAAGTGATCTCCGTAGGCACCGGCGGCCGCGATGAAAAAGGCGCCCTGATTGAATTTACCGTGAAGCCCGGAGACCGCGTGCTTATTTCCAAGTACGGCGGCACGGAAATCAAACTGGACGGGGAAGACTACCTTATCCTGTCTGAAAACGATATTCTGGCCATCATCGGCTAAATGGCACCACACACACATTCAACATCATTTTAAATATTTAACATTATGGCTAAACAAATCCAATTTGACGAAACCGCCCGCCAGGCTCTGCTCCGCGGCGTGGAACAGATTGCCAAGGCTGTCAAGAGCACGCTGGGCCCTGCCGGCCGCAACGTAGTGATTGACAAAAAATTCGGTTCCCCCCTCATCACCAAGGACGGCGTAACCGTGGCCAAGGAAATTGAACTGGAAGACCCGTTTGAAAACATGGGCGCCC
NZ_CP071807.1_gap54	1782898	1785928	3030	GGAGAGGGCTCCGCTGGCCGTCATGCGCACGGGCCCGGTTCGCCGTTCCGTATCGGCGTGCTTGGCATGGTCAATGGCGTCATTGAAAAAATTGCAGGCAATCTGGAGGCACAGGCAGGAAGTCAGTGTCAGGAGGGCCAGGGACGCATTCCAGCTGCCGGTCAGTTTCTGCACCACCATGCAGCCTGCCCATACCGGAATCAGGGAGGCGGTGAGCGTCTTGGGGCGTGCCGCCAGAAAGGCGGAAGTAATGATATTCATGTGAGGGAAGGCTCCGTAATCAGCGGAGGATGGGGCCGAGGCGGCGGAGGGTTTCCTTAATGAGTGAGACGTGCCATTGCCCGGGGGCCGTTTCCTCTTCTCCCAGGTAGCCATATACCAGGCAGGAACCCAGTTGAGAGTAAAGCAGGCGGGAGACGGGTCCCATGGGCCCCATTCCCATGACGGCGATCGGCCCCTTGGGCTTGGTGAAAAGCTGTACTCCTGTCTGGATGTCCGAGGCCAGGCAGGGCGTGAATGCAAATTTGACGATATCCGCCTTGTAGGAGCGCGCCTTTTTTTCCTGTTCGCGCAGGTAATCCACACCCGGAGTGATTTGGAAATCATGGGTGGAGCCGATGATGATGACGTCCCGCTCCCGCGCTTCCATAACCAGTTCCCTGGCGTGGCGCATGGCCTTGATTTCAATGTCCATGGCGGCGGCATACGGCATATAGGCCCGGAGCAGGGCAAAGCGCTCTTCTTCCGGGATGCGGCGCAGCCCTCCTTCCTCATGGCAGCGCACGGTGACCAGCAGGGGCATCTCCGGCCGGAACTCCATAACCTGTTCAGTCGTGAGTTCCGGGGGAAGGGCATCCACGCGCAGTTCTACTAGATCGCACTGGTCTGTTAAATCTTTTCCTTTCAGCGTTTTCCATAGCTCCCACGAGGTAACGGACGCAACGATTTTCGGCGGATAGGCCTGATGTTCACGTACAATCTGCTGCATACATCCTACTATCCCAGCAAAGGAAGGAAGGTCAATCTTCTATTGATGAGTTCCACTTCATTTTGGGGCCGAGTATGTCAGTTCGCCTGCCTTTTCCCCTTTTGGAACTGTGTTTTTCTTCCTGTGCCAGCCCTGTTGGCCGGTTTCCCGGCAGACGGATTGACGGATGTTGGCGCCGGCTGCCGTTCAAGATGCCGGCAGGGCTGTTTCGTATGGTCCGTTTCCTTGTTGTGGCGGAGGGCGTTATTTTCCTGCCTCTGCACGTTAAAAACATGTTGAGAATGGAGGTCCGGCTTGAAAAGGGAGTTCGGAGGGAGCTAGGTGAAGGCCATGAATATGCTTTGGTCAAGGTTATTGCGGATGGGGAGGAATCCCTTTTGGGCGGCTTTGGATGCCGTGCTGGTGGTAAGGACGGAAAAAGATTCGTCCGGGCATCCGGAATGGTCCTGGAAGGCGTATGTCCCTCATGGCGTTCCGGTTCATGAATTGCCTCCGGTGCCCGTTCCTCTTCCGGAAGGGGATTGGGATAAGGAGCGGTTTCGTAAGGAAAGACGGAAAGCTGCCCGGGTGTTGGGTCACCAGGCCGCTTTAACGCTGGCTTCTTCCCTCCATTTCTCCCGTTTCATGATTGTGGAGGAAGAGTGCCGTTTCAGGCTGCCGGTAATAGGTTCCACGGCGCGGATGCTTGGGCAGCTGCTGAAAGGCTGCCGGGAAAGAACTGCTCTGTTTTTAAGTGAGCCGCGTTTGTCTCCCCATACGGCCTGCTCCGTGGCGAAAGGAGAAAAATCCATCCTGCTGCGCGTGACGGATATGGCGGCATCAGCTGCGTATGTGATGGACCTTTCCTTATGTGAACGCATTCTTTTATCTCTTCCGTCAGATCAGCGGGTCTGGCCATGGCTGAGGTATTATGGTTCTCTGGAGGAATGGTTTGCCCGGTATCTGGGACGTTATGGTGATTTATATGCTCTTTCCCCTGCGTTCGTTTCCTGCGGAGAGGGCGCTCCCATGCCCTCCCTCTGCAAATCCCTGGGCCATTTCAATAATGCACGCACCAAATATACGGATCTGTCTTATCTGGTGAATCCGGCGGTCAATTCATGGCGCTGGCTGAAAAACGTGAACATTTTTTCCGGCAGAAAAAGGCTTGGGTGAGAACCCCGGGATGCGTTTTGCTCCGGCTTCGCCGGATTACCGTTTGCGGGGGATGAACGCCTGCATGGCTGGGGCTGCCGCCTTACGGCAGAGCTTGAAATAAGGTGTTCCGTGCGCCCGTCATCTCAAAAGCAAAACCCCGGACCGCAGGCGGTCCGGGGCGGCTCCCTTTTTCCGGAGGGAGGATGCCGTGATATTAGAGGGGTTAGCTGGCTCCTTCGTCGCACAGGATCTTGACAAAGCCTTCCTCCTGGAGGCGGGTGGCGCCGCAGGCGAACTTGGCCCGGATTTGCAGGGCTTCCTCCATATCGTCGCGCACGGAAAGCTTCACTTTGAAATCATTCCATATGCCAAACTGGGCCTTGCTCTTTACCCAGGCCAGGCAGGAACGGACTCCCTCTTCTGTTTTGGGAAGCCTCTGGGTGCGGATGAATTTGAATCCCATGAAGGTGTCTATTTTCCCTTCCACCAGGGCTTTTACATTGTTGAAGTCATAACTGCTGACCTCCGTTTCCCGCAGCAGGTTCATGATCTGGGAACTGGTTACCGCAATGACGAGCTGGTCTCCGAACTGCGGGGCATCCTGGTTCCAGGCTTCGTTTTCCTCAAAAAGCTGGAGGGCTGCGCGCAGCTTGGCCACGGTAAGGTTGCTGGCGGATTTGGTGCCGCTGTCTACGTGATCCACGGCTATTTGCTGGCTTTCCTTGAATGGAACGGCGGTCATGCCGTCTTCTCCCACGTAGTTCGTATCCAGGAAGCCGGAGATCATCACGTCGTCCATGCGGCGGCCTGCTGCGGCCTGGAGACCTTCAATCGTCTTGCTGACGGGAAGGTCCATGTCTCCCAGGCGGGTGGCGTCAAATTCATCGTAGCCAATGGCTTTGGTG
NZ_CP071807.1_gap55	1793765	1798020	4255	CGTTTTGCCGTCAATGGTGACGGAACCTCCGGAAAGGACGGCCTTGTCCGTAGACCGGTGGAAAAGCATGGACCAGTCGTGAGGCTGGCCGTTGACGATGAGCTGAAGTTCCTCCCGCTCGGATTCCGGTTCCCTCAAACTCCACGGGGCGGGAACGTCAAAATGCTGTTTCCAGGTGCCGAACAGAAGCTTCCCCAATTCAATCACCAGCCTGATGACCGCATACCCTGCCGCTCCTCCCAGCACGGATGCCGTGAAGGCGTCCGTCCAGGTCATGACATGGCTGTCCGGCAGGAGGAAAGGGTAAAGGGCGCAGGCCCCCGTTCCGGCCAAGGCGCCGATAAATGCCTGAGAGCGGAAGACAATCAGATGTTCCGCGTCAATGAACATGATGACAATGGCCATGGCAGTCCACAGGCAGAGCAGGACGGCTGCTCCTGTGGAAGCGTCCGCGTATTTCCAGCCAATGGCCACGAAGAGCAGGGCCGTGAGCAGCTCCACAAAGCAATATCGGAAGCTGATGCGCGTTCCGCAGCAGGCGGATTTACCCCGGAGAGCCAGCCAGCTCAGAACCGGAATATTCAGGAACCAGGGAATGGGTTTTCCGCATTCCGGGCAGAAGGAACGCGCCGGATCGTTGACGGAGACGCCCCGCGGCATGCGGTAGATAACCACGTTCAGGAAGGAGCCTATGCAGGCCCCCATCAGGCCGAAAACCACGGGAATCACCCATGCGGGAAAGGCGTCAGGCATGGGTGGGCGGGGAATAGGTTCGGCTGGGCGTCTGGTTGATGCGGTCAATCAGCAACCTCAGCCTGCCGTAGTTGCCGCGTTTGATGGGGAAGACGAGCCGGGGCAGGCGGTCCAGGTGTGGTTCGTCCGCTTCATCCGGCAGGGGGCCGCTCTGGATCATTTTCCCCCCAGGCAGAATCAGGTCTGAAAAGTCCCGTTCCAGATGTTCCACCCACTGGGCGGGAAGCTGCGCATTCAGCCGGATGACGATGGAATCTCCGACAAAACGGTAGGAGTGGAAAATCCGGTAAAAACGGTCGATGTGTTCCATGGCTTCCGCCGGATTTTTAGTGACATGGATGAGATGAAGATCGTCTGCGGAAATCAGTCCGGAATCCACCAGTTCCACGCGAATGAAGGCCAGCCAGTTCAGCCAGAAGGTTTTGCCGGGGGAATCCAGAAGGACGATCGGGTAAATGGTCGCTTTTCCCGTCTGGATCAGAGTGAGTGTTTCAAACACTTCATCCATGGTTCCGAAGCCTCCGGGGAATGCCACCATGGCGTCGCTTTCCGCCACGAAGTTCAGTTTTCTGACGAAAAAGTAATAAAAATTGATGAGTTTGTCGCTGTGGGCCACCACATGGTTGGAGGTCTGTTCATACGGCAGGGTGATGTTCAGGCCGAAGGAGCGTTGCTCTCCCGCCCCTTCATTGGCTGCCTGCATGATGCCCGGTCCGCCTCCGGTAATGACCATGTAGCCGTGTTCGCTGGCTTCCCTGGCGAATTCCCTCGCCGTTTCATACGCCGGTTCGTCATTCCTGATGCGGGCGGAGCCGAAGACGGAAATCTTGCGGATGTGGCGGTACGGGGCGAAAACGCAGTTGGCGCGGTACATCTCCCGCCCGGAGCGGATCAGGACGGTAAAATCATGGTCCGAGGCGGCGGACTGGGCCATGTTGATTCCCGTTTTGATATACTCTTGGAGGTAGCGGGGATCGTGCCTGGTGGAGGCTATTTCGGAAAGCTTTTTAACGGCGCCTTCCAGAGTCTGGTAGCTGGAATCCATGGACATGGTGGAGGGGCGTTTCTTGTCTTCACCTGTAAAATCCCTGTTGTCCAAAAAATCAGGATGCTTCATGAGTTGGTATGATAGGTTTGCCCTACTATGCCAGATGACGTACATTAAGTCACAGAAAATTTACCGGCGGGCATGAAAAGAGTTGATTGTTGAAAACAGATCGTTACATTGCTCCCCGCACGGGCGTTCCCACAACATGCCGTTGGTCCTTCAGGCGCATTGGCCGCCATGTCCGTGTTGAGGGGAAACCCGGTACATTACATACGATTATGTCGGAAAACGAAACCACTACTGCAGAAGAAACCGCCGTTACCACGCTGGCCCGTTTTGAGGTTCCCAGCCGTCTGGAAAAAATTGAAGATCCGAATGATGCGAATCATTTGACCTTTGTGGCGGAACCGTTTGAAAACGGTTACGGCCATACGCTTGGCAACTCCCTGCGCCGCGTTCTTCTGGGTTCTCTTGAAGGCGCCGCCATTACCTCCGTCCGCATCGCCGGTGCGCAGCATGAATTTTCCTCCCTGCCCGGTGTGGTGGAAGATGTGACGGAAATCGTGCTGAACCTGAAAAAGGTCAAATTCAAGCATAACGGCAAGGAACCGCGCCTGCTCTCTCTGCGCGTGCATAAGCAGGGCGTTGTGACTGCTGCCGATATTGCCGACGACACCGTTTACCAGGTGGTCAATCCCGATCAAATCATTTGCACTCTGGATCAGGACACCATGTTCGAATGCGAATTCCAGGTTCGCGTGGGCCGCGGTTTTGCCACCGGCGATGAAAACAAGGTGCCGGATATGCCCATCGGCGTGATTCCGATCGACTCCATTTTCTCTCCGGTTACCCGCGTGAAGTATTCTGTGCAGAATACCCGTGTGGGGCAGATGACTGACTACGACAAGCTGATCCTTGAAGTCTGGACGGACGGCCGCATCGCCCCCGCAGACGCCATGCTCCAGGCTTCCGCCATTCTGCGCCATCACCTGGACGTATTCGTCAACTATGACGACAAGCAGGTCAACTTTGAGGAAGCTCCTTCCGCCGTCCAGGACGAGGAAACGGCCCGCCTGCGCAAGTTGCTCAACATGAGCGTCAACGAAATCGAGCTTTCCGTGCGTGCCGCCAACTGCCTCAACAATGCCAATATCACGACCGTTGGCCAGCTTGCCATGAAGAGCGAAAGCGAAATGCTCAAGTACCGCAATTTCGGCAAAAAATCCCTCAACGAAATCAAGGACAAATTGCTGGAACTGGGTCTTTCCCTGGGCGTTCAGGTGGATCCATCCCTGCTTACCGGTCCCGTGCCGCAGGCCAAGCCGCGCCTGGGTCTGGAAGAGGAAAGCCCCGTGGGCCTGGCAGACCTGATTGCCGCCAACATCGAAGACGACGACGACTAAATCTCACAAAACCAACACACATAGAAAAATATCATCATGAGACACGGTGTAAAAACCTCCAAGCTTCAGCGCAATGCTTCTCACCGCAGGGCTCTGCTCGCCAACCAGGCATGCAGCCTCATCCTCAATGGACGCATCACCACCACCCTGGCCAAGGCCAAGGCCCTGCGCCCCTATGTGGAAAAGCTGATTACGCTTGCCAAGCGCGGTGACGTGCATTCCCGCCGCCTGGCTACCGCTACCATTCATAATACGACCGCCGTTAAGCGGCTGTTTGATGAAATCGCTCCTCTTTGCGCGGAACGCAAGGGCGGCTATACCCGCATCGTCAAGCTGGGCCAGCGTCTGACTGATTCCGCCCTTGTGGCCATGATCGAAATTATCGATCTGCCCCGTGAGGCTGCCGAAAAGGAAGAAGCTCCCGCCACCACGGAAGCCACCGCCTAAGACGCACCTCTGGAACATCCTGTTAATACCCCGCTCCGGCCTTTTGTGAGGCCGGAGCGGATTTTTTATTGGCAATAAGGAAGTTATGGCGATAATATCGCTCTTGCTTCTTTCCTGCCGGAACGTTATAATCCAGCTTTAACTATGGACGCAGTATTATTGTTTTCCGGACAAGGTGCCCAAAAAGTAGGCATGGGCAAAGATTTGTATGACCAGTATCCCGTCGCCAAAGCCCTGATTGAACAGGCGGACAAGGCGCTTGGAGAATCCCTTTCTGCCGTCATGTTTGAAGGCCCCGGCGAAGAACTGACGCGTACCTGCAACTGTCAGCCCGCCCTCTACGTACATGGCCTTGCCTGCCTGGCCGTCTTGAAGGAGCTCGTTCCCTCCCTGAATCCTGTGGCTGCCGCCGGCCTTTCCCTGGGGGAATTCACGGCTCATGCCGCTGCCGGGACCTATTCTTTTGAAGAAGGCCTCCGCCTTGTCCAGAAGCGCGGCGCGTTTATGGAGGAAGCATGCAACGCCACGAAAGGCACTATGGCCGCCATGATCGGCGGCACGGATGAAAACGTCATTAAGCTGGCGCAGGAATGTGACGTGGATG
NZ_CP071807.1_gap56	1800029	1803210	3181	CTGTGTATCCACGCGGACGTTGGGTGAAATCAGTTGCCAGGGTGTTTCGGGATAATGCTCTTTCAGCGTTTGGTATTCCTGTCCGGCAAAAACGGGAACATCATGGAGCTGGCGGGGTTCCTCCTGGGAATAATTTCTTTTGATGGCCTGCCGGAAGGTCCATGTCCTGGAGGCCGGATCCCAGGTGGCTTCATCGGCAAACAGCTCGTATTTCATCTTTCCGGGGGCGCTGAACTGTTCCACCCGCACCTGCCGGAAAGGATTGCCGGGGGAATCAATTCCGGGAGGATTGCCCAGATACCAGATGCGGGATTCCGCATCATTTTTGTAGATGGTGCTCTGGGAAGCATGGTTATTTTTGTTCTGGCTCAGGGAGGAGAACATCAGTTTCCTGTACAGGGCGGAGTTGGGTGCCCAGTGGAACCCGAAGATGCCGAAGTAGATGGAGGCAAAGACGGCACCGATGATGATGGGGGTGTTGATTCGGAGCAGGGACCGTCCGGACTGCAGCATGCCGGTGATTTCTGAGGATGAGGAAAGTTTGGTAAGCGCCCAGAGTGTTCCCAGGAGAAGGGTATAAGGCAGAATCAGGTTCAGGATCATGGGCAGCTGGCTCAGGTAAAAGCGGAACGTGCCCATGAGGGGTGCGTCCAGGTTCATCAGGTCTCCCACATTGTCCGCAAAATCTCCGATAATGTAAATCAGCGTCAGGATGGCCGTACACATGATGAAGGCCGTGAACCAGGTGCGCGCCACATACTTGTCCAGGATGCTCGAACGGTTGTACAGGAACATTCCCAGCGCGGGGAGAAAGCAGCCCAGAAGGATGAGCCAGGGCCGCAGGAGCTGGGAAAGGGGATATTCGGACGGCGTACCGGGAATTTCCCATTGCATCTGGGACCATTCCCGGGGCATCAGAAACCAGGCTGCCGCTCCTCCCAGCGCAAGCAGGAGGAGAAATGCGGACCATTGGCGGAAATGTCGGGCCTGGATTGCCATGAAAAAAGAGGGTGGGGCAAGAATGCCAGATCGGGAGCGGGAAATAAAGCGTTATTTGGCCGCCGGACAGGGATAAAAGGCTGCCTGAACCGCATGTATGTGCTTGCTTCGTGAACCTCAGTGCGGTTCCGCTCCTTAAAGGGAGGAAGTGGCTGCTGGAGATGTTCCGCCTGATAGAAGTTGGCTGTTGTCAACGTAAACTGGATGAGATAAAATCTTCCTGACAACTGTTTCCCGGCAACAGCCTTTCCATGTTCAAACGTCTTGTTCAATTGTTTCTTCTGTTTTTTCTGGCTGCTGCGGGTGTTCTGGCGTGGTTTGCTTGGTACGTCTCCACTCCCCTGCTCATTCCCGTGGGAGGGGAGGAACCCGCCTCTTCTCCCGTTGCGGGTTCCCTGGTGATGGAACCCGTGGAAGCCGTTTCATCCGATGGCACGGCTATTGAAGGTTATCTGGTGAGCCCGGGGCGTCCGGAGGCTTTGTCTCCGCGCCAGAGCCGCGTGCGGGATACTCTGAAATTGCGCGGGAAAATGCCGCATTTGGAGGCAAAACCGGAGCTGGTTGTGATAGCCGCTTCTTGGAATGAGGGAGTGGAAAGTTCCCTCCCTCTGGCGGAAGGGCTGGCAGGAGCCGGTTACACGAGCCTGATATGGAATCCGCGCGGGAAGAACAATACCCGTCAATTCTGCACGTACGGATTAAGGGAATATGCGGATGTAACGGCGCTTTTGGACGCCGTATCCCGGAAGCAGGGCGGATTGCCTCCCGTGGCTGCCGTGGGGCAGGGATTTGGTGCGGCCGTGCTGTTGAAAGCCGCGTCTGAAGATCCCCGCATCCGCTGCATGGTCAGCATGGACTGCTTTCCTTCCCTGAAAACCGTGGCTGTCCGGGAGATGGAGCAGGATTGGGGCAAGCCTCTGTGCTATGCCGCTTATTGGCTGCTGGATGCCGGGGTGGATTGGCGTGCGGGGTTCAGTACGTTTGACGTGGCTCCCGTGGATGATGCCCTGAAATTGGATTATCCGGTCATGGTGGTTTGTACGAACCAATATTTTTTCTCCACGCTGGAAGATTGCCTGAGCATTTACGATTCCCTGAAAAATGAGAAAAAACAGCTTTATGAATCCATCCGGGAAGGGGAACCGTATGGCACCCGGGAACGGACTTTCCTGCATTCCATTGAAGGAAAGAAGGGGGAAAAATTTGAAAAAATTTATAAGGTCAACGTCTATGCGGGGGATGACGAGCTGCAGGCTGGCATTGCGGAATGGATTCATGAGAATACGCGTATGCCCATGCCCAGGGTGTTGCCTCATGAGTCTTACAGTGCGCCCGTTACGGGTACCGCTCCTTCCGGTTCATGAATTGTTCCTTTCCTTTTGCTGATGATCCCGTGAGTGCGAATCAGGACAACAACCGAGAACTCCGCGAAAACCGCCGCAGGCGCAGCCGTTTTATTCTGCCCGCGCCTCGCCATCTGGCAGCTGTGGCGGCAGGGGCTCTCCTTGCCGCCGTGCTGGTGCATTACCTGGGGTTTATCGTTCTGAGCTGGTTTGATCTGGGCATTCATGTGCACAAAGCCCCCACTGTCCAGGAGGACAGAAAGCCTCTGCCTGAAAAAATAGTTCTGAAGGCGGACGACCGTCCTGCTCCGGATGTAGCGGAAGCCGTTGAAAAACCGGATATTGAGCAACTTGAAGAGATTCCCCCGGAATTGCCGGATTTAGAGGATATGCTTCCGGAGCAGGTAGTGATTGCTCCGGGGGAAACCAGCTTTTCCGCAGATCCGGTAAGTCCTTCCCCCCCGGAATCCCTTTCCCCGAAAATGCCGCAGGTGGACATGAATGCCGTCGCGAAGGGGTTGCCCGAACCCTCTCCGCCTGAGATGCTGAAATCTTCCGCCAGTCCGGTTACAATCAAGACGGCTGAACCGGATATGGTGAATCCGGATGAATGGTATAACAATAAGCTCAAAGGGGCGGGCGGTCAGGATGATTCCCATTTGCCGGATGGGAGCAAATCTCTTTCCCAGCTCATGGCCCAGTCCTCCTTGGGCAAGGACAGCGGGTACAGCAGGCTGGGAGCGGATCTTCTTTTTGAATACAACAAGGCGGTGATGAAAAATTCCGCCAGGCTGAGCATGCTTCAGCTTGCGGGACTGATGATGAAAAATCCGGATACG
NZ_CP071807.1_gap57	1925335	1926642	1307	GGTTGGGTCGCCGGTGAACGTTACGCTGGTATTGGGATGCCATTTGCCGTCCTTGTACGCGAAGCTGGGGCCAAAGAAGGCTCCGCGGGCCTTCTTGGCTGATTCAAAATTACGCATGAAATCTTCCACGAATCCGACGGAGAAGGAAAGTTCCTTTTCCGAGGAATGCGTTTTCCATTTGGAAATAAGATCCCAGGACCTGCTTTTATTATTAAAGTAATAACCGCTGATTTCCTTGAATTTCCCCATTTTTTTGACGCAGACGAGGAAGCGCATGTTCTCCCCGATTGCCCAGGGATAGTCCACGAAGCTTTGTCCGCCTGTTCCTTCACCGCCAAAACGTCCGGAGCGCGCATCTTTGCCCAGTTTTACCAGCTTGGTGCGTTCTTCTTCCGGCACATCATTGGGGTTGTCTCCGTGTGCCACCGGATCCCAGATGGAAAAGATGATTACTTTTTTACCGTTGGATTGTTCCTGAAAACCGATATAGCCGTCGTCAAAATTCATGGCGCAAAAGTAGGTGCCGGGAACGGATGTTTTGGCTTTCACTACATTGTACAGGGCGCTTGCCTGGGAGGGATGCCCCTGCTGGTTGATATGGACGGAACGGCACTGGCGCTTGGCCAGCAGTTCCGGGTCCTGCGCATGAAGGATGGTTCCGGAGAACAGGGCGGCGCAAATGACGGCGGCGGAGGATAAAAGACGCATGGTTTTGAATGATTGATGGTTGTCTGATTTGATGCCCGGAGGGTGGGGGACAGGCAAATAATTAGGACAGGCTAATTACGTTTGGCCTGGGGGAAATCTCGCAGGCAGGCCGCACTTTTTTCAAAATTTTTCCGGCATGAATGTGATAAAAGAAATACTTGGCTCAGGCTGGTTGCTCAAGATTCTGAAACGTCTGAAACCGTAAGTCCGGAAGGCCGGGCAGCCGCACTCTCTCCTTCCCCTTCCCGCTTTCAGCCAGCCGACGCGGAACATACAGCTTTGCCTGAATGGGGAAGGCCGTTCTGCGAAAAATTCGGGAAACGGCCTTCGGAAGAATGGGGGAAAAGGACGCGTTTGTTACCGGATGGGGTTCAGGAACAGGGGCATCAGGCCCCCCAGCACGATGAAGATGGAAAACGCGGCCAGCATGACTCCGGAAATGGCCGGTACCTGCACGGGTTCTGCGTTTTCTGCGGGCTTGTCCCAGTACATGGAGCGGATGACCTTGAAGTAATAGTAAAACCCGGATGCAGCGCAGACGATCATGACGGGGAGCATCCAACCCAGATACAGACCCGTATTGATGACGTGCACGAAAG
NZ_CP071807.1_gap58	1929787	1934343	4556	GTGTTCCGAACTGTGGCTGCGGCTCTTGCCGAAGAAGACCACAAAGATGACACGCATCATATAGAAGGTTGTCAGCAGGGCTACGCCCGCGCCGATCCAGAAGAAGACCGGGTTTTTGCGAAGGGCTGCTTCCAGAATGGCTTCCTTGGAGAAGAAGCCGGACGTGAACGGAATGGCAATCAGCGCCATGGTGGCAATGATGAAGGTGAGGGAAGTCAGCTTCATGCGCTTCATGATGCCGCCCATTTTCCAGATGTCCTGTTCATGGTGGCAGGCGAAGATGATGGCACCGGCGCCCAGGAAGAGCAGAGCCTTGAACCATGCGTGGGTGAAGAGGTGGAACATGGCTGCCTCCCCGGCCAGAAGTCCCAGGGCCATGACCATATAGCCGAGCTGGGAGAGGGTGGAATAGGCCAGGACGCGTTTGATGTCATTCTGCTGGGTGGCCATGAAGGCGGCGATGACGGCCGTAATGGCTCCGATGCCGGCAATGACATTGCAGGCCAGGGCGGGGAAGGCCTCAATGCCGATGGAGTATTGAACGCGCACCATCATGTAAACGCCGGCGGCTACCATGGTGGCCGCATGGATCAGGGCGGAGACGGGGGTGGGGCCTTCCATGGCGTCCGGAAGCCAGACGTGCAACGGGAATTGGGCGGATTTGCCCACCGCTCCGCAGAAGAGGCACAGTACCGTAATGTTCAGCAGGTTTTCACTGATTCCTGCGGGTATTTCCATCAGGCTGAAATCCAGCGTGTTGGTCAGCGCCCAGAGAGTCAGAATGCCGATCAGGAAGCCGAAGTCCCCGACGCGGTTGCAGATGAAGGCTTTTTTGGCGGCGTTGGCGGCAGTGTCCCGTGTGTACCAGTGGCCGATAAGCAGATAGGAGGAGAGGCCCACCAATTCCCAGAAGATAAAGGTCATGGCGATGTTGTTCGCCAGGACGATGCCCGTCATGGAGAACATGAAAAGGCTCAGGCATGCGAAGTAGCGTGTTTTGGCCTTGTCGTCCGCCATGTAACCCAGAGAGAAAACATGGACCAGCAGGCCGATGCCCGTGACCACCAGCATCATGCGGGAGGAAAGGGGATCCAGCACGAAACCCAGGTCCACGGAAGAGATGTCGGAAATCGGGAGCCAGGAGAAGGAATCGGATCCGGTCCGGTCCAGCAGACCCAGGGAAAGGACGAAGGTCGCCAGGCAGGAGAAGGTGGAGGTGAGGGCTGCGACGTCAGGACGTTTGGTCAGCAGGAACCAGTCAAAGGCGGCTACGACCAGCGGCAGGAAGAGCAGAAGCCAGGTGTATTGAATATCAATATTGAACATGTTCGTGGAGTAGTGTGTTGCTCTTAATCTTTCAGCGTGTTGAGATCTTGCGTGCTGGCCGTGCGCCTGGCCCTGTACAGGGAGACGATGAGGGCTAGGCCGATAGCCACTTCCGCTGCGGCGATGGTCAGGATAAAGATGGAGAGGGCCTGGCCGTCATAGTTGGGCAGGCCCATAGTGCCCTGGGCGCGGGAAAACGCTACCAGGGACAGGTTGGCAGCACTGAGCATCATTTCCAGGCACATGAAGATGACGATGATGTCGCGCCGGACAATCACCCCCATCAGGCCGATGGCGAACAGGACGCCGGAGAGGATCAGATAATGCGTAAGAGGTATCATGGTGATGGCTGTGGTAAGGGGTTCTTTATTTTCCGGAAGGGCGGCGGCTCAGCACGACGACGCCGATGGAAGCCACCAGCAGGGCCAGACCGGCGATGACCAGGCTCCGGTTGTATTTGTCAAACAGGGTACGGCCCAGCAGGGCGGTGTCCGGGAATTCTCCGTTGTCTATCTCCTCACGGATGGTGGTGCCTTCCGGATAGAGGTGGGCGGAACATTGGGGGGAGAGGGGGGGGAGAATGACGGAAGGGGCGCCGTTGTTGCGAAGGCCGCAGGCGGGAGTTTCCATTCCGGTTTTGGAGGGGGCTGCGTCCTCCTGCCCGATTTTCAAATCGTTCCAGGCCTGTTCCGCGCTGGCCATCGGGCAGCGGTGCGTTTCTTTGGCGCCAGGCAAAGAATAGATGATGCCAATAAGCTGGCCGAGGAAGAGGCCGGCGATGATGATACCGATAGCGACGGAGAAAGGCCTGCTGAAGGGGGATGTTTCCTGCTTCACATTCAGCAGCATGATGATGAACGCGAAGAGCACCATAATGGCCCCGGCGTATACAAGGATTTGGAGAATGCCCAGGAAGTGGGCTCCCAGCCCGATCATGACGGCGGCGGTGGCTCCAAAGGAAAGAGCCATCATCATGGCGGAGGAGACGGGGTTGCGCATGAAGACGACCATCAGGGACAGGACCACGGCCAGGGCCCCGAAAACGTAAAAAAGTATGTCGCTGGCAAAGATGTTCATAACGTACGGGAAATGGAGTGTTCGGGGGTTATTTGTATTGGTTCCACTTGTTGACCAGCCCCTTGCGGGTGCCGCCCAGTTCGTAGAGCTTGGCCTTGTTGTGGATGGCCTGGGTTTTATCCGTGGGGGTGAACAGGTAGTTATGGCTCATGAAGATGGCCTGTTCCGGGCAGGCTTCCTCGCACATGCCGCAGTAGATGCAGCGCAGCATGTCAATCTGAAATTCCCTGGGGGCTTTTTCCACTTTGCCCCACGGTCCTTCCTGTATGGGGCCGGGGGTGATGGTGATGGCGCGGGCCGGGCAGATGAATTCGCAGAGCTGGCAGGAAACGCAGCGTTCACGGCCGTCTTCGCCTTTCACCAGCACGGGAGCTCCGCGGTAATATTTCGGCAGATGTTTGTCCCATCTGGCTTCCGGATATTGCATCGTAACGCCGATGCCGGAACCGGCCAGTTCTTTTTTGTTGCGGGATTTGCCCAGCAGAGCCAGAACGAGATGCCTGATAGTGAGCCAAAGACCGCCAAGAATGGATTGCAGATAGAACCGCTCTCCAAGGGAAATCTTCGGACGCTTGATCGTTTTGAAGGCCATAATAGTAATGTTGTCGGAATGAAGAAGGGGGGGATTACTTGACGAAGTACAGGATGGCGGCTGTAAGGAAGATGTTGATGACGGCCAGTTCAAAGAAGACCATCCAGCCGAGCTTCATCACCTGGTCATAGCGGAAGCGGGGGAGCGTCCACCGCACCCAGACGAAGAAGAAGGCGAAGAAGAGAAGCTTGAGCACATATGCGATGAGCTGGCAGATGACCGCCACCCAGTTGGCTACGTTTTCATTGAGCCAGCCGTCCAGGCCGAAGCCGATGGACCAGCCCCCCAGGAACAGCGTGATGACAAGGGAGGATCCCACCACCATGGCGGCATATTCCCCCATGAAGAATTGGGCGAATTTCATGGAGGAGTATTCCGTATGGTAGCCGCCCACGAGGTCCGTTTCACATTCGGACATGTCAAACGGCGTACGGTTGGCTTCCGCAAAAATGGAGGTGAGGAATATGATGAAACTGATAGCTACGGGCACCAGCAGTATCCAGCGCTGCCAGCTCAGGCCCTCGCCCCACACGGGAAGCAGGAGCCAGCCGTTGGCGGCCTGGTATTCCACGATGTTGGACAGGTCCAGCGTGCTGTAAATCATCAGCACAGGGATGATGGACAGACCCATGCTGATTTCATAGGAAATCATCTGGGCTGAGGAGCGCACGCCGCCCAGGAAGGGGAATTTGGAGTTGGATGACCATCCGGCCAGCACCAGTCCGTACACGGAGAGGGAGGAGATGGCGAACATCCAGAGGGGGCCTACGCTGAGGTTGGCCACCGCCATGTTGACGTTTCCGTAAGAGGTTTGAAGGTCTCCGGCGAAGGGAACCACGGCCGCCGTCATCAGCGGTGGCGCAAGCACCAGGATGGGAGCGATCCAGAAGTATACGCGGCGTACGAAGGGGGGCGTGAAATCCTGTTTCAGGAACAGTTTGCCGCCGTCCACCATGGGCTGCACGAGACCGAAGATGGGGATGTCGCGGTCCAGGCGGAAAAAACGGCACAGGTTGGCGATTTTGCCGTCATGGGGCAACCCGAAGTAGTCCAGCGTCTTTTTGAACGGCAGGTCGGATTTCATGCCGAAGCGGCGGAAGATGCTTAACGGAATGCCGGCGCGGTTGGGGCCTACGCGGTCCTGGATCCAGGCGGCCACCCGGCGTTCAATGTACACGCAGACCGGAATGAACAGAATGGTGATGGCAAAGCAGATGACGATTTTGATCAGCAGAGTGATGATATAAAACCACACAGGGTTGCTGAGCACCTCGTCGCAAAAGGTTAGAATCGAATCAATCATGGCGGATTAACAGGTTGTATGCGTGTGAAGTGTGATTAGCGGCCCTGGTTTTTTTCGCGTTCCACCACGGGAATGGTGACGCCGGTTTCCAGAATGGGCTGGCCCCCGTCTCCGATGGAACCCCAGGAGACTCCATTGAGTGCGCCGTATTCCGTGCTCATGGCGGTGAGGATGTCCAGGGCGGAGTTGAAGTCTTTCAGAGCAGGATTGCCTCCCAGCAGAAGGGTGATGTCTCTGAAAATCTGCCAGTCGTCCCGG
NZ_CP071807.1_gap59	1954340	1959166	4826	ATGATATGGTCCCATTCCCAGGAGCTGACCATGCCGCCGAACAGGGCCAGAAAGATGCAGACGCCGCCCGCAATGGCCGCAATGAATGTGCCCGGGATAACGAAGAATTCCACGCAAAGAAGGACTATGCCCAGAACGAGCAGGGCCGCCGTCTCATAGCCGGCCAGATTCCCGGCAATGTTGTTGCCGAAGAAGAACAGGGCAAACGCGGCAATGGCCACAATGCCGCCGATGCCGAATCCCGGCGTTTTAAATTCCATGTAAATGCCGCCGATGCCCAGCAGGATCAGGATGGGGGAAGCCCATGCAATCCAGAGGCCGATGCGCTCAAAGGCCGTAGGTTCCGCCGTGACCACGGGGGCATTTACTTTCTCCTGGGCCAGCAGGTCCGTGACGGAGGAGGCTGTGCCCTGGGCCAGCAGGGGCCTGCCGTCTTCCAGACGCGCGGCGGCTTCCTTGCCCGTTAGGGTCAGGAGCGCGCCTTTTTCCAGTTTGACGGGGCCGAACTGCTGTTCCTGGTCGGACGGGATCATCATGGCTTTCACCACTTCCGGGCGGTAACCCTTTTCCGTCACGACGGAGCGGGTAAAGGCCCAGAAGGCGCTTTCCGCTTTCTTGCGCATGACGGTATCCATTTCCTCTCCGGATGAGGTGATGATGCCCGCTGCGCCGATGGAGGAGACGGGAGCCATGTAAATTTTGTCGCACGCCGCGGAGATGAGCGCCCCGGCAGACATGGCCCTGGGGTTTACGTAGGCGTAGGTGGGAATGGTGAGCGGCTGGATGCTTTTCATCATCATCTCGCTGGTCTCCCAGGCCAAACCGCCGGGCGTGTTCAAATCGAATATTACCGCGCGAGCCTGCTCCTCCTGCGCCCTTTTCAGGATGCGGTTCATGAAGCCGAAGCTTTGTTTGCTGGTCAGGGAGTCCTCCCCTACGGGGATGACGACTACCCTGTCGCGGAAGGTTTCCTCCGCGGCCGCCCGGAAGGGGGCGCCGGCAAACAGGGCCAGCAAAGCCAGCAACAGAAGGTGAATGCGCTTCATACGGGCAGGCTAGCATGTTCCGCTCCCGCGCTCAATGGGGAAATGTGTTCCTCCGGGGCGGGAAGCCGCCGGTGCTGCGCCGTCTTTTCCCTGCCTGTGGAGGCCTTGTTTCCTCGCATGGCGTTCCGATTCTGTATTCTTGTGCACCCGTACCCCTTGTGATAGACTGGTTCCGCCTTATGGGAAGGATTGATGAAGACAGTATCCGGCGCGTTCTGGAGGCCACTGACATTGTAGATGTGGTGGGATCCTATCTTCCCCTGAAAAGGGCCGGTTCCCGGTGGAAGGCATGCTGCCCGTTCCACAATGAAAAGACGCCTTCCTTTATTGTGGACCAGAGTCGGCAGAATTTTAAATGCTTTGGCTGCGGGGAAGGAGGGTCTGCCATCACTTTTGTGATGAAGATGGAGAACCTGGGATTTGCGGATACCGTGCGAAGGCTGGCGGAAAAAGCCGGAATCTCCATTGTGGAGGAGGTCTATGACGCAGCGGAGGAAAGGCGGCGCAAGGCACGCACGGCTTTGCTGGTGGCCCACAAGAAGGCGGCTGGGTTTTTCCACAGGCTCCTGCTTTGTTCCCCGAAGGCGGCGGAGGCCAGGGCTTACCTGAATTCCCGCGGATACGGGGCAGACATGGCGAAACGCTGGCAGGTAGGGTGGGCACCTGACTCCTCGCGGGAGTTTCTGGCCTGGGCCCGCAGGGAGGGGATCCCGGATCAGGTGCTGATAGATTCCGGTCTCGCCAACCGCGGAGAACGGGGAGATTTGTACGCCCGCTTCCGGGACAGGCTGATGTTCCCCATCAACAATGTGTACGGAGAATGTGTGGCGTTTTCCGGCCGCATTCTGCGGCCTCAGGAAAACGTAGGCAAGTACGTTAATTCCCCGGAGACGGCCATTTTCAAAAAGGGGGACGTGGTGTTTGCCCTGGACAAGGCGCGCGGCCCTATGGGAAAAAGCGGCAAAGCCCTGTTGTGCGAGGGGCAGATAGACGTCATTGCCTGCCACGAGGCGGGTATTTCTTTTGCCGTAGCCCCTTTGGGGACGGCGTTTACTCCGGAGCATGCCCGGATTCTTTCACGCTATGCTTCACGGATAGTGTTGTGTTTTGACGCGGACAAGGCGGGCATGGCTGCGGCGGACCGGGCTTTCCGTGAACTGGCCCCTTTTGGCAAGGATATTTACCTGGTGAACCTTCCTGCCGGGGACGATCCGGATTCTTTCATGAAGAGGGAGGGGAAAGAGGCTTTTTCTGGGATGGTGGAGCGGGCCCGTTCCTTCTTTGAGGTTCGCATTGAACGGGCCAGGGAGAGCGGTTTGTTGGATGACGCCGCTTCCAGCGCCGCTTTTGCCCGTGAGATGACGGCCCTGCTGGCCTGCATGAGCGATTCGGTGGCCCGGGACCTGGCTACGGCTGACGTAGCCACGCGCATGCGCATGGCTGCGGATAATTTGCGCGGCGCCGTCAGAATGGCCGGACGCCGGAAGGGGCAGGAACAGGCCCAGTCCGCAGAGCGTAAGACGGCTGAGGAGGTTCCGCAGCATCCTCCTGTGAAAATGGATCGCGCCGTGGCCGTGCTCTGTGAACTGGCCCTTCAGAATTCCCGTGCCCAGGGGCTTATCGTGGACCGCATTGAAGAATTGCTGGAGCCGATGCGGCTGCTGCAGGGCGGAGGCATCTTAAAAAAAATTCTGGCCAGGCTGCCTTCTCCGGACAGCCCCGCGGCCGTTCAGGCTTTTCTGGTGTCTCTGCCTCAGCCGGAACGGGATGCCCTGGGCATGCTGAATCTGGAGCCCATACCTATTCCCGATGTGGACAGGAGCGTACAGGAAGCCTGCTCCGGCATTGCGAAGGCCGCTTTGGAGAGGCACATCGCCTCCCTGATGGCGGAACTGGCGGATCCCTCCACGGATGCTGCCAGAAGGCTGGAATTGTCCAAACTTAGTGTTGACTTGAAGCGTTTGCTGGGTACAATGTAGTGCCTCGATACCTCCGGGTATTGATATAATGGTGAATTGTGCCCTCTTCTTTTCAAGATATGTCCAAATCCGGTGACCCATCCCCCTCTTCTCCCAAGAAGACTTCCGCCAACAAAAAAGCTTCTGAATCCAAGGAAAAAATAGCGGCCCGGCCCGCCGCAAAAAATTCCAAAACCGCTCCGAAGGCGGCTCCTGTCAAAAAAAACTCTGCCAAGGCTGCCGCTCCGGCTGCGGAAAAGGCCGCCGCCAAGCCCGTTGCGGAAAAAAAGGCCCCGGCAAAAAAAGCGTCTCCGGCTTCTGCCTCCAAGAAGGCGGCGCCGTCCGCCAAAAAGACTCCGGCAAAGGCGCCTGAAGCTGTCCCTGCCAAGAAAGCTCCAGCCAAGGCTGCGGAGAAGAAGCCGGCTGAGAAGAAGGCCGCCAAACCTGCCGCGAAGGAGGAAACGCCCAAAAAATTAAGCGAAATACTGGAAGAGGAACGCAAGAGGGCTGCCAGCCGCAAGATCACGAATCCGATTGACGCTCCGGAAATTCAGGAAAAAATCCGTGAACTTATCAAGCTCGCCAAGGAACAGGGGTATCTGACTTTTGACGATATTAATGACTCCCTTCCCAACGACATTGTCGATCAGCAGGATTACGAGGCCATCATGGACCGCCTGCGCAGCATGGCGTTTGACATCATTGACGCGTCTGATGTGGACAGCTACACGGACCGCACCCGCATCAGCACGGAAGAAGAGGACGAAGAGGAAAAGCTCGAAGCCAAGATGGACATTCTGGATGATCCCGTCCGCATGTACCTGAAACAAATGGGCCAGGTTTCCCTGCTTACCCGTGAAGAGGAAGTGGCCATTTCCAAGAGAATTGAGGACGCGGAACAGAACGTCCAGCGCTGTGTGCACCGCTTCGGTTTCATCGCGAATGCCTATCTGGACGTAGCCTATCGCCTGCTCGACAATGAGGAACGCTTTGACCGCGTTATCCTTGACAAAAAGATAGACTCCCGTGAGCGCTATATGAAAGGGCTGGCCCAGCTCTGCGCCCAGATACAGCAGACCCATCAGGACGCATCCGGTTCCTTCCGCAAGCTGTACCGCAGCAAGGAGGCGGCCAAGTCCGTCAAGGCCCGCCAGGCCGAATTCGACAAAGTTGCCGGCGCTTTGGTGAAGTTCTTCGGTCGCCTGTATTTCAAGCACAAGGTGATTGAGGATTTCTGTTCCATGATTGACGAGGCCCGCGACCGCGTGCTCCGCATGCAGAAGAAGGTTGCCCTGGAACCGGACAACAAGGAACTCAAGGAACATCTGGCAGAGCTGGAGCTTCGCATGTGGATGACTGCGGATGAGATGGGAGATGCCTACCAGGAACTCCGCAAATGGCTTCGCGAAGCCCGCAGGGCCAAGGATGAAATGGTGGAGGCCAATCTGCGCCTGGTCATTTCCATTGCCAAAAAATATACCAACCGCGGCCTCTCCTTCCTGGATCTGATTCAGGAAGGCAACATGGGCCTGATGAAAGCGGTGGAAAAATTTGAATACCGCCGCGGCTACAAATTCTCCACCTATGCCACCTGGTGGATTCGCCAGGCCATCACCCGCTCCATTGCAGACCAGGCCCGCACCATCCGCATTCCCGTGCACATGATTGAAACCATCAATAAATTGATGCGCGTGCAAAAGCAGTTGGTGCAGGAGTACGGTAGGGAACCCACTCCGGAAGAAATCGCGGAAGAAATCCATCTGCCTGTGGAACGCGTGCGTTCCGTTTTGAAAATGGCCCAGCAGCCCATTTCCCTGCAAGC
NZ_CP071807.1_gap60	1961158	1966092	4934	TAACAAAGTAATTTGGCAGGCGGACCATGAAGCCGCATTAGTGTGGAGAACGCCGAGGGGAGCCAATTTTAACAGTTATGAATTTAAGGCTTTTCTGCGCCAGCAGGACGGTTCATTCATGGAAATGGGGAGGTATTCCGTCATGTCTAGCTATGGATATTGGGATGAAAAAAATATCCAATTCTCCGATAAAGGATTTCAGGTTGTTTTAATTGCGGATGGAGGAGCAACGCATGCAAGTCATCAGTTCTATTATTCCCAACCTGCCGCTACCTTTGTTTTCCGGTTGGGCCGGGAAGAGGGCAAATGTTCCAACGAGGAAGTGTGGATGGACAATGGCAGTTGATTTCCAAACCGGTTTGTCTGCAATATAGGAGGGGAAAAGTGCAGTTTGGATGAACCCCGGCCATTCCTTGACGAAGAGGTTTTTTTGTTGCGGGCGTCTTGGCCGCGCGTATCGGGGGCCGTAAATACGGATTTTTGATGAAAAGGCCGTTCCGCGGTAAAGGCGGAACGGCCTGAAAAGCGTTTATACGCAGGAGATGTTAATGAGGCAGGCGGAAGTTGCGGTTAAACGCGGAAACTTCTTCCTTAAGCTGGGAGAAGCCTTCCGGATTCGGGCATACCTGGTCACCTACGTACAAGGCCAGCGCACGCGCAATGAATTCAGCCACCTGTTCCACGTCTTTTTCCTTCATGCCGCGAGTGGTTACGGCAGGCGTACCGATGCGGATGCCGGAAGGTTTCATGGGAGAACCCGTGTCAAACGGGATGGCGTTCTTGTTTACGGTGATGCCTACGCGGTCCAGGGCTTCCTGCGCATCTGCACCGTTAATGCCTTTGTTGCGGAGGTCTACCATGAATACGTGGTTGTCCGTACCGTTGGAGACGACGCGGAAGCCGAGTTCCGCCATTTTGGCCGCCATGGCCTTGGCGTTTTTGACAACCTGGGCCGCATAGTCCTTGAATTCGGGCTTCAGAGCTTCTCCGAAACAGGCCGCCTTGGCGGCAATGATGTGCATGAGGGGGCCGCCCTGCATTCCGGGGAAGACGGCTGCATCCAGTTTTTTGGCGTATTCCTCCTTGCAGATGACGAAGCCGCCGCGGGGGCCGCGCAGGGATTTATGCGTGGTGGAGGAGACGAAGTCCGCATGGGGAACCGGATTCGGGTGCTGCCCCCCGGCCACCAGGCCCGCGATGTGGGCCATGTCCACGAACAGGTAGGCACCGCAGGCCCTGGCAATCTGGCCCATGCGTTCAAAGTCGATTGTGCGTGAGTAGGCGCTTGCTCCCGCCGTGATCATTTGCGGCTTTACCTCCAGAGCCAGTTTTTCCAAAGCATCATAGTCAATAGCTTCCGTTTCCTGGGATACGCCGTAGTGAACCACATTGTACAGTTTGCCGGAGAAGTTGGCCCGGTGTCCGTGGGTGAGGTGGCCGCCGTGGGAGAGATCCATCGTGAGAATGGTGTCGCCCGGCTTCAGAACAGAGAAGTAAACGGCCATGTTGGCCTGGGAACCGGAGTGGGGCTGCACGTTGGCATGATCCCCGCCGAAAATTTTCAGCACGCGGTCAATGGCGAGCTGTTCCACTTTGTCCACCACCTCGCAACCGCCATACCAGCGCTTGCCGGGATAGCCTTCCGCGTATTTGTTGGTCAGCAGGGAGCCCTGGGCTTCCCGGACGGAGGGAGAGGTGAAATTTTCGGAGGCAATCAGCTCAATGTTGTTGCTTTCCCGGCGTCCTTCCTCCTGGATGAGGCCCGCCAGTTCCGGGTCCGTCCATTGCAGGGGGCTACCGGAGGATTTAACGACGCGGCGTTCATGGCGTCCGCCTTCAAAGTCAGCATGCAGCCAGGCGTCCAGGACGTCTTCCACACTTTCATTGTCCACATAGGCGGAAGCCAGGCAGAGCAGGTTGGAATCATTGTGCTGGCGGGAAAGGGCCGCAGCAGGGGCCGTGCGGCAGAGGGCGGCGCGGACGCCCACCCAGCGGTTGGCGGCAATGCTCATGCCGATGCCGGACCGGCAGATAAGGATGCCGCGGTCGTTGGTGCCGTCAGCAATGCTGCTTGCGACTGCATTGGCGTAGTCGGAATAATCACAGGAATTTTTGGTCATGGTTCCCATGTCGGTCACTTCATGACCCCATGCCTTGAGGAGTTCTGCTACGGTTTCCTTGAGATCGACTCCGGCGTGATCCGCGCCGATGGCAATTTTGTATGTCGTATTCATGGTGGTGCTCATTGCTGACGGGCAAAAATACTGCCTTATTTCCCTCCGGCTGGCAAGCCCCGGATTCATTTCGGGCTGTTCGGGAGGCACGGCTCCCGGAATTGCCTCGGAAAAAAGAACCCCGGTTCCCTGAATGGGACCGGGGCGGCAAGGAGGTTCGCGAGGAGCGAGCCGTTATTTTCCGGAGGATTCCAGCTTCAGCATATCCTGGACGATGTTGATGCCTTCGCGGAGTTCCGGATCAAGGCCGGAGGGGTATTCCGGGGAGTCGTCCAGTTCTGCCGTGGGGTCTTCCGCCAGGTGCATGAATTGTTCATTGTCTTTTTCCGGATCCGCCAGGGGCAGCTCCTTGGCGTTGACGTCATCCAGCGTCAGGCGGTAAATTTTGTATTTGGTTGCGTCTTCCCTGGCCATTTCCGCGAAGCGGATTTTACGTTCCTTGTTGATGGATTTGCGGCGTTCTTCCAGGGCGGAGTTTTCCTGTTCCCGGATTTTCTTGTTCAGGGAAAGCTTGTTGTCCTTGATGCGCTGTTTCATCATGGCGATATCTTCCCTGGCAATCTGGAGGTCGCGGTCTTTTTCCACGCGCTTCGCGCTGGCATCTTTCAGCACGGGCAGCATGGCCGCGATGGAGGAGTCCTTTTTGTAGTTGGTGCAGGGCGTAATCTGGTCATAGGGCATCGCGTAGTCCAGAATGTCTTCTCCCAGCTCGAATGCCGCCGTAGCGGTGGGAAGCTGGATATCGCTTTCCACGCCTTTGAGCTGGGTGGAGCCGCCCGCCACACGGTAAAATTTCTGGGTAGTGACTTTCAGCAGGCCCGCACGGTCTCTGGCCGCGAAGAAAGGCAGGTATTGGCCGATGTCCACAGGCTGCTGCACAGACCCCTTCCCGAAGGTGGATTCATCCCCCACAATCACGGCGCGGCCGTAATCCTGAAGGGCCGCGGCCAGAATTTCAGAGGCGGATGCGCTGAGTTTATTAATGAGCACCACAATGGGGCCATTGAAGAGTTTCTGGCGGTTGTGGGCGGATTTGATATCCACGTTGCCGCGGGTGTCCTTGATTTGTACCACGGGGCCGTTTCCGGTAAAGAAGCCCGTCATCAGGCGCACTTCCTCCAGGGAACCGCCGCCGTTGCTACGCAGGTCAATTACCAGGCCATCCACATTTTCCTTGTTCATCCGTTCCAGGATTTTTTTGACATCCTTGGCACAGCGGCGGTCTCCGCCTTCCATGTCTGCGTAGAAGGAGGGAAGGCTCAGCACGCCAATGCGGTTCCTGCCTTCCGGAGCTCCGGTAAGTTCAATGATTTCACCTTTGGCAAGTTCATCCTTCAGAGGTACCTTGGAGCGGGTCAGCGTAATGATTTTGGCCTGTCCGGGGGCGTCTGCCGGCTCTACTTTCAGGCGCATCTGGGTATTTTCGGCTCCGCGGATCATATCCACCACTTTGTCCAGCTTCATGAACAGGATATCCACCATTTCTCCGGAGTTGTCGGAGTCAATGGCAACGATGCGGTCGTTCAGCTTCAATTCTCCGGATTTGTCAGCCGGTCCTCCCACAACGATACCGGTAATTTTGGTGGAACCGTCGTCTTCACTGCCCAACAGGGCGCCGATGCCGGTGAGTTCCGTACCCATGGAGATTTTGAAACGGTCCACCTGGCGCGCACCCATGTAATCCGTATGCGGGTCATACGTCAAGGCTACGGCGCTGAGCAGTGTTTCCGCTACGTCTTCCAGATCCGTTTCCTGAATATTGCGTTGAATGCGTTCATAACGCATAAGCAGTTTTTCCTCCGCGGGTTTTTCATTGGCCAGGGGATCGGGCTTGTTCTGTTCCTTGGCCAGGCGCGCTACGGTTTCACGGCGCAGGATTTCGGACAGGAGCTGTTCCTCCACCATGTCTTTCCAGACCTGCTGCATTTCCGCCTCATCCTTGGGCCACGCGGCTGTTTTGCGGCGGGAACGTTCGATAGACTTGTCTTTGTCAAAGGTGAAGCCTCCCTTTTTCAGCAAATCCCGCGCATAGGAGATGCGCTGCATGGCGCGCTGGCGGTAAAGGGCGTGCATGGCCTGGGCCGCATCCATCATCTGGCCGGACATAAGGTAGTCGTCCAGCTCCTTACCGTATTTTCTTTTGAGGGCGTCTACGTCCTGCTGGGTGAAGAATATTTTGTTGGGGTCTACCTTGCGCAGGTAGGTTTCCAGGAATTTAGTGGATAGTTCATCGCTGAATTCTTTGCGGGAGAAGTGGAAATTCTGGAGCAGCAGGGACATTTGCTTGCCCACCTGGTTGAAGTCCGTAGCCGCAGAGGCGCAGGAAGTAATGGCGGCTGCGGCCAGGGCCGAGAATGCGGTGAGTCTAATCCAACGGAATGAGTGCATGTTCATAACGGAAAAGGGTGCGTTTTTTTCCATTTGGGGAAAAAGCTGGCGCCGGGATGTAAGTGTTACTGATTTGCAGGTGATTGTCTATCTTATAAAACGTCCACATGACGCTATTTTGCTCTCCTTGTTTCCGGAAGGGGACAAGAGTAAATGGAAGCCGGTTCATCCGGAAATATCCGGCGGCGGCAGGGGGAGGAAAGAAGAGAATTCATGGGTGGATAAATCCACCATAAAGTTTGAAATTTTGTGCGGAAGTCCGGCATTTGTCATATTGGAGCTGCATGGAAATGGATTTCATTTTACGGATGT
NZ_CP071807.1_gap61	1968183	1971522	3339	TCCCTGACGATTGAGGGAGTGCGTACGGTGGTTGATTCCGGGCTGGTCCGCCGGTCCGGATGGGATCCGTACCGGGGGATGGATACGCTGCATCTGGTGAAGATTTCCAAGGCGTCCGCCGCTCAGCGCGCGGGCCGTGCCGGGCGCGTGGCTCCGGGGCGCTGTTTCCGGCTGTGGAGTGAGGCGGAACAGGCCCGGAAGGAGGATTTTGACCCGCCCGAATGTTTCCGGGTGGATCTGGCCGGAGCCGTTTTGAATTTGGCTGCCTGGGGCGTCACCGTACCGGAAAATTTCCGTTGGCTGGATGTTCCTGCCCCCCTGGTGATGCAGCGGGCCGTGAATTTGTTGGCTGCCCTGGGTGCGACGGAAGAGGATGGAAGCCTGACGGATACGGGAAAAAGGATGACCGCTTTTCCCCTGCCGCCCCGGCTGGCCCGTCTGATGGTGGCCGGCCAGGATGAACAGTGTGCCGTGGAGCTGGCCGCCGTTGCAGCCCTGATGCAGGGAGAAGGTGTTGCGGTAAAGGGGGGGCTGAACGATCATTTGCGCGATTCTGCGGATTACACGGATTTCCAGGCGGAGTGGCGCGCGGTGGAGAAGGCTGTGGATGCCGGTTTTGGGGCGGCGGCGTGTACCCGCTGGGGCATCTCTTCCCGCGGGGCGCGGGAGGCATGGATGGCATACCGGCAGCTTCTATCCGTCGGCAGCCGGGGAAAAGCCCGGGAAACGCCGGGACCGGATTTTACGGCGGCGCGCCCTGCCGTAGTCCGTGCAATGATTGAGAGTTTTGCGGACCATGTGGGTGTGCGAAATGGCGTGGCAGCCAATACATGCCGCATGGCCGGCGGGGTGGGCGGCAGGCTGGCGGAAGGAAGCGTGGTGTTTCAAGGAGAGCATTTCGTAGCCGCAGAGGTGGCGGAATTGTCCGGAAAGGCGGTGGAAACCCGTGTGGGACGCTGTACGCTTATTGCGCCGGAAGATTTGCGTTCCATTTGGCCGGAGCGTTTTTCCTGCGGGGAGGAAGCCGTCTTCGATGCCGCTTTGCGGCGCGTGCGTCTGCACCGGAAGCTGATGTATGGAGATCTGGTGCTGGAGGATCGTGACCGCGGGGATGCCCCTCCGGAGCTGGCCGCCCCGGTTTTGGCTGAAAAAGTAGTGGACGGAACCCTGAAGCTGGTGAAATGGAATGATGCCGTGGAACAGTGGATACGCCGTCTTAATGGTTTGAGCGTTTGGATGCCGGAACTGGAGCTGCCCCGGTTTTCGGAGGAGGACAAGCTGGTCGCCATTTCTTTGGTCTGTGAAGGGGCCGTGGGTTATAAGGACATCAAGGAAAGGGAAATTATTCCCGTGCTGAGGGATTGGCTTTCCGGCTGGCAGGCGAAGGCGCTGGACGATTATGCCCCGGTAAGCCTCACGTTGCCCAACGGCCAGCACGCCAAGGTCAGGTACGGGGAGGATTCCTCCCCGGTGATCAGTCTGACGGTGCAGCGCCTGTTCGGCGTGGCGGTTTCCCCACGCATTGCCAACGGGGCCGTACCCGTGATTGTGGAGGTGCTGGCCCCCAGCCAGAGGCCGTGGCAGGTAACGGGATCTCTGGAAAGTTTTTGGCGGAACGGATACGGGCAAATGAAAAAGGACCTGGCGGGGCGTTATCCCCGGCACCGTTGGCCCGACCCCGGGGAACTGGATTTCCTTCCCCGTTCCCGGTGATAAGGAGAAAGGATTTTTCTGTAACAAAACAGTAGCAAAATCGACCGTTTCCGTGTAAAGAGGCGGTGGTGCAGCTCGCGGATGCCCTCCGCCCACCATTCACAAGAGACAGTTATGGACTCAATTTACTGGATTATCATCACAGCCCTGCTGCTTCTGGCGGCATTTGACTTGATCAACGGCGTAGCGAATGACGCTGTCAACTTCCTCAATTCCGCCATCGGTTCCAAGGCTGCACCCGTGCGGGTGATCCTGACCGTAGCTTCCATCGGCGTGCTGGTGGGGGCCTGTTTCTCCGGAGGCATGATGGAAGTAGCCCGCAACGGTATTTTTCACCCGGACATGTTCAGTTATCATGAAGTGATGCTGCTTTTCCTGGGGGTAATGATCAGCGAAGTGATTCTGCTGGATACCTTCAATACTTTCGGATTGCCTACGTCCACCACCGTTTCCCTGGTATTCGGTATTTTGGGGTCTGCCGTAGCGACGGCCCTGTTCAAGATTTCCAAGCTCCGCCTGGTTCAGTCCGTGTGGGATTTCATTAATACGGACAAGGCTTTTGAGATTGTCACCAGCATTCTTCTTTCCGTAGCCATCGCCTTTACGGTAGGCACCATCGTCATGTGGATTTCCCGTCTGGCGTTCACGTTTAAATACCAGTCCCGGTTCAAATGGTTCGGCTGTTTCTGGTGCGGCATTGCCATGACGGCGATAGCCTATTTTGCCGTTTTCAAGGGCTTGAAAGAGTCTACCCTGATGGAGCCCTCGTTCATCCAATACATTGACCAGAATCTGGGCATGGCCCTGCTCACGGCCTTCGGCGGTTTTTCCGTGCTCATGTTCCTGCTTCAGCATTTGTTCATGACGAATATTCTGCGCCTGACCGTTCTGGCGGGCACTTTTTCCCTGGCCCTGGCTTTTGCGGGCAACGACCTGGTGAATTTCATCGGCGTTTTCATGGGTGGTCTGGATTCCTTCCAGTACGCCAGCAGCGTGGCGGCGGCCGGTGGCTCTCCCTCATCCATCACCTCCATGGAGTGTCTGATGCCGGGGCAGGGCATGCCGGTAAACCATTATATTTTGTTCGCCGCGGGCTGCATGATGATTTTTGCCTTGTGGTTCTCCAAAAAGGCAAAAACGGTGATCGCCACCGGCGTGGAACTTTCCAGGCAGGGTGAAGGCGGTATTGAGCGTTTCGGCTCCGTCCCCCCCGCCCGCGCCATCGTTCGCAGCGCCATCGCCCTGGGACGCGGGGTGAAAAGGCTTATTCCCGCCCGCATGCTGGTGCGCATGAACCACCAGTGGGATCCCGCCCCCCAGCCCTTGAATCCCAAGGACCGGGTGGCATTTGACCTGATTCGCGCCACGGTGAACCTGACGGTTGCTTCCCTGTTGATTGCATGGGCTACTGGCAGGCAGCTCCCTCTTTCCACCACGTACGTGACGTTCATGGTGGCGATGGGCTCCTCTCTGGCGGACAAGGCATGGGGAAGGGAGAGCGCGGTTTACCGTGTAACCGGCGTGCTGACGGTGATTTCCGGCTGGTTCATGACCGGGCTGGCTGCCTTTACGCTGGCCGCCGTCATGGCTACCATCCTGCATTACGGACAGGTGTACGCCATCTTC
NZ_CP071807.1_gap62	1986355	1990310	3955	CGGTGGATGTGTTTTTCCTCCACATAATGTTCCTGCATTTCCCGCGTGCGTTCATAAAGGCGGCGAATGTAGTGCAGCACGTTCCGGAAGGTAAGGTCTGCTGCAGGATGGCCCTGAAAGCGGGAATGAAGCTGTGAAAATATCCAGGGATTGCGCAGGGCTGCCCGCCCAATCATCAGCCCAGCTGGCCGGGCCAGCCGCACCCATGCCTCCGCTGTGGCTGCATCCACAATATTTCCGTTGGCGACTACTGGGCATTTCAGCATTCCTGCGGCCCATTTCACCCATTCCGGGTGTACTGGGGAGCGGTAGCCCTCACGGACGGTGCGGGCGTGGATGCACACCCTGTCCGGGGAATGGGAGGCAATTACCGGAAGAATCCGTTCAAACTCGTCCGGCGTTTCGTATCCCAGGCGGCATTTGACGGTGAAGGCTCCGGGGGGCAATACGTCCCGAAGCGCTCCCAGGGCCGCGTCCATGGCCTTCAGGGACCGCAGCATGCCTCCGCCCGCATTTCTCCGGCATACGATGGGAGCGGGGCAGCCCATGTTCAGATCCACGCCTGCACAGGCGTGTTCCATCAGGACCTGCGCATCCCTTGCCAGGTATTCCGGTTCATGGCCCACGAGCTGTCCGTAAATGGGGCGGCCTGTAGGATTTTCATCAATGGAGCGCAGAATGTATGGCGACATCTTTTTATGATGGGCCACCGTCCGGAAATACTCCGTGATGAAATAATCCGGCAGGGAATTCAAGTCCTTCAATGTGTTGAGGAAAGCCAGATCCGTCACATCTTTCATGGGGGCCAGGGCCAGGAGCATGGGTCTGTGCATACCGTGAAAAGCTCCGGTTGGCAAGCTGTGATTGTCTTGACGAAAGAAGGAAAGTGTGGAAGCTGGGAGCATGAATCAGGACTCAACCCGCAAAGCCAGAGTGAATGTGAGACGGGCCGAAGTAATGGAGCAGGTGGAAAAGGAAATCCAGCAGCATTACCAGAGTGAATTGATTTCCCACATCCGTTCTGCGGGCAATGTGTACAATCTGGGCCATACGGAATTTTTTCTCGCCCGGGAGTTCGGGTTCTGCAACGGCGTGCGCCGTGCTATTGATATAGCATATGCGGCACGCAGAGTGTTTCCTGACCGGCGGATTTTTCTGATTGGGGACATTATTCACAATCCGGAAGTGAACCGGCAGCTGGAGGAAATGGGCATTCGAAAACTTCCCTGGAAGCAGTTGGATTCCTCCTATGACCGGGTTGCTCCGGACGATGTGGTGATTATTCCCGCGTTCGGTGTTCCCACTCCTTTCATGGATGCGCTGGAGGAGAAGGGCGTGCAGATTGTGGATACGACATGCGGGGACGTGATGAAGGTCTGGAAAAGAGTGAAGAATTACGCCGCCATGGGGATTACCTCCATTATCCACGGTAAGGCTACCCATGAGGAAACCAGCGCTACGGCTTCCCGGGCTCTTGGGGAACGGGGAAGGGGGAAATACCTGGTGGTTTACGATTTGGAGGATGCCCGTATCCTGTGCGACTACATCATGGGCCGCGGAGACCGCGAGGCATTCCTGAAACGGTTTGAAGGATGCTGTTCCCCGGGATTCGATCCCGACCGGGATCTGGAGGAGGTTGGCATCGCCAACCAGACCACCATGTTGAAAACGGAGACGCAGACGCTCCAGAAGATGGTGAAGGATGCCATTGTTCAGAGGGATGGGGACGATGATAATTTTTATGTGTTTGACACCATTTGCGGTGCTACCCAGGATCGCCAGGATGCCCTGTATGAACTGCTTAAAAATCCTCTGGACGTCATGTTTGTGGTGGGTGGCTACAACAGTTCCAACACAACGCATCTGGTGGATATTGCCAGGGAGCATGTGCCCACGTACTTCATTGAGTCCGCAGAATGCATCAAGTCCATCCAGTATGTGGATGCTTTTGATACGAAGACGCGGGAAGTGCGCCGCATGACTACGGAACCGGTAGTGCAGAATCTGGGCAAATCCCTGAAGGTGGGAATTACGGCGGGCGCCTCATGTCCGGCCAACCTGATTGAGGCCACCATCCTCCGCATTGCGGATCTGCGCAAGTAGCAAAACGCCTCCGGTTTGGCGAATGAGAAAAAAGAAGAGTTCTCTTTCAACGGCGGCACGACCGTTTTTTCCGTAACACGGCGCAGTAGCCTGGGCTGCGGAAGAAAGCATAGGGAAAACTGCGCGGGAGCGTTTCCTAAATTTCCAAATCTTCCGGTGTAACGGAACGTTGTTCCCGGGATGCAAGCAGTACGGCTTGTTCCACGACATATTCCGTATTGGAGTCAAAACGGTAGGCGTTGCAGTTGGGACACACTGCCGTAGTCAGGGATACGATGGAACCGCAGGCTTCGCAAACCTTGAAGTCCCCGGGACGGTCAATAATCAGTTTGGCTTTATCCAGGCGGGATTGCTGCATGGGAGTAGAAAATAAAACAAGCCGCTCAGCAGAACAGAGCGGCTTGCCATAAAGAATCGTCAGAAAACCGAAGTGAAAACTCAGGCGATTTTTGCGATGGCCTTGGCGGCCTTGCTCTTGTAGTTGGCTGCACGATTGGCGGGAATGGTGCCAACCTTGGCGGCTTTGTCAACGGCTGAGGAGAAAGTGTTGTAGGCAGCAGCAGCGGCTTCCTTGTCGGACGTTTCCACCGCAGCGGCAACTTTCTTGCGGAGGGTCTTCAACTTGGAGGTCACGGCGCGGTTGCGGGCGGTGCGGGTTGCTGTCTGGCGGATGCGCTTGAGTGCGGATTTGGTATTGGCCATGTTTAAAAAAGGTTCGGTTTCCGTTTCGAGGTGGCAAAAACATTAGAATAACAGGACAAAATGTCAAGCTCTTGATGTATTTTTTAAGGCATTCCTTTCCTGCACGGACTGACTGTGGGCTTTACCGGAAAAGGAGTTTGTGGCACTATATTCTCCCGTTATGAAGAAACGCGTGGATTTGCCTGAAAAAAAATATGAAGGATATATTTTTGATTTGGACGGCACCCTGGTGGACAGTATGCCGCTCCATTACAGGGCATGGCGTGAAGCCCTGGCTCGAGCGGGGGCTCCGGACCATGTGTTCCGGGCGGATGAATTTTATTCCTGCGGCGGAAAATCCGCCAATGATGTGGTGCGTTTTTTAAATGAACGGTACGGCATGCACATGGATGCGGCGTCCACAGCTGCGGACAAGCGCCGCATTTATTTGGAAATGCTGGAAAAGGAAGGCATGCAGCCTATCCGGGAAGTGGTGGAATTCGTGCATTCCCTGGGAGACGCCCCCAAGGCGATAGCTACCGGGAGCGCCATGCCGGGAGCGTCCCGGACTCTGGCTGCTGCCGGACTTTCAGGCCTTTTTGATGTGATTTTGACGCCGGATGAGGTGGAGCATGGCAAACCTGCTCCGGACATGTTTTTGAAGGCGGCGGAACTCCTGGGGGCATCCCCGGACCGTTGCGTGGTTTTTGAGGATGCCGAACCCGGCATGAAAGCTGCCGCGGCCGCAGGAATGGACTGCGTACAGGTCCGGCGGCCATCCCTGTCCTGATTCCTCTTTCCGGATTTGGTACGGAAGGGGATTCCGGGATTTTCCTCCTTTCTCCATGCCCTTCTTCCTTTTAAGGAAAAGGCTTCACATTGCGCCCGGAATGCGTTAGAACCTTTTTTCCTATTGAACAAATAAAATATTATTTGCACATGAGCACAAACGACAAAACATCATCCGCCCCGACGAAAACCCGCATGACAGGAGCTGAAGTGCTCGTGGAATGCCTCGTGCGTGAAGGTGTAGACGTCGTCTTTGCCTATCCTGGCGGCGCCAGCATGCCGATTCATCAGGCCCTGAGCCATCAGCCCAAGATACGGACCATCCTGCCCCGCCATGAACAGGGCGGGGCATTCGGCGCGGAAGGCTATGGCCGCGTTACGG
NZ_CP071807.1_gap63	1996732	1997491	759	CAGCCAGAGGATCATTTTTTCCTTGGCTTCCGGAGTAGGCAGCCCGGTCAGGAAGCCGGAGTTCACGCTGGAACCTTCATAACCGCAGAAGCCGCGCCAGTCCGTGTCTTCACTGGGCGGCTGAACTACCTGGAGTATGGGCAGGCCGAAGACCTGGGCAAAGGCGAAGTCGCGTTCGTCATGGGCGGGGACGGCCATGATGGCTCCGGTTCCGTAACCCATCAGCACATAGTCCGCGATCCAGACGGGAATTTGTTTTCCATTGACCGGATTGACGGCATAGGCTCCGGTGAAGACCCCTGTTTTTTCCTTGGAGAGGTCCGTGCGTTCCAGGTCGCTTTTGGAGGCGCACTGGGCGCGGTATTGTTCCACAGCATGTTTCTGTTCCGGCGTGGTGACGGTATCTACCAGAGGGTGCTCCGGGGAAAGAACCATGTAGGTGGCTCCAAAGAGGGTGTCCGGCCTGGTGGTGTAAACAGTGATCGTTTCTCCGTCCAAGGTGAAGTCCACTTCCGCACCTTCCGATTTGCCTATCCAGTTGCGCTGAAGCAGTTTAATGGATTCCGGCCAGTCCAGGGGCTCCAGCTCGTCAATGAGGCGTTCCGCGTAGTCCGTGATGCGCAGCATCCACTGGCGCAGGGGGCGGCGTTCCACGCGGTGTCCCTTGGATTTCCATTCCTCCACTTCCTCATTGGCAAGGACGGTCCCCAGGTCCGGGGACCAGTTGACGGCAGCTTCCGCTACGTAGGCCAGCCGGCG
NZ_CP071807.1_gap64	2010423	2014959	4536	ACGGAAAGGCCGGGGATGTGGATGTTGCCGTGGAAATCCTGGACATGAAGGGCAGGAAGGTAGCCGGGAAGACGGTAAAGGCCGCCGCCGGGGAAAAGAATAGACTGGAGGTTCCCGTAACGCTGGCAATCGCCAATCCCGTACTCTGGAACGGAGTGAAGAATCCTTACCTGTACCAGGTGAAAACTTCCATCAGGACGGCGGATGGCCAGACGGATGAGCTGGTGCAGCCGCTGGGCCTGAGGACGGTTTCCGTCAATCCCAAGGAAGGTTTTGTCCTGAACGGAAAGACCATGCAGATCAAGGGGGTCAGCCGCCATCAGGATATGAAGGGGAAGGGGTGGGCCCTTTCCCCGGAAGATGAGGCGCGGGATATCAGGCTGATTGCGGATATGGGGGCGGATGGGGTTAGAACGGGCCACTATCCCGCATCCACCAATATTTACGACCTGTGCGACAAGGCGGGGCTGATTGTCTGGTCCGAGGTCCCCAATGTCAACCTGGTGTGGGATACGCCGGAGTTCCGGGAGAATAACCGCCTCCAGGCCCGGGAGATGATTTTCCAGCATTGGAATCATCCCTCCATTTGCATGTGGGGAATTTTCAATGAAATCGGACACCAGCCCGAGGCTGCCACGAGAGGAGTGGACATGGAAGCTGAGTTGACGGAATTGAACAAGTTCGTGAAGGAGACGGATCCCTCCCGCATGACCGTGGGGGCTAGCAATCAGGCGGGCCGCAGAAAACTGAACAATATTCCTGACCACATCGCATTCAATACGTATCCCGGCTGGTACGGAGGAGGGCCCGAAACCATGAAGGGTAACCTGAACGGCTACATCCGCGACTATGGCGGCAAGATGGGCATTGCCGTCAGTGAGTATGGTCACGGCGCCAGCGCGGGCATGCATGAGAATCCGGCCAAAAGGCCGTCTCCCACCGGATTCTGGCATCCGGAGGAATGGCAGTCCCATGCGCATGAGATCAATTACAGGTGCATCAGGGAAAGGCCGGAGGTGTGGGGGGCCTTTGTCTGGAACATGTTTGACTTCGGTTCCTCTTCCCGTTTTGAGGGGGAAAGCCCCGGCATTAACGACAAGGGGCTGGTGACCTATGACCGCAAGACGCCCAAGGACGCCTATTTTTTCTACAGGGCCAACTGGAGCCCCCGTCCTACCGTATACATCACATCCCGCAGGTTTGCGGAACGTACGGAAAAAACGGTGCCCGTGAAGGTTTACAGCAATGGTTCCGTGGTGAAGCTGAGCGTCAACGGGAAGCCCGTTGGGAGTGTCAAACCGGATGATTTGAAGCGCGCCGTCTGGCCGGAAGTGACTCTCAAGCCCGGCGTCAACACTATTACGGCCACGGCTTCCATAGGAGGGAAAACGTACACGGATTCCTGCAAGTGGACGTTGAACCCTGCCGGAGGTGACGGGAAGAAGGATTCAGAGCGTTATCAGGATCCGTCCCTGAAAAAGTATAAGTAAGCAATTCCATATTCATTCCGAGATGAAGACGGTACGCGCGTTTCTGTTTTCCGTGATGTGTCTGGCTCCGGCTCTTCCCCTGCTGGGGGATGTTCCGGATTGGGAAAATGAAGAGGTGACGGGAATCAATAAGGAGGCTCCCCGAGCCTCCGTTTTTCCGGCATCGGATAAAACGTTGAGCTTGAACGGGGATTGGAAGTTCAAATTTTCCATGACTCCGGACGAGAGGCCTGCCGATTTCTTCAATCCCTCTTATTCCGTTTCCGGATGGGATACGGTCAAGGTTCCTTCCAACTGGCAGCTTTACGGTTATGGAACGGCCATTTACACGAATGTTCCCTATCCATTCAAGCCGAATCCTCCCAAGGTAATGGGGGAACCGCCCAAGAACTGGCCGGCGTACAGGGAGCGTAATTCCGTGGGTTCCTACCGCCGGGATTTCAATTTGCCCGTTTCCTGGAAGGGAGAGCAGGTGATGATCCGGTTTGACGGGGTGGAGTCCGCCTTTTATGTGTGGGTAAATGGCCGTCAAGTCGGCTATTCCGAAGATTCCTATACAGGGGCGGAGTTTGACCTTACTCCCTATGTCAGGCCCGGCAGGAATACGATTGCCGTGGAAGTATACCGCTGGAGCGACGGTTCTTACCTGGAGGACCAGGATTTCCTGCGCCTTTCCGGCATTTTCCGGGACGTGACCCTGTTTGCCCAGCCGCAGACGCACGTGCGTGACCTGTTCCTGAAGGCCGGACTGGACAGGGAGGATTACACAACCGGGGTACTGGACGGAACGTTCACCATCCGCAATTCCGGTAAAAAGGATATTCCCGCCGGCATGAAGCTGAATTATTCCATCGACGGGATTTCCACCAAATTGAACTGGGAGGGCAGGAACGGTTCCGGCCGCGTGCAGACGGACAACAGGGGAAGGCTGGATTCCGGAACGCTGGAGGTTCCCTCCATTCCCTCCGGAGGCGAGGTGCAGATTTCCCTGAACAGGAAATTTCCCGGTGTGAAGCCATGGACGGCGGAAACGCCCAACCTGTACAGGGTGACTTATTCTCTGAATGGAAAGGATACCCGTTCCGTCAATATCGGGTTCCGTTCCGTGGAGATTGCGGATAACGGCGCCGTGCTGATTAACGGCAGAGCCGTCAAGTTCAAGGGTGTCAACCGCCATGAAGCCCATCCCGATTACGGGCGCGCCATTCCGCGGGAAGTGATGGAAAAGGACGTGCAGATTATCAAGGCGCATAATATCAATACCGTCCGTTGTTCCCACTATCCCAATCATCCTTATTTTTATGAGTTGTGCGACCGCTACGGCCTGTACGTGATGGACGAAGCCAACTGCGAAGCCCACGGCATCCGCAATAGCAGCATGGATATTTCCCGGAAGCCTTCCTGGAAGAAAGCCCATGTGGAGCGCAATATGAGCATGGTGCATCGTTCCAAGAACCACCCTTCCATTGTTTTCTGGTCCCTGGGCAATGAGTCCGGAAACGGTCCCAATTTTGAGGCGGCAGCGGCGGCTGTCAGGGCTTATGACACTACGCGGCCCCTCCATTACTGCGAATTTCCGCACGGCCACAAGGCCGTGGATATGGATTCCGCCATGTATCCGCCCGTGGACCGGGTGGAAAACTGGGGGAAGCAGAAAACTTCCCGCCCCTTTTTCGTGTGCGAATATGCCCACTCCATGGGGAATGCCCTGGGGAATTTCAAGGAGTACATGGATGCCTTCGAGTCTTCCCCGCGCATGGTGGGCGGGGCCATCTGGGATTTCGTGGACCAGTCCCTCCGCGCCAATCCTGCCGGAAACGGCATTTACAAGCCCGCCCCTTTCAAGGGAGTAACACAGGCTTACGGCGGCATGTTCGGAGACAGGCCCAACCAGGCCAATTTCTGCGACAACGGCATTATTCTTGGCAACCGGAACACCACGGCCAAGACGAAAGAGGTGAAGAAAGTATACCAGTACATGGCTTTTGAGCGCAAGGACGGGTCCCTGTCCGTTCGCAACAAATATTTCCATAAGCCTTTGAAAGGTTATACGCTTTATCTGGTATCCCTTGTTCCCGGCGGCGGCCATGCCGTGGAGCGCATGGTTCTGCCGGAGGTTCCCCCCGGCAAATCCGCAACGGTTAATCTGCCTTCAGCCGCTATGCGGACCGGTTCCCTGATGGTTCTGGCGGATGCCCGGTTCAAGCTCCCGGAAGACGTGAAGGAACTTTCCTCCAAGCAACTGGAACATGTGGTGAATGAGTGCGAAGCTTACGAGTGGTTCCCGGCATCTGCAGAGAAGGAGGTTCCCGTGCCTCCCCCGGCGGCGCTGCCTGCTGTTTCCGTGCTCCAGGGGGATTCCGTGGCCGTGCAGGGAAAAGGTTTTTCCGCCTCCTTCAAAAACGGGATGCTTTCCTCCCTCCGGTATGGCGGTCGGGATTTGATTTTGCCCGGCTATCCGGTGGAGCTCCAGGCGTACCGTTCTCCGGTGGATAACGATGCCTGGATCAGGAGCAAGGTTGAAGGGAAAATGAAGATGCAGAATATGAAAGCGGAATATTCCGACGTTAAAGCTGCCGTCATTTCCCCCGGCGTGGCCCGAATCACGGCACAGTTCCGGACGAAAGGTTCCGAGCTTGCCTTTTCCGGGGAAGTCGCGTGGACGGTTTTCGGCAACGGCATTATCAATGCTTCCGTCCGAATGTATCCCTCCGCCAAGGGAGAAGAACTCCTTCGGCTGGGCGTCACTTTCGGGATGCCTGCCGCGTATGACCGGGTAGAGTACCTGGGGCTGGGACCGTGGGATAATTACCGGGACCGCCGCACGAGCTGCTGGAAGGACATTTTCCGCACTTCCGTGGACGATATGTTTTTTGCTTATTCCCGGCCCCAGGATATGGGCAACCGCATGGAAACGGACTGGATAGCCTTGTCCAAACCCCAGGAGGACCAGGCTCTGTGGGTGGGGGCCGCCTCTCCCAGGGCTCCGCTGGAGGTTTCCGTCCTGCGTTATACGCCGAAGGAGCTTAACGATGCCAGGAGCCTG
NZ_CP071807.1_gap65	2061684	2063894	2210	TGCTGCGGACAGTTTGCGCCGCCAGAAGGGATTGCGCGTCCGGCGTGTCGGAAAGGGCGGATGGTTCGGAAACAAGTACCGCATCCGCAGAGGAAAGCAGTTTTCTGACGGCAGTAGTATCCGGCGGGCGCAGGCCGGACATGACGGGGACGATTACTTCCTTGGTGTCCAGAATGGTGGGGCTGCTGTTTGCCGCCAGGGGGATGCGGCCGTGTTTATCCAGAGGAATGGAGCGTTTGCCGCCCAGAAAAAGGGTGTCTCCCGGAATGATTCTGACATCACCGGGTTTCAGATCCAGGGCATTCAGAGCGGCGACCAGAGGAAGAGTGGGAATGATATCCCCGCCCCAGCGGATGAAAAGCGGAAGGGAGACCCTGTTTTCCGGAGCTGGGGAAAACAGCTCGTTATTCTCCACGACGGTTCCCAGGGAGGGGGCTGACGTGGTTATTTGCGGAGGTTTCCCTACGAACCTGTCCGCGCGCGGGAACTGGTCCGTCTTTCCTACGATGTTGGAAGCGGGAATAATCAAGTCTTTCCAATCCGGCGGAAGGGGCGAGTGGCGGGCGGATTCGCTCATTTGCCGGCCCAGAGCCTTGTGGAGGAAGCGGTCCAGTTCATACCCCACGGCGGCTTTGACGATGCTGTCCGGCTTTTCTTCCCAGGTCATGGGGGACATCACGTAAACATTCCTGGCTCCCTGTTCATACAGGTGCCGGAACAGCACTGTGTAATCCATGGGATTGGGAGGATAGGAGGCGAAACTGTTCAGTGATGATTCCCGGTGCAGGGAAACCACGGGAAGCTGGGCCGTCTGCCCTTTGTTGAAGTAATCGTAGGGCTGGAGGACGATGCTGTTTTCCGTATTCAGCCCTTCCGGGTGAACAGTCCGGTATTCCTCAGCCAGCAAATGTTCCGCTGCCTGTTCATAACAGAAAATGGTAGGAGGAAGAAGCACATACCCCAGAATCCAGCCCAGCCCCAGGGAAATCTGGAACAGGGACAGGACAAGCAGGAATTTGGGGGGAAGCGTCATCAGAGGGGCTGGGAAAAATCATGCTAGCATAGCAGCCAGCGGTTCTGCAAGCGTGGAGCCGGGCAGAAGCTTCCGCAGGTGTCCCAGCCCGGCGGGAATCTGAGCCAGATACCAGGTTTTTCCCTGATTGTGGCCGATATTGGCGTAAGCGCCCAGCATCTGCATAATCCGTTGCAGGGCGCAGGCACGGAAAATGCGGTGATCTATGGAGTGAGCGGAGATATTTTCCCACTCCCTGAGCAATTCATCCGCCTGTTCCGGTTCCAGACGGGCGTAGCCGTCATAGACCAGGGAGGCCAGATCATATTCCGGACGGCCGCCGCGCATGCCCTGAAAATCAATCAGCCAGGTTTTTCCCGCGTGGATATGCACGTTCTGGGACTGGCTGTCCCGGTGGACGGGGCATTCCGGAAGGGCCGCCAGAAACTGCGCCTGCTCTTTCAGGGCGGGATGGTTCAGGAAAGAAGCTGTTTCCAACCCCAGGTGGGATCCCAGGAAATGTTCAGCAAAATAGGACTGCTCCCAGCGGTACAAGGCCTCGTCAAAAGCGGGCTGGAGGGGGAATTCCTCCGGAAACGGGCAGGAGTGAAGCAGATGGAGTTGTTCCATAGCCCGGATGTAGCGCAGGCGCAGGGAAGGCCAGGGTTCTTTCCGGAAAGCCAGCAGGTTGGCGTCTCCCAGGTCTTCCACCAAGGCGGCTCCGCATCCGGGACCAAGAGGTTCATAATCGTAAATTTCCGGCACGTTGACACCGTGGGCGTGCAGATGCCGGGCTGCGGGGATAAAAGAATCATTGTCCGCACGGTCATTTCCCCACTGGATGCCGATGCATGTGCGGCCGCCAAAATGGATGCGGACGATCGTACGGCCGGAGGCTCCCAAAGCCAGGGGACGGAAATCTTCCTGACGCGGAATAATGTGAAAACTCCGGTGAACCAGACGGGACAATTCTTTCATGGAAAGGTGGCGTGGCTGCGTTAAGAGCCTTGCGTAAGGATGGCGTATGAAGGATGACGGCACCCTTCATACGCCGAAAATGAGGAAAGGCAGGGCAATCAGGCGGGGAACTGGTGGTCTTCCCCATAGCCGTAATGCTCCACGACGTAATCCACATCCTTGTCTCCGCGGCCGGAGCAGTTTACCAGAATGGCGCCTCCTCTGTTTTCCCGTGCCCACT
NZ_CP071807.1_gap66	2089946	2093018	3072	CTGGTGATGCGTATGGCGATTCCGGGAAGGAGGGCTCCTACGGAACTCTTTTTCATGCCGGGAATGAAGTCTCCGGCGGCATTGGATGGCGCCGGGTCAATGAAGTTGACGGAACAGACGGGAGAGGCTTCCGTCAGGCCGTAGCCTTCACATGGAATAATGCCGAATTTTTCCCGGAAAGCGATGGAAAGGTCTTCCGGCAGTTTTTCCGCGCCAACGATCAGGTAGCGGACGGTTTTAAAGGTGTCCGGTTCGCAGCGTTTCATGAAACCGCGCAGGAAAGTGGGCGTGGTGACTACCAGACTGATTCCGTACTGCTTGATAAGGGCTCCCAGCCGTTTGGCCTCAAGAGGGGAGGGGTAGGTGACCATGTCGTACCCGCCGATCATCGGATACCATAGCCCGATGGTGATGCCGAAGCAGTGGAATACGGGCAGGCTTCCCAGAAACCTGTTTTGCGGTTCCAGCGTAATGCGGGAGGAACATTGAGAGATGTTGGAAAGAAGGTTATGGTGGGTCAGCGGCACGCCCTTGGGTTCCCCGGAAGAGCCGGAAGTGAACATCAGAACGGCTTCGTCCGCGCCTGTAGGCGCGTCCAGCCCCAGTTTTTTAATCATGAACCCCGCTGTCAGGAATTTGATGGCGAGGCCCCAGCGTTTGGCGGAACCTTTAAGCAGGGGAATTTCCCGCTCCATGAGGATCAGATCCCGCTGGGGGGGCCACGGGAAATTCTGGAGCTTTCGCATGAAGGTATCCGCAGTAATAAACCAGTCCACGCCGGATTGCTTTACAGAGCTGGCAAAGGCTCCTTCCGAAGCGGAATAATTGAAATTCACCGGTGTTTTCCCGGCGAACAGGCAGCCCAGATTGGCTATGGCCGCTCCCTTGCCCGGCGGAAGAATGATGCCGACCCGGCGATTCGAGGTAATTTTTTTCAACCTCTTGGCAAAGGCTACGGAAATGGCCAGCAGCTGGCCGTAAGTCAGCGTAGTGTCATCAATGCCGTCGATGACCCGGCAATCGGAATGAAGTTTGAGGCTGCGGAAAAGGAGGGCGGACAGGGAACCGTGGAGCTGAGGCAGCGTGGCGTATGCCTGGGCGGAACATTCCAGCCACGCGGAGGTCAGGCGTGCTGCCATCTCGGCCCCGGGGGCCAGTTTGGGGAGAATATGTATCTGGATGTCCGCCTGGGCGTCCGTATCGGCCTCCGCATCCAGCACGGAGTTCGTGTAAAAACCGGCATAGACCGGTACGGGGGAAATATGCAGGGCTTCCAGGGCCTTGATGACCCGCGGAGGAATTTGGCTGATGGAACCTTTCACATGGGAGACGGGACCGGGCAGAAATACTACTCTTCTGCCTTCGTTAATGCGTTCCATGATGGCGGAACGCAGCGCGACAGGGTCGCTGCCTCCGGCCTGGAACAGGATGCCGTCCGCTTTAGTGGATTCCAGATGGGAGGCGGTGGCCGTATCCGGGGGGAGACCTTCTTCCACCAGGTAGGTCATGCGGTCCCTGCCCAGTTCTTTTTCGAACATCAGTAGGGTTTTATAAGATACTTTGTTGAAGATCAACAGATCACCTGAGTCGGATAAATTGGAGGAACCAAAAATGGCCATGGGAAAAGGATAAAAAATTTGCTTGAAGCATTTTAGCAACTTGAAGAACCGGGAGCAAGGAGGAAAGGTGCATTCCCGGTTGCTTTTCCTTTATCCGGATCGGTCTCGGAAGCCTTTCCCGGCTCGGTACGTTTTTTATGGGAAGAGTATTGTTTTTCATGGGATTGTCTGGATTTGGCGTTATCTCCTGCGAAGGCGTTTCCGCAAACCAGCTGTTCCGATATTTACTTACTGATGAATGGGCCTGGTGGGCAGCAACATCTTCGGACGAGAAGCGCTGGCGGAAATCCGCGTGAACGCGGCGCAGGACCTGGGAGACCGGAGGGGGGAAACGAACGTCTCTCTGCTGGGCAACCCCGGCTTTGCGCAAAGCGTGAGGGGAGCGAAAGTGGGAACGACGGCGCTGCAGCTGGGAGCCGGACTGAGCGTGCCGGTGGGAACGAAGGGAACCATCTATGTGAACGGGAACGCGGACATCCGTGACGGGGCTGCTCAGTAAACGGGACGTATCAGCTACTGCTACGATTTCTGGTCTTTGCTCCGAACTTGCTGCGGGCAAACAATACACCCTCTTTTTCTATGTATGAAAGGTGAAATTCACGAAAGGTGTTATTTTGCTGCATCGTTTGTTCAGGAATAGGGAAGGGATGAAAAATAATTTTTGCGTCCATTTTTATTTTCATGTGAAATGTTGCATTGCGGATTAGCAATCCGCAGAAGCATTATCCAGAAAATAGACCAGAATCAGATATTTTTGATGTTTATAATGAAAGAGATATGGAATGTTTTTTTGAAAAAATTCTGAATTGGATATTAAGAAGATGATGATTTCCTGGTATGCAACATGCATTGGATCAATGTTAAATATTGACGGCGGATTGCTAATTCGGTAATAGCTATATATTGCAAACAGCCAATCAGGACGGCTGGATAGCTTTATTATTTACCCATATTTGCAAGTTATGAAGTTACGTCTACCGCTCAAGTTGTTGTCCGCCTTATTGTCGTTTTATGCCATATCCGGTTTTCATGTGTTCGCTGCTACGGAGTGGGACGGCAGCAGATATTCCGGTAATATCTATACGTGGGTAGGGAGTTCGTCCAATGATTTTCATAACGGCGGCATTGTCCTGACCAATCCGGATGGAACATACGGTCCTGTCAATACGAATTGGGGTTCCGTTTCAGAGGAGGGGAGTATTTGGAACCTTTTTGCCAATGAAACGGGACTGTCGGAATATAACACATTGCGCTTTGTCGCATCAGGCACGGAAGTGGGCGATGTCACCGTATCGGCGACCAATAAAAATCCATCCTGCTCCTTTACGCCATTTACCATGGGGGGATTGATTGTGGAGGAAGGGGCATCAGGGTTCTCCCTTGTCCCGAACAATAATGCCCAGAGGACTCTTATACTGGGGAGAGCGGGTACGGAAGAGCCGGTATTATTTAC
NZ_CP071807.1_gap67	2096152	2097179	1027	GAGCGGAACTGGCCCTGGGCGGAGAAGCCCGGCTGGACGGAACCTCAGTCACCGCCGACGGCACGCTGGCCCTCTCCGGAACGGAATCCGGCGCCATCATCAGCCTCTCCGGCAGCGGCACCCTGTCCATGAACGGAGGCAGCCTCTCCATCTCCTCGGCAACAACCTCCTCCGGAACCTTCTCCGGCACGCTGGCAGGCAGCGGCACCCTGGACATCTCCGGGCAAGCCACCCAATACCTGCAAACCGGCAATAAGGACTACGACCTCGCCGTCCGTGACGGAGGCGTCCTGGTCCTGAAAGGCACCGCGGACGCCCCCACGCTGAACTACAACAGCATCACCGCCGGAAACAACGGCACCCTGCGTATTGAAGCCACCGGAGACGCCCAGGGCAGCGCCAACACCACGCTCAACGTGGAAAGCATCACCTTCCAGAACGGCTCCACGACGGAACTGATCTACAACTTCAACCAGGACGCCCCCTTTGGCGCCCCCATGCTGACGGCGGATACCATCACCGTGCAGGACGGAGCCGGCTTCCTCCTCTCCAACATGGAAGGAAACGCCGCCATGAACGCGGGGAGCGACCTCCATGACGTCATCCTGATGAGCGCTACCGGCAGCATCAGCGGCCTGGAAGACGGGCAAAGCCTCGCCGCCCGGATATCCGGCCTCTTCGCCGTCTACTACCAGGACGCCACGCTGAACCGCGACGGAAACGACATCCTGCTCAATGCCACACTCCGGCAGGAAAACCTCTTCGCCTCCGCGGCCGACACGTGGAACTCCGCCGCCGGAGCCAGCCTGCTCTGGGAAGCCCGCAAAAACCTGGACCCCGACTCCCAGCTGGCCCAATTCATGAACGGCGTCAGCACCATGATCAATGACGGCAACCTCTCCGGAGCCACCCGCGCTATGGCGGCGGCAGCTGGGAGCACGGTCAACGCGCTGGGGACGGCGCAGAGGGACGCCCTGCGCGACCAGATGGGCTGGATCAGGAACCGGACCACCCTCATGGGCGTCAA
NZ_CP071807.1_gap68	2120419	2122519	2100	GAATCAACTGGCCGTCCGATTTCCTGACAGCCAGGTGGCCGCCTTTCCTGTCCGCCACCGTGCGGCGGGTGACTTCCATGACGAAGGGGGCGCCGCTTTCCGCAAACCAGCGGAGGAAGTTCATGTCAAGCTGGGCGCCCAGATTGTCGGAATTGGAGACAAAAGCGTATTTAACGCCATCCTCCAGCAGGCGGTCCAGCCAGCCGGACCCCAGCAGGGCCGGATACAGGTCCCCATGGCCTGGCGGGCACCATTCCAGCTCCGGCTGTTCCGGGCAGCTGGCCGGGGAGAGGCCGTCCGCCAGGATTTTGGGAACGCGGTTTTGCAGCAGCTCCACTTCGGCGCGGTCCGCAAAGCCGTCCGCCGCGTATTTTTCCAGGTAGGCCAGCGTGTCCGCGCTGGTGGAGAAAGAGTTCATCAGCAGAAGGCGCACAGGCGTGCCGGAGATGGAGCGCAGATGCTTCACCTGCCTGACGATCAAATCCAGGAACGTATCCTCTCCTTTTACTTTCAGCAGGCTTTTCGCTTTCTGGAGGCCCATGCTCGTGCCGAGGCCGCCGTTGAGCTTGATGCATACGCAACGGGAAATCAGGTCCTTGTCCGCCGCGGGGGTGGAGGCCGTGATGTCCTGCCAGTCTTCCACCTGGTCGGCGGGCAGGATGTCCGTTTCCGGAATCATGCCGGAGTGGTTGGAAACAAGGGCTTCATAACAACGGGAGAAAGCGTTGACGGCCGCGGCTGAAACGCCGGCGGACTCCATCTTTTCCGCAAAAGGAGTGAACGTACTCATTGGCGGCTTTTGTACAAAATGCCCGGAGGAGGCTCAAGCATTATCAGCGTATCCGGAATGCCCGCGCGTTTTCTCTTTCTTGCGGGGACTGCTCCGGGTTATCTGGCTGCCGTCACCCGGATCCGCCGGTAGTCCGCCACCCATTGGGAACCGTCCCATAACTCATCTTTCAGGGAATCCTCCATTTCCTTGAAAATCTGGATGCGCTGTTCTTCGCGGAGGTTGTTCAAGTCTTCCCGGAAGAATTGACACGCCCAGTTGCGCAGGCCGTCAGGACCGCCTTTCAGCGGCGTAGGGCGGTCAAATTCCTTCATTGTTTCCGGGCGGAGCCCGGCTTGTTCCAGAACGCTGCCGTATTCTTCCGCGGCGGGAAAGTAAAAACGCGTTGTGTACGGGAGGTTCCTGCGTTCCAGGGCTGTCCGAAAAGCTTCCCTGATGCGGAGAATATTGAGGTGGGCTCCGAATTCGCAGACCAGTTTCCCCTGCGGTTTCAGGACGCGGGAAACGGCATTTAAGAGAGTCCCATGGTCCGGTATCCAATGGAGGGCCGCATTGGAGAAAACGATGTCAAATCTGTTGCGCCAGGGCATGAGGCGGGCGTCCAGCACGCGGAAGTCCATGCCGGGATAGAGCTGGCGGGCTTTTGCTATCATTTCCGGAGAGGAGTCCAGGCCGGTGACGGACGCCGATTTCTCCAGCAGAGCGTGCGTCAGCGTACCGGTTCCGCAGCCCAGGTCCAGAATGGACTGGTCTGGATTTTCCGGTACGCAGGAGAGCAGTTCCCTGCCGTATTCCGCGACAAAACCGTGTTTGTTTTCGTACCATTCAGCGTTCCAGTCCATTACCTCTCCATCATAGGGAAAAAGGGGTTTTTTTTCAAGAAAGACCCTGTCTTTTTTTCATGGTATTTTTCCCGGAGGGTCTCTGTCCATTTCTCCGCGCCGTGCCGGGATTCTTCTTGCGTTGGCGGGCGGGAAATGGTTAAGATAAGCTTACTATGAAAGCAACAGCCCTGTTCCTGGCGGCTTCCGCCCTGGCCGCGGTTTCCGCCGTCGCCTATGACGGATACGGTTATGACCCCCGGCCCGCGAGTTCCTATAACAATACCATCAGCGGAGCGGCCCATATCGGCTATGATTCCCGGTATGCCTATAAAGACGTGGTGGCTTCCTCCCTGCTGAACCGCAGCGGCGTGTTTAACATCGGCGGCGAGCTGAACCTCAACCTGGCCAGAGACTGGAAGCAGGAAATCGGCGCGGAATACATGGCTTTCTGCGACGGGCTGCTGAGCGACAAGGACGCCTTTGACG
NZ_CP071807.1_gap69	2217377	2219568	2191	GCAGGGCATCCGGGTGACGGCCCAGGGGGCATTTTCCATTGGTCAGGATGATTCCGGAGATTTTACGCTGACGGCTCAGGATATGGGCGCCGTCAGAGAGCAGTTGAATCAGGTCCTGAATTACATGGACCGGGTGAAGTGGCCTGATGCATCTCCTCCCCGCCTGATTGTCAATTTAAGCGACGATCCGAAAGGCGGCGTGCGTGTAGGCATGGATTTGCAGGCGCCTGTTCTCAGGTACGGAAAAATCATGGTCAGGGATTTCCTGTTCAACGGGGATTACGCGGATTCCGTTATCATGGCCAAACACTTTACCATGCGGGATGCGGAAACGGCCGGTTTCGTCAGCCTTTCCCTCCAGGCCGATTTGAAAAAGCGCACGCTGATCTGGGATGTCCGCAGTACGGCTCCTCTGGTCTCCTGGGCGGTGGCTATTGTTGATGAAGCTCTGGTGCCGAAGGAAATGAAGTTTCTGAGCGAGCCGCATGTACAGATATCCGGTCGTGCGGTTTTTTCGGAAAATTGGGAAGGCGTGGAACATCTGAATGCTTTAGGTTCCGGATCCATGGGAGCATTTTCCGTGCTTGGGGAAAAATTCCAGAGGGCCTCCTGCGATTTCAGTTACGAAAACGGTAATTTTTATGTAACTGATTTGGATATAAGGCATCCCGGAGGCAGTTTTTCCGGCAAGGTAATGGGAGTGGACGGAGAGATTAAGGTAGACGTTCACAGCACGCTGCCTATGAAGGCGATGCTGGGGATGGCCCGTTCCATTGCCCCGGAGGATGCGAAGCTGCCGCCAGCGCTGGAAATCAGGGGAGACCCGGAATTGAAGGTGTACGGTTCCGTGGATATGGGAAAGGGGTGGAAAGGGCCGTTCCAGGTGGACCGCCTCCAGATTGAGGCTTCCGTGGCGGATGTCTTTTACCAGGGAGTGGAATTCGTTTCCGCTGCGGCCAGGGCGGAATTGATTGGCCGTTCCATTAACGTCACCCAATTGGAATTGGTGCGGGATGACGGCCGGGTGAAGCTGGAAGGAAGCTATTTGGGCACCGACCTTGTTTTTACGCTGGAATCTAATCTGAAGCCTGAACTGCTGGAGACTCTGGCTGGAAATTGGTTTTCTGTCCCTGAAAATTTGCAGCTTCCGGAAAAAGCGGTTTTATGGGTGCACGGCAGGCTGGATATTCCGGAGGGCAAGCCTGTGGAGCCGACTCTGGTCCGAGCACGCATCCATGCGGAGAATCTTGCCTGGAACAAGGTTCCTGTCAAAACGGCGGATGTGGAAGCGGAATACCGTCCCAACCAGCTTTTTGTGCAAAATTGCCGGATGGAAATGGAAAAGGGCGTCTTTGAATTGTTCGCCAACGGTTTTCTGGACGGTCAGATGTTTGTGATGGGGCAGTCCACGGTTCCGCTGCAAACGATAGACCAATTGTTGAGCATGGAGGATGACGACTTTTTCATGAACCGCTTTGTCTTCCGCAAGGATTCCGGCCTGGAGTTTTCCTTCCAGGGAACGTTGGGTCTGTATAATCTGGAAAAGGCTTACGACTTGCAGGCTACTGTTTCCGCAACCAACACGCGCTACAGGGGGGTGGACTTGAAGTCCGCCCGGGCGGATGCCCATCTGGTGACGGACCAGCTGGTGCTGACCAATGTGACGACTGTGGTTTCCAACGGAAATTACCTGTCTTCCGTCGGATTGTCCGGAGGCCCTTCGGAATGCACGCTCAAGGCCAAGAGCATAGATTTCCGTTTTGTGCAGGATACGGTGGAAGTGCTTGGTCTGGAGGGGCAGGCCTATCCCGGCTATACCCTGCGGATGTTTTCCGATAGTGCCGCCAGGGTTTTGAAGGAGTTTGTCTTTACCCGGCCCGTAACGCTTTCCGGCGGCGGCATGTTTCCGATGGGGGATGACATGAAGCTGATGAAGGGGCGCATCCGCTTTGACGCTTCCGCCGGGCGCGTGCGCTATCCCCTGCTGGGAACCACGCTGGACCTCGGAAGGACAAAGGGGGAAGTGTTGATTTCTCCGCAATGGGTGGTTGTGGACAAGATGATGGGAACCATCTGGGACGGAACCTTCACGGGCCGCATTCTGGCGCAGATTGATGATGGGGATGCCCTGAACGGTTCTTTTGTCCTCCAGGACATGAATTTGACGTCTATCGGGAAATCCTATGACAAA
NZ_CP071807.1_gap70	2286845	2291395	4550	CCCGGGGCTGATTTTCCGGAATCCGGCGTAGATACGCTGGTTATGGAGTGCACGCGCGGCGGTTTCCAGCGCAGCGCCCACTATTCCCGGCCGGAAGAGATGGTGAGGTTCGGGAAAGCGATTGCGGAGACGCTGGAACGCGGCGGCGCCGTACTGATTCCGGTATTCGCCATCGGCAAGAGCCAGGAGATGCTGTTCAACATTCACCGTTTCAAGCAGCAGGGGGTGATTCCCGCCAATACTCCCGTGTACTTCGGCGGGCTGAGCGCGAAAGTTTCCCTGTTGTACGACCGTTTTGCCGGGTTGACGCGCAGGCATGACCATGAATTCAAGCTGAAGGAGGAGATTCAGACCGTGCCCCTTCCGCGCAAGGGAAAAGCTCCGCTGGTGTGTTCCCCGGGGAATATTTATGTGGTGTCCAGCGGCATGATGACGGAAAATACGCTTTCCAACGTCATGGCGGAGCAGGTTCTTCCCCAGGAGAAGAATGCTATTTTGTTCGTAGGATATGCGGATCCTGATTCTCCGGCGGGACTGCTGAAGGCAACTCCTGAAGGGGAACTGGTGAAAATGAGGCCCAACGGGCAGCCGGTGCGCCGCAAGTGCACCGTGGACTGTTTTGATTTTTCCGGGCATGCCACCCGGGACTCCCTGGTTAATTATGCCGTGAAGCTGAACCCCAGGCAGGTGGTTCTGGTGCACGGGGACCCGGATGCCGTGGAGTGGATGCACCACACGCTATCCGCCAAAATGCCTGATTCCACCATCGTCGTTCCTGAGCCGGGACGCCGCTACACTTTCGAGCCATGAGTTTTACCGGAGAAAGAAAGGGGAGGCTGATCGTCTTTGAAGGCATTGACGGCACGGGCAAGTCCACCCACATCGGCCACTTGCGAAAGTATTTGGAGGAGAAGGAGCTGGAAGTGGTGCAGAGTTTTGAGCCCACACGCGGACGGTGGGGCCGGATGCTCCGGGACTCCGCCGTGACCGGACGCCTTTCCGTAGAGGAGGAAGTAGCCCTGTTCCTGAAAGACAGGAGGGAACATGTGAAGATGCTGATTGCTCCCGCATTGGCGCGGGGGGCATGGGTTCTGCTGGATCGCTACTATCTTTCCATGATGGCTTACCAGGGCGCGCGCGGCATAGATCCGGAGGTTATCCGTGCCGCCAATGAAGAATTTGCCCCGGTGCCGGATGCCGTGGTCTGGCTGGACATTCCCGTTTCCGTGGCGCTGGAACGCATTGGGAACCGCGGGGAACGCGACGCTTTTGAGACGGAAGCGGGCCTGGCGGCCTGCCGCAGTGTGTTTGCATCCGTCCATGCTCCCTGGATGCTCCGCATAGACGCGGACGCCGGGAAGGAAGAGGTGGCGGCAAGAGTGCGGAAGGCTCTTTCCATGCGTTTCCCCGATGTCATTGGGGCATAGGCATCTCCTTTCGGCCATAGGCCGGGGATTTTTCCTTAGCGTTTCATTCCTGGCATTTGGATGCTATTCCGCAGGCGCATAAGCCGTTGGATCCGGAATTCCGGCTTCCCTGAAGGCTTCCCGGCGTTCCATGCAGGTGGAACAGACGCCGCAGTGGACGGCTCCGCCCTTGTAGCAGGAATAGGTACGGGAAAAGTCCACGCCCAAATCCTGGCCCATGGCGGCGATGCCGCCCTTGGACATGTGGATGAAAGGGCGCAGGATGCCCAGGCCGGCATAGGTTCCCAAGCGAATGGCTTCCGTCATGGCGGCCATGAATTCCTCCCGGCAGTCCGGATAGATGCTATGGTCCCCGGAATGGGCCGCAATGACGAGCTGCTGCGCCCCGCAGCTTTCCGCAACCCCGGCGGCGATTGACAGGAAGATGCCGTTGCGGAAGGGGACGACGGTCTGCTTCATCAGTTCTTCATCATAGGAACCGTCCGGAATATCGTCCGCGCCGGAGAGGAGGGCTGATTTCAAATGGGAGGAGATGGAGGAAATGTCAATCACGCGGTGTTCTATGCCCAGACTGGCGGCCTGCCAGGCAGCGCATTTCAGCTCTCGTTCCGCGTGGTTGGAGGCATAGTCAAAGCTGAGGGCCACCCGGACGCGGTGGTTCCGGTGGGCCCAGTGCAGGGCTACGCTGGAGTCCAATCCCCCGCTGAGCAGTACGGCTGTTTCCATTTTGTCCATGGTCTGGATTACAGGGGGCGGTTTTCCGGATTGTGTTCGGCTGTTGCGGTCAGCTGGATGCCGCCGCGGGGGGAGAAGCGGCCTTCCACCTTCAGCCACCGCGGGGAAATGGCGGCCACCAGATCATCCGTGATGCGGTTGACGATTTGTTCATTAAAAGCCGGATAGTTGCGGTAGGCGGCCAGGTAGTATTTGAGAGATTTGGTTTCCACGCACTTTTCCGCCGGAACGTAGGTGATCGTCAGGTGACAGGAATCCGGTTGACCGGTAACGGGGCAGAGGGAGGAAAATTCATGGGTGTCCAGCGTGATGGTGTAGGGACGCGTGCCGCGGTTAGGGAAGGATTCCAGCCTGGCGTCGTCGGGATTGGTAAAGAAGGAGCTTTGAGAGCCTAATAGAGTCAGATGGTCGTCGGACATGGTTGTTGTATATGGTAATGGATGTTCAGGTCCCCTGGACGGGGGCTCCGCCGAGGAATTCTTTCACGTACAAGTCCTGTTGAGGGAATGGGATGGAAATGCCGTGTTCGTTGAACGCATTATAGATGTGTTCCCGCACGGAGGAAAGGCTGGAGGACTTTGTCATGACGGGAACCCAGACCCATACGCCCAGATTGACGGCACTGTCTCCGAAACTGTCCAGCACCACGCTGGTTTTCTTGACTTTGGAAAGGAAGGGCAGGGTTGCCAGCGTTTCCAGAATGATTTTGCGCGCCCTTTCCACGTCCGTCCCGTAGGAAATGCCCACTTCCACCTTCACGCATTCGAATTTGTGGTTGCGGGTCATGTTGCGGAAGTTCTTGTTGAAAAGCTGGGAGTTCTGGAAGGCGATGATAGAGCCGTCCAGCGTCTCGATCATGGTGGAGCGGTAGCCCAGGGAGGAGACGCGGCCCCGGTAGCCGTCGCATTCAATCATGTCGCCCTGGCGCAGGCGACCCAGCATTAGGGAGAGGCCGCTGATGATGTTTTCAATGGTATCTTTCAGGGCGAAGCCGATGCCCATGCTCAAGCCTCCCATGACCATCAGCAGCCCGTTGTAGTTGGCGTTCATGATGATAAGCGCCGTAAAAACGAAGAGCCCCCAGAGAAAAAGGGTGGAGAGTGTCACGAAGGTGGGGATGGTGCCTACTTCATAATCTTCTCCATAGATTTCATGCAGCGTATTTTTCCCCAAGAATATCAAGTAGTTGAGAACAATGGCCATCAGGATGACCGTGATGACGCTGCTCCAGCTGAAAGTGAGCAGATCCTTGATTTCCGTGGTTGCGAAAATTTTATTAATGATGAGGTCCCCCATGTCGAAGGTGGCGGCGGGCCAGATGATGCTGAACAGGATGAGGAAAATGGTCAGGCAGGGAAGCAGCAGCTTGGAGATGAAGGGGCGGAACCACAGGATGGCCCTCTTGTTCCGTTCCTTCCGGCGGTTTTCATAATGGTGGAGCAGATCCCACAGCCCCACCAGCAGAAGGATGCTGGTCATCAGCATGATCCAGGTCATCAGCACCAGGAAGGCCATGAAGCTGAATCCAGTCCAGCACAGGACGCTGCCCAGGATGGTGAATACCAGAGATACGGTGGAGAAAAAACGGTCCAGCCGGGGCAGCTTGTGCCTCTGCCGCACCCAGGTCAGCAGGGAGAAGAGGGAAACCAGCGTGAACAGGATGGGCATGGAAATGTCCACGATGATGTTGGGGGCCATGAACATGCGCAGAAGCATGAAGAATCCGCCCAGAAGCAGATAGGGCATGTAGATGCGGATGCCGGAGTTAATGGTGCCATACGGAAGGCGCGTGACCAGGGAGAACAGGATGGCGCTGACCAGAAGAAGGAATTCCGCGCCCAGGGAGGCCGCGCTCTCCAGCAGGTAGTTCGGCGTGCGCAGTGAGGCAATGACGAGGATCAGCGCCACGATAAGAATGGTGGTGACGTTGGCGAAAGCATGGCGTTTGTTGTAATGCCCCGTCTTTTTCAATGTATTTCGGAATCCCAGGAAGATGATGATGCGGGAGAGGCAGTAGGAGCACAGGATGATTCCCAGCAGGATAAGTCCGTAATGCTTGAGCGTTTCCGGGTCTGACGGAAGCTGGAGCTTGCTGTCCGCGGATGTTTCCCATGCCCCCATGCACGTTTCATACGTCTTGTGCGGTTTGAGAAAGATGTACCGGGCCGCGTGGGACGGCGTGTAGAAGACCCTGTTAAACAGGGCGGTGAACAGTTTGGCGCTTTCATTGTTGAGCGCGTCTATTTTGCCGTTCAGGCTGCTGAAAAGTTCCTTGAGGTAGCTGATTTGCTCCTTTTCACTTTGGAGGGATTCTTCCAGCTCCTGGCAGGCATACAGGGCTTCGTCCCGCTGAACCAGGGAGGCTTGCGACAGGGTGTCCGTATTTAC
NZ_CP071807.1_gap71	2303993	2307333	3340	AATTGAGTGATAAGCGCGGATTTTTTGTTCCGCCGGAGTGGATTCGTTCCTTTTATCCGCCTTTAATTCAAGAAAAAATCAGGGAGTTATTCCCCCTTGCGCCCGAACCGGAAAAAGAGAGTTCCTGCTTTTTTCAGGAAAAAGCGCTTCCTCCAGACGTTCATCCCGGAAGAAGCGCTCTTTTGAGGATAAGGTATTGCAAACCTTGAAAAAACATCAGGAGAGTTTTTCCGCGATGGCATCCACCCATTCCGGGAAGGTATCATCATGGTCTCCATTGGAAAGCACTACCGGCAGAAGCCTTTGCGCTTTCAAACGTTCCAGGAAGGAATCGAAGTCCTTGCCAGCCTGGCAGAAGTTTTCGTAAAATTCATCTCCAAGGGCAAAAACGGCGTAGCTTACCTCGGACAAATCTTCCGAAGAGTCCTTCAATTCCTGATGGAGGGCCTCTGCGTTGGTGGGAGGTTCTCCGTCCCCCCACGTACTGGTGATGACCAGCAGCGTTCCCGCATTCTTCAACTGTTCCACCGTTATACCTTCCATGTCAACCACCTTTGCCTGATGGCCGAGCTTGGTCAATTTTGCCCGTGCGTCCTGGGCCAGACTCTCCGAATTGCCAGTTTCCGTTCCGTAGATAATAGTGATTTCCATGCGTTCTGATGATTGGTTTGACAACGAAAGTTAGATTAAACTAATTAAACAGGCAAGGCAAAACAGCAGGACGACGGCTGAATTTTTCTTCCTTGTTTATCCTTCAGGGCAACTGGTTTTCCGGAAAATTCTCCGATACCATACTACTCTCGTTTGATTATCAAAGTATTCGGATGCTGTGGAAAGGTGAAGCACCAGCCGAAAAGGCGCGCAAAACGATAGTATAATCCCTTGCGGCAGGAATTCTGGCTGGTCATGATATCGTAAAAAGCCAGGTCAATCTGGCTTCTGGAAATGGGGGCTCCATTCATTTTGGCGTGCAGCATGGCGTCGTGAAACAGGGAAGGGAGGAGCATATCCGGAGGGGTGGACCCCCAGGTGACGCCGTCCCAGCCATAGCCGGGAGTAATGCTGAAACGACCGCCCTCTGCCTGCATGCGTATGGATGGGTCATACACGCTGACGGCTGTCCAGCGGCCAAAATCCGCCCTTTTTCTTCCGCTGGTCCAGCTGATGGCGTTTTTAGTGATGTAGAAAGGCTTGTCTTCATAGAGGGTTCCTTCATACCAGCCGGCCACGGGTTCCGGGGCCGCAGCCGGAGTGGAGCAGGATTCCAGAAACATGGTTGCACATATTGTTGTGAACAATATGTAAATATAATGTGAATAAGAAATAAAGGGCATGAGGGGACGGCGCGTTATCCGGATAGTTGTTTCTTATTGGATTTCCAGCACGATGATTTCCGGAGGGCAGCAGAAGCGCAGGGGAAGAACGCTGCATCCCAAACCGCGGGTAATGAGGAAGGGGGTTCCGTTCAGCTGGGACCAGGGATAGGAAAATTTGACCTTCTCTCGTGAGATGTTTGCCAGGGCCCTGCCTCCGGGAAGGCATATCTGGCCTCCGTGGGTATGCGCGCTGATGACGAGGTCCGCCGTGCCGGGAGCCAGCAGAGGAAAAATGTCGGGTACATGTGAAAGAAGGATATGCGGAATATCCGGGGAAAAACGCAGAGGCAATTCCTCCGGCCTGATTCTCAGGTGGTAGTCGTCCCTGACGGAAGAGAGCTGCAGCTCACGGCCTCCGGGAAGGTGCAGCAGCAGGGAATCATTCCACATGGGCAGGATGCCCAGCCCGGAAAACATGTTGCGCCATAAGTTCCAGCCGTAATACTGGTCATGGTTGCCCTGCACGGCAAAAATGCCGAGAGGGGCTTTCAACATCTTGAAATATTCCCGGGCCGTTTCCGGGGCCATGCTGCTCTCCCTCGTGTGGCCGTTGGCATAATCCCCCAGCAGGAAAATCATATCCGGCCGAGCTTCCATGATTGTTTCCATGTACCTGTGCGCCAGATCGCCCCCGTTCGGACGCAGATGGAAATCCCCGGCAATCGCGATACGGAGGGGAGGGCTTTCTTTTCTCTTCCACTGAGGCATCTCCATCGCAGCCGTGACGGTTTCCACACGCCTGGGTTCCACCTGCCATGCCCACATGAATAAGGAGAAGCCGATCATCAATATTGGGACAAAGATAATTGCCAATTTGTTGAGAAAGGGGCGGCGTGGTCGTGACTTCATGCAGGGCAGGGCTCCTGACTGATTATGAGGCCTTTTAACCGATTTTCAATCATTCGTGTTTGCTAATCGGGAATTTGCTGGTATGATCCGTCCCGCTCAAGGTAGCGGCTGTCCGATGACTGCAGCTCTATCTTCATATTAACATCCTAATACCATGCAGTTTACACACGAAATCGAACAAATGTGTTGCGTCAAGAAAGGCTGCAACCATGGTCCGGCACCTATCCCGCAGGAAGGCAACTGGACGCAATCCAGGGAAATCACGGATATTTCCGGCCTGACCCACGGCGTGGGCTGGTGCGCTCCCCAGCAGGGCACCTGCAAACTGACGCTGAATGTCAAAAACGGCATCATTGAAGAAGCACTCGTGGAAACCAGCGGCTGCTCCGGCATGACCCATTCCGCCGCCATGGCTGCGGAAATCCTGCCCGGCAAGACCATACTGGAAGCAATGAACACGGACCTCGTGTGCGACGCCATCAACACCGCCATGCGCGAACTGTTCCTGCAGATCGTGTACGGCCGCACCCAGAGCGCCTTCTCTGAAGGAGGCCTTCCCATCGGCGCCGGTCTTGAAGACCTCGGCAAGGGGCTTCGCTCCCAGATCGGCACCCTGTACGGCACCCGCGCCAAGGGCCCCCGCTATTTGGAAATGGCTGAAGGCTACATTACCAAGCTTGCCCTGGATGAAGACGGTGAAATCATCGGCTACGAGTTTGTGCGCATGGGGCCGATGATGGAAATGATCAAGAAGGGCGTGGACGCCAACGAAGCCGTCGCCAAATGCACGGGCAACTACGGTCGTTTCGACGAGGCCGCCAAGTACATCGATCCTCGTCACGAATGAGATTGAATTAAAAAGAGTATCTTAACTTCAAGCACTATTACCATTATGCCTCTTTTCGAATCCTACGACCGCCGCATCAAGCAGATCAATGAAGCCCTGGCCAAATACGGCATCGGCTCCATTGAAGAAGCGGAACAACTCTGCCTTTCCAAGGGAATCAACCCCCGTGAAATTGTGAACGGTATTCAGCCCATCGCGTTTGAAAACGCCGGCTGGGCCTATGTGGTGGGAGCCGCCATTGCCATCAAGAAGGGCTGCACGAAGGCCG
NZ_CP071807.1_gap72	2361416	2362139	723	ACCAGGCTATTCTGGGCAATGACGATCCCAGAAACCTCATCAAACGCCATTTTCCGCAGCTCAGCCTGACCCCCACTTCCCTCCATAAATGGTGGACGCTTCAGCTTTCCCGCATGGCGACGCCTCCCCTGACGGAAACTCTCACGATTACGGAAACGGAACGTCATCTCCAGGAAGCCCTTACCCTGGTCAAGTATGATCCGGATACCCGCACCACCGTCACATTTCCCCTGGATGACCTGGAACAGGCCCGTTCCCTGCCGGATCTGAACAGGCAGCTTTCCAACGTGGCTGGCAGCCTGCTCAACCTCAGCAGGCGTTCCTTTCCTTCATACCGGCCCGTCATTGTAGAATATGCCAAGCTGGTGGCCCTGATGCAAACAGGGAAAGTCAACAGCCGGGAAGCCGTCCCCAAAATCAGCCAGCTTCGGGAAATAAGAAACCTTTCCATGAAAACCGCCCGCCGCGTCCGGGACTATATGGACTGGTATGAAATCAACACGCGGTCCGGAACCGGCAAGACATTCGCTTCCTACGCGGCAGCCGTGAAAATCCTCCGGGAACAGGAACAGCCGGCCAATACCCCTGTTTCCCGCTACTTGGACGACATTGAAAAACTGTACACCCTCCCGGCCAGGGCTCCCGTGCCCTCCCTGCATGGGAAGGATTAAGGAATTAAGGAAAGGCGTTCTGCGGCGGAACCATCCTGCCGTCCCCATCAAG
NZ_CP071807.1_gap73	2425819	2430465	4646	GTTGTTGATGGGGCGCAGGCCGACGGCTACCAGGCGTTCCTTCAGCCATTCCGGGCTTTCCTGCACTTTCACGCCGCTGATTTTTACGGCGGTGTAGTACGGGTTCAGCTCCGGCTGGTCCAGCCGCACGAAGTCTCCGGCAGGTTCCAGCGCCACTCCGGCGTCGTCAATGGAAACAGGCCTGTACCCCCGGCCGGAGATAGCGGCCAGTTCATACGCCATGCCGTTGTGGGAAAGCAAATCCGGCCGGTTGGGCGTTACTTCCACTTCCACCAGGGTATCCGCCTTGACAACCTGGGAAATCGGCGTACCGGGTTCCAGTTCCTGAGGGAGAATCCAGAGACCGTGCTCCTTGTCGGGAAGCCCCAGCTCGGAGGCGGAACAGAGCATGCCGCGGGACTCCACGCCGCGCAGCTTGCCCACCTTGATTTCAACGTTGCCGGGCAGCACCGCTCCCGGCAGGGCGCAGGGGACCTTGTCCCCCACCTTGTAGTTCTGAGCGCCGCACACAATCTGGTGCAGCGTGCCGTCGCCCACGTCCACCTGGCAGACTTTCAGCCGGTCCGCCTGGGGATGCTGTTCCGCGGAAGCCACGCGGGCCACCACCACGTATGGGGAATCCACGCCCTGCTGGCGGATGTCTTCCACCTCAATGCCGGCAAAAGTCAGCATGTCAGACATTTCATCCACGCTCAGGCCGGACAGGTCAATGTACTGGGAAAGCCAGTTAAGGGAAATCTTCATAACGGGAAAACAGGTAAAAATTATTGGAATTGGGCAAGGAAGCGCACATCATTCTCAATCAGGGCGCGAATGTCCCTGATGCCCCAGCGGATCATCGCCAGGCGGTCCAGGCCGATGCCGAAGGCAAAGCCGGTCAGCCCCGTGTAGCGGGCCTGCGCTCCGGGGTCCAGGCCCAGTTCGCGGTCCACGGCTTCAAAAACATTGGGATCCACCATGCCGCAGCCGGCAATCTCCACCCAGCGGGGGGCCTGGCCGTCCACCTTCAGCTTGACGTCAATTTCAAAGCTGGGTTCCGTGAACGGGAAGAAATGGGGGCGGAAGCGCACCTCCGTTCCGGAACCGAAAAGGGCGCGCAGAAAATATTCCAGCGTTCCTTTCAGGTCGCCCACGGAAACGTCCGTATCCACATACAGGCCTTCAAGCTGATTGAAGGCGGAAAGGTGCGTGGCGTCAATTTCGTCGCGGCGGTAGGCGGAACCGGGAGCGATGACACGCACGGGCGGCAGCTGCTTTTCCATGGAGCGGATCTGCACGGAAGACGTGTGCGTACGCAGAAGCTTGCCGGAATCAAAGTAAAATGTATCCTTCTCATTGCGGGCCGGGTGATCTTCCGGCGTGTTCAGCGCGTCAAAGCAGTGGAACTCGTCCTCAATCTCCGGGCCGTCCGCCAGGGCAAAGCCCATGTGGCGCAGAATGCGGACGGCTTCATCCCTAACGATGGTGAGGGGGTGCAGACCGCCAGGCGGCAGGGAGCGGGCCGGAAGCGTCAGGTCCACACCGGCCACGGCGGCCTTGTCCGCCTGGGCCTGCACTTCCTCCAGCTTGGCGTCCAGAGCTTCCGTAATGGCCTTGCGGGCCTCGTTAAGCAACTGGCCGACAGCGGGCTTTTCCTCTCTGGGAACGTCCTTCATGCCCGTCTGGGCCAGGGTCAGTTCCCCTTTTTTGCCGAGGATGGCCACGCGCGCGTCTTCCACGCCGCGCCTGTCAGACGCCTGGGCGATGCGTGCCAGGGCGTCCCGTTGGATGCGTACAATCTCTTCCTTCATAAAATTTGACGGGCAAGAGCTTACCCGTCCCCCCCGCCAGCGTCAAGCCCTTCGGGCCGCGGGGAGGTCACTCAAAAGAAAATGGCGGACCCCGGAAAGGGGGGAAAAGAACAATGAACCTCTCTTCCTAGTCACTAATCCTTAACCATTAAATCTCCCCAGCAAATTACACGTATCCCGGCCGGGCGGACATGCGGCCGGAAACCATGCCGAGCACGCAGAAAAAGGTATAAACCAGGCAGAACGGCAAAAAGGAGCCGCCCTGATGCAGGAAGGAGGTAAACAGCAGGCTCAACAGGGCGCCCATGGTAAAGCCTATTCCCTGGGACATGCCGGAAAGCCTGATTGATTCGGAAGGGGTCCGGGCCCGTTCCACCATCAGCGCCATTCCGCGGCTGAATACGGTTCCCGTCGCCAGACCGAACAGAATAGCCATCCAGAGAGCCCAGTCCGGAGGGAGATACAGGATGCCCCAGCAGGAAAGGGCCGCCAATGCCATGGCCATCACGATGAGGAGCCCCCGGCCGCCCGTAGCCTTTTCCAGCACGTGTGCGGAAAGCGTGGCGGGCAGCTGGGCGAACATGGCCACGGAAAGGATGAACCCGGCATCCTCATAGCTCATGCCCCGCTGCCTCAGAAAGATGGGAATCCAAGTATAAAAGAAATAGGCCGCCCCAACGCGGCTCAAGTAAAAAACGGTAACCTGCCATGCTTTGCCGCTGCGCAGCAGGTTGTGACCGGAAGCCGCCGGATCGCTTTGAAACACGCCGGCCGGGTGCCTGAGAAAATAAGCGCCCCATACCAGCATTCCCAGCAGAATGGGGATAATCCAGACCCCCAGGCCGAAACGCCAGCCTCCCAGCATGTTGGAAATGGGAACGGACAATCCGGAAGCCGCAGCGCTGCCCACGCCGATCATGGCGCTGTAAACCCCCATCATGGCGGAAGCATGGTCAGGAAACTGGTGCTTAATCAGTCCGGGAATGGCCGCCCCGGCAATTCCCATGCCCAGCCCCATCAGAACCATGCCGCCGTATAACCCCGCTACGCCGTCCCAGCTGCGCCAGAAAATTCCGGCCACCGCCAGAAGCTGGAACCAGAAAATGATTTTCCACGGCGTCATCCAGCGCGCCACGCGTGGAGAAATGGGAGCCGCCACCCCCAGCACAAAGACGGGCAACAGGGCGAACAGCCCTGAATTTTCCAGGGAAAGCCCCATATCCCTTTCAATCGTTCCCAGCAGCGGATCGGGAGAATCAAACCCGGTACGCAAATTGAAGCACACGATTAAAAAGGCGACAAACAGCAGCATCTTTCCCCTGATGCCTCCGGAAGTCCCTGCCTTATCCATCCCATGTTATACATCCTTGCCCCCGCCCCTGTTCAAAAGTAACAGCCTTCCGGCTGTCAGCGGTCCGGAAACACGGCATGACGGAAAGACCATCAGGGGAAACAATCTCCCTGCGGTTTTCCATCCCCCCTGCCATGAAAAAGCGCCGCCGTCCCGGAGAACGGCGGCGCCCGAACACGCTAACCTCTTAAGCTTTCATTTGGCAGGGCGTTTGCCGTACACCAGCGTCCGCCTGCCGTCCCAGGAAACGGCTTCAATCCGCGTAGAACCTTCCGGATAGGGAACCGTGGTGGAGGAATTATCCCTGGAATCTGTCCCCACCATGGTGATGCGGACCATTTCCCTGTCTTTGTATGTTTCAAAGACGACGGCGTTTTTCCACACGTCATGGGAAACAACGCGCCTGTTGCCCTGCTCCGTAACGCCCTGGTTGTAAACGCCGCGGACAGGCAGTCGGTTCTTATATGCTTCCGCGCTGTTGACGGAAATATAGTAAATGACGGGGCTTTCCGGCTTTTTGTACTTCCTGGCGTAGGCAATCAGGTTCTTGCAGTCGGCCTCCGTGATGGTCATGCGGGCGCAGGTGTAGTCGTCCAATTCCTGGTCAATGGGCTTGAGCATGCCCGTTTTCCGGAAAAAATCCGTCAGGTCCTGTCTGGCGGCGTCGCAGGCGTTCTTCATGAACGCAAGCTGGAGCTCGCCGTCCTTCTTGCCCCTGGTATCCATCTTGATGGCCTTATAAAAGATATCCGGATAAAAGTCGGGATTACCCTTCCCGGCTACCTTGAAATACAGCTCAAGCTGCCACAGGGGGGCCAGCTTGACAAAATGGTCGTGCACCATCGGACGGTTATCCCCGCCGGAACGCTTGTCCGGCCCGCTCTGGACAAGCCAGTTTTCCCCCTTCAAAATGCCGTTGTTCAGATAGGCGTTGAAGCGTCCGCCAATCATGTTGCCGTCCCCGCCGTTGATGCGTTCATGCTCCAGGCGCATGCTGGAGGGATTCAGCATGTAATTCACGTAAGCGGAGTAAATGTTATTGGTCACTTCTCCGGTGGAGACCCATTTCATGGCGGGGCGCACCTGGTTGACGTGGCCGAACTCATGGGCAATCCCCCAGGCGCTGCCGGGAATCCTGTCCGGATTGCCGACCTCCTTCATGGTGCCGTTATGAAAGGCGGCCCCCGTGCCGTCCGCGTGCATGAACCCGTTCCAGATCACACGGCCGAACATGCGGTTTTTGGGCAGCATCCTGTACTTGTACAAGCCCATGATCTGCTGCTCCATGCCGATAATCCTGTCGTACAGGGCAATAAGCTCCTCCCCCTTGTCCGGACAGAATTGTTTAAGTTCCTCCACCGGATACACCAGATGCACGCGGCTGCCCACGATGTCCACAACTTCCGTGGGGGAGTTTTCCAGCATCTTCTTCCAGTCGCTGTTTTTGCTGACTCCTCCCACGAAAACTCCGTTCACCTTGCCGGACAAAATGGATAAATGCACCT
NZ_CP071807.1_gap74	2436911	2437532	621	TGAATCCAAAATAAGGCACAGTACAACTTGTGGCGCAGCATGCGCCGCGGCCATTGGTTTTGCCTTGAATCCAAAATAAGGCACAGTACAACGTAGCGCAGGTAGAGCTGACGGATGATCATGTTTTGCCTTGAATCCAAAATAAGGCACAGTACAACGACTTTGATGCCGAAAATAATGCTTATCATGTTTTGCCTTGAATCCAAAATAAGGCACAGTACAACAGATACTGTGCCTTATTTTTATGTTCAGCGACTTATAAAAAAATACGGCGTCCGATATTTTTACCAGAGGAGCATCTGCTGAGGCAGGGAAACCTCCTGTCGGGGACAAGACCTGCCATGAAAAACGAACATCTTATCCCACTGGATATTCGTAACGAAAAGACAGCGGACAGAACCATCAGGCGGTATCATTTTCTGGATTCTGCGGGAGTGGGTAGCCATTCTTTCCTGAGTAACGCACGCGCGGGCATAGACGCTATACTGAATCATCGTATAGCCGTCTTCTAAAAGAGCCTTACGGAAATATTGATAGTTTTTTTTATCTTCCGGCGTGGTTGTGGGAAGATCAAAGAACACAACTAGCCAGCCCATTTTATAGTTGTCATAAGCCATGGTT
NZ_CP071807.1_gap75	2461257	2464201	2944	ACGTGAAGTTCCCTATCAGCGAACGCGATTTCCTTTCCCTGTTCGGTACCCAGGAAAATATGAAGAAAGACGCCCTTGTGTCCGTCAACCTCGCCAACGGCAAGGCATACGACCAGCCGGGCAGGATTTTCATGACGGACAATACCGTCCAGACGACCACGGACACCCTGAATGTCTGGGCAAAATTCCCCAATCCGGAAGACGTGCTGACGCCCGGCGGCGTAGTCACGGTTAATCTTTCCAAGAAAAACGTGGACCGCTTCCCGGCTGCCAACATTTCCTCCGTGATGCACGATGCCTACAAGAGCTACGTTTACATCGTCAACGACCAGGGCGTCGTGGAACGCCGGGACGTTACGCTGGGCAACACGGTCAATAATGAACAGTGTTTCAGTTCCGGCGTTAAGGAAGGGGAAGTCGTCATCATCGACGGCATGCACAAGGTGCGTCCCGGCGCCAAGGTGAATCCGGTATATTCCGTTCAAAACTGAGCTACCCATGATTGCGGACCTGTTTATCAAACGCCCCAAATTCGCCATCGTCATCGCCATCCTGATGATGCTGGCTGGCGGCATCTGCCTGAACCAGCTCCCCATTGCGGAGTATCCGGAAATCGCGCCCACCAGCATCAACGTGCAGGCCACCTATACGGGTGCCAGCGCCCAGGTAGTGATGGAAACGCTGGCCTCCCCCATTGAGGAAGAACTCAACGGGTTGGAAAACCTGCTCTATTTCTCCTCCAAGTCAGATAACACCGGCGGGTATTCCCTGTCCCTGACGTTCAAGAGCGGCACGAATTCGGACATCAACATGGTGAACGTTCAGAACGCCTTGAAACGGGTGGAATACAAACTTCCCAAGGAGGTGACGGACCAGGGCATCAAGATCAAGAAACGCTCCTCTGACATCCTGGGATTCTTCGCTTTCCGGTCCACCAGCATGAGTTCCCTGGAGCTGAACAACTTCGTCAAGACCAGGGTGAAGGATGAGGTTGCCCGCGTACCGGGAATCTCTGCCGTCAACCTGATGCCGGAAAAGAATTACAGCATGCGCATCTGGCTGGACGCCCTGCGCATGTCCGCCCTGAATATCACGCCGGATGACGTTTCCAATGCCATCAAGGCGCAGAACGTTCAGGCCGCGGCCGGCTCCATCGGCTCGGAAGGGGAAAACAACTTCATCCAATACAAGGTGAACGTCACCGGACGACTGCAGACCGTGGAGGAATTCAGCAAGATTATCGTCCGCACGGGCCAGGATGGCCACGTTACCCGGCTGGACGACATTGCCCGCATTGAGCTGGGCGCGGAAACCTACACGGGCAGCAGCCGCAACAACGGGGAAGACTCCGTGAACATGGCTGTGTACCGCCTGGATGACGCCAATGCCCTGGAAGCCATGAACGGCGTGAAAGACACGCTGGAGAAGCTGGAAAAACGTTTTCCGGAAGGTGTGAGCTACGTCGTGAGCTACGACCCCACGCAATACATTTCCGCCACCATGGCGGAAATCGTGGAAACGCTTGTCATCGCCCTGATTCTGGTGGTGGGCATCACGTACCTGTTCCTGCAGGACTGGCGTGCCACGCTCATTCCGGCGCTCGCCATTCCCGTCTCCCTGATAGGCACCTTCGCCATCCTGCTGCCCCTGGGCTTTTCCATCAATGTGCTGACCATGTTCGGCCTTATTCTAGTAATCGGGTCCCTGGTGGACGACGGCATCATCGTAGTGGAAAATACGATGCGCATTCTGGAGACGGAGGATCTCTCGCCGGAAGAAGCCACCAGGAAGAGCATGCACCAGATTACAGGCGCCATCATCGCCACCACGCTGGTGACGGTCGCCATTTACGTGCCCATCGCCTTCTTCGGCGGCATGGTAGGGAACATTTACATGCAATTCTCCGTAACCATGTGCGTGGCCCTCTGCCTTTCCGCCATCAATTCCCTGACGCTCAGCCCCGCGCTGTGCGTTCTGCTGCTGAAAAGGAAGCAAAAGAAACAGAGCAGGTTCAGCCTCTTCCGCCCCTTCAATGTCTCTCTGGAATGGGCGCGCAAAAGCTATATCAAATGCGCCGGCATCATGGTGCGCCGCGCGTGGCTTACGCTGATTCTGCTGGCCGCTGTCCTGGTCGGCAACTGGAAACTGTTTGAGACCGTACCCAAATCCTTCCTTCCTCCGGAAGACAAGGGCACCGTTTTCTGTGATATCCAGCTGGCCCCTGGCGCCACGCTGGGCCGTACGGAACAGGCCATGCGCAGTGCGGAACAGAAGCTGATGAGCATCCCCGGCGTGCGCCAGGTTTCCTCCACTTCCGGATTCAGCTTCATGGGCGGCAACGGGGAAAACCTGGGCATGTGCATCGCCCAGCTTGACCCCTGGGACAAACGCAAGACGCCGGAGCTTTCCCTGGATTCCATCATGCAGAAAGCTTCCATCCTGTGTGATGAAATTCCGGCGGCCAAGGCCACCGTGTTCAGCCCGCCCGCCATCATGGGGCTGGGCCTGACGGGCGGCGTCTCCTTCATGCTCCAGGCCAGCGGGGAGGAAACTCCCAAGGACCTGGAACGAGTGACCAACGACCTGCTGGACAAAATCAACAAACTGCCGGGAACCATGTACGCCCGCAGCGCGTATGAGGCGAACACCCCCCAGCTTTTCCTGAACATCGACCGTGAAAAGGCGCAGAGCATGCACGTGCCCGTCAGCCGCATCTTCACGACGCTTCAAAGCAAGCTGGCCTCCATGTACATCAATGATTTCAACCTGATCGGCTACACGTTCAAGGTGAAGATGCAGTCCGCGGCAGAGGACCGCACCACCATCAATGACATCATGAACACCTACATTCAGAACGATCAGGGCCAGATGGTGCCTCTCAGCTCCGTAGCCACCCTGTCTTACATGGTGGGGCCGCGGCAAATATCCCGTTTCAACCAGCTCA
NZ_CP071807.1_gap76	2541159	2542201	1042	GGGCCCCTGGCCCACGAACTCTACCTGACGGTACTGGCTTTCTTCGGAGGCGTGCCCCCCACCATGCAGCTTCATTACACCTTTCATCACACCACGCTGCTGTGGCTGTTCCTGGCCATGGCGGTCTCCTGGAACATTCCGCCCAAATACCAGCTCTTCCTGGCCGCCCTGTGCCTGCTCGCCTCTCCCATCGGCTCGCTGGGCCTTCTGGTCTTCATCGCCGTCCGCACGCTGGTCCACCGTACTCCCGTCAGGCAATACTTCTCCTCCTGGACGGTGCTGGCGGGCGCCGCGCTGGTGCTGCTGGCCGGCATCTATTTTACAAGCAGCAACGGAAACAACCGCATCCGCCTGACGTGGCAGGACTCCCCCTTTGACCTGCTCCAGTACGGCAACTGGAAATTCTGGGGCGCCATGGCCGGCTCCTGGCTGCTGACGGTCGGCGTTCCGGCGGCGCTTCTGTTCCGCCGCTTCAAAAAAGACACCCTGCTCTGGTCAGCCCTGGTCATTCTCACGCTCACCTACTTCATTTACATAGGTTCCGTGGGCGGCTACAATGAATTCTGCTACAAGGCATCCAGCGTCAGCTTTTTCTGCCTGGCTCTCCTATTCACCCGCATCTTCGTGGAACGGGTGGGAACGCCCCGGTGGCGCAAACTGTGCGTCTGTTATCTGCTCCTGGCCGCACTCCCCAGCCTCTCCGTCTTCGCCAAGGCCGCACCCACACTCGCCTTGACGAAGCCTGCGCGGCTCGCCAACATGCAGCGGGAATGGAAGGGACATCTCCACCATCCGGAACATCCCTGGAACGCGCCCCTTTGGGGAGCCGGAGAAAGCGGAGCCTTCCGGAACATCTATTTCCAGAAGGCGGGCCAATCCGCTGAAGGGCCGCTGGCCGCCTTTTCCACCGGAATAAAAACAGACGCGGAACCAGCCGCCACACCCCGGCCATAACCCCTCTTTCACCACTCACCCCCATCCCCAGCCATGGATCTTTCCCGTTACCAGGAACACTACTCCCTCAGCCACCGCCTCAAACGGT
NZ_CP071807.1_gap77	2578724	2583590	4866	GGATACATTACTTTCCCCACCGTTCCGTGATGCCGCCGTAGGAGTCAATGCGGCGGTCACGGAAAAAGGGCCAGATGCGGCGGTGGTCTTCCAATGCGTCCAGGTCAAGGTCCGCGTACAGGATGGCTTCATCGCTGACGGGAGCCTTCGCCACAATCTGGCCATAGTAGTCCGCCACAAAGGACTGCCCCCAGAATTCGCTTTCCCCTTCCGTCCCCACCCGGTTGACGGCGCAGACATAGCAGCCGTTGGCCACGGCATGGCCGCGCTGCACGGTTTCCCACGCGCAGTGCTGCTGTTCCCCCAGCAGGGGCTTTTCCTCCGGCAGCCAGCCGATGGCCGTGGGGTAAAAAATGATTTCCGCCCCCTGCATGGCCGTCAGGCGCGCGGCTTCCGGGTACCACTGGTCCCAGCAGATGAGCACGCCGATGCGGCCGAATTTGGTGTCGAACGCCTTATAGCCCAGGTCGCCGGGGGTGAAGTAGAATTTTTCTTCAAACCCGGGATCCTGCGGAATATGCATCTTGCGGTACATGCCCAGGAACGAACCGTCCGCATCCACCACCCAGGCGGTATTGTGGTAAAGCCCGGTGGCGCGCTTTTCAAAGCCGGAGGCAACAATCACCACGCCCAGTTCCGCCGCCAGTTTCCTGTGGGCTTCCGTCAATTCCCCGGGAACAGGTTCCGCCAAGTCGAATAAATCGCATTCCTCCGTCCTGCAAAAGTATTCCGTGGTAAAAAGTTCCTGGGTGCAGACAATCTGCGCGCCGTTGGCGGCGGCTTCACGGATGGCGGATTCCGTCTTTTCCTTGTTCACGGAAGGCCGGGCATCTGCGGACAGTTGAATGAGTGCAATTTTCGGCATGCCCCTTCCTTACCCCGTTTCCCTTCCCATTCCAAGCAGGGAAAATGAACGCGGCGCGATTATTTGGTGGAAAACGGCCCGGAAAGTGCTATGAAATTGCAATATGGAACCCGTCACCCCCACTCTGCCCGACGACGACGTAGCCGCCATTGACCGGCTCGGCGCCATTTACAAGGAGCTTTCCTCGGAATTGAGCAAAATGATCATTGGCCAGCAACGCGTCGTGGAGCTGCTGAGCATCGCCCTGTTTTCCCGCGGGCATGCCCTCCTGATGGGAGTTCCGGGCCTGGCGAAGACGCTGCTGGTCAGTTCCGTGGCAAAAACGCTGGACCTTAGTTTCAACCGCATCCAGTTCACGCCGGACCTGATGCCCGCGGACATTACCGGCACGGACATCATCCAGGATGATTCCGCCGGCGGCAAGCGCCAGTTCGAGTTCATCAGGGGGCCCGTGTTCGCCAACATCGTGCTGGCGGACGAAATCAACCGCGCCCCCGCCAAAACCCAGTCCGCCCTGCTGGAGGCCATGCAGGAGCGCCGCGTCACCGTCATGGGCCGCACCTTCACCCTGCTCCCCCCCTTTTTCGTGCTTGCCACCCAAAACCCCATTGAACAGGAAGGCACCTACCCCCTGCCGGAAGCCCAGCTGGACCGCTTCATGTTCCTGATTGAAGTGGACTACCCCACGGAGGAGGAGGAAATGCGCATCGCCCGGGAAACCACCGGAACCCGGAGCGAGGAACTCAAGCACATCCTCTCCGGGGAGGAAATCATCTTTTACCAGGATCTGGTGCGCCGCGTTCCCGTTCCGGAACATATTTACGAGTATGCCGTGAAACTGGTGCGCGCCACCCGCCCCACCCTGGAAACTTCCCCGGAATGGGTAAAGCAGTATGTAGCCTGGGGCGCAGGCCCCCGCGCCGTCCAGTTCCTGATTCTTGGGGCCAAGACCCGCGCCGCTCTCCAGGGCAGCTACATCGTCCGCAGGGAAGACATAGACGCCATTGTGGAACCTGTGCTGATGCACCGCGTGGTCACCAACTTCGCCGCGGAATCCCAGGGCATCACGCCCCGTAAGGCCGTGGCGCGCCTGGCGGCGGAAATCTGACCGCCGTCCCGGCATCATCAATCCCCTTTCCCTACCCCATGAAATACCTGAATCACAACCTGCTCAGCCGCCTGGGGAACCTTCCCCTGGAAGCGCGCCACAGCATGACGGGGAACGTATCCGGCCGCCATAGAAGCGCCAGCCGCGGCTCCTCCGTGGAATTTGCGGAATACCGCAAATACGTGGCCGGAGACGATACACGCCGTCTGGACTGGAAAGCGTATGCACGGTCGGACAGGTATTACATCAAGGAGTTTGAAGCGGATACCAACCTGCGCGCCTACATCGTCATGGATCTTTCCGGCTCCATGAATTATCATCCGGAGCAGGTGGAGACCAAGTATATGCGCGCGTGCAGGCTGGCGGCCAACCTGGCTTACATTGCCATCCGGCAGGGAGACGCGGTGGGACTGAGTTTTGCCCGGCAGACGAAGGACGGCGCCGCGCTGCACATCCCCGCCTCCCGCCGCCCCGCCCACCTGAACGTGCTCATCAGCCAGATGGACACGCATTCTCCGCAGGGGGAGACCGTCCTTCCCGATACCCTGCATGAACTGGCGGAACGCGTCGGCCGCCGCGCCCTGGTGTTGATTTTCTCAGACCTGTTCACAGATACGGCGGAGCTTAAAAACGCCCTCCGCCACCTCCATTTCCGCAAGCATGACATAGCCGTATTCCATCTGGTGGACCAGTTGGAAATAGATTTTGACTTTGACCGCCCCATCCGCTTCGTGGACATGGAAGGCGGCGGCTCCCTGATTACGGAGCCGGACCTTATCGCGGACGAGTACCGGGCTATCGTGGCCAGCTATCTGGAAGAAACGCGCCGGATCTGCACGGATATCAATGCGGACTACCGCCTGGTCAGAACCGGAGATTCCCTGGAAGACGTGCTGACCGGCTTCCTGATGGGACGTCAGAAAAAGAAGGCGGCCGGATAAATGCCCGGCTGTCTCACGGAACGGTTGATTGCTCCGCGGAACGGATGCAGGATGCACCCAGACGCTCCCCGGATTGCAGGAAGCGTCTGTTTTTCATCTCTTTCCCTTTTTTCCATTGTGGATGCACCCGTTAAAATGATCGTGGGCCTGGGCAACCCGGGCAGAACCTATGAAGACACCCGCCATAACGCGGGGTTCATGGTGCTTGACCGCCTGGCCGCCCGGTGGGGGGCCGTATTCAAGGCGGACAGGCAGCGCAAGTGCGAGGTGGCCGCCGGCCCCGGCGTCCTGCTGGTGAAACCCTCCACGTTCATGAATGAATCCGGTCTGTGCGTGGGCCCCATGATGCGGTTTTTCAAACTGGATCCCCGCAGCGTGTTCGTCATTCATGATGAAGTGGATTTCCCCCTGGGCGTGATCAAGCTGCGGGAAAAAGGCTCCGCAGGCGGCCACAACGGCATTAAATCCCTCATCGCCCACATGGGCACCCAGGAATTCCCGCGCCTCCGTTTCGGCATCGGCCAGCCCCGTGGCAAAGGGGAAATGATAGGGCACGTGCTGGGCAAATTCCGCCCGGAGGAACGCGAGCTTCTGGACGTGACGCTTGGCAAGGCGGAGGACGCCGTGCTGTACACCATGGAACACGGCATTACCAGGGCAGGCAATATTTTCAACGCTGTTCCAGGCTGACAGCCGCATGAAAGGCCGCCCCATTTGCGCCATGACGTATCCCTGGACGGGCCGGAGAGCGTTTTTTCCTGAAGCCGGAGCAGCCCGGGCCGCAGGATGATACGGCTGCCTCAGGCGCCTGGCGGCGTCCAGGAATACTCAGGGGGCGCGCATGCCTTCTTTTTTCGCCCGTCCGCCATGTACGGTATTGCTAAACAAACGGGAATCCGTTAGGATTTTTGCACGTTTTCCCCACTCCTCAGGACCAATCCTGCTTCATCTTCATGGCTGAATTAAGTTCACAAGCTCCCCGCAGGCACATGCAGGCCAACAAAAGGCGGCATCCCAAGGCAAAGCCCAGGAAACGATTCTGGAGCTTTATCCGAAAGCTTGTCCTGTGGTGCCTGGTGATGGCGGCTATCGGCGCGGCCGTGGGATACTTCGGATTCATGATGGCCTGGAAACGTTATAACAACTGGGCGGCGGAATTTGATCTGGAACGCATCAATGACCTGGAAAAACCCAGCATTATTTATGACCGGAACGGGGAGGAAATAGGCCGTATTTATGTGGAGAACCGCAGCTACGTCACGCTGGACAAAATCTCCCCCGCCATGATTAACGCGCTGATTGCCCAGGAAGATTCCCGCTTCCGGGAACATCCGGGCTATGACTTCCTGGGGATTCTGCGGGCAGGCCGGGAGTATATCCACAACAGCGGGGACGCCAACCAGGGCGCCTCCTCCATCACCCAGCAGCTTGCCAGAAATGCGTATGACCTGAAAAACCGTGCCAAAGCCAGGAATGAGGGCAGCTTTGGCCGCAAATTCGTGGAAATAGCGCTGGCGCGCCGCATTACGGAACGGTACAGCAAGGACCAGGTTCTGGAATTTTACCTGAACCGCGTTTACTTCGGCAGCGGGTTTTACGGCATCCGGGCCGCTTCCCTGGGCTACTTCGGCAAAGAGCCGGCGGACCTGACCACCCGGGAGGCCGCCTCCATCGCCGCCCTGATCAAAAACCCGAACGGACTTTCCCCTCTGAATAATCCGGCTAGCAATCTGAAATGGCGCAACCACGTTCTCAACCGCATGGCCAAGGAGAAATACATTACGCCGGATGAAGCGGAACGCCTCTCCGCCATGGAGCTGGGGCTGAATCCCAAGCCGCTGAAACGCGGCGTCTCCCACATTTACGACCGCATTTCCTCAGAAATCACCGCATACCTGGGAGAGGAGCGCGTCAATGCCGCCGGGCTTAAAATTTACACCACCATTGACAGG
NZ_CP071807.1_gap78	2592175	2595152	2977	ATTTCGCGTGGCAGCCAACCACCTCCTTTTACGTGATGGGAGCCACTGCCGCCAATAACATGGCTCAAAACCACAATCCTTTCCGGAACCTGAATTCCGACAATTGGACGAACGTGCTTGAATTCGGCTACGTGGCGGAAGATTTTTGCAGCATGGGCCCCGGCGTGTACCGCCTCCAGCCCTTTTTCACCACCAGCAACGGTGAAAACGGGGGCGGCGTGGCCGTAAACTTCCAGCAGCAGCTGGGCCGCAGCAGCCACTTGGGGTGGTTCTTCCGCGGCGGCTGGGCAAGCGATGACGCAGCCACGCTGACCGGCGTACGCTGCGCGGCCACCACAGGGCTGGTGCTTCTTTCCCCCTTCCGGGGAAAGGGCGCATCCAATGACGGATACCTGGGCCTCGGTTTCCTCTGGCAGCAGGGGGCTAAAAAGAACGGCCCGTACGTGAACAGGAATGAATACGGCATTGAATTGACGTATGTGGCCCAGGTGACGCCCACCATGACTCTCCAGCCTGATATTCAGCTTGTCAAGAATCCCGTCAACGGCCGCAGAGGGCAAACGGCGGTGGTTTTCCAGATCCAGAACGTCTGGTCCTGGTAAAAGCCCTCCCGGAAAACTGGAAAATATTGATCGCATTTCCCGGAAATCCTGTCTAAATGGAAATGTTCTTATTTGGACCACGCACATGAAGCGCATTCAGCAACCTTCCATGCAGGAGGCGGAGCAGGCCTCCCTGAATCATGAGATTTTAAATACATGGCGTCCCGGGGAAACTCTGGGGGAACACATGGAGCGCCGCGGCGTCAGCCGGCGCGAATTCAACAAGTGGTGTCTGAAAATGATCTCCCTGATGGGCGTTGCCACTGTAACGGGCGGCATTTCCAACGCCCAGGAGATTGCGGACAAGATGGCCGCATTGAAACGTCCCGTAGTCATCTGGCTCCAGCTTCAGGAATGCACCGGATGCCTGGAAAGCACTATCCGCAGCTATAACGAGGAAATCGGGGACATGGTGCTTTCCGCCGTCTCCATGCCTTACGTGGAACTGCTGATGGCCCCTTCAGGAGAGGCCGCCAATCAGGCTCTGGAAGACGCGATCAGGGAGCCCCACATCCTCGTCATCAACGGTTCCGTTCCGGTCAATGACGGCGGGGTGTACTGCACCGTGGCCGGAGATACCGTGGAGAACATGCTGCGCCATTGCGCGGAAAACGCCTCTCATATCCTGGCCGTGGGTTCGTGCGCGTACTTCGGCTCCATCCAGGCCGCCCGTCCCAACCCCACCGGGGCCGTGGGCATCCGGGACATCCTGACGGACCGCACGGTCATCAACGTGCCCGGCTGCCCGCCCATCGGGGACGTGATTACGGCCGTCATCATGTACATCCTTACATTTGACCGCGCCCCGGAATGCGACCTGGAGTCGCGCCCGCTGATGGCATACGGCACCCGCATCCACAATAATTGCCCGCGCCGCGCCCATTTCGACGCCGGACAGTTCGTCAACGTGTTTGACGACGAGAACGCGCGGGAATGCTTCTGCCTGTACAAGGTGGGCTGCAAGGGCCCGGATACGTTCTCTCCCTGCCCCATCGTCAAATGGAATGGCGGCGTCAGCTTCCCCATCCAGTCCGGCCACCCGTGCATCGGCTGTACGGAGCTGTACTTCTTTGACCGCATGACTCCGTTTTACAAGACGCTGCCGAACGTGAACGGCTTCGGCGTGGAAGCCTCCGCCAACATCATCGGGGCTGTGGGCGTAGCCGGCGCCGGAGCGGCAATCGCCGCCCATGCCGTGGGCTCCGCCATTCATTACAGGAAGCAGCACATGAAGGAGGAAGCAAACGTCTCCCTGCCCGCCTTCGGGGACGCTCCCGGCTCGCCCGACAAGGAAATTGAAGAATAGCCAGAAGCCCTCACCACCAGATTACCATGAGCAATTACACATCAGCGGACGTTCCGGAATCCAGCCGGGTGGTCATTGACCCGGTAACGCGCATCGAAGGCCACCTGCGGGTGGAAATGGAGGCCGGGGACGGCGTCATCAAAAATGCCTGGACGTCCACCACGCAGTACCGTGGCATTGAGGTGATCGCCTGCAAGCGGGACCCCCGGGACGTTTGGGCTTTTGTGGAACGCATCTGCGGCGTCTGCACGGGTACGCACGCCATCGCGGCCCTGGCTGCGGTGGAAGACGCGCTCCAATACCCGGTGCCCGTCCAGGCCCGCCTCATGCGAGACCTGGTCAGCGGAGCCCTGGGCATCCAGGACCACGTCATCCATTTTTACCAGCTCCAGGCCATGGACTGGGTGGACGTGATGTCCGCCCTGAAGGCGGACCCCGCGGAAACCGCCGCCATCGCCAAGTCCCTTTCCGACTGGCCCCTGTCCTCCGCCGCGTATTTCGCCGGAGTGCAGAAGAAGCTGAAGGACTCCATCGCCTACGGGCAATATTCCATCTTTACGAACGGCTACTGGGGCCATCCGGCCTACAAGCTGCCGCCGGAGGTGAATCTGCTGGGCGTGGCGCATTATCTCCAGGCCCTGGTCTGGCAACGGGACATGATCAAAATCCACACCATCCTGGGCGGCAAGAACCCGCACCCGAACTTCCTGGTCGGCGGCATGGCCTGCGCCATCAACATGAACAATGACCAGGCCATCAACCAGTTTTCCCTGAGCTACCTGAAGCAGCTGGTGCAAACCTGCCACGATTTCATTCACAAAGTATATTATCCGGACATTGTAGCCATCGCCGGATTTTATAAGGACTACGCCCACATTGGCGCGTCCAACCCCAACTTTTTCTGCACTGGGGCTCCGTCTGAAATCAACACGGGCGCCCCCGCCGGCAAAGGCATGATCAAGCCCGGCGTGCTTCTGAATGGGGATTACAGGAACGTGCTTCCCTTTGACCAGGACAAGATCAGGGAATTCGTCACCAGCTCCTGGTACAGGTATACGGAAGGCAGGGA
NZ_CP071807.1_gap79	2663551	2664051	500	TTCAGAAGTTCCAGAAATTTCCCCCGGTAGAGAGACAGGCATGCTTCCCCTGGCTGTTCCATTTGTTCCATGATGCAGCCACGTTAGGTTTCCGGACGGCCGTTGTCAACCATGCGGACCGCCTCCCTCCTGCATCTTCCCGGACAGTTCCGTTCCGGTCCCTGTAAGTGGTTGATTTCCGGCGGCGTAATCATGCACTTTTCGTCACCCAGGCCAGTAACAAAACAACAACACATTGATGATGAGTAATTAACAATGTCATACAGAAAATATACTCAGGAGGACTAAATTATCGGAGGAAGCAAGAACAAAATATTTTTTCATGTGGAACCCCCGTGGAACGTAGAGCCGCAGAACGATGACTCGCGCTGTTTCAAAAAGATATTTTTTCCTCAGACGCAAATCAGTAATTTGGCGCTCCCGTCAACCGGGGTGTTGAGCTGAAAGCGGATGAGTTCGCCTTCTCCACCCCGATGGACGCCACGAGCTGTCACGGCTGC
