gap_id	start	end	length	sequence
NZ_CP041005.1_gap1	64005	65251	1246	ACTTCCTGATTTGCGAAAATACCCTTCCGGAACCCCCAGAAAAAAAGCGTTTCTCCGGACCGTTATGCCTTACATCACCAGCCAAAATGCCGCGATTACCGCGGACCGTAATTGGCTGATCTCAAAACAGTACCAGAACCGCTGGTCGCCGTCTGAACGCGCGCGTATGAAAGATATCGCGAAGCGCTATAAAGTGAGCTGGTCCGGCAACACGCGTCGTATTCCGTGGAATACGTTGCTGGAGCGCGTCGACATTATCCCAACCAGCATGGTGGCGACGATGGCGGCGGCGGAAAGCGGCTGGGGAACCTCTAAACTGGCGCGTAGCAACAATAACCTGTTCGGCATGAAGTGCACGAAAGGGCGTTGTACCAATACGCCGGGTAAGGTGAAAGGTTACTCGCAATTCGCGTCGGTTGAGGAGTCGGTGAGCGCGTATGTCGCCAACCTGAACACGCATCCGGCTTATTCTTCTTTCCGCAAGTCGCGCGCCCAACTGCGTAAGGCGGATCAGGAAGTCACCGCCACGGCGATGATTCATAAGCTGAAGGGTTACTCTACCCAGGGGTCGCGCTATAACAACTACTTGTTCGCGATGTACCAGGACAACCAGCGTCTGATCGCCGCGCATATGTAATTCTGTGTGCCGGATGGCGCTACGCTATCCGGCTTACAAGGCATCTGTAGGCTGGATAAACTACAACAACGCTTCACTATGCTGGTCGCGATACTCCTTCGGCGTAGTGACGTACTCCTTTTTAAACACCGAATAGAAATATTGCAGCGACGGGTAGCCGCACATTTGCGAAATTTCGTTTATCGCCAACGTGGTAGAAATCAACAAACTACGCGCTTTTTCCAGCTTTTCGGCGTGGATCAGCGCATGTATCGTCTCGCCAACTTCTTCCTTAAAACGTTTTTCCAGGTTTGAACGTGAAATCCCAACCGCGTCCAGCACCTGCTCGACTTTAATGCCCTTACAGGCATGGTTACGAATAAAGTGCATCGCCTGGATAACCGCCGGATCGGTCAGGGAGCGATAGTCTGTCGAGCGGCGCGCAATGACGCGCACCGGCGGCACCAGAATGCGCTGTAAAGGCATCTCTTCACGCGCCAGCAAACGGTGCAGCAGCTTCGCCGCCTGATAGCCCATTTGCCGCGCCCCCTGCGCGACGGAGGAAAGCGCGACGCGCGACAGGTAACGGGTTAACTCTTCGTTATCAATACCGATAACGCAAAGTTTTTC
NZ_CP041005.1_gap2	68584	72106	3522	AGGAGAACGTCCCGGCGCTGATTGCCGCCGCACAGCAGGCGGATGAGCATGCCGATTCGATCTGGTTTTTGCCGTACCTGTCCGGCGAGCGCACGCCGCATAATAATCCGCAGGCAAAAGGCGTTTTCTTTGGTTTAACCCATCAGCATGGCCCGGCGGAACTGGCGCGGGCGGTACTGGAGGGCGTGGGATATGCTTTGGCGGACGGTATGGATGTGGTTCACGCCTGCGGCGTCAAACCCGCCAGCGTGACGCTTATCGGCGGCGGGGCGCGCAGCGAATACTGGCGTCAGATGCTATCTGATATTAGCGGGCTACAGCTTGATTATCGTACTGGCGGCGATGTAGGGCCAGCGCTGGGCGCGGCGCGTCTGGCGCAAATTGCGGTGAATAAACAGACCCCGCTCGCCGATGTATTGCCGCAGTTGCCGCTGGAGCAGGCGCATTATCCTGATGCGCAGCGTCATGCGGTTTATCAACAACGTCGTGAAACCTTCCGTCGACTTTATCAGCAGCTGTTGCCGTTGATGTCATAAGTCAGAATGCCTTTCAGTTTTGGCTGAAAGGCATTTCCCGTAAATATTAATTCTATTGAATTATATCGAAGTAAGTATGTGTGTTTTCTGATTTTTATATTATTGCTGAGCAGGCGCCTTTTTCATCGCTATTTCTTCGCTTAATGTGTCTCACACAACCACAAGGAGAGTGAGATGGACGATCACGTTGCGCGCAGGAAACGGATATTCGGCCTGGGAATGTTAGTTGTCGGTGCAGTGGTATACCTGGTGGGACTGTGGCCAGGCTGTCATACATTAAGCGAAAAGGGATATTTTTTTGCGGCAATCGTCATGTGTGGTTTTCCAGTCTTAATTCGCCAGGAACACACGGGAAATGGCCGCTTGCTTTCTCGTTGCAAATCTTTGCTGTTGCTTGGCATCGGCATGGTCGCGGTCGGCGTATTTAACCTGGCGCTGGCGGGCGCGCTGAAAATACTGTGTCTGGTGGCGCTGGGGGTCAGTATATATGGAACCGATCTTTACGCTTCCTACAGTGATGATGAATGATGGCCGGAGCCATCATTGTCGTTTAGCTAACCCATTTCCGTTTATCAATACGCTGTAACAGCATGGAAAGTAGCAGGCTTCCTGTCACCGTCGCGGCAAAAACCCACACGATGTCTAACGGCGGCCAACGTTTTAACTCCAGACCATTAGTACGTAGCGCATGGATAATCAGTGCGTGGAAACCATAAATGCCCAACGAGTGGCGGGAGATAAGCCCCAGTCCAGGTAACGTCCGCGCATTCAGCTTATTTTTAACTACCGTGAACAGTGAGACGGCGCAAATAAACACCATGGGACCGCAATACAGATACCAGGTATCGGCAAAATTTCCGCGCCAGCGTAATTCATGCAATGTGCCGCGAGAAATAACAAATACCGCGATGATGAACAGGGCAGTGCAGATAAGCGTCAGCGATGACTTTTGCGTCTCCATCATTCCAATGGCGCGGCCCAGGATACCGTAGAGAATGTAGTAGAACGTGTCGCCGCTGATATACAGATTGATGGGCAACCATTCAACGCCGCCGATTTTTTGCGGCACAGTATTTGGGTTAGCAATAATACCAATGATCACCATCAGCATCAGGAGCATTTTGCCGCTCACGTTTTTTACCTGGATTAATGGCGATACCAGGTAGATCACCGTAATCGCAAAGAAAAACCACAGGTGGTAAAACACGGGTTTTTGCAGCACATTTTTTAGCGAAAGCTCGACGTTGATCGAAGTAAAAAGTGAAATGTAAGCCAGGGCGACAACGCTGTAAAAGATAAGGCACAGGGCGATACGTAAAAAATGCCGCGGTTGCGCGCAGCGCTCGCCAAAAAAAAGATAGCCTGAAATCATAAAAAACAGGGGAACGCTAACGCGCGAAGCCGAATTCAGGACATTCGCAATATCCCAGTTTAGCGGGCTGACGCTGTGGGCGTTGGTGATGTACCACGTTGTAGTATGGATCATCACTACCATTAAACAGGCGATCCCTCGCAGGTTATCAATCCAGTTAATTTTAGGCTGCATCAGTTCCTCAGCTTCCGTTTCAATAGAGTTCCAGCGCGGTGGCTCACTGGAAAAATCCGACTTTCTACGCTACATCTTGTGATGGCGTAAGGAGATTCGCACAATGTGTCTGCTACCCACAAACCTTAATAATAAGACTGACCAGCAAACCAGACGGTAATAAAAATGATAATGAAGTATTTCTGTTCTGTGATGATAGCCATCGCTCTGGTGGGATGCACAGCGACACCTCCACCGACGCAAAAAGCCCAGCAGAGTAAAGTGAGCCCAACACGCACGCTGGATATGGAAGCATTGTGTAAAGCTCAGGCGGCGCAGCGTTACAATACTGGCGCACAGAAAATTGCTGTTACCGGTTTCGAACAGTTTCAGGGGAGCTATGAGATGCGTGGTAATACTTTCCGTAAAGAGAGTTTTGTCTGCTCTTTTGATGCAGATGGGCAGTTTTTACATCTTTCTATGCGGTAAAAGCCGCGCCTGGTGAGGTGTGATGCCGCGAAATCCGGCAATTTTCGCTAAACAAACCGGTTTCATACTGTATATCTCGCATCCAGCGGGTATACTGGCTCCTTCCTTTAAATCCACACGTATCCAGCACGAAATAATATGCAAAAGTTTGATACCAGGACCTTCCAGGGCTTGATCCTGACCTTACAGGATTACTGGGCTCGCCAGGGCTGCACCATTGTTCAACCATTGGACATGGAAGTCGGCGCGGGAACTTCTCATCCAATGACCTGCCTGCGCGCGCTGGGGCCAGAGCCGATGGCGACTGCCTATGTGCAGCCTTCTCGTCGTCCGACCGATGGCCGCTACGGCGAAAACCCGAACCGCTTACAGCACTACTATCAGTTCCAGGTAGTGATTAAGCCGTCTCCGGACAACATTCAGGAGCTGTATCTCGGTTCTCTGAAAGAGCTGGGTATGGACCCGACCATTCACGATATCCGTTTCGTGGAAGATAACTGGGAGAACCCGACGCTGGGCGCCTGGGGACTCGGCTGGGAAGTGTGGCTGAATGGCATGGAAGTGACGCAGTTCACCTACTTCCAGCAGGTCGGCGGCCTGGAGTGCAAGCCGGTGACCGGTGAAATCACCTACGGTCTGGAACGTCTGGCGATGTATATCCAGGGCGTGGACAGCGTTTACGACCTGGTCTGGAGCGATGGCCCGCTGGGTAAAACCACCTACGGCGACGTGTTCCATCAAAACGAAGTGGAGCAGTCCACCTATAACTTTGAATACGCCGATGTGGATTTCTTATTCACCTGCTTCGAGCAGTATGAAAAAGAAGCCCAGCAGCTGCTGGCGCTGGAAAACCCGCTGCCGCTGCCGGCCTACGAGCGTATTCTGAAAGCCGCCCATAGCTTCAACCTGCTGGATGCGCGTAAAGCTATCTCCGTCACCGAACGTCAGCGCTACATTTTGCGTATTCGCACC
NZ_CP041005.1_gap3	108236	112103	3867	GTATGGATGGCATCGCAGAAGGTATCCCACGGCTGAAAACCGCGCAGTTTCAACGGCTGCGTCATCGACAGTAGCGTGGTGATGTCTTCCGGTACGTAACGGCTGAACTGCTGCCCCTGCACGCTTTCAATAAGCGTCAGGCAGCGTGAAAGCGGGGCGTTCCAGGGAATGATCATATTCGCGCCGCAGCCCAGCAGCAGGCGCTCATCGGTGGCGCGCAAACTGGCGATATTTTCGCGCACGACAATTTTCAGCGCGCTTCCCCGCTGGCGCCGCAAAGTATGAATGCGACGAGCAAGCGGCTCGATTTGGTTGTTCTGTGTAAGCGAAAAAATAATTGTCGCGGCCTGCGCCGTGCGCGCGTCGTTGAATAGCGCTTCGTTATTGTCGAAAAGCGTCCAGTGTTCCGAGAGCGGCGGCGCGCCTTCAAGGACGGCGACGTGGCTAAGAATGCGTTTTTCGTCGCTACGCGGCTGAATTGCCGTCTCCTCCTGATGGGATAGCGTCCAGCGTTCGTCCTGCTGACACAGCAATAACTGCTGTCGGGCGCTGACGCCTTTTTCGTTACACCAGAAGGCAATATCGAACAAATGTTGGTCGCCCTGAAAACGTAAACTGGCGAGGCCAAAAAGTGAGCGATACTCGCCCATCAACAACGAGGACTGTTTATCGCTATTATTACAAGGGTTAATAACCAACAATGAACAGTGATGAAAACGAGTCCATTTATTCATTTTTTCCAGCCATTTATGCAGGCTTTCTGACGTTATATTCCGCCACGTGTTATTTGCACAAATAAGAATGAAAAAGTAATGCGTCGGGTTAACAGAACAAAGCAAATCGTGGGGCAAAGAGTATAGCCCTTTTTCTGAAGCCGGCATGGTAAATAAGCGGATTTTCTCCGGACCGTGAGATTCATCTAATTTGATTACTTTGCCAGGATCGCCTTCCATGCCGATGACGGCGACATTTGCATTCTCCGTTTGTGACGCAATCGTTTGATTCACCAGACTGATGGCATCTTGCTGGCGATCGGCGTTAACCCACCAGACGCCGCCGGTTGGCATATGGCGCAGTTCATCCCATAATGATGAGATGCCGAGAGAAAATACGGGGTCCACAGTGTCCCTCATGTCACTATTTTAACTGTTTATCAGTTTACTAGCGAAAGCACAGAAATAAACCTAACATTGAAATTAAAACGCATCAGATTTAGCATGTGAATCAATTTGCCCGGCAGGATGCCCTGTAACTCTGCGCTTTGCATTTTTACACATTATAAATGATGTCACGGAAAGATGAAAAATGCGCGTTCTCCCGTATTGACGACGGGGCGTAATGCTGCCAGTGAGAAATATTTAAAAAGGAGCAACCAGAATGTATAACAATGAACCTGGCGCTCAGTCCGATCCAACGTTGGGCTACACTTTTCAAAATGATTTTCTGGCATTAAGCCAGGCGTTTTCACTACCCGAAATAGATTATACCGATATTTCCCAACGCGAACAGTTGGCGGCGGCGATTAAAAGATGGCCGCTCCTGGCTGAATTTGCGCAACCACATTCATTAAGGAAGCCATGAATGGCGATTCTGGGACTGCAGGGCGTGCGCGGCGGGGTGGGAACCACATCTCTCACCGCAGCACTCGCCTGGGCGTTACAAATCTTAGGGGAAAATGTCCTGGTGATTGACGCCAGCCCCGATAACCTGCTGCGCATGTCGTTTAACGTCGACTTCGTCCATCAGGGCGGTTGGGCGCGATCGTTGCTGGACGGCCAGGACTGGCGCGATGCCGGATTACGTTATACCTCACAGCTTGATCTACTGCCGTTTGGACAGCTCACCGCGCAAGAGCGGGAAAATCCGCAGTCCTGGCAGGAGACGCTGGGAGAGATCGGATCGGCTATCCAGGCGCTGAAAGCGAGCGGGCGTTATAGCTGGATTTTACTGGACTTGCCCTACGGCGCGTCACCGCTGACACGGCAACTGGTGAGCCTCTGCGACCATACGCTGGCGATAGCCCGGGTTGACGCTAACTGCCATATTCGCCTTCATCAGCAGGCGTTGCCTGCCGGAGCGCATATTCTGATCAATGACTTACGCATTGGCAGTCAGTTACAGGACGATCTGTACCAGGTCTGGCTGCAAAGCCAGCGCCGGTTGCTGCCCATTGTGATCCATCGCGATGAGGCGATGGCGGAGTGCATGGCGTCGAAACAGCCGTTAGGCGAATATCGCAGCGATTCGTTAGCCGCCGAAGAGGTGTTAACGCTGGCGAACTGGTGCCTGCTGCATGATGCGGGCGACAAAACGTCCGCCGGGAGCCTGCGATGAGCGCCCTTTCCCGGTGGCTGCTTATCCCGCCGGTTAGCGCGCGTTTGAGCGAGCGCTATCAGGGTTACCGCCGCCACGGCGCGTCGCCGTTTAGCGCAGCGCTCGGCTGCCTGTGGACGATTCTGGCGTGGATAGTGTTTCCGCTTGAGCATCCGCGCTGGCAGCGTATTCGCGACGGGCATAAAGCGCTTTATCCGCATATTAACGCCGCACGCCCGCGCCCGCTGGACCCGGCCCGTTACCTCATTCAGACCCTCTGGCTGGTGATGATCTCGTCGACTAAAGAACGTCATGAACCGCGCTGGCGGTCATTTGCGCGCCTGAAGGACGTTCGTGGACGTTACCATCAATGGATGGATACCTTACCGGAACGGGTGCGCCAAAAGACAACGCACCTGGAAAAGGAAAAAGAGCTGGGACATCTTAGCAACGGCGCCCGGCGTTTTATTCTGGGCGTTATCGTGACCTTTTCACTGATACTGGCGCTGATCTGTATTACGCAGCCATTTAACCCGCTATCGCAATTTATCTTTCTGCTGTTGCTGTGGGGCGTTGCGCTGTTGGTACGACGTATGCCGGGACGCTTTTCCGCGCTGATGCTCATCGTGCTGTCGTTAACGGTCTCCTGTCGTTATATCTGGTGGCGCTATACCTCGACGCTAAATTGGGACGACCCGGTCAGTCTGGTGTGCGGGCTGATTCTGCTGTTTGCGGAAACCTACGCCTGGATTGTGCTGGTGCTGGGGTACTTCCAGGTGGTGTGGCCGTTAAATCGTCAACCGGTGCCGTTGCCGAAAGAAATGTCGCAGTGGCCGACGGTGGATATTTTTGTACCGACCTATAACGAAGACCTTAATGTGGTCAAAAATACCATTTACGCTTCGCTTGGCATTGACTGGCCGAAGGACAAGCTGAATATCTGGATCCTTGATGACGGCGGGCGTGAATCATTTCGTCATTTTGCCCGACATGTTGGCGTGCATTACATTGCCCGCACCACGCATGAACACGCCAAAGCCGGCAACATCAACAATGCGCTAAAACACGCGAAAGGCGAGTTTGTGGCGATCTTCGATTGCGACCATGTGCCGACACGCTCGTTTCTGCAAATGACAATGGGCTGGTTCCTGAAAGAAAAACAGCTGGCGATGATGCAGACGCCGCATCATTTCTTCTCCCCGGACCCGTTTGAGCGCAACCTGGGACGTTTTCGTAAAACGCCTAACGAAGGCACGCTGTTTTACGGACTGGTGCAGGACGGTAACGATATGTGGGACGCCACTTTCTTTTGCGGATCGTGCGCGGTGATTCGCCGTAAGCCGCTGGATGAGATTGGCGGTATCGCCGTTGAGACGGTGACGGAAGATGCGCATACTTCGCTCCGGCTGCACCGGCGAGGTTATACCTCAGCGTATATGCGCATTCCGCAGGCGGCGGGGCTGGCGACGGAAAGCCTGTCGGCGCATATCGGGCAGCGTATTCGTTGGGCGCGGGGTATGGTGCAAATTTTCCGCCTCGATAACCCTCTGTTTG
NZ_CP041005.1_gap4	118887	120142	1255	GGCGATTACGCCGGTTCGTCCCCAGGATAACGATACCTTTACCCGCCTGACGCGCAATGATGAAAAAGACGACTGGCTAAAACGCGGCGTGCGTAGCGATGCGGCGGAGTTGTACCGTCAGCAGGATCTCAATGTCACGTTGGCGCACGATTATTGGGGGTCGAGCGGGACTGGCGGTTACTCCGATCTGAAGGCGCATACCACGATGCTTCAGGTGGATGCGCCCTGGTCGGACGGACGGGCGTTCTTTCGTACTGATATGGTGAATATGGATGTTGGCCGCTTCTCTACGGATGCGGATGGAAAATACGATAATAACTGGGGTACCTGTACGCTGGAGAAATGCAGCGGACATCGTAGCCAGGCCGATACGGGCGCGAGCGTGGCGGTCGGCTGGCAGAATGAGACCTGGCGCTGGGATATCGGCACGACGCCGATGGGCTTTAATGTCGTTGATGTGGTTGGCGGCGTCAGCTATAGCGACGATATCGGGCCGTTGGGTTATACCCTGAACGCGCATCGTCGCCCGATCTCCAGCTCGCTGCTGGCGTTTGGCGGGCAAAAGGATGCCAGCAGCAATACCGGCACCAAATGGGGCGGCGTGCGGGCCAACGGCGGCGGCGTCAGTCTCAGCTATGATAAAGGCGAAGCAAACGGTGTCTGGGCGTCGCTCAGCGGCGACCAGTTGAGCGGTAAAAATGTAGAAGATAACTGGCGCGTGCGCTGGATGACCGGTTATTACTATAAGGTGATTAACGAGAATAACCGCCGTGTTACCGTCGGGCTGAATAACATGATCTGGCATTACGACAAAGATCTGAGCGGTTATTCACTGGGTCAGGGCGGTTATTATAGCCCGCAGGAATACCTGTCGTTTGCGGTGCCGGTGATGTGGCGGCAGCGTACGGAAAACTGGTCGTGGGAGTTAGGCGGCTCGGTATCCTGGTCGCACTCCCGCAACCGTACCATGCCGCGTTATCCGCTGATGAATTTGATCCCGGCAGATTATCAGGAGGATGCGCGTGACCAGACCAACGGCGGCGGCAGCAGCCAGGGATTTGGCTATACCGCGCGGGCGCTCATTGAACGCCGGGTCACTGCCAACTGGTTTGTGGGTACGGCTGTCGATATTCAGCAGGCGAAAGACTATACCCCCAGTCATCTGCTGCTGTATGTTCGTTATTCCGCGGCGGGCTGGCAGGGGGATATGGATTTACCGCCGCAGCCTCTGGTGCCTTACGCTGACTGGTAATCA
NZ_CP041005.1_gap5	127872	132380	4508	GCTTGCCCCACTGGCGCTCCTGACCAAAACCGTCTGGCTGCCGTGGATCAAACTGGTGAAACCCGACGCGCGTCTTATTCGTCTGTCCGAGAAAACCAATAACTGGACCTTTAACCTCGCGCAAGACAAGAATACGGACCCCAATGCTAAACCTTCCGCCTGGTCCTTCCGGCTGGATAATATTCTCTTCGACCAGGGGCGAATCGCGATCGATGATAAGGTCAGCAAGGCGGATATCACTATTCTGATCGATCCGTTAGGCAAACCGTTGCCGTTCAGCGAAGTGACGGGAACGAAAGGCAAAGCAGACAAATCCACCGTGGGCGACTATGTCTTCGGCCTGAAGGCGCAGGGGCGTTATAACGGGGAACCGTTGACCGGTACGGGGAAAATAGGCGGTATGCTGGCGCTACGCAGCGAAAGTACGCCTTTTCCTGTGCAGGCCGATTTCCGCTCTGGTAATACGCGGGTGGCTTTTAGCGGCGTGGTGAACGAACCGATGAAAATGGGCGGCGTCGATCTGCGGCTTAAATTCTCTGGCGATTCACTGGGCGATTTATATGATTTAACCGGCGTGCTGCTGCCGGATACGCCGCCGTTTGAGACCGATGGGCGATTGGTGGCGAAAATTGACGCCGAAAAGTCATCAGTATTTGATTATCGCGGTTTTAACGGGCGCATTGGCGACAGTGATATCCACGGCTCCCTCACTTATACCACCGGTAAACCGCGCCCTAAACTGGAAGGCGATGTCGAATCGCGCCAGTTACGCCTGGCCGATCTTGGGCCGCTGATTGGCGTGGATTCCGGGAAAGACGCTGAGCAGTCGAAACGGTCTGAACAGCGCAAAGGCGAGAAGAATGTTCAGCCGGCGGATAAAGTGTTGCCTTACGATCGCTTTGAAACCGACAAATGGGACGTTATGGACGCCGATGTCCGGTTTAAAGGCCGACGTATTGAACATGGCGGCAGTCTACCGATTAGCGATCTTTCGACCCATATCATCCTGAAAAACGCCGACTTACGTCTACAGCCGCTGAAGTTTGGTCTGGCAGGCGGCAGTATTGTCTCCAACATCCATCTGGAAGGGGATAAAAAGCCAATGCAGGGGCGGGCGGATATACAGGCGCGTCGGCTGAAGCTTAAAGAACTGATGCCGGATGTGGAGCTGATGCAGAAAACGCTGGGCGAGCTGAACGGCGATGCGGATATTCGCGGGACGGGCAACTCGGTCGCCGCGCTGCTTGGCAACAGTAACGGCAATCTGAAGTTATTGATGAATGATGGATTGATTAGCCGCAACCTGATGGAAATCGTGGGGCTGAACGTCGGCAACTATATTGTCGGGCAGATTTTTGGCGATGACGAAGTGCGGGTTAACTGCGCGGCGGCGAATCTCAATATTACGAACGGCGTGGCGCGACCGCAAATTTTTGCTTTTGATACAGAAAATGCGTTGATTAACGTGACCGGTACGGCGAGCTTCGCCTCTGAACAGCTCGATTTAACCATTGATCCGGAAAGTAAGGGGATTCGTATTATTACGCTGCGATCGCCGCTGTACGTGCGCGGGACATTTAAAAATCCGCAGGCGGGCGTCAAGCCCGGCCCGCTGATTGCGCGCGGCGCGGTTGCGGCAGCGCTGGCGACGTTGGTAACGCCCGCCGCCGCGCTATTGGCGCTAATTTCGCCCTCTGAAGGCGAAGCCAATCAGTGCCGGACGATTTTAACGCAGATGAAGCAGTAACGTGAAACGTAGCGCCGGATGATGCCATCCGGCGCCCTATTACAACGCCTGATGACGCGTCTCATGGGTTAACAGCAGTGCAATCAGCGTCAGCGCCGCCATTGACGCCAGGTAAACCCCTACCGCCGCCAGCCCGTAGTGGCTTTGCAGCCATGCGGCAATATACGGCGCGACGGAAGCGCCCAGAATCGATGAGACATTGTAGGAAAACGATGCGCCGGTATAGCGCACTTCCGTCGGAAATAGCTCCGGCAGCAGCGCTCCCATTGGGCCGAAGGTCAGCCCCATCAGGCTCAGGCCTAACAACAGGAACACGAATACCAGCGCTGGATTGCCTGAACCCAGCAGCGGGGTAAAGGCGAACAACGCGAAGAGAATGATGAGCGTGGTAATGATGACCATGCTTTTCCGACGGCCAAATGCGTCCGCCAGCAGGCCGGCGATGGGCACCATCACGCCGAAACCAATCACCGCCATCATCAGCATCCACAGTATTTCATTGCGCGGCAAGCCAAGCCCCACCGGCGCGGCGGCCGTGCTGTAAGTCATGGAATAGACGGTCATGATATAGAACAGCGTGTAGGTCGCCAGCATAATAAACGTGCCGAGAACGGTTACGCGGACATGCTTCGTCAGCAACGTGCCCAGCGGTATTTTTACCTGTTTTTTCGCTGCGGCGACTTTCGCAAACACCGGCGTTTCATGCAGCGACACGCGCACATACAGGCCGATAATCACCAGCACCGCCGAGAAGATAAACGGCACGCGCCAGCCCCAGCTCATAAACTGCTCGTCGGTCAGCAGCCAGGAGAGCAACAGGAAGGTGCCATTGGCAAAAAAGAAGCCGATCGGCGCGCCCAACTGCGGGAAGGAGCCATACAGCGCGCGTTTGCGCGGCGGCGCATTCTCCGTCGCTAATAACGCTGCGCCGCCCCATTCGCCGCCCAGCCCCAGTCCCTGACCGAAACGCGCCAGCGCCAGCAGCAGCGGCGCGAAAATACCTATCGTCGCGTAGCCCGGTAACAGACCGATAATGACCGTGGAGATCCCCATCGTCAGCAGCGAAGCCACCAGCGTGACTTTGCGGCCTACCCGGTCGCCGAAGTGACCGAATAGCGCAGAGCCAATCGGACGCGCCACAAACGCGATAGCGAAGGTGGCGAGCGATTGTAGCGTTGCCGCAGTGGGATCGCCCTGGGGGAAGAAGATAAGGGGGAACACGATCACCGCTGCGGTGGCGTAAATATAGAAGTCGAAGAACTCAATCGCGGTGCCGATAAGCGAGGCAATAACGACTTTATTGCGTGAGTTTACCGGAACATGTTCCTGCTCATGGTCGAGTGTTGTGGCGGTTGCTTGCATACTATTTTCTTATTTTTAGCGAACGAATAGCCATATTACGCACAGCAAAAGTTATATTTCAATGTGTAACAAAAGCTAAAAATGGTCAAAAAAAGCGCAAAAAGGGGATAATGTTTAAGCCAGCCATTTTGCGTCTATGAAATGCTTCACATAATTTTAGAATTGGTGGATAAAACTGGTTTCTGGTTAAATAAAAGTTAATTACTGGATTTATATGCTGAAACAATGAGATGAGGCGGAAGGACGTGCCTGATTGTACCGCCGGGTACGCTTTGCTTGCCCGGCCTGGGTCTACACATCAGTAGGCCGAATGACGACGCCGTGCGTGCCATTCGGCAGCAAGCCGCAGACTAGCGTTGCGTTTTACCCGGCATTCGCGGGTCGTCCTTGTATTCGGCGGTGGCTATCCAGGCCGCGCAGAATAACGTCAGGCGGGCAAAAAAGTAGAAGAAGGCCATCAGACCGAGTACGGAGCCAAACGCCGCGCCGGAAGGCGATTTCACCAGTGACGGCAGCGTATAAGTCATAATGATTTTAATCACCTCAAAACCGATAGCGGCAATAAATGTCCCGCGAATCAACGCTTTTTTACGGGGACGATGGCGAGGCAGTCGCCAGAAAATCCAGAAGAAAAGCAGATAGTTGGCAAAAATAGAGATGGCCAGACCGATCAAATGCCAGGCCGGTTTTAACCATTCGATGCTGTCGAGATACAAGGCGGAGATGATCATCTGCTGGGCGGAACCGGCGATGGAAGTAATGGACAGCGTAATGATTAAAGCGATTAATAATCCAATCAGCGAGATAAAATCGCGCAGATATTTGAGCCAGATTTTCTCCTGATCCTGCGGCTTGCGCTCCCAGACGTCCCGTGACTGGGCGCGAATCGCTTCCCGCAGGTTGCCCATCCAGTTAACGCCGGAATAGAGCGCGATACCCAGTCCGACCAGCCCTACCGTGGTACGCTGTTGAACCGCCGTATTAATCGTATTTTTAAGCGTGGACGCCAGCGTAGGATCGCTCACATTCATCAATATCTTGCTGAAAATATCTTCCAGTAGATTAGGGTGCGAGGCGAGGATAAAACCTGCCGCGGCAAAGGACACCATCATTATCGGGATCATCGACAGAAACGAAAAGTAGGTGATAGCCGCGCCAAACTGATTACCCAGTCGATCGTTAAAACGTTCGGTCGCGCGAATGAGGTGGGCCACCATTGGTTGACGCTGAATTTTTTGCATCAGGGTGGTGACGGAATGCAACGCCTGATTTGCCTTTTCGTTTTTTTCCGGGGCGTCATGCGGCTGCGTTTCTATTTTTTGTATCGGGTCGTGCTCCAGTTCCTGAATAGGGCGTTTTACGTCATTTTCCTGCGTCATCAGGTCGGTAGTCCTTCATC
NZ_CP041005.1_gap6	135900	138141	2241	ATGTTTCTGGATGATTGCCGCCTTGCGCGAAACGAGGTTATCGCCAGGCAGCCGCTTACCTCAGCGCAGCTTATGCTGCTAAACGTTCAGTATCAGCAAATCGTTCGGCCCATCCAGCGCGCCTATGCCGAAAAACGTACCCGCGTGAATCCCGCTTCGTTTCTGCTGGCGGATGAACGTGAATTGCGCCAGTTCTGGGAAACCGCGCGGCTTAAAGATCGGCAGGCCGGGGGAGATAAGCATGAGATTAGCGAGAGCATAGAACCACCGCGTAAGCGGCCTCCGCGTACGCCTGAAGAGCGTGAGCAACTTATTTCCGGCGCTTTGTGGGGCGCGGTTGGCGTCATGACGCTGGCGATACTGGCGGGCGCGTTCTGGCTATTTAGTTCGTCGTCGCCAGGCTCCGATAACGGGCAAGCTCCCGCAATGGCGCAGGATGAACCGCCGCGCGAGGCGCCTTCCGCGCGGGAAACGCTCAATCATATGGGGATTACCTGGGATGCGTTTACCATGCGGGCGGCGATAGAGCGCAATGATACGCGGGTGACGGCGCTGTTCCTCCAGGGCGGAATGAACTGGCAGCTCGCGTGGACGGAGCAGGCGTTTGCGGCAGGACATACCGAGGTGCTGCAACTGTTGTTGCGTTATCCCGCGCTGATGGATGAGGTCAAACCCTGCCGACGATTTATCACAACGTTAAGTCATGACATGTCGAGCGGCGCGCCGCTGACCGCGATGCATAAAACCTATTTGCAAACGTTTTGCACCGTTCCGGCTGTTGTGACGCGCCAGCAGCACGATACGGAGCAGGCCCGATTGCGCGCTCAGGCCCGGCCCAGCGCAGACAATAAAAAATGGCTGAAAATTCAGTCAGCCATTTATGATGCGATTCACTGAGGCCGGAGCAGGTTAAGGCTCTCCGTAAAGGCCAATCAGGCGGCGCACCACGCCATTGGTCCAGCCGAACCCGTCCTGTAGCGGATACTCGCCCCCGCCGCCTTCGCGGGGCGTACCGCCGGAAATATGGTATTTCTCGATCAGTTTATGGTGCTCCTGATAAAAATGGTTCACTGTTTTTAACCAGTTATGGGCGATTTCATCGCCCAGCATATCGTCGCCATACCGTTTGAAGCCCTGAATCGCCATCCATTGCAGCGGTGCCCAGCCGTTCGGTTTATCCCACTGTTCGCCGGTTTCGTATTCGGTCGCCATAATCCCGCCGGGCGTTAACAGACGGCTGCGTACCACATTTGCCAGACGGTCGGCCTGCTCGTGGTTCGCCATACCGACATACAGCGGCACGATACTGGCGGCGGAAAAGAGCGCCATTTCTTCGCGTCGCCAGTCATAGTCCCGATAACAGCCGTTTTCATCATCCCACAGATAATGGTTCACGGCGGCGCGTCGATCGCTGGCTTTCTGGCGAAATAGCGCCTCGGTGTCACGTTCGCCTTTCAGTGCTGAAATATTGGCGATAGCGCTCTCCAGTTTATACAGAAAAGCGTTCAAATCGATAGGGATAAACTGGGTCGTACGTATGCTGGCAAGCCGGCCCGCATCGCGTAGCCAGCGTGAAGAATAGTCCCAGCCGGACGCCGCCCCGGCGCGCAAATCCCGGTAGACTTCATTGGGCGGACGACCGGAGTGTTTTGCAGTTTCGACATCTTCCAGCCACGACTCGTCGCGCGGCGTGTCGCGATCGTCCCAGTAGCGGTTCAGCAGGGAACCGTCCGGCATCCGCACAACGTGGCGATAAGCCTGGTTGAGCGCCAGCGATTCGGCGCCGTCCATCCAGAAGGCGTATTCCATTTTGAGATGGTCGAGATAACGCCGCGCGCCGCGCACGCCATCTTCTTCGAACAGTTCAACCATCAGGGCAAAAACCGGCGGCTGCGAACGGCTCAGATAATAGGTCCGGTTGCCGTTGGGAATATGGCCATAGTTTTCAATCATCCAGGCGAAATTATCCGCCATACATTTAAGTAAGTCTTCGCGCCCGCTTTCCGCCAGACCCAGCATGGTAAAATAAGAGTCCCAATAATAGGTTTCGCTAAAACGGCCTCCCGGCACGATATAGGATTGCGGCAGCGCCAGCAGCGAAGACCACGGAATATGATCCTGCGGTTCGCGCGTCAGTATCGGCCAAAGCTGGTCAATATGTTCTTTGAGCGAGTTTTCGGGATTAGAGACATACTCGCTGGATAAGGTTTCCGGTAGCCAGAAATGGTTCTCGACGAAGCG
NZ_CP041005.1_gap7	147458	152116	4658	GTCGCGCATTATCTTAACGATCCGTATTACCGTACGTTATTCAACGAAGCTCGCGCTCAACTGCGTGAGGCGCTGGTGAAAGAGTGCGGTACGACGATTGTCGAATGCGCGGCATCGACCGGAAAAGACGATCCGTACCGCGATCCGGCCATGCATACCTTCTACCGCTTCACCATGACTTATAACCTGCCGCAACAGAAAGGCGAGCATCAGCCGTTGAAAATACCAAAAGGCGCCGATGTTCTGCTACAGACAGCGCTGCCGAACCTGTCGCCAGCGCAGCGTCAGGCGTTAATGGAAGAGACGGCGTTACCGGCAGGATATCCGTTGTCGGGCGAGACCGAGGATCAACAGTTCTGGCAGCGTCTGGATCTGTCCGCTGCTTACGAGATGGCGAGAAAAACGCGCTGACGTTGTCACCCGGCTTATAAAACGTAAGCCGGGATGATGTTAAAGGGGCGGCTTATTGCAGCGATACCCACGTCTGTACGCTGTCCATCATTGAAATTCCCCTTACTATCCCCCATTCTAGATCTCATCGCGAGAGCGCCAAAAGCGCGCTCCACTCACCTTCTTCTACAGGACTGCGCATATGACCAATCCATTACTAACGTCTTTTTCACTGCCGCCTTTTTCTGCAATTAAACCGGAGCATGTGGTGCCTGCGGTCACCAAAGCGTTGGCCGATTGCCGGGCGGCGGTAGAAGGCGTTGTGGCGCATGGCGCGCCGTATAGCTGGGAAAACCTCTGCCAGCCGTTGGCGGAAGCCGACGATGTTCTGGGGCGTATTTTCTCGCCAATTAGCCACTTAAACTCGGTGAAAAATAGTCCGGAGCTGCGTGAAGCCTACGAACAGACGCTGCCGCTGCTGTCGGAATACAGCACCTGGGTTGGCCAGCATGAAGGGTTGTACAACGCGTACCGCGACCTGCGCGACGGCGATCATTACGCCACTCTGAATACCGCGCAGAAGAAAGCGGTTGATAACGCGCTGCGTGATTTTGAACTGTCCGGCATCGGCCTGCCGAAAGAGAAACAGCAGCGTTACGGCGAAATCGCCACTCGCCTGTCTGAGCTGGGCAACCAGTACAGCAATAATGTGCTCGATGCCACTATGGGCTGGACGAAGCTCATCACCGATGAAGCCGAGCTGGCGGGAATGCCGGAAAGCGCTCTGGCGGCAGCTAAAGCCCAGGCGGAAGCCAAAGAGCAGGAAGGTTACCTGCTGACCCTGGATATCCCGAGCTATCTGCCGGTCATGACCTACTGCGACAACCAGGCGTTGCGCGAAGAGATGTATCGCGCCTATTCCACTCGCGCCTCCGATCAGGGGCCGAACGCCGGTAAGTGGGATAACAGCCCGGTGATGGAAGAAATTCTTGCGCTGCGCCATGAACTGGCGCAACTGCTGGGCTTCGAAAATTATGCCCATGAATCGCTGGCCACCAAAATGGCGGAAAATCCGCAGCAGGTGCTCGATTTCTTAACCGATTTGGCGAAACGCGCCCGTCCGCAGGGGGAAAAAGAGCTGGCCCAGCTGCGCGCCTTCGCCAAAGCCGAATTTGGCGTTGAGGAGCTGCAACCGTGGGATATCGCGTACTACAGTGAAAAGCAAAAACAGCACCTGTACAGCATCAGCGATGAGCAGCTACGTCCGTACTTCCCGGAAAACAAAGCCGTGAATGGCCTGTTTGAAGTGGTGAAACGTATTTACGGCATCACTGCCAAAGAGCGTACTGACGTTGATGTCTGGCACCCGGAAGTGCGTTTCTTTGAACTGTATGACGAAAATAACGAGCTGCGCGGCAGCTTCTACCTTGACCTGTACGCGCGCGAACACAAACGCGGCGGGGCGTGGATGGACGACTGTGTCGGCCAGATGCGTAAAGCGGACGGCACATTGCAAAAGCCGGTCGCTTATCTGACCTGTAATTTCAACCGTCCGGTGAACGGTAAACCCGCTCTGTTTACCCATGACGAAGTGATCACCCTGTTCCACGAGTTTGGTCATGGCCTGCATCATATGCTGACCCGCATTGAGACCGCCGGGGTCTCCGGTATCAGCGGCGTGCCGTGGGACGCGGTCGAACTGCCAAGTCAGTTTATGGAAAACTGGTGCTGGGAGCCGGAAGCGCTGGCGTTTATCTCCGGCCACTATGAGACCGGCGAACCGCTGCCGAAGGAACTGCTGGATAAAATGCTGGCGGCGAAAAACTATCAGGCGGCGCTGTTTATTCTGCGTCAGCTGGAGTTCGGTCTGTTTGATTTCCGTCTGCATGCGGAATTTAATCCACAGCAAGGAGCGAAAATTCTTGAGACGCTCTTTGAAATTAAAAAACAGGTCGCCGTGGTGCCGTCACCGACATGGGGTCGCTTTCCACATGCGTTCAGCCATATCTTTGCTGGCGGCTATGCGGCAGGCTACTACAGCTATCTGTGGGCCGACGTACTGGCGGCGGACGCTTATTCCCGCTTTGAGGAGGAAGGCATTTTCAACCGTGAGACCGGTCAGTCGTTCCTTGATAACATCCTGACTCGCGGTGGTTCTGAAGAGCCGATGGAACTCTTTAAACGCTTCCGTGGCCGTGAACCACAACTGGACGCGATGCTGGAGCATTACGGGATTAAAGGCTGATTTTACGTGCAAATCTGCTTAATGGATGAAACGGGCGCCACAGACGGCGCCTTATCTGTTCTGGCTGCCCGCTGGGGACTGGAGCATGACGAAGACAACCCGATGGCGCTGGTGATGACGCCGCAACATCTGGAGCTGCGCAAGCGCGACGAACCGAAGCTCGGCGGTATTTTCGTCGATTTTGTCGGCGGCGCGATGGCGCACCGGCGCAAGTTCGGCGGCGGGCGCGGCGAAGCGGTGGCGAAAGCCGTCGGTATCAAAGGCGATTACCTGCCGGATGTGGTTGATGCCACGGCCGGACTGGGGCGCGATGCGTTTGTGCTGGCGTCCGTCGGTTGCCGCGTGCGGATGCTGGAGCGTAACCCGGTGGTTGCCGCGCTGCTCGATGACGGTCTGACGCGCGGCTACGCCGATGCGGACATTGGCGGCTGGCTTCAGGAGCGTTTGCAGTTGATTCATGCTTCCAGCCTGACGGCGTTGACCGATATCACGCCGCGCCCGCAGGTGGTCTACCTCGATCCGATGTTTCCTCACCGGCAGAAAAGCGCGCTGGTGAAGAAAGAGATGCGGGTGTTTCAGTCGTTGGTGGGGCCGGATTTAGACGCCGACGGACTGCTGGAACCGGCGCGTCAGTTGGCGACCAAACGCGTGGTGGTTAAACGTCCCGATTATGCGCCGCCGCTGGCGGATGTCGCGACGCCCAACGCCATCGTCACCAAAGGGCATCGGTTTGATATTTATGCCGGAACCCCTCTGACGGAGTAACGGATTGCCCGATGGAGCTACGCTTATCGGGCCTACGATTCTCAATTATTTGTAGGCTGGATAAGGCGTAAGCCGCATCCGGCACTGAGTATTACTGTTCGGTACCTGGCGTATTAATCATTCGGTTTAACCACGGCACCATAATGGCCATCACCACGGTGACCGCCAGCGTTACCAGACCAATTTTGCTAAAGACGCCGGTATAAATGGGCAGCGTCTGCAACGGATCGGTGATGTTTTCCGGTACGGCAGTGAAGGTCGCCACATAACCGCCGAGCAGGAAGGCGGCGGCCTGGGTCAGGAACCACATTCCCAGAATAAAGCCCATCAGATGCTGCGGCACCAGAGCGGCGACCATTGCCAGCCCCAGCGCGCTAATCAACAACTCGCCCAGACTCTGGAACAGATACACCAGCACGATAAACCACGGCGACGTCAATCCTTGCGCATCGGCAAACCACATCCCGGCGGCGGCGGTCAGAAAACCCAGCGCGCAGAGGAACATGCCGAGCGTAAACTTCATCGGCATAGTCAGATCTTTGCCTTTGCTACCCAGCCGGGTGTAAATCGCTGCCAGTACCGGACTGGCGACGACCACCCAGAATGGGTTCAGCGCCTGAAAACTCACCGGGTTAATGGCGAATCCAAGAATTTCATGATGCACGTTATTAATCGCAAAGAAGTTCAGCGAGGTAGGCATCTGCGCATACAGAATGTAAAACAGCACGGCTTCAATCATCAGAATAAACGCCACGAACATTTTATTGCGGCCGGTTTTATCCAGACGAAACGCTTCGCGAAAGAAGAAAATAGTGACGACGATAGAAAGGACGATGAGCACCAGATTGGCAATCTTAACGTTGTGCATCAGCCAGGCGCAGAGGAAAATCATGACGACGGTGCCGAGTAGTACCAGCAGCAAATTGCGAAAACGTAGCGGTTTATGATCCGGTTCAGAACCGATATTTTTCACCATGCCACGGCAGGCGAAGTACACCAGAAGCGCAACAATTAAACCAGCGCCGCACAGATTATAGGTCACCGCATAGCCAAATTTATCGGCAATCACCGGCGCCAGCGATAGCGATAACAAAGAACCGATGTTAATCGACATATAAAACAGGGTGAAAGCGCCATCCAGCCGGGGATCTTTAGGCTGATAGCATTTAGAGAGCAGGCTGGCGGGATTGGCTTTAAATAACCCGTTGCCCACGGCAATCGTACCCAGTGCGATAAAAATCAGATCGGGATTTAATAG
NZ_CP041005.1_gap8	156655	159645	2990	CAGTTGGGGCAGATCCCGGATGTATCGCTCAGGCAGTTGAACGTTCGTGACCAGCAGGCGTTGGTTGACACGCTTACGGCCTGGCAAGTGCAGCCTAACGGCACCGAAGGCTATCGGACAGCGGAAGTGACGCTGGGCGGCGTGGATACAAACGAACTATCATCGCGGACTATGGAAGCGCGCCGCGTGCCGGGTCTCTATTTTATTGGCGAAGTGATGGACGTCACCGGCTGGTTGGGCGGCTATAACTTCCAGTGGGCCTGGTCGAGCGCCTGGGCCTGTGCGCAGGATTTGGCGGCAAAACGCTAAGTACCATTACAAACAATAAGCGAATAGACATCCCGGACAGAGGTGTTAGTATCGATTTATAGCAGTTATGAGTATGCGTGTTTCATTTACGGCCAGGAACGCTGATGATGACAACATTACTCCCTCTTTTCCGGGTACCTACATCATTCACTCCCTTTGACGGCGAGCGCTTCATCGGCGTCTGTTCGTCGTCTGGCCCCTTTTCTTTTTTCATTCTTATCCCGAATGGAAACCCCCGCTGAGCGCACGCCCGGCGGACTTTGTGACACGCATGGTTAGACAACAGGGATTACGGCGGGTCGATTATGGACAAAATGAAGCGTCATCTGGTGTGGTGGGGAGCGGGGATTCTTGTGGCGGTGGCCGCGATAGCCTGGTGGATGCTGCGCCCTGCGGGAATACCGGAGGGGTTTGCCGCCAGCAACGGCAGAATTGAAGCCACCGAAGTGGATATTGCCACTAAGATTGCCGGGCGTATTGATACCATCCTCGTTTCGGAAGGGCAGTTCGTTCGTCAGGGCGAGGTGCTGGCGAAAATGGATACCCGCGTGCTGCAGGAGCAGCGGCTGGAGGCGATTGCGCAGATTAAAGAGGCCGAAAGCGCGGTTGCCGCCGCCCGTGCCTTGCTGGAGCAACGCCAGAGTGAAATGCGCGCCGCGCAGTCGGTCGTCAAACAGCGGGAAGCTGAGCTGGACTCCGTCTCTAAACGTCACGTGCGTTCCCGTTCGCTGTCGCAGCGTGGCGCGGTATCTGTACAACAGTTAGATGACGATCGCGCGGCGGCGGAAAGCGCGCGCGCCGCCCTGGAGACCGCCAAAGCGCAGGTATCTGCGGCAAAAGCGGCGATTGAGGCGGCGCGTACCAGTATTATCCAGGCGCAAACGCGCGTGGAAGCGGCGCAGGCGACCGAGCGGCGTATTGTCGCCGACATCGACGACAGCGAATTAAAAGCGCCGCGCGATGGACGCGTGCAGTACCGCGTTGCGGAGCCGGGCGAAGTGTTATCGGCTGGCGGCCGGGTGTTGAACATGGTCGATCTCAGCGACGTTTATATGACATTTTTCCTGCCGACCGAACAGGCTGGGTTGTTGAAGATCGGCGGCGAAGCGCGACTGGTGCTGGACGCCGCGCCGGATCTGCGTATTCCGGCGACGATCAGTTTTGTCGCCAGCGTGGCGCAGTTCACGCCCAAAACCGTGGAAACCCACGATGAACGGCTGAAGCTGATGTTCCGCGTCAAAGCGCGTATTCCGCCAGAGCTGCTGCGACAGCATCTGGAATATGTCAAAACCGGTTTGCCGGGAATGGCCTGGGTTCGTCTGGATGAGCGCGTGCCCTGGCCTGACGCTCTAAGCGTGAGGCTGTCGCAATGACGTCGCTGACGCTGGTGCCTGTTCCTCCCGTGGCGCAGCTTGAGGGGGTGAGCCAGCATTACGGAAAAACGGTCGCGCTGAACAATATCACGCTGGACATTCCCGCCCGTAGTATGGTCGGGCTGATTGGTCCGGACGGGGTGGGTAAGTCGAGCCTGCTGTCGCTGATTTCTGGCGCGCGGGTGATTGAGCAAGGGAACGTTATCGTCCTGGGCGGCGATATGCGCGATGCGAAACATCGCCGCGACGTCTGTCCGCGCATCGCCTGGATGCCGCAGGGGCTGGGGAAAAACCTTTATCACACGTTATCGGTTTATGAGAACGTCGATTTTTTCGCTCGTCTCTTTGGTCATGACAAAGCTGAACGCGAAGCGCGTATTACCGAGCTGCTGAACAGCACCGGCCTGGCGCCGTTTCGTGACCGTCCTGCCGGGAAGCTGTCCGGTGGGATGAAACAAAAGCTGGGGTTGTGCTGTGCTCTGATTTATGACCCGGAATTGCTGATTCTTGATGAGCCTACCACCGGCGTGGACCCGCTCTCCCGCGCTCAGTTCTGGGACTTAATCGACAGTATCCGCCAGCGCCAGACCAATATGAGCGTGTTGGTCGCAACGGCCTATATGGAAGAGGCGGAGCGTTTTGACTGGCTGGTGGCGATGAATGCGGGCGAGATACTGGCAACCGGCAGCGCGCAGCAACTGCGGGCAAAAACCCATAGCGCGACGCTGGAACAGGCGTTTATCGCCCTGTTGCCAGAAGCGCAGCGCCAGGCGCATAAGCCGGTGGTGATCCCGCCGTATCACGCTGAGCAGGAAGAGATTGCCATTGAGGCGAAAGATCTGACCATGCGCTTCGGTAAGTTCGTCGCGGTTGACCATGTTAATTTCCGTATTCCGCGCGGCGAGATTTTTGGCTTCCTCGGTTCAAACGGTTGCGGCAAATCGACCACCATGAAAATGCTGACCGGTCTGCTTCCCGCCAGCGAAGGCCAGGCCTGGCTATTTGGCCAGCCGGTAGACCCGAACGACATCGACACCCGTCGCCGGGTCGGGTATATGTCGCAGGCTTTTTCGCTCTATAACGAACTCACCGTGCGGCAGAATCTGGAACTTCATGCCCGCCTGTTTCATATTCCGCCAGCGGAGATCCCGGCGCGCGTCGCGCAGATGATCGAACGCTTTATGCTAACGGAGGTGGAAGATACGCTCCCCGCTTCGTTGCCGCTCGGTATCCGCCAGCGTTTATCGCTGGCGGTAGCGGTGATCCATCGCCCGGAAATGCTGATTCTTGATGAGCCAACGTCCGGCG
NZ_CP041005.1_gap9	223334	224374	1040	CGGTGTGGTGCAGCATTAATCATCATCGCTGTGCTGACCGCCTGCGATGATCGCCAGGTAAGCTATTTTCCTGATTATGCCGCCATACCCGAGCAATCCGGTATCTGGACCTGGCTGCCTGTGTTCTTTCCATCGTCCGCCAGTGAAATAGAGATGACGTTTAACCTGGACAGCAATCTTTTTTATGCTGACTTTAGCGTGGCCGACGGTGATAAACGCGCGCATTTTGAAAGCGTGCTGGGGGAGGAGAGTGTGGTTCATTATGCCAACTTTTCTCATAAAAGCTGGTGTAAAACGGGGAAAACTCTCTGGAATAGCGAAGCGCGGGCAAAACCCTTCTTTATTACCCAAATAAGTGTCGATCGCTACCGTATCACTAATCATATGCCCGGCTGTACAAAACCCGGCGAGTGAATGCGGTATGTGGCGAAAAGGGCGGTATAAACCGCCCCGGATTTTATTACGACGCCATTGAAAGTTGGTGTTTCTCAACATACGCCGCCAGCCACTGGGTGATGCGGGACTGCTGTTCGGCGGTCAGCCACATGCCTTCTTTGGTGCGACGCCAGATAGCGTCTTCAGTACGGCGCACCCATTCGTGATCCACCAGGTACTTGAGTTCCGCCTCGTAAAACTCATGACCGAAATCTTCGCCTAAATCAAGCAGCGACGTGGCTTCGCCGAGAATCCACTCCGTGTTGCTGCCGTAAGTGCGCGAATAGTGGCGCGCCAGCGATTCCGTCAGGAACGGATAACGACGACGCAGCTTCGCCGCGTAATCTTCGCGGCTGCCGTCGATGTCGCCGCCGGGCAGTACGCACGTTTTGGTCCATGCCGGCCCGATGCCTGGATAATAAGACGCCAGTTTTTCCATCGCGTGTTCAGCCAGCTTACGGTAGGTCGTGAGCTTACCGCCAAACACGGAAAGCAGCGGCGCTTTGCCGTTTTCATCATGAATATCAAGGGTATAATCGCGAGTGATCGCCTGCGGTGAGTCGGACTCATCATCGCACAGCGGACGGACGCCGGAGTACGTCCAG
NZ_CP041005.1_gap10	345671	346798	1127	GGTGGTCAGGTAGAGAATACCAAGGCGCTTGAGAGAACTCGGGTGAAGGAACTAGGCAAAATGGTGCCGTAACTTCGGGAGAAGGCACGCTGACACGTAGGTGAAGTGATTTACTCATGGAGCTGAAGTCAGTCGAAGATACCAGCTGGCTGCAACTGTTTATTAAAAACACAGCACTGTGCAAACACGAAAGTGGACGTATACGGTGTGACGCCTGCCCGGTGCCGGAAGGTTAATTGATGGGGTCAGCGCAAGCGAAGCTCCTGATCGAAGCCCCGGTAAACGGCGGCCGTAACTATAACGGTCCTAAGGTAGCGAAATTCCTTGTCGGGTAAGTTCCGACCTGCACGAATGGCGTAATGATGGCCAGGCTGTCTCCACCCGAGACTCAGTGAAATTGAACTCGCTGTGAAGATGCAGTGTACCCGCGGCAAGACGGAAAGACCCCGTGAACCTTTACTATAGCTTGACACTGAACATTGAGCCTTGATGTGTAGGATAGGTGGGAGGCTTTGAAGTGTGGACGCCAGTCTGCATGGAGCCGACCTTGAAATACCACCCTTTAATGTTTGATGTTCTAACGTGGACCCGTAATCCGGGTTGCGGACAGTGTCTGGTGGGTAGTTTGACTGGGGCGGTCTCCTCCTAAAGAGTAACGGAGGAGCACGAAGGTTGGCTAATCCTGGTCGGACATCAGGAGGTTAGTGCAATGGCATAAGCCAGCTTGACTGCGAGCGTGACGGCGCGAGCAGGTGCGAAAGCAGGTCATAGTGATCCGGTGGTTCTGAATGGAAGGGCCATCGCTCAACGGATAAAAGGTACTCCGGGGATAACAGGCTGATACCGCCCAAGAGTTCATATCGACGGCGGTGTTTGGCACCTCGATGTCGGCTCATCACATCCTGGGGCTGAAGTAGGTCCCAAGGGTATGGCTGTTCGCCATTTAAAGTGGTACGCGAGCTGGGTTTAGAACGTCGTGAGACAGTTCGGTCCCTATCTGCCGTGGGCGCTGGAGAACTGAGGGGGGCTGCTCCTAGTACGAGAGGACCGGAGTGGACGCATCACTGGTGTTCGGGTTGTCATGCCAATGGCACTGCCCGGTAGCTAAATGCGGAAGAGATAAGTGC
NZ_CP041005.1_gap11	515297	519530	4233	AAACGGCTCCAGACCTTTCAGTTTACGGAAAATGAGCGTGCGATGCGCCCAGGGGCAGGCAAGGGAAACGTACAGATGGTAACGATCTTTTTCTGCGGCGAATCCGCCTTCGCCGGAAGGTCCGGGCGCGCCGTCAGCGGTAAGCCAGTTGCGGAAAGCCGACGCTGAACGCTGAAATTTCCCCCCGGAAGATTTGGTGTCATACCAGGTATCGTGCCAGACGCCATCGATCAGTTGTCCCATGTCTCTCTCCTTCAGATGACAAAAGCGAGGCGCTATTCCCTCGCTTTTTTAATTGAGTATAGATTGCTTACCACTTTTTATTCAGCAGACGGTCAAGGCTGAACGCGCCAGGCCCGGTTAACGCCAGTAATAAGAATCCGCCGGCAATGGTCAGGTTTTTCATAAACATCAGCGAGTTTACACCTTCTGCAAAATTGCTATGGAAGATCAATGCCGTCAGCAACGTAAAACCAGCGGTGAAAAGCGCAGTGGTGCGGGTGAGGAACCCCAGCAGAATCGCCAGACCGCCGCCGAACTCAAGCAGTATGGTGAGCGGCAGCAGGAATCCTGGTACGCCCATCGCTTCCATATACTGCTGTGTGCCCGCATAGCCGCTAATTTTTCCCCATCCTGCGGTAATAAACAGAACTGGCATTAAAATACGCGCTATCAGTACACCAACATCTTCTAATTTTTTCATTTTATTCTCCAGGGGGCCGATTCGGCGGCTGCTGCTATTTTCATGAGCAATGACGCGGTTTGGCGCATCATTGTTATCGCTGGAGAGAATCATAAACGTGGCGTGCAGGAATTGTTAGCAAGGAAAATTGCCAAATTTTTTCAAAAAATTTGAGTGATTGCTAAAGAGACGATATGCATAAAAGTATCGCGCCACCAGGTGATAACCTGATGGCGCGATGCTATAAAAGAAAAGATATTAACCGCGGAGCTGTTGTTGACGGAGGGTAGTTTTTACCAGGCGCCAGGCGCTCCAGATACCCAGGCCGCGTTTCGCCCAGCGTACCAACATATTAGGATGACGGATGGTCCAGATGGCCATTACGCTGCTACCGACCAGCGCCCAGGAGCGCAGGCTTAACACCGTATTCCAGCCGCGATCGTACGCGCCGGTGGTCTCCAGCCAGTCGCGACGGCTGGCGGACAGATCCAGCCGTTGCTGCTGGATCTGACTGAGAAGCAGCGCTTTACGTTTTTCGCGTTCGCCTTTGCTGCTCACGACTGATCGTCCTCCAGAATTTGCCGATCGTTAGCCAGTTCGTGCCGCGTATGGCGCAATAGCGTGGACTGACGCGCTTTGCGCAAAGTCCAGATGCCGCCGATTAGCGCAAGCACTAACAGCACAACTGTGGTAGCGATCATCGCGTTCAAACGGTACTGAGGATCGATAGCCCAGATGACCAGAACCATCAGGCTCATTAAGCCAAACGCCGCGAAGAGCATGGTAAGACCTACCATCAGCAAAAGCTGAAAGAGGTTCGCTTTCTCTTCTTCCAGTTCTACTACCGCCAGTCGCAGCCGGGTTTCCACCATCTCAACGATAATGGTGACAATCCGCTGCCCGATACCCAGTACGCTTTTGCCTGGTCCTTGTGCCTGTCGAGAGTCCGCCATAATTAACGACGCGTCAGCAGTACGCCCAACACCAGACCGACAGCGGCGCCAATGCCTACGCCTGTCCAGGGATTTTCGCGCACATAATCATCGGCGCGGGCGGCGGCGACGCGAGTCTGTTTGGCAATCACATCACCCGTTTCGCCCAGGCGGTAACGGCTCTCTTTCAGCGCGCGCTCGGCTTTGCTACGAATCTTACTCAACTCTTCTTTCGACTTTTCGCCCGAAGAGCTCAGCACTTCTTCAAGCGTATCGGTCAGGGATTTCAACTCAGCGCGCAGATGTTCCGTAGTGTTATCTTTCGACATAGTTTTCTCCAGGTGAGTGAGTATTTACATTCGGCGTTAATTTAGTAGTCTCTGGCCTCAAGTTTTTTTAGCTCATCCTGAGCCTCGGCCAGCTTACGTTCACGTTTGTCTATTTTATCCGCATCGCCTTTTGCTTTTGCCTCGGCTAAATCACGTTGGCGTTCGGCTACCTCTTCTTTTTGCTCAGCGATCTTTTTCTGATGCTCGGCGCGCAGCTTGCTGTCAGTACAATTGGCGCGTACTTCGCTGAGCGCCTTGTTCAGACCCTCAATACGGCGCTGATTGTTGTGCTTTTCAGCGTAGCTAATTTCCTTTTGTATATCCTGCTCTTTTTCCTGACAAAGCGAATTAGCGTAGCTACCGGCGCTAAGTGTAAAAAGCGTGATAGCCAAAGCGATGCGGTATTTCATTCCTGAACTTTCCCTTATGTTCGGACCCGTTGTCCGGGGCGGTGATCCCGATAATAACGCGGTGGGTTAAACACCGCTTTATTAATCATAGTCATTAAACAATGAAATCACCAAAGTGAGTGATATGATTCGGATTCCTGGAGATTAGCCAAAGCGGTGTGAGCTTTCCCGTAAGCGGGACAGCCACTGTACCGTTTCGTTGTCATCGTCCTGCTGAGCGACGACATAACCGTGTGGTAACGTTTGATCAAGCACTGTTTTTGCTGCGGCGCTTTGCGCAGGGGAATCGAAGGTAATGAGCAACATGTCATTTTTAGGCGTAATGCTTTTAAAATGAATGCCGTTCGCATCCAGATGATGCAGAACTGAGAAGCCGTCTGGCATACTGGCGCCCTGGTTAACCGCGCGAATGGCCAGCGTCGACTCTTGCTGACGCAGCGTTGACCACGTCATCATGAGTATGGTCAGCATCAGTAGAAAAGCGCTGATCCAAATGAGTTGTCGGGCAGTTATGCGTGGTTTAAGCATAAGTTATCCCCGGCTCCCATACTTCTTTTTCCACAGCATGACCAGTGAACCCGCCAGGCCAAAAAAGAGCAGCACCACGGGCAGCAGCATCAGGCATGACATTAACTGATCTTCATACTTCATAAAGACGGGCGTTTTGCCCAGCAGATAGCCCAGCGACGTCAGGATAAGCACCCACAACAAGCCGCTCATCCAGTTGAAGAACTGAAAGCGCGCGTTATTCAGACCGGATATGCCGGCAATGGTGGGCAGCAGCGTTCTGACAAACGCGATAAAACGGCCTATCAATAGTGCCGACAGGCCGTGTTTATGGAAAAGGTGATGGGCGCGTTGATGATAATGTGCGGGGAGATGAGAGAGCCAGTTTTGCACGGTGCGGGTATTCCCCAGCCAGCGGCCCTGAATATAGCTGACCCAGCAACCCAGGCTGGCCGCGACGGTAAGCAGCAAAATGGTTTGTGGATAACCCATCGCGCCTTTGGCGATCAGCACGCCGACCAGGATCAACAGGCTGTCGCCAGGCAAAAAGGCGGCAGGGAGCAGCCCATTTTCCAGAAACAAAATCATAAATAACACAAAATATAACATGCCAATCATGGAAGGATTGGCCAGTGTTTCAAAGTCCTGAGCCCACAGGGCATTCAGCAATTGAGTCAGTAGTTCCATTCAGTATTCCTGGAGAATCGGTTAACGTCACGCCGGTGATCTGAGGTTTGCACTGCCGCAACAGAGTTGGAGTTTTTATCAGCGTTGCGGAAACGGCAAATTCGCGGCCTGAACTATTCCTTGTTAAGTTGTGAAGTAAGCAAGCACTAACACACAAAAATTCAAAATGCATCTAATTGTAACAAAGGTCAACGAAGTCCGTTATAGAAATTACGCGTCGTTGAGCTTTGATTTTGCTTATCGCAAGGGAGGGTGGCGAGAGGATTTACACAGGCTGACACTTTATACTTTACGCTGACCGAGCGCCGCGGCAGACGCCATCTACATATAACGTTACGCGAGGATGTTGCGCGTGAACATCAATTCGCTTTCCATCACAGCCTATGGATTGGGAGATTCAGATCTATCGTTACGCCGGATGGCATACGCCATCCGGCATCGATAATCACTTAGCTACGCAAGGCGTTATTCGCCAGACGTTCGTCCTCTGCCTGGCAGGCTGCCGCAGTGAACAGAACATCGGTAGACGAGTTCAGCGCCGTTTCACACGAATCCTGCAATACGCCGATAATAAAGCCGACCGCTACTACCTGCATCGCGATATCGTTCGGGATGCCAAACATGTTGCACGCCAGCGGGATCAGCAGCAATGAACCGCCTGCCACGCCGGAGGCGCCGCAAGCACA
NZ_CP041005.1_gap12	525134	526742	1608	TACAGGCTGGACGATTCACAACCACGCGAATGTGTTTTCTCGTACCGGATTGGATATCGGCGCGCGCTTCTTTATGCAGCATTTGCCGGAAAACCTCGACGGGGAGATTGTCGATCTCGGCTGCGGCAATGGGGTGATTGGCCTGAGCTTACTGGCGAAAAATCCGCAGGCGAACGTAGTATTTGTCGATGAATCGCCGATGGCGGTAGATTCCAGCCGTTTGAATGTAGAAACGAACCTGCCGGAAGCATTCGAACGCTGCGAATTTATGATCAACAACGCGCTCTCCGGCGTGGAGCCGTTCCGTTTTAACGCGGTGTTCTGCAATCCGCCGTTCCACCAGAAACATGCGCTGACGGACAATATCGCCTGGGAGATGTTCCATCACGCCCGCCGCTGCCTGAAAATCAACGGCGAACTGTATATTGTGGCGAACCGCCATCTGGACTATTTCCACAAGCTGAAGAAGATTTTCGGTAATTGCGCGACGATAGCAACCAACAATAAATTTGTCATTTTGAAAGCGGTGAAGCAGGGACGCCGTCGATAAGGCGCTCAAGCGTCATACCGGCCTATAAAACCGGTATGACGGCGTAAGCCCGATAAGCGTAGCGCCATCAGGCAAAGTCGTTAAATCTCCAGTGCCAGTCGGGTGCCCTGGGCAATCGCCCGTCGGGCATCCAGCTCCATCGCGACATCGCATCCGCCGATAAGATGTACCGTTTTACCTGCGGCGCGTAACGGGTCCGCCAGCTCGCGGCGAGGTTCCTGTCCGGCGCAGATCACCACATGATCCACTTCCAGCAACTGCGGTTCGCCGCCGATCAAGAGATGTAATCCGTCGTCGTCGATCTTCTGGTAACTGACCGCCGGGATCATCTTCACGCCGCGCGCCAGTAACGTCGCGCGATGGATCCAGCCGGTGGTTTTACCTAACCCTTCGCCCGGCTTGCTGGTTTTGCGTTGCAGCATGACGATTTGCCGTGGACTACGTGCCAGGCGCGGGCCTTCCGGGCGCAGACCGCCTGCCTGTTGCAGGCTGGTATCAATTCCCCATTCCGTACAAAATTCAGCAATATTTTGGCTGGTGGATTCGCCGTGCTGGCTCAGATACATGGCCGTGTCAAAACCGATCCCGCCGCAGCCGATGATCGCCACTCGCTTACCAACCGGCGCCTTATCGCGCAATACCTCCAGGTAGGTCAATGCTTTTGGATGATCGATACCGTCTATCGGCGGGCGGCGCGGTACTATTCCACAAGCGAGGATCGCTTCGTCAAACGGCTGAAGATCCTCTGCGTTCACCCGTTGGTTCAGTTTCAGCGTAACGCCAGTAACATCGATCATTCGACGGTAGTAGCGCAGCGTTTCGTAAAACTCCTCTTTACCCGGGATCTGCCTGGCGATAGTAAACTGACCGCCAATTTCACTCTGAGCGTCAAACAGCGTGACATGATGGCCGCGCGACGCGGCGTTAATCGCGAAAGCCAGCCCCGCCGGGCCTGCGCCGACAACGGCCAGGTTCTTTTTGCGTATGGCCGGCGTTATCGGCATGTGGGTTTCGTGACAGGCGCGCGGGTTCACCAGACAGGAGGTCACTTTGCCGAT
NZ_CP041005.1_gap13	527755	531536	3781	GCGGGGCGAACAGCGACGGGTAGCTCATAAGCGTATCCAGTATGTAAAATTATTGTTATGTGGTCGGATGAGTTACTACTGTAGCCGTCGCGAGGTAAAAGGGAAAAGGGGAATGTGGTGATTGTGATGGGATTCAAAAAAGAGGCCGCGACCCGGGGAAAACAGGCCGGATAAGCACAGCGCCATCCGGCATCGTTTTTAAACCTCTTCAACGCTCACCTGCATTGCCGCCAGCGCATTACGCGCTGATTTCAATACCTGTTCGCACAGTTCAATGGTTAGCGTGAGCGGTGGCTCGATACGAATTGTTTTCGCATTATTCAGCGTACCAGCGACCAGCACGCGTTGACGGAACATCTCACTGGCAAAACGGTAGCCCGTTTCGTTGTCGACAAATTCAATGGCCATCAACATACCTTTGCCGCGCGCATCGTGTACCAGATTGGGATATTCACGCGCAAGTTGTCGAAAACCATCCAGGAGCGTATCGCCTTTTTGTTCCGCCTGGGCCGGGAGATTTTGCTCCAGCAGGACGTTAATGGTCGCCAGCGCGGCAGCACAAGCCAGCGGATTACCGCCAAAAGTGGTGGTATGCAGGAAGGGATTGTCGAACAGAACCGAAAACACCTCCTCAGTCGCGATGGTGGCGCCAATCGGCATCACGCCGCCGCCCAGGGCTTTCGCCAGACACAGAATATCAGGCTGCACATTTTCGTGCTCGCAGGCAAACATCTTGCCGGTACGCCCCATGCCGGTTTGTACTTCATCCAGAATCATCAGAGCGCCGAATTCATCACAGAGCTTACGTACCTCTGTCAGGTATCCCTGCGGCGGCAGGATCACGCCGCCTTCACCCTGAATAGGCTCCAGAATCACGGCTGCTATCTCGTCGCCCGTTTTTTTGCCTTCGCTAAATGCCATGCTCATCGCGTCGATATTGCCAAACGGCACATGGCGGAAGCCCGGCAGTAAAGGCATAAAGGGTCTGCGGAAGGTGGATTTGGCCGTGGCGGAGAGCGCGCCCAATGATTTGCCATGAAATGCGCCGCTGGTGGCGATAAAGGTAAACTTGCCGCGCGGCGACTGATACGCTTTTGCCAGTTTTAGCGCCGCTTCGACGGATTCGGTGCCGCTGTTACAGAAAAAGCTGTACTTGAGTTTCCCCGGTGTCAGCGCCGCCAGCGTTTTTGCCAGCATCGCCCGCAAGGGATCAAGTAACTCCTGGCTGTGGAGAGGTTGTTTTGCGAGTTGATTCTGGACGGCGGATACCACAACAGGATTACGGTGCCCCACGTTAAAGATGCCAAACCCCCCAAGACAGTCGATAAACTCCTGCCCCTGGGTGTCGACAAGCGTATTCAAACTGCCCGCTTGCCACTCTACGGCTCCGTAATCCCCGCCGGCGGTAACAGATTTCCGGTATTCCAGAAATCCTGGATTTACATGCTCTTTAAAGTAGTCAATGACCTCTCGGTTTAGTGCTTTCATTTCCTCATGGTTTAGCGTTCGCTTCTCGATGAGATTCAGTGCGTGCGCGCTACAGGCCAAAGCCGATGCGCTGGAAGGTAACCTGTTCAAAATGAGCTCCAGAGGGCCGTGTATCACATGATACTGAATTAAGTATTGCAGGGATTAGCGGGGGTCTAAGCCCATAGTGAAAATCGGGATAAACACCAGGAATAATCACATTTACCCAACATTTAATATCATGCGTTAACAATTGGATGCATTTTGAGCAGATCTTGTTTTACGGTTTACGGTGTGTTGCGTTAGCGGCGGCGTGAGAAAAAGGTGAGCCAGGGCAGATTTTAAAGAAAAAGGTTGTCCACGCTAAACAATTTCATAATGAAAATAAGGCGCAGGATGAGGTGAAAATCGTACAAATATTAAGGATTAATCGCAAATTGCGATCCAGAGCAATTTTAACAACTAAAGATAAATAGATTAGCGCCGAAATAACATCTGAGCGAAAAATTAACATCCAGATAACCTGCACAGGACGCTATCATGTCTTCTCATCCCTACGTCAGCCAGCTAAATACCCCGCTGGATGATGATACCACTCTGATGTCTACGACCGACCTGGAAAGCTATATCACTCACGCCAATGACACTTTTGTCCAAGTGAGCGGCTATCAGTTAAACGAGTTACTGGCGCAGCCACATAATCTGGTGCGTCATCCGGATATGCCGAAAGCTGCCTTCGCAGATATGTGGTACACCCTAAAACAGGGCGAACCGTGGAGCGGCATTGTGAAAAACCGGCGTAAAAACGGCGACCATTATTGGGTGCGGGCCAACGCGGTACCGATGATACGTGAAGGGCGTGTGACTGGATATATGTCGATCCGTACCCGCGCCACGGATGATGAGGTTGCCGCCGTCGAGCCTTTATATCAGGCGCTAAATGAAGGGCGGTGTAGTAAACGAATTCATAAAGGCCTGGTGGTTCGTCAGGGTTTGCTGGGCAAACTGCCCGCTATGCCTGTTCGCTGGCGAGTGCGTAGCATTATGGGGCTAATGGCCGTAATGCTGGCGTTGGCGTTGTTCGGTACGGATGCCTCATGGCAGGCGTTGCTGTTGGGCGCGTTGGCGATGCTGGCAGGTACGGCGCTATTGGAATGGCAAATTGTGCGTCCCATTGAAAATGTGGCGACGCAGGCGCTGAAAGTGGCGACCGGCGAACGCAACAGCGTACAACATCTTAATCGTAGCGATGAGTTGGGGCTGACGCTGAGGGCCGTGGGGCAGCTTGGCTTGATGTGCCGCTGGCTGATCAATGACGTATCAAGTCAGGTTTCCAGCGTCAGAAACGGCAGTGAAAGGCTGGCGAAGGGTAATAATGATCTGAACGAACACACCCGTCAGACCGTGGAGAATGTTCAGGAAACGGTAACGACCATGAACCAGATGGCGGAGTCCGTGAAGCTCAATTCCGAGACGGCTTCCGCTGCGGATAAGCTTTCCATGGCGGCCAGTAGCGCGGCGACTCAGGGAGGTGAGGCGATGGATACGGTGATTAAAACGATGGATGATATCGCTCACAGTACGCAACGTATCGGGACGATCACCACGCTAATTAACGATATCGCTTTTCAGACGAATATCCTGGCGCTGAATGCGGCGGTAGAAGCGGCGAGAGCGGGCGAGCAGGGGAAAGGGTTTGCCGTGGTTGCTGGCGAGGTACGCCATCTTGCCAGCCGCAGCGCTAATGCGGCGAACGATATTCGTAAATTAATTGATGCCAGCGCAACAAAGGTGCAGTCAGGCTCCGAGCAGGTTCACGCCGCAGGCCGTACCATGGATGACATTGTAGCTCAGGTGCAAAATGTCACCCTGCTTATCGCACGTATCAGTCAGTCGACGCAGGAACAGACAGATGGGCTTTCCAGCCTGACCCGCGCCGTGGACGAGTTGAACCGCATAACCCAGAAAAATGCGGCGCTGGTGGAAGAGAGCGCACAAGTCTCCGCAATGGTAAAACACCGTGCCAGCCGGCTGGAGGATGCGGTCACGGTACTGCATTAAGTTTATTTGTAGGTAGCAATGGTAATGACATCCGCCCGGTAGCAACAGGCTTACCGGGCGGATGCGCTCTGATAGAAGGCGGTGCCTGCCATCATAGAGAGTATCAGTGGCCTGTGATGTTAAAAATAATGTGATATTTATTCCTTCTCCCTTGTCTACCTATTAATAGGTATAAACTCAGTTAATAAATAAGAAATGGTTAACCTTTTAGCGTATTTCTTTCATTATTAGTGCCAATTTATGTCACTTTTGG
NZ_CP041005.1_gap14	532609	536974	4365	AACACAGCTGACCATACCAGTGAAGCGACCAAACTCTCTGCCGGCGCCGCCAGCGTAGTGAAAAACAATGGGGAGATGATGAATCAAGTGACGCAGAAAATGCGCGTCATTAACGATACGGCAAATCGTATGTCGGATATCATCAATATCATTGATTCCATTGCCTTTCAGACCAATATTCTGGCGCTGAACGCGGCGGTTGAAGCGGCGCGTGCGGGCGAACATGGACGTGGTTTTGCCGTTGTCGCCGGAGAGGTTCGCCAGTTGGCGCAAAAGAGCGCCTCGTCAGCCAGTGAAATCCGTAATTTGATTGAAGATTCAACCAGTCAGACTCAGGAAGGGATGCACCTGGTGGAGAAAGCCAGCGCCCTGATTAATGGCATGGTGGATAACGTCGAAGAGATGGATGTGATATTACGCGAGATTGGGCAGGCCAGCCGTGAGCAAACTGACGGTATTTCGCAGATTAACAGCGCGATTGGCCTGATTGACGCCGCCACGCAACAAAACTCCTGCCTTGTGGAAGAGTCTGTTGCCGCCGCGGCGTCGCTGAACGAACAGGCGTTACATTTAAAAGAGCTGGTTAACGTGTTCCGCGTCCGCGAAGAGGACACGCAGCCCGCTTAATCCAGTTCGGCGATTTCCAGCGCCGCGCGATCAATCACGCCGATAATGCGTTTGATTTGCGCGTCGTTGATATCGCTGTGGTTTATCCGCAGATCCAGCACGGCCTTGAAGTTATCCAGCGCCCGCTTCATCTGCGGATTTTTACGTAACTCCATGCCCACACAACGGGCTTTTAGCCGCGCCTGAATATGCGTCAGGTGTTCGCGATTTTCATCAAGCCATTGCGCGCCGTTCGCGGTAATCGCGATTTTTTTCCGCCCGCCTTCTTCGTCGCTAATCGTGATAAATTGCTGATCCTGTAAAAAATCCAGCGTAGGGTAGATCACACCAGCGCTTGGCGTATAGCCGCCCCCCGTCAGGTTTTCTATCGCTTTAATCAGTTCATAGCCGTGGCTGGCGTCCCGGGTCAGGATATCAAGAATGACCAGCCGAAGTTCCCCGTGGCCAAAAAATCGCTGACGTCGACCACCGCCCTGTCCATGACGACCACAGCCGTGTCCGTGACGGTGCTCGCCGCCGCAACTGGCGTTCTCATGCTGATGCGCGCTATGGCAGCCTTCATGCTGATGTTCTCGATCTTTGCAGCAACCATCGTGCATATGATCCCGGTTTTTGCAACACCCTTCATGTTGATTTTGCATCATTGCCTCCTGCTTATTTAGATATATCTAATTTATATCTAAATGATGGTTTTTAGCAAGGATAAAAGCGATTGTTGATATAATCTATTAATTTATAACGTTTTATTTTGAAGTTGTGATTAGCGATGTGTTGCCAGAACACTATCAAAAAACAGTTGCATTTTTACTGATTAACAATCATTATCATTTAAAACTTTAATTTAGATATATCGTATTACTTCACGAAGGCAAAAAATGACGACATCATCCGTACGCTACCCACAGCGTGTTCGTAATGAGCTGCGTTTTCGCGAGCTGATCGTTCTGCGGGTAGAACGTATTAGCGCAGGATTTCAGCGGATCGTACTTGGCGGCGAGGCGCTGGACGGTTTCATCTCCCTGGGCTTTGACGATCACACGAAAGTTTTTTTCCCTGAGCCAGGCTGTCGCTTTACGCCTCCGACAGTCACTGAGGAAGGCATTATCTGGGGGGAGGGCGTTCGCCCGGTCTCCAGGGATTACACGCCGCTGTATGACGAGGCGCGTCGCGAGCTGGCGCTGGATTTCTTTATCCACGATGGCGGCGTAGCCAGCCGTTGGGCAATGGAAGCCCGTGAAGGCGATACACTGACGATCGGCGGGCCGCGCGGTTCGCTGGTGGTGCCGGAAGAGTATGCCTGTCAGGTTTATGTCTGCGATGAGTCCGGTATGCCTGCGCTACGTCGTCGTCTGGAATCGCTTAGCCGTCTGCCTGTGCGCCCTGCGGTAACCGCGCTGGTGAGCATTCAGGATGCGGCATACCGCGATTATCTCGCCCATTTGACGGATATTACTGTGGAATATGTTGTTGGCGGCGATGAACAGGCAATGCAAACGCGCCTGTCGCAGCTGACAATACCAGAATCAGACTATTTCATCTGGATTACTGGCGAAGGCAAAACGGTAAAACGTTTAAGTCAGTGCTTTGAAAAGGGGTTTGATCCACACCTGGTACGTGCGGCAGCCTATTGGCATCGTAAATAGCGGTATGGGGTGAGCCCTGTCAGAAACAAAAAGGCCACTCTTTAGAGTGGCTTAATTATATGATTTTAAAGCTAAAATTTGGTGGCCCCTGCTGGACTTGAACCAGCGACCAAGCGATTATGAGTCGCCTGCTCTAACCACTGAGCTAAGGGGCCGTGGCGGTGGATTATAATGTAACTTTACGCTGTAATCCAGCCGTAACCGTGCGGGTGCTGTTTTTATAAACAATGTGTTTTCAACCCGTTATACTTAAAGAACGTTGTATTGCTCAGGAGTAATAATGGTTAAGGACATACTGGCGCCAGGGCTACGGGTGGTTTTTTGCGGCATCAATCCGGGACTCTCCTCGGCGAATACCGGCTTTCCGTTTGCGCATCCCGCGAATCGTTTTTGGAAAGTTATTCATTTGGCCGGTTTCACCGATCGACAGTTGAAACCGGAAGAGGCGGAAAAATTACTGGATTTTCGCTGCGGGGTAACGAAACTCGTCGACCGACCGACGGTACAAGCGACTGAGGTGAAGTTGCATGAATTACGTAGCGGCGGACGAAACCTGATTGAAAAAATAGAGGACTACCAGCCCGCGGCGCTGGCGGTGCTTGGTAAACAGGCTTTTGAACAGGGGTTCAGCCAGCGCGGTATCGCCTGGGGTAAACAAAAGATCGCCATTGGCGCGACGATGGTGTGGGTGTTGCCGAATCCCAGCGGCTTAAACCGAATTAAAACGGAAAAACTGGTCGAGGCCTATCGCGAACTGGATCAAGCGCTCATTATGCGTGGGCTATAGCAATGGGGAATGAGGGCGCGAATACTCGCGCTGTGTAGAAATTCTGCAGGCCAAATAGGGCGCTTGCGCATGGCCTGATAAAAAAACGCCGCCTTGCGGCGGCGTTTATACGTGTGCGGCGAATTAATCGTCGAGGAAGCTGCGCAGCACTTCAGAACGGCTCGGGTGGCGCAGTTTACGCAGCGCCTTCGCTTCGATCTGACGGATACGTTCGCGGGTAACATCGAACTGTTTACCCACTTCTTCCAGCGTGTGGTCGGTGTTCATATCGATACCGAAACGCATACGCAGCACTTTCGCTTCACGAGCGGTCAGGCCAGCCAAAACGTCGTGAGTGGCGGCACGCAGGCTCTCGGTAGTGGCAGAGTCCAGCGGCAGCTCGAGGGTGGTATCCTCGATGAAATCACCCAGATGCGAATCTTCATCGTCGCCGATCGGCGTTTCCATGGAGATTGGCTCTTTGGCAATCTTTAGCACCTTACGAATTTTATCTTCCGGCATCAGCATCCGTTCAGCCAGCTCTTCCGGCGTTGGCTCGCGGCCCATCTCTTGCAGCATCTGGCGAGAAATACGGTTGAGCTTGTTGATGGTCTCAATCATATGCACCGGAATACGGATGGTGCGCGCCTGATCGGCGATAGAACGGGTGATCGCCTGACGGATCCACCAGGTTGCATAGGTGGAGAATTTGTAGCCGCGACGGTATTCGAACTTATCTACCGCTTTCATCAGACCGATGTTGCCTTCCTGAATCAGATCAAGGAATTGCAAGCCACGGTTGGTGTATTTCTTAGCGATAGAAATAACCAGACGCAAGTTCGCTTCAACCATCTCTTTCTTCGCACGGCGGGCTTTCGCTTCCCCGATGGACATGCGACGGTTGATGTCTTTCACCTGTTCGATGGTCAGACCGGTCTCTTCTTCAATCTGCCGCAGTTTTTGCAGGCAGCGTTGCACTTCTTCCGCGACATCGTGCAGTTTTTCCGACCACGGTTTGTTCATCGCGATAGCGGCATTGAACCAGGTTTCGCTGGTTTCATTACCGGTAAACAGCGTGATAAAGTTCTTCTTCGGCATTTTGCACTGCTCGACGCAGAGCTTCATGATCAGACGTTCCTGGGTACGCACGCGATCCATCATCACGCGCATACTGTTGACCAGATAGTCGAATTGCTTCGGTACCAGACGGAACTGTTTGAACACTTCAGACAGCTTCAGAATCTCTTCCTGCGCGGCAGCATGGCTGCGGCCTTTCGCTTTGATGGTGTCGCGCGTAACGACGTATTGCGCGCGCAGCTCAGCGAATTT
NZ_CP041005.1_gap15	539003	541946	2943	CGCTGTTATTACCGAAGCGCTTTAACGCGTTATCCCACCCTGGCGGCGCGAAGCCAATGGCGAAACGCTGAATAATTTCAGCGCTCAGACCGCGCTTTTGCAGATAGTCACGCGCAGGTTTTGCCGCAGGATGGGTAAGCGACTGCTGATAAAAGTCATTCAGACCATTCATCAACTGATAGAGGTTTTGCCGTTGATGGCGCTCTATCTGGCTAAGCCCGGTGCCTGCTTCATAGGGAATTTCCAGGTTATGCATGGCCGCTAATTCTTCGACGGTTTCGACAAATTCGAGCTTGTCGTAATTCATCAAAAAGTCGATCGCATTGCCATGCGCGCCGCATCCAAAGCAGTGATAAAACTGTTTTTCACCGTTTACGGTGAAAGAAGGGGTTTTCTCATTATGGAATGGACAACACGCGTGATAGTTCTTGCCCTGTTTCTTGAGTTTTACGCGCACGTCGATCAGATCGACGATATCGGTTCTCGCCAGCAGGTCATTAATGAATACGCGTGGGATTCGTCCAGCCATATGCCCCTTTTATACACGTCATTCTTCAGGCTGCCGTAGTGTTGGCTACGTTTGCTCACCCCTGTCGCTGACTTGCGTAAGCGCCGGGGATTTACTCTCTTGCCGCCTGGACGCAGCATGAATGATTTTGTGTATATGCTAATGCATAAACGAAAACAAGCCGCGCATTCCTTTCGGAAGCACGGCCTTACAACTACAACTCGATCTGAATTGAGAGCAGCCCGCTCTCAAAAGATTAGTACAGACGAGTACGGCGTGCGTTTTCGCGAGCCAGTTTCTTCGCGTGACGTTTCACTGCAGAAGCTTTAGCGCGCTTACGTTCGGTCGTCGGTTTTTCATAGAACTCACGACGACGAACTTCCGCCAGAACACCTGCTTTTTCGCAGGAACGCTTGAAGCGACGCAGAGCTACGTCGAACGGCTCGTTTTCACGTACTTTAATTACCGGCATGTGCCTCTCACCTTTGATTAATTCGGTTTGCCGCTGGCATCAACGCCAGCTTATTTCAAAATGGTGCGGAATTTTACTGCAATTGCTGCTGCTTTGTAAAGCACCGCGGCCTTTTTTGAAAGGGACTTTTATAAGGGGAGGGAGTATACACGAAGTCGGGACTGAGGGTATACATCCACCCGCATTCGACCTACACTGCGCGGTATTAGAGCGAGGTAAAACAAGTCATGCGTGTACTGGGTATTGAAACATCCTGCGATGAAACCGGCATCGCTATTTACGACGACAAAAAGGGTCTGTTAGCCAACCAATTGTATAGTCAGGTGAAATTACATGCTGACTACGGCGGCGTAGTGCCTGAACTGGCTTCCCGCGATCATGTGCGTAAAACCGTGCCGCTGATTCAGGCGGCATTAAAAGAAGCCGGTCTGACGGCGAGCGATATCGACGCGGTGGCCTATACCGCAGGCCCGGGCCTGGTCGGCGCGCTGCTGGTCGGCGCAACCGTCGGGCGTTCACTGGCATTTGCCTGGAATGTGCCGGCCATTCCTGTACACCATATGGAAGGTCATCTGCTGGCGCCAATGCTGGAAGATAATCCCCCGGAATTCCCGTTTGTGGCGCTACTGGTCTCCGGCGGACATACGCAGCTCATTAGCGTGACCGGAATCGGTCAGTACGAACTGCTGGGAGAGTCGATTGACGATGCCGCCGGTGAAGCGTTTGATAAAACCGCCAAATTGTTGGGGCTGGATTATCCTGGCGGCCCGATGCTGTCGAAAATGGCGTCGCAGGGGACGGCGGGGCGTTTTGTCTTTCCGCGCCCGATGACCGATCGTCCGGGGCTGGATTTTAGTTTTTCCGGTCTGAAAACCTTTGCCGCTAACACCATTCGTAGTAATGGCGGCGACGAACAAACTCGCGCTGATATCGCGCGCGCTTTTGAAGATGCGGTCGTGGATACGCTGATGATCAAGTGCAAGCGCGCGCTGGAAAGCACCGGTTTTAAGCGTCTGGTCATGGCGGGCGGCGTCAGCGCTAACCGCACGCTGCGCGCGAAGCTTGCCGAAATGATGCAAAAACGCCGCGGCGAAGTGTTCTATGCGCGTCCGGAGTTTTGTACCGACAACGGGGCGATGATCGCCTATGCCGGAATGGTGCGGTTTAAGGCGGGCGTTACGGCGGATCTTGGCGTAACGGTACGTCCGCGCTGGCCGCTGGCCGAGCTGCCGGCGGCGTAAAAGCGGAGAAAGGGGGCGACATCATGCCGCCCCAACGGGTTTACAGCAAAACGACGGGCATCCACAACAGCCTGGAGACGATCAGCAGCACCAGGAAGATCAGGCCGAAAATCGCGCCTAACCACGCCAATGGTGGAAGGGTGACGCGCGGCGGATTCGATATGTAAGCCCATCAACCGAGCTATTGCCGGTCAACCCTTGTGGGCCGATCCCCAGACGGTTGCGGCCCTCTTCCAGACGCAGCTCCAGCTCAATCTTTCTGGCGTTTCTTTTTCAGCTTCGTCCAGATTTTCGTCTCCTGGCGACGCCACAGACGCTGGATGTTGTCATGATGGCGCAGCAAAATGAGACATGACAGCATCGATACCGGGAAGGTGAACTGCGGTTTAAACCACCAGACGTAAAACGGCGCAATCAAGGCGCTGACAATCGCCCCTAACGATGAATAACCGCTTAACAGGACCGTCAGCAGCCAGGTGCCTGCCATGACGCCGGTTAAATCCCAGCCGATGGGCGCGATGGCGCCAAACGCGGTTGCTACGCCTTTCCCACCTTTAAAGCCAAAAAAGACCGGCCAGATATGCCCCAGACAGGCGGCGATAGCGATAAGCCCCAGCCAGAAAGGGGTAACGCCTAACGCATACGCGCCCCAGACGGGCAACATACCTTTAAGGATGTCAAAAATAAGTACCGCGACAGCCGCTCCCTTGCCACCGATTCGT
NZ_CP041005.1_gap16	577999	582469	4470	CGGCCCACTGCCGTGCGTTAATGGAGCAAAAAATCGCGGAACTTGATAAAGAGGTTGCGGAACGTGAAGCGACCGGTAAGGTTTAAGCAGCCTTACTCTGTTATTGTAGAAATCATTTTTTCAGGCACAACTCTTTAGCCTGTTTTACATGGAGCTTATATGTCATTCAGTCGGCGTCAGTTTCTTCAGGCATCGGGAATCGCACTATGTGCAGGCGCGATTCCCCTCAGGGCGAATGCTGCCGGTCAGCAACAGCCGTTGCCTGTTCCGCCGTTGCTGGAGTCCCGTCGCGGGCAGCCGTTGTTTATGACGCTACAGCGAGCGCACTGGTCCTTTACGCAAGGCACGCGCGCGCCGGTCTGGGGAGTGAACGGTCGTTATCTGGGGCCGACAATCCGCGTCTGGAAAGGCGATGACGTTAAACTCATCTATAGCAACCGCCTGGCGGAAAATGTCTCCATGACGGTTGCTGGTTTACTGGTGCCGGGGCCGCTGATGGGTGGCCCGGCGCGTATGATGTCGCCGAACGCGGACTGGGCGCCGGTGTTGCCGATTCGTCAGAGCGCCGCGACGCTGTGGTATCACGCTAACACGCCTAACCGCACCGCGCAGCAGGTGTATAACGGCCTGGCAGGAATGTGGCTGGTCGAAGACGACATCAGTAAAACGCTGCCCATTCCGAACCATTACGGCGTGGATGATTTTCCCGTCATTATCCAGGATAAACGGCTGGATAACTTTGGGACGCCGGAGTACAGCGAACCGGGAAGCGGTGGTTTTGTCGGCGATACGCTGCTGGTGAACGGCGCGCAAAGCCCCTATGTCGAAGTGTCCCGCGGCTGGGTGCGGTTACGGTTGTTGAACGCCTCGAACTCGCGGCGCTATCAGCTTCAGATGAGCGATGGCCGGGCGCTGCATGTGATTTCAGGCGATCAGGGCTTTTTACCTGCGCCGGTTTCCGTCAAACAGTTGTCACTGGCGCCCGGCGAGCGACGTGAAATCCTGGTTGATATGACCAACGGCGACGAAGTCTCGATCACCTGCGGGGAAGCGGCCAGCATAGTCGATCGGATTCGCGGTTTCTTTGAGCCTTCCAGTATTCTGGTTTCGACCCTGGTGCTGACGTTACGGCCAACCGGATTGCTGCCGCTGGTGACCGATAATCTGCCGATGCGTCTGTTGCCGACGGAGATCATGAGCGGCGCGCCTGTCCGCAGTCGGGACATCAGTCTTGGCGACGATCCGGGGATTAACGGCCAACTGTGGGATGTGAATCGCATTGATATTACCGCCCAACAAGGCACCTGGGAGCGCTGGACGGTACGCGCCGATATGCCGCAGTCGTTCCATATTGAGGGCGTCTCTTTCCTGATTCGTAACGTCAACGGCGCTATGCCGTTCCCGGAAGATAGAGGCTGGAAAGATACCGTCTGGGTGGATGGGCAAGTCGAACTGCTGGTCTATTACGGTCAGCCGTCCTGGCCGCACTTCCCGTTCTATTTCAACAGCCAGACGCTGGAAATGGCTGACCGCGGCTCGATTGGGCAAATGCTGGTGAATCCAGCGTCGTAAAGCGTCCGAGTACGGGTCTGAATAGCGCAGACCCGTCAGGGTTTTCAGGAAGGAGCAAACAGCGTGGGAAGCAGCAGACTCAACTGCGGGAAGTAGCAAATCATCGCCATGACCACAAAGAGTGCCAGAAACATCGGTAATAGCGGTTTGACGACTTTATCAATACTGATTTTGCCGATACTGCAACCGACGAACAAAATAGTGCCTACCGGGGGCGTACACAGTCCGATGGTTAAATTGAAAACCATAATAATGCCAAAATGGACAGGGTCGATTCCCAGATGTTGAGCAATGGGAAGGAAAATAGGCGTAAAGATTAGAATAGCCGGGGTAATATCCATAAACGTCCCGACGAATAACAAAATGAGATTGATAATCAGCAAGATGACCCATTTATTTTCGGACACGCTGGTAATCATTTCATTAATCAGTTCAGGAACATCAGCATTGGTCATCGCCCATGACATTCCCATTGAGCAGCCGACCAGTAAGAGAACAATAGAGCTGGTTACTACCGAATCCAGCAGAATATCGCGCAACTTACTCACATTAATTTCTCGATAAATGGCCGCCAGCGCCAGGCTATAGATTACCGCGATCGCAGAGGCCTCTGTTGGCGTAAATACGCCGCCGATAATGCCGCCGATAATAATAAATATCAGCAACAGGCTGGGCAACGAATCGCGGAATACCGACAGAAACTGCCGCAGGTTGATGCGTTCGGCAACCGGGTAATGGTGGCGATGGGCATACAGCGCCGCTACCGTCATTAAAGCCAGCGCGGTTAAGATGCCGGGCAGGTAGCCCGCCAAAAACAGGGCGGCGACAGAGGTGCCGCCGCTAGCCAGCGAATAGACAATTAGCACATTGCTGGGCGGGATCATCAGGCCAATCGGCGCCGAAGCGACGTTGATCGCCGTAGAGAACGCCGGAGAGTAGCCCTCTTTTTCCTGTAATGGCGACATGATGCCGCCCACCGCGGCCGCAGAAGCGACCGCCGAGCCGGATATCGCGCCAAACAGGGTGTTCGCCAGAATATTGCAGTGCGCCAGCGAACCGGGAAGGCGGCCAACTAACGCCTGAGCCAGATTCACCAGGCGCCGGGCGATTCCCCCGGTATTCATGATATTGCCGGCTAACACAAAAAAGGGGATCGCCAGCAGCGTAAAGCCATCGAGACCGACGGTCATTTTTTGCGAAATAACCGAGATTGCCGCATCCGGGGGAAGGGCTATCAGGATTGAGAATAAGGACGACAGCCCGATAGCGAATGTAATAGGAACGCCGACCGCCAGTATAATGGCAAAGCTGCCAAATAAAACAATTATTGGGTAAATATATTCAAAGTCCATATATCCCTCGTTAGCGAAGATGGCGCTGATGATAATTATCAATAACGTTCACAATGGTGTAGTACACCAGGATGACGCCGCTAATCGGCATGACCCAATAGACTTTATCCATAGGCCATTTTAATACCGGGGACATTTGGCTGACGTGCGCCGCTTTTTCAACAATAATATCACCGCCGTACACCATAAAAATCAGCGCGAACACGGTAATAATCACCTGAATGATACTGTCGAGCATGAGGGCGGGCGTTCGGGAGAGTTTTTGCGCTAACAAATCGATAGCTAAATGTTTTTTTAATCCGGCGGTATAGACGCCGCCTAACAGAATCATCCACATAAAAAGAATCTGGGTGAATTCGTCGAGCGTGCTGCTTGGCGCGTTGAATATAAAGCGCGCCGCCACCTGCCAGGATACGCAGGCAACCATGACCGCCAGAATAATACAGCAGCACCCGGCCAGTATTTTGTTCAGTGCATTGGTGAGTATTCGCATATTACATCCTGTAAAGGGCAGGAGAACCCTGCCCGGCAGATTTACATATTCTCGATGTATTCCAGATCCTTCGCTGACTGAGCGTCTTTTGCGCGGAACTCATCAAACAAGGGCTTAACACGCTGTTTGAACGCGGATTTATCAATATCAACAACAGTCGCGTTCATGGCCTTCATGCTCTCATAAGCCTCTTTTTCCGCGGCGGGCCAGATGACATCTTTCATTTGCTGCATGGATTCATCTGCGGCTTTATATAACGCCTTCCGCTCTTTATCGCTCAATTTGTTAAGTACTTTGGTACTGATGACCAGGACATCCGGCACCATCGTGTGCTCGTCGCGGGAATAGAATTTCGCCACCTCCGCATGACGCATATCGGCATAAACCACGGGGTTGTTTTCGCCGCCATCGACCACGCCTTGCTGGAGCGCGGTATAGAGTTCGCCTTGCGCCATCGGCGTCGGCACGCCGCCGAGAGCTTTCACCATCGCGATAGCGCTGGGGCTTTGCTGCACTCTGATTTTCATACCGGCTAAATCGTCGGGTTGAGTGATGGGCTTACCAGCGTAAAAACTGCGGGCGCCGCCGTCGTACCAGGTTAAGCCGACGAAGCCTTTGCTTTCGGAGGACGCGAGAATGCGTTTCCCTAAGTCGCTTTTCAGTACGTTGTAGTAGTGATCGCGGTCGCGGAATAAAAACGGCAGGCTAAACACGCTATATTCCGGCGCAAAAGACTCCAGCGATGCCGCATTGACTTTCACCATTTGCAGAGCGCCGGAGTTCATCAATTCCAGCGATTCACGTTCGTTGCCCAGCGTGGCGTTGGGGTAAATACGAATATTTAATTCGCCGTCCGAATAGGCTTTCGCTTTGTCGGCCAGATAGCTCATCGCTTTGTGAACGGCGTGGCTTTTATCCTGATTGTGGCTCAGTTTCAGCGTGGTTTTGGCGAGCGCTGGAAATGCCAGTAGCAAACAGCCGGCCAGTAATACCGCTGATGTTGTGAATGAACGTGTGTTTTTCATATCTGCTTCCTTATAGGTTGGGATTCCT
NZ_CP041005.1_gap17	583541	585922	2381	CGCATCGTCTGGCAATGGGCGAAACCATCGATCAGATTCGTGATGTGCGTAACACTGCGATTATGGTTAAAGAAGCGCTGCCAGGCTGGAGCGGCGTCGACTCCACTCGTCTGGACACGCCGGGTAAAATCGATCCAATTCCCCATCCCTATGGCGAGGATCTGCCGTGCGCGGATAACAAGCCGGTCGCGCCGAAAAAGCAGGAAGCTAAAGCGATTACCGTGCAGCCGCCGCGTCCGAAGCCGTGGGAAAAAACCTATATCCTGCTGCCATCCTTTGAAAAGGTGAAAGGCGACAAGGTGCTGTACGCCCATGCGTCGCGTATTCTGCATCACGAAACTAACCCTGGCTGCGCGCGGGCGCTGATGCAAAAACACGGCGACCGCTATGTCTGGATCAACCCGCCCGCCATACCGCTCTCCACTGAAGAGATGGATAGCGTGTTTGCGCTGCCGTATCAGCGTGTGCCGCACCCGGCTTACGGCAATGCCCGTATTCCGGCCTATGAGATGATCCGCTTTTCGATCAATATCATGCGCGGCTGCTTTGGCGGCTGCTCTTTCTGCTCGATCACTGAACATGAAGGGCGCATCATTCAGAGCCGTTCAGAAGACTCTATCATCAACGAGATCGAAGCGATCCGCGACACGGTGCCGGGGTTTACCGGCGTGATCTCCGATCTGGGCGGTCCTACCGCGAACATGTATATGCTGCGCTGTAAGTCGCCGCGTGCGGAGCAGACCTGTCGTCGCCTGTCATGCGTCTATCCGGATATCTGTCCGCATATGGATACTGACCATACGCCGACGATCAATCTTTATCGCCGCGCCCGTGAGCTGAAAGGCATTAAGAAAATCTTAATTGCCTCCGGCGTGCGCTACGACATCGCCGTAGAAGATCCTCGCTACATTAAAGAGCTGGCGAGCCATCATGTGGGCGGCTATCTGAAGATTGCGCCGGAGCATACTGAAGAAGGTCCGCTGTCGAAAATGATGAAGCCGGGTATGGGCAGCTACGATCGCTTTAAAGAGTTATTTGACCTTTACTCTAAACAGGCCGGAAAAGAGCAGTATCTGATCCCATATTTTATCTCCGCGCATCCGGGCACGCGGGACGAGGATATGGTGAATCTGGCGCTGTGGCTCAAGCGCCACCGCTTCCGTCTGGATCAGGTGCAGAACTTCTACCCGTCGCCGTTGGCAAATTCGACCACCATGTATTACACCGGCAAAAACCCGCTGGGTAAAATTGGTTATAAGAGTGAAGATGTGGTGGTGCCGAAGGGAGACAGGCAGCGTCGCCTGCATAAGGCGCTGCTGCGTTATCACGATCCGGCGAACTGGCCGCTGATTCGCCAGGCGCTGGAAGCGATGGGGAAAAAGCATTTGATTGGCGGTCGCCGTGAGTGTCTGGTGCCTGCGCCGACCATTGAAGAGATGCGCGAAGCGCGTCGCCAGAACCGCAACACGCGCCCGGCGTTGACCAAGCATACGCCGGTGGAACATCAGCGGCAGGGGCTTGCTGCGAATAAGAAGCGCGGGAAAGGCGCAGGGCGTTAATTACCTTTGAATCTGTTGCTTCTGGAAGCTAATGTTTCTGGAAGTAACAGACATCTAAATATATTGTGTCGATCTTTAGTAATTGCTAAATTACGGGGAGCTTTATATTTTATTTAAATATTATTGATTGTATAAATTAATTATATATTACCTTAATGATTAAGGCATGATGCTTGTATACAGCCCCAGAGGAGGGGATATCATGGGTATGATTATTATTCCCTGTTTTATCGTAATTGCTATAATAGCTGTTGTTATATTCATAATGGCTATTAAAGCATGTAATATGGAAAAACGTGAAGACAGGCAAATGACTCTTGCAGGGATAATTTTAATGGGTGTTATTGCCGCTATTCCTGGATGGTTTTTGTACGAAATATTTAGCCACGCGCCGTAATATTTAACCTACCAGGGTTGATATATTAAAATAGATAAGAAGTATATAATCTAAGGTATAATGCCTGACGGCGCTGCGCTTATCAGGTCTATGAATAGCACAGTTTTGTAGGCCGGATAAGGTGCTTACACCGCCATCCGGCAGAAGTGCTCCGTATTTATGCCTCACGAATTCTGGCCGCCAGCGCGGCCAGTTTTTCATCATCAGCCCGTTCATGATCGTGTGACGACAGATATCCTTCATACTGTTCGAAAAATTTATTCTGCCGCGATTCAATCGGTTTCCAGTGGGTTAAATCGCCAGTACCGTGCATGGGGCTTAATTTACTGTGCACATGGTCTACGCCGAAACCTTCGAAGAACATTCCCGTACGACTGACATCCGGGAAAGCCTTATCCAGTTTCTTCGCCACTTTTTGGGTCGCC
NZ_CP041005.1_gap18	597897	602139	4242	AATAACACTGAAAGATTTTCTCTGCGTTCACAGATATATAACATCTGCGGGTACGTAAACGGCGGTAACTGTAAAAAAATGGAGAATGCATTATATATTCTCCGCGCCTTGCCGATAACGAGAGTGCGTCATCGTCTGATGACTAATCTCTTATATTCAGCAAGGAAATTCATATGCGTTTGCTGCAAAACTTTACTATTCGTATGGTCATGCTGACGATACTGGGACTTTTTTGTCTACTCTGGTCGGGGGTGGGGTTATACAGCGTCCATGCTTTATCCGAAGTTTCGGAAGGAAATGATATTGACCGGCATCTTGTGCGGCAAATGACGGTGCTAAGCCAGGGTAACGATCAATATTTCCGCTTTGTTACCCGCCTTAGCCGCGCGATGGATGTAAAAATCGGCGGCGGCACGCCCGATTTTGCGCCCGCCCGGCAGTCGCTCGAGAATATGCGTCAGAAGCTGGAGGAGATGAAAGCGCTATCGCCAGGGCCGATGAACCCTGATATCTCAAGGGAGGTCTTGTCCAACTGGCAGGCCTTGCTGGAGAAAGGCGTCGTTCCTCAAATGCAACTGGCGCAGCAAGGATCGCTGACCGCCTGGAGCGAACATGCCAGTACGGTCACGCCCGCACTCAGTCGCGCGTTCGGCGCCAGCGCGGAACGGTTTAGTCATGAAGCTGGCGCCATGCTGGATAACACACGTGTGATGGTCGATGGTAAAACCTATACCATCCGCATCCTGCTTATCACGGCGGTGATTCTGGGCATTGCTATCCTGATTTTTACCGATCGCTATCTGGTTGCAATGATGGTGAAACCGCTGGAGCGCATCCGTCAGCAGTTTCAGCGCATCGCGCAAGGCGATCTTAGCCAGCCGATTGAAGCGTTGGGGCGTAACTGCGTAGGCCGGTTGGTGCCGCTACTACGCGCGATGCAGGACAGTTTACGCGAAGCCGTGAGTACGATCCGCGCCGGAAGCGACAATATCTGGCGCGGCGCGACGGAAATTTCTACCGGTAATAACGATCTCTCTTCCCGAACGGAAGAACAGGCCGCCGCGCTGGAAGAAACTGCCGCCAGCATGGAACAGCTTACCGCAACGGTGAAAATGAACGCCGAACACGCTCGCCAGGCGAGTCAGCTTGCGGATGCCGCCTCGCTAACGGCAGGAAAAGGCGGTGAACTGGTTTCCGATGTGGTAGAAACAATGAACGGTATTTCCGCCAGTTCGCAGCAGATCGCCGAAATTACTACCGTGATTAATAGTATTGCTTTCCAGACCAATATTCTGGCCTTGAACGCAGCGGTAGAAGCGGCCAGAGCGGGCGAGCAGGGACGCGGCTTCGCGGTGGTCGCCGGTGAGGTACGTAACCTGGCCAGCCGCAGCGCGGGGGCGGCGAAAGAAATTGAAGCCTTAATTGGCGAATCGGTACGTCGCGTAGCGCAGGGCGCGCAGTTGGTCCAGGAGACCGGCGCGACGATGGACGCCATCCTGCGCGGCGTCACGGAAGTGACGACGATTATGAAACAGATCGCGTCCGCCTCCGAAGAACAGAGTAAAGGTATTTCTCAGGTTGGCGTGGCGATCACGCAAATGGATAGCGTTACGCAACAAAACGCCGCGCTGGTTGAGCAGGTTTCCGCGGCGGCGGCGGCGCTGGAACGGCAGACGGAGGATTTGCAACGCTCCGTACAGCAGTTCCGGCTTTCCGCTAGTGAGCCGCAACAACGCGTAACGGCGAAAGCGGCGCCTGGCGTTCAGAGAATGGCGTCGGCTCCCGCACAGTCTACTGATGAATGGGTTTCCTTCTGATGTGAAGCAAAAAAGCGCGTAATGCGCTGGCCTTCATTTAATTAGTCGCTATATAATTTATTATATAGCGACTAAGGAGGTCAGATGAATAATCATTTTGGGAAAGGGTTAATGGCCGGGTTGCACGCGCCATATGCATATAGCGCGCATCATGCGGTGAATTTCTGTTCTGAGTATAAACGTGGCTTTGTATTGGGTTTTACACACCGTATGTTCGAAAAGACCGGCGATCGTCAACTTAGCGCGTGGGAGGCTGGAATTCTGACGCGTCGCTATGGTCTGGATAAAGAAATGGTGATGGATTTCTTTAAAGAGAATCATTCCGGGATGGCGGTTCGCTTCTTTATGGCCGGTTATCGACTCGAAGGTTGATCCAACAGGGGTATTATCTTGCTTTAATTAATTACACTATCGCCTCTTCCCTTCGTTTTACTGTTCCGTCGAAGTATTATGGCGCACATAACCATAAAAAAAGTGTGGTAAATGGCGTACCGATCGCAATAACTTCTTCGCGAACAGTGCAAAATAAAAGCCAGGTCTTCGTAACGGAATAACTATAAAATGACTGGAGATAATACTCTCATCACTTCTCACGGCATTAACCGTCGTGATTTCATGAAGCTTTGTGCAGCACTGGCCGCTACTATGGGGCTCAGTAGCAAAGCCGCCGCAGAAATGGCAGAATCGGTATCCAATCCACAGCGTCCGCCCGTTATCTGGATTGGCGCTCAGGAGTGTACCGGTTGTACCGAATCACTGCTTCGTGCTACACACCCAACCGTTGAAAACCTCGTTCTGGAGACCATCTCTCTGGAATACCACGAGGTGCTTTCCGCCGCATTCGGTCACCAGGTCGAAGAAAACAAACATAACGCTCTGGAGAAGTATAAAGGGCAATATGTTCTGGTGGTGGATGGTTCTATCCCACTAAAAGATAACGGTATCTACTGCATGGTTGCCGGCGAGCCGATCGTGGATCACATCCGCAAAGCCGCTGATGGCGCAGCCGCGATTATCGCTATCGGTTCCTGCTCGGCATGGGGCGGCGTTGCTGCGGCTGGCGTAAACCCAACCGGCGCTGTCAGTCTGCAGGAAGTCTTACCGGGCAAAACGGTTATCAATATTCCAGGTTGTCCGCCAAACCCGCATAACTTCCTGGCGACCGTCGCGCATATCATCACTTACGGCACGCCGCCGAAGCTGGATGCGAAAAATCGTCCAACCTTTGCCTATGGCCGTCTGATTCATGAGCATTGCGAACGTCGTCCACACTTCGACGCAGGCCGTTTTGCCAAAGAATTTGGCGACGAAGGCCACCGTCAGGGCTGGTGTCTCTACCATCTTGGCTGTAAAGGGCCGGAAACCTGGGGCAACTGTTCTACGTTACAGTTCTGTGACGTTGGCGGCGTCTGGCCAGTGGCGATCGGTCATCCTTGCTATGGCTGTAACGAAGAAGGTATCGGCTTCCATAAGGGCATTCACCAGCTTGCTCATGTCGAAAACCAAACTCCGCGTTCAGAGAAACCTGACGTCAATATGAAAGAAGGCGGCAATATCTCTGCGGGCGCTGTCGGTCTGCTTGGCGGCGTAGTCGGTCTGGTTGCCGGCGTCAGCGTGATGGCGGTACGTGAACTGGGGCGTCAGCAAAAGAAAGATAACGCTGACTCACGGGGAGAATAACCGTGAACAGACGTGACTTTATTAAAGCAGCCTCCGGTGGAGCATTGCTGTTGGGCGCCGCGCCGTCTGTCAGCCATGCGGCTGCAGAAAACCGTCCGCCGATTCCAGGTTCGCTGGGTATGCTGTATGACTCCACTCTGTGCGTGGGCTGTCAGGCCTGCGTCACAAAGTGTCAGGATATCAACTTCCCGGCGCGTAACCCGGAAGGGGAGCAGACCTGGTCGAACAACGACAAGCTGTCGCCGTATACCAATAACATTATTCAGGTATGGCGTAGCGGTACGGGCGTGAACAAAGATCAGGAAGAGAACGGCTATGCCTACATCAAGAAACAGTGTATGCACTGCGTCGATCCTAACTGCGTTTCCGTTTGCCCGGTGTCGGCGCTGAAAAAAGATCCGAAAACCGGCATCGTCCACTATGACAAAGATGTCTGCACCGGCTGCCGTTACTGTATGGTTGCCTGCCCGTACAACGTACCTAAGTACGACTACAACAACCCGTTTGGCGCGCTTCACAAGTGTGAGTTGTGTAACCAGAAAGGCGTTGAGCGTCTGGATAAAGGCGGTTTGCCTGGGTGTGTGGAAGTTTGTCCGGCAGGGGCCGTCATTTTCGGTACTCGTGAAGAGCTGATGGCGGAAGCGAAAAAACGTCTGGCCCTCAAACCAGGCAGTGAATATCACTATCCGCGCCAGACGTTGAAAACGGACGACACCTATCTGCATACGGTGCCTAAATACTACCC
NZ_CP041005.1_gap19	607025	608162	1137	GACACCGTCGACAGAGTGGTGGTGCTCCAGCATCAAACGCTCAATCTCCTTGTACAGATGAATGCCACTGACAAAATCGTTGGGGTCATGGCGAACTGGAAACAGCAATTAGGCGACGGCTATGCGCGTCTGGCGCCGGAACTGGCGCAAAAAGCCTCGCTGGGCGATCTAACGCACGTTGATCCTGAAAAACTGGTGGCGCTGCGCCCGCAGGTGGTGTTTGTCACGAATTACGCTCCGCAGGAGATGATCGACAAGATCAGCCGTCTTGGCATTCCGGTAGTGGCGATTTCGCTGCGCCATGATATTGCTGGCGAGCAGGCTAAAATGAACCCGACCCTGGCCGATGAAGAGCAGGCTTATAATCGCGGGCTGCGTGAAGGAATAACGCTGATTGGCGATATCGTCAATAAACCGCAAGAGGCGAAAGCGCTGATTGAGGCGATGGATAAAGGTCGCAAGATGGTCAGCGACCGTTTGCAGTCGGTCCCTGAAAATGAGCGAGTTCGCGCCTATATGGCGAATCCGGAGCTGACCACCTACGGTTCCGGTAAATACACCGGTCTGATGATGGCCCATGCGGGGGCGCTGAATGTAGCGGCATCCTCGGTGAAAGGCTTTAAGCAGGTGACAATGGAGCAGGTGATCGCCTGGGATCCACAGGTGATCTTTGTCCAGAATCGCTATCCAAAGGTCGTCAATGAGATCCTGCACAATCCCCAGTGGCAGGTCATTGACGCGGTGAAGCATCATCGGGTTTACCTGATGCCGGATTATGCCAAAGCCTGGGGATATCCGATGCCGGAGGCGGTGGGAATCGGCGAACTGTGGATGGCGAAAAAACTCTATCCGGAAAAATTCCACGATATTGACATGCAAAAGGCCGCTAACGACTGGTATCAACGTTTTTACCGTACTGACTATCAGGGCGTACAATAATGCGAATACTGGCTGCGGGGAGCTTGCGCGTCGTCTGGCCGCAGCTAATGGCGGCGTTTCAGGCGGATGCGGTATGTGATTTCGGTCCGGCGGGGCTGTTACGTGAACGCATCGAAGCGGGCGAAGCGTGCGACTTTTTTGCTTCGGCGAACCTGGCGCATCCGCAGGCGCTGCTGGAAAGCGGGCGGGCGCTGCGGG
NZ_CP041005.1_gap20	747633	752215	4582	GATTGTGACGCTTCGCGATATCGACGTAGGAGGCAACGGCTTTTTGCGCCTGTTCGCCGCTGTAACGTGTGAAGCGGCTGAACAAGGTATTCCGCGCGCCTGCGGGTTTGGCCCCGTTCAGGTATTTACCGGTTAATGTGCCAAACGCCAGACAGGAGTAGGCGAGCAATTCAACACCTTCATACTGGCTGACTTCCGCCAGCCCGACCTCGTAGCTGCGGTTTAACAGGCTATAGGGGTTCTGGATCGTGACAATACGCGGCAGGTCATGTTTTTCCGCCAGATGCAGATAGCGCATAACGCCAAACGCTGTCTCATTTGAAACGCCAATATAACGAATCTTACCCGCTCGCTGAAACTCACTTAGCGCGTCTAACGTCTCCAGCAGACTTACTACTGGCGTGGAGTCCGTCCAGTTATAGCCGAGTTTACCGAAGCAGTTAGTGGGGCGCTGCGGCCAGTGCACCTGATACAAATCCAGATAGTCGGTCTGCAATCGGGTCAAACTGTCGTGTAGCGCTTCGCGAATATTTTTACGATCCAGCGCCTGATGAGGCCGGATGCCTTGATCATTATTACGTGCCGGTCCGCTAACTTTGCTGGCGATGATCAGTTTTTCACGGTTGCCGCGTTTGGCGAGCCAGTTACCGATATAGGACTCCGTCAGCCCTTGTGTTTCCGGGCGCGGCGGTACCGGATACATCTCGGCGGCGTCGATAAGGTTAATGCCATTTGCGATGGCATAGTCGAGCTGTGCGTGAGCGTCGGCTTCGCTGTTTTGTTCACCAAATGTCATTGTGCCCAGCCCTAGCGTACTTACTTCGAGCGAGCTGTGGGGTATACGGTGATAGTGCATAGCCGTTTCCTTTTTATTATGAAGTCAGAAATTCCCGACAAAGGACAATAAAAATGGCAGAGGGAAGGCAAAAGGGAAAGTAAAATTGCAGGCTGCGCGGCGTAATTGTTACCGGGCGTGGTCGCCACGCACCGTTACGGGACGCAGCCTGAAGGCTTGCAGAACGCTGACCTCGATCACAGGCCACCGCTTAACGTTCGATGATTTGGGATACTTCGTCACGGTTGATTTGCATCTCGTTTCCCTGTGCATCGGTATAGCTGACCAGACCGGTATCATCGTCAACTTGTGGTTTTCCATCGGTCAGGATCATACGACCATCTTTCGTCGCCATTACATAATCGCTGCTGCATCCGGATACCGCAAAAGCCAACCCTACTGCGGAAATTACAACTGCCCACTTTTTCATCCGTTTGTCCTCACATAGCCTGCATCTGATAATAGTCTGTTAATCATATGTCTGATAATAGTCTAGTAATAACGCGCAGCTCTGCATGTCGGAAGCAGCAAAATCTTAATCTGTGAGAAGAAAGGAAATAAAGTGAGTATTCGCTCCCCGGCGGGGGAGCGAGACAGGATTACAGCGGATTCTTTTTATTACGCAACAGGTTCAGGCTCTCTACTGCGATAGAGAAGAACATGGCGAAATAGATATAACCTTTCGGAACGTGAACGTCGAAACTTTCCAGAATCAGGGTAAAGCCAACCAGGATCAGAAAGGAGAGCGCCAGCATTTTTACCGACGGATGACGATCGACAAACTCGCCGATGGGCCGTGCCGCAAACATCATGACGCCCACGGCAATAACGACTGCCGCCATCATAATAAACAGATGATCGGAGAGGCCAACCGCTGTGATAACTGAATCAAGGCTGAAAATAATATCCAGCAGCATAATCTGCACTATTGCGCCCAGGAAAGAAGAAACCCGGGTTTTTAACCCTTCTTCTTCGCCTTCGATGGACTCATGGATCTCCTTGCTGGCTTTCCAGATTAAAAATAACCCGCCCAGTAACAGAATGAGATCACGGGCGGAAATCGCTTCGCCGAAAAGCTCAAACAGCGGATTAGTCAGCCGAGTGACCCAGGCGATTGACGCCAGCAGCGCCAGGCGCATAACCATCGCCGCCGCCAACCCAAGCCGCCGTGCGTGGTTTCGTTGCGCCGTGGGAAGTTTTGCTACCACCAGAGAAAGAAAAATAATGTTGTCGATCCCAAGTACAATCTCCAGCAGCGTCAGCGTACCGAGCGCCAGCCAGGCATTAGGATCGGTTATCCATGCAAATAACATCGAACAAAGTCCTGCCAAAAAAAGAAGCGGTAATTATAGGCCCGTCGAGTGACGGGCGAAAGCCCAGGCTGAATTTGCGCAACCAGGAACGGTGTAAAATAGCGGCGACAATACGCTTACGTTTATCGAGCGTCGGTCCGACGCGTAGCCATAGCGGAGGCGCATTTGCGTGTAATGGACGTTACGGATTCTGCAATAAAAAATGGCGAGCCAGCAGCGCCTGCGTAAAATTTTTTTTCAGATAAAATCCACGCGGTAGCGTCAAAATAGGTTCCCCGCGCGCGCCGATAGCCTCGGTGAGCGCCCTGGCATTGGCGGCTTTGGGTCGCAGTTGCAAGACTTCGCCATGACGGGCGGTAATGCGTTCCACCTGGCCCAGCACTATCATGTCCATCAGCTCTTCCCAGTCGAGGCGTAGCTGCCTGTCCTCTTCTTCACTCGGACTCCAGAGTAACGGCGAACCTACGCGGCGTTCGGCTAACGGTATGCTGCGATCGCCTTCGACCGGCACCCATAGCACGCGCTTCAATTTATGCCGTACGTGACTTGTCTCCCAGGTCACGCCGCTGTTACCGGTTAACGGCGCCACGCAAACAAAGGTTGTTTCCAGAGGACGACCCAGACTATCCACCGGGATGGTTTTCAGTTCTACGCCTAACGCGGCGAAATCCTGCTCCGGCTTGCTCCCGGCGCTGGCGCCGAGCCAGATCTCCAGCAAGACACCGATCCAGCCTTTGTCTCGCTTCAAATCTTTAGGCGTGGTAATGCCGGCCATCGCCGCCAGCTCGCCTAACGTATAGCCGGAAAGCTGCCGCGCCTGGGCTAACAGCAATGCTTCCGAAGCAGGCGGAGTCAGTAGCGGACAAAGAGCGGACATTACCATTACCTTAGATTAAAAAATGAGCAGTGATTTTATACCGTATGGGCAGAGTTTATCTTTTTCTGTGTCTTATATTCAATAGACTGATTTTTATTGCCTTTTTTGTGTTGTTTCTTCGTGTTGCGCAACGCTGAAGCGGGTTTTCCAATTCTGGTCACTGACAATAAACAGGATCTTACACTATGTTATCCACAGAAAGTTGGGATAACTGTGTAAAACCGCCACTACTGTTTCCATTTACAGCCTTGACGTGCGACGAAAATCGAAAATTCAGACAAATAGTGCGTAAGTTATTGGCACAATCTGTGGATAAAACCGACGCTGGTTGATCTTTCATCAGCATAAGGATCTTAGATGTGATGCTGGTCACGCTTTATGAAGGTAGCATGTAAGATTTGTCTATAACGCAATGAATATAAGGCACTATTTTTACTGTCTCCAGCATGAGGAATTCAGACTGTTCTGGGTTTTCCCGTGGTAATTCCATACTTCTTCACAACTATATCCACAGAAAAGGTGAATAAAATGGCGCAAGGGCGTCATCATCTGTTTATAACTCGGCTATTTACTGTGAGTTATTCAATTGTTATTAGGCTGTGTCACTATTACAGAGTGGTTTACCGCCTCACTGGAGTATGAAACAATCGTTCATATATAAGGTTTATGTTGAGGTAGTCCGGTGATTGATGACGATGGCTACCGCCCAAATGTAGGTATCGTAATTTGTAATCGTCAGGGGCAGGTGATGTGGGCCCGGCGATTTGGTCAGCACTCCTGGCAGTTCCCGCAGGGCGGGATAAATCCAGGGGAGTCGGCAGAACAGGCGATGTACCGGGAACTGTTTGAAGAAGTTGGGTTAAGCCGTAAAGATGTGCGGATCCTTGCTTCTACTCGCAACTGGTTGCGTTACAAGTTACCAAAACGTTTGGTGCGTTGGGACACAAAGCCGGTATGTATCGGCCAGAAACAAAAGTGGTTTCTTTTGCAGTTAATGAGCGCCGACGCCGAAATCAATATGCAAACCAGCAGTACGCCGGAGTTTGACGGCTGGCGCTGGGTAAGTTACTGGTATCCGGTTCGACAAGTGGTGTCATTTAAACGCGATGTCTACCGCAGGGTAATGAAAGAGTTTGCAAGTGTTGTCATGGCGCTTCAGGATAATCCCCCTAAGCTACAAAGCGCGCCTGCTTATCGACGTAAAAGAGGTTAAGCCACGCAAATTATGCTCACTCGCCTGCGCGAAATAGTCGAAAAAGTGGCCAGTGCGCCGCGTCTGAACGAGGCGCTGAATATTCTGGTCACGGATATCTGTCTTGCGATGGATACAGAGGTTTGCTCGGTTTACCTGGCCGATCATGACCGACGCTGTTATTACCTGATGGCGACGCGGGGGTTGAAAAAACCGCGTGGTCGAACCGTTGCGCTTGCGTTTGATGAGGGGATCGTCGGTCTGGTGGGCAGACTGGCGGAACCCATTAACCTTGCCGATGCGCAAAAACATCCCAGCTTTAAATACATTCCTTCGGTAAAAGAGGAGCGTTTTCGCGCGTTTCT
NZ_CP041005.1_gap21	755814	757111	1297	CGGCGATTTTGTCTGGACCGGCGGCGACACGCACCTGTACAGCAACCATATGGAGCAGACGCACCTGCAATTAAGCCGTGAACCGCGCGCGCTGCCGAAATTGGTCATTAAGCGTAAACCCGATTCGCTTTTTGACTACCGGTTCGATGATTTCGAAATTGAAGGCTATGATCCGCACCCCGGTATTAAAGCGCCGGTCGCTATCTAAGCGCTGACGATCCTGCCATAACCGACGTCATCGCGCGTCGGTTTTTTTTACCCTTCGTCTCAATCTTCGGCGCGCATTCCTGAAATTTTGCAACGCGCTGCAAGACATGAACTTTTTTCCGTAACGCGCCGAACAATCTGTATTTGGCGCTCGTTATTTTTCTTCCGCCCGCCATACTGCCGACATGAAAAAACAACAGGGCTATACGCTCATTGAAACGGTGGTCGCGATGTCGCTCATTATCATTCTCAGCGCCACAGGACTTTATGGCTGGCAACGCTGGCAGCAGCAACAGCGCCTGTGGCAAACCGCATGTCAGGTGCGGGATTACCTGCTGCAACTTCGTGGGGACGCTCACTGGCATAACCGCGATCACATTCTTCGCGTGGTCAGCGAAGGCGGTTCATGGTGCTTTGTCAGCTCTGTTGCTACGCAAACATCGTGTACGCCATCTTCCCCCTTTGTGTTTACGCCCGACTGGCGTGATGTCGTCCTTGCCGATATCACGCCGTCGTTAGCCTTCTTTGGCTTGCGCAATACGGCATGGGCAGGGCACATCGTACTGAAAAACGCTGCCGGAGAGTGGCGTCTGGTCGTCTCCTCCTGGGGGCGAATCAGGCTATGCGAGCGTAACGAGGCCGCCACGTGTCAATAACCACGCGGGGGTTCTCGCTACTGGAGGTTGTGCTGGCGATGGCGATCGGTTCCATTTTACTGCTTGGGTCCGCACGATTTTTACCGGCGCTACAACGCGAGATCTGGCACAACACGCGACAGTTATCGCTGGAAGATGAAATCTGGCAGCGAACCTATACCGTAGCGAAGCATCTTCAACGTGCGGGTTACTGTCATGGCCACTGCATTGGCGAAGGGTTACATCTTGCCGAACAGGGGCAATGCGTCATCGTTCAGTGGGACGGGAATAATAACGGGGTCTGGGATACCATACCGGCGAAAGAGGCCGACCAGACCGGGTTCCGTATGAAGGATAACGTTCTGGAGACATTACGCGGAGCAACATCTTGCCAGGGTAAGGGATGGGAAAAAATGACCGATCCCAATACGGTACTCATCACGGCGTTTACCGTT
NZ_CP041005.1_gap22	799938	801540	1602	TCGCGCCGATTATGGGCTGGCTGACGCACGAAGTGGGCTGGTCGCATGTCTTCTTCTTTATGGGCGGGTTAGGGATCATCATCAGCTTTATCTGGTTGAAAGTTATCCATGAACCAAATAACCATCCGGGCGTAAATAAGAAAGAGTTGGAGTACATCGCAGAAGGCGGCGCGCTGATCAATATGGATCAGAAAGACACCAAAGCGAAAGTACCGTTTAGCGTCAAATGGGGCCAGATCAAACAGCTGCTGGGCTCTCGTATGATGATTGGCGTTTACATCGGTCAGTACTGTATTAACGCATTGACCTATTTCTTTATTACCTGGTTCCCGGTCTATTTGGTCCAGGCGCGCGGCATGTCGATTCTCAAAGCGGGCTTTGTCGCCTCGGTTCCTGCGGTCTGCGGCTTTATCGGCGGCGTGTTGGGCGGCATCATTTCCGACTGGCTGATGCGTCGTACCGGCTCCCTGAATATCGCGCGCAAGACGCCGATTGTGCTGGGGATGTTGCTGTCAATGGTCATGGTGTTCTGTAACTATGTGAACGTGGAATGGATGATCATCGGCTTTATGGCGTTGGCCTTCTTCGGTAAAGGTATCGGCGCGTTGGGCTGGGCAGTAATGGCGGATACCGCGCCGAAAGAGATCAGCGGTCTTTCCGGCGGCTTGTTTAATATGTTCGGCAATATTTCCGGTATTGTGACGCCAATCGCGATTGGTTACATCGTTGGCACCACCGGTTCCTTCAACGGCGCGTTGATCTATGTCGGCGTACATGCCCTGGTGGCCATCATCAGCTATCTGGTGCTGGTAGGCGATATTAAGCGTATTGAACTGAAACCTGTCGCAGGACAATTATCATGACAACGCAATCCAGTCCCGTTATTACGGACATGAAGGTCATTCCGGTTGCCGGACATGACAGTATGCTACTCAACATCGGCGGCGCGCATAACGCGTACTTCACCCGTAACATCGTCATCCTCACCGATAACGCCGGGCATACTGGCGTCGGCGAGGCGCCGGGCGGAGAAGTGATTTATCAGACGCTGGTCGATGCTATTCCGATGGTATTAGGCCAGGAAGTCGCCCGCCTGAACAAAGTGGTGCAGCAGGTGCATAAAGGCAACCAGGCTGCTGATTTTGACACCTTTGGTAAAGGCGCATGGACGTTTGAACTGCGGGTTAACGCGGTGGCAGCTTTGGAAGCGGCGCTGCTTGATCTACTGGGGCAGGCGCTTAATGTGCCGGTCTGTGAACTGTTAGGACCCGGTAAACAGCGCGATGCCGTCACCGTGTTGGGCTATCTCTTCTATATTGGCGATCGCACTAAAACCGATCTGCCGTATCTGGAAAGCACGCCGGGCAGTCATGAATGGTATCGCCTGCGTCATCAGGAAGCGCTGGACAGCGACGCGGTCGTGCGGCTGGCGGAAGCGTCTCAGGATCGCTACGGCTTTAAAGATTTTAAACTCAAGGGCGGCGTGCTGCCGGGCGAACAAGAGATTGATACTGTTCGCGCGCTAAAAAAACGCTTCCCGGACGCGCGTATTACCGTGGATCCGAACGGCGCCTGGCTACTGGATGAAGCCATTGCGTTGTG
NZ_CP041005.1_gap23	805190	810118	4928	ACTTCTCTTCTTCTATCGGTTTAGCCAGATAGTCGTTCATGCCCGCGCTGAGCAACTTCTCTTTTTGCCCGGCCATCGCATGTGCCGTAACGGCAATAACCGGTGTTTGCTGCTGATGAGGAAGCTGGTGAATCAATTCGCAGGCGCGTATGCCGTCCATATCCGGCATCTGAATATCCATCAAAATCAGATCAAACTGCATTTGTTTCGCCCGATCCACCGCCTGATGTCCGCTATCACAAAGCTCTACGTGCTGGACTTTATCTTCCAGTAACGCGCCGATAAGCTTCAGATTAGCGGGATTATCATCAACCGCCATAACCGTCATGGTGATTTTACTGGTATCCATTAGCAGCGGTTCAGGATGGTGATTCAACTGGCAATATTCCGTCAGCGCTGGCAACAGGCGCGTTGACGTCAATGGTTTTAACAGACAGGCCGCCGCGCCTCCTTGTTTCAGCTTTTCGGCGTTAATTTGCGCATGGCAAGGTAGCGCCAGCAGTAGAAAGTCCGTCATTGACGCTGCTTTCGCCAGACGTTCATGCTGCATGGTGAGCGGCTCGCGGAAGGTCACCGGAACGCTCAAAATCATAATATCGTAGTGCGCTAACGGCAGCGCGGAGAAGGTCGGGCTGTAAACCACCTCCACCGGCGTGTCGCTCAGTAGATCCAGGGTACATTGCGCGGCGGTAGCATTCGGTTCGACATAAGCCAGCCGTTTCCCGGCCAGACACGCGGTCGACGGCCCGTCAATAATGACATTTGGGTTAAGATCAAGATTAATATGAAACCAGAAGGTCGAGCCGCGATTAGGCTGGCTGTGGAAAGAGATATCCCCGCCCATTTCGTTGACCAGCTTTTGCGTAATCACCAGCCCAAGCCCGGTGCCGCCGTGACGGCGAGAAATACTGGCATCGGCCTGGCGAAACGCCTGAAACAGTCGCGACTGGTCGCGTTCCGGAATGCCGATCCCCGTATCGCGGATCTGCACTTCAATCTGTACTTTGGTGTTACTGAGCGCCCGCTTTTCTACCAGAATGTCGATATTGCCACTCTCGGTGAACTTAATGGCATTACCCACCAGATTAGTAATGACCTGTTGCAGGCGCAGCGGGTCGCCAATCACATTATCCGGGACGTCGTTTTTAATATTTAACGTCAACTCCAGCCCTTTATCATGCGACGAGTGAGCCAGCAGCGTAACCACTTCATCCAGCGTATTACGCAGTGGAAAAGGGATACTTTCCAGAATGAGCTTACCGGCTTCCAGCTTGGAGAAATCAAGCACGTCATTAATGATCGCCAGCAGATTATTCGCGGAACGCTCAATGGTGTTCAGATGGTCGCGCTGGGTGGGATTCAGCTCCGTTTTTAATGTCAGGCGGGTAAAGCCAATGACGCCGTTCAGCGGCGTTCGCAGTTCGTGCGACATGTTCGCCAGGAACTCCGACTTAATACGCGCCGCTTCCTGGGCACGCTTTTTCGCCAGATCCAGCTCAACGTTTTGGATTTCCATCTGCTCAAGGGTTTCACGCAGGTCCGAAGTGGCCTGATCGATATTATGCTGCATCTCTTCGTGATAGGCGGCAAGCGACATCGCCATGGAATTAATGCCGTTTTTCAGCATATCCAGTTCGCCCAGCATAAATCCTTCCACCCGGCTATCCAGTTGTCCGCGGCGAATGCGGTCAACGGTATTCACCATATTACGGATAGGCCCGGTGACATCGCGCATAAGCCGCCAGCCAAAGATCAGCGCAATGCCAATACAAAAAAGCATCATCACGCTGGAGATAAAAATCTCTTTGTATTGCTGTAGCCTGACCGACTTGAGATCCAGTTCAAGCGCCACATACCCCAGCATATTTTTGGTATTTTTCGCGTCAGCAATCGCTGACTCGTCCGGCGAATAGCTCTCCGAGATAATTGGGGTGCGCAGAATCATAATATCGCCGTGGCGATCAACGCTCAGACGACGTGGAAACGGCGCTCCGGCGGGAAGCTGCATCTGTGAGGGGTCCAGATGGAAATTAGACGTTACAAACAGACGGTTATGATCGTCATAAACGGAAATCGCCCGCACAATATCAGAGTGTCTGCGGTGCAGGACGCTGATAAGTTGGCCGATAGACTCCCGGTTTTGTAAGTTCATACCATATTCGCTGGAGACGGCGAGCGGTTCAATAATACTGGCGCCGGCATCTTCCAGTTGACGCTGCAGGTCGTTATAGCGGTGCACTACAAAAAAGATACTGAGCAGCAAACCTATCAGGACGGTCGGGGCCAGGATCAGAATCATCATGCGTGCGCGCAGGCTGTAGTTGGTCATGGAGTTCCGTTATGGGACAATTAGGGTCACACTGTTAAATTGAGAAAAAGCTGGTCGATGGCGCAATTCTACTCTGCAAAACGGCGCGTGACGACGCGTCAGATCATAACCGTTAAAGTCAATGACCTCGATTCATTTGGTCAGGGCGTAGCCCGTCATAACGGAAAAGCGCTGTTTATCCCCGGTTTATTGCCTGAGGAAAGCGCAGAAGTCATTATTACAGAAGATAAAAAGCAATTTGCCCGCGCACGCGTTTCGCGCCGTTTGAATGATAGCCCGGAACGAGAAACGCCGCGCTGCCCGCATTTTGGCGTCTGCGGCGGTTGTCAGCAACAGCATGTCAGCATCGCCCTGCAACAACGCAGCAAAAGCGCGGCGCTGGCGCGTTTGATGAAACACGAGGTGAATGACATCATCGCCGGCGCGCCTTGGGGTTATCGGCGTCGTGCGCGGTTAAGTCTGAATTGCCCGCCGGATAAACCGCTGCAAATGGGATTTCGCAAAGCGGGTTCCAGCGATATCGTCAATGTCGAACAGTGCCCCGTTTTGGCGCCCCAGCTTGCAGCATTGCTGCCCCGAATCAGGGCGTGTCTGGCGAGTTTACACGGCACCCGACATCTTGGGCATGTTGAGCTGGTACAGGCGGGAAGCGGTACGCTGATGATTCTGCGCCATACCGCGCCATTAAGTGCGGCGGATAAAGAAAAACTGGAACGCTTTTCGCATTCTGAGGGATTGTCTCTGTTTCTGGCGCCGTTTAGCGAGATACTGGAAACGGTATCTGGCGAGGCGCCCTGGTATGATTCGCACGGCTTACGTTTAGCCTTCAGTCCGCGAGACTTTATTCAGGTTAATGAGGCGGTAAACCAGCAAATGGTCGCCCGCGCGCTGGAGTGGCTTGATGTGCGCGCCGAGGATCGTGTCCTGGATCTGTTCTGCGGAATGGGGAATTTTACGCTGCCGCTGGCAACGCGCGCGGCAAGCGTGATTGGGGTTGAGGGCGTTCCGGCGCTGGTAGAAAAAGGCCGTGAAAACGCCATCCGCAATGGTTTACATAATGTGACATTCTTCCATGAGAACCTGGAGGAAGATGTCACGAAGCAGCCGTGGGCGAAAAACGGCTTTGACAAAGTCTTACTCGATCCTGCGCGTGCGGGGGCTACAGGAGTGATGCGACATATTATAAAATTAAAACCTATTCGCATTGTTTATGTATCCTGTAACCCGGCGACGCTGGCGCGCGATAGTGAAGCGCTGGTCAATGCGGGATATGAGGTTACGCGTTTAGCGATGCTCGACATGTTCCCGCACACAGGACATCTGGAATCAATGGTTCTGTTCGAGCGCATGTAATGATTACCGGCTTACCGACTTCGGTAGGCCTGGTCCCTTAAGGAGAGGACGATGGTCGCGGTAAGAAGTGCACATATTAATAAAGCTGGTGAATTTGATCCGAAGAAGTGGATCGCAAGCCTGGGAATTTCCAGCCAGCAGTCGTGTGAGCGCTTAGCCGAAACCTGGGCGTATTGCCTGCAACAGACACAAGGACATCCGGATGCGGATCTGTTGCTGTGGCGTGGCGTGGAGATGGTAGAAATTCTTTCCACGCTGAGTATGGATATCGACACGCTGCGGGCGGCGCTACTGTTCCCTCTGGCCGACGCCAACGTAGTCAGCGAAGATGTACTGCGCGAAAGCGTCGGCAAATCTATCGTTACCCTGATTCATGGCGTGCGCGATATGGCGGCGATCCGTCAGCTAAACGCCACTCATAACGACTCTGTTTCTTCGGAGCAGGTTGATAACGTCCGTCGAATGTTATTGGCGATGGTGGATGATTTCCGCTGCGTGGTGATCAAACTGGCCGAGCGAATCGCTCATTTGCGCGAAGTGAAAGAGGCGCCGGAAGATGAGCGCGTGCTGGCGGCGAAAGAATGTACCAACATCTATGCGCCGCTCGCCAATCGTCTGGGCATCGGGCAACTGAAGTGGGAACTGGAAGACTACTGTTTCCGCTACCTGCATCCGGCGGAATACAAACGCATCGCCAAACTGCTGCATGAGCGCCGTCTCGATCGCGAACATTACATCGAAGAGTTTGTTGGACATCTGCGCGCCGAAATGAAAAACGAAGGCGTGCAGGCGGAGGTCTACGGACGACCAAAACATATTTATAGCATCTGGCGCAAAATGCAGAAAAAGCATCTGGCGTTTGATGAACTCTTTGACGTGCGCGCCGTGCGTATTGTCGCTGAACGTCTGCAGGACTGCTACGCCGCGTTGGGGATAGTGCATACGCACTATCGTCACCTGCCGGATGAATTCGATGATTATGTCGCTAACCCGAAACCGAACGGTTACCAGTCTATCCACACCGTGGTCCTGGGACCGGGCGGTAAAACCGTTGAGATCCAGATCCGTACCAAACAGATGCATGAAGACGCCGAACTGGGCGTGGCGGCACACTGGAAGTATAAAGAAGGCGCCGCGTCCGGCGGCGTGCGCTCCGGTCATGAAGACAGAATTGCGTGGCTGCGTAAGCTGATCGCCTGGCAGGAAGAGATGGCCGATTCCGGCGAAATGCTGGATGAAGTGCGCA
NZ_CP041005.1_gap24	953338	957805	4467	AATAGCATAACCTTAACAGACTGGGGAGCTCCTTAACACCCTAAGGAGCTTAAACAAAGGTAAACGCTCACTATCCGCTTAATTTACGGCTTCCTGTCGGTGAAAACCTCGCCACCAGACCAGTAAATTAAGTAAGGCTACCGTGACACCCGCCAGACAAACGCCGGCCCAGCCGGCATGTTGCCAGGCGGAGGCGGAAATCAGCGACCCCGCGGCGCCACCGATAAAGTAGCTGGTCATATAGCCGGCGGTGAGCCGGTTACGCGCATCCGGATGCAAACGATAGATGACCGTCTGATTGGTGATATGTACCCCCTGAACGGTGAGGTCCAGTACCAGAATGCCAATAATCAGCGCCAGTACCGAGGTGTGCCCAAGCCAGATAGCCAGCCAGGAGAGTAACAGCAGCAGTAAGCCGAACGTGGTGGTGAGGTGAGATTTACCTTTATCGGCAAATCCGCCAGCCGGACGCGCGCCTAAAGCGCCGGCGGCCCCCGCCAGGCCAAACAGGCCAATCATCCCCTCGGAGTAGCTAAACGGCGGCGCGGCGAGCAAAAAGGCCATTGATGTCCAGAGGATGCTGAAATTAGCAAAGGTCAGACAGCCCAGCAGTGCGCGGGTACGCAGCAGCTTATCGTGAATAAACAGGCTGAATACAGAACCCAACAGTTGCGGGTAGTTAAGATGGGTGTCGGATTTGAGCTTTGGCAGTCCGCGCCATAACGCGACGGCCATCAGCGCCATCAGCGCCGACGCTACCCAAAATACGGTGCGCCAACCGCCGAGGTTTGCCAGCAGTCCGGCGACCGTTCGCGCCAGCAGGATCCCCAGCAACAGGCCGCTCATAATGGTGCCGACCACTTTACCGCGGGTGGCGGGCGTCGCAAGTGTGGCGGCCAGCGGAACCAGAATCTGCGCCACCACGGAGAACAGTCCGGTTAAGGCCGTTCCGAGTATCATCATGCTAAGCGACTGACTGCTGGCGGTGATCAGCATTCCGCCAGCCGCCAGCAACGTCATGGAGACAATCAGCGTTCGGCGTTCAAACATGTCGCCGAGCGGCACCAGAAACAACAGGCCAGCGGCATAGCCCAACTGCGCGGCGGTAACGATAAACCCTGCGGAGCTGGCGGAAAGCGAAAAGTGATGCGCGATGGTATCAAGCAGCGGCTGGGCATAGTAGTTGCTGGCGACCGCCAGACCCGTGGCCACAGACATTAAAACGATCAGCGCCGGGCTAAGCTCATGAGTGGGTTTCGTCATTATGGTAATCGTGATTCAGATAATTATTTCCTGGGAAAACAATCATAGCGGATGTTGATGAATAAAGGGGAACGGTGACGTGATGAATCGTGCGCTTTGAGGAGAGATTGCGTTGGCCGGATAGCGGCGCATGAACTGCGCCTTATCCGGCATAAAAAACGATCTTATTTCTGCGCGGCCAGCGCTTCTTTCACCCAGCCGTCAAACTGCTGCTGGTGGGCGTTGATCCAGCCGTCTACGTGGCCCTGAACATCGGCTTCAGACGATTTACCGGCATGCATCATGGCGTTCTGCGCGTTGATATCCGCCAGCGGCAGCTTCATGATGGCGAACAGTTTCGCCGCCGCCGGATTTTTCTCCGCCCATGCCTTATTGGCGACAATATGCATGGTATTAACCGGGAACCCATAGTTCGCGCCGTTCGGCAGTTTAGTATCAATATTTTTCTGTTCGCCTGGCAGGGAGGAGAACGGCACCTGTAGCCAGACGACATCTTTACCCGGCTTCATTACATCGCTCACCCAGTACGGGGTCCAGGTGTAATACAGCACCGGCTTGCCTTCTTTAAAACGGGTAATGGTATCAGCCATCATCGCCGCATAGTTACCGTGGCTGACCTCAACGGTTTTTTGCAAATCAAACGCTTTATTCTGGTGATTGATTACGGCTTCGCAGCCCCAGCCCGGCGAGCAGCCCATCATGTCCGCTTTTCCGTCGCCATTAGTATCGAAGATTTTGGCGATTTTCGGATCTTTTAGCTGAGCGATATTGGTGATGTTGTACTGCTCGGCGGTTTTTTTATCGATCAGATAGCCCTGCGCAGCGCCGGAGACGAAGACGCCCTCGCGGTAAAACTTGTTGTCTCCGCCTGCTGCGGCATACATATCATCATGCAGCGGTTGCCAGTTCACGGCGGTAAACGTCGCATCGCCAGAGGCGATGGAGGTGTAGCCTACGTTGTAATCGACTTCACTCGGCTTATTTACGGTATAACCCAACTTTTCCAGCGCCCGACTGACCAGTAACGTCTGGAAGGTCTCTTCAGAAATCGTGCTTTGGATAGGTTGGACGGTAATGCCTTTGCCAGGCAGGTCGGCAGCGAAAGCGCTGGCGGTGACAAGGGTGGCAAACGCTGAGGCAAATATCACGGTATGTCGCATCGTTGTTCCTTTAATTATGGTAGGGAGTTGTAAGCCCGGTAAGCGCAATGTCACCGGGCGTCAGGAGAGTTACTTAACGAAAGGGCGGGTGATTAGCCCAACAGGACCGGTGGTATACCAGCGACGGTTACCGCGGCTACGCGAGTCGCGCCCGACGGCCTGCGTCAGACGGTCCAGAATGATGGCAAGAATCACAATGCCGACGCCGCCGACGGTTGCCAGCCCCATATCAAGACGACCAATGCCGCGTAGTACCATCTGGCCAAGTCCGCCGACCGCAATCATCGAGGCGATGACGACCATCGAGAGAGCCAGCATCAGCGTCTGATTAACGCCTGCCATAATGGTGGGCATCGCCAGCGGTAGTTGCACTTTGAACAACATTTGGCGCGGGCTGGCGCCGAACGAGCGCGACGCTTCAATTAAGTCGGCAGGCACCTGGTTAATGCCCAGGATCGTCAGGCGTACAATCGGCGGTAGAGCAAAAATAATCGTCACCACCACGCCCGGCACGTTACCGATGCCGAATAACATGACAATCGGCACCAGATAGACAAACGCGGGCGTGGTCTGCATCGCATCCAGCAGCGGACGAACTATTTTGGCTGCGCGCGGGCTGCGCGCCAGCCAGATTCCCATCGGTAATCCGATCACGACGCAGAACAACAGGGCGGTCAATACCAGCGCCAGGGTAATCATCGCCTGCGACCAGGCGCCGATCGCGCCGATGGCGATCAGCGATATCAGCGTCGCGATCCCCATGCCCACGCCGGAAACCTGCCAGGCAATCAGCGCAAAGAGAATAATCGCCACAGGGGCGGGCATTCCCAGCAGCAGTTGCTGAAAGCCGTTGAGGATGTAATCCACCGGCACACGAATCCCCTGAAAAAGGGGACGGAAATGGGTGACGACCCAGTCGATTCCCTCTGTGACCCAGCTATCCAGCGGGATCAGCGTCTTATGGAACGGGTCCAGAAGAGAAAAGTGTTCAGGGGCTGGCGCGGGCGCGCTGTTCAACCAGTCGGTACTGCCGCCGTCCGTGGCTACGCCTGCCGGTGTTCCCCAGGCATCAGCCGTTTGCGTCGTAGTATCGGCCACCTGTGCGGTATCCCACGGATTCGTTTGATCAGCCATTGTTACCCCCCTCGCGATCTAAAGCCTGTAGCAACATACGTTTTGAAATAATGCCAACATACTGGTGTTCTTCATCGACAACCGGCACCGCGCAGGGCGCCTGGCCGACGTGAGAGAGCAACTCGCTGAGTGGGGTTTGCGCATCAACGACTAAAGGGTCGTCGATAAGCGCCGCTTCAATCCCTTGCGCCTGGCTTAATGCCGCTTTTAATGAGTCGATGGACACGACGCCCACGAATTTATTGCCACGCTCAATGACGTAACCATATTCACGGTCTTCGTCCTGTAATAATTTCAGTGCCGAACGGGGACCGAAACCTGGCGTTTTACGAATTAATCCGACCGGGCTGCGACGGGCAATATCTTTGGCGCTAAAGACCTGACTAATATCCACGCCACGGAAGAACGTGCGGACATAATCATTTGCCGGATTATTCAGGATCTCATCCGGCGTACCAACCTGTACGACCTCGCCATTTTGCATAATGGCAATCCTGTCGCCAATACGCATAGCCTCATCAAGATCGTGGGAAATAAAGACAATGGTGCGCTGATGTTTCGCCTGTAATTTCACCAGCTCATCCTGCATTTCGGTACGAATTAATGGATCGAGGGCGGAAAACGCTTCATCCATTAATAAGATATCAGGGTTGATTGCCAGCGCGCGGGCAAGCCCAACACGCTGACGCATCCCACCGGAAAGTTCATCCGGGTAGGCGTGAGCGTAATTCTCAAGCCCCACCTGACGCAAGGCGTCCAGCGCTTTTTCGCGACGCTCTTGCGCCGCGATGCCCGCTAATTCCATACCGAATGCCGTATTATCCAGCACGGTCATATGCGGCATGAGCGCAAATGACTGGAAGACCATCGCAATCTTTTTCCTGCGCACCTCGCGAAGCTCAGCGTCTGA
NZ_CP041005.1_gap25	1049259	1052139	2880	GTACAGGTTGCCGTGGTAACTCTGCGCCGTGCGGGCGTTGGTGCCGAGAAAGTACAAGGCTGCGCCATTGGGCAGCACCATCGGATCGCCTTTCAGCTCCACATCAACCTCTTTTGCAAAGTCGATGATGTACTGCTTAAAGACGTGTGCCTGGGCCTTACTGGCAGAAAGGAAAATCTGGTTGCGTCCGGTCAGCAGGGCGTCAATCAATGCTTCACGGGCAAAATAAAACGTGGCACCAATCTGGCGCGACTTGAGCAGGTTGCGGATGCGGTTTGTTTTCCCGGCTTCAAACCAGTGACGCTGATAGTCGAACATAGAGGCGTGGAAGACTTCTTCCAGCTTTTCGATCTGTTCATCAGTGAAAACATTCTTTTCCGGCTGACGGCGTGGGCCTTTGTTGCGGTTGGCGACGTTAGGGTTTAAGTCGGCTTCGTTGCCACCATTGTTAAACTTGCCGATCCGCGCGTGGCGCTCCGACTGGCGCGCCAGCAGGTCAATTTCTTTGAAATCTTTCCCTTCTTTATGCTCCTTCATAATGAGCTGGCAGTAGCGTGCGGCGGTGGTGAGCTGCATCTGATCCAGCGGCCCATAGTCGCCCCACTTGTCGCGTTTTTTCCAGCTGTGAACGGTTGCAACTTTTTCGCCCAGCATTTCAGCAATGCGGGCTACGCGGTATCCCTGAAAGTACAGCAGCATGGCCTGCCTACGGGGATCGAGGTCTGCGGGGGTCAGTGTCGTGTTCATGGCCCAAACATACGGCCTTGGATGGCGGCTTTCCCCGGCTGCGGTTTGTGTGGTTTACCGTACAAATACAGCGCGTTGTCTCACTCCCCCTATCACCGCAAACATAAGGCTCCAGTAAGTTATTTCTAACGGAGCACGGCTCATGACAGTGAAAGCAAAGCGTTTCCGCATCGGGGTGGAAGGTGCCACCACTGACGGGCGCGAGATCCAGCGTGAATGGCTGGTACAGATGGCTGCCAGCTACAACCCGACGGTCTATACCGCGCTGATTAACCTTGAGCACATCAAGTCTTATCTGCCGGAGAGCACTTTTAACCGCTATGGCAGGGTGACGGGGCTGGTTGCAGAAGAAATCCAGGACGGCCCGCTGGCGGGCAAGATGGCACTTTATGCCGATATCGAACCCACTGACGCCCTGGTGGAACTGGTGAAAAAAGGCCAGAAGCTTTTCACCTCCATGGAGGTCAGCACGAAGTTTGCCGACACCGGCAAAGCCTACCTTGTGGGGCTGGGTGCGACGGACGATCCTGCGAGCCTTGGCACCGAAATGCTGGCTTTCAGCGCCAGCGCCGCACATAATCCGCTGGCAAACCGTAAGCAGAACCCTGAAAACCTGTTTTCGGAAGCTGTCGAAACGCTGATCGAACTGGAAGAGGTCCAGGACGAAAAGCCGTCCCTCTTTGCCCGCGTCACCGCGCTGTTCACCAAAAAAGAGCAGACCGATGAGGCGCGTTTCTCCGATGTGCATAAAGCCGTGGAACTGGTCGCCTCCGAGCAGCAGAACCTGAGCGAGCGCACTGATAAATCCCTGTCCGAACAGGACAAGCGCCTTTCTGAGCTGGAGTCCTCCCTGCAGGAACAGCTGGCCGCCTTTGCCGAGCTAGAGCAGAAGCTTAGCAGCGAAGACAGCCGTAAAGACTACCGCCAGCGCGCGCCGGGCGGTGACGCACCGGCAGGCACCCTGACCAATTGCTGATGGAGCATAAAACCCGATGAAAAAGAAAACCCGCTTTGCCTTTAACGCTTACCTGCAGCAGTTGGCGCGCCTGAACAGTGTGGAGGTTGAAGAACTCTCCAGCAAGTTTACCGTGGAGCCGTCCGTGCAGCAGACGCTGGAAGACCAGATCCAGCAGTCCGCCGCTTTCCTGACGCTGATTAACATCACGCCGGTCACTGAACAGTCAGGACAGTTGCTGGGGCTGGGCGTTGGCAGCACCATTGCCGGAACCACCGATACCACCACCAAAGAGCGCGAGCCTACCGATCCGACGCTGATGGAAGACGTGGAATACAAATGCGAACAGACCAACTTTGATACGGTGCTGACCTACGCAAAACTGGACCTGTGGGCCAAGTTCCAGGACTTCCAGGTGCGTATCCGCAACGCCATCGTCAAGCGTCAGGCGCTGGACCGCATCATGATCGGCTTTAACGGCGTGAAGCGCGCCAAAACCTCAAATCGTGCTGAAAACCCGCTGCTGCAGGACGTCAATAAAGGCTGGTTACAGAAAATCCGCGAAGACGCGCCGGATCATGTTATGGGCAGTAAAACCGCAGAAGACGGCACCACTACTGCGGAGCCGGTAAAAGTAGGTCCGGGTGGTAAGTATGTAAACCTTGACGCTGTGGTGATGGATGCCGTCAACGAGCTGATCGATGTGGAGTATCAGGATGATGATGAGCTGGTTGTTGTCTGTGGTCGTGAACTGCTGTCTGACAAGTATTTCCCGCTGGTCAACAAAGAGCAGGACAACAGCGAAAAAATTGCCGCCGATATGATCATCAGCCAGAAACGTATGGGCGGCCTGCAGGCTGTGCGTGCGCCTTTCTTCCCGGCAAATGCATTGTTAATCACCCGACTGGATAACCTGTCCATCTACTGGCAGGAAGACACCCGCCGCCGTTCTGTTATCGACAACCCGAAACGTGACCGGATTGAAAACTTTGAATCCGTTAACGAGGCGTATGTGGTCGAGGACTACCGCTGCGCGGCACTGGTGGAAAACATCGAAATGAGTGATTTCACTCCGCCTGCCGCACCTGTTGTAGCCGCAGAGTCAGGAAATGGAGAGTAACGCATGAGCCTGAGTCCCGCACGGCAGCACCGCCTGCGCATTCAGGCCGAACAGGCCG
NZ_CP041005.1_gap26	1156760	1159531	2771	GGTATGAACTGATCCGCGTTGTAAACCTCATTAAGTCTGCCCGCGTGGGCTATACCAAAATGTTGCTGGGGGTGGAAGGCTATTTCATAGAGCACAAGTCGCGCAACAGCCTGCTGTTCCAGCCGACCGACTCATCCGCTGAGGATTTTATGAAATCCCACGTGGAGCCGACTATCAGGGATGTTCCTGTATTGCTGGAGCTGGCCCCCTGGTTCGGGCGTAAACATCGTGATAACACGCTTACCCTGAAACGCTTTTCTTCCGGTGTCGGGTTCTGGTGCCTCGGCGGTGCAGCAGCCAAAAACTACCGTGAAAAATCGGTGGATGTGGTCTGCTATGACGAATTGTCATCTTTTGAGCCGGATGTCGAGAAAGAAGGTTCGCCGACGCTGCTGGGGGATAAACGTATTGAAGGTTCTGTCTGGCCTAAATCCATTCGGGGCTCCACACCAAAAGTCAAAGGGTCATGCCAGATTGAAAAGGCGGCAAATGAATCGGCGCATTTTATGCGTTTTTATGTACCGTGTCCGCATTGTGGCGAAGAACAGTACCTTAAATTCGGTGATGGCAGTACGCCGTTCGGTCTGAAATGGGAGAAAAGCAAGCCGGAGACGGTGTATTACCTTTGTGAACATAATGGATGCGTGATCCGTCAATCGGAACTTGATCAGAAAGCAGGCCGCTGGATTTGCGATAACACAGGCATGTGGACACGCGATGGACTGGCTTATTTCAGCGCGTCCGGTGAGGAGGTTCCGCCGCCACGATCCATTACCTTTCATATCTGGACGGCTTACAGTCCCTTTACCACCTGGATACAGATTATTTATGACTGGCTGGATGCGCTGAAAGATCCAAATGGTGTGAAAACCTTTATAAACACCACGTTGGGCGAGCCTTATGAAGAGGCGGTGGCCGAAAAACTCAGCCATGAGCTTTTGCTGGAAAAAGTGATTCATTATGCGGCGCCGGTTCCGGAGCGGGTGGTGTATCTGACCGCTGGTATCGACTCCCAGCGTAACCGTTATGAAATGTATGTCTGGGGCTGGGCGCCGGGCGAAGAGGCTTTCCTTATTGATAAGCAAATTATCATGGGACGGCATGATGATGAAGATACCCTGCAGCGTGTGGATGCCGTCATTAATAAAAAATATCGTCATGCTGACGGGACGGATATTTCCATTTCCCGTATCTGCTGGGATATCGGCGGTATCGATGCAGAAATCGTCTATAAACGCTCAAAAAAACACGGCATTTTCCGCGTGCTGCCTGTCAAAGGGGCCTCCGTTTACGGAAAACCCGTTATTACCATGCCTAAAAAACGCAACCAGAGCGGGGTATTCCTGTGCGAAATCGGTACTGATACTGCCAAAGAAATGCTTTACGCCAGAATGGGGGCGGTTACTGCGCCTGCCGACGAAGCCACGCCTTATGCGATCCGCTTTCCGGATAATCCGGATGTTTTTACGGAGGTGGAAGCGAAGCAACTGGTAGCCGAAGAGCTGGTGGAGAAACTGGTTAACGGAAAATTCCGGCTGTTATGGGATGCCAAAGGACGTCGTAACGAAGCGCTGGATTGTCTTGTCTATGCCAGTGCAGCGTTACGGGTGTCTGTGCAGCGCTGGCAACTGGATCTGGAGGCGCTGGCGACATCAAGGAAAAGCGAAGAGCAGGATACCCCGACACTTGAACAACTGGCCGCAATGCTGGCAGGAGGAGTTAATGGCAACAATCACTGAGCTACAGGAAGCCCGCGTCGCGCTGCATGACCTGATGACGGGAAAACGGGTGGCGACGGTTCAGAAAGACGGGCGACGGGTTGAATTTACCGCGACATCGGTAGGGGATCTGAAAAAATATGTCGCGGAACTTGAGGCGTCACTGTGCAATGGTCGCCGCCGGGCACCTGTGGGGGTGAGACTGTGAAGCGCACCCCGGTTCTGGTGGATGTTCACGGCACGCCGCTGCGGGAAAGTCTGGGATACACCGGCGGGGGGATCGGTTTCGGCGGACAGATGGCTGACTGGATGCCCCCGGCGGAAAGCGTGGATGCCGCGCTGCTGCCTTCGTTGCGCCTCGGCAATGCGCGGGCTGATGATCTGGTCCGTAATAATGGTATTGCAGCAAATGCGGTGGCGCTGCACAAGGATCATATTGTCGGACACCTGTTTCTTATCAGCTATCGTCCAAACTGGCGCTATCTTGGTATGCGTGAGAGCGCAGCGAAGAGTTTTGTGGATGAGGTTGAAGCTGCATGGACAGAATATTGCGATGGTATTTTTGGCGAAATGGATGCCGAGGGGAAGCGTACTTTTACAGAGTTCATCCGTGAAGGCGTGGGCGTTCACGCCTTTAATGGTGAAATTTTTCTCCAGCCTGTCTGGGACGCTGAAACCACGCAGGTTTTCCGTACCCGATTCAAGGCTGTCAGTCCGAAACGGGTGGACACGCCGGGGTATGCCCGCGGAAACCGCCAGCTTCGCGCAGGAGTGGAAACGGACCGGAATGGAAAAGCCCTCGCCTATCATGTCTGTGATGATGACTGGCCGGTGGCTGGTGGGGAACGCTGGACCCGTATTCCTCGTTTTCTGCCGTCCGGACGACCCGCGATGTTACATATTTTCGAGCCGGTTGAGGACGGACAGACGCGCGGTGCCAATCAGTTTTACAGTGTGATGGAGCGGCTGAAGATGCTTGATACCCTGCAGGCAACGCAGCTTCAGTCCGCGATTGTCAAAGCCATGTACGCCGCCACGATCGAAAGCGAACTC
NZ_CP041005.1_gap27	1184527	1187500	2973	AGAAAGGGCAATTTTGTAAATCTAATTTATCTAATTTATATGGTAACTCAGCACATAATATTTCAGAGAAATTTTGCAATGACAAAGAAGATAGATGCGGAGGAAGGGGAGGCAAAAATTTACCATAGCATGCAGTAAAACTCTTTAATCCATAAGGTAATGCGGGGAAAGTATAATTTTCTTCATATGCCTGCATATCTATAGATAGTGACTCTAAGCTATCTGGGAAATATGAAATTTTAATGGTCTGATTTCCAGATATAGTTAAACTTTTTAACCCATCAGGAAGATTTGGAATAGACTCCAGTGTATAGCATGAAGATAAATTCAATTCGGATAAATTATCAGGAAATACCGGAATAGAGGTAACATGATGAGCAGTAATTGATAAGCTCCCGGTATGATTTGCTTCTATTATTTTGTCGTAAATACTATTACGCTCCTCCTTCTCAATATCTGGGGATTCTATTCTCCATTTATTTAATAACTCAAGGTTTGATGTCGCCTCGTTACTTGTATATGCATATTGCAATATGGCTGGTTGGAATCCTATTTTCATGCGCTTTTTCAATCTATATGTCAATACCAAGCTATCATTATTACATTTATTTTCATTCAGGCAAGATTTAGAACCTAGCCTAATACCGATCGTTTAAGAAGCTGTTAGCCGATTCAGCAACATGGAGAATTTGAAGACAATCCGGTGGGATGGATTACCGCAGTCACGTTGTCTGCAAGAACGTGACTGCGGTAGGCCGGCTGCTGTTTAGTCAGGACTGACTGTAACCGTGTTTATAGGTTTATAGATCGTATAGACCTCTATTGTGATGTAACATCGTATGTTGATCAGCAGATCGTATGCTGACGATTTCAAAGCTACAGTGTAATATGCACGCCAGTCGTTGATGGGGTAGTTATTGTGGAATGTCCACCGCTGTGTCCATCAAGAAAAATTTATCAGCATAGCGAGTTGAAAAATTCATATTTATGAAGAACATAAGAAATTTCTCCATCATTGCTCACATTGACCACGGTAAATCGACGCTGTCTGACCGTATTATCCAAATCTGCGGTGGCCTGTCTGACCGTGAAATGGAAGCTCAGGTACTTGATTCGATGGATCTTGAGCGTGAGCGCGGTATTACTATTAAAGCCCAGAGTGTGACGCTGGATTTTAAAGCGTCTGATGGTGAAACTTATCAACTGAACTTTATCGACACGCCGGGACACGTTGACTTTTCCTATGAAGTTTCCCGTTCGTTAGCCGCCTGCGAGGGCGCGCTGCTGGTGGTGGATGCCGGCCAGGGCGTAGAAGCGCAAACGTTGGCGAACTGCTACACCGCGATGGAAATGGATCTTGAAGTGGTGCCGGTGCTTAACAAGATTGACCTGCCGGCCGCCGATCCGGAGCGTGTGGCGGAAGAAATCGAAGACATTGTCGGTATCGATGCGACGGACGCGGTACGCTGCTCCGCCAAAACGGGTGTCGGCGTGACGGATGTTCTGGAACGCCTGGTGCGCGATATCCCGCCGCCGCAAGGCGATCCGGACGGCCCGCTGCAGGCGCTGATTATTGACTCCTGGTTCGATAACTACCTGGGCGTGGTATCGCTGGTGCGTATTAAAAACGGCACCATGCGTAAAGGCGACAAAATTAAAGTGATGAGCACCGGGCAGACCTACAACGCTGACCGCCTGGGGATCTTCACGCCAAAACAGGTTGATCGTACCGAGCTGAAGTGCGGCGAAGTAGGCTGGCTGGTCTGCGCCATTAAAGATATCCTCGGCGCGCCGGTTGGCGATACCTTAACCTCAGCGCGTAACCCAGCGGAAAAAGCGTTGCCGGGCTTTAAGAAGGTGAAACCGCAGGTCTATGCAGGTCTGTTCCCGGTCAGCTCCGACGATTATGAAAGTTTCCGCGACGCGCTCGGCAAGCTGAGCCTGAACGATGCCTCACTGTTTTATGAACCGGAAAGCTCCTCGGCGCTGGGCTTTGGTTTCCGCTGCGGCTTCCTCGGCCTGTTGCACATGGAGATCATTCAGGAGCGTCTGGAACGCGAATACGATCTGGATCTGATCACCACTGCGCCGACCGTGGTGTATGAAGTAGAAACAACGGCGAAAGAGACTATCTATGTTGATAGCCCCTCCAAGCTGCCGCCGTTGAATAACATTTATGAACTGCGCGAGCCTATCGCCGAATGTCATATGCTGTTACCACAAGCCTATTTAGGTAACGTTATTACGCTGTGTATTGAGAAACGCGGCGTACAAACTAACATGGTGTATCACGGTAACCAGGTCGCGTTGACCTATGAAATCCCGATGGCGGAAGTGGTGCTCGACTTCTTTGACCGTCTGAAATCAACGTCGCGCGGCTATGCGTCTCTGGATTATAACTTCAAGCGCTTCCAGGCTTCCGATATGGTGCGTGTTGATGTGTTAATCAACAACGAGCGTGTCGATGCGCTGGCGCTGATCACGCACCGTGATAACTCGCAAAGCCGTGGTCGCGAGCTGGTGGAGAAGATGAAAGATTTGATCCCACGCCAGCAGTTTGATATCGCGATTCAGGCGGCGATTGGTACGCATATTATTGCCCGTTCGACGGTAAAACAGTTACGTAAAAACGTGCTGGCGAAGTGCTACGGCGGCGATATCAGTCGTAAGAAAAAACTGCTGCAGAAACAGAAAGAAGGTAAGAAACGCATGAAGCAGATCGGTAACGTCGAGCTGCCTCAGGAAGCGTTCCTCGCCATTCTGCATGTCGGTAAAGACAATAAATAATCCCTAAGGAGTTGGCATGGCGAACATGTTTGCCCTGATTCTGGTGATAGCCACACTGGTGACGGGCATTTTATGGTGCGTTGATAAGTTTGTTTTCGCGCCAAAACGTCGGGCGCGCCAGGCTGCCGCGCAAACGGCGTCGGGAGATGCGCTGGATAACGCTACGCTCAATAAAGTGGCGCCTAA
NZ_CP041005.1_gap28	1327988	1331073	3085	ACGAGAAAACGCGCGAGCTGGTGACGTTGGCGAAAGGGCGGGGGTTAACCGACTGCGGTATCCAGACGCGCTGGCGTTATGATGGCGATCGTTTTCGTCTGGTGCGTTATGCCGAAGAACCGAGCTGCGATAGCTGGCACGGGCCGGATGCCTGGCCTACGCTGTGGATCACGCGTTGAATCCTGGTTGTTATCCCCTTTTCAGAATAGGGATACACCTATTGAGGTTTCATTTATGGTATAGAGATTGCTACGTTACGGTAGGATTGTTACTTTACCCGATAGCCTCACCACAGCAGGAAATAGTATGAAAATAAATAATGGCCCCGTATTATGCCCCCATTGTGGCTGCCTGAGCGCTTATTATGAAATAGATCGGCTGGCGGCGATAAGAGAAAAAGTGAATAAAGAAGGCGGATCAGCGGCGTGGGATTCAACATTGCAGGCGCATAAAAAAAAGGCCTTTTGCCTGATGTGCCATAAATCCATTGATGAGGTCGTCATCGGGCAGTCAGATGCGCCTGAGTCTACGAAGTAATTTTGCACAGCCTACAGAACAGGTCTGCAGACTGTGCAAAGTCTGTGTTGCTAACGCTCGCCTTAGCCTTTGATGTTTAGCACCCGGCGGGCTTTTTCTACAATATTTTCCACGGTAAAGCCAAAATACGGGAACAGTTTGTCAGCCGGAGCGGATTCACCGTATCCCGTCATGCCGATAATTGCGCCTTTTAGGCCAACATATTTATACCAGTAGTCGGCTATACCGGCCTCCACCGCGACGCGGGCGGTTACGTGTGCCGGTAGCACTGATTCGCGATATGCCTCGTCCTGCGCATCGAAAATATCCGTTGAAGGCAACGACACCACGCGAACGTTATGCCCCTCGCCAGTCAATTTTTCCGCCGCCTGTAGGGTAATTTCCATTTCCGATCCGGTAGCGATCAGAATGATATCCGGCTTGCCGCCGCTATCTTTCAGAATATAACCGCCGCGGGCAATCGCTTTCACCTGTTCCGGCGTGCGTTCCACCTGCGCCAGATTCTGCCGCGAGAGAATCAGCGCCGTCGGCCCGTGCTGACGTTCAATGGCCAGCTTCCAGCCGACTGCCGCCTCAACCTGATCGCAGGGACGCCAGGTGCTGAAGTTAGGCGTTAAGCGCAGGCTCGCCAGTTGTTCCACGGCCTGGTGCGTCGGGCCATCTTCGCCCAAACCGATGGAGTCGTGGGTATAGACCATAATCTGCCGGGCTTTCATTAAGGCCGCCATACGCGCCGCGTTACGCGCATATTCGACAAACATCAGAAACGTGGCGGTATACGGTACAAAGCCGCCGTGGTGGGCGATGCCGTTAGCAATGGCGGTCATGCCGAATTCGCGCACGCCATAGTGGATATAATTACCTGCCGGATCCTCTTTCAACGAGGTCGAACCTTTCCAGATAGTCAGGTTGCTCGGCGCCAGATCTGCCGATCCGCCCAACAGTTCCGGCAACAGGGGACCGTAGGCATTGAGCGTATTTTGCGATGCTTTACGGGTGGCGATTTTGGCCGGATTAGCCTGCAAGTCGTTAATAAATTTTTGCGTGGCGGATTCCCATGCCTCCGGCAGTCCGCCGCTCATCCGGCGGGTAAACTCCGCGGCCAGCTCAGGATAAGCCTTCTCATAAGCAGCAAACTTTTCCTGCCACTGCTGCTGCGCTTTCTCGCCTTTTTCACGGCCATCCCACGCGCGGTAAATTTCTTTTGGGATCTCAAACGCCGGATGATGCCATCCCAGCTTCTGGCGGGTCAGCGCCACCTCTTCTTCGCCCAGCGCCGCGCCGTGCGACTCCTCCTTCCCGGCTTTATTCGGCGAGCCAAAACCTATCACCGTCCGACAGATAATTAGCGAAGGTTTATCTTTTACGCTCTGGGCTTCGAGAATGGCTTTTTTCACCGCCTCCGGATCGTGCCCGTCAATGTCATGTACGACATGCCAGTGGTAGGCTTCAAAACGTTTGGCGGTATCGTCGGTAAACCAGCCTTCGGTTTCGCCATCAATGGAGATGCCGTTGTGATCGTAAAAGCCGATCAGTTTGCCCAGTCCCAGCGTACCAGCCAGCGAACACACCTCATGCGAGATCCCCTCCATCAGACAGCCGTCGCCCATAAAGACATAGGTGTAGTGGTCGACAATCTCATGGTCCGGCCGGTTGAACTGTGCGCCTAACGTACGCTCGGCAATCGCCAGCCCGACGGCATTCGCCAGCCCCTGGCCCAGCGGTCCGGTGGTGGTTTCAACGCCGGGCGTATAGCCAATCTCCGGGTGACCTGGCGTTTTAGAGTGCAGTTGACGGAAGTTTTTTAACTCCTCCAGCGGCAGGTCATACCCGGTTAAATGCAGCAGACTATAGAGCAGCATGGAGGCGTGACCGTTGGAAAGGATAAAACGATCACGGTCATACCAGGTCGGATCGGTGGGGTTATGTTTAAGAAAATCGTTCCATAGCACTTCAGCGATATCCGCCATCCCCATCGGCGCGCCGGGGTGCCCGGAATTGGCTTTTTGAACGGCATCCATGCTCAGCGCACGAATCGCATTGGCAAGGTCTTTACGGGACATAAATCACTCCATGCAAGGTTTATAGTTTGGCGGCAAGCAGGTCTTCCAGTTTGCGCTGGTCAACGGCAAAAAGACGGATACCTTCCGACAGCTTCTCTACGGCCATCGCGTCCTGATTATGTTCCCAGCGGAACTCCGCTTCCGTCATTGGCGTAGGACGGTGGAACATCTGCGAGGAAGGCACCAGTTTACGGATCACCGGTTCTTCTTTTTCTTTCAGCTCTTTAAGCAGGTTAGGGGAGATAGTCAGTCGATCGCAGCCGGTTAGCGCGAGGATTTGCTCAGTACGGCGGAAACTTGCCCCCATCACGATGGTTTCATAGCGATGCTGTTTAAAGTAATCGTAGATATTGCGTACCGATTTCACGCCGGGATCTTCCTCCACGACATACGGCTCCAGCGGACTACGCGCCTGATACCAGTCGTAAATTCGGCCCACGAACGGAGAGATCAAATAGACGCCCGCTTCGGCGCAGGCGCGCGCC
NZ_CP041005.1_gap29	1332198	1334687	2489	GCAGCGCTGGAGCCGACCTTTGGCGGCATTAACCTCGAAGACATTAAAGCGCCGGAATGTTTCTATATTGAACAGAAACTGCGCGAGCGCATGAACATCCCGGTTTTCCATGACGATCAGCACGGAACGGCGATCATCAGTACGGCCGCCATTCTTAATGGTCTGCGAGTCGTAGAGAAAAATATTTCCGACGTACGGATGGTCGTCTCCGGCGCAGGGGCGGCGGCAATCGCTTGTATGAACCTGCTGGTCGCGTTGGGGATGCAAAAGCACAACATCGTGGTGTGCGACTCTAAGGGCGTTATTTACAAAGGCCGTGAGCCGAATATGGCGGAGACCAAAGCGGCCTATGCGGTAGACGACAGCGGCAAGCGCACGCTGGATGAGGTCATTGACGGCGCGGATATTTTCCTCGGCTGTTCAGGCCCGAAAGTGCTGACTCAGGAGATGGTGAAGAAAATGGCCCGCGCGCCAATGATTCTGGCGCTGGCCAACCCGGAACCGGAAATTCTGCCGCCGCTGGCGAAAGAAGTGCGTCCGGACGCCATCATCTGTACCGGTCGTTCCGACTATCCGAACCAGGTGAACAACGTATTGTGCTTCCCGTTTATCTTCCGCGGCGCACTGGACGTCGGCGCGACGGCGATCAACGAAGAGATGAAACTGGCGGCGGTCCGTGCGATTGCCGAGCTGGCGCACGCCGAACAGAGCGAAGTGGTGGCCTCGGCCTATGGCGATCAGGACCTGAGCTTTGGGCCGGAATACATTATTCCGAAACCGTTTGACCCGCGTCTAATTGTCAAAATCGCTCCGGCGGTCGCGAAAGCGGCAATGGATTCCGGCGTGGCGACGCGCCCGATTGCTGACTTTGATGCCTATATCGATAAACTGACCGAGTTTGTCTACAAAACCAACCTGTTCATGAAGCCGATCTTCTCGCAGGCACGCAAAGATCCGAAGCGCGTAGTGCTGCCGGAAGGGGAAGAGGCGCGCGTGCTGCACGCAACCCAGGAGTTGATAACCCTGGGACTGGCGAAGCCCATCCTGATCGGACGTCCGAGCGTGATCGAAATGCGTATCCAGAAACTGGGGCTACAGATCAAAGCGGGCGTTGATTTCGAGATCGTGAATAATGAATCCGATCCGCGCTTCAAAGAGTACTGGAGCGAGTATTACCAGATCATGAAGCGTCGCGGGATAACTCAGGAACAGGCGCAGCGTGCGATGATCGGCAACCATACGGCCATTGGCGCGATCATGGTGCAGCGTGGGGAAGCGGATGCGATGATCTGCGGCACCATCGGCGACTACCATGAGCATTTCAGCGTCGTGAAAGCCGTCTTTGGCTACCGTGACGGCGTGCATACGGCAGGGGCGATGAACGCCTTACTGCTGCCAAGCGGCAACACTTTTATCGCCGATACTTATGTTAACGAAGATCCCACGCCGGAACAGTTGGCGGAGATCGCCGTAATGGCGGCGGAAACCGTTCGCCGCTTTGGTATTGAGCCGAAAGTCGCGCTGTTGTCGCACTCTAACTTTGGTTCCTCAAATTCGCTGTCCGCCAGCAAAATGCGCGAAACCCTTGAGCGGGTACGCGAACGAGCGCCCGATCTGATGATTGACGGTGAGATGCACGGTGATGCGGCGTTGGTGGAAAGTATTCGTAATGACCGGATGCCGGATAGCCCGCTGAAGGGAGCCGCCAATATTCTGGTGATGCCGAATATGGAAGCCGCTCGCATTAGTTACAACTTACTCCGCGTCTCCAGTTCCGAAGGCGTCACGGTCGGCCCGGTCCTGATGGGCGTGTCTAAACCGGTACATGTATTAACGCCGATCGCCTCTGTACGCCGTATCGTGAATATGGTGGCGTTAGCGGTAGTTGAAGCGCAAACCACGCCGCTTTAATAACGCATTACTCTCTCTTCTGGCGCAGGTTCTCCTGCGCTTTTTTGTCTATGGAAAACCCCCAGCTAGGCTGGGGGTTCCGGAAAGCTTTCAGCTTTAAGCCAGTTATTAAAACCCCTTTTGATTTGTTAAAACATCTTGCGGTCTGGCAACTGCAAAAGTTCAACAAGAAATCAAAAGGGGGTCCCAATGGGGGACGAAAAGAGCTTAGCGCACACCCGATGGAACTGTAAATATCACATAGTTTTCGCGCCCAAATACCGAAGACAAGCGTTCTATGGAGAGAAGCGTAGGGCAGTAGGCAGCATATTAAGAAAATTGTGTGAATGGAAAAACGTACGAATTCTGGAAGCAGAATGTTGTGCAGATCATATTCACATGCTTCTGGAGATCCCGCCGAAGATGAGTGTGTCGAGTTTCATGGGATATCTGAAGGGTAAAAGTAGTCTGATGCTTTACGAGCAGTTTGGGGATCTAAAATTCAAATACAGGAACAGGGAGTTCTGGTGCAGAGGGTACTATGTCGATACGGTGGGTAAGAACACGGCGAAGATACAGGACTACATAAAGCACCAGCT
NZ_CP041005.1_gap30	1342082	1346749	4667	TCACTAATGCCGGACGTGGCGATTCTTGATGCTGCCGTGACCGAAGGCGTTCCGCCAAACGTGACGGCGATGACCGGTATCGATGCGTTGACGCATGCGATTGAGGCCTACAGCGCGCTCAACGCCACGCCGTTTACCGACAGCCTGGCGATTGGCGCGATAGCGATGATTGGCAAATCGCTGCCGAAAGCCGTGGGTTACGGCCACGATCTGGCGGCGCGTGAAAATATGTTGCTGGCCTCCTGTATGGCGGGAATGGCCTTTTCCAGCGCCGGTCTGGGGCTGTGTCATGCGATGGCGCACCAGCCTGGGGCGGCGCTGCATATTCCGCACGGCCAGGCCAACGCCATGCTGCTGCCAACAGTCATGGGCTTTAACCGGATGGTTTGCCGCGAGCGCTTCAGTCAAATAGGTCGGGCGTTAACCAATAAGAAATCGGACGATCGCGATGCGATTGCGGCGGTGTGCGAGCTGATTGCCGAAGTGGGACAGAGCAAACGGCTGGCTGACGCTGGCGCCAAACCCGAACACTACAGCGCGTGGGCGCAAGCCGCGCTGGAGGATATTTGTCTGCGCAGTAACCCACGCACCGCCACACAGGCACAGATTATCGACCTGTACGCGGCTGCCGGGTAATGCCTGTAGGCCGGATAAGGTGCTCGCACCGCCATCCGGCAATAACACGGCGTTAATGCCGGAGGCGACGTAAACGTCTTATCCGGTTTACAAATCAAAAATGACAGGGAGTAGGGGCTATGGGAATTAACGAAATCATCATGTACATCATGATGTTCTTTATGCTGATTGCCGCCGTGGACAGAATCCTGTCGCAGTTCGGCGGGTCGGCGCGCTTCCTCGGTAAATTCGGCAAGAGTATCGAGGGGTCTGGCGGCCAGTTTGAAGAGGGCTTTATGGCGATGGGCGCGCTGGGGCTGGCGATGGTCGGTATGACCGCGCTGGCGCCGGTGCTGGCGCATGTACTGGGGCCGGTTATTATCCCGGTATACGAAATGCTGGGCGCGAACCCATCCATGTTCGCGGGTACGCTGCTGGCCTGTGATATGGGCGGATTCTTCCTCGCCAAAGAGCTGGCCGGCGGTGATGTCGCGGCGTGGCTATACTCAGGGTTAATACTTGGGTCGATGATGGGGCCGACCATTGTGTTCTCCATTCCGGTGGCGCTCGGCATTATCGAACCGTCTGACCGCCGCTACCTGGCGCTTGGCGTACTGGCGGGTATCGTCACCATTCCCATTGGCTGCATTGCGGGGGGACTGATCGCCATGTACTCAGGTGTGCAGATCAATGGTCAGCCAGTGGAGTTTACCTTCGCGCTGATCCTGATGAACATGATCCCGGTATTGATCGTCGCGGTGCTGGTAGCGCTGGGGCTGAAGTTCATCCCGGAAAAAATGATCAACGGTTTCCAGATCTTCGCCAAATTTCTGGTAGCGCTGATCACCATCGGTCTGGCAGCTGCGGTGGTTAAATTCCTGTTGGGTTGGGAGTTGATTCCGGGACTCGACCCGATCTTTATGGCGCCAGGCGACAAACCCGGCGAAGTGATGCGCGCCATTGAAGTGATCGGCTCTATCTCCTGCGTGCTGCTTGGCGCGTATCCGATGGTGCTGTTACTGACCCGCTGGTTTGAAAAACCGTTGATGAATGTCGGTAAACTGCTGAACGTCAATAATATTGCGGCGGCAGGCATGGTGGCGACCCTGGCGAACAATATCCCCATGTTCGGCATGATGAAGCAGATGGATACCCGCGGCAAAGTGATTAACTGCGCATTTGCCGTCTCTGCGGCGTTCGCGCTGGGCGACCATTTAGGCTTCGCCGCTGCCAACATGAACGCCATGATCTTCCCGATGATTGTCGGCAAGCTGATCGGCGGCGTGACGGCGATTGGCGTGGCGATGATGCTGGTGCCGAAAGATGACGCCGCCCAGGTGAAAACCGAAGCGGAGGCGCAATCGTGAACACTCGCCAGCTACTGAGCGTCGGTATCGATATCGGCACCACCACCACGCAGGTGATCTTCTCGCGCCTGGAGTTGGTTAACCGTGCGGCGGTGTCGCAGGTGCCGCGCTACGAATTCATCAAACGCGACATTAGCTGGCAAAGCCCGGTCTTCTTTACGCCCGTGGATAAGCAGGGCGGTCTGAAAGAGGTAGAACTTAAAGCGCTGATTCTGGCCCAGTATCAGGCCGCAGGCATCGCGCCTGAATCGGTGGACTCAGGGGCTATCATTATCACCGGCGAAAGCGCCAAAACCCGCAACGCCCGTCCGGCGGTCATGGCGCTCTCGCAGTCGCTGGGCGACTTTGTGGTCGCCAGCGCCGGGCCGCATCTGGAATCGGTCATTGCCGGTCACGGCGCCGGAGCGCAAAGCTTGTCTGAGCAGCGGATGTGCCGGGTGCTGAATATTGATATCGGCGGCGGCACGTCTAACTACGCGCTGTTTGACGCGGGAAAAGTCAGCGGCACCGCCTGCCTTAACGTCGGTGGTCGCCTGCTGGAAACCGATGCTCAGGGGCGCGTGGTTTATGCCCATCAGCCGGGGCAGATGATTATCGATGAGGTGTTCGGTTCGGGTACTGATGCTCGCGCCTTAGCTGCCGCACAGTTGGGACAGGTGGCGCGGCGGATGGCGGATCTCATCGTCGAGGTTATCACTGGCGCGCTCTCGCCGCTGGCGCAATCGCTGATGCAAACCGGGCTGCTGCCCGCCGATATTACGCCGGAGGTGATCACCCTTTCCGGTGGGGTAGGTGAATGCTACCGCAACCAACCTGCCGATCCGTTCTGCTTTTCTGATATCGGGCCGCTGCTGGCGACCGCGCTGCATGAGCACCCGCGTCTGCGCGAGATGAACGTGCAGTTTCCGGCGCAAACCGTGCGCGCCACGGTGATTGGCGCGGGGGCCCATACGCTCTCGCTTTCCGGCAGTACTATCTGGCTGGAAGACGTCCAACTGCCGCTGCGCAACCTGCCGGTGGCGATCCCGCAGGATGACGCCGATCTGGTGAACGCCTGGCGGCAGGCGCTTCTCCAGCTTGATCTCGACCCGCAAACCGACGCTTACGTGCTGGCGCTTCCCGCCACGCTTCCGGTGCGTTACGCCGCATTACTCACGGTCATCAACGCGCTGACGGCTTTTGTCGCGCGTTATCCCAATCCACATCCCCTGCTGGTGGTGGCCGAGCAGGATTTTGGTAAAGCGCTGGGCATGTTATTGCGCCCACAGTTACCGCAACTTCCGCTGGCGGTCATCGATGAGGTGGTCGTGCGGGCGGGAGACTATATCGACATTGGTACGCCTCTTTTTGGCGGATCGGTTGTGCCGGTGACGGTGAAATCACTCGCATTTCCTTCCTGAGGGAACGACTTATGAAACTAAAGACCACATTGTTCGGCAATGTTTATCAGTTTAAGGATGTAAAAGAGGTACTGGCTAAAGCCAACGAACTGCGTTCGGGGGATGTGCTGGCCGGGGTTGCCGCGGCAAGTTCGCAGGAGCGCGTAGCGGCAAAACAGGTACTGTCGGAAATGACGGTGGCGGATATCCGCAACAATCCGGTGATTGCCTATGAAGAGGACTGCGTGACGCGCCTGATTCAGGACGACGTCAACGAAACGGCCTATAACCGGATTAAAAACTGGAGCATCAGCGAACTGCGTGAATACGTGCTGAGCGATGAAACCTCCGTGGACGACATCGCGTTTACCCGCAAAGGCCTGACCTCCGAAGTGGTGGCGGCAGTAGCGAAAATCTGCTCCAACGCTGACCTGATCTACGGCGGCAAGAAAATGCCGGTGATCAAAAAAGCCAATACCACCATCGGTATTCCGGGCACCTTTAGCTGCCGTTTGCAGCCGAACGATACCCGTGACGATGTACAGAGTATCGCCGCGCAAATCTACGAAGGGCTTTCTTTCGGCGCAGGCGATGCGGTGATCGGCGTTAACCCGGTGACCGATGACGTGGAGAACCTGACCCGCGTGCTCGACACCGTTTACGGCGTTATCGATAAATTCAATATTCCGACCCAGGGCTGCGTGCTGGCGCACGTCACCACCCAGATCGAAGCGATTCGTCGCGGCGCGCCGGGCGGACTGATTTTCCAGAGCATTTGCGGCAGCGAGAAGGGCTTAAAAGAGTTCGGCGTCGAGCTGGCCATGCTCGACGAAGCGCGGGCTGTGGGGGCGGAGTTCAACCGCATCGCCGGGGAAAACTGCCTGTACTTTGAAACCGGGCAAGGGTCTGCGCTCTCCGCAGGCGCGAACTTTGGTGCCGACCAGGTGACGATGGAAGCGCGTAACTACGGGCTGGCGCGCCACTACGATCCGTTCCTGGTGAACACCGTGGTGGGCTTTATCGGGCCGGAGTATCTCTACAACGACAGGCAGATTATCCGCGCCGGTCTCGAAGATCACTTTATGGGCAAGCTGAGCGGCATCTCGATGGGCTGCGACTGCTGCTATACCAACCATGCCGACGCCGACCAGAACCTTAACGAAAACCTGATGATTCTGCTCGCCACTGCCGGCTGTAACTACATCATGGGGATGCCGCTCGGCGACGACATCATGCTCAACTACCAGACCACCGCTTTCCACGATACCGCCACCGTCCGTCAGTTGCTGAATTTACGGCCGTCGCC
NZ_CP041005.1_gap31	1347970	1350669	2699	TGCCGGGGCGGCTCACGGGCCGTCGCCTACCGCTGGTGAGGTGTTGATTATGCTGGGCGGACCGAACCCGGCGGAAGTGCGCGCCGGTCTGGATGCAATGGTCGCCAGCATTGAAAACGGCGCGGCGTTCCAGTGGGCGAACGATGCGGAAAATACCGCATTCCTGGCGCATGTGGTTTCGCGTACCGGCTCGTACCTCTCGTCTACCGCAGGTATCGCGCTGGGCGATCCAATGGCCTACCTGGTGGCGCCGCCGCTGGAAGCGACATTCGGCATTGACGCGGCGATGAAATCCGCTGACGTTCAGCTGGTGACTTACGTGCCGCCGCCGTCGGAAACCAACTATTCGGCCGCGTTCTTAACGGGAAGCCAGGCCGCGTGTAAAGCCGCCTGCAACGCCTTTACCGACGCCGTGCTGGATATCGCCCGTAACCCTGTCCAGCGTGCGTAACGGAGGCTGCCAATGATCAATGCCCTGGGATTACTGGAAGTGGACGGAATGGTCGCCGCCGTCGATGCGGCGGATGCTATGCTGAAAGCGGCCAACGTGCGTTTGCTCAGTCATCAAGTGCTCGACCCTGGCAGGCTCACGCTGGTGGTGGAGGGCGATCTGGCGGCGTGTCGTGCGGCGCTGGATGCCGGAAGCGCTGCCGCGCAGCGCACAGGCCGTGTGATTAGTCGCAAAGAAATTGGTCGTCCGGAAGAGGACACCCAGTGGCTGATTGGCGGGTTTGCGCGTGCGACAACGCCGACTGAGAAAGCACCCCAGGTACCCGCAACGCCTGAGTTCGCTGAGGCGTTATTGGCGCTGCTGGCATCAGTACGCCAGGGAATGACGGCGGGAGAGGTTGCCGCGCATTTTGGCTGGCCGCTGGAGCAGGCCAGAAACGTGCTGGAACAACTCTTTTCTGACGGAGCGTTGCGTAAACGCAGTAGTCGCTATCGCATCAAAAATTAATCTGTCGGAGGGCCGGGCGTCCTGGCGGGCGTCCGGCATAGAAGATCATGAAAAAGACCCGTACAGCGAATTTGCACCATCTTTATCATGAAGCGTTACCCGAAGACGTTAAACTTACGCCCAGAGTCGAGGTGGACAATGTTCATCAGCGACGGACGACGGATGTCTATGAACATGCTCTGACTATCACCGCCTGGCAGCAGATCTACGATCAGTTACACCCGGGTAAATTTCATGGCGAGTTCACGGAAATCCTGCTTGATGAGATTCAGGTGTTCCGTGAATACACCGGCCTGGCGCTGCGTCAGTCGTGTCTGGTTTGGCCAAACTCTTTCTGGTTTGGTATTCCGGCGACGCGCGGCGAACAGGGATTTATCGGCGCGCAGGGGCTCGGCAGCGCCGAGATTGCCACCCGACCGGGAGGCACCGAGTTTGAACTGAGCACGCCGGATGATTACACCATTCTGGGCGTCGTTATCTCGGAAGATGTTATTTCCCGTCAGGCCACGTTTTTGCATAACCCGGAAAGGGTGCTGCATATGCTGCGTAACCAGCTAGCGCTGGAGGTAAAAGAGCAGCATAAAGCAGCGCTGTGGGGCTTTGTGCAGCAGGCGCTGGCCACCTTCAGCGAGAGTCCTGAAACTCTGCATCAACCTGCGGTGCGTAAGGTCTTGAGTGATAATTTATTGCTGGCGATGGGCACGATGCTGGAAGAGGCGAAGCCGATTCATAGCGCCGAAAGCATCAGCCATCAGGGATATCGTAGGCTACTGTCGCGGGCGCGGGAATATGTGCTGGAAAATATGTCGGAGCCGCTGACGGTGCTCGACTTATGTAACCAGCTACACGTAAGCCGTCGCACGCTGCAAAATGCGTTTCACGCCATTTTGGGCATTGGCCCCAATGCGTGGCTGAAACGTATTCGCTTAAACGCAGTACGCCGGGAACTGATTAGCCCGTGGTCGCAGAGCGCCACGGTCAAAGATGCCGCGATGCAGTGGGGATTCTGGCATCTGGGGCAATTTGCCACCGATTATCAGCAATTATTTGCCGAAAAACCGTCGTTGACGCTGCATCAACGGATGCGGCAATGGGCTTGATATTGATGGGGAGGCTCTCCGGTTGCTGATAACGTGCGCGTGTCGGGAATTGCCCGGTGGCAGCTGGCGCCTTACCGGGCCTACGGATTCGCTGCTGTCTGTGGTTGGTAGCCCGGACAAGGCGCGCCAGCGCCGCCTCCGGGGAAGCGCGCGCACAACGTGCAAAACAGTTTTGTCATCAGATCATGAGGATGAGCGTTTATGTTTGCTGATAAGACGTTGCCGTTGTTTGGCAGGAGGGGCAGATAAACCCGTAAAGCATTCCTTCCGCATATTCCTCTTCCTCGATATCTTCATAGCTTAGCTGCGCAAGAAACATCATCGTTTGCGCGCACGTTGGGCACGTAGGATAGTCTGTATCCTGAACCCATGCGGGATGGCCGCCGAGCTGTGAGAAGGTGGTGGGTAAAAATATTTCAGCAGCGAATAGCGGCAAACGGGATTCCCCGGGGTGCAGAACATCAAGCGGTAGCGTTATCCAGTCAGCGGAATTCTCCACCGCCAGCGTCGAGAGCGCATTTTTTTCGTACCATCGCGGCTGGCCTTGTGGATCGACGGTGGCGAAAACGGTGTTATATGCCGTACAACACTGACAGGTCAGAATACGAATTTGACCGGGCCAACCCTGCGTGCTTAGGCCG
NZ_CP041005.1_gap32	1354706	1355241	535	TGGCTGGGTGGCGACCCGGTCAACGGCGTCGGGCTGGCGCTGCTGCTGGCGGACATCGTCGCGCTGATCTGGCTGTTAACCAATCAACGTTTGCGTGCCTGTTTTTCCCTTGAGAAAGAATAACGGCACTTTTTGGCGAACCCGCACTCCAACCAACGTTAATTAATAAAAGAAAGGAAGTGAGATGAAATCGCTGCGTTTGACTTTACTCGCACTGCCGCTGGCGGTGACCGGCTGCTCGACGCTCTCCTCGGTCAACTGGTCTGCCGCAAATCCATGGAACTGGTTTGGTTCCTCGACAGAAGTCACTGAGCAAGGCGTGGGAGCGCTGACCGCCGCCACGCCGCTGGAAGAGCCGGCTATTGCAGAGGCATTAGATGGCGATTATCGCCTGCGTAGCGGTATGAAAACCGATAACGGCAACGTGGTGCGCTTTTTCGAAGCGATGAAGGGCGACAGTGTCGCGATGGTGATCAACGGCGAGCAGGGAACCGTGAGCCGTATTGATGTGCTGGACAGCGATATCCCAACCGCC
NZ_CP041005.1_gap33	1497310	1501280	3970	CTGTATGGCGATATGAATGATACCGGTCTGGTCTGGCAGCAGCGTCTCGGCGACTGGTGGCAGGATGAAAAACCCTGGCTGCGCGAAGCGCGTCGACTGGAAAGCGACAAACAGCGCGACTGGTTCTTCTGGCGACAAAAACGCGGCGTTGTCGTCGCCGGGCGTATGAGCGCGGAAGAAGGCAAAAAAGTGGCGCAGTGGGCGCAAACTCTGGGATGGCCATTAATTGGCGACGTATTGTCGCAAACCGGGCAGCCGCTGCCGTGCGCCGACCTGTGGCTCGGCAACGCCAAAGCGGTGACCGAACTGCAGCAGGCGCAGATTGTCGTCCAGCTTGGCAGTAGCCTTACCGGAAAACGCTTACTGCAATGGCAGGCAACCTGCGAGCCGGAAGAGTACTGGGTAATCGACAATATTGAAGGTCGTCTGGACCCGGCGCACCATCGTGGACGCAGACTGGTAGCGAAAATCGCCGATTGGCTGGAACTGCATCCGGCGGAAAAACGTAAACCGTGGTGTGTAGAGATCCCGCGTCTGGCGGAACTGGCGTGGCAACGGGTGGTCGCGCAGCGAGACACCTTTGGCGAAGCGCAGCTGGCGCACCGTATCCGCGACTATCTGCCGGAGCAGGGGCAATTGTTCGTGGGCAATAGTCTGGTGGTGCGTCTGATCGACGCGCTGTCACAGTTGCCGGCTGGCTATCCGGTATACAGCAATCGCGGGGCGAGCGGCATTGACGGCCTGCTTTCCACGGCGGCGGGCGTGCAGCGCGCCAGCGCTAAATCGACGCTGGCTATCGTCGGCGATTTATCCGCGCTGTACGATCTTAACGCGCTGGCGTTACTACGTCAGGTATCCGCGCCGTTTGTGTTGATTGTGGTCAACAATAACGGCGGGCAAATCTTCTCCCTGCTGCCGACGCCGCAAAGCAAACGTGAGCGCTTTTATTTGATGCCGCAAAACGTCCATTTTGACCATGCGGCCGCCATGTTTAACCTGCGCTATCATCGCCCGGAAAACTGGGAAGAACTGGAGTCTGCGCTGGCTGGCGCGTGGCGAACCCCGGCGACAACGGTGATTGAGCTGGTGGTAAACGATACGGACGGCGCGCAGACGTTGCAGCAACTTTTGGCTCAGGTAAGCCATCTATGATGTTGCACGCGCAGCACATGCCCGGACAGCCTGGGACGCCCTCGCTGGTTTTCCTGCACGGTTTTTCTGGCGATTGCCACGAATGGCAGCCGGTTGGCGAACAGTTTCACGGCTGTTCGCGGCTCTATATTGACTTACCGGGACATGGCGGATCTGCGGCTATTCCGGTCGACGGATTTGCCGATGTCATCAGATTGCTGCGCGCTACGTTAATTAGTTACAACATACTAAAGTTTTGGTTGGTGGGATACTCTCTTGGCGGCCGGGTGGCGATGATGGCAGCCTGCCAGGGAATACCCGGCCTGTGCGGCCTGGTGGTTGAAGGCGGTCATCCGGGGCTGCAAAATGAACAGGCGCGCGCTGAAAGACGATTGTCCGACGGGCGCTGGGCAGAGCGTTTTCGTCATGAACCATTGACTGAGGTTTTTCACGACTGGTATCAGCAGCCGGTGTTCGCCTCGCTGACGGCGCAGCAAAGACAGGCGCTAACGGCGCTGCGTAGCCAGAATAACGGCGAAACGCTGGCTGCGATGCTGGAGGCGACATCGCTTGCCGTCCAGCCGGATTTACGCGAGGCGCTCAACGCGCTGGCATTTCCGTTTTATTATTTATGTGGCGAACGCGACAGCAAATTCCGCGCCCTGGCGCAGGAAGTGGCGGCGACATGCCATGTCATTCGTAACGCCGGACACAACGCGCATCGGGAAAACCCCGCTGGCGTGGTAGACAGTCTGGCTCAGATTCTGCGTCTCTGACTAAAGGACACACTATGATCTATCCTGATGAAACAATGCTTTACGCACCGGTAGAATGGCACGACTGCTCGGAGGGTTACACCGACATTCGTTATGAAAAATCCACCGACGGTATTGCAAAAATCACCATTAATCGTCCGCAGGTGCGCAATGCATTTCGTCCGTTGACCGTCAAAGAGATGATTCAGGCGCTGGCGGATGCCCGTTACGACGACAACGTGGGTGTGATTATTCTGACCGGCGAAGGCGATAAAGCGTTTTGCGCGGGCGGCGACCAGAAGGTGCGCGGCGATTACGGCGGTTATCAGGATGACTCCGGCGTGCATCACCTGAACGTGCTGGATTTCCAGCGCCAGATTCGCACCTGTCCAAAACCGGTTGTCGCGATGGTCGCGGGATATTCCATCGGCGGTGGTCATGTGCTGCACATGATGTGTGACCTGACCATCGCGGCGGAAAACGCCATCTTCGGCCAGACTGGTCCGAAAGTTGGCTCCTTTGACGGCGGCTGGGGCGCTTCGTATATGGCGCGTATCGTTGGTCAGAAGAAAGCGCGTGAAATCTGGTTCCTGTGCCGCCAGTACGATGCGCAACAGGCGCTGGACATGGGGCTGGTTAACACCGTCGTTCCGCTGGCGGATCTGGAAAAAGAGACCGTGCGCTGGTGCCGCGAAATGTTGCAAAACAGTCCGATGGCGCTGCGTTGCCTGAAAGCGGCGCTGAATGCCGATTGTGACGGTCAGGCCGGGCTGCAGGAGCTGGCGGGCAACGCTACCATGCTGTTCTACATGACGGAAGAAGGGCAGGAAGGCCGTAACGCCTTTAACCAGAAGCGTCAGCCTGACTTCAGCAAATTCAAACGGAACCCATAATGCGTAGCGCGCAGGTATACCGCTGGCAGATCCCCATGGACGCGGGGGTGGTTCTGCGCGACAGGCGGTTAAAAACTCGCGACGGGCTGTATGTTTGTCTGCGTGACGGCGAGCGTGAGGGATGGGGAGAGATCTCTCCGCTGCCGGGCTTCAGTCAGGAAACGTGGGAAGAGGCGCAGACGGCGCTACTAACATGGGTGAACGACTGGCTTCAGGGGAGCGAGGGATTACCCGAGATGCCTTCGGTCGCGTTTGGCGCAAGCTGCGCGCTGGCGGAACTGACTGGCGTCTTGCCGGAGGCGGCGGACTATCGCGCCGCGCCGTTATGCACTGGCGATCCTGACGATTTGGTGCTGCGGCTTGCCGATATGCCCGGCGAGAAAATCGCTAAGGTCAAAGTGGGTCTTTATGAAGCGGTACGCGACGGCATGGTGGTTAATTTGCTGCTGGAGGCGATCCCGGATCTGCATCTGCGTCTGGATGCGAATCGCGCCTGGACGCCGCTAAAAGCCCAACAGTTTGCAAAGTATGTTAATCCGGATTACCGCGCTCGTATCGCCTTTCTCGAAGAACCGTGTAAGACGCGGGATGATTCCCGCGCCTTTGCCCGTGAAACCGGCATCGCGATTGCCTGGGACGAAAGTCTGCGCGAAGCGGATTTCACCTTTGAAGCCGAAGAGGGCGTCAGGGCTGTGGTTATCAAACCTACGCTGACCGGATCGCTTGATAAAGTGCGTGAGCAAGTCGCTGCCGCCCATGCGTTGGGACTGACGGCGGTCATCAGCTCTTCGATCGAGTCCAGCCTCGGCCTGACGCAACTGGCGCGGATTGCCGCCTGGTTGACGCCGGGAACGCTGCCTGGACTGGATACCTTGCATCTGATGCAGGCGCAACAGATTCGCCCCTGGCCCGGTAGCGCGTTGCCTTGTCTGAAGCGTGAGGAGCTGGAACGACTGTTATGACATTCACGGATTGGCCGTGGCGCCACTGGCGTCAGGTTCGCAGTCAGGCGCCCGCTCTGCGCCTGAACGATGAAGTGCTAAGCTGGCGCGCCCTCTGTGAGCGTATTGATGTGCTGGCGGGCGGGTTTGCCGCGCAGGGCGTACGCGAGGGCGATGGTGTCCTGCTGCGCGCCGGGAATCAGCCGCGCACTCTGTTGGCATGGCTTGCGCTGATGCAGTGCGGCGCGCG
NZ_CP041005.1_gap34	1511089	1512548	1459	TGTGTGGCGTGTCGCTACATTCAAATCATACAGCGCCAGTTCTTCTGGCTTGACCCAGGCGTAGTCCTGAAATTCGTCGTTAATACATATATCGCGGTTAGCGGAAACACAGTCGAAGATGAGATAAATCATATAAATCTCTTCTTGTCTGCCATCAGCGTAGGTTTTAATACGGATATCGTCGCGGAAGGTCCACGGCGTAATATCGCTCAGAATCAGTTGTTCGCCGAGTTCCTCCCGAATCTCCCGACGCAGCGCCTCTTCAATGCGTTCGCCTGGCTCGACCCCGCCGCCCGACAGCGCCCACTGACCGGGAAAGACGCCGCGGTTGTCGGCCATTTTGCACAGCAGATAACAGCCATCATTTTGAATTAATGGGCAAACTATAGTTCGTTGACGCATAAGTCGCTTCCTTAAACCACCAGGCCATCAGCTTAACAAATCATTCTGCGAAATTCTTTGTGAAAAATGGAAGCGATAACGCAGACTGCGTTTTTTGTTAATTTTGTTGATGCAGGCGTCGCCATGTGATGGCGCAATGATGCGTCATGGCGAAAGTAGTATTTCGTTACAATATGTTTTTGGAATGGTTTCTTAGTGCATTGATTCCTCAGCGTCTGGCAGTACAATTCTGCCGTTTTGGGGAGTTTTTCTTTATGTGCTTGCTGGAAAGGGTAAAAATGAAAAAAAGCATATTATTAGGTTTTGCCGGAATGCTGTTCGTTTCTGCATCGGCGCAGGCCATCAGTATTAGCGGCCAGGCGGGCGAAGATTACACCAACATTGGCGTGGGTTTTGGTACGGAATCGACGGGACTGGCGCTAAGCGGCAACTGGATGCACAACGATGATGATGGCGATGCTGCGGGCGTGGGTCTGGGGCTGAACATTCCGGTGGGACCGCTGCTGGCGACGGTCGGCGGTAAAGGTATTTATACCAATCCGAAAGACAGCGATGAAGGCTATGCGGCGGCTGTCGGCGGTGGGCTACAATGGAAAATCGGCAACAGCTTCCGTCTGTTCGGCGAGTATTATTATTCACCAGATTCGCTGTCCAGCGGTATCGACAGTTATGAAGAAGCGAATGCAGGCGCGCGTTTCACCATTATGCGCCCGCTGAGCATTGAAGCCGGTTATCGTTACCTGAACCTGGCGGGTAAAGACGGCAACCGCGATAATGCGATTGCTGACGGCCCTTATGTTGGCGTAAACGCCAGCTTTTGATGCTAACGGCGCGGCAATCGTCGCGCCATATTCCTCCTGTTCCCGTCATTCTTCTTTCCACGTCATATTCGTCTTTGCGTTATAGTGTTTTCATCATAAGAGCAGGAGAACACAATGCTAAATGTGGAAATGCTATCCACCGGGGATGAGGTGTTGCACGGACAAATCGTTGACACCAATGCCGCCTGGCTGGCTGATTTTTTCTTTCATCAGGGCGTTCCGTTATCACGGCGAAA
NZ_CP041005.1_gap35	1534529	1538981	4452	ACGCTTTAATCTATTTTTCATTTTCTTCTCCTCCATGGTTAAACCCGGCTCCATTGTAATTAATTTATTCAAAATTAACGGATCTAATATATCAGATATAAGAAAATTTACATACTTTATTGTTGTTATTGTATATTTCATTAAGTTTGCTTGCTGATATATCAGATATGACACATTAGCTTTTGAATTGTATTGTTTTTTACGTAACATCGATTCCGGTCAATACCCTTATTCATTGAATCATAAAAGGTGATGCAAAATGAGTAGTCCACAAGAAAATTTATACGATGCAATTCGTATTGTAAAAAGGAAAATCATTCCTTTGGCCTTTATTCTTTACTTTTTTAACTATATGGATCGTGTCAATATTGGGTTTGCTGCATTACGCATGAATGAATCTCTCGGTATTACGCCTGAGGATTTCGCTAATATTTCTTCTATATTCTTCATATCATATTTAATCTTTCAAATTCCGAGTAGCATTGGCTTGCAAAAGCTTGGCGCAAGAAAATGGATTAGTTCCATTATTATCGGCTGGGGAGCGGTAACTGGGCTGATTTTTTTTGCTAAAGATACTCAACATATTTTGCTGGCTCGCATTTTTTTGGGGGTATTTGAAGCTGGCTTTTTCCCGGGCATGGTTTATTATCTTGCATGCTGGTTCCCGGCTCGTGAACGCGGAAAAGTCAATAGTTTCTTCATGTTATCTATTGCTGTTGCATCGGTATTGGCTGCACCGATGTCTGGTTGGATCATCGAGCATTTGAATACCCCGGATTATGAAGGCTGGCGCTGGCTTTTTGCTATTGAAGGTATCCCTACCGTATTCCTTGGCATCCTGACATTTTATTTACTGCCTGACAGTCCAGAAAAGGCTAAATGGCTTACGCCACAGCAGATATCGGCCTTAGTTAATAAATTACGTACTGACAATGAAACCGCAGCTGCATTAAATAAAAATACCAACTCATCCTTTCTTTCCGTAATCAAAAATCCAGTTTTGCTTCAGCTTTCTTTCGCCTACATGTTGATTCAGGCGGCTGCTCTGGCGGCAAACTACTGGTTGCCGGGGTTGGTGAAGGGATTTTCAGCTGATTTTACGGATACTGACGTTGGTTTAATCATGAGTATTCCGTTTATTTTCGCTATGTTCAGCATGCCCTGGTGGGGCTGGCATTCCGATAAAAAGAATGAACGAAAATGGCATGCTGCATTACCCATGTTTCTGGCAGGCTGTGGTTTTCTGATGATTGCTCTTGTCCCCTCAATGTCGCTGAGAATGCTGGGGCTAACGTTCTATGGTGTTGGGATCCTCAGCTATTACGGACCTTACTGGGCGCTGCCTTCTGCATTATTGTCGCCGTCAGGGTTGGCTATCAGCATTGCGTTTATTAACTCATGTTCAAGTCTTGGCGGATTCCTGATTAATAAATCACTGGGATTCGTTTCTACTCATTATGGTGCGACAGGAATATTTATTGTAGAGGCAATACTTTGCTTCGCTGCGGTAGCCGTTTTGGCGTTAATGAAAATTGATGTGAAAAAAGAAAAAAGCCAACAAACAAATGTTGTATCACGAACCTGATAAATGGAGAAATTATGAAAATTACGTCTATTGAAGTTTTTGACTGTGAATTAAAAAAAAGAGATCAAACGATGTCCTCCTATAATCCAGTACTTATCCGGGTGAATACCGACTCAGGATTAAGTGGTATTGGCGAAGTAGGACTGGCCTATGGCGCAGGCGCTAAAGCTGGCGTAGGGATCATCAGAGATCTGGCGCCATTGATTGTGGGTGAAGATCCACTAAATATCGAAAAAATTTGGGAGTTCTTTTTCAGAAAGACTTTTTGGGGGATGGGGGGCGGGAACGTTTTTTATGCCGGAATGAGCGCTATTGATATTGCTCTTTGGGATATCAAAGGTAAATATTTAGGTGTACCTGTTTATCAGCTCCTTGGCGGGAAAACTAATGAAAAATTAAGAACCTATGCTAGTCAGTTACAATTTGGTTGGGGGGATAAACGCCATATATTAGTGACACCTGAGGAATATGCTGAGGCGGCGCGTGCGGCTCTTGACGATGGATATGATGCGATTAAAGTGGATCCACTCGAAATCGATCGTAATGGCGATGACTGTGTTTTTCAGAATAGAAATCGTAACTATTCAGGATTGTTACTGGCCGATCAATTAAAAATGGGGGAAGCGCGAATTGCCGCTATGCGTGAAGCAATGGGGGATGATGCTGATATTATCGTGGAAATCCATTCTCTTCTCGGTACAAACTCAGCTATTCAATTTGCGAAGGCGATAGAAAAGTATCGTATCTTTCTTTATGAAGAACCGATTCATCCATTAAATTCTGATAATATGCAGAAAGTTTCCCGTTCAACAACGATTCCAATCGCCACTGGCGAGCGTTCCTACACAAGATGGGGATACAGGGAATTACTGGAGAAGCAGTCTATTGCCGTAGCGCAACCTGATTTGTGTCTCTGCGGCGGAATTACCGAAGGAAAGAAAATCTGTGACTATGCTAATATTTATGACACCACTGTACAGGTGCATGTTTGCGGCGGTCCTGTTTCCACGGTAGCCGCGCTGCATATGGAAACAGCAATTCCCAACTTTATTATTCATGAGCATCATACCAATGCGATGAAAGCATCTATTCGGGAACTTTGTACCCACGATTATCAACCGGAAAATGGCTATTATGTCGCGCCGGAACAGCCCGGATTGGGTCAGGAATTAAACGATGAGGTAGTGAAAGAATATCTGGCCTATGTGATTAAATAGCATCTGGTGATACTGATTATGGTTTATGCCTCCCGGCATATCCCCTAAATAATTCGAGTTGCAGGATAAAATGGTTAACCGTCTTGAACAGCGCTTGCGCTAACCGCGACGGGGCGAGGCCCAGGGATGGGCCGAGTAACTCGCAGCCAACGCACATGAAACTTGAAGTATGACGGGTATACACGGGAGGTATTGATTTTCTAACCTCTTCCTGGCCAGGCCCCGATCTCCCCTGTGTCGCCTCTGAAGCCGATCGCCAATAAACGCCAAGACCACGCTTATAAATGAAGAGAGCATGCGGCACCCGAATAAAGCATTGTCTGGCTGCATTCCGTTTACCAGTACGTGGGCGAATGTGTTATAATTTGCGACCTTTGAATCCGGGATACAGTAGAGGGATAGCGGTTAGATGAGCGACCTTGCGAGAGAAATTACACCGGTCAACATTGAGGAGGAGCTGAAGAGCTCCTATCTGGATTATGCGATGTCGGTCATTGTTGGCCGTGCGCTGCCGGATGTCCGAGATGGCCTGAAGCCGGTACACCGTCGCGTACTTTACGCCATGAACGTATTGGGCAATGACTGGAACAAAGCCTATAAAAAATCTGCCCGTGTCGTTGGTGACGTAATCGGTAAATACCATCCCCACGGCGATTCCGCAGTGTATGACACCATCGTTCGTATGGCGCAGCCATTCTCGCTGCGTTACATGCTGGTGGATGGTCAGGGTAACTTCGGTTCTATTGACGGCGACTCCGCGGCGGCAATGCGTTATACGGAGATCCGTCTGGCGAAAATCGCCCACGAACTGATGGCCGATCTCGAAAAAGAGACGGTGGATTTCGTGGATAACTATGACGGTACGGAAAAAATTCCGGACGTCATGCCGACCAAAATTCCGAATCTGCTGGTGAACGGTTCTTCCGGTATCGCAGTAGGTATGGCGACGAATATCCCGCCGCACAACCTGACGGAAGTGATTAACGGCTGCCTGGCGTATATCGACAACGAAGACATCAGCATTGAAGGGCTGATGGAACATATTCCGGGGCCGGACTTCCCGACCGCCGCGATCATCAACGGTCGTCGTGGTATCGAAGAAGCCTACCGCACCGGTCGTGGCAAAGTGTACATTCGCGCCCGCGCGGAAGTTGAAGCTGACGCCAAAACGGGCCGTGAAACCATCATCGTCCATGAAATTCCCTATCAGGTGAACAAAGCGCGCCTGATCGAGAAAATCGCCGAGCTGGTGAAAGATAAACGCGTGGAAGGCATCAGCGCGCTGCGTGACGAATCCGACAAAGACGGGATGCGCATCGTGATTGAAGTGAAACGCGATGCGGTGGGCGAGGTGGTGCTTAATAATCTCTACTCCCAGACCCAGCTACAGGTTTCCTTCGGTATTAACATGGTGGCGCTGCATCACGGCCAGCCGAAGATCATGAACCTGAAAGATATCATTTCAGCGTTCGTGCGCCACCGCCGTGAAGTGGTGACGCGTCGGACTATTTTTGAACTGCGTAAAGCCCGTGACCGTGCGCATATCCTTGAAGCTCTGGCGATTGCGCTGGCCAACATCGACCCGATTATCGAACTGATTCGCCGCGCGCCAACGCCGGCGGAAGCAAAAGCGGCGCTGATTTCGCGTCC
NZ_CP041005.1_gap36	1553646	1554294	648	ATCCCGTCTTCACCCAGCCAGGCGGTGACGAATTTTTGCTCTTTCTTACCTTCAGGGCAGGCCATCATGGTTGATACCGGAGAGGTGACGTTATCAAAGACATAATAGTCATAGCCCCAGCCTTCCAGCGTTTTTGTTTCCAGCGTGCCGCCGAGGCGATGCTGGTTACAATCCACATTCAGCGTTTGGCCAATCAACAGTTCCACTTTGAGGGTAGATTCATCCTGCTGAGGGGTAAGGGTTATCACTTGCCGCTTCATTCCTTTTTCCGCCTGCGGATAGGGGGCGATTTTTTCCAGCGGCTGGGCGGTATCGCCATTGTTAGCCCAGGCAGAGGCGCTGGCGAGGGCGGCGAAGACGACGGCAGGGACAAACATCTTCATTTGATTGTTCACAGTATTTCCTTTCTGCTGTTTTCGGTATTCACTGACAACAGATTAACACATTCATATTATCTATTAATCTGTATTTACTCATATTTTCAAGATTATTAATAAAATAGCGTCTTTTTATATAGTGGAATATTCTGATATTGATAATGTAAATGAAATTATCAGCTATTAGTGGTTTTCGTTATATAAATATCTATATAACTCATTGAAATGTGAGAAAAAGCACGTTTACGGGTCTTTACCCGGCACTCTTTTG
NZ_CP041005.1_gap37	1556094	1558621	2527	CCCGACGCACCCGCTGGAAAAAGCGGCGAAGAATCCGGGCTCCGACGCTTCCGAGCCGATGAGCTTCGACGAGTATAAAGCCTTCGTGGCAGAATATACGCTGGACAAGACCGCTGAAATGACCGGCGTGCCGAAAGATCAACTGGAACAGTTGGCACAGCTCTACGCCGATCCGAATAAGCGCGTGATCTCTTACTGGACGATGGGTTTTAACCAGCATACCCGCGGCGTGTGGGCGAATAACCTGGTTTACAACCTCCATCTGCTGACCGGAAAAATCTCCCAGCCTGGCTGCGGTCCTTTCTCGCTGACAGGCCAGCCTTCCGCCTGCGGTACGGCGCGTGAAGTGGGAACCTTCTCACACCGTCTACCCGCAGACATGGTCGTGACGAACGAAAAACACCGTGATATCTGCGAAAAACACTGGCAGATCCCCGCTGGCACTATTCCGGCAAAAGTGGGTTTACACGCGGTGGCGCAGGATCGCGCGTTGAAAGACGGCAAGCTGAACGTCTACTGGGTAATGTGTAATAACAATATGCAGGCCGGGCCGAACATCAATGAAGATCGGATGCCGGGCTGGCGCGATCCGCGTAACTTTATCATTGTTTCCGATCCTTACCCGACGGTGAGCGCGCTGTCTGCGGATCTGATCCTGCCGACCGCCATGTGGGTTGAGAAAGAAGGCGCTTACGGCAACGCCGAACGCCGCACGCAGTTCTGGCGTCAGCAAATTAAAGCGCCGGGCGAAGCTAAATCCGACCTCTGGCAACTGGTGCAGTTCTCCCGTCGTTTTAAAACCGAGGAGGTCTGGCCGGAGGCGTTGTTGGCTCAGAAGCCGGAGCTGCGCGGCAAAACGCTGTATGACGTTCTGTTCGCCACGCCGGCGGTCAGCAAATTCCCGCTGAGCGAGCTGAAAGAGGATCAGTTAAACGATGAGTCTCGTGAGCTGGGCTTCTATCTGCAAAAAGGGCTGTTTGAAGAATACGCCTGGTTTGGACGTGGCCACGGGCACGATCTGGCGCCGTTCGACGATTACCACAACGCGCGCGGTCTGCGCTGGCCGGTCGTGGAAGGCAAAGAGACGCAATGGCGTTACAGCGAAGGCAACGACCCGTATGTAAAAGCGGGGGAAGGGTACAAATTCTACGGTAAACCGGATGGCAAAGCGGTGATCTTCGCGCTGCCATTTGAACCCGCGGCGGAGTCGCCGGACAACGAGTACGATCTGTGGCTTTCCACCGGTCGCGTGCTGGAACACTGGCATACCGGCAGTATGACGCGCCGCGTGCCTGAATTGCATCGCGCCTTCCCGGAAGCGGTGGTCTTTATTCACCCGCTGGATGCGAAAGCGCGCGATCTGCGTCGTGGGGATAAGGTTAAAGTGTCGTCCCGCCGCGGCGAAGTGATTTCGATTGTCGAAACGCGTGGACGTAACCGTCCGCCGCAGGGACTGGTGTATATGCCGTTCTTCGATGCCGCTCAGCTAGTGAACAACCTGACGCTGGATGCGACGGACCCGCTCTCTAAAGAGACGGACTTCAAGAAGTGCGCCGTTAAGCTGGCGAAGGTGTAACGCGTTATGTCCCGTACAGCGAAACCCCAAAATGGCCGCCGCCGCTTCCTGCGTGATGTTGTGCGCACTGCGGGCGGGCTGGCGGCGGTTGGCGTGGCGCTGGGCTTGCAACAGCAAACCGCGCGCGCATCGGGCGTGCGGCTGCGTCCGCCTGGCGCGCTGAATGAAAATGTCTTCGCCAGCGCCTGTGTGCGCTGCGGGCAGTGCGTTCAGGCGTGTCCATACGACACGCTAAAACTGGCGACGCTGGCCTCCGGACTATCGGCAGGCACGCCCTATTTCGTCGCTCGCGACATCCCCTGCGAAATGTGTGAAGACATTCCGTGCGCCAAAGTCTGCCCCAGCGGGGCGCTGAATAAAGATATCGCCTCCATTGATGACTCGCGCATGGGGCTGGCGGTGCTGCTGGATCAGGAAAACTGCCTCAACTTTCAGGGGCTGCGCTGCGACGTTTGTTACCGCGAATGCCCGAAAATCGATGAGGCCATCACGCTGGAGCTGGATCGCAACATGCGCACCGGCAAACATGCGCGCTTTCTGCCCACCGTACACAGCGACGCCTGTACCGGCTGCGGCAAATGCGAAAAAGTCTGCGTACTGGAGCAACCAGCGATAAAAGTGTTGCCGTTGTCATTGGCGAAAGGGGAGTTAGGACACCATTACCGCTTCGGCTGGCTGGAGGGGAAAGATGGCAAATCGTAAACGCGACGCCGGGCGAGAAGCGCGGGCGAAAAAAGGCTGGTGGCGTAGCCACCGTTGGCTGGTGTTACGCCGTATCAGCCAGTTTATGGTGCTGGGGATGTTTCTCAGCGGCCCGTGGCTGGGCTTTTGGGTTTTGCATGGCAACTACAGCAGTAGTTTGCTGTTCGATACCCTCCCGTTGACCGATCCGCTGATTACCCTGGAAAGTCTCGCCAGTGGACATCTTCCCGCTACCGTGGCGCTGACGGG
NZ_CP041005.1_gap38	1612266	1615329	3063	GATTTGTGAAAAGGTAAGGCGGAAGCCGTAAAGGATAATCCCTAAACGCAGCAGATGTTGTTTTGCAAACAGCACGCCGCCGTCGCATTGTTTCCATATTTGTGGATAGATGGTATTCCCGATAACCATACCCAGCAGGATAGCCAGGGTCAGGGCGCTGAACCCCGCGCCTGCAACGGCAGGGATAGCGCCGCCCCACAGGGCGACTCCTGTAATGACGGCGCTCAGAGCGAGCCCCGGTATAAAATGCCACATTGTACGACAATGATTCTGCAAGGTGAGTTCTGTCATAACCTTCTCCTGTATATGGACAATAAGGTTACGGTGATCTGGTTTAAAAATAAAATTGATTATATATTTATAATTAATCTTTATAAGTGGTAAGTGAAACGCTATCGGTGGGATACGACTATGCATATTACGCTACGACAACTTGAAGTGTTTGCTGAAGTACTGAAAAGCGGTTCAACAACCCAGGCGTCGGTCATGCTGTCATTATCGCAGTCCGCCGTTAGCGCCGCGCTCACCGATCTGGAAGGTCAGCTCGGCGTACAGTTGTTTGATCGGGTGGGGAAACGGCTGGTGGTCAACGAACATGGGCGCTTGTTATACCCGCGCGCGCTGGCATTGCTGGAGCAAGCGATAGAAATTGAGCAGCTATTTCGTGAAGATAACGGCGCGATACGGGTTTATGCCAGTAGCACCATCGGCAATTACATTTTACCCGCTATGATTGCCCGCTATCGCCAGCATTATCCGGCCTTGCCGCTGGAACTCAGCGTGGGAAACAGCCAGGACGTGATTAACGCGGTGCTGGATTTTCGGGTTGATATCGGCCTGATTGAAGGACCATGTCACAGTACAGAGATTATCTCTGAGCCGTGGCTGGAAGATGAGCTGGTGGTCTTTGCCGCGCCGTCCTCGCCGCTGACGCAGGGGCCGGTGACGCTGGAACAGCTTGCGGCATCCCCATGGATTTTACGCGAGCGCGGTTCCGGTACGCGGGAAATTGTCGATTATTTGCTGTTGTCGCATTTGCCGCGCTTTCATATGGCGATGGAGTTGGGGAATTCAGAAGCGATCAAACATGCGGTGCGTCATGGACTGGGGATAAGTTGTTTATCGCGCCGGGTGATTGCTGAACAACTCCAGGCGGGAACCCTGGGCGAAGTCGCGGTGCCGTTACCGCGCCTGGTGCGCACGTTGTGGCGTGTTCATCATCGGCAGAAACATCTTTCTAACGCGTTGCAGCGTTTTTTGAGTTACTGTGAATAAAGGTGAAGAGGAGGGCTGCCCGGGCGGCATCGCCATTTTTAGTATCCGCTTACGTATACGTTATTCTCTGCTTTACTTATAATCCGTGGCCGGTCATGAAGGTCTCTTATAACCGCGCATTTGTGTCGGAAGGATAGTATTTCGTCTGTTACAATCGCGCCTCATTTTTTGGATGGATAGCATTTTCACATGGGTTCCAAAACTAAAACCACAGAAGCGCCCGCGCTACGTCGCGAATTAAAGGCGCGTCACCTGACGATGATTGCCATTGGCGGCTCCATCGGGACAGGTCTTTTCGTTGCATCTGGTGCGACAATTTCTCAGGCGGGGCCAGGCGGCGCGCTGTTTTCTTATATTCTGATTGGTTTGATGGTCTACTTCCTGATGACCAGTCTTGGCGAGCTGGCGGCCTATATGCCAGTATCTGGCTCGTTTGCGACATATGGTCAGAACTATGTGGAAGAAGGCTTTGGTTTCGCGCTGGGCTGGAACTACTGGTACAACTGGGCGGTGACTATCGCTGTTGACCTGGTTGCCGCGCAATTGGTGATGGGCTGGTGGTTCCCGGACACGCCGGGCTGGATCTGGAGCGCGCTATTCCTCTGTGTCATTTTCTTGCTGAACTACATTTCTGTACGCGGTTTTGGCGAGGCGGAGTACTGGTTCTCGTTAATTAAAGTCGCGACCGTTATTATCTTCATCATCGTTGGCGTAGCGATGATTATCGGCATTTTTAAAGGTGTCGAGCCGGTCGGCTGGAGCAACTGGACGACGGGCGATGCGCCTTTCGCTGGCGGTTTTGCGGCAATGATTGGCGTCGCGATGATCGTGGGCTTCTCTTTCCAGGGAACTGAGCTGATTGGTATTGCCGCCGGGGAATCTGAAAACCCGGAGAAGAATATTCCACGCGCGGTGCGTCAGGTGTTCTGGCGTATTCTGCTGTTTTATGTTTTCGCGATTTTGATTATCAGCCTGATCATTCCTTATACCGATCCAAACCTGCTGCGTAACGACGTCAAAGACATTAGCGTCAGTCCGTTTACCTTAGTGTTCCAGCATGCGGGCTTGTTGTCTGCGGCGGCGATAATGAATGCGGTTATCCTGACGGCGGTACTGTCTGCGGGTAACTCCGGGATGTATGCCTCGACCCGTATGCTCTACACCCTGGCCTGTGACGGTAAGGCCCCGCGTATTTTTGCGAAATTGTCCCGCGGCGGCGTACCGCGCAATGCGCTTTATGCCACCACCGTGATTGCCGGTCTTTGCTTTTTGACCTCAATGTTTGGCAACCAGACGGTCTATCTGTGGCTGTTAAACACCTCCGGTATGACGGGCTTCATCGCCTGGCTGGGGATTGCCATTAGCCATTATCGCTTCCGTCGCGGTTACGTGTTACAAGGGTATGATGTGAATGATTTGCCGTACCGTTCCGGGTTCTTCCCGCTGGGGCCGATTTTCGCCTTTGTACTGTGCCTGATTATTACGTTGGGGCAGAACTATGAAGCGTTCCTGAAAGATACCATCGACTGGGGCGGCGTCGCGGCGACCTATATCGGTATTCCGCTGTTCCTGCTTATCTGGTTCGGCTACAAGCTGATAAAAGGTACGCATTTCGTGCGCTATAGCGAAATGCACTTCCCGGAACGCGTTAAAAAGTAACGCGGTATTCTCGTCATAGGCCGGATAGGCTTTATGCCGCTATCCGGCACTGACTGCCTGAACCTGACTCTTCTAACCCTCTCATTCGAGAGGGTTTTTTGTTTTTTCTTCATGATTGGTTCAAATGAC
NZ_CP041005.1_gap39	1666726	1667600	874	GTGTAGCGCCGCGTATTACCTTCTCTTCAACGCAATTTGACAGCCACGATATCACATTTAATAACGGGTCTGCCAAAGGTGTCGGTTTTGCGGTTTACTACGGAAGTACGGATAATCAGATTGATCCAGAGACGGGGGTGACACTAGATCCAAATAGCAGCGGTGAATACGACCTGACTTTTTTAGCACGCTATGCGCGTTTAGACGGTGATGTTGCTTCTGGTGATGTTAGCTCAACACTGACTTTAACGGTTGTTACTGACTAATTTATTCAACCGGCGGCGTTCGTCGCCGGTTTTTTATAAGCAAGGCCGTGTAAATATGAAAATATTATCTGCAGTATTATTATCTGCCATAATTTTGCCTGCGCATGCTGGTATTGTTATTTATGGTACGCGTGTGATTTACCCGGCAGAGAAGAAAGAAGTCGTTGTACAATTGGTGAATCAGGGCGAGCAAGCTTCGCTGGTACAGTCCTGGATTGATGACGGTAACACTTCATTACCGCCAGAAAAAATTCAGGTGCCATTTATGCTGACGCCGCCAGTGGCGCGCGTTGCCGCTGAGTCTGGTCAGCAGATCAAAATCAAGAAAATGCCTAATAGCTTACCGGACAACAAAGAAAGTCTGTTTTATCTGAATGTGCTTGATATTCCACCAAACAGCCAGGAAAACGCCGGTAAAAATGTGCTTAAATTCGCAATGCAGAATCGAATAAAATTAATATGGCGCCCCAGTCGAATTGCCGCCGTAACCAAAGACAGTTTTCAGAGGATTGGTTTATTTCGCAGTAATAAAGCTGTCATCATGAAAAATGATACTGCAAACTGGATTACCGTGACGGATGTAAAAGCAGGAAATACTAAGATTAATG
NZ_CP041005.1_gap40	1710677	1715656	4979	GACCAGGTTATCAATGCCGAGAACAAGTTCGATAACGATTAACGTTACCAGTCCGGCCCAGATTGACGGATCGGCAATCCATTCCATAGTAAGAGCAATACCTTCTGTAATATGACAATTGTCACAATTCGATCATGGATAATACGGCGGAAAAATGCAATGCCGCAGCGCAATTTATCTTTGTTACGCGGCTATAAAATAACTTTAAAATAGCCGTAATGTTTCTGTCAGAAACTAAATAATGTCAAGAATATATTTAGGAAATATCGCAGGTGGAGTGGAGTAAATAAATATTGTCAACATCAATAAAATCCTAAAATCATCTGTTAATTCATTTAATATTAATCTTAAAAATATAGAATGGCGGGTTTGTTACCTTGCCTGTCATTAGGTTAGCTGCAACAATTCTTGCAGGATTAAGATAGCGCGCTTAAATATCCTGTCACGACATCGAGAAAACTATTAATACGTAACCTTTATTTCGCTGAAGATTTTTATCTGAACGAGGATAAAATCTGAGGGGAATGCGAAAATTTAGAATAATCAGTGTATTGGTAGCTAAGAAGCCAGGGGCGGTAGCGTGCCTGAAAGCCTGAATATAAGCCTTTATTATTCTGTCAATAGCCTGCGGATGAATTGATTTTTTTTCAGAATGATGCCAGTTAATTTTCTCTGCTATTAACTGCAAGGTAAATGTGCACGGACGAAGCCGCTATTTAAATTGCACAGGATAATGACTCTGCCAAAGTGATAAATAATCAATGATGAAATCCAAAATGAAATTGATGCCATTATTGGCGTCGCTCAGCTTGATAAGTGGTTGCACAGTACTTCCGGGCAGCAATATGTCTACGATGGGGAAAGATGTGATCAAACAGCAAGACGCTGACTTTGATCTCGACCGGATGGTCAATGTGTATCCGCTGACGCCACGGTTGGTTGAGCAATTACGCCCGCGGCCCAATGTCGCGCAACCGAATATGTCGCTGGACCAGGAGATCGCCAGCTATCAGTATCGCGTCGGGCCTGGCGATGTGCTGAATGTCACCGTCTGGGATCACCCGGAATTGACCACGCCAGCAGGCCAGTACCGTAGCTCAAGCGATACCGGCAACTGGGTACAGCCGGACGGCACCATGTTTTATCCCTACATTGGCAAGGTTAGCGTCGTCGGTAAAACTTTGTCAGAGATTCGTAGCGATATTACCGGGCGTTTAGCGAAGTACATTGCGGACCCGCAGGTGGATGTCAATATCGCCGCTTTCCGCTCGCAAAAAGCGTACATCTCCGGCCAGGTGAATAAATCCGGTCAGCAGGCTATTACTAACGTACCGCTAACCGTCCTGGATGCGATTAACGCTGCGGGCGGCCTGACCGATATGGCGGACTGGCGCAACGTCGTGTTGACGCACAACGGCAAAGAACAGCGCATTTCGCTACAGGCGCTGATGCAAAATGGCGATCTTAGCCAGAACCGCTTGCTCTACCCTGGCGACATTCTGTATGTGCCGCGCAATGACGATCTGAAAGTCTTTGTCATGGGCGAAGTGAAAAAACAGAGCACCCTCAAAATGGATTTCAGCGGCATGACGCTCACCGAAGCATTAGGCAATGCGGAAGGCATTGATCTGACCACCTCCAACGCCAGCGGCATTTTTGTGATTCGTCCGTTGAAAGGCGAGGGGGGACGCGGCGGCAAGATCGCCAATATCTACCAGCTTGATATGTCTGACGCCACGTCATTGGTGATGGCGACGGAATTCCGACTTCAGCCTTACGATGTGGTGTACGTCACGACCGCGCCGGTTGCTCGCTGGAACCGTCTGATCAATCAGTTGCTGCCAACCATTAGCGGTGTCCGTTATATGACGGATACGGCCAGCGACATTCATTCCTGGTAATCGTTATGTTTAACAAAATCTTAGTGGTCTGTGTGGGGAATGTTTGCCGTTCCCCGACGGCGGAACGTTTGCTAAAACGCTTTCATCCCTCGCTGACGGTTGCGTCCGCAGGATTAGGCGCACTGGTCGGCAAAGGCGCCGATCCTGCGGCGGCGAGCGTGGCGAGCGCCCACGATCTGTCTTTGGAAAATCACTGCGCAAGGCAAATTTCCGCGCGTCTGTGCCGGGAATATGACCTGATTCTGACGATGGAGAAACGTCACATCGCCGCCCTGTGCGACATTGCGCCGGAAATGCGCGGCAAGGTAATGCTGTTTGGTCACTGGGACAGCGAGCGTGAAATACCGGACCCGTATCGCAAAAGCCGCGATGCGTTTGAGGCGGTGTACACATTACTGGAAAGGTCTGCCCGCCAGTGGGCGCAGGCACTGAATGCAGAGCAGGGAAAACCATGACAGAAAAAGCAAAACAATCTGCGGCGGTTACGGGTAGCGATGAAATCGATATCGGGCGCCTGGTCGGAACGGTGATTGAAGCGCGTTGGTGGGTGTTGGGGACGACGGCCATATTTGCGCTGTGCGCGGTAATTTATACGTTCTTCGCCACGCCCATCTATAGCGCCGATGCGCTGGTACAGATTGAACAAAACGCCGGTAATTCGCTGGTACAGGATATCAATAGCGCATTAGCGAATAAGCCGCCGGCTTCCGATGCGGAAATTCAGCTCATTCGATCGCGCCTGGTGCTGGGGAAGACCGTTGACGATCTGGATCTGGATATTGCCGTCACCAAAAACACCTTTCCGCTGTTCGGCGCCGGGTGGGAACGGCTGATGGGACGTCACAATGAAATGGTGAAAGTCACGACATTCACCCGACCAGAGACGATGAGCGGACAGATCTTCACCCTCAAAGTGCTGGGCGACAAACGTTATCAGTTGGTTAGCGACGGCGGATTTAGCGCGCAGGGCGTTGTGGGCCAGCCACTCAATAAAGACGGCGTGACGATGCGGGTAGAGGCGATTGACGCCCGTCCTGATACAGAATTTACGGTGAGTAAATTCTCAACGCTTGGCATGATTAATAACCTGCAAAATAACCTCACCGTAACGGAAACCGGCAAAGATACCGGCGTTCTGAGCCTGACGTTCACGGGAGAGGATCGCGACCAGATCCGCGAAATTCTCAACAGTATTACCCGTAACTATCTGCAACAGGATATTGCGCGGAAATCTGAAGAGGCGGGGAAGAGCCTGGCGTTTCTGGCAAAACAACTGCCGGAAGTCCGCAGCCGTCTGGATGTGGCGGAAAACAAGCTAAACGCTTTCCGCCAGGATAAAGACTCGGTGGATTTACCGCTGGAGGCGAAGGCGGTGCTCGATTCGATGGTTAATATCGACGCCCAGTTGAATGAGTTGACGTTTAAAGAGGCGGAAATTTCCAAGCTCTTTACCAAAGCGCATCCGGCTTACCGCACCCTGCTGGAAAAACGTAAAGCGCTGGAAGATGAAAAAGCCAAACTGAACGGGCGGGTGACGGCAATGCCGAAAACCCAGCAGGAGATTGTGCGTTTGACCCGCGATGTGGAGTCCGGCCAGCAGGTCTATATGCAACTGCTTAATAAACAGCAGGAGCTGAAAATCACCGAAGCCAGCACCGTTGGCGACGTGCGCATCGTTGACCCGGCGATTACCCAGCCGGGCGTGCTGAAGCCGAAAAAGGCGTTGATTATTCTCGGCAGCATTATTCTGGGATTAATGTTATCGATTGTCGGCGTGCTGCTGCGCTCGCTGTTTAATCGCGGTATCGAAAGCCCGCAGGCGCTGGAGGAGCACGGGATCAGCGTCTATGCCAGTATTCCGCTGTCGGAATGGCAAAAAGCGCGCGATAGCGTCAAAACCATTAAAGGAATTAAGCGTTACAAGCAGAGCCAACTGCTGGCGGTGGGCAATCCGACCGATCTGGCGATTGAGGCGATTCGCAGCCTGCGCACCAGCCTGCATTTCGCCATGATGCAGGCGCAAAATAATGTACTCATGCTCACAGGCGTCAGTCCCTCTATCGGCAAAACCTTTGTTTGCGCCAACCTGGCGGCCGTCATCAGCCAGACGCATAAACGGGTATTACTGATCGACTGCGATATGCGTAAGGGCTACACCCATGAACTGCTCGGCACCAATAACGTGGACGGCTTATCTGACATTCTGGCGGGCAAAGGCGAGATAGCCTCCTGCGCGAAACCCACGGCGATCGCTAATTTTGATCTTATTCCGCGCGGTCAGGTGCCGCCTAATCCATCGGAACTGCTGATGAGCGAGCGCTTCGGCGAGCTGATCGCCTGGGCAAGCAGCCGCTACGATCTGGTATTAATCGACACGCCGCCGATTCTGGCCGTGACGGACGCCGCGATTGTGGGTCGCCACGCCGGGACGACGCTGATGGTGGCGCGTTATGCCGTCAACACCTTAAAAGAGGTGGAAACCAGTCTGAGCCGTTTTGACCAGAATGGCATTCAGGTCAAAGGCGTCATTCTCAACTCCATTTTCCGCCGGGCGACGGGCTACCAGGATTATGGCTATTACGAGTATGAATACCAGTCAGATTCCAAATAAAAAATAAGGCGTGCCGGATGGCGCGGCCTGAGACTGTAGGCCGGACAAGCGTAGCGCCATGCGGCAAAACTATCTGGGGAATAAGCATGACAACAGACAATCCGCTGATCTCAATTTATATGCCAACCTGGAACAGGCAGCAGTTGGCTATCCGGGCGATTAAATCAGTACTACGTCAGGACTACCGTCACTGGGAGATGATCATCGTGGATGATTGCTCTTCATCTTATCAGCAGCTACAACAATTTGTTGAGGAGCTGAACGACCCGCGCGTCCGTTATACCCATAACGCCAGGAATACCGGCGCCTGCGCGGTTCGCAACCAGGCCATTATGCAGGCGCAAGGGCACTACATTACCGGTATTGATGATGACGATGAATGGACGCCAAACCGTCTGAGCGTGTTTCTGGCCCATAAACACCAGTTGACTACGCACGCCTTTTTGTATGCCAACGACTATGTGTGC
NZ_CP041005.1_gap41	1815691	1818641	2950	CCGATTATTACGGACGAGACATCTTATGCAGACACTACACGCTTTACTCCGTGACATTCCTGCGCCGGACGCCGAGGCGATGGCGCGTGCGCAGCAACATATTGACGGCCTGCTCAAACCGCCGGGCAGCCTGGGCAGACTGGAAACCTTAGCCGTTCAGCTCGCGGGTATGCCGGGTCTTAACGGTACGCCGCAGGTAGGTGAAAAGGCGGTGCTGGTGATGTGCGCCGACCATGGCGTCTGGGATGAAGGCGTAGCGGTTTCGCCCAAAATCGTGACGGCGATTCAGGCGGCGAATATGACGCGGGGAACAACCGGCGTATGCGTGCTTGCCGCTCAGGCCGGTGCGAAGGTGCATGTCATTGATGTCGGTATTGATGCCGAACCTATTCCTGGCGTAGTTAATATGCGCGTCGCGCGCGGCTGCGGAAATATTGCCGTTGGCCCGGCGATGAGTCGCTTGCAGGCTGAGGCGCTTTTGCTGGAGGTTTCCCGCTACACCTGCGACCTGGCGCAACGCGGCGTGACCTTATTTGGCGTAGGGGAGCTGGGAATGGCGAACACTACGCCAGCCGCCGCGATGGTCAGCGTTTTTACAGGAAGTGATGCAAAAGAGGTGGTGGGGATTGGCGCGAATCTTCCGCCTTCCCGCATCGATAATAAAGTGGACGTCGTGCGGCGGGCGATTGCGATTAATCAGCCCAATCCGCGCGACGGCATTGATGTGTTGTCGAAGGTGGGTGGTTTTGATCTGGTCGGGATGACCGGCGTGATGCTTGGCGCGGCAAGGTGTGGCTTACCCGTATTGCTGGATGGCTTTCTTTCCTACTCGGCAGCGCTGGCGGCCTGTCAGATTGCGCCTGCGGTGAGACCTTATCTGATCCCGTCGCACTTTTCGGCGGAAAAGGGCGCCCGCATCGCGCTCGCGCATTTGTCTATGGAACCCTATTTGCATATGGCGATGCGGTTAGGTGAAGGAAGCGGCGCGGCGCTGGCGATGCCGATCGTGGAAGCCGCGTGCGCCATGTTCCACAACATGGGGGAGTTGGCGGCCAGTAATATTGTCCTGCCGGAGGGGAACGCAAACGCAACATAACCCGGGCGCACAACACCAGCCATGTGAGAAAAAAGCTATACTTAACGCACACCTGCCGCGACAAAGGAAGGGATATAATGCGTCGTATCACACCTTTTTTTCCGTTTTTCGTCTTGTTGGTAAGCCATTTCTCGCTGGCTATAAGCTATCCGTTGCCGCCCGAAGGCAGTCGTCTGGTAGGACAGCCTGTCACAATCGCCGTACCGCAGAACAATACTCAGCCCTTAGAGTCATTTGCCGCCCGCTACGGTCAAGGGCTGAGTAATATGCTTGAAGCGAATCCCGGCGTGGATGTGTTTTTACCTCAGTCTGGTTCCACACTGGTGGTGCCGCAGCAGTTGATTCTGCCTGACACCGTTCGTGAAGGTATTGTGGTAAACGTCGCCGAGATGCGCCTTTATTATTATCCCGCAGGCACGAATACGGTTGAGGTGCTACCTATTGGTATTGGTCAGGCTGGCCGTGAAACGCCGCGCAACTGGGTAACTGCGGTTGAACGCAAACAAGATGGCCCGGTTTGGGTGCCAACGGCTAATACGCGTCGGGAATATGCTAAAGAGGGAAAAACGCTGCCCGCGATGGTGCCTGCGGGGCCGGATAACCCTATGGGGCTATACGCAATATATATCGGCAGGTTATATGCCATCCATGGCACTAACGCTAACTTTGGCATTGGCCTTCGCGTCAGTCAGGGCTGTATCCGTTTACGCAATGACGATATTAAATATTTATTCGACCATGTTCCTGTAGGAACCCGCGTTCAGATTATCGACAGGCCCGTTAAATTTTCGGTAGAGCCGGATGGCAGTCGTTGGCTGGAGGTACACGAACCGCTTTCTCGCAACCGTGCTGAATTTGAGTCAGACAAAAAAGTTCCATTGCCCGTTACGCCAGTGCTGCGCACGTTTATCAAAGGGGATGACGTTGATACTTCGCGGGTTAATGAGGTGCTGGAGCGCCGTTCCGGAATGCCGGTCAACATTAGCGCGGGCAGGCCTGGCCTTTAAATATCCTGTCGCATTGCTGGTTTTCATGGGCTGGAGTATCTGTATTAGTAGTGAGTGTCATGGCAGGGGCTCCATTTTCTCAGCGAACCGTGAGGCCCCCGATTAGGCCCCTAAAAACTATGGATGTCAAGAAACCCGGTAGACCTTATCAGGTCAACCGGGTAAAGATAAGTTCTTGTTTTTTTAAACGTCTCTGGACTCGCTGGGATGTCCCGAAACTAAAATCTGGCTCCTCTGACTGGACTCGAACCAGTGACATACGGATTAACAGTCCGCCGTTCTACCGACTGAACTACAGAGGAATCGTGTGGGGTCGTATATTAGCGGCGGAAAAATTTTTGTCAAACCCCATTTAACCTCTTACAGATTCGATTGCGGGTTATCTCATCACTTTGTTGCATTTGCAGACATTTTTTCTGCAAAAAGCTTTGCAGCCTTACGATTTCTCGCTCATTATTGAAATGTGGTTTCAACTCTCTTCTTTAAGGTCCATTTTGAACGTCTCCACTGCCTTACGCCAGGCTGTCGTCCGTACGCCCTGGTATGCCAAACGCAAGAGCTACAAAGTGTTGTTCTGGCGTGAAATCACCCCACTTGCTATCCCTATTTTTCTGGAAAATACCTGTGTTTTGCTAATGGGCGTGCTCAGTACTTTTCTCGTCAGTTGGCTGGGCAAGGAAGCAATGGCGGGCGTGGGGCTTGCCGACAGTTTTAATATGGTAATTATGGCTTTTTTTGCGGCTATCGATCTTGGTACTACGGTGGTGGTCGCCTTTAGCCTCGGCAAGCGCGACAGGCGACGCGCAAGGGCGGCGGCGCGCCAGTCGCTGGTGATTATGACGCTATT
NZ_CP041005.1_gap42	1820624	1823720	3096	CCGACATGGTTAGGCGGTTACACCCCATGGACAGCCAGACGTGTTATGGTTCGTAACATTGCGCCGTTTGTTGGACGTTCCATTCCTTTGATCGGGGAAATTATCCTTGCCGCAGATGTGTCACAAATAACATATTGCACTATACGCGACTACAATACCATTGCTCGGGGCAATGATAAGTTATGGTAGACAATATTGAACAGCAAGTTTACGAGCTTGTACGGCCTTATGCTGGCACATATCTTTTCAACATTAAGCAAGTGGAATTAACACCAGAGATTGACCTTGATACTGATCTGAGCATTGATGAACTTGAAGCCGAAGATCTCATGAATAAATTCTTCGAGGAACTCAATGTCGAGCGAGGTAACTTCAGAATAGAAACCTATTTTCCTAATCACCCTTTTTCATGGCATCCGTTCAAGAAAACGGAACCTGTACCCGTCCCAGATTTCACTATCAGCATGCTGATCGAGTCAGCAAAAGCCGGGAAATGGTTATATGACTAATTGTAATGAACTTAACAAATGGCTGTACCAGTACCCTTCTTTTTGAGCGATGATGGTGGCGCTAAGATAGTTCTCTTTTCTTTTTAAAGGGTTCATGTTTACTGTCGCCACCCTTACGCTAACCCCTTTAGTTTCCTCCTTTGCTGTCATACTATCGAATGACGTGCCTCACCTGTGAACGCTAAGGAGAATAATATGGAAAATAAAGGCACAAACCTAACGCCCGAGCAGGCGCTGGATCGCCTGGAGGAGCTATACGAGCAGTCGGTTAACGCGCTCCGTGAAGCCATCGCTGACTATGTTGATAACGGTACGCTGCCCGATCCCCACGCCAGGCTTAACGGACTGTTTGTTTATCCTTCGCTGTCTGTAAGCTGGGATGGCGCGACACCGAACCCGCCTAAAACACGCGCTTTTGGACGCTTTACTCATCCCGGCTGTTATACCACTACCGTTACGCGGCCTGCGCTATTTCGCGCTTATCTTCTGGAACAGCTTAACCTCGTTTACCATGATTATGGCGCGCATATTGCGGTAGAGGCCTCGCACCATGAGATCCCGTATCCTTATGTGATCGATGGCTCGGCTCTGACGCTGGATCGTTCTATGAGCGCCGGGCTAACGCGCCATTTTCCTACCACAGAACTGGCGCAGATTGGCGATGAGACGGCAGACGGTCTGTTCCACCCCGGCGAATTCTATCCGCTATCGCACTTCGACGCGCGTCGTGTTGACTTCTCGTTGGCCCGGTTACGGCACTATACCGGTACGCCGGTTGAACATTTTCAGCCCTTCGTTTTGTTTACCAACTACACCCGCTATGTCGATGAGTTTGTGCGCTGGGGATGCAGCCAAATTCTTGATCCTGACAGTCCCTATATCGCGCTTTCCTGTGCCGGCGGAATTTGGATCACGGCAGAAACGGAAGCGCCGGAAGAGGCTATTTCCGATCTGGCCTGGAAGAAGCATCAGATGCCCGCCTGGCACCTGGTAACGGCAGATGGGCAGGGGATTACGCTGGTAAATATCGGTGTCGGCCCTTCAAATGCTAAAACGATTTGCGACCATTTGGCCGTGTTGCGGCCTGACGTCTGGCTTATGATTGGGCACTGTGGAGGGTTACGAGAAAGTCAGGCGATTGGTGATTATGTGCTGGCCCATGCCTACTTACGCGATGATCATGTGCTGGATGCCGTTCTGCCGCCTGATATTCCTATTCCAAGCATTGCGGAAGTACAGCGTGCGCTGTACGACGCCACCAAAGCGGTTAGCGGAATGCCCGGTGAAGAGGTGAAACAGCGACTGCGCACGGGAACGGTCGTCACCACGGATGATCGTAACTGGGAGCTTCGTTATTCCGCATCGGCGCTGCGATTCAACCTTAGCCGCGCGGTCGCGATTGATATGGAGAGCGCGACGATTGCAGCCCAGGGCTATCGCTTCCGCGTGCCTTACGGCACGCTGCTTTGTGTTTCTGACAAACCTTTACACGGTGAAATTAAACTGCCCGGGCAGGCAAACCGGTTTTATGAGGGGGCTATTTCAGAACATTTGCAAATTGGTATTCGTGCTATTGATTTACTACGCGCAGAAGGTGATCGTTTGCACTCACGTAAATTACGCACGTTTAATGAGCCACCGTTTCGCTAACGAAATGAGCTGTCGCCTGCTGCTGGACAGGAGCGGAAGAGGCGTATTTATGTGATATGGAAAGTGGCTGAATGAAGCCTTAGCGGGAGGCGGTTCTGTATCCCGTTAAGGCCTTATTGTGCCGCGGCTTCATCACCATCGCCGGAGACCTGTCGCCGATAATCGCGTCTACGTCAGGAAACGCGCCGGAAGGCGAAAACATTGCGCCGCACTTCACGCTCCTTGAGCGCCTGGACCCACAAGCCCGGATTAACAAGCAGATACCGACCGTGAGAATCGATCAGCTTAAAGGGATTATCAGAAGGCTTGATACTGAGGATTTTCGCGTCGGACAGGGATATAGGGTGGTCACGCCATTATCGAACTCATAGCGCCACGAGTGGCGCGGAAAGCCTTCATCATCATAGTGGCGCACGTCGGTAAAGCGCACCAGCCGGTGCTCGCCGTTCCATTCAAATCGGTGCTTCCGGCACTGCGCCTTGCCCCAGCGGTCAGCGATGGGATTGCCGAACTCGTCGTACTCATAGTGGTGGTCTGCCCTGTAGCAGCAGGCGGTCGCCTTTGACTTTCGCCTGATGCTCGCCACCTTCGGGCGGCATGTTCATGCCCAGCAGGTTGTCGTCGTCGTCAAAGCTGAACTCCTCGTGCAGGGCGTTCCAGCGCGGGTCTTCCGGCAGGCGGTGTTGGGTCAACATTAATATCTTGCGGTAATCTCTGTGGGTTTGGATTCGAATTTACGTTAGTGCGTGTGACCGGTAAATCCCGCGACGATCTGCAGGCAGCGATGGTGCTGATGCGCGGCGGCAATCTGGGCCAGCCGTTCCAGTTCAAAAACTTCCGCGATTGATTTTTCCCGCCCGCCGCCTTCCCGCATGTGAGAAAGGTGGCCGGGCGGGTAAATCGATTAAGGCGTGGCTTTTTTAGGCTCTGCGGCCTT
NZ_CP041005.1_gap43	1838126	1839167	1041	GGGGCAAGTACCTGGCGCAGCGTAATGCGGATTTTCTGGTGTCGTACATGGCGAAACTGAGCGCTGAGCTGAAAGGCGACTATGAAACACGGGATGATGCGGTCATCCAGATGTTTGCTACGCATCAGTAACCCCTGTCGCTGAAACGTAAACCGCGTCATTTTATGTTAGTCTGTCGGCAATTATTTTTGGCCGGTTAAATGTATGCAGGAAAATATTTCAGTAACACACGCCCGGAACCTCATCGCCGACGACGCCGGAAGCGAGCTCCAGGCGATGCTGAGTCAATTGCTGGAAATCTACGATGTTAAAACGCTGGTGGCGCACCTTAACGGCCTGGGCGAACAGCACTGGAGCCCGGCCATCTTCAAGCGCGTAATGATGAACGCGGCATGGCATCGCTTGAGCGACAATGAACTCACCTGTCTTAAAACAGAGTTGCCGACGCCGCCAGCGCATCATCCACATTACGCCTTTCGTTTTATCGATCTCTTCGCGGGCATCGGCGGTATTCGCCGCGGATTTGAAGCGATAGGCGGACAGTGCGTGTTTACCAGCGAATGGAATAAGCACGCGGTACGGACATATAAAGCGAACTATTTTTGCGATCCGCTGCAACATCGCTTTAATGAAGATATCCGCGATATCACATTGAGCCACCGGGAAGGGGTCAGCGATGATGAGGCGGCGGAACACATTCGCCAGCATATTCCGCAACATGATGTCCTGCTGGCGGGCTTTCCCTGTCAGCCATTTTCTCTGGCGGGCGTTTCCAAGAAAAATGCGCTGGGCCGCGCCCACGGCTTTGCCTGCGAGACTCAGGGGACGTTATTTTTTGATGTCGTAAGAATTATCGACGCCCGCCGCCCCGCGCTGTTTGTGCTGGAAAACGTGAAAAACCTTAAAAGTCACGACCAGGGCAACACCTTCCGCATTATTATGCAAACGCTTGATGAACTGGGATATGACGTGGCGGATGCCGCTGACAATGGCCCGGACGATCCGAAAATTATCGACGGGCAGCACTTTCTTCCTCAGCAT
NZ_CP041005.1_gap44	1847834	1849304	1470	TGCGATGAATACCGCGACGATTTTAGGGATAAACGACAGCGTCATTTCATTAATCTGAGTCGCGGCCTGCAAGATGCTGATAATGAGGCCGGTAATCAGCGCGACGAGTAACAGCGGCGCAGCCAGGGCGAGAGCGACTTTCATCGCCTCGGTGCCCATCATCATGACGGATTCAGGAGTCATTTTGCGCCTCTAACTGTAAAAGCTTTGGGCCAGCGACCCCATAAGCAATTGCCAACCATCGACCAGCACAAACAGCATCAGCTTAAACGGTAGGGCGATTGTCGCTGGCGGCACCATCATCATCCCCAACGCCATCAATACGCTGGCGATCACCAGGTCGATAATCAAAAAAGGGATGAAAATCGTAAAACCGATCTGAAACGCCGTCTTTAATTCGCTGGTGACATAAGCGGGCAGGAGGATACGCATCGGTACTGCTTCCGGTCCCTGTAACGGACCGCTATTGGCCAGACGGGCAAACAGCGCCAGATCGGCTTCGCGGGTTTGGCGCAGCATGAACGCGCGTAACGGTTGCGCGCCTTTATCCAGCGCTTCCTGCATAGAAATTTTCTGCTCGCTAAACGGCTGGTAAGCATCCACGTAAATCTTGTCAATGACGGGCGACATAATAAAAAAGGTCAAAAACAACGCCAGCCCGAGTAACACCTGATTTGGCGGTGCCGAGGGCGTGCCCAGCGCGTTACGCAACAGGCCAAAAACAATGATGATACGCGTGAAGCTCGTCATCATCAGTAAAATCGCCGGCAGAAACGTCAGCGAGGTGATGAAAACCAGCGTCTGGACGGATAATGACCAGCTTTGGCCTCCGCCCGCTAATGGTTGGCTGATAAGCCCCGGCAGTTGCGCAGCGGCGGCGGGACTAAAAAGCCACAGACCCGCCAGAGAAAGGAATAACAAACGGCGCATCAGGATCTCCCGGAACGCTTGAGTAAGCTCTTCATCATGTTCTGGAAATCCGCCGGTGGGGCAACGGGTGCTTCCGTGTCATTCTCCGCGGGCGGCAGGGTGTGCAGCAGGTTGATCTGCGAGGCGGTCACGCCCAGTACCAGGCGCGCATTTTCGACCTCGACAATCACCACGCGTTCGCGCGGGCCAAGCGAGGCGCTGGCTGACACCTTCAGTCCCCGGACGCTATTTCCTTTTGGCGCGAATCCCATACGCTTAATCACCCAGGCCGCCGCCAGAATGAGCGCAATAATGCCAATTAATGCGCCGCTCACCTGCATGAGCGGCGATCCGGCTGGCGCGGTGGGCTGAGAAACCGTGGCTTCTGTCTTCATCATTAACGACTCAAACGACGCATACGCTCGGATGGCGTAATAATATCGGTGATACGTACGCCGTATTTATCCGCCACGACGACCACTTCACCCTGGGCAATCAGGTAGCCATTAATCAGGATATCCAGCGGCTCGCCCGCCAGCCCGTCCAGCGCGACGACCGACC
NZ_CP041005.1_gap45	1884069	1888265	4196	CTGGTCGCGTTTCTGGCGGCGAAAGGAAAGTTTATTGCGGTGGAGGACGGTTTTTCAACGCATGAGAGTAAAATCTGCCGCCATTAATACGCCACGGTGAGAGCGCGTCTCACCGTGTAAGGACGTGTTGGATTAATTTTGCGTATCCAGGGTGGAGAGTTCTTTATCAATGAAATAAAGCCCTTCGCCGCTTTTTCCCGCCAGCGTTAATTTATCAATAATAGATTTGAATAATTTTTCTTCTTCATGCTGTTCTGCCACATACCACTGCAAGAAATTAAATGTCGGATAATCCTGGCTGGTCATTGCGGCATGAGCCAGTTCATTAATTTTTTGCGTAATAAGCTGCTCATGCTCATAGGTCGCGCGGAACAGCTCATCCAGCGAGGCGTACTCAGCGAAGGGCGAAGAAACGGTATGAATGCGCGGCAGGCTTCCGGTATCGGTAAGGTAGTCAAACAGGCGCTGCATATGCGTCATCTCTTCTTGCGCATGGCGACGAAGAAATGCGGCCGCGCCTTCAAAACTGTGATAGCTACACCACGCGCTCATTTGTTGATAGAGCAGGGAGGAGTACAACTCCAGATTCATTTGCTCATTCAGTTTGTCGATCATTTCTGTTTTCAGCATGGTTCCGCTCCACAAATAGCAAAAGATATACGGTAATGTGGCGCCACTATAATTTGTTATTTTATTATTTGCAAAAGGTAAAATATTAAATTTAATTATTAAAAATACGAATGGGAATAAAACGCATTAACGCCAGTGTATAGCGTATAAAAATAAAGGAAAGCCAGCACCTTCATGCTGGCAATAGCGACCCTGCACTCTCCTCCATTGTAGATGGTGTCGACGTTAAGCCAGCCGCCTTAATAATAAAGCGGCATGATTTGCGGGACGGCAACGCCCCGGCACTGCCAGGAGAGGGTAAATCGGGTGTTCAGACACAACGAGCCCGCATAAATGCTACAGGTTCCTACCGGCTGACCAAACGAAACGGCATCGGCATAGCCCATCTGCTGGCATTCGCGTGTTGCGGTCCCGTGAGATACATAATCATCTGTCCGTGAAGTAAAAAATAGCGGCTGGTTATACGTCAGGCGCACGATGCCGCTTATCGGGCTGGCTTCGCTGACCTGCGCTTGTCGAGTAATGGTGCATCCCGTCAGGGCTAGCAGTGAAAGAGTAAAAATAAGAGGCTTCATAAAATCGCTCCGACAGTTCGGTATCAGACCATGCTACCTCGTGTCTTGCACTGTCAATGGCTGGAATAACTTACGGATTCGCCTTGATTAAAGGTAACGGCAGGGGATTTACAGCGGGAACAGAAAATGTGTGAGCGTCTTTTCATTTAATGAAACCTGGTTTTATTAAATTTGAATGTGTGTTCTCAAATGTGTAATGTGGGTAAAACGTCATGATTTACGCAGGCGCGACCGTCTGCATTCAGGAGAAACACGATGAAAATTGCACTGATGATGGAAAATAGCCAGGCCAGCAAAAATGCCATCATTTATAACGAACTTAGCGCCGTCGCCAATGAAAAGGGATTTCCCGTTTTTAACGTCGGCATGTGCGACGAAAATGACCATCACCTGACGTACATTCATTTAGGCATCATGGCGAGTATTCTGCTTAATGCAAACGCGGTTGATTTTGTGGTTACTGGCTGTGGCACTGGTCAGGGCGCGCTGATGTCGTTAAATATTCATCCAGGTGTCATTTGTGGCTATTGCATCGATCCGGCAGATGCTTTTCTGTTTGCGCAGATCAACAACGGCAATGCGTTGTCCCTGCCATTTGCGAAAGGCTTTGGCTGGGGCGCTGAGCTGAACGTGCGTTTCATCTTTGAAAAAGCGTTTACCGGGCGTAAAGGCGAGGGGTATCCGCCTGAGCGCAAAGCGCCGCAGGTACGCAATGCGGGCATTTTGAACCAGGTTAAGGCCGCGGTCGTCAAAGAGAATTATCTGGATACACTACGGGCTATCGATCCTGAACTGGTTAAAACGGCGGTTTCAGGGCCGCGTTTCCAGCAATGTTTGTTTGAAAACGGCCAGAATAAAGAAATAGAAGCGTTTGTACGTGAGATGCTGGGGTAATGCCCAGACAAGACAGAGGCGTTTCGCGCCTGTCGGCTGGCATGATGTGCCGATAATACGCCAGTAGCGACAGGCACCACCTCTGGCAAACAGATCAGAAACGGTGTAGGCCGGATAAGCTGCTTCGCGTTGCTATCCGGCTAATAACGTCTCAATATTGTCGCTCGGGGTGCCGCTATCAGTGATGCTGATAGGTCACGACGTTAAGGAGATGCTGATCGGTTTGCGCCAGGCATAGCCCTGCTCGTTTAGCGCTGCGAACTTCTTCGAGAATAGTTTGTAAAAGTACGCCATCCTGCTGCTGCTCTTTTTCCAGGGTATGGAGAAAATCAAGCGTTGAGGCATCATTCAGCGCTTTCGCTTCATCTGCCAGACGCGACAGCGTGCTGGCGCGTTGCTGATAATCCTCCAGGGTTTTCTGGAACAATTCTTCCAGAGAGCAGAGCTCTTCACCCGGAACGTCAATGGCTTTAACGATAGGGGTGGCGCCGGCGTTTTTCATAAAATTAAACATGCGCATCATTTGCGTCACGTTGCCTTGCGCCTGGGTACGAAGAAAGGTGGCGGTGCCTGTTAAACTGTGTTCAGAACACCATTCGCTTAGATGGAGGTAAAGATTTGATGCGTAAAACTCAAGGTTCATTGGCGTGTTGAGCTTTTGAACCATTCCTACAGCTGCCATAACAATATCCTTATTTCCAGAAAGTGTTGATGTGCATGACAGACGAGAATGCAACGGGCCGTTGTCACATTCTTACCTCTATGCACAATAAATACTCTTAGCAGAAGAACTCCGTTCCGCCAGTCCCTTATGCGATCTCATTTCCTGTTTATCGATCGGTAATGAGAATAGCGCGTCAATAAAAATAAGAAAATCCTTAAATGCAATTGTTTATCTTTTTTTACATTTTCAGCGGTGTGATTTTTTCAGGTGTAATGATTTTGGATGAGGAGCAGTTGCAACCCTTTGAAAGTTAAATGATATTATATAGATTTGTAATTTATGAAACATTGTTTCAGATCATGGGTTAAGCCTTTCAAGTATGTTAATTTCAATAAAATAAACATTAGTCAGTCTGGATATCACACGCATAAACGGTTGAGAGCAAATATGCCTGTTTTTATAAACTAGCCGATTTTGCGGTAGATCATTTTTAATATCATTAATCATACGAGCACGTTATTCGGTTGAGCGCAGTTTTGCTGGGTGACTCGTTAACAAGGAGCAGTCAATGAAAAAGGTCGCGGTGCTGTTGGCACCAGGATTTGAAGAAGCAGAGGCCATTGTTACTCTTGATATTCTGCGACGTTTGCATATCGACGTCGAAACGCTGGCGTGTGCTGAATCACGGGCGGTGGTGAGTTACCATGATATTCCTATGGTTGCGGACAGCACGCTGAGTGAACGCCAGCAGGCGCTTTTCGATGCGGTAGTGCTACCGGGCGGTCCGCAGGGGAGCGCTAATCTGGCGGCTAATCCGGCGGTGATCGCTTTCGTTGCGCGTCATGATGCGGCAGGCAAATTAATTTGTCCTATCTGTTCCGCGGCGGCAAGGGTGCTGGGTGCTCACGGATTGCTGAAGGGGCGTCGTTATGTCTGTTCCGGCGATCTGTGGAAAGCGGTTCCGGAAGGTGTCTATGTGGATGCGCCCGTGGTTGAAGATGGTAATTTAATTAGCGGCAAAGGGTTGGGTCATGTCTTTGATTTCGCGCTAACCCTTTCCGCCAGACTGCTGGGAGACGATGCGCCGGTTCGCGAACAGGCTGAACATATCTATTATCCCTGGTAATCGTTATTCACCCAGGGCCGTAAGGATTAGCTGGCTGATGTTATGGATTAATGTGCTGGCTTTCCTGCCTTTTGGCTGATGAATTCGCTCTGGGTTATGTCATTTTCCGCTAAAACTATTCCTGCCATCAGCATTTATCTAATGAATGAAAGACAGTGCACCGTTTTACGTCTTCTCTAACAAGAATCGTTTGATTTTACCCTACATAAAAAACGCTAAAGCAGGTCAATGACTTCCCTGGGTTATGAGTTAATCGTTATTTCTGCGTGTGTCTTAGGGGGGGATTCCTGAAAGGCGGCCTCGGAAA
NZ_CP041005.1_gap46	1920431	1921973	1542	GCGGATGTATTCGCACCAAAGTCGATGATTTGCCGTCTCGTTTGAAGCTCATATACGCAGGCGTGACGGAAATCATCACGCAGTTCCAGCCGGACTATTTTGCTATCGAACAAGTGTTTATGGCGAAGAACGCCGATTCAGCCCTCAAGCTGGGACAGGCGCGCGGCGTCGCGATTGTCGCCGCGGTCAATCAGGAACTGCCCGTGTTTGAATACGCGGCGCGTCAGGTGAAGCAAACCGTCGTCGGTATTGGTAGCGCGGAAAAAAGCCAGGTACAGCATATGGTTCGTACGTTGCTAAAGCTCCCCGCTAACCCGCAGGCCGATGCCGCGGATGCGCTGGCTATCGCCATTACGCATTGCCATGTTAGCCAGAACGCGATGCAAATGAGCGAGAGCCGACTCAATCTGGCGCGGGGAAGGTTGCGCTAAATCATTCTCCCTCAGCCTCGCGTTGAGGGGTTTCAATTCCACAGGCGCTAATTAATTCTAAATTGGGATGATGCCACAGGCTGGCGGGCGTCACCGTCTTACGATCCCACGGGATTGAACCTAAAAACCAGAACTTCCAGAAGGCGAGTTTCGCATCAGGATTGCTGTGAAGCAATTCTTCGAATGTCTCAATATCGCCTACCGGAATACACAATGCTTCTTTATAGATATCAAACACAAATTTCGAGCAGAACTGGCGCGATGACTCATATTTAAACCCCGTGTGATAAAACTTATTCAGCCGGGCGGGAACCTGTTCCATGATGGCGAGTTTCTGTTCGACCGTCAGGCCGCCGCACAGGCGACGAACCGCGTAACGTTGTCCGGCTGAACGTTGTATAAACAGTGACAGCGTGGTGACGGTTGAGAGGGGGACGCGACTTTCCGCCACCAGATAGTCATCACCATTATGACCAATAATAATCCCAACATGGTTGCTCCAGCACTGTGAAGCGGTGGATATCTGGCCGAAAAGCGCGGCACCTATACAGGTAAAGACGATATCCCCGGTTTCATATTGGACAGAATAATGTTTTTTCATGTTCACGTTCCATTATTACCTAAAATAATATCCTTTATTTTACGCTATTGGATAATTAGCATTATACTCACATAATGACAAGATATTATTATCAATAAATATCCATCATGAATATTATAATTTACGGTGATAATGTTTTTATCTCTTTCCAGAGGTGAAAGTGAAAGGGAAGATAGACGAACGCAGGGAATAAGTGGACTGTCCTTTCAATATTATATAATTGTTTGTATCGCCATATATTTTTTTGAGTCTATGTTATTGTCTGGTTGTGTTTCTCTTCATGCTTATTGCTTTTGTTTTTAATAGGCATTTGAGGTGTGATCTGGCAAGAGTGGTTGGCGCAAATATTTGGCTGACTCTGCGTTATATTAAGCGCCAGGGGGAACAGGAGGCGAAAGTGCAAAAGGTTAGGTTGCAATGCAAAAAAATATCGAGTCTGTACTGTTCATCAATCGCTGATTATTATTCTTGTAAAGGGTAAGGAAGTGATTAACAACGGTACCGTTTATC
NZ_CP041005.1_gap47	1925022	1929394	4372	CAGAGATGCCTTAGCGCCTGAAGTCGCTGCGCTCATCAGACCTGGGCGATTTTGTAGGCCCGGTAAGCGCAGCGCCACCGGGCAACACACGCTTAGCTTGCCTGCTTTTTCATCATACTGAAGATAAACAGCAGCGCGGCACACAGCACTACGGATGGCCCTGCCGGGGTATCATAAAAGGCTGAGAAGGTCAGTCCACCTGTAACCGCTATCATACCTACACCAACGGCGACGCCCGCCATCTGCTCCGGCGTACGGGCAAAGCGACGCGCGGTTGCGGCGGGGATAATCAGCAGCGACGTAATGATCAGCGCTCCGACAAACTTCATCGCCACGCCAATAGTTAACGCCGTTACCAGCATCAATAGCAGCTTCACGCGCTGTAACTTCACGCCATCGACAAAGGCAAGATCCGGACTGATAGTCATTGACAGCAAGTTGCGCCACTGCCAGAAGAGAATGGCCAGCACAATAACGACCCCAATAGCGATCGAGATAAGATCTTCCGGCGTGACGGCCAGCAAATCGCCAAACAGATAAGCCATTAAATCAACGCGGACGTTGGACATCAGGCTGACCACGACCAGTCCTAAAGATAAGGCGCTGTGCGCCATAATGCCCAGTAAGGTATCAATCGCGAGGTGAGGGCGTTTCTCCAGCCATACCAGACCGGCGGCCAGCAGCAGCGTAACGGCGATTACCGCATAAAAGGGGTTAACGTCCAGCAACAGGCCAAACGCCACGCCCAGAAGCGACGCGTGAGCCAGCGTATCGCCAAAATAGGACATCCGACGCCAGACCACAAATGAGCCCAAAGGACCAGCGGCGCAGGCCAGCATCATCCCGGCCAGCCAGCCGGGCAGTAATAATTCAATCATGAGTGACCATTTCCCCGGCGCAGTACAATACGACCCTGTAAATCGTGGCGATGATTATGATGATGGCGATAAATCCCTAATTGCTCCGCGCCTCGCGGGCCAAACATAGAGATAAATTCCGGATGCATAGACACCACTTCCGGCGCGCCGGAACAGCAAATATGATGGTTCAGGCATAACACTTCATCCGTCTTTGCCATGACCAGATGTAGGTCATGTGACACCATCAGCACGGCGCAATCGAGTTCGCGACGCAGCTGATCGATAAGGTCGTATAACGCGACCTGGCCGTTGACATCCACGCCTTGCGTCGGCTCATCAAGTACCAGCAACTGAGGCCTGTTAAGCAGAGCACGCGCCAGCAGTACGCGCTGTGTCTCACCGCCGGAGAGTTTTTGCATGGGCGCGTCAATCAAATGTCCGGCCTGAACGCGTTTAAGCGCCGGGAGAATATCCGTTTTTTGCGTGCCGGGACGTAAACGTAAAAATCGGTTTACCGTCAGCGGAAGCGTGGTATCGAGATAGAGCTTTTGCGGGACATAGCCGATACGGAGTTGCCCGTTGTGCTTGATCACCCCTTCATCAGGGGCTACCAGTCCTAAAACCACGCGTACAAGCGTTGACTTCCCCGCGCCGTTAGGGCCGAGAAGCGTTAAAATTTTTCCGGGGCTCAATTCAAGCGACACGTCAGAGAGGACGCGGCGTTGACCAAATGAGACCGAGACGTTTTCCAGTGAAACTAAACTTGTCATGTTAATTTTAGGCTTGCAGAAGTGATAGAATGTTATAATATCACATTTCACACATTCATTACGATGATTAGTCGCATTATGTTACAGAAAAATACGCTTCTTTTCGCAGCATTATCCGCCGCGCTTTGGGGGAGTGCAACCCAGGCTGCCGACGCCGCCGTTGTCGCTTCGCTTAAACCGCTTGGGTTCATCGCTTCCGCCATTGCTGATGGCGTTACGGATACGCAAGTATTACTTCCGGATGGGGCTTCCGAGCATGATTATTCATTGCGTCCATCAGACGTAAAACGCTTACAGGGCGCGGACTTAGTCGTCTGGGTTGGCCCGGAAATGGAAGCCTTTATGGAGAAGTCGGTCAGGAATATCCCTGATAATAAGCAGGTTACCATTGCGCAACTTGCCGATGTAAAACCGTTACTCATGAAGGGCGCGGATGATGATGAGGATGAACATGCGCATACGGGCGCCGATGAGGAAAAAGGTGACGTACATCACCATCACGGCGAATATAACATGCATCTTTGGCTCTCCCCAGAGATAGCGCGGGCTACAGCGGTTGCAATCCATGAAAAATTAGTGGAACTTATGCCGCAAAGTCGAGCCAAACTCGACGCCAACCTGAAGGATTTTGAGGCACAATTAGCCGCAACCGATAAACAGGTCGGTAACGAGCTCGCGCCGCTCAAGGGGAAAGGGTATTTCGTTTTTCATGACGCCTACGGTTACTACGAAAAACACTACGGACTCACCCCGCTCGGTCACTTTACCGTGAACCCTGAGATACAACCTGGCGCGCAGCGTTTACATGAAATAAGAACACAGTTGGTTGAGCAAAAAGCAACCTGCGTTTTTGCTGAGCCACAATTCAGGCCAGCGGTCGTGGAAGCCGTGGCGAGAGGGACATCCGTTCGAATGGGAACACTGGACCCCCTCGGGACGAACATTAAACTGGGTAAAACAAGCTATTCAGCGTTTTTAAGCCAATTAGCCAACCAGTATGCGAGCTGCCTGAAAGGAGATTAACGAGGAAGTGAATACGTGCAACAGATAGCCCGCTCTGTCGCCCTGGCATTTAATAATCTGCCCCGACCCCACCGCGTTATGCTGGGGTCACTTACCGTTCTGACACTGGCCGTCGCCGTATGGCGGCCCTATGTTTACCACCCAGAATCCGCGCCAATCGTTAAAACTATTGAACTGGAGAAAAGCGAGATTCGTTCCCTCTTACCGGAGGCCAGCGAACCCATCGATCAGGCCGCGCAGGAAGATGAAGCTATTCCTCAGGATGAGCTGGACGATAAAACCGCAGGCGAAGTCGGCGTCCATGAATACGTCGTCTCCACAGGCGATACGTTAAGCAGCATTCTGAATCAGTACGGCATCGATATGAGCGATATTAGCCGACTTGCCGCTTCTGATAAGGAGCTGCGCAATCTGAAAATTGGCCAACAGCTTTCCTGGACACTGACCGCTGATGGCGATTTACAGCGTCTGACATGGGAAGTCTCCCGCCGTGAAACGCGTACCTACGATCGCACTGCCAACGGTTTTAAAATGAGCAGTGAAATGCAGCAGGGGGACTGGGTCAACAGTCTGCTGAAAGGTACGGTAGGGGGTAGCTTTGTCGCCAGCGCGAAAGAGGCCGGTTTAACCAGCAGCGAAATCAGCGCAGTGATAAAAGCCATGCAGTGGCAGATGGATTTTCGCAAGCTGAAAAAGGGCGATGAATTTTCGGTTCTGATGTCGCGCGAGATGCTGGATGGCAAGCGTGAACAGAGTCAGTTGTTGGGCGTGCGGATGCGTTCCGATGGTAAAGATTACTACGCCATTCGCGCCGCTGACGGTAAATTCTATGACCGTAATGGGGTTGGTCTGGCGAAAGGCTTTTTACGCTTCCCGACCGCTAAACAGTTCCGCATCTCCTCCAACTTCAATCCGCGTCGTCTGAACCCGGTTACCGGACGCGTTGCGCCGCATCGTGGCGTTGACTTTGCGATGCCGCAGGGTACGCCGGTGCTGTCGGTGGGGGATGGCGAGGTCGTGGTCGCTAAACGTAGCGGCGCTGCCGGTTACTACATTGCGATTCGTCATGGACGCACCTACACCACACGTTACATGCACTTGCGTAAGCTGCTGGTGAAACCGGGGCAAAAAGTGAAACGTGGCGATCGTATTGCGCTTTCTGGTAACACCGGGCGTTCCACAGGGCCGCATCTGCATTATGAGGTATGGATCAACCAGCAAGCCGTTAACCCTCTGACAGCAAAATTGCCGCGCACGGAAGGTCTGACGGGGTCAGATCGTCGTGAATACCTGGCACAGGTGAAAGAGGTTCTGCCGCAACTGCGCTTCGATTAACAAATGCGCTGACAGAGCCGGTACGCGATGTGTGCCGGCTTTTTTGTTTTGTGTGAGACGCAGACGTCGCTACACTATTCACAATTCCTTTTCGCGTCAGCAGACCCTGGAAAAGCATGGAAACCAAAAAAAATAATAGTGAGTATATCCCTGAATTCGAAAAATCCTTTCGCTATCCACAGTATTGGGGCGCCTGGTTGGGCGCGGCGGCAATGGCGGGGATCGCATTAACACCGGCATCATTCCGCGACCCTTTGCTGGCGACGCTGGGGCGTTTTGCCGGACGGCTGGGGAAGAGTTCTCGTCGCCGGGCGCTAATTAATCTGTCGTTGTGCTTTCCGCAGCGTAGCGAAGCTGAGCGCGAAGCGATTGTCGATGAGATGT
NZ_CP041005.1_gap48	1932342	1934247	1905	ATCTTCATCCACATTGCGATTAACATAGGGGGTGCCATTTGCCAGACTTTGCGCCAGATGCAGTTTAAAATCAGGAAAGCCGCGGGTATTCATGCTGCGACAGAAACGGTTCACCGTTGGCTCGCTAACGTTAGCTTCCTGGGCCAGCATGGCAATGCTTAAGTGAATCGATCTGCCTGGGGCGGCCAGAATAACATCGGCGACTTTTCGTTCAGATTTGCTTAAATGTTCCAGTTGAGACTGGACTTTTTCCAGCATATTCATGATTAGCAAGGCTCATGGGTATTAGCGATTTCAATGATGCGCGAAACCGAGCGCGTTTTGTTAGATATTACTCCTGGCGACTGCCGAAGGGGGCAAAATGGCTAAAAAAGGTGTCGTTTTTTTTCATTACATGACCGACGTCGGATTTTAAGTTCCAGCTTGTGTGGAAAAGCGACAATTTTATTAGGCGTTTTGCCGATTATATTGCCAATCAAACGCCGGTTCATCCATGAAAAGGCGTTTACGGTTTCCGTAATCTCGTAAAAGCAGTACAGTGCTGTGTAATAAAATTACAACGATATCCTGGCTAAAGTACCAGGAGATTAACTAAGGAGAATGACATGGCGGTAACGCAAACAGCCCAGGCATGTGACCTGGTCATTTTCGGCGCGAAAGGCGACCTGGCGCGCCGGAAATTGCTGCCTTCCCTGTATCAGCTTGAGAAAGCCGGCCAGATCCATCCGGATACCCGTATCATTGGGGTGGGGCGCGCGGACTGGGATAAAGAAGCCTATACCCACGTTGTGCGTGAAGCGCTGGAAACCTTCATGAAGGAAAAAATTGATGAAGGCTTGTGGGATACGCTGAGCGGCCGTCTGGATTTTTGTAATCTTGACGTTAACGATACGCCTGCGTTTAGTCGCCTGGGCGATATGCTGGATCAAAAAAACCGCACCACCATTAACTATTTTGCGATGCCGCCCAGCACCTTTGGCGCTATTTGCAAAGGGTTAGGAGAGGCTAAACTCAACGCCAAACCGGCGCGCGTCGTGATGGAAAAACCGTTGGGTACTTCGCTGGCGACCTCGCGTGAGATTAACGATCGGGTCGGCGAATACTTTGAAGAGTGCCAGGTATATCGTATCGACCACTATCTGGGTAAAGAAACGGTTCTCAACCTGCTGGCGCTGCGTTTTGCCAACTCGTTATTCGTTAATAACTGGGATAACCGCACTATCGATCACGTTGAGATTACCGTAGCGGAAGAGGTGGGGATTGAAGGGCGCTGGGGATACTTTGACCAGGCCGGTCAGATGCGCGATATGATCCAGAACCACTTGCTGCAAATTCTCTGCATGATTGCCATGTCACCGCCGTCTGACCTGAGCGCCGACAGTATTCGCGATGAAAAAGTCAAAGTGTTGAAATCGCTGCGCCGGATTGATCGCTCCAACGTGCGTGAAAAAACGGTTCGTGGTCAATACACCGCGGGCTTTGCGCAGGGGCAAAAGGTGCCGGGCTATCTGGAAGAAGAGGGCGCGAATAAAAGCAGCAACACCGAAACATTCGTCGCGATCCGCGTCGACATCGATAACTGGCGTTGGGCGGGCGTGCCATTCTATCTGCGCACCGGCAAGCGTCTGCCAACCAAGTGCTCTGAAGTCGTGGTTTATTTCAAGACGCCTGAACTGAACCTCTTTAAAGAGTCCTGGCAAGACCTGCCGCAGAACAAATTGACGATTCGCCTGCAGCCGGATGAAGGCGTAGATATTCAGGTGCTTAACAAAGTACCGGGGCTGGATCATAAGCATAATCTGCAGATCACGAAGCTTGATCTGAGCTACTCCGAGACCTTTAATCAGACGCACCTGGCGGATGCCTATGAACGCCTGCTGCTGGAAACGATGCGTGGCATTCAGG
NZ_CP041005.1_gap49	1948616	1949331	715	CTACATATCATCAGATGGAACCAGATGAATAAGAACAGGTTTTTCACCAGATGAAACTGATAAGTACTCACTCAGTTTTGATATAGCTGAAATCTGTCTGAATAACCTGTCGGGGTGCTGGAATAACAACTTTCCGGAAATTCTTCTGCAATGGATTTTACTTTTAGTGACCATTCGCCTCCTTATCTGTAGAGGTGGGTAACGAATTTAAAAAGCATTCTGCTTACTTAGGGGGAACATCCTGATGACTGCCTGCAATATTGCAAATTCCATTTTCATTGTATGAACCACCTGAATCAAGGCACTCATCTTCCATCAGGAATTTCTGCGACCACATACCTGCATAAAAAACGATAATAATGGCTACGATAATAGTGATGATATTTTTCATTTATGTTCTCTGTGTGTTGTTATTGAAAATGATAATCAATATCGCAAAATGAAATAAATAATCATTAAGTGGTAGTTGTTGATAATTGTTCGCATTTTAAAAAGGTACTCCCGGCGGGGCGGCCTGCCACGGGGCGGCAGCGGCGCGGGATTTGGCGCATTTTTGATTTTTCATGCATCATCATCATGTTGTAACTCTCTGTTTTAATGTAATTTATTTTTAAAAGATGATGGTTTGTATGTTTTTTGTTCATTATATTTTGTTTTTCCGGGGGAGGGCGCGCTAAGAAACAGCCCCAGAGGTAAAAATGGACGGCGAACTGAA
NZ_CP041005.1_gap50	2085452	2086964	1512	GATCAATAAATGTTAAATTATAAGAACAAATGTGATCTGTATTAGATCACTTATTACTTCATTGTGGGTATATTCATCACGCTTTTATAACCATAACGATGGAGCGGGTATGAAAAAATTTACAGTGGCGGCACTGGCGTTAACAACTCTTCTCTCAGGCAGCGCGTTCGCGCACGAAGCCGGAGAATTCTTTATGCGTGCAGGTCCGGCAACCGTCAGACCTACAGAAGGGGCGGGTGGTACGCTGGGGCATTTAAACGGGTTTGATGTGAGTAATAACACGCAACTCGGCCTGACATTCACTTACATGGCGACGGACAATATCGGGGTTGAATTGCTGGCGGCTACGCCGTTCCGCCATAAGGTGGGTACGGGCGCGACGGGCGATATCGCCACGGTCCACCTGTTACCGCCAACGTTAATGGCGCAGTGGTACTTCGGCGATTCCAGCAGCAAAGTGCGTCCTTATGTCGGCGTGGGGGTGAACTACACCACCTTCTTCGATAACGACTTTAACGATAATGGTAAAAATGCCGGGCTGTCCGATCTGAGCTTTAAGGATTCCTGGGGCGCGGCAGGGCAAGTTGGGGTAGATTACCTGATTAACCGCGACTGGTTAATTGGCGCCTCTGTCTGGTACATGGATATTGATACTACCGCCAATTATAAAATGGGCGGCGTTCAGCATCATGACAGCGTGCGTCTGGACCCATGGGTATTTATGTTCTCGGCAGGCTATCGTTTCTAATCGCGTGATGTTGTGACGAAAAAAGACCCCGCCAGGCGGGGTCAAAAAAGGACATGACACACGGATTTTACTTGTCGGAACTCACTTGTCTTCTTTCGGTTCGCCGCAGCCTAGTTCTGCGCCAGTGAGAGGATCAACGGTGGGGTCCGATTTCGTTCTTTCTGCCATCGCTTTGAGCAGCGCCATCTGCTCGCGCGGCAATTTCACTGTCGCCAGGCCATCGCCGCCATCAACAGCAGGCATCGGTTCTGCGACATAGTTGAAGTTCTCATCGCTATTCCAGCTACCTCGCGGATCGTCGCCTTGCGACATGTTGTAGTACACGTCGGTATACTGTTCTACCGGCGGTAATTTACCCGGCGGGAAGTTGTTACGAATCGAATACAGCGCCTTTTCAAAAGAGAGCTGGTGCGCGACTTCACGGGTCATTAAGAAACTGAGTGTGTCTTTTACGCCAGGATCGTCGGTCAGATTAATCAGGCGTTCATAAATGATCTTCGCTCGCGCCTCTGCCGCGATGTTTGAGCGTAGATCGGCTGTGACTTCGCCGATAGTATCAATATAAGCCGCGGTCCACGGTACGCCGCCGGAGTTTGTCAACGCCGGGCCGCCGCCATACAGCAGAGAGGTGATATGGCTATCATTACCATTCTGCGTCAGCGAGCGATAAAGTTCCGCTTCGTTTTCGGTACCTTCCGCCAGCTCGCCTTTAGCGCCTTTATTAAGCATTCCTACCAGTGAGCCGATAATTTCCAGATGACTCA
NZ_CP041005.1_gap51	2098838	2102124	3286	GTGGTTTTGCCCTTACCATTGCCAGTAAACACGATAATAATACCGCGCTCTTCCTGTGCCTGGGCGACACGGGCGTCAACCCGATCTTTTACCTTCTGCTGGCGCTGCTGATAACGTTCATCACTCATTGGGCGATTCCTGGTTTACGGCCCGGTTGGGCGTCAAAGGTCATACCGGTTTTACGGCGACTGTCGTCGCCCATAAGCCACAGGTAAAGCGGCATAATATCGGCAGGCGTTTTTAATTTCTGTGGATCTTCCGTCGGAAAGGCGCTGGCGCGCATACTGGTGCGCGTGCCGCCCGGGTTAATGCAGTTAACACGCAGAGAACGGTTCTGGTATTCGTCCGCCAGCACCTGCATCATTCCTTCAGTAGCAAACTTCGAGGTGGCATAGGCGCCCCAGTTGGCGCGTCCCTGACGGCCAACGCTTGATGACGTAAAGACCAGCGAGCCGGCATCGGACTTCAATAATAACGGTAACAGCGCCTGGGTGAGCATAAAGGTGGCGTTAACGTTTACCTGCATGACATCCTGCCAGATCTGCGGATCTTGTTCGCTCATTGGGCCGATTTCCCCCAGTAACCCGGCATTGTGCAGGACGCCATCCAGGCGGGGATAGTGCGCGGCGATGCGGTCGGCCACTTGCCGGCACTCTTCAGCGGTGCAGGTCAGCAGATCGAGCGTAAACCACTGTGGTTGAACATGTTGCTCGTCAGCAATGTGCTGCGCGACCCGACGCAGTTTCTCTTCGTTGCGTCCCAGCAGAATCACCGTTGCGCCGTAACGCGCATACGTGAGCGCGGCTTCCCGCCCAATGCCATCGCTGGCGCCAGTGACCAGAATAATGCGGTTTTGCAATAGATCTTGTTTCGGTTGGTAATGCATGGCTACTCCTCAACGGTGTGGTGCACCGTCCTGCCAGGTTGTCTTATCTTCGCGTTAACTTTTCGGGTTTATGCCTGAAAGCGCCTTTTTTTTCAATCAGACAGGGGCGATAACGCCGTAAAATGAACGTCTTGTCATACTTTTTCTTCCTCAACAGGCATACGGATGAAGAGAGACTGACTTCGATGCCTGTTGTACACTGAGCGCAAGTCGCGTTATTTAATCAAGGTGGGAGTCGTGGAATTGTTGTCTGAATATGGCTTATTTTTGGCAAAAATCGTCACCGTTGTGGTGGCCATTGCCGTCATTGTGCTGCTGATCGTGAATGCTACGCAACGCAAACGTCAGCGCGGCGAGCTGCGCGTGACCAATTTGAGTGAGCAGTATCAGGAGATGAAGGATGACCTTGCTGCGGCGTTGATGGATGGCCATCAGCAAAAACTGTGGCATAAAGCGCAGAAAAAAAAGCATAAGCAGGAGGCGAAAGCCGCCAAAGCGAAAGCGAAGCTGGGGGACATTGCGACATCGGACAAACCGCGCGTATGGGTGATAGATTTCAAAGGCAGTATGGACGCTCACGAAGTTAATGCGTTACGCGAAGAGGTCACGGCGGTGCTGGCAGTGGCGAAACCCGGCGATCGGGCGGTTGTGCGTCTGGAAAGCCCCGGTGGCGTTGTGCACGGCTATGGCCTGGCGGCATCGCAATTGCAGCGCCTGCGCGATAAAAATATTCCGCTGACCGTGACGGTGGATAAAGTCGCGGCAAGCGGAGGCTATATGATGGCCTGCGTGGCGGAAAAAATTATCGCGGCGCCGTTTGCTATTGTGGGGTCAATTGGTGTTGTCGCGCAAATCCCGAACTTTAACCGCTTTCTCAAAAGTAAAGACATTGATATTGAACTGCATACCGCAGGGCAGTACAAACGTACCCTGACTTTGTTAGGCGAGAATACGGAAGAAGGGCGGCAGAAGTTTCGTGAAGATCTCAACGAAACGCACCATCTGTTCAAAGAGTTTGTGCAGCGGATGCGTCCGGCTCTGGACATTGAACAGGTCGCCACGGGCGAACACTGGTACGGTCAGCAGGCGCTGGAGAAGGGACTGGTTGATGAGATTAACACCAGCGATGAGGTTATCCTCGGCCTGATGGAAGGGCGCGAGGTGCTGAATGTGCGCTATATGCAGCGTAAAAAACTGATCGATCGTGTTACCGGCAGCGCGGCGGAAAGCGCGGATCGGCTGCTGCTGCGCTGGTGGCAGCGTGGACAAAAGCCGTTGATGTAAACCGCTATTGCCGGATGGCATTCAGCGCCATCCGGCATGGATTAATCAACCAGGTGATACTTCTCAGACAGCACATGCGCCAGGTGTTTAAACATGTTAAACACCGCGGTGCTTTTAGGGGTCGGTAACCCTTGCTCGTCTAAAAAGTAATCGCCGCTGAAAACCAGCACGCCATTTCTCTGCGTTACGCCGGTGGCGACAATACCTGCCATCGTGTCTTCATGTTCCCGAATAATTTTGTTGGCTTCAAGCAACAGTGTTTCGCGATCGATAGGTTGCGTCTCTTTATGCATTTTTTACTCCTTAAACAAGGAGATTAGTCTACGCTGAGCACTTCTGATGGGCAAATATTCTCACAGGAAATTGATGGATTTGTCATGTTGCGTTCACTGGCAAGATTTGTTTTTGCATGCTAATAAAGTTGCGTATCGAATTTTATCAGGTACAGTGTGACGCTTTCGTCAATCTGGCAACAGAATTGCTTGACATTCGACCAAAATTCCGTCGTGCTATAGCGCGTGTGTGCAAAAAAGCCTGTTAACTCAGTCACCTGAGGGTTACATTTCGTACACAAAGCCAGTACAAGGGGTTGATATCCGCAGACGCAGAGACCATATATCGTTGTCTCGTCGCCAGTGGAAGGTGAATCAACGTGCGACGCATTCCTGGAAGAATCAACTTAGGTAAAGGTGAATATGGGTAAAGCTCTTGTCATCGTTGAGTCCCCGGCAAAAGCCAAAACGATCAACAAGTATCTGGGTAATGACTACGTGGTGAAATCCAGCGTGGGTCATATCCGTGATTTGCCGACCAGTGGCTCAGCAGCTAAAAAGAGCGCCGACTCTACCTCCACCAAAACGGCTAAAAAGCCCAAAAAGGATGAACGTGGCGCTCTCGTCAACCGTATGGGGGTTGACCCGTGGCACAACTGGGATGCGCACTATGAAGTGCTGCCCGGTAAAGAGAAGGTCGTCTCTGAACTGAAACAGTTGGCGGAAAAAGCCGACCACATCTATCTCGCAACCGACCTTGACCGCGAAGGGGAAGCCATTGCATGGCACCTGCGGGAAGTGATCGGCGGCGATGACGCGCGCTACAGTCGCGTAGTCTTTAACG
NZ_CP041005.1_gap52	2122260	2123408	1148	ACGGATAGCAAGTACGATAGCGATGCGCTTTCCACCAGACAAATAAAGGTTCTGTAGGAAGCCTGAATATTCATCCAAATGGTTTACCTCACCTATTAGCGATGTTATGGACATGTAACTTTAACCAGCAAATGCTTAACAAAAATAATTTCTTTTTTAGGTGCTGAAGGTTTTCTCTATTTATTGATGCAGAGTAATACTGAATATGAAAAATTTTGGAAATCAGGTGGTTACAGTAGTTACAAATCAGGTTTTTATATGTTTGCATGTGTATTATAATAAATTTTCAGAGGATGAGACATATGCCGTTTACATTTCAGATCGGAAATCATAGTTGCCAGATATCAGAAAGGTATTTAAGAGATATCATCGATAATAAAAGAGAACATGTTTTTTCAACGTGTGAGAAATTTATAGATTTTTTCAGGAATATATTTACCAGGCGAAGTTTAATTTCTGATTATAGAGAAATCTATAATCTACTGTGCCAAAAAAAAGAGCATCCCGATATTAAAGGGCCTTTCTCTCCAGGACCATTTTCGAAGCGAGATGAAGACTGTACACGATGGCGCCCCCTTCTTGGATATATTAAACTTATTGATGCCTCCAGACCTGAAACAATAGATAAATACACTGTAGAGGTATTAGCACATCAAGAAAATATGTTACTACTACAGATGTTTTACGATGGAGTATTAGTGACCGAGACGGAGTGTTCTGAACGTTGCGTCGATTTTTTAAAAGAAACGATGTTTAATTATAATAACGGGGAAATTACGCTTGCCGCTTTGGGTAATGATAATCTACCGCCGAGCGAGGCAGGTAGTAATGGAATCTATGAGGCTTTTGAGCAACGTTTGATAGACTTCCTGACCACGCCCGCCACGGCGTCTGGTTATGAGAGCGGCGCTATTGATCAGACGGATGCATCACAACCAGCGGCAATAGAGGCGTTTATTAACTCGCCGGAGTTTCAGAAAAATATTCGCATGCGTGATATTGAAAAAAATAAAATAGGTAGCGGAAGTTATGGGACAGTCTATCGGTTACATGATGACTTTGTTGTTAAGATTCCAGTTAATGAGCGGGGAATAAAAGTGGATGTTAACTCTCCGGAGCATCGTAATTGTCATCCTGATCGTGTCAGT
NZ_CP041005.1_gap53	2172229	2174835	2606	CAGAGGGGAGAGAAATGCGCGCAGCGTTTTGGGTGGGATGTGCCGCGTTATTATTGTCGGCTTGCAGTAGCGAACCTGTTCAGCAGGCAACCGCGGCACATGTTTCGCCAGGGATGAAAGCGGCGATGTCCAGCGCCGGCGAAGCGAATTGCGCTATGATTGGCGGTTCGCTTTCAGCGGCCCGGCAGCTTGATGGTTCAGTAATTGGTATGTGCGCGCTACCCAACGGCAAACGTTGTAGCGAACAGTCGCTTGCCGCCGGAAGCTGCGGGAGTTATTAAGCGCGGCGTTTCGCCTGACGCGTATAACTTTTCACTTAATGGCTTAGTGCGCTAAATCCGCCAGTTTATACATTAGCGTTGTTTCTGCCGTCGCCAGCGTTAATTGGTTCGCGGTTAAATCGACCTGCGCGCCCTTGCTGAAGAGCTCGCTGAGGGTGCCGTCCAGCGCGTTAAGCTGTGGATCTGCGCACATCATTCGGGTCATCGCTAAATTTTTCACTTTTAATTCGCCGTCCGACAGTTTTCCTTCGCCGGTGAATTGATTGCACATTTTGCCGGATACCGTCATGTCCTCGCCAAAGCTGAGCTCCGGGCCGGTGACCGTTTTACCGTTTACGCTTTCCAGAACAAAGCGGTGGTGCTCCAGTTGCTCGCGTTTGACGGACACTTTTCCACTGCTCACACACCCTGTCATTATGATGCTCAGGGCGACCAGCGTGACGATTTTCTTCATTGATATTCTCTGTAATCTGATAGTTAACACTGACTATAGTAATGATATGACCGGATAGATCTTCAGGGGTTATCCGAAAATGCTCCCCTGAGCGCAGGGGAGCGACAGGATTAGAACAGCGCGTTCGGGCAGGCTTCGCCCTTCTCAAGCTGGCTTAAGTTTTGTAACGTGGTTTCAGAGATGCTGATCAGCGCTTCTGCGGTCAGGAATGCCTGGTGCCCCGTAAACAGTACGTTATGGCAGGCCGACAGACGGCGGAAAACATCATCCTGGATAACATCGTTTGACTTATCTTCAAAGAACAGGTCGCGTTCGTTTTCATACACATCCATCCCCAGCGAGCCGATTTTCTGATTCTTCAGAGCTTCGATAGCCGCCTGGGAATCAATCAGCGCGCCACGACTGGTATTAATGACCATAACGCCATTTTTCATTTGATCGAATGCCGCATGGTTCAGCAAATGGTAGTTTTCCGGCGTGAGCGGGCAGTGCAGGGAAATGACATCCGATTCGGCAAACAACGTTTGCAGATCCACATACTCGACGCCGAGGTCAAGCGCGGCGGTGCTGGGATAGGGATCAAACGCCAGTAAACGCATTCCAAAGCCTTTCAGGATACGCAGCGCGGCGACGCCGATTTTACCGGTACCGATGACGCCAGCGGTCTTTCCGTGCATGGTAAAGCCGGTCAGCCCCTCAAGGGAAAAGTTAGCGTCGCGGGTGCGTTGATAAGCGCGGTGAATACGGCGGTTCAATGTCATCATCATGCCAATCGCATGTTCAGCGACGGCTTCCGGAGAATAAGCCGGCACGCGGACCACCTGCAAACCGAGCTCTTTAGCGGCATCCAGGTCGACATTATTAAATCCGGCGCAACGCAGCGCGATGTATTTCACGCCGTGTTTTTTCAGCTCTTCCAGTACCGGTCGGCTCCCGTCGTCATTCACGAAGATACAAACTGCTTCACATCCATTGGCGGTTTTCGCCGTTTTCTCGGTTAGCAGAAAATCAAAAAACTCCAGTTCAAAACCGAACGCTTCGTTCACTTGCTGTAGATATTTCTTGTCATACTGTTTGGTACTATAGACGGCGAGTTTCATATGACCTTCTCCAGTGATGTTTGAATCACACAAATATGCTTAAAATTATCTTACAAAAAATCAAAAATAATTGATAGTCATACATATAATGAATAATTTTAGGTTATCATTCTCCACAACGCCTCAAATAGCCGGAGGGCGCCCCTGCAACATGAACTATTAGGCTATGTACGGGCAATCATGCCAAAATAAAGAGATAGCCGACTGAATTTTTCGTTAAATCAGGAAATTAATGGCCCATGAAGGGTAAATATAAAGCCGCCCTTGCGCTACTGTTACTGCTGATTCTTATCCCTCTGACGCTACTGATGACCCTCGGGCTGTGGGTTCCCACTCTGGCGGGAATTTGGCTACCCGTCGGTACCCGTATCGCTCTGGAACAAAGTCCACGCCTGACACGTCATGGGTTAGTGATTCCCGATCTTCGCTATCTGGTCAATGATTGTTCGTTAGCGCATATTACCCAGGCGGAACTGACGCATCCCAGCCGTTGGTTGCTGAATATTAAAAGCCTTAAACTGGATGCCGCGTGCCTGGCGAAACTGCCCGCTACGGAAGCTTCTCCCGCCGCGCCGCGTACGCTGGCGCAGTGGCAGTCAATGCTGCCCAATACCTGGATTAACATCGATAATGTCATTCTCGCGCCCTGGCCGGAATGGCAGGGCAAGCTGGCGATCTCCATGACGCCGGTCATTCAGCAGATACGTTATCAGGGCGAAAAAGTAAAATTTCAAGGGCAGCTACGCGGTCAGGCATTGACGGTGAGCCAAC
NZ_CP041005.1_gap54	2177563	2178130	567	ATACTGTTGGCTGGTATCACTATTCGCGAGAGTAACCAGGTATGACGTCTGAAAAATTATCTGCTGCCTGCCATTGTGGCAGCGTCGTGTTTACCGTTCAACTTAGCGATGGCTTTCATACCGCCAGGCGCTGCAACTGTTCCTTTTGCAGGATGCGCGGAGCGGTGGCAGTGTCTGCGCCGCTGTCGGGTATTAAAGTGCTAAAAGGGCAGGATAAGCTTACCGAATATCGCTTCAATACGGGCAAGGCGGTGCATTTTTTCTGTTCGGTATGCGGGATATATACTTTTCATCAGCGTCGATCCAATCCCGATCAATATGGGGTCAATGTGGCGTGCATCGAAAATATGTCGCCTTTTGATTTCGCCTGCGTTGAAGTCAATGATGGGGTAACGCATCCCAGCGATGGCGGCAGTAGCGGCGTGGTAGGATATTTGCGCTACAAACCTAAGAAGTCACCTCCCGTCGAAACGGGAGGCAAAAATATTTAAGCGGCCACGACGCTGTCAATCGCGGCTTTTGCATCGGCCTGGGCTTTAGCTGCCACTTCCGGCCCGTAGGCGATGC
NZ_CP041005.1_gap55	2189617	2193314	3697	ATAAACCGGCTCTTCTATAAAAGCCAGATCAAGATTGCCATTTTTTAGATCAGCCATCGTCTCATTATAGGTTGGATACAATTTTACTTTACTTAACGAGTAGTATCCTTTGGGCTCCAGATCGTTTTTGATAAGGTCGGAGTAAGCCATTCCTCGAGGGTATCCAATAGAATATTTATTTAATTCATTGAGGTTATTGAGCGTTATTTTATGATTGGCCATACTGACCAGATAAAAAGAGTTGATGTAATAAGGTTCAGAGAAATCAATAACTTTCTTACGTTTATCTGTGATTGAAATTCCCGAAAATGCTACATCTGCCTGACCACTCGCCACTGCGCCAAGCATTCCATCCCAGGCATATTCGGTGATGTTTAGCTTACAATGCCGTGACTGACAGTAAGACGAAAAAAGCTCCAGATCTATCCCCTGCAATTTGCCATCAGCACTTTTAAATAACATAGGGGGAGAGGCTGGTGATACTGCGACATTGAGTGTTCTCCCTTCAACGATGCTATCAGCAAACGCTGAAGACGACATTATTCCCAACACTATCATCGATAAGCCAAATTTTTTGGATAACATGCTATCTATTTCCTGTAGTAAGGTAATGCGTATTATAAATTAAGCATTAGGGCGTGAGCCTGACATTTGCAGGCGTAAAGTACTTAACGTTATGTATTCCATCGCTGTTAACTAATTTAATCAGGAGGTTTGACAGGAATCATCAAAGGGAATGGATTGAATATACCATAAGATATCAACTGGATATGAGTGCAGCGACACCATGAAAGGTGAAAATGTAAAGATACCATAGACATTAGTATACTGGACATAGTTTATGCTCCATTTACGCATACATATTTACATGATAAGCAGATAAATGCTTCAGTGACGGTGCCTTTCATGTCTCTAATTATCATCTTACCACTCTATCCAGGGCCAATATAAAGACTTATCTTTTCTTGTCAAATACATTTTTTGAGCTAAGTTGATTTGCGTGCTATCTATATTTGCAAGCATATAAATTATTTGTCTCATGAACAAACGACAACAAATCATGATTTCTGACGATGTTGTTATGTTTATCAAAACGTTAACTTGTTTTAATCGATGATAATCTTAATTCAGAAATATCTGAATATATACGGTTGTTGAGATAAAATTCTCAAATTAACATCGTACATCTTATGTAATAAATATAAATACGATTAATAAATCCAAAACTGAGACTGCCAACCGGATAACAAACAGCAATAAAGAGGGTTCTTCATTAAGTTATCCTGGCAACGGTTAAGGTGGTAACATTTTCGGTGGCTTTACCCATTTTAATCGTGTTCACAGCCGTTAATTACCTTATGATTACCATGGTAATTAAAAATGAATCCTTAATGACTCGTTGGCTGAGTGAAAAAAATTCTACATCACATAGGCGCATGTATCGCGTATAATGGGCTCCGATGCCCCTAATTATTGCTATGACATAATGATATGTATCTTAACCGCTTTTGTTATTTACTCCTGATCTTCGCTGCGGTCGGAAGCATTTTTACATCGCATCCCGTCGCGATGTGGTTCCTGCTCGCCAATGTGCTAACGCTGGCGATCTACGGTATAGACAAAACGGCGGCACGTAAAACCTGGCGCAGAGTGCCGGAATCCACTTTGTTGGTGTTTGGGGTTGTCGGTGGGTGGCCTGGGGCGATTGTTGGTCAACAACTCTTCCGTCATAAAACGCAAAAGCAGCCATTCAAAACATACTTTATTGTCAGTGTGATAGTGAGTATTTTAGTTACGGTGGCGATTTATCGACTCTATCCATTTTTGTCTTACTGAACATAGACTATGTATCACTTATTGACCAATCGGCAGCAAAGATAGCATCATATTTTCATGCCACCGGCACTATGATATTGAGCTGTGTTTTGCTCAAGGCGTACCGCAGCCGATGGAACTTTATTCAGTGGAATAATGATGAGCTATAAAACTTTCTAACATTATGGCAAAACAATGATGGACTTCCTGGGTTGGATGGACAAGGTCGTTGAAGACGTATTGCGGACATATATCTAGCTGAGGGTCTTTAGCCCCGGGAACATGTACATAGCCGTGGTGAGTATAAGGGTTTTCCGTATCATAACCAATATTACTGGCCGCCTCCATTATCACCTTAAATGCATCGGCAGTCTCGTAATAGCATATTTTATGCTGGGGGTATTTTTCTTTTAATTCTTCAACATTAGTTTTTAACAGGGCATTGTGAGCGATGCTTTCATCCTTAAGCTTTCTTTTTTCATCAGAATGTTTGCCATAAGGTGTTAAAGACAAATCGGGAATCCCCATGACCAGAACATTATTAACTCCACCGGAAATTATTTTTTCAATATCATCAATTTGTTGCTCAACGACCATTATTACATTATCTTTGTGTAGTGTCATATAGTCATTAGCCCCCAATAAAAATATCGCCAGGTCCTGGTGAGAAGGGGTGTAAGATGCGACTTGTCTGTCCGTATTTGATACAAAGTCACCGATGCAATTAAAGCAGGAATAGCTTGCCGATGTACTTCCCCCTTCAGCAAAATTAAGCATCTCTTTACCTAAGAAGTGTGGAGATGATAAAAACTCAGTCCAGGTAAATCCATTAGTAAACCTTCCGCCAAAGTATTGACCATAGGAGGGTAAGATATGATGTGTTTTTTCAAACATACGCCCTAAGGAGTCAGACAAGCTGTCGCCAAAAAATACCAGTCTGGTAATATCACCCAAAGAAATATTTTTGGGCTTGGGATGTGATTTATTGATTTCTTTTGCAAGACCAAAAGCTTCCGGATGACATTCAACCTCAATAGACAAAATATTTTCACCATTATCATCTTTAATAATCAACTTATCGGCGTGTTCCTGTGATTCTATAATAAACTGTTCTTTACATCCCTGAGACGCTAAGGCTCGAAGTTTGATGTAGGCTCCGCGAACCTGTACCGGTGTTAGATTCAGTTCCTGATGGTGGTAAAGATTAAAGATACATTCGAGCGCCTCTGCATGGTGGGTGGTAAAGAAATATGCTTTGATTTTCTCCCATAAACTTAATTCCGGAAGGCGTGCGCTTTCTTTTATCGCATTAAATTTTTCAGAACTGATAGATGATGTGAAATAACCCTGTCCAACACTCAATGGCATAGTGTCCTCCTTACTTTATTAAACACGCTTTAGCAAATAATTAATTAGCAAATATTAGCAAGAAAAGTAATCAGGTAAATGGTGTATATGGAATTACGCTTCTTTAACAGTTTTTCGTCGCCAATAAAATACATACAATGTTTATTGTTTTTCAACGAAGTAAATATATCATCAACAACGTGAGGTTAATGCCTGGTACATATTATCTGACTGCTATCATTATTGAGTGTGCGCCTGGCTAAGGCAAAGATCTAAAAAAGAAGCCACTCCTGATTTTAGTGTGCTGGCGTGAGTATGAGCTGGCTTGATACTCAGGAAAAACAGACAAACTTATCATCCGACTATTATTGCTAAAGTGCTAGTGTTTTATGTGACATTTTGATTTCTATTTTCATATTAAATATTTCTTAAGTGAGTTAACTATAATGAATGATGATTCAATTATTAAAAACTCTTCGATGCTTTTGGCCTATTTAGGTGGTTTGGGATGGGGAAGCGCCTATTTTTATGGCTG
NZ_CP041005.1_gap56	2197631	2201736	4105	AGCCAGCCGCGGAGGCCAGATGGTTTCCGGGGTCGTACAAACGATGGGGAATATTTCCACCAGCTCGAAAAAAATCTCGGAAATTACCGCCGTCATTAACAGTATCGCTTTCCAGACCAACATCCTGGCGCTGAACGCGGCGGTCGAGGCGGCACGCGCCGGGGAACAAGGACGCGGTTTTGCGGTGGTCGCCAGTGAGGTTCGTACCCTCGCCAGTCGCAGCGCGCAGGCGGCAAAAGAGATTGAAGGCTTGATCGGCGCATCGGTCAGCCTGATTGAACAAGGATCTGAAGAGGTTATCGCTGCGGGGAGCACCATGAATGAGATTGTGGATGCCGTCAAACGCGTCACCGATATTATGCTCGACATCGCGGCAGCCTCTGATGAGCAAAGTCGCGGTATTGTTCAGGTCAGTCAGGCTATTTCTGAGATGGACAGGGTTACGCAACAAAACGCGTCGCTGGTCGAAGAGGCGTCCGCGGCGGCAGCTTCGCTTGAAGAACAGGCTGCCCGCTTGACGCAAGCCGTTGATGCGTTTCGTTTACATGATACTGGCGCGACGATGCGATCATCCTTCCTTTAGTAAGCGTCGCGCCAGCGGGCTATTTTAGCCGCGGGCGCGTTTATTCTCCGACAGCCGCTATCACAGCGGCATCGATTTACGGATCGCCGCAATCAGCATTTGCGCCCCGGTTGAGAGCGGGATATCAACTCGCGTAAGAATACCTATCGGCTCGCCCGCGCTCTGGGTCGGCACGGGTAATGAGACCAGCGTCGCCTGGCGAAGATCTTCTTTAACCGCGCCAGAGGGGACGAACCAGACGTAATCGTAATCTACGGTCAGTTGTCGTGATAACGATGCGGATAGCGTTTCGATACATCCGGCAGGCATTTTACACCCCTGGCTTTGCAACAGGGCTTCCGCATTCTGGCGCGGTACCGTGCCTTTTGGCGAGACGACTACCGGCCATTCCATAACCCGGCTGAGCGTGATCGTCTCCTGTAACAGGGGATGACCGGGGCGTACCACTAATTTAAGCGATTCTAAAAACAGCAGTTCGTAATTTAAACCGCCCATTAATTCCGGGTCTGACATGCGGCCAATACCCAGATCGATCTCGCCTGATTTAAGACCCGCAAGCAACATCGTATTGTTCATGGTCGCGACCTGTAACGAGGTCGATTTTTGCTGTTGATGGAACCGCCCAATAGCCGCCGGGAGTATACCCAGCGCAGCGGTGGGGAGCGCGCCAACACGCACCACATCGGCGCTAGCGTCCTCTTTGCGATTCAGCGCCTGCCCGGCGGTATTCAATGCATCTAATACTTTTACCGCATGAGTCAAAAATTGTTCGCCAGGAACCGTTAATTGCGCGCCCAGTCGCCCGCGTTCAAACAGACGGGTTCCGGTGAGTTGTTCCAGTTCGTTCAGCGTTTTAGAAAGCGCTGGCTGGCTCAGGTTAAGAGTTTCAGCCGCGCGCCCCAGAGTTCCCTGTTGCGCAACGGCGACAAATGTATGAAGGTGGCGCAACCGAATGCGCTGACTAAACAGACCATTTTTTTCCATAAGCGATGTTAAAAACAGAGCCGTGCGGGTGACAAGTAAAGTTGTTTGTTTTTGATAACCTGATAGCAAAATATTATTAACATTTTACCATTTCAAGTTACAACTGTTTTATTTTACTGATGATTCAACTGCCGTTAAGCGTGTTAAGCCGCGATCTGGTCGGGGATATGCCAGCTCATGTCAATCCGTTCTGCATAATGAATTCAGGTCGGATCACACTTTATAAATTCTTCTCCCCGGAATGGATGAGGTTTTCTACACTCCAGGTAACATTCACTGGAGGCATGACATTATGGCGAACACCATCACGGCAGATGAGATTCGGGAACACTTTTCGCAGGCAATGTCGGCAATGTACCAGCAGGAAGTTCCGCAGTACGGTACGTTACTGGAACTTGTGGCTGACGTGAATCTGGCGGTGCTGGAAAATAATCCCAAACTGCATGAGCAGTTGGCTAATGCCGATGAACTGGCGCGATTGAACGTGGAACGACATGGCGCCATTCGTGTTGGCACCGCAGAAGAACTTTCTACCTTGCGTCGGATATTCGCCATCATGGGGATGTACCCAGTAAGTTATTACGATCTCTCTCAGGCGGGCGTGCCTGTGCACTCCACGGCATTTCGTCCCATTGACGAGGCTTCGCTCTCGCGTAATCCCTTTCGCATGTTCACTTCGCTATTACGCCTGGAGCTCATTGAAAACGCGGCATTACGCCAGCGGGCGGCGGAAATCTTATCGCAGCGTGATATTTTTACATCGCGCTGCCGACAATTGCTGGATGAGTACGACGAGCAGGGCGGTTTTAGCGCTGCTCAGGCCGAAGAGTTCGTCCGTGAAACGCTGGAGACTTTTCGCTGGCATCGTCAGGCTACCGTTGATGAAGAAACGTACCGCAGCCTGCATCGTGAGCATCGTTTAATTGCCGACGTGGTCTGTTTTCCGGGATGCCACATTAACCATCTGACGCCGCGTACTCTGGATATCGACCGGGTACAGGCCATGATGCCGGAGTGCGGCATTACGCCTAAAATTCTTATCGAAGGTCCGCCTCGCCGCGAAGTGCCTATTCTGTTGCGGCAAACCAGTTTCAAAGCTCTGGAAGAGCAGGTGCTCTTCGTTGATGAAAAGCAGGGTACGCACACGGCGCGCTTCGGCGAAATTGAGCAACGTGGCGTCGCGCTGACGCCAAAAGGTCGTCGATTATATGACGAACTGTTGCACAAGGCGGGAACGGGTAAGGATAACTTCACGCATCAACTCCATTTGCGGGAGGTCTTTAACGCCTTTCCGGATAGCGAATTTCTGCTTCGCCAGCAGGGGCTTGCCTGGTTCCGCTATCGCTTAACGCCTTCCGGCGAGGCGCATCGTCAGGCGATCCATCCTGGCGACGATCCGCAGCCGCTTATTGAGCGCGGTTGGGTAATCGCGCAGCCGATTACCTATGAAGATTTTCTTCCGGTCAGCGCAGCCGGCATTTTTCAGTCGAATTTGGGAGATGAAACGCTGGCCAGAAGCCACGGCAATGCCAGCCGCGACGCCTTTGAACAGGCGCTGGGATGTGCAGTACGGGATGAATTTTCGTTATATCAGGAAGCGGAAGAACGCAGTAAACGCCGTTGCGGTCTGCTTTAAAAGCGGTAAGCTTCACAGGCTGTGAGGATACTGTAAAAGGAAGGCGTTATGTTGAATCCCTCCATCCCGTTGGTGGAGACGCGTCACGGTAAAATCGTGGGCGTCGTACAGGAAGAAATCCATATCTGGCGCGGTATACCTTATGCCGCGCCGCCAACAGGGGAGCTACGCTGGCGTGCGCCGCAGCCTGTTACGCCCTGGCACGACGTGCGCCAGGCGGATTGTTTCTCCTGCGCCAGTTGGCAGGATATTACCTGGTGTCGCGAACTCGGCGGCGGCGATCCGGGAAATTTTTCCGAAGACTGTCTCTATCTGAACGTCTGGGCTCCCGCCGTGCGTCATGAACCGTTGCCGGTCATGGTCTGGCTACACGGCGGCGGTTATACCATTGGCGCGGGGAGTTTGCCGCCCTATGACGGTCAAGCGCTGGCGAAGCGCGGCGCGATCGTGGTGACGGTCAATTATCGGCTTGGCCATCTGGGCTTTTTCGCGCATCCGGCGCTGGAAGGCGAAGAGGCGGAGTGTATTCATAATTTTGCTTTACTCGATCAAATCGCTGCGCTGCGCTGGGTGCAGGACAATATTGCCGCGTTTGGCGGCGATACGCAGAATGTGACGTTATTTGGCGAATCCGCCGGCGCCCGCAGCGTGCTGTCGTTGATGGCTTCGCCGTTGGCGAAGGGGCTTTTTCATAAAGCGATTATTCAGAGTGGTTATACGCTGCCGGATACGCCCCGCGAGGTGGCGCTAAAAAAAGGCGTTGCGCTGGCGGAACATCTTGGTTTAGCCCATGCCACTGCCGAACAGCTACGCGCTTTACCGGCAGAGACGTTTTGGCCGCTGGACGCGCCTTTTAAAATTGCGCCGACGCCGATTTCCGGCGACGTCGTGCTGCCGCATCC
NZ_CP041005.1_gap57	2357649	2362570	4921	ATCGACCTCTTTGGCCTGGGCGGCAAAGAGCGCCATTTCCGCTTTGATAAACGCCTCGGACATCACTTTGGCGTAACCATCGCCGCTACCGGCTTCCTCTTTAAAATCCAGTTCGAGGAACTCAGCCCCCATACTCTGGACCTGCTCTTTGACTTCAGGACGAGTGTCAAACGCGCGGACAATCGCCCCCAGGCTGTTTGCCGCGCCGATAGCCGCAAGACCGGCTACGCCCGCGCCAATCACCATCACCTTCGCCGGCGGCACTTTCCCGGCGGCGGTGATTTGCCCGGTAAAGAAGCGCCCAAATTCATGCGCGGCCTCTACAATGGCGCGATAACCCGCGATATTCGCCATTGAGCTTAACGCGTCGAGCGACTGCGCGCGGGAAATACGCGGCACGGAGTCCATCGCCATCACCGTAACCTTACGTTCGGCAAGTTTCTCCATTAACCCAGGATTTTGCGCAGGCCAGATAAAACTGACCAGCGTAGTTCCGGGGTTCAGTAAAGCGATTTCCTCTTCTTCAGGCGCATTAACCTTGAGAATAATTTCCGACTGCCAGATAGCATTGCCGTCTACAATATCCGCGCCAGCCTGCGCAAACGCTTTGTCGTCAAAACTTGCCAGTTGACCCGCCCCGCTTTCGATAGCGACGCTAAACCCCAGCTTCAGTAGCTGCTCTACCGTTTTCGGCGTCGCAGCGACACGGGTTTCATTGGGTAACCGCTCTTTTGGTATGCCAATTCGCATAAATGTTCCCTTCCATCGATATTTTTGATGATGGTTTGTCAGTAAGCGCGAGAAGCGTACGCCTGCCCGCGTTTGAGGTAAATGTTACCCCAGCAGAATAAAACCGTTACAAACTCTCTATAACCTACTGAAAATAACGCCTGTGATCTAGCGCCAAAAAACAGAATTTTTTATCAAATTTGCAAAACATGAACGATTCAGCCGCTAAGCAGCCATAATGCCTTGAAAATGGCCTGCGAGGGCTGATAATTCGCTCAAATTTGACAGCAAAACATCATTAAACCCCTGGCGCGATCAAGAAATTAACATTAAATTAACTTATTAAATTTATGCGCTTCATTAGCTTAGCCGCCCGGACGCCGTTTTTTTCGACATATCGGCAAATGTTATCATCAAAGATAGGATACATGACACGATGCGTGAAAAATCCCGCAGACATCCATATGGTTTAAATGCAATAATCAGCCACGTTTCTAGTCAATAACAATACCAGTACCTGGTTTGCGCAAGGCGAAGGATTATTTTTATGAAGCTTAAGAACACTCTCCTGGCGTCGGCTCTGCTTTCTGCGGCTGCTTTTTCTGTCCATGCAGCAACAGAACTGACGCCGGAGCAAGCGGCTGCACTAAAACCTTATGACCGCATCGTTATTACCGGTCGTTTTAATGCTATTGGCGATGCGGTCTCCGCCGTGTCCCGCCGCGCAGATAAAGAAGGCGCAGCCTCCTTCTATGTTGTCGACACCTCGGAGTTCGGCAACAGTGGTAACTGGCGTGTTGTGGCGGACGTGTATAAAGCCGACGCGCCGAAAGCCGACGCGCCCAAAAATCGTGTCATTAATGGCATCGTGGAATTACCGAAAGACCAGGCCGTACAATTAGAACCGTATGACACCGTCACCGTTCAGGGCTTCTACCGTAGCCAGCCGGAAGTTAACGATGCCATTACGAAAGCGGCGAAACAAAAAGGCGCATACGCTTTCTATATTGTTCGTCAGATAGATGCGAATCAGGGCGGAAACCAGCGCATCACTGCATTTATCTATAAACAAGATGCGAAAAAACGCATCGTCCAGAGCCCGGACGCTATTCCGGCAGACTCTGAAGCTGGCCGCGCCGCGCTGGCTCAGGGCGGCGAAGCTGCGAAGAAAGTCGAAATTCCAGGCGTCGCCACGTCAGCCTCGCCGAGCGCCGAAGTAGGCCGTTTCTTCGAAACGCAATCCTCCAAAGGCGGACGTTACACTGTCACACTTCCGGATGGCACAAAAGTTGAGGAGCTGAATAAAGCGACGGCTGCGATGATGGTGCCTTTCGACAGCGTTAAGTTCACCGGCAACTACGGCAATATGACAGAAATCTCCTATCAGGTCGCCAAACGCGCGGCGAAGAAAGGCGCTAAGTATTATCATATTACGCGTCAGTGGCAGGAGCGCGGTAATAACATCACCATCAGCGCCGACCTCTATAAATAAGGCGCGCGTCGCCATCAGGCTTTCTCGCCGGATGGCGGCATACCTGCCTTATCAGGCCTACACGATCGTTCAACGGCAGGCCTGATAAGCCGCCATCCGGCACTTTCTCGCGGGATGCCAGTTCCGTCAAATATCGCGATGAATCTCACTTTTCGCTTTTTTGGCGATAAATCTTATCCAGGCCGTTGCATGCGGTCCCTTCTCTCCGTAAAATCCCGCGCCTTAGTGGCTTTCACCATTTTTATGCGTTTTGCCATAATAATTATTCTTCCAATTTCATTTTTATAGCTGGATACCAATGGAAAAAAAACTGGGACTGAGCGCGCTGACCGCGCTGGTTTTAAGCTCAATGCTTGGCGCAGGTGTTTTCAGTCTGCCCCAGAATATGGCCGCCGTTGCCAGTCCGGCTGCGTTGTTAATTGGCTGGGCCATTACCGGCGTGGGGATACTCTTACTGGCATTCGCCATGTTAATCCTTACGCGCATTCGCTCCGAGCTTGACGGCGGTATCTTTACTTACGCCCGCGAAGGCTTCGGCGAACTGATTGGCTTTTGTTCTGCCTGGGGCTATTGGCTGTGCGCGGTCATCGCCAACGTATCCTATTTGGTTATCGTCTTTTCAGCGCTGAGTTTCTTTACCGATACGCCTGCCTTGCGTCTGTTTGGTGACGGTAATACCTGGCAGGCTATTGTCGGCGCTTCAGTCTTGCTCTGGATTGTCCATTTCCTCATCCTGCGCGGCGTACAAACGGCAGCCAGCATCAATCTGGTCGCGACTCTGGCGAAACTGTTGCCGCTCGGCGCGTTTATTGTGCTGGCTATCATGATGTTCAAACTGGATACCTTCACACTGGACTTCACTGGTGTTGAACTCGGTATTCCCGTATGGGAACAGGTCAAGAACACCATGCTTATTACGCTGTGGGTGTTTATTGGCGTTGAAGGCGCCGTCGTCGTCTCGGCCCGAGCGAAAAATAAACGCGATGTAGGCCGCGCCACGCTACTGGCGGTCCTCGCGGCGCTGGGAATATATCTCCTGGTCACGCTGCTTTCTCTTGGCGTTCTTGCGCGTCCGGAACTGGCGGAGATGCGTAACCCGTCGATGGCCGGACTAATGGTAAAAATGATGGGGCCGTGGGGAGAAATTATTATTGCAGCGGGACTGATTGTGTCTGTCTGCGGGGCTTATCTAAGCTGGACTATTATGGCGGCGGAGGTGCCATTTCTGGCGGCAGCCTATAAATCCTTCCCGGGCATCTTCGCGCGACAAAATGCGCAAGGCGCGCCTTCTGCATCGTTATGGCTCACCAATATCTGTGTGCAAATCTGTCTGGTGCTGATCTGGCTGACCGGTTCGGACTACAACACGCTATTGACGATTGCGTCAGAAATGATTCTGGTGCCCTACTTTCTGGTCGGCGCATTTCTGCTGAAGATTGCAACACGTCCCCTCCATCGGGCGGTCGGTATCGGAGCCTGTATTTATGGCTTATGGTTGTTATACGCGTCGGGTCCCATGCACCTGCTGCTGTCCGTCGTACTGTACGCGCCTGGATTACTGGTTTTCCTGTATGCGCGTCGGACGCACAAGCATGACAACGTGTTAAATCGTCAGGAAGTCGTGCTGATTGGTTTATTGCTGGTCGCGGCGGTTCCGGCTACGTGGATGCTGGTGGGTTGACAACCTCCCCATCGTAATATCCGTCTGTATTACGATGGGGAAACCACGGTCTTTGCCAATATTAATGCCATTTAATCCAGCAAAAAATCAGCAGCCACGCGCTTAGCCCCCAGCAGACCACCGCACCGCCAAGCGCGACGGGCAGGCGCATCACGCCGCTGAAATACCATAGCGTTGCAAGATAAATGAAATAAGGAATGATCGACCACATGCTAAAGGCGATGGTGGTACGCATCGCGTCGATGCCCCGCTCGCTGGCCACGATATAGTGCGCGATAAGCGCAAACGTTGGAAACAGAGGAATTAATCCGGCGATATAATAATTTTTCGTTTTTGACAGCAGACCAATCAATACGACGACCAGCGCCCCCAGGGCAGCTTTAATCACGAGTCCCATTACCTTGCCTTAACACGCTAATAACAACAGCGTGTAGCATAACGGAACCGCTCTCGTTTAGAAAAGATTTATGGAAGGGAAAACAGAGGCGGTGTATGTTGGCGTTTTCTATTCTCCATTTATAATATGAACCGCATTGTATTTGTTGAAGACGACGCTGAAGTGGGTTCTCTCATTGCCGCTTATCTGGCGAAACATGATATTGATGTCATTGTTGAGCCGCGTGGTGACCGGGCGGAGGATCTTATCCTCACCACTCAGCCCGATCTGGTTTTACTGGATATTATGCTTCCAGGTAAAGATGGCATGACGATATGTCGCGATTTACGCCACCGCTGGCAAGGCCCGATTGTCCTGCTCACCTCGCTGGACAGTGATATGAATCATATTCTGGCGCTGGAGATGGGCGCCTGCGACTACATCCTCAAAACCACGCCTCCGGCCGTTTTGCTGGCGCGTCTGCGCTTACACCTGCGGCAAAGCGAACAAACGCAACAGGCAAAAAGTCTTCAGGAGAGCGCGCTTACGCCGCATAAAGCGCTGCGTTTTGGCGCGTTAACCATCGATCCCCTTAACCGGGCGGTCCAGCTCAATGGCGATTTCATATCGCTCTCCACCGCCG
NZ_CP041005.1_gap58	2399448	2403016	3568	ATCTGCTGGCCACCGGCGAGCAGCTTTGTATGCAACGGGGTTTTACCGGCATGGGGCTTAGCGAGTTGCTCAAAACCGCCCAAGTGCCTAAAGGGTCGTTTTATCACTACTTTCGCTCGAAAGAAGCCTTCGGCGTCGCCATGCTTGAGCGACATTACGCCTGCTATCATCAGCGTCTTACGGCGCACTTCACCTCCGGTCCCGGTAATCATCGCGATCGTCTTCTCGCCTGGTATCAGGAAACGTTAAAGCAGTTTTGCCAGCAAGGCGCCATCAGCGGTTGCCTGACGGTGAAACTGTCAGCGGAAGTCTGCGATCTGTCGGAGGATATGCGCTCTACGATGGATAAAGGGGCGCAGGAGATCATGGCACTGCTTGCACGCGCGCTGGAAGATGGCCGTAATAGCCACTGTTTACATTTCACCGGCCAGCCGTTGCCACAGGCGCAGGTACTTTATGCCCTGTGGCTGGGCGCCAATTTGCAGGCCAAAATATCCCGTAGCGCCGCGCCGCTGGAAAATGCGTTGGCGCATGTTAAGACCATCATTGCAACGCCTGAGCAGTAACAGGCGTTTTTATTTCCTTTATTACAAGACGACCGGTCTACTTATATCAGGAGCCACTATGTCATCAGCAAAACTGTTTACCCCCCTCAAGGTGGGTGCCATCACGGCGACAAATCGCGTATTTATGGCGCCTTTGACGCGTTTGCGGAGTATTGAACCGGGCGACATTCCTACGCCGTTAATGGCGGAATATTACCGTCAACGCGCCAGCGCTGGATTGATCATCAGCGAAGCCACACAAATCTCCGCACAGGCGAAAGGCTATGCCGGCGCACCGGGATTACACAGCGATGAGCAGATCGCCGCCTGGAAAAAAATCACTCAGGGAGTCCATGCCCAGGGCGGCCATATGGCGGTGCAACTGTGGCATACGGGCCGTATTTCACACGCCAGCCTGCAACCAGGCGGACAAGCGCCCGTCGCGCCATCCGCTATCAATGCGGGAACCCGCACCTCTTTGCGTGACGAAAACGGCCAGGCCATCCGCGTAGAGACTTCCACGCCGCGCGCGCTGGATACTCACGAGATCCCCGGGATCGTCAACGATTTCCGCCAGGCTATCGCCAATGCCCGAGAGGCGGGCTTCGATCTGGTGGAGCTGCATTCCGCGCACGGTTATCTGCTGCACCAGTTCCTCTCACCGTCTTCTAATCACCGTACCGATCGGTACGGCGGCGGCGTAGAGAATCGCGCCCGTCTGGTACTGGAGGTGGTTGATGCCGGCATTAAGGAATGGGGCGCGGACCGTATCGGCATCCGCCTTTCTCCTGTCGGCACTTTCCAGAATGTCGATAACGGCCCGAATGAAGAAGCTGACGCCCTTTATCTGATTGAAGCGTTAGGCAAACGCGGCATCGCTTATCTGCATATGTCTGAACCAGACTGGGCGGGCGGCGAACCGTACAGCGACGCGTTCCGTGAAAAAGTGCGCGCGCGTTTCCACGGTCCCATCATCGGCGCTGGCGCCTATACGCCAGAAAAAGCGGAAGATCTGATCGAAAAAGGGCTGATTGACGCCGTGGCGTTTGGTCGTGATTACATCGCTAACCCGGATCTGGTAGCGCGTCTGCAACGTAAAGCGGAACTTAATCCACAGCGTCCCGAAAGTTTTTATGGCGGCGGCGCGGAAGGCTACACTGACTACCCTACTCTGTAATTTCATTGATAGCGGCCTCACATCGCCGCTATACTTTGAATATCTTGACTATTTTAAGGACAACGAAAATGCGTTTATTGCATACTATGCTGCGCGTCGGCGATTTGCAGCGTTCCATCGCTTTTTACACTAACGTTCTGGGCATGAAATTGCTGCGTACCAGTGAGAATCCGGAATACAAATACTCGCTGGCCTTTGTGGGATATGGTCCGGAAACGGAAGAAGCGGTCATCGAACTAACCTATAACTGGGGCGTTGAGAGCTACGACATGGGCAATGCGTACGGGCATATCGCGCTGAGCGTTGACAATGCTGCTGAAGCCTGTGAACGCATTCGTCAGAACGGCGGCAACGTGACCCGTGAAGCGGGGCCGGTAAAAGGCGGTTCGACCATCATCGCCTTCGTTGAAGATCCGGATGGCTATAAAATCGAATTGATTGAAGCTAAAGACGCAGGCCGCGGTCTGGGTAACTGATCCCCCGCCGGGCGCAGGTCACTGCGCCCGTTGTTTTACTGCATCCCGGCGTAAAATTTGCCATAATACGCGCTGCATTTTTTCGTATTAAGAGACTCAGATGTCCGATAACGCTCAACTTTCCGGTCTGTGCGACCGTTTTCGTGGTTTTTATCCTGTCGTCATCGACGTTGAAACTGCAGGATTTAACGCTAAAACCGATGCGCTGCTCGAAATCGCCGCCATCACGCTGAAAATGGATGAACAAGGCTGGCTGATGCCGGACATGACGCTGCATTTCCATGTGGAGCCGTTCGCTGGAGCCAACTTACAGCCGGAAGCGCTTGCGTTTAACGGTATCGATCCCTCTAACCCGCTACGCGGCGCGGTGAGTGAATATGAGGCGCTACACGCTATTTTCAAAATGGTGCGTAAAGGTATCAAAGACAGCGGTTGTAGCCGCGCCATTATGGTCGCGCATAACGCCACTTTTGATCACAGTTTTATGATGGCCGCCGCAGAGCGCGCCTCGCTGAAACGTAACCCGTTTCATCCGTTCGTCACCTTTGATACTGCGGCATTGAGCGGACTGGCGCTGGGACAAACGGTGTTATCAAAAGCGTGCCTGGCGGCAGGTATGGAGTTTGACGGTGAAAAGGCCCACTCCGCTTTGTATGATACCGAGCGGACAGCGGTGCTGTTTTGTGAAATTGTCAATCGCTGGAAGCGCCTGGGCGGCTGGCCGTTACCTTTGCCGACGGACAAATAACGAGGCTAACAACGCCGCTCTTGCTCACGATGGCGGTAAAAAAGCGACCTTTACAGGTCGCTTTCTCCTTGCACAGATTACTCTGCGTCCGGCTCCTGAGTTTTATATTTTGCCGCAGTTTCTTTAATAAGCTGCTGCAACTCACCACGCTGATACATTTCAATCACAATATCACACCCGCCGACCAGCTCGCCGTCCACCCACAGTTGTGGGAATGTCGGCCAGTTGGCGTATTTCGGTAATTCAGCGCGAATATCCGGGTTTTGCAGGATATCAACATAGGCAAAACGTTCCCCGCAGGCTGAAAGCGCCTGAACGGCCTGCGCAGAGAAACCACAGCTTGGCAGTTTCGGTGAACCTTTCATATACAGGAGAATCGGGTTTTCAGCGATCTGGCGCTGAATTTTTTCGATAGTGGTGCTCATTGTCTCGCTTCCTTAAACTACTTTTACGACTGAAGCCTGTCATTGTAACGGGTCAGGCTGGCAACGGAAAATAACATTTTCATCATGCCTTATTATTTTACCGTCTGCGGGAATAAGTTGTATACAAAATATCTTTTAAGCGGGTTGCCGCGCAGTGATTTGTAGATAACGCGTTCGTGTTTAGCATTAATTGCTAT
NZ_CP041005.1_gap59	2415416	2417485	2069	GGTTTACGCTGTATTTTTGCAAAGATACCAACGTGTAATACGCACCATAAATTCATTGCCACAGGCAATCAACTCACCTTGCCCAATAATACGGTCATTTACTCTTATCGTCACCTCTGGCGCAAAACATCCACCTACAGGCAAAACGTCCCCCGTTTTAAGTTGTCGTAATTGTCCAATTTCCAGACTCGCACGTCCGACCTCAAAGAGCACCTGTTGTGGTATCTGCTCAAGTTCGACTGAAGACGTTCCGTCACTCTTTGACATTGGGCTCCCTGACGCAAGTAGCGTTTCGATATCCTGGACTAATTCGTCAAATTTCATCGTGTTATCCTCTGTCAGCAACACCCTTGCGTAGATTCCCCCAGGTAGTTGAATAGCAAAAAAACCGAGTCTGATGTCGCCGAAGCAATGAATCCGAACGCCCATGCCGATTTCGATAGACTCAAGTTCGATTAATGTAAGCTGGCACCAGCCTGAATATACAGGGACTACCACAGGAGGGGCAGGATAAATCTGTTGTCGCTCAGCAGAAAGCTCTCCGACTATATTGCGCAAAAAACCCGTTGGCCATGTAAAAATAATGCTATGGAACTCATGCTCTTCAACTGTCCATTTAATATGCAACGCTAGCTGATGTGGTAGATTACTGCAGGATGTTGGCGGCTCGTTCTGACAGAGGGTTGCATCACTGGCTTGCAATAACGGCGCCAGCCCCCATTCAGCTATTCCATATAGCAATTCAGGATCGATAGCCGATCGATTAGCGGTGCCAATTAGCCCTTCACACCAGCGCTGCCAGCATTGTTCTGCAATCCACACCCTACCCAGCTCATTATGATAATTTATGGTAAATAATGTCCCTTGCTGTACTGGATATTGTTGCATACTCAATGTCAGCTCACCAATGGTAGCGCCTTGCGTTGGAAGTATCTCCACCCACGGACGCTCTTCATTCGCTATTCTTAACATAGAATATCTCCAGGGAAATTATATACCCCATATGCAGCAACTGAGACTCCAGCCACTGCTTTAGCGCTTTCATCGAACGGTAAATTTCATGATGAGGGACATTGATTCTTAACTGGATTAGCCCCCCTGATTCACATACTTCACACTCTACACCGTCAAGATAACCGCCACTAACACGATAACGTTGCGTGAAAACCACGTTCTTATTCAATGCTGCAGGAGGATTATTCTCACCAATGGGTAATGCCTGGTGCATGAGTTGTTCAAAGTCCATACGTTCCGCCTCCGCCTCGTTATCATCCTGATAAGACTGGCATGGCAACCCAAGACTTCCCTCAACTTTGGTAATACGCATCGCTTAATACCATAGTAATTTTTTCTTTCTTTTTCATAAGCGCATTAAAATTCTTCTGTAATTCGCTTCGCCGGGAGACAAGCTGCTGATACTGATTCTCTAACTGCTGCCGTTGCGTCAAAAAGCTCTGCGCCTGAGTGAATAACCCGGCCATTTGTTGTTTCTTATCCAACAATAAATGACAAGATAACGTACCTTGCCAGCCCATTAATTCTTTCAGTCTGGTAGACACTGCTAAAGCGCGCGTCTGGCAAATCTGCTGTTCCGTAATAATCGCCTGTTGCTGCTGATCAAGTACGGTAAGCTTGCCGCGTAATTGCTTTTCACGCCGCGCGATTATCTCCAGCAAAGTTTCCATGATCACTCGGTGAGTATTTGGTGTAATTTTTCTATAAGTAGCTCGGGTCCGCATACTTCATCCTTACTTTGTCGCAAAAATGTGCAAATATCCGGATAGGTATCAATGGCTTTGTCAGTATCTGTATCAACTCCTCGCTGGTATTCCCCAATGCGTATTAACAGTTCAACCTCCTGGTAAAGCGCCAGGCACCGTCGCAATATCGCCGCCAGTTGACGATGCTCATGGCTGGTAACGACTGGAAAAACGCGGCTGAGCGTTGCCAACACGTCAATGGCAGGATAATGCCCCCTCTCTGCAAGCCGTCGGGATAGTACAATATGTCCATCAAGCAGTGAACGGACTTCATCCGCCAACGGCTCATTCATATCATCGCCTTCCACC
NZ_CP041005.1_gap60	2513096	2516274	3178	CAAAGTGGCCGATCTCAGCGTGCCGCAACTGGTGCTGTCTTTTGTACCGAAAAATCCGTTTGCGGATCTGACTGGCGCAAATCCTACGTCTATTATCAGCGTGGTGATTTTCGCCGCATTCCTGGGCGTGGCCGCGCTTAAACTGCTGAAAGATGATGCGCCAAAAGGCGAGCGTGTGCTTGTTGCTATCGATACCCTGCAAAGCTGGGTGATGAAGCTGGTGCGTCTGGTGATGCAACTTACGCCTTACGGCGTACTGGCGCTGATGACGAAAGTGGTTGCCGGCTCCAATCTGCAGGACATTATTAAGCTTGGAAGCTTCGTGGTAGCGTCATATCTTGGTCTGGCGATAATGTTTGTGGTTCACGGCATACTATTGGGCGTGAACGGGATTAGCCCGCTGAAATATTTCCGCAAGGTGTGGCCGGTGCTGACATTTGCCTTTACCAGCCGCTCCAGCGCCGCCTCCATTCCACTTAATGTCGAAGCGCAAACCCGCCGCCTGGGCGTGCCGGAGTCCATCGCCAGCTTTGCTGCCTCTTTTGGCGCGACCATCGGCCAAAACGGTTGTGCCGGTCTTTATCCTGCGATGTTGGCGGTAATGGTTGCGCCGACGGTCGGCATCAACCCCTTAGACCCCGTATGGATAGCCACGCTGGTGGGTATCGTTACTGTAAGTTCGGCGGGTGTTGCCGGCGTTGGCGGCGGCGCGACCTTCGCCGCGCTGATTGTGCTGCCTGCCATGGGCTTACCGGTCACGCTGGTCGCGCTGTTAATCTCCGTCGAACCGTTGATTGATATGGGCCGTACCGCGCTGAACGTGAGTGGCTCAATGACCGCTGGTACGCTGACCAGCCAGTGGCTGAAGCAGACCGATAAAACCATTCTCGATAGCGAAGAAGACGCTGAACTGGCGCATCGATAATACATTATCGGGCGTTCACATCGTCTGAGACATGACGATCGGCAACTCAAAATGTCTGTCACTAAAAACGCCGGTCTCCAGTACCGGCGTTTTGTTTTTTCTTAGTCAGCGATTTCGTTTTCCTGGCGAACCTGATTCGCCCAACGTTGCGCCGATTCTGGCACGCTAAAGGCGGGCGACCGTTGAAATGACTCCCTCGTCAGAACAAAGGCAACATATTTACCGCGCAGTATCCAGACGTCGCGAAACGTATCCATTTTTATCGCATGTTCCGGCGGCGCGGGTTCAACACGCGGAATATAGCTAATAATCTGGCGATTTTGCTGGCGAAGAGGTTTCATCATTAATGCTTCACTAAAAGAGGCTAAGAGCCTATCCCATTAGGGCTATTTTACTTGCCATTTTGGTCCTGGGCAGTGCTCAAAATCCTCACGTACTACGTGTACGCTCCGGTTTTTGCGCGCTGTCCGTGTCCAAACTGGCTGCGCCAATAACGCCTACTGGGATAGGCTCTAAGGCTAAAAATCAGAAAAACACTATTTTAGCCGATCTTCGCCCCCGACGTCCTGTTCCGCGCGTGCGATTTCCCTGTTATACCCTGTCTGCCGTTCCGCTCTCCCCCAGCATAATTGCTGAAATGTTCTATAGTTAGAGTGATTTTGACTACTACCACGCCCATTTCAGTGATGAAAGCAGGAGACGAGTTCAATGTCGCATAATGAGAAATCCCCCCATCAGTCCCCCGTGCATGATACCCGTGAATCACAGCCCGGCCTGGACTCCCTGGCGCCGTCAGACGGTTCACATCGCCCCACGCCAGAAACGACGCCGCCGGGCGCGCAACCGACGGCCCCCGGCAGCTTAAAAGCGCCCGAGACCGCGAATGATAAGCTCACTGCCCTCGACGCCTTTCGTAAAGGCAGCGAAAATTATGCGCTGACCACCAATCAGGGCGTGCGCATCGCCGACGATCAAAATTCTCTTCGCGCCGGCAGCCGCGGCCCTACGCTGTTGGAAGATTTTATCCTGCGCGAGAAAATTACCCACTTTGACCATGAGCGCATCCCGGAGAGGATCGTTCACGCCCGCGGATCTGCAGCGCACGGCTATTTCCAGCCATATAAAGACCTGAGCGACATCACGAAAGCCGCGTTTCTGTGCGATCCACAGAAAATTACCCCGGTCTTTGTTCGCTTTTCGACAGTACAGGGCGGCGCGGGGTCTGCTGATACCGTACGTGATATCCGCGGTTTTGCGACCAAATTTTATACCGAAGAGGGAATTTTCGATCTCGTCGGTAATAACACGCCGATCTTTTTTATCCAGGATGCGCATAAGTTTCCGGATTTTGTGCACGCCGTTAAGCCCGAACCACATTGGGCTATTCCGCAAGGGCAGAGTGCGCACGACACCTTCTGGGACTATGTTTCCTTACAGCCTGAGACGCTGCACAACGTCATGTGGGCAATGTCGGATCGCGGTATTCCACGCAGTTATCGGACGATGGAAGGGTTCGGCATTCACACCTTCCGTCTGATCAATGCACAAGGGAAAGCGACCTTTGTCCGTTTCCACTGGAAACCGTTGGCAGGTAAAGCCTCGCTGGTATGGGATGAGTCACAAAAACTGACCGGTCGCGATCCGGATTTTCACCGCCGGGATCTGTGGGAGGCCATCGAAGCGGGCGATTTCCCGGAATACGAGCTGGGCCTACAACTCATTGCCGAAGAGGATGAATTTAAATTCGATTTTGATCTGCTCGATCCGACCAAACTGATTCCGGAAGAGTTGGTGCCAGTACAACGCGTCGGCAAAATGGTGTTAAACCGTAATCCGGATAACTTTTTCGCTGAAAACGAACAGGCGGCATTTCATCCAGGACATATTGTTCCCGGCATTGATTTTACCAACGATCCGCTGTTACAGGGGCGTCTGTTCTCTTATACCGACACGCAAATCAGTCGTCTGGGCGGGCCAAACTTCCACGAAATTCCGATTAACCGCCCTACCTGCCCCTACCATAACTTCCAGCGTGACGGTATGCACCGGATGGATATCGACACCAATCCGGCGAACTATGAACCAAACTCCATTAATGACAACTGGCCACGCGAAACGCCGCCAGCGCCAAAACGCGGCGGCTTCGAATCATACCAGGAACGCGTGGATGGCAATAAAATCCGCGAACGCAGCCCCTCTTTCGGTGAATATTACTCGCATCCTCGCCTGTTCTGGCTCAGTCAGACGCCGATA
NZ_CP041005.1_gap61	2554588	2555860	1272	ACGGTACGCACGGTGTCAACCTGACCCGGCATAATTATCCGGCGCTACATGGTACTCTGCAAACCGCCGCTACACAGTGTACCGATAATCTTGATGACGCCCTTTTACTGCCTGCATTTGATCAGGCGGTAAGCATCAACCGTTCGCAGGACGACCATAGTCACGGGCTGGGCACACTGGAGCTTAAATTCCGTTATTACGTTGATTTAAATAAACATTATGTCTATTTCTATGATTTAATCAACTCACGGCGCTTCGCCATGCATCGTTGGACTTTTTTACAAAAAGGCACAATGGGTATTAACAGAAAAGATATAGATAAACTTTTTACCGGCCGTACGGTTATTTCAAGTATCTACATGGATGATATTACTCAGGAAAACGTCATGAGTTTTTTAACGCCAGTCTATCTGGCGGGATCGTTAAAAGGCATCGTGATGGTGGATGTTAACCAGGATAATTTAAAAAATATTTTTTATACCCAGGACCGTCCGCTGGTTTGGCGTTATCTTAACGTAACACTAAAGGATATGGACTCCGGAAAAGAAATTATTATTAATCAAAGCAAAAATAATCTGTTTCAATATGTGAATTATAGCCATGATATCCCTGGTGGGCTGCGCGTTTCGTTGTCCCTTGATTTAACCTATTTCCTTGTCTCGTCCTGGAAAGCGCTGGCCTTTTACTTACTGGCAACGGCGCTCCTGCTTAATATGGTACGGATGCACTTTCGGCTTTATCGCAACGTCACACGCGAAAATATTAGCGATGCCATGACCGGGCTTTACAACCGTAAAATATTAACACCGGTGCTGGAACAGCGACTGCAACGCCTGGTCAATACCGGGACGCCGGTGACATTTGTCGCTATTGATTGCGATAGGTTAAAACTGATCAACGATACCCAGGGGCACCAGGAAGGCGACCGAATTATAACCCTGTTGGCGAAAGCGATTAAAACATCGATTCGTAAAAGCGATTACGCCATTCGCCTCGGCGGCGATGAGTTCTGTATTATTCTTGTTGATTACGCGGCGGATTTGGCTATCCATCTGCCGGAGCGTATTATTCGTAACCTGCAAATTATCGCACCGGATAAGACAGTCCATTTTTCTGCCGGGATTTATAATATGCAGCCCAATGATACGATTAATGATGCCTACCAGGCTTCCGATGCGCAGCTCTATCTGAACAAACAACAAAAACAACATCGTTCATCATAGTGCTTCGCAGTAAATGTTCATATTGCACCAGGAGTGAGAAATGGCCGAA
NZ_CP041005.1_gap62	2650777	2652080	1303	AAACGTTGCAGCCAGCCCATATTTTGCGCTTCGTTAATATAGCCGTTCCCGACATATTCAATCCGCGCATCCGCCACCTGTGTCGAGGGAACAGAGTTGCTGCCGCTGATGGTGCGTGGATTTACCACGCCGGAGAAGCGGATGAATTCCGTTCCCTGATTAATCGCGATCTGTTTTTCCCCCACGACGTGTAAATTGCCATTGGCCAGAACCTGATCGACGGTCACGGTCAGCGTGCCGCTAAAGGTATTGCTGGCATTCGCGCCGCCTTTGCCGTTAAAAGAGTTGCCGCCGGAGGCCTCCATATCCGCGCGGGAATTACCGAATAATCCCTGCAGATAACGCGGTACCGTATCAAAACCAAAACTGGTTTTGCCGTCGCGGCTGGCATTTGCCGACGAGCTTTTACTGGCGCTGACGTTTTCCTGTAACACAATCGTGAGCGTATCGCCGATATTACGCGGTCGACGATCTTCAAAAAGCGGCTGATAGCCATAATTAATCGGCTGCGCAGACTGAAATATGGAGCCATTCGCCACCGGTACCGGGCCAGGTATCGGCTGCGCCGTGGTCGCCCCCTGCACAAGCGGTTTAGCGGGTATCCAGGCGCATCCTGTCAGCGTCGCGACCATCAGGGCCATAACTGGGTAAGCGTGAAGCGCGTATTTTTGCATTACCTTCATCTTCAAAATCAGGGAGCCGGTGGCGTATCCCCCACCGGCGGCCCCTTAGAGTTGCGTCAGTTTCTGCAGCATCTGATCGGTCGTCGATACTGCTTTACTGTTAATTTCATAGGCGCGTTGAACCTGAATCATGTTCACCAGCTCTTCCGCCACGTTAACGTTCGACGTTTCGACATACCCTTGATACAACAACCCCGCGCCGTTGAGCCCCGGCGTGCTTTCGTTCGGCGCGCCGGACGATTGCGTTTCGATATAGAGGTTCTCGCCAATGCTTTCCAGCCCGGTGTCGTTCATAAAGGTGGTCAGGTTAAGCTGCCCGACCTGAACCGGCGCGGCCTGCCCCTGCTGGGTAACGCTGACCACGCCGTCGCGGCCAATCGTGATGCTTAACGCGTTGGCCGGAATGGTGATTGCCGGCTGCACCTGAAAACCGCCCGCCGTCACCAGTTGACCATTCTGATCCACCTGGAAAGAGCCGTCGCGGGTATAAGCAGACGTACCGTCCGGCAGCATGACCTGGAAAAAGCCCTGCCCTTTAATCGCCACATCTTTACTGTTGTTGGTCTGCGACAGGTTCCCCTGACTGTGCAGACGCTCCGTGGCGACCGGACGCACGCCGG
NZ_CP041005.1_gap63	2750121	2754257	4136	CGGCGCGCACCGCGAAAAGCTCAGTAATCCGGACGTGTTGGGGCTTCTGGATGACGCGGTCTGCTACGTTGATGATGCGCTTCATCATCAACCTGAAGACGAACAGCGCGTACACCAGGCGCTGGAGGGTTTAAAGCAGCGAGTTCAGTCACTGGAAACACGTCCGGACAGCAAAGAACCTCTGGTTGTTCAACAAATTGGTTTGCTCATTGCCTTACTGCCCGAGATTGGACGCTTGCAACGGCAAATTTCACCGCCGATTTCTACATTAATTACCCAGCCGTAAGCGAATGAGCCCAGTCGGCAAGCTCCTGGCGACGACTCGCCGGGAGCGCCGCTTCATGTACGCCGACAATTGCGCCTTCCAGGGCATACAAAACTTTCACCGTCAGCAAGGGATTGCTTTGTCGCAACCTTAGCCAGCACATTTTCGCGCCCAGTATGCGTAACATATTTTCGTCCTTTATCCCTGACTCATTGAGCAATGTTTCCAGATGGAAGGTCATATTGGGGAGATCTTTGAGTCTGTGCTGTAAAATACGGCTGTGTTTTTCCTTCATTGCCGCGTCAAGAGAATACTTCGATAAACGCACCAGCTGCTGCTGATCGCGCCACAGGCTTTCATCCACCCGGTAATAGTTGAGCATAACGGGACGTCCACATTTCATAAACATGAGCCAGGCGGGAGGATGCTTCACACAGTAGGGTACGCTTTCTTCACAGGCGCGGAGATAAAGCTCGCCATTAGCCACCATCGCAAAGACGGTATCCTCCACGGTCAGACTATAGCTACCGAATAAAGATCGATACTGGATCGTCCCCAAAGAGGCCAAATATTCTTGCGATTTATAGATCCTGTCATAAGAGAGTGCTCTCATAAAATTCCTTTTAAATCATAAAGTAAAAGAATAATTTGCAGTAACGGATCCGTTAATGACGAAAATAGGCAACTTATACTCCGCGAGCAAGATGATTTTTATTTTTGACGCCACTAAGAATAAAAATTGCGAGACAGTTTCCGAAAATAGAGTTGATCTTTCATCGCCACAGGGGTACTGTATGAATATACAGTAACTCACAGGGCTGGATTGATTATGTACACTTCAGGTTATGCAAATCGTTCTTCGTCATTTCCTACCACTACCCACAACGCTGCGCGCACCGCTACGGAAAATGCCGCGGCAGGACTGGTCAGTGAAGTTGTCTACCACGAAGACCAGCCCATGATGGCGCAACTCCTGCTTTTGCCTTTACTCCGTCAGTTAGGCCAACAATCACGATGGCAGCTCTGGCTCACGCCGCAGCAAAAGCTCAGCCGTGAATGGGTACAGTCTTCAGGTTTGCCATTAACGAAAGTGATGCAAATTAGCCAGCTTGCGCCTCGTCATACGCTGGAGTCGATGATCCGCGCTTTGCGTACAGGAAATTACAGCGTGGTAATTGGTTGGATGACTGAAGAACTGACAGAAGAAGAACATGCCAGCCTGGTTGAAGCAGCGAAGGTAGGTAATGCGGTAGGGTTTATCATGCGCCCTGTACGTGCGCACGCTTTACCCAGGAGACAGCATTCCGGGCTAAAAATTCACTCTAATTTGTATCATTAAGTAAAATTAGGATTTATCCTGGACTTTTTTTTACGCGAACGTATCTCCTTTGAGTGCTAACGTTTTTTTTGCGAGAACGCTTGTCAGAAGCGGTTTCCGCAATTTTTGCTGTACGATTTATCATCTGAAACTGTTAAATGATGTGTATATCCGTCATGTTTTTTTCACATGTCTGACGGAGTTCACACTTGTAAGTTTCCAACTACGTTGTAGACTTTACATCGCCAGGGGTGCTCAGCATAAGCCGTAGATATCGGTAGAGTAACTATTGAGCAGATCCCCCGGTGAAGGATTTAACCGTGTTATCTCGTTGGAGATATTCATGGCGTATTTTGGATGATAACGAGGCGCAAAAAATGAAAAAGACAGCTATCGCGATTGCAGTGGCACTGGCTGGTTTCGCTACCGTAGCGCAGGCCGCTCCGAAAGATAACACCTGGTACGCTGGTGCTAAACTGGGCTGGTCTCAGTACCATGACACCGGCTTCATTCACAATGATGGCCCGACTCATGAAAACCAACTGGGCGCAGGTGCTTTTGGTGGTTACCAGGTTAACCCGTATGTTGGCTTTGAAATGGGCTACGACTGGTTAGGCCGTATGCCGTACAAAGGCGACAACATCAATGGCGCTTATAAAGCTCAGGGCGTTCAGTTGACCGCTAAACTGGGTTATCCAATCACTGACGATCTGGACGTTTATACCCGTCTGGGTGGTATGGTATGGCGTGCAGACACCAAGTCTAACGTCCCTGGCGGCCCGTCTACTAAAGACCACGACACCGGCGTTTCCCCGGTATTCGCGGGCGGTATCGAGTATGCTATCACCCCTGAAATCGCAACCCGTCTGGAATACCAGTGGACTAACAACATCGGTGATGCCAACACCATCGGCACCCGTCCGGACAACGGCCTGCTGAGCGTAGGTGTTTCCTACCGTTTCGGCCAGCAAGAAGCTGCTCCGGTAGTAGCTCCGGCACCAGCTCCGGCTCCGGAAGTACAGACCAAGCACTTCACTCTGAAGTCTGACGTACTGTTCAACTTCAACAAATCTACCCTGAAGCCGGAAGGCCAGCAGGCTCTGGATCAGCTGTACAGCCAGCTGAGCAACCTGGATCCGAAAGACGGTTCCGTTGTCGTTCTGGGCTTCACTGACCGTATCGGTTCTGACGCTTACAACCAGGGTCTGTCCGAGAAACGTGCTCAGTCTGTTGTTGATTACCTGATCTCCAAAGGTATTCCGTCTGACAAAATCTCCGCACGTGGTATGGGCGAATCTAACCCGGTTACCGGCAACACCTGTGACAACGTGAAACCTCGCGCTGCCCTGATCGATTGCCTGGCTCCGGATCGTCGCGTAGAGATCGAAGTTAAAGGCGTTAAAGACGTGGTAACTCAGCCGCAGGCTTAAGTTTCCGTCTGATAAAAAACCCCGCGTCGCGGGGTTTTTTGCTCTGGTCTGGATGACAACGCCTTTCAGCGTTACTTCTTGCCTAATAACGCCTGTAAATCCTGCTTTAACGTGGTCATTTGCGTGGCATATTTCTCTTTATGCTCCGCGTCTTCTATCAGTTGCACAATCGTTTCGGATAATGTTTTACCGCGTCGCTGCGCAAGGCCCGCCAGACGCTGCCAGACCATAAACTCTAAATCGATAGATTTTTTGCGCGTATGCTGATGTTCCGCATTGAAGTGTCGTTTGCGTCTTGCCCGAATGGTTTGTTTCATCCGATTAAGCAAGGCAGGATTCATATGCCTGTCTATCCAGACATTTACCCGCACCGGTTCATTTTCGAGGGCCAACAACAAATTGACGGCTTCCTGGGCAGCACTGGCTTCCACGTAGCGGGTGATCAGCTCCCCTTCGCGGTGCTTTTTCACCAGATATTTCCATTTCCAACCGCTTTCAAGATTTTCAAGTTGTTGATATTTCATTGTGATCCCAATGTTACCGTGTAACTGTTATCAGAATATCAGTTTTTTAGCCATCTGAAGAAAAGAATCTCGAACCTGTGAATGGTTACACGTCTTCATATTACTTTGCATTCGCTTTCCGCGTGTGCAGCGTGACGGGTTAGGCTATAATCCCCCCTTTTACAACAGACTAAAAAACCTCAACTTTGACCATTACGAAACTTGCATGGCGTGATCTGGTTCCGGATAGCGAAAGCTATCAGGAGATATTTGCACAGCCACACGCGACTGACGAAAACGACACCTTACTCAGTGATACTCAGCCACGACTGCAATTTGCGCTTGAGCAACTTATACAGCCGTGGGCATCATCCTCTTTTATGCTGACTAAAGCGCCTGAAGAGCAAGAGTATCTCACTTTACTTTCAGATGCCGTCCGCGCTCTGCAAACCGATGCCGGACAATTAACCGGCGGACATTATGACGTTTCCGGGCATACTGTTCATTACCGCGCCGCGCAGAATGCGCAAGACAACTTTGCCACCGTCACACAAGTCGTCAGCGCGGACTGGGTCGAAGCCGAACAGCTCTTTGGTTGCCTGCGGCAGTATAACGGCGAC
NZ_CP041005.1_gap64	2848089	2851300	3211	ACTTCGTCACCAACCTGGATTTCCAGTTCGCCCTGGGCGTTTTTGAACTGCTCAGCCGGAATGGCAGACTCAGATTTCAGACCGGCGTCAACCAGTACTACGTCTTTGTCGATAGCAACAACAACACCACGAACGATGGAACCCGGGCGGGTTTCGATTTCTTTTAAGGATTCTTCAAAGAGTTGAGCAAAAGATTCAGTCATGTTTAATCTTCAGGTTTCATATTTAACGTCCACCTGGCTCCGTGCCGGATGGGGTTGTTTAACATACCCGCTGTCAATCCTTTGCAACGGGGGTACTACAAATTCGGTCGCATTTAAGCGAGAGCCAATTTTTGGCGCGCATATTGTAACGCTTTTTCAATCACTTGCTCAATGCTTAATCGGGTAGAATCCAAAACTAATGCATCAGCAGCAGGAACTAACGGCGCAACGGCACGATGACGATCGCGATCGTCGCGTTCCTTGATCTCGGCCAAAAGGCGTTCAAAGTTAACACTAAAGCCATTCTCCTGCAACTGTAGCATACGTCGATGCGCACGTTCCTCCGAGGAGGCGTCAAGGAAAATTTTTACCGGCGCATCCGGGAAGACCACGGTCCCCATATCGCGTCCATCGGCGATTAAACCAGGCGCTTCGCGGAATGCGCGTTGGCGGCGAAGAAGCGCTTCACGCACGCGTGGGAATGCCGCCACCTGGGATGCCGCGTTCGCGACTTCCTGCGTACGGATTTCGCCGCTAACGTCCTCGCCTTCCAGGATAACTTCCAGGTTGCCGTCCGTTGAGACGAAACGCACGTCCAGATGGGACGCCAGCGGCACCAGCGCATCTTCAGAGGCGAGATCGACATGGTGATGCAATGCCGCCAGCGCCAGTACGCGGTATATCGCGCCGGAATCCAGCAGATGCCATTGCAATGCTTCCGCCATTGCTTTGCACAAGGTGCCTTTACCTGCACCGCTTGGGCCATCAATGGTTATTACCGGGGCAATTGCCGTCATCTTTATCTCCTTAAACAGGCGTACCGTTAACGTAAACGCCGCGCATTATACGCGCCAACGCTCGCGACCGTTAACGTTGCGTGCAAAAACCAGTTTTGTCTGTAATCAGATGCGGAATAATTGCGCAATTATAGCGGGCCGGCGAGAAACCAGCCCGAAAGATGACAATGATTTACTTTTTATCTTCGGCAATTCTGTCGCGCATATGCTGCGCGCGATCGGCTGAAGCCGGGTGGGAGTCCATCAATGATTTTGCATGACCTGCGTCCATTGTGGCGAATTTATCGAATGCCGTGACTAAGCCCTGGGTGTTAATCCCGCGTTTTTTCAGCAGATCGTAAGAGAAGTCATCCGCATCCGACTCCTGACTGCGAGAAAACGCCGAATTGATGACGCCTTCCGCCAGATCGCCCAATTGAGACTGGGAAAGCTGCGCTGCGACGCCGCTGGTGGCGGAAATCGCATCGCGAGCCGCCAGCGTGGCATAAGCGGTCTGCATTGCCTTGCGAGAGTGCCCTAAAGAGACATGGCCCAGTTCATGGCCCAGTACGCCTTCAATTTCATTATCGGTCATCAGATCCATCAGGCCGGAGTATACGCGAACGCAACCGTTCGCCATCGCCCATGCGTTGATATCGCTGGTCATATAGACTTTATAGCTAACCGGCGTACCGTCAATGTTGTTACCCAGCGCTTTGGCGATTTTGCTCAGACGTTTGGTGTATTTGCTTTTCGAACCTGCCAGTTGATTCTCGCTGTCCATTTGTTTACAGGCATTATTAGATAATGCCTTAACATCCGCATCGGACAGTGTGGCGGCTTTGTAGGTTGACATGCCTGAACTGGCGATTAAATTGCCATTCACGCCATTTTTACATCCTGCCAGTAGCGTGGCGGAAATCGCCACCGCCAGTAGTAATGATTTATTTTTCATACTAATCTTCCGTTGATAACTATTATAAAAAACACATAAATCAATGTGTTAAATCATCAACAAATTAGCATTAGTCATAATTATAAAAATAGTGCGAATACGGACTCGGCGCGCCAGCCCGTCGACTGGCGCAACAGAAGACTTAGGCAGGCGTACTCATTCGCGCCAGTTGTTCGAAATAATCAGGGAACGTTTTTGCGGTACATTTAGGGTCCAGGATCGTAACTGGCGTATCGGACAGTGCGACCAGTGAGAAGCACATCGCCATACGGTGGTCGTTGTACGTGCCAATATCCGCGTGTTGGAGCTTCGCCGGCGGCGTGATACGAATATAGTCGTGCCCTTCTTCGACTTCAGCGCCCACTTTACGTAGCTCGGTCGCCATCGCGAACAGGCGATCGGTTTCTTTCACTCGCCAGTTATAAATATTGCGCAACGTCGTGGTTCCTTTCGCAAACAGCGCCGTGGTGGCAATCGTCATCGCCGCATCCGGAATATGGTTCATATCCATATCTATGGCGTGCAATTCACCGCGCGTGCAGGCAATAAAATCATCGCCCCAGGTAATGGTCGCGCCCATTTTCTCCAGCACATCGGCAAAACGAATATCGCCCTGCATACTTTTGCGGCCAATTCCGGTCACTTTTACCGTGCCGCCTTTTATCGCCCCAGCGGCGAGAAAATAGGACGCTGACGAGGCATCGCCCTCGACCAGATAGCGACCTGGAGAGTGATACTGTTGACCTCCCTTCACGACAAATTGTTGGTAGTGGTGGTTCGCTATCTCCACGCCAAAGGTTTTCATTAAATTTAGCGTGATATCGATGTAAGGTTTTGATACCAGTTCGCCTTTAACGCGAATAATTGTGTCTTTAGGGGCCAGCGGCGCCGTCATCAGCAGAGCGGTCAGGAACTGGCTGGAAACGCTACCATCAACCTCAATGTCGCCGCCGGTAAAACCGCCGCGCAGACGCAGGGGCGGATAGTTTTCCTGCTCCAGGTAATCAATATTCGCCCCGCCCTGACGCAGCGAATCGACCAGATGGCCTATCGGACGCTCTTTCATACGCGGTTCGCCGGTTAACACTATCTCATTTTGCCCCAGACATAGCGCTGCCGCTAACGGACGCATCGCGGTTCCGGCATTACCGAGAAACAGTTCCAGAGCGCCTGGCGCACGTAATGCGCCGCCATTACCCGTGATATCACAGCGGGTGCGATCGGCAGAAAGGGTGTAATTGATCCCCAACGCGCTCAGGGCATTGAGCATATGGCGG
NZ_CP041005.1_gap65	2882848	2885507	2659	TGAGGAAGCCTATCGCCGATTACATGAATTGGGCCACGCGCACTCCATTGAAGTGTGGCGCGATCGGGAACTGGTCGGCGGGATGTATGGCGTCTCGCAGGGGGCGCTGTTTTGCGGCGAATCGATGTTTAGCCGCCAGGAGAATGCCTCTAAAACCGCACTGCTGGTTTTTTGCGCTGAATTTACCCGTCACGGCGGTAAACTTATTGATTGTCAGGTACTTAATAGTCATACCGCCTCGCTCGGCGCCATTGAAATTCCACGTCGTGACTACCTCGATCACCTCGCGGCCTTACGCCAACAGCCGCTGGCCTCCCGTTTTTGGGTGCCGCGGACATTATTTTTGCCCCGGAAGTGAATGTTTTCGGCACATTTTTTATTGGGGTGTTATAATTGCTGCCGCAGAATTGGTTTAGCTCATTATCCCGCAGCCCGTTGTCAGGTAACGCCCATCGTTTATTTCACCGTTCCCTTATATGTTGCGCTTATGTCGATACATCAGGCGGTAGTATCAGGGAAAAGGTGTATAACGCGGCGTTGTCGTGTGTCGCGGAATCATGTGCTAAACCTGGTTTGCTGTGTTTTAAACGCACAAATCTTTACTTATCAAAAGAAGTTCGGCATTATCTTGCCGGTTCAAATTATGGTAGTGATACCCCAGAGGATTAGATGGCCAAAGAAGACAATATTGAAATGCAAGGTACCGTTCTCGAAACGTTACCTAATACCATGTTCCGCGTAGAGTTAGAAAACGGTCACGTGGTTACTGCACACATCTCCGGTAAAATGCGTAAGAACTACATCCGCATCCTGACGGGCGACAAAGTGACCGTTGAGCTGACCCCGTACGACCTGAGCAAAGGCCGCATTGTCTTCCGTAGTCGCTAATTGTCTCCTCACGCCCTGAAGGGCGGCTGGATAAAAGGTCGGTTTAACCGGCCTTTTTTGCGTCCATTAAGTTGATGAATGACGAGCAGGTTACTCTTCCACCATTCGCGCATACTCTTCCGTCAAAAAATCGACCAACGCACGTACGGAAGGTAATAATCCTCGCCGGGATGGGAACACAGCATGAATAACCTCCCGCCGGGGCTCCCACTCTTCCAGCACCGCGACCAGTTCACCGGCGGCCAGTTGTTCTTTCACCATTAAGACAGGTAGCTGCACAAGCCCCACGCCCGCCATCGCCGCCTCGCGTAGCGCCAACATGTCGGTGGTAATCATACGCGGGGTAAAATGGACTTCCGCACGCGCGCCCTGCGGGCCGTAAAGTTCCCAGCGGTGGATATGCTTGCCGGATGCAAGACTTAGCCCAGGCCAATGGCTCAACTCCGCCGGCGCGGAAGGGATTCCCATCCGTGCGATAAGATCCGGGCTGGCAAACAAGCGATGCCCTCTGTCAGCCAGGACGCGCATCACCAGGTCGCTATCCTCAAACGGGCGCGGCCTGACGCGAATCGCCACATCCACCCCCTCCCCTACGACGTCCACCCGACGATTGGTTGCTTCAAGCTGTAGCGAAACATCAGGATAACGCGCCATAAATTTCGCCAGCATTGGGCCGATGTGTACATGCAGCAGCGTCACCGGGCAGGTCAGCTTCACGATACCGCGAGGCTCTACCTGCAATGCGGCAATGGCATCCTGCGCCGCCTGAGCTTCCACCAGCATCGCTTTACAGTGCTCATAGAATGTTTGCCCCACTTCGGTAACGTTAAACTGCCGGGTGGTTCGCTGAATCAATCGCACGCCCAGCCGTTCCTCCAGTTGCGCAATACGCCGGCTCAGTTTTGATTTTGGTTCATCAAGCGCACGCCCCGCCGCGGCAAACCCACCCTCTTCGACCACATGCACAAACCACGCAAAATCATTGAGATCCGTTTTTATCATTACATTGTCCTATTAATGGAACGGTATGAGCCATTTTAGCCACTACCGAACCTTTTGTCATGAATATAAGCTTATTCACATCAAGACAACGCCACTGAGGAGAACACCATGAAACAGATTACAGGCGTCTATACCGCACCTCGCCCGCACTGGGTTGGCGATGGATTTCCGGTTCGTTCACTCTTTTCTTATCAGTCACATGCGCAGCAGTTGAGTCCCTTCCTGCTGCTGGATTATGCCGGGCCGCACACCTTTACGCCGGGTAATGAAAAACGCGGCGTTGGGGAGCATCCACACCGCGGTTTCGAGACCGTGACGATTGTTTATAGTGGCGAAGTCGAGCATCGGGACTCTACCGGTCGCGGCGGCGTTATCGGCCCGGGCGACGTTCAGTGGATGACCGCAGGCGCAGGCATTTTGCATGAAGAGTTCCATTCCGACGCGTTTACCCGTCGGGGCGGCGAACTGGAAATGGTGCAGTTGTGGGTTAACCTTCCCATGAAGGACAAAATGACCACCCCGGGTTATCAAAGCATTACCCACGATGTTATCCCGACCGTTACGTTGCCGGATAACGCCGGAGTCGTGCGGGTCATCGCAGGGCGTTATGAAGAGACAAAAGGCCCGGCGCACACTTTCTCGCCGCTCAATGTCTGGGATATGCGCCTGCAACGCAATCGCCAGCTTACATTGGCACAGCCGGAAGGATGGAGCACCGCGCTGGTGGTACTGAAAGGCAATATCACGGTGAACGGCACGACGCCGGTCA
NZ_CP041005.1_gap66	2942626	2943459	833	CTTTCCTTTTGCATATCTGATAAGTTTGTGTCTGATGTAGTTGCTTACCTCCGGGGTAATTTCCATCGGGAAGTCACTCAGGTCATTCGGCCATTCACCGAATTTTTCCCGGAAGGTGTGTGCGCACCAGCCATCACTGACGGGCCTTTTCCCCTGAGATACGCGCTGGCGCTGATAAAATTTGATCTGACTCCACCAGGCTTGTTTCTGTGCCTTTGTGGGTCGATGCTGATTTTTACCCAGCTTTTTGAGTTTACGCCCTGTGTCGGTGTCGACGTCTTCACCTGCCAGCGGCTTATGTCCGCATTTCGGGCAGACGTACACACCAGCGGGTTTCATGTAATGACATTGTGAGCATTCGCGCGGGAGTTTTTCGGCCCGTTCCTGACTGGAGCGGCGCGCGCTTTCCTCCATGCCGTCAGACTTGCCGGGAAGATCGTCATATTCGATTGAATCCGGATAACCCAGACGGTGCACAGTGCCGCTGTGATCAAAGATGAGGCAGGATTCTTTACCCGGTGCGGTGCGAAGACCGCGGCCGATCGCCTGCAGCCAGCGAATTTCGCTTTTGGTTGGTCTTGCGTAGATGATACAGCGAACGTCACTGTCGAATCCGGCAACCAGCACGCCCACGCTGACGATGATTTTCGTTGCACCGGTTTCAAAGCGGTGAATGATGGTCTGACGCTCATCCACTGGAGTGTCGGCAGTCATGACCTCAGCATTAATACCCGCCAGGTTAAACTGGATTGTCAGGTAATTGGCGTGGGCTACGTTGACGCAGAAAGCGATGGTAGGCAGATCCCGGCCATTCTCCAGCCAGTTCTGTACGA
NZ_CP041005.1_gap67	2952812	2954584	1772	CCGACCGCCGCGCTGGACCCGGAAATTACCGCTCAAATCGTCAGCATTATTCATGAGCTGGCGGAAACGAACATTACTCAGGTGATCGTTACGCATGAAGTCGAAGTGGCGCGTAAGACCGCCAGTCGTGTGATTTATATGGAAAATGGTCACATCGTCGAGCACGGTGATGCGGGTTGCTTTGCCCACCCTCAGACCGAAGCGTTCAAAAACTATCTCTCTCACTAAGATTCGGGACAATGACAATGAAAAAAGTTCTGATTGCCGCGCTAATTGCAGGCTTTAGCCTTTCCGCTACAGCAGCCCAGACCATTCGTTTTGCGACCGAAGCGTCCTATCCGCCGTTCGAATCGATGGATGCTAATAACAAGATTGTCGGCTTTGACGTCGACCTGGCCAACGCGCTATGTAAAGAGATCGACGCCTCCTGTACCTTTACCAATCAGGCGTTCGACAGCCTGATCCCCAGCCTGAAATTCCGCCGCTTCGACGCTGTAATGGCGGGAATGGATATCACGCCGGAACGTGAAAAGCAGGTGCTGTTTACCACGCCATATTACGACAACTCCGCGCTGTTCGTGGGTCAGCAGGGCAAATACACCAGCGTTGATCAACTGAAAGGCAAGAAAGTCGGCGTACAGAACGGTACGACGCACCAGAAATTCATCATGGATAAGCATCCGGAAATCACCACCGTACCGTATGACAGCTATCAGAACGCGAAGCTGGATCTACAAAATGGCCGTATCGACGCTGTTTTCGGCGACACGGCGGTCGTGACCGAATGGCTGAAAGCCAATCCTAAGCTGGCGCCGGTCGGCGATAAAGTCACCGATAAAGATTATTTCGGCACCGGCCTGGGTATCGCGGTACGCCAGGGCAACACCGAGCTGCAGCAGAAATTCAATACTGCGCTGGAAAAAGTGAAGAAAGATGGGACTTACGAGACCATCTATAACAAATGGTTCCAGAAGTAATCTTTGATGAACGAATTTTTTCCTTTAGCAAGCGCCGCCGGGATGACCGTCGGCCTTGCCGTCTGTGCGCTGATCATTGGCCTCGCGTTAGCCATGTTCTTTGCCGTCTGGGAGTCCGTAAAATGGCGCCCGATTGCCTGGATAGGCTCCGCGCTGGTCACTATTTTGCGCGGCCTGCCGGAAATTCTGGTGGTGCTGTTTATCTATTTCGGCTCCTCGCAACTCCTGCTTACGCTGTCTGACGGGTTTACCCTCCATCTCGGCTTTACGCAGATCCCGGTGCAAATGGAGATTGAGAACTTTGACGTCAGTCCGTTCCTGTGCGGCGTGATTGCGTTGTCCCTGCTGTATGCGGCCTATGCGTCGCAGACGCTACGTGGCGCGCTGAAAGCCGTTCCGTCTGGTCAGTGGGAGTCGGGTCAGGCACTGGGATTATCAAAGACGGCGATTTTTTTCCGTCTGGTGATGCCGCAGATGTGGCGTCACGCCCTGCCAGGGCTGGGTAATCAGTGGCTGGTGTTGCTAAAAGATACGGCTCTGGTCAGCCTTATCAGCGTTAACGATCTGATGTTGCAGACCAAAAGTATTGCCACACGCACCCAGGAACCGTTTAACTGGTACATTATTGCGGCGGCTATTTACCTGGTCATTACGCTGATCAGTCAGTACATTCTCAAACGCATAGACCTGCGCGCGACACGTTTTGAGCGGAGGCCGGACTAATGCTTGAGTATTTACCTGAACTGCTAAAAGGGCTACACACCAGCCTGACGCTGACCGTGGCTTCTATTGCCG
NZ_CP041005.1_gap68	3017755	3019079	1324	GCTGCGTGAGAATGGCACCTATAACGAAATCTACAAAAAATGGTTCGGTACAGAACCTAAATAAAACGACCTGATGTTGGCTTGTGGCCCGGTAGTGAGGACGCTCACCGGGCCTACAGCTCTTTCCGTGACGGATAAGACACTTTCCGCCATTTCCGCGCCGGATAGAGCATTTGACTATTTACACCACGGTAACAGGAACGACATATGCAGTTTGACTGGAGCGCCATCTGGCCCGCCATTCCGCTTTTGCTTGAGGGCGCTAAAATGACCCTGTGGATCTCGGTCCTCGGTCTGGCTGGCGGCCTGGTTATTGGACTGGCGGCAGGTTTTGCCCGTACGTTTGGCGGCTGGTTCGCCAACCACATCGCCCTGGTTTTCATTGAAATTATTCGCGGCACGCCCATCGTTGTCCAGGTCATGTTTATCTACTTTGCCCTGCCGATGGCATTTAATGATTTGCGTATTGATCCGTTCAGCGCAGCGGTCGTGACAATTATGATTAACTCCGGCGCTTATATCGCGGAAATTACTCGCGGCGCAGTACTATCCATTCACAAAGGTTTTCGCGAAGCGGGTCTGGCGCTGGGCCTTTCTCGCCGGGAAACCATCCGCCATGTTATTTTACCGCTTGCTCTGCGCCGTATGCTGCCGCCGCTGGGCAATCAGTGGATCATTAGCATCAAAGACACCTCGTTGTTTATTGTTATCGGCGTAGCCGAGCTGACCCGTCAGGGCCAGGAAATTATTGCCGGTAACTTTCGCGCCCTGGAAATCTGGAGCGCCGTGGCCGTCTTCTATTTGATCATTACGCTGGTGCTGAGCTTTATTTTGCGTCGTCTTGAAAGAAGGATGAAAATCCTGTGATTGAATTTAAAAACGTCTCCAAGCACTTTGGCCCCACCCAGGTGCTACATAACATTGATTTAAACATCCGTCAGGGCGAAGTGGTTGTGATTATCGGCCCTTCCGGTTCGGGTAAATCCACGTTATTACGCTGTATCAATAAACTGGAAGAGATCACCTCCGGCGATCTGATTGTCGATGGTCTGAAAGTCAACGATCCTAAAGTAGACGAACGGCTGATTCGCCAGGAAGCCGGCATGGTGTTTCAACAGTTTTATCTGTTCCCGCATCTGACCGCGCTCGAAAACGTGATGTTCGGTCCTCTGCGCGTGCGCGGCGTAAAGAAAGAAGAAGCGGAAAAACAGGCGAAAGCTCTGTTAGCGAAAGTTGGACTGGCGGAACGGGCGCACCACTACCCCTCCGAGCTTTCCGGCGGTCAACAACAGCGCGTCGCCATTGCCCGAGCGCTGGCCGTGAA
NZ_CP041005.1_gap69	3028159	3030355	2196	ACGCCGCCAAATACCACCAGCGAGCGAATATTGAGATATTTACTGTAATCTCTGACGTTTTCGCCAATTTGCGCCGCCAGCTCGCGGGTTGGCGTGAGGATCAACGCACGCACCGGGCGACGACCTTTAGCATGCGGCTGATGGGTAATCAGATGCTGCAACAATGGCAGGGTAAAACCCGCCGTTTTACCGGTTCCGGTCTGGGCGCTGGCCATCAGATCGCGGCCTTCCAGCACGGCGGGAATCGCCTGTTGCTGAATAGGGGTAGGTTCACGGTAACCCTGCTCGGCAATGGCGCGCAGGATATCAGGGTTTAATCCCAGGGAATCAAAAGACATAACTACTCCGGACCGCCCCGACCGTTGCCGGTGTAGTTTTCAGGGAGATGCTCAAATTTGGAATGACAAAAACCACAATGTCATGAAGGGGCGGAGTGTAGCAGTTTTTGTGATGCGGCGCATAAATTATCCCGGAAGGTAGCAAAGACAAATTAATCGACCACACTGGACAAGTGCCATTATGAGTCATAGTCTTAATCAATCGATTGATTAAAAATTAGGGCGTGTGATGAATATTCCCACCACGACCACCAAGGGCGAGCAGGCGAAAAGTCAGCTCATTGCCGCCGCGCTGGCGCAGTTTGGCGAGTATGGCCTCCATGCCACCACGCGCGATATCGCCGCGCTGGCGGGGCAAAATATTGCCGCCATTACTTACTATTTCGGCTCAAAAGAGGATTTATACCTCGCCTGCGCCCAGTGGATTGCCGATTTTCTTGGCGAAAAATTTCGCCCGCATGCTGAAAAAGCGGAGCGTCTGTTTAGCCAGCCTGCCCCTGACCGGGACGCCATACGCGAACTCATTCTGCTCGCCTGCAAGAACATGATTATGCTGCTGACGCAGGAAGACACCGTTAACCTGAGCAAATTTATTTCACGCGAGCAGCTCTCTCCCACGTCGGCCTATCAATTGGTCCATGAACAGGTTATCGATCCGTTGCACACCCATCTGACAAGATTGGTTGCCGCTTATACCGGCTGCGACGCCAATGATACGCGCATGATTTTGCATACCCATGCCTTACTGGGCGAAGTGCTGGCGTTTCGTCTCGGCAAAGAAACTATTCTGTTACGTACCGGCTGGCCGCAGTTTGATGAAGAAAAAGCGGAGCTGATTTACCAGACGGTAACCTGCCACATCGATCTTATTCTGCACGGTTTAACGCAAAGGAGTCTGGACTGATGAAAAAACCTGTCGTTATCGGACTGGCAATCGCAGCGATCGTCGCTGTGATTGCCGGTGGAACCTGGTGGTATCAAAGTCGGCAGGACGATGGGCTGACGCTATACGGTAATGTCGATATCCGTACCGTCAATATCAGCTTTCGCGTCGGCGGCAGGCTGGCGTCGCTGAATGTTGATGAAGGCGATACTATCAAAGCCGGACAGGTGCTCGGCGAACTGGATCACGCGCCATACGAAAACGCGCTGATGCAGGCGAAAGCTGGCGTGTCGGTCGCGCAGGCGCAATATGATTTGATGCTGGCAGGCTATCGCGATGAAGAGATAGCCCAGGCCGCCGCCGCCGTCAGACAGGCGCAAGCCGCCTATGACTACGCACAAAACTTTTATAACCGTCAGCAAGGATTGTGGAAAAGCCGCACCATTTCCGCTAACGATCTGGAAAACGCCCGCTCATCGCGCGATCAGGCGCAGGCGACGCTGAAGTCCGCGCAGGATAAACTGAGCCAGTACCGTACCGGTAATCGTGAACAGGATATCGCCCAGGCGAAAGCCAGCCTGGAACAGGCAAAGGCCCAACTGGCGCAGGCGCAGCTTGATTTGCAGGACACCACGCTTATCGCGCCTGCCAACGGAACCTTGCTCACCCGCGCGGTCGAGCCTGGCAGTATGCTGAACGCCGGCAGCACGGTATTAACGCTCTCGCTGACCCGCCCCGTCTGGGTGCGCGCCTATGTCGATGAACGCAACCTCAGTCAGACGCAACCGGGGCGCGACATTCTGTTGTATACCGACGGTCGTCCTGACAAACCTTACCACGGCAAGATTGGTTTCGTTTCGCCCACCGCGGAATTTACGCCGAAAACCGTCGAAACGCCGGATCTGCGTACCGATCTCGTCTATCGCCTGCGCATTATCGTCACCGATGCGGACGATGCGTTACGCCAGGGGATGC
NZ_CP041005.1_gap70	3061463	3066129	4666	TAACGGCTCACCAACTGCGCGCCGCCCAACAGCGAAAGCTGCTCAACATGGCCTTTAACGGGAATACCTAACGCCTTCGCCGTCTGCAATACGCGCTCACTCTGCGCCACATTAAAGCCGACGCTCTCGCAAAAGAGGTCTACCGCATCAAATAACCCTTTTTGCCAGAGCTGCGGAATCATCGTCTCGCAGACCAGAGTGATGTAGCCGTCCGGGTCGTCACGATACTCCGCTGGCGTAGCATGAGCGGCCAATAGCGTGGGGCTAATGTCGATAGCGTTTTCGGCGGCAAGTTTTGCAGCGACGCGCAACAGCTTTTCTTCTGTCGCCAGCTCCAGACCATAGCCGGATTTAATCTCCAGCAGCGTAACGCCTTCGCTGGCAAGGCGCATCATGCGTTCGCGCGCCAGCAGGTAGAGCGTCTCCTCCGCACAGGCGCGGGTTGCTGATACCGTCGCGTTAATGCCGCCGCCCTGAGCGCTAATATGCTGGTATGACGCGCCGTTAAGCCGCTGTTCCCACTCTGCGGCGCGGTTACCGGCAAACACCAGATGCGTGTGGCAATCGATAAGTCCCGGGGTTACCAGTCGTCCCTGCATATCATGGATATTGTCCCCGCTGACAGGAAGCTGCGTCTCTGGCACGATATCGCAAATATGCCCTTCGCGCACAATCAGCGCCTGATTATCCACCAGCCCGTACAGGGCTTGCTGCTGCGGGTCCATTGTCGCCAGCCTGATGTTTCGCCAGACAGTATCGCCCGGTAAAAGTTGCCGCATTCCTGTCGCTCTCTTGCCTGTCATGGGTTGTATAGACATTTATTTTCTTTCTGCTCCGGATTGTCAACTCAAAGCGCGAAAGTTGTTGCTTAATTGTGATAAAACTATCTGATGCTACAGGTGTTTCCGGCCTGAAAAGGAACTTTTTACCTTTTCGCCTTCCCGTTTCGTTCAACTTAGTATAAAAAAGCAGGCTTCAATGGATGTCATTTAACTTTTTCAAGCCCGGAGCAACCTGTGAATACATTATCGGTTTCCCGTCTGGCGCTGGCACTGGCTTTTGGCGTGACGCTGAGCGCCTGTAGCTCTACGCCACCCGATCAGATCCCTTCCGATCAAACCGCGCCTGGCACCGCCTCGCGCCCAATTCTGTCGGCAAATGAAGCGAAAAACTTCGTTGCGGCGCGCTATTTTGCCTCCCTGACGCCGAATACCGCCCCGTGGTCGCCGTCGCCGATTACCCTGCCCGCACAGCCTGACTTTGTGGTGGGGCCGGCAGGTACGCCAGGCGTTACGCACACCTCGATTCAGGCCGCGGTCGATGCGGCAATGGTTAAACGCACGAACAAACGCCAGTACATTGCTATTATGCCGGGCGACTATCAGGGGACCGTGTATGTTCCCGCCGCGCCGGGAAGTCTGACCCTGTACGGGACCGGTGAAAAACCGATCGATGTGAAAATTGGGATGGCGATTGATGGTGAAATGAGTGTCGCTGACTGGCGCCGCGCGGTGAATCCCGGCGGGAAATATATGCCTGGTAAACCCGCCTGGTATATGTTCGATAACTGCCAAAGCAAACACGCCGCGACGATCGGTGTAATGTGTTCTGCCGCGTTCTGGTCGCAGAATAACGGTCTGCAGCTACAAAATCTGACCATCGAGAACACGCTGGGCGACAGCGTCGATGCCGGAAACCATCCGGCGGTGGCGCTGCGTACCGATGGCGACAAAGTCCAGATTAACAAGGTCAATATCCTTGGCCGCCAGAACACCTTCTTTGTGACCAACAGCGGCGTGCAGAACCGTCTGCAAACCGATCGCCAGCCACGTACGCTGGTGACGAACAGCTATATTGAAGGCGATGTGGATATGGTTTCCGGACGCGGCGCCGTGGTGTTCGATAACACCAACTTCCAGGTCGTCAACTCCCGCACACAGCAGGAAGCCTACGTCTTCGCCCCGGCGACGCTGTCCAATATTTACTATGGCTTTTTGGCGATCAACAGCCGCTTTAACGCCTCCGGCGATGGCGTTGCGCAGCTTGGCCGCTCGCTGGATGTCGACGCCAACACCAACGGTCAGGTCGTGATCCGCGACAGCGTGATTAACGAGGGCTTCAACGTTGCCAAACCGTGGGCCGACGCGGTCATCTCGAAACGTCCGTTTGCTGGAAATACGGGAACCGTGGATGACAAAGACGAGGTGCAGCGTAATCTGAACGACACTAACTACAACCGCATGTGGGAATACAACAACCGCGGTATAGGCAGTAAAGTAGTGGCGGAACCTAAGCAGTAATCACCGTTCCGGTTCAGGCTTATAAACGGGCCGCCGCAGCAGATGTGGCGGCCCGTGGTTTTACTGCAAGCAATGTTTATTGAAATTAATCAGGCATCCCGCCTTGATGAGCTCCAGCCCGCCTCCATCCGGCACACAGCGCTTTAGTACGCGTTCACCACAACCCACATTGGCCCCTGGCCGACGGCATAACGGCCTTTTTCCGTCAGCAACCCCTGAGTGCCCGTAATTTCATAGACCGCGATATGATGTGATTTTTGACCCGCAGCAATCAGGTATTTTCCGCTATTGTCGATATTAAAGCCGCGCGGTTGGGCTTCCGTCGGCTGGAAGCCTTCAACGCTCAGTACGCTGCCATCTTCGGAGACACTAAAGACGGTAATCAGACTGGCGGTGCGGTCACAGGCATACAGATGCCGTCCATCCGGCGTAATATGAATATCCGCCGCCCAGCGGGTATCGGAAAAATCGGCGGGCATCATATCCAGCGTTTGCACGCACTCTATCTCGCCATGCGGATTTTTAAGCTGCCAGACATCCACCGAACTGTTCAGTTCATTGACGCAATACGCATATTGTCGATTCGGGTGGAAGACCATATGACGCGGGCCTGCCCCTTCAACTGTATTTACTTCCGCCGGCTCCTGGGCCACCAGATGGCCGTCATCGCTTAGCGTAAACAGACAAATGCGATCCTGTTTTAGCGCAGGCACCCACAGGGTACGGTTATCCGGCGTAATATTTGCCGAGTGGCAGCCGTCCAGCCCCTCCACCACATCCACCAGCTCAACCGGCAGGCCATCCTGTAAGCGCGTCACGCTGACATTACCGGCGTTATACGATCCGACAAAGACAAAACGACCATGATGATCGGTAGAAATATGGGTCGGGCTACCCGGCAGGGCGGATTCGGCGGCAAACGTCAGCGCGCCATCATCCGGCGCAATACGATACGCCAGGACACGAAACTCCGGGCGCACGCCGACATAGAGGTAGCGTTTATCCGGACTGACCACCATCGGCTGAACCTGACCGGGCACATCCACGACCTGCACCAGCGTCAGCGTCCCTTCGTGGTTCAGGCTCCAGACGTGAATTTGCTGACTCTCAGGGCTGGCGGTATAGACTGTTTGTTTCATGAATACTCCTTTGCATATGGCATGTAGCTGCAATAACAGGACACAGCTTAACGTAGTCGCTTTTGACGGCGAATGCTGAATTCAGACGCAGAATTTTGTCTGCTTACCGTCCCGGTGTACCATGCCGACAGACGGAGTTATTACTCTTAATCTGGAAAAAATTATGACTGCACGCGTGATTGCCCTCGATTTAGACGGAACATTATTAACCCCGCATAAAACCTTACTCCCCTCCTCGCTTGAAGCGCTATCACGCGCCAAAGAGGCGGGCTTTCAACTTATCATTGTCACTGGTCGCCATCACGTTGCTATTCATCCTTTTTATCAGGCGCTGGCGCTGGAAACACCTGCTATTTGCTGCAACGGCACCTATTTGTATGATTATCAAGCTAAAACTGTCCTGGATGCCGATCCTATGCCCGTGGATAAGGCGTTGCAGTTGATTGATTTACTGGATGAGCATCAGATTCACGGCCTGATGTATGTTGATGACGCTATGCTTTACGAACACCCAACCGGCCACGTCGTGCGTACCTCCCGGTGGGCGCAGACCTTGCCGCCGGAACAACGTCCGACCTTTACACAGGTCTCTTCGTTAGCGCAGGCGGCGCGCGACGTGAATGCCGTGTGGAAGTTTGCGCTTACCGATGAAGATATTCCCAGACTACAGCGGTTCGGTCAGCATGTTGAACAGGCGCTTGGCCTGGAGTGCGAATGGTCATGGCACGATCAGGTGGATATCGCGCGCAAAGGCAACAGTAAAGGCAAGCGCCTTACCCAGTGGATAGAAGCGCAGGGAGGGTCAATGAAAAATGTGATCGCTTTCGGCGATAACTACAACGACATCAGTATGCTGGAGGCGGCAGGCACCGGCGTTGCGATGGGCAACGCCGATGAGGCGGTGAAAGCGCGCGCTGACGTTGTGATCGGCGATAACACTACCGATAGCATCGCCAAATTTATTTACACCCACCTGCTATAGTCAGGCGGTGATAGAAACGCTTTTCACCTGCGCGTAAAGCCACAGGCCAGGCTTGATATTCAGCTCATCCCTGGCCCACGGGCTTATTCGCGCCCACAGCGTTCTGCCGCCTATCTCAAGCTGGACTTCCACCTGCCCGTTATCGTCATAACAATTCGCCACTTTTGCCCGCAATACGTTGCGGATACTGGTCTGCTGCGGCGGCTGTAGTACCAGCGAGACATCCGACGCCTGTATACGAATAC
NZ_CP041005.1_gap71	3069143	3073477	4334	AAAGCGTTCGATGTGTTAAGCGACGATGACGCCCTGCCGCTTGACAGTCTGCTGGCCGCTATCTCCCGCTTTTCACTGCAAACCAGCGCCCGAAATCAGTGGTTCGGCACCATTACCGCCCGCGATCGCGATCTGGTGCAACAGCATGTCGACGTGCTGCTGGCCGACGGCAAAACGCGGCTCAAAGTCGCGCTGACGGCGCAAAGCGGCGAGCGTCTCGGCCTGGAGGAGGGAAAAGAAGTGCTGATCCTGCTAAAAGCGCCGTGGGTTGGCATTACCCGGGATGCAGCCGTTGCGCGCGCCGCTGACAATCAGTTGTCGGGAACGATCAGCCATATCGAGCGCGGCGCGGAACAGTGTGAAGTGTTGATGGCGCTGCCGGACGGCCAGACGCTGTGCGCCACGATACCGACTTCAGATGCCGCCACGTTAAAGGAAGGCGATGACGTGATTGCCTGGTTTAATGCGGACAGAGTGATTATTGCAACGTTGTGCTAAGCACATTGACATCCGTTGCCGAAAGACGTATCCCTGTCATTCATCGCTGCAAAAAATGGGATGCAAAATGTCATCGTTGCAAATTTCGCAAGGCACGTTTCGTCTGAGCGATACAAAAACACTTCATCTGGATTCGCTGACGCTCAATGCGGGCGATAGCTGGGCATTCGTTGGGGCTAACGGGAGCGGGAAGTCGGCGCTCGCCCGCGCGCTGGCGGGCGAACTGCCGTTATTAACAGGCGAGCGCCAGTGTCGGTTTACCCGCATTACTCGTCTGTCCTTTGAACAATTGCAAAAGCTGGTCAGCGATGAGTGGCAACGTAATAACACCGATATGCTCAGTCCTGGCGAAGACGATACCGGGCGCACTACCGCGGAAATTATTCAGGATGATGTTCACCATCCTGCCCGCTGTGCGATACTGGCGCAGCAGTTCGGCATTTCCGCTTTACTCGACAGGCGTTTTAAATACCTTTCTACCGGCGAGACGCGAAAAGCGCTGCTGTGTCAGGCGCTGATGTCTGAGCCAGAGTTATTGATCCTTGATGAACCGTTCGACGGGCTTGACGTGACCGCCCGTCAACAACTGGCGCAACGCCTGACGGCGTTGAACCAGGCGGGTATGACCCTGGCGCTGGTACTCAACCGTTTTGATGAGATCCCGGACTTCGTGCAGTTTGCCGGCGTGCTTGCCGACTGTACGCTGGCGGAGACCGGAACGACGGCGGAGTTGCTGCAACGGGCGTTGGTTGCTCAACTCGCGCACAGCGAGCGTCTGACCGACGTACAATTACCCGAACCGGACGAACCTTCCGCCCGCCATGCGTTACCCGATGGCGAACCACGGATCGTACTTAACGATGGAGTAGTCTCGTATAACGATCGCCCTATCCTCCACCACTTAAGCTGGCGAGTCAATCCGGGCGAACACTGGCAGATCGTCGGTCCTAACGGAGCGGGTAAGTCTACGTTGCTTAGCCTTATTACTGGCGATCATCCGCAAGGCTACAGCAACGATCTTACGCTGTTCGGGCGGCGGCGAGGAAGCGGCGAAACAATCTGGGATATCAAAAAACATATCGGCTACGTCAGCAGCAGTTTACATCTGGATTACCGCGTCAGTACCACGGTACGCAATGTCATTCTCTCCGGCTATTTCGATTCTATCGGCATTTACCAGGCCGTTTCAGACAGGCAACGAAAACTGGCGCAACAGTGGCTGGATATTCTGGGAATCGATAAGCGTACGGCGGATGCCCCCTTCCACAGTCTCTCCTGGGGACAGCAGCGGCTGGCGCTAATCGTGCGCGCGCTGGTTAAGCATCCGACAGTGTTGATTCTGGATGAGCCGCTGCAAGGGTTGGACCCGCTGAACCGCCAACTGGTACGCCGTTTTGTAGATGTATTAATTCGCCAGGGAGAGACCCAACTGCTGTTCGTTTCCCATCATGCAGAGGATGCGCCTGCCTGTATTACCCACCGGCTGGAATTTGTACCAGAGGGCGAACGTTATAAGTACGTTTCCGGACGATGCAATAATTAAATGTATTATCAGAATGGCGCCGCGCGCCATTCTGGAACCACTCTCCTTTTATTAAGAATAATAATAACGGTCGATAAGCTTACTATCTCTTGAATCGCTGACCGCCTCATTGTCATAATAATCCTGAAATTTTCGACAATGATGTCGTATGTGAATATAAGGGATTCATTATGGCTTTTCGTTTTCCACAAATAATACTATTTTTACTGGCAGCTATTTTATTTTGCCCCAGCAGTTATGCTGAGCAAAAGCCGACCGCTGCGCAGGAAGCGCGTAAAACCGCTGTTGAGGTCGCTGTTGAAGACATGAGTCGCGCCGCCGTTGCGGGTCCGACAAAGATTAGTTTAGGTGATAAAGCCACGCTTAATCTGCCGGAAGGATTTACCTGGATACCCGCAAAAGAAGCGGCGGTATTTATGCGTGAAATTGGTAACTATGTTGACGATGAATATTTTTACGGCCTCGTATTTAAAAAGGAAATGAATGGATTTATTTCTATCGAATATGATGATTCTGGTTATGTAAAAGATGATGATGCAAAAAACTGGGATGCCGATGAATTAATGGATAACCTGCGCAAAGGCACAAAAGAAGCGAATAAAGATCGTATTGCAAAAGGCATTGAGCCGATAGAAATTATTGGCTGGATCGAGAAGCCTACCTACGATGCAACCAATCATCGTCTGATCTGGTCCGCCGCCATCCAGGATATCGGCACCAACGAACCACTGAATGAACAAGGCGTGAACTACAACACCTATCTGCTGGGACGTGAAGGCTATTTTTCTTTAAATCTGGTGACCGACAGAGGTTCTGTTGACCACGAAATCCCTCTGGCGAAAAGAATTCTCAGTTCCGTCAAGTTCAACGCTGGACAACGCTACGCTGACTTCAACGAATCAACGGACAAAATAGCGGAGTATGGGCTCGCCGCGCTGATTGGCGGTATCGCGGCCAAGAAAGTAGGACTGCTTGCTATGCTCGGTATCGCGTTGCTTAAATTCTGGAAAGTGACCGCCATCGGCGTCGTCGCTGTCGGGGCGCTCGCCAGGAAGCTACTCTCGCGTAAAAAAGACTGACAGCTCTTGCCCCGTCCGTTTCATTCCCAGGCGCGTAACGCGCCTTTTTTTCGGATAAAAAGCAGAAGCATTCTCAAGCCAGATGATTTGTAATCATTTAATCGATACAAATGCGTAAAATCACCAGTGTGTAAACGATTCCACTAATTTATTACATGTCACACTTTTCGCATCTTTGTTATGCTATGGTTATTCCATACCATAGGCTTAACGGAGCGAATTATGAGAGTATTGGTTACAGGTGGTAGCGGTTACATTGGAAGTCATACCTGCGTACAGTTGCTGCAAAATGGTCATGACGTCGTCATCCTCGATAACCTCTGCAACAGCAAGCGCAGCGTGCTGCCCGTGATTGAACGTCTGGGCGGTAAGCACCCGACCTTTGTCGAAGGCGATATTCGCAACGAAGCGCTTATAACCGAAATTCTGCACGATCACGCGATTGATACCGTGATTCACTTTGCCGGCCTGAAAGCCGTCGGCGAATCGGTCGCCAGGCCGCTGGAGTACTATGACAACAACGTCAACGGTACGCTACGGTTGGTCAGCGCCATGCGTGCGGCCAACGTTAAAAACCTTATTTTTAGCTCCTCTGCCACCGTTTATGGCGATCAGCCCAAGATCCCTTACGTCGAAAGTTTTCCTACCGGCACGCCGCAAAGCCCCTACGGCAAAAGTAAATTGATGGTAGAACAGATCCTCACCGATCTGCAAAAAGCCCAGCCGGAGTGGAGTATTGCGCTGCTGCGTTATTTCAACCCGGTCGGCGCGCACCCGTCGGGCGACATGGGAGAAGATCCGCAAGGTATTCCGAATAACCTGATGCCCTATATCGCCCAGGTCGCCGTGGGTCGTCGCGAATCGCTCGCCGTTTTCGGCAATGATTACCCGACCGAGGATGGCACCGGCGTACGCGATTACATTCACGTTATGGACTTAGCCGACGGGCACGTCGTGGCAATGGAAAAACTGGCGGACAAATCCGGCGTACATATTTATAACCTCGGCGCGGGTGTCGGCAGTAGCGTCCTGGATGTGGTCAACGCCTTTAGTAAAGCCTGCGGTAAACCCATTAATTACCACTTCGCGCCGCGCCGCGACGGCGATCTCCCGGCGTATTGGGCGGATGCCAGCAAAGCCGATCGCGAGCTGAACTGGCGCGTCACCCGCACGCTTGACGAAATGGCGCAGGACACCTGGCACTGGCAGTCACG
NZ_CP041005.1_gap72	3077340	3078456	1116	AACTGACCAAAGATGATGAGCGTTATCCGGGTCACGATCCACGTTATGCCAAACTGAGCGAGAAAGAGCTGCCGTTGACCGAAAGTCTGGCGCTGACCATCGACCGCGTTATTCCTTACTGGAACGACACCATCCTGCCGCGTATGAAGAGCGGTGAGCGCGTGATCATCGCCGCTCACGGTAACTCATTGCGTGCGCTGGTGAAATACCTGGATAACATGAGTGAAGATGAGATCCTTGAGTTAAACATCCCGACCGGCGTGCCGCTGGTGTATGAGTTCGACGAAAACTTCAAGCCGCTCAAACATTACTATCTGGGCAACGCTGACGAAATCGCCGCGAAAGCGGCTGCCGTGGCGAATCAGGGTAAAGCGAAGTAATCACCTTTGCCGGATGGCGGTATAACTGCCTTATCCGGCCTACGAGCAATGGGTAGGCCGGATAAGCGCAGCGCCATCAGGCAATATGTCTTAAACAGCGATCACGCCGTCCAGCACCACCTGCAATTTCCCCTGCGAACAGCGCTCCACGCGTCCTCGTACCCGGTACACTTCAGCCAGACGCTCCGCAGTAATCACCGTCTCCGGCGCGCCGCTGGCGACCAGCCTGCCGTCTTTTAGCATCAGGACATGGTCACCATGACGCAGTGCAATATTAATGTCATGCGCCACGACTATCGTTACCCTATTTTGCGCCTGGGTATCCCGACGCACGAGATCCATTACGTGAAACTGATAGTTTAAATCCAGCGCGCTGAGCGGCTCATCCAGCAACAGAAGTTCAGGGCGACGAATCAGCGATTGCGCCAGACCCACTAACTGCCGCTGACCGCCGGAAAGCTGGTCGAGATACTGCAACGCCAGATGCGTTATGCCCAATTGCTCAAGGATAGCCAGTATCTGCGCTCTGCCCTGCGCATTGTCTCTGCCGCCTGATGCCCGCAGTACCACGATAATCGACTCCAGTACATGCAGATGTACGCCCTGCGGTAATGACTGCGGCAAAAACACAACTTTCTGCGCCCGCTCGGCAAACGATAACGACATGAGATCTTCGCCATCAAGCAGCGCCTCGCCGTCGGCGTTATTCAGCCCGGCCAGCGAACGTAGTAACGTC
NZ_CP041005.1_gap73	3081074	3082040	966	GCAGCTTCGCCATCAGTACCCCGGCCGCCGTCCCGATACCAAACGCAATCACCCCCAGCAGCAGAATGCCCAGCGTCTGCGGTTGCAGGAACTTGTCCGCCACCAGCTTCGCGCCCACCGACAGCCCGAGGAAGATGGTGACGATATTAATCAGCCCGTTCTGTACCGTGTCGCTCAGGCGCTCCACCACGCCGCTTTCGCGCATCAGATTGCCAAAGCAGAACATCCCCAGCAGCGGCGCGGCGTCCGGCAGCAGCAGCGCCACCAGTAGTAACAGCACCACCGGAAAGAGGATTTTTTCCCGCTTACTCACCGTGCGCAGCTGCACCATGCGGATTTTCCGCTCCGTCTCCGTGGTCAGCGCTTTCATAATCGGCGGCTGGATTAACGGCACCAGCGCCATATACGAGTACGCCGCCACCGCGATGGCCCCCAGCAGCTCCGGCGCCAGCTTGCCCGACAGATAAATCGCCGTCGGGCCGTCCGCGCCGCCGATAATGCCGATGGCCGCCGCCTGCGGCAGGGTGAAGCTGATAAGGCCGAAGTAGTTCAGCGTCAGCGCCCCCAGCACGGTGGCGAAGATACCGAACTGCGCCGCCGCGCCGAGCAGCAGGGTGCGCGGGTTGGCCAGCAGCGGGCCGAAGTCGGTCATCGCGCCGACGCCCATGAAGATGACCAGCGGCGCGACACCGGAGCCAATCGCCACTTTGTAGAACAGCGCCAGCACCCCCGGCGTGTAGCCCATGTCCACCGCCAGATTTTCCATCTGGTTCTGGACGGAGGGCAGCGCCAGCGCTAATGCTTCCTTAATGGCATGCACGTCCGGCGCGCAGTGGAGCTTCGCGGCAATCACCGCCAGCTGTCCGGCGTCGTGGTGCGCCAGCAGGCTTTCCAGCGCGGTCAGCGCCAGCCCGGCCTCCGGAATGTTCGACAGCAGCCCGCCGAAGCCTATCGGCAGCAGCAGTA
NZ_CP041005.1_gap74	3094907	3095711	804	ACCTGAAATATTTTTACTCGGCACCAATTAGAAAATTGGTGGGTCGTGCAGGATTCGAACCTGCGACCAATTGATTAAAAGTCAACTGCTCTACCAACTGAGCTAACGACCCGAGTGGTGGGTGATGACGGGATCGAACCGCCGACCCCCTCCTTGTAAGGGAGGTGCTCTCCCAGCTGAGCTAATCACCCGATACTACGCTGGATATTACTGACTAACCGAAGTTAGTGGTGTGCAGGATGACTCGGCTTCGCCTCGCCCTACAGGCCGTTGCTGACGCAACGTTATCCTTCACGTTTTATTCTCGTTTCCACCGAACGATTGGTGGGTCGTGCAGGATTCGAACCTGCGACCAATTGATTAAAAGTCAACTGCTCTACCAACTGAGCTAACGACCCACTTTTGCGTTGCTTTCGAGTTGTTTAATATCCCGTGGCAACGGCGGCATATATTACTGATTTCAGATTTGAGCGCAACAAAAATTTCGACGCAGAGGGCTCAACTGCTTAGGAATCGCACGACGCGACCAGAAAAAAGGCGTTTTCTGGTCGCATGGTACGCATTACATCGCGTTAAGACGCTTCTGCGCCTGTTTCGCGCCATCAGTGCCTGGATATTTGTTAATCACCTGCTGATAAACTGCTTTCGCTTTTGCCGTATCACCTTTGTCCTGCATGATAACGCCAACTTTGTACATCGCGTCCGCAGCCTTCGGCGACTTAGGATAGTTTTTTACTACCGAGGCGAAATAATAGGCGGCGTCATCTTTTTTACCCTTGTTGTAATTCAACTGGCCCAGCCAAT
NZ_CP041005.1_gap75	3101908	3105170	3262	GTAGATCAGAATGATCGGTACGAACACCGCCGCAACCCAGGTCATCAGGTTCAGCGTCATCTGGCTGGATGTCGCATCCCACATGGTCAGGCTGGCATTCATCATCGTGCTGGACGGCATCACAAATGGGAACATAGCGATACCCGCCGTCAGAATAATGCAGGCCAGGGTCAGCGAAGAGAACAGGAATGCCCACGCGCCTTTCTCCATACGGGAAGTCAGGATAGTCAGCAGCGGCAGAACCACGCCCAGAGCCGGAACCAACCACAGGATCGGAGCATTATTAAAGTTCACCAGCCAGGCGCCAGCTTCACGCGCCACTTCTTTAGTCAGCGGGTTAGAGGCGGCATGATGATCAATCGCGGATGTCACGACATAACCATCAATACCATACATTACCCAAACGCCCGCCAGCGCAAAGCACACTAATGTCACCAGCGCCGCAATCTGCGAGGTGGCGCGCGCGCGCAGGTGCAGTTCGCCAACGGTGCGCATTTGCAGGTAAGTCGCCCCCTGCGTGATGATCATCCCTACGCTTACGATACCCGCCAGCAGACCAAACGGGTTCAGCAACTGGAAGAAGTTACCGGTGTAGTACAGACGCAGATACTCATCCACGTGGAACGGTACGCCCTGCAACAGGTTGCCAAAGGCCACGCCAATCACCAGCGGCGGCACAAAGCTACCGATGAACACGCCCCAGTCCCACATGTTGCGCCAGCGCGGGTCTTCAATCTTGGAACGGTAATCAAAACCGACCGGACGGAAGAACAAAGACGCCAGCACCAGGATCATCGCCACATAGAAACCGGAGAACGCCGCGGCGTAAACCATCGGCCAGGCAGCAAACAACGCACCGCCCGCGGTGATCAACCACACCTGGTTACCGTCCCAGTGTGGAGCGATAGAGTTAATCATAATTCGACGTTCGGTGTCGTTACGACCGAGGAAACGGGTGAGCATCCCCACCCCCATGTCGAACCCATCGGTGACAGCGAAACCAATTAGCAAAATGCCAACCAGCAGCCACCAGATAAAACGTAGTACTTCATAATCGATCATTTGACGACTCCTGTCTTAGCGTGCCGGCTGAGAAGTCACGGTGGACTGCTCAAAGTGATAGCGACCGGTTTTCAGGCTGCTTGGGCCAAGGCGTGCAAATTTGAACATCAGGAACAATTCTGCCACCAGGAACAGGGTATACAGGCCGCAAATCAGGAACATGGAGAACAGCAGATCGCCCACGGTCAGCGATGAGTTCGCTACGGCTGTCGGCAACACTTCGCCGATCGCCCACGGCTGACGACCATACTCGGCGACGAACCAACCTGCTTCAACCGCAATCCACGGCAGTGGAATACCGTATAGCGCCGCGCGCAACAGCCATTTTTTCTCACCGATGCGGTTACGAATCACGCTCCAGAAGGAAAGTGCGATGATCGCCAGCAGCAGGAAGCCGCACGCCACCATGATACGGAAAGCGAAGTACAGCGGCGCAACGCGAGGAATGGAATCTTTCGTCGCTTGCTGGATCTGCGCTTCGGTCGCGTCAGTCACATTAGGCGTATAGCGTTTCAGCAGCAGGCCGTAACCGAGATCTTTCTTCATGCTGTTGAACTGGTCGCGAACGGCCTGGTCGGTAGAACCGGCGCGCAGCTGCTCCAGCAGTTCATAGGCTTTCATCCCGTTACGGATACGCTCTTCATGCTGAACCATGAGATCTTTCAGGCCAATAACCGGCGTGTCCACGGAACGCGTAGCGATAATACCGAGCGCATAAGGGATCTGAATCGCCAGATGGTTTTCCTGTTTGTCCTGGTCAGGAATACCGAACAAGGTAAAGGAGGCCGGAGCAGGTTGCGTTTCCCATTCAGCTTCAATCGCAGCGAGCTTGGTTTTCTGCACGTCGCCCATTTCGTAACCGGATTCGTCGCCGAGTACGATAACGGACAGTACGGCAGCCATACCGAAGCTGGCGGCAATAGCAAAGGAGCGTTTAGCAAAGGCGAAGTCACGACCTTTCAGCATGTAGTAAGCGCTGATACCGAGGATGAACATCGCGCCGGTGACATAGCCGGACGCCACAGTGTGAACAAATTTCACCTGTGCTACCGGGTTCAGCACCAGTTCAGAGAAGCTCACCATTTCCATACGCATGGTTTCGAAATTGAAATCCGCAGCGATTGGGTTTTGCATCCAGCCGTTCGCTACCAGAATCCACAACGCGGAGAGGTTGGACCCCAGAGCCACCAGCCAGGTGACGCACATATGCTGAACTTTACTCAGACGATCCCAGCCGAAGAAGAACAGACCTACAAAGGTGGATTCGAGGAAGAAGGCCATCAAACCTTCGATGGCCAGCGGCGCACCGAAGATGTCCCCAACATAGTGGGAGTAGTACGACCAGTTTGTCCCGAACTGGAACTCCATGGTCAAACCGGTAGCCACACCCAGAGCAAAGTTGATACCAAACAACTTGCCCCAGAACTTGGTCATATCTTTATAAATCTGTTTGCCGGAAAGGACGTATACCGTTTCCATAATGGCCAGCAGGAACGCCATACCGAGCGTTAGCGGCACAAACAGGAAGTGGTACATCGCGGTCAAGGCAAACTGTAAGCGCGACAGTTCGACTATATCTAACATCATGACTCCTTGCTCATCGCATGAAGACTCCGAGAGTGAACCCCGTTAGAAAGGGTCACACGCATGCCCCAATACAAATTTATTTGCGGCCTTCCATCGTACTATCCCCTCGGGAAGGAAACAGTAATGATGAAAAGTTACAAACATGTTAATAAAAAACCCAAATTGATCCCGCAAATATATTACGCCGTAAAACCCTTACAATAAACAGGTTTTTAGTGGGTCAGATTTGCTTTTTTCGACAGCGATCAATTTATGGCTAATCTATCGCTTTTCAGGGAATTTGATCACGGACAATTTAACCAGTTTTGATGCTCTTTTCCAACATTTAAATATTGATTAAAATCAATTTTTGAAGTTAATGTTAATAATGTTTATTCATTGAATGCATGGTGAATTTTTTGTTAACTTTTTGTTTTTGCAAAGAGTAATTTCAAACCCCCTGTAAAAATAGACTTATTCGATAAGGCTAAACATTTTGTGCGTTTTTTACTGCCCCGCATCCAGTAAAAAACATTCCACATTGATGTTCAATTATTGCTAAATAGCTCACAGATTTTTTCTGCAGGTTATCAATACTTATTATTTTATACATTTAGTCTATTTTTATTTTACT
NZ_CP041005.1_gap76	3162763	3163292	529	TTGCACGTTATTATGACTGCGAATTTCCTGCCAGACCTTATCGCAGTCAGCCTTGACCGCCTGATCGTTACCCGTGCGCGTCGCCTGAATGCACTGCTGATAGTCCAGTACCCGCACGCTTTCTTCGTTAGCAAATTGCTGATGTCTGCGCTCTTTTTTAAGGACATTCAGCACGCTTTGGCAGGCCTCTATCTTCTCAGGCGAGCCCTGTGCGGTATTGATACAGGCGCTGTACGCCTCTTTCAGCCGGCTATCTTCTTCCGGCGCGGGTGATGACGCGCAGGCCGTCAAACCGGCGGTCATGCTGGCGATGAGTAAAATTTTTTTCATAGGTCGTTCCTCAACAGCGCGGCAGGCCGGCAGCCTGCCGCATCTGACATCAGAAAATAGTGAATGGCGCAATAACGATAAATTTCACGTCACGTTCATCCTGGAAGATGTTGCCGTAACCACCGCCCCAGCTTGGAATATTGGAGTGGTTGTCATATTCGGTAAAGTGCAGTTTGAACATGGTGCCTTTGGCACGCCC
NZ_CP041005.1_gap77	3164969	3166977	2008	CAGCATTCGCCTGTTGGCGCAGTGCTTACTCGCCCGCTTTCGCCCAGGTATCACGCAGGCCCACGGTGCGGTTAAAGACCAGCTTATCGGCCGTTGCATAGCGGCTGTCGAGGCAGAAGTAGCCTTCACGTTCAAACTGGAAAGCTTTTCCTGCTACCGCCGCTTTCAGCGACGGCTCGCCATACCCCTGCTTAATCACTAATGATTCGGGGTTGATAACAGACAGGAAGTCCTCCGCGGCGCCCGGATTCGGCACGCTGAACAGACGGTCGTAGAGACGAATTTCAATCGGCAGCGCATGTGCTGCGCTAACCCAGTGGATTACGCCTTTCACTTTACGCCCGTCAGCCGGATCTTTACTCAGCGTATCAGCATCATAGGTACAGAAGATGGTGGTGATATTCCCTTCGGCATCCTTCTCTACGCGCTCCGCTTTAATGACGTAGGCATTACGCAGACGCACTTCTTTGCCCATCACCAGACGTTTGTACTGTTTGTTCGCTTCTTCGCGGAAATCTGCGCGATCGATCCAGATCTCACCGCTAAACGGCACTTCACGGCTGCCCATCTCCGGTTTATTCGGATGGTTAGGCATGGTAACCATTTCGCTCTCACCCTGCGGGTAATTTTCGATAACCAGTTTTACCGGATCGATTACCGCCATCGCGCGCGGCGCGTTTTCGTTCAGATCTTCGCGAATGCAGGATTCCAGCGACGCCATCTCAATAGTGTTGTCCTGCTTGGTGACGCCGATGCGTTTGCAGAACTCACGAATAGAAGCCGCGGTATAGCCGCGACGGCGCAGACCGGAAATAGTCGGCATACGCGGATCGTCCCAACCTTCGACGTGTTTGTCGGTCACCAGCAGGTTCAGCTTACGCTTGGACATCACGGTGTATTCCAGATTCAGGCGCGAGAATTCGTACTGGCGCGGGTGAACCGGAATGGTGATGTTGTCCAGCACCCAGTCGTACAGACGACGGTTATCCTGGAACTCCAGCGTACACAGAGAATGAGTAATGCCTTCCAGCGCATCGCTGATGCAGTGAGTAAAGTCGTACATCGGATAGATGCACCACTTGTTGCCAGTCTGATGATGCTCGGCGAATTTAATGCGATACAGCACCGGATCGCGCATCACGATAAACGGCGACGCCATGTCGATTTTAGCGCGCAGACAGGCTTTACCCTCTTCAAAACCGCCGGTACGCATTTTTTCAAATAGCGCGAGGTTCTCTTCGACGCTGCGATCGCGGAACGGGCTGTTTTTACCCGGCGCGGTCAGCGTACCGCGGTATTCACGGATCTGCTCCGGCGTCAGCTCATCAACATAGGCCAGGCCTTTATTGATTAGCTCGACCGCATAGGCGTGCAGTTGGTCAAAGTAATCGGAGGAGTAGCGAATATCGCCAGACCAGTGAAAGCCTAACCACTCGACGTCGTTTTTGATCGAATCAACGTACTCGATATCTTCTTTTACCGGGTTGGTGTCATCGAAACGCAGGTTGCACTGGCCCTGATAATCTTGCGCGATGCCAAAGTTCAGGCAGATAGATTTCGCGTGGCCGATATGCAGATAGCCATTCGGCTCCGGCGGAAAACGGGTATGGACAGTGGTATGTTTACCACTCGCCAGATCTTCATCAATAATCTGACGAATAAAGTTAGTCGGGCGGGCTTCAGCCTCACTCATCGTGGATTCCTCAAAGCGTAAACAACGTATAACGGCATATGATCTTATAAGCCGGACAGACTGACAACCTTTAGTTACTTAAAAAGTGGCTTTGCAGAAAATATTGGGGCTAATTGCGGTAAAAAAAAGCGGCGAAGGTTTCCCTCTGCCGCTTATGTTTCCTGTGATATCGCCGGATGGCGTCTTACGCCTTATCCGGCCAGGAAGCGATTATTTGCTCTTGATCTCGTACAGTGGCGTTTTACCCGCTACCACGTGACCATCCGCTTTGATGACCAGAGCGCTGAAGTCATCGCTGTTGCTGCAAACAACCGG
NZ_CP041005.1_gap78	3329545	3333875	4330	CGCAAATCAGAGCATTTTCGCAATGTACCAGTACCGTCTGGTCCATCTCTCCCAGTTTTTGCGCGCCTTTGTAAAACTGCCAGTCATTAACGTCGCGAAAATCATTATCGATGCCACGATCGCCGCAGGTGGCGACAAAGCACTTGAAGCCGACAACGCCCACTTCGTCCAGCTCATGCAGCCGATCCAGGTTATAAGAGACCAAACCGCCCAACTGCGCGGCGTCGATGGTCAATTTACCTTTTGCCGCGTCAAACTTGAGTTCAATCGTCTCACGATCGACCGTCGCCGGCAGCTGATTGAGCGGCATCTCAATCATCGTGGTAATACCGCCTTTCGCCGCCGCGCGCGTACCGGTTTCATAGCCTTCCCAGTGGGTACGGCCCGGTTCAGAAATGTGGGTATGCGCGTCAACCATGCCCGGCGAAACGATCAATCCCGTCGCATCCAGCACATTTTTCGCTTCCCCCAGGTTCTCGCCAATCGCGGCGATTTTTCCGCCCTGGACGGCGATATCGATAACTCTCGCTTCGTTTTCTAAGATGACAGTACCGTTCTTAATAATTAAATCAAAAGACATAACAAACTCCTTGTATGGATACAGATAGTTTTTAAATAGCGCACACTTCATTAAATACGCTTAATGCTTTTTCAATATTTAACCTGCGAGTTTTTTCTCTCCTGTATTTTCAAAACCCGTGCGTTTCTTCAATAGCGCATAAGCAACGAACGCAACTATTACGCCTACAAACCAGGACACGCGGGATAAAGGCTCCATAAATGGTATAAACTTGCCGCCTAATGACAGAATGACTGCGACTAGGGTGACTGAAAATGCAGTCAGGTTAAATCCATTATCATAATATTTGTAATCACCGCTGGCGGTGTACAGCTCATCAAGATTAATTTTTCCACGCATTACCACAAAATAATGAGCTAACATTACGCCGATTACCGGGCCAAGCATACCGCCGATAATATCGAGGAACAGATAAATACTGTCCTGATTCTCCATTAATTTCCATGGGCAAATCAGTAGACTGATAATACTGGCAATCATTACGCCATTTTTATAGTTAAGCTTTGTCGGGGCAAGCGCCGCAATTTGATACCCCGCAGGTATAATATTACCGGTGGCGTTGGTTGAAATTGTCGTCATCAGAATCACCAGCACCGCAAAGAATGAAGCAAACAAGCTGTCCCAGCGCTGCACAATATCCAGCACGTTCCAGGTATCCATACCATAATGAATACTGGCTCCGGCAATAATGCACACGCTGGCTACGGCGAATAATATATACGCTACGATAAGCCCCAATGTTTGTCCCAATGCCTGAGCGCGAAATGAATGCGCGTTTTGCGTGAAATCGGACGCGCTTACCGCTGGCGCAGCCCAGACGGCGACTACGGCGTTAATCACCACCAGGAACAGAAAGCCGCTGTGCTCTGCTTTTTGCACGCCTGAAGGCAGATAGTCCAGAATCGGGCCAATGCCGACCAGCGATATTGCCCAAATAGCCATGCCGCCAAAGACAATGTAAATACATGGATTGAGGATAGCGGTAAATTTATTTAATACTTTACCACCGCCAAAACCGATGCCAACGTTAATAATCCAAAAAATTAGAAAAGTAATTAGTCCTGGCAGTGAAAGACCCAGCAGCTTGAAATCTCCGCCTAATGTCAGAAATCCTGGCCAGATCTTCCCAATCAAAATAAGAAATGCCAGCGATCCCGCGTAACACTGTAAGCCGAACCACATAATTGCCGCGATTCCCCCTCGCAATAATCCAGGGAATAGCGCGCCGCGGACACCGTAAGAACCTCGCAATATCATAGCAAAAGGAACGCCATATTTGCTGCCTGCCGCGCCATTCATTACCATCGCCGCCGCAATAAATAATGCGCTGATAATAATGGCCAACATGATATTAAATGTTGATAGCCCCAGTATAAAAAAACCGCCGACCATAACGTAATTTGGCACGTTATGTACAGATCCCATCCATAAGGTGAAATAGTTAAATGCCTTCCAGTTTCGTTGGGTTTCTGTCTTAGGTAATAAGTCTTCGCTATAACCGCGCTGCTGGTATAGCTCTCTTTGATGTTCCATAAATCCCTCTTTTCACGCATCGGATAACGTTGTTATGGGTTTAGCTATGAGGAACAAATAAATATAAAATAAAGAATTAGTAGATATAATTATTTTTAAGCTGAAGCAATACGTTGCGTTGCTTTCTTTTTATATAAAGTGACGACAGCAAAGATCAGCGTTCCGGTGACCACTAAACATGCTGAAATCACAAAACTGATCTCTTTCGACCCCGTTACATCCGAAATAAATCCGGTCAACGTTGGGGCGACAACCGCTGAACTCATGCCAAAGAAGTTAAAAAGGCTGAAAGCTCTTCCCAGACTTTTTGCCGAAGCCTGTTCAGATACAAAGGAGATCAGGATCGGGTCTACCGCCATTTTCCCCAGCAAGCCGTATAGCGTCAGGCTGACCATCAGCATCGTGGTATTCGGGGACAAAACCGTAAACGCCAACATTGCTGCCGCCACAATTTCCAGACCGAGAATAACCTTAACTTTACTGTTACGGAATTTATCTGACAGATGGCTAAAAAATAACGCCCCCGGTACGCCAACCACCGCCACCAGCGCTGATGCCAGCCCGATAGCTCCGCCATCAAATCCTCTTTCAGTCTGGAGATAAGAGGGCAGCCAGGTCACTATCAAATAATAACCGTAGCAGGTACAGAAATAGAGGAAGTAAACGCTACACAATAAACCAGAGAATAAAGGCGCGCGTTTCTCATCTTCCGTAACGGTTTGGGTTTGCTTTTCCGCTTGCGCAGAGTCGCTTTTGGCTTTACCGCGAATGATCAGCGTAAAGACGCACAGCATGATTACTAATATCGCGGCCACGATATACAGTACATTTTGCCAGGCCATGCTCATGTTTTTTACTAATATGCTGGAACCGATTAAGCCAATCCCCATCCCTATAGCCGACCCGCTGTTGATAATTGCGTTGGCTAATGCCCGACGGGCCTGCGGCACGTTTGCCGAAGAGAGTGAATAAGCCGAGCTAAAGAAAGAAGCGCATCCGCCACCTGCCATTAGCGACCCTATATAGATCATGGTCAGGCCATTGGCTTTCGCGATACAGAGTGTACCAATAATAAAAAGCGTAAATCCGGCCATCAGCATGATTTTTTGACCGAATTTATCGACCAATATTCCGCAAGGGATTTGCATACTGCAGTAAGCAAAAAAGTAAAAACTTGCAATGGCGCCTATTTCAGCATTACTTACATTGTCTAAAGATGCCTGAATTTCTGGATAAATTGGCGTAAGCACGGTGCGATAGATCCAAATCGCTACCCAGCCCAGACTCATTACGACAACAATTTGTTTCCAGTAATCAATTCCGGATTTTTTAGTTTCACTCATGTTCTTCACCTTTACAGAGTGTTCCTTGTGAACAGGTATCGCTGCAGCCGCAGCGATACACATAATTAGGACAATTTATGATTGGCCATTAATTCCAGCGCCTGTACCATTGCCGAATGGTCAAGCTGGCTCCCGCCATTTGCCGCACAGGTATTGAATAATTCCTGGCAGGTCGCCGTATTCGGTAAATTCAGCGCCAGCGCTTTTGCGCTTTGCAATGCAAGATTAAGGTCTTTCTGATGAAGCGCGATTTTGAAACCAGGCTCGAACGTCCGGTTGATCATGCGCTCGCCGTGAACTTCCAGAATGCGTGAAGAGGCGAACCCGCCCATTAACGCCTGGCGCACGCGTACCGGATCGGCGCCTGCTTTTGAAGCAAACACTAAGGCTTCAGAAACCGCTTCAATATTCAGCGCAACAATAATTTGGTTAGCCACCTTACAGGTTTGCCCATCCCCATTGCCGCCCACCAGGGTGATATTTTTTCCCAGGATGTCAAAGAGCGGTTTAACGCGGTCAAAGACTTTCTGCTCGCCGCCGACCATAATCGACAGAGTGCCTTCACGCGCCCCGATTTCTCCCCCGGAAACCGGGGCATCCAGGTAATCAGCGCCCATTTCATTAACGCGCTGGGCAAAACGTTTGGTTTCGATAGGAGAAATAGAACTCATATCGACGATGGTTTTTCCCTGAAGCGATGTTTTAGCGCAACCGTGTTCGCCAAATAACACGTCTTCAACCTGCGGTGTATCCGGCACCATTATGAAGATAATGTCTGCAAATTCAGTTACCTGACGTGCAGTCTCAACATTTACCGCCCCCAGCGAGAGCAGTTCGTCCGCGACCGGACCAATAGTCGTAACGTGTAATTGAT
NZ_CP041005.1_gap79	3404463	3406874	2411	CAGCCAGCCCATATCGCCGCCATTACGCGCAGAGATGATATCGGTAGATTTCTCTTTCGCCAGCGTGGCGAAATCTTCGCCCTTGTTCAGCGCATCCAGTACCGCTTTCGCATCATCTTCCGTTTTGGTCTGAATAATGCTGTAACGAATACGCTCCGGCTGAGTAAACTGATCTACATGCTGGTCATAATAGGCCTGAATATCCGCATCGCTGACCGGTGCCTGCATCGTCGCGGCATCCAGCTTGATATAGCTTACGCGGAACTGTTCCGGCGTCATAAAGCGGACTTTATTCTGATCGTAGTAGCTGGACACTTCCTGATCGGTCACCTGCTGCTTCGCCGCCAGCGCGTTGACATCAATAACGGCTTCACGCACCACGCGCTGTTGAGAGACTAATGCCGCCAGTTCGTCGGTTTCCCCTTTCAGCATAAAATCAGTACCGGCCACGCCGTTGATCAGTTGCTGAGTGGTAAGCTGGTTACGCAGCGCCTGAGCGTACTGATCGGCGGTCATTCCCATCTGATTCACAATCGCGTTATAGCGGTTGTTGTCAAACTTACCGTCCACCTGAAAAGCGGGAGTGGCGAAAATCGCCTGCTTTACCTGCTCATCGCTGATGCCCAGTTTCAGTTCGCGGGAATATTGATCCAACAGCGCTTCATCTATCAGACGATTCAGCACCTGCTGGCGCAGGCTTTTCATATAACCTTCGTTGGCCGCCAGTTCAGAATACCTGTCGCCCAACTGCTGCTGCATACGGTTACGTTCGTTGTTAAACGCATTCTCAAACTGTGCCCGGCTGATTTCCTGGCCATTCACTTTTGCGGCGTAGTTATTGCTTCCGCCAATCAGGTAACCACTAACGCCGGTCAAAATGAACGACACGATAATGATAACGAAAATAATCTTGAGCACGAGACTGTTTGCAGCCGTGCGTAAGCTGTCCATCATGGTGTAACCACACTCCGCTGTAGGTGACTTTACACTTTATCTTTCAGGCGGCTTCTCCGCTGGCTACCGAGTGATTCGCTCAGTCGCCGCGTCGACGCAACCTGAATGATTTGCGTATAGAGACTTCACGCGCATCGCATTTTCTGAACGCGGCGCACAAAAGCCTATTGTGACAAGAAACGAGGGCAATTGTCAGCCCGCAACGCACAGAAAGTCCCGAATCGCCAATAAAAAAGGCACATCAGTTGATGCGCCCTTGTACTTTGTCACATCCCCCGAGGGGATCACGCTTAGTTTACCGCGTCTTTCAGCGCTTTACCTGCACGGAAACTCGGCACTTTGGCAGCGGCGATGGTGATCTCTTTACCTGTTTGCGGGTTGCGACCAGTACGGGCAGCACGCTCTTTAACAGCAAAAGTACCAAAGCCTACCAGTGCAACGTCATCCCCTTCTTTCAGAGATTCGGTAACAGAAGCAATAATCGCATCTAACGCACGTCCAGCCGCAGCCTTAGAGATATCAGCCCCTGCAGCAATTTTTTCGATCAGTTGAGATTTATTCACTCTTCTCTTCCTCTTTATAATTTATATCGCACCTGAATCCTTCGAAGTACGACCGCGCAGCAGTTATATCAGGCCTGCCACGCCCTTACAACACCCGTTAATGGTGGCAGACCCAATCAACCATCTAAATTAGCTATACAAAAAAAGGCTGGCAAGTCCGAAATAGCCTGCCAGCCCTGTTTTTATTAGCGCTATTTGCGCGAGGTCACTATTTTGCGGTTACAACCTGCATTCCAGACGGTTCGTTTTGCAGAGCAAGCGTCAGAACTTCCTCAATGCGCTTCACAGGATGAATATCCAGATCGGCAATCACGTTGTCCGGAATTTCCTCCAGGTCACGTTTATTTTCGAACGGAATTAAGACCGTTTTAATCCCGCCGCGATGCGCCGCCAACAGTTTTTCTTTCAGGCCGCCGATCGGCAACACCTGACCACGCAGCGTGATCTCACCGGTCATTGCCACATCTGCGCGCACCGGATTACCGGTCAGGCAGGAAACCAGCGCGGTACACATCGCGATACCGGCGCTTGGACCGTCTTTCGGCGTTGCGCCTTCCGGCACGTGAACGTGGATATCGCGTTTTTCGTAAAAGTCCGGATTAATACCCAGTTTTTCCGCGCGCGCACGCACCACGGTCAGCGCCGCCTGAATGGATTCCTGCATCACTTCACCGAGCGAGCCGGTGTAGGTCAACTTGCCTTTGCCCGGGACGCAGGCGGTTTCGATGGTCAACAGATCGCCGCCCACTTCCGTCCACGCCAGCCCCGTCACCTGACCTACGCGGTTTTCGCTATCCGCGCGGCCATAATCAAAGCGCTGCACACCGAGGTAGTCGTGCAGATTATCGCCGTTAATTTCGATATGTTTTAACGACTTATCGAGCAACAGTTGTT
NZ_CP041005.1_gap80	3429270	3433421	4151	CAAAACCCGGCACGCCCTGAATGCATTTATTGGCGGAGCTGATCAGATAGTCGATGTGTAATGCTGCAATATCCATGGGGATGCCGCCGAAGCTGCTCATGGCGTCAACGATGTAGGTTTTGCCATAGCGATGCGCCAGAGCGCCCACCTCATCAATGGGGTTGAGCATCCCGGTGGTCGTTTCGCTATGCACCATGGCGATATGGCTGATCGTCGGGTCGGCGTTGAGGATCGCGTCGATCGCCTGCACATCCGGGCGCGCAACTTCGCCGCAGTCGTAAGCGTGATGGGCGATTCCCATAAGGCCGGCCATCTCGACCATTCGTGCGCCGTATGCACCGTTGCTGACGATCAGCACCTTATCCTGCGGCCCCAATGCGCTGCCCAGTACGGCTTCCACAGCATAGCTGCCGCTGCCTTGCAGCAGTACGGAGGTGTAGCCTTCGGAGGCCGTTGCCAGTGCGGTCAGCTGCTGGCGGATCTGTTCTACCACGCCGATATTGTAATCATCATCCCAGGTACAGCTATCGAACAACATCGCTTCTTTCACGGTGCGAGAGGTGGTGAGCGGGCCAGGAGTCAGCAACAGATAGTTACGCGAAGTCATGTTATTTACCTTTGGTCTATACCAGATTGCATTTATCATGACGATCTTTGCCGCGACGGGTCAAAGAGAAAATCGCGCTGCAACAAAAAATTCATCTCTGCTTGTATAATGGCGGCAGGCAAAACGGAAGCGAGTAAGCATGAAATCTATCCCGGGCGATATCCCGCAGTACCTGTTGATCAAGGCGCAGCTTCAGGCGCGTATTCAGAGCGGTGCGTTGAAAAGCGGTGATAAACTGCCGTCTGAACGCGAACTGTGCGCGATCTTCAACACCACGCGCATTACTATTCGCGAAAGTCTGGCACAGCTGGAGTCCAGTGGGCTTATCTGGCGCGCCGATCGTCGCGGTTGGTTCGTTACGCCGGAACGCCTGTGGCTGGATCCGACCCAGAACACCAACTTCCATAAGCTTTGCCGCGAGCAGGGGCGGGAGCCAAAAACCGCGCTACTGAGCGGCGTGTTAACCACCGTGCCTGTCGAGGTCATGGAGCCCCTCCAGCTCCAGCCGTTTGATCAAATCTATCTGCTGACCCGTCTGCGTTACGCCGATGGCCGCGCCGTGTGCTACTGCGAAAACCATTGTTTGCCCGCCCGCGTGCCTGAGCTGCTGCAGTACGATCTCAACGGCAGCCTGACCGAGGTATACGAGTCGCACTACAACCTCGTCTATACCAGCATGCATCTGTCGTTCTACCCCACCGCCATGCCTGCGCAGGCCGCACAGGCGCTGGGCGTTATGGAAGGGCGCCCGGCGCTGTTGCTGCGCCGTCTGAACTACGATCAACACGGGCGAGTGCTGGATCTGGATATCGAATACTGGCGTCACGACAGCCTGCGTATTGAGGTAGATACCCACTAGCGGATGCGCCGGATGTTGGCTGCGGGACTTATCCGGCCTACCAATCGTATCGTCTCACGGCTATCCGGATAAGCGCAGCATCATCCGGCGTGGACTGATTTATTTCTCTTTCATCGTTTTGTCATATAAGCCGTTTAGCGTAAAAAGCAAACCTGGTATAGGCCAGAAAATGCAACGTACGCTATGAGGCTATTACGATGAAACTTTCCCGACTTGCTCTGCTGTCTGTCTTCGCTCTCGCCAGCGCCCCGTCATGGGCGGAATCGGTGGTCACGGTGTACTCCATCGACGGGCTGCATGATGGCGATAACAGCTGGTACCAGGTACAGTTTGACGCATTCACCAAAGCGACCGGCATTACCGTACGCTATGTTGAAGGCGGTGGTGGCGTGGTAGTGGAACGTCTGGCAAAAGAGCGCACGAATCCACAGGCCGACGTGCTGGTAACCGCGCCGCCATTCATTCAGCGCGCCGCCGCCGAAAAGCTGCTGGCGAACTTTAACACCGACACCGCATCGGCTATCCCCGATGCCAACAACCTTTATTCGCCGCTGGTAAAGAACTATCTGAGCTTTATCTACAACAGCAAGCTGCTGAAAACTGCCCCGGCGAGCTGGCAGGATCTGCTTGACGGTAAATTCAAAAATAAACTCCAGTATTCCACGCCAGGTCAGGCCGCTGACGGCACGGCGGTGATGCTGCAGGCTTTCCACAGCTTCGGCAGTAAAGATGCCGGTTTTGCGTATCTCGGCAAGCTGCAGGCCAATAACGTCGGGCCATCTGCCTCTACCGGCAAGCTAACCGCGCTGGTTAATAAAGGTGAAATCTACGTCGCTAACGGCGACCTGCAAATGAACCTCGCGCAGATGGAACGTAACCCGAACGTGAAAATCTTCTGGCCGGCCAACGACAAAGGCGAGCGCAGCGCGCTGGCCATCCCTTATGTCATTGGCCTGGTCCAGGGGGCGCCGCAGAGTGAAAATGGTAAAAAGCTGATTAACTTCCTGCTGAGTAAAGAAGCGCAGACTCGCGTCAGCGAACTCTCCTGGGGAATGCCGGTACGCAGCGACGTGACGCCGAGCGACGAACATTATAAGGCCGCCACTGCCGCGTTAGAAGGCGTGCAGAGCTGGCAGCCAAATTGGGATGACGTAGCCGTTTCGCTGTCGGCAGATATTAGCCGTTGGCACAAAGTGACCGAAAGCGAGTAAGCCTGATGCTGATGAAAACGACCACCGTTCACGCCCCTGCATCGCAGGGGACATCGGGGATAGTCCTCGACTCGCTGCGCGTTGCGTATCACGGCAACGTGGTGCTTAAACCGCTCTCTTTGACGATTGAACCTGGCGAAGTGCTGGCGCTGATTGGCCCATCAGGATCTGGAAAAACGACGGTGCTGCGTGCGGTTGCGGGCTTTGTGCAACCTGCAGGCGGTCGTATTCTGATTGGCGATACGGACGTCACCCATCTGCCACCCTATAAACGCGGGTTGGCGATGGTGGTGCAGAACTACGCCTTGTTCCCGCATCTGAAAGTGGAAGACAACGTCGCTTTTGGCCTGCGTGCGCAGAAGCAGCCAAAGGCGCTAATTAATGAGCGTGTAACGCAGGCGCTGAAAACGGTTGGCATGAGTGATTACGCCGCCCGTTATCCGCATCAACTTTCCGGCGGCCAGCAGCAACGCGTGGCCATCGCCCGCGCGATTGCCGTGCGCCCGCGCGTGCTGTTGCTGGATGAACCACTGTCAGCGCTGGACGCACAGATTCGTCATAATATGGTGGAAGAAATCGCCCGTCTTCACCGTGAGCTGCCGGAACTCACTATTCTCTACGTCACCCACGATCAAACGGAAGCGCTCACTCTGGCCGATAAAATCGGCATTATGAAGGATGGCTCGCTGATTGCTCACGGCGAAACCCGCGCGCTATATCAGCATCCGCCCAATCGTTTTGCCGCCGAATTCTTAGGTCGCGCCAATATTCTCTCCGCCATCGCGCTGGGGATAACGGAGGCTCCGGGGCTGGTGGACGTCAGCTGCGGCGGTGCGGTGATTCGCGCGTTCAGCCGGGGCAGCCACCACGGTTACAACAAACTGCTGTGCATTCGTCCTCAGCACCTCAGCCTGACGCCGCGTTCGGCCTACAGCAACCGCTTCAACGCCACACTGCAATCGGTGCACTGGCAGGGCGATTTAACCCATCTGCTGTGTGACGTTGCTGGCGAAACGGTGCGGATGGTGTTGACGCATGTCAATCCGCTGCCGCGCGTGGGCGACAAGCTGGCGCTGTGGTTCGAACCGGATGATGCGGTCCTGATTGAGGTATAACCATGTCACTCATTTTACCTCTGGAAAAACCGGCGCTTAACCTACGCCCGCTGCTGTGGCTGCTGCTCCCGTTGCTGGTGCTGGCGACGCTGTTTTTCTGGCCTCTGTCGCTCATCGTTGAACAGGCGCTACGCGGTGCCAATGGCGAGATCGGGCTCGAGACCTTCCGCCAGGTGGTCGACTCGAAACGCTTTGTCGGCGCGTTGCTGAACACGTTGCAAATCGCCTTTTTCGCCACCGCCGGTTGCCTGCTGCTGGGCAGCGTGATGTCGCTGATTCTGGTGTTTATTCCTTTCCCCGGCAGCGAGTTGATTGGTCGGGTCGTCGATACTTTTATTGCGCTGCCGACCTTCCTGATT
NZ_CP041005.1_gap81	3434775	3435393	618	CGATACACCTTCACATTGGCAAACCCCTGCTCGCGCAGATAGAGCGCCTGCAGGCGACTCATTACGCCACGTTCGCACCATAGCAGCCAGGTTTTACTCTGATCGAGATCGCCAAATTTAGTGCTCAGCTTGTAGAAAGGCAGCGAAACGACGTCCACACCTTCCACTTTCAGCGGCTTGTCATCCTGTTCATCCACAGAACGGATATCCAGAATCACGTCGTTCGGGCCGAAACCGCTCACGGTTTCTACTTCCACCACCTCCTGCTGGGTCTGCTGGGCGATTTCACGAATATCGACGTTGTTCGCTTCTTCTACCACCTTATCGAGAATACTGAAGTCGAAGTTTTCTTCTTCGGCTTCAATTTTCGCTTTAATGGCTTTCACCGTCGGACTTTTTGAAATCACGCCACAGTATTCAGGCATCGTACGGGCAAAATCTTCCGTACCAATCTGGCGCGCCAGGTTGATAATGTGCTCTTTATCGTAAGAGATCAGCGGGCGCAAGATCAGCGTGTCAGACACGTTATCGATCAAGCGCAAATTGGTTAGCGTCTGGCTGGATACCTGGCCCAGCGCTTCGCCGGTCACCAGCGCCTGTACGCCGTAACGTTCCGCC
NZ_CP041005.1_gap82	3443481	3444693	1212	CGATCCACGTTTCGCCAGGCTGCTGCACAATACGATGCGCAGGCGTTACCCGGTTTTGGCTGTCGATAACAATTCGCACCGGCTGGCGCAGATTTTCCTGCGGGTAAGACGCCTGCGTAGAGGCGTCTAACTCCGCCCAACGCACCGTCAAGGCCGGATCGTCAGCCAATACCGTCGCGCTACTGGTTAAGATAGCGTGGCTTTGCGCACGCAAGCGCTGAACGTCACGCCGGGCCTGCGGCGAGGTGATCCACTGGCTTTCGCCGCTGGCCATCGCCGTCCGTCCGTCGACGGAGGCGCCCAGTTTAAGCTGAAGATAAGGGAATCCGGTACGCATCCGCTTGAGGAAGCCTTTATTGAGCGCCTCCGCTTCACTCATCATTAACCCGTGGCTGACCGCAATACCCGCCTGTTGCAGGCGATACAGCCCACGCCCGGCGACCTGTGGGTTCGGGTCCTGCATCGCGGCGACCACGCGCGCGACGCCGGCCGCAATCAGCGCATCGCAACATGGCGGCGTTCGCCCATGATGGCTACAGGGTTCAAGCGTGACATAGGCGGTTGCGCCTTTGGCTTTTGCGCCCGCCATCCGCAGCGCATGAACCTCGGCGTGCGGCTCTCCGGCGCGATGGTGATAACCTTCGCCGACGATGTCGCCATTGTTAACAATGACACAGCCGACATTAGGGTTAGGGTGAGTGGTGAAACGTCCACGCTGCGCCAGTTTGAGCGCTCGCGCCATGTAAAACTCATCCTGCATGGCTTAGTCCTGTAGGCGAGCGATTTCTTCGCCAAAGTCTTTGATATCTTCGAAACTGCGATAGACGGAGGCAAAGCGAATATACGCGACTTTATCGAGTTTTTTCAGCTGCTCCATGACCAGGTTGCCAATCATCTTGCTGGGAACTTCACGCTCCCCAGTGGCACGTAATTGTGACTTAATATGGTTCAATGCCATTTCAACATCATCTGCGCTGACGGGTCTTTTTTCCAGCGCTCTCAACATGCCGCTACGCAGCTTATCCTCATTAAAGGGTTCGCGCACATCGTTGCTTTTTATCACGCGCGGCATGACCAGTTCAGCCACTTCGAAGGTCGTAAAGCGTTCATTACACACCAGGCACTGCCGACGGCGGCGCACGGACGAGCCCTCGCCTACAAGACGAGAGTCAATGACTTTGGTATCTACGGCGAAACAAAATGGGCAATGCA
NZ_CP041005.1_gap83	3447872	3450300	2428	ATCCCAGCGGTTGTATATCCCGCGAAGAGAGATGCCCCGCTTCATCACGATAATGTAGCGCCAACACCTGCTGCGCCGAAACGGCCTGATGGATAAGATCAAACGCGCTGCGCGAATGTGGAGATGTACCCAAATCCGGAGCGTAAATCCGTGTCTGCTCCGCTTTACGGCGGCTCTCTTCCGGCAAAATGGCCAACACTTTTTCCTGGGCGGATTCAAGCTCGCGTGATAGCGAATCGCCGCCCCAGGTTTTCAATAACCGTATAGCCACCATCAGTGCTTCCGATTCACGATGGGTAAGCATCAAGGGTGGCAGATCAAAACCTGCCATTAAACGGTATCCGCTCCCCGCTTCACCTTCGACAGGCACACCGGATAACGACAGATCGCGAATATCGCGATAAATCGTCCGTTCAGAAACCGCAAGCCGCTGTGCCAACAGCGCTGCCGTCGTCAGTCGTCTACCCCGCAAAATTTGCACGATCTGAAACAAACGGTCAGCGCGTCTGGTCATATTGACTCTCTACATTTAGCAAATATCACGCAGGTTGATGTAAACCTATTCGGTTGCCTTCGCTGTCAATAAACAACGCGATGGTTCCAATGTCATCTCCGGGAACCATGGGTTCCAGAACACACTTGCCACCGGCAAGGACGACACGTTCAATCGAGGCTAACAAATCGGCGGTATGCAGATAAATAACGACTCCCTGCGCAACTGGAGCGACATCATCCTGCTTTATCAGCGCTCCGCCGGGTCCGGGTTCAGCATACGGGAATACGGCCAGGTCCGCCCCATCCATGGTTTCCCGACGTAACGATATCTGCATCACTTGCTCATAAAAGGCGATTGCACGCGCCATATCAGTAACTGGAATTTCAAACCAGTTAATCAAGTTTTTCATACATCCTCCTGCGAGTGTGGGTAAATTCATGAGGAGTGTATGACAGGGCTCCTGACAGCATACTGTCAGTAATGTTTATCGTCATGGTACATAAATAAAAAAATCCCGATCGCATGACCGGGATTCAGATAACACTTAAATACGTGTTTACGGCAGAATGGACGGCTGATCCGCCCCTTCTTTTTCGACTTTCTGCTGCAGCATATGCTCGCGCTTCATACCGAGTTTCAGCGCCAGCGCCGATGCGACATAGATAGAAGATGCCGTACCAATAGAGACACCGATCAGCATCGTCAGCGAGAAGCCTTCCAGTACCGGACCGCCGAAGAGGTACAGCATCAGAATTACCACTAACGTCGTACCGGAGGTAATCAACGTACGGTGTAGCGTCTGGGTCAGCGACACGTTAAAGATTTCGTAAGGCGTCCCGCGACGGATTTTGCGGAAGTTTTCACGAATACGGTCAGAGACCACGATACTGTCATTCAGCGAGTAACCGATCACCGACATCAACGATGCCACAATGGTCAGGTCAATCTCGATATGGAAAAGCGACAGTATCCCCAGCGTAATGATCACGTCGTGCGCCAGCGCGATGACCACCCCTGCCGCCAGTCGCCACTCAAAGCGGAAACCGACATAAACGAGGATAGAGATCAACGCCACCAGCAGCGCCATAGCGCCGGTTTGCGCCAGATCGGCGCCCACGCTTGGCCCCACGAATTCAATACGCTTCACGGCCGCATTCTGGTTGGTGGCTTCATTAATGATCGTCACCACTTTGCTACCCAGTACCTGACCGCCGGTTTCACCTTCGGTTGGCGGCATACGCACCATAATGTCGTGACTGCTGCCAAAGTTCTGCAACTGCGGCTCTTCATAGCCCGCTTTTTGCAGCGCTTCGCGCATCACGTCCATTTCAGCCGGTTTTTCCAGCGTGATTTCAATTACCGTACCACCGGTGAAATCCAGCCCCCAGTTAAACCCGCGTACGCCCATAATGACAATGGCCGCGATCAGCAACAGCCCGGAGATGCCGAATGCCCAGAAGTCCCAGCGCATAAAGTCATAGACTTTACGGCCGTGGTTTAGTTGTTCAACAGTGTATTCCTGTGCCACATCGCACTCCTCAGATTGACAGCTTAGTGACGCGCTTGCCGCCATATAGCAGGTTTACGATAGCACGCGTACCGATAATCGCGGTAAACATCGACGTCGCCACACCGATACCGGTCGTAATCGCGAACCCTTTAATTGCCCCGGTACCGACAGCATACAGAATGATGACTTTAATCAGCGTCGTGATGTTCGCATCGAAGATGGAACTGAACGCGCCGGCATAGCCTTCGTTTATCGCCTGCTGTACCGTGCGGCCATTACTCAACTCTTCTTTGATACGTTCGTTAATCAGAACGTTGGCGTCGACCGCCACCGCAAGGGTTAACACGATACCCGCAATCCCCGGCATACTGAGCGTTGCCCCCGGCAACAGCGACATGATACCGACAATCAACACTAGGTTA
NZ_CP041005.1_gap84	3451858	3453747	1889	TCAGCGCGATGGCAATGTAGCCGGCTTCCGCTACTTTGGTCACTCGACCGACCAGACCGCCATTCGTCAGAACTTCATCACCTTTCGCAATGGAGTCCATCAGCTTTTTGTGCTCTTTGGTGCGCTTCTGCTGCGGGCGCAGGATCATGAAATAGAAAATCAGACCAAACACCACCAGCATTAAAATCAGAGACATCGGGCTGCCCTGCGCTGGAGCACCTGTTGCCGCTACCGCATCAGAAATAAAAAAGCTCATTCAAATTCCCTCATTATTAAAATTAATCAACGTTCAAAGGTGGAACGGGTCGCCCCTGACGTTGGTAAAACTCGGTTACGAAGCTCTCTAATTTACCCTCTTCAATAGCCTTGCGTAAACCCGCCATCAAACGCTGGTAGTAACGCAAGTTATGAATGGTATTGAGACGCGCACCTAATATTTCGTTGCAACGGTCGAGATGATGCAAGTAAGCGCGTGAATAATTGCGACAGGTGTAGCAATCGCACTCGGCGTCAAGCGGGCTGGTGTCGCTTTTATGCTTTGCATTACGAATCTTCACCACGCCGTCGGTCACAAACAGATGACCATTACGGGCATTTCGCGTTGGCATGACACAGTCAAACATATCAATACCGCGACGCACCCCTTCCACCAGATCTTCCGGTTTACCCACGCCCATCAGGTAACGCGGTTTGTCAGCCGGGATCTGCGGGCAAACGTGCTCCAGAATGCGGTGCATATCTGCTTTCGGCTCACCGACAGCCAAACCGCCGACAGCGTAGCCATCAAAGCCAATCTCTACCAGACCTTTCACCGAGATATCGCGTAAATCTTCGTAAACGCTGCCCTGAATGATGCCAAAAAGCGCATTCTTATTGCCAAGGCTATCAAAACGGTCGCGGCTACGCTTCGCCCAACGCAACGACATCTCCATCGAGCGTTTAGCATAGTCCCAGTCTGCCGGGTACGGCGTACATTCATCAAAGATCATCACGATATCGGAACCGAGATCGTACTGGATCTCCATCGACTTTTCCGGATCGAGGAAAATCGGATCGCCGTTGATCGGGTTACGGAAGTGCACGCCTTGCTCGGTAATCTTACGAATATCGCCGAGGCTGAAGACCTGGAAGCCGCCGGAATCGGTGAGAATCGGCCCTTTCCACTGCATAAAATCGTGCAGATCGCCATGCAGCTTCATGATTTCCTGACCCGGGCGCAGCCACAGGTGGAAAGTGTTGCCGAGAATAATCTGCGCGCCGGTCGCTTCCACTTCTTCCGGCGTCATGCCTTTCACGGTACCGTAAGTACCCACAGGCATAAAGGCTGGCGTTTCCACTACGCCACGATCAAACACCAGACGACCGCGACGCGCACGACCATCGGTGGTATCTAACTCAAATTTCATTATCACTCCTGCGTCAGAAAAACAGTCCGACGTTTAACGACTCGCTACGGAATGATTCCATAGCTAATAAATTCCCGAAGACGTCATCGGCGCAGCCAGTTTGGGGTCGACCAGCGCACAGCCACCGGAGCGTACACGCAGTACGTGAGGATGGCGAGCACTGCCCGGCGTCAAAATGGCAAGTGAGATAGCCTTCTTACGGACGCTCAGAAATAGCCTGCGGATTGTACGTGATAAACATCGCGTCCCCGTAGCTAAAAAAGCGATATTTTTGTTCTACCGCAGTCTTATAGGCATTCATGGTGTGTTGATAACCGGCAAATGCGGAAACCAGCATAATCAACGTCGATTCCGGCAGATGGAAGTTGGTGATCAGCGCATCAATCACTTTGTATTGATAACCTGGATAAATAAAGATTTGCGTATCGCCGAAGAACGGCTCTATCAAATCGCTTTTTGCCGCCTGCGCCGCGCTTTCCAGCG
NZ_CP041005.1_gap85	3481584	3485885	4301	GGCTATCGCCTTTCTCCAGTTGGCTGCGAATTTCACGCTCACTCATTCCCAACTGCCCTGCCAGTTTGCGTACCGCTAACTCTGTTTTGCCCGGTTCCTTGCTGTTATAACGAATCAGATCGCCATCCAGCGCCAGTTTTACCCCACTGGCTTTACTGACGGCATTCTGGAACGCAGCGTTACGGCTGGCGTACCATCCCGCGTTGAAGTCGGCGAAGCGGAAAACAGGCGCGCTGTAGTTCGCCGGGTAATTCAGCAAATGGTAGGTTCCAAACCACAACCCGCCACGGCGCGTAAAGACCTCCTGACGTACCGTACCCGTCATCTTCCACGGATAGCCTTTCGCGTGCTGTTCGGCAAAGGCAATGCTGACCTGCATCGGGCCGCCCGTATGCACCGGGTTATATGAGCCAAATAGCGTCTGCCCCATAGGGACCATATTGATAAAATCGTCAAAAATAGCGCTAAGCTGTTTTTCGGTTTTTACCGTGTCCAGGCGTTCGCTATAGCTCTTGCCGTTGGGGGAGTTAATTTTCAGCGCGGTGTGCACCAGAAACAGCGGGATGTGTAGTCGTTCAGCGCGGCGATCAATCTCCTGCCAGGCGATTTTACTTAGCCCCGGCACGACAGGATCCGCCTGATAACCGGACTCCTGCTGGGCGACAGCCAGCACCGAACAGATATTTTCTACCGTCGGCGCCAGCCCCTGGCTCTTAAACGTTGTCGCGATATCTTTCGCCCAGGCCTCTCTGTCTTTGACACTGGCTGGCATTTTCTGACGTACTACGCTTGCCACGTCGACAGGCTTCTCGCCCTTGCTCACCGGCTGCCCGGATTGACTACTACAGCCAGCCAATATGGCAACCGCCAGAAAAGGCAGAGGATAAAGACGGGACGCCGCCGACATAACGTTTCCTTCTGTTAGCTAAAAGAGTGGGTCACTTCCTGAACTGGCTGACCATCCAACTGGCGTTCAAAGCTACGTAAACGTTTATAAATAGACATCAGCTCCACCAGCGTCGTCCAGGAGTTAATCAAATACTGGAACGAACCGCGCACCTGGCCAAACACGTTGGTGATTTGCGTCATCAGCCCCAGCGTAATCGTACCGGCAACAATGGAAGGAAACAGCAGGAACAAACCGAAAACGTTATCGACCTGCAAATAGAGAATGCGCGCGATGTTGAAATACATATAGTGAAAGTAGAGACGAAAGTAGTTATGGCGCACCGCGCTAAACAGTTCACGGACGGTGGGCGGCGTGGCGCGGCTGGCGTCATCTTCACCGTAGACCAGCTCCTTACGATAAGCGGCTTCCACTCGCTGATTTTTAAATTCCAGCCCTGGCAATTTGATCCCGACGACCGCCAGCAGGCCCGTCCCCATTAATGACCAGACTATGGCGGCAATGACCAGGCCGTAAGGGATATGCCCTACGATGGGTAAATTCGGCACATGCGCTGACAGGGTGACTAACACCGGCAGAAAGGCGATGAGCGTCATGATGGCATTGATAAAACTCACGCCCATATTCTCCAGTGTAGAGGCAAAACGCATGGTATCTTCCTGCACACGCTGGGCGGCCCCTTCGATATGGCGTAGGTACTGCCAGTGCGCCATATAGTGCTCATTCATTGCGGTACGCCAGCGAAATACATAGTGGCTGACAAAGAAGTTGTTCAGCACACCGATCACCACGGCGATAAGCGCAATACCGAGAAACACCCCCACTTCATGATAAAATTGACCAAGAGTGACCTTGTGCGGCGAGCTGAGCGCCGTTTGAATCAAATCATAGAACGGCGCGTACCAGGCGTTAACCGCGACGCCAACCTCCACCAAAAACCAGGTGACAAAAATAATGAGCGAGGTGCCAAGTATCGACCAGTACTGCCAGCGGTGCGGGCTATAGATGAACCAGAACGTTGCAAATAATCCCACGCAAATCAGGTAATAAGCATAAAAAATCAGATAGTCCAGCGACCAGAAGCGCGCTGCGCTGATAGGCACTTCATCGGATGCCCCTACAAGTCGCGCCACCCAATCTCCTCCTCCCGCCTGCCAGAAAATGACGGCGATCAGCGCCCAAACAAACGCCGACATGAAAAACGGCCCTGGCTTTGGGAAAAAAGATTTAAACATCATGCTCTCCTGCTAACTTCTTATCTTTATTACGGCTGCTGTGACGGCGGCAATAGCACGCCATGCCCACGCAAATGAAAGGGCTAAACCAGGCATTGTGACCTACGTTGTGACGCTTAGTTCGCATTTCTGCTCAACAGAATTGTTTCGACGAGTTTCATACACAGCAGGCACGCTGACGCTATCAGGTTATCACAAGCGCTCTATCACAAAAGTAAACATTCTCCATCACGAAAACCCGCCGTTACGTTTTTTCACCCACTTTTTTCTCTTTAACGTTTTGCAATGTGCCGCCGGGTAGTATAAATACGCATAACCACCGTTATTTCACTTATGGACATCACCGTTGAAACGTAGTCTGCTTTTTACTGCCATGCTGTTTGCGGCATCACTTACTTCTGTCCAGGCGGCTCAGCCGATTGCCGATCCGGTTTTTGCCTCTGATATCGTTGATCGTTATGCCGAGCATATCTTTTATGGTAGCGGCGCCACGGGCATGGCGCTGGTGGTGATCGACGGCAATCAACGCGTGTTTCGTAGTTTCGGTGACACCAGACCGGGCAATAATGTTCGTCCACAGCTTGATTCGGTCATTCGTATCGCTTCTCTCACCAAGCTCATGACCAGTGAAATGTTGGTAAAATTGCTCGATCAGGGAACGGTAAAATTAAACGATCCTCTCAGCAAATATGCGCCTCCCGGCGCGCGTGTCCCGACGTATCAAGGCACGCCGATTACGTTGGTCAACTTAGCGACCCACACCAGCGCGCTTCCGCGAGAACAGCCCGGCGGCGCGGCGCATCGTCCGGTATTTGTCTGGCCAACCCGCGAACAACGCTGGAACTGGCTCTCCACAGCAACGTTAAAAGTCGCGCCCGGTTCACAGGCGGCCTATTCCAATCTGGCGTTCGACCTGTTAGCCGACGCGCTGGCGACCGCCTCCGGCAAACCTTATACGCAACTGTTTGAAGAAAAGATTACCCGCCCGCTGGGAATGAAAGACACCACGTTTACCCCTTCTCCCGATCAGTGTAAGCGTCTGATGGTGGCAGAAAAAGGCGCAAGCCCCTGTAATAATACGCTGGCAGCCATTGGCAGCGGTGGGGTCTATTCTACGCCAGGAGATATGATGCGCTGGATGCAACAGTATCTGTCGTCAGATTTCTATCACCGTAGCCAACAGGCCGATCGTATGCAAACGTTGATTTATCAGCGCATACAGTTAAAGAAAATCATCGGGATGGACGTACCGGGTAAAGCCGACGCGCTCGGTCTGGGTTGGGTCTATATGGCGCCAAAAGACGGACGTCCTGGCATTATCCAGAAAACAGGAGGCGGCGGCGGTTTTATTACCTATATGGCGATGATCCCGCAATATAATATTGGCGCTTTTGTGGTGGTAACCCGTTCCCCCCTCACTCGTTTTACCAATATGAGCGACGGGATTAACGATTTGGTTACTGAGCTAAGCGGCAATAAACCGATTGCTATTCCTGCATCCTGAGTCGTCGCGCCTCGCGCTATATCAGACGAGGCGCAACATTTTTGTTAATATTCGGAGGGCAAACGGTTAATACTGATCAGTTTGCCTTTATTCATTTCAATGTAATTACCCTTACGCAGGGCCGCGAGAACTTCCGCCACCACCGATCGCGATACGCGCGTTCGTTGATGAATATAATTCATAACACCAATACGTGAGCGAAGTTCTTCATCCCACTCAATCATTGTCATTAACGTCGCACGAATTTGGTCGTAAGAATTATTACCAATGAGCTGCTTGTCACGAAGTTCCAGTACCTGACTTTTCCATACTATCCAACAGAAGGCTTCACGCCACAGTTGGTTCTGCTCAATGATGGCGAGAGTTTGTGATGATGAGAGGCGATAACCGATGCAACCGCTCTCCGCAATTAATTTATATTGTGCCTCTTTTTTCGCCACGCCATCGGCTAAGCCAAAAATAAAAGGGGCCTGCACAATACCAATAAGAACTTTATCACCCCGAACTAACGAAACAACCCCCTCTAAAATAACAAAGGTATGGGTATTACTTTCATCAGGTGAACAGATAATCTCTTTATCGTTAACAAACTCGAAACGCGTACCATGCTTAGAAAGGCATTTATCGAGTCTGTAGAATTCCTGTAGTGGCTTGC
NZ_CP041005.1_gap86	3499242	3504212	4970	ACTTCTCTATGAAGGCGTGACGCACCGCTAATGTTTGTCCGGTAGCCTTTGCTACCGGACGATAAGCGTTATCAAAACGCCCATGACACGCTGCCTACAATGCTACGCTCGGCGCCAAAATAACAATAAGAGAGCGAATTACAGGCAGCGACATAGCGTTTGTCCGTCAGGTTATTTACGTTGAGCTGGGCGCTCAAGCCATTTAACCCAATGCTGGATAAATCATACCCTACCACCATATCGACCAGTGTATAGGACGGCAATGTGTGGGTATTCAGGCGATCGCTGGTCACGCCGTTGACGTACCGGATGCCGGAGCCCAAAGTCAGCCCCTCTAACAGACCGCTTTTCACATCGTAGCTTAGCCAGGCGCTGGCCTGGTTCCGTGGAGCATAAACCGCGCGCTTACCCTGTTCTTGCGGGCTACTTTTCTTATAACGGATATCAGTATAGGTATACGCCGCCTGCAAACGGACGCTATCCGACAAATGGCTAATGGCCTCCAGTTCAACCCCTTTAGACTCAATTTCACCAATCGAGCGGTACGGATCGGTAGGTTCTTCTTTGGTCGCGATATTGGTCTGATTAATACGATACACGGCGGCGCTAAACTGGCTATTCCCCCCCGGCGGTTCGTATTTTACCCCCGCCTCCCACTGCTTGCCTTTCATCGGTTCCAGCACATTGCCGTTTTCGTCGGCGAAGCTGGTCGGCGTAAACGCGGTAGAATAACTGAGATAGGGGGCGACGCCATTGTCGAACAGATAAAGCAACGCAGCACGGGTACTGACGTTGTTTTTATCGAGATCGCTGCGTGAATCATGAAGTTTGTCGATGTTAGACACGCTGACCCGATCGTAACGACCGCCCAACGTAAAGCGCCAGCGATCCCATGACATCTGATCCTGTAAATAGTATCCGGTCTGCCGCAGCTTATGTTTTTCACGGCTATACAACGTAATGTAATCCGGCTGAGCGCCATAAACAGGGTTGAAAGCGTCAATCGGCGGAAACGCGCCATAATAGCCAGTAGTATGGTTACTGCGATCCTGATAATCGATCCCCACCAGCAGACGATGATTAATCGCCCCGGTATCCACGCTGCCGTCGAGCTGATTATCCAGCGCGATAGCCGACATTTTCTCCCCGGAGCCGGAATAGCCGCGATTCAGCGCCGTTTCATTCAACCAACCTGCGGCATAGACCTGATTCAACGTCACTTTGGTATGCAAATAGCGCAATTTTTGCCGTACCGACCAGCCGTTATCGAACAGATGCTCAATGTTATAACCCACCATATTTTCACGGCGATCGTATTTGTCGTAGTCATCTTCACCTTCAAAGAAAGTGTTAGAAATTTTTCCGCCGTTATAAGGTACAACCGTGCCTTGATAAGGCAGTCCGGAGTGGCTACCGCCTTCCGGATCACGGTGCGGATAGGCCATAAGATCAAGACGCGTCCGATCGGTAATTCGCCAGGTCAGGCTCGGCATCAGCGCATAACGTTCCTCTTTCAAGGGGGTAAACTGCGAATCGGCGTAACGTGTCATGCCGCTAAGACGCGCCGCCACACGTTCATTGTCATCCAGTGGGCCGGTCACATCAAAAGCCGCCCCGCGCTGGTTGTTATTGCCGGCAAACAGCTTCACTTCTCCTCCGGCATCAAACGCCGGTTTTCGCGACGTCAGCGCGACAATGCCGCCTGGCGATGAACGTCCATACAGAACGGACGCCGGGCCGCGTACCACCTCGATATCTTCCAGAAACCAGGGGTCAACCACCAACGAACTGTGCGAATTGGTGTCGCCCATCATTTTTAACCCGTCGAGATAGACGTTATCCAGACTACCGTCCGAAAAACCACGCAATACGATGTAATCAAAGCGGTTAGAGGCGCCTATCTGGTTACTGTATACGCCTGGGGTGTAGCTGACCGCCTGACGCACGCTGGTTGCGCCCTGCTCTTCAAACTGCTGGCGGGTAATAATGGATACCGACTGCGGCGTTTCAATATCTGGCGTCGCCAGCTTGGTCGCGCCACTCTGAACGGGCGAGGTGACAATGACGGTATCATTTTTTGTGGTTTCCTGGGCAAAAAGAGGAAAAGTCGCGCCGCCGATAGCTCCGCCTATCAATAGCGCCATACGCGTTGTCGCAAACATGAACATCTCCAAAGGCATCTTTATTGTAAATAAGAATTATTACCTTTTAGAGATGACGGACCACTATGCGTAACGCCAGATTGCCTATGCGCAATGATAAAAAATCACCCAAAGCGGCAGAAAACCGGGTTAGCGGCGGATATTACCGCTCTGGCGGGGCGCGTTACGCACAGTGGCGGGACGCCGTAAGAGACGCGTCACGCAGCTCGCCGGGCGAGCAGCCATAACGCCGACGGAATGCCGTCGCAAAGTTAGTGGCATGTTGATAGCCTGACATCCAGGCGGCCTGCTGCACGCTGTATCCCTCCATCAGATAACGACGCGCGCGCGCCAGGCGGCAATCGCGCAGATAATCAAACACGGTACACCCATAGGCATGGCGAAACTTGCACCGCAGGCTACTTGGACTCATTGCCGCCCGACGCGCCAGTTCGTTCAGCGTGTAGGCTTTTTCCGGCGTCTGCTCCAGTAAACGCCGAATGAGCTCCAGCCGCTGGTATTCACCGGTGACGGGAAGCCCGCGTTTTTGCGTTGCCGGCTGACATAGATTTAGCGCATAGCCCAGCAATTGCAGCATGATGCCTTCCAGCATTAACTGGCGTGACGCCGCATGAGGTCCGGGCTGCTGCGCATAACGTAGCCCCGAAAGCAGAAACTCCGGCACCTGCCAGACCCTCGCCGAGGTTGCGCTATTTTCCCACTCGTCTGCCAGCGAGACAGGCAAACGCTCCCGCCATCCGCCGTCCGGGTACATTCCCAGCGACAAGGTGCGCAATTTACTGTCTGCGCCGTGATGGGCGCGTATCGTCTGCTGCTCACTCAGTTGCGAGCAAAACGCCATCCCCGCGCTCAACAAAAAGGTCTGCTCATTGACAGCCAGCGCGACGTTACCTTCCAACACCACCAGCATATACAGCGGACTGCTATGGCGAGAGGTGGTTTCATAAGGTTGTAACACGTGAACATCCGAGCGTGTAATGCAAATCCCGCCGGGAAGCGCTATCTCTTCGATATCGCCATGAAGTACGGGACTACTCTGCGTATACTGCGGTAACGCAGGGAAGCGGTAATCAATGCCATAACGCTCGCCAAACGCGATGAAGTCGCTGACGGAAAAGATCTTTTTCATCGCCGGGGCGGCGGAAGAGTGACAGGAGATCGGAGACATTATCAATACCGTTTATCTGCGTTATACCAGAGCGTTAGCCACTGTGTAACCATATCACTGCGGCCCGGGAACGACAATAAAGATGAGAATAATTATCAACCGCTATTGAGGGGAGAGATAAGGCGAGCAAAGGTGATCGATAAACGCCGATCTGTCGATAAAAACGCGCTTTCGCCAGCGACGAAAGCGCGTCCGGGGGTATCAGTCAGGAGCGAAATCCTGCGGAGGTCATGAGCAGTCTGAATAACATTCCGACGCCCGCCAGCAGAAGCACGCTGGCGCACCATATCGCGACCATCCATACGACTCGCCGCGACCATTTTTTCACTTTAACCATCAGTGATATCCCTCACCATGTCGCACTTTTCCACGGAAGACGTAGTAGCTCCAGAAGGTATAAGCCAGAATAATCGGGATGATTATCAGCGCCCCAACCAGCATAAAGCTTTGACTTTGCGGCGGCGCGGCGGCGGCATACAGCGAAATATCCGGTGGAATAATATTCGGCCAAATACTGATGCCTAACCCGCTGAACCCCAGAAAAATCAGCCCTAGCGTGAGAATAAATGGACGCGCATGGGATTCTGGTTTTTTCACGCTGCGCCATAGCCAGACGCTAAAAGCCAACACCAGCACAGGCACCGGCAGGAAGTAGTATAAATTGGGCAGCGTGAACCAGCGCTCGGCGATGTCGTCGTGGGTGAGCGGCGTCCACACGCTGACGCCTCCCATCACCAACAACAAGACGATCAACAACGGGCGCGACAGCGCGCACATCCGGCTATGCAGCGGATCTTCGCTTTTCATAATCAGCCAGGTAGCGCCCAGCAGCGCGTAGGTGACAACCAGACCGACGCCGCAGAACAGGTTAAACGGCGTCAGCCAGTCAAGCTGCGAACCGCTAAAGGTTCGCCCTTCCACCTGAAAACCGCTCACCACCGCGCCCACCACAACCCCCTGGGCAAAGGTCGCCAGGATTGACCCGACGATAAAGGATTTATCCCAGAACGCGCGATGCGACTCGGTGGCTTTAAAACGGAATTCAAAAGCGACGCCGCGAAAGATAAGACCAAGCAGCATAACCACCAGCGGGATAGTCAGCGCGTCGGTGATGACGGCATAAGCCAACGGGAACGCGCCAAAAAGCCCGGCCCCGCCCAGCACCAGCCAGGTTTCGTTCCCGTCCCATACCGGCGCGACTGAGTTCACCATAACATCGCGATCGTGTTTATCACGAATAAACGGAAACAGGATACCGACGCCCAGATCGAACCCATCCATTACGATATACATCAGCGTGGCGAACACGATAATAGCAAACCAGATAACCGGAAGATCGATGGTCATTCGCGTTTCTCCTGCTCAAGCGATTCTCCCACGGCAGAGATAGGACGCGCGGGTCTGCCATCGGTTTCAGCGGTCGGTGTCTCCGCCGGCTGCGGCCCTTTCTGGATAAGGCGAATCATATAAATATAGCCAACCCCAAAGACCAGGGAATAGACCACAAAGAAGGCCAGCAAACTGATGCTCATCTGCAAGGTACTGTGCGCGGAAACCGCATCACGCGTTCGCAGCAGGCCATAGACCACCCACGGCTGGCGTCCTACTTCCGTCGTCACCCATCCGGCAAGGATGGCGAT
NZ_CP041005.1_gap87	3686908	3688611	1703	CGGGCCACCGCCAGCGGCTTTTTGCCGTCGCTAAAATCGAACCCGCGCCCCGGCGCGATCCGCGCCAGTTTCTCCGGCGAGGGTCCGTAGCCTGCCGACCAGACCATAAACGACGGCTTCATCTCCGTCAGCAGTTCGAGATTGGGTTCAGTGCGAAGACCCACATCAATCACCGAATCCGGCAACGGCGGTTCGCTAACCCACAGCTTATAATTTGGCACGTCCGCCACGCCATACGGCGTAATACCGAGCGCCAGCAGCAGCTCAACCGGCAGCCACTCCAGCGCCACAATCCGGCGGGGATCGATAGCGGCAGCCTGCGCCGTATTCATTTGCCACAGCAGCGGCGAGAGCGCCATCGCCGTTAATAAACGGCGGCGAGTAAGAGGATATAAATCACGCATTAATACACAAAACTCACAGGTGCCGCGCCCGCCGGATGCGGAAGGATACCCATCGGGATACCGTAAATCTGTTCCAGCGTGTCACTGCGCATCAGTTCCGCAGGCGTTCCTTGCGCAATCATTTCACCGCCGCGTAGCGCGACTAAATAATCACAGTAGCGGGCCGCCATGTTGATATCGTGCAGCACCGCTACCACCGTCAGCCCGCGCTGTTGGCTTAAACGATGCACCAGCGCCAGCACGTCAACCTGATGGGCGATATCCAGCGCTGACGTCGGCTCATCCAGCAGCAGACAACGGCTGTCCTGCGCGACCAGCATGGCAATCCACGCGCGCTGGCGTTCACCGCCGGAAAGACTGTCTACCAGACGATGCGCCAGCGGTTTTAAGCCGACCAGCGTAATCGCCTCGTCTACTTTTTCCCGGTCCGCGACGCCAAAGCGTCCCAGCGCGCCGTGCCACGGATAGCGGCCAATCGCCACCAGTTCGCGCACCGTCATTCCTTCCGCCTGTGGCAATTGTTGAGGCAGATAGGCAACTTTGCGGGCAAACGCCTTGCTGCTCCAGCTCGCCAGCGGCTGATTGTCGAGCAGAATATCCCCTTCGGAAGGCGGCTGATGGCGGCCCAGCATTTTTAACAGCGTGGATTTACCGGAACCATTATGACCAATAAGTCCGGTGACGCGACCTGCGGGAAACGTTAACGAGAGGGGGTGTAAAAGCGTGCGGCCCGGCACACGAAAGGCGACGCTTCGCAGCGCAAAGGTGGTATCGGAATGAATGTGGTTTTCCTGCATCGCAGCCAACTTGTAAAACGGGCACGGCAAGCCGTGCCCAAAAAGAAATTAGAAACGGAAGGTTGCCGTTGCAACGACCTGACGTTCTGCGCCCCAGAAACAGCCGTAGGTCTGGAAGCAGCTGGCGACGTATTCGCGGTCGAGCAGATTATTAACGTTAACCGCAATGCTGGAGCCCGCCATACCAAAACGCGCCAGATCGTACTTGACGACCGCATCCATCACCGCTGCGCTGCCTACCTTGAAGCTATTAGCCGGATCGCCGTAACTGGAACCAATAAAACGACCGCCTGTTCCCAGCGTTAAACCTGACAACGGACCTTCGTTGAAGGTGTAATCGCCCCACAACGACGCCATGTGTTCAGGCACCTGCTCTGGCGTATTCCCTTTCAGATTAGTGTCTTTCGTGTATTCAGCATCAGTATAAGTGTAAGACGCCGTCATATTGATGTTAGCCGTCAATGCTGCTTTGGCTTCCAGCTCTACACCTCGCGCACGAATT
NZ_CP041005.1_gap88	3779083	3781711	2628	AAAACGACATGAATATTTGGCGCAATTTTTTCTACACGATTATAAATCTGTGACGTCAGGATATTATCCAGCGGACTGCACACGCAAAGATTGAATACACGTTCGCTGCTGGTCGGCTCAAACCCCGATCCCGGCAATTCATTTTGCACCAATTGCAACGCCTGACGGACTGAACCAAATAACTGAAATGCACGGGCAGTCGGCTGAATTCCTCGTCCATATCGAACAAAAAGTTCGTCATTAAACATAACCTTCAGACGCGCTACGGCGTTACTGACCGCAGGCTGCGACATTCCCAGCGTGTGGGCGGCGCGCGTAATATTCTGCTCTTGCATTACCGCATCGAACACGGTCAATAGGTTCAAATCAACCATGCGAAGCTGTGGTTTGCCCATATCTAAAAGATGCGGCTTTTCGGTTTTGACCTCTGGCATATTTAACTCCACTGTCACGCTTAACTCCCTTTTTCTGGCTGAAGGCAGAAATAATTCCTGAAAATATGATTTACCATGCATATAAAATAAGAAAAAGGGAAAGCGTTAAAATTCGGAAAACATAAAGACGCTGACAGAGACAAATAGAATGCCAGCGCAAGCGTAATGTGTCCTGAGTCACACCATTGCGATTCATAATGTTTAAATTACGCAAGCAATATAACCATAACTATGGCGAATACACAATCATACACCAAGTGAATGATCATTTAAGTTTCAATTAAATGTTTATATTATTAATAGCTAAAAAGTTAACATTAATTTATCAATAACTTTATCCTTATCCATTAAGCAAACAAGGTTATTTGTTAAAATATAAAACAAATCAAAAAGATAAACCAAACCTTTAGCATACCTTTAACAGGCCATTCCCCTAACCAATTTGCAAACAAAAATGCCTAAATATTTCAAACAATGAAAAGTATGAATGTCCACTCGTTCTTTTATCCTTTATTGGACGCGCAGCCCAGCACAATTAGCTAAAGTACGTATCCGGATATCGTCAACAAAATGCAATGGCGACAGAAAATAGAGTTGACATTAAACGGCATATCCAGTACCACTAAAAGCATAACGCATTCGCTGGAGCTGAATTAATGTCACATATCGTTCGTTTCACTGGGCTACTACTACTCAACGCATTTATTGTGCGCGGTAGACCGGTGGGCGGCATTCAACATTAAGTCAGCTCGAAGTCAAACAAAACCCGCGCCGTTGCGCGGGTTTTTTTATGCCTGACGCAAGGCGCCCCTGGAGACAAGGACCACATCATGAGCCAGCAAGTCATTATTTTTGATACGACCTTACGCGACGGCGAACAAGCGTTACAGGCCAGCCTGAGCGCGAAAGAGAAGCTGCAGATTGCCCTGGCCCTTGAGCGCATGGGTGTTGATGTCATGGAAGTAGGCTTCCCGGTCTCTTCTCCGGGTGATTTTGAATCCGTCCAAACCATCGCCCGCACCATTAAAAACAGCCGCGTTTGCGCCCTGGCGCGTTGTGTAGAAAAAGACATCGACGTCGCGGCACAGGCGCTGAAGGTCGCCGACGCGTTTCGCATCCATACTTTTATCGCCACCTCGCCAATGCACATCGCCACCAAGCTGCGCAGCACGCTGGATGAGGTTATCGAACGCGCGGTATACATGGTTAAGCGGGCGCGTAATTACACTGATGACGTAGAGTTCTCCTGCGAAGATGCTGGCCGGACGCCTGTTGACGATCTGGCGCGCGTGGTGGAAGCCGCTATAAACGCCGGCGCGAGAACCATTAATATTCCCGATACCGTGGGCTATACCATGCCGTTTGAGTTTGCGGGAATCATTTCCGGCCTGTATGAACGTGTCCCCAATATCGACAAAGCTATCATCTCCGTTCATACCCACGACGATTTAGGGATAGCAGTAGGCAACTCGCTGGCGGCAGTACATGCGGGCGCGCGTCAGGTTGAAGGCGCGATGAACGGTATCGGAGAACGTGCCGGTAACTGCGCACTGGAAGAAGTGATCATGGCGATTAAAGTGCGCAAAGACATCATGAACGTACACACCAACATCAATCACCACGAAATCTGGCGCACCAGCCAGACCGTCAGCCAGATCTGTAACATGCCGATCCCAGCCAACAAAGCGATTGTCGGCAGCGGCGCTTTCGCCCACTCTTCCGGCATCCACCAGGATGGCGTCCTCAAGAACCGCGAAAACTATGAAATCATGACGCCAGAGTCCATCGGTCTGAACCAGATACAGCTGAACCTGACCTCCCGCTCTGGCCGTGCCGCCGTGAAACATCGCATGGAAGAGATGGGTTACAAGGACACAGACTACAACATGGACCACCTGTACGACGCGTTCCTGAAGCTGGCGGACAAAAAAGGCCAGGTGTTCGACTATGACCTGGAAGCGCTGGCGTTTATTAATAAACAGCAAGAAGAACCAGAGCATTTCCGTCTGGATTACTTCAGCGTGCAGTCCGGCTCCAGCGATATCGCCACCGCTTCCGTGAAGCTGGCCTGTGGTGAAGAGATCAAGGCCGAAGCGGCGAACGGCAACGGTCCGGTCGACGCCATCTATCAGGCGATTAACCGCATCACTGGCTACGACGTTGAGTTGGTTAAATACGACCTGAACGCCAAAGG
NZ_CP041005.1_gap89	3788886	3793827	4941	GCTCGCCGCCCAGCTCGGTATGCGCGGCTGGCATTTTTTCCGTTTTGTCGAATGGCCGTGGCTGCGCCGCCAAATTCCGCCTGTCGCGGCGCTGATTTTTATGCTCTGCTTCGCCAGTTTCGCAACGGTTCTGTCGCTCGGCGGCGGCCCGCAGGCCACCACTATCGAACTGGCTATCTTTCAGGCGCTCAGTTATGACTACGATCCCGCCCGCGCGGCGATGCTGGCATTAATCCAGATGGTCTGCTGCCTGGCGCTGGTACTGCTAAGCCAACGGTTGAGCAAAGCGATTGCGCCGGGGATGACGCTGACGCAGGGCTGGCGCGATCCTGACGATCGTCTCCACAGCCGTCTGACGGACGCCTTATTAATCGTGCTGGCGCTGCTGCTGCTGCTTCCGCCGCTGGTCGCCGTGGTGGTCGATGGCGTCAACCGCAGCCTGCCGGAGGTGCTGGCGCAACCCATTCTGTGGCAGGCTGTCTGGACATCGCTACGCATTGCGCTGGCGGCGGGCGTTCTGTGTGTGGTGCTGACCATGATGCTGCTGTGGAGTAGCCGCGAGCTACGCCAACGCCAGCAACTATTCGCCGGACAAACGCTGGAACTCAGCGGAATGTTGATCCTCGCGATGCCGGGGATCGTGCTGGCGACAGGCTTCTTTTTACTGCTCAATAACAGCGTTGGCTTACCGGAATCCGCCGACGGCATCGTGATTTTCACCAATGCGCTGATGGCAATCCCCTACGCGCTAAAAGTCCTGGAAAACCCAATGCGCGATATTACCGCCCGTTATGGAATGCTGTGCCAGTCATTAGGAATTGAAGGCTGGTCGCGGTTAAAGATCGTGGAACTGCGGGCGCTGAAACGTCCGCTGGCGCAGGCGCTGGCGTTTGCCTGCGTACTTTCTATCGGTGATTTTGGCGTCGTCGCGCTTTTCGGCAATGACAATTTCCGCACGCTGCCGTTTTATCTGTATCAGCAGATCGGCTCCTACCGCAGCCAGGACGGCGCAGTGACCGCGCTGATACTGCTGCTGCTCTGCTTTACGTTATTTACCCTCATAGAGAAACTACCGGGCCGACATGCTAAAACTGATTGATATCACCTGGCTTTACCATCATTTGCCGATGCGTTTTACGCTGGCGGTAGAACGCGGCGAGCAGGTGGCGATTCTTGGCCCCAGCGGCGCGGGGAAAAGCACGTTGTTGAATTTAATTGCCGGTTTTCTTGCGCCTGCCAGCGGTACGCTACTGATTGCCGGCGACGATCATACGCTTACGCCGCCCTCACGCCGTCCGGTCTCAATGCTGTTTCAGGAGAATAATTTATTCAGCCACCTGAATGTGCAGCAAAATATCGGTCTGGGGCTAAACCCTGGGTTAACGCTCAACGCCAGCCAGCGGGAAAAACGGGACGCTATCGCACATCAGATGGGCATTGAGAGTCTGATGACGCGTTTACCGGGCGAACTGTCCGGCGGCCAGCGTCAGCGGGTAGCGCTGGCGCGCTGCCTGGTACGCGAACAGCCGGTACTGCTGCTGGATGAACCGTTCTCCGCGCTCGATCCCGCGCTGCGCCAGGAGATGCTGACGTTGGTCAGCGATATCTGCCGCGAGCGACAGCTCACGCTGTTGATGGTCTCGCACAGCGTGGAAGATGCGGCGCGAATTGCGCCCCGGTCAATCGTCGTGGCCGACGGGCGTATCGCGTGGCAAGGCAAAACAGACGAGCTACTAAGCGGTCAAGCCAGCGCCTCAGCGCTATTGGGCATCAAATCCCATATTTTGTAGGCCGGATAAGGCGAAGCTGCCATCCGGCAAAGGAATCGTTAGTAACCCACAACTTTGCGCAGAATATCGATATATACCGGCATCAGCGGGTGGCGAACCAGCACCACCAGCGCGACCACGCCGATCCCGAGCGTCAACGGCGCCAGATACAGCAAACGGCTGCGGGGGAAATACGCGGTTAAACGATCGACTGCCGCTTTGCCGCTGCGCCACAGCCGCCAGCATAGCCAGCCTCCGACCCACAGCAGCAACGCCGTCGCCAGCAGCAGCCATTTGAAATCTCCGCTCTGCATATCGGAAGGAATATCGATTGCCGCTCCCGCCAGAATGCCCGGCAGGAAATAAAACGGCGGCCACAGCAAACAGCCAATCAAGTTCGGCCCAATAAATTTCGCCACGGGAAGATCCAGCATCCCTGCCACCATCGGCACCAGCGGCCTCGTCGGACCGACAAAACGTCCGACCAGGATCGTGAACATACTGTGCTGATGCAGCGCGTGTTCGGTTTTATCCAGCAGCGACTTGTTCTTTTTCATAAAAGACCAGCGGTGTAGCGGCTTTTTAAAGCGCCACCCCAGCCAGAACGAAATCCAGTCGCCCATCAGACAGCCGATAATACCCACCAGCCAGGCATGCCAAAAATTGAGCTCGCCGCTGCCGATAAGCGCGCCCAGCCCCGCCATCAGTACCGTGCCGGGTAAAATCAACCCCACCAGCGCCAGCGATTCCAGGAAGGCGACCAGCAACACGGCGATGAGCGAATACAGAGTGGATTGGGTGATAAAGTGTTCCAGCAGTGCTTGCATAGTGTGTCCGTCAGCGTGATGAAGCAGGGATTCTGCTTACCCCGTCCCCCTTCGTCAAGCCGTCAATTATCCGAATAGTTACGGCTTATGACATCTTTGTGGACACATCATTCACTTTTTATTCACATCCGGCCCTGAACTCGCTAGGACTTGCCCCGGTGCATTTTTTAAATACCCGCGAAAAATAGAGCTGATCGTCAAATCCAACATTGCGCCCAACGGTCGCTATCGGCATTCGCGTAGTGCTAAGCAGAAGTTTCGCCTGGCTGATACGCTGATCTTCGCGCCAGCTCAATACGCTAATGCCTAACTGCTGGCGGAACAGATGTGATAACCGGGAGGGCGACAGGCAGACATGCTGGGCGACGCTGGCGATATCAAAATGGCTGTCCGCCAGATGGTCGCTGATATACTGGCAGGCATCGCGCACACGGCTATCCATCGGCGGGTGCAACGACTCATTAATTACCGCCATACGTCTGAGCAACAACTGCTCCAGCAGATTGATCGCCAGTAGCTCAGAATAGCGACCTTCCCCTTGCCCGGCGCTGATGATCTGCCCGAACAGTTCGCTGAAATGCGGCTGGCGCGCCTCGTCCGGGCGGAAAAATCCTGTCTGGGCAAAGATTGTCGGCCAGGTCAGCCACTCCTGCCAGTAGGCGCGAGGCCGGAAATAAACCCACTGGTGATACCACTCGCTGGCGTCCGGATGCCGTCCATAGTGATGAATCTCGCCCGGCGGAAACAATAATATATCGCCAGGCCGACAGACAAACTGCTCGCCATTATTATTAATGACGCCCTCTCCGCGGATGGTCAGGTTAAGAATATATCCCTTCATGCCCAACGGACGATCGATAAAAAAATCCAGATATCCATTCGCTTCAATTGGCGTCAGCCCGGCGACCAGATGGGCATTAAATGAATATCCCGGCAATAGCGGATCATTTTGCGTTTCAGCCATGATTTCTCTACCCCCCGATGTTCAGAGAAGAAACAAATTGTCCATATCGACCAGGACGACAGAGCTTCCGTCTCCGCAAGACTTTGCGCTTGATGAAAGCACGTATCAACCCCGCTTGTGAAAAGCGCTTTGTAACAAAAGCGTACAGTTCAGGCGATAAAATTAAGTAACAGAAGTGTCTATAACTATGGCTGGAATGTCCACATTGAATATTTGCACAGCGTCACACTTTGCAAAGCATTAGCATTTTTGTCCATAAGATTAGCGGATCCTGCCTGACGGTTTTTGCCGCGACTCTCTACTGTTTCTCCATACCTGTTTTTCTGGATGGAGTAAGACGATGGCAATTGCAATTGGCCTCGATTTTGGCAGTGATTCAGTGCGCGCTCTGGCAGTGGACTGCGCCACCGGCGACGAGATCGCCACCAGCGTAGAGTGGTATCCGCGCTGGCAAGAAGGCCGTTATTGCGACGGCCCGAACAACCAGTTCCGTCATCATCCGCGCGACTACATGGAGTCAATGGAGGCCGCGCTGAAAGCCGTTCTGGCACAATTAAGCGCCGCGCAACGCGCAAATGTCGTTGGCATTGGCGTTGACAGCACCGGCTCTACGCCAGCGCCGATTGACGCCGACGGTAACGTCCTGGCGCTGCGTCCAGAGTTCGCCGAGAACCCGAATGCGATGTTTGTGCTGTGGAAAGATCACACCGCCGTGGAAGAGGCCGACGAAATCACTCGTCTGTGCCATAAGCCAGGCAAGGTCGACTACTCCCGCTATATTGGCGGCATTTACTCCAGCGAATGGTTCTGGGCGAAGATTCTGCACGTCACCCGGCAGGATAGCGCCGTCGCGCAGGCCGCCGTCTCGTGGATTGAGCTGTGCGACTGGGTGCCGGCGCTGCTTTCCGGCACCACTCGCCCGCAGGATATCCGCCGTGGCCGCTGCAGCGCCGGGCACAAAACGCTGTGGCATGAAAGCTGGGGCGGTCTGCCGCCCGCGAGCTTCTTTGATGAACTCGATCCGTGCATTAACCGTCATCTGCGCTACCCGTTATTTAGCGAAACCTTCACCGCCGATCTGCCCGTGGGCACCCTGTGCGCCGAATGGGCGCAGCGCCTCGACTTGCCGGAAAGCGTAGTGATTTCCGGCGGCGCGTTCGACTGTCACATGGGCGCGGTCGGCGCGGGCGCACAGCCCAATACGCTGGTGAAAGTCATCGGCACGTCTACCTGCGACATTCTGATTGCGGATAAACAGAGCGTCGGGGATCGCGCCGTGAAAGGCATTTGCGGTCAGGTTGACGGCAGCGTGGTGCCGAACTTTATCGGTCTGGAAGCGGGGCAATCTGCTTTCGGCGATATCTACGCCTGGTTTAGCCGC
NZ_CP041005.1_gap90	3806991	3810317	3326	CAGCGTCGGCTACGCCGTACAAAACTTTGACGCTACGGTGTCGACCAAACAATTCCAGGTCTTTAACGATCAAAACACCAGCAGCTATTCAGCGGAGCCGCAGTTAGACGTTAACTACTACCATAACGATCTCGGCCCGTTTGATACCCGGATTTACGGCCAGGCGGTGCACTTTGTTAACACCAAAGACAATATGCCGGAAGCGACCCGCGTCCACCTGGAGCCAACCATCAATTTGCCGCTCTCCAACCGCTGGGGCAGCCTGAACACCGAAGCGAAGCTGATGGCGACGCACTATCAGCAAACGAATCTGGACAGCTATAACAGCGATCCAAACAATAAAAATAAGCTGGAAGATTCGGTTAACCGCGTCATGCCGCAGTTTAAAGTCGACGGTAAGCTCATCTTCGAACGCGATATGGCGATGCTGGCGCCGGGGTATACCCAGACGCTGGAACCACGCGTGCAGTACCTGTATGTGCCGTACCGCGACCAGAGCGGCATCTATAACTACGATTCTTCTTTGCTGCAATCCGACTATAACGGCCTGTTCCGCGACCGCACTTATGGCGGTCTCGACCGTATTGCTTCCGCCAACCAGGTCACAACCGGCGTCACAACACGCATTTATGATGATGCCGCCGTTGAACGTTTTAACGTTTCTGTTGGTCAAATCTACTATTTCACGGAGTCTCGCACCGGCGATGACAACATTAAATGGGAGAATGACGACAAAACCGGTTCGCTGGTTTGGGCAGGCGACACTTACTGGCGTATTTCAGAACGCTGGGGGCTGCGTAGCGGAGTGCAGTACGATACCCGTCTGGATAGCGTCGCTACCAGCAGCAGCAGCCTCGAATACCGTCGGGATCAGGATCGTCTGGTACAGTTGAACTACCGCTATGCCAGCCCGGAATATATTCAGGCTACGTTGCCTTCGTATTATTCCACGGCAGAGCAGTATAAAAACGGCATCAATCAGGTGGGCGCGGTGGCAAGTTGGCCGATTGCCGATCGCTGGTCGATTGTCGGCGCGTACTACTTCGATACCAATTCGAGCAAACCTGCAGACCAGATGCTCGGCTTGCAGTACAACTCTTGCTGCTATGCGATCCGCGTCGGATACGAACGTAAGCTGAACGGTTGGGATAACGATAAACAACACGCGATTTATGATAACGCGATTGGCTTCAACATTGAGCTGCGCGGTTTGAGCTCTAACTACGGCCTCGGCACGCAAGAAATGTTGCGTTCGAACATTCTGCCGTACCAAAGCTCTATGTAATCTGATTGATTTACAACGTAATCCGCATTGCGGTTAATTGAAATGGAAAAAGTATGAAGAACTGGAAAACGCTGCTTCTCGGTATCGCCATGATCGCGAATACCAGTTTCGCTGCCCCCCAGGTAGTCGATAAAGTCGCAGCCGTCGTCAATAATGGCGTCGTGCTGGAAAGCGACGTTGATGGCTTAATGCAATCAGTCAAACTCAACGCGGGTCAGGCAGGTCAGCAGCTTCCGGACGACGCCACGCTGCGTCACCAGATCCTGGAACGTTTGATTATGGATCAAATTATCCTGCAGATGGGTCAGAAGATGGGGGTGAAGATCACGGATGAGCAGTTGGATCAGGCCATCGCCAACATCGCCAAACAAAACAATATGACGATGGATCAGATGCGCAGCCGTCTGGCTTACGATGGGCTGAACTATTCAACCTACCGTAACCAGATTCGTAAAGAGATGATTATCTCTGAAGTGCGCAACAATGAGGTTCGTCGCCGTATCACCGTTTTGCCGCAAGAAGTTGACGCGCTGGCAAAACAGATTGGCACCCAAAACGATGCCAGCACCGAGCTGAACCTGAGCCATATCCTGATTGCTCTGCCGGAAAACCCAACCTCCGAGCAGGTTAACGACGCGCAGCGCCAGGCGGAAAGCATTGTTGAAGAAGCGCGTAACGGCGCAGATTTCGGCAAACTGGCGATTACCTACTCTGCCGACCAGCAGGCGCTAAAAGGCGGTCAGATGGGCTGGGGCCGTATCCAGGAGCTGCCGGGGATTTTCGCCCAGGCGCTGAGCACCGCGAAGAAAGGCGACATTGTCGGCCCGATTCGCTCCGGCGTCGGCTTCCACATTCTGAAAGTAAATGACCTGCGCGGTCAGAGCCAGAGTATCTCCGTGACCGAAGTTCACGCTCGTCACATTCTGCTTAAGCCGTCGCCGATCATGAACGATCAGCAGGCGCGCCTGAAGCTGGAAGAAATCGCGGCTGACATTAAGAGTGGTAAAACCACCTTTGCCGCTGCGGCGAAAGAGTACTCTCAGGACCCGGGCTCCGCTAACCAGGGCGGTGATTTGGGTTGGGCTACGCCAGATATTTTCGACCCGGCGTTCCGCGACGCGCTAACGAAGCTGCATAAAGGCCAAATAAGCGCGCCGGTACACTCCTCTTTCGGCTGGCATCTGATCGAATTGCTGGATACGCGTAAGGTAGACAAAACCGATGCGGCGCAGAAAGATCGCGCTTATCGTATGCTGATGAACCGTAAATTCTCAGAAGAAGCGGCGACCTGGATGCAAGAACAGCGCGCCAGCGCTTACGTTAAGATTTTGAGTAACTAATGAGCAGTGCGCAACGCGTTGTTATCACTCCCGGCGAACCCGCCGGGAGTGGCCCCGATCTTGTCGTCCAACTGGCGCAACGCGCGTGGCCGATTGAACTGGTCGTCTGTGCGGACGGCGCGCTCCTGACGGAGCGGGCCGCCATGCTCGGCCTGCCTCTCTCGCTTCTCCCTTACTCGCCTGATGTCCCCGCTGCGCCGCAGCCCGCGGGAACGCTGACCCTATTGCCGGTCTCGCTGCGCGCGCCTGCCATCTCCGGTCAGTTGACGGTAGAAAATGGCCCCTACGTGGTAGAGACGCTGGCGCGAGCGTGTGATGGCTGTCTGAACGGTGAATTTGCCGCGCTGATCACAGGCCCCGTGCACAAAGGCGTTATTAACGACGCAGGCATTTCGTTTACCGGTCATACCGAGTTTTTCGAAGAGCGTTCGCAGGCGAAAAAAGTCGTGATGATGCTGGCAACCGAAGAACTTCGCGTGGCGCTGGCGACCACGCATCTGCCGCTACGGGCGATTGCAGACGCCATCACCCCTGCGCTTTTGCACGAAGTGATTGCTATTTTGCATCACGATTTGCGGACCAAATTTGGTATTGCCGAACCGCGCATTCTTGTCTGTGGCCTGAATCCGCACGCGGGCGAAGGCGGTCATATGGGCACGGAAGAGATAGACACCATCATTCCGGTGCTCGACGAGCTGCGG
NZ_CP041005.1_gap91	3920623	3922148	1525	GCAGGCGGCATAACCGCCTATGGCGGAATAGAGAGTACGCTGAGCAATGATGTTTATCATGCGGCGCTCATCGGGACAGGCTTAAACCTTGGCGATCTGGGCGCATTGTCTTTAGACGTCACCAACTCATGGTCAAAAATTAAAGCAGGCGATGTGGTTAGCGATACGCTTACCGGACAATCCTGGCGTATTCGTTACAGCAAAGATATTCAGTCAACAGGCACCAATTTCACTGTCGCCGGCTACCGTTATTCGACCAAAGATTACTACGCTCTTGAGGATGTGCTGGATACCTATAGCGATAATAGTCACTATGATCATGTCCGCAATCGCACCGACCTGTCGTTATCGCAAGACATTATCTACGGTTCCATTTCACTCACTTTATATAATGAAGATTACTGGAATGACACTCATACCACATCATTAGGTATTGGCTATAACAACACATGGCATAACGTAAGCTATGGCATTAACTATTCTTATACGCTGAACGCCGATAATTCTCAGGATGAAGACGACGATACGGAAGACAGTAATGACCAGCAAATTTCAATCAATATTAGTATTCCGTTAGATGCCTTTATGCCGTCAACGTATGCCACCTACAATATGAACTCCGCGAAAGACGGCGATACCACGCATACTGTCGGTTTAAACGGAACAGCGCTGGCACAGAAAAATCTCTCATGGAGCGTTCAGGAAGGTTATTCCTCTCAAGAGAAAGCCACCAGCGGTAATGTGAGCGCAACCTATAACGGGACGTATGCGGATATTAACGGCGGATATAGCTACGATAATCATATGCGTCGCCTGAATTATGGCGTTCAGGTCGGCGTACTGTTACATCGAAATGGCCTGACACTATCCCAGCCAATGGACGACACCATCATATTGGTTAAAGCCCCTGGCGCAGCGGGTGTCCCCGTGAATAACGAAACGGGCGTGGACACCGATTTTCGGGGTTATGCCGTCGTACCTTATGCTTCGCCTTACCATCGTAATGAAGTCTCTTTAGATACGACGGGCATTAGAAAAAATATTGAGCTCATTGATACCAGTAAAACGCTGGTGCCTACCCGTGGCGCGGTGGTCAGGGCTGAATATAAAACCAATATTGGTTACAAGGCATTGATGGTATTAACCCGCATAAACAATCTTCCTGTTCCTTTTGGCGCGACCGTCTCGTCTTTAACAAAACCAGACAATCACAGCAGTTTTGTTGGTGATGCGGGGCAGGCCTGGTTAACCGGACTGGAAAAACAAGGGCGGTTATTAGTGAAGTGGGGACCAACAGCAGCAGACCAGTGTCAGGTCTCTTATCGTATACCGAGCTCCCCCTCCGCTTCTGGCGTAGAAATCTTACACGAGCAATGCCAGTGATTCTGGTGGGATAAAAGATGAATATGAACAGATTTGCTGCATTAGCCGCCCTGTTAACGTTCACGGGTCTGGCATTATGGTCGCCCTCGATCAGCGCGGCATACAATACCGCAGATGCCGTAGGCATTAACGTTACGGGATT
NZ_CP041005.1_gap92	3938172	3942958	4786	AGCCAACCGCTGCGGCCTGCATGGTAATCCAGAGGCATCACCTCGTCGCCGCTTAAAGAAAGAGGCAAACCAGGCCATAAAGAGACATCTTCAGGCAGATCGCACCAGGTAATGTTAGGCATTAAAGCTCCTGTAAATCGTTCAGGCCGGTAACCGCCCCGCGGAAAATAACGCATGAGGCTACCTTGTAACCATCGCTTCTGGCAACATTAAGCCTCAAATTTTCAGCAGGTGGAATATGGCTCGCGCAAAACTGAAATTTCGGCTGCATCGTGCAGTCATTGTATTGTTCTGTCTCACACTGCTCGTCGCGCTTATGCAGGGCGCGTCCTGGTTTAGTCAAAACCACCAGCGACAGCGCAACCCGCAGCTGGAAGAGCTGGCCCGCACGCTGGCGCGCCAGGTGACGCTCAACATCGCCCCGCTGATGCGCAGCGAAACACCGGATGAAAATCGCATCAACGCCGTGCTGCGTCAGCTCACGCAAGAGAGCCGTATTCTGGATGCCGGCGTCTATGATGAACAGGGCGATCTTATTACTCGCGCTGGCGAAAGCGTCAATGTGCGCGACAGGCTGGCGCTGGATGGCAAAAAAGCGGGCAGCTATTTTAACCAACAAATTGTCGAGCCTATCCAGGGGAAAAACGGCCCATTGGGCTACCTGCGTCTAACGCTGGATACCCACACGCTGGCCACCGAAGCAAAGCAGGTCGATAACACCACCAACATTCTACGCCTGATGCTGCTACTCTCGCTGGCGATAGGCGTGGTGCTGACGCGCACCTTGCTACAAGGTAAACGCACCCGCTGGCAGCAGTCGCCCTTCCTGCTAACGGCCAGCAAGCCTGTTCCGGAAGAGGAAGAGCGTGAGGAAAAAGAGTAAAATGACGGCTTAATAAAGGTAAGGAAAACCACTATGACAACATTACGCCTGCTTATTTCTGACTCTTACGATCCCTGGTTTAACCTGGCGGTCGAGGAGTGCATTTTCCGCCAGATGCCCGCCACCCAGCGCGTGCTGTTCCTGTGGCGCAACGCGGATACGGTGGTCATTGGACGCGCGCAAAACCCGTGGAAAGAGTGTAATACGCGGCGTATGGAAGAAGATAATGTCCGTCTGGCCCGCCGTAGCAGCGGCGGCGGCGCGGTATTCCATGACCTCGGTAATACCTGCTTTACCTTTATGGCTGGTAAACCGGAATACGATAAAACCATCTCCACCCATATTGTGCTCGCGGCGCTGAATTCGCTGGGGGTCATGGCCGATGCTTCGGGACGCAACGATCTGGTCGTAAAAACGCCGGACGGCGATCGCAAAGTCTCCGGTTCAGCCTATCGCGAAACCAAAGATCGCGGCTTCCATCACGGTACGCTGCTGCTGAATGCAGACCTCAGCCGTCTGGCAAACTATCTGAATCCCGATAAAAAGAAACTTGCGGCGAAAGGAATCACCTCCGTTCGCTCCCGCGTGGCCAATCTTACCGAGCTATTACCGGGTATCACCCATGAACAGGTCTGCCAGGCGGTCACGGAAGCCTTTTTCGCCCATTACGGCGAACGCGTCGACGCGGAAGTGATTTCACCGGATAAAACGCCGGATCTGCCGAATTTTGCCGAAACCTTTGCGCGCCAGAGCAGTTGGGAGTGGAATTTCGGCCAGGCACCAGCGTTCAGCCATCTGCTGGACGAGCGTTTCACCTGGGGCGGCGTCGAGCTGCATTTTGACGTCGAGAAAGGTGTGATTACCCGCGCACAGGCATTTACCGATAGCCTGAACCCGGCACCGCTGGAAGCGCTGGCCGAGCGGCTGCAAGGGTGTTTGTACCGCGCGGATAAACTACAGGAAACGTGCGAGGCGCTACTGGTTGATTTCCCGGAGCAGGAAAAAGAACTGCGGGAACTGTCGGCGTGGATTGCAGAAGCTGTGCGCTAAATGAATAATATCAGAGAGACGAATGTGTCTCTGATATTATTTAAACATAACAACATATTCTGAAAAATGAGTGAATAGCACAAATAGTTAAAACACACTCACTAACTACTATATTCTTTAAAATTAATATTATTTCCCCGCACTTCATAAACCCAGCGAATTATAAACCATTTATCATCACCAATGATGATTAAAGTTTTTCTTAACCAAGATTTAATTTTATTAAATTTACAACATATCATTATCTTCATAGAATCCCGACCCGCGCATTACATGTCATTTGGAAATATACTTAATCGTTAGGGATTACTGATGAAAAAATTATTAATAGCGACCTCTGTCATAATAGGATTATCAACTTCAGCGCAAGCGGTTGAATCCACTGCTGTATTAAAACTGACTGGCGTTTTAACCAACGGCGCATGTATACCAGAGTTAAGTGATGGTGGCGTTGTAGATTTCGGTACTAAGGCCGTTAGCGATCTGCTGCCAACTCAGACGAATCAACTGGGATACAAAGATATAACACTCACGATTCAGTGCCTTGCACCGGCAAAAGTTGGCTGGGTCGCTACCGACAATCATGGCGATTCGGCGACAACGCTGACTATCGATAACGCAACATTTGGCGGTCAGAACAATAGAATACCAAACTATCAGCTAGGCCTGGGTACAACAGCAGATGGTATCAAGATTGGTGCATACGGCCTCTCCATAGACGCGAATAATTCGACCGCCGATGGAGTTAAGACGAAGATGGTAGCGTCAAATGATTCGAATCCTGGTGTCTGGGCTTTAGCATCAAACGAATACGTTGCGCTTACAAATACATTTCCAACCCGCACTACATATAGTGTCGGCGATGGAAATGGCCCCGTTGCTTTTACCACCGCAACATTTCCTATACGCGTAGCTGCCGCTATACAGGGAACGGACACACTGGCTATTACCGATAACACCACGCTTGATGGTCAGGCGACCTTTACACTCGTATATCTGTAACTCCAGCATTCACATGGAATATTCAACACCTCTTTAATGGAACTATAATGAAAAAAATTTTGCTTATTACTGCAATTGCAGCTTCCTTTGCTACAACCAGCGTGAATGCTGACACTACTGCCGTATTAAAAGTCACCGGTCAACTGGTTGTTGGTGGTTGTACCCCAGAACTCAGCGGCGGCGGCGTGGTTGATTACGGTACTATCCGCCTCGCCACACTTTCCGCAACCGATGTAAACCAACTGGGTACTAAAGATGTCTCTCTGAGTATCTCTTGTCCGTCTGCAACCAAAGCAGCATGGACTATTACCGATGACCGTGCGGACACCCACCCAGGCGCATCCGTTATCTCCATAGCCAATGGCGATATGACTAATAGTATAGTATCTGATACCACAATGTCCTACGGCGTTGGCAAAACAACCGAAGGTGTAAAAATCGGCGCGTTCTCTATTTATACCGATACCGCGAACGTTACCGCTGATGGTGTAAAATCTGACGCTATCTCAGGAACCGTTGATAGCCCAGTCTGGCAGAAGTCTTCCACCGGGATTATCAAAAACGGCAATATGGAAATGTTTACCGTTGCTACAAAAGGCACCACCGAACCGGTTCCGTATACCCTCGCCATTTTCCCGCTGAAAACCTCACTGGCTATTCAGAATACTGCAACGCTGGCCATTACTGATGATACTGATCTGGATGGTCAGGCAACCATCACGCTTAAATATCTCTGATCCAGACCGTGTAAAAAGGTTATTGATCTGTCTCCCTTATTATGGGGAGACAGATTAAAATTAAAGGACTAATTCTGATGCCAGCAGTGACTAAACTTCCATTATTATTACTCAGCGTCCCCTTTGTTTTTTCAACACTCTTTTCACAGGCTAACGCTGCCGGCATGGTACCGGAAACTACGCTACTGGTGATTGAAGAATCCACACACAGCGGCGTAATGAATGTTAAAAACACCGACAGCAATCCGGCTTTGTTATATACCACCGTCGTTGATTTACCTGACGACAATGGTGTGAAACTGGATGTCACTCAACCAGTTGTTCGCGTTGAAGCAGGCCAGCAGCAGCAACTACGCTTTATTATGGAAAGTACGGAACCGCTCACCGTCGAGCACTATAAGCGCGTCACGTTTGAAGGTATTCCTCCGAAATCTACCGATAAAGGAATGAAAATAGGTTTTAATCTACGCCAGGATTTGCCGGTATTAATTCGTCCTAAAAATCTACCGGTCGTTACTGATGCCTGGAAATTATTAACCTGGTCCAGAAACGGACAAACAATCAACGTCAAAAATCCGTCTCCCTACGTTGTACGTTTAGCCCAAAATATTACCTTCTTACCTTCCGGGGGCGAAGGCACGATTAAAAAAACCTATATTCTGCCCGGCGAAACATTGAACGTCAGTATAAAAACGCCCTTTGCTGCTGATACATCCGTACGTTTTTATCCTGCCAGCCGTTACGGCATTGAAGTCCCCAGCTTTACCTCACCGCTGGTGCCGTAATGAGAGCTAGCACGTGAAGTATTTAAAACTGCCGCTATACATCAAAACTGCGCTTTATTGCTCACTGGCAACCACGACGTTTTCAGCTCTGGCGGAGGAGCTGAATTTTGACATGGGTATTCTCACCTCCAGAGGCATTAGCCCCAACGTCGCACAATATTTTTCCCGCGCGCCGCGCTTTCTACCAGGCAGCCACACCGTCATGGTAAAGATCAATGGCGTAAATAGAGGGTCGTTGGTCGCGCGTTTCGACACAGAAGGCCAGCTTTGCGTGGATGACGATTTCCTCAGCGCCAGCGGGCTCGTTTCGCTTAATATCAGCGCCAAAG
NZ_CP041005.1_gap93	3955453	3956519	1066	GGCGCTGTCATCCATGAAGTTACCGACTTTATTCATAGAGCTATCGACTTTTTGCCCTGCGGTTTCGGTTCCGCTTTGCGCCTTGTCCGTTGTTGCGTTTTCTGCAAAGGCAGAACCTGTCGCAACAGCAGAGGTCAACATTACGGCCAGCAGAGTTTTAGAAATCTTCAGTCTTGTCATAGTCATCGATTTTGTCCTGTATAGTTTGCTCGTAATTTGAGCTCAGGCAACACGAGGTTGCATTGCTGAATGCGGTGAAACTCACCGGTTTCTGAAGTCAATGACTGGCATCACATTCGTGAATTTGTAACGACGCGTCGCCTGCCACCCTTCCGTTTCAGTTATTAATATCGTGACTGAAACAAATCTCAGCTTTAAGCTCTCATATTCACGCATTGAACAGGCATTAAAGCCGACATTTATGTCATCACTTTGTTAAATATAGATCACAATTTTAAAATCGCTTGTCGGTGCGTATAAAAAACAGGCAGATCGGAGAAAAAACGCGGGATTTAAGAACATTCCGTAAGCGGTTAAAAAGGCAGGGAAAGTACGAAGGCGCGGCGGATGCCGCGCCCGGAAAGGGATCAGTGTTCGCGCGTTTTACGGAACTGAACGTCAGGGTAACGTTCCTGGGTCAGGTTCAGGTTAACCATCGTGGGGGCGATATAGGTAAGGTTGTCGCCGCCATCCAGCGCCAGCTGCGTTTCATTCTTACGCTTAAACTCTTCGAATTTCTTCGCATCGGCGCTTTCCACCCAGCGCGCCGTCGCCACGTTGACGGATTCATAAATCGCCTCAACGTTGTATTCGCTTTTCAGGCGCGCGACAACAACGTCAAACTGCAAAACGCCCACGGCGCCAACAATCAGATCGTTGTTGGAGATGGGACGGAATACCTGCACCGCCCCCTCTTCAGAAAGCTGCACCAGCCCTTTCAGTAGCTGCTTCTGCTTGAGCGGATCTTTCAGGCGAATACGACGGAACAGTTCCGGCGCAAAGTTCGGGATACCGGTAAACTTCATCATCTCGCCCTGAGTGAAGGTATCGCCGATCTGAATGGTGC
NZ_CP041005.1_gap94	3967372	3968082	710	CTGTTCTTACAGGTCTGTGTGGTACTATAAAAACAGTCGCCCTTCTCGGTTGTTGTTCCATATTGAGAAACATTATGTCTTCCAGAATTTTAACGTCGGACGTCATCGGTATTGACGTCCTTTTACACGATCATCATGCTGTGCTGGCGAAGTCAACGGGCGGCGCAGTGGCGGTATTCGCTAATAATGCGCCTGCCTTTTATGCCGTGACGCCTGCACGCATGGCTGAACTGCTGGCGCTTGAAGAAAAGTTATCACGTCCGGGAAGCGATGTGGCGTTAGACGCACAATTTTACGAAGAACCCGAAGCCGCCCCCGTTGCGATTCCCTGCGGAAAATTCGCCATGTATCCCGCCTGGCAACCGGATGCGGATTTTCAGCGTCAGGCTGCCCTTTGGGGCGTGGCGCTTCGGGAGCCGGTCACCGCAGAAGAGCTGGCGGCGTTTATCGCCTACTGGCAGGCGGAAGGTAAGGTTTTTCACCATATCCAGTGGCAGCAAAAGCTGGCGCGCAGCGTGCAAATCAGCCGTTCCAGCAATGGCGGAATGCCGCAGCGCGACATCAATAGCGTCAGCGAACCTGACAATCATATTCCACCAGGTTTTAGGGGGTAACGATGAAAAATGTTGGCGACCTGATGCAGCGTCTACAAAAAATGATGCCTGCGCATATTACGCCGGCGTTTAAAACGGGCGAAGAATTGCTGGCGT
NZ_CP041005.1_gap95	3991928	3995981	4053	TGCGTCTGCCGACCGGTATCTTTTACGCCCAGGGCGTCAAAACCAACGTGCTGTTCTTTACCAAAGGCACGGTCACCAATCCGCATCAGGATAAAAACTGCACCGATGACGTGTGGGTGTATGACCTGCGGACCAATATGCCGAGCTTCGGCAAGCGCACGCCGTTTACCGAGCAGCATCTGCAGCCGTTTGAAACTGTCTACGGCGAAGATCCACACGGCTTAAGTCCGCGTGAAGAAGGGGAGTGGAGCTTTAACGCCGAAGAGAGCGAAGTCGCCGACAGCGAAGAGAACAAGAACACTGACCAGCACCAGGCCACCAGCCGCTGGCGCAAGTTCAGCCGCGAGTGGATCCGCAGCGCAAAATCCGATTCGCTGGATATCTCCTGGCTGAAGGATAAAGACAGCATCGACGCCGACAGTCTGCCGGAGCCGGACGTGCTGGCGGCAGAAGCGATGGGCGAGCTGGTACAGGCGCTGGGCGAACTGGATGCGCTGATGCGCGAGCTGGGCGCGGGCGATGAAGCGGATGCTCAGCGTCAGTTGCTGAATGAAGCGTTTGGCGAGGTGAAGGCATGAGTGGGGGGAAATTGCCGGAGGGGTGGGCTACAAGCACAATCAATGAAATGTGCAACCTCAATCCCAAACTTAAACTTGATGATGATTTAGATGTTGGATTTATGCCGATGGCCGGTGTTCCAACAACCTATTTAGGTAAATGTAACTTTGAAACCAAAAAGTGGAGTGAAGTAAAAAAAGGATTTACTCAATTTCAGAACGATGATGTTATTTTTGCCAAAATCACGCCATGCTTCGAAAATGGAAAAGCTGTTGTAATCAAAGAATTCCCTAACGGCTATGGTGCCGGTAGCACTGAATATTATGTTCTTCGGTCTATTAATGGGTTAATTAATCCCCATTGGTTGTTTGCTTTAGTTAAAACTAAAGATTTTTTAACTAATGGAGCACTTAATATGTCCGGTTCAGTCGGACATAAACGTGTTACTAAAGAATTTCTTGAGAACTATGGTGTTCCTGTCCCACCTCTTGCCGAACAAAAAGTCATCGCCGAAAAACTCGATACGCTGCTGGCGCAGGTAGACAGCACCAAAGCACGTCTTGAGCAAATCCCACAAATCCTGAAACGTTTTCGCCAATCAGTGATAGTTGCAGCAGTAAACGGGCAACTGACAAAAGAACTTCATAAAAAAAATAAATTCAAGTTAACAGAATTGAATATTTCTATTCCATCTTTATGGAAAATCAGTGAGATTGGTCAATTTGCTGATGTCAAAGGTGGCAAGAGATTACCTAAAGGTGAATCATTAATAGCTGAGAATACAGGGTTTCCATATATTAGAGCAGGGCAGCTAAAAAATGGAACTGTTCTTCCTGAAGGACAACTATACTTAGAAGAATATATACAAAAAAGTATTTCTAGATATACAGTCTCATCTGGAGATCTTTATATAACTATTGTTGGTGCATGTATTGGTGATGCTGGTATAATTCCAGATGTTTATAATAATGCAAATTTAACTGAAAATGCTGCCAAGATATGTAATTTAAACGAAAATATTTTCAATAGATTTCTTTCTTTATGGCTGAGAAGTAGTTATCTTCAGGATATTATCAATTCAGAAATAAAATCAGGAGCTCAAGGGAAGTTGGCTTTGGCAAGGATAAAATCACTCCCATTGATACTACCACCACTCCAAGAACAACACGAAATCGTCCGCCGCGTCGAACAACTCTTCGCCTACGCCGACACCATTGAAAAGCAGGTCAACAACGCCCTGACCCGCGTCAACAGCCTCACCCAGTCGATCCTGGCGAAGGCCTTCCGCGGCGAGCTGACCGCCCAGTGGCGTGCGGAAAACCCTGAACTTATCAGCGGTGAAAACAGCGCCGCCGCCCTGCTGGAAAAAATTAAGGCCGAACGCGCCGCCAGCGGCGGTAAAAAAACCTCGCGTAAAAAAGCCTGACCTTTATTTTCAAGCGCACCTTCCCGGTGCGCTTTTTATTATTTCCCCGCAATCATAACCATCAAAAATATATCCAGTTTATTCCTGAACATTCCCATTACAGTCTATTTTCAGCTGGACTTTTCTTTTATTTACTGATGTTATGTACAGGTATTTAGCGCGATATGGCCGTGCGGGAACACGGCCATATCGCTCATCACAATCACTATTTTAGGGAATAGCCATCATGACTACCGTCCATTCTATTGCAGATCCGTGCGATCCAGAAGTCTCCCCAACAAATAACCGTCACCTTACCGTGAGTTATGCGAGTCGTTATCCGGATTATACCCGCATTCCCGCCCTCACCATGAAGGGCCAGTGGCTGGAAGCCGCCGGTTTCGCCACCGGTACCGAGGTGGATGTGAGGGTGATGAACGGCTGTATTGTGCTGACGGCACAGCAGCCGCAACCAGAAGAAAGCGAGTTGATGCAGTCGCTGCGCCAGGTGAGCAAGCTATCGGCGCGTAAGCAAAAGCAGGTGCAGGCGTTTATCGACGTGATGGCAGGTTCTAAGTAAACGCATAAAATAAGCTGGCAAAGAACCCTTGCCAGCTTTAATTATAATTCATATCAATGAGTGAAGGAAAATCATGCGGCTAAAAGTAAAAGAAAACATTACGCTTTGGAGAAATGAAGGTTTAATTGCTTATGTCGCCCTTGGATTTCTATGTACTTTTTTTATGGAGGTCAACGCTCTATTACCATACTATCTTCAGCAAAGTATATTTTTCGAAACGCTGATGAGCTACATGGCCTTCAATACGTTATTTTCGCTTGCTTTATCTGAGATTTTTTTTGCGATGTTGGTAGTTATTTGTCATAACACTAAACTGGAAAAGATCACAAATAGTATTTTGCAAGAGTTGCATAAAAGAATTATGCAAGGTTCTTTCATTATATCCTTCTTATGCTTCGGAATATTTCTATTTTGTGTGATGGCATTCTGTATTGATTCGCTAACAATAAATAATAATTACTATGGGAAACATGTCATAAATTTTGCTTGCCCATTTGTTTTATTTCTATCTTTTCCTTATCTTATACATAAGGGTATAACAATCCTGTGTACTCTATTAAAAGCATTTCCCAAACACAAAATTCATGCAGCAATAATAATATTATTGATAATTGCAGCAGCGATTATCATCCCTGGCATATTTAACAAAAAAGAAAAAATGACTATAACCATTGATAAGGAAAAATATCATGCGATTGAGCAAAAAACCAAAATAAAACCAGAAAAATACATTGAGAAAAAGATTAATGATATTAATATAAATGATATAAAATAGTGAGCACGCATAACATAAGGGCATAGTAATATATCATAAAATCCTTTAATTACTATTGCCCTTGAATAGATTCACTATTCCACATCCTTCCTTTCCAACCCGATATCCCTTAACTGCTCGTCACTCATTCGTCGCAGCGCCTGACAGGCCCGCTTACGCAGCCACCACCTTTTTAGCGCCCGTCTGAGCTGCACAAAGCCAATGAATGGTTGTCTGGGGCGGTTCTCGTAAAATTCCATACCGGCCTCCGCATAGAACAGAAAATGCGGGCATCATGAATGTCTGTACAAACAATACCGGGATAAAAAGCACGGTTAGTGCAACGTGGATAAATAAGGAGGGCAATTGAGGGGGTTTTGTTCGCTTATTTCGTTCTGATTTAAGATCCGCGTCCTTCGCTGCAAAAAGCCAGGCCCCTCCCGATTTCAGAGGGGCAACAGGGATTAGCGGCGCACCACTACCAGCTTCTGGTTCACAAACTCCTTAATCCCCAGATCCGATAGCTCGCGTCCGAAGCCCGAACGCTTAACGCCGCCGAACGGCAGCTCCGCTGCGGTGTCGGTCAGCCAGTTGATATAAACCATCCCGGTTTCAATCCGGGAGGCCATGCGTTTAGCGCGTTCGATATTCTGACTAAACACCGCACCGCCCAGGCCGTAGTGGGAATCGTTGGCGAGTTTTACCGCCTCGTCATCGTCTTTCACCACATACATCTGCGCCACCGGGCCGAAGAAC
NZ_CP041005.1_gap96	4032555	4035229	2674	AGCGAATCTGCTTTGACAGCGATAACAACACAATGGAAAAACGCGTGCGTGACGTGACGCTGAAGCTGATTGGCGCGAATTTCAATCGCCGTAATGAATACTGGCTGATACTGGAAGATGCACAAACGGAAACGGGTTACCAGAAGTACCCTGTGATTATCGATCTGGCATTTCAGGATGATTTCTTTTAAGTGAGGCGCTATGCAAACCCATCATGACTTACCCGTTCCAGCTGTATCCGAAGGGGAACTCGTCGCAGAAGGTTACGATCTGGACGCCTTGCTGAATCAGCATTTTCGTGGTCGGGTAGTACGTAAGGACCTGACTAAACAGCTCAAAGAAGGGGCAAATGTCCCGGTCTATGTGCTGGAGTATCTGCTCGGTATGTACTGCGCTTCCGACGATGACCAGATCGTCGAGCAAGGGTTGCAGAACGTTAAGCGTATTCTGGCTGATAACTACGTCCGCCCTGATGAAGCAGAGAAGGTGAAATCGCTCATTCGTGAGCGAGGATCCTACAAGATCATTGATAAAGTATCGGTAAAGCTCAATCAGAAGAAAGACGTTTACGAAGCCCAGCTCTCCAACCTCGGCATTAAAGATGCACTGGTTCCGCCGCAGATGGTCAAGGACAACGAGAAGCTGTTGACCGGCGGCATCTGGTGCATGATCACCGTGAACTACTTCTTTGAGGAAGGACAAAAAACGTCGCCCTTCTCTCTGATGACGCTTAAACCTATCCAGATGCCCAATATGGACATGGAAGAGGTATTTACCGCACGTACGCACTTCAACCGCGACCAGTGGATTGATGTCCTGCTACGTTCCGTGGGTATGGAACCCGCTAACATTGAGCAGCGAACCAAGTGGCACCTGATCACCCGCATGATCCCTTTCGTGGAAAACAACTATAACGTCTGCGAACTGGGTCCACGCGGCACCGGTAAAAGCCACGTCTATAAAGAATGTTCGCCAAACTCACTGTTAGTTTCCGGCGGGCAAACCACGGTAGCCAACCTGTTTTACAACATGGCCAGCCGCCAGATTGGCCTGGTTGGCATGTGGGATGTCGTCGCGTTTGATGAAGTGGCGGGGATCACTTTCAAAGACAAAGACGGCGTGCAAATCATGAAGGATTACATGGCGTCTGGCTCGTTTTCCCGCGGAAGAGATTCGATTGAAGGCAAAGCATCGATGGTGTTCGTCGGCAACATTAACCAAAGCGTTGAGACGCTAGTCAAAACCAGCCATCTGTTAGCCCCCTTCCCTGCCGCGATGATCGATACGGCGTTTTTCGACCGCTTCCATGCCTATATCCCCGGCTGGGAAATTCCGAAAATGCGCCCGGAATTCTTTACCAATCGCTACGGCCTTATCACAGATTATCTCGCCGAATACATGCGGGAAATGCGTAAGCGCAGCTTCTCCGACGCGATTGATAAGTTCTATAAGCTGGGTAATAACCTCAACCAGCGCGACGTTATCGCGGTAAGGCGCACGGTTTCTGGTCTACTGAAACTTCTTCACCCCAATGGTTCTTACAGCAAAGAAGATGTCCGTGTTTGCCTGACCTACGCCATGGAAGCTCGCCGTCGCGTCAAAGAACAGCTTAAAAAGCTGGGCGGTCTGGAGTTCTTCGATGTAAATTTCAGCTACATTGATAACGAGACGCTGGAAGAATTCTTCGTCAGCGTGCCGGAACAGGGTGGCAGCGAATTAATTCCTGCTGGCATGCCCAAACCTGGTGTAGTGCATTTGGTTACGCAAGCGGAAAGTGGCATGACGGGTCTGTATCGCTTCGAAACTCAGATGACCGCAGGCAATGGTAAGCATAGCGTTTCTGGTCTGGGATCAAGCACCTCGGCTAAGGAAGCCATCCGGGTTGGATTTGACTATTTCAAAGGCAACCTCAGCCGCGTTAGCGCAACAGCGAAATTTTCTGAACATGAGTACCACCTGCACGTAGTCGAATTGCACAATACTGGACCAAGTACCGCGACCAGTCTTGCCGCGCTGATCGCGCTGTGTTCCGTTTTACTGGCGAAACCCGTTCAGGAACAAATGGTCGTGTTAGGTAGCATGACGCTCGGTGGTGTGATCAACCCGGTTCAGGATCTGGCGGCTAGCTTACAACTTGCTTTCGATAGTGGCGCGAAAAAGGTCCTTTTGCCGATGTCTTCCGCGGTAGATATTCCGACTGTGCCAGCCGAGTTGTTTACCAAATTCCAGGTCAGTTTTTACTCTGAACCTGTAGATGCGGTTTATAAGGCGTTGGGAGTAAACTAAATATATCGAGGAGTGGGTCAAACTCCTCGATAAAATCAATATCGTCGTTATTTTAGTTAAAATTCATATTAGTCTAAATATCACTACGATTACTGTAACCCCTGGTTTCCCTTCATGCAGGCAAGTACGTTTTCTTAAGTGGAACCAACAGCTTAGTTTCAATATCCACCTGCTCATAGTTTTCCACTAACGCACGTACTAAATCGTCCAGCGTCCATAGCGTCAACGGGATTGTAGAGCGATCGGCCTCATAGCGCGCATCCTTGCTGAATCCGCCTGTGCTGACATACAACCCGCGATCGTCTTTATGACGGCCACCGATAAAGCTACGGATTTGCTGGCTGCTCATCTGTTCCCGTCGGTGCTTCACCTCAACAATGATGCGCGG
NZ_CP041005.1_gap97	4074678	4078419	3741	CAGCGTAAGCATCGTCAGGGCACATTACAAATTGTCTAATACTTCTTCGGGGCGCAGTTGCGTCCCAACGCACTTGCAGGAAACAACAATGACTATTCCCCTCTGGTGGCAAAACGGCGTTATTTATCAGATCTACCCAAAAAGTTTTCAGGACACGACCGGCAGCGGCACCGGCGATTTACGCGGCGTCACGCAGCGCCTTGACTATCTACAGCGACTCGGCGTGGACGCCATCTGGCTCACGCCGTTTTATATCTCGCCGCAGGTGGATAACGGTTATGACGTCGCAAATTATACGGCTATCGACCCGACCTACGGCACGCTGGATGATTTTGACGAGCTGGTCGCGCAGGCGAAAGCACGCGGTATTCGTATCATCCTGGATATGGTGTTTAACCATACTTCTACCCAGCACGCCTGGTTTCGCGAAGCGCTGAACAAAGAGAGTCCATACCGTCAGTTTTATATCTGGCGCGATGGCACGCCGGATGTCTGCCCGAATAACTGGCAATCCAAATTTGGCGGCAGCGCCTGGCGCTGGCATAGCCAGAGCGAACAATATTATTTACACCTTTTCGCGCCTGAACAGGCCGACCTGAACTGGGAAAACCCCGCCGTACGCGCCGAGCTGAAAAAGGTCTGCGAATTCTGGGCCGATCGCGGCGTGGATGGCCTGCGTCTGGACGTGGTGAACCTGATCGCCAAAGATCAGAATTTTCCTGACGATCCGACGGGCGATGGACGCCGCTTTTATACCGACGGGCCGCGCGCGCATACGTTTTTACGCGAAATGAACCGTGACGTTTTTACGCCGCGTAATCTGATGACGGTAGGCGAAATGTCCTCTACCACGCTGGAAAACTGCCAGCAATATGCCGCGCTTAGCGGCGACGAACTCTCGATGACCTTCAATTTTCATCATCTGAAGGTGGATTACCCCAATGGCGAAAAGTGGACGCTGGCAAAACCTGATTATGTGGCGCTGAAAGCGTTGTTCCGCCACTGGCAACAGGGGATGCATAACGTCGCCTGGAACGCGTTATTCTGGTGTAATCACGATCAGCCGCGCATCGTTTCCCGCTTTGGCGACGAGGGTGAATACCGGGTTCCAGCCGCGAAAATGTTGGCGATGGCGCTGCACGGTATGCAAGGGACGCCTTATATCTATCAGGGCGAAGAAATCGGCATGACCAACCCACACTTTACCCGCATCACCGATTATCGCGACGTGGAAAGCCATAACATGTTTGCCGCGCTACGCGCCGCCGGGCGCGACCCCGACGAACTGCTGGCTATTCTGGCCAGTAAATCCCGCGACAACAGCCGCACGCCGATGCAATGGGACAACGGTAAAAACGCCGGTTTCACCCAAGGCGAGCCGTGGATAAGCCTGTGCGATAACTATACGGAGGTTAACGTCGAGGCGGCATTACGCGATGAAAACTCGGTGTTTTACACCTATCAAAAGCTGATTGCGCTACGTAAAACCCAGCCTGTACTGATCTGGGGCGATTATCAGGATCTCCTCCCGGATAGCCCATCAGTATGGTGTTATCGCCGCCAGTGGCAGGGGCAAATCCTGCTGGTTGTCGCCAATCTGAGTAACCAGTGCCAGGAGTGGCATCCGCCGCATATCAAAGGACAGTGGCAGGCGCTACTGCATAATTATGGCGAGGTCGCCAGCCAGCCAGCCGCGATGACGCTCCGCCCATTTGAAGCCATCTGGTGGTTACAACGCTAACGCGACATCCTTATACGGATAAACGCCACAAACCTATTGACACGGGCTGTGGCGTTGCTCCAGGTTACTGACTGTTTTTGTTGAATAATTAATCAGATTTTTCTTGCTATCTTTTACAAACGCTACAGCGCCCGCCATCTGTACGCTCTGATTTTTACCTTGTTCTACATCAATAAAATTGCAAACATCCTTGATGCAAATCACTACATATAGACTTTAAAATGCACACCGACCCAATATGTTGTATTAATTGACTACAATTGCTACAACACCTGTTCACTCGACACAAGGTGAATTGTGGATAACCTGGGTCAGGATTGCGGGAAGTCGTTGGAAAAGAGATGAATAAACCTGTTATGGCTTCCCCGGCCTCTGTGGATAACCTGTTCTTACAAATATGGAGTGATCATGACACCGCATGTGATGAAACGAGATGGCTGTAAAGTGCCATTCAAATCAGAGCGCATTAAGGAAGCCATTCTACGTGCAGCTAAAGCAGCGGGAGTCGATGACGCAGATTACTGTGCCACCGTCGCAGAAGTCGTTAGCAGCCAAATGAACGCGCGCAGTCAGGTGGATATTAACGAGATCCAAACTGCGGTTGAAAACCAACTGATGTCCGGCCCGTACAAACAGCTTGCCCGCGCCTACATCGAATACCGTCACGATCGCGACATTCAGCGTGAAAAGCGTGGTCGTCTGAACCAGGAAATTCGCGGCCTGGTAGAGCAAACTAACTCCGCGTTGCTCAATGAAAACGCCAACAAAGACAGTAAAGTCATTCCCACCCAGCGCGATTTGCTGGCCGGGATTGTCGCCAAACACTATGCCCGCCAGCACCTGTTGCCGCGTGACGTAGTACAAGCGCATGAGCGCGGCGATATCCACTATCACGATCTCGACTATTCGCCGTTCTTCCCGATGTTCAACTGTATGTTGATCGACCTGAAAGGCATGTTGACCCAGGGCTTTAAGATGGGTAACGCCGAGATCGAACCGCCGAAATCAATCTCTACCGCCACTGCCGTTACCGCGCAGATTATCGCGCAGGTCGCCAGCCATATTTATGGCGGCACCACCATTAACCGTATCGACGAAGTGCTGGCGCCGTTTGTCACCGAAAGCTACAACAAGCACCGCAAAACCGCCGATGAGTGGCAGATCCCGGATGCCGAAGGGTATGCGCGTTCTCGCACCGAAAAAGAGTGCTACGACGCCTTCCAGTCGCTGGAATACGAAGTTAACACGCTGCACACCGCTAACGGCCAGACGCCTTTCGTTACCTTTGGTTTTGGCCTCGGCACCAGTTGGGAGTCGCGTCTGATCCAGGCGTCTATTTTGCGTAACCGTATCGCCGGTCTGGGTAAAAATCGCAAAACCGCCGTGTTCCCGAAACTGGTCTTCGCTATCCGCGATGGTTTGAACCACAAGTTTGGCGATCCGAACTACGACATTAAACAACTGGCGCTGGAGTGCGCGAGCAAGCGCATGTATCCGGACATCCTCAACTACGATCAGGTGGTCAAAGTCACCGGTTCGTTCAAAACGCCAATGGGCTGCCGCAGCTTCCTCGGCGTGTGGGAGAACGAAAACGGCGAGCAGATCCACGACGGGCGTAACAACCTGGGCGTGATTAGCCTTAACCTGCCGCGCATCGCGCTGGAAGCAAAAGGCGACGAAACCGCATTCTGGAAACTGCTGGATGAACGTCTGGCGCTGGCGCGGAAGGCGCTGATGACCCGTATCGCCCGCCTTGAAGGCGTGAAAGCCCGCGTCGCGCCTATCCTGTATATGGAAGGCGCCTGCGGCGTGCGGCTGAAAGCGGACGACGACGTGTCTGAAATCTTTAAAAATGGTCGTGCGTCCATCTCTCTGGGCTACATTGGTATCCATGAAACCATTAACGCGCTGTTCGGCGGCGAACACCTGTACGACAGCGAGCAACTTCGCGCTAAAGGCATCGCGATTGTGGAGCGTCTGCGCCAGGCCGTGGATCAGTG
NZ_CP041005.1_gap98	4100969	4104333	3364	AGCCCCAGGGCTTAAGGTGGCCGACGGCGAAAATGTCTGCCAGCTCGCTTAACGTATGTTTCTGCAACCACTCCTGCAACATATCCAGACGGATTTCGATGTAGTCATAGCCAAAACGTTCCGCCAACACAACATCCTGTGCCAGCGTGGAGTTTCGCATACAGGTCGCTTCATTAAATCCCAGCTTCATCATTCAGATCGACTCCTGCCGCCATAGCAACGTACTGGCGCCTGACGGCGGCAGCGTTAACGCGATCTCTTTATCGCCATCCAGCACCCGGCAACGCCTTTCCTGGACATCGCGGTTATACACCACCAGCACACGCTCGCCGTCGGGATTCACAAATCCCACCTCTTCCAGAAGATTATCGTAACTTGAAGAAAGCATGACCCTCGCCCCCGGACGCACATAGCGGCAGAAGTGGCCAATACCATACCAGGAGTGGTTACGCCGCAGCACGTCGTTTTGCGCATCGTATTGAATGGGCGCTTCACACAGATTACCCTGATGATTCGGCCCGCCCTCACTGTTCAGCAGCAGATTCCAGTCGATAAACCCGCTACAACCCGATTTGAAATTACCAATCATGTCATGGAGATAGGTATGCCAGTGGCGAATCTGGCTACCGGCATCGCTCTCCATTGGCACACAGCCTTCGGAAAACAGGAGTTTTTTATCCGGCAGGCACTGGGCCAGATACTGTATTTGCGAAAAATGGTCGCCGGTATACCAGTGGAATGCCAGCCCGTTAATTCCCTTATAATTAGCTTCGTCAGCAAAGGCGAGTTCAGCCCAGTCCACCAGGCCATCTTTATCGTGATCCCAGATATAGATCTCCATCTCATCCATACCCTGCCGGGCGAGGCGCGGACGCAGATACTGCACGGCAAAGGCTGTCTCCTCTTCCACGCTATACAGACAGGAGTCCCAGGTTTTTACCGCCACCGGCTCATTCTGCACGGAGAGCGCCTGCACATTAATGCCGTGGCGGCGGTATTCCAGCAGGTAGTTGATAATGATATCGGCCCAGTCGGCGTAGCATTCGCGCCGCAGCTTGCCGCCACCGTTCATATCGTTATTAGTTTTCATAAACGCCGGCGGACTCCACGGCGAAGCCATCAGCTTCATGTGTGGATTTAACCGCAACGCCCCGGAAATCAGCGGTATTAAATGCGCTTCATCGCGGGAAAAGGAGAGCCGTCCCTGCTGCAGGTCAGCGCTGGAATCGACATACGCGTAATTGCCCAGGGAAAAATCACAGCTCTGAATTGGCATCCGCGCCAGAGTGTAATTATGTTCCTGAGCAGAAAAATAAAGGGAAAGAAATTGCGCCTTCGTCTTTTCGCTCATGCTGTTGAATACCACGCCCGCACCTTCGGTAAAGCTGCCGCCGAATCCGTCAATCTGCTGTAACGCGTGGCGCGGTAAGACGCTGATTAATTCACTGCAATCACGCTGACGATGCGAAAAAGAGACCGCACGCTCAACAAGGAATTGCTGACGATACGGATCGGAAGAGATGAGTCTGCCTTTCATAGGGAAGTTCCGGATAAAAGAAGATAATAAATTGTGATATGCCGGATAGGACGCTTAAGCATCGCTATCCGGCAGGAGTTTTAATACGCGGAAGGTTTATTTGTAGAAATCAGGTTTTGAGGGTAATTCAACAATCTCGGTATTCCCTGTTTCCTGAGACTTCACGCAGGCATCAGCGGTAACCGCAGCCAGATAACCATCCCATGACGTTGGGCCTGCCGGCGGCAATCCTGCGTTCAGACGATCGAAGAAATCCTGGAACTCAATGTCGTAGGCATCAATAAAGCGCTGTTTCCAGTCAACCAGGATGTCGGTGCTATACTTCGCCGCTTTCCGTACCGCGGCGCTGGCGACGGTTGGCAGCTCCGCCATTCCTTTCTCGCCGGTAACATCGCAGTGAATGTCGTAGCCATACTGGCAGTTCACAAATACTTCAACCACAATATTGATGCCGGAGGTGGTTTCCATTACAACCAGCTGCGGATCACGCAGAGTGGTCACCAGGCTGGACTGGCGCGGGAAGTAAACCTTAACGGTTTTATAATCTTCGTTAAGCAGCCAGTGCATAACGTCAATTTCATGAATCAATGTTTCATAGATAGCCTGTGGCGTTTTGTATTCTGGCACCGTGCTGGCATTGTAATGACGTCCATGAACCATTAATGGCTGACCGATTTCGCCGCTGTCGATAATATTTTTCAGCTGAACGTAACCTTTGTCGTAGCGGCGCATAAAACCAATCTGCACCATGCGCTTACCATTTTTCTGCTCTGCTTCAATCACACGCTGACAATCCGCAGCCGTCACCGCTAGCGGTTTTTCACAGAAAACATATTTGTTAGCATTTAGCGCGGCAACGGCTACATCGGCGTGCGCCTCATTTGATGCGGTAATGATGACCACTTCAACGTCTTTATCATTAATCAGATCGTGATAGTCATTATAATCTTTGGCTTCGATCGCATACTTATCCAGCGCCGCCTGCGCCCTACCCGCGACGATATCACATACGGCAACAACCTCTACACCCGACACGGTGTTGGCCAGACGTCTTAAGTGATCGGAGCCGATCATGCCGATACCTACAATACCTGCTTTTAAAGTCATTTTCTGTTTCCTTTTCAATTAAAGATAATTTTTCAGTAACTCATCAATATGCTTTTTACCTTTTTGCGCATATTCCAATGGGTTATATTTCTTAGGATCCTGCTCGGCCTCAACAACAATCCAGCCAGAATATTGATGCCCGACCAGATAAGCTAATACGGATTTAAAATCAATATTTCCATCGCCGGGGACGGTAAACACACCATCAAGGAAAGAATTGAGGAATGATTTCTTCGCGAGGCGACATGCTTTGAGTTTTTCATTACGCACATCTTTAAAATGAACGTGTTTAATACGATCAAAATGTTTACTCAGTAGCGGCATGACATCGCCGTCAGAAACATATATATGCCCGGTATCAAACAGCAGATGTACAAATTGCGGATCGGTATTCTCCATGAGTCGATCCACTTCTGGCAGAGTCTGCACACCGGTGCCCATATGATGATGGAAAGCGAGCTTCAGCCCGTGCGCATTGGCAATCTTCCCAAGCGCATTAAGTCCTTCGCATAAAAGCTGCCATTCGCTGTCGCTGAAGTTAGGCTTCTCTGTATAAACGCACTTATCGATAATGCCTTGAATACTATAAGTTTGTTCAGAAACAACGGCGACATATGCATGTATTGCCTGCAAATAAGCACAATGCTGTTCAAAAGCATTCATCGCAGATGCAATACCATCGCGAATAATAAAGGAAGAAAACCACTGGCCTGGTATTTC
NZ_CP041005.1_gap99	4121606	4125214	3608	GGCGTTCGGGTTCAGCCAACAATGCGGCCCGATACTGATTTTCTGTTCTTTATTACGGTAGTCCAGCGCAATCGCGCGGGTCAACGACCATGGCCCCACTGGCGTCTGGAAACGGGTGTCGCTTAACGTCCCTTTCCAGCGCGCCGCCTCGCGATCGAAGCTGCCTGTCAGGGAGAGTTGACCGGATACCGGTTCTCCCTGAACACGGAGCTGTAGCTGATGCTGCTTCTCGCTGCCTTTGGCGTCAAGCGTCACCAGATTGATATTAACGTCGGGCTGCGAAATCCGCTCTACGCGAACGTTGAGATGGCCCGCTATCTGATCGGTGGATTTAATATCGCCCTCAATGCGCGCCTGGGCGACAGACAGCTCCTGCCAGCGCAAGCCGCGGGCGGTGATATCCGCCAACAGCTGCGGCGCTTCTACCGTACCGCGGACTTTAACGATTCCTTTTGCCATGCCGCCCAGTCCTGGCAGCGCATTATCCAGCCCTGGCGCATCGATGGCGGCGTCAAGATTCAGCTCCTTAACGCCAAGCTCGCCTTTTATATCGGCGCTGTTTGGGCCCAGCGCAAAGTGCAGCCCCGGGATCGTCCACTGCATGTAGCTGTTGCCCTTTAGCGTCCCGTTAACGTTAACGCTGTTCTGCTTCACATTGCCGGTCAGCTTGAGCTCCGGGACATCCATCTGCCAGGTGCCGCCGTAGAGGCTGCCTTTGGTTTTCATGACGCCGTTAAGCTTCGCGGGCCAGTCCGGAATCTCTTTAGCGGTATTGATGCCATTCAGCGTCAGTTCGCCACGCCAGCTAATCGCCTGCTGCCAGTCCACCAGCGCTTTCAGTTCGGTTTTTCCCTCCAGAGCGGCGACGGTGAGTTTATCGAGATTAATCTGCCGCTCATTCCCTTTGGCATCCAGCGTGATGGTCGCCGGCGGAATATCTTGTCCTTTCACGGCGGTTCGCATCGACAACGTATAGTCGGTCATCTTACCGCTCAGTTTGAGCTTCAGATCGTCAGCCTGAAACTGGGTATCACCCGTCAATGGCCAGGCAATGCGTTGGCTGACGACTTCAAGATTGAGCGGTAAACCGGCCTCCGCCAGCCGCGTCTGGGCGCGAAGCGCGACATCCATCGGCCCGGAAAGGTTCACCCCGACCTCCAGTTGTTCGCGTAACGCGCCGCCGACCTTGAGTTTTATCTTTTCACCCTTTAGCGGATCGATATTCAGCGTACTGTTGAGCGTAATATCAACCGGCCAGTTATTGGCGAGCTGCGCCGTACCGGAGGCTTTCACCGTGCCCTGGTTGGCGTCGATATCCAGAGTATCCAGCTTCATATTACCGTCGATACTGCTGACTTTAAGCAGCATCGTGCGCACCGTCAGATCGGTATCGCCGGTGATGCGTAGCTGCTCGCCGCGAAATGACTCGATATTCAGATTGAGCGGCAGGTGAACATCGGTCATCTCCGGCATTACCGGTTTTGCAAACAGATCTTTTAGCGTTTCGCCAAGCGGCTTTTCATCCGGTTGAGGTTTCTCGATTTTGGGTTCAACCACCTCTTCCTGCGCCACGTCAGCGACCTTCGGCAGCGCGATCAGCAGTCCCTGAAGCCGCGTCGGTTTCAGGGTCAGGTTTTTCTCCTGCCATGCCAGCCCGGAGGTAAAATCCAACACCGAAACGGTAGTGTCATCAATCTTGATATTGATGTTATTCAACGCCACGCGCGACAGCGTGATGGGCCAGGGCGTGGAGAGGTTCAGCGGCCCGCTTTCTTCCTCTTCTTGCGCCGGTTCGGAGGGCGGCATTTTTTTGCTGTCGATAGCGACATTAATATCTTTTAGCGCCAGATCATTGACGCACAGGCTACTGCGCCACAGGCAATCAAGCCCGATGGCCAGATGAATTTCGCCCGCATTCACCGCAACGCCCGGCTGCTCATAGCGGATATTTTTTAACGATAAGTCCCGCCAGCCGCCGGTGACCTGCCCAATCTCCAGCCCCGGCACCCAGCGGTTCGCCGCACTGAATACCAGATGCAGCCCCGTCGTCGTCCCGACCAGAAACGCAACGCTCGCCAGTAACACCACAATGAAAATCAACACGCCGAGGCTTATTTTCTTCCATAAACTCATAATTCAGGCCCCAGACCGATATAAAACTGTAAACCGTGTTCGTCTTTGTCGCCGACCGGTACGGCAAAATCGAGTTTGACAGGCCCAACCGGCGACGCCCAGCGCACGCCGACCCCGGTCCCGGTTTTGAAATCGCTACGGCGAATATCACTCACCGCCTCGCCGCTATCGACAAACACTGCCCCCCACCATTTACCGGTGACGTTATACTGGTACTCCAGCGATCCGGTTGCCAGTTTTGAGGCGCCTTTAAGATTGCCGTCGCTATCTTTAGGCGAAATAGATTTGTATTTATAGCCGCGAATACTGCGGTCGCCCCCGGCGAAGAAACGTAAATCCGGCGGAACTTTGTCGAAATCACCGGTTTCTATCCAGCCCAAATTGGCGCGCATCACAAAACGGTGGCGATCGTACAAAGTCCGAATCCAGACGTTTTGCGCCTGCAGCACGGAGAAATCCACGTCGGAGCCCCAGGCCGTATTCGAATAGTCTACTGAATAGCGCTGCGAATCGCCCCAGGTTGGCATCAGTCCCCCTCGCGAGCGGGTTCGGCTGATCATCACGCCCGGGTAGAACAGCATGGTGGTATTGGTGACGTTCCCCTGGGTAAAGTGGTCGAAACTCCAGCGCAGATTAATCGCCCGCTGCCAACCACTGGAAAGGTCCCAGTAACGCGACACGGCAAGCGTGGTCGAGTCCTGCTCCGTATCATTCAAATCGGTACGTTTAAAACCGCCCTGTACCAGATAGTATTGCTCCAGCGGGTTTTTCAGCAGCGGCATTTTATAACTAAAATCCAGCACCTGTTCCGGCGCAGAAATACTGGTGCTGGTGGTCAGGCTATGACCGTAAGAGTTCATCCACGGTTTTTTCCACGACGCTTTCACGCGCGGCCCGACGTCGGTGGAGTACCCCACCCCGGTTTCAATCGTGTTTTCGGTTCGCGGCGATACCACGCCTTTTAACGGCAGAATTTTTGTTTTACGCGATTTCTCAAATTCCGGCGCCACCACGACAGAATTAAACCATCCGGTAGCGGAAAGTCGGCGGTTTAGTTCCGCCAAATCTTTCGATTCGTACTCATCACCCTCTTTAAACGGCAACAGATTTTGTAAATATTCATCACGAATCTGCGAACCTTCGAAGGTGACAGGTCCGAAGCGATAGCGCTCACCGCTATCATAATCAATATCCCAAAACGCCTGATGGCGGCCCAGAGCAATTCCCAACTGACTTTTAATGAATTCGCTGTCGAAATAGCCTTTACGTAGCGACACGCTGGTTAACGACTTTTTAAAATTGTCATAGTCTCCCTGGTTCAGCACCGTGCCGATTGCCGGACGCGTTTTCAGTAAGGCCAGATAATCTTTGTCCGTGCGCGCGCCGCCGCGTAAAATGACTTCTGTACCGCCAATCAACACCGGCTGGCCGGGCGTAACCCTGGCGATTAATACCTGCCGTCCTTTCGCAGGCGG
NZ_CP041005.1_gap100	4129115	4132079	2964	AATGGCATGACCTGCGGCAGTGTCCCAGACGCTGGTCGGCCCAAATCTGGGGTAAAGCTGCGCCTGGCCTTCCGCCACAAGGCAGAATTTCAGCGAGGAACCAATAGAGGTTGTCTGATGTTCGCCAAGCTGTTGGAGATATTCGGTGAGTTCATCATCCGTATGCGAACGGCTAATCACCACCAGCGGCGGGCGGGCATCCCGGACCTGAATCTGCTTACGCACCCCGCACTCCTCTTTCCAGGCCTTACCTTCCGCCGCGTAGTACATCACTTTCAGCACCGGCGCATAGACCACGCCCAACACCGGCTTGCCCTGCTCAATCAGCGCGATATTGACCGTGAATTCGCCATTGCGCTTGATGAACTCCTTGGTGCCGTCGAGCGGATCGACCAGCCAGTAACGCTGCCAGTGCTGGCGCACTTCCCAGGCGGGCGGATCCTCTTCTGAAAGCACCGGAATATCCGGCGTGAGCGTGCGTAACCCTTCGAGAATCACGGTATGTGCGGCGATATCCGCCGCAGTGACTGGAGAATCGTCCTGCTTGCGGGCGTACTCCATCGGTTTGGCTCCATCATAAACCTGCATAATGGCATCGCCCGCGTTCCGTGCAAGCTGGCATACTTGTTCTAACATTCTCCACCTCTTTATGACGGGGGCGTTAACTCGTTGTTTTACTTATACCCGATCGTTAAGGGTTCCGCCAACTGTGATACCGTCAGCGGTTTTGATAATAGCTTTCATGGCATGATTCACCTTTCTGTGAACACTCGCAAAAAATCGGCCGGATGGGGCGGTTTCGCCTTCTTCTGGCGACGGTTGGAACGATATCGGGTTTCACTGTTTGTCATCGCTATTTTTCACTATCCGGCTTTTCTATTGCGTTCTTAAAAGGTGCCTCTGATGATTAAGTTTAGTGCAACGCTTCTGGCTACGCTGATCGCCGCCAGCGTGAATGCGGCCACCGTCGATCTCCGTATCATGGAAACTACTGATTTACATAGCAACATGATGGATTTCGATTATTACAAGGATACCGCAACCGAAAAATTCGGATTGGTACGTACCGCAAGTTTGATTCATGCCGCCCGAAATGAAGTCAAAAACAGCGTGCTGGTGGATAACGGCGACCTGATTCAGGGGAGCCCTCTGGGCGATTATATGGCGGCAAAAGGGCTCAAAGACGGTGACGTTCACCCGGTCTATAAAGCGCTCAACACTCTGGATTACGCGGTTGGAAACCTCGGCAACCATGAGTTTAATTATGGTCTGGACTATCTGCATAACGCGCTGGCTGGCGCGAAATTCCCTTATGTTAACGCCAATATTATCGACGTTAAAACCCAAAAGCCGCTCTTTACGCCTTATCTGATTAAAGAGACGAGCGTTATTGATAAAGACGGCAACCCGCAAACTCTGAAAATCGGCTATATCGGCTTTGTTCCGCCGCAAATCATGATTTGGGATAAAGCGAACCTGAGCGGCAAAGTTACCGTCAATGACATTACGGAAACCGCCCGGAAATATGTGCCCGAAATGCGCGAGAAAGGCGCTGATATCGTGGTAGTCATTGCTCATTCAGGTCTTTCTGCCGATCCGTACCACAGCATGGCGGAAAACTCGGTTTATTACCTCAGCGAAGTTCCTGGCGTCGACGCGATTATGTTTGGCCACGCTCACGCCGTCTTCCCCGGTAAAGATTTTGCCGACATCAAAGGCGCGGATATCGCCAAAGGTACGCTTAACGGCATTCCTGCGGTAATGCCTGGCATGTGGGGCGACCATCTGGGAGTGGTCGATCTGGTGCTCAATAACGACAGCGGCAAATGGCAGGTTACGCAGGCGAAAGCGGAAGCGCGGCCTATCTATGACGCCGCCGCTAAAAAGTCGCTGGCGGCGGAAGACAGTAAGCTGGTCGGTATTCTGAAAGCCGATCACGATGCCACCCGCGAGTTTGTCAGCAAGCCCATCGGTAAATCCGCCGATAATATGTACAGTTATCTTGCTCTGGTGCAGGACGATCCTACCGTACAGGTGGTGAATAACGCGCAAAAAGCGTATGTGGAACACTTTATTCAGGGCGATCCGGATCTGGCGAAACTGCCGGTGCTGTCCGCCGCCGCGCCGTTTAAAGTTGGCGGGCGTAAGAACGATCCTGCCAGCTTTGTCGAGGTGGAAAAAGGCCAGTTGACCTTCCGTAACGCCGCCGATCTTTATCTCTATCCGAATACGCTGGTGGTGGTGAAAGCCAGCGGCAAGGAGGTAAAAGAGTGGCTGGAATGTTCTGCCGGACAATTTAATCAGATTGATATTCACAGCAACAAACCGCAATCGTTGATCAATTGGGATGGCTTTCGCACCTATAATTTCGATGTCATTGACGGCGTGAATTATCAAATCGATGTGTCACAGCCCGCCCGCTATGATGGCGAATGCCAGATGGTGAATCCGCAGGCGGAACGTATTAAAAACCTGACCTTTAACGGTAAGCCTGTCGACCCGAACGCTACGTTCCTGGTCGCCACGAATAACTATCGCGCTTACGGCGGCAAGTTTGCCGGCACGGGCGACAGCCATATCGCCTTTGCGTCTCCGGATGAAAATCGCGCCGTGCTGGCGGCATGGATTGGCGCAGAGTCAAAACGCGCGGGCGAAATCCATCCGGCGGCGGATAATAACTGGCGTCTGGCGCCAATCCACAGCGATACGGCGCTGGATATCCGCTTTGAAACATCGCCAGGCGATAAAGCCGCTGCCTTCATTAAAGCGAAAGGGCAGTATCCGATGAAGAAGGTTGCCGTCGATGATATCGGTTTTGCCATTTATCAGGTGGATTTAAGCAAGTAACGTGTGTCCCGTATGGCGCTGCGTTTATTCGGCCTGACTGGCAGGCCGAATAAAGCGCTAGCCGCCATCTGATAAACGTTCCCGCTGCGCCAATACCTGCGGCAAATTCAGTTCTAT
NZ_CP041005.1_gap101	4134324	4136962	2638	CGTGGTCATTGCCGTGAGAGCGAAACCGGAAAAAGCGACCGTCGTTCCGGTCACGGAACGCTAATTTCATACTCGCTTAAATTATACGCACCCCGAAAGAGTTATAGCTTCGCCTTAAAGATGCATTTAAAATACAACTTATATTATTGCAAATGAGGTAACGGCTATGGCTTATCGCGATCAACCTTTAGGCGAACTGGCGCTCTCTATTCCCCGCGCATCGGCGCTGTTTCGCCAGTACGATATGGATTACTGCTGCGGCGGAAAACAGACGCTGGCGCGCGCCGCCGCGCGTCACGACGTCGATATTGACATCATAGAAGCGCAACTGGCGCAGTTGGCTGAACAGCCCATCGAAAAAGACTGGCGCGCCGTTCCGCTGGCGGACATTATTGACCATATCGTTGTTCGCTATCATGACCGACATCGCGAACAACTGCCGGAGCTTATTCTGCAGGCAACCAAAGTGGAACGCGTCCACGCGGATAAGCCAAACGTCCCACGCGGCCTGACAAAATATCTCACCGCGCTGCATGAAGAGCTTTCCAGCCATATGATGAAAGAAGAACAGATCCTGTTCCCCATGATCAAACAGGGTATGGGTCGCCAGGCAACGGGCCCGATAAGCGTAATGGAAAGCGAGCATGACGAGGCGGGAGAGCTGGTAGACGTCATCAAACACGTCACCAAAAATGTAACGCCGCCGCCAGAAGCCTGCACCACCTGGAAAGCGATGTATAACGGCATTAATGAGATGATTGATGATCTGATGGAGCACATCAGCCTGGAGAATAACGTGCTGTTCCCACGCGCGCTGGCCGGGGAATAATCGCCAGCCGGGCATTTTGCCGGATGGCGGCTGTAAACGGCGCCTTATCCGGCCTCCAAATCAACGTTACGCTGTAAGCCCGGTAAGCGCCAGCGCCACCGGGCAAAACAATTAACGCATTCCCGCCATCCGTTTCTTACCTATCAACAGCCAGCCCAGACCCAACGCGATAAACCACAGCGGCGTCACGATTAGCGCCTGGCGCGTATCGTCTTCCAGCGTCAGTAATACCAGCACGAATGCAAAGAACGCCATGCAGACCCAGCACATCAGCTTACCGAGCGGCATCTTATAGATGGATTTTTCATGCAGGTGGGGACGCTTTTTGCGGTACACCAGGTATGAACACAGAATGATGGTCCAGACAAACATAAACAGGATGGCCGAAACCGTAGTGATCATGGTGAATGCGCCAATCACGCTCGGGTTGACCATCAGCATAACCACGCCGCCCAGCAGGCAGATACAGGAGAAGGTCAGGCCTTTCGCCGGTACCGCGCGTTTCGATAGCTTAGCGAACGCTTTTGGCGCCACGCCTTCTTGCGCCAGGCCAAACAGCATACGGCTGGTCGAGAAGACGCCGCTGTTGGCGGAAGACGCCGCCGAGGTCAGCACGACAAAGTTGATCACGCTCGCAGCGGCAGGCAGACCCACCAGTACAAACAGCTCAACAAACGGGCTCTTATCCGGCACCACGGAACTCCACGGCGTCACCGACATAATGACAATCAGCGCAAAGACGTAGAACATGATGATACGGATCGGTATTGAGTTAATCGCGCGCGGCAGCGATTTTTCCGGATCTTTAGTTTCTGCGGCGGTAGTACCAACCAGCTCAATGCCCACGAAAGCGAACACTGCAATCTGGAAACCGGCAAAGAACCCGCTAATACCTTTCGGGAACCAGCCGCCGTCATTCCACAGATGCGCGAAAGACGCTTCAACGCCTGTCGGCGATTTAAAGTGCATCGCAATCATCACCAGCCCGACCACAATCAACGCCACAATGGCGACGATTTTGACCATAGCAAACCAAAATTCCATTTCACCAAACATTTTAACGGTGGCGAGGTTGAGGCTTAGCAGCAGGATCACTACCGCCAGCGAGGCGACCCAATCGGAAAGGCCGGGAAACCAGAACTGCGCGTAGGCGGTAATCGCCACCACGTCAGCCATACCGGTCACTACCCAGCAAAACCAGTACGTCCAGCCGGTGAAATATCCCGCCCAGGGGCCAAGCAGGTCGGAAGCAAAATCGCTAAACGATTTATATTCCAGATTCGAGAGCAGCAATTCCCCCATGGCGCGCATCACGAAAAAAAGCATAAAACCGATGATCATATACACAAAAATGATCGACGGTCCGGCGAGACTGATCGTTTTACCCGATCCCATAAACAGACCGGTACCAATAGCGCCGCCAATAGCGATAAGCTGTATATGACGGTTTGTAAGATTGCGCCGTAGCGACTGTTCAGCCGGAGCCTGTTCGTCGGCTGCGACTTTTACCTGATCTACCATGTTTTTCTTCCTGTACCTGTCTGTGTTGTGCGGGCTCTACGGCCTTTGGTCTATGATACGACGATCCTGTTATCAGGACTCATCGATATTAGGTAAGAATCGGCGGGATGAATACTAAGATTCAAATACAATGTTAATTTTATGTTTAAAATGAGTGTTATATCACTTTGATAATGCGAATTAGCTCACAAAAATACACGTAACGACGCCATTTGCAAAATAAAATATTGGCATCTGCTGAAGCCAGGGTTGCCGGATAAGGCGTTTACGCCATCATCCGGCAAACCC
NZ_CP041005.1_gap102	4141794	4145070	3276	CCTGAGCAGGGGGCTTTTTTCGCGGAAAGATGGCTCCGGAATTAGACCTGTGACATCCCGATAATATTCACATTCCGGAGCTCATACTTCACTTCTGCCCGTAATACGCATTCGGGCCATGCTTACGCATGAAGTGTTTATTCATCAGATAATCGTCGATGGGATTCAGCGCCGGGTTAATACCGCGCGCAATCCACGCCATTCGCGCCACTTCCTCCATGACGACCGCGTTATGTACCGCATCGTGCGCATCTTTCCCCCAGGCGAACGGCCCGTGTTGATACACGACAATACCTGGCGTATGCAGCGGTTCCACCTCGCCCAGCGTTTCGATGATCACCTTGCCGGTGTTCAGCTCGTACTCGCCCTGCACTTCTTCTTCGCTTAACGCTCTGGTACAAGGAATATCGCCAAAGAAATAGTCCGCGTGCGTGGTGCCGAGCGCTGGAATAGCCATCCCCGCCTGCGCCCATGCCGTGGCGTGGGTGGAGTGGGTATGAACGACGCCGCCAAGCGACGGATAGCGTTGATACAGCGCCAGATGGGTAGCGGTATCGGAAGAAGGACGATAACGTCCCTCCACCACTTTGCCATCCATATCCACCACCACCATGTCATCTACCTTCATGGTTTCATAGGCGACACCGCTTGGCTTAATCACCACCAGCCCGCGTTCGCGATCGATAGCGCTGACGTTGCCCCAGGTAAAGGTCACCAGCCCATAACGGGGCAAATCCATGTTAGCGTCAAATACCTGCTGCTTGAGCTTTTGCATTAGGCTGCCTCCACCAGACCGGCGCTGGCCATGCGCGCTTTCACCCAGTCACGCGCTTTCGCTACCTCTGCCGCCGGGTTCTCTGCTGTTTCGCTCCACATCTCAATCAGATAGGGCCCGCAATAGCCACTCTGTTTGAGCGTTTCGAAGCAGCGTTCGAAATCGACAACGCCTTCGCCAAACGGCACATTTTTGAACACGCCGGGTTTAGTATCTTTGACGTGTACCGCGACGATATGCCCGATTCCCGCCTGTAGCTCCATCTGTACGTCGTTATCCCAGGCAGACAGATTGCCGATATCTGGATAGAGCTGGAACCACGGGTTATTGAGGTAGTGAGCATAGCCCAGCGCTTTACTGATGGAATTCATCAGCGGGTAGTCCATGATCTCCATCGCCAGTGTCACCTGGGCGCGGCTGGCCATATCAACGCTCTCTTTTAACCCATCGCGGAAGCGGCAACGCGTTTCGTCGTTGGCCTGCTGATAGTAAACGTCGTACCCCGCCAGTTGAATGACGCGAATCCCGACGTCCTGCGCAAACTGAATCGCTTTACGCATAATCTCCAGCCCCTGCGCCCGTATCGCGTCATCTTCGCTACCGAGCGGAAAACGACGATGCGCGCTCAGACACATGGACGGCACACGCACGCCGGTTTCAGCAACCGCGCTCACCAGCGCCAGGCGCTGCTCGCGACTCCAGTCGAGCCGCGCCAGTCGGGCGTCGGTCTCGTCCACCGACATTTCAACGAAGTCAAAACCCAGCGTTTTCGCCAGCCGCAGGCGCTCCAGCCAGCACTCCCCGGCAGGGAGCGCTTTTTCATAGATGCCGAGCGGAATTTGTTTCGACAGCATAGCCGCTCCTTAGCCCCACAGTTGGGCAATGGAGCGTTTGAACTGCCGTGCGGCTTCTACCGGCGATTCGGCATCGCGAATGCTGCGCCCCGCGATAAAGACATGGATCGGAATGCCTTTGAACAGCGGCAGGTCTTCCAGCGCCAGTCCGCCGGTCACGGTCACTTTAAAGCCCATATCGGACAGCCGCTTAATCGCGGTAATATCCGCCTCGCCCCACGCCACGCCTGCCGCCTGCGCGTCACGGCTGCGGTGATAAACCACTTGCTGAATACCCGCATCACGCCACTGCTGCGCCTGTTCCCAGGTCCAGTAACCGGTCAGTTCGATCTGCACGTCGCCGTTGAACTCTTTCGCCACATCCAGCGCGCCTTTTGCGGTGTTGATATCCGCACAGCAAATCACGGTCACCCAGTCCGCGTTGGCTTCGAAACACATACGGGAGAGGATTTTACCGGCATCGGCAATTTTGGCGTCCGCCAGCACGATTTTGTGCGGGTAAAGCGCTTTCAGGTCGCGAACCGCACGCACGCCTTCGCCCACGCACAGAATGGTGCCCACTTCGATAATGTCGACTTCTTCGGCAATCAGGCGAGTGGTTTCATAGGCGCTATCCATAGTCTGGTTGTCCAGCGCGACCTGCAACATTGGTAATGACATTTTCAATTCCTTCTTAAGCTGCCGCGTTGGTGCGGTCAATGAGATCCAGGACTTCCTGCGCGGTACGGCAGGCGCGTAAACGGTCAAAATTAGCTTCGTCTTCAAACAGGTTGACGATCTGCATGATGCCCACTTCCTGGTGAGTGTTGGCATCAACCGCCGCCATGGTGATCAGAATATCGACCGGGTCGTTATCTTCGTGGTTGAACTCCAGCGGCTTTTTCAGGGTCACCAGCGAAAAACCGGTTTTCTTCACCCCTTCTTCCGGGCGGCCATGCGGCATCGCCAGGCCGGGGGCAATCACAAAATAGGGGCCAAACTGCTCAACGCCATCCAGAATCGCCTGGTAATAGCGCGGCTCTACCACGTCTGCAGCCACCAGTAAATCGACGCCGATCTTGACGGCTTCCTGCCAGGTATTCGCTTCAGCCTGCAGGCGGATAGAATTATTCTCCGCCAGTGAATCACGTAATTTCATGTTGCATCCTTACTTCACGTCTTGCGGGAAATGTTCTTTGATCACTTCCAGCAGTTTCGGGCCAAAATCCGCAGGCGACAGCATGTTGCGCACGCCAACCACATATTTGTTGCCGGTCACGCTGATTTCGCCTGCAATATGGGTAGAAGCGATGATGATATCCGCGCCGCTCAACTCGCTTTTGTACTCGCCAACCGCGCAGCTGTTTACCGTGTGGTCAATGTTTGATTGGGTTAAAAACTGGTCCACTTTCATTTTCATGATCATGGAACTGCCCTGTCCGTTGCCACACACAGCCAGAATACGTACGGTCATAATCAAAACTCCTTATTAAGCAGACTGTTCTGCCAGTTGTTTTTCTGCATCTTCTTCTGCGCGCAGTGCGCGGCCAGCGAAGAACATATAAGCCAGTGCAATTACAATGATGACGGCCATAAAGGCGATACCGAGGGAGAAGAAGCCCTGCATCATCGGCGGTGCCAGAATCGACCAGTCCGCCATACCCATCC
NZ_CP041005.1_gap103	4147840	4149315	1475	TCAAATACTGCTGGATATGCTGGCACAGTTGGGCTTTGTTACCGTCGAAAACGTGATTGAGCGTCTGGGGATCTCCCCGGCGACAGCGCGCCGCGACATCAACAAGCTCGACGAAAGCGGGAAACTTAAAAAAGTGCGCAACGGCGCAGAGGCCATTACCCAACAGCGGCCCCGCTGGACGCCGATGAATCTGCACCAGGCGCAAAACCACGATGAAAAAGTACGCATCGCGAAAGCGGCGTCGCAGCTGGTAAACCCGGGTGAAAGCGTAGTGATTAACTGCGGCTCCACCGCTTTCCTGCTGGGGCGTGAAATGTGCGGGAAGCCGGTACAGATCATTACCAACTATCTGCCGCTGGCGAATTATCTGATCGATCAAGAGCATGACAGCGTGATTATCATGGGTGGTCAGTATAATAAAAGCCAGTCGATTACCCTGAGCCCGCAGGGAAGTGAAAACAGTCTCTATGCTGGCCACTGGATGTTTACCAGCGGAAAGGGCTTAACCGCAGATGGCCTGTACAAGACCGATATGCTAACCGCCATGGCGGAACAAAAAATGCTCAGCGTCGTCGGGAAACTGGTCGCGCTGGTCGATAGCAGTAAAATTGGCGAGCGCGCGGGGATGCTGTTCAGCCGCGCCGATCAGATCGCTATGCTGATTACCGGCAAAAATGCCAATCCGCAGGTTTTGCAACAGCTTGAAGCCCAGGGTGTAAGCATACTCCGCGTTTAAAGATGCTGTCGGAAAAACGCTACCGTCGCCGACAACGCTTCTGGCGTAATGCGATGCCGCACGCCTGCGGCCCATAAACAGGTCACATGCTTATCCAGCTTCGCCGCGGCGAGTGCCTGCTGGAGCCGGAAGGTTTCGATAGCAGGCACCACGTCATCCTCCTGACCATGCCACAACAGAAGCGGCCTGTCGGCCAGTCGCTCTAACTGGTGTGTGACTTCCCATTCACGTAGCGGCGCGATGATATTGTCGAATTCCGCCTGCTGTGCCGGGTTCTGCGGGGATAACGGCGGGAAAAGCGTCCGGGCGAGCCCGGTAAAATAGCCCGACCCCATTAAACTGGCCCCGCATTTTACCTCTCGGTGACGCGTCATAATGCCCAGCGCCGTCATACCGCCCATGGATGCGCCGCCCACCGCCAACCGCCCGTCAAGTAGCCAGTTTTCCGCCTGAATCGCCGCACGTAACGTCGTAAATTCCTGCATGTTTTGGTGCAGAATCTGCCAGAATCGGTGTATTCGTCCCTGTGAGTCGCCGCCGAAGCGAGCGCCATGCTCCGGCGCATCCGGCATGACTACCCGGAATCCTGCCTGTGCCAGGGCAACGGCAAAATAACTATAAACCAGGCTGGAGGAGGTGAAGCCATGATAGAACACCACACAGGGAAGCGGCACGGCGCGTTTCCCTTCCGGGAAGGCATGTAGTACGACGCCTCCGGCTAATTGTCGTGTTTCAATCG
NZ_CP041005.1_gap104	4260333	4262593	2260	CAGCGCAAACGGCGTGGTAACGGAACGTACCGCCAGACTACGCTGAATCTCATCCGATAACGTGAACAGACGCGCCAGCCAAACGGAACTGGTGACTGCCACCACCGTCGCCGTCACTACGCCCGCGGTGAGCGACATCCAGTGACGTTTGATAATCGCGAGGTTATCGTACACCGGCACCGCAAAGGCAATGGTCGCCGGGCCGAGCAGCCACAATAGCCAGTGCGATTCACCAATGTAGTTTTGCCAGGAGATATGACCGAACACCAGCATTAACACCAGCAGTGCCGGCGTCAGCACTAATGGCATCAACGGCAATTTGCGAAAACGGCGATACAGGCGCTTATTGGCGAAATAAATTCCCAGCGTAATCACCAGGCACAGTACGCTTAACTGAACGTTATTCACGGTTTAGCCTGCTCATCTCATAGCGATACACTTTATCCACCACCCACGCCGTCGCGCCGAGTACCATTAAGGTACTGATCGCTATCACCGAGAAAATGCGCCAGCCGTCCACCAGTAACAGATGGGCATAGTTCACTACCGCCACGACGGCGGGAACAAAGAATAACAGCATCTCCGCCAGCAGCCAGCGTGCGCCTGCGCGTACCCAGCTAAGCGGAATAATCCGGCAAACGATCAGCGCCAACATAAGCACCATGCCGACCAGATTCGCGGGCAACGGCAGGTGCAGCCAGGAGACAAGATATTGGGAAAAAATGAATAAACCTGCATAGAGCAGTACCTGAACCGGTACCTGGAGTCGTTGCACAACGGCAGGCGTAACGCGGCTTATCGCCACAGCCATGAGGGAATGTCCTGAAAAATAATACGGAGCGCCAGTATAGAGAACCTCCGTCACGGGCAGAAATGAATTAAAATCATTGCAGGCATAGTCGGAAGGAATAATCATGGATATCAGAACGCTGCGTTATTTTGTCGAGGTGGTGCGCCAGCAAAGTTTCACCCGCGCAGCGGAGAAGTTATTTGTCACCCAGCCCACCATTAGCAAAATGCTGAAAAATCTTGAAGATGAGCTTAACTGTACGCTACTGATCCGCGACGGACGTAAGTTATTGCTGACCGATACCGGACGCGTGGTGTTTGAACGCGGTCTGGCGATCCTCGCTGAGTTTCGCCAGTTAGAGGCCGAGTTGAGCGATATTAACCATCTCAATAAGGGCGTGCTGCGGCTGGGTATTCCCCCGATGGTCGGCATGTTGATGGCCGGGCCAATCAGTTTGTTTCGACAACGCTACCCTGGCGTTGAACTCAAAATTTCGGAGTTTGGCGGCCTGACGGTACAGCAGGCGGTAATGAATGGCGAGCTGGATGTTGCGATGACCGCGCTCCCGGTGGAAGAAGCGAGCGGGCTGACGACGTTATCGCTGTTCAGCCATCCGCTGTGCGTGCTGGTTCCCCGTTCCGGTCAGTGGACAACCGGCGACTCCATCGCGCCTGAAGCTCTGGCGGAGCATCCTCTTCTTATCTATAACGAAGACTTTGCCCTGAGCCGCCAGTTGATGACCTTATTTAGCCAGCATGACGTAAAACCACGGATTGCCGTGCGCAGCGGGCAATGGGATTTTCTCGCCGCCATGGTGCAAGCGGGCGTCGGCATCGCCATTTTGCCGGAGCCGATTTGTCAGCGTCTGGATAAGGCCACGCTGCGCTGGCTACCGCTGGAAAGCGATCTCCGCTGGCAGTTGGGCATGATTTGGCGAGAGGGCGTGTATCTGTCGCACAGCGCCCGGGCATGGTTAACCTGTTGCGAAGGGTTTTGGCTGAAACAACCGTAAGCCATGGGTTAAGACCCTTGCCGGATGGCGGCGCAAGCACCTTATCCGGCCTACTTGTAGGCCCGGAAAGCATGGCGCCACCGGGCCACAAGGACTACTGATTTTCTATCAGTAGCGCTTCCATCAAATCCAGGTCGTGCAGCAGCTTTTGCAATGTTTCATTGCTGATTTCTCGCGTGGCGCGCAGATGATACAACTCGGCGCGCTCGGAACGCAGCGCCGCCAGACGGAAACGTCGCTCCAGGTTTTCTTCCTGTATGGAGCTTTCGACATCGTTTCGCCCATCGGCACGGCGACGCAAGTTACCAATGACACGTGAGCTTACTTCAGTAAGCAACTGATTATCGATGTTTTCTTCGGTATCCGCCGCCAGACGCTCTTCCATTTTCTGAATGGCGACAATCGCCACTTCCGCCGTCGCCGCGCGGGCGATACGCTCCTCTTTCAACTGTTGCGCA
NZ_CP041005.1_gap105	4267550	4271170	3620	GGGCGTCTGCCCGCGTATCGTCAGAGGCGCGGGCGTTTGTTGTAGCCAGGCGATGAATTCCTGCGGTGGTAACGCCTTCGCAAAGTGCCATCCCTGACAATACTGAACGCCGCGTTTTAGCAACCAGCTAACCTGTTCAGCCGTTTCAACCCCCTCAGCAATGATTTTTAGCCGCAAACTTTGCGCCATTTCAATAATATGTTCCACAATCAAATGGCTGGCGCTATTAGTGGTTAGCGTGTCGACAAAAGATTTATCAATTTTTAAAAGGTCGATATTTAATGAGTACAGGTTATGCAAGTTCGAATAGCCGGTACCAAAGTCATCAATTGCCACCTCGTATCCCGCCTGGCGAAACGCCTGAATAATCGGCGTCATTTTAGGCACATCAATAAATCCGCGCTCAGTCACTTCAACCTTTATCTGTTGCGCAAGCACTGAATGCTGACGCGTTTTTTCATGAATCATCACAATTAGTCGGGAAGAGAGAAAATCGGCGGCAGCGAGATTGATAGAGACATAAAGATGCGGGTGCGCGGCCAGAAAACCACCTAAATCATTAAATACCTCTTCGACGACATAATCGGTGATCTGCTCAATCATCCCCTCTTTTTCCGCCAGCGGAATAAATTCGCACGGGCTCATCACCGGACCGTGATAGCCCGGCCAACGCAATAGCGCTTCGGCACCTACACATGTCCCGTTTCGGATATCAATGATCGGCTGATAATGAAGGCAAAGCTGGTGCCTGGTAATGGCCCGTTGCAGCAATCGACGCGGTGAGTAATATGCCTGCCGGGATCGTGACCACATAAATAAGATGATAATGCTACAGATGATCCCTAACGGTAGCGTTAACGTAAGCTGATGAAAGAGGTTCTGGTAAAAGCGTTGCTTTGAGGTTGACACAATCGCGGCAACCGGTCGTTTTGCTGATTTAACCAGAGTATAAAAACGCTCACCCTGTTGGAACACAGGTTCACTCCGTCGTACCAAAGGTAATAGCTGATCAGCCTGCGCCTGTTCACTCAGGGAGAAAAAGGTGTTGGTCACCGTATCATACATTCCCCAGGCCAACGCCGGATCGTCTGACATCACCTCGCTATAAGATAAGGGATTGATAACCGCGACATAGTTTCCCCGCTGCATATATGTCATTTTATAACCGTTGAAAAAAGGCGTATCACGATAGTAATAAATAGCGATGTCAGGCTTTCGTTTATAGTCAGCGCGGGGAATAAAATAAGGACTTGTTGGCGTCATAACCGTAGAGCATAGAAAACGCTGGCCCTTAGCATAAATCAACTCATTAATGTACAAACGACCGCGGATAATATTCAGCATTCGCTGTTGATGGGCTGGCGTACAGGCTTGCCCCTGATATTGTTCAGCGGCATCGCGGGCTAAATCTGCTTGCAGGATAACCCGCTCCGTTTTATCTAATACCAACTGCGCAAATGAATGTAACTGATTTCTGGTTTCAGAGACTGCCCGGATATGAGCAAACCAGATCGCCAGCAATATAGGAAGTAACACCACAATGATCGTTCCGAGAAATCTCAACACCTTGCGTCGTGTGCTTTGACTCATTTTCAGCCTATTTCCCTGCATTATTTGTGACTATTGTTGGCAAAATAAGACGTGAACCAAATGGAGGTTTACGGTGCATGAATTTATCAATATTAGCAACAGACTTTTACCGATCAACATTTACCATTAATAACTACGCGCAATCTCTTTCGCATACCAGGCAGGACACTAAATATTTTTGATAATATCAGATTTATACTCAAGTAAACGATGGGGTATACATCTTTACTCCTTTCTTTTGATAAATAACTTGATATTTTTATCAGGTCTGAATTTCACGAAAAAAAATAAAAGAGTAGTAATAATACATCTTTGCTTTCCGGCAGTTTCTCTACGGACGCGTAGAAGTCACACAAAAAATACGGTTATAAAACGCACAAAAAATACATTGCCGATCTGGCGAACAAGCTGGTTTTTGTGATATAGTTCACAAAAACAATGAAATAGAAACAATGTTTCATTCGATGTTGATGTGATGTCCGTTGATAGCCAGAATGTCCCACGTTTCCCGGGAACAACGCCGTGCTGTCCTGGACAAAGGTCTATTCAGAGGAAATGTTTCATGGCTGCCATAACCACTGGTGTCGTTCTTCTCCGCTGGCAACTGCTGAGCGCCGTGCTCATGTTTTTAGCCAGCACGCTCAATATCCGTTTCCGTAAATCAGATTATATTGGTCTGGCGGTGATCAGTAGCGGTCTGGGCGTGGTATCCGCCTGCTGGTTTGCCACCGGTTTACTCGGTATTACCATGATGGATCTCGCTGCGATCTGGCATAACATTGAAGCCGTAATGGTCGAAACGATGAGCCAGACCCCGCCAGAATGGCCGATGGTGCTGACCTGATACGCTATCGCTGCCGCTGAAGCCGCCCACCGGTTATCTCAACGCGGAATCGCGCGCCAGGGGTAGCCTTGCGCACCATCACGTCCCTCGCATTGCCGTTGATGAGGGCCGCCAGGTGTGGTTATCCAAAAATGGCAAGTGGAATAGCCCTAACAGAATCGAGCTAAACTTATTGAAGACGTTGCCGACTCGTTAAATGACAAAAAAGACCCGTTTGTGCAACGGGTCTTTTTTATTAAGCAGTACCACCTGATAACAGCGACAAGCGCTGCTTATTTTACATTAATAATTTATCCGGAGAACAATCACGGATTATTTTTCCACCTTTCATTACCAGGACCCGGTCAAAATACTTTATCAGATATCGACGATGCGTCACCATGATCAACGTTTTCCCATGAATAAACTCATCTAAGTTATCAAAAATTTGCTTCTCGGTATTCTCATCCAGATTTGATGTTGGTTCATCCCATAAAAAGACGCTGGCGTCACTACTCAGACTACGTGCTAATAATAACTGCTGCTGCTGTCCGGATGACAGGTTTTTAGCCATAAAATTCACCGGAAACTTCAGCCCCATAGGATGTTGCAAGATAAAACCACAGTTCGCCAGCTGAAGCGCCTTGAGTACCCGGCCCCTGTCGTTTTGCGGTTTTAACGCGAAATTACTTTCAATGGTTCCGGTGAATAAAACATCATGTGTCGTCACCACGCTTAAATGCTGAGAAAAAAAGTTCTGCGATAAATGTCCTAAGTTATATCCATCATATAAAATGGCACCGTCTGTTGGCGAAAGGTAGCCAGATAGCATTCCCAGTAATGAGCTTTTTCCTGCTCCGCATTCGCCTACCACCGCGACACGTTGCCCCGCAGGTATGTCTATAGACAGTCGGTTAATAATCATCGGAGATTGAGCATCATACTGATAACTCACGCCCCGGATAGAGATATCGCCATTGCACTTTGATATTGACTGTAATGCCGGTGTTTTTTCTGCCTGATCTTCATCAAAAAAAGAAAGCAGATCCTTACCGGTTTTTTCTGCTGATAAAATAGAGATTAATGTAGAAGAAAAATTCGAAATGATCCCGGAAATACGGCCAGAGACAATGACAGATGAAACAATTGCGCCAGTAGTAACATCACCCTTGATTACCATAAAAAAGGCTATTACCATAATAGTTAT
NZ_CP041005.1_gap106	4273902	4277628	3726	GAAGCTTGTCTGTTGATAATTCCCATCGTCCTGTTGCCGCCACAACAGCAGTTGCCAGCGTGACGCCAGCCACGATTAATGATACCGTAGCGCCAATTTCACCCGTGCCTCGCATGGTAATGAGATCGCTATTACTCCACCATTCCGTTTTCGATGATGATTTATTGTCATCAAGCTCGCTGGTAAATACCTTGATATGCGTATCAACCCAAATGGAATACTTTTCCTGATTTACGTTACCAGCACGGTCCGTAGATTTAACAGTGATATCCAGTTGGCCTTCTGTGAAATAAAGCGGGTTCACCGGCATCTGCCAGTGGCCTTTTTCATTAACCCAAACTTCCCCCACATTTAAGCCATTAATGATGATTTCTATTTTGCTATTGGGCTCGGCACTGCCACTAAACAATAAGTTACGCGTCGTGTCCGTTATATATATTTTGCCATCACTACCGGTCATCTCTGCTAACGTTTGTCCACCGATAGAATCAATGGCGACAGGCGTCGTATTAAAGGTATCGATAGTAAAGTTTAGCGTTTTCGAGGTAGCCGTGTTGCCTGCTTTATCGGTGATAACATAATAAATGCTATGGGAACCATCGCCCAACGGTGACTCAGGTCGATAAACTTGATTTCTGTCGGTCACCGTGATCGTATCGACTAGCACTCCATCAATGAAAATCTGAACACTCTGGTTCATTTCTCCAAAAATACTAAACGTAGGCCGGGTCTGACTCGTTATACTATCATTACTGAAAATACCATTATCAGAACCTGCCACCATAGCAGGATTATCGATAAACGTACTGGTATCTATCGTGACGAGTAAGCGAGGCGATTCTGCCGTATTACCTGCCGGGTCTTCGGCAACCACACGGATAGAATATTCACCATCTTTTAACGCATTATCAAACTGATAGGACCAGGTTCCATCTTCAAGCACAAGAACATTTGCCACGATCTTTTCATCCACATAAATATGGATTGTGGCTCCCGCTTCTGCGGTGCCAACTAATACAGGCTTGTTGTGATTAGTAATCAGATCGTCAAGTGAACCAGAGTTGCTTGCATCTTCAAGGTTGAGCGTTGGGAAGTCGGTTGATGAATCGACATCCACGCTATAATCCTTGCTCACTTCAGTGTTGCCAGCAACGTCAGTAATGCTGAAATGAATATTAAACGTACCATCATCTTGCAGCAGTATCGGCGCGCGCCATGTGCCATCAGCCTCAACCATAACAACGTTGACTAATTTACCATCGACAAAGATGCTGACCTGAGAACCAGCCTCCCCGACACCTGAGACTGACAACGCTCGGTTATTAGAGAGGGCCGGTAATGAATCTTCATCAATATCAAAGACAGCAATTTGAGAATCGATTGTCACGGTTGTAATCGCAGACTCAACCCGGTTACCAGCAGTATCCGTAGCAACAAATTGCACCTGATACTCGCCGTCGGCGCTATTTGCCGGCATGGTATAGCTAATATTACCTGACGAACTCGCCTCTACTGTGCCTTGTAACACACCATTAATATAAACCTGTACCGTCGCGCCGGGATCGGTCATGGCAACCAGTACCGGAGACTTATTATTGGTAATCAGATCATATTTATCACCGCTATTAGTATCCCGACTTAATGAAATATCGCTGATTTCAATCTGCGTATCATGTTCTATCAGAATCTCTTTTTGTTGACTGTTGCCCGCTTTATCTTCCGATACCACGACAAAGGCATTACTACCTTCACGCAGATCTAATTCTGCGCTCCATCGACCATCATTGCCTACCACCAGGGTAGCAATAACCACTCCCTGCGGATTCCTGATGGTTAAAGTACTTCCGGCTTCGGCAGTACCATCGATGGTGACATGAGATTTATTGGTGATCCAGTCGCCAACTTTGCCACTGTCATCAGCTTCGCGTAATACCACGGTTAACGGCGAAATTACTGTATCCAGTATTACATTCTGCGGACCAAACTCTCTGATATTACCGGCAACGTCTTCAACTTTAAACGTTAATTCATAATTACCGTCATTACCCAAAGCGGGTAATACTACGCCCCAGTGTCCTGCGCCTGTCGTATAAGCAATCGCTTTTTCAACGCCATTCACAAAGATAGTGATTTTGCTGTTTGGCTCACTGGTGCCGCCAATCTCCGGCGTCACCGTATTGATATATCCGCCCTCATGCATTCCAGATATATTCCATACCAGTTCAGCAACCTCGGTATCGATAGTGACATCAACGGCGGTAGAACGCAGTTCGCTATTATCGCGAGGGTTGACGATACCCACCTGGACGACATAATGGCCATCTTTCATTTCCGATAACTGGAAAGTATATCGACCCGCTGTATCCGCTGTCGCCTCGCCGACCTTCACGCCATCCACATAAATACTCACAATCGTATTAGGTAACGTGCTCCCAATCAGGGTCGGCGTTTTATTATTCGTGGTAAAGTCTCCTAAGGCGCCACTATCGCTCTCCTCGCTGAGCTTTATGGTTGGAGGCGTGACATCAATAACAGGTATTACGACAGGAAAGTCGACCTGCGACGATTCATTACCCGCTTTATCTTTGGCAACAATGCTCACAACATAGGAGCCTGGCGCTAATACTGATGGCGGCGTCCAACTCCATTCGCCATTCGCATTGGCGTTTGCCGAGCCGACCACTTTCCCATCCCACTGAATCATAATCGTCGAGAACGCTTCGGCAAACCCTTTGAACTCAGGACGCAGGCTGGTTGCTTCATGCTGATCATCAATAGATGGATCCGAAAGGCGAATGGTGGGATCGATCGTAACCGTATCGATAGTGAATCTTTCCTGCGTTTGCGCAGTATTTCCCGCGACATCTGTTGCGACGACGTTGATGGTATACATGCCATCCGGCAGTATATTCGGCGTCACACTCCAGTTGCCATCAGCGCCAACCGTAATCGTTTGTTTTAAAACCTCCCGACCTGACTTATCGTCAACAATGGTAATCACCAGTTTCGCATTGGGCTCTGCAGTACCTTCGAATTTGGGATTTTGCTTATTCGTAAGGTTATCGCTATTGGAATTTCCGGTATCAGACGCTGGCTCCATTCTGACACTGACGCTTGTCGTGGTATCAATGGTAAAGGGCAGCTTAGTTTCAGAAGTATTTCCGGCAATATCTCTGAAGACAACAACGGCTTCATATACGCCATCGTTTAACGCAACGGGAACCTGAAATTCCCAGAGGTTATTGCCATTTGCCGTAACCGGATAAGAAACGCCGTTAATTCTGATTACAACAGTATCAATATCGGCGGGTACATTGCCAATAACGAAACGTGGTGTAGTGACACTCGTAATATTATCAACAGCGCTTTCGCCAGTATCATCCGCATCCAGCAAATCAATACTGGGATCAGAAACAATAGTGTCTATTGTGAATGATACCTCTTTGCTAATTTTATTACCTGCGATATCTTCAGCCACTATTTCTATTTTGTAAGTTCCATCCACTAACGGTGTATCAGGGGTAAACAGCCATTTATTACCTGCCCCCTGAGTCAGTGTGCTGGATTTCCCGTTTAAAATTACCGTCACGCTCTGCAGCGGTTCTCTGGCTGAAATTTCAAAACGTGGAGAGGTAATATTCGTAATACCATCCGTAGAATCCTTTCCGGCGTCGTCCAGCATCACGACGCTCAGGCCGTCAATCTGCGTATCCACGGTGAAGCCCA
NZ_CP041005.1_gap107	4284381	4287373	2992	CAATATTGTTGAGGGTAAAGCCCGGCGTTTTAACATTGGTGATATTATCGCCCGCGATGCCGCTGTCATCTGCGCTGTCCAGCGAGAGGGTCGGCACAGACAGAGTGGTATCGATGGTGAAATCGAGCGTCTGTGTTGCCTTATTTCCCGCCTCATCGGTCGCTTCTACCGTCAGGGTATAGCCTCCGTCGGCCACATCATCCGGCCAGATATAATCCCAGACGCCTGGCGTCGCGCTCTGGGTAGCGTTGAACCACGTCTTGCCGCCGTCAATGCTCAGGCGCACCACGTTGACATCCGTCGGTACCGTCACCTGGAAGTGCGGACGCACATTATTAGTCAGATTATCGTCGGGAATACCGCTGTCATTGACCAGTTCAATGTTATTAATGGCGATTTGCGTGTCCACCGTCACCGTCAGCGATGCAGAATGGCTGGTGTTCCCCGCTTTATCTTCGACTGACACACTCAGGGTATAATCACCATCCGCCCATGATGTCGGCGGCGTAAAGGTCCATCCGCCTGTGCCTTTCGTGGCGTCAAATGTGGTGGTGACGCCGCCATGCTCCACGCTGACCGTAACGCGAACGGCATCATCATCAATATGCTGCAGGGCAAATGTCGGCTGGGTGCTATTCGTCATGTTATCGCCCTGGATGCCGGTGTCGTCCGCGCTATCCAGTACGATGACCGGCACTGACAGCGTGGTATCCACCGCGAAATCGATGGTCTTCGTCACTGTATTGCCTGCTTTATCAGTCGCTTCCACCGTTAGCGTGTATTGACCATCTGCCAGGTCTGTCGGCCAGATATACTCCCAGCTTCCTGCCACGCCCGGAGTTGCCTGAACCCACGAATTACCACCGTCAATGCTCAGACGGACTTCATTGACATCCGTAGGTACCGTCACACGAAAGTGGGGACGGTCGTCGTTGGTCATATTATCGCCTTTCACGCCGCTATCGTTGACCAGTTCCACCCCATCAATGGCGATTTGGGTATCGATAACGACCGTCAGCGGCGCTGAGTAGTTGGTATTTCCTGCCTTATCTTCTACTTTCACCGTTAACGTGTAGCTGCCATCCGCCCACGTATTCCCTGGTATAAATAACCAACTACCATTGAGGTGGGAAAGTTCGATCTCTTCGCTCACGCCATTGTGCATCACCTGTACGACGACCCGATGCGCATCGGCATCAACACCGGAAATAGCAAAACCTGGCTTATTGATATTGGTCAGGTTATCGCCTGTAACCCCCGTATCATCCTTAGAAAGCAGGGAAATCACCGGCGTTGATACTGTGGTATCGATAGTAAAATCGAATATCGCGCTGTTCGCTTTATTACCCGCAATGTCCTCAACCTTGACATAAACCTGATGCAAGCCTTCCGTTAAATCTGAAGTAAAGGTATAGGCCCATGAACCATCAGGTTGTTGCGTGGCAACACCGATCTGCGTATCAGACATGGCATCCCATACCTGAACACTGATAATGTCCGGATCAATATCTTTTAGGTGCAAGGTAGGTTTAACGATATTCGTTAAATTATCATCTGAAATTCCCGAATCTGAATCCGGGCTCAATGAAACTATCGGTATTGAAATAGCAGTATCGACGCTAATTAAGAAAGGATCCGAATGAGCAATGTTGCCAGCGATATCTTCAACTGAAGCGGTTATTCTATGATCGCCATCAACCAAACCTTGATCGGCTTTCAGGGTATACTCCCATCTGCCATCTTTATTTGTTCTGACCTCAGCGATCAGTGCACCATCAATATAGAGTTTAACCGTTGAATAGGGTGCAGCGGTTCCTGTCAGTGCAGGATTCTTTTCATTAATAATATGGTCTGTATTATCAACCCCCGTATCGTTGACCAACTCTATTGTTGGTTTTTGCGTTTGCGTTACGATTTGGAAATTATACGCTGATGAGGAGGCAGTATTACCGGCAATATCTTCTACCTTTACCGTTACGTCATGCGAGCCATCGGATAACGCTGTGGTAAATTGAAAATTCCATACACCATCATCGCCAGCAATAGCCTCACCACTTAACACACCGTCAACATAGATGGAAACCTTAGCATTAGCTTCAGCCATCCCGGTAAACAACGGTGTATTAATTTTAGTAATCATATCGCCTTTAACGCCAGAGTCAGCGCTATCATGCAACATAACAGTAGGGATCGGCGTAAAGCTATCAATGGTAAGCTGATAATCTACAGATGACGTTCTTCCTAAAGGATCGATGGATTCAACCGTAATCTTATAAACATTGTCAGACAGATTTCTGGAAATATCAAAATTCCAGTTACCGTCTGCATCCGCAGTCGTCACGCCTATCGTTTTACCGTCAATAAGGATATTTACGGTAGCAAACCTATCCGCTGTTCCCAGTAATGTCAGAGCATTATGTTTATTGGTAATCCAGTCGCCTTTTGCACCGGAATCATCACTGGCATCGAGTTCCGCTTTTGGAGGTACAACTTCAGTTTGAATAGTAAAAGAATATTTAACAGTAGAGGATTTATTGCCGGCGGCATCCTGAGAAATGATTTCAATATCATAGGCGCCCTGAAGAAATTTATTACTAAACTGATAATTCCAGGTCCCGTTTGAGTCAACCTCAATGCTGTCATATAATTTACCATCTCGCATCAATAAGATGGTAGACTTTGGCTCTGCCGTACCGACTAAAGCCGGTAAATCATTCCCTGATAAAATTATACCATTCGGCAAAACAACATAATCCTCCAAAGAAACCGTCGGAGGTACAGGGGCAATAGTATCAATAACGTAACTAAAGGAAAAATCCTTTTTGTTGCCAGCGACATCTTCAACAGTGAACGTAAGATTGTTAATCCCTTCCACTGAGTCGGAAGTGAAATTGAACGTCCATTCGCCCTTGTCATTCGCTTTAAAAATAACCTCTTCGCCAGTCTCACTATTTATGACACTGATAATAGCATTTGGCTCAGTTTTACCTGT
NZ_CP041005.1_gap108	4344417	4347209	2792	GAGCCAGCGTATCAACCGGACGTTATTTGCTGTACGTCGGTTTTATGGGCGTGCTGAGCGCCGTCGTGGGATGGACAGGCGACAAGTGTGCTATGCCTCCCATTTTTACGCTCATTGTATTTTCCGCAATTAGCCTTATTTGCGGATTTTTATATTCCAGATTCATTGTTTTCAGGAATGAGAAATGAAAATTTCATTAGTGGTTCCCGTCTTTAATGAAGAGGACGCGATCCCTATTTTCTATAAAACGGTCAGAGAATACAGTTCACTTAAACCTTATAACGTTGAGATTATCTTCGTTAATGATGGGAGTCACGATGCGACTGAATCAATCATCAGCGCATTAGCTGTTGCCGATCCTCTTGTTGTTCCGATCTCATTTACCCGCAATTTTGGTAAAGAACCTGCACTTTTTGCCGGATTAGATCACGCGACCGGAGATGTGGTGATCCCTATCGATGTTGATTTACAAGATCCCATCGAAGTAATCCCACATTTGATCAATAAATGGCAGGCTGGTGCAGAAATGGTGCTGGCTAAGCGTATCGATCGTTCAACGGATGGCCACCTGAAGCGTAAAAGCGCTGAGTGGTTCTACAGGCTGCATAACAAAATCAGTACGCCAAAGATTGAAGAGAATGTCGGTGATTTTCGATTGATGTCGCGCGAGATTGTAGAAAATATCAAGCTATTACCAGAACGTAACCTTTTCATGAAAGGTATACTTTCATGGGTTGGAGGTCAAACAGATGTGGTCGAATATGCCCGTGCTGAACGTGTCGCAGGTAACTCAAAATTTAATGGCTGGAAACTCTGGAACCTGGCGCTGGAGGGGATTACAAGTTTTTCTACTTTCCCTTTGCGTATCTGGATGTATATAGGAGTGAGCGTTTCTGCCCTCTCCCTGATATATGCCATGTGGATGATCATTGATAAATTGATGTGGGGAAACCCTGTTCCTGGTTATCCTTCGCTTATGACCGCGATTCTCTTCTTAGGCGGCATCCAGCTTATCGGCATAGGCATCATGGGTGAATATATCGGACGCGTTTACACGGAGGTGAAGCAAAGACCCCGCTATATCGTGAAAAACAAAAAAACAATGATGGAATAATGAACACTATGCTCAAGATATTACCGAAAACGGCGATGATACTACTGGCTTTTTTGGCCATTTTTCTTATTGAATGGTATACCCCTATTCACTCTGATGATTACCGCTATTACCTTTTAGGAATTTCGCCGGAATCACATTTTCATCATTATATGACATGGAGTGGCAGGATTATAGCTGATTACACCAGCGCACTCATCCTGTATACACGTTCTCAACTCGTGTATTCCATCAGCGCAGCCGTTTCGACACTGGTATTTTGTTATTTCATTGTGAAGACACCCTCAGGTACATTACGCTGGAATAAATCCGACTACTTATTATTCCCACTAATATTCTTCACTTACTGGATTTCGAACCCGAATTTGGGTCAAACCACTTTCTGGATCGTTGGTGCTGCGAATTATTTGTGGACGAATCTGTTCGTTGTTGCATGGCTGTTCTTCTTTTACACCATAACAATAAAAAACAGTAAAGCGATCAGCCCGTGGGTTGCATTACTAAGCTTTATGGCAGGCTGTTCCAATGAAAGCGTCTCACCTTTCGTCTCGCTTATTTCTGTTCTGGCCATTGCATACGAGTTATGGCAAAACAAATCTGTTTCGCGCAATAAGATAGTTTATAGTCTCTGTGCAATCGCAGGTTCATGCGTATTGATACTTTCTCCGGGCAATTTCATCCGCGCCAGCGGCAAAGAATTCTGGTATGGAAGGCCGATTTTTGAACGTATTTTCATTCACTTAACAGAACGCGTTCATAACCATCTGGCGCTGATCTGGATAGCTTATGTTGTTTTGTTATTGCTGGTCTTACTGGTCATATTCAATAAGCAGATTCGCGCCAAAATTGATAAAACGTCCCTTATCTGCGCTGCGTTAGTCGTATGTATAGGTATTGGCACTTCCTTAATCATGTTCGCGTCGCCGTCCTACCCCGATCGGGTTATGAACGGTACGTTTATGTTTTTCCTTTTAGCTATCTCCTTCATCGCTTACGCCCTGTTGAAAAGCGGCGTTAAGGCTGGAGTCGTCGGCGTAACTGCCGTGACTGTTCTCTGTGGTATCGTATTCCTTTGGTCCTATTCATTGATGCTTAACGGTTATAAAAAAACGGCCGGACAGGAAATCGTAAGACAAAAAATCATTACTAAAGAAATAGCGGCAGGTAAACAGAAGTTTATCATCCCTGACTATTATTTCGTCAAGTTGCAAAATAGCGGTGGTCATTTTGGTTTATTCCATGATCCTGCTGTTTACGGCGAGTATTATCATGTACAAGCTATTTTCAAAAAGAAAGTCAATTTTGATTATTCTGTAATCGCTAATGGAGCGAAGCACAGCCTTTCCAATGAAACGACGGCTTATAGCAACACCCGCGGGGATTTCGCTATTATCAGCCGGGAGCAGCTAACGGGTTCGATCACACTCTCGGTTAATGGACGGCAGAAAACGATTCCAGTTGAGAAAATGAAGCACGCAGAAATCAATGATGAATTCTGGTACTACGCTTCTGTAGACAAAGGTGAAATTACAGCAATTTCATTTTAACTTTACGTAAAACGCGATCTTCGCCATTTAACAAAATGTGCATCAACACAGGCCCGGTAAGCGCAGAAGCGCCACCGGGCAAAACACATTCTGACCCCGCCATCAATTATTTCCTTAAAGCGCTTTAATAT
NZ_CP041005.1_gap109	4365250	4369460	4210	TCTGGCGCTTCTTGTCGTAACAGCGCCATCAGCGCCGGATCAATTTGCCGTTTATCCAGCACGAAATTCTCAAACTCCTGGGTATCCGCCATACGACCGACGCGATCATGCTCTTTTACCAGTTGATAACAGGCACGCACATGGGCGGCAGACATCTCTTTCTGCGGGGCGAATTTGTCTTTAATGATTTTAAATACCCGGTCGAAACCTGGCAGGGTAAACACCAGCATCACCATGCCGCGGATGCCAGGCGCCTCAATAAATTTCTCATCGCTTTCAGCCAGATAACATAAATATTCGCGGTAGCTTTCGGTTTTCGCATGTTTCTGGCAGCCAATCGCCATATACAGTTCGGCAGTGGTTTTACCCGGCAGGATTTCACGCAACCACTCAACCAGCGCGGCAGGCAGCGGCGCATACACCATAAAATAAGAGCGGGCAAAACCAAACACAATGCTCGCTTCTGCCGTGGTGGTCAGGCAGGTATCGACAAACAGTTCCCCCTCATCAGTGCGATGAATCGGCAATAAAAACGGCAGCGTACCGTCAGGTGTGGTTAATTTACCTACCAGCCAGGCCGCTTTATTACGGTAAAACAACTCGTTCGCCACCTGGACATGGCAGCGAGGTAGCGCGTCCTCGCCCAGTGTTTCAGTCAGGTGCGCGATAATATAGCGGATATCCCGGCTTTTATTCTGCCAGGGCAGACGCAGCGGTAAGTCACTGAGTATGCGCATCAACAGCGGCTCCCAACCGTGATCGGGAAAGAAGTCTTTGGCCAGCGGGCGCGGGATAGTACGGAAGCGGCGCTCCGGTTGCGAACTGAAAATAAACAACCGCTCGGGTGTTAACGAGCGGTGGTCAAATAACCGGCAATAAACGGAGTTGAAAAAGCTCTCCGCAATCTCGAAGCGCGGGTAATCCGGCAACAGCCGGGTGTAATGCTCTTTAACGCGTAAAAGGAAATCCGCGTCGGTACTTTTGCCATCGGTAATACAGCGCAGTTGCTCCACCACCAGACCCACATGATGATCATAGAGGTGGATACGGCTTTTCATCGCCTGTTGGACGGCGTGCCAGTCGGCCTGTTCAAAACGCTGCTGCGCGCCGGAAGTCACTTCCAGAAATCGACCATACTGCGCGTCAAAGCCTTGCAGGATGGTTTGAGCAATCAGTAATTCCAGGCCACGCGGCATTTTTTTCCCTCATCCGGCACCACGTCATGCCGGATGGCGCGTTCGCTTATCCGGCCTACGCTATCTGTAGGCCCGGTAAGCGCAGCGCCACCGGGCATCAATCAAAACTGCGCTTCTTCGGTGGAACCCGTTAACGCGGTAACGGATGACGCGCCGCCCTGAATAATGGTGGTGACTTTGTCGAAGTAACCAGTACCCACTTCCTGCTGGTGGGAAACAAAGGTGTAGCCATCTTTCGCCGCGGCGAACTCGGGTTGTTGAACCTTCTCAACATAGTGCTTCATGCCCTCGCCCTGCGCGTATGCATGCGCCAGGTCGAACATGTTGAACCACATGCTGTGGATGCCCGCCAGGGTAATAAACTGGTATTTGTAACCCATGTCCGACAACTGCTGCTGGAAGCTGGCAATGGTCTTGTCGTCCAGATTCTTCTGCCAGTTGAAGGATGGTGAACAGTTATAGGCCAGCAGTTTGCCCGGATACTTCGCGTGGATAGCATCGGCAAAACGACGCGCCAGTTCGAGATCCGGCGTAGAGGTTTCGCACCATACCAGATCGGCATACGGGGCATACGCCAGACCGCGGCTGATCGCCTGCTCAATGCCCGCATGGGTGCGGTAGAAACCTTCGCTGGTGCGTTCGCCGGTAATAAAACCGCTGTCATAGGGATCGCAGTCGGAGGTGATCAGATCTGCCGCATCCGCATCGGTACGCGCAATCACCAGCGTCGGGACGCCCATCACATCAGCGGCCAGACGCGCAGCAACCAGTTTCTGAATCGCCTCCTGCGTGGGGACCAGCACCTTGCCGCCCATATGGCCGCATTTCTTCACCGACGCCAGCTGATCTTCGAAGTGAACGGCCGCTGCACCGGCTTCAATCATCGATTTCATCAGTTCGAAGGCATTCAGAACGCCGCCAAAACCGGCTTCCGCATCAGCAACGATCGGCAGGAAGTAATCCACATAGCGCGGATCGTTGGGTTCAATACCGGATGCCCACTGGATCTGATCTGCACGACGAAAAGTGTTGTTGATCCGATCCACTACCGCCGGAACAGAGTTTGCCGGGTACAACGATTGATCCGGATACATGCTGGATGCCAGGTTGGCATCTGCCGCCACCTGCCAGCCTGAAAGATAAATCGCCTCAATACCGGCTTTCGCCTGCTGCAACGCCTGACCGCCGGTCAGCGCGCCAAGGCTGTTGATATAGCCTTTTTTCGCTTCACCGTGCAACAGCCGCCACATTTTCGCGGCGCCGAGCTGCGCCAGCGTGCATTCCGGGTTAACCGAGCCGCGTAATTTCACCACCTCCTCCGCGCTGTACGGGCGGGTGATGCCTTCCCAGCGCGGTTGTGTCCACTCTTTCTGTAATTCTTCGATTTGTTGAGTACGGGTTTTCATGTGCAGATGCTCCATATTGTTATGTGGTGAATTAAGCCAGTAAGCGATAGCCCGGCAGGGTGAGGAAGTCGATTAAGTCATCTGAGGTGGTGATTTGCTCCATCAGACGTGCGGCATCGTCGAAGCGCCCGCTGCTGTAGCGGTGCTCGCCCAGTTCGTCCTGGATTACCCGCATCTCTTCCGCCAACATTTCGCGGAAAAGCGTTTTCGTTACGGGTTTTCCATTGCTCAGTGTTTTCTCATGGTGAATCCACTGCCAGATAGAGGTTCGTGAGATTTCCGCCGTCGCGGCATCCTCCATCAGACCGTAAATCGGTACACAGCCATTGCCGGAGATCCACGCTTCAATGTACTGCACTGCCACGCGAATATTGGCGCGCATTCCCGCTTCTGTGCGTTCGCCTTCACATGGCTCCAGTAACTGTTCAGCGGTAATCGGCGCATCTTCATCACGGGTAATGAACAGCTGATTTTTGTGCTCGCCCAGTACCTCGTTAAAGACGGCCATTGCGGTATCCGCCAACCCAGGATGCGCAATCCACGTGCCGTCGTGGCCGTTGTTCGCTTCCAGCGCTTTATCCGCTTTCACTTTGGCAAGGACCTGATTGTTGCGTTCAACGTCTTTGCTCGGGATAAACGCCGCCATACCGCCCATCGCGAACGCGCCGCGCTTGTGGCAGGTTTTGATCAGCAGGCGCGAGTAGGCGCTCAGAAACGGTTTGTCCATCGTTACCACCTGCCTGTCCGGCAAAACGCGATCCGGGTGATTTTTCAACGTTTTGATATAGCTGAAAATATAATCCCAGCGACCACAGTTGAGACCGACGATATGATCACGCAGCGCATGAAGAATCTCATCCATCTGGAAAACAGCCGGCAGCGTTTCAATCAACAGGGTCGCTTTGATCGTACCGCGCGGCAGGTTAAAGCGGTCTTCGGCGTAGCTGAACACTTCGCTCCACCAGGCTGCCTCCTGCCAGGCTTGCGTTTTCGGCAGGTAAAAATACGGGCCGCTACCTTTAGCGAGCAGCGCTTTATAGTTGTGGAAAAAGTACAGAGCAAAATCAAACAGGCTGCCGGGAATGGCTTCCCCCCGCCAGGTAACATGTTTTTCTGGCAGATGTAGACCACGTACACGACAAATCAATACGGCCGGATCGGGCTTGAGCTGATAGATTTTTCCGGCTTCGTTGGTATAGCTAATGGTGCCGTTCACCGCATCACGCAGGTTGATTTGACCATCAATAACTTTATTCCAGTCCGGCGCCAGCGAGTCTTCAAAATCCGCCATAAACACTTTCACATTTGCGTTCAGGGCATTAATCACCATTTTACGTTCAACCGGCCCGGTAATTTCTACTCGGCGATCCTGTAAATCCGCCGGAATACCACGAATCTGCCAATTACTTTCTCTAATGGAAGTGGTTTCCGAAATAAAATCAGGCAACTTACCGTTATCAATATCCTGCTGTTGCTGGATACGGGCAGCCAGGAGTTTATTGCGTTTTGGCGTAAAACGGGTGACTAACTCCGTCAAAAACTCGACTGCTTCAGCGGTCAGGACTTGCTTTTCCAGCTCGCCTTGCGGCCTGGTAAAGGTTAATTCAT
NZ_CP041005.1_gap110	4384052	4388831	4779	CCTGGCGTAGTATGACCCGCCCCAGGCGCAAGGCGTCGCTGGTCTGACGGATTTGTTCGGCGCGATAGCGATACAAGGCAATCTGATCGTTGGAAAGCTGCTGCTTCTGCCCCCCGACTTCACGCTGCATAAAACTGAGTTCGCCATGAGCGTCGAAACGCGCGCGAATATGTTCTGGCGGTTTGCTGTAAATATTGAGTTCAATAAGCGAAAGCGTATCACCCTGCCAACGATATTCGCTGGTCGTCGTGCTGCCGCTATGCCACGGGCTAAAAACAGAAAGCAGATGGACTTCATCGTTCGTATCTTTACGCCAGATACGCACCGCGCCGTGATCGCCGGCAAAGCCGCTGGCAGTAAACGGAGGCGGTGAAGCGTTATGACTGCAGGCAGTCAGCAACAGCGCGCCAGAAAACAGAAACGCGCGACGCCAGACAGACAAAAGGGGCTGATGAGCCCCTTCGATAAAACTGTTCACAGTTATGCGTCTTACTTAACTGCGTCTTTCAGAGCTTTACCAGAAACAAACGCCGGTACGTTAGCGGCGGCGATTTTGATTTCTTTACCGGTCTGTGGGTTACGGCCAGTGCGCTCAGCACGGTGGTTCACTTTGAAGGTACCGAAACCAACCAGTTGTACAGCATCGCCTTCTTTCAGAGACTCAGTAATAGCAGCCAGAGTGGATTCCAGAGCAGCTTTAGCCTGGGTTTTGGACAGTTCTGCTTTGTCTGCAATTACATCAATCAGTTGAGTCTTGTTCATAAGTTATCCTTACAATGTGTTTATCGCTTGCTAAGCATCGAGTGCGACGGAAATGCCAGAAAAGCACTCTCCTGCATACACGCACCGATAGCCACTTTTTTTCGCCTCCCAAATGTAGACCAGACGGGGGGCATAAGGGAAGCCTTATGGCACGACAAATCAGACGTTAAATCACGTTTTCTGGTGTCATTGCTGAAAATTTATACCGATATTGCTCTCGCCAGCCTCGCGCAGGTCTGCCCTGAGCCCTTTTATCAGTTCAATATCACGTTCTTCGCAGTCGGCTAAAAGTCGGAATATTTCCCACTGAATATCCCATTCCTGTTCAACGGCAGGGTTCGTTTTGAGCTCCTCATCGGTCATTTCCCGACCAGCCTGAGTCATTTCCAACATCGCTACCGTAGTAATGGAAGTCTTACTAACCTCAATAGCGTGTTCCAGCGTTTCGCCGCTAAGACGAGAATGCATTAATTCGCTTAATGCGACGCAGGCATCAATCGCCGGGTAAACGCCGTACAAATCATAGTCGTCGGCTGCCGGAATCGCCTCTTCAAACTTCTCCAGTTGGCTATCGAAATTGACCTTCGCATCTTTCACCGTCAGGGTTTCCCAGATCAGATCCAGAATGCGACGGTAGATCTGTCCGTCGCCGAATTCCGTCTGCTTGCAAAACATGGCGTAGTTCGGGTACATGCGCTCGCACAAGCAGGCCATAAAGGTAACGTGCTGCCAGCTTTCCAGCCGCTCCAGACGCAAATGAATCGGGTTTTGTAACATGATGGAATCTCGAATCGGAAATTAGCGGCAGTTTACCTGAATCAGCGCTGAATTTCTTGCCAACGAACAAACGCCGGACGCCCGGAAGCGACGGCATCCGCCCAGCGCGTCGGCTCCGGCAGGCGATACCCTTTCATACAGCGCTGTACCCACGCCAGCGCGCTGTCAGTACTGACCCGGTGCCCTGTCGCGATAAACAGCGGATTACAGCGCGCCTTGCTGCGCCATACCCACGCCAGTTGCTCGCCTTTATCCATTAAGGGGCTAAGTGCGCCAGGTTCGGCGGAAAGTGGTTCAAATTTACCGCATAGCCGTTTTTTCGCCACGCCGATGGTCGGCACGTCCACCAACAGTCCAAAATGACTGGCGACGCCAAGCCGACGCGGATGCGAAATACCGTGACCGTCCACAAACAGCAAATCGGGCTTTTGCGAGAGCTGTTCCCACGCCGCCAGCAGCGCAGGATATTCACGAAAAGAGAGAAAGCCGGGGATATACGGCATGGTGGTGGCAATACGCGCCACCTTGTACTCTACCAGTTCAAGCGACGGATATTTCAGCAATACCATCGCCGCCCGCGTCACCTCGCCGCCCTGCTCAAAACCGACGTCCGCCCCGCCGATAAACGCTGGCGGATCTTTGTCCAACCGATCTTCGCGGCAAACCGATGAAGCAAGTTCTATCTGTTGAGCGCGTAGCGACGCGAGATCCATGCTAACTCCTTAGTTGTGATACTGCGCAGAAAGTCGGTGCACTGCCTCCACAAATGCGCCAGCATGTTCTGGCGGCACATCCTGATGGATGCCATGTCCAAGGTTAAAGACGTGCCCTTCTCCCTGACCGAAACCAGCAAGTATAGTCGCTACTTCGTCTTCGATCCGTGCCGGCGGCGCATACAGCATCGAGGGGTCCATATTGCCCTGCAGCGCCACTTTATGGCCAACGCGACGGCGCGCATCGGCGATATCTGTCGTCCAGTCGAGACCCAGCGCGTCGCAGCCGGTTTCCGCCATCGCCTCCAGCCACTGACCGCCACCTTTAGTGAACAGCGTTACCGGCACCCGGCGACCGTCGTTTTCACGCAGCAGGCCATCGACGATTTTATGCATGTAGTAGAGGGAGAATTGCTGGTAATCGCGGCCAGTCAGCACGCCGCCCCAGGTATCGAAAATCATCACCGACTGCGCACCCGCTTTAATCTGCGCGTTGAGGTACAGCGTGACGCTTTTCGCCAACTTATCCAGCAGCAGATGCAACGCCTGCGGGTCAGCGTACATCATCTTTTTAATCACCGTGAAGGCTTTGCTACTGCCGCCTTCCACCATGTAAGTCGCCAGCGTCCACGGGCTGCCGGAGAAGCCGATCAGAGGAACCTCGCCTTTTAGTTCGCGGCGAATCGTACGCACCGCATTCATCACGTAGCCCAGTTCACCTTCTGGATCCGGAATCGGCAGTTTTTCAACGTCGGCTTTGCAGGTGACAGGGGCTGTAAAGCGCGGGCCTTCCCCAGCTTCAAAATAGAGCCCCAGGCCCATCGCGTCCGGAATCGTCAGGATATCCGAGAAAAGGATCGCCGCATCAAGCGGATAACGGCGCAGCGGCTGTAAAGTGACCTCGCAGGCCAGTTCGGCATTTTTGCACAGCGACATAAAATCGCCCGCCTGAGCGCGAGTGGCTTTGTACTCCGGTAGATAACGGCCCGCCTGGCGCATCATCCACACTGGCGTAACATCAACGGGCTGGCGCAGCAGCGCACGTAGATAACGATCGTTTTTGAGTTCGGTCATTTTTACATTCCTTTAGCGTTGATGCGCCCAGTGTAACATGTCAATCATATTCAGCCCGACACATTGCCACCGTATCTTCGATCAAACGGCGCGCGACGGTGCCCGGTGGCGGTAGTAGCGGCAGATCGTCATAACGGTACCAATTTGCTTCCAACAGTTCTTTCGGGTCGATGACAATCTCGCCGCTGTCATACTCCGCCATAAAAGCGGTCATCAACGACTGCGGGAAAGGCCACGGCTGGGAAGTCACATAGCGCAGATTTTTCACCTTAATCCCGCTCTCCTCCATTACCTCTCGCGCGACCGCCTGTTCTAAGGTTTCGCCGACTTCAACAAACCCGGCCAGCACGGTATGCACGCCGTTGCGGTGGCGAACGTGCTGGGCCAGCAGGATGGAATCCTCACGGCGAATGGCAACAATAATGCAGGGGGCGATTTGCGGGTAGTAACGCTCGCGGCAATGGCTGCACAGCATCGCCCATTCGGTTTTACTCGGGTGCATAGGGTGCCCGCAATAGCCGCAAAATTTATGCGAACGATAAAACTCCGCCAACTGTACGCCACGTCCCGCCAGTTGGAACAACCCGGCCTCCTGATCGATAACCTGGCGAACCGATCCCATATCATGACGTCGATGCTGTAACACCAGCCAAACGGGCTCGCCTTGCCATTCACCTATCCGGAGTGCGCGCTGCCCCACAAGATCGAAATTTGCCGCCAGCCCGTGTGGTAATTCCCCATACGGCAACCATAATTTTTGTTCATGGCTGACGATCCACCAGCCACTCTCTAATTTTTCAATTATACGATCCATAGCTATTGCACTACCTTTGCTTCACTGGCATGTTGTTAACATTATTTTTACATTCATGGCGAGCAGCCTTTATCTAACTTGCGGAGACAATCATGCTAAACCAGCTGGAAAACCTGACGGAGCGCGTTGGCGGAAGCAACAAACTGGTCGATCGCTGGCTGGATGTACGTAAGCACCTGCTCGTGGCTTACTACAATCTGGTTGGCATTAAGCCTGGCAAAGAATCGTACATGCGGCTGAATGAAAAAGCGCTGGATGATTTTTGTCAGAGCCTGGTCGATTACCTTTCCGCCGGGCACTTCAGTATTTATGAACGTATTCTCCATAAATTGGAAGGAAACGGTCAGCTTTTACATGCGGCAAAAATCTGGCCGCTGCTGGAAGATAATACGCAGCGCATTATGGATTATTACGACACCAGCCTGGAAACTGCCATCGATCACGATAATTGTCTCGAATTTCAACAAGCTCTGTCAGATATCGGCGAAGCGCTGGAAGCCCGCTTTGTGCTGGAAGACAAGCTGATTATGCTGGTGTTTGACGCGATGCACGACGGCGCCAGAGTCAAACGTCCCGCTTGAGTTCTGCGCGAGTAACGGGTAGTTTACTTCAGCCCCCTCTTCGGAGGGGCGGTTATCT
NZ_CP041005.1_gap111	4392993	4397322	4329	GCGGATCCGGTGTTGTGCAAGCGGCTGGAAGAGGTCGGCTGCGCGGCGGTGATGCCGCTCGGCGCGCCTATCGGTTCGAATCAGGGGCTGGAAACCAAAGCGATGCTGGAGATTATTATCCAGCAGTCCACCGTGCCGGTGGTGGTTGATGCGGGCATTGGAGTGCCCAGCCATGCGGCGCAGGCGCTGGAAATGGGCGCTGATGCGGTGCTGGTCAACACGGCGATTGCCGTGGCGGACGATCCGGTAATGATGGCAACCGCTTTCCGCCTGGCTGTAGAAGCGGGAGTACTGGCGCGTCAGGCGGTGCCGGGTAATCGTAGCACCTACGCCAACGCCACCAGCCCGCTCACCGGATTTCTGGAGGCGTTAGCATGAAAACCTTCACCGACCGTTGGCGGCAACTGGAGTGGGACGATATTCGCCTGCGCATCAATGGTAAAACCGCCGCTGACGTGGAACGTGCGCTGAACGCCGCGCATCTTAGCCGGGATGATTTGATGGCACTGCTCTCCCCCGCCGCCGCCGATTATCTGGAACCGATAGCGCAGCGGGCGCAAAGGCTGACCCGACAACGCTTTGGCAACACCGTCAGTTTCTACGTGCCGCTTTATCTCTCAAACCTCTGTGCCAACGACTGTACCTACTGCGGTTTTTCGATGAGCAACCGCATTAAGCGTAAAACGCTGGATGAGGTGGATATTCAAAGGGAATGCGATGCTATCCGTAAACTGGGCTTTGAGCATCTGCTGTTAGTCACCGGCGAACATCAGGCCAAAGTCGGCATGGACTATTTTCGCCGTCATTTACCCACCATCCGCCGTCAATTTTCCTCTTTACAGATGGAAGTCCAGCCCTTGTCGCAAGAAAACTATGCGGAGCTCAAAACACTGGGGATCGATGGCGTGATGGTTTATCAGGAGACTTATCATGAGGCAATCTATGCACAGCATCACCTGAAGGGAAAGAAACAGGACTTTTTCTGGCGGCTGGAAACGCCGGATCGGTTAGGCCGGGCAGGTATCGACAAAATCGGTCTTGGCGCGCTAATTGGTCTGTCGGACAACTGGCGGGTGGATTGCTATATGGTGGCGGAGCATCTGTTGTGGATGCAGAAACACTACTGGCAGAGTCGCTATTCTGTTTCCTTCCCGCGTCTGCGTCCGTGTACTGGCGGTGTGGAACCCGCATCTGTGATGGATGAAAAGCAACTGGTGCAAACGATTTGCGCTTTCCGGTTATTGGCGCCGGAAATTGAATTATCACTCTCCACCCGCGAATCGCCGTGGTTTCGAGACCATGTGATTCCTCTGGCAATCAACAACGTCAGCGCCTTCTCAAAAACGCAGCCCGGCGGCTACGCTGACGATCATCCGGAACTGGAGCAGTTTTCTCCCCACGATGCCCGTCGGCCTGAAACAGTAGCAAGCGCGTTAAGCGCGCAAGGATTGCAGCCCGTCTGGAAAGACTGGGACAGTTGGCTGGGGCGCGCTTCGCAAACGCGGTGAACCCGTATGTAAACGCATTAGTATTTCACGAACGAGTACGTAATGCGAAAAACGGGAGATTGTTATCGACCTCCCGTTTTTTTATTTTGTCATCGTCAGCAACGGAAGCTGACCAAGGCAAAGTATCCCTTCCTCATTATTGCCCAGCCTTCACCCCTTCATCAGTAACTGACGACCGGGGGCTGGCCACTGGATTATCGAAATAGCGGTGAACTTGAAGTTTTCGGGCAGCGTTCCTGACTGTAATTTCGCTGGCGGCCCCTCTTCCAACCGTGTCTGCTGATCGTTTTTGTCCATAAAATGATGCCCCAGAACAACGGGAATCAGGGGCGAACCCATCAGGGAAAAATGTGTTGCGGCCGGACGCCGATGGTAACGTTACTTGATGGAAAACGCATCTGGGCTGACAAAAATTTAAGCCAGATGTAATCTGACAGATATCTGTATAAATAAAATTGTTATTTAATAACCAATTAAATTATTTAAGCTCTTCTTACTCCCATATTTCACAAGGAATGCCGTATATCTCCGTTCTGAACAGCACTGCGATTTTAAAGTGGCGTTGTAGTAGAGAAAACTGAGCAACAAATATTTTTCGCCGAAACTTGATAGTTTATGCCAATATTTTATGTATTCAATAGCATGATTATTGCCATTTCCGCTACTGCACATGCCTCGCCCATGAACTTTGCGTAAACTGACTGGTATTCATTATAATGTTATCATGCTTAAACTCAATAAAATCGCAAAAAGAATTATAATCTTCATTTAAAGAATAATTAAAATGTTTTCTAATTCCATTACATACACCATCAGAATAGGGATCAGCATCAAATTTAGTATGCATTATTTCTAATCCAGCAAGTAAAGCCGGGTGGTTATTGCGATCAACAGCTATTATCCCGTTTTCCATAGAAGCACGGCCATCTATCCTTTCTACATGAACAGCGATTCCATCCGGAATATATATACCCCCCAGTTTTTCCGTGATAATCATATCAGCATCAAGATATATACACCCACTATTTGTTGATAAATCATAACACCCAACCTTATCCGCCTCCAAAAATAACTGACCAGCCTTTAACATAGCCATATTCCTGTAAAAATCAAACCATCCATGGCCTTTATCCAGTAAGTAAGATTTAATTAATGAATCATTACCCTCTTGAATATCACTCAATTCTTTTTTCAATAGCTGCAGTAAATGACAATCCCTTTTTTCTTCTGGCATGGACTCTTGCTTAGAAATATTTTCCATATAAATTTCTGATAATTTTTTATCGTACATACTAAAGTCAATATCATTTCTATATATGACTTTTATGTTTTCATAGTCATACTCAAGTTTTGAAAAAGCATCCTTTTGTCCCGGAAAAAAATCACCATCTACAAAAATACCTATAAGACGTTCTTTTTCAATTGTTGCTGCTTTAATGATATTGTTAAGGTAGGGGTTTTTCTCTGTGTTAATTATAGGTATATCATTTTTCCCAAAGCGAGCAGGATTCCGCTCAAACCACTGGAAAAGAAGAGGGGTTTTCTCATCTAAAAAGCACAAGGGATAATCTTTTCCATTAAAACTTGTAAACTGAATGTCCCTGTTGGTAACAGTTTTAACCAATTCATTTTTTGAAAGCGCGGGAACATATCTATTTAATGGTGGGATCATAACAATTAAATGCTCCATACTTACTTCATTACATATTTTACATGATGATTATTAGCACATGTTTTTTAGCGTTGCAATCGCTGTCAGCTAAAAGATGCTAAACTAAGCATTAACCGGAGGATACATAAATACCCTACCAGTGAGCAATTAAATAAATAATTTATTAACTTTACTTTTATTCCAGAAATGGCATCATATTTATAATTCCTGTAATAAGAGCAAACAAAGACCTTAATGGAATTAAATCCTTCATTTAATAATTTAAAATGTCCCGCGTAAACAATCAATAAAACAGGTTTATCATTTAATGTATGAACAGCAGGTATTTTATAATGGCGAGCCAATAGACTTTAATAACTTAGATTTATGGGATAAATTTAAAGTCACATTTGGAATCAATGTTACAGAAAAAAACAAACCCAATGATAAAAAATTTCAATTTTGAGTATTGTGGATTCTCTACTTTTATTACGCCGGTTGATGGCGTTGGCGGGATTTTAGTAAAGTGGCTCTCAAACAAACATAATGTAATTGTCCCAACGCCTTATACATTCGGTCAAGACCCCATTCCTGGCGTCAATCTTTATCGTAATACAAAAGCAAAATTTGTTATGGCTAACGGTGGTAATAGTCTTCCCTGTGCGATGGCAAAATATAATACAAAAACTGGACAATTTATTCATATAACCAGTGATAATGATTTTTCACCAATAATACGAGAAACAAGAGTCATGAAAAAATAATTCATTTATTCATTAATATTTATAATTACAGATAAAACCAAGAGCCAGCATGGCATTGAAAAATAAAATACGGCTTTTTTATCCGCGCTGGTTTTGACTCGATGAAGAATAGCGGTGGCGACAATAATAATAAGACAATAAATAAATATAAGTAATGATTTATGGTGAAGTATATATAACGATAGAAACAATAAAAAAGCGGACAGAACGTTTGAAATGGTTATCTTTTTTGTAAATACTAAAAGACTAAACATTAAATAGATTAATGAAATAATCGCTGGCATTTTCTTTCCTTGTAGGCAAGCGACCCGGAATTCGGTATCCAGCATGAAGCTGGTGGAGGGATAAATACCCCTCCACCATTTAACGATTACTCGTTATCAGAACCGCCCAGACCTGCGTTCAG
NZ_CP041005.1_gap112	4415147	4417041	1894	GCAAATTCTTTGTGCTCTGTACGCAATTCTTTATCGCATCAGCGGCGTTGCCTGCGCTCGTAAAGTCAGTCACATACTTCTGTATGCTCCTTCCTTTCCTTCGCTTGCCGCCTCGCTGCTGCGCAAATTATTGCGTACTCAACTCTGAATCAGTGCTGAAAATCTTCTCTTAACCGCCAAAACATCTTCGGCGTTGTAAGGTTAAGCCTCACGGTTCATTAGTACCGGTTAGCTCAACGCATCGCTGCGCTTACACACCCGGCCTATCAACGTCGTCGTCTTCAACGTTCCTTCAGGAGACTCTAAGTCTCAGGGAGAACTCATCTCGGGGCAAGTTTCGTGCTTAGATGCTTTCAGCACTTATCTCTTCCGCATTTAGCTACCGGGCAGTGCCATTGGCATGACAACCCGAACACCAGTGATGCGTCCACTCCGGTCCTCTCGTACTAGGAGCAGCCCCCCTCAGTTCTCCAGCGCCCACGGCAGATAGGGACCGAACTGTCTCACGACGTTCTAAACCCAGCTCGCGTACCACTTTAAATGGCGAACAGCCATACCCTTGGGACCTACTTCAGCCCCAGGATGTGATGAGCCGACATCGAGGTGCCAAACACCGCCGTCGATATGAACTCTTGGGCGGTATCAGCCTGTTATCCCCGGAGTACCTTTTATCCGTTGAGCGATGGCCCTTCCATTCAGAACCACCGGATCACTATGACCTGCTTTCGCACCTGCTCGCGCCGTCACGCTCGCAGTCAAGCTGGCTTATGCCATTGCACTAACCTCCTGATGTCCGACCAGGATTAGCCAACCTTCGTGCTCCTCCGTTACTCTTTAGGAGGAGACCGCCCCAGTCAAACTACCCACCAGACACTGTCCGCAACCCGGATTACGGGTCCACGTTAGAACATCAAACATTAAAGGGTGGTATTTCAAGGTCGGCTCCATGCAGACTGGCGTCCACACTTCAAAGCCTCCCACCTATCCTACACATCAAGGCTCAATGTTCAGTGTCAAGCTATAGTAAAGGTTCACGGGGTCTTTCCGTCTTGCCGCGGGTACACTGCATCTTCACAGCGAGTTCAATTTCACTGAGTCTCGGGTGGAGACAGCCTGGCCATCATTACGCCATTCGTGCAGGTCGGAACTTACCCGACAAGGAATTTCGCTACCTTAGGACCGTTATAGTTACGGCCGCCGTTTACCGGGGCTTCGATCAGGAGCTTCGCTTGCGCTGACCCCATCAATTAACCTTCCGGCACCGGGCAGGCGTCACACCGTATACGTCCACTTTCGTGTTTGCACAGTGCTGTGTTTTTAATAAACAGTTGCAGCCAGCTGGTATCTTCGACTGACTTCAGCTCCATGAGTAAATCACTTCACCTACGTGTCAGCGTGCCTTCTCCCGAAGTTACGGCACCATTTTGCCTAGTTCCTTCACCCGAGTTCTCTCAAGCGCCTTGGTATTCTCTACCTGACCACCTGTGTCGGTTTGGGGTACGATTTCGTGTTACCTGATGCTTAGAGGCTTTTCCTGGAAGCAGGGCATTTGTTGCTTCAGCACCGTAGTGCCTCGTCGTCACGCCTCAGTGTTAAAGTGAACCGGATTTACCTGGAACACACACCTACACGCTTAAACCGGGACAACCGTCGCCCGGCCAACATAGCCTTCTCCGTCCCCCCTTCGCAGTAACACCAAGTACGGGAATATTAACCCGTTTCCCATCGACTACGCCTTTCGGCCTCGCCTTAGGGGTCGACTCACCCTGCCCCGATTAACGTTGGACAGGAACCCTTGGTCTTCCGGCGAGCGGGCTTTTCACCCGCTTTATCGTTACTTATGTCAGCATTCGCACTTCTGATACCTCCAGCATGCCTCACGACACACCTTCAC
NZ_CP041005.1_gap113	4519328	4521476	2148	AGCGGCGCCGCGCTGTCGCTTGCCGCCGTTCCTTTTGTGGCTGCCGGATTGCCGGTGTTGCTTTCGCTGCTTGGCCTACTGGCGAGGAAAAAATAATGGGCAATATGACGCTATTTATTATCGGTATTGCTCTTTTGTCTGCGGGAACCTATTTGATGCGCCTCGGCGGCGCGAAACTTGGCAGCCGTCTGGCGCTGTCTGAGCGTTCACAGGCGCTGCTCTCGGATGCGGCAACGGTGCTGCTATTCTCCGTCGCGCTGGCGACCACCTTTTACGAAGGCGAACATTTTGCCGGAATGGCGCGCGTTCTTGGGGTTGGCTTCGCCGTATTTTTAGCCTGGCGTAAAATGCCGCTTATTGTGGTGATTATCGCCGCTGCGGTAGTGACAGCACTGTTGCGGCTGGCAGGTATTAATTAACGTCTTACAGAACAGTTGGACGTGACACCCTATAAGTGATGAAGGCTGGGCCGCCCTATGCTGAAGTAGCTCAGAATTTTCGCATCAGGGGGATAAATGCTTTCCATATAAATGCCGATCCTCAATGACACTACCAGTACCTTCCAGCGTGACGTCAACATCTTGTGATAGCTTCAGATTACTGGTTTTTCTAATAACTCTCTTTAGTTAATGTTTACGTCAGCTATTTTTACGGATATTGCCTGATGAAGAATACATGAACGAAAAAAGCGCCTGATCGGCGCTTTTTATTGGCGTTATCGCGTAATTTTATAGGCACTTGCGCCAGCCTGTGCGCAGTTAATGTGCCGTCACTCAACGCAGGCGGTTATAATCATCCACCATCTCGTTATAACTTCTCAACGACGCCGGATAAGAATCCGCAACCATCCATCCTGTTGCAGGGTCCTGCACCCGTTTCTTTTCAAAATCAGAATACTCAACATTGTCTCTGATGCGACGAATATATTTTTTAGCTTGTAGCTGATAATCAGCCGCAGAGCTGATGAAAGAAGAATTACGGCCATCAGTATTCACTTCTTTCAATTGCGCAATCATTGTTTCCAGTTCCGCGACTTTTTTCATCATCGCTTCGGCATCAAAGGTATCGGCAGAAATAACCTTGTTGATCTGCTTTGCCGAAATCATGACAGCCAGAGAATAATAGTTAAATGTTTTGCCTTCCGCTTCTTCTATTCTCTTCAACTGTGTCAATTGCCGCCTGTCATTTATTTCCTGAATAGCCTCATGATATTTTTCCGAGACGGGTTTAAAATCCTCGATATTCTTCAGTAATGTCTGATGCAGCGCCTTACCTTTAGCAAAGGCATCATCTTTATAGTTTTCCTGGGTATAATATTTTTCCATTTCGTTAATGGTATTACCCAGCGCGGCGGCGCTATCAATATAGCTAACGGCAACGCCATCAATAGGCTCAAGTAATGGCGTTAAGGCGGCCACCTGTTTCATCTCTTTCTGGCAATTCGTTATGTAAGACTCCGTAATACCATAAATGCCATAAACCAGGCTCTCTTTCCCTGTCGGACCTTTTTTAAAGTCTTTCACCCAATCCGCGTAACGCGCCAGACTGTGCTGAACGGGCAATTGAAGTTTATTAAAACAATCGATATAGACATCCATTTTTTCACTATAAACTTCTTCAGCGTCAACCTCCGGCTGAGCTGGCGTTTCTGGTTTCGCCACCGGGGGCTGAGTTGCCGTTTCTGGCTTCGCTGCTGAGGGCTGCGCTGGACTTTCGCCAGATTGCGTTTCCGGCGTCTGAGAAGGCGCTGGCGTCGCAGGCTGACTGCTGGCGGCCGGCGTCGCCTCGGTTTTAACATTATTGTCATCACATCCTGTTGCGCCCAGGGTCATTAGCGCAATGATTATCGCTGAGGATAATAAATTCCTTTTCATTTAATTGCCTTTTGTATATTTACGTTGGGGTTCTCTTATTTTAACGAACACATTGATATTGATAATGTTAATTATAATGAAATATGCATTAAGTATTTTTTGTGTTGAATAAATCACATACCTGTTTTTTTTCATTAAAATGAATCTGTAAATTTCAATGATATTATTTATAGGTTATTCTAATGAAAAAGGATTTGTTATCATCAATTATTATCGCTATGCTGATGACTGCCGGGCTAAGCGCTTGTGATGAAAAAAAAGCGGACGAACAACC
NZ_CP041005.1_gap114	4523705	4525190	1485	GAGCAAACCATGCAGGTCAGCAGAAGGCAGTTCTTTAAGATCTGCGCTGGCGGTATGGCAGGCACCACGGCGGCGGCACTGGGCTTCGCGCCCGGCGTAGCGCTAGCGGAAACACGGCAATATAAACTGCTGCGCACCCGCGAAACCCGTAACACCTGCACCTACTGTTCCGTTGGCTGCGGGCTGTTGATGTACAGCCTCGGCGACGGTGCGAAAAACGCCAAAGCATCTATTTTCCATATCGAAGGGGACCCGGATCATCCGGTAAGCCGTGGCGCGCTGTGCCCGAAAGGGGCCGGTCTGGTGGACTTTATCCACTCTGAAAGCCGCCTGAAATTCCCGCAATACCGCGCGCCGGGTTCAGATAAGTGGCAACAAATCAGTTGGGAAGAAGCGTTTGACCGCATCGCTAAACTGATGAAGGAAGATCGCGACGCCAACTATCAGGCGCAGAACGCCGAAGGCGTTACCGTTAACCGCTGGCTCACCACCGGGATGCTGTGCGCTTCCGCATCCAGTAACGAGACGGGTTATTTAACGCAAAAATTCTCCCGCGCGCTGGGTATGCTCGCGGTCGACAACCAGGCGCGTGTCTGACACGGACCAACGGTAGCAAGTCTTGCTCCAACATTTGGTCGCGGTGCGATGACCAACCACTGGGTCGACATCAAGAACGCCAACCTCGTCGTGGTGATGGGCGGTAACGCCGCAGAAGCTCACCCGGTCGGGTTCCGCTGGGCGATGGAAGCCAAAATTCACAACGGCGCGAAGCTGATTGTGATCGATCCGCGCTTTACGCGTACCGCGTCGGTGGCCGATTTCTATGCGCCAATACGCTCTGGTACTGACATTGCCTTCTTGTCAGGCGTGATGCTGTATCTGCTGACCAACGAAAAATACAACCGTGAATACACCGAGGCCTATACCAATGCCAGCCTGATCGTGCGTGAAGATTTTGGCTTCGATGATGGTCTGTTCACTGGCTATGACGCCGACAAGCGTCAGTACGATAAAACCAGTTGGCACTATGAGCTGGACGAAAACGGTTTTGCCAAACACGATACGACACTGCAACACCCGCGCTGTGTCTGGAATCTGTTGAAACAGCATGTCTCACGCTACACGCCGGACATGGTAGAAAATATCTGCGGTACGCCGAAAGCGGACTTCCTGAAAGTGTGCGAGTACATTGCAGAAACCAGCGCAAAAGATAAAACAGCGTCGTTCCTGTACGCGCTGGGCTGGACGCAGCATTCCATCGGTGCGCAGAACATCCGTACTATGGCGATGATCCAGCTTCTGCTCGGTAACATGGGGATGGCGGGCGGCGGCGTTAACGCCCTGCGCGGTCACTCCAACATTCAGGGACTGACCGACTTAGGACTGCTGTCGCAAAGTCTGCCGGGCTATCTGACGCTGCCGAGCGAAAAACAGACCGACCTGCAAACCTATCTGGCTGCCAATACGCCGAAGCCATTGTTGAAG
NZ_CP041005.1_gap115	4528718	4533318	4600	GGAGCAGATGGCCAGCGCGCTGTTTGCCTCGGATTTTGCCTCCGTCAGCAGCGATAAAGCCCCCTTTATCTGGGCCGCGCTCTCCCTTTACTGGGCGCAAATGGCCAGCTTGATTCCAGGCAAAGCCCGCGCGGAATACGGTGAAGCGCGCCAGTATTGCCCGGTGTGCGGTTCGATGCCGGTCTCCAGCATGGTGCAGATCGGCACCACGCAGGGGCTGCGTTATCTGCACTGTAACCTGTGCGAAACCGAATGGCATGTCGTGCGCGTAAAATGCAGTAACTGCGAACAGAGCCGCGACTTACACTACTGGTCGCTGGAAAATGAGCAGGCTGCGGTGAAAGCCGAAAGCTGCGGCGATTGCGGGACTTACCTGAAGATTCTCTATCAGGAAAAAGACCCGAAAGTAGAAGCAGTGGCCGACGACCTCGCCTCGCTGGTGCTGGACGCGCGCATGGAACAGGAGGGCTTCGCCCGCAGTTCCATCAACCCGTTCCTGTTCCCGGGGGAAGGGGAATAAGTTCTCTGGTATACCGGCTAGCAATCTACGTTAGCCGGATCATTGCTCAATAACGCAATGCTTGTATAACGTTTCTCGGGTCGTTGGCAATGGCGCGAAGTAACGCTTTGGCTGGCCCTGTCGGTGAACGTCTTCCTTGCTCCCAGTTGCGCAGCGTATCCACGTTGACCGAAATCAGCTCTGCAAACTTAGATTGCGACAACCCAGATGCCTGCCGTATTTCTTTAATCTTCATTGCATCAATATGAAAGGTACGAGAAGGTTCACGGGTCCCTTCAATGATTTCATTCATTTGAGACATACTTTGAGTTAATCGCTCAAATAACACTTTATCCATCTACCACCTCTCATTCAGCATACGAAGCACCGCTTTTTCCTGCGGCGTGAGATCATCTTTAATGCCTTTTTGATAAATCAGAAGCAAGCGAATCTCATACCGTTGACTACGGTGAAAATAGATAATTCGCACGCCACTACGCTTTCCTTTGCCTCGCGCTCCCCAGCGCATTTTTCTCAGGCCGCCCGTTTCCTGAATGACATCACCACAATCTGGATGCTGAGCCATAAAAACCTGAAGCTTATGGTATTCATCATCATCGAGCAGTTTTTTAACATCTTCAGTAAAGAGTTCCGTTTCTATAAATTGCATATTCCATACGCCATTGGCTTATAGTAGTGAAAATAATCTATACGTCAATGGCGTATAGCATCATCGTTTCACAGTACAAAAATTAAAAACCCAGCGCCAACCGCATTCCATTTTTTGCGAACCTCTATCCAGAATCATTATCCCCTCGTTTCACCACTTTCCATCCCCAACGAACCAGGTTATAAACTGTACATACATACAGTCAAAGGAGCGTTATATGCCACTGGAAAAAGGAATTGCCGAACTGGTCGCTGGGTTTATCGCCGCGGGCCGCCCCTCTTCTCGCGAACAGAATATTGATGACCGGAGGGCGGGCTACATCGCCAGCACGACACTGGCAGGAGAAACAGAAACCCGCGTCCAGGTTGAAGATATTGAACTCGATGCCATGACGTTTCGCGTGGTTTCGCCGCTCAATGCCACAGGGAAATTACCCTGCATCATTTATTATCATGGTGGCTGCTTTGTCAGCGGCGGTTTTGCCACTCACGATAACCAGTTAAGGCAGTTAGCTTTTTACAGCCGTTGTCGCGTGATTGCGGCACAGTACCGACTTGCACCAGATCACACCTTCCCGGCCGCACATAACGATGCCGAAACCGGAGCCAATACTATCTGGAAATATGCCCAGAAACTGGGGATAGATCGCGAGAACATTACGCTTGCTGGTGACAGCGCGGGTGGGCATCTGGCGCTGGTCACCGCGCTACGCCTGAAAGCCGCCCGTCAATGGCAACCTGCACAGCTGATTCTGATCTACCCCATGCTGGACGCAACCGCCAGGTTTGCGAGCTACACCTGTAATGGGCTGGATTACATTATCACGCGTGACACGCTGCTTTCAGGCTACGAGATGTATATGCCGCGAACCGATCCACTGCATCCTGAAGCCAGTCCGCTCTGGCGTGAGGACTTCGCCGGACTGCCATCCACGCACATCATTACTGCCGAATTCGACCCACTGCGCGATGAGGGCGAGGCCCTGTATCAACGGTTCCAGGAACAGGGTGTGGAATGTACTTGCCAGCGCTATCTCGGTGTCATCCATGGCTTTTTCCAGCTCGGAGGCGTGAGCCAGGCGGCACGAAGCGCCATGCGAGATGTGGCCTGGCGTGTTGTAAGTCCATCAACAGGCAAAATGACCTAAAATTCAATTTTGTTTTCAACTTGAAAACTGGATAACGTTGCGCTAAATTGTTTTCAGGTTGAAAACTTTGTAATGGAACTACATTGTGCATGTTATCAGCCGAAAACCGTTCAATGAAGCGATGCTCATGTATCCAAACCATGAGCTTGCTCTCACTGAGTTGCTGAATGTTCTGGAGAAAAAAACATTCACTCAGCCTGAAGAGATGAAGCGGTATATTCCTTCACTGGATAATTTTAAGTACAGAGATAAATGGTGGGTGATTGATGTTTCTGGTAACAGCCTGAGACTCATTTCCTACATAGATTTCAGGTTACATAAGATATTTGTGAAACATATCGTTTCCCATGCCGAATATGACAAACTGACCGCATACTATCGGGGTAATAAAGAATGAGAACTCATCGTCAGATGGATGCAACCAGCGCAAAAAAGATCGTTGATACCTTCAGCGATGCGGTAAAAACCGTCCCACTGATGGGGGAAGACCGAAATGACAATGAGTATCGCAGGGCACTAGCGCTAGTGGAGTTTCTGGTCGACCACGACGATCTTGAAAACCCACTATTTGAATTGCTCTGTGCCCGAATCAGTGAATACGAAAAACATGCGCCGGAATTCAAAGCACTCAACCAACACCTGGAGAAAACGCCCCCTGGCGTTTCAGTATTGCGAACGCTCATGGATCAATACGGTCTCAAAGCAGCAGATCTTGCCAACGAACTTGGTTCTAAATCGAACGTCAGCAACATCTTAAATGGCCGCAGAGCACTAACGGTTAATCATATTAAAGCGCTTACACAACGCTTCAAACTACCAGCAGATGCCTTCATCGAGTAGTTGGATATGTCCAGCTACTCCTCCTCATTCCCGCCCTCTTCATACGGGCCGAACGGTTTCGCAGGTAGTACGATATAAATGCCTTCGAAAATTGCTCCGGCGGTCTCGCCGCCCAACAGTTCAACCTGCAACTGGACACGCGCTTTTTTACCCCGCGCCAGCCTGTCCAAATCACCGCTTAGCGACCCCAAATCAGCCACGGCGTTTGGCTTTCCGCTAATGGGTTTACTGTAGCGAATATGGGCGTCAGCAAGAATAATCGTCCCGCCCAGGTGGCGTTCACGGAGCATCAGCCAGATAAGTCCCCATCCGGTCAGCGTCGCCAGGGAGAACAGGCTGCCGGCAAACACCGTGTGATGCGGATTTTGATTACCGGTTTCCGGCATCGTGGTGATAAATTTTTGCCCGGTGTACTGCTGAATGCGCACCCCCATCTTTTCACTCAATGGAATGTGCTCATACCAGGCCTGCTGAAGCTGCCCGCACCAGTCGCCGCGATGCAGGATATCATCCAGCGATGCTACCGGTTTAATCATCAGAAAATGGCGGATTGGCGTGGTTGTGGGCGTAGTAATCTCCCCCTGATTGACAAACCCGAGTTTGGCAAAGAACTCAACCGCATCTTCGCGCGCACTGCAGGTGACGCGCTTAACGCCTTCCTGGCGGGCAACAGACTCCAGGGTCATCGCCATTAATGTCCCCAGCCCTTTATCCTGTACCGAGGGATGTACAGCCATAAAACGGATAGACGCCTCGTTATCTGCATTGATATAAAGGCGGCCCACTGCAACTAAATTTCCTTCTTCGTCCACCACCATTTGATGGTGCGCCAACGCATCCCAGCCATCCCGTTCCGACCCTTTCGGCTGGTGCAGCGGTTTACGCAGCATCTCCCAGCGAAACTGGTAGTAACGTTCTAATTCTTCTTCTGTTTGCGGAACTCGAAGGTGATACATAGCCGTACTCTCTCTTGTTATCCGCGGCCACGCCGGAAGCTGACTCATACCTGGAGCCAGAATGTCACGGGGCCGTCATTAACCAGCTCAACCTGCATATCGGCAGCGAAGCGTCCGGTTTGCGTGTTTATCGCCTGCTGGCGGCAGCGCTCGACAAAATATTCATAAAGCGCCTGCGCGCGATCCGGCGCAGCCCCGCCGGAAAAGCTTGGCCGCATACCGCGCTCGGTATCTGCCGCCAGCGTAAACTGCGACACCACCAGCACGCTGCCGCCAGCCTGTTGTACATTCAGATTCATCTTGCCGTCAGCATCGCTGAAGATACGGTATCCCAGCACGCGCTCGCACAGACGATTCGCTTTTTGTTCGTCATCTTCTTTTTCGACACCCAATAACACCAAAAGTCCTGGGCCGATTTTACCCGTCACCTCGTCCTCCACGGTGACGCTGGCACGGGTTACGCGTTGAATTAATGCAATCATGGTTGG
NZ_CP041005.1_gap116	4540667	4542030	1363	GCGGTAGAGCCTATGAGCTGCCCGCCCGATGCATTTAATTCCGGGATCGCACTGATTCATCTTGCCCCAAAAGCGATCCATCAACTGCATTTTTCCATCGGCTGCGACTAGCCCAAATGGATTACCGAATTACCCTACATTCACGGAGATTACAATGAATTCTCTACCACAACGGTCAACCGATTTTGAACTGACAACATCACAGGATGGTTTTGCGCTTAGCTGGCAACAGCGCCTGATTTTACGCCACAGCACCGAAAATCCCTGTCTGTGGATTGGCGCGGGCGTTGCCGACATTGACATGTTTCGCGGCAACTTTAGCATCAAAGACAAACTTAACGAAAAGATTGCATTAACGGAGGCCACCGTCAGCGAGCTACCTGACGGCTGGCTGGTACAATTCAGCCGTGGCGCAACAATTAGCGCCACCCTTCGCATCTCCGCCGATGAAGCGGGACGCCTGCAGCTGGATCTGCAAAACGACGACCTGCACCATAACCGTATCTGGTTACGTCTCGCAGCTAATCCAGACGACCATATCTACGGCTGCGGCGAACAGTTCTCTTATTTCGATTTGCGCGGCAAGCCGTTCCCGCTGTGGACCAGCGAACAGGGCGTTGGCCGTAATAAAACCAGCTATGTCACCTGGCAGGCAGACTGTAAAGAGAACGCCGGCGGCGACTATTACTGGACCTTCTTCCCGCAACCGACCTTTGTCAGCACGCAGAAGTATTACTGCCACGTCGATAATAGCTGCTATATGAATTTCGACTTCAGCGCGCCGGAGTATCACGAACTGGCGCTGTGGGAAGATAAAACTACGCTACGTTTTGAGTGTGCCGACACCTACATCGCCCTGCTGGAAAAACTGACTGCGCTGTTAGGTCGCCAGCCGGAGCTGCCGGACTGGGTTTACGACGGCGTCACGCTAGGCATTCAGGGCGGTACGGAAGTTTGCCAGCAAAAACTGGATACCATGCGCAACGCAGGCGTAAAAGTGAACGGTATTTGGGCGCAGGACTGGTCCGGTATCCGCATGACCTCCTTTGGCAAGCGCGTGATGTGGAACTGGAAGTGGAATAGCGACAACTATCCACAGCTGGATAGCCGTATCAAACAGTGGAAAGAAGAAGGCGTCCAGTTCCTCTCTTATATCAACCCATACGTCGCCAGTGATAAAGACCTCTGCGCCGAGGCGGCGAAACACGGCTATCTGGCGAAAGACGCCACGGGCGGCGACTATCTGGTCGAGTTTGGCGAATTCTATGGCGGCGTGGTCGATCTGACCAATCCTGAAGCTTACGACTGGTTCAAAGACGTCATCAAAAAGAGCATGATCGCGCTCGGCTGCAGCGGCTGGATG
NZ_CP041005.1_gap117	4543522	4546002	2480	TGTGCTACGCCGGCGTTAAAGAGCGCTACGTCGAAGTGAAACCTGTCGATAGCGCGCAAAAGCCTGGATTATTGCAGTCGTTCCGCGCCATCGCCGGTAACCGTCCGCTGTTTATTCTGTGTATCGCCAACCTTTGTACTCTTGGCGCCTTCAACGTCAAACTGGCGATTCAGGTTTATTACACCCAGTACGTTCTTAACGACCCGATCCTCCTCTCCTGGATGGGCTTCTTTAGCATGGGCTGTATTTTTATCGGCGTTTTTTTGATGCCCGGCGCTGTAAGGCGTTTTGGCAAGAAGAAAGTCTATATCGGCGGGCTGTTAATATGGGTGGCAGGCGATCTGCTCAACTACTTCTTTGGCGGCGGCTCGGTCAGTTTTGTCGCCTTCTCCTGCCTGGCGTTCTTCGGTTCCGCCTTCGTCAACAGCCTGAACTGGGCGCTGGTTTCCGACACGGTGGAGTACGGTGAATGGCGCACCGGCGTCCGCTCGGAAGGGACGGTTTACACCGGCTTCACGTTCTTCCGTAAGGTCTCCCAGGCGCTGGCAGGGTTCTTCCCCGGCTGGATGCTAACGCAAATCGGTTATATCCCGAATGTGGTGCAATCGGCAGGCACCGTCGAAGGCCTACGCCAGTTGATCTTTATTTATCCTTGCGTGCTGGCGGTCATCACCATTATTGCGATGGGCTGTTTCTACAACCTCAACGAGAAGATGTACGTGCGAATTGTGGAAGAGATTGAGGCCCGGAAACATACGGTTTAACAACAATAAAATATAACGCCCTGCGGGGCGTTTTGAGAGGCGATTATGTCTAATCATGATCCGCTAACGCTAAAGTTGAGCCTGCGGGAAAAATGCGCCTATGGCGTGGGCGATTTCGGCTCAAATCTGATGCTGTGTATCGGTACGCTGTATCTACTGAAGTTTTATACCGATGAACTCGGGATGCCTGCATATTACGGTGGAATTATCTTTCTGGTGGCGAAATTCTTCACCGCTTTTACCGATATGCTCACCGGCGTATTGCTGGACTCACGCCGTAATATTGGCGCAAAAGGAAAGTTTCGGCCTTTTATTCTGTATGCGTCATTTCCAGTCGCTCTGGTTGCTACTGCGCAATTCTTTGCCACTCACTTTACTTTACCCGTTAAAACAGCCTTCGCGACGGTGCTGTTTATGTTGTTCGGTCTGTTCTACAGCCTGATGAACTGCTCATACGGCGCGATGGTACCCGCTATTACCAAAAATCCGCATGAGCGCGCCCAGCTCGCCGCATGGCGACAAGGCGGCGCTACCATTGGCCTTCTTCTTTGTACCGTAGGTTTTATGCCCATTCAGGCGCTGTTTACCCGTTCCCCTTCGCTGGGTTATCTGATTGCAGCAGTCATCTTTTCGGTCTGCGGGCTGTTCAGCATGTGGTGGTGCTTTAGCGGGGTAAAAGAACGGTATATCGAAACCGTACCTGACACGCATAAACCCAGCATATTGAAGTCCTTCTGCGCGATTTTTCGTAATCCGCCGCTGCTGGTGCTCTGCGTTGCCAATTTGTGCACGCTGGCCGCCTTTAATATCAAGCTGGCCATTCAGGTTTATTACACTCAGTACGTGCTGAACGATATTCATTTGTTGTCATGGATGGGTTTTTTCAGCATGGGCTGTATCCTGATTGGTGTTTTATTAGTACCTGCTGCGGTAAAACGCTTCGGGAAAAAACAGGTTTATCTTGGTGGTCTGATATTGTGGGCCGTTGGCGATATCCTGAATTTTATCTGGGGTGGAACGTCATTCCTGTTTGTTATTTTCTCTTGTATCGCCTTCTTCGGTACCGCTTTCGTCAACAGCCTGAACTGGGCGCTGGTTCCGGATACGGTTGACTACGGTGAATGGAAAACGGGTATTCGCGCTGAAGGCTCGGTGTATACGGGTTATACCTTTTCCCGCAAAATTTCCGCTGCGCTTGCTGGCTTTTTGCCAGGTATTATGCTGACGCAAATCGGTTATATCCCCAACATAGCTCAAAGTGACACCACGTTGCTTGGTTTGCGTCAGCTCATTTTTTTATGGCCTTGCGGTCTTGCCATTATCGCAGCACTAACGATGGGCTTTTTTTATAAGCTCAATGAACAACGTTTCGCTTTTATTATCGAGGAAATTGCCCAACGAAAGAAAACAGGTAATCAAATTGTCGCGACTAATAATAAACAAAGTATTTCTACTGTAAATAATTAAACGACGCTTGCCGCTTTATCCATCCCGATGGATGGCGGCTTCCCTATATTTGAAAAATGGATTTATTATGAAATCTCTGAATACTCTAGTGATATTAACTTCAGTAATATCCACCTCTGTTTTTGCTGGCGCTTATGTAGAAAACCGTGAGGCCTATAACCTGGCGTCTGACCAAATGGAGTTTATGCTGCGCGTCGGCTATAACTCCGATATGGGGGCCGGAATTATGTTGACCAATACCTATACGCT
NZ_CP041005.1_gap118	4550818	4554299	3481	GCCTCTTTTAGGTACGCCGTTGAATGTGATGATTACGCCTTATGGCGAGGCGCTACGCTTGCGTTATTACATGGCGGCGCTGGCAGAAATTAGCCGCTATCCTCATGTTCAGGCGGTCGGCATACAAACTAACGCCTCTTTTTCGTTAATGTCATTGCTGGAATCATTTCGTGCTGGCGGCGGAGATATCTCAAAGCTTCGGTTATGGTGTTCTTTTCATCCCTCACAAATTACCGCTGAGCGCTTTCTCCAGCAGTGTTTAGCGCTCTCTGCCGCCGGAATAACCTGGTGCGCGGGGGCTGTCGCCAGTATGAAAGATATCGACCAGTTTCGTTGGCTCCGCCAGCAGTTGCCTGACCAGAATTATTTTTGGTTTAACGCCAACGAGTGTGCCAATACCCGGCATACCGTTGAGGAAACCATCGCCTTCGGCGAACTCGATCCGCTGTATGTGATTGAAACGCAGCAGTGGCCAGCGCAGCTGGATATCTGTACCGCAGGAAGAAAAAGTATTTTTATGAATGCAGAAGGCGATCTTTTTGCTTGTCATATCAGCAAAATTAAAATGGGTAATTTATATCAACAACGGCTCAATTCTCCCGCCTGCCAGGCAAAGCAATGCCACTGTTTTCTCGCTTATCAGCACCGTCTCGATATTCCATTGCTGAATCACCTGGATGCCTCACGCTGTTTTAGGATCGGACGCTCATGCGATATCGTTTAATCGCTTTTGATCTTGATGGAACGCTGCTAAACCGTAATAAACAAATTCTGCCAGAGTCGCTAACCGCCATCCGTCAGATGCAGGACATGGGCTGCCGAATAATGCTTGTCACCGGCCGCTCTCATCGTGAAGCCTATGCGTATTATCAAACGCTGGCGCTCACCGAACCGATGATCTGTTGTAACGGAAGCTATATTTATCAACCGGCTCAACAGCAGATCCTTCACCCGCTGCCGCTGACGCACTTACAAACGGAAAAAATACTGGCGCGGGTATATCCGCTTAAACCGACAATTCGTGCTGATGATAAAATAATCTTTCAGGCTGATGAGCTAAGCAGTAGGGAGAATATCTGGCAAATCAGCATCGTTCATCGGCACATAAAACAACTACAAAATATTGCTGAGTTTATACAGCATGAATTACATCTAAGCTGTACCTGGTCCTGGCATCATCAACTGGATATTCTCCAGAAGGGGTGTAGCAAAGGACAAAGCCTCGCCAGATATGCACAGCAACAGCATATCGCAATGCGCGAAGTGATGGCGTTTGGCGATAATGATAACGATGCGGAAATGCTACGTTTAGCCGGATTGGGCGTCGCGATGGGGAATGCCAGCGCTCGGGCAAAGGTGTATGCGGATAGCGTCATTGGTCGGCATAATACGCCAGCGATTGCTGATTTTTTGGCAACCTTATCCCTTTCTCAACGTGAATAAAAAAACCCCGCCGAGCTTTCATTTCGGCAGGGTTTTTATCCGTAAGAGCGTTAATTACTCTTCTTTCTGACCACGGTTCGCACGGCGGCGATCGTTTTCCGTCAGGTGACGTTTACGGATACGGATAGAGGTTGGGGTGACTTCTACCAGTTCGTCGTCATCAATGAACTCCAGCGCTTGCTCAAGGCTCATTTTAATTGGCGGAACCAGAATCACCGCTTCATCCGTACCGGACGCACGCATGTTGGTCAGTTTCTTACCGGTCAGGCAGTTTACCGTCAGGTCGTTGGAGCGACTGTGAATACCAATAATCTGGCCTTCATAAACTTCCGCGCCGTGACCCAGGAACAGCTTACCGCGATCCTGCAAACCGAACAGCGCAAACGCCACCGCTTTACCCTGACCGTTGGAGATCAGTACGCCGTTCTGACGCTGGCCCACTTCACCCGGACGAATATCGTCGTAATGGCTGAAGGTGGAGTACAGCAGACCCGTACCGGAAGTCATGGTCATGAATTCTGAACGGAAACCAATCAGCCCACGGCTTGGGATCACGTAGTCGAGACGTACGCGGCCTTTACCGTCCGGATTCATGTTTTTCAGGTCGCCTTTACGCTCGCCCAGCGCCTGCATGACAGACCCCTGGTGCTGCTCTTCGACGTCCAGCGTCACGTTTTCGTACGGCTCTTGTTTACGACCGTCGATTTCACGGAAGATAACTTTCGGACGGGAAACCGCCAGTTCGAAACCTTCACGACGCATATTTTCAATCAGCACGGACAGGTGCAGTTCGCCACGACCGGATACACGGAACGCATCCGCATCTTCGGTTTCTTCAACGCGCAGCGCCACGTTATGCACCAGCTCTTTGTTCAGACGGTCAAGAATCTGACGAGAAGTCACAAACTTACCTTCTTTACCGCAGAACGGCGAGGTGTTAACGCAGAAGAACATAGACACGGTCGGCTCATCAACGGACAGCGCCGGCAGCGCTTCAACGTTCTGCGGGTCGCAGATGGTGTCGGAAATGTTCAGCTCGCCCAGACCGGTGATCGCAATGATATCGCCCGCTTCGGCGATATTGCTGTCGATACGCTCCAGACCCAGATGCGTCAGCACTTTACCTACTTTCGCGTTACGGGTTTTCCCTTCACTATCGATGATAGTGACCTGCTGGTTCGGCTTCACTTTGCCGCGTTTGATACGGCCAATGCCGATAACGCCAACATAGTTGTTGTAGTCCAGCTGGGAGATCTGCATCTGCAACGGACCATCGAGGTCAACGTCCGGCGCCGGAACATGATCAACAATCGCCTGATATAGCGGGGTCATGTCTTCCGCCATATCTTCGTGGTCCAGACCCGCGATACCGTTCAGCGCCGAAGCGTAGATGATCGGGAAGTCCAGCTGTTCGTCGGTCGCGTCGAGGTTAACAAACAGGTCGAATACCTGGTCAACAACCCAGTCAGGGCGCGCGCCAGGACGGTCAACTTTGTTGATAACCACAATGGGTTTCAGGCCATGAGCAAAGGCTTTTTTGGTCACGAAGCGCGTTTGCGGCATCGGGCCGTCAAATGCGTCAACCACCAGCAGCACAGAGTCAACCATGGACATGACGCGCTCTACTTCACCACCGAAGTCAGCGTGCCCGGGAGTATCAACGATGTTGATACGGTAATCATTCCATTTAATAGCGGTGTTTTTAGCGAGGATAGTAATACCACGCTCTTTCTCCAAATCGTTGGAGTCCATCACTCGCTCTTGAGTTTCGGCACGCGCGTCGAACGTACCGGATTGCTGGAGCAGCTTATCAACCAGGGTAGTTTTACCATGGTCAACGTGCGCGATGATGGCGATGTTACGCAAATTTTCGATCACAACTTTGCCTCAGGCATTAGAAATAGCGCGTTATTGTACACGGATTAATCGCACTACAAAACAGGATCACAAACATCCTCCGCAAACAAGTATTGCAGAGTCTCTTTGTGATCGCTTTCACGGAGCGTTAAAAGGGTGGCTTGCGTTCTGTTGCACCAAT
NZ_CP041005.1_gap119	4679284	4682173	2889	GTTAATACTTTCATCATGGTGGATTTTCCGGCGCCGTTTTCCCCCACCAGCGCCATAACGCGGCCAGGATAAACGTTTAACGCGGCGCCGGAGAGAGCCTTCACGCCGGGGAACGCTTTATCGATCCCTTTGAGTTGCAGTAATGCGTCCATAGCGGCCTCAGAAAGTGACGCCAGCGCAAAGAATGACGTTCGCATACGGGGAACACTCCCCGCTGCGAATCACCGCCTGACTGTCTGCAGTCAATTTTTTGAATTGTTCGTGTGTCGTATAACTAATTTTTATGGTGTTTCCCTGGTGTTGCTGCAGTTGCTCAAGGTGAGTGAGCAACGTTTCGTGGAGCTGCGGATTCTGTTGTTTGATTTCCGTTGCAAGAATCGCCGCCTCAACCTGCATTTCCCGGGTCACGACATCCACCACCTGCATAAAAGAAGGTACGCCCTGGGTTAGTGCCATATCGATACGCGCGGTGCTATTCGGGATGGGTAAACCCGCATCACAGACTACCAGAGTATCAGTATGCCCCAGACGGGAAATGACCGACGAGATTTCAGAGTTGAGTACGGTGCCTTTCTTCATTTTTCTGCTCCACTAGCGAAACGTTTCGCTGGCCGCAGTGTAACCCCGGATGTGTTCATAAAACCATCATGACGTAACAGAATTGTGATCGCCGTCGAAACGTTTCGCTAGCGGAAATCAGGCGATTATCTTGTGGGAATCTACGGATTGGCCAGGCCGGGTAAGCCAACGCGGCCCCCGGCATGTTGATGGGAGGTTAAATCTCGACCTGCGTACCTAACTCAATCACGCGGTTAGGCGGGATCTCGAACTGATCCGGCGCGCGCAGGGCGTTGCGTTGCAACAACAAATACAGCTTGCCACGCAGACGCAAATACCACGGGCGTTTGCCGACAATCAACGACTCGTGCGACATAAAGAACGACGTTTCCATCATCCGACAGCTAAGGCCTTCCAGACCGCAGCGGTGGAACACCTCTTCAACGTTTGGCGTTTCGCGCCAGCCGTAGCTGGCCACCACGCGCCAGAATGTCGGAGACAACTGCTCAATCTGCACCCGGCGAACGTTATGCACATAAGGCGCATCTTCCGTACGCAACGTCAGTAAGATTACGCGCTCATGCAACACTTTGTTGTGCTTCAGGTTATGCAATAAAGCAAAAGGGATCACACTGAGCGCGCGCGACATGTATACGGCAGTACCCGGCACCCGAACCGGCGGTGACTTCTCCAGTGAAGCAATCATCGCTTCCAGCGAATTACCGTGTTCATGCATACGACGCAACAGACGGAAACGCTCGCTCTTCCAGGTGGTCATGATCGTGAACATGATCAGACCCAGGCTCAGCGGCAGCCAACCGCCGGACAACAATTTATCGAGGTTAGCCGAGAACAGCGGGATATCCACGCACAGGAATGCGATGAGGATCAGCGCGACAAAATATTTGTTCCAGTGCCAGTTCTTACGCGCCACGGTCGTAGAAAGAATAGACGTCAGCACCATCGTGCCGGTCACGGCGATACCATAGGCCGCCGCCAGGTTGCTGGAGTGCTCAAAGCTAACAATAACAACCACGACCGCGAAATAAAGCAGCCAGTTAACGAAAGGGATATAGATCTGACCGGACTCCATCTCGGAGGTATGGATAATGCGCATTGGCGACAAATAGCCAAGACGCACGGCCTGACGCGTCAGCGAAAAGACGCCGGAAATGACCGCCTGGGAGGCGATCACCGTCGCCAGCGCGGCCAGAATCAGCAGCGGAATTAACGCCCAGTCCGGCGCCAACAGGAAGAAGGGGTTTTTAATCGCTTCCGGATGCTTAAGTAGCAATGCGCCCTGACCAAAGTAGTTCAGTACTAACGACGGCAATACCACGGTAAACCACGCCAGGCGAATCGGGAACTTACCGAAGTGTCCCATATCGGCGTACAACGCCTCTACGCCGGTAATCGACAGCACCACCGCGCCCAACGCAATAAATGATACGGTTTTATATTCAAGGAAAAAACGTACCGCCCAGACAGGATTCAGCGCATGTAACACTTCGGGATTGGCGATAATACTGCGCAGGCCAAGTACCGCCAGGATTAAAAACCAGGTCAGCATGATCGGCGCAAAGAGTTTCCCTACCATTCCCGTACCGTGCTTCTGAATCATAAACAACAGAGTCAGCACAATAATGGAGAGCGGGACAATCCAGGTATCCAGCTGCGGCGCGACAATCTCCAGGCCTTCAATCGCCGACATCACCGAAATCGCCGGCGTAATCACCACTTCGCCATAGAAAAAGCTGCCGCCTATCAGTCCCATGATAACTAACATGGATGTGGTGCGCGCCGAGGTATTACGCCCGGCAAGCGACATCAGCGTCAAAATTCCACCTTCACCCGCGTTATCGGCGCGCATCACGAAGGTGAGATATTTGATGGAAACCACAAAGATGAGTAGCCAGAAGATCAGCGACAGAAAACCAAATACGGCATCTCGTTCAACGCCAAAACCAAACTGACCGGACAAACATTCACGAAGCGTATAAAGCGGGCTGGTACCAATATCACCGTAGACAACCCCAATAGCTGCGAGGGTAATCGCAGGCAACGATTGCTTATTATCAGTGCTCATAGACTCATCTTTCGTTTATACACGTCACCCTTCACCCTACCTCCTTGTCGGCTGCATTCGCTTACCCCAGTCACACGTTTAAGTCAGTGCCAGGGGATTCACTCCTTTGCCGCCTTGATGTAGTTTGAATGAATGAGTGTATAGATATGAAATGTGTGCTTAGTCCCTTGGCCCACAAAAAAGCGCACAGTATGCACGATTAATCATAAAATCGTACCCCTAAATGAAGCCAGATTAACCTGGCT
NZ_CP041005.1_gap120	4684870	4688356	3486	GCTATGAACTCTCCGGCCCGGAAGGTATCGAGCAGGCCATCCGCTTTTTAAGTCAACGTTTTCGCGGCGGCACGGATATCGCCAGCTGTTTTCGCGCCATTATTGAAAGAATGCAGGGACGGGAATGGTTTGATGCCGATGCGGTGGTCATTTCGGATTTTATCGCCCAGCGCTTGCCGGATGACGTGGTGAGCAAAGTGGGAGAGTTGCAGCGTCTTCACCAGCATCGATTCCATGCGGTGGCGATGTCGGCGCACGGCAAACCCGGCATCATGCGCATTTTCGATCATATCTGGCGCTTTGACACCGGGATGCGAAGCCGCCTGCTGAGACGCTGGCGGCGCTAACGGCTTATAAAATAGCAGGAATGCTTTCGCGAACCTGCGCGGGCCATACGCCGCACTGTACCTGACCAATATGCGGCAATTGCAGCAGCAACATCGTCAGACGCGACTGCCCAATCCCGCCGCCGATGGTCTGCGGCATTTCGCCGCGCAGCAGCGCCTGATGCCACTCCAGTTGCAGACGATCTTCATCACCGGTCAACGCCAGCTGGCGCATCAGCGTATCGGCATCTACGCGGATACCCATAGAGGAAAGCTCAAACGCATCTTCCAGCACCGGGTTCCACACCAGGATATCGCCGTTCAGACCGGCGTAGCCCAGCTCAGATGCGGAGCTCCAGTCATCATAATCCGGCGCGCGTACATCATGGCGGTGGCCATCGCTCAGTTTACCGCCGATCCCCACCAGGAAAACGGCGCCAAGTTCTTTGGCGATCGCGCGTTCGCGCCCTTTCGCATCCAGATCCGGGAAACGCGCCAGCAGTTCCTGACTGTGAACAAACTGAATTTGCTCTGGCAGGAACGGCGCCAGACCAAACTGTTTATGCACTTCTGCTTCCGTCGCCTTAATTCCTGCCCATATAGCCTCTACTGTGCTTTTCAGGGTGGAAAATTGGCGCTCGCCATCGCCCATGACACGCTCCCAGTCCCACTGATCCACATAGACCGAGTGGAGCGGAGAGAGTCGGTCTTCATCGGGGCGAAGGGCTTTCATGTGCGTGTACAGCCCTTCGCCCGCGCTGAAGTCATGTTGCCCCAGGGTTTGACGTTTCCACTTCGCCAGTGAATGCACCACTTCGAACTGGGCGTCAGGCAATGCTTTCACTTTTACCTGCACCGCTTTTTCACAGCCGGACAAATTATCCTGCGTACCATCCCCTACGCGACTCAGGATCGGCGCCTGGACCTCAATCAGACCCAGACGCTCCTCCAGCTGGCGAGAGAAATGTGATTTCACGAAGCTAATTTGACGTTGTTTGGCAATGTAAGCGGTTTTCATTTTTTTACTCCTGCGTCCTGTTGCCTATGATTAAGCAACAAAACGAGAGCACTATTCAATAATCAACAGATAAAAAGCTAACTTCGGTTTTGATTCGTTAAAAATAATGGCTAAAATAGAGATAATCATTAATCTGCATAAGAAAAAGCGATGGAAAATTATCAGATCGACAATCTGGACCGCGGCATACTTGACGCCTTAATGGGAAATGCCCGCACCGCCTACGCCGAACTGGCCAAACAATTTGGCGTTAGCCCTGGAACCATTCACGTTCGCGTCGAGAAAATGAAGCAGGCCGGGATCATTACGGGCGCACGGATTGACGTCAGCCCTAAACAACTGGGCTACGATGTGGGCTGCTTTATTGGCATCATCCTCAAAAGCGCCAAAGACTATCCCTCCGCACTGGCCCGGCTGGAAAGCCTGGATGAGGTGACGGAAGCGTATTACACCACCGGTCACTACAGCATCTTTATAAAAGTGATGTGCAAATCAATCGACGCGCTTCAGCACGTACTTATCAACAAGATCCAAACAATTGATGAAATTCAGTCCACTGAGACACTGATCGTCTTGCAGAACCCGATCATGCGCACCATCAAGCCATGATCGGCTTTTTTAATCCCACATTTTTCCACAGGTAGATCCCAGCTCGTTCACAGAGTACAATGCAGCCTCTTTACCTGAGCGAGCGATCAATGGCAGACATTACTCTTATCAGCGGCAGCACCCTGGGCGGCGCCGAATACGTCGCGGAACATCTGGCGGAAAAGCTGGAAGCTGCCGGTTTTTCAACCGAAACGGTGCACGGTCCGTTATTAGAGGATCTGTCAACTTCCGGGATCTGGCTGATAATCAGCTCAACGCACGGTGCCGGAGACATTCCGGACAACCTGACCCCTTTCTATGAAGACCTTCAGACGCAGAAACCCGATCTTTCCGCGGTACGTTTCGGCGCAATTGGCATTGGCAGTCGAGAATACGACACGTTTTGCGGCGCGATTGAGAAAATAGAAGCGGAACTGAAAGGCGCTGGCGCAAAACAGGTTGGGGAAACACTGAAGATCAACATCCTTGAACATGAGATTCCGGAAGATCCAGCGGAGATTTGGCTCGGATCCTGGATTAATTTACTCAAATAAGTGTAAAGATCGTGCGATCCATTGTGGATAAATCTGGTGGAAAGCTTGGATCAACCGGTAGTTATCCAAAGAATAACCGTTGTTCACTTTTTGAGTTGTGTATAAGTACCCGTTTTGATCCCAGCTTATACGGACCACGATCACCGATCATTCACAGCTAGTGATCCTTTCCAACGCATTGATCTTTATTACAGGATCCGGGTTATCCACAGCCTGGCGCGATCCTAATAAGAGATCACAATAGAACAGATCTCTAAATAAAAAGATCTTCTTTTTAATAGCCCGGATCCCGGGGCTTTCTCCATCGGCTAAAGTTGAGTAGAATCCACCGCCCGGGCTTCAATCCATTTTCACACCGCGTTATGCGAGGCAATTACCATGTTTTATCAGGATCCTTTTGACGTCATTATTATTGGCGGGGGTCATGCAGGCACTGAGGCCGCGATGGCCGCAGCGCGTATGGGTCAACAGACTCTGCTTTTGACACACAATATTGACACGTTGGGACAGATGAGCTGCAACCCGGCGATCGGCGGTATTGGAAAGGGACATCTGGTAAAAGAGGTGGATGCGCTCGGCGGTCTGATGGCGAAAGCGATCGATCAGGCAGGTATTCAGTTTAGGATACTAAACGCCAGCAAAGGTCCGGCCGTTCGCGCTACCCGGGCTCAGGCGGATCGAGTCTTATACCGCCAGGCGGTGCGTACCGCGCTGGAGAATCAGCCGAATCTGATGATCTTCCAGCAAGCTGTTGAAGATCTGATTGTCGAAAACGATCGCGTTGTCGGCGCCGTGACCCAAATGGGGCTCAAATTCCGCGCGAAAGCGGTGGTACTGACCGTCGGAACCTTCCTGGATGGCAAAATTCATATTGGTCTGGATAACTACAGCGGCGGTCGTGCTGGCGATCCGCCATCCATCCCGCTGTCTCGCCGTCTGCGTGAGCTTCCGCTACGCGTCAGCCGCCTGAAAACCGGCACACCGCCGCGTATTGATGCGC
NZ_CP041005.1_gap121	4689677	4692804	3127	CCGATAAGCGAAAGCGCATCGGGCATTTGATTATTAACAGGTAATGACCGTGCTCAACAAACTCTCTCGTCTGCTGGCTGATGCCGGTATTTCTCTTACCGATCACCAGAAAACGCTGCTGGTCGCCTACGTTGATATGCTGCACAAATGGAACAAAGCATACAACCTGACGTCAGTGCGGGATCCCAACGAAATGTTGGTACGCCATATTCTCGACAGCATAGTCGTTGCGCCGTATCTTCAGGGACAGCGTTTTATCGACGTAGGAACAGGACCGGGGCTGCCGGGCATCCCGCTGGCTATTGTTCTCCCTGACGCGCATTTCACCTTACTCGACAGCCTGGGCAAGCGGGTACGTTTTCTGCGTCAGGTCCAGCACGAACTGAAACTGGAAAACATCACGCCGGTTCAAAGCCGCGTTGAAGCCTATCCCTCCGAACCGCCGTTTGATGGCGTTATCAGCCGCGCTTTCGCATCGTTGAATGATATGGTGAGCTGGTGCCACCATCTGCCGGGAGAGAAAGGGCGTTTTTATGCCTTAAAAGGGCAATTGCCAGGGGATGAAATTGCCTCACTACCTGACAATTTTAGCGTCGAATCTGTTGAAAAATTACGCGTTCCGCAACTGGAAGGCGAGCGGCATCTGGTGATTATTAAGTCAAACAAAGTTTAATTTTTATCAAAAAAAATAGAAAAAAAACGACGCGGCTTGTGTTAAAAATCGACAGGTATAACGCATTTCAGCGTTGTTACATTTAACTCTGGATTTACGGTTTCGTTTCAACATGACAACGTCGCTTCTTTTGTTAAAACAGAGAGTAATCAACTTTGTAAATATCAGTCTGCTAAAAATCGAATCGAAAAATCACTTTTGCTTGTTAAATTTTTATTATAAATGTCAATGGGGCGTTTTTAAGGTGTAAGCTGGTATTTTTAAAACAGTACCTGGTTTTACGCTTAAATATCAAAAAGATGAAAAGGCATGAATTGACACGTAAATGAATTGCGTAAGCATGAATATGTTTAATGTGTGATCTGGTGCACGCTTTATCGCCAGTGTTTTCGCGCTATTTGCAGTTTTGTACGATCGTTCACACTTTGGCTAAAAGTTAAAAATGCGGGCCAGAGAAAAATATTTAAACATTTATTCACCTTTTGGCTACTTATTGTTTGAAATCACGGGGGCGCACCGTATAATTTGACCGCTTTTTGATGCTTGACTCTAAGTCTTAAAGAACGTTTTATACGACACGCGGCATACCTCGAAGTGAGCAGGAGTAAAAACGTGATGTCTGTGTCGCTCGTGAGTCGAAACGTTGCTCGTAAGCTTCTGTTCATTCAGTTTCTGGCGGTAATAGCAAGTGGATTGCTGTTTTGCCTCAAAGACCCCTTCTGGGGCATCTCCGCAGTATGTGGGGGATTGGCAGTGGCACTGCCTAATATGTTGTTTATGATATTTGCCTGGCGTCACCAGGCGCATACACCTGCTAAGGGCCGCGTGTCCTGGACTTTCGCCTTCGGTGAAGCCTTCAAGGTGTTAGCGATGCTGGTTTTACTGGTGGTGGCGTTGGCGGTTTTAAAGGCGGTGTTTTTGCCGCTGATCGTTACGTGGGTTTTGGTGCTGGTGGTTCAGATACTGGCGCCGGCTGTAATTAACAACAAAGGGTAAAAGGCATCATGGCTTCAGAAAATATGACGCCGCAGGAATACATAGGACACCATCTGAATAACCTTCAGTTGGACCTGCGTACTTTCTCGCTGGTGGATCCGCAGAACCCCCCAGCCACCTTCTGGACGCTCAATATTGACTCCATGTTCTTCTCGGTGGTGCTGGGTCTGTTGTTTCTGGTGATGTTCCGTAGCGTTGCTAAAAAAGCGACCAGCGGCGTGCCAGGCAAGTTTCAGACCGCGATTGAGCTGATAGTCGGCTTTGTGCATGGCAGCGTCAAAGACATGTACCATGGCAAAAGCAAGCTGATTGCGCCGCTGGCCCTGACGATTTTCGTCTGGGTATTCCTTATGAACCTGATGGACTTACTGCCTATCGACCTGCTGCCGTATATCGCTGAGCATTGGCTGGGTCTGCCGGCAACGCGCGTGGTGCCGTCTGCTGACGTCAACATCACCCTGTCGATGGCGCTGGGCGTATTCATCCTTATTCTGTTCTACAGCATCAAAATGAAAGGCATCGGCGGCTTCGCAAAAGAGTTGACGCTGCAGCCGTTCAATCACTGGGCGTTCATTCCTGTCAACTTAATCCTTGAAGGGGTAAGTCTGCTGTCCAAACCGGTTTCTCTCGGTCTGCGACTGTTCGGCAACATGTATGCCGGTGAGCTGATTTTCATTCTGATTGCTGGTCTGTTGCCGTGGTGGTCACAGTGGATTCTGAATGTGCCGTGGGCCATTTTCCACATCCTGATTATTACGCTGCAAGCCTTCATTTTCATGGTTCTGACGATTGTCTATCTGTCGATGGCGTCCGAAGAGCATTAATTTACCAACACTACTACGTTTTAACTGAAACAAACTGGAGACTGTCATGGAAAACCTGAATATGGATCTGCTGTACATGGCTGCCGCTGTGATGATGGGTCTGGCGGCAATCGGTGCTGCGATCGGTATCGGCATCCTCGGGGGTAAATTCCTGGAAGGCGCGGCGCGTCAACCTGATCTGATTCCTCTGCTGCGTACTCAGTTCTTTATCGTTATGGGTCTGGTGGATGCTATCCCGATGATCGCTGTAGGTCTGGGTCTGTACGTGATGTTCGCTGTCGCGTAGTAAGCGTTGCTTGAATTAAGAGCAATATCAGAAGGTTAACTAGATAGAGGCATTGTGCTGTGAATCTTAACGCAACAATCCTCGGCCAGGCCATCGCGTTTATTCTCTTTGTCTGGTTTTGCATGAAGTACGTATGGCCGCCGTTAATGGCAGCCATCGAGAAACGTCAGAAAGAAATTGCTGACGGTCTCGCTTCTGCTGAACGAGCACATAAGGATCTTGACCTTGCAAAGGCCAGCGCGACCGACCAGCTGAAAAAAGCGAAAGCGGAAGCTCAGGTAATCATCGAGCAGGCAAACAAACGCCGCGCTCAGATCCTGGACGAAGCCAAAACTGAAGCAGAGCAGG
NZ_CP041005.1_gap122	4705894	4706853	959	CGGTACTGGCTGGGTTTATTGCCTTCTCAATTGCCGATCGTCCGGGTCTGGCCCCGGGGCTTATTGGCGGGATGTTGGCCAGCCTGTGCGGCGCCGGTTTCCTGGGAGGGATTGTGGCCGGTTTTCTGGCCGGTTACAGCGTACGGTTTCTGGCGCAAAATATTAAGCTACCAGCGTCAATGGAAGCGCTTAAGCCTGTGCTGGTTCTGCCGCTACTGTCTACGCTGATTACCGGCCTAATCATGATTTACGTGGTGGGTGGCCCGGTGTCTGCGGTGATGGAAGGGCTGACGACGTTCCTGGGGAATATGACCTCTACGAATGCTATCTTGCTGGGAATGTTGCTGGGCGCAATGCAAGGTTTTGACCTTGGTGGGCCGGTGAATAAAGCTGCGTATACCTTCGGCGTCGGTTTACTGGCTTCTCATTCCTATATGCCGATGGCGGCCATTATGGCGGCAGGGATGGTACCGGCATTAGGAATGGGCGTCGCAACCTGGGCGGCCAGAGCGAAATTCAATGCCGCTGAGCATGAAGCGGGTAATGCATCTTTTATTCTGGGGCTGTGCTTTATCTCTGAAGGGGCGATTCCCTTCGCCGCGCGTGACCCGATGCGCGTCATCCCTTCCACGATGGTCGGTGGCGCAATCGCCGGGGGACTGTCCATGTATTTCGGTTGTACACTGATGGCGCCACACGGTGGCCTCTTTGTCCTGGCGATCCCGCATGCGGTAGAACATGTGATGCAATATCTGCTCTCGATTGCCCTGGGCACGATTGTCTGCGGCCTGATGTACGCGCTGTTGAAACCGTCTGCGGTTGCGCAAACAGTCTAATTCATCTCCCCCTGCAGGCTGGTCTGGTGTCTCCCCGGGCCAGCTTTTTTTATTTCCATTGTCATCAAACCGTCATAATCAAGACATATAACTGTCATCAATTTGTCCTATTTTGCTCATCGT
NZ_CP041005.1_gap123	4710364	4713632	3268	GAAGCTGTCTCGCGCCGATATGGACGAGCGCGTGCAGTGGGCGTTGACCAAAGCCGCATTATGGAACGAAACCAAAGATAAATTGCACCAGAGCGGGTACTCTCTCTCCGGTGGTCAGCAGCAGCGTCTGTGCATTGCGCGCGGTATCGCCATTCGCCCGGAAGTGCTGCTGCTGGATGAGCCATGTTCAGCTCTGGACCCGATCTCTACCGGGCGTATTGAAGAGCTGATCACCGAGCTGAAACAGGATTACACCGTGGTGATCGTGACCCACAACATGCAGCAGGCGGCACGTTGCTCCGATCATACGGCGTTTATGTACCTGGGCGAGTTGATTGAGTTCAGCAACACGGACGATCTGTTCACCAAGCCCGCGAAGAAACAAACAGAAGACTATATCACCGGTCGTTACGGTTAATTCAGGAGTGCGTAATGGACAGTCTGAACCTTAATAAACATATTTCCGGCCAGTTCAACGCCGAACTGGAAAGCATCCGCACTCAGGTAATGACCATGGGCGGCATGGTGGAGCAGCAGCTTTCTGACGCTATCACCGCCATGCACAACCAGGACAGCGAGCTGGCGAAGCGCGTGGTAGAAGGCGATCATCAGGTTAATATGATGGAAGTCGCCATCGATGAAGCCTGCGTGCGTATTATCGCCAAGCGCCAGCCGACGGCGAGCGATCTGCGTCTGGTGATGGCGATTATCAAAACCATCGCCGAACTGGAGCGCATTGGCGACGTGGCGGATAAAATCTGCCGTACCGCGCTGGAGAAATTCTCCCAGCAGCATCAGCCGCTGCTGGTGAGTCTGGAGTCACTGGGCCGCCACACCGTGCAGATGCTACACGACGTGCTGGATGCGTTCGCGCGCATGGATCTCGACGAAGCGGTGCGTATCTACCGTGAAGACAAGAAAGTTGACCAGGAGTACGAAGGTATCGTGCGTCAGCTGATGACCTACATGATGGAAGACTCGCGCACCATTCCCAGCGTGCTGACCGCGTTATTCTGCGCGCGCTCTATCGAGCGTATCGGTGACCGTTGCCAGAATATCTGCGAATACATCTTCTACTTCGTGAAGGGGCAGGATTTCCGTCACGTCGGCGGCGATGAGCTGGATAAGCTGCTGGCGGGGAAAGATCCGAAAGAGTAAATCTCATTCTTTTGCCCGGTGGCGCTGCGCTTACCGGGCCTACAGGTACAGATGCTGTAGGCCGGATAAGCGTTAGCGCCACCGGGCATTTCAGTTAACGCGTAATCTCCCACCCGCGCGCTTTCCACAATCCCGGCAACTGCGCCAAATCGGTAAACGTCGTCACGTTAGGGTGATCGATCGGTTTGTTATGCGGATCGGCGCAGAAATAAAATACTTCCATTCCCGCCGCAATTCCTGACTGCGCGCCTGCGCTGGAATCATCCACCAGAATACACTTCTCAACATTGACCTTCATGGCGTTCGCCGCATGGAGCATCAGCGCCGGATCGGGCTTCCAGCGTTGAATATCGTAACCGCTAAACAGCAAATCGGGAAAATGATGCAACATGCCCAGTTTACCCAGCGAATGCTGCATCTTACTGACCGGCCCGTTGGATACCACGCACATGGGCGTCTTAATGCTCTCCAGCAGGGTATTTGCGCCCGCGATCGCTTCCAGTTCGGTATCGAACAGGCGCGCCACTTCCGCGCGGTACACGGGTTCCAGCTCCGCCTTTGCCAGCGCAACGCCATGCTCTTTACTGATGGTATCGATAATTTCGTAGAGCTTTACGCCTTTAAAGCGTCTGAATACTTCCGTGAGCTCAAGCGTAATGCCGAACTGCCGGAACATAGTGACATAGGCGCGCGAGCAAATCACTTCACTGTCGACCAGCGTGCCGTCACAGTCAAAAAACACTGCTTCGATTTGGGACATGTCATTTCCATTTTAACAAGTTTAACGTTTACGTAATGCTGAATGAGGGGACGCAATCGTTGCCGTACTAACAAATTGAGTGAAAAAAATTACCACACAACTGCGCCAGGTGTCGCATTTTGGTATAGGATAACGGCGAATTTTCCCTCCTTTCTCCGGAAATTGATAATGAGTCAACAACACACCACCCAGGCTTCTGGTCAGGGTATGCTGGAACGCGTGTTTAAACTGCGCGAACATGGCACGACGGCACGAACCGAAGTGATCGCCGGTTTTACCACTTTCCTGACGATGGTTTATATCGTTTTTGTTAACCCGCAAATTCTGGGCGTAGCTGGCATGGACACCAGCGCCGTCTTTGTGACCACCTGTCTGATTGCGGCCTTTGGCAGTATTCTGATGGGCCTGTTCGCTAACTTGCCGGTGGCGCTGGCGCCCGCGATGGGGCTGAATGCGTTCTTTGCCTTCGTGGTTGTGCAGGCAATGGGACTGCCGTGGCAGGTAGGCATGGGCGCCATTTTCTGGGGCGCTGTTGGTCTTTTATTGCTGACTATCTTCCGCGTGCGTTACTGGATGATCGCCAACATTCCGGTCAGCCTGCGCGTGGGCATCACCAGCGGCATCGGCCTGTTTATCGGCATGATGGGGCTGAAAAACGCCGGCGTGATCGTCGCTAACCCGGAAACGCTGGTCAGCATCGGCAACCTGACCTCGCACAGCGTGCTGCTGGGGGTTCTCGGATTCTTTATTATTGCGATTCTCGCTTCGCGCAACATTCATGCGGCGGTGCTGGTGTCCATCATCGTCACGACGCTGCTTGGCTGGATGATGGGTGATGTACACTACAACGGTATTGTCTCCGCGCCACCAAGCGTCACCAGCGTGGTAGGGCATGTCGATTTGGCAGGCTCGTTCAATCTTGGCCTGGCGGGGGTTATTTTCTCCTTCATGCTGGTAAACCTGTTTGACTCCTCCGGTACGCTGATTGGCGTGACCGATAAAGCCGGCCTGGCGGATGAGAAAGGCAAATTCCCGCGCATGAAGCAGGCGCTGTTTGTTGATAGTATCTCTTCTGTCACTGGCGCATTTGTCGGAACGTCTTCTGTGACCGCTTATATTGAGTCCTCTTCCGGCGTTTCGGTGGGCGGTCGCACCGGTTTGACGGCGGTGGTGGTCGGTATTTTGTTCCTGCTGGTTATCTTCCTGTCGCCGCTGGCGGGCATGGTGCCGCCTTACGCGGCGGCGGGCGCGCTGATTTACGTCGGCGTGCTGATGACCTCCAGCCTGGCGCGGGTAAACTGGCAGGATTTAACCGAATCGGTCCCGGCGTTTATTACGGCGGTAATGATG
NZ_CP041005.1_gap124	4720325	4725035	4710	GTCTGGCGAAACGCTCGACAAGGCTATAAATCAAAGCCTAACGCTAAAGAGTGATGTTATTATGGTTGAGAAGTGCATCTTTTTCAACCGGTTAGATAGTATATTCTAATCAGAAACTATTATTGTTATATTTTCCATATTATTCATACGGTTACATTGTAAGACTTCCCGAATTGTCCAATGATAACCTTCCTTCCAGTCTCAATCTGCGCATCAACAAAATCAGCCCAAGACTGAAGCATCTCCCGGCGCTGATTCAGGTACTCCGCACGGTTGTAGACACCGTGAACGCCGCCGATCTTATGCGCCAGGTATTTCTCTATCCAATCCGAGTTGTAGCCCTGCTCATGTAGCAATGTGCTGGCAGTACGCCGGAAGTCATGAATAACAAAATCCCTGACGTTCAGATCCAGCGTACGCACCGCACAGTTCAGCGTTGTTTTGGAGATCGGACGTCGGTAGCCGTGTCGGCTGGGGAAGACGTAAGGGGAATCTCCGGCCAGAAATTTTAGCTCTTCGAACATCGCCAGCGCCTGCTTTGACAGCGGAACAATATGTGGATTATCCATCTTCATTCTTTCGCCGGGGATACGCCATTCCAGCGCGTTGAAGTTAACTTCACTCCATGTTGCTTCAATCAATTCCGATTTACGCACCATGCAGATGATCAGCAGGTGCAGGGCCAGCTTGTGGCGTCGGTTCATGTTAGAGGTGTAGATCCCCCGTAACAGGATGCCGATCTCTTCTGCGGTCAGTGCCACATCACGACTTGTTGCTTGTGTGATATAACGAGCCTCGATAGCCGCTGCCGGGTTGTTGAAGATGATTCCCCTGGAAATTGCATAGGCCAGCATGCGTTTAAGCACGTTTCACGTCAGTAATGCGACGTGATCCGAACCTCGTTGCTTGATGCGGTCGAGCACGACCTGAATGTGGGCAGTTGTGAGTTCTTCGAGTTCCAGCTTCCCGATGATGGGAATGATGTCCTTCTCGATAACGCGAGTGATGTTGCGTGGATCGCGGTTACTTTTTTCAACGATATCGGTCAGCCAGCGTTTGGCGAATGTTTTGACTGTCGTTGGGTCTTTCTGTTTAAGCTTTTCTTCCTGCTTTTTCTGCGCGGGATTGATGCCATGGGCAACCAGTGAGCGGCACTTTTCACGCCAGAGCCGCGCTTCTGCAAGTGAGAAAGCTGGGTATTCGCCCAGCGTGATCTGTTGCGATTTGTTGTCAAAGCGGTAGCGGAAACGCCAGATTTTTCGTCCGGTGGGAAGAACTTCAATCACCAACCCGTCATGATCGGCAAGTTGCCAGGGGCGGTTTCTGGGAGCAAGTGTGCGTAATTTGGTATCTGAAAGTGCCATATCTCACCTCTATAGTGTGTCCATGAGAAGGGATATTTGAGCGTTTTTTATACCGTTTTTTGTGTTCATTTGATGTAATTTTTAGATCAAAAAGTAAACAATGGTACACGAGGGATTTAAAGATGGGGACAATTCAGGACACAAAAATCGCGGATGAACCCGCACGACTATGGACGAGTATGGAAAGTAAAAACCCGCGTTAACAGGCAGTTAATGCGGGTTAGTGAACGTTCACTGACGAGGGTGGACTAAAACTTACTTACCGATACAGAAGCTGGAGAAAATCCGTCCCAGCAGGTCGTCGGAGGTAAACTCGCCGGTAATCTCGCTTAAGCTTTGCTGCGCCAGGCGCAACTCTTCCGCCAGCAGTTCCCCCGCCCATGCGCCTAATAGCTGCGCTTTGCCCTGCTCAAGGTGTTCAGCGGCTTCCGCCAGCGCCTGTAGGTGACGGCGACGGGCCAGGAAGCCGCCTTCCATATTGGTATCAAACCCCATGCTTTGCTTGAGGTGGTTACGCAACACGTCGATGCCTTCGCCGGTACGCGCCGAGAGGCGAACCAGTGAGTGACCGTTTACTTCACTAATACCCAACGTTTCGCCGGTGATATCCGCCTTGTTACGTACCACGGTAATCGGTAGATTTTTGGGCAGACGGGCGATAAAGTCCGGCCAGATGTCGGCAGGGTCAACGGCGTCCGTCGTGGTGCCATCCACCATAAACAGCACGCGATCGGCCTGTTCAATCTCCTGCCAGGCGCGTTCGATGCCGATACGCTCAACTTCGTCGCTGGCGTCGCGCAGTCCGGCGGTATCGATGATATGCAGCGGCATCCCGTCGATGTGGATATGCTCGCGCAACACGTCGCGCGTGGTACCGGCGATATCGGTGACAATGGCCGCTTCACGGCCTGCCAGCGCATTCAGCAGGCTGGATTTCCCGGCATTCGGGCGTCCGGCAATCACTACCTTCATCCCTTCGCGCAGCAGGCTGCCCTGGCGCGCTTCGGTGCGCACGGCGTCAAGATCGGCGATGACGCCATTGAGCTGCGCTTCGATTTTGCCGTCAGAGAGAAAGTCGATCTCCTCATCCGGAAAATCAATAGCCGCTTCGACGTAGATTCGCAGGTGAGTAAGTGCTTCCACAAGGTGGTTAACGCGGGCGGAAAATGCCCCCTGTAACGAGTTTAGCGCCGAACGCGCCGCCTGTTCGGAACTGGCATCGATCAGGTCGGCAATGGCTTCCGCCTGGGCTAAATCGAGCTTATCGTTGAGGAACGCTCGCTCGGAGAACTCGCCCGGTCGGGCAATGCGCACGCCTGGAAGCGTCAGGATACGTTTTAACAGCAGGTCCAGAATCACCGGACCGCCGTGCCCTTGTAGCTCCAGCACATCTTCACCGGTGAAGGAGTTCGGGCCGGGGAACCACAGCGCAATACCCTGATCCAGCGCGCTGCCGTCAACATCTTTAAACGGCAGGTAGTCGGCATAGCGCGGCTTCGGCAGCTTGCCCAGCACCTCTTGCGCAACGTCGCGCGCCTTCAGACCGGAAATACGCAGGATACCCACGCCACCGCGTCCCGGTGGGGTTGCCTGGGCGACGATAGTGTCGTTATGGCTCATGGTTAGTCTCAACTTTGTTGCAATAAAAAAAGGCGGTCATATGACCGCCTTTTGATTGTAGGCCTGATAAGCGTTAGCGCCATCAGGCTGACCGGCGCGCCTTGCCGGATGGCGGCTTCGCCTTATCCGGCCTACACCGAATCAGGATTTTTTCTTCTCGCGGCTATGCAGGCCACGCTTCTCCAGACCACGGTAAATCAGCTGCTGCTGAATGATGGTGACCAGGTTGCTGACGATATAGTACAGCACCAGACCTGACGGGAACCACAGGAAGAACACCGTAAAGATGACCGGCATAAAGGTCATGATCTTCTGCTGCATCGGGTCGGTCACGGTGGTCGGCGACATCTTCTGAATGAAGAACATCGTTACGCCCATCAGGATCGGCAGAATGTAGTACGGGTCCTGTGCGGACAGGTCATGAATCCACAGAGCGAACGGCGCATGACGCAGTTCAATGGAACCCATCAGCATGTAGTACAACGCCAGGAAGATAGGCATCTGGATGATCAGCGGGAAGCAGCCGCCCAGCGGGTTAACCTTCTCCGCTTTGTACAGGGCCATCATCTCCTGGCTTTGGCGCTGTTTATCATCGCCAAGACGTTCGCGCATCGCCTGAATTTTCGGCTGCAGCATACGCATCTTCGCCATTGACGTGTACTGCGCTTTGGTCAGCGGGTACATGATACCGCGAACGATAAAGGTAATGATGATAATGGAGAAGCCCCAGTTGCCCACAAAGCTGTGGATCCACTTCAGCAACTTGAACAGCGGCTGAGAGATGAACCACAACCAGCCGTAGTCCACGGTCAAATCCAGGTGCGGTGCAACAGCCGCCATTTTATCCTGAATTTCCGGGCCGACCCACAGGGTGCTGGTCATCGCGCCAGTCTGGCCTGGCTGTACCAGTACCGGCTGCGCTTTATAGCCGATAGCGACAATGCCGTTGCCCAGATTGGCGGTGTAGAAATTGTTGGTGCCGTCGTTACGCGGAATCCATGCGGTAGCGAAATACTGCTGCAACATTGCCACCCAACCGCCTTTGGAGCTGACGTTGAGGTTTTCGTTATCGGCAATAGTGTCGAATTTGTATTTCTCATACTTCTCATCCGGCGTGGAGTACGCTGCGCCGCGGAATGTATGCAGCGCAAAGTTGCTGCTGCCGGTGTCGCGATGAGGAGGCAGGTTGACGGATTGTTTTAACTGACCAAAGGTGGAGACTTCCAGCGGTTTTTCGCCGGCGTTCTGCACGCTATAGTTCACGTTAACCGCATAATCGCCACGCTTAAAGACAAACGTTTTGGTAAACGTGTTGCCTGCGGCGTCAGTATAAGTCATCGGAACCTGCAGTTCGTTCTGACCGTCGGCCAGTACAAACGCCTCTTTCTCGACGTTGTACAGCGGACGCGGGCCGTTCGCCGGGTTATCCGGGCCGTCGCGGCCTGTCAGGCCGCTTTGCGCCTGATAGATAAACTGCGGGGTGGTTTCCAGCAGCTGGAACGGTTCGTTGGAACCCAGTTCTTTCGGGTAAGCCGGGAGCAAGGCCTGCTCGACATCACCACCACGGGTGTTGATAGTCAAATCAAGCACATCGGTTTTCACCGTAATCATTTTCCCCTGGCCACTGGCTGGTACGCCCTGGTCGGCGGCGCTACCCGCTGCGGTGGTCGTTGTCTGCGTGGTCTGTTGAGTCTGAGGTTGCGGATTTTTATCCTGCTCCCAGGCT
