gap_id	start	end	length	sequence
NZ_CP141771.1_gap1	12735	13433	698	ACAGAGAGGCTTATTAAGCCTGTTTTGAGAGGGAAAGACATTAAAAGGTATTCTTATGAGTGGGCGCATTTGTGGGTTATTAACACCCATAACGGCTACACTTCTAATCTCAAATCTAAAATCCCTCCCATTGATATAGAAAAATACCCCGCAACAAAAGCGCATTTAGACTCTCATTACGACACTATTGCAACACGATCCGATCAAGGAGACACCCCCTATCACTTAAGGAATTGCGCGTATTTAGAGGATTTTGAAAAAGAGAAAATTGTGTATGGCGAGATCGTGCAAGAGCCGCGATTTTATTTAGATAATGGAGAATGCGAATTAGGGTATTTTTATGCAGAAGCCACGAGCTTCATTCTCACAGGAGAACATTTGTGCTATCTTTTAGGAATGTTACATTCTAAATTGATCACTTTTGCTTTCAAAACTTTCTATGCAGGTGGCGGACTAGGTGAGAGTGGCTATCGCTATAAAAAGGCTTTTATAGAACGGCTACCCATTCCCAAAATCACGCCACAAAACCAAGAATTAGCCCACAAAATCACCGATTGCGCGAAGCAAATCTTAAAAGCAAAAGAAAAAGACCCTAAAGCCAACACCCAAAAATTAGAAAAAGAAATTGACGCCTTAGTCTATCAGCTCTACAACCTCACCGATGAAGAAATTAAGATCATTGAAAAGGGGCAAGAAAT
NZ_CP141771.1_gap2	108132	112952	4820	AGTCAATGAAGCTAACGAGCTTGTGGGGGTGTTAAGCGATGGCGATGTCCGTAGGGCGCTATTAAAAGGGGTGAGTTTAAAGAGTGAAGTGAGGCATTTTGCCACTTTAAAGCCTAAAAGCTTTAAGAATTTAGACGCTCTTCTTTTAGAAGCGTTAGAATTTTTAGAGCGCCATAAGATCCAACTTTTAGTGTGCGTAGATGATTGTAATAAGGTTTTAGGGGTCTTGCACTTGCACCAACTTTTAGAATTAGGGCTTAAAGCATGAAAGCGAGCATTTATGATTTCACTCTAAAGGAATTGAGCCAGCTTTTAAAACCAAGCTTTAGGGCTAAACAGCTTTATTTGTGGCTCTATGCGAAGTATAAAACAAGCTTTCAAGAGATGCAAAACAATTTTTCAAAAGATTTTATCGCATATTTGGAGCAAGAATTTACTTTGCGTACGATAGAAATCACGCATGTGAGGGAGAGCGTTGATGGCTCTAAAAAATACCTTTTTAAATCTTTAAGAGACAACCATACTTTTGAAGCGGTGTTTTTGAAAATGAAGGATAAAAAGATTGACGAAGAGACGAACGCTATTTTAGAGAGTGAAAAATACACCGTATGCGTGTCTTGTCAAATCGGCTGTCAAGTGGGTTGCTCGTTTTGTTTCACTCAAAAAGGCGGTTTTGTAAGGAACTTAAAAGCGAGCGAGATTATCCAGCAAGCCCTACTCATTAAAGAAGACAATAACCTCCCCATTGAAAAAGCGCTCAACATTGTTTTTATGGGAATGGGCGAGCCTTTGAACAATTTAGATGAGGTGTGTAAAGCGATTGAGATTTTTAATACCGGCATGCAAATTTCACCTAAAAGAATCACGATTTCCACTAGTGGCGTAGCCGATAAAATCCCTATTTTAGCGGGCAAAAACCTAGGCGTGCAATTAGCCATATCCTTACACGCCGTAGATGACAAAACGCGCTCATCTTTAATGCCCTTGAATAAAAAATACAATATTGAATGCGTTTTGAATGAAGTGAGGAAATGGCCTTTAGAGCAGCGCAAAAGAGTGATGTTTGAATACCTTTTGATCAAAGATTTAAACGATAGCTTGGATTGCGCTAAAAAACTTTTAAAACTTTTAAACGGCATTAAATCCAAAGTGAATTTGATTTTATTCAACCCGCATGAAGGCTCTAATTTTGAGCGCCCCAGTTTAGAGAGCGCTAGAATGTTTGCGGATTTTTTAAACTCCAAAGGCTTATTATGCACCATTAGAGAGTCTAAAGCCTTGGATATTGAAGCGGCTTGCGGGCAATTGAGGGAGAAAAAACTCTCCCAACAAATTTAAAAACTCTTCTTTGTGGCGTTTGTCTTTTTTCTAATAGGGGGTGTTGGTTTTACTCAAGCGATAATCAAAAAATTAGCGTTAAAATTCCTTCCATTAACAATTGATTAGATTTTATATTGTAGGATGAAATCCTAGCTAGTGAGCTAGAATTTAATTTTTAATCAAAGGAGTCATCATGGCACACCATGAAGAACAACACGGTGGACACCATCACCACCATCACCACACACACCACCACCACTACCATGGCGGCGAACACCACCATCACCACCACAGCTCTCATCATGAAGAAGGTTGTTGCAGCACTAGCGATAGTCATCATCAAGAAGAAGGTTGTTGCCACGGGCATCACGAGTAATATCGGTGTGGCTAGGGGCAACTTGACTAGGGTTGTCTCTGGCTTTGGCTTCAAAATATAATCATTCAAATCTAACCCATTCTAATCAGACCCATTAAATCCATTCAAGCCACTGCTTTACAGCATTCAAAATATTAAAACCATTTTTCAATCAAAGAATATGCAAGTTACCCCCCCATTTTTTAAAATCAATTTTTATTTTTAGCTTTTTGTTCTATGCTAGGGTTTAATCTGCATTCCAAAGAAACGCTAACAAATCCAAACGATAGAAATTATAACCTACATTCCAAAGATACAAGAAAACTAAAATAAAAGGAAGTTTAATGCCAACGCTCCATAAAACAAAGCCTTGCACTTTATGGTTCCAACCCCCATGCGTCTTTAAAGGAAGCGTTTTTAAGCTTTAAATTCAAACTCCCATCAATCCACTTAGCGTTAGCCCCCTTTTCATTATTGTCAAATAAAAACACCCCTAAAAAGCCTCTAGGGGTTTTAATCAGGCTCAATTCCACGCTAGGAAGAATGATTTTGCTATCAGGTTTGACTTCAAAGGCTAGGAAAAAGGGGCGGTTGTTTTTGAAATCATAGCCATTTTTGGTGTATGAATAGCCAGGAGCGCTCTGCAAGATGCCTTTTTGAGTTTCCACGCTAAAAGAATCCAAGTAATAAAAACCAGGCTCTAGCCTGAACGATTGAACTTTGGCTAAAGCGTAGCGGTTTTTCCATAAAAGCATGAAGCGCTCACTCCCTAGCATGAATAAAGGCCCCCTAGGGTCTTTGAGCTTTGCTTTAGGGTTTTTTTTAAGCGCTTCATTGTGTTTAGCGACAACTTCTCTATCCACTTTGCGCCAATAAGTGCGCACGCTTTGGCCTTGATGAGCGATATAAAGATTCACCAAACCAAAATGATGGCCTTTAGGAGGCAAGCAAGAGGCTAATAAAAGAGCGGCTAACAAACTCACAATTTGAAACTTCAAACAAATTCCTTAAAAAGAGTGGTGGCTTGAATGCTAACATGCTAAAACTAAAACCCTTATAAGTTATGGATAAAAACTTAAAGAATAGGGTAAAATAAACGCATGCGAATAGACAAATTTTTACAATCAGTGGGTTTAGTGAAGCGGCGCGTTTTAGCGACAGATATGTGCAATGTGGGGGCGGTGTGGCTCAATGGGAGTTGCGCTAAGGCTAGTAAAGAAGTGAAAGCGGGCGATGCGATTAGCTTGCACTATTTAAAAGGGATAGAAGAATACACGATCTTGCAAATCCCCACTTTAAAAAATGTGCCACGAAAAGACACGCACCTTTATATCGCTCCTAAAACAAAAGAGTCATAAGAAAAGATCAATAAAAGACCAAGGATCAATCAATGAAAGAATACAAAGACACCCTAAACTTAAACACAACCACCTTTTCTATGAAAGGGAATTTGAGCGTTAATGAGCCTAAAACTTACGCTAAATGGCAAGAACAACAAGCGTTTAAACGCATGCAGAATAGGAAAGATAACCATGGGGATTTCACTTTGCATGACGGGCCGCCTTATGCGAACGGGCATTTGCATTTAGGGCATGCCTTAAATAAAATTTTAAAAGACATTGTCGTTAAAAGAGAATATTTTAAGGGGAAGAAAATCTATTACACGCCCGGTTGGGATTGCCATGGCTTGCCCATTGAGCAACAAATTTTAGAGCGATTAGAAAAAGAAAAAACAAGCCTAGAAAACCCCACGCTGTTTAGAGAAAAGTGCCGGGATCATGCGAAAAAGTTTTTAGAAATCCAAAAGAATGAATTTTTGCAATTAGGCGTTTTGGGGGATTTTGAAGATCCTTATAAAACCATGGATTTTAAATTTGAAGCGAGCATTTATAGGGCTTTAGTGGAAGTGGCTAAAAAAGGGCTTTTGAAAGAGCGCCATAAGCCCATTTATTGGAGTTATGCGTGCGAGAGCGCTTTAGCGGAAGCTGAAGTGGAATACAAGATGAAAAAATCGCCCTCCATTTTCGTGGCGTTTGGTTTGAAAAAGGAGAGTTTAGAAAAATTAAAAGTCAAAAAAGCGAGCTTGGTGATCTGGACGACCACGCCTTGGACTTTGTATGCGAATGTGGCGATCGCTTTGAAAAAAGACGCTATCTATGCGCTCACGAAAAAAGGCTATTTAGTCGCTAAAGCCTTGCATGAAAAGTTAGCCGCTTTAGGGGTGGTGGATAGTGAGATCGCACATGAATTCAATGCCAATGATTTAGAATACTTGAAAGCACTTAATCCTTTAAACCAACGAGATTCTTTAATCACTCTAGGAGAGCATGTCGGTTTAGAAGATGGCACAGGAGCCGTGCATACTGCGCCCGGACATGGTGAAGAGGACTACTATTTAGGCTTAAAATACCATTTAGAAGTGTTAATGTCTGTAGATGAAAAGGGTTGCTATGATGAGGGCATTATCCACAATCAATTATTAGATGAAAGCTATCTGGGCGAGCATGTTTTTAAGGCTCAAAAACGCATTATAGAGCAATTGGGCGATTCTTTATTGCTAGAGCAAGAGATTGAGCATTCCTACCCGCATTGCTGGAGGACGCACAAGCCTGTGATTTACAGAGCGACCACACAATGGTTTATTTTAATGGATGAGCCTTTTACCCAAAATGATGGCTCTCAAAAAACCTTAAGAGAAGTGGCTTTAGATGCGATTGAAAAGGTAGAATTTGTGCCAAGCAGCGGGAAAAACCGCCTAAAAACCATGATAGAAAACCGTCCTGATTGGTGCTTGAGCCGGCAAAGAAAATGGGGCGTGCCACTAGCCTTTTTTATAGACAAACACACCAATAAGCCTTGTTTTGAAAGCGAAGTTTTTGAGCATACCGCTAAGCTCTTTGAAGAGAGGGGTTGTGATGTGTGGTGGGAGTATAGCGTGAAAGATTTGTTACCCCCTAATTATCAAGATAACGCCACGCATTATGAAAAAGTCATGCACATTTTAGATGTGTGGTTTGATAGTGGTAGCACCTTTAAGGCGGTTTTAGAAGACTATCAAGGAGAAAAAGGGCAAAGCCCTAGCGATGTGGTTTTAGAAGGGAGCGATCAACATAGGGGGTGGTTTCAAAGCTCGCTTCTAATCGGT
NZ_CP141771.1_gap3	115480	117263	1783	ATCCCTGAATTTATAGAGAAAAACTTAAAAGGGGATTTAAGCTCTTGCGTGTTGGTGGTCGCTACGAGCGATGATAGCCCTTTGATGCGCAAATACGGGGCCTTTTGCGCGATGAGCGTGGCGGAGTATTTTAAAAACCAGGGGCTAGATGTGTTGTTTATCATGGATTCAGTGACTCGTTTCGCTATGGCTCAAAGAGAGATTGGTTTAGCCTTAGGCGAACCGCCCACTTCCAAAGGCTACCCCCCATCCGCGCTTTCCTTGTTGCCTCAATTAATGGAGAGAGCGGGCAAGGAAGAAAATAAGGGGAGCATTACGGCTTTTTTTAGCGTGCTGGTAGAGGGCGATGATTTGAGCGATCCCATAGCCGATCAAGCTAGGAGTATTTTAGACGGGCATATTGTCTTAAGCAGGGAATTGACCGATTATGGGATCTACCCGCCTATTAATATTTTAAACTCCGCATCAAGGGTGGCTAAAGACATCATCAGCGAGTCTCAAAACCTTTGTGCGAGAAAATTCCGCCGTTTGTATGCGTTATTGAAAGAAAATGAAATGCTCATTCGCATCGGCTCTTATCAAATGGGGAACGATAAAGAGCTTGATGAAGCGATTAAGAAAAAGGCTTTAATGGAGCAATTTTTAGTGCAAGATGAAAACGCTTTACAGCCTTTTGAAACAAGCTTTCAGCAATTAGAAGAAATCTTAAAATAAAAGGAATATCATGGAATCACAGCTTATGAAACTCGCCATTGAAACCTATAAAATCACTTTGATGATTTCTTTACCGGTATTACTAGCGGGCTTAGTGGTGGGGCTATTAGTCAGTATTTTTCAAGCGACCACTCAAATCAATGAAATGACTTTGTCTTTTGTGCCTAAGATTTTAGCCGTGATTGGGGTGCTGATTTTAACCATGCCGTGGATGACTAACATGCTTTTAGACTACACCAAAACCTTAATCAAGTTCATTCCTAAAATCATAGGCTAGAAAATGCTAGAAACAACCATTGATTTTTCTCGTTACAGCAGCGTGAAAATCGGCACGCCTTTAAAAGTGAGCGTTTTAGAAAACGATAATGAAATTTCTCAAGAACACCAGATTATAGGTTTAGCGAACAACCTTTTAATCGCTCCTGGCGCGAAAAATCTCGCTTTATTGGGCAAGAATTACGATTACATTTGCGATAAGGGCGAATGCGTTGAAATAGGGGGAGCGGCCAACTCGTCTAAAATTTTTAATTATTTTAGGGCGAATGATTTAGGGGGTTTGGAGTTTTTAGGGCAATTGCCTGGCACTTTGGGGGCGTTAGTTAAAATGAATGCTGGCATGAAAGAATTTGAAATAAAAAATGTTTTAGAAAGCGCTTGTGTTAATAACCAATGGCTAGGGAGTGAAGCGCTAGGCTTAGATTATCGCAGCAGCAAATTTAATGGCGTTGTTTTAAAAGCGAGGTTTAAAAAAACGCATGGCTTTAGAGAAGAGGTTTTAAAAGCGTGTAAAAGCATGCGCAAAAGCCACCCCAAATTGCCTAATTTTGGGAGCTGTTTTAAAAACCCGCCTAACGATTATGCGGGCAGGCTTTTAGAGGGCGTGGGCTTAAGGGGTTATTGTTTGAAAAGAGTGGGCTTTGCCAAAGAGCATGCGAATTTTTTGGTGAATTTGGGGGGCGCAGAGTTTGAAGAAGCCCTAGATCTGATAGAGCTCGCCAAAACCAGAGTGTTACAAGAATACGGCATTCATTTAGAAGAAGAAGTGAATATTTTAAGGTAGGGTTGAAAA
NZ_CP141771.1_gap4	119108	119717	609	GTTCTTTAAAAAAATCGTTTTTAAAAGGGGTGCAAAAAAGGTTTGCAAGCCAAAAACTCGCTTCAGCTTCATAGCAAATCAAACGCCCATTCAAAGAACTGACAGAACGCCACGGCTTGTATTTGATGAAATGGAGCATGATGATGTTTTTAGGGTAGTGCTGGTTGAAAAAATCAGAATAGCAATTATAATAAATAGGCAATTCTAAAATGCGCTTCCAAAACACCATATTAACCAAACACTGCTCAGGGTAGAAAAGGTCTTTCCCCCTAGTTTTTAAAAACTCCAAAGCGATTTTTTCAAATCCGTCTTGGCGCCACCGATCCAGATGCGCCACCAAAAAGCCCATGTTAAAGCCTTGATGGATGCGTTTTAATTCGTCTGGGCTAAAGCGTGAAAAATCCATTTTAAAATTCTTACAAGCGCGCTCGCAAAAATCACAAAAGGCTTCAAAAGAAAGGCGGGAAAAAGTGTCTCTCACCATGCCAAGTGATTTGGTGGGGTCATTATCTAGTGCAAAATAAGCGCTTGCAACATCGCCCAAAAACACCGTATCCACATCTATAGAAATGATTTTAGAATAATTAGGGAAGAGTGAAGCGAGCAAAA
NZ_CP141771.1_gap5	190388	191090	702	TGAGATCAAAGAAAAAACCAAGAGCAACCCTCAAGTGGTGCACGCGATGGAATTGACAGCTCAAACAGGGATTGTGCCATGGATTGATGTGGAAAAAGATAAAAAATACGGCATCTTCACCCGCTACCCTGAAAGAGAAGAAGTGGTTGTCCCTATTGAAGAAAGACTCATTGTAGAATTGTATTCTAAGTAAGGGGTTAGAGCATGAAAGTTATCAAAACAGCACCTTTGATCCCATCAGAAATTAAGGTGTTAGAGAAAGAGGGCAATCGGGTTAAGATTTCTCTGGCTCCATTTGAGTTTGGTTACGCTGTTACGCTCGCTCATCCTATTAGAAGGCTCTTGCTTTTAAGCTCTGTGGGGTATGCTCCTGTAGGTTTAAAGATTGAAGGCGTCCATCATGAGTTTGACTCGTTAAGAGGGGTTACTGAAGATGTGTCGCTTTTTATCATGAATTTAAAGAATATCCGCTTTATAGCCAAGGCGTTAGTGGGGCATGATAGCTCTTTAGAAAACCAATCGGTTGTGGTGGATTATTCTTTTAAAGGGCCTATGGAGATTAGGGCTAGGGATTTGAATTCTGAGCATATAGAAATCGTCAATCCTGAAATGCCCCTAGCCACAATCAACGAAGACGCTCAATTGAATTTTTCGCTCATTATCTATAAAGGAATGGGGTATGTCCCAAGCGAAAACACAAGG
NZ_CP141771.1_gap6	202420	203627	1207	CGTGTTTGAAAGATGAGGAATTCCAAAAAGAATATTTCCATCTTTTAAAAGATTTTGTGGGCCGTCCTAGCCCCTTAACCTTGTGTCAAAATATCGTTTCTAACCCTAAAGTTAAGCTTTATCTAAAACGAGAAGATTTAATCCATGGTGGGGCGCACAAGACTAATCAAGCTTTAGGGCAAGCCCTTTTAGCGAAAAAAATGGGTAAAACAAGGATTATTGCTGAAACAGGCGCTGGGCAGCATGGCGTGGCGACGGCTATCGCTTGCGCGTTGTTGGGTTTAAAATGCGTGGTTTTTATGGGGGCTAAAGACATCAAACGCCAGGAAATGAATGTTTTTAGAATGCGCTTATTAGGCGCTGAAATAAGAGAGGTTAATTCAGGGAGCGCGACGCTTAAAGACGCTGTGAATGAAGCCTTAAGGGATTGGGCGAGCAGTTACAAGGATACGCATTATTTGTTAGGCACAGCCGCTGGGCCACACCCTTACCCTACGATGGTTAAAACCTTTCAAAAGATGATAGGCGATGAGGTTAAAAGCCAAATTTTAGAAAAAGAAAACCGCTTGCCTGATTATGTTATCGCATGCGTTGGAGGGGGGTCTAACGCTATAGGGATATTTAGCGCGTTTTTAAACGACAAAGAGGTTAAACTCATAGGCGTAGAGCCAGCGGGTTTAGGGCTAGAAACCAATAAGCATGGGGCGACTTTGAATAAGGGGCGTGTGGGGATTTTGCATGGGAATAAAACCTATCTTTTACAAGATGATGAAGGCCAGATTATAGAAAGCCATAGCATTAGCGCCGGGCTTGATTACCCAGGAGTGGGGCCAGAACACAGCTATTTAAAAGAGAGCGCTCGTGCGATTTATGAAAGTGCAAGCGATCTTGAAGCGCTAGAAGCTTTTAGTTTGTTGTGCCAAAAAGAAGGCATTATCCCAGCACTAGAAAGCTCACACGCCTTAGCGTATGCTTTAAAACTCGCTCAAAAATGCGAAGAAGAAAGCATCATGGTAGTGAATTTAAGCGGTCGTGGGGATAAGGATTTAAGCACCGTTTATAACGCTTTAAAAGGGGGTTTAAAATGAGGTATAAAAACATGTTTGAAACTTTAAAAAAACAAGACAAAATGGCGTTTATCCCGTTTGTAACCTTGGGCGATCCTAATTATGAATGGAGTTTTGAAATCATTAAAACCTTAATTGCT
NZ_CP141771.1_gap7	205893	208051	2158	TTAAAATCCTTGATCAAATAGCGCTGATACGCTTCTAGGGCATTGGCTTTCTCTGGTGTTTCTTTTAGGGGTTTTATTTCATGCTTGGCGTTTAAAAGCGTGTCTTTTAAAGCTTGAATGTCCTTGCCATAAAACGGGTTTTGATTGAGCGTGATTTTAAAGCCGTTGTATTCTTTGGGGTTGTGAGAGCCAGTGATCATGATGGAATTGGGGCATTGGATGTTATCTATTTCATTAAAGGCCGCAAAATACGCTACCGGTGTGGGGATTAGCCCTAAATCATACACTTTCAAGCCACTTGATTGTAACCCCGCGCTCAAAGCTTCAAAAAGCGATCGCCCATGCACCCTGGCGTCATGCCCTACAAACACGCTTTTATCGTATTCTCGCATGATTTTCCCTAACTCCACGCCGATACTAAAAGCGCTCTTTTCATCTAAAGTGGTGGGGTAAATGCCTCTAATATCGTATTCTCTAAAAATGCTAATGTCCATGTTATGACTCCTTGTTTTTGAATAAATTTAAACCCTGTTCGCATAAATTTTGCCATGCGTTTGTTTGATCTTTTTGTTTCAACTGAACGCATTTTTCTAAACTGGCTCTAGATCTTGCTTTTTGATGGGTTAGATCCAGTAAGCCAGATTGCAAGTATAAGGCTTTTTGGTGATCTTCTAAAGAAAGCCTGCGGTTTAAAAGTTTGTCTAGCGTTTCTAGCGCTTTTAAATAGTCTTTGGTGGTTCTATAAGCGTCAATAAGGGCAAATTCGCTAAAGGGCGTGTAAGAATAGTCCTTATAAGCGTCTTGGAGTTTGAGTAAGCTTGTGGCATAAATTTTGACGCTTTTAGGATCTTTTTCATTTTCTAGCAATTTAAAATAAACCAACGCCATGCGTTTATCGTCTTTGAAATGCTTTTCTAAAAACGCATACAAATTGAGGGCCAATTCTTTTTCATTGTTTTGCATGTAATCTGAAAATAAAACAAAAGCAATATCATAAAATTCTTTTTTATCCAAGCTTTGAGCGAGAGTTAAAGCGTCTTTAGAGGCCAGAGTGGAATTTTTAAAATCCCCTAAGCGGTAGTAATTGCGCCCCAAACGATAAAGCCATACCAATTTCTCGCTAGGGGTTTTAGCCGCTTTTAAAGCGTTTAGGGCAATGATTTGCGCTTTTTCTTTGAGCGATGCGAAATACAAGCAATCAAAGGCTTGGATTTCTTCTTTGGGGTTGAATGCAAAGGTTGTGATCTGGGATAAGTATTTTAAGGCTTCTTCACAACGATGATTCTCTAGTGGGGTTTTAGCAAGGATATTGAGCGTTTTTTGGATCAAAGGGGAATCTTTGGGCAAATTTTTTTGCATGCTTAACACTTCAGCATAACGCTTGTTTTCAAACAATAGTTGGGCTTTCAATTCTAAAGCCTTTAGGGCTTCATTAGAATTAGGGAAATTTTGAATGATTTTATCATAGCGGGCGATTTTTTCTTGCGTGTTCCCCTCCATTGAAAAAAGGGCTTTTTCATCGCGCGCTCTAACGACAGAAGCTTTATCCAATTCCGCATGGTCTTGCAAATATTGCAGATTATAAAGGTGGGCGTTTTTAAAGTCCTTGATCCTTGCATACAACGCCCCTAAATCATAAAGCGCTTGCTCTTTAGCTTTCAAATCATCATCTTGATTAAAGAGCAAGTGAGCGATTTCAATCGCGCTTGCATTCATCTGGTTTTTTTTCAATAACTTGAGCAAATCTAGGGCTGATTCGCTATGCATAGAAATATAATCAGGGTTGGATTGAACCACCTTATCAATGAGGTATTTAGCGTTATTAAAGTTTTGATAGTTTATCTCTGCTTCAGCCCAATTAAGAGCGATTTCGCTCGCGCTCTCTTTGTCTTTAGCGTTAGAAAAAGCTTCTTTAAAAAGCATGCTAGCGTTGCTTAAATTAGAGGCATTAGCCGCTTCAATGGCTAAACGCATTTGGGCTAAAGGAGCGTAGCGGGAGTCTTTGTATTCTAAAAGAATGCGTTTGTAATAGCGCATGGCCTGTTTGTAATTGTTGTTCTCGTCTAAAGCTTTGGCGACATAGTATAACACTTCAGGGATACTGGGATCGGTTGGGTAATTTTTAATCCACTTGGCGCCAATGTCTATGAGTAAGGAT
NZ_CP141771.1_gap8	219043	219675	632	GAATTATTGCAAGGGATATGCAAAATTTCTAGGTGGTTTTGCAACTCGCTTAAAAGGGTGTATAAAAAGGCGCTATCCGCATGCTTAGTGATTTCTCTGTTTAAAACAAGCACCCTTTTTTTCGCTTTAATGATAAGAGCGATAAGTTCTTGCAATTCTTCTTCGCTCATGTTCGCTTCAGAGCTTAAATACCCCACATCAACATTTTCTAAAACATGCCCTTTTAATCGGGAAGTTTTTTCTAAAATGCCCCTTAAAATCAAAGCCAAAATCGCTGCTTCGGTGTTGATTTCATACGACGCAAAAAGGCAATTTTCTTGCAAATCTCTTGTGTCTTGCAAGGGTCTTAACAAGGCGTAGGGGAGTTTTAATTGGTTAATGCTTTCTAAAATCAATCGTTCATTTTCATTCAAACAAGCGTTTGAAAACCCTCCAAATAAAACGCACAAATCGCTTTTTTCTAAAAGGTTTAAGCTGTCTTTTGCCATCTTGTAATTAATTTTAAACCCTTTTTTAAGAGATAATTTTTCTAAACAATAGGCTTCCTTCAAGCTAAGAGAAGAGCTTGCGATTAAGGGGGAATTTAAGGGGTTAAAGCCGCTCAAAATCAAGCCTTTTTCCTCACGACAATC
NZ_CP141771.1_gap9	221177	223723	2546	CGCATGCTTTTCTTCTGTTTCTTTTAATTCTTCGCCCTTGCCTTGCTCATAGCCAATTTTGGCGAAATTGAAAGTGTCTTTTTCATCCACTCTCGCGCTGTCTCGTTGCTCTTTACCCACCACTTCTCGGTATTCTTTACCAAAAATTTTATCCACTTCATACCATTGGGCGAATTCATCGCCTTTGAGCGGGTAAGAACGCAATAAAGGGTGGCCCACCCAATCATGCGGCATGATAAGGCGTTTCAAATAGGGGTGTTTGTCAAACACAATACCAAGCATGTCATACGCTTCCCTCTCGCTCCAATTAGCCGATCGGTATAAAAAACTCAAAGAATCCACGCTTTCATTAGGCAACAGAATGCATTTCACGCGCACCCTACGGCGGTTTTTGCAGCTATCGCTAAAACCCACAAATTGATAAAACAATTCAAAATGCCCTTTTTTAGCGCACAAATCTACCGCGCTCATTTCGCTCAAACACTCATAACCCAAATGCCTTAAAGTCGTAGCGACAGAAAAAATATCGTCTTTTTTGATCCAAAACACAGCCGTGTTAGTTTCTATATATTTGTCTAAAACCTCATGCTTGTAAGAAAGGTGGTTGTAAATGACTTCATAAGCACTACCCTCTAAATATTTTTTAGGGGTGGGTTCTATGATTTTATAGGGGTCATGCTGGCGCGATTGTTTTTGCACATCTTCATAGGGGGATTGTTTTCTTACCATCACACCAACCTTTTAGGAGCGTCTTGTTTGATCGCTTTAGAGCGTCTGATTTTATCTTGCAAAACCATAAGAGCGTATTGTAAAGTTTCTGGGCGCGGCGCGCAACCGGGCAAATAAATATCCACAGGAACAATCCTGTCTGCCCCTTGAACGGTCGCATAAGTGTTAAACATCCCGCCCGTGTTAGCGCAACTCCCCATAGAAATCACCCATTTAGGCTCAGGCATTTGATCATAAAGCCTGCGCATGAATTCGGCATGTTTTTTAGTGAGCGTGCCAGCGATGATCATCACATCAGATTGCCTAGGGCTAGCTCTAAAAATCGTGCCAAACCGGTCAAAATCAAACCTTGAACCCCCTGTTGCCATCATCTCAATCGCGCAACACGCCAAGCCATAGGTCAAAGGCCAGAGCGAATTAGAACGCCCCCAATTCAATAATTTATCCAAAGTGCTTAGAACAACCGGTGCTTGTTGCATTATTTCACCTCTAATTTTTGCCAGCTCAAAGCGTTTCGCTTTAAAGCGTAAATAAAACCAATGGTTAAAAAGAAGACAAAGCCTAACATTTCAACGAGTCCAAACAAGCCTAATTTTTTAAAACCAATCGCCCAAGGGAACATGAAAACGATTTCTACATCAAATAAAATAAAAAGCATGGCCATGATATAGAAATGATGGGACACTCTATTAGGCTGTTTGAGAGCCACAGGCCCGCATTCATAGGGAGCGAGCTTGAGTTTTTCGCCCTTTTTTTGAGCCATTTTACGGCTTAAAAACCTTTGAATCCTTAAAGTCAAGTTAAACACCCAAAAGGTGAATACCAGCAAAACAAAAACGCCAAAATAGGGGTGATTCAATGCTTCTGTGGCTTGTTGCATCAGACTCTCAAACTCCTTTAATTATTAGCAAATGATAAAGCCAATTAAACCATATTTTTGCTAATCGTTAGCTGAAAAAATAAAAATTATTTTAACATCTCTTAAGAGGCCATTTCTATGAGTTTGGGCATTAAATCTTGCATGGCATGCACCGCACTTTCACTAATGCATTGGACATTCTGGGGCAAATGGGCGTTTTTAGCCTTAGGGTCAATATAATAAATGAGAGCGTCTTTGTGCGCATGCGTGTAGAGGCTAGCGGCCGGATAGACTTGCAAAGAAGTGCCAATGATGATTAAAAGATGCGCTTGTTTGACTAAAGAAATCGCTTCTTTAAGCAAAGGCACCGCTTCGCCAAACCACACAATATCAGGGCGTAATTGCGATTTGTCTTTGGCCAAGTCGCCTAAATTCAAGTCCTTTTCCCACCTATAAACCAAATTTGGATCTTTTTCGCTGCGAACGCTCAATAATTCCCCATGCAAGTGCAAAATGCGAGAAGAACCCGCCTTTTCATGCAAATCATCTACATTTTGGGTGATGATATTAACTTGATAGTGTTTTTCCAATTCCGCTAAAGCCTTATGGGCTTTGTTTGGATAAACTTCAAAAAGCTGTCGGCGCCTTTGGTTGTAGAAATTCAACACCTTTTGCGGGTTCTTTTTCCAGCCATAAGGCGAGGCGACTTCCATGATGTCATGCCCTTCCCACAAGCCATCAGCATCTCTAAAGGTTTTAATCCCACTTTCTGCTGAAATGCCAGCCCCGCTTAGGATCACTAAATTTTTCATGTTTCCTCCTTGATGATTTCAATATGAGTGCCGCTGAGTTTGTCATGCAAAAAAAACTTAAAAATAAAAGGCGTAACAAACCCTATGAGTAACCCCATGCTCAACACCCACAAAACAAACCGCCACAAAGCTAAAAAAAAGCCCAC
NZ_CP141771.1_gap10	227012	231083	4071	TGGGGGAAATGCAAAGAATGACGCAATTCAAAGACAAGTCTTTAAAAAACCCTAAAAGCGTGAATGTGGGGCTTTTCAATTACCCTATTTTAATGGCATCAGATATTTTATTATACCAAAGCAATTTAGTGCCAGTGGGCGAAGATCAAAAACAACATTTAGAGCTCACACGAAATATTGCCGAAAAATTTAACAGGGATTTTGGGAACTGCTTTAAAGTGCCAGAACCTTTGATCGCTAAAGTGGGGGCAAGGGTTATGGGGCTAGATGATCCAAAAGTGAAGATGAGTAAATCGCATCAAGGGGCTAACCATGCGATTTTTCTTTTAGATGAGCCAGACATTATTGTAAGAAAAATCAAAAAAGCGGCCACTGATTCTATGGGCGTTATTGCCTTTGATGAAAAAAGAGAGGGCGTTTTTAACCTTTTAAATATCTACATGCTTTTAAGCAACGAAAGCCCAGAAAACATAGAAGAACGATTCAAAAATAAGGGCTATGGGGATTTTAAAAAGGAATTGGCTGAAGTGGTGATCCAGGCTTTAAAACCCATTCAAGAAAGATACAAAGAAATCAGCGATGATGAAGTGAAAGCCGTTTTAAATGGCGGTGCTAAAAAAGCCAAGCCTTTAGCGCAAGCGACTTACCAAAAGGCTAAAGAATTGATGGGGTTGGTTTAGATGAAAATTTTAGGTTTGTGGTTAGGGGTGTTTTGTTTCCTTAAGGCTACGCCTTATTTATACTTGGGCGAAGAGCCTAAATATAAAGACAATTTCACGCATTTTGAATACGCTAACCCTAACGCTAGAAAAGGCGGTGTTTTAAGGAATGACGCTATAGGGACTTTTGATAGCCTTAACCCTTTTATCCTTAAAGGCACTAAAGCCGAAGGCTTGGATTTGATTTATGACACTTTAATGGTGCAAAGTTTGGACGAACCTTTTGCCGAATACCCCTTAATCGCTAAAGACGCAGAAGTGGCTAAGGATAACAGCTATGTGATTTTTACCTTAGACAAAAGAGCGAGATTCAGCAATAACGCTCCCATTTTAGCGAGCGATGTGAAGTTTAGTTTTGATACGATAATGGAATTAGGATCGCCTCTCTATCGGCAGTATTACCAAGATGTTAAAAAAGCGGTTATTTTAGACAAGCACCATGTTAAATTCATTTTCAAAACCACTGAAAATAAAGAATTGCCTCTCATTTTAGGGCAGTTGCAAATCTTTTCCAAAAAAGCGTTTCAAAAGGATTATTTCACCAAAAACCCTTTACTCATTCCTGTTTCTAGCGGCCCTTATGTGATCGCTTCTTTTGATGTGGGCAAGAAAATCACCTACCAAAGAAACCCTAATTATTGGGCGAGGAATTTGCCTAGCAGAAAGGGGCAATTCAATTTTGATCAGGTCAAATTTGAGTATTATAAAGACGAAACCATTGCTTTACAGGCTTTTTTAAGCGGGGCGTATGATTGGCGTATTGAAAGCACGGCTAAGGTTTGGGCTAGGGGCTATGTGGGGAAAGCTATGGACAATAAAAAAATCACTAAATACCTAATAGCCCATAAAATGCCAAGCGGCATGCAAGGGTTTTTCTTCAACACGCGCCGAGAAATTTTTAAGGATAAAAGGGTGCGTGAAGCCTTATTTTATGCGTTTGATTTTGAATGGGCGAATAAAAATTTGTTTTTTTCGCAATACAAACGCACCACCAGTTTTTTCAGTAACTCTGTTTATGCGTCCCCCTCTCTTCCAAGCCCTGAAGAAAAAGTTCTGTTAGCCCCTTATGAAAAGAGTTTGGATGAAAGGGTTTTTAAAGAGCCTTATGTCGTGCCTAGAACCGATGGACCTGATGTTTTGGGCTATAATTTGAGGGAAAATTTAAAATACGCCCAAAACCTTTTGAAAAGCGCGGGCTTTTCTTACAAAAACATGCGTTTAGTGGATAAGAATAACAAGCCGTTTAGTTTCACTTTGCTTTTAAACAGCCCGGCCTTTGAGAGACTGGCTCTAGCCTTTGCTAAAAACTTAAGGGTGTTAGGGATTGAAATGAAAATCCAAAGAGTGGATTTAAGCCAGTATGTCAATCGGATCAAAAGCTATGATTTTGACATGATTGTAGGAGTGATTGGCCAATCGTCTTTCCCGGGTAATGAGCAACGCTTTTATTTTGGCTCTTTGAGCGCTAAAGAAAAAGGCTCAAGGAATTATGCGGGAATCTCTAGTAAAGCGGTAGATGATTTGATTGAAAAAATCATTAACGCTAAAGATTACAAGGAGCAACTAGCCGCCATTCAAGCGATGGATAGGGTGTTATTGTGGGGGTTTTATGTGATACCGCATTTTTATTTGCCTAATTACAGGATCGCAGCGTATAATTACATTGGCATGCCTGAAATCAACCCTAGCTATGGATTTTCGCCGTATTTGTGGTGGGTAAAAAAAGAAAGGGGTCTTCAATGATTGCTTATATTCTTAAACGCTTGCTTTTGATTATCCCTACTTTATTAGCCATCATGACTATTAATTTCTTTCTGATCCAATCAGCTCCTGGAGGCCCTATAGAGCAGATGATGGCTAAAATCAATAACACGCAGTCCAAAGAGATTCAAGGCGTTGTTAAAGATCGCGCTTATAGGGGGTCTCAAGGGTTAGAGAGCGATTTGATAGAAAATTTAAAAAAACTCTATGGTTTTGACAAGCCCATAGGGGAGCGCTACCTTCTCATGCTTAAAAAATATGTGCAATTTGATTTTGGGGAGAGCTTTTATCGCCAGATTAAAGTGATAGACTTGATTAAGGAAAAATTGCCCGTATCCATTTCGTTAGGGCTTTTTAGCACGCTTTTGATTTATCTTATTTCTATCCCTTTAGGGATTTTCAAAGCCAAACGCAATAACGAGCCTTTAGATGTGCTAAGCAGCGTGGTGATTATTGTTGCTAACGCTATCCCAGCCTTTTTGTTTGCGGTGGTGCTCATCGTGTTTTTTGCTGGAGGGAATTATTGGCATTGGTTCCCTTTAAAAGGGTTAGTGAGCGATAATTTTGAAAGTTTGAGCGCATTAGGCAAGATCAAGGATTATTTATGGCATATCACTTTGCCCGTTCTTTGCATTTCTTTAGGGGGTTTTGCAAGCCTTACGCTTTTAGTGAAAAACTCTTTTTTAGATGAAATGGGCAAACTCTATGTGGTGAGCGCTAAGGCTAAGGGCTGTTCAGTGGGGCGTATTTTTTATGCGCATGTGTTCCGCAATGCGATTTTATTAGTGGTGGCGGGTTTTCCGCAAGCTTTTTTGGGCATGTTTTTTAGCTCAAGCTTATTGATAGAAATTGTTTTTAGCCTAGATGGGTTAGGGCTTTTAGGGTATGAAAGCATTGTGAGTAGGGATTATCCTGTTGTGTTTGGTTCGCTTTATATTTTCACGCTTTTAGGTTTGGTAGCGAGTTTGATAAGCGATTTACTCTGCGTGGTGATTGACCCTAGGATTGATTTTGAAAAGCGTTGAGGGTAGGAATGAAAACTGAAATGAAATCTTCTTTAAAACTTTTTATGCAGCCTTTTTTGGTGGTTTTAGGGTTTATGTTGTTGTATGTTTTAGCGCATGCTGCGCTTGGTTTTTATGCGAAAAAAGACAGCACTTCAATAAGCCAGAATTTAGAAAAAACCGAAATAGAGCGTCAAAGCAGCGCGCTTTCGCCTAAACAAGAAGAAACCAACACGGCCACAACCACCACAGAAGAAAACCCCACCAAAGATTCTCCTTTGCCTTTAGAAACAGCCACACAAGAAAAAGAGAATAAACAAGAGGATAAACAAGAGAATAAACAAGAGCAAGAAAAAGAAAACGAGCCTAAACAAAACAGCGCCTCACCTATTCAAAACCATCAAAAAACCCTTTCAACCCCTACAATTGGGAAAAAACCTTTAGAGTATAAGGTCGCAGTCAATGGCGTGAATGTGCGCGCTTTTCCTAGCACAAAAGGTAAAATCTTGGGATCGCTTGCAAAAGATAAAAGCGTGAAGGTTTTAGAAATCCAAAACGATTGGGCTAAAATTGAATTTTCTAATAAA
NZ_CP141771.1_gap11	323992	325171	1179	CTTTATAAAAAGCGATGGAAACATTGTAATTGTTTATATCAAAGCGTTGGCGGATAATGAGGTTTTGTCCGTTTTGAGTGGCGGGCGTGTCGTATTTATAGACCGGACTCCCGTCGGATTTAACGATCATCCAAGGGTAGTAAATAGGAAAAAACCCTATGATAGCTGTATCAGAGCGAAAGCCTGTGCCGCTAAAATTAGGATTAGAGTCCCAACCAATCTTGATGCCCGGAGCGTTAAAGATTTGAGGCGAAAGGTAATAAAAGCCTTCTATGAGGAAACGATGAGGTTTATAGGTGAGTTGCACCGCATGCGTGCCATAAAGCACATTTCGCCCATGGCTATCATAACCTCCCTTATCATTTTTGGTAAAGCCTCCGCTATAAGTGGTCCTAGCGGCAAACCAATCCATCAAAAACGAACCATAAGCGAACGCCCTCCCAAAAGAGCTAAACCAAGTCAAGCGCGCATGCTTGTATTGCCCAGAAACTTGAAAGCCTTGCGTTTGACCGCTTTTATAAGGCATAGTGGAGAGATAGCGTCCGGCTTTTATTTCAAAATAATTCTTATAAGCGTATTCTAAATACGCATCGCTAAAGACATAATTGCGGACATTTTTGTTGTGTTTCATGTTTTGTGTCGCTAAATCATCGCTTTGTAAGATGTTTGTATAACCCCCCATGAACCCATCATAATAACCAAAGAGGTTGTAAGCCACAGATCCGTCTTCAAACTTCTTCGTGCCGTCATAGAAAATAGATCCGACCATGCCCCCTATTTTGCCTTTTAGAACATGGTCTGAAACCTTTTTGGGTAACAGGCTAAAACCAAGCCCTAAATAGCCCGCAATCGTTGCGAATTGCTGCATAGGGTAGATACCTCTTTCTTTATTGATTTTATGCTGGTTAAAACCGATAGTGCTGGATTGATCCACAAAGCCATTGAGCTTAGCTTCAAAACCTTGTAACGAAGAGCTTAAAAGTGCCCCAAAGAATAAAACCTGACTTGTCTTTTTCATGCATGCCTCCTAAAATGAGATTGATAAATGCAAATACTTTTAAAGATAATTCTTTGATTTTTATTATTCCTAGCTTTGAAATAATTATAATATGTAAAATAATGCATATGATGAGAAAATCAAGCTTTTAAAAGCTAAAAACGATTAATTTGTGGAAAATT
NZ_CP141771.1_gap12	326185	329165	2980	TGTGCTCGTCAATGCCAAATTGTTGCACGGCTTCTTTGTTGGTGGATACCGCTACAAAGTGTTTAGCGATATGCTTTTCATCGCCGCTTCTTTCTACAAACCATTTTCTAGCGGTTAGGGCGTTGGTTAAGGTTTCTTGAGTGGAAAAAGTCTTAGAAGCCACGATAAAAAGCGTGCTGGCTGGGTTGAGTTTTTCTAAAACATCTAAAATCTGTGTGCCATCCACATTAGACACAAAATGCATTTTTAATCTCGGGTGGGCGTAGCGTTTTAAGGCGGTGCAAACCATTAAAGCGCCCAGATCTGACCCCCCAATGCCGATATTGACAATATCGGTGATCACTTGATTGGTATAGCCTAATCTTTTACCGCTTCTCACGCTATCGCTAAAGGCTCGCATGCGTTTTAAAACGCTCCTAATACTTTTTAACACTTCCATGTTGTCTAGTAAAATTTCAGTGTCATTCAAGCTTCTTAAAGCGGTGTGTAAAACGGCCCTTTTTTCGGTGGTGTTGATTTTTTCGCCCTTAAACATCGCTTCAATCTTTTCTTTTAAAGAGCAGTCGTTCGCTAATTCAAAAAGAAGCTTTAAAGTGGTATCGTTCAAGCGGTTTTTGGAATAATCCAAGCTCAAGCTTTCAAATTGCACGAAATAGCGACTCGCTCGCTCTTTGTCTTTAGAAAACCAATCGCGCATATGCACTTCTTTGATTTCTTCATAATGTTTGAGTAATTTTGGATAAGTTTTTAATTGGGTTAGCATCAATACCCCTTAATTAAAAGATATAACGCTGTATTATAAGCTAGTTTTAATTACAATTTTCAAATGTTAAGAAAAAACATTTTAGCTTACTATGGGGCGAATTTTCTCTTAATCATCGCTCAAAGCTTGCCCCATGCGATTTTAACCCCCTTGTTGCTTTCTAAAGGGCTTAGCTTGAGTGAAATCTTGCTCGTGCAAACCTTTTTTAGTTTTTGCGTGCTAGTGGCTGAATACCCAAGCGGCGTTTTAGCGGATTTGATGAGCCGGAAAAATTTATTCCTTGTTTCTAACGCCTTTTTAATCGCTAGTTTTTCGTTTGTGCTGTTTTTTGATAGCTTTATTTTCATGCTTTTAGCATGGGGGTTGTATGGTTTGTATAGTGCATGCTCTAGCGGCACGATTGAAGCTTCACTCATCACAGATATTAAAGAAAACAAAAAGGATTTATCCCGGTTTTTAGCCAAAAACAATCAAATCGCTTATTTGGGCATGATTATAGGGAGTTCTTTGGGGTCGTTTTTGTATCTCAAAGTCCATGCGATGCTGTATGTCGTGGGGATTTTTTTAATCATGTTTTGTGCGCTAACGATCATCATTTATTTTAAAGAAAAAGAAGAGGATTTTAAAAGCCAAAAAAGTTTGAAACTCCTTAAAGAGCAGGTCAAAGGCAGTCTTAAAGAGCTTAAAGATAACCCCAAGCTTAAAATTTTGTTGGTGGGGCATTTGATTACGCCCGTCTTTTTTATGAGCCATTTTCAAATGTGGCAAGCGTATTTTTTAAAACAAGGCATTAAAGAGCAATACCTTTTTATATTTTATATCGCTTTTCAAGTGATTTCCATCCTCATTCATTTTTTAAAAGCTTCAAATTACAGCCAAAAAATCGCCATAAGTTCGCTTTTGGCACTACTGGGCGTTAGCCCCTTATTGCTTATGAATATCCCTTATTGTTTCATAGGGGTGTATGCGCTCATGGTGGCGTTTTTCACTTACATGAGTTATTGCTTGGGGTATCAATTCTCCAAATTCGTTTCTAAAAACAACATTTCATCGCTCTCATCGCTTTTGTCAAGCTGTGTGCGCGTGGTCTCTGTGCTAATCTTATCGCTCAGCAGTTTGGAGTTGCGTTACTTTTCACCCCTAACTATCATAACCATGCATTTTGCCTTAACGCTTATAGCACTCTTTTTCTTTTTGTATAAGGCTAAGCCATTTGATGAGTGAGTGACTTTAAGATTGCAACCTTTTAGCGATTTCTATAGCGGCATCATAGCCATGGTTTAAAGCGGTAGCGATGCTCGCCCCTGATTTGAATAAAATATCGCCCACGATGAATAAATTAGGGATATTGTTGCTCTCTAAATTTTCTTTCACTACAGGGATATTGGTGCTAGGATCTAGCTCTAAAGAACAGCGTTTAAAAAATTCTAAAGGGGTAGAGCCGCCGATGGCATACAGCAAGCGATCAAAACTCTCGCTCGTGTTATCGGTGAAATTGACCTTAATTTGAGTGCCATTTTCTTCTAGGCTTTCAATATCCACTCCAAGCTTGCTTTTAAGCGTGTTATTGTCTAGGACTTCTTGCAAGTTTTTAGCGTTGTCTTCATTGATGCGGCTGAATTCTTTTTTGCGGTAATTGAGGGTGGTAGGGGTGGTTTTACACAAAGCAATGGCGTATTCCACCGCTGAGTTGCCTCCGCCGATCACAAGGGTTTTTTCATTTTCCTTACAATCGTTGATGCTAAAAACCACTTGTTTGGAGAGCGCAACAGGGATTTTGTAAGTAGTGGGGCGGTTTGGCTGGCCCATTTTCCCGATCGCAACCACCACAAATTTAGCATGATAGGTTGTATTAGAAGTGGTGGTGATTTTAAAGTGTTCGCCTTCTTTTTTCACGCTCTCAATATCGGTTTTATAGCTTGGCGTGATGCGATGCTCTTTTAAAAGGTTAGTGAAATTCTCTAAAGTCTCTTCTTTAAAGCTGTCTTTAAAAGGGATATGCCCTTTAAGCTCTACGACTTGCTTTTTATAATCTTTATCAATCCTTTTACCGGCTTTATAAAACTTCTCTATCATGCCTGAATGGCTTTCGGTTTTTTCGCATAAAAGCACCTTTTTAACGCCGGCTATTTCGCATTCTACGGCTGTGGCAATGCCCCCAGGCCCTGCACCCACTATCAACACATCCAAAATTTCTTGGTTCATTTCTATCCTTTT
NZ_CP141771.1_gap13	343307	348201	4894	CTTTGTTATACCGCTTTTTGTGGGGGGAATTTTGCGATTGGTTCATTGAATTTTCTAAAGTGGAAAATGAAGCGATAGACGAATTAGGGAGCGTGTTAAAAGAGGCTTTAAAACTCTTGCACCCTTTCATGCCCTTTATCAGCGAGTCTTTATACCATAAGCTCAGTAATACGGATCTAGAAAACACTGAATCTATCATGGTCATGCCTTACCCTAAAGATTTAGTGCAAGATGAAAAATTAGAGCATGAATTTGAAGTGATCAAAGATTGCATTGTGTCTTTAAGGCGTTTAAAAATCATGCTAGAAACCCCACCGATTGTTTTAAAAGAAGCGAGCGTGGGATTAAGCGAAGCCATAGAAAACACAGAGCGTTTGCAAACTTACGCCCAAAAATTAGCGAGGTTAGAAAAAGTCAGTGTGATTAGTTCTAAGCCTTTAAAAAGCGTGAGCGATGTGGGGGAATTTTGCCAAACTCATGCGAATTTAGAAAATCTTGATTTAAGCCCGCTTGTTGCGCGTTTAAAAAAGCAGTTAGAAAAACTGGAAAAAGAAAAATTAAAACTCAATTTGCACAATGAAAATTTTGTCAAAAACGCGCCTAAAAGCGTGCTAGAAAAAGCCAAAGAGAGTTTAAAAACGCTTTTAGAAAAAGAAAGTAAAATTAAGCAAGAATTGGATTTGTTAGAACAACCATAATAAAAGGATAGAAAATGTTTCAAGCATTAAGCGATGGGTTTAAAAACGCGCTCAATAAAATCCGCTTTCAAGATGATGAAAAAGCGCTAGATCGGGCGTTAGATGAATTGAAAAAAACGCTTTTGAAAAATGATGTGCATCATAAAGTGGCTAGAGAATTGCTCAAAAAAGTGGAAAGTCAAACCAAACTTAATGGCATTGGCAAGCAGCAATTTTTAGACGCTTTAGAAAAGAGTTTGTTAGAAATTTTAAGCGCTAAAGGGAGCAGTGGTTTTACTTTCGCTCAAACGCCCCCCACCGTGGTTTTAATGGCAGGTTTGCAAGGGAGCGGTAAGACAACCACCACCGCTAAACTCGCTCATTATTTAAAAACCAAAAATAAAAAAGTGCTTTTATGCGCATGCGATTTGCAACGCCTAGCGGCAGTGGAGCAATTAAAGGTTTTGGGCGAACAGGTGGGCGTGGAAGTTTTTTATGAAGAAAATAAGAGCGTGAAAGAAATCGCTAACAACGCTTTAAAAAGGGCTAAAGAAGTGCAATTTGATGTTTTGCTCGTGGATAGCGCGGGGCGTTTAGCCATTGATAAAGAGCTTATGCAAGAATTAAAAGAAGTCAAAGAAGTCTTAAACCCCCATGAAGTGCTGTATGTCGCAGACGCCTTGAGCGGGCAAGATGGGGTCAAAAGCGCGAACACATTTAATGAAGAAATAGGCGTGAGTGGGGTGGTGTTAAGCAAATTTGACAGCGATTCTAAAGGGGGTATCGCCTTAGGCATCACTTACCAATTAGGCTTACCCTTGCGTTTTATTGGGAGCGGGGAAAAAATCCCTGATTTAGATGTGTTTGTGCCTGAAAGGATTGTGGGGCGTTTGATGGGGGCTGGAGATATTATCTCACTCGCTGAAAAAACCGCCAGCGTTTTAAACCCTAATGAAGCCAAAGATTTAAGCAAAAAACTCAAAAAAGGGCAATTCACTTTCAATGACTTTTTAAACCAGATTGAAAAAGTGAAAAAATTAGGCTCTATGAGTTCTCTAATCTCTATGATTCCAGGTTTAGGGAATATGGCAAACGCGCTAAAAGACACGGATTTAGAAAGCTCTTTAGAAGTGAAAAAAATCAAGGCTATGGTCAATTCCATGACCAAAAAAGAGCAAGAAAACCCCGAGATTTTAAACGGCAGCCGAAGAAAAAGGATCGCTTTAGGGAGCGGCTTAGAAGTGTCTGAAATCAATCGCATCATCAAACGCTTTGATCAAGCGAGCAAAATGGCGAAACGCTTAACGAATAAAAAGGGCATTAGCGATTTGATGAACCTAATGAGTCAGGCTAAAAATCAAACACCCCCTAAAATGTGCTGATTTTTAAGCATGTTTTAGGCGCTTTTGTTGTATAATTTCAAATTTAATATGAATATTTTAGGAGATTTTTGTAATGACAGTCATTAGACTCACGCGCATTGGGAGAAAGAAAAAGCCTTTTTACAGAGTGGTGGTAACCGATTCTAGGAAAAGAAGGGATGGAGGTTGGATTGAATCCATTGGGTATTACAACCCTTTAAGCGAGCCTAAAGATATTAAAATTGATAAGGAGCGTTTGAATTACTGGAAAGGCGTGGGGGCTAAAATGAGCGAGAGGGTGGAAAAACTTTCTCAAAAAGCCTAAGGTTTTGTGAGGCTGAATGCGCGAATTAGATCCTTTGAACACGCCTTTTTCTCAAGCTGAGTGTAAGGACTATTCGTATTGCGTGGCAACTTTTTTAGAAAAATATTTAAAAAAGGTTGTTTCTTTTCCTCAAGCTTTGAGCGTAGAGTACACGCTTTTAGAAGATAAAGTCAAACAAATCACTATTTATACCCACCCATCAGACATGGGGCATGTGATCGGTAAAGAGGGCAAAATGGTGAGCGCGATTAAGGCGTTTGTTTCTGGCGTGAAAGCCAAAGACGGGTTTTCTTATAAAATCGTTGTTTTTGCTAGTAAAAATGGTGATAAAAATCCCCATGTTTTAGGCGGTCAAACGCCTTGAATGGTTTCTATGCTTTTAGTGGGCAGAATTGGTAAAAGCGTAGGGCTTAATGGGGGGTTAAAGCTTCATTTAGAGAGCGATTTTCCGGAGTGCTTAAAAAAAGGCGTTAAGGTGAGTGTCGCTCCCTTGAATGCTTTCTCCTATGCTTCTTCTTTTAAAGAATATATAATCCATTCTTATGAACATGCTAAAAACCTGTTGTTTTTAGAAACTATCCATATGCCCCAAAAGGCTAAAGAGCTGACTAATTTAGGGCTTTTTATGAGCGAAGCAGAGAGTAAAAAACTCTGTGTTTTAAAAGATGGGGAGTTTTTTTATTGCGATTTAGTAGGGCTTAGCGTGGTGGAAGAAAACGAGATTTTAGGAAAAGTCATAGAAATCCAAAGGATTTCTCAAATAGATTATTTTCTAGTTGAAACCGCAAGAAGTTTGGTTGAAAAAGGTTTGGCTAAGATTTTTTTAATCCCTTATAGGGATTTTTATATCAAAGAAATCCTTTTGCAAGACCAAAAAATAACCACCAATAACGCTAAAACGCTTTTAGAGAATAGTTGAGTGAAATTCAGCGTTTTAACCCTTTTCCCGCAACTCGTATGGCCTTATTTTGAAGACTCCATTTTAAAAAGAGCGTTAGAAAAAAATCTTTTTGAACTAGAAGTATTGAACCTTAGAGATTTTAGCGCTAATAAATATCAAAAAGCGGATCACACGCTCATTGGTGGGGGTGCAGGGCAAATCTTAGACCCTGAGATGGTAGAAAACGCGCTCCATTCTGTTAAAAACCCTAAACACACGATTTTTTTAAGCGCAGTGGGCAAGCCTTTTAAGCAAATAGACGCGATGCGTTTGGCTCAAAAAAAGCATGTCGTTTTGGTGTGCGGGCGTTATGAGGGCTTTGATGAACGCTCTATTGAACTTGGTGCTGATGAGGTTTTTTGTATAGGCGATTTTATTTTAACAGGGGGCGAACTTGGGGCGTTGTGCTTGATAGATAGTATCGCTCGCCATATTCAAGGGGTTTTGGGTAACGCTCAATCTTTAGAGAATGAGAGCTTTGAAAACCATTATTTGGAAGCCCCTAATTTCGCCAACGCTGTTTTTAAATCCAAAGAAATCAATAAAATCCCTGCACCTTTAGAATATTCTAAAGGAAATCATGCTAAAATCAAGCAACTAAAACTTGATTTGTCAAAATTAAGGACAAAATTTTACCGCCTTGATTTATTCAAACAGCACAAATCATGAAATTGACATTAAGGAAAACACATGAAAAACCGCTACATTCAGCAGTTTGAAGACGCTCAATTAAAAGACAAGACCATGCCAACATTTAAAGCCGGCGATACTTTGAGGCTTGGTATCACCATTAAAGAAGGCGAAAAAACACGAACTCAGTATTTTGAAGGCGTGTGCATTGCGATTAGAGGCAATGGCGTGGATAAGACTTTTTGCGTGCGTAAAATAGGGGCTAACAATATCGGCGTGGAGAAAATTTTCCCTTTCTATAGCGAAAGCTTGGCGAGCGTTGAGGTGTTGCGTGTGGGTAGGGTGCGCCGTGCGAAGCTCTACTATTTGCGCGATAGGAGAGGTAAGGCAGCAAGGATTAAAGAAGTCCGCCATTAATTTCTTTTTAAGGGTTAGAATAAGTTTTTAACCCTTTCTTTTAAGAATAGTTTTTCTTTAACTTTTATTACCAACTTTTTAAAACTTTCTTTAGCATTAGTGTCCGTTTTTTCAAGGCAAAATTTCAATAACTTTTTTTATAACTTTTTTTTGGCTTGCTATCTGTTAAACTGAATTTTTGGCTCTGTTTTTAAGGGAGCGTTGGTTGTCAAATTTTAAAAAAGATTGACGCAAGCTGAACGGCATGTTTAGATCCCCATGCTATACCCAACCCTTATGGCAAAGTTCGTATTTTGGGAGAAAACATGGAAAAAATTGAAACCACGATTTTTGTGGATTGGGAAAATCTACTCACCGATTTGAGGGCGATCCAAAAAAACCCCAAAACAGACAAGCGTTTTAAGGAGCCTGATTTTAGTTTCAACAACCCCGAGCAGCTTTTAGCGCTAATCCGTTCGTTCTTGGAGCCTGAAGAGGAATTGAAGCGGATCTATTTTTATGCGTCTGAGCCTTTCACAGAAGTTGAGCCTAGAATCAAAGGCAA
NZ_CP141771.1_gap14	402680	404309	1629	GTAGATGATTTGGCTAACGCGCATTTAGCGAGCTATCAAACCCTTTTAGAAAAAAATAAGAGCGAGATCTATAATGTCGGCTACAATCAAGGCCATAGCGTGAAAGAAGTGATAGAAAAGGTTAAAGAAATCTCAAACAACGATTTTTTAGTGGAAATTTTAGACAAACGGCAGGGCGATCCAGCAAGCCTTATTGCCAATAACGCTAAAATCTTACAAAACACCGCCTTCAAACCCCTTTATAACAACCTAGACGCCATTATTAAAAGCGCTCTAAATTGGGAAGAATACCTTCTGAAATTTCAATAATACACCCTATGCAAATACAAGCCATTAGCCATTATGGGCGTTCTTATAGCGGCTTTGATGTTGTGGATTTGCGCTTGAATTTCAGCGAGCGTGATTTTTTCTAAGGAGTATTGAACGCACGCTTGAATGATCAAACGCACGCTAGAGCGTAAAAACGCATCGCCAATGATTTTAAATACCACGCACTCATGCCCTATGATAAAGATTTTATAAGCAAAAGCGTTAAAAATAGCGCGTTTAGGATTGGTTGTCGCCCCGCCTTCTTTTTTAAACATGGAAAAATCATGCTTGCCTGTGAATTGCTTTAAAGCGGTGTTTAACGCATCCAGTGAGCCATAATCCCCACAAGCGATATAAGGCGCTAAAAAAGGCGTTTTTAAATTCTTCGTCAAAAGGTAACGATACGCTCTTTTTTGAGCGTCAAAACGCGCATGGAAGTTTTTTTCTTCTAGCTTTTTTAAGACAATATGCGGGGCGAGTTTAGGGGCTAGATAATAAAATAATTTAGCGGCGTTCCAGTGTTTTGGAGCGTAAAAAGACAGCACCTGATTGTTCGCATGCACGCCCTTATCCGTGCGCCCAGCCGCAACCACAACGCTTTTAATCCCTAGCGCATTTAAAGCGCTCTCTATCTTATCTTGAACGCCGAGTTTGTTAGGCTGTTTGGCATAGCCTAAAAAATACGCCCCATCATAAGCGATAGTAGCCTTAAAACAACGCATTCAATAACGCTTTAAAATGAATTTTCTAAACAACAAATAAGAGACAAACGCCCAAATAAAGGGGAAGAAAAAGGTCATCAAAAACAAATCCGTAGAAATCACATGCACCATTAAAAAATAAACCCCAACCGCTCCAAGGACATAAAAATAACTCCAATTCGTTTTGAATCGTGGGTTGGCGATGCCAAATAAGGGGATTAAAAACACGCTCGCTAAAGGGAACAATGAAACTAAAATCGCTTGAGAAAAACGGCGTTTTTGATTTTTATTAGCGTTTTTACCAAAGGCTTTTTTCCAATAACCCAAATAATCCGTGCCTTGCAAATAAGCCGCATCATTAGAATTGAAAGACTTGAGCTTGTTGCGCAAATGCAATTCTTCAAAATCAACTTTACGCATTTTATCGCCTTGAGTGAAATACGCATGACCGCTGTATAAATTCAATTCAAACACGCCGTTTTGGTTGTTGATATTGCCTTTTTGAGCCAGAATGAAGCTTTCTTGAGAGAGGCTTTTATTGGAAAAAAGCACTAAATTATCATAGGAATTGTTCTCAGCTTTATCCACATACACGAGCCAATCGCCTAATTTTTGCCCA
NZ_CP141771.1_gap15	406757	408646	1889	TAAGATTCTCAAAAGTTTTTAAAACGCCATGAGCGATGTTTTGAACGCTCTCTAAATTCAAATTCGCATGACAAGGTAAGGAAATTTCAGCGCGATAAAAATCCTCTGCGTTTTTTAATGGGGCTGTGTTAAAGAGCTGTTGATACAATTGGTATTGGTAAATGGGTTTGTAATGCACTTGGGCTAAAATGCCACGCTTGTGCAAATTTTCTAAAATGAGTTTTTTGCATGTAAAAAATTTTTGGCACATTAAAATAGGATAAAGGTGGTTAGAGCTTTTATCTTTTAACAAGGGGTGTAAAGGGGTGAAATAGGGGTTATCTTTAAAAATCCTGTCATAGGTTAGAGCGGCTTCTTCTCTTTTTTGCATTAAAAAAGGGGCTTTTTTAAGCTGGCTCAAACCCAAAGCGCTTTGGATTTCATTCAAACGGAAGTTATGCCCTATGCTTTTGACTTCGCCTTCAAAAAAATCTTTTTTGATCATGCCATGAGAGCGAAACCATTTCATTTTTTCATGCAATTCGCTATCGTTAGTAACGACCGCCCCCCCTTCAGCCGTAGTGATAGGCTTAATGGCATGGAAACTAAACACGCTCGCTAACGCAAAGCTTCCTACTTTTTTGTTTTGATACTCGCTCCCTAGAGCATGCGAGCTGTCAGAAAGGAAACTCAAAGAATGCTTTTTGCAAAGCTCTTGAATGCTTTTTGCTTCCACGCTTTTACCGGCATAATCCACGCTCACTATGGCTTTGGTTTTTTTGTTAATGAGCTTTTCTAGGGCCAATTCATCTATATTGCCATCGTTTTTAATTCCAGCAAATACGGGTTTGTAACCGCTTTCTAAAAGCATGTTAGCCGTCGCTACAAAGCTTATAGGGGTGGTGATTATTTCATTGCAATCAGCGTTAAAATCGCTAAAATTCCTATAGAGCGTTAAAAGGGCTGAAGTCGCGCTGTTAAACACTAGTGCATGCTTAACGCCTAAAAACTCGCACAAAGCTTCTTCAAACAAAAGAGAGCGTTTGCCTTGCGTGAGCTGTTTGGAATTTAAAACCTCTAAAACAGCCTTTTTATCTTCTTCATCTAAACAAGGCTCGCTATAAGCAAACTCTTTCAAGCGAGCAAGTCTTGCAAGCGAGATGGGGTGATCTTGCTTGTGTCATGGACATCTTGGAATTTTTGAGCGTTCAGTCTTGTTTTATCTAAGGTGTTGTATTCCTTGTTTAAATGATTCGTTTCAGCGAGCTGTTTTTTCCACTGGTGCAAAGAATTTTGAATGTTTTCTTTCTCACTTTCTAATGATTTGGAAAATTTTTCCAAAGCCTTCGTGTCGTCAATATCAATATTGCTAGGGAGCTTCAAACTATCATTGCCTGATTTTTGATTGAAAGAATCAATCGCTTTATCCAAACGGCTTTTGAAATGCTCAAAATCGCTTCGATCTTTTTCATTATTATGAGCGTAAGCTTTAGAAATCCCCACCAATTCTTTAGCGTCTTTATCCATGCCTTTTAAGCTTTTAAGACGGCTTTCTAAATCCCCTATGGCTAGGTTATCCTGCTTGGCTTGTTTGGCTAATTTGATTTTTTCATCATTCTCTGAAAGATTTTGAATTTCCTTATTTTCTTCTTTTCTTGTGTGCGAACTAACCCTGTGGTAATCCCTTACCATCAAAGACGGGTTATAATGATTTGAAATCTTAGACATCCTATCCTCCACTTCATTGGTTTTTCTTAAAGACAAGATAAGCAAACTCTATTCCTAAAAACATTTTGATCCACTCAATTCTATCTAAAAATATTAATCTAACCCTAAAACCCTTTCTAACTCTTTGATGAGATTTGTAATTTCTTTCAATTCTTTAATATTGAGAGTGAGTTTATAATTGA
NZ_CP141771.1_gap16	424317	427862	3545	AACCCTTTCTTTTTGCAAGACAAAGCCTAATAAAATTTCAGACTCTAAGCCCCCCCTAAAACCTTTTTGCGATAATTCTTTTTTGGCTTTGTTTAGGGCTTGTGAAAGGGTCATTCAATTTCATAATCCAAAGCTTTCAAGCGCTCTAATAAGGGCGGGTGCGTGAAATGCAAGAAAACATAAAAAGGGTGCGAGTGGGGGAACGCTTTATTCTCGCTCACAATAGACACTAACGCTTTGGCTAAAACCTCTTTAGAGCTTAAACTCGCCCCAAATTTGTCCGCATTGTATTCATTCTTTCGGCTAAAAAATCCGATCAAAGGCATAGCGTAAAAAGAAAATACCGGCAAAAACAAGAGTAAAATCGCAATCAAACTCGCTGGCGTTTGGGAAACATTAAAGCCTTCAAAAACCAACGGTGGCAAATGAGCGATCAAAGCAAAAACAAGAGCGAGCAAGCCTCCCATAATCCCTAAACTTTTCAGTAAATCCTTATTTTTAAAATGCCCTAATTCATGCCCTAAAATGGCTAAAAGCCCTTCTGTCCCAACTTTAGAGATCAAAGTGTCAAACAACACCACCCGCTTGTTTTTACCCAAGCCCCCAAAATACGCATTCAAACGCCCGTCCCTCTTGCTAGCGTCCATCACAAAGATGCCTTGAGATTTAAAACCCACCTTATCCATCATGCTCTCAATTTGACTCTCCAAATCCCTATTATTCAAGGGGGTGAATTGGTTGAAAAGCTGAGCGATTTTAGGGTAAAAAAGATTAGCCAAGATCATAAAAACAAACACGACAAAAAACGAGCTAATCTCCCAATGTTCCACATGTTCAATGATCATAATGAGAATATAAATCAACAACAACCCCAAGCTTAAAGTGAGCAATAACCCTTTGAAAAAATCCTTAAAAAACAACGACAAGCTCACTTTAGAAAAGCCAAATTCCTTATCCAAATGCATGGTGGTGTAGTAGCTAATGGGTAAGGATAAAACGCTTTGAATCGCTAAAAACAACAAGGCAAACACCAAGTAGCCTAGCGTTTCAGAAAGGTTTAAATAATGCGTCAAATCTTCTAAATGCGTCAAACCAAAAAAGACCCAACCAGCAAAAATTATCCCGTCTAAAATTTGAGAAATAATGGATAATTGCATTTTCCTAATGGCATAATTTCCCGCTTCTTCATAATCCTTTTGTGGGAGTAAAACAGGCTTCTCGCAGAGCTTTTGACGGATAAATTTCAATTGCAAAATATCGCCCACAATGTAAGGAGTCGTAAAAAAGAGCAAATAAAAAATACAAATTATCATATCTATCCATATGTCAAGCATGTTCTAAACTCCTCTCTTAATTAAATTTGCCAATACCAATAAATAAAAGTGTAGGAATTATAACAATTTTTCAAAAATTTACCATAAAATTAAATAAATATGGTAAAAAAAAGGGCTGTTTTTGAGCGTTTTTATTCCAATCGTAAAAAGCTGTGTTATCCAACTTGCTATAAAGGTTTGTCATGCCCTATTCTTTTAAAAAGCGTTTTTTAATCATTTACGCCCTTTCTACCTTGCTTTTAGTGGGGGTTTTGTTAGCGTTATTCTTCTTTTATGCGAAAAATAACCTCTTAGAAAACACCCAAATACGCATGCAATACACCGCTGATGCGATCGCTAAAAGCCTTTTAGAATTGGATAATGCCTCTTCTTTAGAGCCTTTAAAAATCTTAGAAGAACGATTCAAAAACACCCCTTTTGTCTTATTAGATGCAGACAACAAAGTCAAGTTTTCTAATATCGGGGCGTTTGTGGCCTCTTTTAAAAATGACGCCATCAAAACCCCTTATTTTATGCTTAAAAAACAAGGCTTTTACCTCACAGACAGCACCCCAACTAACCGCTTAGGGGTTTCTAAAATCATTATTGCAGAAGAAGAAATTCAAAAAAATTTTATCCCCCTTTATAAAATGATAGGTTATGTGTTTTTGGGCGCGAGTTTGTTTGTCGCGCTAATAGCCATGTGGCTTTATAAGATCCAATCAAACTGAGTCAAAATTACTTTTCCACCAACACAGGCTTGTTTTTAAAACTTTTAGCCGCATTTTCAAGCTGTTTTAGGGCTTCTTCTTTCGTTTGATAAGGGCCGATAAAATAATGCGTAAGGGAGTCTTTTTTCTTTATTTGGTAAGGGAAAGTTTTGAGCGTTTGCAAAAAACCCTTACTGGGCGCGTTCAAAAAAACCCCAATTTGCAAGTAATACCCTTTAGGGATACTCGCATCTTTTAGGCTAGGTTTTATCAAGCTCTTTTTAGCCTCATCTTTAGGCGACTCTTTTGTTAGGGGCTTGGATTCATTTTGAATAAGCGCATGCTTATGGGCTTTTTTGATTTTTCTTTTCACCTTTTTGCTTTCTACATAAAAATCATATAAATCATGGATTCTTTGCTTCACATAAGCTTCATAGCAATTCTTATAAATCGGGCTATTTTTAATAGAAGCCTTGGGGCTTATTAGCATAACCAACGCCACGCATTCTTCATGGGCGACTTTGAGCCATTCTTCTTCGCTTTCTTCTAGGATTTCTTTAATTTTAGAGAACTCATACTGCGTGCCTTTCTCCATATTTTCTAACATTTCTATAAGTTCTTCATGGACTTGATTGAGCCTTAATTGGATAGGGGGTAAATTTTTGGGCGTATTTTGAACGCTTTTAGGATCGGCTTTTTTGTCCTCTAAACCAACAGCGATTCTTAAAAAGAGGAAAACCAACAACAGAGTCATTTTTAATATATTTTTTTGCATTTATCACTCCCATGTCAAGTTTTCTATCTTGTTGCTTTATGGTAATCAAAAATACCAAATACCGCCATAAGAATGGTTTAAAACATGGGGTTTTAGTTACTTTATTTTATGCTAAAGGTCATTACCTTAAGGGGATAGGGGTATTTTGCGATAATTAAAGAGCTTTGATATAATAACTTTCAAAAACCATGAAAGGCTTACTATGCAATCTTTAAGTTTGTTAAACCAATTGGGCGCTAAAATTGATGAATTGATTGAAAAAATCAAAAAACAAGAAGAAGAGTTGAACGCTTTACGCCAAGCAAACACCACACTGAATGCGCAAAATGAAGAAAAAGACATTCAAATCGCTATTTTATACGATGAATTGAGCGCTAAAGATAAGGGCATTCAAGGTCTTTATGACAAAATCTCTGATTTATTGTCATAAACCATTAAAAACATGCATTCAGAAAACGACAGCTTAGAAATCACTTATTTAGGCAAACGCTATAAAATCTCTCTCAATAACACCTTTAGCGATGAGATGAAACGCACCCTAAAGGAGCGTTTCCATAACCAAGAATTAAACGCCTTAGAGCTTTTAAAGGATTATTTGCATGAAAGTTGTCAAAACGAGTATTTGCATAATGAACTCAAAAAGCTTTTAGAAAAAATCTCATCATGTTCTATCACTTAATCGCTCCTTTAAAAAATAAAACCCCCCCTTTAACTTACTTTTCTAAGGAGCGGCACCAAAAAGGAGCG
NZ_CP141771.1_gap17	435308	437543	2235	GAATTTCAAATGTTTCCTCAAATTATCTCCGTATTTTTTGAATAACATTTCTAATTTGTTCAACCCGTCTTCCCCATCCACAGCTTCAGTGATGCTAAAACCCAATTTACTCAAATGGTTTTTTAAGGTTTTTCTTGCGGTCTTGCTATCGTCTAAAAACAACACTTCGCCTTCAAAACGCTCTTTAGGGGTATCTTTAGCGTTTTTAGCGTCTTCATTAAGCTTTAAATCGTCTAAAATGCTTTCTAAATCCAAAATGAGTAGGGTTTTGTCGTTTTCAATGCGGGTCGTACCGGTGATATTTTCTTTATTGATGCTATTAGATGCGCTAAAGGATGCAGGCTCCACATCTTTCCAACTAATGCGCCTGATACGCCTAGCCGAATGGACTAAAAAGCCCATTTTAACATTGTTAAATTCAGTGATAATGACGATTTTTTCGTTTTCCTTGCTTTTATCCGGGACAATCCCTATCCATTTAGCCAAGTCTATAAGCGGGATGATCGTGGAGCGCAAATCAAACACGCCGATAATGTAATCCAAATTCGTAGGGTATTCAAAAAGGGTGGGCATGGGGATGATTTCTTGGACTTTAGCCACATTGATGCCATAAATCCCCTCATAAGGGACGCCCTCTTGCATGCCATAAATACGAAAATCCACGAGTTCTATCTCACTCAATTTTAAATCGTTAGCTGTTTTTTCTGCCATGATTTAGGCGTCCTTATTTTGAGATGGTTCTAAAATGCTTGATGATACCTTAAAAAGGCTTTGTTCGTAATAAAAGGAAGGCAGTGGGCAATAAATAGGCGCATTCAAGGGGATTTTTGTGCCGCTTTTGAGATGAAAATGCCCCTCTATAATGCCGTCAATGCTACCAATGTTAAGATCTTTAATATAGTTTTGATAGGCTTTTAGGCGCTTTTCAATAAAAGATTGCAATTCTTTTGGCTCTAATTCCCAAAGGCGGACGGGTTTTTGATAGATGCATTTTTTCAAAAAAGGGTATAAGGTTTTAAAACTTAATAAATTTAAAAAACTTAAAAAAAATCTAGCCCAAGTGGAAGTGAGTTGCGTGATGTAAAATTCATACGCTTTAGTGGTGAATAAATCCCCATGGGCTAGTAAAAAGCGTTTGTTATCATGTTGGAATAATACGGGCTGGTTTTGGCGCTCAAAAACCACCACTTTAGAATTGAATACAAAACGCATGGAAAAATCATGGTTGCCTTCAAAATAAAAGACTTGTGAAATTTCGCTTAAAGCATGGATTAAACCAATGATTTTTTGCTGCTCTTTATCTAGGGGTAAATAACCCACAAGAACATGGAAAATATCGCCCATGAAAAAGACTTGTGGGGGTTTGGCGCGTAAAAGTTCTTTAAGCGTCTTGATTAAATGAGGGCTTTTAGGCAAAAAATGCGCATCAGAGATAAAAACAGCCCCACTTTTAAGCACATAAGATTCTAGCATCTTACTCTTTGAACAAAAAAGAGCCAATCCTCAAAAGATTCGCCCCGCAAGCAATCGCTAATTCAAAATCATCACTCATGCCCATTGAAAGAACGCTCGCATTCTTCAATCGGTCAAAAAGCTTTTTGGTGGTAATAAAGGATTTTTCAATTTTCTTTTCATCATCAGCATGAGCCCCTATACACATAAGCCCCTTAAGTTTGAGGCGCTTGCAAGTTTCACTGATTTGAGAATAAATTTCTAGCGTTTCTTCAGGCATTACCCCGCTTTTACTTTCCTCATACGCGCTATTAACCTGTAAAAGAGCGTTTAAATTGACGCCCAACATTTCGCAACGCTTTTCTATCTTCAAAGCGAGTTTTAAGGAGTCTAAAGAATGCAAAAGAGCGGGTTTTAAACTCAAAAGCGCATTGATTTTATTCTCTTGTAAAGAGCCTATCATGTGCCATTCAAGGGGTAAATGCTCTAAAGAGCGCATTTTAGTTTTTAAATCTTGAACTTTATTTTCTCCAAAAGCCCTTTGAGAGCAGTTGTAGTAATGTTGAATGGCTTCTAAGGAAGCGTTTTTTGAAACAGCCACGATTTTTACAATGTGGTGCCTTGAATAGGCGATGCGAGCCTTTTCTATTTTTGCGATGAGGGTATCAATCCTTTGGCTATAATCTGTCATAGCTCTTCTTTATAGATCTTCTTTATGCGTGCTGAAAGAATGCGTGAGGTGGAATTTTTGATTTAAGGTTTCAAAATCTTTTAAAAGCCCTT
NZ_CP141771.1_gap18	438873	440330	1457	TTTTAAGATGGGTAGATCCAACAAATTGACTTCTTTGTCTTGCTTGATAATGAGATCTTTAGGGCGAGTGGTTTTTTTGGGGAAAATGTGTCTTAAATCCCATAAATCTTTTAAGACTTTCAAACCCTCAGTGAAATTTTTAGGAGCGTTAAAGCGCAAGAACGCTTGCATGCGTTGTTGCAGACTTTCTATAGGGGTTTTTAATAAAAGCTCCAAGCGTTTGAAAGAGCCAAAAGCGTTCATTAAAACAGGCATATCAAAGGTTTTGATTTGGTTATGTTCTTTTCTTATGGGCTGCGTGAATAAAAGGGCTTTGCCCCCATTAGGCTTTTTCGCTTCTATATAGGCCAGATGAGCGATTTCTAAATCCACTTCAAGGGGGGTGTCAATGACTTCTAATTCATCATGCTTTTTTAAAAGCTTTAAAAAATCTCGCATCCAACTACCTTAAATAACCACATAATGAACGCTTAAGCACGCAGGAATATTTTTAAGCTCTTCTAAAACTTCCAAAGAAACTTCTTCATCTACAATAATGAGCGCTAGGGCTTCTTTTTGCGTGTTACGCCCCAAACGAAAATCAGCGATGTTAATGCCATGCCTAGCGAACGCATTCCCCACACTCCCAATAACGCCTGGAATATCCGTATTCCTGAATAAAAGCATTTTACCCTTTGGCTCTATATCAATATGAAACCCATCAATCTCAGTGAGTTTTAAAATATATTCTTCAAACACCGTGCCGCTCACGCTGATTGAACCATTAGCCGCATTTAGAGTTAAAGAGAGCATGTTTTTATAGGGCGAAGCGCTTTCTTTAAGACTAACCTTAATCTCAATGCCTCTTTCTTTGGCCACAAAGGGGGCGTTAATGTAATTGATTTTATCCCCTACAACAGGTTTTAACACCCCCACTAGCGCAAAGGCTACAAGGGCGTCTTTGAATTGGTTGATCTCCCCACAAAGACTAAGCTCAATTTTTTGGCACACGCCCTTATGGATTTGACTGGAAAAATAACCCAATTTTTGTGCTAAATTCAAGTAGGCTTTCGCGCTTGCATCAAAAGCTTGCATGGGTAAATTTAAAGCATGCGGGTGGCTTGAACCCCTTAAAGATTCCATAACCCCTTGAGCGGCTTGTTTGGAAATTTCTTCTTGGGATTCTAAAGTGTTCGCGCCAATATGGGGGGTCGCATAAACATTGGGCAAGTCTAAGAGCTTGTTATGAATGCCAGGCTCTTTAGAAAAGACATCAATGCCAAGCCAACGCACTTTTTTGGTTTCTAAAGCTTCATAAAGAGCGTCTTCATTATAAAGCCCACCCCTAGCGCAATTGATCAAAATAACCCCTTTTTTCATGCGTTCGATCTCTTTAGCGCCTATCATGTTAATGGTTTCTTTATTTTTAGGGGTGTGGATAGTGATCATATCGCATTGCAAAATGTCTTCAAAATTTT
NZ_CP141771.1_gap19	458258	460148	1890	GTTTAGCGATTATGAATTGCGTTTGAACACTTATACCGAAGTCTTGCGTTACATTAAAAACCACCCTAAAGAAGTGCTTCCTAAAAACCTGGCCATGGAAGTGAATATGGATTTTGTGTTAAACAAAATCAGTAAGGTCTTGCCCTTCACAGCCCATAGCTTGCAAGTGAGTAAGATTGCACTTGCTTTGACGATTTTAGCCTTATTGCTAGGTTTAAGGAAGTTGATCACTTGGCTTTTAGCTTTATTGCTGGATTGGATTTTTGAAATCATGCAACGCAATAAAAAAATGCATGTCAATGTGCAAAAAAGCATTGTTTCGCCGGTTTCTGTCTTTTTAGCCCTGTTTAGTTGCGATATAGCTTTAGATATTTTCTACTACCCTAACGCATCGCCCCCTAAAGTTTCTATGTGGGTGGGCGCGGTGTATATCATGCTTTTAGCATGGTTAGTGATAGCGCTTTTTAAAGGCTATGGGGAAGCGTTAGTTACGAATATGGCTACCAAAAGCACGCACAATTTTAGAAAAGAAGTGATCAACTTGATTTTAAAAGTCGTGTATTTTTTGATCTTTATTGTCGCGCTTTTAGGGGTTTTGAAACAACTAGGGTTTAATGTTTCAGCCATCATCGCTTCTTTAGGGATTGGGGGGTTAGCGGTGGCTTTGGCGGTTAAAGATGTGTTGGCGAATTTTTTTGCTTCTGTCATTTTATTATTAGACAATTCGTTTTCTCAAGGGGATTGGATTGTGTGCGGTGAAGTGGAGGGAACGGTGGTGGAAATGGGGTTAAGACGCACCACGATCAGAGCCTTTGATAACGCTCTTTTGTCTGTGCCTAATTCAGAATTAGCCGGAAAACCCATTAGGAATTGGAGCCGCCGTAAAGTGGGAAGGCGTATTAAAATGGAAATAGGCTTAACTTATAGCTCCAGTCAAAGTGCTTTACAGCTTTGCGTGAAAGACATTAAAGAAATGTTAGAAAACCACCCTAAAATCGCTAATGGAGCCGATAGCGCTTTACAAAATGTGAGCGATTACCGCTACATGTTTAAAAAAGATATTGTTTCTATTGATGATTTTTTAGGGTATAAAAACAATTTGTTTGTCTTTTTAGATCAGTTTGCGGACAGCTCTATCAATATTTTAGTGTATTGCTTTTCTAAAACAGTGGTTTGGGAAGAGTGGCTAGAAGTCAAAGAAGATGTGATGTTAAAAATCATGGGGATTGTAGAAAAGCACCATTTGAGTTTTGCTTTCCCATCACAGAGCTTGTATGTGGAGAGTTTGCCAGAAGTTAGCCTAAAAGAAAGGGCTAAAATCTAAAATTATTGGTAGATGTATTCTTTGGTTAAGGGGAAAGTGTTATCCACGCTGTTGGTTAAAAGCAATTGGAATAAATCCGCACTCCCCACCCTAAAGGCGGACGCACAAGTCCTTAAATACAGATCCCACATGCGGATAAAGCGTTCGTCATAGCCGAGTCTTTTCACTTGGTCTAGATTGTGGTTGAAGTTGTCTCGCCAAATGTCTAAAGTCTTAGCGTAATGGATGCGTAAGCTTTCAGCCATGAGCAAGTGGAAATCGCATTCGCTCATCACGCTCATCACTTCTCTTAAAGAGGGCAAGTAGCCGCCTGGAAAGATGTATTTATCCACCCATGCGTTAGTCTTGCCTTCAAAACAGCATAAAATGGAGTGGAGCAAAAACATCCCACTTCTCTTTAACACTTCTTTAACTTTTTTGAAATAAAAGGGCAAATTATCCTTACCCACATGCTCAAACATGCCCACGCTCACCACCTTATCAAAGCGGTACAAACGCCCGTCTAAATCCTGGTAATTCAATAATTTGATCGTTACTTTATCCTCTAACCCTAGCTCTTGGACTCG
NZ_CP141771.1_gap20	525793	530302	4509	TCGCCCACTCAAGTTAAAATCATTTTAAAACTCCCTGGCTCTAGCCCTGAAGAAATGGAAAACAACATCGTGCGCCCTTTAGAATTGGAGCTTTTAGGGCTAAAAGGGCAAAAATCTTTAAGAAGTGTTTCAAAATATTCTATTTCAGACATCACGATAGATTTTGATGACAGCGTGGATATTTATTTAGCGAGAAACATTGTTAATGAACGCTTGAGCAGCGTGATGAAAGATTTACCCGTAGGAGTTGAAGGGGGCATGGCGCCCATTGTTACGCCGTTGTCAGACATCTTTATGTTCACTATTGATGGCAATATCACCGAGATAGAAAAACGACAGCTTTTAGACTTTGTGATCCGTCCGCAATTAAGAATGATTAGCGGTGTGGCGGATGTCAATTCCATTGGAGGCTTTAGCAGAGCATTTGTGATTGTGCCGGATTTTAATGACATGGCAAGGCTTGGGGTGAGTATTTCTGATTTAGAAGAGGCCTTAAGAGTGAATTTAAGAAACAGCGGAGCGGGGCGCGTGGATAGGGATGGCGAAACCTTTTTAGTCAAAATCCAAACCGCTTCTTTGAGTTTAGAAGACATTGGCAAAATCACCGTTTCCACTAATTTAGGGCATTTGCACATTAAGGATTTTGCAAAAGTCATCAGCCAGTCTCGCACCCGTTTGGGGTTTGTTACTAAAGATGGCGTGGGTGAGACCACAGAGGGCTTGGTGCTTTCTTTAAAAGACGCTAACACCAAAGAAATCATCACTCAAGTGTATCAAAAACTAGAAGAATTAAAACCCTTTTTGCCGAGTGGTGTGTCCATTAATGTTTTTTATGATCGCTCAGAATTCACGCAAAAAGCCATTGCCACCGTTTCTAAAACGCTCATTGAAGCCGTTGTTTTAATCATCATCACGCTCTTTTTATTTTTAGGGAATTTGAGGGCGAGCGTGGCTGTGGGGGTGATTTTACCCTTAAGCTTGTCCGTGGCGTTTATTTTTATCAAACTGAGCGATTTGACTTTAAACTTGATGAGTTTAGGGGGGTTGGTTATCGCTATAGGCATGCTCATTGACTCAGCCGTAGTGGTGGTGGAAAACGCTTTTGAAAAATTGAGCGCTAACACTAAGACCACTAAACTCCATGCGATCTATCGTTCATGCAAAGAAATCGCTGTTTCGGTGGTGAGCGGGGTGGTGATCATTATTGTGTTTTTTGTGCCGATTCTAACCTTACAGGGGTTAGAGGGCAAGATGTTTAGGCCTTTAGCGCAAAGCATTGTGTATGCGCTTTTAGGCACTTTAGTTTTATCCATCACTATCATTCCTGTAGTGAGCTCTCTTGTCTTAAAAGCCACGCCCCATAGCGAAACCTTTTTAACGAGGTTTTTAAACAGAATCTACGCCCCTTTATTGGAATTTTTTGTGCGTAACCCTAAAAAAGTGATTTTAGGAGCGTTTGTTTTTTTAATCGCAAGCCTTTCTTTATTCCCTTTTGTGGGGAAGAATTTCATGCCCGCTTTAGATGAGGGCGATGTGGTTTTGAGCGTGGAAACCACCCCTTCTATTTCTTTAGATCAATCTAGGGATCTCATGTTAAACATTGAGAGCGCGATTAAAAAGCATGTTAAAGAAGTTAAAAGCATTGTCGCGCGCACAGGGAGCGATGAATTGGGGCTGGATTTAGGGGGCTTGAATCAAACCGATACTTTTATTTCTTTCATCCCTAAAAAAGAATGGAGCGTTAAAACCAAAGATGAATTATTAGAAAAAATCACAGATTCTTTAAAAGACTTTAAGGGGATTAACTTTTCTTTCACCCAACCCATTGAAATGAGGATTTCTGAAATGCTTACAGGGGTTAGGGGGGATTTAGCGGTTAAGATTTTTGGAGATGATATTAGCGAATTGAACAAATTGAGTTTCCAAATCGCGCAGGCTCTAAAAGGGATTAAAGGATCTAGTGAAGTTTTAACCACGCTCAATGAGGGCGTGAATTATTTGTATGTAACCCCTAATAAAGAAGCGATGGCGGATGTGGGGATCACTAGCGATGAATTTTCCAAGTTTTTAAAATCCGCTTTAGAGGGCTTGATTGTGGATGTGATCCCTACAGGGATTTCACGAACCCCAGTAATGATCCGCCAAGAGAGCGATTTTGCAAGCTCTATCACTAAAATCAAAAGTTTAGCCTTGACTTCAAAATATGGCGTTTTAGTGCCTATCACTTCTATCGCCAAAATTGAAGAAGTGGATGGCCCTGTTTCTGTTGTGCGTGAAAATTCAATGCGCATGAGCGTGGTTCGCAGCAATGTGGTGGGGCGCGATTTGAACTCTTTTGTAGAAGAGGCTAAAAAAGTGATCACTCAAAACATCAAACTCCCTCCTAGCTACTATATCACTTATGGGGGGCAGTTTGAAAACCAGCAACGGGCCAACAAAAGGCTTTCTACCGTTATCCCTTTAAGCATCTTAGCGATTTTTTTCATTCTTTTTTTCACTTTTAAAAGCATTCCTTTAGCCTTACTCATTCTTTTGAATATCCCTTTTGCGGTTACCGGAGGCCTTATTGCGTTGTTTGTAGTCGGGGAGTATATTTCCGTGCCAGCGAGCGTGGGCTTTATCGCTCTTTTTGGGATTGCGGTTTTAAATGGCGTGGTGATGATAGGTTATTTTAAAGAGCTTTTATTGCAAGGAAAAAGCGTAGAAGAATGCGTTTTATTGGGCGCTAAAAGGCGTTTGAGGCCGGTTTTAATGACCGCTTGCATCGCCGGTTTGGGTTTGATACCTTTATTATTTTCTCATAGCGTGGGATCAGAAGTCCAAAAACCTTTAGCGATCGTGGTGCTTGGAGGTTTAGTCACCTCAAGCGCTCTAACCTTACTCTTACTACCGCCCATGTTCATGCTCATCGCTAAAAAGATTAAAATCAATTAAGGGATTTCGCATGCTAGCTTTAGAAATTTATATTGATATTTGCTTGAAAGACGCTTTAATAGATTATTTGTTTGAAAAAGGTTTTGATGATTTTTTTTATGTGGAATGCTATAAATACGCCACTTCTTCGTTGCTTTTAAGCCAAAAAGAGCAGGTGAGCGGGCGCAAGGATTACGCTAAATTCAAGCTTTTTTTAAGCGATGAGATCGCTTTATCTCTAGCTCAAGCTTTAAAAAATCAGTTCGCTTCTAAAGAAATGAAATTGTTTTATTCGCAAACGCATGGGTTGTAAAACGCATGCGCTTATCAAACGGATTTCAGTAAAATATGCTATAACACAAACCAATAAAGGAGTGAAGATGTATGCCGTAACCTTTGATCTTGACGCCAATTGCTTGAACGAGAACGCAGTGAATCTCTCAAAAGTTTATTCGGATATTCGTAAATTCATGGAGCAACACGGCTTTAAATGGCAACAGGGTAGCGTGTATTTTGGCGATGAGACCATCAACGCCGTTACTTGCGTCGCTACGGTGCAAATTTTAGCCAAGCAAATACCAAGCTTTGCGATCTGTGTTAAAGATGTGAGGATGCTAAAAATAGAAGAAAATAACGATCTGATGCCAGCTATCAAAATTGTTTTGTGAAATTGAGTATAATAAGAGTCGCATAAATTGTATTAGCAATTTGTAATGATTGTTATTCTTAAAAATTAGCCTTCTCTCTCTCTCTCTCTCTTTCTCTCTCTAATCAGCCGCTTTATCTTTTCACCCCCCATATAAACCCACACCCATATAAATCTTATAAACCTTTTTTGGGGATTTTTTGGGGATTTTTGCGTCTTGTTTGGATTTTAGTTTTTAATTTTTAATTTTAAAGGATTGATGATGATTTTACACGCACAGACGAATTTTGTGAAGTTTTTAGAACAGGTTTTAGGAGTTTTAAAAGAAGTAGAGATCGATAAAACAGAATGTTCCATTCTTTTAGAAAGCATTCAAAAACAACAGCTTGTGATACCCGTTGTGGGGAATTTTAGTGCAGGGAAAAGCACGCTATTGAACCGCGTGATCAACTTGTTTAAAGAAAGCATTGATAAAGTTTTTGATCGTGTGAGCGCTTTTACTTGGGAAAAATACAAAGAAGAAAACGACGATGAAGAGAACAATACAAAGAAGAGAACGACGATGAAGAGAACGATGAAGAAAACTACCAGGAGTTTGAAGAGATCAAGGAAGAAACAAACCACCGAGAGCGAGAGTTTGAGAGGTAAATTATTTTAATGAATTGCTCCAATCAGAGTTTTCTATGAAAAACTTACTAACGCTCAGGCAATTCAAAGACACATATAGGGAATGGTATTCAAAATTAAGGCAATTGAATGAAGCTAAAGAGGTTGTCTCAGAACTTAGAGATTATTGGCTTCAAGAACTACCCCCTTCAGCAAAAGACTTGATAAGCTATTGCAGCACTTTGCTCAAATTAGATTACTCTTTAGAAAACTTGCAAAAGCTCCGACGATTTAAAGACAATTTTAAGAAAGATTACCAAAAATGTAAAAGATCAAGATAGCCC
NZ_CP141771.1_gap21	700199	700752	553	TAACGCTTGCATGGTTTTATTCCTTTAGGATATTTTTTATATTGCTAAAAACAGCCTGGAAATGATAGCGCATTATGTTTAATTGCGACAAAATCATTATTATTACAAGAAATAACGATCAAAAACACTCATGCCCAAAACACTCATGCCAATATAACGCACCGCGCCTTTATAAAAAATTTCATCATTTTTTAAAGAAAGTTCTAAAGATTCGTTGCTTTTAGGGATGAGAGCGGCTTTTTTAGGCGTGTTATAAAAAATGTGCGCGGCGATAAAAACCGCCGCCATGCCCGTCCCGCAAGCTAGTGTGAAATCTTCAACCCCTCTTTCATAAGTTTGTAAAAAAATCGTCTCTTTATTTTCTATAAAAGCGATGTTAATATTAGCGTTAAATTCATGCCTTAAAGCCCTTAATTCCAGCGTGTTAAGGGAATTTAATAGCCCTTTATTTTTCACAAATCCCACTAAATGCGGCACTCCTGTATCTATGAGGTAGAAAGTGGGGATATTTTCTAAAACGCTGTTATTGGTAAAAAATTTTTCGCATCTTAAA
NZ_CP141771.1_gap22	800820	804365	3545	TTTGTATAATTTTATACAGAAATTTTAATAATCTTTAGCGTTTTTAAGAATGATTAGTTATAATAACGCTACTAACAACACTCAAGCTAAAATCTATTAAGGAAATCAGTATTAAAAAATTAATTCTATCTTCTCTTGTTTTCGCATGTATCAATACCAGCGTTGAGGCTTTAGAAAATGACGGCTCTAAACCAAACGATTTGACTCCACCAAAAGAAGCCTCTCAAGAATCTCAAAAAAATGAGACTCAAAAAGAAACCACTCAATCAAGTCAAACACCTAAAGAAATGAAAGTCAAGTCCGTTTCCTATATTGGGCTTTCTTACATGTCTGACATGCTCGCTAATGAAATTGTAAAGATTCGTGTGGGCGATATTGTGGATTCTAAAAAAATAGACACCGCTGTTTTGGCTTTGTTCAATCAAGGGTATTTTAAAGATGTTTATGCCACTTTTGAAGGTGGCATATTAGAGTTTCATTTTGATGAAAAAGCTAGAATTGCCGGGGTAGAAATCAAGGGTTATGGGACTGAAAAGGAAAAAGACGGCTTAAAATCCCAAATGGGGATCAAAAAGGGCGACACCTTTGATGAGCAAAAATTAGAGCATGCTAAAACGGCTTTAAAAACCGCTTTAGAGGGGCAGGGCTATTATGGGAGCGTGGTGGAGGTGCGCACCCAAAAGGTCAGTGAGGGTGCATTATTAATCGTGTTTGATGTGAATAGGGGGGATAGTATTTATATCAAACAATCCATTTATGAGGGAAGCGCGAAATTAAAACGCCGCATGATTGAATCTTTGAGCGCGAACAAGCAACGAGATTTCATGGGCTGGATGTGGGGCTTGAATGATGGGAAATTGCGTTTAGATCAATTAGAATACGATTCTCTGCGTATCCAAGATGTGTATATGCGTAGGGGTTACTTAGACGCTCATATTTCTTCGCCTTTTTTGAAAACGGATTTTTCTACCCATGACGCTAAGCTTCATTATAAAGTCAAAGAAGGGATCCAATACAGGATTTCAGACATTTTAATAGAGATTGACAACCCGGTAGTCCCCTTAAAAACATTAGAAAAAGCGCTTAAAGTTAAAAGAAAAGATGTCTTTAATATTGAGCATTTAAGAGCAGATGCGCAAATTTTAAAAACCGAAATCGCCGATAAGGGTTATGCGTTTGCGGTGGTGAAGCCAGACTTGGATAAAGATGAAAAAAACGGGCTTGTGAAAGTCATTTATCGTATTGAAGTGGGCGATATGGTGTATATCAATGATGTCATCATTTCAGGGAATCAGCGCACAAGCGATAGGATCATCAGAAGGGAGTTGTTGTTAGGGCCTAAGGATAAATACAACTTGACTAAACTGAGAAATTCCGAAAATTCTTTAAGGCGTTTAGGATTCTTTTCTAAAGTCAAAATTGAAGAAAAAAGGGTGAATAGCTCGCTTATGGATTTGTTAGTGAGCGTAGAAGAGGGGCGCACCGGGCAGTTGCAATTTGGGTTAGGCTATGGCTCTTATGGAGGGCTTATGCTTAATGGGAGCGTGAGCGAAAGAAACCTTTTTGGCACAGGACAAAGCATGAGCTTGTATGCTAACATTGCTACAGGGGGGGGCAGATCTTATCCGGGCATGCCAAGAGGAGCGGGGCGTATGTTTGCTGGGAATTTGAGCTTGACTAATCCAAGGATTTTTGACAGCTGGTATAGCTCTACGATCAATCTTTATGCGGATTATAGGATAAGCTACCAATACGTCCAACAAGGCGGGGGCTTTGGGGTGAATGTCGGGCGCATGCTGGGTAACAGAACTCATGTGAGCTTAGGGTATAACTTGAATGTTACCAAACTCCTTGGTTTCAGCAGCCCTTTATACAACCGCTACTATTCCTCTGTTAATGAAGTGGTCGCTCCAAGGCAATGCTCTACCCCCGCATCGGTGATTATCAATCGCTTATCAGGCGGTAGAACTCCCTTACAACCTGAAAATTGTTCTAACCCTGGAGCGATCACCACTTCACCAGAAATAAAAGGTATTTGGGATAGAGATTACCATACGCCTATTACTAGCTCTTTCACCCTTGATGTGAGCTATGACAACACCGATGATTATTATTTCCCTAGAAATGGGGTTATCTTTAGCTCCTATGCGACGATGTCTGGATTGCCAAGCTCTGGCACGCTCAATTCGTGGAACGGGTTAGGCGGGAATGTCCGTAACACTAAAGTCTATGGTAAATTCGCCGCTTACCACCATTTGCAAAAATATTTATTGATAGATTTGATCGCTCGCTTTAAAACGCAAGGAGGCTATATCTTTAGGTATAACACCGATGATTACTTGCCCTTAAACTCCACCTTCTACATGGGGGGCGTAACCACGGTGAGAGGCTTTAGGAACGGATCGGTTACGCCTAAAGATGAGTTTGGCTTGTGGCTTGGAGGCGATGGGATCTTCACCGCTTCTACAGAATTGAGCTATGGGGTGTTAAAAGCGGCTAAAATGCGTTTAGCTTGGTTTTTTGACTTTGGTTTCTTGACCTTTAAAACCCCAACTAGGGGGAGCTTCTTCTATAATGCTCCCGTCACAACAGCGAATTTTAAAGATTATGGCGTTATAGGGGCTGGGTTTGAAAGAGCGACTTGGAGGGCTTCTACAGGCTTGCAGATTGAATGGATTTCACCCATGGGGCCTTTGGTGTTGATTTTCCCTATAGCGTTTTTCAACCAATGGGGTGATGGCAATGGCAAGAAATGTAAAGGGCTATGCTTCAACCCTAACATGGGCGATTACACGCAACACTTTGAATTTTCTATGGGAACAAGGTTTTAAAATGCGCATTAACAGAAAAGAAATTTTAGATTTAATGAAAAACGCGCCCTTGAAAGAATTAGGGCAAAAGGCTTTAGAAATCAAGCAGCGCTTGCACCCTGAAAACTTGACGACTTTTATTGTGGATAGGAATATCAATTACACCAATATTTGTTTTGTGGATTGCAAGTTTTGCGCGTTCAAACGCACCTTAAAAGAAAAAGACGCCTATGTGTTGAGCTATGAAGAAATTGATCAAAAGATTGAAGAATTGCTCGCTATTGGTGGCACGCAGATCCTTTTTCAAGGGGGGGTGCACCCGCAGCTAAAGATTGATTATTATGAAAATTTAGTCAGCCATATCGCTCAAAAATTCCCCACCATCACCATTCATGGTTTTAGCGCGGTTGAAATTGATTATATTTCTAAAATCTCTAAATTGTCTTTAAAAGAAGTTTTAGAAAGGTTGAAAAACGCCGGTTTAAGCTCCATTCCAGGAGCGGGAGCAGAAATATTAAGCGATAGGGTGCGCGATGTGATCGCTCCTAAAAAATTGAGCAGTGATCGCTGGATTGAAGTGCATAGAATGGCGCATCTTTGCGGGATTAAAAGCACGGCTACCATGATGTTTGGGAGCGTGGATAATGAAGAAGATGTGGTGGAGCATTTACAAAGGGTGCGCGATTTGCAAGATGAAACCGGTGGCTTTAGGGCTTTTATTTTATGGAGTTTTCA
NZ_CP141771.1_gap23	818196	819467	1271	ACTTTTAGAAGGAAAAATGTTGTATGAAAAAGTTTGTAGTGTTTAAAACGCTCTGTTTATCGGTAGTGTTAGGTAATAGTCTTTTGGCAGCAGAAGGTAGCACAGAAGTGCAAAAACAATTGGAAAAGCCAAAAGAGTATAAAGCAGTGAAAGGCGAGAAAAACGCTTGGTATTTGGGGATTAGCTATCAAGTCGGTCAGGCTTCGCAAAGCGTTAAAAACCCCCCCAAAAGCAGTGAATTTAACTATCCTAAGTTCCCTGTGGGTAAAACCGACTATCTAGCTGTTATGCAAGGCTTAGGACTTACTGTGGGTTATAAGCAGTTTTTCGGTCAAAAGAGATGGTTTGGTGCACGCTATTACGGCTTCATGGATTATGGGCATGCCGTGTTTGGAGCGAACGCTTTGACATCAGATAATGGTGGGGCATGCAAGCTCAATGAACCATGCGCGACCAAAGTAGGGACAATGGGCAATCTGTCTGACATGTTCACTTATGGTGTGGGTATTGACACTTTATACAATGTCATTAATAAAGAGGATGCGAGTTTTGGATTCTTTTTGGGAGTTCAAATTGCGGGTAACTCTTGGGGTAATACGACAGGGGCTTTTTTGGAAACCAAAAGCCCTTATAAGCACACCTCCTATAGCCTTGATCCGGCGATTTTCCAATTCCTTTTTAATTTAGGGATCCGCACCCATATTGGCCAGCATCAAGAATTTGACTTTGGCGTGAAGATTCCTACTATCAATGTTTATTATTTTAACCATGGGAATTTGAGCTTCACTTACCGCCGTCAATACAGCCTTTATGTGGGGTATCGTTACAATTTCTGATTTAAAACGCTTGTTTTTCTCTAATTGAATTTTCAATTAGAGTTTTCTCACACAATCTCTTGCTTTCTTTTGAAACATTTTTGAAAGTTTTTTGAAAATTAGAATTAAAATCTTTTTGATCATGTTATGATAGTTCAAAAAATTAACAAGGATTAAGCATGTTATATTCCTCTAAAATCCAATCCCTTTCAGAATCCGCAACGATCGCTATCAGCACACTCGCTAAAGAGTTGAAATCGCAAGGAAAAGACATTTTAAGTTTTTCAGCGGGCGAGCCTGATTTTGACACCCCGCAAGCGATTAAAGATGCGGCTATAAAAGCCCTAAATGACGGCTTTACCAAATACACTCCAGTGGCCGGGATTCCGGAATTATTAAAAGCGATCGCTCATAAATTGAAAAAAGAAAACAACTTGGATTATGAACCGAGTGAAA
NZ_CP141771.1_gap24	820681	822905	2224	TTAGGCACAGTCAAAGACACTTTCGGTGATTTATTGCAACTTCTTACAAATTTAAAGAATAAGGAAATTGAATTTAATTTTCATAAAAAAATTAATTACGGATTGCCTTTTGGGATTATCTTTATCGCTGGTAATTCTGACAACCCTATTGATATTGACGATAAAACCAAAAAAATAGAATCATGTTTTCGTGCTGATGAGAGTAACTGGTTTATTGACTACCCAATTACAATTGAGGACTATTTAATTTTAGATAATCTAAAAAGCTGTTTTGTATTCCAAAACGAGCCAAATGTAACACTATTTGATAACGACGATAACGATAGACCATTCAATTTAAAGCAATACTTGTTAGGATTGAAAGAAAAGTTAGGGTTTGAGCCAATGGGTATTTTCTATTGTGAAAACGCAAACACACACAAAATTGAATTGATTGGTAATGATTCTGATTTCAGAGAGATATTGCTTGAATTTTCAGAGAATATACCAAAAGCCCCTAATGAACTACCACAATTTCTTACAAACTTTAAAAATTCAAAAATCCCCAATGAAAAAATTTCATTTTCGCCACCAAAAAATTATCCATCAATTTTTTATATATTTGATCGCTATTTTTGGCATGGTTATTCTAAAATTCCACAGGAAAAAAGGATAGCCAATTAAAAGTATATTATTACTGAATAATAATTTAAAATCCCATGTTTCTGAAGGAAAATTGTTGCCAAATAATAATTTAAAATGTTATATCTCTGAAGGCTCCTTATATCATTGATCTGTACTTAATAGATGACTAAACCTAAATGAAGCACCCCCTAGAAGAATTAAAAGACCCTATAGAAAATCTTTTACTATGGATTGGGCGTTTTTTGCGTTACAAATGCACAAGCTTGTCTAATTCCCAAGTGAAAGACCAAAATAAGGTTTTTGAATGCTTGAACGAACTAAATCAAGCATGCAGTGCAAGCCACTTGGAAAAGATCTGCAAAAAAGCGCGTAACGCCGGATTACTCGGGATCAACACCTACGCATTGCCCCTACTCAAATTTTATGAATACACCAAAAAGATTTCTTTAAAATCGCTCAAAAGCATTGATGAAGTGCTGCTCGCTGAATTTTTGAGCGTTTATACCGGGGGTTTGAGTTTAGCCACTAAGAAAAATTACAGGATCGCCCTGCTCGGGCTTTTTAGCTATATAGACAAGCAAAATCAAGATGAAAATGAAAAATCTTATATTTATAATATCACGCTTAAAAATATCAGCGGAGTCAATCAAAACGCGGGCAACAAGCTCCCTACTCATTTAAATAATGAGGAATTAGAAAAATTTTTAGAGGGCATTGATAAAATAGAAATGTCTGCTAAAGTGCGTGCCAGAAACCGCTTGCTCATTAAAATCATCGTTTTTACAGGCATGCGATCTAATGAAGCCTTACAGCTTAAAATAAAGGATTTTACTTTAGAAAATGGCTGTTATACGATTTTGATTAAAGGTAAGGGCGATAAATACAGGGCGGTGATGCTCAAAGCTTTCCACATTGAGAGCCTTTTAAAAGAATGGCTCATGGAAAGGGAATTATATCCCGTTAAAAATGATTTGTTGTTTTGCAATCAAAAAGGCAGCGCTTTAACGCAAGCGTATTTGTATAAGCAAGTGGAGCGCATCATCAATTTTGCGGGTCTGAGAAGGGAAAAAAACGGGGCACACATGTTAAGGCATTCTTTTGCGACCTTGCTTTATCAAAAACGCCATGATTTGATTTTAGTTCAAGAAGCTCTAGGGCATGCGAGCTTGAATACCAGCAGGATTTACACGCATTTTGACAAGCAGCGTTTAGAAGAAGCGGCGAGCATTTGGGAAGAAGATTAATAACCAAAACCCCATTTTTTAAGAAATTAAAAAGTTTTTAGCTTGCTGGTTTAAAATTTTGCTTTCAAATTCTAACAGCCACTTTTTGACTTCTATGCCCCCATTATACCCCCCTAAAGCACCATTTTTACGCACCACTCTATGACAAGGCACGATCAAAGAAATAGGGTTATTGCGATTAGCGTTGCCAATAGCTCTGCAAGATCTAGGGTTATTAATGAGTTTTGCGATTTCATCATAACTTTTTGTCTTGCCATAGGGGATAGTCATTAATGCAGACCAAACTTGTTTTTGAAAAAAAGTCCCTATCAAATCTAAAGGCATATTAAATTCAAAAAGTTGCCCCAAGAAATAAC
NZ_CP141771.1_gap25	834238	835511	1273	AATGTTCATTTTTACAACAAGGTGTAATTTATAATAACCATTATTAGTTTTAGCTTAAATTTTGAGACAATTATTATTTAAATTAAATTAATAGCTTTTTTTTATCAAAAATGCCGATTAATGCGAATGTTTATAGAAAAGATTGGGAGAAAAATAAAAATAAAAATTTTTTAATATTTCTAATGGGGGAATTTTAAACCAATAAAAGGTTTTTAAACTATGGCTAACCCTTAAACCAAAATTTGAGTTGCATAAAAAGCTATCAAGGAAAACGCATACGCTACAACGGTTGTGAAGATGAATAAATACACTACAAACTTGATTCCCCCAGCTTCCCTACCAAAAGTAATGGTCGCTGCAAAACAAGGGATATAAAACATCACAAACACGATAAAAGCGATCCCGCTAGGCACGCTGACTTCTTTTCTTAAAATCTCTCTAAAAGCGTCAGATTTTTCATTTTGATCCTCTAAAGAAAACAACACCCCCAAAGTAGAAACCACCACCTCTTTAGCCATAAATCCGGTTACAAGCGAGACGCTCAAACGCCAATCAAAATCCATAGGGCTAAAGACTTTTTCCAAATACGCCCCGCCTCTTCCTACAACGCTATTTTTTAAATTCTTTTGATCCAATTTGGCTTTTAATTCTTTTAATTTTTCTTCTTTAGCTTCGCTTGAAAGAGTGGTGTCTTTATCCACTAACAAGCTTTCTTGTTTATAAGTTTTCATAGCCGCATCGCTTTTAGGGTATTGAGACATAAACCAGATTAAAATCGCTCCCACTAAAATATAAGTCCCGGCCTTTTTAAGGTAAGAAAGCGATTTGGTATAGATACTGAAATAAATCATTCTAGAACTTGGCAAGCGGTATTTGGGCATTTCCATGATAAAGGATTCAGTCTGTCCTTTAAACACGCTCAATTTGAGTAATTTGGCCATCACTAACGCCACAACCGCCCCCAAAATATAAATACAAAACAGCACAAACCCCGCGCTTGAAGAAGGGAAAAACGAGCCTACAAACAGCACATAAATAGGGAGCCTTGCCGAGCAGCTCATAAAGCCTATCACAAAAAGCGTGATCAATCGTTCGTTATAGTTTTGTAAGGTTCTTGTCGCCATGTAAGCGGGCACAGAGCAACCAAAACCAGTGATTAAAGGGATAAAACTCTTCCCATGCAAGCCAAACTTATGCAAGATCCCATCTAATAGAAACGCTACCCTACTCATATAGCCTGTCGTTTCTAGTAAAGAAATCCCAAAATACAACA
NZ_CP141771.1_gap26	855050	857628	2578	CTAAAAACCACTTCACCCCCATGCCTTCCAGCCTTTGGCCCAATATCCACAACAAAATCCGCATGCTTAATCGTCTCTTTATCATGCTCTACGACAATGAGCGTGTTCCCCTTTTTTTGCAAATTCCTAAGGGTGTTGATGAGTTTGAGCGTGTCTTTTTCATGCAAACCAATGCTAGGCTCGTCTAAAACATACAAAACCCCCGTCAAACCGCTCCCGATTTGACTAGCGATTCGTATCCTTTGGCTCTCCCCTCCGCTAATCGTTCGCGCATCCCTCCCTAAAGTCAAATACCCTAGCCCCACATCATATAAAAAAAACACCCTTTCTAAAATCTCTTTTAAAATGGGTTCAGCGATCTTTTTTTCTTGCTCGTTAAGATAGCTAAAATGCGTGGGATCATTAAAAAAGTGATAGACCTCTTCAATGGGCTTAGTTAAAAAATCCGCCATTTTTAAGCCAGCGACTTGAACGCTCAAACTTGAGGCTTTCAAACGATGCCCCTCGCACGAAGAACAGGTTTTTTCGCTCATGTAATCGCTCAAATCCTTTTGCTCTTTAAACATGTCATAAGCGATTTGAATGATGCCTTTCCAAGGGCGTTTCAAGGGGCTATTTTTAAAATGAAAGCTGATTTCAGTGCCATTCCCATACAAAAGAGCGTCTTGCTGCTCTTTATTCAATTCATTAAAACAAAGCGCGCTGTCAATGCCATTATATTCGCAAAAGCCTTCAAACATTTGAGCGTAATAACTGCGGTTATACCCAAAAATCACTTTAATCGCTCCTTGATTTAAAGGCGTGTTAGGATCTAAAATCTTACTAATATCCAAGCTAAATTTTGTCCCCAAACCCAAACAGCTCTCGCACGCCCCTTTAGGCGAATTGAAGGAAAAACTCAAAGGCTCTAATTCTTCAAAACTCATCTTGCATTTAAAGCATGCCTTATGCTCGCTGTAATGCTTCCTGATGCTTGGCGCGTTGTCTTGCAAGATTTCCACTTCTAATTCCCCATAGCTTTCTTTAAGGGCTTTTTCTATTGCGCTAGCGATCCGTGAAGAATTTTCGCTATTGATAACCACCCTATCTACCACCGCTTCAATGGTGTGTTTTTTGGTTTTGTGCAAATGGATTTCTTCATCTAAACGCACCATCACCCCATCAACAAAAGCTCTCACATACCCCTTTAAACGCAAGCTCTCTAATTTATCGTTAAACGAACCTTTTTTATCTTTAATAATGGGGGCTAGAATAATGATTTTAGAATTTTCTTCTAAATGACAGATTTGAGAAATAATATCGCTTGCACTCATAGAACTGATGGGCTCTAAACATGTGGGGCAAAATTGCTCCCCAATCCTTGCAAACAACAACCTTAAATAATCATAAATCTCAGTGATCGTCCCCACAGTGGATCTAGGGTTTTTAGAAGTGGTTTTTTGATCAATAGCAATCGCAGGGGTTAGGCCTTCAATTTTATCCACATTAGGCTTACCCACTTTGTCTAAAAATTGCCTCGCATAGCTGGACAAACTCTCTAAATAGCGCCTTTGACCTTCAGCGTATAAAGTGTCAAACGCCAGAGTGGATTTACCTGAACCGCTTAATCCGGTAAAAACAACAAATTGGTTTTTAGGGATTTCTAAAAAAATATTTTTGAGATTATTTTCCCTAGCCCCTTGAATAATGATCTTATCCATAATGGTTTTATGTTGCAAGAGTTTCCTTAAAATTCCTTAAAATAAGAAAGTGGATTAAAAGGAGCTATTATACTTCAAAAAAGAATGGTTTTATTATCATTTCTTATTCATAAGAGTTAAAAATATTTGCTTGATTAAGGATAAATATGCTATTATTTTATGAGAAAATTTTAAAGATAGGAATGTAAAGGAATGGAATTTATGAAAAAGTTTGTAGCTTTAGGGCTTCTATCCGCAGTTTTAAGCTCTTCGTTGTTGGCCGAAGGTGATGGTGTTTATATAGGGACTAATTATCAGCTTGGGCAAGCCCGTTTGAATAGTAATATTTATAATACAGGGGATTGCACAGGGAGTGTTGTAGGTTGCCCCCCAGGTCTTACCGCTAATAAGCATAATCCAGGAGGCACCAATATCAATTGGCACTCCAAATACGCTAATGGGGCTTTGAATGGTTTTGGGTTGAATGTGGGTTATAAGAAGTTCTTCCAGTTCAAGTCATTGGATATGACAAGCAAGTGGTTTGGTTTCAGAGTGTATGGGCTTTTTGATTATGGGCATGCCGATTTAGGTAAGCAAGTTTATGCACCTAATAAAATCCAGTTGGATATGGTTTCTTGGGGTGTGGGGAGCGATTTGTTAGCTGATATTATTGATAAAGACAACGCTTCTTTTGGTATTTTTGGTGGGGTCGCTATCGGCGGTAACACTTGGAAAAGCTCAGCGGCAAACTATTGGAAAGAGCAAATCATTCAAGCTAAAGGTCCTGATGTTTGCACCCCTACTTATTGTAACCCTAACGCTCCTTATAGCACCCAAACTTCAACCGTCGCTTTTCAGGTATGGTTGAATTTTGGGGTGAGAGCCAATATTTACAAGCA
NZ_CP141771.1_gap27	880000	883113	3113	TTCAAATGCATTTTGGACTCTTGTTTCTATATTGATGCCTTTATCGCCTATTTCTCTCATAGCGAAATCATTAAAGGTTTCTAGGCTGGTGCCAGCAACTTGACGGATAAGATCGCTAAAATACCTCATTATAAATTCTTTTAAATTAATGCGGGCTTGAGAAATTTCGCCCTTTAAATTTTGAATCTCCTTTAGCCTTTTCTCCATCGCTTTATTCAAATATTCCAATTCTCTCTTAAGATTTTGTTGCTCTTTTTTTGCCAAGGGCATTTGCCTGTAGATAACATCTTGAATGACGCTTTTTTTAGCTTCTTCTATGATGGTTAATTTCCCGCCATTTTCTTTAATCTTTTTTTGCGTCGCATCTTGCAAAGTTTTGATATGCGAAAGCTTTTGGAATTCTTCTTTATGTTTTAGCCAGTATTCAAGCCCCCAACCAAAAGGATTGGCAGCCACAGCGACAATGCTCAGATTCTCTTTTTCTTTTTCGCTTAAAGAAATGAGATCATTCAGCCGGTTTTGAATGTTTTCTTTTTTGGTTTTAAATCTTTTGTTGTAATCTTCTTCATCTTCAATATCCGCTTCTTCATCAAAACGGCTGATGACAAAGATCGTCCTGGATAAAAGATTGAGCGTCCTAAACAACCAATTCAAATCGTCCTTATGGCTGTCTTTGATGGGGTTTGACGGGTTGAGCGCGTATAAAATAAGATGGGCTTCGCTGACATATTCTTTGGTAATATCTTTATAGCGTTCTATTTTGCCGCTATCGGCTATTTTTTCTTTGAACCCAAACAACCCCGGGGTATCAACCAGCTCCATTTCATTATCTATGTCATAGATTTTAACTGCATCGCTTGATTCTTGATGGTCTATCTTCATGCTCTTATCCAAGCGTTCGATCCAAGCTGCCGCTATGGATGTTTTTCCTTCAGAAAAGCCTCCCACCAACGCCACTCTCAATTTCTGATCAGCAGCACTCTGGATCGCGCTGTTGATCTTTGCCTTGAAGGACTCTTCAATCTCAATGCCGTATTTTTCACCGGTATGGATAAAATCAAGCAATTTTTTAAGATTTTCTTGATTCCTCTTTTGAATTTCTTTAAATTGTTTTAAAGTTTCATTCATTGTGCGATCCTTGTTTTGATGTTATTATCTATTTGCCATAAGCCTTCACCAGCTTTTATCAGTCCTTCCCTCATGCGCTCATAACAAACAACGGAATCGTTAAGCCTAGCTTTTAGGCTTTCAACCTTTTCACATATGACTTTTTTGGCATCTTCAATATGGTTTCTCATTTCCTCTTCAATTTTTTCACAAACTTTATCTAAATTCTTATCCACTTCTTTTTTTTGTTGGGATTTTTTATGGTCTGAACTAAACCAACTCCACACTGATTTAACTATCCCAATTGCTCCTAAAACTATTCCTGCAGCTAGTGCAAACTCACCTAATACAGGCACCGTTAAAAGCATTGTTTAAATTGGGATTTCAATAACAATTCTTCTGCTTTAAAAAATTCTAGAAATTTTTGTTTGTTTTTATAAAAATCAGTTTCTGGCAGTAGTGCTGATGAAAGGCCATAAAAAGCCGCTTGGGCACTGACTATTTAGTGTCCCTCGTAATGTTTGCCTAAAATGGCTTTCATTTTTTCATCCAAATCTCTTAAGCTCTTTTTTTCGTTTTCATCAATAAGCCCATCTTTTAAGGCTCTTGGGCTGTTAATCGGTTTGTTAAAAATCGTCCATACCTCTGTTTGCGAAGCGAGTTGCTTTTGGATCTTTTCAATCGTTCCCTCTTTTTTCTCTTCTCCTTTTTGCGGAGGAGCGGGTGTTTTTGTAACATAAAAAATAGCATGGGCTTTTCTTGTAGCGTCAGAAATTTCCTGTTTAACTTTCTTTTCATCGCCCTCTATCCCTGGAACATCAAGTAAAGTAAAGGTTTTGTTGCCGTGCTTGAGGGTGTAAGATTTGGTTTCTAAAGTGGAATCGCTCCTCCCATCGCCTATGATCGCTCCATCTTGCAATTTTTCTAGATCAGTGCCTACCAAACGCTTGAATAAGCGCTTGAGGAAGCCAAAAAAGGAATAATTTAAATTTTTCACATCTGCATAGAGCCGCTTGAAGCGCTCTTGTTGATCCATTTTGCCTGGTTCTCTAAAAAACAGCCTCAAGCATTCAATGAGGGTTGATTTCCCCGCACCAGTTTCCCCATAAAAAGCAATGGTAAATTTTTCCCACTCTTCATTATTTTTTAAACTTTCAAGCTCTTTTAAACTTTCAAATTCTAATTTTTGAAACACCTCCAACGCTTCTTGGTTGAATTTTTTTAGTCTTTCATCTTTATCATCAGTGTTTTTAAAAATATTTTGGAGATTTTCAATATTGGCTTTCACATCAAAATAAATGTTTTTCATTTTTGCCTCATGCCGGATTTTTCTGACACATTTTAACAAAAAAAAACGCAAACCCCCACGCTCTAGCTACGCTTTTAGCCTTATGGCTAGCTTTTAAAAAGCCCTTAAAACCTTAGCGAGTAAGATATTGTCTTCAAATGCGCTAGGCATAATCGTATAATGCCCGGGTTTTAAAGGGGTGGCTAATTCGCTGTCATTGATTAAGATTTCCCCATCCACTTCAGGCGCCCATCTCAAATCCCTTGCTTTGTAAAAATACTCGCCCTCTTTATTTTCCACTAACGCCTTAATGGGCTTATTCAACAAAGCCTTAAAGGAATGGTTCTGGTGTTTTAGAGCGATTTTATTCAAGGCTTTGATGCGAGCGTTGATGATTTTTTTAGGCACTTTCTCTAAAGAATAGGCATGCGTGTTTTCTTCAGCACTGAAAGCAAAAATATTCAACCTATCAAACCGGAACTCGTCCAAAAACGCGCTCAATTCCTCAAATTCGCCCTCATTTTCTTCCGGATGCCCTACAATGATCGTGCTTCTGATAAAGCTTTCTTTAACCTGCTTCATGGCATCTAAAAGCTTTAAATGGTGCGCTTGGCTGGAGTTGCGCCGCATCTTTTTAAGCATGGAGTCGCTGATATGCTGGATGGGCATGTCAAAATAATTTTGAAAAATGGGCGAACTTTCAATCGCGCCAATAAGC
NZ_CP141771.1_gap28	937263	941042	3779	GGCTTTAGAGGCTTCCACTTGCGCAAAAACTTATGCCGATCACACCAGAAACTATGTGATTTATAACGCTTACTTGCGCTACAACTACAAAGATATTTTTGAAATTAGGGGCGGGAGATACGAGTCCCCAGCGGATTATATGAGTGGTTACAACCAAGGCTTGGACATGACCTTAAACTTAGGGAATTTCAAATTCTGGTGGTTTAGCTCTTTTGGTCGTGGCTTTGCCTATAACGAGTGGCTTTATAATTTCTATTCGCCTAAAACCTACACTCTTAAAAACGGGCAAACCATAAACCCTGGGGTGCATGCCTTTTATATCATTTGGAATTACAAGGGTTGGAGCATTCAGCCTTTCGTCTATTTTTCACCCTTTAACGAATACGACCCTAACTTTACGATCACTTATGATAGTAACCCCACTTTTACTGGCTTAGGGTTTCGCTCTCAAACCGATGTTACCGTGCTTAATCCTTTTTATGCTAAAAGATTTTGGGACACCTATCAATTTGGCATGCCAGCCGGTAAGAACGCGCACAGCTTGATGATCAAGCAAAAGTTTGAATGGAATGAATACAATTTTGGTTTTGGGATTTATAAATCCTTTGGGAACGCTAACTGGATGATAGGCTACCATGGTAACCGCTTAGGCTTTGACTTTTGGACGAACACCGTTTATGCAAACACCCTTAACTCTTTGTCTTACATGATGGACGCGAACGCTTTTACCGTGTTTGCCTTTGGCGGTGGGGTGCATAGAAAATTCCTTTGGGGTTTATTGGGGCGTTTGACTTATGGGCCTAGGGCGAACGAACAAGTCCTATCGCTCAACTTGGGCTATAAATTCACTAAAAATTTCTCAGCCGACATTAAATTTGAATATTATAATGTGTTGATGCATCAAGGCTATAAAATGGGGTGGAACGGGCCAAAATTAGACAGCCAGCCCGCCACCGATCAAGACAGGAGCCATATTTTCACTGAGATAGTGTGGAAGCTTTAAACTCTCTTTAAATAACAACCCTTTAAGAGGTTGTTAAAACGCCTAGCAAGAAATTAGCCATTAAAAAAACGCTTTATCGCCTATTTTAGGGCTTGTTTTTAAAAAAGCGTTGGAATTTTTAAACTTTTTTATTACGCTACGGGTATTTTTGGCTCTGTTATACTAAAACTTTTATTTTTAAAAATGGGCTTTTAGTCGCTTGGTTTTGTCATTTTAAAACTCATTTTTTAACTTCTTTATGGGGGGTTAGTGGTTTGAAGGTTAGTAGTTTTTCTCGGTAATATTCGTATTGCTTTTTCCTAGCTTTTATTTCAGCGGGGATACCGGCTAATAAATCGGTGGTTAAAATTGAAAATTGATCCAAAATCTTAACGATCTCTTGTTGGATTTCTAGGGGTGGGATGGGGATTGTTATTTTTTTTAAATTTTCTTGGTTGATTTTTGGCGGAGTTCCAGTAACACAATAGCTAACATCTATCGTTTGTAAATAAAAATACAAAAACTTTAATTTTAGTTCATTTTTTGTTTGAAGCACATGAGCATGATTGTTCACCCATATTTTTCCGCTTGCCCAATTCACAACAGGAGTATTATCCTTATTGATAACGCTCCCATCTTCACCAACTAGCACAAAATCCCCATCAAAGATATAGCTATCAATATAATCTTGAATTCCATTTGCTCCATAATAAGGATAAATTCCCGGATTTCTTTTATTTTTCGCAATCGGGATACGCCGATTATCTAAAATTTCACACACCTCCCCCAACTTCCTAAACTCCACCCCCTTAGGCGCTAGAGTTTGGAGTAAGCGCTCTATTTTATGCATTTTGCCCTTCTTCTAACTCTTTGATGATACGATCATTAAGCCCTCATCGCACGCATGGAATTGGCTAAGGCTAAAAGCGTAACCCCCACATCGCCAAAGACCGCTTCCCACAAGCTCGCTACCCCCATAAGCCCTAGCACGATAAAAACCGCTTTAATCCCCAAAGCGAACAAGATATTTTGCCAAATAATGCTTTTAGTTTTTTTAGCGATCGCTAAAACTTTCACTAAAGAGCTTAAGGAGTCATTAGTGATCACAATGTCTGCGCTTTGCTTGCTCAATTCTGAGCCTTTCCCCATGCCAATCCCCACATCAGCGCTCGCTAGAGTCGGAGCGTCATTGATGCCATCGCCTACAAAAATCGCCGGGGCTTTATAGCGTTCTTTAAAAGTTTTAAACACGCTCGTTTTTTCTTCAGGCAACAAGCTCGCATAATATTCACAGCCTAGAGTTTGAGCGATGCTCTCAGTCGCACTTTTTCTGTCCCCGCTCAAAATGCAAAAATTCTCTATCCCTTGCGCTTTTAAATCCCTTAAGCATTCTATGGCGTCATCTTTAATCTCATCGCTAATAACGATATAACCCACATAAGCCTGATTGAAAGCCACATGCACGATCGTGCCGTTTTCTGGGGAAGGGCTGTGCGCGATATTGAATTGATCGAGCATTTTTTCATTCCCTGCGATGATTAAATCCGTATTGCATTGCGCTTTAACCCCCATTCCGCTCACTTCTTCGTAATTTTTAATGTCATGCTGGTGCTTATCGTCCTTTAACATTTCTTCGCATGCTTTTTGAATGGATAAAGCGATCGGGTGCGTGGATAAGAGCTGCGAACAAGAAGCGTAATGCAAAACTTCTTCTTTAGAATGCCCGTTTTGCGGCACAATATCTATCACTTTAAAAACGCCTTTAGTCAAAGTGCCGGTTTTATCAAAAGCGATGCTTTTAGCTTGGGTAAGCACCTCTAAAACATGCACGCCTTTCATTAAAATGCCCTTTCTGCTCGCCGCTCCCACGCCCCCAAAATACCCTAAAGGCACAGAAATCACTAATGCACAAGGACAGCTCACCATTAAAGCCACAAGCCCCCTATAAATCCACTCATCAAAGCTCCCCATAGAAAACAAGGGCGGTAATATAGCAATCATTAGCGCAATGAATAAAACGCTTGGGGTGTAGTAGCGTGAAAATTTAGTGATAAATTTCTCGGTTTCGCTCTTTTCATTCGTGGCTTGTTGGACTAAATCCACCACTTTAGCGATAGAAGAATCTTTATACATTTTTTCTACTTTAATTTCAAGGACCGCTTTTAAATTCAAGCTCCCCCCTAAAACTTTAGAATGTTCGCTGACATTAACAGGCATAGACTCCCCACTCAACGCCCTTTCATCTAGCAAACTTTCACCCTTAATCACCACGCCATCAACAGGCACTTTTTCGCCGACTTTCACCACCACAATGTCATTGACTCTTAAATCTTCAGGCGCGACACTCACCAGTGCATCGCCCTTTTTCAAATAAGCCAAATTAGGAGCGACATCCACTAAAGCCTTAAGGGATTTTTTAGAGCGAGAGATAGCGAGCTTTTGCAAAAATTCGCCCGCTGAATAAAACACCATAATAGACACGCTCTCTTCATAAGCCCCCACGCAAAAAGCCGCAATAGTCGCAATGAGCATCAAAGCGTTTTCATCAAAAAATTGCCCTTTTCTAAGCCCACGAAACGCCCCTAAAATCACATCTTTACCGCTTATGAGATACACTAAAGCCAACACGAAAAACATAGCCTTTTCAATAAAAGGGCTAGGCTCAAGGTGTAAGATTAAAATCGCGCCCAAAAAGACAATGATCGTAATAATGAGTGGCGTAAAACTCAAGGGCTTTTCTGCAGCCTCTTTAAAAGACAGACTCAAATGCGGTTCATTTTGCTTGATGAAAGCCTTA
NZ_CP141771.1_gap29	959278	960687	1409	TTATTTTTGCGCTATGATATTCAATCATAATGACTTTTTAAGCTAAGTGTGAAGGGAGTTTAGAGTTTGGAAATTTTAAGGCGAGAATGCGGGGCGGTGGAAGAAAACGCTTATATTGTGAAGCTTTCTAGTGGGATAGATTTTATTATCGATCCCGGATTTTCTAGCAGCGAATGGGTGTTAGAAAACGCCAAAAACCCTAAGGCGATTTTAATCACGCATGGGCATTATGATCATGTATGGGATAGCGCTCAATTGTCAAAACTCCTCAAAAACACCCCCATTTACGCCCCCAAAGACGATGTGTTCATGCTAGAAAACGATATTTTCCATTTAGGCATGCCGGTTTTTAGCCCCAATTTCAGCGTGCCTTGCAATAAGGGTTGCACCACTTTAGAGATAGAAAACACCACCATTAAATACTGGCATTTTCCCGGGCACACGCCCGGCTGCTCTATCATAGAAATAGAAGGGGTGATTTTTAGCGGGGATTTTATTTTTTATCGCAGCATTGGCCGTTATGATTTCCCTTATTCTAATGAAAAAGACATGAAAGAGTCCCTGTTAAGGTTTCAAAATTTAGACTTCCCTAAAGACATAGAGATTTATCCAGGGCATGGGGATAAGACAAGTTTTTTTGCCGAAAGAGAGCATTCTAAAATTTGGGTTTCAAGGATGGCTTAATTGTTAAGCCGGCTAGAAAAAGAGCGTTATTTGCACCATATCATGCTAGAAGATGTGGGCGAAGAAGGCCAATTGAAGCTTTTAAAATCTAGCGTTTTAGTCGTTGGGGCTGGGGGTCTTGGATCAGCGGTTTTGATGTATTTGTGCGCCGCTGGGATAGGAAAAATCGGTATTGTGAATTTTGATGTGGTAGATATGAGTAATTTGCAACGCCAAATTATCCATTCACAGGATTTTTTAAACCAATCTAAAGCCTCTAGCGCTAAAGCACGCTTAAAACAACTCAATTCTGGTATTGAAATAGAGATTTTTGAAGAACGCTTTAAGGCTCATAACGCTCTTTCTCTTATAGAGTCTTATGATTTCATCATAGACGCTACAGACAATTTCAACGCTAAATTTTTGATCAATGACGCTTGCGTGTTAGCCCAAAAACCCTATTCGCATGCCGGGGTTTTAAAATACAGGGGGCAAAGCATGAGCGTTTTACCCCATAGCGCATGCTTAGCGTGCGTTTTTGATAAGCCCCCTAAAAAGGGATTGAATCCTATTTCAGGGCTTTTTGGGGTCTTACCCGGAGTTTTAGGGTGTATCCAAGCGAGCGAATGCCTTAAATATTTTTTAGGGTTTGAAACTTTACTTATAAATACTTTACTTATAGCCGATATTAAAACGATGGATTTTAAAAAAATTCAAGCACCCAAAAACCCTGAATGTAGGGTTTG
NZ_CP141771.1_gap30	967679	969203	1524	GCTTGTGGGTTTAGGGTGTGTGGGGAGCGCGGTCGCTAAAATCTTACAAGAAAATCAAGAAATCATTAAAGACAGAGCCGGCGTGGAAATCATGATTAAAAAAGCGGTGGTGCGAGATGTGAAAAAACACAAAGGCTATCCTTTTGAAATCAGTAATGATTTAGAAAGCCTGATAGAAGATGAAGAAATTGATATTATCGTGGAGCTTATGGGTGGGGTGGAAGTGCCTTATCTTTTAGCTAAAAAAACTTTAGCCAAACAAAAAGCCTTCGTTACAGCCAATAAAGCCATGTTAGCGTATCACCGCTATGAATTAGAACAAATCGCTAAAAACACTCCCATAGGCTTTGAAGCGAGCGTGTGTGGGGGTATCCCTATTATCAAGGCTTTAAAAGATGGCTTGAGTGCTAATCATATCCTTTCTTTTAAAGGGATTTTAAACGGCACCAGCAATTACATTTTAAGCCAGATGTTTAAAAATCAAGCGAGCTTTAAGGACGCTTTGAAAGACGCGCAACATTTAGGCTATGCGGAATTGAACCCTGAATTTGACATTAAAGGCATTGATGCGGCGCACAAATTATTGATTTTAGCGTCTTTAGCCTATGGCATTGATGCGAAATTAGAAGAAATTTTAATTGAAGGCATTGAAAAAATAGAGCCAGACGACATGGAGTTTGCTAAAGAATTTGGTTATAGCATTAAACTTTTAGGCATCGCTAAAAAACACCAAGATTGCATTGAATTAAGGGTGCATCCAAGCATGATTAAAAATGAATGCATGCTCTCTAAAGTGGATGGGGTGATGAACGCTATAAGCGTTATAGGGGATAAGGTGGGCGAGACTTTGTATTATGGGGCTGGGGCTGGGGGAGAGCCTACCGCAAGTGCGGTCATTAGCGATATTATAGAAATCGCAAGGAAAAAAAGCTCTCTAATGCTAGGCTTTGAAACCCCTCAAAAACTCCCCCTAAAACCCAAAGAAGAAATCCAATGCGCTTATTATGCGCGTTTGCTAGTGAGCGATGAAAAAGGGGTTTTTTCTCAAATTAGCGCGATTTTAGCCCAAAATGATATTTCGCTCAACAATGTTTTACAAAAAGAAATCCCGCATTCCAACAAGGCTAAAATCTTATTTTCCACGCACACCACCAACGAAAAATCTATGTTAAACGCCATTAAAGAGCTTGAAAATCTAAAAAGCGTCCTAGACACCCCTAAAATGATCCGTTTGGAACATTGAATGCGCTTTTTGAATAACAAGCACCGGGCAAAGGGCTTGAAGGCTGAAGAAGAGGCTTGCGAATTTTTAAAAACGCTGGGTTTTGAAATGGTGGAGAGGAACTTTTTTTCAAAATTTGGCGAAATTGATATTATCGCTTTGAAAAAAGGGGTTTTGCATTTCATTGAAGTCAAAAGCGGGGAAAATTTTGATCCCATTTATGCGATCACGCCGAGTAAATTAAAAAAGATGATTAAAACGATCCGCTGTTATTTGTCCCAAAAAGATCCCAATAGCGATTT
NZ_CP141771.1_gap31	980321	984178	3857	CAGGTTGTAAGTTTCTTGCTTTCTTATGTCCTTGTAGCTCAGCTGGATAGAGCGTATGATTCCTAATCGTAAGGTCGTGGGTTCGAATCCCGCCAAGGACACCACTCGCATTATTTTTACTATCATAGGAATTTAAAGTCGTTGTTGGTGTTTTTGATGAAAAAGATTGGTAGTTAAAAGAAATTAAAAACTCTTTTTGAATCATTTTAAAAATTTAATCTTAATCCTTAAAAAGCGCTCAAAAAATTTTATTTTATTTCTCATCTTGTTTAAAAAATATTCAAAGCATTTTTTACAATTAAAAAGATCTTGAAAAAAGCAAGCCATAACCTCTTAAAAAAGTGCTCTTTAGGTGGTTTTAATCTAGGGTGTTGTAGGGGAATTTTTCAAAATACCCCCTACTCCCTTAAGAAAATGAATTTAAAAATCAAACTTAAAAAATGAGTTTTATCATCAAATAAAATCTTAAAACGATAAAATCAAGCCATTAAAATCCCTTTTTTAAAAAAATAAATCATAATCCCCTAGACTTTACATTAAAACCCACTAGCCTTATAAACTTAATAAGAATATCCGCATGACAAATCCCTTCAAAAATGATATAATAGACTTGATGAACTCATTTTTTAAGGAAATGCCCATGCGTTTGCACACTGCCTTTTTTGGTATTAATTCATTGCTTGTTGCCACTCTTTTGATAAGTGGTTGCAGTCTCTTTAAAAAGCGTAACACCAACGCGCAGCTGATCCCCCCTTCAGCTAACGGCTTGCAAGCCCCCATTTATCCCCCAACCAATTTCACCCCTAGAAAGAGCATTCAGCCTCTCCCAAGCCCTCGCCTTGAGAATAACGATCAGCCCATCATTAGCTCTAATCCCACTAACGCTATCCCTAACACCCCCATTCTCACGCCTAATAATATCATTGAATTGAACGCAGTGGGCATGGGTGTGGCTCCAGAATCCACCATTTCGCCCTCTCAAGCCCTAGCTTTGGCCAAACGAGCGGCTATTGTTGATGGCTACCGCCAATTGGGTGAAAAAATGTATGGTATTAGAGTGAACGCTCAAGACACCGTCAAAGACATGGTTTTACAAAATTCCGTGATTAAAACTAGAGTCAATGCCCTCATTCGTAACGCTGAAATCACTGAAACCATCTATAAAGACGGCTTGTGTCAAGTCAGCATGGAGCTTAAATTAGACGGCAGGATTTGGTATCGTATTTTGAGTGGAGCGAGAGGATAAACCCTCTTACTCTATAGTCATGCGGTATTTTAGAAGCGCTTTTTTACTATTTTTCATGACGCTTTTTTTTGTCTCTTGCTCCAAGCACCCTTTTTCTAAGCAAACCCCCAAAACTAGGGAGCAGATCAGACAAGAAGAAGCCCGTAAAAAAAGAGAAGAGACTTTGAATGCCTTGCGCCAATTCAGGCTCATTTATATTAACACGCCGGTTTTTCGCTTCTATGATTACGGCACGATTAAAACCGATAAAGACCATAATATTGAAATAGCCCTCTATAAGCTCAGCCAAAAAGTGGGCGATATTTATATGACTAAACGAAACATTTGTTTTAGCCAAAAATGTTCGGCTAAATGGATTGCTGCAAGGGATTTGTTTGGTAAGGTGAGTTATGGGGATTTGTTTGATGATATTGTTTTAGGGAGGGATATTTTTAAGGGTTTAGGAAAGCGCCACTTAACTCCTGAATATGTGATCCAAAGGTTTCAAAAAAGCGGGGAAATTATCCTTTATGAAAGGAAAAATGGCCTGATCTCTTTCCAGAATTTGACGCAAAAAATTGCTATTAGGATTGAACCCTATGAGCCTTCTTTGCAAGATTTAGAAGATAATGAAAACGCTGACAGCGAGCTCCGATGAAAAACTTTTCCCCACTTTGTTGCTTTAAAAAGCTCAAAAAACGCCATTTAATCGCTTTGAGCCTGCCCTTGCTTTCTTATGCCAATGGCTTTAAAATCCAAGAGCAAAGCCTGAATGGCACGGCTTTAGGCTCGGCGTATGTCGCTGGGGCTAGGGGTGCTGACGCTTCCTTCTATAACCCAGCAAATATGGGTTTTACTAACGATTGGGGCGAAAACAGAAGCGAATTTGAAATGACCACCACCGTGATTAACATTCCGGCCTTTAGCTTTAAAGTCCCTACGACTAATCAAGGCTTGTATTCAGTGACGAGCTTAGAAATTGATAAAAGCCAACAAAATATTTTAGGCATCATCAACACTATAGGGCTTGGCAATATCCTTAAAGCACTTGGCAACACGGCCGCTACCAATGGCTTGCAACAAGCTTTCAATCGTGTTCAAGGGCTTATGAATCTAACCAATCAAAAAGTCGTAACCCTCGCTTCAAAACCTGACACTCAAATCGTGAATGGCTGGACGGGAACGACTAATTTTGTTTTACCCAAATTCTTTTATAAAACGCGCACGCATAACGGCTTCACTTTTGGGGGGAGTTTTACCGCTCCTAGCGGGTTGGGCATGAAATGGAATGGTAAAGGGGGGGAATTTTTGCATGATGTTTTCATCATGATGGTAGAGCTTGCCCCTAGCATGAGCTATACTATCAATAAGCGCTTTTCCGTGGGTGTAGGCTTAAGGGGGCTTTATGCGACCGGGAGCTTTAATAACACCGTTTATGTGCCTTTAGAGGGCGCTTCGGTTTTGAGCGCGGAGCAAATTTTAAATTTACCCAACAATGTTTTTGCCGATCAAGTGCCAAGCAACATGATGACTTTATTAGGCAATATTGGCTACCAACCCGCGCTTAATTGCCAAAAAGCCGGTGGGGATATGAGCGATCAAAGCTGTCAAGAGTTTTATAACGGCTTGAAAAAAATCATGGGTTATAGCGGTTTAGTGAAAGCGAGCGCGAATCTTTATGGCACGACTCAAGTCGTGCAAAAATCTAACGGGCAAGGCATATCGGGGGGCTATAGAGTGGGTTCGAGTTTGCGCATCTTTGATCATGGCATGTTTTCTGTGGTGTATAATTCTTCAGTTACATTCAATATGAAAGGCGGTTTGGTGGCTATCACAGAGCTTGGCCCTTCTTTAGGGAGCGTTTTGACTAAAGGCAGCTTGAATATCAATGTTTCACTCCCCCAAACCCTAAGCCTAGCCTACGCCCACCAATTTTTTAAAGACCATTTAAGAATAGAGGGGGTGTTTGAGCGCACCTTTTGGAGTCAAGGGAATAAATTTTTAGTAACCCCTGATTTTGCGAACGCCACTTACAAGGGCTTGAGCGGAACAGTGGCTTCACTAGACTCTGAAACGCTTAAAAAAATGGTAGGCTTAGCGAATTTTAAAAGCGTGATGAACATGGGGGCTGGCTGGAGGGACACCAACACCTTTAGATTAGGGGTAACTTACATGGGCAAAAGCTTGCGTTTAATGGGCGCTATTGATTATGACCAAGCTCCAAGCCCCCAAGATGCGATAGGCATTCCGGATTCTAATGGCTATACCGTGGCTTTTGGGACTAAATACAATTTTAGGGGCTTTGATTTGGGTGTAGCGGGGAGTTTCACTTTTAAAAGCAACCGCTCTAGCTTGTATCAATCCCCAAATATTGGGCAATTGAGAATCTTTAGCGCCTCTTTAGGCTATCGCTGGTAAGAAAAAGAAAAAACATGCTAGACAATCAAACGATTTTAATCACCGGTGGCACCGGGAGTTTTGGCAAACGCTTTGCGCGTAAAGTTTTAGACACCACCAACGCTAAAAAAATCATTGTTTATAGCCGAGATGAATTGAAGCAAAGCGAAATGGCAATGGAATTTAATGATCCTAGGATGCGTTTTTTTATCGGCGATGTGAGGGATTTAGAGCG
NZ_CP141771.1_gap32	1020782	1025569	4787	TCAATCTCTGCTTTAATGTAAATTGGTTCTCTGCTTTCTCTGCACTCTTTTTGCTTACTACTTCTTTTATCCATATTCTAGATCTTTCGCTTTCTAATTTCGCAAGCTTTTCGGCGTTGGCTTGTTCTAATGCGCTTAAATCTTGCTTTTTTAGCGGGTTTGTGGTAGAATTAGGTTCAAGGTTTGAGATGCTATAGTCCGCCATCTCTGTAATCGTGTTAGAAAGTGGTGCAATGGTTTCTAACTCCCTTAAAACTTTCTCATCCACTTCAAAACTTGTAATCATATAATGATTTTTTAGTTCGTTATCTCCCTTAAACTTACTTAAAATTACTTTTGAATTGTTTAGAATAATAGCCGCATAACCTAGCCTGTCTTCTTCTTTAAAGCCTTTTTGTAGAATGTTAGGGATTTCCTTAAGTAGTTCGTTAGTCCTTTCTTTGGCTTGTTCGCTTGTTAGTCCTAACTTTTGATATTATTTTTCTCGCTTTTCTAATATATGTGCTAACCCGTAGCCGTTGCTGTCTTTAGTCTTTGGCGTTCCCCATACAAAATCAATCCCACCTAAATCCTCCCTAAACGCTGCGCCTGCAACTTGTCCGTTTTTCTCTTGTAATAATTTTTCTAACGCTTCTTTAGGCTTTAAGGCAAACTCGGGGTAATTCTTATTTGAGGGGGGTTATAGTAAATATTGAATAATAAAGTTAAATAATAAGGCTTTTTGAGCATTAATATTTGATTGGAGCAGAGCCTTTCCATATTTTAAAAAGGCTAATCAAAAATATCCATTAAGGATAAAATGCTAGTAAATCCTAAAACCATAAGTGATGTTAAACATTATATGGCTCCTGTCAGAATACACATTGTGCGTTAAAGGCTGTGTCCCAGGCCCGTTAGGATCGACTGGAACATACATGCCACAATACCCAATACAATAGCCTTTTTTGGTGATATTGCCATAATATTCTAGTTTTAAATCCATTCTAATATTATATTTATTAGAAAAATAACTCAAAAAGAGTGCAAGACTCCTTTCATCAGCCCTTGGGCTATCCGTCCAACGGCCTAAAATTTTCCAACTAAACCCTCTATATTGTGAGCCTACATACAAAAACCCATTGATAACATCAGCGCCAACAATATTGTTAATTTCTGCGTCATAAATACTATTCGTCCAGATGTTATACCCCAAAGGATCCCCATAAATACCTATATCACCGTTAGCGTTACCGATATTTTTATAGACACTGCCCCCAAATTGCCACTTGTTATAGTAAAAACGGGTGCGGAAGAAATAAGTTTGCCCGCTTTTTCCTAACGGCACTTGTTGGAAGAGAATAATATCATTTTGATTGGCTGGAGTGGCAAAAATGGGGAAAAACCCCACGAAAGTGCCTACAAAACGAAAGCCTTTATTGTTGAAATTAGGGTTGGTGTCATAAGTGATATTAATGCCTGGCGCATACATTCTTTGAAAGATCGCATAAAAATAAGGGTTGATTTTTAGGTTGTCTTTTTCGTATTTCAAATCCGCAATCATTAGAGCCTTACCGCTTGTATAGTAGCGCCCAAAATACCAAAACCAGTCGCTTGACGCTGAAGCCCTAGCGTCTGAATACATCACCCTTAACCTGGTGTCTTTATATTTGACGAAGCCTTCAACCCCTTGAGTGTAAGAAGTGAACCAATCATACTCTTCAGCATCATAGCGCCCCCCTTTCACGCCAAAACTGAATTTGTCTTTTTTGTAGTTGTAGCTCAAAAAAGCGTTATGCACCATGGCTAAACGAGGTTTTTGCACTTGCAAACCACTATGCCCCGCATACCAACCAATATATTGCCAAAAGATACCCGCCCCAAAAGGATCGGTCCTAGAGCCGGGCTGGCCATTAGGGATATTGTTGCCTTGATAGGCGGTAGAGTCATAGGGAAGCGCTGCCATCATAGCCCCCACTTCCGCTCTCAAACCCTTGTATAACCCCATGCTCAAATTCAATTCGCCGAGTAAAGAAGTGTAGCTACCTGTAGGATAAATGTCTTTAGAAGGCTGGTATCTTTGGTTATTAAAACCAAACTTGGTATAGCTGCTCACCTTTCCAACAACGCTCATGTTGAATTTATAAGCTTGAAGTTTGGACAAAAAAAGACTAGAAAAAAGCAAAAAAAATAGAGAGTAAGAAAAATATTTCTTAACTTCCAAAACCCTAACTCCCAAAGATATTAAAATAAAAAAAATACAAAAAAGGCATATCCAAGAGATAGGGGAACTCTCTTAGAAACTATAACTAATGTGTGTCATCAAATGGCTTCTGTCTTGAGTGATGCTTTTTGCGATACCGCCCATGTTTTGAGGACCTTGTGCGAATGCAGAAGATTCAAACAAACCATTATTCAAGTTAAGCGGTTGCCCGTTTGGCCCAAGGAAACCGGTTCCAGGGTTGTAACCCGCACGAATTTGGAACTCTAACCATACGAGTTTGAGACCCGCTTTAACATGCTTGCTGAACTGATAGTCTAGATACATACCAATACCATATTCCAAAGCCCTTGGTGCAGTGGTGAAGCGCTGATAAACGCTCCAACTGAACTTACCATGCTTGCCTCCACCTTTAACATACTCGGTGAACGCGTCAGCATCGGTAATGTTGTCAATCCCCGCAAACCCTAAGCTGTAGATACTGCCAACCCATTGTTCGATACCATCCACAGCGATGATGTTACCCCAAGTACCTAAGTTCATGTTAGGGTTACCAATGTTGAGATAAGCACCACCAACCACAAAGTAGTTGTTAATATCTATATGGTGGCGTAAAAAGAGCGTCGCACCGCCAGGACCTTGCAAGCCACGCCACTTACCATTATCCAAGAACGGATCCCAAGTGTTATAACGAGCGGGCGCGTAACGACCGTATTCAGCGTTATTCCAACGATAGTCATACAACGCATAGAAAGTCGTTCTATTCCTAATGCCCCTACCGCTAAACTCAGGATTGGTATCATACTCTACTTTAAAACCGGGCAATGTGCCTACTTGTGGGATAAGATACACATAAGGGTGGATCATTAAATTCTTTGTAGGGCGATAAATAATACCGGCTTTATGAATACCCCAAGGCTTTTCACGATAGATAGGGAACAACCATTGACCATCAGCGATACCACGACCCCAAGAGCTAAAGAGCAAGAACTTCATCTTATTCGTGAGCTTGAAAGTCCCATAAAAACCTTGGAACAATTGGTAAACCCAATCCATTTGCTCCTGCTCCGTAACATCAAAGCGCCCCATTACCATATGAACCCTGTCGCTATCATAGGTGAGATTCGCTTTATAAACTTCATAGCGTCTTGAACCCCCAGGCAAGTAGGCGTTAGCCGGATAGTAGTTAGGGAACAAGCCGTTCCACTCACCCATATATTCCCAACCAATACCTCTAGGGTTAATGACGCCACCTGGCCCTGATTGCTGCCACATTTTAGTGGCATTCATACAAAGGCTCAAAGAATCAGTGCCACAAGAAGTTTTATCCCAATAGCTTGGGGGGGTAAAATCCTTTGCCCACCTGTCATACCTAGTGCTATCATAAACTTGTCCGCCCAAAACACCGCCTAAATTCACGGTCCATCCCCTACCTAAATGCACAGACCCCTCTAGCTTACCCGTAAGGTTAACAAAAGTTTCTGTGGGATAGATACCTTTAACAGGGTTAATAGGCGAATGGTTAAAACCCACTTTGGAGAAGTTGATAAAATCCCCATGCACCTCATAAGTAACCGCCCCTAATGAACCCGTAGTGAACAATAGTGGTAAGGTAAAACGCTTTAGCAATGTAGCCGCAACTTTTCGTTTCTTTAATTTCATTCCTCTTCCTTACTTTACCTGAGAATAGATAAATTACTCTGTAGAAGTAATTGTAGCATAAAAGAATATAGAATTAGTTTAAAATCAAGCTAATTTTTCTTAAAAATCACAAAATTTAAAACACAAGTTTATCCTTAAAAGCTTGCTCATGAGCATTTAAATGGATAGGATAATTTTTTAAGATCCTAATAAGAATTGAAAAAAGGCTTTTTTAAGGCTCAACAGGGAATTTACTGATACAATAAAAAGCATTGTTTTATATATAAAAATAACAATAAGGATCAAGAATGAAAAAAATTGGTTTGAGCTTGTGTTTGGTTTTTAGCTTGGGTTTTTTAAAAGCCCATGAAGTGAGCGCTGAAGAGATTGCGAATATTTTCTACAAACTCAACGCCAAAGAGCCTAAAATGAAAATCAACCACACTAAGGGGTTTTGCGCTAAAGGCGTGTTCCTCCCTAATGCGCAAGCAAAAAAGGATTTAGATGTGCCATTACTCAATGAAAAAGAAATCCCTGCGTCTGTAAGGTATTCTTTAGGAGGCGTGGCGATGGATGATAAAAGCAAAGTTAGGGGAATGGCGTTAAAATTAGAAAATCAAAACGCTAGCTGGACAATGGTGATGCTCAATACAGAAATCAATTTTGCCAAAAACCCTAACGAATTCGCTCAATTTTTTGAGATGAGAATCCCTAAAAATGGCAAGGTGGATGAAGCAAGAATCAAAAAGCTTTATGAAGAAGTCCCCTCTTATAGGAATTTTTCCGCTTACACCAAAACGATAGGGATTAGCTCAAGCGTGGCTAACACGCCTTATTATAGCGTGCATGCGTTCAAGTTTAAAGATAAGAAAGAAAAATTATTGCCTGCGAGATGGAAATTTGTGCCTAAAGACGGCATCAAGTATCTTAACCCCCAAGAATTAAAGCA
NZ_CP141771.1_gap33	1033854	1038778	4924	CATAAATTTTTGAATCAATCTCTAGTTTCTCTAAAAGATTGGTTTTGATCCAGTTATGCACGCTGCTATGAGAAACATTGATTAGGCGAGCGATTTCTTCAACAGAAAGAGCGTTTGAAGGCATTTACCCCCCTAAAAACTATAAACATAACTCACATTAAACACCACAAGGCGTTTGAAAAAGAGGGAAGTGTTTAACCCTTTGCCATGCGTTTCATAAAAGGAATTCACCGCTAAAGGGATTTTTAAGCCCATTTCAAAGCCATTATGCCTATTTACATTCACACGAACCCCAAAATTCAAAGGGATCTGGAAAAAACTCGTGTGCATTTTAGCTTGATAGCCCGTCAAGTAATGGTTGATAAAATCCGTTTCACTCACCCACATGCTCAAACCACTCCCTACCCACGAACTCCCCGCTAAAGCAAAGCCCGCATAAAAACCCACGCTAGAATGTTTTTGTGAATTATCAATGAAATTATAAAGATAGTCTATTCCAAGCCCATAGAGATGGTTATTCATTTTGCCCAAACCATCAAAGCCATTACCCACAAAACCAAAATTAGTATAACCATAGTCATAGAACAAGTAATAGCGAAACCCCTGATTTTTTTTCTTGGTAAAGAAATGCTTGTAACCCACATTCAAAGTTACCCCATACATGTTTGAAATGTTTTTAGAATAAGAGCTAGGATCAAGCGCGTTTAGGGAATTTGAAATTTGAGCGGTTTGAGAAGATAAAGAAGAAAGCATGCGGTTTTGGGATTGATTGAATTGCGCTTCTAAATTTTTTAATCTTTCTGCTAACTCTAAAGGGCTATTAGTGGGTTTTTGCATGCCTTCTAACGCTTGGGCTAATTGGGGGTTAGATGCAACGCCACCGCTAAGCGTGATGATTTTTTCAATATTTTCAAAGCTGGATTGGAGGTAGTATTTCTCAGCTTGCATTTCAGTAGCGCTTGGTTTGGAATTGTTTTTTAAATTGTTGTTGATGTATGCAAAGGTTTTAGGCATGTTTGTGATTTCATTTTTAACTTGATTGAGCTTATCGATCTTATTTTGAGCGTTAGAAATGATTTGGATGCGTTCTTGATTCAAAAAAGGGTTATTGTGTTGGATGGCATGACTAATGGAATATTCAAACCCCACGCTCGCATACGCTCCATTTTCTTCAGCGATACAAAAAGATAAAAATAAAGAAAAAGATAAAAAAGAAAATAAGGTTTTTTGCATGGGTGATCCTAATCAAAAATAATCTCAATCATACACTAATTTTAATAGAAAAAAGTGAAACCATTTTTAAGTCATTTTTGAATACAATAAGAGTATTTTATTTTTAAGGTTAGAATAATGAGTTTGATCGTTACGCGCTTCGCTCCATCGCCCACTGGCTATCTCCACATAGGAGGCTTAAGAACAGCCATTTTCAATTATCTTTTTGCACGAGCCCATCAAGGAAAATTTTTTTTACGCATTGAAGACACGGATTTGAGTCGTAACTCTATAGAAGCGGCTAACGCCATTATAGAGGCTTTCAAATGGGTAGGGCTAGAATACGATGGAGAAATCCTCTACCAATCCAAACGCTTTGAAATCTATAAAGAATACATCCAAAAACTCTTAGATGAAGACAAAGCCTATTACTGCTACATGAGTAAAGATGAGTTGGACACTTTGAGAGAAGAACAAAAGGCCAAGAAAGAAACCCCACGCTATGACAATCGTTATCGTGATTTTAAAGGCACGCCCCCTAAAGGCATAGAGCCTGTGGTAAGGATTAAAGTCCCACAAAATGAAATCATTGGTTTTAATGACGGGGTTAAAGGCGAAGTGAAAGTGAATACTAACGAATTAGACGATTTTATTATCGCCAGGAGCGATAGAACGCCCACTTATAACTTTGTGGTTACCATTGATGACGCTTTAATGGGGATTACTGATGTGATTAGAGGCGATGATCACCTTTCTAACACCCCTAAACAAATCGTTCTCTATAAGGCTTTAAATTTTAAAATCCCTAATTTTTTCCATGTGCCGATGATTTTGAATGAAGAAGGGCAAAAATTAAGCAAACGCCATGGGGCCACTAATGTGATGGACTATCAAGAAATGGGCTATCTTAAGGAAGCTTTAGTGAATTTTTTAGCGCGTTTGGGGTGGAGCTATCAAGATAAAGAGGTTTTTAGCATGCAAGAATTACTAGAATGGTTTGACCCTAAAGATTTAAATTCTTCGCCCAGTTGCTTCAGTTGGCACAAGCTTAATTGGCTCAACGCTCATTATTTAAAAAACAAACGCACGCAAGAATTATTAGAGCTTTTAAAGCCTTTTAGTTTTAGCGATCTCTCGCATTTAAACCCCACCCAGTTAGATCGCTTATTGGACGCTCTCAAAGAAAGATCTCAAACCCTAAAAGAATTAGCCCTTAAAATAGATGAGGTTTTAATCGCTCCTGTGGAATATGAAGAAAAGGTTTTTAAAAAGCTCAATCAAGCGCTCGTTATGCCCTTGTTAGAAAAGTTTAAATTGGAATTGAATGAAGCCAATTTCAACGATGAAAGCGTGCTAGAAAACGCCATGCACAAAATCATTGAAGAAGAAAAGATTAAAGCGGGCAGTTTCATGCAGCCTTTAAGATTAGCCCTTTTGGGTAAGGGGGGCGGGATAGGCCTTAAAGAAGCGCTTTTCATTTTAGGCAAAACAGAGAGCGTCAAAAGAATAGAGGAATTTTTGAAAAACTAAAAGATTGGCTCTCTAAAATGGGGGCATAAAGTTTGCATTTTTGAAAAATAAGAGGGTTTTAAGAGAAAATTATTAAATAAAAAAGTATTTCTAAAATTTTTTGCCCTAACTGAAATCAAGCTTAAAAGTTGGGTTCAGACAATCTTTTGGCAAACTAATCGTTTGAGGAATGACCTCATAATGGCAATAATTTTCATCTTCAAAGAGAGGTTTTATCAATAAACGGTTTGAAAAAAGCCGATTTTCTTGATTAGGATCAATAACGCCATTGTTTAAAAAGAGGGAAGTTCGCGCGAGTTTGGTTATTTCATTGGGGTTATGGCTTACCAATAACACGCTTAAATTTTCACGCTTGATAAAATCAAGCAAACCTTGTTGCACTTCGTTTTTTAAGGCGTTATCTAGGGCGTTTAAAGGCTCATCTAAAAGCAATAAATTCTTGGCTGCGATTAAAGCTCTTGCTAAAGCGACTCGTTGGGCTTGTCCGCCAGAGAGTTTAAGAATTTTTTGCTGGTTTAGATTTTCTAAACGCATTAAGCGTAACACTTCGTGGATTTTATTTTTATCTTTAGGGTGAGCAAAGGCGATGTTTTGATACACATTTAAATGAGGGAATAGGGCGTAATCTTGAAACACAAAGCCGATTTTTCGTTGCTGTGGTTTTAAAAAAATCTTTTTTTGAGTGTCTAGCCATACTGAATGATTGACTTCAATATAGCCACTATCCACTGCTTCAAACCCTGCTAAAATGCGTAAAATCGTGCTTTTGCCCGCTCCAGATTCTCCTAATAAATCCACAACTTCTGCTTCTTTAATTTCTAAGTCTATATTCAAATCAAACGCACCCCTAGATCCTAAAAGGTGTTTTTTAAATCGCGCTTTTATCATAAAAACGAGCTTTGTTTTTTATTCAAAAATAGGGTAACAAATAAGATACTAAAACTGATAAGCGTGAGCGTTAAGGCGTATTGGTGGGATTTAGGGTAATTGAGCGCTTCAGTTTCGTTAAAAATCGCAATACTGGCCACTCTTGTTTCCCCTAATATATCGCCCCCAAGCATCATCACCGCGCCAAATTCACCTATAGTGTGCGTAAAAGTTGTAATGATAGCCATCAACAAACTGGGTTTAATGTTAGGGAGTAAGACAAAAAAAGGTGTAATATTCCCCTTTACCCAAGCTATAACTGGCTTCTTTTAAAGAAGTGGGCAAGGAAATTAACGCGCTTTTAATAGGGCTTACCATAAAGGGTAAAGAAAAAACCACACTCCCTAAAATAAGCCCTTGAAAACTAACATTTAACGCATCTTGTAAAAACGCTCCCAAAAAAGAAGAAGGCGAAAAAATTAAAAGAAGATAAAACCCTAGCACGCTTGGGGGTAAAACTAAAGGCATATACACAAGCGTTTCTGTCAAGCTCGTTAAAAGATTGCACTTAAGGCTTAAAAAATAGCCTAAAAAAATCCCTATAGGGAGTAAAATAAGGGTGGTGATAAAAGCTAAAGAAAAGCTCAAACGCATGGTAATCAAAAACTCCATTGTTCGCCTTTTTGATGCGTTTTAATCCACAATATAGCCGTATTCTTTAAAAATAGCTCTGGCTTTAGGACTGAATAAAAAATCTTTAAAGACTTTAGCTAAAGGGTTATTAGCCCCATTTTTAGTGGTAATCAAGGCTTGTTCAATAGGGCTATAAAGGGCTTTATCAATGATGAAATAAGAGAGGTTTTTATCTTTTTTATCAATCAAGGATAACGCTCCAAAGCCTATTTGAGCGTTTTTAGTAGCGACAAATTGATGGGCTTGAGAAATAAAAGCGCCATAAACGATTTTAGATTTAAGACTGGGAGTGAGTTTTAAATGATCTAAGACTTCCATACTGGCTTTTCCATAAGGGGCCAGTTTAGGATTAGCCATAGCGATACGCTTAATTTTAGGATCTTTAAGAATTTCTAAAGAATTTATTTTTAGATTTTCGCTCCATAAAACCAACACGCCTTTAGCATAGACTTCTTCTTTAAAAGGGGTTATTTTTTCATCATAAAGCTTTTTAGGCCTAGCAATATCTGCTGAAATGAATAAATCAAAAGGGGCGTTTTGAATGATTTGAGCGTAGAGTTTGCCTGAAGAATTAAAGCGCTAATACTAATAGCGTCTTTTGAGTGTTCTTTTTGAAATTCTT
NZ_CP141771.1_gap34	1156310	1159263	2953	ATTATAATCAAATTGCAATCAAATCTAGTGATCTTTCAAAACCTGCTGGCAATAGCGCTCTAAAATCCTACAAGCGCTCAAAGAATCTAGCCGGCCGTCTTTGGTAGCGAGCCGCTTGTTTTTCCTACCCAAATGCTCTAAATTATCATAAGCTTCTATGCTGGAATTATCTTCATTAATAAAAACGATTTCGCCCTTAAAACCTACAAGCTTGATAAAATGCTCAATGCGGGCGTGGGTATCCGCATAGCTTTCATTGGGCTTGCCCACCACTAGCACTTGAATGTTTTTTTCCCTCAATAAATCGCTCAAATCCCTAGAGGCCTGATTTCTGTTGTGGCGTAAAATCGCTTCTAAAGGCAAGATAACGCCGTTTAAAAGCACAGCGATTCCAATGCGTTTTAACCCCACATCGCATGCCAAAATCATGCTAACACCACGAGATGATTGATGCGCTTAATCTTACCCAACAGCTCGTATTCTAAAAGCTTATCCCCAAATTTGAGATACGCCTCTTCATAGCTAGGGTTTTTCGCAAAATATTCTAAAAATTCATCTTTCATTTCAGGCATTTCTTTTAAATGGTAGTCTTTTAAAAGGGTGTTTATAAAATTTTGAATATTAAATATCCCTTGAGCCTGCCCTTTTTCTAAAAGCTCATTAGTGCCATCGCTTTCATTCAGGCGTTGGGGTAAAACAAATAAGGGTTTTTGGTATTTTTGGGCTAATCTCGCGCTACTCATAGAGCCGCTTTTTAAATCCGCTTGGGGGATAATCACTACATCGCTTAAAGCGATCACCAGGCGGTTTCTCGCTAAAAAAGAGCCTTTAACGGGCATGAAATCCTTTTCATATTCGCTTAAAATCAAGCCGTTTTGCGCGATTTCTTGGATCACTTTATGGTTGTTCGTAGGATAGATCAAATCCAAACTGCAAGGCGAAAGCATGATCGTTTTTGGTAAGGCGTTTTCTTGAGCGATAATATCCACGCCTAACGCTCCTCCGCTCACAATAACCGCGCCATTTTTAGCAAGCTCTCTAGCTAGAGTGATGGTGTGTTGCTTGCTGTAAGGGGTGGGTCTTCTTGTGCCGATGATAGCCACTTTTAAAGGCGCTTCTAAAAGCTTGGTATCGCCCACACAATAGAGTTTTTTAGGGGGGTCTTTGAGAATGTCAAAGGCTTTAGGGATATTTTCTAGCGTGCTGTATTGGAAATTACTTTTCATTTTAAACTATTTAGGCAGTATAATTTCCACTTCAATCGTTTCCACGCTCTGGTTGCCATCAAGGGTTTTGAAATGGATGTCTGAAGATTTAGTGTATTTTTGGATAACGGCAATGATTTCTTTACGCATCTCTTCCATGTAGGGTAAATTTAAGGTGCGCTCTTTGGCTAAAATCAATTTCAATCGGTCTGTTGCGGTAGCCGCGCTCCCTTTGTTTTTAAAAAAATCAAACAAACTCATGAAAATATCCCTTTTAACGCGCTAAAAAAGCCTCTTTTAGCCTTAAATTCCACGTATTCCACTTCTTCGCCTAAAATCCTTCTGGTGATTCGTTGGTAAGCTTTCGCGCTCTCGCAATCCGTGCGAATCACCGGCTCGCCCTTATTGGTCGCTGAAATAATATGGTGATCTTCAGGAATGATCCCAATTAAAGGCAAGCATAAAATTTTAAGCACTTCTTCTATAGGAATCATTTCGCCATTTGCCACTAATTCAGGTTTTAAACGATTGATTATCAAATGCTTATGCACCTTTTCGCCCCTTTTGGCCCGATTAGACTTCGCGTCAATAATGCCAACCACTCTGTCGCTATCTCTTAAAGAGCTCACCTCCGGCGTTACCACCACTAACGCCATGTCCGCATGCAAAATCGCATGCTCAAAGCCGCTTTCAATCCCAGCCGGTGAGTCAATCAAAATATAGTCAAAATCCGCCCTTAAAGCGTTGATTAAAATCGCTACTTTTTCCTTATCTAAAATATTTTTATCCTTACTTTGTGAGGCCGCTAAAAAAGAAAGGTTTTTCGTCTTTTTATCCGTGATTAAAGCCTGCGAAAGGTTGCAATTTTCTTCCATCACATCCACCACATCATAAACAATGCGGTTTTCTAAGCCTAAAATCATATCCAAGTTCCTAAGGCCTATGTCAAAATCAACCGCTACGACTTTTTTACCGCTCTCAGCCAAGCCGATCGCTAAATTAGCCGTGGTGGTGCTTTTACCCACGCCCCCCTTACCTGAAGTGATAGTAACTACTATTGCCATATAATTCCTTTTAATTTAATTGATTTATTTTTTATGATTGAATGGGGTGCGTAAAATTTCCCCAATTTGTTCTATTTTAGTCTCTTTAAGGGCTTTTCTCTCTGTGTTTAACCTGGGGTAATTCAAGCTCTTTTCCAGTAAAAAATCCTTAGCGAATGAGCCGTTTTGAATCTTTTTTAAGATTTTTTGCATGCGTTTTTTTAGCAGACTTCCCATAGGCTCTCTAGCTTTAATCGCTCCAAATTCAGCGGTGTTAGAAATGTGTTTCCTTAAGCCTTCTACCCCCTTATAATGCAATAAATCCGCTACTAATTTCACTTCATGCACGCATTCAAAATAGGCTAATTCTTCAGGGTATCCTGCCTTAATTAAAGTTTCAAACCCCATTCTCACAATCGCTTCTAACCCTCCGCACAAAACCGCTTGCTCGCCGAATAAATCGCTCTCGCATTCTTCTTTAAAGCTCGTTTCTAAAACCCCCATTCTCCCCCCACCCATTGCTTTAGCATAGCTTAAAGCCACCGCTTTAGCGTTATTTTTTGAGCTTTCTTGCTCTATGGCGATCAAATGGTATAAGCCCCTATTTTTAAGGTATTCTTCTCTTAGAGTGCTCCCGGGCCCTTTTGGCGCGACTAAAATTGCGCCCACGCCTTTTGGAAGAACAACCTGATTGAAATGCATGCT
NZ_CP141771.1_gap35	1197664	1199301	1637	TGCGCTTTGATACAAAGCGACTAATTCTTTTTGGTTTTCGTCTAAGGTTTGGGGCTTTTTCTTGCCATAAGCGATCTTGTCTTTCACTTCTAAAATGTCGCTCTCAGTGATTTCAATTCGTTGGTGTTTTAGGGCGTTTAAAGCGCTTTCATTGATTAAAGTCGCTAACATCGCCCCGCTAAAACCCACGCAAATTTTAGCGATCTTAAGATAATTGAGTGCATGCTTTTTGTTTTCTAAAAGCTTTTCTAAAATGCTTTGTCTTTCTAATAAATCCGGTAAAGAAATGAAAATGCGCCGATCAAAACGCTTGCTCCTTAATAGCGCTTCATCCATCACTTCCATTTGGTTAGTCGCTCCTATCACCACCACCTCATCGTTTTGCAAAAACCCATCCATTTCGGTTAAAAGCTGGTTGAGCGTGGCCTCTCTCTCATCGCTCCTATGCCCTCCCCTAGCCTTACCCAAAGCGTCAATTTCATCAATAAAAATAATAGAGGGGGCATGCCTTTTAGCATGCATGAAAAGTTCATGCACTTTTTTAGCCCCAGCCCCCACATAAATTTGAGAAAACGCGCTCCCGCTTTCATAAAAAAACGGCACTCTGGCTTCAGTTGCTAAGGCTTTAGCAATCATGGTTTTCCCCACTCCAGGAGGCCCAATTAACAGCACGCCTTTAGGGAGAAAAATCCCTAAATCCTGGTATTTTTTAGGGTTTTTTAAATAATCTATCACTTCTAACAATTCTTCTTTGACTTCATCCACCCCTGCAATATCTTCAAAACGCACCCCCAACGCATCGTATCGCTGGAACGAATTTTCCAATTCGTTTTTGTGCACGCTTTCTAAATTCATTTTAGTGTCCAATCGTTTAGGCAAGCGCCAAAAGATCCCAAAAAGCATGCTAGAAATGAAAAAAAGCAACGCCAAAAAGATTTTAGAAACCTTGTTTAAATTTTCTCGTTTTTCTATGGGCATGCTTTCTGGGATTTTATAGGCTCTTAAAAAGGCTTCTTTGTTGGTTTTATAAAGACCTTTGTTAGCGTAAAAATAATTTTCATCTTCGGTTAGAGTTTGCTTAGGGTGGGATTGGATCACATAAAAAAAGTCCTTACTGGATATGAGCCTAGAAATATCGCTTAAAATTAAAAAAAGAAGCAAGCAAAAAGTAAGGATCAAAAACCCTAACGCCAAAACAAGCGAGCGGTTTTTGATGCGTTTGAAGGGAGCGGTGAGGTTTTCTAAATTTTTAGAAAACGGCATGATTTTCTCTCTCCTTAATTTCATACTCTTTGATTTCTAAAAAACTAGCCCTTAAAGGCTTATCGCTTTTGATTTTAATGGGGTTAAAGAATTGATCTAAGGCTTTAAATTCGCCGTCTTTTTGCACTTCCACTAAGGCTTTTAGGGGCGTATTGAGCTTGAGTTGCAACAGCCTGAACGCCTTATTTTTATGCAAAATCAAATCTTTAATCGCATTCAAACGCTTTTTAGAATCTTCCAAGCTCACGCTATCATGCATCAAGCTAGAGGGGGTGTCTTTTCGTTTGCTGTAAATAAAAGGGTGGATGTGCGTTAAAGGCAAGCTTTCTAAATTTTTAAACGCTTTTTCAAAAACGCTTTCGCTCTCGCCCGGA
NZ_CP141771.1_gap36	1235198	1239385	4187	AAGCTTCCAAAAAAGAATGGCACCATCTCGCAAAACTTTGTTTAGAAGAAGTGTGTTTAAACCCTGAATTGCTTAACTTTTACGCTTATGAACTCAGCGGTGGGGAGCGCCAAAGAGTGGCGATCGCTAGAGCGATTGCCTTAAAACCTAAAATCATTCTTTTAGATGAGCCCACTTCTGCTTTAGATAAAAGCATTCAAAAAAGCGTGTTGGAATTGTTATTGGATTTACAAGAAAAGCAGGATTTGAGCTATTTGTTTATCAGCCATGATTTAGATGTGATCAAAGCGTTTTGCGATAAGGTGTTAGTGATAAGTGAGGGGAAAGTCGTAGAAATGGGCGCTATTAAAGAGGTGTTTGACAACCCTAAGCACGCTTATACGAAGCGTTTGTTGGAATCTAGGCTTTAAAAAAGCTTTATTTAAAATTCATGCCTTTAAGCGTTTTTAATCGCTTTTTTAATGGGTATTATCTTGGGTGTTATCTTTTAGTTTTCTACAAACAAAACAAAGAAACTTGATAGGGGGCTGTTTTTAAATAAGGGTAGTTGTCAATAAAGAATGAAAAGACCTTGGATTCTTCAGGCAAGATCTTTTCTTTAAAGGTTTTTTCATAGCTTTTTTTGACAAACCATTTAAACGCATGCTCTTCTACAAAATTGTGAGAGTTTTTAAGCACTTCTAGGCGTAAAACGCATTTGTTTAAAGTAAATTTGGAATTGTTTTTGACTCCCACTTGCAAAGAAAAAGCGTTGCTATAACTTAAAGGGTTAGCGTGCAAGATGCGTGTTTCTATGGGGTAAATCGCTTGAGTGAGTAAAACCTTCAAAACAAAAGGCATGCTTAAAAACGCGCCCAAAAAAGCCGCTGCCGCTATATATCTGGCCAAGCGGTTTCTTAAAAGCAAAGCCAAAAGGAGCAAAATCGCACAAAAAAGGATTAAAACGCTCGCTATTAAAACGCTAATTAAAGTCGCTTGACTTAAAAAGCCCTTAAAAGACTCCAAAAAAGCTTGGATAAAGGCAAGAGATGCCATGCGTTTTTAAGGCTCTTTAGTCTCGGTAATACTAGATTTAACCTTACTTTTAGTGTCAATCCAAATATTAGGCACAGCCCCACCTGGAGTGAGCATGATTTGAGCGTTATTGTTGGTTTTTAACGCTTCATTAAACTGGCCTTGAACTTCAATCTGGCGCAATCTTAAAAGCTTGTCGCTCAAGCTTTGTGAAATGCTTAAATTAGCTTGAGATTTTGCCTTAGCCTCAATCACGATCGCATCAGCCACGCCCTGAGCCTTAATCCTGTTAGCGTCCGCTTCCCCTTTAGCCAGAGCGGCTTGTTTTTGAGCTTCTTGCTTGGAGCGCTCCACCTCGTATTTCACTCTTTCTGATTCTTGGCGTGCGATTTGGACTTTTTCAATCTGCTCTTTAATCTTAGCGGGCAAGACGATTTCTCGTAACTGGATAGAGCTTAATTCCACAGGGGTGTTGGGGAGCTTAGAAACTTCTTTATTGATACCGCTATTGATCAAAGCGGCGATTTCATTGCGTTTAATGGGTAAATCTTCAGCCGGGTAGCGCCCCACGACAGAGCGCACCACATCGCGCACCACAGGGTTGATGATTTTTTGCTCCCAAGATAAGCCATAAGTAGCGATCGTTTGGGGGGTGGTTTGAGGGTTTAGGCGGTATTGCACGGTGAGTTCAATAGAAACGGTCAAGCCCCTACTATCCATCACATTAATAGCGTCGTTTCTAAAAATCCCCTGGTTTTTACCCGCCACGCCCATGTCTTCGGTGCGTGAAAAATTGATATTTCTAATCCTTGTATCCACAATGAGGATGTCTTGAATGATAGGCACAAAAAAATGGATCCCTGGCTGTAAGGGGGTGGGTTCGTATTTCCCGGCGGTGATTTTAATGCCAATTTCTCCTGAGCTAATCACTTCAAAAGGCTTGGCCAAAAAAGCGATAACGCCTAAAAGGACAATGACAATTAAAACCGATAGTTTTTTAGAATTAAAAGAATTAGACGGCGGAATGAAACGCCCCCCATTATTAGGCGTATTAGGCGTGGGGGTTTCTCTTTGAGAATTTTTCTTTTTTAAATGTTCGTTCAAATCAATGGGCATGAATTTCCTTTTTAAATATTTTAACGGCGTTTGGGTTTTTTAGAATGGTGGTTTGTTTTAGGGTGTCTGTCTTTGTGCTGACCCTTTTTGAAAGAACGCGCTTGCTCATGCGGGTGCGTTTTTTTGTTAGAGGGTTTTGGCGTTTTTTCTTTAGGGTTTTGAATCGCATCAATTTCTTGCTGGTTTAAGCCAATTCTGCTGGTTTCAAACTGCAAACTCAAAAGTTTTAAAACCAACTGAGACGGCTCAAAGATTTCGGTAAGCTGTTCATAAAGACTGATGATCCCTTCAGACACTTTAGCGTCATGTAAGGTTTTGATGATCTGGTTTTCGTTAATGGTGGGGATCTCAAAAAGTTCAATCTCTGAATCAATTTCTTTTTGCATGCGTAAAAGCTCTTTGTATTCTAAGGGGGTTACTAAAGTGATCGCCATGCCTTTTTTGCCCGCTCGCCCAGTTCTCCCGATGCGATGGATATAGCTCTCGGTATTTAGGGGCAAGTGGTAATTGAACACATGGCTTACACCGCTAATATCTAGCCCACGGCTCGCCACATCTGTAGCCACCAACACATCAGCGTCATTTTTTTTAAACGCCATGATAGAAGCGCGCCGATCCCTTTGATCCATATCCCCATGCAAGGCGGTGCTTTTGTAATTTTTAGAAGCAAGGAATTGGTGCAATTCATCGGCTTCTTTTTTGGTGCGCGTGAAAACAATGCTCTTTTTGGGTGCTTGGGTGTCTAAAAGGCGCATGATCGCTTCAGCCCTCTCATGCTCATTGATCACATAAAAGCGTTGGGTGATGTCAGTGTTAGTGATATTAGAAGGAGCGATATGGATTTTAATAGGGTTTTCTAAAATCTTATCCGCCAATCTTTTAATCGGATCTGGCATCGTGGCTGAAAAAAGCAAAATCTGTGCTTCGCTAGGGAGATAGTCAAAAATCTCTTCAATATCGTCTAAAAACCCCATATCCAGCATTTCATCGCTTTCATCTAAAACGACCACTTTAGGCACAAATTTATGGATGCGTTCGTTTTTTAAATGATCTAGCAACCTTCCTGGTGTAGCGATCATCACTTGGGGGTTTTTCTTAATAAATTCGCATTGTTTTTTAACGCTCTGGCCTCCATACACGCACACGGTTTTAGTCCTGGTGTGTTTGCCCAATTTGAAAATCTCATCGCTAATTTGCATGGCTAATTCTCTAGTGGGCGTGATCACTAAGGCCTCTATGGTGTGGTTGTTTTTAAGGTTGTTGATAATGGGCAGAGCGAAAGCGGCGGTTTTTCCTGTGCCTGTTTGGGCTTGTGCGATGACATCTCGGCCTTGCAAAACAGCCGGAATGGCCTTTTCTTGAATGGGGCTTGGAGAAGTGAAACCGGCTTCATAAACGGATTTTAAAACCGATTCTTTTAAGCCCAAATCATTAAAACTCGGCTTATGGTAAGCGTCATCATCAATTTCTGTAGGGAGTGGTGCTTGATTAAATTCCATGGGAGATTCATACCTCAATTTAATTTGAAACTTTATAAAAAGCTAATAAAAGGCTAAAATTAAAATCTTTGATTTAAAGTTTATAAGATTTTTGAGTATAGCATAAAAATGCGCTCAATTAGGTTTAAAGTTTTTATAAAAGGCTTATGCTAAAATAATTAGAATTTAAGGAATAAAGAAAGGGTTTGATTGAAACGGGTGTTTTTATGGCTTATTTTTGTATTAGCCTTTCACAAGCTTTTGGCCGAAAAAATAGGCGATATAGCGAGCGTGGTAGGCGTAAGGGATAACCAGCTGATTGGTTATGGGCTTGTGATTGGCCTAAATGGCACAGGGGATAAATCCGGCTCAAAATTCACCATGCAATCCATTTCTAACATGCTAGAGAGCGTGAATGTCAAAATCTCTGCAGATGATATTAAATCTAAAAATGTCGCTGCAGTGATGATTACAGCCTCATTACCCCCCTTTGCAAGACAGGGCGATAAAATTGATGTTCAAATTTCTTCTATTGGGGATGCAAAATCCATTCAAGGAGGGACTTTGGTGATGACCCCT
NZ_CP141771.1_gap37	1259641	1264370	4729	GATTTGAGAGAAGGCTCATTTGCCGCGCTTGGAGGGCTAATGGGGGCGATTTTAGGGAGCTTTATCTTAAAAATCATTGACGATAAGATTTTAATGGCGGTGTTTGTGGTGGTGGTGTGCTACACCTTTATCAAATACGCTTTTTCTAGCAACAAGAAGCCAGAACATTTTGAAGAAATGCATTTTGATTTGCATGCGAATAACAAAACGCCAGAAAAAAAGCGCCCGCTCCCTTTTGTGTCTATGGACAGAACGCATGGGGTTTTGATGCTCGCCGGTTTTGTTACCGGCATCTTTTCTATCCCGCTAGGCATGGGTGGGGGGATTTTAATGGTGCCGTTTTTGGGCTATTTTTTGAAATACGATTCTAAAAAAATCGTGCCTTTGGGGCTATTTTTTGTGGTGTTCGCTTCTTTGTCCGGGGTTATCTCTCTTTATAACGGGAAGGTTCTTGATAATATAAGCGTTCAAGCGGGAGTGATTACTGGTATTGGAGCGTTTTTAGGGGTGGGCATTGGCATTAAGCTTATTGCTTTGGCTAATGAAAAGGTGCATAAAATCCTGTTGCTTCTCATTTATGCTTTAAGCATTTTAGCGACTTTACACAAGCTCATTATGGGGTAAATCTAAAAACGCTTCAAGGGCATTTTTAAAGATGAAACAGCAAAAGAGCTTGATTTTAATCAAAGGATAGCTTTTTAAAAAAAGCTTTAATTATCCCTATTTATTTTAAGTGAAACCGCCCCTTTTTAAAGCAAGGAGCTTCCTGACTAAAGCATTCCATTGAATGCTAACACGAAAGGCTCTTTATAGTCTGCATGGATATTTCCTACCCCAAAAAGACTAGGGGAATTTTAACCTCTTTTAGCTTGAATATAGCCTAACGGCTATACGCTTACATCTTGCGACCTAAAGGACAGAGTTTTTCGCACTAGTGGAATAAAAACCATTTTATAAGGCTCTTGCTTTTTTAGCGCATTTGTGATAAGGTTAGGTTCTGTGAGTTTAGGGGTTTCCAAACCTACTCCTTGTAATTGAACCATAAGGAGACTCGGTTGGATCACTCTCGCTATTATAAATTTCATAACTGCTTATTACCCACTTATTCTCTAGCTTTTGATTATCCCACTTATCATTAAGTCCTACTCGCATGCACTTGTATAGGGGTTGTTTTTTTTCAATAAAAATCGTTAAAAAACAATCAGTTAAGGTGGGTTTTAGCGTTTTTAAAATAACGCTTACCCCCCCATTTTAACCCCCATTAGGGGGCTTAGTCATTACCCCTTAATGCGTTTTTTTATCCTGGATGTATTTTTTCAATTCACCCTTTTTGATATAAGGGATAAACTCGCCATAACCCTCTTTTTCCATGTCTTTTAAGGGGATAAACCTTAAAGCCGCACTGTTGATACAATACCTTAAGCCCCCCAATTCTTTAGGCCCGTCGTTAAACACATGCCCTAAATGCGCCTTACCAATACGGCTCAATACCTCAATGCGTTTCCTATTAAGGCTCTCATCGTCTTCGTATTTCACCACATCTTTATTGATAGGCTTAGAAAAGCTTGGCCACCCGCAACCGGAGTCGTATTTATCCGCTGAAGAAAATAACGGCTCGCCTGTGGTAATATCCACATAAATGCCCTCTTCTTCTTTGTTGTAATACTCATTTTCAAAGGGTTTCTCAGTGTGTTTGTTTTGAGTCACCTCATACTGGAGTTTGGTGAGTTTTTTCTTTAAAACTTCATCGCTTGGTTTGGTGTATTTATCGTCATCCACAATCACTTCATCCGCCTTTTTCAAATCAATATGGCAATAACCACCAGGATTTTTCTTCAAATAATCTTGGTGGTATTCTTCAGCCCTCACATAATTTTTTAAAGGCTCTACCTCAATAGCGATTTTGCCCTTCACTTCTTTTTGTAACACTTTTAAGGCGTGATCTATCACTTCTTTATCTGCGCTATTGACATAATAAATCCCTGTGCGATACTGCCTGCCCACATCATTACCCTGCTTATTCACGCTCACTGGATCAATCACCTTAAAATAGTAACGCAACAATTTGTCCAAACTGATTTTTTTAGGATCATAGATCACTTTCACGCTTTCAGCATGATCGCTCTGGTGCAATTTTTCATAATTCGTGCTTGAAGTCTTGCCGTTAGCGTAACCAGAGCTTGCGTCTATAACGCCATAAATCCTCTCCATATACGCCTCTAGCCCCCAAAAGCACCCCCCAGCCAAGTAAATCACTCTTTCATCGGTTTTTTGGTGTTGAGATCCCATGTTTTCATTCGCTTGCATAAACGCTCCTATTAGTAGAAAAAAATAAAAATGTTTCAAGTAAGATAATACTTTCATTGAATAACCTTTGTTTTAATTTTAATGGTGTCCGCCATTATAACTAAAAAAAATGGTAATTGTTCTTTAAATTGAGTTTAAATTTCAATAAGGCTCTGTTCTATTAGGTAACAAAAGCTCCAATCACATCCATTCAACAATCTTGCCCACCGCATTGGCTTCATAGCATTTGATCGAGGTTTTTTGGCTGGGTTTTTTAGGCAAAATGGCTTTTAAAAAGCCGTAATTTTCCATTTCTTTCAATCTAGCGTTCAAATTGGGGGCTTCTAAAATCCTGCCATTCAAACTCACTTCGCCCAAAAACGCCGTTTTATTGTCAATTTTTCTGTTTTTAAAGCTTGAAAGGATACTGGCAATGACCGCTAAATCGCAAGCCGGCTCGCTAATCTTAATCCCTCCGCTCACATTAATGAACACATCATGGCGGTTTAAGGGGATTTCTAGCTTTTTTTCTAATAAAGCGATGAGCATGTTAAGGCGGTTGGTGTCAAACCCGTTCGCTAATCGTTTGGGTGCTCCGAAACTGCACTCGCTCACCAACGCCTGGATTTCTAAAATCAACGCCCTTGAGCCTTCTAAAGTGATGGTAATCGCACTCCCCTCCATAGGCTCTTCTTTGGAAAAAAACAGGCTTGAAGCTTCTTTAGCGCTCACCAAACCCTGCTCTTTCATCTCAAACAAGCCGATTTCACTCGTAGGGCCAAAGCGGTTTTTAAAACTCCTTAAAATCCTTAATTCCCTACTGGGATCGCCTTCAAAATACAGCACGCTATCCACCATATGCTCTAGCACTCTAGGCCCTGCGATGCTCCCTTCTTTAGTGATATGACCGATGATAAAAACAGCAATATTTCTTGTTTTGGCTAAACGCATGAGCTCAAAAGTGATCTCTCGCACTTGCGAAATAGAGCCGGGCGCTGAAGAAATCTCTGGCGAATAAAGCGTTTGAATAGAATCAATCACGCAAGCAAAATAATTTTCGCTTTCAATATTAGCCTTAATCACAGGCCAATTGATTTCATTGAGCAGATACAATTCTTTTTCTATGCAATCCAATCTAGTGGCACGCATTTTAATCTGGCTCAAGCTCTCTTCCCCGCTCACATACAAAACCTTTTGCTGGTTTTTGGCTAAGCCAGAAGCCACTTTTAAAAGCAGAGTGGATTTCCCCACCCCAGGACTCCCCCCAACTAAATACAACCCCCCTTTAGCAATCCCCCCACCCAAAACAATATCCAATTCGCTTTGAGTGGAAGAAAATTTGATCACTTCTTCATGCTCAATTTCAGCGATAGAAACGCTTTTTTGCGCTTTTGAGATCGGATTTTTAAGCGTGTTTAAAACTTCCTTTTGGGTTTGGTTCAATTCTATAAAACTTTCCCATGCGTTGCATTGAACGCACTTTCCTAGCCACTTAGGGCTTGTAAAACCGCAATGCTGACACTCAAATAAAGAAGTTTTTTTAGCCAAAATACCACTCTTTTTTAAAATCACACAGCTAAAGACCAGATAAAAATGGGGTTTTTGTTTTGTTCTATAGCAAAACTCATAAAGCTAGACTAAAAACAAGTTAAAAAGTCATCAAGGGCCATTTTGCTCTATTTTTCTTAAAGCCTTCAAAATATAGCGTTTGATATAAGATCCCACGCTTTCTTCTTCTTCGTTAGCCATTTTCTCTAGTTTTTGGTATTGCTCATCAGAAAAATACAAGCTCACAGCACGAGTTTTTTTATTAGCGTCTGCTTTTGGTTTGCGTCCTAGTTTATTTTTAGTTCCCCTTAAGCGAGTTTCATCTGTGTTTTCTGTCTTTTCCATCAAGTTCCTTCAATCATCATCGCAAATCGCTTCAAAATAGCATATTAGCATAAAAGTAGCGTATAATGAATACTGTTGCAAGTGCTAATTATTCCTCATTCTTGAGTTTATTAGTGCTTCGCTTAAAAAAGGCCTCCACCCCCTAAAAAGTTCAAATCAAATCGGTAACACCCTGATACTGCGATCCAACAATTCCTGCAAGGCGTTTTCAATGGCAAATAAAGTCCCTGTAGTCGCGCTCATGCACCCATCGCATGCCCCCATGTAGCGGATATACACATCAATGTAATCATCGCTTTCTTTAATGTCTAAAATCTCTAAATCCCCTCCGTCCATCATAAGCATCGGGCGGATATTTTCCTCAATGACTTTATCCACCGCTTTAATCTTTTGAACCATAGTCATTTCCCTGAAAGCCAATTCCCCGCTTTGAGATTTGTTAGCGGTGGCTTTAAGTTTTTCAGCTTCCATTTCTTCGCGCACTTCTTTAAGAATATCCACCAGGTAATAATCCCTTTTTTCATGCCCTCCAGGCCTCACACAGCTTTTA
NZ_CP141771.1_gap38	1284380	1289209	4829	ATACTTGCAAGAAATCAACCAAGAATCACTAAAAGAAATCAAACAATCAAAATATCCTTTTAACATTGAAGCAAAAGGCGAATACAATAATTAATGTATGGCAACTTGAATTTTTTAACGATAAAAGCTCTCTTTTATTTAAGATAAATTTTACAGAAATATTAGAAAATATTGCAGAAATCTTGGAATACAACATGCAATCAAGAATAGATTCTTTGATCGCAAAAGAATTCAACGAGCTCTTAGCGATCGCTCAAGACGACCATCAAGATAATTACCAATTAAAAATTCGTGTCCGACACAACAATAAGTTTTTTAGAGAGAAAGGCACGGCATATGAAATAAAGCTTGAAATTTATGATTGCAGAAAATCCGACAATCAAAAACCAATCATTTTAAGCCAGCAGAGCACAGGTTTCCAATGGGCGTTTAATTTCATGTTTGGTTTTCTCTACAATGTGGGATCAAATTTTAGTTTTAACAAGAATATCATCTATGTTATGGACGAGCCAGCTGCCCACTTGAGCGTGCCAGCCAGAAAGGAGTTTAGGAAATTTTTAAAAGAATACGCTCATAAACATAATACCACTTTTGTTTTAGCCACCCATGACCCCTTTTTGGTGGATACGGATCATTTAGATGAGATAAGGATTGTAGGAAAAAAAGAAGAAGGCTCTGCGATTGAGAATACCTTTAATTATTCCCTAAAAAACGATGCAAACAGAAACTCCGACGCCCTAGATAAAATCAAACGCTCTTTAGGGGTGAGTCAGCATGTTTTTCACAACCCCCAAAAGCACCGAATCATCTTTGTGGAAGGCACCACCGATTATTGCTATTTGAGCGCTTCAAATTGTATTTCAATGAGCGAGAATTCAAAAACGACCCCATTTCTTTCACTTTCTTACCCATTTCAGGGCTTAAAGACAATCAAACAAACATGCAAAAAACCATTCAAAAACTCCACGAATTGGACAACAACCCCATTGTTTTGATAGATGATGACAGAAAAAATGACCCTAACCTTGACCCACAAAACGCAAAAAGCGAACAATTTAAAAGAGCTAATGAAGAAATGCCTAATCCTATCACAATTTTACAGCTCTCAAGTTGCGATGAAAATTTCAAACAAATTGAAGATTGTTTCAGCGCAAACGATAGAGAAAAATACGCCAAAAACAAACGCATGGAATTGGCCATGGCGTTCAAAACAAGGCTCTTGTATAGCGAGAAAGATGATGTGGTGAGTGAAGAAACAAAAAAGAATTTTCTAAAATTGTTTGAGTGGATAAAAGAAAGAGTAAAACAACCCAACGATTAGAAAAGGGTATATCAAATTTGATTATAATACCCCACAAATATTATAAGTGAAAGGATTTTGATGTTTAAAAAAATGTGTTTGAGCTTGCTAATGATAAGCGGTGTTTGTGTGGAGGCAAAGGATTTGGACTTCAAGCTGGATTATCGCGCGACCGGGGGGAAACTCATGGGGAAAATGACGAATTCCAGTCTTTTAAGCATCACTTCTATGAACAATGAACCAGTGGTGATTAAAAATCTTATTGTTAATAGGGGAAATTCATGCGAAGCGACTAAAAAAGTGGAACCCAAATTGGGCGATAAGTTTAAAAAAGAAAAACTCTTTGATCATGAATTAAAGTATTCACAACAGATATTTTACCGCCTAAATTGCAAGCCTAACCAATTGTTAGAAGTTAAAATCATCACGGACAAGGGCGAGTATTACTACAAGTTTTCTCAATAAAACCGCCCCTTTCTCAAACAAGGGGCTTTCTAGCTAGATCACTCCGTGAGAGCACCCCCTTTCTAAAGAAAGGAGCTTCCTAACTAAAGCATTCCATTGAATGCTAACACGAAAGGCTTTGTTCTTTAAAGTCTGCATGGACATTTCCTACCCTATAAAAGACTAGTGGTATTTTAACCTATTTTGGCCTAACGGCTATATGCTTGCATCTTGCGACCTAAAGGACAGAGTTTTTTGCGCTAGTGGGATAAAATTTAAAAAAGAGTTTTGCCACAAAGCGACCAAAACCTCTCATGGAGTCTTTTGTTGGGACTGCTCTAAAGCCATTTGCGCATGCTTGCAATCCTTTTTAAAAGACTTCGTAATAAAATTAACCTTAAGAGTCGAATCAAAGGCTTCATGGCATTTTTTAAGCTTGTGATCGCGCTCTTGCGGGTCTTGCAAGTAATATTTCACTGAATGCACAAAACTAAAATGAAACCCCATAGGAGGGATACGGCTATCTGGAGTGCCTTCGCAAAAATCGCTGCAATAACTGCTTTGCGACTTTAACCCCCCCAACACCACTAAAAATAAAAAAATCATCTTTTTCATCAATACTCCTTCAATCCTTTTTACCCTCCAAAATACACTAACGCTGAACCCCAAGTCAATCCCCCACCAAAAGCGTCTAAAAGCATTAAATCGCCCTTTTTCAAACGCCCCTCTTCATAAGCTTCACACATGGCCATAGGGATACTAGCTGCTGAAGTGTTGCCGTATTTATGGACGGTTAAAACCACCTGCTCATCTTTAAAATCCAAATGCTCCCGCACCGCTTGGATGATCCTAAAATTAGCTTGATGCGGGATAAACAAACGCACATCTTCAGGTTTGAGAGCGTTTTTTTCTAAGATCATTTCCGCATCTTTTAAAAGCGTTTTTACCGCTAGTTTAAACACCTCATTGCCTTTCATGCGCAAAAAAGGCTCTAAAGCTTCTTCTTTAGCGTTAAAGGGCGTGGGTTTTAGAGTCCTTGGCGTATAGAGATAATTAGAAAAATTCCCGTTCGCTGAAATTTGCACGTCTAAAACGCTCTCTTTTAAACGCTTGGTTCTGCCTATCACGCACGCCCCAGCCCCATCGCCAAATAAAATACAAGTCCCCCTATCTTTAAAATCTAACACGCTGCTCGTTTTTTCCGCCCCCACAATCAGCACATTTTCGCACATCCCACTCTCAACATAAGCCTTAGCCACCGATAATAAATAAATAAAACCCGTGCAAGCGGCTGAAATATCAAACGCCGGTTTGTTTTCAATGCCTAATTTCGCGCTCAACACGCAAGCGGTTGAAGGCATGGCTAAAAAATCAGGGCTTAAAGTCGCTACAACCACCAAATCAATGTCTTTTGGGGTTAAATGCGCTCTCTCTATGGCTTGTTTAGCCGCTATTACCCCTAAATCGCTACTTTTTTCTCCATCGTTAGCGAAACGGCGTTCTTTGATACCGGTCCTTTTTTCTATCCATTCATCGCTGGTATCCAAAAATTGCTGGAACTCTGCATTTTTCACACGCTCGCTTGGAGTATGCATCGCAATGGATTTAAGAGAGGCGTAAAATTCCATTCAATCCCCTTAACATAGTCATCTTTAAGCGTCTTGCTGATCACTTTGAGGCACAGAAACGCTAGGCTTCAAGCTCTCAAACGCCTTAGTGATCCTCAAACAAACCTGACTTTCAACAGCACTAATAGCCTGATAAATCGCGCACTCAATCGCTCTAGCGTTGCTCTTGCCATGGCTAATGATCACGCTTTTATTCACGCCTAAAAGCGGCGCTCCCCCATATTCAGCGTAATCGGTTTTTTGTTTTAAAATATCAAACGCATTCTTAAGCATCAAAGCCCCCATTTTAGATTTAAAAGAGCTTTTAATTTCATCTTTAAAAATAGAGCCTATCGCGCTAGCGACCCCTTCTGTCGTCTTTAAGACCACATTCCCCATAAAGCCATCGCAAACCACCACATCCACAACCCCTTTGAAAATATCGCTCCCCTCCACATTGCCATAAAAGAAGTCGTAAGCTTTCAGTATTTTATGCGTTTCTTTAACGAGCATGTTCCCTTTAATATCTTCTTCACCATTACTCAAAAGACCCACCTTAGGGCTATCATAATGCAACACGCTTTTAGCGTATTCATACCCCATAAGAGCAAAATCAATCAAATATTCAGGCTTGCAATCCGTGTTCGCTCCTGCGTCTAATAGCACGCTAGGGCGTTTGCCAACGCTAGGCATTAAAGTGCAAATGGCAGGCCTTTCAACCCCTTTGATACGCCCTAAACGCAAGGTTGCTAAACCCATAGTCGCCCCGCTATGCCCCGCTGAAATCAAAGCGTCAGCCCCATTTTTTAAAATATCCATACCCAAGTAAATGGAAGATTCCTTACGCTTGATCGCCTCAGTGGCGGCTTCTTCCATTTTAATGTAATCTTGCGTGTGGATCATTTCCACTTTGCTGGCTAACTCTTTAGAAATAAAAGGGGTCGCTTTGTCTTTATCCCCCACTAAAACCGTGCTAAAACTCTTATTTTCTAAAGCCCTTGAGACTCCCTCAATAATGGGTAAAACCCCATGGTCAGCCCCCATTAAGTCTATTACAATTTTCATCATGCGTCCTTAAAAGGCTTGTTGCAATCCGTTGCAATCCTTTAAAATACTTTCTATCATCAAAGATAGCTTTTATATTAGTATTCTTTAGTAAATTTGTTAATGTGGTGGGGAAGCTTCCAAGTGCCATCTTTAGCTTTTATGGGCTTAGCCAACTTAACGCTATAATGCGTGCGTCTTTTTGCCGCTCTTGTCTTACTCACTCTTCTATCAGGTACTGCCATAAATTCTCCTTAATTTCAATCTGCATAATGGTAGTCTAATCTAATAGACTCCACTTCAGAGCATAAAATTTCGCTCAAATCAATAAAACCATTGAAAGATTCAATAACATCTAAATTATCAAAATCCAAACTTTGGCTTTGCGTATCCCACAACCCGTCTGAAATATGCAAAACCAACGACTCATCAAG
NZ_CP141771.1_gap39	1300936	1305713	4777	GCCTACAACCTGATTCATGAGTATCTTCAAAAGGGCAAAGAGGGATTAAAAAGCAAGATGATCGCCCAATGCAGAAATGATATAGGGCAGGCTTCTTGGGAGCTTGTAAAGAACGCATTCAACTCATCATGCTTCCACTATGTATTCTTTGAAAAGAACTGCCAGGAGATGGGTCTTGTCGATCTCAAAAAGTTGATCCGAGAGAAGCAACTCTCCCAACAAAAAGAGCACATCATCCCCATCAATTTATTAGAATTGGACAATGAAATTGAGATCCAAAAACTTGGTTTTGAAGGCAAAAAAGATCTTGAAGACTACATTAACACATACGGCAACCTCATCTCTCTAGAAAATTCGCTCAATCCTAAGGCAAGCGATAAGGATCTGTATGGAAAAGATGAAATCTACAAAAGTAGTGAGATCCCTTTCAATAGGCGTTTTAATGTAAAAGGTTTCAACAAAAAGGTTTTAATAAAAAGGAATGATGAAATGCGAGAATGGCTGATCAACACCTTTTTTAAGGATTTCGCCGCCCACTAAGCGTGAGACTAAAGAAGTGTGAGCACACTTGTTCTCTTGCTTCTAGTCCCACCATCGCACCCCATCGCACCCATATAAAGCTAGTTTCAAACCACTCTCTTCTTGGAGAGTTAGGGGGTTATCAAACAACAAACAAATGTCTTTAGCGAATGAATGCTATTTAAGACTGAATTCAAACGCAAGAATTATCTGAATTCCTCAAAGACCAAGTTAGGTATATTGATCAAAAAATCCGCTTATCTTGACTCTCTGTTAAAATTATCCGAGCCGATGGAGCAAGTTGCCTCGTTTTAATGCTTGGGCGATCCGCTAAAAACCGCCCAAGAAAAGAATAAGAATTTCTAGCTCAAAACCCCTAGCGCGCTTCTATGACAACCGGTTTAGTCATCTTTTTGCTGACTTCATCAGCATGCATTAAGGCTTCTTGCTTGCTCTTATACGGGCCTATGAGATAGCGCTTCGTCGCTCCCCTATCTTCAATCTTATGGGGGAATTGATCAAACGCTTGCAAAAACGCTTTATTGGGCGTGTGCACAAAAACCCCCACTTGCAAATAATGCCCTTTAGTCAAATTGGTTTTAGAATTGGCTTTTTTAGGAGCTTCTTTATGGGCTTCTTTTTTGGCTTTTGGCTCTTTAGCCGCATGCTTAACTTTATCTTTATGAGCTTCCTTATCTTTAGGGGTTACTTTAGGTTTTTTATGGGGGGTTTCTTTTTTAGCCACAGCTTGAGTTTCTTTTTGAACGCTCATGGGAGTGTGCTCAACAGCTTTTAATTCTTTTTTAGCTTCTTGCGTTTCTTCTGTTGTCTTCATCTCCGTTTGAGTTTGATTGGTTTGAATGGGCATTTTAAACGCATCATTCTCTTGTTTTTTAACATTATCCGCCACTTTGTCCAGATCGCTTTCTTGTTTGGAAGAATCCAAATTCAAGCTTTCAAACGCATCGTCTTTTTTCTCGTCTTTAGTGTTGCCTATTTTTTGCATGCCGCTATCGGTTTGTAAAAAAGTCTCTTTAGGAGCGACTCTCGTGCTTTTCCAAAACACCATTAAAAGCACCGCTAAAATGATAATGGCTATAGCCACGATCAAAAACACCTTTTTAGTGCCGCCCCCATTATTTTCTTCTTCTAAGATCACTTCATTCAGTCTTTCTTTTTCTGACATCAAAAATCCTTTCAAAAATTGTTATAAATGCTTCGCCCAAGAGCTCCCTCGCTCTTTTGCAAACACTTCATAAGGTAAAGCTAAAATATTAAATTCCTTAGGCCATTCATTGCTAGGGAAGACCCTCCATTCTTTAGGCAACCCTTGCGCTAATTTCATAGACAAAGTTTTAACCAACCTTTCACCCTCGCCCAATTCCGTATGCCCCTTATGCACATACAAATGCAAATGCCCTGGCGTCTTCGTGTTATAAGCGGTAAAATTCATAAAACCTTCCTCACGAAGCAATAACTGCGCCTTATGATAAAAACGCTCCGGGCTTCTCCCGTTATAATCAAACACGATATTTTCCACCTTATCGTTACGCAAGATGAGGTTGTGCGCGATTTCTATTTCTTTTTTCAAATGCTTTTGAATGAGCGAGCTTGTGAGCATGGCATTCACTCTTTGGAATTTATTATAGAAACAACGCCCCGCATAATCCACCCTCTCCCCCAAGCCTGGTTTTTTTTCAAAATAATGGCTTGTGTCTATCTTAATGAGCTTTAATTCCATTTCTGTCATCTTGACTGCCTTAAAAAATAGGTTGTTGATACACAGGGAATTGACTAGCCATGGCCTTCAATTCTTCTTTCACATGCAATTGCAAACTAACATTATTAATATCATTCAAAATATCTGATATTTTATTCCCTATGATTTCAAATTCTTTAGCTCCCATGCCCCTTGCGCTCAATGCCGCTGAGCCAATCCTTATCCCGCTCGTTACAAAAGGGCTGCGCGTTTCGCCAGGAATGGTGTTTTTATTCACGGTGATTCCGGCATTCCCTAATGCCATATCAGCGTCTTTCCCGCTATAAGGCTTATCTAAGAAATCCATTAAAAGCAAATGGTTAGAAGTGCCACCACTCACTAACTTATGGTTTTTTTCTTGTAACGCTTTAGCCAAAACTTGCATGTTAGATTTCACTAATTGTGCATAAGCTTTAAATTCTGGTTTTAGATTCTCTTTAAACCCCACCGCTTTAGCAGCAATTACATGCATCAAAGGCCCGCCTTGAGTTCCTGGAAAAATCGCTTTATCAATCTTAGCCGCTATCTCTTCATCATTGGTTAAAATAAGCCCCCCTCTAGGCCCTCTTAAGGTCTTATGAGTGGTGCTTGAAACCACATGGCAATGCGGGAAAGGATGAGCATGCTCACCGGTTACCACAAGCCCTGCCACATGAGCTATATCGCCTAATAGTAACGCTCCCACTTCATCAGCGATTTCTCTAAATTTCTTAAAATCAATCTCCCTTGGATAGGCTGAAAACCCGCACACAATGATTTCTGGCTTAACGCTTTGAGCGATTTTTAGCGCTTCTTCATAATCAATATAGCCATCTAAATTCACGCCATAAGAAAAGCTCTGATAATGCTTACCGGTTAAGCTCACTTTAGCGCCATGCGTTAAATGCCCTCCACAGCTTAAATCCATGCCTAAAATCTTGTCATAAGGCTTTAAAAGAGCGTGATAGACAGCGTTATTGGCTTGTGAGCCTGAGTGCGCTTGCACATTAGCGAACTGGCAATTAAAAAGCTTTTTAGCCCTTTCTATGGCCAAGCTTTCTATTTTATCCACCACTTCACAGCCTCCATAGTAGCGCTTGTTAGGATAACCTTCAGCGTATTTATTCGTTAAAACACTCCCCATAGCCTCCATAACGCTTGCAAAAGTGTAATTCTCGCTCGCTATCATTTCTAAATGCTCGTTTTGCCGCTTGTATTCTTCAAAGATAAGCTCAAAAATTTCACTATCCGTTTGTTCTAAAAAATACGCCATTATTCTTCACTCTCCACATTAAAATCGTTTTTAACAGGACGCATCGCTGGGAATAAAATCACATCTTTAATGCTTTTAGCTCCAGTGAGTAGCATCACTAATCTATCAATGCCTATGCCTTGCCCTGCAGTGGGGGGCATTCCATGGGCTAACGCCCACACATAATCTTCATCCATGTATTGGGCTTCTTCATCGCCTTTTTCTTTCTCAGTCACTTGATTTTTAAAGCGCTCCAATTGATCTAAAGGATCGTTCAACTCGCTAAAGCCGTTAGCGATTTCTTTCCCTGCAATAAACAATTCAAACCTATCGGCAATATTAGGGTTACTATCGTTGCGTCTGGCTAGGGGGCTAATCTCAATGGGGTATTGGGTTACAAAAGTGGGGTTAATGAGTTGGTGCTCTACAAAATGATCAAACGCTTCAGCGAGCAATTTACCATAAGTGAGATTTGGCTCTACTTTAATGCCTTGCTCTAACAAATAAGCCAAAAGCCTGTCTTCTTTTTCTAAAATATCCTTACTAATGCCCCCTATTGTTTCTAAAGCGTCCAAATAAGAAATCACGCTCGTTTGGTTGAAATCCACTTCCATATCGTTATAAATGATTTTTGAAGGTAAGTTCAAAGTTTTTAGCAAGTAGTCAAATAGCCTCTTACTGAGTTCGATCAAATCTTCATAAGTGTGATACGCCCAATAAAACTCAATCATCGTAAATTCGGGGTTATGGCTGTGATCCATGCCCTCATTCCTGAAATTACGATTGATTTCAAACACCGCTTCAAAACCCCCCACAATCAAGCGTTTGAGGTATAATTCTGGAGCGATTCTTAAATACCTTTCAATTTCTAAAGCGTTATGGTAAGTGATAAAAGGCCTTGCGTTCGCCCCGCCAGGAATGGGGTGCATCATGGGGGTTTCCACTTCTAAAAACCCTTCCGTTTCAAAGAATTTCCGCACGCTAGAAACAATCAAACTGCGTTTTTTAAACACATCTTTAACGCTAGGATTGACTATCAAATCCAAGTAGCGCTGGCGGTAACGCAATTCTATATCGCTCAGTCCATGGAATTTTTCAGGTAAAGGCACAATGGTTTTGCTTAAAATATGAAATTCTAGGGCATGAACGCTTAATTCACCGGTTTTGGTAGCAAAAGGGAAACCTTTCACCAACACAATATCGCCCACTTCTAAATGCTTTTTCAGGCTTTTAAACTCATCATTCAATTCATTTTGCGAAACATAAGC
NZ_CP141771.1_gap40	1317178	1318681	1503	GCTTAAAAGCCGTCCCTTTAGGGCAATTTGTCTTTGAGCCAGCGTTAGCTAAAAACATTATCAAAGCCTTTTCGCACTTGTTTGTCATAGGGTTTTCTATGGCGTTCCCTATTTTATGCTTGGTGTTATTGAGCGATATTATTTTTGGCATGATCATGAAAACCCACCCTCAGTTCAACCTGCTCGCTATCGGGTTTCCGGTTAAAATTGCGATCGGGTTTGTGGGCATTATTTTAATCGCTTCGGCTATCATGGGGCGTTTTAAAGAAGAAATCAGCCTGACCTTTAGCACCATTAGCAAAATCTTTTAAAGGATCAATATGGTTAGTTTTAATGGGTTTAAAATGCAAGATTTAGGCAAAAAAACTCAAGTCATTCAGCGCATTTTTGCCGGAGATGATGTGAGCGCTTTAGAAGTTAAAGAAAATGAATGCGTTAAAATCATGACTGGAGCGATGGTGCCAAAGGGAATAGAAACGATTATCCCTATAGAATGCATGCTAGAAAGCCATACAAATTTCGCCCTAGCTCCCAAAGATTTTAAAATAAACGCCAATATCCGTCAAAAGGGCGAGAACGCTTCTTTAAACAGCGTGTTAGTCCCTAAAAATACCCGTTTGAATTATGGGCATATCGCGCTCATCGCCTCTCAAGGGTTAAAAGAAATCAAAGCGTTTAGGAAATTAAAAATCGCTTTATTTAGTAGCGGCGATGAATTAGTGCCTTTAGGGCAAAACGCCCTAGAATGCCAAGTTTATGATGTTAATTCAATGGGTATTTTTAACATGCTTAAAAACTACAACACGCATTTTTTAGGGGTTTTAAAAGATGATAAAGATTTACAGCTTAAACCACTTGAATCACAAGACTATGATATCATCCTTTCAAGCGCGGGGGTGAGTGTGGGGGATAAAGACTTTTTTTAAAGACGCTTTGAAAGAAAAAACGCCCTTTTTTATTATGAAAAAGTCAATCTCAAACCTGGAAAACCGGTAACTTTAGCCCAACTCAATCAAAGTATTATTATAGGCTTACCGGGTAATCCTTTAAGCTGCTTATTGGTTTTACGAGTTTTGATTCTACCCTTATTAGAGCGCTTATCCTTAAATAAAGATTTTAAACTAAAACCCTTTAAGGCTCAAATCAATGCCCCTTTAAAGCTTAAAGGCGAACGGACGCATTTAATTTTAGGCAACTATTTAAACAACCAATTCATTCCTTACAACGACAACCGCTATGACTCAGGAGCGATTCAAGCCCTCGCGCAAGTTGATTCTATCGCTTTAATTGATGAAAGAGTGGGATTAGTTCAGGGCGAAATTGAAATTTTAAGGTTTGAAAATTAAAATGGCTTTTTGCTATAATGACAAGTTTAAAACCCCACTCATAAAGGTTCTGTTTGTGGATAACTACACCTATAGCGAATTGTTAAAAAGCTTGCAAAACAAATGCGATAATATCGCTTTAATCATCAAGCCTGAAAAGATCAAACAAGAATTAGAA
NZ_CP141771.1_gap41	1334380	1335734	1354	ACACTTATGATGTGAGCGCAATCAGCTTTGCGCTATACCCTAAAATTGCGAACGATTACGCTTTGCTCCCTACAGCGACGAGTTTTGGGAATGGCTATGGGCCTAAATTAGTGAAAAAAAAGGGCGTGAAATTGAAAAAAGATTTTAGAGTCGCATTAAGCGGGGAGCACACCACCAACGCCCTTTTATTTAAGATCTATTACAAACATGCGCGCATCACTTACATGAATTTTTTAGACATTGAAAAAGCGGTTTTGGAAGAAAAAGTGCATGCAGGCGTGCTCATCCATGAAAATATCTTGGATTTCCATCATGAATTAGAAGTAGAAAAAGAATTGTGGGATGTTTGGCAAGAACTCATTAAGGTTGATGATTTACCCTTGCCTTTAGGGGGCATGGCGATTAGGCGCTCTATCCCCTTGTATCGTGCGATTTTGATTAAAAAGGCTTTGATTAAAGCGGTTGAAGTCGCGCTAAAACACCAAAATTTGCTCTCTGGCATGCTTTTAGAGCGCTCGCTCATTCGTGTCAATATGGAGCGCTTACAAACTTATTTAAGCTTGTATGCGAATGAAACTTCAACGCGCTTAAGCGAGATTCAAATCCTCGCCATAGACAAGCTTTTTGAATTAGGCTATCAGCATGGGTTTTATACCAGTTTATTAAGGGCTAAAGATTGCTTGCTCACTGATGAATATTTGCAATACCGCTTTTCTTAATCCAGTTCTAATTTATGCGTAAGCAAGTAACGGCTCATTCCATACAATAAAAGGATTTTTAAAAAATCCACCCCCCATAAAAGGTAGTATTTATTTTCTTGCAATTCTTGTTGTTGCAAGAAATAATAAAACCCCTCATTGATGCTTAAACTAGAACTCATTAAGGGCAGTAACGAATTAAACGCTAATTCCAAAACAACCCCCACAAGAATGAATAACAGCCCCCCTAGTAAAAAACGCGCTTTTTTGATCCTAGCAGCGTTTAAAACGCTCAAAATAAATAAAAATTTCATTAAAACAAGCCCTAAAAACAGCGCGATACCTAAGGTTTTAGTGGGTTTTAACACAAAGGTTTTTAAAGCGGTGTGCAAGATAAACAGCACGCTAGATTGCGCGTTAAAAAGATAATAGCCCAAACGCACGCTCGCCACAAACCAGAACAAACTGAAGATAAAAAACACCATAGGGAGCAAGATTTTAGGGAGCAATAAAGACTCTAAACTAATGGGTAAAGAAAAGCTTAAAACCCCCCTTTTAGAAAAAAGCGCGTTGAGATTTTTGATCGCTCCCACACCGATTGCAACCAGTAAAAACGCTCCCAAGACAAAAAAGAGCGTGTAGCTTAGGGTGAGCAT
NZ_CP141771.1_gap42	1340938	1343194	2256	TATCGCAACGCTATTGTATTTTTTGGGCGCACCAGATGGGTTAAACCCTAGCACATGGCTTTATTTTTGTATTTTCATAGGCATGATTATAGGGCTAGTTTTAGAGCCGGTGCCACCAGGTTTAGTGGCATTGAGCGCGTTAGTGTTGTGCGTGGCGTTAAAAATTGGAGCGAGTGATGAAGTAGTGAGCGCTAATAAGGCTATTTCGTGGGGTTTGAGCGGGTATGCGAATAAAACGGTGTGGCTTGTGTTTGTCGCTTTTATTTTGGGTTTAGGGTATGAAAAAAGCTTGTTAGGGAAACGGATCGCTCTTTTACTCATTAGGTTTTTAGGGCAAACCCCTTTAGGTTTAGGCTATGCGATTGGTTTGAGCGAATTGTGTCTAGCCCCCTTTATCCCTAGCAACTCCGCTAGAAGTGGGGGCATACTCTATCCAATCGTTTCATCTATCCCACCTTTAATGGGATCTGCTCCAAATGATAACCCTGACAAAATCGGCGCGTATTTGATGTGGGTCGCTTTGGCTTCAACTTGCATCACTTCGTCCATGTTTTTAACTGCGCTCGCTCCTAACCCCCTAGCAATGGAAATCGCTACCAAAATGGGCGTGAATGAAATCTCATGGTTTTCGTGGTTTTTAGCGTTCTTGCCTTGTGGGGTGGTTTTGATCTTGCTTGCGCCTTTATTGGCGTATAAAACCTGCAAACCCACCTTAAAAGGCTCAAAAGAAGTGAGTTTGTGGGCTAAAAAAGAATTAGAGGGCATGGGGAGGTTTTCTTTAAAAGAAATTTTAATGCTCAGCCTCACTTTACTAGCTTTATTGGGTTGGATTTTGGGCAAACCTTTAGGCTTGCATGCGAGCGCGACGGCTTTGATTGTCATGGTTTTAATGGCGTTTTGTAAGATTGTAAGCTATGAAGACATCATCAAAAACAAGAGCGCGTTCAACATTTTTTTATTGCTTGGATCGCTGCTCACCATGGCTAGCGGGCTTAAAAATGTAGGGTTTTTAAATTTTATCGGCAATGCGGCTAAAAATTTTTTAGAGCATGCCAACTTGGATCCGTTAATAGCGTTATTGTTTATTATAGCCTTCTTTTATCTGTCGCATTATTTTTTCGCTAGCATCACCGCTCATGTGAGCGCGTTATTTGCACTTTTTGTAGGGATTGGTTCGCATATTCAAGGGGTCAATTTGCAAGAATTGAGCTTGTTTTTAATGCTTTCTTTAGGGATTATGGGGATTTTAACCCCCTATGGCACAGGCCCATCCACCATTTATTACGGGAGCGGGTATATTTCAAGCAAGGATTTTTGGAAATGGGGGTTTATTTTTGGCGTGGTGTATTTGATCGTGTTTTTAAGCGTGTGCGTGCCTTGGGTCAAATTCATCGCTTATAGGTGGTTGTAGCTGGAAACTTTACACAACGCCCTTTTAAAATGGTATGAAGAATTTGGGCGAAAGGATTTACCTTTTAGGAATTTAAAGGGCATTAACGCTCCTTATGAAGTCTATATCAGTGAAGTGATGAGCCAACAAACCCAAATCAACACGGTAATTGAGCGTTTTTATTCCCCTTTTTTAAAAGCTTTCCCCACTTTAAAAGATTTAGCGAACGCTCAATTAGAAGAGGTTTTATTGCTCTGGAGAGGGCTTGGCTATTATTCAAGGGCTAAAAATTTAAAAAAAAGCGCTGAAATTTGCGTTAAAGAACACAACTCGCAATTACCCAATGACTATCAAAGCCTATTAAAACTCCCCGGGATTGGTGCATACACGGCTAATGCGATTTTATGTTTTGGCTTTAGAGAAAAGAGAGCATGCGTGGATGCTAACATCAAACGAGTGCTTTTAAGGCTTTTTGGTTTGGATCCCAATATCACGGCTAAAGACTTACAAATTAAGGCGAATGATTTTCTCAATCTTAATGAAAGCTTTAATCATAACCAAGCCCTAATTGATCTAGGGGCTTTAATCTGCTCCCCTAAACCCAAATGCGCACTTTGCCCTTTAAATCCTTATTGTTTAGGTAAAAACCACCCAGAAAAACACACGCTTAAGAAAAAACAAGAAATCATTCAAGAAGAGCGTTACTTGGGCGTTGTGATCCAAAATAACCAAATCGCTTTAGAAAAAATAGAGCAAAAACTCTATTTTGGGATGCACCATTTCCCTAATTTAAAAGAAAATTTAGAATACAAACTCCCCTTTTTAGGCGCAATCAAACACAGCCACACTAAATTCAAGCTCAATTT
NZ_CP141771.1_gap43	1365646	1367284	1638	AAGAGGATCAAAAGCGCAAGAGCTTATAGCTTATTTGCAAAAAGAGCTAGAATCTCTGCCCTACTCGCAAAAAGCTATCGCTAAACAAGTGAATTTTTATAGACCAAGCTCTATCGCTTATTTAGAACTAGACCCTAGAGATTTTAAGGTTGCAGAAGAATGGCAAAACGAAAATCTAAAAATACGCTCTAAAGCTCAAGCTAAAATGCTTGAAATGAGGAATGTAAAAACAGACCCACAAGCCCACCTTTCAACCTCTCAAAGCCTTTTGTTCGTTCAAAAAATATTTGCTGATATTAATAAAGAAATAGAAGTAACGGCTAATACTGAAAAGAAAGCAGAAAAAGTGGGTTATGATTATAGTAAAAGGGTGTAGGCATAAGAAAATAAGAACACCATAAAATCGTTCTTATATTCTAGGAGACATCAATCAGTTTCTTGCCATAGAAAAATCGCTTATTGGCTTGCTCCCTTTAAAAGGGTGTGAGTTTAAGGTATCAAGGAAAACTTGTATCAAGTTTTATTGGAATGGATTAGAAAAATCTGATTGGATTGACCCTCACAATTTTTCAAACCAATCGTTTAATAGCGATTAAATATGACTATATACACTACAAAAATAAGATTTTGATGGGTAAGATTGTTTTTTGAAAGGATTTAAATGCCTGTTATAAGAGTTTTGGTAATGCTTGCAACAATGATGATGAAATTAGTGAAAACGGCAAAAGAAAAGAAAGTTTTTAAGAATGTGGGAGTGTCTATAATGGGGATTACTTTTTGGGAAGCGATAAAAGACTCAATAAAAAAACAAATTAAAAAAAGCGATTGGATATGTGGGAATGTTAAGACTGCGGATGATTATTTAAAAACGCACCCTAACTCATGGCTTAATTCAACAATAGGTGTAGTAACGATAACAACCATGCTTATGAATGTGTGTTTTGCTGATGACCAATCCAAAAAAGAAGTGGCTCAAGCTCAAAAGGAAGCTGAAAACGCTAGGGATAGAGCGAACAAGAGTGGGATAGAGTTAGAACAAGAAAAGCAAAAGACAGAACAAGAACAACAAAAGACAGAACAGGAACAACAAAAGACAGAACAAGAAAAACAAAAGACAAGCAATATAGAGACTAATAATCAAATAAAAGTAGAACAGGAACAACAAAAGACAAGCAATATACAGAAAGATTTGGTTAAAGAACAGAAAGATTTGGTTAAAGAACAGAAAGATTTGGTTAAAGAACAGAAAGATTTGGTTAAAGAACAGAAAGATTTGGTTAAAGAACAGAAAGATTTGGTTAAAGAACAGAAAGATTTGGTTAACAAAGCAGAACAAAATTGCCAAGAAAATCATAGTCAATTCTTTATTAAAAAAGTAGGAATTAAGGGTGGTATTGCTATAGAAGTAGAAGCTGAATGCAAAACCCCTAAACCTGCAAAAACAAACCAAACCCCTACCCAGCCAAAACACCTTCCAAACTCCAAACAACCCCGCTCTCAAAGAGGATCAAAAGCGCAAGAGCTTATAGCTTATTTGCAAAAAGAGCTAGAATCTCTGCCCTACTCGCAAAAAGCTATCGCTAAACAAGTGAATTTTTATAGACCAAGCTCTATCGCTTATTTAGAACTAGACCCTAG
NZ_CP141771.1_gap44	1381273	1385294	4021	ACGCCAAAAATGAATGTAGAGAGTTTTAATTTGGATCACACCAAAGTCAAAGCCCCTTATGTGCGTATCGCTGATCGCAAAAAGGGCGTTAATGGGGATTTGATTATCAAATACGATGTGCGCTTCAAGCAACCCAACAAAGATCACATGGATATGCCAAGCTTGCACTCTTTGGAGCATTTAGTCGCTGAGATTATCCGTAACCACGCTAGTTATGTTGTGGATTGGTCGCCTATGGGTTGCCAAACGGGATTTTATCTCACGGTGCTAAACCATGACAATTACACAGAGATTTTAGAGGTTTTAGAAAAGACGATGCAAGATGTGTTAAAGGCTACAGAAGTGCCTGCTAGCAATGAAAAGCAATGCGGTTGGGCGGCTAACCACACTTTAGAGGGCGCACAGAATTTAGCGCGCGCTTTTTTAGACAAACGCGCTGAGTGGTCTGAAGTGGGGGTTTGATTGGTTGGGGGAATGATTTTTACTCTTTTGCCCCTTACTCATTTGCCCCCTTATTCATTTTAGCGTTACATCCCGATCAAAAACTATCAGTGTTAATATTGTGTAAAATTAATGTTATGAATTTCTTTTCATGGAAGGATTTCAATGAAAAAATTGGTTTTAATCATTTTTTTAACGCTAACACTTTCAATATCTGCAAAAGAAGTGAAAATAGTGTTTTTAGAAACTTCAGACATTCATGGGCGGCTTTTTTCGTATGATTATGCGACTGGCGAGCAAAAACCCAATAATGGCTTGACAAGGATTGCGACCTTAATCAAAAAGCAAAGGGCTGAGAATAAAAATGTGGTTTTGATTGACAGCGGGGATTTGTTGCAAGGTAATAGCGCGGAGTTGTTTAATGATGAGCCTATCCATCCGCTAATCTTAGCCGAGAATGATTTGAAATTTGATATTCGTGTGCTTGGGAATCACGAGTTTAATTTCAGCAAGGATTTTTTAGAGAAAAATATCAAGGGGTTTAATGGCGATGTTTTGAATGCGAATATCATCAAAACTGCGGACAATCAGCCGTTTGTGAAACCTTATGCGGTTAAAAAAATTGATGGCGTGAGGGTGGCAATTGTGGGGTATGTGGTGCCGCACATCCCCACTTGGGAAGCCTCTACACCTGAACATTTTGCAGGATTGGAGTTTTTGGACGCTAAAGAAGCGTTAAAAAAGACCTTGAAAGAGCTAAAAGGGAAGTATGATGTTTTGATTGGGGCTTTTCATTTGGGGCGAGAAGATGAGAAAGGTGGCGATGGAGTCCCTGATCTGGCGAAAAAATTCCCGCAATTTGACATCATTTTTGCAGGGCATGAGCATGCGGTTTATAACACTAAAATAGGAAAGGTGCATACCATTGAACCTGGAGCGTATGGGACTTATCTGGCAAAAGGCGTGGTGGTGTTTGACACTAAAACGAAGAAAAAAATCATAACGACTGAAAATTTACCCACAAAAGGCGTGCCAGAAGATGAAGAATTAGCGAAAAAATATGAATATGTGGATAAAAAATCAAAAGAATACGCTAATGAAGTTGTCGGCGAAGTTACAAAAACCTTTATTGACAGGCCTGATTTTATCACAGGAGAAGAAAAAATCACTACGATGCCCACCGCCGCCTTGCAAGAAACACCGGTGATAGAATTGATTAATAAAGTGCAAAAATATTATGCAAAAGCCGATGTTTCAGCGGCAGCCTTATTCAATTTTGGTGCCAATTTGAAAAAAGGGCCTTTCAAAAGAAAAGATGTCGCCTATATTTACAAGTTCGCTAATACGCTCATTGGAGTGAAAATAACGGGTGAAAATCTGTTGAAATACATGGAATGGTCGTATCAATTCTACAATCAGTTGCAACCAGGAGATTTGACGATCAGCTTTAATGAAAATATTCGCGGCTATAACTTTGATATGTTTTCTGGCGTGAAATACCAAGTTGATGTTACAAAACCCGCCGGATCAAGGATTATTAATCCGACAATCAACAACAAACCCATTGACCCCAAAGCAATCTATAAATTAGCCATCAACAATTACCGATTTGGGACATTATCCAAGACATTAAATTTGGTTACAGACGCTAATAGGTATTATAATTCTTACGATGCATTGCAAGATAACGGGCAAATACGAGATTTAATCATCAAATACATCACAGAAGAAAAAGGCGGGAAGGTAACGCCTGAATTGGAACATAACTGGGAAATCATCAACTACGATTTCAAAAACCCGTTGTTGGAGAAATTGAGAGAAAAATTAAAAGAGGGGAGCATCAAAATCCCCACTTCAAAAGACGGGAGGACCTTGAACGTCAAATCCATTAAGGAAAGTGAAGTTAAATAAAATTCTTATTTTTATTATTTATTCTTTAAGCCTAATTTAAAAAGAGATGTTCTATAATTTTGTCTTGTTTGCTCTCTTTTTACAGTGGTTTTCAAACAACCGGGTTTTAATTTTATTTTGCGCCCCTCATTTTTCGGGGGGGGGGGCATTTAGAAGCTGAATCCTAAAATTAGGGTTTGACTTAAAAATGATTGATAGGAGATAAATGGTGTTTTTTTCAATGTTTTCTTCGTTGGGGACTCGTATTATGTTTGTCGTGTTAGCCGCTCTTTTAGGTTTAGGGGGGCTTTTTGTTGGTTTTGTAAAGGTTATGCAAAAAGATGTGTTAACGCAACTCATGGAGCATTTAGAAACCGGGCAATACAAAAAGCGTGAAAAAACGCTCGCTTACATGACAGAGATTATTGAACAGGGCATTCATGAGTATTACAAAAGTTTTGATAACGCTGCTGCAAGAAAAATGGCGCTGGATTATTTTAAACGCATTAACGACGATAAGGGCATGATTTACATGGTGGTGGTGGATAAAAACGGGGTGGTGCTGTTTGATCCGGTCAATCCTAAAACCGTAGGCCAATCAGGGCTTGACGCTCAGAGCGTTGATGGGGTGTATTATGTTAGGGGGTATTTGGAAGCGGCTAAAAAAGGGGGAGGCTACACTTATTATAAAATGCCTAAATACGATGGAGGCGTGCCGGAGAAAAAATTCGCCTACTCGCATTATGATGAGGTGTCTCAAATGGTGATTGCAACGACTTCTTATTACACTGACATTAACACAGAAAATAAAGCGATCACAGAAGGCGTGGGTAAGGTTTTTAATGAAAACACCACGAAATTATTCCTTTGGATACTGACAGCGACGATAGCGTTAGTGGTTTTGACGCTCATATACGTTAAATTAAGGATCGTGAAACGCATTGATGAACTGGTTTCTAAAATCAACGCTTTCAGCCATGGGGATAAGGATTTGAGGGCTAAAATTGATGTGGGTGATCGCAACGATGAAATCTCGCAAGTGGGCCGTGGGGTCAATTTGTTTGTGGAAAACGCCCGCTTGATTATGGAAGAGATTAAAGGGATTTCCACCCTCAATAAAACTTCAATGGATAAATTAATCCAAATCACGCAAGAAACCCAAAAGAGCATGAAAAATTCATCAACCACCCTAAATTCCGTAAAAAATAAAGCCACTGATATAGCGAGCATGATGAATGCTTCCATAGAGCAGTCTCAAGGGTTAAGGAAGCGTTTGATTGAAACGCAAGCGTTTGTCAAAGAGAGTAAGGATGCGATCGGGGATTTATTTTCTCAAATCACAGAGAGCGCGCACACTGAAGAGGAACTCTCTAGCCAAGTGGAGCAACTCAGCCGTAACGCTGATGATGTCAAATCCATTTTGGATATTATCAATGATATTGCCGATCAAACCAATCTTTTAGCCCTAAATGCGGCTATTGAAGCCGCAAGGGCCGGCGAGCATGGCAGAGGCTTTGCGGTGGTGGCTGATGAAGTTAGGAATCTAGCCGGGCGCACTCAAAAGTCTTTAGCCGAAATCAATTCCACTATCATGGTGATTGTCCAAGAAATCAATGCCGTAAGCTCGCAAATGAATCTCAATTCGCAAAAAATGGAGCGCTTGAGCGATATGAGTAAAAGCGTGCAAGAA
NZ_CP141771.1_gap45	1386445	1390594	4149	AAATAGCCGATAAAATCCACGATAAAACCAAAGCGAAAAGGGGCTTGAAAAAAGGTTTTCTTGGTTCTTGGAATGATTGTTGTGATAGCGCCGGATTTAATCGTATCCACCAATAACACCCCTTGCTCTAAAGCGATTCCTAAATAACTCCTAAAGCGATAGGTTTTTTTATCCACAAAAATCCAAGAAAAATCTAACGCGCCCCCATAATTTTGCACCATTAGGATTTGAGGCTGGGAGAGCGAAACGGAATGGGAATAGTTATAGACGCTAAAGATTCTAAAACCGACTTTAGGGTGGTTTCTTAAAAAATGCTCCAAGCCTGTAGCGGTATTAAACCCTATGCTATTAGCCAGAATAGTCAAGTTTTGATTAGTGGTTGAATAAGCGGCTTGCGAATAGTTGTATCCAAAAACAAAGAAAAATTTAAGGCTTTTTTCTAAAGCCCTTTTTAAGATTTCTTGGTTTTTGTCTAGAACTTTCTGTTTTTCATTGTTTTTATCAAGGGTTAGGGGTTTAGGTTTGTCGTCTTCATTCTTGTTTTTAAAATTCTCTAAGAATTGAGGCCAAGTGATTTCTTTAGCTTCTAAAAAGAGTGGATTCAACGATAAAAAGAGATAAATACTAAATAGAGTTTTCAAATACAGCCTTAAACTTTTTGTGGCTATTGTGCCTAATTATCTTAAATTGACTTTAAATTACTTGTATGTTTTTATACAACCCCCCCAACACGACCGCTTTTTTAAGAATTTATCGCTCAATTAAAGTTTGGCTTAGAGCAAATAAAACACCTTTTCTTCTTGAAAAATGCTTTTAATTTCTACAAAAAGGGTTTTTTCTATGCGTTCTTCTAGCACGATAATAGGGTTTATGCTCTCGCTCCCGCTCACTAACGCCCTTAAAGACAACTCTTCTTCATAATTTAAGGGGTTAAGGTTTAACTCTTTTAAATTTTCGTAGTTTTTTGCCATAAGAGTGTTAAGGCCTTCTAAAGTCAAAAACAAGGTTTCATCTCTTTGGCTATAACCCATTAGCGCGTTTAAACGCTGGGAAAAAACCCACCTTAAATCGTTAATCCTTACTCTAGCCTTACTTTTAGAGCGCGCCAGAATATAACAATTCAAGGGGTTTGAATTTTTAGAAAGCCACACGCCCCCATTCAATAAGCGGTAAGTTGCGATCGTTTTTTGGGCTAAAGAAGGCTTATTAGCGTCCTTTTTAGCTGCGTCTAATTCTCTAAAAACTTGCGTTCTTTCTTCAACGCTTGCGGGTAAAATCTGGCGTTTTAAAGGCGAATAAAGCTCAAAGGGGCTTCTGTTTTGGGATTCTTTTTGGATTTTTAAAGCGAATTGGCAACCGCAATAATTTTGCCGATAAAGCTCATTTTCTCTCGCCAAAGCCTGCAAGTTTAAATCCAACTCGCTTTTAAAATGTTCAAAATTATCGTTTCTAAACACAACAAATTCCAAATTGTGCCTTTGCGCGATGTGTTGTCCCTTAGCGATGAGCTGGTTAGGGTCTTTTTTAGGGCTTGTGAGTAAGGTGGTGGTGAATTTTTCTTCCCCTAATTCAAAGGCTTTCAACGCGCTCGCTTCCAAGCGTAAATCAAAGCACTCAAAACAGCGCTCACTTTTTTCCCCTAACAATTCTTTACCCTTAGCTTTATCTAAAAATTTTTCTAATTCATAATCGCCCTCAAGCAATTCAATTTCTAGCATCTCACAAGTGCGTTTCACGTCTTCTAAACGCAACAAGTATTCGCTATAAGGGTGGATATTGGGGTTATAAAAAAACCCTATTATTTTTTCACCCGCAAAAGCCTCTTTAGCCTTTTTTAAAAAATAGAGGTTATCCACTGAGCAGCAAATATGAATGAGCATTAAAACTGCTTTTTATTCACATCTTCTAAAATATCGTTAGAAACTTTGTCAATTTCTTGACTGATCTCTAAAGAATCGCTAGCGATTTTTAGATTGCCCTCAGTAACTGATCGTAAGGCTTCAATAGAAGCGTTGATTTCTTCTACTTCTTTAACCTGGTTTTTAATGCTTTCGCTCGTGTCTGAAATGCTTTGAACGAGGATATTAATATTAGCTTCAATCTCGCTGAGCGATTTTTGCGTCCTTTCAGCGAGCTTCCTCACTTCATCAGCCACCACCGCAAAGCCTCTGCCATGCTCACCGGCCCTTGCGGCTTCAATAGCGGCATTTAGGGCTAAAAGATTGGTTTGATCAGCGATGTCTCTAATGATTTCTACAATGCTTTTAATGTCTTGGCCTTGTTCAATCATGGCTTCACTTTGAGAGCTCACGCCTTGAATGGAAGTGGTGATATTTTCTATCGTTTTAGAAGTTTCCATCAAACTTTTGTGTTGGGAGTTTGAAGCCTTTTCTAAATTTTGCACGCACTCTTTTAAATTCGCGCTATCGTTGGCTAAATCTTTGGCAAAATTAGACGAAGTTTCTAGCATTTTTTGGATTTCTTGCCCTAAAGCGTTAGTAACCAATTCCACCCTACCCGAAGCGTTTTGGATCCGGCCTCTAAAATCCAAACCAGAATAGCTTTCAAAGATTTTGAAAATGCTTGGCATGTGAGTGCCTACGCTTTCTTGCAAATAATCCATGATCCCATTTAGCGCATCTCTCAATTCTTTCAAATCAGGGCTTGCGGGCTCAGCCGTGATGCGCACCGCAAAATTCCCTTTTTTCACATCTGAAACCACTTTAATGGTGTCTTGAACGGCTTGCTTGTCTTCTTGCATGGTTTTTTGGGTTTGCAAGATATTTTTATTGATCGCTGTTTGCATGCGCCCTAATTCGTCATTAGATTTCGCTTCAACCAATTTAATACCGCTAGAATCGGCTTGATTGTTCAATAATTTGAAGAAATGAGATAAGGTGCTAGAAACGACTTCCAAACGATTGCTCACAATCGCTCGCATTAAGAGAGTGATCGCTATGATCAAGGCTAACACCATGATAGCACTCGCTATAATCACCACAAAACGCACCGATCCTACTTGCTCATAGACCTTGTCTTTTTCAATGATTGAAGCGATCATCCAATTAAGATTGTCTTTACTTTCTGTTTTGCCTAGCATTTTAAAGGTTTCAACGGCTAAAAAATTCTCCTTATGGCTAAAGGGATCCAGGTATTCTAAAGTCGCTTTAGAGCCGTTTTCTAAAATAGCCATCACTTCGTTGGTGGCTTTAGGCACGCTCTTATAAATTTCTGCAATAGATCGGTCTTGCAAACTCTTATTCGCGCTCAAAAGCACTTTACCCTTAACGCCAATTAAAAATAAATCGCTCCTGTTTTTAGTGATTTCATTGCTGAAGCTGTCAATAGAAAGGAAAATCATCAAAGCCCCTACAACCTCTTGAGTGTTTTCATTCAATAAAGGTAAAAGAATATCAACCCCATAAACTTCTTTACCATTAGGCATTTTCCTATAATAAGGCAAGCTTTTAGAAATTTCTTTATTTTTCATCGTTTTTTGCACTAAAGGGTTATTCCCCAATGACGGATTTTCCACTAGCTTAATCGTATCGTTATCCCTTAAAAGCGTTAATCTTAAATCTTCTCTGTCTTTGAAAAACATGCTCACCCCAGTGACACGCGAATTGGCTAAAATGAAGTTCTTTAACAAGTGGATTTTGATTTCTCTTTTGGTGTCTTTAGAGAGCATTTCTTTGACAATGCCCATGCTCGTATAAGTGTTTTCTAAAACCCCTTGCACTTCCTTAACCTTGAAATGCAAACTATCTTGCATAGAATGCAGAGCGTTTTCTTTTAAAATCTCTTTCACCCTGCTGTTTAAGGACACCCCTAAAATGCTCACGCACACGATCACAATCAACGCCACGAACAATATGATTTTATTACCGATACTCAAACCTTTAGACAAAACACAACCTTACTATGATGAAATTTTTTGCCCATTTGCGGCAAAATTTTAAACCGCATTATAGTATTATAAGCATAAATCAAAAATTAAATTGGATTAAAAAGACGATCAACCATTCTCATCAAAAAACCATTTTAAGGTTGCATTCGCTCTTTTAGGGTATGCTACGACTTGAAATTATCCAAATATAAAAAGGAATCATCATGCCTTTTGTCCCCACTCGTTCTTTGAAAGAAAAAAAG
NZ_CP141771.1_gap46	1398284	1401130	2846	TGTGTGGTGCGCGAATTTCAATGGTGGCTTGCAAGTGGTTTTAGCCGGGATTAAAGACGATTTGAAAGCTCTAGAGCCGACTTTAAAGGAAATGGGGGCTAGAAGGGTGGTTTTTTTAGAAATGAGTGTGGCGAGCCATTGCCCTTTTTTAGAGCCTATGATTTTTAAATTCCAGGAATTGCTAGAAAAAAGCCTGAAAGATAAATTCCATTTTGAAATCATCTCCAATGCGACTAACGAAGCGTATCACAACAAAGCCAAAGCCGTTGAATTATTGAGCTTGCAACTCACTCAGCCGGTGCGTTATCAAGACTGCGTGAAATCCAATAATGACCGAGTGGATGTCTTTTTTGAATTAGGCTGTGGGAGCGTGTTAAAGGGGCTTAACAAGCGATTGAGCAACAAGCCCACCATAAGCGTGGGGGATAATAAAGGGCTTGATGAAGCGATTGAATTTTTAGAAGAATATGTGTGATTGGGAGAAAATGGTGCAAAAAATTGGCATTTTAGGGGCGATGAGAGAAGAAATAACCCCTATTTTAGAATTGTTTGGCGTGGATTTTGAAGAGATCCCTTTAGGGGGGAATGTTTTCCATAAAGGCGTTTATCATGATAAGGAAATCATTGTCGCTTATAGCAAGATTGGCAAGGTGCATTCCACTTTAACCACAACGAGCATGATTTTAGCGTTTGGCGTTCAAAAGGTGCTTTTTAGCGGGGTGGCTGGAAGCTTAAATAAAGACTTAAAAATCAATGATTTGTTAGTGGCTATTCAATTAGTCCAGCATGATGTGGATTTGAGCGCGTTTAACCACCCTTTAGGGTTCATCCCAGAAAGCGCGATTTTTATTGAAACGAGCGAAAGTTTAAACGCTTTGGCTAAAAAAGTCGCTAATGAGCAACACATCGCGCTCAAAGAAGGCGTCATCGCATCAGGCGATCAGTTTGTGCATAGCAAAGAAAGGAAAGAGTTTTTAGTGAGCGAGTTTAAGGCGAGCGCGGTGGAAATGGAGGGGGCGAGCGTGGCGTTTGTGTGCCAAAAATTTGGCGTGCCATGCTGTGTGCTAAGGAGCATTAGCGATAACGCTGATGAGGAAGCTAACATGAGCTTTGATGCGTTTTTAGAAAAAAGCGCTCAAACTTCAGCGAAATTCTTAAAAAGCATGGTGGATAAGCTTTAGGGCTTGTTTTTACCAAACGCAGACCATTAAAACCCTATTTTTAAAGAATGGGGGTTTTTAAATTTTATTTTAAACTCATTTTATAATTAGAATTTAAGCTATTTTTTAGTAAAATAACAAAGGATTAGGTGTATCTTATCTTATAGACCTAGCTTTTGATTGAAAGCATGGGTTCTTATTTTATGGAGTGTCCAATGAAAAAGAAAGCTAACGAAGAAAAAGCCCCAAAAAAAAACAAAACAGAAGCCACACAAGAAAATAAAGCCAAAGAAAACAAAATTAAAGAGAGCAAAATCAAAGAAGCTAAAGCGAAAGAACCTGTCCCTATTAAAAAGCTTAGTTTTAATGAAGCGTTAGAAGAATTGTTCGCTAATTCCTTAAGCGATTGCGTTTCTTATGAGTCTATCATTCAAATCAGCATGAAAGTCCCCACTCCAGCCCAAGTCAAAAAAATCAAAGAATTGTGCCAAAAATACCAAAAGAAATTAGTCAGTTCTTCAGAATACGCTAAAAAACTCAATGCGATTGACAAGATTAAAAAAACTGAAGAAAAGCAAAAAGTTTTAGATGAAGAATTAGAAGATGGCTATGACTTTTTGAAAGAAAAGGATTTTTTAGAGTGGAGCAGGAGCGATAGCCCGGTGCGCATGTATTTGCGCGAAATGGGGGATATAAAACTTTTAAGCAAAGATGAAGAGATTGAATTGAGCAAGCAAATCCGCTTGGGCGAAGACATTATTTTAGACGCGATTTGCTCGGTGCCGTATTTGATTGATTTTATCTATGCGTATAAAGACGCTTTAATCAATCGTGAAAGAAGGGTTAAAGAGCTTTTTAGGAGCTTTGATGATGACGATGAAAATAGCGTGAGCGATCCTAAAAAAGATGATGACAGCGAAGAAGATGAAGAAAACGAAGAAAGGAAAAAAGTCGTTTCTGAAAAAGACAGGAAGCGTGTAGAAAAGGTTCAAGAAAGCTTTAAAGCTCTAGATAAGGCTAAAAAAGAATGGCTCAAAGCCCTTGAAGCCCCTGTAGATGAAAAAGAATATGAGCTAGTGCGTTTATTGACCTTAGCTTACAAACGCCAAACGCTCAAAGACAGACTCTATGATTTAGAGCCTACCAGCAAACTGATTAATGAATTAGTCAAAACGATGGAAACCACTTTAAAAAGCGGCGATGGGTTTGAAAAAGAGTTGAAACGCTTGGAATACAAACTGCCCTTATTCAATGACACTTTGATTGCAAACCATAAAAAAATCCTTGCTAATATCACTAACATGACTAAAGAGGATATTATCGCTCAAGTGCCAGAAGCGACTATGGTGAGCGTGTATATGGATCTTAAAAAGCTTTTTTTGACTAAAGAAGCGAGTGAAGAAGGCTTTGATTTAGACCCTAACAAGCTAAAAGAAATTTTAGAGCAAATCAAAAGAGGGAAATTGATTTCCGATCGTGCTAAAAACAAAATGGCTAAGTCCAATTTAAGGTTGGTGGTGAGCATCGCTAAACGATTCACGAGCAGAGGCTTACCATTCTTGGATTTGATTCAAGAGGGTAATATTGGCTTGATGAAAGCGGTGGATAAGTTTGAGCATGAAAAGGGCTTCAAGTTTTCCACTTATGCAACTTGGTGGATCAAACAAGCTATCAGCAGAGCCATAG
NZ_CP141771.1_gap47	1417479	1420392	2913	TATTCTATGAACTTAGGTTTCTTAGCTAAAGGTAACACATCTAATGATGCAAGCTTGGCCGATCAAATTGAAGCCGGTGCGATTGGTTTTAAAATCCACGAAGACTGGGGAACAACTCCTTCTGCAATCAATCATGCGTTAGATGTTGCGGACAAATACGATGTGCAAGTCGCTATCCACACAGACACTTTGAATGAAGCCGGTTGTGTAGAAGACACTATGGCAGCCATTGCCGGACGCACTATGCACACTTTCCACACTGAAGGTGCTGGCGGCGGACACGCTCCTGATATTATTAAAGTAGCCGGTGAACACAACATTCTGCCCGCTTCCACTAACCCCACTATCCCTTTCACTGTGAATACAGAAGCAGAGCACATGGACATGCTTATGGTGTGCCACCACTTGGATAAAAGCATTAAAGAAGATGTTCAGTTCGCTGATTCAAGGATCCGCCCTCAAACCATTGCGGCTGAAGACACTTTGCATGACATGGGGATTTTCTCAATCACTAGTTCTGACTCTCAAGCTATGGGTCGTGTGGGTGAAGTTATCACCAGAACTTGGCAAACAGCTGACAAAAACAAAAAAGAATTTGGCCGCTTGAAAGAAGAAAAAGGCGATAACGACAACTTCAGGATCAAACGCTACTTGTCTAAATACACCATTAACCCAGCGATCGCTCATGGGATTAGCGAGTATGTAGGTTCTGTAGAAGTGGGCAAAGTGGCTGACTTGGTATTGTGGAGTCCCGCATTCTTTGGCGTAAAACCCAACATGATCATCAAAGGCGGGTTCATTGCATTGAGTCAAATGGGTGATGCGAACGCTTCTATCCCTACCCCACAACCAGTTTATTACAGAGAAATGTTCGCTCATCATGGTAAAGCCAAATACGATGCAAACATCACTTTTGTGTCTCAAGCGGCTTATGACAAAGGCATTAAAGAAGAATTAGGGCTTGAAAGACAAGTGTTACCGGTAAAAAATTGCAGAAATATCACTAAAAAAGACATGCAATTCAACGACACTACCGCTCACATTGAAGTCAATCCTGAAACTTACCATGTGTTCGTGGATGGCAAAGAAGTAACTTCTAAACCAGCCACTAAAGTGAGCTTGGCGCAACTCTTTAGCATTTTCTAGGATCTTTAGGAGCGACGCTCCTTAAATCCTTAGTTTTTAGCTCTCTGATTTTTTGTTTATCAAAAAATTGGGGGGTTTTTTTGTTTTTATTTTTTGTCAATTTACTATTTTTCTTTATGATTAGCTCAAGCAACAAAAGTTATTCGTAAGGTGCGTTTGTTGTAAAAATTTTGTTTTGGAAGGATAAGGCAATGCTAGGACTTGTATTGTTATATGTTGGGATTGTTTTAATCAGCAACGGGATTTGCGGATTAACCAAAGTCGATCCTAAAAGCACTGCGGTGATGAACTTTTTTGTGGGTGGGCTTTCCATTATTTGTAATGTGGTTGTCATCACTTATTCTGCACTCAACCCTACAGCCCCTGTAGAAGGTGCAGAAGATATTGCTCAAGTATCGCACCATTTGACTAATTTCTATGGGCCAGCAACTGGGTTATTGTTCGGTTTTACCTACTTGTATGCGGCTATCAACCACACTTTTGGTTTGGATTGGAGGCCCTACTCTTGGTATAGCTTATTCGTAGCGATCAACACTGTTCCTGCTGCGATTTTATCCCACTATAGCGATATGCTTGATGATCACAAAGTGTTAGGCATCACTGAAGGCGATTGGTGGGCGATCATTTGGTTGGCTTGGGGTGTTTTGTGGCTTACCGCTTTCATTGAAAACATCTTGAAAATCCCTTTAGGGAAATTCACTCCATGGCTTGCTATCATTGAGGGTATTTTAACCGCTTGGATCCCTGCTTGGTTACTCTTTATCCAACACTGGGTGTGAGATGATCATAGAGCGTTTAATGGGCAATCTAAGGGATTTAAACCCCTTGGATTTCAGCGTGGATTATGTGGATTTGGAATGGTTTGAAACGAGGAAAAAAATCGCTCGCTTTAAAACCAGACAAGGCAAAGACATAGCCATACGCCTTAAAGACGCTCCCAAGTTGGGTCTCTCTCAAGGGGATATTTTATTTAAAGAAGAGAAGGAAATTATCGCCGTTAATATCTTGGATTCTGAAGTCATTCACATCCAAGCTAAGAGCGTGGCAGAAGTAGCTAAAATATGCTATGAAATAGGAAACCGCCATGCGGCTTTATACTATGGCGATTCTCAATTTGAATTTAAAACACCATTTGAAAAGCCCACACTAGCCTTATTAGAAAAACTAGGGGTTCAAAATCGTGTTTTAAGTTCAAAACTGGATTCTAAAGATCGCTTAACCGTGAGCATGCCCCATAGTGAGCCTAATTTTAAGGTTTCACTAGCGAGCGATTTTAAAGTGGTCATGAAATAGAAAATAATAGATGGATAAAGGAAAAAAGAGTGAAAAGCACTAAAAAAAGCGTGGGTATGCCCCCACAAACTCCAAAGACAGACAACCATGCAGATAGTCATGTGGATAATGAATTTCTGATTTTGCAAGTCAATGATGCGGTGTTCCCCATTGGCTCTTACACGCATTCTTTTGGGCTAGAAACTTATATCCAGCAAAAAAAGGTTACCAACAAAGAAAGCGCTTTAGAGTATTTAAAAGCCAATCTCTCTAGCCAGTTCCTTTATACGGAAATGCTGAGCTTGAAATTAACCTATGAAAGCACCCTCCAACAAGATTTAAAAAAGATCTTAGGGGTTGAGGAAATCATTACGCTATCCACAAGCCCCATGGAATTACGATTAGCCAACCAAAAGCTGGGCAATCGTTTCATTAAAACCTTACAAGCCATGAACGAATTAAACATGGGCGAATTTTTTAACGCTTACGCTCAAA
NZ_CP141771.1_gap48	1453053	1455258	2205	CAGAGCGTTTAAAGCGTTTTGATAATCCCCATGCGTTTGCATGTGCAAAGCAACCACTTCACTAGCGATCTTAGAAGCCATTTTGTCCATGTCCATGCGTATCATTTTGATTTTTTCGTTTTTTTCATAGTTAAACGCTAAAACGCTAATCACTAGCATTAATACAAACGAAGAGCCCAAATAAGTCCCTAAAAAGAGTTTAAGGGATTTTTTTTCATAGTGGGTTAAAGCGATAGCCCACCCCCTTATGCGTTTCTATGCAATTTTTACCTAAAAGCTTGCGCAACACCTTAATATAAGTGCGTAAGGTGGAATCATCAATAGCTTGCTCCCATAAATTATTTTCTAACACTTGAGAGCTAATGATTTGCCCCTTATGCTCTAAAAAGTATTCTAAAAGTTGGGCGGTTTTGGGCGCTAGGATTTCCTTTTTCCCTTTAATATTCAAAGAGTGTTGGTAATAAAAAATGTTAGGCATGATTTCTATAGGATCATCATTGAAAAACCTTTTAATGCGCGCTTCTAATTCATCCAAATCAAAAGGCTTTTTCAAATAATCGCTCGCTCCTAAATTAAAAGCGTTTTTTAAGGTAGCGTTATCCTGTAAGGCGGTGATAAAAATCACAGGCGTAGAGATTAAAAAATCGTTTTTGATGCGCCTGAACAATTCCAAGCTATTCATTTCAGGCACTTGCACATCTAAAAGCAAGAGATTGAAGTGCTCAACAGAGAGCCTTTCATAAGCTTCTTTCCCGTTAAAAGCGCAAGACACTTCATAGCCTAAATGCTCTAAAAACTCCTTAACGCTCTCGCTTAAAAGGTAATCGTCTTCTAGTAAAAAAATCTTTTTTTGCATGGGGTATTGTAGCACTAATTGCCTTTATGCTAAAAGCGGTTATGAAAAACGCTCTCTTAAAAAGACACCGCCTTATTTTATCAGCCGTTTTTAGAATGCAATAAATCTTTATTGTATTTCAACATGACATTTTGTAAATCAAGCTTATATAACACATTTTTAATGTAAGTAAAATAAAGGCTTTCTTGTTCTTCTTCTTTTAAGCCTTTAGATAAAATCACATCGTAATTTTTAAAATACAAGCAAATATGTTTATTTTGCGTTTGAGATATTTTCGCATGGTTAAAAGCATCAATATAGATTAAATTTTCCCATTTATCCAAGAGATCAAATTCTTCTATAGAGCGAGCCAAGCATAAAGGCACAATATGGTGCAATTCAAAGCCCTTTTCTTTTTTAACGCCATGTTTTTCAAAATAAAGGGCTTTCTCTTTAATAGAGCGTTTGAGTTTTTTATCGTTTTGTTTGTTTTCTTCATTGAGCGTTTTTAAAATAAGCCTCTCTTTATTGGTTTCAAAAAACACGCTTTGTTCTAGCAAGCTAAAAATTTGTTGGGCTTGATTTTTCCAATTATGATAATCTCTCTTTTCTAGCTTATTTCCGTTAAAATGATTAGGGTTGCAATAATCTTGTGCTAACTCTTTTAATTTTTCTTTTTGGATACGGCTTAAACTCCTATATTCTCTAACATACTCTATAATTTCACTTCTAGTAAAATTTTCAATATTTAAAAATGTAACAAAAAACATCATTTCTTCAATGTCTAAATAATGGTTGTCAAGCTCTATCATTACCTCTCTGCATTCTGCTCCAAAACCTTGCAAAAGATTTTCTAAAGCTTGCGTGTAACAAAAATTTTTTCTTAACAAATCTTGCGCGTTTAAAAATTCTATAGCTAAGGGAGTTAAACTGATATATTTAATATTGCTTTGAATATAGGGGTTTGTAGGTTCCTTATTTTTATTGTAGCGTTCAATCAACCCCATTCTATGCATATCTACAAAAAGATTTTTTCTCAAGCTGTCTTGGGTTACCTGATTCTTTTTTCCTAAATTATCTTGAGGCATTTCAGACTTGCAGATATTATCAACCACTTTTGCATAAGCCTCTTCGCCTATGATATTGCTAGGGCGTTTGCTCATATCGGTGGTGCGAATTTGTAATAAATCTTCTCCCACTTCATTGAAAATAGCTTGAATAATGGTTTTAATTTTATTTTGATCGTAACGATTGTGTTGGGATAAGTGTAAGCCCCTATAATCAGAGCTTTTTATGCGATTAGCTAAGAATTTCAAACACTCTTTACTGGGGTCAAGCTGTGTGATTTCTAGAAAAATTTTTTCTAATTT
NZ_CP141771.1_gap49	1508828	1512142	3314	AAAGGCCACTTTTAATGTGATTGATCTGCCCGGGTTTGGCTACGCTAAAGTTTCTAAAAGCTTGAAAAAAGAATGGGAGGGGTTTTTATGGGAATTGTTGAGCGTTAGGGTTTCTATCAAACTTTTTATCCATTTAGTGGATGCGCGCCATTTGAATTTAGAAATTGACAAAAACGCTAAAGAAAATATTCAAGCCCTTTTAAGGCCCGATCAAGCCTACCTTTCTCTTTTTACGAAATTTGACAAGTTGAATAAAAACGAGCAACACCGCCTTTTTTTAAACGCTCCTAAACCTTTTTTAATTAATACCGCCCATTTTAACGCTCTTTCTTCAAAATACCCAACCCTTGAAATAGTGCGCCAAACCCTTTTGAAATACTTGCTCACTAACCCTTTATAAGCCGCAAAAACCATGCTCTCTTTAAAACAAGATTCCTTTTTTTTCTTATGTTTAGGGATCTTTGGCTTTTATTTTTATAGCCTTTTGAGGGATTTAATGCCTTTTTTACCCCCTATGATTGGGTTTTTATTCTTGTTTTATGCGAAAAAATACGATCATTTTTTACCCAGTTTGAGCGTGTTTGGTTGTTTGTTTTGGTTTGAAAGCATGCATTTAAAGACTTTAGGCGTTTTAGCTTTGCTGTTTTTAATCTACCATCAAATCGTCTATAAAAACTCTTTAAAGCTTTTTAATGACGGCTTTTTATTCAAAACTTTGCATGTTTTTTTGGTTTATTACCTTTATTTATCGCGCTTTTTTTCTGTGTCTTTGAGTTTGAAAATACTCGGCTTTCTCGCTCTTTTTGCTTTAATAGAGAGTGCTTTGTGGGGTTTGTATGAAAAATCTTCGCTATAAGCTTTTGCTCTTTGTTTTTATAGGGTTTTGGGGGTTATTGGTTTTAAATTTATTTATTTTAAGCGTTAAAAATCAAGAATACTATGAAAAACTGGCTGAACGAAACATGACCAAAAAGGAATTTCTAGTCCCTACAAGGGGCAATATTACAGACAGAAACCATGAGTTTTTAGCCACTAATGAATTGGTGTTTGGCGTGTTTTTGCCCAGCGGATTGAAACAAAAAGAACTTTTAGAAAAAATTGGAATTATCCAAAAGCTTTTCCCTAACTTTTCCAAAGAAACGCTTTTAAACAATTACCAAAAGGAAAATTCGTTTTATAACCATAACCTCATTAAAGTGGTTGGCTTCATTCCTTATGCTGCCATGCAACCTCTTTATACCAAACTCATCCAAACTCAAGGCATTTTTGCGCTCCCCTTAGACAAGCGCTACTACCCTAATAACGCTTTAGCTTCGCATGTTTTAGGCTATGTGGGGGTGGCAAGCTTGCAAAATTTGAAAGACGATGAAGAAAATCAATACAGCCAGATTGTGGGTAAAACCGGCGTTGAAAAAGAATACAACAAGCTCTTACAAGGCAAGGTGGGCTACAAAATCATGCGCGTCAATGCGCTCAATCAAGAATTAGCCACATTAGAAGTAGTGCCACCAAGCACCAACAACCACTTGCAATTGAGTTTAGACAAACGCTTGCAAAAAGAAGCGGACAAGCTCTTTGAAAATAAAAGGGGGGCTATTTTAGTGATGGATGCAGAAAATGGAGAATTGCTCGTTGCAGGAAGTTACCCTGAATACAATTTGAACGATTTTGTGGGTGGGATCAGTCAAGACAAATGGCAAAAACTTCAAGATGATATTTATAACCCCCTACTAAACCGCTTCGCTAACGCCTTGTATCCGCCAGGATCTGTGGTTAAAATGGGCGTGGGCTTGAGCTTTTTAGAAAACCTTAATATCACAGAAAACACCACCATACCCACTCCGCCTTTTATTGAAGTGGGCAAGCGCAAATTCAGAGACTGGAAAAAAACAGGGCATGGCAATTCTAATTTGTATAAAGCCATTAGGGAGTCCGTGGATGTGTATTTTTATAAGTTTGGGCTTGAAATCTCTATAGAAAAACTCTCTAAAACCTTAAGAGAAGTGGGCTTTGGGGAAAAAACGGGCGTTGATTTGCCGAATGAATTTGTGGGGATTGTGCCGGATAATTTGTGGAAACTCAAACGCTTCAATCAAGATTGGCGCGTTGGGGACACGCTCATTACCGCTATTGGGCAAGGCTCTTTTTTGGCTACGCCCTTGCAGGTTTTAGCCTACACGGGACTCATTGCTACGGGCAAACTGGCAACGCCTCATTTCGCTATCAACAGCAAACAGCCGCTCAAAGATCCCTTAAATAGCTTTCAAAAAAAGAAGCTCCAAGCCTTGCGCGTGGGCATGTATGAAGTGTGTAACCATAAAGACGGCACCGCTTATCATTCCACAAGGGGTTCTAAGGTTACTTTAGCGTGCAAAACCGGCACCGCGCAAGTCGTGGAAATCGCTCAAAACATTATCAATCGCATGAAAGAAAAGGATATGGAATATTTCCATCGATCCCATGCGTGGATTACCGCATTCTTGCCTTATGAAAAACCCAAATACGCTATCACCATTTTAGTAGAACATGGGGAAGGGGGGTCAAAACTAGGGGGTTTGTTAGTGAAAATGAGTAATAAACTCTATGAACTTGGCTATCTTAACCCATTGTAACTGGCTCACACAAGATTTTTATGGGAATGAACGCCCTTTATCTTAAGATAAAGAGGCGTTTTTGCGTTTAAAAAGCCGGGATAATCGCCCCTTTATAGGTATCCAAAATAAATTTTCTGGTCTTTTCACTCTGTAAGGCTTCAATCAGCACTTTTATGGCTTCATCTTGCGCGTTATCCTCACGAGCGGCTATTAGATTGGCATAAGGCGAGTCCTTGTCTTCTGAAAATAAGGCTCCGGTGAGTTTTGCTTGCAAGGCATAATTCCCTGTTACAATAGCCCCATCCACATCCCCTAAAACTTTAGGCAATAATGCGGCTTCTAAAGGCTTGATTTTGATATTGTAAGGATTTTTGACAATATCAAACTCCGTAGCGTATAGATTGCTTGGGTCTTTGAGAGCGATAATCCCTTGTTTATGTAATAAAATCAACGCTCTGCCTTGATTGCTCGGATCGTTTGGCACAGCAATCACTGATCCTTTTTTAAGGTTTTTAATATCCGTGATTTTTTGAGAATAAAATCTTAAAGGCTCCACATGGATGTTAGCCAAACCAACGAGATGCATTTTTCTGTCCAAATTAAACCGATCCAAATAAGGGCGGTGTTGGAAGTAATTCGCGTCTAAAGAGCCGTCATTGAGCGCTAAATTAGGTAACACATAATCCGTAAAAGACACGATCACTAATTTGATCCCTTTCT
NZ_CP141771.1_gap50	1559111	1561010	1899	TGTGTTTTGAGAGCGCATATAGGCTCGTTGTGTGTCAAAATGGGGATTTTTCACTAGAGATTGAGCAAAATCAGCAAAATCAAAAAAAAAAAAAGATTTTCATGGGATTAATGTAAAATTCTTATTAAGTTTTTTTTGTTTTTATTACCTAATACTTGCATTCTTATTAGCGTGATTTTACTTAAAAAATTTAAACCATTTTTAATCTCAAAATATAAGGAGTCTGTGTTGCATAAAAAAGTTCTGTTGGCTTTAACTGCCAGCTTGATTTGCCAAGAGTCTTTGTTCGCTAAAGATAAAGACTACACTTTGGGAAAGGTTTCTACTACTGGGGAAAAGGATAAATCTGATTATTCTGGGCAGGTCAATTTGGGTTATAGCGGGATCACCGCGCCTAAGAGTTGGCAAGATGAAGAAGTGAAAAAATACACAGGAAGCCGCACAGTGATCTCTAATAAAGCGCTCACCCAACAAGCTAACCAAAGCATTGAAGAAGCTTTACAGAATGTCCCCGGTCTGCAAATTAGGAACGCGACAGGTGTGGGGGCTATGCCCACTATCCAAATCCGTGGCTTTGGGGCTGGGGGTTCAGGGCATAGCGATGCGACGCTTATGTTAGTTAATGGTATTCCTGTTTATATGGCCCCCTACGCTCACATTGAGCTAGACATTTTCCCTGTTACCTTTCAAGCCATTGATCGCATTGATGTGATTAAAGGCGGGGGCAGCGTGCAATATGGGCCTAACACTTATGGGGGTATTGTCAATATCATCACTAAGCCTATCCCTACTCAATGGGAAAACCAAGCGGCTGAAAGGATCACTTATTGGGCTAAGGCTAGAAACGCCGGGTTTGCCGCTCCCCCTGATAAAACCGGCGATCCTTCTTTCATCAAGTCTTTAGGCAATAACCTCCTCTATAACACTTATGTGAGGAGTGGAGGGATGATCAATAAGCATGTGGGTATCCAAGCGCAAGCTAACTGGGTTAGAGGGCAAGGCTTTAGGGACAATAGCCCCTCTAGTATTTCAAACTATTGGCTAGATGGGGTCTATGACATCAACGAAAACAACGGGATTAAAGCCTATTACCAATACTACGATTTTGCTATCGCTCAACCGGGATCACTCAGCGAACAAGACTACAAAATAAACCGCTTCGCTAATTTGCGCCCTCTCAACCAAAAAGGCGGGCGCTCACAACGCTTTGGGGCTGTGTATGAAAACCGCTTTGGGGATTTAGACAAAGTGGGCGGGACTTTCAGCTTCACTTACTATGGGCAGTTGATGACTAGGGATTTTCAAGTGAGCTCTAGCTACAATAGCGCTAACATGGTTACTTGTTTTAGCGAAGCGGCATGTAGGGCGGCAGGACTTCCGGCAGGGTATAACTTGGCTGTGCCTTATTATGCCACTAACTACAATGGTTGGGCAGAAGTAGAAAACCCTGTGCGCTCCATTAACAACGCTTTTGAGCCTAAAGTGAATTTGATCGTCAATACCGGGAAAATCAAGCAAACCTTTATCATGGGCTTGCGCTTCATGACCACCACTTTTTTACAACGCCAATACTTAAACACCAATGAATGCCCCACCAAAACGAGCGGTGAGGGGGCAGGATTCTTGTGTGAGGGCGCTAATGTGATGAGCGGTTGGCGACCCCACATCAAGCATGGCGTTTATAGAAACTGGAATAACTGGCGCAACAATTACACAGCAGTTTATTTGAGCGATCGCATTGAAGCATGGGATGGGCGCTTTTTCATCGTGCCTGGTTTGCGCTACGCTTTTGTGCAATACAACAACGAAAATGCGGCTAACTGGGCGCAAATCCCTGAGAAGGATTTAAAAAAAATCAAGCACATGAACAATTGGATGCCCTCAACCAACATTGGCTTT
NZ_CP141771.1_gap51	1575003	1575503	500	TCACTATCACCCACATATCCACTGCAATTGTCTATCAACCCCTTGATGAAAAACTTTCTTTAGAAACGACCTTAAACCCTAACCGCCCTACTATTCCCAGAAACACCCAAATTGTTTTTTCTTCAAAAGAATTGAAAGAGCCGCACCAAATGCCTTCCTTAAACGCGCCCATACAAAAACCACAAAACAAACCCACTCCATCGCAACAATCTCTTCAAAACTTTTCCTACCCAGAGTCCAAACTAGGCTCTAAAAACCCTAAAAACAGCCTTTTACAGCCTTTAGCCACTCCTAATAAAATAAGCTCCGCTAATGAAGTTAAAACGCCAACAAACGACACTAAACCCCCTTTAAAGCATTCTTCAGAAGATCAAGAAAACAACCTTTTTGTAACGCCACCCACTGAAAAAACGCTCTCTAACAACACTCCTAACGCTAATATTAATGAACACAATGAAAGCAATGAGAATAGGGATAGTGTGGAAAAACAAGCGATTAGA
