gap_id	start	end	length	sequence
NZ_CP114598.1_gap1	77682	82506	4824	CCCTACTCCGTCATCCTCTTTGATGAAGTGGAAAAGGCCCATCCGGACGTCATGAACCTGCTTCTACAGATTCTGGAAGAAGGAAGCGTGACGGACTCCCTGGGACGCAAGATCAACTTCCGCAACACCATCATCATCCTGACCTCCAACGTGGGGGCCGCCTCCGCCAAGCGGCAGAGCGCCATGGGCTTTGGCGCCATGGCCGCCGACAACGCGGACTACGCCGCCATGAAGGGAAAGATTCTGGAAGAAGCGCGCAGGCAATTCCGCCCGGAATTCCTGAACCGCTTTGATGACATTTCCGTCTTCCGCATGCTGGAACGGGATGACCTGGAACGCATCGTGCATCTGGAAGCGGACAAGCTCATCTCCCGTCTCAAGGCCAAGAACATCACGCTGGCCCTGAGTCCGGAAGCCCTGAACCTGATCATCAAGAACGGCTACGACCCGCAGTACGGCGCACGCCCGATGCGCCGCGCCATCGAACGCCTGCTGGAAGACCCGCTGGCGGAATCCCTGCTGAGGGGAGACGTGAAACCCGGCGATAAAATTGAAGCCGTGGAAACGGACGGGACGGAGACACTCACCTTCCTGCACATCCAGGACACCCCCCCGGCAAAGCCCAAAGCGCCGCGCAAGAGAACGCCGCGGAAGCCCAAGGTGGAATAAAAGCTTTCAGGCTTTTCAACCGAGGCCCCTGCATGCTGGCATGCAGGGGCTTTTTCTTTGACGGATTACGCAAATATCCGTTTTTCGCTGAAAGAACCATTTACCAGCCTGTGATATATTATAAATATGACCTTTTACTTCTCAAAAATTCTATTCCTTTTCATGCTAACAAATCTGTTTGTCTTCGCAGAAGATATACAGAAAAACAGAGAGCGGGAAGCAGCGCGTTCAGTAATCATGCGGACCGTTCCGTCCCTGGCCAAAGCCCCGGAAAAACTGCAACTGGAAATTATTGAAAAAGAAGACGGGCACGATGTTTTTGAAACGAAAGCCTCCGGCGGAATACTGAATATCCGGGGAAGCAGCGGCACAGCCCTCTGCCGGGGATTCTATGATTTTCTGAAGACAAACCGTCTGGGAATGGTTTCCTGGGATAATAAAGATATCCGCTGGCCGGCGCAACTGCCGGATGCCGCGCCGCGCCGCATCGTTTCCCCTTTCCGCAACCACTATTACTTCAATGTGGTCACCTATGGCTATACGATGCCTTACTGGACCTGGGAACGCTGGGAAAAAGAAATAGATTGGATGGCTCTGCACGGCATAGATATGCCTCTGGCCCTGGTTGCCACGGAGGGAATCGCCGTCCGGGTATGGAAACAGCTGGGACTGACGGAGAAAGAAATAGAAGAATTTTATACGGGACCGGCACACCTTCCCTGGCAGCGGATGGGGAACATCGTCAATCATGACGGCCCCCTGCCCGCCAGCTGGCACAAGGAACAAATCGCCCTGCAGCACCGCATCCTGCACAGGATGAAATCCCTGGGCATGACCCCCATTTGTCCCGCTTTTTCCGGTTTCGTTCCCCGGGGAATCCTCCGCCTTTATCCGGAAGCGAAGCTTCACCGGCTGGGGTGGGGAGGCTGGCCTCAAAAAAACCACGCCCATTTTCTTTCTCCGGAAGAGCCCCTTTTCCTTAAAATAGGACGCCTGTACATGCAGGAATGGCAGAAGGAATTCGGGAAAAACACCTATTTTCTTGCGGACTCCTTCAATGAAATGGAACTTCCCGAAAACAAAGGAGGCGCCGAAGCCCGCAACAATATGCTCAGCTCCCTCGGGGAACAAATCTACCGCTCCATTTCCTCCACCAACCCGGATGCGGTATGGGTCATGCAGGGATGGATGTTCGGATACCAGCGCAATATCTGGAACGCAGATACTCTGAAGGCTTTGCTCAGCAAGGTTCCGGACGATAAGATGCTCCTTCTGGACCTGGCGGCGGATTACAACAAGACTTTCTGGCGCAACGGCATGAACTGGGACGTCTTCAAGGGTTTTTTCAATAAACCGTGGGTTTACAGCGTGGTTCCCAACATGGGCGGCAAATGCGCCATGACCGGGGTAATGGATTTTTACGCCAACGGCCATCTGGAAGCCTTGAACTCTTCATCCAGGGGGCGCCTCTCCGGAATGGGCATGGCCCCGGAAGGGATAGAAAACAATGACGTTATCTACGAACTGGTTACGGACGCCGCATGGAGGGACCGCCAGGAGGACGTGGAACAATATCTGGAAAATTATTGCCGTGCCCGATACGGAAATTATCCGGACAGCATGAAGGAAGCCTGGAATCTGTTCCGCCGCACAGCCTATTCCAACTTAAAGGACCATCCCCGTTTCAACTGGCAAATGAAACCCGGCACCCGCGGCTGTTCCGTAAACACAAGCGAAGATTTTCTGAAAGGCCTCTCCCTGTTCGTCAACACTCGCGGCCTGGAACAGTCCCCCCTGTTCCGCCAGGATGCCGTTGAGATGACCGCCCATTACCTTGGCATACGCATGAATGAAGCCATCCTGGCCGCTCTGGAAGCCCTGGATGAACAAGACATGGAGAATACGAAAAAATGCATGGAATATTTCCGCAAATACGCCCTTCGGGCGGATTCCCTTCTGGAAGGGCATCCCACCTGGAGACTGTCGCGCTGGTTATCATTTGCCCGGTCTCACGGAACTTCTCCGGAGGAAAAAAACAAGTATGAACAAAACGCCAGAAGGCTGGTGACCAGATGGGGGCCTCCCGTAGACGACTACGCCGCCAAAATATGGAGCGGCCTTATCAGGGATTACTATCTGCCGCGCTGGGAACACTTTATTCAGAGCCGTCTTTCCGAAAAAAATCCGGATATGGGAGCATGGGAGGAAAAATGGGTCCGTTCCACTGGCGTAAGCGCGGCGCACGCTCCCGGAGATCTGGTCAACGCCTGCCGCCAGGCTATCCGGGAGGCGCCGCCCCTGCCTTCTTCCCTGAAAAGAAAAGCAGCCGGGTCAATTATAGGGAACTGGACCTCCGCGACGGTATCCACGGAATGGAGTTATTTGGACTGGCCCGTTTCTTCCGCTGATCTTGAAAAACTCCGGGGGGTGCGCTTCGTCTTCACTTCCGGCAGCCATGCCCTGGAAATAGACGGCGTCGAACTCCTGGAAAACGGCAAAGTAATCGCCCGCGACCGGCACGCCGGATTGGCAGGCAAGCCTTCCCGCGGGAATTTCTACAAACTTTCCCTTCCCAAGGGAATCCATGCCAACAACGGATGCTCCCTCAGAGCCAGGGTCCGCTCCGTGGGCGGAAAATCCTCCAATGGGAAACTGGAACTGATTAAAGAATGAACGGCTTAAATTCCAGTTGCTTTCCGGAAAGAGCCATATGAATCCGTTCCTGTGCCGTTTCCTGACTGAGTCAGGAAACGGCATGCCCGGCGCCCCGCGGAATCCCCGCACGGAACAATCGGGATGAAAGCTACATTTCAGACCGGTACAGGTTTTCCACATGGGAATATCCCATCTTCCTGAGCACTTCCAGCGCCTTGTCCGCCCTCTTGCCCGTACGGCAATACAGCAAAATCACGGCATTCTTATCCGGAAGAAGCTGCGCGGCCCGTTGTTCCACCTCATCTGCCGGAATATTCAAGGCCCCCTCCTTATGTCCCGTGCGGTACTCCTCCGGAGTTCGGACATCCACCAGCACAATAGGGCGCGCCATGCCGCTTTCCGGAGACACCACCATGGCGGCGGGAGCAGGGGCGCGTTCCGTATTCCTGCTTTTCAGCCAGACGAAGAGGGCAGTCAGCCCGGTCACCATGACCACGTACAAAACCACATTTTTCACGCGGCCACTTCACTAAACCGCGGCGAAGTAATCAAGAGAAAATAACGCCCAGCCCCCGCACGCAGGCGTCATCTGCCGTCCGGTCCGCTCCGGCGGCCCCGTTCCACGGGAAAATAACGCTCCGTCCGCAGAAGCGGGAAGGGAAAGAACTTTCCCTTCCCCTCCATATTCGGAAAGGCCGGAGAATTGTCTCCCTACCCCTCATCATCAATCACCACAGCCTGGGAGGCGAAACCAAAAGCGGGGCTTCCCCATTCCACGACATCCCCGGGTTTCAAATATACCGGAGGCTTCATCCCCATCCCCACGCCTCCCGGAGTGCCGGTGGAAACCACATCTCCGGGCCATAAGGTCATGAACCGGGAAACATAGGCAATCAGGCGCGGAACAGGCCAGATCAAGCCGTCCGTATTGCCGTTCTGGCGCACTTCCCCGTTCACCTTCAATTCCAGGGGAATGCCGGCACCGTCCCCAAGTTCATCAGCGGAAATGAACGTGGGGCCCATTGGGGCAAAGCTGTCATAACTCTTTCCCTTGGTCCACTGTCCGCCATGTTCCAGCTGGTTGGCCCTTTCCGAATAGTCGCACATCAGCGTATAGCCGCTGATAGCCCGCGCGGCCTCCTCCGGGGAAGCGTTTTTCAACATCTCCTTAATCACTACGGCCAATTCAATCTCATAATCCAGCTTGTCGCAGCCGGGCGGATACAAAACGACATCGCTGCAGGAAGTAATGGCGGAAGGCGATTTCAGGAAAACAGCCGGCTCCTGCACGGAATCCCCATCAAACTCCTTCGCATGGTCCGCATAACTCTTTCCCAGGCACACCAGCTTGGAAGGAGAACAGGGCAGCGCGGTATCAATCATCCATTCAGGGTTGACAGCTTTGGCGGCGGCACTATCCAAAAACGCGGCAATACGCTTCATTTCCTCTCCGCAGGACCCCGTTTCCCCGCAAATGCAGGCATCCACCTCGGCAAGCAC
NZ_CP114598.1_gap2	200862	205855	4993	GGGACGCGTAGCCGTCAACGAAATTCTCTTTGCCACGCCGGCCGTGGCGGCCATCATCCGTGAAGGCGCCACGCAGAAAATCCCTGACGTCATCGTCGGCGGCAAGGCCATGGGCATGCAATTCATGGATGACGCCATCTGGCAGAAACTCCAGCAGGGCATCGTCTCCCCGGAAGAAGCCTACATGAAGTGCATTGAAAAGAAGAGATTCCGCAACTTCCTCCCACCGGAATCCGCCCGTCTGGCAGACGCCGGCGGCGGAAACTAAGCTCTTTACCCTCTTTCTCCTGCCATGTCTCCCACTGGAAAGTTCACGCTCAGGCTTGTGATTTATGGAGCATTCCTGCTCTATCTGGTGGGGGACCTGTTTGTCTGGCACGGCTTTTTGGCCGGCAGAATGGACGCGTACCTGAAACCGATGCCGGGGCCGCCAGGAGACACCTCCGCCCGGATAGCGGAAGTGTATGGAGAACCTGTCACCGCCAACCAGCTTTCCCGGAGGATTACGGAACTGAAGCTGCTGCGCCAGCCTCCCGTGCTGGATATGGACGGCGGGTTCAAACTTACCCATGAACCGGACATCCCCGGCGATCTGGCTCCGCGGGCCAGGTATGACCTGATCGGCTCCTCCCTTTTGCGCCTGAAAACCAGCGTCAATGACCTCCAGCTTCCCAACCGCAATGCGGAAGCGGCGCGCGCCGTGGAACAAATCCGGTCCCGTTTTGACGGAAACACGGAACAATACCTGAAAACCCTGCATGACCAGAAACTGACGCAGGAACAATTTCAAAAAAAAATAGCAGCCAGGCTCAAACAGACGGAACAGCTCTACCGGGCAACCGCCCAGGCGGCGGAACCGTCCGGCGAAGACCTGAAAACCTGCTACAATCTGATCCGGGACCAGCTCACCCCGCCTGATTTGCGGAAAACCAGGCACATCTTCCTGGCTACCTTGCACAGGGATGAAGCCCAGGTCAGGCAAACTGCGGAAACGCTGCTGGCGCGGCTGGAGGCGGGGGAATCCTTCTCCCGGCTCGCCAGGGAATTCAGTGAAGACGAACGTTCCGCTCCCGCAGGCGGGGAACTCGGCTGGATCAACCCCGCCCGCGCAAAGGAAACCCTGGGTCTGGCTTTGGCAGACGTTCCGGACAACAAGCCGGCGCTTCTCAAAAGCCGGTGGGGGTGGCATCTTGTGGAAGCATCCCCTGTCAAAAAAGGGAAAACGCCATCCTATGAAGAAGCGCTCCCGGCTCTTAGGGATGCAGCCCGGAGCCTCAGAAAAGCTCAAGCCGTGGAATTGTACATGGACGGTCTTTTTGAAGAAGCCCACCTCAGAAACCGCATCAAAAACAAGCAGGTCCGCTGACGCTCCAATTCCGGCAAACGGACCTTCATAAAAACCGGCCCCTCCCCGCCTTCCCTTAATCCGGAACATTTCCCGGAGTCACACGGCTTCCCTGCGGCCGGCTTCCGGCAGGCATGAAACGTCTGCATGAAACGGGGAAAGGCGGCAACCTCCCTCTTATTTGCCTTTCCTGACGAATTCCGCTTGCTTTCAAACGCGGGATGAATTAAATTCCTTCCGGTATTTCCCACGGGGTATTAGCTCAGTTGGTAGAGCGTCTCGTTCGCAATGAGAAGGTCAGGGGTTCGAATCCCCTATACTCCACCATCCATCTCTTTTTCCCGCCACTGTTTTTCATTCGGGAATAACGGGTAGCCCTATGAATGGTAACTTATTTAAAATTGTACTGGTTTCAGTCGTTGCCATTCTTCTGGCCATCATAGGCGGCATCATGTCGGCGGACGGGGATCCCCTTTCCATCGTTCTGGCTGTTTCCCCTTTTGTTCTGGCCGCCTTATTCCTGATGAAAGGGAAAGTGTGGTATCTGTGGATGTTGATACCCATTCTTTTCCTGCCCATCCCCTCTTTAAGGGACTACGCCCCTCTCCTTGCTTACGGAATAACCCTTCCTTTTTACTTGTGGAACGCCATGCTCAGGCGTTCAAATTTGACGTGGAATTCCGCTCCTGTTCTGGACGCTGTCGTCCTCGTGCTGTTCATGCACGTGGGCTACATCTTCCTGAGCCACCCCTTCGCTCTGGGGCTGGATGTGCTGGAAGACTACTACGGAGGCAAGGGATATATCCTTTTCCTACAGGCCCTCCTGGCCTATCTCTGCCTGTCCTCGCTAAAAACAACCAGCCATGAACTGGGCAAAGTGCTTCAATGGGCCGTTTTCCTGACCATCGTTTTTACCCTTATCTCAACTGCCCGGAATCTCCTTTCACCGGACAGCGCCGGGGCGGATCTTGCCGCAAACGCGGGTTCTCCAGACACGCTCTCCGAAGATTCCCGGAACTCCTCTTTCCTCAGAATTTCTATCTTGGTGCTGCAACTGCTCATCATCAACTACTCCGTGTGGCAGATGATCAAGCGTCCCTGGTGGGGGGCGCTGCTTCTTCTTGGAACCGTCGGCATCCTGTTAAGCGGATTCCGCTCCGCCATGGCCCAGGTTCTGTTGCTGTTCTTCACCATCTCCCTGATCTACAAAAGGTGGTTCTTCTGCCTTCTGGTTCCCTTCTTCGGAGCGCTTCTGCTTTTGCTGCTCTCCTCTGCGGGAATGCTTCATTCCCTGCCTTTCGGCATCCAACGTACGCTTTCAGCCGTTCCTTTCCTGGACGTCAGCGCGCAAGCCAAGGCAAACGCCGAAGACTCCGTCAACTGGCGTTTTGAGATGTGGAGCTGGGCTCTGGATGACCGTGAACACTTTATTCAGGATAAAATATTCGGAGACGGCTTTTCACGGGATATCAGCATCGTGAAAGCCAATGTTTATGAAGAAGCCTACAACCTGAGCAAAGACCAAAGCGCCTTTGCATGGAACGGTCAGTGGCACAGCGGCCCCATTTCCACGATTCAAACGCTCGGCTACATCGGGATTTCCCTGTACCTCATCCTGTCCGTCGTTGGCATGACCTACGCATGGATCGTCAGTAAAATCTACCGCAATCATCAATACAAACTCGGCATCCTGTATGTTTCCGCCGTCTATTTCACCAAACCGATCTTTTTTTTCCTGATCTTTGGTGAAAGCATCACCATTGCGATGGACATCATATCCCTGGGCATCATTAAAGTACTCTACTCCTGCGCCAAGAGGGAGGGGCTCTACGTATCCCTCCATGTCCGCAAGGAATACATGCCGCTCATGATCCGGAGAACGCAGGAAAAACGGCAGGCCGCCGCAACGGCATCCATTTCCGCCTGACCGCCCCTTTCCTTCCCCGGGAAAAACAGGCGTTCCTGATGCTTGAGGCTGGACTAATTCAAAGGGAGTTGCTACCTTTCGGTGCGGTTCCTTTTCCCATGTCAGCAGATACTTCCCACCATATCATCGGTCTCATTCCGTCACGCTGGGGTTCCTCCAGATTTCCGGGCAAGCCCCTCCACCTCATTGCAGGAAAACCTCTTGTTCAGCATGTATGGGAACGCGTCTGCCGCTGTTCCCGCCTGGACGCCGTCGCCATCGCCACGGACGACCAGCGCATTTTTGACGCCGCCGAATCCTTTGGGGCCAGGGCCATCATGACCTCTCCGGACCATCCCAGCGGCAGCGACCGCCTGGCGGAAGCGGTACGTTCCTTCCCTGCCGCCACGCATGTCGTCAATATCCAGGGGGACGAACCTCTCATTGACCCGTCCCTGATTGACAGGCTGGCGGATGCCCTGGTCTCGGACGAAGCCCTCTCCATGGCCACCGTCGCCTGCCCCATCAGCGCTCAGGAGGACCTGGACAACCCGAACATCGTCAAAGTAGCCCTGGCCTGTAACGGAGACGCCCTGTACTTCTCCCGTTCCGTCATTCCCTACGCCCGCCATCCCCGCGTAGCGCCTCCCTTGCGCCATCTGGGTATTTACGCCTACCGCCGCGACTTCCTTGAAAACTATGTCCGCTGGGAGCCAACTCCCCTGGAACAAACGGAATCCCTGGAACAGTTGCGCGCACTGGAAAACGGGGCCAGAATCCGGGTCATCCTGACGGACCACGTCAGTGTGGGCGTGGATACGCCGGAGCAGGCGCAACAGGTGGAACAAATCTTACTAAACATACACTAGGAACCAAATCATGAAATACATCTTCGTCACAGGCGGTGTTGTCTCCTCTCTCGGCAAAGGGCTGGCAGCGGCATCCATCGGCACGCTGCTGGAACGCTGCGGCCTCAAGGTAACCCTTCAAAAATTCGACCCTTACCTGAATGTGGACCCCGGAACGATGAGCCCGTTCCAGCACGGGGAAGTGTACGTCCTGAACGACGGGGCGGAAACGGACCTGGACCTGGGCCATTACGAACGCTTCGTTCATTGCAGCCTCTCCCGGCTCAACAACCTCACCTCCGGCCAGGTCTTTGAAAGCGTGCTGCGGAAGGAACGCCGGGGAGACTATCTGGGAAAAACGGTTCAGTACATTCCGCATGTTACGGATGAAATCAAAAACCGCCTCTATGAAGTCACGGAAAAATCAGATGTGGACATCATCATCACGGAAATCGGAGGCACGGTTGGGGACATGGAAGGCCACATCTTCCTGGAAGCCCTGCGCCAATTCGCTCTGGAAGTGGGCCGTGACAACGTCTGCTTCATCCATGTCACCCTGCTCCCCTATATCAAGGCCGCCGGGGAAATGAAAACGAAGCCCACCCAGCAATCCGTCGCCAAGCTCCGGGAAATCGGCATCCAGCCGGACGTGATTATCTGCCGGACGGAATACGACATGAGTGAAGACGAACGCCGCAAAATCGCCATGTTCTGCAACGTGGAGGCCAAAAACGTCATTGCCTTCCGCGACGTCAAAAACACTATCTACGAATGCCCCCTGGATCTCAGCCAGGATAAAATAGACCGCATTGTCACCAGGCGCCTGGGGCTGGACGTTCCGGCGCCCAATCTGGCGGACTGGCAGCGTTACGTCGGCCGGGTCATCAGCCCCAG
NZ_CP114598.1_gap3	208940	209786	846	CAATAGCCGCCTGAAGCGCTCCCTTCACCCCCATTTCACCGCTCTGCAGACGGCGGTTGACAAAGTCGGACATGTTCAGGAAGGGCCCCCTCTTCCTGACTTCCTTGACCATGTTCCGGGCCAGGGACCTGATCTGGGAGTCGCTCAGGGTTCTCAGGTCCGACCACGCCATGGCCTCCCCGTCCGGGATGCCCTGGGTCACCCCTATCGAGCCGTAGTCGTCCACGTGGGACTTGTCGCTGCTGGCCACCCCGAAACGGGAAAAGGCCGTCTGGGAGTTGCCGAGCACGGAAGGCCTCCCGTTTCTGGAATAAAGGATTTTGCGCTTCTTGAGCCCCAGCAGGGTGGCTTCCCAGGCGCGCTGGGAGGTGGAGTTGACATTGAATCCGCCGGCGATGGTGAGGTACTTGGAGGCATGCTTGTAGCCCTCGTCCGTCCTGGCGAGTTCTTCGACGACAGCTTCCGAGGGTTTGCCCTGAAGGTCGGGCATGAAGCGGCGGTTGGCGATGCCGGAGGCCCTGTTGGAGGAAGCGTCCGTGGAGAAAGCCTGCTGAAGAACGGTTTTCAGTTCTTCCCTGCCCGTGCCCCCAAGGCTGGAAGGGCGGGCGGCCAGGGAGGAGGCGAACCAGGAGTCCCAGAGGGCGTCGTTGATCATCAGGCCGTGGTCCCAGAAGTCCCCCAGGGCGGCGTCCCCCATGATTTCGTTGTGGGAGAACACCTTGTCGGCGGGAAGCATGGGATCGGCAAACGCGTTGCCGATGCCTACGCCCGGCACGCCGGACTGGTAGGCGAAGCGCTTGGCGATGGCCGCCTTGGAGTCGCTCCTGTACCATCCCGGGGTGAGGC
NZ_CP114598.1_gap4	212987	215720	2733	CGCCACACGTACATGCGCCATCCCATCCTCCTGCGCTTTTATTCCTTCGTAGGGCTGAACTATGTCAGACACGGCAACAAGCACCCCAACCGCGGAGGATGGATTGACTTCCGTGTCGCCGTCATTCCCGTCTATGTCTGGTGGAATCCGTATAATGTGGATATGAAGCTGACCGGGGCCAATGGAGGCGTCTGGGGAGCCTACTTCGGCGAGCACCGCTTCATGCCCCTGCTGCTTTCCCATAATGTCAGATTCGCCTGGAACCAACTGGATGAAAACGCGCTCTCCAATTATGGGGAATCCTGCCTGGTCCCCTATTTGAACGCCTCTTACAACAACCGCCAGGTAGCGGATTTCGGAGCCTCTTTCCGGACTACCTCCAAACTTAACAGCGACGGTTCCACGGTCAAAGGAGAGCCCTCCACCCTGAAAGCGGGCGAAATCGTCGTCTTCGCCCAGCCGGTCGTTTCCAACATCGCCAACGGCAACGAAGTTTATAAAACAAAACCCAACAGCGGTGATTTCAAACCGGACAGGTTCCCGCTCAAGGAAGGCTGGTCCCAGGAACCGGGGCAGGTCAGCTCCTATGCCGTCAACCTGACGGACGGCGTCCGTTATGAGCTTCTGGACGGCAGCGGATACAATCAGGTAGGCATTGCCAAGGCTTCCGTTATCTTCGCGGAAAACACCAGCCAGCTCAACGGCACGCCGGACAATCACGTTCTTGCCGTCAAATACGGAGACAAGGGCTCCTCCAAAGCCCTGGGGACTTTCGTGATGGGGGCCGGCCTGATGGATCCCAACAGAATGAACAGTTCTTCCTCCCTGAATGGGAAAAGCACGGCGGAGATAGACATTTTCTCCAAGACCATGCCGGCCATCCTTAACCTGAACTGGGGCGCCTGGGAAAAACCTCTTGTTGACCAGATTAAACTTCCCGCAGAAATGTGGGAACGCAACGAAGGCCCCAATGAGGAAGCCAAGAAGGCGGGGGAATACGGCAGGCCTACCTTGGATTCCACCTTTGTAGCCTACTACGGAGTATCAGTAAAATGGGGCAAGCCGCCCGTGATTGGAGCCTACCCGGAGGGCAAGGACTACCGCGCCAAGACATGGCAGCACTCCAGCCCCCTCTTCTGGGGCGGCCAGATGCCCACCGCCTCCGAACTGGGGCGCCTCTACAGCCCGTACCAGTTTGAAGTCAAGAACGCCAACAGCGACTTCTTCCCCATCACCATCTCCAACATCCTTTCCAATGACGGCACCAGGCTCTCTCCCTTCGGAGGGCCGGGAGCCGAACAGGTCAACAAGATTGTCGCCGCGGAACTTCCCTTCCAGCAGCCCTCCAGCCTGGCCGGCTTTGCCGGATGCCGCCTCACCCCGGGATGGTACAGGAGCGACTCCAAGGCGGCCATCGCCAAGCGCTTCGCCTACCAGTCCGGCGTGCCGGGCGTAGGCATCGGCAACGCGTTTGCCGATCCCATGCTTCCCGCCGACAAGGTGTTCTCCCACAACGAAATCATGGGGGACGCCGCCCTGGGGGACTTCTGGGACCACGGCCTGATGATCAACGACGCCCTCTGGGACTCCTGGTTCGCCTCCTCCCTGGCCGCCCGCCCTTCCAGCCTTGGGGGCACGGGCAGGGAAGAACTGAAAACCGTTCTTCAGCAGGCTTTCTCCACGGACGCTTCCTCCAACAGGGCCTCCGGCATCGCCAACCGCCGCTTCATGCCCGACCTTCAGGGCAAACCCTCGGAAGCTGTCGTCGAAGAACTCGCCAGGACGGACGAGGGCTACAAGCATGCCTCCAAGTACCTCACCATCGCCGGCGGATTCAATGTCAACTCCACCTCCCAGCGCGCCTGGGAAGCCACCCTGCTGGGGCTCAAGAAGCGCAAAATCCTTTATTCCAGAAACGGGAGGCCTTCCGTGCTCGGCAACTCCCAGACGGCCTTTTCCCGTTTCGGGGTGGCCAGCAGCGACAAGTCCCACGTGGACGACTACGGCTCGATAGGGGTGACCCAGGGCATCCCGGACGGGGAGGCCATGGCGTGGTCGGACCTGAGAACCCTGAGCGACTCCCAGATCAGGTCCCTGGCCCGGAACATGGTCAAGGAAGTCAGGAAGAGGGGGCCCTTCCTGAACATGTCCGACTTTGTCAACCGCCGTCTGCAGAGCGGTGAAATGGGGGTGAAGGGAGCGCTTCAGGCGGCTATTGACGAGAGCTCCATCAACAGCACGTTTGACGAACTCTCCGACATGGTGATCGCGCCCAGGGGAGGCTATCCGAACCAGGACGCGGCCAGGGGGTCGGTGTATACGGCCGCCCCCGGCTACCTGATCCAGTCGGACGTGCTGGCGGTGCTGGGCAACATCCTGACGACGCGGGACGATACGTTTACGGTGCGCGCCTACGGGGAGCTGACCAACCGCGAAGGGATGGTGCTGTCGCGCGCGTGGTGCGAAGCGGTGGTGCAGAGGGGGATCAACTACGTGGATCCGGTGAACAGCCCGGAAACTCCTGCCCGGAAGGTCAACATGAAGAGCGGAGCGCTGGAGGATACGGAGCTGAGCGCCGTGAACAAGGCGTTTGGAAGAAAGTTCAATATCGTCTCCTTCCGCTGGCTGTCCCGGAAGAAGTGTAGCAAAGGGAGCGCGTTTCCATTCCGTTTCACGCCGCTTTTCCTTTCCCGGGAAAGCGGCGCTTTTGCGTCCGGAGAGAGGGGGAAGATA
NZ_CP114598.1_gap5	223267	227631	4364	CCGGAAGAGCGCAGCCAGTGGATGGCACGCCATGCCGCGGACGTCAGGAGGCATTTGCAGCAATTAAGTGCCAAGAATTACTTTGCCCAGTTTTCCCCATGCCCCGAATTCGTCATTATGTTCCTGCCCGGGGAATCCTTCTTCCAGGCGGCTCTGGAAGCAGACCCCACCCTGATTGAATTCGGCGCGGAGAATAGGGTCATTCTTTCCACTCCATCCACCCTGATTGCCCTGCTGAAAGCCGTCGCTTACGGATGGAAGCAGGAGCAGCTGGCGGATAACGCCAAGAAAATTTCGGAAGCGGGCGCGGACCTGTTTAATACCTGCTCTATCCTTTCCGGCCATTTTTCCTCTCTGGGCAAGAGCCTGAACCAGGCGGTAGCCCAGTACAACAAAACCGTTTCCTCTTTTGAACACCGGTTCATTCCCCGGGCTCAGAAGTTGAAAAACCTGGGCGTCACCTCCACGAAGGAACTTCCCCGCGCCCTGGAAGACATTACCGAACAGGCCAAATCTGCGGACATTCCGTCCTGAAAGAGCAACAACCATGCGGCTTTCCCTCTCTGCCCATTTCCGGGCCGGGAAAATACAGCCCTAAAGAATCCCCCGCAGACGTTTTCCTGCGCCTGAAAGAATCTTGATGATACAGAGGAATTCGGTTTCCGGAACTCTGCCCCAGCCGGAACTTTCAAGAATTTTTATGAGCGGGAACGGGAAACGGCAGGCTGTTTTCATCATGCAGCCGGGCAGATAATTCCCCCGCAGAGGCGCACACCGGCACCCGGAAAGCGTCCAGAGCGGAACGGGAGCTGTAGCCCCACCCCACCAGAACAAGCCGTGTTCCGGCGTTCACGGCCGTGTTGCCGTCATGGGCGGAGTCCCCCACCATGCACACCTGCGCAGGAGCCCTGCCCCAGGAGCGGACGATGGACAACAGGGAGTCAGGGTCCGGCTTACGCGGAAAACGTTCGGAAAATCCCATCACTTCCCGGAAGGGAATTTCAGGCAGGATATGGCGCACCAGCGGCACCGTAACCGCATGGGGCTTGTTGGATAAAACACCCAGAGGATGGCCTTCTCCGGCCAGGGACAGAAGCATTTCCCGGATGCCGGGGTACGGCACCGTGCCCTCCTGCCAGGTGTGCGGGTATTCGCGCATGAATCCCCGGTGCACCGCTTCAAAAGCTTCCTCCGGCACATTTCCATTGAAATAGCCTTTCAGGGAAGCCAGGCAAAGCTCCCGGGCCCCCTTGCCCACCATTTCCCGGATGGCGTCCACGGAATGCTCCGGATACCCCAGCGCTTCCAAGGCCAGGTTCAGGCCGCGGGCGATACCGGGAATGGAGTCCACCAGCGTCCCGTCCAGGTCAAAAACAAAACCCGTTTTCATGGATTCAATGGCAGAACCCCCGTTCGGAAGTTTCCACGAACTGGATGATTCTCCTCAGGCAGGCATTTTCCGCATAATCCGAATGCCGCAGTTCCTCCAGAGCTTCATGAACGGTCAGCTTTTTATTGACGAAAAGCTTTTTATAGCACATGCGCACGGCTTTCAGGTCTTCTTCGGAAAAACCGCGCCTCTGCATGCCGATGGAGTTAACGGACCGCGTTACGGCCGGATGGCCTTCCACGATCGTGTACGGCAGCACATCCTGGCTCACGCGGGCCATCGCCCCCACCATGGCATGTTCTCCAATGCTCACAAACTGGTGTACGGCGCAGCATCCCGCCAGAATAGCGTAATCCCCCACCGTAACGTGGCCGGCGGCAGTAGCGAACCCGGAAAAAATCACATGATTGCCGATCTGGCAATCATGCCCGGCATGGCAGGAAACCAGGAAAAGGTTGTTATTCCCTATCCGCGTTGCGCCGCCAATATCCGTAGCCCTGTTGATGGTGGCGTTTTCACGGAAGACATTGTTATCCCCCACTTCCAGATAGGTCGGCTCCCCCTTGTATTTCAAATCCTGGCTTTTCAGGCCGATGACGGAAAACGGGAAAAATTCGTTGCCGCAGCCAAAGGAGGAAGGACCGTCGATAACCACGTGGCTGTGCAGCACGCAGCCGGGCCCCAGTTTGACATGTTCCCCGACAACGCAAAAGGGACCGATTTTAACATCATCCGCGATCTCTGCAGTAGGATGCACTACTGCCGTTGGGTGTATTTCTGGCATGGCTGAAACAAGTATGAAACAAATTCAGGTGATTAAAAGCCTAAACCCCGCACGAACGCCTTTTTATCACATTTGGCCGGAAGCGGCCGCATAAGCCTCCATCTCAGGCAGCCAGGGAATCAGCAGAACGTAGATGAGTTGAAGGCACAGAATAACCAGCGCCAACGTCATCACCACTTTGCGGAGCGTCAGGGGGCTGTTCAGCACATCCGTAGTCCCCAGCTTCCTGTCCCAGGGAGTGAAGCCGAAGCGGCGCACCCACCACCAGGAAAAGAACAGGGCCAGCAGCATCAGGGAAGGAGCAAAACACCCCAGGCCAAGCACCATGACGAACAGGGAGCGCCGGAATGCCGTGGGGAAAGAAAGACGCCTTCCCCGGTAGTCCCTGACGGAAACGCCCAGCATGGCTTTTCCCGGGGTTGTTCCCAATGTACCAAGAAAGGCGGTTTCAACGAGAACCATCGGGAGGCAGAGGTAAAGCAGAGCTTCATAGGAACCAGGAAGGAAACCGGGATTGAAAGCCAGGCCGAAAACTCTGAGCACGGACAAATACAGCGTCATGTGCATCATGATATCCGCCATTCTGCCGAGAAAACGGACGTACGCATACGGAACCACCAGCGGCGCTCCCTCCTCCGGGGCCGTCCCCCCTTCTTCCTGCGGGCAATCCGCATCCGCGGCAAGCGTCGGAGCCTGCTCTTCCCCTGCGTTTTCCAGTCCCTCTTCCTCCCGGTTCCGCCGTTCTCCTTCTCCCCTGCTGACGGCGCCTGCCCCCTTCAATGCCGGAAGGTCACGGATACATACCCATTCCGGGCACCCGGCATGCCACGCCCGGGCGTTTTCCGGAATGAGGCCCGCCTCCAGCATGGAAATGACCTCCACTTCCGGCAGAGGCCCCTTCTGTTCATGACCCTGAATCCAGTAAATATCCATAGGCGATTCCTGTTACATGCTGCGCAGGGAGCGGGCCGGATCCTGGCGCGCCGTGATCAGGGCAGGAATGATGGATGCCACCACGACCATGACAAAAGCTTTCACCGCCTGCCATGCCAGCTCCGCCCAGTCAATCACCACCGGGATATTCGCCGTGCCGTGGAAGGCCACGGGGAACGGGTCAAAGCCTATTCCCGCCAGAAAACCCTGAATCTGCATACGGTATTCCAGCACCAGCAACCCCAGCCCTACCCCCAGGAGGGCTCCCACAAAACCGATGATGACGCCCTGCCACAGGAAGACGCGCACCACCTGGAACGGCGTGGCTCCCAACGCCTTCATCACGGCGATTTCCTTTTTCCTCTGGATGGAAACGGTAAACATCACCGCCATGATGCAAAAAGCGGAAATCAGGGAGATGAAGGACAGGACAAAGCTCATCATCATGCGCTCCTTCTGCATCAGTTCAAACCACGCGTTAAAACGGTCATGCCAGGTTTCCAGTGTCCATGCGGAAGAAGGCTTTTCCTTTTCCAGCGCCTGCATCACAGGAGCCAACATCGTTTCCACATGGTAAGGATCTTCCACGCGCAGGGCCACGGCCTGCACCACGTCATCCTCATACCCCAGCAATTCCTGGCCGATGACCAGCGGAATGAACAAGTCAGGGCTGGGCGTATGCTGGGAAGCCCGGTAAATTCCAATCACCTCCAGGTCCTTCGGCATCACCAGCTCCTTGATCTTGCGGAAACATTCCATATCCGCCTCATTCCTTGCCCCATCCTTGAAACCGCTCAAAACGGTTTCCCATTCCTTCCGCGTGCCCTGCGGAAAGGCCACCCTGCCGTTGTCCGCAAGCTCTCCGTCGTTCAGCACGGCAAGCAGATCCATCAGGCAGGAACGTTCCGCATCCCTGCGAGGGACGGACAACAGCCCGTTAAGCAGGGAAAAGGCCCTGTCCACGGAGGCTCTGTCGGCCGTTTCACGCTCTCCCTCCGTCTTCAGGGATTTACCCCACTCTTTCAAATCCTTGAGTTCCCGCGCGTTTTTCTCCGCCAGCATCGGCAGCTCCGTCTGCTGGTAGGCGTGGGAAATTTCCTGAAAATTGCGGGTCGTGTAAACCCGGGCAACATCTCCCACATTCAATCCCATGTTCTCTGCCACGATGGAGGAAACCACAGCTTTTTCCCCCATGTCCAGTTCCGCATCGCCGGCGACCACCAAACGCTTCAAATCCTCCAACTGGGCGGCGTTTTC
NZ_CP114598.1_gap6	246992	249444	2452	CCGGCATCGGCGCGCTGTGGGGGAAAAGGGAGCTGCTGGAAAAACTGCCGCCGTGGATGGGCGGCGGGGAGATGATCAAGGAAGTCACCTTTGAAAAAACCATTTACAACGACATTCCTTTCAAATATGAAGCGGGAACGCCCAACATAGGCGGGGCTGTGGGTCTGGCGGCCGCCATCCGCTACGTCTCCGGACTGGGCCTGGACAACATCGCCGCCCATGAACAGAAACTGACGGATATGGCGGTGGAAGGCCTGAAAGCCATGCCGCGCCTGACCGTACTGGCGCCGGACGTGCCGCACAGCGCCGTGGTCTCCGTTCTGGCGAAGGGCATCCACCACTATGACCTGGGTACGCTGCTGGATCAGATGGGGATTGCCGTAAGAACCGGGCACCATTGCTGCCAGCCGCTCATGTGCGCCCTGGGCACCACCGGGACAACCCGCGCCTCCTTTGCCCTGTACAATACGGAAGAGGAAGTGCAGACCTTCCTCAAATCCATGAACCGGGCGCTGGACATGCTCTCCTGAACCACCCTCCCTTCCCTTTTTATTTACACCGCTCATCATGAAAACGGTTTCCATCCTTCTTTTAGGACTGGCCATAGGCCTTTCCGGCTGTTCCCTGCACCAGCGGCAGGAAATGGAGTACGCCCATTACCAGGATGACGCCGCAGCCATCCGGGAAGCCCATGCCGCATGGCTCATTCTTTCCTCTCCCCAACGCAGCCGGGAATGGCCGGAAGCCCGGAAAAAATATAACGCGTGCATTCGGGAGCTGGCCTCCCACTTGAAGGAAGCCAAACGCAAAGGGGGCATGAATGAGGCGAAGCGCCTGAGCCTTCCCTTCGTCATTGAAAAATCCTCCTACGCCAGAGACAGCAATCCGTGGTTCTATGAGGCCATTTTCATGTCCGATGAAGTGGACCCCACCTTCCGTCTGCGGGAAAGCGTAACCGTGGAGGGAATGGGCATACCGCTGGCGGGGCTGGCGCCCCGGGGCGGCTCCCTCCCACATGCCAACGTGCTTAAGGACAACGGCAACGTGCACACGCTGACAGCCATTCTGGACTTTGACCGCATGGTGGACGGCAAACCTACCCTCCGTACCATTCCGCGCCTGATGAATGAACATATTTTCATTGGCAAAAACAAGGTGCGGCAGCCGCTGGCGGCCAATTTTTCCGTCCCTATCGCCCTGTTCTGGAAGCTTTCCGACGCAGACGGGACGGAACTGCTGGGGGCATTCCGCCCGAAAAAGGCCATCAATACGATGGGGCTTTATTTTTCCGAACCCTATGACCCCCGGAAAATACCCGTGGTTTTCACCCACGGCCTGATGTCCGGCCCCGCCACCTTCGCCAACCTGACCAACCGTCTCCTGGTGGATCCGGTCATCCGGGAAAACTACCAATTCTGGTTCTTCGGCTATCCGTCCGGGCTGGCCTGGACCATTCCGGCCAGCAGGCAGCGGCAGGCCCTGAAGGAGCTCATGCAGGAATACAATCCCCGCGGCACATCCAGGGAAATGAACAATATCGTCATGGTGGGGCACTCCATGGGCGGCCTCATCACCCGCTTCAACAATTCCACCAAACCCTGGACGCTGATGAAGGGAGTATTTGAACTTTCTCCGGAAACGTTTGAGGGAATGACGCTGGAAAACTGGAAGAAAGGGCTGGCCCCCCTCCATTATGATGAACAAACGCTTGAACGGCTCCAGAATAATTTCATCTTTTCCCCGCCCCGGGGAGTCACGCGCATCGTGTACATGGCCACCCCGCACCGCGGTTCCACTTTCGCGGACAACTGGATAGGAAGACTGGGCCAGCGCCTGATTGACCTCCCCTCGGACATGCTGGAAGAAGTCACCCGCATCGCTACACTCAGCCGCGGCATGTTCCTACTCAATCCGTTGAAAATGAAAGACGAGCTAACCAGCATCCGCCAGCTTTCCCCGAACTCATCCCTGGTCAAATACATGTCTGAACTGCGCGGTTCTCCCAATGTTCCCGTTCATTCCATCATCGGAGACAGAGGCAGGAATGACACGCCCAATTCCTCCGACGGAGTGGTCAAATACCAGTCCTCCCATCTGGACTGGAGCGCCAGCGAAAAAATTGTTCCGTCCGGGCACAGCGTGCAGGATGACCCGGCATCCGCCGTGGAACTGCGGCGCATCCTCCGGGAACACCTAGTCAAGGTCAAAGGCCGTAAAACGCTGGAAGAAGCGGACGCACGGGCCGCTACCCCGGTATGGCAAACCAATCCCTCGCCTCCCCTCATTCTGAAAAGGCCCTGATGCAGGAAATCAAATGCTCTTGTCCATGCAAGACTTCCTCTCCTCGCTCCTGTCATCCATCATATACGGCGAAATAACGTCCAAAACAAAAAAGGAAGAACGTTTCCTGAATAAAAAGAAGACCCGGGAAACCGTCAAAAAATATCAACTC
NZ_CP114598.1_gap7	275881	278036	2155	GCAAGTACATGGCCACCGTGGCGGAATCCCCCCTGCTGGGCAAAAAAGTCCTTTACGTGAAAGGCGCGCCGGAAATCGTGCTGGGCCTCTGCTCCACCGTCCTGACTCCGGAAGGCCAGGTTCCCGCCGCGGACATGCGCCCCGCCATTGAGAAACAGCTCCTGGCCTATCAGAACCAGGCCATGCGCACGCTGGGCTTCGCGTACCGCGTTCTGGAGGATGACGCCCCGGTATTCAAGGACGGCCGCATCATCCGCAAGGATCTGGTTTATCTGGGCATCGCCGCCATTTCCGACCCCGTCCGGGACGATGTGCCCCAAGCCGTGAAGGATTGCATGGACGCGGGCATCCGCATCAAGATCGTCACGGGGGACACCCCCGGCACCGCACGGGAAATAGGGCGCCAGATCGGCCTGTGGACGGAAGAGGACACGCCGGACCGCCTGATGACGGGAGTGGAGTTTGAGCAGACCCCGGATGCGGAACTGCTGGACCGCGTGATGGACCTGAAAATCATGTGCCGCGCCAGGCCCATGGATAAGGAACGGCTGGTCAAGCTGCTCCAGAAGAAGGACCAGGTAGTGGCCGTCACCGGGGACGGCACCAACGACGCCCCCGCGCTGAACGCCGCGCAGGTGGGGCTTTCCATGGGGGACGGCACCACCGTAGCCAAGGAAGCCAGCGCCATCACCATTCTGGACAATTCCTTCATGAGCATTTCCCGCGCCGTCATGTGGGGGCGTTCCCTGTACAGGAATATCCAGCGCTTCATCGTCTTCCAGATGACCATTAACGTGGCGGCCTGCCTCATTGTGCTCATCGGCGCGTTCCTGGGCACGGAATCCCCCCTCACCGTCACGCAGATGCTCTGGGTGAACCTCATCATGGACACCTTCGCCGCGCTGGCGCTGGCCTCCCTGCCGCCGGACGAACGCGTGATGCGGGACCCGCCGCGCAAGACGACGGACCACATCATCACCCGCCCCATGGGGCGGAACATTCTGGGCGTGGGCATCCTGTTCGTCGCTTTCCTGTTCGGCCTGCTGCAATATTTCAAGCATGCGGACATTACCAGCCTCACGCAGTTCAGCCTCAGCGGCTACTTCCGCAGCTACCTGGACTTCTCCACCCCGGAACATGAACTGACAGGTTATGAACTGTCCCTGTTTTTCACCATTTTCGTCCTGCTCCAATTCTGGAACATGTTTAACGCCAAAGCATTCAACACGCACCGGAGCGCCTTTGCACGCATGGGCGCCAGCATCGGGGGCTTCGGGGTGGTGGCTTTGCTCATCCTGGCCGGGCAATACCTCATCGTCACCTTCGGCGGCAAGATGTTCAACGTGGTGCCCCTGAGCTGGACGGACTGGGGCCTCATCTTCGCAGGCACCTCCCTTGTCCTGTGGTTCGGAGAACTGGCGCGGGCATTCACGCCGGACAAATCCGCAGGCCGCCCGTAAACCGTCCGGAAGCAGCCTCCCGCGCATGACACGGACGGTGACGCCGCCCGGAAAACCTTCTTTCAACAAAGAAGCCCGCGGGCGTGTCACTCCCTGCATGGACCTGACACGCCTGACGGGCTCTATCTCCGGCCCCGCCGTTTTCCTCTGCCTGCTTTCCCTCTTTTTTGCCGGGTGTAAAAAGACGGAACAGGCGCCGCATGAAACGCCCACGATTATTTACGAACACCCCGTTACCATGGATATTCCGGTGACGGGCAGCTGGGTGGGCCACCTGGACGGCGTGGACAACGCCTCCATCGTCCCCCAGATTACGGGCTACCTGCAAACGCAGAATTACGCCAATGGCGCTATTGTGAAGAAAGGGGAAGTTCTCTTCCGCATTGACGATTCCACATTCAGGGACCAGGTATCCAAGGCCAAAGCCACCCTGGCGCAGGCGCAGGCCCAGCTCCAGCAGTTGAATTACGACGCGGAGATTTACAGGCCCCTGGCCGCGGAGAACGCCATTTCCAAACAGAAATACGAGGATACGCGCCTCTCCGCCCTGGCCGCGGAAGCGCAGGTGCAGCAGGCTGCGGCGGCCCTGGCCCTGGCTGAAAAAAATCTTTCCTATACGGTGCTGTACGCGCCTTTTGACGGAATAGCCGGCATTTCCAGGACAAACATCGGCGACCTGGTCAGCCCGGAAAGCG
NZ_CP114598.1_gap8	283562	285446	1884	CAGCCTTGGTTTCAGTCTTTTTGGCCGGGGCCTTGGCCGCAGTCTTTTTGGCGGGAGCTTCCTTGGCGGCAGGCTTGGCATCCTTGGCAACGGGAACGGCCAGACGGATAGGCGCATTGGAATTCAACTTGGACTGTTCCTTCTTACGCTTGAGGTATTCAATACGTCTGCGGCGCTTGGTGACTTTGCGGATTTGCTGTCCCATAGTGATGATTGCTATGATATTTACTAATTCTTACGAGCTCCATGTGGCACATGGGCGTGGATACAACTACCAACCCCACCTCCCTTACGCAAGCACAAAGCGTTATTAAGGCACAGAAAGGCGGAGGCAGTCCCCGGGTTCCCCAATCCGTGCGGGAGAGGAAGACAACCGGGGCGAAGGAGGTTTTACCACAATTTCAGCGCATCCACCCGGACCGGCTGTTCCCAGCGCAGATGGTTCCGGATGGCGGAAGCGATGAATTCCAGGCCGCGCTCCACCGCCGCAACCAGTCCATCCCCGGCAGCCAGCCGCGCCGCGACGGCGGCGGACAGGGAACAACCCGTTCCGTGAGTGCTCACATCCTGTACGCGCGGGCGCTCCCATTGCCCCAGCAGACAGCCGTCCGGGCCGACCAGCACGTCCCGGCAGTCCCCCTCCAGATGGCCGCCCTTCAGAAGGACGGGGCATCCGTACCTGACGGCGAGGCGCGCGGCGGCCTCCGGCAGTTCATCCCTTCCCGGATTCACGGAAGAGCGGAGCAGGACGGCAGCCTCATCCAGATTGGGAGTAAGCAACGCCGCTCCCGGCAGCAGAAGCTCTTCATAAACAGCCACCGCCTCTTCCCGCATCAGGCGGTCGCCCGCCGTAGCGATCATAACCGGGTCCACCACAACGGGAACATCCGCCCCGGCCAGCACCTCATGCACCGCACGAACGATAGCCGGGGAATACAGCATGCCCGTCTTCACGGCGCGCACGGGAAAATGTTCCAGATTGATGCGCACCTGGTCAGCCACCAGCGCAGGGTCCACCTCCTGAATGCCGCGCACTGTCCCGGGCGCCTCGGACACGACGCAGGTAACGGCCGTAAGCGCAAACGCCCCCATGGCATGGGCCGCTTTCAGGTCAGCCTGGAGACCGGCCCCCGCGGAGCAGTCGGAACCGGCAATCGTCATCATTACGGGAATACTCATGGCCCTGTTTTTAATCGGGAAGAAAGCTCTTGAACATCCAAAAATCCGCACGCACCGCCTCAATGTCACAAATCCGGGTGGGAAAACAAGGAGAGAATGCCACAATCATCTCATGACGCACGCCTCCCCCGCCCCGGATGAACAGGAATTCTGGCTTTTCATTCAGGATGCCCCTCTGCCGGCCGCAGAGGAATTGCAGGAGAGCATGTTCCGCCTGGACGGCTGTTTCCGGCTGAACCTTTCCGGTGCGCCGGAAAACGCTCCGGACCATGTGCTGGAAGGAGAATATCTGGATGAAGAGGGAGAATCCCAGCTGGACGTATTCTGGGTCATGGAAACGGACGACGCGCGCCAGGCGTTCAAAAGGGACAACGCGGCCCTCCGGCAGATAGGGAACCGCACCAAAATGCTGCGCTTCATTCTGGAGGACGAATATGCCCTGGGCCATGTATTCGCCATGATTCACGCCATACTGGAACAACGGGACGGCCTGCTGGTCATTCCGGACTCCCGGGGGAACGTTATTCTGGAACGGAAGAAAGCTTTGGATTTCCTGAACAGGGAAATCCGGGAAAGTTAACGTTTCTGCGTCTGCGGAGCAGAACCGCCCTCACGCTCCGCATTCAGTTGAAGCGCCTTCTTTTTCCAGACTTCCGCCATATCCGCATCCTGAGAGGTTCCCTTTCCGGTGCTGTAGCAGACGGA
NZ_CP114598.1_gap9	286473	290892	4419	CCTCTTTTTGCTCTACTGAAACCAGTTCAACCTCTGATGAAATTCGTTCTGCCCCTGTATCTCTTGACATGCCTGGGCCTGGCGTTCCTGGTAAGTTTTTCCTGCCGGGGTTCCGCGACGGAACTTCCCGTAAAATACGTCTTCGAGCTGTCGGATGAGCCGGTGAAAGTGCATCCCGGCAAAATAGATACCAAAAGCGTTTTCTTCCCCAAATACGCGCGCGGCACGTCTCCGGAAACCCTGAAGCGGCAGGCCGCCCTCTTCCAGTCCAAGGCCTCTCACGAGGCCTCCAAAAGCAAACCGGCCATCAGCATCCACATGAATGACGACAAAATGGAAAGGGACGTCCATGAGCGGTCAGGCTATGAATTTCACCATGCGGAAAACCAGGAAGACATTGTCATCACAACCGAGACGCCGGACGAGGAAGTCTGGCTGAACGCCGGGGATCCGGACAGTCCCTTTTTCCATACGCCCCGTTCCGCCGCCAATACGGGAACTCGCGGAACCGCCACGCTTTCCGATTCCTGGCCCGCCTGGAATGAAGAAGAAGTCAACCTGCACATGAACCTTCCGGAATCGGCGCCGCGCCCCCTGGTAGTGCAGCCGGCTCCGTCCGGAGCCATCCGCACCATCATCAAATCCTTTAACGGAACCGTTTTTGAAGCGGATGCGCAGCCCATGCATCCCGTCTGGGATCAGCTCCCGCCCGGATACGTTCCTATTCCGGCTCTTCCGGCCTATCAGCCCGCTATATTGAAGAAATTACAATAGGAGGGGGGCAGAAAGCCTCAGAACTTGAAGCGGACAGCCCCGAAAACAGACCATCCGTTAAAGGCTTTGGCCGTTGCCGAATCCACATGGCTGGTGACATACTCTACAGCCAGCATCAGCTTGACCGCATTGACGGCCTCCGGACACAGATAGCAATTCAGCCCCAGGTAAAAGGAATGCATGCTGTCCACCCATGCGGGGTAATGGGTGACGCTGGGCACATAACGGGTATTCAGCTTCACAGAACGGTTCCCAAAAGAGCACTGGTATTGAAAGACGCCCTCAAGATGCGGGGAAATCCGGTAAATGGGCTGCAACACCAGTCCGTACACATTCTTTGCGCCAGGCTGGCCTACAATTCCCACGCCTGCCAGCAAATTCCCCATGATGGAGAAAGCGCCGCGGCTGGCGTCCCAGCTCAGGGAAATCACGTCCTGCGCCCCCGTTCCGCAGTAATCGGACGAGGAAGGGATTTTCCTTCCCCGCCAATCCGTAAAATTATGGGCATACTGGTACCCCAGAAACTGGCTGTCCCACATGGGAGAAGCCACCTTCCACTTCATGGCGTTCAGGAGAAACAGGTTGTCCGCGGAATGAAACTGGATTTCATCCTTCAAATCCGTACCGTTCGCATTCAGGTAAACGCCGTAGGAATGGTACAGGCTCTTGGCATCCTTCTGAAAATTGGCCTCCAGCCCCCAGTTGGAAATAGGGATTAATTCATTGCACAGGGCGGACCTTTCCACTGTTTTAATCCGTGAGGAAGCCAGGCAATATTCCGACGTCAGGTGAGGCGTCAGCTTGCCGGCCCTGAGCTTGACGCCGGACATGGTCTTTTCCAGATAAAGTTCATACAGGGACCACTCCGTGTGGCTGCCGATCCATTCTCCCCGCACTTCGCGGTGCCGGCCTTCCAAATCCCCTACATTCGTCAGATTGGACAGACGCCAGGAACCGTCCCCCATCAGGATGTCGCCGCCCAAGTAAGCGCGCCTCCACCCGTTGTTATGGCCGCCGGAAGAAGCGCAGAATTTATTGGCTCCATTGGGGCTGACGGCTGCTGCCTGATACTGGCCGATCAGCGTCAGCTTCACCTTCCTGATCCATGAGGAATCATTCCGGTACAGCACGGGACCGCGGTCCAGCACCCGGCACAGGGACGGCAGAGATTCCCCGGAAACCGGCTGGAACTGAGTTGCTCCCACACCGGCTTCCGCCGAAGGAAAGGCGGCACACCAGCAAGCGGCCAACAGGGACATCCCCGGAAAAACAAGCTTCATCATAGGCTAAACAAACAAATTGGGCGCACATCTTAAGGAGCCGCCTTTGAAAATCAAGCCCGGATGTTCCTTTCGACATCACAGGTTTCTGAAAGGGTTGTTACAAAGAACGGTAATGGTGAACGCAGCGGTACGCCCTTACGGAGCGCCACTATCAAAAGGCTTAGGGATGCAGGTTTCGGCACGGACTGGAGTTATGGCGACATCAGCCTGCGTATTATCGGCCTGACGAATGGGGGCCATTCCTCATCATTCCCGACGCGATGGCGAAACCATAATGAAGTTCCCTGGCATCATCGCTAACGTTTACCGGCTCCAGCGCATCATTCCGGCAAGCTTTCCCTCCCGGCCCGCATGGAGGAACATGCCTGAATAACAACCTCCCGCTCCTGCGGGGAAAGGCCGTAAATGTCTTCCATCAGCACATTCATCCGCTCATCCCCTTCCGGACAATAGCGGACCGCGAGCGCGTCCGCCAGCCTTTCCGCCTCCCGCAACAGGGGAAGGCCGGGCACGCGGATGGGGGCCCGGAGGATAGGGGCGGTATCCATCTGGAAAAAATCCCCCTGCATTTTTCCCCGGCGGAGAAACCAAAACTGCATCAGGCGCGAATTGAACAGAGCCGCCAGATATTTCATGCTCACGCGTTCCGAGCGAATCACGTTGAATGCCATCATCACATAAGCCTCCTTTTCCGTATAGGAGAAGGTTGGACGGGCACACTTCCTGACGGCCAGGATTTTGGGGCCGGGACGGAAAAAACGCTCCTGCCGGGGCCAGTGCACATGGTAGTATTTCATGCGGCCCATGCGTGTTTCCCGCCGGGCCTCCATCAGGGGACGGAACTTTTCCAAATGGCGCAAAAGCGTAACGGCCTGCTCCGCTCCGTTGGACGGGGTCAGATATAACAACACCTTTTCAGGAGCGTTCAGCGCATGCCGCCCTGCCTGAACAGGTTCATACAGAGGCTTGAGAAAACGCCGCTCCCGTTCCGGCAGCAGGTCAACATACCCCTTAGGCACGACGAATACCCCATCCCCCCTCCGGATTCCGAACCGCCGCACTGTTTCAGGCCCCAGATTCTCCAGAGCGCGGGAGGAAACGACGTCAGGATTCGGCACAATCCCCTGCGTCATTTCCTTTGCGGCATCCAGCCTGAAATTCCGGCACGCTTCCATCTTTTCCAGAAGACGCCGCTCTGCTGAAGAGCAGAAGGACAATCCTTCCCTGACGCACGTTCCGACATCTTCCGGCAGGGGAAACCGACGGTACGGCTCATGTTCCAGAAATGATTCCACTTCATTCACGGAGCCGCCAAAACGGCGGTATTCCGGAACCAGACGCTTGCCTTCCTCTCCCTTTTTCTCCGCCAGAACAGTCATGGTATGGACGCGGGCGGATTCAAACACCCGGCAGGCTCCGAAATCCGACAAGCGCAGCAAACCGCAATCTTCCAGCAGCTTGCGGCGGAGAAAGGCGGCTCCGGCATTAGCCATCCACTTGTTGGGAACGACCAGATGCATCACGCCCCCCCGCTTCAGGACATCCAGCCCCACACAGGCAAACACGTACCAGTAATCCATGCGGGAAGAACAGTAGGAAGCAAGAGAAGAACATTTCAAGCGGTCAAATAATTCCTTGTTCCCTTTTTCCCCGACAAAAGGGGGATTGCCTATCACCAGGTCAAAGCCTCCTTCCTCCATGACCGTTGAAAGGCCCTGCCGCCAGACGCCGGACGCAGACATATCCAGACTGTCCCCGCACAGCAGGCGATCCCGTAACTCCCCCTTTCCTCCGGCGGCGAGCCATGCGCAACGAAAACGGAAACGGGCCACTTCCAACGCCTCCGCACAGACATCCACTCCATAAATATTCTCTTCCAAAACGGAGCGGATTAAATCGGACTCCGGACACCCCGGTTCCAGACGCTTTCTGCGGGAGACAAGCTCCCGGAGCATTCCCATGGTGAATGCTCCGGCCCCGGCGGATAAATCCAGCACACGGACACTTCCCAGCAACCCGGCTTCTTCATCACCGCTCCTGGGAGCAGGCAATCTGGATTCCAGCCAGGAAGATACCGCTTCCCGGGCCATCCAGCGAACAAGAAAGCCGGGGGTATACACCGTCCCGGAACGGCGGGCATCCGTCAGGAAACGCCCCAGCAATCCTTCCAGCACGGAAGGAGTAACAGCCCGGCGGGCCTCCTCTTCCCTCAAGGAAAAAGCGAATCCCCCCGGCAGCCGGCCCTCACGGCCAGCCTGCCGTTTCAGCAAATTATTCATCACCGCCTCTTTCAACCGCCCCCAGGTTTCAGGACGGCCCCCGCCGCCCTTCTCCACGGCGAAACACTGAGCTATAAAACAAT
NZ_CP114598.1_gap10	352906	353422	516	TCGTCGATGTGCAGCGGAGCGGCCGTGATTTTCCTGACGGCGGCCGTGAAATGCTGTTGCTGTCCGATCGTCATCGGCTTGCCGCGGCGGATGTCGTCGGAGTTAATGCCGGCCATGCCGTAGAGGACACGTTCCAGGAGCTGGGATTTCGGCATTTCCAGGCTGAACATGCCCACGGGGGTTCCCTCAAGGCAGATGTTGGTGAGGATGTTGACCAGGGCGGCGGTTTTTTCCGACTCCGGGCCGGGCGGCAAGCACGATCATGGCGCCGGGCTGCAGGCCGTCCAGGGTCAGGTCCAGGCGGCGGTATCCGGAGGAGATCCCTTTGATGGCTCCGGGGTTGTTCATGCGCCATTGCAGGTTTTCAATGATGGCTCCCACGGCCCCGCGGATGGTTTCGGTCTGGCGGACGCCGCACCGGTCCCGCAGGGCGGACATGCCGCGCTCGGCTTCATCAAGGGCTTCTTCCGCGCTTTTGAGCTGATCGCCGGCAGCTTCCGCCATCCGGGAGGCAAA
NZ_CP114598.1_gap11	536061	539604	3543	CTCCACCTGGTGCAGGGAACCATCCACCAGTTCCTGAAGATCGCTCTCCCCTATCCCTACCAGGCGGAACACGCGCAAATGCGGAATATCCTCATCCGCCAAATCTTCCAGAAGCGGCATTACGGAATCTTCCACCATCGGCCTTAACTCTGCCGGAGGCCCCGGCAGCAGGATAAACATGGGAAGGGAACCGCTGGCAGGCATCACCAGCCCGGGCGCCGTTCCGTTGGAATTCTTCAATACCGCAGCTCCATCCGGAACCATGGCCTGCTTGAAATTGCACTCCGCAATGGGAATCCCCCTCCGTTCAAAATAACTCTTCAGTCCCTCCGCCACACGCTCATCATGATGCATATCCACGCCGCACACGTCGCACAGGGCTTCCCGGGTCACATCATCGCTCGTCGGCCCCAATCCCCCGCTCACAATCACGATATCTGCGCGCCGGGCGCTCTCCCTCATAGCCTCGTTGATAGCGTAACCGTCGGGCACGACGGTTACCCTCCCCACACGGAATCCGGCCTCAAATAATCTGTTGCCCAGCCATGCGGCATTTGTATTCACAATACTCCCCAGCAAAATTTCCGTCCCGGTGTTGATCAATTCAACCCTGATCTCTTTCATGCATCCAATATGCTCTCTCAAGAGCTCCGTGACATGCAACAATCCTGCCATGTATCATAAAAAACTTCATTTAAATGCTCCGTAAGATACATTATGGGCACTGACAAAGACCATGAACATACCCTCCCGGCCTCGGGCCACCAAAATCATCTGCACTATTGGACCCGCAACAGACACTTCCGACATGCTGGGCCAGCTTATTGAAGCCGGAGCCAACGTCTTCCGGCTCAATATGAGCCATTCCCAGCACGACTGGGTTCGGGAAGTCGTCTTCCGCATCCGCCGGAAAGCTGCGGAACTGAAAGCGAACGTGGCCATCCTCTTTGACCTCCAGGGGCCTTCCATCCGCACGGGAGATCTGGTTGAACCCTACCATTTGAAAAAGGGAGACACAATGGAAATCCGCCTGGGCACGGCCAAGCCGGAACTTCCTTTTTCCACCACGGTAAACTATGACGGCCTCCTGCAGGACGTTCAGGCGGGCCATACCATGGTGGTGGATAACGGAGGCATCCTCATGCGCATTGCGGAAGTGCGCCCGGACAGGCTTATCTGCGACGTGCTCACGGAAGGCGTATTCGGCTCCCGCCGCCACATCAACCTGCCCGGCGTAGCACTGCGGCTCCCGGCCCTGACGGAAAAAGACCTGGCGGATCTGGCCGTGGCCGTAGAATGCGAGACGGACTACGTAGCCATGTCCTTTGTCCGGGATGCCGCCCATATTGCCCAGCTCCGGGAACATATCGACAACTTGGGAGGCAAAGCCCAGATCATCGCAAAGATTGAAGACCAGCAGGCTATCCGCCACATTGACGATATCATCCTGGCCGCAGACGTCATCATGGTCGCGCGCGGAGACCTGGGCATTGAAGTCAGCATTGAAGAACTGCCCATCATCCAACGCCGCATCATCCGCCATTGCCACAGGCTGGGACGCCGCTGCATCGTGGCAACGCATATGCTGGAATCCATGATCACCCAGCCTACGCCCACCCGTGCGGAAGTCACGGACGTTTCCAACGCCATCTTTGAACAAGTGGACGCCGTCATGCTTTCCGGGGAAACCTCCGTGGGCCATTACCCCGTACGCTGCGTGGAAGTGCTGGACTCCATCGCCCACCGTATGGAACGCTCCGGCAACCTCAACTTCGCGGCATCCGCCATCCTGAACGGAGACCGTCAGAAAGCCACCAAGGCAGCCATCTCCCTGGCGGACTCCGTGGAAAACGCCTGTCTGGTCGTCTTTACCCGCCGCGGCCTGGCCGCCACGCAGGCAGCCGTCCTCAGGCCGGAACGGGCGGCCATCTTCGCCTTCAGCAATGACCCTGTCGTTGTCAGGCAGCTCGCCCTGGCTCGAGACGTAACCGCCTTTGAATCCCCCTTCCTGAAAGATCCGGCCCGCATGATTTCCACCGCTCTGGACCTGTTGAAGGAAAAAGGGCTGATCTCCTCTGGTCAGCCTGTCGTCATCCAGGGGGACAGTCTGCAAGGGGAACTGCTGGCGGACTCCATCATCTTCATGCGCGTGGAATAATGGCCCGCACCTTTCCTATAGAGCGGGAAACGGCCGTATGGCCCCCGCCCGCCCCCCTCAGGGAACTTCTGCGGGATGCAGATCCGGACGAACGCCGGATAGCGGATCATCTGGCCCACGGCGAACTTTACGTCGCAAGAAACTGCGGAGCTGCCGCCGGAGTCATCCTTATCCGTCAGACGGGGGAAAATACATGGGAAATCATGAATTGCTCCGTAGCCCCTGAATATAGAAGGCAGCGCTGCGGAACAGCCCTGGTGCGGCACGCCCTGGACATCATCAGAAACAAAGGGGGCCGGTATGCGGAAGTGGGAACGTCCGATGCGTCTCCGGGGCCAATGGCCCTCTATGAAAGCTGCGGATTCCAGGTTTCTGGCGTCATCAACAACCACTTCACGGACAACTATCCGGAACCCGTCTGGGACAACGGCGTGCAATGCATTGACATGATCCGCATGCGTGCGGACCTCTCCCTTCGGGAAGAAGGGGGGCCCCATGCTGCTCAGAAAGCATAAACCAGGCTGGCTCCCGTCACCCAGCTATTACCCTTCACCAGCGTTCTTCCATACACGCGGTTCACCCCGTGGGAACCTTTGCCGAGCCAGTGCAGGCCAACGAAAGGCTCTATAAAAACATTCCCGAACAGGCGGTAATTCGCCGTCACCCTGAAATAGAGAGACTGCCAGCCGTTGCTGCTGGAAGGCCAATAGGAAGAACTCAACACGGCGCCGAATTTAAAGCCCATATAAAGGTTTTCCGTCATCCGGAAATCCGATCCCGTGCACATATCAAACCACCAGCCCGTGATTCCGTAAAAGGAATATGCGGCACTTCCCTGCGCATAAAAACCGGGAAGGAATCCCACATCATGGCGCATAATCAGCGCCGTTTCATACGTTGTCCCCCCATTGCCGAACAAACGTTCGGAAGCAAACCCCGCTAATCCGCCGTCATTCGCACGAAAGGATAATGCCGCATACGTAGCCTTTCCAAGCTTCCGCTGAAGGCCAAGATCCACCATCGTCTCATTCTCTATATCCGCCGCCGGATGCCCCAGTAAAATCTCCTCCTTCAAAGCCAGAATCAGGAAATACCGGTCATTCAAATCGCTTCTCCAATCCAGCCGCAGAGGCGCCGTGGGATTACAGCCTGCGGGAATCAGGCCTCTAAACTCGTAATTAGTGGAATACCCGGCTTTGATACTGCCGCTGACCGGTCTTAAAGCAGGAGCGGAAGGAACCTCCGGAATGCGGGAGTCCGCCGAAGAAACGGCCATGAAAGCGACGGAGGCCATGCCTGCTCCAAGGAGAAAAGAAAAAAAGAAATTCATAACATCGAAATGCCGTGCGGAAAGTATTCTGGATAAAAAAACTCCTCTTGGCAAC
NZ_CP114598.1_gap12	541908	543990	2082	GCAATCTTGCCCGTGAGCTTGTCACGGTCGCATTCCAGCCAATCCGGGACCACAGTAGCCTGAGTCAGGTCAAGGGAACGGGTAACCAGCTGCTGGGAGGAAGCCTTGCCGCCGACGGCAATGACATCGCCCGGACGGCAGGAGTAGGACGCAATGTTCGTCTTCTTGCCGTTCACGGTGATGTGGCCGTGGGAAACGAGCTGACGGGCTCCGGCGCGGGTGTTGCTGAAACCGAGGCGGTACACAACATTGTCCAGACGAAGCTCAAGGAGCTGAAGCAGAATATCGCCGGTAATGCCGCGGCGGCGGGCGGCTTCTGCATAATACTTGCGGAACTGGCCTTCAAGCACACCGTACTGGAAACGCAGCTTCTGTTTTTCAGCAAGCATCACGCCATAGTCGGACTTTTTCTTGCGGCCGGCGCGCATGCCATGCTGGCCGGGAGGGAAGGGGCGCTTTTCAAGAGCCTTGGTGGAACCGAAAAGGGCAACGCCAAAACGGCGGGACACTTTATCGCGGGGACCGGTATAACGAGCCATGATATATTAGATCTATAGGTAAAGGATTCTCAATTAGACGCGGCGGGCCTTCGGAGGACGGCAGCCGTTGTGGGGAATGGGAGTCACGTCCTTGATGGAGGTGATTTCAATACCGATCGTCTGCACGGCACGTACAGCGGATTCACGACCGGAACCGGGGCCCTTCACACGCACTTCCACTTCACGCAAGCCGTGGCCCATGGCCTGGCGGCAGGCGTCCTGGCACACCACCTGCCCGGCATAAGCCGTGCTCTTGCGGGAACCCTTAAAGCCCATCTTGCCGGCGGAGGACCAGCCGATGACATTGCCGCGCTGGTCGGTCACAGTCACGACGGTGTTGTTGAACGTGGAGGAAACGTGAACCACGCCCGTGGAAACGTTTTTGCTGCCCTTGGCCTTCAGGATTTTGGGCTTGTCGTCATCGCCGCCCAGACCAAGTTCCGCAAAGATGTCCTTGCGGGGTTCAGGCTTCTTGATTTCTTCAGGAGCGGAAACAGCGGCGGCCGGAGTTTCAGCGACGGGAGCGGGAGTTGCCGCTTCCACAGGCTGTTCGGCGGTTTCGTTGGTGATTTCTTCGCTAGCCATAGTAAAGCTATATTAAAATTCAGATTGGCGGATTACTTCTTCTTGGCCTGCGCGCCAACAGTCTTCTTCTTGCCTTTACGGGTGCGGGCGTTCGTACGGGTACGCTGGCCGCGCACCGGAAGGCCGCGGCGGTGACGCTGACCGCGATAGCAGTTGATGGAGGTCAGACGCTTGAGGATGGATTGCTTTTCACGACGAAGGTCACCTTCAATCAAAATGCCGTCAGTGGTGATCACTTGAACAATCTTCGTGAGCTGTTCGTCGGTAAGCTGTCCCGTGCGGATGTCGGGATTGATGCCTGCTTGTTCCAGGATTCTCTTAGAAGTCGAGCGACCAATTCCGTAAATATACGGAAGGGAAGCCTCGATGCGCTTCTCGTTGGGTATTTCTGTACCGAAAAGGCGTGCCATAATGGATTGGATTTGCTAGCTGTTATTTTTCTCTGCCTCGCGCAGAGCTATTGCTTGGGGCAAGATGGATACCATAAATTGAGGTTTTGACAAGACCAAAACATCATTTTTTCTATTTTTAATCTCTTGCGCCGCTTGAAGATGCATGCCGTCCGTAACGGCGGAGGATGCGCTCCACCGCCCAGGAGGCATGCTCCTCCACCAGAGGGGACTCCCCGTAAAGCGTCTTCAGAAAATCAACGTCATCCGGAGTTCCCGCATTCCCCATCACAATGCAGCCGTTGCGCAACAGCCCCTCCCTCTTGAGCCTTTTCAAAGGAGAATTCCGGAACAGGGCGGCAAAACCGCCGGCATCCAGGGAAAGAAGATCGCGCAGGGAAACAGAAGACAGAAAACGGGACATGCGGAACCGTTCGTCAGCGGCCGGCAGAGGTTTGCTGTTCCAGGGACAGACCGTCACGCAGGTATCGCACCCGTACAAGCGCGTACCTATCAGGGGACGGATTTTTTCCGGAATAACCCCCCGGTGTTCAATCGTCCAGTAGGAA
NZ_CP114598.1_gap13	574581	579365	4784	TCCCAGCTTCAGGAAGAGGAAGCTCCGCACACCGCCGGAACGGCGGAAGAACGCCTGCTGGCGTTCATTGGCGGCAAATCGGAATCCGCCCTTCTGATGGATGCCTTCAACATTCTGCTGGATGAAGACATCTTCCGCACCAATCCCCAGGCTCTGGAAAAACTCAACGGCTGGGTAAAGGCCAGGGATGTCTCCCGCCAGCCGGCGGCCATGTATGCCATGGGAAAACTTCTTCTGGAAAAAGATGACCTGCCGGGCGCCGTCAACATGGCGGAAGAAGGGCTCTCCAAATATCCCCAGAGTCTTCCCGTTCAAATTCTTTCCCTGAATACCATTACTGTTCTGCTGGATAAAAACCGCCTGAAGGAGGCGGAACGTCTTATTTCCAAATATCCCGGTTCGTCCCCTGACCTCGTCTTTCAACAGGGCGCCCTGGCTTTCCTCAAAAAAGACTACTCCCTGGCGCAGAACCTTTTCCGGGAAGCGGCCCGCCGAGCTTCGGAAACAACGGCGGAAAACGCCCTGTTCAATGAAAACCTGGCCGCCTTGAACGCCAATGACTCCGCCGGAGCCGCCGCGCTCATCAAGGAAGCCGCAGGCTCTTCCCGGCTCCGGGAAAACATCCTCTTTGAACAGGCCCATTACGCCGCTAAAAGAATGGACCCTCAGGCTGCGGAATTGCTGGCAAATTTCATCGCTCTGGCGGAGAATCCGGCTCTGAAAACCCAGGCGCGGCTGGACCAGGCGGAAGTAGCCCTGAATCTCAACCCTCCGGATCTGAAAACCGTGCAGACTATCATCCCCCTGTTGGAAAAAGAGCAGTTGTCCCCGGAACAGACCATGCAGCTGGCACGGCTAAATATTCTGGAAGCGGAGAGCCGGCAGGAATGGCCCAGCGCCATCCAGGCCTGCCGGAAGGCCATTGCCCTGGATGCGGAAGGCAAACAGGCGGATATGCTTTATCTCAAACTGGGAGAACTTCTGTACAAAAACGGAGACTTCCATGAAGCGCAGCTTGTTCTCCAGCCCTTTCCCTCCAAATACCCTGACAGCCCTCTTCAGGCGGCAGCCCTCTTCCTGGCAGGAAAAGCCGCCCAGCAAAGTAATGCCGGCAGCACGCTGAACGCCGCCCTGAACATCTTCAAAACCCTGGGCGCGGAGGACACCCCCTTTGCCCAGCCTGCCAGAATAGAAGAAGCCTCCATTCTCCTGCGCATGGGAAAAGCGGATCAATGCATCTCCGCCCTGGAAAACCTGCTTTCCACCCCATTGCCGCGCTACATGCGCCTGCTGGCCCTCTCCATCCAGGCGGATGCCTGGGTGACAAAGGAAGACACCCATTCGGACACGCTGCGCAAGGCTATCAACCTCTGTACGGAAATCCTGAATACGCCCAACCTGGGACTGGCCTGGAAATTCAAGGCCCTGACCCAGCGGGCCCAGTTCTACGAACGAATGAACGAACAAAAAAAGGCGCTGGACGACTATGCCTCCATTCTGGCCCATACGCCCAGCGGAAGTTCCTCCAACAAACGCAGGGACTGGCACTGGTTCTACAATGCCGGTTTTGCCTCCATCCGCCTGCTGGGCCAGCTTCAGGACTGGGACGGAGCCCTGGCGCTGGCAAAAAAACTGGCGCAGACTTCCGGCCCCAGAGCCAGGGAAGCAGCGGCCTATGCGCGCCGCATCCAGCTGGAACACTTCATCTGGCAGGATGAACAGGAAGCTCCCGCTCTGGAAAACGAAAAGCCGGCGGCACCGGATCAAACCGCAGATTAAGCAGCCTTCCCTCCCGCCATGGATACCCATCCCACAGCAAAAAACTGGAGACTCAATGCAGCGGCCATCATTATGGACGCTGAAGGCTGCGTATTGCTGGGCAAGGACAGCGGCCGCAACCCGTACTGGCATTTCCCGCAGGGAGGCGTCATTAAAGGCGAAAGCATTGAACGGACTCTTGCGCGGGAAGTATGGGAGGAAGTGGGGCTGCGCCCCACGGAATACACCATTGTCAACCGTCTGCCCGGCCTGCGCTACAAATACCCTTCCGGCAACCGTAAAGTTACGCGCTGGATAGGCCAGGAACAAACCTACTTCCTTGTGCGCTGCAAAACCAGACGCCCTAAAACGGACTTGCACCGCAGCCCCGAATTTTCAAAAACGAAATGGATTCCCCTCCAAGATCTCAAACTGGAAATGTTTCCCAAATTCAAAAGGAAAGTCATTAAAAACGCCCTTCAGCAATTCTTCGGGCCCGGCTTTCCTTCCAAACATGCCGCCGTGAAAACATCTTCACCCTCCTCACCCTCATCTTCAACACTAACTCCGCGTACAATGAACCGTTACCTGGTGCCTCCCGGCAAAAAACTGCGTTTAAAGGATTATTCTCCGGACGATAAATCTCTCTTCTCCGGAACCAAGGAAGAATCCCTGATTGAATTCGACAAACTGAGGGAAGAACTGCAGGAACTGCAGAAAAAACTTTTTGCCCAGCACAAGCACAAAATTCTGGTCATTCTTCAGGCCATGGACGCAGGGGGCAAGGACGGCTGCGTCAAGCATGTCTTTTCCCGGGTGGATCCGCAGGGGCTGCACGTAGTCCCCTTCAAAAAACCTACTACTGAGGAACTGGACCACGATTTCCTGTGGCGCGTACACAAGGAAGTGCCCGCCAAAGGGCAAATCGCCATCTTCAACCGTTCCCATTATGAAGATATCATTGCCGTCCGCGTGAAAAAAATCTTCCCGGATCCGGTCTGGAAACGCCGCTACAAGCACGTCCTCGATTTTGAATCCATGCTTGCGGAAGAAGGCACCGTCATCATCAAGCTATTCCTGAATATCTCCAAGGCGGAACAGAAAAAACGGCTGGAATCCAGGCTTCAGGATCCGGACAAACTTTGGAAATTCTGCATGGATGACCTGGATGACCGGAATCGTTGGGACGAATTCCAGACAGCTTACCAGGATCTCATTGAAAAAACATCTACTCCGGAAGCGCCCTGGTACATTATCCCGGCAGACCGGAAATGGTATAGAAACCTGGTTGTCGCCCGCCTGATGGTAGAAAAACTGCGCCATCTCCAGCTTTCGCTCCCCACTCCCAACTTTGATCCTGCCTCCATCGTCATTCCAGATTGATAAAATCTGTCATAACGATAACAAATTTGTGCATCTTGAAATTATTTTTGTACATTTCTCGGTATTCAGTTGTCCCACTATTATAAAATCTGCATTATTCACAATAACAATCAAAACTTAGAATTTCTAACGCTTGACTGTTCTAGTGAAAAATTGTAGAAAACAACTTAACGCCCAGAACGTGTAAACATTCTACATAGAAAAACAAAATCAAATGTATTTAGCATCCCAACGAAAGGAGTTCATTCTGAAAACGCTGGCCGAACATGGAGCTGCAAGGACCATCGCTCTGGCCAAACAGATGAAGGTCACGGATGAAACGGTCCGCAATGATTTGATTAACCTTGAAAAACGCGGCTTCCTCAAGCGCGTCCACGGCGGTGCTCTGGCGCTTACTCACAAATCCCTTCATGAAGACATTGTCACTCAAGACGATGTGTCTATCAGGATTGCCAAAAAAACTGTTCAGAATATTCCCGCTTCCGTGGTTATGTTCATTGACAGCAGCACCATGGGCTATCAAATATGCAACCACATCAATTCCAAGGATACGCACGTGGTTTCCAACAACCCCACGTTGCTGACCCGGCTTGAAGGCATTCCGAACCTGAGCTTCTATTGCACGGGCGGACACTTTGACCGCGAAGCCCTGGTCTATGTAGGACAGGACGCCGCCAAGGCCGCCGGCTCCCTGAGCATTGACATGGTTGTGCTGACGCCGGACTGCTACTCCCCCAAGCATGGCGCCGGATACAAGAACATGCTGCAATCCGAATTCATCAAGAGCGTCATCCCCGCGGATGCCAAGGTGATCATCGCCATGCCTTCCACCAGCGTGGCTAACAACCCGGCATTCTATACCGTTGCGCCCTCCCAGGTTTCCATGCTCATCACTGATGAGGCCCTTTCTCCGGAAATGGCCGACCAGATTGAAAAGAGCGGCGTCAAGGTGGAACTCGCCTGACGGCTGTCTGCTTTACAGGAGGCGGAAGTTCATCGGAACTTCCGCCTTTTTTATGATAATCACATACTCTCTCTTTTCCATTCCATCCGGTACTCCCGGCTTCCCGTCAACTCATCCTCCCTGGAGCCGATTTCTTCAAACCCGCCCCGCCGATAGAATGCGCGGGCGCGGGCATTCTCTTCATAAACTCCCACCGTCAGCATTCCCTTGCTGTGTTCCTTTACCCAGTCCAGCAGCGCTGTACCTATTCCTTCACACTGGCGTTCCGGCGCCACGAACAGGGCGGCCAGTTCCCCTTCCCCCACCAGGCAGGCAAACCCGACAACGCGACCACCGTCCCTGCACACCCATGTACGCGCCTTGGGCAGGTACACCTGCCTCATATCTTCCACCAGACCGCACCAGAACCCCACGCCCGCAAAAGAATGGGCCTGTTCGGACGCTTTCAGCCAAATATTCAAAACCTCCGTTTCATCCCTATTCTGGTAATGTTCTATCTTCATACATCAATAACAGGTATTCGGAAACCTTCCTGTAGTCTGTACAGATTAGCATGGCGGATGTATGGAACTCAAGAAAGAAAGGCCCGCCTTCCGGTAAAAATGAAAGGAAAGGCCATGCCGGCCGGCTTCTCTTCCATCCTCTTCCTTCAACACACCGCCAGCCCTCAAATTATATA
NZ_CP114598.1_gap14	584724	586084	1360	AGAAGCCCCGTGCCGAATCCGCCTCTTCTCTTCTGCTTAAGCAGATAGGAAGGCAGCGTCACCAGCCATCCGACGGTATACAGAATATTGTAGCAGAAGGGAAACAGGAAGGCTTTCATCTTACTTCTCAGGTAATTGGTAGAACAGCAGCATATTTTTCCCGTACCGGCGGGTATCCACCAGATTCAGGCCGTCAATTTCCGCGGCGCCTTCCCTTCCGGTACCCCAGCCCTCCTGCACTTCCGCAATAAACACGCCGCCGTCCTTCAACAGCCCGGCAACTCCTGCCTCCGCCAGCTCAACAATAAAGTCGCGGTCCGCCGGACCCTTGCAATAAGGAGGATCTGCAAAAATAATATCGTACTTCCTGCCGGCCAGCAGGTCCCTTTTTACAAACTGGACGGCATCCCCCTGGATAACGGTTCCGCCTTCCAAACCTGTTTTGACGAGATTGGCTTTGGCCGCCGCGCAGGAGAGACGGGAAAAATCCACCATGCGGGCGTTTCCCGCCCCACGGCTGAGAGCCTCCAGGCCGAAAGCGCCGGACCCGGTAAACAAATCCAGCACGTCGGCCCCGTCCATCAGCGGATTCAGGATGGAAAAAACGGCCTCCCTGACCCGGTCTGTCGTGGGACGCACTTCCCCTTTGGGAACAGACAGGGTTATGCCGCCGGCCTTTCCGCTGATAATACGCATTGTTGTCTTACCGGAAATGAAAGGAACATCATATCCCTACTGGCGGGCCTTGGCCTTGGCCTTCTCCAGCAAAGGATCCCCCGCGATGCGGGTGACGGGAACGCGCAGAACAATGGACTGGTTGGCAATGGCAACATTGTCCGGGTTCTTTTCGGACATGTTGTAAACGAAATAGGCATATTTGCCGTCCTTGCTCTTGCCCGCAATGATAGTCTCCGTCAGGGTGGAAAGGATGGTTTTCTTTTCCATCGTCCATTCCTTGCCGCTCCACGCGCCATACACATTCAGTTCGTCATAGGACACGTCCCCTTTCAGGGACAGGGTTCCGTTGGGAGAAATCCACGACTTGGTGCTGGAATCATACTTCAGCGTGCTCATCGGCAGCGGCCCCTGCTGCGCCACAGCAGCCAAATCCCATATATTCCGTTCTCCCGAAGCGAAAATGCCCAGGGCCACAGGCGCTACTTCCTGCACCTGCTTCAGCTTCCAGCACTCCAGATACTTGGCATACTCGTCCTTGGTCCAGCCCAGGCGTTCATCATACGGGACGGGCTGGCCGGGGACAATCTGGCTGACAAGCTCTTTCTTGTCCTTGTCGGGCAGGGAGGCGAAAACGCCGTCTATCTTTTCCATAAACGGCTGCAGGCTTTCATCAAGCACAACG
NZ_CP114598.1_gap15	588012	592927	4915	AACAGGATGATAAAAATATCCAGAATATATTAAATAACTTTATCCAGCAGCCTTCCGTTCCCTGCTGCATGACGCACGATGCATTATAACTTCATCAATCCAAAAACTTTGATTATTCAGGGAAACAAAAAGAACAAAAAAGTAAAATCCGCCATGTTTGACGCCTTCGTCATTGCCTTTCCCCGCTCTTTCTTGTTCCCGGCACATAGTGCAGGTCAATATGGCGGGACTGCATCTCCGGCTCCTGTTTTTTACAGGAAAACAATCACAATTCTATTGAATATCAATGAACAGATATTCAAATAGATTTATTTCTCTTCTTATCTCTGCAACTTTGAAAAGCTCTGAATGCTTTTATCCCGGAAAATATATTGCCGCCGGATATGTAATCCGCGGGAAAATGTAATTTCTATGAATATTGCTTAAAATAAAAAACTTACTCACCAAAACAAACCTGGTCTGCGGGAGTATTTTCCAGCTTGCAGTCTTCAAGAGTCCATGTGCGTGGAGGCAGCACCTTGTTATCTTTAATCAGAATATTGGCGCATCTTCTGAATTGGAAAGGTTTCTGCCCCCACCCCTTAAACTCATCATTGTAAATGACTTTATTATTGATGAACCTGAGGTTGTCCGTGGAAATGGCGAACAGCAGCGGCACATCGAACGTCTTGAAAACATTATTTTCTATCAGCACATTGCGATGATAGTAATCCTTCTGTCTGCCCAGCTGCTTGACTTCCGGGTAAATGGAAATAATGGCATTCGTAAACTGGTAGCGCGAGGTCAGGTTGTTAATGAACGTATTTTTGCGGATCACCACTTCATGGCAGGCGCCGCTTTCATACCACCCCTGGGCATCCCCTGCCAATAGAATGGCGGAGCCGGAGGAATGGTCAAACAAATTGCCCTCCACCAGCACTCTCTCCGGAGTTGTGAAAAGAGATCCTCGTGCACGGTTGTTGCGGACGATATTGTCGCGGAAAACCACGGAAGGGTAAAAATCCGCATTCTCCACGGCATCCCCGGCCCTGACGGAGGGGGGAAGCGGCTCTTCCACTGTAATCACCAATTCCGAGGAACTTTTTTTCACGGCCGTTTTCACAGTGGCCGTTCCTCCGGGTTCCAGCGTAGGACCGTTGATGAAACGGATTTTTTCACCGGGAAGAAATACCTCAAACCCCACCGCCTGACGATGCATGTATTTGCACTTCAGGGTATGGCCGTCCACTACTTCCATCACGCCCAGGCAGGTGGAATGGACATTGATGGCGTCATCCATCATCCCTTCGAAAAGGGCTTTCTCCACCACGATTGCGCCCCGGGTATTGGAAAAATGGGTAGCGTCCGCTCCGGCGGTGTGCACGCGCCCCGTACCTTTCCTGACCATGACTCCGCCGCCTTTCATATGGAAATCCTCCGACCGCTGGACCAGCAGGGCCATGCCTGAACTCTGGTGCAGGGATACGTCATTCAGTGATGTTTTCCGCGCCCGGTACACCACGCATCCCGGATGGGGGCGGTTGTAATTCCGTAGCACCAGCGTATCCCCCGGCTTGATTCCCTTCTGCTTGAGGTTCCAGTCCAGACGGAGACGGTTCCCGCCCAGCGGCTCCACATGTCCGTTCCAGCCGATGTCCGATGTATTAGCGATGATATGTCCCGTCCCCTTCTCAAAGGCCATGCAGTGTCCCATCCCTTCTTCCCAGCCTTTCCCCTGAAAGACGAATCTGTTGTTCCGAATTTCGTAAGGATAGGCTTTTTTGTCTATTTCCACTTCCGTAAACCGGTCGTCCGCCTTCATGACGCGCGCCTCCGTGCACCAGGACCGTTCATAATCCACGGCCAAACGGTTGACGCTGACATTTTCGCAGTCCATCACCAGCAGGGGAACCACCTTGCCGTGAAAAAGAAACAGGGAACCATTGCCCTCCACGCGGACATCTCTCAAATCGGCCAGGGGCACGCACACCGGATGAATCAGCGGCTGGTCATGGTTGGAAATATGGAAGCTCATGTTCAAAGCCCCCTCCGGATAAAAATGGTAAACGCCCCCGGGGATGTTCAAAACGCCTCCGCCCTGCTTTCGGAGAGCGGAAACGGCTGCCCTCAGCGCCGGCCCCTGGTCTTTTCTGACGCCGGGAACCATGCCGAATTCAGAGGCATTCACCACAGCTCCCTTCGCCCCCTGCCCACTTCCTCCCGTCTTCCAGGCCAGGTCCACCCAGTCCGCATGATCGTAGGAATTGTTGTCCACCCGGTCGGCCATCAGGTAAAGATGCCGTATGCCGTTTTCCGCCACCGGAATGGAAAACTTCTTCGCGGCCATCCCCCTCTTCATCACGCCGGAACTCCACAAAACCCCGGAACCGCTCATCACGCGGAATTCCACGCTTCCGTCCCCATCCGCACCGTCATCAATGCCGCATGCTCCTTCCAGCCTCAGAATTTTCGGGGTTTCCGGAACGGGAAGGGGAATCATGGACGTAGCGTGCGTACCGATTCCCGTGGCATATTTCTTGCCGCCTATGCTCAACCCCGCATTACTGAAAGAACGGTCCAGCCGGGTTTCTCCCGTCTCCTGGCGGGCCATCAGCAGGCTGGAGGCAGGCACTTTCACGGCGATGGCTCCAGATTGGGCAGCTTCTTCCCCGCCTAGGGACTGCGCCGGGAAAAATCCCGCCAGACACGCTGCCGCTGCAAAACTCCATGAAAACATCCGGACGAACATATATATCCTTTATACCCTTTTCCCGTTTTTCTTCTATCGGAAAAATTTCAATCCCTGAAAAAGACCATCATTAAGAAAAAAGAGAGATTGCCTTCCCCGTCAAATTCAGGAACACTGTTTCCATGCGATCAGCATTCTTCCTACTGCCCGGCATCCCGCTGGCGCTTTCCTCCTGCGGGCGCGGAGGCGCCACGCTTGAAACGGATAACGTCCAGGCGGAATGGTTCCCCAACGGCAGCAGAACGGAGATTGCCCTGGAAGGAGAAAGCGAACCCGTTTCCGAACGGGAAGCCCGGCATTCCCCTTCCGGCATGACTCTTTTTTACCATTCGCTGGGGGAAGGAAGAGGAACGCTGGAAAGCACAGGAGGGGGGACGGAAACGGCTACAGTAACATACAGCCAGGGAGCATCTTCCACAGTGCTGCATTTCAAAACGCCCTCCCAGGAAGTACTCCTGAATGATGTAAACTGCCTGGACGCGGACGGCAAAACGGCCCTCCTGAACGGCTGGAGCTGCCGGGAACGGGGCACAGCCCGGCTCCGCACCGGGACAGCCGGAACCATAATCACGAAGAAAAATTTCCCATGAACCTTCTGAGGCTACTGAAAACGGGAACATGGAAAATCCCGTGCACACTTCTGCTTGCCGGAGCGCTGGCCCTGGCGTGCCTCCAGTGCTCCGTCCGCTCCCTGGTGTACCTGCCGCCCCAGCCCAGGGACAAAACCGCGTATCTGGAAAAACGGGCCGCCTGGGAACCGCATCGGCGCACCTTCCACCATAATGGGGCCAAACTCAGCGGCTGGCTTATTGAAAAGAAGGGGCAGCCCCTCCTGGTATATTATGGGGGAAACGCCATGGACATCTCCATGATGCTTCCCTACCTGGACCGGTTTCCCCATGCCAAGCTCCTGGTCAATTACCGCGGGTACGGGCTCAGCACCGGCATCCCCACGGAACAGGATATCATGGGAGACTCCCTGGCTATTCTTGACTCCGTTCTGAAGGAAACCGGAAGAACGCCGGATGACGTCATTCTGGTCGGGCAAAGCCTCGGTTCCGGAGTCGCTACCCAGGTAGCCTCTGTCAGGCACGTAAAAAAACTGGTGCTGCTGGTTCCTTTTGACAGCCTTCTGGAAACCGCCCGGGGCCTCTTTCCGTACCTGCCCGTCAGGCTTCTCCTTCCGGACCACTTCCGGTCGGACCTGGCCGCGCCCAAAGTCGCCTGCCCTGTCAGCATTCTGGCCGCGGGAGCGGATGAAGTCATTCCGCCGAACCACGCCAAACGGCTTCGGGACTGTTTCTCCGTACCGGTCAGCTACCAGGAATTCCCCGGAGCCATGCATAATACCATCTGGTCCAGCCCCGGCTTTGACAAAGCGTTTTCCCAAAGCATCGGGTACTAATCCGTTTCATTCCGCAGGGGCCAGAGACACGCGGCGCAGGCAGCTTCCTTCATGTTCCAGCAACAGCCATGAGGCTTCTTCCGGAAGCGCTTCCGGAAACAGGTTGGCCCATTCGACAATGAGCACGGTCTCTCCGTCCAGATACTCTTCCCACCCTATGCCGGTCAGCTCGGACTCATCCTTCAGGCGGTAAAAATCAAAATGGCACGCCGGCAGACGGCCGTCAGCATGCTCATGCACCAGGGAAAATGTCGGGCTGGCTGCCGCCTCGGAGCTCCCCAGCCCCTCCATAATGCCCTGGGTCAGGTGCGTCTTTCCGGCCCCCAGCTCACCCACCACGCCCAGAATTTCACCGGGCATTAAAATTTTACCTATTCGCCTTCCCAGTTCCCTCATTTCCTCCGGGGAATGAGTCAAAACGGGGCCGTTTTTAAAAATTTTATGCCATTCGCTCATTTTTCCATGAAATTTTGCTTGTCTAAAAGAAAGTCATATGGTTTATTGCGGCTCCCGCATCTGCGGGCGAACCTTAACAGTGATAGCAATGGCATACGCAATTTTCAAAACAGGTGGCAAGCAGTACCGCGTCCAGACGGGCGACGTGATCGACGTTGAATGCATCAATACCCTTGAAGAGGGGGCCGAAGCAAGCTTCGATCAGGTGCTTATGGTGGAAAATGACGGAAAAGTGACCGTCGGCGCCCCTATGGTGGAAGGAGCTACAGTCTCCGCCAAGGTGGTCAGCCAGTTCCGCGGCAAAAAGATCATCGCTTTCAAATTCA
NZ_CP114598.1_gap16	616986	618339	1353	TTGGAAAGGTCGTCATAAACGATAAGGGCGTCTTCCCCCTTGTCCATAAAGTATTCTCCCATCGCGCAGCCGGCGTAGGGCGCCAGGTACAGCATGGCGGCGGGATCGGAGGCGGAAGCCGCCACCACGATGGAATATTTCATGGCTCCCGTTTCCTCCAGCTTCGCCACCAGGCGGCTGATGTTGGCGCGCTTCTGGCCGATAGCCACGTAGATATTGTAAAGGGGCTGGTGATCCGGAAGCTTGCCTTCCTCCGCCAGACGGTTCTGTTCCGCCTGGGCAATCATGGTATCCATGGCAATGGCGGTCTTCCCGGTGGCGCGGTCCCCAATGATGAGTTCGCGCTGGCCGCGGCCGATGGGAATCATGGCGTCAATGGGAAGGATGCCCGTCTGGACGGGAACGGAAACGGACTGGCGGGAGATGATGCCGGAGGCGATTTTTTCCACCGGATAATACGCTTCCGCCTCAATCGGCCCTTTGCCGTCAATAGGCTCTCCCAGCGTGTTCACCACACGGCCCAGCAGGGAACGGCCCACAGGCACGGAAAGAAGGCGGCCGGAGCACTTGACCGTGTCCCCTTCCTTCAACCTGGAATCATCCCCCAGAATCACGGCGCCCACCTCATGCTCTTCCAGGTTCATCGCCAGCCCCATCACCCCGCCGGGGAACTCTATCATTTCATTGAGCATGACGCCGCTCAATCCTTCAATCTTGGCGACGCCGTCCCCCACGGAACGAATGACGCCCACGTTTTCCTGACTGACGGAAGCCGTGGCTTTTTTTATTTCTGCTTCGAGTTCTTGAAGTATGTTGCTCATGGGAAAAAATTCGTTAGTTAATTGGAAAGGGTGCGGGCCACCGCAGCCAGACGGTCGATTCTGGAACGCACGGAACCGTCCCTCACGTCATCCCCTACCTGGATGCGGACACCCGCCAGCAGAGACGGCTCCACCTCCCAGCGGTAGTAGAGGGCGCCGCCATATCTGGCCTCCAGTTTGGCCTGAATCAGGGAACGTTCCTCTTCCGTAAGGGGCACGGCGCTTTGAATAGTGGCTGTACGGCTCTTCACCGCATATTCCACCATGCCGGAAAAAGCCTTCAGCAGAGCAGCATAATTACGGGGCTTGCGTTCCGCAATCTTCCGGGCGATCAAACGCACGCGGTCCTCCGCCACGGCATTCCCGTCCATACAGAGCCGGAACAGTCTGCGGGCGGCATTTTGCGTGTCCTTTCCGATCTTCATAAACGTTTCAGGAATCCAGGCTGTCGATCGCTTCCCGGTTGATTCTCCGCTGGTCTTCTTCCGTCAGCATTTTTCCGGTAACCTGGGCCGCAGCCAGGGCCACCAGC
NZ_CP114598.1_gap17	636007	636837	830	ATCCCAGAAAGAGGACGGCTCCATCTTCAACCGCGGCATGTCCTCCTACAACACTGCGGTATGCATGATGGCGCTGCTGGCCGCCAACAAGGAGGAATACGCCCCCGCCATCCTCAAGGGCCGCGCCTACCTCATCAAGCAGCAAAACCATTTTGCTCCGGACAACCCCTACAACGGCGGCATCGGCTACGGGGATAAAAAAGCCCCTCCCATTGCAGACCTTTCCAACACCTCCCTGGCCCTGGAAGCCATTTACTACTCCCAGAAGCTCGCCAAAGACGGCAAATACGGGGAACAGCCGGATCTGGACTGGAACGCCGCCACGGAATTCATCAACCGCTGCCAGCAAAACCCGGCCGTCAACAAGGAACCCTGGGTCTCCAGCGACAAATCCCAGCTCGGAGGCTTCGTGTACCGCCCGGGCGTCTCCAGCGCCAGGGACAACAAAAGCGCCGCGTTTGACAAGACGGAATCGCCCAAGGCCTACGGCAGCATGACGTACGCGGGCATGCAGTCCCTCATTTACGCCAATGTGGACAGGAACGATCCCCGCGTCAAACTGGCCCTCAAATGGCTGGAAAACAGCTACAATCTGGATGAAAACCCCGGCATGGGCGTCCAAGGCCTGTACTACTACTACCAGGCCATGTCCAAAACGCTCAGCGCCATGGGAATAGACACCCTGACGCTGGAAGACGGCCGCAAGGTGGACTGGCGGGATGAACTGGCCAACAAGCTCATCTCCATCCAGAAAAGCGACGGCTCCTGGGTAAACACCAACAACCGCTGGTGGGAGGCGGATCCCATTCTGGTGACTTCCTACTGCGTGC
NZ_CP114598.1_gap18	644804	646570	1766	AATGTGCTCCACGGCATCACGGACGCCGTCCACCACTTTCACGGAAAGAATCAGGTCTTCATATTCCGTGGACCAATCCTCTTCCTCTGCCGGAATGGCTTCCGGATCAAAAAACGGGCGGCTTCGCTCACACACGCGGCATTCCACGCCGCGCAGGCGCATGCGTTCCGCCGCCATCGGCAGGAACCGCTCTGCCGCGGCAGCGTCCACCAGCAGGGTTTCCGCCGCATTGCATACGCCGGGCCTCTGCGTTTTAGCGTCATCCAACACGTTCACGGCCATCTCTAAATCCGCCGCCGCATCCACATACACATGGCAAACGCCGTCCAGATGCTTCAGCACGGGAACCCTGGCGTACTCCGTCACGGCGCGGATCAGCCCCTTTCCACCCCTGGGAATAATCACGTTCAGGAAAGAATCCAGCCCGCACAACTGCCGCACCTCATCACGGCTGCCGGAATCCAGAAGCTGCACGGCGTCCGCGGGAACGGCGGACTCCTTCAGCGCGGCGCGCAGAACCTCCGCCAGCGCCCGGTTGGTCCGCAGAGACTCGCTTCCGCCGCGCAGAATAACGGCATTCCCGGACTTCAGGCACAGGGCGGCGGCATCGCAGGTGACGGTGCCGCGGCTCTCGTAAATAAAACCGATGACCCCCAGGGGAACGCGCACCTGGCGGATATGCAACCCGTTGGGGCGCATCCATTCCCGGATGCATTCGCCCACGGGATCAGGGAGGGCCGCCACCTGTTCCATGCCGCGGGCCATGTGTTCCACACGCTCCGGAGTCAGGAGCAGCCTGTCCAGAAACGCGGCATTGTGGCCGCCTTTCCGGGCCTCTTCCATATCAAGGCCGTTCTCCCGTACAATCTTTTCCGCGGCGTTCCGAACGCCTGCGGCCATCAGGCGCAGGGCCAGCGCCTTCTCTTCCGGCTCCAGGGCAAGCAACTCCCGTGAGGCCGCCAGCGCGGCCCGTCCCGCCGGTTCAAGAGAATTCTCCATCTTCATAGTTTTATCCCTTCGGCACAAAATATGTTCCGGCTCCTTCCGCCTTCCCCTCCAGCAGCAGCGCAATGCGTTCCGGATGACGGCCATGCAGCATGTAAACGCCCGTCCCCGCATTCACGGCCTCCCGGACAGCCTGGAGCTTGGCGCTCATGCCGCCCATGGAAAAGCGCCCCCGGTCCTCTTCCGCGAACGCCAGCACGGCATCCACGTCCTCCACCCGGGGAATGATGGCCTTCCGCTTTCCTCCGGGGGGATACAGGCCGTCCACGCTCGTCAGAATGAACAGCGCGTCAGCCTCCACCAGACGCGCGATGTGCACGGAAAGAATATCGTTATCCCCAAATTTCAGCTCTTCCACGGATACGGTGTCGTTCTCATTCACAATCGGGATGATGCCGCCGTGCTCAAACAGGCGCAGCACCGTAGCCTGCACATTGCCACGGCGGCGTTTCAAATCCTCCGCCGTCAGCAGAAGCTGGGCCACATCTACGTTAAAGTGGTTGAAAAGATTCTCATATGCCTGCATCAGCCGCGTCTGCCCTACGGCGGCGCACGCCTGTTTCAAGGACAGCTCCTGAGGATAGGACGGAAGACCCAGGACGGACACGCCGGCCCCTACAGCGCCGGAGCTGACCAGAACCACCTGATGCCCCTGCTGCATCAGCCCCGCCAGGGCGCTTACCAAATGCACGATGGAAGAACCGTCCAATGTCCCATTCTCACGGGTCAACACGCCCGTACCTACTTTAATTACGATTTTC
NZ_CP114598.1_gap19	650697	653184	2487	CGTTGCGCACATCGGCATCCACGGCGCGAATCAGGGCGTTGACGGCATCCGGCTCCGCCATGACCGTTTCCATTTTAATGCCGTCCAAAACGCGCACCTTGGCTTTCAGATCGGCGGCCTTATTGTAATCTTCCAGGGCAGCCTGCGCGCGGGAAAGGGTATTCGCGCGAAGCGTAATGCGCTCTCCCTTGCGGGTGGGCATCATGAACTGGACATTGGAACGGAGCATGGCACGCACCTTGTCCCACCAGTTTTTCCACTTGTCCTCCGCAATCACGGTGCCTTTCAGCGCGGCTTCCAGCTTCTCAGGAGTAAGGGAATTACCGTAGCCCTGCAAGGTAACGCGCACCAGTTCCACCGGGTCATCCACGGACAGGTTGATCAGAGATTCGGTATCTTCATACCGCTTGGCCAGGAAATGGTCATCACTGATGAATTCCAGAATTTTGGGAGCGAATCCCAAGGCAACTTCGTGTTCCGGATTTTCCTCAAAATCAATGACCAGCTTTTGGGCGGGAAGATTCCAGGAAATGACTTTTCCGGCGCCCCAGGAAGCATGGAAGCAGTAACGGCCAGGTGCGATGCGATCAAGTTTTTCAGCGAGAGCGGGGGTAATTTTCCCCAGAGACAATAATTTCTCCAAGTCGGCGTGCATACTGAGGCACATGATACGCCCCCCCCTACCGGTATCAAGACTAATATTCCCTCTTTCGCCCGGAGGCGGCCTGCACGGCTTTCCAGAGCCGCTACGGAGACAGCGGCCGCCCACGTCATGCTCCGCCTTCGCATTCGGGCTTCGCGTCTTTTTCCCTTCCCTCCCCCATCCAGTTGCGGCTTGACCGTGCGGAGCGTCTGGCGTAACATTTTCGCACGCATTTAACCCCTGCGCAACACGTATCATGGAACCTATTTACGAAGGGAAGGCCAAACGCCTTTATACGACTGACAATCCCAACGTCCTCCGCATGGAATACAAGGACGACGCCACTGCCGGAAACGGAGCCAAGAAGGCCCAGTTTGAAAACAAGGGCAGGATGAACAAGGCCATCACCCTGGTCATCTACCGCATGCTGGAAAGCAAGGGCGTGAAAACTCACCTGGTTGCGGATGTGGACGACATCAACATTGACGTGAAAAAGGTTTCCATCCTTCCTCTGGAAGTGATCGTGCGCAACATCGCCGCCGGCTCCTTCAGCCGCCGCATGGGCGTCAAGGAAGGCACTCCCTTCAAGAAGCCGATTGTGGAATTCTCCTACAAGGACGACAGCCTGGGCGATCCCTTCATTAATGACGACTACGCCCGGGAAATGAACGCCGCTACGGAAGAGGAATGCGCCTTCCTGAAAAAACAGGCCCGCATCGTGAATGACGTGCTGATTGACTTTTTCAAACAGGTTGGACTTACGCTGGTGGACTTCAAAATCGAATTCGGCCGCCTGGCGGAAGATCCCTCCCAAATCGTGCTGGCGGATGAAATTTCCCCGGATACCTGCCGCCTGTGGGACATCAAGACCGGCGAAAAGATGGACAAGGACCGCTTCCGCCAGGATCTCGGCAACGTGATGGAAGCCTACGAAGAAGTCCTTTCCCGGCTCCAGAACCAGGCTTAAGCATCTTCCCCCCTCCATGGGAGCCGGCCTTTCCGCCGGCCCCCATTTTTCATTTTACCACACTCTTGAGCAATATGACCCTCCACTTTGAAGTTATCAGCCGGTTCCAGGCCGCCGCCAACGCGGACGCCCTGCTCTATACCCCCCTGAACGCCGGCCTCACGTTCCGCCGCAGCCGCGTTTACACCGTAGAAATCAACGGGGACGAACAAAAAGCCCGCGAATATCTCCTGAGTGTGCTGGTGGACCCCATTTCCCAGGAATGCACGGAACAGAACGCGCCCATCCTGGAAGGAGCCCTGTTCACGATTGACTACGGCATGAAAGCCGGCGCCCTGGACCTGGAAAAAGAAGCCATCCTGCAAAACTACCGCGGACGCCGGAATATGGGCTTTACTCTGGACGGTCTGAAAATCACCCAGCGCGTGTACATCTTCGGCCAGGGAGACAAGGAAACCCTGGCGGCGCGCTTTGCCAAGGACGTCTGCAACCCCGCCATTCACAACTGGACCATCGCCTAACCCTTTTTCTTTCCCATCCACATGTCCGCCAAAACCTACCGAACCGTTCCCGTGAGGAACCTGAGCAGCGACGAACTGCTTGAACTCAGCAAGAAGCAGAAGCTTTCCCTGTCCCGTGAGGACATGGAAGTCGTCCAGCAGATCTTCCGGGAAATCGACCGCGATCCCACTGACGTGGAACTGGAAGTAATCGCCCAGACGTGGTCGGAACACTGCAAGCACCGCATCTTCTCCGCCTCCATCAGCCACAGCGTCAACGGAGGCGCGCCGGAAACGGTGAACAGCCTGTTCAAAACCTACATCAAGAAACCTTCCGAAAAAATCATGGAACGTAAGCCGGGCTTCGTGCTCAGCGC
NZ_CP114598.1_gap20	675748	677777	2029	GTTGAAAAAAGCCCCCTCCCTGGCCGCTGTCTTCCAAATTCCGGGTAACACTCATACCGGAAAAAGGAAGTTCAGCCAGAGAAAGGGCTTCCTGTCCGTTTTCACGGCGCTGCCACGGGAAGGAAGCGCCTATGACCTTCATTTCTTTTCCCTTCCGGGCAGCCTTCCATAAAAGGTTCCGGCGTTTCACCCGGCAGACGGGCACATACCGAATGGGCTGTTGCATCCGTCCGGAAATAGATTACACTCCGGTACGAACATGCCCGCCGGCCTTCCTCAACACCTCACGCTGGATTATTTGCGCGCCCTGCTATCCCGGGGCGTGGAGAAAACCACCGTCACGGAAGAAGCCAGAATGGTTCTGAGAAAATGGGTCATGGACGCGCGCCGGATATCCGGAAGCCCCCTCCGCTCTTCCGTTTCCGCCCATCCTGCCGCAAGTGAAACACGGCCGCAACAGCCCTCCCCGGATCAGCCGCCTTCAGACTCCGTGGATGAAGCATCCTTCGGCAATGAACTCCGGGATATCCTCAACGGAGTACAGCCGCACAGAACGGAGGAGGAAGTTCCGGTACCCCGCCATATCTCTTTTGATCTGGAAGGTGAAACGGAGGAAGAAAAACTGTCCTCCCTGCGGGAACTGGTCGTTAACTGGCCGCCGCTCCGGAACATGGATTCCCTGAGGGAAACGCCCGTCTTTTCCTCCGGCAACCCCAGGGCGGATATCATGATGGTAACGGACGCTCCCGGACTGTATGAAGAAAAACAGGGTTTTCCCCTGGCCGGCCCTTCCGGGCAGAAACTGGACGCCATGTTGAAAGCCATGGGGATTTCCCGCTCCGATATTTACCTGACCCATCTGGTCAAATACCGCCCAGCCCTCCCCCGGCAGCTTACCAACAACCGTCCTCCTACAGACCGGGAGATAGAAATTTCCCTGCCCATTTTACGGGAGGAAATCATGCTGGTGCGCCCGAAAGTAGTGGTAGCCCTGGGGGCCATCGCAGCCCGCGGCATCCTCCAGTCAGGAGAAACGCCTCTTTCCGCCCTGAGAGGCGCCTTCCACACAGCTTTCAACACGCCCGTGCGCGTTACTTATAATCCCAGTTATCTTCTCCGTACGGAAGATATTTCAGAAAAGCGAAAGGTTTGGGAGGATATGCTGTGTGTCATGGAACAGGCCGGTCTGCCCATCTCTGAAAAACAACGTTCCTACTTCCTGCCCAAAAAGTAATATATGGATTATCTAAACAGCATTCTGGAGCGCAAACGCGCCGATTTGAAAAAACTTCTTCCTCTGGAAGGGAAATTACGGGCCTCCGCCATCCAGCGGAACGACTATGCGGGATTCCGCACCGCGGTGGATCTTGGGGAAACCCGCCTCTCCGTAGTTCCGGAAATATCCAGGGTGCATCCCGCCCTCAGCCTCCGGAAAGGAGTACAGGATATCCGGCACATGTACGACATGTTCCTCCAGGGCGGAGCGCAGGGCATTTCCATCGCTGTGGAACCGGAAGTATACGGCGGTTCATGGGACATGGTGTCCACTGTTTCCAGAATCAGCTCCATTCCCGTCATGGCGCGCGACGTGTTCATTCATCCCGCCATGATCTGCCAGGCTATCGTCTCGGGAGCGGATGCCGTCAACCTGGTCGCGGCCGCCCTGCCGGCAAAGGATTTGTCGGAGATGTACCGCATGGCTTCCGGGCTGGGCCTGGACGTGATGATGGAGGTTCACACCCTGAAGGAGCTGGAAACCGTCATGGATCTGGAAGCGGAATTCATCTGCATCAATAATGCAGATCCTCACACGCTCCAGGCCAATCCTGTAGTCACGGAAAAACTCATTGAAGAAATACCCGCCTCCGTTACTGTCCTGTCCGCAGGGGGCATCCGCACCGTGGAAGACGCGCGCCGCATGCTGGATGCGGGAGCCAACGGCGTTCTTTTCCAAGACGAACTTGCCCGCATGGATATTCCCCAGGATTTCATGGAGGCCATTCTGGCTCTCCGGGCGGACTGATTTTCC
NZ_CP114598.1_gap21	702762	706048	3286	CTGAATTATGAAACCCTCAAGGGAATGACCGGCTCCGTTTACATCAGCATTCCCGGAAACCTCCAACGCGGCGGACAAGTTACAATCGCCCATCCCAGCCAGCTGCTGTACCTCCCTGCCGTCCAGGAAGGGGAACATCCCCTGCCCTCCGGAACCCCGGTGGAAGTGGTAGCCGTCACTGCGGGAGTCGTCACCGTCAAACCTCTTCATTAACAAACACCCCAATCATCATACCCCTAGCCGACTATGGACAAAATCATCCCCATCGCCATTCTGGTTCTCTTCATCATTCTGACCGCTTCCTGGCTGTTCAGCCGCTACCGCATGTGCCCTCCGGACAAAATCCTCATCGTCTTCGGGAAAGTAGGCACAGGCCAACCAGCCAAATGTTACCACGGCGGCTCCACCTTCGTACTTCCGGTTCTCCAGTCCTATAGCTATCTGGATCTAAACCCTATCAATATTGACGTGCCCCTCCAGGGCGCCCTTTCCTCCCAAAACATACGCGTGGATGTGCCCTCCTCCTTCATCGTGGGCATCTCCACCCTGCCTGAAATCATGCAGAACGCCGCTGCGCGCCTGCTGGGCCGCTCCCGGGAGGAAATCCGCAATCTGGCTGCGGAAATCATCATGGGGCAGATGCGCGTGGTGATTGCCTCCATGACCATTGAGGAAATCAACTCCGACCGCGAAAAACTCATCAAGGGCATCACGGAAGGCGTGGACGTGGAACTGCACAAAGTGGGCCTCCATCTCATCAACGCCAATATCACGGACATCCAGGACGCTTCCGGCTACATCAACGCCCTGGGCAAAGAAGCCGCTGCGCGCGCCATCAATGACGCCACCATCAAGGTGGCGGAAGAAACGCGCCGCGGGGAAATTGGCAAAGCGGAAGCGGAAAAGGACCAGACCATCCAGGTGGCGAACGCCCGCGCCATCGCCATTGAGGGCCAGAACGAAGCCCAGATTAAAATTGCGGAATCCGCCGCCAAGCTGCAAGTGAAGCAGGCGGAGGCCAAAAAGCTGGCGGAAGTGGCCCAGAAGGTGCAGGAGGCTAAAACCCTGGAAGAAGCCTACCAAGCGGAAAAAGAAGCGGAATTGAAGCGCGCGGAACGCGAACGCGCCACGCAGGAAGCCAACATCCTGGTAACAGCCCGCATTGAAAAGAGCCAGCGCGAAGTGCAGGCCCAGGCCACGGCGGAAGTACTCAAACTGGAACAGGAAGGCAAGGCGCAGGCTCTGCTCATCCAGCGCAGAGCGGAAGCGGAAGCCATCCGCCAACTGGCGGAAGGCGAAGCCCAGGCTACCCTCCTGAAGAAAAAAGCGGAAGGGGAAGGCATGGAAATGGTGGGACGCGGTGAAGCGGCCGCGATTGAAGCCGTGCTGGAAGGCAAGGCCCGCGGTTTTCAGCAGATCGTCCAGGCGGCAGGTTCTTCCGAGGCCGCTTCCAACCTGTTGGTGACGGAACAGCTTACCAAGATTGTGGAGCTCCAGTCCGGCGCCATTAAGGGTTTGAAATTTGACAAAGTAGTCGTCATGGGCAACGGAGGGAACTCCTCTGTAGGAGGATTCGTCCAGAATCTGGTAAAGGATACGCTGCCCCTTCATGAACTCGGCAAAAGCGTAGGGCTGGAATTGCCCGCTTTTCTGGGCAAACCCATGGAAGGGAAAACCGCAGCTTCCTCCCCTGCTCCCTCAGCCGATGCCCCAGCGGCAGATACCGCAACTACCGTCAACCCGAGTTGACCCCTCCATCCCTGCGTTCCTGACGGCAACCGTCTCTCCCCCGAACAGACAGGGCAGGTATGGACAGCATTGTCCATATTGACGCAGGACGCACGCTACAATGGCAAAATCCGTTCCCCGTCAACAGGGAAACGGGTCTTGAAACATAAAGGGAAAAGCAGAATGCCTGCCTTCAAGGCTAATAGGCAAAGGTCAGCAAGTACTGTGTCCCGCCACCTGCCCGGATGAACAGAAAAGCGTCGGCGCTTTCTGCTTTATTCCCGGTAATATCGAAAGCGGCAAGGCAGGCATGCCCTCTCCTGGAAAACGGTAAACGCCATGTTGATTTATTGTCCTGTAACTGATGTTTTCATGGTATTTTTCAATCTGTAACAAAATGCAGGATTCTTATGGGAAATAGCGTTATTATTCGATAATACAATTATTCTATAGCATAATAGAAAAAAACTATAACAAATTACTGCTCGCCAGGTTCATTGACAAGAAACCGGAAGCAGGTTAGGATACGGCCTTCAACCTCTCTTCGACTAATGAATATCAAATCCGCCCTTTTGACGCTCGCCGCAGCCCTCGCTCTCTCCTCCTGCAATACGATCAGCGGAATAGGAAAAGACGTGGAAGCCATGGGAAGCAAAATTGACAGCGCCTCCCAGGCTACCAGCAAGTCCATGCAATAAGTCCCGGAACGTAGCCGGACGCCGTTTTGAATCCTCTTTTAAGGGAAAAGAGGCGGTATTTTGTCGCCTCCCATTCTGTTTGAATGGCAGTCGGCCCCCGTGGGGCTCCCAACGAATTGCCAAGGTTCGGCTCCATCCTTCATGAAACAATCCAAACCTTTGCGGCAATCCGGAAACCAGGACAAGCGGGCGGCAGCAAATTTTTTACCTGAAAGCCGCTTCATCCATTTGGATGAAGCGGCTTTCGTTCAAGGTCTCCACACAACCTTCTTACATGGCCCGGCTGGTGGAACGGGCTGCGGAATTAATGTCGCTGCCGACGGCTTCCACATCCTTGCCAACCCCGCCGATCGTATTGCAGGAAACGCACCCAAGAAGGGTGGCGATACTCAGAATAATTAATTTGCTTTTCATCGTTTTATTGGAAGTGTTCCGAATAATCAGACTCCATTCCTTCATTCCCCGTTCAAAGAACCGGCAATCATGCCACAAAGCCTCCTGTCATTCTCCGTTCTTGCCATGCGTGCCTGAAACACTTAAAAAACATGCGCCAACGGAAAAAATGCCGGGCGGATATTCCGCTCCCATTACCCGGAACCATTACTATTTACTACCAAAATGATTAAAGTAGCCATCGTAGGATACGGCAACATCGGGAAATACGCTGTGGACGCCTTGCGCGCCGCTCCCGATATGGAACTGGCAGGCATCGTGCGCCGCCCCGGCAGCGAACCTGTACACGGCATCAGGACCGCAAGTAATGTGGAGGAACTGGGCCATGTGGACGCGGCCCTGCTCTGCACCCCCACCCGCAGCGTGGAAGAAACGGCCCTGCCCCTGCTCGCCCGCGGCATCAACAC
NZ_CP114598.1_gap22	712850	716402	3552	GGCCATAATGGTCGTGCCGCCGGAGAACGTATTTGCGCCGGTATTTTCAATGGTCAACACCCCTTCTCCACGTTTAATGAGGGACATCGGTCCCGTCCCGTCCACAAGGGTCCCTGTTCCCGTGAACGTGTAGGCCGTTTCTCCATTGTTGACCGTAAGACGCGCGGAAGAAACATTCCCGTCTATAGTGACGGCGGAGGCGGATATGCCAGCCAGATCTTCAAAATTGGCGGATTTGGAAGCGTCATAGACGATTGCCGTTCCGTCCTTGTCCAGCCAGACGGCTGAACCTCCTGTCGCCGTCCAGGTGCCCGCACTTCCCCCGTTCCAGTTGAGGGCTTCGCCCAACGCCTTGACACGCAGGTAAAGAGTGTTTCCGGACAGTTCCAGGGCATAGGTATAATCTTCGGAAAGACTGCTGGAATCAAAAGAAAAATTGCTGGCCGTCAACGTACCGAAACTGTCTGCCGCAATCAGTCTGTAGTCATTTTCCATCGTCTGGTCCACTCCGCTGATCGTCAGGGTCAGCGTTCCTTCCGTACTAAAGGAGAGCGTGCCGCCCGACTGGATGACAGCGGCGCTGGAGGAATTCAGGCCCGTCAAATCCAGTGTCAGAACGGAAGCCGGGGAAAGAGTCATGTTGCCCGCAGAGGTAAGGCGGGCTCCGGCGCCCATCGTAATGGAGTTGCCGAAGGCCACTCCGCCGGCAAGCCCGAAACTGAGCTCCCCTGCGGAAACCGTCAGCGCATTGGCAAATCCGGCAGAGGAACCGAGCGTAAGTTTGCCCGCTCCGCTCTTGGTAAAAGCGCTGCGGCCATCCAGCACCGTCGCGTTGGCAATAAGGGCGTCCGTCCCTTCCCCCGCGGAAATCTCGTCAAATCCGGAAATCACGGCATTCTCAAACATGTCTTCGCGAGTCACGCCGTTCAGGTTCAACACGCTCCTGGTGACCGTATCTCCCCGGCCCTGACCGGATATGGTTGTCGTTCCGGAGAAAACGGCATCATTGCCCGTCAGGGTCACGCTGGCCAAGGCCGTAGTCAGGGAAGTGCCGTTGACCTTTTGGCCACCCGCATAAATGGAGGCATTATTGAACGTCCCGCCGCTAATGGAAAGATTGGCTTCTCCAATAGTCAATGCGGAATTGGCATTGTTGCGTTCCACGTAAGTGCCCAGGGATATTTGAGCTCCATCGAACGTGCCGCCCGTAATCGTTATATTGGTGGAACCGATATTTCCGGTAAGGGCGGCGGTAGCGGTTCCATTAATGTAGGAGCCGCCCCAGATTTGTCCCGTATACGTCCCGGACTTGAAGGTCAAATTGGTGGAACCTGTAATATTTAATGTGCTCTCTCCCGTTTCCACCCAGCTTCCCCCCGCAATCATGGCCGCTACCGTGTTGCCGCCCAAATCCAGCGTCATATTGGTATCCGCCAGGTTCCAGGCAGATGTGCTTAAACGGGCGCCTGCAAAAATTTTCCTGGTCCCATCTCCGGAAAAAGCAGCGCCTGTGATCGTTGTCGCCACACCCTGCGAAAACAAACTCTGAGCAAAAGTCCCCCCCGTGATTTCTATGGAAGCGGACGAATGCTCTGCAATATTTGCGGCAGAACCTGAAGACGTCGCATCGGACAGGCCATACACATTCGCGTTGTACTGGCCTCCCGTAATGCGCAACCTGGCCGTATAGGCGTTCGTCCCGTCTCCCAACTGAACCTGGCCTCTCCCCAGAAGGGCAACGGAACCATTAAAAGTTCCTCCGTCCAGATTCAGAGAGACATTGCCGATAATGGTCGATTTCTGCCCTGCCCCGCGTGTCGTTCCAGCCGTTACCAGCTGGGCGAAAGTCCCGCCGTCTATGGTGAACGTCACGTCCCCCGTATGGCGGAAGGATTCCTGCCCCAGCCCTATGCACCAGCTGCTACTGGGATTGGAAACCGAAATTCCGGCCCATTCCCCACCATGAATGTTGACGGTATATGTCCCCGTCGTCTGGTAGGCATCATTTTTATTTCCATCCCCCACCAGGGAAAAACCATTAACCGTGCCGGCATTCCGGTCCACATTGAGAGTAATGTCGGCGGACACAATCCGGTTCTGGTTGCTCCACCCCATCAACTGGGCATTGGTATTCAGCAGGGATGTTCCTTCCCCGATATTGATTACAAAGGAATTGTTCCCTCCGATGGTGACGCCTCCGGCAGTGCCCGCAACATTCCATAATTGCAGTCCTGTATAGGTTCCCCCCTCCAGATTGAGAACCCTGTTATAGCCGTCTTGATAGGTTCCGCTTGCCGTAATATCCGTTAAATAAATACCTCCGGGGGAATCCGCCTGGGTCAAGGGCTCCCCTTCCGGCGGCGTAATCGTATATTGGTCGTCAGCAAAAGAAATTGTCGTTTCTCCATTGCCCGTCAACGTATAGTCAGACCATGCCGGAGAAATGAAACAGGACAGAAGAGCGGATAAAAGAACCAGAGGCAAGTGCGGGCGCATAATGCTGTAACGTATTGATAATGAATAAAACTATTTTCAAGACTATATTCGTAGTAATAACTAACGGATTTGAAATCCGGAGTCAATGACAATTTTTGGAGCCAAGCCCCTTAGAAACATTGAACGACCTGAGAGGAAAAGAGGGAAAAACGGGGCCGTCCGTTTCAAAAACCTGCATCATTAATATTTTAATCATTATTTGGGCTTATTTACATCATCTGCGGATTTCAAATCCGGCCACTTATTTAACCTTTTTCCCCCAGCCAACGAAATATGCATGCAGGAAAAAATGATTTCTTTTCTTGCATTCCTGAAGAAGTGCCTGTATAAGCCTCCACGTCCCCGCCGCCAGGCAGGGACGGCATCCAAGGTTATGGAGCGGTAGCTCAGTTCGGTTAGAGCGCCAGCCTGTCACGCTGGAGGTCGCGGGTTCGAGCCCCGTCCGCTTCGCCACCTTGTTCAGAAGAAACAGCCGCCTCCGGGCGGCTTTTTTGCGTTCCAAAAACCTGAATCCCGGAAAACAGCCCGTCTTTCGGGAATGTTTTACTGGAAAAAGGGGCCGGACCCGTTAAAATGAGGGCCAGCATTACCATCATGAGCATACTTTCGGACCGTCTTTCCGAGGAAATACTGCAAGCCCGCCAGCGCGTCTATACCGTTGGCGAACCGACTCCTCTCCAGCGATTGAATCTGCCGGGCATCGAAGCCCCGGTATATGCCAAGAGGGAGGATCTGGGCCCCATCCGGGCTTATAAGTGGCGCGGAGCGTTCAATTGCATGGCCGCATTGAGCCAGGAGGCCCGAGACAAAGGCATTGTGGCGGCCTCCGCCGGCAATCACGCCCAGGGCGTCGCGCTGGCGGCCAGAGTCCTGAACTGCCATGCCACCATTTTCATGCCGCGCTCCACGCCGGAAGTGAAGCAGACGGAAGTGCGCCGCCACGGCGGCAGACATGTGAAGATTATGCTCCACGGGGACTGCTATGACGAGACGGCCGCTGCCGCCCATGAATACGCGGAAACCCACGGCAGCACGTTTGTTCACCCCTATGACGAC
NZ_CP114598.1_gap23	724862	725407	545	AATCTTCGGAGCCGTACTGGTGCTGCTGTACGAATACACGGGCAGCATCTGGACGCCCATCATCGCCCATTGCATTTTCAACACCGCCACTCTCATCAACATCCTGTACCCCGGCATCCTTCTTCCGTATGGAACCTGAGCCCAGCATCCGGCAGACGGGGGAAGACGCGCTGGTAGCCCGTCTCCTGCCCCTGATGCCTTCCAATTCCGCCCTGGTAACGGGGCCTGGAGATGACTGCGCCATAGTCCGGGGAGCAGGGAACCGCCAGCTGCTCCTGAAAACGGACTGCGTGGTGGAAGGCATGCATTTCCTGCCCGGAACGGATCCGGAACTGATCGGGAGGAAAGCGCTGGCACGGGCCGTCTCAGACATAGGAGCCATGGGCGGAACGCCCCTGCACGCTCTGATAACCCTGTTCGTGCACGCAGACCGCCCCACCTCCCAGGTGGAAGGAATTTACCGGGGCATGGGGCGGCTGGCACGGCAGTTCGGCATCAGCATCGCCGGGGGGGAAAGCTCCGGCCTGCCCAGGGACGGGCTTATC
NZ_CP114598.1_gap24	745446	745978	532	GTATCCCGTTCGGGACGGGAATCGTTTTTCATGAAGAATCCTCTCCCTTCAGTTTTGGCGTGGAAATATGCGAAGACCTGTGGAGCGTCATTCCTCCCAGTTCCCAACTGGCTCTTCTGGGGGCCAGAGCCATTCTCAACCCTTCCGCAGGAACGGAACTCACAGGCAAGGCAGCATACAGGAGGGAACTGGTCAGACAGCAGAGCGGCAGATGCCTCTGCGCCTATGTCCTTTCCTCCGCAGGTGTGCATGAATCCACCACGGACACCGTATTCGGCGGCCATTCCCTCATTGCGGACAACGGCAGGCCAGCAGCGGAGGGGGAACGGTTCTGCAGGGAAAGTACCCTCATCTTTGCGGACGTGGATTTTGAACGGCTGGAGGCGGCGCGCCTCTCTGAAAGCTCCTTCAATGACAGCAAATCCCTTTTCCCCGCCGGGAACGCCCTGCATCTGGTCCTGCCGGAACAGGTTCCCGGAGCGCCCGGCCTGGAATACGCTTTCAACCCGGCACGGCCCTTCCTGCCTTCTCC
NZ_CP114598.1_gap25	843099	844536	1437	CTTCCGCATCCCGGCGGCATTCAGCATCGTCCAAGCCTTCAATCAGGCAGGAGCTTTCCGGGGCAACCGGTTCTTTCAGGATTCCATTTCACGTTATTTGCTGCTGTTCATTGCGGCATGCATTTTGGCCGGGCTTGTTTGCAGCATTCGTGCGCTATATCATCCTCCCCATTACTGACTTTCCGAACTTCTCCTACCATGTCCATTCTCCATCCCTTCCCCGCCCTGCGCCCTCCCCGGGAACTGGCCGCGCGGGTCTCCTCCCTCCCCTATGATGTCATGAACCACCGGGAGGCCAAGGAAATGGCCGCCGGAAACGACGCCTCCTTCCTCCATATCTGCCGTTCCGACATCGACACGGGCGAAGCCGCCATTCATGCCCCGGAAACCTACGCCAAAGCCAGGGAAAACCTGGAAAGGTTCGTCCGCGAAGGTTACCTCCTCCGGGATGAACGGCCGTCTTTCTACATCTACCGCCAAATCATGTGGGGGCGCGTACAGACGGGCATCGTCGGCTGCGCCTCCGTGGATGAATACGCCAGCGGCGCCATTAAAAAGCACGAACTGACCCGCAGGGAAAAGGAACTTGACCGGATCGAGCACTTTGACGCCTGTTCCGCTCAGACGGAACCGGTATTCCTGGCCTACCGCAAACATGAGGGTCTTTCCGCCATCATCCGGGAATGGATTAAATTCCACAAACCCGAATATGATTTTACCACGGAGGACGGCGTCACCCATATCCTGTGGCCCGTTTCCGAACCCGGCACGGTGGAAGACATCCGCAAAAGCTTTGAAGAAGTGGACGCCCTTTACATTGCGGACGGGCACCACCGCACGGCTTCCAGCGCCGCCGTTTCCGCCAGACGCCGCCAGGAACACCCGGACTACACGGGGCAGGAAGAATTCAATTACCTGATGGCTGTCGTCTTCTGTGATGAAGACCTTTTCATCATGGACTACAACCGCGTCGTGCGCGACCTGAACGGCCTGACTGAAGAGGAATTCATGGAAAAACTCCGTGCCTCCTTTGACGTAAATCCTGTGGATGCCATTCCCGGAGAAGGCTATGCCCCCCGCGCCAAACACGAATTCGGCATGTACCTGAATGGACGCTGGTATTCCGTCACGGCCAAACCGGGAACCTTCCCGTCCGACCATCCTATCGAAAGCCTGGACTGCGCCATTCTCCAGGCGAATATGCTGGCTCCCATTCTGGGCATTGATGATCCGCGCACGAGCGACCGCATCGACTTCGTAGGAGGAATCCGCGGCCTGGGAGAACTGGAACGCCGCTGTTCCGGAGAAATGGCGCTCGCCTTCTCCCTGTACCCCGTCACCATGGCCGACCTTTTCCGCGTAGCGGACGCCGGGGAAATCATGCCTCCCAAATCCACCTGGTTTGAACCCAAGCTTCGCAGTGGTCTTTTCATCCAT
NZ_CP114598.1_gap26	987658	991056	3398	CTTGGAGGGTGTGCTGTACCAAGGCTTCCGGATGCACTCCTAAACCCAGATAACCCGTTGCTTTGGCGTACAGGGGTATTTGGATATAGCCGCAGGGCGTACTGTAAGCCGTTTCCGCATGCAGGGAGGCGCTTGCTGCCGAAAGCAGCACGCATGTGCAAAGAGACACTGGCAGACAGTGTGCCGGATTGATAAACATTAACCCATTAAAAAGAAAGGAAATCGTTTGTCAATTAGGAAAGGAAGGAACATTTCCGTTCTTCATTTGTTAAACTTTTTCCCGGACAGAGGAAGCCTCCGGTGTGTCCGGGGATACGCCCGGGATTTAAAACATTAGGGAGGATGGTCGCCGTTTTTTTCAATTCCCCCGGAACAGAAGCGGGGGAAACGTAATCAACGTGATGACCTTGAACGCAGCGCTGGATACATTGTTCCCGATGAGTGGGATGTAATTGACCGTCCCGGTCCGGAGAATATCCTGGCGGAAAAATCGTCCGGCATTAGCCGGTGCCTTGGTTCCGCGTCTTTCTCCGGTTATCGGGGCGGTTTTCACACTGGATTTTTGTCGGTTTGGTTTAATCAGTTGAAAGACAGGGACAGCGGATCGGCAGTCGTGCAATATCCTCTCTTTGGTTTTTTAGACTGATATGAAGTTTCTTCAATCCTGAATGAGATTATTTGCAAATAATCTTCCCTTAGCGGCATGAACATATCGGCACCCTCACCGCTTTCCGTCAGCTCAAGGCGGACTTTCCAATAATTCGTTGAGCGTACAGGTGATATTGCGGGGGATCCGAAGGAGTAAAAAATTTTTAGATAACAGGAAAAATCCTATTTTTCCATTCAACGGTTGGAGTTATTCTTATGTCTAAAATACCAACATACCATGCTTAACAATCTAACAACAAAATTTCAGGAAGCGCTGATGCAGGCGCAGCAAACTGCAGGCCGGCTTGGAAAACCGGAAATTTCCTCTCTGGACGTTCTGGTGGCGTTACTGGAGCAGGAAGGCGGAATTCTTTCCCCTATTCTCCGCAAAGCCTCTTGCGATCCGGGGCTGCTTCTCCAGGCAGCCCAAAGGGAGGTTTCCCACGAACCTACTCAAAGCGGCGCTACCACGCAGCCGCAGATGGGGCGTGACCTGGCTACCGTCATGCAGGCTGCGGAAGAGGAACGCAAAAAGCTCAAAGACGACTACCTCAGCGTGGAACACTTCATGCTTGGGGCGTTGGACACGCAAAACAAAGTGCACCAGTTGACGGACACCTTTGGCCTGACCAAGGATAACTATCTGGCCGCCATGAAGGAAGTGCGCGGCAACCAGCGCGTGACGGACGACAACCCGGAAGGCAAATACCAGACACTGGAAAAATATGGGACGGACCTGACGGCCCGCGCCCGTGCCGGTAAAATTGACCCCGTCATCGGCCGCGATACGGAAATCCGCCGCGTTTTGCAGATTCTTTCCCGCAGGACGAAAAACAATCCCGTCCTGATCGGGGAGCCCGGCGTTGGCAAAACCGCCATTGCGGAAGGTCTGGCGCGGCGCATTGTCAACGGCGACGTGCCGGAAAGCATGCGCAACAAGCGCATTGTATCCCTCAACATCGGATCCATGCTTGCCGGAGCCAAATATCGCGGTGAATTTGAAGAACGCTTGAAATCCTTCCTTAAGGAAGTAACGGATTCCAACGGTGAAATCATTCTGTTTATCGATGAACTGCACACCATTGTAGGCGCGGGCGCCAGTGAAGGGGCGGTGGATGCCTCCAACCTGCTCAAGCCCGCCCTGGCCCGCGGGGAACTGCGGACCATCGGCGCGACGACACTGGACGAATACCGCAAATACATTGAAAAAGATGCGGCTCTGGAGCGCCGGTTTCAGCCCGTCATGGTCTCCGAACCCAGCGTGGAAGATACCATCGCCATTCTGCGCGGCTTGAAAGAACGCTATGAAGTCCACCATGGAGTGCGTATTACGGACGCTGCCATCGTAGCGGCGGCCACCCTTTCCGACCGTTATATTTCCGACCGTTTTCTGCCTGACAAGGCAGTAGACCTGGTGGATGAAGCGGCAGCCCGCCTCAAAATTGAGCTGGACTCCATGCCCACGGAAATTGACCAGATTGAACGTGAGGCCATGCAGCTTGAAATGGAGCGGCAGGCGCTGGCGAAGGAAGAAGACGCCGACAGCAAGGCCCGTTTGGAAAAAATCACCAAGGACCTGGCCGACTTGAAGGAAAAATCCGGTTCCATGATTGCCAAATGGAAAAGCGAAAAAGAAGTGCTGGACGCCGTCCGCAGGGAACAGGAAAAAATAGAAACCCTCAAACTGGAAAGCGAAAGGGCCAAACGTATGGGTGACCTGACCCGCGCGTCGGAAATCACCTATGGCGAACTTCCGGAAGCCCAGCGCGCCCTGACGGAAGGCAAGGAAAAGCTCAGCAAAATGCAGAAGGAAGATGGGGGGCTGCTGAAGGAGGAAGTCACGGAAGGAGACATTGCCAAAGTGGTTGCCACCTGGACCGGCATTCCCGCCGCCCGTCTGCAGGAAGGGGAGCGTGTCAAGCTGGTGCACATGGAAGAGCGTCTGGGCGCCCGCGTAATCGGGCAGAAACAGGCCGTTAAGGCCGTATCCGACGCCGTGAGACGCGCCCGCGCCGGGTTGCAGGATGAAAACAGGCCCATCGGCTCTTTCCTGTTCCTGGGACCCACCGGCGTGGGCAAGACGGAACTTAGCAAGGCGCTGGCGGAATTCCTCTTTGACAGTGAAAACGCCATCGTCCGCATTGACATGTCCGAATACATGGAAAAACATTCCGTCGCGCGCCTCATCGGGGCGCCTCCCGGATACGTGGGGTATGAAGAAGGCGGTCAGCTCTCTGAAGCCGTGCGCCGTCGTCCGTACTGCGTGGTTCTCTTCGATGAAATTGAAAAGGCTCACCCGGACGTCTTCAACGTATTGCTCCAGGTGCTGGACGACGGCCGCATTACGGACGGCCAGGGGCGTACGGTTGACTTCCGCAACACGGTCATCATCATGACCTCCAACATCGGCAGCCAGTATATCCTCAATGAGGCCAATGCGGAACAGCGGGAAGCCAAGGCTCTGGAAGCGTTGCGCGGCCACTTCCGTCCGGAATTCCTGAACCGCATTGATGAAATCATCATCTTTGACCGGCTCACGGCGCAGGAACTCAAGGGTATTGTGGACATTCAGCTTCAGCGTGTCCGCAGGCGTCTGGAAGCCAAGGGCCTGTTTTTGCGCATGACTCCGGAAGCTACGGCTCTGGTGGCGGATCACGGTTTTGATCCTGTGTATGGAGCCCGTCCTCTCAAACGAGCCATTCAGCATGATCTTCTGGACCCGCTCAGCCTCAAGCTTCTGGAAGGAGACT
NZ_CP114598.1_gap27	1155260	1159011	3751	CAACATTTTTCTTTTCCTTTAAATGGAACTTTTATTTTTTCATAACTTTCTAACCCCAAAGCATCAACCTTATCTTGAGTGCTGTTGCCGAGGAAGGCATACAAATTCCATCCACCCTGTTCAGTGATGGGATCGCGGTTGATCCACCTGCCGTCTTTTGGGTTGTTCGAATCACGTTCCGGCTGTTGAGCATGTCCAGGGCGGCTATTTGCAAATAACCCCGGTACAGGTAGCGTTCATGGCTGACGACCGTGCCGTTAACCGTCACCTTCTTCATGTAGCGCCGTCCCGGCTGGTGAAGCTCACCGCGCGGTTGGCCGCGTTGTACGCCACTGTCCAGATGCCCGTTGACGTCCTGATGAGCGTCTGGTTGCCCGAGGCGTCGTACGTCGGCACAAAGGGCGCTTCCTCATTTTCTTCAATGCGGGTGTACTGGTTGAGTTCGTTGGCCGCATAGGCGAGTTCCCCGGCCGGTTCCTGCGCCGTCTTGCGGTTGCCGATATTGTCGTAGCTGTAACCGTAGGGGGCGGCGCCCAGGGCAGCGCCGGTGAGCTCATTTCTGCCGTTGTAGCTGAAGCTGTCGCTTCGGGCAGGCTCCGTTCCCTAGTGCGGCCGGGCGTCTCAAAAAAATCATAGTTTATAAGTAGATCATGATCTTAGAAGTCAATCTAGAGTTGACATTTGTAAGTATAATTTATTGACATATTTTGCTTGCTCATCAAGTATATTTATTAAATAATTAGCATCCAATCTTTCTAATTTTATATGATCCTTCATATTTAACGCTTTAGCTGCGTCTCTTTGATCTTCTATCCAAGTATATATTTTTTCTTTTCTTTGTGGATCGTCTTTCTTGAGGTATAAATTTATAATTTCTAGTTTTTGAAATTTTATAATATCATTTGGAGTAACATCAAATTTAGAAAAAATATATTTTCCTGGTGCAAGGTTTCTCAAAGAACATGCTTGATTTACAAACCATTCTGTATAAATGAGAGCTAAATTTGTATTAATATTTGATTCATTGTTTTCTTTTTTATTAATGTTTTTCTGCTCAATATTGGAGCAACTCGTGAATAATAACATGAACACTAAATATAATATTTTATTCATTTTTTAATTTGTGGGAGGTGTTGTGAGAATCCATGATTTCGGGTTTTGAGGATTATCGACTTTATATAATATTATATTACTTTTCTTTATTACGCTGTGGCATTTCCATTTCCCCCTATTACAGGAACACCATTTATAAGCCTGAACACTTACCCCTAATGCGCTCTGAGAGCTGCCTTCTCCTCTCAAAGGTCGGATTTTTCTGTTGAAAGTATCGCCTGTTTGACTATAACATGTTTTGTTATAACAATCAAACCAAGTATAAACTACATAACAACAATTTTCTTTACATGTATTATTATGCTCACATTCAGATGTGAAATTAGGACTTTTAACCGATGCTTTAACATTAATTCCTTTTGTTCCTGCATCCTGGATGATCGGACGTTCCTGTGATCTTTTGCATTCTTTGCAACATTTTGAACATGGATCCCCTGTTTTTATAAACCCCTTTTTTAACCCCAAAGCATCAACCTGATCTTGAGTGCTGTTGCCGAGGAAGGTATAAAGATTCCATCCACCCTGTTCAGCGATGGGATCGCGATTGATCCACCTGCCGTCTTTGGGGTTGTAATAGCGGTAATTATAATAAACCAGAGCGGGTTCTTCGTCGTGCATCTCGCCGGACCACTGGACGGGCTGGACGAGGTCTCCCGTGGAAGCTGCCTGTCCATAGGGGGAGTAGTCGTAAGCCGCCGCGATATGTCCATCTCCATCGAAGACCTCCGTCACATTCTTGTTAAAGTCCCATCCGTAGCAGTAAAGGGAAGCGCCCTGCACGAGGGCCAGGGGACGCGTGGCTGTCGGTTCCAGAGGATCCCACAACAGCGTTCGGAGCACGTTCCGGCTGTTGAGCATGTCCAGGGCGGCTATCTGCAAATAACCCCGGTACAGGTAGCGTTCATGGTTGGCGACTGTTATTTCTGAATTTTATTTTTAATTAACCGTATATCATTTAACATTGTTATGATATATCCTAATACTATCCAAATTAATATTGTTTCGAAACATATAAAAATATCTGTAATGGTAACATCAAATTTATCATTTCCATAATATTCTCCATAGGATAAGTTTATTGCGCGCGAGTATTTGTTAAATAGCGTTGTAGAATCATATATCTGGAAATACTCTAATATGCCTTTTGATATCCCTATCAGATAACATATCCAAGATATTGCTGGTATTTTTTTTAAAAAATTAATATATTTTTTCATAACTATAATATATCTTTTACTGTGTTCGTCTGATCTCTACATATTTTTTTTATCATTTTAGCAACTATTAAAATAGCCTCTTTTTTAGCATTTTCTAATGTCCAATTTTTCCCATTTCCATGGGTTTCCCAGTCTGACTCTATAATTTTCCATGCAAATTTCCTTCCTATTATTAAATATTTTTTGCATACACATTTTTTTACGGAGACTTTTATTTTTGCAACAACAAAACCTTGCCTGGCTCTTTTTTCAGCTAACTCTTTTGCTTTTTTTATTAATGCATCTCCATCCATTCTAGAATTATTAGATATCCTAATAGATCTTGGAATTTTGTATTTTCCAGCCCCTTCAAAATGTGATAAATAATTGATGATTATTACTGCTTTTTCTATATTGTCAATATCGTCAGGATTTAATATATTATTATCTAATAGGTTTATATATTTTATATCATAATCATTATAAAAACATTTACCTGGTGAACATTTATCACCTATCAACCCCAAAGCATCAACCTGATCTTGAGTGCTGTTCCCAACAAACCCGTACAAATTCCATCCACCCTGTTCAGCGATGGGATCGCGATTGATCCACCTGCCGTCTTTTGGGTTGTAATAGCGGTAATTGTAATAGACCAGGGCGGGTTCTTCGTCGTGCATCTCGCCGGACCACTGGACGGGCTGGACGAGGTCTCCCGTGGAAGCCGCCTGTCCATAGGGCGAGTAGTCGTAAGCCGCCGCGATCGTTCCCTGTGCGTCGAACACCTCCGTCACATTCTTGTTGAAGTCCATGCCGTAGCAGTAAAGGGTATTATCCTGCATGAGGGCCAGGGGGCGGGTGGCTGTCGGTTCCAGAGGGTCCCACAACAGCGTTCGAATCACGTTCCGGCTGTTAAGCATGTCCAGGGCGGCTATCTGCAAATAGCCGCGGTACAGGTAGCGTTCGTGGCTGACGACCGTGCCGTTAACCGTCACCTTCTTCATGTAGCGCCGTCCCTGGTAATCGTAGCCGCACTCAATAATCGTGTTTCCATTCTGGCTGGTGAAGCTCACCGCGCGGTTGGCCGCGTTGTACGCCACCGTCCAGATGCCCGTTGACGTCCTGATGAGCGTCTGGTTGCCCGAGTCGTCGTACGTCGGAACAAAAGGCGCTTCCCCGCTTTCTTCAATGCCGGTGTACTGATTGAGTTCGTTGGCCGCGTAGGCAAACTCCTCCTCTATTTCCTGCGCGGTCTTGCGGTTGCCGATATTGTCGTAGCTGTAACCGTAGGGGGCGGCGCCCAGGGCAGCGCCGGTGAGCTCGTTTCTGCCGTTGTAGCTGAAGCTGTCGCTTCGGGCAGGCTCCGTTCCCCGCCGCTGCGTGCGGGTGACCGGGCGTCCCAGGGCGTCGCAGCTTTGGGTCCGGGAGACGAGCCCGGTTTC
NZ_CP114598.1_gap28	1161456	1165818	4362	GGTGGATGTGAGCGTTTTGACATGCCCTTCCAGCGGGAGCAGGTCCACCGTTTCCGTGGCGGGGGCGTCGCTGAAGTTGTCCGTTCCCGAATAGGCATAGGTGTAGCGCGTGATGCGCCGCCCGCTTTCCGCCCACGGTTCGTCGCGGGAGAGCAGGCGCCCGTAAAGGTCGTACGCGTCATGAATTTGGCTGCCGTCCATGGCCATTTCCGTTTTGAGCCTGCCGCACTGGTCGTAGCCGTATTGCGTGGTTTGCGCCTCCGGGGTCTGGTAGCCTTCCGTCAGCGCGAGCAGCAGGTCGCCGACGTCCGTGGTCTGGTAGATGGCGCAGGCGCGCGCCGCCACGATTCCGTTTTTGGAGGTTTCCGTGACCAGCAGCCAGACCGCGTCTTCCGGTTCCAGTTCCGTGCGCGTGCGGAGGGTCGTGATGGCGTCTTCCCCCGTTCCTTTCTTCATGTTCCACGCCAGGCCGCTGTTCCACCAGGTGACGGCGTAGGGCTGCCTGGCCGGCGCCTGTTCCGTGATGGTGAAGCGGCCGTCCGCGGACAGGGAGAGGGCAAATGTTTTGAAGGGTGTTCCGGCGACCGTATAAAATCCCTGTTCGTCCGTTCCGGTGATTTGCCCAGGGGTATAGAGCGCGATGGCGTAGCCCGCGGCCGTGACGTTTTCCACGTTGAGCAGGCCGTCCCACAGGTTCCATATCTGCCTCAGCGAGCCGTCTTCGGCATGCCTGACGTCCAGATAGGATGACGCGTTGGAGATGACCTGCCTGTCGGTGGTGGTGTAGGAGAGGAGCTCTCCCGTTTCCGCCGAGAAGAGGTATTGGCTGCCGTCTTCCACCACCCAGCGCAGGCAGGATTGGCCTTCCGCCGTGACCAGCGCCGCACGCCCTCCGCCGCCTGTGTCCACCCCGATGGGCAGTACCGCGCCGTTGGTGTAGCAGCGCATCGCAATTTCCCGGCCTCCCTGCGCCAGAGTGAACCGCGCTCCGGGGACAATGCCTCCTTCGGGCACGTCCAGACGGCTGTTCAGGGGATGGTTGTAGGCCAATGACGCCGGGTTTTCCAGGCCGGAGGTATTTTTCTCAGCCCTCAGTTCCACCCTTCCGGCCGGGATGCCTCCCAGCCCACGGAACGCTCCGAAGTTGCACGACCAGTACATCAGCGTGGCCGTGCTTTCCGCCGTCACGCTGCACCCCGCCGAGCTGTAGTTTCCCAGGACGCCGCTTTCCATTCCCGCCCCGCCAGGACCCGACCGGGAAGGGGAGGGCGGCGTTCCGCCGCTTTCGTCGCACGTGTTTCCTTCGCAGGGACACGGTTCGGGCTCTTTCCTGCCCCCCGGCTCCGTCGGAATCACGTCGATGCTGTAGTTGCAGATGGAGGTGTTGCCGCTGGCCGGCTGGTAGTCGATGTTGGTCTGGCTGACTTCCCAGGTGTAGGCGCCGGAGGGGAGCTGCGCCCCGCCGACTCCCGTGTGGTAGCTGTGCCCCCCCTGCGCTCCCGCCGTCTGCGGGTTTTCCTTCAGGTCCACCTGCGCCACCACCTTGCCGCCGGAGTCTTTTACCTCCAGGCTCCCCCAGTCGTCCACCCCCAGGAAGAGCGAGCAGGTGCCGTAAAGTTTTTTGCCGTCCGCTCCTTCCGGGATGGTGAACGTGCCTTGCGCGCTGTAGCCGTCCGCCGACGTGCTCGGCGGCCCCACGTTCCTTTCCTCATGAATCCGGATTGCTTCAAACGGCAGCGGCGCGGATTCCGAAACTGCCCTCATGCCCTGCGCGCCAACGCTGCCTCCCGCTCCAAAGTACCATTTGCGATAAGTAGGAATGGAAGAATGATGAGGGGGATTCATAAGGCATTAAAGAGTTGGGATTAATGAATAAAACAAGATGAGCGCAATCCTCCCATGACCATTTTCTTAATAGGGTTATCCAGAGCCTGTGTCGATAGAATTTTGTTTGAATATTTTTGATTTTTTATAAAAGGTGACAGATGTTTCCTGCCAAAGGATGATGGCATTGTCTTACTATCAGTACTTTCTATCTATAGACGCAATTATTTTTCTATTTGTTAGAAAGTCTCCCTGATAGATGCCCTACCTTCCTGGCTGCCGGCAAATCCCCAGGAAAGCGGCTATCTGGTATTTTATTCCTCGCTCAAGGAAACCCGGTAATGAAAAAAACTCCCGGCAGCCGAGGCCGCCGGGAGTTTTTGTAGAGCGTCTTGAGAAGGAATCCTACTTTAGAAGCAGAGGCCTTCCTTGGCGTTGGCCCGCATGAAGTCGCGGTTGAGGCGGGCGATGTTGTCCACGCTGATGCCTTTCGGGCAGGCGGCTTCACATTCGTACTGGTTCGTGCAGTTGCCGAAGCCTTCCGCTTCCATCTGCTTCATCATGGCCAGGACGCGCTTGGAGCGTTCCGGCTGGCCCTGCGGCAGCAGATTGAGATGAGCGATCTTGGCGGACGTGAACAGCATGGCGGAGGCGTTTTTGCAGGAGGCCACGCAGGCGCCGCAGCCGATGCAGGCGGCGGCGTCAAAGGCGGCGTCCGCCTTCACTTTTTCCACGGCGATGTTGTTGGCGTTCGGCGCGGAGCCGGTGCGCACGTCAATGTAGCCGCCGGCGGCGATGATGCGGTCCAGGGCGGAACGGTCCACCATCAGGTCCCGCAGGATGGGGAAAGCCTTCGCGCGGAAGGGTTCGATCCAGACGGTGTCGCCGTCCTTGAATTTGCGCATGTGAAGCTGGCAGGTGGTTACCTGGCGTTCCGGCCCGTGGGGAATGCCGTTGATGGTCAGGGAGCACATGCCACAGATGCCTTCCCGGCAGTCGTGGTCAAAATGGATGGGTTCCTTGCCTTCCTTGACCAGACCTTCATTGACGATGTCCAGCATTTCCAGGAAGGAGGCGTCCACCGGAATGTCCTTGGCGGCATAGGTCTCAATGCGGCCCTTGGCGTCACGGTTTTCCTGGCGCCAGACCTTGAGAGTGAGATTGAGTGTTTTAGCCATGTTATAATCTTTCTTTTGAGTGTTAATGTATTGGCTATCTTTACTTGTAGCTGCGGATGGCAAGGTGCACGTTCTCGAAGGTCAGCGGTTCCTTGTGGAGAACAGGCAGGCTGTCCACGCCAGTGTATTCCCAGGCGGCTACGTAGGCGTATTCATCGTCGTTGCGCTTGGCTTCGCCGTCCGGCAGCTGGTATTCCACGCGGAAGTGCGCGCCGCAGGATTCCTGACGGTTCAGGGCGTCATAGCAGAGCAGCTGGGCGAATTCCAGGAAGTCGGCCACGCGGCAGGCTTTTTCCAGTTCCGCGTTGATGCCGTCCGCCGTGCCGGTTACGCGCACGTTTTCCCAGAATTCCTTGCGGAGCTGGGGAATGCGTTCAATGGCGTGGGTCAGGCTTTCTTCCGTACGGGCCATGCCGCAGTCTTCCCACATGATGAGGCCCAGTTCCCGGTGGAAGGAGTCCACCGTCTTGGTGCCCTTTACGCTCAGGAGTTTGTTGATGCGTTCCTTCACCTCGTCTTCCGCAGCCTTGAATTCCGGGGAGGCGGTGGTGACGGCGCCCGGCTTGGTAGTCGTCAGGTAGGCGGGCAGCGTGGCGGGGATGACGAAGTAGCCGTCAGACAGGCCCTGCATCAGGGCGGAGGCTCCCAGGCGGTTGGCGCCGTGGTCGGAGAAGTTGGCTTCACCGAGGACGTGCAGCCCCTTTACGTTGGACATGAGGTTATAGTCCACCCACAGGCCGCCCATGGTGTAGTGGGAGGCGGGGTAAATCATCATGGGCGTTTCATGAGGGTCGTCGTCCGTGATTTCTTCGTACATGTCAAACAGGTTGCCGTACTGGCCGTCAATCCATTCGCGGCCCATGCGCTTGATTTCATCCGCAAAGTCCAGGAAGACGCCCTTGCCGGTGATGGCCACGCCGCGGCCGTCGTCGCAGGCTTCCTTGGCGGCGCGGGAGGAAATGTCGCGCGGAGCCAGGTTGCCGAAGGAGGGATACTTGCGTTCCAGGTAGTAGTCCCGTTCTTCTTCGGGAACATCGGAAGGCTTGATTTCCTTTTTGCGGATTTTTTCCGCGGTTTCACGGGACTTGGGCACCCAGATGCGGCCGCTGTTGCGGAGGGATTCCGACATCAGCGTCAGCTTGGACTGGTAGTCGCCCTTGACCGGAATGCAGGTGGGGTGGATTTGCGTGAAGCAGGGGTTGGCGAAGAAAGCGCCGCGCTTGTAGGCCTTGTAGGCGGCGGTGACGTTGCAGCCCATCGCGTTGGTGGACAGGAAGAACACGTTGCCGTAGCCGCCCGTGCAGAGCAGGACGGTATCCCCTGCGTAGGACTTGATTTCACCGGTGACCAGATTGCGGGT
NZ_CP114598.1_gap29	1189213	1190384	1171	TTTCCGGCGCTCCGGCGCAAGTGGCGTGCTCGCACGCCGACCCGTCAAAGTTGAACGTCATCGCGTCAACTCCGAGTTTCTGCGGGATGAGAGCCTGCTCCCCGTCGCAGATAAGCTTCGGGCCGACCGCCTTGTTCAGTGGTATATAATTATTCATGTTCCTGAATTGTTTCTTGTTCACAGAACTAACCATTTAGTTCTGTGAACACCTTGTAGGAATTCCAAAAAACAACAACACGCTCTGGACGTGATGGGGAAAAATCCCCGATTATCTCCAATAAAAATGGCGGATGCCATCCAACGCCCGCCATATATATGTTGTTTGGAACGTATCGCTACGCTTGTGTATGAATTAAGCTAGACCCTACAGGGGCTGGTAGCCCCGTTCCTCCTGCCGGATGAGTTGCCCCTCCGGGATACAGACTCTTTACATTTCCGTTTTCGGAAAAAGCGGGGTTTCTGAAATACGGATTCAAGGCAGTAGGGAAAAATAATACGGAAACGCCCGGCATGGAGGCTTGCGCCGCCGGCCGGGCATTGAATGGTATTTCCGTTTCCGGAGTTACAGAAGAAGATCCTGAATATTGTCTGAGGAAATGACTCCCGTTTCCGTGGAGGACAGCACGCAGAGGGCGTCTACCAGGTTTTCCTGTCCCAGAGCCAGCCCGGCTTCCTCTACCAGTACATCGTCAATATTCAGGGTAGCGATGGAAAGGGGGGCTGTTTCCGGGGCAGAGGGTTCCATCAGGGCGGCAATGCCGATGACGGCCGCCACCAGGGCTGCCGCCGCAGCTCCCCAAATGCGGAAGGAATGCCGCTTGAAGTGATGAATGGATTCCACCGGAACGGCAGGAGCGCATTCTTCCCTTTCAATGCGCATCATGACCTTGCGGGCAAAATCGTCTCCCGGCGCAGGTTGGGAAGCATGGCCCAGAATCTGCCAGAGTGTTGTATCGTCCTGTTCGTTCATGGTGGCGGTTCCGCTGAGGGTTCTATGAGGAAAAACACCGGAAGATGGGTCCGGTTTCTTGCCGGCGTCATTTTTTCCGTTCAGCCGCCCGTCTGATGACGGGAGCCAGTACGGCGGCGATGCGTGCGTAACCGGCCGCAGAAGGGTGCAGTCCGTCGCTGGAAAGCTCTTCCGGGACGTGTCCGTCGCTATTAGCCATGA
NZ_CP114598.1_gap30	1200376	1204015	3639	ATAGGATGCGGCCAGGGCCATGTTATGGCCCGGCATTTCCACTTCCGGGAGCACCTGGATACCGCGCGCTTTACAGTAGGCTACCAGGTCCTGGAGTTCCTTTTTGGTATACATGCCTTCATTGGCCAGCAGGGAGTTGTTCTGGCTTGCCGGGGCGGAGGGACGGACGGCGCCGATAGTGCGGAGCTTATCGTAGCCCGGCACCGGGAGCCGCCAGCCCTGGTCTTCCGTCAGATGGAGATGCAGGACGTTGTATTTGTAGTAATGCATGGCGTCCACAAAGTTATAGATCTCCTTCATGGGGTAGTGGTAGCGGCCCACGTCAACCATCATGCCGCGCCAGCCGAAGTCGGGGGAATCCTGGATGTTGCCGCAGGGAAGGCCTTCAGGAGTATCTGAAAGCTGGTCCTGAAGCTGGAGCAGGGTCGCCATCGCCATGGCCTTCCCGTTGGGCGTGGTATAACGGAGTTCCACGCCGCCGGGAGTCAGTTTCATGGTATACCCTTCATTACCCAGTCCGGCGACTTTTTGCTCGTGGACGATCTTGAGGTTTTTGGTAGTTCCGGAAGCCGTCGTCACGTTGACGGGCTCCGGAATAATGTTGTAGGGATTGGTTCCGGCCCAGCAGAGGGAGCCCAGGAACGCAACGGCTAGCAAAATTGATTTCATGCGGCGCGTGTGGTAATGGTTGTTGTTTGTGTGAGGAGTTAAACCTTGTCTTTCCGCCGTCAATGGCGTGTTCCGGATAACCCGTGTTTCGGGAGGAGCGGTGAATGGCGGCGTTAATCTCTGGAAGGAGCGCAGTCCCATTGCGGCTTGACGGCCAGTTTGCCGGTGGCCCCGGGGAAGCCTTTCGGCACCTGGTAGTCTTTGCGGAGCTTGCCGTAAAGGGCTTTAAGCTCTTTCACGGTTTCCGCATATTCCGGTTTGTTGATGACGTTGTGCATTTGGGCCGGATCCTTCTGGTTGTCAAAGAGCATCCATTCGTCGCTGGTCCAGATATAGGAGAGCGTATAACGGTCCGTGCGCAGGCCGTCATGACGCGGAGCGTTGTGTTCGCCCGGATTTTCGTAAAAGGCGTAATAGATAGGACGATTCTTGAAATTCTGATGTTCCCCGGTTTGGAACAGGGGAGTAAGGCTGCGGCCCTGGAAGGTGTTCATATTTTCCTTGGTATTTACCCCGGCTACCTCGCAGAAAGTGGGGGCATAATCCAGTTCCTGCACTATGGCGGAGGAGCGCACGCCTGGCTTGATGTGGCCCGGCCATCTCATGATGAGGGGCATGCGGAAGGATTCTTCAAAAATCCAGCGCTTGTCGTACAGGCCGTGTTCCCCCATGTAGAATCCCTGGTCTCCGCAGTAGAGAACCAGCGTATTCCTGTCCAGGCCGTTCCGTTTCAGATAATCCATGATCTGGCCGATGCTTTCATCCACGGAAAGAACGGTGCCCAGATAGTCTTCCATATAATGGCGCCAGCGGCGCAGCAAAATGTCACGCTGCGTTTTGATTTTTCCGTTTTTAATATCTTTGACAAGCTGTACGGTGCGGGCCTTGTGATAGTTGTACCAGGCTTCCTTCTGCTGCGGGTCCATGCGCACCCATTCCGGCATTTCCCAGTCATACTGGGTATGCAGGGTCTTGGATTCCGGGCAGGAAAGCATTTTCTGGATGTCTTCCGGGACCACCTCCTTGATCAGGTGTTCGTCAGACCATACGTTGAAATGGTTGAGCAGGGTCTGTTCCGTCATTTTCAGGAATTCCGGACGGTCTGCAAAATCGTCTTCCAGATTGGCGGGCGGGTCAATCGCGTCCGCATACTGTTTGGCGCGGCCCAGATTCTGAATGGAGGGGCACCAGCAGCGGTGGGGAGCCTTGTGGCCCACGACGAGCATGAAAGGCTTGTCCTTGTCCCTCTGGTCCAGCCATTTGAGGCTTTTTTGCGTGACCAGTTCCGTGGCATAGCCGGGTTCCGTTTTCACCACGCGCTTGCCGTCTTTGCCGGGAGTGATAAAATCCGGATTGAAATAGTTGCCCTGGCCGGGGAAAATTTCCCAGTAATCGAATCCGGTGGGGTTGGATTCATATTTGGACGTGTCTCCCTTGGCGTCCGGCGGAATGGCTTCCAGATGCCACTTGCCGACGATGGCGGTCTGGTAACCGGCCTTTTGGAGCATTTTCGGGAAAGTGGGCTGGGAACCGTCAAAAGGAGCCGCATGTTCGTTGAAGAGGTACCCGTTCATATGGGAATGGCGGCCCGTGTAAATACAGGCCCGCGAAGGACCGCACAGGGAGTTGGCGCAGTAGCTCCGGTCAAAGACCATGCCTTCGTCCGCCAGTTTGAGGAAGTTCGGATAAGGCATGGGAGAGTCCTTTTCACAGGTGCCCAGGGTCTGGTAGGAATGGTCATCAGTGACAATGACTACGATGTTGGGGCGCTGATCCGGCGTTTGCTTCTGCGGCTGGTCTGCGGAAGCGGACAGGGAACAGGCCGCAAGCATCAGGGCGGTGGCGGCATGACGGTTCATTGTTGAAATCATGAATTAAACAGGCGAATGGTTGGAAGGGAAAGCGGCGGGATTTGTCCGTAAGGGCATTTCCTCCGGAGCGGAAAAGACCACATTCCCGAAAGAAAAAACGCTGGAAGAGAGTTTTAGGAAAAATAGAATATCAGTTTTATATTTCAATACAAAAATGGGGCTGGAGCGGAAGCTCATGAATAAACCGTTCCGCAGCCGGACGGCCGGGGAAAAGCCGTTCAGGCGTCACGTGGGCCGGATCGCTTGTTCCGGCTGTTGTTTTCATGGGCTTCTTTCTGTTCCAGAAGCCATGTTCTGTCTTCAAGGCTGAGCCTCTTCAGGGAGGTTTTGCTCTGGTGCCCGTCCAGCTCCTGGAGCCAGAGGGTCCGGGTCTTTTCCGAATAGCGGGAAAGCTTGGCGAAGACGGTATTGCCATTGACTCCTGTCCAGACCCGGTAGCCTTTGGGAATCAGCGTTTTTTTAAACTCTTCATATTGTTGCTTCGCCAGCTTGACGCTGTTCTTGATCTGGTCAAAATAAAGGGCGTTTTGGCCGGTGTAGTAACCGCGCAGCGTATCCACTTTGGAGCCGTCCGGAGACATGACCAGAAGCACGGGCGTTCCTCTCACGCCAAACAGGGAGGGAGCCTTTTTCACATATTCCAGCATCTTCTGGCGCTTCCTGTAAACAGGTTCGCTTTCAAATTTTTCCGCCTGGTCGTAACAGACGCGGACGACATTCCTTTTTGCCCAGTCTTCAAATTCCTTCGTATGGAGGAGTTCGGTTCCAAGTTTTTTGCTGGGAGGGCTGCCCACGGAATGGTGGAACCAGATGAGAATGGGTTTTCCGGTACTCTGGGCTTCCCGGAGGGCGGTGGGATAGCTTTGAATCCAGCGTTCGTTTTCCTTACGCTGGGCGAAAGCCTCTTCCAGTCCGGGGATGGGGGCGTCCGGGTCATGAGCGTCCGTGTAATAGACGGCCCCACTGTCTGCCCTGGTCATTTCCTCCTGTGTGGTGGCGGTAAGATGGGTGGCCTGTTGCTGATTCGGAGTAGTGCTTAACAGCCCCGTCGGAACATTGGCGATGGAATTGGCCTTATTGTCCTGCATGTATTCCGAAA
NZ_CP114598.1_gap31	1258311	1260685	2374	TTCCGGCAAGAGCCTTTGCTATCAGATTCCGGCGGTGCTTGGAAACGGGCTGACGGTTGTGGTTTCTCCGCTGATTGCCCTGATGCGCGACCAGGTGGCGGGGCTGGAAAGACTGGGGGTGGCCGCCGCCAGGTATGATTCGACCCTAGCGGAGGAAGATAAGGCCGCCCTGATGGACAGATTGACGTCCGGAAGCGTCCGCCTTCTGTTTGCCGCGCCGGAATCTCTGGAATCCCCGTGGATTCGGCAGGCCATGGAGCTTGTCCCTCCCGGCTTGTTCGTGGTGGATGAGGCTCATTGCCTTTCGGAATGGGGGCACAGTTTCCGTCCGGATTATCTGGGGCTGCCCGGTTTTTTCAAAAAGCACGGATTCCGCTGCGTTATGGCGTTGACGGCCACGGCTACGGAGCGGGTGTGCCGCGATCTGGCCGGCCTGTTTGGCGTGCGCGATGAATGTATTTTCCGGGCTGCTCCGTACCGTGCGAATATTTTCCGCCAGGTGGAAACGTTGAGGGAGCAGGATAAGACCGCGCGGCTGGTTGAATTGTTGAAAGAGGAAGGCCGCCGTCCCGCCGTGGTGTACACGCGGACCCGCAAAGATGCGGAAAACCTTTCCTACGAATTGGGGAAAGCCGGTTTTTCCGTCAAGTCCTACCATGCGGGCATGCCTCCGGAAACGCGGGGGCTGGTTCAGGACGAGTTTCTGGCAGGCGCGGCGGACGTGCTGGTGGCGACGATTGCTTTCGGCATGGGGATTGACAAGCCGGACGTGCGTTCCGTAGTGCATTACCATCCCCCCGCCAGTCTGGAGGCGTATGTTCAGGAATCCGGCCGTGCGGGCCGCGACGGTCTTCCTTCCTTCACCCTGGTGATGTTGTCCGCCCGCGACAGCGTGGCCGCAGTCAACCGGCTGCATGCGGCGGAGCCGGACCGGTACGGCATGAAAGGGCTGGTATCCCTGTTGTCCCGCAGGGGGGAGCACATTATTTCCCTGTATGAGGCTTCCTCCGTTTATGATTTGCCGGATGTGGCGGTGGACCGGATGCTGTTTGACCTGAAGCGTTCCGGTTCCGTACGGGAGCAGGGGACGGGGCACAAGTACTACAAGGTGCGCCCTCTGTTCCGGATGGAAGAAATCCTGTGCGGCCGCAGCAGGGAGGAATGCGCCCGGCTGCAATGGATGGATATGCGCCGGCAGGGGGAGGTGGAAGATCTGGCCGTGGAATGGGGAATTTCATGGGAAGAAGCCGCCGCCTGGCTTGGAGACCTGGCTCTTTCCGGAGAATGGAAAGTGGAGATGCGCCAGGCAGCCCTTCATCTGTATTCGGAAGGGTTTGACGCGGAAGAGGCTACGGAGGAATTTGCGCAGTATTTTTCCAGATCCCGGCTAAACGGGCTGGAACGCTGGAAAACCTGCGTTTCCACGCTGACGTCTTCCGCCTGCCTGAATAGAAGCCTGGATGCCTATTTCGGTTTCCGGGACGCATCCGGACCTTGCGGGCATTGCCCTGCGTGCTGCGGGATGGAGCCCGCGGCCATGGAAGAAGAGGAACCCTCCCCGTTACCGGAAGAGCTGCGTTCCGCCGTCATGGAGCTGGCGGGGCAGAGAAAGCCCGCGCTGGCCCGTCCTTCCCAGTTGGCGCGCTTTTTGCTGGGGCTGGCTTCCCCCGCGGCCATGCGCGCCCGGTTGTGGAGCCATCCGCTTTACGGGGCGTTGGCGGACAGGAAATGGGAAGACGTGTGGATTGAGGCGCATGCCTTGTTGGGGAGTTAGAGGCCGGCTTTTCCGCCTTGGGCGGCTTCACAGGCGGCAATAATGCGTTTGCAGGAATTTTCCGCATGCAGCAGGGAACCCCAGTAGCGGGATATTTCCTCAGGGTTGCGTTTTCCTGAGTCCCAGGCGCGTATTTCTTCCAGCAGCGCTTGGGAGAGGCTTTCCGGAGAATCCTGCGGGCTGAGCGTGCCTGAATCATGGGAAACGTACCATTGCAGGCAGTTCAGCTGGGGGGTGAGGCAGGGCCCTACGACAGAGGCTCCGGCGCACAACGCTTCTGCGGAGGCAAGGTGCGTTCCCTCGGACAGGGAGGTGCAAAGACTGATTTTGGCCAGGGATTGTTTCTTTTGCAGCTCAATGTTTGGGATATAGCCGGCCAGATGAATGCGGGAGCGAAGGCCTTGCGGAAGGTTGCCGTGCCATTCCCGGAGAAAAGGAGGGAGATTGCCGTAAATTTCCGCTTCCCATTCCGGGGCGTGGACAAGAGCCTGTTCCAGCGTGGACATCAGCAGTCCGGGGCGTTTATAGAGAAGATCGTCCCAGCGGCCTACGGCCATGATGATGTTGCGCTTCTCTCCGGCAAAGCGGCAGGTGGAAGAA
NZ_CP114598.1_gap32	1302423	1305558	3135	TCCATACTGGACTGAAAACCAATATATAAATGAGAATAGTGCTCATGCGAAGGAACACAGTTATTATCTTCACAGGAAAAACCCCGCCATAGAAAAGAAATCCATTTTTTACCACATTTATTCCATTTCTGCGAATTCCACTTGTTTGGATATTCACGGGCATTCGGCGGCAACTCCGGAATATATGAACATATTGAATTGGAAAGCATATAATGCAAACCATTTTTGCATTCAAAAAAAAATATAATTCGCTTTATTATCAATATCAAAATAGTATTTATTTATTTCTTGATTCATTTTTTAATAATATACATTTTATCGCAAATAATATAAACTATTTTCTATATAGAATTTTATATTTTTCATCCAATTCTGTAAATATCAAAAATAATACGCCTTCAAGTAAACTTGCAGGCGTATTATTAAATATTAGACATATATTATTCCACTTTAATATCAGATATATTCAGCTTTTTATCCCTACTTATCTTAACTGATTTTTCCCGTATGTCATCGTTTTTGTTAGGTGTTCCCAAAAAAGTATCAATAAAGTAATAATACTGTTGGTCGGCATAGACCCTATAAGTATGCTTTAGACTCATCTTTCCTAATTTACATAGTATAAAAAAAGCGGTTTTCACAGAAACACCTACATCAGGAAGTATAAAATCTTTATCGGTAGAATTTTTACTATCGTATAAAAGATTTATTATTTTATTTTGATCCACATTAGCTGCTTCTATTGGAGAAAAAATACACATACCTCCTAAGATAATTATATAAAAATATAAAATTTTATTCTTTAACATACATTTATGATTCTTTAATGCAACACATATCCATCATCTCTTCTTGAGAACTATGGCAGTGATAGGACCAAGACCCGGAATATGAAGATGCAAATTTACGTATACAACTCTCTATACCCTCTTCTGTCACATTACAACATTTTTTTCTTTTTCTTTACCATATCTCATGAAGGTTGAAAAAAATATACCATTTAAATAACCAGGTACTCCTGTAAGAGTGGAAAGTAAATCCACCCCTTTGGCTGGCCACCATCCATAGCTCTCATTACCCAATTCAACCCACCAGTGCCCATATGCATCCTCTTCTTCTCCTTCCAGTTTTTTAAATACATTCTCTCTAACAAGCTGTTTCCATTTTATTGTTTTTCGTTTTACAGTGATGGTAATAATAGGAGTATCTTTCGGTATTGTTTTTTCCCCTAAATAATCAAAATTGATCATTCCATTATTATTAACGAACGCGAACAAATTCCAGCCGCCCTGTTCCATGATGGGATCTCGGCTGACCCACCTGCCGTCGTGCGGATTGAGATGACGGTAGTTGTAGTAGACAAGCCCCAGTTCTTCCTCGCTGTATTCGCTGCTCCACTGGATGGGCTGGGCGCCGTCTTTGCGGATAGGCAGCGGGCGCGTAGTGCTGCGTCGGATCCCGGAACAGGAACCATCGGAAGGCTCCGCTGACGGCATCTATGACGGCTATTTGCAGGTAGCCACGGTACATGTAGCGCAGGTAGCTGCTCACCGTCCCGTTGACGCTCACTTTGCGGGTGTGCCGCCTACCCATGGAGTCGCAGGCGCATTCCACCACGGTATTGGCGCTTTCATTAACGAAGCGCACCGGGCGGTTTTCCGCGTTGTAGGCGACCTGCCAGATTCCGGTGGATGTCCTGATCAATGTCTGATTTCCGTCCGCGTCGTAAACCAGCTCAAAAGCGGCTTCTTCTCCGCGCTCGATGGCGGTGTATTGGTTGAGCAGGTCGGTTGTGTAGGCGGTCGCTTCTTCCGCGTCTTCCCGCGCGGTTTTCCGGTTGCCGATGTTGTCATAACTGTAGCCGTATGTCTTGCCGCTGACGGTGGCGGTGGTCAGTTCGCTCCGGCTGTTGCAGACAAAGCTGTCGTTGACTGTATTCCCCTGGCGGGGCGTGCGCCGCGTGACGGGCCTTCCCAGGCTGTCGTAAGCGTATTCCCTCGTTACGGCTGCATTTCCGGCGGTGTCCGTCATGCTGACAACTCGACCGACTAGGTCGGTTCGAGTCATGATAGTGTTGTCGTGGCCTATTCTAAATAATTTCAAAAAAACTCCTTCCAATATCATATTGGAAGGAGTTTTTAATAAAAATAAGTGAATTATATTTAAAATTTATTATAATGAAAATCATCAAACAAAAAAGAATTAAACATTATTCATATTCGTTTAGCTTCTACTGATCTCGAATAAATTAATCTCACTTCTTTCGCATGAGAATCGAATAATATTACTATTTCTCTAATCTTATTACTGTAATCATATCCTTTCACAATCATCTTGATATTAAAACTATCTATATCATAGACTGAAATAATCTTACGAAAACTGCGATTTTGAGTTGGTGGAATATCCCCAAAATCAGACCAAAGGGCTATTGATAAATTAGTATTGTCACGGCTTATATTCATATACTCTAAACCATCTGTTGTCTGCCATGTCCCGTAAATCCATTTCGGAATTTTGGAAGCGTTAAAATCAACGATATACTTATGAGATTGGTTAATTTTTACTGGAAATGTCTTTTTATAAATGTCACAATCCGAAAAATCTATTATAAGAGTTTCATTTTTTAAATGTTGAAAAATTGAGAATTTAATATTTGTCCAACTGCTACGCATCCAAAATGACAAGTATTCATCACTTAATTTAATTGGAATTAACACACATTTTTCATTTCTTAATATATCAAATATATCAATACTAATTGATTTTCTGTTTCTTTTTATTTCAAGACGATAATCTAGAAAAATAGAAAAATTCCACTTGCCAAGATACTTTTTCCACAATTCAGGACGAATATTAATCTTCATATTAACTAATTATGTTTATTTTTTTCAAAATTTATGAAATCATTTGTTTTTTGACAGGTAAGGCAGGATGGATGTTTGCTCATCTTCATATAGCAAATGCTCCTTCCTGCATAAGCCGGAAGGAGCATTGTGTAAATAACAAGAATATTAATGAGGAACAGGATAGGGAACTTTTAGTTCATAATAATTAACAAGTTTCCCTTCTTCATTAAAGTTAAATTCAAGAAATTTTAGCCATTCGTCACCAGGATACTCCGGATCGCTCTTG
NZ_CP114598.1_gap33	1360945	1363457	2512	GAACAGGACGCTCCGGAGGCTGATTCCTTTCTGGCGGAATTGTGCGTAGCCTGGGAAAAGGAGGCCGGGCTGGTGAACGGTTCCGTACGGCTGGTTCTTACCCGCTTTGGCGTGGTTCTTTCTCCGGATGGCGGCGCGCTCCCCGAAATGATGCGTCCGGCCCGGTTCGGCGTTATGGCCGCCGCAGGAAATCCGGATCATCTTTTTTCCTGGGTGGCTCTGGAAGATTTGGTGGATGCCCTGGTTTTCATTATGGGCAGGGAGGGCATTTCCGGCCCGGTCAATATAACGGCCCCGGAGCGCACCTCCAACCGGGAATTCTACAGGGCCGCCGCAGAACACTTCCACACCCGTCTGTCCATCCATATTCCTGACGCCGTGCTGCGGCTGTTGATGGGAGAAGCTTCCCAGGTGATTACCGGCGGCCGGTGCGCCCTTCCGGAGACGCTGATGAGGGAAGGGTTTCAATTTCAATATCCGGATATCCTCACCTTTTTTAACAAAGCATTTTCCGTCAGCTCATGAGCATGATACAGACCATTGTCGCATCCCTGTTTCACGGCCATTCCGTCAAAACCGAACCCATGCCGGATTTCAATCTGGAACGTTATCTGGGGGAGTGGCACGAAATCGCCCGCCTGGAAAACTGGTTCGAGCGCGGCCTCAGCAAGGTTTCTGCCCGGTACGACCGCAGGGAGGACGGTTCCATTACCGTGATTAACAGCGGTTATGACGTTCGAACCGGGGAGCGGAAGGAGGCCCGTGCGCGGGCGGTGGAGGGGGATGCCCCCAATCATTTGAAAGTGTACTTTGTGCCGTTGGTGTACGGCCGGTATGAAGTGGCTTTTCTGGATGGAGATTACACCCGCGCCGTGGTTTCCGGCGGTTCCCTGAATTATCTGTGGCTACTTGCCCGCAAGCCGCAGTTGAAGGAGGATGAGCTTCAACCGATGCTCCATTGCGCGGAGGAACTGGGATATGACACTTCCCGGTTGATTTATTCCGGTTCCCCTGCGTTCCCGGTGCGGTAACTGGGCGTAGAATTATCAGGTCTCTTCGCCTGGATGGCGGGTTAGCAGCGCCGCCGCCAGCAAAGCACCGTCATTCCTGCCATGAAGAGGAGGGAAGAAGCTGGTTCCGGGACATTGTCCTGCGTGTGGTAAAGAAATTCTACCCCAAAAATCCTCCACTCGCTTCCGTTCAACTTCATGTAATAATTGGTAGAGGAGCTTCCTCCTCCCTGTCCTTCCTCGTAGCGGGCTGTAACAGAACCATTGTTCAGTCCTCCCGGGCTGTCAGAGTCTGTAAAATAAAGGGAAGTCACGTTGAATTCCCCTCCATAGTTGGTGTAGTCCGCACCCCAAAGGGCGACGGAATGACCTCCTGTCTGATTATTGAGCATGAGAGACATGCCATAACCGTTCTTTATCCCGTACAGCAGAGCTTCCGAGATGGACATGTAGGCTCCCAGCCCCGGAGCCACCCATGGACAGGTGTTGACTGGTATGAAATCCGTGGAATAGGAAAATTTGTTGCAGGCTGTATAATCAGCGATTAATTTGCATTCCGTTTTATAAACGTCCCGGCAGTAGGAAGTCCATGTGCTCCGAGCTGTCGTCGTTGTCCAGTTGGTGTAGGAACACATTTTGTCGTACATTTCGTACATTTCATCCCCGGTCATTGCGGCTCCCTCTTTGGTATTGCGCCACCATGCCATGACGCTGGCCGCGCTGGCGGCGCTGCACATGGCGGAGTCGTCGTATTTATAATCCGTAATGTTGTGTTTTTTTACGCTGACCCATCCGGAGTCAGCGGAAACGCCGGGCAGAAAGATTGTTCCGGATGTCTGGAGGGTAAAATCTTCTCCCAGAGATATCAGGGCCGACCCTGCAAGGAAGAGCAGGCTTTTTGCGAAAAGAGAGCAGAGATTCATAGATTCAAAAGGAAATATATTCATTTATTTTTTTAATCAAACAGTTTTTGCCGTTGATCGCCCGGAGGGCCGGATGCGAACCATGCGCCGGATATTTTCCGGATCAGGGCAGGACTTTTTTTTGATTCATGGCGGCCAGAGAATGCGGAAAGAAAATTTATTTTGCGTGGATTGAGCGTTCATCCCGGAATGAATAGAAAGGGTTTGCGGGTACGATGTTTTTCCCCGGAGAGGGGATTGGTGCGGGACGGTTTTCTTTTATGGAGCGCCGGGCAAGGAGCGCTGGATTCCGGTTTCTGCCGTTTCGGGGAAGGGGGGCTGCGTGCGGGCGGACGCCCGCTGTTCCGTGGAAATATTCCGGCGTCCGCGGGAATGTGCTTGCAATCAGCATGAAGTGATGTATGTTGCATTCATCCAAACATTGGATGTTTGGATGAATTACTTAAAGAAGGAGTAACAATGGATATTATTCATGACAACGCCGCTGATCTCAGCGCATTGAACGGCAAGACCGTTGCCGTGATCGGGTATGGCGCCCAGGGCCGCGCCCAGGCACTTTGCATGCGTGATTCCGGTGTG
NZ_CP114598.1_gap34	1487616	1491308	3692	TCCGGCCCCATCACGCCGTCCGGAAAGCCGGGGAAGTTTTCCACTTCCGTCGTGGTGGTCAGCTGGCCGCCGATTTGAGAACCCGTGATCAGAAGCGGAGAGAGGTTGGCGCGGGCGGTGTAAATGGCCGCCGTGTAGCCGGCGCAACCGGCGCCGATGATAATGACTTGTTCGCTCATAATAGTATGTATGTCCGTTGCCATGGTAAAGGGGGCGTGCCTGTTTTGCGAGTAGATTTTGCGCTATGCGGCGACAGTGCGGCGACCTGTAATCCGGCGGTTGCGGAAAAGAACCGTCTGCATGTATTCCGGGCGACGAATGCAATATTCTGGCCCTGTCTGCGGGAAGATTGCCCGGCCGCGTGCCTTTCAAGAACAATCCGTCAAGAAGGACAGGGATTTCCTTGTCGCCGTATCCGGCGTGCGGGGATATTTTTCTTCCTTCTCCTGGGCTGGGAAACGCTGCATCAATTTGAGCCGGAACAGCTGGTTGTATGACTGGGGAAGGCTTTCCGGGGGGCTTGCCGAACGGAGACGGGTGTGGTTGGATATGGTTCATGACGTCGGAATTGCTGACCAAGCGCCGTGTGACGGGTGTGGATGATCCGTTATTCCTGGATTCTCTGGATATTTACCGGACAAGTTTTCCTGTGCATGAACAGCGAAGGGTGCAGGATTTTCCGCTGGCGTTTCAAGATCCCGGTTTTTGTTATGAAGTATTTTTAAATGGGGAAGGCCGGGTGGTTGCGATGCTGGTGACGTGGCGTCGGGAACAATTCGTGTATCTGGAGTATTTTGCCGTGGCTGCCACCCTGCGCGGCCGGGGCGCTGGGCAAAGGATTCTGGAAGAATTGAGGGATGCGTTTCCGCGCAAAGTTATTCTGGAAATTGATCCTCCGGAGGACGGGATTTCACGCCGGAGGCTGGGGTTTTATCAGAGGCACGGCTTTGTTCCCAATCCGCAGTTTGATTATGTCCATCCTCCTTATACGGATGAGGGCGAATCTTTTCCGCTTCTGTTGATGACGCATGGAGATCTGCTGGATGAGGAGACATACCGGAGCTTTGTGGATTTCCACCATCGTCACGTAGTGGCAAGGTGAATGAATGACCGGGAAAAATCCGCGCCATGAGGGATTTTTCCTCCCCCTTGAGGCGAATTATTCTAGGGGGGCTTGCTGATATGAGCCGGTAGGGCATCAGGCGCATGCTGCGGTTTTGCCTGTTTAAGGAATGCCCCTGTTCCTTTCCGGAGTACGATGCGTGGCGGCGTTCCTTATGCCCGGTAAACGCCCCTGGGCCCGTGTTTTCTGAAAACATGCGGCGGGTTGGGATACGCCGGAAGAATCAGCTCCATGCCCGGTCCACGGTCTCCTGTTCTTCCGGGGCAAGGTATCTGGAGAGCCGTTCTTTCATGCGCTGCCGGTATTCGGGAATACTCCAGGAATGAAGCGGCTGAACGGCGGAGTTGGTGAATTGCCAGGAGGGGACGGGCACGACCACGTCCAGGACTTCTCCGGCTCTGGAGGGCATCCCGGCCAGTACCGCCGCGATGGTGGGGGAAAGCTCCGGATGTTCATCCAGAAGATCCAGCAGCCAGCCGCAGCCCAGGTCCGTGGGAATGGCTTCCGTTCCGGCCAGCAGGTCCGTGAGGCGTTCGGGAGGAAGATTTTTGGAAATGAAAGACAGATAAGGGGCAAACCGCATGTCACCCAGGCTCATCAGGGCGTCCAGCGCCGGAGCCATGGACGCCTGTCCGGGGCAGGGAGAAGCGCAGATGACCTTCGCCAGTCCGGCAATTCCGGGAAACCGCTCCTCCGGCTGGGGCGCGGCCAGCGTATAAATAAGGAAAGCGGATTGCCTGCGGATATCCGGCGTCTCATCCGCCATGGCAAAAGGCAGCAGGGCCCTCCATCCGTCCCCTTTCCGCTGCCGGATAAAAGCTGCCAGTTGCAGAGCGCATTTGCGGCGGGCGTCCGGAGCGCAGCGGGATTGAAACATCTGGTAAATGGTGACGCCTTCTTCTTCTCTTCCCGTTTCATTGCAGGTGACCAGTCCATAGGCGATCATGGCCAGAGGCCATTGATCCGGACCGATTTCCCCCCTGCGGGAGGGATCCATGACAAGGGCGGCAAGCCGCTTGATTTCCGACAAAGAGCTGGTTTGATCCTGAAAAAGGCCCATGCCCGCATGATAGCCGGAGGCGGAAACCTGCCAAGGAAAAACCGTGGATTACTTACAGGCGCCCGGAGTTTTCCGGTACGGAGCCTTTTTCTTCTTCTGGAATATAAATTGGGCAGAGTACTCTGCTGCCTGCGATTCGATGCGCAATCGCCTCATTTTTATTTTCTGAAAAAATAATTGAATAAAAAATCAATGGAAATAGAAACCCAGCGCATGGAGGGGCGTCGCGAAGCCATGTCCGCCCGGTTGAATGGAGGCGTCAAGGGTGGATCAGGTTTTCCATATTGCTTTGAACCAGGTCAACCAGGTTGTTGACGGTCATGCCCAGTTCCCGCGCCGCGCGGCGGTAAAGTTCCGGCAGGGTTTCCGGATGCCCGTCCGATTCCAGCGCCAGCCGATGGAGCGGTATGGAGGCAAGCAGACCCGGACGTTCCATTTCCCGCAGGCCTATGGAGAGAAGCCAGTTTCCCGAAGGAAGTTCCGAGCTAAGATGCAATGCTCCCGTCCAGCCGTGCAGGATAATGTTCAAACGGGGATATTTTTTCAGCATTTCCGCCAGCGTGCCCCATGCGCGGCAGCAGTGCAGGGAAGCGGGCCGGTCCAGGAGCGCGGCCAGTTCCAGATGCCGTTCCAGCGCTTCCTTCTGGAGAGGCAGCCCCGGGATGCCGCGCCGGCATTTGTCCAGCCCCGTTTCCCCAACGCCCGCATGGGGGATTTTTTTCAGCAGGGATTCCAGTCCGGGCATTTCCTCCTTCCACTCATCCGGGTTCAGGAACCAGGGATGAATGCCGAAAAAGGGCGTAACATGTTCATCCCGTTCCGCCAGAAGGGCCACCTGTTTCCAGTCCTCCGGGGAGGTGCCGCAGATGAACCGAGGCGCCGTGCCGGAAGCGAGTGCGGAGGAATGAGTGTGGGCATCCGGCAGATTCATCATTGCTTAATGGGACAACGAAGGCGCGTCCGACGGTTCAATAATATCAAAACTCTGTTTCGCCAGGCGCACGGCGGCGGCGCCCGTTTCCATTTCATCATGGATGACGTTGACAATGCCCGCGTGATGCAGGGAAGCCACTTCCGAACGGAATTTGGCGCGGGCAATCACCGTGATGTCCCCATTGGCGCCTTTGATCTGCATGTAGGTGGACAGGGCCGGGGCAGGGTCCGGGAACGTGAAGGCGATCAGCCGCGCGGTACGGACGCCTGCCAGGTCCATGGTGATTTGGTGCTGAATGTCTCCCAGAAAGGCCAGATGGCCTTCATTAAGCAGGGATTTGACGGTGTCCGCATTCAGGTCGATAATAATGCAGGGAATGCCGTATTGGGACAGGCTTTCATGAAGCCTCCTGCCTACGGGGCCGTAGCCGCAAATGATGGCGTGCTCCCTGATGCCTTCCATGCGCGTGATCAGGGTTTCCACGTTGAGGCGTTCCCGTTTTGTTTTCAACCCGGGAATGCGCACCAGCAGCGGGGTGAGTTTCCGTGCCGCTTTCATCAGCAGCGGAGTCATGC
NZ_CP114598.1_gap35	1494685	1497921	3236	CCGGCGGAGGTGATCGATTGCGGAGGGTTTAAGACCAAATTCCCGGAGGAATCCCAGGCATCCGTTGCCGCGCGCCTGAAGGAATACGGCGTGGATTGCGTTTGCCTGGCCGGATTCATGCGCCTGGTGAAACATCCTCTGCTGAAGGAATTTCCTTCCCGTATCCTGAACATCCATCCTTCCCTTCTTCCTGCTTTTCCGGGGCTTCATGCCTGGGAGCAGGCCGTGAACGCCGGGGTGGCGGAGAGCGGCTGCACCGTCCATTATGTGGATGACGGAATGGATACCGGTCCCATCCTGGGCCAGGCCCGCGTGCCCGTGCTGCCGGGGGATACGCCGGAAAGCCTTCACGCCCGCATTCAGGAGCAGGAGCACACCCTTTATCCCGCCATGATCGCCCGCGTTTTGAAGACGCTGGCATGACCTGCCGCTCCTTTGATCCGGACAGCAATCCGGCTTTCTGCCGGGAGAGGATGACAGGATGACGGATTCTCTTGTCTTGTGCTGTGAACGGAATCCGTTAAAAAGGAGTCTTCTTTTTCAAAGAAAGGATAAAAATACCATGAAGATGAACCCTTCCATCGCCCTGTTTGCCGTTTCCGCCCTTTTGGCGGGTGCGGCGGGCGCGCAAGAAAAGGCTGCCGAAGTTCCGGCGGCCGACCAACCCAAACAAGAGAAAGAAATTACTGTGTCTCCCGAACAGATGAAAAAGGACCTGGGCTATTTTCTGGGTTTCCAGAGCGGTCAGCAGCTTGGTTCCATTCCTACCCTGACCTTTGACGACCTGGACCAGGAATCCTTCCTGCAGGGCATCAAGGACGGCATGGTCCGCAAGCCCGCCAAGGACCAGGAACAGCTGAAGCCCGCCCTGGATGCGTTCCAGAAGCAGATAGATGAACGCATTTCCGCCAAGGCCAAGGCCAATTTGGAGGCCAGCAAGAAGTTCATGGAGGAAAACGGCAAAAAGGAAGGCGTTACTACGACGAAGTCCGGCCTCCAGTACAAGATTGTGAACAAGGGCGGCGAAGAAAAATTTGATGAAAAGAAGTTCAAGAACCCCATGTTCAAGGTGAAGTACAAGGGCACGCTGCTGGACGGCACCGTGTTTGACGACACCAAAGGCAAATCCGTGGAACTTCCCCTCCAGGTCATCCCCGGCTTTGCCGAAGCGCTGACGACGATGCCCGTCGGCTCCAAATGGATTGTTTACATTCCTTCCGAGCTGGCTTACGGGGAAAACACTCCCGGCGCTCCGATTGAACCCAATTCACCGCTCATCTTTGATCTGGAACTGGACGGCATTTCGGAAGCTCCTGCCCCCCAGGGCGGCCCCATGAGCATTTCTCCGGAACAGCTTCAGGAGATGCTTAAGCAAAGCGGCGCCCAGCAGCAGTAAGGAAAAAATAGTTTAAGCCAGGGCCGTTCCCGGGAGGGAACGGCCTTTTTGTTTTTATCTGTACCTCTTTCATCAGGAACGCGAATGGGCAGACGGGGAATTTATAATCCTGCTTCTTTCCTTAATCCATGTATATTGCTTGTAATGAAAGAATGATGATTTTGTCCTTCTGGATATGGTGGTAGATATGTTGGACAGGCGGATGATATTTGTTTCCCATTATTTGTTTAATGTGAGCTTTTTTCGAAAATTGGCTTGCCAACGGATTATAAATCCGGGTATTACTGGCCACAATATCTTTGATCAGTATGAGACTTCATCTTCCTCCGTCTTTGCGTTCCGCCCTTCTCGCTTCCCTGGTTTCCTTCTCCGGCATTTACTCTTATTCCCATGCCGCAACCTCGGCGGATTTCTGGCAGATTCCCGATTTTGGCGGTCCTGATTTTACATGGACGGGGGATGGGGAAGGCGACGCCGTAGGAACGGCAGACAATTGGGAGGGAGATGCAGCTCCCTCCCGCGTGGACAATAAGGGGCCGCACTTGATTTTTAACGGCGTTGAGGTGACGGTGACGGGGAACCCTCCCAATACCTCGGACGGCGGCGGTATTTCCGTAACGGGGAACGGCAGTGTATCCGCGGGGCTGGGACAATGGGGCGGCAATGTTTACGTGGAGAAGGGCTCTACCCTTACCACCTCCTTCAGCAACCAGATCAAGAATACGGAAGCGGAAGGCCATGCCAATATTTATGTGGACGGCGCTCTGAACATGACGACTCCGGGGGGGAACCTCAATTTTGACCATGGCTCCGGTGCCGGCAATCATTACTGGCACATCGGGCTTGACGGAATGGTCAACCTGTCAAACACCACCACCATTACCAAGAACTCCAAAACCTGGAATGTGGAGGTAGTGGTTGCAAGCGCTATGGAAGAGCTTTCAGTCACCAATCGCGAGATGGTTGACGATGCCCTGATAACACGCTATTTCATGTCTACAGGGGCCGATTTAGGGGCATCCCTGGATTCCCTGCGTATTTGGAAGCAAACCGGGGACGACTCTTATGAGGCATTGACGAGAGCCGATTCCGCCGGTCAGCTGGGAGCGGACAATTTCCTGCTTGTTTCCAACGGTTCCGGCATGTCCGTGCAGTACAAGGGGGAAGGGTATAATGCAGAGACGCTGGTCTGGAATTCCAACGGCACATGGAGCAATACGGGAACGGGCTGGTACAAGCAGGGTGACGGAAACAAAACGGATACTTCCTTCCTGAATGGGGATGCCGTTATTTTCACGGCGGCGGAAGGTTCCAAAACAGTCAATTTTTCCGGAGGAATCAATGTTTCCTCCATGACGTTTGAGGCGGATTATACGCTCCTTCCCGGAGAAGGAGCCTCTCTTTCCGCCCGGGAAACGGTTTTAAGCAACGGCTCGTCCCTGACGTTGGGTGATGGGGATCACCGTTTTTCCGGATTTGAAAGTCTGGTGACGGGTGGGGAAAATTCTTCCCTCACGGTTTATATGAAAACGGATGCTTCTTCTGCGGGAAGCGTCAATTTGCTGGAGGGCTCGGCTCTTCAGAATCTTTACGTTGATGGTGCCTTGAGGCTGAGAGCTTCTGCCCAGTCAGGGACATGGATGCTTGGCGGAGCCAGCCTGCATATGATGGCGGGTTCTACCATGGTGTTCAATTCCGATGCGGGGACATCCATTGGAGCGGGGCAAACAGTAATCGCGGAGGGCAGTCTGAATGTTTATGCGCAGAATGTTTCCGACAGCAACACGTATCTTTGGAACCTGAAGGGCGGCGAGAGTGTCTCGAATGGAGATACGCTGAC
NZ_CP114598.1_gap36	1501908	1505489	3581	TTTTGAAATCGGCGCAACCCACGGCGCGATGCAGAACGGCTCTTCCGGCGCCACATATACTTTCTCCGGAAGCCTTTCCGGTTCGGGCACGTGGGCTATGGCTGCGAACGTGCGGATGAACAATGTCCTCACGGGATCCCTCAAGGACTTCTCGGGAACCCTGGTCACCAATGAGACTTCCGTCCACAACAATCGCCAGGCCTGGAACTTCGGTTCCGGCGGGGCTTGCGCCACAGGAGAGGGGAATGCCGTTTTTGGAGACGGCGCCATTCTGGGAGGCAACACGGGCTCCGCGAATACCGGGCTGGCCGCACAATACAACGTCAATTACAACAATACGGAACTGGTGCTGAACGCGCTGGTTCAGGGCAACTCCAGCCTGACGCACGCAGGCGCGGGCACTCTGATCCTGGATCAGGCCAATACCGCTGCGGGAGCGCTCGGCATTACGAATGCCGGAGCCGTTGTTCAGCTTGGCACGGAGGACAAGGCCGGCCAGTGGGCCGGAACCGTGCTGAATGGAGCGGGAACACTGAAAATCGTCAATGGCGCGCTGACTTCCTCCATGACCCGGGCGGAAGGCGCGACGGCAGCCATTGTCGTGGACTCCGCTTCTTCCATCAATCTGGGCGATACCGACGGCGGCATGCTCAAAGGCATTACGCTGGCTGCCGGAGGCAGTCTTGCCAACGTTTCCGGAGATATTATAGTGGGCGAGGGAGCCACGGAAACATTGAATCTTACCCTGGGGGCGGATAACGTCAACCAGGATGCGGCCGGTACGGCCATCATTGACCAGGGAGACGGCAGACTTGTCATTAACAATCCCGCCACGGTCAATCTGGACATTGACGCTATTGTGAACACGCTCGTCGCCCATAAGGAAGCCGGTGCGGAAAGCTGGCTCACCCTGACGACCGGAACGCTGGAATGCGAAAATCTTGGCGATATCCAGTTCAGCAGGATTCTTTCCAATTACGGCATCCGGGTGACGGGCACCGACGGCGGAAGCCTGGTTCTCAGCGGGCAGGTCAGCGGGCTTTATATGGTGAATGATTCCTCCGCTTCCGACCCTGACACCGTCACCAGCTACGGTACGCTGGGGATGTACTCCGGCGTGGTGATTTCCCAGGACAAGACGCTTGCCGTTCAGTTGTCCGGAGCTCCCGGCGATTCCGACGGGGACGGCGCGGTCATCAACAACCTGCTGGGCGCTACGGGAAGCACGCTGAAAGTGGAAAACACCAGTGCGGACAGAGGCAACGCCGTTGTCATCCTCAACAACGAACGCCTGGAAACGGGCTTGCCTGCTCCTGATGATTACTCCGGTGCGGATTCCATCATGGGCGGAAACATCGTCGGGGAAAACGGAGTTACCTTCATCAAGCAAAACACGGGTAAGTTGACAGTCAACGGTTCTTTTGTGACGGACACCCTGCGCGTGGAAGGCGGTTCCCTCGCTCTTAACGGTGAAGGAAGCAACTTTAATCATGTGGAACTTGCCGGCATAGCGGAAGGCGTTGTTCTGGACATCAACCGGAATACCGTCATGGGTGACCTGACGGACAGCGGCGAAGGCGCGGTCCTGAACATCGGCAGCGGAGCCTCCCTTTCCGTCAACGGCGCCAGCAGCCTTTCCTCCAGCACCATCCAGGGCAGCGGAACGCTTACTCTCCACGATGCGCTGGAACTTTCCGGAACGGCTTCCCTCCAGGGCGGCATTCTGCTCGATCTGGCGAAAGATGGTGGCTCCCAGGGAATACTGGACCTTGGTTCGACATCCGGCAGCACCGTTTCCGGAATCGGCGGAGAGGGCACTCTGAAGAGCGCTGGCGGCGTTTTGGCTGTCAATACCGGTAATTCGGGCAGCGGCTCCGTTTTCAGCGGTACTCTGGAAGGACGCGGGCAGCTTAATATTTCCGGCAATGCCGGGCAGACGTTTGAAAACGTCATGACCGCTGCCGGCAGCAGCTGGGCAGTTAACAACACGGGGCTCCTCAATATCCGGATGGGAGGCACGATGGACGACCCGAAATCCAATACGGCGCTGACCCTCAGTAGTTTGACGCTGGTTGACGGTTCCAGTACGAATCTTGCCTTCAACACGGACTACGCCGGCCCCATCATCAGCGTGACCGGAAACATCAGCATCAGCCAGGGCGCGGAAATAACTCTCAGTTCCACTGGCGGGAACGAGCTGACTCTGGACGCAGACGGCAGTTACACGCTCATGCACGCGGACGGAGCCATTGATCTGGGAGGAAGCGACAGACTGGCTATCCTGCTGGATCCCTCCTCCTCCGCGTTCAAGAAATTTGAAAATGATGCGTACCTGGTGATGGAAAACGGCAACCTCGTTCTGATGGCCACGGCTTCCAGGGACAATAAATACGCCCGCCTTGCGGATACGTTTAATTCCGGGGCCGGGGCGGAACTGCTCTGGAACCTGCCTGGCGATCTCGCTGCGGATTCCATCCTCAAGAAGGTGGATGACGCCGTAGGTGCCCTGACGTCTTCCAACCCCTCGGAAGCAAAGCGCGCCATGGCAGCGGTGGCAGGAAGCACAGTCAACGCGCTGGGTACGGCGCAGCGGGACGCCCTGCGCGACCAGATGGGCTGGATCCGCAACCGGACCACCCTCATGGGCGTCAACCCCGCCTACGTCAACGACGACCTCCCCCGCTTCCACATGTGGATGGAAGGCACGGGCTCCTACGCCCAGCTCGACACCCGGGGAGATGAAAGCGGCTACCGGCTCACCACCTGGGGAGGTACTGTGGGCATGGACGCGGACCTCAGCGACCGCGTCACCGTGGGAGCGGCCTTCACGGCCAGCTACGGAGACCTGACGGCCAGCGCGGCGGACAGCGCCGACGGCCACCTGGACAGCTACTACGCCAGCCTCTTCGGGCGCTACCAGAACAAACGCTGGGCGCACACGCTCATCCTGACGGGAGGATGGAACGACGCGACACTCAACCGTACGGTCAACTACGGGGAAGGAAGCTACAGCACGCAGGGCAGCACCGGCGGGTGGGGCCTTGGAGCCATGTACGAACTCACCTACGACATCTACCTTGACGAAAACCGCAGCAGCGTGCTGCAGCCGCTGTTCAACGCCTCGGTGGTGACGACGCGGATGGACGGCTATGAAGAAACGGGCGCGGGCAACGCGGGCCTGAACGTCGGCCGGCAGGACTGGACGACGGGAACAGTGGCGCTGGGCGGCCGTTGGATGGGTCTTGTAGGCAGCAACATCTTCGGACGTGAAGCGCTGGGGGAAATCCGGGTCAACGCGGCGCAGGACCTGGGAGACCGGAGGGGAGAAACAAACGTCACCCTGCTGGGCAACCCCGGCTTCACGCAAAGCGTGAGAGGGGCGAAAGCGGGAACGACGGCGCTGCAGCTCGGAGCGGGGCTGAGCGTGCCGGTGGGGACGAAAGGAACCGTCTTCGTCAACGGCAACGCGGACATCCGAGACGGGTCCAGCTCGGTGAACGGAAGCGTCGGCTACCGTTACGACTTCTAACAGGAAGAAACGGGAAAGGAGGCTCGCTGGAGCCTCCTTCCTCCGGGCCCTC
NZ_CP114598.1_gap37	1595536	1598171	2635	TACCCGGATGACGGCGCCGTTGTTTTCCGCCTGTTCCGGTTCCGGCGGTCCGGCGGGGACGGGGATGTCCTGCGGGGAGAGGTCCACTTGGCCGGCAAGCAGGGTCATGAATCCGTCGGAGAAGTCCGGCCGCGCGGGGACGGGGTGGTATTCCTCCAGCTTTTCCCGGGCGGGGTGGCCGGGGGGAACGATGATGCGGACGGTGTTCCCCTGCGGGGTGGCGTTGATGATGCCGGGCACGGCGGCCATCCTGCTCTGGAACTGGCGCGCATGCAGCCCTTCCGGCGTGCGCACCGTGACGCACATGCCTTCCGCACGGGCGATGACGTCGGAGGGCGGAGCGTCCATAAGCAGGCGCCCTTCATACATGATGAGGGTTCTGTTGCAGTAGGCGGATTCGTCCATGTAGGAGGTGCTGACCAGCACACCCACGCCTTCCTCTCCTGAGAATTGCTTCAGGATGCTCCACAGTTCCCGCCGGGAAAGAGGATCCACGCCCACGGTGGGTTCGTCCAGCAGGATAAGGGGCGGGGAGGAGACCAGGGAACAGCACAGGCCCAGTTTTTGTTTCATGCCTCCGGAGAGCTTTCCCGCAAGCCGCGTGGTGAAGCGTTCCAGACTGGTCATGGAGAGCAGGCTGCGGAAGCGTTTTTCCCTGTCCTGTCCGTAAACGCCGTGCATGCGGGCGTAAAGCTCCATGTTTTCCCGGACGGTAAGGTCTTCATAAAGTCCGAATTTCTGCGGCATGTAGCCTATGGAGGCCTGGATGTCCCTGCTTTTTCTCACGGAGTCCAGATTCAGAACGGAGATGGAGCCGCCATGCGGTTTCATCAATCCCGTGATGAGGCGGATCAGGGTGGTTTTTCCCGCGCCGTCCGGACCCAGCAGCCCTACGATTTCCCCGGAGGACAGACGGAAGGAAACATCGTCCACCGCCGCAAAGGGAACGCCGGCGGAGTCCGGAAATATTTTCCGGACGTTCCGGCAGTCAATCAGGGGCTGGGATTCCGTAGTCATGGCCTGGGCTGTTCCGGGGGCTGCGTTCCGGCGTTCTGATCCAGGGGGATGGTGACGGTGGCGGGGGCTCCCAGGCGCAGCCGGTTGTCCGGATCGTCCACAATGATGCGCACTTCATAGACCAGGGCCGTTCTGAGGTCCGGCGTTTCCACGTTTTTAGGAGTGAATTCCGCTACGGAGGAGATAAACCCCACCGTTCCTTTGAAGCTGGTGTCCGGGAAGCTGTCATTGCGCACGGTGGCGGAAAAGCCTGGCTTTACTTTGCCGAGCTGGGATTCCGTGAGGTAGGCCCGCACCCATTTGGTATGGTTCAGGGAGATGTTGTAAACGGGTTTCTGGGGGGAGGCCATGTCCCCCTTTTCCAGAATGCGGTTGCGCACCACGCCATTGTCGGGGGCGTAGAGCACGGCGTCTTTCAGGTTCTGCTCCCTGATGGTCAGGCTGGCCCTGGCCTGGTTGTACTGGGCCAGAGCCTGGGCGACGTCTTCCTCACGGGACCCGGCCAGCAGCAGTTCCAGCTGTTTTCTGGCTACATCCAGATTGGCGGCGGCCACTTGCCGGGAGGCGATGGCGTCGTCCGCCTCCTGGCGGGAGATGGATTTGGTTTCTGCCAGCGCTTCCAGCCTTTTGCTGCGCATTCCGGCGTTGTTCAGCGTAGCTTCCGCGGCCTGCACGTTCGCCCTTGCCTGGGCTATTTCTTCCGCGCGCGGGCCGTTTTTAACGCGCAGGTAGTTTTGGCGGGCGGCTTCCGCTATCTGCCGGGCTTCATCCACTGCCTGCCGGAGCCGCACCGTTTCCAGCGTGGCGAGTTTCTGGCCGGGAACAACCGTGTCTCCTTCGTCCGCCAGCACGGAATCAATACGTTCGGAGATGAGGAAAGCCAGATCCACCTGGCGCAGGTCCACATTGCCGTAAAGAACGGCTTTGTCTTCAGGCCCGGACGGAGTTTCCCGGCAGATGAACCAGGCGGCCGTTCCTGCCGCCGCAAGAAGAACCAGGAGGAGAACCAGCTTTTTCATGATTTTATTTATACGCGTGTATAAATCCGCCGCAAGCAAAAAAGAAGTTCGCATGACGGGGAAGGAATTAGCGATTTACTAACGGGGGGAGAACAGGCATAATCCGGCGTCTTTTACTTTTCCCATTATTCGTTATGATGACCGCCACCGAAATACGCCAAAGCTTTCTGGACTTTTTCCGCGAAAAACAGCACACGGTCGTGCCCTCCGCTTCTTTGATGCCTCAGAGCCCCGGTTTGTTGTTCACAAATGCCGGCATGAATCAGTTTGTTCCGTATTTCCTGGGCGTATGGACTCCCCCGTGGACGCCCGCCCGCGCTACGGATACCCAGAAGTGCATCCGCGCCGGCGGAAAGCACAATGACTTGGAGGATGTGGGGTATGACTCCTACCACCACACGTTTTTTGAAATGCTGGGGAACTGGTCTTTCGGGGATTATTTCAAGAAGGAGGCTATCCGGTGGGCCTGGGAGCTGGTCGTGGAGCGGTGGGGATTTCCGGCGGAACGCCTGTACGCCACCGTGTACGCGCCGGACAAGAGCAAGGGCGACCCCGGAGAGTTTGACCGGGAAGCCTGGGATTTCTGGGCTGAGCTGTTC
NZ_CP114598.1_gap38	1600644	1604608	3964	CGGTTTTTTCGCCATTCTGACGATTTTTGAGGGAATCAACCAGGCGGACAGCGACGCTGTGGCCGCTTTTTCCTGTTATCAGAATGCCACTTTTCTGATCTTCGCGGCGTGTTTGTTTGACTTGTTTGACGGCCGCATTGCCCGCATGCGCGGGCAGGACGGCCCGTTCGGGCGGGAATTCGATTCACTGGCGGATATTGTCTCCTTCGGCATCGCTCCGGCGCTGCTGGTGGCCAAGGCCGTTCTGTTCCAGCTGTCCCCGCCGGAGGTGGGATGGGGCATCGGCATCCTGTACCTGCTGTGCGCCGCGTTGCGCCTGGCGCGGTTTAACTGCATGGCGGCCGCTCCCCGGAAGGAAGGCCAGAGCAGCGATTTTGTGGGGCTGCCCGTTCCGATGGCGGCGGGTGCCGTGGTCTCCACCATGTACCTGGTGATGTATCTGGCAGGCAGGGCGCCGGACGGGGCCATGGACCTGGGCGTCTTCAAGTACGTGATTGCGCTGGCAATGGCGGGAGTCTCCATTCTGATGATGAGCCGGGTGATTTATCCCAGCTTCAAGCATATCAACATGCGCACGCGGGGGACGATGTACGCGATTGTGTTCATCGTGCTGGCGGTCATCTGCATTTTCAAATTCCCGTGGGTGATGCCCGCAGTCATTTTTTCCATTTATCTGCTTTACGGGCTGGTGCGGCCCTGGGTGGCCCGCCGCTGGCGGAACAGGCTGGAAGCCCGTGATGGAGAATAAGAAAGCCTGTAGAAAACTGTTCCTTCCTTTTCTTTGAACAGACTACGCTGCGCCGGATTGAAACCGGCCGTGCCCCTGAGTCCGTTTTTTAAGGGAGGGGCGGAATAGCCCCTAAGGACCGGAGCTTACTTGTTTTTCTTTTTAAAGTCGTCCGCAAAGGGGTCTTTTTCCGGGGCGGTGGGCACGGCGTGCGTTTCAATGTCCTTGGTGCTCTTGACCAGCGTGATGCATACGGGCTTGCTGCGGTTGCCCATGGCGTCGTAAGTGTAAAGGAAGCGGCGCACGAGTTCCTTGGTGCGGGAATCGAACATTTGTTCTTCTCTCAGGTTGGCGTTGCCGTCGTAGCCGTAACGCACGAAAAAGAGTTCGTTTTTCTGTCCGTCAAAGATCAGGCAGGAGCGCAATTCTCCAAAAGGCCCTCTTTTGTACAGGGTTACGGAAACAAGAACATTGCGGACGTTGTAAGTGGTTTTTTTCATCCCCTTGCCGTCCCCTGTTTTTTCAAAGTAGCTGCGGGAACCGTCTTCATGCTTGACCATGCGGGAAGAAGCAGTCTGAACATGGAAATCGTCCTGGCCGGCGGCCAGGGCTCCGGACGTCATGAGCATGGGAATGAAGAGAAGCAGGGGCGTTGTTTTCATGGTGAAAAAAGAGTTTCTGACTTATTAAAGTGATGTATAGTGGCTTTGACAAGAACGTAATTAGATGAACTGGCTTGTAAGGAGAAACGTATTGGATGTGGCGCGCGGAGGCGTGTTGATGGGAATTGTGAACGTTACTCCGGATTCCTTTTCCGACGGAGGGCGTTTTTATGCGACGGAACGCGCTGTCTCCCATGCAAAAGAGCTTGAACGGCAGGGGGCCCTGATTCTGGACATAGGGGGGGAGTCCACCAGGCCGGGGGCCGCGGAGGTTTCCGCGGAGGAAGAATTGGGCAGGGTGCTGCCCGTGGTGCGGGAACTCCGTTCGTGCACGGATGCCGTGATTTCCGTGGACACGCGCCATGCCGCCGTAGCGGCGGCTGTGCTGGAAGCGGGTGCGGACGTCATTAATGATATTTCCGGATTGCGGGAGGAGGGGATGGCGGAATTGTGCGCTGAGGCGCGCTGCGGCGTGGTGGCGATGCACATGCAGGGACAGCCTGAAACCATGCAGGACGCCCCTTCTTATGGGGATGTGGTGCGGGAAGTGCGCGGCTATTTTGAGGAACGTTATGATTTTCTGCTGGCGCGGGGCCTGGAACCGGAACAGATTTGCTGGGATCCCGGCATCGGCTTTGGCAAAACGGCGGAACACAATCTGGCCCTGCTGTCCAACATGGACAAGCTTCAGGTGGCAGGCCGCCCGGTGCTGCTGGGCCTTTCCCGCAAGCGCATGCTGGGCGCCGTCCTGGGGGATGCGGAGCAGGGCCGCGCGCCGCTGAGCACCGCCGTGATGACGGTGTGGGGGCATTTGCACGGCGCGCAGATTCACCGTGTCCATGACGTGGCGGAATGCGCCCGCGCTCTCCGGCTGATCCGGGCCGCTGAACCGTTTGTCCGCTGATTGAGCCATGGAATCCGCTTCTTCCCGTCCGGTATTGACGTCCCTGGCGTCCATCGCGTTTTCCCTGGCGGTGGTGTTCCTTTTTCTGGCGGTACGGGGGATCTGGCCTTTCGGCGGCCGCTTCCTGGAGTATATGGATAACGGGCAGCTGGTTTATCCTACCTTGAAGTATTATGCCTCCGCCCTGATGTCCGGAGCGTTTGACGGAGCTTTTTTTTATGATGTCAATGGCGGCGCGGGAATCCGGGTGAGCCCTACGCTGCCGCATCAGCTGCTGGTCCCCTCCACCTGGATTGCCGTGGCGATGGGGGATTCCTTCCTGTTGAAGGACATGGTCTGGGTGATGCTGGCGGATGTGGCCTGCATCTGCGTGACGGCTTCCTGGTTCCTGAGACGCGTGTTTCCCTCCCTGCCCGTATGCTGGACCGTGCTGCTGACGGCGGGGTATGCCGTGGGGGGCTTTTTCCAGACCAAGTACGGGTTCATGCAGTTCCTGGACCATGCCGCCATGTTCCCCCTGTTTGCGCTGGGCCTTTACCGTCTGGTGAACGGGGGGAGGGGCTGGCTGTATGCCGCCGGCCTCTTCCTGCTGGCTACCTCCCTGTACAGCGCGTTCATGGCCGTCGTCACCGGCTGGCTGTTCGCGTGGGCCTTTACGCTGCCCCTGAAAGGGACGCGGGAACGCCGCGTGCGCCTGGCCCGCGTGTTCTGGTACACGGCGGCGGTGACGCTGGCCACCTGTTATTACTGGCTGCCGATGGCGGAAATGAGCCGGGATTCCATGCGCTCCCTGTTTATGACGCCGCCCACGTTTTTTGAGTTGTCATGGCCATTTGACCCTCCGAAATTCCTGGAACGCCTTTACGCCTGCCTGCCGGGGATGTCATTCGCCGCTCTGGCGGCGGTTTATCTGGCTTACGGGAAGAAGGCGTTCCCTGCGCCGGACAGAGGGAGAAGCCTGTTTATTCTTCTTCTGGCGGCGTCCGTTTTGCCCGCGTTTGTCGAGCCCATCCACCGCGCCGCCCATTTGTGGAGCTACGTGGATTTTCCCGTCCGGTTCGGTTTTATTCCCAATCTGGCGGTAATGTCGTTCTGCGCCTGGATTTTGTCCGGCGGCAGGCTGCCGGGGCCGGCAGGACGGCCGTGGGGGTGGGGATGGAGCCTGGGGCTTCCCATAGCGGCTTTTTCCGTTTCCCTGTTTGTCCTGCAGATGACGGCTGCGGATCTTGCGGCGCGTCTTCTGCCGTTGCTGTTTTTTGCATGCGCATGGCTGTGCTGGAGGCATGTGGAAGGCAAAAGGCTGGCGTGGTCCATTGCTGCCGTGATGATGCTGGGGCTGCCCATAGGGGCTGCCGCGTTCTGGAAGCAGGGGGAGGAGGAGAAAGCCTCCGTCCAGGCGCTCAATGCGGAATGGCTGGCGCGCGGCATGAAGGGGTATTCAGGCTTGCTGCGCGTGAAGGACAGGGATCGCCTGATGGTGGAAAACGCGGATTGCCTGGGGCCTGTCCCGGGTATTGGCAATTTCCGGCATACGACGAGCATCGATCATTTCCGTTTTCTGAAAAACCTGGGGTACCGGGATGAATTCACGCGCACATACGGCCAGGGAGGCACTCTGTTTTCCGATTTATTGCTGGGCCATGGTTTTGTGCTGGCGTCCCGGCCCATGGT
NZ_CP114598.1_gap39	1609128	1611417	2289	CTTTATGGATGTTTTATGCCGGATGCGTATGTTTCGCCTGGGGTTTCAGGATGGTTCTTAACGTGGTGTCTCCATACCTGATTGGGCAGGTCAAGGGCGGTGGAATGTTTGTTCACTATAATTCTCCTTTTATTGTAGGAACGGCGGTTGCCCTGCTGCTGATTTTTTCCCGGATGCATTTTTCATCCCGAAGATATGTCTCCTGCGTTTCATGGTTGGCGGCAGCGTCGTTCAGCGTTTATGTGCTGCATTGCAATGCTTTGATAGGAAAGTGGTTTTTATGGGATGTCTTTGAGTGGACTGCGTCTTCTTCCACAGCGCTGATGGTTGTGAAAGTGTTGGCTGCCGCCGCCGCGGTTTACGCTGGATGCGCCCTGGTGGACTCCGTGAGGCGTTATTTGTTCAGGTTGATAAACGTGGAAAGAGGCGCCCGGTCAGTAACGGGCTTTTGCGGAAAGCTGGGGCACGCGTTCCGGCAGATGTACCGCCGGATAAATCCGCGTCCCTGAGGACGTGGAAATGCTCTGTTCCGGCGGTTCCGGGCGGTTTTTGTCCGGAAGCCGGGCTAGTTGTTATGATGGCTTTTGTCCAGGAGGGATTTAAGCCAGGGAATAACCAGGTCTTTTTTGAAGAAGTGGTTGCGAGGGTCCACGTTGACGAGGCGGAAAAAAGCGTCTCTGTCCAGTCCTGCGGGCAAGTGGCTGCCGTTCCAGCGTTGGGCAGGGTCCGCAAACCGGGGCTGGTGGTGGTATTGGAAATGATCCGGCGCTCCGGCCATACGGTAAGCTGCGGAGATGATCCGGAAGTCTCTGTCCAGGCCGCCTTCCGTGCAGATGACGGGGCGCGGGGCGAGAGCCGCCACAATATCCGGGAAGTCGAATTGTTTCCAGAAGCCCGGAATGAGGTGGCGGATGGAGTTGGGCGCGGAGCGCACGCCCCTGCCGTTGGGCATGGTCATGGTTTTGGCGCGTTCCAGCGTGCGGCACAGAAAGTCGTTATATACAAAGGCAAAGATATCCGGATTCAGGATGCCCAGAACCATCATGGGTTCCGTTCCCAGGGAGAAGCCGCTGAGAATAATATGGTTTTTTTGCGCCCAGGGGCGTGTTTTCACCCAATCCAGAACACATTGGTCCGCATAGGAGGCGTAGCCCAGCCAGCTCCAGTCCATTTCCAGCAGGAAACGGGCCAGGTTTTCATAATCGTGAGAAGAACGGCCTGCGGCGCGTTCCGCGTCTCCTTCCTCTCCCGTTCCGGCGTTGTCCACCACAATGGCCGCCCATCCCTGCCTGACATAATGGAACGCCATGGCGTTGTTGCCCGGCTGCTGTACGGGAGGCTGGTCCAGATCCGGCGATGTTTCCCCCGCCAGCTCTTCCTTGGTCTGGTCGGAACCGGGAATGCAGAACAGCACGGGAACCGGATTTTTGTCTGAAGCGTTGTCCGGCAGGAGCGCCAGGAACGGTACGGCGGCTCCCGGGAAGGGATAGGCTTCCCATTTTTCCACCCGGTAGTGTTCTCTTTGCGCGGTTTTTACCAGAACGGGGGTAGGGATATCCGCCTGAAGGGGGAATTTCATCAGTTGTTTCATGGCTTCCCGGAGTTTTTTCCGCCAGGCGGGGAAATCCTTTGGAGCCATATCCGGAGAAAACTCGCATGCCGGACGCAGTTGCTCCAGCATGGTTTGGACGACGCCCCGTGAGGAAACATGCCGCTGGTCGCTCCGGGAGGAATGAAGCACCGCCCAGTCTTCCGCCCGGAATTTTTCACTGGGCGGGGAAAGGGAGAAGGAGGGAAGAGAAAGGGTTGCCAACAGAAGAGAGAAGAAAACGGCGGGCTGAATAGTCATGAAGCCAGATTGCCATAAAAGGAGCTCCCGTTGCAAGGTTGCGGCAGTGGTCTTTTCAGGTTGTTCCTGACGCACCGGAAGCTTGAGTTTTTCCGGGCAGGGCGGTAGTTTTGCCGCCGTCATGATGACGGGGGGTAAGAGTCCTGGAAGCCCGGAACCGCGGGTATGCGGCCTGGGCCTGGCTTCCGGCTTCGGCATGGGGGCGGAAGCCCATCTTGCCGGGGTAAGGGAAGGACGCAGAGTGTTGAAGCCGTTGAGCGAGTTGTGGGGCGAGGGGAATCCCTGGGACTATGTATTAAGCGGATGGATTCCAGACAGGGGGCTGTTATGCAGCCGCAGGAACGGCCCTGCCTCCCAGCTGGCGCTGCTGTTGGCGCGACAGGCTGTGGAGGAAGCCGGATGGGGAAAGGAGGAATTGAGGGACGCCGCCCTGATTGTAG
NZ_CP114598.1_gap40	1617325	1621339	4014	GCTTCCTTCCAGGTCATGCGGGGGAAGGGGGTGGGAATGTCCACGCCCAGGGATTCCTTATATACGCGTTTGAGCAGGCCTTCCACCAGGTTGTAGATGTCTTCCGGCGTGATGAAGGAAGCTTCAATGTCCACCTGGGTGAATTCCGGCTGGCGGTCCGCGCGCAGGTCTTCGTCACGGAAGCAGCGGGCAATTTGGAAATAGCGTTCCATGCCGGCCACCATGAGCAGCTGCTTGTATTGCTGCGGGGCCTGGGGCAGCGCGTAGAATTTGCCGGGCGCCAGGCGGGAGGGGACCAGGAAGTCCCGTGCGCCTTCCGGCGTGGATTTGGAGAGGATGGGCGTTTCAATTTCCAGAAAGCCGTGCTCGTCCAGATAGTCGCGCGTGGCCTTGGTGACGCGGTGGCGGATCTGCATGTTGCGGGCCATGGCCGGGCGGCGCAGGTCCAGAAAGCGGTATTTGAGGCGCAGGTCTTCGTTGGAGAGGGCCCGATCCAGCTGGAAGGGGAGCACGTCAGCCTTGTTGATGACGTTCAGGGTGTCTGCGGAGACCTCGATTTCCCCGGTGGGAAGGTCCGCGTTGGTCGTGTCCACGGTATCCGTTTTCAGGCGGGCGGCCACGGTGCCGGAAATCTGGATCATGTCTTCGGAGCGGAGCTGCTGGGAGGCTTTCGCCACATCCTGGTTGACTTCCGGGTGAAAGACTACCTGCGTGATGCCGGAGCGGTCGCGCAAGTCGATAAATATGACGCCGCCATGGTCCCGGACGGAATCTACCCAGCCGATGAGGGTGGTCGGCTTGCCGATGTTCGCAGCGCGCAATTCGCTGCAGGTATGAGTGCGGTATGAGTTCATCTTTATTGAAAATGGAAGAAAGGGGGGGGAAAGAAAGGCGTCAATTGCTTCCGGTGAGTGAAGCCACGGCGTCAAACAGGTCGTCCATGGCGACGGAGGATGAGGTGCGGGCTCCCAGGTCGCGAAGTTCCATGCCCGGGAATTCATCTCCCACGATCAAGGCCGCGCGGGCGCCGGATTTGACGGCTTTCTGGAGCTGTCCGTTGACTTTGGTGAGCGTGAGGGGAAGGTCTACACTGTATCCCTGGTCCCGGAGAGCGGAAGCGATGGCAAGAACTTCCGCGCGGCGGCTCTCAGACGCCTGAACCATGAAGATGTCGCAGCCTGCGGAGGCCAGCGCCGCATCTTTCAGCGCTTTGGCATGGGGCGTCTGTTCAATGAGGTGGGTGATGACGGCATCCCCCATGGCAAAGCCGGTTGCCGACATGTCCACTGCGTTGTTGGAAAGGGCGCCTACCAGCGTGTCGTAACGGCCTCCGCCGGCTACGGCGCGCAGGCTGCGCTGTGTGTCAAAGATTTCAAAAACCAGGCCGGTGTAGTAGGCCAGCCCGCGCACTACGGATAAGTCCAGCCTGACATAGCCGTCCAGCCCGCGGGCCGTCAGGTCTTTCATCAGGATGTCATAGCGTTCGGACGCTCCGTCGGGCGGGTTTTCAATGAAGGCCACCAGATCGTCGCGGCTGATATGGAAGGCGTCCAGCTTGCGCTGGCATTCTTCCGGGCGGTCGCGTTCAAATTTGTCCACAATGCCCAGGAAAGCGGGAATATCCTGTTCCTTCACGCCGTGTTCCGAAGCAAACCTGATCCAGGCTTCCCGGTCAGAGACGCGCACGATGAAGTCGTTTTGCGTAAAGCCCAGTTCCCTCATGCAGTCAATGGCCAGGGCTATCAGTTCGGAATCCGCCCACGCGGAGGCTTCTCCCAGAATGTCCGCATTGAATTGGTAGAATTCGCGCAGACGCCCTTTCTGGGGCTTTTCGTAACGGAAGCATGAACCGATTTCAAACCACTTGAGCGGTTTGGTGTATTCGCGCTGGTAGGCGGCTGCGATGCGGCCCAGGGAGGCGGTGAGTTCCGGGCGGATGGTGATGTCCCGGTCCCCCTGGTCCGTGAAGCGGAAGAGCTGGGTGGGCAGTTCGCCCCCGCTCTTTTTAAGATAAAGCTCCGTGGCTTCTACAGTGGGGCCCTCCCATTCCAGGAATCCGTAACGGTGCGCCACTTTCTTCCATGCGTTGAAAAGATAGTTGCGCACGGCGCAGTCCGCCGGTGCAAAATCGCGGAATCCGGGAAGTGGTTGAAAGCGAGCGTCTGGCATAACCTGGGAAAAAGGATGTTGTCTGAGGACGAAACAGTTTACAGAATTCCTATGCCTTGGCAAGTCCACATGCTTATGATGAAGGAATTTCGGTGGAAATCATATAAATGGCCTTATGCCGGCAGATGGGGATGGTTCTTCCGGTTTTACATGAAATGAGGAAGGGCGGGAAAGGATTGATTATTGGGGAATTTATTGTTTTTTATAAATTATCCGGATTTTTGGCGCGGGCTGTGGGGCAGGCGGGTTTAAGTGGCTGGGGATTTGTAATCGGATGTCAAACAACAATATTGAACAGCAAGGGGAAATGATAAGAAGGTGTTCTCAAAAGTTTTTCTGCGTATGGAGCATTGCATCTTTCCCTTTATAGAAAAGTGTTTTCCTCCCGCGCTAAAAAGAAAACCGGGGCAGTTTTGTTTGATTTCATAGGGATATGACGTGAAACGAATGAGTTTTTTTCCTCTTTGAGAATCTAATAGCAGTATTGATTATGTGTAAAGAATGTGGATGCGGGGGGGAGTTCTCCCATGAAAGTCACGGCCACGGCATGGACGTCCATGTTCCGGTATTGGATGCCAATGACCGGCTGGCTGAGCGCAACAGAGGTTTTTTTGCGGCAAAAAACCTTTTGGTTATCAATGTTTTTTCTTCTCCCGGGTCAGGAAAGACTTCTTTGTTGCAAAAGACGGCGGAGATGCTTCGCGGCCGTGTGCGCATGGGGGTTATCGTAGGGGATTTGGCGACGGATAATGATGCGGAGCGCCTGAGCCGCGCGGATATTCCCGTGGTGCAGATTACAACGGGCACCATGTGCCATCTGGACGCCCGCATGATTGCGGAGGCCATGAAGAAAATGCCTCTGGACGATCTCGACGTGTTGATTATTGAGAATGTGGGCAATCTGGTTTGCCCGGCTTCCTATGACCTGGGGGAAGGCGCGCGCGTGGTGCTGCTTTCCGTGACGGAGGGGGAGGACAAGCCGTTGAAATATCCTCCCATGTTCCATTCTGCGGATGTTGCCCTGGTGACCAAGTCCGATCTGGCGGATGCCGTTGAGTTTAACCGTGACGCCGCCCTGGCCGCCCTGAACAAGGTGGCTCATCATGCGCACGTGATGGAGGTGTCTTCCAAGACCGGCGAGGGAATGGAGGCCTGGTGCGAGGAGATTGTGGAGCGTGCGCGCCGCGCCCGGGAAGGCACGATTCAGCATCATGGCCATCACCACCGTTGAACAGGCCGCCGCGGCATTGAAATTGGAGATAGCCGGCATGGTTCAGGGGGTCGGCTTCCGGCCCCATGTGTACCGTTTGGCGGTACGGCACGGATTGAAGGGGTTTGTGCGCAATACGGAGTCCGGCGTGGAGATTCATGTGGAAGGGGAGTCCGGCGCTCCGGAGCGTTTTTTTTCCGCGCTGATGGACGGTCTGCCGGAGCATGCCCGGGTTGATGGAGTGGAGCGGACCGTATGCGAGCCTGCCGGGTTTGAGGAATTCCGCATTGAGGAAAGCGATTCCACCCCCGGAGGCGTTCCGATGATGCTGCCGGATCTGGCTCCGTGCCCGGAATGTCTGAAAGAAATGCGCGACCCGTCTTCCCGCCGGTATCATTATCCGTTTACCAACTGCACGCACTGCGGCCCCCGCTATTCCATTATTGAGAAAATGCCGTATGACCGCGCGGGAACCAGCATGAAGGGGTTCCGAATGTGTCCGGAGTGCCGGAGGGAGTACCAGGATGTGGAGGACAGGCGTTTTCACGCACAGCCTATCGGCTGCCCGTCCTGCGGCCCTTCCATGAAGGTGCTGTTTTCAGATGGTTCCGAACTGGGGTTCGGCCATGGGTTTG
NZ_CP114598.1_gap41	1631326	1633472	2146	CCGTGCTCCAGTATCTTTGCAAAATTAACATCCTGAAAGTATCCGTTCTCGCGGGCACCATGGCGCTGGCCCTTTCCTTTGCCGGGAATGACCTGGTCAACTTCATCGGCGTTTTCATGGCGGGGCAGTCTTCCATGGAAATTGCGGCTGCCGCCGCAGCGCAGGGGGCGGACCTTTCCACTCTGTCCATGGACGGCCTGATGGCCCCCGTCACGGCGGATTGGCGTTACCTGCTGGGTGCGGGCGTCATCATGGTTCTGGCCCTCATGTTCTCCAAAAAGGCGCAAACCGTTACGGATACGGAAGTCAATCTGGCGAGGCAGGGCGGGGGAGTAGAGCGGTTCGGCTCCGTCCCTCCGGCCCGCATGGCGGTACGCTATGCCCTGAATGCTTCCCGCGCCGTGGAAAAAATCATGCCCGCCTGCGTTGGGAAATTTATTGAAAAACGCTTCCGGCCTGTGCCGGAAGGGCCGGATAACGGCGCTTCTTTCGACCTCATTCGCGCTTCCGTGAATTTGACGGTGGCTGCCCTGCTGATTTCTCTGGCCACGTCCCTTCGGCTTCCTCTTTCCACCACGTATGTGACGTTCATGGTGGCGATGGGTTCCTCCCTGGCGGACAAGGCCTGGGGGCGGGACAGCGCCGTGTACCGCATCACCGGGGTGATTACGGTGATTTCAGGGTGGTTCTTCACGGCCTTTGCCGCGTTTTCCATGTGCTTCATTGTAGCGGCCTGCATCCTGTATGGCGGCCTCTTCGGCATCATCGCCATATGTTCTCTGGCGGCTTTCCTGCTTCTGAAAAGTTCCAGGCTCCATCGCCAAAGAACCCGGGCTGCGTCCCAGGTGCAGACCGCCGATTACCGGGATCCGGCCGCCGCCGCGCGCTGCAATGAGGAAATTATCGAGCTGATGAAGCGCATGGCGGAAATCTATGAAATGAATCTGGAGGCCCTGAACGTGGAGGACCGGAAGCGTCTGAAAAAACTCCGGAAAGAAGCGCGCGGCATCCGCCGTTCCCTGAGCGATAAAATGGCGATGGAAGTCATGCCCGTCGTCCGTGAACTCCCGGACAAGAAGGCCGACCGCGGCAAGCGCTATGTGCAGATGGTGGAATACGCTGCCTCCGTTTTTGAATCCCTCTCCAATATTACTGCGGCCAGCCATGCCTATATCGACAACAACCATGAAGGTCTGGATTTGGAAAGGATAGAGCTTCTGCGGGGAATGAACAGCCGTGTTTCCTCCCTCTACCCCCGTTTCCGGGAAATGATGGAAAGCAATGACTATACCGGGCTGGACGAATGCCTGGCAGGCATGGACGCTCTGGATGAAGAATTTGCGGATGCCGTCAAACAGCAGATCATTCTGCGTCCGGAAGATGCTTCCGATATGCGACGGACGCTTCTCTATCTCAACCTTCTTAATGAAACCCGGACGATGATCCGCAAAGCGCTTCTTCTTGCTAAAATCCAGAGGAAATTTGTTCTTGGACGGTAGCGTCTCCCTGTCATTCACGGCCGTGCCGACGGCGAATGCTTCCGGCGCGGACGTTTTGCCTGGGCTGTTCCCGTATGGGGAGCGGCGGCCGTGCCTTTTTTATTCATATGAAAAAAGGCTTCTTTGCGGATAGAGCATGTTTTCTGCCTGTGGGCGCAATGTCTTGAAAATCTGTTTCCAGGCGTTGCCATGTATGTTGCCGTCCCAAGGGAACAAAAAACCGCAAGTCTTGATAAACAATAACTTGCGGTATAAAACTGGTACGGGCGATGGGAATCGAACCCACGTCTCAAGCTTGGGAAGCTCGCGTCCTACCATTGAACGACGCCCGCATGAAATGCGGATGCCTATTTAGCGGCAGAAGGCCCGGATGTCAAGACCACAGAAAAAACGTGTCCTCTTTTTTGTTATTTTAACGCAGTAATGAAAAAAAACTTGTCTTATTCCGTGATTTGAACATAATACGTCCGTTGCGCGGGTATAGCTTAATGGTAAAGCTCCAGCCTTCCAAGCTGATTATACGGGTTCGATTCCCGTTACCCGCTCCATCTTTTTATTAAATTCACCTGCTAAATACTTCCTTTATGAAAGCCAGGTTTATGACAAAGGCGGCGCTTAGTGCGCTGGCACTTGCGTTTGCGGGCGCT
NZ_CP114598.1_gap42	1639326	1641898	2572	AGGATCTGGAACACGTCAGGCTGCATGTGCTCCAGAAAAGATGACGGAAGCAGTTCCGGCGGATGCGTTTTTGGCTTGCGCGCGGGCCGGATTGTGTCACGTTAAGGGCATGATAGCTTTTCTGCGCGGCACGGTGGCGGAATCGTATCCCCAGCGGTTGATCCTGGATGTTCATGGGGTGGGGTATGAAGTGATTGTTCCCCTGTCCACGTTTGACAGGCTGAATCCCCTTCCCGGCAGGGAGCTGACGCTGAAGACCTACCTGCATGTCCGGGAGAACATGCAGGTGCTGTATGGTTTTGCCACGGATGCGGAGAGGGATATCTTCCTGCTGCTGATTGAGCGCGTTTCCGGAATAGGCCCGGCCACGGCGATTGCCATTTTGGGGTCCCTGTCCGTGGAGCAGTTCAAGCAGGCGGTTGTGGGCGGAGACGTTTCCGGCATTGCGCGGGCCAAGGGAGTGGGCAAGAAGACGGCGGAGCGCATCGTTCTGGAGCTGAAAGACAAGGTGGGCCTGGCCGCCACGTGGGAGGCCCAGGCCCAGGGCGCTACTTCCCAGGCCGCCGGGGACGCGGAATTGGCGTTGATTGCGCTCGGGTTCAAGCAGACGGAATCCCGCAAGGCGATTGCCGCCCACCTGAAGGAGCATCCGGATGCGGATGTGGACGCGCTGATACGCGCCGCCCTGCGCTCCATGAATTGAAGGAGCTTCCTGCATAAGGCGTGTGTGTTTGCAAGTTTTTGATTTTCATGGGGGAGCATGTTCGCCTGAAAGAGCGTTCCCTGTTTGCGGAAGCTCGGGAGCATACTGCCATGATGGGGGAACAATAGTGTTGACGGCTGGTTGAAACATTTCTAAACTTGCAGCGTCCATGGTACTTGAATAAGTCCGGGACTAGTAATTAATCAAATCTGAAGCCCTCAATCTTATGGCCAAATATGCTATTAACGGTTTTGGACGCATTGGTCGCAACGTACTGCGCGCCATGTCCAAGGAAGAACGCAACAAGGTTGTTGCCATCAATGACTTGACTCCTATCGAAACGATCGCCCACCTGCTTAAGTATGACTCCACGCAGGGCAAGTTTGACGGTGAAATTTCCATCGAGGGTGATTATCTGGTCGTTGACGGCCACAAGATCCTCATTACTGTGGAACGCGATCCCGCCAACCTTCCCTGGAAGGACCTGGGCGTAGACGTCGTTCTGGAATCCACCGGCCTGTTCACCAAGCGCGACGCCGCCAAGAAGCACCTTGACGCCGGCGCCAAGAAGGTTCTTATTTCCGCTCCCTCCCCGGATCCGGATCTGACTTTCGTTCTGGGCATCAACGACAGCGAATACGATCCCGCCAAGCACGACATCGTTTCCAACGCTTCCTGCACCACCAACTGCCTTGCTCCGATGGTGAAGGTGCTGGACGACAAGTTCGGCGTTGAAAAGGGCATGATGAGCACGATCCACTCCTACACGAACGACCAGCGCATTCTGGACCTTCCGCACAAGGATCCCCGCCGTGCCCGCGCCGCCGCGATCAACATCATCCCGACGACCACCGGCGCCGCCAAGGCCATCGGTGAAGTAATGCCGAACCTGAAGGGTTCCCTGAACGGCGCTTCCTTCCGCGTTCCGACTCCGACCGGTTCTCTGACTGACTTCGTGGCCGTGCTCAAGAAGGACGTGACCGTGGAAGAAGTGAACGCCGCCATGAAGGAAGCCGCTGAAGGCCCGCTGAAGGGTATTCTGGCTTACTCCGAGGAAGCCCTCGTTCTTCAGGACATCGTTTCCGATCCCCACTCCTGCATCTTTGACTCCGGCTTCACGTATGTGGTCGGCGGCAACCTGGTGAAGGTCTGCGGCTGGTACGACAACGAATGGGGTTACTCCAACCGCGCCGCCCAGGCCATGAAGAAGCTGGGCGACAGCCTGGGCTGCGGCTGCTCCTGCGGCAAGTAAGTCCCCTCGGACAACGCTTGCTCTTCAGTTGCACGACAAGTCTTGCCGTCCGCCTGTTTCAACTCTCCGGCTTTCCTGGCCGGGTTCGCCGGGCGGGCGGGGATTTATCCGGGAGGGCAGAAATGCCCTCCCTTTTTTATTCATTGAACCAAACAATATAAACCGATATGGCTAAACTTACTGTTCGCGACCTTGACGCCAAGGGAAAGGAAGTCCTCATGCGCGTGGATTTCAACGTCCCTCTCAAGGATGGGGAAATTACCAATGACGCCCGCATCGTGGCCGCTCTCCCCACCATCAAGTTCCTGTTGGACCAGGGCGCCCGCCTCGTCCTTACCTCTCATCTGGGCCGTCCCAAAAACGAACCCGATCCCGCTTTTTCCCTGAAGCCCGTTGCCGCCCGCCTTTCCGAATTGCTCGGCAAGGACGTGAAATTCGTCCCCGCCGCCATCGGACCGGAAGCGGAAGCCGCCCGCGCCGCCATGAAAGACGGCGATGTAGTCCTGCTGGAAAATGTCCGTTTTTATCCCGGTGAAAAGAAAAACGATCCGGAATTCGCCAAGTCCCTGCTGGGCAATGCCACGCTGTTCGTGAACGACGCGTTCGGCACAGCCCAC
NZ_CP114598.1_gap43	1643772	1648352	4580	CCCGGTCTGCACGGCGCGCTTCTGGAACGCGGATACCGTCTCCGGGAGGTGCGCTGGCTTCCGGCGTGGAGCACTAAGGAAGAGCGCGCGGACGGGCAGAGCGGGGAAGCCTGATTTTTGTTCCGCCTTTACCGGTTTTTCCGGAGCGGACGGAGCAACGGCGGATAAACATGGTTTTCCGCCGCGCCGCGCCTTAAAAAAAGGGAGAAAAAGAGGGAGTTCCTTTTTCTCCCTGGGGCAGGATGTCCGCTTGCCGGGGAGGAGGAACTACTTTTCAGCAGGAGTCAGTCGGGCGATCCCTCCGCCTTTGATACGCATGGTAAAGGAAAGAGCATTTTCGGAAGCGGCTTTCCGGGTTTCTACGCTCCAACCGTCATTTTTTTCCGCCAGATCCCGGAGAATAGTGGCCCGGTACGCCGTGTTTTTGTCCAGGAAATCCAGAGGAATGGAAATGGTGCGCTCCCTGTCGTCTCCGTTCATCAGAGCGATATACCATTGGTTCCCTGATCGCCGGGCGAAGGCGGCGCATTTCCCGATGGCGGACGGCGGCAGGACGACGGTTTCATCCCATACGGAAGGGATGTTCCGGACAACTTCCCGTTCAGGAGAACCCTTCGGAAAAGCAGCTTCCATGTCCGCAGGGTTGGAGACCCAGTGGAGAATGGGGGATGTGTAAATGATGTTGGCCGCCATTTGGAGGGCCCAGGAAGAGCCGCGCAGCTTGGGGCCGTGGCCGAAGTAGCCTCCCGTGAAATCGGCGTGGCCGGAAACCAGGCGGGTGAAGGGCAGCGCGCAGTAATGCTGCCCGCCGATGGAGCTCCAGATGTTCTGTTCTCCGCCGTGAATGCCTTCCCGGCTCATTTCGTGCGGCCAGGAGCGTTCCTCCCCCGTAGGGGTGTTGGCCCCGTGGAAGTTGACCATAAGCTTGTTTTTCGCCAGGTTCTCCGCGACGGCGTCGTAGAAGGCCAGGCGCTTCTGGGAGGCGGAGTCCATGAAGTCTATCTTGAGCCCTTTGATGCCCGTTTTGGCGAGCGTGCTGAAAAAGCTGCGCATGTTTTCCCAGTTATTGGAAGGGTTGTTGACGTCTGACCACCGTACCCATACCCAAATGCCTACATTTTTACCGGCGGCGTAGCTGACCAGTCTGGTCAATTTATCCATGCTTTCTGACAGGGATGGCCCCCATTTTTTCCACCCTTCGTCAACGAGGTGGTATTCCCAGCCGAATTCGGCAGCCATATCGACAAAAGCGTATTGGTCGTTTTCCAGGACGTTCCCGCGGTCCCACCAGGTCCAGGTAGAGCGGCCCGGCCTGATCCAGGAGGCTTTGGAGCCTTCCGGAAAAAAGTTCCTGTCCGGTTCCGGAGCCAGGGAAGGGATGAGGTCATTCCGGACCAGGCCGTTAAGGTCGTCATTCACCAGGATGACGCGCCAGGGCATTTCCGCGGATGAAGGGGCGGAAAAGCCGCCAGGGTCCTGAAAATATACCGTACGGCACACGCCATCCTGAAGGGAGAATTTGATGCCGCTCCATTGTCTGTTGAAGTTGGCGGCTTCCTGGATGAGTGCAACTCCTCCATCCGGCAGTTCCACCGTAACCGGCATGGTGCGGATATAGCTGCGGGGATTACCGGGATCTTTTTTGAAATCCGTTATTCTGGAAGGAGTCCAGATCCCCTCGCAGGGACCCAGCGCGGCGGCTGCGTCCTGGGTCCACAGGACAGTTTTTTCCGGAAAGGCGAAGGCGGTTTTTTCTTCACTGATGTTCAACGAGGGCGCATTCTTTACGTCCTCCGTCCATTCATAGCGGAAGGCGACTCCGTTGTTGAAGATGCGGGCGCGCAGCCGGAGGGAGGAGTTGTTCCCGGAAACCACATATTCATTGAAACGGACGGAGGCGGAAGGGTATTTGCCGCGCGTTTCGAAGGTGTCGCAAACGTTGTTTTTCACTTTTTCCACGTTCCATTCCGTGACGCCTCCGGCAACGTCTTTCCCATTCACGACGATGCCCAGACTGGATGGTTCTAGAACCGTTTTGCCGCCTTTTTTCAGGGAATGAGCGGCCTGGCCACCCGCATGGAGCATCCAGGACAGCTGCCCGTCCGGAGATGGCAGAGTGGCGTGCGTTTCCGCCGCCTGTCCTGCGCCCGGCAGGAGGCATCCTGCCATACCGCTGATGATGAAGAGAGATTTTATAAGCATATTTTTACCGGAATACGTCCGTTGTTGTCCGGTTATTACAAAATTACATTTTTGAGGGGAGGCGTCCGAAAATTTTTCCTCCGGAAAGGCCGGGATGGTCCTCCTGCCGGGCTCCGGGCTGCTCTCCGGTCCGCTTCATGGAAGGCGGGAGCCGAATGGGGAGATGGAAGATAACGATATTTTATTTCCTGTTCAATATGTTATGGAGAAATAGCGGAAACAGTGGCAGTCAGAATAATAATCTTTACAAAGCTGCCGGGAAAAATAATAATGGCGCTACTGATAGGACGGTAGCGATGGGAAGTGACGGCTCAGACAGAGAACCCGGTTTTCACCATGCGGAAATTCCGGGCAAAGATGCCCGTCCGCATAGTGCTTCCGAACATGAATCCAAATTGACTCCTCCCGAGTCCTGGGATGAGTCTTCCGTTTATTCCAAGGAACTCCCGGACGGAGCGACGTTGGGGCATTATAAGATTTTGAAGGTGCTGGGAAGCGGCGGGTTCGGAATTACTTATCTGGTCCGCGATATGATGTTGAAGAGGAAAGTGGTTCTGAAAGAAAATTTCCCCTCCACCTATGCCTACAGGGATCCGTTTACGGGGCGCGTAGTTCCCAATAACGGAAATGACGCCGAGTCTTTCAAATGGACGCTTTCCAACTTTTTGAATGAGGCCCGCATTCTTGCGAGGCTGGATTCCCCCAGCATCGTCCGGGTGCTTTCCATCTTTGAGTGTAACGGAACGGCTTATTTCTCCATGGATTATATTCAGGGGCTTCCCCTGGATTATCTGGGAGAGCAACAGCTGCTGGACGGGAACTGTTACTCCGAACCCAAGTTGAAGGGACTGCTGGTGCACATCCTCCAGACTTTGGACTACCTGCATAAAAAGGGGATTTGCCACAGGGATATCAAGCCGGGGAATATCCTGCTTACGCAGGCAGGGAATCCCGTGCTCATTGACTTTGGCGCGTCACGCCATATAGAGAACAATTATACTCAGACTGTTCTGGCGACTCATGGGTTTTCTTCTCCGGAACAGGCTCTGGGCAGGAAAGATTTGGGGCCCTGGAGTGACCTTTATTCCCTGGGCGCCACGTTTTATTCCCTGCTGAAGGGCGTTGCGCCGCCCAGAGGGGAGGAACGGCTGGTCAACGACACCATGCAGCCGCTGGCCGCCTCCTCTGAGCTTTTCGCCAATTATTCGAGGAAGTTTCTGAAAACCATAGACAAGGCCCTCTCCCCCCAGGTAGAAGACCGTTATAAGTCCGCGGAAGCGTGGATTAAGGATCTGGGAGTTGATGGAGGCGCCATTTCAACTATTCAGTTTTCTCCTGAGGAGTTCAAGTCCGCCCGCAAGCGTTTTTTCAATCTGTTTGCCTTATCCTCTTCCCGCTTCATGTCGAAAGGGCAGGAAAAATGGGAGACGGGCTGGAAGAGGATATTTGGAGGTTTTCTTGTTATCGGCCTTCTTGGCGCGGCTCTGGGCTACTTTGTTTATGACTGGGGAAAGAAGTCGGATGAGGGAGATTTTACCAGCATCATGTCCACGGCCATTCCCCAGATTATTTCAGAGTCAAGGGATGTGTCATTTCTGAGATCCATGGATCATTTTGACGTCAGGCTGGACAGTCCGTCTTTATCGCGTCACGCCCTTCCATCCGTGCTGCCCGACCGCTTTTCCCTCGTATGCGTTCATTTGAGGGCGCTTCAGGAAGACAAGATGTGCCCGCCCCTGTATCTGACCATACGTGATGAGGACGGGAAACTGGTTTCCCGGTCGTTTAACGGCTTTTCCTTCACCTTGATTGAAAGCCCGACGCTTACCGGCTTCCGCTTTGTGGATCTTCCGGCGCTGGAGGTGGATGTCCCTTACAGGTTCAGTTTTGAGACCAAGGATAATGTTCCCCATCCGCTGAAGATTGTTTCTTCCCAGGTTTCGACTTTGGAAAGCGGGAAAGCCCTGAAGCCCCATTTCAGATTCATTTGCACGGCGTATAATCCTGAGGTGAAAGCTTCGCTGGACAGTCCGGAGAACAGAAAGATCCGGGAAATGCTTCTCGCTTCCCGGAAAAGGAACCGCACGGAAATCGATTCCATCGTGCTGACGGAACAGGAGAAGATCCAGTTGAAGAAATTCGCCAAGGCCGGATATCCTGCCGCCCAGTATAAAATGGCCCGCCTTATTTTTGAACGGGATGGAAAATACGGTCAGGAAGGGGGCGTCTGGCTTTACAAGGCGGCCATGGGCGGCTTTATTGTGGCTCAGCGGGATCTGGCGTTTCTTCTTATAGGCGGGAAGGAGTTTTTCCCGGATCTGCTTCAGTGCCCGGTCAGCCTGTCCCAGAATTATTCCCAGGCGGTGGATTTGCTTTTG
NZ_CP114598.1_gap44	1690861	1695098	4237	ATTGCGCACCAATTTCGTCTCCGACCGCGGCGCGGCATGGTATGCGGATTTGTACCGCAGGGACGGCCTGCGCGGCGGGCATGTGATCAAGCTGGGACCCGGGAACGACCTTGCGGCGCGGGAGGCTCTGGCGGCATGGCCGGGAGGTCTTCAGGTGGGCGGCGGCATGACGCCGGAGAACGCGGAGGAATGGATTTCCGCCGGGGCCAGCCATGTGATCGTTACCTCCTGCCTGTTTGATGCGGAGGGAACGCTGCGGATGGACAGGCTGAAGGATCTTGTGTCCGCCGTGGGCGCGGAGCGGCTGGTGCTGGATTTGAGCTGCCGCAGGGTGCAAGGGGGCTGGGCCGTGGCCATGAACCGGTGGCAGACCCTGACGGAACTCCGGGTAACGGCGGAGACGCTGGATGTCCTGGCGGAACATTGCGCGGAATTTCTTATCCATGCGGCGGATGTGGAAGGGCTCTGCACCGGCATTGACCGGGAACTGGTGAACATGCTGGGAAACTGGCGCCGCCTGCCCATGACGTATGCCGGAGGCATCAGCCGCATTCAGGATATTGACGAAATAGACGCTTTGAGCGGCGGAACCATGGATGCTACGGTGGGGAGCGCTTTGGATTTGTTCGGCGGAGGGTTGATCAGGTATGGGGACCTGGTGGCCAGGCAGCGCGGGAAGTCCCGTACGGAAACGGTATGAAACTGGCCCTGAAAGTTGTTCCCAACGCGAAGAAGAGCGAGGCCGTGGGGTGGGAGGATGATCCCCGTGCCGGCCGCGCGCTGAAGCTGCGCATTGCCGCTCCTCCCGTGGAAGGAAAAGCGAACAAGGCCGTCATCCTTTTCCTGTCCGCATGGCTGGATATTCCCCGGTCCTCCGTCAGTCTGCTGCGCGGGGAGTCCTCCCGCCTGAAAGTGGTGGAACTGCCGGACGGATGCGAAGGAAAACTTGCCCGACTGCTTTCTGATGCGGATGCTTCCGGCGTTTAGGGAAGCCGTGCGGAAGGCCGGCATTTTCTTTTCTGCGTAGATGGGTTGCATCAGGCGCGTTCATTACGCGTCAAACGTCATCCATGTCTTAGCACGCCGTTGACGCATCCGGTAAAAGAATTTACATTGTCCGCATGAGCGACGAAGAGAAAGAGAAAAACGCGGAAGCGGAAGAGCTGGAAGCGCAGGAACAGGCTCAGAATGCTCCTGCCGAGGGGAAGGAAGCGGAACCTTCCCTGGAAGAGGAATTGCTTAAATGGAGGGATGCCGCCATGCGCACCGCCGCGGAATATGATAATTACCGCAAGCGCATGGTGAAGGAAAAGGAAGAATGCGCCAAGTTCGCCAACCAGCGCCTGCTGGAAGAACTTCTTCCCGTCATTGATAATTTTGAAATGGGCATGGCCGCCGCCAGCGCAGATGCCTCCTCCATGATTTACATCGGCATGAGCATGGTGAAGAAGCAGCTGGACGAATTTCTCGCCGGCAATGGCGTGAGCGCCGTGGATCCTGTGGTGGGAAGCATGTTTGACCACGCCACGGAGGAGGCCCTTCAGCGGGAACCCTCCGACCAGCCGGAAGGCACCGTATTGCGCGTTATCCGCAAGGGGTATATGCTGAAGGACAGGCTCCTGCGCCCGGCGAACGTGGTTGTCGCCCATACTCCGGAACCCGAACCGCAAGTCTGACCGTTTTTTAACATTCACGCCACATGGCTAAAAAAGATTATTACGAGATTCTCGGCGTTTCCAAGGACGCTACTGACGATGAGATTAAGAAGGCTTATCGCAAGCTGGCTTTAAAGTACCATCCGGACCGCAATCCGGACGACCCGTCCGCAGAAGAAAAGTTCAAGGAACTGGGAGAGGCCTATGAGGTGCTTTCCGATGCGGACAAAAGGGCTGCCTACGATCGCTTCGGCCATGCCGCCTTTGAACAGGGCGGCCCCGCCGCGGGCGGCGGTTATGCCGGGGGCGGGTTCCAGGACCCGATGGATATTTTCGCCCAGATGTTTTCCGGCATGGGCGGTTTTGCGGATATGTTTGGGGGCGCCGGCCGCGGCGGCCAGAAAAGGTCCACTAAAAGGCCCGGCTCCGATTTGCGCTATGACCTGGACATCACGCTGGAAGAGGCCGCGAAGGGCTGTACCAAGAAACTTGAAATTGAGCGTCTGGTGACCTGCAAGACCTGCCACGGCACCGGGGCCAGGGATGGAAAGGAAGCGTTCAAATCCTGTCCTACCTGCCAGGGGCGCGGCATCATTACCCAGCAGAGCGGCTTTTTCGTCCAGCAGTCCACCTGCCCCACCTGCCACGGCACCGGGGAAATCATCTCGGATCCATGCCCCGTCTGCCGCGGGGAAGGGCGCGTCAGGGAGGATTCCCACATCACCATCCGTATTCCTGCGGGCGTTGCCACGGGCAGCCAGCTCCGCATCGCCGGGGAAGGGGATGCCGGGGTGCATGGCGGCCCTACCGGGGATCTGCACGTGTTCATTGACGTCAAACCGCACGATATTTTCCAGAGGGAAGGCAATGACCTGAGCTGCACGGTTCCGGTGCCGCTTTCCCTGGCTGTCTCCGGCGGCAAGCTGAAGGTCCCCACGCTGGAAGGCGCGGCCACCATCAAGCTGCCGGAAGGAACGCAGAACGGCATGATCTTTCGTCTGCGCGGCAAGGGGGTAAAGGCCCTTCGCAGTTCGGACGTGGGGGATATGCTGGTGGAGGTGGAAGTGGAAATCCCCTCCCGGCTGACCAAGGAGCAGATGGATAAACTGAACGCGTTTGCTTCTGCTCTGGATGAAAATCGCAATCAGCCGGCTTGCGTGGAGTTTGCCGACAAGGCGGCGCGTTACCTGAAGAGCAAATAAGGTCCGTTTCCCTTTTTCAGACATGGCCCGCTTTTTTCTTCCGCCTTCCGAATGGGCTGCTTCCGCCTGGGAGCTGCGGGGGGATGAGGCGCACCATGCCGCCAAGGTTCTGCGTCTGAAGCAGGGTGACTCCTGCATCGTTTTTGACGGTTGCGGCCGTGCCGCCCGCGCTGTGGTGGCGGAACCGCCGCGCAGTTCCGGCGTGTTGCTGGTTCCGGGGGAGGAGTGTCCTCCTTCTCCCCCCGTGGCCCATTTGACGCTGTGCCAGGCTGTTCCCAAGGGCGCCAACATGGATCTCATTATTCAAAAGTCCGTGGAACTGGGTGTTTCTGCCATTATCCCGCTCGTGACGGATCGCACGATCGTGCGCCTGAATGCCCGGGAGGCTGAGGCCAAAAGGCAGAAATGGCAGCGCATTGCCCTGGAGGCCTGCAAGCAGTGCGGCCAGAACACGCTGCCTGAAGTGGCGCTTCCCGTTCCCTTCGCGGAATGGCTGCGCTGCGGAATTCCGGAAGGACTGAATATTATCGCCTCTCTGGTGCCCGGAGTGCGGCCGGTCAGGGAGGTGCTGGAGGCTGCCCGTTCCCGTTCCATTCGGCACGCTTCTCTGCTGGTGGGGCCGGAGGGCGATTTTACGGACCGGGAGACGGCCATGGCGTTGGAAGCGGGGTTTGCTCCTGTCACGCTTGGCCCTATCGTTCTTCGGGTGGAGACGGCCGCCTTTTTCGGCCTGGCCGCCATGCGGTACGCTCTGGACTAAGTTTTTTCCATACGCATTCCCATGTTCAAGAATATCATTTTCGACTGGTCCGGCACTTTGGTGGATGACCTGGCCCTGACGCTGGACGCCTCCAACTACGTTTTTTCCCAATACGGGAAACCCTGCATGAACAGGGATGAATTCCGCGCGGAATTCCAGCTCCCCTATCCGGACTATTATGCCCGGGTGCTGCCCCACGCGGATCTGGATGAACTGGAAGACCATTTCCGGTACGCCTTCCGCGTTTCCAACGCTCCGGTGGAAGTGCTGCCAAATGCCCGGGAATTCCTGGAATTCTGCCGCGCGCGCGGCGTGCGCTGCTTTATTCTTACCAGCGTGGACGCCAAAGAGTTTGATATCCAATGCAGGGAACTGGGCATGATGGAATATTTTGAAGCCATTCACGCTGGCATCCGCCATAAGGATGCCCACATTCATACCCTGCTGGCCCAGCACGGTCTGCATGCCCATGAAACCGCATTTATCGGGGACATGCAGCATGATGTGGAAACGGCCCATCACGCAGGCATCACATCCATTGCCGTCCTGACCGGCTATAATGACGCTGCGCAGCTTTCCAAGGCCAAACCGGACATGATTGTTCCGGACCTGCTTGTTCT
NZ_CP114598.1_gap45	1754681	1755412	731	CCCGCAATATGCGCACCCTGGGCGTGATGTCCAAAAATCCGCGCACCGGGAAGTGGCACCTGGTCAACCGTTTGCAGACTCTTCCCGCCGGTTTTTACGTCAGTCCTGCCTACAGCACCCTTCTGGAAGGTTCGAAGAAGGCCAGGGGCGAGAAATCCACGGCCCGCGATTTTGCCAGCCGTGACGGGCAGGATACCGTCAACCTTCCCGGCAACAGAATGACGGATATTTACTTCATTGAATTTGACGAGGAAGGCCGCATGTCCCAGCCGAACGCCCCCACCCGCCTGGTGGTGGTTGCCGGTTCCGCCGGGAACGGCAAGGAGGAGAGGCCAACCCCGATGGTGGACGGCAAACCGGGCCTGGCAGGCGGCATTGTGATTTATCCCAAAGGCAATATCAGCCGTCTGAGGACGACGGAGCAGGTGATACCCAATTAGTTTCCATGATGTAATATCGGATTTTCATTTTATGTTGACCAAGTGTATGAAACAGTCTCGTGCCAAGGGGTTCACCCTGACGGAAGTGGTGCTTGCGATCGGCGTGGTTGCCGTGCTGATCGTCGTGTTCATGGCCATGTTTATTCCTGCCAGAAGGACGGTTCAGTCCGCCCTGACCATTCGCGAAGCGGACCGCATCGTTCACGCCCTGACGGCGGAACTGGGAGAACTCCGCAATTCCGAGCGTGCCGCGTCCAACGCCAGAAAGTCTTCCTCATCCAAATATGTTTC
NZ_CP114598.1_gap46	1792399	1795013	2614	CAGGATAATTTGAACGTTCGGGTCCGCATGGCGCTGTAAAAGGCGGTTCAGCAACTGCACTTCTCCGAGCCCGGCGGCAAGATGCAGCAGGGTTTCATGAGAGGGAGTGATGCAGCGGCCGTCTGCGCTTTCCGCCGTGTTCCGTATCATCTGAAGCCGTTCCCTGATTTCGTCCTGCATGTATTGGCGCATGGAAACCTCGGAGAACATGTGCCAGTCAATATGGCGTGAATTGAGGGAAAGCCCGCGGTAAATGAAACGTTCCGGATTCCGATGGGCTGTGAAGTTCGCAGCGGTAAGAATTTGTTCTTTTTCCGATTTTGTCCAGATGGGGTTGAAATTCCATTCCACGGAAGAAGAATTATTCCTGTTGAGCCAGAAGATAGCGAAACCTGCGGCAAGAGGGGCAAAAAAGCTCAAAGCTCCAAGAAACCAGAGAGTTTTCTTTCTTAAAGTCATGTGTATCATAAGCAGGGGTACTGCGAAACGCCATGATGCAGGAATCCATAACTACGGGCAATGAAAAAATCGTATGAGTAAAGAATGCCCGGGGCAAATGAGGCGGGAATTCGGGTGGCGGATTGCAAATCCGGAGGAGAATTTTTTCCGCTTTATCTAGGAAAAGAACCCGTGGATAAAGCGAATTACGAAGGAAACGGAAAATATGGTGTCATGACCTGGCTTTCAAAAAAGTTATGGGGTTTATGGCGTGGATCATTTAATTCCAGTTATTTGAATTGTATCCGGATTTGCAATCCGGTATAATATGTTAGATATTGCAGATGTGCGGTTGATTTCAAATTATTTGCATTTGTCGTTGTTGCAATCACGGTAAAATAAAGGAAACGGAGGTTGATGGAAGAAATGGAAAGTTTCCCGTAAGACGAAGGGGAAAACTCTATCTCCGCTGTTGGCCCGCTGCTTTCTCCTTTCATAGTCCGGTCCGTGCTGTCTGAAGCCGCTCTTGCCTTGGAAGAGAGGACAAACGATGATTCTGGCAACGTTATGGATTCCGTCAAACTTATTGCGTCCGATATGGATGGGACGCTGCTTAAGGAAAGGGAGAGCTGGACCCTGCGTTTTTTCCCTTGTTTAAGGAGCTTGAGCTTCGCGGCATTCGTTTTGCGGCGGCAAGTGGACGCCAGTATGACGGGTTGCTACGAACCTTTGCCCCTGTGGCGGACCGGATGCTGTTCATTGCCGAGAATGGCGCCTATGCGGCGGAGGGGAGAGAAGAGTGGCTGCTTCTGGATATGGATCATGAAACGGTAGCCGGTTTGATTGCCGGGATCAGGCGCATTGAAGGGACCTGCATCGTCCTCGCAGGGCGGGATTCCGCATATATTGAGGACAAACAGCCGGAATTCGTCCGGGAGGCCCGCAAATATTACACACGCTGTCAAGAAGTGGGGAATCTGCTGGATGTGCAGGGGGACAGATTTCTGAAAATAGCAGTGTATGATTTTCTGGGCGCCGGGGAAAACAGTTATCCCCGGCTGAAGCATCTGGAACATGGTTTCCAGGTGGCGGTGTCCGGAGAGAAATGGATGGATATCAGCAGGAAAGAGGCCAATAAGGGGGCCGCCCTGGAATTGATTCAGCGGAAACTGGGAGTTTCTCCGGAGGAGACGATGGTGTTCGGGGATCAGATGAATGACGCCCCAATGATGCGGCAGGCGCGCTTCAGCTATGCCGTGGCGAATGCCGTGCCGGAAATCCGTTCCATGGCTGCCCTCGAGGCGCCGTCCAATGAGGAAAACGGAGTGATGCAGATACTTGAAAAGATGTTGGAAGCCTGTTCTCCGCAGGAAAGGGCCGGGGATTGCAGAAGACCCCGTTCCTAATTGCCAGGGAGGAATGAAATCAGGGTTATGCTGATGTTCTTGTCAGATTTTTTTGAGATGCTGGTGATGGCCGTGTTCGCTTGCATAGGCGGTGTTTTTCTGGGAATGGGCTTTCTGCTGCTCAAGTTGGCGGGAATTTTTTTGGGAATATTGGCGGGGTGCATTATTTTGATGGAAGCGGCCGGGAGGTGGATGTTCCATTTGATGGGAGCATAATCCTGTTATTCGCGGCAATGAAGGGGGCGCTTCCCGTTGTCGGCTGGTGCCGCTCCGCGTTTTCACCGGAAAATGCCCGGTTTGCCTTCTGCGCGCAGGGGAAAATCTTCCCTCAGGATTCCGTTGGCGCCTCCATGAAACGGACTTGTTGCCTTTGTACTGTCTGGCAGGGCGGGAGACGGAATTTCCCCGTCTCTCCCGTCAGCATGAAAGCTGTTGCCCTTTTTAGTTTTGCTTTTCCGGAATGTCTGTGGTACATCCGTGCCAGACGTCATGAATCAGGAATTTTTTTCAGTGCTCGTGCAGGTGGCGGCCGCCCTGGGGCTGGCCGGCATGATCTTGTTGCTCAGTATCTTGATGGGCAAACGTTCTTCCGTGCGCAAACCTGCGGACATCCCCTATGAATGCGGGATGATTCCCATGGGGGAAGGTGCCCCCATGTTCTCCGTAAAATTCTATATGGTGGCCATGCTCTTTGTCATTTTTGACTTGGAAGTAGTATTCCTCTATCCCTGGGCCGTCAATTTCCGGGACTATATTATGATGAATCCGGA
NZ_CP114598.1_gap47	1985719	1987918	2199	GGTGGAAGCCCGGCTGACGGATAAAATCGTCTCCCTGGGGGCCCGGCTGGGCATGTATGAAATGATGCGGACGGGCACCACGGCGTTTGTAGATTCCTACCTATTGGAGGCCAATGTCCTCCAGGAAGCGGAACGCATGGGAATGCGCTGTGTTGGCGGGGAAGTCGTTTTTGCTTTTCCCTCTCCGGCATACGGGGGGTGGGATGGTGCGGAAGCCCTGTACCGGGAGCAGGCGGAACGCTTTTCCGGCCGCGGCAGAGTGCAGGTGGCCCTGATGCCGCACAGCGTGTACACTACCAGTGACGAAGTGCTCCGGAGTTCCATGAAGCTGGCGGAGGAACTGGATCTGATGCTGCATATCCATCTGTCCGAATCCGCCGGGGAAGTGGAGCAGTGCCGTTCCCTGCACGGGGGAAGGCGCCCCGTGGGCTATGCCCGCGATATGGGGCTGCTGAATGAACGCGCCGTGCTGGCTCATATGGTGGACGTGACGGATGAGGAACTGGAGCTGGTTGCCGCTTCCGGGGCGGCGGTTGTCCATAACCCGGTCAGCAACCTGAAACTGGCATCCGGCTTCGCCCGCGTGCGGGATATGGTGCGGGCCGGCGTTCCCGTCTCTCTGGGAACGGACGGAGCGTGCAGCAACAACAGTCTGGACATGTTTGAAACGATGAAGCTGGCCGCTATTCTTGCCAAGGGGTACAGCGGTGACGCTACTGCGCTTCCCGCCATGCAGGCGTTGAAGATGGCTACGGCGGAGGGCGCCCGCATTTTCCGGACGCCGGGGCTGGGAACACTGGTTCCGGGAGCTCCTGCGGATATGATCGCCATGAATTTGGATGAACCGAATTTGTGCCCGATTTTCAACGAGACGTCCCATGCCGTTTATGCATCTTCCGGCAAGGATTGCGTGTTCACCATGGTGGAAGGGAAAATTTTGTATGACCATGGAATTTACACGGATGGCCTGTATGAGGATACCGCCGCGGAAATGCGGGATCTGGTAAAGTGGGTGAAAAACAGTGATTAAGTATTGGAAATGAGCGAATAAAGGCAGGTTTTCGACACATGCTTTAATCACCGGTCCCTTACTTCTGCTATCTGTCGGCCTCCTGAGTCGGCGCATGCTCATATTCCTTCTTTACCCGCAAGGGGGGATGCCTTTATAGTAATTTCATGCAATATGATCTCATCGTCATTGGTGGAGGCCCTGCCGGCTATGTGGGCGCCATCCGCGCCGCCCAGCTGGGGAAATCCGTGGTGTGCGTGGAACGCGAGCGGGTAGGGGGCACCTGTCTGAACTGGGGTTGCATCCCCACCAAGGCGCTTCTGAAAAACGCTGAGGCCTACCTGACTGTAACGGCCCGTGCCAGGGAATTCGGCATGACGGTGGAAGGCGTCAGCGTGGATTGGAGCGAAGTGATCGGCCGTTCCCGTAAGGTCAGCGACCGCCTGGCCGGCGGCGTGGGGTTCCTGTTCAAGAAAAACAAGGTGGATTCCGTTACGGGGGAAGCCTCCATCATTTCTCCCGGCAGGGTGGAAGTAAAGGCCGCCGACGGGACGGTGAATGTTCTGGAGGGAAAGAATATCCTGGTCTGTACCGGCTGCGTCACCCGCACGGTTCCCAGCCTCCCCCTGAACGGTACTACCGTCATCGGCTCCAGGGAAGCCATGGTGCTGGAAAAGCGGCCTGAAAGCATGATCATCATCGGTTCCGGAGCCATCGGCACGGAATTTGCCTACATTTACAATTCATTCGGCACCAGAGTGACGCTTATTGAAGCGCTTCCCCGGATGCTTCCCAATGAAGACGACGACTCCTGCATGACGCTGGAACGGGCATTCAAGAAGCAGGGCATCAAAGTGATGACGGGAGCTTCCGTAGAATCCGTTGCGGAAACCTGTGACGGACAGGTCAAGGCCAGCGTGAAAAACAGCAGGGGACAGGAAGAGGAAATCACGGCGGATGTCTGCCTGGTGGCCATCGGCGTGAAGCCGGTTGTTCCCGCCGCGCCCGGCCTGGACCTGGAGCTGACGGAAAAGGGATTCATCAAGGTGAATGACCGTTATGCAACTTCCATTCCCGGCGTGTATGCGGCAGGCGATGTGATCGGCGGCGTGCTGCTGGCGCATACGGCTTCTTTTGAAGCTGTGCAGGCAGTAGAAGGCATGTTTAATCCGGACTATCAGCCCAGACAG
NZ_CP114598.1_gap48	2027206	2029518	2312	TAAGCCATACGGGGGTGCGCCTGCACCTGCTGGGCGGCACGGTCCGGGCGACTGGCCGCATCTCCCCCGTGACGGGCCGCCCCACCAAAAGCCTGCTTGTCCCAGGGCCGGATTCCCCTTTGCGCAAGCGGCGGATCACGCTGGCCGAGGCCGGAATTCCCCAGGAGGAAATCATGGTCTTGTACAACGTCAAAAGCCGCATGCCCTACCTGGCCCGCGTCCAGGAACGCAAGCGCATGTACAAGGGCTGGAAGCAGAAAATAACGCCGCTGGGGCTGCTCCTTAAATCCGTGACGCACGACCCCGACCGCACCGTTCTGCCGTCGGATCAGGAACTGACCGACACCGTGAAATCCTCCGCCGTGGACACCCTGGCAACTAGAATTTCCAACCGAACGAAACGATGAACAACGAACTACCGGACGGCCCCGAATACGTGTTTGCCCAGGCGGTGATCGACCGCCTGGCCGGAAAAAAAGAACTGGCCAATTACGTGATGCCCGCCCCGTTTGACGCCAGCGACCAAGTGAACAACCTTGCCCTGGCCGTGGCGCAGTATGATGCGGCCATCGCGGTCATGCCCCAGGCACCCCAGCCGCCGCCCTGGAAGGGTGTGGACATGCCGGACCCCGGCGTGATTGTCGCCACGGCAGCCATCCTGGTCATGACGACCGGGCAAGTGGGGGCTGACCCCACGATCCGCCGCTTGTCCGCCCTGACCGCCGCCGTGCTGCGGCGGCTGCGCAAATGGTCCCCGCACAACGACGAGCTGGCCGGGACAGCCCCCTGGGTGGCGGAAATTACAGAACTAAGCACGGAACAAGTGCCGGACCTGAAGAACGTGGACGGCAGAGTGATTTTCCTCTCGATCCGAGAAACCCTGAACCCATAGCAACAACATGGCAAAGACAGAAAAAGAACAGACGGCCCCGGCATCCGCCGCGGGGGAAGCAGGCGTCAGCAGCCAGGCCAAGCCGCAACTGGTGAAAGTGCGCGTGACCAGGACGGGCACCAACATCAGCGGCATGACCTACCTGGCCGGAGTGGTGGTGAACGTCACGCCCGACCAGGCTGCGGCGCTCGAACAGGCAAAAGCCGGCTGCCGGGTATTTTAACGGACCGGAGCCGGAACGACGAACCATTAACAATTAACTATTAACCAAACCAAGCACATGGCATACGAAAAAAGATTTGTCGATAATTTGATCGGAGGCATGATCATCCGCATTGCAAAATTCGGGGAAACCGTCACCGCAGGAAACACGGTGGGAGAAGGGGCCAAGCCCGACGCTCCCACCCCGGAAAAGCCCGGACCGTGGCTGACCCTGGGTAAGATCAAGACGGCTACCAGCGAACGCCAGAAGAAGACGGCGACGGTGGAAGGCGTGAACGACGCGGGATTTTATGAAATGCGCGATTTGTCGATCGCCCAGCAGTCCAAGCTGAAGTTCACGACGCAGGAGGTGACGCCTGAAGCGATCCAGCTGGCGTTCGGCGTGGCGGGCTGCCTGGAAGATGACCAGGAAGCCGCGCCGTTTTCATCCTCCGGCAACATCCGTTGCTGGGTGTATGGAGAACTGCGCAACTCCGGCAATAACGCCGAAAAGCTGGCCCATTTCTGCGTGATGGGGGATTTATCCCTCACCAACAGCCCGAATTTCGCGTCCGATCCGGTGACGTGCGAGTTTGAGCTATCCATCAAGAATTCCCCCCTGGCTACGTTCACGAGCCTGGCGCTGGCCAAGCTGGCGGCGGATTAACCCTGCGCCCATCCAGGAGCCGTCCGGCTGGGGCGGCTCCGCTTTCCCCCTTCCATCTTTCCAATCATGATTATATACATAGATGCTAACACGCTGGCCCTGACGACGGCGGGCCAGGTGCCGCTGACTGACATGGCCCTGGTGCGGGGCGACAAGATGCCGCTGCGCATCGTCCTGACGGACGGCCCCGGCAACCCCTCGAATTCTGACGAGGTGCCCGTGCTGGCCGTGAAAAAATCCCTGGGGGACGATTCCCTGGTGCTGGCCGCCACCAATCTGGAGCCGGTCGATGATGCCCTGGGGCCGGCTTATGTCGGGAGCCTGTCGGTCAACACGACCCAGTTGATTGCGGCAATGAACAGCGCCGCGAGCATCGACCTGATCGGTGAGGTGGTCCTCATAGCCGGTGATGGTTCCCAGCGCACCTCCTCCCTGATCAGGGTAACCGTGCGCCAAGACATCTTGCCGGCGGATGTTATCCCTCCGGAGGATGTGCTGGCCGACTGGTCCGAACTGGTAGCCGACGCCCTGGCCGCACAACTGCCGGCCGCG
NZ_CP114598.1_gap49	2049549	2051299	1750	TTCGGGGAACGCCCGGTAACGTTATGCACCTGTTATGCAGGCATCTTCTCCTTTGCCCCCTCTGTCTCCGCGTACCAAGTGGCTGATTGCCCTGTGCCTGTGCGTTCTCGTGATGCTGCTGGAGTTTCTGACGTACCATATGGCGTACCGCATCGGCTATGATGAAGGGATGTTGACCACTCCGCCGGTGGTGGTGCAGAAAAGCGATGAAAAGGCCATGCAGAATTTGTCCCGCTTTATGGCGGATGTCTTTGCCTCGCGCGAGAGCCTGGCCGGCATTCTGGACAACCGGGAGGAACGCCTGGCATGGATCAGGGATCCGGAACTGCGGACAGAAACGGCCTGGGGCCTTACCCGCGAGTTGATTAGCCGGGGCGGCGCCATTCTTGCTCTTCCTGCGGCCAGGGAATTAATTGACGCGGGATACGCCGCCGGACGCTGTCAGGTATGGGCCCCGCGCGCGGATGCCGTGGCAAAAGCCCTGTTGGCGGAGCACCAGTACACTTCCGCCTACGATTATTTGAAAACCGCAGAGGAGGGATATGAGAAGGAAGGAATGACCGAACCGCTGGTGCGGACCCTTCAGACCATGAGTTCCATTGACCAGATGCTGAACAGGAATGAGCAGGCAAATATGTTGCTCCAGCGTGCGGTGGATGCCGCCGCGCATCTGGGGCCGGATGCCCTCCCTGTCAGGTCCAGGCTTTTGGCCGCCCAGGGAAGGCTGGCGCGCACTACGGGACGCATTCCGGAATCGCGCGAGTATTTCAAGAAAGCTCTGGCCCTGTGTTCCCAGCCGGACAAGACCACCGGAGACCTGGCCCTGGCCAGCATCAGCATGGGGGAGGCCATGTTGGAAGCCGGCAGGAAGGAGGAGGCCCGGGAACTGTTTTTAAAGGGACTTTCCGGCTCGGAAAATGCCTCTTACCTGTTGAATGACTGCCTCAATGCCCTGCGCGGTCTGGCCCGTATTTCTACGGAGCAGGGGAATTATGAGGAAGCCCTGGCTTATCTTTACCAGGCGGAAGGAGCTGCCCGCGGCGTATTGCCGGCAGACCATGCTTTTTGGACCGGGTTATATGATCAAAGGGGATGGGTCAACATCTTGCGCAAGGCCGCTCCGGAAGCCCGGGCGGATTTTTTAAAGGCCATTTCCAACAGCTCGGCTTCTCCCATCATTTCCGCACAGTCACGCGAAGGACTGGGCAAGGCATGGCTGGATGCCGGGGAGGGGAGTAAGGCCAGGGAGAATCTGGAAAAGGCTCTTCAGTTGCGGAAGTCCCATTTCGGCTCGGATCTTCTGTCCCTGGGCCGCGTATATTATTCCCTGGGGCTTGCCTGCGATATGGCAGGGGACAGGGAAGGCGCCCTGATAGCTTATGCCGGAGCGGTGGATTCCCTGTTGAAATGCGTGGAGGGGGCGGAACGCAGAGATTTGCTGGTGCAGTCTTATCTGTGCAAAGCGTACGCCCTGTGCGACGGAGAACAATGGAAGGAGGCCGCAGAGGCTTTTGAGGCGGTTCTTCCCATGCTGGAAGGGGAGCAGCGGTCGGAAAATTACAAACAGCTTGGACGCTGTTACGACGAACTGGGCATGAAGGAGAAAGCGGATGACTGCTGGAAGGAATCCGGTTTTCCCCGAGTGCGCATGGCGTCCCCCAGACGCAGAACCTCCGTGAAGTCCAGATCTTCACGGAGATAGGATGCGGGGGCTTCGTAAGACGTTGCGAGGCGTTTATTTTGCTTGATT
NZ_CP114598.1_gap50	2052445	2053626	1181	TTCCCAACTTGAAAAATACAGCCAGGCAGAGGCTTTGGTGAAACGGGCTTATGAAGATGTGAATATCGCCGCGGCTTTCCTGAAGGCGCGGGATTACGATCAGGCTGTGAAGTATCTGGAGCAGGCAATGAAAGTGGCCCGTGAAAATACCACGTTTGTTCAGGCGCTTCAGCCGGTCATTCTGAATCTTCAGGCGGAGATAAGCGCCGGCAGGGAACAGTGGGCTTTGTCGGAGGCCCAATATGGAAAGTTGATTGATGAGTGGGATGCGTTGACTCCGGAAGATAAGGAGAAACTCCGGAACAATCTGGCCTCTATTCAGTTGGGAGAGCTTTACCATGAAATTCACCGCAACTGGGCTGGCGTGTGTCTCAAGCAAAAGCGAACCACGGAGGCCCGCAGGGTGCTGGGAAAAATAGGGGAAGTTCCGGCAGAAGAGCCGGAGAGGCGCGCCTCGCGCCGCCGCCGCAGATAGTCGCCCCTGCTCTCAGCCAGGCTTTCCTTTTTTGGAAAAGGCAAAGTTCTCAATTGGCATACCGGAGGGACGCAAAGTTTCCTGGAGGCTCCGGTTGGGGGCTTGAATGCCTGCGGGCGGTTGCGTGATTGCTGAAGGGGCTTTTTACGCGAAATGCCGCTTTAATCCTCCCATGGCATCATCAAAGAACTTTGGGCAGGTTCCGTTTCCCTGTATTGACGGGTATTCCGCATTCTAAAGGGGAATACGGATTCCACACCTGTCAACAAATTATATGCCTCTTTTTGCAAATGTAACGTTTCCGGTATGATTCATACCCTCAGCCAGAACTGAAAAACAGCTTCCGCAGAATCTTTAGTTGCGGACTTTGGCTTTCTGCCTCACATGGCTGAGAGCCCTTTTCCCATGAACCATTTTTTCACGGCGGTCAGCTGCGGACTGACGGCGAGAGCGCACAGTATATTTTGCGAAAATTTGGCTAACCGTAAGGTTGCCCTGTTCGAAAAGTTTGAAAATATTATCTCTCACCCTCATGGCTTCCTGAAGCGCCGCATCAGCGCCCCCGTATTGAGAATCGGAGAAATAACGGGTGAATAAACGCTTGTTCTTACAGATCGCCAACCGGTAGCCTTGAAAGGCCGTTGTTTCGTAAGTGTAACGGGTGATGTTTTTACAAGGCATATAAACAGGAGTTGTGGGACCGGGT
NZ_CP114598.1_gap51	2061720	2066532	4812	ACGGCAATCTTACCGTGAACGGTGACGGCACGGACCTGATCAAGACGGGAGAAAAGACCCTGGCGCTGAATGGCAATGTCAATACCCCCAATGCGGTTGTTGTTAAAGAAGGCACGCTGGAACTGAACGGAAGCGCCAACAATGTCGGCACGCTGACTCTGGCCTCCGCTTCTGCAGATGCAATGGCGCGCACCGTGATTGGAGGGACTGTCACAGCCACTCTGTCGGATGAAGATGAAGGCGGTTCCCTGGAAATTGCTGCGGGGGGAATACTCAGAACCGCTGGGGATTCCGTCCTGGATCAGGAGACTTCCATTTCCGGAGCGGGGAGTTTGAATATTCAGGAAGGTTCCTCCCTCTCCCTGACGGGGGAAGCCGGCCTGTCCGGAACTTCCGTGACGCTGAACGGAACGCTGAGCCTGTCCGGGACGGGGGAAAAATCTATCCAGTCCCTCTCCGGTTCCGGAATGCTGGCGTTGAACGGCGGCGCCCTGTCTGTCACTTCCGCTTCCGCCAGAAACGGTTCTTTCTCCGGTACGTTGGATGGTGAGGGGCGCATTGACGTATCCGGCAGCGTGACCCAGGTAATGCAGACGGGAAGCTCTACGTATGACCTGGGCGTTCATGGAGGGGGGACGCTGGTATTGAAAGGGACCTCTGCCGCTTCCTCGCTTGATTACCGGAATGTTGCAGTAGGTTCTGCCGGCGCCCTGCGTATTGAAGCCATTGGACATGAAGCCGGAGACTCCAATACCTCCTTAAACGTCGGCAGCATTGATTTCCAAAGCGGTTCTACGACGGAATTCGTTTATAATCTAAGCGCGGCGGATCCTTTCGGCTCCGCTATGCTGACGGCGGATTCCATCACCATCGGGAATGGGGCGGGGTTCTCGCTTGCCAATATGGAAGGCAACACGGGGCTGGGAACGTATGACAGCCTGGACGGCGTGGTTCTGATGACAGCGGACACGATTGACGGCATGGCGGAGGGAGAATCTATATCCGTGGGAACTTCCGGCCTGTTTGCCGTTTATTACAAGGATGCGGCCATGAGCCGGGAGGGCAATCATATTGTGCTGAATGCCACGGTGCAGCAGGACAATATTTTTACGCCTGCGGTGAACTCCCATAATTCCGGAGCAGGTTCCGACCTTCTGTGGGAGGCCAAGAATAATCTGGATGCCACTTCCCAGCTTGGGCAGGTGATGCATTCCATCAGCACCATGGTTACGGGAGATCATTCCGACCTGGCGGGAGCATCCAGGGCTTTGGCAGCGGTGGCGGGAAGCACAGTCAACGCGCTGGGTACGGCGCAGCGGGACGCCCTGCGCGACCAGATGGGCTGGATCCGCAACCGGACCACCCTCATGGGCGTCAACCCCGCCTACGTCAACGACGACCTCCCCCGCTTCCACATGTGGATGGAAGGCACGGGCTCCTACGCCCAGCTCGACACCCGGGGGGATGAAAGCGGCTACCGGCTCACCACCTGGGGAGGCACTGTGGGCATGGACGCGGACCTCAGCGACCGCGTCACCGTGGGAGCGGCCTTCACGGCCAGCTACGGAGACCTGACGGCCAGCGCGGCGGACAGCGCCGACGGCCACCTGGACAGCTACTACGCCAGTCTCTTCGGGCGCTACCAGAACAAACGCTGGGCGCACACGCTCATCCTGACGGGAGGATGGAACGACGCGAAACTCAACCGCACGGTCAACTACGGGGAAGGAAGCTACAGCACGCAGGGCAGCACCAGCGGGTGGGGCCTTGGAGCCATGTACGAACTCACCTACGACATCTACCTTGACGAAAACCGCAGCAGCGTGCTGCAGCCGCTCGTCAACGCCTCGGTGGTGACGACGCGGATGGACGGCTATGAAGAAACGGGCGCGGGCAACGCGGGCCTGAACGTCGGCCGGCAGGACTGGACGACGGGAACAGTGGCGCTGGGCGGCCGTTGGATGGGTCTGATAGGCAGCAACATCTTCGGACGTGAAGCGCTGGGGGAAATCCGGGTCAACGCGGCGCAGGACCTGGGAGACCGGAGGGGAGAAACAAACGTCTCCCTGTTGGGCAACCCCGGCTTCGCGCAAAGCGTGAGAGGGGCGAAAGCGGGAACGACGGCGCTGCAGCTCGGAGCGGGGCTGAGCGTGCCGGTGGGGACGAAAGGAACCGTCTTCGTCAACGGCAACGCGGACATCCGGGACGGGTCCAGCTCGGTGAACGGAAGCGTCGGCTACCGTTACGACTTCTAACAGGAAGAAACGGGAAAGGAGGCTCGCTGGAGCCTCCTTCCTCCGGGCCCTCCAGAGCCGTTCCGGAACAACTCCGGAACGGCTCTGTTGCCCAGGGAAAACCCGCCAGTGCCCCAAGAGGGGCAAAAATGAGGTAAAAACGCGCCAAATGTTCCCGGCCCCCTCTTCCGCTATTCGGAGCCGGAAAAAAACGGAACGCGAGTAACAGGGCCTTTTTTATGCGATTTCAGCGGTTTTCCATTCCAATACCACTTCCACCCGCAATTCATCTCCGTGCATGAGCTGGTGGGAAGTGAGGGAGTCACGGAAGAACAGCAGGGATTTCATGGAATCTCCCGCATGGGTTTCTTTTCTGAAATGCAGGTGAATTCCCGTCAGCTGATGGTTCTCTAGCCAGGAGTCCGGCAGGGAGTCCAGGGCCCAGGACAGGTAGGCGGCATTGTTGATGTGGCGGTTGAAATCCGTATCGCGGCGTTCCGCCGTCCATTCCCTGATAACTGGCAGAAGTCCCGAAATATCCATGGATACCGGAGTTACCGTTTCGTTGCATGGGGTATCCGGGAAAGAGCTGATGTGCCTGTTTAATGGCACCGGACGCCTGCGGCGTATATCAATGACAGCCCACAGGCAGCTTGCCGCAACAATGCAGTTGCCCTGGGCATCCCTGATTTCCATGTTGCGGCGCGCCAGCAGAGGCGTTTCCTGGGCCGTCCAGGTGCGGAGTTCCACCGTTTCCTTCCACCGGGGAAGGCGGCTGACGGCCGCATCCAGGCGCACTTCCACCCAGGCCAGGCTGCGGGACGTTACAAAATCATAGCCGAACCCCAGGCAGGAGGCATGGGTTTCCGCTATTTCCTGAAACCAAAGCAGAACCGTTTCCGGTTTCATCAGGCCATCCGCTCCGCTTTCGTAAGTGCGGACGGTTGCCTGAACGGAATAGATTTCCTTGGCGCTGGCATGTTCCATAACATCTTATGTTAGTAAAACCATTTTTTCAAAGCCAGTCAAAAACGGGTAATATCCGGCTGTTGGGTATGCCGCACCTCCGGTATGTGTATGGCTTCCCGTAATTTCCGGGCAGCCCGCCAGGGGGGCGGCATGCAATGGAAATTTTTCCAGCATCCGCTGAGGTTGACGGTATTCCCAAATTTCTAGAGGATGCTCCGGAAATAGGCGATAGTTTTTTCCAACCCTTTTTCCAGTGAAATATGAGGCTTCCACCCCAGTTTTTCTTCCGCAAGCCGAATATCCGGCTTGCGCTGGGTCGGGTCGTCCAGGGGCAGAGGACGGAAGACTGTTTTGGAAGAAGAACCTGTCATTTCAATGACTTTTTCCGCCAGTTCCAGCATGGTGAATTCCCCTGGATTACCCAGGTTGACAGGGCCGGAAAAACCTTCCGTATCCATCATGCGCACCATTCCCTCCACCAGGTCGTCCACGTACTGGAAACTCCGGGTCTGTTTGCCCGTTCCGTAAATGGTGATGTCTTCCCCCTTCAGCGCCTGAACGATGAAGTTGGAGACTACTCTGCCGTCGTTCGGGTTCATTCGCGGTCCGTAGGTGTTGAAGATGCGGATGATGCGAACGTCCACTCCGTTCATGCGGCGGTAATCCATGAACAGGGTCTCCGCGCATCTTTTACCTTCATCGTAGCAGGAGCGGACACCTACGGGGTTGACGTTTCCCCAGTAGGTTTCCGGCTGGGGATGAACCATGGGATCTCCGTATACTTCGCTGGTGGAGGCCTGGAGGATTCTGGCTTTGCACCGTTTGGCGAGGCCCAGCATATTCAGCGCGCCCAGCACGGAGGTTTTCATTGTGTGGATGGGGTCAAACTGATAATGGGGAGGGGAGGCGGGACAGGCCAGATTGTAGATTTGATCAACCTCCATGACATAGGGAACGGTAACGTCATGGCGTATTAATTCAAATCCGGGATAATCCTTCAGGTGGAGGACGTTTTGTTTGCTGCCCGTAAAGAAGTTATCCATGCAGATGACTTTATGGCCTTCCCTGAGGAGTCGTTCGCTGAGGTGGGAGCCGATGAAGCCGGCGCCTCCGGTAATCAAAATCCTTTTGCTCATGATGGCATGTCCTGTGTTTGTGCGTTCCGCCGCGCCGGAAGGGAGGCAAGCGGAAAGTTTTCACCCTGCCGTGCGTTGCTGGTCAATGTCACATATCCGTCAAGGGAAGGCAAGCGCATAGCATGTTGGACGGAATATTTTATGGAATGTCCGGGAAGGGTTCTTTCGTGCGGGCCGGGAGGCAAATTCCGGTTTTTGCCGGCAGGTTCAGGATTTGGGAATCGTCAGCAGAAAGCTGGCTCCCCCCAGGGTGCCGAATTCCAGTTTCAGGTCTCCCCCCAGGGAACGGGCCGTGTCCCTTGCCAGCGCCAGACCCAGGCCTACGCCGGGTTTCCTGCTGTTGGTGGCGTCTTGTGTGCGCCGGAAAGGCTTGAAGACAAGCTTGCGGTTTTTCGGGGAAATGCCGGGGCCGTTGTCGCGGAAGCGGATGACGATGTTGTGGCGGTCCGCCTGGACGGTGAGCTGGACCTTGG
NZ_CP114598.1_gap52	2116730	2120431	3701	AAGTGAAAATGACGCCTGAACGCGACGGCGGTTTTGACCGCCTGGCGATGCGCATCTCACGGTTTGACGAAGTGTCCTCCTGTTATCTGGCAAGCGGAGGTTTTGACCTGCTGGTGCTGGTGGAAGGAAAAAGCATGCGGGAGATTGCCCGGTTTGTGGCGGAAAAACTTTCTACGCAGGAAGGGGTGTTGTCCACTTCCACACACTTTCATCTGAAAACCTACAAGAAAAAACGGTTGTGTGTTCGAAGATCCCGTGCAGACCGAACGCCTGGCCGTCGCTCCGTAATCCTCTGCCGTTACGAAAGGAATCATTATGAACTGGCAGAATAAAATAGCGGAGCAGGTAAGCTCCATACCCCGTTCCGGCATCCGGGAATTCTTTGACCTGGTTACGGGGCGGACGGATATTATTTCCCTGGGCGTAGGGGAGCCGGACTTCGTGACGCCGTGGAACATACGGGAAGCGGCTATTTACTCCCTGGAAAAGGGTCATACCTCCTATACATCCAATTACGGGTTGGAATCCCTGCGCCGTTCCATCGTCAAATACGTGGACGGATTTTTCCACGTCAACTACGATCCCCTGCGGGAAGTGCTGGTGACCGTAGGCGTAAGCGAGGCCATAGATCTCGCTCTCCGTGCCATTCTGAATCCGGGGGACGAGGTTCTTTACCACGAACCCTGTTATGTTTCCTATGCTCCCAGCGTCAATATGGCCTACGGCGTGGCTACCGCCGTTCCTACGAGCAAGAGGGATCTTTTCGCCCTTAACCCGGAGGTGTTGGAAGCGGCCATTACTCCGCGGACCAAAGTGCTGATGCTCAACTTCCCGACTAATCCTACCGGAGCGGTGGCCCCGGTGGAAACCCTTCAGGAAATTGCCCGCATCTGCATCAAGCACGATCTCATGGTGCTGACGGATGAAATTTACAGCGAACTGCGTTATGACGGCAAGCCGCATGTTTCCATAGCTTCTCTGCCGGGGATGAAGGAACGCACGCTTCTGCTGCACGGCTTCTCCAAGGCATTCGCCATGACGGGGTTCCGCCTGGGTTATGCCTGCGGTCCGGAGCCGCTCATTTCCGCCATGATGAAAATTCATCAGTATTCCATGCTCTGCGCCCCCATTACTTCCCAGGAGGCGGCCATTGAAGCGTTGGAAAACGGGACATCCGCCATGTTGAAAATGCGGGAAAGCTACCGACAGCGCCGGGATTATCTGGTGAAGCGCCTTAATGAGATCGGCATGGACTGCCACCTGCCTGGCGGTGCGTTCTATGTCTTCCCGGACATTTCCAAATTTGGCTTGACCAGCAAGGAGTTTGCCACCCGGCTGCTGATGGAGAAGCAGGTGGCCGCCGTGCCGGGGACCGCCTTCGGCGCGAGCGGAGAAGGCTTCCTGCGCTGTTGTTATGCGACCGCCTTTGACCAGATCAAGGAGGCCTGCAACCGCATGGAGCATTTTGTGAAAACTCTTTCCTGACCCGGCAGTATTCATGAACTCCGTGACGGAGGCGCTGAAAACAAAGGCGTATGTGGCGCCGTTTGCAGTATTCATGGGCTTTACCCTGGTATGGCAGTTTGGCGCCCCGTTTCTGGAATGGGACCACCCGGCTGCACCCTGGTGGAGAAGGGCGCCGGAACAATGGCTGTACCCCGTTCAGGCGATCGTTTGTTTTGCCCTGGTTTTCCGGTGGAAAAAAGCCATTGATTGGGATTGGCGGTGGAAGCCCGCTGCCTGGGGAATTCTGTTCGGCGTGCTGGGTATCCTGTGCTGGCTGGCCCCGACCATGATAGCGGACCGCCTGCCCGGAGGCGCGGACGCCTGGTTTGGTCATCCCTCCTGGCCCTGGTACCGGTATCTGCTGGGAATTGACGCGCGTCCGGAGGGGTTTGATCCGGGCATCGTCTTCCTTACGGATTCCTGGAGCTGGCTGGCGGCCCTGGTGCTGCGTTTCTTCCGTGCCGTGGTTGTGGTGGCTCTGGTGGAGGAACTTTTCTGGCGCGGCTATCTGATGCGTTTGATGGTGAATCCGGACCATCCTTGGAAGGTGCCATTCGGCGCTCATAGCTGGAAGGCATACTGGGTGACTACCCTCTGTTTCATGGCGGTGCACCAGCCCGTGGACTACTGCGGCGCGTTCGTTTACGGTTCCCTGGCATATCTGCTTGCCGTCTGGCGGAAAAATCTGTGCGCCGTGATCGTGATGCATGCGGCGGCGAATGCGCTGCTGGGCTGGGCCGCTCTGGCATGGGGCAAATACGGATTATGGTGAATCCGGCGTTTACAGGGAGGAATTTCTTGAGTACATAAAAGCCGATGACTCCAGAGGAAGCCATAGAAATTTTGTGGGACTACCATCACGTGAAGCAGGTGCTGCATCCGGCGGAACTCATTTTCATTCTTGGCAGCAATGACATAAGGGTGGCGGAATATGCGGCGGAACTTTATGCCCGGAAGCTGGCTCCCCTGTTGCTCTTTTCCGGCGGGATGGGGCGTTTTACGGGGGAATGGGCTGTACCGGAAGCGGAACTTTTCGCAGAGGCGGCCATGAAGAAGGGCGTGCCGGGGGATTGCATCCTCATTGAAAACAAATCCACCAACACGGGAGAAAATGTCCGCTTTTCCCGCGCTGTCCTGGAAAAAGCCGGCATTCCGGAACCATCCAGCCTCATTGCCCTGCAAAAGCCCTATATGGAACGGCGAACGCTGGCTACGCTCCAGGCCCAGTGGCCGGAAGCGCGGGTGGCGGTCAGCTCCCCTCCCTTCACGTTCAGGGAATACCTGACCGGGGAACTGCCGCAGGAGCTGGTAGTCTCCGCCATGGTGGGGGACTTTCAAAGGATACTGGAATATCCTAAACAGGGATTTTCCACGGAACAGCCTGTGACTCCGGAGGCGATGGCGGCATTCCGCACGCTGGTGGAAGCGGGTTATGGCTCCCAGCTGCTCAAGGGGGTTCCCCTCCCCTGGAATTCTTGAGAAGACACGCTTTTTGCTTTCACTGAACGCTGATTGCGGGCATCAATACAACCCGCATAGCCAACCCAATTATATAACTCATCATGGCAGACAGAACCAACACAGACCCCGCCCGAATGGAAAAAATCGTGAGCCTCTGTAAAAGGAGGGGATTCATCTTCCAGTCAGCTGAAATTTACGGCGGTCTGAACGGTTGCTGGGACTATGGTCCCATGGGGGTGGAACTCAAGCGCAATCTGAAGGAATACTGGTGGCGTAAAAATGTGCAGGAACGCGAGGATGTGGTCGGCATGGACGGTTCTATCCTGACGCATAACTCCGTACTGGTGGCTTCCGGTCATGTGGGCGGATTTTCCGACCCGATGTGCGATTGCCTGTTGACCAAGGAGCGTCTGCGTGCGGACCAGGTTCCGGCCCAGAGCGGCATGGGGTTTTTCTATACCGGAGCCGCCAAAAAAGACGGTTCCTGGAATATTGAAAAGAAGTACTCCGTTCTGGTGGAATCTGAAAAACAGGCGGACAAGGCCCGTAAGACCGCGGCTCAATACTATGCCCAGCTGGCCGGCAAGGATGTCTCTTACAAGGACATGGAACTGAAGGGCGAGTGCATGGAAACCGTAACGGATTCCACCATGTACAACCCTGCCAACGGTTCCCTGCTGACGGAAGCCCGTGAGTTCAATCTCATGTTCAAGACAACCATTGGAGCTACCTCT
NZ_CP114598.1_gap53	2137314	2140620	3306	TGCGGTCCGTGAGCAGCTGGGGCTTTCCCCCCGGGTGACCACCCACCGCTATACCGTCCCCACGGAATCCCGCGGAAAAGCCGGAAAACGGCTGCTTTGGTCCGGAACGGGCCTGCTGGGCGCGGGAATAGCCGCGGCTGCCGTTCTTCTGTTGTTCCCCCGGGAAAAGGAACCCGTATCCTGCCCCCATGTTCCGTCTCCTAAACATTATCCCGATTTTTCCGCCAGCGATCATACGGAAGTCCGCGTAACTCTTCCCGGAGGCGGGGAACTGATTGTGGGGGCCCATGAAATTACCCTGGAATCCTACCGCCTGTTTTTGGAACAGTGGGTACGCCTTACTCCGGAGCTGAGGGAGGAATATTCCCATCCGGACCAGCCGGACAAGAGGACTGCCTCCCATATTCCCCGGGACTGGGAGGCTATGTGGAAGGCGGCTTCCATGCCGGGAGGCAAATGGAAAGGCAGGAAAATAACGCCCCGCTCTCCCGTCGTCAACGTTACTTTCTGGGATGCCTGGGCGTATGCGAAATGGAAGCCCGTGGCCCCTGGAGAACCGCGCTACCGCCTGCCTGAGCGTGGGGAATGGATGGCCCTGGGAAAGATGATGGAAACGGGTGAAAAGGGTGACAAGACGCTGGTGATTGACAGATACAGCAATGATTACGATTTAAAGACCGGCGTATGCGGCATGGCTTCCGGCGTGATGGAATGGACTTCCTCCATGGAAAAGGATCCTGCGCGCGTGAAGGAGCCTCCGGGGCCGGTGGCCTGCGGCGGAGACTGGAGGCAACCCGGCATCTCCAACCGGGTGGAATACCTGCGCTCCCGCGGTGAAAGCCGGGACAACCTGGGGTTCAGAATCGTGCGGGATATCCGCTGACTTGTTTAATAACAATACTTAACATACCAATATCATGAAACATATCCTTGCCATGCTGCTGGCCCTGCTGGGCGCGTCCGGGGCCCTGGCCCAGATTTACGTGAAAGTCGTTCCGGAAAAGAAGACCTTCCTCAGCGGGGAAGCCATGTATATGAGGCTGACCATTACCAACAATTCCGGCGTGCCCGTGGAACTGAAAAGCCGGGAATATTCCTCCTGGCTGGATATCCATGTGGAGCATTCCACTGCGGGGACGGAGCTCCCCCAGTCCAAGTTTGCCCTGTTCCCGCCTCTCAAGGTTCCGGCCGGCATGAGCGTTTCCCGCAAGATTGATCTGCGCCATTTCTATGACTTGTCCCGTGAGGGCAACTACCATGTGCAGGCCGTTGTCAAAATGCCCAATCAGAAGGACATGTTTGCTTCCCAGAAATCCCTGTTTGCCGTCCGGACGGGAACGCCCATGTGGTCCCAGACCGTAGCTATTCCGGCCAGTGCCAAGCGGTGCACTTTTTCCATTTGCACCATTGCCGTGCGGGGGATCCAGAAGTTGTATGTGCAGACGAAGGATCCGGATACGGGAGTGGCCTACAATGCCGTGTGCATCGGGGACTGGCTGGGGACCACGCGTCCGCAGTGCATGGTGGACGGCAAGGCGAATGTCCATGTCTTCTTCCCAACTACTCCCATGCTGAGCGCGTATTCCCGCATCAACTACCGGGGAACGATGGAGAAGCTCCAGTACTATAAAAAGGTGGTGGGAGCTCCCTCCATGATCTTTCTCCCGGACGGTAGCGTGCGTGTGACGGGAGCCGTCCATTATGATCCTACCGTGAAGCCCAAGACGGTTCCGGATGCCGCTGACGTTCCCGGCATGTGAATCCGTCCGGGTTTCCTGGGAGCCATGCAGGGAACAGGAAAAGGCAAATGCGCTGCTTCTCCCGTACGGGAAAAAGGAGATATTCCGGTATTTCCCTGAGTTATTTTTCCGGCTGAGGCGCGTTTTTCAGGATGTTTTGCACGCTTTTCTGCACCAGGCTGACGGGAAGGGCGTAATTTTCCGCCCGGTTCACTCTGGCGATGTTCATGCCGATGAGTTCCCCTTTGAGGTTGAGCAGCGGGCCTCCCATCAGCGTGCACCGGGAAGGGGTGTCATGCTGGAGGACCATAGGAAAATCATCCCTGCGTTTACTGAAGCCGCCGCTGATCAGGTCATTGGAATCCTCAGGAACGTTTTCTCCCAGGGCCTGACGTCTGGAACCCAGCGTGATGGTGTAGGATAACCTTTTATCCTTGCGTTTGACGTCCAGCGTCACTTTTTCCCCCACTTTTTTCCCGGACAGGATGGGGGAAACGGCATTCAGCGCAGTAATGGGCGTGCCGTCCACCGCCAGAATCTCATCTCCGGCCATGGCTCCGGCCTGGGCCGCGGGTCCGTCTTTGATAACTTCCTGAATGGAACAGGGGGCGCCGAAGACGACGCCCAGATAGGCGGTATCTCCGTTCGGGATGGGGCGCCGCGCCGCGCTAAGGGTTCCCAGCTGGGGCCGTCTGGAAGTACGGGTGGTGGAACCGTTGCTTACCACCAGGGTTCCCATGGCTGCATCATTGCTGACGGAGCCGGGGGCGCGCAGGCCTGAGGCTTCCACTTTCACTACCGCGATGTCTGTGGACGGGTCCGAGCCAATTTCCCTGAACTGCCCATATTTGGAAGAACCTACCCGGATAGTCAGATCCCTGTAGGAATGGAGTTCCGAGGCCTTGGTGGCGATATAGCCGTCCGGGCTAAGCACAATGCCGTAAATCACAACATCATGACCGGAAAAGAAAACCGCGCTCAAGTCCTGAAGACGTTCGCGGATGGGTTCGATGATTTTCAGAACGGCTTTTCCGTTGATTCTCTGTTCAAAATCCAGGCTCCCGCTGTTTCTTGCCGCCAGAGCGGGATGAAACAGGAAGAAGGCCAGGGGAGACAGGCAGACGCAGAAAGAACATTTCATGATGGCTTAGGGGTGAATGGCTGGCTGTCCTGTTCCGGTGCCGGCGTCAGGGAGGGCTTTTCTTCCGCTGCCTCCTCCGTCAGAGCATCGAAATCCTTCATGGGCACGTGAAGATTGTCTTCAAGACCGGAACCGACCCGGCTGTGAATGCCAATCAGCTTTCCATCCAGATTGAAAAGAGGTCCGCCGGAATCTCCGCGAATCAACTTGCAGTCCGTCTGAATGACGCCGTCTTTGAGGGAAACCACCCTTCCCAGGCGCACCATCGGGCCGCGTTTCCGATCCAGACCTCCGCCGTGCCCCAGCGCGAATACCCAGTCCCCCACACGAGGCATTTCTTCCGCTTTTTCCACGCAGGGCAGGTCCCTGTCCAATTTGGACGTGGTTTTGGCCATGCCTGCATCCGAATTACTGTTTTGCGCCGTA
NZ_CP114598.1_gap54	2199913	2202587	2674	CATCCGCAGCCTCCATTAAATACGCCAGGGGATGGCGGCTCCAGCAAAGATGGGCTGCATCAGGTGTGGAACGCGGGATCAGACCCAGATGGCCAGCCATGAAAGAAGCCGCTTCCCTTTCCTGTTCCCCGATGCCGAATTTTTTGCATTCAAGTTTGTTGGCCGCAACTATGCTGCCTTTCTTGACGGCGGCGGAATAGGATTGCGTACAGGGATATTTCATAAAGGCACCCAAAACGGCTGCCGTCAGTTTCAGGCCGCTGCCCTCCATCGGATCACCTGTACGTGTCAGGATGCGGAATCCCTGGGCATTACCTTCAAAAGGCAGCTCCAGGCCGTGCCGTTTCAGGGCGGTTTCAATGGCGTCTTCTCCGGAATGGCCGAAGGGCGGATTGCCGATGTCATGGGCCAGGCAGGCGGTAGAAACAATGGTGGCAACATCGGAAGGCATGATAGGAGCAGGCAGGGAACCCTTTTGGGCCAGCCACTCCCCCGCCAGCATGCCGAGGGAGGAACCGATGTGGGCTACCTCCAGGCTGTGGGTCAGGCGGGTGCGGACGTAATCATTGCGGCCTAGGGGAAAAACCTGTGTCTTGTCCTGAAGGCGGCGGAACGCGCTGGAAAACAGAATGCGGCCGTAATCCCGGTCATAATTGCTGCGGTTTTTCTGCGGAGACGCCGTGCTCCGATGCCTGGACCCCCAGCGCGCGTCCGACAAAAGCTGCTGCCAATTCATCATCCCTGACATGGTAAAGAAATGCTACAGGGGAATGCCCGGCTGGAACAGAAGAAAATAGAGAGGGCATTCAATAGGTCAGCGTCAGTCCCGCTCCAATTGCAGGAGCGCCTTGCCGTCCGTGTCAATGCGCGCGTCCGCAATCAGGAGCGTGGGCAGCGTGTGCCGGGCGCGCAGTTTTTTTTGGTGAATCTGGCGTAACATGTCGCGTTCTCCGGCCGCCGGGCGGCGGCAAGCAGCACAAAAATGGAGGAAAATGGGAGCCGCGTTTGAATATGAAGGGGGAAAAGCACTGCCTGAAAAGACCTGCTCCTTGAATTTTCCGTTAAAATGGAACGGATGTGATGTGTTATGCTTTTCCCGGGGCTGGGCTGAATCGGGCATGCGGTCCGGAATATAGGCGTCTGGAATTTATTCCTGCGCAGTTTTTTTGAAGGGGATGGGGGCGATCAGGAAAGAGGACAGGATAAGCAGGCAGCCGATGAACAGCAGGAACATGTTGGGATGCTCCCTGAACAGAAGAAGGGAAGTCAGGGCCGCCAGGGGAATTTTAAGATTGTTCATAACCGCCAGCTTCACGGGAGTTACCCGCCGAGCGCCGTAATTCCAGAGGAAAAAACAGACTCCTGAAGCGATGATCCCCAAATAGGCCAGCAGCCACCATTGCACGGCGGAAATCCCCTGCCAGCAGGACAACCCTGACGGCAGGCCGGAGGGTAACGTGACCAGCAGAGCGCCTGCATAGGCATAGGCGAAGCAGGAAGCTTCACTTCTCCCGAACCGGGAATTTTTCAAGGAAATGTAGGCTATTTGACCTGCCGCGAAGCAGAGATTGGAAAGCTGGACAAGAACAATTCCTGTAAACACCCCGTTACCGGCGGAATATCCTTTCCAAAGGATGCCCGCTCCTCCTATGGCCGCAAGAATAGCCGCCGCCAGATGGAGCGGCGGAAGCTGTTTTTTCATCAGACCGTTAATCAGAACCACATAAATCGGCGTGGTGGCTGTAAAAAGGGCAACCTGGTGGGAAGGCAGATAGTGAAAGGCCGCGATATAGCAAAGATACATTCCTCCGAACTGGACGGCGCCTATGCCCATCATCACCAAGGCATGACTGAAAGGAACCCTCCGGACGAAGGGGAGGAAAACGGCAAGCGAGCCGGCCATGCGCGCCATCGCGACAAAGCTGGCAGGGAGGCCGGACAGGCAGTTTCCCAAAAGTCCGAATGACAACGCCCAGATGAAAGACGTGAGCAGCAACGCAGACATGCGGGCGGAGCATACGGAGAAAGGAAAACCAAGTCAATGCCCACGGCGCAGAGCACATAGTCGGGGACATGCAAGATTACCCAAAAAACGGGGTGAGATAATGCTCCTAAACATAAAAACACCCCGGAATATTGAATTCCGGGGTGTTTAGGAAAATGGTACGCGGTACTGGTTTCGAACCAGTGACCCCATGCGTGTGAAGCATGTGCTCTACCACTGAGCTAACCGCGCATTTGCAGTGCGGAGGGAATATATCGTTCGTGCCGGGGATTGGCAAGGAGTTTTTTGAAATCGGGTGAAAAAGGATTTCGCTTTTCCGCCGTCAACAAGTTCCCGGAGGAATGACCGGCGTACTGTCTTCTTCGAGGAACGTTTGGAAAAGTGGAAAGGTGGCTTAATTCCGGCTTGTACAGCATCAACCGTCTTCCTACACTCCGGGCATGAGTTGCACAAGCCCTCCCAGAGCATGGGCCCAGATTGATACGAATGCGCTGAGACACAATTTGAATGTCGTCCGTCGCGTCATGCCGGATCACCGTCTGATGGCTATTGTTAAGGCGGAGGCTTATGGGCACGGTCTGGAAGGGGTGGTGAAGGCCTTGGATGGCGAAGATTGCGCTTTTTTTGGCGTTGCCACGGTGGCGGAGGCCTGCCGGGTGAGGGATGCCG
NZ_CP114598.1_gap55	2210520	2211137	617	ATCGGAAATACCGGAATATTCATCCTCCTTGTCTTCCTCTCCCGCTCCGCCGATTTCCCCAAATTCCTCACGGGAAATGAAAATCTTTTTGGGCAGGACGCCCAGCCATTGCAGATAAGCCGTGATGATAGGCTCCTGCAGGCTGTACTGCTCTTCCAGCCGCTCCATATCCGCTTCACTCAGGTTATTGTCGCCGCGCTGGGAGCCGGCTTTCTGTCCGGACAGGGCGCTCATGCTTTGCTGCTGCATCATCTGCTCAATGGGACCTCCCGGAACAAAACGGGTTATGCAAAAGACGAGAAACGTAACCCCCAGGAGCGTCAAGGGCATGAGAAGGAGTCGTCTGATGATATAGGTCTTCATTCGTCGCGCTGAACTCTACCGGTTTGTGGAAGGTGAGGCAAGTAGCAATACAAATTTGTGAGCCTTTGCTAACATGAAGCATGGCCCTGTTCTTCTTAAGATGAAAGGGAAACAATAAAATACGGCAAATTCCCATTCATATTCCTGAATGGCCTTTCGAGAGGCGGGGAATATTACATTCCTTCTCCCAGCCGGCGCGCCAGCATGTCCGGAAGGCCGGCAGCCAGAATGCGTCTTTGGGCCTCCTCTACATC
NZ_CP114598.1_gap56	2215596	2218392	2796	GCCAGCACGGGACGGTAATGGCCCGTGATGGTGTGGGAGAACAGAAAGTCTTCTTCCTGCGTTCCGGAGCCGACATTATGAATGATCAGCGGCGTGCCTTCCTTCGTTTTCCGGTCGGAAACGATGCCAATGTGGGGAATACTATCGGACAGGTTCCATGTAACCAGGTCACCGGGCTTGTAGTGCGCCGCGTTTTCCGTAATGGGAACGGCCCAGCCTTTTCTGGCAAAGAAGGTACGAAGATTAGGGACCCGGCGGTGGTCAATGCTGCGGTCCGTCGTTTTCAACCCCCATATTTTAGGGTATTTGGAAAAGTGGGCCTTCATGTCCTCATGCACGGCTTTTTGAAGGTCCAGGCTGAAAGCCCTCATGGCGCGGATGACTACGTCCGTGCATACTCCCATTTCGAGGGGAACATCCCCGTTGGGGTAGGGGATGGATTGATAGTCTCCATTGTAGGAAACCGTCACTCCTACCTGTTCACGCGCCTTGGCGGCCAACGCGGCGTTGTCCGCCATCAGGCATGCGGAGCAGGAAAGAAACAGGAAGGAGAGAAGGGCTGCCGGTTTCATGGGGCAGACGGGGAGGAAAGAGATGGAAAATCAGACGAAGCTGGCAAAGCCGATGTCCGGCCGGCGTTGCATGCCGTCAAATTGAATCTTTTTAATTTCGTTGTGGGCGCGCTGGCGCGCTTCGGAGAGAGTGTCCCCCTGTGCCACGACGGCCAGGACGCGGCCTCCGTTGGTTTCATAACAGTTTTTGTCCGCATTCCATTTGGTGCCGGCGTGGTAAACGGAAGCATTTGAAATATCGTCCAGTCCCTGAATAGCGTCGCCGGAATGGGAGGTCTCCGGATATCCTTTGGAGGCCAGTACACAACAGACGCTCCAGCCGTTTTGGAAGGAAATTTCTTCCGGCGTAAATTCTCCCTTGGCCCCATGCAGGCAGAAGGAGGCCAAGTCTCCGGAGAGCAGGGGCATGACAGCCTGGCATTCCGGATCGCCGAAGCGGCAGTTGTATTCAATGACTTTGGGGCCGTTTGGGGTCAGCATCAGGCCGAAGTACAGGAACCCCCGGTAGGGCAGTCCGTCTTTTTTCAGCCCGGCTACCGTCGGGGCCACGATTTCCTTTTCAATGCGTTCCAGCATTTCCGGCTCCACCAGCCGGCGGGAGGCCACCGCTCCCATGCCGCCCGTGTTGGGACCCGCATCGCCTTCCTTGAGGCGCTTGTAGTCCCGTGCCGGGCAGAGAATAAGATAATGGTCGTCCACCAGAGCGCCGAAGATGGAGACTTCCGGCCCGGTAAGGAATTCTTCCACCAGCAGCCGCCCTTCACCAAAGCGCCTGTCCGTAAATACTTCTTTCAGGAAAGAGTCGGCTTCCTCCTTGCTCATGCAGACGGCTACGCCCTTTCCGGCGGCCAGGCCGTCAAATTTCAGCACGGTAGGATAGGTGTTTCCGATGAATTGCCGGGCTTCCTCCAATGTGGCCGCTACGCGGGCCTGCCCGGTAGGGATGTTGTGGCGGAGCAGAAAGTCCTTGGCAAATTCTTTGCTGGCTTCCAGCTGGGCGCTTTCTTTTACCGGTCCCCAGCAGGGGATGCCCGCACGGGTGCAGGCATTGGCCAGGCCTTCATCCTTGACCAGATAGCTTTCCTCCCCGGCAACGCAGAGATCCATTTTATTGGAAACCATCCAGTCGATCAGCGAGGGGAGATCCCTGGCCGGGATGGGGGTAGCCAGACGGTTGATGGCGTCACTCCCCGGGAAACAGAACATTTCCGGTGCGGAGGGAGATTCCTTGAGCGCCTTGACCAGTGCATGTTCTCGTCCACCTTTTCCAATAACGGCTATTTTCATACGCCGCCAGTATGCCGGGACGGACTGGTTTTGCCAAGCTGAAATGAACGGTGAGGCTTTTCCTTTTGTCCGGTTGTTCCCGTGCTTTTTCTCCATTGCCGGGAATGAGGCTGTATCCCTTTTTCCCTTCACAGCACGGCGTTGCCGTTTGTTCATGGGGAAGGTGATGATAAAAAAGACCGCCTGACCCGGAGGAAAGGCGGCCTGTAAAAAGAAAAGGAGGTATTTGCGTTTAGAACGGGATTTCGTCGTCCATGTCTCCAAAGTCGTTGGACGGTTGATTGGAGGAGGGCATGGGGGGCGGGTTGTAGTTCTGGGCCGGGCGGGATTGTCCGTAGTTATTGGAACGGGGAGCATTCTGGTACTGCTGGCGCGGTGCTCCGCCCATATCGCCGCCTTCACCGCCGCGTGGGAAGAGCTGGATGTTTTCTCCAATCACGCGCAGCTTGGTGCGTTTCTGCCCGGAGGCCTTGTCTTCCCAGGAATCCAGTTGCAGGCGTCCTTCCACAAAGACTCCGCGGCCCTTGCTGAGATAGTTGCCGGCGACTTCCGCCTGGCGGTTCCAAAGGGTAACGTCCACGAAAGTGGTTTCTTCCTGGCGTTCGCTGTTGTCGCCTGCGTAGTAACGGTTGATGGCAAGGCGAATGTCCGTAACGGCGGTTCCTTTGGGAGTGTAGCGCAGTTCGGGATCAGCGGTAAGGTTGCCCATTAAGAAGACTTTGTTGAGATTGGCCATATAAGATGGGTGTTAACGAGGTGTATGGTATATAAGATAAGGGCCTTGCCGTTTATGGCAAGGCATGTGTTTGGTCGCTAGCAAGTATGATCCTGCACATGGTTTTGTGCAATACTAAATTACGGAATCGTCCTTCATCATGTCTCCTTTCTACATTGCATTCGTCATGGAACCGTGAAAACTTTACCTCCATGAGTTTCA
NZ_CP114598.1_gap57	2226502	2229244	2742	GGACGGCGTTCCTTGCCGCAGCGTAACGAGGGAAGGCCGGGTATGGAGGATACCGGTGAAGGATAAATTTGATGCGCTTTCCGTTTGCTGGACGACGGAATGATGTTTTTGCCGTTAAGGGCGGGAGGCGCCCGGCGGATTTGTCATGGAAGGCGGAAACTGCGCCTGACCGTATCCCTCTTCAGTTTCAGCTCCCGCCATTCATGCGTCAGGGTGGAGGATGCCACGACGCCACCCCCGGCGCAGAGGGAGAGCTTTTGCCCCTGCCAGTACAGGGAGCGGATGCCTACCAGGCAGAAGAAGTCTCCGTCATCCAGAAACCCGAACGGAGCGCCGAAACGAAGCGGACAGCGCAGGCGTGAACGCCAGTCGTCCAGCTGGGCGAGCGTTTTCTCCGTGCGGGGCTGGGATCCCAGGGCGGGGGTGGGGTGGAGCAGCCGTATCCAGTGGGCCGGAGTGTGCTGTTCGTCCGATTCCAGCGTGAGGTAGGTGACGAAGTGGATCAGGGTGCCGAGGTTCAGCACGCTGCGGGCCGTTCTGGTGACGCTGCCGCAGGGGGACAGGCGGGAAAGAATGCTGCCCGCCACGATTTCATGCTCGCGGATTTCCTTGTCGTCGTTGATGAAGACCCCCACATCTTCCGGACGGGCCGTTCCTGCCAGGGCCATTGTCTCCAGGAGGCGGCCCTGTTGGCGGAACAGTGTTTCCGGAGTGGTTCCGCAGAATCCTTCCCGTTCCGTCCACCAGGCGTAGGGATAGTGGGACGGAGAGCTGTTAATGGCCCGCGGTATGAGTTCCCGGGGGGTGTGTGGCGGCTGCATTTCCCCGAACTGAGGCATCGCCGGAACGCTTTTCACCAATTGCCCGGTGGCGATTTGTTCCATTATTTCCGCAAAAACCTGCGCGTACGCGTCCGGAGACGGTTCCGACCACCGGATTTCCGGAGCGGGCGGCAGGGGGCTTTCCTCCGGTGAAAGAGAAAGAAGGGCTGCCGGTATTTTCCATGGCCGCGGATCGTCCAGACGGAATGTATCAACATAAAAGGCGGGGCCGGAATCCGGTGGTTCCACTGATTCCCGGAAAGGCCCGGTTCCGAGCAGAAGGCCGCGGGAAGGGTGCTTGATCAGGGCTCCGGAAGTCAGCGTTTTTATGTCCATGCGCCATTCATGTTAAAATGCCGTGGCCGGGAATTCCAGCTATTTGAATGTTTGTGAAAGTGCGGATGAAGCGGGGGTAACGGTTCCCATGGGCCTTTTCCCTGCCGCTGAAGAAGCAGGAGGGTGGCTTATCTTTCCCTGCCCGAAGGGAATTCTGCCTCTGTTTCCTGAAGCCGTGCGCCATGTCACGTGCGTTCCCCTTTTGAATTGACGGGAAAAAGCGCTCAAGTAAGCTTTAACGAGCTTGCGTCCCTATGCAGATGATGAACAGACCAGCACCAGCAGTTCCCTCCGCCGATATTCCGGTAGAGGCTATGCTGGCAGAGGTGCGGAAGCCGCCGGGGCCTGTCTGGTGGAGCGTGTTTCTCGCCAGCGCATTGCTGGCGGCGTGGGGCATCGGGTGGAGTTCCTGGCGCATTGCTGCAGAGGGGGCAGGCGTGCTGGGGGTGAATAATAACGTGGTATGGGGGCTGGACATTGTGCATTTTGTTTTCTGGATAGGCCTGGGGCATGCGGGCACCCTGATTTCCGCCGTCCTGCTGCTGACGCGCCAGTCATGGAGAAGCCCGATTGCGCGCGGAGCGGAACAGATGACCCTGTGCGCGGTCATCTGCGCCGCCGTCTTCCCTGTAGTGCACGTAGGGCGTGTCTGGATGGCGTGGATGGCTTCCCCCCTGCCGGAAGTGAGCGGAATTTGGCCGGATATGGCCTCTCCTTTGATGTGGGATGTCATGGCCGTCAGCACCTATTTTCTTCTTTCCCTGTTGTACTGGTATATCGGCCTGGTGCCGGATTTCGCGCTACTGAGGGACTGCTGCAAGGGGCGTCTGAGGCGCCGTTACGGGTGGCTGGCGCTGGGCTGGCAGGGTACGGGGCGCCAGTGGCGCGCCTATGAAAAGGCCAGTCTGCTTTTTGCGGTTATTCTGACTCCGCTCGTGGTATCCGTTCATTCCGTGGTGAGTTTCGATTTTTCCGTAACTCAGGTGCCGGGGTGGCACCTGAGCATTTTCCCGCCCTATTTCGTAGGAGGGGCCATCCTCAGCGGTATGGCGATGGTTCAGCTGATTCTGCTGGGGGTGAGCCGTCTGATGGCCGGCAGCGGCATTCGCCAGGCCGTTACTCCGGCCATTCTGGATTTAAGTTCCCGGTTGGTGCTGGCCCTGAGCCTGGTGATGGGGGCCATGTATTTGTGGGAGCATCTGGCCGCTATTCTGAATGGAGGCGCTCCGGAGCCGTTTCCGGGCAGAAATCCCGTGAATGCCGTGTTCATCATCGTCATGGTTGCCGGGAACGTGGCGCTGCCCCAGTTGTTCTGGTTCCGCCCTCTGCGAACCAACCGCCGGGTGATTGCCGCCGTGGCTCTGGGAGTGCTTGCGGGCATGTGGATGGAACGTTTCTGGATTGTCGTGAATTCCCTGAAGGCCTCTCTGCTTGCCGCCAACATCGGAGATTATTTCCCAAGCGTGACGGATTTGGCTATGATGGCCGGGAGCGTGGGGCTGTTTATGGCCCTGTATATGGCGCTGGTGCGTGTGGCTCCGTTCTTTTCCCTGTGCGACGTGCGGGAACAGCAATCCCTGAACAA
NZ_CP114598.1_gap58	2235092	2237276	2184	ATGCCTCCGCCCACCGGAGTGGTGAGGGGGCCTTTGATGCCGATGAGGTACGTGCGGAAAGCTTCCACCGTTTCATTCGGAAGCCAGGTGCCCAGGTTGTCAAAAGATTTCTGCCCGGCAAAAACTTCATACCATGCGATGGAACGCCTGCCCTGATAAGCCTTGGCTACGGCTGCGTCAATGACACGGGAGGCCGCCGCCCATATCTCAGGACCGGTTCCATCACCGATGATAAAAGGAATGACGGGCCTGTCCGGAACGCAAAGCCTGCCGTTCTGCATGGTGACGGCTGCACCGTCCGCGGGAGGGGTGAATGTTAAATTGGCCATGACGTGCGTTCCTTTATAGGACGCAGCCCGGTTTGGCAAGATAAAAGAGCGGAATGGGGAACTGTGCTTCGTGGAGCTTTGCCGGCTCCTGAAGCAACCGGACTTGGAAATGTTTTCCTCCTACCCCATGCGCATGTCTCAGAACCAGCGGTCCTTCCCGGAAGGTTCTTCCGGCTGACCGGCTTCTTCCCGGAGGCGTTTGAGGAAATTTTCTTCAGCCTGATGTTTCAAGCCACTCTCCATGATATGCTTCCGGGCGTTTTCGTTCAGCTGGTTGACGGCAATGGCGGCATCTTCGGAAGTCAGCCTGTTCCAGATGCCGGCGTCGTCCTTCACAATGCGCAGGGAACCCTCCACCATCTCGCAGGAAATCAGCGTTCCATGAAGGCCCTCCGCCGTAATGGGGCCTTTGTTTCCTGCGGGAATGATAATCCGAAGAGGTTCGGGCCCTTCCAGATTGATGCCCCCATGGGCGCGGTAGGCCGCTTTCAGAATCAGCGTTTTCCTGCTCCACCACCAGGTGGTGGAGTAACGGTATTCATATTCAAAAGTCCGTTCCACGGTAACCAGATTGGCCACTTTTTCATCCTTCTGCACAATCAGGGCCACGCCGCCGTGGTTGGAGGAAAAACCCTTATTGATCAGGGTGAGGCCCGCTTCCCTGCCGGCGTCAATCAGTTTTTCCGCTACAGCCATCGGCTTTTCCACCGGGGCGGTGATGCAGGAGCGCACACCCCAGAACAATACGGCCAGCACACCGATCAGAACGGCTCCCCTGGCCAGGGCGACGACAGCGGGGGAATGGAAAAAGGTGGTGGAGGAACCGCTCATGAGATGTTGCGCGTAGCGGAATTCAGGATTCCGGATCTTCATGGGAGCCATCTTCCCTGATGGGAGGCATGAACAGGGCCAGGAAAGTGAAAGCGATGACGGTCAGGTCGTCTATTTGTCCAAATCCGGGAATGAAATCCGGAATCAAGTCAATGGGGGAAAAAGCGTAGAGAGCGGTCAGGATGAGGAGAACAATCTTGCGTTTGGTGAAAAGGCGCGGTTCTCCTTCCCGGCTGCGGAAGTAATTGACAGCTCTGACCAGGAGTTGTTGCCTGGAGCCGTTGGGTGGAATGGGAAACCTGTTTTTCATGGGGCTGCAGGGGGGGAATTTGCCGTAAATGGAAGGGTTACTCTTCCGTCATTATCTCATGCGCCCCCGGCTGCGTCCAGAGCAATTACCGGCTTCCCTTCGGGTGTGTGTTTTCTTACGCTTTAAGAGGATGCAGCGTTTGCGGCGATTGCGCTGTGCGGGTATCCCTTTTCCCTGCATTGTCATCGGCAAGAGGAAGGGAAGAGGACAGGCGCCGGGAAACGCGGAAGAAACCGGAACATTTGTCTTGTCCCTGCCGTTTTCCGAGTCTGTTCCCACCAGCCGCGACAACGTTCCGCAGGGTAGAAGATAGCGTCTTCCCCATCTGCCCGCGTTCCTTTCCCGGAAGAGGAATGCCCGGGCTTGCGGCATTGACACGGCGGGAGGCACGGGGTACTCTCCTGCGGCATATAATGATCAGTTTCACCAATATCAGCGGAGCCGAGGAAATTGGGGCCAATTGCTATTTGCTTGAGATGGACGGCACCAGGATCGTGCTTGACAGCGGGATGCACCCCAAGAAGGAGGGGAAGGCGGCCATGCCGGACTTTGATTCCCTGGAACCTAATTCCGTGGAAGCCGTTTTTTTAAGCCATTCCCACCTGGACCATCTGGGGACGCTGCCCGTGCTTCAGGAGAAACAGCCTGCGGCGGAGGTGTTCATGACGCCCGCTGCGGCAGCCCTGTCTGAAGTGATGCTGCACAATTCCGTGA
NZ_CP114598.1_gap59	2262721	2267413	4692	CGCACCCTCCGGGATAAACTGGTTCAGAGCATGAAGAGCATGATTGATTCTCCGGAAGAAGGGAGCATGGCTGACGGTTCCGCTTCATCCCCTGCTCCGCGCCCTGCCGTGCGCGCGCCCAAAAGGAAGACGCCCTCCACCACGATCACGACCAGTCGTGAAATGGATGATCCCGGCGCCATTGGAACGGATGTGCCGTCACCGCCCAAACCGGATCCAACTCGGAGCGACGATTTTTTTGAAGACGTTTAACGTTCTTCAGACAAAGATGCTGCCCGAACGGCGGTTTCCCTGTTCATGGAATGCACAGAGCATCCTTGACGTCCGGAACCGCCGTTTTATACAGTAAGGGCATGTATCAGCCATTTCAATTTTTCATGCCCGCGCAAATCTTCTTCGGCGCGGGTTCTTTGGACAATCTTGGTTCCGCTCCCCTGCCCGGCGCCAAGGCCCTGATCGTCATCGGCGGCACGTCCGTCAAACGCCTCGGATATCTGGACCGCGTGCAGGCTCTTTTGAAAAGCCAGGGAGTGGAAAGCGTCGTTTTCGACAAGGTGCAGCCCAACCCCGTGGTGGAGCACGTGATGGAAGCCGCCTCCCTGGCCAGGGAAACGGGGTGTGATTTCGTCATCGGCCTAGGCGGAGGCAGCAGCATGGATTCCGCCAAGAGCATCGCCGTGATGGCAGCCAATCCCGGGAACTACTGGGATTACATCCAGGGCGGTTCCGGCAAGGGGCTTCCCATTCCCAACAAACCTCTTCCCATCGTCTGCATCACCACTACGGCGGGAACCGGAACGGAGGCGGATCCGTGGACCGTCATTACAAAGGAGGACACGCAGGAAAAAATCGGTTTCGGCTTCAGGGGTACTTTCCCCACCATGTCTATCGTCGATCCGGAGTTGATGCTTTCCGTACCTCCCAAATTAACGGCATACCAGGGATTTGACGCCCTGTTCCATGCCGTGGAGGGATATATGGCCACAATCGCCTCCCCCATGGGGGACATGTTCGCGCTCCAGGCCATTGAATACATTGCCAAATATCTTCCGCGCGCCGTGAATAACGGGGATGACCTGGAGGCTCGCGCCTATGTGGCTCTGGCCAATACCTATTCCGGATTTGTGGAAACCATTTCCTGCTGTACGTCGGAACATTCCATTGAACATGCCCTCAGCGCCTTCCATCCTTCCCTGCCCCACGGCGCGGGGTTAATCATGATTTCCTGGGCCTACCATGAAGCCTACGCGCCCTCCTGCCCGGAACGTTACGCAAGAGTTGCCGCGGCCATGGGGCAGGAAGCCTCGGTGGACGGTTTCCTGAACGGCTTGAACAAACTGAAGGAAGCCTGCGGCGTGGACAAGCTGAAGATGTCCGAGTTCGGCATTACCCCGGATTTATTTGACGAATACGCTAAAACGGCTTTTTCCACCATGGGCAACCTGTTTGAGCTGGACCGTTGCAAATTGACTCCGGCGGACGTGGTCAGCATCCTGGAAAAATCCTATTCCTAGAAACAAGCCGTCGAGGAAACGCAGGCCGGGCGGGTAGCTTTCTTGTATGGCAGCCCGTCCGGCAAAAGATTGTTGTCGTTCTGATGCGTTCAGGAATGCCAGCCATTTCCGTCATGCCGGGGCATTCCCTATAGAGAAGGAGCATGGTTCGGTTGGCTGTCCATTTTCCATTTCAGCAGTTCCCCTGTAACACAGCGCGGCTGGACATGTGCCGCGCCGGGTTTGCCATATTGTTCTCTTATCGGGCGGCCAGATAGCCCAGGCCAATGGCCAGGAGCCCCCCGGCAAAACTGATGAGGGTGTAAAGGAAGAAGGCGGAGAAGTTCCCTTCCTTCAACAGCAGGAAGGATTCATTCATCAGCGTGGAAAAGGTGGTGAAACCGCCGCACAGGCCTGCGGTAAGAAAGAGCCGCGTTTCCGTATGCGGCAGGTTCCGGTCGAACAAACCGTAGAGGGCGCCCAGGATAAAACATCCCAGCAGGTTGACTGCCGCCGTACCCCAGGGGAACGAACTTGCCGAATTGACCTGGACGAAACGGGCCAGCAGGAAACGCAATATGCCGCCCGCAAAGCTTCCCAGACCCACCATCATCAGCATTTTTATCATAGCGGCTTTTTCTATGTTTGAACGGGAGTAAAGTTTTGGAGCAGATGACGAAAATCCGCCGGGAAAGACGGGCGGCGAAAAAGGGGACTTTCTTGTTGATGAAAGAGCAACTGGCTGCGTTCCCGAAAACTGGTTTGGAAACGTTCGTGCCGCCTGGTGACACCCTTTGCCGGAAACAAGACTTTCTGCGGAAGCTGTCGGTCTGTATGCCGGCAGAACCCATTTCCTTTAACGTGTGCGGATAAAATACCCTGTTTTTTCCATATCGCCAGCCTTTTTGTTCTTGATTGCAGGGTAAAACCGTATTTCCTTTTTTCCATGTCCCTGCCCCTTCTCGTTACCGGAACCATCGGAATTGATACCATCCTTACTCCCAGCGGTAGGGCGGACGGCGTTCTGGGCGGTTCCGTCTCTTTTGCGGCCGTAGCCGCCCTTTTGTTTGCCGACCGCGTGGATGCCGTCAGCATCATCGGGGAGGATTTCCCCGCCCATTATGAAGCGGCTCTTGAGGCCAAAGGGGTGTGCATGAACGGTGTAGAACGCAAGAAAGGGCCTTCTTTTTCCTGGACCGGGGAATATTTTGACAATATGAACAAACGGAGGACCGTTTGCGCCAATGATTCCGTGATGCTGGAATGGGATGTGCACGTTCCGGAGCCTTTGAGGAACCATCCGGTTCTGGTTTGCTGCTGCATGGTTCCGGCCCAGCAGCTCAAGTGCATGGAACAATGCCCGGACGCGGCGCTGGTGCTTTCCGATTCCATGGACAAGTGGCTGCGCCGCCAGCCGAATTTGCTGGATGCCGTGATCAGCCGTTCCCATATCACCATGATGAATGAGGATGAGGCGAAGGAATATGCCCAGGCGTCCACCGTCATGGAAGCCGGGGAATTCCTGCTTTCCAAAGGCGCCGCGTACGCAGTGGTGAAACAGGGGGAATACGGGGCCACGCTTCTGGGCCGGGATGCCGGCGGGAATCTCCGGATGTTCCGTTGTCCCGCCTATCCTCTGAAAACATTGGTGGACCCCACCGGCGCAGGGGATACGTTCCTGGGGGCTCTGGCCGGCTATTTGTCCACCCTGCCTCCCGGCCTTCCTCCGTTTGAGGAAGTGAAGAAGGGGATTGTGTACGGAACGGTGGCGGCCTCCTTCACCTGCGAGTCCTTTTCGGCAGACGCCCTTCTTTCCATGACCAAAGAGACTTTTCGCCGCCGTCTTGAAGAGTACGCGGAGATGTGCCGCCTGCCTGATATCCGCCTCTTTTCCGCAAGTGACTGTTAAGACGGGATCAGATCCCCTGAAAAGGAGGAAATGCCTCCCTTGATGGTTCGTTTTCCGGTCTCCGTTTTTGCGGGATGTCCGGAATGTTCAGGTAAAAAAGGCCCGGATGCGGAACATGAAAAACCCCGGCTGTGCATGCCACGCCGGGGTTTTCGTAAAAACAGGGGATGCTGTCGGCGGAATCAAGCATCCTGAAGGCCGAATTTAAGCTCGGCTTCCGAAACTACCTGGCCGTTCACCAGGCAGCGTGCCGTCGCCTGGCCGATGTTTCCGCGCATCTTGGTCAGTTCCGCTTCAATGATGAGCGTATCGCCGGGAACCACGACGCGGCGGAATTTTACCTTGTCCGCGCTCATGAAGTAGCCGAGCTTGCTGGCATTGCCGGGCTGGCGCAGCATGACGATGGAGGCCACCTGGGCCATGGCTTCCACCTGGAGGACGCCCGGCATGACCGGATGGCCCGGGAAGTGGCCCTGGAAAAAGAGTTCGTTCATGGTCAGGTTCTTCAGACCCCGGCACTTGGTTTCTCCTTCAAAACCGATAATGCGGTCCACCATCAGGAAAGGATAGCGGTGCGGCAGAAGGCTCATTACTTCGTTAATGTCCAGCACGGCGTCTCCGTACGGCACGTTGACGGGATTGGGGGCCATCTGCTGGTTGCGGTGGTGTTCCTTCTTGAGCTTGGCCGTGAGTTCGGTGTTCGGGCCGTGGCCCGGCTTGATGGCGATGACGTGGCCCAGAATGGGTTTGCCGCACAGGGTCAGGTCTCCAATAAGGTCCATGGCCTTGTGGCGGGCGAACTCATTGATGAAACGCATGGGTTCCTTGCTCATGAGCTCCTCTCCGCGGATGACCACGGCGTTTTCCAGGCTGCCGCCCTTGATGAGGCCCTTTTCCAGCAGGGGCTTGATGTCTTCGTAGAACGTAAAGGTGCGGGCCGGGGCCAGTTCCTTTTCATACGTTTCCGGCGTGATGACCGCGTCAAAGTACTGGGTGATGCGGTTTTCCGGTCCCACGCAGGTGACGGAAACGCGGAATTGCTTGGAGGGGAGAATGGTCAGGATGGAACCGCCCTTGGTTTCAATGGTGACGGCCTCGCGCACTTCCAGATAGCGGCGCGGCACATCCAGTTCCACGATGCCGGCGCGCTTGATCAGTTCTACGTAGGGGGCCGAAGATCCGTCCCCGATGGGAGGTTCGTTGGCGTCCATTTCAATGACGGCGTTGTCAATGCCCATGCCCGTGAGGGCGGAGAGGATGTGTTCCACGGTATGCACCTTGACGGAACCT
NZ_CP114598.1_gap60	2453178	2456905	3727	TCCGCACAACAACACAGCCCGGCCATCCCGCAACGGCATCACATGCCAGACAGCCTTCTTGCTCCCGGTCACCGTGCAGGCAGTCAAACTCTGCGCCACAGGATCATACACCGCGCATGCAACGCCATTCTTGCAGGGGCAAAGCAACACCCTCCCGCCATCCACCACAGCGGCCCTCCGGTAACTCCCGCTTGTAACTGCCAGCCCGGAATGCGCCACCTCCGCCAAACTTCCATCCGCAGGATCATACACATAAAAAGCCGTCGCCATATACGGAGTCAGCAGCACCCGCCCATCATCCAGCAACACCGCCTCGCCAAAAAAACCATCCCCAACCCCTTCCAACAGCACCTCACTCTCCTCCCCGCTCTCCATATCCAGCACACAACACCTTGCCCCACCGCTGGTCAAAAACGCCCGGCCATCCTTCAACACACATCCCCCTACCCATCCGCAGCCATCATCCCGTTCCTCGCCAACCTTGCGGCCCCCTCCGTTCACCCGGTCAAACACATAACAGCAGGCATGGGCCTTCCCTGCCAGCAGCAGCCTCCCCCCATCCAGCTCCAGCACCGTCCCCCACACCTCCTCCCCGGAATCGCCAACCCCGGCAACCAGCCCCTCCGCCTCATAATCCCACGCATTCAGCCTCAACTCATGCCTGCCCCAGTTAGTCGCCGCGGGCTTATACTTCATCACCCGCAACTGCAAACGTGTAGGACGTTCACACGTGCCGCTGAACTCAAAATTCCGCCAATCCCCGTCCCATGACCAAAACCTGTGCAGCACCTCAAACTTATGAGGGCTCAAACTCTCATCCTCCGCATCCGCACCCATCAACTGAAACTCGCCCTGCCACCGCTGATCCTCATTCCCGTAAGTCTTCAGCGTCCACGCCCCCTCATGGCACACGAACGCCCTCTGCGGCCCATCGCTGGAAGCCCACCACTCCCGCATGCTGTTAAACCCGCTCCCAAATCGGCTCACCACCCATCCGGGAAAGAAAAACTCCGGATAATCAGCCAAACTCTTGCTCCCCTTATAATCCGTCCTCCCGTAATACTGCTTATAACATGTCCATGTAACACGCACATCGCCGCTCACCGTCCACAACTCCTGCCCCGCCAAAACAATCGTACCCGCAGCGGACAAATCAGGAACGGCCTCGGGCGGATTACTCGTACCGGTCAACTCCGCGTAAGTCTGCGCCACCACCACTCGCTCCGCCATATGCTGAGTATAAAGAACACTCGTGCCAAACTCCTCTGAGCGGAACACATGGCGGTCAGCACCAAACGTCAACCCACCCGCATCACGCTCAACCCATGCCTCCCCATCCTTGGAAATCGCAAACTCCCTCGGACTCCGGTCAAACTCCATCACCGCCAGCCTCCAATCATCATCGCCATGCCTCTCCAGCCTCTGCGGAGCCACCCTCCCGCACACCACCCACACCACGTCATTGCACTGCACCCACCGCAGCTCCGGCAAATCCTGCTCCGTCCACGGACTCTCCAGCCGGGCGGCCAAACTCCCATCCAGCCGGAACACCTCCACAAACCCCGCTCCAAACACCACCATATACCGCCGCTCATCACTCACATCCATCCCCATCAGCCGCACCCGCCCGCAAGCGGCCCCTCCATCCACCGCACACATCCTCTCCGCGCCGGGCCGCCGCATCAGCCCGCCGAAAGTATGAACAAGAAAATTCACAATCGTCTGCGCGCTCCGGCCATACCCATCCACATCATACCTTATCGCCCCCATGCGGTTCCACTCACCTCCGGTAAACGCCACCCTCATCCCGCTCATACAATCCCCCTCCTCCCCCACGGAGACACCGTTTCATCTCTCCCTCCCCGTCCCATATCCTGCAACCGCGCCCGGTACTGCGCCCTCATCTCCAGCCGCCTCACATCCGCTTGCAGCCGTCCCTCCAAATCCCCGCGCCCGGTAACGGTCAATGCGCACAGGCACGCCAGCTTGGCGGCCAGCAGCTCTCCATCCGCACAACACCACTCATGGGCGGCATCATCCGGCCTCACTAAATACACCACGCGCACCTCCCTCCCTTCCCCTGTCCAAAACAACCTCCCGTCAAACACGCACCACCCGGCCCCATCCACATCCACCACATCCACACAACCCTCCGGCAACGCCTCGCTCCGCACAAAACCGGGCAGCCGCAAATCCTCTTCACCCTCCAACTGCGCCACCCTCTTCGCCCACACAGGCTTCACCTCCTGCACAACATACTCCACTGCGCTCGGCCACATGGCTCGCAACACAGCCCCCACCTCCTCATCATCCAGCCCCGTCACAGGAGCCTTTCCCAACTTGGCAAGGGCAAAATTAACCACATCCAACTGCTTCATAACATCATCAAAAAACTAAGCTGAAAACGGAGGGCGGCCCGCAGACCGCCCCCCGCCGCTCCACGGCAACAAACATTGCCCGGAAACAACTCCTTACTGTGCGCACAGCACCTTAACAAACCCCTTCTCCTCCAGACGCGTCGCCCCGCAGGCAAACTTCGCGCGGATCTGCAACGCCTCATCCAAATCATCCCGCACGGAAATCTTCACCTTAAAATCATTCCACAGCCCGAACTGGGCGCGGCTCTTCACCCATGCAAGGCACTCCCTCACCCCCTCGGACTTGGGCAGACGCTCCGTGCGGACAAACTTGAACCCCATAAACGTATCAACCTTCCCATCCACCAGAGCCTTCACGCTATTATAATCATAAGAAGTCACCTCCGTCGTGCTCAGCAAATTAAGAATCTGCGCGGAAGAACACGCAAACACAAGCTGATCCCCGGCGGCGGAACTATCCTCCGTCCACGCATCCGCCTCCTGAAACATCTGCAACGTCCGGCGCAGCTTAGCCAGCGTCAGGCCGCTTGCGGCCTTCGTGCCGGACTCCACATAATCCTTGGCAACAACTTGGTCAGCAGGAAACTCCACAGCCTTCGTCCCGTCCTCGCCCACAAAATTCTGCCCTAGAAACGAGGCAATCATCACATCATCCATCGTCCGGTTCGCCGCCATCCTCAACCCCTCCAGCGTCTTGCTCACCGGTAAATCCAAATCGCCAAGCTTCGTCGCGTCAAACTCGTCAAACCCTACCGCCTTGGTGAAAATGCGCGGACGCATGGAACGCCTCAACGTAGGAGCCTCATCAAGCGCAGTGCTCCCCATGCGCGTCGTCTTCTCCTTAAAATCAAGCACCCCGTACTGGTCGATAAACTTCACCTTCCCCTTGCAATCCCTGTCCACCGTCACCAGCTTCTCCAATGCGCTCACCTTCTGCTGCAACAGCACCCCCCACTTATTCGTGTACTTGACCTGATAATTATCGCTAATTGTAACTGCCATAATAATATAATAACTAACTGTTAATAACTCTTGTCCTTACTCGCTCTCCATGACCCTAAAACCCCATCAGGCGGTTATACTGCTCGTCGGCATACCTGTGATTGGCATGGTTCGGATTCATAAACGCCTCATGTAAAGGGTGGCTCGGATCATTCATCATCCTCTCCGCCTCCGCCTTCCCCCCGGCAGCCGCGCCCCCGGGCATATTAAGCCCCTTGGCAGGCTCATCCTGCATCATCGCCCCCATCTGCGCCAGCAACCGGATCATCACCGGATTCGTGCCAATCACCGGATCATCCACCACGGCACGCACCTCCTCACCACTCACCCCGGTCATCTTGGCCAGC
NZ_CP114598.1_gap61	2524431	2526229	1798	CAATACGGCTACGTAGAAGTCCGCGCCAGATTCGACTGCGTGCAGGGCGTCTGGCCGGCCATCTGGATGATGCCCAAATCCGACAGCATAGGCTGGCCTGTCGGAGGGGAAATTGACATCATGGAACACCTGAATTACGAGGGCCGCGTTTACCAGACAATCCACTGGTCGCAAAACGGCGTTCCCAATCAGGATAAATCCCAGGGGGTCACCCCCGGCTGGAGCGACGGCGCCGCAAAAACGAGCTGGCACACCTACGGGATGGAATGGACGGAAGAAGGCATCACCTTTTATGTGGACGGAAAAGCAACCGGTTCATTCAAAAAGCCCAATAACGCAAACTGGCCCTTTGACAAGGACGGGAATGAATTCTACCTGATCATCGACCAGCAGATCGGAGGCAACTGGGTGGAAAACGCAGGAGTCAATAAAGGAATTGACCAAAATACGCTGGCCAATTCCGGAGCCGCATTCGACATCGACTATGTCAAAGTTTATGCCTCAAGCATCTACAACCACCTCGTTCCGGAACCCGCTGTGGCTTCGCTGGGCCTGTTTGGAGCAGTCTTGCTGGCGGCTCGCCGCAAAAGAAGCTGATCAGCCAGCACTCTTGTTATTCCCCCTGCCGCGGAAATAAACCTTCCGGGACATCTCCGGCATGCGCTTTCAGGCAAAAGCCGTCATCGGGCCTGCCTCAATACTCCTGAACGGGGGATGAAGGCAGGTTGTCCCCGCCGCCTTCCTCTCCCAGGCGGCACAGGGCTTCCGCACGGCGGAGGCAGGAATCCCACAGGGAAGCCTTTTCCGGAAACGGGAAACACAGGGAGTCGCTCAGCTTTTCCACCCGTTTGAAAGAATCCTCCCGGTCATAGGCGTTCAACCCCTCCAGGCGGGAAGCCAGCCCATCCAGCCAGGGAAGAGGGTCATGGCAAATCAGGGGCAGATCGCATCCGGCCCGCAGGGACAGGAAAGCGGCGTCATCCGGGGAATACTGCGCCGCAATCGCCCCCATGCACAAATCATCCGTAAACACCACCCCCCGGAAGCCAAGGCGGTCGCGCAGAAGCCCCCGGATCACCCGTTCGGACAAGGTAGCGGGATAATCGGGATCAATCTGAGGCAACATGATATGGGCGGACATGATGGAGGATAATGCCGGGCACAGAGCCAGAAAAGGCAGCAAATCCGTCTTGAACAACTCCCGTTCATCCAGGTCAACCACAGGAAGGCTGAAATGGGGATCCGCCTGGGCACGGCCCATGCCGGGAAAATGTTTGCCGCAGCTCTGCACGCCGCCCCGGCGCAGGTTGGAGGCATAAACGCCGCCGCGTGAAATAACGTCCTGCGCATTGTCTCCCCAGCAGCGGCCGGGAAGCGCGTTGGCCGCGGACGGATCATGGCAGATATCCAGCACCGGGGCAAAATTCAGATTCACCCCCAGGTAGCGGAGAGCCAGGGCCGTCACCGCGGCCAGTTCCACCATGCCGCCAACCGAACCGAGCCGGGCCAGCGAAGCCGGGGAGGGCAGATGCAGGCCCAGGGAAGCGGTGCGCACCACCCGGCCTCCCTCCTGGTCCACGGCAATGACAGGATGGTGGAGGCAAAGTTTCCGCAGTGTCTCCGTCAGCCCGCGCACCTGCTCCACGGAATCAATATTCCTGGAAAACAGAATAAAACCCGCCGGCTGCCAACGCCGGATGGCAGCCTCTTCCTCCGCGCCCACTTCATGGCCGCTTATGCCGATCAGGGCCGGGAGCATGAACGGAAAAGGATTAACGGCCCAACAGGGAAGTCCTGG
NZ_CP114598.1_gap62	2529911	2532012	2101	GGAGCCCCAGGACCTCATGGGAGCCACCAAGATGGTGGATGAAGTGAGGGAGGCCCTGCCGGACGGCATGGGCATCAGGAAACTCTGGAAAACGCGCAAATACGTTCCCTCCGTAGGCCGTGGCGACAAAAACGGCAAAGACATGCTGGCCAACCACACCAAGGAATACGTCAACGTACTCTGCTCCGTGATTCTTGAAAACGCCCTGAAGCAGGAATATGATTACAAAACCTTCCAGTGGACCGAACTCATGTCCTGGCTCAAATCCGAATCCAAGCGCAACTCCTACCCGGAACCCCAGGCCGCCTATCAGATCGCGTACGCCAAGGCGCAGGGCACGGACAGGCTTAAAAGGACGGTGGACAGAGGGTTCAAGAAAGCCGCCAGCTTCTACCGGGATGAAAACAATGCGCTGAACGCGCCCAAGGATGTGGACCAGGAAGAAATGTCCTTCTCCCTGGACGCCCTGTGCCAGGCCCTGCCCAAGGAAGAACTGATCCCGTGGATGAAAAACATGGTGGACACCTGCCCGGACGGCTTCAAGTATAAGCCCAAGAATAAAAAGGAAACGAAAATCCACCCCTTCTACGACACCCTGACGAAAAACTACATGTCCCTGGCTGACGAATCGGAAAAATCCCGCGTCAAGACGGAGATGAAAGACGCTTCCGACAGGATTCTGGAGCTTTCCCAGAAAAAGAAGGGAGACGGGGAATCATCCTCCGGACGCCGCCGGAGACGCTAATCCCCCCCGCCGCCCCAGTTGCACCTTTACGTCCACATTCCCTTCTGTCACCGCATCTGTCCGTACTGTGCCTTCTTCAAGCACACCCCGGCGTCCACGGACATGAAACTTTTCATCCGTGCGCTGGGGCGGGAAGCGGAATCCCGCGCCGCGGCCCTGTCCATGAGCCGCGGAGGGGAAACAGCCACCCTTTACTTTGGAGGAGGGACGCCCTCCATGCTCTCGGACACGCATCTGGGGCGTCTCATGGAAACCCTGGACCGTCTCGTGCCCGTGGACAGGCTGGATGAATTCTCCTTTGAGGCCAACCCCGCCACCTTTACGGAAAAAAAAGTGCGCTTCTGGCGCAGCCTGGGCATGAACCGGGTTTCCCTGGGCGTGCAGTCCCTGGATTCCGGCATCCTGCGTCTGCTGGGGCGCGAACATACCCCGTCCCAGGCGCTGCGCTCCGTGGAAATGCTGAAAAATGCGGGAATGCCCCATATCAACATGGATCTCATGTTCGCCATTCCGGGGCAAACCCTCTCCATATGGGAAGCCTCCCTGAAAGAGGCTGTCCGCGCCGGCACGGACCATATCTCCGCCTACAACCTCACCTATGAAGAAGACACGGAATTCTTCCGGAGCCTGCTTCGGGGGGAAAAAAGGCAGGATCCGGATGAAGACGCCGCCTTCTTTGAACTGGCGGAACATGTGCTGGAGGCGGCGGGCATGCGCCACTATGAAACGTCCAACTACGCCCGGGAAGGCTGCCAATCCCCTCACAATATGGCCTACTGGAAGGGAGAGGACTATGTGGGCATAGGCCCCGGCGCGGTCAGCACCATCAACGGCATGCGGTACTCCAACACGCGGGACACGGACGCCTACATACGCAGCACGCTGGAAAACGGCCTCCCCCTTTCCGAACAGGAACCCGTCACCGCGGAAGACTACCGCCTGGAACGCATTGCCCTGATGCTCCGGACGGATGAAGGATTGCCGCTGAAATACATTCTGCCGGAATCCCGCCCTCTGCTGGAACAATACCGGGAACTGGGCCTGGCGGACATTTCACCGGAACAAAGGCTCATCCTGAAAGGCCGCGGCCGCCTGCTCGTGGACGCCATCGCGGCGGAACTGTGCTGAAAGCAAATTTTCCCTCCTTTAGAGTTCAGCTGCCTCCGGAATCCGGCAGGAACCGGGCGCAGAAACAGCCGGGCACGGGCCATCTACAGACATCCCTGTGGAACGTAATACACAATAACAGCCGCGTATTTAATCAATCTGGAACTGGTGCGCCATTTTTTTCAACCACCAGTCCCGGTGCCGCATTTCATCCCTGCTGCGCTCCAGTTCCCGGAGTTCGCTGCCCCG
NZ_CP114598.1_gap63	2545793	2546490	697	CCAAACAATTCGTCAAGCGCATGAGCGAGCTCATCGGCTGCCCCGTCACGACCGTGGGCGTAGGCCCTGACCGCGAACAGACGATCGCCGTGCAATAAGCCTCGGCAAATCTTGATGATTTCCTTCAAAGCAGTCCCGCCATAACGTGCGGGACTGCTTTGTTATGTTCAGGGTAAAAAGACAAAACACGCATTTCAACGCTTTTTCCGCAACCATTTCTCCGCGGCAACGGACATATGGAAAATTTATTTTCCGCACCGCATCACTGCGTGAAACGCGGCAATGCCTTCAACAAGGCCTCCAGGATGGATGCAAACGGCATCCCTGCCGCTTCCAGATCAGGAAAAAAGAAATCATCCGCAACGGTCCGGCAGAAAACGCGGCGCAACAGGCCTGGGAAAACCAGGCGTGAGATTTCCGGAAACAGGTTCGCAAACACGGCCATTTCCCACCCGGCAATAAAAAAGGAGGCGGGATTTTTCCCGCCTCCTGCAAAAAACAACAATGACTTCCGCGGCTCAGGCGCGTCTGCGGCGCATCATCAGGGCAGCCAGACCAATCAGGCTGAGGGATGCCGTAGCCGGTTCCGGAACGGCAGCCGCCGCAATGGCGCTAAGGTTGGCTTCCTGGGAAGCGTTAGCCTGCAGCGTGGTATTATCTACGACGAGGTACTTGACGTAATCCGTGCCATAGGTGA
NZ_CP114598.1_gap64	2649575	2650075	500	CGTTGTCAACCATGCGGACCGCCTCCCTTCCGCATCTTCCCGGGTAATTCCGCTCCGGTTCCTGTAAGTGGTTGATTTCCGGCGGCGTAATCATGCCCTTTTCGTCACCCGGGCCGGTAACAACATAATAACATATTGATAATAAGTAATTCACAACGTCATACAGAAAATATACTCAGGAGTACTAAATTATCGGAGGAAGCAAGAACAAAATATTTTTTCATGTGGAACCCCCGTGGAACGTAGAGCCGCGGAACGATGACTCGCGCTGTTTCAAAAAGATATTTTTTCCTCAGACGCAAATCAGTAATTTGGCGCTCCCGTCAACCGGGGTGTCGGACTGAAAGCGGATGAGTTCGCCTTCTCCACCCCGATGAACGTCACGAGCTGTCACGGCTGCGGAGGAACCTGATACGGTTCCATCCGCAGGGCGGCCTCGTAGCGGGACGGAACGCCTTACGGCTATTTCTAACCAGCAACATCTTTTATTTCCAATAACA
