gap_id	start	end	length	sequence
NZ_CP017174.1_gap1	6113	8495	2382	GACCGCATAGGTCTGCGCCGCTCGCGACTCACTGCGCTGCTCCTTGAGGCTGGGCGTAGCGCTCCGGCCCTCCGCTGCCTCTCCCTGCTCCTCACGTATGTTCGCCATGACGGTGGCCTCCCCGGTGTCGGGCTTTGGGTCTCTTCCGTGAGCGTGGGCACCCCATGTCCCCCAGGCACCGGCCGCCCCCCGCGCGCCGGGGCGACAGGGTGGGAAGCGAGCCATGCACCGGCGGCACCTTCCCGCCGCCGTCAGTCCACCGCGCCGCCGAACAGCTCCACCATCCGAGTCCGGTGCAACACGCCCCAGAGCGCCAGCGCGACCAGTGCCAGGCACACCGCGCCGAGCGCCTCCCAACGCCGGCCAATGGGCGGCCGCGCCTCCGGGTCCACCCGCCGCAGCGCCACCAGGCCCAGGATGAGGGCGAGCATGGCCATGGCCGCGAAGACGAACGTCAGCGCGCTCCACACCCCGAAGAAGGAGAGCAGCGGCGCGAACACGGGCAGGAACAGCGACCCCACGCTCAGCGACAGCGCATGCCGGGCAAGGGGGTTGTTGATCCGCAGGTCCCACAGCTGGTGCAGCTCGCGCTCGGGGACATCCAGGCGGAAGAAGAGCCGGCTGCGTGTGTCGCGAAAGACGTTCACCGCGACCATGAGGGGAATGAAGAACAGCAACGCGGGCGCGCCCAGGGACTGCGCGGTGATCAGCATCGCCAGCAGGGGCATGGCGAGCAGGCCCATGCGCGCCCACCGCATGCCCAGGAAGAACGCCACGCCCACGCCCGCGCTGCCCAGGCACGCCAGCGTGGTGCCGACGTCCCCGGCCATCAGCGCCACCAGTGCCAGCCCGACGAGCACCACCGTGACGCCGCCCACCAGCCAGGCGCTCCCGTCCCTCCGTCCCCAGAGCCCCAGCCGAAAGGTCTCCAGGTAGTTCACCTCCGGACGCACGGCGCAGGGAGGGCAGTACATCCGGCCCATCACCCACGTTGTGCACGCGGTGCAGACGAAGCCGCCACAGCGCTGGCAGGTGGCACCCGCGAGCGCATCCGGATGGAGGGCGCAGCGGGGCAGGGCACCGGATGAGACTTCGGCGGACATGATTTCAGTCTCTCATGCTGACCAGGAACCAACATCCCGGGGCAGGGTCCTTTCCCGCCACCATTCCCTACCCACGGCACCGGACGTGCGTGCTAAGCGCGTCACGTGAGTCATTGGCATCGAGACCCGGAGGCACCTTGTTCCGAATGAAGGCCCTCGTCGCCGCAGCCCTCGTGTTCAGCGGGCTGCCGGCGCTTGCCCAGACACCGACACCCCAGGAGGCGAAGCCACTGGAGCCCGGCCGTGAGGCGCTCGCCATCTCGTATGAGAAATACGCGCTGCCCAACGGCCTGGAGGTCATCCTCTCCGTGGACCGGAAGCTGCCGGTGGTGGCCGTCAACATCTGGTACCACGTCGGCGCATACCACGAGCAACCAGGCCGCACCGGCTTCGCGCACCTGTTCGAGCACATGATGTTCCAGGGCTCGCGCAACGTGGCCGATGACGTCCACATCGCCCGGCTGGAGCAGCTGGGCGCCACCGACCTCAACGGCACCACCAGCTTCGACCGCACCAACTACTTCGAGACCGTCCCCAGCAACCACCTGGAGACGGCGCTGTGGCTGGAGAGCGACCGCATGGGCTTCCTGCTCGACGCCATCACGCCGGAGAAGCTGGAGACGCAGCGCGAGGTGGTGAAGAACGAGCGGCGCGAATCCATTGAAACCGCGCCGTATGGCGCCGCCCGCGAGAAGGCGTGGCACGCGCTCTTCCCGCTGCCGCACCCGTACCACGGGGACGTCATCGGCTCGATGAAGGACCTGAACGCGGCCAACGTGGACGACGTGAAGGACTTCTTCCGCAAGTGGTACGCGCCGTCCAACGCCACGCTGGCCATCGTCGGTGACTTCGACGTGGCGAAGACGAAGGCGCTGGTGGAGAAGTACTTCGGCACGCTGCCCAGCCACGCCCGGCCGCTGCGGCCGGAGGTCGCGCCGGTGAACCTCACCGCGCCCGTGGTGCTGCGCGAGGAGGAGCGCGTGGCCCGGCTGCCGCTCTTGTCCATCCAGTGGCTCACGCCCGCGTACCTGGAGGAAGGGGACGCCACCGCGGACGTGCTGGCCACCGCGCTGTCCACCGGCAAGGCCAGCCGCCTCTACCGCCGGCTGGTGCTGGACAAGGAGCTGGCCCAGAGCGTCAGCGCCACCCAGCAGAGCCAGGGCGCGCAGTCCGTCTTCTCCGTGGACGTGGTGGCGCGGCCCGGCGTGTCCACGGACACGCTGCTCCAGGAGGTGGACGCGGTGCTGGACGAGGTGCGCCAGCAGGGCATCACCCCGGA
NZ_CP017174.1_gap2	11559	15664	4105	TTTCCGAATCGCCCCGCGCCACGGAGAAGCCGTGGGCAATCTGCCGCCACAGGCCCTGCGTGGCCTTCGCCGTCGTCCGCGTCAGCGTCTTCACCTGCGACAGCGCCACCAACACCGCGACGAAGGACAGCGTGTTGATGAGCAGCGCCCAGGACGTCCCACCCATGCTCAGCACCAGCGCGGCCAGCGCCGGACCGATGATGCGCCCCAGGTTGAACTGCGCCGAGTTGAGGCTCATGGCGCTGTGCAAGTCACGGGGCGGCACGAGCTCCGCGAGCATCGCCGCGAAGGCGGGATTGATGAGCGTGCTGGCGCAGCCGTGGACGAAGGAAATGACGGCCACGACGGGAACGCTGAGCCGGTGCGTGAAGGCCAGCGTCGTCAACACGCCCGCGAGCACCAACTGCACCACCGTGCCCAGCGCGACGTAGGCGCGACGGTCGAAACGGTCCGCGAGCGCGCCGCCCACCGGCGACAGCACCACGGCGGGAAGGAAGGTGAGGGCGACGATGCCACCCGTCCACTCGGCGCGGCCCGTGGCCTCGGTGACGTACACGCCCATGGCCACCGTCTCCATCCAGGTGCCGATGGTGGAGACCAGGGCTCCCACCCAGACCGCGAAGTAGCCGGGGTGGTCGAAGGCGCGAAGCGAGGAGAGACGTGGCAGTCGAAGGGCGCGCACGGCAGGGACCTTTGTATCCCGGAGCCGTGCGACATGCCTGTAGGGGCCGGCAGTTGCTTTGAGTCGCTATGACGGAAGCTGGGACACATCCAGCAGCCGCGCTTCAGCCCGGGCTCGAGGTCCGTGAAGCACCCACACGCCGCCGTGCGCACGAGACGACGTGTCAGCGCCGCGCACGGTCCAGCAAGGAGACAGGGCCCTTGCCGCGGACCTTCACGGTGCCGTCGTCGGAGATGCGCGCACCCGTCTCCGGGAAGTCGTCCGCGGTGAGGTCACGGACCGCCTTGATGACGGCGCCCTTCGGGTCCGGCACGGCGATGCCCCTGTCCACCTGCTTCGTGGGGAGGATGCGGCCCGACGTGAAGTCGCCGTCGCGGTTCAGCTCGACCTCCAGCACCATGCCCAGGCCCTGCGGACCGCGCAGGTTGAACCGGCCATAGGTGGCGAAGTTGCCCAGCGAGTAGGCGATGAGCCGGCCCTTGTAGAACTCCATGCCACGCACCACGTGCGGACCATGGCCGATGACCAGGTGCGCGCCCGCGTCCACCACCGCGCGCGAGAAGGCACGCAAATCGCCCCGGTCCTCGCCGTAGAACTTCTCCCGGCCCTTGGGCACGTGCAGCGCCTTGCTGCCCTCCGCGCCGCCGTGGAACGACACGATGACGATGTCGTGCTCGGCCGCGGCCACGCGCACCAGCCCCGTCGCCGTGGTCAGGTTGTTGAGGTGGTTGCACGACGGCGACGTGTGGAACGCCACCATGCCGATAAGCAGGCCATTGCGCTCCACCGTGGCCACCGTGCCCGGCGCGCCGCTCCACGCGATGCCCAGCGCGTCGAGCGTGGACTCCGTCGCGCGGCGGCACTCCTCGCCGAAGTCACCCGAGTGGTTGTTGGCCGTGGACGCCAGGTCCACTCCGGCCTCCTTCAGGTACTGGCCGTACTCGGTGGGCGAGCGGAACGCGTAGCAGTTGCTCGACGAGCGGCACTTCTTCGTCTCACCCGTGTCGCACAGCGGCCCTTCCAGGTTGATGAAGGTGAGGTCCGCGTCCTCCAGCAGCGGACGCACGCCGGCAATCACGCTGCCCGCGCCATCGGGAGGCAGGTGGCCTTCGGGCACGGTGGTGCCCAGCATGACGTCACCCACCGCGCGGATGCGCACCTTCGCGCCGGCCGGCGGGGGAGGGCGGTTGATGAGCTGCGGCCCCTGCGACAGCTTCGCCTGGAGCATGGCCTGCCCACGGGCCTGAGCCAGCGCGCCCTCGAGGTCCGGGTGGTCCGGCTGGAGCTTCTGTACCTCGGACCACTGGGTAAAGGCCTCCGCCCACTGGTTCTCCATCGAGTGCGCCCAGCCCAGCTCCCAGCGGCAGTCCACGCGTGAGGGCGCGGCCTCCACGCAGGCGGACAGCTGGGTGATGGCCGTGGGTGCGTCCTTCGCTTGGAGGGCTTCCATGCCTCGGGCGTAGCTCGTGTCCGGGTCGGCCAGCGGAGTGGCGCTCTTGCCCATGGCCAGGGCCGCGGCGCGCAGGGCGGCGGCACCGGCCTCCGCGGCGGCACGGCCCAGGTCCAGCACCGCGCCGGAGTCACCGGCGCGGGGGTAGGCGTTGAGGTCCGTGATGACGGTTTCCGGCGCGGGCGCAGTGCCCTGGGAATCTGGGCCCTGGGTAGAGCTCGAATCGGCGTTGGGGCCTTGCGAGGGAGAGACGTGCTGGGCGGGGGCGGACTCACGCGCCGAAGCAGCACCCGGCGTGGTGGCGAGCGCCATCAAGAGGAAGACGGACGAGGGCATGTCCCGCCATTCTAGGGGCCCTCCTGGGATTCTGTGACAGGGGAGATGACCTCGCCCTGCCTGGCAGCCGGACAGGCGACACACACCTCATCGGTCAGGGTGATGGGATGTGTGTCGCGGCGCGGCCTCGGTTCAACCCAGCACGTCGAGCAGCACCGAACGACGGCGCTGGCGCGGCAGAAACCGCAGCCGCCGCAGCTCCTTGCGCTTCACCCGGTGCTCGATGGCGCTGTGGACGGAGAGCGGACCCGGGCCTCGCAGCAGCAGGCCGAGCGCGATGGCTCCCAGCGCCAGGTTGAACTCGTAGCCGCCCTTCGTGTTGTCGAAGCCCTTGGAGCCATGGACCTTGGCCACGGCGATGGCTTGCGTGACGAGGACGGCCAGCGCGGCGGGGCGCGTGGCGATGCCCAGGATGGAGCTCACGCCCACGAGCAGCTCCACCATCCCCGTGGCGATGACCCAGGGCTTGCCTGGCTTGAAACCCAACTGCTCGAACAAGCCCGCGTGTTGCGCGGTGCCCTCGGGGCGGAGCTTGGACACGCCATGCACCAACATCGTCGACCCGAGCGACAGGCGCGGGGGCAGCAGGGCCGCTGCCTTCAGGATGCTCGGTTGCTTGGTCAGGGTCGCCACGTTCATACCTGCCACTCCTTGGATGGGCCGGGGCCGTTGCCGGAAACCTGGGTAGGTTGGGCCCGGCATGGGCGCATGGCACGCCGCGGCGATTCCGCCTCGCTTGCCCGGTGGGCATACTGCCGGCCCCAAGGGGCCTGCCTCATGAAGCGGGACTAGACCCGCATCCCTGGGGCGGGCCCCGCGTGAATACCCACTGGTACGAGGCAGTCACCCCGTCATGTCCCTCCGCTGGCCGCTCCTGTCCCTGTCGTTGTTGGTGTCTGCTCCGGCGCTCGCGGTCGACGGCGTCGCCGTCCGGGTCCGCTGCACGGAGAAGTGCACGGTGGTGCTGGATGGAAAGAACGGGTTCCGGGTGAATGACACCACCTGGGAGTTCAAGGGCATCACGCCGGGCAACCGGAGGCTCGACGCCACGGGCGTGCTGAGCCGTCCGCTCGCCGGCAGCTTCGTGGTCATCCCGGACGTGGCGACGGCGGACGTCTTCCTGGCCAGCAACAAGCGCATCATCATCGAGCCCGGCAGCTCCACCATGCCCGGCACACCGGAGTGGGCCGAGCCGAGACCTCCCGCGCCAGCCTCCACGTCGAAGGCGCCGAGCGTGGCCACCGTGAAGTGCCAGGACGACTGCACGGTGCTACTCGATGGGAAGCGAGGGGTCCGCCGGGACAACAGGACCTGGGAGTTCCGCGACGTGGCGCCTGGCCAGCGGCGCGTGGAAGGCAGCGGTGGCGTCTTCAACCGGCGGCAGTTCGTGGGCTACGTGGAGGTACCGGGTGGCTCCGAAGTCACCATCCAGGGGGACTCCAAGGGCCACGTGACGCTCACGGAGCAGAAGGACCTGGAGGCGACGAGGCAGCCCCAGGCGAGCGTCGCATTGACCTCCCTTGTCCACGTGCGCTGCACGAAGCCGTGCACCGTGACGCTGGACGGGCAGCGCCGGGGCACGAGCAACGCGACGAACCTGAGCCTCCGCGACGTGCCACCCGGGGAACATGCGCTGG
NZ_CP017174.1_gap3	158388	163332	4944	GCGCGTCCAGCAGGAAGCCTTCGTCGCCCCGGCGAGCGGCGGTGGCGAGCCCGCGGCCGCCCTGCTCCTGGAGGTCGCCCAGCTCGTGCGGCAGCAGCACGGTGGCGAAGAAGGTCAGCAGGCGCCGCGAGCCCAATGACGCCAGGGCCCGCGCGGCGCGGATGCGCAGCGGCACCAGGAAGGCTGGAGGGTAGAGCCGCTCCAGGTCCTTGTCGGTGATGAACGCGCGCATCGGCTCGATGATGTCTTCGGCGCCACGCGGAGCCAGCAGCTCCACCGCGCGCACGCGCACCGGCAGCGGCGCCGCGGAGAGCCCGGCCAGCAGGGGCCCGTTCTCGTTGGGCACCAGCTTGTCCAGCGCCTCCAGCGCGGCCACGGCGACGGGGACTTCCTCGTCCTGGACGCGCTTGAGCAGCGGCGAGCGCAGGGGCTCGATGGGGGCGTGGATGGCGCCCTTCGCGGCGTGCTCCCGCAGCGGCGCGTGCGTGGTGGCCAGCGCCGCGAGGTGGGCCTCCGCGTGCTCCTTGCCCACGTGCTTCACCCACGCGTCATACGCGGCGGTGGCCACGCTGGTGTCGCGGTCCTCCACGGCCTTCTTCAGCCGCTCCAGCGCCCAGCCCTCGGCGGCGCGCTGTGCCAGCACCTCCACCGCCCGGTGGCGCAGGTCGGGGAAGCGGCCCACCAGCGCGCGGTCCAGCGCCTTCTCCGGCGCCTTCTCGTTCCAGGCCCACAGCGTGCGGAAGGCCTCGCCGCGCACCTTGCTGGATTCGTCCTCCAGCGCGTCGCCCAGCAGCGGCTCCGCGCCCGGCGTCGCCGCGCCCAGCTTCACCAGCCGGTCCAGGCCGCGCACGCGCACGTCCTCGTGGCCCGAGCGAAGGGCGGCCTCCGCCGACGCCAGCGGCGCGTCCGCGTCCAGCGCCACCACCGCGTCCAGCGCGGCGGCACGCACGTCCGCGTTCTCGTCGTCCAGCATCCACACCAGCCGCTCGCGAGCGCGCGCGTCCTGGAGTGCCTGGAGGGAGGAGGCAGCCACCCGGCGGATGGCGGCGTCCGGCTCGCGGGAGAGCTGGAGCAGCGCGCCCAGCGCCCGTGCGTCGCCCAACTGCGCCATGCCGCGAGCGCCGCGCACGGCCGTGTCCGGCGTGCGGCAGGCCATGGCGGCCAGCAGCGGCTCCAGGTCGCTCTCGGTGATGGCCGCGCCCGTGGTGCCCTGCGCGGGCATCGCATCGCGTCCGGCCTGGAGCTCCGCGTCGGTGATGGGCGGATTGCCCGCGACGCCCTGCGCACGGCGCGCGCGCTGGACCAGCCAGCGGGAGACTTCCTTGGTGCCCCGGCCGAAGTCCTCGTCACGCGACTCCAGCGCGTGGGACAGCGCCCGGCGCTCCATGACGCGCACGGTGAAGGCCGCGCGGCGAACGCCGGGGTCCGCGTCATCCAACGCGCGGGCCACCAGGGCCTGCAGCTGCGCGTGGCCGAGCAGCCCGCCCGCCGCGGCGCGGATGAGCACCTCCACCTTGAGCAGGGAGGGGCCGCGCTCGAAGGCGGTGCGCAGCGGCTCGGCGCCGTCGCCCGGCACCACCTGGGTGAGCGCGTCCAGCGCGGCCAGTCCGACCGTGCCCTGGTTGTCCGCGAGCTGGCCGGCGATGAGGCCCGGCACCAGCGGGGACGTGCCTCCCAGCTTCGCCAGCAGCTCCAGGCCCAGCACGCGCACTTCCGGGTGCTGCGAGCCCAGCGCCGCGCGCGGCGCGGACAGCGGGGCCTCAGGCTCCAGCGCGACGAGCGCGTCCAGCGCGGCCTTGCGCACCATCGGATGCGAGTCGTCCAGCCGCTCGCGCAGCTTGGGGCGCGCGGCGGTGCGGCCCTTGTCCGCCAGCTCGCGCACGGCGAGCCGCCGGACCTCCGCGTCCTTTTCTGAGGACAGCACCTGGAAGAGGAAGTCCAGCGCCTCCGTCTCCTCCAGCGCGGCGGCCTCGCGCACCGCGGCTTCGCGGCGGGGACGGCCGGCCTTGAGTGACTCCGTCAGCAGGTCGATGCCGTGCTGGGACGTGTCGTGGTCGCCCGCGGGCGAGCCGTCCACCGCGAGGCCGAAGCGGTGCGTGCGGCGGTCATCCCCGCCCGTGAAGACGGAGCCCAGGGACGTCTTCGCCAGCCGCGGATTGGCCGGCGGCGCGAAGGCGAGCGCCTGCACGGGCTTGCCCCCCGCGTCGAGCGAGCGCGGCTTGCGGCGAACGTCCAGGCGCCAGACCTTGACCTGGCCGTCGCTGCCCGAGGACCACACGCGGTCGCCGGGCTCTTCCTCCCCCGGCTTGGCGGTGGCCGTGGGCGGGAAGAGCAGGGCGAGCACCGGGCCGGCATGGCCGGTGTCCTTCTCGCCGCGGACCTCGAACTCCACCGCGCCCACGAGGTACCAGATGCGCAGCTTGCCGTCGTCACCGGCGGACACCAGCCGGCCGTCGCGCGGCGTGAAGGCGAGCGCGCGCACGGCGCCTTCGTGGCCGGCCATGTCGCGCTGCGCGCCGGTGGCCACGGTGAAGACGCGCACCACGCCGTCGTCACCCGCGCCCGCCGCGTAGGTGCCGGAGGGGTCTACGGCCACCGCGCGCAGGGGCTGGGTGGACGCCTTCCACTCGTGCATCTTGCGCGTGGACTCCCAGTCCCAGGCGCGCACGACGCCGTCCGCGCCCGCGCTGAAGAGGAGCGTGCCATCCGCGCTGGAGGCCAGCGCCGTGACGCCGCCGGGGTGCACGTCATTGAGCTGGAACTGCACCTGCCCCTCGGACAGCGTGCCGATGCGCACCGTGCCATCCGCGCCGGCCGCGGCCCACTGTCCACCGGACAGGGCGAGCGCGTTCACCGCGGAGGGCAGCTCCGTGCTCCACAGCACCTTGTTGGTGCCCGGCTCGAACGCGGTGAGGCGGCTGGCGGTGGATGCGCGAGCGCCGCCCACCAGCAGCAGGCGCGCATTGGCCGCGAGTGCGCGGACCTTCTCGATGTTGCCGATGGCGAGTACGGGCATCACGCTCCTCAGTGGCTGCTCTTCTTAGCACCAGCGCCCTCAATAGAAGAGCGCGCAGTGAAGGGGTTCACGGTGCCGCGCGCGTCAGCGCCCGTTGCCCCGGATTCCCGTGGAGCGCAGATAGAACCGGGCCGTCTGCGCGAGGAAGCGCAGGGGGTAGCCGGGGTCGGCGAGCTGGCGCTGGAGTTCACCGCCCAGCTCCGACAGCAACGTCCGCAGCAGCGCCAGTTTGCTCGGGTCGTCCAGCGTGGAGGCACGCCCCAGCGAGGGCATCCGCCGCCGCCACACAGGGCTGCTGGCCAGTGCGGCCCTCACCCCGTCGAGGAGGTCCAGGAGCGTGGGCGGCATCAGGCCGATGGAGATGGACAGCGCCTCCTCGGTTGCCTGCGCCATGTGCCAGTACCCGCCCGGGATGTAGATGAAGTCCCCGGCGCCCAGCGCGTGCGTCTCCACGGGTGTCTTCTCCTGCGCCGCCAGGGAGCCGCTGGGCACGGACTCCGGCAGGGGCACGGGGTGGAGCGTGTTCTCCCTCAGCAGGTAGTCCTTGCGGCCCGCCGTCTGGAGGATGAACACCTCCTCCGGGTCGCAGTGCCAGCCGAAGCCGTGGTGCCCCGCGGGCGTGCAGTAGATGTGCAGGTTGATGCGGCCGTGCAGCTCCGCGCTGAAGGCGCGCGCCAGCTGGGCCAGGTCCGGGTGGTGCAGGTCCGGCTGCCGCAGCGCGAGCGTGTAGCCCTGCGCGAACAGCTCCCGCGCCGCCTTCGCCGTCGTGGGCCTGCCTCCCGGGTAGGGCACCCCCTGGCGCGCGAGCAGCACGTCGCAGGCCGTCTCCTCGACGAGGAAGTCGATGGTCTCCCACGTCCCCAGGCGCTGGAGGCGCTCCGCGGCGGAAGCGCCGGTGAAGGGACGCCGCTGGTAGTGCTCCTGGAGGAAGCGCTCCCGCGGAAAGCCATTCAGCAGTTCATCGAGCAGCATGGGCGTTCAATCTGCTCAGGCGCTGCCGAGTTGCGCATCCGGGTGTGCGGCCCGCAGCTGCACCAGCGAGGCGAGGCAGCTCTGCCATTCCCCCTTGGCCAGCGAGCCAGTGAACTCCTCCAGCACCGGCGCCACCACGCGGGCGAAGGCCGCGTCGTCCAGGCCCAGGTCGCGCACCAGCTCGATGACGCGGCGCTTGGCCACGCTGGCGGACAGGCGCTTCTGCACCTCGCCCTCGCGGGCCTCCTTGGCGCGGCCCGGCGGCAGGCCGAAGAGCATCTTCCGCAGGAAGGTGCGCAGCGCGTCCACGTTGGCGAAGCGCTCCGTGCCACTGGCGGCCGGGGCCTCCTTGGCGCCCGCGGGCTTCCACCCCTCCGGCAGGTGCGTGGGCCGGTGCTTCTCCCAGAGGAGGCGCACCGCGAACAGGCCCACCTCGCGGTCCGCGCTCTGCATCAGCCACGCGAGCCGCTCGGCGCCGCCCAGCCGCGTGTAGTGCCGGCGGATGAGCTCCACCGCGACCTCGCGCGTGCTGCGCTTGGTGCTCTCCGTGAGGGAGAACACCTTCACCGGGTCCAACTCCTCCGGCTGGAGCGTGTGCCGGGCGTCCGCGCCTTCCTCGCCCGCGCGCAGCAGGGCGTCATAGGCCAGGTTGCGGACCTCCTTCGCCTCGGCGTCGGCCAGCTCGTACACGCGCGTGTGCCAACCCCAGGCGCGCAGCTCCGCGCGGGCAATGGCCAGGGCGAAGCGGCGCACGTCGTCCCGCGAATCGGTGAGCGCGGGCCACAGCAGCTCCGGCGTGTACGCCTTGCGCGGCGCGCGGGGCTTGAGGTTGTAGGACTTCGACTCCGGCTGCTCCGGCCCGATGACGGGGTGGTGGCAGCGCAGGTACGTCTGCGCGAAGGCGCGCACGGGCACCGGCTGCTTCGCGCCCAGGGCCAGCTCGAAGAGGCGCTCCA
NZ_CP017174.1_gap4	164388	168540	4152	CGCGGTGCTTCACCATGTCGCCCGGCGGTGGCATGGCGAAGGAGTCCTGCGAGTACTTGCCGCTGCCGTGCGCCCAGATGTGGTGGGCCACCCAGACGCCGTACCAGGAGGTGTCGGGCGCGTAGTGACGCAGCACCTCCACCGCGAACTGCGGGTAGAGCTCCGGAACGGCGGCGCCCAGGTGGCGCAGGTAGCGCCACGCGCGGCGGCGCAGGTAGGTGAGGGTGCCGCCGGAGACTTCACGGCTGGCGCTGGGGCGGTGGCGCTCCACGTCGAAGCGCCAGGCGAGCACGCCGAACAGCTCCGCGTCGTGGTTGGCCTCCGCCAGCTTGTAGATGCGCTTGAGTCCGCCCCACAGGCCGAAGCGCAGGTCCGCGCGGCGGGCGATGTCCATCAGCGCCGCCCGTGAGGCCTGGGTGCCGCGCTGGTAGAGCGCCACCAGCAGGTCGGCCAGGGCCAGGCGGGGAGGGCGGGGCACGTCCTGCTGCGCCAGGTAGCGCTGCCACGCCTCGGAGGAGGCCTGACGCCGCCCGTCCGACTCGTAGTGCGCCCGGGCCTGGGTGAGCGTCCGGAGGAGCGCGTCGAAGGTGAAGGCATCCTTCGGCAGCGGCTTCTCCGGCGTCTGCTCCGGCTGCTCGAGCAGGGCGAGGACGGCATCGGCCAGGTCAGGGGACTCGGCGCGGACCAGCCGCTCCAGGTCTGCCGCGCTCAGCGCATCGCTCGTGGACGTGGACATGGAGGGGGATTTACCACGCTACTTCTTCCAGAACATCAACGCGTCGAACAGGTCCAGCCCCGGGCCCAGGGCGCCGCGGGGGCTGTTGTTCTCGAAGTACGTCAGGTCGACGAGCAGGGCGACGGCCAGCACCAGCTGCCGCAGCCGGAAGTCGGTGCACTGGGGCTGGAAGTCGAGGGTGAAGGTGTCCGCGGCGGAGAAGCTCTCCTGGAGGAAGCCACTCCAGCGTTTGCGGACCACGGCCACTTCCACGTCATTCTGGAAGATGCGGAAGGTCCAGGGTCTGAAGAGCGGGCCCTTCACGGTGGCGATGACGGCGCCGCCGGGCGTGACGATGTCCAGCTGGCGTCCCAGCAGGGTGAAGCGCTGCTGGATGCGCGCCATCAGCCGGCCGTCCCAGGCCAGGATGTCCGCCTTCGTGAGGAGGATGCTCCAGGGGCGCTCCACCACGAGCGCCACGATGCCGCCCAGCGTCATGCACTCCATCCGGGCCTTGTAGAAGGGCGAGAAGGTCCGCCGGAGCATGGCGCCGATGCCACGGGCCTCCTCCTCCACGTACAGCGCGACGCGCCCCGTGTCGTCGCACACCTCGTAGCGGTTGCGCGTCTGGGCGCCGAAGATGATCTCCAGGCCCTCGCGCATCTGCCTCATGCGCAGCGCGGGCGTCTCCATCATCCCCTGAAGCGACAGGCGCAGCTCGGTGCTCATGTGGCGCGGGTCGCCCGGGAGCCCCTTTCCCGCGCCGGATGGCACCTCGACCTCGGAGAGCGGTTCCAAGGCCGCGCTGGAGGGCGCCTCCGGCTGACGGGGGGCGCGGCCACGCCAGTCCAGCTCCAGCTCGGTCGTGTCCGTCAGGGGGCGCTTGTCGCTCATCCGCTTCACTCTAGGCGTGGGCCGGGCTTCCCGATAATCCCACTCCCGCTCAGGGCAGGGGCCGTGGCGTTACCTGAATGTCCCGCTCCAGCGTCTCTCCCTCCGCGAGGAAGAGCTCCTCTCGGTGGACGGTGAAGCGGGCGGGTTTCCCCTCTTCCAGCAGGACGATGAACGTGTACGCCCCAGCCGGGAGCTGCTCGTACACCAACACGCCATCCTGGCTCTTCGTGGACGCTCGGATGTCTCCGAAGCGGGCCCTCGTGCGCAGCTCCCGCGCGGACACGGCCGGTGACACCGTGCCCGACAGCAACGCCTGGTAGAGCCCTTCGCCCGGCCTGGCCGGAGGCATCCGGATGCCGAGCCGCATCGTGCCGCCGCCGGTGGCTTCCGTGAAGGAGAACGTCACCTTCCCCATGGGGGGAACCTTCACGCGCTGCGGAAGGAAGGCCACGCTGCGGCCTTCCGCGTTCTGTCCCATGGAAGCCGACAGCGTGTAGGTGCCCGCCGGGACGTTCCGGGCCTGGAACGTCCCCAACGCTTCGTCCACCGAGGCGGAGTAGTCCCCGTCGTTGGCCACGAGCTGCACGATGGCTTCCGCGGGCTTTCCGTCGCGGTCCTTCAAGGTGCCGTCCACCTGGGCGCCCGGGTAGATTCGCAGCTCCAGTGTTTCGTCACCGGTGCCAATACGCTGGCGCATCTGGGGGTGGCCCCGGTTCGTCTGGACCAGCAGGTCCAGCGGGCGTGCTTCCAGCGGGGTGAAGGCAAAGGTTCCGTCCGTGTCAGAGGCCTCCGCGGCGATGGGCGCGACCTCCTCCAGCGCGCCACCTTCACCGGGCAGGTGGACCGCGACGACGGCGTCCTCGATGGGGCGCGACGTCTCTGCGTCCACCACCCGGCCGCGCACGTGGCGTCCGGCCTCCAGCCGCACCGCGCCCAGGTCCACGTCCTCGCCCGCGGAGACCTGCACCTCGCGCATCGCGCGTGTCAGTCCGGGAGCCTCGAAGGTCAGCCGCTGCGCGCCCGCGCGCTCGGCGGTGAGCCTGAAGGTGCCCTGGGGGTCCCGGAAGGACTGCTGGTCAATGGTGAAGCGGGTGATGGGCGAGCCATCCCCGCGCACCACGCGGCCGCGGATGTGGCCCTGGCTCCGCAGTATCAGCAGCACGTCGTCCGCCCCGGACCTCGCGAGGACCGCGGGCGGTGAGATGCCGTCCGCCGTGGGGCCCCGGGCTTCGAAGACATATCTGTCCTTCGACGCGCGCAGCGCGCACGCGCCCTCCGCCAGGTGGTGCAGGACGAAGCGGCCTTCCGCGTCGCTGGAGGTGCTCTCGAAGACGCCGTCACGGGGGCTGGGGAAGTTGTTCCCGTCCACCAGCGCGTTCGCCACCGGGCGTCCGTGCTCGTCCACGACGATGCCGGACACCGGGGCTCCCGTCTCCAGCCGCAGCGAGACCTCCACGGTTTCGGTCCCCTGCACGGTGACGGTGCGCATCACCTGGTGGTCGGTGTCGCCGAGGTCCGAACCGGGGATCAGGGTGTACGTGCCCGGGCCCACCTCGGTGAGGGAGAAGCGTCCCTCCGCGTCCGTTTCGGTCTCCTGGGAAGCAACCGTCTCACGGGTGTCCACGAGGCTGAGCGTCATGCCGTGGATGGGCACGCCCTGGGTGTTCGTGACCGTCCCCTCCACCCGGCCCGCCGCGCGCAGCACCACGCTGAGCGCGGGTCCAGGCACGTTCACCTCCACCCGCTCTTCCATGTGCCCATGGTGGGTGAGGACGAGCGTGTAGTTCCCAGGGGTGGGGAACGTGAGCTCGAAGCGGCCGTGTTCGTCCGAGGTGGTGGGGTCGACTTCTTCGCGGAAGGTCTCGGTCTCGGTCTCGGTCTGAATCTCGTCGTCCACGTCGATGTCCACGCCGGACAGGGGGTTGCCCTGGGGGCCGGTGACGGTGCCTTGGAGGAGATGGGCGCGGCGGAGGGTGAAGTCCACGCGCTCGCCGGGGCTGGCGACCGCGTCCCGGAGCTGGCCCTGGTAGCCGGGGGCCATGACGTTGAAGATGTAGGGCTCCAGTCGCAGGGGGCCAATCCGGAACCGGCCATCCTCCGCCGTGGTGACGTAGTCCGCGGGAGGTGCCCGTCCCCTGGCCGCGCCGGCGCCTACCCTGGCGCGAGCAACGGGGCGTCCGGACTCGTCTCGCACGGAGCCTTCCACGTAGACGAGCGTGCCCAGCCGTACGGTGGCCTCCGCGTCCCCGCCTTCCTCGGTCAGCGCCACCGTGGCGAAGCCGTACTCGCCTTGATGCTCCGCGCGCACCTCGTAGTCGCCCGGAGCGAGTGGCTCGAAGGAGAAGCGGCCCTCGTCGTCCGTCACGGTGACATGCGGCGTGTACTCCACGTGGACTTCCGCTCCGGACACCGGCTTGTCCTGGGCGAGCACGCGGCCGGACAGTCGTCGCGGTGGATGAAGGACGACAGGGTTGAGCTTCTCCTCGTCCACCTGTTGGAGCGAATCCGTCAGCAGGCCTTCGCTGGTGGCGACGACGGTGTAT
NZ_CP017174.1_gap5	192319	196997	4678	GAGCCGCGTGTCAACGTCCTGCTGTTGAACATCGCGTTGGACCGGCGCTTCGGGCCGCTTCCGGACGCGGCGCCGGGCGTGGGGGGCGGGGCCTCGCCGAGCCAGGGCGCACCTTGAGCCACGTGGGGGCACGCGCATTCACCACGTGAGATTCGCCGGGCGCGAGGGCATCCTCCGCCCGGCGTCCCACCGGATGGGCAAAGGATGACGATGACGCGGCGCTCGCGCGCGGAGGACTTCCTGGAGCTGGTGGAGCGGGGCCGGCGCGGCCGGCTCAAGCTCTACATCGGCTTCGCGGCCGGGGTGGGGAAGACGTACCGGATGCTGGAGGAGGCACACGCGCTGAAGCGGCGCGGCGTGGACGTGGTGCTGGGCTTCGTGGAGCCGCATGACCGCGCGGACACGCAGGCGCTGGTGGAGGGCTTGGAGGTGGTGCCGCGCAAGCAGTACACCTACCGCGACGTCACCGTTGAGGAGATGGACCTGGACGCAGTGCTCGCGCGCAAGCCCCAGGTGGCGGTGGTGGACGAGCTGGCTCACACCAACCTCCCGGTGTGCCGCCACCGTAAGCGCTACCAGGACGTGCAGGAGTTGCTGGACGCGGGCATCAACGTCATCGGGGCCTTCAACGTCCAGCACCTGGAGAGCCTCAACGATTTGGTGGAGCGCGCCACCGGCGTCACCGTGCGGGAGACACTGCCCGACAGCTTCCTCAAGGCCGCCGACCAGGTGGTGAACCTGGACCTGGCGGTGGAGGACCTGCACGAGCGGCTCCGGATGGGGAAGATCTACGCGAAGGACAAGGTGCCGCGGGCGCTGGAGCGCTTCTTCAAGGAGGAGAACCTGGCCACGCTGCGCGAGCTGGCGCTGCGTGAGGTGGCGGAGAGCCTGGACCGCGCCACCGCGAGGCCGCCTCCGGGGGAGGGGGATGAAGGTTCGCAGCGGGGCGCGGCGTGGGGCCGGGTGCTGGTGGCGCTGTCCAGCTATCCCCGGCACGCGGCGACGCTGCTGCGCCGGGGCTCACGGATGGCGGGCCGGCTGAACACGGACTGGTTCGTCGTGTACGTGGAGACGCCGCGCGAGGCGCCGCACCTCATCGACGCGGAGGCGCAGCGGCATCTGTTGACGAACATCGAGAAGGCGAAGGAGCTGGGCGCGGAAGTGGTGCGCCTGAGGGCTCGAGACCCGGTGGAGGGCATCCTGGACTTCGCGCGCTCGCACGGCGTGGGCCACATCATCGTCGGCCGTTCGCATCAACCGTGGTGGAAGCAGCGGCTGGGGCGCGCGGTGGACATGAGGCTGGTGCGCGAAGGCCGGGGCTTCGACATCCACGTGGTGGCCTTCGAGCCGCGCGAGGAGGGACGCCGCCCATGACGCTGCGAGCCCGGTTGTTGTTGGCGCAGGCACCCCTGGCCCTGGCGCTGTTGTTGGTGGGCATGGTGGCCGTGGTGACGTTGTCCCAGCTGGGGCGTTCTGGGCCTCGGGTGCTTCAGGACAACTACCGCAGTGTGCTGGCCGCGCAGGAGATGATGGCGCAGCTGGAGCGCATGGACAGCGGGGCGCTCTTCATCATCGCGGGTGAGCGGCAGCGCGGGCTGACGCAGCAGGCGGCGCAGCGTGCGCGCTTGGAGTCGCAGTTGCGGGTGCAGGAAGGCAACGTCACCGAGCCCGCCGAGGATGCGGCGACGCTCCAGTTGCGCACGGCCTGGCGGCGTTACCAGGAGGTCTACGACGGGTTCCTCGCCCAGTCGTCGCCGGAGGGGGCGCGGGAGGCGTACTTCGGTGTTCTCGAGCCGGCCTTCCAGGAGGTGACCGGCGCGGCCCGGGCCATCCTGGACCTGAACCAGGACGCCATGGTGCGCAAGAGCGAGGCGTTGCAGCGGCAGAGCGCGCGGGTGAACACGGTGATGGTGGCGGCGGTGATGGTGGCCTTCGTGGTGGGGTTGTTCGCCTCGCAGTCGCTGACGCACCGGGCGCTCCGTCCGGTGTCGGTGCTGTCGCAGGCGGTGCGGCGCCTGGGCGAGGGCGACTACGCGGTGCGCGCGGTGGTGGAGGGACAGGACGAAATCGCGCAGGTGGGGCGGGACTTCAACGCCATGGCAGAGGCGCTTCAGCAGTACCGGCGCAGCAGCCTGGGTGAGTTGCTCCAGGCGCAGGCGGCATCACAGGCGGCCATCGACAGCCTGCCGGATCCGGTGGTGGTGTTCGGCGCGGACGGAGGGCTGCTCAACGTCAACCGCGCGGCGGAGGACGTGCTGCGGCTGTCGCTGGAAGCGGGCGGGGACATGCTGGGGCGGGTGGTGCCGGAGGCGCGCGCGGTGCTGGAGCGGGTGCGTGAGCACGTGTTGACGGGGCGAGGGGCGTATCAGCCGCGCGGGTACGAAGAGGCGGTGCGGGCGCCGCTCCCGGAGGGCGACCGGTGGCTGCTGGCGCGTGGCAGCCCGGTGTACGGGGAGTCAGGGGAGGTGGTGGGGGCCACGGTGATTCTCCAGGACGTGACGCGGCTGCGGCGCTTCGACGAGCTGAAGAACGACCTGGTGGCCACGGTGGCGCACGAGTTCCGCACGCCGCTCACGTCGCTGCGCATGGCGCTGCACCTGGTGACGGAGGGCGTGGTGGGGCCGGTGACGGAGAAGCAGGCGGACCTGTTGTTCGCGGCGCGCGAGGACTGCGAGCGACTGCAGGGTATCGTGGATGACCTGCTGGATTTGTCGCGCATCCAGGCGGGGCATCTTCAGTTGGAGATTCGCCGGGTGCCCGCGGAGGAGCTGGTGGACGCGGCGCTGGACGCACAGCGCGCGGCGGCGGAGGAGCGCGGGGTGCGGTTGTCGAAGCAGGTGGGACTGGACGTGGAGCCGGTGGACGTGGACCCGGAGCGGCTGGGGTTGGTGCTGGGGAATCTGGTGGGCAACGCGGTGAAGCACACGCCCACGGGAGGCGAGGTGGAGGTGCGCGTGTCGCGGGACGCGCACGGGGTGCGCTTCGAGGTGAAGGACACGGGGGAGGGGATTGCCTCGGAGCAACAGGCGCGCATCTTCGAGAAGTTCTACCGGGCGCCCGGCGCGCCCGCGGGAGGCGCGGGGCTGGGGCTGTCCATCGCGAAGGACATCGTCCAGGCGCACGGCGGGGAGATTGGTGTGGTGAGTACGCCCGGCCAGGGAAGCACGTTCTGGTTCACGTTGCCCCGGCGGCAGGAGCCCGGGCCGGCGAGCGCGTGAGGACGTGACGCGGGGAGCTGACCGCTGCCAGCCGAGGAACGGTGTGCCACAGGGCAACACCGCGCCCTCGTCTTCACGCTGCTGACGTCCCCGTGAGTTGAACTCGGGCCCTCAGACGTTCGCCTGCCCCTGGAGCTTCTGCATCTCCTCGCGGCGGACCTCGGAGGCGGTGCGGACGATGTCCTTGCACGACATGCCCAGGTCTTCCTCGGTGACCTTCTGACCGAGTTTGGGAAGCACGTCCCGTTCCTCCATCGTCACGTGGTCCTTCACGACCTTCTCCAGTTGACCGAACAGGGAGACCAGCTTCTGCGGGTCGTTGCGGGCGCGGATCATCTGGGCGACGAGCTCCGTCATCTCCCCGTGCTCCTCGACGGAGTCCTGAATCAGCTTGTCCCCCACCACCCGGCGCGCGGCGGGGTACACCCAGCGCTCCTCGATGGTGGTGTGCAACGTGAGCGCCTCCGCGAGCTGGATGCCGAGCTCTCGCTTGCTCGCGTCGTCCTTCGCCGCGCGACAGGCATCGAACAGCGCTTCCACTTCGCGGTGCTGCTGAATCAACAGGTCAATCACGTCCACGTCTGCGCTCCTTGGAATCGGTTCGGTGTCCTCCAACGCTCCGCATGCGCGCAGGACGCCGCAATCGCCGCTCCAGGCACGCGGTGAAGCCCTGCCCGGTCCGCTCCCGTGGAACACCATTGACGAGAGCCGGGCACACGGGCGCTCCCAGGCCCGTGCTCACCCGGCCGCGCTCAGCCCTCGCCCGACTCGTACTTCTTCCGCTTCCGCCACAGCGTGGACGCGTCGATGCCCAGCACCCGCGCCGCCTCGTCCAGCGTGGGCGCCGAGGCCATGACGCGCAGCACGTGCTCGCGCTCGATGCCCTCCAGCGTGTGCGGCCCGCCCAGCGTCATCACAGGACTCCCCGCCGCGGCGATGCGGTCCGGGAATGCCTGCGGCTCCAGCACCTCCGCCGGCCAGACGATGAGCGCCCGCTCCATCGCATTGCGCAGCTCGCGCACGTTGCCCGGCCACCCATAGGCCAGCAGCATCTTCTCCGTCGCGGGCGACAGCTCCGGCGGAGGGCGCTGCGCCGCGCGCGCGAAGAAGGAGACGAAGCGCCGGGCCAGCGAAAGCAGGTCCTCCGGCCGCTCTCGCAGGGACGGCAGCTTCACCTCGATGACGTTCAGCCGGTAGAGCAGGTCCTCACGGAAGCGCCCCTCCGCCACGTCCTTCTCCAGGTCCCGATTCGTCGCCGCCACCACCCGCACGTCCGCCTTGCGCGTGCGTCCCTCGCCCAGCCGTTCGAACTGCTTCTCCTGCAGGAATCGCAAGAGCTGCGCCTGGAGCCCCGGACTCATCTCCGCGATTTCATCCAGGAACAGTGTGCCCCCCTCCGCCGCCTCCACGCGTCCCGGCTGGTCCTTCACCGCGCCAGTGAACGCGCCGCGCACGTGGCC
NZ_CP017174.1_gap6	320145	321028	883	CGCGGTTGTTCCAGAAGAACGTGTTGCGCAGGTACAGCTCCGGCGTGGCCGCGTTCCACAGGGCCGCGGAGGCCGTGCCGCTCACGTCCACCGCCAGGTCGGCGAAGTTGGCCACGATGACGTTGTTCAGCTTCCCGCCCGCGCCGGTGTTGAACACCATGCCCGACTGCGCGGGGCTGGTGCCCGCCGGACGGCCGGAGCCGATGAAGGTCGCGTTCCAGATTTCCGGCGCGGACCGCGGCGTGGCCGCGTTGTCGTTCTTGTTGCCGGAGGCCTCGATGCCGAAGTTGCCCACCACCGCGTTCTGCTGCGCGATGAAGAACTGGATCTTCCCGTTGTAGCCCAGGTCGTAGTCCAGCGAGTCATCGTCCGTCTGGGTGACAACGGCGTGCCTCAGGTTGGCCGAGCCGCCGAAGAACTCCACGCCATCATCCGCGCCCAGGTGGACCTGGATGTAGTCCAGGTCGGTGTCCGAGCCGCAGCCGGCCACGGTGAGGCCGTTGAGCTCGTTGTCCTCGGACAGCTCGAAGCCGGCGAACTCGATGCGCGCGTAGTTCAGCTTGCCGCAGTCGTGCGCGTCGCTCGGGGTGGCGCCGCCACCGTACTTGGTCAGCGGGTTGTTGCCGGAGGCGAAGAAGCCCTCCACCGTGTTCTCGCCGCCCGCCACGTTGATGCGGCCCTTGCCGAGCAGCACCACGCCGCCCCAGTCACCGGGCGCGCGGCTGCCCTCGGGCCGCGAACTGGTGAAGACGATGGGGGCCTGCGCGGTGCCCACCGCGTGAATCTTCGCGTTGCGGGTGACGATGAGCGCGCTGCCCTGTTCACCGAGGATGCGGGTCCCCGGCTCGATGGTGAGCGTGCCGCTCTCCACGAAGACGTAGTT
NZ_CP017174.1_gap7	355226	359821	4595	CGCTGCCGCCCACGGCAGGGCCTTGGTCGCCTCCTGGCCCACCAGTGAGTCCGTCCCCATCAGCGCGTTGTTCATCGAGTTGGAGAAGGAATAGACGTGCTGGGGGCCTCGCAAGAAGATGATGGCGGCGGGCGCGTCCCGGAAGAGCACGTGGAGCCGTTCCTGCCCCGCCTCGGCCTCGCTTCGGGCTGCTCGCTCCCGCTCCAGCAGCCGCGCCCGCTCCGCGTTGGCCTTGCGCAGCATGACGTTCAGCTTCGTCATCAGCAGCGCGAGCGCGAAGAAGACCGCCAGCGAGACAGCCCCTCCCGTGCCCGGCACCAGGTTGAGCAGTGGCTCCAAGAAGTAGAAGTCCACCACCACCACCGACAGGAACGTCGTCACCAGGGCGGGGCCCCAGCCGCCCCACCAGCCGGACACCATCACCGCGCCGAAGAAGAACAGGAAAGGGGTGGCTGGGATGAACGACGCCACGCCCGCCTGGATGAGCCACGCCGTGACGAACGCGAGGAGCGCGACGCCATAACGTCCGGCGCGTGAAGCCCAGAGTGGGTGATGTCGTTCTGGACGAGCGTGCATGGTCAGGGGCGGGCTCCCGGCCGGCTACGTGCATCCCGTTGGGGAGGAACCGCGCACTTCTCAGGTAAGCACCGGAACCCACTGCATGACATCTTGCTCGCCGCTCTGTCATGCAAGGCTGCTCAGCGCAGCCTGCGGAACGGTTGTGGCTTGGTGCCCACGGCCAGCGCCGATGCCTCCACGTGACATACGTCCAGGCTGGGCTGCGTCCAACCCAGGTTCCGCAAGGCGCTGCCAAGCCGCTCGCGCAGTGGCGCTACGGCCGCATGGCTCGCGCCCGCCAGCTCCAACTGGAAGCTCGAGACGTCCACCTGTGTCAGACGGAAGACACGCAGCGCATGGTGCTTGAACACCCAGGCCAGCGCCCAGGCATCCACCTCCCGGCCCGAAGGCGTGACGAAGTGGCAGGCTCCTCGTCCGCCGAAGTGCTCCAGCGTCCATCCATGAAACCCACAAGCGCAGGCATCACGCCGCACGCTGCCCGTATCGCCCGGGAGGTAGCGCAAGAGCGGTAGCACGCTGGGACGCAGCCGTGTCACCACCACCTCGTCCAGTCCGGGCTCCAGCCAGACATCCGGGGCCAGGACGTGGAAGCGGCCTGGAGCCTCGGGCCACAGGCACTCCCAGGCCAGCGGCCCCGTCTCCGTCGTCGCATAATAGTTGAGGACAGGCGTGGGCACCGCGTTCGCCAGCTCTGCGCGCAGGCCGGCAGGCAGGTGCTGCGCGGAGGTGAGCACCCACTGGGGCGTGGGCACGTCGCGCTGGGCCGCCAGCCACCGCAGGCCTTCCGGGTCGGAGAAGAGCACGGCGGGACGCACGCGGCGCAGGCGCTGGAGCGCGTCCTCGCGAAGGACGGAGATTCGGTGCAGCGCGCCGTCGTGGAGGATGGGCAGGCGCACCGAGTACTCCAGCCCGCCCGGCAGCGCGTCCAGCAGCACCACCCGGGGATGCGAGGGAAGCGCCGCTCCCGCGCGTGCCACGAGGAACCGCAGCACGGCCCACATGTGCAGGCAGTCGCGCCGGTCTCTCACCACGTTCACCGGCGCTCCGGTGGACCCGGAGCTCTTCACCACCACACAATCATCGGCGTCCGCCGGCAGCGTGGGCACCGCGTCCCAGTTCGCGGCCAGGGCCTCACGGTCCAGGAAGGGCAGGTGGCGCAGGTCGTCCAGCGTCTGGAGGTCACCCGGGTGGATGCCCGCCGCGTGGAGCCTCCGGGCGTGGTACGGCGAGTCCCGTAGCGCGTCTCGCAGGAAGGACAACCGAGCGTCCAGGTCCGCACGGGCAGCGTCCTCGTCAGCCAGGGATGCGAAGCGGGCCAGGCCCTCGGCGATGGATTCGGCCCAGGGGATGTGGGGGCGCTGCGAGGAGGTGTCCCGGCGGATGTTCGCGCGAGGCGCGACGCGCAGGTCCGCGGACAGGGCTTCCGTCACTCCCGCCACCCACGCGCCTCCGTGGCGCGCTGCTCCGCCTCGCGGAGGGCCTGCTGGCGTTTGTCCGCCTCCTTCTTCCGGGCTTCCTCCGCGCGCCGCATCTCCGCTTCCGCCTTGCGGTAGTCCAGTTGCTCGATTCGCGCGACGGAGCCCTTCGGGGACTCGCCCTTGCACTCGCCGCCCACGACGCGCACCCACTTGCGAATGAGCTCCTCGCGGCGGAAGGTGTTGGAGCGAATCATCTCCGCCGTCAGCGGGGCCACGTCCTGGAAGAAGCGCTGCAGGAGCGTCGTCGCGTCGTCGTTCTCGTTCAGTGCCTGCACCGTCTCCTGCCGCAGCGCCGAGGACACCAGCACGTGCGCGAGCATCACCACCTGCTCCCGCCACAGCGGGGAGCGGGCCCGGTCCTCCAGGGCGCCCCAGTCCGCGCGGGACGGGGGGCGGACCTTCGCGAGCCGGAAGGTGTCGCAGATGATGGCCAGTGCCAGGTCATGCGAATACGGCGACACGATGGGGGCTGCCTCGAGCTGCGTCTGAATCTCGCGGATGTCGAAAGCCATGGGACTCAATTCTCCAGCAATGCCTGGGCGAGGTCGGCGGCAGCCTTCGCGAAGTCGGAGGGCCAGCGCACCACCACCAGCCGGAAACGGCGCTCGCGCAGCAGCGGCGCCAGCGCCTGCCGGGCGCGTAGTTCGTCGGGAACGGCGAGGATGGCCACCACGAGGCGCGAGCGCCGGATGGACTCCAGCACCGGCGCCAGGGGCTTCTCCGCGGTGACGTTCGCCAGGAAGTCGCTGTCGGAGATGATGATGCGCAGCGCATCGGGCCGCTCGCGTGACAGCGTGTCCATCACGTCGAAGGGGAACTGCGTGCCTCCGCCGATGTAGCTCAGCAGGAAGTCGCGCGCCTTCTCCTCGTCGTACATCCACGGCGATACCTGCGGGTTGCCGTGCGAGTACACGATGCCGCGCACCGTGGCCTTCTTCCGCAGCGCGGAGGCGGACAGCACCTGGGCCGCCAGCGTCATCGCGTTGAGGCTCAGCTCCGGGTTGGGCATGGAGGCGCTGGTGTCCAGATAGATTTCCACGGACGGCACGCCCAGCTCGGACGGGGGCGGCAGGTCCGCCTCCAGCTCGCGGCGCAGCGGGGACACCGCGGCCAGGTGGCCCTGCGACAGCACCGTCAACGTCCAGTCGATGCTGGACGGGTCATCGCCGTACTCCCACGCCTGGGGCGTGGTGCGCAGGTAGGGCTCCGGCTGGGACGGCGTCGTGGGGAGCTTCAGGATGTGCTGGTCCACCAGCCGCCGGTAGTGTTTCGCCACCAGGGCCCGCCGCAGCTTCCCGCCCTGCTTGCCGGGCAGGTGCTCGGTGACGCGGTGGATGGTGTCCAGTTCGTCCTTCTCCTTCGCGCGCGTGCTCAAGGGCTCCAGCCAGCCCCTCTCCTCCGCTTCATCCAGTGCGTCGTCCCAGCGGCTGCTGCCGTGGATGGCGGCATCCAGGTCGTCCACGTCCGGCACGGAGACGTCTCCGCCCAGCGGCAGGCTGAACTCCAGGTCCGCGGGCTTCTCGATGTAGCGGATGAAGGTGGCGCAGAAGTAGAGGAACTGGAGCTTGCCGTTGGGAAGCGCGTAGAAGGTCTGCGCGAACATGCGCGCCTCGGCGCGCACGCCGGGGTATCGCTGCTCCATCGGATCGAGCTGCGCGGCGGGCACCAGGTTCCCAGGGGGCAGGCCCCACAGCTCCTCGTAGATGGCCAGGTAGAAGAAGAACAGCGGCGACATCTCGCCGCCCTGCACGCGCTGGAAGCCCCGGTAAACCGCGCACAGCGCCTCCGCGTGCGTGCGGCCCACCACCTCGTTCACCTGCAAGTCATAGAAGAGGTTGGTGAGGGACTGCTTCAGGCCGGGAACCAGCCGCTGCTCCTGCACGCGCAGCTCCGCGTCCCAGCCCAGCGTGTGCGGGAAGCGCGCGTGGTGGCCGATTTCATGCGCCAGCACCGCCGTGAGGCTGCCAGTGGCCTCCATGGCCTCCAGGAGCTTGAAATTGACGAAGACCTGGCGCTTCGCCAAATCGATATACGCGAGCGGCTCCTGGGCGTGGCTGTCGTCGGGGTGGAAGCCCACATGGGGCTCGGGAGGGCTGAGCTGCACGCGCACGTCCCACAGCGCCAGCGCGTCGCGCCAGCCCGTGGCCACGTCCTCGTGGGTGATGCGCGGCCGCGGCGGACTCATTCCGGGACGAACACCAGCACGTGCTGGGAGGTGTGCAGCGTGGCCGCCACCCGCCAGTCATTGGACACGGTGGCGAACCACGCGTCCGCGCGCGGGTCTTCCCGCAGCGCCTCGTCCAGGTGGGGACTCTCCACGCTCGTCTGCTCCGGCACCTCGCGGCAGCCCATGGCGCCCAGGCTGACGGGCGTCTCCGCCAGCCAGATGCCCTGCGTGGCCGCGTCGCGGCCCGCCACGGCCTGACGGTGCCGGTCATGCACGCACACCACGGTGGGGGACAGGAAGTGCATCGGGCCGGGGAGGAAGCGGCTGTCCTCTTTCGACAGGTCCACCCAGTGCGCCTGGGCCCGAGCGGC
NZ_CP017174.1_gap8	367256	369043	1787	TCGAAAATGAGGTGGGCGCTGTGCACGGCGGTGGGCTCGAAGCCTCGAGACACCTTGTGCTCACCCCCGGCGCCCGGCTCGAACACCTTGCGGCCGGTCCGGATGCAGTCCTCCACGGAGTGGTACAGGCAGACGTGGAAGTGGAGGAAGGGGTGCTCCTCGAAGGCGCCCCAGTAGCGGCCATAGAGGCGCTCCGGGGTGGCCAGGTTGAAGGCGCCGGCGATGACCTGCTGGCCGCGCACCGCCTCCACCAGCTCCACCGAACCGGGCATCGTGCGGAAGACCCGCGCGAAGAAGTCGGGGGTGAGCTGAATCTGCCCCCAGGCGTGGCGCTCGCAGGTGGAGGTGTAGAATCCGTAGGCGCGCTGGGCGTGCACCTGGGAGAGCTCGTCGCCGCGCACCGTGCGCAGGGTGATGCCCTGGGTGGCCGCGGCGCCGCGCTCGCGCTTGAGCTGGTTGCGGCGCTTGGAGTCGAAGCGCGCCAGGTAATCGTCGTAGCTGCCGTAGCCCGGGTTCTTCCAATGGAACTGGAGGGTGATGCGCCGGGCGAGCCCCTCGGCCTCCAGGAAGTCCGCCTCGTCCCCCGTCGGATACAGGACGTGGACGGAGGAGCAGCCCGCCTCCTGGGCGCTCCCGGCGGCGGCGGCAAGCAGGGCCCGGCGCAGGGCGGGGACGTCCTCGCCCGGGGCGATGAGGAAGCGGGGCACGGTGGCGGGGGACAGCGGCCCGCCCACGACGAGCTTCGGGTAGTACTCGACGCCGAGGCGGGCGGCGGCATCCGCCCAGCCGAAGTCGTAGATGTACTCGCCCATGCTGTGGAACTTGAGGTACGCGGGCGCGGCAGCCACGAGCTTGGGGCCGCGCCACAGCGTGAGGTGATGCGGCGCCCAGCCTGTCTCCTCGGTGGCGCTCCCGCTCTCCTCCATGGCCGCCAGCCAGGCGTGCCGGACGAAGGGTGGGGCGTCGGGGCCGACGAGCGCGTCCCAGCCTGCGGCCGGGGCATCAGTCACTGCTTCGAGGATGCGGAGACGGAGCGGGGTATCGGCGGGCACGGGGGCACTCTTAACGCGCCCCGCACGTGCCCGCCGTGTGTTGCTGGCCTGTCCGTCAGGCGGCCCGAGCGGCGCCCCCGGCCCGTGTGGCCTCGCGGGCCTCCGGCCAGACGGCTCGCTGCGGGGTGGCGATGCGGATGATGCGCAGCAGGGCCAGCACGCGCATCACCTGCCACGTGGGGTCCAGCTCGAACTTCCTCGCCGCGAAGTTGGGGCTGCTGCCGTACTTGTGGTGGTTGTTCTGGAAGAGCTCCCCCATGCAGAGGAAGTCCATGGGCAGGGAGTTGCGCGACTTGTCGGTGCTGTCGAAATTCCGGTAGCCGTACTTGTGGCCGCACCAGTTGACGATGGCGCCGTGCACCGGGCCCATGAGGAAGTGCAGGGGCAGCAGCAGGAACTGCCAGGGCGAGGTGGCGAACATCACGTAGAAGGTGGAGTAGAAGGCCACCCAGCCCAGGGTGGCGAACCATGAGGTGCGCAGCGTGGTGTCCACGAGCGGCCACTCCGGGTAGCCACCCAGGAAGCGGGCCTCGGGTTGACCGCGGCCGGCCGCGTAGTCGTCGTAGCGCGCCTTGGTGTGCCACATCATCCGCGCCACATCCTTGAAGAAGTGGGGCGAGTGCGGGTCCTTCTCGGTGTCGGAGAAGGCATGGTGCTCACGGTGGAGGATGGCGTACGCCTTGGGCGACAGGTAGGACGAGCCCTGCACCAGGTAGGTGAGCAGGTGCATCACCC
NZ_CP017174.1_gap9	371152	372330	1178	GCGGACGAGTCGAGGGAGTCAACGAAGCAGCGGTTGACAGGGAGGGCGGCGAAGCGGTAGAAGCCGCGCCCCTCTGGAGGAAACAGCGGAAGCCACTGGGCGGCGCTGAAGACTCCGGAAGCCAGCAGGACGGCGAAAACAGCAGCTTGACAGAAGACGCCGAACTGAAATAGAAGCTGACGCCCCGCCGGTCGAAAAAAGACGGCGAGGCAGCAACGAAGAAGACAGTAGCAAGAAGTCGCCGGCAGTACAAGCGACTCGCTCTTTGAAAACCAAATAGCAAGCCCAAGAAGAAGCTAGATTGCGGAAACCGCAGTCAATTTCTTAAGACGGTGCCAGCCAGGTCGCGCTGCGAAGCGCAGCCGGCAGCACTGTAACGAATCAGCGAGTTTCAGGTTCCTTAGCCGGGCCTGGGACTGACGCCGGTTCAAATCTTCAAAAATTCAATTGGAGAGTTTGATCCTGGCTCAGAACGAACGCTGGCGGCGTGCCTAACACATGCAAGTCGAGCGCGAATAGGGGCAACCCTTAGTAGAGCGGCGCACGGGTGCGTAACACGTGGATAATCTGCCTGAGTGCTCGGGATAACCAGTCGAAAGATTGGCTAATACCGGATAAGCCCACGGTTTCTTCGGAGACTGAGGGAAAAGGTGGCCTCTGTATACAAGCTATCACATTCAGATGAGTCCGCGGCCCATCAGCTAGTTGGCGGGGTAATGGCCCACCAAGGCAACGACGGGTAGCTGGTCTGAGAGGACGATCAGCCACACTGGAACTGAGACACGGTCCAGACTCCTACGGGAGGCAGCAGTGGGGAATTTTGCGCAATGGGCGAAAGCCTGACGCAGCAACGCCGCGTGTGTGATGAAGGTCTTTGGATTGTAAAGCACTTTCGACCGGGAAGAAAACCCGTTGGCTAACATCCAACGGCTTGACGGTACCGGGAGAAGAAGCACCGGCTAACTCTGTGCCAGCAGCCGCGGTAATACAGAGGGTGCAAGCGTTGTTCGGAATTATTGGGCGTAAAGCGCGTGTAGGCGGCGTGACAAGTCGGGTGTGAAAGCCCTCAGCTCAACTGAGGAAGTGCGCCCGAAACTGTTGTGCTTGAGTGCCGGAGAGGGTGGCGGAATTCCCCAAGTAGAGGTGAAATTCGTAGATATGGGGAGGAACACCGGTGG
NZ_CP017174.1_gap10	413081	416992	3911	TGCCCCGCGGCCGTGGGTGGCACGGAGGGCGTCGAGGCGAGCCTCGTGTCCTCCGGTGGCGCGATGCCCACGCCCGAGCACCGCTGGACGGGCGGCAGCGACCCCAGTCCCTACATGCGGCACATGCTGATGCCTTGCATGAACCCGGTGTCGAGCTGCCCGGGCATCTGGCCACTGTTCCTGGACTACAACCTCACCCAGTTGCTGGACGGCGGCGACAACAACTACGGCCAGCCCAAGAACTTCGCGGTCGTGCAGCGCAACCTGCGCACGCGTGAGCTGGACCCGTGGGACTACTCGTTCCGCTACCGCTTCGAGCGCGGCAGCACCGGCACGCAGTTCGACAACCGCAGCTTCCAGATGGCGGATGGGACGGCCAACGACGTCCAGACGGCCATGGCCACGGGCATCGCGTACTTCCACCGGGGCCACAGCGTGGCGTTCCACCACTGGAGCGAGCCGCCCAACCTGCTCAATCCATTCTGGCGGGCCACGCTGGTGGCAGCGGACACGGACGAGTCCGGTCTGGATGACGCCGCGAACACGCTGGACCTCAGCGCGCCCGCCGCGGCCCGCACGCTGCGGGCCCTTCGCTCCGTGGGCTACAGGGGAATCCAATGATGAAGAAGACCCTTCGCTCCAGGCATGCCCGGGGCCAGTCGCTGGTCGAAGCGGCCCTTGGCGTCACGCTCTTCGTCACCATCGTCACCTTCGGCATCCATTTCGCCGAGGTGGGCTTCCTGTCCTTGAAGGTGCAGGAGGCCGCCATCTCTGCGCTCTGGGATGGCACGCATGGGCAGATGCACCACATCCCCGTGAACTACGACCCCGCGGGCAGCTCCATGCGGGACGCCGCGAATGACGCCCAGGCGCGCTACGCGGACTTCAACGGACTGTCCTCCACGACGGGCGCGGGCATCACCCAGGCGCTCACCACCGGCAGCAACATGGCGGTGGATTGTGAGATGGGCGTGGGCGTGGACTGGGGCGGCACGGCCGTCACCCGCGCGACCTATCGCGACAACGGCGGCACCGCGTGCCGCGCCTCCGCCACCCTGGCCGCGTGGCGCTTCCCCCGCTCGTTCCTGGACCAGGGCGAGGCCGGCCTCTACAAGAAGCGAAATATGGAGGATTCGCTCGCCAGCCTGCAGGTCTGCGCGGTGGGGCGTCCGGTGGGCGGCCGCTGCACGGGCAGCTACTCCATGCTCATCGACGACTGGGGCCTGGCCGGCCAGTTGGAGGCCGCCACCTGCAACATCATCATGCAGGACCAGCTCCTGCCCTGCACCAACGCGCCGTACCATGCCGCGGTGTTCAGCATCTACACGCCCACGGTGCTCGCCATCCCCGGGGCGGCCAGCATGCTGGCCGAGCAGACGCTCTTCTGGAACCCGCTGCCGCCCACGGCCCTGGCCATGGTGGGCCTGGGCATGAAGGAGCGGACGATGTGGATCAGCGCCGCAGGCGAGGACGTCATCAACTTCAATCAGTTCCCCACCTTGATGGACCCCATCAACATGGGCGTCTGGGGAACGTCTCCGGGTTCGGCGCTGGGTGGCATCACCACGCTGCCGTACGCGGCGGCCCACCTGCAGCGCTTCAGCAAGGGCGCGTGCTTCCTTGGAAAGGACTGCGACTGACATGATTCGCTTCTCTGGATGGATTCAGCTGGCCCTGGTGTCGGCGGTGTTGTCGTCTCCCGCGGCGCTGGCCGGGCGGACCGAGTGTGAGGCGGACTGTGGTGGCAAGGCCGGGTCGACGCTGGCCGAGTGCACGTCCCGGTGTCCGAACGGGGGCCGGGATGCCGCGTGTGCCTCGCGCTGCACGAAGAAGTTCCAGGAGCAGTTCGCGGCGTGTTCGAAGCGCTGCCCCCCACGGGACAACATCGAGTCGCCTCGCAAGACGGGCTCGCGCCCGCAGCCCCAGGAGTTCGATGTCCCGGCCGAGGACGCGGTCGTCGAGTAGCCAACCGGCCGGTGAGGGGCGGCCATCTTCGTGGAGTGACGGATGAAGCAGGTGCTGCAGGGACTCCTCGCGGGAGTGCTGGTGCTGGTGGCCATGGAGGCTCGCGCCCAGCGCCTGCCGTTCACCTGGGACGTGCCCAAGGTGGTGGCGGTGGTGGACGTGCCGGGCACCGTCATGGCGGAGGGCGTCCCCGTGCGGATGTCCGCCGTGCTCAGCGCGGAGAAGCCAGAGGTCATCGGGCAGCACCTGGTGTCGCGCTTCCAGGCCTGGGAGCTCCATGTCCCCAAGCCGTCGCTCCAGCCGCAGCTGCTGCGCGAGACGATGATTACCGCGCTCGATACCAAGCAGTTCATCTCCTACACGGCCATCCTTCAGGCCAACCCGGACGGCACCACCACGGTGTTCATGGGCGAGGCGAACCTGGCGCAGGGACGGCAGCAGCCGCAGTCCTCCGTGGCGCCGGTGTTTCCAGGGGCCGCGGACTCGATGAAGGCGGAGACGGAGTCGGCGCGCACCCTCACGTATTCCGTCAACGCCAAGCAGGCGGAGGTGGAGGCCTTCTACCGGACCGAGCTGGGCAACGCGGGCTTCCGTGAGGAAGAGCCGCGCCTGTTCCGCTCGCCGAACGAGGAAATCAAACTGTCGTTCTCTCCCACGAAGGAGGGCCGGCTGGCGGTGGTGGTGGTGCGCCGGACCGTTGCCCAGGAGCCCGCGAGTCCCACCGCGGATTGAAGCCCTCTGGGGAGCGTGTTACGGCCGCTGTCGACATGAGCGACACGCCCCCGAAGGACAAGGACTTCAAGGATTCGGTCAACCTGCCGCGCACGGATTTCCCCATGAAGGGGAACCTGGCGCAGCTTGAGCCGCGCATGCTCGGCTGGTGGGCGGAGCGAGGGATTTGGGGGAAGATTCTGGAGCAGAACGCGGACGCGGAGCCCTTCGTCCTGCCCGACGGTCCGCCCTACGCCAACGGCCACCTGCACGCGGGCCACGCGCTCAACAAGGTCCTCAAGGACATCGTGGTGAAGTACCGGAACATGTCCGGCCGCCGGTGTGACTTCATCCCCGGCTGGGACACACACGGGCTTCCGATTGAGCAGGCCGTCGAGAAGCGGCTGAAGGACAAGAAAATCGACAAGCGCACGCTGGCTCGCGACGCCTTCCTGGAGGCATGCCGCGCCTATGCGCTGGAGTTCGTCGACATCCAGAGGGCTGAGTTCCAGCGCTTGGGCGTGTTCGGCTCGTGGGAGCAGCCGTACAAGACGCTCGACTTCACCTACGAGGCGCAGGAGATCCGCGAGCTGGCCGCCTTCGCGAAGCGCGGCATGCTCTACCGCCGCAAGAAGCCCGTGTACTGGTGCCTGTATGACCAGACGGCGTTGGCGGAGGCGGAGGTGGAGTACGAGAACCACACCTCGCCTTCCGTGTACGTGGCCTTCCAGGCCGGCGCGGAGCTGGCCGAGCGCGTGCCTTCGCTGAAGGGCAAGGACGTGGCCTTCGTCATCTGGACGACCACGCCGTGGACGCTGCCGTCCAACCTGGCCGTCGCCGTCAACCCGGAGTTCGAGTACGTCTTCTACCAGCTGGGCGCGCGCGTCATCTGCGTGGCCCGGGAGCTGCTACCCAAGGTGCTGGCGGAGGTGAAGGCGGATGAGCTGGCGGTGAAGCACGTGGAGCTGCCCGGCGGTGAAGTCTCCGCGGCGGCGCTGGTGGACCCGTCGCGCATCCTGGCGTACGCGCGCGGCGAGGAGCTGGAGCACCTGACGTACCAGCACCCGTTCTATGAGCGCCGGGGCCGCGTCATCCTGGGCGAGCACGTGACGCTGGATGCCGGTACGGGCCTGGTGCACACCGCGCCGGGGCACGGCCAGGAGGACTACGAGGTCGGCCTGCAGTACGGGCTGGACATCTACAACCCCGTTCGTCCGGATGGCCGCTACGACGAC
NZ_CP017174.1_gap11	553405	556495	3090	ATCCTCTGGTCCTCGGATGGCGCCCGGATCGCATTCTCCCTGGAGTCCTTCGCGCGAACCGGTCCGGAGTCGCGGCCCTGCCCGCTCGCGGAGGTCCACACTGTGGAGGTGGGTTCGGGCAAGGTGGAGCGGCTCTTCGAGAGTCCAACGCACGGGATGCTCACCCCCCGAGGGTGGAGCGCACAGGGGACCGTCTCCTTCTCGCTGCTCTCCTGTGAGGCAACCGCCGAGGTCGGGAAGGACGGCCGCTTCTTCGAATTTGAGCCAGGAAGAGGCATACGAGACACGCACGCGCGCGGTGCGGTTTCCTCCGACGGGGTGCATACGCTCCTGCTGCCATCGACACCGGAAGCCGGGGTTCCCACCGCCTTGCTGGATGGAAGGAAGGTGGATGCCCCTTCCGAGGTCGACACCCGACTCCTGCGCCACGTGGCCTGGATGCAGCACCAACCCGTGGCCTATCTCACGACCTACTCAGGACAGCCTCGCTCCTGCACCTTCGACCGTGTGCCCGCGCCAGCGCTCTTCCAGGCGAACTTCGACGCGTCGCGACCGGGCATCGAGCCGAGAACGGGACTGGGTGGACTCATGGTCGTCGCGTTCTCACCCGACGACGCACACGTCCTCGCCGCGACGGTCCTGCTGCGCTCCCAGGCAAGCGAGGTGTGCTGGCCGGACACCTTCGATTCGCTCCTGGTGATGGAACGCGTCCAGATGGAGAACAGCCCCACCCTGACCGCGCTCTCCGCTTCCAGCATCCGGCTCGACGTGCCGGCATCGCAGATGGGACCAGAGCTTCAGGGCTTCGTGGGCTGGGTGCGGTAGCACTCGAACCCACGAAGAACGCAATTTTTCGGCTCGGCCTTGCAAGTAACGCCTCACGACCATGCGCTGGTGCCGGAAGGCGTCTTCGTGCCAGGGGAGGGCGGCGTGCGCTTCGAGGCGTTGCCGCCGCCCACGCAAGGACGTGCATGCCAACGACAGGCAGGGACTGGAACGGCGATGCCGCTACGGGGCGCGCGGTGCGCTGGCGCTGGAGCGGCTGTCACGAGCGGAGGACGGCCGCATCGCCTCTCGGATGAAGCGCCCGCTGCCGGACGGCACCACGCACCTGGTCACGGCGAGCTTCATCCAGAACCCTCATGCGCCGCCGGACACCTCCTGCCTCGCGGCGATGTCGCCGGTGCCCTTCGATGACCGCGGCGCGGCGCGCATCTACTTCGGCGCCGCCTTCACCAGCGTCTGGGACAACCCCGCGGCGCCCTGAGGACACCGGACCCGTCGTTGCTCAGGCGGGCCCGGCGACGCAGTAGACGTCGAAGCTGATGGTCGACCCCGCCCGTGCACCGCTGGGCCAGCCGATGATCCAGGACCATTCGTTGTAGCCCACGGGCGTGATGTCCAGACGGGGCCCATCACCGAGCACGACCATTCCAATCTTGGCGGCGACGTTGGGGAGGAACCCACCGCTCGTGGCGACCGGGTAGGCCGCCGGGCACGCGTAGTGGAAGAACTGGTCGACCTGACCGGTGGGAATGGTGAGCGTGTACCTTCCCTGCCAGCCTTTGCCGCCAGGGATTGCGTGGCTCACGCCAGGCAGGGTCACACCCAGGGCCACGGCCCCGGTGAGCACGAACGTGAGAAGAGAACGGCTCCTGCGGCGCGCGGCCACTTCACGGGGGCTGAATGGCGACAGGCTCATGATGACTCCAGTGATTGATTGTTTTGCTGCTTTGGCTGACTAGTCAGTTCTTGGGCAAGGTGCGCTTCCTTGCGTTGTCTGTCAAGCGAATGGGATTGGTTTTGGATTGGAGGGAAACGCGTACGTGATTGTGCTTACGGATGTCTCACTAGCGCGTTTCCCTGAGGTGGCGCCGTCCTGCTCACTGCATCATTTGATGTAGGGCTGGATGGTGAAGACCTGGCTGGGAGAGTCCGTGCAGTTTCCCGCCAGGTCGCACGCCCTCACGAACCAGGTGTGCTCGACGTAGTCCAGGAACTCCTCCAGGTAGAGCACCGAGTCCGAATTGGAGACCGCGTACTCCTGGTCATCGATGACCACCGTGTATTGGACGTAGTGCTGGGCGTCGTAGGCGGGAACCCACTCGAAGATGTAGAGAGGATTTTCCCAGACGACTTCCTCGAGAGACGGCGCCAGGAGGAAGGGCGCGGTCGGCGCCTGGAGGTCCACGGAGAAGGACGCCCAGACGCTGCTCGTGCACTGCGCGCTGGCATCGCAGGCGGTGACCCGCCAGGTGTGGGCGCCCTCGGCGAGGTCCACCATGGGCGTGTACCGCGTCACCGCTCCCCCGAGCGTCACCGGCGTGCCCCCGCTCCATTCGAGGACATACGACGCGATGCCCACGTCGTCCGTGGCGGGCGCCCAGGAGCACTCGGGTCGAGGGGTGGCGACATAGGTGCTTCCCGTGGGGGCCAGGGGCGCCGGGGCGGTGAGCTGCGTTCCGACGATCTCGAACGAGCGGACCGGCGTCGACCCGCAGTGGTCGAAGCGGTCACACGCGGTGACAATCACGAAGTGGACGCCCGGTGACAGGTCGGCGGTCAGGACATGGGAGGTGACGCTCCCTCCAAGGGTGATGGCGGCTCCGCCATCAGTGCGCAATTGCTGGTGCGTGACGCCCGTGGCGTCTTGCGCGGCCTGCCAGGAGAACGTCGGCCGGGTCGCGGTGAGCGCGCCTTCCGCGGGAGCCTTCTATGCGCGATTTCGGCTTGGAATCTCCGCGCTGCTTCTGTGCGCGTGTGGTGGCCCGCTTGAAATGGACGGCATCGTCGGATCGTTCATCCCCGCGACCCGCGCCCGCTGCATCCGCCTGCGCAGCAAGACCGACAACGGCGGGCTGCCGCTGAGTCTGACCGAGCTCTCGCTGTGGTGACGCCGTCCCCAAGGCATCGGTGCGCTGGCTGAGCGATGGCGCATCCCTGCGGTCGACGGTCGAGATACCAAGAGTGCGCTTGCGGGGCGAGCGGGCGGACGAGCGGACGCTGTCAGGGCGCAAGGCAGCTCGAGCGTTGACATCCACGGTCAAGTCTGGTGAATGTTTGACCCCATAGGAATCCGTTCTCGCGCGC
NZ_CP017174.1_gap12	584447	587013	2566	GCACTGTCGAACGTGCGGCGGCGCCCCGATGATGCAGCGACCGAGTTTGGCTGACTGGGGCGAAGGTGAGAGCGATGCGAGAGGCACTGGCAACCGTGCGGCCACAGGACGCAGCAGCATGGTTCGCCTGCGATGGCTACTGGCCTCAACCGCCGTGAGCACCTTGTGGCTCATTCGATGTAATGTCATATGCGAAATGTCTGGCGTTGAGCGCCTCGATGTCCTTGGGGGTGGGGCGCTCGCGGGCGGCACCGAGGTCGCGGGAGCGCTCGACTCTCTGCCATCCGAGGGGCGACGGCCCATTCGCCGTGGCTGGTCCCCGCCACCCTCACCCGCCACGGAGCAACACCGGCATGGAGGCGGCCGCCAGCACGGCCGCCTCCTCAACTCCAGCTGGACTGTCGTCTTCCCTTCGGAGCCTGCCCATATTCACCCGCGTTCTTTACACCCATGGGGGAAGGCGCGATGGCCAGGAAGATGAAAGCGGTGCAGGTGATGCAGGCGAAGGGCCCACTCGAAGTCGTGGAGCGGGACGTCCCCGAGCCCGGCCCCGGACAGGTGCTCATCGCCGTGAATGCGTGTGGTGTCTGCCACAGCGATGCGATTACCAAGGAGGGGTGGATGCCCGTGCAGTACCCGCGGGTGCCCGGTCATGAAGTGGTGGGCCGCATCGACAAGGTGGGGCCCGGGGTGACGGCGTGGAAGGCGGGTCAGCACGTGGGCGTGGGCTGGCACGGGGGCCACTGCGGCCAGTGCCCCGCGTGCCGCGTGGGCGACTTCGTCACCTGCGACTTCCAGCAAATCTGCGGCATCACCTACGACGGCGGCTACGCCGAATACATGCTCGCGCCCCAGGAGGCCCTGGCCCGAGTCCCGGACGGCATGAAGTCCGAGGACGCCGCGCCGCTCTTGTGCGCGGGCGTGACGACGTTCAACTCCCTGCGGAACATGGGCGCGAAGCCGGGCTCCCTGGTGGCGGTGCAAGGCATTGGCGGCCTGGGGCACCTGGCCATCCAGTTCGCGCGCAAGCTGGGCTACCGCACCGTGGCCATCTCGCGCGGGGCGGACAAGCGGAAGCTGGCGACGGAGCTGGGCGCCCATGAATACATCGACACGGAGAAGGGCGAGGTGGGCAAGGCGCTCCATGCCCTGGGCGGCGCGCGCGTCATCATGATGACCGCGTCGAGCAACAGCCTGGTGGCGGACATGATTGGCGGCCTGGGCCGCGACGGCGTCCTGCTCTTGCTGGGCGCGGGCGCGGAGCCCATTCCCGTCACCAGCCTGCAACTCATCATGAAGCGCCAGCGCGTCCAGGGCTGGCCCAGCGGCATTCCCCAGGACTCGCAGGACACCATGGACTTCAGCGCGCTCACGGGCGTGCGCTCCCAGAACGAGGTGTTTCCCCTGGAGCGCGCTGGCGAGGCCTTCGAGCGAATGATGAGCAACCACGCCCGCTTTCGAGTGGTGCTCAAGATGCGATGAGCAGTGCTCCCATCCCTCATGCTGGCCGTCAGCATTGAAAGCCCGGGATTGTCAGAATCGGCTGCCCTGGGTGGTTAACAAAACTGTTAACCATTCTCGGTCTCTCTCCCCAAAACGAGCGAAAGAGCGTTCCAGAGAGCCCGTTTGGCGGCGGCGAAGGGCGGGCATCTCGCTCTGGGGGCAGAGGGCAGAGAGCGCCCTCTTCATCACCGCGAGGCAAAATCCCTTGTGATTCAGGGACTTATGCACGAAGGCCAACAACCGGCCTTGCTGAATTCATCAGACAGAGCCTAGCGCGTCATTCCGCGGGCGCAGAGCCCTCGCGGTCATTCACCGGGGAAAACTGACTGGCGCTCCGTTCTTGCTCTTGCTGGGCCTCGACCCAGGGCTTGATACAGGAGGCCGGGGCGGCGTGCTCCACGCAGCCTTTCGGAGGCGCTTGCCCATAGAAGCCTCCACACTGCGTGAGATTGAAGACAATGGCCTTCGCTGTCTCTGGGGCCCACTGCTCACGGAGTACCACCTCTGCGGCCTTGCGGCAGCGGGGCGTGTGTCGCAGGTAGAGCACCCGGTCCGACCACGCCCATTGAGTGTCCAGGTCCAATCCCCCGTCCTTCGGCTCCGGGAAGAACTCATCCACCAGGTCCGCCGCGCTCAGAGGTGCCTGTTGCGCTCGGTACACCGTCTCCGCGATGAACTTTCGGCGAGCCGTATGCTTCAGCTTCGTCACACGTGCACGTACGGTGGCGAGTTCCCGCGGTGAAAGCCGCCTCACCCAGTCATCCCGCTGGTCTTCGAACAGTCCCTCGCCGCGGCGTGCAGCCTCCAGCCAGGGCTTCCATTCCGGAGGTGCCGTCAGCCAGACGTCCACCCGCTCCATCCGATTCGACGAGCGCATTCCTTCCGGATGGAACGTCTGGATGGCCAGCAGGACTTTGTCCTCGTCATCCCAGTTCAGGATGGAGAATGCCTCCGGCTCCAGCGTGAGCCACTTCGGATGTGCACAGCCCGCCGTGAGGAGTTGCTCTCGGCCCTTCGTGAAGGAGGGCTGCTCCTTCACCATCGAGGGGGAAGGACAGCGCTC
NZ_CP017174.1_gap13	598973	602048	3075	CGATGTCCAGGTACGAGCCCAGCGCGGCCATCGCGGTGGCCAGCACACTCAAGGCCTGGGGTTGCTCGCGGTGGACCAGCGCCAGCTCCGCGTCCAGCGGCCCCTCCGCGAGCACCTGCCGCTGTGCCGCCAGCCCGTCGAGCTGTGTCCGCGCGGCCTGGACCCCGTCCGGTGTCGCAGCGGCCCAGCGCGCGAGGATGTCCGGACGGGCCGACTCCAGCAGCGGCGCCAGTTTCTCCGCGAAGGCGGCGCGCGCCGCGCCCTCTGCCCGAGGGTCCGCGCCGAAGACGGGCACGTCCGGTGACGCGAGCGCATCCGCGTCCCGCGCCGCGCTGTCGACGGCGCTCAGGCGCTCCCGGTAGGTGGCCATCGGCGTCGCCAGGTACGTGGCGAGGTCCGTGCCCAGGGCCTCGCGCCAGGGGTTCTCTGGATAGCCCTCCTTGCCGCCGCGCTCCAGCACCTCGCGCACCTCGCGCTCGCGCGTCGTCACGTCGCTCAACCGTGCGTCGGAGAGACTCGACACGGCGGGCGTGAGCGCGGCGGGGGCTTCCACGGAGAACCACTGGCCCACCAGTTCGTGGAAGGAAGGCGCGGTGCCTCCGTCGGGGCGCTCGGAGAGGGCGCGGTCGGCGGCCGTCAGTTCGTCATGGAGGGACTGGAGCTCCGCGTCGATGCGCGACAGTTCCCTGGCCACGGCCGCGTCGGTCCGTGTCTCCGGCAGCGTGTCGAGCTGCTCGCGGATGCCCATGTAGAGGTCGCGCTGGTCCCGCTGGGCGTCATGGACGACGGCGCACAGGTGTCCCAGGCCGAGGTGGTCCAGGCGGTGCTTCACCACGTCCAGCGCGGTGCGCTTGTCGCAGACGAGCAACACGCGCTCCCCGCGCGCCAGGTGGTCGCCAATGGCATTGGCGATGGTCTGCGACTTGCCCGTGCCCGGAGGCCCATGGATGACGAGCCCCCGGCTGCTGCGTGCCAGTCGCACCGCGCGCGCCTGGCACGGGTCCGCGAGCGTGACGAGCCGCTCCTCGCCCGCTCGCTTGAGTCCCTCCAGGTTGGGCTCGCCGCCGCCGTGTCCCGGGGGCAGGCCGAGAGAAACATCCACGCGGAGGAAGCTCTCCAGCGGGCCGGAGAGGGGCTCTCCGTCCAGGAGCGCGCGCATGTCGTCCACGAGGCTCTGGTTGGACAGGGGATAAAGACCCAGCACGGCGCTGGGGAGGATGGCTGCCTGGGGCTGGGCATCGTCGCCACGCGGAATGGCGGCCAGGAGGGTTTCCGGCGCGAAGGGGGCAGGCGCGGGCAGCTCCATGGCCTTGCACACGGCGGCCACCAGTTCGTTCAGCTCGCGCCACGGGTCCTCGCCGGCTTCATCCGCGAAGAGGTCGCCCAGCCGCTGGCCCGTCTGCTGCTCCAGCCAGGCGAGCAGCGCGGTGTTGGGGGCCACGCGGTCCACGCCGGCCTCGGCGCCTTCCAGCTCCACCGACGGCACGCGGCCCTTCTTGAGCGTGAGCCGCACGGGGATGAAGGCGATGGGGGCCAGGATTCGCCGGGTGCCGAAGCCGCGCTTGTCCTTGGCTCCCGGTGGCAGGTGGAGGAGGGGAAAGCCCACGTGAAGGACGTGCGCGCCGGTGTCCTGCTCGAAGGTACGGGCGTCCTCGACGATGGTGGCCAGCTTGCGGAGCAGGTCCTGCTGTTCCTCCTCCGCGCGGGAAGGCGCGGGGGCCTCATCCGGCGGAGGCGCGTTGTCGGGACGCGCGTGGCGGGAAGGCCCTTGGGGGTTGTCCAGCGGAAGCGCGGCGTCGGAAGCCACGTCGCGGGAAGGGAAGTGGTTTTCGTCCAGTGCGTGCGCGGCCTTGGGCGCCGTGTCCAGCATGTCGTCGGCATCCGTCCCCGTGGCATCGTCGTCCTGGGCGCGAGCGGCGCGGGCCTGGGCGGAGCCCTTGCGCGGGCGAGCCTCGGGAGGCGGTGGCTTCACCACGAGCCGGGCCTGGGCCTTCTCTCCGAGCAGGGCGGCCAGCAAGGTGTGGGGCGCGGTGCCATCCAGCCGGCTCAGCGTGGCGAGGTCCACGCGCTGGCGGCTGTTGTGCGGCCGGCTGTTGAGGCTGGGGCCGGATGCGAGCGCGGCGTAGAGCCGCTCAAGCATCTTCTCAAGGACGCGGTTGCGGGGCTCGGGCGACAAGGCGGCACCTCTCGACGGGAGGGGAGGCCGCTGTCTCTATCACGCGAGGGTGGCCCTGGGCCCGGGCTTCAGCCCGCCAGCGCGGCGCCGAGCGCCTGCGCCGCGGCCTCCAGTTCCTGCGCGGGGAGGTGGTCGGAGGCGGGGGCGTCGAAGGCGGCCCGGCCCCAGAGCCGCTGCGGCGTCTGCGAATAGCGGGGGACGAGGTGCAGGTGGAAGTGGCGCAGCACATCGCCAATGGCGAAGGCGTAGGCGTGTTCGGCGCCGAGCACCTCGCGCTGGGCGCGCATGACCCGGGCGGCGAAGGGGCCGAGCTCGCTCGCCGCGTCCGGCTCCAGGTCATACCAGGCGCGCACGTGCCGGGCGCTGGAGATGACGACCCAGCCGGGCACGGGGCTGGGGCCCGCCACGCCATGCAGCACCAGTCCCGGCGCGCGCGCGATGACGCCTCCCACGGGTCGTGTCTCACCGCGCACGATGGCGCAGCCGAGACATGGGGCATTCACATCCAAGACATCCGGCATGGGCTCACGCTAGCAGTCCGGGGAAAGCCCGGGTGGGTCACGTCATCGGGTCAACGGTGACTCATGTCCATGAGGGCATACTGGGTTCTCCGAGTGATCCGTGACACACCCGGCTCCGGGCGTCTCGGCGGATGAGAACCCGCTCTGAATCAGGGGGGGGCTTCTTGACGGAACGGGCAAGTGTCGGAGAGTGTCCGGCTGACGCCTCATGAAGTGTTGAGGCGGCGATACTTGGGGACTTTTCTTTCAAGGCGGGGATGATGAAGAAGCATCTGGTAATGGCCGTGGTTCCGTTCCTGGCGTTCGGTTGTGGAGACGACCTGGTTGACGCGGACGGAGACGGAATCGCGGACGGCGTGCGCGAACCGGACACTGTGA
NZ_CP017174.1_gap14	606283	609192	2909	AAGGACAACGCCACTGCTCGGCAACGGACACTCCAGCGGCCCTGGCGTCCTGGAGTCTCCTCCCTCGCGGCCCGTTCAGTTGACCCCTGGCGGACGGATGCATAGGCACCGGGTGTGGGCTCTCCGGCCGCCTCGCCGCCTCCTGATGCGTGGACTCCTCCCCAGGAGTTCGACGAGTACCGCCTTGTGCGGGCCATCGGGCGTGGGCGCATGGGGCGGGTGTTCCTGGCCCATGACACGCTGCTCGAGCGCCCCGTCGCCGTGAAGTTCATCCCCGCCCTGGGGCCCAACGCCCTGGCGCGGTTCCTCGTGGAGGCCCGGGCGGCCGCGCGCATCCAGCACCCCAATGTCGTCACCCTCTACCGGGTGGGACAGTTGGAGGAGCAGCCCTACCTCGTCTCCGAGTTCATCCGGGGGATGAGCCTGGACCGGCTGCCCAAGCCCCAACCCTGGGAGCGCGTGCTGGCCATGGGGCGGGACCTGGCACGGGGCCTGAGCGCCGCGCACCGGCGCGGGGTGTTGCACCGGGACATCAAGCCGGGCAACGCCGTGCTCACCGAGGCTGGCGAGGTGAAGCTGCTCGACTTCGGCCTCGCGAAGCTCCTGGACCGGGCCGCGGGGGCGGGGGATGGCGCGCCGCCCGCTTCCGGGACTCCGCCGCCGGAGTTGCCTCCTGACCTGGATCCGGAGGCCAGCCCCAACCTGGGCGCGCGCTCGCTGGACGGAATCTTCCTTCCATCGCTGCCGCGCGGCTCGCTGGTGGGGACGCCGTATTACATGTCCCCGGAGGCCTGGGCGGGCGAGGCGCTGACGGCGCGCAGTGACGTGTACTCACTGGGCGTCGTCCTGTACGAGCTGTGCGCGGGCAAGGGCCCCTTCCGGGACGTACCGTGGCGCGAGCTCCCGGAGCGGGTGCGCCACCAGGATGCGCGCCCCCTGGCGCAAGCGGTGTCCGGCGTGGATGCCGGGCTCGCCGCCGTCATCGACAAGTGTCTGCGTCGCGAGCCGTCCGAGCGTTACGCCACCGCCTCACAGCTGCTCGATGCCTTGGACGCACTGACGCGAGACGACACCGTCCAAGCGGTGCCGGAGGGCAATCCCTACCGCGGCCTCCAGGCCTTCGAAGCAGAGCACCGCGCCGTCTTCTTCGGCCGCCGCCGCGAGCAGCGCGCGGTGCTGGAGCGGATGCGCTCGGAGTCCTTCCTGCTCATCACCGGTGACTCGGGCGTGGGGAAGTCCTCCCTGTGCCTCGCCGGGCTGCTCCCCGCTGTCACCGAAGGGGCCCTGGAGGACGGACGTCGCTGGCGCAGCGTGCGGCTGGTGCCGGGCCGCAGGCCCCTGGCGGCCCTGGTCGCTGCGCTCGCGCCCGTGCTGGAGACGGAAGAAGAGACCCTGGCCGAAGGCTTGCGCGCCGAGCCCACGTCCCTGGTGCGCCGGCTCCGCGTGAAGCTGGGGGTCCAGGAGGGGCTGCTCGTCTACGTGGATCAGCTCGAGGAGCTGGTGACGCTGGCGCCGCCGCCCGAGGCGGAGCTGGCGGGACAGGCCCTGGGGGCGCTCGCGGAGGGCGCCAGTGGCGTGCGCCTGCTCGCCACGGGGCGCAGTGACTTCCTCACCCGGCTGTCCGCCGTGCCCGGGCTGGGCGCGGAGGTGCCGCGCGCGCTGTACCTGCTGCGCGCCTTGTCGCCCGAGGAGACGCGGGAAGCCGTGACGGGCCCCGCCCGCGTGAAGGGTGTGCGCTTCGAATCCGACGCGCTGGTGGATGCGCTCGTCACCTCCACCCTGTCCGCGGCGGAGGGCGGCCTCCCGGTGCTCCAGTTCGCGCTGGCCGAGATGTGGGAGGCGCGCGACGCGGCGGCCGGTGTCATGACGCAGGCGGTGCTCGACTCGCTGGGCGGCGTGGAGGGCGCGCTCGCGCGGCACGCGGATGCGGCGGTGGCCCGGCTGCTACCGGACCAGCGGGTAGCGGCCCGGGGCGTGCTCCTGCGGCTCGTCACCGCGGACGGCACCCGCGCGCGGAAGACGGACCGCGAGCTGGTGGGGGACGACGCCCGCTACCGCGCCGCCCTGGAGGCGCTGGTGCACGCGCGGCTGTTGGTGGCGCGCGAGGCCCAGGAGGGCACGTCCTACGAACTCGCCCACGAGGCGCTGCTCTCCGGCTGGGGCACGCTGGCGCGCTGGCTGACCGAGGCCTCCGAGCGCCGCGAGGTCCAATCCCGGCTGGAGGCCGCCGCCGCGCACTGGGAGAAGCTGGGCTTCCCGAGCGAATCCCTCTGGGGCCCGCGTCAGCTGGAGGAGACGCAGGTGCTCGACACGGGAGAGCTCACCCGCCGCGAGCGCGACTTCCTGAAGGCCTCGCGCCGCACCATGGTGCGCAGCCGACGGACGCGGCATGCGCTGGTGGTGGGCTTCGTCATGTCCCTGGGGCTCGTCTACGGCGGGCTCAAGCTGAGGGATCGTTGGAGCCTGGACCGGCAGGTGCGCGACGAGCTGGGCCAGGCGGCCCAGGCCCTGAGCGCCGTGCGTCAGGACTGGGGCACGCTGAGCGCCGAGCGCGACGAGGCCTTCCGCCTCTACGACACCGGCCGCCGCGCCGACGCGGACCGGCACTGGAACCGGGCTGGTGCGCAAGCGGGACAGTTGCGCGGCCGTTTCGACGAAGTGGCCGGACGACTGGAGCGCGCGCTGGCGTTGGCGCCCGGCCGCGCCGACGTGCGCGAGGCCCTGGCGGACTTCCTCTACGAGCGCGCGCTGTGGGCCGAGCAGGACGAAGACGCCTCGGCGCTGCCCGCGTTGCTCCAGCGTCTGCGGCTCTATGACACGGCGGGCACGCGCTGGCGGCGCTGGAACGCCGCGGCCAGCCTCACGCTGGAGACACCTGTCCCAGGGGCGGAGTTGGAGCTGCGTCCGCT
NZ_CP017174.1_gap15	697244	701370	4126	TCCGGCGACGTGGTGCTCAGCAGCCCCGCGCCCACCGGCGGCATCCTGGTGGACCTGATGAGCGTGGACGCGAGCGTGGGCGTGCTGCCCGTGCGCGTCCCCGAGGGCCAGCGCTCCGCGCGCTTCACGCTGCGCCTGCCGCCCTACTGGACGGGGCCCACCGTCGTCTACGGCGCGTCGGGCGGCGTCCGGAAGAGCGTGAAGGTGGGCGTGCGCCCGTGCCTGGTGCGTGTCTTCCCCTTCGTGCGCTGGTACCTCATCGATTCGCTCTACGCCCCCGCGCACCTGCTCAACGGTGGGGCGGTGATTGCCCGGTACAAGGAGGCGGAGTCGGACGTCCTGCTGACGGGCAAGGGCGAGACGTACTGGCTGAACGAGGTGCTCGGCGCGCAGCAGGCGCGCGTGGCGGGCGTCAACTCGACGGGGGACATCTTCGGCACGGCATACACCTCCAAGGGCCCCAACGCGTTCCTGCTCCGTTCGGAGGACGTGAAGGCGGGCGCGGAGCAGTGGCTGGAAGGCTGGGAGGCCGTGACGGCCAACGCACACGGCACGCTGCTGGTGCGTGACCCGAAGGACGCGAAGAGCATCTACCGCGTGGACGAGGTGGGGCCCGCCAGGCACCCCGGCTTGTCCGAGCTGCTTCCGAGCCGCGTCCTCTTCAATGCGCTGGGGGAGGTGGCGGTGACGCTGGAGACGGAGAAGGGGCTCCGCGCCGCGCGCGTCTACGGCAAGGACGTGAAGGTGCTGCTGGACAACGAGTCCGAGGTCACCGCGCTGAACGACGTGGGGGTGTTCGTGGGCACCGCGCTCGATTCGGACAAGCGCCCCCGTCCTTTCATCTGGTCGCGGCAGGAGGAGGCCCGGTGGCTGCCGATGCCCAAGGGCGCCGTGTCCGCGAAGGCCGTGGCCATCAACGACGGAGGCTGGGTGCTGGGTACCGCCACCGCCGAGGACGGCAAGACGCAGGTGCCCTTCCTCGCCTCGCCCGACGGGAAGACGGCCACGCGGTTGGATGAGGTGCTGCCGGAGGAGCTGAAGAAGGCCGGCTACCGCGTCCTGAGGGCGCTCGCGCTCGCCGACGACTTCAGCGTGCTGGTGCAGGCCCTGGATGGACAGGGCCAGCGCGTCCACCTGGTGCTGAGCCCGTGAGCCGCATTCCGGCCAGCGCGACTTCCACTCTTCCACAAACAAGGACCTTCCTCGTGAAATCAAACCTTCCCCTTCTTCGGGGGCTGATGATGGTGTTCATGGCCATCCTGGCGGGCTGCGGCGGTTGCCAGAGCAGCTCATCGTCGTGTTCCCCAAGCCAGTATGGAACCAACGGCTGTGCCTGCAGGACGGACTCCGCCAGCTGCAACGCCGGGCTGGTCTGCCGCAGCGGCACGTGTGAGCCGTGTGGCAACGAAGGCGGCGCTTGCTGCGTCAACGCGGGCACCACGTCCTGCAGTGGCACGTTGACGTGTGTGATGGAGGCCGCGGGCGAGCGCTGCCGCAACTGCGGCGAAGTGGGCGAGGCGTGCTGCGTCTCGTCGGGGAACAGCCAGTTCTGCCGCGCGAACGCCGTGTGTGTCAGCGGGAGCTGCCAGTCCGTGGCGGCGCACACCTGCGACCCGAATGGCACTGTGTACTCAGTGGGCATCCAGGACACGAACCTGTGCGCGCGGCGCGTGGTGGAGGTCCGCGCGAGCTCGCCCGCGAACGCGCTGCAGTGTGCCAGTGCCAGCGGGATGCTGGCGGCGGATGAGACCGTCTATGAAATCCCCAACACGCCCATCACCGACTACGAGCTGTGCCTGGAGTCGGAGAGCCAGGGCCGGCGCACCACGAGCGTGCAGGCGTTCGAGGACTACAACGCGCTTCGCTGCGCGCGCTGGACGCGGTGTGGCGCCAGCGACCCGTGCACCAGCGTGACGCACGGCGCCTGCACGCCCTGAGGCGAGGGGGGACGGATGCGGGGCGGAGCGCGCGGAGGGGGACGCTCCGCCCCGTGTCATGTCGGGAGGAGCCGCAGCACCGCCTGGGCCGCGCGCTCGGTGCCGTCCACGCCCTCCAGCGTCGCGGCCAGGGCGCGGGCCCTGGTGGCCACCTCTGGCTGGGACACCTGGGTGAACGCGTGGGCGATGGACGCGGCGCCCAGCGCGGAGGGCAGCACGGCGCGGCCCACGCCAAGCCGCTCCACGCGCCGCGCGTTCGCGAGCTGGTCGCCGCCGAAGGGCACGACGACCATGGGGCGTCCGGCCGCGAGCGATTCCTGCACGGTGTTGTTCCCACCGTGCGTCACCACCAGGTCCACCTTCTGGAGTAGCGGCACTTGAGGCACACGGCGGAACACCCGCGTGCGTGGGCCCGCGCGGGCCTGGAGTCGTTCGAAGCTGGCGCCCGCGCTGACCACCACGTCCACGTCGTGCCGCGCCAGCCCGTCCAGGATGGCGTGGAAGACGTGCGGCTGGGCGTTGAACACCGTGCCCAGTGACACGTAGACGTGCGTGCGGCCGGGCCGGATGGCGGTGAGCGCGGGGTCATCCACGTTCGCGGGCGCGGGCCGGGGCAGGCACGGGCCGGTCATCTCCACCGGGCCGGGCAGCGGCTTGAGGCCGGGCTCCAGCGCCGGGGTCGTCGCCATCAGGTTGAGGTCGTCGGAGATGGGCGCAGCGAGCAGTCCGTTCGTCTTCAAGGGGACGCGCAGGCGCTTCGCGGCACGGGCGACACGCGCATCGAACCAGCGCAGCAGCGCGAGCCCCCGTTGCTCGGCCTGGGTCCATGCGGCATCGCGGGGGGCGTCGTCCTCGAGCCCACTCCCAAAAGGAGCCGCGCCCTCCACGGGGAAGGGAAGGGCGGAGTGATACAGCGCCACATAGGGGCGCCGGGTCCTCCGGGCCGCGAGCAGGGCCGCGGGCATGAGGTAGTCCGCCAGCACGACGTCAGTCCCAGAGGTTTCGATTTCCTCGGCGATGCGCCGTGCATGCCCCTCCATGCCGGTGGTGAACAGCCGGAGCGCCCACCCCAGCTCGTCGAGTCCCCGGGCCCGGGTGATGCGCATGCCGTACCAGAGCGCGGCCGGAGAAGGGCGCAAGGGCACCAGCCTGAGTCCGTCCTGGCGCAGGGCTTCCGGAAGCTGGGAGGCGAAGCGCAGCGGCTCTGGCATCAGGCCGGGAAAGCGCGCCGGCGCCACGACCGTTGCGATGGCCAGGTCGTGGCCGAGTTCACGCAGGCGCCCACCCATGGCGCGCAGTGCGTTGGTGTGCCCCGCCGTGGGGTGGGCCGCCATGAGAATCCTCGCCATGGGGCCCAGCGTAGCAGTGCGGGGCCGCCCGCCCGACAGGCACTCCGCCGTGACGCTCGGCGTGGTGCCGCTGTCCGGGCCCGCTGGCGCCAACGTCGTGGTAGCGGCCAGGCGCCAGGACTGAGTCCCGTGTCCACGGGGCCCCACGGGGAGGCCCCGCCGGGCAGGCCATGTTTGCCATAAGCGCCACTCGGGCCCCACCTTCGGACATCGCTTCGTCGGGAGGTGGACATGACTGGAAGGCTTGGCAGAGCAGGCGGCGTGGCGGTTCTTGCGGCCCTGTGGGGCACCCCCCTGGTGGGGCTCACCGCCCGGGCGGAGGCGCCCCAGGCGGGGCAGACGCGGGACGTCCTGTCAGAGCGGGACCTGCTCCTGGGACAGCTCGCCCTCTTCGACGCGAAGACCATCGCGGCGGGCAACCTGGCGTTGGAGAAGTCGACCAACCCGCAGGTGCGGCAGTTCGCGTTGCGGCTGGTGGAGGACCACCGCCGGCACCTGCAGGACTTGAAGGCGTGGGGAAGCTCGCCGTCCATGGACATGGTGGTGGCGGACCTCACGCAGCCCCGGGTCACCGCAGGGATTGGTGGCTCGGGGAGCAAGGACGGGGGCCTCATCCCGGGGCCGAGTCTGCCCATGCAGCGCGCGGACGCCCGCCTGGAGCAGGCCGTGGCGTATGCCCAGCAGCATCTGGACGTGCTCCGCAAGGCGCAGGGCCGGGACTTCGACGAGGCCTTCCTGAAGCGCGTCATCAAGGACCAGGAGGACGGCCTGCGGCTCGTGAAGCAGGCACAGGCGACGTACAAGAACGATGGGGCGTTCACCCTCATGCTCGACAGAACG
NZ_CP017174.1_gap16	763371	767802	4431	TGGACGGGACGGACGGCGGAGACGCGCGTGGTGCACAGGCCGTTGATGCGGTGGGTGTCGAAATCGAGGTCGACCTCGATGCGGACGTGCTCGGCGCGAACTGGCCGCTCGGCGGCATAGTGCTCGGTGGCGCCAGGAAGGGAGAAGGGGCGGGGGCCGGAGGGGATGGACTCGGAGGCGTGACGGTGGCAGCAGCGCATGGGCACTCAGGACTCTTCCGCAAGCCCGCGTCACCGTCGAGGAGGAGTGCACCCGGGGGCCGATGAGCGTCGTGTATCGACGAAGTCATGAAGATGACGCCAGGGTCGCGCTCCTCCCCACTGGGGCGTTCATGACATTCACCTGAACACACGCGGAACGGCGTCGACCGGGTAGTCTCTGACCACCGTGCAGTGGGTCCTCTTCTTCTCCGACAGACAGGTGCGTGAGCAACTCTTCGCCCGGGTGGATTCGACCCGTGGGTTGTTGCTGGTGACAGGGGTCCGGCACGGCGCGGCCATGCGTCCTCCGGAGACGCGCGAGCCCTTCGCCACACTGGAGCGGCTCCACGGCGCCGTGTTGTCACAGGTGCTGGTGGCCGACGAGGGCACCACGGATGGTATGTGGAGAGACCCGCTGGGAGACCTGGGCGACCGGCTCCACCCCGGCAGCCGGGATGACGCCTACGCGGCGGCCACGGGCTACCTGCTGCTGCGGGACGGCCGTCCAGCGGCGGTGGTGCGCAAGCAGGGCACGCCGTTCGAGGAGCTCTGGTTCCTGCAAGAAGCCCTGAGCAAGCTCACCCCTCGCGTGCCCCCGCCGGACCCGGCCCAGCGGCCAGGACGTCGCCGCGCGGAGCCCGCGCCCCGCTCGCCCCGGCGGCCCGCGAGCGGTGGCACGAGCGCCCGCGCCACGGGCACGCGGGAGCGGACCGTCTGGGACGATGAGGCCACGCCGCCCCGTGGCACGCGCGTGCCTCCGCCCGAGCCGCCGAGGAAGGACCCGTGGACGGTGCTGGGCATCGCGCCCGGGACGCCCTTGGATGAGGCGCGCAAGGCCTTCCGGGCGCTGGTGGTGCAGTACCACCCGGACAAGGTGGCCCACCTGGCGCCGGAGTTCCACGCGCTCGCCGAGCTGCGCACGCGGGAGATTCTGGACGCGTGGGAAGAGGTGGCGCGAGCGCTGTCCGGAGGGACGTGAGCCCGCGTGGCTACAGCAGCAGCGACGTCGGCGGAGGCGTGATGAGCGTCTTGCCGCTCTCCAGGGCGAAGCGCGCGACGATGGGCATGTGGTCGGACAGCCCGTGGAAGCGGCTGCGGAGGTCCCCGAAAGGCGACGTCTCCTGCGTGTCGAGCCAGCGCACGCCCGTGCCGGAGAACACGTGGTCCAGGTGCATCCGCACGTGCATGAAGCCGGCGGTGGGGAAGCCGCGCGACACGTTCGGGTCAATCTGTCCCACGGCGGCCTGCGCGCAGGTGAGCCGGCCGTCGGTGGTGAGGTAGCGGTACACGGGCGACGCGGGCGGTGAGTTGAAGTCGCCGCACACGATGTAGGGCTCGTCACCGGTGAGCCCTTGCATGAACTCCGTCAGCTTGCGGGCCTCGTGGAGTTGGTTGACGCCGCAGCCCATCTTGTCGCGCGTGGCCCAGAACTCACGCGCGAAGGGCGTGGGCAGGCTGAGGTGGGTGTTGAAGATGTGGAAGGGGTGCCTGTCCTCGCGGCGCAGCAGGCGCATGTGCGCGCAGATGCGGCTCTGCTTCCGGTCCTTGAGCCGTTGGACGTGGTGGTGGGTGATGGCCTGGGGCGCGCCCACGTTGTGCGTGGCCACCTCCAGCTTGCGCGTGTTCACCAGCACCGCCAGCCCGGTGGTGTAGAGGGACACCTCGCCGAGTTTGTAGTGGTGGGCGCGGAAATAGAAGGCCTCGTAGGGCATCTCCCGGCCCAGCCTGTCGAACGTCTCCACCATCCGGCCCATGAAGGCGGTGAGCTGCGTTTCGCCCGGCTGCTTGGGCCGGTCGACGATGTTGCTGCGCAGCGAGGACGTCTCCACCTCCTGCAGGCAGACGACATCCGGCAGCGGGTCCAGCGACGCCAACGCCGCGGCGACGCGCCGCTTGGGGCCCACGGTGCTCGCCAGGCCGCGGAGCATGTGGCCGAAGTAGCGGACGTTGTAGGTGACGATTCGCAGCGGGGATGGGCTCATGGGCAGCGCGCTGGCCCCTCCGGTGGGCCTCGGGAGGAAACTACTAACCGCCAGGCGCTCCGGCTTGAGACGGCGTCAGGCGCCTGACACTCCATGGGCCTGCCTGCCCGGTCGCTTTGACGGCGAGGATGCGAGAGAGGGCCTGCTCAGGGCGAGGATGTGGTCTCATCCCGGTCCCAACCCGTCTTTCTCCAGTGAGAGGCAATGCGCATGCGCGGAACGACAAGGGGACTGCTGACCGCCGCGATGGGGCTGCTGGCCTGCGGCGGCGATGACACCTACGTGTATGACGTGACGCTGGATGCGGAGACGCTGGCCAACGTGCCCACGGAGTGCTCCGAGTTCGTCCAACCCGCCCAGGGCCCCGCGGTCGGCCTGGACGCGCAGCAGCGCTGGACGATTCGCCGCGGGGAGTTGGACTCGATGTACCTCGAGGTCCCCGACATCGACTTCCAGACGCCGAACAACGCCTATGTCATCAACGGCGACGGCGAGCCGGACGTCCTCATGGGCTCGGTGGGCGCGGACGGCGGCTACCAGTTCATCCACATCCAGACGCGCCTGGATGAGGAGCACAAGCTGTCCGCGCTGGGCAACGAGCACGCCTTCCGCATCGCCATCAACAACAAGGACCTGGATGACGCCATCCAGGGCACCGTCTGGGTCCGCAACGAGCACGTCGAGCGGGACCCCGTCAGGGGCTCCACGATAGCCTCCGGCTGCGCCTCCGCCGTCCGCTTCACCGGCCGCCGGGTGACGGAGTAGCTCGCTTCATCCGCACCACGGTGTCCAGCAGGTGCTCCAGCGCCGCCTGGGGCTCGTTGCACAGGCCAGAGTGCACCGGCCCCGTCTGGATGATGGTGCTGCGCGGTGCCACCACCCAGTGCCAGCGCTCCTTCTGGGACAGCTGGCCAATGGGCCCCGAGCCCTTCCCGCCCTCGCACACGCGGCGGAAGCTCTCCAGGTGGCCTCGCACCAGGTCCACGTCCACCTCGGGCCACAGCGCCTTCAGCCGCGCATCATCCGGCTCCACGCGCACGCCCAGGAAGCGCTGGGTGGCGCAGAAGAGGACGACGCCCGCGTTGATGAACTCCTCGCGCTCCACGCGCGGGACGACGCGGATGATGGCGTAATCAAACGAGCTGGGCGCGGGCACGGTCCGCCTCCTCGATGAACGCGGGCACGGCTTCCAGCCGGCGCAGCAGCCAGGTGGCGTAGGCGGCTCGGTGCGCCTCGGCGGTGGGGAAGGGGGACTCGGTGCTCGTGAGCCACGCCTCCGGAATGGCCCCGACGATTCGCTCCACCACCTCCCGGGTGATGCGCGCGCCCAGGTGCTTGCCGGCCTCCGTCAGCGCCGTGGCCCACGGCAGCAGCACGTGGTCCTTGATGGGCGCGAAGCGGCCCTGGCTGCGCGCCTCCCAGTCGTCCCACGAATGGTGGAAGTACAGCGAGGCCCCGTGGTCGATGAGCCACAGGTTCCGGTGCCAGGTCAGCATGTTGGGGTTGCGTGGGGTACGGTCCACGTTGGTGATGTACGCGTCGAAGGCGACGATGCCGGACGCCTCCGCCGCGGTGGGCGCGGGGTCCGCCACCGGGTCGAACGTCACCGACGCCGGAAGGTAGTCCAGCGCCAGGTTGAGTCCCGCGCTGGCCTTGAGCAGCTCGCGAATCTCGGAGTCCGGCTCGTTGCGTCCCAGGGCCGGGTCCAACTCCACCAGCACGAGCTCCGGCACCCGCAGGCCCAGCTCCCGGGCCAGCTCCCCGGCGATGAGCTCGGCGACGAGCGCCTTGGCGCCCTGTCCGGCACCCCGGAACTTCACGACGTAGAGCCCCGCGTCGTCCGCCTCGATGATGGCCGGCAGCGAGCCGCCCTCCCGCAGTGGCGTCACGTAGCGCGTGGCGGTGACCGTCCTTGGCATTCCTGACCTCCCGTCCTCTCTCCTGGCGTCGTCCCTGGGGCGCCGGGCCGCGCCGCGGCATGTAGCATGTCGGCCGGGGGTGGGAGGCGCTGACGCCGCCTCGGGCTGATCGCCGGAAACTTTGTCCGACACAATGCGACAATCATTTATCGGCGTTTTTTCTGCCCCCCACGGAGCACCCCCACCATGGAAATCTCTCGCAAGCCGAAGTCGCCCGTGTCGCAGTCCACCCGCGCTGGTGACACGGCCAAGCCGGCCGCTGCGGCCAGGCCCGTGGAGAAGGCGCCGGTCCAGACGGCGAAGGACGGCTTCGACTCGGCGCCCACGGGT
NZ_CP017174.1_gap17	807536	810929	3393	GATGGACTCGCCGTGCAGCGAGGTGCGCAGGCCCTCGGCGGCCTCGGGCACGCCGAAGTCACCATGGATGACGCCAAAGCGGGAGCCCGGGCCATAGGCGCTCATGCGCCCGCCGGTGACGAGCACGACCAGGCCCTTGCCGCGGGGCGCCGTCACCTGCTGGAGGTCCGCCACTGACTTGCGCAGGTCCTCAATCAGGCCGCGCGCCTTCTCCTCCTTGCCGAAGACGCTGGCCAGCATCTCCGTGTTGGCAATCACCGAGGCGATGAAGTCCTTGCCGCTCATCGGCACGTCGATGGTGGGCGCGATGCGGGACAGGTTCGCGTACTTCGCGCTGGAGCGGCCCCCGGTGATGATGAGGTCCGGCTTCGCGGCCTGGAGGGCCTCGTAGTCGGGCTCGAACAGGGTGCCCAGGCGCGGGTACTTCGCGTCACGGAACCGGGTCAGGTGCTGGGGGAACATGTCTCCCGCCACGCCGTGGACGTCCACCTCCAGGGCCTGGAGGATGTCCAGCGCCACCAGGTCGAACACCACCACCCGCCGAGGCTTCAGCGGGACGACGGTGGTGCCCTGTCCGTGCGTCACCGTGCGGCCCTCCGGCGCGGCGGCCTCTGCGGCGGGGGTGGACGCGGCGGCGTCCGGGCGCTGGAACTTCACGCCCACCCACAGGACGGCCAGCACGACGACGACGGAAAGCAGGGCGAAGAGCGGAAGGGAACGCCTGTTGGATGTACTCACAGTGGTCGCCGGAAAGGGTGATTTTGATTCTGAGAATCAATTGCGCATCATAGGTGCTTACGTCCGCACCGTCAAAGCCTGGGTGTTTCTTCTGTCGCGCTCCGGGGCGGTCCCTCGCGCCGGGCTGCGGGTCGCCAGGCTGGCTGTTTGAATCCGGCCGCGCCGGAATGACGTTGCCGCTGGGGGACGCAGGAGGAGGACTCCATGGGCGAGGCATCCGCGACCAGCACCCACCCCGAGCCGGGCATCCCCGCGCGCTTCTTCGGGGACCCGGACTTCGACTTCGAGGCGCGGCTTCACGAGGATGAGCAGTTCTGGCCCGGCCAATCCCAGGTGCTCTACCGCGCGCTGTCTGGTGAGAAGGCATTGGCCCGCTTCACCCGTTAGGACGGCGCGAACCTCCATTGCCAGCCAAGCGCGCGGGTCCGTCATGGAGACGAGGAGGGCAGGGCCGGGCGGATGTCCGTGTTCGCCCGCGCATGCAGGGGCATGAAGAGCGCGCGGGCGCCGTCCGCGAGCACTGGCAGGGCCACCGAAGGCTGGAGGACGGCGCCCAGCCCCGCCTGGAGATGCAAGAGGCGGTTGAACTGCCGGTGCACGGCGGCGTCCCGGGAGCTGCGCTCCATCATCCGCCGGATGTACCAGTGCAGCACCCCCACGCCGGGCTTCCGCTGGCCGACGGCCTGCGGGTACTGCAGGTCGATGTTCGTGCCCATGAACCAGGGCAGGCGGATGGTGTCGGACAGGCGCTTGCGGAAGCGCTGGGCGAGTCCGTCGAGCGTCGTGGGGGAGCGCCTGGCCTGCTCTTCGATGCAGGCGTGGAGCAGCGCCGCGCCCTGGGCCGCCACCGACATGCCCTGGCCGAAGACGGGGTTGAAGGCACACACGGCGTCACCGACGATGACCCAGTTCTCCGGGAAGCGCGCGAGGCGTTCATAGTGCCGCCAGCGGCTCTCCTTCACCTTGTGCAGGGTGAGCGGTCCCAACGGCCGGGCCTCCCGCATGCAGGCGTACAGGTCCGGCTGGGGCAGGGAGCGGGCGAACGCGAGGAAGCCTTCGTCGTCCGTGGGCGCGTGCTCACCGAAGTACCCATTGAGCGTGACAATCCAGCGGCCCTGCTCCACGCGGGAGATGAAGCCAGCGCGCCAGTTCACCGGCGGACACGGGTACTGCATGAGCACCTTCCAGTCCTCCTGGAGGTGCGCGGGAGGTTCGTAGAGGCGGGTGGTGTACGCGAGATCCACCCGCACCTGTTCCTCCTCGGGGCGTGCATGGCCCAGGGCCTCCAACCACTGGGGCGCACGCGAGCCCCGGCCCGTGGCATCCACCACCAGCGCGGCCTCCAGCGGCTCCTCCACGCCGTCCTTCTTCAATCGCACGCCGGTGACGCGCTGGTGGGAGGCGTCCGTGCGCAGCCCTTCGACCGAGACGCCGCCGTGAAACTCGACGTTGGGCAGCGCCAGCACCCGGCGCAGCACGTGCCATTCCAGGAAGGGACGCGTACACACCAGCAGGGGAAGTCCCTGGGGGACGCGCGACTTCCAGACGCCGAAGTGGTGCCACGCGACGTCCCGGCTCGAATCGATGAGCGCGGCCCCCTGGGCCTGGAGGTCCTGGAGGAGGCCGGGGAAGAAGCGTTCCAGGATGCGGTGACCCGCGTCCAGCATCACGTGGACGTGCGTGCCCTGGGGAACACCTTTGCGCGCCGCGTGCGTGCCGGGGAGCGGGTCCCGCTCCAGGATGATGACTTTCTCGAAGTGGTCCGCGAGCGCGCGGGCGCTCAGCAGCCCCGCCATGCTGCCGCCCATGACCACGGCACGTCCAAAGCGATGTCCAGGCATGTCCACGTTTCAGGTCCCCTGCGTTCCATCCGACGTGCCCGCTTCGGGAGAAGGCAAGGCCATCTCCCGAAACCAGTCGCCGTCAGTGGGGACATTTCATGGCGTGGGTCTGACGTGTGCCGTTGGAATGCGCACGCGCTGCCCAGGCTGGACGCCTGCTCAAAGCAGTTCGCAGTCGGGGATGCAGTGACGCACGTTGATGAGCGTGCGCGTGCTCGCCATGCTGGACTGACACGCCGCGTACTGGGTCGCGGGCTGGCCGTTCTGACGCGTGTTTCCGCACTTCGCCGTACAGGCCTGCACGTTCTCGAACCAGTAGATGAGGTCTCCATTGGGGCAGTGAGGCGGGTGGCCCAGTCCCTGCTCGATGCTGATGGGGGCCTCACCCTCGGGGACGTCCATGTCGGCCTCTCCGCCACCGCAGGCGATGAGCGACAGGGAGAGACACGCGGTCAGCGAGGCGATGAGACGGGAGGCATTCATGGCTCGGCTCCTTCCAGGAGTGGAATCCAGAGATGATGCACCATCCCCGGCTTTCACTGAAAGCACGTGCCGAGTGCTGCCGCGGAGGACAACCGCACCAGCACTTTTCGTCGGGAGCACAGATGCCGCGGCCCGGTCCGCCGCAGCCGCGGTCGCATTGGAAGTCGAAGGAGGCTCCCAACCGCAGGCGATTCATCGCAAAAGAAGAGTGACAATGGAGCCTGTTTCACTGCGCACCGCGTTCTGTGGCCTTTCTCTCATCGCGGCTCCCGCTGCCTTTGCCTGGGGGAGCACGCATTCCATTCCGCTGTTCGAGTCGCAGATGGCCGCG
NZ_CP017174.1_gap18	850914	852226	1312	TCTCCAGCATCGCCACCAGCACCCTGGGCTTGTTGGTGATGCTGGTGCTGGCCAGCACCGTCTTCGGCCTGTCCTTCGCCGCGTACGGCGTGCTCTTCGTGCCCTTCCTGCTGGTGCTGTTCCTGTTCGGCATCGCGCTGGGCATCTTCGGCTGCGCGCTGGTGCTGCGCCTGGGCCCAGCGTCGGAGTGGTTCGTCTGGCCCATCCCCGCGCTGCTGTCGCCCTTCGCCGGCGTCTTCTACCCGCTGTCCACGCTGCCCGCGTGGATGCAGGCGGTGTCCCATCTGCTGCCACCCTCGTACGTGTTCGAGGGCATGCGCACGCTCGCGGCGGGGGGCGCGTTCCAGGTGTCCACGCTGCTGTGGGGGGCTGGCCTCGCCGTGGTGGAAATCCTGCTCGCGTGCGCCTTCTTCACGCGGGTACACCGGCAGGCCGTGCGCACCGGACTCATCGCGCGATACAGCGCTGAAAACGTGAGCTGAGACAGGACGTTTTCAGTCGTGCTGTCGACACAGTGAGGGCGTGCGCAAACGCGTGGCCGGTGGGGCCGTGGGCGAGTCTATTCTCCGTGGTGGCTGTATCCGCGGGGGGCCGAGTCCTGGACGAACCGCGCTTGTGACTCCAGATGCCGCGCCCCTGCCCGCGGACTGGTGTCGACATGTGCAAGGTGGTGGTTGAGGTCGTCGTGGAGGAGGCCCGGCGTGGGTGGCAGCACTCGCACACCCGAACCTGGAGCATACCGATGCGAAGCCTCAATCCTGTTTTCTCGTCCGCGGTGGTGATGGCCCTGTGCTCACTGCTCGCGGGTGGTTGTGGCGGTTCACCGTCGGGCGGTGAGTCCCCGGACACGCAGACCCCTCAGAGCGGCGGGCTGGGCGGCAAGGCCGGCGAAGGAGGCCCTGTCTTCGGCGACGAGCCGACGTACCCCGGGGACGATGACGCCACGCCGGGCAAGGTCACCATCTGCCACATTCCCCCGGGCAACCCCGCCAACGCGCACACCATCTCGGTGTCCACGTCGGCCTGGCCGGCGCATGAGCGGCATGGGGACACACGGGGCCCCTGCGACGGTGACGCGGGCACGGGCGGCGAGGAGCCGGATGCCGGCGGTGGCGAGGAGCCGGACGCGGGCACGGGCGGCGAGGAGCCGGATGCGGGCACGGGCGGCGAGGAGCCGGACGCGGGCGCTCCGGTGTGCGCGCCCATTGGCGCGGCCTGTGGTGAGTCTGCCGCCTGCTGCTTGGGGCTGATGTGCGGCGAGGACAACACCTGCGATCCCGTCATCGGCTGACGTGGATGAACGCACCTCCCC
NZ_CP017174.1_gap19	857549	862437	4888	AAGTAGGACCAGAAGAACTGGGCCGCCAGCCGCTCCGGGGTGCGGAACTCCTCGCAGATGAGGACGCGGCCACCGGGTGGGAGCGCGTCGCGCGCGGCCACGAGCAGCGCGCGCGCCGTGTCCGCGGGCCAGTCATGCAGCACTCGCACGAAGCAGAGCGTGTCGTAGCCGCCGGGCAGCGGTTCCCGGAGGAAGTCTCCGCCCTGGAAGCCCAGGCGCTCGGGGGAGAGGCCGAAGCGCTCGCGGGTGCGCGCCACCAGTGGCTCGGTGGCGGGCAGGTTGAACACGTCCACGTGAAGGCCCGGGTGCTCGCTCGCCAGGTGGGCGGCCAGCGTGCCGTCACCACCGCCCACATCGAGCACACGGCCGCCGCGCTCCCAGAGCCGGTCGTGATGGGCGCGGAACGTCTCCAGGATGGGGGGCAGGCCCGCGGCCATGCTGGCCTCGAAGCCCGCCACCTGCTCGGCGGTGCGCGGAGGCCAGTCGAAGGCGGCGGGGGGCATGGAGCGCTCACCGCGCAGCACCTGGGGCAGTTGCCCGTGCAGCTCGTGCCAGGCGTAGCGCTCCCGGTCCTTCTCCAGGGACTGCGGGCCCAGCACGGCCTGGGCGGCCGCGCGCAGGCCGGGGATGGCCTGGTAGCGCGCGGACTCCAGGGCGTCGGTGGGCTGCTCGCGCCGCACCAGCCCCAGGCTCTCCAGGCAGTCGAGCAGCTTGTAGAGCCGCACGGGCACCAGCCGGTGCCGCGCCGCCAGTTCTCCAAGGGTGACGGGGCCCGGCTCCAGGGCGTCCAGCAGCCCCAGGTCCAGGGAGGTCCTCAACACGTCCACGGCGCGGGCGCCGTTGTACAGCAGGTGGAGCAGTGCGCGAGGGGTGGTGGCCAGGGCCGTGGCCTCCCCCTTCATGGCTGTTCCACCTGCATCCTGGCCGCGTGCGCCATGGGGCAGCCGCCGCCTGGAGGGGCCCGGTTGGCGCCCGGGGCGATGCCGCCCTCGCGTTGCCACCCGGACGTCAGCTCCAGCCGCACGTCCCAGAGCTGGCGGAACAGCGGCAGCGTCATCCGCCCCGCGAGCACCTGCGTGGGCAGCCCATCCAGCGCCTTCACGGAGCGGTCCACGCCGATGGTGCGGCGCACCAGCTGGAAGTGGGCATGGAGCCAGCCCTGGAAGGCCTCGTCCATGTCCACCAGCTGCTCGCAGATTCGCTTCAAGTCGTCCGGGCCACCCGCGGTGTACACGGACGCCAGCGCCAGCCCGCGCCGCGCGAGCAGTCGGTCCAGGGCGCCTTCCAGACCCTGCGCCACCCGCCGCAGCATGTTGTAGCCGGGGGACTCCTGGCCGCTGCCGTTGCCCAGGCTGCGCCGGATGACCTGGTAGGTGTCCGGCGTCATCGTCTCCAGGATGGCCAGCTCCTGCTTCACCGCCTGGAGCACCCGGCAGATGCGCTCCAGCCGCGACGAGGCCGCCCACAGCGCGTCCCGGTCCAGCTCGGCCACGACTTCCACCGCCTCGCGCGAGGCCAGCTTCAGCCAGAGCTCCTGCGCCTGGTGCACCACCTGGAACATCAGCTCGTCGTGGGCGACGCGCTCGCCGTCCGGCGCCTGCAGCGACAGCAGCGTGGGTGTCTTGAGGTAGACCTCGTAATCGAGCTCGCCCTTGCCCACCCACTTCTTCAAGAGGGGGTTGAAGAGGGGTTCTGCCAGTTCGAGTCGTAGTCTTTCAGCGTAACTGTAATCGATGGACGCGCTCATGCGGCCCTCCTGAGTGGGGGGTAGCTCGGAAGGTGTGGAATCGCGGGCACCGTCCCAACGGTACCCGCGGGCATGTCATCCGGCGTTCAGGGGGCGGGCGTCGGGGTGGGTGGCCGGGGCTTCAGGTGGAAGGCGCGCAGGCGCTGGGCCAGCTCCTCGCCCTGCACGCTTTTAGAGATATATCCGTCCGCACCGGACGCGAGCGCCAGTGAGCGCAGCTTTGATTCGTCGGATGCTGAATAAAGGATGAACTTCGTCTTCGGCAGCGCGTACTGGCGCGCCAGGTTGACGACCTTGTCGCCCTTGAGGGCGGGGAAGTTCACGTCGATGAGGACGAAGTCCGGCTCCACCGAGCGGACGAGGTTGGAGACACCCAGCGCGGAGGTGTGCGTGAGCACCTCGAAGCCGTAGGCGCTCAGCGAGCGCTGTACGAGGTCGAGCAGGTCCGGGTCGTCGTCCACCACCAGGACGCGCGCTTTTTCTTCAGACATGGGTTCTCCCTAGATGCTTTCGAATCATCTCGAGCAACTGGTCACGATCAAGGGGCTTGGTGAGGTACGCGGTGCAACCGGCCTCGTGTGCCTTGTCCTGGTACTCCCGCCCCGCGTGTGCCGTCACCGCGATGACGGGAACATTGGCCGCGGCGGGTAGGGCTCGCAACCTGCGGGTGACTTCCCAGCCGTCCAGGCGGGGGAGCGACAGGTCCATCAGGATGAGGTCCGGGGCGTCGCGGATGGCGCGCTCCAAGCCGTGCTCGCCGTCCTCCGCTTCAATGACTTCGAAGTGGCCGTTGAGGTAGCGGCGGACGATGTCGCGGTTCTGCGCGCTGTCCTCCACATAGAGGATGCGGGCCAGCTTGCCGGCGCTGGCGGCGCGCTGGGACAGCAGCAGGCCCTTGGCCTGGGCGATGACGTCCTCCAGCGCGTGGCCGCCCTTCTTCACGAAGCCGGCGAAGCCGTCACGCAAGAGGGCCTCTTCCTCCGCGGAGAGCGTCTTGCCGGTGAGCACCACCACGGGCACCTGGAGCTTCTCCGCGCGCAGCCGGCGCAGGACTTCGAAGCCGTCCAGGTTGGGCATCATCAAATCCAACACCACCAGGGCGGGAGGGGAGACGCGCGCCTTGAGCAGGGCGTCCTCGCCGCTGCGGGCCTCGGAGGTGGAGAAGCCGGCGCGGCGCAGGTTGCGGCTGACCAGCTCGCGGGTGGCCGAGTCGTCGTCCACCACCAGCACTTCGCCCACGCTGGTGGTGGCGCCGGGGGCCTGGTGGAGGCTTCGCTGCACCACCTCCACCAACCGCTCCGGCTCCACCGGTTTGACGAGGTACTCGCACGCGCCCAGGGAGAAGCCGCGCGCGCGCTGCTCCTCCACGGAGATGAGGATGACGGGGATGCCGGCCAGCGAGGGCTCGCTCTTGAGCTGGCTGAGCACCGACCAGCCGTCCAGCTTGGGCAGGTGGATGTCCAGGAGGATGGCCTGGGGCCGCAGCTCGCGGGCCCGCTTGAGGGCGGCGATGCCGTCCTCGGCCACCACCACCTTGAAGCCGGCGGGCTCCAACTGCCCGGCCACCAGCTGCTGGATGAGCGGGTCGTCGTCCACCACCAGCACCGTGCTGCCCGGCTGCGCCATGGTGCCCACGTGCTGGGCCACTTCCGCCACGGGCACGCCGCGCTCCAGGTGCGGCCCGCCGCCGTTGTCCGGCGACTCCAGGGTGGTGGGCAGGCGCACCGTGAAGGTGGTGCCGCGGCCCAGCGTGGACGTCACGGACACGTTGCCGCCCAGCACGCGGGACAGCTCACGGACGATGGCCAGCCCCAGTCCGGTGCCGCCCACCTTGCGCGTGGTGGAGCCATCCACCTGGCGGAACTTCTCGAAGATGAAGGGCAGCTGGTCGGACGGGATGCCGACGCCGGTGTCCTCCACCGTCATGATGACTTCGCCGCCCGCGGGGACCAGGCTCAGCGACACCTCGCCCGCGTCGGTGAACTTGGCGGCGTTGCTCAGCAGGTTGAGCATGATCTGCCGCAGCTTCAGCGCGTCCGAGCGGAGCATGCGGGCGGACGGGTCGATGTTGGTGGTGAGGGCCACGTCCTTGCCCTTGAGGTACTCCTTCACCGTGGCCAGGCACTCCTCGGCCAGCTCCTGCACGTCCACCTGCTCGGTGACGACCTCCACGCGGCCGGACTCAATCTTGGACAGGTCCAGGATGTCGTTGATGAGCGCCAGCAGCGTCTTGGCGTTCGTCTTCACGACGTTGAGGTCGCGGCGGCCGTGCGCCGTCAGCCGCTGGCCCTCCTCGCGCATCAGCAGGTCGCAGTAGCCGATGATGCCGTTGAGCGGGGTGCGGATTTCGTGGCTGAAGTTGGCCAGGAACTCGCTCTTGAGGCGGGCGGCGGCCTCCGCCTCGCGGGCGCGCTCCTCCTCGTTGCGCTTGGCCACCGCCAGCTCCTGGGCCAGCCGGTCCAGGTCCTCGTTCTGCTGACGGATGATTTCCATCTGCAGCGCGCGCTGCTGGTAGGACGCCAGCGAACGGGCGGACACGGCGCGCGTGCGCTTGATTTCCTCCAGGCTGGCGGCGAGCTGCTTGTTGGCCGCCTCCAGCTCCGCCTTGGACGCGCGCAGCATCTCTTCATGCTGCTTGCGCTCGGTGATGTCCTCCGTGACGCCCATCACGTAGCGGGCCACGCCGTGCTCGTCGAGCAGGGGCAGCTTGCGCGTGGCGAAGATGCGGTCCACGCCGTCGGCGCGGGCCACCTCCTCGAAGGACCTCATCTGCTTGGATTCGAGAATCTCCGAGTCGATGGCGATGAACGACTCGGCCTGCTCCTTGGGGAAGTAGTCGTGGTCCAGCTTCCCCAGCAGCCACTGCTTGGTGACGCGGAAGGCGTCCGCGAACGTCTTGTTCGCCACCACCAACCGGCGCGTCTGTGCGTCCTTCACGAAGAGGACGAACGGAATCGCGTCGATGATGTTTTCCATCAAGTAGTTGGTGCGCTCCAACTGCACCGCGGTGGCGGTGTGGCGGCGGCGGTCCGCCGTCATCCGCAGCTCGCGCTGCACCACGGGCACCAGCCGGCTGAAGCGGTCCTCGGTGATGTAGTCGAGCGCCCCGGCGCGCACGCTGGCCTCCAGCGTGTCCTCGCT
NZ_CP017174.1_gap20	868967	872139	3172	TCATCGACGAGGCGCACCACCTCAAGGGCGAGCGCGCCTTCGAGGCCGCGCAGGTGCTGGCGAAGAACACGTGGGGCCTGTTGCTGCTCACCGCCACGCCCATGCAGTTGGACCCGGCGGAGTACCACGGCCTGCTCACCCTCATCGACGCGGCCACGGCGCCCTCCGTCGCGGGCTTCGAGGAGCGGCTCAAGCGTCAGGAAGAACTGTCCGCCGCGGTGCGCGCGCTGATGGAGGGTGGCAAGCCGTCCGCCGCGGTGCAGGCGCTGGCGAAGCGCTTCCCCGAGGACGCGAAACTGTCCTCGCTGAAGGACCGCGACGCGCTGCTGCAACACCTGTCGGAGACGTACAGCCTCAGTGACCGGCTGGTGCGCAACCGCCGCGCGGTGGTGGGCGGCTTCTCCACGCGCCGGCTGCACCGCCACCCGGTGACGCTGCCCGCCGAGGAGCTGAAGGTCCGCGACGCCGCGCTGGCGGTGCTCGCCGGGGCCAGCCTGCGCGGCGCGCCGCTGGGCAACGTGCTGCGCCGGCTGGAGTCCAGCCCCGCCGCCTTCGCGGGCGCGGTGCGCGCCAACCCCGTGTTCAAGGGGCATGCGGACGCGCTGCGGTTGCCGTCGCGCGACGCGAAGTTCGGCGCCTTCCTGGGCGTGCTGCGCGGCGTCTGGAAGTCGGAGCCGGCGGCGAAGGTGCTCGTCTTCACGGAGAGCCGAGACACGCTGGACGCGCTCCAGTCCGAGCTGGGCCGCGAGGGCGTGGAGGCGCTGGGCTACCACGGTGATTTGCCCCTGGTGGAGCGCGACCGGCAGGTGGCGCGCTTCCGTGACCCGGAAGGGCCCAAGGTGCTGCTGTGCACCGAAGTCGGTGGCGAGGGCCGCAACTTCCAGTTCGCGCACCACCTGGTGCACTACGACCTGCCTTGGAGCCCGGCCACGGTGGAGCAGCGCATTGGCCGCCTGGACCGAATCGGCCAGACGCACCCGGTGGAGATTCACGTCTTCGACCCGGCGGGCACGCTGGCCTCCGACGTGCTGATGCTGCTGGCGGACGCGGTGGGCGTCTTCGGCGAGACGGTGGGCGGCCTGGACGCGGTGCTGGAAGAGGTGGAGGCGCGGCTGGCCGAGCTGGCGCTGATGCCGCGCGAGGCCCGCATGGCCTACGCGCAGGAGCTGAAGGCCCGCGTGGAGGCGGCGCGCGCGCAGGTGAAGCGCGCGTATGACCCGCTCCTGGATGTGCGCAGCTTCGACCGGCCCGCGGTGGAGCGCCTGGTGAAGCGTGCGCAGGAGCGCATGGGCATCGAGGCCGACGAGGAGGACGAGGACGGCGAGGCGGAGGCGTCCGGCGTGGAGGATGGCCTGTGGGGCATCGCGCGCGACCTGGACGAGCGGCTGGAGGAGACGGTGACGGAGCTGGCGCGCCGGGTGGGCATCGGCGTGGACACCGACGAGCAGGTGGAGGCCTTCCAGGTGGCCTTCCAGTTCGGCCACGCGCTGAAGGTGGACGGGCTGCCGGGCATCGACGTGATGGAGGACCGCACGCAGCTGGGCACCTTCTGGCGCGACACCGCGGTGGAGGCGGAGGAGCTGGAGTACTTCGCCACCGGCCACCCGCTGGTGGAGGCGCTCTTCGGCTTCCTGCGAGACGGCCCCTACGGGCGCAGCGCCTTCCGCTTCATCGAGCGGCGTGGACCCCAGAAGGGACGCGGCGTGGAGCTGCTTTTCCACGCCCAGTTGCCGGAGCCAGAGGACACGTCCCCTGGCGCCCGGGTGCCCAGCCGCCAGCTGGCGCGCTTCCTGGAACGCACGCTGCTGCACGTGGCCGTGGTGGACGGCGCCGGCGGCCCCAAGGCCGACACCGCGCTGCTTCCCGCGCTGGAGACGGAAGGGCGCTCGCTCAAGGGCGACGAGGTGGCGCGCGCCTTCCCGGGCTTCGCGGACTTCGTGGACGCGGCGGTGCCCGTGGGCCAGAAGGCCGCCGAGGCGGAGCTGGCGAAGCTGGCCACCCGGGCGCGCAAGGCCATTGAAGCCGAGCGCGACGCCGCCGTGGCCCGCCTGCGCTTGTCCCTGGGACACCAGGGCCTCTCCACGGAGGCCGTGGAGGCGCAGCTGGACGCGGAGCGTAACCACTACGCCCGGCTGCTGGACGCGCTGGCGGGTGCCAAGGTGGTGCTCGACTCCGCCTGCGGCTTCGTCCTCAACCGCTGAGGCGCCCCGCCCAATGTCCGCCTGTTGACGCGCGATGTCGTGTTGCTGGGACTTCCAGAGTTTCTGCTTTTGTTCTCCTAGTGAAATCGCGCGTCTTCAGGATGGCGGGCCATTTGACCGATTCCTCAATCAACGAGAAATAGGATGGTGGAGGCTCGCATGATCCACCGAGGCACCCCACGCACACGACGTCAGTCGGGACAGGCCGCGGTGGAAGCGGCGCTGACCCTTCCGCTGGTGGTGTTCCTTGTCCTGGGGACACTGCAGCTCTTCATGATGCTCCAGGCCCGCATCCTGGCGCAGGTGGCGGCATACCGGGCGGTGCGCGCGGGCAGCATCAACCACGGCAACTGCCTGCCGATGATGCACGCGGCGCTGGTGACCATGCTGCCCACGGTGGCGCGCACGGACAGCGCGGAAAACCTGGCGGCGGCCTTTTCCCCCCGCCGTCACAACCAATTCCGGGTGCGCAGCTCCTACGGGCGCGACTTCAACGAGCCGTTGATTGAAATCGTCCGGGAGTCGCCGGATGCCGGCTGGGCGCAGGAGCTGACGGGGGGCGAGGACCTGCTCTTTGATCAGCCCACGGACAACGCGGCGGCGCTTCGGGCCCGCACGTTGGAGATACGCATGGTGGCCTGGTACTACATGCGCGTCCCCTTCGCGAACTGGGTGATGAGCCGCATGCTGCTGGCCCACTTCCGGCTGCGGCGCTACACGGCGGCCAACCCGCTGATGCCGGTGCAGCGCCGCTCCGCGTGGTGGGGCGAGACGAGCGCCACGCTGGGGCGCGACGGTTGGCCCGGCGGTGATTTGGGCACGCGCATGGTGCGCTGGAGCGACGAGGGACACTTCGTGTTCCCCATCCAGGTCAACGCGGCCATGCGAATGATGACGCCCGTCATGTCCGAGTACTTCATGGGAGGTCCCGCGTGCAATCTCCACGGCTCGTGAGGCACTCGCGGCGAGGC
NZ_CP017174.1_gap21	874353	877126	2773	GGCCAACGGTGCGGGTGGCAACGACGGCTCCGCGCTGGCGGTGCTGACCGGCGCGGCTGGCGTCAACGAGGACCAGTTCTTCATGAGCTTCCGTGGCGAGGAGAACAACTACGAGGAGAACCTCGGCTCCACGCACGCCGGCGGCCAGACGCGCTGGGAGGTGACGCCCTTCGACGCGCCCAACATCCGCTCGCACAACGTGGGCCGGGTGAACCATTGGCTCGGGGTGCCGCGGTGACGTGGCGCCGGGGGCTGCTCGTCACGGCGTGCCTGCTCGGCGCGGCGCCGGTGGTGGCCCAGGGCACGGCGGCGAAGGCACCCGTGGCTGCACGGGGCTCGGCAAGCAAGGCACCCGCCGCGTCTCCGGCGCAGCCCGATGCTTCCGCGCGGCCGCGCTTCGCCTGGCCCCGCGTGCAGGTCATCGACACCGTCGAGTCGAATGAAATCGTCGAGGCAGGGGGCATCCCCGTCGCGCTGCGCGCCGTGCACGCGAAGGAGCGGATGGATGACCTGGTGCAGCGCTTCGCGGACGCCTTCATCCAGGCGGGCCTGCACGTGCCTCCGGGGCATGAGCAGCCGCAGCTCGCCAGCGGCGCGGTGATGCTCACCGCCATCGACGGCCACCGGGGCATCACCTACACCGTCATCTTCCAGCCGCAGCCGGACCGCACCACGAAGATGTACCTCGGTGAGGCCAATCACGCCCTGCGCAGGGACCCGGCGGCGGCGGGGGACTTCGCGCCCATGCCGCCCCAGGCCAGCCAGGTGCTGCGCGTCAACAGCGAGAGCTCACGGACGCTTGCCTTCCATGTCCCCCTGTCTGGCGAGGCCGTGGACGCCTTCTACGCCCAGGCGCTCACGCGCGCGGGCTGGAGGCTGGAGGAAGGGGAGACGTCCTTCTACGTGCGCGCGGGCGAGGAGCTGCGCGTGGTCCACGAGTCGGGCGAGGCCAACCTGCGGGCCGTGGTGCTGGTGTACCGCGGCGGACGGAGCGTGCCGCCGCCGCCCGGGCCCGCCGCCGTCGTGCGCTGACGCTCAGGCGCGCAGCTTCTCGCGCAGCGCCTTGGCGCGGCCCTGCATGTCCGGATCCATGCTCGTCAGCTCAACGGACTTCAGGCGCTGGTCCAGGCTCTGCGGCACCTTGGTCTTCAGCTTGCCTTCCTCCCCGAGGACCTCCAGCTTCGCCAGCGCCTTGTCGACGATGCGCTCGCGCGGGTGGTCCAGCAGGCTGTCGAGGAAGTACGCGTCCTCGGGCAGCTCCGGGTACTTCTCCAGGTAGTCCACCACGGCCTTCACCCAGTCGGCGCGCGTCTCGGACTCCGTCACTTTCTGCATGGCCTGCTTCTGGGCCTTGCGCTTGCCTTCGGGGTCGAACGTCTTCGCCAGCCCCTCAGGCAGCTCGCCGCCGGTGAAGAGCGCGTCCGCGGCGGCCTTGTACTTCTGGTAGCTCGCGCTGCGCTCCAGCTTCTGCTGCGCGGGGTCGTCCTGGCGGGAGGTGTACTTGCTGCCCTTGCCGCGCCCCGCGTCGATTTCGCGCCAGCTCTTGCTTCGCTTGCCGGAGAAGCCGCCGCCGCCGTTGTCGTCCCTGTCCTTGGCCATCCTTCATCTCTCCTTGCGAGCGCCCCACAGCGCCGCCAGTCCGCGATGGACGAGGCGCCGCACCACCTCCAGTTCCTGGGAGGACAGGGGCTGCTCCTCGTCCTGCTCCGCCTCGAAGAGCGCCTCGTCCGCGTAGTCCTTCAGCGGCTGAGGCACTGGCGGGGCATCCGTGTCCGCCTCCAGCACCGCCGGCTTGATGGACGTGAGTCCCGGCGGCCAGCCCAGCTCCAGCATGGCGTACAGCTCGAGGAGCAGGTGGCGGGCGACGCCATATCCTTCGTCCGTGAGCGCCGCCGCGTCAAGCGCGCCCAGCAGCGCGTCCTGCCGGTTTTCGAAGGCATGGGTGAAGCGCGTGCGCGTCTTCTCGTCGTCCTCCAGGTAACGCCAGGCGGCCTCCACGAATTCGCCCGAGGGCGTCCCCGGGTGGAAGGGCGCGGGCGCGGAGGCCTTCACCTTTTTCGGGCGGGGCGGGCGGGCCTCGTCTTCCAGCCGCACGTGCTTTCCCTCCGCCACCAGGTCCCAGAGGCCCAGCAGGTTCTGGTACAGGCGCCGGGCGATTTCGGGGGAGGGGAAGCGCGGCTCCTCGTCGAACAGCGCGGGGATGACGTCGCTGGGCGGCGTGCCGTCGGCGCGGGCGTCCCGCATGCGTTCGAGGACCTGGGCGCTGTCCAGCCCGCTGCCGGCCAGGTCCAGCAGGCCGTCGAGCGTCTGGGCGCCCTCGAAGTGGCGTTGGAAGTCATCACCTCTGTCGCGGGAGCGGCTCATGTGGGCGGGCACGCTAAGCACAGCGGGCGGGCGGGCGCACGCGGCTTCATGACTCGCCGGGCCATTCGCCCATCAGTTCGTCCTGGCGCTCCTTGGGATTGGAGGTCCACGCGTAGTCTTCCGGGACGTGGCCGCCTCCGTGCGCGGCCCAGCCATCCCAGCTCACCTGTGCCTTCATGAAGGCGTCGGTGGGTTCGTCAGTGACCTCGGGGCGGTTGGCGGGGACCTCGAAGGGCGTCTCGATGGGCTCATCGGGAAGGGTGATGGCCATGGCTCAATCCTCCTGGTGTGAACAGTAGGGAGGCTCCGGGTGCGAGAGGAGCGGGGCTGCCAGGCAGACGAGCAGCGGGTCGTCTTCCGTTTCGGGACCTTCGCACCTAGTCTCCGTTCACAAATGGCAGAAACCTCC
NZ_CP017174.1_gap22	925998	929057	3059	AAGGTCTGGTGGAGAACGCTCGCCACCTATTCCGGGCCCAGTCGGAGTTCCGCACGAAGTATCAGTCAATTGGCGACTGATCAGCCTTTGTCGAGCGTTCTGATTGTCGCTTCACCCCTTTATGTCGCCGCAGTGGAAGATGACCTCACTCAAGCGGCTTCTCAGCTCCAACACCCTGAGCGCTTGGTCATCGTGTCCTCACTGGCACCATTGGCCAGAGGGGGCTTGGCCAGGCATTGGATACCTTCCAGTGCCCAGCATCAATCGCGCTTGGGAGGTTCTCGGCTCTCGCTACATGCTCGCGTTGCTCGGGAGATTCTCCAGTCGTCACGCACGCCCTATTTGAACGCGAGAACGCTCCAGGCGAAGTATGAGCGTTTGATTGCGCAGAGTACTCCACTGCGGCAGTACACGCGAAAGCCGCTGACCGATGCTGAAGTGCGCAGCTTCATTCGCGAGGCACTGTCGCAAGGAGCAAGCTCGTGGAGCGCGTCGTTGCGCATGCTGCGGGCTCAGCAACTCGCTTGTGAGCAAAGCCGTTTCAAGAGTCTGTTCTTTCAGGTCCAGGGGGGATTATGAAGAGGGTCAAGCGCAAAGTCATCGAACGTCGTGCCATCCGTGTCATCCAGACGCCACAGCATCCACTTTTCCTTTTTTCGTTGAGTGCCAAGGAACTGCTGCAGGTGGCGGAGGTGTCGCGTGTGTCGCGCGACTCTGAGGGGCGCCTCCTTGGATATCAACGGCCCGAAGTGAAACGGCACGTTCGCAACATCGTTGACTACCTTGATAGCGAAGAGGTGATCTTCCCTAACTCGATCATCCTTGCGCTCTCGTCATCGGTTGGGTTCAAGAAGGTTCGAGGGCCTCGGGTCGATGACAAGTGGGCTGAGGCTGGGATGTTGAGCATCCCTTTGCCTCGGGTAGGGCAATCCAAGCCCGCTTGGATTGTGGACGGACAGCAGCGGGCATTGGCGCTATCTCAGTGCCGGCGACAGGACCTTCTGGTCCCTGTGAATGCCTTTATCGCGGATGAAGTAGACCTCCAGCGTGACCAGTTCCTGCGGGTCAATAACACGAAGCCGCTGCCTCGTGGCCTCATCACGGAACTTCTTCCGGAGGTGTCAACCCTCCTGCCGCCGAACCTGGCGGCGCATAAGGCCCCAGCAGCTCTCTGTGACTTGCTGAACCGAGATCCGGAATCGCCCTTCAGGGGGCTTATTCGCCGCCCGTCAATGGATGCGGTTGCGCGCCGCAGCGCGATTGTAACGGATATGGCGGTGGTGAAGATGATCAAGGACAGCCTGTCGGGGATGACAGGCTGCCTCTTCCCCCATCGAAATGTCGCTACTGGAGAGACGGACTTTGATTCGGTCCATCGGGTTTTGCTCCTCTATTGGACGGCGGTGAAAGACGTCTTTCCAGGGGCGTGGGGGCTTCCGCCAGCGCGGAGCCGCTTGATGCACGGGGCAGGTATCGGCGCCATGGGGCGACTGATGGATAGAATCATGAGCAACATCGACATCAATGATGCTCAGTCACCGCGATTTGTCCGCTCGGAGCTCTCGCGGATTCGTTCCGTATGTCGTTGGACGGACGGACAATGGGACGAAACAGGGATGGCCTGGAATCAAATCCAGAACACGCCCCAGCACATCCGCCTTCTTTCAAATGTTCTTCTTCGTGCGTACACGAATAACCGCCGGACGGCCGCGTGAAGTTCTTTTTCCCCGATAGCCAGGACTTGATTGACCCGAGCTTTGACTTCGCGCGTGAACGGCGCTCGACGACGCGCAAGCGGCAGAGAGATGACCTCTATGCCCACGAGGTCTTCGCTTCGACCCCCTTTGATGGGTTTCTGGTTTCCAAGGGCATCGTGGACGGATATGGCGCGCTAGGTAGTCGCTACACGCTCGCGCAACGCCACAGGTTGCTCCGCTTGGGTGCCCCCGAATTCTTCCGCATTGACCAGGCTTCACGGAAGCTCTCGATCATGGGCGACTGTGGTGCCTTCACCTATGTGAAGGAGGATGAACCGCCCTATTCCGTTGAGGAGGTACTCGACTTCTACGGGAATTGTCGCTTTGACTATGGGCTCTCGCTGGACCACGTCATCCTGCTCTACAAGCCAGAGGCAGATGCTCGGGATGCATCCAGGGATCTTGTTCCCGAGGCCATGCGTGCGCGGCGGGAGTTGACGTTGCGGCTTGCGAAGGAGTTCCTTCAGAAACACAAGTCTGGGAGGTACTCCTTCGAGCCCATGGGCGTCGCCCAAGGGTGGAGCCCGATGTCCTATGCAAGTTCGGTCAAGGACCTGCAGAAAATGGGGTATCGCTCAGTCGCTCTTGGAGGAATGGTTCCGCTGAAGACTCCAGAGCTTCTTTCGTGCCTCCAGGCCATCCATGACGTCGCCAAGCCAGGATTGCAACTCCACTTGCTGGGGATTACCCGGACCGAGCATCTGAAGGAGTTTGCCAGGTTGGGTATCACGTCATTCGATAGTACGTCGCCCCTTCGGCAGGCGTTCAAGGACGATAAAGATAACTACTATACGCCCGGGAAAAACTATACAGCGCTTAGAGTTCCTCAGGTTGAGGGTAATCCTGCACTACAGCGGAAAATCTCCTCGGGTGAGGTGTCCCAGGATGTCGCACGAAAGCTGGAGAAAGCCTGCCTCGAAGTCATGAGACTGTTCGATGCGGGCCAGCGTACGGTTGAGGAGGCGCTTTCCGTACTGATGGAGTACGAGCGCTTCTATGATCCGGGCTCAAAGAAGATGCATGAAGCGGCCTACCGGGAAACGCTGACGGACGCTCCCTGGCGCAAGTGTCCCTGCGATGTGTGCCGCGAATTGCGTTACCACGTCGTGCTCTTCCGCGGTGCTGAACGGAATCGCCGGCGCGGGTTCCACAATGTCTGGACCTTCCATAGGCAACTCGAGAAGCAGCTCGGACTGCGCCAGGGTAGTGCCGCCTGAAGACTACGAACTGAATCGGACCTGCTATGCGAAATGAATTGAGGCTTCCCGCAATTGAAGTGAAGCAGTCTCCGGGGAAGACGCT
NZ_CP017174.1_gap23	930166	932134	1968	GTAAGTGAATACGTGTTGACCAGAGGTCGACCACGAGGCTGCGGGCGAAAACCTCGCTGACATCTATGTCCTGGAGGCCACCTGCGAGGCCAACCACATCAACCCCGAGGTGTACCTCGCCGACGTCCTGCTGCACGTGCAGACGCACCCCAGCTCACGCATCGGCGAGCTACTGCCCCACGAGTGGAGGCGCCGGCACACCACCGGCCTGCCCGACTCACGCATCCAGCCCAATCGCTGAACAACTCGCTCATCGCGGCGCTCGCCGAACACGGTCCTCGTCGGCCTGCAACCGCTTCCGCCACGTCATTGGCCAGACGCTTGTATTCGCCGAGATCATTTGCGAACAAGCCGTCTTTCGAGAGGTGTTCGGCCTCATATGACTCAAATGAGGGGATGGTTCAGGGGCTGATTGCGAATTTAGTGGTTGAAAAGCCTGTCGCGTGCTTGTGAGTTTAGGACTTTTTTTCCGTCCAGTAGCGTAATGTGACCAGCGGGAGTTGTTCGGTAGAAAAGAATATGGATGATTTCCTTGAAGTACTGAGGCACTGCATCCCATTGGCTGAGTGTCGCGCTGGAGAGAATTAATACTGGAGAAACGTGCCTGATGTCGCAGTCGCGATTGAAGCGATCGCAAATGGAACGAGCATGTTGATAGTATCGAAGAATCTGTCCGTGACCGCGATCGTCGAGATAGCCGAGTTTGATCTCTATGGGGAATAGCGTTCGATTGTGGGGTCCACCCAATGCAATAATGTCAACCACTGCCTCGGACGAGACTAGTCGAGGCAAAAGCCGTTGTGCGAAGGGGGTTTGAGCATTGTCGCATTTTCCGTGATAGTACTTCTCGGCCAGAGAGATGCGCTCAGTTGCGTCTCCCCAGGATTCGTCCCAGAATTCGAACAAATAGCGGTGTATGAATTCTTCGCGGCCGGATTTCGTTGCAGAAATGAGCTTCGCCAAGAAGCCCCGTATTTCATCTTTGATGTCTGGGGCGGATGGAATCTCGGCGAGGGCAGACGGTATTTGTCGGGAAATTATTAGGGCATATTCGATTTCATCTGCGCTGGGTTGTCCAGTGTAGATTCCTGGAAATGCCGAGCGAGAAATTAGATATTCACCTTCGTCTAGTTGCCTATTGGTTCTTAGGCATCTCCGAGTTTGAGCCGCATTGAGTAATAGCTCAGTCGAAAGCATACTATGTTGCCGAGTTTGGGCTAGCCGAGATCAGGAATTCATGGTCTTGGTCGGTGCCATTAAGTGCCGGATAGGTGGCTTTTAGATGAATCGAGAATGGGGCGGAGGAGTCGTTTTGAAATTCTGGCACAGTCACTTCGAAGAAGGCCCGCCAGCGGACAATGTCCTCGTAGGTATCATCGGCGTATGTTGCATCGAAAAGCACTTCGATAGGGCGGATGCTCTTGGGGCCTTTGCGCGATGCTGCCTTCCAATCCGGAGTGGATGTGAGCGCCAGGCTGATGTTGGCATCGCTAGGGACCTCCCCTTTGGGCATGTAAAACCATAGCTCAAAAGCTTTGGTCGTTGAATGAGTACGCGAGACCTGCCAGTGAAACTTCGGGGTTTTCGCTTCGAGCGAAATAGGGGAGTCCTCTGATTTCAGAAGTAAGCGCGGGGGACGATCGAGATTGAGCCTTGTGTGTAGATATTGGTGAAGTTTTTTGATGTTTTTTGTCTGGACCTGAACGTTGATTCCACCATCTTCAGTTGTGGATGCGATAGGGATGTCGGAGTCGTCTTCCTTGGTGAATAGGGCCCTGTTGTCTCGCTGGAAAAATTTGCCGGACAGGGGGATGACGAGATCTGTTTGGAGGCGATCTATAACGCTTTTCCAATTTGGGAGCTTCCGGATCTGGCCGCCGATGCGGCAGAGCGCTTTGATTGTGACGTTGTGGTTTGAGATGTCCCTTTTTCGGAACTCGTGGTTTCGCTGGATGGCAGTGGCTCGGG
NZ_CP017174.1_gap24	1052583	1056876	4293	GGCCGCAACGGCCACACGCGCATCAACAGCCCGAGCGCGGATGCCGCGGACAATATTCGTTGGGGCGAGCTTCGGCAGATGATGGCGGGCGCGACCACCATGGCGGGCGCGGGCGGCCAAGCCGGTCTGCTGCGCAACGTGGACGTGACCAACGTCGCGCTCCAGGAAGGTCTGGACGAGGGCGTGGTGGACTCCGACACCTTCCCGCTGGGTGACACCAGCGGCAACCTGATTGCGTCGGGCTGTGGCTACGGCTCGATGCCGACGACGAGCTCGCTGCCGCGCTCGGCCGCGTACCTGCCGCACATCTCCGAGGGCATCTCCACCGCGGCGCTCAACGAGTTCCTCTGCCTGTCTACGGGCCAGAACAACGTGATGCAGCCGCGCACCGCCGTCATCCACGGCATCGGCCTGACGGCGAAGGAGATTCGCGTCATGGCGGAGAATGGCACCGGCCTCATCTGGTCGCCCCGCTCGAACATCTCGCTGTACGGCGACACGGCCATGGTGACGGCCTACAAGAACCAGGGTGTCACCATCGCGCTGGGCACCGACTGGCTGCGCTCCGGCTCCATGAACCTGCTGCGCGAGCTGCAGTGCGCGGACTACCTCAACACCTCGCACTACGCGCGGACCTTCAGCGACGAGGACCTCTGGCGCATGGTGACGTCGAACGCGTCGGACCTGGTGGACACGTTCGAGAAGACGGGCCGCATCGCCGAGGGCAAGGTGGCCGACCTGGCCATCTTCCAACTGCGCACCTTCGCCCATTCGCCGCACCGCGCGGTCGTCACCGCCAACCCCGAGCACGTGGTGCTCACGATGCGGGGTGGCAAGGCGCTCTACGGTGACCAGGCGCTGATGGCCGGGCTCCGCGGCGCGGATACCTGCGACACGCTGGACGTGTGCGGCGCCTCGAAGGAGGTCTGCCTCCAGTCCGAGATTGGCAAGAACCTGGCGGCGCTGACGTCGGGCGCCACGGCGAAGTACCCGCTGTTCGCGTGCGGCACGCCGGAGAACGAGCCGACGTGCTCGCCCCGCCGTGCCTCGCTGGACTCGCGCTGGCCGGCTGTCGTGAACAACTCCACCAGCTACACGGGCGAGGTTCGCGCCGCGGACAAGGACGGGGACGGGCTGGTGGACTCCGTCGACAACTGCCCTGCCATCTTCAACCCCATCCGCCCCATGGACAATGGCAAGCAGGCGGACTCGGACGGTGACGGGATTGGCGACGCGTGCGACCCTTGCCCGCTGGAGGAGGGCAATGCCTGCACCACGTTCACGGTGGGCGACGATGACCACGACGGCATCTCGACGTGGCTGGACAACTGCCCGTTCGTGGCCAACCCGGACCAGGCGGACGCGGACGGCGACGGCAAGGGCGATGCGTGCGATACGTGCCCCAGCATTCCGAACCCGGGTGACCTGGGCTGCCCCGCCACCATCCACGAACTGAAGACGCGGGTGAACGGCAGCCTGCCGCTGGTGGGCAAGCCGGTGTCCGTCCTCGACGTCGTCGTCACCGGCGTGGTGAAGGGCGGCGCGAGTTCGCAGGGCTACTGGGTGCAGACGTATCCGCTGCCCTCAGGCACGAGCGTGGATAACTCCGGTCTCTATGTGTACTCGCGCAAGGGTGATCTGGCGGTGGGTGACCGCATCGACATCACCACGGGCGTGCTGGTCCTCTACTTCGGTCTGCCCGAGCTGACGGAGGTCAAGTACGTCAAGCGCAGCTCCGGCAACGAGGTGCCTGCGCCGGTGGTGGTGACGACCGCCGACATCCGCACCGGTGGCCCGCGTGCCTCCGCGCTGGAAGGTGTGCTGGTGGAAGTCCGTGACGTGGCGGTCAACACCGCGGTGGACGAGTTCGGCCAGTTCCTGGTGAACGAGTCGGGTGACGTCGGCCAGCCGGGCCTGATGATTGACGACCAAGCCTATGCCTTCCCGGTGCCGTCCATCGGTACGCGCTTCGGCGCGCTGCGCGGTGTGCTGACGTACAACTTCAACGACTCCAAGTTGGTGCCGCGCTTCCAGGCGGATATGCCGCTGCCGCCACCGTCGCTGACGGGCTTCGGTCCGGACGGCTACGTGCGCGTGGGTGGCACGGGGCCGGTGAGCACCTTCCCGCAAGCGCTGACGCTATCGCTGTCGTCCGCTTACGCGGAGGCGCTCGACGTCGTCATCACCTCCTCCAACGTGAGCGTGCTGAGCGTGCCGGCCGGCCGCATCACCATCCCCGCGGGTCAGACGTCCGCGACGGTGCAGGTGAACGCGGTGGCGCCCGCGCAGAGCGTGACGCTGACGGCCACGCTGGGCGGCTCCACGCAGACGGCCACCGTCCGGGTGCTGGCTGCCGACGAGCAGCCCGAGGTGGTGGGTGTCACCCCGGGTGACGTGACGATGGTGCCCGGCGGCGAGGTGGTCTTCACCGTTCAGTTGGACCGTCCGGCTCCCGCCAACGCCACCGTGGCGCTGAGCGTGAATCCGGCGACGGGTTTCGGCACCTTCGTTCCGGCGAACGGCACGCTCACCGTGGCGGAGAATGCCACGGAGGCGGTGTTCTCCTTCATCGCGGACGCGGCGGCCACGGCCACCGAGCCCGGCACGGTGACGGCGAGCATCGGCGCGAGCAGCGCGAGCGCCACCGTGACGCTGGACCAGAACGCGCCGCGCCTGACGGCCCTGTCGCCGTCCGCGGCGGTGACGATTCCGGCGGGCGGGACGCAGACGTTCACCGTGACGGTGGACCGTCCGGCCGCGCAGGACACGGCCGTGGCGCTGGCGGTGGTGCCGGGTGCGGGCGTGCAGAACTACGGCACGGTGCCGGCCTCGGCTACGATTCCGGCGGGCGCCACGGAGGTGACCTTCACCTTCACGGCGGACGCGCAGGGCGAGGGCACGGGCACGGTGTACGCCACGCTGTACGGCATCACCCGGACTACCGAACTCACGGTGCTTCCGCCTCCGCCCGCGCTCAGCGCGGTGACGCCGGCGGTGGCCACCGTCTACTTCGGCACGCAGCAGGTCTTCACGGTGGCGCTGGATCGCCAGGCGCCGACGGGTGGCATCACGGTGGACGTGGCGCTGCAGCCGGCCACGGGCATGGGCGAGCTGTCGAGCTCGACGGTGAGCATCGCGGAAGGCCAGACGACGGGCACCGTGACGTTCACCGCGGGCGAAGAGGACGCCCAGGGACGGCTGATTGCGTCCTACGCGGGCGTCACCCGCGGGGTGGACATCACCATCGCGGAGCGTCCCGCTGTCGGCCATATCGTCATCAGTGAAATCTCCGCGCGCGGCGCGACGGCTCAGAACGATGAGTTCATCGAGCTCTACAACCCGACGGGCGCGGACATCACGCTGAACGGCTGGAAGGTCCAGTACAAGAGCGCTGCGAGCACGGCGAACTACTCGGGTTCGGCGGACATCCCGGACGGCACGGTCATCAAGGCCTACGGCTACCTGCTGCTCGCGCACAACACGGGCTACACCGGCACCGTCACCAAGGACGTGGGGTATGGCTTCGACATGTCGGCTTCGGCGACGGGTGGCGGCCATGTCCGCATCGGCCCGAACCTCACGGCGGACAACCTGGATGACCCCAACACGGTGGACAAGATGGGGTACGGCAATGCGAATCAGCCGGAAAAGACGCCGGCCCCCGCCCACCCGGCCGCCGGTGGCAGCCTCGAGCGCAAGGCGCGTCCGAACTCCACGCCGGAGACCATGGCGGAGGGCGGCTCCGATGCCGTGGCTGGCAACGGCCACGACACGGACGACAACGGGACCGACTTCATCGTCCGCGCCGCGCGTCAGCCGCAGAACTCGCAGAGCCCGGCGGAGCAGCCGTAACCGTCAGGCAACCCGGAGACGGGGCTGAAATGCCGACCCTGTCTCCGTGAAGTCCAGAACGGGCGGAACCCTGACTTGGGGTTCCGCCCGTTTCTTTTTGGCGATTTGACGGTGCCACCCCTTCTCCCAAACGAGACGAGCCGTCTATCAAATGAGACGGTTCGCGACTGCCGCTCACCGGGGGCCCTCGTTTGTCGCGGCGCACCGGGCAGGACTACTGAACTTCAACTGCCCTGAGAAAGCGCCCGTGCCAGCCCTGTCGACCGCAGCTCCTTATGGGGCCTTGAACTCGCGCATCCTGCCCTTGCTCTTCCTACGACGCCCGGAAGCAGGGGGGCCGCAGCGTCGGAATGCCACATGACACGGAGTGCGAGCGGTGGCTTGTTCATACTCCCTCTGTGTGTGGCGCCTGAGTTGCATTACTTCCGCGGAAGCATCCAT
NZ_CP017174.1_gap25	1251765	1256514	4749	GAGGGCGCCCAGCCGCTCCGTGACGGCGGCCGCGTCGGGAGACACCTCGTCGTAGGGCAGTACCTCGTCCGCGGGCAGCCGCAGCACGCGCGGCGCCAGCAGGCTGCCTTGGCCGCCCAGGAAGAAGGACAGGTCGGCGGCGAGCGCGTCGGCGGCTTCCTCGTCCACCGCCACGCAGACCAGCGGCGCTTTCAGCGCGCCATGCAGGCGGGCGAGCACATGCCCGCGCGCGGCCCCCTTGAGCCCCTGTGTCCGGACGCGCTGCCCCGCCCGAAGTCCGTCAACCACCTGGGCGAAGGGGTCACCCGCCGCGCCGCCGTCCTGCGTCTGTGTAAAGGGAGTGTCCATGAGTGGACCCTGAGGGCCCCGGGGTAATTAGGAGTCTCACCCTGTCAGGTCAACGACGGAGCGCTTCGGCTGTCGAGCGAAACAGGAGAAATCGGAAGCTCTGGTTAGCTCGGGCACTGTTCAGCCACCCCGGGGACCGGTTGGCCCCACCCCCTGCTGCGGGGTTAGGGTGGCTCACAACGGCAGCATCGGGGGCCACGCCGACATGTCATCTGGCCGTGGAATCAACAGGTGCCTGGGCACCGAAGGGGACGAACCTCTTTCCGAGGCGGTGGTCGTCTTGCGGAGCGTGCGCTCCGCGGTCGGCGGCATCGTCGACTTCGAGTGTGTCTCCGCCAACGTGCAGGCGGAGCGCTGGCTCGGCGGAGAAGAGGGCAGCCTGGTGCACAACCGGCTGCTGGAGGAAGCGCCGTGGGCGTGGGACGGCGGCCTCTTCAGTGCGTGTGTCCGCGTGGTGACACGCCGCGCGCCAGAAATCGCGCGGGTGTCCCGGCAGTCGCCCATGGGCACCGTGTGGCTCCAGGCGCGCGTATCACCGTGTGACGACGGCGTGGTGCTCTTCCTGGAGGACCTCACCGAGCGCATGGCCGCGGAAGAAGCCCTGCGGCGCGACCATGACCTGCTGCACGCCGTCATCGAGAGCGCCACCGACGCCATCTACGTGAAGGACGTGTCGGGCCGGTACATCCTCATCAATCCCGCCACCGCGAGCGCCTTCCACCGGGCCCCGCGCGAAATCCTCGGCCGCACGGACGTGGAGTTGCTGGGCGCCGACCGGGCCGCGCCGACGCTGGCGCACGACCGCGAGGTGATGAGCTCCGGGCACACGGCCACGTACGAAGGGGCGGAAGGCGGCCCGGGGACGGACCGCATCTGGCACACGACGAAGGGCGTGCTTCGCCGCGGAGACGGCACCGTGTACGGCCTGTTCGCCATCTGCCGGGACGTCACCGCGCGGCGCCGCCAGGAGCTGGAGCGCGAGGAGGAGGCGCGCTTCCAGGAGCGCTTCATCGGTGTGCTGGGCCACGACCTGGGCAATCCACTGGCCGCGGTGCGGCTGTCCTCCGCGGCCCTCCTGGCCCGGGACACGCTGCCCCCAGAGGTCCGGCGCGTGGTGGCCCGCATCGACGGGAGTGCTGAGCGGATGGCGCGGCTGGTGAAACAGCTGCTCGACTTCACGCGCGCCCGCATGGCTGGCGGCATTCCGCTGCGTCCCCATGAGGTGTCCATGGAGGACGTGTGCCGGCGCATCATCTCCGAGCTGGAGCCCGCGCATCCGGAGTGCTGCGTCCGGCTGGAGGTGGACGGCGAGTCACGCGGCATCTGGGACGAGGAGCGCCTGGGACAGGTGCTGTCGAACCTGCTGGGCAACGCGCTTCAACACAGCCCGGAGGGGAGCTCGGTGCGGGTGCGGCTGGCGGCGAAGGGCTCGCTCTTCCAGCGCGTGGAGGTCCACAACGGTGGGCCGCCCATCCCCGAGTCGCTGCGCCCGCGGCTCTTCTCGCCGTTCCACGGGGTGCCCCCCGAGCCGGGGCAGCCGAAGCCGAAGCACCAGGGTCTGGGGTTGGGGCTCTACATCGTGTCGCAAATCGTGACGGCGCACGGAGGCTGGCTGGACGTGGCGTCGTCGGCGGACACGGGGACCTGCTTCTCGGTGACGCTGCCTCGCGTCACCCGGCCGCTGGGTGGGCCTCCAGGCAAGACTGCCTGAGGCCCGGCCCGTGGCCTGCTGCTAGCGCTGGCCGAACTTCACGGCGGCCTGCAGGCGGATGACGTCCGTCAGCGCGCCCGGGTCCACCAGCTCCATCGCGGCCTGCTGGGACAGGCCGGCGTAGCGGCGCTTGCGGTACTCCTCCTCGTCCTCCTCACCGCCCTTGCCACCCTTGTCGCCCTTGTCGTCACCGCCGCCCTTGCCGTCATCCGGGCGGAGAGACAGCGACTGCGCCGGAGAAACCCCCTTCTCGATGTGCACCGACGAGAGCGCGTCGGCGCGCAGGGAGGTGAACAGGCTGGCCATGGAGAGGCAGAAGACGACGGCAACGGTGAGGTTCTTCATGGGGGGGCTCCGTTTCTCTTGAGGGGATGACGCGCGGCTTCGAACGGAAATTCAAGGGGCCGTCGGCGCCTTCATGGTGCGGATGTATCCCACCAGTGCGTCAATCTGCGCTGGGGTAAGCTTGTCCTTGAAGGGCTTCATCTTGCTGTTCCGTGGATCGCCGTCGGCAATCACCTTGCGGATGTCAGCGTCCGTCCGGGACTGCTGCCAGTCGGGCCGGCTCATGTCGCCGATGGACTCCTTCTGGCCCATCTTCGTCTGCGCCTTGCCGTCACCGCCGTGACACACGGTGCACTTCGCCTGCCACACGTCGGCCACGGCGTCCGCGTGGGCGCCGGTGGCTCCACCCAGGCTCAGGACCAGGACCAACCGCTTCATCATTGTCGGGGGCTCCTTGCGGACTGCATGCCGGGCCCTGGGCCCGGGCCCCCGAGCATACGCCGAAGCGGCCCGTTCGCACGCGCGACGGCGGCGGTGCGGACGCCGCCTACTGGCAGCCTGGCGTGGAGGCGTGCTTGTCACAATCCATGGGGCGTACTGCCGCCGTCAGGCCATCCGCCTGGAATACCAGCTCCGGTTTCCAGTCCGGCGATTCGAGCGTCCCCCCGTTGCGCAGGAGGACGAGCCGCTCCGTCGTGGGCAGCAGGGCGTTCGGTTCGCACACCCTTCCGCCGGGCGCCGGCGGGGCCACGACGGGCGCGCTGGCGCCGGGGTTGCCCAGCCAGCACAGGCCCACCAGCAGGTCCACGTCGAGCTTCGGCGGGATGATCAGCTCCGGCCCCAGCTCCGCGCATTCGCAGCCGCCCACGCCGCAGGCGTTCTCCTGGCACGCGGGCATGGGACACACCGTGCCCCAGGCATCACTGCATGCCAGTGCCTCCCAGCGCATGCGCGTCACCTGGACGCCCTGCTCATCCGTGACGCGCGTGCCCAGCCGCACGGGCTGGTGGGTCGCGCGTGCTTTCTGACGGGCCTCCTGCATCATCAGCACCAGCTCGCGCTGCGCGGCGCCAAGGCGCTGGCGCTCCGTCATGCCCTGGAAGCTGGACACGGAGAGGGTGGTGAAGATGCCAACCAGGGCCACCACGACCATCACCTCCAGCAGCGTCATGCCTCGGTTGCGTGGCAGCATGTCAGCCCCCCGTTCCCACGAACGCGAAGTTGCGAGGCGCCAGGCGGATGACGCTGTGCCGGCGCTTGTAGCCATCCCGCAGGTTGCCGTCGTCGTCTCGCGCTCCGGGCGCTTCGTTCCCCGTCAGCTCGGCGCGCTGCGAGCGCGCGGTGATGGACAGCTCCACCACGCGCATGTGGCGCATCAGCTCGTCACCCGCGCTGCCCGGGCCGCGGTCCGGCGGAACGGGTACGCCCGGGTCCCAGGCCCAGGAGATGTGCGGGGCGCAGGTGGCCTGGGTGCAGGTGGCCAGCGAGGGGCGCCCGGTCTCCGCGTCCGGGAAGAAGCGCACGGGGGCGCCGGGGAGCGCGTCGGGTGCAATCACGCCCAGCCGGACCTGCAACTGCTCGATGTCCTGGGACACCGCGGTGTAGCCCGCGGGCCCCGTGGGCCCATCCACGTCCATCTCCAGCACGGGCGTGCCGCCGGGCCAGTTCACCCGGTAGCTGCGGCTGGTGAGCGGGAGCAGGTACATGCCCCCTTCGCGCGGTTCCCGTGTGCCAAGCCAGGGCGACTCGGGAAGCGTCACGGCATCGGGATGGCAGTTGCCGTCGGCGGGTGCGGGTCGGCCTGGGATGGCGGGCGTCCATTCCACGCCTTCCGCCACGAGGTTCGTCACCTGTCCCACGCAGGCCCAGCCCCGCTCGTCGTCCGTACCCGGAAAAACGACGGCGATGACCGCATTGTCCAGGAAGGCGGGCGGCAGGCCTCCGACGCACAGTGTGTCCTCGAACCAGGCCGCGGTCGCCGGCAAGGGGCACTGGTCCAGCAGCACCATGCGCGCCGGGTCCGTCTCCCAGACCTCCAGGGCATCCGACAGCAGCGCGGCATCGGCGGGTGGGACGAAGCTGGCGTCGTCCGGGAAGGTCGCCTGGGGCCGAGCCCACACCGCGTAGAACAGGTCGGCTTCGCCGGCGGGAATCCGGCCGCCGGTGAGGGAGACGCTGCCAATGCCCGCGCCCGCCCGCTGCACGCCGAACGCCATCAAGTCACGCGCGGCCCGGCCCTTGTTCTGCGTCTCCATGATGCGCTCTTCCAGCAGGCCCCGGCGCTGGAGGTGGACGCTCACGCCAATGGCGGTGGCGAGCACCAGCATGGACATCGATGCGGCCACCATCAGCTCGATGAGCGTGAAGCCGCGCGGCGTCGTCGAACGAAGTCGCTTCATGGCGCC
NZ_CP017174.1_gap26	1267198	1268241	1043	GCCACGCAGGCGGACGTGGAGGAGCGGTTGGGGCTGGCCTTCCTGGGCGTGATGCCGCGGCTGGACGGCAGCAAGCCGCCGCGCGAGCGGGACCTGCACGTCCACCGCGAACCCAAGTCGACAGCGGCGGAGTGCTGCCGCGCCATCCGCACCAACCTGCTGTTCATGTCGCCGGACAACCCGTTCAAGACGCTGGTGGTGACGTCCAGCGGGCCGCAGGAAGGCAAGTCCACCACCTGTATCAACCTGGGCGTGGCCATGGCCCAGAGCGGCAACCGGGTGCTGCTGCTGGACACGGACATGCGCCGGCCGCGCCTGCACCGCGCCTTCGGAGTGCCCAACGAGCTGGGCATCTCCTCGCTGGTGGTGGGTGAGGGCACGCTGGACGCGGCGGTGAAGAGCACCGAGGTGCCCGGCCTCTTCGTGCTGCCGTGCGGACCGCTGCCGCCCAATCCGGCGGAGCTGCTGCACACCCAGACCTTCACGGACCTGCTGAAGGCCGCCTCCGAGCGCTTCGACCGCGTCATCCTGGACAGCCCGCCCATCAACGCGGTGGCGGACGCGGCGGTGCTGGCCACGAAGTGCGACGGCGTGGTGCTGGTGCTGAAGGCGGCCAAGACGAACCGCGAGTCGGCGCGGCGTGCGCTGCGCTCGCTGGCGGACGTGCAGGCGCGCATGTACGGCGCCATCCTCAACGACGTGGACCTGTCGGCGCCGCGCTACGGTGACTCGTATCTGGGCTACCAGGGCTACGGGCAGTACGCGGAAGACTCCAAGGATGGGGTGGCGCAGTCGTGAACGCGCCATCAGCGGGCGCGGGCCTGCGGGTGCTGCACCTGGGCAAGTTCTATCCTCCCGCGTCGGGCGGCATGGAGGCCCACGTGCAGACGCTGGCGCGCGCCCAGGCGGCGCTCGGCGCGCAGGTGGAGGTGCTGTGCGCCAACCATGCCGCGGACGGCGCGGGCACCAGCCACGAGTTCCAGGGCCGCAGCCCCACGTGTGAGACGTGGGACGGACCGGTGCGAGTGACGCGCCTGGGCCGG
NZ_CP017174.1_gap27	1270154	1270682	528	GGCGCGCTGGAAATCGTGGATGCCTCCTGCGGGGTGTTCGTCCGCCCGGAGCCGGAGGCACTGGCCCTGGCCCTGGGACGGCTCATCGAGGACCCGCAGACGCGTGTCCGGCTGGGCGCGGCGGGGCCCGCGCGTGCCGCGGAGTTGAGCGATGCGGGAGGCTTCCTTCGCGGCATGGAGGAGGCGCTGCGCGCGCTGTCCGAGCAGGAGGTGCCGGTGTGAGGGCGCCCCAGCTTCAGGGCCCCGGCGTGCTGAATCGCCGGTACGTGCGCCGCGCACCGGGGGCCGCGCTGGAGGCGGTTCCGGAGGGGGCCGCGCCCACCGCGCCCGTCGCTCGAGGTGCGCGCATGGGCGGCGGCCTGCTGGCGTCGAGCCAGTTGGTACCGCTCTTCGTCGGTCTGCTCATCTGCTGCCAGCTCGCGCTGCTGGTGGAAGCCATCGCGCCGCTCCGCGTGGCGGTGCGCGTGCTGGCCTTCGGCGTCAGTCTGGTGCTGCTGGCGCTGGTGCGGGGACGGAGTCTGAAGCACC
NZ_CP017174.1_gap28	1311240	1315310	4070	CATCGACCTGGCGATGGACAAGATCGAGCGCCAGCTGCGGCGCTACCGTGACAAGCTGAAGACGCACCATGGCCGTGAGCGAGTCCACCACCGGCAGGATTTGGTGGAGCAGCTCCGGGTCCGCCACGCCGTGTTCGAGCTCCCGGACGTGGACGAGCTGACGTCGCTGGCCGAAGCCTCCGCGAGTGAAGCCGCGCCGAAACCCGCTGTCGTCGTGCCCGCGCAGCCCGCAGCCCCGTCGCAGGCGGCGCGCGAGGTGCGTGCCACCCACCTCACCGTCAAGCCGCTCACCGTGGATGATGCGGTGATGCAGATGAACCTGATGAACAACGACTTCTACGTCTTCCACAACGTGGAGTCGGAGTCGCTGTGCATCGTCTACAGGCGCAAGGATGGCCAGTACGGCCTCATCGAGCCGCACGCCCCGGCGATCGCCGCCACGGGGACCTGAGCCGTCGCAGACCGCTGATACCGCGCGCCGTCACCCGGTGAAGTGGGGTGACGGCGTGTGACGGCGGGAAGTCCGCCGCGTCCCGGGCGCGGTCCACCATTCGAATGCCTCCGCGTGCAGGAGGGCGTCGGTGCGGGTGCCCATGGGCCCGCGGCCACGTCCCGCCGCGGGGGCGGTCCACCAGGCCGCTAACGAAGGGGGCCTGGACGCGGGTAGGGGCCACCCCGGCGAGCCCTCGACGCGATGTCGATGACAGTCGACAGGAGCAGACGCTTCATGGGAAGTCCCTACCGCCCATGGGACGGGTTTCCCTTCCGCGTCATGATGCGCAGTGAGCGCGGCGAGCGCGCATCCAGACAGGCCACCCTTGCGCTAAAGAGGGGTGAGGAGTAATTGCCGCCAACCACGAGCGCCAGCGCGGGAGCGTCAGTGAGAATCGCCGAGTTCCTCAGCCCCCAAGCCGTCATCGCGGACATGCAGTCGCGGACGAAGCCCGAAGTCCTGCGTGAACTGAGCGCCACGCTGGTACGCGCCCATCCGCTGCTGACCGCGGACCGGCTGGTGGAGGTGCTGCGCGAGCGCGAGAAGCTGGGCAGCACGGGCATCGGCGAGGGTGTGGCCATCCCCCACGGCAAGCTGCCGGGCATGGGGCAGCTCCAGGCCGCCTTCGGCGTGTCGCGCGCGGGCGTGGACTTCGAGGCCATTGACGGCAAGCCCACCCACCTGTTCTTCGCCCTGGTAGCGCCGGAGAACAGCGCGGGGGTTCACCTCAAGGCCCTGGCCCGCATCTCCCGTCTCTTCAAGAACCCGCGTTTCCGGGCCGCCATCCTCGAGGCGCCCACGGCCGCGGACATCCACGCCCTCATCGTCCAGGAAGACGCGCGGCCTTGAGCAGGCGTGCGTTCCGGGGGGAACATCCGCACCATGGACGTCGTCCTGAGACCCATCAGCGACCGCTTCTTCCACGAACACCTGCTGCCCTTCTTCCAGCGGGCCATGGGGGATGCCCCCGGCGCGCTGGAGTCCCTGCAGGAGCAACTGGGGGACGGTCAGGCGCGCATGCTGTGCGAGCGGATGCTCTCCACGGCGCTGCCCGGCGGCGTGGGCTCCGTGGACGCGGACCCCTGGGCGGACCTGGTGGACCGGCTCGTCTTCCTGCACTGGACCGAAGGCCCCGCGGGCTGGGAGGTCGGTGCGGCGGAGGCGGGCTACGCGGACGGCTGGGACGAAGCCCTGCACCTGGCGCTGATGGTGGAGGAGGCGGACTATCCCTACTGGGACGCGCGGGGCGCGCGCGACGTCCGGGACCGCTTCCGCTTCCGGCCGCGTGAGGACGTGGGCCTGGCCTCGCTGCTGGCCGGCCTGTGGGAGCCCTTCCCGGAGTTTCCGCCGGACCAGGTGTTCACCACCCAGGGCCGGGGCGAGTACTCCCCCGGGACGCGCTACGCCTTCGCGGACTGGGCCTGGCGCCCGGCGAAGAAGGTGGCGCACTGGCAGGTGAACCTTCCGCGCAAGCTGGAGCGGCTCCTGGCCCGCGAGCAGGCGCGGATGAAGCTGCCGTCGCTGCCGGAGAAGGAGGAGGTGCTGGCGTACTGGCTGGGCAAGCAGCCGCAGCCACCGCCGCTCACGGTGGCCTTCTCCGGCCTGGGGCCCCGCGCGGCCAACTGGATTCGCGAGCTGGGCGCCCTCACCGCGCACCTTCGCGGCGCGGCGCTGGCGAAGCAGGGACTGGCGGCGCTGGTGACGAAGAGCTCCGGCGTCCGAATCTAGCCCTTGGGCGCGGCCGGCCCGGGGCTCTCCAGCAGCAGCGTGACGGGGCCGTCGTTGACGAGTGCCACCTTCATGTCCGCGGCGAAGATGCCGGTGCCCACATTGAGGCCTCGCTGGCGCAACAGCTCGCAGGTGCGCTCATAGAGGGCCTTGGCGCTCACGGGCTCCATCGCGTCGATGAAGCTGGGCCTGCGCCCCTTGCGCGCGTCGCCGTAGAGCGTGAACTGGCTGACGACGATGAGCTGCCGGGACGTATCCTCCAGCGACAGGTTCATCTTCCCAGCGGCGTCCTCGAAGATGCGCAGCGTGGCCAGCTTCTCCACCATCCACGCCACGTCCGCCTCCGTGTCGCCCTTGCCCACGCCCAGCAGCACCAGCAGGCCCGGGCCGATGTCGCTCACGCGCTGGCCCTCCACCGTCACCGACGCCTCCAGCACGCGCTGCACCACCGCTCTCATCGAAGTCACCTCGTGGACAGGCGTGTCTCACCGGGGGCTCGCGTCAGTCACGCCGTTACAGTTGGAATGTCAGGTTTCTGCCTGCTGGAAGAGCGAGCGCCCAGACGTGGACTCACGCAGCCACTCACCCTTGCCCGCCTTTTGCCCCGTTCCGCATAATGGCACCTGACTTCCCCGGAGAGAGTGTGCAGGTCCATCGAGCCAGCTGCATCTTGGCCGCGTCGGCCATTATTTTCCTGTCGCTTTCTCACGCCGCGCACGCCGCGCCCGCTTCATCGGAGAAGCGCGCGGACCGCGAGGCCCTCAAGTCCGCGCTGCTGGAGGTCCTCCAGCGCGCGCCACTGAAGGCCAGCCGCATGGGCGTGCTCATGCAGAGCCTGGACGACGGCACCGTGGTGTTCAGCCACAACGCCGACGAGCTGCTCAACCCCGCCTCCAACGTGAAGCTGGTGACGTCCGCCGCCGCGCTCGCGTCGCTGGGGCCCGAGTTCCGCTACGACACCGAGTTCCTGGTGGAGCCGGAGCTGGGCGCGGACGGAAAGGTGAAGACGCTCTACGTGCGCGGCAAGGGCGACCCGTCCATGACGACGGAGCGCCTGTGGGGCATCGTCGCGGAGCTGTGGCACGCCGGCGTGCGCGACGTGGGCGAAATCGTGGTGGACGACTCGTGGTTCGACGCCGAGCGCACGCCGCCCGGCTATGACCAGGAGGACACGGACCGCGCCTACATGGCGCCCACCGGCGCGGTGAGCCTCAACTGGAACGCGGTGGCCATCTACCTGCGGCCCGGCAGCGCGCCGGGCGCCAAGGGCGTGGTGGAGATGGAGCCGCCCAGCGACTACTTCGTGGTGGAGAACCAGCTCACCACCGGGCCTCGGCGCGCGCGCCGTGTGTCCGTCACGTCGGACCCCTCGGGCCTCCAGCAGAAGATTGTCGTGCGCGGCCAGCTCCCGGGGGAGCGCGGCGGCGCCGTCAGCGTCTGGAAGAAGATCGACAACCCGCCCATGTACTTCGGCCAGTCGCTCAAGCAGATGCTGGTGACGCGCGGCGTGAAGATGAAGGGCAAGGTGAAGCTGGGCAAGACGTCCACCAAGGCCCGCATGCTGCACGTGTCGCAGTCGGATACGTTCGACGTGCTCCTCAAGCGCCTCAACAAGCTGTCCAGCAACTTCGTCGCCGAGCAGCTCCTCAAGACGATGGGAGCCGAGCTGCGCGGCTCGCCGGGCTCCTTCACCAAGGGCGTGGACGTGGTGGAGCAGTTCCTGGAGCGCGACGTGGGCATCCCTCGCGGCACCTACGTAATGAAGAACGGCAGCGGGTTGAACGACGCCAACCGCTTCTCCGCCACGCAGCTCAACCAGCTGCTGCGGCACATGGTGCAGCGCTTCCCC
NZ_CP017174.1_gap29	1319766	1321401	1635	GGCGCCATCAACGACACCACCCTGTCGCTGCTGAACGTGAAGGCGGTGTGCGGCGCGGCCAACAACCAGCTGCTCACGTCGCGTCACGGCGAGCAGCTGGCCCGGCGCGGCATCCTCTACGTGCCCGACTACGCGGCCAATGCCGGCGGCCTCATCAACGTGGCCCAGGAGTGGGCGGGATATGACCGGGACAAGGCGTACTCCCGCGCCTCCCTCATCTTCGACACCATCGACACGGTGCTGGCCCGCGCGAAGGAATCCGGCCTGCGCCCCGAGCAGGTGGCGGACCGGATTGTCGAGGAGCGGCTGGCCGGCTGAGCGCTCACGCACGCAGTGCGTGTGTTGCCGCGAGACAAAGGCGACGTCTGGGGTGTGGCCGGATGTGGCCACCGTGCGGTCCTCGGAGTATGACGGGGCCGCACACACACCCCAGCCGGAGTTCAGCGCCGTGGCGACCAAGCGGCAGAGCAAGCCCACCGAGAAGGCCTCTTCGAAGAAGTCCCCCACGTCGAAGTCGTCGCGGACGCAGGCGGAGAAGCTCGTCTCCATTCCCGAAGACCTCGTGCTGGCGCCCCAGGTGGAGGCGCCGCGCCAGCCGACGGGGAAGGACCAGTCCCGGGGCCGCTCCGCGTCCAGCGGCGTGAAGGAGCTGACCTGGAAGGAGTTCGACCGCGCGGTCCAGCAACTGGCGGGTTCCATCCAGGAGACCTTTGAACCCCAGGTGGTCGTCGGCGTGGCCCACGGCGGCGTCTTCGTGGGCGGCGCGCTGGCGGGGGCGCTCGGTTGTCCGTTCTTCCCCGTGCGCATCAGTCGCCGCAGCAGGGACCGGGGCAGCTCCACGCCTCGCACCTCGAAAACGCCGCAGCTCGCTGGGGAGATGCCCGCGGAGCTGAAGGGCCGTCGCGTGTTGATTGTGGACGACGTGGCCTCCAGCGGTGACACGTTGGAGCTGGCCACCGCCCTGGCGCGCGAGGCGGGCGCGAAGAAGGTGGCCACCGCGTGCCTGATGACCAAGCCTGGTGGCTTCTCGCCGGACTACTCCGCGCTCTCCAGCGCCTCGCTCATGGTCTTCCCCTGGGACTACGAGCCTTCCACCGGCGACGCGCGCTTCGACGAGGACCCGGACAAGGCTGGCGCATGAGCCTTGGCGCGGTGACGCCATGATTGTCGGGACGGCGGGCCACATCGACCATGGCAAGACGTCCCTGGTGAAGGTGCTCACCGGCATCGACACCGACCGGCTCAAGGAAGAGAAGCGCCGCGGCATCACCCTGGAGCTGGGTTTCGCCCACCTGACGCTGGATGACGGCACCGTGGCCGGCGTGGTGGATGTTCCGGGCCACGAGCGCTTCGTGAAGGCCATGGCCGCCGGCGCCGGCGGCGTGGACATGGTGGTGCTGGTGGTGGCCGCGGACGAGGGCGTGATGCCCCAGACGCGCGAGCACCTGGACATCTGCCGGCTGCTGGGCGTGCGGGCCGGCGTCATCGCCCTCACCAAGTCGGACACGCTGGCGGAGCTGGGCCCGGAGTGGCGCGCGCTGGTGGAGGCCGACCTGGCCGCGCTCACCGTGGGGACCTTCCTGGAGTCGGTGCCCGTGGTGGCTTGCTCCGCCAGAACGGGGGAAGGGTTGGACG
NZ_CP017174.1_gap30	1329955	1331279	1324	TCCGTCAGGTGCTGGTTTTCCCGGTGCGTGATGCCACCGAAGAACACCTTCTGGACCATCCACAGCATGTAGGCCGCGCCCAGGATGACGCCCAGCGTGGCGAAGCCGCCGAACACCGCCGTCAGGTGCGGGTTGCCCGCGGCCTCGCCCAGGTCGCTCTTGAAGGTGCCCAGGAGGACGAGGAACTCACCGATGAAGCCGTTGGTGCCCGGCACGGCGATGGAGGAGAAGGTGATGATGACGAAGGCCGCGGTGAACACCGGCATCACCTTCGCGATGCCGCCGTAGTCCGCCATCAGGCGCGAGTGGCGCCGCTCGTACAGGTAGCCGAACAGGAGGAACAGCGCGCCCGTGGACACACCGTGGTTGAGCATCTGGTACGCGCTGCCCGTGGCGCCCTCGGCCGTAATCGCCAGGATGCCCAGCATGCAGTAGCCCAGGTGGCTGACCGACGAGTACGCGATCAGCTTCTTGATGTCCCGCTGCGCCAGGCACATCAGCGCGCCGTACACGATGCCGATGACGGCCAGCGTGGCCAGGAAGGGCCGCGCCTGCTGCGTGGCCACCGGGAAGAAGGGAATCGCGTAGCGCCAGAAGCCGAAGGTCCCCATCTTCAGGGTGACGCCGGCCAGAATCATGGAGCCGGCCACCGGCGCCTGCACGTGCGCGTCCGGCAACCAGGTGTGCAGCGGCCACATCGGGACCTTGACGGCGAACGCGATGGCGAACGCCCCGAACAGCCACGGACCCCAGGTGTGCAGCGTGGCGGCCAGCCCGGTGAGCGAATCACACGCGCCCGCGGGTCCCGCGGTGCACGCGCTGAGCTGACGGTTGGCGTCCAGCAGGCCGTTGTAGATGCTCGCGTAGTCGAACGAGCGGGCACCCACCGGCGCGCTGATGAAGTACACGGCGATGATGGCCACCAGCATCAGCAGCGAGCCGGCCAGCGTGTAGAGGAAGAACTTCACCGCCGCCATCTGGCGGTCCTCGGCGCCCCACACACCCACCAGGAGGTACATGGGGATGAGCATGGCCTCGAAGAAGATGTAGAAGAGCAGCACGTCCAGCGACACCAGCGCGCCCAGCATCGTCGTCTGGAGCACCAGCAGCGCCAGGTGGAACTCCTTGATGCGGAACTTGATGTACGTGGTGGACGCCAGCACCACCAGGGGCCCCAGGAAGACGGTGAGCAGCAGCAGGCTCACGGCCAGGCCGTCCACGCCAATGTGGTAGCTGGTGCCGAACAGGTCGAACCAACGCGCCCGGTACTCGAGCTGGAACTCCGGTCCGCCTGGCACGTACGTCATGTAGGCCCAGACCCCGA
NZ_CP017174.1_gap31	1332972	1334017	1045	AGGAAGGTGCCGATGAGGAACGCGAAGTCACCGATGCGGTTGGTGACGAAGGCCTTGCGCCCGGCCCAGGCCTTGGCCGGATCGTCGTACCAGAAGCCGATGAGCAGGTAGCTGGCCATGCCGACGCCCTCCCAGCCCACGAAGAGCAGGATCAGGTTGTCGGCCAGCACCAGCGTCAGCATCGCCGCGACGAACAGGTTCAGGTACGCGAAGAACCGCCAGTACGCGGCGTCGTGCTCCATGTAGCTGGTGGAGTACAGGTGGATGAGGAAGCCGACGCCGGTGATGATGAGCAGCAGGATGCCGGACAGATGGTCCACCATCAGCCCGAAGTTCACCCGGAAGTCGCCCACCGAGAACCAGGTGCCGTAGTCGTACGCGAGCGCGTAGCGCACGAAGTCCCGCTCGATGCCGAACGGGTTGGGGAAGATGGCCGCCAGCCGACCCGTCTCGGGGTTGTGGTGGCTGGTGGCCCAGAAGGCCAACAGGCTCAGGACGAAGGAGCCGGCCACCGCCGCGCAGGCGACGAGCTGGACGTTGGCCCGGCCCATCATCTTGCCGAACACACCGCAGATGAACGCGCCCAGCAGGGGCAGCGCGATGATGAGCCAGAGCGAGGGCGCCAGGATGTCTGGCGCCACGGGTGCCGCCCGGAAGAATTCGACGAGAGTCATGACAGTGGCTCCTGGGGGGGCATCAGTGCTTCATCGTCCGGAGGTCTTCCAGCAGGATGCTGCCCCGGCTCCGGAAGACGGCGATGACGATGGCCAGACCGATGGCGGCTTCCGCCGCCGCCACCGCGATGACGAAGAAGGCGGACACGTGGCCGAGGTCGTCACCGCGCATGCGCGCGAAGGCCACGAACGTGAGGTTGGCCGCGTTGAGCATCAGCTCCACGCTCATGAAGACGACCAGCGCGTTGCGGCGAACGAGCACGCCGAACATGCCCATGCAGAACAGGGCGGCGGCAAGCAGGAGATAGTAGGTGATGGGAACCATGGGCCGATTCGGGGCCTCGCGAGCGGCTGCCTGCGCCGCCATCTAG
NZ_CP017174.1_gap32	1462627	1467537	4910	GCGTGGCGTGGCCGCCTGCGGTTCATCCAGGTGACGGTGCCCAGCCGGACCCAGGTGGAGGCGTACGCCAACTACCGCGAACTGGTGAACGAGCTGGTGGGGCGCATCAATGGGCTCTACGGCACGGTGCACAACGTGCCCGTGCACTACCTCTACCGCTCATTCAACGAACGGCAGCTCGTGGGGTTGTACCGGGGCGCGGATGTGATGCTCGTCACGCCGGTGCGGGACGGGATGAACCTGGTGGCGAAGGAGTTCTGCGCGGCGCGCCCGGACGACGACGGCGTGCTGGTGCTCAGCGAGTTCGCGGGCGCCGCAGCGGAGCTGGGGGGCGCGCTCATCGTCAACCCCTACGACGTGGACGCCATGGCGGACGCCATCGAGAAAGCGCTGGGGATGGCGGAGGAGGAGCGCCGCACGCGCATGCACACGCTGCGGAAGCAGGTGAAGTCGCGGGACGTACATTGGTGGACGTCCTCCTTCCTCGACCGGCTCCAGTCGCTGCCCGCGGTGGACGTGCGCGCCGAGGCGGGCGCGCCCGAGGCGCTGGCGCAGATGAAGCAGGCGGAACGGCTGCAACTGCTCCTGGACTATGACGGGACGCTGGTGGGCTACGCGCCCCGGCCGGAGCTGGCCGCGCCGGATGCGGCGCTGAAGGAGTTGCTGGCGAAGCTGGTGGCCCGGCCCGACATCTCGGTGAGCATCGTCAGCGGCCGGCCCAAGGAGACGCTGGAGGAATGGTTGGGCGACCTGGCCATGGGCCTGTATGCCGAGCACGGCCTGTGGTCCCGCCCGGCGCCAGGGGAGACGTGGCGGATGCTGGAGGGCGTGACGTTCGACTGGAAGGAGCGCGTGCGCCCCGAACTGGAGACCTTCTCCGCGCGCGTGCCGGGCTCCTTCGTGGAGGAGAAGACAGCGTCGCTGGCGTGGCACTACCGCCTGGTGGACGCGGAGTTCGGCGCCATCCAGTCCCGCGAGCTGCGGCTGTACCTGGCGGAGAAGTTCGCCGGGCAGTCCATGGACATCCTCCCCGGGGACAAGGTGGTGGAGATTCGTCCGCAGGGCGTGCACAAGGGCCGCGTGGTGGGCGAGGCCACGAAGGACGCGGCGCCCGGCGCCCTCGTGGTGGCCATCGGCGATGACCGCACGGACGAGGACCTCTTCGCATCGATTCCGCCCGGCGGGCTCACCATCCACGCGGGCAACAAGCCCACGTGCGCGGCGTTCCGGGTGAAGGGCCCGGCCGAGGTCCGCGCGCTGCTGGCGGGACTGCTGGAGCCGTGACCACCGCGCGCGCCCGCCGGAGTATCGGCGGGCGCGGGCCTGCTCGCGTCCGCTACGGCGTCGAGGACGCGGTGCGGTTGGCCGCGTTCTGGATGAACACCCGGCGGCCGAAGGCGCGGTCCACGCGGCCGAGGAACTCGCGGAACGCGGGGTAGTCGTCCGCGGACACGCGCGCCGTGGTGAGGGCCACCTCGCCCTCGGCCACCAGCTTGCCGCCCTCCAGGCGGTAGTTCAGCTTGATGTGGCCGAACTTCGTCGTCTCCTCCACCGCCTGGGGCAGCTCCGCCACCGTCCAGCCTGCGGGCAGCGCGTAGCGCAGGAGGAAACCGTTGGTCCACGGGCTGGACATCACCAGGTCGAAGCGGCGCTGGGCCAGCGACGCATAGGCCTGCTGGTAGGTGCGCCCGGTGCCGAAGGGCAGGAAGCGCATGCCGTTGGGCATCACCTCCGAGTAGCGCGGGATGCTCATCTTGAAGTCCAGCGCCACGTTGTCATCCAGCCGCGTGGTGTCGCTCAGCTTCACCTCGTGCACGGTGAGGCCGGGGAAGCTCTGCGCCCAGGCGCGCTCGAAGGTGGACTTGCGCGTGGCCTCCGGCCGGTAGGCGCGGCGGTAGTCGGGCGCGTGCTGTCCACCCACGGAGCTGGCGCCGGTGATTTCCGCGCCGCCGTCCGCGCGGAGCGTCACGTCCAGCGACATGCGCGTGGCGTTGTCCGCCGCCTTCGCCTCCGGCGTGGTGAGGAAGGTGCTCTTGCCGTTGGGCTCCACCACCAGCACGTTGGCCACCCGGTCCGCGCTAGGCAGCTCGTTGGCGCCGTGGAACTCCGCGGTGCCGTCCAGGTACAGGTCGAACTTGGGCACGTAGGCGATGGCGTGGTTGAAGGCCGCCAGGCTCGCGGGCTCTTCGCCAATGGAGCCCAGGTTGCGCATGCGCAGCAGCACCAGCCGGCTCTCCACGCCCGCCACCTGGAGCATGGAGTGGATGAGGCTCGCCTTGTCCTTGCAGTCGCCGAAGCGGCGCGCCAGCACCCGGTCCACGCGGTAGGGCTTGAAGCCGTGGATGCCGAACTCCAGCGCCACGTAGCGCGTGTTCGTCACCACGAAGTTGTAGATGGCGCGCACCACCGCCAGCTCATTCTTCCGGTCCACGCCCTGGAGTACCTGGTCCACCGTCTGCCGCAGCTCCGCGTTGGGCTGGAGCTGGTCGCGCACCAGGCCCCACCAGTAGCGGCCCACCTGGTCCCACGTCTGGTAGGTGGAGACGTGGAGGTTCTGCGCCACCTCCGCCCAGCCGGGCATGCCGGGCTCCGGCACCACCTTGGCGACGTGCTTGGAGTTCCAGCGGTACAGCACGCGGCCGGCGTCCAGCGTCTCCTGCGCGCTCTCCACGCCGGTCAGCTTGCTCTTGTTCCAATACAGGGGCCGCGCCTGCGGCATGTCCACCAGGTACTGGAAGCGCACCTTCGGGTAGACGCCCTGCACGCTCTCCACGTCACCCCAGTAGTCCGACAGGAGGTTGTCCTGCGCGGTGTCGTCCAGGCGGTACGTCAGCTCAAGCGTGTCGCCCGCCGCCAGCGACGGGAAGGAGAGAATCTTGGCGCGGGCGTCGTAGTACATGCCCGTCCACGGCTCGTTGATGTTGCGCTCGTTCTCACCGTAGCTCTCCACCACGGAGCCATCCGCCTTGATGACGCGGGCGCGCAGCACGCGCACCTCCTGGCGGTCTGGCGAATAGGTGACGGGGATGGTGCGGAACGCATCCACGCCGCGCGAGTTGAAGACCTTGACCACCGTCTGGTGCAGTCGGCTGGACAGGCCGCTCTGCTGGACGCGCACGTAGGTGTTGTCCACCAGGTAGAGGGCGTCCTCGTGGACGTAGGCCTCCGCCTCCTTGGCCAGCGGCTGGGCGTCCACCAGGTACTGCATGCCGGTGCCGGTGCTCTCCCCCTTGAGGGTGCGCAGGGCTTCCTTCAGGCCCGGGTTCTGCGGGCGCAGTACCAGTGAGCGCTCGAACGAGGCCAGCGCCGGCTCGCGGCGGCCAGCGGCCAGTAGGGCGCGGCCCTCACGCTCGTAGACCTCCGGCTCGTCCGGGGACAGCGCGCGGGCCTCGGAGAAGAGGGTGACGGCTTCCTCCACCGCGCCGTTGCTGGCCTTCAGCTCCGCCAGCCGCACGCGGGAGCCATTGTCGAAGGGGTTGAGCTTCACCAACTGCGCGTACTCGCGCTGGGCGGACTCCACCTGCCCGGCCTCCGCCAGCATCGTGGCGAGCATGTGGCGCGTGGTGGTGTCGTCGAAGCGCAGCGCCAGCACCACGCGCATCCGGTCCATGGCCTCGCGGCCGCGGTCGAGCTGCCGGGACACCTGGGCCGCGGCGCGCACCGCGCGAGGCACGCGGGGCTGCAGGCGGAACGTCTCCTCCACCAGGGCGTGGGCCTTGGGGCGCTCGCCCAGGGCTTCATGCGCGCGCGCCAGCACCAGCCGCGCGTTGACGTCATCCGGCGTCTTCTCCAGCACGGGCGCCACCAGCGGCTGCACGCGCTCGGGGTGGCCGCGGTCCAGTTCGTGGTCGGCCAGCGCCACTCGCGCCTCCGGCATGGCGGGGTCGGCGGCAATGGCGGCTTCCAGGAAGCGGCGGCGCTCGTTCAGGTCATCCCGCTGCGCCTGGGCGGCGAGCAACTGGAGCCGGGCGTCCTTGGGGGCTGCTTCCGCGGCGCGCGCGGCCTCGGCGCTGGCGGTGTGCTCGCGCTCGTCATACGCGCGGAAGAAGCCCAGCACCCGGGCGTAGTCGCCGCGCAGCGCGGCGTCATCCGGGTTCTTCTCCACCATCGCGCGCAGGGCGGAGGTGAGGGTGGGCAGCGGCTGGGGCTGCGGCGCGGTGCCTTTCTCCAGGGCGGGCGCCTTCGCCGGCAGCGTCGCGCGCACGGTGGGCGACTCCTGGCGCAGGTAGAAGCCCAGCGGGCCGGACTCCTGGCACACCTTCACGAGCACGCGGTTGAGGCCCTTGCGCAGCTTCACGGACACGCGGGACTGGTCCGGGCGCGGCAGGTTGTAGCGGTCCTCCTTCGCGGCGAGCTGCCCGTTCACCCACAGGCGGAACGCGCCGGACGTGCCCACGCCCAGCGACACGCGCGACTCCTGGGAGGACTCCAGCCAGGTGACGGCGTAGGCCACGGACTCTCGGTTGGGGCGGATGGCGGTGGCCAGGTCGATGTAGCCATCCGAGGTGTTCGCCGTCAGCTTGCGCCAGGTGGTGTTGCCGCCCTTGGCCGCGGGGTAGGTGGCGGACAGGTCCAGGTTGGCGGCCTCGGGGCCGAAGTCGGTGTCACAGCCGGCCTTGCCTTCGTTTTCGAAGCCGCCGGTGACGTAGTAGTCGCCCACGTAGCCCAGCCACTGCTTCACCTCGTTGGCGCGCACCAGCCGGCCCCGGGCGCGCTCGGTGTCCAGCAGGAGCATCTGCGCGGTGGCGCGGGTATTCGGGTCCGAGCTGCGGCGGGAGGCCACGTAGGCGTAGGTACTCAGCAGGGGCGTGAGGTCCTCCACCTCGTCCACCAGCGCGTGCATCCGCAGCAGGCTGGCGGCGCTTCGGGGGGAGGAGGCCTGCTTCATCGCCTCGGCCGCATGGACGCGA
NZ_CP017174.1_gap33	1646057	1646926	869	CCTGCTGCCATTCGCCCTTGTCGGCGTGGTGGTCCAGTTCGTCGTCCAGCTCGCACACGCGGCAGTCGGTGAGGTGGTCGCGGCGCGCCTCCAGCCACCCGTTCCACAGCCGCTCCACTTCCTCGGCGGCGTCACCCATCTCCCGCGCGGCCTGGTAGCGCATCTTCAGCACCGCGCGCACCCCGGAGTCCGTGGCCTTGAAGCACTGCTCCACGTCGTCCAGCGCGTCCTGAATCTGCTTGCGGGTGATGTGAGGGAACTCCTTGATGCGCCCCACCACCCACTTCTGCTTCCAGAACATCTCCTCCGGGTCGAAGCGCTTCGGGTCCTTCTTCTGCTGTCCCCGGCACCACGCGAAGGCCACCAGCGCCTTGTCCGGGAAGCCGCCGAAGGTCGCCGCGTCGATGAGGGCGTCCCGCATCCGGTAGCCCAGGCCCACGTCCTTGTGCGTGTCCGCCAGGCGCACCGCCTCTTCCAGCAGCCGCACCTTGCTCTCGCCTTCCGCCAGGCCGTCCGCCTGTTCGAAGAGCGACTCCGCCTGCTCGCGCCAGTCACCGCTCATCAGTGCAGCCCCCGGGGACCCGCGCCGCCGCTGCCTTCGCCGCCGCGCTCGCCATCCCCGCCCAACTGCGCGGAGATGAGGCCCAGCAGGCCCTGGTTCAGCAGCACCATCTCCTGTGCGTTCAACGGATGGTGTCCCAAGAGCAGTGCTTGCACGTAGAGCATCTCCACCGACAGCTTCAGCATGTCCCGGTCCGCCACCGCCGCCAGCCGCCGCACCACCGGGTTGTGGAGGTTGAAGCACAGCTGCGCCGGCTCGCTGCCCGATGCCGCCATGACGCTGTCCAACACTCCGGCGTACAGGTCAT
NZ_CP017174.1_gap34	1661672	1663523	1851	TGATGGGCAGGGAGTCCCCGGTGGCGAACCACGCGTACTCCGCCTCGTGGTGGCCCTTGAAGTACGCGTTGCGTGGGCTGCCCGTGCGCATCAGTCCCGGGCACACCGTGGTGACGACGATGCCGTCCTGGCGCAGCTCCGCGCGAAGGCCGTCCGACAGGCCCACCAGCGCGAACTTGCTGGCCGAATACGGCACCAGGTGGGGGATGCTCACCTTGCCGCCCACGGAGGCGATGTTGACGATGCGCCCCTTTCCGCGCCGCTTCATCTCCGGCAGCACGGCCAGCGTGGTGTACAGCGGCGCCCACAGGTGTGTGTCGATGGCCTCCTGGAAGTCCTCCAGCGTCATGGACTCCAGCGGCCCCACCTGGATGACGCCGGCGTTGTTGATGAGCACGTCCACCGTGCCCCAGCGCTCGTGGATGGCGGAGACCATGGCCTCCACCTGCACCGGATCTCGCACGTCGCAGGGGATGGCGTAGACCTCGCCGCCGGTGCGCTCCAGTTCCTCGCGGGCCCGCTCCAGCGTCTGTTCGTCCCGGCCGCAGATGGCCACCCGGGCCTCCTCCTTCAGGAGCTGCCGCGCCAGCACCAGTCCCAGGCCGCGAGAGCCGCCGGTGATGAGGACGGTGCTGTCCTTGAATTGGAAGCGGGAGCGGAGGATGCGGCGCAGGCCCAGCGCCGCGCCGATGCCGGCCGCGGCCACGGTGCCGAGCGAGAAGCGGGACGAGTCAGAATCCTTGCGGCGAGCTGGCATGGTGGGCTCCTGGAGTCAGGGGGCGGGAGAGGGGGCCGCGGCGCTGGCCTGGACGAAGCGCTCCAGCACCTGCCGCATGTGGTTGGACGCATTCCTTCCGGAGAAGTGGTGGCGCAGCCGGCCGGAGTCCGCGTCGAACACGAGCCACGCGGGCGTGTCCGCCACGTCGTAGGCCCGCGCCATGGAGCCGTCGTCCACGGCGATGGGGTGGTGGAGCCCGTGCTTTCGCGCGAAGGACTCCACCGCGTTGGTGTCCCGCAGCTCCTTGTCGGAGTGGGTGACATCCACGCTGATGACCTTCAGCCCACGCGAGCCGTACTCCGCGAGGATGCGCTTCACCGCGTCGATGTCCTCGTCAGCGCCGCGCTGCTTGACGGAGAAGAAGTGGAGGAGGACGGGGAGCTCATCCAGCTCCGAGACGTGGACGGGCATGTTGATCCACCCACCGTCCGGGTCCAGCAGGGTGATGGGAATGTCGAGCGTGGGCATAGGGGCTCCAGCAAGGCCTGGGTTCGGAAAGGACGCGACTCAAGCTAGGCACGCGTGGCCGCTTCCGGGCGTCGCTGGACGGCAGGCCGCGAAGCAGGCAGACACTCTCGGCATGCGCATCCCCGACTTCAAGTTGGAGCGGTACTTCGCGCGCTGGGAGTTCGCGGCGCCGTACCTGCTGTGTTCCTCGGACATCGAGGGCTGGCGGATGGGCGACTTGCTGGCGCTCGCCGGCCCGGACGAGCGGGCCCGCTGGGACGGGCTGACGCTGGGCTACACCGAATCCACCGGCCTGCCCGCGCTGCGCGAGGAGATTGCCGCCCTGTACCCCGGGCTCTCTCCGGAGCAGGTGCTCACCTTCGCCGGCGCGGAGGAGGCGCTCTTCGTCCTGGTCAACGTGCTGCTGGGCCCCGGGGACCACGCCGTCGTCACCTGGCCGGGCTACCAGTCCCTGCACGAGGTGGCGCGCGCCACGGGCGCGGACGTGACGCTGCTGCGCCTGCGCGAGGAGGACGGGTGGGCGTTGGATTTGGATGCGCTGCGCCGCGCGCTGACGCCCCAGACGCGGCTGCTGGTGGTGAACTTCCCCCACAACCCCACGGGCG
NZ_CP017174.1_gap35	1677859	1681161	3302	GCACGCTCCAGCAGGGCGCGGCGGCCCCGGGCGGACTCGTGGGGAATGCGGCCCAGCGCCTCGCCGAAGGAGTAGGTCTGGTCGTCCACCATCAGCCGAGCCTGGGCCTCCAGCGAGGCAATGGCCTCCACGTGACGGCCGGCGAGCGCGTCCTCGACGTGCGAGGCCACCAGCTCACGCACCAGTCGGATGCGGCGGACGGTGAGGGGCTCGTTCTTCGATTGGGCCTTGGCGAGCGCCTCGTTGGCGGCGGCGAAGGTGTCCGGAGACGACAGCTCGGGGAAGGAGGCGTGGAGCTGGCTGGGGGAAACATCCAGCGCGAGCCCGGCGCCTTGCCGGTAGTTCAGCGTGGCGAGCTCGGCGAGGAAGTCGTCCAGCCGCGTACGGACGGAGTGCAGGGGACGGTCCATGGGGGCGCGGAAGGTAACAGGAAGCGGGCGGCGCGAAAGGGCGATGCGCGCGTAGAGTGCCGCCGCATGACATCTGCGGTGGACACAGGGATGGGGGGCGGCGTGCCGGAGCACGTGGCGCATGGCGCGGGCTCGTACGCTGAGGCTGTCCGCCCGGTGGGCGAGGTGGCGGCATGAAGCGCCGGACGTTCCGGGTGGAAGGGGCGCTGGTGGGGAAGGCCGTGGCCCGCGCGGTCGCGGATGAATTGGGGCTGCCCGAGCCGGGGGCCCGGGGGCTGGTGGAGGTGGGCGCCGTCTACGTGGCGGGCAAGCGGAGCCGGGATGCGAATGCGCGGCTGACGGCCGGGCAGGTGGTGACGGTGGTGCTGGAGGAGGGCGGGCAGAGCCCTCTATCCGAGGCGCCCCCCGCGCCCGAGCTGCGTGTGCTGTATGAGGACGCGGACGTCATCGCCGTGGACAAGCCGGCCGGTGTGTCCGCGCAGCCCACCGAGGGGCGCGTGGGAGACAGCCTGGTGGACCTGGTGGGGGCGAAGCTGGGACGCCCCGCGGGGTTGGTGCACCGCCTGGACCGGGAGACGTCCGGCGTGACGGTGTTCGGGAAGACGGCGGAGGCCACGTCGGCGCTGGCGGCCGAGTTCCGGGAGGGACGGGCGCGAAAGCGCTACGTCGCGGCCACCGGGCCGGGTTTGCCCCCGTCGGGCACGGTGGACCTGCCGTTGTCCAAGGACCCGTCGCGCCCTGGCCGCTGGCGGGCGACTCGGGCGGCCAATGGCGTGCCCGCGCTGACGGACTTCCACACGCTGTCTTCGGGGCCTGCGTTCTGTGTCGTCGAGCTGCTGCCGCACACGGGCCGCACGCATCAGCTCCGCGCGCACCTGACGGCGCTGGGCGCTCCGATTCTGGGGGACGCGCGCTACGGCGGCGCGGCCCGGGCGGAAGGCGTGGAGGCCGCGCGGTGCTTGCTGCATGCCCAGGCGCTGGAGCTGGGACATCCGCGCACGGGCACGCTGCTGCGCATCGAGGCGCCGGTGCCGGAGGACTTGATGCGGTTCTTCCTGGCCGCCGGCGTCCTGGCGCCCTCGGGAGCCATTCGCGGCGCGGGCTCCAGGGCGGAGTGAGTTCTCACGCCGCGCAGGTGAAGTCGCGGCCCTCCACCCAGCCCCAGCCGATGAGGTCCTCGCGAATCTCCGCGCGGGCCCAGCGGACGCCCACGCACACCAGCAGGTGTCCATCTCCAGGAGCGCCGAGCTCCTGGGGAGAGATGACCGGGATGCCATGGATGTGCGTGCCCACCTTGCGAGGGTGGACCTCCACGTAGCGCCGCACGCGGGCGCCTTCCTGGTGGAGGAAGTACGTCAGCGTCTTGCCGCTCGGGCCCGCGCCCCACACCGTGCAGGGGCGCCCGTCCGCCAGGGGACCGCGGCCTCGTGTCAGGTAGCGGGCCTTCGTCCACATGAAGCGCTTGCGGGCATAGCGCGGGTCCGTGCGCGTCATCCGTCCGTCGCTGTCGCGCCATCGGAGCAATACCTCGGGCAGGTTGCGCAGGGCGAAGCCTTGGTCCAGCAGCTCCAGCCACAGCGCGTAGTCCTCCGGGAAGTCGCCGTCCTTCCAGCCTCCCGCGGCCATCAGGGCGTCCCGGCGCAGGCAGACGGAGGGGTGGCACAGGGGGCTTTCGATGAAGCGCTCCCGGTCGAGTTGCTCGGCGGAGGTCAGCCCGTTGATCCACGTGGCGTAGGTCTGGAGCGAGGGGCTCACGGGGTGGTCATCCCGGAACACCTCCACGGCCGTGCCCACGCCGGCCAGCTTGGGTTCCGCCTCCAGGGTGGTGAGGCTCGCCTCCAGGCGTTGGGGCAGGGCTTCGTCATCCGCGTCCATCCGGGCCACGTAGGGAGAGGTGGCTTCCCCCAGCGCCAGGTTCAGCGCCGCCACCAGGCCTCGGCCCCGGCCGTCAAGGACTTCCACGCGGGAGTCGCTCGCCGCCAGGTCGGTCAGCACTTCGCGCGTACCGTCCGTGGAGCCGTCATCCACCGCGAGCACACGGAGGTCGCGGAAGGTGCCCGTCAAGAGGCTGCGGACGGCGCGGGCCACGGTGGCTTCGGCGTTTCGCGCGGGGAGGAGGACAGTAACAGCCGGAACGGGCATCGTTGTGTGTAGACTGCCGCACCCATGGGTGGCGTGAGAAACGGCAAGAACGCCGGCACGCCGGAGCCCGCAGCGGTCCGACAGGAGGCGCTGCAGCCCGGCGCGTCCGACGTCAAGCCCGCGGAGGATGTCAGCGACGTGGTGGACCGGCACTTCCGGTCCGCGGCCCGGCAGTTGCGAGAGGGCTCCGCCGCGCGCGCGTTCGGAGAGCTTGCGCGCGCCAGCCGGACCCTCCCGATGACGCCGCGCCTGGCCGCCGGGATTGTGCGCATGGCGCTGCTGGCGGGCACCGAGGCGGCGGCCATCACCCTGCTGGAGGTGGCGCCTACGGTGGTCTCCAGCAGGCGCGCGGTCCGGCGTCAGCTCGCGCGGGTACTGCGACGGGTGGACCAACTGCCGCGTGCCGCCGCCGCGCTCGAAGCCCTCCTGGTGGAATGGCCCGAGGACCGGCGTGCCCAGCGCGTGCTCCAGGTGCTGCGTGCGCGCATCGAGGGCAAGGTGTTGCCCGACGCTGGTGCGAGCGCCCCGAAGGTTGATGAGGACGAGCAGGGTGTGCTGGCACAGCTCCCCGCGCGGAAGGAAGGCGCGCAGGCCGCGGCCTCTTGGGAGAACGACGACGGCGTCTACCTCATCGAAACGGTGGTGGGGCCGCCGCTTTCTGCCAGGACGGCCTCGGCGTCGGCTTCCACGGTAGGTGCGACGGAGGCACGTTCGCAGTCGTTGGCGTCGCAGCGCCCGGAGACTGGTGGA
NZ_CP017174.1_gap36	1709909	1714120	4211	GCGGAGCGGGAGACGGACCCGGAGATTCGCCGCTCGCTGCTCAACTTCGTCATCATCGGAGCCGGCCCCACGGGGGTGGAGCTCGCGGGCTCGTTGGCGGAAATCAGCCGGCATTCGCTTCCAGGCGACTTCCGGAACATCGACCCGCGGGATGCGCGCATCATCCTCATCGAGGGCGTGGACAGGGTCCTCCCCGTCTATCCGGATGACCTGTCACAGAAGGCCTGCCGCACGCTCGAGAAGCTGGGGGTGGAGGTCCGCACGGGGGCTCGGGTCACGAACATCACCGAGCAAGGGGTCTTCATCGGCAAGGAGTTCATCCCCGCGCGGACGGTGTTGTGGGCCGCGGGCGTGGCGGCGTCGCCGGTGGCACGGTCGCTGGGTGTCGAACTCGACCGAGCTGGGCGCGTCCTGGTCACGCCCGAGCTGACCGTGCCGGGCCACAACGACGTCTTCGTCGTAGGCGACCTGGCGTCGCTCAATGATGCGGAGGGCAAGCCGGTGCCAGGCCTTGCTCCCGTGGCCATGCAGGAAGGCAAGCAGGCCGCCCACAACATCCGCCGCCAGTTGCAGGGCAAGCCGATGGAGCCCTTCTCGTACTGGGACCGTGGCTCCTACGCGGTGATTGGCCGAGGCCACGCGGTGGGCATTGCCTTCCGTCGCTTCAAGCAAACGGGCTTCGTCGCCTGGCTGGCCTGGCTGCTCATCCACATCACCTTCCTCATCGGCTTCCGCAGCAGGCTGGCGGTGCTGCTCAACTGGGCCTACTCGTACCTGACGTTTGGCAAGTCGGCGCGCATCATCACCGGCCCTGCGCCTCGCCTGGACCGGCTCCAGCCCGCTCACGCGTTGCCGGAGGGTGGAGAGACACCGTCCATTCCGGAGACCCACTTCCAGACGACGGCGTCTCATGCGACGCCCGTGACGCACTGACGCGCGCGGTGGCCCTCAGCCATCCAGGTCCTCCAGCGGGCTGGCCCTGCCGGAGGGCCCGGTGTTCCGCCAGGCGGCGTCCTCGGGCGGAGGGGCAGGGCGGGCTCCGTGAAGCTTGCCTTGCATCGCCCCTCGCCGGTCCAGCATGCGGCAATTGATGGCGAGCTGCATGTCGGTCTGGTCGATGCGGTCGCGTCCCTCGAGGTCTGCCCGCGTGAGCGCCAGTTTCATGATGCGGTCATGGGCTCGCGCGGACAGGCCGAACATTCGCACCGCTTGCTGCAGCATGTGCTCGGCCCGTTCGCTCATGGCGCAGTACCGGCGCAGCAGGTGCGCGGGAAGCTGCGCGTTGCAGTGGATTCCCGGCTCATCGCGATAGCGGGCGCGTTGACGCTCGCGCGCGACCTGGGCCCGCTCGCGGTAGTAGCGGCTCGAGGGCTCTTGGACCGTCGAGCGGGCCATGTGGTGATACTCCACCGGGCGCGTCTGCAGGCTGATGTCGATGCGGTCCAACAGGGGCCCGCTCACGCGCGTCATGTAGTCGAAGACGCGCTGCTCGCCGCAAGTGCAGGAGCGGCTGGGGACGTTGTAGTAGCCGCAGGGGCAGGGGTTCATCGCGGCCACCAACATGACCCGGCAGGGATAGGTGATGTTCTGGTTGGCGCGTGCCAGGTGGATGACGCCTTCCTCCATGGGCTGGCGCAGAACCTCCAGCACGTTCTTCCGGAACTCCGGAAGCTCGTCGAGGAAGAGCACGCCATTGTGCGCCAACGAGAGTTCGCCAGGCCTCGCCGAGAGGCCGCCGCCCACCAGGCCCGCGTCGGAGAGGGTGTGGTGGGGCGCGCGGAAGGGGCGCTCGCGCATCAATGCGTGGCCTTCGCCCAGCAAACCCAGCACCGAGTAGACCTTCGTCACCTCCATGGCCTCGGTGAACGTCATCTCCGGAAGGATGCCGGGCAGGCGCCGCGCCAGCATCGTCTTCCCCGAGCCCGGTGGCCCGGACATCAAGACGTTGTGGCCTCCCGCCGCGGCGATTTCGAGGGCGAGCTTCAGGTCGGCCTGCCCACGGACATCGGACATGTCAGGTGCCTGGCCCGTGGGCGCCTGAAGACTGGGTTCACGCTGCCGCGTGTACGGCGTGATGCTGCAGGCCCCCGTCAGGTGGTCCACCGCCTCCCGCAGGGTCTTCACGGGAAAGACGCGCAGTTCTTCGACGAGCGCGGCCTCCGCGGCATTGGCCCAGGGCACCATGACGCCTTCGAAGCCGCCGTTGAGCGCCGCCACCGCCAACGGAAGCACTCCTTTGATGGGGCGGAGCGTGCCGTCCAGGGACAGCTCGCCTCCGAAGAGAAGCCGTCCCAGCGGGGCTTCATCCATCAGCTTCGCCGCCGCTAGGACGCCCAATGCAATCGGCAGCTCGAACGCCGCGCCTTCCTTCTTCAAATCCGCGGGCGCCAGATTCACGGTGATTCGCTTCTGAGGAAGCTCGAAGCCCGTGTTCTTCAGCGCGGAGATGACGCGCACTTTCGATTCCCGGACCGCGCCCTCCGCCTGCCCCACGACGTTGAAGTAGGGGAGGCCGAGCGCCATGTCGACCTCACACTCCACCACCACCACGTCGATACCCATCAACGCCCCCGACCGCACCCTCGCCAACATGACCCGTCCTCTCGCCGTTCCGCGCGGAGTCCTTCAGCAACGCACGTACCGAGAGCCACCCCAGGCGTAGACCCGCGCTCGCCAATCCGCGGCGGCGGATGCCCATCCCAGCCTCGGGAGGTTTGAGTTTCAGTGTCCTGGTATTTGTGAAGCCGGGACTAGCCATGCCCTGATGAGTCCGGTAGCGTTTCACCCACCTTGGGGGACGCGATGGGGGCAAAGGCCGCAGTGGAATCGGGGGTCGTTCGTCAGCGCCGGCAGGTTCGTATCCGCAGGGCGGACATCAAGCGGGGCCAACGGATGAAGGTGGCGTTCGGGGTGTTCCGCTTCTGCCTCTACGGCATGGTGGGGCTCAGCGCCGAAATCTTCTTCTACAACCTGGTGCGGATTGCCCAGCACGTGCCGCTGCTGGAGGCGCTCTTCCGCTTCCAATGGCGCGTGGACGACCGGTTGGGACTCAACGCCATCTGGGATACGCCCATCTCCACGGCGTATGGACAGTGCTCGTTGTGGATGTTCGTCATCTATGGCGTGGCGTGCTTCTGTTTCATCGAGCCGCTCTACCGCTGGATGCTGTACCAGCACACGGGCCTGCGAGCCGCTGTGTACGGCGTGGTCATCCTGCTCTTTGAAGGCTTCTCCGGGGTCCTGCTGGAGCGGCTCACGGGATACCGCATCTGGTACTACGCGGATGCCGGCGCCATTCTCTGGCAGATGACCTCGCTCTACATCCTGCCCATCTGGATGGTGACGGGCCTGCTGGCGGAGTTCATCTACAGGGAGCTGATGGACCCCGACCTCCTGGCGGCCTTGGAGTCTCCGCTGCCCGCCACGCCGGAAGAGACCGAGGCCTCGTTCCAGTTGATTCGGTAGACGCAGGCGTGGCCGTCGTAGCCGGACATCTCGATGACGATGTCCTGCGCACCGGCCACCCGCAGCCCCGCGTGGATGATGCCCGCGGTGAAGGCAGGGTAGGGGCCTACCTCGTTCATCCAGAGCTCGAACTGGGTGGGCCCCAGCTCACGCAGCTTGGATTCCGTGTAGTTGTTGCCAGCCCGGAAGTTCTGCGTGGCCCGCATCAGCGTCCTGCGGGGCCCCAGCACGCGAAGCAATGAGAGGACGGCGCGTCCCAGCATCGTCTCGCGGAAGCCTTCGATATAGGCCTCACCCAGCTTCCAGGTTCCCTGCTCGAGCGAGAGTTGGGGAAAGAGCTCCTCCGACGTGATGCGAAGGAACGTCATCCACGCATCGAAGGTGTAGGCTGGCCGGAGCTTCTGGTCCACATCGAGCCCTGCCTGACGCAGGCGTGCCTTGCACTCAGGCGTCAGGCGCCCGTGCAGTGCCCGCAGGAACAGGGCTTCGATGGTCTGCTCGAAAATGAGAAGCTCGTCGGCCATGAGGAGTGAACTCTAGCCGACGAGCTTCTCGATGTGAACCACGTACCCACCCGGAGCGTAGGCTCCGGAAGAGGAGTCTCAGGGCGTGGGTGCGGGGGGCGGGGTCGGCGTATCGACCGAGGTGCCCTGGATGATGGCGTTCTGCGGCAGCTCCGTGGCCATGCCCAGCACCTTCGCGCCAGCGGCCTTCGCGCCGTCCAGCGCGGTGATGAGCCGCCCGTA
NZ_CP017174.1_gap37	1733707	1734541	834	CGCCGCGGCGAAGGCGCTGCCGGAGCTGCCTCGCGCGAAGCTCCAGCGCTTCATCAGCCAGTACGGGCTGCCCGCGTATGACGCCCGCATCCTCACCGCCGAGCGTCCGCTGGCCGACTACTTCGAGGCCTGCGCCGGGCACTACAAGGACTACAAGAAGCTCTCCAACTGGTTCCTCGGCGAGCTGATGCGCCTGCTGAAGGAGGAGGGCACGCCACTGTCCGCGCTGCGCTTCACGCCGGCGCAGCTGGGGGCGCTGCTGGGCGCCGTCGACCAGGGCACGGTGTCCGCCAACGCGGGCAAGGATGTGCTCGGGGAGATGTTCCGCACGGGCAAGGCCCCCGCGGACATCATCGCGGAGAAGGGCCTGGCCCAGGTGAGCGACACCGGCGCCATCGAGGCGGTGGTGGACGACATCCTCGCGAAGAACGCGGGGGAGATTGAGAAGTACCGCGCTGGCAAGAAGCAGGTGTTCGGCTTCTTCGTGGGCCAGGTGATGCGGGCCATGAAGGGCAAGGGCAACCCCGCCCTGGTCAACGAACTGCTGAAGAAGAAGCTCGGCGACTAAGGCGTGCCTGGTGCCGTGGTGGGCACGGTGGCGTGCACCACGTCCTCCTCTTGCGTCGTCTGGGCCTGGGCGAGCACTCGCACGTCGCCGGAGGCCGTGCGCTCCAGGATGTGCGAGGTGGCCTCGAAGGTGCCGCCGAGCAGACTGCCCACCTGCTGCGCGCTCACCACGTAGCGCACGTTCCGGAGCGTGCGCAGCTGCGCGGGCAGGCCTTCGTGTCGCCAGCGCTCGCCTTGGGCAGGGCGTGTCCACGGCCCGGCGTGGAG
NZ_CP017174.1_gap38	1763081	1767765	4684	GCTGGACGAGCGAGGCTTCCACGGACTGTGTTTCGACAGCGCGGAGGGCTATGAGGCCGTGTGTGTCTCAACCATCCACGGGAGGCCCTCGATTCAACTTCGCTCGAACGATGGGAACTCCCCCCAAGAGCGCATCACTCTCGGTGTCAACGAGAGCGGCGTCGCGACCGTGGAGATCCGCGACGCCGCTGGCAAGACGCAAGTCCGATTGGAGGTCGGAAAGGACGGTCATACGCGCATCGAGGGTGTCAGCCCGCCCCTGACAAGCCATGCCCCCTAGACTCCGCGCTGACGGCCCTCATGCCGGTCGAGTCCCGAGTCGTGTGTAGTCGGTGAAGAGCCCCCCTGTGTCAGGGAGTTTGTCGCCGCTGCGGTGCGCGCCTCGCTCGCTTTGGCGCACGGTTCGACGCGGCCTTGACGCCCCCATGTCGCAGCGACCGAATTTTGGATAGGCACAGGGAGTTGAGCGAAGCAGATTCCAGACTCGTTGCCGCCACAGAAAGGCGGTGGCGGCAACGAGCGAGGGACGGAGACCGTCATCCGGTCCCACGCCCCACCTCACACCTCAGGGCTCAAGGGCCGCACTGCGCGGGGCCTGAGTTATCAGAGAACACGTTCCCCAGGCTCGGCGCGGTGAAATCCGTGGTGAAGGTGTCATAGTTGGGGGTCTTCGCACGAGTGATTCCGCACCCCATGGAGTGACGGAGCGTGGTCTGGGTAATGATGGGACCCTTGTCAACGATTACCCTGACGTTCGCGTCTGGGTTCCCATCGCTCGCGCGCGAGCCGCCGTACTCGACCACGGCCCGCGTCAGCTTGCTAGCAGCCGTCGCCATCTCGCCGAACACAAGGCCCTGCCAATGGCCAGACATGGGGAACTCCGCGTCGGCCGTCAGCGTGATGGGGGCCTCGGCCGTTCCCTCGGCGCGCAGATTTCCACCCTCTCCCGTGCCAATCTCGAAGTAGCTCAGGCGACCGAAGCGCAGCGTGACTCCCGGGCTCAACGTCAGCGTCGGAGTGGTTGCGCCATCGACATAGACGGAGTCCTCCATGGCGTAGGGGACGCCAACGTTGACCCAGGTCTGCGAGCGGTCCACCTGCCCGCCCGGCGACCGGATGACGTTGCGTCCGTTGGACATGAAAACACTGTCACCCGGGAGGCTTCCGAGCTGGTTGACTCCCATGTAGATGGGGGCATTCGCCACGTCCGTCACCGTCAGCCCCATTGAGTTCGAGCCGAAGGCACCTTCGTGCATGAACGTGATGCCCTGGGACGCGCTGTGCTGAATCGTCACGTCCTGAAAGTTGGGACGCACGGTGCTTCCACTCACGATGATGCAGGCATCGTTCGCGGTGCCGTAGCCCGAATTCGAACCACAGTACTCAACGACGGCGTGGGAGATGCTGCTGGAGGTGGCCCCTTCCAAGAAGTACACGCCCTGCCACTGGCCCGGAGCCGGCGAGTCGGCATTCGTCGTGAAAGTCACCGGCTTCTCCGCTGTCCCCTGGACCCGGAGCGTCCCGCCCTCGCTGCCGTAGCCGATCTCGATTGATGCGCCATGCTCAAAGCGGATGATGCACCCCGCCTCGATGGTGAGCACCGGGGTGCCGGAACCCGCAACGACAATGTCATCAAGGACGATATGCGGGTTGTCCACCTCGCGCCACGTCTCGCTGGTCAAGATGCTTCCGTTTGAGTGAATGGCCCCCCGAACCGTTAGCGTCAGGTTCCCGCTCTTGTTCCCCGACGCAGCGGTGACCGTCGCAGTCCCAGCCCCCATTCCCGTCACCCTCCCGTCCCGCTCCACACGCACGACGGAGGGTTCGCTCGAACTCCAGGTAACGTCGTCAAGCATCACCGGCTGGCCACGGCTGTCCCGCCCCGCGGCGGTCAACGCGAGCACTTCATTGACAGCGAGAGTGCTCTTGCTCCCCGCGACGGTGATGGTGGTGTCCGTAGGCGTGGGCCTGGGAGGGGGCGGATCATCTCCCTTGCCAGGGTCGGCGCCACAGCCAGCAATGAAGAGGGAAACGAGCAAACAACGCATACGCGAAGCGCGCATGGCACTTCCTCCAAAGGGTGAGTATTGCGCGCCTCTGTATCGGTGCGGGCTACGTGGAGACTCAAGCCCTATCCGGCCTTCCAGGCGGAGAGTGGAAAGGTGGCTAGTGGTTTTCCACGAGGCGCAACGCTCTCAGTCCTGCGCCCCCCAGAACGCGGCGATCAACTGGGCTCGGCTCTGATTGCCAGACTTCTTGAGGATGTCCGTGATGTGCACCTCCACCGTGCGCTCGGCGCACCGGAGGCGGTTCGCGATGTCCCGGTTCGAGATTCCCTGAACGACAAGCTCCAGGACCTCGGCCTGGCGGGCCGTGAGCGCCCCGTGCCAGGCAGGGAACCGTCTGCGAGCCCCCGTGGCGCTCTTTCCTCGAGGCATTCTCAGGAGCGCACTGACCTCCGCCTGGAGATGGGAGATTCGTTCCAGCATCAGCAGGTGGGCCTGGCTGGCCACCTCGCTTCCGAGAGCGAAGGCCGTTCGGGAGGGCGGGAGCAGGAACCGATAGACGGCTCGACGTGGCGCGAGCTCCAACTCCACCTGAGCCCGGGGCAGGCCGATGAGCCGTGGCGAGTTCGCGAGCGAGGCGCTGCAGATGCGGAAGAACGCCGGCGAATCGCGCCAATCATCCGGCAGCGAAAGTTCGAGCTGGAGCCGATCCGGCCCGAGCAGCTTGCTCCGGACCATTATCCGAGGATGCGCCCAGCTCCCGACGGAAATCACCAACCGGAGGAGCTGAAGAGGCGAAAGCACCCGTCGGGCCACCGCCAGTATCTCGGGGATTTGCTCGTTCACCGCCAGGGCGAACTGCTCGACGCCCCCCAGCGGACTCCATGCTTGTTCGATCCGGTCGTTGAATTCGCAGAAGGCATCCCAACTGATTCTACGAAGCGGTCCGGTCAGCTCGCGCTCCTCGACGGACGGCCTACCCAGGAGCGTCGCGCGAGGGACTCCATGGCGTTCGGAGACGTACAGCCCAGCCTTGATGACAGAGATAGGGACGTGATTCAAGACGAAGAGCTGAGTGTCAGTCTCGGTTCAGAGAAACGGGGGCACCCTATTACTCCCCGAGGGACTCTACAAATTTGTGCGCCCCCAGTGCCCGAGATAGGTAAGCGTTCAGGGGGGGCTGGGCGGTTGAAGAAGGAGCAGGCCATCAGCCGGCGGGAGGCTTGTCGCTCGCTGACGCGGCGTGGGACATGAGACACGGCCTGTCGTGGCCGAGGTCGACCCCAAGGATGCGCGCATCGCGGAGCTCGAGCGTCAGGTCGAGGAGCTGACTCGACTGGTGCGGGAGCTCAGGGAACAGTTGCGGCGGAACTCGGGCAACTCGAACCGGCCACCGTCGAGCGACACGCTGGGGCAGCGGACCGAGCGGCGCAGGCAGTGCGGGAGTGGGAAGAAGCGCGGCGGTCAGCCGGGACACAAAGGCCTGACACGCGCGCTTGTTGCCGAGGAGAAGGTGAGCGAGTTCAAGCACCTCTTCCCGTCCGAGTGTGAGAATTGCTGGGTTCCCCTCTCACGCGATGGCGGCACGCGGGGGCTGACGAAGAAATGCAGCTCGCGGCTTGTCTCGGTGCCGTTCGGCGTAACGACAGAACGCTCTCGAGCCAGCGCCAACACACTCCTGGCGTGCGGCAGGTAGTGCTGCACGCCAGGGAAGTGCTTCACGTCAAATGCCCAACCGCGTCGTTGCTCTTCTCGGACATGGCCTGCTTCCTCCCCACTGTCCGTGCGCGAATCGCACAAGGGCTCTGCCCGCGCCTCATCCAGCACGTCTTTGCTACCCACGACGCACAGCCTCTCGCACACCGCGGCGTGCGAGGGCCCCCGGTTGCCCGTGAGGGGCAGGGCATGGCGCATCCCCCGGCCTTCACGATGCCGTCGGCCAGTGCGCCCGTCAGGAGGTTCGCGTCGCCTGTTACCACGGTGTCGGTCAACTCCAGCAGGCTCAGCAGGTCCGCGGCTGCGTCGATGACCAGAATCCCGCGTTCTTTGATGCTCCCAACACGACTCAGGTCCACCCCGCCGACCCCATCCTTTGGTGCTTGAGAATGCCTCCAAGCACAAGTTCCGTTCGTCATTAAGCCTTCCGGCACGACGCCCACCGGACGGTTACGAAGGAAGAGGGACAGATGTCTGCTGCCCAGCCGAGGCGACATCTTTCCTGACACAGGGGGCTACCGGTTGGTAGGGCCCTTCGTTCAGCTCCCCGGGAGGGATTCGAACCCTCGACCCCGCGGTTAACAGCCGCGTGCTCTGCCAGTTGAGCTGCCGGGGAATGCGATACCTCCGGAGGGATTCGAACCCTCGCCACCCGCTTAAGAGGCGGGTGCTCTACCGATGAGCTACGGAGGCGTGGTGTCTGAGTGGCAGGATTTGAACCTGCGGCCTCACGGATCCGAACCGTGCGCTCTGGCCAGACTGAGCTACACCCAGAAGTGAAGTTGGCTGTGATTGGGAACGCTGGGGGTCGAACCCAGCAGGGCCGGAACGACAAAAGGCCGGGTTCCCTGATGGGAGCCCGGCCTCCGCGGCGCATGCCGCGTCCGTATCAGGTACGCGTGCGTCAGCGGGAGTCGGGCGGACTCTTGGAATTCGCGCGGAGACCGCCAGAAAGAGACGGG
NZ_CP017174.1_gap39	1790297	1791403	1106	CGGTGGCCTACAAGAACCGCGGCGTCATCGGCTTCGACCTGGCCGGCGCGGAGGCGAGCTTCCCGGCGAAGGACCACCGGGACGCCTTCCAGCTCATCCTCAAGAACAACGTCAACTGCACCGCGCACGCGGGCGAGGCCTACGGACCCGAGTCCATCTCCCAGGCCATCCACAACCTGGGCGCGCACCGCATCGGCCACGGCACGCGGCTGCGCGAGGACGGGGACCTGCTCAACTACGTCAACGACCACCGCATCCCGCTGGAGGTGTGCCCCACCTCCAACGTGCAGACGGGCGCCGTGACGAGCCTGTCAGCGCACCCGCTGAAGTTCTACTTCGACTACGGCCTGCGGGTGACCATCAACACGGACAACCGCCTCATCACCGACACCACGGTGACCAAGGAGCTGTGGACGGCGCACTCCGCGCTGGGCCTGTCGCTGGAGGACCTGACCACCATCCTCGTCTCCGGCTTCAAGAGCGCCTTCCTCCCGTTCCGGGAGAAGCAGGACATGCTGCGGGCGGTGAACGAGGAGATCGCCCAGACGCTGGCGGCCTTCGACCAGAAGCGGCACCTGGTGAAGCAGCCCGCTTGATGACGTGACGTCCGGCGTCCCGGCCCCGTGCGAGGTGCAGTCGCCTCGCGGGGCCGGCGCCGGCCGCGAGGAGGTGGCACGTGGACCTGGAACTGGGTGGCAAGGTGGTACTGGTGACGGGTGGCTCGGAGGGGCTGGGGGCTGCGGTGGCCCGGCGGCTCGTCCGGGAGGGCGCGAAGGTGGCGCTCTGTGCCCGCGGGGCGGAGCGGCTGGAGGCCACCGCCGCGGCCCTGCGCGCCGAGGGTGGGGATGTGCTCACCGTCCAGGCCGACGTGTCACGTGCGTGGGAAGTGGAGCACTTCGTGGATGCCGCCCACGCGCGCTTCGGACGCATCGACGGGCTGGTGAACAACGCGGGCACCGCGGCGGGCCGGCCCTTCGCCTCGGTGAGTGACGCGGAGTGGGAGGCCGACCTCCAGCTCAAGGTCTTCGCGGCGATTCGTGCCTCGCGGCAGGCGCTGCCCTTCCTGAAGGAGTCGGGGAGCGGCGCCATCGTCAACGTGCTGGCCA
NZ_CP017174.1_gap40	1827594	1828871	1277	GGTGAGCGGCTCTTTGGCATCGGCATGGGCCGCACCGTCCTGTCTGGCCTGGGCGTCGCGGTGGCGGTGGGCGCTCTGGTCTGGCGCTTCGCGCGCATGCGGTCGGCCAGCGCGGACCGGCGTGCAGTCGAGGCGTGGGTGTCAGGCCTCTACGGCGTGGGCCTCCTGGCCCTGGTGCTCTACTTCGTCCAGGCGGACGTGGGCACCGGACTCTTCGGTAGCCCCCTGTCCCAGAAGGCGCCTCGGCTGGCGGTGTCGCTGGCGGCGCTCTTCCCGGCGTTGCTCGCGTGCTGCTTGCTGCCGCTGGCGATGATGGAGGTCGCCGCCGCGGCGATGACGCGCGCGCCGGTGCTGGAGACGGGCCGTGTCCGCAGCGCGTTGTACTCCGGGCTGGGGTTGGCCTTCGTGCTCGTCTTCGCCTTCGCGTCCATGTTCGTCGCCACCCAGGCAGACGTGACGTGGGACCTGTCCTACTTCCGCACCGCGAAGCCAGGCGACGGCACGCGCAAGGTGATTCGCGGGCTCAATGAGCCGCTCCAGGTGACGCTCTTCTTCCCACCCGCGAACGAGGTGGGCGAAGCGGTGGGGCAGTACTTCCGCGACCTGGCGGTGGAGAGTCCGGGCCTGCTCAACGTGGTGCGGCTGGACCAGGCGGTGGAGCCGACTCGGGCGAAGTCGCTGGGCGTCCACAACAACGGCACCGTCGTCCTGGCTCGCGGCGACCGGAAGGAGCCGCTCACGGTGGGCCTGGAAATCGAGCGGGCGCGCGGCCAGCTCCAGCGGTTGGACCAGGAGGTCCAGCGCCGCCTGCTGACGGTGGCCAGGCCCCGCCGGGTCGTCTACTTCACGTCCGGCCACGGTGAGCGCGCCGAGTCGCGAGCGGTGCCGGGCGAGACGACCCGCCCGTCCGTGGAGAAGCTGAAGGAGTTGCTGCGCGCGCAGAACGTGGACGTGCGGCCGCTCGGTGTCTCCGAGGGGCTGGGCACCGAGGTGCCGCGTGACGCCTCCGTGGTGGTGGTGGCGGGCCCGACGCAGGCGTTCCTCCCCGAGGAGCTGAATGCCCTGCGCGAGTACTCCGCGCGCGGCGGCCGGCTGTGGCTGGCGCTGGAGCCAGAGGGGCCGGACTTCCAGCCGCTGCTGGAGCCCCTGGGCCTGAAGTACCTCAAGACGCCGCTGGCCAATGACCAGGTGTACTTCCGCACGTCGCGGCAGCAGAGCGACCGCGGCAACCTGGGCACGGCGACGTTCTCCTCGCACCCGTCCGTCACGTCGCTGTC
NZ_CP017174.1_gap41	1859099	1861014	1915	CCGCCGCGGCCGTGGACGCCGCCGGGTGGATGCGCACGGGCGACCTCGCGGTGATGGACGACGAGGGCTACGTGAAGGTGGTGGGCCGCATCAAGGACACCATCATCCGGGGCGGTGAGAACATCTCCCCGCGCGAGGTCGAGGAGTTCCTCCACACGCACCCAGGCGTCAGCGAGACACAAGTCATTGGCGTGCCGAGCAAGAAGTACGGCGAGGAGGTCATGGCCTGGGTGCGCGTGAAGCCCGGCGCCACGCTCACCGGCGAGGAGCTGACGCGGTTCTGCGCGGGCCGCATCGCGTCCTTCAAGATTCCCCGCTACTGGAAGTTCGTGGACGCGTTCCCGATGACGGTGACGGGCAAGGTGCAGAAGTTCAAGATGCGCGAGGCGTCCGTCGTCGAGCTGGGGCTGGAGGACGCCGCGGCCATCAAGACGGCTTGACGCGCGAGGTGCGCTTCTTCGCCGGTGCCTTCTTTCGCGGCGTCTTCTTCGCTTTCTTCAACGCAGCCCGGTTCGCCGCGTCCACGGCCTTCCGGGCCCAGGGCAGGAGCGCGTAGGCGTCATCCGCCGCGTCCGCAGGCGGAGTCCAATAGCCCAGCTCCACCGGGGTGCTCATGCCTTCGTAGACGAAAGGCCGGCATCCGGCGGCCTGGAAGTCCGGCTTGGTGACGTCATCCACCTTCAGGAACAGTTGCCCGCCGCCGATGAGCCCGAACATCCGTCCGCCGAAGTAGAGCCCCCAGCCGCCGAACATCGACCGGGACTTCACGGGCCCCAGCTTCTCCAGTAGTTCCACCGTGTACTCAACGAAGCTGTCCGTCCGGGCCATGATGCGTCTCCGTGTCTCGATGGGCCTCGTGAAGGCGGCGCCACCGGCCGCGGCACGCTAGCGCACCCGAGGGCCTGGAGCGGCCTTCCTCGTGCCCCAGGGTTCCGGCATGGCGCGCACGCTCTCCACGATGAAGGACTTGAGCGCCCGCGCCGCGGCCGTGAGGTAGCCCTCTCCCCGGTGTATCAGCGCCACCTGCCGCTTCAGCCCGGCGCGCGCCAGGGGCACCACGTCGAAGCCCCGGGCATGGTGGTCGCGGGCCATCAACTGCGGCACCACCGCCACGCCCAGGCCGCGCTCCACCATGCGGCGCATGGCCTCCGCGTTGTCCGTCTCCACCGCCAGGCGGGGTGTCACGCCCCGCGCCTCACAGGCGGCCTCCATCGCCCGGGTGCCGCTCATGCCGGGGATGATGACCCAGGGCTCTTCCACGACCTCGTCCATCGTCACGGGCTTGCCTGACTTCGTCAGCCGGTGTCCACGCGGGACGGCGAGCACCAGTGACTCCTCCCACAGTCGCTGCGCCACCAGGTCTGCGCGCCGCACGGGGAGGGAGAGGATGGCCAGGTCCAGGGCCCCGCGTGCCACGCCTTCCTCCATGGCCGGTGCCAGTCCCTCGCTCAGCCGCGGCCGGACCTCCGGGAACTGGCGGGCGAAGGCTGGGATGATGTCCGGCAGCAGGTACGCCCCCACGGTATGCAGCGTGCCGAGCGACACCACGCCGTGTGGCGTCCCGGACAGCCGCTCCAGCTCCGAGGTGCCCGCCGTCAGTGCGTCCAGGGCGCGCTGGGCGTGAGGCAGGAAGCGCTCTCCCGCATCTGTCAGCACCGCGCCCCCAGGCGTGCGGACGAGCAAGCGCGTGCCCAGGGCGGCCTCGAGTGATTGGAGCTGCCGGGAGAGGCCGGACTGGGACAGACCCAGCCCACGCGCGGCGGTGCCCAGGCGTCCCGCCCGGGCGACTTCGAGGAAGGCTCGGAGCTGTTCGGAGGTCATGCGGATTCCGCAAGAAGTCTATGCGGAAGATGCGGTTTCCGCATGAGGACTTGGGGCGTACAGAGAGGTGATGGACGGAAGCGGCGTCACAGCG
NZ_CP017174.1_gap42	1868756	1869550	794	ATTCACTGTCTGGCTGCTCCAGGCGCTCTGCGCCGTCTTCCTGGCCATCCTCTTCCTCCAGTCTGGCCTCGACAAGGTCATCGACTGGAAGGGCAACCTGGGCTGGCTCACGGGCCACTTTTCCAAGAGCCCCCTGCGCGGCGTGGTGCCGCTGATGCTGGCCACCGTCACCGTGCTGGAGCTGGCGGCGGGCGCGCTCAGCGCCGCGGGGCTGGTGGCGCTGGTGGCCACGGGCAGCGCGACGCTGGCCTTCTGGGGCGCGCTGCTCTCCGCGGTGTCGCTGGTGGCGCTCTTCTTCGGCCAGCGGGTGGCGAAGGACTACGCCGGCGCGGGCGGGCTGGTGCACTACTTCCTGCTGACGCTGGTGGCGGTGTACGTCACCCGCCTGGGCTGAGTCAGAGCACCTTGCGCGTGGGGACCAGGGCGTTGGCGGACAGCAGTCCGGCCACCAGCGCCACGGCCACCATCAGCATGGAGAAGGCCGTGTCCACGCCGGCCACCACGTCCCGCTCCAGCAGGGATGACAGGCTGCGGAAGCCCACACTGCCGGGCACCAGCAGCATGAGCCCGGGCACCAGCGTGGTGATGGAGGGCTTGTTGCGCAGCCGGGCCAGCGCGTTGCTGCCCATGGCCAGCAGCAGCGCGCCCACGAAGGCACCCAGCTGAGCCCCCAGCAGCAGCGAGCCCAGACGGGCCCCCGCGAAGGCGAAGGTGCAGGCTCCGGCAATCCAGCCCCAGTCCCTGGGGCGCGCGCGGAAGAGCACGCACACCGCGAAGATGGCCACCAGCAGCAT
NZ_CP017174.1_gap43	1870905	1875835	4930	CATGTGTCGCCCGCTCCCGGGCCATGTGCACGGCGCCCGTGGTCCTCTCCCGAATCGCGCTGGCTTTGTCGAGCGCCTTGCCCTTCACCTCATGCGCCTTGTCGCTGTCGCTGGCCTTCATGTCGGTGTGGGGGCCTTCGCTGCCAGCCCCGGCGCGCAGGCCGTCATGGCGCCACCGTTCGTCTCTCCTCCATGCGAGCTCGCTGTCCTGGCGCGCCGCGCGTGTGGTGAAGGCCTTGCGCATCAGGGCCGAGCCAACGCCCGCTCCCGCGAGGGCGCCGAGCAGGCTCCAGCCCTTGGGCGAGTCGGCCCGGTCCTTCAATTCCATGCTCTGGTGCATCACTGTCTCCCTGGCCTGCGTCTTGAGTTCCGTGGCTTTCTCCACGGCGGCCTCCTTCGCGTGCTGTTTGAGCGCGGTGGCCTTGTGCGTGGCGGCCTCACGGGCGCGTTCCTTCAGCCGGTCGGGTTCGGCCTTCCGGGCCATTTCGCCCGCGAGTTCGCTCATGCGTGCCCGTGCATCTGCGATTTCATGGAGTGCGCGCTCCTGCTCGCCCATCGCCCATCCTCCTTGAGGGTTTGAATCGTTCGTTCAGGCCCGTGGACCCGCTTCATCCGATGGCGCCCGCTCCAGGCCATGGCGCCGCCCACCGCGAGCAGCACCGCCGCGACGATGAGGAGGGAGGCCCAGAGAGGCAGGGCATCGGCCAGCACCGCCACCAGGAAGGCGACAAAGGTGATGGCCCCTAGCAGCAGCACCCCGCCGCCGCCTGTCAGCAGGCCCGCTCCGGCAGATGCCTTCCTTGCCTCCGTTCGCAGCTCGGCGCGCGCCAGGGACACCTCGGCGCGGACCAGGCGGCGTGCCTGCTCGGTGAACTCGGAGAAGAGCGCTCCGAAGCCGCCTCCGTCCCGGTGGGGAATCGTGGGTTCCATGCTGGACGCTCCCCTCAGGACTTGATGAGCCGGCCGAGGACGAAGCCCGCGGCCACGCACCCCGCGATGAAGAGTCCGGGCCGCTCGCGGACCTGTGTCTGGGCATCCGCGAGCAGCTCTTCGGTGGTTTCGTTCTCCAGTCGGTCGGATGTGCGGCGAAGCAGCCCCGCCGCGCTGCCGAGCAGCGGCCGGGCCACTTTCGCCTCGTCTCTGTCCGAGATGCTCTCCAGCGTGGAGACGAGTCCCCGCATTCCCTTGGCCACGTCACCCCGGCGGCTCTCGACCTGGCGGTAGAGATGCTCCTTCGCGGCGCTGCCCAATTGCTTCGCCTGCTCCTTGCCGGCCTGCCCGATTCCGGACGTACCGGACTCGCCACGGGCGATGCGGGAGCCCTCTTCCGAGCGCTGTCCGTACCCGCTGCCTTGGATGCTGCCGTCAATGACGCTTCCCATGCTGACTCCTTCAGGTTCCGAGGGGGGAAACTGTCGCGGGGGCTTCACAGGTCATCGTCCCCGCGTGCCTTCACCTCAGAAGGTAGACATGCTGCATGGCTGGCCTGGACGGAGACTGGTACGCAGGCAGGGTGGGCGGTGGAGGGCGCGGGCGAAGGTGGGTGGAATGAGAGAGGACGTGGGTGGATGGTGCGCAAGCAGCGGACCCCGAGGTGGCTGGAAGCGGCACGGCGGAGGGGACCGGAGGACGTGCAACCCGCTGGACGGTCGGACTGGTTGGCGAGGGCCCTGGGGAAGGCCGGAGTGATGCCTCGCGCCCAGGCGGAAGCGGCCATCCGAGAGGGACGGGTGACGCTCGATGGGCGGGTGGAGCACGAGCCCTTCGCGCCGGTGCGTCCGGGGATGGAAGTGCGGGTGGACGGGCTGGCGCGGCACCTGGAGGCGCCCGTGTTGGCGCTGATGTTCCACAAGCCAGCGGGGCTGGTGGTGCACGGCTCGGACGCGGAAGGCGTGGGCACCGTGTTCGAGTGTCTGCGTGAGCGGCTCACCCATCCGCTGCGCGACTATGAGTGGCTCGCGGTGGGCCGTCTGGATCGGGACACCACGGGGTTGCTGCTCTTCACCAACGACGAGCGTCTGGTCCAACACGGGACGTCGCCCGAGCGGCACCTGCCCAAGCGCTACGTGGCGGGCGTGGTGGGGCCGCCGCCGGAGGATGCGCTCCGCCGGCTGCGTGAGGGCCTGGTGCTGGAGGACGGCCCGACGCGGCCCGCGGGTGCCCGGTTGCGCGCGCCGGACGTGGTGGAGCTCACCCTGACGGAAGGGCGCAACCACCAGGTGAAGCGGATGCTGGCGGCGGTGGGTCATCCGGTGCGGACCCTGCACCGCGAGGCCGTGGGCGGCGTGACGCTGGACGTGCCCGAGGGCGCGTGGCGGTTGCTGACGGACGAGGAAGTGTCCCAGGGGTTGTCCTTCTCCGTTTCCTGAGGCCGCGCCCGCCGCGTGTAGACTTCGGGGCCATGGACGATTCCGCGGCCCGTGAGCGTGGCGGCTTCCCCGCTCGGGCCTTCTGGCTCGGTGTCTTCGGCGTCACGGCGGCCTTCAGCCTCTTCTGCCTGGGCGTCGAGTACACGCCGGACTCGCTGCACTACCTCTCCGTGGCGCGTGGGCTGCTGTCGGGCTCGGGGTTGTCGGGCACGCTGCTCGCGGTGGACACGGCCATGCCCCGGCCGCTGGACTTGTGGCCGCCCCTGTTTCCCATGGCCTGGGCGGCCCTGTTGTGGCTGGGGCCGGATTCGGCGGTCGTCACCCTGCACCTGCTGTGCTTCGCCGTGCTCGCCGCGGCGCTCTTCTCCATGGCTCCCGAGGGGCAGGGCGCGCGCTACATCTGGACGTGCGCGGTGCTCATCGTCCTCTACCGTCCCTTCGGGCACGTGGCGGCGGCGGCGTGGTCCGAGCCCCTGTGCGTCGCGTTGCTCGCGCTCGCCCTGGCGCGGGAGGTCCGGGGCGCGGACAGTGCCGGCTGTTCCTTCCTGGTGGGGGCGCTGCTGGGCCTGGCGGTGCTGACTCGCTACGCGGCGCTGTTCGTCCTGCCCGGGCTCCTGTTGTGGCGCTTCGTCCGGGCGCGTGAGGCGGGGGGGCCGCGGCGGCATGCCGTGCATGCACTGGCGCTGGGCGCGGGGCTCGGACTCGTGGTGGCGCCGTGGTTCGTCCGGAACGGTGTGTTGTTCGGCAGCGCCATGGGGCCGCCGAGGGCGCCACGTGGCGCGGGGCTCGTGTCCTCGCTGCTCAGTGGGGTGGAGACCCTGTTGGGGGAGGCGTCCTTCGGCGCGTTTGGTGTGCTCTGCGTGGCGGCCACGGTGTGGCTGCTGCTGCCCGCGCTGCGCGGTGTTCGAGGGGAGCGCCTGCCGGATGCATCGCTGGAGCGGCTGCGGCCCGCGGCGCTGATGGCCATGTCGTATGTCGCGGGCCTGTTCTGGACGGCCACCCGCACGCAGATGGACACGCTGGATGGCCGGCTGCTGGCGCCGCTGGGCGTGGGGCTGGTGCCGGTGACGGCGGCGGTGTTGGTGTCGCTCGTGGAGCGTTCCCGGTTGATGTCACCTCCGGTGCTCATCATCACCGGCGTGGTGGTGGTGGCGGGACACCTCTGGGCGCCGCTGCACGCGCGCGTCCGTCAGCCCCGGCAAGGGCTCCATCACCTTCGCGAGCGCATTGCCCCGCTGCCGGCGTGGGTAGAGGCCCACGTCACCGAGCGGGACCTGCTCCTGGGGCCGCAGCTCTGGTGGGTCCATCCCTTCTCACGTGCCCCCGTGGTGGCGGATGGCTACCCCGAGCGAGGCTTCCTGACGCGGCAGACACTGGGGGCCTACCTGCGGCGGCACGGCGCCGCCTACGAGCGCTTCTTCTGGTTCGATACCAGGCCTCCGCCCGTCGACGCGGCTGCCTTCGAGGCCGTCGAGGTCGCCCGGTTGGAGACGAACGCCTACTGGTCCACCGTGTGGAACGCCGTCTGGGAAATCCGTCCCGTGGGCCGCGCGTCTCCCGTGGACGGACGCGAGGCGGTCCCCGCGCCGTAGGCATCCTCCGCGTGGGCCTCAGCGCTCGCGCGCCGCGACGGCCTCGACGAGGCTCCGAAGGCCCTGGGCCAGCGCCAGACTGGTGGGGAGCGGTCGGCCGAGGAGGCTCGGTACGCCGGTGGCCACCTGGGCGGAGTTGGTGAAGACGCAGGCGCTCACCTGCGCGAGCTGTGCGAACGAGAAAGGCCGCTCCACGATGGGCAGCGTCCCCACATGTCCGGCCTCCAGAAGCACTTCGCGGATGATGCCGGGGAGACACGGCGCGGACAGAGGCGGCGTGACGAGTACCCCGCCGCACTGGAAGAAGACGTTGGCCGTGGGCAGCTCGCAGACCTCGCCGGCCTCATTGCCGAGCAGGGGCAGGCGCTCCATCACGCTGTACTGCCGGAAGTAGGCGAGGCCTTTGTGATTCAGCGTGGACTCGCCGCGGCGGTAGGCCCCCGGCTCCTGACTGTCCAGGGCTCGTCCCTCGCGGTGCATCCGCTCCAGGTCTGGGGCGTGTTCGCGGAAGGTGAGCAGCACGTGGCCATCACTTGCCGACAACTTGCCCACACCTCGGAACGTGGGGCCCATCGCGGCGTCGGCTCGCAGGCAGCGCTCAATCGCTTCGCGCACCGCGGCTTCAGCGAGGTGCTCCGGCGGTGGCGAGCGGACGGCGCCGGGGAAGGCGGCCAGGCTCGCGCGCAGCCGCGCCAGGTGCCGGGCGAGGAACCAGGGCTCGCCGGCCTCGATGCGGAAGGTGGTGAAGAAGCCCGCGCCGAAGAAGAAGCCCTGCGCGAAGTCCCGCAGGTGCAGTTCTTCCCAGCGCCGTACCTCACCGTCCACCGCGACCGTGGAGAACATGGCGGCCTCCCGTGCGCTCAGTGCGCCGGCTCCAGGAAGTTGGCGAGCAGTTGGGGCCCCTGGGGCGTGAGGAACGATTCGGGGTGGAACTGGACGCCTTCCAGGCGCGGCAGCTCGCGGTGCTTG
NZ_CP017174.1_gap44	1876966	1878989	2023	ACAGCGTCTCGTAGAGCGCGAGCGGCTCACCGGGAAAGTCCACCTCCAGCCGCTGTGAGAGATTGACCTGATACGTGTCACCGGCGCGGATGTACTCGCGCACGCGCTCGACCGCGTCCAGGTAGGCATCGTGGGTGAAGTTGGAGCGATACGCCGAGGTGGGCCCATCCATCGCGGGTGGCACGCGTGGCGCAGTGGGCGTAGCGGTGCGGACGTGGGCCTCCAACGCGTCCAACCTGCGCTCACAGTCCTCCCAGTCCGAGCCCGTCGCCACCGCGAGCAATTGGCCCTCGTGGTGGTCCACCGTCAGGAAGGTATCGATGAACGCCATGTCGATCTCAGGCAGGCGCAGGTCGTCTCGTGGGTGCCGGGGCAGGGACTCGAAGCAGTGCGCGGCCTCGTAGCCGAAGAAGCCCACCGCGCCGCCGCAGAAGAGCGGCATTCCGGGATGACGGACGCCACGCCACCGGCGCAGCATCGAGCGCAGTACCTCCAGCGGCGTGCCCTGCTGGAGCGCGCCGTCAATGAAGCACTGTCCCTCTTTCGTGGTGAAGCGCAGGAAAGGCTTCGCGCCGAGGAACGAATAGCGCCCCTCGGCGCTGACCCGGGTGCTCTCCAGCAGGAACCGGCTTTCCGCTGGGAGGGCTCGCAGGAGGTCCACGGGACGCAGCGCTCCGAGCGGGAGCCGCCGCACCACGGGCACCTGGTTGTAGCCCTGGGCCACGAACGTCTCGAAGGACGTCCGGTCCGGGAAGCGCGTGGGAGAGGGCGGGCGGCTCATGTCGAGGCGCTTGATACCAGGAACGGCGGCGGCCGCCGCCTGGAAGGAACTTTCCGTCCAGGCCGCCTCGGCGATGGGCCCCCCTTGGGCAGGGCGTCACGGTGGACTGAACGTTCCGTCCATGCCGCCTCGTTCCATGGGCCCCCCTTGGGGAGGGGGGCGCGGTGGAAGGAACGTTCCTTCCACTCCACCTCGTCCGGGGGCGCCCTGTAGTAGGCAGTGCGGTCAGCGTGAGCCGCGTTCCCGCGTGCGGCGTGCCTCCTTGAGGATTTCGTCCTCGGAGAGCTGGTCGGTGCGAATCGCGGAGCGGTCTGCCTTCAGCTGCTGGACCTTCCCCTCGCGCAGGACATGGAACTGGCCCGGCTTCTGGCCGGGGAGGCGGGTTTCGGCGTCGATGCGGGCCTCGGTGAACATGGGCTTGAGCTTCTTCAGGGCGTTGTCTTCCTTCACCCCGCCGACGAACCAGGTGCGCACGTTCTCCCGGCACTTGTAGTCCAGGTCTCCCGGGCTCTGCGTGCCCAGCATGACGCCCACACCCGCCGAGCGCGCGCGCTTGAGCAGGTTCTCCATCGGCTGCTTCGTCGCGGGCTTGCTCGTCGCGGGCAGATAGATGTCGGCTTCGTCGAAGAGCATGACGGCCTGGAGCTTGGATGCGGGGTGCTGGCTGGTCCAGCGGTTCGCCTCCAGCAGCAATTGAGACACCCAGAAGCGGACGCGGCTGAGGTCTCCCAGGTACTTTGTGCTGATGATGCTCAGTCGCGTCTTGCCCGGTGTGCTCGCGGCGCCGAGCCCAAGCAGTTCGCTGATATCCAGACGTTCTCCACCCGTTGCCAGCAGGGGGCGGAGGTCGAGCCGGAGCACTTCGAGGTCCTGGGCGAGCTTGGCGAACGTCTTCGTCGGAAGGCCCCCCGTTTCCTGCCGGAGCGACTCGTCCTGCTCCGCGACGAACTTCTGGACCATCTCCAGGGTCAGTTCAGTGCCCGGAGGCCGCTGGACCAACAGGCGCAAGGCCTGCGTGAGCAGCGCCCTGGCTGCCTTGTCATTGGGGCTGGTCTTGTATTCGAGCATGCCCGCGATGGCGTCCGCGGCCTGCTGCACGCCCTGCTCACGCTCTTCCGGCGACAGGCTTTCAAGGCCGCGTGGAATCACAGGGATGGCCAGCGGCCGTCCGTCGGAGCGGCCCGGCGTGTAGAGCGCGACCTCGACGCGCTCGCGCAGCAGGCGGCGCCGCTCGATGAGGGC
NZ_CP017174.1_gap45	1940984	1942239	1255	GCCCCGCGGGCAGCATGGGCCTTCCGTTGGACGACGGGATGCCGAGCAGCTCCGGCACCAGGTCGATGTCTTCGTCCGGTACGGGAGGGCCCAGGACGAGCCTTCCGCCAAACCCCTTCGCCCAGGCTTCCACGCTCTCCAGCAACTCCCGGTAACGCGATTGCAGCGCTTGCTCGTGCATGGGCCGCAGCCTAGGTCTGGAGCATTGAGAGTCCAGGTGCACCGTGCCTTGATGCGCGGCCATGTCCCTGCTCGATGATTTGCTCAAGAAAGGCTCGCTCCACACGCCCTGTGGCACCATGGCGAAGCGGGCCGCGCTCAAGGCGAAGCTGACGAACTCCGGTGCCACGGAGGTGGTGTCCGGAGACCTGAAGCTCTCCGAGGGTGATGACCGCGTCCTGGAAGCGTCACGCGTCGTGGTGAAGGGGAACCTCGTCCTGGAGGACCAGTCCCGGCTGCTCGTCGCGGGTGACCTGGAGGTGGAGGGCAGCATCATCCACGAGGGCTTCGACTATGCGCTGCTCTTCACGGGCGGCGCGCTCTCCGCGAAGAACCTGCTCTTCCACGGCGAGCTGGTGTCGCTGGGCCCCATCACCGTGCAGGAGGTGGCGTGGACCTACTACAACGACTACTCGACCTACGCGGATGCCCTGAAGGCGAGAATCGTCGTGGCGGATGACCGCTTCGATGCCGTGGATGACGTGCGGGCGGACCACCGCCTGGACGGACACAGCAGTGTCATCGGTCCGGAGCTGGCGAAGCTGCTGCGCGCGGACGTGGTGAGCCAGGACGGAAGCTGGTCCTACGAAGATGTCGCGAAGCGGCTTCTTCGCAAGCGGCCGCTGCTGCGTTGAGCGCCATGGACTGCGCGTGGCAACGCACTACCGTGCGCGCACCAGGGCTCGTCCTGGTCCGTGGTTGGAGTTCGCATGGCGAAGACGTCGAGTGAGAGCTCGGTGTCGTCGCCTACAACCACGACGAGACCTTCGGGCTTCCTCGGTTGCTGGGCACGAATCACGCCAAGCACTTCCGGGACTTCTCGACGCACATCGTCACCGTCATCGACGATTTCAGATGCGCTCGTGAGCGCCCCTTCGTGAAGGGGGCGCCCTTGGACTCCGCGTCGCCGTGACTCAGAGGCAGTTGCCCAGGCCTTCGTAGAGGGTGGTCTGGGTGCGCGGCAGCGTGGCGTAGAGCGGCGACGTGCCCGCGAGCGCCGTCAGGAACTGCTGAATCGTGGTGCGCGGGGCGACAG
NZ_CP017174.1_gap46	1953488	1955596	2108	CTCCCGGTTGGCCCAACTGTTGACGGAGGCCACCCGCGTGCTGGGCGGTGAGGGCGCCCAGCGTCCGCAGGGCAGCGCTCACCCGGTCTCCGAGGCGAAGGGCCCGGGCAGCGCGCCCGCCAACCGGGCTGTGGACCGCTTCGAGCCAGCGCCGGCCGCTCCGGCTGCCCCCGCCGCTCCGGCCGGCTCGCAGGCGAAGGCCGTCGCGGGCCCCACGGGCGCGCCGGGCGTGTCGAAGGACGGCAACACCATCACCTTCACCAACGACGGCAACACGCCGATGACCATCAAGTTCACACCCAACGCGGGGGAGAAGGAGCTGGACTCCGTCACCCTGGCGCCGGGCAAGACGCAGACGCTTCAGTTCCCGGAGAACTGGTCCGGCAACTTCCGGAGCACGTCCGGTGACGGCAGCGCGGCCACGCTGGGCGAGGTCAAGTTCGACGGGAGCTTCGGAAAGACGTACTACGACGTGAGCTACATCGAGGGCCACAACGCCTCGATGACGATGCAGCCCGAGGAGGGCGGCCGGGTGTCGGGCACGCACGATGACCTGCTGTCCGCCGCGCCGGATTCCATCAAGGCGCGCAACGCGGACGGCTCCGTGTATGGCATCAAGAAGAGCACCACGTCCAACGTCCAGGACGCTGGCGTCGTGGACTTCTACCGGAAGCATGTGGGCGCCGATGAGGGCTACGTCATCCCCACGGACGATGCGAGCACGCTGGGGAGCAGCGACAAGAACCTGGTCGTCCGCATGAAGAACCTCATCTGAGCCGCCCCCGCCGGCCCGAGGATTCGCGCAGGTACCAGGGCGCGTTGATGACGACGACGCGGGGCCCGCCGCGAACCAGGAGCATCATCTTCAACAGCGTGGCGGTGTGGCTGGGGAGGATGAAGTGGTGCCAGCGGCGCTCGACGAGCTCCGGCACCAGCACCGCGATGAACCGGCCCGGATGCTCCGCGGCGAGCTTCCGGACGTAGCCCAGCAACGGGTCCATGACCTGGCGATAGGTCGGCACGAGCACGTCCAGTCGTGGCACGGGCCGTCCGGCCTTCCGAAGGGGGGCGGCCACCTGCCACTCCCAGCGCCGCGCCAATTGCTCCGGTGCGTCCGGTTGTCCTAGGACCTGCACGGCGTACACATCCGGGGACATGGACAGGGCCAGCCGCAAGCCCTTCTGCGCCACCCGGTCCAGGCGCCGGAGGGGCACCACCACCACGGGCGCGGCGAGCGCCTGCACCGGGATGGGGTGGAGTGTCTCGGTGGCGGCGCGGACGCGCTCGGCGTGGCGCCGCGAGGTCCGGAGCAGCGCATAGGACAGGGGAATGAAGACGACGGTCAGCCAGGCGCCCTCCTCGAACTTGGCCGCCGCCACCACGCACAGCGCCACGGCGGTGCAGGCCGCGCCCACGCCATTCACCCACTGGAACCGCCGCGTGCCGCGCCCGCCCAGGCGCCGCCAGTGCATGACCATGCCGAGCTGGGACAACGTGAAGGCAGACAGGGCCCCCACCGCGAACAGCGGGATGAGGTGGTCCGTCACGCCGTTGAACACCACCAGCAGCACGGCGGCCATCAGGGTCAGGGTGACGATGCCCGTGGAGTACACGAGGCGCTGGCCCACGTGGGCGAACGCCGGAGGCAGGTTGCTGTCGAGCGCCAGCGCGCGGCACAGGCGGGGGAAGTCCGCGAAGCTCGTGTTGGCGGACAGGCAGAGCACGCAGACGATGGCCGCCAGCGTCACGTAGTAGAAGGCACCGCGCCCGGTGACCGCGGCCACGATTTGGGACAGCACGCTCTGGTAACCGGCCTGGCCCGGCGCGGTCGCGCCGATGTCATAGGCATGGCTCATCCACGCCACGCCGCCGAGCAGCATCACCAGGATGCTCACGATGCACATCAACGTCCGGCGCGCGTTGCGCACGCGGGACTCGCGGAAGATGGGCACGCCGTTGCTGACGGCCTCGATGCCCGTCATCGCCGTGCAGCCGCTCGCGAAGGCGTGCATCAGCAGCCAGAGGCTCGCCGTGGCCGTGCTCTCCGGGAGCCTGGGTGGGGCGACGACGGGGACGGGACTTCCAACGGACGTGAGCACCTTCCAGAC
NZ_CP017174.1_gap47	2077021	2081719	4698	CGGCGCGGTGGCTGTCGCTCGCGGCCTGGTAGATGGTGAGCAGCCGCGTATCCCGCGATGCCGGCACTGATGTCCCCATGAAGCGGTGCTCCACGGAGAGCTGGTTGGCACCGAGCAAGGCGGTGGGCTCGGCCTGCCAGGGCCTGGTCGCCAGCATGTAGCCCTCGGTGGAGAGCACCATGGGCGCGTCCACCGAGCGGTGAAGGAGCGTCATCCGGAGTTGGAAGCGCTCCCCTTGGGGACGCTCGTGGTCTGCGGGCTGCTCGAGCTGCAGCACGAAGAAGCGCGTGCCCGGGAAGGGCGAGGGCTGCTCGAGGACAACGGTGAGCCCGGGAATGGATTGGAGCCGGGCGAGGATGTCCTCTTGCTCCGCCGCGGTCTCGAGCGCGGCCGCAGACTGCTCCGTGGGGGCAGGCTCTGCGAGGGATGTGTCCCCACACGCCTGGAGTACCATGGCCAGCAGCCAGGCCGCCCTGTGAGTCTTTGTCATGCGATACACCTGGGGGACTTCGAGGAGCCGTTCAAACGCATGCCGGGCACCGCCATATCGGGCAGGCCGGACACCAGCGGCGGAGCCCCGAGCACGAAGCCCGCCGCGCCCCCAACCCGGGAAGGCCGCGTCAACGAAGCATCAGTCGTTCCATGCGGTGCTGTCGGTCGTCGTGCGCGTGACGACCTCAGCCAGCGCGCGCATGTTCCTGACGAACGTGCTCGTCTCGAGATGCCTCAACGGTGAACTCCGGCCCGGGTGTGGCGCGCCCGAGGCAGTGGAGAGGACGAAGACTCTGACGACGCGCTGCACACGGGCCTCCCGCACCAGGTGGAGGCAATGCGCATGGTGGGAGGGCGCCCCCGTCGTGAGAGGGCGTTGGGAGCCGCGCGCCTCACCTCCTGCGAGGACAAAGGCCTCGGGCTCGATTTTGGGGACATCGGTGCGCGCTTTTCGCTCAGGGCCCGCGCATCGATGAGCTGCCTTCAGGGGGCTACACCCGTGTCCAGCAAATGCTTGCACGGTCGTCGCCACCCGGAAGCCTTCCGGCTCAGCTCCTCGCAAACCCCTCGGAGTTCGGACTCGTCCAGCCAGGATGAGAAATCCCGGGTCCCCGTTTCCCAGTCCACCCCGAATCGCACGGCCGCCTGATCATGAAGCCGGGCAAGCCGTAACAGAAGCACCTCGGGTGGCGGCTTGAGGGGGATGAGCGACGGGGCATAGTCCTCCGGGCCCGCGTTGGTGAATTCGTGATCCAGGGGTCTCCGGAGGAGCTTCGCCGGGCGAAGACCGTGTCGCCTGAGCAGGGCTTGAATCAAGCCAAGCCGCTCGCGGCGTGTCTGGGCCTGAAAGAGCGATAGCACCTCGGGAGGCAGGGTCTTCGTGGCCTCGGCCTGTATGGCCTTGCTGTCCGCGGTGTTTCCCGCTCGGAAGGCCAGACGCTGCCGTTCGATGAGCGCCGCGTAGGAAGCAACCACTTCCGGAGCGCGGGTCTGCAACTGATACGGCGGCAACGCGGAACTGCTTGACGGACGGAACCACCTGCTCCCCAGCAGAACGCGTGTCTCGAGCCTGTCCGCGCGGACTGGCCAGCGCGTGGCGACACGCGGCGCGGGAGTCCAACCCGCCGCCGCGGGATCCTGGTGGTTCACGTCCAGGATGGAGTGATACTCCTCCCCTGACTTCCACAAGGGGAAGCCCGCGCAGGGAGAACTCTTGGGAGGGAGTGCCACGCAAGCGTCGAACCGTGACCGCGGCATCGAGCCCAGCAGGGTCAGATCGAGTGCGTCGCCTCGGACATGCCACTCCCACTTCTGGAGTCGCGGAAGCCATGCGTATTGCCGAAGCAGCGAGGCCACGAAGGGCGCTTCCGGACCCGCGATCTGATGGACGGCGAGGAGCGCGTCCGCTGGCTCCTGGGTCCAGACCTGGACATCCCGGAGGGTGGCCTGTACTTCCACGTCCTCGAGTCCAAGGCTGACCGCCAGCTCAACCTCGCGAGGTGCCGCCGGACAACCGCAGATGAGCAGGGCGAGCACCCCGCCCACACATCGGAAGGCACTGGACCTCGGGTGTCCCATGTTCCACTTGCTCCGCATCAAGATGACTCCATGGCTTGCCAGGGGTGAAGCCCATTTCTCGAGGGACGCGCCCCTCATTCCCAAGAGGGGAGTCGGATCGTTTGAAGGGGCTCAGATACGGACGCCCAGGATGACGCCGGGCCAGAGCCGGTCCGAGCCTACGACGAACTGCGACAGGTAGCTGACGCCCGGTCCTCGTCCTCGCGGGGGCGTCGAAGCGGTTCACGGTCAGGCCGGCGAAGAGGGCGAACCTGCGCCGCATCTCCCAGGCCGCGGTGACTCGCAGGCGGTACAAATGAGTGCTCGGTGCCTCGCCGAAGAAGTTCCGCTGCCAGGTTCCGTGGGACACATCCGTGTCGAGCGAATAGCGCTCCTCGGTATCCAGCGGGAAGTGCCCCCCCATGCCCACCATCGTGAAGAGGCGGAAGCCTCCCTCCCACGACGTGCCCAGGGCGCTGGTCGCGAGGACGTGCACGCGCTGGCTGCCGCACTTGATGCCCACGCTCACCAGACCCACCGCTGTGCCGGTGACGCCGTCGGACAAGTTCAAGAGCCGTGGCTTCCTCCCAACCCTCATGTCCTGGCGCCCATCGTCGTCTTCCAGACCCCCACGCCACTCCGGCCGAGCCACGCGGAGCCCCCTGCATATCGCTTCTCGCGGCCCGAGCGTGAATCCGTCCGGGCGCCACGCGCTCGCCGTCCAGATGCACAGGCCGAGGTTGCCCCTTCCCGCACCGCGGGATGGGTGAGCTGGCACGGCCCGGGACGCGGATTGTGACCTGATGGGGCAGGGCGCCCACACGGCCTGGCGCTCACCTCCGCCACTTGCCCGCGGCCCGGGGAGCTTGCGTGGGTGGATGTGGGGGCGGTGCCCGAGCCTCTCTCGCCGCATCGCCAACACAGGAGACCTCGCGCTGCCCGGAGAAGAAGGCGAGGACGACGGAGACGTCGGAGAGGGAGGCGCGCCACGTGTGCCACCGCTCGAAGTCTTCGCAGGTCTCCCCTGGCACACCGAAGCCTGCGATGGAGTTGCCGCCGTCAAATCGTCAGCACGGCTGCGTCCTGCTCGACTTCGAGTTGCACCAACGCAGCGCCATACAGCCAGCGGGCGAGGGCGTCGCGGACGTAGACGCGCGCGAGTTCCTTCAGCACGGCGTCATTGTGTTGGCGGTCATCAAAGAGCGCAGCATATGGCGCGTGGCTCCCATGCGCTGCTCCATCCCTGCTGATTGGCGCCCTCGGTCAGGTCATTGCGGAATGCGGTGTTGCCGCTCCAGCGGGCTCGCATGGCTTCAGGTTCGAGTTTGGGGGCACTTTCGAGTGCTAAATGGGAAGTTTTGCCTCACCTGTTTTTGAAACCCCATGACGAGCGCTGCTCGGAATCGCCTCTGTCACGACTCGACGATGAACGTGGTGTAGTCCACTCCGGTGTTGCCGGTGATGGGGTCGTATGCAGTCACGGTGACTTCGTAGATGCCCTGCTGCTGGACGGACAGCGCTGCCTCGAAGGTGCTGGTCTTCCCGGCGTATTTCAGGGGGAGTTGGGTGAGCGGCTTCCCGTTATGCTTCACCGTGGCCTGTAGCTCATACCGGTTGGAGTCCCAGAGCCCATTGGGCTCGGTAGGGCAGCCACACATGAGTATGAGGTTGGCGCGAAGAGGGAGGGTGAGCTTCTTGTCGGCCGGGAGCTTGAAGAACTCGTGAGCTGACGGGGTCACCACATCCATCACGAAGCCGGGCAGCTCCAGGATGAGGCCATCGCCCTCGAGGTGCTTGCCGGGCAGCATCCAGAGTTGGGTCGTGCTGGTGGCGAGTGCTTGCCGCTGCGCGAGGGGCCCGGACACCTCCACCGTCACCAGCCGCGGCTCGGTGAGGTCCAGGGTGGCCGTGAACTTCGCGGAGGACTCGTCCGCGAGCGGCGCCCCCCGCACTTGTGGCTGCTTCATCAGCGTCTGGGTGTTGCCTGTCGAGCCGGCGGTGACGCCGTTGGCCAGCACCTGGCCCGACTGCGCATCCCGAAGCACCACCCGCACGCCCCCCATTGACGTCCCGACGAACTTGCCGTCCCGGGCGCGAGCCCTCACTACCAGCCGTGTCTCGGCTGCCAGAGCCGTCGTGGAGAACAACAGCAGTGTCCAGAGAATGAGGCTTCGCATGACTCGCTCCGTGTCGGAAGGTCTTGAGCGGGAGCCACATAACACGGCATGCGCACGAGAGGCGCGCACCCTGGTGGAGAAACGCTTCACGGAGGCACTGCCTCTGGGGCCTCGCGAGTGAGGAGTCGCCAGTTCAACGCTGATTCCCCGCGACTGAGGAGATGGTGACGGGCTGCCTCCCACGCTCTTCACCACGTCTTCAAGCACGAACCGCAGCTTCTGCACGCTGGGTGCAAAGGTCGGACAGCTCGTCGCGCAGGGTCCGGCCGACGGCGCCGAGATTCGAACGGGCGTAGAGGGCAAGCTCGAGCCCGTCTACGGCAGGAAAGCCATCCCTCTCGCCCAGCACGCGATGGCCGGACTGCACGCTGCTCGCAGGTAACAGACTGATGCCGAGCCCAGCGCTCACCGCCGCACAGAGGCTCGCGAGGCTGGCACTTGAGTAGCCAATCCGCCAGGCACGCCCGCGGCT
NZ_CP017174.1_gap48	2083082	2086373	3291	GAGCGCAAACAAGACGCGATTGCCAAGATGCTCGTCGCCGCCGGAGGTCGCTGATGGATCCATCCGCCGAAGAATTCATGCGCGAGGCCATCGCCCTGGCCCGCGCCAACGTCGAGTCTGGTGGCCGTCCGTTCGGGGCCTTGCTCGTGCGCGACGGTCGGGTGATCGCGCGCGCGGTCAACGAGGTCAATCAGACGAAGGATCCCACCTCCCACGCCGAGCTTCTGGCCATTCGCAATGCGAGCCAGAGCCTCGGTAGCGCCAGCCTGAGCGGCTGCATCATCTACGCCAGCGGTCATCCCTGTCCGATGTGTCTGGCCGCCATGCACCTGTGCGGTATCCAGGGCGCCTATTTCGCCTACTCCAACGAGGAGGGCGAAGCCTTCGGCCTCTCCTCTGCGCCGCTCTATGCACAGTTGGCCCGCGGGCCCCAAGCCCAGTCCCTCGCCTTGCGGCCTCTGCGCCCGGCGGACGAGCATGGATTGTACGATGAGTGGAAACGCCATCAGGAATGACTGATAAGGAACGACACCAGACGCACTGATCTGCTCCCCAATTTTCGGACCAGTTGAAGCGTGGGAGAGTCCTCGCGGCCAGGAGCTAGGTCGGTCGTGAGGAAGAGCAGGTTTACCGAGGAGCAGATGGTCCGCATTCTACGGGAGGCGGAGACCCCTGGTCCCAGCGTGGTGGTGGCGCTCAAAGCTACGCGCCGGTGGCTGTGCACGGGGGGCCGCCCAGCCTGAAGCTAACGTCAGGCTGGGCCGGGCCGATGACCTCACCCGCCTTGTCGCAATGCCGGATGCAGACTCGATGCCCCCATGACGTAGCGACCGAATTTTGGGTAGGCACAGGAGCGGGCGCGGGCCCGAGGTTTGCTTTGCGCCCTGGGTGAGACTAAAGTGTCTCATATGGGACGAAAAAGAACCAGTGCAGCTCCGCCTGTCGCGTCTGGCTCGGATACTCGAGCGAGCATCTTGAGCGCGGCAGCTCGTGCGTTCGCGGTGGACCCCTCCGCGCCACTCGTCGATGTGGCCCGGTCCGCGGGGGTCGGACGGGCGACACTTCACCGGTACTTCGGCTCCCGCGAGGAACTGCTCCGCGAGGCGGGGTTGGACTCCCTGGTTCAGCTCGAGCAGGCGTTGAAGGCGCACCGGTTCGAGCGGCAGGCTGCCGATGTGGCTCTGGAGTCCTTGGTGGGCGCACTGGCCCCATGGGGCGACAGGCTCCGGTTCCTCCTGGTCGTCTCCGAGCTGAGCCAGGAGCCCTCGCTCAAGGACACCGAAGCCCGGGTGGACGAACAAATCATGCGCATCTTGCTGCGCGCCAGGGACGAAGGCGTGCTGCGCCAGGACCTCCCGAGCGCGTGGCTGTTCGCCACCTTCGAGGCGCTTCTGTACGCGGCCTGGACGGCGGTCGCCCAAGGTGACCTCGCCGCGAACGATGCCGCTCGAACGCTTCACGAGACGCTGCTTCACGGCCATGGCACGGGGCACCTCGCTGGCGCGAGGAAGGCGCGCCCACGATGACCTCGAATCCCTCGGAGCGGCTTCACGGCATCGATGTCGCTCGAACCTGCGCCATCTGCGGGATGTTCGTGGTGCACGCGCTCCTCGTCCTGGGGCCTCCCAGTTCGGGTCTTTCGGGCTGGGAGCGCATCGTGTTCAACCTGACCGAAGGGCGCGCCGCCGCCACCTTCGTCCTCCTGGCGGGCCTGGGAGTGGGGCAGCTTCTCTCGCGGAGGGAAACCACCGACTCACGTCGCGTGCTGTGGCGTCGAGCCCTCTTCCTGGGGGGGCTGGGAGTTCTCAACCTCATCGTGTGGCCCGGCGACATCTTGCGGCTCTACGGCGTCGCGCTCTTGGCCGCGCCGTGGTTGCACCGCTGGTCATCCAAGGCTCTCTCGGGGCTTGTGGCCGCTCTCATCCTCACCTTTCCGCTCGCGGCCGTCTTCGTGGACTGGGATGCCCGTTGGGACTGGGCAACGCTCACGTACCGGGGCCTTTGGACTCCATCCGGCTTTGCCCTCAACCTGGTGGTTGATGGCTTTCGTCCCTTGCTCCCCTGGTTGGCGTTCTTCGTGCTGGGCCTGCGGCTGGCGCGTCTCGACTGGCGCGACAGTGCCACGCAGCGGCAGATGCTGTGGGCGGGCATCTGTCTGTTCGTTCTGTCGGAGTTCGTCTCAGCGGGGCTGGTGAAGCTCGCGATTCAAAGCGCGATGGGCGAGCGCCTGGGAGCAAACGTCGTGACGGCGCTCCTCGGCACGCACTCCCTTCCTTCCATGCCGCTGTTCATGCTCTCCGCGCTGGGTATCGCCAGCTTGGTCCTGGGTGGCAGCTTCGTGCTGGGGAACCACCTCCCGCGACGCATTCGGGAGGCGTTGGTATCCACGGGGCGTCTGGCGTTGACTTGGTATCTGGGCCATGTGCTGTTGTTGGTGGGGCTCGCCGTCGCGGGCTACGGCAACCGCCTCTCCGCGCTAGCCGCCATGGGGGTGGCGTTCGCTGGGTTCGCGGGTGTCATCGCTGTGTCGTACTTGCGAGGCGGAGCACCCATGCTGCTGGAGCGAATGCTCCGGCGCTTCTCCGCACCGAGGCCCCAGCCCCGGTCCTGACAAGGCGGCAGTCGTGCTGCCCCAAGGCGTCGCTCCTGCTGCTGCTCGGCGGAGAGACGGCGAGGCTGCCAAGCCATGAGAAGTGTACCTCCTCAATTCACGGCGGAGTGCTGGCGGAGGCAGAGCGCAGCGCGAAGCCCGGTGAAGTCGGGGCGCTCCTGCGCCGGGAATGGCTGTACTCCTCGTTGATGAGTGCGTGGCGGTTCCAGCGCGATGCGGGGGAGCTATCGGCTCGCGGTCCGAAGAAGCCTGCCGAGCTGGGGCTCGAGGATGTGCGCAGCCCCGTGCAGAAACCTGCACACCTTCTTGCGCCCTGACGTCGGGCGATCAGAGCAGTGGCTGGGATTTCCTTGGGGCCACTAAAACGATAGCCCTGGCATATCCAGTGCACTGGTCGCACAGTGCGCCGTTGCCGGGCGACTCATTCGGGCCGGTTCCAAGAGAGTACATGTCGATGGATTCAACGATGCCCCATTTACGCCTGCTGGGACTCATGCTGCTTGCGATGCTTCTTGCGTGCGGTGGGGACGACGGCGGGAAGTCTGCTGATAGCGATGGAGGCATCGGCGGTGACGGCGGGGTCATCAGCGATGGCGGTAGCGATGGTGGCACCGGAGAGCTGTGTCCCGAGGAAGGAGCATCGTGTCAGCCGAGCATCGCTTGTCGAATGGGAACGATTG
NZ_CP017174.1_gap49	2089001	2092167	3166	GGTTTCGAGTCTACAACGGGAGCGCGAGTGGACTGACCACCACGCCGTCGCGCGCGTTGACGATCAGCTCGTGGATTGTCGGCCTCGCAAGTGGCGATTTTGATGGCGACACCTTCGCGGACATTGCCTTGGGCACTCCCTACCTGAGCCTGGACCCGCTGGGGAGAGCCTGGGACGGCGCGGCGTACATCTATCGCGGCACCGCGTCCGGTATCGGCCCGACGGCGTCGTGGACGCAGTTGGCCCCCGCCGCGTGGTCGAGTGACAGCTTTGGCAAAACCGTCGCCGCGGTCGGGGATGTGGACGGTGACGGCTTCGGAGACCTCATCGTCGGGTCCCCCTACCATGGCGTCGGGTCGTTCAACAGTGGCGCGCTCCTGCTCTTCCGGGGCAGCGCCACGGGCGTCGCCCAGGTGCCTTCGTGGAGCGCCTTCGGACTGACGCCCGACGACTATTTCGGCGCGGCGGTGGCGGGGCTGGGCGACGTGGATGGTGACACGTTCGGCGAGGTGGCCATCGCGACGACCCACTACGATGGTGAATCGCGCATCGACTTCTACGAAGGCATGACCGGCGGCATGCAGGCGACTCCGTTTCGCACATGGGCTACTTCCGCGTGGCCCTCCGTCAGCAGTCTCCTCGAGGCACGTGTCGATCTCCTCGGCGACGGAAGGAGCGCTCTCTTGGTGGGAGGAAGGTATCGCGTGACGCTCCACCGCGAGCGAGACCAGCACCTGGAGGCGGACCCGGTTTGGAGTCTGGAGATAGAGCCCAGAGGCGGGGCGACCGTCGGGAGCGCCACCGCCGGCAGGTTCGGTGGTCCCGGTGCGCTCGGTGTCGCCGTGATCGGCTGCTCGGACACGTGGGTGTGTAACTCCCGCTGGGGTGCCATCTCCTACGCGACGGGCAAGGCACAGGGGCCGCGCGTCGATGCGGGATGGCCCGTGACGGTCGAGTCGGGCGTCTCGGCGCGACTCCTGGGCGCGGGTGTGCGCCGCGGTCCAGACGCGGAGTCCGCCTGCACGGTCGACTTCGGAGATGGCTCGCCCCCCAGGACCGTCCAGCCCTGCGGTGACTTGCAGGTCGGCGCGCTGGCGCATCGCTACTGGCTGCCGGGGCGCTACACGGTGACGATATCCTTGACCTCCAGCGCGAGTCAGTCGAGCACGACGGTCGACGTGACGGAGTGAGCGGGTGAGCATGAAGGCGAGTCCGAGGTCCGAGAAGGGCCTCGCGCTCGCTGGCGAAGGAGCTGCGACCTCTGGTGCGGTCCCGCTCATGCGTTAGCGGTCGCGCGCAGCGCCGCGAGGAATTGCTGCACGACTGGCGAGTCCGCTTGGCCGTCGTACACAAATTCGACGTCGAAGCGGCCGTCGAGTTCGTCAAGCGGGACCAGCCGCACCGTGCGCGGGCACGTAGGTGAAGTGCTTTCCGGCACGAACGCGTAGCCCATTCCGGCTGCGACGAGCCCGATCAGCGTCGGGATGTCGCTGCCGACCTGCGCGATGCGCGGCGTGAAGCCGGCCCGCCGACACTGCTCGAGCAAGAACCGGTGATGCGCGGCGGACCGTAGTGGGTCGAACCAGACGAACGGCGCGCCTGCGAGTTCGGCCAGTTGACGGGGCGCGCGGAAGCGCTGGCCCGGCGTGGACAGCATCGCGAGCACGAACCGGTCGCGCAGCAGCCGCATGCCTGACAGATGCGGCGCCTCGTCCTGCCGCCACGCCATGATGCCGCCATCGAGCTCGCCGCGTGCGATCGCAGTCGCCTGCTCGGCCGACAGCAATGGCCTGATCGACAGCATTACGTCCGGGCAGGCGTTCCGGAAGGCCTTGAGAACGTTCGACACCACCGGCAACGGGAAATAGTTCGGCAGCACGCCGAGACGCAGCTCGCCGAGGTGGCCGGCCGCGCTGCGCAGCGCACGTTCGCGGCTGCCCTGCAGCTCGGCGAGCAGGCGCGTAGCGTCCTGCAGGAAGCTCGCGCCGGCCGCTGTGAGCGCGATGCCCGTCGAGCGGCGGATCAACAGCGGGGTGCCGATCGCCTCCTCAAGCTCGCGGATCTGCCGGGAAAGCGCGGGTTGCACAATCCCGACTGCGCGGGCGCCGGCCATCATGCTGCCGGCTTCAGCGACCGCCACGAAGTATCGCAGATGGCGCAATTCGACCTGTCGCATGCGGTGCCTGTCCGTTCCGTCGATATACCTAGGAAGCATAGCGTACTACATTGAATAGTATTGGGAAGTATGGATGGCGCAATCTAGGTTGGCCAGCGTCATTACAACTGTCCGCGCGTCGCGGACGTTTGTCGCACTTCTTCACATGCCACTCCATATCCAGACGCCCTACGTCCGTTCGCAAGCTGCGTCCCGCCGGTTCGGCAAAGACGTCCTGTTCAAGATCGAGGCGATGCAGCCGTCCGGCTCGTTCAAACTGCGCGGCGTCGGTGCGGTATGCGACGCGCGGCGTGCAGCAGGCGCCCGTCGTTTCGTGTCGTCGTCGGGCGGGAACGCAGGCATTGCGGTGGCCTATTCCGGTCGCGAACTCGGCGTGCCCGTGCTCGTCGTTGTTCCGGAGAGCACGTCCGCGCGCGCGCGTGACCTGATCCGTCTCGAAGGCGCCGAGTTGATCGTCCACGGCGCGTCTTGGGCAGAGGCGAACACGTTTGCGCAATCCGTGATCGGCTCGCACGACGCGTTCGTGCATCCATTCGACGACCCAGTACTGTGGCAGGGCCATGCAACGATGATCGACGAGATGGCGGCAGCCGGACCGAAGCCAGACGCAGTCGTGCTGGCGGTTGGCGGTGGTGGGTTGCTGTGCGGCGTGCTTGAAGGGTTGGCGCGCAACGGCTGGTGCGATGTGCCGGTCGTCGCGGCCGAGACCCAAGGCGCAGACTGCTATGCGCGTTCGGTTGCGCAGGGGCGGCCAGTCGAATTGTCAGAGATTACGAGCCTTGCCACGTCGCTCGGCGCGAAGCGGCCTTGCGACGCGGCGGTTGAGTGGGCGACGCGCCATGCGGTCGATAACATTGTTGTGTCCGATGAGGCAGCCGTGGCGGCCTCACTGCGGTTTCTCGATGAACACCGGATTCTGGTGGAGCCCGCGTGCGGGGCCGCACTGGCCGCGCTCGACGCGGGGTCGTCGGCGCTTGCCGCAGCGTCACG
NZ_CP017174.1_gap50	2152787	2155139	2352	GAGGCGCTGGGGAGGGAACAGGAGCTCGCGCCCAGGCACCGGCTCGCGGTGGAACGCGCGGAGCTGGCTTTCAAGAGCCCGGTGGGCGCGGTCTCGGAGATGGAGAAGCTCGAGCGCACGACCGATGTCGACGCGCTCCGCTTCGCGCAGACGGCGCAGGGCCTGGCGCTCATCCGACTGCGGCGCGAGCAGAACGTGCGCCGTCAAGCCCTCGCCGCGCAGTTGCTGGAACTCGAGCGCGAGGCGCTGGGCGCCGAGGGGCGGATCCGGGAGCTCCAGGGGACCATCGACCGCCTTGAGTACCAGATCGAGCGGAAGCTGTATCGGGCGCCGGCCACGGGCCACCTGGTCGACGTGGCGGAACTCGGCTCGGGAGCGTTCATCGCCGACGGGCAGCGGGTCGGCACCATCGTCGCGAGCAATGCCGAGGTGCGGGTGCGCGCCCGTTTCCCGAAGGAGGTCGTCGGATTGATCCAGCCCGGTCAAACGGCGCGACTCAAGCTCGACGGCTACCCGATGACCATCTACGGGACGGTCCCCGCCCGGGTGACGGCCGTCGGGACCGAGCCCGGCCAGACCGCCACGCCCGAGGCCATCCCCGGTACGGTGCGCGTCGAGCTCAAGTTCGCACCGCCGGACGATCCGCGCATCCAGCTGCGCCACGGCATGACCCTGTCGGTGGAGGTCGAGGTCGCGCGGGCGTCGCCTGTCGCGCTGCTGATGCGGGCGGTCGGCGAATGGAATCCGCAGCCTGAAGAACGGCCCACGAACGTGTTCCGGCCCGAAGCCGAGGCCCGCTGACCATGACTCCTCCCAGGCGCCGGCGCTCAATCATTCCCGAGGTGATCCAGATCTCGGCGACGGATTGCGGCCCCGCTTCACTCAAGAGCCTGTTCGGGGGGATGGGCGCCGAGCTCAACTATCGCGTCCTTCGCGAAGTGTGTCAGACGGACGTCGATGGCACCTCGATCGTCACCTTGGATGAAGTCGCGAACCAGCTCGGGCTCGACGCCGAGCAGGTGATGCTTCCGCTCGATCACGTGGTGGTCCCCGAAGCCAAGGCGCTTCCCGCCATCATCGTCACGCTCAGCGCGGGAGGACGGCCGCACTTCGTGGTGCTGTGGAATCGCGTCGGCCCGTTCATCCAGGTCATGGACCCGGCGGCGGGCCGTCACTGGACCCGGATTTCGACGCTGCTGAGCCACCTGTACCAGCACACCACGTCCGTTCCGGCGACCGGCTGGCGCGAATGGGCCGGGTCCGAGGAGGCGGTCGCGACGTTCGAGCGCCGCCTGCTGAACCTGGGTGCGACGCAGGCGCGGGCGCTGGTTGCCCGGGCGCTCGAGGACCCCGGGTATCTGTCGATCGCCAGGCTCGACGCCGCGTGCCGGGCGTCCGAAGCGATGATCCGCGCGGGCGCCGTCCGGCGAGGCCGGACGGCGGCGGGTCTGCTGCAATCCATGATTGCGAAGGACGATGCCGGCGAAGTGCCCATTCCCGCTGCCTATTGGTCCGTTCGCCCCAACCCCGAGGTGGAGGGCGAGCTGTCGATGACCGGCGCGGTGCTGATGCGGGTTCGCGGTTGGCGCGAGGCTCCGCGCGAAGGCGAAGACGCGCCGAGAGCCGTGCTCGCGAGCGACCTGGCGACGGAGCTCATCGCCAAGCAGGTGAGTCCGGCGCGAACGCTGCTCCGCCTGCGAGGCGAAGATTCGTGGGTCGTTCCAGGCCTGATTGCGGTGGGACTGGTGTTCGCCACCTTCGGGCGGATCCTGCAAGCGCTGATGCTCCGTGGCGTGCTCGACCTGGGGCGCGACCTCGGCACGTTCGCGCAGCGTGCGACGGGCATGGCCGTTCTCGCGGGCGTCGCGCTCTGCTTCATGCTCATCCAAATCCCCATTTCATTGGGATTGCTCGGCATCGGCCGCCGGCTCGAGGTGCGGCTGCGGAAGGCGTATTTCGAGAAGCTCCCCGAGATGGAGGACCGCTATTTCCAGAGCCGGCTCGCCTCCGACATGGCGTCTCGCACGCACAACATCCAGGCGATGCGGTCGCTGCCGCCCCTGCTCGCGCAGGCCCTGGTCCTGTCGCTCGAAGTCGCGAGCATCACTGCCGCGCTCATCTGGGCCGCACCGCACGCATGGCGCATCGTGCTCGCGCTCGCGGCGGTCACGCTGCTCGTGCCCCTGGTCGCGCAGAAGCTGCTCTTCGAGCCTGACCTGCGCGTGCAGATGCACGCAGGCGCGCTCAGCGGATTCACCCTGAACGCGCTCGTCGGGCTCACGCCGATCCGGATCCACGGCGCCGAGCGGTCGCTGCGCCGCGCGCAGGAGACCTTGCTCGTCAGCTGGAGCA
NZ_CP017174.1_gap51	2266323	2271230	4907	TCGAAGCGCCGGGAGAGCTTGAAGGGACGGGCGAGCGAGTCCGGGGCGGTGGGCGGAGTCTCAGGGGCAGGGGCGGGGAGCGGCTGCGGGTTCATGGCGGTCCTCTATAACGCGACCGCTCGCCTACCGCGAAGGCGCAGGGAAAGCTTCCCGGAAGAAGCGGCGGGCATTCTCGGTCGTCTGCCGGGCGACCTCCTCGACGGGCTCCCCTCGGACGCGGGCCATGCCCTCCAGGATGTGGGGAAGGTAGCCCGGCTCGGAGCGCGTCCCCCGGTGGGGCGTGGGGGCCTGGTCCGGGGCGTCCGTCTCCGCCATCAGCCGGTCCAGGGGGATGGCCCGGAGCGCATCCAGGGGCTTGCGGGCCCCCGCCCAGGTGACGGGGCCCGCGAAGGAGAAGTGGCAGCCCTTCTGGAGATAGAAGCGCGCCAGCTCCACGCCGCCGCTGTAGCTGTGCATGAGCAGGCCGGCCTCGGGGAGGGGCTCCTCCTTCAGCAGTTCGATGAGGGCCGGGTGCAGCCGGTGACAGTGCATCAGCACGGGCAGGCCGTGCTTGCGCGCCAGCGCGAGGTGTCGCTTCAGCACCGTCACCTGCCGTTCCAGCGGCGCGCCCGGAAGGCTGGGGCCGTCCAATCCGCACTCACCCACGGCCGCCGCGCCGCCCTTCGCGAGCAGCGCGTCCAGGTGTTCGAGCACGGCGTCGTCCTCTTCCGGGGGCATGTCGGGGAGGAGCTGCGGGTGGATGCCCAGGCCCACCTGAAGGCGGGCATCCTGGCGGGACATCTCCAGCAAGGGCTCCCAGTCATGCGGGCCCACGCCAGGGATGACGATGCCGTGGAGGCCCGCGGCCCATGCGCGTGAGAGGACTTCATTCCTGTCGGCGTCGAAGCGGGACGCATCCAGGTGGCAATGGGTGTCTATCATTGAGCAGGCAGCTCCCTTGGGCCGTTCATTCAGGAACACGCTGCGTGCTCCTGCGCATCCGGGTAAGCGCGCCCGGAAAGGCTGACGGTATACGCGCCCTCTATTCTCCGGAGGGTTTCCATGACCAAGCGTGTCGTTATCAGCGCGCTGTGTGGCGTGCTGCTGGTGCTGTCGACGGGGTGCGGTGACGAGTGTGTCGATGCATTCGACTGCCGCAGCGACAACGGGCCACCCCCGGCGGGGAAGGATTGGACGTGCCGCTCGGGCAACTGTGAGCTGCGCGATGTCCAGCGGCCGCCCGAGGAGGACGCTGGGACGGAAGAGGACGCCGGCACCGAGGAAGACGCTGGCACCGAAGCGGACGCGGGCACTGAAGTGGACGCCGGCACGGGCGACGACGGTGGCGTGGTCGTCATCGGCACGGGGGCCAAGGGCGAGGCTTGCACCGCGTCCTCCGACTGCGCCGCGGGCCTGCGTTGTGAGGGCACGACCGAGGCCATGACGTGTCAGGCGCTGCACGTGGCCTTCACGGCCATGGACGACACCGACGAAATGGCTGCGGTGGTGACGCGCTTTGATGAGCCGGAGCCCACGCGGCTGTCGGACGCCGCAGAGAACAGCCTCTACCCGCGCTGGAACCCGGCCGGCAACCGGATTGCCTTCGTCCAGGGCGCCACCGAGACGGGCAGCTCGACGGGGAACCTGGCCGGTGAGCTGGTGGCGCGCGACGTGCCGCTGGTGGCGGGCACGCCCACGATGCTCGCCAACGGCACCACGGGCAGCACCGAGGGCTTCCTCTACCTGGAGTGGGAGCCGGGTGATTCTCTCCTGTACGTGCGCCGCGATGGCGACAGCATCTCCGGCATCTCCCGCGTCCCGGCAGAGGGCGGCAAGGTGGAGCAGGTCACAGCGTTGGGTTCCTCCCCGGCCTGGCGCAATGGCAACACGTTCGCGTTCAGCACCGCCACCGTCGGCATCTCCACGGACACCGTGGGTGGCGGCGCGCCCAAGCCGCTGGCCATCGCGGGCCCCACGGCGGAGCAGCCGCACTACAACCGCGTCAATGACCAGCTCCTGTTCCTCCGTCCGGATGACTCGCGGCCGGTGGGGCTGAACACCGCGCTCTACATCGTCCCCGTGAGCGGCGCCGCCGTGCAGACAATTGCCGAGTTCAGCACGGCGGCCGTCGAGGGTGGCTCGGTGGATTCCTACATCGCCAACCCCACCTGGGCGCGGGATGGCAGCTGGGTGGCGTACGTGCGCGCCTACTTCTTCAACCCCACCACGGGTGAGCCGGAGCTCTGCGGCGCCGGCACCTCGCCCTGCGCCGGCGACCCGGGCAACATCATCTTCCTGCGCCGCATCAACCCGGCGGACGGCGCCCCGGTGGGGGATGAGGTCAGCTTCGCCGAGGGCGCCACGCTCCCGTCGTTCTCTCCGGATGGCCACTACGTGGCCTACATCCAGGCGGGGCAGCTCTACGTCCAGCAGATTGACCCGGCGGCGGGCGCGAAGGTGGGTGACCCCATCGTCCACCCGCTGGGGGACTACACCCTCCAGACGTCGCGCGGCGATGACCACCGCCCGCGCTGGCAGCCCCGGTAGCCCCAGGCTGTTGACGGCGTGAAGTCCCAGGCCCGCGTCTCCCCAGGGGGGCGCGGGCCTTCGTCGCTTCCGGGATGGCGCGCGGCGCCTTGTCACCGCGCGAGATGCGGCATAGGGAGGGGCGCGCGGGCCCACCCCAGGGTCCGTCCACCGGAGGACCCGCATGAGGCGCTTTCTTGTTCCTGGCTTCCTGCTCTTCACCGCCTGCGCCACCGTGCCGGCTCACAGCCTGGACGAGGGCTGTGGTGGCACCGTGGCCGAGGAGCCACAGCCGCTGGCCGCACCTGTGCGCCTGGAGACACTCTCCGGCAGCTTCCTGGTGCACCCGAACAACGCGGAAGACTTCGAGAAGCTGCTCGCGGGAGAACCCACGCGGCAGCGCTACAACGCTGGCATCCTGATGGCGGGAGACTGACGTCCACGCCGCCGCGGGGGCAGACGCGCGCGCCACGCCGGCCGGGACAGGGGCGGAGGGCTCAGCCTTCCACGACGATGCGGCGCCCCAGCGCCCGGGTCATCTGCGGCGAGGTGAGCTGGGCCAGCACGTCCACCAGCTCCCCGCCGGAGGTCTCGAAGGCCGCCGCGATGACCTCGCCCACCGTCAGGTGGACCTTGCCCGCCGCCGCCCGGGCCCGCTGGGCCGTTCGCCGGAGCGCGGGCATCACCCGCCGGCCCTGCCTGGGAACCGCGCCACTTCTACGAGTCGTCCGCTTGCCCATGGGTTCCTCCCACCGCACCGTGCTACGCGGGTGAGTACACCGTGGGTCTGACACATGCAGTTGAGGTGCCAGCGGCCTGACTACCTGGCCGGTGGGACAATGCCCCTCATTTCCCAGGCAGAAAGCGGGGTTAAGCAGATAGTCAGCTCGCTGGGTTCACGGTGCTGCCCGGGTATGAATCGTTTCATCGAGCGTTTTCGTTCACTCTGAGCGCAATCTCGACGTTTCGTTCAACGGCCCCGTTTCGTCACGTGGCTTACAATTCTTGGCACCTAGGTCCAATCTGACCTCGATGTCAGAGTCGAGCCTTCCCGCAGAAGTCCGTCTTTCCGGGCGGAAAGCCAGAACATCCTGACACGACTGTCGTGGCCTCGTGGGCGGCGCGGGCAGTGCGGTATACGCCGGGGGCATGCCCCAGACTCTCTGTCCGAACTGCGGCCACAGCCCCATTCCGCGCGGTGCCAGAGCGTGCCCCTCGTGCGGGGAGCCGTTCGACCATCTCCAGTCCCACAAGAAGGTTGGCCGGATGCGGTTGGACCGGCCCATGGTGGAGGCGGACGACGACGCCACGGTGTTCGGCGGGGACCTTGTCACCAGCGCGGTGTCCGCCCATCCGGGCCCTGCTGCGGGGGTGTTGCTGGCGAGCGCCGCGGCCTGGTTCGTCCGCGCCGCGGGCCTGTTGGGCTCGCTGGAGGACCCCACGTGGACGTACGGCCTGGTGTGCCTGGGCGCGGTGCTCGCGCTGGTGCTGGTGCTCAACCGCGGCCCCGCGAAGGGGATGGCGCAGGTGGGCGTGGTGGTGCAACTGCTGGCCACGGGCTGGTTGGCGCGCGAGGCACCGCTGGCCCCCGTCCACGTGGCCTACTTCATCCTCGGGGTGCTCGCGCTGGTCATGGTGGTGGGCGAGCCGGGGCCCATGCGGCGCTACCTGGGGTTGGGTTTGGGGCTGGGGGCGGCGGTCGCCTCCGCGGGGTTGCTGGCGCTCCCCATCGCGGGGACGTCGGGCGCGGGTGTGCGTCAGTCCCTGGTGGGCAGCGAGCTGGGGTATCGGCTGGAGCTGCCCGCGGGGTGGGGACAGCTGACGCGCGAGCAGCTCGCACCGCACCTGGTGCTGCCCGCGTCCACCCTGCAGGGCGGCGGCGTGGGCTTCGGCGACATGGCGCAGGGGCGTTATGGCCTGCTCTGGGTGGAGCGCGGCACGGGCAAGGCGGCGGCCGTGGGGTGCAAGGGGTTACTCCAGGCGCTGGGCGGCACGTTGGGTGAGGCGGTGTCACTTCCCGCGCCTCCGGCGTTGGGGAGCAAGGCCACCGTGCATCCGCTGCGCACGCCGGGTGGCGCGGGAGGCACGCTGGCGTGCGGGGTGCTGGCGGACGGGCGGCTCGTGGGGCTGGCGGTGGTGGCTGCCCAGGCGAGTGGCGGCGCGGACGAGGTGGCCTTCACGACGGTGGGCGCGGGACTCGCGTTGCAGTAAGGGGCTCATCGCCATGAACGTCCAGGTCCTCTTTCACGACAGCTGCTTCGACGGCGCCGCGAGCGCGGCCGTGTTCTCCCGCTTCTACCGGGAGCGCATCCGTCCGGAGGCGGCCTTCCGGTACCTCGGTCTGAACCACAAGCCGGGCGCCGAGGGCATCGATCCGGCCGTGTTCACCGGCGAGGAGAATG
NZ_CP017174.1_gap52	2273391	2275045	1654	TGGCCCTCTTCGAGCTGTGCCGCTTCCGCGAGGCCCGCACCGCCTTCACCAGCCTCGTGGACGACCCGGAGCGGGCCGCGCACGCCCATCACCACCTGGGGCTCCTGCTGGAGCGCGAGGGCAAGTGGAAGCAGGCGCAGGGCCACTTCGACAAGGCGCGCACGCTGGCGCCGGACGACTTCCCCGAGCCTCCGCTGCCCGCGGAGGAGGACTTCCGCGCCGAGGTGGTGAGGGCCGTCGCCGAGCTGCCCAAGGACATGCGCGGGGACTTGGACGGCGTGCCCGTCACGGCGGAGGAACTGCCCGCGGACGCGGACCTGCTGGCCAACCAGCCGCCGCTGTCGCCCACGATTCTCGGGCTCTTCCGGGGCCCTCCGCTGGCTGAGCCCTGTGATGGCTCCGAGGTACCGTGCCGCTCCGTGGTGCTCTACCGCCGCAACCTGGCGCGCGCCGTCCGGACGCCTGAGGAACTTCGCGAGCAGATCCGCGTGACGTTGCTGCACGAAATCGGGCACCTTCGCGGCGAGGACGACGAAGAACTGGCCGCTCGCGGCCTGGAGTGAGCCTGATGCCCCCCCATGCAGCCCTGCCCGTCGCGCGCGTCACCCCCAAGGGGGCGCGCTCGCTGCGGCACTTCAATCCCTGGGTGTACCGCACCGAAATCGCCGCCCCGCCCGACGTGAAGGGCGCCGGCGCCGTGGTGCTGGTGGTGGACTCCCAGGGCAATCCCATTGGCCAGGCGCTCTACGCTCGCCGCTCGCCCCTGGCGCTGCGCCTGCTGACGCGCAAGGGGCCCGCCGAGGAGCCGGTGGACGACGCCTTCTTCCGCCGCCGTCTGGAGGCCGCCCTGGCGCGCCGGGCATTCCTGTCCGGCCGTGACGGGCTGCGGCTGGTGCACGGCGAGGCGGACCAGCTCCCGGGCCTCTTCGTGGACCGCTACGGAAAGGGCCTCACGCTCCAGACGCTCTCCGAGGGCATGGACGCGCGCAAGGAGACGCTGGCGAAGATGCTGGTGGAGCTCACCGGCGCCACCCACGTCATGTGCCGGGACGACGCCTCCGGCCGTGACTTCGAGGGCCTGCCCCGCGAGGCGCGCCTGCTGCACGGCGAGGGCGCCGCGCGCTTCGCCTACCACGAGGGGGAGAACCGCTTCGAGGTCGACCTCCAGGGCGACATGAAGACGGGCGCCTTCCTGGACCAGGTGGACAACCACCTGCGGGCCGGGGAGCTGGCGCGCGGCGACGCGCTGGACCTCTTCAGCTACCACGGCGGCTTCGCGCTCTCGCTTTCACGCACCTGCACGTCCGTGCTGGCGGTGGAGCAGGACGAGAAGGCCGCCGCGCGCGCCAAGGCCAACGCCGAGGCCAACGGCCGCGCCAACGTCACCGTGGAGAACGCCAACGCCTTCGACGTGCTGCGCCGCTTCGACACCAGCGGGCGCCGCTTCGACACCGTGGTGTTGGATCCGCCCGGACTGGCCAAGCGCCGTGAGGGCCTGGCCACCGCGCTGCGCGCCTACCACGAGCTGAACCTGCGCGCCTTCCGCTGCCTCAAGCCGGACGGGCTGCTCGTCACCTGCTCCTGCTCCGGCAAGCTGGACCGCGCCGCCTTCGAGGAGATGGTGCTGGCGGCCGCCGCGGATGCGAAGCGGCCA
NZ_CP017174.1_gap53	2279446	2282133	2687	AAGCCACTCGCTTGGCAGCTGGGTTGTCCTCACGCGGCGGGGGTCCTCATCCGAGGGCCTCCGCCGATGTGTTTTCGGGGTCCATCACGCCCCATCGCATGCGTGCGCGAGCGTCTGGTAGGATTTGCGCCGCTCATGGAACTCAACGAGATCCTCCAGATCGCCCTGCGCGGCGGTGCCTCCGACATTCATCTCAAGGCAGGCCTGCCGCCCATGTTCCGCGTGGACGGTTCGCTGGTTCCGCTGAAGGACGGCCGCCGCCTCCCTCCCGAGGAGGTGGCGCGCATGGCCTTTGGCATCATGAACGAGTTCCAGAAGGAGAAGTTCAAGGGGAGCAACGAGGTGGACCTGGCCTACGGCGTGCCGGGGCTCGGGCGCTTCCGCGTGAACGTCTTCCAGCAGCGCGGCACCGTGGGCGCCGTGCTGCGTGTCATCCCCTTCAAGGTGATGACCATCCAGGACCTGTTGCTGCCGCAGATTCTCGCCAAGATTTGCGGTGAGGAGCGCGGCCTGGTGCTGGTGACGGGCACCACGGGCTCCGGCAAGTCCACCACGCTGGCGGCGATGATCGACCACATCAACGCCAACGAGACCAGCCACATCATGACGATTGAGGACCCCATCGAGTTCCTCATTCGCGACAAGCGCTCCATCGTGAACCAGCGCGAGGTGGGCGTGGACACGATGAGCTTCGCGCAGGCGCTCAAGAGCGCGCTGCGGCAGGACCCGGACGTCATCCTCGTGGGCGAAATGCGTGACCACGAGACCATCGAAACGGCGCTCCACGCCGCGGAGACGGGCCACCTGGTGATGTCCACGCTGCACACGCTGGACGCGACGGAGACCATCAACCGCATCGTCTCCGCCTTCCCGCCGCATCAGCAGAAGCAGGTGCGCCTCCAGTTGGCCAGCGTGCTCAAGGCCGTGGTGTCCCAGCGTCTGGTGCCGCGCGCGGACGGCAAGGGCCGCGTGGCCGCCGTGGAGGTGCTGCGCGTCACGGCCCGTGTCCGCGAGATGATCGAAGACAAGGACCGCACGAAGGAGATCCACGACGCCATTGCCCAGGGCACGGACACGTACGGGATGCAGACCTTCGACCAGTCCCTGATGAGTCTGGTGCGGCAGGGGCTCGTCACCTACGAGGAGGCCCACCGGCAGGCCACCAACCCGGACGACTTCGCGCTGCGCTTCTCCGGCATCAGCGGCACGTCCGACTCCAAGTGGGACAACTTCGATTCGAAGCCCGGCGAGTCGCGGCCCATCCCCGGCTCCTCCGCCTTCGCTCAGAAGGGGGCGCCCACGGCTGTTCCGGCGCCACAGGCCGCGCCTGCTCCGGCGCCCATGGCACAGCCCATGCGCCCGGCGGCTCCGGCATCGCAGCAGATGCGTCCGGGCGTTCCGCCGCCGCAGGCCATGCGTCCGGGGGCTCCGGCTGGCGCGCCAGTGGGGCGTCCCATGGCGCCGCCTGCCGCGCGCCCGCCAGCGCCCGCTCCGGCCCCGGCACCCGCCGCGGCAGGTGGGGACGACGACTTCCAGATCGAGCGCTTCTAGCGGTTCACGGCGCCCACCCGGAAAGGGCAGGGCGTTCCGTGCCGCGGCTGCTACGCGTCGTCCTCACCTAGCAGTGCGCGCAGCCGGGACAAGCGGATGGGGCCGATGAGGCCCTCCTTGGACAGCGCCTGGAGCAGCTGCGCGGTCGCCTGCACCTTGGCCTCCTGTTCCTCCTCGGGCCGGTCCACCACCTCCGCGTCGAGCACGGCCTCCATGTGCTCGGGGTTGATGGGCGCGGGCCCTTCCGACCACGCGATGTCGAAGAGGGCGCGGGCCACGCCCTCACGCACCTTCCGCTCCGCGTCGTTGGCGGCGGCCTTCACGAACGTGAGGAAGAGCGCGTCCACCGCCTCCTTGGTGAGCGCGGCCAGCGCGGGCACTTCGCCCAGCGACTCCTTCACGTATTCGCTGTCGAACGCGTCCACGTCCTGCTCGTAGCCGAAGGCCTCCTCCAGGAGGATGGAGGCCAGGAACGCGTCCGTCTCCTCCGGGCTGGCGCCTTCCTCGGCCAGGGCTTCGCGGGCCTTCTTCGTGGGCTCCGCCAGGGTGGCGTCCTGGTCCAGCGCGCGGACCGCGGCGTGGGCCGCCAGCAGCACCAGCGAAGCCTGGGCATCGGTGGACAGGGTGCGGCCGCCCACGCCCAGCAGCACGGACTTGTGCTTCGGGTTCGCGGAGGCGGCGTCGGTGAAGGCCTGCTCTTCCGGAGAGAGGTCTCCGCCCGACTGCTGCTTGAGGAGCGTCTCCCGAGCGGCATCGGCGGCGAGGAAGCGGGCGAGTACGGGGTGCATGGCCGGGCCTGTTACCACATGCTAGGTATCCCGCCATGCATCCGGAGGACGAAGGGCCCGACGCTGTTCGCCGTGCCACGGACGCGTGCCTGAAGCTCCTGTCCATGCGCGGGCGCAGCCGCCGCGAGCTGGAGCAGGCCCTGGCCCGGAAGGGCTTCACCGAAGCGGTGTGCGAAGCCGCGCTCGCCCGCGTGAAGGATTGGGGCTACCTGGACGACGAACGCTTCGCGCGCGAGCGAGCCACCCTGCTCCTGGGCCGAGGCCGGCTGGGGCCAGATGCGGTGGCGCACCGGCTGCGGGCGCACGGGCTGGAGGAGGGGACCGCCCAGCAGGCCATCTCCGAGGCGA
NZ_CP017174.1_gap54	2392930	2394089	1159	GACGGCGTTCGCTCGTGCGCGGAGCTTGGGGTCTTCCCAGAGGCGAGCGGCACTGAATGCGATGCCGATCTTGCGCTCAGGTGGAGTGTTAGATGCCAATCCTTCATCAAGCAGGCATGTCGCCCAGTCTAGAGTCGGATGCACGGCTGCAACGAGGGTGCTTATCTCGCCTAGGACTTGCTGTAGCCAGGGCTCCTCCCGCGCGCGCCAGGAGTACAGGAGCTCCCGTACTTGGTCGGGGGCCCACCAATGTGCATACCCGAGAAGGTGGACTGCATCGTGGCTCTCAGCAATCTTTGGGTATCGGCGGAAAAGTTCGTCTATAAGACGTCCTCGCGCGGCCTTGTCTGTTGGGTTGATATAGGGCAGGTAACGTAGTAGTGCCCGCCAGACCTTTGGGTTCTCTCGTCGGGCGAGATGCCGTTCCCAGATTTCAACGATTCGATCATGTTCTCCGCGCACAATCAGGGTGCGGGTTAGCGCCTCAAGGGTCGGAAAGTTTCCGTGCGGCAATATGGTGAAATGAGTCTTGTCCCATAGAATAGGGCGGACGCCCTTCGTCTCGTCCTTCTTTCCCAGTCCTCGTATTTCGTCGTCATCTGACTCTGGTGCGTCCGGATCGGAAGCGTCGCAGAGCCAGCCTTGCAGGAGCGTAATCACCTCCTCATCAATGACCACATTCCGGCTTGCTAGACGCTCGATAGCGCTTGCCGACGAACTTCGAAACTCCTCGCTATAAAATCCGCGGCGTTCCGCATCAATAAGGGTTGTAACAACTAAAGTGGGGGCGGCGGTTTCTGCGATAGCTCTGAGGGCCATGCCGACCGCACGCGAACCGAAAAAGGGATCAAAGCGGGTGATGAGGCGTGTTGCACGCTCCGGTTGCTTTTTGGCGAAGTCTGCGAAGGCTTGAGACAGTTGCATGTTGCCACCCCGCATTGAGTCGCGGGGGTGTCGGGTTTCAGTCAGGTCGGGCAACGTGCGAAAGGCATTAAGTATGTTGTCGTCGGAAGCCTTGAGCATGGCTTCAGTGCTCATTGGTGAGTCGATTGATCTGAAGCTTGGTATTGGTATTCTAGTTCGCTCGTCCTGGAATACCCGGGCCTCTTGTCGGATGTGACTCCTAACTTCCTGGTCGAGGCTCTCTTGCGGAAGAGCC
NZ_CP017174.1_gap55	2418866	2423848	4982	GCGAGTGGAGCCATGGCACACGGTCCTGGTGGAGCGGCGCGACAGCCTCCGGGTAGGATTGGCGACCGCGCCAGGGGACGCCTCAAGCGAGGCCGCGGTGGCCACCGACTTGCTGAAGCTATTTTGAGCCCACAACCGATGAAGCAATGAGAGGCGGCTTCTGGGCCGCGACAACTCAGCAGAGCCGAATGCTTGCAGTAGGCGGATTGGTTTCCGCGATTGTGATGACGATGATGGTGCTGATTCCACCTGCCACACCCTCTATCTGCCGAAAGTCGGCCTCTTGGAGGGTTCGGAGCGTCTCACGCTGGAGGCTGAGCTTGCGCATGGGTTCTGTGGCCTTCTGCTTCTGCTTCTGCTTCTTCTTCGACTCGACCATGGAGACACCTCCGAGAGAGCAGGGGTTGATGATGGAGCACGCCGCATTCTTCCCTTATTGACACTCCGAGAACAGGGCATGGGAAGGATGGAAGGCCTGTTGAGAGGAGGCGGAGTGGAGCGCAGCGGTGGAGGACGCTGGGGGCGGCGCGATGTGGGCCCGCCTGCTGAAATGCATGTGGGTTTGGCGCTACGCGCGAGGGGGGCTCTATTTTTGCTGTCCGCGGCTGAGGGGAAATGCGCTCTGGATTCGTTCCCTGTGGGCAGTACCAACGTCAAGCAGGAGCTCTCGAGCATGAAACCTTTCAGAATGAGGCCGCTACTGGCAGTCCTGTCAGTGCTGGCCGTATCCCTCGTGGGATGCGGGGTGCCAGAGGAAGAGTCCCGCGCCTCTTCTAGCGCCGATTCCCAGGCCCTGGCCGGTCCATATGATGCCTGGATTGCCCGCCACGGGCTCACCACCGCCCAATATCAGACGGAGTTCAATACGTGGGTGGGGCAGGGCTATCGTCTCTCCTATGTCAGCGGTTACGAAGAGGGGGGCAGTGCCCGTTACGCGGCCATCTGGGAGCAGACGAGCGGCCCGGCCTGGCGGGCCTACCACGGGCTGACTTCCGCGCAGTATCAAACCACCGTCGTCAATCAAAATGCGCAGGGATACCGACCGGTGGTGGTCAACGGGTACAGCGTCGGAGGCGTGGCCTACTTCGCGGTCATCTTCCACGTGGACAGTGGTGCCGCGTGGGTGGCCCGCCATGACCTGAGCGCGTCCCAGTACCAGACGGAGTTCAACACCTGGGCGGGGCAGGGCTACCGGCTCGTGCACGTGAGTGGCTACACGTCCGGTGGCGCGGAGCGCTACGCGGCCATCTGGGAGCAGACGAGCGGTCCGGCCTGGCGGGCCTACCACGGGCTGACCGCGTCCCAGTACCAGTCCACGTTCAATACCAACGCGGCCCAGGGTTACCAGCTCGCGAAGGTCAGCGGCTACAACGTGGGCGGCACGGACCGGTACGCGGCCATCTTCCATGTTTCATCGGGGATTCCGACCGCCGCGCGTCATGGGCTCTCCGCCGCCGCGTATCAACAGGCCGTGACGGACCTCAAGAACCAGGGATATCGCCCCGTCCTGGTGGCGGCGCACAACAATGGGAGCCAGCCCGAGTTCGCCCTGATCTGGCAGAACCTGACGTTCAGCGCGGCCGACCTGCAGCACATTGACGATACCGTCCAGCAGGCGATGACCAGCACGAACACCGTCGGGCTGTCGCTGGCCATCACCCGCCACGGACGCCTCGTGTTCGCAAAGGGGTATGGCCTGGCCGACCGAACCAGCAACACCCCGGTCAACACCTCCCACCGCTTCCGCGTCGCCAGTGTGTCCAAGCCGATGACATCCATCGGCATCATGCGGCTGATTGAAAGCGGCCAGATCCGGCTGACGGACCGAGTCTTCGGCAGGGGTGGATTGCTCGGTGAGACGTTCGGCGCGCAGAGCACCTACGCGGACAACCGCGTCCTGAACATCACGGTCCAGCACCTGCTCGAGCACACCGCGGGCGCATGGGACAATGACGGCGCCGACGGCACGGGCGACCCCATGTTCATGAACACGGGCATGACGCACGCCCAGCTCATCCAATGGGTGTTGCAGAACGTGCCGCTCGAGTTCGCGCCTGGGACGACGTACCAGTATTCGAACTTCGGCTACAGCGTGCTCGGCCGCATCATCGAGCGGGTCACGGGCATGACCTATGACGCCTATATGCGCGCCAACGTGTTCGCGCCCAGCGGCGCCACCAGCTTCGCCGTGGGGGGCGATACGTTGAGCGCGCGTCTGCCGAACGAGCCCGTCTACTACCAGCTTGGCACGGGGGCCTTCAGCCCGTATGGCATGCCGGTGCGTCGCATGGATGCGCACGGTGGCTGGGTCGCCACGCCCATCGATTTGCTGCGTGTCGCCGTGCGCGCGGATGGGTTCTCCACCGTTTCGGACCTGCTGAGCGCGAGCTCACTCACCACGATGACCACACGCACGACGGCGCTCGACACCTTGGGCAACTCCGTCAACTACGCCAAGGGCTGGTCGGTGAACAGCCTCCCCAACTGGTGGCACGGCGGCTACATCCCGGGCACCCGGGCCCTGTTGGTGCGCACCGATGACCGCTATGGGCCCAGCCGCTCCGAGGAGTTCACCTGGTCCGTCATGACCAACTCCAACAACAGCTCCGGCTCGGGTACGCCCGACATCAACCTCGACAGCCTCATGTGGAACGTCGTGAACGGCGTCGGCGCCTGGCCCGCGCACGACCTGTTCTAATCAGGGCCTCCACCGGATTTTCCGGGAGGGCTCGTAGGACCGGCGGGGCTCGCAAAGGCCTCCGCCGGTCCGTGCTGCAGCTCACTGCCAATCCCGCATGCAGCCGACCTCGAAGCCCTGTCGCTTCTGACCACGCGCCTCGTGGAGACGGGGAAGCGGAAGAGGCGTGCGAGCGGATGGACGGAGCACCAAGACCGCCGCGACGGGAGGCTGAGAAGCAAGACTCCCCGGCAGCGCGCGCCAGCGGATGATTTCATCCGGGTAGAATTGACTTGGGTTTTCACCCGGGTAATATCTGGCCATTCTCGAACCTCCGACACCTGGGATGACCACGCCTTCGACCACCTGGACCGCCTTCGCGGGAAAGCGCCTGATTGCCTCCGGCCCTCCGGCTGACGTCATCCTCGCGGCCCGCCGCGCGCTGGACACCGGGGAGTCCGCGCCCCTGTTGCTCTTCGACGACACCACGGGCCGGACCGTGGACTTCCACCTGCGTGGCTCGCGCGAGGAGCTACTGGCCCGCCTTCAGCCCGCGCCTGCCCCCACGGAAGAAGACACCGGGCCTCGGAGCCCCGGCAGGCCGAGACTGGGCGTGGTGGCGCGCGAGGTGACCCTGCTTCCACGGCACTGGGAGTGGTTGGCCACGCAACCGGGCGGTGCCTCCGTCGCGCTGCGCAAGTTGGTGGAGGCCGCGCGCGCGAGCAGCGGCGACACCGACCGGCGCCGTCAGGCCCAAGTCGCGGCGGACCGCTTCATGACCACGATGGCCGGCAACCTGCCCGGCTACGAGGAGGCCGCCCGTGCGCTCTACGTCGGGCACCGCGCCCGGTTCAATCAGTGGACCCGAAGCTGGCCGGACGACCTCAGGAATCACGCGCGCCGGCTGGCCGCGCCCGCGTTCGGAAAGGTGACGCCATGAGCACGACGTCCAATCGCCAGTGGGTGCTGAAGACCCGTCCTCGGGAAGCGGTGTCCGACGACTGCTTCGAGTGGCGCGAGGGCCCCGTGCCCACGCCAGGCCCGGGTGAGGCGCTGGTCCGCGTCACCTGGCTCGCCATCGAGCCCACCCAGCGCACCTGGCTCAATGCGAATGCGACGTACATCCAGCCCGTCGCGCTCGGCGAGGTGATGCGGGGCGCAGGCGTGGGCATGGTCATCGCGTCCCGAACCGAGCGGCTGGCGGTGGGTGACTGGGTGGCGGGGCTCACCGGCTGGCAGGACTACGTACTGACCGGCGACGCGGGGCTCTTCGGCCTCAACAAGGTACCGGGCGGCGTCGCTCCGAAGGCGATGCTGAACCTCTATGGCGCGAGCGGGCTGACGGCGTACTTCGGCATCACCGACGTGGGCCGCGTTGCGCCGGGAGAGACAGTCCTGGTGTCCGCCGCCGCGGGCAGCGTGGGCTCCATCGCGGGTCAGGTGGCCCGGCTCCGGGGCTGTCGTGTCATTGGCATCGCGGGAGGGCCGCACAAAGCCGAATGGGTCACCCGCACCGCGCGCTTCGATGCCTGCATCGACTACAAGTCTGAAGACATCCAGGCGCGGCTTCGCGCCCTGGCGCCCCAAGGCGTGGACGTCGTCTTCGACAACGTGGGTGGCCACGTCCTGGAAGCCGCGCTAGACCATCTCGCCCGAGGCGCGCGGGTGGTGCTCTCCGGCAGCGTGGCCTCGGGATACAAGGACGGTGACTACGGCACCGCGCCGCGCAACTACATGCAGCTCGGCTTCAAGCGAGCGCGGATGGAGGGCTTCATCTTCCTCGACTACGTCTCGCGCTTTCCTGAGGCTTTTCGCGAGCTGGCGGCTTGGGACGCCCAGGGCGCGCTCCATTGCGCGGAGTCCATCGCGGAAGGCTTGGAGCAGGCCCCCTCTGCCCTGCGAGGACTCTTCGAAGGCCGCAACGTGGGCAAGCAGCTCGTGCGCGTCACCTCAATTCCCTGTTCGAGCTCGACCCCCCGCGCTCGATGAGACCGGAGGCAACTCGCAGGCTGCTGAAGCAGCAGTCTGCGTTGGCGCTTTCTCAGGGGCCGCCCGCGGTGGCGGGCGGTCCTTCCGGCCTGCGCGGAGGCACGAGCGTCAGTCTTGGGTCAGGGTTCGGAACACGGCCGGCAGCTCCTGGTCCCCCAGCCCCGCGCTGACGGCTCGCTTGTAGTTGTCGAGCAGTTCCTTCGGGAAGCGTGCGCTGATGCGGGCGTCCTGGCTCAGCCGGACGATGTGTTCGATTGCGGCGACGTGGGTGTTGAGACTGCACTGGTCGCCTGAGAAGTCATTCTTCTCGACCATT
NZ_CP017174.1_gap56	2425296	2429018	3722	AGGCCGCGCCCATCATGGCGTCACATCCAGCGCCACTTCGAGCCGACGACCCGCGACCACGTCCACCTCTCGCACCAAGGGAGGTTCACCCGCGCGGCGTGCCGTCACCGTGTGTCGTCCATGTTCGACCATCACCGGACCGGACAGGGGGGCGACGCCCACCTCCCGGCCGTCCACGAAGAGCCGCGCGCCCACGGGAGCGTGGATGCGCACCTCCGCCTTGCGCGGTGACAACACCACGTCGCGCGTCACGGTCTCCCCCGGCGCGAGCGTCACCTCCTGCTCGACCTCGTCGCACAGAGGGTTGACGAAGCGCAGCCGGTGGGTCCCCGCTGGCAGCGAGAGTTCACGCACCCGAGGTGTGTAGCCGTGGCTCTCGCCGTTCACGAACACCTCCGCCCACGGGCGCGCCGTCACCTTCAACACGGCGGGACGCGCGGGGAGGGTGGTTCCCACGTCCGGGCCTGGCGCCGGCACCAAGGGCCGCGCGGCCCCTGTGCTCTCGGTTCCCGCCGAGTGCCCTGCCGGCAGGGCCGATACGGCCCGCTTCGCCGAATCCATTCCTCCCGAACGCCCTGTCGAAACGGATGGCCGAGCCGGCTTCGCCCCGGCACCGTCCGCCGAGCGTTCTGTCGGCACGAATGCCCCAGCCAGATTCGTGGTGTCTCTTCCGGCCGAAGGCCCCGGTTCTCGCGAAGCGTCCAACCTGCCGGGTTCCGTCCCCGGGGCAGGCATCTCCTGGCCCGGGGGCGTGGGCGCATGAAGGCGTTCACCAGTGGAGGCGCCGTCAACGGATGCTGTTCCGGGGGAGGCCTGCCCTGACGAGGGCTCCGCGCCACGCGGCGTCTTCACGCCTTCGATGTCCTGGTGCGACCACACCCACCCCGCAGTCGCGCAGAGGACGAGCCCGGCGCCCACGGCGCCAGCCCTCCACGCGGAACGCCTCGGCCGCTGACGCAACAGCGCCACCACCTCGGCGGACGTCGGCTCCAGCGACAGCGCGGCGTTGAGGACCTTCGCGGCCCGCGCCCCCTCGCCGCGCGCCAGCAGTCCGCGCCCCTCCTCCAGCAACCGCTCGAAGCGCGCCCGGCGCCATCGACTGGCGCGGGCCACCGGGTCTCCCAAGAACTCCCGCGCCACGTCGGCAGGCGGGCCGACCTCTCGTTGGAGCAGCTCCTCCAACGCCAACGCCAGCGCGGCCCCGTCGCGCGGTCTATCCCGCGCATCCTTCGCCAGACACCGCGCGACCAGCGCTGACAAGGGCTCGGGCGTGCCCGGCACCACCTCCGTCAGCGGCGGCGCATCCTTCGTCATCACCGACGCGGCCAGATGCGCCGCGCCCTTGCCCGCGTGCGGCGTGGCGCCCGAGCACAGCTCGAACAGGATGACACCCACTGCATACACATCCGAGGCAGGGGAGTACGCGCCCGTGTCGATGCGCTCGGGCGCCATGTATGGCAACGAGCCCGTCACCGCCCCGGTGCTCGTGAGGCGCTCCTGGTCCTCCAGCGCGGCGAGTCCAAAGTCCGCCAGCTTCAGCGGCCCGCCTTCCGCCACCAGCACGTTGTCGGGCTTCACGTCGCGGTGGACGATGCTGTGTGCGTGCGCCGCCGCCAGCGCCCGGGCGAGCTCCCAGCCCAACACCATCACCGCCTCGGGAGGCACCGGCGAGAGCCTCCCCGCCAGCGCGCGGAGGTCCTCGCCCCGCACCCACTCGCAGACGAGGAACGGGCCATGGGCCTCATCCTCGCCGTAGTCGTGGACCTCCAGGACGTTGGGATGATGGAGCGAGGCGGCCAGCTCGGCCTCCCGCCGGAAGCGCTCCGCGCGGCCCGTGCCGCCTCCCGGGTGCATCCGCTTCAGCGCTACCGGGCGCGACAGCCGCACGTCCGTGGCCAGGAAGACCGTGGCCATTCCCCCACGCCCCAGCTCCCGCTCGAGTCGGTACCGGCCCGCAAGCACTTCACCCGTCATCACCCAGGCATTCTCCGGGAGCGCGCTCCCGCGAGCAACCTGGTAGATTACAGCGACAGCCGACAGGCCTTCGTGTCCCCCACCTGCTCGCAGGCGCCCGTCGCCCCCCCGGGGCAGTCCCGGTCCAGCCGGCACGGCTGCCGGCACCGCAGCTCCGTCCCCGACGACAGGCACACGCTACAGGGCGCGCAGTCCAGCGAGTTCTCGCAGACCTCTCCCACCGAGGCCGGGGTACCCGAGCACTCCTTCACGCACAGCCCGTCCGGAGCGCATTGGTAGCCCGCCTCGCAGAGAGTGCCCCCCGGGTTGCAGCTCTCCTCGCACCGCATTCGCTCCCTGGGGCAATGGGCGAAGTCGGAGCACTCGAATGTGTCCCTGCACGCCTCTCCAATCCGAGGCCCCACGACGCATCGCGCACTGGTGCACCGTCGCCCGTCGCGACACGTGAAGTCCGTCGAGCACGTCAGCGTGCACGTCCCGCCGACACAAGCCGCCGCTGCATCCGCGCACTCGCATGGCTGCGTGCACGCTCCTCCCTCCTCCACCGTGCTCGCGCATCCCGCGTCCGGAGTCCCGCATCCCGTGCCTGTGCAGCCGGCATCCGGCGTCCCGCATCCCGTGCCTGTGCAGCCGGCATCCGGCGTCCCGCATCCCGTGCCCGTGCAGCCCCCATCCGTCGGCGTCGTCACCGGCACACATGCACTCAGGGGGCCGGACGCGTCGGGCACGGGCCCACAGCCATACCCTGGCCGAGCACAGGCCTCGCCACAGGTCCGCAGGCATTGCCCCAGCCCCGTCGCGCACACGCTTCCTTGCGGGCACGGTGTCGACTCGGAGCACGCCAGCAGGCAATACCCGCCCGGAAAGCCCGTGCCACAGGTGAGCCCTGGGGCGCATTCGGCATCCGCGCCACAGGCCTCTCCAATCCGCTCCGTGCCCATGGGCTCGCAGTCACCTCGCACGCAGACCTGCCCCTGGGGACAGCCGTCGGGCTCGTCACAGCGGATTCGGATGTCGAGCGGACAGCCCGGCGCGACGAGCAGCACCAGCGCGGGCAACAACGAGAGCAGGAGGAGTCGGCGCATCACCAAGGCCCGGGCGACTCTAGGCGCAGGGAGGCTCGAAGCGCACCCCCCCAACAACGCCAGAGGCCCCGTGCTCCCCGACTGGGGAACACGGGGCCGTCTTCGCCAGCTACATGCAGGTGCCCATGACGCCCGGCGCGCCGAAGCACTGGCCGCTCTTGCAGTGGCTGTTCTCCGCGCACGGGAAGCCGAAGGCGCCCGGGCTGCAGAACCCGAGGACCGCGCCGGAGAAGGGCTTCACGCAGCTCCACTGCGAGGGGCAGTTCGAGTTGTCACTGCAGAGCCCCTGCATGCAGAAGCGGCCCTTGTTGGGCAGGTAGCCGTCGTTGCACACCGCGCCGCCCAGGCCCGTGGGGCACACGCCATCCTCGGGGCAGGGCGCGAAGCTGGCGCAGTACGGCTGCTGCGAGCCCTGGTCCGCTGCGTCCAGGCACACCGCATAGGTGTCGCAGCCGTCCTTGAAGTCGCTGGTGTTCGGGTTGCACGAGGGCGGGTTTGCCGGAGGCGCCAGGCTGCACAGGCCCTCGATGCAGACCTGGTTGCTCAGGCACTGGCTGTTGGAGCTGCAGGTCGGCACCTTCTTGTTCTTGCAAAAGGAGACGGCCATGCCCGTGTCCTCGAGGTCGCAGTACTGGTCCGCCGCGCAGTCCCCGTTCGACTGAC
NZ_CP017174.1_gap57	2431452	2432173	721	CTCTGAGTGGCACTCCCCATGCGCCTCATACGCCCTTCCTGGCTCTGGGCCCTCTTGTTGGCCCTCTCCGCCTGTTCCTCGACCTCCACGACCCCCTCCGACGCGGGGACTCAGCCCGATTCGGGGACGCAGGGCGGGCGCATCGAAGGCCAAGCCATTCTGGAGGGGGCCTCGTCCCACGCGGGCATCAGCGTCTCCGTGGAAGGCGCTTCGCTGAGCGCCACCACGGCCACTGACGGCCGCTTCACCCTGGAGAACGTCGCCCCGGGCACGCACATCGTGGTGGCGAAAATGCCCGGCTACTCGGAGGCTCGGCAGTCCGTCACGGTCGCCACGGGAGCAACGGCCTCCGTGAGGCTCGATCTCGTGCGTGGACGGGGTTCAATCCTCGGCAATGTCAAGGTGGAGGGCGTCCTGGATGCCTCGGGCGTCAACGTCACCCTGGTGGAGACGGGCGCCAAAACGACCACGGACGCGACGGGGCTCTTCACCTTCTCCGACCTGGCCCAGGGCACCTACACGGTGGCGCTCCAGAAGACGAACTACCTGGCGACGCAGCAGACGGTGGAGGTGCGGGGCACGGGCTCAACCCTGGTCAATTTCTCCCTGTCGCGCGAGCGGAGCAGCGTGACCGGCGTCATCCAGCTCGAAGGCTCAAGCAACCACGCCGGCGCCGTCGTCACCCTGGTGGAAGCGTCCCTCACCGCGACCACGAATGCCG
NZ_CP017174.1_gap58	2433486	2434852	1366	GAAGGCGAGCCCCAGCCGGTCAGCCTGTCCCTGTCGCGGCTGGGCGCGCTCGAAGTCTCCGCGCCCAAGCTGGCGGTCCAGGGGGGACACCTGACCTTGACGGGCTCCGGCTTCGGCGCCGAGCGCGGCCCCTTCACCGTCACGGTGGGAGGAGAAGCCGTCACCGACTTCATCTCCTGGTCCGACACGGAGGTGGTGGCGCGGGTGGCGCACCACGTCGTTCCGGGCGAGCACGACATCGTCGTGACGCCCGGGGTGCCCTGGCGGCGGCACACCACCACCTCCGTGTGGGTGGTGCCCCAGAAGACCGTCGCCTACGGGGAGCATTGGGGCGTGGGCGTCCTTGCTTCCAATCACGTCTCCGTCTGGGGTGGGCCCTCCCTGGCCGACATCCACCCGATTCCGGCGGGGCTCACCGACGTGGTGAGCGTGGCCACGTCGCGAACGACTGCCTTCGCCCTCCAGGCGGATGGCACCGTGGTGGCGTGGGGCGGTGACCTTCCCTCGGACCTGAGCGTCCCCTCCGACCTCTCGGAGGTCGTGGCCATCGCGGGAGGTGACTCCTTCGTCCTGGCATTGAAGGCGGATGGCACCGTCGTGGCCTGGGGCGACAGCGCCATCGCTCCGTCCTCCGACGTGAGGGACGTGGTAGGCATTGCCGCCACGAGCAACGCCAGCCAGGCCTTCCTCGCCGACGGCACCGTGGTGACGTGGGGACAGGAGAACGAGGGCCAGGCAATGCCTACCGAGAACCTCTACCTGCCGCCGCACGACCTGGTCCTGCGCGTCCCGGCTCGCTAGCCCCGTCGCAACGTCGCGGCTCCGTCCCGCCGTTCGGGGACGGAGTTGACCGCACAGGCCGCGTGGGAAAGCGCCCGAGCCGTCGTCACAGGCTCGCCTCCGCATCCACTCTTCCCGAGACGGGGCGCTCACTGGCGCGCGCACGTCACGCGCTGGCATCCGCTGGATGTCCCACGACTGCTCGCGGGGTTCGTCGAGGACGCGAAGCGGACACTGCCCGATGCGGTGCAGGAAGAACTGGAGACGCTTCTGCGGTGGCCTCGCGATCCGAGGCTCCTTCCCGCGCTGCTGGCCCTCGGCCAGTTGCCCATGCGCCACCTGGGGCTGTCGAAGGGCCACGGGACCAGCGACGCCGCGTTGTTCGATGCGCTGGCGGAGCTGCCCCAGCTCTCCCTGCTGGAGCTGGCGTACGCCACGGCGCTTCAAGTGACCGCGTGTGCCCAGTCCCAGCTTGCGCCCAGGCTGGAGCGCTTCGCGGCCGGGCTCAGGCGCTCCAGTCCAGGCCACCCTCGTGAGCCCGAGCGGGGCGAGGGTGCTCGCGGAGGCCCTCCGCGCCGCCGCGGAG
NZ_CP017174.1_gap59	2457087	2459839	2752	GCAGGAGCACGGGCTCGCCTGAGTGGCCGAAGACGAGCAGCTCCATGTCGCGGTGCAGCCGTTCGCTGTACCAGCGGTGGTATTCGCGGTTCATGGCGTGCAACTTAACCGCAACGCGGCAACGGCTGCGACCGGGGTGCAATGGCCTTTCGGCAGACAGCCGGGAGTGAACACCCGGGTGGCTGTCTGGCTTTACCGATTCGACGGTTACCCGCCCGGCGGTTCGTTGCAGTTCATACGGTCTCCGCGCCGCGCCAGGTGATGTGTCCACTGTTCTTCGAGTTGGAGGGTGCATCCCAGCCGCACGCCCGCGTCGAGCAGGGCGGAGAGGTCTTCGTCCGTGCCGAGCCGGGAGAGCGCTTCGATGGCCGCCTCGACCTCGGGGGAGAAGACAGCTGGGAGGCAGGGGCAGCAAGGGCAGCCGTGGCTGTCGCCCTTGGGGGAGGGCGCGCTGGCGAGCACCTGGAGGAACAGCGCCCGGCTGGCGTTTCCGTCCAGCAGGCCGAGCCAGCGGAGGGCCTCGGCGCGCAGGAAAGGGGTGGGCGCGTCCAAGGTCAGTTGCTGGAGCGGCGTCAGCCATTCGCGCTGGCCTTGCTGGACCAGTCCCGCGGCGGCGGGGATGCGGACCTCGGGATGAGGCTCGTGGGCCAGGGAGAGGAGCCGGTCGACCCACGCCGGGCCAGACTCCCCGAGCGCGAGCAGACCTTCGATGGCCAGGCCCCGAATCCTCGCGTCCGGGTTTCGCAGCGCGGACAGGAGCAGCGGGCGGTCTTCGGGCGTGGGTGTGTTGAGCGCGGCATGCTGGACGACGGTGCCAATGAGTGGCGCGTTGCCGGGATATCTCTCAGCGGCCCGCGCCCAGCGGACGGCTGCGGGGCGGTCATGGTCCGACAGGTGTTCCAGCAGGTGGCTCCGAACCTGCGAGGCCACATCGGCGTCACACAGGAGTGGGTACAACACGCGGCGCCGGGCCACGTCCCATTGAAACAGCAGGTCATTGGCCCAGTGGAAGGCAGGGTGGTGCTTCACGAGGTTGTAGGGCACCTTGCATGCGACGCTCTCCGCGCGCACGACGCGTTCGAGCCGATGCAGCAGTCTCTCTTCGCCCCAGTGCGCAATCAGGTCTGGCAGGGGGAGCAGCAAGGCTTCCGCGGCACGGTGGTGGAGCGCCGGATGGGTGCGCGTGATTCGAGCCAGTTCGTCGCGAGAGACGCCCCAGTCCACTCGAATCAAGTCTCTTTCCAGTTCCTCCGCGCTCATGTCCTGACACCACTCGGTGAGCAAGCGCCAGGCTTCGGGCCGCTCCTTCCACGTGAGGGCGATGCAGAGGTTGAGCTGTTCGTAGGGGTCCACCTCCTCGCGAATGGCGTGACGGTCGGAGTGGTACCAGCGTTCGAACAGCCATTCCGCGAGCGCGTACGGCTGAGCAACGACGCCTTGCTCGGGGAAGGGGAAGCGAAAGGGATGAAAGGGATGGCGGTCGAGCCGGGCCTTACTCGCGCGTTGCGCCTGTGTGCGTTCCGGGGACTGCGGGGCGCTGTGGCCGCGCCGCTGCGCGATGAGCAGTCTGCCGCGGGGGCGGGGAGGCAGCTGGAGGAGCGCCGCCTCCAGGTCTGGACTGAACGTCGCCAGCCTCGCGAAGGAGATGAGGTCGACCAGGGTGAAGCCTGGACCCATGCGTTCGCGATGGTCCTCATCGAGTTGGATGAACTCCCGTGGGGAGAGTTGGAGTCCGTGCCTCGCGCCCGCGCGTAGTGCGAGGTCCTGGACGTTGAAGTCCTCGTTCGGGTCGAACAGGAGGGCGCGGAAGAGGGGGAGTTGCTCGACGCCGCCGAAGCTGCCGAGCATCCAGACGATTCGGCGCCGGGTGTCGAAGTGCTCGGGCGGCGTTGCCTTCAGGAGGGAAATCAACTGCGCGCAGATGTTCTCGCGCGAGGACCACACCAGACTGGGAGACGAGGGCAATTCAGACGCCGAGTTGGGTCCGGCTGGCGACACCGGCTGCGAACACGCAGGAAGTTCAGGAGAGCCTAGCGACGGTTCTGCCCACGCGCAATCCCGCGGCCTGCGGGGGGTGACGCGCGCGGACGGTTCGACGCCGTGAGTCAGTCTGCCCGCACTCTCCACGCTCGGACATACCACCCGGGAGGGAGAGCGCATCTGGAGCGTTCGTAGGACAAGGCGCCTTGTGCCTGTCACTCGACGGCACCCAGAATCCAACCACACGCGTCTGTTCGAGAGAGCGGGCTCGTGCGCGGTGGGGGGAGTGCGATGACCAAGGATCCGGATCGTCCTGGGGCGCCATCACGGCCACGCGTGGTCACGAATGAGCCATTGGCTCACGTGACGGAAGACTGTCGACCTCACCTGTTGCGCGAGCACCTGGAAGCCGTAGGGCAATGGGCCGCTCGACTGGCGCCTCGTGAGGACTTGCGCGCGCCTGCCCTGGCCACGGGACGGTGGCATGACCTGGGCAAGTACACCCGGGACTTCCAGATACGCATCCGCAAGGAAAACGGCTTCGAGGCGCACCTGGAGAAGGAAGGGGCGCTGGAGCGGGACCACTCGACGGCGGGAGCGCTCTGGGCGTTGAGCCGGGATCGTCGGCTGCTCCCGCTGGCGCTGGCGATCACCGGGCATCACGCGGGCCTGCCCGACTTGCCGAAGTTCAAGGAGCGGGTGGGGCGCGATGAGAAGCAGGCGCTGCTCGCGGACGCGCGGGCCCGCTGCGACAGCCCTTCTCTTCTGGATG
NZ_CP017174.1_gap60	2608320	2609875	1555	CGCAGCACCAGCCGGTCCTTGCTCCGCTCGAACATGTCGAGGAAGCGCTGGCGGCCCTCGGAGGAGAAGGACACCGCGGTGGCGGACGCGTATTCGAACTTCGCGTCGTCCTCCACGTAGCGCAGCATTCCGTCCTGGAAGACCTCGGTCCAGAAGCGGATTTTCTGGAAGGGCGAGTCGTAGAGCTGGCCGATGATGGCGTTGGCCACGTTGCCCACGCCGGACTGGATGGGCGGCAGGCGCTTGCCCCATTGGTACTGCTCGCGGCAGCGCATCAGGAAGTCGATGACGTGCTCCGCGATGCGCTTGGCGGTGTCATCCGCCGCCTTGAAGGGCACCGGGTGGTCGGGCGTGCGGGACTCCACTACCGCCACCACCTTGCTCACGTCGAACTCCACGTAGGGGTTGCCGATGCGGTCCCTCACGTTCACCAGCGGCAGCGGCCAGCCCACGTGCGGATGGACGGCGGGCAGCACGATGTCGTGGAAACCCGTGTAGTCCGGCCCGGAGGTGTTGACCTCGAGCACGATCTTCTTCGCGCGGGCGAGCGCCTCCGCGCTGATTCCCACCGACGACGTGAGGACGACGCTGCCATTCTTCCGGATGCGCGACACCTCGACGATGGCCACGTCGATGTCGCCATAGAAGCCGTACATCAGGTTGCGCGCGAAGGCGGACAGGTGGACGTCCGTGAAGTCCATCTCCCCGGCGTGGATGCGGCGCCGCGAGGCAGGCGAGGACATGTACGGACCGCGCTTGGCGATGAAGGGCGCCATGGGGCCCTCCACGTCCTCGGACAGGGACGCGCCCGACAGCAGGGTGATGCGGGCGTCCGGTGCCGTCTGGGAGAAGTGCCAGGCAAGCGCCGGCAGGAACGTCTTCGGCTCACCCGACTTGGTGAAGCCGCTGATGGCCACGGTGTTGCCGTGGACGACGTGCTTCACCGCCTCTTCGACGGGGACGACCTTCGCCAGCAACTCGGCGTTCTCGATGCGGTCCTTCAGCGTGCTCGTCACGGTCATTCCTGGAGGGTGAATGCTGTGGTGGGAGGGGCGCTCGCGCGCGCCACATGGGTGTAACACACCGCGTTTTTTCCCGTGGCCACGGTGTTGGCCGGGAACAGATGAGCAGGCATGCATGTTGGTGCGCCCGCGATTCCGTCCCCCGGTTCGCGGCGGGATGCCGTTAGGCTCCGCCCCTCTTCAGCCCCTTTCGTCGGGAGACATCCTCTACATGCGTAAGCTCTTCTTCGCTGGCGCGGGCATGGCCGTACTCGTGTCCGCCGGCTGTGCGACGACCTCGCAGGAGTCCCAGAACATGGCCACCGCGCCTCAGACGACCGCCCCCGCCGCGCCGGCTGCTCCGGAGCAGGCCAACCCGCTGCTCGCGAAGTGGACGGGCGCCCATGGCGGCGTGCCGCCGTTCGACCAGGTGAAGGTGGAGCTCTTCAAGCCAGCGCTCGAGGCCGCGATGGGGCGGACGCGCGGCGAGCTGGCGGCCATCGCCAACGACACCTCGGCGCCCACGTTCGAGAACACCATCGTCGCGCTGGAGT
NZ_CP017174.1_gap61	2638902	2641210	2308	CGGCTCCGGCGGAGCAGGCCGCTGCGTCCAGCCCGGCTCCGGCGGCGAAGCCCACCGTCGTACCGACGCGCGAGAAGGGCGAGGGCGCCGCGGGCATCACTCACGGCCGCTGACCTGTCCTCCACCGGCCATGCAGGCTTGGGCCCCGTGTCTCCCATGTGGTGACACGGGGCTCGTTCGTTCCGGAGTGTGGTAGGCACGGGCCGTCCATGGCGTTTTCACCGCACAAGGGCCGCTCGCTGGCCCACAAGGCCCGTCAGCGCTCCCCCGGCCACCACTACAACGCGAGCTTCATGTCCGCCGCCGACCGCGCGGAGGCCCTGAGCTGGCTCGCGACGCTCCACCCGCTGTGGGAAGAGCGCTACTCCAAGCACTTCCCCCCGCCACCGGGGCAGTCCCAGCGGCGGCTGCTGCGGCCGGTGTACTGGCTCGGCAACTGGCAGTTCGCGTGCCTCGACTACTACCACCCGCCCAAGGGCATCCTGAACCGGTGCGTCCAGGCCGAGCCCTTTCCGGCGGTGCTCCAGCGCCAGGTGACGAAAATCGAGGAGCTGGCGCGGCGGATGTACCGCGGGCCGGACATGCCTCCCCGCTGGCACCTCAACACCTGCCTGGTGAACTTCTACGGGAGCCGGTTGGAGGACGGGCGCTGGGTGGACACCGCCCGCGTGGGCGAGCACAAGGACTTCGAGCCGGGCCCCGTGGCCTCGCTGTCCTTCGGTGAGCGTGCCCTCATCCAGTTCGTCACCTCCACCCGCCCGGGCGAGCGCGACGCGGTGGTGCTGGAGCAGTGGCTGGATGACGGCTCGCTCCAGCTCTTCGGTGGTGCGCGCTGGAAGGACCAGACGTTCCACCGCGTGCAGCGGGTGGACACGCGCACGGGCAAGACGCTGGCCCCGGAGCTGCCGGACTTCCGCACCCGCCGCATCAACCTGACGTTCCGCTACGTGCCGGACGAACACGTCATTCCGTTCGCCGCGCTCTCCCCCGAGGCGCGCGAGGACGTGCGGCCCTACATGGCGCAGCTCGCCCAGGGCAGCGCCTTCTTCCGCGATGCCCTGGCGCGCGAGGCGCCGGGCACGCCGGCCTGACGCAAGGCAGCCCCGCGCCTACGAGCGGCGCTTGCCATGCGAGCGCGCGTGCCGTCCCGGTGCCTGGTCCGGCGTGCGCTTCGACTGTCCGTGGTCCTTCTGCGGAGGGCCCGGGTCCTTCTGCGCGGCGAGGAAGCTCTCCCACGCCTCCTTGAAGACGGGGTCCTCGCGCGGCACCTGGACGCGGGGAATCTCCGAGCGCATCAGCTGCTCGATGCGCGTGATGACCTGCCCTTCGCGCGTGGTGGCGAAGGTCGAGGCGACGCCGCTGGCGGCGGCCCGGGCTGTGCGGCCGATGCGGTGCACGTAGTCCTCGGGCGCATGGGGCAGGTCGTAGTTGATGACGTGGCCCACGTCCTCCACGTCCAGCCCGCGCGCCGCGATGTCGGTGGCCACGAGGCAGCGGTAGGTGCCGTTCCGGAATCCCTCCATGGCCTGCTTGCGCTGGTTCTGCGTGCGGTCCGCGTGCAGCACCGCGGTCCGGTGTCCCGCGCGCTGGAGCGCCCGCTGGACCTTGTCCACGCGCTCCTTCGCCCGGGTGAACACCAGCGCCGTCGCAGAGTCCTGGGCCAGCAGGGTGAGCAGCAGCGGCGTCTTCTCCTCGGGCCGGAGGAAGTACAGCCGTTGCTCGGCGCGCTCGGCGGGCGTGCCGCTGCGGGTGACCTCCAGGCGCACGGGCTTGTACAGCCGGCTCTTGGCGAAGCGGGTGACGTCGGGCCCGAGCGTCGCGGAGAACAGCAGCGTCTGCCGGCGGCGAGGCAGGTGGGCGACGATGCGTTCGAGCTGCGGCAGGAAGCCCATGTCGAGCATCCGGTCCGCTTCGTCGAGGACGAGCGCTTCCAGGTGCGGGAAGCGGATGTCGGTGTTCTCCATCAGGTCCACCAGCCGCCCGGGCGTGGCGATGACGAAGGAGGGCAGCGTCTTCAGGGCATTGACCTGCGCGCCCATGTCCTCGCCGCCAATGACGGTGGCGTGCGTGAGGCGGCGGGGCTCCGCGAAGAAGCGCACCGGCTCAGCGATCTGCTGGACCAGCTCACGCGTGGGGGCCAGCACCAGCGCGAGCGTGCCCTTCTTGCCCGCGAGCCGTTCCACCAGCGGGAGGACATACGCGGCCGTCTTGCCCGTTCCGGTGGCCGCGCAGCCGATGACATCCCTACCGTCGAGTGCTGGAGGAATGGCCTGCTGCTGGATGGGGGTGGGCTGCGTGAAACGCGCGC
NZ_CP017174.1_gap62	2662639	2664211	1572	CGAATGACTCCGCGCCTGGACGCCGCTCACGCCGCGTGGTGGCCGTCACCGTGGCGACGCTGCTCGCCGCTGGACTCGCGGAGCTCGCCCACCTGCCTGCCGGGGCGTTGCTGGGGGCGATGGTGGTGTCGATCGCCGCGTCGCTGACGCTGTCCGTGCACGTCCCGGTGCCGCGCCGGGGGCTGCTGGTGGCGCATTCGGTGCTGGGGGGCGCGCTGTGTTCGTCCTTCTCTCCGGAGGCCTGGAGCGCGCTCGCGGACAGCTGGGCCGTGTCACTGGGCGCCGTGGTGGGCGTCGTGGCCGTGGCGCAGGGCGTGGCGTTGGTGTGCGCGAAGCTGGGCTACCTGGACCCGCGCACCGCCACCTTGGGGCTGATGCCGGGGGGCGCGTCCGCGATGGTGGCGCTGAGCGACGAGCTGGGCGCGGACGCGCGGCTGGTGACGCTCTTCCAGTTCATGCGCCTGTGCATCGTGATTCTCGTGGCCGTGGTGGTGGGGCGGTGGGCGGGGGACACGCCGGACGTGGCGGTGGCCCGCGCGGCGGACCTGCCGGGCTCGCCGCCACCGCTGTGGGCATGGCTGACGACGGCGGCGGTGTCCGCCGTGGGCAGTGTCCTGGGGCTGCGCTTGAAGTTGCCGGCCGGTGCCTTCCTGGGGCCCGTGTTGCTGGGCATCCCCCTCACGGCGCTGGGCCTGCCGGTGGGCGCGTGGCCTCCGGGCCTCCTCCCGTTGGGCTTGTGGGTGCTGGGCGTGCGCGTGGGCAGCCAGTTCGATTCCTCGGCGGTGCAGGAGCTGAAGCGCGTCGCCCACGTCGCACTGGCGGCCTCGGTGGCGATGGTGGTGGGGTGTCTGCTGCTGGCGTGGGGCTGGTCCGCCGCCACGGGCGTGGACCTGCTCACCACCTACTTCGCGACGTCTCCAGGCGGCGCCGACTCCGTGCTGGCCATCGCGCTGGGCACGCGTGCCACTTTGTCCGTCGTGCTGGCGGTCCAGGTGGGACGGCTGCTCTTGATCTTCCTCGTCGCGCCGACGTTCCTGCGCAGGCTGTCTCCCGCCCGGCACGCGTGAGCACCCCGCTGGCCAGGCTGGCAGGCGTGCGTGCCTGAGCGAGCGGGGGCAGGTGTGCGTCCGGCGGGGCCCAGGCGAGGGCGGACGTCCGGCGCGGCCAGGGACGCGCGGTTAGTATGTAGGCCGCGATGACTGCCCCGCACGATGCCCTGTATGTCCCCAGCCTCGCTCCGAGCGTGGAGGCGCTGGCCTCATTGCTCACGCGCCGCAGTACGGTGGTGCTCACCGGGGCGGGATGCAGCACCGAGTCAGGCATCCCCGACTACCGGGGGCCAGGGACGCGGGCACGGGCGCGCAACCCCATCCAACATCGCGAGTTCCTCACGCGTCCCGAGGTCCGGGCGCGCTACTGGGCGCGAAGCCTGATGGGCTGGCCGCGCTTCTCCTCGGCCCGGCCGAACGCGGCGCACGCTGCGCTGGCGGAGCTGGAGCAGGCGGGCCATGTCCGAGGCCTCATCACCCAGAACGTGGACGGGCTGCACCATGCCGCTGGCAGCTCACGGGT
NZ_CP017174.1_gap63	2666598	2668407	1809	CGCGAACGGCACCGACCACTGGATCACCATCACCGGCCGTGGCACGCAGAACGGCAAGCCCGTCTACTACGCGAACGACCCGGCCACGGGGAAGGAGATCACCCTCAACGTCCAGGGCAACCGTCTGTCGGGCGGCCCCCAGGGCTACAAGACGACGGGTGAGCTGGTGACCTTCTCGGGCGGCAACCCGCGTCCGGGCAACACGAAGGGTGGTGGTGGCACGGGCGGCGTGGGCTCCCAGCCGCCGCCGACCTCGGGCGGCTCGGTGAAGGGGATGAAGCTGCCCGCGGGTGACCTGGAGAAGGGCGCGCGCGGTCCCGCCGTGGAGCAGCTCCAGCAGGCGCTGGTGAAGGGCGGCTACATGACCCAGGCCGAGATGAACACGGGCCCGGGCGTCTTCGGTCCTCGCACGGAGTCGGCGCTCAAGGAGTTCCAGGCCGCCAACAACGTGAAGAACACGGGCTACTACGGTCCGCTGACGCGCGCGGCGTTCTCGAAGCTGGGCGCCACCGTGGCCAGCGGTGCCGGCGCCACCAACGGCACGGGTGGAACGGGCGGTACGCAGGGCACGGGCAACGCGGGCCCCGCGAAGGGCAACAACGACCTGAGCGGTTTCTCGTCGAACAAGTACGACAACCTCATCAACGAGATGTCGCAGAAGTACAACGTGCCCGCGCGCCTCATCAAGGCGGTCATCCAGCAGGAGTCCACCTTCAACCCGAACGCGAAGTCGGGCGCGGGCGCGGTGGGTCTGATGCAGCTCATGCCGGCCACCGCGCGCGAGCTGGGCGTCACCAACCGCACGGACCCGCGCCAGAGCATCGAGGGTGGCACGAAGTACCTCTCGCAGCAGCTCAAGCGCTTCAACGGTGACGTGCGGCTGGCGCTCGCCGCCTACAACGCGGGCGCGGGCAACGTGAACAAGTACGGCGGCGTGCCTCCGTTCAAGGAGACGCAGGACTACGTGCGGAAGATCACCGGCTGGTACAACGGCGCCGGCCCCGCGTAGCGCACCGCGACGTGCCGCGACTTCGGCCCGGCTCCCTACGTGGGCGCCGGGCCGTCGTCTTTCCGGCGCTCAGGGCGTGGGCCAGAAGGCGGGCGCGTAGACGTCCGGCACGGACACCACGCGCTGCTGCGTCTTCGGGTCCCAGACGGTGGCCGCCGCATAACCTCCGTAGGAGGTGACCAGCAGGAGTCCCCGGTCGAACTGGAAGCCCAGGTACGCGTCCGGCTCCGTGAGGTCCTTCAAGGACAGGCGCTGGTCTCCACGGGCCCAGAGCAGGGGCTGTCCAAGCACGAGCATGGGGCCCTCCTGGCGTGCCCGGTAGTAGAGCGTGCCGTCCGGGCCGGGCAGCTCCATCCACCAGCCCGCTCCCTCGCTCCCCGACTCCTGCGCATTCAGTTCCTTCGCCATCGTCGGCGCGGCCTTGCTGCCAGGAATCCGGGTGGGCAGTGAGGCCGTCCATGTCGGCGTGAGGGTCGCCTCCGCTTCGAGCACGCCGTACTCGGAAGGCGAGTCCTCCTGGAAGCGGGCCGCCTTGATCTCGATGCGCTTCCAGCCGCCGTCCTCCAGGCGATAGGCCATGGCCAGTCCCGGCACGCCCTTGCCCTTCGGAACGGGGAAGCTCTCGCCATCGAAGGTGATGGGCCCCTTCGATTCAGAGGCCAGGACGACGATCGCCACCGGTCGGCCCTGCGCGTCGAAGCCGACGCGCAACACAGAGGGCTCGTTGGGGTTTCCGGCGCTGTTTCCTCCGGGCAGGGACTTCAGGTCCAGTGGCTGCCCGGACTTCGCGGCGACGTCCA
NZ_CP017174.1_gap64	2677603	2680298	2695	AGCCGATGGATGGGTAGCCACGGTCATGGAGCGCGTTGTAGGGCACGCTCTTCGCACGGACGTAGGCCCAGATGTCCCGGCTGCTCCACCTGGCCAGCGGGTTGAGCTTGAGCAGCCCATGCGCGCTGTCCACCTCCAGCGTCGCCACGTCGGTGCGGGTGACGGACTGCTCACGGCGCAGTCCCGTCACCCACGCCTGTTGGCCCGCGAGCGCGCGCGACAGGGGCTCCACCTTGCGGATGGCGCAGCATTCCTTGCGCGCCTCCAGGCTCTGGCGAAAGGAGAAGTAGCCCTTCGTGGACTCCAGCGCCTCCACGCGCGCGCGCTCCGGGAAGTACGTCTCCACGGTGACGCCGTAGCGCTTGCGCACCACCTCCATGAGCTCGTACGTCTCCGGGGGCAGGCGTCCGGTGTCGAGCGTGAAGAGGCGCAAGCTGGGCGCATGCTGGCGCGCCAGGTCGATGAGGACCATGTCCTCCACGCCGAAGCTGGAGGCGATGGCCGCGCGCGCGCCGAAGCGGCGCTCGGCCCAGGCGAGGAGGTCCTGCGCGGGGGCGTCCTTCACTTCGGCGGCTTCGGCGAGCAGGGCCGAGGCATGGGACTGCGGGGGCGACATGGTGACTCCAGGAAAAGAAAAGGCCCGCCTCTTTCGAGGGCGGGCCGCACGAGCAAGAAGGTTCGAGAAGGACGCGCTACACGCTTCTCGATGCTCGGCACCCGCCTGCGGGGGGACACTCGGGACACGCACGGCACAGACAGCACGCACCACCCGTGGCACAGGCGTCATCACCCCCGGCGGGGAGCACGGGAGAACGGGGGACACGGGCGTCGGCGGTGAAGGTCATGGGCGAGCGGTGCAGGGCTGGGTAAGGAAACGAAAACGGCCCGGTTCCTGGGACAGGAGACCGGGCCGGGAAGAGCGCGAGGAGGGAGGCTTGGAAGGGCTTCCCCTATGCGCGTCAACAACCCAGGTCCGGCTGACGACAACACGTACACGACGGACAGCAGCGGCTGGCAAACGGCGCGGCGGTCGGTGTGTGGGAGTGCGTCATCGCGAAGACCTACGCTAGCGGCTGTTTCAGGCGCGCGTCAACCGGTCGGCCTCGATGTGGCATGCGGGGCTGGGACGGCCCGAGGGGACGTCCGCTCGTCCGCCCGTCTGGGGGGCGGGACACGGCGCCAGCGGGTGAACGTCCGCGCAGACCTTGGAAGGAGGCGGGGAGGCGAGCCCTCGTTGCCCATGCGGCAGCGGGCATCACCTTTGCGGCGAGCCGGATTCACCCGTCACCCATGGAGGCCATCGATGGCGAGCACCAACAAGGACGTCGAGACGCTCAATTCGTTCCTGCGCGGCGAAATCTCCGCCGTGGAGACCTATCGTCAGGCGATCGGGCACGTCTCTGACGGACTGGCCCGTGACGCGCTGGAGTATTGCCAGCACGACCACGAGCACCGGGTCGAGGAGATTCGCGAGCGCATCCTGAGGATGGGCGGTGAGCCCGTGGAGAGCTCTGGCATGTGGGGCACCTTCGCCAAGCTGGTCCAAGGCGGCGCGGACGTCCTGGGCGAGAAGGCGGCCATCCAGGCGCTGGAGGAGGGCGAGGACCATGGCCTCTCCGACTACCAGCGCGACGCGGACCAGGTGCATGGCGAGAATCGACGCTTCGTGCGGATGGAATTGATTCCCGCGCAGAAGCGGACGCATGAGCGGCTCAGCCGTCTCAAGCGCACCCTTCACTAAGCGCGTGCCGCGCGGATGCGCGCCGGCCGGGTGTCTCGTTCCGGGCGCCCGGCCGGATTTTTCTCAACCCGTGCGACACGACACCGGCTTGAATCTCCGGGCATCCCGCCCGTCTCAGGCCACGCGCGGCGCCCTGAACCCTCCCCAGACGGGGTGTTGGAGCTTGTGCGCATGGCATGCGATACCTGGGGGGCTCGTCGCGTTTAGGGAGGCGGAGCATGTCGCCGGACCGCGGTTCATCGGAACGGGAGCCACGCCCGCAGCAGGTCTCAGGCGAGGAAGCCCGGACCGTGCCCGCGACCTCCACCTCGCTGATGGACGCCAGCCATGCGGGGACGCTGAGCGCGGGTTGTGAAGCCCTCTTCCGCTCCACCGAGACGACGCTCCAGTGGGCCTGGCGGGTGCTGAAGTGCGCGAAGGCGGGCCCGGGCGCGGGCCCCCTGGCCATGTCCGCCCGTCAGTGCGCGCTCGAGTTCCTGGACCGCGTCCCGCCCCATGTGCGCCGCGGCGTAGCGGAGCTCCTGGGGTACAGCAGCCTGTGGCAGGCGGTGTGTACGCGGCTGGGACGCCCGGTGGCGCGCTCCAACGAGGAGCTGCTGCATGAGCTGGGCGAGGACCTCCAGGTCCTGCTCCACGGCGCCCAGGCGCGTTTGGGGACCGCCGCCGCGCTGGAGCAGGGGCTCCTGGTCCACCTGGGCCGGCTGCGCGATTCCCGCCGGGGGGAGCCGGGCGCGCCGCTGGAGCTGCGCGCGGCCCTGGACGCCTTCACCCACTCCCTGTCCGAGCTGATGACCGCGGCCAGCGCCTACCGCCGCGCGTGGGAAGCCGCCGAGACGGAGCTGTCCGAGTCCGCCGCGTGGCTGGGCGCCGGAGACCCGGGTTTCTGCTCGTGGATGGCGGACCACCTGTCAGAGACGGTCTTCGCGTGGCGCAACGCCCAGGCCTCCGTCCGCA
NZ_CP017174.1_gap65	2681524	2686078	4554	CGCGTCGAGCGGCCTAGAAGTAGCAGATGGAGTCGAAGCTGCAGTAGCCCTGACGGTCTCCGCACTGACAGTGGTAGTCATCCGCACAGAGCATCGTCGGGCAGAAGGGGCCACCCGGGCCGCCGGTGCCGCCGCCCGTTCGATAGGTGTACTCGCACACGGAGTTCACGCAGGTGGCCGTCTGCGCGCTGGGACACGCGTTCGCGCACTGCCAGTCCTCGTCACAGAAGGATTGGAAGCAGATGGCCAGCGAGGACTCCGTGCTCGCGCTGTTTTCACAGAGTTCCTCGGGCTCGGAGCTGATGGGGTCGGCCGCCGCGACGGTCGCGAACGTCAGCAGCAGGGCGGCACTCCAGGCGAAGGGACGGCGGATGAGAGACATGGATGCTCCTGCGCCGACACCCCGGGCGGGAGTGCATGGGAATGTCGGGCTGTCAAAGAATACCAGGAGGCATCTGGGGTGAATGCAGGCGTGCTTGCTCGCTTGCATTCAATGGCAGACATTCTTGCCGGCCGACGTGGCACGTCGCGCGAAGATTCCGTCCCGGCTGATGCGCTGTGTGTCACGCCCACTGCGTGAGCTTCCCATGCGCTCCGTGAGGGGTCGCCTTCGTGAGTCGTGTTTCACCCGCGCAGGCAGGTCAAAAAGCGTGGCTGTAAGTGAAATGGCGCAATGACCTGATGGTACAGGTGGCGTGTCCGGTAGGCTACGCAGCCAATGCCGTGGGTCATCCCCCCGTTGACCACTCGGAGGTGTGCCATGGACGGATCCGGTCCCCTCCCGTTTCCGGATGAAGCCCAGGACGTTGACGTCATCGGACGCGTGCATGCGGCGTTGACGCATCAGTTTCCACACCTGCATCCCGTGGCGCGTCATGCCATCAGCGGGCTCGTGCGTTTCTGCGACGGGTGGCGGCGGCTGTTTCCGGCGCGGCGGCCGACCCAGGTGGTGCCCGCGCTGACGACGTGGGAGCAGTTCCTGACGACCGAGCCCCGCTCGCGCCGCATCATGGTGACGGTGCAACCGTTGGGCGTGGAAACGGACGGCGGGACGTGGGCACCGGTGCTGTTGGCGCGTGTGGCTCGCTGGTACCGCGACAGCCGCGGCGTGCGCCGGCAGAACCAGCCCCTGGACGTCTGGGTGGCGCGCCTGGGCCGTGAAGGCTCCGATGCACGCCAATGCGCCCAGGACGCGGACGTCCTCACCGCCGCCATCACGTGCGAGGACGGTGGGCTCCAGGTGGTGCGTTTGTCCCTGGACGACGCGGCGCTGACGCCTGATGCGGTGGCGGCGTTGCTGGCACGCACGCCCAGCCGCTCGCTGGCCGAGGCACGCCGGGATGGCTTGTTCCCGCAGGTGCTGGTGGACCGCGCCTCGCGAGGCGACAGCGCCTGGACGTCCCACCTGCTGACGTCGAGTGCTTGGTTCGGTGCGAGAGTGGACGCGGCGACGGGCGCCCTGGAGCTGAGCTTCGACCACCTGGTGATGGATGGCACCGCGATGGCCGAGCTCTCGCTGGCGGCCTCGGAGGGGTTGCCGCGCAGGGCGGGGCGCGCGGCGCCGGGCGAATGGCTCACCGGTCCCGAGGAGCCGTCGCCGCTGCTGCGAGTGGAGCTGCCGGAGGGGCTCGACTTCCGGAACCTCACCTGCGCGATGCTCCAGGCGGTGCAGCGGGCCGGCGAGGGCGTGTTCCCCGTCGACAATCCCACGCTGCTGGTGCCGGTGCTGCCCGCGTCGCCGCACACCGTGGCGCGGAAGTGGCGGCGCATTGGTATCGCGGTGGTGCCCTCGCGGACGCGCACAGGGCCGATGACGCCCTCTCACGTCGCGCACCTGCTGGAGCAGACGCGGCGGGGCGGCGGCGTGCTGGAGGACATCTTCACCACGTTGTACTCACCGACGCTGCCGTGGTGGATGCCCTCCCTCACCACGCACGGCTTCGCCTTCACACCCTTGCTGCGGCAGGTGCCCGCCGCCCTGGGAGGCAATGCCCTGCTGTCCAAAATCACCTTGGAGGTCGACGATGATGAAGCGCTGGCGCGGCATTCCCCGCTCTTCTTCAACACGATGCGGCCGCTGTGTGCCGTGGGGGGCGGCGTGGCCCTCTGCGTGACGGAGGTCCTCCACGCGACGCCCTCGGGCGTGCGCAAGCGCTTCTTCGCGGCGCTCGCGGGCAGTGGTGCCCTGGGCATGCGCGAGAAGCTGCTGGCCTTCCGGGATGTGCTCGTCGCGGAGGCCGTCAGCAGGGCCCGGCCGCGACGTCCGGCACTCCCTTGAATCTTCCTGGTCTTCCGTCACGAGAGCTCTCCATGGTCTCCCCCCACGACCCCGGACGCATCCGGCCGCGACCGCACCTCCAGTTCCCCTTCGACGCGAACTTCCCGCGCATCTGGCACCGCAATGGCCCTGGCACCACGCACCTGTGGAACGGGCTCAACATGCTCTTCCCCCAGGGCGAGCGGTTCTTCGTGCGCAGCGTCAACCATTACATGCCGCAGCTGGCGGACACGCCCGCGCTGCGCGCGCAGGTGAAGGCCTTCTTCGCGCAGGAAGGCAAGCACGCGCGCGAGCACCAGGACTACATCGAGCTGCTGGAGTCCCAGGGCTACGACATCCACCGCTTCATGCGGCGGTACGAGTCATTCCTCTGGGGCGTCATCGACGCGAAGCTTCCGCCGTCGCTGCGGCTGTCCATCACCGCCGCGCTGGAGCACTACACGGCGCTGATGGGCGAGAACACGCTGACGCTGGGCGTGTTCGCGGACGGCCACCCGGCGATGCGCAACCTCATCGAATGGCACGCCGCCGAGGAGATTGAGCACAAGGCGGTGGCCTTCGACGTGCTGCGGAAGGTGGCACCGGGCTATGGGCTGCGCGTGTTGGGCATGGTGCTGGCCGTGTTGTCGCTCTTCGCCCTGTGGTTCGCCGCCACGGTGACGCTGCTGCGCCAGGAGCGTGGGCTGGGGTGGACGGGGCTGCTGCGCGAGCTGTGGCGCGCTCACCGGAAGGACCCGGTGCTGTTCCAGGTGCTGGGACGGGGCTTGCGGCAGTACCTGCGCCCCTCCTTCCACCCGCTGGACAATGACAACCTGGAGTTGGCCAGGGCCCACCTGGCGACACTGGAGGCGCCGCCTCCGGAGGTCCCGGAGCGAGAAGCGGCATAGCGGCGCGAAAGCACGCCTGGTGAGGGGCATCCCGCACGGTGTTTGCTCACTGGTGGAACGTGAAGGAGGCCGCGAAGGTTGCTTGCTCCCGCGGGGCGCGAACTTCGTCGCCAGCACGGAGGTGCTCTACCAAGGCCTGCGTCACCCCGGCGTGACGTGGGCGCATGGGTTCTCCTGGAGCCTGGGGCTCGGGGTGGCCCTGGGGGACCGGTAAGTCTGTTGGCGGTGCTTCCCGCTTTGTCACGAGCGCTGCGCAGGCTCTGACGTGCGGCTGACACCTACCGTGGCTCCTGCCCGCATGTCCGGCAGGCGTCCCGGCGTGAACTCTTCACGCGCCGGGCCGACGCACGGTGATAAGGACGGCCCCGCTGTTACCCAGAGCCACGATCTCGACCCATGTCCAGCATGCACACCCTGCGTGGGGCTCCGGCCCTTTCTGACTTCAGGCTCGCCAAGCTCCTGGCCCAGTGCCGCGAGCGGGTGCCCTCCGTTTCATCCGTCTATGCGGAGTTCGTGCACCTCATCGACACTCCGGCGCCCCTCTCCGAGGCGGACCTGGCCACCCTGGGCCGCCTGCTCGACTACGGGCCCCGCGTGGCCACGGGCGCACGCACCGGCAGCCTGCTGCTCGTGCTGCCTCGGCCGGGCACCATCTCCCCCTGGTCCTCCAAGGCCACGGACATTGCCCACAACTGCGGCCTGGGCGAACGGGTGCGGCGCATGGAGCGCGGCACCGCCTTCTTCATCGCGGGCCCCAACGGGCAGGCGTTGCAGGACGCGGAGCTGGAGCGCCTGAGGCCGGTGCTGCATGACCGGATGACGCAGGCGGTGGTGGGGCGTCTCGAAGACGCGGCCATCCTGTTCGCCGGGCACACGCCCCGGCCCTTCACGACGGTGGACGTGCTGGGCGGAGGCCGCGCGGCATTGGTGACCGCCAACCGCGAGCTGGGCCTGGCCCTGGCCGACGACGAGATGGACTACCTGGTGGCGCGCTTCACCGAGCTGAAGCGCAACCCCACCGACGTCGAGCTGATGATGTTCGCGCAGGCCAACAGCGAGCACTGCCGGCACAAGATCTTCAACGCGAGCTGGACCATCGATGGCAAGCCGCAGGAGCGCTCGCTCTTCCAGGCCATCAAGAACACCTACGTCCAGCACAAGGAAGGCGTGCTCGGCGCGTACAAGGACAACGCGGCCGTCATCGAAGGCTTCGAGGTGGACCGCTTCTTCCCGTCCCCCGAATCCGGTGAGTGGGGCTCCGTGCGCGAGCCGGCCCACATCATGATCAAGGTGGAGACGCACAACCACCCGACGGCCATCTCCCCGTACCCGGGCGCCGCCACCGGCGCGGGCGGCGAGATTCGCGATGAGGGGGCCACCGGCCGTGGC
NZ_CP017174.1_gap66	2694432	2698662	4230	GGTTGTTGAGCAAGGGGGAGGTGCCAGACCGCATCCTCCTGCTGAGCTTCACCCGGACCGCCGTGCACGAGATGCGCAACCGCATCGCCCAGATCGTGGGGGCCGGTGTCAACGCACTGCGCGGCGTGGAGATCCGGACGATCGACTCCTTCGCCTGGCGTATTACCGCAGGTGTCCAGGAGGTCACGATCAACTCCTATGAGGACAGCATCCAGGCCGCGTGCTCTGCCCTCGCGCATCCGGATGACGAACTCCGCAGCTACCTCAACCGATTCAACCACGTCCTGGTGGATGAGGCCCAGGACTTGGTGGGCCCTCGCGCGGCACTCATCCTCACGTTCCTCAACGCCCTGCGGCAGGAGGCGGGCTGGACGGTGTTCCTGGATCCTGCGCAGTCCATCTACGGCTGGTCCAACGATTCCGGTGAAAGCGGCCCAGGCGAGGGATTTTTCTCCAAACTCGACCAGCTTAAGGGCGTCGTCCAGCGCATACCGCTGACCCGCATCTATCGGACTGATCGTCCTCAGCTCATCGAGCTGCTCTCGAAGACCCGGTCCATCGCTCTCGATGTTCCTTCGGGCAGTCGCCTCGAGCAGATGCAGGCCGAGCTCGAGAGCCGCGCGGCACCCGAGCAGCACAACCCCAGCGACATGGTCGACCTGGTCAAATCGCTTGGTCGGGAAGCAGATGATTCGTTGCTGCTCTTCCGCTGGCGGGTGGACGCCCTCATGGCGGCGTCCTACCTCACCGGCGCAGGCATCGCGTACCGGCTGCGCCTGGGCGGAATGCCTCGGGTCGCAGCGCCGTGGATCGCGCTGGTCGCCAATGCGCTCGCCCGCGCACGGGCCCGGATGTCGGGCGTGAGCCACGAGGAGTTCGACCGGGCCTGGGCTTCCGAGTGCATGCCGCGATGGTTGGCTTCAGGCTGGACGGCGGACTCGGCCTGGGAGTTGCTGAGGCGGATCGGGCCCTCGGGAAAGCTCTACGTGGACTTCAACATGGTGGCGGACCGGCTCGCGGTGGCCGTCCTCCCGGATGAGGCGTTCGTCAAGGACATCGGACCTGGTGGCCCCATCATCGGCACCGTCCATGGCTCCAAGGGGCGTGAGGCACGCCATGTGTTCTTCTGTCTCCCCCCCAGGCCCCGCGATTGCGAGAGCGACAGCGAGGCCGATGAGGAGGCGCGTGTCCTCTATGTCGCGGTGAGCCGGGCGACCCAACAGGTCCGCGTCCTGCGTGGTGCCGAGCTGGGGCGCGCCTACCATGAGCACCGCCCCTGGAGAAACGTCCACAGTGGGCTTCAGGTCGAGCTCGGGCGCGAGGGGGATGTTGATCCGGTGTGGCCCCTCTGCATGGAGGATGGCGAGGAGGCAGAGGCGCAACAGGGAGCGTTGGCCAACTTTGATGGACAGGTCCGCACCGCCCATATCCAAACGGAGGGCCGCGGCAGTTGGACTCGTCGCATCATCCTGGACGGGGAGGAGCGCAAATTGCTCGGTACCCTTAGCAAGAGATGTCTTGAGGAACTCGGGGGGATCATGAAACTGCAGCGTGCTCGAGGAGCCCCGCTCCGGGTCGGTTTCCTCTCGTGGATCGATGTCACGACGGTCGCGATGCACGCGGACGACTCTCGCCTCTCCAGACTCGGATTCCCCTGGAACGAGACCCGCCTGTGGCTCGCGCCCGTGATCGCGGGAATGGGCTACATCAAGAAGTATTGGTGACGACATGAACCGCCTGGAACAGTATCTGGCCGCCGTCGAAGCCGATCTGGTGGGCCCGGCGTGTGAACCCGATGAGCGCCTTGAGAAGGCGCGACCCTCCGACCGTTATCTGACGGGCATCCTCTTCCCGGAGCAGACGGAGGATCTCAGCGCCGAGACCTCTGCCGAGGAGGACGACGACCGGGACGAGACCACGGATGATGATCTTGGGCTCGACATCCCCGTGGCAATGAATGCCATGCGGCGGCCGGCATCCCTAGGGATCTCGTTCTGCATTCGCGGCAATCGCATCCGCCTGGAGGCCACCGCCGCACGCTACGTGAGGCGTTGGCTCTTGGCGGGGCAGGTTGTCCGCGAGGATCAGGGGCGGAGCAAGGAGTGCTGGATACGAGAGCCGCTGTCCTTCTCCCGGGACCTTGAGCTTCAAGAGGGGCTGTCTCAGGTGGAGGCAATCACGGGGCTGTGCTGGTGGGTACGGGTGCTCGGGCTCGGGTCCAACGTCCACCAAGTCACGGTGGTGCTGCAAAACACCCATGAATCGGTCGGGGGCCGGGTCGAGATGGAGGAGATGTCCTTCTTCCAGACCCGGTTCGAGGCGCGGGCCGGTTCGGGGGCGGAATTGTTGCCCCGTCATCCGTCGCGCCGCTGGCTCGATGACGACGGGCGCGCCAGCGCCCTCATCTACCGGAAGATGGAGGAATGGGCGGTGGGCCATACCTGCGCTGCCACCTGGGGAGAGGACGAGAGGGGCCGGTTCGTCGCCGCCACCTGGCTCCCCAGACAGCACGTGCCCTCCACGAGCGCAGATGGACACGAGCGCTTCGCCCGGGTCTCGACTGCGGTCACCGGAAGCTCTAGCGGAGCCTTTCAAGCCGAGGCACTTGCCTCTGCGGACCCGGAGCGGCTCCAGGCTCTGCTCTCGGTCGTGCCGCGCGCCTACCGCGAGTGGATCCAGGAGCAAAGAGAGCGCCTGGGGGAACTCTCTCTGGAGGAGGAGACGCAGGCCCAGGTGCACCTGACACGCGCGGATGAGATCGCGGGCCGGATCAAAGCGGGCATCGCCTGCCTCGATGAGGATGACAATGCGCGGCGCGCCTTCCAACTCGCCCACCGAGCCATGCTCATTCAACGGCGCTGGGGGAGTTCCAATCCGAAGCTGGCGCTTGAGTGGCGTCCCTTCCAGCTGGCCTTCCAACTGCTGGGAATCCCCGGGCTGGTGCATCCCGCCGCGGAGGATGGAGCACCTTCCCGCGAGCGACAGATCATGGACCTGCTGTGGTTCCCGACGGGCGGCGGAAAGACGGAGGCCTACCTGGGGCTCATCGCATTCCTGCTCCTCTTCCGGAGGCTGCGGGAGGGAGGCGAGCCGGATCGTGGCGCGGGGGTGGCGGCCATCATGCGCTATACCCTCCGGCTTCTGACGGTGCAGCAGTTCGAGCGCGCCTCGCGGATGGTTCTCGCATGCGAGCACCTGCGGCGCGAGGCTCATCGCGGGGGAGACGCCTCCCTGGGGGAGACGCCTTTCTCGATCGGGCTGTGGGTGGGAGGGGATGCCACGCCCAACCTGATCCAGACCGCACGAGAAAGTGAGTACGAGGCCAGGAAGGCCCGGCAGCTGACTCGCTGCCCCGCATGCCAGAATCCCGGGCTCGTCTGGGATTCACGCAGACAAGGGGACTACATCGTCGAATGCCGTGCAACTGGGTGCCCCCTCTCGGGCGCTCCGCTTCCCGTCCACACGATCGACGAGGTGATTTATCAACAGAGCCCCTCGCTGCTGATCGGAACTGTGGACAAGTTCGCGCAGATCGTCCGGAAGCAGCAGACGAGGCAGCTGTTCAGCGCGGCGAGTATTCCGCCCGAGCTGATCCTCCAGGACGAACTCCACCTCATTTCGGGCCCGCTCGGGACGGTGGTCGGGCTCTACGAAGCGGCCATCGATCAAATCTGCAGCCGGGACGGTATTCCTCCTAAAGTCGTGGGCAGCACTGCGACAATTCGCCGAGCGGAGGAGCAGGTGCGCGGACTCTTTAACCGGGAGGTCTCCCAATTCCCGCCTCCCGCCATTGACTGGGATGACTCCTGCTTCGCCGTACGGGACACGAAGGCCGCTGGACGCCTTTATGTCGGGGTGTCCACGGCGGGGCGCAGCCCTAAGTTCAGCCTGCAGGCTGTCTGCGCGGCACTGCTGCAACGGGCCGCGCCAGAAGAAGGCATCTTCCCGACCGACGCGGAGCGGGACCCCTACTGGACGCTGCTCGCGTATTTCAACTCGATGCGCGAACTGGGCGGCGCCCATGTGATGATGCTCGACGACGTCAATGACAGCATGACGGTCTACGCGCGCTCTCACGGTTGCAATACCCGTGAACGCATCGAGGAGCCGCTGGAGTTGACGAGCCGCGTCCCCTCGTCGGAGATTCCCGACACTCTCGCACGCCTTGAGAAGAGCCTGCCCCGGCAGGATGTCAGCGTGGTGCTCGCCACGAACATGATCTCAGTCGGT
NZ_CP017174.1_gap67	2831424	2834448	3024	ATGCTCATCGTCCTGGGCCTGGTGCCCGGTCTGCCCAAGATTCCCTTCTTCCTGCTGGGCATCGGCGCGGGCCTGGGCGCCTGGACGATGCTGAAGAAGCAGAAGCAGGCCGTGGAGGCGGAGGATGCCGGTCCGGCCATGGAGACGGACCTGGGCACGCCGATGGCCTCCGAGCCCGCGCCCAAGGAGGCCCTCAATCCGGACTCCGAGCTGTTCATCCCCGTCGTCACGCCCATCGTCCTGGAGGTCTCCGACGCGCTGGTTCCCTTCGTGGACTCGCGCCAGGACAACGGGAAGTTCCTCTTCGAGCTCATCCCGTTCATGCGTGATGGTCTCTTCGTGGAACTGGGTGTCCGCTTCCCGGGCGTGCGTGCGCGTGGCAATGGCTCGTTGCCGCCGGGCGCGTACCAGATTCAAATCAACGAGGTGCCCGTCGTCACCGGCCAGGCCACGCTGGGCCACGTCCTGGTGAACGACACGGTGGACCGGCTGCGGCTGATGAACATCCAGGGCTTCGAGGCGGTGAACCCCGCCACCCGGCAGCCCGCCGCCTGGGTCCCCGAGCAGTACCGCGACACGCTGGAGGCCGCCGGCCTCACGACGTGGGACGTGCCCGGCTACATCATCCTGCACACCGCCGCCGTGCTGCGGCGCAACGCCCGCGAGTTCGTCGGCGTGCAGGAGACGCAGACGATGCTGGAGCAGTTGGAGAAGGCCTTCCCCGCCATCGTGAAGGAGGTCGTCCCCAAGGTCGTCAACGTGCTGAAGCTGACGGACATCCTCCAGCGCCTGGTGGAGGAGGAAATCTCCATCCGTGACCTGCGCGGCATCCTCCAGGCCCTGGCAGAGTACGGGCAGGTGGAGGCGGACAACGTCATGCTCACCGAGCATGTCCGCGCGGCCCAGCGCCGCTACATCTCCCACAAGTACGCGCGTGGCACCGGCACCCTGGTGGTGTACCTGCTGGACCCGAACATCGAGGACGCCATCCGTGGCTCGGTGAAGCGGACCTCCGCGGGCGCGCACCTGGCGCTGGAGCCGGAGCTGGCGCAGGAAATCGTCCAGGCCGTGCGTTCGGAGTGTGGCCACCTGCCGCCCAGCGCGCAGCGGCCCGTCATCCTCACGGCCATGGACATCCGCCGCTACGTCCGCAAGCTGCTGGAGTACGAGTTCAACCCGTCGTTCTCCGTGCTCAGCTACCAGGAGCTGTCGCCCGAGCTGAACATCCAGCCGGTGGCGCGCATCTCCACGCGCTAGCCGCGGGTTGAGTTCCGCCCGCGCGTGACATGGACGCGCGGGCGGAAGGCCGCCCTCTCACGAGGGCAGGTGCGGTTCCCCCGCGCAGGGCGGGCCTCTCCTCTTGAGGGGGGCTGCCGCACGGAGTCTCCCCAGAGCAGGACCTGCCGTGTTGTGACAGGGGGCGCATGGGCCGTGTCGGGAGTCAGGCGCCTCGGGCGAACAGGCCCTCCCGCGTCGCTGGCGCCATGCTCCTGGGGCACATGGGCTTCGCCCAGACGCTAGGCGCCCGCGAGCACGGCAATCATCAGCACGAGGAAGACCAGGCCCACCACGCCCATCACCACGAGGGGCACGAGCTTGCCCTTGTCCTTGAGCGCCTCCATCGCGCCCGGCTGGGCGGACTCTTCCGGCATGGGGTACTCCGCCGACACCGGCGGGGGCGGCTCTTCGGAGACCTGCTCCTCGGGCGGAGGCGCGGGGTCCTCGGCGGGCGGCTCTTCCGGCGCGGGCGCGGGCTCCTCGGGCGGAGGCGCGGGCTCCTCCTCCGGCGGGGGCTCCACGGGCTTGGGCTCCGGGCGCGGACGACGGGGCGAGGGCGGAGGCGGAGCCTTGACCTCGGCGGCCAGCTGAACGGGCTCCTCGGCCGGCTCGGTGGGGTCCACGTACAGGAAGCGGGTGGCGCCCACCTCCAGCTCGTCCCCGTCCTTGAGCTGCCGGCGGTTGACCCGCTTCTTGTTCACCTTGATGCCGTTGCGGCTGCCCAAGTCCTCCACATGCGTACCGGACCAGTCGCGGCGCACCTTGGCGTGCTTCCGGGAGACCAGGTCATCCTTGAGGATGATGTCCGCGTCCTTCTCGTCGCGGCCCAGGATGACTTCCTTCGCGTCCCCCAGCTCGATGCGCTCGCCTTCGCGGGGGCCGTTCATGAAGCGCAGGTAGCGCTCCTCGCCGCCGCCGGCCAGGCCGCGCATGGCGTCCTTCACCATGCCCCGGGCGATGAAGGACGTCTTTTCCCCTCCAGCTTCGGGGTTCAGGTCCATCACCCGCTCGAAGCGGACGTCGAACGTGGCGATGGCGATGACGTCGCCGTTGCGCAGCAGCCGCTTCTCGCCCTTGGGCACGGGCTTGCCGTTGATCTGCGTGCCGTAGGAGCTGCCCAGGTCCTCCACGAAGAAGAGCGTCCCCTCCTGGCAGATGCGCGCATGGTTGCGCGACACCGCCTGCTGGGCGAGCACGACCTGGCAAGCCTTGTCGCGGCCCAGGGTGATGACCGCGTCGTCGAGGACGAACTCGGTGCTCTGGGCAGCGCCGGCCTCGCTGCGCTGCGTGACGGTGAGACGAACGCTCATCGAGGAGGAGGGGAGTCGGGAAGGCGGGACATCAGAACGTCGCGTCGCTCAGGAATCTCTCACACGTCTGGTACTCCGTGGGGAATTCCTCAGACGTCCCGTACTTCAGGAAGTTCTTGCAGGCGATCTGCGCGTGCTCGCGCTTGTGGGCTTCGAAGAAGAGTTCGTAGAGGCCGTAGTGGCAGGCGGCGTACTTCGCATCCAGCTTGACGCACTTGCGGTAGGTGGCCTCTTCCTCCGCCAGCAGGCCCTTCTCGCGGTACTGACGCGCGAGGATGTAGAGCGCGGGCGCGGAGTTCTCCGCCTGCTGCGTGTCCTTGATCTCCTTGAAGGCCGCGTCGGTGAGGGCCGTCTTGCGCTGAGCCAGGGACAGGTTGTTGATGCAGCTGCTGTTGCTGGGGTCCAGCTGGGCGCAGTTGGCGAAGGACTCACGCGC
NZ_CP017174.1_gap68	2836867	2838133	1266	GACGGCGGCCATGACGGTGCTGCCGCGCTCCAAGCCGGGCTCGCCCTTCGAGTCCCCGGGCCTGCTCACGGGCATGGGCGGCGTGGTGGCGCTGGTGCTGGCGGGGGCCCTGTCCGCGGGGCAGCGCATGCCCGCGCTGGCGCTGTACCTCTTCGCGGACACCTTCTCCACGTTCGTGTCCTTCCGCTTCTGGGGCCGCATGGCGGCCGCGTTCGACGCGCGTGAGGCGCGCCGGGCCTTCACCGCGCTCAACGGCTTCGCCATGGGCGGAGGCATCGCCGGAGGTCTGCTGGTGCAGGGCCTGGCGGTGAAGCTGGGCACGCCGGCCATCGTGGTGAGCGGCGCCGTGGGCCTGCTCGCCGCGGGCGCCATCTTCCACCACCTGTACAAGGGCCTGCCGCCAACGCCGCCGCGCGGCCGCCCCGCGTCCTTCCTGGGGCTGCGCTATCTGGCGGAGAGCCCCTACGCCCAGGTGCTGGCGGCGCTGGGCATCGCGTTCGCGGTGCTGTCGTCGTTCGTGGACTACCTCTTCCGGCTGCGCCTGGAAGGCACGCTGAGCGAGGACGCGCTGACGGCGCTCTTCGGTTCGCTCCAGCTGTGGATTGGCCTGTTCTGCGTGGCTTTCCAGCTGCTGGTGGCTCAGCGCTTGCTGAAGCGGCTGGGGCTCCTGCGCTACGTGGCGATGGTGCCGCTGGTCCTGGCCCCGCTGGCGGGCGCGGCGCTCGTCACCCCCAGCTTGTGGCCGGTGCACCTGCTGCGGCTGGTGGAGACGGCGGTGAGCTACTCCATCCTCCCGGTGGGCATCCAGTTGCTCTACGCCGCGGTGCCGGACGACCAGCGCGAGGGCCTGCGCGCCACGGTGGATGGGCTGCTGCGCAAGGGCGGCGTCGTGCTGGCCGGCCTGCTGCTCATCGGCGCGGGGCGCGCGGCCAACGGCGCCTTCATGGCCGTGGCGGTGGTGGGCATGTGCGCGGGGCTGGGCCTGCTGCTGGTGCGGATGAAGCCCGCGTACGTGGCCGCGCTGGGCGAGCAGGTGGGGGCGCCCGAGGAAGAGGACGTGGCGCTGGAGGGCGAGGAGGAGCAGCGGCTGCTGGCAGAGGCCCTGGCGGCGCCTTCTCCGGAGCGGGTGCTGCGCGCGGTGGCGATGATGGAGCAGGCGGAGGTGCCGCTGCGGCCGCACCTGCCCGCGCTGCTGCGCCACCCGCACGAGCGCGTGCTGGAGCGCGGCGTCTCCCTGGCCCTGGAGTTGGAGGCGTACGAACTGGC
NZ_CP017174.1_gap69	2839772	2842089	2317	AACGACGACCGCTCGCGCGACGACTCCTGAGCCGAGCGGAGCGGGGACGTCCCTCCCGTCACCACACATCGGCGGGGCGGGGCACCTCGGCTTCGGGCGGCGAGGCGTTCGCACCGGCGGCGAGCGCCTTCCTGGCCGCGGCCACGTCCTCGTCCAGCAGGTGCGCGGAGGCGACGGGGATGAGCGGCCGGACGAAGAACTTCATCGGAGGAAATGAGCCCATGAAGCGAACCACCGCAAGCCCGGCGAACACCCAGGGGTGGCGCTCCGTGCTGGAGATGGGCGCGAAGACCTCCTCCGTTCGCCGTCCCCAGGACGCGCCGTACCGCTGAAGCGCGCCCCACCGCAAGCCCGGCACGCGCGTGGTGAGCACCGTCCACACCCGCAAGAACCAGGGCGGCCGCGTGGGCCCCGCGGACGGCTCCCAGGCTCGCGCGCTCTTGGCGGCGGTGAAGACCACCCACCACCACGCGCCCCAGGCGGTGAACAGGGCGGTGAAGACGAGGCGGGAGGCGCACATGAACGGGAGGGTGATCACCACCAGCGCCGGCACGCCCACCATGAGCAGCAGGAAGGACCGCCAGCGTCGCTTCATCTTCTTGCGCAGCCACACCACGTTGAGGCGCACGCGCGGCGGGAACTCCTCGTCCTCTGGCTCCAGCCCTGTGAGCAGGCTGGCCTTGCGGGAGATGGCGTCGTGGTAGTCCCGCGACAGGGCGATGACCACCCACTGTGCCAACTGCAGCGCGGCGAACAGCGCCGCCCAGAAGGCCAGGCCCCACACGGAGAAGCCATTCACCGTCCAGGTGCTCTTTTCGATAGCAGGAGCCTGGGTGTCCTCGGCGGTGTGTGGGTCGTCCGTCGTGGCGTCGGTGCGCTCCTTGGCGGAGGACGCCGGGGCCTCCGACTCCAGGTCCTTCGTGGCTTCCATCACCAGCGCGGTGATGGCCTTCGCCAGGGACGTGCCCGCATCGGCCCCCTGGGCCGCGGCCTCCACGTCCCGGATGCGCTGCTCCAGCCGCGCTTCGGGCGTGTCCGCCGGGATGGGGGAGGGCTTCTGGGCGTCCGGAGTGGCTCCCTCGATGTCCTCGGCCTCTCCGATGGGGGCGTTCTCGGGGGACTCGTCGTCTGAGAGGGCGGAGGAGGCGCTCGGGGTGGCGCCAGCCATGGCCGCGGTCTCGGGCTGCACTTCGGGACCTGGGGGCGTCCCCTCGCCAGCGTGCTGCGCGTCGGCCTGCTTGCGCCGGGCAACCTGCGCGTCGATTTCCTGGAGGCGCTGGAGGGTCTGCGCTTCAACCTCCTTCGCGCGCCGGGTGGCAGCCGCCGCCTCCTTCTTGACCTGCTGGTCGACGAGGACCTCGGCGACTTTTCGAATCTGCGCCGCCTTGGCGCGCGCTTCGGCTCGGGACTCCCGCTTGCTGGCGCTTTCCGCCGCTTCAGTTCCGGAAGTCATGCAACTCAAGGCCAATGCCAGAGCTGCAATGGATTGGAGAAGCCCGACACGAATGTATTGTTTGCGTGCGACCGGGTCGCCCAGCAGCGCTCCACCAATGTGGAACGGCAGGCTCATGCCGTAGAAGAACTGGCGCAGGCGCCCTTCGGGCGGTTTCCGATCTTTCAGTGAGAAGTGACGCGCACCTGCGCTCACCTCTCCCCAGAACTCGCGTGCCCGGCCCTCGCCCTGGCCGGCAAACCCCTGCTCTGTGTGCTTGTGAACCTTGCCTTCGGGTGAGGAGCCGCCGTGCCGCGTGTCGCTGTCTGCCACGTGTCTCAGCGTAGCACGAGCCGAGTTGTGCTAAAGGCGCACTTGTGAGCGCGAACCCTCTCCGTCCTCGTCCCTTCCGCCAGCCGCTGTCCGGCGTGCTGGTCCTCGCCCTCGGTGTCGTTGCCGGCTGCGAGAAGAGCAATCCCACTCCGCCTCCGGCCGCCGCGCCGGAAGCCAAGGCTCCCGCTGCTCCTACCGAAGTCACGCTGCTCGTGACGGGTGGCGCGTTCGGCCAGCTCCAGCCCTCCGAGGGCAAGGGCGGCGCGGCGGAGCTGCTCGGCCGCTGGATGGCCGATGAGAAGCACTGTCCCGGTCCCGTGAGGGAGGGCCAGCCCACGTGCGCGGACGCCAGCACGTTGGCGCTCGCCACGGGTGACCACTGGAACGGCCCGGCCATCTCCTCCTTCTTCCTGGGCACGCCCACGGCCGAGGTCATGGGCCGCATGGGCTACGCCGCCTCCGCCCTGGGCAACCATGAGCTGGCCTTCGGCAAGGAGGCCTTCCTCAAGAACCGCGGCGCGGGTGGCTTCCCGTTCCTCGCCGCCAACCTCA
NZ_CP017174.1_gap70	2969297	2971022	1725	AGGCCGACACTTCGTACGCGTACTCGGTGCCCGGCTTCAGCCCGGTCAGCACCACCGAGTGCAGCTTCCCGCCGTCCTGGGAGACAGCGGACTGGTTGGCTGCGCCCTCGCCGTAGCGCACCTCCGCCTGGCAGTTGGCCGCGAGCCGGAAGGCGATCGTCGCCGTGTCTGGCCCCACCTTCTGCAGATAAGGGTCTCGATACAGCGTCCCTGCACTCGCGGTGCTGGCCAGCAGCATCAGCGCGGCCGTCCAGGGGGCAAGGTGAAAGGGGGTCTTCCGGTGCATGAGGCCTCCTCCCGAACAAGCTCGGGATGGAGGCGCAACCGTTCAACCGCTGACCTTCATCCTGCCCCCACTCGGAGTAGGAGACGGTGGGGCAGGGCCTCGTGTGTCCGCCTACTCCCCGGCCAGGCGTCAAGGCTTGATGTCGTAGGCCGCCAGGTCCTCGGTGCGTTCGCCTTCCTCACGCACCTTTCCGATGCCGGGGACGAGCCAGTAGAAGCGCGTCTTGTCCGGCTTCACCTCGCCGTTGTTGTTGACCTTGTCGCGCTGAATCTTGACCGCGTTGGTGAAGGTTCCAGCCCGCGTCGTCACCGTCACGCCGGATTCGAGCACCTTCCAGATGTACGTCGGGTCCTTCTGGTCCTTCGAGCCGTCGCCCAGGGTGATGTGCTCGAGCACGTCGCTCTTGTACGTCCAGGGCAGGGCGTCCGGGACGCTCGCCACGGACTTCACCGTGGCCGGAGACCAGGTGGTGGAGCGGACCTGCTGGCCATTGCGGTAGTCGTCCTCGCGCAGGCGCACGACGAGCCCGTTGGTGAGCTCCACCTGCCACGAATACTCCTCATAGAGGGTGCCGTTGCGCACGCGGTCCTGGCGGCTGTGCACCTGGACGGCGTTGATGCCCGGCTGGCCAGGGACTTCACCGGGGCCCACCACCGTCACCTGCTTCTGGAAGTTGCCTTCGACGGGGTCCTGGATGTCGTAGGTCCAGGTGCTGCCCGCGGTCAGCGGCCACAGCGACTGCGCCCCGGTGGGCTCCTCTCCGTTGCCCTGTCCATCCGGTCCACCCGGCACCACCGGCTCTCCCGGCAGTCCGCCGCCGGGTGTCGGGTCCTGCGAATCTCCCGCGGGCAGGCTGTTGCCGCCACACGCCACCAACCACCCCGCCGCGAACACGGCCACCCAGCTGCGCCTCATACCCGCTCCTCCCGTGTGCTCCTCGGATTCACCGCCGTCCACCGCAAGCCTCGCAGGGCCGCCCCCTCCGTGCGGCCCAGCGCCGCAGCGAGGGAGCCCGGCTCCGGCTCCTCTACTTCCAGCTCCAGTCGCCGCCCGTCGAAGTCGAGCGCGCAGCTCTTCACCATGACGTTCCGCTCACCCAGGACCCGGCGCAGCGTGGCCTCCGCGCCCACCAGGTCATCCGACTGCGCCGACAGCACCAGTCGCTGCTTCGCCGTGGCGGGCGCCTCCTCGCGGTTGAAGCAATCCAGCACGAAGAGCAGGGCCATCACGAACACCGTCCCGACGGAGGCAAGCCCCAGGCTGCCGTGGCCGCACGCCATGCCCAGGCCAATCATCAGGAAGAGGATGGCCGCGTCACGCGGGTCCTTGAGTCCTGAGCGGAACCGAACGAAGCCGCCCAGGCCCACCAGCCCGAAGGCCTTCGCCAGGCTGTCGCCGATGACGGCGGTGATGACCGCCGCCGCCGCACACAGCAGCAC
NZ_CP017174.1_gap71	2972622	2977320	4698	AGGTAGCGGTCGGTGATGCACACCTCGCCCCGGGACAGCGCGGGCGCCACCACTTCATCCAGTTGTTGGGCGTCCCGCGCCAGGTTGAGGAAGAACTCCGTGCGTGGAGACATCTCCAGCAGCCGGGAGTCTCGCGTCAGCTCCCGGATGCGCCGCGCCGCGGGCGCCTGCAGCTCGCCGCCCTCCCGCGCATGCGCCACCCGGTAGCCCAGCCGCTTCAGCTTCGCGGCCAGCAGGTTGGAGAGCGTTGTCTTGCCGCTTCCGTCAATTCCCTCGAAGTCGATGAACACTGTGCCCTATCCCCCTGCGACGCCATCCGCGGCGAAAGCGTGGACCTTCGCCATTCCCTCTGCGAACTTGCTGTAGGCCGGCGCTCCGCCCGGATTGAGCGACGCCAGCCACTCGGGCAGCTCGTGCCCGAGATGCTTCACCTCCACCACCACGCGCGGCTCCACCCACTGCGCGGGCTCCAGCCGCTCCACCGACAACGCAAGCTGGGACAGCGCCTGCTCCGGTGCAATCCGGTGGTAGCGAATGTTCCGATCCACCGTCACCCGCCACGCCTGCGACGACTGGTACACATGGCGCGTGTACGTCACCGCCAGCACCGGGCTGAGGCTGCCTCCGGCGATGAGCGGCAGCAGGCTGGCCCCGCCGCGCAGCACGCGGCCCAGCTCCGAGCGCGGCACCCAGACGCGGCGCTTCTGCGTGAGGCCGCGACGCTCGCGCTTCACCTCCAGCACCACCCGCGCCTCGCCGTCCGCGCCCAGGTCCGGTGAGTACTCCTTCGTCCGAACCTTGAGACAGTCATCTGGCGTGAGCAGGGCCCGCGCCGCCAGCGGGCCACCGGGCCGGTCGAAGTACACGGACACGATGCGCGTGGGCGGCGGCAGGTGCCCCTCCAGCTCCAGCGACAGGCGCGTGCCCAGGGCCGCGGCCGTCTTCTCCTCCAGCACCAGCTTGAATTCCCGCCGGAGCTTGGTGACTTCACCTTCCGCGAACGACAGCATCGTTTGGGTCTCCGTGCTCAGAAGCGTGCGCCGACTTCGATGGAATGCTGCAGCCCAGGGAATTCATCGCCGGGGCGCAGCGCGCGCTCCGTCTGGAATTGGGCCCGGAAGCGTGTGCCGAGCAGCACGTTGAAGCCGCCCACCAGTGAATGTCCGTCCCCCCGCACCGTGTCGCCGCGAAGTTGCAAGGCCTCCACGCCCGCGACGGGCTGGATGGCCCATTCGTTGCCCACGTGGATGAGGTACTGGGCCAGCAGCATCTGCGCCGTGAAGGGCCCCATGGGCAGCCGTCCGGAAATGGCCTCGCCGCTGAAGACGAAGCCCGCCCACTTCAACTCCGCGTCCGCGGCCACCGCGTGCTTGCGCGCCAGGTCCATTGCTTCGGAGACGTAGGTGCTGACGCCCACGGTGAGCGGCTTGAAGTTGAAGGGCCGCAGGCTCACGCGCGCGGCGGCATCCTCCTTCAACCGCACGCCCGCCTCGTCGACGGCCCCCTGGAAGAAGCCCGCGGAGATTTTGAGCCCCCAGACCTGCTTCAGCCGGACTTCGCCCATCAGCCCCATGCGGCGGCCACCCATCTGATGGGTCTCCGTGATGTACTCCTCCACCAGTCCGCGGGTCTGGATGGGCAGGTCCCACGATGACTCCAGCGAGCGCTGAAGGAAGGGCGTCTTGAACTGGCCGCCATAGAGGCGGAAGCGCTTGCGGTCATCCGCCAGACGCACGAAGGCGTCCTTGAGCATCTGCGAGTCCGCCAGGTCCGCCGTCACTTCGGCTTCCAGGTTGGGCAGCGACGTGCTCACACCCACGCGTGCGTCCGCGATGGAGAGGCGGCGCTGGTACTGATTGCGCTCGTCGGCGCGGGCCCGTGCGGACACGCGTCCGATGACGCGGATGGTCTGCACCTCGCCCTTGGGCTTGTCGTCAATCGCGTCCGGATTCTCGCCCAGCGAGTCGTCCTGTGCCTGACCGGGCCGCTGCTTCTGCTTGCGCTTGTTCGCGTCCTGCTCGGCCGTCGCCCCGTCATCCACTCCGGGGAGGGGATTCACGGACGGCGGCTGCGCGCCGGACGCAGGCCGTGACGGAGACGGCAGGGCCTGGGCCATGGCGCCCTCGAGTTGCGTCGGCGTGGCGTCGTCCTCCTCCGGCAACAAGGGCTCAGGAGGCTCAACGCCGTCCACCACGCCACCTGACAGAGGGTCATCCTCCACGGGCGTGGCAACTGTCTCCGTCCGTGGGCCGGGTGTCTTGGCGACAGCCCATGCCGGCATGCCCATCAGGATTGCGACGAGCAGGTTCCGCCTCGCCCGCTCATTCACCCGCCACCCGCCCATGTCCACGCCTCCCCGACCGCCACCGGAGCGCGTCCACTGCAACACGGGTGCCCGTTCGATGAGCGGACGCGGAGGGCTGGGGGAGGTTCGGTTCCGGACGAAAAGCAGGCCCGACGGCGCAGAAAACCCGTGACCAGGTCGTCACGTTGCCGCGACAGGGAACGGAAGTTCCCAATGCCGCGGCAGGCGACCCTGTACGAATGCCCGTCGGTTGGAAGGAGTTACTGCCCGGACGGAGGATCGGCCGGCGGGGTGGGGACGCTGCCCGCTTCCGGCGTGGAGGGCGCCGCCGGTGCGGGCGGAGTCTCCGTTGTCCCAGGGGTGGCTCCGGACGACTTCACGCGCCGCAGGACGTTGCGCAGGCCCAGGGCCAGCGCCGTGCCGGCACCCACGAGAATCAACCCCCAGCCCATGCCGCGGGGCAGGGGCGATCTGGCCACGGAGAATCGCGCGGTGATCACCTTCAGGTGGTTACCGCGGTATCTCACCTCCAGGTCCCATGGTCCGGGCTCGTCCGGAGTGAACTGGGTGTGCCAGTTGACCCCGTCCCGCGTCAGCGTCTTCGTCTGCTGGGAAGGCGACCCGGTGGGGTGGAAGGTGACGGTGAGGGGGCCGTCGAATTCGGGGCCCTCGAAGTTGCCTACATGCAACGACACGGAGATGGGCGCTCCCTCCGTTGGCATGGCGGGGTGGATGGTCCCCTGGAGGCGCTCCTCCGCGTCGGACCAGCGGAGCTCCAGGACGTCTCCACGGCGTTCGACACGAATCTGATCGTTCGCGGGAGCCGCAACCGTGGTAGTTGCAATGAGGAGGCTGGCGATCAGTGCCCATCCGGATTTGAATCCGGGGTGCCTTTGCCTCCGAAGTGGCTGTCCTCTAAGATGTTCTGCCCTGCTGCATTCCACCTGAGCCTGCTCCCCGCCGGCAATGTCCCGGGATGAACCCTCAATCATTCGGGAAATATCAGCTTCTTAAGAAGCTCGCCACGGGCGGCATGGCCGAGGTCTGGCTGGCGCGCCAGACGGGCATCGAGGGGTTCCACAAGAACCTCGTGGTGAAGCGCATCCTCCCGCACCTCGCGGAGGACCGTGAGTTCGTGGAGATGTTCCGGAACGAGGCGCTGATTGCCGCGCGCTTCAATCATCCGAACATCGCCCAGGTCTACGAGTTCGGCGAGGCCAACGGCACCTATTACATCGCCATGGAGTTCATCCACGGCGAGGACCTGGGCCGGGTGATGCGCAAGGCCGCCAGCACGGGGCAGTGGGTGGCGCGGCCGCTCGCCATTCGCATCGTCGCCGCCGCTTGCGAGGGCCTGCACTACGCCCACAGCCGCACGGATGACGCCGGCCGGCCCCTGCGCGTGGTGCACCGCGACATCTCGCCGCAGAACATCCTGATCAGCTTCGACGGCTCGGTGAAGCTGGTGGACTTCGGCATCGCCAAGGCCGCGGATCAGGCGTCGCTCACGAAGTCGGGCGCCATCAAGGGCAAGTTCGCGTACATGGCGCCGGAGCAGGCCGCCGGCAAGCCGCTGGACGGGCGCGCGGACATCTTCGCCATCGGCCTGGTGCTCTACGAGCTGCTCACGGGCGTGCGTCCGTTGAAGCGCGACTCGGAGCTGGCCACGCTGCAGGCCGCCATGGAGTGCGCCATCGCCGCGCCTTCACAGGTGGCGGACGTTCCGGAGGAGATGGACCCTGTGGTGATGCGGGCCATCGCGAAGAACGCGGACGACCGCTACCGAGAGGCGCGCCAGTTCCAGATGGCGCTGGAAGAGATTCTGGTCGGGCAGCGCTGGGTGGCCGGCTCGGTGCAGATCTCCGAGCTGATGGAGACGCTCTTCGCCGACCGTCTGGCCGAGGAGAAGGCCCAGGGGCAGGTCGTCCCCGTGGGCGAGGACTCCGCGAACTCCGGCACGCCCATGCCGCCCACGCCGCCGCCGCAGGAGCGTGGCCGCAGCCGCACCTCTGCCGCCGCGGAGATGAACTGGGAAGCACCTCCGGGCGAGGCCTCCGTCCGTGAGCGGCAGCGCGGCTCGTCCTCCCGGACGTCCATGGGGCCCCGGCGCACCTCGGCCGCGGTGCCCGTGGTGGACCCCGACGATGAGCAGGGTGAGTGGGAGGCGCCGTCCGGAGTCGAGGAGGAGCTGCCGCCGCCGCCGCGCCGCAGCAGGACCTCCGCGGAGCTGCGCCGTCCGTCCAACCCCAACTCCACGCAGATTGCGCGGACGAGCTCCCGTTCGGACCTGAGCCGCACGGGCGTGGGCGAGCCGCCCCCGCCTCGCCGCTCCGCCACGCGCGCCGCCCCCATCGTGGAGGACCCGGGGCCGCCTCCGTCCCGCTCGCGCGCGA
NZ_CP017174.1_gap72	2981989	2984083	2094	CGCTCCGCCAGCCGCTCGGCCACGGTGTCCAGCTCGCTGCCCATGCACACCCGCTCCAGGGCGCCTTCCTCCTGAAGCACCTGGGCGAAGGTGTCCTCGATGCCGGGGACATCCGGCTTGAGCTCCACGTTGAGGCGCAGGTTGGGGAAGGCGCGCAGCAGTTCGCGGAAGCTGGGGATGCGCACGCCCTGGCCCCGGAACGGGAAGGTGCGGCCTTCATCGGGCGTGAAGTGGAAGCCCGCGTCCAGCCGCTGGAGTTCGGCCAGCGTGAGCGCGGCCAGAGGGCCCGTGCCGTCCGTGCAGCGCTCCAGCGTGGCGTCATGGGCAACGACGAGCTCCCCGTCCCGGGTGAGGTGGAGGTCGAGCTCCACCATGTCCGTGCGATAGCGCTCCACGGCCTGCCGGAAGGCCGCCAGCGTGTTCTCCGGCGCCACGGCCGCGCCTCCACGGTGGGCGATGTGCAGCGTGGGCCGCAGGCCGCGGAGGAAGGGGAGGGGAGAGGATGCCATGCCGCCAGTGTAGCGACTGGCGGCGTGGGGCTGGCTAGCGGTTGAATCGGTAGACGAAGATTCGTACAGGGCCGCCACCAGGGCTGGCGTCCCATGCCACCCAGGGGGTGCCGTCTGTATCCAACTGGAGCGACACCGTGGCGGCGCCGTTGGATTTCGGAATCGCACTGGGTGCAGTGTTGAGCGGCAGCCAGTCATCGCCGGTCCACGTCCTGACGTGCACGTGTCTGGCGGTGCCCTCTTCTTCAATCCAGGCGATGACCGGGGTGCCCTCGCTGTCCAATGCGAGCGCGGGGCTGTCCGCGGGGGTGTTGCCGGGAGCTGCGCTGAGAGGGCCGCCCAGTGCCTTCCACTGGCGGTCTTCCCACTGACGCACGTAAATGTCCGTCGCCGTTGTGCCAGAGCCGCTGGGATTGGATTCCTTCCAGGCGAGGACTGGCACGTCCGCGGCCGATACCTTCAAGACGGGCTGAGACGCGAAGGTGCCACCGGAGTGGTGCCTGATGGCTCCGCCCAACGCGTTCCAGCCTACGGCCGTGCGTTGCTTGACGAAGATGCGCGCGTCCTGGGTCGGCGTACCTCCCTCTTGCATGACTTCAGCCCAGGCGACGACCGGGAGCCGCGAGCTGTTCAACGACAGGGTGGGGGTGGAGACGATTCCGCACTGTTCTGGAGCGCCGCGAGACGGGCTGTCGACTTGAAGCCAGTTTCCGTCGCTCTGTGTCTGGACGGCGAGATGGACATCACCCTGGCAGCCGAATCCCGAGTAGGCGCCAGTTCCGTGCGCGAGAAAGGGTGTCCCCGCGGTGTCGAACGCGAAGGAGGGGGCTTCGCGCTGCTCGGGCCAGTTCGTAGGCCACGCCGTGTCCCAGTCACTGGCGGTCAGTGCAAAACGTTCCCATTCGGCGCCCGCCCAGCGATGGATGGCCGTTTCGGCCACGTCGACAAGTCCGAGTTCCTCGTCCTCTCGCTTGAAAAAGTGGGAGAAGGCAACGACCGGTTCGCCGTCGTTGCTGAAGTGGAAGTCGGCGGTGGTGCTGGCGGGCTTCAGGACGGAGCCCAGTCGCTCCCAGGTCTGCCCCGTCCAGCGACGTACCCCCACGCCGTTGTCGACCCGGAATGCAACGATCGCGGCTTGCGGAGCGTGCTCCCTCAGCGCCAGCCGTGACAGGGTCGCAGCACCTTCTTCGATGACGAGCCCATCGCGGGGACCGACAGGGAGCCACGCAGGGACACTCCAGGACCAACTCGCCGAAGGCGCTGCTACTGGGTTCCCCGCGAGGTCCCGGACACCGGTGAGCTTCACCTCCACATCTCGGGGCAGCGGAAGCTCGACGCCGGCTTGAATCTCCAGGGCCCGCTGGGATTCGGAGAGGCTCAGTGTCCTGGCGACGCTTTCGCCGTTGACGAGGAGTTCGACGCTCGAGGCGGCGAGACTGTCTGGATGGAGCGCTTCGGAGAACTCGACCCGGATGGGGTGGGATGCGCTGACGTCCTCTTCCCCGTCGGCCGGCGCTCTCAGGGCGATGGTAGGCGGTGTCGGGTCGATGGTGACGACGAGTGGCTCGCTCTGCCACGTCGCGTT
NZ_CP017174.1_gap73	3141291	3143138	1847	AAGACGCGCGCTGGAACCACACGAGAGGGTGAACGCATGACGACGTTTCCAGGTGCATCGGGCAATGGCACGCCGCAGGACCCGCAGGGCGGCGGCTTCGGGCAGCGAGTGGACCACATTGGCAGCGACGCGCAGCAGCTCTGGTCCGACGCGCGCGGCGCGGTGACGGACTTGGGGCAGACGCTGGACCTGCGGGGGCGCGTGGAGCGCAACCCGTACGGGATGATGGCGGCCGCCGTGGGCGTCGGCTATCTGCTGGGCGGCGGGCTCTTCACGCCGCTGACGGCGCGCATCCTCCGGCTCGGCGTGCGCCTCGCGGCGCTGCCACTGGTCAAGGATGAACTGTTGGGCATGGCGGAAGCGGCCTTCCAGGGCTATCAAACTGGACGTGGTATGGCTGGTCCGGGCCCGCAGGGCTCCGCCTCGGCGAACGCCACTTCCGCAGGCACTCCTCGCCCGCCGACGTACTGAGGCCGGGCTTTCCTCCACCCCACAACCCCCGGAGTCTCAAATGGTGAACTTCAACAACCTCAAGAAGCTGGACAAGGACGACCTGCTGCACCTGGTGGGCCTGGAGACGCGTCGGGACACGGTGGACACGCTCCTGCCCGTCGTGGGCGCCTTCGCCGCGGGCATCCTCGTGGGCGCGGGCCTGGGCCTGCTGCTGGCGCCCAAGCCGGGCAATCAGTTGCGCGATGACCTCCGTCAGCGCCTGCACAGCGGCCAGGAGTACCTGTCCAACGCGGTGGGCCGCTCCTCCGAGGGCGCGGCGCAGACGGGCCCGCAGGGCACCGTGTCCCGCACCGCCTGATTCGCGGCATCCGCCGCACACGGCCCCGGACGGGGCCAGGGGCCTCCATTCGCGCCGGCAACGGCCGCGGGTGGGGGCCTTCCCGTTTGGAGCCGGTTAGAGTCCACGGCCGTGAGTGAGACGACGCAGGGTGGGATGGTGAAGCACGCCGGGGCCAGCGAGGGCGTGAGCCCGGACGCGGCGCTGGCGCGGCTGCGCGCGCTGGAGACGCTGGAGTCCGGGTATGAGGCGTGGCTGGAGCTCCAGGTGGAGCACGCGGCGTCGCGACTGCGCTTCCGTGAGGAGCGCGAGCGGCTGGAGCAACAGGGCTCGTTCCTGTTGGGCGCGGTGCGCGCCGCGGGGCTGACACCTGCGTCGGGCGCCGAGCCCGCGCTGGTGACTCCGCCCGCCGCTCCAGGGGATTTCCTGCGGGAAGCGGAGGACAAGCTGACGCAGGCCCGCGACGCGCTTGCCCGGCGAGAGGCGGAGAGCGAGGCGAAGCATGCCGAGGCCTTCGCGGAGATTCGTGCCACGCTCAAGGATCGCGTCCAGCGCTACCTGAGCGCGAGCCGTCCGTCCCTGACGTTGCTGCTGCGCCGTGTGGGGACGGAGCGCGCGATTCTCCATCTGGAGCGCGTGTCCGGAGACACGCCCGTGCTGCTGTGCTTCCTGTTCGCGGCCAGGATTCCGTCCCGGTACGGCTTCCTGCTGGATGACGCGACCGAGGACGTGTCACTGCCGCCCGCGCCGCTCTATGCAGACGCGGGCGTGGCCGCGGACGAAGTGCGTCCGGACGCGGTGGGGTTGGAGTCGCGCGTACGGGGGGGAGGGGAGGTAGTGCCGCTGAAGGGCTTCCTCCCCGTGTTCGTTCCACGCCCTTCGGGAGGCGAGGACTTCTTCCGGCTGCTTCAGCGGGGCGTGGTGCTGGAGGTGGAGGTCGCGGACGGGACGGCCTTCCGCAACGTCCTCTCCCGCGAGGAGTCCGAGCGCTTCGCGGGGCACCTGCTGCGCCTCAAGCTGGAAGGGCGCATCGGGCTGGACATCGAAGTGGGCTGAC
NZ_CP017174.1_gap74	3146721	3151342	4621	TCCGGCTGGCCGAAGAGCTCCTTCACGGGGGCGTCCTTCGCGATGTGCTCCGCCACCACGCGGCGCATCTTCTCCGCCGTCATCGCCGAGTAGTACACCTCTCCTGGCCAGCCCATGAGCTGGTAGTCCTCGGGAGAGAGCGGATCTCTCTTGCGGCCGGTGTCCTCGCGGACGACGACGTTCGGCCCCATGTGGCAGAAGCCGTAGCAGCCGCCGCGGTACAGCTCGCAGCGCGGCACCAGCCCCTGGCCGGAGAGGGTGTCCCGGGCCTCGGCGTAGACGGCGTCCGCGCCGCCCGCCTTGCAGCTGGAGCCCTTGCACACCGACAAGCGGTAGCGCTTCACGGTGGCGTCTCCTGGAGGCCGCCATCAAGCGTATTGAAGAGGTTCAGCTTCACCACCAGCCCCCTGAAAAAGCGCCGGCCCGCCTTCCGCTTCAACGCGGGAGTGCGGGCCGGGAATCCGGGTGAGGCCGATACGGCCTCACTGGGAATCTGGATTCACTTGATGAACTTCGTCACCTGGATGGGGCCCTGCTGCGTGACGACCGTCTGGTGGCCCGCATGGGCCCCCGCGGGCAGCGCCTTGCCGTGGCCGCCGTGCTCGCCGTGCGGCAGCTTGAGCTCCACCAGGCCCTCGCCGATGCGCGTGTGCGCTTCCTTGTGGACGTGGTGCGGCTCCTCGGAGCCCTCGCGCTTGTTCCACGGGTCCGACGGGTGGGACACCGGCGCGCCCTTGAGCAGCTTCGGGATGTCGTAGACGAAGTTCTGCCGCGTGTACTCGGGCGGGGTGTGCGTGTAGGTGTCCATGCGGATGGCGTCCTTGGGGCACGCATCCACGCAGAGGCCGCACACGATGCACCGCAGCTCGTCGATGACGAACTGGGTGGGGTACTTCTCGATGACGCGGTCCTCGGAGTCCGAGGCTTCGTCCTCGTACTCACCCGCCTCGATGTAGATGCACTGCGCCGGGCAGATGGTGGCGCACATGTAGCAAGCCACGCAGCGCGGCTTGCCGTCCTCGCGCGGAACCAGCCGGTGCAGGCCGCGGTAGCCCTCGGGGTAGATGGGCTTCTCCTCGGGGTACGCCACCGTCGTCATCAGGCTGGCGCCGGTGCGGTCCACCACCTGCGTGTTGGTGTCACGCGTCCCGAAGAGGTTGCGGAAGAAGTGCTTCGCGGTGATGCCCAGGCCGCGGAGCAGGTTGGGCACATAGGTTCGCTCGCGGATGTCCGTGCGAGGGTCCTTGCTTACCTTGTAGGCCATGATGGTTCTCGATTCCCGGATGCTGGGGCCGAAAGGTGCGGCCTAGTGGGTGGACGCCGGGGCCGCGCCGTGGGCGTGCGCCGGCAGGTCATGGGCACCGTGCCCACCGTGGGCGTGGCCATGTCCGTGGTCGTGACCATGGCCGGCGTGCGCCCCGTGCGCACCGCCTGCGGGGACCTTCGTCGTCGTGGTCAACACCACCAGGAAGCCAATCTCCGCGATGCCGAGGACCGCCAGCGCCCGCAGGGACGGATCCCAGAGGACCAGCGCACCGGTCACGAAGATGTTCACCAAGCCGAGGGGGAGGAGGATCTTCCAGCCCAGCGACTGAATCTGGTCGTAGCGGAAGCGGGGGAACGTCCAGCGGATGAGCAGCTGCACCCAGATGAGGAACAGCACCTTCAGCCAGAACACCGTGCCCAGGATGGTGCCCAGCAGCCAGCCGTGCTCCTGCATGATGGGCAGGTTGGCCAGCCACTCGTTGCCGAAGGGCAGGTGGTAGCCGCCGAAGAAGAACGCCGTCGTCACGCCGGCCAGCACCACGACCTCCACGAACTCGGAGATCATGAAGAGGCCGAACTTCATGCCGGAGTACTCAACGAAGTAGCCGATGATCTCCGACTCGCCTTCCGGCAGGTCGAACGGGGCGCGCTTGGTCTCCGCGAAGGACGCGGCGAAGAAGAGCAGGAAGCCCAGCGGTTGGATGAAGATGCCCCACGCGGGCAGCCCCAGGTCGAAGGCGCCGTCCGTGCGCCACAGGTAGCGGCCCTGGCCGGTGCCGCCGGTGAGCGCGTTGCCGATGTCACCAATGATGGCCGGGAACTGCACCGAGGAGAAGGTGAGGAAGATGCCGACCAGGGACAGGCCGAGCGCGACCTCGTAGGCGATCATCTGCGAGGTGGCGCGCACGCCGCCCAGCAGTCCGAACTTGTTGTTGGAGGCCCAGCCGGCCAGCGCGGTGCCGTAGACGGCCAGCGAGGCGATGGCGAGCACGTAGAGGGCGCCGAAGTCCGGCGTGGCCACCACCATGTCCACGTTGCGGCCGAACACCTGCACCGACGGACCGGCGGGCACCACGGCGAACAGGGCGAAGGTGGGGGCGAAGGCCAGGATGGGGCCCAGGTTGAACATGAACCGGTTCGCGGCGGCCGGAATCAGGTCTTCCTTGGTCAGCATCTTCAGCACGTCCGTGAGGATGTGCGGAAGGCCGCCCAGCGGGCGGTTCTTCAGGCCGGGCAGGGCGATGCGGGCGCGGTTGGGACCCATGCGGTCCTGGATGAACGCGCTCCACTTGCGCTCCGCCATGGTCAGCAGCGTGGCGATGACCATCACGAAGATGAGGACGAGGAACAGCACGTTGGTCAGCCGGCTCGCGCCAGTGAACCAGTGCTCCTCCACCAGGCCACCCACGAGGTAGGCCGACGCCATGCCACCCGCCATCAGGAAGACGATGGTGAACATGGCGACGAGAATCGTCAGTACGCGGCTCATGACTAGATACCCCTCACCCGAGGCGTGCCGAACTCACGGTACCCCGCGGGGCGACCGTCGGCACCTGCCGGCAGCGGATTGATGCCCGGCTTCTCCCGGTCCGCCGGAGACGCCTTCTCCCAGTTGAACTCCGCGAACTCGGCCACCTTGCCAGCCAGCTCGCGCCACACGTCGACGGCGCGCTTCCAGGTGGACTCGCCACCCAGCTCGCGCGTCAGCTCCCTGACCCACTCCCAGCCCGGGACGACGTCGCCCTTGGGCGGGTACGCCTTGCGGAAGCGCTGGATGATGCCGTCCTGCTGCACGAACGAGCCCTCGTCCTCGACGGGGACGGAGGCCGGCAGCAGCACCGTGGCCTGCGCGGTGATGGCGGACTCTGTGAAGGCCTGCGCCACGAACACGTCCAGGTGACCGGCGGCCTCCGCGAAGGTGTCCACGTCGCCCGGCACCTCGGTGCCGATGGCGTAGAGCGCCTTCACCGTTCCCGCCTTCATCACGGTGGTGAGCGCGTCGAAGGTCTCCAGCTTGAGGCCCAGCGCCTTCGCGATGAACTCCAGGCCCTTGCGGTTGGGGTTCTTGTCCGCCGTCATCAGGAAGTGGTCGGCGGGGCCCGAAGCGCGGCCGCCCACGTACACGGTGGACACGCCCAGCGTGGTCTTGGCGAAGTTCAGCCCGGCCAGCAGGTCCTCGTTGGAGGCCAGAGGCGAGGCCAGCACCGCCAGCTGCTTGCTGCCCTGCACCGAGCGCAGCGCCTTGGCCGCGGCCTGGACCGCTTCCTTGCGCGTGGTGACGGGCACCGCCTCACCGGCGCGGTTCGCGCGGCGGCCCACCTGCGCCTGCAGCACGCGGCCCAGGTTCAGGTACTTGTAGGTGAGCCGGCCCTCGTCGCACATCCAACTCTTGTTGATGGCCTCGTTCTCCCGCGGGCGGTAGCGGTACGAGTCCTGCGACATCCAGTCCACGTAGGTGGAGCAGCCGCGCGAGCAGCCGGTGCACACCGACGGGGTGGCGGACAGGAACCACGCGCGCGCCTTGAAGCGGAAGTCGCGGCTGAGCAGCGCGCCCACCGGGCACACGTCCACGGTGTTGAGCGAGTAGTTGCTGTTCAGCTCGCTGCCCGGGAACACGTCGATGCGCTCGTGGCTGCCGCGGCCGAACACGCCCAGCTGCGGCTCCTTGGCCACCTCGTTCATCACGCGCACGCAGCGGGTGCACATGATGCAGCGCTCCTGGTCAATGACGACGCGGGGCCCCAGCACCTTGCGCTTGTTCTTGAGGGCCTTGGTGCCCTCCAGGCGCGAGGGCCGGTAATCGTACTTCATGTAGTAGTCCTGCAGCTTGCACTCACCGGCCTGGTCGCAGATGGAGCAGTCGACCGGGTGGTTCAGCAGCAGGAACTCCATCACCGCGCGCTGCTGCTCCTTCACCTTGGGCGTGGTGGTCTTGATGGCCTGGCCTTCGGCCATGGGCGTCTGGCACGCGGGCACCATCTTGGGCGCGTTGGACGCCTCGATGAGGCAGATGCGGCAGTTGGCCGCGATGGAGAGGCGCGGGTGGTAGCAGTAGTAGGGGATGTCCGAGCCGACCGCCTTGGCCGCCTCGATCATGTTCGTCCCCGGCTTCACCACGACTTCCTTGCCGTCGATGGTGGCGGTGATGAACCCCGGGTTCTTCGGCGCCGGCTTGGGCGGCGGGCCGGAGGGCGGCTTGGGCGGCGGCGTCCCCGTAGGGCCGCTGGCGGCGGCGGGCGGGTTGTCCAGCTTCGCGCCGGCGGGCGGGTTGGACGGCTCCGGGCCAATCTTGGCCGCGGGCGTGTCCGTGGGCGCCCCCTTCGGAGGCGGCTGCGCATCACCGGTGGGCTTCTTC
NZ_CP017174.1_gap75	3153491	3154903	1412	TCGATGCGGGCCGCCACGTTCACCGTATCTCCAATGGCGGTGTACTCCAGACGGCGGGTGGTGGAGCCGATGTTCCCCAGAACGACGGGACCGGTGTGGACGCCCACCCCCATGCGCAGGACGGGAGCACCCCGGGCGGCCCGGTCGGCGTTGACGGCGTCCAGCTCCACCACCATGTCCAGCGCGCAGCGCACCGCGCGGAGGGGGTGCTCCGCGTCTTCCAGCGGCGCGCCGAAGTACACCATGAGTGCGTCCCCGATGAACTTGTCGAGCGTTCCACCGTGGCGGAACACCACCTCCACCATGCGGCCGTAATACTCGTTGAGGACCTCCACCACCTGGCCCGGCGGCATGCGCTCGCTCAGCGCGGTGAAGTCCCGGAGGTCGGCGAACAGCACCGTGACTTCCCGCAGCTCCGGCGCCATCGAGGTCTGTCGTTGTAGTCGTTCTGCTACTGAGGGCGAGAAGTAGCGGCCCAGGCGGGCGCGCTTGAGCTCCTCCCGGGAGACGGCGACGGTGAGGGCGCGGATGCGACCGAGCAGGTGGTGGGCGCCGGCCGCCATGATGCCCAGGAGGACGACCGCGGCCACCTGGGCGCCCATGCCGATGCCCGCCTCGTGCTGCAGCCGGACCAAGCCGATGGCGGCGACCGTCATGACCACCGCGGTGACGGAGCGGCGCAGCGACAGGGCCGCCAGCAGCACCAGCACGGTGTAGATGCCCAGCGTGAAGCCGGCCACGCCGCCCGGGGAGGGCGACACCGGAATGGCCAGGTGCTGCATCCAGTAGACGGCGGGTGCGTCCACGAAGGCCAGCGTCAGTCCGGCCCATAAGGCACTTTGCCGCCAGCGTGACACCGCGACCCGTCCGGCCACGGTGCACAGCCAGTAGATGCCCAGGGGCGCGAGGTAGACCTTCCAGTCCGCCATGTCCCGCGCGACGCCTTGATACAGCGCGACGCCCAGCAGCAGGGTGACAGCCACCAGCCGCAACCGCGCCATCTGCCGTGCGTTGTGATGGCGTTCGACATCCAGCGCCCGGTTCACCAGGTCCTGGCTGTCATCGGGATGGGCGCCGTGCGGTGATGCAGGGGCCTCGCTGGCTGCCAGTCGAGGCGGAGTCAAGGCCATCGATTCTGCAATGCCCTCGCGCGGAGCGCACGTTGGCGGGGGTCGGTCGTCCGGCCGGCACACGCCTGTTTCAATCGGGTATAGAAGAGGAGGTCATGCCCGAATCCCCCCCTTCCGGCATTCTCCGTTCCTGGTGGCCGCGCCTGCTCGCGGGGGCCGTGCTGGGTGTGTTGCTGTTCGCCGCCGAGTCGTGGCTGCTGCTGCGCTCGGGTGTCGTGGGCATGGACATCCCGGTGGATGGCCCCTACGCCGCGTTGATGGCGGCCGTGCGGCCTGTCATCC
NZ_CP017174.1_gap76	3165845	3169324	3479	CCGCAGGCGCAGCTCCTCCAGGTGCCGGCCCTCGGGGCGCAGCAGCTTCAGCGCGACCCTTCGGTCCAGCTCCGGGTCATGGGCCGCGTACACCTCGCCCATGGCGCCCCGGCCAATGCGCTCCTGCACCACGTAGCGTGAGAGCTGGGTGCCCGGGGTCACCAGCGGGCCATCGACGGGCAGGGACGCGGCCTCCGGCGCACTGGCGCCCAGGGCCAGGTGCTCCTGGCAGCGCTCACATCCCTCCACGTGGGCCAGTACGCGCGTGCGGTGCGCGTCCGGGAGCGCCCCTTCGAGGAAGTCGCTCAGTGTCGTCTCGCTCGGGCACCCCATGGCGGCCCGGAGACTAACAAAATCCCGGAATTTTCACTTTTGCCCGCCTGTGACGGCTCAGGCCTGGGCGCGTGACTTGAGGCGGGCGAAGAGCTCGGGAGGCATGGAGGCGGTGCCCAGCCGGTGGTCGGCGGAGATGGCCTCGCCGTGGAAGTCGCTGCCAGCGGTGGGGACCAGGTCCAGCTCCTTGGCCAGGCTGAGATACTTCTGGCGCACGCTGGGGTTGTGGTCCTCGTGCAGCACCTCGAGGCCCGCCAGTCCCGCCAGGGCGAGCGCGCGGATCTCCAGCCGCTCCATGCGCGATGAACCCGGGTGGGCGAGGGTGGCCGTGCCGCCCGCGTTGCGGATGAGGCGGATGGCGTCCTCGCCGGCCAGCTTGAAGCGCTCCACCCAGGCCGCGCCGCGCATGCCCAGGAAGCGGTCGAAGGCCTCCTTCACGTCCACCACCCAGCCGCGGTCCACCAGCACGCGGGCCAGATGGGGACGTCCCAGCTGCGCGTCGCCGGCCACCGCCCGGACGTGCTCCATGCGCACGGGGTAGCCCAGCTGCCGCATGCGCTCCAGCAGGGCTTCCATGCGCTGCTCGCGCTCCAGCCGGAGCCGGTCGGCGAAGCGAGCGATGTCCTCGTCGTCCGGCCTCAGGAAGTGCCCCAGGATGTGGCACTCGCGTCCATGAATGAACGCGGAGATTTCGATGCCTGGCACCAGCTCCACGCCGTGGGCGCGCGCCGCCACCTCGGCCTCGGCCAACCCCGCGACGGTGTCGTGGTCGGTAATCGCCAACACCGTCACCCCGGCGGCGGCCGCCCGCGCCAGCAGCTCCGTGGGCGCATATTGACCGTCGCTGGCGGTGGTGTGCGAGTGCAGGTCAATCACGGCGGGCTCCAGGGTGTGGGGGGAATGTTTCCCATACGCGACCTATGCCGGGTTTCACACCAACTTGCGGCATGGGGGGTGCCGCCGCCACCCAGGGTGTGGCTACTGTCCGAGCCCTATGGGCAAGAAGTCCGATACGACCATCGAGAACCGGGTCTACCTCTTCGAGTCATTGGCGAGCAGCTACGTCGCGTCCGCCACCGAGGTCTTGTCCTCGGAGGACCCCGCGGTGCGGCAGCGCGCGCGCCGGGCCCTGGCGGAGCTGGCCTTCGTGTCCTGTGTCATGGCGGACACTTCGCATCTGCCGGCCGAGCAGGTTCGGGCCCAGGTGCTCGGCGCGCCCGAGCGCGTCCCGGAGGCTCCTTCGAAGGTGTCCGGCGGCGCGGCCCGGAAGCGCAACAAGTAGCGGCCCCTAGCGTGGTTCGGGGTGGTATGTCGGCGGAGCCCTTTTGCTTCGAGGAGCGCCGACATGAGCCCGCCGCAGACGCCCGCCACGGGCGTGGTGATGACGCTGGTCAGCCAGCCCCAGTTCAAGACGCAGCTCACCCATGGCCCGTCGGGCACGGTGAATCAGACGGAGGCGCCGCGCGACAACGGCGGCACCGGTGGCAGCTTCTCTCCCACGGACCTGGTGGGCGCGGCGCTGATGTCATGCGCGGTGACGACGATGCACCTGTTCGCCTCGCGTGAAGGCATTGCCCTGGGCGAGGTGAGCGCTCGGGTGGAGAAGCGGATGTCACCGCCGCCGCGCCGCATCGCCGAGCTGGTGCTGGACATCCAGATGCCGGCCGGCCTGTCTGCCGAGCACCGGGCCACACTGGAGAAGGTGGGCCGCGAGTGCCCGGTGGCCCGCAGCCTCCACCCGGACGTGAAGCTGCCGCTGACGTTCAGCTATCCGGACTGAGGACGCCAGGCCGCTTGCCCTCCAGGGGGCCTGCCCGCGAATGCTGCGGGTGGGCCCCTTCGTGTTCATCCTCCCCGGCTGCGGGGCTCGTCCTGGAGGACATGGCATGCATGCGAAGCGGCTGGGCATCTACCTCAATGACCACCTGGCGGGCTCGGTGGGCGGGCTGGAGCTGGCAATCCGCACGGAGGCGGAGAACCACGGCAACCTGCTGGGCCGCTACCTGGCGACGCTCATCCCCGAGCTGAAGGAAGACCAGTCCACGCTGCTGTCGGTGATGGACGCCCTGGCGCTGAAGCGGGATGGGCTGAAGACGCGCGCCGCGTGGGCCGTGGAGAAGGTGAGCCGGCTGAAGCTGAACGGAACGCTGGTGCGCTATTCGCCCCTGAGCCGGCTGCTGGAATTGGAAGGCTTGTGCTCGGCCACGGAGGGCCGCTTGTCTCTCTGGCGCACGCTGGCGCGCGTGTCGGTGAAGGACGCCCGGCTCGCGGTGTTTCCCTTCGAGTCGCTCGTGCAGCGCGGCGAGGCGCAGCGCTCCGTGCTCCAGCGCTTGCGGGCCCAGGCGGCTGACGTGGCCTTCGCGGAGGAGCCGCAACCCTTCGGCTCGGGGGAGCCCCTCGTCGCGGACCACTGATGGACACCCGGGCATGAAGAAGCCCCCTGCCGCGGTGAGCGACAGGGGGCGGGACTTCATTCTGGCGCGGGGCTCAGGTGCCCGACGTTCCCGACGCGCCAGGAGCCGGCGTCGTGGGCCGGGCGGCCGAGGCGTCCGGCGTGGGCACCAGGCGCAGCTGGCTGGCGCTGCCGCCGAAGCTCGCGTCCACCTCGCGCTCCAGGTACGTGTAGCCGGACAGGCCGTCCTCGTACATGCGCAGCAGGTTGCGCGACTCGTCCAGGGTGATGCGGCCCTGGCGCAGCGCCGCCTCGGTGAACTTGCGCAGCTTCGCCACCAGGTCGTCCTTGGTGTAGCTGACGTAGTTGAGCACCTCCGTCACCGTGTCGCCGGCCACCACGTTGTCGATGAGGTAGCCCCCGTTGGGCCCCAGCGACACCTGCACGGCGTGCGTGTCGCCGAACAGGTTGTGGAGGTCGCCGAGAATCTCCTGGTAGGCGCCCACCATGAAGATGCCCAGGTAGTAGTCGTCATCGTTGAGCGCGTGCAGCTCGAGGGCGTCCTTCACCTCGCGCTTGTCGATGAAGTGCTCAATCTTGCCGTCCGAGTCGCAGGTGATGTCCGCCAGCGTCGCGCGGCGCGTCGGCTTCTCCGCCAGCCGGTGGATGGGCATCATCGGGAAGAGCTGGTCGATGGCCCACGAGTCCGGCAGCGACTGGAACACGGAGAAGTTGCAGAAGTACGTGTCGCTGA
NZ_CP017174.1_gap77	3268125	3271232	3107	TCGATGCAGATCTGCCCCATCACGTAGAAGCGGTAGTCGCGCAGCGACTTGCTTCGGAACTCGAGCGAATCGAGCAGCGTGAACATGGGCTCCAGGATGGGGGCCAGCGCGCGGGCCTCGCGCGGCATCGACAGAGCGTAGGCCACCAGCACTCCATCGTGGCGGGCGACGATGCTGGGCGCCATGGCGTGCATCTGTTCCAGTGCCGGCAGGTCGTGCTGAACCGTGACGAACCCCTGTGAGCGCATCTCGTCCGCGGACAGCGCCTGCTTCAGGTTCTTCTGTTGCAGCGCCAGGATGTGCTCCAACTCGTCCCGGTTCCGCACGGCGGTGACTGTGTAGGTGGGCTTCATCGACAGCAGGATATGCCGCAGCGGTGCGCCTTGCCGAAGCGACACGGGGTGCGGGCAGGCGGGCGACACGGTCTGCGCTTCAGTGGCGCGTAGGGCAGTGTGCGGGGCTCGAAGTGGCGGGCCGCGTGGGGGGAAAGGCGGGGCCATAGCAGGCGCCCTTGTGGACATACCCGTCCTCGTCACAGTCCTTCAGGTTATCGACGGCCAGCTTCACCCAGCAGCCACCGTTGATGGGGACTTGGAGCTTGCGTGGGCACCGTCCTGATGCGTCTGGCCGGGTCTGCCCGGGAAAGGGTCGGGGTGGCATCTCCAGGGCGATGGTCGACCATGCAACGGGGGCCTGGATGGGAGATGCCGGCGCCGCGAACACACTGTCTCCGACAGCGACCGTGCCTCCATCCGTTGTGTCGATGGACATCACAGCCGGCTCGGGCACCATGGTGACCGAGGCTCCCGCTCGGGGCCGCCAGCCGAGGCTCAGCACCAGGGGGCCTCCAAGTCCGATGATGGCGACCCATGGCCACCGGGTTCGTCGGGCTCGATGGCGGAGGGAACGTTCATTCCACTGCGCCGACGCAAGGGAGTGAAGGGCACCTCCCACCATGAGTGGCACATCCGACTCCGAGCCCGCCCGTGCCACCGCGGAATCCAGAGACTCCGCCAGCTCGCGTGCGCTGCCTCGCACATGGAGGCTTGGGGCGAGCATCCGCGACACCAACGCGCTCAACTCCAGGCTGCAGTGCCCATTCGCGTCCCGCGGCGACGGGGCCTGGGCTCGCTCGGTGTGCCAGAACCTCGACTCCGCCACGTCAGGATGCGTCGACGGCGGATACCGCCCCGTGATCATCCGGAACGCGGTGACCCCTAGCGCGAAGACGTCATCCGCCTGTCCCGGAGCATACGGCGGCGCGGAGTCACCTGCTGCGAAGCGCCACGCTTCAGGGGACCGATAGGCCGGCGTCCCTGGTGGAAACGGCGAGCTCGTCTGCGTCGCGGCACCCACGTAGTGACTGGAACCGAAGTCCATGAGGAACGCCTGCCCGTCGGCCTCGCGGACCAGCACGTTGTGCCCTTTGACGTCCCGGTGCAGCCCCCCGGCCGCGTGGGTGGCTTCGAGCGCCCGCGCCAGCCTCGCGAGCAGGGCCATCACCTGCCGCGACGTGGGACGGTGCTCGCTGGCCCAATCGTAGAGCGGCGTGCCCTCTACCCAGTCCATCGCGAGGTAGGGGTGGGGCGGTCCCTTGGCGGGTTGCCAATTCCCGCTCGCTCGCAACCGGGGAACGGCGGGGTGATGGATGCGGGACAGCAGCTCGGCCTCGCGCGCGAAGCGTTCGTCCCGGGCATGCAGGGCCAGCTTGAGGGCCACGGTGTGTGTGCCCGTGATGTGCCGGGCCCGGTAGACGGCGCCGTAGGTACCTCGGCCTCGCAGGTCCATGAGGCGCCACGGGCCCACCCGGGTTCCGGGTGGAAGTCGGGCCGGATTCAGGAAAGGGAGCCCCATGCTGGCGGAGGCTACTTCCTGAGTAGTCAGTTTGCACCGGAATCTGTCAGGTCAAAACGGCTCGCTGGGAAGAAATCTGGAAGGAGCAGCGCGCGAAAAGCGACGCAACCCGTGGCCGCGGGGCGGCGGTTGCCGCGCGCCTCACTTGCCATCACCTTGACGCAATGTGCCGATGCCGGGTGGAGTGTCGGCCTGGTCTCCTTCCGGGGGAGGGCGTGTTCATGGCAAGTGTGGTGCCTGCTTACGCGGAGTGGTCCAATCTGGAGCGCCGAATCCGGGCGCTCATTCCCGAGGCGTTCGACCCGTCTGGCCGAGTGCTCAACCTCATCGCGGGGGAATGGGGGCATCCCGGAAAGGGGAAGCCCTACCTGTCCCCGGTGGACGGCACCGTCCTGGGCCGCCTGCCCATGATTGATGCGAACACCGCGCGCGTCGCCGCGAGCGCCGCCGCCGCGGAGGCACGGACCTGGGCCCACCAGGACCTCGATGCGCGCAAGGAGCGCGTCACCCAGTGCCTGTCCATGCTGCGTGAGCAGCGCGAACTGCTGGCCCTCATCCTGGCCTGGGAGATTGGCAAGCCGGTGCCACAGGCCCGCGTCAGCGTGGACCGCTGTATCACTGGCGTGGAGTGGTACGTCTCCCAAATCGAGCCCATGGTGGAGGGCCGCCGTCCGCTGGGGCTCATCTCCAACATCGCTTCATGGAACTACCCGCTGTCGGTGCTGGTCCACGCGGTGCTGGTCCAGGTGCTCGCGGGCAACAGCGCCATCGCCAAGACGCCCACGGATGGTGGGCTCTTCTCGCTGACGCTCTGCATGGCGCTCGCGCGCCGCTGCGGGCTGCCTGTGTCGCTCATCAGTGGCTCGGGCGGACAGCTCAGCGACGCGCTGGTGCGCAATCCGGAGATCGCCTGCCTGTCCTTCGTGGGCGGCAAGGCGAACGGGCGGGACATCGCCGCCAGCCTCTATGACCGCAACAAGCGCTACATGCTGGAGATGGAAGGGGTGAACGCCTACGGCATCTGGCACTTCAGCGACTGGGACCGGCTGGCGAAGCAGCTCAAGAAGGGCTTCGAGTACGGCAAGCAGCGCTGCACCGCGTACCCGCGCTTCGTCGTGGAGCGGAGCCTGATGCCGCGCTTCCTGGAGACGTACCTGCCCGTCGTCTCCGCCCTGAAGGTGGGGCACCCGCTGCTGGCGGAGACTCCGGATGGCGAGCCACCCGCGCTCGACTTCGGCCCGCTCATCAACAGT
NZ_CP017174.1_gap78	3279299	3281294	1995	GCGCTCTTCTTCACGGCGGGGCCCGCGGACGAGGAGCAGGGACTCTATGGCCGGCTCGACATGGCGCCCACGTGTCGGCAGGGACTGCCCCCGTGGAAGGCGCCTCGCGGGCCTGAGGCGCAGTGAGCGGGAGGCGGGCATGGCGGCGCGGGCCGGAGCACGGTGCTCCGGCCCGCGCTGTCACGTGGGGCGCTGCGAGGTGAAGGCGCGTCTCAGGGCTGCTGCGAGCCGCTGCCTCCGTAGCCCTGGTCCTGCAACTGCTGCCAGTGCGCCTTGGCCTGATCTTCGCGCTGGAGGTTGGCGTCCACCTGGCGCTGCTGATCCGCCGCCTTTCGCCGGGCGTCGGCGACGGCGCTGGAGAAGTCCCCTGGGGACAACTCTTTCGCCCGGACGTCCGCGTTGGCGTTGACGGCTTCGTACTTCGCCTGTTCGAGCTGGGCGTCGGCCACGTCCAGCTCCCGCTGGCGCATGACTTCCAGCGACTTCAACGTCGTCACCGCGTCGTCGCGCCAGGCCGTCTCCGCCTCGGCCAGGGTGAGGGCGTGCTGGGCCGTGCAGGCGGCGTTCTGGGCCCGCTCGATGGCCGCGACGTCACCCGTTGCCTGCGCGGCCTCGAGCGCTGCCTCACTTGCTTCGTGGCGGGACTTCGCGGCGTCCTCGTTGCGTTGGGCGACTTCTCGCTCCGTCTCGGCGTCCTGTCTGGCCACCTGGGTGCGGGTGATCTGCTCCCGGGCATGGTCCTCCGTGAGCTGCGCCTCGCGCACGTTTCCCAGCTCGCCGGGTGGGACGCGCGCCACCCATTGCTTGTCCACCTTCGCGCTGGAGCGATGGGAGGCACAGCCTCCCATCAGCATCACGGCCGTGCCGGCCATCCCCAGGTACATGCGACGCCTGCCTGGCTGCGCCATGCCTTCCTCCCGGTCATAGGGTCCTGTCCGAAACTGTGCGCATCCGGGGGGAGGGTGAAAGCAGCGGCGCACCGCTCGGCGCGTCACACGCCCCTGCCCACGGGGCAGGGGCCGCGCGAGCACGCCGAACGCCGCGCTAGCGAGGGTCGAGCAGGGCCTCGAAGAGCGTGCGTGGGTCCAGCCCGGGTGGCAGTCCGGAGACGCCGCCGTCGTTCACCTCGACCACCGCCCAGCCCCCGTCCTGGAGCATGGCCACGTCCAGGGTGAGGAAGGGCGAGTCGATGGTAAGCGTCCGGCCAACGACGTGCTGAGGGGCGTTGAGTGGGGAGTCGCCGCCATGGACCCTGGCGCATATGTCGAAGCCGGTGGAGAAGCACGAGTGGTTCCGGGTCGCCGAAGCATTTGAGGCGAGCGGGCTGACGCAGAAGGAGTTCTCCGCGCAGCGAGGAGTGCGGCTGAGCACGCTTCAGTCGTGGGTGTACCGGCGTCGGCGTCAGCAGGCCGAGAAGGGCGAGGCGATGCGCTTGCTGCCTGTGGAAGTCGCGACGACGCCCCCGGCAACGGAGTCGATGTTGGAGGTGGTGGTGGCCAGCGGAGCGCGCCTGCGATTCTCCTTGGGCACCGACGTGGACTATGTGGCCCACCTCGTCGCGGCGCTGGGGCGGTGAGGCGGTGTTCGCGCTGCCTGCGTCGGTGCGCGTAGTGTTGGCCACGGAGCCGGTGGACATGCGCAAGTCCATCGATGGCCTCATGGCGCTGGTGCGCACAGCCTGGGGCGAGGACGTCTACTCGGGGCACCTCTTCGCCTTCGTGTCGCGGAGAGGAGACCGCATCAAGGTACTGACGTGGAGCCGGGGCGGCTTCGTGCTGCTGTACAAACGGCTGGAGACGGGGCGCTTCCGGCTGCCGCCGGTGGACGCGGGCGCGCAGGTGGTGCACCTGGACGCCACGCAGTTGGCGATGCTGCTGGACGGCATCGACGTGGCCCAGGTGAGGCGCCAGCCCGCCTGGACGCCTCCCGGGCGGACTGGCACGTGACGGCTCCAGCCCGGGACGCGGCTCAGCGGCGGCGTGTTGAGGCCGGGTG
NZ_CP017174.1_gap79	3290197	3291883	1686	GCGCGAGCACCTTTGCCAGTGTGCCGGCCTGTCGCTTCACCAGCGGCACCAGGTAGCGGTACGGCCCGCGCCGCGATTGGCCCGGCTGGAAGTCCTCGGACGGCTCCATCAGCAGGGCCACGCCGGTGAAGCACTGGCTGAACTGCTCCATGGACACGCGGCGGCGGCCCTGGTCGGGGTCCACCACCTCGACCCAGCCGCGGCCCAGGCGTTCGAAGACGACGTAGTGCGTGAAGCGCCAGTGGAGGATGGTGGCCGGAGGCAGGAAGGGCAGCCGGTCCAGGTCCACGGAGATGGCGCGCACGCGCAGGCCCAGCTTCTGGGCCGCGGCCTTCAGCGACTTCGCGCTGGCGCCGTCGCGTCCGGGGCCCGTCAGCTCGCGCACCGCCTCCAGGCTCATTTCGCGGCCGTGGTAGGCCAGCACCATGGCCAGACAGGCGGCGCCGCAGTCCGTCATCGTCATCTGCCGCACTTCGGGCACGCGCTTGCGCAGGCCGAGTCGCCACCGGCGCTGGGGCTGCTGCGGAGCCTCGGCCGTCATGGCGACACGTTTCCTTCCGGGGCAATGAGCGCCGGCCACGCCAGGACACCGAGCGCCAGCGCGAGGCCAAAGATGAACAGGAGCGCGAACGTCCACCGCGTCCACCGGCCACCGATGCGCAGCAGGTCACCCTCGTCCTGCACGACGCGCTGGTAGTGCGCCAGGGCTTCCTTGCGGAAGATGGAGGGTCGGCCGTCGGTGGGTGGCTGCATCGCAGGGGACGTTAGCGCATGGGGGAGGGGACTGGCCTGGGACTGAGCCAGTCCCCCCAGGCTCGGTTCAGGACCGAGCCCTAACGCATTGTCATTAGAGGCAGTGATACGGCGGGCACGGCGTGCAGTAGTAGCTGCCGAACTGCTCGCAGGTGTCCGCGCCCGAGATGTTCTCCAGGACCTCGTCGCTCAACTCCAGCTCGGCGGCGGGGTTGGCGGGCAGGGACGCGCGCTCCTCCGACGACAGGCTGTTGAAGTACTCGGGGTCACGCCACGCACGGAGGATGTGTTCCTTCTTCTGGCTCATGACTTCTCCTGGACAGGAAAGGGGTTTGAATCAGAGACAGTGGTACGGCGGGCACGGCGTGCAGATGGCGCTGGACTGACCGGGCTTGCAGCCACAGCCGCCGGTGATGCTTTCCAGGACGTCGTCGCCCAGGTCCAGCTCGGCGGCGGGATTCGCGGGGAGCGCGGCGCGCTCCTCGGCGGTCAGGCTGTTGAAGTACTCGGGGTCACGCCACGCACGGAGGATGTGGTCCTTCTTCTGGCTCATGACTGCTCCTGGAATGGGCTGGGGAAACAACCTCCGCGGTGGCCAGCCCACCACCGTGGAAGAGGGGGATGATTCGAAGACGGCCTCGAATCAGAAGCAGTGCCGCGGCGGGCACGGCGTGCACTGGGGGCTGGACTGGCCGGGCAGGCAGAAGTCGCCGCCGGTGATGACCTCCAGGAGGTCGTCCCCCAACTCCAGCTCGGCGGCGGGGTTGGCGGGCAGGGATGCGCGCTCCTCCGACGACAGGCTGTTGAAGTACTCGGGGTCACGCCACGCGCGGAGGATGTGGTCCTTCTTCTGGCTCATGACTGCTCCTGGTCACGGCTGGAGGGACGGCCATCCGGGGTGCCCAGCCCTTCACCTCGGACGATTCGTGGAGG
NZ_CP017174.1_gap80	3405936	3407925	1989	CTGCGCACCATGATGGCGCCGCAGGTGTGGCACGGCGGAGCATCCGCCTGATTCAGCCAGGTGGACCGCTTCGAGGAGTTGGAGTCGGACCGCTGCACCGAAGCCGTCTGCGCGGGCAGGGCTTCCCGCTTCGGTTGCACGTCCACCCGGTCCAGCACCGCGTCCTCTTCCTCGCTCGGCAGGAACTTCAGCTCCAGCCAGCGGAAGATGTAGTCGGTGATGGACTTGGCGATGGGGATGTCCGGGTTGCCGGTGAAGCCGCTGGGCTCGAAGCGGGTGTGGCTGAGCTTGTCGACCAGCACCTTCATCGGCACGCCGTATTGGAGCGCCAGCGACACGCTGGTGGCGAAGCTGTCCATCAGCCCGCTCACCACCGAGCCTTCCTTCGCCATGACGATGAACAGCTCGCCCGGCAGGCCGTCCTCGTACATGCCCACCGTCAAGTAGCCCTCGTGGCCGCCGATGGAGAACTTGTGCGTGATGGAGCGGCGCTCGTCCGGCAGGCGCCGGCGGACCGCGCGGGGCTCCGGCTGGACGGCGGGGGCGGGCTCGGGGGCCACGGTGGATTTGGCGGCGCGCGTGTCCTTCACCGTCTCCTTCGACGTGTTCAGCGGCTGCGTCCGCTTGCACCCGTCGCGGTACACGGCGATGGCCTTGAGGCCGCGCTTCCACGCCTCCAGGTACGCCTTCTCGATGTCCTCCACCGTCGCGTCCGACGGCATGTTCACCGTCTTGGAGATGGCGCCGGAGAGGAACGGCTGGCAGGCCTCCATCATCTGGATGTGGCCCATCCAGTGGATGCTGCGCTCGCCCTGGGCCGGCTTGAAGGCGCAGTCGAACACCGGCAGGTGCTCGGGCTTCAGGTGCGGCGCGCCCTCGATGGTGTCCTGCTTGTCCAGGTAGCTGATGATGTCCTGGGACTGCGTCTGCGGGTAACCCAGCTTCTCCAGCGCCAGCGGCACCGTCTGGTTGACGATCTTCAGCATGCCGCCGCCCACCAGCTTCTTGTACTTGATGAGCGCGATGTCCGGCTCGATGCCGGTGGTGTCGCAGTCCATCATGAAGCCAATGGTCCCCGTGGGGGCCAGCACCGTCACCTGGCTGTTGCGGAAGCCGTGCTCCTCACCCAGCGCGAGCGCGCGGTCCCACGCGTCCTTCTGCGCGGCGAACAGGCCCTGGCTCACACCCTCCGGCGCGATGTGGTACGCGGCCTTGCGGTGCTTGCGGATGACGCCCAGCATCGGCTCCGCGTTCTTCGCGTAGCCAGCGAAGGGGCCCTGCTTCTCCGCCAGGCGGGCGCTCATCGCGTAGGCCTCGCCGCACATCAGCGAGGTAATCGCGCCGGCGTAGTTGCGGCCCGCGGGCGAGTCATACGGCAGGCCCGACGCCATCAACAGCGCGCCCAGGTTGGCGTAGCCCAGGCCCAGCGGCCGGTAGTCGTGGCTGTTCTTCTCGATGCGCTCGGTGGGGTAGCGGGAGTTGCCGACGATGATCTCCTGCGCCATCAGCAGGATGTCGACCGCGTGGCGGAACGCCGTCACGTCGAAGTCGCCGTCGATGGTGCGGAAGTGCATCAGGTTCAGGGACGCCAGGTTGCAGGCGGAGTCGTCCAGGAACATGTACTCCGAGCACGGATTGGACGCGTTGATGCGCGCCGTCGTCGAACACGTGTGCCAGCTGTTCACCGTGGTGTCGAACTGCATGCCCGGGTCGCCGCACAGGTGCGCGGCCTCGGAGATCTCCCGGAACAGCTCGCGCGCCTGGTAGGTGTCCAGCGGCTGGCCGTCGCGCACCGACCGCGTCGTCCAGGTGGCGTCATCCACCACCGCCTTCATGAACGCGTCGGTGACGCGCACCGAGTTGTTCGAGTTCTGGAAGAACACCGACGAGTACGCCTCGCCGTTGAAGGACGGGTCGTAGCCAGCCTCGATGAGCGCCCAGGCCTTCTTCTCCTCGGTCGACTTGCAGCGGATGAACTCGAGGATGTCC
NZ_CP017174.1_gap81	3412397	3413543	1146	CGCGCAGGGGCCACCAGGGGTTGGTGGTGGGTGTTGGATTGCAGCCGGGCCGTTGGCGGCTGCGAGCGCAAGTCCTGGCCAGTGTTCCGACCCGGCTTCGCGATGCCCGCACGGAGTTGACGTTGGGGCAGCACGCGGCGTCGGTGTGGGCGGGGCTTCCCTGGGCGGCGGCGGAACGACTGGATGTGGAGGCGGGATTCGGCGCGGGGGCGGTGGTCTTCACCCGCCGGACGCAAGCGCTGACGGAGGATGTGGAGGCGGCGCCTCCGGGCACGATGCTGGCCCTGCTCATGGGGCCCGAGCTCCGCACCCGGTGGCGGATGGGGGCGCGTGTCGGCCTGGAGACGAGTCTGGCCGCGGAGGTCCTGCTGGGCCGGCCCGAGCTTCGCTACGCCATCGATGGAAACTTCGTGTCTCGTGGTGCGGGTTGGGCCGTCCGCCCACGGCTGGGCCTGGCGATGGTGGTTTTTCTTTGAGCGCGGATGACCCGAATGGCCCGGTGCCGTCCTCCATGGCGGCAATGAGGAGCTCGGGCTCACACGCAGCGGACCCACGTCGTGCGGCGGAAGACCCTCGCATCCAAGCGGCCATCCAGGGCGAGCGCGAGGCAACCGGGGCGTTGTTGATGGAGCTGCTCCCCCGGGTCCGCAACCTCGTGCGCTACCTGGTGCGCGGGGATGTGGACGTGGAGGACATCGCCCAGGAGGCGCTCATCGCCCTGGTGCGAGGACTGCCGTCATACCGCGCCGAAGGCCGCTTCCAGTCCTGGGCGGACCGGGTGGTGGCTCGGACGGCGTTCGCATGGCTGAAGCGCTCCCGCGGCCGGGATGCCCAGCACGCGGATGCGCCGGTGGAACTGGTCGCGGTTCCCTCCGAGGATGCGCTGCCGGACGAGTATGTTCATCGCCGGCACATGGTGACACTCCTGGATCGGCTTTCGACTGAGCAGCGGCATGCACTGGTGTTGCATCACGTGCTGGAGTTGAGCGTGCCGGAGATTTCGACGGAGCTGGGCATTCCCTTCGAGACGGTGCGCAGCCGGCTCCGCTTGGGGCGGACGGCGCTGCGCTCGCTGGCGTCCGCGGAGGGTGACGGGGGGGAGGATCGGGGATGAGTGACTTCAGGGAAGAGGGGGATGACGCCCTG
NZ_CP017174.1_gap82	3568777	3571608	2831	ATATCTGGAGGGATACCCAAGCGGCCAAAGGGAGCAGACTGTAAATCTGCCGGCTCTACGCCTTCGATGGTTCGAATCCATCTCCCTCCACTCGGCAATTGCGGGAATAGCTCAGTTGGTAGAGCGTCAGCCTTCCAAGCTGAATGTCGTGGGTTCGAATCCCATTTCCCGCTCCAAATGTTGTAGTCACAGCATCGCCAAGCCCTGATAGCTCAGTTGGCAGAGCGCATCCTTGGTAAGGATGAGGTCACCAGTTCAATCCTGGTTCAGGGCTCCATTTATTTTTGAGGAGTGTCATGGCCAAGGAGAAGTTCGAGCGTAACAAGCCCCACGTGAACATCGGCACGATCGGACACGTGGACCACGGCAAGACGTCGCTGACGGCCGCCATCACCAAGGTGCTGGCGAAGACGGGCGGCGCCACGTTTCTGGCGTACGATCTGATTGACAAGGCGCCGGAGGAGCGTGAGCGCGGTATCACGATCTCCACCTCGCACGTGGAATATCAGACGGCGAGCCGGCACTATGCCCACGTCGACTGTCCGGGCCACGCCGACTACGTGAAGAACATGATCACGGGCGCGGCGCAGATGGACGGCGCCATCCTGGTGGTGTCGGCGGCGGACGGCCCGATGCCGCAGACCCGTGAGCACATCCTGCTGGCGCGCCAGGTCGGTGTTCCGTACATCGTGGTCTTCCTGAACAAGGTGGACATGCTGGACGACCCCGAGCTGCGCGAGCTCGTGGAGATGGAAGTCCGCGACCTGCTGAAGAAGTACGAGTTCCCTGGCGACGACATCCCCATCGTCCCGGGCTCGGCGCTCAAGGCGCTCGAGGGTGACACCAGCGACATCGGCGAGCCGGCCATCCTGAAGCTGATGGAGGCGGTGGACAGCTACATTCCGACGCCGCAGCGCGCGACGGACAAGCCCTTCCTGATGCCGGTGGAGGACGTGTTCTCCATCTCCGGCCGCGGCACGGTGGCCACGGGCCGCGTCGAGCGCGGTATCATCAAGGTCGGCGAGGAAGTGGAAGTCGTCGGTCTGCGGCCGACGCAGAAGACGGTTGTCACGGGCGTGGAGATGTTCCGCAAGCTGCTGGACATGGGCATGGCGGGCGACAACATCGGCGCGCTGGTGCGCGGACTGAAGCGCGAGGACATGGAGCGCGGTCAGGTGCTGGCCAAGCCGGGCAGCATCACCCCGCACACCAAGTTCAAGGCGCAGATCTACGTGCTCTCGAAGGAAGAGGGTGGTCGTCACACCCCGTTCTTCAAGGGGTACCGGCCGCAGTTCTACTTCCGCACCACGGACGTGACGGGCACGGTGAAGCTGCCGGAGAACGTCGAAATGGTGATGCCGGGCGACAACATTGCCATCGAGGTGGACCTCATCACCCCTGTGGCCATGGAGAAGGAGCTGCGCTTCGCTGTTCGCGAGGGTGGCCGCACCGTGGGCGCTGGCGTCGTGGCGGAAGTCATCGAGTAATGCCGGGTCGGCCGCAAGGCCGCCGGGCTCACTGTCCCGATTCCGAGGGGAGGGCTGCGTTGTGGTAGCCTTCCCTTCTCGTATCTGGTGAGGTAGGTCATGCCGAAGGGCAATCGTTCCATCATTTCGCTCGAGTGCACTGTGTGCAAGGAGCGGAACTACACGACCACGAAGAACAAGCGGAAGAGCCAGGACAAGCTTGAGCTGAGCAAGTTCTGTCCTCGTTGCCGCAAGCACCAGGACCACAAGGAAGGTAAGGTCTAGGTCGGTAGTTCAGGGAAGGTTCTAGGCCAGTAGCTCCAACGGTAGAGCAGCGGTCTCCAAATCCGCGTGTTGGGGGTTCGAATCCCTCCTGGCCTGCCAACTCTCAGTAGTCGCGGGGCCCCCGGTACCTGGAGGTGCCGGGGGTTCCTGTGTTTTCGCAGTTCCGCGAATTCGCATCCGCAGTACCTCGTGAGGCACCATGGCGACGGCATCAGAGGCCAGCCAGCAGGCTAACCGCTCGGCGATGGATCCGAAGCGGCTCGTGGTCATCTTCTATCTTCTCGTCGGCATCGTCCTGGCCCTCTTCCTGGAGCGCCTGCTCGGGTTGCTGTGGGCGAGGTTCAGCTGGAGCGACCCGGTCCTCATCGAGGGCTTGGACTGGAAGGTCTCCACCCTGGTGAGCTACGTGCTGTCCGTGGGATTGGCCGTGGGCGCGTACTTCCACCCGCGCACCCATGCGCTGTCCATCGACGTCGCTTCGGAGTTGATGAAGGTCACCTGGCCCACCTGGTCGGAGACCAAGGCGTCGACCATGGCCGTGGTCGTGGCGTCCCTGGTGGCCGCCGTCATCCTCTTCTGCATCGATACCGCCGCCTACAACCTGATGGTGGAGTGGCTGCCGGCCGTGTGGGGGAAGCTGTAATGGCGATGAAATGGTACGTGGTCCACACCTACTCGAACTTCGAGAACCAGGCGAAGAAGAGCCTGGAAGAGAAGGTTCGTCTGGAGGGCCTTCAGGACCAGTTCGGTGAAATCCTGATTCCGATGGAACAGGTCGTCGAAATGGTGAAGGGTGAGAAGAAGACCTCTCGCCGCAAGTTCTTCCCCGGCTACATCTTCGTGCAGATGGAGCTGAACGACCGGACGCTCCACCTGGTGAAGAACACGCCGAAGATCACCGGCTTTCCGGGAACGGCGCAGCACCAGAACCCGCTGCCCATCTCCGACCAGGAGGTTGCGCGGCTGACGTCCCAGATCTCCGAAGGCACGCTCAAGCCGAAGCCCAAGGTGCAGTTCGACGACGGCGACACGGTGCGCGTCATCGACGGTCCGTTCGCCAACTTCAACGGCACCGTGGAA
NZ_CP017174.1_gap83	3573610	3575376	1766	CAAGAACACGCTGGCGCGCCGTGCCGCGCAGGGCACGTCCGTGTCGGTCATCGCTGATGACTTCACGGGCCCCGTGGCCCTGTGCATCAGCTACGGCGACGTGGTGGCTCCCGCGAAGATCCTGGTCGAGTTCACGAAGGACATCGAGGACAAGATCAAGATCCGCACCGCCGTCGTCGAAGGCCGCAAGGTCGACGTCGCTGGCGTGAAGGCCCTGGCGAAGCTGCCGGGTCTGCCCGAGCTTCGCGCGCAGCTGCTGGGCGTCATCAGCCAGCCCGCGAGCAAGCTGGTTCGGACCATCGCGGCTCCGGGTTCGCAGCTCGCCCGAGTCGTCCAGGCCAACGCGGACAAGGCGCAGGGCTGAGAAGCCCTCATCTGTTCGAGAAGTTTTTCTACCGCAACCTCTCCGGCCGGAACTCTCCAAAGGGGAGTTGGCCGTTAGTCGAAACCAGAAGGACACATTTCAATGGCTGACCTGAACGCGATTGTTGACCAGCTCTCCTCTCTGACCGTCCTCGAGGCGGCCGAGCTCGTGAAGCAGCTCGAGAGCAAGTGGGGCGTTTCCGCCGCCGCCGTGGCCGTTGCCGCGGGCCCGGCCGCCGCCGCCGCTCCTGTCGAGGAGAAGACGGAGTTCACGGTGGTGCTGGCCAACGCCGGCGCCAACAAGATCAACGTCATCAAGGAGATCCGCGCGATCACCGGCCTGGGCCTGAAGGAGGCCAAGGACCTGGTCGAGGGCGCTCCGAAGAACGTCAAGGAAGGCGTCAACAAGGACGACGCCAAGAAGATCAAGGACCAGCTCACCGCGGCTGGTGCGACCGTCGACATCAAGTAGTTTCTACAGGGACTGTCCGGTTTTCCGGGAAATTTCGGGCAGCCTCCTGACCGGATGTGCAGGCCGGCGCTCCCTGAGTGGGGGCGCCGGCTTTGCCCATTTGACCGTTGCAAATTTCCCGGCGCCGCCGCGCGTTACTGAAGTTTGCCCGCCCGAGCAGTCGTCCCCGGAGCCAGAATGCCGACGCAGATCCAGAACAATTTCCGCGTGCGGAAGACCTTCGCGAAGATCGCGAAGATCATCGACATTCCCAATCTTATCAACATCCAGAAGCAGTCCTACGAGAAGTTCCTCCAGGCGGACATTGCCGCCGACAAGCGCGAGGACCTCGGTCTTCAGGGCGTCTTCAAGTCGGTGTTCCCCATCCGCGACTTCAACGAGACCTCCTCGCTGGAGTTCGTGAGCTACCACCTGGAGCGCCCGAAGTACGACGTGGATGAGTGCCACCAGCGTGGCATGACGTATTCGGCGCCCATCAAGGTCGTCGTGCGCCTGGTCGTGTGGGACAAGGACGAGGAGACCGGCGCCCAGTCCATCCGCGACGTGAAGGAGCAGGAGGTCTACTTCGGCGAAATCCCGCTGATGACCCAGAACGGCACCTTCATCATCAACGGTACCGAGCGCGTCGTCGTCAGCCAACTGCACCGCAGCCCGGGCGCCTTCTTCGACCACGACAAGGGCAAGAGCCACTCGTCTGGCAAGCTGCTCTACAACGCCCGCATCATTCCCTACCGCGGTTCGTGGATCGACTTCGAGTTCGACCACAAGGACCTGCTGTACGTTCGCATTGACCGCCGCCGCAAGCTGCCGGCCACGGTGCTCATCCGCGCGCTCGGCGCCGTCCCGGACACCGCGAAGAAGAACCCGCTGGAGTTCAAGGGCTCCACCGAGGAAATCCTCAACTACTACTACGCGACGGAGACGATCTACC
NZ_CP017174.1_gap84	3576922	3581136	4214	CACGAGCGAGGTCGACATCTACAACCTGCTCAAGTACCAGCGCTCCAACCAGAACACCTGCCTCAACCAGAAGCCCATCATCAGCAAGGGCGACCGGGTGACGAAGGGTGACGTCATCGCCGACGGTCCGGCGACGGAAACGGGCGAGCTGGCGCTGGGGCAGAACGTGGTCGTCGCGTTCATGCCGTGGCAGGGCTACAACTTCGAGGACTCCATCCTCATCAGCGAGCGCATCCTCAAGGACGACGTCTTCACGTCGATCCACATCGAGGAGTTCGAGTGCATCGCGCGCGACACCAAGCTGGGCAAGGAGGAGATCACCCGCGACATCCCGAACGTGGGTGAGGAGGCCCTCAAGGACCTCGACGAGAGCGGCATCATCCGCATCGGCGCCGAGGTGAAGCCCGGCGACGTGCTGGTGGGCAAGATCACCCCGAAGGGCGAAACGCAGCTGTCTCCCGAAGAGAAGCTGCTGCGCGCCATCTTCGGCGAGAAGGCCGGCGACGTGCGTGACAGCTCGCTGCGCGTCCCGCCGGGCGTGGTGGGCACCGTCATCAACGCCAAGGTGTTCAGCCGCAAGGGCGTGGAGAAGGACGAGCGCGCCAAGCAGATCGAGTCCATGGAGGAGGCGAAGCTCCTCAAGGACCAGAACGACGAGATCAAGGTCCTCCAGGACAGCGCGTTCGGCCGCATCCGCGGCCTGGTGCGCACCAAGGAGGTCCAGGGCAAGCTCGTGGACGACAAGGGGAAGATCCTCCTGAAGAAGGGGGACATCCTCGACGACGAGCTGCTGTCCACGGTGCCCTACAAGTACTGGGGTGAGATCTCCGTCGGCGACCCGCTGGACTCCCGCCTGCGCGACATCCTCCGCAACCTGGAGGAGACGAAGGAGGCCGTGAAGCTGGCCTTCGGCGAGAAGATCGCCCGCATCAAGAAGGGCGACGAGCTGCCGCCGGGCGTCATCAAGATGGTGAAGGTGTACGTCGCCATCAAGCGCAAGCTGGCCGTGGGCGACAAGATGGCCGGCCGCCACGGAAACAAGGGCGTCGTGTCCCGCATCCTCCCCGAGGAGGACATGCCGTACCTGGAGGACGGGCGTCCGGTGGACATCGTCCTCAACCCGCTGGGCGTGCCCTCGCGCATGAACATCGGGCAGATCCTCGAGACGCACCTGGGCTGGGCCGCCAAGGGCACCGGCGAAGCGCTGCAGCGCTACGTCGAGTCCAACTGGAGCTCGGACGCCATCAAGGAGCGCCTCAAGGTCATCTACAGCGACCCGGCGTTCGGCGAGTTCCTCGACAAGCTCGACGACGAGGAGATCAAGCAGCTGTGCCGCCGCTCCAAGCGGGGCATCCACGTCGCCACGCCCGTCTTCGACGGCGCGCAGGAGACGGAGATCCACGCCTTGCTGGACGAGGGTCAGCTGCCCCGCACGGGCCAGATGGTGCTCTTCGACGGGCGCACCGGTGAGCCGTTCGACCAGAACGTCACCGTGGGCGTCATGTACATGCTGAAGCTGCACCACCTGGTGGACGAGAAGATCCACGCCCGCTCCATCGGGCCCTACTCGCTCGTCACGCAGCAGCCCCTGGGCGGCAAGGCGCAGTTCGGCGGTCAGCGTCTGGGCGAGATGGAAGTCTGGGCGATGGAGGCCTACGGCGCGGCGTACACGCTGCAGGAGTTCCTCACCGTCAAGTCGGACGACGTGGTGGGCCGCACGCGCATGTACGAGGCCATCGTCAAGGGCGACAACGTCCTGGAGAGCGGCCTGCCCGAGTCGTTCAACGTGCTCCTCAAGGAACTCCAGTCGCTCGCGCTCGACGTGGAGTTGCTGGAGAGCGCCCCGCCGGAGCGGCAGCGCAGCTTCGGAGGCGACTTCCTCGGCGGTGGTGACGGCGAGGAGCGCAAGACGGGAACCGAGGCCTGATTGCACGGAGCGCCCGCCTGACCGGCCGCCCGCCGTCCCGAAAGGGGCGGGCGCGGCCGGAACGGGGCGGGGGCCCGAATCAGCTGGCGGCCCCCCTTGGAAGAGGGGGGCGCCCAACGAGATTTCGGAGGCAACGTGAAGGACATTTTCAACTTCTTCGAGAAGCCGAAGGACCCGCTGTCGTTCAACGCCATCCGCATTGCGCTGGCGTCGCCCGACAAGATTCGCCAGTGGTCCCATGGCGAGGTGAAGAAGCCGGAGACGATCAACTACCGCACGTTCAAGCCGGAGCGGGATGGGCTCTTCTGCGCCCGCATCTTCGGACCGGTGAAGGACTACGAGTGCAACTGCGGCAAGTACAAGCGCATGAAGCACCGCGGCGTGGTGTGCGAGAAGTGCGGCGTGGAGGTCATCCAGTCCAAGGTGCGCCGTGAGCGCCTGGGCCACATCACCCTGGCCACGCCGGTGGCCCACATCTGGTTCCTCAAGTCGCTGCCGAGCCGCATCGGCAACCTGCTCGACATCACGCTGAAGGAGCTGGAGAAGGTCCTCTACTGCGAGAGCTACATCGTCCTCGATCCGAAGGCGACGCCGCTGCAGAAGGGCGAGCTCATCAGCGAGGACAAGATGCACCGGCTCTACCAGGAGCACGGTGAGGACTCCTTCACCACGGGCATGGGCGGCGAGGCCGTCCGCGAGATGCTCAAGTCGCTGGACGTGGAGAAGCTGTCCGAAGAGCTGCGCAAGGACATGCGTGAGACCACCAGCGAGGCGAAGCGGAAGAAGTACGCCAAGCGCCTGAAGGTGGCCGAGGCGTTCCGCGTTTCCGGCAACAAGCCGGAGTGGATGATGCTGGACGTGATTCCGGTGATTCCGCCGGACCTGCGTCCGCTCGTTCCCCTGGACGGTGGCCGCTTCGCGACCTCCGACCTGAACGACCTGTACCGCCGCGTCATCAACCGCAACAACCGTCTGAAGCGCCTCCAGGAGCTGAACGCTCCGGACATCATCATCCGCAACGAGAAGCGGATGCTGCAGGAGGCCGTGGACGCGCTGTTCGACAACGGCCGTCGCGGCAAGACGATCACGGGCCCCAACAAGCGCCCGCTGAAGTCGCTGTCCGACATGCTCAAGGGCAAGCAGGGCCGGTTCCGCCAGAACCTGCTCGGCAAGCGCGTGGACTACTCGGGCCGCTCCGTCATCGTGGTGGGCCCCGAGCTGCGCCTGCACCAGTGCGGTCTGCCGAAGATCATGGCGCTCGAACTCTTCAAGCCGTTCATCTACAACAAGCTCGAAGAGAAGGGTTACGTCACCACCATCAAGTCCGCGAAGAAGATGGTGGAGAAGGAGCGTCCCGAGGTCTGGGACATCCTCGAGGACGTCATCCGCGAGCACCCGGTGCTCCTCAACCGCGCCCCCACGCTGCACCGTCTGGGCATGCAGGCCTTCGAGCCCGTGCTGATTGAAGGCAAGGCCATCCAGCTGCACCCGCTGGTGTGCGCCGCCTTCAACGCCGACTTCGACGGCGACCAGATGGCCGTGCACGTGCCGCTCTCCATCGAGGCTCAGATGGAGGCCCGCGTGCTGATGATGTCGACGAACAACATCCTCAGCCCCGCGAACGGCAAGCCCATCATCGTCCCGACGCAGGACATGGTGCTCGGCATCTACTACATGACCCGCGCCCGCGAATTCGCCAACGGCGAGGGCCGCGTGTTCGCCTCGCCGGACGAGGTGCGTGCCGCGTACGACCACGGCGAAGTGCACCTCCAGGCGAAGGTCGTCTGCCGCATCGACGGCAAGCGCAAGGAGACCACCGTCGGCCGCGTCCTCCTGTGGGAGGTCGTCCCGCGCGCGGTGGGCTTCGACGCCATCAACAAGGTGCTCGACAAGAAGTCGCTCGGCGGCCTCATCGACCTCTGCTACCGCCTCACGGGTGAGAAGGAGACGGTGCTCCTCGCGGACCGCGTGCGCAGCCTCGGCTACTACAACGCCACCCGCGCCGGTATCTCCATCGCGCTCAAGGACATGATCATCCCTGCGAAGAAGCAGGAGTTCCTGGACTTCGCGCGCAAGGAAGTGTCGGAGATCGAGAACCAGTACCTCGAGGGCCTCATCACCGACGGCGAGCGCTACAACAAGGTCATCGATATCTGGGCGGAGATCACCGAGAAGGTCGCCCAGGAGATGATGCAGCAGATCTCCCAGGAGGAGACGTCCGGGGACCGCGACGGCAAGCGCGAGACGCGCAAGCAGCCGTCCTTCAACCCCATCTACATCATGGCCG
NZ_CP017174.1_gap85	3604814	3607373	2559	GGGGGGATGGCGGAGCTGTTCCTGGCCTACACCTCGGGGCCTGGGGGATTTCGCAAGTTCGTCGCGGTGAAGCAGATTCTCCCGGACATCAAGAAGGACGAGCAATTCGTCCAGATGTTCCTGGACGAGGCGCGCATCACCGCGGCCTTCTCGCACGCGAACATCGGTCAGGTGTTCGACCTGGGCGAGGAGGGCGGCGAGCTGTACCTCGCCATGGAGTTCCTGCCCGGGCAGAACCTGGAGCAGGTGGTGAAGGCCTCCACGCGCCAGGGCTACCCGTTGCCGCTCGGCTTCGTCGGGCGGGTGATTCGGGATACCTGCCTGGGTCTGCACTACGCGCACCACTTCACGGACCCGTCGGGCCGGCCCGCGGTGGTGGTGCACCGCGACGTGTCTCCGAAGAACGTGATGCTCACCTACGACGGCGTCGTGAAGGTGATCGACTTCGGCATCGCCAAGGCGCGCGGACGGTTGGGCCGCACGCAGGTGGGGACGGTGAAGGGGACCAGTGGCTACATGTCCCCGGAGCAGGTGCGAGGCGTGGCCACCCTGGATGGCCGCAGTGACTTGTTCTCCGTGGGTGTCATGCTGCACGAACTGCTGAGTGGCCAGCGGTTGTTCAGCGGGCCGCACGAAGCGGCGGTGATGATGCAGATCGTGGAGGCCGACGTGCCTCCGCTGCGCGGCATCAACCCGGACGTCCCCGAAGCCTTGGAAGCCGTGGTGACGCGAGCGCTGTCCCGGGACGTGTCCCAGCGCTTCACCAACTGCCGGGAGATGGCGCGCGCCATTGAGGCGGCGCTCGGCTCGGAGCTCTTCGACGAGGACGGCATGACCGCCGTCATGGGCGACCTCTTCGCCGACAAGCGCCAGAAGACGCGCACGTTGTTGGAGCTGGCCAGCCGCGCGGAGGATGCCCGCGTCAGCGAGGCGGCGGGTGCCCTCCAGCAGGAGGACAGCGCCGACTCCGCCCCCACGTCGCAGGTACCGGCCCCGCGCGCCCGGCCTGGTTCGCCCTCGGCTCGGCCCTCGAGCGCGCCCAAGCCTGTGCCCCAGCGCCGTCCGGCGGAGGGCGGCGTGGCTTTGCGTGGCCCCTCAGTCGCCGGCAACGGGAGCGCGCCCAAGCCTGCCCCCCAGCGCCGGACCAGTGAGGCGGCTCCTCTATCTTCGCGCACACCGCGCGGAGGTCAGGACAGCGCGCCGGCCGCGCGTACACCTCGGCCGCGGCCCACTGCCCGGCAGGAGGCCCCGGCCGAGTCCGAATCCTTCGACGAGCCGAGCGATCTCCAGACGCAGCGCTTCCGTTCCCGGCCCCAGCGGCCCGGCGCGGACGGTGAGCGGGCCTCCGGACGGTCGGCGCGCCCCGAGACGTCCCGGGCCTCGGACACGCCGGTGGAGACGCCCGCCGCCCGTCCGCCGTCGCGCTGGGCCAGTCGGCTCTTCCTGCTCTTCCTGCTGGGAGGCCTCGGTTGGGCTGCGACGCTGCCCGCCGTGCGCGCGCAGCTCCGGCCGGGCCTCGAAGCCGCCAAGGCGTGGGTGAGCGCGGAGCTGAATCCGCCGCCGGCGGAGGACCCCGCGAACCAGCCCTGGCCACCGCAGCAGGCGGGCCCGCCGCCGGGCTTCCGTCGGGCCGAGCAGGAATCGGCACCTTCCGAGCCTTCCCAGGCTGTCGCCCAGGCCGAGCAGGCCGCTGGTGGCGAGGAGGCGGTGGAAGGCGCGCCTGAAGCCAAGGCTCCGACGAAGGCCCCGCCCGGGCGGAAGGTGAAGGAAGGCGCCTCTTCGCCGGCGCGGTGGGCGGCCACCTCCAAGGCAGAGGCCGAACCTGTCAGTGCCAAGGCCGCGCCGCCCGCGCAGGCCAGCCCACCTCCGCGTGAGCAGGCGCCTCGCGTGGCGGAGGCCCATCCAGCGGCCGAGCCCGTCACCACGGTGACGCAGGATCCCGAGGGAATGGCGGAGGTGTTGGACACCAGCACGGCGAAGGGGGCCGCGAAGGCGGGCCTGGGGTGGATGACCCTCTACACGGTGCCGCGGGCGGCCGTGTTCGACGGCGCCACGGAGCTGGGCACCACGCCCCTGAAGAAATTCCCGCTGCCCGTGGGGGTCTACCGCCTGCGCGTGGTGGACCCGACGGGGGTGGAGTCGGTGAGCCGGCTCCTGTCGGCTCCCATCAAGCCGGGCGAGGAGACGAAGATTCAAATCCGGCTGGCGGATCTCCCACCGTACAAGGAGTGAGCGCCGTCCTTGACGCTCCGGACCCCCGTCACTAGGGTCCGCGCGCTATGTATTTTCAGGACCTTATCTTCACGCTCCAGAAGCACTGGGCCGACCAGGGGTGCATCAACACGCAGCCCTACGATGTCGAGGTCGGCGCGGGCACGATGGCCCCGTACACCTTCCTGCGTGCCCTGGGCCCGGAACCCTGGAACGTGGCGTATGTGCAGCCCTCGCGGCGTCCCGCGGACGGCCGGTTCGGAGAGAATCCCAACCGCCTGTTCCAGCACCACCAGTTCCAGGTCATCCTCAAGCCGGCGCCGAAGAACGTCCAGGAGCTGTACCTGG
NZ_CP017174.1_gap86	3616969	3617538	569	TGGGGCCCACGGCACGGGCCGGCTTCTTCCCTTTCGGGGGCGGTTGCCGGCCCGTCGCCTTGCGGGCAAGCATGCAACCCGGTTCTCACGCTTTGAGGACGAAGGGGGGCTTGCTAGCATCCGTCCCCATGTTTCTCATCACCCTCGCGGAAAAGGGCGGCGGGACCGAGCAGCGCGAGTATCACAAGAATGAAGTCACCATCGGCCGTCTGCCGGGCAATGACATCATCCTCGCGAAGGGCAACGTCTCCAAGTACCACTCGCGAATCGTTGCCAAGGACGGGAAGTTCATCATCGTGGACATGAAGTCCACGAATGGCACGTTCGTGAACGGCAAGAAGATTGCCGCGCCCCAGGTTCTCAAGCCGACCGACCAGGTCTACATCGGCGACTACATTCTCAACGTCGAGGCGCTCGAGGACGAGGGCCCGGTGATGACCCGCGCGGGTCAGCCCGAAGAGGAGTACGACGACGAGCAGGGCGAGGAGCCCTACGAGGACGAGGAAGGGGCTTACGAAGAAGACGAGCCCTACGAGGAGGAGGAAGAAGAAGAAGCGCCGCCTCCCGCG
NZ_CP017174.1_gap87	3624553	3628674	4121	CTGGACTCCTCGCCCGCCAGCGTCCGGCCCAACTCGCGGATGAAGGGCTCCACCAGGTTGTCCAACTGGGTGGGCGCGCCCTGCGACGCGTCCGAATCGGGCGCCGCCAGCACCATCCGTCGCCACAGCGCGGAGATTCGATCCGGCTGCTGACGGAAGAACCGCGCCAGCACGGCTGCCTTACGTCCACGCTCGCTCATGTCCAGTGCCTTCCGCATCGCGTACGGAAGCCAAAGCAATCCATCGGCCAACGCCCCAGGGATAGGTCTCCCCAGTGAAATCAGCCATTTGCCTTGAAGGGATGGGCAGGCAGAGGAGCAGCACGCCCGTAGAAACTACAGGCCCCGCCCTGTAGTCATGTCAGGACGGAAAGGGCGGCGTTCAGTGGAGGGTGGGCTTCGGCGGCCGGCCGCCGGGGCCGTCCTCGTCGTCCAGTTCACCCGGAAGGTCGCCAATGGCGCTGTCCGCGGGCGCCTCGCCGTCCTGGGCCTCCAGGTGGGCTTCCGTGCCCTGTGAGCCCGCGGGCCAGTCCGGCCAGGTGGAGTCCCCGGCACTCACGGCGGTGCCCTGCGCCTGGGCTTGCGCGGCCTGGGCGGCCAGCAGACGCAGCGCGGCGTCCTCCGCGGCATCCTGGGCGGCCATCTCCGCCAGCTTCGCGGCGCGCTGCTGGCGGCGGCGGGCATAGGCGGCCACGCAGAGGAAGGACGCGCCCAGCCAGACGAGCGCGGAGCTGGTGGTGAGTGGGAGCCAGCCGTAGCGCGCGGCCAGGCCTTCACGCCAGTCCGTCTCCTCCACCAACAGCGAGGTGCGGAAGGCCTTGCCGAAGGCCGTCTCGAAGGGCTCGCCGCGCGCCACGCCGTCCACGAGCGCGGCCATGGCCTGGGGGCCGAACTTCGCCGACAGGTGCGCGACGAAGGCGGCGCTCTGCGCGTAGGCGATTTCCACGTCCGACGGCACGTCCGGCCAGGCCCGGTCGAGGTGCTCGAAGTGGAACACGCGCTCCTGGGTGACGGCCCGGAAGAGGGCGGAGTAGTGCGTCAGGGAGTAGCGCTCCCCGGTGACGTACTGCGCGACGCCTTCCTGGAACCAGCGGGGCCACGACGGGGCCAGCTGCCCCAGGGCCACGTGCGCCAGCTCGTGCCGGAGTGTCTGCTGGCCCTCCGGCTCGTGGAGGCTGAGCGCGTCCAGCAGGATGATTTGATGGGCGGGGTAGGCCAGCGCCACGGCCCAGCCCGGGGGCTTGCCGCCGGGCAGCGCCAGGGCCTCGAACTCCGTGCGGCCCACGCCCAGGCGAATCTCGGTGACGCCCGGCCAGTCCTTGCCGAGGATGGTGCCGAACCGGTCGCGGACGCCTTCAATCTGCCGGGACAGCTCGTGCGCGGCGGCGGTGGCGGCGGCGGTGTGGAGGATGCGGAAGCGCTTCGTCGTCACGTCCCCGCTGACCTGGGGCGGACGCGTCAGGGGCACCAGCGCGGCGTCATTCACGACGTCATGGGCGTGGGTGCCATGAGGGCCGCCCGGCTCCTGGGCCCAGGCCCCGGGAGCGGCGAGCAGCAGGAGCAGGACAAGCAGGTGGCGCATGTGCGGCGGCCTCACGTTCCCACTGACATAACAGCCTCGCCCCAGGTTGCAGCAACCTCACCGTGCGGCGCGGCGCGTCAGGAGTCGCCGTTGGCCTTCTTCTGGGACAGATACGCCACGTTGTCCTCGACGCGCGCGTAGTCGCGGTCCGCGAACGTGGGGCTCTTGAAGGTCTCCAGCAGCTTCTGGTGGGCATCCAACACGGAGCGGACCTGCGACTCGAACTGGGTGCGCTGGCGCTTCAGCTCGTTGATGTCCTCCACCACCTGCACCAGCCGCTGGTGGGCGCCGTGGACGATCTTCTCCGCCTGATGCTCGGCGTCCGCGATGATGATTTCCGCTTCCTTCTTCGCGGCGTCCTTCAGGTCCTCGCTGATGCGCTGGGCGGTGACCATGGTCTCCTGGAGGGTGCGCTCCCGTTCCTGGTGCTGCTCCACCTTGAACTGGGTGCGCTTCACTTCCTCCTTGAGCGCGATGTTCTCCTTCACCACCTCCTCGAATTCACCGGCGATGAGCTCGAGGTAGGCCTCCACCTCACGGCGAGAGAAGCCGCGCAGGGCCGTTTCGAACCGCTTCTGCCGGATGTCGAGCGGAGTGATTTTCATGACGCCGCAGTGTAGCGCAGGGGCGTCACATCTCCAGGAATCGGCCCTTGACCTGAGCGCCGGCGCTGGCGGGTGGTGCCCGCATGGCTGCCCGGCGGGCGGGCGTCAGCGGCGCGTCGCGTCCCACTGAGACACGACGGTGCGCGCGGCGTTCTGCACCCCCGCGGTGAGCCGCGAGTCGACGGCGGCGTCCTGGACGGCCCGGCGCGCGGTGGGCGTGCGCTGGAAGACGAGCCCGTTGAGCGCCTGGATTTTCAGCGCGTCCGGCAGCCGGGGGTGGCGCACCACGTTGGCCAGAATCTCCTCCGCCCGGGGGTGCTGGAACAGCGTGACGGCCCTCAGCGCCGCCTGCTGGATGCGGGGATTGGGGTCCCACAGGAGCGTGGCCAGCGCGTCCAGGGCGCGGGCATCTCCCAGCAGCGCCAGGTCTTCGATGGCGATGGCCCGAATCTCCTCCGGCGCGGGCCGCACCGCCCCCAGAAGGCCCCGCAGGAGGGCTGCGTCGTCCGTCGCGGGCGCCGGGGCGGCCTCCACCGGGGGCGTGGGCGCCGGACCCGAGGGGGCCGGGGCCTGGGCACGGGCGGCGGTGGCAAGGAGCAGGCCAGCGAGAAGCAGGGGACGCATGGAGGCCCTTCTAACCCGGGGCGGAGAGATTTTCTTGACGCGATCTCCCATCGTGGGACCTTCCCCGCGCTACAGGCGTGTTGCAAACGGGAGCAAGGTTCGATGAACGCGGCGGCAGCGAACTGGCAGACACTGGAAAACGTCGATGTGGAGTGCACCCACTGCGGCATCCGGATGACCCAGCAGCCGGGGACCCGGGTCCGCTACTTCCGGTGTTCCGGGTGCCACCGCTGGGTGTCCAGCGTGTACTCCGACGTCTTCCGGGCGGACGCGAAGGTGCGCACGCACCCCGTGAAGGACACCGGCGCCCAGGACGAGCAGTTCATCGAGGTCAAGGACCGGCTGGACCGGTGGCTGTCCGCGCTGGAAGAGCAGGACCCGTACCGGCTGCTGGGTGTGTCGCCGCTGGACTCGGCCGACACGGTCCGCGCGCGCTACCACGCGCTGGCCATGGAGCAGCACCCGGACCGCGGCGGCTCCGCTGAGAAGATGCGCGAGCTGAACGCGGCCTATGAGCGCATCCTCCGTCACCGCCAGCGCAAGCGTCAGGAGGCGCTGTCGGCCGGAACGCCCGTGGCCTCCGCGTCCGTCCTTCCCGCGCGCAGCAGGTAGGCCCAGAAGAGCGCCCCCAGGACCAGGCCTAGCCCCGCCTTCAGCCAGGTGGGGAACAAGTCCCCTGGGGAGACGTAGCCCTCCACCACGCCGATGAGGGCGAGGAAGGGCGCGCAGCCCAGCACCAGCTTCACCGCTTCCCGTCCGCGCACCGCCAGCGCCTGTCCCCGGGGCAGCTCCCCCGGGTCGATGAGCGCCTGGCCCACCATCAGTCCCGCCCCGCCAGCGATGACCAGGATGGACAGCTCCACCGGGCCGTGCGCGGCGATGAAGTCCAGCAATCCCCCCAGCATGCCCTCGCGGGCGCACAGCGCGCTGATGGCGCCGATATGCACCCCGTTGTTCACCAGCAGGAACAGCGTGCCCAGGCCGCCGGTGAGGCCCAGGGCGAAGGTGACAATGGTGACGGTGAGGTTGTTGGTCGCGATGCTGGACGCCACCGAGTTGGGCGGCGCCACCGACAGGATGTCATCCGTCCACATGCGGCCCTGAGCCACGTAGTGGCGCACGCCGGAGGGCACCAGCAGCTCGGCGCCCCGGGGCTCCCACAGCACCACCAGGGCGCCCAGCAGGATGCCCAGGATGAACAGCACGGCGCTGGCGCCCACGAAGCCACGCTCGCGGCGCAAGGTGGCGGGGAACTCGCGGCGGAAGAACTCCCGCACCGCGGGCCAGCGCTCGCGCGGCGGCTGGTAGATG
NZ_CP017174.1_gap88	3634221	3635408	1187	ACGTTGTGACGACTTCAACGGCACTCAGCGCGTCAGCGACACAGTGACCTTCGGCTCCTCGGGAGGCGGGTGCCACGCCAGGGGGCTGGGAGGCGGCGCGGCCTCTCGGACGAGCGGGCGGTGCCTCGCGATGAACGCCGCCGTGCTCTCCGGGCTGGCACATGCGGAGAGGATGAGCTCGGGCGTCACGAAGGCGGTGGCGATGGCGTCCGCGACCCGGGCGTCCTTGCTGCCAGCGGCCAGCAGGTCGATGACGTGCGGAGGCGGCGGCTGCAACAGCGCGTTGGTCCAATGCGTTGCCGGCGCGGTGGCGGCCCACGAGCCCGCTTCGGCCTGCCGACAGAAGACCTCGTCGAAGGGACGGTTCTCCGCCAGCGCGGTGACGATGTGCTCCGCCAGCGCGAAGGCGGAAGCAGACCCCGCGTTGGCGCCCTGACCCGCGACGGGGTCATTCGTCACGTGCGTGTCGCCCACCGCCATGACGAAGCGGCCACCCGAAAGAGGCGCCCAGCCCTGGCGCACCGTCGGCGTGAAGGAACCTTGCAGGTAGTCCATGGGACCTCGCACGCCGAAGCTCGACGGATCCACGCGCTCGTAGGTGGTGGGTGCGAAGCGGCGCAGGAAGTCCATCAGCATCGCCTCGAAGGCGCGCGGGTCTTCGTCGTAGCGCTGCGTGCTGAGCCGTGACAGCTCACTGCCGGGCAGCGCCTCGATGAGCACGCTGGGCACGCGCCCGTTCGCGGTGACGACCTGAGACTCGAAGATTTCGCCCTGACCGGGAATCAGGTTGGCATTCATCCCAATCGGCTCCTGCATGCGCACGCCCTTGAGCAGCGCGGCGAAGAGCATGCGCGGCGGCTGCGTGTGCGGCGACAGCTCGGGCACGCGGGGGAACAGGCGCGTCAGGCCATTGCGCCCGGTGGCGACCACCATCAGCGCGTGTTGCCGCGCCAGGCGCTCCAGTACGTCGACGTCCACGGGAAGCACCTCCAGCTTGCCGCCGCGCGCGACGAAGTCCTCCGCGAGGCGCGGCTGGTACTGCCGGTAGTCCACGAAGATGGAGGGGGAATCCAGGCGGCCCCGGAGGCTGAATGGGTGGGGCCCGCCGTTCACATGGATGCCGATATAGAACATGTCGGCGTTGGGGCCGCTCCAGTGGTCCACGCCCAGGACGCGCTCACGCATGC
NZ_CP017174.1_gap89	3647844	3649053	1209	AGCGCGCGTCCACCGCCTTCGCGCCCGGCTTGATGTCGCTGGACGTGTCCTCCTTCAGGTTGCACGTCTGCACGGGTTGCTTGCGCACCTGGGCGAGCCCCGCCATTCCCTTGCCGTGCGGCACGTGCTGGACGGCCGTCATCAACGGCGGCGGAATGTTGAGGGCGGCCACGAGGAAGAGGTCGTCTCCCCGCTGAAGGTGGACGGTGCCCGCGATGGCTCCGTGCTCGCTGGCGAACGACTCCAGCCACGACTGGTAGGACGCGTTCTTTTCGTTCATGGCGCGGAAAACTGTGCGCCCCGGCTTCGCCCGCAGTCAACGCGCCGCGGCCTCAAGTCGACGTTCGAACCCATCCTCCGTGAGACTGTTCAGCCCACGTCACTCCAATGTACTGGAGGGCACCCCGTACTCCCGCCCGTGCAGGATGTGGCGCGATGCTCCGCTGGAAGGCCGCAGGTCGATGAAGCCGCGCTCGCTTCGCTTCTATCTCGGGTTGCTCGCGCTCGGCCTGCTGGTGCCGCTCGTGCTCTTCGCGGCGGGGGCGGTGAACCGCTTCGCGGCGTCGCAGCGCGAGGCCCGGGCCCAGGGCATGCGTGAGACGGCCCGCGCGTTGGCGCTCGTCGTGGAACGCGAGCTGGGGCAGTCCGTCCGGGCGCTGGAGGTGCTGTCGCATTCGGCCCCGCTGGCGCAAGGCGACCTGAAGACCTTCCATGCCACCTGCCAGGCCGTGGTGGAGTCCCAGGCACAGTGGGGCTCGCTCGTCCTGCTGGATGTGGAGGGCCGGACGATGTTCACCACGGACCAGCCCTTCGGAACCGACCTGGCGGCGCTCGTGGATGAACGGCACTTCGTGCGCGAGGTCGTGAAGACGGGACGCGCGGTCATCTCCGACTTCCCCTACCAGCGCTTCCAGGGGCCGCCCACCGTGGTGGTCGCGATGCCGGTGCGGCGCCAGGGCGTGCTCGCGGGCGTGCTGGTGGCGACGTACGCCATGCAGCACTTCGACAAGCTCTGGGACGAACAGCGCATCCAGGGGGACTGGGTGGGCACGCTGGTGGACGAGGAGGGCGTCATCCTCTCGCGCAGCCGGGGCCGCGCCCGGTTCGTCGGAACGAAGGCCCGGCCCGAATACATCGAGAACATCCGCGTGGGCCGCGAGGGCTTCTTCGCGTCGCAGACGGTGGATGGGATGAAGTCGTTCGCGGCCT
NZ_CP017174.1_gap90	3651546	3652872	1326	GGCGCCGGGGGACAGCCGCCGCATCTACGTGGTGGAGCGAGGGGGACGGGTGCGCGTGTTCGACAAGGACGCCACGCCGCCCGTCAGCTCCGTGTTCGTCGACATCTCCAGGCAGGTGATCGTGGAGCATGACGAGACGGGCTTGCTCGGGATGGCCTTCCACCCGGCGTTCGCCACCAATGGCCAGGTGTTCCTCTCCTATGTCGGAAACACCGCCATGGGTGGTCTACGCTCGTTCATCGTCCGTTACCGCAGCCCGGATGGTGGGGCCACCCTGGACCCGGCGAGCGCGGAGGTCGTGCTCGAACAGGACCAGCCCTTCTCCACCCACAACGGCGGCCATCTCGCGTTCGGACCGGATGGCTTCCTCTACTTCGCCTACGGTGACGGCGGCGGACGCCTGGACCCGAACCGGACGGCCCAGAATCCGGAGCTCCTGCTGGGGAAGATGCTGCGGCTCGACGTGGACAGCGCGCGGCCATATGCCATTCCGCCGACCAACCCCTACGCCACCGCCGGCGGGCGAAAGGAAATCTACGCCACCGGCTTCCGCAACCCGTGGCGCTGGAGCTTCGACCGGAGCACGGGCGCGCTCTGGCTGGGCGACGTGGGCGAAAAGCTCCTCGAGGAGATCAACCGCGTCGAGCTGGGAGGCAACTACGGCTGGAGCATCCTGGAGGGCACCGAGTGCGCGCGCGGTAGCGGCTGCCGCGCCACCGGGTTGACGCCGCCCGTGGCCGTCTATGGCCGCACCGAAGGCGTCTCCGTCACCGGCGGCTACGTGTACCGCGGCACCGCCGTGCCGGCGCTCGCGGGCAAGTACGTCTTCGGTGACTTTGGCTCGGGCCGCATCTGGACGTTGCCAGGAGACGCCCTGCCGGGTGCGGCCGCGGTGCCCCAATTACTCGTCACCACGGCGCTCAGCATCTCCTCGTTCGCCGAGCTCAACGACGGCGAGCTGCTGGTGGTGGACTTCACGGGGGGAGGACTGCACCGCATCCACGCGTCTCTGCCTCCCGCACCGGGTGGCGAGGCGTTCCCCACACTGCTGTCCGCCACGGGCTGCGCGGACCCGACGAACCCGAACCTCCCCTCGGCGGGCCTCATCCCGTATGGCGTGAATGCCCCGCTGTGGTCGGACGGCGCGCAGAAGGAGCGGTTCATGGGCGTTCCAGACGGGGCGGTGATGACGGTGGGGCCGGAGGGCGTGCTGGACGCGCCCCCCGGCACCGTGACGGTGAAGACGTTCCTCCTGGGCGGGAAGCGTGTGGAGACGCGCCTCTTCATGCGCCATCCGGACGGCGTCTGGGCGGGCTACTCGTACGA
NZ_CP017174.1_gap91	3671584	3675078	3494	CAGCACGTCCGTCAGTCCGAAGGTCACCAGCACCTCGAGCAGGGCGGACTCGATGGCGGCCACGGACTCCGGCGTGGAGGACACCGGGTTGCATCCCAGCACCACGTCACCCACCGCGTATGAGAAGCCGTCGAACACCTGCCAGCGGATGTCGTCCACGTTGTCAGTGGGCGAGTTGGGCTGGATGCGCGCCCCCATGTAGCCCCGCGCGCCCACCTTGCTGCCCGGTAGCGGGTTGAACACCTTGCTTCCCAGCGCGATGAGCTCCGCGTCACTCATCAGCTTGACGACGCAGCCAATGGCGTCGCTGCCCAGCCCGGGGCTGATGGCATGAATGGCCGCCTCGTCGGACTCCAGCAGGAACCGCCTCAGCCGTCCCAACGTCCAGTCCGCCGTAAGCGCCGCGGCCTGCGGGTCCTCGGCCTCCAGGCTCAGCGCGTGCAACGCATCCTGGTGCAAAGGGTAGCGCCGCACGTCCGCCAGCCGCGTGTGCCCCAAGAGCCTGCGCGCATTCGCACGCGAGTTCTCATCCGCGGCGGCGACGCCCACGAGCGCGTCGCCTTCCTTGAAGGTATTGGCCGCGCCCAGCACCTGCTTGTAGAGCGTGTCGTCGAAGCCGCCCCGGAGCCGCTGGACGTAGCCGAAGACGTCCTCGCCCGACTTCACGTCTGGGATGTAGACGCCTCCCGGCGTGGGGGTGGACGTCGGTTTTCTCCGGCAGCCCAGGACGGAGGCGGCCGCGCCTCCCACCATCGCGGTCAGCACTGCGCGTCGGTGCAGCAGGAACCTCGGGTCCAGGTGCATGGTTCTCCCTCGCTCAGGACTCGCATGGCGGAAGGGAACACCCGTCTTCCCGCCGCGCACAAGCAGGGCCCGGGTGGTGCGGCGTGTCGCTGTAGGGCGCCCAACGGAGAGCTCCGGCCGGAGTCTGAGCACTTCCGCGAGGTTCGGACAGATGGCGCCCGTGCGGGCTGCGCGCGCATCCCTGGACGGGCGCTGCCGCTGCGCCTAGGGTCCGCGCGCATCCACTTCTCTTCCCCCCCGAGTGAGAACACCATGGTCTCGGACATCTTCAATCCGGCGCGCTGGAAGGCCGTCGAGGGCTTCAAGTTCAAGGACATCACCTTCCACCGCGCGGTGGACCAGGGCACGGTCCGCATCGCGTTCAACCGCCCCGAGGTCCGCAACGCCTTCCGGCCCCGCACCGTGGATGAGCTGTCCCGCGCGCTGGAGGCCACGCGCTTCATGACGGACGTGGGGTGCGTGCTGATCACGGGCAATGGGCCGTCGCCCAAGGATGGCGGCTGGGCCTTCTGCTCCGGCGGAGACCAGCGCATCCGCGGCAAGGACGGCTACAAGTACGAGGGCGAGGAGGGAGAGTCCGACCCCGCGCGCCTGGGCCGCCTCCACATCCTGGAGGTCCAGCGGCAGATTCGTTTCCTGCCCAAGGCCGTCATCGCCGTGGTGCCGGGCTGGGCCGTGGGCGGTGGGCACAGCCTCCACGTCGTCTGTGACATGACCATCGCCAGCAAGGAGCACGCGGTGTTCAAGCAGACGGACGCGGACGTGGCGTCGTTCGACGCGGGCTACGGTTCAGCGCTGCTGGCTCGGCAGATTGGTCAGAAGCGGGCGCGGGAGATCTTCTTCGTGGGCGCCAACTACTCGGCGGAGGAGGCCTTCCAGATGGGCATGGTCAACGCCGTGGTGCCCCATGCGCAGCTGGAGGAGTTCGCGCTGGAGTGGGCGGCGGAGATCAACACGAAGAGCCCCACGGCCATCAAGATGTTGAAGTACGCGTTCAACCTGCCCGACGACGGACTGGTGGGCCAGCAGCTCTTCGCGGGCGAGGCCACGCGCCTGGCCTACGGCACCGATGAGGCGCAGGAAGGCCGCGACGCCTTCGTCCAGAAGCGCAAGCGCGACTTCAAGCGCTTCCCCTGGTCGTACTGAACCCGCGGACGCCGAGGCGGCGCGGACGCCCTGGGAATACCCATCCAGGGTGATGGTCGGTGGAAGGGGCCTCGTGTTCTAGGCCTCTTCCATGCCGAACCCCTCCGCGTCCCTCCTCATCGTGCTCGTGAGCCTGTCGCTGGGCTGCGCCAGCGGCACCACGGGCGCTGTCAGCCGTCGCGAAGCCTCCACGCCCGCCACGGCGTGTCTCGACACCATCTCGTGTTGCCTCCAACGTCATCCGGCGCAGCCTGAGTTGTGCGGCCTCTCCGCCTCGGAAGCCGTCGTGTACCTGGCGGAAATCCAGGCCGTGGCGAAGGAGCACGAGGCGAGTCGGGACGTCGGCGCGAAGGCGGGATGGAAGCGGCGCTGCGTGGACACCCATGCCCGGTGCAAGGACGCGGGGAGGGGACGATGGGTGGGAGACTGCTACGCCTGTTTCGTCCGCTGTGAGCGCGAGCGGGAATGGCCCTACGACAGCTGCCACCGGCGATAGCGCCGTCACACCGGCGTCAGGCGCTGCCGACGATGTCCAGGATGACGGCGTAGTGCACGCCCGCCGCGGCCACGACGAGCAGGTGGAAGATTTCGTGGTAGCCGAAGACGGTGGGAATCGGGTCGGGCCAGCGGCGCGCATAGATGACCGCGCCCACGGTGTAGAGCACGCCGCCCAGCACGAGCCACGCGACGCGCCCGGAGCCAATCACCTCGGGTAGCCGCAGCATCACCGGCGCGGCCACGGCGCCCAGCGCGACGTAGAGCGCGGAGCGCAGCCCTCGCGAGGTGTGCACGCCCAGGAGCGTGAGGCCCGCGCCCGTCAGCGCGGCGATCCACATCAACCAGAGCAGATACAGGCTGGTGTCACCCGTGGTGTCCAGCGTGGCCATGGGCGTGAATGAGCCCGCGATGAGGATGTAGATGGCCGCGTGGTCGAAGCGCTGGATGCGCCGGTACGCGTCCATGCCCCAGGTGAAGCGGTGGTAGGTGGCGCTCACGCCGAACATCAGCACCAGGCTGCCACCGAACACGAGGTCGGCCAGGTACTGGGGGCCGCGCACCGGCATCAGCGCTAGTTGGATGCACCCGAGCAGCGCCGCCACGAAGGCCACGGCGTGGGAGACGCCTCGGAGCCGGGGCTTGACGCTCTCGATGAGGAGCAAGGTGTCAGTGCCATCTGGGGACGCCATGACCTGCTCGTAATCATCGCACGTCACCCTCGCGTCAGCGCGCGGTACATCCCGTCCAGCTTCTGACGCCCCGAGCGCCCGAGCGTCCAGCGGCGTACGGCCGCGGGTGCGAACCGGAAGACACCACCGCCGGTTCGCGGCCAGGCATATGCTCCGCGTCAGAACGCTGGTTTCATCACCACGGAATCTGACGAGCGCGTCACCGGGCCATGGAACACGGCCTCGATGTTGTTCCCATCCGGGGCCAGGACGAACCCCGGTCGACGAACAGTTCGTCGGCGGAGAGGTGGTGTGGACTCTCGCTGAAGAAGGGCACGCCCAACACGACCAGCACCGCGCGATAGAATTGCTTGCTGG
NZ_CP017174.1_gap92	3704656	3705181	525	GGATCTGGAGGCCCAGGTGGAGGTCGACGCCAGTCTGGTTGGAGACGAAGAAGTCTTCAATGGCAGGGCCGACGGCCTCCACCGAGGGGCCCTTCCGCACGGGTACCTGCACCGCACCCTCACGGAGGCTGACGTACTCGCCACGCTGGGTGAGGGAGTCGGGAAAGTCGAGCTCGATCTGCCCGGCGAAAGCGATCGACGGGGTGAGAGACAGCAGCGAGCCAGCCAGGAAACGCTTCACGTTCCTCGTCATGGACTACTCCTGTGTTGTTTGTGCGGGGTTGGCCGAAGCCAATTTCTTACTAGCACTGGTCTTGATTTAAATTCAAACATAAACGGACAAATCTGGCAATTCAGTGAATATGGATGATTGCGGCCCGGGCGTGGCGCACGTCATGGGATGTCAGACTAAGGGGTTTCCGCTGGGGCAAGACAGACTTGCGTCGCGGCATGTGCGCCGCATGCCCTGTTAGTTCCATGGGGCATGATGGCTTGTATGTACTGTGATTGGTCGCCTCGAAGGGC
NZ_CP017174.1_gap93	3718995	3721326	2331	AGCCGCTGGCCGTCTCACGGCGCACCCCCGTCGCATCCTCGATACGTCTCAGACTCCAACCCAACCGCCCCAGGGCGATGACCTGCTGCTTCTTCTCGTCGCTCAAGACGTTGCCCATCCCCCGGGCGGACTCCACGTCCTACCCGGGCGTCAACGTCTCGGCCCTCCCCATTGGCCGGTTTTCAGGGGACCTTCATTGGCTGGTTTTGGGTGACCACTGAGGAGAGAGCCTCCCGGAAGGCGGAGGAGGCACCCGCACGGGAGATTCGCCACGCGGTGCCAACCGAGGCGCGCCACTGCCCTGCGTGTGGCGGCGAGGACATGAAGCCACTGGGCAAGGGCCGCGCTTCGGTGCTGTACGAGTACGTGCCGGCGCGCTTCGAGAAGCAAGTGCACGTGCAGGAAGTGCTGGCGTGCGCGTGCGGCCGGGGCGTCGTCACCGCCCCGCCTCCGGCCAGAGTAGTGGACAGGGGCGAGTACGGCCCGGGCTTCATCGCGCATGTGGTGACGTCGAAGTGTGCCGACGCCATGCCGCTGCACCGGCTGGCCCAACGTGTTGAGCGCAGTGGCGTCCCCATGAGTCGCAGCACGCTGACGGACCTCTTCCACCAAGCCGCCTCGGTGCTGCTGCCGCTGTCGCAGCACCTGCTGCAATGCATTGCAGCCGCGGACGTGGTGTGGGCGGACGAGACGCCTCTGCGCGTGCTGGACGTGAAGAAGACGCGGCTGGGTTACCTCTGGACTTTCCTCACCCAGAACGAAGCCGGTGAGTGGCTCATTGGTTACCGCTTCAGCATGGGCCGGGCGAGCAGGACGCCCAAGGAAGTCCTGGGAGGTACCTCGGGTGCGCTCGTGGTGGACGCATACACCGGCTACAACGCGGTGACGCTGCCCCAGGGCCGGGTGCGCGTCGGCTGCTGGGCGCATTGCCGCCGCCGATTCTTCGACGCGCTGGCCACCGCGCCCGAAGCGCGCCATGCCATGGACCTCATCCTCGAACTCTACCGAGTGGAGGCCCAGGCGAGAGGCGCGGACGTGGTGCGCACCGCCGCCCACCGCGCTCTGCGCCAATTGCACAGCGCCCCCGTCCTCGCGCGACTGCACGTCTGGCTTGAAGAACAGACGCCGCGGCACCCACCCAAGAGTCCGCTGGGCCAGGCCATTTCCTATGCCCTCAAGCAGTGGGCGGCCCTCACGCGCTTCGTCGAGAATGAGCGCCTACCCCTGGACAACAACCGCGCGGAGGCGGCGCTGAGAAAGGCCGCCCTGGGGAGGAAGAATTTTCTCTTCGTCGGCCACGAGGCCGCGGGGGAGAACCTGGCCGGTCTCTACGCGCTGGTGGCCACCTGTGAGGCCAACCAAGTCAATCCCGAGGCATACCTCGCGGACGTCCTGCTGCGCGTTCAGACGCACCCCAACTCCCGCATCGACGAACTGCTGCCCCACGAGTGGAAGCGACGGCGTATCGCCGACCCGCCCAACTCACCTCTCCAGCTCTGCATCTGAACAACTCGCTCGTCGCGGCGCCCGCCGAACACGCTCCTCGTCCGCCTGCAACCTCTCGCGCCACATCACTGGCCGGACGGTTACTGCGCATGCTTGCCGGTGGGTTTTCGCTGGGGCCTTCCGAGCGGCGAATGCTCGCGCTCTACTTCGCGCTCGACACGGTGTGGGCGGGCGTCGAGGACGCGATTCGCGACATGGTGAACCCTGCCGTGCTGCGAGCGATGGTGACAAGCATGATTGGGGTGGCGCTCGTGATGCTGGTCGCGCCTGAGCCGATTACGAAGGTCATCGCGATTGCCCTGACGGCCTCGCTGATTGCCTACCTTGGGACGGGGCCGGTGTGGAATCTCGGGCAAGGGTTTCTGCGCTTGCTCGACGAGTCCCGGGATGCGGCGGGCTTCGCGGACCTGGAGCGGGCCGGGCATCGCTTCGGAAAGGTGCTGGGGGACAACGGGGCCCGCGTCCTGGTGATCGTCGCGCTGTCAGCGCTGGGGGGGAAGAGCGCGATGGCGTCACAGGGACCGAAGATGCCGGGCTTCGCTCAGGCGGCTTCCCGGGCGCAGCTTGAAGGGGCTTCCAGCTATCGGGCGCCCTGGCCGGGGAGGTTCAGGCGATCTCGATTTCGTCGGCTGGGGTGCTGAACGTGACGCTCGCACCGACAGCGGTTGCCGCGGTTGCGATGGGCGCAGGCGAAGGCACTGCCCCTGCCGTGGGAGTCGGAGGGCGGATTCAGGGCGACCCTGATGGCGAAATTCACCATATTTGCACTGACAAGAATGATAAATCCGACAGGACAGGTGGCCCGTGGACTCCTGTCTTTAGGGA
NZ_CP017174.1_gap94	3759497	3764050	4553	AGCTGCTGGAGAGCGAGCTGTTCGGCCACGAGCGCGGCGCCTTCACCGGCGCCACCGCCGAGAAGCCAGGCAAGTTCGAGCTGGCCGACCAGGGCACCATCTTCCTGGACGAGATTGGCGAAATGGCCATCCGGCTCCAGGCCAAGCTGCTCCAGGTGCTCCAGGACGAGGAGTTCTTCCGCGTCGGTGGCAAGAAGAGCGTGCGCGTGGACAGCCGCGTCGTCGTGGCCACCAACCGCGACCTGGAGAAGGAAATCGCGCTGGGCAACTTCCGCGAGGACCTCTTCTATCGCCTCAACGTGGTGGCCATCCGCCTGCCGGCGCTGCGCGAGCGCCGCGAGGACGTGGTGCCGCTGACGGACCACTTCCTCAAGAAGTACGGCCGCGGCTACCTCAGCGGCGTGTCCGAGCTGCCCACGGAGGTGCTGCACGCCTTCGCGGACTACGACTGGCCGGGCAACGTGCGCGAGCTGGAGAACATGGTCCGCCGGCTGTGCGTGCTGAAGGACCCGACGCTGGTGCTCGACGAGCTCCGGGCCGCGGTCCGCGCACCCGCGAGCGCGCCGTCCCTGCCCACGTCCTACGCGGGTGACGACGGTGGCCCCTTCGGCCGCGCGCACGACGAGGGCTTCCGCACGCCGCCGCCCGCCGTGCAGGTGCTGGAGATGCCGTCGCGCGGCGCCGCCTTCGGGCTGGCGTCCGTCGCGCCACTGGCTCCTTCCGCGCACGCGCCCATGGTGATGGAGTCCGCGAACGCGGTGGTGCCCGCGCCGCGCTACGTCAATCCCTTCGACGTGCCGCAGCCGCCGCCGCCGCCCGCGCCCACCGGGGAGCTGTCGCTGAAGGACATCGGCAAGCGGGCCGCGATGCTGGCCGAGCGCGAGGCGATTCTCGCCATGCTCCAACGCACCGCGTGGAACAAGCGGCGCGCGGCCACCAAGCTGCGCATCAGCTACAAGGCGCTCCTCTACAAAATCAAGGAGTGCGGCATCATCGACCCGCGCGCGAGCGCGGAGCTGTAGGCGAGCCGTAACCGTCGCTTGCACTGTCCCCGCGGTCTCGCTATCGCGGGGACATGACGCCTCCTCTCATCCTTCTGGGGTCTGGGTACACGCTCACGCGGCTCGCCGTGGCGGAGGCCCGCGCCGGGCGCGACGTGCTGGCGGCCACTCGCGACGCCGCGCGCCGTGCCGAACTTGAGCGCGCCGGGGCCCGCGTCACCGACCTGGAAGACGCGCTGACTCGCACAGCGGGGGCTCACGTCGTCGTCTCGGTGCCGCCCGACGCGGGGTTGGACACGCGCATCGCCTCGGCGCTGGCCGGCCAGGTTCCAGCGCGGCTCGTCTACCTGTCCTCCACCGGCGTCTATGGCCGCGCGCGGGGCCACGTGGACGAGGACACCCCGGTGGAGTTGTCCACGCCGTCGTCGCGCGAGCGCATCGAGGCGGAGTCGCGCTACCTGCCGCTGGGCGCCATGGTGATGCGCATCGCCGGCATCTACGGGCCCGGGCGCGGCATTCACACGCGCCTGCTGTCGGGGGCGCTCCGGCTGCCCGAAGGTGGCGGCGGACGCATCTCCCGCATCTACGTCGATGACCTGGTGGAGTCCATTCGCGTGGTGCTGACGCGCGGCGAGCCCGGCGCTTTGTACTGCGTCGCGGATGACCGCTCCGCGCCCACCGAGGAGCCGGTGGCCTGGCTCAGCCAGCGCCTGGGCGTGCCGATGCCGCCCCGCATTCCCCTGGAGCAGCTCAACGAGACAGTGAGAGGCGACCGCGACATCTCCAACGCGCGCCTGAAGTCGTTGGGCTGGGCACCGCGCTACCCGGACTTCATCTCGGGGTACACGGCGCTCCTGAAGGCGGAGGGCCACGGCGCCGGACCGACGCAGCTCGTCATCCGCAGGCTGGTGGCGGAGGACGCGGAGGCGTTCAAGGCGCTGCGGCTGCGGGGGCTGCGGGACAACCCGGAGTCCTTCGCGGCCTCGGTGGAGGAGGATTCGGCGCTGTCCCTGGAGGCCGTGCGCGGCTGGCTGGTGGGGGCGTCCCAGTGTGTCCTGGGCGCCTTTGACGGTGGGCAGCTCGTGGGCGCGCTGGGGCTGAAGCGCGAGTCCCGGGCCCGGCTGGCGCACAAGGCAGTGGTGTGGGGCATGTACGTGGCGCCGGAGGTCCGCTCGCGGGGCGTGGGCCGGCGGCTGCTGACCGCGCTCATCGACGAGGCGCGGAAGATGGGCGGCCTCAAGTGCCTGCTGCTCGCAGTTTCGGTGGGGAACGTGCCCGCGCACGCGCTGTACCGCTCGCTGGGGTTCCGGACCTATGGCGTGGAGCCCAACGCGCTGAAGGTGGGGGAGACGTTCCTCGACGAGGAGTTGATGGTCCTCACCCTGTGAGCCGAGGCGGGTGACAGATTCTTGAGGGGCCGGTGTTCCAGGAGACGCGCGAGGCCGGAGGCGGCAGGACACGGGAACCGAGGGCTTTTCGCCGCGCTGGAGACGCACTGCGCATGGCCCCTGGCACCCCTGACTGGCTTCTGGAGCGAATCATCCTGCGCGAGCTGCCGCCAGAGGCGCTGTCCGCCGCGCGAGCCCGGCTCGAGCGTGAGCCCGGTGGCGCCGCGAGGCTGGCCCGGCTGGAAGCGGACTCCCGCCAGACGCTGGCGCGTCATCCGCCCGCCGAAGTCGCCGCAGAGGTGGCCCGGCGCGAGCGCGAGTCCCAGGTCCGCACGGAGACAGCGCGGCGCGACAACTCGCAGGGGTGGCATGGGCTGTCACTCAGCGTCCCCGTGGCCGCCTCGCTGGCGCTGCTCTTCATGTCCGCGCCGGAGGAGCAGCCGGAGCCGCCCGAGTCACCGGTGCCGCTCATCGTGATGCTGGATACCGTGCGCATCAAGGGTGGGCCGCGCCTGCGGGTCCACCGCCAGGGCGCGGGCGAGCCGGAGTTGCTCGGTGAACAGGCCCGGGCGCGCCGCGGTGACGTCCTGCAACTCAGCTACGTGTCGGGTGGAAGCCGCCATGGTGTCGTGGTGTCGGTGGATGGGCGCGGCGCCGTGACGCTGCACCATCCCTCGATGCTGTCGGGAAGCACGGAGCTGGGCCCTGGCGAGGCGGTGCCGCTGGCCCATGCCTACGAGCTCGATGACGCACCGGACTTCGAGCGCTTCCTCTTCGTCACGTCCGATGCACCCTTGGAGGTGGCGTCGGTCCTGGAGGCGGCGCGCGCGCTTGCTCGGCAGCCCACCGACGCGCGCACCCTGCCGCTGCCACTTCCGGATACCCTGGGCCAGACGTCCTTCACGTTGGAAAAGGTGCGGTGATGACGCGGTCCCTCCTGTTTTCGCTCCTGCTCGTGCCCGCCCTGGCCGCCGCGGCTCCCGCGTCCTCGGCGCCGCAGGCGTCGGTGCGCCGCTTCGCGCTGCTGGTGGGCGTCAACGATGGGGGCGAGGGACGTGCCCGGCTCCGGTACGCCGTCACGGATGCGCGCTCGTTCGGCGACGTGCTGGAGGAGCTCGGAGGGGTGCAGCCGCAGGACAAGCTGCTGCTGATGGAGAGCGACCGCGCGGCGCTGGAGTCCGCCCTGGTTCGCTTCAAGGCGATGCTGGCGGCGGCGACCACGCCGGGCACGCGCATCGAGGCGCTCATCTACTATTCGGGCCACTCCGACGAGCAGGGGTTGCTCCTCCAGAAGGACCGCTTCGGCTACCGCGAGCTGCGCAAGGCGCTGGAGTCGCTTCCCGCCGACGTGCGCATCGCCATCCTGGATTCGTGCGCGTCCGGCACGCTGGCCCGCCAGAAGGGCGGAGTGCGGCGTCCAGCCTTCATGGTGGATGCGTCCTCCGCGGTGCGAGGCCATGCCATCCTCACGTCGTCTTCCGAGGACGAGGTGTCCCAGGAGTCCGACCGCATCGGCGGCTCGTTCTTCACCCACAACCTGGTGTCCGGCCTGCGCGGCGCGGCGGACGTCTCCGGGGACGGCCGGGTGACGCTGCACGAGGCCTACCAGTTCGCCTTCCACGAGACGCTGGCCCGCACGGAGGAGACGCGGGCCGGGGCGCAGCACCCCGCGTATGACATCGAGCTGGCGGGAACGGGCGACCTGGTGATGACGGACCTGCGCTCCACCGCCGCGGTGCTCGTCCTGGGGGACCTGGTGGATGGGCGGCTCTACGTCCGTGATTCCCAGGGACGCCTGGTCGTGGAGCTGAAGAAGTACGCGGGCCGCACCACCGAGCTGGGGTTGCAGAAGGGCCGTTACTCGGTGATGCGCAAGGTGCTGGACCAGACTTCGCAGGCGGAGTTCGAACTGGGGGAGGGCGGCCGTACGGTGCTGGCGGCCTCCGCCTTCCGTGCGGTGCAGGGGGAGCTGACGGCCATGCGCGGCGGTGGGCCCCTGCCTGAGACACTCTCCGCGGGCGCTGGCGTGTCGGAGGTCGCGGCGGCGAGCAGCGGTCGCCGGTCGCGCTTCGTCAACGTGGGCCTGTTCCCCGGCCTCCAGACGAATGACCTCATGACTTCCGGCGTGCCCGTGGACAACCACGTCTCCCTGTCCATGGGCGTG
NZ_CP017174.1_gap95	3798865	3802580	3715	TGAATAGGACAGCCGCGCGATGGGATGCCATGCCTTCGCCGCGAGCAATCGGCCCCACCACGCACCGACTCCGCGTGCGGCGAACCCGGCGAGCAGGAAGGCCGCGGCGCCGATGGCGAACACGGTGTGGTAGGCGCTCAGGTAGGTGATGCTGAACACGGCGGACCATTCGCTGCCGGGCAAGAAGACGGGCGGCGCGATGACCCACACCCAGCTTACGATGCCGACCGCGAGCAGGAGCACCGCACTCCAGGGAGTGTCCACCACCCACCGCCGGTAGGGGCCACGCATCAGCTCCGTGACGGCCACTCCGATGAGCAGGGCGCCGAAGCGGGTGTATGGCTTCACGTAGAACACGTCGTTGTATGACTCGAAGGGCTGTGGGGCGATGCGTTCGTGGATGATGATGGGCAACTCCACCCCGTGGCTCCGGATGAGCCACGCGCGGATGGCGATGCCCACCCCCGCGAGCGCCACCATCACCGCGAGGTTGCGTCGCGCCGACGTGCCGCACAGCAGCAGCAGCAGAGGAAAGAGGAGATAGAACTGCTCTTCAATCGCCAGGGACCATGCCCACTTCATGCACTGCTGGGCGGTGGGGATGAAGTTGTTGACGTAGAGCAGGTTGGCCCAGGCGAAGCGCCAGTTCTCGCCTGACAGCAAGCAGAAGAGCAGGAGCACCACGACATATGCGGGCATCAGCCGCAGCAGGCGGCGGGAGTAGAACTGGAGCAGGTTGATTTCACCCCGCGTCTCCAATTCGCGCACCAGCATCCCGCTGATGAGGAATCCGCTGATGACGAAGAACAGGTCGACGCCCAGGTCGCCGCGGATGAAGAAGGTGAACAGGGGATGGGTCGCGTGTTCGTTCACCACCGCCATCAGCGCGTCGCGCGGGATGAACATCCCGATGCACCAGATGCAGTGCAGGATGAACACCCAGATGATGGCGATGGCTCGCAGGCCATCCACCTGCTTGACGCGTGCCTCCCCTGGGTTCACCAGGGTCGCCAGGGCCTGTCTCAGACGGCCTGCCTCGATGCGCTCACCCATGTTGGTCTCGCTCACTGCACGTCTCGCAGAAGGTCGTCGACCTCTTGGTCGAATTCGTCTTCGGTCAGCCCCGCGATCTCCTGCACCAGCCGTTCGTCGTCGCGAGTGTCAGGCGGTGTGGCCCGGGTGGGAAGACTTGCTGGGGGCGCCTCGGTGGCTTCGCCCCAGATGGACTTCAGCAAGTGCGTCGCCAGCTCCGAGATGGTCGGACTGTCGAAGACCACCACCGAGGGGAGTTCGTGCGACAGCTCGCGCTGGAGACCGTCCTTCAGGTGCAGCGCCGCCAGCGAGTCGAGCCCCAGCTCGAAGAGGGCCCGCTCGGGGTGAATCTCGTTGGCGGCGCGGTTGCCAGGGAGCAGTTGCGCCGCCAGCCGCAGGATGAGGGCCGTGAGCGCCTCGCGCCGCTCGCCCGCGGGAAGTCCGTCGAGCATGCCGCGCGCGAGCGCGCCAGGGGCCTCCTCCCCGGCTCCGCCCAGCGCGGCCAGCCAGCCGAACCTGGACGTGCGGAGCAGGGTGGCCAGCTTGGACCAGGTGAACCGGCCGATGACGACTTGAGGCGCTGTGGCGTCCAGCAGCCAGGGCAGGCATTCGATGCCGCGCTCGGGGGCGATGAGCGACACGCCCCGGCGCTCCATTCCCTGCCGCTCACCGGCCTGGGCCATCAAGCCGGTGCCCGCCCAAGGGCCCCAGTTGATGCTGGTGGCGGGCAGCCCCGTAGCGCGTCGTTCAATGGCCAGCGCGTCCAGCCATGTGTTCGCCGCCGCGTAGTTGCTCTGTCCCGCCGAGCCCAGCACGGCGCTGGCCGAGGAGAATATCCAGAAGAAATCGAGCGCGTGGGTGCGCGTTGCCTGGTCCAGCCACAAGGCACCTTGCACCTTCGCGGCGAAGGCCCGGGAGAAGGACTCCCACGTGTGCTGCCGAATGAGCCCGTCCGCCAGCTCGGCCGCCGCGTGGATGACGCCACGCAGGGGCGGACCCTGGAGCTTCTTCACCAACGCGAGCACCTGCTCCCGGTCGGTGATGTCCGCCTGGAGGACATGGACCTGGAGCCCCTGGGCTCGCATGGCGTCGATTCGTGCCTGCTTCGCGGTGTCGGGGGCCCGGCGGCCCACCAGGGTGACATGTCCGGCCTTGGACCGGGCCATCCACTCGGCGACCAGGAGGCCGATGTCTCCGAGTCCTCCGGTGATGAGGTAGTGCCCGTCCTCGCGCAGCTCCACGGGGCCCGGGACCGCGGCGTCCCGAAGCGGCGCTGGCTGGAGGCGCAGGACCCAGCGCTCCCCCGCGCGCAGGCAGCGTTGATCCTCTCCCGCTTCCGTGCTCAGCGCGGAAAGGAGTGCGTCGACCTGCGCATCAAGCGGACCGTCGTCGAGGTCGAGCAGGCCGCCATACCGCTCCGGCATCTCCTGCGCTAGCGAACGGCCAAAGCCCCAGAGCGACGCCTGGGTCGAGTCCGGAACGCTCGATGCGTGCACCACTTGCTGGGCATTGCGGGTGACGAAGAGGATGCGAGCCTGTTGCTTCATTCCACCCAGCGCCTGGGCGAGTGACAGGGGGCCCGCGCAGGTCAACGCCATGGCGTCGGCGATGCGCCGCGCTGACTCGGGCCTGGTGGCGTCCAGGGCCCAGAGATAGACGGCGTGGGAGCACGCTTCGAGGGCGTGGGGCAGGACGCTTCCGGGAGCCGTGGGCGCGATGACGAACGTGGTGTCGTCGACGCGGTGTGACTGCTCGCCTGCGAGCACCTGCACCCATGGGATTCCGCGGGACGAGAGCGTGGCGCAGAGCTTTTCACCCAGGCCACCCGCGTCCGAGAAGACGGCCACTCGGCTGATGTCCTGGAGCTTCCGTGCCTCGCCCGCTCGTGGCGTCTCCTCACGAACCCACGTGGGCACGTAGGTCTCCAGCACGGAATCGGGCTGTTCGCCTGGGCCTGCCTCGGGGGCCTGCCGCAGTGACTTCACGCGGAAGCCCTCCACTTCCGCGATGCAGTCGCCCGCGGTGTTTCGCAGCAGGAGGTCACAGCTCCACACGCCCTGGGCCGGAGCCTCGGCGTTCCACTGGCCGAGCACCTCCGTGGGGCCTCGGGGCGTTCCCCGGAAACGGAGCCGTTTGACGCCGACGGGGACGAATGTTCCTCCCGACGAACCAGGAGGTTCGACCACCGCCAGGCCATGGAAGGCGGCGTCCAGCAGGGCAGGCGGGATGTCCTGACGTGTGTCGCTCACCGGCTTGAGCCACGCCTGGAAGCGGTGCGCGTCATGGCGCAGACGTTCGACGAGCGCGAACGCGGGGCCATAGTCGAGTCCTCGCGATTTCAGCAGGGCGTAGAAGTCCTTCATTCCCTCCGGACCGACCTGGGGTGCGCCCACGCCCGCGACGAACAGCGCTGGCATGGCGCTTCCGTTCCCCGATTCGACGGCGAGCGGGCCGCACTGGCCCTTCGCATGAAGACGGCTTCGTCCCTCTTCATCCTGGCTCGTGATGGTGAAGGTGCCTCCCTTCACGTCCACCTGGACGGTCGTCTCCCCCGAACCCATGGAGAGCATCTGGACGATGTCCACGTCACGGAGTTCAACGTCCATTGAACCCGAGGCGAGCATGCACGCGGCGCGGGCCATCTCGAAGTAGCCAGCGCCCGGAAAGACGACGCGTCCCTGGA
NZ_CP017174.1_gap96	3805254	3808577	3323	GTGGGGGCTGCTGCCGGCGCGACGTCACCCGCGGCCTGCTGGAGCGACTGGGCCAGGTCCCGGAGCGTGGGGTGGTCGAAGAACGTCGTCGCGGGCACCTTGCGCCCCAGCAGCCGCTCCAGCGCTCCCGAGAAGGCCAGCGCATCCACGGAGCTCAGCCCCAGGTGCGTGAAGGGCGTCTGCGCCGTCACGTGCGCGTCGGGGAGCCGGAGTTGGCGGGCCAGCCAGGCCCGGCCCCAGGACTCGATGGCGCGCCAGTGGAGCCCGTCCAGCTCCGGCGCCACCGCGGGCGCCGTGTCGACATCGCCGCCACGCGCGTTCTCCCAGGTGGCCAGCACGGACAGGTCGCCCCGCAGCCACGCCTCCTTGCTCTGGAGCCGTTGCAGCTTGCCGCTGGTGGTGCGCGGCAGGCTCCGCTTGGCGACCAGGACGAAGCGCGACAGCGTGAGCCCGTGCGACTCGCTGATGGCGCGCGCCACGGGAGCCGCGAGCTCTGTCACGTCCTCCGCGCCCGCGTCATCTGGCGCCTCCGCGAGCAGGACGATGCTGTTCTCCGTCTCACGCTCCGCGGAGATGGCCACGGTGCTGTCGTCCCGCAGCCGCGGCATGGCCGTCACCGCCGTGGACTCGATGTCCTGGGGATAGTGGTTCTCGCCGCGGATGATGATGAGCTCCTTGGCACGGCCGGTGATGAACAGCTCACCGTGGTCCAGGAAGCCCAGGTCGCCCGTGTCCAGGAACTTCGTGCCGTCGCCGCCCGCGAACTCGTTGTGGAACGTGGCCCGCGTGGCCTCGGGGTTTTCGTAATAGCCGGGGGACACCGAGGGACCGGCCACCCAGACATGCCCCACCTTGCCGGGCGGGCTGGGCTGGCGCGTGCGCGGGTCGACAATCTCCAGGCGCATCTCGTGGGGCCTCTCGCCATGGCTCGTCTTGCCGCAGCTCACGAGTTGCCGGCAGTGGGGGGACGTCTCCTCGACGGGTGTGACGGCGCCTCGTTCCAGCTCATCCCGGTGCAACGCGAGCACGCGGGAGCGCTGGCCCGTCGTCACGCGCAACGTGGATTCCGCCAGACCGAAGCCGCAGTCGAACACGTCATACGAGAAGCCCACGCCCTTGTAGGCGTCCGCGAAGGCGCGGAGCGTCTCGTATCGGATGGGCTCCGAGCCGGACACCGCGCAGCGCAGCGCGCTCAGGTCCAGGTCCTTGCGGTGCTCCGGCGCCACGTGCGTGACACAGCGCTGGTAGCCGAAGTTGGGGCTGCCCGTGTGCGTCGCGCGGTGCTCGGACAGGGCGCGCAACCAGGTCAGCGGGTCCTTGATGAAGGTCTCCGGCGCGAGCAGCACCGCCCGAGCGCCGCTCATCAGCACCGCGAAGAGCGTGAACACCATGCCGAAGTCATGGAACATCGGCAGCCAACTGACGACCAGGCCGTCCTCGGTCAGTCCCAGCGACTGCTGGATGTCCGTGGCGTTGAACAGCGCGTTGCGGTGGGTGATCATCACGCCCTTGGGCGCCGCCGTGCTCCCCGAGGTGTACTGGAGATAAGCGGTGTCACTGCTCCGCGCCGGTGGCGGTTCGCCCAGGGACGCATCCGGCGCGGTGGCCGGGAGCGCATCGCTGGCCACCCACTGCACGGTGGACCAGTCCGGCAGGCCGGACATGGGGCGCAGCAGGGGGAGCAGCTCGTTGCTCGTGAGCACCACCTGGGCCTTTGCGTTGGCTCGCGTGGTGGCGACACGCCGCACGTCGCTCTTGCCACGCGGCGGGCAGAGCGGAACGGGGATGCCACCGGCTTGGAGCACACCGAAGAAGCCGGCGATGAACTCCAGTCCAGAGGGGTAGAGCAGCAGCGCGGTCTCTCCGGGCTTCAGGCCGGGACGCAGCGCCGCGGCGATGGCCGTGGCGCGCTGATGCAGCGCACCGTAGGTCAACGTCGCCACCTTCTCGCCGCGTCCGTCGAGGAAGGAGAAGACTTCCCGGTCCGGTTGTGTCCGGGCCCGGTGTGACAGCAGTTCTTGCAAGGTCTCGAAGCTCATGGGCGTCTCCTCCTGGCGTCAGGACCGCAGGGCCGCCGACACGATGTTGTTCATCATCATCCGGAGCATCCCGCCGGCCGGGAGGCCAGCGTACCGCTGCTTGATGGACTCGGGCGCGGACAGCTTTCCCCACGCGAAGGCACTGAGCGCGTCCGTCACGCTGCTCCCGTCGAAGTGGTGCCGGGAGGGGTCGGTGAGCCCCAGCGCGGGCGACACAATCTGCGCGTGCTGAAGCCCCTGGACGATGAACCTCGTCGCGTCCTCGGAGCTCATCTCGCCGCGCTCCACGGCCTCGATGCTGGCCACGGACTCATCCCAGAGCTTCTTGTAGGCGGCATCGTCGGGGCAGAGCAGGCCCGGGTAGGGCACCTCGTCCATGCCATGGAAGACGCGCTCGTCCTGCGTCTCCTTGAACTGGAACTTGGCCTTGAGCAGCCGCAGGAAGTCCAGCGCCGCCTCGCCAACCACCCAGACGCGGAAGAAGGCATTCCAGAGCTCGAAGTCGCGGAACGCGATGAACGCGCTGTTGACCAGCTCGTCGTTGTGATTCAGCAGTCCCTGCTGCAGCCGGTTGAAGGTCTCGAAGCGGCTGACATCGAAGTCGTCGTCCTTGAGCGCTTCCAGGAGGCGCAGCGACAGCGAGTGCACCGACATCATCGTGCCGGCGAGCCCACGCGAGAAGAGCGGGTCGATGAAGCCGGCGGCATGGCCCAGCAGGCAGTAGCGATGCCCGATGGTCCGCTTCGACGAGTACTGGAGCCGGGGCACGGACACCCACTCGCGCACCGCGCGGGCGCCGACGAACTGCCGCTCGACGACGGGGTTCTCCTTGAGCCAGGCGTTGAATTCCTGCTCCGGCGTGATGCCCTCCGGCACGGGCCAGCGGCGCGGGTCCAGTTGGAGCCCCACGCTGCACAGCGGGTTGGTGGACCACTTGTGGTTGTTGAAGGGAATCACCCAGAGCCAGCCGCCGTCGAAGATGTGGTGCAGCGTGCACTGGAACCACGGCACGGGGGACGGCTTGCGCTCGGCACCCACGAGGACGTCGTCGAACGGCTTCACGCCAATCATGTGCGTGAAGATGGACCGCGAATGTGTCTTGCAACGGGTGGGCGTGTCCCGCAGCGCCTGCTGCCGAGCCACGGGCGAGTTGGGACCCGCGGCATCCACGAGGTAGCGGCAGGTGATGCGCTCGTTGCGCTCGCTCACCAGCGTGACCTTGTCCAGGCCCAGGTCGATGTCCTTGACGCGGAGCTGCTGCTTCAGGTCGCAGCCGTAGCGCAC
NZ_CP017174.1_gap97	3816321	3818798	2477	AGTGCAGGTGCGGGGGAATCTCGCGGTGGTGGAGCGAGAGGATGGTCTTGAGCAGCCCGGCGATTCCCGCCGCCGCCTCGGTGTGGCCGAAGTTCGTCTTCACCGAGCCCACGTAGAGCGCTTCCGCGGAGGCACGCTCCGGCCGGAGGACCTCGCCCAGGGCCTGGAGCTCTATCGGGTCCCCCAGGGGCGTGCCCGTGCCATGGGCCTCCACGTAGCCAATCTCACGCGGAGCCGTTCCCGCGCTCTCCAACGTGCGAGCAATCAGCGCGGCCTGCGCTGCGCCATTGGGCGCCGTCAGGCCGTTGCTGCGGCCGTCCTGGTTGGTACCCGAGCCGCGAATCACCGCGAAGACGCGGTCGGACGGCTGCACGTCCGACAGGCGCTTGAGCACGACGATGCCGCAGCCCTCACTGCGAACGTAGCCATCCGCACTGGCGTCGAAGGTCCGGCACCGGCCCGACGGTGAGAGCGCGCCCGTCTGGGCCAGGCAGACGCTCGTCTCGGTGGAGGCGATGAGGTTGACGCCCCCCGCCAGCGCGAGGTTGCACTCGCCCTGCCGCAGACTCTGACACGCGAGGTGGACGGACATCAGCGACGAGGAGCACGCGGTGTCGACGATGAGTGAGGGACCGCGCAGTCCCAGTTGGTAGGAGATGCGGCCACTGGCCACGTTCACCGCTGCGCCCGTCAGCGAGTACGCGTCCAGCGACGCGTTCGCCTTCAACATCGCGACGGGGTAGTCGTTGTTGCCCGCGATGCCCACGAAGACACCGGTGGCGCTCTTCTGGAGCCGGCCTGGAGGAATGCCCGCGTGTTCGAGCGCCTCCCAGCTCACCTGGAGCAGCAGCCGCTGCTGCGGGTCCATGCTGGCGGCTTCTCGCGGCGGAATGCCGAAGAAGCCGGCGTCGAAGCGGTCCACGCCGTCCAGGAAGGCGCCGTGGCGGCAGTAGCTCTTGCCCGGCACCCCCGGGTTCGGGTCATAGACTTCGTCGAACGGCCAGCGTTCGGGTGGGAGTTCGCCGACCGCATCCTGTCCATCGCGCAGGAAGGCCCAGTAGTCATTGGCGTCCCGGATGCCGCCGGGAAAACGGCAGGCCATGCCGACGACGGCGATGGGCTCGCGTTGCTGGGCGAGCACCCGGTTGAGCCGGGCCTTCGTCGCCTCCAACGCCATGAGGGCTCGCTCCAGCGTGCTGGCTTCTCCGTTGCTGCTCACGTCACGCATGTCGTGGGTTCCCCGCGTCGAGCTCATTCCCTGCCCAGCTCCAGACCTTCACCAATCAAGGCTTCAATCTGTTCCGGGGTCATTTGCCGCACGCGCTCCAGTGCCTCCTGGGCGCGCGGTGTTCCATGGGTGTCCGCGCTGGCCACCGGCGGTGCCGCCAGTCCGGTCGTTTCGAGCAGGACGTCGACCAGGCTCTCCACGGTGGGATGGTTGAAGAGCACCGGGAGCGCGAGCGTCTGGCCCAGCGCACTGGCCAGCGCGTTGCGCAGCTCGACGACCATCAGTGAGTCCATGCCGAACTCGCGCATGGGCTTGGACTCCGGCAGCGGCTCCGCTTCGTCCCATGCCAGTACCCGGCGCACCTGACTGACGACCAGGTCCTGAAGCAGCTCGCGTCGGCGCGCTCCGGCGGCCTGTTTCAGCCGCAGGCGGAGCGCGTTGGTATCCACCGGCACCTCCGCGGCCGTGTGCTCGCCCACGAGCTCCCATAGGAGTCCGCGCGCCATCCGGGGCCCGAGGCTCCGCCCCACCTGCTCCCAGTTCGCGGAGAGGACCACGACGCGCGCGTCCGGTGATGCGCCCAGCAGTGAGGCAAGCACGGCACAGGCCCGCTCCACCGGAAGCTGTTCGAGGCCTTGCCGCGCCAGCCTTCGGCGGCTGTCATCCCCCAGCTCCGCGGCCATGCCGGCTTCCGCCCAGGGGCCCCAGTTGATGCTGAGCGCTGGGAGCCCGAGGTCCTTGCGGTGTTCGGCCAGTGCATCGAGCCCCGCGTTCGCGGCGGCGTAGTTGGACTGCCCCTGAGGGCCGAGCAGCGCGGCCACGGACGAGAAGAGCACGAAGAAGTCCAGCGGCTGTTCTCGCGTCAGCGCATGCAGGTTCCAGGCGCCCACCCACTTGGGCGCGAACACCTTGTGGAAGCGTTCCCAGGACTGCTCCAGGAGGATGCCGTCATCCAGCACGCCGGCCGTATGGAGGATGCCGCCGAGCGCGGGGCCGTCACGAAGGCTGTCGAGGCCCTGCGACAACTCCTCCGCATTGGCGACGTCGCATCGCAGATAGCGGACCTGGACGTGCTCGTTTCGCAGCGAGTCCATCCAGTCCCGTGCCGAGCCGTCCGGTTCGCCGCGGCCCATGAGCACGAGGTGCCGCGCGCCCAGGGAGACCAGCGTCCGTGCGGTGCGCCGCCCCAGTGCGCCGAGGCCCCCCGTCACCAGGTAGCTCCGGTCGTCTCGCACGGTGGGGACCTGCG
NZ_CP017174.1_gap98	3824201	3824820	619	GCTCCACGACGGTGCGCTTCTGGGCGTCACTCAGGAGGATGTCCGCGACACAGCCCTCCGCGTCGGCCTTGTGCAGCCGGACGCGGCTCGTGACGGTGCCCGCGTAGCCGCGTGGCCAGAGTCGCAAGCGGTCAATCCGCGTGGGGCGCAGCGTGCCCCAGGTGTTGCCGTGGGGCGCCAGTGTCTTGAGGTGCTGGAGTGCCCGCCGCAGCGCGGTGCCCGGCATCACCCACGGCTCATCAGGGACGCTGTCGGAGGGGAGCCATGTGTCGGCCCCGGCGTCCGTCGGGGGCGCCTCCATTGGCTCCGCTTGCGCGAGCCCGCTCAGGCAGGACCGCCACGTACCCGCGCCGCCCCCGGTCCGGCCATGAACGGACAGCATGACGCGGTCCTGCTCGCCGGGCGCGAGGAGCGCCTGCAGGTGACGCAGGTCCGTGTCCGGCGCCGCGCTGGTGTCGAGCAGGGAGAGGCCCTCGGCGATCAGCGCCTTGCCCTCGTTCACCTCGCGGAGCGCCGCGGCCGTCAACTCCAGCGCCAGCCACGACGTCCAGCCTGCGTGGCCAGCATCGTCCCCGGCGCCCGCGAAGCGCTCCCGGAGCGTTCGGGTGAGCTCGGCCTG
NZ_CP017174.1_gap99	3994659	3996452	1793	CCGCCTCCGCCGTCGTCCGGCTGTCACCCGTGAGCATCACGAGGCGCAGCCCATCGGCCCGGAGCTGTTGAACGGCCTCGGGGGTGCTGGCCTTCACCGGGTCGGCCACGCCGAGCAGCCCGGCCGGCTTGCCGTCCACGGCGACGAACATCACCGTCTGCCCTTCTCGCCTCAGGGCCTCCGCCCTCTCCAGGAACGCCCCTGCCTCGATGCCGAGTCCCTCGAGCAGCCGGGCATTCCCGAGCGCCACCTGCGCACCATCCACACGCCCCGTCACGCCCTGGCCCGTCACGGACTTGAAGCCGTGCGTCTCAGTGAGGACGGCACCTCGTGCCTCTGCGCCCTTCACGATTGCGGACGCGAGCGGGTGCTCGCTCCCGCGCTCGATACTGCCGGCCAGGTGAAGCAGCCGCGCCTCGTCGAAACCGGGGGCGGCCACCACCGTGGTGAGGCTTGGCCTGCCCTCGGTGAGGGTGCCTGTCTTGTCGACGACGAGGGTGTCCACCTTCGCCAGTTCCTCGAGCGCCGCCGCGTCCCGGATGAGGACGCCGGCCTGCGCGCCACGCCCCATGCCCACCACGATGGAGATGGGCGTGGCCAGGCCCAGGGCACACGGGCACGCGATGATGAGGACGGCCACGGCGTTGACCAGCGCGTAGGCGAGCCGGGGCTCTGGTCCCCACATGCTCCAGATGAACGCCGTCAGGACGGCGATGACCACCACCGCGGGCACGAACCACCCGGAGACGGTGTCGGCCAGACGCTGGATGGGGGCCCGGCTGCGCTGGGCCTCGGCCACCCGCTGTACGATTTGAGCGAGGAGCGTGTCGCGGCCGACGCGCTCGGCCCGCATCACGAAGCCGCCGGTGCCGTTGACCGTCCCTCCTGTCACCCGGCTGCCAGGTGTCTTCTCGGAGGGAATCGGCTCACCCGTCACCATGGACTCGTCCACGGCGCTCTCGCCCTCCAGGACCAAGCCATCCACGGGCACCTTCTCGCCCGGTCGGACGCGGAGGCGGTCACTCACGTGGACCCCGTCCAGCGCCACGTCCTCTTCGCGCCCGTCCTCGCGCAGCAGCCGCGCCGTCTTCGGAGCCAGCCCGAGCAGCGCCTTCAAGGCTCCCGAGGTGGCATGGCGGGCCCGGAGCTCCAGCACCTGCCCCAGCAGCACCAGCGTGGTGATGACCGCCGCGGCCTCGAAGTACAAGGGCACGTGGCCACCGTGGCCGGTGAAGGCGTGGGGCAGGAGGCCGGGGAAGAAGGTGGCGAAGACGCTGAAGCCGTAGGCGGCGCCCGTCCCAAGGGCAATCAGCGTGAACATGTTGAGGTGCCGGTTGCGCACCGACGCCCAGCCCCGCTGGAAGAAGGGCCAGCCCCCCCACAACACCACGGGCGTCGCCAGGGCGAACTGCACCCAGGCCATGAGCGGCCCTGGGATGAGGCGCTGGATGGGCTGGCCCGGAATCATCTCGGACATGCCCAGTACGAACACAGGGAGCGAGAGGACGACGCTCACCCAGAAGCGCCGCCGCATGTCGAGGTACTCCGGGTCGGGCGCGTCCTCGAGGGTGATGGTCCGTGGCTCCAGGGCCATGCCGCAGATGGGGCACGCCCCCGGCTCGGGGCGCACGATTTGCGGGTGCATCGGGCAGACGTACTCGGTGCGCGTCTGGAGGACCGGCTGCTCGGGCTCGAGGGCCATTCCGCACTTGGGGCAGGTGCCGGGATGATCCTGCCGAACCTCCGGGTCCATCGGGCAGATGTACATGGTGCCCGCGGGGGCAGGCTCCGGT
NZ_CP017174.1_gap100	4038797	4040623	1826	GCACGAAGGCCAGCCGCGCATCGCCCGGGTCGGCCTCGAATGCGCGCTTGTAGGCCTCCAGCGTGCCCTCGGCGGGGCTGCGGTCCAGGTCCACCGCGGCGGACAGGCGGAGGGCCGTGGCCAGCCGCGGGTCATTCACACGGTCGGCGATGCGCTGGCGCAGCTCGGCGCGGCGCGGCCGGTCCGAGGCGCGGATGCGCTCCAGCAGCGTGAGGGCGGTGAGGTTGCCGGCGTCCAGCGCCAGCACGGCCTCGCAGCACTGGGCCGCGCGTGAGGGCTCCTGGAATCGGTCCAGGTACAGCCGCGCCAGCTTCAGGTACGCCGTCACCTTGGCCGCGGACGTGCTGCCCACCTGCGTCTCGCGGTCCAGGATGCCGACCAGCTCCTTCACGTTGTCTTGCGCCAGGTACAGCCGCTCCAGCGCGCGAAGCGTGGCGGCATGGGCCGGCGTCAGGCGCAGCACCTCTTGATACGTGTCGATGGCCAGCTCGGGCCGAAGGAGCTGCTCCTCCCAGATGGCCGCCGCCTGATACAGGGCGTTGGCGCGCTCCAGCGGGTCGGTGCGGTTGGCGGCCTCGGCGCGCAGCACCTCCACCAGGCTCTCCCACGCGGCCTGCGCGCGGTAGATGCGGGCCAGCGCGCGCAGCGCCGGGAAGTAGCTGGGCGCCAGCATCAGCGCCTCGTTGTACGAAGCGATGGCCTCGTTGTCCTGGTTCAGCCGCTGCTCGTACAACTCGCCAATCTTGTAGATGAGCGCGGCGGCCTGCTCGGTGGAGGCGGAGCTCTCCGACTCCGCCCGGTACATGTCCACCAGCTTCTCCCACCGGCCATCCTGCGCGTACAGCCGGCCCAGCGCCTTGAGCGCGGGGAGGTAGGACGGGGACAGCGCCAGCACGCGCTCATACGCGGAGATGGCGCCCGCGCGGTCCTTGAGGTTCTCGTCGAGAATCTCCGCGTTGCGGTGCAGCAGCGACAGCACCTGCTTGGTGTCACCCGCGAGCGACGCCTCCAGGTCGTGCGTCTCCAGCAGCTCGCGGAAGCGGCTGGCCCGCTCGTGGAGCCGCGCGAGGTTGCGGATGGTGGGCAGGTGGTCGGACGCCAGGTCGAGGATGCGCTTCATGCACTCGATGGCGTGGTCCAGGTCGCCCAGGCGGTCCTCGTACACCACCGCCATCTTGTTCAACGTGGTGATGAGCTGATCCCGGTCGCTCGTCTGGAGCAGGTCCTGCTCGTACATCGCCACCAGCTCCGCGAAGCGGCCCTGGCGCTCGTAGAGGCGCGTGAGGGCCTTCTGCGCGGGGAGGTAGCCCGGCTGCAACTGGAGGCAGGCGTTGTAGCGGGAGATGGCGTCCTCCTGCCGTCCCAGCCGCTCCTCCAGGATTTCGGCCGCCTTGTACATGCGCGCGGCCTTCTGCTTCGCGTCCTCGGCGGCGGCGACCTCCGCGTCGAAGACGGCGACCAGCCGCTCCCAGTCCTGCATGCGGTAGTAGAGCTTGCCCAGGCCCGCCAGCGCGGCCGCGTGGCCGGGGATGCGGGCGACGATGGCCTGATACCGCGCCGCCGCGTCCGACTCGCGCTTGAGGACCTCCTCGTACAGCGCCGCCAGCCGGAGGTTGGTGGCCACCAGCTCGCTCTCGTCGTTGAGCGAGCCCACGCGCGCCAGCAGCACGTCCGACAGCTCCTCGAAGCGGCCTTGCGTCTCGTAGATGCCGGCCAGCTCGCTCAGCACCAGCGGCTCGTTGGGGGACACCTGCCGCGCGGCGAGCAGCGCGGCCAGCGCGTCGTCCTTGCGGTCGTTGCGTTCGTAGACCTTGGCGATCTGCAGA
NZ_CP017174.1_gap101	4176338	4177070	732	AGGAGACGGACGTCAAGCTGGCCATCTCCCTCAACGCCAGCACCGACGAGCAGCGCAGCAAGACGATGCCCGTCAACCGCAAGTGGAACATCGCGGCCCTGTTGGACGCCTGCCGGAAGTTCCCGCTGCGTCAGGGCCGCCGCATCACCTTCGAGTACGTCCTCATCAAGGGCTTCAACGACGCGGACGAGGACGCGCACCGGCTCATCGAGCTGCTCAAGGGCATCCCGGTGAAGGTGAACTTGATCCCCTACAACGAGAATCCCGGTTTGGGGTTCCACACCACTGGCGAGGAGCGGGCGGAGGAATTCCGCGCGATCCTCGCGGACGGCCATGTCGCCGCCTACATCCGCAGGAACCGGGGCCGGGACATCGCCGGCGCCTGCGGGCAGCTCGCCAATCGCGGCGAGACACAAGCCGGGGCCGACAGTACGACATAAGGTCCCGAGCTTCCTTGACAATCCAGCGGGAGCGGCGTTAAGAGCGCCACCCCTTTCCTAAGACGTTTCCTGTTCGTTGGAGAGCATTCAATGGCCGTAGTCCTCCGTCTTGCCCGCGCGGGCGTCAAGAAGAAGCCGTACTACCACGTGGTCGCCACCGATTCCCGCAACCCCCGGGACGGCAAGTTCATCGAGGCCGTGGGCGCGTACGACCCGAACCAGGAGCCGCCGAAGGTGGAGTTCAACGAGGAGCGCCTCAACTACTGGCTGAAGACTGGCGCGACGCCGTCTG
NZ_CP017174.1_gap102	4202942	4207018	4076	AAGGCGGGGATTCGGGCGAGCGCCTCGGGCGGGAAGACGTATTGCTCACACACGAGGCTGGCGCGGCTCGCGCCTTCCTGGCTGCCAGTGAAGGGCCGCACCTCATGTTGGAGGTCGCCGCGGAAGTGCACCAGCAGGCCCTCTCGAGGGCGGATTTCACCCACGGGGGTGTCATTCTGGAGCAGGCGCAGCTCGCCGCCCTGGGCGCGCTCGGGGACCTGGAGATACAGCACACTCACGTGCCGGGGCGTCGCATCGGGGACGCCGCTGGGCTCCTGCAGTGTCGCGTCGATGTGTCGCCCCACGCCGCGCCCCGCATCGAGCAACAGGAGGTTGAGATAGAATGCATTGGGGACGGGCCGCTCCCGCCGCGAACCCCAGAGCCGCTCATGCCAAGGCAACAATCCTGTCGCACTTGCCGGGTCCAGCACGCGGCCCAGGTAGGGCACCAAAAAGGGGAAGCGGGCCTCCAACGTGGCGCGGCCCTCGTGCGTGAAGATGAAGGCAAACCCCCGGCTGGCCTGGAACGTCCCCATCAACGGACTGCGTGCCACGAAGCGCGAGCCGAGCAGGGCGGTCCGCAGCTCAAGAAGCGTGCTGCGGGGCAAGGCCTCTCGGCGGGTGATGTAAGCGCGCACGGGGAGACTCGGCCTTCAGGGTGAATGAGAGAACCGTAGCAGTTTTACAGCCTACCTTATAGGTTGCAGCCTTGCCGATGCTACTCAACTCCTTGGAGACGGACACATGAGCCAGCAACCTCGATCCTCTCACGCGCCTCCGCCCGCCGCTCTGCAGATGACGCAAATGGTCTATGGCTTCTGGGTTTCCCGAAGCCTTCAAATCATGGCGGAACTCGAGCTCGCGGATACCATCGGTGATACGCCCAAGACGGTGGAGGAGCTCGCCGAGGCCAGTGGGACTCATGCGCCCACGCTGCGCCGGCTGTTGCGGCTGCTCAGCGGCCTGGGCGTGCTCGTGAAGGATGAGTCCACGCAGCGCTGGGCCCTCACGGAGCTGGGCGGAATGCTTCGCAAGGACAACCCCGGCTCTGTGTATGGCTCGCTCCGGGCGCATGGACACATCCTGTCGTGGCAGGCGTGGGGAGACCTGGCCACCGCCTTGAAGACGGGCAAGCCCACGGTCGAGAAGTTCATGGGCGACACGTTCTTCAACTACATGACGACGCATCCCGACGTCGCCGCCATCTTCAATGGCAGCATGGCCGCGTACCAGACGCTGAACGCGCCCGCCGTGGTGAACGGATATGACTTCTCCTCCGCGCGCAGCATCGTCGACGTGGGCGGCGGTACGGGCATGCTGCTGACGCACATCCTCAAGGCCAATCCCGGCGTCCGCGGCACCGTCTTCGAAATGCCTCACGTGGCGGTGGAAGCCCGCGAGCGAATCGCCGAGCAGGGACTGTCGTCGCGGTGTGACGTCGTCGCCGGTGACTTCTTCGAGCGCATCGTTCCCGAAGGCAAGGACGTCTACATCCTGTCGCAGATCCTCCATGACTGGGATGACGAGCAGAGCCTGCGCATCCTCAAGTGCATCCGCGCGGCGATGCGTCCCGACTCGCGGTTGCTCATCGTGGAGACGGTGCTGCCCGGCGACAACGTGCCGCACTTCGGCAACCTCTACGACCTGGCCATGCTCGTGCTCGTGGGCGGCCGGGAGCGCACGGGGCCGGAGTACACGGCGCTCTTGGAGAAGGCGGGGCTGAGACTGTCCAACGTCTTCCCGACGACGATGCCGCCCAGCGTCGTCGAAGCCGTGGTGGCCTGAGCCACCACCGGTCGCCGTGAGGCGGGGGCTCACTGGTCCGCCCGCCTCCGGCGCTGCTGGGACGTGTCGAGCATGTTCAGCAGGGCCCAGGCACCTTCAGTAGGCGGCGCACCAGCGTGGCCTCGCGCCGGTCCCGAAGCTGCCTCCGTTGCTGTTTGCCGCTCTTGCCCGGGACGTCGAAGTACCTCTCGGGCCGGGTTGCTGGCCGGGGACTGGGCTGCCGGGCTGGTTCCGCTTGAGGGGCCATGCGCCTTGCGTAAGGGGAATCCCGCCCCCCCATGTGAGCCGTCCTCCTGTAGGCCTCAGGGGGGCCGCGCGGCAACGCAGGTGCTGCCCGGCCGACCGCCCAGGGACGGGGCAGAAAAGCGCAAGGTACGTTTTCGATGGGAATGACATTCGTTTAGAGTGGGGCGCAAGCCGTATGAGCGCCTTCCTCGACACCATTCTTGCCTTCCCGACCGCCATCTTCACCATCGTCCTCGGCGTGGTGATGACGTACTGGCTGTTCGTCATCGCGGGCGCGGTCGGCATCGACCTGTTCGATGGGGACATCACGCTGGAGTCGGGCGGCAAGGCGCTGAGCGGGGCCATCGAGGGGGGTGGCAAGGCATTGGGCGGGGCCATCGAGGGTGGTGGCAAGGCATTGGGCGGGGCCATCGAGGGGGGTGGCAAGGCATTGGGCGGCGCGAAGGCGCTGGGTGCCCATGATGCGGATTTCGACGTCGATGGTGGCGGAGTCCTGGCCGCCATGGGCTTCGCCGGCATCCCCATCACCGTGTCCGTGAGCTTCGTGGCGTTCATCGCCTGGTTCCTGTCGGTGATGAGCGCGCAGCCGCTGCACGAGGCGCTGGGCGGGGTGGTGCCGTCGTGGCTGCTGAGCAGCGGGCTGGGGCTGGCGTGTTTCGCGGCGGGAACGGTGACGGCGGGCTTCGCGGTCCGGCCCCTGCGGCCGGTGTTCGTGACCAAGCGCGCCCCGGGGCGCGACGCGCTGATGGGCCGCGTGTGCACCATCTCCAGCGGCAGCGTGACGGCCAAGACGGGCCACGCGACCTTCGAGGACGGCGGAGCGGGCGTCATCCTCAACGTCGTCTGCGCGAAGCCCAATGAACTCAAGCGAGGCCAGCCGGCGCTGATCCTCGCGTACGACGCCGAACGGCGCGTCTACGAAGTGGAGCCGGTCGACTGGCTGCTGCCGGAGGAGATGGAACAGCTCCAGGATCCGGCCCGCGCCGCGGCATTGGCTCGCGTGAAGGCACGAGGCTGAGTTTTACCGGTCGCGCCGAGGGGGCGACCGTCACATTCGACGCCGGAGGGCTTTTGCGGGGGACCTCCGGCGCCTGATACAAGGCCCGCTGTCATCATCAATCAGGAAATGGCCATGGACCCCATTACCGCGGTCGCTGCCGGCATCGGTGGCATCATCCTTCTCGGAGGCATCCTCCTCACCATCGTCCGGCTCTACCGGCAGGTGGACCAGGGCAAGGTGCTCATCGTCAACACGCTGAAGAACGAGCCGGTCGTCACCTTCACCGGCGCGGTGGTGTTCCCCATCATCAACCGGGCCGAGGTGATGGACATCTCCTTGAAGACGGTGGAAATCGACCGCCGTGGCAAGGAAGGCCTCATCTGCAGGGACAACATCCGGGGTGACATCAAGGTCACCTTCTTCGTCCGCGTGAACAAGACGCGCGAGGACGTGCTGAAGGTGGCGCAGACCATCGGCTGCGCGCGCGCCTCCGACCAGGAGACGCTGGAGAACCTCTTCGAGGCCAAGTTCTCCGAGGCCCTCAAGACGGTGGGCAAGAGCTTCGACTTCGAGGAGCTCTACACCAAGCGCGAGGAGATCAAGGACCAGGTCGTCAACGTCATCGGCCGTGACCTCAGCGGGTACATGCTGGAGGACTGCGCCATCGACTTCCTGGAGCAGACCCCGGTCGAGATGCTGGACAAGGACAACATCCTCGACGCGCAGGGCATCCGGAAGATCACCGAGCTGACGACGAAGCAGAACGTCTTCACCAACGAGCTGCGCCAGGACGAGCGCATGGCCGTCACCAAGCGCAACGTGGAGGCGGATGAGGCCATCTTCGCCCTCGAGCGTCAGCGTGAAGAGGCCGCCGCGAAGCAGAAGCGCGAGATCGACAGCATCCAGGCCCGCGAGACGGCCGAGGCCGAGCGCGTGAAGCAGGAGGAGTACGCCAAGGCCCAGCTGGCGCGCATCAAGGCCGAGGAAGAAATCAACATCAACGAGCAGAACAAGTCCCGGCAGATCGAGGTCGCGCAGAAGAACC
NZ_CP017174.1_gap103	4208372	4209311	939	TGCGGGGGTGGGGGTCTTCGCTTTTCCGGTGAACACTCATGGCAACTGACGGTGGCAAGGGCGCGGCGCCCGCGGGCGAGGCGGCGCTGGAAGGCGGCAGCTACGAGGTCATCCGTTCGCGGCTCCTGTCGCAGGCGGATGTGCTGGGCGCGAAGGCGACGGACCTCAACGGGCGGCGCAAGGCGCTCTTCGGTGGGACGGAGCTGGCCGTCATCGGCAACGAGCGGGTGCGCACCGAGCACAACTGCGTCCCGTGCGACATCGCCAGCGTCGGCAAGTACCTGCTCTTCGGCTACAACGTCTTCATCGGTCTGAAGCGGGAGACGTCGGTGTCCGACGTGTTCTCCCTGCACAAGTTCGAGAAGACGGCCGATGGGTACGACTTCTCCACCGTGCCCAACTCCGAGGCCGGCGGGTTCCTGGCGGACCCGCGCTTCGTGAAGGACTTCGGCGAACTCTACAAGTACTACAAGGACGCGAAGCTCCTTCAGATTCGCAAGCTGGACTCGCGCCTGCTGGCCATCTTCCAGACGGGCCAGTCGCTGCGCGACATCAAGGTCTTCCGCTTCAGCCTGGACCTGGAGGGCCGCGCCACCTACCTGGACAACCAGGGCGAGCGCGACCACGTCTTCCCGCCGTCGCACGACTTCGAGTGGACGGTGGCCACGCGGGACAACTACGTCACCGGCCAGCACCCGCACGTCAACGTGCTGGACCAGGTGTTCGTGGAGACGGTGAAGGGCGACCTCACCATCAAGGTGGAGGACAACACCTCCACCGGCATGGGCATCTACAGCGAGCCCGTGGACGACCCGGACCAGTCGCTGGACGACGCCGAGTTCGCCTGGGCCCAGGTGGGCACGCTCATCCTGCTGCGGGTGCTGCCGTTCCGGGAGAAGGCGCACCGCTACCTCGTCTTCAACTCGCGCACGCAGCACG
NZ_CP017174.1_gap104	4210327	4212638	2311	CGGACGGCCCACGGCCTGGAGGTCCTGGGCGAGGTCGTTGGCGGTCTGCAGGTCGGTGACCCGCTGGCCCGCGCTCGCATCCTGGAGGGCATCTCCGAGCTGTTCAGTCGCCTCAACCGCGTGCGCGCCAGCCTCGCGGCCAAGCGCAAGGAGCTGTCCGGCCGGGAGAAGCGCGCGGAGTTCGGCGCGCAGTTCAAGCTGCTGGGGCAGAGCATCGAAAGCTCGCTGTCGCAGGCGGACAGCCCGGAGCGCTGCGACGAGGCGATGTCCCGCCTCACCGTGCAGTTGGAGGAACTGGAGGGCCGCTTCGGCGAGTTCGACGAGTTCCTGGAGCAGATCACCCAGAAGCGCGAGGAGCTGCTGGAGGCCTTCGGCGCGCGCAAGCAGTCGCTGGTGGACGAGCGGCAGCGCCGCGCGCAGAGCCTCTTCGGCGCCGCGGAGCGCATCCTCCAGGGCGTGCAGCGCCGGGCCAAGTCCTTCAAGACGGACGACGAGCTCAACGGCTACTTCGCCTCCGACGCGATGATCCTCAAGCTGCGCCAGCTGGCCGACCAGCTGATGGAGCTTCAGGACAGTGTCCGCGCGGACGAGGTCCTGTCGCGCGTGAAGTCCGCCAAGCAGGACGCGCTGCGCGCCCTGCGGGACCGGCAGGACCTGTTCGCGGACGGCGACAACGTCATCAAGCTGGGGACGCACCGCTTCAACGTCAACACGCAGCCGCTGGACCTGACGTTGCTGCCGCGCGACGGCGAGCTGTACCTCCAGCTCACCGGTACGGACTACGCGCAGAAGGTGGATGACGCGGAGCTGCTCAAGTACCGCGACCTCTGGGACCAGCACCTGGCCTCCGAGTCGCCGGGGGTCTACCGCTCCGAGTACCTGGCGGGCTGCCTGCTGGCGGACGCGGAGGACGGCAAGCGTGGCCAGTCGCTGGACGCGCTGCACGAGGCGCTCATCAGCGGCACGCTGCTGGAGAAGGTGCGCGCGTACGCGGCCGACCGCTTCGACGAGGGCTACGAGCGCGGCGTCCATGACTCGGACGCGGTCTCCATCCTGGAGAAGTTGCTGGGGTTGCACCAGGGCGCTGGGCTGTTGCGCTTCGCGCCGGTGCCGCGGGCCTGGGCGGCGCTGTACTGGGCGTTCGACGCGGACGAGGCGGCCCGTACCGTGTTCCAGCGGCGCGCGCGCAGCCTGGCTCGGCTGCGCACCACCTTCGCGTCCGGCGGAAGCCTGGCCGAGGTGGGCGAATCACTGGGCGCACGCATCGCCGCGTTCCTCACCGCGCACGGCCTGGAGCACTCGCCAGCCGAGCCGCTGCAAGCGGGCCGTTATCTCGTCGAGGAACTGGGCGCGGAGCACCCGCGCTTCACCACCAGTGGCGAGGCGGTGGCGCTGCGGGACGCGTTCCTGCATGAGCTCGACCGGCACGGGACGCGGTCCGCGTTCGAGGACGACCTGCGCGGTCTGGAGAAGGATCTGGGCGCCCGGTTGGAGCTCGCCCGGGTGTGGCTGGACGGCTACCTCGCGCAGCGCGAGGGCGGTCCGGGGGATTCCGTCCATGTGGCGCTGGAGACGGCGGTGTTGCTGCTCACTGGCTCCAAGCTGGACCGTGAGACGGCGGGCGCGCTGACGGCCACCGAGGTCTCCGCGCTGCTGGGCAACCATTCGCGCATCCACGACCGGAAGCTGCCGCTGCGCCTGGACGAGTTCCTGGCCCGCCTGGGCGAGTTCCGGCAGGTGCGGGTGCCGCAGTACCAGGCCTACCGCGCGCTGCTGAGGGACTTGCTGGAGCGCGAGCGCCGCAAGCTGCGCCTGGAGGAGCTGACGCCGAAGGTGCTGTCGTCCTTCGTGCGCAACCGGCTCATCGACGAGGTGTACCTGCCGCTCATCGGCGCCAACCTGGCGAAGCAGCTGGGCGCGGCGGGCGAGGGCAAGCGCACGGACCGCATGGGCATGCTGCTGCTCATGTCGCCTCCGGGCTACGGCAAGACGACGCTGATGGAGTACGTCGCCAGCCGCCTGGGACTCACCTTCGTGAAGGTGAATGGCCCGGCGTTGGGTCACTCCGTGAAGTCGCTGGACCCGGCCGAGGCGCCCAACGCCACGTCCCGGCAGGAGGTGGAGCGCATCAACCTGTCCTTCGAGATGGGCAACAACGTGATGCTCTACCTCGACGACATCCAGCACACGGACCCGGAGCTGCTCCAGAAGTTCATCTCCCTGTGCGACGGCCAGCGCCGCGTGGAAGGCGTGTGGAACGGCCGGACGCGCACCTATGACCTCCGCGGCAAGAAGTTCTGCGTGGTCATGG
NZ_CP017174.1_gap105	4248959	4250006	1047	TTTCGTGCTCGTGTGTGCAGCACGCCGCGCGCGTGGACAGATCAACGAACACAACTCGATGCTTGTGCACGTTACCCGGTTCACCGATGTGCAGAAGGAGATCTTCGGCCAAGTGAAGCGTGCTCTTAAGGAAGTGCAGGACCACCTGGAGTTGGGGACGGCAGCGGGAGTTACAGGCCTTCACTCGGAGCTGCGTCGCCTCTGGGATGAGGACTTCGTTCCTACCACCCAATCCATCAATGATCTGTCGCTGCCAGTTCTTTCGTGGTCAAAGGTTTCGTTGCACCTCAAGGCCGCTGTCGCTGGCATCAAGGTCAAGCAGATCAATGGCACGGCTGGAGACGTGCTCGATTACGAAGAGCACCGCGCAACGGGGTTGAGCGTCATTGCGGTAGGGGGGGACAAACTCGCGCGCGGCCTGACCCTGGAAGGGCTCTCGGTAAGCTATTTCCTCCGCGCCTCGCGAATGTACGACACTCTCATGCAGATGGGCCGCTGGTTTGGCTACAGGCCCGGCTATCTGGATCTCTGCCGATTGTACATGACCGAGGAACTCGATGACTGGTTCCAGCACGTGACGATGGCCGGAGAAGAACTGCGTCAGGAGTTTGATCGGATGTCCGCCGTGGGTGGCTTTCCGGCCGACTATGGGCTCAAGGTTCGCTCCCACTCAACGTTGCTGATTACTTCTCCAGTCAAGATGAGGAACGGGGTTGATCTTATGATCTCGTTCGATGGAGATATCATCGAAACGACCAACTTCGACCCCCGGCGGGAGGTGCTGGAGCACAACTTGGCCAGCACGGTCAGGTTTCTTGAGAAGCTTGGCAGGCGTGCTCCAGGTTGGATTCAGTCTCGTCCGAGTGGGTCGGAGGAGTGGGAGACTTCCTACGTATGGCCAGAGGTGTCGGCTGAACAAGTCGCTGCGTTCTTAGCCACACTCCATGTGCCGCAAAGCTCTACAAAGGCTGTGGGGGTCTTGCTTTCCGAGTACATCAAGAAGCAGCTCTCCCAGAGTGAGTTGAGTCAGTGGACTGTGGTGCTGTT
NZ_CP017174.1_gap106	4449813	4450620	807	CCCCATCTTCGGGTGCACGGCCTTGTGGCCGCCTTCCGAGGCACCAATGGCCCAGGGGCTGCCCACGTCGTCGGCCGCCGCGGTGAGGCTGTTGTTCTTGCCCTTGCGCGCCGTGCGGCCAATGGGGTGGATGGGCGGGAGGTAGACGGTGTCGAAGCCGAGCTGCTGGATGTACGGCAGCCAGGCTTCCGCGTCCCGGAAGGTGGCGTGGGTGACGCCGTCGCGCTTCGCCGAACGCGGGAAGAATTCGTACCACGCGCTGAAGCGGGCCTTCTCCCGGTCCGCGAAGACCTCCAACACCTTGTCGTAGCGGCGGGCCAGTGAACGGTCCGGGTGGGTCGAGGCCACGTCGGCCAGCTCGGGCGCCAGGGCCACGGCGAGGAGGTCAGGGGAGGGGGCCTGTCGCAGCCGGACAGCCGCTTCGGTCAGCACCCGAGCGTCGTCCATCTGCTTCGCCGTGCGGGCTCGGGCGGCGGCGCCTTCCAGCAGGGCGGCGCCTTCCAGCAGCTCGCTGCGCACGTCGCGGCCCGCGTCGACCTTGCGCTTCAGCTCGGACGTCCAGGTCCGGAAGAGGTCTGGCCACGCTTCAATCGAGTATTCGTAGCGGCCGTTCCGAGCGAGGGGGAATTCGCCTTCCCACCGGTCATTGCCGAGGAAGCGCATGGGCACTTCCTCCCAGTCGGTCTGCTGGGACCGGGGCGTCACCTGGCGCCAGCGGATGACGGCGACGAGGACGTCATGGCCTTCCTTGAAGACATCGGCCTTGACGGTGCACCGCTCTCCCACGACGCGCTTCACGGCGTGACG
NZ_CP017174.1_gap107	4453339	4453906	567	GTCCGGCGCGTGCGGCAGCTCACCGCGGAGGTCCGTGCGTCCGCGAACAGCCGCTACGTGGAGCCCGTCCTGGTTCGAGGCCATGACGAGGTGGCCGAGCTGGCCCGCGCGTTCCAGGAGGCTCGCGCCGAAATCCAGTCCCAGCTCTCCCAGCAGGAGGCCCGGGAGCAGGCCCTGCGGGACTTCCTGGCCAACACCACGCACGACGTGATGACCCCGCTCACGGTGCTCCAGGGACACCTGTCGGGACTCCAGCAGCGGTTGAGCCGGGGGGAGCCCCTGGAGTCCTCCGTGGTCGGAGATGCGATGGGAGAGGCGCACTACATCGCGTCCCTGGTACACAACCTGGCGGCGGCGGCGCGGCTCGAAGCCGGACGGCCCCAGGTCCAGTGGGCCGAGGTGGACCTCAACGCCGCGGTGTCACGCGTCTTGGGCCGGCATCAGCCCATTGCCCGCCAGCAGCGAATCTCCCTGGAGAGCGGCGTGCCGGAGACCGCTGTCTGGGTCCACGGAGACGTGACGCTCATCGAGCAGGCCGTGAGCAACATCGTGTTCAACGGCATCCAC
NZ_CP017174.1_gap108	4455978	4460591	4613	GCTCAGCAGGCCACCGCGCCCCAGACGCAGGCGTGCCTGAGTGATCGGTGCGCGGATGCGTGCGCCGTCGTGCTTCCGCTGCCTCGCTCCGGTGCGCACCCCGCGCCCACCGTCCAGCAGCGCAGCCGTTCCACCAGCCCTGGCTCCGCTTCCCTGTAGGAGTTCCGCCCATGCGCCGTCCTTCCTGGAAGCTGTCCACCTGGGCCCTGCTGGGCTCCTTCACCGCTGGCTGCGGCGCCTCGCATTCCCACGTGACGTGGTCGGAGGACGCGCCTCACCCGAAGGAGGAGGTGTTCGTCGCCAGGCCTCCGCCGGAGCCGCCCGCGCCCAGCCCTACCTCGGACCCCAAGGCCTTCGCCGCCCGGTACGCCAACCCGGCGGTGTGTGAAGCCGCCGCGCGGCGGCTCCAGCGGGCTTCACGGGATGAGGCGTGGGATGGCCTGAAGGCCTGCATCGAGCACACGCCCTTCACCCAGCTCAACGCGCTGCTGGGACGTGCCTGGGCGCGGGACCTGAGCGTCCGTCCCGAAGGCGCCAGGCTCATTGCCCGTGTGGTGGCCCAGCGCGGTGGCAGCGTGACGGGGGAGCTGCGCTACCTCCAGGAGAAGCAGATCCCCATCTTCTCACTGGCCTCCGCCATGGACCGGCCGGACACGTACAAGGGCCGCTACGTGCTGCTGCGCGCGCAGGTCGCGGACCAGCGTTCGGAAGGTGAGCGCCCCACGGTGTGGCTGGTGGAGCAGGCCCTCAGCTCCGTCCAGACGGACGAGGTCGTGGGCTATGGCGAGCGCATCGACTCCGTCACCGCGTACTCGGGTGACCTGGCCGGCCAGTCCGTGCTCACGGGGCCGGGGCAGATGGGGGGAACGGTGAGCACGTCGGAGCGCTCCGGCCGCAACACCACGCGGCGCTTCGTGGAGAACATCTCCGATGAAACGGGCCGCGAGGCACTCGGCCGTCTGGCGAGCGCCGACCCGTTCCTGGAGACCCGGCGCGACTACGTCATCCTCGCGCGTTTCGACGGCGTCCGCCTCACGTCGGGCGGCGCGGAGACGGATGATGAGGCGCCGCGCATCCCGGTGCTGACCATCGTCAGCTACCACGCACCGCAGGCGCTCGTCGTCTACTGAGCCGCCTTCGACGTGGGCTCTCCGCTGGATGACGCGGAAAAAAAACGAGGCGCCGGGAAACTTGCCCCGACGCCTCGCCCTGGGAACCGACCCCGCGCCAGTCCCCACGTAACCGTGTGCAGGTCGCGCCCGCGCTACTGCTGGGTCGCACCCGTAATCGTGAAGTGATTCGCCACGTCGCGGCCCGAACCCACTTCCACCGTCACCGGATGGTCGGGCGCGGTGGAGGCGCTGACGAAGGAGGGCGGCTCGAGGTGCACCGTGAAGGTGCCCGGAATGAGGAACTTGAAGACCGCCTCGTAGGTGCCGTCGCCGTCCTCGTCGGTCAGCGCCAGCCGCTCACGGCTGCCCGCCTCGTTCGTCATCACCGCGTTGAAGTCGCCCAGCGTCACCTGGTGGCCGTCCACCACGGGCAGCGTCACCGTGGCGGCTGTGTCCGCCGTCACGCGGATGCTGCCGGAGGCCGTCACCTCGGCGGACTTGATGACCGGACGCATCACCCACTTGCCCGAGTTGCCCGCTTCCTTGCCAAAGCTCTGGCCGACGTCGAAGTCCACGAGCAGCACCTTCTGCTCGCCTTCGATGGTCAGCTTCTCGGAGAACTTCACCTTCAGCCCGGACGTGCCGTAGCTGGGCATGTGGAGCTGGCCGCCCACCTGCGTGCCCGCGGGCAGGCCGGAGTAGTCGGCTGACGACGCGAACACGGTCGACGCGCCGTCCTCATTCGCCACCTCGATGTAGCCACCGGTGATGACGAAGCGAAGCTCGGAGTAGTCGCCATTGGGGACCACCGCGTCAGACACCAGTTCGGACGTGGAGTTGGCGAGCTCCAGCAGGCTCACGGTGACGGGGGTATCGCGCAGCACCACGCGACCACCTTTGCCGTCGCCGCCTTGCAGATAGATTTCGGAGATGGTGACGACCGCGGTTCGGATGTCGTCTCCCGGCGCGTCGGTCAGCAGCAGGGTGACCTTTCCCTCATTGCCGCCACACGCCATCAGCGGGAGCAGGGCGATGGGCAGCAGGGCCAACAGGGTCGAGCGCAGGCGCGAGCGAAGAGTCATGGTCGGCACGTCCCGGAATAGGGCCCGCTGGAATACCGGGCCGTTCGACACGTAATGACCCGGCCCGGAAACAACCGGCCACGCGAACCTGCTCACGTCGCCGCGAAAGCAGGGGGCCCGGAGGCCCACACCCACTCACGCCGGTGACGTGTCCAGGCCGTGCTTGCGCAGCAGCTTGCGCAGGTACACGCGGTCGATGCCCGCCTCGCGGGCCGCGCGGGACACGTTGCCCTCGCAGCGGTCGATGAGGGCGCGCAGGTAGTCGCGCTCGAAGCCTTCGATGATGCGGTCCTTGGCTTCCTTGAAGGGGAGGTCCAGGGAGATGGGGCGCGTGCTCTCCGGGTCGTCCGAAGGCGGCGGCAGGGTGGTGGGGTCCTCGGCGTGGGAAGGCAGGTCCGGGATGTCCGGCAGGGCCTCGTCGCCCAGGTTCACCACCCGGTCCACCACGTTGCGCAGCTCGCGCACGTTGCCCGGCCACGGGTACTGCGCGAGCAGGGCGCGCGTCTGGTCCGACAGCGCGCTGGGAGGACGCCCCATCCGCTGCAGCACCGTGTCGACGAGCAGCGGCACGTCTTCCAGTCGCTCCCGCAGCGGCGGAAGGCCGACGCGGAGCACCGCGAGCCGGTGGAAGAGGTCTCCACGGAAGCGCCCGGCCTGCACCGAGCCCTCCAGGTCCTGGTGCGTGGCCGCGACGACGCGCACGTCAAAGGTGCGGTAGTCGTTGGAGCCCACGCGCTTCACCTGCCGGCGCTCCAGCGCGCGCAGCAGGCGGGGTTGGACTTCCAGCGGCAGTTCGCCGACTTCGTCCAGGAAGAGCGTGCCGCCGTGGGCGCGCTCGAAGGCGCCCGCGCGGTCGGAGTGCGCACCCGTGAAGGCGCCTTTCACGTGTCCGAAGAGCTCGCTCTCCAGCAGTGAGGGGGCGATGCCCGCCAGGTCCGCGATGACGAATGGCCCCCGGGCCCGAGGGCTGTGCGTGTGGATGGCCTCCGCGCACAGCTCCTTGCCCGTGCCCGTCTCGCCCTGGATGAGCACGTCCGACTCACCCGCGGACAGCCGCTCCAGCAGCGTGAAGAGCTCCCGCATGCGGCGGCTGTTGCCCACCAGCGAGCCGAAGGCGCTGCGCGCGGACAGGGGACGCGCCCGGGGACGTTCGCTCTCCGGCATCAGCTTCAGCTCGGTGGTGCCCAGCTTGAGGACCGCGCCCGTGCGCACCTCCAGCTCCTGGAAGCGCATGCCTTCGCAATAGGACCCATTGCGCGAGCCCGGGTCCACCGCGCGCACGCCGCTCTCGTTCACCTCGAGGATGAGGTGCTGGCGCGACACCGCCCGGTCCGACAGGAGGATGTCCGCATCCCGGCCCGAACCCACGCGATAGCGTCCCGGCATCAGCGGCCAGTCGCGGCCAGCGTCCGGACCCGACAACACCACCAGCCGGGTACGTACCCGTTGGACGCGAATGGCCGGCAACGCATCGGTGCGGACCAGCTCGTCGTCCCCATCCTCATCTCCCAGACTCGCCACGGCGCGGACGATATCACAGCCGCTTTGCGGGGTTGGCCTCCGCATTCCCGGGTTATGCGGTAAAGTTTGAAAAGGGGGCACCCGCGATGGCAAGTGCGCCGCGAGAACGATTCGGCCGGTATGAACTTCAAGAGCGGGTAGGCCAGGGCGGCATGGCGGAGACGTGGCGTGCCCGGCTCCGGGGCGCGGCGGGCGTCACCAAGTCCGTGCTCATCAAGAAGGTGCTCCCGGAGTACGCCAACGACGAAGCCTTCGTGTCCATGTTCATCAGCGAGGCGCGCATCTCCGCCACGCTGTCGCACGGGGCCATCGCCCAGGTCTTCGACTTCGGGAAGGTGGACGGGCAGTACTTCCTGGCCATGGAGCTGGTGGAAGGCCAGCCGCTGAACCGCATCCTGAAGCGGGCGCTGCGCTCCGGCTACCACTCCCTGCCGGTGCCCCTCGCTGTCTTCATCGCCATGGAGATGTGCCGCGGCCTGCACTACGCCCACACTCGCAATGACGAAAAGGGCGAGCCGCTGGGCATCGTCCATCGCGACATCTCTCCCGACAACGTCCTCATCGGCTACGAGGGACAGGTCAAGATCGTCGATTTCGGCATCGCGAAGGCGCGCTCCCTGCGCAGCTTCAACACCGAGCCCGGCGTGGTGAGGGGGAAGTACCTGTTCTTCTCGCCGGAGCAGGCGCGGGGGGAAGCGGTGGATGCCCGCACGGACGTCTGGGCCACCGGCGTGGTGCTGTTCCAGATGCTCTGCGGCCGGCTGCCGCTTGAGGGACAGGTCCACACGGTGTTGCAGCGCTTGAACAGCGGCCAGCCGCTGCCCTCACCGCGACAGGTACGGTCCGACATCCCGGTGGCGCTGGACTCCATCCTCCAGCGGGCGCTCGCGCTCCGGAA
NZ_CP017174.1_gap109	4462683	4465011	2328	GCCTCGCGAGACGCAGCACCGCTTCGGCTCGCTGGAGGAGCTGCGCGCGCTCACGGCGGCCGCGCACAAGCGGGGCATCCGCGTCATCGCCGACCTGGTGCTCAACCACGTCCACCAGGAGCACCCCTACTGGACGAGCCACGGGCAGGAGGGCTGGTTCAACACCGCCGCCAGTTGCGTGTGTGGCACGCAGGACTGCGACTGGGAAGCCCAGCGCCTCATCTGCAAGTTCACGGACTATCTGCCGGATTTCAACTGGCGCTCGTCGGACTTCGTGGACCAGTTCGCCGCGGACACGCTCTGGTGGCTGGAGCAGGCGGACTTCGACGGCTTCCGCCTGGACGCGGTGAAGCACATGGAGCAGGTGGCCGGGCGCACCATCCGCGGGAAGCTGAAGGAGATCACCACGATGACGGGCACCGAGTTCTACCTCGTGGGCGAGACGTACGTTCACGTGGATGGGCGCTCACAGATTGCCCGCTACATCAGCCCGCGCGAACTGGACGGTCAGTTCGACTTCCCCCTGTACTGGCCCGTGCGCGAGGCCTTCGCGGACGGCCAGGGCTTGCAGCGTGTGGACGACGCCGTGCGCGCCAACGAGGAGGCCTATGCGCCGGGGACGCTCAACTCGCCGTTCCTGGGCAACCACGACGTGGCGCGCTTCATCTCCCAGGCCGCGGGGCAGCTGCGCGGGGATGGGAGTGATCCCTTCGGTCCCAACCGCCCGTCCTCGGTGGTGACGGACCCGGCCGCCTTCGAGAAGATGAAGTACGGCTTCGCCTTCGTGCTGACGCAGCCGGGCGTGCCGCTGGTGTACTACGGCGACGAGGTCGGCCTGCCGGGCGCGGGTGATCCAGACAACCGCCGCTTCATGCGCTTCGGCAGCGCGCTGGCGCCGCTGGAGCGGGAGCTGCTCGACTTCGTGCGGACGCTGGGGCAGGCGCGCCTGGCGCACGAGGCGCTGCAGACGGGCGCGCGGCGGACCCTGCGCGTGGAGAACGACCTCTACGTGTTCCAGCGCGATCTGCCGGACGGACGGGGCGCTTTGGTGGCCATCAATCGTGGCGCCATGGAGCGCTCACTGGTGCTGGATCTGATGGGGAGCCTGGCCGCGAGCAGCGGCACCTACGTGGACATCTTCACGGGGCAGACGCTGCAGCTCGCCGGCACGGAGACGGTGCTCGTCGTCCCGCCGCGCGGCGTCGCTGTCTACGTGCCCCACCAGGAGTAACAGAGCAGGGATGTTCCGGTGGAGGGGTGGGCCGTCCCCCTTCCGCCGGCGCATTCCGCTCAGGACTGCGGGGCCGCCTGCTCGCTCTTGCCGTGCTTGTAGAAAAGCACGAGGGTGTAGCAGTGGAATTCGTTGTCGGAAGACTGACAAACGACCCGGTCCACAATCTCCAGGTCAGAGTTGCTCTTCAGCCACCGGGTGACGTTCTCACCCAGCTCCTCGCGCTCCTTCGCCTTGGTGGCGGAGAAGACCTTCACGCCCGTGAACATCGCCTGCCACTCCTTGTGCGGTGCTGATTCAGGACAATAGGAAGTTATCGCACGCGCCGTTCCGGGGTGTCAAAAACCCGGCTTCCCTGTTGTGGGGATGTTGATCGTCCATGCCTGGGGGTTTGCAGTCTCCCGCCCGTGCCTATGTTGATCGAGTCGCACCTGATTGCCTGGGGCGCTCGTGGCAGGGGGCCGCGAGTGGCGGCGGAGTGGGGAAGGGGGAAGGCCCGTGGACATGAAGACCAAGAAGGACCTGGCCGTAGACTTCATCAACACCATCCGGACGATGGAGCCCTCCGCGCTGAATGCGCTCATCGTCAAGGAGGCGGGTGAAGAGCTGGCCCAGTTCTTCCTCAATTACAGTGCGAATCTCATCTCCAAGGACCCGTCCCGGGTGCTGGAGAACACGTCCTCGCTGATGCTGATGGGGTACCTCATCCGCACCTACGAGGAGAAGAACACCCAGGCCACCCAGGGCACCTTCCAGTCCTACGCGTTCGCCTGAGTCGCGGGCAGGGCGTTGCAGGCTCGACAGGGCTCGGGGGAGCCTGTTAGGGAGCAGCGCCCATGCTCATCGACCTGCACGCCCATTCCCACCTGTCCAAGGGTTGCGAGCTGGACCCTCGCGCCGTGCTGGAGCGGGCCGCCTTGTTCGGCCTGGACGGGGTGGCCTTCACCGAGACGAACACCCAGGACGGCTGCGACGAGCTCTTCGAGATCGGCGCGAAGTCGAAGCTCAAGGTCTTCGTCGGGCTGGAGCTGGTGACGGACCGTGGACAGTACCTGTGCTTCTTCCCGAAGCCGGAGCTGGCCCCGGAGCCGGTGCAG
NZ_CP017174.1_gap110	4536592	4537202	610	GGCGCTGGCCGGTGAGTTCTACCGCCTGGGCCTGGGCGACGTGCAGGCCCTGTCCGCCGAGCACGGCCTGGGCATGCAGGAGCTGTTCGACTCGGTCGTCGCCAGGCTGCCGCCCAAGGAAGAGGACGAGGACGCGGAGGCGCCGCCGGACGACGGCATCATCCGTCTGGCCATCATCGGCCGGCCCAACGTGGGCAAGAGCACCCTGGTCAACGCCATCCTGAAAGAGAAGCGGGTGGTGGCCAGTGAGGTGGCGGGGACCACGCGGGACCCGGTGGACTCCGAGCTCACGTACAAGGACCGCAAGCTGCTGCTCACCGACACGGCGGGCATCCGGCGCAAGAAGTCCATTGCCCAGCGCGTGGAGCAGTTCTCCGTCGTGGCCGCGCTCAAGGTCATGGAGCGCAGCGACGTGGCGGTGCTGCTGATGGACGCCACGGAGCCGGCGGTGGACCAGGACGCCAAGCTGGCGGGCCTGGCGGAGGAGCGCGGCCGCGCCCTGGTCATCGTGGTGAACAAGTGGGACCTGGTGGGCGCGGACCAGCGCCGCCAGGAGACCTTCCGCGAGTCCCTCAAGCACTCGCTCAAGTTCGTGGGCTATGCGCCCATC
NZ_CP017174.1_gap111	4542697	4544535	1838	AAACTAAGCGAGCGCGAATCCTGGGGTCGATTCAGGCCGTTCCCCCTCCCTGGTTTCTGGGCCGTCCGGGCCGGTTTCGGTCCGTCGATTGCAGTCGATTCCGGCAGGATCTCCACCCCCGACGTCCCGCCATGACCTTCTTCGATTCGATCGCCGCGGATGTTCGCTTCGCGCTCCGCACCTTCCGCCGCTCGCCCGGTTTCGTCGCGGCCGCCGTGCTGTGCCTTGCGCTGGGCATTGGCGCCAACGCCGTCATCTTCAGCGTGGTCCACGGAGTCCTCCTCCGGCCGCTGCCGTACGCGGAACCGGAGCGGCTGGTCAGCCTCGTCGAGGTGCGCCCCCAGGGCTATGGCGGCCCGGTGTCCTGGCCCACGTTCTGGGCCTGGCGCCAACACAGCCCAGCCTTCGAGCACATGGCGGCGTTCACAGGCGGCGGCGTCACCCTCCAGGCCCAGGATGCGCCTGAACGCCTCCAGGCTCTTCGCGGAACGGCTGACTTCTTCACGGTTCATGGCGTGCCGCCCTTGCTGGGCCGGACTTTCGCAATCGACGAGGACCTGCCCGGCCAAGCCCCGGTCGCGGTCCTCAGTGAGCGTCTCTGGCGCGCCCGTTTCGGCGCTGACCCGGCCGTCCTCGGCCGTTCCGTGAGCCTGGATGGTCTGGCCCACACCGTCATTGGCGTGATGCCCGCGTCTTTCGACGCGTCCACGGACGTCTGGCTGCCCCTGGTGGCTCCGCCGGACGCCGCCGCCCGGACCCGGTCCACGGTGCTGACCCTCCGGGCCCGCCTGGCGCCAGGCGTCTCGCTGGCCTCCGCCGAGGCCCAGCTGAAGCAAGTCGCCGCGAACTCCGCGGCGGCCCAGGCGGAATCCCACCGGGACCGGAGCGCCCGGGTCATTCCGCTCGACGAAAGCCAGACACAGTCCTGGCGGGCTCCGCTCCAGGTCTTGCTCGGAGCCGTCGCCCTGGTGCTCCTCATCGCGTGTACGAACGTCGCGAATCTGCTGCTGGCCCGCGCCGGCACCCGGCGGCGCGAACTGGCCGTTCGCCTGGCCCTGGGCGCTGGCCGGGCCCGGGTCGTCCAGCAGCTCCTGGTCGAAAGCCTCCTGCTGGCGGTTCTGGGCGGCGTGCTGGCCTCATTGCTGGCGCGTTGGGGCCTGGACGCGCTGCTCGCCCTGGCGCCGGAGAGCCTGCCCCGGCGTCAGGACATCGCGTTGGACGGCACGGCCTTCCTGTTCCTCCTCGGAATCACCAGCGTCAGCGGCCTGGCCTTCGGGCTGCTTCCGGCCCTCCAGGTCTCCCGGCTGGACGTCCGTGGTGGGCTCGCCGCCGCGGGCGATGGCAGCACGGTGCCGGGCTTCGGCCGTCGCCTGGGGGCCTCGCTGGTCGTTGTGGAGATCGCCCTATCGCTGGTGCTGCTCGTCGGCGCGGGCCTGCTCGGACGGGGCTTCCTGCACCTGCTGGGGACTTCCACCGGACTTGCCCCCGGCCAGGTACTCACGCTGCACCTGTCCATCCCAGACGACCGGTTCTTCAAGGACGGCGCCCTGGACGCGGAGCTTCCGGGACGGCTCCTGGAGCCGGTGCTGGAGGCGGTTCGCGCGCTCCCGGGCGTCACTGCGGCGGGTATGACGTCCGTGCTCCCCATCCAACGGGCCTGGAACAACGCTCGGTATCAGGTCGAAGGAACTCCTCTGCCAGAGCCCGGCGACGAACCTCGCGCCGAGCGCCGCGCCACCAGTCCGGGCTACTTCGCCGCCATGGGCATCCCCCTGCGCCAGGGGCGCGATTTCACGTCCCTGGACGCCGCGCCGGACCAGCCCGGCGTGGTCATCGTC
NZ_CP017174.1_gap112	4594853	4597993	3140	CTGGAACAGCACCACCTCCAGCGTCCAGCGCGGTGGCATCTTCCACACGCGCTTCGAGCAGCAGGTGGGACGCACGCCCAACGCGCCTGCCGTGGCGTTGGATGAGCAGGTGCTGTCCTTCAGCCAGCTCAACGCGAAGGCGAACCAGCTCGCCGCGCACCTGCGCACGCTGGGCGTGGGCCCGGAAGTCCGCGTGGGCCTGTGCCTGGAGCGTACGCTGGAAGCCATCATCAGCCTGCTGGCGGTACTGAAGGCCGGAGGGGCCTTCGTCCCCATCGACCCGATGGCGCCCACGCAGCGCCGCTCCTTCATGCTGGAGGACAGCGGGGCCACCGTGCTGCTCACCGTCCAGCACCTGGCCGAGGCCTGGCGGCCCCAGGTCCAGCATCTGCTGTGCCTGGACACCGTGGCCTCGAAGCTGGCGTCACTGCCCACGTACAACGTCCCCGCGAACGTGCGCGGAGAGAACCTCGCGTACATCATCTACACGTCCGGCTCCACGGGCACTCCCAAGGGCGTCATGGTGCAGCACCGCTCGCTGCCGTGGTTGCTCCAGGGAATGACGGAGTCGCTGGAGATGTCCGAGCCCGCCGGGCAGCGCCTCAGTCTCAACGCGCCGCTGTACTTCGACGGCACCGTCGAGCGGCTCATGCACCTGGCGGAGGGACACTGCCTGTGTCTGGTGCCAGAGGCCACGCGGAAGGACCCGGACGCGATGGTGGCGTGGTTGGAGCAGCAGCGCGTCGACATGCTGGATTGCACGCCCGCGCAGCTGGCACTCCTACTCCAGGCCGGGCTCCTCGAACGAAGCCACGTCCCCGCCAGGATTTTCTGCGGAGGCGAGGCCATGTCGCCCATGCTCTGGAATCGACTGGCCAGCACGGAGCGCACGACGGCCTTCAACGTCTACGGCCCGACCGAGAGCACGGTGTGCGCCACCTCCGCGCGCGTTCAGGGCAACCCGAGTCCCGTTCCCGTCATCGGTCATCCCATCGCGGGAACGCGGGTGTACGTGTTGGACTCGCACCAGCAACTGGCGCCGCTGGGAACCGCGGGCGAGCTGTGCATCGCGGGAGAAGGTGTGGCCCGGGGCTATTTTGGCAGGCCGGGACTGACGGCGGAGCGCTTCATCCCGGACGCCTTCAGTGGACAGCCGGGGGCCCGCCTCTACCGCACGGGAGACAAGGCCCGGTGGCGGCATGACGGCACGCTGGAGTACCTGGGCCGGCTCGACTTCCAGGTGAAGGTGCGGGGCTTTCGCATCGAGCTGGGCGAAATCGAGGCGGCCCTGCGCACCCACGGCCAGGTCCAGGACGCCGTGGTGCTCGCGCGCGAGGACGTACCGGGCGACAAGCGGCTCGTGGCCTACGTCGTGGGCGACTCGGTCACCGCCGAATCGCTGCGCCAGCACCTCCTGCAGCGGCTGCCTGAGTACATGGTGCCGTCGGTCTTCGTGCCACTGGGCGCCCTGCCGCTGACGTCCACTGGCAAGGTGGACCGCAACGCGCTGCTGGCACCGGACGCATCCCAGCTCGCGCTCACGCGCGACGTCGAGCCGCCCGCGACGCCCACGGAGGCTCGGCTGGCGGAAATCTGGAAGGAGCTGCTGCGAATCCCCACCGTGGGCCGGCATGACAACTTCTTCGAGCTGGGCGGACACTCCCTGCTGGCCACCCAGGTCGTGGCCCGTATCCGCGACGCCTTCGATGTGGAACTGAACCTGCGCGCGTTCTTCGCGGCCCCCACCGTGGCGACGCTCGCCGAGCGGCTGGCCTCCACGACGCCCAGGCTCCGGCTCCCGCCCTTGACGCGCGCCGGGAGGGACGGTTCGGTGCCGCTCTCCTTCGCACAGCAGCGGCTGTGGTTCTTGGATCAGCTCAATCCTGGAGACGTGTCGTACAACATGCCGTCCGCGCTGCGGCTGTCGGGGATGCTCGATGTCGAAGCCCTGCGGCGAGCCGTGAGTGCCATGGTGGAGCGGCACGAAGCGCTCCGCACCACGTTCCAATCGGTGGCTGGCGAGCCCCGGCAGGTCATCCACCCACCACACGACACGGTGGTGGAGGTCGTGGACCTCTCGGACATCCAGGACCGGGCCCAGCGGGAGGCGGAGGCGATGACGCGCGCCACCCGGAATGCCCGACAGCCGTTCAATCTCGCCACGGGGCCGCTGCTGCGCGCCACGCTGCTGAAGCTGGAACCGTCCGAGCACGTCCTGTTGCTGTGCCTGCACCACATCGTCTCGGACGGCTGGTCCATGGGCGTGCTGGTGCGTGAGGTGACCACGTTCTATGAGGCCTTCCAGAACGGGAACCCCGCGGCCCTTCCCGAGCTTCCGGTTCAGTACGCCGACTACGCGCTCTGGCAGCGGGGGTGGCTCCAGGGCGAGACGCTGAAGGAACAGCTCGGCTGGTGGAAGTCGCAGCTGGCCGGTGCACCCCATGCGCTGGAGTTGCACACCGACAAGCCCCGGCCCGCGGTGCTGCGTCACCACGGCGCGGTGGTGCCGGTGCTGCTGCCCCAGGAACTCGCGCTGATGCTGGATGCGCTGGCGCAGCGTGAAGGCGTCACGCCGTTCATGCTGCTGCTCGCGGCCTTCCAGTCGGTCCTGGCCCGTCATGCCGGGCAGGATGATGTGTTGGTCGGCTCGCCCATCGCCGGCCGGCGCCACGCGGAGACCGAGCCGCTCATCGGCTTCTTCGTGAACACGCTGGTGCTGCGCGCCCGCCTCACGCCCGCGATGACCTTCCGTCAGCTTCTGGCGCAAGTCCGTGACGCCACGCTGGGCGCGTATGAGCATCAGGACGTGCCCTTCGAGCGGTTGGTGGAGGAGATCCAGCCCTCGCGAGACCTGAGCCGCACGCCGCTGTTCCAGGTGATGTTCGCGTTGCAGAACACCCAGGTCCCCGAGCTGGCCTTGCCCAAGCTGTCGGTCCGTCCCGCGGACGCCGACGACTCGGGGGTGACGCTGTTCGAGCTGAGCCTGGACCTGGTGCGTGCCCAGGATGGCTACGAGGGTGCGCTCGTCTACAGCACCGAGCTGTTCGAGCGGGCTACGGCGGAACGGCTGGCCACCCATCTCCGGCTGCTGCTGGAGCGTGCCGTGGCCGCGCCGGACCTGGCCATCGCCACCCTGTCCC
NZ_CP017174.1_gap113	4756280	4756871	591	GAGAGCTCGCGCTTCGTGTCGAACTCGGCCCCCGAGGTGTGCGACCGGCTGGACAACGACTGTAACGGACAGGTGGACGAAGACCTGGCGGGCTGCGACACCGTGGCCTGGACGACGACGAACGCGACGCCCTCCTCGATTGTCTGGGACACGGTGGCTGCGTACCCCGGCAACAAGGGCTGGCTCGCCGGACGCGACGGCCACGTCGCCCACGTCGATGGCGGGACGCTCAACTCCGTGGCGAACTGCCCGGGCCAGTGGAAGTCCTCCTGGGTGACGAACAGCGGCCGCGTGTTCCTGGGCAACAGCGCGGGCAAGTTCACCACCCGGCTGCCGACCGACACCAGCGCGTGTGTCGACGTGGATGGTCCCGGGAGCGCCAGCATCAACGGGATGGTGGGCTTCGAAAGCGGCAACCGCGTGGCGCTGTACGCGGTGGACAGCCAGGGCCGCATCCTCCTCTGGAACTACGAGGAGGGCGCCCCCACCCAGGCGGCCCCCGAGGAGCTCACGCGGCTCAACGACAACCTCAAGTCCATTGACGGTACCAGCCCGCGGACGCTGTTCGCCGCGGGCGCCGAGACGCAGGGC
NZ_CP017174.1_gap114	4803529	4805480	1951	CGCGCCCGTGGACGAGTCCCAGCCGCCCGTGGGCGGGCTGCCGCAGGAAGTGGACGCCTTCCCCGCCGCGCTGCGCCCGGAGGGGCCGGTGCCCGCGAAGGCGAAGGTGGTCATCATCGGCGGCGGCATCATGGGCCTGGCGCTGGCGTACAACCTGGCGCGCGCCGGTGAGACGGACGTGGTGGTGCTGGAGCGCGGCTACCTGTGCGCGGGCGCGTCCGGCCGCAACGGCGGCGGCGTGCGCATGCAGTGGGGCACGCCCTCGCTGGTGGAGCTGGCCAAGCGCTCCATCGAGTTGATGAAGGGCTTCGCGCGCGAGCTGGGCATCAACGTCTGGCTGCGCCAGGGGGGCTACATCTTCCTGGCGAAGACGAAGCCGGTGGCCCAGCGGCTGGAGCGCAACGTCTCGCTGCACAACCGCTTCGGCGTCCCCACCCGGCTCATCACCCCCGACGAGGCGCGCGGCATCGTCCCCGGGCTCACGATGAAGGACTGCCTCATCGCGTCCTACAATCCGGAGGACGGCGTCATCTTCCCCTGGCCCTTCCTGTGGGGCTATGCGCAGGGCTGCCAGAAGCGCGGCGTCCGCGTGGAGACGTACACGGACGTCACCGGCTTCGAGACCAGCGGTGGCCAGGTGCGCAAGGTGAAGACGACGCGCGGCGACATCGCCTGTGACACCGTGGTGCTGGCCGCCGGCGCCTGGAGTCCGCAGGTGGCGAAGCTGGTGGACGTGAAGCTGCCCAACGAGCCGCACCGCCACGAAATCCTCAGCACCGAGCCGCTGAAGCCCTTCCTGGGGCCGCTGGTGTCCGTGCTCGACAGCGGGCTGTACTTCAGCCAGTCCATGCGCGGCGAAATCGTGGGCGGCATGGGCGACGCCAAGGAGCCCGCGGGCCTCAACATGGGCAGCACCCTGCGCTTCGTGTCGCGCTTCGCGCAGGCGCTGATGGAGCAACTCCCCCAGGTGGGCCACGTGAAGGTGCTGCGCCAGTGGGCCGGCTGCTACGACGTGACGCCGGACAACAACCCGATTCTGGGACGCACCCCGGGCCTGGACAACCTGCTCCAGATGTCCGGCTTCGTGGGCCACGGCTTCATGATGGCCCCCGCCGTCGCGGAGCGGATGGCGAAGTGGATGGCCACCGGCGAGTCCGACGAGCTCTTCACCCGCTTCAACCTCCGGCGCTACTCTGACGCGGCGGGCCATTCGCGTGACTTCGGCACCGGAACGCTGGAGCGCGAGGACATGGTCATCGGCTGAGCCCCAGGCCGCGCTGCTCCCGGGCCGCGCCTGGACCCGTCTCCGCCGGGTCCGGACGCGGCCCTTGTATTTTTCCGGAGCCTGTCCTGGCCGAAGACAACGGCTGGGGAGCGAATTGACCCGGAACGCACCAGCTCCGGATAGTCTCGCAAATCACGAAAAACACTGGCGGCCGTCAGCGGGGTTGTGAAGCGCCTTTACATCAACAACTGGGTTACCTGGACAGGGACGCACCAGTCGCGTGTGCCGGCACGGTGCTCGCTCCGAGTAGAGACGCTCGGAGTGGAGACATGGCACGGCGCGTGCCTTGGCGCCTCGCCGCGCAATCCAGCGCGAGGAGGTGTTCCGATGTTCCCGAAGAGCGTTCGTGCGCTGTTCCTGGTGGGAGCCCTGTCTGCCTGCGGTACCGAAGCACCTCCCGACGTTCCCAACGCGGACGGCCAGGAGCCTCTGCAGTCGCAGGAGTCCAACGTCATCGTGGGCTCGGTGAACTGGGTGAGCGCCACGACGCTGTCCGGCACGCAGCGCACGCGCTCTCTCGCGGTGGGCTACCTGTCCATTCCGGCGGTGAGCTCGCGTTGCACGGCGTGGCTGGTGTCGCGGGACGTGATCATCACCAACAACCACTGCGTCGGCAGCAGCTCCGAGGCCTCCGGTGCGCGCGTGTCCTTCAACTATGAGGACGGC
NZ_CP017174.1_gap115	4983774	4984781	1007	TGGAGGTCGCCACCAACCTGTCGTCGAAGTTCGACGGGCCCGCGGCCGCCGCCGCTGCGCCCGCGCCGGAACCGGTGACGGAGGAAGCCGAAATCGAGCAGCAGGTGAACAGCATGTCGGAGAGCGAGCTGGACACAATCCTCCAGGCCATGCTCGCCGCGCAGACGGCGCAGGAGAGGGAGACGGCATGAGCACCCCGGCTGACAACATGAAGGGCCTCTCGCTCGAGGCGAAGCGCAAGCTGCTCGCCGAGCTCATGGCGAAGTCCGGGAAGGCGGCCCCCCGCCTCTCCCCGCTCGCGTCCGGCCAGAAGGCGCTATGGCTCCTGCACCAGCAGGACCCGGAGAGCGCGGCCTACAACACGCCCTTCGCGCTGCGCATCCGCTCGCAAATGGATGTGGCGTCGCTCAAGCGCGCGTTCGGAATGCTGGCCGAGCGCCACGCGTCCCTGCGCACCACGTTCTCGTCCACCGCGGAAGGGCAGCTCGTCCAGACGTGCCACCCGACCCTCGAGCCGAGCTTCACCCACGTGGACGCGCAGGGCTGGAGCGCCGAGCAGCTCCAGGCCGAGGTGGCCCGCGCCTACCGTCAGCCGTTCTCCCTGGAGCGGGGCCCGCTGCTCCGGGGAAACCTCTTCTCCCTGGAGGCCGAGGACCACGTCCTCCTGATGACCGTCCACCACATCGTCTACGACGGGTGGTCCGCGGGCATCCTCCAGCAGGAGTTCAATCAGCTCTATCAGGCCATCGCGCGAGGCGAGCAGCCGTCCCTGCCGCCCGTCACGGGCAGCTACGCCGCCTTCGTCGCGCAGCAGGCGGAGACGATGTCGGGTACCTCGGGGCGGGCCCACTGGGACTACTGGCAGAAGAAGCTCGATGGTGAGCTTCCCATCCTGGCGCTGCCCGCCGACCGCAGCCGGTCGGCGGTCGCCGCGAACCGGAGTGGCGCGAGCCCGTTCCGCCTCTCCGCGGAGCTGACGGCCCGTATCAAGGCGCTCGCGCAGAGCG
NZ_CP017174.1_gap116	4986100	4990174	4074	CTGGTCGTCGTGCCCCACTGGATGACGCGCGCGCCCGAGGCCTTCGGTGAGCTGATTGCGCGTGAAGGCGTGACGGTCCTCAACCAGACGCCGTCCGCGTTCCGTGCGCTGACGCGCGCGCCGTCCATCGCGGATGGCAAGGGCGGCCGCAGCCTCAAGTGGATCATCTTCGGCGGAGAGGCGCTGGACGCGGCGACCGTGCGCCCCTGGTTCGAGCGGTATGGGGACGCCGGCACGCAGCTCATCAACATGTACGGCATCACCGAGACCACGGTGCATGTCACGTACTACCGGGTGACAGAGGCCGACCTCACCTCCGCCGCGAGCCCCATCGGGCGCCCGCTCCCGGACCTCGAGCTGCACCTGCTCGACGAGCACGGCCAGCCCGTGCCGGCCGGCGTTCCGGGGGAGATGTACGTCGGCGGCGCGGGTGTTGCGCGCGGCTACCTGAAGCGCCCCGAGCTCACCGCACAGCGCTTCATCGAGGACCCGTCTTCGCCGGGCAAGCGGCTCTACCGCTCGGGCGACCTCGCCATCCGCCTCCCGGATGGCGGCTTCACGTACCTGGGGCGCATCGACGACCAGGTGAAGATTCGCGGGTTCCGCATCGAGCTGGGAGAAATCCAGTCGGTGCTCGCCACGCACCCGGCGGTCGCGGATGCCTACGTCACCACGCATGAGCGGAGCGCGGACGACCGGCGCATCGCAGCCTACGTCGTGCCCAGGGACAACGCCGCGGAGACGCTCCTGTCCTCGGATGCGGACGGCGGCGTCGGTGACACACACGTGGGCGAGTGGAAGGCGCTCTACGACGACCTCTATGCACGCTCCGCCAGCGAGCCGCAGCTGGACCCCAGCTTCAACATCGCGGGCTGGGACAGCAGCTACACCGGCGCACCGCTCAGCGCGGAGGCGATGAAGGAGTGGGTCGACCACACGGTCCACCAGATTCTCGTGCGGGAGCCCCGCCGCGTGCTCGAGATCGGCTGCGGCACCGGTCTGCTCCTCACGCGGATCGCGCCGTCCACGGAGGCCTACTGGGCCACGGACGTCTCGGGTGTCGTCGTCAACATGCTCCGGGGCGTCACGGCGAAGTCGGCCGGGCTCGAGCATGCGAAGCTCTTCCACTGCGCGGCGGACCAGTTGGACGGCATCGACTTCGGCGACATGCGCTTCGACGCGGTGATGCTGAACTCGGTGGTCCAGTACTTCCCGAGCGCGGAGTACCTCGCCCAGGCCCTGGAGAAGGCTTCACAGCGGCTGGACACGGGCGGCGTCATCTTCGTGGGTGACGTGCGGAACTTCCGCCTGCTGGAGGCCTTCCACGCGTCCATCGTCCTGGCGCAGGCGTCCGGCACGCTCGAGCCGCAGGTGCTCAAGGCCCGCGTGGCGCAGCGCATGGCGGCGGAAGAGGAGCTGGTGCTCGCCCCGGACTTCTTCTGGGCCCTCAAGCAGCGCATCCCCCGCCTCACCCACGTGGAGATTCGCCCGAAGCGGGGCGCGTGCCTGAACGAGCTGACGCGTTTCCGCTACGACGTGCTCATCCACCTGGACACCCCGCCCAGCCCCGCCTCCGACGTGGCCTGGGGCCCGGGCAACGTGAGCCTGCCCGAGCTCCGCGCCCGGCTGACCCAGGACGGCACCCGGCGTGTCGGCCTGCGCGGCATCCGGAACGCGCGAGTCGAGGCATCCTTGGACGCCCTGGCGAGCGTGACGGATGGAGCGTCCTCGCGGCCCGGCTCCTTCGAGAAGCTCCGTCGGCGTGTGCTGGACCGCGATGCCACGACGCCCGCGAGCGATCAGGAGCCTGGCATCGACCCCGAGTCTCTCCACCAGCTCGCGGAGGCCCTGTCCCTCAACGTCGCCTTGGACTGGTCGCGCGGCGGCGTGGATGGTTCCTTCGATGCGGTCTTCAGCCCGGCCGCGAAGTCGGCGCACGGGCCCGTGGCCCTCTTCGGCAGTGCACCAGAAATCGTCGCGGGGGCGCGCCGCGCCAATGACCCGCTCCGGAGCCGGGTGGACCGCCGCCTGGAGAGCGAGCTGCGCAAGCGGTCGCAGGCGAGCCTTCCCGAGTACATGGTGCCCGCGAGCATCATGGTCGTCGACCGGATTCCCCTGACCGAGAACGGCAAGGTCGACCGGCGCGCCCTGCCCGTTCCATCCGTCTCACAGGGCCTGGAGACGGCCTACGTCGAGCCGCGCAACGGCGAGGAGGAGATCCTGGCCAGCATCTTCGCCGAGCTGCTCGGCGCGGAGCGCGTGGGCGTGCACGACAGCTTCTTCGACCTGGGCGGCCACTCGTTGCTGGCCACGCAGGTCGTGTCCAGGATTCGCGCCGTGCTGGGCGTGGAGATTCCGCTGCGCACGTTCTTCGCGAGCCCCACCGTCGCGGGGCTCGTGGCGGCCGTCCAACAGCAGCGCCAGCGCCCCGGAGCGGCCGCGGTCGACTTCACCGGGCCCATGGAGCGCCCGGAGCGCATTCCGCTGTCCTCCTCCCAGGAGCGGCTGTGGATCGTGGACCGCATCGAGGAGACGCGGGCCCCCATCTACGTCATCCCGCTGGTGCTCCGGCTCCGAGGCCCCCTCCACCACGAGGCCCTGCGGCAGAGCCTGGACGCCATCGTCCAGCGACACGAAGTGCTCCGCACGTGCTTCCCGGCGGAAGGCGCGCAGCCCTTCCAGGTCATCTCCACGAACGTCTCGACCGAGCTTCCGCCCAGTGAGGAGCTGGTCCATCCGGCCGGCGCTTCGGAGGCGGAGCTGCTCAAGCTCATCCAGGTCCAGGCCGGCTTGGAGGTCTCCCGGCCGTTCGACCTCGAGCGGGGTCCGCTGCTGCGGATGCGCCTCTTCCGCATCTCGGAGTCGGACCATGTGCTGGTCCTGACCATGCATCACGTCGTCTCCGACGGCTGGTCCGTTGGCATCCTCGCGCGTGAGCTCGCGGCCGGTTACAACGCGCTGCGCTCGCAGCGTGAGCTGGCCTTGCCGCCGCTCCAGGTCCAGTACGCGGACTTCGCGCTGTGGCAACGGCAGCTCCTGCGGGACGGTGCGCTCGCGGAGTCCATTGAAGCGCACAAGCAGCGCCTTGCGGGGGCGCCCACGTCCCTCAACCTCCCCAGCGACCGGCCCCGGCCGGAGACGCCGACGTACCGGGGCGGCGTGGTCCGCTTCGACGTGGACCGTTCCCTCACGGCGCGCCTGAAGGAGCTGAGCCGCCGGGAAGGCGCCACGCTGTACATGACGCTGCTGGCAGCCTTCACCGCCTACCTGTCACGGCTGAGCGGACAGAAGGACCTCATCATCGGCTCGCCGGTGGCGAACCGGAATCGCGCGGCGGCGGAGCCGCTGATTGGCTTCTTCGTCAACACGCTCGCGCTCCGGATGGACCTGTCCGGCGACCCCAGCTTCCTGGATCTGCTGTCGCGCGTCCGGCGCACGGCCCTGGACGCCTACGCGGACCAGGACGTGCCTTTCGAGAAGCTGGTGGAAGTGGTCGCGCCCGAGCGGAGCCTCAGCCGCCAGCCCCTGGTCCAGGTGATGTTCGCGCTTCAGAACGCGCCGTTCTCACCGCCCGCGCTGGACGGGCTCGACGTGCAGCTGCTCGACCTGGACAGCGTCACCGCCAAGTTCGACCTGACGCTGTCGATGCAGGAATCCACGGATGGCCTCTCCGGCCTGCTCGAGTTCAGCGCGGACCTGTTCGACCGCGAGCGCATCGAGCGGATGGCCGAGCACCTCGTCGTCATGCTCCGTGAAGCGGTGCAGGCGCCAGAGCGCCGGGTGCCCGAGTTCGCGCTTCTGGGTGCGAGCGAAGCCAGCCTGGTGGCGAAGTGGGAGCAAGGACCCAGCGCGCCGTCCGTGCCGGACTCGGTGGTGGAGCTGTTCCAGGCGCAGGTCGCGCGCGCACCGGAGGCCATTGCCCTGGAGCATCGCGACGTCCGCCTGAGCAACGGCGAACTCGACCGGCGCGCGACGCGCCTTGCCCGGCACCTGGTTTCGCTGGGCTTCGGACGGGAGAAGCGGGCCGCCATCTGCCTGCCGAAATCGGTGGACTTCATCACCTGCATCCTGGGC
NZ_CP017174.1_gap117	4991245	4994402	3157	GCGGCCTATGCCGTGGGCCGTCCAGGCACGTCGCTGACGATTCAGTCCCTGCGCGACCATGCCATGGGCCTGCTTCCGAACTACATGGTGCCGGCGCACTTCGTCGTGCTGGAGACCTTCCCGCTGACGCCCAGCGGCAAGGTGGACCGCAAGAAGCTGCCGGACCCCGTGCAGGCCCAGGCGCCCGCCGCCTTCGCCGACGCGCGGACGCGGGAGGAGCAGCTCCTGTCCAGCATCTGGGCCACCGTTCTGAAGAAGGAGTCCGTGGGCATCCACGACAACTTCTTCGCGCTCGGCGGTGACTCCATCCTCGGGCTGCAGATCATCTCCCGCGCCACACAGCAGGGCCTCCGGCTGCGTCCGCGCCAGCTGTTCGAGCACCAGACCATCGCCGAGCTGGCGCGCGTGGCCTCCAGCACCCAGGTGGTCAACGCCGAGCAGGGCCTCGTGACGGGAAGCGCGCCCCTCACCCCCATCCAGCATTGGTTCTTCGACCAGAACCGCGCCGGGCCGCAGCACTTCAACATGGCGGTGATGCTCGACGTGGAGCCAGGAATCGACCTGGCCGCGCTCCGCGGTGCGCTCGAAGCGGTGGAGCGCCACCACGACGCGCTCCGCTTCCGCTACCGCAAGGACGGTGACGGCTGGACCCAGTTCCACGCGGAAGAGGAGGCGCTGACTGGCATTCCCCTGGACACGCTGGACGTGGACGGGAGTGAGCACGTGGAAGAGGCGCTCGCCGACCTCCACGAGTCCATGGACCTGGAGCAGGGCCCGCTCATGCGCGCCGCCCTGCTGCGGCTGGGTGGGGACTCCGCGCGGCTCGCGCTGGTGGCCCACCACCTGGTGGTGGACGCCGTGTCGTGGGGAATCATCATCGAGGACCTGCTGACGGCGTACAGCCAGCTGTCGAATGGCCAGGAGGTCGGCCTCCCGCCGAAGACGACGTCCTTCCAGCACTGGGCGAAGCGGCTCGAAGCGTATGCGGCGACGCCCAACGCCCGGGCCGAGCTCGACGCCTGGCTCGCCACGGCGCAGCGGGACGACTCCCAGGACCTGCCACTGAACGACCCCCACGCCCCGGACACGGTCAGCGACGCGGGCACGCTCGTGACGTGGCTGGAGGCGGAGGAGACCCAGCTGCTGCTGAACGAGGTCCCGACGGCGTACGACGTCAAGGTCAACGAGGCCCTGATTGCCGCGCTCGCCCGGACGCTCACGGGCTGGTCCGGCAACAGCACCGTCCGAATCGATTTGGAAGGCCACGGACGCGAGTTCCTGTTCGAGGATGTGGACCTGAGCCGCACGGTGGGCTGGTTCACCGCGCTCTTCCCGCTCCGCCTGCACGTGGGGGCCCGGGAAGGCGTGCGTGAGACGCTGGCTCGCGCGAAGGACGCGTTGCGCCGGACGCCTCGTGGCGGAATCGGCTACGGCGTGCTCCGTGCGCTGTCGCCGGATGCGTCGATTCGTTCGAGGCTCGGCGCGATTCCGAACGCGGGCATCGTCTTCAACTACCTGGGACAGATGGGCGCAGTGCCGACGCAGGGCGTGGTGCGAGGCGGCGCCAAGGAGGGACTGGGCCTGCTGCACGCGCCTGGTGCCACCCGGCCCCACCGCATCGAGCTCAACGCCGTGGTCGAAGCGGGCCAGCGACTCCGCCTCGACTGGACCTTTGGCGCCAAGGTCTTCCACAAGGAGACCATCGAGCGGCTGAACGCGGAGTTCCACGCCAACGTGCGAGCGATGATTCGCGAGCGCGCGGAGCCCGCCGCTGCGGTCCGGGTGGCGTCTGACTTCCCGGCAGCGCGTCTCAGTGCCAAGGATTTGAAGCGCGTGCTCACGCTGACGAAGAAGCCGCGATGAGCCAGGTGGATGGTGAGGGGCAGGACAGCGCCATGACGTCAGAAGAGTCGATCGAGGACATCTACGAGCTCGCCCCCATGCAGCACGGCATGCTCTTCCACGCGCTGATGGAGCCCGGCGCGGGCATGTACGTAGAGCAACTGAGCTGCGAGGTCCGGGGGGACCTACCCATCGAACGTTGGAAGGAGGCCTGGCAGCATGTCCTCGCCCGGCACCCCATCCTGCGCTCGGGCTTCCTCTGGGAAGGTCTGGAGAAGCCGCTCCAGGTCGTCGCGGTGGAGGCCGAAGTCCCCTGGCGCATCGAGGACATCCGGCACGTGCCGGCGGATGCGCAGCAGCGGTGGATTGAGGACTTCCTGCGCGAGGACCGGCTCCAGGGCTTCGATCTGGGCACCCCGCCCCTGATTCGCTGCGCCCTGCTCCGGCTCGACGACGCGCGCCACCTGTTCGTATGGACGTACCACCACCTGCTGCTGGACGGGTGGTGCTTCTCCATCGTCCTCCGTGAGGTGCTCGGTGCCTTCGAGGAGGGCGTCGCAGCGCTGCCGCCAGCCGCACGCCCCTACCGCGACTACATCGCCTGGCTCCAGGAGCAGGACCCCGCCCGCGCGGAGTCCTTCTGGCGCGAGCGGCTCCAGGGCTTCAAGCAACCCACGCCACTGCCCTTCACCGAGCGGCAGGACGCCAGCGGACCGGCGGGCGATACGCAGCCGGAGGTCACCAAGCGGCTATCGCCGGAGCTGACCGCGCGGCTCACGGGCTTCGCGAAGTCACACCGCTTGACGCTCAACACGCTGGTCCAGGGCGCGTGGGCGCTCGTGCTGGCGAGGGCGACAGGCACGGACGACGTCATCTTCGGAGTGACGGTCTCCGGCCGCCCCGCCGACCTTGCCGGTTCCGAGTCCATCGTCGGACTCTTCATCAACACCTTGCCCCTGCGAGCGCGGCTGGATGGCACGGCGCCAGTCGCCACCTTCCTGTCGGGGCTTCAGGCCCAACAAGGCGCGGTCGAGCCGTATAGCTACGCCTCGCTGGCGGACATCCAGCATTGGTCGGACGCGCCGAAGGACCGGCCGCTCTTCGAGAGCATCCTGGTGTTCGAGAACTATCCGCTCGACGCCTCGACGCTCCTGCCTCGCAGTGGCCTCACCATCAGCTCGGTCAACACACACGACCGCATCAGCTACCCACTGGCGCTGGTTGCCATCCCGGGTGAGTCGCTGGAACTGCGCGTCATGTACGCGGCGGACGCGTTCTCCCGTCCGATGGCCGAGCGCATCGCGCGGTTGCTGGA
NZ_CP017174.1_gap118	5032211	5033789	1578	CGCTGGAAGACGCTGCCTGCCACCGAGCGCGCGGGCGTGCTGACCCACCCGGTGTGGCTGGCCGCGCACGGCGGCAACTTCGAGGACGATCCGTCCATCGTCCACCGCGGCAAATGGGTGCGCGAGAACCTCCTGTGCGGCTTCGTCCCACCGCTCAGCAGCGTGCAGGTGGCAGCCCAGGTTGGCGCTCACGCTGCCGACAAGAACGCGCGCCGCCGCCTGCAGGAGGCGACGGCCGGATCGCAGTGTCAGGGCTGTCACCGACTGATGGAGCCGCTCGGCCTGCCCTTCGAGATCTACAACCACGCGGGCTTCCTGCGCGCGCGGGATCGCTCGCCCAGCGGAGGCTGGACCACGCCGGACGGAAGCTCGACGCTCACGTCGATGCCGGAACCCGGGCTGGACGGCCCGGTGCGCGACGCGGTGGAGTTGAGCGAGCGCCTGGCGACCTCGCAGCACGTGAAACGCTGCTTCCTGCGACAGGCCTTCCGCTACTTCATGGGCCGCCCGGAGAACCCGAGCGACGCATGTACGCTGACACAGATGGAGCAGGCCTATGATCAGAACAACGGCTCGTTCTCCAAGATGCTGACCACGCTGATGACCAGCGACACCTGGAAGACGCGGCGTGTGCCGCAGGCTGGAGAGTAACTGCCATGTTCTCGCGACGAACCGTCCTGAAGGGCATGGCCGCCGGCCTCTTCGCGCCCTACTTCCACGACGTCTACGCCCAGTCGTCAGCGTTGCCGGCACGCCTGGTGCTGGTCCTCGAGTGCAATGGCGTCTACCCCCGCGCGCTCCTGAGCACGGGCACCCGCGCGGCGCTGGGGGGGCGCGCCAACACCTCCGACCGCATCTTCTGGGACGCGTACAAGGACACGCCGCTGGTGCGCGAGGGCGACAATCTCGCCAGCGCGATCAGTCTCGGGCCGCTGGCGGCGTCTTCCGGCAACATCGACCTGGTGAACCGCTCCGCCGTGCTGCTGGGGCTCTCGAACCTCATCGCGGGCGGCGGGCACTCCAGCGGGACGGGCGGGCTGAGCTGCGCGGTGAACGGCGCGGGCGCGACCTTCGACGCGGTGATCGCACCTCGCCTGCGCCGTGGTGCACCGTTCGACGTGCTGCGCCTGGGCACCAGCTCCGCGCGCGTGTCGATCGTGTACGAGACCTGCGCGCTCGGACCACGCAAGCCCGCGGGCATCATCGTCAACCCGTCGCTCGCGTTCGACAGCACCTTCGGCTCGCTGCTCGGCGGCTCGACGAACGGGCGCGATCGCAAGATGCTCTTCGACTTCGCGCTGGCCGACTCGCGGAAGGCACTGGCGGAGTTCAGCGGCAACTCCAACGAGCGGCTGAAACTGGAGCGCTACGTCTCCTCGCTCGAGTCGCTGCGCACGCGGGAGGATCAGCTCGAAGGCATGGCGGAACGCGTGCGGCCCTACCTGCCACTGGCACCGAAGGACAACCCGCTCATCACCGGCGCGGGCTCACCGCCCGACTCGTTGAAGTGGTTCGAGGCGCAGTTCCAGATCGCCACGGCGTCCCTCCTGGGCGGGCTGACGAACACGGTGGTGCTGG
NZ_CP017174.1_gap119	5086257	5091116	4859	ACCAACAGGCCCACCTGCGCCGAGTAGTGGCCCAGGTCACGCCGCAGCTCCTGCACCGACTTGCGGTCGATGCCGGGCGTGCCCTTCAGCATGCGCACCGCGTAGCGCAACTCCACGCTGCCCTCGCGCTTGCGCGCCGTGAGCAAGGGCCCTTCCTTGGACCGCTTGGCCACCTTCAGCTCGCGGAAGCCCAGGCCGTGCATCATCTTCACGACGGACTTCTCGAACGTACCGACGTCCAGTTCGCCCAGGCGCTTGCGCAGCCCACGCGCCACGGAGCGGCGCGCGTCCTTGAGCGCGGCGCGCAGCGTGGACACCAGCGCGGCATCCGCCGGGGCCTCGCCAGCGGCAGCTGGCTTGCCCAGCACCGGACGGCCAGCCTCCAGCGGGATGCCCAGCGCCTGCGCGAACGCGGCCTGGAGCTCCAGCGGAGGGGCCTCGCTCGGGGCGCCAGCGCGCTCCAGCGACACCTCACCAGAGTCCTTGCTGAAGGCGTACTGCGGCCGGCGGCCCGCGTCGATGCGACGCTGGTTGTCCTCCAGCAGCGCGGTGAGCACCGCCTCCACCGTGGTGTCCTCGGCGCACAGCTCCTTGGCCCGGGCACGCTCGATGATCTGATCGGTGCGCAGCCCGATGTCCGACTCGCTGAGAATCTCGAACACCACCTCGGGCAGCGGCGGGAAGCGCTTGCGGCGACCGCCACGCTCCTCGTCCTCGTCGCGGCGGCGCTTGCGGTCGCTGCCACGGCCCGCGACCCGCACGTTGTCCGTGCGCGGCTCCGGGTGACGCTCCGCCGGACGCAGCGGCGGCAGCTCTTCTTCAGGATGCGGCTCGACCACGCCGGTTTGAGCCAGTGCCTCGACGTCCTCGGGAATCGACCAGTCAACCAGCGCGAAGGTGTCCTTCGCCGTCACAAGTACCTTGCGATCCCGCGTGCGGCGCGCCATGGCTGCGAGGCGCGACAGCATCGTCACCTCAGGCGTCTTGCCCACGTGGGACAGCAGGCTCTGCTGGATGGACTTCTCGGTAATTTCAAGGAAGTGGAGGGGACGACCTTCGCTCTCCAGGATGCGGAGCGCGGCCTCGTAGAATGTCATCGAGTATTCCCCAGGAATTCCGAACGGTTACAAAAATGTAGGTCCGTATAGGCGGCGGATGCTAGCCATCGCTAAACTGGCTTGTCAACGAACGCAAGATGACCCGCATACGCATCGGACAGCGCTGGAAACGCGAACCCGCGGCTTCCCCGCTCGATTCCATCGCACTGGAATTGGACGGGGTGGACCTTCTGTCCGGGGCCGTGGAGGAGTCTCTAGCAGAAGTCGTCCCCTCCCTGGTGCGCTCAGTTGCGGCGCTAGCGGGTGGGCGTCAGAAACTGGCCCAGGTCTCCCTGCCCGAGGCCCACCTGGAGCTGGTGCTCCGCCGCATGGGGCCGGAGGTGGAGCTGCTGGTGGCCAACCTCTCCCGCCCTGCCCGGCTGATGCGCCCGCCCGTCCGGGTGGAGCTGGAGGAACTGGTGGAGGCGGTCCGTGAGGCCGGCGAGCGCTTCCTCGCCGACGTCACCCGGGCCGGGCCCAAGTCGCTGGCCACCACCGTGGGGCAAGCCCTCAAGGAGCCGCTGAAAGGCCTGAACCGGCCCGCCCGTCCTCCAGACGAGGCGCCGGCCCGGCCCGCCACCCGGCGCGTGGAGCCCACGGAAGTCCCGGGCTTCGGCTTCGAGCTCCGGGACGCCGGCGTCCCCATGGGCCGTGGCGCCGCGCGGGGGACGGCCGGACTGCTGGCGCCCCTGCTGGCATCGGGAGAGGTCTGGCTGTCGCTGCCCGGAAAGGCCGAGGCCTGGCGCGTCCCCGGCCCGCCGTTCCTGACGGCGCTGGAGCTGTCGCGACAGGCGGTGGAGCTGGCGCGCGCGGTGGAGCTGGGCGAAAGCCGCTTCGAGCTGGCCCCCGCGGGGGCGAAGCCTTCGCTCCTGGTCGACCTGAAGTCGGGCCAGGCGAAGGCGGGACGCACCGGGACGCCCTTCCCGCTCGCGGGCAACGTGCTCGCCGCCGCCCTCTTCCACCTGGGCGAGTCCCTGGCCGCGGCCTTCGCGGAGGCGGACCGCGCGCTGGTGGCCAACCCGTACCGGATGGAGCTGGCGGAGCGCTGCCGCGAGGGCCTTTCGCACTTGCGTGGCCCCGTGCAGCCCCCCGAGGCCAGGGGCGCGGCCCGAGAGAAGAAGGCCCGGGCCACAGGCCAGGGCACCTCACGTCCGTTGAAGGTCCCCGGCCGGTTGCGCCGGCTGCGCTTCGCGAAGCTGTGGGAGAAGCGCGGCCTGCCGGACGCGGAGGAATCGAGGCTGCTGCTCGGCCGGCACGGGCCGGTGTACTGCGCGCCGCAGCTCGCCTCCGCGTTCTCCCGAAAGGACGGAGCCCTGCTGTGGAAGCGCGCCGCGGCGCTGGGTGTGGCCGCGTCGGCGGATGGCCACGCGGTGGCGGCGGACATCGCGCGTGTCTACGGTTTCACGGGCCGGGGCGGCGGCGCGCGCTGGCTGCATGACCACGACGGAATCCCCCTGGGTCCGCTGCTACTGCGCAAGGACGGCCTGCTGCTCACCTTGTCCGAGGACCGCACCGTCGTGGCCTTCGCGGAGGCCACGGGCCGCGAGGTCTGGCGCCTGGCGCCGCCGCGGACCCAGCGCAGCTGGCTGGCCACCCAGGGACACCGCGCGCTGGTGGGCACGGACTCGGGCTACCTCTATGGGCTCGACCTGGAGGACGGCCAGGTCCGCTACCGCATGCGCGCGCCCATGCCGTTCCACGGGCCACCCGTGGCCTGGGGCCGGCGCTTCCTGGCCATGCTGGGCCGCGGCTCGCACTGGGCCGTGTTGCTCGCGGATGCGCACACCGGCGAATCCGTATGGACGCATGAGCCGGACCTGTCCCACCTGTCCGCGCCGTTGCCCGTGGGCTCGCGGGTGTTCATCGCCGGAGAGCGCGAGCGCGAAGGCATGCTGCTCTGCCTGGACGCGAAGGGCCGGCGCCTCTGGGAGCGCCCGCTCAACCTGGGCCCTGGCCCCTATGCGTTGGCGCCCCTCCCCCGCGCGGTGGTGGTGACGAGCGCCTCGGGCGCCGCCACACGGGTGGCCGCATCCGGCACGGTGGACTGGCGCGTGGGCGCCGCGGGCGAGCCGCTCATCAGCGCGCTCCCCGCCCATACCGCGCGCGACGTCACGCTGGTGCCAGGGGAGCGCGTCCGCGCGGTGGACCCCCGCGGCGGGCAGGTGCTCGCGGAGGTCCAGGCCGGCGTGGGGCTCGTCGCGCTCCAGGCCGACGTGCGCCTCAACCTCTACTTCCTGGACGATGCCGGCACGCTGTCCGCGTACCGGCTCGGCTCTCACTTCACGGTGGTCGAGTAACCCCCGCGAAGGCCTAGTTCGCCGCGGCCTTCGACGGGTCGATCTCCTCCTCGGGGCGCTCTTCCTGGGTGGCGCCCTCCCAGGACTCGCCGGCGCCGAGCTTCCATTCCGACGGCACGTCCAGCTTCCACACGTAGGTGGACGCCGCGGTGCCGCCCGACGCCGCGCTGGAGGAGAGGTTGATGGTCATCTCCACCTTCGCCACCTCGTTCGGGAGCAGGTCCAGGTCGTAGTGGCCCAGCACCATCTGCGGAGGGAACGCCCGGACGAAGCGCTCCGGGTGGTCAATCTTCATGGACGGGTCGGCGCCGCGCATCTCGCCCAGCAGCTTCCCCTTCGCGTCGGTGAGCTTCCACACCGTGTCGAACGTGGCGCTGGTCATCATCTTCAGCACCTTGCCGTCGTCCTTGAGCACACGCTGCGCGCCCCACACCGCCAGCTGCAGGCGGATCTGCGGCTTGCCCAGCACCATCACCACGTCGGAGGAGATGATGTCCAGGCGCATGCCCTTGTCCGTGGCCGTCCACACCGGGCGGTAACGGCCCTCGCGCAGGCTGTCGAACGTCTTGCGCGTGTACTCGTAGAAGGCCTTGCGGTCGTTGGCACGGTCATCCTTCGCGCCACTCTCCTCGCGCTTCTCCAGCTCCAGGAGGTAGTCGTCGAACTTCGTGTTCCCCTTGAAACGCGTCAGGTGCGCGTCCACCTGCTCGAAGTAGTGCTTGAAGAAGGGCTTCAACTCATCACGGTAGCTGGCCTCGTCCGGGTTGGCGCGCATCCAGCCCACCCGTTCGAGGTACTCCGCGTGAATCCGTTGCTGGTCCGCATCCCGCTGGGCTTCCAGCGCGCGACCGCTCGCGCTGCGATAGCTCATGACGGCGGCCAGCAGCACACCCGCGACGATGACGATGACTCCGAAGTAGCGCTTCACGCGGCAGTCTCCTGTGCCTTTGTCCTGGCAGTGATATGAAAAATCCCCAACGTGATCCAGGCCACCGGGACCCACCTGTTCACCACGCCCCTTCCATTGGAGGAAGGAGAGCTGCTGGGCAATCCCCAGGTGGCCTGGGCGGCCTACGGAGAACCATCAGACGGCAAAGCGGTGGTGTTGCTGCACGACCTCGCGCACTCGCACCTCGCGCTGGGCCCGCCGGAGGACTCGGCGTACCAGCCCTCCGGCTGGGGACGCGCCCTGGTGGGGACGAACCTCGCGTTGGACCCCGCCATCACCCCCGTCTTCTCCCCCGGATTGCTCGGCAGCCCTTTCGGTAGCACGTCGCCCGCAACGGTGAATCCCGCGTCGGGTGAACGCTGGGGGCTCGAGCTGCCGCCGCTCACGGTGCAGGACATGGCGCGCGCCGTGTCGGCCACGCTGCGCGCGCGGGGACTGACGCAGGTGCGCGCGCTGGTGGGCGTGGGACTGGGCGCCCATGTGGCGCTGCGACTGGCGTCGCTGTTCCCCGACCTG
