gap_id	start	end	length	sequence
NZ_CP030840.1_gap1	2172	5743	3571	GAGGGGCACCGTACCACTACCTCCAATTCATGGGCGTCTCGCGTCGCCGCCGCTGCCTTGAGCACACCATCAAAGAAGCGTTCACGCAGATCATCCCAACCTTCCTTCTTCACATCCTGCTCTTCGGGAAAGCTGATGGAGGCTTGCTCCGGATAAGGAGTCTCTTTCCCGGAAATCCATTCCAGAGTCATCTGCTGCCAATAAACTATGTGCCAAAGCTCCTCGTAGATACTGCGCGGCGCACCGGGAGCATGGCGATGCGCTAAGTCCTCATCCAGATCTTCGAGGATGTACGCGGGTGGCGCAGCCGCGCTGTCCCCGACCAGTGTCCGTTCCAGTTCGTTCATCAGGCTCCTCCCATCTGCCTTGGCTCGAATCAAGCTCAGGCACGTCTAGCACAGGCACTTCGAGCACCCGCACTTCATTGATATCGAAGCACCCGCGGTCGCTCAACCTCTTGTAGAAGCCTCCACTGCTGCCGCGATCTTCTTCAGATCCGGCAACACGTCTCCCAACTTCACGGCAGCGGCGCCGCGGCTTCCCAGCGCAAAGTATACGTCGCGATAATGGTGGAAGAGCCTCTCGTAGACCTTCACCGATTCTGGCTCCGGATGGAAGGTCTTGTGCTTAAGGCACATCTTCTCCTGGGCTTCTTCAATCGTAGAAAACGCACCCGCTGCCAGCAAAGCGAATATCCCGGAGCCCAGGCTGGTAGGCATGCCATCGGGCACCAGGATTGGTTTGTTGAGCACATTCGCGTAGACCTGGTTCAACACCGCATTGTGCTGCGGGATGCCGCCCGCATTAATCACCCGCTCGACCGGCACTCCATTCTCGGCCATTCGCTCGAGGATGATCCGGGTGTGAAATGCAGTGCCTTCGATGGCAGCGAAGAGTTCGTCCTGTGCGGTGTGAATCAGGTTCCAGCCGAGCGTCACGCCGCCCAATTCGGAGTTGACCAACACCGTTCGGTCGCCGTTATCCCAGCTCAGACGAAGCAGCCCGGTCTGCCCGGCCCGGTACGTCTCGAGTCCCTGCGAGAGCCGCTTGACGTCCGTGCCGGCACGTCTGGCGATGGCCTCGAAGATGTCTCCGGTGGCGGAGAGACCCGCTTCGATTCCCGTGAAGGCCGGATGTACGCTGCCCGGGACCACACCACAAACTCCGGGAACGAGGGTCGATTTGTGGCTCATTGCGATGATGCAGGTGGAGGTGCCGACTACGTTGACAACATCGCCTTCGCGGCACTCGGCGCCGATGGCATCCCAGTGCGCATCGAAGGCCGCGACCGGGATAGGAATACCGGCGCGCAGGCCCATCACCTCGGCCCAGGCCGATGAAAGATGGCCGGCCAGCTTATCGGAAGTGAGATACTCTCCTCCTAACTTGGCCCGAATGCCATCGAACAGCGGATCGACCTTCGAGAGAAACTCTTGCGGCGGCAAGCCACCCCACTTCGGATTCCACATCCACTTATGGCCCATCGCGCAGGCGCTGCGTTTGAGCTGGCCAGGATCAGTAACGCCGCACAGGGTAGCAGCCACCATGTCGCAGTTTTCGAGCGCGGTGACCAGCTTGTCTCGTTTCTCCGGATTGTGTCGAAGCCAATGCAGCAGTTTGGCGAATCCCCATTCGTGCGAGTAGACGCCACCGCACCAGTCGATTCCCTCGAACCTCTCCTGATGCGCCAACTCGGTAATCTGCCGTGCTTCTTCCAAAGCGCGGTGGTCGCACCATAGGTAATAGTCGTCGAGGGGCTCGAGGTTTTCTCCGACAGGAATGACGCTCGATCCGGTGGTATCGATCCCAATCGACTCGATCTCATCGCCCTTGATACCTGCCTCTTCGACCACCTTAAGCATTGCCTCCACCAGGGCATCCATCTGGTCGGTGTGAGATTGAGTAGCAAAGTTGGGATCTTCCCGCTTGCGCTTCAAAGGGTATTCGGCAGACGCGGTGCCGAGCCGCCCTCGCTCGCTGTCCAGCAACGTTACCCGCACGCTCAAAGTACCAAAGTCCACGCCCGCTACGATCGCCACAAGAACCCCCTTGAGATCTTCGATCTGAACCATGTCAGATTGCCACCACCAGCTTGGAGCTTCAGCATGGGGTAGGTCAAGTAAACCTTTTCTCGCTCGCTTCCCCGCTCGCTCACCTTAAGAAAATGCCTCCACTCCTCCCACCGTCGAAAACTCTAGCGCCACAAGACCTTCTTAGCTAGAATCGCTTCGGTTCCTCAATCCCAGTACGTGGGCTCGCTGACTCAGCATGCAGTCGGCGCCGCCTTTGGAGATCTATGCTGAACCCTGGTTTTCCGTCCCGCCGCACTTTCCTGTTCTCTACCGGCGCAACGTTGTTGGCTTCGACCCTGGCCCGCCGTTCCGCCTTCGCTGCACTGGCTGACGGTCCTGCTCCGGCCTCTCGAGTGGACGCCGACCAGGCTCTCCAGCTTCTGGTTGCGGGTAACCAGCGTTTCGTTGATGGAAAGATCACCCACCCCGGTCGGACCCCGGACGACTTCAAGCCGCTCGCCGCCGGACAATTTCCGATCGCCGCAATCGTCAGTTGTGCCGACTCCCGAGTAGCGCCAGAGATCCTCTTCGATCAGGGCATCGGCGATCTCTTCATCATCCGGGTCGCAGGCAACTACATCGATGGCGCCGGAGCTTCGGTCAAGGGCAGCATCGAATATGCTGTCGCCGAGTTAAATGTCCCGCTCATCATGGTCCTCGGCCATAGCCAATGCGGCGCGGTGAAGGCAGCGATCAAGCACATCCATGACCATGATGCGCTTCCTGGCGCCATCAACGTGATGGTGAACAGCATCAAGCCCGCAGTGATCGAAAGCCAGGGCAAACCCGGCGACCCGCTTCAGAATGCGATCGAAGCCAACGTCCATCGCGGCGTCGTCAAACTCAATACCCTAGAGCCAGTCGTCGCTCCGGCATTGAAGTCCGGCAAACTCAAGGTAGTCGGCGGCACCTATGATCTCGCAACCGGCAAAGTGATGATGCTGAGCTAGTAAGCTCGCTGAAACTTAATCGGAGGCTAAAATGCGCAAGAAAAGTCCGTCATCCTGAGCGCAGCGAGGGACCTGAGTCTGCGCAAGAAAAGTCCGTCATCCTGAGCGAAGCGAAGGATCTGCGGTTCCAACAAAAATGCGCAAACAGCCACCTTCTCGAATGAACTTCAGAATCGACACACTAGACCACAGCACTTAGCGCGGAGCCCTCACAACTTTCGCCGTCGTGATCGCCTGCCCGACGTGACGTTGGCTGTGGTCCGCGATGTGAACCAGAAGGCCGCCAACACTGGTTGGTAGTCGCTTCCTCCCCACAGTTCGAGATCGATTGAGATCGACAGCCAGCAGCGCTACCACTCGTCTTTTTGCCTCGGCGATCGCCTGATTGAATTCAGCAAAGATAGCTTCGCGGGTCGCATCTGCCTCCATTTCCGCCTTCAGCGCTGTCAGTTGTTCGGCAGAGAGATCTTCGCCTTCAGCATAGGTCAGCAGCCGGTCCAGGCTGCGGGCGATATGCCGGATCTGAAAACCAACAGATGGCAAATTGAA
NZ_CP030840.1_gap2	7454	10671	3217	ATTCGCAACCAGGCGGCGCGTGGATGCCCTATGTTTTTGTAAGTCTATCTCAGGAAATTACCTTGGTAGCTCGCCGCATTCTCCGAGGCGCAGCAGCAGAGCGAGCACCGAAAATCCAGTAGGCTCAAGAATTTACTTGATCCTTGCCGGGTTTGTGTCAACATGGTAGCCCGGATCCTAAAGGTCGATAAGGCGGGAAAGAATGCCTACTGTTCGTCTTTCGTTTGTTCGTATTTTGTTGATAGCTAGCTGCCTGATTCTTACCGTCGCTGCTTCAGCCCAGACCATAACCTGTTCCTCCGATGACATGGGCAGGCATGTTTGCCGTGCCAATACTTCGAATGGCGTCCAAATGGTCCGGCAGCGCAGTGGTTCGGCCTGTACCCAAGGCTATTCGTGGGGATACGACCAGGGCGGCATCTGGGTCGATCACGGGTGCCGCGCCGACTTTGCCCTGGGCGGAGGGAGCGCCGCGCCACCCGCGCAGGCGCAGATGCAGCCAAACGATGCCATGCGGCTCTGCAAAAACACGGCCAGCGGTCGTCTTCCTGGAGTGCCTCTCGCCTTTATCAGCACCTACCGCGGCACCGATGCCGACAGCAATACCTACATGATTAACTTCCACGCTCAGCCTCCCGGCGGTCAGAGTTCATCCGGCTTCTGCATCATCTCCAAGAATGGAAGGTTGCAGAACTTCCAGTTTGACCCGCGATCCAACAACAATGCCGGGGCCAGCAATTCCGGCGGACAAACCCCCCAGGATGCCATGCGCTCCTGCAAGAACGCCGTGAGCGCACGCCTGCCCAATGTCCCGCTCGCCTTCATCCAGGTCGACCAGCCTAGAGTCAACGGCGGCAGCTTGCTCGTCAACTTCCGCGCCTCCCCGCCGAACGGCCAAGCAGCAAGCGGCTCATGCGACGTCTTCAAGAACGGACGAGTGAATCTGCAATTCCGGTAATCAAGGCGTTCTTTTTCCGGAGGATCAACCGCGCATTTCGACCATTCCAACGCTTGCCAAGCTTAGCGGCGGAGAGAAGCCTGACGGGCTCAATCAGAGTTCCCCTAAAGCCCCTTACGGCTTCGGAATTCCCGGACAACGGCCGCCGGGTCGCGATGCTGGCCATCTACCGCATTGTTCATCGCCTGCATCTCTTCGGCTGAAATCTGCCCTGCCAGAGCCGTAAACGCCGCCCGCATCTGCGGCCAGCGCTCAAGCGCTTCCTCTCGCACCAGTGGAACCGCTTGATACGGCGGAAAATAATGCTTGTCGTCCCGCAGCACTGCAAGTCCGAATGCCTGGATTGGCCCATCCGTCGAATTCCCGGCGACAATGTCCACCTGCTTGGAGTTGAGAGCGCGATAGAGCAGACCGAGATCCATGGTTCTCGGTGATCCGTCGAACCGCAATCCGTAGGCGGCGGAAAGCCCGCGCAAGCCGTCCGGCCGCTCCTCGAATTCGTAGCCGACGCCCAGCCGCCACTGCGATGCATAACGGGTCGCCTCGCTCAGCGTCTGGATCCCGAGCCGCTTGGCGTCCTCTCCGCGAATGACCATCGCGAACGTATTTTCGAATCCCAGCGGCGCAGTGACGTCGACCTTGTAGCGCTCGCGGTAGAGGCGAGTGACGGTCGCCAGAGATGATTTCGGATTCTTGTCGACCGGCTGCTTCAATATCGCCGTCAACGCCGTACCGGTGTACTCCACGTAGCCGTCGATACGGCCGGCGGCCAGCGCCTGCTGGGCGATGTAGCTACCCGCAAGATAGAAGCGCCGCTCCACCTTCAGGCCGCTCTTGGCTTCGATCTCCTGAGCTAGCAGTTCCCCCAGAATCACCTGTTCGGTAAAGTTTTTGGCGCCAATAACCGGCCGATTCGGCCGGGGAGGAGAACAAGCCCCCAGCCAAAGAAAGGCTAGCAACAGGATCCCTGGCGGCAAAGCTGCCAGCGGGCCTTTCAAGAGACGTATCATGCAGACCAACGCGCCTCAGCTTCGACTTTGAGCGGCTTGCGCTTCGCACTCTTTCGCCCCGATAAACACGTCATCACGAGCGTCCTGCTGCAGGAACCCGCACCCATCGCTCCAGCAGGCCCAGCAACCCATCCGCCGCCAGCGCCAGACCCGCCGCCGGCACCGCGCCCGCCAGCACTAAGCGGTTATCTACCGACGCCACGCCCCGAAAAATGAATTCTCCCAAACCACCCGCCCCTACCGCCGCCGCGATCGTGGCAATGCCGACGCAAATCACCGTCGCGGTCCTCAATCCAGCCAGAATGAACGAAGCGGAAAGTGGAAGCTCCACCTTCAACAGGCGTTGCATGTTGCTCATTCCGAGTGCCTTCGCAACATCAGAAAGTGCCGGGTCGATCCCCTGGATGCCCGCATACGTATTCCGAATAATCGGCAGCAGCGCATAAGCGATGAGGGCAACAATGGCGATCCGGGCTGCACTCTCTCCAAGCCAAGGGAGCGGCAGCAAAAACCCAAACAGCGCCAGGCTGGGGATCGTCTGCAGGATGTTGGCAAATCCAAGAACCGGCTTCGCCCACTGCCCGTAGCGCGTCAGCAGAATCCCTGTCGGAATTCCAATTAGAGCAGCAATCAGCATCGCCGAGCCGGTCAGCCAGAGATGCTCAAGCGTTAGCGTCCCGATCTCCGACGCATGCTGTGCGAGAAAGTCTTTCATCGCGGCTGCCCCGCTGCCGATTCATCGCCGCGGTGGACGGCCTTTGTATAGGCAGAAACTTGCGGGATTTTTGAATTCAGGAACTCGCCGCTCTCCAGATCGGCAGCCACCCGTCCGTCTTCAATCAGCAGAATTCGCGACGCCAGGTACATCGCCTCATCGAGGTCGTGCGTCACCAGCAGGATGGTTTTTTTCAGGCCCGCCATCAGCTCGCGCAGCACATCCTGCATCTCCGCGCGAGTCAGCGGATCAAGCGCGCCGAAGGGCTCATCCATCAACAGCACCGGAGGATCGGCGGCCAGCGCCCGCGCCAGGCCCACCCGCTGACGTTGGCCTCCGGAGAGCTGGTGCGGGTAGCGGCCGGCAAACTTCCCCGCATCCAGCCCGACCATCTGCATCAGCTGCCGCGATCGATCTTCGATCTCACTCTTGGGCTTGCCCGCAAGCTCGAGCACGGTGCCGATGTTGCGCTCGATTTTGAAGTGGGGAAATAGCCCGGTCTCCTGGACGACGTAGCCAATCCCGCGTCGCAGC
NZ_CP030840.1_gap3	35028	38355	3327	GGGAGATCCGGTTTTCTTAATCCATTTAAATCAGTTAGTTGCGCCGGAGATCATCTTTCCAGGCTACCCCCGGGCGGGCTACGGCATACATCTCTGTCGCGATCTGGTCGATCAGACCGTTGGCATCGTCGCCAAGAAGATAAACGTTGAAATGGGTTCGTCCAGGCAAATAACTGAAATGCGGATCGCCGCCGAGCTTATCTAGAACGGCTTCCAGGCGATGCGCCGGTCCATCCAGGTAGAAAGTGTCGGCGGTGCCTACAAACACATGGATGCGACCCTTGAGCAGCGGCCCCCGCTCGCTCCAGGTGTTCTCAATCAAGTGAGCGAGATCGTAGTGGTCCCGCCAGTAGGCGATCACCTGGGGATGGACATCACCGCTTCGTCGGTCGAACATCGGTTCGGGAGCGCCGTTTGGTCCTCTCGGCGAGAAGACCCAATCGAAGGAACCCAGCTGGCCTCCATACGGCCCCAGGACATTTTCAAGACGGGCAAGCTGCTCAAAGGTGGCCTCGACCTTGCCTTCTCCACGGATGATCGGCCATGGAGACCCATCCGGCTTCCGGTAGAGATTGGCATGAGCTGCATAGAGGTCCGGGCCATTGAAGTCGTGGAAGTCGCTGGAATCGGGAGACGTCGACCAGGTTCCGCCAAAGATGTAGGGATAATTGATTTGCAGCTGCAGCGTCGCCCATCCACCACTGGAGTGTCCATTCAAGAACCGGCCATTTGGCCGAGCGTCCATGCGGTACTTGGCTTCCAGATAAGGGATGAATTCGGTGGTCAGCGCGGCCCCCCACGGACCATTGTTTACGGAATCAGCGAACTCATGGGTCCCCTGAGGAATTGACTCATCCAGCATGACCCAGAACATGGGCGGCATGGTGCCGTCCTTCATGCGGTCGTAGAGTCGCAAGCCGTCGAGCAGTGCAGAGTCCAGCCCAGCGCCGAAACCTTGCGTCCAGTAGGCGGTAGGGTAGGTTTCGCGGCTCTGCCCGGAGTAGCCAGGGGGAGAGATAACCCATGATCTGATCTTGACCTCATGCCCCCAGAAACGGCTCAGCAGCGGACTCACGAACTCTTCTTCATGCGCCCCGTCGAACTTGGCCTTGGCGGTCAAGGCAAGACGGCCGGCGGATCGTTTCATGTCTCCTGGCGGGTGGTGATCCAGAACCAGCAACGGTTCGGAGACGGAGCCAGGTTGCCAGTTTCCTAAAGAGGTCGCCGGGCTTATCCAATCCTGTGGTCCTCGTCCCTTGTAGTTATAGCTGTGATCTGTATCGAGAACGGCCTGAGCTTCATATTTTCCGGGCGGCAGCTGCATGAACGGCCTCGGGAAGGCCAATTCATCGGCATTGATCTCGAGCATCTCGCCGGGAGCCGCACTTATCACTTCCTTGGCCGCGACCCACGTGTTTTCTTGACTGAACTCGCTGGTAGTAATCTCGCTGTCTCCGGAGCCCTGGCGGACGAAGATCAACAGCCGGCCGGCAACGGGAGCGCCGGCCGAGGACGGAGCCTGAACTCGAAAGAAGACGTGGCCATGAGGTTGTGGGGGTGCAACCTGCTCGCCGCTTTGCCCCTGGATCAGACCGCAACCGAGCGGTCCGAGCGCGGGGATAAACACTGCTGCACCAACAACGACCATGCGCAGCCGCGCAAAGGCCATGTACTCATCCTCCGATGTGAAATGCAGCCATCATAGCAGTCGTCTTCACGCCTCCTTTGGCCTCAACGTCTCAGCCGCGGATGGATCCTGGGAAAGCGGTCCAGCCGCCGACAGCCGGTTGTACTACCGAACTGCCACCGCGAGCGAACTGCCACTGCGAGAATGGCCGGCCCCCAGCCGGGAGTTCATTTTCTAGATTTTCGAGAACTTGATTTTGCGGCTACTTTCCCCTTGGCGGGAGCGTTCTTCCGATCAGCTCGCCTTGCCGTTCCGGCTTTTTGGTTCTTTTCCAGCCGCGACTTCCAGGCCGTATGTAGAGCGCCAGCCAGCACATCCTCCGTCGCCAGGGCGAGACGAATGTGGGTCATGCCCATTCTTCCCCACCCTCCAGCCACCGGGAGAAAAATGTCAGGCTGCTCTCCGATAAAGTCAGCTTGTTGTTCGGGGGTAAGCTGCAGATTGCCGTAGCCTTTGCTCTGCGAGGCTAGAGTGGCAAAGATCCTGCCCCCGACGCGAAAGTCGGCCGCGCCCATATGAGAACCTTCCTCGCTGCCCTCGAGGCTCAGTGCGATTCGACGGAAATCCGATGCATCCACGTCTTCGATCCTTTTCCCGCTTGGGCTACTCCGAGCTTGAAGCCCTGGAGGTCCCAAGTGGCTTTTGGCCCAGGGTAATTCACAAGCAAAGCCAGGTTGCATACAATGGGAAGATGTTGCAGCTTCGCAGGTTGTTCAAGCTCACCATCTTCAGTTCAGTTGTCGTACTCTGTGCAGCCGCACACGCACAGGACGCAGACAAACGGGGCCGTAAATACGTTCCTCCGCCCGATACAGCCCATGTCTCCGTAGCAGTCATCAAGGATACGAACGGCAAGCCGGTGGAGAATGCTGCAGTCATCTTCCATATGGTCGGCGAAGAAGGCAAAGGCAACATGGAACTGAAAACCAATGAAGAAGGCAAGGCCATTATCGACGTAATCCCTATCGGGGATACAGTGACGCTGCAGGTGATCGCCAACGGCTTTCAGACTTACGGGCAGGACTACAAGATCAACAGCGACACGAAGGAGATAGTAGTGCGATTGAAGCGTCCGGCCCGCCAATATTCAACCTACGACCATCCGGCTACGTCGGCATCGACAAACTCCGGACAGGGATCCGGCTCCCAGTCTGGACAGACACCGCCGCCCCCGAAGCAGTAAGTTGCATGTTTTAAGATGTGGTAGCAAGATGATGGTTCAGCGTCGGATTGCAGACTACATTGTCTGCCAGTGAATAGCTCAAGACGCTTCTGCTGCAGCTTCACTATAAAAAAGCTCTCCACTGGAGATCCGCTGTATGGCAACGAAGCGCATGATGGGATTTTTGTTTCTGGGAGCGGGCCTGGCGCTCTGCTTTCACCCTTTTGCGCGCGCCTTTCAGGCTGCTCCAGATCAGAGTGGCCGAAAATCCGTAGCACCTCCTCGAATCGCTGATGCACCCCTGGACATATCGAGTCCAAGCTCCATCCTCGCTGTCGCAATTCCGCGAACGCTCAAAAATCGGCGTGCGGCCATGGCGTTCACTTACGGCATTCAATACCGGAACCGTAATTTCACACAAACCGGCAAATTGCTCATCGATTATTCGGCGAAATATGAAGTCATTTTTGTTGGCGGA
NZ_CP030840.1_gap4	39400	42153	2753	GCCACGCCCTTTAACACCAGGACCAACGCCCGGCGCGCGCCACAAATGTTGATCGGCTCATAGGACGCATTCAGCACCAGCACTGGCTTCTGCATGACGGCTGGAGGTTGGAGCCGCACGTCGTCGGACGAACCCGGGCTGGGCATCGTGTGGCACTTCGCCAAAGACTTCTGCTTACGCGCGTGGATCATGGCTTTGCCTAAAGACATTTATCCCCCAAATACTGAATTACTACTGTCCGTTTGCCTACTCACCGCAATCGGCGATTGCGGCGCCTCACTTCCCTAGTTGAAAACCTTCTTGCTTCGAATCCCAGAAGGCGACGTCGTCCTGCATTGGCAGTTCTTCGTCGTCGGCGATTTGGACGAACTGTGGAGCCGCGAACGTCTCGCGTTGCGGCCTCGCCACCGTCGCCACCCACACGGAAGCTGCACCGGCGCGACGCAACGCCTGGCTGCACGCCCGGGCTGTCGCTCCGGTGGTATATATATCGTCGATAAGCAGGACCTGACGCCCCGCGACCTGCTCCGGTCTAGGCACAAAAAAAACGCCGCGCAGATTGGCGCGGCGTTGATGCGGAGTGAGGCCAGATTGACTGGCAGTCGCTCTTCTCCGCTCGAGCATCCCGATCCTCAAGCGCGGATTCCATTCCGAACGTCGAGCGTGGAGAGATTTGGCTGCCGAACGGGCGAGCAACTCCGCATGGTTGAATCCACGCTGCTTTTGCTTTGCCGCATGCATAGGCACGGGAAGCACCAGGACGTCTTTCCACGCCATCCCCACGGAGGCAGCCTGATCGCCGAGTTCAAGCAGCACGTCAGCCAACCGTACTCCCAATCGCTCTGCGATTGCAGTCATCCCGTCGTACTTCAGTGCATGGATCAGGGAACGAAGTGTGCCGGCGTAGCCTCCATATGCGACTGCACGTTCAAAAGGAGGCGGAACAAGACGACATGGCTGGCATAACTGGTCCTCTGGCTTGAGGGCGGTGGTCGTCGGCGGGAAAAAGGTGGCGATTCGTAGATCTTCACTGCAACGCAGACACAAAACCCCGCCCTGAGGAGTTAAATCACTCCAGCAATTGCCGCAAATTGGAGAGCGGGTAAGCCGCAAAAGGGGGCTGCTGCAGATGCAGCATGAGGAGGGAAACAACACAGAGCAGACATCGTCCACCGGACTTCGCAGGAGATGAGGCCAACTTCGAAGATGGCGGACCACGGCTAGCCACGCCGTGGTTTCGGATGACGGAACTTCGAGCGTCAGTGAATCACTCTGACTGCAGAAGGCGCACCTCACAAGATCGGCAGACCTGTTCACGCAGATCGTAACCGATGATCCGAGTATAAGGGTAAACCCGCACTTCGCCAACTACGATCATCCTTCCGGAAGCGCATCAATGTGCGAGCGAACCGGCGCGATCACTGGAGTACCCTTTCGACAGGAAAGCGGTCCTTGACTGAAGCTCGTCTCTCCTGCGGACCCCGCTTCTCCCAGGTGCTGGTGGCCTTCACGATCGAGTGGGACAACGAGTTTGAGAAAATGCCGCCCTAAGTTACTAACGCGGCGCCTCTGCCCCTTAAACCTAATGCGCAATCGTTAATGTCAGCGCGGCAGTATGTGCGGTCGCTCCTGAAGTCGCAGTCACAGTAACTGTGCTGGTCCCGGCAGGAGTGCCTCCATTCTGAGGCGAAGACATCGTAGCACCGCTCCCACAAGCACCGATGCCCAAACCCAGCGCCAGCGCGGCAGTTGCAATGGCTGTGCGCTGTAAGGGAGCGGGCAATCTCCTGCGCAGTCTTCCCAGACCCAACAACGCCCCGATCCCTGGGAGGACCAGAGCATACAGCGGCCCGGAGTTGGATGGTAGTAGCGGCAATACTTTGGCTGAAGCCGCCGTTGTATTGATTGTCACCGTGGTCGTGATCGCGGCGGTCCCGTTCGGCGTGACACTCGCGGGGCTGAACGTGCACGTCGACGCAGTCGGCAACCCGGTGCAGGCAAACGTAACCGCACTATTGAACCCATTCAGCGGGCTGATCGTCACGGTGCTCATTCCCGTGCCCCCCGGCGCCATGGTCAGCGTGGTCGGAGCGGCCGCCACACTAAAGTCGGCGGGAGGGGGGGCCGTGATCGTCACAGGTATCGCGGTCGAAGTAGACGCGCCAAAATTGCCACCGCCCGCATAAGCCGCCGTGATCGATGCGCTTCCTACCGGAAGGGTGGTTGTACTGAAGGTTGCTACGCCGCTACCGTTCAAGGGCGCGGTGCCAAGCGCAGTGACGCCGTTTAGAAAAGTCACACTGCCCGACGGGATTCCAGCGCCCGCCGGAGCCGCGACGGTCGCCGTGAAGGCCACGCTTGCACCGAAAAGTGCGGTGGTTGGTGAAGCCGAGAGGGTCGTGGTCGTCGCCGCCGCCTGCACGGCCACTGTAACTGGCGCCGAGGTCGAACTGGCAAACGCGCTATTCCCGGCGTACGCAGCAGTAAGGGCCGCACTACCCGGGGGCAGCGAAGTGATGCTGAGAGTTGCGACTCCAGCGCTGTTCAGTGGCGCGGTTCCAAGAGTGGTGCTCCCGTTAAGAAAAGCAACGCTGCCGGAAACCGTACCTGCTCCCGCGGGCGCCGTCACGGTCGAAGTCAAGGTCACATTTCCGCCGAACGATAGCGAAGTTGGAGAAGCTGCAAGCGTGGTTGTGGTGGCCGCCTGCACAGGGACCGTAACCGGCGCCGAGGTCGAACTCGCAAATGCGCTA
NZ_CP030840.1_gap5	44705	45986	1281	GCGGCGGCCGCGCAGGGGATGGTAAAAGATCTAGCAGTCCTTGACCCTGCGAAAGCAGCTATGAAGGTAGGGATAGACTTCTAGAGAAGACTGGCTAATCTCCCATGTCGGTCTGAACTGATACCAAAACCCAGGAGTACTTGCATTGCGATTTATCGACCGTGAAGAAGTTGCCGCACGGCTTACTTACGAAGTATGCATCCCCATCATGCGCCAGGCAATGATTGCATTGTCGAGGGGAGAGACGAAGCAACTCTTGCGCTCCATCATTCCCTTGTCCGAGGGTCGATTATTTGGAATCATGCCCGGGGCAATGGGCTCACACGCCCCCTTCGGGGCAAAATTAATCAGCGTTTGCCGCGATAACTTCGCCGACGGCAAACAGTCGCATCAGGGGCTCGTCGTGCTCTTCGAACCCGAAACTGGAGCGCCTGTTTGCGCCGTTCATGCCGGCGAAATTACGGCCATTCGCACAGCATCCGCGAGCGCAGCAGCGACCGACGCATTGGCCCGCAAAGATGCTCGACGCCTTGTGCTGCTTGGCTATGGCGAGCAGGCTGCGAGCCACGCGGGGGCGATCTGTTTGGTCCGTGACCTCGAATCGATTGTCGTTTGGGGGCGGTCGCCGGAACGCGCCCACAGCTTCGCCGAGCGGCTACGGACAAAACTTGGCCTGCCAGTATCTACGGCAGGATCTGTACAGGAAGCGGTCGCCCATGCCGACATCATCTGTACAGTTACCTCGGCAACTGAGCCGATTTTGCGGGGCGAATGGGTGCGACCAGGCACCCATCTGAATCTAGTTGGGTCTAGCTACGCGGGGCCGGCGGAAGTAGACAACGACCTTGTGCTCCGCTCGCGATTCGTTGCCGACAGTCGCGAGGGCGTCCTGCATCAAGGCGCAGAGTTCATCCGCGCCAGGGCGGCCGGCTTGGTCCGAGACGAACATATCGTCGCCGAGATCGGTCAAGTTCTAATGGGTGAGATTGTAGGCCGCCGCTCCGCCGAGGAAATTACGGTATACAAGTCGCTTGGTCATATAGTTCAAGACCTGGCTAGCGCGTGGGCCCTCTACGCCCCACAGTCTCCAGTGCCAGCACACGGAATTTAAACTTTCCCTTAAATCAATGTAGGGCGGAGATAAAATCAATGGGGGATTTGATATCTACTTGAATAGGAGCAATCACTCTCGTCTTGTGTTTGCGAAAAAGATCCTGTTGTACTTCGTTCGCCAGCTACTCAGCGATGACAGGTTCTACTTTGCTGCATCTAGTGGTTTGG
NZ_CP030840.1_gap6	115612	116985	1373	GGTAATCGGGGTAGGAGATGTTGGATCGCGGGAACAGTGTGGCACTCTCCGCCACTTCCACCAACCGGTTCGGATCCGCGTACGGCAGCGGCTCGATCAGCGCAGCGTCGACAAAGGCAAAGATCGCCACACTGGCGCCAAGCCCAAGCGCCAGCATCAAAACCGCCGTCAACCCAAAGCCCGGATTCTTCTTCAGCTGGCGGAAGGCAAAGCGCAGATCTTGCAACAACATGATGAAGTACTCCCGCGGTCGAGATGTGCACGTCAACCACCATCATGAGGCGACGGTAAATTGTAGAAAGAAAGCAGGAGAGAGGACCTCGTGCTAAAAACCGTGTCCGGGAACACAGGAAGTCTGTTCAGAAATGAACAACGGAGTGCAGCAAAATTTGCCCGGAAAAGCTCTCAACCAGGATTCGTGCGAGAAGACTAAGACTTGATCCATCGATAGAGAGCGAGCAGATGCTCCACGGACATACCGTTGATGGTCATTCCCGCGAGGGCGGAACATCGAAACCCTGAGACACAAACGGTAACGGGCGGCTCAACTCGCAGGCGAAATATTCTTCTTGCGGCTCAACACGCTCCCGACCTTTACGCGTGACACGGTTGAGGCGTGGTCGATTTTCCGCCAGAATCCGACAAAATAATCCACCGCCGAGATGATCGAGACTACCACCATGAAGTAGATCGCGGTGATCGCCGTTGGATACACCCACAACGTAAACCAGCCGAAATGCCACTCATACCAGCGATGCGCCAGGATCGTCGCCACCACGGACACAATCTGGATGACCGTCTTCAGCTTGCCGAGGTTGCTCGCCTCAATGGTAAATCCCTCAGAGCTGGCGATGGACCTCAACCCGCTCACCAGGAACTCCCGCCCGATCACCAGGACCGCGATCCAAGGCTTCATCACGTGGGGGTTATAGCTCACCAGGCAAATGAACGCCGCGCTGATCATCAACTTGTCGGCCAACGGATCCAGCAGCATCCCAATCGTGGTAATCTGCCCGCGACGCCGCGCTAGATATCCATCCACCCCATCGGTGATCGAAGCGGTGATGAACACGAGCGAGGCAATAATCTCCTGCTGGCCGAACGAAGCATCATGAAGTGGAAATGATGGAGAGAGCAGCCAGATGAGCACAGGCACACTGAGAATGCGGCTCAACGTAATGGAATTGGGAAGATTCACACGCTGCCCTTCGCGGGAGTTGGCGTTCGCTTTATTAGAGCACTTTTTAAGGAAGTATAGGGCCCCAATCGGCTCCCGAGGAAAGAACCGCCCGTCACCGAATTCTGCGATCGACACTATGGGCATGGTATGCTTGCGTTCGCGACCAACCTTAAAGCCCCTGACAATCTATAGA
NZ_CP030840.1_gap7	119610	124365	4755	TCATCGCCACTTCGCAAGCCTTACCTGTCGATCGGCCGAAAGCAGCCGCGGCTTCGACGCAAGTCTTCCGGAAGATGCGCTGCCACTCCTCCCGCACTTCCTCCGGGTTCAGAGGCTCGCGCCGGGTCTCCGAACCATCCTTCTTTTCGAGTTGCGCGAACAGTGTCGCCAGTGCGGTCTCGTCAGCGGTGACGGTGAACGTCCCACTCCAGTCACCTGCTAAATCGACCATCAAAGTCATGGTCGACGCGCCAGGGGGAATCGCAGCGCCCGGTAATAGATTGAAGCTCTGTGAAAATTCCGCCTCAAGAACTTCGGCGGCCACCTTCAACCAGCTTGCTATAAACATGCTCATGCCACATAGTTTCCGCCCACCACGAACTGTCCAAATGCCTCGATGACACTGCCTGCGGCTGCCGTTCCTTCTCCTCCATGGAGTAGAATTCTGCGACTCGAGGCGATGTTCAACGAGAGTCGGAAAAGCGTCAGCAGGAGCAGCAGTGTTGGGAATACGGAAAAATCCACTGCTCGTCTCACCTGGACGGCCGAGAGAAACACCAACACCGCCGCCGCCATCGAAAGCGCCAGCAGCACATCAAGCAGTACCGCCGGCATGGGGACCAGCATGACAAAAACCACACTAATGGCGGCAATGGGAAGCACCAAGTCCCGGCTCGACTTCAACAGCCGCTGCGGCCAACTGCCGAAAACCGTAGACCTGGCGGCTGGGGTGGATAGCCCGGAAGTCACATCGTTGAGCGCGGCCGAAGTCTCCGGTGGGTTGGCTGCCGGCGTAGCCGGACGAGAGAGGGTGGGGGTGGATGCGGCAGCGGGTAGTGCGACAGTGCTCATTAGGTCTCCTTTAGAACGGTGTCGCATCAACTCTGGGAGCTTTTTCCGATCGTACGGTGCGCAGAAAGCAAGCGGCAGCTGGAGTCAGACCATTGGAAGCTTCCTCTAACTGCGCTTGGCCTAGCTCGTTCCGGGTTCCTTTACATCCGGTTTACCGCTCACTGGCGAAAAGGGCCACGGAGGCGGAGTCGCTCGGCGGAGCACTTGTTGGCGCGCCCGGTCCTCGACTTTCTGGCGGTAAAGATAAGCGAGAATGCCAGCCACAGCAGCGAAGAGTTCAAATGGAATCGCTTGTCCTGCCTCTACGGAGCGATAGAGTGAACGTGCCAACGGAGGGTTCTCGACGATGGGAATACCCGCCCATCGGGCCTCCGTCTTGATCTGTTCGGCAACCAAATTTCTTCCCTTCACTAGAACCCGGGGTGCGTCCATGGTGGCAAAATCGAAGGTCAGCGCGACCGCATAGTGAGTCGGATTGGTGATGACCACCGACGCTTTGGCGACATCGGACCGGATCATGCGCGCACGCATCTGTCTTTGCAGATTGCGGATACGTCCTCGGATTTGGGGATTGCCCTCCGATTCCTTATATTCGTCCCGCAACTCTTGCTTGCTCATTCGCAGCCGTTGCGACCAGCTCCGATATTCGATCAAAAGTCGACCGCGGACCAGACGCAGAGGATCCATGCAGCGTTGACCAGAAGTGCATAAGCCCCACCCATGACCTCGGGCATCCGGGCCACGCTGAAGACCGGAAACTCTGCCTGATGCATCAACTGTCCCCACGCGAGCACACTCAGTACCGCGACGGGTAGTAAGGTCTTGAAGAGCCGGGCGCCACTTCGAAGAGAGAACAAATTCTTCAGGTTGGCGATCGGATCCAGGCGCGTCCATTTCGGCTGCAGAACAGGAGCAAAGAATCGAACACCGCCGCCCTGTATGATCCCAGCGGTAAGCGCCGCACCGACACAGGCCAACATCACCGAAATCACGGGCAGCATCACGGCGACCGAAGCCCCGCGTAATTCGAGAACCGCGGCAATCCCTCCCTTGCCACGCCACGCTGGCGTCTCGGCCATCCCCATTAACCGCTGAAAAGCGGACATCCAACCGGTCAGCCAGGCCGGAGCTATGGCGCCGAGCGTCAAGCTGCCTGCTAAGGTCACGGAGGCCGCCAAAAGCTCACGGCTATGAGGGCTATCACCCTGCTCCCGAGCCTTCTGCCGCCTTCGCGGGCTGGCCTGTTCCGTGCGTTCTCCGGCCATCGATTGCCTCGCCTCTCCCCTACGGCCTCGTAAGGCCTTCCCGCAGTAATTTCATGGCCGCATCGAGCAATCCGGAAAAGCGGGCCTCGATGAACCGTGGCCACAATGCCAAGGATCCGATCAGCACTACGTAGCCCGCAATCGTCTTGAGAGGAACGGTAATCGCCAGAACCGGCAGCTGAGGGGAGATCTTCCCCAATAGCGCAATCGTGACCTCGATCAACATGGTTGCCGACAATGCTGGCGCAGCCATTTGCAAGGCCGAGGCAAAGATTCCCCCCGCCATCCCCACTACAGCCAGTCCGGTATGCGCACCCAGCCAGACTCCACCGAGCGGCGCATCCACAAAGCTTCGAATTAATGCCGCTACCAGCACTCGATCCAGCCCGGCTGCGATCAGCACTAGTGTGCCGATCAAGGTAAAGAATTGTCCCAAGAGCGGCGTCTGGACGGATGAGTTCGGATCAAGCAGATTGACGAGCGAAAAGCTGAACTGAAAACCCAACACCTGGCCAGCAAACGACAACATCTCCTGCACCATGGACAACAAAAAGCCGAATAGCAAGCCAACGGTTAATTCACCCGCAATCGATCCGAGCCCGAGCTCGAGATGGGCCCTTGGAAACGCGGCGACCACCGGCGCCAGCAATACTGATAAGGCCAGCAGGAAGATCGCCTTCACTCGCATGGCAATCGCCAGAGAAGAGAAGATCGGAGCAAACACCAGCAATCCACTCAACCGCACTGCTACCAGAACCATCGCAATGAGATAACTCGACCAATCGAGGCTCGCGTTCGGTATCAGGCTATCCATCCCGCTTTCCTTCTCGATTCTTGACATCTAACCTATGGATGAAAGCGGGTTTTCTATTCGCCCGGTCTCAACCAAGAAAACGGTGAAAGTCGCAGAACAGCCGCACCGTGTAGGTGACCAGCCGCCCCAGGAACCAGGGCATCCCGATCAGCATGAGTGCGACCACTATCAAAAGCCGGGGAACTGTCGTCAGCGTTTGTTCTTGGAGGGAAGTCAGCGTCTGAACCAGGCTCAACAAGAAACTCGTTACGCTCGCGGCAAGCAATACCGGCCCACCCAAGATCATTGCCTCACGCAGCAATTGGCGCATTAACTCTGCTACTTGATCGGTCGACAAGGTCTCGCTCCTTCGCGTATGTCACCGGCAGCCAGCTAGCTGTCCGGTCAAAAACTCTTGAGCAGCGAGCCGGCCAGCAAGTTCCAGCCATCCACCATTACAAACAATAGGATCTTGAGCGGCGTCGAGACCACCACTGGCGGCAACTGGAACATGCCGATCGAAGTGGTGATAGAGGCCACCACCAGGTCGACCAGCAGGAAGGGGAGAAAGAGCACCGCGCCAATCTGGAAACCGGCCTTCAGTTCAGACAACATGTAAGCCGGCACCACGACTCGCAATGGCAGGTCTTCCGGCTTCGCCGGACGAACTCCAAGCGAAGCCGACGCAAATAGCTCAAGGTCCTTCTCCCGCGCGTAATGAAGCATGTACAGGCGGGGCGGCTCCATTCCTTTTTCAATCGCACTCAACCCCGTGATTTGCCCTAATCGATATGGCTCGACTGCCTGCTGGTCAACAGCCGTCAGGACGGGCTGCATGAGGAACCAGGTCATGAACAGGCCTAATCCGATCAGCGTCTGATTGCTGGGGGCAGTCTGGGTCCCGAGCGCTTGACGAAGAAAGTGGAAGACCACCAGCAGCCGCACCATTGGGGTCATCGAAAGCACCAGTGCCGGCAGAATCGTCAACAGAGTTAGAGTGAAAACAATATTCCACGGCACGGCATTGTTGCCACTGATATGGGACTCAAGGCCGGAAAAGGAAGACAGCTTTGCGGCCGGAGCTAGGAACAATATCAGCAACGTCATAGCGCCATCCGATCATTGAGCGAAGGCAATGCTGGACCGACGGCCAGGGGCAAGCGCCTTCTTCGCGACCGAAGTCGGCGGGTCGTCACCCGGTTCGGTTGCGCGGTCCGGATGAACGGGCGGCCACCCCGATCGCCCGTCAACGCCTGCTGCCAAGAGCCAATTTCGATCATTGCCGAGATTGACTCCGGACTGTCGGCCACCAAAAAGCGGTGTTCTCCGCAGCCAACCACGAGCAGGGATTTCTTTGCTCCCAGATTTAAGCGGGCAGAGATTGACAAGGGCTGCGATTGCTCGGCTTGCCGTCCACTGAGCCTCCCCATTAGCATCGCCCAAATCGGCCAACACTTTCGCTTGAGGTTCGCTGCCCACTCGCCTGCTGCTTGGAGAGGCATGGTTCCGAAGTCCGAGGAATCGTTCCTGCTCATACCAGCCTCGTGACTCTGACCGCCAAGGTCTGGTCGACAACCTCGAACTCGGTCCAGACGAGGTGAACGTCGCCGCAAGTAAGAGGAACATCGTCGGTACTCGGCCAGGCCGACGGAACAACTCTCCCCGGAGCGAGGGCCATCAGGTCGCCTACCCGGAAATTGGGAAGCGGAACGCGGACATCCAGTTGAACGGGAAGTCCCGAGATCCGCGCCAATTGCAATCTTCCATCAAAGGGCGGATCGGACGCATGGCTGCCGGTTGGCCGCAACAAGGCGACACCGGCAATACCAGCCTCCTCCCCCGCCG
NZ_CP030840.1_gap8	173936	178381	4445	CTAATTTCGACGGATGCTTCATCCGCTTGGACCAGGTCATCTCGGAGACGTGGACCAGGCCTTCAATCCCCTGCTCCAATTCGATGAACGATCCATAGTCGGTAACGCTCAGTACCCGTCCGCGAACTCGAGCCCCGACGGGGTACCGCTCGACGGCGTCCAGCCACGGATCCGGTGTCAGCTGCTTGAAGCCCAGTGAAACCCGCTGCTTGTCCTTGTCGAACTTGAGCACCTTGACCTGGATCTCATCGCCGACGTTGACTAGATCCCGTGGATGCGTCAAACGTCCCCAGGACATGTCGGTGATGTGCAGCAATCCGTCAATCCCGCCCAGATCGACAAAAGCGCCGTAATCAGTCAGATTTTTCACCGTGCCGGTGAGAATGGTGCCCTCTTCAAGGTGCTCCAGCGTCTCATTCCGCTTGGCGGTCTGCTTCTCCTCAAGAATTTCCTTGCGGGAGACAACCACATTGCCACGCTTTTTGTTCAGCTTGATGACCCGGACTTCAATCGGCTGACCGATGTATGTATCCAGGTTGCGAACCGGCCGAACCTCGAGTTGCGAACCAGGCAGAAATGCCTTGATCCCGATATCGACGGTCAGTCCGCCCTTAACCCGGCCGAGAACGATGCCTGTGACCGGCGTCTTGTCCGTCGCCGCCTTTTCGATGACGTCCCAGACCCTATGCCGCTGCGCCTTTTCGTAGCTCAGCAGGTATCCGCCCTCTTGCTCCTCGCGCTCGACAACGACTTCAACGGTGTCGCCGGGCTTTAGCTTAGGCTGGCCGGTATGGTCAATGACCTGCTCGATCGGGATCAGTCCTTCGGACTTCAATCCGACATCAACGACCACGTGCTTGTCGGTCAGCTTGATAACTGTACCGGTCACGATATTGTCGTCAAAGGCCAAGGTGGCAGCCTCAGCGGCCTGCTCACGGTCGAATGACTCTAGAGCAGCGGCGAAATCCTCCATCGACATGTCCGAATCAGAATCATCGGCAGCAGACGCGGAGGAATTTTCGCTTGCGACGGCTTCTGCCGCAGGCACGGCGGTTGCGAGCGCCGGGGCTTGCACTAACCGGCTATCGGCGACAGCATGAAGCGAGTCCAAGGCCGCAATTTCTTGGGAATCGGCTTCGGGGTTGGGGGCGAATTCGTGGGACGGCTCTGCTTGCTCCGTCGCTGCATCAAGGGTTAGGGTTTCCATTTCAGTGCTCAGGGGTGTGCTCTCGGTTTGTTCAGGATTTAGGACGTCTGCCATTGGGTGCCAGCTCCGGGATCGATCGGTCGGCGGTCCCGTTTTCCGCCCTGCAGATTAGCGAGCCGCTATGCTCGTTTAAGCATGGCTCAGTTCCTGCAGATTTACTTCGCGTATCGTTGTGAATTTTTTGCAACAATCGCAAGAGCGCCGGGACTACTGCCGAATTTTTGTCGCTGACGGATCGGACGTTCAAGAGGGGGGAAGGAGTGAGTGGCCAGGGTTAAGTGGCCCGGCTCTACTTCGTCTCCGATCGGGAGCATCCGGCAGGCAGGGAACAAGATTGCGGCGTTTGCAGGTCACGCAAAAAATCCCGAACGCAGACCTACTCAGTAACTATAGCAATCGGGCCGAATGAGTGTCAATGCAGGTACCCACAAAGAGCCGCAAAGCCAGCCGATTCGCGGCTCCTAGCGTTTGAACCATCCTACGGCCAAACATAACGGTCTGGGCATCGTATAAGTTTGATCGTTGTCGAGAAGGTAATCCAAAGAGGTTGCTAGAATGAATCGCCGTCACTTTTCGTCTATCCTGGGCGCGCTTGGGCTGCTCCCAATTCGGTCCATACTGGCGGAAGGCGGGTCAGCCGGGAAAAGGCCATCCTCTCCTGAACAACTTCATCTCACCCGTAACGGCTGGATGCCCAACAACGACAGACTTCCTGTGCTGCTTTATCGATCTGCCTTCCGCATTTCGTCCGGAAAGGATGCCGCTGCGTTCTTCGAGCAGATTTTCACCAAGAATGGATGGCCGCCACAATGGCGGAACGGTGTCTACGACTTTCATCACTACCACTCTACCGCTCACGAAGTGCTCGGCTTCGTCGCAGGCCACGCTCAGTTGATGCTGGGAGGAGAAAATGGCCTTGAGATCTCGGTAGAGGCAGGCGATGTAGCTGTGCTGCCCACCGGAACCGGTCACTGCAAAATCAGCGCCAGCCCGGATTTCCTGGTGGTTGGAGCTTACCCGCCCGATCAGTCGTGGGACATCTGCCGAGCTGCTCCATCGGCAATCGCCGTCGATCGAATGAGCCGTCTCCCGTTTCCAAACTCCGATCCGGTCGAGGGCGCGCGTGGCCCTTTAATTCACCTTTGGCGGAGCGTGTAGCCACCCTCAATCTCGCCTATACTCACGCATATGGATCATCTCTGGACCCCGTGGCGCTATGCCTACGTGAGCGCCGCCGACGGCGCAGAGCGGCAGGGTGTCCCGCACGAACTGGCTGCCTGGCCGGGCGATCATCATTGCGTGTTCTGCAACATGATCGCGGCAGTAGACTATGCCGAACTGCACGGAATGCCCATTGCAGAAGCGGAGCGCGCAGCTGGCATTGTGCATCGCGCCGGTCACACCTTCCTGTGTCTCAACGCGTATCCATACGCGAGCGGCCATGTGATGATTGTCCCTTATCTGCATGGGAGCTCTCTCGCTGCTCTCGACCGCCTCATCAGCCATGAAATGATGGACCTTGCGCAGCAGACGGAGCGCCTCTTCGCCGACCTTTATTCGCCGCATGGGATGAACTTCGGTCTGAACCTCGGCAAGGCGGCCGGGGCTGGCGTTGCCGGACATCTCCACCTCCACGCCTTGCCTCGCTGGGATGGCGATACCAACTTCATGACCACCACCGCGGAGACGCGAGTCCTGCCTGAGGCGCTGACCATCACCTGGGAAAGAATGCGCAAGGCATTTCTTGAACCGTCCGTTCAAAAGTGTTGATCGCCACCCTTTTGGATCCGCGACTGAATGCGCATCCAATGAATCAAAACTCTGTAGGAATATTTCGAGAGAAGTTCAGCGAGGGCAACATGCCGGGAAGAGCGACAGTTAAGTCTACAGCGAAGCCGCAATCCACACCCGCGGCCAATACTCCACCCAAAGTGAAGGCGAAATCCACTCCGGCCTCTAACCGGCCCGAAGCAGGAGCGAAAGAAGATGAGCACGCAACAAAAGTTGATGCGCCGACGGCCGTCCAACCGGTCGAGCCAGAGGACGCTTACCTTACCGGCGTAAGCCGTTCTTTGCAGCGCCGACTCTTAGGACTCAACGTGCAGGGGTCGCAAGGACAAGCCAAGCCCCACCCTGAGGCAACATCGGCCGGCTTGCACTCTACCGGATCGTTCGCCGATGAGAAGCCGGCGGCGAAGACCAAAAAGAAGTAGTTTGGCTTTGTCCCTGTTGGTCTTAGGGCCGCAATAAGCGGGAGGATTCTGACGGAGTTACGTCCCAGTCCTCTGCTCGTAGTGGGCGGGTGTCGAGTGCCAGCGATCCGATGCTCTCAAGCTCAGCGGTCTGCGCCTCGATGCCTAATTCCCTGAGTTTCCGCGCCTGCGCAAAAACTCCGCCGCGGCCTTCGACTACATTGACCAGGCTATCGAAGGCCTTCCCTGCCTTGCGGATCCCGTTACCCACTTCAACAAGATATTCGTGGGTCTTACTTAATTTTTTGTAAAGGTTCAGTCCGGCTTCTTGAATACGCACGGCGTTGTCCGTGATCTCGCTCTGCTGCCACCCGATCGCGACGGCCCGAAGCAGCGCAATCAGCGTAGTTGGAGTCGATAGGACTACATTGGCTCTGGTCCCGTATTCGATCAGGCCGGGATCGCCCTCCAGCGCGGCGCTGAAGAGGGCCTCGCTGGGCAGGAAACACACGATGAAATCGGCCGAACCGCTAAAGCGTTCGAAGTATCTCTTCTTCTGCAAGTCTTCGATATGGCGCTTGACCTGGGCCGCGTGCTGCCGAAGTTTTTCCCGGCGGCTGTCGGCGTCAGGGGCCGCGAGCGACTCGAGAAAGGCCACCCAGGGCGTCTTGGCATCGATGACGATGCAGCGTTTGTTGGGCAGGTTGATCACTACGTCCGGGCGCACCGATCTGTCGGCTTCCCCTTCGCCAGCAAGATGCACCTGCTGTTCGAAGGTGCAATGCTCCACCATGCCTGCGAACTCGATGCAGTTCTTAAGCTGCTGTTCTCCCCAGTTGCCCCGGGTATTCGGCGCCCGCAGCGCCTGGACCAGATTGCCCGTCTCTTTGCGCAGATCGCTATGGCTGCTCTGGATGCCTTCTACAAGCGTCTTGACTGCAGCGTAGGCTCCCTCTCGCTTGACTTCGAGATCCTGGGTCTCTTTCGCCAGCGCCTCGAGCGTCTTCCGCACCGGTTCGAGCAGATTTGCGATGGCCGTCTCTTTC
NZ_CP030840.1_gap9	223976	225540	1564	GCTCAGCGCGTCTGTCCAGTCCCATGGCGAGTCGACAAAGCAGTCGGGGTCGGCGGCGTCGAGGGTATGCGGGGAGAGGCCGAAACGGCAGGCGAGCGCCCAGGCTCCTGCGCTCCGCGCGGTCAGAATATCGATGTCCGAATCGCCCACCATGACAGTCTCGAACGGATCGACTCCTGCTTCCTGAATTAGCGCCTTGAGGCCTTGCGGATCCGGCTTCTTGGTTGAAAAGCTATTGCCGCCATAGATTCGAAAGAAGTAGGGACTCAGGCGCAGTGCCTCGCAGATCGCCTGGGAAGGACCAACCGGCTTGTTGGTGAGGACGGCCATCTGTCTCCCGCTTCCATCCGCTCCAGACTGCAGGGCCTCCAGCGACTCGAGCACTCCGGGATAGACATGGGTATAGTCCAGCTTGTGTTCCCGGTAGTAGTCCAAGAAAAACTTCAGTGCCCGTTCGACATAAGTCTCGTCCTCAGGGTCGCCAAGGGCTCGTCGCACCAGCATACCCGCACCATCGCCGATGTACGAGGCAATGACGTCTTCGGGCAACGCCGGTCGATCCAAATGGCCTAACATCGCGTTCACTGAATTCGCGAGGTCTCTACGAGAGTCAATCAGGGTTCCATCGAGATCGAAGACCAGCAGGCGTATCGCTTCGACCGGAATCAGGTGGGGAGTAAAGGTCATGGCTTCAGTTTAGCGAACGTTGCGGGTGTTGCTGCCGGCGGAGCATCAAAGCCTTGCGCGAGTTCACGTTTTCCCGGAAGCTGGTGTTGCAGCACGACAGGCGCTCTAAACAGCCACGGTAAACGCCTCTTCCGTCCGCGTTACCGCGCGATAGAGGGTGTCGCGTTCAAAGGGCTCGCGACCGGCTTCGGTGATCAAGCGGACCAGATCCTGCCGCCGCATTCCCTGAGGAGTCGTCGCGCCGGCGTCGTGGTAGATTTTTTCCTCAACGACGGTGCCGTCGATGTCATCCGCGCCGAAACGCAGGGAGATCTGCGCGATCTTTGGCGACACCATCTGCCAATAGGACTTGATATGCGGAAAATTATCGAGCATCAATCGACCTACGGCGATCTGCCGGATATCGGTCAGTCCGGTACTCTTCGGCAGATGATCGAGGGCGGTATTGTCTGGGTGAAACGCGAGCGGAATGAATGTCTGAAAGCCGCCCGTCTCATCCTGCAGCGCCCTGAGCCGAACCAGATGATCGACCCGGTCTTCATCGTTCTCAATGTGCCCGTAAAGCATGGTGGCATTCGATTTCAACCCTGCCTGGTGAGCCAGGCGGGCAGTATCAAGCCATTCGTCGCCGTCGATTTTGTGGTCGCAGATGATGTGCCGAACGCGGTCGGCGAAGATCTCCGCCCCTCCCCCAGGGCAGGAGTCGACGCCGGCTGCTTTCATTCGCTGCAGCGTTTCCGCGATCGTCAACTTGGCGCGACGGGCGAAAAAAGCCACCTCCACCATGGTGAAGGCCTTGATGTGGACCAAGGGGAAGCGCTGTTTGAGCCCTGAAACCAGGTCGAGAAAGTATTGCAACGGCAGGTCGGGATGAAGC
NZ_CP030840.1_gap10	338697	339905	1208	GGCACTTTCGCTATGCCGAACCGAACGCCGTGTTTCGAAATCTTGGCAACGGCAAGTACGAGGATGTTAGCGTCTCGGCCGGGGCCGACTTCACGCGGCCGGCGGCGCACCGCGGCCTTGCCTATGGTGACCTCGATAACGACGGCCGCATCGATCTAGTGATCACTGCGCTGGGTGGCCCGGTGAGCGTGCTGCGCAATGTCACCGAAACTCACAATCACTGGATTCTGCTGAAACTGGTCGGATCAAAAAGCAACCGGATGGGGCTTGGTGCACAGATTTGCCTCACCACCGATGATGGGAGGAGACTTTACAACGAGGCCACCACCAGCACCGGCTATGCCGGGTCCAGCGATCCGCGCGTTCACTTCGGTGTCGGCAGTTCGCGCCTTATTCGCGAAATCGAGATTCGCTGGCCGTCAGGTACGCGCCAGCTGCTGCACGACGTGTCGGTGGACCAGGCTTTGGTAGTGACGGAGCCGGGGGAAGGCGCTCAGCGCTAGTGGTGGAGGGTGCGATCACACAGTGTAAACGCATCATGAACGGACCGCTCCTTGGTTGTGGCGCGTTGCTGCTTCTCTTTGGAACGCCGGCCTTTGCGCAACTGCCGGCCGCCTGTAAGCCACCCGCATCCGCGGCGCACCCGCCTCCGGGCACGCCGCCGGCGAGGGTCTATGACGCGGTGGGTGCCTGGTTCGCCGAAAAGGGCGATCTGAAATGCTCTGTGGCGGCATTCGAGGAGGCGTTGCGTCTCGATCCGCATTCGGCCGAGGCGCATTTCGATCTCGGGCTTGCCCGGCAACGCGAACAGCGGACCGATGCCGCCGTCCGCGAATTTCAGCTCGCCTTACAACACGATCCTAAGTTGCTGCAGGCGCGCTGCGCACTCGGCTCGGCGTTGTCAGACCAGGCTGCGGCAGAAGCGGAATTTCGCAAGGCGCTCGCGAGCGATCCGCAGCTTGTCTGCGCGCTGGATGGCCTCGCCCAGGTTCTCTTCAACGGCGGCCGGTACGATGCCGCCCGGGATTACTGGCAGCAGGCTGTGCGCCTTCAACCCGATGATCCCGATTTACAGCTCGCCTTGGACACCGCCGTCTACAAGACTGCCAAAGCCCGCCAGGCCGATGGACAGCCGCCAGTCGAAGGCTCGACCGTGGCGGACGCAATTCGCCTTCTTACGGGATTGATCGAGAAGCATCCCGGCACGA
NZ_CP030840.1_gap11	356971	359032	2061	GCGACGTAGCGGAGGAGCTACGAATCGTATATTCGCGCTCGCCTGCACTGACAGTCATTCCCGGTATCAACTCGTGCGCACTGTAGGTCGTGCTTGACAGCGTTCGACCATCCGAAAGCTGCGCGGCACTTGATATGCCAAGCAGCTTGTGACCGTCGCGCCAAAGCACGTCCATAGTTCCGGTTTGACGGTCGTACCGAACGGTGACGAGATCGTTTTCAAAGGACAGCGGCGTCTCAATCGCGCCGGGTCGCGCATGCGCTTGTGACATGAGAAAGATCGAAGCAGCAACGACGGCCAAAGTGCCGCGAGATAGGTCAGCGAGATACATACGGGCTCCGCAACCATTCTTTCTTGAAGTAACGCACCTCAATATCTTCTCTCTGGAAGGCAAGACCGTTGCGGCGGGTCTAGCAAAAATGCTGCTGCAGTCGCAGGCTGGTGGGATCGAGCTTCTCCCTGCATTGCCGGACGCATGGCCCGAAGGCTTCATCCGAGGGCTCTGCGCACGGGGCTAGTGCGTGATCGATATCGAATAGAAATACGGCGCATTGCTGGCCACCTCGAGGCGAAGCCAGCTCGGAGGCTCTACGCCGCTCCGCTATCCAAGACAGTGTGATTACGCTTCGCTTTGAGCCCGGCGAAACGATCCGCGTTCGTCAGAAGAGTTTTAAGCTTCATTAGTCGTTGGAGGATCTCACCGGCATAAGGCTGCATTTCCAACTCGTCAGCGCTGCCGGGCCAGCACCAGGGTGATGTCGTCCGGCTGCTCCTGGGTGCCGATCCAGCTTCGCAGCGCCTGCATGACCAGGTCGGAGATGGCCGACAGCGGCAGATGCCGGTTTCGGCTCACCACCTCGAGCAGACGCTCCTCGCCAAAGTCGCCAAACTCGTTTTCAGGCTCTGTGACTCCATCGCTGTATGCGATCACGATGTCCCCGCTGGTCAAATGGATGGTCCCTTCGTCGTAGCTCATTCCATCCATCAGCCCGACGACGGTCCCGCCGCGATCCAGCCGGGTCACCGAACGATCGCCGCGCAGCACCAGCGGCGGCAGCTGGCCGCCGTTTGAGTACGTCAGCCGGCTGCCCTTGCCTTCATAGTGGGCGAGAAATAAGGTCGCGTATTTCTCGGGTTGCGTGCTGCGATATAGATGCCGGTTCAGCAGCGCCAGCACCCTGCCGGGAGACTCGAACATCTCACCGCAGTTGATCTCCTGAACGCCGCTCTTCACCATCTGGAAGGACGGCGACAACATGGCATCAGTGCCGACAGTGATCAGTTCCTCGCTGGCAAACTGATAGGCGCGCACCGCCGAGTGCAGGGTCGCCATGAGCAGCGCAGCCGAGATTCCCTTGCCGCTGATGTCGCCTAGTGCCAGGCCAAGGGTGGAGGGTCCGAAAACCAGGAAGTCGTAGTAGTCGCCGCTCACACTCCTGGCAGGACGGCAGACGCCGTGCAAATCCAGCATGGACAGGGTTACATCCTGGCGCGGAAACAGGTTTGCTTGCACTTGCTGGGCAATTTCAAGCTCGCTCTGCAAGCGTTCCTTCTCCCGCTGCTCTTCAAGTAGTTCTTCAAGAGATGCGGTCATCTCATTGAACGATTTAGACAAAGCGGCGAGCTGATCGTGACGTGTCACGATGATGCGATGGTGGAGATCCCCTTCATCGATTGCCTGGGTTGCGACGTACAGTTCATTGATCGAGTTCGTGATGGTGCGGTTCAATCGGACCGCCATCACAAAGGCGATTAACTCCAAGAGGCCGAAAAAGGCGGCAATACTGATTAAAACGTCCTGGATGACCGTGGCCACCTGGAGCGATGTGATGAAGAGCCGCTCGTAGAGCAGCGATGGCCGGGAATTTACATGGATAAACGATTCATGTTCTTTACCCGACGACCAAATGATGGCTTGCATCGGTGCCACGAAGGAGACGGTCACATCGAAGAAGTGGGTCGGCTCGGGCAATGTGCCGCCAGTAACCGCACCGCCGTGCCGCTCTTCATCCCCGAGCGGCTTGCCGTTAACCCTGATTTCAGAGTTCCCGCTGTCCGGCC
NZ_CP030840.1_gap12	360489	363173	2684	TATAAATCGGAAGACGAAGTTGTCGACATGACCGAAGAAGATGAATCTGAGCAGCGAATGCTGAAAAGCGGTCACCGCGACAGAGCCCAGAACAAGTGCGCAGACGCTCGCTGCCAGCCCGGTGGATACCAGCTGGTTCATCAGATAGGATCGATTTTTGGTCACGCCCCAGACTTGATTGAGCGCTACCTCCAGGGGCAAAAAGATCCCGCTCGAGGAGATCAGCAACATGATGACCGCGGCGACCCTCACTCCGCTGTGAGCGTTGGCCACCAGACTCATGTTCTTTACGACGAAGTCCTGCCCGGTAGGTAGAAAATAGCGCACCATGTTGCCGATGACATCTTCCATCGAACGTGAGTGGAAGATACGGCGCGCTACGGTATACATCATGACAATAAAGGGAAATAGCGACAGAATCGCGTTCGCGGCAACGCTGAACGCATAGGTATGAACTTCGGTCTGGCTAAGGTATTTGGCGAGCGAGACAAGCTGGGTCCCGATCTCCTCCAAGGAGATTCTTGCCCTCGGTTGATTCGCAGGACGACGAGCGGCGTTGGCTGCTTGCTCGGCCGGTTCGCGATGCTCCGGTATGGCTGGCTTGATGGAGAAAATCGAGGTGGGCTCCGTGTGGCGATGCTATCAGTCCGAACAGGGCCACTCAATTTGAGTTCACTATGATCGCAGTGCATAGGGCCGAACGGCCTCTGCCGCCTTCAAATTTTTCTTGCGTTTGCAACTCTTTCCTGTCATAAAAAATAAGTACCCAACTTAAAGGTACGGAAGTAAGTCTCGGAAGGCCGCTCTTTTAGATGTATTGGTATCACCGATTCGAGAATGGGACTGTTTCTCTGAGCTGCCATCGCGTCGCGCCTGCGCCGCCGGCGGCTTGTGTGTTTTCAGGAGCATTCTGGATCTAAACAGGAAGTCACAAGGAGTTAAGGATGAGGGAGCACGGCGTCGTCAAGTGGTTCAATGGTGCCAAGGGCTATGGGTTCATTCAGCGTTCAACCGGGGAAGATGTGTTCGTTCATTTTTCGGCCATTCAGGAAGACGGGTACAAGAGTCTGAATGAGGGAGAGGCAGTCGAATTCGAATGCCAGCAGGGGCCCAAGGGACTTAACGCCGCGAATGTTCATCGAAATCGTGCTTAGAGCTTTACCCGACATCCAGAGCAGCAGTCCAGGTGGATGCATTTGCCGGAGAACAGCTCTATAGGCATTTTCCTCGGAGGAAAACGGCCGCCGAGTTCGGTTCTTTGCATTCAATAGCTGTACTTCTGATCAAGCTCTCCGCTTAAAGGCCATCGGTTGATGGTTGACTCTCGATCTGGGTGATGGCCCAGGCCGCCGTCGCCGCCAGGACGGTGTCTGCTGCCTGGGACCACTCTTGCAGCTTCGGAAGAAAGCTCCGCAGCCGCGAATTACCCATCGCGATCGCCACATTGCGTCGCAAGCCCGAAAGCTTAGTGCGGGTAACCGGCGAGCCGTGGAAGAGATTTGCGAAGCCCGATTCGTCGATTGCCGCGAGCCAGTCGAGCGCCGGATTCACCAAGTCGGCGCGCGTGGATAACTCAACATCCCGACCGAGCGGGGCCCTCCGGTTCCATGGGCAGACGTCCTGGCAGATATCGCAGCCAAAGATTTGCCGTCCTATCTGGGCGCGTAACTGCTCCGGTATCTCCCCCCTCTTTTCGATCGTGAGGTAAGAGATGCAGAGGCTCGCGTCCATGCGGTAAGCGTCGGTGAGCGCGCCTGTCGGGCATGCCTCGATACAGCGGCGACAACTGCCGCAGCGATCCTCCGGGACGGCAGCGATCGATGCCGGGCTCACCTCGATCGAGGTTGCGATCACTCCGAGGAATAACCATGACCCTAACTGCTCGTTCAGGATGCACGTGTTCTTTCCAATCCAGCCTATGCCTGCATATTTGGCATAGATCCTCTCCACGATGGGTCCTGTATCCACGTAACAGCGGGATTGAAAGTCTCCGTACAGATCTTTGAGTTTCGTCTCCATCGATCGCAGCCGGTGTAAGAGCACCTTGTGATAGTCCGAAGGCCGCACCTGGCCGTCGCCGGAAGGCTTCCCGGTCCAGGCGTAGCGGGCGATCCACCCTCGGCTTGAAGGGGCAGGTTCGGTCGAATTGGGTGCGCCGGAGTTATAGTTGGCCGCGCAGACAATCACCGAACGCGCCCAGGGCAGGGCGACTCGAAGCGAAGACCGAAGCAGTCGTCCGGCCTCGTCGCGGCGCTTGAGATACTCCATCTCCCCGGCGCGGCCCGAAGCCAGCCATGGCTCGACGTTTTGCAACTCCGCGTAGTCTTCGGGCGAAGCTGGATCGGGAACCGCAGCAATGCCGGTCGCCGCGAAACCAGCCTCCTGAGCGAGTTCAGCGACCAGGTCCGACAGGGAGGCGGCAGGATTCATCAACCATTTGCCTCACTCTCGCGAAGCGTCATCTACGGCGACGCCAACCAGTGAATCCGCGCAACCATAATAGAGAAACCATTTCCCTTTAAAACAGACTAGACCCTCCGCAAAAGTGGTTCCCGCCGCGTATTGTCCGGTTTTTTCATACGCCATCTCCGGGAAGAAGAAGGGCCTCTCGCTTCGCTCCAGCAGCTTCGTCGGATCGGCTGCGGAAAACAACGCCTCTCCCGCTGCATAGGCGTTCGGTCCTA
NZ_CP030840.1_gap13	375328	379164	3836	CGATATCGATCCTTCCGCACTCCAGCAAGCTCTTTTTGGATTATGCCGAGCATCGTGAACCGTTGCTGCCGTTCTTTCCATCCAGCCCTTACTCGAACGGCTGGATGCTCCATCGCTCCCTTCTTCCCGAGACGTCGCGGCAAAGGATAGCCGATGTCCTTGAGGAGCAGAGTCGTGAATTTGGCGCCGGGAGGAAAGCTTCGGACAACATCGAGGCGCTGCGGCGAGGCGCCAACGCAGTTGTGACTGGACAGCAGGTGACGCTGTTAGGCGGTCCACTGTATACGCTATTTAAGGCAGCAACCGCAATCCGGAAGGCACATGACGCCAGCGCCGCCGGTCATCCGCATGTTCCGATATTCTGGCTGGCCAGCGAAGACCATGATCTGGCCGAAGCCGATCACGTGACCTTTCCGTCCCGGCATGAACTCCATACGCTGAAGCTCCGAATGCCGGAGGGAGCCGTCGTCTCCCCGGTCGGAGGATTGGCCTTGGGTGACGCCATCCAGAGGGTGGTGAGCGAAGCTGCCGGATTACTCGAGCCCGGTCCGGTGATGGAGGCTCTCGAGGAGTTCTATCAGCCAGGAGAACGGTTTAGCCGCGCCTTTGGGCGGCTGCTTTCGCGGGTCTTCGAGGCCGAAGGATTGATCGTTCTTGATGCGTCGAGCCGCGAATGTCATGCCTTGGGAGCAGAGGTCCTGCGCCAGGCGATTACTTCAGCGGAAGTCCTGCACAACGCGCTGATCGAGCGGGACAAGCTCCTGGTGGAGCACGGATACCACTCCCAGGTGCTGGTAACGCCGCAGTCCGGGCTGCTGTTCTTGATCGATGCCGAAACCGGGGCGCGCCTGCCGCTCAAGCGGGTGGGTGGACGCTCCGGAAGTGGCGAGTTTGCTGCAGGCAGAAAGAACTATTCTGAGTCAGCGTTGCTCGAGATCCTAGAGAAAGAGCCGGAGAGGCTAAGCCCCAATGCGTTGCTGCGGCCGGTCTTTCAGGACGCCATTCTGCCTACCTCGGCATATATCGGCGGACCAGCCGAGATAGCCTATTTCGCCCAGTCACAGGTGCTCTATGAACGAATGCTGGGACGGACGACGCCGGTATTACCAAGGCTGAGCGCGACCCTAATCGAGCCGTCCGCCGCGGAATTGTTGCATCGGCACGAACTGGCCTTAACGGATGTGATCTCCCTGCGCCCCGAGGAGTTGGCGGTCCGGCTGGGTGCGCGGGCGATGCCAATCGAAAGCAAGCGCAAACTGTCGGCAACCGGAAAGTCTCTTGAGGCCGAACTGGATGAACTTACCGCTTACATGGGATCGCTCGATGAAGGCCTGGGACGATCTGCCCTGGTAGCGGCCTCGAAAATGCGCTACCAGATGAACCGGCTGCGTCGACTGAGCGCGAACTATCAATTGCAGCGCGAAGCAAGCCTGCGCCGCCATGCCGATTCGGTAGCTCTAGCCCTCTTTCCCGATCATCACCTCCAGGAGCGGCTTATCGGAGCAGCCTGGTTTCTTTCGCGCTATGGCGAGGCACTGCCTTCCCTGCTGGTTGAACATGCGGCGCAGGAATGTCCGGGACATAAAGCTATATTTCTCTAGCGCCTCGTACGAAATTCTCTCGGAACAATCCTGCTTGCCCTGCGTATAAACCCGCAGAGGCCATCAAACCGCTCGATGGAGCTTGCACGTTCTGCGAGCATTTCCCCTTCGTCTTGTTGGCTGTAATCCCGAGGAGCAAGTCATGGGTAAGACCACTGTTGGTGTTCTATTCGTCACGTTGATCTTGGCCGTCGACGCCACTGCCGCTCCGGTAGCTGCTGATGACAGCGGCACGGTAGTCATCGTCTTCCGGGATGGACACCAACAGAAAATTCCCGCTTCCGCTATTTCCGCGATGGAATTCAAGAATGCCGCGGGCGTCACCACCCCGATCGCGATCCCAGCTCTGCTGGTTCCGGGCAGAGGGCATTTCCTGGGGAAATGGATTGCCGGACAAGGTAATGGCTCTGACTTTAGCATCGAGTTGGAAGACGATGGCGAGGCCAAGAAGTCGATTGGCTCCCATCATGGTACCTGGACCTACGTCGATGGGGAGGCACGAGTCAGCTGGGACGATGGCTGGCATGATGTCATTCGCAAAGTGGGCACCAAATATCAGAAGTTTGCCTACGCGCCAGGAAAGACGTTCTCCGACACTCCCGACAACGTGACCGAAGCTCACAATACAAGCCCGAAACCGATCTAACCGTCGTCATCTCAGATTGCCAGGCACTGAACGCGGGAGGGGCTTCATGCTGAGCCTGAATTCCTCCAGGCGACTTGCATCTGACGACCCATCGCCAACTTGAAACCCTGGCCATACCTGCGCGCTTGCGCAAAAGGTCGTTGACCGTAGGGCTCTGAGCAGCTACCGCGTCCGATTCCTTTGTCTATCCAGTATCGCGGCAATGCTCTAAAATCGGCTTTCGGAAGGTGTTATGGCGACTTCGGCAAAGAACAAAAACGACAATCAGATCTTCGAACTCGTTTGCCCGGACTGTGGCGCGATGTTGAAGGTGGATGCTTCAACCCGGTCCATCATTGCTCACACTCCGGCTCCTCGCAAACGCACTTTTGAGGATCTGGAATCCGCTGCTCGAGGGATGCGGGAGCAGGATGAGCGCAAAGAAAGCATCTTCCGGCAAGCCGTCGATGCAGAGAAGAATAAGACGGATCTGCTGGAGAAGCGTTTCGCGGAAGCCTTACGCAAGGCCAAGGAGACCCCAGGAACGGGCAAGCCGCTTCGGGAATTTGATCTGGATTAATACGATTGGCGCCCCCTTCAACTCGCGGGAAGGTGTGAAATGCTCAAAAAAGGAGCGACCACCTCCAAAAACGGGAGACGAGGGCACCATATTGTTTGCGCTATGCATCTCCTAACTTGAAAGAAAAACCTATGAGCCTATCGAACGTGACAAAGCAAATTGAAAGCAGCCTTCCCTCTAACCTGAGTTCTGTGCCTTGGACGCGATCCTTGGCCGCCGGAACTCTATTGACCAGCGCCGTCCTTCTCTTAACGGGAAGGCGCAAAGCTGCCCTGGCAGTGGTCGCGGCAGGTGCGGCCGTCGCGTTGCTGGAAGATCCAGAAGGGGTGCGAAAATTTTGGAGCGATGTGCCAGACTATGTCAAGGCTGGACAGCGACTGCTCGGACGTTTGGAAGGCATCATCGAGCAGGTGGCCGATCAGGGGCAGACCTTAAAGGATGTATTACGCAGAGGTTGAAAGTAGAACGAGACGTGGTGCAGACGTTCATCCTGATTGCCGTCCTGGTAGCGGACAACGGTCCAGTTTATGAGAGACTGTCCGCGCTAATCGTCCTTCGACGAAGACCGCTCTGCCTTCTTCGATCTAAAAGGCGCAGAACTTCCAGATATCCGAATAGAACACTGCCTCCCAAGGTTCCTTGAGGAACCTTGGGAGGCAGTCGTGTTTAGGACAGCTACTTGTTCACGCTGACTGCGTAGACCTCGCTTTGCCCGCTCTGGGTGGAGGAATAGATCACCCATTGATCGTCGGGGGTGAAGATCACATTCGGCTCGCGCTTGCTGTAATCATTCTGCGCCACGCTTGCCAGTGGCACCTGCTGCAGCGTCCCATTCGGCTGTGGCAGGAGTAGCTGGATCATCGGATTATGCGAGCCGCCGGTGTCTCCATCGCCAACGAAGATTTTGCCACTATGCGAGATGTTGTAGTGCCGGGAAAACTCCGGCTGCTCAATTGCATACTGTTTCTCCGCGCCGCCCTGTACGCTACGGCCCGTCAAGAAACGGCCTTTGCCATTGTTCTGGGAGAGG
NZ_CP030840.1_gap14	381050	384066	3016	CGCCTACCCTCCAATCGCCTCGCTGATTGCCAAGGGCGCGAACAAGGTCAGCTTCCGTCTGCGCTCCGGCCTGCAGGTCGATGTACGGCTGCTCCCGCAAGGCTCGTACGGGGCTGCGCTCCAATATTTCACCGGGTCCAAGATGCATAACGTGACCGTCCGCCAGCGGGCCTTGAAGCGCGGCTACACGCTCTCTGAGTACGCCCTGGCCAAGGTTGAAGATGGCGCCTTTGTTGCCGGCGCCACTGAAGAGGAGATCTACGCGGCGCTCGGCATGGACTGGATCGCCCCCGAACTCCGCGAGAATAACGGCGAACTCGAAGCCGCCCTCGAACACCGCCTCCCGCAACTGATCACTCAGGCCGACATCCGCGGCGACGTCCACATGCACACCGTCGCCACCGATGGCTCGAATACCATTCGCGAGATGGCCGAAGCGGCGCTGGCGCGCGGCTACGAGTACATCGCCATCACCGACCACTCCAAAAATCTCGCCATGACCAACGGCCTCGACGACCAGCGGGCATTGACCCACATCGCCGCCATTCGCCAGGTCGAGAGGGACATGGCTGAGGAATTCTACGAGAGGGAAAAAAGAGAGCCTGAGGGTAGTCCACTCAAGCCCCGCCCTGGCTCGAGTGGAACGGCCACCTCCCCAAGGCAATTGCCGATCCGGGTCCTGGCAGGAATCGAAGTCGATATACTTGCCGACGGCCAACTCGACCTCGCTGACGAGACCCTCGCTCAGATGGACATTGTCATCGCGAGTGTGCACACTCTCTTTAGCCAGTCGATCGAGGAGATGACTGCCCGGGTGCTGCGCGCGCTCGAAAACCCCTACCTCAAAATTCTCGGACACCCCACCGGCCGCAAGCTGCTCCGCCGCGACGCCTACCAGATCCACCTGCCGCAGATCTTCCAAGCTGCGGCCGCAGCGGGAGTCGCCATGGAACACAACTCCAACCCCAACCGCCTCGACCTATGCGATCGCGATCTGAAGATGGCTAAAGAAGCCGGCTGCAAGATCGTCGTCAATACCGACGCCCACCACACCAGCGAGATGGAGAATATGCGTTATGGAATTAGGCAGCTGCGGAGGGCCTGGCTGACCAAGGAAGATGTGCTGAATACGCTGCCGGCGGATGAATTCCTCGAAACCGTAAAGCGTAGATGAAGGTCTTCTGTCGATTGGCGGATAGTTGAGTCCAAGATTTACCCTCCGTGAAGTCTTGTCAAGCCGGATCGGAATGGACCGGCCAACAACGAGAACGAGAGCGCGCCAGTTTATGAGACCACGCTTCATCGGGGAGCACGAAGGATAGGACACCTTCATCCGTCGTTTTTCTCAAGCAGTAGAATCTTTCCCATACTCCGAGGAAGTGGATATGACCATCCCCAGCAAAGTCACTAAAAGCCGTTTCGAGTTTGAAGAAGACGGAGAGGTAGCGTGGCTCGAGTTCGATCGCGACGACCAGGGATGGATGACCCTCTGGCACACCGAAGTTCCACCACCCCTGCGCGGACGAGGCATCGCCGCAACCCTCGCCCGCACCGCGCTTGAATACGCCCGCGACGAGAATCTCAAAGTCGATGTCATCTGCCCGCTGGTCGCCAACTACCTCCAAAAGAACCCGGAGTTCAACGGCCTGGTTGGTATCAAGCGCTAATCGATGCAGGTAGAAAAGCTCAGCCGGCAAACCGGGTAGCGTTGCGCGCCTTTGCCTTGGCTGCCTCTTCTTCCCGGCTCTTCGCGGGAGCGCTGGTTTCGAGTAGGTGCAGCAAGCGGCTCGATGCCTGGGCGATCTCCTCGACCGCAGATAAGAATGCTGGTTCATTCGCCTTCGACGGCTTGTTGAACCCGCTGATCTTCCTTACAAACTGCAACGAAGCTGCGCGGACCTCCTCCTCAGTGACTGGAGGATCGAAGTTGAAAAGCATTTTGATATTCCTGCACATCCGGGATCCTCCGATCTAGTTGGAACGACAGCACCCGTGAGAAAGCCATCATAAATTTCCAAAGCGAGCAAGTGAAGGGGCGGTGCAAGGAGCCCCGACTTCGGGGAGCCGCCGCATTCAAGCTCCCCGGCCCGAATGCCGATAGCAGAAAGAGGACTGACTCGAAGCCATCCATCGCCAGGCAACGTTCACAGCCATGTGACGTTTCGCGATGAATGAATTCGCTGTACGGGTACAAACGATGCAACCAATCGCAACGACAACGATTCACTGGCTGGTCGCCCGTTTCAGTGCTGATATCAATCGCTGCTTCGTACGGCGCCTTCAGCTTTGCGCAACGATTCGCCAACTCCAAAGGAGTGGCGCATTGGGTGTGGATGGCTAGCGGTTCGCTGGCTATGGGTCTCGGCATATGGTCCACGCACTACCTTGGCATGTTGGCCGTCCGCCTTCCGGTAGAAGTCTTTTACCACATCCCTACCGTGTTGCTTTCCCTGCTTCTCGCAGTTGCCGCCTCAGTTATCGCTCTCATGGTCGTCAGCAGAGAAGAACTTCGCAAGTGGCAGATCGGTATAGGAAGCGTACTGATGGGGTCCGGCATCGGTGCCATGCATTACACCGGCATGCATGCCATGCGGTCCACGGCAATGCACCAGTACCATGCGCCGCTGGTTCTGCTTTCGGTTGTGGTTGCGGTCGGATTCTCGTGGACGTCGCTGTGGATCGCGTTCTCGGTACGCAAGCGCTATGACCACCGGGAGGTTTTTCGGCTGGGTGGAGCCACGCTGATGGGCCTGGGGATTGCAGCGATGCATTACACGGCGATGAGCGCGGTCACCTTCCGATCCGGGGGGATGATGGCCTTCTCTACGGAACACACGATTCGCATCTCGAACCTGGGCGTCGCTGCGGTTGTTCTGACCACTGGTTTCGTCTTGCTGGGCGCTCTGCTGACCACGATCCTCGACCGAGAGCTCTACCAGCGATTGAGCGAAGACCGCGACCGGCTGCGTGCAGTGACGGAAGCCAGCACGGATGCCTTATTTATCTGCACGGCGGT
NZ_CP030840.1_gap15	540355	544904	4549	GTGGAAAGCCTTCACCGCCGCCCGGATGTTGCCCGATCCACAGTGGCTGGCCATCAATATCTCGCCGCACCTACTGCGTGACCTAACGCTTCCAAAACGCATTCGCGAAGCAGCCGAAGCAGCTGCTTTCCCTCTAAACCGGCTAGTGATCGAGATTACGGAAAGCGCCCTGGTGGAAAACCTTGAGCATGCGCAAACGATCTCGAGGGAGCTTAGGGCGCAGGGATGCCGCTTGGCGCTCGATGATTTCGGTACGGGCTATTCCAGCCTGCTTCATCTTCAGTCCCTGCCCTTTGATGAATTAAAGGTCGACCGCAGCTTCGTGGGCTCGATGACGGAACGGCGTGAGAGCCGAAAGATCGTCTCGGCAGTCGTCGGTCTGGGTCAGAGCTTGGGTCTGGAGACCATTGCTGAGGGAGTCGAGACCCAGGAACAGGCGGAGATGCTGCTGGCGCTTGGGTGCGAGATGGGACAGGGCTGGCTTTTCGGCAGACCCGTTCCCGCGGAACAGCTAAGCGACGTGACGATTGCGCGGCCGGCTGTTAAGTTGCGCCTCACCTCTAGCTTCTGGCGAGATATCTCCTATAACTCGCCGCCTGGCCAGCGGCTCTCCCACTTGCAGGCACTCTATGACGGTGCTCCGGTGGGCCTTGCCTTTTTGAGCCCGGACCTGCGGTACATAAGCATCAACCAACAACTTGCGGAGATGAATAATGTCCCGGTTCAAAAGCACCTGGGCCGCTTTGTCAGCGAGATCATTCCGGGCGTGTATCCGCAGCTTGAACCGCACCTGCGTCGTGCGCTGGCAGGAGAATCCGTCACCGCTGTGGAATTGACGCAGCCGGCGACCGAGAGTCGAGATGATGAGGCATTCTTGGTCTCGTATCTACCTGCGTTCGACGAAGCGGGCGAGGTGGTGGGCGTCTCTGTGACGGTGGTGGATATCACCGCCCGAAAGCGAACTGAAGCGGCACTGCGTGAAAGCGAAGATCACTATCGCCACATGGTGGAGTTGAATCCGCAGATCCCCTGGGTGCTCGACGATAAAGGAATGGCTACCATGATCGGTCCGCGATGGCGGCAGATTACGGGTATGAGCGAAGAGGATTACCGCGGACGAGGATTTATCAACGCACTTCACCCCGCCGACCAGAAGCGCGTGGTGGAAACAATCGAGCATTCACTCCGCACCGGGGAACCGATCGATGTGAGGTGCCGCGTCCGGACCTCAAGCGGAGAGTGGCGCTGGATCCATTCGCGCGGAGCTCCAAGGCGAGACGGGGCAGGAAGGATCATCCGATGGTACGGCAGTGCGGACGACATCGACGCCCAGAAGCAGCTTGAGGAAGAACTGCGGAGGCGAGTAGGCGAAGTGAACCTTCCATCCTCCGAAATCGCTTGAGCGTGGGTAATCCGTGTGACTCGAAGGCCGATGACCCAGAACAGCGGAAACGTTTTTCTCGTTATCTGGACGAACACTCATGAGAGGCCGACTCGTTTTCCTTATCTGGTTGTCCAGCGTATACCTTGGCTGGTGCAGGCATAGTACGCCACCATAAAAATGAAAATCGCCACTGCCGCTACTGGGTGCACGAACCAGCCGAGCACGCCAGCCAAGATGTAGAATAGGATGCCTATGGCCGGACGTATGAGCTGAGTTGCGAACAAGTCCGGCGGTACGCCGGGCTTTACGAGCTTCGAGTGGTAATGCAGATATGAAAATGCCGGTAACCACGCTGCCGACATGAGGCCAGCGATCAGCGCATAGAGAACTACGGCGGCCTTTTGATCCATGACATTGCCACCTACAAAAGCGCTTGCCAATACGCCCGTTGGAAACGGAATCAGTGCCGCTGTGCCAAGGATACCGAGGTTGATCCAATTCATAGCCAGATCTACCTTGCAAAGACGTTCGAAGAGATAGTGATGATTGCACCAAATGACTCCCACGTTGAGGAAAGCCACGGCGTAAGCAAGATAGGATGGCCATTCCTTTAGCAGCTCTCCCGCCAATCTCCCCGGTGAGACGCTCGGACGGTGGATCTCAATGACGAGCAGGGTGATGATGATGGCAAAAGCACCGTCGCTGAGTGCTTCCAGGCGCGCAGGGCCAGCAAAATTCGATTCTTCGTCTTTGGATACTTCAGCCTCACTTTCAAGAGCTGCAGAATTCGAGGACTGAAGATCGGGAGGAGAGTAGGCGACCTTCCTCCGAAGAAACGCTCGAAGCTGTCGTTGCACGGGTTGAGCGTCAGCCACCCTTACAGTCTTGTGATCAAGATCAGGAGTAGATGCGGCAGCGAGTCTAGTTGTCATGTTCATTCTGTCCTCATCGCGCGAAAGAATCGGCTCTGTGACAGACCGTATCGATGTCCACTCGGATGAGAACTCTGATTCTTGCTCTTGAATTCGGTTCTACACCCATCCGTGAATCGAGCCATGGAACAGTGTTCTCCAAGCCGTCTTGACCCTCAGGTGGCGCACAATTTGAAAGCAAGATTCGGAGTGCCGAGTCCATTTCAGCGGGTTACCTTTCGAACTGAGAAAGGACGCAAGGATGACACGAACATTGGACCGCAGAGGCGCTTTAAAGATGGGATTACTTACCGCTATGGGGTTCGGAGCCCTCTCTCGACATGCCGAGGCAAGTACAGACCTGCAATCGAAAAACAAGGTGGTCGTCGAGAGGTGGTTGACGGAGTTTTGGGGAAAGACCTACAACCCTGACGTCGTCGATGAGCTTGCTGCTCCCGAAATGGTCTTGCGGTATTCGTTGCATAGACCTCGGCGCGGTCGCGAAGACATCAAGATGTTCATGCGCGGTTTTCGCCAAGCATTCCCAGACCTGAACTTCTGGGGAACGGCACCTCTGTTAGCCGATGGAGACCGTGTGATTGGGCAATGGGAGGGTGGTGGCACGCATACAGGCCTGGCCTTCAGTGATTTCCTGGCGGGCTTCTTGCCGACAGCGTCCGGCAAGAAGATACATTTCACAGGCATCACCATCCTGCGACTTGATAGCGGCAGGATCGTCGAAGAAGTCGGACTCGACGATGGGGTAACCGCACTCCGACAACTCGGTCTCCTATCGAATGCTCAAGCAGAAGACGATGATGACATTTGTGCCCAATATTGCTAAGAGAGATTCGAAATGGTTCACGGTCCAGCGGTTGCGTGTGATCTCGTAACGGAGATCACGTAGCCGTTATATCCAGCTCCGACTATTGGAGTCTCATGACCTCATGTGGGCCAAGCCAATAGATCTCCCCAGACTTCAGATAGAGAATCTGCGAGTTTACGACGGCGAGGTCTTCAAGAATGCCGTACCCCGCCCGCACAAGTTCCGCGCACATGTCGAGCACGATGGATCGATCCGATGGAATAGGCGAGATCGATGACTCATGCCTGCTGGGAGTGTTCATAGCTTTCATGGAAGACGTCACTGCATTGTGCTTGTTGATACGACAGGGCGTGCGTAGGTCTCGTCCGGGTTTTCGATAGACAAGATCGACTGAAGATGCGGCCTCAGCTGGCATTTCGAAACGTGAGGTTGTAGCGAACTCGGCCGATTCGAGGATGTTCACCATCTTTCAACGGCGCAATGCCGTGATAGCGCAACCTTGCTGAACCTCCCCAGACAAGTACATCGCCATGTATGACCTGAATGCGTTGTGTTTTGTCCCCGCGCTCCAGCCCACCAAAGAGGAAGGTTGCGGGCAATCCCAGCGAGACAGAGACGATAGGCTGTGTGAAATCACGCTCGTTCTTGTCCTGATGCAACGACAATCTCGCACCGGGTTCATACCGATTGATCAGGCATGTATCCGGGATGAAGTTCGAGAAGCCCGCCTCTTCTGCGGCACTTATCGCTAGGTGCCGAAATGCCGTGGGCATAGCGGGCCACGGCCGATTCGCCTCGGGGTCGATCACGTCATATCGATAGCCGGTCCGGTCCGTGACCCATCCGAGCGATCCACAGTTGGACATGGCAACCGACATGCGGAATCCACTAGGTGTCACCATATTGCGAAGTGGCGACCGTTCGATGACATCCTTGAGTGAAGAAAGTAACTCCTCCTCAGCATCAAGCGCAAAGCCAGCAAGAACTGCTGTTCCGGTACCGAGAATATCTCTCGATGGCGGTGCCGCTGTCTCCATCTCAAAAAGCGATGTGTTCATAACTCCCCTAGTTGGCATCGTGAAAGATGATGCCCACGGTATGACGCTCTCCTGAGCGCAAGCGGCTGACGCCGTGACGAAGGTTGACGCGATAGGTGCCTCGCGTGCCCTGTACGGGCCGGTGGTGAACCGCGAACGCCACGGCGTCACCCTGGCGAAGCGGAACGACTTCCGGTCGCGATTGCATACGAGGGCGTTGCTCCGTGAGCACGAATTCACCTCCGGTGAAATCTCGCTGAGGCTCGGAGAGCAGGATCGCCACCTGAATCGGAAAGACATGTTCCCCATAGAGGTCCTGGTGAAGGCAGTTGTAGTCCCCGGGGCCGTACTGCAAGAGCAGCGGGGTGGGTCGCAGTTGCTCTGCGTCGTG
NZ_CP030840.1_gap16	548040	551817	3777	CAGGCTTTGTGTCCCTGGACTTGTTTCCCTGCATCACTCGACGTACAGCTGGCGTACTGGCCCACGAGCCCATAGGCACTTGGGCTGGGACGATGGCACCGTCGAGCGTCCTTAATGCGTTCCTCTTTAACATCGCCTCCTCCTGTTGCTTCTGTTGCAAGCGTTCTCAGAAGGTAGCAATTTCAATCTTTCATCTCACTCCGTTCCTTGCTCTCAAACTGCAATCTGCTCGGTTGAAACTCAGCCTCGGATTCCGAAGCAAGATACGGAGTGGCTCTTTCCTGACATCGGAATAACTTTCGAGATGCAGAGGCAAACGCCATGCTTGCCTTCGCCAACATCACTGCATATGGAGAAAATTTATGTCGAGAGAACAAGAGAACAAAGCCATCGTAGGTCGTTGGTTTACCAGCTTCTGGGGATCCACATGCGATCTCAGCATCGTTGACGAACTCGCCGCACCGGACATGCTCTTGCAGTATTCGTTGCACGAGCCCCGTCGCGGACACGCGGACATCAAGGCGTTCATGACTGATTTCCGCGTCGCGTTCCCAGACCTCAGCTTCGGCGGAGCGGCGGATCTCATCGCCGAAGGGGACTATGTCGTGGGTCGTTGGCTAGGTGGCGGCACGCACAGTGGTCCTGCATTCTCCGACTTCCTGGCAGGATCGTTGCCGGCAGCGACGGGTCGCAAGATGCATTTCACCGGAACGACGGTGCTCCGTCTGGAGAACGGCAAGATCGCCAAAGAGATTGGACTCGACGACGGTGTCACCGCTCTCACTCAGCTTGGCCTAATTCGCGCTGTCTAACAAATAGTGGTGGCCGTTGCCTAGACGGGCGCCGCTTGCACCATCGGGGGCGATCCATCGCGCTTCATTAGAAGCTCGCAAACCACGATCTTTTTCGATCATGTCAGTTATTGCGAAATCACCAATGCGCTCACCGACACGGTTAGTACCGATATGTCGGCATATCGGAAGTAAAGCGTCCGAGCCAGTCGTTCTCAAATGACGAGAACAGGCCAATGCACGTTTCCAGCCCCATCTGCCTCAACGAGTGACTCGACGATTTATCACACATTCGAAATAGGCACGGCAGCGTTAGGAGATTGCACCGACCTCTGTCGTGACAGCTACGCTAACTGGTTGTATCTAAATGATTTCATGGGCGTTGATGGCTAACGACAGCACCCTTGAGCACTCAAAAACACTGGGAAAACAGCAGTTTCAGAATTTCAGCACCCTCGCCAGCACCCTCATTCCGTTGCGCCTCAGAGATGCCTCACCTCTGCCCCTGGAGGGCAAAGGTCTGCAAGTCCACGACCTAGTGCCGCCCGAGCGCGATCTGGATCATAGAATGTTTGAACAGACTCCCGAGCCGCCTACCCGCGGCGCATTCAGAGGGGGATGCCATGGACGGTGACAAGACATCATGACCGTGTGTATCGGGGCGCTTTCCTTAACAGGCCCATCTATCGTTCTCGCGGCAGACACTCGGGTCACCCACGGGACATCACCCGTTGATCCCAATGATCAGGCGGGCAAACAGTACCCTCTGCCACCATACAACTGCGCCACAGCGATTGCTGGATCAGTCTCCGAATGCCATGAGTTCGTGGGTCGGCTCGTGCAACAGATGGAGCTGCTAGCAAAGACAGACAGGGATCCATACCGCGAAGAAGTGATGGAAGCGATCAACGAAGCTCGCTTCCAGGTCTTCCGACCAAAGATCGACTGGGAACTCCGGAGGAGCCTGGGAATCACGCTCAAAGAGTTCCATGATCGATTCCTTCCTCCCGCCGACTTCGACATCATGGCGGAAAAGTTTGGGATGCAGGCGATTCGCGGCACTCCTCTAAATATTTCTTGCATCGTCGGTGGATTTACCGCAGAAAACACGATGTTCTTTTGCGCAAAGGGGATTGAACACATCCAGTCCGAATCGAGTCCGGGTGTGCATGCGATTGGCAGTGGGTCGATCCTCGGAATGAGTCAGCTGAACAAACGTGGACAGAACCTGGCTTTCGGCCTCGCGCGGACCGTATTCCATATCCATGAGGCAATGCTCGAGGCGCAGAAAGAGAAGACCGTAGGCCCTCCAACGAATTACCTTGTGGTGATGAAATCGCAACCGATGATGTACGTGCCAAAGGAAAGCCCCTTACTGGCACGCTGGGTCGATTTCTATCACGACCGGGAGACGGGCGGGCTGGATAGTGAAGAATCGAACTTCGCCATACAGCGAGAGATGTTGCCTGCGCAGATGCCTCCATACGACAAAGAATTCCCAGGATGACAGGTCGCAAACCGCCGTCTCGAAGCGCCAGTTTCTTTGACCCGCCAACCGAGAGCGAAGTTCTCAGGAGTCTGCCTGGGTATTCGGAGCGGGTCTATGGCGCTTATCGCTACCTCTCAGAACGACCGACGGGGGCAGATCGTTGACGCGCGAACCTCTTGCTCCCTGACTGTGGCATCTCGATTCACATTCAGGAATTCGGCAAGCATGTCTCGTAACTCATCGTTCATCGCCCGTAGAAGCGTGGGTGGACGATCCGGCCCCTTCGACCGAAGTGCGCGATTTGGTTTCAAAAAGAAGGGCGTCAGAAGGAGCGGGTCCATCATGTAACGCTCCGCTAAGATCTCCGCAAGTCTCGTGTCGCAGAGATAAGGTGATAGCTTCTCAATCGTGTCTACCGACATTGAAAACAGCCTCGAACAATAGACAGGAGAAATCTCCGAGAAGAGATTCAGTTCGCGCTTGGCCTTGGTGAACTGTCCATCGAGGTAAGAGTTTATGAAGAAGCCGTCTCCGATGTCGTCGCGTGTGAGGAGGACGGGCATGACGGTTCGTATGTCGCTAAGATCGACGCCTTGGATCAACGGTCTTTGCGATTGCCGGAGGGCCTTGGTGATCGATCGCGCCACCTGATAAACGCCCTGGGGCTTTATATATTTCTTTCCGAGTTCCGCTCGGAGGGCAGACGGGTCGCCGCCGTACTTCGCCGACCCGAGCATGACCCCGCCTTTACATTCGATGAACAAAGCCGTCGTGCCGCAAATAATGATGAAATCGCAGACTTCTTCGTTGTCCTCTACGTACCGAGGAGAGGCATAAAAGCGGTTCAGCTTCTGGTCGACGGAGTTTGAAAAAAGCCAGGAAATGTAGTCTTCAAATATCTTTCCCCAAAAGCTTGAGAAGTTCTGGCGCTCTCGATTCGGTAACGACTTGTAAATGGTCCAGAAGACCGATGACTCAAACTTCTCCATGCAAAATAAGGTGTCGAGCGGGATAAGGACCTGCTCGGTTCTGAGAAAAGGGAATTCCTTCAGCGCGGTGAAATCGCTGAGCATCCCCGGCCTGCTCGTTAAACGTGTTCGGAGTTCCTCGGGGGTACTGCTCAAAAGTCGAAGGAATGCGTCTCGGTGTGCAGGTGACAATCTTGATTGCTCGTAAAAATCAACGTGAACGCCATAATGCGGAGATCTCATAGTGAGATCGGCCGCGCTTTGCATGATCCTCGGCAGCACTCCGATCATCAGGGCTTCGAAAAGCTTGAGCGGTAAACCCGAAGCTTTTTCAAAGAAGGCTCCTACATCGAAGTACGCCGGCTGAGTGACGCGAGCCGGAGCGAGGTAATTGACGATCTTATGCATTCGAGGGACGGATGCGAAGTCGAATCTCAGCTCGTTTGCCTCAGTGATCGGAATGAAGTCACAGATCATCTGTTCCAGCCACGCCTCGCTCCACGGCTCCAGGCTCGATGCCCGCGACGGG
NZ_CP030840.1_gap17	558034	559446	1412	GACGAGTCCCATTCGGCTCTATATGCCGAAGGCTTCAAAGCTTCTCCGCCCGCTTTCCCTCCTCTCCCTGGACGACCAGATCGTCCTTCAAGCGATTGCCAATGAGGTCGCCGAGCAGATGGCAGCGCGGCGTGCCGCTGTCGAACGAAATGTCGTCTTCAGCAACTGCCTGAACCCTGATCCGAGGTCGATCTTCTTCCTTCAGGACTGGCGCCGCACCTATGGCGGGTTCTCGACGCGCCTCGGTCGTCACCTCATGGCCGGGAACCACTGGATCGCACATTTTGACTTGGCTGCGTTCTATGAGACTATCTCTCACCGTGCGCTGCAAAGCATCGTGGCTCCATCTGGTGGGAGCAGCGAAGTTTGGAAACTCATCCGGGACTGGCTGTGCGTTTGGACCTCTGGCGCCGGCGGCATCCCCGTGGACCATGGCATCCCGCAAGGGCCAGTGGCTTCGGACTTCCTCGCGGAGGTATTTCTTCTTCCACTCGACGAAGCGATGGTGAAGGCTGGAATCCCGTATATCCGCTACGTCGACGACATCCGCGTTCTAGCTCGCACCGAGGAGCAAGTTCGCAAGGCCGCAATCATTCTCGAGATGGAGTGCCGGCGCTGGAGCCTTATACCGCAGAGTTCGAAGTTTAGTGTGATGTACGCGGCGACGCTTGCAGACGCGCTAGGCACGCTTCCCAGCATCGCCGAATCAACGGGCAAGACGGACGACGAGGCCGAGCTTGACGATGATTCGGCGGTCGCAGTGTTCAACGACGCGGTTGGGGGCCGGCCGCTGCGAGTGAAGGACAAGAGCCGTCTTCGTTTCGTCCTCTACCGAGCGGGTGCATCACGGAAAATACTCGCCACGACCTTGAAACTTCTTCCTTCGCACCCAGAGCATATCGATGCCTTCGCGGCGTATTTCCAGAACTATTCCAGGTCGCGGCCGATCATGACCAAGGTTCAAGCGATGCTGACCCAAGGAGTTCTGTACGACTATGTCGAAGGCGAACTCTGGCTCTTGGCTGCTCGCTTGGGGAAGCCCAGCGATCTTACAGCGTTGCTGCCGATCGCCCGTCGGCGCGCCAGAACCGGACACCTCTCGTTTCCCATCCAGCGTGCACTTCTTGCTTTCTTCCTGACGTGCAGGAATGCTGGCGTCGTTCCCGCGACCCGCGTCCTCAACAAGCTCCGTACCAGTACCGCATATGTTCAGTCGCTCGTTATACCGCACCTCGCGGATGACGACTACGAGCGCGGCGGTGTGGTCGCTGACCTTATTGAACAGCACGCACCGGCTGCGGGGATGGTGCTGGCTGAAGAGTTAGTGCAGCGCGATATTTCTACGCAGAATTTGAGGTTACGAGTTAATCGGATCCCACCCGAGACCAAGAACGTCTTCAAGGGACTGGGTT
NZ_CP030840.1_gap18	563730	567760	4030	ATTCATTTGCTGGATCACTCTGCGCACGACAGACTGCGGCACAGAGTAGTGGAGCGAGAGCCCAACTCGGAGATTGGCAATCTCCACATCCAGGTATTGGGGCATGCTCCGCCAACGTCGCAGGGCCTGCTTACGCTCCTCGGCTGAATCCACGGGCTGCCTTTCAGCTACCTCCGCAAACTCAGACTGCCAGCCATCAAAGTGGTTCACATTCCAAAGCTCCGTTTTGCATACTCGAAGCTGGAGATCGGATTCCAACCGCTCACGCAGATTTACATAGGTAGCGCGGTCTGATTGAGCCAAGCTTGCGACTGGTAAAGCGAGAAGCGCTGTGAGATCCTCGCGTTCCTCCTGGTCATGCACTGAAAGCGCCTGGGGGCTTCGGTCCGCAAAGTGGCTGTGGTCACGGGTGGGAAAGCCATAGGAATAGGCTAAGGTTGGATCGTACTGAAGTTGCTGATCTACAAAACGATCGGCAAGTTGGTTCAGCTTCGCAGCCGCCGTCTGTGAGTTACCACTCATGGGTATGAACAGCACGGCGAGCACGGCAGCTTTGACGGTCCAAGAGTCCATTGCATGAGCATACCAAGGCGTAAATCTCACTCCGTCCGGTGAAGGGGCACGGAAGGATTGCTCGGGCGAGGTCGCCGTAAGTCTATAGTCTTCTGCAGAGAGTTTGTTTGGTGAGCACAGGCCAATGCGCTCATCCTCATTCGTTCAATAAGTGATTCGGCGATTTATTGCCAGCCAAGACAAAAGATTTATGGAGCAGGATGTTCTGAGGACGACCGTACGTCCTCGGAAACCGCTCGGCGCGCGAAATTTAGCTGCGAGACGTGTAACGGGGCGCGGGCTGTGGCTGCTGCGATGCCGCGAGGAGTGTCTCAGACGCATCGACATACTTCTGCAGTAGGGTCTCGTCGTGCACGGAAGGTGCCGTGATGAATTCTCCATCATCCAACCCTTTCAAAGCGGCATCCACGCACGCTTCTGTATCCATGAGCGCGCCTTCACCAAGACTAGACATGGGGACACCCACGACGTCCCAGATCTCAGAAACCGTACCAGCGGGTGCGACGTACTGCAAGCGGATCTTCGTCTCGGCAAGCTGCAGCTTCAGGCCTTGCGTGAAATTCTGCACGTAGGCTTTGGTACCTCCATACGCCGGAACCCAGGCAAAGCCGGCGAAGCCGACCACTGACCCAATGTTGATGATGGTTCCCGTATTCCGGTGAATAAAATTAGCTAGGACCGCCTTCGTAAGAACGGTGAGTGCCGTCACGTTGAGTGCGATGAGATTGGTGATGGTTTCGACTGAGACCTGGGCAACGGGTTCGACACTGGAGGTGCCTGCGTTGTTCACGAGCATCGTGATCGCGGTATCGGCGCTGATACGCTCGGATGCTTTGGCCAATCCATCAGGGCCGGCGAGATCGACTGCAAGCACGTGAACCTGCACGGGGTAACGGGATTGCAATTCAGTGGCGATCGCCTCTAATCGGTCCTCTCGCCGCGCGACGAGAAGAAGATCGTAGCCGCGTGCGGCGAGGCGCTGCGCATACACCTTGCCAAGGCCTGATGATGCGCCCGTGACTACTGCTGTGCCGAGAGAACTTGGATTTGCCTGATTCAATTGAATGCTCCTGAAACATGGGTGCGGCGGAGCGCAGCCCGATCGGGTGCATTTTCCTACCGTACGGTAAAGGATGAACCCGGAGCCGCTTGGATTCACGAATTAAACCAAACGGTAGAAAATATCTCCGATGCCCTCTTTGCGGCGTCTAATTCTAACCATGGACCGCGAATCAAGACCGCAAAAGAAGACCGGGCCGGGGCGCCCGCGCAGCTTCGACCGCGAGATAGCCCTGCGTGCCGCCATGCTTCTTTTCTGGGAACAGGGCTTCGACGGAACGTCGTATACGGACCTCACAAGAGCCACCGGCATGAGCAAGCCAACGATCTATGCAACATTTGGGGACAAGATTGAGCTCTTCCGGAAAGCCATGACCTTCTATGCAGAGCAAGCGACGACGGTGTATCAGGAGGCTCTAGAACAGCCCACCGCGCGTGAAGCGGTCGAGGCATGTCTACGACTCGCGCGGGGACTGCACTACAAGACAGGGGAGCCCTTCGTCTGCTTCCTCGTGCAGGGAGCCCTCACAGGGAGTGCCGATACAAAGGAACTTCGCGCTGAGTTAGGCGCGCTACAGCGGCAGGCTACACAGCTTTTGCAGAAGCGTCTGGAACAAGGAAAGCGAAAGGGTGAACTCCCGTCAGGAGCAAACACCAAGGTCATGGCGGAGTACTTCACGTCGATTGTTACGGGGCTTTCTGTCCAAGCTTCTAATGGTGCATCTACTCGCGACCTGCATCAAGTTATCGAAATGGCAATGGCGACATGGCCAAGTAAGGCTTAAGAGATCAGACCGGCAGGTTTCGACCGGTGACTACAGGCCAATGCACATTTCCAGCGCGGCCTTTCTCAACGAGTGACTCGGGGATTTGACATCTATCCAAAACCTCATGTTTTGAAACGAGCGTGGTCGTTTGTCCTGTCACCCAGCCGTCGTGTCAGTGCTACACTAGTTGTGTCGGAAAAGGCAGACTTGGTTTGGTAAGCCCAAGTCCTTCTGGAAACGGAAGCTCTGATCATCTGCTTCGTGCAAATGATCCCCACGACGAACAAAGGACGCAAAACGTCCACTTTGTTCGTCCGTGTGGTTCTGCAACCGACGAACCGCTCAGGTCGAACACCCCGAGGAGCGGTTCATGCAAAACAATACTTCCATTTCATCTTCATCCACAGCAATGATCACCGGAGCGAGCCGTTGTGTAGGCCTGGGCTTCGCAGTCGCTCGCCAACTAGCCGAGCAGGATTTCCACGTCATACTGGCGGCGAGAGAACAGAATCAGGCGGAAGTGCTCGCCGACGAACTCAGAGCAGAGGGCCTGCAAGCAAGCGCGCTGCGTCTTGACCTGGCAGACTCGGCCAGCATCGCCGATGCCGCCGAACGCCTCGCCGGCATGATCGACCATCTCGACGTGCTGATAAACAATGCAAGCGCCATGCCGGATTTCGGTTCCCGCTCGGCACTCGAAATGGATTTCGATGCACTTCGCTCCATATTTGAAGTGACTTTGTTTGGTTGCTGTGCGCTTACTCAGGCGCTTCTACCGCTTCTGAAGCGCGCCTCTGCAGCCCGTATCGTCAACGTATCGAGCGCAGCTGCTAGGCACATTGCGGACCCACAGCCGGGGCCGCTATTCTCGCCAGCGTATTCCCTTGCCAAGTACACGCTGAATGCATGGACGGCCACAACCGCCGCGGCACTGTCCGATACGCGCATCCTGGTCAACGCAGTGGATCCCGGCTCCGTGGCCACTCATCCTGAACGGGGCGAGGACGAAAACGACCGATCTCCGGCAGAGGCCGCAAAAGGCGTCGTCTGGGCTGCCACACTCACTTCGGATGGTCCGACAGGTGGACTCTTCTACGACGGCGAACCCGTGGCCGGTGCTTCCCGATGAAGAAGCCGCTTGGTGTGATCTTTGCGGCTGTAGCCCTCGACGCGGTCGGAATAGGTCTCATCTTCCCGATCCTTCCACGCCTGATCGAAGACGTGACCCACACGCGCGATGTCGTCTCTTACATCGGGCTTCTGACGGCACTCTACGCCGCGATGCAATTCGTGTTCGCCCCTGTCGTAGGCGCACTCAGCGACCGTTTAGGCCGTCGGCCGGTATTACTCGCTTCCCTTGCCGGAGCTGCTATCGACTACCTCTTGATGGCCTACGCGCCTTCGCTTTGGCTGCTAGTTGTGGGACGCGCTATCTCTGGGCTTACAGGCGCGAATATGTCGGTTGCGACCGCCTACATCACTGACATCTCACCGGAGGACACGCGAGCGAAACGCTTCGGCGTGTTCAATGCCATGTCCGGTATCGGCTTCATACTCGGTCCCGTCCTGGGCGGCGTCCTCGGGGACCATTGGGTGAGGCTCCCTTTCGTCGTTGCTGCGGGGCTGAACGG
NZ_CP030840.1_gap19	581819	583443	1624	GATTGAACGACTAGTTGTGCTTCTGACAGGCAAGCTTTCCGGTTGCGAGTACATCTGGCGGCAGAATGTCGTTGTAGCGAAGAGTCTAGAAATTTCCGACGAGAAGATCACTGAACTCCACGAAGGCAATTTGCAGGCGGCATGTTTTAACGCAGATGAAGTGGCTGCGTTCAAATTCGCAACCGAGACCATTGAATTAATTGAGGTCAAGGATTCGACGTACTCAGAAGCAGAAAAGCACTTTTCACCCAGGGCCCTTACCGAGATGCTCTACGTGATCGGCTCTTACATGTTCCTCGCTAGGCTCATTCGTACCGGTGGCATTCCTCTCGACGAGCAAGCGGCAAAAGTTCCGGACGGCTTCTTCCACTAGTTGGAAGTTCTTCCAGGAGTGCACGCTGACTGATGGGCACCCGTACGGCATTCTACATAGACGAAAAGGCCAACGAATTATGCGGGCTTTCTGCAACAAAGAAACGGAGGAAGGTGATAGTGGCCGAGACAAGACACACTTACCGCATTTCCGGCAAGGACGTCGCCCTAGAAGTTTATGCAGATGGCGCTGGTCCTGCGCTCGTCGTCCTCCCATCCTATGGACGCGGCGCAGCGGAGGACTTCGATTTCTTTGCCAACACGTTGAGTGCGGCCGGGTTCAAAGTTCTGCGCCCACAACCGCGCGGCATCGCTGGATCGAAAGGAAAGATGGAGGGCCTTTCACTGCATGACCAAGCAGATGATGTTGCTCTCGTCATCCGCGAACTCAGCGATGGAAAGGCAGTAGTGCTTGGCCACGCCTTCGGTCACGGGGTGGCAAAGACGGTTGCTGCAGACTACCCCTCACTTGTGACGGGAGTCATCGTTGCCGCAGCACAGTGCAGTTCAGTATCGCCAGAGATTGAGCGGACACCGCATCAAGCTTGCGATCTCAAGGCGCCTGTGGAAGAGCGATTGGCCGCGCTCAGGAAAGGTTTTTTCGCCCCCAACCATGATGCCACTATCTGGCTGAATGGCTGGTACCCGGAAACCATGCAGATGCAGGTGAGCAGTGTCGGTCGGACGGCCGCGGATGAGTTTTCTCGCGCCGGAAACGCCCCACTGCTCGAAATTATTCCTGATTCAGACCCGTTCAAACCTCGTCCGTATTGGGGAGAGCTACGCCAGCAGCTGGGCGATCGAGTTACGACCGAGATCATTGCCGACGCCAGCCACGCGCTTTTTCCTGAGCAACCTCAACGTGTAGCCGCCATGACCATTGAGTGGTACCGGCGTTTGATTTCCTAACGCAGCATTGTGGTGAATCCTATTCAAACGCGATGAACCGCGGCCCGCAGCTATTGATCAACTTCGAGTCACAGTAAACAGCCCTACATGGCGCAAAAAGGAGACCAACAAATGTCCCACAATAAAGCTCCGCAAGCGACACTTACCACTGTTGCGGAATTCCCCAAACAATACTTTCTCGAGAATTTAGTTGTCCGGGCGGATAACTCTGTATTAGTCCAAGTAGCCAACAAGAAGGAGCTATGGTACGTTCCCCCCGCTGACGGATATGAAACAGTCAAACCAGTCCGTATTCATACCTATCAGGAGAATGCGTGTGGGATCGTTGAGATGGAGCCAGACG
NZ_CP030840.1_gap20	585268	586103	835	GAAGCTTCGGAGACTAACGTCATCAATTTCATCGGTGTTCCCTTCGTGCGGCAGAGGAGCATGGCATTTCGCGCATGTGGCAAAATGGGTTCAAGTTTATTTCGCTTGTTATGCCTATCGATTCTCTTCATCTCGGTGCTCGCGCATGCTCAGGTTGACACGCTTCGGACGGTTTCTCGTCATATGACCCTTTCGAACGGCAAGACACTCGCCTATACCGTACAGATGGGACGCGTCCCAATCCGGGCGGGCGGTTCGGATGAGGTGCTGGCAAACATGTTCTTCGTCGCCTACTGTGTCTCTTCGACTGAGCCGCGGCCAATCACCTTCCTTTGGAACGGTGGACCTGGGTCTCCTTCCTCTACGCTGCATCTGGAGTCGATTGGACCCAAACTGATCGCCGCGAACGGCAAAACTGTCGACTTCAGAGATACGGCTTTGGCATCGACTGACCTGGTGTTTGTCGATGCTGTGGGAACAGGTTTCAGTCGGGTCACGCGGTCCGAGTTTTCGGACCAGTTTTACCAGATGCGCGGCGATGTGAGTGCCTTCACAGATTTTGTGCGCGCCTGGAGGCTGCTTTTCGGCGTGGAGGAATACCCAATCTATCTTGCGGGCGAGAGTTGGGGTGCTTTCCGAGCTGCGGCAGTCGCACTGCGGTTAGAAAAGCAAGGAATCCAGGTAGCAGGTATCATCGCCATCTCAGGCCGTCCAGCGCTTCCCAATGCAAGACTTGACATAGTCTTGCGCGCACTACGTACCGTTCAGCAAGCTTTGGCCGCCCAATATCACGGTAAATCCTCAACGGATCTTCCAAAAGATCCTGTCGCGTTGC
NZ_CP030840.1_gap21	590329	593562	3233	CCTGTCTTCTTACTTGGAGATGTAAGGCCCGTGCCTTCTCCCGGGATGCCGTCAACGAAAGCCAGATTATGCAGGTGTCGCTCCAGAACACGCTTGTTGAGCGCCGGCAACGCGGCTAACGCGGCCTCGACCGCCTTACGCTCCTCCGACGTAAGAGTGTGTGGCTTAACGTCTTGCATCCCCGCCTTCTTGAAGGTCTCGACAACAGCTTGATCCGGTTTGCCGACTCGGTCCAGTAAAGCCCTAGCTGTGTCGTCCTCTTTCGGCTGTGAATCCCTTTGCTTCGGTACCTGCGCAACCGGGAGAAATTGCGGAAGTGCAGCAATGACTGCACACCGCGTCGCTATTGGAGCGACCAGAGAATAACAAACAGTTGCGAGTACTAGTGCGCCTCGGATTACCAATCTTGTCTGCCCCCAACCTTCTATGGATCTCGAGCCCTCATCATATCGAGCCACGCCATACCTTTCACGTAATCAAGCAGACCCAAAAGGTCTGCGCGCGCGGCACACGGAATGAATCTTGAACAAGGAGTACAGTTTCATAGGAGAAGTGATTGCCCGATCTCACGCAACGACTCTGCCGATTTCAATGGTCCCGGATCTCTGTCCTATTCGCTGCTGGCCGCTGGTACGGCGATTGCGTAAAGGGAGAATGTGATGGCACCAGAAACTTCGCGCGTCACGTTCTAAGCCATGCCCCGACTTGAAGAGGTCCCACCAACTCGCTGTGATTCACCACTGCTTCCTCTTCCATTCGTTGAGCGAGGGTCTCAATCTGAAGGTCATGAGCCGTGCCAAGGCCCAACGTCTCGATGACGGGGAGCAATGTTTTCACAGTTTCTGTTGCCCAGCCATAGATGTATGAGCCTGCTTCTCCGCCGACCGGAACATCCGCTTTGATGGTAGGCCGGGAGAAGCCCGCGTCCGCGAACGTCTTAGCGAGAAACAGGCCGAAGTCTGGGTTGATTCCCGACCTACGGATTACCTCTCCGATCAACTTGACGGTATCTCCAAATAGCGACGTCGCGGGATAACTGCTGGCGGGTGTTCCAAATGACAACTCGTGGAAGCAGAGGATGCCACCCCGCCTTAAGAAAGCAGCCGCGTGGCTGAGAACTCTCGAAGGGTCGGGTTGATAAAGCAATACGTACCTACCGATGATGGCGTCGAACTGCGATTTAGGGCGGAAGTTCAGTATTTCGGAGTGAAGGAAGGTTACCGGGGCACTGTGTCCCTGAGCTTGCACTCTCTCTTTTGCCTTCTGCAAAACAACTGGGTCGCGATCAATGCCTGTGACTGAACCTGATGGTCCTACGATCTCTGCCGCCAGGAGCGTCACATCCCCCATACCCGATCCGAGATCAAGCACGTTCATGCCTTTTTCAAGCCCGGCCGCCAAGAGATAGTTTTCGGTCCACGTTCCCACAATGCTCGCCTGAAGTTTGAGGCGCTGTTGTTCGTGGTCGGAGTTACCCAGGACGTATTTGGGGAATGTACCTTCAGGTCGTGGCATCAGCACCTCGGTGGATCTGTTACATGCTCAAGCCTGCGTCCAAACCGTCTCGCAGTAGGCAGTTAGCAAAATAGGGAAGAAGCATTTCATGAAGGTGAGAGTCAGTTGCTCCTCATTTGGCAGGTATCTTGATGGGTCACAAAGGATAGAATGCACCCGACAGCGGGTGCGTCCTATTTTTGAACCATTCCCGCGACGGCACAAAAGATCGGAGATCATGCCTGCGCCCGTCAAGTTGAATATCCAAGCCTTTTAGCGACTCGACAACCTAAGAAAGGGCGTGTAATTACGAATGCGTTCCTCACATAACAAGAGATGCATCAGAACTTGCTGAAGCGCAGCACCTGCTACACCTCTTCAGTATGAAGACATACCGACACGGTATGGGCCGTCTAATCGCAGGAAGATTGGTCGCCAGACACAGTGGGTTCATAGCTCGGGGCGCCCAGACTTTTCGACCGTCGCGAAGTCCTGGATGCCGATCATCTATGAGGGCATGTCCCTTCATGCGGGACTGATCTTTATCGATGTTCCAGCAGGCCTTCCCAAGGAACGACAGAGCTGGCGTTCGGGGTCATTCTTGCCGTCCTCGAAGAACATGGAGATCTGGCAAATCAGGTGTTACAGGTGACGCTCTTTTCCAATGGAACGGTGAAACTCAGCCACTATGCTATGCCCAAGCAACGTCAGCATGATGGTTAAGCGCGCTTCTTCGTTGATAGCGTAGAGCGCAACCTACTCTCCACGTAAAGCCGGATCATGGCACGAAATTCGTCTAAGGCGCCAGGCGGCAGATCCCGGTGTGTAGACGCTGCCTTGATGTTAAGCAAGATCACGAGTGCTATATCGACAGCGGTCTGTTTAGGCAGATTCGGACTGTGGATCATCAGGGTTTTGGCGATGTGGCGCAGCGACGAGATTGTTGCACCCGGAAATCGATACTGGCCGATGGGCCCCATCCACGTGTCGCCGTCGCTGACTCAGGCAAGCTTGCGCCGCCGGCCGCTCTCAGATAGGGCGGCAGCCTGATCCATCAAGCTTAATCCTCAAGCAACGCTTCCTGCCACTCTGTAGATAGAATTTTCGTGCCAGACACGAGCAATTCGAGAGCCTTGCAAAAGGAGACTTTGGAGATGGCGCACACATACTGAAAAAACTCCGACAAATCGGATAGCAACGCGCTCCCGGAATCTTATGAAGGCAAGCTGGAGAGGACACCACAGTAAGGAAAAAGCCGAAGTGTCCTTGAGTCACAGGCCTCATGCCCGGAGGTCGCGCAAGAGAAATGGTTGTTGCTTCCAATAGGTCAGCGAGCGCCAGAGCCATTCCAGCGGTCCAAAGGCGAAGCTGCGCAGCCACAGCGTGCTGATTACAAGGTTCAGAGTCCACACTGCACCAACAATCAGGAAACAGTTGTAGAACTCGAGTTGACCGTAGAGTTTCCACGGCCCCCACGAGAAGATAAACTTGCAGATCAGGCTGGTCAGAATATAGTTGCTGAACGCGGTGCGGCCCACCGCAGCGAGTGGCTTGATGGCCCACGGCAGCGACCCGCTTCGCATTAGAAGCAAGATTACAGATGTGTTTGCAAGTACAGCGCACGGTACGACGAGCGGAGCGGGAGTCGACATCCACACAGCAACCACAAGGGGACCAAGGCCGTCACGGAGCGTGTGCCAGAGCCCTGTTAGCACGAATGCAAATGTGACCGCGTATCC
NZ_CP030840.1_gap22	650057	651169	1112	TCGCGAGCCCAAGCCTGACGTCGCCGAAAGTCTTCTCTTCGCAGCATCTCCGGGTAGCCGCCTACTAGCACCGCATGGACAAGCTGATCGCCTTCGATATCCGGCCCTGGCTTCACCAACTTGCCATTGAATGCCATCTTCAGGAAGCTGGGCTCTTTGGCGAGTGTTTCGGCTCTGGAAATCGGCATCAGGTTTACGATTTCCATGCGGCCTGCAAGGCTCTCGGACACTTGAGGAAGAGTGAGAATGTTGGCAGATCCCGTCAGCAGGAAACGGCCTGCTCTGCGGTCGTTATCAACGGATCTCTTGATGGCTCTCAGAAGTTCCGGGGCTCTTTGCACTTCGTCGATGGTGACCAGATCGAATCCACGGACAAAGCCAGTGGGATCGTTGCGAGCGGCTTCAAGCACTGTGTCGTCATCCAAGGTCACATACTCGCGGTCCTTATCGCCGAACTGTTGGACAAGCGTCGTCTTGCCGCACTGTCGTGGTCCTATCAGCATAACCACGGGAGTGTCATTGAGAGCAGTGGCCACACGTCGTGCTGCGAATCTCTGAACGAATTGGAAATTGGCGTCGACCATCTCGGATTATTATAGCGTCTAATCCGGATTAGCAGTCCGTCCGATTCGGATTATGAGCCCGGCCAAATCGGAGAGGTTGAATGCCTATTGCCCCAGCCCCGGCAACCAATCACCACCGAAATCCAAGGGGGATTCGCCTTGGCCCAGAACTACAAAACGCCTCCTAAACACTGGGTCGACGTACAAATAGCGTACACAAAGGAAGCGAAATGAGCCCAAATGGTCCCATCCAGGCCCAAAACAATTTCCCGTAACACCCATAGCATCAACAACTTCCATTGATCCTAAACCGCTTAGCATACTTGGAAGGCGGCCCTAATGTTGCTGAGATTGCTACTAAGCTAGGGCTGATCGTGGTGGGACGTTAACCATAACGGCAAGCGAGACCCTCTACAGTTGCAATGACGCACTTTGGTCCGCAGCAAATTGTTGTCCGGTTTGGAGTGCGGATGATTTCACTACATCGTGAGACAGTTTCTCGACAAGAGACGCCGCATTATCTGTATAGATATGGGCATCATGCGATCC
NZ_CP030840.1_gap23	700305	702523	2218	TATCGAGGGGAATCGTCATTGGTTCGGCAGCGAGGCGACACTATCTGATCTTGAGTTCGAAACGTAGCTCCAGTATCTGCTGTTTCACTCACCATTTCCTAGAACGGTGAAACGTTGGATTGGCGCTCTCGAAGTCTTTCAAGACGGCCTCACGAAGTTGCTGCAACTCATCTGCTGCGGAGGGGGACAACTGATACGTCGGACATTCGGGCAGATTGCAACCGCAAGGCCGAATGTCGCCCGACTTCACCATCTCCTCGAACGCGGCACGGAGACGGGCAAGACCCATCTCGACCGACTGCAACTTGCGGCTGGTTCCAGGGTCTTTCAGTTCGTGACGCGATGCGATGCGACCGATCACATGTCCGTCTCGGGCCTTCCAAATGCCCGTACCCAAAGCCTGAATCGTATCTGAGACCGCCTGCTTAAAGTCAGGCAGATTGCTCTCCTGGTGGATTGGGGTATAGAAGGCTGGCCTGTCGAACAGTTTAGCCATTGCAGCAAGGATGTCCCCGTCGCTTAGTGTCCTGTCCTCCAAAGCAAACTTCGTGAGTTGATTTTCGGCATCAGGAAAGATTTCGCCGCCGACAAACCGTTTCACCAAAGGTTCCGTCTGTGCGCGAAGGAGCTCTTCGAACTCCAAACCAGACTAAAGATCGCAATGCTTCACTCCGGCTGCTTGCACATGGGCCTTGATTTTGTCACGCATGCCCGCTGAGATCGTTCCACGCTCGACCACGCGAAACCGGTCTGGAATTCCATGAGGCGCGCTTAGGACTTTCGCAAGATCTTCCTTAATTTTTGCGAATGTCAATTTGTGTCGATTGACGCACTGAATGCAAACGCTCTCGTCGTCTTCTCGGATGCCCCAGATATCACGGCCGAGGTCGCCGCCAACCTGACCGTACCATTCAAGGGTCTGCCACCGTTCCGCCCGCACATGGTAGGCGAATACCAGCCGCTCGAATTGAAATCCATCGAAATCTTCAAAGTGAATCGGGTGCACGTAGCTGGAAGGATTCGGCATTGCGGAGACTCTCCTCGTACGCAGCGGCGCAGAGGGCGCAATCGTCGCACCGTTCACATTCAACCTCTATCGCTGTCGCCTTCAGTTTATCTCTGCGAAGGAGTGAGTCCGCAGTTCCACAAGTTTCTCTCCCACGCTTCCATTCTTGGACAACAGGCTACCGGGAGGAGGTCTCCTCCCGCGCTTCAGCCGCTTCGCGTCTTTGCTCCTTCCTCTGGCGGGCCCGTTCCTGCCGGCAACGCCGTCCCTGACAAATCTTGTGCGCTGACGCGCACGCATAAGGAAACCAAACCTTGCTGAGGGCTGAGGGTACCGGAACATCGTTTACATTTTGAACCGGAGACATGCTTTACAAGCCCCTTGCGGTGAAAGTGGCTCTGGTTGAGTGTTTGCGGCTGGCTTGGCCGGTCTTAAAGAGAATACCCGTAGTCGTCGAAGCGGTGGGAATGTGGGAATCCCGAAGGGATTTCCAAGGGCTGTGGGAAGATTCTCTCTTGTAGTGCAAGCATTTTCGGTGGGGATGGAATGGATTTTCAAGGCATGGTGGGTCTTTCCCTCCGATGCCTGTCTGGGCCGAGCGAGGATATCCCCGCTCGGCTGTTGGTTCATCGTCGGGATGAGCCCACCAAGTTATCCCTCGGCATGGTTGCTTCCCAGCAGAGCCCGCTTCCGTTTCACTTGATGAGGCGATTGTAGCGTTTATATGGTCAGCAGATGCGGGAAGAGCTTGCTTCCGTCGTAGGGAGTTTGGCTGCCGAAGATGCCGTAGATGGCGTGAAGCAGTTTGCGAGCGACCGCGATCAGTGCCTGCAGTTTGCGTTTGTGCCGCGCAAGCAAGGCTTCATAGAACGCCTTTAGATGTGGGTCCCAACGCACTGCGGCCAGAGCCGGCATATAAAGCGCCCGGCGCAGGTGGCGACTGCCAGCGCGACTGATGCGCGATGGTTTATGCACCGAAGTGCCAGAGTCTTGGTGTACCGGATCGAGCCCGCTGCGCGCGACCCATTGACGCACCTTCATGTCTGGGGCCAGCAGGACCAGTTCGCCCAGGATCTGCAACGCGCTGACGGCCGCGATGCCCGGAACGCTTGTTAACAGCCTGAAACGCTGGCTCAAGTGGGCATCAGCGGCGATCAACGTCAGGGCCTCACGGCGCAGCTTCACGATGCGCCGGTCAACTCCGGCCAGCGA
NZ_CP030840.1_gap24	719039	722057	3018	GGGACGGGGATAGGCCGTCATCCGCGGCACTCATGGGTGGAAGACAACTCACGTTCGAGACTAGAGAATCCGACTTCACTCCATTAGAGCTGGTAGCGGATTCAGACTCTAATAGACTTATGCGTACGCGTTGTCCGTCCTGCTCGACCCAGGCGAGGCCCGGGACAAGCTTGAGCGATGCGCTCTCATCAGCCGTTGCGAACTGCATCTGGATTCGCGCAGCATCATGCACCAAGAACGGCTTTCTTGGTGAAATCAATTCCGATAGGGGAGAAACCCGGCGACGTCTGTGCTCAGTCATGCCTGCCTCACTTTTCGGTTCACCGTCCCCATTGGGGCTCGATGGCTTTAGTGACGGTAGAACAGCAAGCCTGCGTCGGAAACCCCACAAACTTGAGGTTTCACCTCTGGATTTCTATAGGCACCTTCGGGGAATCTAGCCGCCGCGCACAAATCTCTGCAGGCGCGACCACTTGGACGGCCGCGCATTCTCCATGAGTACGGAATTGGGCACCGTTAAACTGACCTCAGTGCCGATGCCCTGTGAAGAAGTGAAGGCTAGCTCTGCATTAAGGAAGCGAGCTCGTTCGCGCATCCCAGCAAGACCAAAATGACCGGAACGTCCCTCCTTAAGGGTCTTTGTATCGACACCGTTACCGTCATCCGAGATGCGAAGCTGGAAGTCTTCCGCATAAACGATTTGCACTTTCAGGTTTGTTCCCCCCGAATGCAAGCATCCGTTGTTGATTGCTTCGAAGCCGATACGGTAAATTTCTTCGCGGACACATACCGACATCGCGATCGGCTCGCCGATAAGCTCGAAACTTGTCTCCATTGTGCCGGAAAGCGCGCAATCGTCGACAGCATCTTGCAAGAGAGATTCAATTGTTTGTTGCTCAATCACCGGAGCGCGAAGCGATCGGAGAGCGGCCCGCCCCTCCTCCATCGCATTTCCTAACCACGTTGAGAGCATCTGAAGCCGCGGTTTAACCTCGTCCTGTTCGTTCAATTGAGCGAGAGCGGTATCGGCAAGCATCTTACTTCCCTGTATGGTCTGCAGCAATGTGTCGTGCATGTCCCGTGCGATTCTAGTCCGTTCCGCGAGACGCTCGTCGTAGCGAGCTTGCGCGTCTCGTCGGACCGTGCGAATCCTGAGCCGGTAAGCCATAACGATCGCAAGCGAGCATGCTGCGATACAGCCGAGGATGAAAGACTTCGTCTGGTACCAGGCCGGAAGGATCGTGAACGAGAGTGTAGCTTCCTTAGTGCTCCACACTCCATCGGCATTGCTCGCTACAACGCGAAACATGTAGTGGCCTGGCCCTAGATCGGTATAGAAGGCATCTCTCAGCTTGGTGATGTCTTGCCACTCCTTGTCATGCCCATCTAGGCGATAGCGAAATTGGAGTCGCTCCGGGACGCTCAGCGAAGGTGCTGTGTAACGAAGGTCTACATCCTCTGTAAGCGGGGCAAGAGCTATTCCTTGCACTGCTTTGTGCTCGACGTGGCGGGCCACGATCGCTTCTATTTGCACCGGCGGTGGAGGAATTTCCGTTCTGGAATGCGTCGGATCTACAACCTGTACCTCTGCGCCATTCGCAAACCAGAGATCGCCGTCTGTCGATATCGCTACAAGCGAAGAGAAATCTGCGATATTCGGCAGAGCGCCATCGAGGACATCGAAAAGACGAGATGTTACAGAATACTTCGGGTCCGCCTTGAACCTCGATAGCTCTGCACTGGCAACAAATACCAGCCCACATGAGGCGTAGGCCCAAAGGTTCTCGTTATGATCGAGGATGATGGAGTGAATGTGAGCGCACGGAAGGCCATTCGTCGTATCGAGGAACCAGGAATCCCGCTGGTTGAAATACTCAATGCCGCGAGCGGTGGAGGCCCACTTCGATCCATCTCTGGAGAAGGCGAAATTGTTCCGCCTGATGATAGTGTGAGGACTCCACGGTTCAATCCGACCTTGGTCGTCGAGAATTAGGGCATTACGGGAGTTTCCCAGATCCAGGAAGAGTCCACCATCCGGATTCGCGGCCATAAAATTAGGGTCAGAGTGCAGACTCACAGATTCGAGAGATTTTGAGGCGGAATCGAAGCGCAAGAGTCTGTAAGGCCGACCACTCACGAGTACGAAAATATTCTGCTGCGTATCCTCCACGATTCCAACCACCACTCCACTGGACCTCTTATGATGGTCGAGGATTCGGGTAAAGCGGCCTTGTGAAAAGACATAGAGATCAGTATCGACCCCGACCCAAAGCCGTCCGGTGTGATCCTCCATGAGGGAAGTCACGCGCTGGCCTGGAAGGCCGTCCTTTTTTAGGTAATTGGTTACCTGCCCATTCTTCAGGAAGCTGAGGCTGCCGCGGTTTCCGATCCAAACTCCACCATTCTTCGACGACGCAACGGAATCGACGTAGTCGCCAGCGAGTCCCTCGCTGGTGGAGAATGTCCTGACGAAGAGGTTTCGAAAACGGTCCAATCCTCTCTTCGTACCAACCCAGACATCGCCCTCGCGGTCTTCGTAGAGGCTAGACACAGAGTTTCCCGATAGTCCCTCTGTCTCCCCAAAGTGATCAATCCCGTCCGGTCGGATTCGAAAGATTCCTTGATCGGCTGTACCGACCCAGACCGTACCGTCACGATCAATCAGTGTAGCCGTAACACTCCACAAGCTATTAGATGAAGTCGAGGTATAGGCATCACGCCAAATATTGTCGCTAAGGCTTTGTAAGCCAAGACCGGGCCCCGTTCTTGCGATACCGACGAGAAGGGAGCCATCGGGGCGCGGCGTGAGGGATTCGATCCCAGTGGACGCCTCCGCGGAATCGAGTTCTGGGTGGGGGTAGGTTCGGAAAGCCCCAGGTCGACCGTGCAGAAGATGCGTTGAGTCTGCGACCCAGATGTCTCCATTCTTGTCGACGGCGAGGGCCTCGGCATACGGTAATGGGATACCGTCTACTGCCGTGAAACAATGCATTGCCCTTCCGAGGACTTCGCAGAGGG
NZ_CP030840.1_gap25	731441	732226	785	TAAACCTGAATTCATCCTTGCCGGTGTGCTCATGAAGCAGCAGCTATCGGGTAAAGACACGAGCGGCACGTTTTCGCTATTTGAGAACCGGAGCGGTGGACAATCAAAGACCCCGATTCATGTGCATGCAAACGACGACGAGACGCTCTTCATCATGGAGGGCGAGATGAAAGCCCTGATCGCCGGGGAGGAGCAGACCATCAAGGCGGGAGAGTCGGTCTTTCTGCCTCGAGGCATCCCACATCAGCTTATGAATACAAGCGGTCTGCCAGCGCATTACATGCTGCTTTGCACGCCAAGCGGTTTTGAAGGTTTTCTTGCAGAGGGTGGCCGTCTAAGGGTTGAAAACGAAGAAGTTGGTCCACCCTGGCCGGAGGACATCGATAGATTGAAGGCCGCAGCTCCGAAGTTCGGAATTACGTTGCTTTCCGGCTGGTAGACGCTTGCTGAACGAAGTCTCACTAACTCTGCAGGGAGGTTGTGATGAATCGACGTGCGTTTACTTCCCACGGGGTCGGGGCAGCATTAGCCGCTCTGATCCCGTCTTCAGCAAGTGCGCAGTCAAGACCTGCCCCTAGCCCATCCGATCTAGCCCAGGAACTGCCGAGTGCCCTCCCGGTGCCCGCAGCTTGTGCCGCTTTGCGCGAGCTTCCTGACCCGCCGTCAGAAGCTGTGTCGCAGAAGCTCTTGCCTGGCTTCAAATCCCATCGTATCCAAACGTCGGGTGCGGAGATCAATGTTCTCACCAAGGGTAGTGGGCGTCCACTGCTCCTAATCCACGGACC
NZ_CP030840.1_gap26	733719	735432	1713	CTCCTTGCAGATTTATCTTCTTTCCACCGCCCCGTTCCTCCGCGCTCACAGGAAGTAGCTTTTCTCGCTCACCGTGGAGCGGAAACACCTTGACGAAACGTACGGACACGTCCCAGAGGCTTTAGGCACGCGTGAGAAATCGTGCCAAGTTCAAATAGCTGACACAGATTCACTTGCTGGTCGCAGGAGACACCATTCGTCGTCCAGCTGCTCATAGGAAGAGTTCCACTAGGTGTGCGGACTGAAACGGTGTGAGCGTGAGGTTCACAGGCCACCCGATGATCATCGACCTAACGTCCAAAGCAACCCGGTCTCAGGGTTCACGGGCTATTGAAATTACTAACAAAAGAAGGAAACACATTGATTACGAGCCAACTTGCTCCAGAAATAGAACTGGCCGGGCCAGAGCCAGTGATCGCTCCGGTCACTTTGTCTAATCGCATATCGAGTGTCGACATTCTGCGCGGGTGCGCACTGCTGGGAATTCTAGTTTTGAATATTCAGGACTTCGGCGATGTATCGATGGCGCATGATGTGCCACTAGGCAGCAGCATCAGCATCTTTTCCGGCAGACATCCGCATCTCGACTTCGTTGCCTTACTAATCAGCTGGCTCTTCTTCGAAGGCAAGATGCGAGCTCTGTTCTCAATGCTCTTTGGAGCGGGTGTCATCCTTCTCACAAGACGCGCGGAGCAGCGGGATAAGGAAGCTGCAGATATTTATACCCGAAGGAACATGTGGCTTATGTTGATCGGGCTTCTCCATGGTTGCCTCATTTGGTCCGGTGACATTCTCTTTGATTATGGATTCGAAGGGCTACTTTTCCTGTATCCCTTACGCCGATTGAATGCGAAGACGCTCCTATGGTCAGGATCCTTGCTCTCACTCTTCATTGCGCCTATCGGCATAACAATCTTCATCGGTACCGCTCCTGAATACTTGCTTCATCACCAAGTTGCTCAAGTCATGCATCGACAGCAGGACGGCAAGCCGCTTGATAGCGCGCAACGCGAAACACTCACACAATGGAGTGCCTTGCTGAAGAGCAAGACTCCGGATCCGATCGCCATCAAAAAGGAAGTCGAGGAGCATCGAAACCAAACCTATCTAGCCGGAGTGGCAGAGCGTTCTCAGATCGAACTTTGGTCTGAGTTCGCAAGGATTCGACTTGGTTCAGTTTTGGATTGCGTGCCCGCTATGCTCCTTGGCATGGGATTAATGAAGATCGGCTTTTTCTCGCTCGAACTTGAAACCACGGCGTATATTTGGACTGCGCTAATTGGGTTCGCAATCTCCTTGCCCCTATACACCGCCGGCATTCTCAGGGTGTATGCCAGCAGGCTGTACTTCTATAACATTGATGCGTGGCTCTTCGGCCCTTACTACATTACTCGTGAGGCGGGATCATTGGCAATTGCAGCAACAGTGCTTTTGCTTATCAGGGCGGAATTCTTTAAGCCTGCACAACGTGCACTCGCCGCAGTGGGCCGAACGGCATTCAGTAATTACCTGCTCACTAGCATTATTTGCCAATTCATCTTTGTTTGGGGACCATATCCGCTCTTTGGCAGGCTCGAATACTTTCAGCTCTTCTTCGTGACGTTTTCAGTGTGGGTGTTTAACCTCGTGTTCAGCTCAGTCTGGCTTCGATCTTTTGCTTATGGCCCCTTCGAGTGGCTATGGCGCTCGCTGACATATTGGAGGCCTCAGGCG
NZ_CP030840.1_gap27	739057	741422	2365	GTATCACGCCTATGGCTATGTCAAGAAAGCTGCAGCCATTGTGAACGAGCGACTTGGCAGGCTCCCGAAGGAAAAAGCCGACCTCATCGTCAAGAGCGCTAGCGAAGTAATCGCCGGCAAGCTCGACGAAAACTTCCCGCTCTTCGTTTGGCAGACCGGCAGCGGCACTCAAAGCAACATGAACGTGAACGAGGTCATTTCCAATCGCTCCATTCAGATGGTGAACGGGACTCTCGGGGCTCAGGAACCCGTGCACCCAAACGACCATGTGAATATGTCGCAAAGTTCCAACGACACGTTTCCGACAGCCATGCACATCGCGGCGGTTAAGGAGATCAAGGACACACTCCTGCCCAAAGCAACCGCGCTGTTGACGGCTATTGAGAACAAGGCGAATCAATGGCAGCACATCGTAAAGATTGGGCGGACACATTTGGAGGATGCGACTCCTCTGACGGTGGGGCAGGAATGGTCAGGATACGCTGTCCAAATCCGATACGCTCTCCGTCGCGTCGAAGCTTCGCTGGCGGGACTCTACCAACTTGCGGCCGGTGGGACCGCTGTGGGCACCGGTATCAATGCGCCGGAACGCTTCGGCGAAGAGATCGCAAAAGAGATTTCAGAATTGACAGGGCATCCGTTCATCACCGCGCCCAATAAGTTCGAAGCGCAAGGCTCGCTCGACGGCATCGTAGCCGCCCATGCTGCCCTTCGCGGTCTTGCCGTCTCGCTGATGAAGATAGCAAATGATATTCGCTGGCTGGCTTCAGGGCCTCGCTGTGGCATTGCGGAGTTGAACCTGCCGGCGAATGAGCCAGGTTCGTCGATCATGCCCGGTAAAGTAAACCCCACCCAGTGTGAAGCCATCGTGATGATTTGCATTCAGGTCATCGGAGACGATACCGCAGTTGCTTTTGCCGGCTCACAAGGGAACTTCGAGCTGAACGCAATGCGCCCCATTATCATCAACAACTTTCTGCATTCTGCAAGGATTCTTGCGGACGGATGCGAGAAGTTTCGGATCTTCTCCATCGAGGGAACCGAAGTGAACGAAAAGAGGGTTGCTGGGTATGTACAGAGCTCGCTCATGCTGGTGACCGCTCTTAGTCCGGTGATCGGATATGACAATGCCTCCAAGATCGCGCACACGGCCCAAGATGATGGCTCTACCTTGCGAGAGGCCGCAACCAAGACTGGGCTGATCGACGCCAAAAAGTTCGATGAGGTCGTGAATCCCCAAAACATGGTCGGAGACACGACCCTGAATTTTGACTCTTAAACGGGGTAACGATAGCAAAACTCACGGAAAGAGCATACCGGGTTGAAAACCAACCAAGTAAAGTCCGCCGAACGCCGCTCGACACTGATCGTCGTCTTCGTCTTGCTCTCTTTTAGCTGTGTGTGTCGCAGCCAGACGCAGAACGACGGCTTGAGTGGAGCAGGCGCACATGAAGATGCCGGTTCCTCCCACGAACATCTATTCGGAGATTGGCGAGGAAAGCGGACGGAACTGGAGAACAAAGGAGTGAGTTGTGATTTGCAATATATTGCGGATCACCTCTGGAACGTACGATCCGCTCAGAAGACACGCCTCGCCGATTGGAACCGTGTGCGAGGCACGGTCAACATCGACCTCGGAACTCTCGCCGGTGCGCGCGGCCTCTACTTCCACATTACCGGACTCTGGCAGGGCGGAGGCATTCTTGGTGCTTACCTCGATGCGATCGCAAGTCCGAGCGGAATGTCGAGCGCCAACACGTTTCGACTTGACTCGTATTGGCTTGAGCAACGGTTTCTCCATGAGTCGCTGGTGGTGCGACTAGGCCAATTCGCTGGACAGGACTTCTATGGGGCCCAACATGATGCGACCAGCTTCATTGTCGAGCCGCTCGATTATGCCATGGGCAATCTCAGTGTGAACTACGAGAGCTTTGATCCACCCTCGACACCTGCTGCTGAAGTTCGTGTAATTCCGCGTGAGCACTTCTATGTGAAGTCAATGGTCTTTGCAGCGGATCGAGTGCCGTATGCGCACAACCCAACCGGGTTTGTGCCTCAATTCCGTGGTGCGGCGATGACAGCTTCCGAGATCGGATGGACGCCGGGCCAGTCTGCACGTGATGTTCGGGCTTTCGATACGGTTCAATCGCGAACCGGCTACTCTGGGCTGTATCAGTTCGGCGGCACGTACAACCCTGGGAAATTTACCTCAACGTCAAGTTCCACGCCTGTAAGCGCGAATTACCTGATCTACGGGATGGCGAGCCAGGCTCTTTGGCGGACAGCGGAGCGCTCTAGCACCGGCGTGGACATCACCGCGTCAGTGAACTGGTCCCCAGCAGATCGGAGCCGCCGTAATCAGGAG
NZ_CP030840.1_gap28	744954	747678	2724	ACCCCAGCCCGCCACGACATCAGCCCCGCCATTCGGATTGTTCAGGACACTGGTGCCGCCAACTGCCGTTGCGTATGGAGCATCTGCAGGAATGGCCACATCGCCAACCGGGCTTCCTAGACCATTGTCACCACTATCGCCTGTGGAGAACTGGAACGAGATGCCCACCGCCGCACCGTGCTGAAGTACGGTGTTGAAGGCCTGCGCTTCTGGGGGACCGCCAAGAAATTCTTCATCCACTCCCCAACTGCTCGACACAGTGTGGGCAAGCTTGTGGTTGATTATGTAGTTCAGCGCATAGATGAAGTCCTCATCATCCTGCCCGTCTGCGGCAACTTCGATGATCTTCGCTCCCGGGGCGATTGCGTGGGCCGACTGTATGTCGAGTGCTATCTCGATGTTCCAACCTTCGGTGATTCCTATATTTTCGATAGGAGGCACGCCGTCCGGATAGATTTCTTCGAAGTTAGCGGACGTCAGCGGTGGGAGTCCAAAGGTCTTCGCAGCAAGATTCGCATCAGACTCAGCCTGTGCATAACCAAAGCCTTCCACTAATGCTATGGTCTGACCGGTGCCGTCGTATCCCTGCTTGATCATCGACGTCAACCCATAGTGCGCCTGCAGCTGCTTCGGTGTATAAGCAACTGCTTGTGAATCTTTCTTTGAATATGCTGCGTCGTAGTTCAATCCGTAGTACACACCTATTGGCAGTGCTGATCCCTGTGTGCCGTATACGCTCACCGTGGGCGCTGTCAGTGCCACGTTCGTGATACTGCTCGCGAGAGTTTGTCCAATCGTCGACGCTGTTACACGCTTGAGAAATAGCGGCTTACCTGTCTTCGGATTCTTCGCGTACATCAACTGCGGTACCGCCTTGTGCCGGTCAAGACCCGCGACGGTATCCACCAGAGCTCCGGCATCTCCTATCAGTCGCGCGTCCGTCACATGCGCCTGGAAGGTTGTGTTCTTGTAAGTAAAAGTGTGCAGTTGGGTCTGGAATGCCTCTTCGATCTTTTCCGCCGCGCCATGCACGCGGATCGAGAGGTTCTGCGGATCGACCGAAAGCACGGTCAGCCCATGCTTCGACAATTCATCTTTTACTGTCTTTAGCTCAGCAGCCGTTGGCGCGTACTTTGTAAAGTCCGCATCCGTAAACCATTTGTGATACGTCGGCGATGCAGGATCATAGAGCGCTTCGACTGCCTTGTCATACTCCTCCTGATTGTGCATCTTCAAGAAAACCGTGAGCTTCTCATCCTTGCCGCGCTCGACCTGCCCTTGATCCTGGGCTATTTGAACACCCTTAGGGACATTGTGAACATCGAGCGCACGGGCGCTCAAAGGTCCAAGCGGTGATAGTGCAAGCAGTACTGCGGCACGGACGGATATATTCTGCAGGTTCATCAATTCTCCTTTTAGTTGATAGTGCTTGTGCGGCTCGCGCGAGTGAGTGGATACATGGCTGTCTCCGTCGACTGACTCGCACCAATAAGAAGTTGCCTCCCCATTTTGCATTTCGAGACACTGCTCAGGTAAGCCTCGAAGGAGGGTAGTCAATACCCCTCTTTAGCAGGTAGTCGATGCAATAAACAATCGCCCGCGGCGGGTCTAATCGCCGATCCGTTGAACTAGTGGACTGTAACGACCGCCGCGGGTGCTACCGTCTATTTTCGTACCGAAGCAGTGGAGTCTTGTGCTGAATCGCGCGCTTCTGTGTCTGTTCGTTCGGTTTCTCCAGCAGGCAGCAAAAGCTACGAGCCTAAGTCCGCTCGACAGTCTCTGCTACATCGGTAAGAATCGGAAAGCGAGCAACTTGATCTCTCGTGCAGCAGCGACGCCTCATTCAGTGAGGCATTGCTCGATGATCCATGAACCTATTGCATGACGTTCAGATCCCTTGCAATGTCCTCTTGCGGCGCGAGTACTCTGCGCACTGCGGGAAGAGGTGCTAAGCAAAGCGTGTGCGCATCTGGCCTTTTGGCGATTCACCAGAGTTGGACAACACGTACGACACGTAGAATTGGGTTCAGTGACACGGGTTGTAGTTGGCCGGGGGCAGCGTCGACCCTTCAAGGGTGACCGCAATCCATGCCACATTTTGCAGGTCTACTGCAACTTCTGGCGCAATGCCTAGGAGTGCCGCAGCCTGTTCAGCGCCGCCCAAAGTCCGTACGTCGGTGTCGGAAATTCGCTGAAACAGCACGAGCGCGTTCAGATAGGCTCCATAGATGCTGGGGTGGTGAAAGCCCGCATCGGTCGGCGTGTTGCGCGTGGATGGTGAACTCCCGCTCTGATAGTTGAAGGTGAGCGAGACTCCTGAAGCATTGCCGCCATAGGGATCAGGATTAGCGACACCGAGCGACCAAGCTAACGACCACGCGTCGCCTGTTGGCGCTATCCCTGCGATTCTCTGATTCTGTGATGCAGCGCTGACGTAGGCGTCGTGGTACGCGGAGGTTAGGGTTCCCAGGGAAAGAAGATAAGCAGAGTCGGAAAACGGCGCCGCTGCAGTGCTCAGACGATAAGCGGTATCGGCAGGGGCTCCGGTTTCATACAAAAAGATCCTTGCATTGGGTGCGGTCGTGTGCACGGCTGCTTCTATGGCGTTGACTGCTGTGCAGAATGATGCAGGATTGCTTTTACTGTCTAGCGAAATGCTCGACGGGATCGGTTGGAATGTAGCCTCCTGTAATACTACGGTGTCCCAATTGGGTCGCGTGATGA
NZ_CP030840.1_gap29	751714	755476	3762	CCCGCTTGGAGTCTTCCCCGTGTCAATCCTCCGAACGGAACGATGCAGCGGGTGATGGCAGTCAGTTGCGGGAAGTCATAGTGGTCGAGCCCCTCGATTGGCGTGACGACCTGAGCGGGCAAGAGAACGTACTCCGCAAGAGTCCCGTCCTTCCAAGAGCCTTGGAGGGCATCTCCGATACCTCCCGGAGAAGTTACTCCGATCAAAATTTGCCCTGGCTCGGGTACATTCTCCCGTGCGACAAGGTGACTCGACGTCACTACTTTCTGGCCCTTCTTGAGGTGCCAGACATCCGCACCGACACCCTCGACCGTTCCGATCGCGTTACCACCCGGGGTGAAATCTTCAGGCGCGCGGTAGGCCGGCAGCTTGCCCTCCACGTATGGCTTCAGATAGGACATGAGAGCTTGCGACTGAACACGAACCAGCACACTTCCAGGACGAACTTCCGGAATAGGAACGTCAACGAAACTGAGTTTGCCGCCCAAGCGGTCAATCTTCCACGACTTCATCATGCGTTCTCCTTTTTCTTGGCAGGTTCGAAATATTCGACAACCAGCCCGTCCGGGTGGCGGGCCGTCAGGTTTCTTCCGCCAGTGACGGTCTGCGGTTCGTGAAGAATCTCCGCCCCCTTCGTTTTGAGCCAACTAAAGCTTTCATCGAGCGAATCGACGTAGTAGACAGCGTTCACAAGGCGTAGCTCGTCGAGAATCTCTTGATCGGCAGCAAGGATAAGGACGCCCCCTACCTTTGCCGCCTCTACGTTCGTCTCGGCGATGTGCACTCGTCGTTCGCATTGAACTCCTAGAAGGACTTCATAAAACTGAATCGCTGTCTCCCACTGGTTTCGCTCGGTGTAGATACGTATCGCTTGCTGCAGAACCCGCATTACATGCTCCTATGCTGATGACCGGTCTAGAGTGGCTGCGTCTCATTGAGACCACTTCGTTGATAATGGTGCCCAGCAACGAGGCACCGTTCAGAACGCTTCACTAGACCAGCGAGAAACCGCCGTCGACAGTGAGGTTCTCTGCGTTCACAAAACTGCTATCGTCGGATGCCAAGAACAGCACGGCTTTGGCGATCTCCTCGGGCTGTCCTGTACGTCCTGCCGGCGTATTCGCGGAGGATTGCGCGGCATACTCTTTGATCTGATCGTCGTTCATGCCCAGTCCGTTGTAACCAGGGGTGATCACGACACCCGGGCTGATCGCGTTGACCCGTATCTTTCGGGGCTTGAGATCGTTAGCCCATCCTCGAGCAAAATTCCGCACAGCGGCCTTCGATGCGGAATACATGCTGAAGGCTTCCATGCCTTTGCTCTCGGTAATGGATGAGTTGAGGATGATCGAACCGCCGTCGTTCATGGTCGGCAACAACTTTTGAACTGTGAAGACGACTCCCTTCACGTTTGTGTCGAAGATCTGGTAGTAGTGCTCTTCTGTTACATCTGCAATGGGAAGCACTGTTCCTGCACCCGCATTCGCAAAGAGAATGTCCAGCTTTACCTTCTGTGCCGTCAGTTCAGCAGCGAGGCGGGTGAGGTCGGCAACCTTAGATACGTCCCCTTGGATTCCAACACCAAGTGGGCCGATCTCATTCAGAGCACTGGTGAGAGCTTCTTGCCGGCGTCCCGTAATAAAGACCTTCGCACCCTCCTGCGCCATCAGCTTGGCCGTTGCGAGTCCGATTCCGCTATTGCCGCCTGTAATCAAAGCCGTTTTACCACTGAGTCGTCTCATGTTCATTCCTTTCGATCGTCCGAAGTCCTAACCGTGCCTCTCTATGGATGGACGGCGCTTCCCGGTAGCGTGTCCAAACTTCCGCTTTTCAGCAGCCCGCTTCCAACAGGCGGTCGATAGTTTTGGGAAAGGATGTGGCGGCGATCAAGCAAGGAAGGAGCCACCGAAGCGTAGTCAGACCGCTGGCGCTGACGCCGGTATTCGGTAGGGGTGGTGCGCATGAGCCGCCTGAAGATCCTGGCGAAGTGTTGCTGCGTTTGAAATCCGCATTCGGCAGCGATATCGATAATGGGAGACTCTGATTCTTCGAGGAGAGTCTTCGCCTTGCAGATTCGGAGCCGCAACAAGTACTGGTGAGGTGACGTACCGGTCGAACATTTGAATCTCTGCGAGAAGTACGCGGCACTCAAGCCTGCCTCGCGGGCTAATTCGGACAGTGTGAGGTTGCGGCTCAGGCGATCGCCGATGAAGGCGAGTACACGGCGAAATTGCGATGGAGAGAGGCCGTCTTCTGCTAGCTGAGCAGGAGGAACGCAAGCTGGAGCGACCGTTGCTTCTTCACTGGTCTCGTCGGTAATGAATGATTCGGCGCCGGGGTCGAGAAGGCGAATGCGTACACGTTTTCCATCCTGCTCGACCCAAGCCGGTCCTGGAAGCAAAGCGTTCGCGCCGGCGCGATGCACCATCGCAAGCCGCGACGGTCTGCGCGAGGCGTCGTGTATCAGGAAGAGCTTTCTCTTCTGGGCCGGCACAATGGAATTGGCGACCTGGTGATGTCTGCATTCGGCCATGCCTACCTCACTTCTGAGCTCACCGTTCCCCGTGGGAATCAATGGCTCTTATGTGAAGGTAGGCTTCACGCGGTTTGTCTAAAACCACACAAACTTGAGGTTTTGCCTATAGATTTCTATAGGTTTGACCAGGTCAGTCTCACTCTGCGCGGATGAGTCGAGCGAAACGGACCCAGATCGAAGGTCGTGCATTCTCCAAGAGACTCGAACGGGGCACGCGAAGCAGCACTTCAGTGCCATTTCCAGGTGAAGCCGTGAATGCCAGATCAGCATTCAGGAAACGCGTTCGTTCTCGCATTCCAGCTAAACCATAGTGTCCGAGACGCCCCTCTCTGACGAACTCTGAGTTCATGCCGGTGCCATCATCCTTCACTTGGACACTTGGAGTCCAAATGCTTCCCCATATGTCAGAACGACGTCGAGGCGTGTCCCCTCGGAATGTAAGCAAGCGTTGGTAATGGCCTCGTCCCTACATCTTCGGACACGCGAGGTGCGTAGACTGCGCCATCTCATAGGGCACTCATGGGTTCTTGTCTCGCAAAGGACTTTGTCGAGCATCTTCAGTAAGCCAAGCACAGCGAGGAGTTGATCATGCCGGATAGACTATAGTGCCGCAGGCGGAACGAAGGGTTCCTACCATGACCTCGCCAAGTGGATACGCGGAGACGGGACAATACCTAGCAGCATGAGCGGATTTTCGAATTGGCAACATATGTTGAGACTGCCAATCGTGACTCTCACAGGGGATCCCGCGAGGGCGCGGACCGACTTTTTTGCGACGCACCGCGGCAAGAAGGAGAACGATTTTAACGTTCACTACAACGCCTCCGGCGCCTTCCACGACCAACTCATTCGCACTTCAGAAGGCTGGCGCATCCAGGTCCGCCGCCTTCAAATCTACTTCGGCGATCCTTTGCAGATTGCAAAGATTGGCTAGTGTCACAATTTGGTGCTCCGGCTCCTCAACAAGAGGGGCCGAAGTACTCCCTGATGGCTGCGAGTGCCTTGAATACTCGGAAGGTTCGTCCTATGAGGGCGGAGAGCGGCATCCTGCCGACCGCACAGAGCGAATGCTGAATCCCGGGATTCTTGCAGACCTATGGACACGGGACAGCCGCATTGAGCACGCGGTCTGCTTCGTGCGGCGTTCAAATGAACGGTAGCAGCAGATGATCTGAAGGCAGACAGATTTGTGTTGGCTGGCTTACAGGACCATAGGATCTGCGAAT
NZ_CP030840.1_gap30	914696	916132	1436	CGGCAATCCATACTCCCGCAGCCCAACCACCGCCTTCTCGAACTTTTACATCGGCGCCGGCCAGACGCAGCAAGAGCAGATCGCGAACGGCGTGCTGATCCGGCATAATCACGCGCTCAACCGGGCCATCACCGATGTATTCAGTCCGCGTGGCGGCATCGCGTGGGATGTGACTGGCGATGGAAAATGGCTGGTGAAGGGTGGAGCAGGGTTCTTCCACAACTGGCCGACGCTGGCGAATCTACAGGAAGAGTATCGCGGCAACCCACCCGGAGACATCTTCCCCACCTTCTATTCCACGACCGGCCCTGCGCCAATCTTCGGATTCGGTACTTCGAATACAAAGCCGTATAATTTCCCCGCTCCTTCAATCGGTGCTTACACGCTAAACGAGAAGGGCGGCATCAATGGACTGCAGTTCAACATCGGGGCCATCAACCCGAACCTGGTTTCCCCGGTAACCTACACTTATTCCGCCGCGCTCGAGAGGGCTCTGGGTTCGCATTACACCGCCGGCATCGCCTACTCCGGCGCCAACGGCAGAAGCCTGCTTTCTGGCGGCGGCCAGGTCTATAACGTAAGTTACGGTCAGGACATCAACTCCTTGCAAGGCGACCTGATCCAGAACCAAAGGACCAGCCCCACTCGTCTGAATACGAGCTTTGGGCAGGTGCAGTACACGAATAACGATCGAGTCTCAAACTACAACGCGCTGATCCTGTCCGCGCGCGCTCGCTATTCAAAGGCGTTCTTCAACGTCTCATACACCCACTCGGTATCGAAAGACGATACCCAGGTGTACCCCAGCTATATCGATGTCCACCAATGGTATGGGCCCTCTATCTGGGACGTTCCCAACCGCTTCTCCGGAGTCGGCAACTATGAATTTCCGGGATATAACCACGGTGAGGGAATTCTCGGGCGAGTGGCTACCGGCTGGCAGCTCAGTGGGACCGTTATCCTGCAATCGGGAACACCGTTCAACGTGTCCACCAATGCCCCATTCGCACCCAACGCCACCTTCACTGGATACGCTTCCGGAAGCGGCGACTACAACGCGGATGGTGACAACAACGATTACCCGGATGTGGCAAGCTACCATTACAGCACCAGCCGGCAGAGCTATCGTCACGGGTTATTTGCCGCAGGCCAATTTCCCCAGCCCGCCTATGGATCTGAGGGCAACGAAAAATACAACTCGTTCCGGGAACCGGGATTTGCCCAATGGGACGCGGCGGTGCTGAAGGATACCCCAATCAACGAGCGGGTAAGGTTCCAATTCCGCTTTGAGTTTTACAACCTGTTCAATCGCGCCAATCTGAATGCCGTTGACACCAACCTGCCCGACGGAAACTTCGGTCAGGCTACCGGTCAATACACTCCGAGATACTTCCAGATCGGGGGTAACCTCATCTTTTGATCACAAGCCGGCCCAG
NZ_CP030840.1_gap31	977200	981022	3822	TTCGTATTCGGGTGAAAATAGGTCCGGGTTTAGGTTGACAGAAGCGATGGAGTCTTTTGGAGACAGAGCACTGCCGTTCTGGAAACCGTCCACTGTAATAGTGGCATTGGCGGCACCCCCGCCGGCCATTGCGGCGAGTGCTTGAAGCTCACGAGTAAGATCGTCCGGATCATCTGCAAGCTGTTGTACCTGCTTGGCATTCAATGTCTGGCTGCCCGGTACGGTACCCTCGGGGCTGAGGTCAGCAGCGACTTCGACATCTGTATCAACAGGCGGAAGAGCGAGTTGAACGGTAATAATGGTGCTGCCAGCTCCGATGCTCTTGGCATGCACTGACGAGGGAGAAACCTTCAGCTTGTACGGTCAAATCGGTCTCTCTACTAGGGATGCAGGGAAGGACGAAATGACCTTTGAAATCAGTCTGTGTACTTGAGCTATCAGTTGCTGTGACTTGTGCTCCTTGGATCAATAGACTGTTTGGGTCAATAACATTGCCTTCGATGCGGAACCCTGTTGGGCACGATTGCCCGAATGTTGCGAGAGAGCAAGAAAAAAAGCAACTGCTGTTACGGACATCCTTAATAACATCTTCTGTTTGGAAACCCCTCTTCAACAATGAACAAGGAAGGAACGAGGAAGACAATCGAGTACACTCGTGTTCGATCTTTCTTCTATCTCGAGGCGAGGCGAGGCCGGTTATTTTGTCATCGCAACCACGATGTCGTGCTTCCACAAAATTTGTGCCCATTTTTCTCTGAATTCCTTGTCAAAGTGCTAGATACACAAGATCCGCGATCTATTCCCGGAGTTTCGCAATAAACTTGTCACTGTGGTTTCTTGCACCACAACTTATAAGGGGCTTATGGATTCGTGAAATCAATCGATGAAGCGCCTCTAGGCGGTATCCACATATAAGCTTTGCTGCCTACTCTAAGTTTGTTGAACTTGAATTTTGGAGAGTCAATATGAATTGAATGATGGGAAATGGAGCCAATCAAAGGTCCGCTTCCGGGGCGACTGGAACATGTAAGCCGAACCTCAACGGACAATCGTCAGTTCGTCGACGGGGTGTTGTGGGTTCTGCGATCCGGGCCTCACTGGCAGGACCTTCCGGAGTGTACGGCACGTACAAAAGCGTTCATGCGCGGTTTATGCGCTGGGCGCGTGGTGGCGCGTGGGAGCGGATCTTCGCCGACCCAGTGGCAGACAAGAAACACTTCTATCTCACGTTGGACTCGACGATCGTGCGGGCTCACCAGCAGGCGGCTGCAGGCCCCAACAACGGGCTCCGAAGACTAGGCCGTGGGGCGTTCTCGAGGTGGACTGGGCACCAAAATCCATCTGCTGGTCAATGAAAATGGCTTGCCGGGGGCTTTCCGCATCACGCCCGGAGCTGCCGAATACGCCGAGGACGTACGCCTGCTGGACGGCCCCCATGACGAAGTCGTAATCGCGGATAAAGGCTACGACTCGGCCGAGATCATCGCCAAGGTCCACGGCCTGGGTGCGGTGGCCGTCATTCCGTCACGACGGCACTGGAAACAGGCTCGGACGTATGAGTGAACCCTAAAGGGTCGCGGCAATAGCCGTACCAGCAATCTTTGCTGGTATCTCACCTGACTGGGCGGCTGGCCATGCCAGTACAGGTGAATCGGACTTCACTTTCCCCAACCACCAAAGGAGTAACAATATGAAGACCTAACTGATCAACCATCTACGCATCTCGGACGATTTACCGAACAGTCAGGCCTTGGACTATTTGGAACGAGTGGAGGCAACTGTGGCCCCGTTTGGAGGAAAGTGGCTCGCGCTCGGACCAGCGGATGTTATCGAGGGCACTTGGCCGGGCGCTGTAGTACTGTTGGAGTTTCCGGATCGCAAATCGGCCACCGACTGGTATCACTCTTCGGAGTACCAGGCCATCTTGCCACTCCGGACAAAGAACTCTATTTCCGATATCGTCTTCATCGATCATCTTCCCGAGGGCTTCACAGTTAAGAGCTATGCTGAAGGCGTTCGTCGTTCGATCTCGGCGAAGTAGTCCTTCTGAAGTAGTCCTTCTTGGTCTGAGGACGAGCTGTTCTTGGTCTCCATCGAAATCATTGAAGGGACATTATCGTCCCTTCAATGATTTCGTAACCACTTTTATAGAAGAACTCCTAACGTGCACGACCAATTCGCCACTGCATCACTTCGATATTTTTCTTCTAACAAAAATGCGGAACCTTTTCCGTCATAATTTGATGCTGGCATTGTGCTCATAACAACCCACACAAAAAGCGCGGCATTGCGACCAGTGCGCAAATTTTTCCCGTGTAACTATTGTCGTCTGAATTTAGAAGGGAACTCCTCTGCTGCAATTGGTCGTGACCGATCTTAAGAAGACGAACTTGGCGCTGGACCGCGGCACGGTGGTGGACGCTCACACTAAAAACGGCTTTACGGCGCTGGCCGTAGCTGCGAACTATCGCGGGACAACCGAGGTGGTGCGAATGCTTCTCGATCATGGCGCGACGGTAGAGCGCTGAGCGACCGAGACGCATATTCCTTTTCCGCTATTCCTTGCTGCAGGCACCGGCGAAGTCGAAAAGGCCCAGTTGCTGGCCATCCACGGTGATAGAGTTAACGAGAAGTGAACATGCGATGGTAGAAGTTATTCGCCGTTGATAAATGCTATCGACATGGGCGATGCGCCGATGGTGCGGTCTCTGATTGACTTAGGCGCGTATATACGCGAGCGTGATACGCGCGGGTCGACTCCGCTAACGCGGGCAGTTCTTTCGAAATATAAGGATGTCGTGGCTGTGCTGATTGCCAAGGGAGCGGATGTGAATGCCCTTAACGGAATTGGACTTACGCCTCTTCACTAGCTTCGATGATGGATTATGGAAATACGGCGATGGTGCAGCAGCTACTCGCAGCTGGTGCGAAGCGCGACTTCAAGGATCCTGAAGGACATATTCCGTTGCAGATAGCGGAGAAGTTTCATTACGAGCAGTTAGCCACTGCTCTGCGTTGAGATTGGCTACTCTTCTTTTGTAGAGGAACTCGCTGGTGAAGATAATCCGAGCGCCAGTGGAAATTGATTATAAGAATCGTAGTTTAAACTTAATCACCGCGAATTGATCAATGGTGGATTCCTGCACCGCAGACGCCGGTTCGCGGAGCTCCTAGCTAGGCAGTTGTGAGTCTCCAACGGGGAATATAGGTGCGCGTGGCAGTCTCCACCGGATAAAGCGTACCAAGCCTGCACATCTTCTACTCGCTGACACCAGGAATTAGGCGCCTGCCTCCCCAATGAGCGCCAAATCTCTAGTACCGTATCTGCAGTAAGCTGTTGGCGCGGCGGTAAAAGAATGGGGATTGAATACTACTCGCGTGGGCTGTCACGGCTGATTGGGCATGAACTCGGATAGGGCTGACCTGAGTAGGTTGGTTCAGGAGGGTGCATTGGCCGGCTGCGATAGATCTCGCGGCTACGCGGAGCCCATTCGAGGCGTGAGGTCCGGGTGGGCTGAGCGAATTCGCCCGGCGCGGTGCCGCGTTGGTAATCGTCGTCCTCAGGATAAGTCGAAGTGCGCGCAGGCGAGCGGTGTGCCGGCTTCCCAAACTCGCTGAAGCTCGCCGAAAAAGCAGTGATCTCAGAGGAGCCGTCTTTCTGTCTTGCTCGAGGGGTTGTGGCCTAAACCGAATGTGGCGCACCCCGGCTCCAGCACCACACGCGGTAGCGCAGCGGAGCAGGACCGGTCTGCAAATTGTTCTGGTGGAACTATCGGAAGGAGTCTTCGTCGATCACCTCATCCCACACGTAGTTGTAGTAAG
NZ_CP030840.1_gap32	1022072	1024089	2017	CTGATCATTCCTGTCGGCAGCGTTGTGCACTTCCCCAATCGCGACCCGTTCTTCCACAACGTCTTCTCGCTCTTTGATGGACGTCGCTTCGACCTTGGGCTCTATGAAGCCGGATCAAGCAAGGACGTTACCTTTAACCGCGAAGGCGTTTCCTATGTCTTCTGCAATATACATTCTGAGATGAGCGCTGTAATCATCGCGCTCGCTACGCCTTTCTACACGCAACCGAATCTGGACGGGCGATTTCGCATTCGCGACGTTCCCGCAGACGATTACATGCTGCACGTGTGGGTAGAGGGCGAAGATCAGGCCGTGTTGGATAGCCTCAAACGTAAAGTGCATATCTCCGGCACTCATCTTGATCTGGGATCAATCATACTCCCGAAGCGTCCTCAGGTTCCTAACTCGCATGAGAACAAATATGGGCAGAGTTATGATAATCCAGAGCCCGCTGCCTATTAGTCAATAATAGGCAGCGTCGCCGTTGGCGATGATGCTAACCCGGGACGCTAAGTTACAGGCCAACTTATGCAAGCGAGTGATGGAGAACGACGTGTTTGTCTCGTCCGCGCGCCTCTTTTGCTAGCTGTTAGCGAGTCATTCCAGGTTCATCTAAAAACGACAATCATCTGACATGTTCATGACAATTGGCATAGCTGGCGCAACTACCTTCTGGGTCAGGGCCGAGTTATTGCCTTGTTCGAATATCGAAGTTGAGGAAACATCATGGAAGAGTCAACGAAAAGCACGAAACGTCCAGTCAATCGCCGCTCCTTGATCAAGGGCGGATTACTGGCGGGGGGCGCCGCTACTTTGGGCGTCGGGCTACTAGGAAAAACCACACCGGCGTTCGCTCAAAGCACCGGCGGTTCCTTGAACAAGGGAGACATTGCAATTCTGCGCTTCCTGGCTGCGGCAGAATTCATCGAGAGCGACCTCTGGGTCCAGTATGCTGAACTGGGCGGTATCGGCGATCAACTTCCTGTTGAAGTGAATCCAAACCAGTCGATGAATGCTTACCAGTCGGCGCTCTCGAACCTGGACTCCGATGGTCCGCAGTACATCACCAGCAACACGATCGACGAGATCAGCCATGCAGCCTTCATAAATGCATATCTCGAGTCGAAAGGCGCAGACCCGATCAACCTGGATCAATTCCGCACTCTCCAGGGCAGCACCGCTACCGGAGCCCAGAACATCGGCCGACTCACCAACCTCTTGCATCTGAATGTCGACACGAGCTGGTTCGTCCGCTATCGCAGCGCAACGAACCCCGACTTCAACGCCACTTTCCCGCAGGCAATTAACATCACAAACCGTCCTGCCATCCCCGCCACTGATGCCGACTTCGAAGGCGCCAGCCACATTCAGGCCATTGCCAACACCGCGGCCTTTCACTTTGGCTCCATCGAGCAAGGCGGTTCGAGCCTCTATGCTGCCATGAGCAAGAAAGTATCGAGCGCAGAGGTATTGGAGATCACGCTCGGGATCGGTGGCGACGAGATCGCTCACTTCCTGGAGTGGGTCGACTTCGCAGGCAACGGAGTTCAGGCGCCTGTCGCTCCCGTCACCGACAAAGGACTCACTTTCCCGAACTTCTTCACCAACCCACCCAACCCGCTCCTTCAACCCAGCTTGATCTTCCCCGTTCCCTGTTCGTTCATCCATCAGGATCTTCCTAAGGTCTCGGTAATCCGCCCTATCGCCGACAGAAACGCAGGAGCGATGGCCGCAGTGGCAGGCCTTACCGCTAGCGGGCTTTTCCTTGGACAGAGCAAGGAGTTCTTCAGCACCGTACAGGCCCTCGCCGCTGAGGCAGACGCAGCTATTCGCCAAGTCTAAATGCCTAGCCGTAGATACGAAAAACAGCTATAACTACGAACGAAATCTCCCCAGTATCTCCAGGTGCGGCTTTTCCAAGCGGAAGAGCCGCACAGCGTTTTCGGGCGCTTTTTTTAAATGGAGTTTTGAAGTTGAGTCGCCTTTGCGTAGGGCCTTCGCCAGCAAGGTCGATGTT
NZ_CP030840.1_gap33	1191661	1193569	1908	CCAATTAGCGCAGCTGGCCGTTCCCAGTACCATATGTGAAATCAACGGTAGCGGTTTGGTGCGAAGCGACGGTGACCTGGGCGGTCTGCTGCCCGAGCACTTCATGGACGGCGACAACGGTATAAGTTCCCGGTGGCAGTCCGCGAATGACGAAGCTCCCGTTCTGGTCCGAAACCGCGTAGAACGGGTTGGGGGACACGTTGATAAAGGCGTTCATCCAGGGATGGTTGTTGCAGCGCACCGGGATCATCAACTCCGGCTTGGCGAAGACCCGCTGGGTCGTCCCACCCTTAGGAGGCTGCGAGATGTCGACTTCAGGATTCGTGGGAGTCTCGGCGGTGGTGTGGATGTTGTGCATGGTGGGATCGGAGTTGGTGAACTCCACCGGCTGGCCGACCATGACGCCAATCACGTGCGGTATGTACCGGCAGCCCTTCTGGTCGAGTTGCACTGGCGCTGACGGCGCGGGATAGATCTTGTTGCCCAATCCGTCTTTCACGTAGATAAAGACGTTCTGCAGCTTGCCGTCCTTGATCATGTATTGCTCGGAGTAGTTTGGATCGGAACTCAGCGAACAAGCCGGATCCTGCGCCATGTCAATCTCAATGCGCGGCGGCGCTTTTTTGGCGAAGTTGATGGTGCCGGAGATGGTGCCGGCGGTGTTGACATCGATCTGGGTGTAGGTGGCGGCCGGACCAGCGCCAGGCGCAACCTCGCTGCGATTCGCCGTCTTGTTGCACCCGGCGCTCAACAGGACCACGGCTACCATCGAGATCGCGGAAGCGAACCACCTCGTCATTTTGCTCCCTCCATGGCCGCCAAGACCGCATCTGCGAAGGCTTTCGTTCCCGCCGTGCCGTGCACGTCCCGGGTGAGGGTTTTGGCCTCGACGTAGACTTTCTCCAGCGCAGTTTGAATCCGGTCGGCGGTTGCGTCTTCTTCGAGATGCCGCAGCATCAGTACTGCCGATTGCAGCAGCGCGGTGGGGTTGGCGATGTCCTTGCCCGCAATGTCGGGGGCCGAACCGTGCACAGCTTCGAAGATCGCGGCGTGGTCGCCGATGTTCGCGCCAGGCACCAGTCCCAGGCCGCCAATCAACCCCGAGCAGAGGTCGCTCACGATGTCGCCGTAGAGGTTCTCCATCACCAGGGTGTCGTACTGGTACGGGTTCATCACCAGCTGCATGCAGGTGTTGTCGATGATGTGCTCGCCGTAGGTGATCTCCGGATACGATTTACTGACTTCCCGGGCGCACTTCAGGAAGAGGCCGTCGGAGAGCTTCATGATGTTGGCTTTATGGATCGCGTGGATCTTGCGCCGTTTTTGCTTGCGGGCATACTCAAACGCCCACTTGGCGATGCGGGTCGAAGCCTTTGCGGTAATGACCTTGATGGACTCGACGACGCCGGGCACGACTTCGTGCTCGAGACCGACGTACAAGCCTTCGGTGTTCTCACGAACGATAACCAGGTCAACACCTGGATATTTTGTCTCGAGACCGGGAAGGTTCTTGATGGGGCGGAAGTTCGCATAGAGCTCGAACTGCTTGCGCAAGGTGACGTTGATCGAGGCGAATCCGCCCCCGATCGGGGTGGTCACCGGCCCTTTGAGACCGACCCGCGTCCGCTCAATCGATTCGGAGAGCTCATGGGGAATGTATTCGCCTTGTTTGGCGAAGGCCTCGGCGCCGGCGGCAAACCGCTCCCAGGCGAAGGTCACGCCGGTCGCTTTCCCGGCCGCTTCCAAGATGCGGACGACTGCATCGGTTACCTCCGGTCCGATGCCATCGCCGGGGATTAATGTCACTGCATGGATTCGTGCAACAGCCTCACTCATTGACACTCGCTTTCAAATTGCGCTTGATTATGCACTCGCCGCCCTTGTGGCGAAACTCAGGCAGCGTGCTAT
NZ_CP030840.1_gap34	1206354	1210501	4147	GGAGGCGTAGCCAGCATCAGCACTTCGGCGAATGGAAGGACAAGGGCGGTGCGGCTGAATGAAGCAAGGAAGCGGCGGCGGTTCCAGTCGGAGGAAGACATCAGATATTCGGAGATGGGACTCGATCTAAGTGCCTTCCAAGTATACTTGGGCAATTTTGGCAAGAGGCGAACGCGGGCAAGATAGACGACGGCTCCAGGGAAGTGCGATGTACACACGTCCTTGAAACGAGATAATCCAGGATGCAAAACTTCGATCAACCTTCTCTCATTGTCAATGAATACCTTCGAGCTTGGGGCCGGTAAGTGAGGGGGCGCTCGTGGCAGGAACAGCCGTGGCGGCGCCGGGAGACGAGTTGGGGAGCTTACCGTTTTGTATCTGGTCTGCTAACTGGGACTCTTTGTTTGCTTCCGCGGTTCTTCCGGTCCGGCGATATGCCTGGCCGAGCAGGTTGTGGGCCAGGTAGTTGCCGGGATCCATGGCGCGCGCTCGTTCGAGATAGAGAATGGCGAGAAGATAGTTCTGCTGATTCAACATTACTTTTCCCAGCAGAATGTAGGGACCGGTGGCGTTCGGCTCGAGCACGACTGCTCGACTGAGCGCTTCTTTGGCTCTCGCATCGTCGCCGGAGCGAACATAGGCATCGCCCAGCCGGTCGTAGAGATTTCCGTTAAGCGGATTCAGGTCGCGTTCGCGATTGAACTCGGCGATAGCTTCGGGAAATTGAGCGCGGGCGAGGGCCACTTCTCCAAGAAGCAGGTGAGCCAGCGGCAGGTCTGGCTGCAGAGCGACCGCCTTGCGAGCAAAATCCTCGGCAACCTTGGGATTTTCCTGCCGCAGCAGCAAGCGGGCGGCCAGGAGGTAGGCGGCGGCGGAATCGGGAGGAAATCCGTATTGCGCGGCGATGGCATGGCGCGAATCATCATAGCGGCCGACGGCGATGTAGCAGACGCCCAGCACATAATTCGGATCGACGTTCTGCGAGGGTATGGCCACGTGAGCTTTCTCGAGCAGCGGAATGGCCTCGGCTGGTTTGCCAAGGCCATAGAGTGTGACTCCCAGCATCTGCATCGACTCGTCGTCGGAGGGATCCTGGGCTATTGCTTTGGCGTAGGCCATCTGAGCGGAGGGCAAGTCTCGTTGCTGATAGTCAATTAAGCCGCGGAGGCGCTCTACTCCGGATGGTTCCGGATTCAGCTTCGCGAGAGCATCCAACTGGCGAAGCGCGTCTGCAGAGTGCCCGGCGTTGAACGCCTTCGTAGCCTCTGCCAGCATTGCGGCGGGCGAGGAGGGGGCGCTTCCCGCAGGCGTGTCTTGCTGCCCGGGTACTGCAGGGACCCAAATGGAGAGCGCTAAGAGGACAACTGGGAATCTACGACGCATGAGAGCGATGTTCAAAGTCTAGCTGAGAAACAAAGAGGGGAAGCACGATGGCTCCCCCTCTTGTGAAACTGAGTACGGTTATTTAGAACTGCACCCGGACCGAGAACTGCAACAGACGTGGTCCTTGTCCGAAATTCGCAGTGCTGCTGGTGACATAGACGTTGCCGGTTCCGGTATCGCCGCCATCGATTGCCTGGGTTGCTCCACCGCCGCCAAAGTTGCCGTTGATGTGATTGAAGGCGTTATATCCGTCAACTCTAAATTGGGCGACGAGGCTCTCGCGAATTGGGAAATTTTTCTGCAGCGAGATATCCGTGTTGAAGAAGTGCGGGCCAAAGGCGGTGTTGCGGCCCCCATTTCCGATCTGATCCAAACCAGGAGCAGTAAACCCTAAGTAGGACGCCGTAGTTAACGGAGTCGAGGTACCGCGGAACAAAGTACGGCGGTGGTTGACTGGATCAAAGCTGCTGAGGTTGATGGGCAGCCAGTTGCCGTGCCCGTTGACATAGCAAGGTGCATCGCCGCCATTGTTAACGGGGATAGAGGCGCTGCATTCGTTATAAGTCAGGGTGAATGGCAGACCACTCGACCAATTCAACACCGGACTAACTTGCCATCCACCGATGATTTCATTGGCCCACCCCGGGATATTCGATGCAAACTTTTGGTTCCGACCTATAGGCAGCTCGTAGACGCCATAAGCAATGAGTTGCTGCTGGCGAATATCGTTGTTTCTCCCGCGGACGGCGCGGCGATCCCAAGTCGCGTAATTGCTGTTGAAATCGATACCCTGCTGCCAGGAGTAATTGCCGGTGAAAGAGAGGCCTTTGGTGAACTGCTTATCCATGTTGATCTGCAGGGCATTGTAGTGGCTGTCCTGATCGTCGCCATAGTAGCTGATTCCGTTGCTCCAACCGCAGGATCCGGCGGGAACCCCGGGCTGAGGTGTGTAGAGAGGGTCCTGACAGGCCGCGACACTTCCGCCATAGAATCTTCTCAGCAGGAGCGCATTGCCGGTCCCGCCGTTCGCGGCGATGCCAGTCGTCACGCTCGGATCATAGTGGAGTGGCTGCCCGGTAATACTGTACTGCGCGGGAAGCGTGATGCCGGGTTCGTTCGGGTTAGTATTGTTGCCGTCGCCGGCGCTGAGAGTATGTGTCCCTTTATTGCCGACATAGGCCACAGTGATTGAAAGGGTCGGGGTGACGGCATGCTGAACACTGAGGTTCCATGCATCGATCGTGGGCAGACGCAGACCGCTTGGTCTCGCCTTGGCGCTCACCTGATATCCGGGTGAAGGCAAGAGGCCGTCAGCTGGCACAGTCGGGAAAGCATTGGCGATCGGGCCGCCACCGGCAGGCTGATTGGCCGGTTGAGCGCAACCCGGGGTGTCGGGACCGAGACAAAATGCGTACCCGGTCGCTCCCGAGGTGGTGGTGATGTCCTGGGCCGCAAGGACTGGCAGGTTTTGAGTGACTACGTGTCCGAAGATTGAGCCGAAGACTCCGAGGTCGAAGCTACGCCCGTAGCCCGACCGGATCACGGTCTTTGGATCCAACTGATAGGCAACGCCGATGCGCGGGTTGAACGGATACGATGCGCGGCTCCAGCCCAGATTGCTGCCAATCTTGCCATAACCGGCGACTCGCAGGTAACCATCGGTCGTGCCGTTGTTGAAATTCAACAGCGCGCCATTGCCTTTCCCGTTGACGGCTTCGGGGAAGTATTCTTCAAGGCGCAGGCCCAGGTTGAGGGTGAGGTTGTTGGTGACTCGCCAGGAGTCTTCCCCGTAGAAGAAGAACCTCTTCTGGAACTCCTTAGCGTTGGTCGATGTACTGACGTAGCGGGTGTATTCGGTAGCCTGCCCGAGAACCAGGGCGCCGAACCCTAAGCCGCCTTGGGTGGCTGCATTTGGGTCGGAAGTCGGCCCGGTGCCGAAGTTGATAAGTCCGGTGCGGTCCGAATCGCTCGGCACCCTAAGGTTGCGGGCATAGCGGAGATCGGCTCCAAACTTGACGGTATGGTTCTTGATGATCTTGGTCCAGTTGTTGACTACCTGGAACTGGTCTTCGCGTTCCTCAAGCGGGCAGTTGCAGCGGTTCACGTTGAGACCAGCGCCGTATTGCGGACCCTGGTCCTGGCTATTGTTCGGGCCACCGGAAGAACCTACTTCCGTCACATTGAACCCTGGTGCGCCGCTCGTGATCGGCTGACCAGCGATGTTCATTCCAGGGATGCCGAGGTTGTCGGCAAAGGGGACGCCCTGGTTGTACTTCGAGTCGATGATGTTGTAACGGTAGTAGCCGAGGCGTACATCGGTGAGCAGCGTCGAGCTGATGGCGAAATCTGCACCGGCCGCGACGCTGTCGTTGGCTCCCGTTGAATTGCCACCGTAGCCGCCGATACCAAAGCCCGCGCCTCCGGCTGCGCCGAAGATGGTGGTACCGCTCAACGTGTCGGTGAATCGGCTGAAGCGCTCGAAGAGGTGGATCTTTTCAGACAGCGTGAAGTCAACGCGCTCGTCCCAAGCGTTGCTGTTGAAGATGCCGGTGCCGCTGGCAGAATAGTTGTTCTTCAAGCCATTGAAGCTTCCGGCCGAGTTAGGCGCGTAGGGCTGCAGAAGCTTGAGCAGACCCTGCGTCTGGGGCGAGATGAGAGCGGCGGGAATGACGTTGCCCGGATAAGGCGTTGGCGCGGTCAGCCCATTGGTCGCATTCGGCTGCTGGTAGACAATGCCTGCGCCAGTTGGAGTTACATTGGCTGC
NZ_CP030840.1_gap35	1212796	1214290	1494	TGGGCCCTGGGCAACGGCACAATGGGACGGACCTTCATTCTGGAGTCGGGCGGCAGCCTATTTGAGAGCCAGCTGAGTTATTACACAATGATTCACGGTCTCGACATCACTCCCGGCCATGTCCGTGCCCTACCTGGCGATTTGAATGGAGCTTTCGGTTTGCGGGTGAGTGTCGAAACAGCCCAGAAGTGTTTTGGCTGCCATACGACGATGTCCTCGGTGCGAAGACAGTTCGAACCGGGACACGCCATCCCTGGCGTCACATGCGAAGCCTGTCATGGGCCCGGTGCAAAACACGTAGCCGCCATGCGGCTAGGCAGGGTCGAGGAGGGACGGGCGGCGATCCTTAACCCCAGCAGCTTCGACCCGCAGAAACTGGTCGACTATTGCGGAGCTTGCCATCGTACGACTTTAGATGTCGCGGCGGCTAAGGATTATGTTCCGATCAATGTTCGCTTTCAGCCATATCGTCTGGAGAAGAGCCGCTGCTGGCGCGCACCTGACCCGCGGATCGCTTGCACGGGATGTCACGACCCTCATGAAGAGGTGGTGCATTCGGCCAATGCTTACGATTCCAAGTGTCTCGGCTGTCATGCATTGAAAGCTCCCGCAGCCGCACCATCCTTCGATCACGCTGCGGGCAAGGCTGCAGCATGCACGGTGGGCTCCTCGCAATGCCCATCCTGCCATATGCCCAAATACAGCGTTCCGGCGATGCATGGCTCCTTCACCGACCATGACATCCGCATCGTTCGTCCTGGCGACCCGTACCCTCTGTAACTGCTACTGCCCGGCTGCTTCGCTGCCATGACGGGCACTCTGAGCACAAGGCGTTCAGAACCACCAGGCCTTCAGAGCCACTGGGCCTTCAGAAGTTCGTTTGGAACAGCATTCATTCCGCCGGACTCAAGAGCACGACGGGCGCAACAAGGCGAAAGCCACTACCGTTTCGCCGCGCACTCCATTGTTGCGTTCAGCCTGATCGAGTAATTGCGATTCGAGGTCATCAGGATCGGGCACCATTTCACAAGCGGCGATTTCCTCAGGGGTCGCTCCGTGATAACAGAGTTCGCAAACACCGAGTCCGTCTTCGGAGCGGACGGGGGGCCCGAAGACCCGGCAAGTCATAGGCCGGGATGCATAGAGATCACAGCTTCCAGTCACGGGATCGAGGACGGGACATATCTCATCGTTCGCAAACGATTCGAACTGCGCCTCGGCATCCGGAGTCTGGTTGAGCAGACCAGTAACTGGATCTCCGGGAAAGCCGGGACTGATTTTCTCTACAGACGCGACTGCTCGCTCGCGCACCCTTCGCGCGCGATCAGGATCGGTAGATTCAAGATCAAGCAAGCCTTTTCTCAATCGTTCAGCGTCAAGCTGGTTGATGGCAAAGACTCCAATGCAGCACTGCCAGCATCCGGGTTTGCACACCAACCATGGACCGCTCTTTCGGGCAGCCGCTAACAGAGACGCATCGACGATTTGAAGTAA
NZ_CP030840.1_gap36	1237075	1239740	2665	ATGAACGAGGAAGACTTCTGTATGGTCTCCACGCCGACGGTACATCAGCAGACCGGCGCTCAGTCTCGGCATTGATCCACTCGTAGATTCACGAATTCTTTACGGGCATGAATTCCCGCCGCTCACGAATTTCCATCCGCAACTCCGCTCGCAGCGCTTTACTCTTTTTGAATCGCTTGAAGAACGTTTCCAGTACGCTGACGACAATGGCATTCACGCTGACGCCCTCCTCTTCGGCCCAGGCCTTCAGCTCCAGTCGCGCCTCTGAACCCACGTGCAGAAGTTGAGGATTGGTGAGCGGCAGGCCAGCTTTACGGGTCTGCTTGATCTTTACCTCCTGCTTCTCGACGCGGTCCAGAGCAAAAAGGACGATCTTCGCCAGATCGCCCTTGACGCGAGACTCTTCTGTGACGGCTTCACGAAGATCAAGCGGGAGGCGGAGGGTCATTCCGGGGCGATCTTCGGTCCACCGCTGCCCCTCGCGATTGACTCTCCGGGTTTTCTTCTTGACTGGCAATCGCTCCCCTTACGTCCATATGGGATCAGGTTGTTGATGGAATGTCCATCTCACATCGGGAAGAACCTGCCGCATTGCTTTATCAATTTTATCGATGCCTGCGCAACATTTGTAAATAGCGGCCAGGATGGATCTATCCTGCTTCGGCGACGGCGTTCGGGTCTGAATAGCATCGCGAGAAACTACTTTACAGCTGCTTCGAAAGGCCATATTCCAACGTAAATGCCTGAAGCGCTCCGAACCTGGTAAGTTGGACTTTCCTTAAGCGAGCATGCTTTTGATAGGCCCTTGAACTTCGAGAGGGGCGGCGGTTAGGCGCTGCACCTCTTCTACGCTGGTGGCCGACGAAATTTCTTCGAGCACGAGCCCGGAAGGGGTAACGCGGATGACTGCCAGTTCGGTGATGATGGTGTCGACGACCTTCATGCCTGTCAAAGGCAGGGTGCAGGCTTCGAGTATCTTGGGCTCGCCGCGCCGGGTGGTATGTTCCATGGCGACGATTACCCGGCGAGCGTTGGCGACAAGATCCATTGCGCCGCCCATGCCCTTGACCATTTTCCCGGGAACCATCCAATTGGCCAGGTTGCCGTGCCTGTCTACCTCGAGCGCTCCCAGGATGCTCAGATCGATGTGTCCGCCGCGGATCATCGCGAATGAATCGGCGCTCGAGAAGTAGGAGCTGCCGGGCAGCTCCGAGATGGTTTCCTTGCCAGCGTTGATCAGGTCGGCGTCTTCCTCGCCGGCAATAGGATAAGGCCCGACACCCAACATGCCATTTTCCGACTGCAGGATGACTTCAATTCCGGATGCGACATAGTTGGCGACCATCGTCGGAATGCCGATGCCGAGGTTCACATAGAAGCCATCGCGCAACTCCCTGGCTGCGCGGCGAGCAATGATCTCACGAGGATCGGCCTTCGCCGGTGCTGGGATTTCGGTGGCGGCGCTCATCTTTACACCCTTACCGCGTTAAGGCGCGTGGTTCGACGCTCGATTCGCTTTTTGTAATTTTCACCCTGCAGGATTCGGTGGACATACACTCCCGGAGTGACAATCACGTCCGGATCCAGGACGCCGGGCTCGACAAGTTCCTCAACCTCGGCGATGGTGCAGCGGGCGGCGGCCGCCATTACGGGATTGAAGTTTCGCGCGGTTTTGCGATAGACGAGATTGCCCAAACGATCTCCCCGCCAGGCTTTGATAAGCGCAAAATCGGCAGTCAGCGCATGCTCCATGAGGTAATGCCGCCCGTTGAACTCGCGTACTTCCTTGCCTTCGGCGACCGGGGTGCCGACACCAGCCGGAGTATAGAACGCGGGAATTCCCGCCCCGCCCGCCCGAATGCGTTCCGCCAGCGTCCCCTGAGGTATCAGCTTCAGGTCGAGTTTGCCGGCGATGACCATCTCTTCGAGCAGCTTGTTCTCGCCGACATAGCTGCCGATGTGCGTGGCGATCATGCCCGCTTCCAGCATAAGCCCCATTCCGAAGCCATCCACTCCCATGTTGTTGCTGATGGTATGCAGGTTGCGCACATTCTTCCTGACCAGTGCTGCAATCAGGTTTTCGGGGATGCCGCATAGTCCAAACCCGCCGAGCATGATTGTCGCTCCATCCGCAATATCTTCTACTGCTGCGTCGAAGCTTGTGAGTACCTTGTTCATCATCGCTTCCTGCGTTGGTTCGATGATGTCACGAACTTTCGTTCACGCCCTGCCTTTTCTTTCCATTTGTCCTTGGTGCTTCCCCACTCTTTCCATTGCCCGAACTTTTGAAAGCAGAGAGTTCGAAGCCATATCGCCAACGGTTTGTACGGGCATATAGAATACGATCGGTCTGACCGGAGTGCCCTCCGCCGCCCTTGACAACTCAATCATCGGTGGAGTTAACTTGCTGTTGGATTTTGGTAAAGCGATTAGCTAGCGATAAAAACGGTTTAGAGCGTCACAGCTTTGATAAGACTCGCTCGCCTTCCTGTTCCGTACGAACAAGCAAGGGTTGTTTGGCGGAGCCTGATCTTAACGTTGAAACACTTTATGGAGAGCCACAAAATGTTACGAAAGCAGCGGTTGTTTTTTGTTGTGTTCGCTGTTCTGTTTTCGACAGGAATTGTGTTAGCTCAGGAAAACGCTGAGATAACTGGAACAGTGA
NZ_CP030840.1_gap37	1242757	1243513	756	GGCGGCGGCACCACGAATCGTCCCAACTTCAACCCAGCCCTCAAGGGTTACCCGAAGAAGCAGCTGCAATGGTTCAACACCGCCGCCTTCTCAGCGCCGGTAGCGCCATGGCAGGGCGGCTCTGGTTTCGGCAGCTCTGGCAAGGACGCTGTTGTCGGACCGGGCCTGTTCAACTGGAATCTAAGTCTCTTCAAGGAATTCCGCATTACTTCCGGGGAGGGTCCACGGTTCCAGTTCCGCGCCGAGTCCTACAACACGTTCAACCACACGGAATTCAACAACGTGCAGACCGGCTTCACCAGCAGCCAGTTCGGCCAGGTCACCTCAACCTACGATCCTCGTGTCTTGCAGTTCGGCGCGAAGTTCTTGTTCTAGTCAACTGTTTCACCAGCCCGGATGCCGCAGAGTCCTCTCTGCGGCATCTCTCTTTTGGGACGACTACTTTGCGTAGATCGCGGCGTACGACGGCTGATTTACGATTAGGCCTATTGGCTCACAGTGGAGGAATTCGTGCGACTCCAGGCATTGCGACTCCAGGCATATCGATCTCCGGTCCTGCTTCTGTTCAAAGTAATGCGGAGCCTGGGCCTGGCGTTCGTCATCACGCTCCCCTGCTTTGCTCAGCAAGCCGACATCACTTCTGCGCAATCAGCGATAGCTCTGGAGCAGCAGGGAAAAGTTGCCGAAGCAGAAGCAGCATGGCGGACTATCATCGCGACCAAGCCGCGAGATCCCTCTGCGCATGCTGGGCTTGCC
NZ_CP030840.1_gap38	1247014	1248747	1733	AGGTTGGCAGCTCGGTGGCGGGACTCTCTGGCATGACGCTAGAAAATCCATTCGCTGGCTCTCCAGCTGAAGAACTTGTCCTAGCCAGTATTCGAATTCCGGATAGGTCTTCGATGAGGCAATGGCAGGCGAGTAAGTGAACCAGATTAATTCGTCGACAGCGCCCAGGTACGAGGCGATCCCTCCGTAGTTCTTCCCACCTCGCGCGCAGTCGGCGGAATTTGGAGGCGTCGGAGGGCCCGGGGCTAAGATCTGCGCAGGGGCACATGGAACGCATAGAAATGCAAGGAGCAAGGCAGAAAACAGAACAATGTTTTTCAAGGTGTTATTCCTCCATCAAAACTTTGCCCTTACATTAACACTTCTTAACCACGGGAAAGCAACGATCTTAGACGAGGAATCAATGAGACCTGCCGGTCCTGTTCACCTGCGAAGTCGGCGACCATCGGAGGTATGGCCGCCGCGAGGGTGAAGTCGTTCCAGGGATTAAACTTTTGAAATCGCTAGAGTACTGGTATGAATGTGGGTCGAGCCTGGTATTTCCGAGGGGAAACAACTTGGTTTGGGGCGGTGCTGCGCAGTGCTGGAGAAGATGTCAACAGTTAAAATTAATTGTGATTCAGCTCACGGTTGTTTAGACAAAAACCGTCAACCAGTGCATACTCGAACTTATCTAAGTGCCGCGACCGATCCCTAGTTACGGCACTCTCGCTCCGCAGTTGGGACACTTCGGTGTCCCGTTTTATTTAGGGGTTAGATCCAAAAGCGGTCCTATCATTGGATTACTAAAGTAATTTGTTCGTCCTCCAGTGGACCCTGGAATAAGAATCCCTTGCCCTCTTTCTCGTTCAATTGCCTGACCATCTTCCCAACGCTTTTGATTCGCAAATAGCCACCCGTTTCATCCGGCGACGGAACGAGGACTTCAATTTCGATATTTGATCCCATCGGCGGAGGACGTTCACTGAGTACCCATGCGGCATGCCTTGAGATGTATTTCGTAAAGCCGCCGTCTACGTGCTCTTCTCCGTCGGACCAGCGGTATATCACTGGAAATCTGAGCTTGTAGCGGCTACCTTTGCGCAGGATCATGTAGCGAGCGTATGGGGGAGGATGGGCGCTTTCAAGCCGCCGAAAGTTTGAAATCGCGGTGAGAATAGTGCACCCCATCATGACCGTCGTCGTCTCCGGACCGACTCCGTTTAAGAGACCCCGGTCCCGGCAGGGTGAGTAGTCTACAGGCGTCCAAACAGAGAATATGTACGCATTGGCACAAAAACCTTGCAATCAGTCCGGTGTCATCCCATAATGGGCCTATAGCGACCTAGCCCCTGAAGGGTAAATAGAGCAAGTTAAAAAATGGCAGCTGAAATAAGCTAGAAATCTGTCTTTGGCAAGTATTCTGCGAATCCAAGGCGACCCACCACATAGTTGGGCAATTAGCGAGCGATTAGTGTCCAATCCCAGGCCTTCTTAACTAACTTGCAGCATAATTTCACTACGATCACTTTGAGCTGGTCTGTTTGAAAGCTGACAGGGCGTGTCTATGTCGGTAAAGCTAAGTCAAGCGCAGGTGCTCCCTGAACCTGGCCCGAGAGATCCAACTCTTCGCGTGTTGATCGTTGACCGCGACTCGATGAGTAGTCAGTTGCTTGCCGATGCGCTCGTGCGCAGCCGGAAGTATGACGCCGCCGCCATCCCCTCCTCGAAGCTCCTGAAAATGATGAATGTTC
NZ_CP030840.1_gap39	1365900	1370844	4944	CAGCGGCTTGGGGTAATGCCTCACTAAGGTTGGAACAGCGATGATCTGTTCATCCCGCGCCAGCACCGGTCGCTGGTAAATGTCGACGACCTCCAGCCGGTATTTGCCAGCTAGATGGTCGTCGCAGAGTCTACGAGCGTCTATGATTGCCCGCGTAGACTGGGCCGTGCCTCCAGCCACATATAAGCGCAAGAGGTAGGGCCGGTTTTTTTCATCGAGGGCTTTCGGCAAGGGAGTTGACTCGGCAATAGGGTTCTTGCGCGCGGACATGGGCTACGCTCCTTTGTTTTGCTTCGTCTTCGGATTGGGTTCGTCATCCGCCGAGGCATCGGCCCGACGCGCTTGTGCCATTTCCAAGCGGTTGGCGAGAAGCATCTTGTTCTTAGCTCCATTCTGAGCGCCCAGCTGGGCTCGTCCGCGCACCGCGATCTTCAGTTCCAACGCCAACGACTTCGACTTCGCCTGCAACGACTGAATGGACCTATCCATCTCATGCCTGCGACGCGCGAACTCTTCCTCGTCCAACAGCAGGTCCGCCGCCTCCCGGGCTTCCTGTGCCAGCCGGGCAGCGCCAGTGAGCACTCCTCCAGGTCCCACATACACGTCCACCAACTCGATGCCGTGATCGCTCAACTGAAATTCGCGGACTTGATTGGAGTGGGCCATGCCGCGTGATTTGAGGACGTAAAGCACGCGGTTGCGTTCCCCGCCAGATTCCACGTTCCTCACCAGGATCCAAGTGTCCATCAGTGACGAAATACCGGCGTCGGTGGTCTCTTCATCTTTGCCGCCACGGGTAAGACTGGTGAACAGGGTGGTAATCTGCTTGGCTTTAAAAAAATCGATCAGCCTGGTCAACAGCGAGCTTGCCTCGTCTGCAGTTCCGCCGGACTCGAGGTTGGTGACCGGATCGATGACCACTACGCTTGGTTTGAACTCTCCGGCGATACGGTGCATCGTCACAAGATGGGTCTCCAACCCACAGAGCGTCGGCCGAGCGGCGTGGAAGAGCAGAAGCCCGCACCGGATCCAGGGTTCAAGGTCCAGACCTAGCGAGCGCATGTTGCGGATGTATTGGCTAGGCGATTCTTCGAAAAGAAAGATGAGGCAACGTTGACCGGCTGCGCACACTGAATTCGCCAAATGCGCCGCAATACTCGTCTTGCCGGTGCCGGAGCCGCCCGAGATCAAGATGCTGCTGCCCCGGTGGTACCCCCTGCCGCCCAACATTGCGTCCAGCCTCTGGATGCCGCTGAGGACTCGACCCGCCGGCGTCAGATGATTCAGCCCTACCGAAGTAATCGGGAGTACGGAAATTCCGTGGTCACCGACGATGAATGGATACTCGTCCATGCCGTGGCGAGAGCCGCGATATTTGACGATCCGTAAACGGCGCGTCGCGAACTGGTTATTGACCCGATTGTCCAGCAGAATGACGCAGTCGGAGACATACTCTTCAAGCCCATGTCGGGTTAGGGTGCCCTCCCCCCGCTCCGCAGTAATGACCGAAGTGACTCCCTTCGCATGTAGCCAACAGAACAGACGGCGCAACTCGGAGCGAAGCAGAGCGGCATCGCTTAGGCTAGCGAAGAGCACTTCCAGCGAGTCCATCGCCACCCGCTTTGCGCCGATAGAATCGATCGCATACTCAAGCCTAACGAACAAGCCTTCCAGACTGTATGCTCCCGTTTCCAGCATCTCGCTTCGCTCGAAGTGGACATAGTCGAGCACCATCTTCTTCGCCGTGACCAGTTGCGCGAGCGGAAAGCCAAGCGACGCCAGGTTCTGGGTGAGATCTTCACGAGTCTCTTCAAAGGCGATCAAAACACCAGGCTCATCAAACTCCATAGCGCCACGAACCAGGAACTCGGCAGCCAGGAGCGTCTTGCCGGACCCCGCTGCCCCGCACACCAGAGTGGACCGCTGCCGCGGAAGGCCGCCCTCGAGGATCTCATCCAAGCCGTGAATGCCAGTCGGCGCTTTGGGGAGAATGAGCCGGGCATAAGTCGGACGTGCGGGAGGTCGCTTTCTCATGATCATCCTTCGGCAAACGTACTTCGGGTCACCAATGCTTGTCGTACCGTGCTATTTCTGATTGAGAAGATCGACACGATCCTCGCCTTCAGTACTTCAGCCAGACTGGTGGCAAGGGAAATGCCAAAACATAGTCACAAGTCTTTGGAAATTCTTAGAAGAGAGTGCCAGCAGGCTCGAATCGACGCCTACTACCGCTAAGACTCGCAAGCGCGCCCTTCACGGTGGCTTTACATGTAGCAGTTTGCTGGCTTTGCATTTTGCGGATTCGAAATGCTCCCGTATACTGAATGATGTTGTAAAGACAGAATTTCCTTGTAGGACAACCATGCCTAAATTGAAGACCCATAAAGGCGCAGCCAAGCGCTTCAAGAAGACTGGAACCGGCAAGATCAAGCGCGGCCAGTCAAAGATGCGCCACATCCTGACGTCAAAGGAGACCAAGACCAAGCGCAAACTTGCTCATTCTGCGCTGGTTTCGGACGCCGACTACGCCAAGGTATCGCGCATGATTCCCTATGCCTGATCGGTCGTCTTCGACTTGGGCCGCATTAACGTCACATGACGGCCCCCGACACCTCATCGCAGGTGTCGAGAGATCAGTAACAAGCGAGTGAAGAGGTTCTCAAGTGCCGCCCTGAGGGGTGTCGCCTCCTGCCTCCAGCCGCATAACGAATGACTTAAAGGAGATCAACCCATGCCCCGCGTCAAACGTGGAACCAAGCGCAATGATCGCCGCAAAAAGATACTGAAGCGCGCGAGCGGTTACTTTCTTACAAAATCGAAGCTCTACCAGGCTGCCCAAGAAGCAGTTGAGCGCGGACTCAAGTTCGCTTACATAGGACGCAAGCAGAAGAAGAGGCAATTCCGCTCGCTGTGGATTGCCCGAATCAACGCTGCCGCGAAGCTGAACGGCACCACCTATTCACTGCTCATTCACGGTCTCAAGGTCGCTGGAGTGGAACTCGACCGCAAGGTGCTGGCTGAGATCGCCGTCGCCGATCCGGCCGGCTTCACTGCCTTGGCCAACCAAGCCAAGGCAGCACTCGCCAAGGCGCCCGCTACCGAAGCCGCCTAGGCCGGTCGGCAACCAGTGGTATAGGGCACTGCACCGAGCAGTGCCCGCCAATCTCCACCGAATTAGGCATCACCAGCAGTCCGGCGCCAAATCGCGTCCAATCTAGAACGCAGCGGCCCCCGCCTCCGCCACGGCATGGTCCTGGTCCCCGGAACCCCCGCTCACGCCGACCGCGCCGACGACTTTGCCGTCCGACTTGAGCGGAATTCCTCCAGCGAAGATCATGATTTTGCCGTCGTTCGAAGCATGAATGCCAAAAAACTGATTGCCCGACTGCGAGTGGCCGGCCAGGTCTTTGGTGCTGATATCAAAGGCCCGAGAGGTGTAGGCTTTCTTGATCGAGATATCGACAGATCCTAACCACGCGCCATCCATGCGGACGTGGGAGACCAGATTCCCACCTTCATCGGCCACGGCAATGTTCATGGGCTGACCGATTTCAGCTGCCTTCTTTTCGGCCGCGGCGATGACTCGGCGTGCGTCTTCTAGTTTCACTTTATTGGACATAGTAACCCTCAGTTCTTGATTTTCGAGATTAGATGCTCACTACATAAATCCGCGCGACCATCATGAGGTTACAACAAGAAGAGGGTGAAGATGGCTAAAGGATCAAAGCTGCACAACCTAGTGCGCAGCGACGCTTCGTGCGGGGCCGCGCTTCGACTGGAAACAGTGGCGGCAGAGAACAGGGCGCCCTTGTGTGGGAAGAAAAGGGACGGTGGTGTCGGCACCGCATTGGGAACAAGTGGTACGGGTTTCCGGGCGCACACCGGAGGCTCCCGACGCCCGCTTGGCCTTGCACGGCTTACACCTTTTAGGATCATTTCTGAATTGCTGCTGGTGAAAGAACAACTGTTCTCCCGCAGTGAAGACAAAGTCACTTCCACAATCAACACACTTCAGAACCCTATCGGCAAGCTCCATTTCATCCCCTCCCCGCGTTCGCCCCTTGCAGAGGACAAACGTTCCGGCCGCGCTGATCCGCGCACGAACCGATTCGCTGCTAGATGCATCAAGGAACTGGACTCCCCTCTACTCCGCAAGCGCCGAGGGATCTAAGAGCCGTCTCCATGAGGAAAACAGCCCTGCGATATTGCACGGCGTCAGTGCGCGTATCAAGGAAATCCGGTTTGAAGCACTACCCAGTAGAGTGGTTCGGCGACTAAGGGATAGCAGCAGAGCCCTCGAAACGAGGAATCGACTGCTTATCGCTGACTCTATTGTGAAGTGCTTTCGGGGCCCAGCCGCCATTGGAGAGCGGCTACTTCAAGCGGTTGGAAAGGAAACCGTAAGGGCTACAGGAAACTACCAGCAGAGATCGCAGGGTAAGAACATCAGTGTTACTTGGCACGGCGGGGAAGATATGTCGGACGATCTAACCCGCCGTACTTACTCAAACTTCGTTCATGTTTCAGTATTAGTCGGCTTCTTTGCGCGCCTTCTTGCGATTCCGTTTTCGCGCCAATGCTTCCTTGACGCGACGCTTTTCCCCGGGTTTCAGATAGAAGGAGTGACGCTTGACTTCCTTGATGATGTCTTCCTGCTGAACCTTCCGCTTAAACCGGCGTAGCGCGTTTTCAAGGGGTTCACCCTCTTGAACTCGAACCTCTGCCAAAAGAAATACACCTCCAAACATCCCCACGTGGGCTCTTTTATGATACTTCAATTCAGCGGATTTTTCTGCGATCCCGGGCATGAATTCAGCCTAAGTCGCGAGCAAACCAGCTGAGCGTGTGGAGAGATCTCGGACTTTGCTGCAGAGTTGGTGCAATGAGGTTCGCGATAGACTGCGAATTGACCACTTTTTACCTTAAGGCAGGTTTCATGATTCG
NZ_CP030840.1_gap40	1375861	1378490	2629	GCTGGCCTGCTCCGTCGAGAGGTTTGTCGATCAATTTGCCGTCGGCGCTGATCACCTGAACGTGGATTCCGGAGATTGGCAGCGTCTCTCCAGGTTTGGCGATGATGCGTTTGTAGTGGCCGCTGGCAAGAGTCTTCTGATAGGCGTCGAAGTTTCCATTGACGTCCGGAGTCAGCTCGCGGTTCGGGCCGTGATCGATGAAGGCGCCAACCGGAATCCGCTGCACAAGTTGCGGAACGCCGCCGACGTGGTCATCGTGAAAGTGAGTGATGAGGACATAGTCTATTTTGGCGATGCCGGCCGCTTTCGCTGCGGCGGCAATGCGGTCGGCGTCGCGGCTGTTGTTGCCCGCCCATCCCGTGTCGATCAGCAGCGATTTGCCTTCGGGAGTGACGAACAGGGTCGACTGTCCACCTTCAACATCGATGAAATAAATCTGTAGCTGAGTGCCAGCGGACGACTGTGCCGGGATCACAAGTGCGGAGCAGAGCAGGACGAGAAGAGTTAAAAAGTTGCGCATAGGTTTCGCTGCAATTTTGTCATATTCTCCCTTGGAACGCTTTCGCGTCCAGGTTATCGCGATGGTGCCTCCGTGCAGTGTTCCATTCAACGTTGAGAACTTCGCCTTTCCCTTGTGCGCCACTTCATGAGTGGCAGCAACGAGGAGTAATCATCGGTCCATAGACGCAGGCCCGGAGTCATGGAGACGGGCTGGGCGACGTTGGCTATTTCAGACCGGTGCAAGAGCGCGTGATTGGCAGACATCAGCAGCCAATCGGCGGTGAAGAGGCCGCGTGATTCATCGGCTTCGGAGTGGACAAGCGCAGTCTCAAGGCCTGCATGTTGCGCCTGCAACTCTAGTTCGGGTGCGAGGTCGAGATACTGGCTGGAGATGTTGAAGACCAGGACACCATCAGGACGCAACCTGCGACGATAGAGAGCAATAGCCTGGGCGGTCAACAGATGAATCGGTATCGCGTCGCCAGAAAATGCATCGAGAACGATCACGTCATTCAGGGGCTGAACCTTGCCGATTGCGGATTCCCGGGCCAGCGAGAGGCGAGCGTCCCCTAGAACGACATGCACCGCCGCCTGAGAATCGTGGAGATAGGTGAAGAGTGCACGGGCTAGACGCTCAACGAGTGGATCGATCTCATAGAAAGTGATGTCATCGCCGGGTTTTCCGTAAGCGGCGACGGTTCCGGTTCCGAGGCCGACGACGGCGATGCGTTTCGGGTGCCCCTCGCAGCATAGGTCAAGAGCTAGCCCGACCCCGGAGCTCTGCGCATAGTAGGACGAAGGCTGGGTTCGGAGACCATTTCCGAAGAGCTGAGTACCATGCTGGATCCTGCCGTGATATAGCGTGCGGGTGGTTTCGGCTTCTGGCGGCAGATGGGTCTCGGTGACCCGGAGAGTGCCGTAGAAGCTGCGCAGTTGAACGATGGCTTCCTGACCAAGGCTCCTCGCTTGCATGACGGCAATGTAGATCATGGCGATCGTCGCAGCAGTCCAGAGGATCCTTGGGGTCATCCCCGACTTCCAAGTCACGATCAGCGCTACGGCAGCGAGCAGGATCACGGTAATGGCTAAGTCGTAGCTCGCATGAAAAAAGTTCGGGGCTACGAGCCCAACGAGGATCGCACCGGCCGCTGAGCCCCCCGAAAGCGAGAGGTAGAAGCCGGTAAGCCGGTTGGCGCTCGGGCGAAGGCGGTAGAGTTCGCCATGGCAAAAGAGGCAAGCGAAGAAAAGTGCGAGGGTGTAGACAGGAATGGATATCTGCGGAGGGAGACTCATCCGGCTGCTATAGAGCAGGTAGGCAAAGGTCGCGAGCGTGAGAGCGAGCATGCGCACCGAAACAAAACGTGGCCACGCCCGCGGTGACGCAAAGGCGACGATAAAGCTCAACAGATAAGCCGCCAACGGGACGATCCAGAGGAGTGGAATGGCGGCGATGTTTTCGCCCAGATGGTTGGTGACTGCGCAAAGCAGCATCGAGGCGCAGCCGGGGAGCAAAATCCAAAGTGCCCAGGAACGAGGCGAATCTTGGTCGGGACTTGGTCTATCCACTGCCGCAGCTGCAGAGCCGATCCGCCGGCTTTGCAGCGCGAGCGCCCCGCAGAAGGCGCTGAAAACGCAAAAGCCTATAGCCCAGACAATCACCTGCCAATGAAGCGCCAGATGCGTCTCGATGAGGGCTGGATACAGGAAAAGCGCAAATAACGATCCCGCGTTCGATAAGGCGAAAAGCCACCATGGAGGCGCCTCTGATCCTCCGGCCCTGGAATACCAGGCTTGTAGTAACGGGCTGGTAGCGGCGAGGGTCAAGAAGGGGAGACCGATGCTGACGGCGAGTAACCCAAGAATGCTCAAGATCGGGTGCCACGTAACAGCTGTGGCACTGGGATGTACCCGTAGCTCGAGGCTCAGCAATGCGAGGGTGAGCAGCGCCATATGGATGACCGCCTGCGCGCGTGGAGCGGTGTGAGAGATGAGCAGATGAGCGTACCAGTAGCCGGCCAGGAGAGTGCATTGGAAGAAGACCAGGCAGGTGATCCAGACCGCAGCTGAGCCGCCAAAAAGAGGAAGCAACTGCCGGGCGGCGATCGGTTCCAGCAAAAAGAGCAAGAAG
NZ_CP030840.1_gap41	1402828	1403542	714	GCATGTCGAGATAGAACAGCCCGATCTGCCTCTCTCCATCACGATCAGCGGCAATCTCCTTATCGGCGTCGAAGACTCGCCAGGCACTGACTGAAGGATCCCAAACGTCGGCATCTTCGACTTGCTCGAAGCGTACCTGGAAGAGCTTTTCCGCGGTAGCGAGAATGCCTTGTTCTACCTGCGCGTATGGGAAATATGGCCGGACGGACTGGGAATCGAACTGGAAGGCGGAGCGGCGGAATTGCTCATACCAGTAGCCCCGGGCGGCCAAGTCGATCTCCTCGAGGCCTGCCTCTTGTTGCTTTGCGAAACCCAGAACCATCGCGTATTCACGCTCAGCGCCGGACCTGGACGCCTCTTCCAATTCGTCCAGGAAGGCTTGCATCCGCTCGGCGGACTGCATCATCTGGTCGGCGGTAGCTAGATCGGCCCAGGTCTTGTAACCCAGAATCGTGGCCAGTTCCTGACGGACCTTCAGCAGGTCGAGGAGCAATTCCTTGTTCAGCGGATAGGCGCGCGTCTGGTACGCGAGGAACATACGGCGCCGCGCCTCCGCATTCCTGCAATAGGTCATCAGCGGCTGCATGTCCGGGAAGTCGGTGCTGAGCGTGATCAAGCCATCCTCCCCGGCAGGATGTGCCTTCAAGTAATCGTCGGGAAGCCCGGCTAGTTCGGCCTCGGTCACCTGGATATGCTGGGCGCCTTCTTGCACGT
NZ_CP030840.1_gap42	1464282	1467578	3296	GTCGAGCCATGCGTATCGACCCCATGGTTGCGCTGCGAACAGAGTAGCCGCTGATATATCCGTGGAACATCGATGCGACTACTGGCGATGCAGTGTCAACTCGCCAGTCGCGGGGACTTGTTGCGGAAGCCCGCCAACACTCGGATATGTTATGGAAGTTTGCAATGACGCCAACAGCCCAACTCACGTTTCAGACACCGGTTTCCGTCGAATCGCGCATTGACGATTTTGCAAAGATCGAATCTCCCATCTCCGTGTTGAAATCCAACCAAGTGTGTTTGGCCTGCCCGTTTGCTTTCGACTTACTCGCCCCTCAACGCTGTGGCGGCATCAATGGAAGCAGCACGCCGTGCTGGAATAATTCCGGCGACGCACGTTGCCATTGTCAAGGCAACAATGGCTTCGGTCATCACCCGGGCATCGGCACTGGTAATTTCGTAGAGTTGAGACTTGACGAATCGTACACTGAGCAGGGCCACTGGAATCCCAATGGCCAGCCCTAGCGCGGTTTGAACGATAGCTCCGCGCATCACCATCCCGACCACGCCTTTACGCTCCGCGCCGAGAGCCATGCGGATGCCGATCTCCGGTGTCCGCCGCTCGACCGAATAGGCGGTGACGCCGTAAAGACCAATGGTGGCCAGCAACAGCGCCAATGCGCCAAACAGCATGGTCAGTCGCGCGATCAATCGCTGTTGTGTGAACTGTATTGCGATTTGTTCGCTAAATGTTTGAAACTGAACCACGGTCAGATTTGGGTTGATGCCGGCAGTATCTTACTTGCAATTCTCTCCATGCCATCGATGGGCTGCGCGGTCTCAAGCACTATAGTTCCTGCATAAAGCGATATGTCTCTTTCGATCGGAGATTTATCACTTGCGGGTCGCTGCATCATGGGCACGAAATACATGGGGTCGTCTTTCAAATGAACATCTGTGTAAACGGTATTGTCCACCACCCCTACAATCTCGAAATCACCGGGCGAATCAGGGAAGCCGATTCGCTGCCCTATCGGATTCTTCCCGCCAAAAAACTTCTGTTGAAAGGCCTGATTCACCACGGCCACTGAGGGAGCGTTCGACGTGTCCCGCGGATCGAACCCACGCCCCATCACGACCTTCGTGCCGACGGAGTTGAAGTAGTCCGCGTTGGCCCTTACAAACCCGGCTAGGCCCTTTGCTCCAGGATCTCTCTGAACCATGATGTAGTTGCTCCAGCGGTTATCTTCCATCGGAGCATAAGTGGAGATGCCAACTTTGACGACGCCCGGCACCGCGTGAAACCGATCTTCGATGGTCCGATAAAGGGCCTCCAACTGTATCCCCGAGTAGCCTGCGGCCTGGGGATTGATGTGCACGATATAGCGGTTGCGAGCATCGAGCCTCAAGTCAGTATTCTGAAGTTTGCCCAGGCTCTGTGAAAATAATCCCGCGCCCACCAGCAGCACTAGAGACAACGCGGCCTGCAGAACCACCAGCGTCCGCTGAAGCAGGGATGTTCCGGATACGGTGGTACGGGTACCGCTGCGCAAGGCATCCGCGGGCCTGGCCTGTGCCGAGATCCATGCAGGAGCCACGCCGAACAGGATGCCCGTCAACACCGAAAGCGCAAACGCAAAACCAATCACAGCGAGCGACGGTGTGGCCTCAATGGGGACATTCTGCGCGCCAGGAAATGCGAGCACAAGCAGCATGCGCGAACCTCCGTATGCAAGAGCCAAACCCAGGAGGCCACCCAAGGACGCCAGCAAGATGCTCTCCGTCAAAAGCTGGCGAACGATCCTTCCGCGCATTGCCCCCAACGCCAACCGAACCGACATTTCCGTCCGCCTTCCCATGCCCCTCACCAGCAGAAGGTTGGCGATGTTGGCGCAGGCAATCAGCAGTACCACCCCGGCAATCCACATCAGCAGATGGAGTTGAAACCCGTAGCCTTCTTGCATCGTCTGGATACCTTCACCGCCCGGCGTCAGAGTCGCATGGACCCTTGCCAAAAAACTCTTGCCGTTCACAGTGGAGAAATCGCGTTGCATTGCAAACGCCTGCCGCAAGACTGCATTCACCTTTTCCTGAAGCAGGGCCGGCGGAACTTCCGGTTTGACGCGCCCGATAATGTAGAGCCAGTTCGTCTCCGGGTCATTGACGTAAGAGGCATTTGCCAACGAGGCCATCGTCTGAATCGGCAGGTAGAAGTCCGGAGGTGTGACTGCCATCCGGTCGCCGAAAAACCCTCGCGGCGCCACTCCGACCACCGTCAGCGGTTTGGTATTCACCCAGAAAGTACTACCGACGATCGCGGTATCTCCGTTGAATTCATGTTGCCACGTTTCATAACTCATGACCGCGGTAGCCGGCGCGCCAGGCAGGTCGTCCGCATCAATGAGCAATCGTCCCGCTCCGGGGCGCAGCCCAAATGTCGCGAAGTAATTTCCCGACACAAACTCGGCCGTCACCGAACGGGCTTCATTCTGCGCGCCATCTCGCCGCGCTATGACGGGTCGGTAGGCCCACCCGGCCTGCATCGCGGCCAACTCTTCGAATTCAGGCAAACTCTGCTTGAGACGCACGTATGTGTCGGTTGAGAAGTTCGAGTAGGCCCCTTCTTCTCTAGTGCCGTTGCGGCCGACACAGCAGTCGTGGCTGTTATCGCCTAGACGCACGAGCCGCTTTGGATCGGACACAGGCAAATTCTTCAGGAGAACCGCGTTCACGAGCGAGAAGATCGCCGCGTTGGCCCCAATGCCCAGAGCCAGCGTGAGCAGAACCGTCGTCGTGAATGCCGGCGTTCTCCTTAACTGGCGCAACGCAAAGCGCAAGTCCTGCGCCAGCCGCTCCAGGCGCAGCCATCCCCAGCGCTCGCGCGTCACATCCGCAACCAACGGAACATTCCCGAACTCGCGAACTGCGGCTCTCCTCGCGTCAACGGGTGACTCCCCGCGAGCCACTCTGTCTGCAGTCGCCATCCTGAGGTGGCTCTCAATCTCTTCCCTAAGTTCCGTTTTGCGGCGAAGGATCTCAAGCATCTTCATACAACGCCTCGCCTGGAAGTCATGATTGCCTCGATGGTCGCGACCATCTTTTCCCAGCGCTCATAGTCGGAGGCCAACTGCTCTTTACCCAGCTTCGTGATCTTGTAGAACTTAGCTCGCTGATTGCTCTCGCTCTGTTTCCACTCGGCAGTGACCCAACCCTGCCGCTCCAACCGATGAAGAGCCGGATACAGAGATCCTGTTTCGACCTGCAATACCTCACCGGAAGTCACTCGAATTGCCTGGCTTATGCCGTAACCGTGCTGCG
NZ_CP030840.1_gap43	1525707	1527291	1584	CGGCCAGTGGGGCGAGTCGGGCCATCGATCAAAGGTGGCAGACAGCCTTCTGGCCTTATGGTGTGTCGCCGGGGCGTATGGTCAGGCTGTATCGGCGGGAGTAACTCAGTGGTAGAGTCACAGCCTTCCAAGCTGTTGGTCGCGGGTTCGATTCCCGTCTCCCGCTCCAATTTCGAGTAAGTGGAATGAAGCGCGCCAGGTGAAAGTGACTGGCGGAATGTTGAGGAAGATGGGAACGTTTGAGCAAGCGACACTTCCGGTGCTGGACGAAAAGACCTTTGCCGCTGTTCATCGGTCACTCGAGGATGCTTTTTCCGCTCAACGAGTGGACGATTTTCTCCATCGCGTAAAGCGCTCCGGATTGCGAGCGCGGGACTTTGAGTCGGTTCTGAACAAGGGCCTGCTGGGGAAAGAAACAGGCGCCCTTTACGCGGCAATGGGAAATAGCGACCAGGGTCAGATCCGGGAGCGCTACTTGTGGCTGGTCGAGCAGGTCGCGCCGGAGTTAAGAGCCAAGTATCTTAAGGTTTATGCGTATTACTAGGCAGCAGCTTAAGTGTCAGTAGAGGAATAAAGGGGACGAGATGGCGAAGGAGAAGTTTGACCGTTCGAAGCCGCATGTGAATGTTGGGACGATCGGGCACATTGATCATGGCAAGACGACGTTGACGGCGGCGATCACGAAGGTGTTGTCGAAGCACAACCCGAACATCAAGTTTCGTTCGTTCGACACGATTGACAATGCTCCGGAAGAGCGGGAGCGCGGTATCACGATTGCCACGGCGCACGTGGAGTATGAGACGCCCAACCGGCATTATGCGCACGTCGATTGCCCGGGCCACGCTGATTACATCAAGAACATGATCACCGGCGCGGCGCAGATGGATGGCGGGATTCTGGTGGTTGCGGCGACCGATGGTCCGATGCCGCAGACCAAGGAGCACGTGCTGTTGGCACGCCAGGTTGGCGTTCCTTCGCTGGTGGTGTTCTTGAACAAGTGCGATGCGGTCGATGATCCTGAATTGATTGACCTGGTCGAGATGGAAGTTCGCGAGCTCTTGTCGAAGTACGATTTTCCGGGCGACGATGTGCCGGTGATTCGCGGTTCGGCTCTGGGCGGCTTGAACGGCGAGCCGGAGTGGGAAGCGAAGATCGATGAGCTGATGGACGCGGTCGACAAGTACGTGCCGCTACCCGCGCGGGCGATCGACCAGCCGTTCCTGATGCCGATCGAAGACATCTTCTCGATCTCGGGACGCGGCACGGTGGTGACCGGGCGTATCGAGCGCGGCAAGGTGAAGGTGGGCGAAGAGGCTGAGATTGTCGGCTTCCGCGACACCCGCAAGACGGTTGTGACCGGCGTTGAGATGTTCAAGAAGCAGCTCGATGAGGGTCTGGCGGGCGACAATGCCGGACTGCTGTTGCGCGGCATTGCCAAGGAAGATGTCGAGCGCGGCATGGTGCTGGCGAAGCCCGGATCGATCAAGCCGCACACCCAGTTCAAGGGCGAGATTTATGTCTTGTCGAAGGAAGAGGGCGGCCGGCATACTCCGTTCTTTAACGGCTATCGTCCGCAGTTTTACT
NZ_CP030840.1_gap44	1532462	1536836	4374	TGCTTAAGCGCACCCACTTTGCGGCCAGCACACTACCGGCTACTCTGTAGACGTGCAAACTCGACAGAAAGCAACGTTGTCCGTTGAAATCTTCTTTGCCGTCAGCATCGCTTTCAGCAGTGCCTTCTCGATGTGCGCCCAAAACACGGCGCCCGCGAATCAGTTGCCTGCCACTCCGCCGCCGTCCCTGGCAGCGGGTGTCTTTCCGCTTGATCAAGTCCATCGCGGATTGCACGGGATAGCTTACACGGTTTTTGAGGGAACGAAACCGGAAGCCATGGACGTGGAGATTCTTGGAGTTCTGCGCAATGCGCTCGGACCGGGGCAGGACCTCATCCTTTCGCGCCTGGGCGGGGCCAAGCCGGAATATACGGGGGTGGTCGCCGGCATGAGCGGCAGCCCGGTTTACATCGACGGCAAGCTGCTAGGAGCGCTCTCCTACCGGATCGGTCAATTCAGCAAAGAACCGATTGCCGGGATCACGCCTATCCAGCAGATGTTCCAGGTGCGTGACCAACCGGCGGTTCCAGCGACAGCAGAGACTTTCAGCCGGCAAACAGCGCCGCAGGCGGCAACTCCGACGGCCGATGCAGCCACAATGGAGCCGATCGAGACTCCTCTGGTGTTTAGCGGATTTAGCCCGGAGGCGATCAAACTCTGGCAGGATCACCTTACCTCCTCAGGGATGACGGCAGTCGCGGGTCTGGGAGGAAGTAGCGGCGAGGCGAGTGGCACTTCGAACACCAATCAACCGGAGAGCAATCCCCTGGTTCCAGGATCCGCTGTGAGCGCGGTGCTGGTTCGCGGCGATCTCGACATCTCCGCCACTTGCACCGTGACTTATGTGGACACTAAGCAGGTTCTCGCCTGCGGACACCCGATTACCCAATTCGGCCCAGTCGCGATGCCGATGACCAAGGCGGAGGTGCTGGCCACGCTTCCCTCGCCGCTCAATGCCTTCAAAATCATCAACACGACGGACACCATCGGCTCCTTCACCCAGGATCGGCAGTCGGCAATCGGTGGACTTCTCGGAACGACCGCGAGGATGGTTCCTGTCAGCGTCGTGGTGAGCGGATTGAACGCGAGCGCAGGGAACGAGGGACATACCCGAAAGCTCCACTTCGAGGTCATCGACAACCCGCAGATCACTCCGGTAGCCGTCATGGTCTCCATTTACCAGTCGCTACTGGCCAGCAACAACTATGCTGCTGAGACGAGTTACCGCATGAAAGGCACGATCGACGTTGACGGCTTCCCGCCTGTACACCTCGATTCCCTGCTCGCCCCAAGCGATCAGCTTCCGGCGTCGCTGGCCACGGCACTTTCTGTAGGCGAGCATTTCTCGCAACTTTATGGGAATGCAGCCCGGCTCACCAATGTGCGTTCCGTGAGCATCGATATCGAGGCCATCTCCGGCCGGCAATCGCTCCAGATCGAGAGCGTTCGCAGTTCAGCGAACCTGGTCCATGCCGGAGATACGATCACCATCGAGGCTACGCTGCGACCCTATCACGGGGAGACCAAGAATCTGCGCGTCCCGGTAAAATTGCCGGCGACGCTCCCTGCCGGTCCGCTCCGAGTGGTGGTGAGCGATGCTGGAACCCTCGATCGCATCACGCTTGCGGCGCGCCCGGGTGCTCCCCCCTTGAATATCGCCGACAGCATCGCGCAGATCAATAGCCTTCATCCGAATGACCGGTTATACGTGACCCTGCTCGAGCCCTCACCGCAGGCAGTGCTCGATGGACGGACTCTCGCCGCCCTCCCTATTTCCATGGCGAATGTCTTTGAGCCGCTTCGCGGGAATCAGGAGATGTCCTTGAGTGGCGAATCCGCCATTCCCGTGGCATCTGTCGGGGTCGATGGCATGTTGACCGGTCAGCAGGTGATCTCATTACAGATCGAGTAGCCAAGTGAGTGGGAGTTTTCCGCACGGGTCAAAGCCTCGGACGTTATGATGGAACAACACCACGAAGGCACTCACCGGATGGCTTTGATACACGGATACGCTACGCACGCGGCTGGCGCAGAACTGCTCCCTTATAAGTATGAAGCTGGGGAGCTGAAGCCTACTGACATCGAAGTAAAAGTCACGCACTGCGGCGTCTGCCACAGCGACTTGCATTTGATCGACAATGACTGGGGCATCAGCCAGTACCCGTTCATCCCAGGCCACGAAATCGTGGGCACTGTCTCGAAGGTGGGCACTGAAGCTTACGAATTCGAGGTGGGCGATCGAGTCGGCATCGGCTGGCAGGCAAACTCCTGTGGACATTGCGAGTGGTGCCGTAAAGGACTTGAAAACCTCTGTGCGAAGAGCCAGGGTACCTGCGTTCATCGCCACGGGGGATTCGCCGATAGTGTGAGCGTGAACAGCCGTTTTGTTTTTCCGATCCCCGCTGCATTGGAAAGCGAACACGTGGCGCCGCTGCTGTGCGCCGGGATCACTGTGTACAATCCATTGCGCGAGTATCAGGTCAATCCCACTTCCCGGGTTGGCATCATCGGAATCGGCGGATTGGGCCACATTGCCCTGCAATTTGCGCGGGCTTTCGGCGCATATGTCACCGGCTTTTCAACCTCCGCGAATAAGGAACAGGAGGCGCTCAGCCTGGGAGCGCATCAGTTCGTCAATACCCGCGATTCCAAGGGACTCAAAAGCCTTGTGGGACATTTCGACCTTATCCTCTCGACGATCAACGCCGACCAGGACTGGACTGCGTACCTGCATGCTTTGCGACCGACCGGCACTCTGGTCTTCGTAGGAGCACCGCCAAGTCCGCTGACTCTGCCTGTAGCTCCGTTAACGAGTTGTCAACGCAAGATCGCGGGGAGCTCTGGCGGAAGTCCCTGGCAAATTCGAGAGATGCTGGATGTGGCAGCCAGGCATGGGATCAAAGCCCAGACCGAGCGCTTTACCTTCGATAAAGTTAACCTCGCCTTGAGCAAGCTACGCAAGAATCAGATCCGTTATCGCGCTGTTTTGGCGAGCTAGCTCATCCGATTTCTCCGTTACCGGCGACCTGCGCATGACGAATTTGCAGGTCGATCCCGCTCATTCTCCGACCGCGCCCCGCTGGGGTTCTTCTTCTGGATAAGATCTTCCTTCCAGAATCGATTCGCTGCCGGGTTCGACGACTGCTGGGTGGGTCGGCGAGGATGCCGGCAGAATCTGCACCAGCCTGGGAGTCGCCACTTCGGCGGGAGTCGCCATTGCCTCTTCATGCTGCCGCTTCATCGCTGCATCGATGTCAACCGGAATGCCGCCAGGCACAATGACCGGCTGAGCGTATTGATAGGCGTAGCTTTTGGTGACGGCCATCAGCGCACCGACCGATATGAGCAGGACGATGACCGTGATCAAGCTGCCCTCGGGTCCGTATCCATCGCCGGTCAGCCAAAACGGACCGTGCGCGTTTGTAGAAATCACCGGAGAGAAAATGCGGAGACCTGAAACCGGAAGCCCAAACAAGATGCCCATGCTGGCGTTCCAGGCAAAATGCAGGCCCCAGGGCAGCCAGAGGGCGCGGGTGCGAAGATAGGCCAGACTCAGCAGCCATCCAGCTAGCGCTGTAGTGAGGGTGCTGGCAAAGGTCGCATCCGGATTGGAGAGGTGGACCGCGGCGAAGATGACCGAGACTACCATCGTAGCCATCACCGGGCCCATGGCCTCAATCAGCCGCTGAAATGGATACCCTCGAAAAGCGACCTCCTCGGCCAGCGCCGCGACGAGCAGGGTCGCCAGGTCCAAGAAGAGCAGCCCGAACTGCCTCGGCCCGGTCCAGAAGGTAATGGTCATGCCGCCCAGCAATGCAATTGGCAAGACGCAGGCGACCATTGCTCCCCATCCAAATGCTGCCCCTATTCCAAACTCCTGAAGGGCAGTAGGCCGGCGAATCAATCCCATCGACCGGAGCGGGGTACGCTGACGCTGGAAGATATAGCCCATGGCCCAGAAGCCAAGCAGCAGGACAAACAGGAGAATGAAGCGGTAAATCAACTCCTTCCAATCGCCGGAAGACAATCCGTTGGCGGCACTGCCGGCGATGCGCTCCGCAAGCAGGAAAAATCCTGCCGCGACCAAGAAGTAGAGGAGGGCTCGAACCCGGCCAGGAGCGACCTTCCCCGAGACATCGGCCGTACTCAAGAGCAGACCCCTAGGCGGGTTCCATTGAGAGCATTGTTGCTTCTAGTCTGTGCAGCCGAGAGTCGCGATAGGGTGGTCATTCGTAGTAAGAAGGCGTGTCTGGATGGTTGGATTCGTCAGGATGTATAGAATTGTCCGATATTCCGGAATTTTGCCTGCCGCGCGGCGAGAAGCTGCTCGATCGGCACGGATTTTACTTCTTCAAAGTGATGAACCAACGCTGC
NZ_CP030840.1_gap45	1538256	1540476	2220	GGCTGCCCGGTAAAGATTGCCACCGCCCTCAATGCGCAGTTTTCGGTCGCCAGCTGCCGATGTCGCCATCTGTGCTGGATCCTTGGGGAGGGAAGTCAGCTCGTCGATGACGATCTCGGCCTCCGAAGCGCGCAGCGCTTGCTCAACCGCTGCTTGGTCGAACGCGCTCACCTCAACCACGGCTGCTCCTAGATGGGTGAGGCTCTGCGCGCCGGCGGCGGACCGCGTCATGCCGGTGACCGTGTGGCCCTGACGGATCAATTCTGCTATCAATGGACGACCGATTGCACCGGTTGCGCCGGCGACAAAGATTCTCATGGAAGATGCTCCTCTCGGGACGAGTATTCGCAACAAGCCCCTTTAGGATGAAGACGCAAGCGGTATGGCTCCATCAAATTTCACTGAGATAATTTTCGGCCTCTACCCGCAATTGGAGTGGGATTCATCATCTTGAGCCTCTATCATCCGAGCGTCAGCTCACCTTGGAAGACTGCTTTGCGACCAACCTAGTAAGCTGTCTGCATGACGACGACTTATAAGAATCTGATTGGCGGCCAGTGGGTCGCTGCGCGCAGCGGCAAGACCTTTCAGAACATCAACCCCGCGAACCACGATGATATTGTTGGGACCTTTCAGTCCTCCGATGCCAGCGATGTAGCGGACGCGGTCGCCGCGGCCAGTGAAGCCTGGAAGACCTGGCGCCTTACCCCTGCGCCCAAGCGCGCCGAGGTCCTTTACCGGACTGGAGAGATCCTGCTTGAACGCAAAGAGCAATATGCCCGGGACATGACTCGTGAAATGGGCAAGGTGCTCGCCGAGACGCGCGGCGACGTGCAGGAAGCGGTCGATACCGCCTACTACATGGCCGGGGAGGGACGGCGCCTCTACGGCCAGACCACGCCTTCGGAGCTGCCCAACAAGTTCGCCATGTCGTTGAGAATGCCGGTCGGCGTCGTGGGCATGATCGCGCCGTGGAACTTCCCCATGGCGATCCCTTCCTGGAAGCTCTTCCCCGCCCTGGTTTGCGGCAACGCCTGCGTAATCAAGCCCGCGGAAGATACCCCGCTGTCGACTTATAACCTCGTCCAAACACTCATGGATGCCGGGTTACCGCCGGGAGTGGTGAACATCGTGACTGGGTTCGGTCCCGAGGCCGGCGCGCCGCTGGTGGAGCATCCCGGCGTGCGCGCAATTTCCTTTACTGGTTCGAGCGAAGTTGGCCGCATCGTTGGCCAGACCGCCGCTGGACTCTTCAAGCCTTGCTCGCTCGAAATGGGCGGGAAGAATGCCATGATCGTCCTCGAGGACGCGAACCTCGACCTGGCCCTCGAAGGCGCCCTGTGGGGGGCCTTTGGAACTACCGGACAGCGCTGCACGGCGACCAGCCGGATCATTCTGCATAAGAAGATCGCTGCTGAATTCGCTGAGAAGCTCGTCGCCCGCGCCGAGGCGCTCAAGGTCGGGGATGGACTCGATGAGCAGACTCAAGTCGGCCCGCAGATCAATCAGCAGCAGATTGAAACCTCCGAGCGTTACGTTGGCATTGCCACGAAAGAAGGCGCCAAGCTGCTCACTGGAGGCAAGCGCCTCCGCGAAGGCGCTCATGGCAAAGGCTGGTTCTTCGCGCCGACTATCTTCAGCGAAGTCACTCCCAACATGCGGATCGCCCAGGAAGAAGTCTTCGGCCCGGTGGTGAGCCTGCTTGAATGCGAAGGCCTTGAAGACGCGCTATCGATCGCGAATGGTATTCAGTATGGATTGTCGACCTCGCTCTACTCGAAGGATGTGAACCGCGCCTTCCAGGCGATTCGCGACTTAGAGGCGGGCATTACTTACATCAATGCGCCGACGATCGGCGCCGAGGTGCACTTACCTTTTGGAGGAGTGAAGCAGACTGGCAACGGCCATCGAGAAGGCGGGACAGGCGCGCTGGATTTCTATACCACCTGGAAGTCGGTGTATGTGGATTACTCCGATAAGCTGCAGCGGGCGCAAATTGATACGGGGGAGTGACGACAGATCCAAGTCCTTGCTATCGCCCATGCCAAACGCCGTCCCGCATATTGGCGGGAACGAACGTTCTGACCCTACTTCTGCACGACGCTCTTCGCCTTCGGGACGTCAAAGACGTTCTTTGGCAATTTTTTATCGTTGTATTTGATGTGGGTGAAGGTCGTTGTTCGCGTATCGCCGGAGATGTAGAAGAATTCCTGCTTCAAC
NZ_CP030840.1_gap46	1542025	1543033	1008	TTGTCGCGATACTCACCGGGTACATACTCCACCTCGCCGGCGCTCTGGCAGCGGAAGAGATCTTCGGCAAACTTCGGCAATTGTCCTGTGCCGAAGAGCGACTTGCTGTTCACCATGAACGGCGGCAGCACCTCGGTATAGCCATGTTCGCCGGTGTGTACGTCGAGCATGAAATTCGCGAGTGCCCGCTCGAGGCGAGCGCCCTGGTCCCAATAGACGGTAAAGCGGGCGCCAGACAGCTTGGCGCCGCGTTCGAAATCGAGGACGCCCAAAGATTCGCCGAGTTCCCAGTGCGGTTTGGGATGGAAATCGAACTCCGGCTTGGCTCCCCACTGGCGGATCTCGACATTGTCTTCCTCCGACTTGCCTGGGGGGACATCGCCGGCGGGAAGATTGGGAATGCTTTGGAGAATGGTCCGCAGCTCTATCTCGGCAGCCGACGATTCATCTTCCTGGCGATCGATCTGGTCTTTGAGCAACGGCATTTGATCCACGAGCGCCGTGGCATCCTCACCAGCCCGCTTGCGCCGGCCGACCTCTTCGCTCAGCTTGTTGCGCTCTGCCTTGAGGGTCTCTACCTGGGTAATTGCCTTCCGCCGGCGGGTATCCAGCTCGGCGAAGTTACCCAGCAGCGCGGACGGGTCAGCGCCCCGAGCCAGCAGTTTTTTCTCGACCAATTCGAGATTGGCCCGTACAAATCCCAGATCGTGCATAAGCACTTAGTTTACTAGAGCACGCAGCTCTCGCCCCGAAGATGCACCGCGGTAAGGCGAGTTAACATGAGGAGGGAGTTATCTTGCGACGCTTCATGCCGGTTAGAGTCTTGTTCCGTTATCTTCTCATCCCTATTCTGATTGGCCTCCTGGCCGTACCGCCGGCTTTGTCCGCGCAGGAGTCGCCTCGTTCTGGAAGGGCTCGAGCGAATGCCAAAAGCGAGCCGGTCGCCGCAACGCCGCCGAGCGCCTATAACGGCCATCCAAAGCTGGCAATCATCATCGTCATCGACCA
NZ_CP030840.1_gap47	1548320	1551774	3454	TCAGGGAACGCCCGATGAGTCGCTGAATCTCATGAGTACGCCCGGTCACCTTACCGCGCTCCGACTCCCGCGGGGTGCGGGTCAGTGTCGCCCGGGGCAGCATTCCATACTCGGCGGTGACCCACCCCCGTCCAGAGTTGCGCAACCAGGCCGGAACCCCTGGTTCAATGGTCGCGTTGCAGAGCACACGGGTTTGACCGGCCGCGATCAGCACCGAACCTTCAGCAACCGCCACATAATCACGAACCAGGGTCACCGGGCGAAGCTCACTCACGGCTCGATCACCGGCGCGAAAAAAATCGATAGTCGTCATCGGCCCATTGTAGTGAGTCTCGATCGCCTTAGTGAAAACACGATTCCCAAAATGACCCGAGCGGAAATGGTTCCAAGATGGAAACTGGATGGCAAGTCGTTCAAGGTGAAAGGCTTGGGTCGCGACGTGTCCCATTCCGGGACGGAATGGGATTTGCCGGGCGGTTGTCCAGGAAGCGATCTCAAGAACATAAACGCTGAAAGCAATCCACTTAGGGCGGAGTGAGGTCGTGCTCCGGCTTTGGCACTCCGCGTGTATCTAGGAGTACCAGACCGGCACCTTCCAAATCGGAAATGATTCGCTCCGGCCCGTCAAGCAGTCGGGTCAAAGTCGCGAGTCCGTGGTCTGAACGGGAGAATTCATGAGCGCCATTCAGCATTCGGAAGCAAAAAAAGATGGGGGGACGTCCCCTTCGATGTCGCTGGTCCAACACGGCACCGTCTCCTCCTCAAGGAATGCAGATGCCATCCAATATTTGCAACCCCCTGCCCGGCAGCTCGCGGCGCTCGCCCATGATGCGCGGAATCTACTTTCCGCTCTGGAGGTGTATTGCGATCTGCTCTCCGCCCCCGGAGTTCTTGCTCCATCTTTCCGTCACTATGCCGAGGATCTCCGGGTCGTCGGAACAACGGGAGCGCGGCTCATCGAAGCGCTCGCCGCTCCGGCCTCAGGTCCCAGGTCGCTCCTCGCCCGGCATGCCGCGCCGGCTGTTGTTGACCTCGCCTCTGAGGTATTTGGAATGGAGGCGCTGCTGGGGTCGCTGGCGGGCCCTGGGGTTCGCCTGGAAGTGGAGTGCGATTCGTGTCCTGGAGAACTTGGTTTGAATGCGGAAGACCTGCTCCGTATTCTTTTCAACTTAGTCACGAACGCAATCGAGGCCAGCCAGATGTCCGCTCCAGAAGACTATGCTGGTGCTTCCGGGAAGCGCCGGTACATCCGGATTACCGTTCAACGCGGCGGCGGGGCGAGCTTTCTTCCGCGCCGTAACAAGCCCAACGTTCGGCCTGAAACCGTGGTGCTCTCGGTACGTGATAACGGTCCGGGCATTGACGGTGATGTTCTGCCGAACATCTTCGCGCAGGGCTTTTCGACGCGGAAAGCTGTTTCGCATGCCGGCACCAGGTCGACCCGGGGCTTAGGGCTCTTCATCGTTCGAGAATTGGTAGAGGCTGCTGGCGGAGCGGTCCGCGCGGTATCTACGCCCGGGGTTGGTACGCGGTTCGATATCGAACTTCCTATCCTGTCCGCGAGCGGCAAATCGCGGAAGCATTACCGCACCAAGGTATTGCGCCAGCCAGGTTCACACGGGACAACATTGGAAATGCCTGAAGAACAGCGATTGCTTCAAGATCCTCAATCGCTGCCTGATCGGGAATAGCGGTCTCGTTCAAGCGAGTCCTTGCATCTTGCCGTGCGGTAAAACCACCGACAGATTTATTTTTGCTATCGCCCCGCATTGGAAATGAAAGGCGAGTAGAATGCTCCTAACAACCGTTTCTGACAATTTAATTATGCCAACTTTTGCCCGACCGGCCGAAAAGTTAGGCGGCATGTATATCCTCATCGTCGATGAGGACCTCGCCGTCCGCACAGCTTGCTGTGAAATAGCCAACCACCTCGGTTATGTATCGCACGGGGTTAGCGGAACGGCGGAAGCTCGCGCCATTCTGCATAACAACAGCGTCGACATTTTGTTGCTTGACCTGAAGGGGCCCAGCGAAGAGGGTCTGTCTCTCATGGAAGAGGTCAAGGCAATGCACCCTGAAACCGCTGTCGTCGTGATGACTGCGTTTGCGACTGTCCCATCTGCAGTTGAAGCCATGCGGACGGGCGCAAACGACTTACTTACCAAGCCGTTTGCCTCGGATGAACTGGGGACGGTGCTCGAACGTGCCGCAGAACGCCGTACCCTGGATCTCGCCAGCCGCGGGCTTCGAGAGCGGCTGCGAACTCAACAGGGGCTGGGTAATATCATCGGCCGTTCTTCGGAGATGGAAAAACTCTACCGTATCCTCGCGAAGGTCGCCCAGAGTACGCATCCGGCGCTGATCCTCGGGGAAAGTGGTACCGGTAAGGAGTTAGTCGCGCGCGCTATCCACGCCAACGGACCCAATGCGGCGAAGCCGTTCATTCCTGTGGACTGCGGATCGCTCGTCCCTACTCTTATTGAGAGCGAACTTTTTGGTCACGTGAAAGGGGCATTCACAGGAGCCAATCGGTCGAAGGAAGGATTGCTTGCCTCGGCAGGCGACGGCACCGTATTCCTGGATGAAATCGGCGAACTTCCCCTTGACCTGCAAGCGCGGCTCCTGCGCGCCCTGCAGGAGAAGGAAGTCCGACCAGTAGGCGCAACTCACGGGATCCCCATACACGCCCGGGTGCTCGCAGCCACCAACCGTGACCTGTCGCAAATGGTCGAGCAAGGCCGTTTTCGCAAAGACCTATATTACCGGCTGAATGTCGTGAATCTTCGGGTTCCGCCGCTGCGCGAGCGGCGCGCCGACATACCACTGCTCGCGGCCCACTTCCTGGACCGCCTGGGACGCGAGAACGGGGTCACGTACACCCTCAGCGACGAGGCGCTTCGCATGATGGTGGAGTATCAGTGGCCCGGGAATGTTCGCGAACTCGAGCACGCCATTCAACGCGGGGCGACCGTCTCCTCGGGTCCGCTGCTTCAACTTGGCGACCTGTCCACCCGGCTGGTCGAGTTCTCTTTGAACCTGCGAAGAACGATCCAACCAAGCAGCCGGTCCCTCTTCCGAAGCAGCGGTAATGCCGCTGGCATTGAGGAACGCAGCTCCGGCAGCGCCGGGCAAATCGTGCCCTTGGCGATCCAGGAGAGACAGGCGATCCTCAGCACTCTGGACACCCTGAAGGGAGATAAGCTCATGGCGGCCAAAGTTCTGGGAATTGGCAAGACTACGCTCTACAGGAAACTCAAGGAGTACGGCATTAGCGAACAACCGGCGATGCCGTGAACCTGAGCACCGGGGAGTTTCGAGTTCTTATCGCAATTCCGTGGATGCGGGTCACCAAGAGGGCATCCGCCTGAATCAGCTGAGAAGGTGCTCCATTTTTCGCAGAAGATGTCCAGGGTGATTGTGAAATTCATCTTGCGGTGATCGTGAAATTCATCTG
NZ_CP030840.1_gap48	1553579	1554473	894	CCTTCCGGACCTGGCGGGGTTGGCGGGATTGCGTCGCGTAGGACCCGGCACTCATCAAGAATATCACTGCCAGCCTTCTGTCGTTGCCGAGCGCTGCTGCAGCTTGGGGGAGTAATAAAACAGGGAACGCCCTCGGCTGTCCGAGGGCGTTTAAAACTAGTGCATATCCTGCCGTTTCTCTATTCAGCGTTTTGCGGTTGCAGCTTTCTTCTTTGCCTTTGGAGCGGCCACTACTTCGACATCTTCCTCTTCGTCGTCCAGTTCCTCGTCATCCTCTTCCTCTTCATCGGCGCTGGCTTCTTCGAAGAGGGGTTCAGCCTGACTTAAGACTTTCTCGCTGGCCTGTTGTTCTTCGTTCAGTGTTTCGGTGAGCAGGCTGACGACCTCGTCTTCGCCAAGCTGCCGGGCAATGGCGATCGCCGCGGTATAGCCGGCAATCTCGTAGTGCTCCACCCGCAGAGCGGCACCGAGAATCGCCACATCCTTGAGTGCGCCCTCGTCGTCATTTTCCAACTGTTCTTGACCTTCGGCAACCAGGCCTTCCATGCCCTTGCAGAATTCACCGGTCGGCTTCTCTTCGAGTTGCTGAAAAATCTGCTTCAACCGTTCAACCTGTCCTTTAGTCTCCTCCAGGTGGGTGGTGAAAATGGTCTTCAAATCCGGGCTGCTGGAGCCCTTGGCCATTTTCGGTAATGCCTTGACTAGCTGATTCTCGGCACTATAGAGATCCCTTAATTCATCGACTAAAACATCTCGCAAACTCATTATTTCTCCTCAATCCTAAAAATCTTGAGCCGGCATTCGCGAACGCCAAGCACTGTCGAGATAGATGCCAAAGTCAGGCAAGAGGGCAAAGCGCCGTTCATCGTTTCTCCAGAATTCCACGACCGGGCG
NZ_CP030840.1_gap49	1738183	1741892	3709	CTGGTGAGGATATAGATCCCCTCGCCGCCAGCGGTTTTCTTAACCGCAAGGTGGGTCTGGAAGGCCTGTACAAACTCTGACCATTCGCGGTTTTCCCCGCGATAGCTGACATGCTGCGAACGGTCGGGATCGTAGAGCGCAAGCAGCGAACCCTGGGTAATCGGATCGGAACTGCCGCGGTTGATGGGGTGGTCCGGATTGCCGTCCACTTTTACCGGCCGATAGGCGTCGCTTTTCACCAGCACTGGAATGGCGCCGGTATTGAACGGGTGGGCGCTGGCAAAGTAATTCGGCTTACCGAGGATCAGATCTTCGGGTTGTTTGATATAGGGATAGATCGGCTCATCGGGCTGCTTGGTGCAACCGGAGAGGCCGGCCAGCGCCATCGAGGCGCCCATGATTTTCAAGAATCCCCGCCGCGAGACCGGATCGATCCATTCGGAAGCCTGGCGAGGAAACTCGCGTTCCAGCATTTCGTCGAAGCCGGGAGCGCCGGCGAGCTCTTCGAGACTCCGCCAGTACCGCTTGCCACCCTGGCCCGAGAGCCTCTTCCGGGCTTCCGCCAGAGTCAGCCCCTGCTCCTGTGTGGAGCTCCCTTCGAGGCTCACGAGCTGGGCGTCCAGCGCCTTCACAGTCTCCGGTGCTTTCGCAGTCATTAAATCCTGTCCTTCTTGGTCCATCTTCGATTCCGTCACGTGATCGGGAGTAGGTACTTTCATCGGTGACAGACCTCGCAACTGCTGAGCTCGCGCGGTGTTCGAATGTGATATTGATCGGCGAGATAATGTCCAAGCTTGTCCTGATCGGTGAACTTCACGTAAGTGACCGGAGGCAGCGGAAGCGAAGCAGCTCCAGAGTCACTGACAGTCGCCGCCTGGTGGGTTCCGGGATCTGTAATCTGGGAGCTGGCTGCCCCTTCAGGCATCTGCAGAGCGGCGACTCGAACCCCGCCTTCGGCTGGATTTAACGTGGTGCAGCTGACGGTTTGGGCCGTCGGGACACCGCTCTTGCTCTCCGTGGATCCACACCATACCGGACTGTCAGTGGAGGGGCCGGTCCAGGCCATGTTGTAAATTTCGCTGGTCGGACGCAGGTTTTTGGCCGGATTGCGGTGACAGTTGAGGCACCATTCCATTTGCAGAGTGTTCTGCTGATACATGATCGGCATCAGGTCTACCCGGCCGTGACAGCTTGAACAGCCGAGCCCCTTGTTCACATGGATCTCGTGATTGAAGTAAGCATAATCAGGCAAATCATGGACCTTCGTCCAGGTGATCGACTCCCCGGTGGCCCAGCTGTGCCGGACTGGCTCGAGCAGATTGGCGTTCGTCCAGATCTGCGAATGGCAATTCATACACGTCTTGGTAGGCGGAATGCCAGCATAGCTCGACTTCTCCACCGACGTATGACAGTACTGACACTGGATCCCGAGACCCATGACATGGTGTTTGTGGCTAAACGGAACCGGCTGGTCCGCTCGTTGTCCCTGCCGGGTGACCCACGGCGAGCGCTGCAACTGGTCAAGGGTCACGCCCAGGGCGATCACAATCAGCCCTGTCAAAACCAGGCTCGCGCGGGCCAACGCGTTCGAGCTTCGGTCAAAAATCTGCGCCATGAATGCGTTCCTGCTTCCTCAAGTTACGCGGTGGAGGGGAGCGGCCTCGACCAGTAAAGGGTGGCGGCCGTTCCACATGGGCCGCTAGAAAGGCCCTTCGAAGTTTCAATGTCTAAAAAAGAAATATAGCAGCAGCGAAGCCTTTGCAAGCGACCCCGGGTACGAAAACGAAAAAAAATCCTGGATGTATAGTAGCGGCCAAACCGAAATGGCACCTCCAAATCAACCTCTCGCAGCCGGAACAAACGATTACACTTAACGATTATGTTCAAGGAGGTCTCTGCATGGTGACCGGGCGTCGCGGAGTTCGCTACGATGCGGAGCTGGCCTGCCGGCAGCTCGGCGCCGCCGACCCCAAACTGGGCCGCCTGATTGGCGAGGCCGGAGCGTTCTCGCTGCGCTTGAAGAGCTCGCATTCCCCTTTCGAAGCGTTGCTGGAGTCGATCATCTACCAGCAGCTCCACGGAAAAGCGGCGGCGGCGATCCTGCGCCGGTTGCTGAATGTCTTCGGCGATCTGCACCCGTCGCCGGAACACATTCTTGCTGCTCCCGAGGAGCAGCTGCGTTCGGCCGGAGTATCGCAGGGAAAGGTCCTGGCCCTGCGCGATCTCGCCGCCAAGACCATCGATGGCACCGTCCCTACGCTGGCCCGGATCCGCCGCATGAGCGACGAAGACATCATCGAACACCTCACTCAAGTGCGCGGCATCGGTCCCTGGACGGTCGAGATGCTGCTTATCTTTCGCCTTGGCCGGCCGGATGTGTTGCCGGTCAGCGACTATGGAGTACGCAAAGGCTTTGCCCTCACCTTTCGCCGTATCCCTAAGAACAAGCCCTTTTCGAACGACCTGCTCCCGAAACCGGAAGAGATGCTTCGCCGGGCGCAGAAGTGGCGGCCCTGGCGCTCGGTCGCGAGCTGGTATCTGTGGCGCGCCTGCGACCTGGCCGGGAAAGCCTCACCCCCGCCCGACTAGAAGCACTTCGGGCCATGCGATCCGTTGCGGTCTGAAGGATCCAGCGTAAACTGGACACAACGATATTCTTTGCGACGCAGCAGCCGAAGATAGAAGAAGGGCAACGGTTCTCCCGCCCCTTTTTCTCAAAATCGGCTATCGCTCAGGGTCGATTCGATGGCTCCCCTCGATGGAACCGAATCGCTCCCGGCGAGCACCGTATGGCTGCAATCTGGGTCTCTGCCCGTTTACGTCTTCCCTCTTTGTTGGAGAAACCGATGCCCGACCCTACGCCCGCGGTTCCCGTCAGCCTGGAACGCTATATCACGATTCATGGACATTTTTACCAGCCGCCGCGGGAGAATCCGTGGCTGGAGACGGTAGAGACTCAGGATTCGGCGGCTCCCTATCACGATTGGAATGAACGCATCACCGCGGAATGCTACGCGCCCAACGGCGCCTCGCGGATCGTGAACCGCGAGAACCAGATCATTCGCATCATCAACAATTACGCCCGTATCAGCTTCAACTTTGGTCCGACCCTGCTCTCCTGGCTCGAGGAAAACGCGCCTCGCGCCTATAAACATATCCTTGAAGCCGACCTTCGAAGCCAGGCTCGTTTCGGCGGGCACGGCTCGGCCATGGCGCAGGTCTACAACCACATCATCATGCCGCTGGCGAACACTCGCGACCGCATTACTCAAATTCGCTGGGGAATTGCCGACTTCGAATCTCGCTTCGGCCGCAAGCCGGAGGGCATGTGGCTGGCCGAAACAGCAGTCGATAGTGAGTCCCTCGAATTGCTTGCCCAGCACGGCATCCGTTTTACCGTGCTGGCCCCGAGCCAGTGTGCCCGCGTTCGCCCTTTGGCGGAGAGGCCGGCGAGAAAGGTCAAGCCGGATGCAGCTACCGACGACGGGACTAAACCTCTGGTGGTCGAGCCCTGGCAGGAAACTCCGAATGGCAGCGTCGATACAACCCGCGCCTACACCGTGCGGCTTAAGTCGGGGCGCAGCATCGCGATTTTTTTCTATGACGGACAACGATCGCGAGCCATCGCTTTCGATGGCTTGCTGAACAGCGGCGATGAGTTCGCCAATCGGCTGATGGGCGGCTTTCGCGCCGAACCGGCACAGCCCGA
NZ_CP030840.1_gap50	1758649	1759463	814	GTCGACAATCTCGCGCTTCTTTCGCGTCTTGACGCTCAACCTTCGCATATGTCTTCCTCCTTCAACCTGGTAAATTCTTTCGAACGCCACCCTTGCTGGGATGCTCTTTGCTTGCATCCGCGGACGGTCGTAGCTAGGCTGCCAGAAGAAAGCGACCCTGCCATGAATGTCGTTTCGGTGCTGGTGGAGTGCTCGCGCGCAAGAAACTCGTGAAAGGGCTCCGTGGCAGATAGCAGTCGAGGAGGCACTCGCGGCGTTGAGCCCCGGGATTCGAACGCCATCCGCCATCCCGAGATGGCCGCCGGTGGATACGCGAGCAACAATGGGACGGTCGAGTTCTATCAACGCGTCGTCGCCGTTCTCCCACAGGATGGCGTAGTTCTCGACCTGGGTGCGGGACGAGGCTCCGATTTCGAGGGGGACCACGGAGCATGGCATCATTGGCTCATCCAGCTGGGAAAAAGGCATTCGTGCCGCATCGGGGCAGACATCGATCCCATCGTGCAGACCCATGCGTATTTGGATCAAGCGGTTGTTATCGAGGCCGGTCAGCCCCTGCCCTTCCCCGACCAATCCTTCGATCTGGTGCTTTGTGACTGGGTGCTCGAACATGTCGATGATCCCAACCAGTTCGTTGCCGAGATTCGCCGCGTGCTCAAGGTCGGGGGATGGTTTTGCGCTCGAACCCCAAATCGCTGGAGCTACTTCAGCGTAGGAGCCCGGTTATTGAAGAGTCGCTTAGGAAACAGACTTCTACGTCTGCTCCAGGCTCACCGTCCGGAGACCGACAAATTTCCCAAGTATTACCGGTTGA
NZ_CP030840.1_gap51	1761982	1765483	3501	CGGATAATCGCGGATCGCATCGAGAGTCGATTGCAAGATGCGGTGCTTCCAGGGCTCTGCATATTGAGGCATAAAGAGCACGTTGCTGATGCCTTGATAGCGTACTTCGTGGACAAATTCAGTAAAGGTCGAGGCATTCGACAGGTTGATGTTGGCGTTCGGCTCGGTGCCGTGGCGATCACCGCCGGAGATCAGCAGCTTGCCGTACTTCGCCGCCATCCGTTTGACGGCGCGGTTCTCTGCCCAGATCCGAAGCCCATTCAACTCCAGCGCATGCATGAACTGCCCATTCTGCGCCATGAAGAAGTCGACGTAGGTCCGGTGTTTTTCTTCGCCGATCAGGTAGAGGTCCCACATCGGATGGTTGAAGATAATGAGCACATTCGGCAGCGCATGAAGGGCGGAGAGAATCTCGGTGAGACGGGCATTGGAGGGGTCGGCGGTAAATTCCTCAAAGGTCCGCATCCACTCAGCGCCGGTGTCGCTAGGCAGGTTGTGGATGCCGAGGTGAAATGACTGCTCACACGTGCCTTCAGGCCCAAAGAAAGGCGCGCTCCATTCCACTGATACTGGAATATGACGGGCGGCGGCGACCGTACGCAACAACATCGGTGCGGTGATGTTGTCGTGGTCGGTGATCGAGACCAACGGTGAGACACCGAGCGATTCGACTTGCTTGCTTTCAAGGTCGAAAGCCAACCGTGGAGTCAGAGGCGGCGTCCAGTAGCCGGCTGCGTAGTTGAGGCGGAGACCGTACCGCTCCCGCGCCCGTCCCTCGCCGAACGCTAGTAGTCTGCCGATCAGGCGCGACCGACTGCCCAAATTCGCCAGAAAGTCTAGCGTTTCCTTTGATTGGCTGGTGTGACTATGGAGGGAAACACCTGAAGCGAAGCCCTCGGCTGCGTGGCGGTCTTTCCAGAGGTACGAGATTTGTGATCCTGCCATGATCCTGCTCCCTGGTACTTCAGTCGTGTCGCCCTTTCTACTTGATTATTGCCTTGCACCATGAATGCGGCATTACGGGCAGGAAAAACAACATTCATAAAGGGAAGGAATCCAAAATGGTACTGCCCTACGATTATTTCACCGGCACGGGCTATTTTTATTTCACCCAACTAGCTTTTTTGGGCTGATTTCAACAATGGGTGGAGTGGCCTCAACCAACGTCCTGGGCGTTTGGATTGGCAAAGACTGGCTAGGAACGATCCCCCCCGCTCACAATCCATTTGAAACAGCGCTGGTAGTCTGAGATCTGACAAAGGTTATGGCCACACTCCTCGATGTGAAAAATCTCTCGATCTGGTTTCGCTCTGCAGGCCAGGAGCGGCTAGTGGTTGCCGATTCGAGTTTCTCCATTGACGAGGGAGAGGTGCTCGGTCTGGTCGGTGAATCGGGATCGGGCAAATCGGTTACCGCCTTGGCAGTCCTGCGTCTTCTCGATCCGGCGGCGCGGATCCAAGGGTTGATCCGCTTTGGCGGGATTGACCTGCTTACGCTGCAAGACAGCGAGCTGCGTAAACGCCGCGGGCGGGAGATCGCCATGATCTTTCAAGAGCCCATGACCGCCCTGAACCCGGTTATGACTATCGGCGAACAGGTAGCCGAAGCAATCCGCGCTCATCAGCCGGGACTCTCGCGTCGCCAGGTGCGCCGCGTTGCCATCGAGGCCCTCGAATCGGTCGCCATACCGGATGCCGCCAACCGCTACGTAGACTATCCCCACCAGTTCTCCGGAGGACAAAGACAGCGCATCCTCATCGCCATGGCCATCGCCAACCGGCCGCGGTTGCTGATTGCCGACGAGCCGACTACCGCCCTCGATGTAACCGTGCAGGCGCAGATCCTGGAATTGCTGGCTGAGCTCCGGAGCCAGTTCGGGCTGGCAATGCTTTTCATCTCCCATGACCTTGCGGTGGTGTCGCAGGTCGCGGATCGGGTCATGGTGATGCGCAATGGAATGGCGCTCGAAAGCGGTTCGACGGCGCAGGTCTTCCATGACCCGCTTCATCCCTACACGGCCAGCTTGATCGGAGCCATCCCCACGCTTACTACGGATCGGGACCTCCCGCTGGCAACGCTGACTCAGCAAGCGGAGGCGGACGGCGGACGGATGGTCGAGCGCTTCCCCGGCCACTGGGTTCGGCAATCCCAAATTCCGGCCTCCTGACAAGGTTGTAGCGCCACAGTCGCGCTGCTCCGAACACTGCAGCAATCCTGTAACATTGGTGAAGCCTTTTCGGGGCTTTCTTCCGCCATGCGCGCGCTCATCATCTCCGACGTTCACGCCAACCTGGATGCTTTGGAAGCCGTTCTCGAAGCCGCTCCGCCGCACGATACAGTATGGAACCTGGGCGATTCGGTGGGGTACGGAGCGAGTCCGAACGAAGTCATCGAGCGGGTGCGCGACCTCGGCGCGGTGTTCGTGCGCGGCAATCATGACCGCGCCTGCTGCGGGCTGATGTCTCTCGATGATTTCAATCCAATCGCCAGCCGTGCCGCGCAATGGACGCAATCCATCCTCACCGAAGAGCACACCGCTTGGCTGCTGGCGCTGGCGCACGGGCCGGTCCGGCCGAACGGGCCGACGGTCAGTGTGATGCACGGTTCGCCCGTCGATGAGGACGAATATTTGCTCTCGATGCGCGATGCATGGGAGCCTTTGCAGACGACCACGGCGCGCATCAATTTCTTTGGCCATACTCATCTACAGGGTGGCTTCGCGACCGATGGGGAACGGATCTTCAAAGTCAATGCCTTCTACAGCACCCGTAATGGTGCGGAGGAGTGCGAGATTGAGCTTCGCGAAAGCGCGAAATACCTGATCAACCCAGGATCGGTCGGGCAGCCGCGCGACAATGACTGGCGCGCCGCCTGTGGCATTTATGACGACGAAAAAATGACCATCAGCTTTCTTCGCATCCCCTATGACGTGCGTGCTGCACAGATGAAAATCATCCGCGCCGGTCTTCCTGACCGTCTCGCATTCCGCCTGCGCGAAGGCCGTTAGACCGGTCCTGTCCAGGAATAATCTGAGCAGCGAAGCGCTCCATCTCTTCCCTCTGCGGACTCGATTGAAGCAACACCAGATCGACACCTGCGGCAGCAAATTCTTCCAGCCGCGCGCTCACCTGCTCCGGAGTGCCCACCAGGCCGCTTCTCAATCCTCGATTGGAAACAGAGTAATCCTCGAGCGAGATCTTCTGTTCGAGATTGGAGCCGGTAATCCATTGCTGATAATTCGCGTAACCGCGCGCTGATTGGCGGACATCGGTAACCCGGGCGAGTTCCTTCTGCGCTTCGGCCTCCGAGTCCCGGACGATGGAATAGGCCGCGATCCCATATTTCATTGGCGGCAATTCCAACTGTTCCCGGCGACGGCGCATATCTGTAACCTTGGCTGCGACAATATCCGGAGGATCGCCATGCATCAGGTAGGCATCGCACTTCGATGCAATCAGTTGCTTTGCCGTCTCCGACTCCCCGCCCGCATAAAACGTCGGC
NZ_CP030840.1_gap52	1936517	1941427	4910	ACCAACACTGTGCAACCACGCAGTTGCGCTTGTTGCATCTCCGACATGCAAGGCACACACAATAAACAACACCATTCGCATGATCTATGGCAAGAAACCGATCTGAGAACATCAGCCGGGCGTCTGGAAGGCCCGCAGGTTTACCATAAACATGCTCGGTCACGGCCATTAGCTCGTAACCCAGATACCCGACGTAGCCGCCACAAAACTCGAACGGCAACGCGGGGGGAGCCAACAACGTAGACTCGCTTAATCTGGTTTCAAGGAACGTGAAAATGTCCTCGTCATGAATACTTGATTCCCCGGATGGATATCGTACCGTAGTTGCTTCGCTTACGCGATAACTCAACATGTGTGTCAGTGGCCCGCTATCATCTCCCATAAAGGAGAAGCGAGCGTATGTCTCATCAGCACGACTAGAATCCAACCAATAACTATGCTGGGACTCAAGAAAGAAGTGGCGAAAAATATTTGCCACCGTAGCATCGGTCCTGACTCTACTAACAACACAGTCATACTTCACTTTTCGCAATCCTTAAAAAGTTATTCATTAGTGTCTCTCCATGCTCGGAGCAGATGGATTCGGGATGAAACTGAACTCCAAACATCCTTCGCGTAGTGTGCTGAATTCCCATGACTAGGCCATCCTCAGTCCACGCGGTAACCTTTAGGCTTTCCGGAAGACTGTCCGTCACAATCAGAGAGTGATATCTCACCATCTTGACTCCCTGGGGAATCCCTTCAAACAGACATGTGCCGTGGTGATAAATAGACTCTGTGAGTCCGTGGACCGGAACCCTGGCTCGCGCCACATTACCGCCGAAGACCTCCGCTATTCCCTGATGCCCCAGACAAATGCCAAGAATAGGCCTATCCAGCCGGGCCAGAATATCCGAAGACACTCCAAAATCCTCACGTCGGCGAGGATGGCCCGGACCAGCAGAAAGAATCACGCAGTCTACTGGACTCTCCGTAATTTCTGCGAAGCTTAACTCGTCGTTCTTGACGACGCGGGCCCTCGAACCGGAAACACGGTAGATCAAGTCGTATAAGTTATAGGTAAATGAATCATAGTTGTCGACGAGCAGAATATTCATAGGCACCCTCTAGTCTGGTCGAAAGCAGCACTCATTGAAGATTGAGATTACCCTCTTCTTAGCTGAGTGAATGAAACAATAATCTCCATCAATGAAGTAAAGACGAATTCCAGCCGATGTCTCTTGTCGCCACCCTTCAGCCTGACTCTTGGTCGCGAACGATTCATCAGGTACCACTCAAAACGTCGATTGGTACCGGAACAGACTGGCGCCGTGCGTCAATTGTGTGATTTGCGAGCAGTCCACTATCTGCACGAACCACTCGTATCAACAATTCCATCACCTCATTATCCCGCAAACTTTCCTTAGGTGTGCCATTGTAATCATCCAGTGCCCTCAAGAGGGCGTTGTCGTCCAGCTCGTGAAGGCGGATATCCTCACTGCGCATTCCGGGGCAGCACTGGCCGCGACCAACAATCGCTGCGGAAGACTGAGGCCGGATGCCATGCGTAGACGGGTCAACTCCCATGCAAGCATCCTCCCATGCTGTAGCCAAAGAAGGCCACCGGCAAATCATCTAGTCTTGCTATACATTCCCTTTGCTCTTCAACAGCCTCTTCTCGGCTTAGGCCCTTGTAATCATGGTCTCCGGCGAGCCATATCTCCCCGATCCGAGCGTCTCCCATAGCCTCACAAGTATCAGGATCGACAATCAACACCTTTTCGAGAAGGGGGTTTTTCAGTTGCAACAACTTGTCTACTAGAAGGTCCACCCTCGCGTCCGTCAGAATCGACAGGCGCAACGTGCTGCCCCCATCCCCTATCAACGCACGACATCTTCAGCGAGCCCAGTGTGTACCGGATGCTCTGGAAGTGCAATTCCCCGAACGCCACCGCGCTCTTCTCCAAAGATTGGCTGATGCGGGGCTCCACATCAATCCCGGGCGTTCTTCCTAGGCGTTCCTTCATGAAGAGAGTCCTCGGATGGAGGAACCTGGTTTCCTTTTTGCGAGTAGAGACACGGTATGCTTTTGCTATCCCGCCGGACGCAAGCAGTCCTGAGCGGTAGGCGCTGCTATACGGAATCGAGGACTTCACGCCACCTCGCGGGGGTGATCACGCCCTCCACTTCAAAGGCCGTGCCAGAATGACCTCCATTTGATGCTCCGCAAGCCAGAAAAGCTCTTGCAGCGCCCCTAGTCGCCTCAACATCATCATTTTCCTGCCATTTACTTCGGTACCTTAATAACGCGATAGCTAGACAAGCACTGCATGAAGGACGCCTCGAAGAGAGTTACAAATCATGATCTCTTCCGCTCGCGCCAGTTCGCTGAATGGCAACACTCGTTCGGCAGCTCCAAACTTTGGATCATCCAGCAATACTCCTCTCATAATTCCGGGTAGCAGCCCGGAGCTGAGTGGGGGCGTCCAAATACTGCCGTCAATCCGCAGAAAGACGTTCGTACGCCCACCCTCCGTCAACTCTCCACGCTCATTGGAGAACAGCATGTCAAAGCCTCCGAGACCTTGTGCAAGCTGCCAGCCTCGGTCGTAGTCGCCACGCAGAGATGTCTTGTACTGCAAAAGCGGATCCAGCGAGTTCCTAGGAAGAAACCCCAGATCAGGTGCGCGAAAAATCTTTACTGGTTCGTCGCGCAGCGGCTCGATTGGCACGCTCTGCAGATGAATTTCACCAGATCTCTTCAGGGAGAGTCTTACTCGATGCGGCACTCCATGAGTTAGGCTTGCCTCGAATTGCCGTACTTCGTCATGCAACCGAATGATATCGCACTCAAAGCCCAGATCGCGCGCACTGCGTGTAAGCCTACCCAGATGGCGATCTAAATGACGAAGTCCGTCCGTCGAAGTACCATACATAGTCTCAAACAGCTCGAACTCCGGCGATTCAATAATCTTGTTCCCCACGAATTCTGCCACCCCATACTGTCTAATCTCTGGATGCAGTTTACTGCGAAATCATGGCAGAACGATTGGAGCGATGCGGCACCAACCTTCTCCTCAGAACATGAGCATTGTGAAGACAGAACCCGGTGCCTTCGCGAATCATTCCTTGGTTCAGGAATAAACATCAGTGGTGTGGGTTTCACCAGAAGAGAACGCTCGCTCTGACCTCTCAGACGGTAAGGACGTCATCTGATCTGCCTAACGATTGTCGGGCGCTGCAAGCTTGGCATCTCTGACTAACGACAAATGTTCAAAAGGGAATGATTAAACATGAGCGAGACCAAGTGTCCGATACCATCAGGTATGAGTTTATCAGCGTTAGATCCGACGTTTCGCGATCAGCCCAACGAGTACATTGACCAGCTCCGATCCTTCGAGCCTGTGTATCGAGATCGAGAATTCGACAGGGTGGTGCTGACTCGTGCTGAGGATATCGACATGGTATTAAATCACCGCGCGCTCGCCAAAGATCCGCGCAAATCTCGTCCTGGTTCATACGCGCGCATGATAGATACGATCGATGAAAACTATCGGCCGAGTATGCTATTCGCGGACGATCCGGACCATAAGCGCCTACGCAGTCTAGTAGCCAAAGCATTCAACCTGCAATCCGCCGATGCTATGCGGCCGCGAATTCTCGAAGTAGCGAATCGCCTTTTGGATGGCATTCCCGATCCGCGGCATTTCGACGTTGTTGAGGTTTATTCAAACCCGCTCCCGACAATTGTCATTGCCGCTGCGCTGGGCATCGACGAGTGCGATCAACAAGACTTTAAACGCTGGTCAGACAGCCAGGGCCACGTTTTCAACCCTCGACGCACTAAGGAGGAGTCCGCTAACATGGCATCGGGGCGTGAAGCTCTGCAGCAGTATTTTGCCGAAATAATCAAAAAGCGTCGCAAAGACCGTGGAACGGACCTCATCAGCAACCTTATATCGGCCGAAGAAGACGGCCAGAAGCTAACCGAAGCCGAAATCATCAGTTTATGCTACTTGCTCCTTATCGCGGGAAACCTCACAACGACTGATCTTATAGGGAATGGCGTGCTGGCGCTCCTCAAAAATCCGGATGAGTTGGCCAAGCTGCGGGCACAGCCAGAACTGACCCGTAACGCAATCGAAGAAATTCTACGGTATGACTCGCCAGTCACCACTGCCAGTCGCATAGCTACCAGACCTATGAACATCGGTGGAGTGGATATAGAAGAGGGTCAACCTATTACGCTGCTCCTGTTTGGAGCAAACCATGATCCCTCGGCGCACCCTCATCCTGGCAAATTCGATATCGCGCGACCTGACGCATACCACTCATCTTTTGGCGGGGGCAGTCACTTCTGCATAGGAGCGCCGCTGGCACGCGCGGAGGCGCAGATTGCCATCCCATTGCTTTTCGCCAGGTTTCCGAAGCTTCGGCTCACGCAAGGTGAGTTTCCCGCTCGCAAATCTTTGGTAAGCCTCAATGGAATCAGGACGCTGTGGGTGGACACCGATTAGATCTGGATAAAATTGAAGACTAACGCCCCACCGAGTTCTCCACAGATACCTATGGCAACAGAACTTGTGAGGCGTAAGGCCATCAATCGCCGGGCACAAAAATACATCCGACTGGTCGTTTTTATGAATCTCGAAAGAAGCCAGTTTATCCAATGCAACTAGGAGGGCAATATGCCTAATGATAAGAAGGTGGCGCTCATTACGGGCGCGAACCGTGGAATTGGATTTGAGACAGCTCGCCAACTAGGACAGAAGCACGTGACGATTGTAGTCGGCGCAAGAAGTCTCCAATCGGCGAAGGAAACCGCCGATAAGCTTGCTGCTGAAGGCATTGATGCGTACCCAGTGGTTCTTGACGTCACTAAGGACGCGGATCGCAAGGCTGCCGCCTCGTTCGTTGCCGAAAAGTTCGGC
NZ_CP030840.1_gap53	1947476	1948076	600	TTTCTCCCAGATCGAGGAGGACCCCGCCCGGGTGTCTCGATGGCGCACGGCTTCGCGGGAATACAGGAGCATGGCATTGAACCGATGGCTCTGCATTTGCCCGCGCGGGCTTTGTGGTGCTGGTGCATGATCATCGCAACTTCGGCTCAAGTGGTGGTCAGATTCGCGGCGATGTTGATCCCTGGACGCAGATATCGGACTGGCGGCGAGCGATCTCCTATCTCGAAGCAAGGCCAGAGGTCGACTCGGAGCGCTTGGGTGTATGGGGAACAAGCTACGCTGGCGGCCATGCTATTGTTCTGGGCGCTACTGACCGCCGCCTCCGGTGCGTGATAGCCCAAGTCCCGACGATCAGCGGTTTTGAGCAAGGACTCAGAAGGGTCTCGCCTGACATCCAGCTATCGCTCGAAAGCGCATTCAACGAGGACGAAAGAGCTCAACTGCGCGGGCAACCGCCTGCCCGGCAAGCAATCGTGATTTCCGATGCTTCAATTCCCGCTGCATATCAGACGCAGGAGGCAATCGATTTTTTACATGCAGCCCCTACCACAAGGACTCTGGGAGAACGAATTTACTCTGCGATCCATACGAGAAGCCCGG
NZ_CP030840.1_gap54	2005476	2007873	2397	ATCTCCGTTCCTCTCTGCTGCCGTTGGAACGAGGAACTGCTGCGCTATCGATGTGGAGCGGCGATTTCCCTCATAATCGGCGAAAAAGAACGTATGGTTCTTGCCGTCGTAGAGGTGCGGGATCGTCATCGGCCCGCCGAGGGATCCGCCAAAGGTATTGAAATGCTTTGGCGCCTTCCCGGAAAATCCGTAAGGGTCGGCGTCCAACGCATCGTTTTGAAGATAATCGAAGACGCTTCCGTGAAGTGAGTTTGTGCCGCTTTTGGTGGTGAAAGTCACGTCGCCAACCTGGGAGAATTCCGCGCTATTGTTGAAGGAGGTCACTTTCACCGCAGCGATTCCCTCTTGCGACGGATAGGAATCCTGCAAGGCGCCATTCTGTCGAACATTAGCGGTCGAGATTCCATCCACCGAAAAGTTGACCATCGACGAACTAGCGCCCCCTAATGCGATATTCCCGGAGCTGTCTTGTTGGACATTAGGAGACAGCATGAGCGCGCCGAGCGGACTTGTTGTTGTCGCCCGATTGTTTAACGGCAGTTGGGTGATTTGCTGATTATTCTTCGAGTCCCCGACCGTGCCGTTCTCAGTGTTGATTAGTTCGGCATCGGCGACGACTTCCACGCTCTGCGCTTGAGACTCGACGGAGAGTGTAATCGGAATCCGCAAATCCTGACGGGCCTCCAGGGACGCGGCTGCAACCACGGCCCTGTTGAAACCGGAATGCTCAACGGTGATCGAGTAATGGCCGGGCTTCAGGTTTTCGAACAGGAATTCGCCTGCATCGTTTGATAGCATATCGCGGTCAGAGCTCTGATCAAGCGAGTGAACCGTAATCGTTGAGCCAGGAAGTACTGCGCCGGAGTTGTCCTGTACCGTGCCGCGAATGCTGCCGAAGGTCGATTGCGCGTAAGCACTCAGTGTCACTGCAAAAACCGCAATTGCAATCGATGCCAGCCTACGCCCAATAACTCTTATTCGACGTCGAGGGGTTTCCCGGTACTTTAAGGTTCCCTGGGGGGAAGGGCAGCCGTTAAGCGTGCCGAGAAGAATTACGCGTTCCATCTGGAGATGCAAAATGCCGTGCGCCACGGCCGCCGAAGTATGTCGTGCGTCTATAGGTGTTCTCATTTGAATGGTGTCCGTTTCCGACGGGGGTAGACCCGCTCACCATTAGCTGACAACAGAACCCATTAGCGCGGCGTAAAACATCTTAGAGCATTTATGGACTCTTTATGGAAAATGCAATCGGGCGATTTCTGCTGAGGCACTTATATCTTACTTACAGACCAGTCGTTAGTCTGTTATTGGTGACTGACTAACCGACCGATGAAAAAGGCTGCATACTTCCCAGCTGCTTGGCGCGTGATGTGCGTATTCACGCTTCTCGGAACACTAACCTACGCAGGGCTTAGCTTCCATATCGATATCTTCATCGAAGGTTTCGTGTTCCTGCTTCCGGTTCTGCTCATCTCCGTTCGGTGGGGCTTCCGGGAGGCGACTATCGCTTCGATTGCATCGGTCTTGTGCCTGGATTATTTATTCACAGAACCTCGCTACAGTTTTTACATGGCCGCCCGTCATGACTGGGTTGCGTTATGCGCCTTCGAGACCTTGGCACTCGCGGTGAGCGGACTTGCGGCCCAAGTCAAAGCTCAGGCGGAGAATGCCCAACAGCAGCGACTTCGCTTTGAGAGGCTCTATCGCATTAGCAAGGAGGCCTTCGTATTCGACCAGACACAGTACTGTGGCTCTCAACTTGTCCAAATCACAAAGGACGTGCTTGCAGCCGATGGTGTCTCTCTCTGGGATGCAATTGCGCTCAGGACCGTAACGTTTGGCGACATCGATCTTGATCATGAGGATCTCCGATCGTGGTATGAGGATTCGCATGACGAGATGTGCGTACAAGGAAAGCTTTGGATGCAAAGGCTTCGAGTTAGTGAAAAATCCTTAGGTGTGCTCTGCGTGTCTGCACGGGAGATCGACCCGCTAACCCTGGCTTCGGTCGCATCCATTGCGGCACTCGCATTAGAGCGAGCTAGAGCCTTTGAGGAGAGGAGCGACGCCGAGGCGGCAAACCGGACCGAACAGCTAAGAAGCGCCGTTCTTGACGGTCTGGCTCATGCATTCAAGACACCTCTGACGATCATTCAGAGTGCCAGTTCCGGACTTTTAGAAATCCGGAGACTTGACGATCGACAAAGAGAGTTGGTCGAATTCATCGATCACGAAGCAACGCGTCTCTCGGACCTAACCACGCGGCTGCTCACAACTGCGAGGCTCGACGGTGCAAGATTGGAAGTTCACCGGGAGCAAGTGCTATTAACGGAACTTGTCGACCGATGCTGCATCGACGTTTCGTCGGGTTGTGCCGACCACTGGCTGAGCTGTGAC
NZ_CP030840.1_gap55	2016849	2018233	1384	ATGCCCTCGTCCATGCAGATGTCAATGACATTGGCGCCATTTTCGACCTGCTGCCGGGCTATGCTTACCGCTTCTTCGTATTTCCCTTCCTTGATCAGCCGCGCGAATTTGGGCGAACCGGCCACGTTGGTCCGCTCGCCGATCATGATGTAGACGCCCGGCTGCTGAGTGAATGGTTGTGACCCGGATAGACGCAATGGCTTTACTACAGCATCAGCAATCGCAGCCTCTACGACACTCCCGCTTTCGATTATGCTCATGCTCGGCTCTCACCCTGGAGAGCGTAGGAACCCTCAGTCATCGTTGTTCCCCATTTTCTCGGAGCCTGGCCCTCAAGCGCCTTCGCAATCGCCGCAATGTGCTCAGGAGTATTGCCGCAGCACCCGCCGGCAATGTTGATCAAACCCGCCCGCGCGAAGTCGCCCAGGTAACGAGCCATGTCCGACGGTCCCAAATCGAAGCCGGTTGCAGAGAGCGGATTGGGCAAACCCGCATTGGGATAACAGGAAATCGCCACGTTCGCCTTCTCCGAAAGTTCTTCCAGGAACGGATACATCAGATCGGGACCAAGCGAGCAATTCAGACCTACGGAGAGCGGCTTTACATGCTGCACCGCATTCCAGAACGCCTCGGTCGTCTGCGCCGAGATCAGGGTCTCCCCGCCCCGCCCCACCGCCGCCGAGATCATCACCGGCAGTTCTCTGCCGTCCTGGTCAAACACGTCGCGGATAGCCACGAGCGCTGCTTTGGCATTCAAAGAGTCGAAGATGGTCTCGACCAGAAGCATGTCCGAGCCACCGGCGATAAGCGCGCGCACTTGCTCCATGTAGGCGGCCTTGACCTGATCGAACGTGACTACCCGGAAGCCTGCATCATCGGCGTCGGGCGAGTTCGAGAGAGAGACGGTCAGCGGCCCGATCGCTCCCGCCACGAACCTTTGACGCCCGGTCGCGCTCCCCACGCGCTCGGCCCACTCCCGGCACTGCCGCGCTGATGTCTCGTTGATCTCCCATGCCAGGCTGCTCAACGAAGCATCCTCGATCACCTTTTGGTAGAACTCTGGATCCTTGCGGCCGCCATGCTCGCGAGGGTCGTCGACAAAAAATTCGCTCTGGGTAATGCTGGTCGCACCAAACGTGTTCGTCTCGATGATGTCCGCGCCTGCCTCCAGAAACCGCCGGTGTATGTCACAGATCATGTCCGGCTGGGTCAGCGAGAAGAGGTCGCCGTTATTCAGCAGATCCTTCGTCGAGTTCTTGAAGCGCTCCCCGCGAATATCGGCTTCGGTCATGCTATAGGTGCGGATCGTCGTGCCCATCGCTCCGTCAATGATGGCGATGCGATTTTCGAGAATCTTTTGCAAAGGGTGTTGGCGCTCTGAATT
NZ_CP030840.1_gap56	2022385	2026740	4355	CCATGAGAAATACAACCTTGCCCCGCGCAGCCGCCAGCGTGGGCCAATCGTTGTGCAGCACAGCCTCCTCGAGGGTTTTGTGTTTGCCACGCACCTGGTCCGGGACAATCAGTTCGCCAGCTGAAAATACCGACCGGATTTCTGCATCGAGAGCGTCGAACGTCGCCGACGTGAAGTGTTCCGTCGGCGTCGCGTGATACTCGGCAGGCAGGTCACTCTGCTTCGTTTCGAGAAGAATATAGACAGGCAAATGATTCGGATGGGACTGAGACCATTCACGGACGATCTTGAGGCATGCGGTGAGCGGCTGGCAGGTGCTGCGATAGTCGAAATCCTGAACATGCATGACTTTAAATCCAGGCTTGTTCATGATTCCTTCGGGATCGAACTCCGGATCCTTCGCCAGTCCCGCAGCGGCGACTGCGTCCGGCCCTTTTGGGTGCGCATAGCGGCCGCCGTTGCTGTCCGCGTAAATGTCGAGTTCGATCTGACGTATGCCTGAGTTCAATTGCTGATCGAGCGGGCGATGTCGATATTCGAACGCCTGATACAGTTTTGGGTTCTTCGCCTTCATTAACTTCGCTTCACTCGGCGCAATGCCTGCATGATAGCTGTTATGCGACCCAATCACCTGAATCTGATTCATCTTGACCGAGTCGTTAGCAGCCGCCACGGCCACAGTCTGCAAAGCCAGAGATAAGGCGGCGATACAGACTGTGCCGGACCCATTCCTTTTCATCAAAACCATCTCCATAAGTGTGAACTTCGTCTAGCGTCTAGAAGGACAAGCGCAGGGCTACCTGCACTTGGCGAGAAGGATAGGCATTCGACGCAGTGTAAGTGCCGAAGCTCGCTCCATCGGTGACTGTTGTGTCCGGATACTGAAAGTTGGTTGAGTTCAAGACATTGAATGCCTCAATGCGGAACTCAAGGATTCTGCTCTCCGACCATAGCTGGGCCGACTTATGCAGCGACAAGTCGAGTTGCGCGAACGCCGGACCAGCGAGAGCGTTGCGGCCCGCGTTGCCGAAGTACTGGCTCGGAGAGGGAATGCTCACTTGACTCGCCAGCAGGGTGTTGCTCAGAGCACTCTTTGTCTTGACATAGCTGGATTTAGGCGCGTACACGGCCTGAGCTGTAGTTACCAAGTTCGGACGCACCGCATACGCCGAGCTGGTGCTCGATACGACATTTTGAGCCGAGGGCGTATAGGTCAAGTTGATCGGCAATCCGCTGGTCACGGTGTTGATGGCCGTCACCTGCCACCCTCCCAGAGTCGCTTGTTCCCAACCGGGAGCATTCTGTCCGAACATCCTGCCCTTGCCGAAGGGAAGGTCTGCGATGAAAGACAGGGTGTCATTCAATGGCTGATTGTAGCTGGAGAGGCCGCGGTCTCCAGCCGGATTGTAGAAGTTAACCACCGCCCCATCCCCGCCATAGGTCTCCAGATCGGCAGACGCGTTGTTGATGGCCTTGCCCCAGGTAAAAGAATTAATGAGGAAGATTCCGTCGCTGAACCGCCGTTCAAGCTTGGTTTGGAGTGAGTTGTAAATGAGAAATCCCTGGGGGAGCGCAGTCAGGATGTTGGTGAAGTTGGCGATCGGCCGCCTCTGCTGCTGAGTCAGGCATCCTACGCCGACGTCGCAACTCACTGGCTCTGTGGCACCCTGATTGAAGTCCGCCAGGACGGGAATGCGAACTCCGTGGCTCCCCACATAAGAGACCTCAAGCGTGGTGTTTTTCATGACTTCACGCTGAACGGTGAGGTGAAAAGCCTGCACATACGCCGCATTGAAGTTCCTAGGAATATATCGCGTCTGGGCCTGCAGGGTGGAGAAATTCTGCGCGGTCGCGAAGTTCGTCTCATACCCGGATTGGGTGGTCCGGAAACAAGTGGAAGGATTGTCGGTAACCGACGTGCAAAGTTGCTGGGTGGCCCCGCTCGCCTGACTCGGAGGCGTCTGGTTGATGGTCGCATCCACAATGTAGGGGCCGTTGTAGCCGAGGGTGCTTTCGCCGCCGAAACGGAAGTAATGCATGAACCCGATACCGTAGCCGCCACGTACGACCGTCTTCGGGTTCACTTCATAAGCAAAGCCAAGTCGCGGGGCAAAGTCCTTCTTGTCGATGTTGACGAGCGATCGGTTATAGAGCGAGCCGCCCGATGCTTGCAGCAGCGTATTAGTCGTCGGATCGAAGTTCGCCAGATGATTATGTTGCTCCCAGTTTGGTGTCACCAGTTCATAGCGAAGACCCATATTGAACGTCAGCCGGTCGCTGAACTTGAAGTCGTCCTGAAAGTAGCCCATGTACCAGCGGCGCTCATAGTTGATCGTCGCCAGATTATTCAACTGATAGCTATTGCGGGCGCCGACCAGGAAGTCGGCGAGGTTATAGGCCTGGATGTGCGCGGCGTCGGTCGCTTGTGTTGCCGTGGCTCGGCTGAATTGGCCGGCGTAAAAGTCTTCCCCGAACTGCGGGTGAAAGTCCGATATCGCCATGTTGAAGTAGCCGTATTCGCCGCCCATCTTGAGGCTGTGACGACCCTTCACAATGCTGTAATTGACCTTGGGATTTGCGTCGTAAGGATTGGTAAACTGCGGATTTGTCGTCTGCCGGCCGAACTGCGAGTAGCCGGTAACTGCCTGGCTGTTCAAGCCTCCGGTGATCGATGGATCAGTCGGAATATTCGGGATGTTGAACTCTGCGAGCAGGTTTTCCGCGCCTATATTGACGGGCGACTTGCCGCTCCTGGTCCAAGTGAGGCCGAGACGAAGCTCTAAAATCGAATTCGCTGTCGGGGTGAAGTTATATCCTCCCGCTATTTGCCGTGTATACGCGAAGAGCGTTCCGTTGCTGTTTCCTCCCGCCAGACCGGGTATGTTCGGGGCCAGAAAATAGACCCACGAGTCCTGGCTATAGCGCGCGAAGGCTGTCGAGCGGGGGCTGATGTAAGCGTCGACGCGGCCATCTCCCTTGTTCACCGTCTCAGTGTTGGCTGGAGTCGAGACGAAGTTGCTGCCGCCTGCCGCAACATTAGTGTTGGGCGCCGCATCTGCCTGCAGAATACTCAAGACCTTGGCCGCAAACGGACTCTGATCGGCGGCGGGGATCACGCCGTTAGCGTACTGCGCACCGGTGATCGGGTTGCGCAAGGGAATCGGGTTTCCTTGTGGATCGGTGAAGATACCCTGCGATTGCGCTGGGGTCGGAACTACAGCCGTCTGAATAGAGTGGTCGACGTGGCGCAACCCTTCGTAATCCGCAAAGAAGAAGAGCTTGTCCTTCTTGATCGGCCCCCCGAACGTGCCGCCAAACTGGTTCTGCACCAAAGTAGGCTTGACGCCTGTACCGATGAACGGCCCGTAGGCATTCAAGACCGTGTTTCGCAGATAGTCGTAGAGAACTCCATGAAACTGGTTGGTCCCACTGCGGATGGTGGCGTTAATGATGGCTCCGCCAGCGCGCCGTATTCAGCGCTGTAATTGTCCGTCTGGACCTTGAACTCCTGGATTGCGTCGGGCGAGGGAACGATCGCCTCGTTCGAATATCCCTGGTTCGCGCTCTGGTAGGCGTTATTGTCGATGCCGTCCAACTGGAAGTTGTTGACCATCGAGTTCAGGCCGTTGACGTTGTACGAAGCGTCTCGGCTAGGAAGGGACAGCACTTCGAGCAAGGACTTGCGCACCCCTGGAACCAGAGTCGACAGGTCGGCGTAGGAACGCCCGTTCAGCGGGAGGGTGACTGCTTCTTGGGCCTGGACCGTCTCGCCTCGATCGCTGGTGTCCGTTTCAAGCTGGCTAGCAGCTCCTGAAACAGTCACAGTCTGCGCGTCGCCACCCAGCTTCAGCGTGAGCGAGACTCGCTGTCTGGCGCCCACCGTCACTGTGAAATGGTCGGTCTTCGAGGTCTCGAAACCGGGAGCCGATACGGTGATCGCGTAGTCTCCAGGCAATACATTTGTGAATTCGTAATTGCCGTTGGCATCAGTCGCTCGGGTAACAACCACACCCTTTCCCGAATCCTCCAGCTGAACCGTAGCTGATGGGACACTTGCGCCATTCGGATCGGTGATGCTTCCTAGAACGCTTGCCGAGTCAAACTGCGCATAGGCTAGGGGATGGATGGCTTGAACGATCGCGAACAGGACCAGGGCCGCACTCGCGAAGAACCTGGGAAAAGAGAGACATCCGCTCCGGGGCCTAGAATGGATAGACTTCCTCGACATAACTGCTACTCCTATGCTCGATGGCCGATGTGGAGATCGTCCTCTTTCCGAACTCTAGCCAGTAGCAGCGGGATGTACCCAGTCATTTCGCAGTAGCACCCATGTTAAGCGGACTAAGTTCAATTGG
NZ_CP030840.1_gap57	2045378	2048442	3064	GTAAGACCACCATCATCGCTTTCCTTGCGGCTCAGCTCTACATTCTCCTACGCGACCGTTCAATGAGTCGCCGAACGAAAGCAATGTTCACTCTTGCTGCGGTGCTCGTAGTAGTCGCGTTCTCAAGCCTGCTCACGAACTACTACGACGTATACACGAATGCTGGAACCGAATCTGAAACGCTGACGGGTCGGTTGGGCATCTGGGCCTATTTCCTGAGTGAAGCCATCGATAAGCCCTGGCTCGGTCATGGCTTTCACTCGGTCTGGCTTGTGATTCCACCCTTCTATGATGGTTTCCAAGCTCGTCATGCTCATAACGAGCTGCTGCAGCAGTTCTATGCCTATGGAGCAGCCGGCATCTTCATGCTGGTAGCGGCTTATGGCAGCGTGTTGCGTCAATCACGCAGGCTCACCGACGCTTCTTTGAGGACCTTCCTGATCGGGATGCTGATCTTCGCTGTAGTCCGCGGACTTGCGGACACGGAGGCATTCGACCTTTCTCTTCCCACCTGGTTTATTGCGATCATCGGCGCCCTGATCGAACAATCTCGGCAAAGAGATCAGCAGAGTTTCAGCCGGGGAACGGCATGAGAGTCGTCATCGCCCTGGCCTCGTCGAGCCGCCAGCTTTCCGGTGTGCAGCGCCACGCGATCAACGTGGCACGATGCCTGCTCACGACCAGCGACGTCTCTGCTGTTCATCTTATCGCTGCACCGTGGCAGCAGGAGTTTCTTGAGGATTGCGTTCAGGATTCTGATGGTCGCTTATCTATCCACTCCGCGGCCATAGGTGAGAGCGCTCTCAGCCGCAATCGGTGGTACTACACGCGGCTTCCGCAGCTCGCCGCCGAGTTGAAGGTGGATATCGCCCATCTCGCCTATCCGGCGCCAGTTAAAACCAAGGCATTCCCTTGTCCGGCGGTTGTGACCTTGCACGACCTTTATCCCTATGACATTCAAGAAAACTTTGGGTTCCCAAAGGTATTGTTCAATCGCCTCGTTCTAGGACAATGCCTCTCAGGCGTGGACGCAGTCGCGTGTGTCTCTCATGGCACCCTCTCCCGGATGCGCCATTTCTACCCTGGGCTGGCAGAAGCGAAGGCCGTTGTTATCTCGAATTGTGTCGAGTCATATTCGGCGGCCACCGGCGATTCTTCGTTTCTGAAGACAGGTGAGAAACCGTTTCTTCTCTGTGTTGCCCAACACCGTCGCAATAAGAACATCCTCTTCCTTCTCCGGATCTTCAAACGCATGCTTAGTTCGGGGCAGCTCTCGCGAGAGACGCGGCTTGTCATCATTGGCATTCCAGGGCCGGAGACGAAGCGCATCCTACACTTCCTCGCCGCGGAAGACCTCACCTCGAACGTCAAGTTGGTAAGCGGGGTCTCCGAAGCGGAGTTGCAATGGTGCTACCGGAATTGCGAGCTGCTGCTGGCTCCATCGATCGTCGAGGGTTTTGGCCTTCCTATTGCCGAAGCTCTGCTTGCCGGTTGTCGCATCATCTGCTCCGACCTACCGGTTTTTCGCGAGGTAGGCGGCGATCACTGCCGCTACATTCCCTTGGGCTCTGCGGCGGAGCAAGCATTCGTCGACGCCATCTGCCATGCCCTTAGCCAACCCGTTCCCGCTCCTGTTTCACTGCCGCAACTATCGGCGTCTGTCATAGGAAACCAATATATGAAGCTCTACCAGTCTCTCCAACTACAAGAGAGGCGTGGATGCGCAGACCTCCGGCCTGCATCGATGCAAGACACACAAAGGAAAGCGTAAGCATGATTTCCACCAAACCGGCTGCCGCGGCAAGAGTGCTTGGCGTCGCTGTCGAAGCCCTCAACATGAATCTCGCCTTAGAGCGTATCGCGGGCGAACTCCACGAACGTCGCAAAGGATATATCTGTCTCACCGGCGTTCACGGCATTATGGAGGCCCAACGCGATCCGCGTCTTGCCGAAATTTATGCCTCGGCCGCAATGACTGTCCCGGATGGCGCGCCAACCGTATGGGTAGGTCGTTGGCAAGGCCATAGCTCGATGCAGCGAGTCGCAGGACCTGAACTCATGCTCGAGTTGATGCGCCGCAAGGAATTCGCGGGCTACACCCACTTTCTGTATGGCGGCGAAGAAGGCGTAGCGCAGCGGCTGCGCCAGCAACTGACACTCCGCTTCCCATGGGTCCGCATCGCCGGTACCTTTACGCCCCCGTTCCGGGATCTGAACGAAGTCGAGGAGGACGCGCTCCTCGCTGCGGTCGACGAGCTAAGACCCGATATCATCTGGGTAGGCATTAGCACCCCGAAACAAGAGCGCTTTATGCATCGCTACTTGCATCGATTGAATACGACTCTTATGTTCGGTGTGGGTGCAGCCTTCGATTACCATACCGGTCGAATACAGGACGCTCCACAGTGGATCAAGGTTATTGGTATGCAGTGGCTACATCGGCTGGTTCAGGACCCACGACGCCTGTGGAAGCGATACCTGCGTAATAACTCGTCTTTTCTCTGGAACATTGCCCTGCAGCTTACCGGCTTGCGAGATTACCCGCCTATCCACAACGAGGTCGAAAGCTGGCGTGCGATCCAGCCTTCTGAAGTATCGAAGGCAGGATGAAACTCCTCTTTTAAGCCGCAAGCACAGGCATCAATCCGTAGGCCTATCGGCCTTGTTCTTCGCCTGCAGGGTTTCCAATAGATGTCGAGTGTAGAGTCCGGTGGCAATAAAACTTGCTTGCTGCTGAACCATTTCGTAGAGCACTTCCTCGCCAATCCGGTCGATCGAGGTAACATCGGTGAGGTCGACAACACGCAGCCGCCGACATCCCTGACTCGGTGAGTTTCGCCACCTCTCACTCAACTCCGCGGCAAACTCTCCAACTAGCTGGCCCTGAAGGACCCATCTCTCTCCCGATGGGTTCTGAACGACTGTAATTCTCAACATGTCTTCTTTGGCGCCGCACCGGCAAACAACATCGTCGCATTCAATGGAACTGTACCTGACGTTCTGCAATATCCAGAGAACTCGATGTCAATGTTTACGCAATCGGGTGACCAAAAACAGGAACTTT
NZ_CP030840.1_gap58	2052517	2056659	4142	ACGCGACTACGTCACCATTCTCTTTGGCGGCCTCACCTGGAAGCACGAAGAGATGATCAAGGCGGTCTTTCATGGCAGCGGTTATCGCTGCGAAAATATCCCGACCCCGGTTGTTGCTGACTTCCAGGCCGGGAAAGAGTTCGGGAACAATGGCCAATGCAATCCCACTTACTTCACCGTTGGCAATCTGGTGCGCTATCTTCAAAGTCTCGAAGAGCAAGGGCAAACCAAGCAGCAGATCATCGACAACTACGTCTTCTTCACTGCTGGGTCTTGTGGCCCGTGCCGCTTTGGCATGTATGAGGCAGAATACCGGTTCGCCTTACAAAATGCGGGCTTTGAAGGCTTTCGAGTTCTACTCTTCCAACAGACGGATGGCATCAAGGCCGCTAGCGGGGAGCCTGGGCTTAAGTTCTCAGTTGATTTCGGGATGGGGATGCTGAATGCGCTTAACCTGGGCGATGTTATCAATGAGCTCGTCTATCAGATCCGGCCTTTTGAAGTGACTAAGGGAGAGACAGACCGTGTAATTCGCGAATCGGTCAAAACCCTTACCGATACTCTGCGCGACCGGAGGCGCTGGCACATCCTGGAGGCTGCGCCGGGGTGGGCTAAGCCATTCCTTGAAGGACACGCAAAATTTACGGGGATCAGTTGCACGCTCGGTAAAGTAGCTCAAAATGTCTACGGCAAAGAATACGTGGATGCCCTCCATGCCTGTCGCGATAGCATCAACTCAATCCAGGTAGATCGTTTGCGGGTCAAGCCGGTAATCAAGATAACTGGAGAATTCTGGGCGCAGACAACAGAAGGCGATGGCAACTTCAACATGTTTGCTTTCCTCGAGCGCGAGGGAGCGCAGGTTCTGGTTGAGCCCATTGCGACCTGGATTGCCTACATGATGTACGTAGCCAAGGAAGGGGCAAAGGCCCGCGCCTACGCAGAAGCTCCCTACCGCGACCCGAAGTGGTATGAAGTCAAGAAACACCTTGCCAATGAATTGAAGTTGTTGAAGAAGACCGGTGGTCTTAGTGCTGGAAGTGCGATGTGGGGTTATTTCTATCACCGCACAATTAAACATTTGGGAGACACCGCGCACCATCTCATCCCCCAGAAGGAGTTGTCGCGGCTGGCACATCCCTTTTATCACCAGCTCGCCAGGGGCGGCGAGGGCTACATGGAAGTCGGTAAGAATGTGTATTACACGGTGAACCATCTGTGTCACATGGTGCTAGCCTTGAAGCCTTTTGGCTGCATGCCTTCAACTCAGTCCGATGGCGTACAATCGCGGGTCGTCAACAAGTTTAAAGATATGATCTTCCTTCCCATTGAGACCTCTGGTGAGGGCGAGGTGAATGCCCACAGCCGCGTTCAGATGGCGTTAGCTGAGGCGAAAGCCAAAGCGCGGGCGGAGTTCGATGGTGTACTGGTGCAAACCGGAAAGTCATTGGAAGATCTCCGCGAGTATGTCGACGCACACCCGAAACTCAAGCATGCACTTTATAAGGTTCCGCATCGCGAAGGCGTTGCCGGAACTGCGGCACAGTTTGCCTGGCACGTCAGCGACTTGATGGATCGCGACAGAAAGTATCGTCGCCCGGCGCGCGTTTCTTTGCCGGCATCTCAGGTTGCCTGAAACTGGCGGCGTCCGCGGCGGTCGGCGCGCGATCCGGTTGTCGTTACAACCATTTCTTTGCGCCACGACCTATCGACCGCGGCGCAAAGACTGGTGTTTCACTAGATCGTTCAGGGTAATGCAACAGAAACGTACGCGAGCTACTATGGTCGGCCGCTCTCCCTGGTGAGGCGGCTGGTTGTAGTGCGGAGACGGGCATGCAGAGTTTTTTTGTCGGTTTAGATGTCGGCTCAACTACAGTGAAGGCCATCGTCGTCGACGCAGCGACTGACAGGACGATCTGGCAGGATTATCAGCGCCACGAAACCAGGCAGCCGGAGAAGGTCCTGGAATTCCTCCGCCGTATGGAAGATGAATCACGGATTGCCCCGACCAACACGCGCATCTTTATTACCGGTTCAGGCGGTGGTGTCATCGCTGAAATGATCGGTGCAAAGTTCGTCCAGGAGGTGCACGCGGTCTCTCTCGCCGTGGAGAAACTGCATCCCGAAGTCTATTCCGTAATCGAACTAGGCGGTCAGGACGCCAAGATCATCGTCTTTAAGGATGACGAAGAGACGGGACGGAAAAAGAAGATTCCGTCGATGAATGACAAATGCGCGGGCGGCACGGGAGCCGTCATCGACAAGATCAACGCGAAACTGAAGATTCCGGCGTCTGAATTGTCGAACCAGGCTTATCACGGCATCAAGCTTCACAAGGTGGCTGGCAAATGCGGTGTCTTCGCTGAGACCGACATTAATGGCTTGCAGAAAACAGGCACACCACCAGACGAATTGATGGCCTCGCTTTTTGAGGCAATTGTCCTGCAGAACTTAAGTGTCCTTACTCGCGGGCACACCTTGCGGCCGCATGTGCTGCTGTTGGGCGGCCCGAACGGCTTTATTCGGGGCATGCGCGAAGCCTGGCAGGCAAACATTCCACGCATGTGGAAAGAGCGTAAGGTCGAGACGCCTGAGGGCATCGCTCCCGAAGAGTTGATTAAAGTGCCCGACAATGCGCAGTATTTTGCAGCACTTGGTGCGGTCGAGTTTGGTAAGGATGAGGAGCCTACGGTCGGCCGCTATCTCGGCACGGAGAGGCTCGTCTATTACATCGACTACGGCAGAGCGGAAGAGAAAGCGGATTCTGGCGGTAGGGGTTTAGCTGCTGAAGACGCTGAGTTGGTGTCATTCCAATCCTCCTATAAAAAGAACAAATTCATTCCGGCGCCATTCCTCCCTGGCCAGGTTGTCTTGGGCTTCATCGGAGTGGATGGCGGATCCACGTCAACCAAGGCCGTGCTGCTCGGAAAAGATGGCGAGATTCTCTGCAAGACCTATCAACTCTCCAATGGCAATCCAATTCAAGACACCATCGAGGTTTTCGAGAAACTAAGGAACCAGGTGGAAGACAAGGGAGCATCGCTCGAGGTGCTCGGGGTTGGCACCACGGGCTATGCCAAAGACATTCTCAGAGATGTGCTCAATGCCGACGTCGCGTTGGTTGAAACCGTAGCGCATACCGAGTCGGCGCTCAAGTTCTACGACGATCCGCACGTGATTGTCGACGTTGGCGGCCAGGACATCAAGTTAATAGTCCTCAAAGATGGACGAGTCAAAGACTTCAAATTGAACACTCAGTGTTCAGCGGGCAATGGGTATTTCTTGCAGTCCACCGCTGAGGGTTTCGGCCTGAAAGTTGAAGACTTCGCTGACGTCGCTTTCTCAGCCAAATCAATGCCCTCCTTTGGCTACGGCTGCGCCGTTTTCATGCAGTCCGACATCGTTAACTTCCAACGCCAGGGCTGGCGATCGGAAGAGATCCTCGCGGGACTCGCCGATGTGCTGCCGAAAAATGTGTTCCTCTACGTGGCGAGCATTCCGAATCTGGCTGCGCTGGGCTCCCGATTTGTTTTGCAAGGGGGCACCCAAAACAATATGGCTGTGGTGAAAGCAGAAGTCGATTTCATCAAGTCGAGCTTCCGCGCCAACGGGAAAGAACCAGAGATCATCGTCCATGAGCACTGTGGTGAATCCGGCGCGATCGGTGCGGCGCAGGAGGCTTTACGTCTTTGGGGCAATGGAAAGCAGACAACCTTCATCGGCCTTGAGGCGGTCGCAAATATCAGCTATCGCACCACTCGCAACGAAGATACACGCTGCTATTTCTGCAAGAACAATTGCCTGCGTACCTTTATCGATGTCGACGTGAATGGCGGGCAAGCCGTTGCGGCCGGCAGCGGCGACCGCGCAGCCAGTGCTGAAGAGGTTCAGCAAGCTGCTAACTTGTTGCCGAGTCTCGAAGAAGTGCAGGCTAATTTGCCGCCGGTTGAGAAGCACGGATCTTCATGCAGCACGGGAGGAGGATGCGGCACCAGCTCATCTTCTCCTTTCAAGGCCAAGGCGGAGCCTCTCATCCAGATTCAAATTTCTCCGGGATCCAGCAAAGTAGTGGAACTCCCCAAGCCAGTCGCATTTCAGCCGCGAAAGACTAAAGTCCCTCTACGCTTGGGTGAACAGCGCCT
NZ_CP030840.1_gap59	2086521	2089422	2901	CACTGGTGCCGTGGACGGTACCCTTCTTGAAGAAGACCAGTTGCCCGGGCCCAAGTTCAAACCCAGGCATCTCGCCCAGGAAGAAGCGCGCCCGTCCGGAAACCACCAATAAATACTCGTCGCAGGTTGCGTGATAATGGGCAGGCACCCTGGTGTAGACGCGGAAAACCCGGGCGCTTGCCTCCGGCTCATCCGTAAGGCGCGTGTCGATCAGCATCGTACGGGCTTCGTCGGGAAAAGCTTTGGCGATCGCGTGAATATCGAAGACCGCTGACTTTTGAGACGACTGGGCATTGGGGCTTTCAGACATTTGTGACCTCACTCTTCGAGGACGAACAACGTCGCATGTTTGTTCCCTTTGAACTACGAATTCGTGCCTCCTCCGACGCTCGCGCCATGACAGACTGAAAGAGTGAATGATCTGCATTTACCGCCCGATCCACTTCCTTGCGAGGCCGCATGAGTGGACGACCGCGACTGTTGCCCGGCCTGCGCGTAAGCGAGGGGTTTATGCAGCATCCCTTCGACGCCGCAGCCGGCGTCCAGACCAGCGGCCTGGTGAGCGGCCGCAATCTGAAGACGGGACACGCTCACGACCGGCACAACACCGCCTATTATGGCGTGGCGCCATCGGTCTTTCGGGAGCTGTGCAGACGCTGGCTTGGCTCGTCTCCGCAGATCCAGTCCTCACAAATCAAGCTGGAAGACCGCACTTTTATTGACTTCGGCGCCGGAATGGGCCGAGCCATGCTCCTCGCGGCCGAGCTGCCGTTTCGCGAAGTCCTCGGGGTCGAGATCAATCCTTTCCTGGGCCGGATCGCGGAAAAGAACATCGCTATTCAGCTTCAGTCCGAACAGCCCCGATGTTCGATGCGTCTGCTTCGTCAGGACGTTCTCGACTTCGAGTTTCCCGACAATCCTTGTGTCGCATTCCTCTTCAACCCCTTCAGCGGCACAGTCCTTCGGCGTCTCTTGAAGCGAATCGGGTCCGCATTCGAAGCTAGACCCGGAACGCTGGACCTGCTCTATGTCAACCATGAGTTCAAGTCGGTATTAGGGCAACATCGAGGCTTCGTTCAACTCTGGAGCGGAGACATCTTCAAATCGAGCGAGGACGAAGAGGCCGACCGCAACATCCTGCAGAACCAGCCTGACGGGGAGTATGCCGCCAGCGAGTACGAATCTTGTTCGATTTTTCGCTGGGTGGGCGTTCCTCGGTTGACACTTCCCCGGCACCGCAATGATGTCCGTGGCCCGTACAATCAAGAACGCATGACTACAAAACACTCCGGAACAATCCCTAAGCATTCGCCAAAACCCAGGGTCGGAATTTTATTCGGTGGCCGCAGCGGCGAACACGAAATCTCCTTGCTCTCAGCAGCCTCGATATTGAAGGCCATCGACCGGGAGCGCTACGAGGTCGTACCGCTCGGCATTACCAAAGAAGGCCGCTGGATTACCGCACAAAACGCCGAAGCCTTGCTCGCAGGCGACGCTGGGGCCCTACTGCTAGTCAGTTCTGCCAACCCTGATGCACCTGCCCCTGCCCGTGTGGAAGCGACAATTCAGCCGACCGCGCTCAGTCAATCACTGCACGTCGATGTCATCTTTCCGGTGCTGCACGGCACCTTCGGCGAGGACGGCACCATCCAGGGACTCTTCGAACTTGCGGACATTGCGTATGTCGGGTCCGGCGTGCTCGGTTCGGCCGCCGCCATGGACAAAGACATCATGAAGCAGCTCTTTGCCGCAGCGGGTCTGCCTATCCCGAAACACGTGGGTATCCTCCGCAAAGAGTGGAAGGCTGCACCCAGGAAAGTCATCAAACGTGCGGAAGATGCACTGAAATATCCAATGTTCGTGAAGCCGGCGAACCTGGGCTCCTCGGTGGGAATCAGCAAGGTCCATGATCGCAGGGAACTTGGTCCGGCCATCGATCTGGCGGCCACTTACGACCGCAAGATCGTGATCGAACAGGGCGTCGGAGGCGCAAAAGGAAAAGCTCGAGAGTTAGAGGTCGCCGTGCTCGGCAACGATGAACCTCTCGCCTCGGTCGTCGGCGAAATCGTTCCCGGCAAAGAGTTCTACGACTACGAAGCCAAGTATCTCAGCGAAGGTTCGGTGCCGATCATCCCCGCAAAACTGACAAGATCTGAATCGAAGCAGGTTCGCCAGATGGCGATCGCCGCCTTTCGCGCCTGCGACTGTTCGGGTCTAGCCCGGGTTGATTTCCTGATGGAGCCCCAGGCCAAATCTGGCAAGCCGCCTCGCATCTACGTCAATGAGGTCAATACCATGCCTGGATTTACCAAAATCAGCATGTATCCAAAACTGTGGGAAGCTTCTGGAATCGCCTATACGCAACTTATCGACAGGCTCATCGAGCTGGCCTTGGAGCGACGAGCGGAAAAAGACGAGACCAAATACAGCCGATAGAGCAACCGCAGGGAACTGGTGACAAGCCGGCGGTGTCAATTTAGATTGGAACTGCTCTGAGACAGCGCCGCTTGGCAAGCCCTTCTTGCGGCGACCCAAGAGTGCATCTTAGGCATGAGAGCACTTTGACTTCCGGGGCATGCAAGGCCGTCGGTCAGTGCGTTGCTTTTTAGCCAGAAAGCCACACCTCGCAACTCTCGGCTGTGATTAGAAGTGAGAATGCTCTAGAGGGAAGACAGAACGATGACGCTGCTCGATGCACCGCAGTACAACGAAAAACGGGCCAAGCTGGTTCGCAACCTCTCGATTGCTGCCCTGGTCATCGTTCTCGTCGGCGGTTTTTGCACGTTCTGGTTCTGGAATTGGCCGGCGGAACACCGCATCAACAATTTCATGGCCGTCGTCGAATCTGGCGATTTTGCCAAGGGCTTTGCCGAATGGAATCGAGACCCCAATTGGCAGAAA
NZ_CP030840.1_gap60	2116804	2119749	2945	CCGCCCGTAAAGTCGCCTGCACCGGCGCAACTCCCGTAGCCGCAACCAACTGTTTAAACTTCGGCAACCCCGAAAAGCCCGAGATCATGGCCCAGCTCTCCGCCGCCATCGACGGCATTGGCGAAGCTTGTAAGGCGCTCGGGACCCCGATCACAGGCGGGAATGTTTCGCTCTATAACGAAACTCGGGGCGAAGGAATCTATCCGACTCCAGTGATCGGGATCGTTGGGATTATCGACGATGTGACGAAGGCTGTTGGGTCAAGTTTTTCTAACCCAGGCGATGTACTGCTCCTCATCGATGCGGGAGGGTCCGCAGGCCACACAGCTATACAGGAATTCGGCTCCTCCGAGTATGCCAAGCTCATTGTAGGCGCGCTTTGGGGAAGGCCGCCGTATATGAACTCGTGGGCATTGTCGGTCGAAGCTGAATTGCACCGAAGACTGGCGGCGCTGGCGAAGGACGGCTTGATCACCGCCGCCATCGATATCTCAGACGGCCTGGCTGTAGCACTTGCAGAAGGTTGTTTTGCACAGAAAACCGGAGTGGACATAAACCTTATCGGTTATCCAACGGAAGTGCCTTCTGTGCGCTTATTTTCAGAGGAGTGTTCGGGGCGTGTGATCGTAGCCTGCTCGCCTCACAATGTCGAAAAAGTCGAATCCGCCTTTCGCTCGGGCGCTCCTAACATATGGAAGATGGGCACGGTGACAGACGGAACGTTCCGCATTGCAATTTCGGTCTACGAGGAAACAGATCGAAATCAATTTAGGAAGGTCGACAGTGTTACTTATATACACACCGATATATCGGAGCTAGAGGCTGCCCACTCTGGCACCCTCTCGTCCCTCCTAACCGAGGTACACGCGTGAAGACTCCGCGCCTCTTGATGGAGGGTGTTCCCGGCGCGGAGCCGCTGGAAGCGCAGATCCTTCGACTACGCCGCTGCGCGGCTCCGCGCAGGAGGACAAAAGTTGTGGAGGACGACGCAGACACCCTCCACGAAGAGTGCGGAGTCGTAGCCATCCACGGCCATCCCGACGCCGCGCGCCAGGCCTATCTCGCCCTCTATGCCCTGCAGCATCGCGGACAGGAATCGGCTGGCATCGCCACCGCCGACTACAAGAACCTCTCGAACATCAAGGGCATGGGCCTGGTCGCGGACATCTTCACCGACGACGTGCTGGCCAAGCTGCCGGGCGAGATGGCCATCGGCCACACTCGCTATTCGACGACTGGCGACTCGGCGCTGCTCAACGCGCAGCCGATTCGGGTGGATTCGACCAAGGGCCTCATCGCCATCGCCCACAACGGCAACCTCGTCAATCTCGGCAACATTCGTACCCGGCTTGAACGCGACGGTGCGTTCTTCCAGACCACCAGCGACTCCGAAATCATCGTTCAACTGATCGCGCATTCCCACGCCGGAACTCTGGTCGACGCGATCGCCGACTCGCTTTCGCAGGTCGACGGGGCCTTCTCGATCGTGATGATGACCCGCGACCGCATCTTCGCTGCCCGCGATCCGCGCGGCTTCCGGCCGCTCTCGATGGGTCGCATCGTCAACCCGGACGGCCCCGACACGATCGTCTTCGCCTCCGAGACCTGCGCCTTCGATCTGCTCCGCGCCAAGTGGGAGCGCGATGTCAAGCCCGGGGAACTCGTCATGGTCACCCAGGATGGCGTCACCTCGCGGCAATATTCTACCGGCGTCCCCCAGACCAGCTGCATCTTCGAGCATGTCTATTTCGCGCGTCCGGACAGCCGTATCTTCGGCCGCTGGGTGCAGGAAAGCCGCGACCAGATGGGCCGCCAGCTCGCCCGAGAATCGGGCGTTCCCGCCGACCTGATCGTGCCGGTTCCTGATTCCGGCGTGACGGCGGCGCTTGGATACTCAGCCGAAAGCGGTATCCCGTTCAACTTCGGTTTGATTCGCAACCACTATGTGGGCCGCACCTTTATCGAGCCCGAGCAGCGCGTCCGCGATTTCGGCGTGAAGCTCAAGCTGAACCCCGTCCGCAACCTGCTTGAGGGCAAGCGAATCATCCTGATCGACGACTCCATTATTCGCGGAACCACGAGCCGCAAGATCGTGCGCATGGTTCGGCAGGCGGGCGCGAAGGAAGTCCATCTGCGGATCAGTTGTCCGCCAACGATCTCGCCATGCTTCTATGGAGTGGATACGCCGCGGAAGAAGGAGCTGATTGCGGCGAATAACTCCGTCGAAGAGATTCGCCGCTACATCGAAGCAGACACGCTGGCCTATCTCTCACTTGATGGCCTCGAACAGGCCTGTCACGGCGTCGAGAACAACCATTACTGCACGGCTTGTTATACCGGGATTTATCCTACCCAATGGGTCGACGTGGAAGACATCTTGCCGGCGGCGGTAGGCGCCCGGTAAGCTGCTGATCACTCTGCTGCAGCTTCCACCTGCATCCTGCGAACCGGTGCCGTTCTTCGGACCACTCAAGTACAACCCCACGTTGCAGCCACGCTTCCCAAGTCGGTGGAGGAACTGCTATGCCTGCAGCCAAAAAGGCCGCCAACAAGTCTACGACCAAAAAGTCCCCCGCCAAAAGTGCGAGCAGGAAGAGCGGCGGACGGAAGTATAGTCCCAAGGCCTCAGAGTCGGTCGAAACCGAAATGCATGAGATGAAGCGAGGCAAGCTGAAAACGGGGACGGGCAAGAAAGTGACGAACCCGAAGCAGGCGATCGCCATCGGATTATCAGAAGCGCGGAAGTCTGGGGTGAAGGTTCCGCCTCCACCGAAGAAGTCAGCTTTGGCGAAAAAGACCTCCACCAGGAAGAGCAACTAACCTTCGAGGCCGTCCTACTCTTTACTAGGCGACGAAGTTGAAGCAGCCGCGCTCGTTGACGGCGTAGAGGATGAGCTATCCGAACTGGACTTGCTTCCGTCACCTGCGGATTTCGATGAAGAATC
NZ_CP030840.1_gap61	2275288	2278035	2747	AGCGGCTACGATAGACGCGCAGCTTGCCGTCAGGCACGTAATGTTCCGAGTCGCTCTTGATCGGGACCACGTAAATCGTCTCCGGCTCATGCGCGTGCACATCGATGGCAAAGCCGAAATCCGTTGGCAGATTGCCGCTCACTTCCTGCCACGAATCCCCCGCATCATCGCTCCGCATCACATCCCAATGCTTCTGCATAAAGAGCACTCCAGGCCGTTGCGGGTGCATCGCAATGTGGTGAACGCAGTGGCCCACCTCCGCCACGGGGTCGGGGATATGCAGCGAACGCAATCCGCGATTGATCGGCTTCCACGTCTGGCCTCCGTCGTCGGAACGAAAGGCGCCCGCTGCCGAAATGGCAATAAAGATCCGCTGCGGATCGCTCGGATCGAGAAGGATGGTGTGCAGACACATCCCGCCGGCTCCCGGCATCCAGCCCGGGCCTGAACCATGGCCGCGAAGCCCCGACAATTCGATCCAGGTTGCTCCTCCATCGGTCGATTTAAAGAGTGCGGCGTCTTCGACCCCCGCAAAGACGGTGTCGGGGTCGTTCAACGATGGCTCCAGATGCCACACCCGCTTGAATTCCCACGGGTGCGGCGTCCCGTCATACCATTGATGCGTTCCCGGAACTCCGTCATAAGTGAACTGGTTCCCGACTGGATTCCACGTCGCCCCGCCGTCGTCAGAGCGCTGGATGACCTGCCCAAACCAGCCGCTCGACTGTGAGGCATAAAGCCGATTGGGATCCGCTGGCGATCCCTTCAGATGATAGATGTCCCATCCCGCAAAGTGCGGTCCACTCACTTCCCACTTATCCCGCTTGCCATCGGAATTAAGGACAAACGCACCCTTGTGGGTTCCTACCAGCACCCGTACCTTGCTCATCGCCTCTCCTTGGGTGAAATGCACGACGGCGGCCGCAGGATTCGAGCCAACCGAAATGGATGTCAAGCATTCTAGCGAGTAGGGCTTCCTCTAGTCTTTAGAAAAGAAGAAGGCATGCTTATGAATTCCGAAATTCATTCCTGGCGGACCGCCGTCATGCAATACATCCGTCGCGAAGCCCAGCCCGTCGACAAATACGGCCATCAGCCGCGGCTCTACGCGCTCGCTCGTCAGATCGGGGCGGGATTAAGCTACGACGATGACGTCGTCTTTGCCGCCGCCTGGATGCACGACCTCGGCGTCTTTATCGGTCATCGCCCCGATGATCCCGCTGAGCTGAAAACCTGGGACAATGTCATCTACGCCATCGAACGAACACCCGAACTGCTGCTGCAGTTCGGCTTCCCTCCGGGAAAGGTTCCCGAAGTGATCGAGGCCATCCGCACCCACCAGCCACATCGAGATCCGCAGTCGATCGAGGCCACCGTCCTCCGGAACGCCGATATTCTAGAGCAGCTAGGAGCAATGGGCATTCTGCGCGCCGTCTCGAAGGTTGGCCGCGACACCCGTTACCCAACGTTCTCGGCGGTCCTGCCGGTTCTCGAGACAGCTTTAAGCACACTACCGGCGCTCCTCCGGCTGCCATCCGCCAAGGAACTCGCCGAGTCACGCATCGAAGTGCTGGAGCGGTTCCTCGCGTCGGTCAAAGTAGAGGCGAACGGCCAACTCAATTGAGCGGAAGGTTTTGTCACCCGAAACATCCGTTGCGGTTCAGGAGCCCGCTACCGTCGCCAGCCCCCGTCGCTTAAGGCACTCGCTTCAACGTCAAGTCGACACTTGCAGGAGCATCGATCGGCATCATCTTCCGATCCAACTGGGTCAGCCCTGCTCCGTCTGGCTGTAACAACAGATACTGCACCTGGGCCGGCCGGTCTGGGTCGAGCGCATAGACAGTCGCGTTCGGATCGACGGCGTCACCCTTAAGCACCGCCCATTGTCCTCGGTCGGTGAAACTCTGGTCCTCGCCCAAACCGCGCAGGTAGGTCCGTGTGCTCACATAGATTGCGTCGGTAAAATCAAATCTTCCCTTTGCGTAAAGTCGCAGTTCGGTTCGCAATCCAGAGCAATCCGCGCACGGTAATGTTCCCTTGTAGATGCCGGTCAACACCATCGATTTGGGCTCCCCGGAATTGATCGAAACGTCGACGAAAAAGACCTCCACAGGCCCTTGCGGCGCGGTCATCGCAGCAATGGCTCCAATCGGAAGGCTAAGGTAGCTTTCCCGACGGCAGCCGCGTTCAGATGAAAGGTCTGCAGACCTTCATTCTTTGTCTGCTTGGGAACCTTAAATTCACGGACCGCCGTCAACGGCGATGGCGTCGTCAGATGCTCTCGCCAGCTATAGCTACCGGGTTCAGTCGAGGGCAATGTGACGATAAGGGTGTCTCCCTCGACCAGGCTGATCGGTGATCGGTTGTCTATCGACGTCAGCGTGACCGTCTTGGCGAAGAGGGGCCGCGTAAGCACCACAACAACGACCACAGCAAAACGCCAACGACGCCAGCCGGAGGAAGACGTATCCATCATGATCCACCCCACACGAAGTGCACTCCCCTACACGAAGTGCACTCCTCGTTGACGGCAGGCAAAACGTGCCCTGCCGTCTTTAGAGCAATTCGACGGAGACGGCAGGCTGTAGTCTCCACCTCTTGCGTCCGAGAAGATCGTCTCGTCGAAGACCCGATAGTAGCGCTACCGCAATGTCACCACCTGCTTCAGTGGCAGATCCGCCGATGATCCTCCAACCATAAACGTGTAGTCGCCAGGAACCAGAGACCAGTCATTCTTCTTAACGTCG
NZ_CP030840.1_gap62	2285020	2288114	3094	GCGCGGCCGCCGACTCGATCGGAGGAGATGCCGACATCCAGGAGATCGCCAACGACCCCGACCTTCAGACCCACGGCCGGGCCGCAGCGCCGAAGGACTGAGTTCCCCCATTATTTCTAGTGACACAGCACCCAACTCGACTTATGCTCGCGTTGCGTCCATTTACGGTCGCGTCCCTTCGCTATCGATTTGCCACGAGAGACGCCACGCCAGGGCAGAGTGCCCAGCGATAAGGCTTCCACAAGGCACCTCCGGCTGATTTCAATTCAACACTTCGAGGAAAATCTCCATGGCTGTATTTGCCACTGTCTCCTGCAATGGAACCCAATACGACATTCAATTCGACCCGCCGAGCCCTCCCCCCGCCATCCCTCTCCAGGGGGAAATCAGCATCACCCTCGATCAAAGCATCGTGAGTGACTGCTTTGTCCAGTTCGATCAGCCGGTGCTTCAGGGAACTCAGCCTCTCTCTGCGCACACGCCAGTCAAGCTCTCTCGCGGCCAAACCATCCCCAAGTTCTATGTGACCCAACCACCGTCTCCGCCATACACGGTCAACATGAAAGCCGGATCCGATTCCATCGGACCATGGTGTACCCCACACCCAATTACCGTCAGTCGCTAGGATTCGGCAATCCGCTTAATTAACGGCTCACGGCTCCCCTTTGGGGCCGGTGCGCCCTTCCGCCTCAGCCCCTCCCTGATCCAATGTCTCTTCTGCTCGACGAGAGGTATCTTTGAGCCACGCACGGCCCGTCCAGCACCTGTCCGCGTTATCCACCCCTTCCACACCCCTCCACAGCATCTGCACCATTCCTGCGCCTTGCCGTCACCCATCCGCAGGCCTAGTCTCGGGAGATGGCTTTGCCATACCTTCTTCCTTTGAGGCAACGTCCTTTCCGCGCCCCGAAAGGCGGCTTCGAATTCTCCACAGACGTTCCCCAAGAAATAAGAACTCTCTGGATGCCTTTTCCTAGTAAAATACAAGATGTAGTGGTTGACGCTTGACTTGCACTATAGAGAGCGCATACTAAGCATCTGTCAACAAGATTTGGACGCGCTCCCAAGTTGCGCCCGACACCCAGACGATCCCGAAATCCGAAGAACGACATAGGCCCGATCGACGCAACCACCGTCCGGTAATCCCGGCATCCCATTTTTGTAGCACCGATAAAGGAGCACGCATGGCCGAGGCCACCACCCGCACAAATCCAACGAACGGCGCAACCGCGATAGCCGAACAGCCGACCCGGCAGCCCGCCGCGAAAAAGGCCGAGGGCCTCCGCTTCCACCGCGTCTTCTCCAAACCCGGCGTTTCGCCCTACGGTGAAGTTCAATGGGAGCGTCGCACCGCTTCGATCACCGACGCCACCGGCAAATCCATCTTTGAGCAGAAGGACGTTGAGGTGCCGGTCGATTGGTCGATGACCGCGACCAACATCGTCGCCAGCAAGTATCTCCACGGCCAACTCGGCACCCCCGAGCGCGAGAGCGGCGTCCGCGCCCTGGTTTCGCGCGTCGCTGAAACCATTCGCGATTGGGGCATGAATGACGGTTATTTCGCCACCCCCGAAGACGCCGCGCTCTTCCATGACGAGCTCGTTCACCTGCTCGTAAATCAGAAAGTGGCCTTCAACTCCCCGGTCTGGTTCAACGTTGGCTGCGACCGCTTGGAACCCAATTCCGATGCCCAGAATTGGCACTACAATCCCCACACTTGCGCGGTCGAGTTCTCCGTCACCGGCTATCGCAATCCGCAATGCTCGGCCTGCTTCATCAACGCCGTCGATGATTCGCTCGATTCGATCCTGACCTTGGCCAAGACCGAAGGCATGCTCTTCAAGTGGGGCTCGGGCACCGGCTCGAACCTCTCGCCCATCCGCGGATCCATGGAATTGCTCTCCGGCGGCGGCACCGCCTCCGGCCCGCTCAGCTTCATGCGCGGCTTCGACGCCTTTGCCGGCGTCATCAAGTCCGGCGGCAAGACCCGCCGCGCCGCCAAGATGGTCATCCTCAACGTCGATCATCCCGACATCATTGAATTCATCGAGTGCAAGTCGAAAGAAGAAGCGAAGGCGTGGGCACTGATGCAGGCCGGCTACGATGGTTCCTCTGGTCCGGACTCCGAGGCCTACTCGTCGATCTTCTTCCAGAACGCCAACAACTCCGTGCGGGTCACCGACGAGTTCATGCAGGCCGTCGAACGCGATGGCGACTTCACCGTCTACACCGTCAAGGACCACCTGCCCGTCAAGACCTACAAAGCCCGCGACATCATGAAGAAGATCGCCGAGGCCACCTGGCAGTGCGGCGATCCCGGCATGCAGTACGACACCACCATCAACAAGTGGCACACCTCGAAGAACTCCGGCCGGATCAACGCCTCCAATCCCTGCTCCGAGTACATGTTCCTCGACAACTCGGCCTGCAACCTGGCGTCATTCAATCTGCTGAAGTTCGTCGACCACGCCGGCAACTTCGACATCGCTTCTTACCGCCACGCCATCGGCATCATGATCACTGCGATGGACATCCTGGTCGACAACTCCGGCTACCCGACTGAATGGATCGGCCGCAACTCCCACGATTACCGTCCGCTTGGCCTCGGCTACGCTAACCTGGGCGCACTGCTGATGAGCTTCGGTCTGCCGTATGACTCTGATGCCGGACGCGACTTCGCCGCCACCCTGACCTCCATCATGTGCGGCGAGGCCTATCTGCAATCTTCGAAGATCGCAGAATCCTGCCCGCCGCTCGCCTCGACGACTCCGCTGACTGCGAACGCCGAGCGCACTGGTGGCGCCTGCCCCGGCTTCTACGTCAACCGTGAACCCTTCCTCGATGTCATCCGCATGCATCGCGCCGAGGTCAACAACATCGGCAAGACCAACAAGGCGGTCATCATGAGCGGCAATCGCGGCAGCGCCGAGTCGCGCGACCTCAACGGCCGCGTCGCCACCGAGACCTTCGTCGTCCCCCAGCTCGACGCGCTCATCGATGCCTCCCGCGATTGCTGGGACAAGGCGCTCGCCCACGGCGAGAAGCACGGCTACCGCAACTCCCAGGTCACCGTGCTTGCCCCCACCGGCACCAT
NZ_CP030840.1_gap63	2300505	2302161	1656	ATGGATGATAAGCGCCATCCGATCGACCTGGGATCGGCTCTGGCGGCCCGAACAATCTGCCGCCATCTCGAGATAACCTCAATACTTTCTCGATATTAGTAGCGACAGATCGAGAAAAGGCATTTATGCTTTCAAGCGAATTGTAAGTCGGAGTAAGAACCGTTTGAGGAGAACCTAGGATGAACATCTTCAGAAAAACAGCACCGTTCATGGTCGCCGCCCTCTTAACCCTCGGCGGATTGACCCTGTCAACTTCCGCTCAAAGTACGGCGAAGCAGGGTGGATCCCAGGCTGCCAGCAACGCAATGGCAGCCCAGGTCGATATCAATAGCGCCACGAAAGACCAGCTCAGCGCTCTTCCCGGCATTGGCGACGTCTACTCGCAGAAGATTATCGATGGACGGCCATACCGCACCAAAACTGAACTCAAAACCAAGCACATCATACCGGCAGCCACTTATGCCAAGATCAGCAGCATGATTATTGCCAAACATAGTTAGAGCAGAACTTCATTCCTGCAATGTGAACTATCAATTTGCAAGGTTTTTGTATCTAATTTACTTGGCTTTTTCACTTAGAAAATAGCCCGTAGAGCCGCTTTCCGGCAAATAACACCAACTGTATTTCTGCTCGAGTAAGGAGAACGAGATGGGCTTTCTTTCTGGAATAGGTGATTTAGTGAAGCAGTTTGCCGGCAACTCTGGAACCCCGGCAACTGGTGAACAATTGACGCAGTTGGCCGGTGCTGTTCCACAATCATCGGTAGCCGGGGGACTTGCCGAAGTCTTCCGCTCCGGACAGACTCCTCCATTCGCCCAGTTGGCTTCGCAACTGTTCTCGAACAGCAATGGTCAGCAACAAGCCTCTGTGTTGAATAGCTTGATCACCGCCGCCGGACCCGGCGTCCTGGCCCATCTAGCTGGCAACTCGTCTTCTCCACTTGCTTCCTTGCTGCAGGGAAACCAGACGCAGATCACCCCGGAGCAGGCGGCCGCCGTCAAGCCGGAGGAGGTCCAAGCCCTTGCCGAGCACGCCGAAAAGGCCGATCCATCAATTATCGACAAGTTGAGCGAACTGTATGCGGCCCATCCTCAACTCATCCAAAGTTTGGGCGCGGCCGCCGTCACCATCGCCGTCCAGCATATTGCCAAAAGTCACGAAGCGTCGAAGGCCTAGCGTCCGTTCGAGGCAAAGCTTTCATCGTTCGATGAGTCGCAGCCCCGAGCGCGTCAAGAAAACAGGAGAATGTGAATGGCGGATTTAGAGCAGTTGAAGCAGAAGTATGCGGGTGTCATCTCAACCATCCAGGGTTTCGCCGACCTGGGCGCGAAGATTGACCAGATCGATCTTGACGGAGAGAAGCTCCTGCTGAAAGCTTCCGTCCCATCCACCGTGGTCGCTAACCGGGTTTGGGATGAAATCAAGAAGGCGGACTCCACTTATGCCGACCTCCATCATGAAATCGCAACCAGCGGCGGAGCCGAGCAGCCCTATACGATCAAATCGGGAGACAATCTCTCTCATATCGCTCAGCGCTTTTACGGAGCGGCGAGCAAGTACAGCGAGGTCGCAAAGGCCAATGGAATCGCCGATCCTGACAAGATCAAGGTTGGACAAACGATCAATCTACCGGTGATTTCCTAGTCCGCGTCCTAG
NZ_CP030840.1_gap64	2303407	2305034	1627	CAAACCCGTCTGGGAATCGACTATGTCTTCGCTAATGAGCTCGACATCGTCGACGGCGCGGTTACCGGACTGGTGAAGACCGAGATCGTCGATGGAGCAAAGAAGGCCGCACTGCTGAAAGACATTGCGAAACAGGAAAACATCTCGCTCGAACAGGTGGTTGCAGTCGGCGACGGCGCTAACGACCTGCCCATGCTGGGCATCGCCGGGATGGGGATCGCCTTCCGGGCTAAGCCGCTAGTGCGGCAAAGCGCCGGACACGCGGTTTCGTTCCTGGGGCTGGATAGCTTGCTGTATCTGATCGGAGTTCGGGATCGCGACCTGGGCAATGCCCGCCCCGCTCCGCAATGAAAAAGCCTTCCCGGCTGCCCGTCGCCGTCCGCGGCTTGCCTGAACGCCTATTCCGGGCTGGTGGCGGAGTTCCGGGCCATGGCTTTCTGGGCGACCACTTTCTCCGCATTCTGCTCGAGGGTCTGCGCTTGCGGCAGAAACCCGAGCGCCTTTTGAATCATCGGGTCCCACTCGGCGCGGACCTTCAAACCCTCCTGCTGGCCGAACTGCGAAGTAAAGATCTCTGACTGGATGTTCGCGTTGATCCAATCGCGCACCCCGGCAATATCCTGATCAGTGAAGGCGATGTCCTGTGACTTGAGGAACTGCTTGAACTCGCCGATGACCTCGTCGTTCACCTGGAAGTCTTTGGAGACGGTGCGATTGGCAAGATAGTGCTTGGTGAAGTTAAAGAAGGCGTAGTGCCCGAGCAGGCTCTCCTGGAAGTGGTTCGACTTCGGAGTATCGATCTGGTCGTCGGGAGTGATGCCGCCCCCGCCATACACGGTCCGCCCGGAGTCGGTGAGCTTGACCTCCCGGTCTTTCGTGTCCTGCGGCGTGTCGTGGTTGTAGTAGTAGTCGTAGAGCGAGACGCCGCTGTAGTTACGTTGAATGAGCCGGCCGCTGGGTGTGTAGTAGTGGTAGGTAGTCAGCGCCAGGCCAGTGTTTTCGGAGATTTGATAGACCGTCTGAACCAGGCCCTTGCCGAAAGTTGTCTCCCCCACGATCAGGGCGCGGTCATGATCCTGCAGTGCACCGGATACAATTTCGGCGGCTGAGGCGGTGCCGTGGTTGACCAGAATCACGACCGGATACTCCTGGCCGGATTCCCCATGAGTGGCACGATAAATCTGCTCAGGATAGGCACGCCCACGCTGTGAGACGATGACCTGCCCGCGGTGGAGGAACTTGTCGCAGACCGCGACTGCCTCAGACAGCAGGCCTCCGGGATTGCCGCGAAGGTCAAGCACCAGGCCCTTCGGCTCACCAAACCCCTCCAGCGCGTCAGAGATTTCGCGGCCGGTGGTCTCCTGGAAATTGGTCAGGTGGATATAGCCAACTCCAGGACGGATCTCAAATTTGAGATCGACGCTGTTGTGTGGAATTTCGTCGCGGATCAGGTCGAAAACGAGCGGCTTCGATGCTCCCTCTCGAACCAGCGTCACCTGAACATGAGTGCCCTTGGGGCCCTTCAGCATGTTGGCGACTTCTTCTGAATTCAGGTTATCGGTGGGCTTGCCGTCAACCGCGGCGATGACATCGCCGGGACGGATGCCGGCACGATAAGAAGGCGTTC
NZ_CP030840.1_gap65	2307643	2308934	1291	AAGATCAGGTTGGCGTTGCCAATCCGCCAGTTGCATCAGGACCTGCGCCCAACGATGCCTCGACGAGCGCCTCATCGCCAAGCCAAAGTCCAAGTAGTTCCGCTAAGGCAAGCAACACCCAGGTTGCCAGCGCTGCTACCCAAAAGCCAGGCAAGAAGGAAAAGATCCGCTTCGGTCAGGCGCCTACCAAGACCTTGCCCGCAGCCACTCCGACCCAGACCGTCGATGCCGGCGCCGATGGTTCTTCTGCGAACACTGACACTGCAGCAAGGAACGGGATGACGCCGGAAATGCAGGTGGCGGCCAACAATGCTGGGGACGCCCCTGCAGCCGGGACCCCGACCGAGGCGGAGAAGAAGTCGCGTTTCAGCGATCGTGCCAAACTTCCTAAAGAAAAGAAGTCGAAGGAACCCAAAGTCGATCCTTTCGCTCCTCCGTCGGTCAGCGCCGAAGAGGTCGCCGACCGGCAGACTCAATCCGCGCCACTCGGCCTAAGTGGCGATACGACAAAGACCAAGAAGGTCAAGCCGACTGAGAAGACCAGGCTGCAGGACCAAGTGAAGAACAAGAATGCGGCTGCAACCGATGACACGAATGCGCCTGGTGGAGCGCCGGCTGAACCGGCCGCGCAGCCACCTACTCCGCCGTCAACTCCGGAGCCGTCTAGCCAACCCGGCCCCCCGGCGACCCAACCGCAGCAGTAAAACTGCAAGCTCCTTTGCAGACGGTTCGAGTGCCTCGTATCTGGGAAGCACCTTTCTCAACGATACGAGGCATTCTTGTTGGTCCACCCGGCCAATGCTGTAAAGTATCCGCACAGCCGCCCTCCTTATGAAAGACATCTTTATCGCCGATTTGTCGAAGTTTGAAAATCAGTCTGTCATCGCCTTCTTCACTGCATCCATGAAGTCTTTGCGGGATAAAAAGGATGGAGGGAAGTATCTGGCCCTCATTCTCAAGGACCGGACTGGAGAGATGGAAGCGCGAATGTGGGATAACGCCGCCGAAGCCTCTCCCGAGTTTGAGCAGGGCGACGTCGTCAAGCTCAAGGCCCTGGTCTGCCGCTACCAAGAGAGGCTGCAGTTAAAGGTCGAACGCATCCGGGCAGCCGTCGATGGCGAATATGACCCCGTCGATTTTCTTCCCGCCACCACCAAGGATGTCGATGAATTGTGGGCGGAGTTGAATGGCTATATCGCCAGCTTCCGCGATCCCCACCTGCAAGCTCTGCTGCGGGCTTTCCTCGACGATCCTGAGATTGCGGCCGCCTTCCGCCAGGCTCCCGCCGCCA
NZ_CP030840.1_gap66	2338111	2340129	2018	CCTGGAGCTTATCGCTCTCCTCGATGTTCCGGTCGAGTCGACCTGGCTGGCGATCGATCTCATTCCCGATGATCATCCCCTCTTTGTGGGGCGGCCAGGCTCTTTGGCCCCTCGCGGAGCCAACTTCGCGATTCAGAACTCCGATTTTCTCCTGACGCTCGGCGCTCGATTAGATCGTGTCATCACCGGCTACTCTCCAGAGCGGCTGGCGCGCAGCGCCCACAAAGTGATGGTAGACATCGATCCGACCGAGCTGGGGAAGATGGGCGACTCGATTCAAACCAAGGTTCAGGCCGACGCCGGCGAGTTCATGCGAGCGCTGCTTCGCCGCAGGTCCGAGGTTGAACCAAAGGACCGCTCCGCCTGGAAGCGGCGCTGCGCCGAATGGAAAGAGCGTTACCCGGTCATCCAGGCCGAACACCGCAAACCGGAAGGCGCGGTGAGCATGTATCACCTCGCTGAGGCGCTTCAGGACGTTCTCCCCGACAGCACGCCCATCGTCTCGGGCAGTTCCGGTAGCGCGATCGAGCTCTTCCTGCTGGCTCTGCGGGTCAAGCCCGGACAGCGGGTCTTTCATACAACGGCGCTAGGTGCGATGGGATTTGGCATCGCCGCTTCGATCGGAGTATGCATGGCCAACGGTCGACGGCCGGTAGTTTGCGTTGACGGCGATGGAGGATTTCAGTTCAACATCCAGGAGCTGGAAACGGTGTCGAGGCTTCAACTGCCCATTACATTCTTCGTGTTGAACAACGACGGCTATGCCTCCATTCGCATCTCGCAGACGGCCTTCTTTGGCACGCCCCGCATCGGCTGCAATCGAGAGACGGGGCAGAGTCTGCCGGACATCGGCAAGGTCGCTCAGGCTTATGGGCTCAAAACTGACATAATCCGCGATCAGTCCGATCTGCGCGCCGATTTACGTCGAGTGCTTGCCCGCGGCGGGCCGCTGGTCTGCGATACGATGGTTCTTCCGGACGAGCTACGCGCCCCGCGACTCTCGTCGGTGCAGCGCCCCGATGGGTCCTTCGTCTCCAAGCCGCTCGAAGACCTTTATCCATTTCTCCCACGAGAGGAATTTCTTTCGAACATGCTTATCCCCGTCGAGGAGGACTAGCGAGTTGCGACTTGCGGTGATGCAAGGCAGGCTTTTGCCCCCCTCTGACGGCCATTTTCAAAGCTTTCCGCTCAACCGATGGCGCGAGGAATTTCCTCTCGCCCGGCAGGCATCGCTCGACGCGATCGAGTGGATCTACGACTCACTCGGCGAGAGCGGCAATCCGATTGGCACAGATGTTGGCTTAGCCGAGATGATGCGACTGTGCGAAGAGGATGGGATCGCGGTGGTTTCAGTGTGCGCAGACTACTTCATGGAGCGCCCATTGCTTCGCGTGAGCCCACCGGAGCTCGAAGCAGGAATGAGGAAGCTGGTGTGGCTCACGGAGCAGTGCAGACTGGCTGGCATCGAACGCATCGTGCTTCCGTTCGTCGACAACTCACGGATTGAGAACCAGGGCGACGAAGCTCAGGTCATTGAGATATTGATCCGCGCTTTAAAGGCCGCTGAAACGGCAGGTATCGAGTTGCATCTGGAGACGTCACTCGGTCCAAAAGAGTTCGCATCGTTGCTGGCGAAGCTGCCCAACCCTCTTTTGAAAGTGAATTACGATTCGGGGAACAGCGCTTCCCTGGGGTTCGATCCCGAAGAGGAGATTGCCGCTTACGGGGAGCGCATCGGCAGCGTCCACATCAAGGACAGGATTCGCGGTGGGGGAACGGTCCCGCTCGGGTCGGGAAACGCCAATATTCCAGTCTTGCTTTCTCATCTGTTCCGCATCGGATACAAAGGCGATTTCGTGATGCAGGTTGCGCGAGCTGAGCCGGGCGGCGAACTGGACTGGATTCGAATGAATCGAGAACTGGTAATGACTCAATTGCAGGCGGCGGGTTTTGTCTCTGGAGACGGCCAATGAAGATATTGATGGCCGGATTGGGTGGCATCGGACAACGGCACCTTC
NZ_CP030840.1_gap67	2363807	2366649	2842	GTTATGAAATAGCTTCCATTCATCCTGAAGATAAGCGGCGTAGTCGTTGGTGGTGAAACGGAAGATAGATGGTCCTAAGGCCTGGGTAGCATATTCATAACAAGGAAGACGGCCGACGCCAGCATCTCCTGCGTCGCAATGGCTTGGCGCATATAAGTCGGATGTGAAATTGAGCACATTCGTATAGAGATAGCTTCCGGTGCCGTTGTAGAGGTTATTGGTGTTATCGATAACATGACTGAAGTCGTAGCCTACCTTCCAGGAGTGCTTTCCATGAACCCAGCTTACCGTGTCGACGAACTGCGAGCGAAGCTCGTCCGGATACGCGGCCCGGTTCAGAAAAGAAGGTTTGCCAAAGGTAAAGCCATAACTGCTGCTGGCGATCGAGATCTGCGGGGAGAAACCCTGCACATTGTTGGCGAAGGGCGCTTCAAAGGGCGTCGGCGTTTGTGCGAACTCCGATTCGAAGTCGCGGCCTAGCTGATAGCGCGCCTCATTGAGCAGATTGGCGGTAAGGAAGTAGTTCCAACGCACGATTCCCCAGTCTTCCGAGACGAAGTCATTGCCGAAGCTCGCAATTCCATAGTTATTGGAAGCTTGTGTTTGCACCCCGGCGGGTGAGTTCCAGCGCATGTGGTTGTACTGGAAGATCAAGTGATTGCGGTCATTCAGGTCCCAATCGATCTTGGGGAAGAGGATGTATTGATCGGCGGTTCGCGGTACCGGTCCAAGCATCGAGTCGAGGCCGGCAAGGACCGTGTTGTAATCGGCGAGCGCCGCGGCGGAGTTGGTTTGAAGCCGCGCGGCCAACACGTCCAGCTGCTGCGCTGAAGGTAGATTGAAGAGTTTGAGGGCGGTTCCGGAGCGTGCGTCGGCGGTGCGCGCGACTCCGGGGAAGTTCCGCTTGTATTGGTCATAGGCGAAAAACCAGAAGACTTTGTCCCGCTTCACCGGGCCGCCAATCCCCGCGCCCCATTGTTTGCGCCAATCCACCGGCTGGAATGGAGTGGTGGCATAGCTTCCATCGGCGAGACGCTGGGTTAGCGTGGTGAATGGATTAGTCGCGCCCCAGGCGTTGTCGCGATCGTAGAAGAATGCCTGGCCGTGGAACTGATTGCCGCCAGAGCGGGTCACAGTGTTGACGACGCCCCCCGCCGCCCGGCCATACTCCGCGGCGTAGTTCGAGGTGTTTACCTGAAACTCCTGGACCGCCGCCTGGGTGGTCGAATAGCCGATGCGTGTGCGGCCCCGCTCTTCGGAGAAGAAGGCCTGGTTGTTATCCACGCCATCGATGGTGTTGTTGTTGAGCAGCACGCTGATGCCGCGAAAGCTGAGCAGGCCATAACCATTCTGATCCGGAGTGACGCCTTCAGTTTGAAGGGCGAAGTTGGACCAGCGGCGGCCATTGCTTGGCAGGTTCTCGAGAGCGGTGTTGCTGAGGTTGGTGGTGATGGCGGCCGAGGTTGTATCCAGACCCGGCACCTCGGAGCGGACCAGCACCGTATCCTGCCGGCCGGCCACGGCGAGGCGGGGAAAAATGGTGGTGATGCGGCCGACCTCGATCTCGACCGAGTCGGCCCGCCAGGCGGCGAAGTTGGCCGCCGACGCCTCAACCGCATAGCTGGCAGGACTCAGACCTGGGATCTCGAAGCTGCCCGAAGCATCCGTCGTGGCCGTGCGTTGCTGGCCCGTCTCCGGATCAGTCGCAACCAAGCGAACTCCGGGTATGGCGCGCTGCTGGCTATCGGTGACCGTCCCGGACAACGCTCCACTGGTGGTCGACTGGGGTTGTGCCACTCGGGGCGCGAGCAGCATAAATATGACCGCAACGCAGCCGAGATACAATCGGGGCGCCCCCAGCCAGATGGCGGAGATGCAAGGCAAAGCGAACCATCGTGACGCCATTGGAGTCTCTCCGCAGCAACACAGTCAACGCGCGATCGAGCCCCCTTCAGGCGCAAGGATGCCGCCTTTGGGGGTAGATCGCGCACGCTCAGCAGCATTTCAGCCGAGAAGCGAGGTATCGAGAACATTTGGGAAATTGGGTGAAGCATACTCCATTGGCTACACTAAAGAAAGGCAGAAAAATGGAAACGCCGGAGTGTGCAAGCGAAAGACGCCCGAGTTGCACTGGTTGAGAAGGGCGCAATGAGGAAGAAATGTTTGTCGATGAAGCAAAGATCAAGGTAAAAGCCGGCGACGGGGGCAATGGATGCGTGGCCTTTCGCCGGGAGAAATTCGTGCCCCGCGGCGGACCTTCGGGCGGCGACGGCGGGCGCGGTGGCGACGTGATTATGGAGTCGAGCGAACGCCACAACACGCTCATTCACTTCCGCTACAACCCCGAGCACAAGGCAGAGCGCGGCAAGCATGGGGAAGGCTCCAACTGCACGGGCCGCGAGGGCGCCGACATCATTTTGAAGGTCCCGGTGGGCACCGCCGTCTATGACGACGAGACTGGAGAACTGGTCCACGATTTTCGCCAGCCGGACGAGCGCATCATCGCCGCCAAGGGTGGTCGCGGCGGACGCGGCAATCAGCATTTTGCCACTTCGACCCACCAGGCGCCGCGCGAACACGAACCCGGCCGCACTGGCGAAGAACGGGTCTACCGCCTCGAATTGAAGCTGCTCGCGGATGTCGGCCTGGTGGGTTATCCCAATGTGGGAAAGTCGACCCTGATCTCCAGAATTTCAGCAGCCAAGCCGAAAATCGCCGACTATCCCTTTACCACCCTCGAACCGAACCTGGGTGTGGTGTCGGTGGGCGAAGCTCCCCATGAGGAGAGCTATGTGGTCGCTGACATTCCCGGACTGATCGAGGGCGCGCATCTCGGCGCCGG
NZ_CP030840.1_gap68	2400277	2401360	1083	TTCGACTACACCGTCCAGATTCCCGCGAATGAGCCTTCCGGGATGTACTGGTACCACCCTCATCCGCACGGATTCAGCCAGAGCCAGGTGCTGGGGGGCGCGACCGGGATAATCATCGTTGAGGGAATCCAGAACTTCAATTCCGCGGTGGCCGGCCTGCCGGAACGCATCCTGGTGATTCGCGATCAGGCGCTTACCTCCGCCGAACAGAAGATCTCCGGCGCCCAGCCGGGTGATGACCTCTCGCTCAACTACGTGCCCGTCAACTATCCCAAGTACACGCCCGGTGTCATTCAGACTCCGCCAGCTACCAAGGAATTCTGGAGAGTTGCGAATACTTCGGCTAATTCGCTCATTAATCTTGAAGTCAACATCGGCGCCACGCATCCCACCCTGCAGATTGTCGCCACCGACGGCGTGCCGGTGACTGACGGCAGCGGGAACCCAACCACTCTTTCGGCCCAGAATGTCGTGCTGCCGCCCGGCGCCCGGGTCGAGTTCATCTTAGTCACTCCCAACGCCGGACAGGGCGCCCAGTTGATTGCGCAAACGTGGAACAACGGTCCTCAAGGCGATGCCGACCCGGGCCGGCCGCTGGCCAATATCGTGGCCAGCGCTTCGACCAGCGATGGCGGCCTTCCTCGAACCTCCGGCACACCGGTCACCATCCCGGCCGTTAACCATTCGCTGCCGCCTTTGCGCTTCAAGGCGTTAGATTCGGCCGCGGCGACAGTGCAGCGCAACCTCTACTTCTCGATCAAATCCGATTTCAGCCAGTTCTATATCACCGTCGCCGGTCAGACACCTGCGCCCTTCAGCATGGATGGACCGCCCAACATCACCGTCCACGCGGGCACCGTCGAGCAGTGGACGATCAGCAATCATTCACTGATGGATCACGCCTTCCACATCCATCAGATCCACTTCCGCACCCTCGCCATCAATGGGAGCCCGGTCACCGACTATACCGAGCGCGACACCATCAACGTGCCCCACTGGAGCGGTTCGGGCGCCTACCCAAGCGTGACCCTGCTGATGGACTTTTCTGATCCTGATATCGTCGGCACCTTCGTCTATCACTGC
NZ_CP030840.1_gap69	2489598	2493145	3547	CGAACTTGAAGCGCTGCGAGCCCAACACGCCGCTCTGAGCAGTGAGTGGGAAGAGTTGATGGTGCAATTGGAAGAGCAGTCAGCTGTCCTGTGAGCCTGCCCGGTCTGCTGCGGCATATTCTGGATCACCCGATGAACCGGGGCCGCAGTCTGGGAGCAATAAGCGATTTTCTTTCCTGGCAGGTCCGAAGCCGCCTGGTTGCAGGTCTCCGAGTCATTCCTTTCGTGAATGACTCGGTGTTGATGGTGCGGCGTGGCATGCATGGCGCCACACTGAACATCTATTGCGGACTGGCGGATTTCAGCGAGATGAGCTTTCTGCTGCATCTGCTCCGCCCTGAAGATCTTTTTGTGGATGTGGGCGCGAACGTCGGCAGCTACACCGTGTTAGCGTCGGCCGCAATCGGCGCCCGATCGATTGCCTTTGAACCCAACCCCGAAACTCTGCCAGGGTTGGCTGCCAATATCGAGGCGAATGGGATCGGAGATCGGGTTGAGATCCACCAGGCGGGAGTGGGGGCCAAGTCTGGAGTTCTGCGCTTTGCCGCAAATGGTACCCAAACCCGCATCGCCCCGAATGGCGGGGCCTCTGAGTCCATCTTCCAATCGCCGGTAACGACATTAAACGAGACCCTCGCGGCATCCACTCCCGCGCTGATCAAAATCGACGTTGAAGGCTTTGAGAGCGATGTCCTCGCCGGCGCTGGCAGTGTGCTTGGTCGTCCTGCGCTACTCGCGCTGATCATCGAGAACAACGAGGACTGTGTGGCTTTCGGCTTCGCGTCCGACCAGGCACACAAGACCCTGGTCTCGTATGGATTTGTGGCTGCTTCCTATTCACCGTTGGAGCGAAAGCTGATGCTGGTCGAGGATTGCGATCCGCGTCCCCAGAATTCGATCTACGTGCGGAGCCGATCCGAAGTCGAGTCGCGACTGCGCTCCGCTCCAGCTTTTCGCGTGAGAGAAACCCTGATTTAGCGGCAGCGGTTCTAAGTCACTATGGGCAACTGTGGTGCGCGAGCGCAGGGTCATGCGCTCGAAGGATCTTCCGTGAATCCACCGGGCTAGGCCGGTCCATAGTGAAAATGAAGTTCCTGGATCGAGGCTACCGGAATGCCATCCTTGGTGGCTGGCCGAAACTTCCAACCTCGTACGGTGTCCGCTACCATGCCTTCCACACCATATCCAAGTGATTGAAGAATCTGCAGATCGGCAACTTTCCCGGTTGGATCGATGGTGATATCGATGACCACATCGCCTTGGGCGCCGCGGGGAAGGCGCGAGAGATCCGGTTTCGGACTTGGAGAGTAAGTGGTAAGAGCGATCTGGATGTCTTCGTTCCCGAGAGCGTCGTTGGCTTCGGTGCCGGACTTGCCGGTACTAGCAGAGGTGGCTTCGTTCGTCAGCACGGGCGCCGGTGCTGTTGCAGGCAGCGTCAATTTAGGTTTCGCGGGGCGAACCGGAGCTGACTTCCGTTTGGGTGCGGGTGGCGATGAAGCGGTTCCGCCGGGCAGGTAGGATAGTTCGATCCGAGTACCGTGAGAGGTGCCGGGCAGCGAAGCTCGATAACGCACGGCTCCAGTCGGCCTTAGAAGAAGAGCGAGTAAGAGGCCATGAACGACCACTGACAAGATGATCCGTCGCTGCACTGGAGTTCGAATCGGAAGTTCAAACATGCTTGAAGGTCCTTAACTCGTGGCTCAGAGCTGTTACTTAGACTCAGAGTTTCCTTTTCGGGCGTCAAGCCCTAAGAGGAAAGCGCGTATTTCGAGTGTCCATATGGTCTCAGAGTGAATGGTCTCAGAGTGAAAACCATCTCTAAAAGCAGTATTCTTGTTACTTGCAGTACTTACTTGCCGATACCTGGATGAGGTGTAGGATGACTCGGAGCGGCCGAGAAGACCCCTAAGCTCCACAGCTCGGGCAACCTCTCGTAAACAAACTACATCTATACCCCTGAATACAATAGGACATCACTTTGACAGTTCCCATCTGCAAGACTGAACGAACTCCTGTGAACATCCTGCTCGTTGATGATGACGCCATTCAGGCATCGACGCGGCAGGCAATTCTCGAGCGCGCCGGCTTGTCAGTGGACGTAGCGACAAATGGCCGCGACGCCCTCTCGTTCGTTCAGTCGCCGGATGGATATTCCGTAAGCTTAGTTATTACCGACCATCTGATGCCGGTGATGAATGGTCCGGAATTCGTTCGATCGCTGCGCGAGAGTGGATACAAATTCCCGGTCGTAGTACTAAGCGGTTATGCGGATGCCGAGGAATCATACGACTCGCTCGAGGTTGTCTTCCGCGTCAAACCTTTTCCTCCAGATCAGTTGATCGCGCTGGCGCAGTATCTGGTCGGCAACTCGGAGCGTCGCACCGCCTAAGGTGTGGTAGATTGCCGAGGAGGGAACTTCTTTGGACGTCTCTCCTTCTACTTTTGGACCTGAGGATGACGGGCTCGTTCGGGCCTTTGACATTCATTCCCGAATCACCATCTACCTTATTGAAAATCTCGACCCCGCCGCCTGGAGGGCCGAGCCGCCAGGTGGTAAGGGCCGTAACATTGCCGCGTTGGCGGCCCACATTCACACCGTTCACGGGATGTGGCTGAAGGCATCCGGCAGCACTGAGTTACCCATTCCGCTTAACAAGATCACCGTCATGCCTGATGAAGCGATCGCCGGATTGAGGGCGACGTCCGCGGCTTTAAGTAAACTGATTGCGACCTCTCTCAAATCGGGAAACCGGGTCAAGAACTTCAAGCCCGATACCGCGGCTTTCGTCGGATATCTGATCGCGCACGACTCTCATCACCGCGGACAGATGGCCACCCTCGCCCGTCAGGTGGGGTTCCCACTTTCGAGGAAGGTCAATTTTGGATTGTGGGAGTGGGGCGTGCGCTGAAATCGCCTCGCTGTCATAGCTCCGGTTGCAAGTCCATAAATTGACAATATAACTTGCTACATTGCGGCAACAGGCATCGCTCTGCGAAGATAGTGAGAGAATCCTATGCCGGAATTAGGTAGCTTCGCCCTTTTGCTTGCCCTCGTCTTGAGCGGCTATACGCTTGTGGCTGGAGCTATTGCTCTCCGCCAGCTCTCCACCGGGCGCGGCGGAAGGATCTCACCGGAGCGTCTCGCGGAGACTGCCCGGCGGGCTGGCATCGCGAGTTTCCTCGCGGTCTCGGTAGCGGCGTTCGCGTTGCTGTGGGCGGCGTTCACCAATGATTTTTCGGTCGCCTACATCCTTCACCACACCAATCGCGCGCTTCCGGGCCCCTACAAATTTGCCGCGCTTTGGTCGGGACAAGAGGGTTCGCTTCTACTCTGGGCATGGCTGCTGGCCACCTACGGATTGGTGCTACGGCTGCGGCATAAGGTGGACGTGCGACTGACCGCTTTCGCTTCGACCATCCTCGCGGGCATTCAGCTTTTCTTCCTTTTGCTACTGAATTTTGCCGCGACGCCGTTTTCGCTGGTCTCGGGAACCATTCCTCCTGATGGCTTCGGTCTCAATCCGCTGCTTCAGTATCCCGAGATGGT
NZ_CP030840.1_gap70	2494207	2495001	794	CAACCAGAGCGTCGAGAAAGAACTCGGCGTAGGAGAAGCGCTGAACATCGGGCCGTATCGCCTTGTTTCGCAGAGCTTTACCCAGGATTCCAATCCGAACTTCGACACGGAATATTCGCTGCTGGATGTCTACCGGAAGGGCAACAAAGTGACGCAGCTCGCGCCCGAGAGACGGTTCTACCAGGCCAGCCAAACCACGCAGACGATGGTGGCGAATCATTCGACGTTGGCGTGGGACCTCTATGTTGTCTATGAAGGAAAGAATCCGGATAGCGGGCTGCCGATCATCAAGGTCTTCTTGAATCCGTTGGTCGCCTGGATTTGGATTGGCGTGTTTATCGTCATTGTCGGCACCGTTGCTGCGTTGACGCCCAACCTGCAGACGGCATTGGCAACGGCGCGGGTGAAGGCTGTCATTCCCCGGGATGCGGCAGTGGCAGGGAGTGGCGATTGATGTTTCGTTCTAGAGCGGTTTCGAGAAAAAATGGATTTACGCGGATCGCCCAACTATCGGTCCTGGCGATTATAGTGGCTCTGACCACAGCGGCGGCGGATCCCACTGCGCGCTTCGACAAGCTCGGTCATCAATTAATGTGCAGTTGTGGTTGCAACCAGATTCTGCTGGAATGCAATCACGTGGGCTGCCCACTTTCCGACGGTATGCGGCACGAACTGATGGCCGGCGTGGACAAGGGCGACAACGATAGCCTGATTTTTCAGTCCTTCGTGCAAAAGTATGGGCCGACGGTGCTCGCCGCGCCTGGCGGGACCGGCTTCAATATCGTGGCGTGGAT
NZ_CP030840.1_gap71	2687061	2691582	4521	TCGACTTTGGTGCGCTGGCCGATCTGGCAAAGGCGCTTGAATCTGTCTACGTTTATGACGGCAGCTATAGCGAACATCGCGACCGGCACCACGGACGCCCAGTATGCGGGCTGCCGGGATGGCGCTTTCTGGGGTATTCGCAAAATCACGACCAGGTCGGAAACCGCGCACGGGGCGAGCGGTTGGTGCATCTCGTCGGTGAAAAGCGGGCCAGGATTGCAGCGGCACTGGTCATCACCGCTCCATTCGTTCCTATGCTGTTTCAAGGGGAAGAGTTTGCGGCTTCCGCCCCCTTCCAATATTTCACCGACCACGAAGAAGAACTTGGCCATCTGGTATCGGCGGGACGCAAGCGCGAGTTCACGGCTTTCGGATGGAAGCCGGAGCAGATCCCGGACCCTCAAGCGGAGGCGACCTTCACCGATTCAAAGTTGGAGTGGAAAGAAGTGACAGAGGGTGCGCATTCGGCGATGCTCGACTGGTATAAGCAGCTCATCCATTTGCGAAAGACCACTCCCGAGTTGGTGAATGGCCGTTTGGACGACGTGATCGTCTCGGTCGATGAAGACGATCAATGGCTGGTGATGGATCGCGGCACCATCCAGGTGGCTTGCAACTTCGGTGCAGAGCCGCTTCAGATCGAACTGCCTTCAGGGTCAACTTTGTTGTTGGGATCGGATGAGGTCGCTCTCAAGGAAAATGAGCTGACCTTGCCTCCGGATGGCGTCAGCGTGGTTCGTGTAAGCTGAAGAGCCTTTGATACCTTAGGGATATGCCACCCTTCCTGGTAGCGGCAGTTGATTTTTAGCCCACCGGTCATGATCGCGGCGGGTTTGACGCTTCTGCCTTTTCTGGCGGCAGCGTTCTTCGGCGAGTGGGTCCTCCGGCAAGCGGCCTCGCTTCCCGCCTGGGGACAGATGCTCTGCCCTGGAATCCTGTGTATTCCCTATCTCCTGGTGGCGCTTGCTACCGGATTTTTCCACTGGGGGTGGTTCGCTCTCTACCTGGGGCTGCCGGTAGCGCTGGCTGTGCTTCTCTGGAGCGCAAGAGAGCTCGATCCCCAGCAGCGCGGTGACTGGCGCGACTTTCTCATACTGGCGGTCCTGGGACTTGCCGTCGATCTTCGTTGGTTCGAACCTGCTTGGCCGCCTTACCTAGCCGTCTTCAACAAGATGCTGATGCTCGATGCCGGAATTTACGGGTTTCTCGTCATCCGAAGACTGGATGGAGTGGGCTTCGACCTTCGGCTGCGCTTCCGCGACCTCGGCATTGGTCTGCGTGAGTTGCTCTTCTACACCCCAATGGCTGTAGCTCTGGGATTGAGTCTAGGCTTCTTGCATTTTCACCCCGTCTGGCCGAAGCTGAGCCAGGCTCTCGGCGCAATGGTCTTCACCTTCTTCTTCATCGCCGTTCCTGAAGAACTCTTCTTCCGAGGATGGATGCAGAACCTTCTAGAACGGCGCTTAGGCCGTTATCCAGCACTCTTGTTGACGGCATCGTTGTTTGGTTTGTCGCACTTCAACAAGCGGGCAGTTCATTTCAATTGGCGATATGTCCTGCTGGCGGCCCTGGCCGGAGTGTTCTATGGCAGGGCATGGCGACAGGAGCGCCGTGTCGGGGCCTCGGCCATGACCCATGCCTCGGTGGATACAATCTGGTCGCTATGGCTGCGGTAGAGCAGATGGGATCGAGCGCCGAATGTGACCGTGACGCGGCCGATATGCCAGATAGCCTAGTCCTACCCTCATATTGTGAGTGACATTGCCCAGAAATGTGATCGCTATGCAGATCCCCAGTACTGCATGAGCGATGGCCAGAGGAATGAGGTTGTGGTAGTGAAGAAAGAGCCAGCAGGCGGCGAATCCCCACACCACCGTCGCGACAGTAAGGATCGGATTAGGCAGATGAGCCAGAGCAAAAACTCCGGTTGCCAGCACCACGGCCAAGACCTTGCTCTTGAACAAACGGCGGAAGCGGGATAAGAAGAAGTCCTGCAATAAGAATTGTTGCGCAAATGCCCATATCGCATAGCCCCAGAAGCGCTGAATCAGCTCGAATGGACCTCGCCACGGACGTAATGTTTGGAGCTTTTCCGCAACCATGACGGCGATCGCTGCCGCCGCGATTGCCGCGACAACGATCCAGATCGACTGGAGAAGATTCTCGGTGCGCAATCCAATATCGGCCCAGTCGTCGAATGATTTCCAGCTAGCGGCAAAGATGAAGATGGCCGCAGCCAAGTAGAGGGGCCGCTGCCAGGGGCTGGGCATCCAGATCACGAGAAGGATAAGCCCGTAGCCTACAGATAGCTCGACGATGTCGCGCTGCCTGCTGGCCGTAGCTCCAGGATCCTCTACCAGAGGGAGCTCGGCTTTCCCAACCGCCATGCGCTCATTCTAGAGCTTTTCCCGCAGCAGCGTGCGCTGAAGCATGTAGGTTGAAAAGATCCGCTCTACTCCAGACGAAGGGCAGCGCCGGGAGACGTCGGTGCGGTTAACATGGAGGCGTGCAGCTTCCTGTCAATCCGCCGATCCTGCCGATGCTTGCGAAGCGGATCGACCAAATCCCCAGCGGAGATGCCTGGATCTTCGAGCCCAAGTGGGATGGATTTCGTGCGCTGATCTTTCGCGATGGCGATGAGGTGCTGATCCAGAGCCGCGACGGAAAATCGTTGAACCGCTATTTTCCCGAGTTGCTTGCACCGATACGGTCGCAGCTGCCGGCTCAATGTGTCTTCGATGGAGAAATCGTCATAGCCGGCGCTGACGGGTTGGATTTCGACGCGCTCCAATTGCGCATCCATCCTGCCGCCTCGCGGGTCAAGCTCCTGGCGTCACAGATTCCGGCTTCGATCGTATTCTTCGACCTTCTCGCCGTCGGGGACCAGGACCTGCGGGGCGAGTCTTTCCGGAACCGGCGCGAGCGAATGATTTCGCTGCTCGCGGCGGCTACGCCTCCAATCCATGTGACTCCCGCGACCTCGGACAAGGAAGTCGCCTCGGATTGGTTTCGCCGCTTCGAGGGCGCTGGGCTTGATGGGGTGGTGGCCAAGTCGTCCGCGCTAGGGTATGAGCCTAACAAGCGGGTCATGCTCAAGATCAAGCATGAGCGTGATTGCGATTGCGTGGTCGCTGGTTTTCGTTGGTACAAGCAAGGCGAACATACGGCTGTCGGCTCCCTGCTTCTCGGGTTGTTTGACGATTCCGGCATGCTGCAGCACGTTGGAGTCTGCGCCAGCTTCACGCAGGAGAAGCGGAAAGAGCTCGTCGCGCTACTTGCCCCTTATCGTGAGAACGCGCTCACTGGTCATCCGTGGCAGAGAGAGGGAGCGAACGAAGCCGCATCCGGCGATGGGGAGCGGCGGATGCCGGGAGGACAGAGCCGCTGGAGCCAAGGCAAGGACCTGTCCTGGGAGCCGCTGCGACCCGAGTTGGTCGTGGAGGTCGCTTATGAGCACATGCAAGGCAGCCGCTTCCGCCATATGGCGCAGTTTCGCAGATGGCGGGTGGATAAGACGCCGAGTGAATGTACCTATGCCCAACTCGAAGTGGTTCCTCCGCAGGAGCTGATGTCTATCTTCCCGGGCAATCGCTGAACCGCTTCATTCGGCGATTCTGGGAGGGGCGGCCGATGGGCGTCTGGTTGGATCGTCGTCGGGATCAGGAGTCTCCTGCGACGGCCTGAGCTCTTCAGGAATATGGCGTAGATTGATCCGGATGCGCGTCCAGGTAGAAAACCTGCCGCGCATCGAGTCGACCAGCACGTCATCGACGGCCAGCAGCGCGGCGGCCTGGCTGTGTTTGCGCTTCCATCTCTCCAGGCCTTCTAGCGCTGCTTCTTTATCAGGCGAGTTGGCCACCACGAGCAGCGGCATCTTCGTCCTTGCCTTCTGCGCAGCCGGCTTTGCGGCTCCGGACTTGGCTGCGGCGGACTTGGCGCGGGACGGAGCGACCCGCGGCGCTTCCCCCTCCGCCTTTCGAAAATGCGGTGGCCAGGGAGCGTCGCCGAGCCCCTCCGCCTCATCTCTGGCGGCTAGTTCGAGCAGAGTCTCAAGGGATCCGGCTGCGGAGTCCATCTCCGCGTGCGGGTCCCCAATTTTCTCGAATCGTTGGGGAACGGTGAGTACGGTAAAGTCGGCTGGCTCGCAGTCGGGCACCTCCCGCCAATCAAGCGGGGTCGAGACCCGCGCGTCGGGAAGCGGGCGGACGGAGTAGGCTGAGCAGGTCGTCCTGTCCTTGGCGTTCTGGTTGTAGTCCAGAAAGACGCCATGGCGTTCCTCTTTCCACCACTTTGAACTGGCCAGGTTGGGTAATCGGCGCTCGACCGCGCGGGAAAACGCGAGCGCGGCGCGGCGCACTTCGCTGAAGCTCCATCGCGGTTCAATGCGCACATTGACGTGCATGCCTCGAGAACCGCTGGTCTTAGGCCAGCCGCGAAGGCCCATCTCTTCGAGCAGCGCTTTAACCTCCATCGCCACCTGGCGCACCGCGGGCCAGGTCACGCCAGGACCGGGATCGAGGT
NZ_CP030840.1_gap72	2708433	2712648	4215	CGTCGCTATAGCGTGACCTTGAATGCACAGGCGCGTAACCTGTTCAACAACGTGAACTATGCTGCGCCGATCGGCGTTGTCGGTCCCACTTTCGGCCGGTTTACCGGCCTAGGCGGCGCCTTCGGCGGAGTCTCGCAGTCCGCCAATCGCCGCATTGATCTTCAGGCCGTCTTTAACTTTTAGGCCGATCGAGATGAGGTATACGCTGCCGGTGCCCTCGCCTCAGTGGCGATCGGGCATCCGGCGAGCTCAGAGTATCTAGCTGCCGGTTTCCGTCCAGAGAAATGCCATCTCGTCGGCATAGTCCTCGACTAATTGGGTCTGTGAGACGCCAGCGCTATGACCGCCTTTCAAGCTGTAGTGGAGCAGGATCGGCCGGCCGCTCGAGCTCGAGGTTTGCATCAGCGGTGTCATCTTTCGCGCATTCATGGGATCGACCCGAGTATCTCCATCGCCAGTGAAGAACATGATGGCCGGATATTTGGTTCCTGCCACAACATGCTGATAGGGCGAATACTTGTAGATGTAAGAGAAGTCACCGGGATTTTCTGCCGAGCCATACTCGGTTGTCCAGGTCCGGCCCATCAGAAAACGCTGATATCGAAGCATATCGAGTAGCGGATAGCCGCACCAGATTGCGCCAAACAAGTCCGGCCGCTGGGTCATCGAAGCACCCATCAACAAGCCGCCGTTGGATCGGCCCCGAATGGCGAAATGCTCGGGCGAGGTATATTTCTCCCGGATCAGGTATTCCGCTGCGGCAAACCAATCGTCGAAGACATTTTGTTTCTTCTCGAACATCGCAGCCTTATGCCAGGCTTCGCCATACTCATTGCCGCCGCGAAGACTGGGCAGCGCAAACCATCCGCCCTGCTGAAGCCACCAGGCGTATTCGGAGTTCCAAACCGGCGTCTCGCTTGCGGCGAAGCCACCGTAGCCAGTCATCAGCAGGCGCTCGCTGCCATCCCGTTTCAGGCCTTTGCGCCCTGCGATGAACATCGGAACGCGGGTGCCATCCTTCGACGTATAGAAGATCTCCTTGACCTCGTATTCTTCTGAATGGAAAGGAACCTTGATTGCCGCAAAGACCTCGGAGCGTCCGGTGGTTGTGTCGTAGTGGTAGATTGTAGGCGGCGTGACGATCGATTGGAACGAATAGAAGCCGTCTTTCTCTTCGCCTCGGCCAATGAGCGTCGATCCAGCGCCGACTCCGGGGAAATCGATCTTTCCGCTTTCCTTGCCATCGAGGGTATAGACCGTGAGTTCGCTCTTCACGTCTTTCAGCCTCAAGACGTAAAGCTTGCCATCGACGAGCGCCACCTGCTCTATGACGTCTTTGGCTTCCGGAATGATGGTTTGCCACTGGTCGGGTGTCTTACCCAACTCGGCCTTCAGGATGCGATGATTCGGCGCCTGGTAGTCGGTGTCCACATAAAAGGTATCGCCAAAGTTGTCGACATCGAAGCGGCTCTCGATCCCGTAGACCAGCGGCACGATGGGAGCATCCGCTATTCGCAGATCTTTCAACAAAACATCCTGGCGCTTGGCGGGAACGCCATGACCGACGCTGAGCACCAGAAAATGACCATTCTCGGTGATTCGAATCTGGACGTTGTCGATCTCACCAAGTTTTTCGCCTCGATACTCCCCGCCGAGGATGGTAACGTCGCTCTCCGGAGGCGTTCCAAAGACGTGGTAGAAGGCCCGGGTGCCCTCTTGCGGAAAAAATTTGGAATAGTAAGCACCCTTGCCGTCGGGACTGATCTGGACTCCGTAATAGCGTGCGCTGGGCAGCTTGTCTGAAGTATCTTTACGGCTTGCGAGATCGAGGAAATGGACCTCTAATTCGTCCGCGCCTCCCACTCGAAGGCCATAAGCCATCAAGGAACCACTGTCGTTCAAGTCGAGCATGGTTACCGAGGTGTTCTGATCGGTACTGAGGGTGTTGGCATCGATCAACCGGTCATCCGTACCATGGAGACCATTTCGCAGATAAATCGATGCCTGGTTTTCGCTAGCGAGTCGTTTGGTAAAGAAGAAGCGATCCCCGCGACGAACCGGGGTGCCAATGACATCGACTCGAAGGAGCGCCGCCATTTGAGTTCGTACTTCGGGAAGGATTTTCACCTGATGGAGATATTGCTGGGTATACGCATTCTGGGCCGCAATGAAAGAGCGGGTCTCCGGACTTTTCGCGTCTTCGAGCCAGCGGTAATTGTCGCTGACTTTGACGGGCTGGCCGGAATCCCCGCTTTGGTATACGTCGACGACTGGAGCAGTCGCTGTTGCCGGGGGCGCGGGCAAGGTAATGCCGGCTCGTCCATGAATTGTTACTGAATCTTGGGCGGTCGAGGGCAAAGGCTCTGCCGCCGCGAGAAGTATCACAGGAGTCACAAACAAAGGCATCAGTCGCATCCATTCTCCTAAACGCGGCTACCGCTGGATTTCGAACGCACGTTTGACGTTATCTTAGCTTGCAATGGATTTGAAAGTGAGTAGGAGCGTTACGGAACGAGGCTCGATGGCTCTCGCATTGTTGCGGTGGCTGTATGCCTTCTAAGTGAGAGTGCAGAAGCCCCTCTCCCCTCGGAAAAAGGTCAACTCCACCGTTTTCCAGATCCGTACCAAGGCAGAGAATGCTTTAGTAAACGCGGCTTCGATCTAAAGGAAGCCGTACCTGGAAACAGGTCCCGGCTGGGCTCGACTCAACGCTGATGGAGCCGAAGTGCTTGTTCACGACTCTTTGCACGAGATCCAGGCCGAGTCCAAGCCCTTTGCCGATCGGTTTCGTCGTGAAAAATGGCTCGAAAATTCTGGACTTCAAGCCAGGGTCGATGCCTTGTCCGCTGTCCCCCACCTCGACAAAGACGATTCGGCCCTTCAGGCTGGTCGACAGCCTGAGCGTTCCGTGGCCTTCCATCGCGTCCAGGGCGTTCTCAATCAGAGCGGTCCAAACATCATTCAATTCACCGCCAAAGCCCCGCAACGCCGGCACCATCGGATCATACTGCCGCCGGATTTCGACTAGACTCAGGCGCGATCGAAACATGGCCAGCGTGCTCTCTAATGCTTGAACCAGGTTAATCTCTTGCAGGGGCTCCTGATCCATATAGGAGTAGTCTTTGATTGCCGTGATGATGTCGAAGATCCTGGAGGTCGATCCCACGATCGTCTCCGCCGCGCGTTCGCTGCTGATGGCTTCCGCAAAGGTGGAAATCGCGAGCGGAAGAACGGCGGAATTTACGGCAGCTGCCAAGTCTTCGAGCATTTTGACGGGCAAGCGAGCATCGGCCAAGGGAGGAGCGATCTTCCAGGCATCCGGAATGTGTCGCGCCTCCAGCCAGTTCAGGATCTTTTCCTCATCAACCCCAGTGGAGTGGCTCGAGTCCGTGGTGGCGCCGGCGACCCAATTCCGGGCCTCCTTCATCCAGTTGCAATAAGCATTCAACTCTTCATCAGAAGTGCAGAGATAGCCCAGCCGGCACTTCGCCGCATCGGTTTCGCGAAGATTTGACGAGAGCGTCTCGGCCGCTCGCCTCGCAGCGGAGGCGGGATTATTGAGCTCGTGGGCAAGATTGGCCGCCAGCTTGCCTAGAGCGTTCAGCTTGACCGTCTGTTCGTCGGCCCGGGTGAATTCGCGAACTCGATCGAGAAGAGTCGACACGACCCGCTGATTCAGAGCAGGGATTGCCTGGAGCATCGCCGGAAAGCAGTCCTCGTGTATATCGAGCCCCCAGAACGACCCGGCAGCGGTGCCGTCGCCTCCCCAGGTTTTCATCCGGGAATACGGAAGCTTGCCGGTCATTCGCCCAGTCCGGCCAAAGAAAAGCGAGGTCGGCCCCATGTTTCGCCGCCGCACGTAAACCTCGCCCCCCAGGATGAAGGTGAGGTGGTGCGACGGCTCATTCTCGGTGAAGACGACGCTGCCGTCTGGTCCAACGCGTTCGCTTCCGTGGCTCGCAATCCAGTGAAACTCTTTATCGGAAAGCCCTTCGAGTTCCGGAATGGTGCGAAGTGCAGCCATAATCTCGCCGATGGGTGTTGGCTTTTCCGGCGGTCCGATGGCGGCCCGTTCCGGGCAATCTGAGGCCTTCACGTCATCGACGCTGAGTTCGATGTTCATCTTCGCCTCCTTTTGCATGACAAGGAAAAGGGAGTTTCGCGGGGTGATTTCAACTACTCAAAGACTACACCAGGCCCACGCTGCCGCTCGAG
NZ_CP030840.1_gap73	2713683	2717489	3806	CGGCTCGATGCGTTTGTGCTTCCGAGTCAGGGTTTAGCTGTCGCTCGTGCGGTAACTGAGATCTTCCGCGACCAGCAAGGCCTGCGCGAGAGTCGCGACCGGGCTCGCCTCAAGCACCTGTTCCTTAAAGAGGGATGGACAGCGGAGAGCTTCCTGGCTGAGCTCGAGTCTAGGCTTGACTTTCCCCTATTGCCGGGCGTTCCCGAAGAGATACCCAACGACATCTACCGGGACCATGCGGGTATTCATCCGCAGCGGCAGCCCGGGCTCTGCTATGTTGGCGCTTCCGTGTTGCGTGGCCGTCTCAGCGGAGAGCAGTTGGAGGCGGCAGCAGAACTCGCCGAGCGCTTTGGCAGCGGCGCCCTTCGGGCGACGGTCTCGCAGAATTTGCTCTTCATTGATGTTCCCAATGGCAAGACTTCTGAACTAGCCGGCGAACTGCAGCAGATTGGCCTTGAGGTGGAGGGAAGCCCCTTCTGGCGTGGAGCCGTGGCCTGCACCGGCACGGAGTTTTGCAAGCTTGCGATTACCGAGACTAAAGGATTTACCCGATGGCTGGTCGATGAACTCGAAGAGCGGCTTCCGGAGTTCGATCAACAGCTCAAGCTCCACGTGACCGGCTGCCCCAATAGCTGCGGCCAGCACTGGATCGCGGACATCGGCATCGAAGGCAAGAAGATCAAGCACGAAGGCCAATTGACCGATGCGTACTACTTCTGCGTGGGAGGGGCGGTCGGCAAGCATGCCGCCATTGCTCGCGCAGTCGGTTACCGCTGCCCGGCGCCGCTTGTTCCCGAGGCAATTGAACGCCTGCTGCGCCGATACCTGGCCGATCGCGCCCCGGAGGAAAATCTTCGCGCCTGGTTCGGCCGCTATCCCAACGACGAACTGCGCGCCCACCTGGCCGGAGAAGTGCTTGCGCCAGTCGAGCGCGATACTCCCACCGGCCGCGCCCCGCATGGAGTCGACTAATGGCAATGCTGCCCATCTTCCTCAAGCTATCCGGCCGCCGGTGCCTGCTGGTGGGTGCGGGTACTGTTGCCCTGGAGAAGATTGGAAGCCTGCTCAAAACCGGAGCTAAACTCACCGTGATAGCCCCGGAAGCGCGGCCCGAGATTCAGCAGCTTGCAACCGAGGGCAGGCTGGTATGGATTCAGCGGGCATTCGAGTTGACAGACCTCGATGGCAATTTTCTGGTGATCACGGCGACCAATGTTCCGCAGGTGAACTCCGCTGTTTATCAAGGCTGTCTGGATCGGAATGTCATTTGTAACAGCGTCGATGACATTCCGAACTGTGACTTCTATTTTGGCTCGATCGTAGCTCGTGGAGACTTGCAAATTGCGATCTCGACTGCTGGGGAGAGCCCTGCGGTTGCGCAGCGACTTCGCCGCGAGATAGATGAGCAGCTCCCCGAGGACTTAGGCGAGTGGTTAAAAAACCTGGGCCAGCTTCGCCGCGAGGTGCTCGAGAGCCATCCCCGGGGGGATGCGCGTAAGGCAGTGCTGCATCAGCTCTCGCATCGCCAGGTGTGCGAATCGCCGACATGCCCCTCGCGGAGGATCGCCTCGCAAGCGATTCCCGAAAATTCGCCGAACACTGTGATAAATAGCGTCGAGCCAAAGGTCTACCTGGTAGGAGCTGGGCCGGGCGACCCGGATCTCCTTACCGTCAAGGCGCTTCGCCTCATTCAGAATGCCGAAGTCGTTCTCCACGATGATCTGGTTCCTCCGGCTGTTCTCGAGAATGCTTCGCTCAACGCGGAAATCGTGAACGTGGGCAAGCGTTGCGGCGCCAAGAACATTACCCAGGACGAAATCAACGCGCTGATGGTGGAACATGCGCGCGCCGGCCGCAGGGTGGTTCGTCTCAAGAGTGGCGACCCGCTCATTTTTGGCCGCGCTGCCGAAGAAATGAGAGCTCTAGGCGAGGCCGGCATCGCTTATGAGATTGTTCCCGGGATCACCGCGGCCTTCGCGGCTGCAGCTGCTATTCAATGTTCATTAACCGACCGTAATTGCGCGTCCAACGTCGTTTTCTCCACAGGACAACATGCGCAGTCGCACAATCAATCTCCCTTGCCGGAGCGGGAAGACGCCACCCGTGTGGTCTACATGCCTGGACGGGATTTGACTCTGCTTGCCGCTCAGTGGCTCGACGAAGGTCTTCCGCCTAATCTCCCTTGCGTGGTCGTCTCCCGCGCCGCTCAGCCCGACCAGCAAGTGCGATGTACGACACTTGCCGCCCTGGGTGCTGCCGAAGCTGCTCTCGCGCCGTCGCTGCTCATCGCGGGTTGGAGCGTTCGGAATGTGACTTCGGCAGCTATCGCGGATGTGTGGGCTGGTCAATCCGCGGTCTGAGATCGAGGAATTGTAAGGAGAAAAGCATGGCAGAAGTAAAAAGCGATTCGAAGCGAGGGGTCTCGCTCGATGTTTATGCGGTAGCCCTCGCGCTTATCCTTGCGCTGCTGGTGCGATTCAATCTGCTGCCACCGGTGACGTGGTAGGGTCTTTTCGCCATTGCAGCGGGCGTTCCAGTGAAAAGCGAGTCATCGCTGGCTGAGAGACGCAAGCAGTGCCACATCAAACCTCGGGGAACTGTGCTCTTAAGGGAGCAAGGAGAAGGCTATGGCCACCACCGCAATCCCAACGTCAACGCCCCCACTGAGTATCGGCAGGCAGATCGTCTCGCTTATTCCAGGCTTGTTGCTGCTCGCGGCTGTCGGATATGCGGGGAAGTTCATTGAACAGTCGATCGGTCATTACACCAAAGCCAACCACATTACCTTTCCAAACATCGAGTATGTTCTCTGGGCCATCGTTATCGGCTTGATTATCGCGAATACGGTCGGCGTTCCACGCATCTTCGAGGCTGGTGTCGCGACTTACGAGTTTTGGCTGAAGGCGGGCATCGTCCTTTTAGGCTCGCGCTTCCTGCTTGGAGATATCCTTCATTTGGGCGGCATCTCGCTGCTCCTGGTCGCAATTGCGATTACGCTTTCCTTTGCATTTATGCACCTGCTTGGCCGCAGCTTCGGCCTCAAACCTAAATTAACGTCGCTCCTGGCAATCGGCTCTTCCATCTGCGGAGTCTCCGCGATCATCGCCGCCAAGCCGGCCATCGACGCCGATGACGAGGATGCGTCTTACGCGATCGCGGCGATCCTCGCGCTCGGCGCGATTTCGCTCTTTACCTTTCCGCTGATCGGCCATGCTCTCCATCTGAGCGACAAGGCTTACGGCCTTTGGGCTGGTCTCGCCGTGGACAACACCGCGGAAGCGACCGCCGCTGGTGCGCTTTACTCCGATGCGGCCGGCAAAGTTGCGGTACTCGCCAAGACGACTCGGAATGCATTGATTGGCTTCGTCGTGCTGGCTTATGCCTTATATTGGGCCAGCAAAGGAGAAGCTCATGCAGTTGGTAACAAAGCGGCCTTTCTCTGGCGTAAGTTTCCCAAGTTTGTCCTGGGGTTTCTCTTGATCTCCCTACTGGCGACACTGGGCTATTTCACCAAGCCGCAACTGACCAGTCTGGCGAACCTTTCACGCTGGGCATTCCTCTTGACCTTTGCTGGTGTTGGATTGAGGACCAGCCTCCGCGAACTTGGCAGGCAGGGATGGAAGCCGTTTGCTGTAGGCGCAATCGGTGAAGTCTTTATAGCATTGGTCACTTTGGGGCTGGTCTACGGAGCGGACCACTACTTGCACTTGTGACGTAGGCTTCCCCCAGCCCATCGTTACAGATTTTCTTTTCTCGTTTATATATTTTCTTTGATCGCTCCCCACTGCGCTGTGGAAGCTTTTAAG
NZ_CP030840.1_gap74	2724731	2728401	3670	CATGGAGTCGAGCGCCCAGGTGACAGCGCCCTCAAAATCGATGGCGTCGAGCGCCACGGCTCCGATAATGACGCGCTCTCCAGCCGGCCATGCACGATCCGCTGCACGATCCGCGGGCCAAGGCTTAAGGCGGGTATTTTGCGCTTTGGGCGGGACCTGTTTAGCCATGTCGCCTCCACCGCACCGGTGATCCGATCAAAGTTCACGCATTAATGCGTCGAGGTTAGCGTCTTCAGGAATTGGTAATAGAAGTCCACCGCGGTGAAATACGACTTCACCGGAACTCGTTCGTCCTTGCCATGCATGCGTATGTCGTTGGTCTCGATCGCGATCCCCGAAATTCCGTACGTCGGCATGCCCGCAGCGTTGGTGTAGACGCCGTCAGACGCACCGTCGGCCATGTCGGGGATGATTGGCGTTCCCGGCCAGAACTTGCCCGCCACGGAGGTGAGCGCCGCGAGCACCTCCGGCTGTAGGGCGGCTGGCGGAAGCGCCTTGGCGTCAGGCGCGCTGGCAGAGACATCGCCTGCATCGCTTACGTAATTCACGGTGATCTTCGGATCGGCAAAGATGCCAATCAGTTGCTGCCGGACTTCCTCACGCGAATGACCGGGCAGGATCCGGCAATTCACGTTGGCTTTGGCCATTTGCGGGAGCGCATTGTTTGCATGGCCCGCGTCGAGACGGGTAGCCACGCAAGTAGTGTGCAGAGTTGAGTTATGGGCGGGGTCCTGCGACAGCCGGTCGATGGCAGCTTGGTCCGGCGGGGTGCGCAATATCGCCTTCATGTCTGCGGCGGTCTGGCCGCTCTCGACCGTGCTCATCACTTCGAAATAAGCCCGGGTCACCGGATTGAGTTCGAAGGGGAACTTATACGCCTGCAGCTTCGCGAGTGCATCGGCGATATGGTAGATGGCATTGTCGGGTACCGGCAACGAACTATGCCCACCGGGATTGGTGACGACCAGCTGATAGTCGGCGTAGAGCTTCTCACTCGCGTCGACGTTGACGCTCAGCGGTTTGCCGCTCTTAAGGTCGACTCCGCCACCATCATGGTTCAGCACGTACTCGGCGTCGATCAGGTCGCGATGATTCTTGAGCAGCCAATCGACTCCATTGGACTTGCCTCCCTCCTCGTCGGCGGTGAGAGCAAGGATGACGTCGCGGTCTGGCTTATAGCCTTCCTTTTTCATGCGGATGAGCGTGGTAATCATGATGGCGTCACCGCTTTTCATATCCTGGGTACCGCGTCCATAGAAGTAGCCATCCTTCTCGACGAACTGAAACGGATCGGTCGTCCAGTCTTCGCGGCGCGCCTCCACCACGTCCAGGTGTCCGATCAGCAGGATCGGCTTGTGTGATCCGAGTCCTTTGAGCCGTACCACCAAGTTGCCTTTACGAGAGTTCGGGCCCATGACGATCACATCTTCTTTAGAAAAGCCGCTGTCAAGGAGGCGTTTTGCCATAGCGTCCGCGGCAACCGTCGTGCTTCCGACGGAATCTGTGGTGTTGATCTCGATCAGCTGCTGAAAAACATCCCGAGAAAGCTGGTGATCTACTTGGCCCCGCGCGTATCCCGGTCCGAACGGGACCACGCACAGTGGAAGCGCCAGTGCAAAAGAAAAGCGACGCGCTGCCACAAATCGAAGCAAGTGAATCATGGGGCTCTCCAGCCGAAAGGCAGGTAAATTCGAATGATGGCCAAGCGTAACAGATGTGAAAGCGCGCAGTATGGCACCACATCTGAGCAGGATGAGCGGCAACTGCGGGGTCCCTAGGCGCGGGCTTAGCCGAGTGATTGCTCCCTCATACGTCTGTCCGTGATCGAGTCGAAACGTTTAATTTTGTCCGGAGGTGATCCGCACCTTTAGACAGCGGGGTGCTTGATCGGGCCCCTCGATTCCCGCGTCCTGGATGGAACCGGCACTCTCGATATAAGAGCCAATCCGGCATAACTCTATGAAAAATATGAACTTTGAGCCGTAATTTATTTTCATGTTCCTGAGCTATTAACCTCCCGTTCATAAAAGACCGTTAGCGTAATAGTCTGTGAATCTCAACGCTCAGGACACTCGATTGGCTGGAACCCTCGCAACGAACTTCCCCAACGGGTCGTCCGGATCCCCTATGCCAGGAGGTCCTCCCCCCCTCAGTGAAGGCTCGGCGATACGGAAATTCCTGAAGTCGCGAGGTAGTTCGGCGAGGACGGATCGGGTTTTCGGCGGGGTGATGTTGGTGTGCGCCATGGCCATCTTCGGCATCGTGGGGCTCATCCTGTTTGAGCTGATCATGCGTTCCCGGCTTTCGATTGCGAAGTTTGGGATCAGTTTCTTTTTCACCCAGGCCTGGGATCCAGTTACGGGTGCTTTCGGGGCCCTGCCATTTATCTATGGGACGTTGGTCTCGTCGTTTCTAGGATTGCTGATCGCCGTGCCCCTCGCGATCGGGGTCGCCATATTCCTGACCGAGATGTGTCCGCAATTCCTGCGGGGCCCATTAGCTTTTCTTACTGAATTACTGGCAGCAATTCCCAGCGTCGTCTATGGGTTATGGGCAGTATTTGTTCTGGTGCCGATTTTGCGCACGGATGTCAACCCGCTGCTGGCAAGAGTGTTTGGCTGGACCGGCTTCTTTGGTGGCCCGAACTACGGCATCGGCATGCTGGCCGCCGGAGTCATTCTGGCGATTATGATTCTGCCGGTGATCTCCTCTCTCACCCGGGAAGTCATGATCTCGGTTCCCCACTCGCAGCGTGAAGCCGTGCTCGCACTGGGCGCTACCCGGTGGGAAATGATTCGCATGGGCGTGTTACGCAACGCCCGCATCGGCATTGTGGGGTCGATCATACTGGGTCTCGGGCGTGCACTTGGGGAAACCATGGCAGTCACCATGGTGATTGGGAATCGCCCTGAGATTGCAAGATCTCTCTTTGCGCCCGGCTACAGTATGGCCAGCGTCATCGCCAACGAATTCAGCGAAGCCTCGGACGACCTCTATCTCAGCGCGTTGGTCGAGATCGGTCTCGCTCTATTTCTCGTCACGATCGTTGTCAATGCTTTGGCTCGAGTGCTGGTCTGGGCGGTAACGCGGGGTGCTCCGGCCCGCGTCGCATAGAGGCGGAAGCCGGGCAGGCAGCGCTTTCCAACAGTCGAACGGGCTTGATACCTATGGCTACCAGTGTTTACAAGACGGGCACCTACAACCGGATCAGCCGGCAAATCGCGGACCACGCCGCGAGTGTGCTTGCCGTACTGAGCACGGTCATCGTGGTTGCGCCACTGGTGGCGATCTTCGCGTACTTAATTTACAAGGGCGCTAGTTCACTGAATGTGGCATTCTTTACCCAGGTTCCCCGGCCGGTTGGAGAAGCTGGCGGCGGTATGGCGAACGCAATCGCTGGCTCGGGGCTGCTATTGCTGATTGGCAGTGTCCTAGGCGTGCCGATCGGGATTGGCGGGGGGATTTTCCTGGCGGAATTTGGCCGCGGCACGCGGCTTGCCAATGCTGTCCGCTTCACTGCCGACGTGTTGAATGGTGTGCCGTCGATCGTTATGGGCATTGCCGTCTATTCTTTGATCGTTTTGCCCCAGAAACATTTCTCCGCATTCTCTGGTGGCATCGCCCTGGGCATTATGATGATCCCGACGATCACCCGGACCACGGAAGAAAT
NZ_CP030840.1_gap75	2782342	2785466	3124	ACTACAACAGATCGTGCATGTACCGGGATGCCGCCCGACAGCATGAGCTTGTGAATACCGTGGTGCTGATCGGCCGTCACTATCTCCCGGGAGATCGCGAAATGGACTCCGAACTTCAGTGCCTGAAGTTGTGCCCGGCTGGCGAGTTGCTGGCCGGAGACGCCAGTTGGAAAGCCCAGATAGTTCTCGATCTTTGAGCTGGTGCCCGCTTGTCCTCCGGGAGCAATGCCCTCAATAACGATGGTGCAGAGGCCTTCAGATGCTGCGTAGACTGCGGCTGCAAGTCCCGCAGGTCCTGCTCCAACGACGGCTACGTCGTAGGTAAGCGCCGCGTCTGGCAGTTCGGTGATGCCCAGTTCATCAGCAAGCTCCGCAATGCTTGGGCGAGGCAGGACGCGGCCGTCCGAAAGAGTGACGGCAGGCAGCGTCTCCTGAACGGCGGAGTCATCCGTCTCAGGCGTAACTTCGACAATTCTATGTGGATAACTATTGCGAACGAAGAAGCGCCGCAAGGTAGTCATCTGCGCATCTTCTGCTCGCCCCCGAAGCAGCACGCCGCTCGAAGCCTCACCAAGGATGCCGATACGGCGCCATATAGTCGCCTGCACGATCAAATTAGCGATGTCTCCTTCGGCGCGCATGAGGCGTTGCAGTGCTTCGCGTGATATGCGCAAGAGGCGGCTCTCGATGGCGGTCTGCGCTTCAACCACAGCCCTTTGAGAGTTGAGTAGATTGAATTCCCCACTGAAGTTTAACTCGCGATGACGAGCGAAGACCTTGGTTCCGCCGTTTGCAGATGGGAGCAAAACATCGATGCCGCCTTCGAGGACAACAAACATATCGGTTCGACGGTCACCATGGGTATAGAGGACCACCTTGGCAGGAAAAGCCTCTTCGCGGCCATAGGGGCGCAGCCTTTGGACCATTTCTTCAGTGAGCTTCGGAAAGGCAAGATCTCTCCGAAACTCAGCCGTGATTCCCTCCCGAGAGCTGGTCTCGTTCGATGGAGAGACGTGTCCTCCGTTAATCTCCGCGCCTGTTATTTCCATCTTTCAATGCCCCTGAATAGGAAGGAATGATCGCTCATCCCATCTCTACGACGATACCGAGGTCCCCGTTAGATCTGCAAGAGAGTCGACCAGAACCAGGATGAGCGCCGCTGCGTTCACTGGTTCCACTGTTTGGCCAGGGCAGGCCGGAGACGTTGGTGCAGCATGGCGATCTGCGGCAACTGCTTGAAGGTCAAGTCTTACCGGCAGCGGCCGAGGTCGTTGTAATCCAAATCGCCCTCTGCTCAAGAGATAGGATAGTGGCACGGTTGTTCTAGATCGTCGATCGGTCTCCCGTCGACCGGTCTTCCGTCGACGCTTGCTGAGTGGATCAATGATCCACAGAGCAAGCGGCGCGGACAAGATCTACTTTGAGCGGGGAGCCGGCTTCGAGGCGTCGGCAAATGCGTATGCGGTCACGGCAATCACAGCAGCGTTCTCTTGAAGATGCTGCCTGTCTACCTTGTCAAGGGTATCTGCTGCGGTGTGGTGATAGTTAAAGTAGGAACGTAAGTCTTGGATTGGCGCGAGGCTTGGCACGCCGGCAGCTATCATGGGCGCCAAATCTTCCGATGGTAGTTCGCTGATGGTCGTCAGCGAGCCAGCACCGATTGGCTTGAGCGCATCAGCTACCGGAGCAAGGAATGCCTCCAACGCCGGGTCGCTCAGATAAAGGCCGGTTGGGTGATCGCATCCAAGGTCGCTCTCCATCGCCGCGACATGATTACCGAACTCAACGGAGTGTTCCTTTCCGTATGTTGCAGCGCCGCTGGCGCCGAATTCCTCGTTCATCCAGGCGATGAACCGGATAGTACGCCGCGGGTGGATATTAAGTGCCTGCAGCAATTGGATCGTTTGCATTGCAGTCACAATCCCCGCTCCATCATCGGTAGCGCCGGTGCCCAGATCCCAGGAATCCAGATGACCCGAAACGATGACCATCTGCTCGGGGTTTTCTGACCCTTTCCAGTCCGCGATGACGTTATAACTTGTTTCCAGCGGCAGTGTTTGTGGCGTTAAGGTCAGATGTATGGTGATCGGCCCCTGCCGAGCCAGCCTGGCAAGGAGATCGGCATCTTCGGCTGTAACTGCAGCTGCAGGTATCTTCTCAACGCCTTCGGTGTACAGGAGGGTACCAGTGTGTGCCGTCCTAAGATCGGCACTCCCCAAGGAACGTACCAGCACTGCGATCGCCCCGAGTTTGGCGGCCACTGACGGGCCGACGACCCGGTAGGGAGCGGTTTGCAGGTAGGCTTGGATCCCTTGTCCCTGGGCGGTCATCGCTTTGTCAAAAGAGACATCGAACAATACGATCTTCCCCTTCACAGCTCCAGCCGGGAGCGCTCTGAGCTCGGCAAAAGAATGGACAACTATGACGGCCGCGGAAACTCCTGAGGGGGCAGTTGCCACAGAGTTCCCCAGGGCAGTTAAGACAATTTTCTGCGTGGCGCCAGAGACTTTGTTGGGCCAGTCTGTCAGGAAAGCAGTTTCTTCGCCACGCACCCAGTGAGGAACTGCGGTCTTCTCAAGCATCACGTCGGCGCCAAGCGCCCGCATCTGAGCCGCCACCCATTCAACGGCCGCGCTGGCCTGTGTCGAACCACTAAGCCGCGGTCCGATTGTGTCCGTCAGGTAGCTCAATCTGTCGTAGGCGAACGGGTCTCGCAGGGCCTCGTCACGCAGGCGATTCATGGTTGCGATCTGTTCCACGGTAAATGCTCCATGACCGGGCTCGGCCGCGGACACAATGCGATCCAGGACGGAGCCGGACGGCTGGGCCACGGGAGGGTTTTGAGCCCCCGCGAATGGAATTACACAGCTACCCGACAAAAGTAAAGCCGAGAAAAGTCGAGAAATCATCATGCTCCAAGTGAAGTGAATTTGGATGACGAGCTTTATCCCAAACACGCGTTGTCATCAATAAAACGCCTTGTTGTTGGGTGACTGCTCGAGCACCCCGTCAACCTAATCTGGTGAACAAAACCAGAGAACAAATCCAAGAGAACAAAATCAAGGAGAGTCACGCTCCCCGGCAAGAGGCCGTGCCGTGCAGCGGGGCTCCTTCTGCCTCCCTA
NZ_CP030840.1_gap76	2792835	2794481	1646	AGATCATGGCGGGACGATTCACCTCGACGAGAGATGCGCGACTGGAACTGCCTTCAAGGTCAAGATACCTTTTGCGATCCCCAGAAAACGATTACCTGCCCCGCACCCAAGCTCTCGTTGAACAGAAGAAGAGCCAGGGGCGGACGCTAACCTTGCCGAGAACGACGGGTAGACGCGGACGCGAAACCCGCCGAGCTTTTGCGCCGCGATCCGCGTCCGAAGCAGCTCGTTGCTGCCTGCGCGGCGAGAAGATGCAGTCAAGCTGTAGCAGCTATTCGTCTCGGGCAAGCAGCTCCGAAGCCGAGTGTGCGATGCGAGAGCCCTCCGGATCGGAAGCGGCATTCAGGGGAAGGAGAATTGCGGTTTGTTCCCGGCGGCAAAGAATGTTGCTTGCTATCAGGCGGCGCATGGTGGTGATTGCTGACGGGACACTACCGCAGTCCAGGCCGATCCAATTTGGATAGGTGTGGGTTGTAGTCCGAAGGGAGGTCGCCTCTTCGAGCGTCCGCTGAACGCGTTCCCGAACTTTCGTATTCTCCGTGACAGTTTCCCATCCAGGTTGAAGGAGTGGAGCTTCGCTGTCGAGCCGGTTGAAGAGGTTCGCTATGCCGAGCTGTTGAAGCCGTATCAAGTGGCCACTCCAATAGTGGGTGGTCTTCGCGATCACGGTGACTACATTCTTGATCTCCTTTTCCACTCGAAAGGCAGGGCCGGCGGGAAGTAAGATAACACCCTGTTCCAGGCGCACAGAGACATTCTCCATAGTGATCGCGCGCAGCAGCCACTCTGCCATGGTGGGATTGCGGCATTGGACGCGCACCCAGCCCGGTGACGACGGCGCTGCCTGCAGGCGAGCGGCAAGTCCAATGCCACGCACGATTTCGTCACAAATCTCAGCGTAACGGACGGGCTCTTGAAGGATTGACTCTGCCGTGCCGGGTTCCAGCAGCTTGCCTTTGTGCGGCGGGCCACCGGCCATCGCGAGGTCACAGAACCCGCCCCACATGCGGTCCCAGGCGACATTGCCCTCCGCGTCAAAAGCTAGTGGGGCCGAGCCCATCGAAATGGGCTGCACCTTGTCGGTACGGTCACGGTAAATGCCGGGCAGCAGTATAAGCAGCCGCTCTTCCGCCTCTTGGATCGCAGCGGTTTGCGTGCTGGTTTGAGTCATCGTGATATTGCTCCACGTACTCCGGAGAGGGTGTGATGCCGCAAGGGATCACTGCTTAGTAATGCGTTCACGCTTCAATCTCGACCACGACTTTTCCTGTTGTGCCAGCTTCCACGGCCGCGAAGGCTTCGTGAATCTGCGCCGAAGAAAAATGCCTTTCGTTAAGTAATGGAGTAAGATGGCCGGCATCGACAAGCGCTGCCGCATCCTTCAGGATCTCGCCATGATGAGGTCGCCCTTCACCGCTCAGCATTGGAAACAGCGTGAAGACACCTGAGTAGGTTGCCCCACGAAACGAAAGGGGCGCCAGCGAATGAGACCCCCACCCTAACGCGCTCAACACATGGCCGGTGTAGCGTTTCGCTACCTGAAAAGATGCATCCAGCGTTGCGCCACCCACGGTGTCATAAATGATGTCAAAGCCTGCTCCCCGGGTATACTTCTCCATGTATTCAGCGGGAGTCGCGAGCTGGTA
NZ_CP030840.1_gap77	2804473	2809393	4920	CTCGATCGTGGGACGCTCTCGCTCGGGCATGCCTTTCTCAGCCCCTGGTCCCTCGTGGGTTGGGAAGGCGTAGCCGATCAACGCATCAGCTCTGGCAGCGTAGAAGGCACCCTCGACACCGTCCTCGTGCTGCAAGGTTTCCGTCGTGAGATCTTTGAGCGGATCAGGTTTCGGGGGCGGTGGCGCGTTTTGGTCAGGGCTTCGTGGCACAGCAGGAGGCGGAGGCGGCTGTGGTGGACGCGGCTTGATCGCCCGCAGAGAACTATCTGCCGTCCTATGATCTGCGTAGTTCCGCGCGAGACTGACAGCGACGCTGACAAGATGATGCTCGGTCAGTGCGAGCGTTTCCGCATGGCGATTGCGAAGAAACGTAAACAGGCTGATGGCAGCGGCTGCGAGGAACAGGAGCGTCAAAATCACGAGTAACAGAATGCGGGAGCGAAGGCTTCTCCAAAAGATCTTCGCCATTCGTCTCCTTTCCAGTATTCCTCTCGCATAGCTTCTATCGAGACGTACCACTATGGTATGCAACTTGGCTGCCATCGGTAATGGTGCTCCTATTGGCGACGCCATGAAGATCAGCTGCCAAGAGACCTTAGCTACTGAACACGACTTGTGCGCAATCCGCACAGCATGCGAGCGAATTACGGCCGGTCCGAGTGCTTCCAGAAGTCTCCGACCCACCAGACACCGGGTGATCGCAGGACTTTGAGGGTCTTGAGGAATGGCACGCCGCTTGCCCTATTGACTGGCAGAGGTGTTGCTCATGTACATTCCATCTTCCCTAAGGATTGCGGTTCTTGGACTGATATTTAGCTCTGCGGCTTTTGCGCAAAGTCCGGTTGCCGCATCCCCAGCCCCTCCCACTGTTCCGCCGGCTGCTGCGCCTGCGCCTCCTCCGCAACAAGTTCCTATGGTGACCCAATCCTCTCGCGTCCGTGCTTTCAACGCAGGTCCGCGGGGAGAGGCACGCAGCTTGTACCTCCAGAACGGCAGCGTTGTTAATCTGGCGCCGGGACTGGGAGGGCAAATCGGCCCCACAGTCCGAAAGGGAGAAAAGATAACCGTGACCGGCACGAAGTCAGAGATCAATGGACAGTCTCTAGTCGAGGCGGCCAGCGTCCGGTTGAACGATCAAACCTTTTCGGCGAATGATCCCGCGCCGGGGCCCCTGGCTGAAGGCGTGGAGCCACCCCCGCCGGGAGCATCGCAGGCGCCTCCCGCACCCGCACCAGGAAGCAGAAACAGGGCCGCTGTACCGGCACCTTGTGGCGCAGCAGTCAACGCACCGTCGCCTCCGCGCAATTTCGGTGGGCCTCCTCCGCCACCTCCTGACGGAATGGCCCCGCCCCCAGCGCCTCCCCAGAACTGAGAATGCGATTACGCGCAAATGTTGTTTCTTGGCGGATGTTCGTTCCGTCAGGTCGGTGGGCCGACGTGGCTTCTCGATCAATCCAGCTTGTCGGCTCAATGGGCCGACCTAGTTGCATCGAATTCTTCACCCAAGAAAGAAAGGACGACGCTTATGCCACCTCCGAAGAAGGCAGCAGCAAAGAAGGCCGGCAAAAAAACTCCTGGGCATCACCACGAAAAGCATGGCCCGGCGAGCGACCTGCGACGCGCCTATGAGCACATGGGGAGGATCGCGGTTCTCCGGCAATCCTTAAAGTCGTCTGTGACGGATGCAGTTGTCGAACTTACTACGTTGGCCCAGCGATCTATCAAAGACGGACACAGCAAAGACGCTGCCGATCTTCTCCGGGCATTGGAGCATCTTAGCTTCGCAGTCCTCGCCGGCGGGGTCTCTGGTGCCGTCCGCGTCTCTGCCGAACTCAAAGCGTCCATCACGGAGCAGTTCGATGAACTGACGAGAAGGGCAGATGAGCACTGGAAGGAAGAAGAGGAGCACTCCAACCCACTGACCGCGATCTATGAAAGCTCTCGCAACAGCGCCGCCAGTGCGTTCAAGGCTCGCGTCTATCACCAGGCCCTTGAGTTTGCACGCGCTGCGGAAGCTCTCGCTCATGTGAAGCAACGTGGTGCTCTCAAGCTTGGAAGAGGCCACAAGAACCTGCAACTCAAAAGCGCTGTAGTTCCTGGAAAGTTGTAACGAATGGCCAGTGTGACGGAGATCGATCCCGGCAAGAAACGAAGTATTCACGCCCTGGAGGCGACGAACTTCTTCCTCGCCGACGTGCAAACCGGCCTCGGCCCGTTTCTCGCTGCCTATCTTGCGGGGGCCGGTTGGGAGCCGGGTAGGGTCGGAATGGCATTGACCATCGGCGGCATCATCACTGTGGTTCTGCAAGCTCCGGCTGGCGCCATTGTCGATCAACTCAGGGCAAAGAGACTGATTCTCGTCCTGGCTTCAGCCGTTCTCGCTGTAGGAGCGATCTTACTGAGTATCACGGCTGCACCATGGGCCGTGTATACGTCCCAGGTCCTCATCGGAGGTGCGGGGCCATTCCTCGGACCGACACTTGCTGCGGTCACCATGGGAATCGTCGGCGTAAAGTTCTTTGATCGTCAATTTGGGAAGAACCAGTCTTTCAACTCGGCCGGCAACGTGGCGTGTGCGCTTGTGATTGCAGGCATGAGTCATTTTTTCGGAAATCGAGCCATCTTTATCACGGCTGCGGTGCTGACAATCCCGACCGTGATGACGATCCGAGCGATTCAGAGCAAGGACATCGACTACGATCTTGCCCGGGGCGGGGCGATCCAAGTGGACGGTAAAGAAGTCGCTGCGAGAACTCCGGTGCTGAAGACTCTCCTTGGAGACCGGACTCTCCTGGTCTTTCTCGTGTGCGCTTTCCTCTTCCACTTCGCGAACGCGGCCATGCTGCCGCAACTCGGCGAGATGCTTTCGCACGGCGCGCGAGCGAGTGCCGCTCCGTTTATGTCGGCCTGCATCATCGTGACGCAGGTGGTCATCATGTGCTTCGCCCCGGCTATTGGACGGTTCGCGAACCGGCATGGGCGTAAACCGCTGCTGATGGTAGGCTTTGGAGTTCTTCCAATGCGCGCACTTCTTTACACCTTGACCCACAACGCGGGAAGCCTGATCGCGATCCAGGTCCTCGACGGCGTGGCGAATGCAATCTTTGTCGTTGTTTCCATCCTCGTAGTTGCAGACAGAACGCGCGGCACGGGACGGTTCAATCTTGCGCAAGGCAGCCTCGCAACTGCAGTAGGGATCGGCGCCGCACTCAGCAATACGTTCGGTGGAGAGTTGGTCCAGCATTTCAGCTATCGCATCTCCTTCTTATCCCTGGGGGCAATTGCTGCGCTGGCGTTTGTTCTCTTATGGACAGCTGTTGGCGAAACCCTTCCGGACAGGAACGAACCAAACAAAAATGTTTCTACCCCAATTGCTCCCCAGGAGCTTCCAGCATGAGTGCTCTCGCGTTGAAACGTCCATTCCGACCCCAATCACCCGATGCAGCTGGTGTGATTAGCTGGATTCACTTTGGCGATCTCCACATGATCAAGGCCGGAGAGCAGAACCACCTCGACCTGGCGGAAATTGTGAATGAAGTCAATCACGCATTCGCTGATTCTGTAAGCTTCGTCTTCCTTCCGGGGGACGTAGCCGACGACGGTAGCCGCTCTGCCTATGCCGTGGTGCGCAGCGAGCTCGACCGCCTGAATGTCCCGTGGTGCGCCATCATTGGCGATCACGACGTTCATGAGAAAAGTTTTTCAAACTTTCTCGAGGCGATGTCGGAACAAACCCACTTTGCCTTCACAGTAGGAGACACGCGATTCCTCGCCATGAACGCCTTCGACGTGCCTGAGCCTCCTTCCTTCACCGTGTCCGAAGAGCAGGTGCTGTGGGCAGAGGAGGAATTGCGAGAAGCAACGAGTAGCGGCCAGAAAAAAGTTGTTTTCTTGCACTGTTATCCAAGCGACCTGAAGGTCGGCGGAGAAGAGGTAAGCCGTCTCGTCCGCGACTATGATGTTCGCCTAATCGATATGGGTCACACTCACTATAACGAGATCGCCAACGATGGCCGGACACTCTACTCCGCAACTCGATCCACAGGGCAGATTGAAGAAGGACCAGTCGGCTATTCAGTAACTAACATCGACTGCAACGTAGTGAGCTGGCGATTCATCGAACTGGGCGGGTTGCCCGTTGCCGTTATCACCTCCCCGAGCGATGAGCGGCTTCTGACAAAGTCCAACGAGATACTGAAAGAAACGTTGAAGGTTCGAGCAAAGTTCTGGGGATCGGTCGGGGCCGTGGAAGGGATCGCTCATCTGGACGGGCAAACGCTGCCGATGAAGCGAGTCAGCGACAGTCACGTTTGGGAGGCTCATGTTCTCAGTCCCGGTGAGGGCACACATTCTTTGAAGGTGTCTTTCAAAGATGCGGATGGAAATCTCGCGAGCGACGAGATTCGTGTCGCGGTTGAACAGCGCACGGAACGGAAGTTTCAGGAACGCGATCAGGACAACGCACTGGAGGCATGGCCGGAACATGGGCTGCTCGGAACCCAACTCGGTCCGAACAAGAATGGGAAGAAATGGTGATGATCCCGACAGAGATAGCACATGTTGTTCTGCCGTTGATTGTCGCCGTGAGCATCGCCCTGATGCTGATTCGCCCGCGCGGCATTCCCGAAGTCTGGTGGATCTCTGGCGGCGCGTTGCTTTTGGTCGCACTGCGGCTCGTGCCACTCAAGCTTGCCGGCCAGGCGGTCGCTAGGGGCAGCGACGTTTACTTGTTCCTCATCGGCATGATGCTGCTGAGCGAGCTGGCGCGGGAGCAGGGCGTCTTCGATTGGGTGGCTTCCGTAGCGGTCCGCGGAGCCAGGGGCAGTTGCTCGCGTCTCTTCCTGTTGGTTTATGGGGTGGGGACGCTGGTGACTATCTTCATGTCAAACGATGCGACAGCTGTTGTGTTGACTCCCGCGA
NZ_CP030840.1_gap78	2841852	2843140	1288	GAGCGATGTGCCTTCGTAGCCCTTTCGCCAGAAAAGCGGGGTCGCCGTCTTGATGGCCGTGTCGATGTCGAACTTGCGTGGACGCCCCATAGCATCTCATTATTCTGTACCACACACTACATAACTTTGACACTGCCTGCATGGGTTCCTATAGTGTGCAATATAGAACCTGCTGGCGCGCAAGGTCTCCACCTCCGCCGCGCCCACCAGGGCATCTGCCGCGGAGCTCTGGGTGCTTGCATTGGCTTCGCCGAAGGGCGAAGACCAACTGAGGCCTAGGCGATAGTCGGGCTCACGCGCGCCTCTCCAGATGCTGTCCGCGTTGGAGAAGATAAACCGCTCATACTCCGGCAAGGGTGTAGTTTCATCGAGAGATCGCAGATTACGAAGGAATATCCCTTTAAACTGGGAACCGTCGCCGCCGCAGTCCGGCTCGCAGGGCTCATGAAGGACTCCGTTTGCTCCGACCAAGACTGGTGAGGAAAGCACAGCGGCAGCGATGCTTTGCGCAACCGGGAGCAGTGCGGAATTGCGGGTCGCGCGGGATAGCTCGGCCAGAGCTCCCAGGATGACACCCTGGTTGTAGGTCCATGCAGTCTTGTGATTATTGGTGCATCGCGCATCTAGACCGTCATTCACTAAATGATCCGCGCCGATCATCCCCGAGCGCGAGAACCATCGCCACTCGCGCATCGCCCACGCCCGATACTGCTGTCGCTCATGGGAGTTCTTCGCGCGCGAGGCAAGATGCGCGGCCACGGAAAGGAACAATTCATTGGCGATCGCATTCTTGTACTTGCGGTCCTTGCTCCACCAGATGCCTCCGGAGCAGGTGTCGTCCCAGCCTTCAGCCATATCCGCGAAGATGGACTTAGCCATCGAGAGGTACTGCCCATCGTTGGTCAAGTCATAGGCGTCGATCCAGGCCAGCGCCCACCATCCTTCGTCATCATAATAATTGTTGAGAAACCCGGGGAATTTCCTCTGGGCCGCGCTGAAGGTGTTCGAGAAAACCGGACCGAACTCCGAGGTTCCGCTTATCCGGGCGTAATCCGCCAAAGTAGTGATGGCATTTGCGGAGTTCCACCATCCAGTTGTGTTGTAAAGCCCGCTCCGCTGGTCATACAAGGTTTGAAGACTGCGGATCGCCAGCGCTGCCTTCTGCTTGTATGAAATGCTGGTGGCCGCTGCTGGAGCGGCGCACCAGCCGCGGCCGACGGAAACGGCGCACAACAACCAAGCGCCGACAATTAGCCAGCGACAGCGACTTTTCCAATTAACGCGCAAG
NZ_CP030840.1_gap79	2857194	2859400	2206	ACCGATCTCGCTCTAACAACTGGCCTGGTGGATCTCTATAAGTCGAATATTCCAGGGCTGGAGGGAATCGTGTATAACTACGAGACTTCAAGCCAGGTAAGCCTGATCGACGATCTGCCGGTGGCGACACTGCTGGGCGTTAACGATACATCGAGTGGAGTTCCGGCGCTGACGGCGATTGCGGAGAATTGGAGCGGAACAGCGCCTCTCTTCGTGGCCGCGGGACTCGAATCGTGGAACATGATGCCAGCGGATGCGCAAACGCTGGTCAATTCACTCGGACCGCAGTTTGAAGTCGTGCGATTGGATGTGTTCTTTCGACTGACGAGAGCCGCCCTCTCTAAATCGCAACACTGAGATGCCGCCGCTCAAGCTGTCAAGAGCGGCGGCGGCCTCAGAGTATCCGAGATATCACACCGAAAGTTGAGGAGGCGAGGAAGGGTCTCCATGTCGGCGTCAGCGCTCTCGACCAAAAGGAAGTCCGGCGACTGGACGCTCGACAGCAGCCAGGGCCAGGCGTCCTCGGAAATAGCGATCGTCATTCTTGTTTCAGATGGGGGCATCGATTGAACGGATCATCCACAACCGACGTCGATTCCGACAAGGTCCGGCGGATGGATCATCATCTCCACCTTTTGGAGGACGCGTCCTGGTTGATAGGGAGTTAATATTCTCTCGCGGACTCGCGGCGTTGTTAAATATCGCTGGTTGAAATGCTTTGCCGAGTTCGCGAATTCCTGGAGGCACTCCCCGTGGCTTACATCACTTTGCCAATTGCCGAGCAGTTGGGCCGGGAATTTCCTGGTATCGTCGGGCCGATGACCTTTCGTCCGGAAACCGCTGCTCCTATCAATGACCTGGTTAATATCCTGCTGCGAGGGGAAAGTACCCTCACTCCGGGGGAACGCGAGCTCATCGCCACTCATGTTTCCTGGCGCAACGATTGCTTCTTCTGCCAGACCATTCACGGCGCAGTCGCCGCAGCGCAACTCGGCCATGATGAACAATTGGTGCAGACGGTCAAAACAGACTGGATCAACGCCGACATCAGCCCCAAGATGAAAGCTCTCCTAAACATCGCCGGGAAAGTCCAGATCGGCGGTAAACAGGTGATAGAAGACGATGTCGCAGCCGCGCGAGCTGAGGGCGCCACCGATCTCGAGATTCACGATACCGTCCTGATTGCGGCTGTCTTTTGCATGTGCAACCGCTATGTCGACGGTCTCAACACCTGGGCGCCGACCGAGATGAATATTTACCGCGCCAATGCGGCGCAGATCGTGGCACGGGGATACTCCGCTGTGACTGAAACCGCTATAGCAAAGGCGTCTCGCTGAAACAGGCTGAGAGTCGAACTTGCAACTCGCAAGTTCAGTGTTGGGAGAGCAAGATGCTCGGTGCGACCGGCAGGTATCTCGACTTCACAGACCGCGTTCCGCTGGCAAAGACAGCTGAGCTGTCAGAAGCGTCGTTAGCGGTGGATCTCGAGGCAAAGCAGCTTTGCACTGGGCTGACTGAAGAAGAACTCACTTGGAGACCTCGGCCGGGAAAATGGTCCGTCGTCGAAAATCTCTCGCATCTCCGTGCAACTACCGAGGTCTTTTTACCCGTCGTAGATTGTGCCCTGGAGGCAAGCAGGACTATGGGGCTGCGTAGTGAGGGACCATTCGCACTGAGCCCCTTAGGTCGCCTCATCGTCTGGCGAATGGATGCGCGGCCCGTGATCAAAATGCGAGCTCCAAAGCCACTACAGCCACGATTGCTAAGTTCCGCTGGATCAGAGTTGGACCACTTTCTGAGCTCGCAGGCCGCCCTTAGAGAGCGCATCGAGGAAGCGAACGGCTTAGACCTGACCGCTTGGCGATTCACCTCTCCGGTCGCGAGCTACTTTCGCGTGAACCTGCTGGAGTTCTTCTCTGCATTCAATGCACACTCTCGGCGGCATATCTGCCAGGCTAGCAACGTCCGAAGGGCCCTGCTTACAGATGCGCGGCGTCCCTAGGCCTAACGCCTCTTAATTAGATATCGGGTGTACTTTACAGCGTATTACCATGCGTAATGAGGGTTAACTCAACCTTAGAAATTGATAAGAACGCTTGTGCAAGACAAGAAGGATAATTTCGACGTAACTGTTATCGGTGGCGGCCTCGCTGGCATGTCGGCTTCGATCCATTTAGCGAATGCCGGCTTGAGGGTTCTCTGCATC
NZ_CP030840.1_gap80	2866228	2869812	3584	CCGATCTGAAGCTCTGCCACGAACTAGGGATACGCGCTGTGTGGATCGACAGAGTGCGAGAAGCCCTCAATCCTGAGTGGACACGCACCGGTTTTGCCGGACCTCCTGGCCGACTGTCCGACCTCTTCCGCACCGACATCTTCTTGGCACGCTGACTCAAAAACCAGACCATTCTGGCCAACCAAGGAAGCATGTGACAAGCGGACAAGGTAACCGGCGATACTGCCCGTCGGACGCTATGAGCATGTTGAGAAGTCGGCAGACTGTTTAATCTCGACGTGGTGAGCGAAGTCGCAGGCAAACCAGTTCAACCGCCAATCGCGCGGTGGAGAGCAGCGTCTCGCGATCCGCACCGCGGTTCGCGGATGCAGACAATCCTTGCCATACGCATTGAATCAATTTGGTCAGAGCGGGAGCGCTCGCTCCAGATCTGATTTGTCCTTCCCGGTGCGCTTTCCGGAAGCGGGCAAGAAGCATCTGCTCATCTAAGTCTTGCAGCTCTTTGATGTAGACCTGGGTGTCGAGAGTTTCCGCGCTGTTCGTCATCACGGCACTCGAAATAATGCAGCCGGGGTGGTTTTCGCTTGGCTGGGTAAATTCGTGGACGGAGCGGATGAGAAGCGATTCAACGACGTCCCGGATGTCCTTTTGCGCTACGGACTCCTGGTAGATCGAGTGGTAACGCTCGGCATAGGTGCGCACCGCCAACTCAAAGAGTCCAGCCTTGCTTCCAAAAGCCGCGTACAAACTCGATGTCGATAATCCAAGTGCGGCAGTGAGAGCACGCGTCGACGTTCCGGAATACCCATGACGCCAGAAGAGACGTGCTGCGTTGAGGATCGCTGTTTCGCGGGTAAATGTTCGCGGCCGTCCACGGGGCTGTGCCTCGACGTTTGTTTTTTGCATCAATTGCTCCATAATAGCTTTATAGAGCAAACGCTCCTTAATGCGTAAGCACCTGAGGGAGAGGATGAAGCAATTTGTACAGAAACGTTTGGAGGTAAGCGGGGAGAGCTGGATCACAGTCGACGTTTACGGAGATGCAAACTCCCCCGGTCTCATCATCGTCCCGGGTTCACTGAGCGATGCGCATGAATGGCGCAATGTAGCAAGCGCTATCGCGGCATGGCCGTCCGTAGTTGTGGTGAATCGGCGGGGACGTTCTCCCTCGGGCCCGCAGACAGACACGTATTCGTTGGAGACTGAAGTCGAGGATCTAAAAGTTGTTCTTGATAATTTCAGAGGAACAACTGCATTCTTCGGGTGGAGCTACGGAGGTCTGATCGTGCTGTTAGCCGCCAATGAGCTTTCTATGCGGCAGGTTATCGCATATGAACCCGTGATGAAACCATTCGGCGAACTCGCGTTGCCTGCGCTAGAGACTGCGGCTGCAACGGCAAATTGGAGTCGTAGCGTTGAGATAGCGCTTCGGCAGGTCGCCTGTGTTTCGGCCGAGGACGTTGATTACCTACGCTCCGATCCGCAAATATGGAACCAATTGTGCCGGCTGAGTACGCCGAGCTATGCTGAACTCTCAGCGATAAATACTGGGCCGCAACCTGACGAGTTTGCTCGATTGGCAGATCGCGTGGATCTGATCATCGGGCAAAACAATCGCGACAAATCACCCTATGGAGCTGCGTTCGAGAATGTTCGAGCCAAGCTTAAAAAATCTGCAGTCTACGAGATGGAAGGCCAAGGCCACCTGGCTCATATCCAAGCTCCGGGAGACCTTGGTGTTCTGATCAACACTCTAGCTGGAGACACTAGTTCTCAGAAGTCTTAGGGCAAATCGGTATCGCACTGGCATGGCGGCACGCACGTACGGAGGGACGGTTTGCTGGCGCCAAAGCTTGCCTTCTGCGCGAACGGTGGGTCAAGTGTTTCGTTCCTATTCACGTGGATTCGTGAATAGACCTTTAACGTCAGCGCCACGTAGCCGTGGATCGCGAGGAGTGCCGATGTACTCTCCCAGGAAGTCGAGTAAAACCTGAAGCTTTGGAATAAGGCGTGATTGACCTGAGAAAAGCGCACAGAGTGTGACCGGTTCAAGACTCCAGCGCGGCAGCACGGGGATGAGATTGTTGCCTGTCTCTGGCCACCTGCCCATGTAGAGCGGCAACAGTGCGATGCCGTGATGCCTCAATGTGAGATCCAGCAGCACTGTTGGATCATTCAGAATAACCGGAGATTGTATGTTTGGAGTCACCGTCGTGTCGCCGCGACTTAGCTGCCATGGTCCAGAACCGATGCATGTATGTGCCGTCAACTCCTCAGGTCGAGAGGGCATCCCAAACGTCTCGATGTACCGAGCGCTCGCGAAAAGCCCGCGTCTCGTGCTGGGATAGTTCCGCATGCGCCGTATGGAATCTCGCGGTGCCCTTACTTTGAAAACCACATCAATTTCTTCCCGGAATTCCTGATCGGCCGAGGGAGTGTATGACTCAATTTGCAATCGCAAATGCGGGTACCGTTCTTGCAACTCCGTGAGTAAGGGCGCGAAGATCAGATGAGTCATCGTAACAGGGCATGCAACTTTAATCAGTCCGCTCGGACGCTCTCGCTGAATTGCAAGCATCTCGCCGCCTTCATCGAGGGTACGGAGCGCTCGCCTGCAGACCTGCAGATATTCCTTGCCGGAATCTGTCAGAGCATGGCCTCTCGAACTTCGCCGTACCAGCAAGGCGCCAAGATCCTTCTCCAGTCGCGTAACAGATCGGCTGACCGTTGAAGTCGGCAGCTTCAATTTCCCGGCTGCGGAGCTCAGGGTGCTTTCCTGACCCACCACCGTGAAGATACGGATGTCGTTGAGGTCAACTGGGTCCATCCTTTGATTTTACGACGCACCGTTTGACTTGTTACGTCCCGTGCCTACGACACTCGTTGTTCACCATTTTTGCATATGCGCAAATCCGTTTTGCGAAGGGGTGTGGTTGCAGACTCTCTCCAGCAAGCATCTTTAACGAGGTGGCGGATTCGGCACGACCGTCGAAGGTCGCAAACCATTAATAAAACAAACGGACGGAGGCTTGGTGTGAAGATTCTAGTGACAGGTGGAACCGGAAATGTAGGCGGCAAGGTCGTATCGGAGTTAGTGAAGCGGGGTGCCGATGTCCGCGTGCTCGCTCGCAAGCAGCCGGAGGAGAACGCGGAGACCGGCGTGGAGATTGTCACAGGTGACATGCTGGATCCAGTGTCTGTAGAGCAGGCACTGCGCGGCGTCGATAAACTTTTTCTGCTGAATGCGGTTGTTGCGGATGAACTGACGCAGGCGCTCATCGCGTACGGCATCGCCAAGCGTCTTGGATTGAAGCATGTGACCTACCTTTCTGTCTTCAAAGTCGATCAGTTCCGCGACGTACCGCACTTCGCATCCAAGCTCGCGGTTGAAGGCGCTTTGCGTGAGTTCGGGGTACCATTCACCATCCTGCGTCCCGGGTACTACATACAGAACGATTTGGGGCTGAAGGACGCCCTGACGAAAGCGGGAGTCTATCCCATGCCTCTGGGCACGGCTGGGATCGCAGCGGCGGATATGAGAGATATAGCGGAAGCGGCGGCAATTTCATTGACGGAAGACGGCC
NZ_CP030840.1_gap81	2875178	2877355	2177	TATTCCTTCCTTATCGCAAGCTCTATTCCAGGTGGAGGGGCTATTACGGTGGACCGCCACGGTAGCGCGTATATAACCGGGATCTACGGCGGCCCGTTCTCGACGGCCGGCCCCTACCCGACGACCCCCGGTGCTTATCTGACGTCAATTCCAGCCGCAGATAATAACGTAGGCTATGCCTTTGTCACCAAGATAAATCCGGAGGGAACGGGCTTCGACTACTCGACTTATCTTGGAGGACCGCAGAAGTCTCAGATGACCTATGCTGGGTCGACCGCTGGGCTTGCCATCGCCGTCAACGATGCCGGTGAAGCCTACGTGGCCGGGAGAACGAGTTTCGTGAGTTTCCCGACCACTCCGGGCGCTTTCCAGTCCGTCAATAAAAATATTCTGACTTCCGATGGTTCAAATGGGTTTATTACCAAGCTGAACGCCGCCGGCAGCGGGCTCATCTATTCCACTTACCTGGGAGGAACCTCCTCCGGGAGCGGATTCTTAGAGCCCGGCGACGAAATCACCACCATCGCGCTAGACCACGAGGGCAACGCTTATGTCGCCGGTCAAGCGACCTCGCATGATTTTCCAGTGACACCTGGTGCACTTCAGACGGTCAACACGTCACAAGAGCTCTACACCGGCTTCATCAGCAAGATGAATCCAACCGGGACTGCTCTGGTTTACTCCACCTATTTAGGAGGAACTGCCACCCAACTCACTGGCATGGTCACAGGCACGACCATTGCTGCCCTAGCCATCGACGACTCGAAACATGTATTCGTGACCGGAGCAACCGGGTCCACGAACTTCCCCGTGACCCCGGGTGCCTTTCAGACGACGACCAACGTGCTGCCGGGCTCTTATCAAGCGACTAACGCCTTCCTCTCCGAACTGAGTGAAACCGGGTCGTCCCTGCTTTACTCTACTTATCTCGGCGGCCACCCTCCCCCACAGGACTACCCGGCGGGTGATGCTGCGACCGGCATCGCCCTCGACGGTAGCGGACATGCTTTTATCGTGGGCCTGGCATCTTCCGTGGACTTCCCCGTCACCTCGAAGGCGTATCAGCAAGAGAATAATGCCGGAAAAACTCTTCACTATGCCGGCCAGATCAACGATTTTGTAACCAGGTTCGATCTCGGGCGCCTTCCGTCTGCGTCTGCGACTGATACCCTGCTCTCGGCTGACAACGCCCTTCAACTCGAAGGCCTGCCGATAACCTTCACTGCCCGAGTTGTTGCTCCTGACGGGTACAGTATTCCGGCCGGAACGGTAGATTTCATGGTCGATGGGAAGACCGTGAAGAGCGTTCCGCTAGGACTTGGCGGCTACGCGGTTTACTATGCAACTGGGCTGAGCGTAGCCAGGCACAGCGTCGTTGCAAGCTATCAGGGAAGTGGGGTCAATGATCCGTCGGACAGCGGTGTCACCACAGTGAGTGTCTCTGGAGTTGTAGCGACGCCCACGTTCCCTCAGCCTGGTGGCACCTACAACCTCCCGGTGAAAGTAGTCTTAGAAACCGCCTCACCTGGGGCGATCATCCACTTCACGACCAATGGGGCGCTCCCAACAGCAAGCTCGGCAACGTACAGTGGGCCAATCATTGTGTCGACCACATCGACCGTTAAGGCAATGGCCGTGATGAGCGGTAAAACAATGAGCGCAGTGGCCACCGCGACCTATAGCATCGTGCCGTCCGCCGTCCCCACCACAACCGAAATCACTTCCGAGTTCAACCCATCCGCGTTGAACGAGTCGGCGGAGTTTCAAGCCTCCGTGACCGCATCCTCCGGGGCGACCCCGACTGGTACGGTGGTCTTCAAGAATGGCAATCAATTGCTGGGGACTGCCCCGCTGGTCAAGGGGGTGGCTAAATTCACCATCTCCAATCTGACCTTATACGGCCACGCCATCGCGGCGCTCTATACCGGTAGCGCCACCAATGTCGAAAGCGGAGCAAGCCTCACCCAGGTAGTTGTTCCGTGACCCGCTTCCTTCCACGAGATCCGGCAACCTGCCGAGCGGTTGCCGGATTTGCTTGGCTTCCGCGAGTGATCCAACCAAGATGGTGGCGTCTGTTGAAGCATAGCTATAAGGTCTCCTGCCCATTCTTCCGACCCCCCAACCTTCACTGACACAACCAGGAGCCGTTTCCGAGAGTAGTTACGGCACTGCCCCAT
NZ_CP030840.1_gap82	2883916	2885583	1667	GCGTTCGAGCAGGACCGGGCATGGTTCCCTCCGTTCTTCACCCATACATTTTCTCGGACGAGGATGTGCTTGAAGAGTAGATCTGGGATTGTCCGCGCCGTCTGGGCATTTCTGACCACGACCCTTCGTCCGTGGCTCCTTGCCCTGCGTCCTGCGGTCCGCCGCCCAATCCCGTCCTTTCCGGGTCCGTGACAATCTTGCGAACCGACACACTTGGTGCCGCTGATGTTTCAACAATCGACAATCAGGGCATCTTGAACAGCATTAGCTCGAATCGTGCGTTATATTAAGTGACGATCGAAAGCCAACTTGTGCGCTTTGTCGTATGTAGGAGTGTTTGAATTGCACAATCATTGCATAGAACTACAAGTTTCCATCGCCAAGGGGGGTGCCTATGCGAGCTTCAAAGATATCGGCGTCAGGGATCAGTAGTGAGGTGGTACCTCACTTGGACAAATTAATTGACATTTATGGTCGAATGCTTCATTTCATTGCCGCACCTAACCGACTGTTACCATTGATCGAGGAGGCGGATGCCACCGTAAGAGCTACGCTGAGTTTGTTGGTGTACAGAATCAGGCCAAAGCATGGCTATCTTCTGAAGTATCAACGATCATTCGCACACCTACCCGTGGTCGGCCCGCAGAGCAGGGCTAACGAAGATCTACCTTGCACCTCCAGACATGCGGATTTAAGAGCCCCGGCAATCACACGGCCTTCATCCTGTTCTGAGGTTGTCTCTCTTGCCCACCCATCTGCAATGAGTGAGCTAACAAAATAACTGAGGGCTAGTGACGAACGAAGTTCATGAGATCTGCTTCGGTTGGAAGAAGGGACCTATGGAGCCGGACCATCTTAGATCCGACTGTCGCTTTCAGAATTCTCATCTCTTACTTCGGGTCGTCGATTCCTGTGTTTCTCGGTTGCACGTTAAGTGCAGCAAATTCCTCCGCGACACTGCCACTCGTACCAAAGCTTGGTATGTTGCCGAAACTGTTCCATTCAACAGCGTTTCGCGGCGCTCCATCGCTTCTTCCGTTGCCTGAAGATGCGGGAACCTTACGTTCACTCAGATCTTCCAACTGCTGCACCCAATATAGATCAATCTCTTCAAGAAATGCATTCCCTGAGTGGCCTCTTGGCTATTCACTTGGCGATCGCTATAGCAGCGAGGAAGAAGGATGTATCACCCGGAGGCACTGGCGGTTTGAATTGGCATAAGTACACTCCTTGGCCGGTGAATATATCCACCTTACCGTTGATCGCGTCAGTCACGTAAATATTGTCCCGGTCGTCCAGCGTAAACCCAAAAGAACTTCTTAGCAATTGACCATTGATCACGCCGAATTTAATTTGCCTTTGATAATTGCCATCGGCATCCAATACCTGGATCCGGTTGCCATCGTAATCGAGGATATAAAGATCGCCACCTGAATCGACGGCAAATCCCCTTGGAATGTCGTTAAACTCCCCATTTCCGGAGCCTGCACGGAGAAAGAAACCCGAAAGATACTTCCCTGTGTTGTCGTACTTGGTAACTGAGGACTCTCCCAAAAGATAGACATTATCGTTCGAGTCTATGGTGATGTATTCTGGGACATTCTCAATGCCAACCACCGGGCAATTGGATATTTCCTCCGACGCGTTAAACGTCGTGCAGATAACAT
NZ_CP030840.1_gap83	2895401	2898365	2964	CTTCCCACTATAGAGTGCCGATCTCTAGATCTACTCGTCAAAAAGCTAAACCAAGCCCAGTCCGTATTCCTTTTCCTTCAAATCAAACCTCCTGGCGATCGACGGTTTCATCCAAAAGCCGTTCATAGATTGAGCGTCACAGAGCACACGCCGAATGGTCATGGAGAACAAGAGATTCTCAACTCCTACATCGGACACCGTGACTGGGCTCAGCAGATGGAGAGCTATCTCTTGGAGAATGGAAAGGTATGTACAGGTCAGGAATTCAATCGCACAAAGGATTTAGCCATTGCAGTTGGAGCTGGCGTGTATGTGTGGGATGATCCGGAAATGGTATATACATACTCTCGGGAGGACGACGGCTATACCTGTCTTTCCGATATTCATTTAAAAATCAATTCAGTGACAGCACCTCGAGAAGCCGATCCGCCAGATCACACCTTCTCTGCTTACGGAATTATCTCGTTTGTGCCATATGAGTGCCTCTTTCAGCACCCCTTTTATGAGGAGAGCGACATCAACAGAGCCAGCATAGGCCGATACTTGGTCACCAACATTGCCCACTTCTTAGCGGCACGAGCGTTCTGGTCCACTCTTGCGAGAGATCACTCAGTGAATAACTGTCTTATGGAGACAAACTGGGGAGGCGGAGACTATATCGGCCCGTACCTGACGGCTGGACTTTGCAGCGAGTGCATCGAGATCGTTGAGAGTAGACCTCTTGAGGAACGTTTGTCATATCGCTTAAAGGCACGAGCACCGAACGACATATACATCGCACTCAGACAGATTTGCGCCGTGCCAGCTCAGTGGGACATCTCTTTACGAATTGTAAATATTCTTGGCTCTAAAGTGATTCCATTCCTTTTCATAGGGATTGGCGTGGGTCTTTTTACTAACCTTTTAGCAGGTTACGGACGGTCGGACTTCAGGACCTCTCTGGGACACGATCTAGGCCAATATGCGTGGCAACACATGCTTGCTGTTACAACCGCGCTTGCAGCTATAGCGGCGATCCCGGTATGCCGCCTTGCGTTGAGTCTAATGAGGCGTACTTTGCCGTAAATTGGTCTTTCTAGCTGAATTCGATCCATGCGACATGGGCGAGATCCGCGTCTTTTACGAAGGGCGGCCCGGTTCCCTGCCCCGGCGAACAGCGTCGGTACCAGAACCCCGCCCTGTATTCCCGAGCTGGAGGATGCCGCCCATGGTCACCAGTCCCGATGCATTTCGAACGTTCCGTCGTTATTGATCTGTCGGAACTTGTAACGTCTTCCGCTGAAATAGACGGCAATGATATTTCGAAATTTGAGCTGATCCAAAATGACGGCCGGTGTGCCGACCAGCTTTCCCGCCAGGACCTCTGGAAAGTCAACCTGCGGCGAGGGTCCAACGTCCATCTCTGCCGTGAGTTTGTGAGGCACACTAGGCAGCTCTTCGCCGTCCTCGTTGGGGTCGTCCAGCCAGATCACTGTAAAAGGATGTTCCATGTGGGCCAACCTAATCCAGCCTAACAATAAATAAGCTACTACAACATAACGTCCTTTATGTTGTAGTGGCTGTGATCGGAAGACAGTAGCTTCCCGACCCTCCATTTCACCCCTTTCGCGGGTAGCTCTCCCGGTGCTCTCACCATTAGGGGCTTGTCTACCAAATACGGCGCGGCCACGCGCCATATTGGATAACAGATACCAATATCCAGCAGGAGTTGTAGTGTTGAACGCGTATTTCATGAAAGGTTTAGCGATTCGACAATGAGGGCAGCGGAGTAAATCGAGTTGAAGAGCACTTTGCGTAACCATGCTGTCTGTTGACCGCTCCCCGTTTAACTAAAGTGCAAGAATACCGCCTCATCGCTTTTTGACAGGCGCGTCGTTCGGGTGAACCCAGCACACGCCAGCCCGGGCGCCATTGCCCGGGAGCGGAACCGGCTCAACATCAAAACCAGCCGTTTGGGAACTTCCCTCTTCAAATTCTGATGACCCTGCTTGTTCTTGCAGCGATCACATCTCTCTCCTTGGGGAACTACGCCGCCGAGAACGGTCAAGCCTAGTGGAAGGGTCCTGGAGGCGGTGGTTCTTCCTTCTCGAGGCCCGTGCTTGTGTTGACCGTCGCATAACTTTTCGGCAGTGTAGCTGAGATAGAGCTCTAAGCGACAGATGGAGGCTTAAAACGTATGGCAAATATCACCTCAAGCTACAACTGCAAGGGCCTAGAAGACAGGCACTACATTATCGGGCGCTCCCCTCACGGCGGCGATATATTCCGAAACGCGGTCGGGCTGGAGATCTCCCGGTTCCCGAGCAAAGAGCGTCTCTGCATGCCAGGGTCTAAGACCACGCAGGGCCGTCCAGACACTCGCAAGAACGCGCCCGTCCGTATTGCCTTCCACCACGCTAACGGCGTCGGCACCCTCAACTAATTTAAAGCTTTCGCGGCTCAATGGCTGGCCTACAGATTCCCCTGTCAACGCTTCGCCCTGCACCTCGCGATGCACAACGCATGACTCGGGGCCAGTGTGGTTTGCTATTCCTTCACTGCACAGGACTCTCACCTGCTACTCCTTGCCGATCTCCCGGCGCACTAGCGTACGTAAATTTCCCTTTCTTGAGCTGTCCCCTAACTACGGGCTAAACCGGAATGGAGATCTTGAAGATGGAGCCGCTTCGACCAGGGCGAGCGCTGCTCCGCATTCTAATCGTTCCGCGATGGCGCTCAACAATCCTCCTCGAGATAGCCAAGCCGAGGCCTGTGCCTCGATCCTCCTTGGTTGTGAAGAAAGGCTGGAAGACACTATCCACGTGCTCATCCGGAATGCCGTGCCCGTTGTCAGCGACAATAAGGTGCACCTCGCCCCGCCGCTTCCTGAAACGGAGACACAGGGTGCCAGCTGGCGGGAGAGCATCGAGAGCATTGTGGATCAGATTGGAGAGAACCTGAAGCATCTCACCCGTATAAACAGGG
NZ_CP030840.1_gap84	2947622	2950603	2981	TGTTGGCACTTGATCGGGCGAACAGCTTATTGATCATTGCAGGATCAGCGTCGCTCTTGTTCTTTGCCTTCCGGCAATCTCCGGCGACCAAGGATGAGTTTGTGTTCCGCGCGGGGTTGATTGTGTTCGTCGCCCTGGTGCTGTGGACGAACGTTTCAGAGTTGCTGGGACATGCAGCCACGTTCGAGTTCTACGGTTTTGCCATACTTTTATGCTGTCTCGGCTATGTTGCCGCTCGGCGGACGCTCGACCGCGATGAACGGTGGAGTGCCATCCAGCAGGAACTCGATATCGCACGGCGGATTCAGATGTCGATCCTTCCCGCCGCTTCCCCGAACTCAGATAATTTTTGTGTCGCCACTCGATACAGGGCCATGACCTCGGTGGCCGGCGACTTCTACGAATTCCTGCTGGCCGAAGACGGAGGCTTGGGGATGCTGGTGGCCGATGTGTCAGGTCACGGTGTGCCGGCGGCCCTGATTGCTTCTATGGTCAAGGTAGCTGTTCAATCTCAGCGCCATATGCAGGGTGATCCCGCTTCGCTACTTGCTGGTGTGAATCAAGCGTTGTGCGGAAATGCCCAGAACCAGCTCGTAACTGCGGCATACGTTTACCTCGATGCGAGAAAAGCCGAGCTTCGTTATGCAGGCGCCGGGCATCCGCCAATGCTCCTGTTGCGTGACGGCGAGGTGATCTCGATTGAAGAAAACGGTCTGGTCATGGCATTGATGCCACACGCCATCTATACCTCCAGGGTGATGGGGTTACAGCGGGGTGACCGCATCCTGCTGTACACGGACGGGATACTGGAACCTATCAACGCCAACGAAGAAGAGTTCGGTTATGAGCGGCTCGTTAGCCTTGTGAAGGCAAGCGCAATCTACTCTCCGGACGAAGCGGCCGATAGCATTCTCGGCGCCGTGAGCGCCTGGTCTGCGAGTCAGCAGGATGACCTCACTATCATGATCTGCGACTACAAGCCGGCCCTGCAATCCCGAACCAGCGCGGTTCCGGGATAGTGATTCTTGCGGTCGATCCCGAGAAATCGCAATAGGCCGTGGAAATGAAAAGGCGGGAAGCGCCGACCTCAGTCCATGCTCAGCTCGCAGTGAAAGACGAGTACACCTTCGCGTTCCTTAATCTTGGAAATGAACACAGCGAGCGCGAGTTGGAGCGGGCAATCACTGACGGGTCGAAGCCTTCCTGGGCGGCATGTTTACTTTCGTCGGGAGCCAGTACAAGATCGAGGTGGGGGCGAGAGTTTTTATTGACCCCTGCTCTACCATCGTCGCTTGCGCGCCCTAGTCGCTCTTGAATTGAAAGTCGGTGAGTTTGAACCGGAATACGTTGGCAAGATGCAGTTTTATCTCTCAGTCCTAGACGACACAGTTCGTCTTCCGGAAGAGCAACCTTCCATAAGGATAATTCTCTGCAAGTCGAAGGATAAAGTGGTCGTGGAGTACGCTTTGAAGGAGAGGCTATGCGTAATGCGAACGTGCAGGGCCGCGAAGCAGCGCGGCACCACCGACTGGAATCGACACATGGCAATCAATACACCCTATGCTGATTGGTTTATCAGATTATCCATATAGCCGCATAGCTTTTCCCTCTAACTACTTGCAGTGAAGAAAATGCACTTGAAAGGTGGTCTGCCACTGAGATGAAGATGCGAAGGCTTTCGCGCTATGCTGCCCTATGTGGAAGGGGAGAGGGCGGCCTTCATGGTCTCGTTCTCCAAGAAGACCTTTAGTCCTGCTATTCTTCCGTCCCACGGAGAAACCTGGCAAGCCCGATCTTGTAATCTTGGCTGCCGGTATGCTGAGGGAAGAACAAAATATGCTGCTGAACACAGCGCGTGCGTTTTATGAGTTTTGGAACACTAACGACGCCAAAACTCTGAAATCAGTCCTCTCTCCCAAATTTCACAGACCGCGATCTGCCTCCCGGTAGGCCTCAAGGAGCTAACGGGCCTCTCTCTATGCCAACACGCAGTTCCGAAAGGCGGTTCCAGACCTCCACTGTGAAGTCACGCAGCAGATCGTTGCCGGCGATCGTGTTGTTTCAAACCTCCGCTTTACTGGGCATTTCACAGGCGTCTTCGGCGCGTTGCATGGCTCCGGACAAACAGTGGACTTCATTGCGACCGACATCCTCCGAATCCAGGCCGGAAAGATTACTGACAACTGGCACCTGGAAGACAACTTAACTTTTCAGCAGCAGATTGCGGCGATGAAGGACTAGTCTTCTTAATACCCTTGTCTCGTCAGCTGACTGGTCTCTTTGATAGGAAAATGTCGCATGGCACAGACACCTACACAGACACGCAGATTCGATCGGCAGACTACCTAAACCTGGGGGACCCCAGCGGTATGGATTATTGATCCAGGGTCAAGGACCGGGCGCCAGTGTGTCGGCTTATCCTGGATTGCCAGCGAGAGGCTCGAGGTTCCCAACACCGCGATATGGATCAGTCTTTCTAAGTTGTTCTTTGAACTGGATGATGACTAGCGCTAGGAATGAGGGGCAGGGAAGTGCCTACTGGCGTTATGCTGGGGGGCGCGAAGATCGGCGTTCACCACCTGCTGACGACCTCGTCCTGACAAGGGAAGACCAACCAATTTAGACAATGTCACCACCGACTACTCCTATGTAAAGGCCGGAGCGCCCCTTGAAGGCGTGCTCGGAGATTGGCTTCTAAGGGGACATATCTGGCGCGCAGCCTGGCGCTGCGGGGGTTGAGGATCACTGAGGAATTAACCTAACTTAACTCGAATCGTAGGCCATCCCTTCACGTCATGTCTGATCCAAAAGGAACACATTGCCGCGCGCTTGCGTTCCGTTTTGCACATGTCCGTCGGCGCTTGCACGACCCAAAGCCTACGACAAATAGCACCTCAAAGCTACGACAAGTAATTCAAAGCTACGACAAGTAATTCCTCAAACTACACTGCCGGACGTGAGAAGCAGATCGTTGTGCGCCA
NZ_CP030840.1_gap85	3132712	3134278	1566	GTAGTCGTCCCAGAGGGATGGCAGCGTGTAGTACTGGAAGTTCGCCTTGACCACCGCGCCCTTCTCGTCCACGTGATCGCCGTTCACGTCGCTCCGTAAGGCGGGCCACAGGAATGAACGGTACAGGCAGGAGTAGAACAGCTCCTTCTGACGTTCCGTGCCACCGGAAACCTGTATCTTCGACAGGAGTGCCTGCCAGGTGGCGGATGCCTCTGCCTTAACGGTGTCGAAGCTCTTATTGCCAAGTTCCTTCTGAAGATTTTCTTTTGCGTTGTCCGAGCTCACAAACGACAGCCCGATCCTGATCTCCACCGGACCGCTGCCCGCGGCGAAGTCAACGACGGGCAATTGTGCCTTCTCGCCTTTCAGCATCTCGATCTGTTTGATCTTGTAGTTTGACACGGCGTAGAAGTAGACCTTCTCGCTCGCAACCTGAACGCCCTTGAATGCGTTGTCGCCGTCCTGCTCGATCTTCCAGTCGCGGATGCGTTCGTCGGAACGCGCAAGGTTCACGATCAGCTTCTTCGGCTGAGCGTTGTCGTTGTAGGTATAGCGGTGAAAGCCGGTCCTGAGCGTAGAGGTCAGCTCGGCGTTGATGCCGTACCGATCGAGATAGACCTGGTAGTAACCGGGATGCGCCGATTCTTTCGCGTGGCTGAAGGGTGAGCCAAAGTCCTCCGGATTGACGTCGCCGCTGACCGGCAGCATGGGAATGTTGCACAGGTTCCAATGCCCCTTGTTGGTGTGCGCAAAGGCATAGATCACGTTGTTCTCGTACTCGTAACCGGCGCCGCTGCCGAACTTGGTAATGGGACTGAGCTGAAGCATCGCGTTGGGTACGGACGCTCCAGGAAAGACAAGGCCGGCCCACACACGCCATGGCGGTTTGAACCCGATGTCCGCCGGATCGGTCAGCGGGGCGGTCCCAAGAAAAGTGTTGACGTACTCCACGGGCCGCTTCTGGGCGACGACGGCGAGCGCGCTTGAAAGCAGAAGCGGAATCAAAATCAGGAGCTTTGGTATCTTCACGTGTTTTCCCTCCGTGGTGCTCAAACAGTCGTTGCCTGCAAACAGGGCCCGCACGCTCTGACGGCTCAAGCGACTGCCGGCCTGGCCGCGCCCGGCATACTTTGAAATGTCACAATCGACCCGGTTAAACCGTCACAGGAGGCTCGCAGCTCCACGGCTCCTGCCCGCTTTGCCGACTGCACAAAAACCATGCATTGGCCGCTGAATGCGCTTCTCTCCGCGGAGGTTGCCGACGCGGGCCGGTCTGCCTCGCGAGTGCTGGGATCGCCATTACCTACGCCGATGATCCTGCCCGCGCCGGAAAGGAGGAAGCTGACGTTGCTGCAGTGCGTTGGAACCAGGCGCCCCTTTGCGTCCCGCACCTCCACCGCGACGGAGATCACGTCTTCTCCGTCCGCCTGGAAGGAAGTCCGGTTCGGCAGCAGCGCCAGTTGCGCCGGCGCACCGGTCGTCTCCGGCCGTGCGATGAGCACAACTTTGCCGCGCTTCATGCCGCGCGCTTCGATCACGCCGGGCGTATAGACCACACTCCAGTAC
NZ_CP030840.1_gap86	3164227	3166574	2347	TCATGGGCGTGCTATCAGAACAGAATTACGCCGGTTTGTATCAAACGTCTCTAAGCTTTGGCGGCGGCTTCACAAACGGCCCGGATCCGGACAATCCCACGGCAAACACCGGCAGTGGTGTCGCCCAGGCCCTTTTTGGCGTCCTCGACGGTGGCAATACTGGCGTTCAGTTCAATCCAGCGATCGCCAAAAAATACGGCGGCATTTATATTCAGGACGATTGGCGTTCCACTCCCAAGCTCACACTCAACCTGGGCCTCCGCTATGAAATTCAGTATGCCCCAACCTACCGGCACAATACTGCAGGGTACTTCGATCCGCAGGTGGCAAACCCCATTGGCACCGCGATTGGTACGACGCTTCCCGGCGCGGTTGTCTTTGTAACTCCGAGTCACCGGGCAACCTACGACACCAACTACGCGAACGTCGCTCCAAGAGTAGGGTTTTCCTATAACCCAGAGCCAAAGCTTGTTTTTCGAGGGGGCTTTGGAATCTTCTTCCCACCCTCCGCATACTTGAACCAGACCACAACCGACGGGTTTTCGACGAGCACGAATGTGATCGGCGAACTCAGCGGCAGCCGAGTACCGAATCCGGCAGTGAGCATTTCAAATCCTTGGCCGCAAGGTTTGCGAGCAGTCACCGGAAACTCTCTCGGACTTTTGCAAGATGTGGGCTTCAGCACCGGCGCCTACTTTCACTCGCGCCCTTCCAGCTACGTAATGCAGTTCATGACCGGGCTCCAGTACGCTTTCGGGCCGACAAATGTATTGGACGTCACCTATGTGGGTCTGCTCGGCAGGCATCAGCTTTCTGGCGGCCTCAATGAAACTCAGCTCAACCCCGCCTACCTCTCACTAGGCACCGACGTCCTCAATGGAGGCGTACCCAATCCGTTCAACGGCTACATTGCAACCGGCCAGAGCAGTTGTAGCCTCGATCAGCCAACTGTGGCTGAAAACCAGCTTCTACATCCCTTTCCGCAGTTCTGCGGTGTCACGCAAAACGATGCGCCTGTGGGATTTTCAAACTACAACGCCCTTCAAGTCAACTTTAAGCACCGATTCACTCAAGGCCTTGATGTTCTGGTTTCCTACACTTTCTCAAAGTTCCTCGACAATGTCGAAGGCACGAACAACTGGGCATACTCCAGCAACCAGGGCCCAGCAAACAACTACAACCTTGCCGCCGAGAAAAGCGTTGACTCTGGAGACATCCCACATTCTCTGGTCGTCAACTATGTTTATTACCTCCCGGTCGGCAGAGGCAAGAAGTTCGGGTCGAATCTTAATCGGGCGACCGATGCGGTATTGGGTGGATGGCAGATCTCCGGCATCACCACGGTCAAGAGCGGCCTTCCGCTGGGCTTCTCAGGAAACAACATCAATTCCTATGGCGGCAATCCGCGGCCTGATGTTATCGGCGACCCGAAAGCAGTTCACCGTTCCGTGAACAAATGGTTCAATACGGCTGCTTTCGCGTATGCACCGTATGGAACTTTCGGCACGGCGCCGCGAAACTTCTCCAATGTGCGTGGCCCTTACTATCAGAACTGGGACCTTGCAATCTTGAAAAATTGGACCCTTCCCAAGGAAACACGGTTGCAGTTCCGTGCGGAAATGTTCAATGCTTTCAACCATCCTAACTTCTATACGCCTAATACAGGCTACGGTGGATGCGACCCAAATGCCGGTCCGAACTGCAATTCATCCTTCGGTACAATCACGCAGACGTTTTTCGCCAGGGACGTACAAATAGCAGGCAAATTCTATTGGTAGAGCCATGCAGCGCGTCTTTACTCGTATATCGATGAGGCCCTTACCTCCCGGCCAGCACTCTTTGTGGGCCAGGAACTTCAATTCCACTCCGATTGAAGATATGACTAGTAACATCACTACCGTTGAGCCGACCTCCTTTTGGCGAGCAGTTGTAAGGCTGCATCACGGACTTGTCTGCTTGAGAAGCGACAGAACGAATGACGCAATGATCGACCCAGATCAGTCGTAGCCACACAAGGACTCTTTGGACATTACCTTGTTACCTGCCACAACCCTAGCCATCTATGAACCCTCCAGCGAAGCGGGGCTTCATACGTCGATGCAAGTTGAGCAGCCGGGTGTGAGAAGATGCCACGCTCAAACGCAGCACCACAGGAGACTTTAGATGAAACATATACGCGTGGTACTTCACACCCTGACATTTGCTTGCGCGGCCGTATCGTGCTTGCTCCCGGCTAGGCCCGCGCATGCTCAGATAACTGAAATTCCAAACGAAGCCAACCCAGCTATGGCTGCTTACAATGCCGGTTTCTTGGTTCAGGCCAACGGGCAGACTTTCTATACAAATG
NZ_CP030840.1_gap87	3188956	3190858	1902	CCTGAGGCTCGCCTAGTTCGAGGCAGTCCCCTGCACGCAGCAGATGTTCTTGCTTGCCTTCGACAAACACCAATCGTCCCTTCTGTACCCATATGAGATGTTTGGCGAAGCTGTAGCTCGACGCGGGATAGGCCACCTTGGCACCTGCAGGCAGTTCTACTTCCACGAGATCAATCGGAACAGTTGAACCTGGAACCGGAAAGACCTGCCGCCGCACGTATCCACTCTGCGGGTCGCGCCAGGCGAGCCGTTGGTCATGCCTCAGTACGCGCGACCGGTTGGCGTTCTCCGCGCGAGCGAGCAGCGTAGAGATCGTGATGCCGAAGGCGCCAGACAACTTGCCGAGCAACATCGCCGTCGGGCTGCTCTTGCCAGCCTCAACCTTCGCGATCATTGCTCGCGATACGCCAGAGCGCTCGGCAAGTTCAGCCAGGGTCCAGCCCCTCGCATCGCGTTCGCCTTTGATGCGTGTCGCTATAGTTTGTGTGGGATCGTTCGATGTAGTGGGCACCACATTACTATAGCCGCGCCATTGGTGACGAGTCGCGTAGTCTCTGGATTGAAGTTGGGTGCGTACGCGACCGACTATCTGATAGACATGTTAGTGGCTTTTTGTCTACTATAGTGTCGCGCTGCAACCACGCTCAGGACTACTTCTGGTCCAATCTGCTAACCAAGGACTTGATATGAAGGATGTGCGTATCCGAATTCTTCAAGCTGATCTTGATGACCCCCGGATTGTTGAATTGATTGAAAATCATGTGGTAGCGGCGCGAGGCCAGACTGCCCCTGGGAGTGCGCACGCGCTCGATCTATCTGGGTTGAGGTCGTCCGATGTTTCCGTCTGGGTCGCTAACCGCGGCGAAGATGTAGTAGGCACCGGCGCCCTCAAGAGATTGTCCGAGGTCGAAGGGGAGGTGAAATCCATGTATACGTCCCCCTCTGCTCGAAGGCTCGGCGTCGCGAGGATCATGCTTGACCACATCATCGATGCGGCCAGAAACGAAGGTCTCAGGCGGCTTAATTTAGAGACCGGCTCCTGGCCCTACTTCGATCCAGCAAGGGCCCTTTACGCGGCCTTCGGTTTTGTGGAATGCGACCCTTTTGGTGAGTATCGGGAAGACCCCAACAGCGTATTTATGACTTTGAATATTGAAGATAGCCTAGCTCGTGGCTCTTCAAGGAGTCACTGATTTCTCCACAACGCCAGTCCGGCATTGAGGCTATTTCTTCGACGGAGGTAAGAATGACGACATTCATCATGCTGCCAGGAATCGGCGGATCGGGCGAGGATCATTGGCAAACGTTGTGGGAACGGTTTCACCCTTCGATGAGGCGCTTCAACCCGCCAGACTGGGATAAACCAGAACTTTCTGTCTGGTGCAGAGCGCTTCAAGATGCCGTAGACGCAGCAGAGCACCCGATCATCCTTGTGGCGCATAGCCTTTCCTGTCTCTTAGTGGCTCATTGGGCTATGAACTCACGCTCCACAGTAGCTGGCGCATTCCTCGTATCTGTTCCTGATCCCGAGTCGCCCGCGTTTCCCTCGGCTGCAAGTTCATTTAGAGAAGTTCCACGAACCGCGTTACCATTCCGCTCCATCATCATTGCGAGCACCAATGACCCTTACGGCAGTATCGAGTACATGCAAAACCGTGCGCACGAATGGAATTCGGAACTGGTCAACATAGGCGAACATGGGCACATCAATGCATCCAGTAACCTGAACGAGTGGGACGAAGGATACTCTCTTCTGCGCAACTTTGTCCGCGATCTGGGGCTCGGAGAGTCTTAGGACTGGTAATTCGGGATTTACAAATCCGCTCGCTGACCGTGTCTTCCCGGATTGTAGAAGTGGGAGGAACTGATGCGGAACAGCGTATCTGTTGAACTAACCTTTGA
NZ_CP030840.1_gap88	3196066	3200498	4432	TATCGGCCGATGTTCCATTCTTAAGAGCAGCACCCGCAACGTTATATGCCTCTCGTGGGCCCTTTACGTTGTTGAAGAATGGATCGTCACGAAGACCGGCGAAGATTCGAAATGTGCGCTTCTCGCTTTCGAGCCCGGCGGCACTGTGTGCATCGCCGCGCACGTAGTCCTTTTTGCCGGCCCAGCATTCAACGTTATTGGCGACATCGAAGCGACACACGATCGTGGTGCTTGCCGTGGTCTTCCCGAACTGTTGCCCACTATCTACATGGAAGACGTACTGAAGCCGATTGGAAAATTGATGCGCAACGATATCCATCACCAGGTTGAGTCGCTTGCCGTCGGACGATGTCCAAGCATAGAGGTCACCGATGTCCGCCGCAGGGTCCGCGATCACAGTGGGCGTATCCAGGTGATCCGACGCGTGCACCTTCTCAAAGCCAATCATGCTGACGATTCCGACAAAAACCAAACAGACGCACAATCGACTTTCGATTGCATGAAGCATACGCATACTTATTCCCTTTCGCGGCGTCGCGGATACGATTAATTCAAAGACTCCAAAGAAATCGGGCCTCTTCGACAATCAGTTCCGGTAACTCTTCCGGAAAGAAGAGCTTGGCGCCCGGTACCTTTCGTTTCCCCAGCGAATTCGCAACGGTGTGCGCGAGATAGTCCGCGTCCGCGGTTGAGAAGATTGTGTCGCCTGTGCCCCACAAGATGCGCGTGGCGACATAGCAACGCTTTAGCGACGCTTCAACCCCCTGGAGAGCGTTCGGAGCGAGAGCCGCCGCGTAAGCGTTGGTCAGCGCTTTTCGCGTGGCTGACTTCACGAGCGGGGCAAGGTAAGTCTCTATCGTTTCATCGCTTAGACGCGAGGGATTCATGTAGCATTGACCTCCCAGCCCTGTATCGGACCGTGCGGCATCCTTGTCTGCAAGCCATCGTCCAATCCACTCGTCGGCAAATTTTCCAGTTCGTCCAAGCTCGATCACTGGAAGCACTGCCCGTGGCGGACTGTCCCGCTCTGTATCGCAGTTGGTGACCAGCAGTGAATTCACTCGATCTGGATAACGTGTCATAAACAGTTGCGCGATCGCACCTCCACTGTCGCTGGCGACAATGTCAACTTTGGAAAGCGAAAGTCTGTCCAGCAGCGCCGCTAACATTGCCACCTGCGCCTGTGGCGCCACACTTTGGCCCTTGGCTACTTCCGTGTAGCCAAGCGCCAGAAAATCCGGGGCAACGCAACGCCGCATCATGGAGAGAAGCGGAATAGCCCCGCGCCATTGAAAACTGTTCAGTGGAAAGCCATGCAGAAACAATGCCGTTGGCCCTTCCCCGATATCGAGATAGGCGATGCGCCCCTGCTGTGTAACAACAAATTTCCTGGCGGCGTGAAACTGCTCGGCGGTCATCTCTTTGCAAGGGCATTCTGCGGACAATATTGCAGCACTGGACGACCTACCCCAGGCTGCGAATGCCGTCGTCGCCGCGCTGACACGAACGAACTCTCTACGATTCATCGACTATCACCTCTTCGCGCTCGGCACGGCTCTGTACTGAAGCCGGCCTCAATCAGTAAGCCACGCAAGAGATGGACGGTGCTGTCGAAATCTTTAGCGATCTTCCACTCTGCCCAGAAGGCACCTCCGACAGGATCCTTCCACAGGTCTCCCACTTCAATCAGTCGATCCCCGCCCCGGACCACACCGAAAAGTCACTAAAGAATGTGACAGCGATATCTGCTGACATCATGGCCTACTGGATAACCGGATCTCGGGCATTGAAGGAGAAGATCATGATGGAACGAACGTGCGCAGCGTGCGACTGCACGCTCGAAGGCGAGCCTATCAAGGTAACAATAGGCGGCAAGACAGTTGAAGTTTGCTGCGATGAGTGTGCCCTGAAACTGAATGAAGCTGCAGCGTCCGTCTCCGCGCAGGGAAGAAGGTGATCCGTGGGGACAACTATATCTTCAACAGTTCGTCGCAACATTGAGTTTCCTTCCGGGCGGATCAGCTATTCGGAGCGCGGGATTGGACCAGTTGCCCTCTTCGTGCACGGCGTGCTGTTGAACAGCTACCTCTGGCGTCATCAGTTGGACGGCTTGTCCGACATTCGACGCTGCATTGCTGTGGATCTGTTGGCGCATGGCGACACGGAGATCATCGAGAGTCAGGATGTATCGGTCACAGCCAATGCCAACATGCTGAGAGAGTTCCTCGATGCTTTGAAGATCGATCGGGTCGACCTTGTGGGAAACGATAGCGGCGGGGGTATCGCGCAAATTTTTGCCGCATTGAATCCTGAACGCGTCCGCAGCATGACACTCACCAATTGCGATACACACGACAATTGGCCGCCTGAAGCATTTAAGCCATTTCTGGAGATGGCAGCCGCAGGTGGCTTGGCCGAAACGCTCGACGCGATGTTATCGGATAAAAACGTTTACCGCTCACAGCAGGCGTTGGGGCCCGCCTACGAAAATCCCGAGCAAGTGAGCGACGACATAATCGAAAAATACCTTCGTCCGCTTATTCAAAACGAACAAAGGATATTTGATTTGCAGCGTTTCCTCGCGGCTTTCGACAACTGCTACACGGTAGCCGTTCAAGATCGATTGAAGAAATTGAACGCGCCAACACTCATAGTCTGGGGAACGGACGATGTGTATTTCGATGTGAAATGGTCACATTGGCTCGCCGACAACATTCCAGGTACGACGCGGCGTGTCGAGTTCAAAGACGCCAGAATCTTCTTTCCCGAGGAACGTTGGCAGGAATTCAACCAGGAGCTGCGGACGCATTGGCAGGCACAACAGTAGAGCGTCAGTTACGTCGCGGGAGTTCCGTAACTTCGCCAGAAGATCGAGGAAACGAGATGAACGGACAAATCCAAAAAGCTGATCAATTTCGTGCACTTCACATCCCAGGGAAGCCTCTCGTGCTTTTTAACGTCTGGGACGCAGGAAGTGCCCGGGCAGTCGCCAAGGCTGGTGCGAAGGCGATCGCGACAGGCAGTTGGTCGGTGGCGCACGCGAATGGATTTGAAGACGGGGAACAGACGCCGCTTGACCTTGCAATCGACAATCTTCGGCGCATCGTCTCTGCGACACATCTGCCAGTGTCTATCGACTTGGAGGGAGGTTATGGCACTACAGCAGATAAGGTAGGCACCACTGTCCGCCTCGCAATCGACGGAGGAGCTGTAGGTTGCAATTTGGAAGACAGCCTTCCAGGGAGCGGCGAACTTCGGACCTCAGTCGACCAGGCGGATCGAATCCAAAGCGCGCGTCGTACAGCAGAAGATGCAGAGATTGACTTTTTCATCAATGCTCGAAGCGATATCTTTTTTCGACAACCGGCCGACCTGCATGACCAGGCAATGATCTTAGAGGCCGTTGAGCGAGCCCACGCTTATGCAGAAGCTGGCGCGGATGGGCTTTTCGTGCCCGGTCTTGCCGACCTCGCGCTGATTGCGCGGGCTTGTGGAAGCTTCGCCGCTTCCCATCAATATCATGTTGGGCGACTTCACGTCGCCTTTGAGCGCCTTGGCTGAGCAAGGTGTCGCAAGAATAAGCTTCGGACCGCACCCATACCTGCTCGCGATGAAAGTATTAGAAGGAGCGGCACGCGAGGCACACCTCGGATGTCGATCCAGCACATGAATCATAGTTTGCGGTTATTCGTCGATAGGCTCAATACTCCGATCGGCCAGATGCTGATCGTCACCGATCTCGAAGGTTACTTGCGAGCCGTCGATTGGGCAGATTACGAGACCCGTATGAATCGTCTTTTGCGTGTTCACTACGGCACAGACGGACTTAGCCTTGAATCGACGCGCGCGCCGAATGGTATGACGGACGCAATAAGCAAGTACTTCCAGGGAGATCTTGCCGCCATCGACACTTTGCCGGTGAAAACAGGCGGAACGCCTTTTCAGAGCGATGTATGGCGGGCCTTGCGAGACATTCCATGCGGAACAACAGTCTCTTACTCGAATCTCGCCAAAGAAATTGGCCGGCCCTCAGCTGTCAGGGCGGTTGGCTCGGCCAATGGTTCCAATCCAGTGGGAGTCGTCGTCCCGTGTCATCGCGTGATCGGGACCGACGGCTCGCTGACCGGGTATGGCGGTGGAATCGAACGCAAATTGTGGCTCCTGAATCACGAAGCCGGCGTTCGGCGATGAAACGACATAATGGAAATACGTGGTCACAAAGTTGATACGCGACTCAACGCGTCGATAGTGTCATCAGGACAAACGCGCTACTTCGCGGTTGACGTCTTCTGGCACAAGCATTGATCGATCCAAATGCCACGCGCGAGACTGAGCGCGGCCTCCGGTCGTCACTTCCGACATTACCCAGAGAGGATTTGCGCTAACTGGTTTGGCAGCCGTCATTAGAGAAAACCCTCAGCATCATGGACAT
NZ_CP030840.1_gap89	3294972	3299211	4239	CCGACGCTCTGTTCTCGCGCTTGCCGCCATGGCTGGCGCAGGACTCTCTTCTTCCAAACTTTGGGCCTCTGCAGTTTTGGGCAGCCCATCCCCCAAATCAGAGCCTCAAGATTCCACAAGGAGAACTGCTATGTCTGAGTCCACGACGCAACACCCACCCGTTCCGCCCGACGATTTGAAGCGTGCGCTCACGATCGCACGACCGGACAGCGATCAAACAGTGCCCCACATCGGCCTCGTAGGCGATACTTATACCATCACCGTTTCGGGCGAGGATACTGCAGGTCGCTTCTGCGTCATTGACATGCACATCCCACCAGGGGGCGGTCCTGCGCCACATCGTCATGACTTTGAAGAAACCTTCATCCTGCTTGACGGCGAAATGGAGGCCACGTTCCGCGGGAAGAAGTCCCTAGTGCGCGCCGGCGACACCATCAATATCCCCGCAAACGCACCGCATCAGTTTCATAACTCATCTTCCAAGCCGGTTCGTCTGCTGTGCATTTGCTCGCCTTCAGGGCAAGAGCATTTCTTCAAGGAAGTGGGAGTGCCTGTAGCCACTCGCACGACCGCCCCACCCAAACTCGACAAAGAACAGCAGCAACGGTTCATGGAGAAAGCCAAGGCTCTTGCTCCGAAGTACCGTACCGAGCTGCTGAAGGAAGCATAGCCATCGGAAGCTGCGGGCAGATGCAATCTGTTCGCAGCACTTTCCATGCCTGAATCGATATAGAACCCTCCATCGCGACTTGCTGGACGCGGGCACCTATCTGCGCAGCATCCGGCTCTTGCTCGGCCACCGCGATCTGGAGACCACCTCGTGATACCTGCACGTCTCCGAAGCCAGACTGCATGGCACGCCCGGCCCGCTCGACGATCTGCCGGTCCGCATTCCACGCACGCCGCAGGGAGGGAACAGGACCGCATGACAGGACATCGGCTTGAGTGGCCAATGTCTTTCATGCTCACCAGAACCAGTTCCTGCAGCGCTGGCGCCATGTGCTCTCGGACCAGCAGCGCACGGTACTCCGCGACATCGGCCGATGCCGAACGGCGGCGCTCGGCACTCATCTCGAACGATGCGATCGCTGCGACTATGAGACCCTCCCTTACGACTCAAGATCATGCCGACCTGCGTGCCGACCCGGTTTCTCTCACCCAACGGCGCTCATCCAACCAACGCCACCCCATGGCTTGAACCGGCTCCAGGTGACCTCGATGCTTGCGTGAGCCCTCTCACCCGTACCGCAGACGCACCACGGGTCGGCCCCGCTAAGCTCAACGCCATCCCAGCTCGTGCCCAGTTAGCCGCATCGGCTCGCCGCCAACAGCTTTCAATCCTCATACTTTTACCGCGCTAGCGGCTTAGCGCAAATCGCCGTATCCGCACCGCTCCGCAACAGCAGCGCCGACGCGCGAAAGTTCTCGCAGCGGAGCACTACCGATACGGCACTAGAGACTTGGCACTCATGGAGATTGCCGACGAGATAAGTTTCTCGTTGGCAATCCCCACAAAAGAACCACGTGAGCCTTACTACAGAGAGCCGAACCCGGACGAAGTGTAACCCTATCCCATCTTCGCAATCTGCAAAGGATCGCCGAAGTAAACCTCGAGGCGACGGGACTGGATGCGCCAGCCTTCCGGAGTGCGTACGAACTCATCATGAAAGGCGCCGGAAGCGTTGTAGTGAACGTTGAAATCGTTCTCTTTCTTGCCGCGGTGTGTCGCGAAGAAGTCAGTGCGGGCCTGCGCAGAATCCCCGGTGAGCGTCACGATGGGCAGGCTCAGCATGTGCTGCCAATTGGAGAACCCGCTCATGCTGCCCGAAGTCGATCCATCTCCGCGCATCCATTTGGCGAGGTCACGGTACGAGCCCTTCGTTCCGCCAGCGGCGCTGTAGTCGACTGTGCCGTCCTTCGCAAAGGTTATGTCCCACTGCTCCAATATGTTAGAGTCCTCGCCTTGGTGGCTATCTTGCCCCTGCGAGTAACGTGAGATTGTGTCCTGAATATCTTGACGATCCAGAAGTTGCTGAAGAAGAAGTTCTGTGTTCTTTGTGTTGCTTTCCATTACGGGAATCCCTTCCTGTATCGGGTTTGCGAAATGACCGAGTCAAAACAAACGGCAATGTCGAATGACAGGTCTACTGCAGGGTGGCCACCCTTCAGTTATTAGGTTATGCGTTTGGTATACGAAGCACAAGAACTGACCAAAACGTGACATACTAACTAAAAGGTAACCATGAAACGAAAAGCAGCGCCCACCTCTCAGGCATGTTCAGCGCAAGAGCTCGAAGACGCTCTAAGCGTTCTCGATGGGCGATGGAAGACACTGATCATCTACCACCTCTTCACCGCGCCTGTACTTCGTTTTTCCGATCTGCGCCGAGCCGTAGAAGGAATTTCTCAAAAGATGCTCATTCAGCAACGGAGAGACCTCGAGGCCGATGGAGTGATCTTTCGGAAGGTCTACCCTGTTGTCCCGCCCAAGGTGGAATACGGCCTGACGAAAGACGGCCTAGCCCTTCGGCCTGCACTTCAGGCACTTCAGGACTGGGCAAAATCCAGAACTCCCCCGAAAGCTTAGCTTTGTGTAGAGCTTGATGGCCGAAGCTACCAAGCCGGGAGAAGTGTTATGCCGAACTTCGGAGCCGCTGCCTTGAGGCGCTCGATATCTTCAGGTGTCGGCGGCCCAACAACCTCATTAGGCGACTTCACGTGGCCCCCCTCCGCCAGAAAGCCTTCAAAGCCGCTCGGCGTGCAGAGCAGCATGTAGTGGGATGGGGATCCACTTGTGTTCATAAGCTGGTGAGGTATGCCACGAGGTAGGAAGATTGACTCACCAGCTTGGATCGTTTGTTCCTTGCCGGAGATGACTGCTTGCATCTCTCCTTCGATGATGAAGAGAGTTTCGTCATCGTTCGCGTGTACATGGATAGGCGTCTTCGACTGCCCGCCGCTGCGATTCTCAAAAAGAGAAAAGGTGCCATTCGTTTCTTCGCCCGAAAGCTGCTGCTTCATCACGACGCCAGCGAGCACGAATTCTTTTTGTTCTGCCATAGGGAAACTCCTTTGGTGCATGGCTTAGGAAAGACGGACGCCGAACCCGGGATACTCGGGCAGCGCCTTCTTTGTCTCTTCTGGGGAGAGGAAGCGGATACCCCACGAGGCTCCGGCCTTGATGGTCTCGGTAGGATCTTCGATCGGCGCTATCGTCGATGGATCAGGGACATTCATGTCCCTGGCGGGTTCCCCCATTTGCATCAGATAGCTGTCCATGCCGACCGTCTCTGCACCAGTGGCCCCAACAAGAATAAGAGCCCGCAGTTCTTCAGTCAGACAGGCGAACGTATGGGCCTTGCCCTGGGGCAAGAAGCCAACGCCACCGGCATGTACATCGAAAGTCTTCTCAGGCGTGTAGAAGCGAACTGATCCCTCGATTACGAAAAACAGTTCGTGTTCACGCTCATGGATGTGCACTGGCGGCTCTAGGCCAGGTCGCACTTTCACTTCCATGAGGGAGAAGCGACCGTTCGTCTCGGTAGCCTTCGCCAGAGTGGTAATCACTTGCCCCATGTATTTGATGGTGGAATCTACTCCGACTTCGCGGGAATACGCGGTCGGGATCTGCTGCGTTTCAGTTCTTGACATGATGATGCCTCTTTCTTGATACCGACGGTCTTTCAAGGTCAGCATGGTTCGCTGGCCTTGACCCGCCCAAAGCGGCTTCCAGCTAGCGAGCTCTCGTCCTGAGCCCAACGATTTGGAAGCACCCTTATGGTTCTACCGACACCGGCTGGGAGGGGTGTGTCTAGAAAATTGGGTTTGGTTCGATAATCCCGTCGAAGTGGGGATTACTTCGCTAGAGAGCTGGATGATCCACATACCCTTCGGGACCATGCGCGTAGAACGTGGCTGGGTCTGCTGAACTCAGAGGCTCGCCATCAGCAAATCGTTTCGGCAAGTCTGGGTTGGCGATGAACAACCTCGCGAAGGATACGGCGTCTGCTTCGCCGCGTGCAAGACTCTCGTTCGCTGATTCAAAGGTGAAGTTTTCGTTAGCGATGAAGACTCCACCGAACTCACGCTTCAGATCGGGACCGAGCGAATCAGCGGCGCGGAACTCGCGCGCATGAAGATACGCTAGCTTGAGTCGCCCGCACTCTCGGGCCACATACTTGAAAGTTTCGGCAGGGTTCGCATCGGACACGTCGTGACGATCGCCTCTAGGAGAAACCC
NZ_CP030840.1_gap90	3388644	3390847	2203	GCTTACCGGTTCCATGAGTTGGGAGCGCCTCACTATGCCTCGGCCGGGGGAGCTGACGCCGGCGATCGCGTTGCCGGTATAGTGAGAATCGAAGACGTATCGAGCACGGAAGATTCGGGGACGCTCCTATTGAAGATTGTTGCTGCGCGGTTGATCGTTTGCTCGCCGGGCCGGAACTTTGTCACGCTGCGCGTGGATACGGACGAGGGTGTATCCGGCCTGGGTGATGCTACGCTGAATGGCCGAGAACTCGCGGTCGCGTCGTACCTTGAAGACCACGTTATTCCTTGCCTCATAGGCCGCAACCCGGCGCAGACCGAAGAGGTGTGGCAATACCTGTATCGTGGAGCCTACTGGCGCCGCGGGCCAATCACCATGACGGCCATCGCCGCGGTCGATATGGCCTTGTGGGACATTAAAGGGAAGGCGCTGAATACCCCGGTCTATAACCTTCTCGGCGGTGCGAGCCGCCACGGCTGCCTGGTGTACGCTCATGCCAATGGCGCCGATATTGCCGAGACCATTGACTCCGTGCAAAAGCACGTTGCGGAAGGCTACCTGGCAGTTCGGGCCCAGGCAGGCGTTCCCGGCATCGCCTCCAGTTATGGCGTTCCGAAAGGCGGCAAACCGTATGAACCAGCTGAGCGCGGCCTGCCGAGCGAGAGCCTCTGGTCGACCGAACGCTATTTGAACTTTGCTCCCAAACTATTTGAAGAGTTGCGGAAGGCCGCGGGAGAGAATCTTCACTTGCTGCACGACGTCCATCACCGGCTTACTCCGATCGAGGCGGCGCGGCTCGGCAAATCGCTCGAACCGTACCACCTTTTCTGGATGGAAGACCCAGTGCCGGCAGAGCTTCAGGATGGATTCGCTTTGATTCGCAGTCACACCACCGTTCCGCTCGCGACGGGTGAAGTCTTCAATACGATTTGGGACTGCAAGGAACTCATTGAGAGACAACTCATCGATTACATCCGCATGGCCGTCGTCCATGGCGGCGGCATCACTCCGGCTCGCAAGGTAGCCGACTTCGCTGCTCTCTACCATGTGCGTACTGGATATCATGGTGCTACCGATCTCAGCCCGGTGACGATGGCTGCGGCACTCCACCTGGGGTTGGCTGTTCACAACTTCGGGATCCAGGAGCATATGCCGCATTCTGGGCTCGTCGATGAAGTTTTTCCACACGAGTATCGTTTTGAAGCTGGGTATATGCATCCAGGAGAAAAACCCGGCCTGGGCGTCGAAATCGACGAGTCTCGGGCGGCCCGGTATCCTTACCAGCGCGCCTACCTGCCAATCGCCCGCAAGCTGGACGGGACACTCACAGACTGGTGAGGCGCACCGAGGTATCGACCCAGCGAAGGTGCGAGTAAAGGAGTTTCGATGCGACTTTTTGTTCGCCTCAGCGCACTCGCGATCCTACTTACAGGGTGCGGGGTTTGGGCTGAAGATGGATCTGCCGCGTGGCTTCGGTATGCACCGGTAGAAGCCGCCAAGTACGAGGGAGTACCCTCCCGCATCGTTGTGCTGGGGAACTCTGTTGTTGAGCGCGCCGCCGGGGCCGAACTTGCCAAGGGACTGAGTGCGATGTTGGCGCGTCCCTTTACCTGGAGCGTTCAACCATTCCAGTTCGGCGCCGCGAGTACAAATGCGATTCTGTTAGGTTCTTACCGCTCGCTCGGGGATCACACGATGGACGAGGCATCCTCATCCATGCCCGGCACTGACCGATACAGCATCCGCTTCTCACGCCAGCGAGGCAGTCATCGGGTATTGATCGCCGGCAGCTCTCCTCAAGCCGAGCTTTACGGGGCCTTCCATCTGCTGGAAGAGATCGGCGCCGATCGAGTGATACCAGAGCACGAGACGCAGGTTGCATCCGCCGCAATCCGTTGGACTGATGAGTGGGACAATCTCGACGGAACCATCGAGCGGGGCTATGCTGGTCCTTCATTTTTTTTTAAAGATGGACACGTACTGCAGGACCTAACGCGGGCTTCAGACTATGCTCGCCTCTTATCGTCGGTTGGCATCAATGGATGCAACGTTAACAACGTGAATGCGGATCTTGATCTGCTCAGCTCGGAACACCTGAGGGAATATGCGCGTATTGCCGACGCCTTCCGTCCCTGGGGAGTGAAGCTTGCATTAAGTGTCGACCTCACCGCGCCCCAGATCGTCGGTGGGCTGCCGAGCTTTG
NZ_CP030840.1_gap91	3392006	3396066	4060	TGTTGATGATGATCGTTATCAATTGGTGCTGCGGCTCTTCACCTTTCAGGCTGGCCACGCGATTGTTTGGAGAGATGCTATTGACGACTGGTTCTATTGGCGCTCGCAAATTGCCGATGTCCATGGGCGTGTGGGGAACCACTCCGGTCGAATTGAGGCAGAGACCATGGCGACCGAGGGCTATCAACCGGTAGAGGTAACGCCATGGGAAACCGCGTCGGGAGGCAAAGCGGTCGTATGCCGCTTGAATTCAGGATGTTCTCTAAGTGCAGTGATCACTCAACCAGCAGGACGCTACAATGTCGCCGTGCAGTATTTCGATCTCTGGCGCGGTATCTCGAATTATCAGTTGCTTGTCAATGGAAAGGGCGTCTCTCGGTGGGCGGGAGATGATACGCTCCCGCCGGCACAGTTCGACCCTCATCTGGATGGCCAGACCTCGACGCGCTTCACCGTTCAGGATGTCTGGCTCAAGCCAGGCGACACGCTGATGCTGAAGGGTACCCCCGATCTTCGCGACGATCTTAATCGGTCTAGCAAGGAGGCGGCATCTCCAGGCGCCATCGAGGCGCACACGCTCGAGCAGCGAGACTACCGGGAGTTAGCTCCGGTCGACTACATCCAACTTGGGCCAAATGGCGCAATGACACCGCAGGAATAAAGCAAAATCGTAGTGGTCCGCCGGAGACGGCTCGAATTTTTTCCTAGGAAGGCGGCTGGTGAGTGCCGATATACTTGCCGGCCCACTGGATAAAATATTTCATGTTGGGTGCGTCCGTATGGCCTCCATCGTGTTGCCGCCACGCAAGCTCTCCTTCCAGAAGGCCCTGGTTGAAGGGCGGCATCTTCGCCGAGTGATAGTCGCCCCCAACGTCGAGTCCTCTTGCTCCGAGCAGCACAAAAACTCGACTCGCATCGACGGCAGCCATAAAGCTGCCCTCATGATCGAGCCATTTCGCGTCACCCTTTTCAGGAATTCCGTAGCTGATGAATGTAGGACGAGGCGCGCATAGCGCGATCAGTTCGTTGGAGTCAACCGGGATATCTCCAGGGGTGCTGCTCCCGAAAGTAGCCTCCGACGCCCCGTACTTGAGGAAGTTACCTGCCATCCAATAGTATTCGCTGCCGGTGAGGCTCTCGACCGCTTCGCCGAAGTTGCGCCGCAGCAGTGTTGCACCACCCTTTCCCGACGACCCTACCAGAACCATCGCAAACCGCTGATCGAAGGCCATCGTCACGAGCGCCGCTTTGCCATAGCGGGATACCCCTTCAATGCCAACATGTTTTGCATCCACCGCCGGATCAGTCTCCAGGTAATCAAGTCCACGGGCGGCGCCCCATGCCCAGGCGCGCAGAGCGCCCCAGTCCTCTGGCTTGCGAGGCTTGCCCTGATTAACCAGACCGATAATTCCCGCCCTGAGCCCGGCGCCGTCATCTGCCTGCACGCTCGCCGGATCGAACAATACGAAACCCCAGCCTGCCGCGACAAGCTGCCAGGTATTCGGAGGGTCTCCGTCGGCATTCAGCTGCGGGGGTTGGAATGGCGTGGCTTTCACCGCCTGCCACGCGGGATGATTCTCGAAGACTTCTTTGAGCGACGGATCCTGCCGGATCAGCAGCGCCTTCCATGCTGTGTTCACGCGATCCAGTTCATCGCCGGTCGGCTCGTTTGGCGCCGGGAACCCCGCACGGGCAAACATCATCAAAACCGGGACCGAGCCCTTCGCCCGGGTCGGGGTAACCAGCGTCATGTGGATCTTCACCTTGATTGAGGGATCGGATGAGTTATCGACGACGCCGACAATGTCCTTGGCGACCACCGGCGTAAAGCCGATCATCTCTCGGTCTACTGTTGTGACGGTCCACGTCACTTTCGGAGCATTGTTCGGCACTCGGCCGTAGACGTACTTTTCGAACATCTCGACAAGTTCCGGCCGGCGTACTTGCCACCAAACCTTCGCCGTTACCACCTTTGCTCCGTCGTTTCGTGTGAGCGGATCGGGCAGATTAGGATATGGATTGGCTTTGGATTCATCGTAATTGGCATGGTTCGGCGCCTTTTCGTCGCCGCTAGGCCCAGCCCTCAAGGCTTTGATTCCCAGCTGGTCCATCATGTCTTGATGGTCCTGGTCGGCGGAAACAGTAGCTTCTGGACGCTGCGCCAGCGTCGCCCGCGAAGTCATGAGCGAACATGCCACAGATAGCGATAAAAAAAACGCCTTGAGGGAACAGGGCACGCAATTTCTCCTTGGAATATGCTCGCTCACAAATGATTTACTTCAGGCCATAGTAGCTCCTGCCATAGGGATTTCAAACTGTCGCTTCATGCGGCTAGAGATTATCTTCGAAATCCGCTCTCTTTCTTGTACCGGCGATGGAGTGTAGTTGCCGACGCTGCAAGGTTGTGAATATAGCGTAAACAGCCTCCTCAGTGAGGCGTCATCAGATCAAGGTCATAGGGGGCAGTGTTAATTCATAGCGGCGTGCGGGTTCTGTGACAGGCACTGCGTCCGCTCACCGTCAAGTGTCGGGCATTGGTCTTGGATCTGTCACGCAGGGGCTCACGTCCGCCATCCGGCCCGCGCCGTAACGTGCACATGGGTGATCACTTAGGTTATAGGTTCGTTCCTGCCCGGCCTTCGGCTCCGTGGCACACCGCTTGCAACGCATTGGTGATATGGAATCCAAAGACAATAAGGAATTTCAAGCAAACGGTGCACTCCCAAGTCGCGCTTCGGAGCAATACGATCTAGTCATTTTAGGAGACGGAACGGGAGCGACGCTCGCTGCTTGGACATTCGCCAGCCAAGGACAGCGCGTCGCTGTGGTTGAGCGAAAGTACGTTGGGGGCTCATGCCCAAACATTGCCTGTCTTCCGAGCAAAAACATTATTCATAGCGCAAGAGTGTCGTCCTACTTCCGTCGAGGTAGTGAATTCGGTGCAATTGCCGATCGCTTCCACGTCGACATGCTGGCAGTGCGCACCCGAAAGCGGACTATGGTATCCGGCTTGAACGATGTATATCTCGATAACTTCAAGCAGAACGGAGCGGAATTCATTCTCGGGTCAGGACGTTTTGTAGGGCCGAAAACTCTAGAAGTCGCGCTTGGAGACGGTTCGACTCGCCGACTCCGGGGGACGAATGTGATCGTCAGCACGGGTACGAGGTCCGCCTCCAATGCGATACCGGGCCTCGCTGAGGCCCAGCCGTTGACGCACATCGAGGCGCTCGAACTGGATGCGGTGCCTGGACATCTTATTGTGATTGGCGGAGGCTATGTCGGACTGGAACTGTCGCAAGCAATGAGACGGTTCGGCAGCAAGGTAACGGTCGTTGATCGAAATGACCGTTTGTTGCACTCGGAAGACGACGATGTGACGAGTGCTCTTGCCAGCTTGTTCATGCACGAAGGCATCGACACAATTTTGAACGCGAGATTGAAGCATGTCTCTGGTAAATCAGGCACCGCGGTGACAATTGTTCTCGAGCAAGGTGGAATAGAAAAGACGCTAGTAGGCACTCATCTGCTTATTGCCGCAGGCCGACGTCCAAACACAGAAAATATTGGACTAGAGACAGCCGGGGTCGAGTTGAATGATCGCGGCTACATCAAGGTAAACGAGCGGCTCGAGACGACCGCACCGGGCATCTGGGCCATAGGCGAGGTGGCCGGAACTCCACAGTTCACCCATGTCAGCGTTGACGATTTTCGCGTCGTCCGCGACAACCTAGAAGGCGGCAATCACGTTACGACATGGAGAATAATCCCCCGCACTCTTTTTACGGACCCGGAGCTTGCACGGATCGGACTCACAGAGAATGAAGCCAAGGCGCAAAACATTGCTTATCGTTTGTTCAAAATCCCAATGGAGCGAGTCTTGCGTGCCCATACTCTCTCTGAGACCCGCGGATTTTTGAAGGCGCTGGTAGGAGTCGACAACGATTTAATTCTCGGCTTTACCGCCTTCGCTGTGGATGCCGGCGAGGTCATGGCATCTGTACAGACGGCGATGATCGCTGGGCTTCCCTATACCGCACTTCGCGATGCCATATGGTCC
NZ_CP030840.1_gap92	3485892	3486764	872	CCTTATGAGCAATTCCGGATCTTGCAGCCAACAGCAACGATCGATGAAGCGGTCTACGTCTACGAAGGAACCTTCACCTTGCCCCTCGCCGCGGCATTAAGTCATGCCGAGGCATCGCAGAGCCTCATCCGCCAGAAACGCTACGATGGCGCCCTCGCCGAAGCAAAGCTTGCAACTCAGCTAGCGCCAGAGAGCACCGATGCGCTCACCGCGCTGGGTGACGCCTTGGACGGGTTGCATCGAGCACCCGAGGCGAAAGTCGCGTACGCGGCAGCTCTCCAGGCCGCACAAACCATCGAACCGGAGTTCCAGGTCGGCGCAGTCTCGGCGCTTAAAGCTAAAATCAACGGCGCGCAACCATAAGCCAATTCCGATATTTCTCTAACCTCATGAACCGCCACTACGGAGGTGGGAATCATGAGGAAACCGTTTACGAAGAGAACCAAAGGTCAGAAGGCTCGACCGAGACTAAGCCCGGCATTCCAGATTTAGAACTCTCAAAACTTGCAGTACAACGAAGCCGCTGGTTAGAAGATCATGCGGTCGCGCTACTTGCCCTCGACAGTTTGCATGAACACTCGGGACAGACGCTCAGTTCATATCCACAGCGGAACAAACAATTCACGCTGGTCGCTACTTCCCATTCAGCGATGTGCCGTTCGGGATGCCTACCCGATCCACCATCCTCTGGCCGGAGGTTTCGATGATTTTTCCAGATTATTTCGTCATCGGACGGGATCCGATCTGTCTGAGGTAATCGAGATATGCTTTGAACGTCCCGGGTACGATTCGATAAAACACGTTGAGGCCGTCTTTTCGAGAAGCAATCAGGCCGAGCTCTGTCAGGACCTTCAAATGATGCGAGAGCGTAG
NZ_CP030840.1_gap93	3497441	3500009	2568	GCGGCCGTAATCTGCGCCGCCGTGCCTACGGCCAAGACGGTTTACATTCTCGCGGGAGAGTATCACTGCGAGGAGATGATGATCGCGTCCACTGTATCGATGACGACTCTTGTCTCCGTCGTCTCGCTCGCAGCCTGGATCTATGGGCTGTCCGGACTAGCTACACGCATTGTTGTTCGATGAAGTTTTATTTCTCTCAGATTGTCAGTAACCATGACTTACAAGTAAGCAGGACGTGGATGTCTTGGTCGGCGCAGGCATGCGTCCGTAACCGGCTAGTGTCCGAGTCTCTGACTTACCCTCGGGAGCTTCATTTGCGCAGGGAGGGCGGAACAGATCAGCAGTAGAAGTCGATGCTTTTCAAGGATGAAAACGAGAAAGGCGATGGCGGCGAACAAGCCCGCAGCAGCTTCGCTACGGGCGTGCTGGGTCATGACTTCGGGGATGCTGGACCAAACGTGAGCAGGCTTTCGATTTTGCCGGCCGGCGAGAAGCGAATGCAATCATGGCCTTTCACCGTAACCTTTCCCTCCGGCAGAATGAGCACCCACTTGAAGAGCGCAACCGCGTGATGCGTGGAGACGTTTTCGATGTCAAAGTGGGCGCCGGGATACTGCTTCTGGAAGCGTTCCATATCTTCGATTGCTGCACTCGTACCCCCGACGTACTCCGGCACGAGATATTCCACATTCTCGTCGAAGACCTCCGAGAGAATGCTCTTTCGCTGCGCGTCGGAAATCGGCTTCCAAGTTTCCACATATCTTCGGTAGACGTGCAAGGCTTCTAGATTGGTCATGGTGGTTCTCCTTCTGTCCCTAAGGTAGGCTGTGGCTTCTGTACGGTCGATAGCTGAAACCCCAAATTTATTTACTGAAAACCCAAAAATCGCGGCATTCTAGAGGAATGGATCCGTTTCTCGATGTGGTGCAACTGCTTCGACCCCGAGCCACATTGTGGTCGAAAATTGAAGGCTTTGGCCGATGGGGGCTGGCGTTTCGGAAGCGCGACGATTTGCTTTTCTGCCGCGTGGAGCGGGGCGAGTGTCACTTGCTCCGGCCTCAATTTTCACCGGTTCTACTACGGCAGGACGACTTCGTGCTGATTCATACCTCGACGCCGTTTGTGCTTACCTCAGATCCGTTGATGGTGCCGGAAGACAGCGAAGAGTTGGTAGCGGCCGCGAAGAGTGTCTCGCTGCAACTTGGCGAAGGCACGGAGTCGCCGGTTACGCTGCGCGGGGGCCGGTTTGTTTTCGATACGGCGAATGAGAGCTTGCTGTGGGAGCTATTGCCGTCGCTGCTGCACGTTGCGGCGGACGATACTTCGTCGTGGCGCGTGCGCTCGTTGCTGAGATTGAATGAGATGGAGACCTTGCAGCCGGGGCCGGGGAGCGAGTTTCTTATCGCGCGGTTGATGGAGCTGATCCTGGTGGAGATGCTGCGGCGTGAGACGCCGAAGGTGGATGATCGCTCCACAGGGTTGATTGCCGGCCTGCTCGATCCTGCCATTGCAAATGCGCTTCTAGCCATGCATGGCGAGATTGCGCGCGCCTGGAGCGTAGCGGAGCTGGCGCGTTTGTGCGGCGTGTCGAGGTCGGGTTTTGCAACACGCTTCAAGGACGTGTTGGGAGTTGGACCGATTGAATACCTGATGAATTGGCGGATGGCCGTGGCCAAGGATGAACTGCGACGCGGAAGACGAAGCATCGTCGAGATTGCGCTGGCCGTAGGATTTCAGTCGCCGAGCGCGTTCAGCACATCGTTCACCAGAGCGGTGGGCTGTTCTCCGAAACGGTTTGCTGGAAAAGCCGCTTAACGCAGCAGAAGTCGAGCGATTCTGGCGATCCTGCTCGGTTGCCGGCTGCGTCGCCGCGCACTTGCGGAACTCGCCGTCGAAAGCTTGCAGCGTCGCGAGGAACGCTGGGCCAATGTGGACCTGGTCGGCAAAGGAAACCACCTACGGATTGTCCTTCTACCGAATTGGGTGTAGGAATCCCTCGATACCTGGTTAGCGGCGCCCGGCATCGAAAGCGGTCCGCTATTCCGATGTGTCTGTCAGGCGGGTAAACTCTGGGGGCGTACCCGAGAAACGGTCTGGCACGTCGTCAAGAGGGGCGCCGCAGTATGAATATTCCGCGTCTTGCGCCGCACGACCTCCGCCGCTCTTTCCGGCAAATTCGACCGTATCTGGCCCAACCTCAAAATACGATCTCGCGGTCGAGTTCCAAGAGAGCGCGGCGGAGCTGATCCCGTGTCAGAGTTGTCGTGTCGGTCTCTCGCAGTTGCGTTGAAACCTTCGCTTTGCGCGCAGGATCTTTTGAGAGGAAGTCTTGGTCGACCGCCTCAGCAAAGATATCCCGGAGTTAAGCACACATCTGCAACACCCTGTCCCTGGGTCGTGTTGTAGCGAGCTGTTGAGATGAAGCCGCAAGCTGAACTTGTCGAAGTTCGCCAACGGAATCACTCCAAAAGCTCGATGAGATCGCGTTGAATGAGGATCGTCTTCGTCTTTGACGTCTGCTATCAAGGGATTATTCCATCTTCTGCTACTCATTGAGCGTCGTGAGCA
NZ_CP030840.1_gap94	3594366	3595017	651	CATACTGACGACGTAGATTGCACCATGCGGGCCCTTAGATGGATCTATCACCGGAGTCGAAGTAACGCCGATCTCAGGCGTAATCTGAGAGCAGCCGTGATCATCGCTGGGCGATTCACCCACCTTAAGAAGAGAGCTCTTCCACAAGGTCGCGCCGCTTTGCGCGTCAAATGCGTAGACAGTATCATGTTCAGTGGCCACATAAAGCACGTTGTGGATTTGATTTCCAATCGTTAGCCCCGGAACATGAAGAGGCTCGGCGTCGACTATACCGTCTGTAGCAAAAAAGCCCAGCTTGCCAAACGTGGAGTAATGCACGGTGGAGAAGCTTAGCAACTGCTCATTGTTATTGAGTCCATTGCGATCATTGTTGACATGCCAGGTATAGATTTGGGCATCTTCGGCATTGAGATACGAGCTATGGCTGGACGTAAAGGTGAGAAGTGATACTGTGATTGCGAGATAAAAAGGGCCTTTGATCGTCATGATGTCTCCCTGTGATGCCCATCCTGAAGTGGCTGGTGAATTGCGCTTCATTCGCTCAATCGCCAAGCGACTTAGGTGGTATCGCCACAGCGGATCCATCTGTTGTGCATCAAGCTTCGTCTTGTGACGCCGGGAATACCGGATTGGTTGGATAGTGCCGGTTTC
NZ_CP030840.1_gap95	3723774	3727697	3923	ACGTTGCTATGTTTGGCCGCAGGAACGGCGTAATGGCCTCAAAATGATTCGACGTCGAGCAGAGAGATGTGCCCTCCTTCCCATCCTGCTGGCGACGGGACTGGCCTGCGCACAGACGGCGCCATTGTCCCCGGAGCGGCCTTGGGATGTTGCTCCAGGGCAGGTCCTTGCCGCCCCGCCCCGAACCCCTCCCGCTTTGATTCCGGATCCGTCCAAAACCTACTCATTATCAGAGCTCGTTGACTTTGCTGAGCACAATAATCCCGAGACCCGGGTGGCCTGGGAGAACGCTAAGGCGCGTGCCGCCGATCTGGGTATCTCGAAGGCGAGTCTTTACCCCACTATCGCCGCGGTTGCGCTTGCTGAGACCAATAGGACTGACATCTTTTTTTCTCCCGATTTCATTCGTCAAACGACGGGCACTTTCGCTCCGGGAATCACTCTCAACTACATCATCTTCGATTTTGGCCGCCGGTTGCAGGACGTAGCGATCAGCCGCAGCGGTCTTCTCTCAGCAAATTTTCTATTCAATGATACCCACCGCAGGATCATCTTCGACGTAATGCAAGCGTACTATCGATTGCTCAACGGTAAAGGCCAGGAGGACGCGGCAGAGGCGAATCTCAACAATGCCCAGACCGTCGAGCGGGCAGCTGAGGCAAGACTTGAACAAGGGCTGGCGACGCTACCCGATGTTCTCGAAGCGCGCAGCGCCGCCGCACAGGCGGACTACGATCTGCAGGCGGCGATTGGCGCGACCGAGATAGCGCATGGGGACTTGGCGACCTCGCTTGGCATCTCTCCGACCGCACAGTTCAAGGTCGAGAGCATTCGGGATCTGCCGATACCGACCGAGCTTCCCGACACCGTAGAGGCTTCGATCGATCGCGCGCTCGCGCAGCGGCCGGATCTGTTGCAGCGGGTAGCCGACCTTCGGGCTGCCGGTTCGGAGATCAGGGCTGCCCGTACTGCCTATCTGCCCACCTTGAGCTTCGATGGCAATGGCGGGATTGCAAGGTCCTATGCTCAGCAATTGCAGCAAGCGGGCCTCTATTCGCCAAATCAGGAGTATTGGGATGCAAGGCTTTCCTTGAGCTGGAACGTCTTTGATGGCTTTGCCCGCGAGAACAGGCTAGCGCGCGCGAAGGCCGACCAGAAGCAAGCGAGCGCGGAGCTCAATGCAATGCGTGATCAGGTTGAGAATCAGGTTTGGTCCGCCTACTCCACCGCTAAGACGGCGCTCCGGCAGCAGCGGGCGGCTGCCGCACTACTGGCTGCTGCGAGCGAATCCTACGATGCCGCATTACAGTCGTACAACTTCGGAGTGCGCAGCCAGATCGACGTGGTTTCCGCGCAGCGCGCACTGGCTTCGGCGCGAACTGCCGATGTGAGCGCGCGCACACAATTGTTGACCGGAGTGGCGGCGCTAGCTTTTCAAACGAGCGATTTACTTCATGCAAAAAGGCCATAACATGACAGAAAATCGGGCGCTAAGTCAGCATGCGCGGACGGCGCGCAGGGCCGCCATCGGACCGCTGTCCGTGGTGATGTTGATCCTCTGCGGCTGCTCTCGGGCGCCTTCTTTCAATATCCTTGGATCTTTCTTTCCTGCCTGGATCGTGTGCGGTCTGGCCGGTATTCTGCTCACGGTCGCGGTTCGTTGGCTGTTTGTGCGTTTCAAGTTCGAACAGGATCTATCGCCGCTGATCGTTGTCTATCCGTGCCTGGCAGCATTTTTCACATTTACCCTCTGGCTGTTGTTCTTCAGCTGAGAACGGAGAGGAGGTACGATGCCCGAAGTCGAAGTTGCCGCCAAGCGTCCCCGCCTGGGCAGGATCGTCAGCTTATCGATCATTGCTGCCGCGTTGGTTACGGGGCTGCTCGTGATCGGCGAAACAAACCGAAATCCGCGTACCGACGATGCAGAGGTCTTTGCCAACTTCATCGGCATTGCTCCGCAGGTCGACGGACCAATCCAGCAACTCGCCGTTCGCGACAACGCCTTCATCAAGCAAGGGGAGCTCCTCTTCGAGATAGATTCGCGGCCATACGAATATGCGCTGCAGCGAGCCAAGTCCGACTTCAATGTGCTGGAAGGACAGATCGTCGATCAACGTAGAACGATTGCTTCGCAGGTGAGCGCGGTTGGAGCAGCCGAGGCCAACACGATGAGCGCCGCGGCCAACATCGATCGCGCGGCAGCAGCGGTCAACGAAGCCAAAGCGAACGTCGCGAATGCGAAGGCCGGGCTCGACAGCGCGAGTGCCGAGTTACTCTACACCACCAACAACTTTCACCGGATTGAGCCGTTGCTGGCGAAGCAGTTCGTCACCGTAGATCAGGTGGATCAGGCCCGGACGGCAGTGACCGCCCGCGAACAAGCGGTGCATCAACAACGTTCTCAGGTCGTCCTGGCCGAAGCTCAGGTGCAATCGGCGGAGGCCCAATACGAGCAGGCAAGGGCAGCGGCGCAACAAAGCCACGCCCAACTCAACCAATCTCAACACAGCGTACTCACCATCGATCCGCTCACCGCTCAGCGCGAGGGGCGCGCTTCGGCGATTCGCACGGCAGCGTATAACCTCAACAACTGCAAGGTCTACGCGCCCTTTGATGCGCGGGTCACGAATCTCACCATCTCGCAAGGCGCCTACGCTCACACCGGTCAGCAGGTATTTACCCTGATCGACACCCGGACATGGTGGGCGGTAGCGAATTTCCGCGAAACGCAGATCCGTCATATCGTTCCCGGAATGCACGCCGACGTCTACATCCTTTCGCGGCCGACGATCAAGTATGACGGAGTGGTCGACAGCGTTGGCTTTGGCGTCCAGCCTGATACGACGCTGGTCGGCACATTCTCGTCAAATGGATTGCCCGATGTCCAGCGTTCGCTGAACTGGGTCCACCTGGCCACTCGCTATCCGGTCCGCGTGCGCATCAACGCGCCTGAGTCTGAGCCTTTTCGCGTCAGCGAGTCTGCCGTCGTGATCATTCGCGGAGACGGGAAGACGAGGTAGCGATGCGTAGCGGGGGGAAAGCTCTACCGGTTGCGCCTCAGCCGGCCACGATCGATCAGATAGGAAAGTGGTTTAAGAACTTTCTGGAGAAGGAGTTGTCCCCCTATCCAGGCAGGGGGTGGGTGGTCGCGCGGGTCACCATATCCGCCACGATCGTAATGCTGCTGGTGATGACGTTTCGTTTGCCGAGCGGTTTTCTGGGCGCAATCTTCACTCTGTTCTTGAGCCGGGAGAATCTTGCAGCGACTTTTCGGTCGGGTTTTCGGACAGTCATCGCTTTCCTGCTGGCCACGGCGTATACGGCGGTCAGCGTAGTCATGTTCATCGACGATCCGCTGACTCATTTTCTTTGGGTCGCCGTCAGCCTCTTTCTTTCCTTCTATCTCATCCACATCTTCTCCGACTATGGCACAGCGGCGGCATTTGGATTCATGATCGCGGGCGCAATTCCGTTATGGGATGAGACCACCATCAATGTGAACGAGCGGTTTGAGAACACGCTGTGGCTCTGCTTTGTGGTCGCTATTGGAGTGGTCGTTACGATCGTCGTCGAATACGTCTTTCGGAGCATTCACCCCACTACTGATCTCACCGAAGGCATCGAAGCGCGATTGCAGACCGTGGAAGACGTTCTGAGGAGCGCGGGTGAAGGGCGGCCCCTCCCGGATGAGTCGGAGAAGCGGCTTTCACTCTATACGACTGTGGGCATATCCCGGCTTCGAAGGCTGATGTACCGGTCCGACTATGGCGCGCACTTCAAGGCGCAGATGACCGCTGCCATTGCTCTGCTGGGCCGGCTCGTCGATATCGCCGGCAGCTTCCAACTGGCACTCCACGAACGGACGAGTCCAGTCGAGCCCTCCGACGGCCAGCGCTGCTTACGGTTGGCCGAGGTGTTGGCCG
NZ_CP030840.1_gap96	3728895	3731573	2678	CCGCCTGATCCAGACTTTGGCCGCAATTCTTTCGCCACTGTACCAAGACATCCATGCAACTTTTGCCGTTCCTCGAGAGGCCGGCAATGCTCTACCTCAGACAACTTGAAGAGGGGATGTTCGCATGAGGCGAATGGTAGTGTTGGTCTTCGTCAGCCTCGCTGTGACGCTATTGGGCACTGCTCAGCCTGGGCCAGCCGCGAAGCCATCTGGCGATCGTCAGTTTGATCGTGGCTCTGGACTCGTGCTCTCCAGTCTGACGTCAGTCCAAATCGATAACCTGGTGTTACTGGGAAAGGTGTGGGGCTTTCTGAAGTATCACCATCCCACAGTCACCTCCGGTGAGCTTCAATGGGACTACGAGCTCTTTCGCATCCTGCCGGAGATCCTTGCTGCCCCCGATCAGGCCGCCGCACAGACGTCCATGATCCACTGGATTGGCGGTCTTGGTCCCGTACAGCCTTGTGGCAATTCCTGCGCTACCGGAGATAAGGATGGACCACGCATAGGACACGTCTTGACGCCTGTCCCCATGCTTGCACTTCGTCCTGAAATCGCATGGATCGCGGACGAGGCGCTCCTGGGAAAAGAGCTCGCCCGAGCATTGCAATATCTTCAACAGAATCGTACTGCCGGTAAACAGTTTTACATCTCGCTCGCTCCCGGGATAGGGAATCCGTCGTTCGATCATGAACGTGACTATGTGGGCGTTAAGTTCCCCGATGCTGGCTTTCAAATACTCGCGCTTTATCGCTTTTGGAACATCATCGAGTATTGGTCGCCCAATCGAAATATCGTCGGGGAAGATTGGGATGGCGTACTTCGCGAATTCTTGCCGCGACTCGCGTTAGCTAAGTCTTCCGAGGAGTATCAACTCGAAATGATGGAGCTCATCGCTCAAGTTCATGATACTCATGCCAACCTTTGGAGCTCGCTTTCTCTTCGGCCGCCGGTAGGCGAGTGCAGGCTTCCACTGAGTCTGCGTTTCCTTGGCCAGAGCGCCGTCATCACCGCCGTTGCCTCTCAGGATCTGTCTGCTGTCGGCGGTTTCAAAGTTGGCGATGTGCTTACCGATCTTGACGGGAAGCCTGTCGAAAACCTGCTTCAATCATGGTCGCCTTATTATGCCGATTCAAACGATGCCGCTCGACTCCGGGATATCGCGCGGGCAATGACGAACGGCCCATGCGGTCCGGTCACCGTACGGATTCGGCGAGGGCCCGATCTTCTCACCGTTGCAACGAAGCGGCTCCCAAGCGCCGGCATGACCGCAATCACCAACACGCATGACTTGCCTGGCGATACTTTTCGGCTACTCTCCGATCAAGTGGCTTACCTGAAGCTGTCTTCAGTCAAAGCTGGGGATGCCGTCAGTTACATACAGCGCGCTAGAGATACAAAAGGTCTTATCGTGGACATCCGCAATTACCCTTCGGAATTCGTGGTTTTCGCTCTCGGCTCCCGCTTGGTTAAATGGTCGACGCCGTTTGTCGAATTTACACAAGCAGAATTATCGAATCCCGGGGCGTTTCATTGGACTAAGGGCCCGCTCCTGCAACCAGCAGAACCGCACTATTCGGGGAAAGTCATTATTCTGGTCGATGAGGTGACCCAGAGCCAGGCCGAATACACAGCGATGGCTTTCCGCTCCTCGCCGCATGCCATGGTGATTGGCAGTACGACGGCCGGCGCCGATGGCGATGTGTCAAAGCTTTCCCTTCCTGGCGGATTGAGGACCATGATCAGCGGCATCGGGATCTTCTATCCATACGGTAAACAAACTCAGCGGGTGGGCATTATTCCCGACAAGATCGTAGTGCCCACCATTGAAGGCATAGGCGCCGGTCGAGATGAAGTGTTGGAAGAGGCCGTGCGGCAAATTCTAGGTGCTGAAACTTCGATCGAGACGATAAAGGCGCTTGCAAAGCCTGGGCGCTGAGCGGACGGCCACCTGACAGAGACTAACGTCATCATCAACATACCTGCCCCCCTAAATGGGTAAGAGGAATTACCCCGAGAGTGTCTTTCGAGGAAATCGGTGTTGGGGAACAATCCTATTGCAGCCAGGGAACGGAAATGCTAAGTGCCGAGCCGCATTCTGTGGACTCAAGGGTGACCGCAGTCTGCGAATTCACGGGTGACCTGTATGAAGGATCATGAAGATCGAAGAGTGAAGAACATCGTTCTTGTTCGTGGCGTCTTCGCCGATGGCTCAAGCTGGTCGAAAGTGATTCCGTTATTGCAAGCGCAGGGCTACCAAGCGGTCGCTGTCCAGAATTCATTGACTTCGTTAAAGGACGAAGTGGCCGCTACAAAGAGAATCATTGCACTGCAGGACGGGCCGGTGATCCTTGTCGGCCATTCCTGGGGAGGCACTGTCATCAGCGAGGCTGGCGATGACCCTAAAGTTGCGGCCCTGGTGTGCGGCGCGGCCTATGCTCCGGAGGCCGGAGAGTCGGCAAACGATGCCAGCCAACCATTCGGCTGGACGGACGGGCAAAAACAGATTCGTTTGGACAGCGAGAAATTTGCCGTGCTTACTTCCGAAGGCATGCTGGAGTATGTCACCCAGGGGCTTCCGCTGGCCGAACGTGAGCTTGCCTTTGCGGTTCAGGGACAGAGTTACGGGCCTATGTTCGACGAGAAACTGAAGCTTGCCGCATGGAAGACGAAACCGA
NZ_CP030840.1_gap97	3733018	3733642	624	CCTCGAAATACCCACGCATTGAGTGGAACTCCAGGAACTCAATCAGTCTTAGCCAGTAGTTCACCAGGCCAGTAGTTCACTGCGCCAATAGTTCGCCGCCCGTCCAGCTCCCTATGGTGCTGTCATTCTGTGTGCGAGGTGACGTAATGTCCGGCATCACTTGCTTGATTCTCTTCATCGCAGGAACCGTTAGCCTTGCCCAAAACGTACTTACCCGCAACTACGACAATGCTCGTAGTGGCGCTAACCTGAATGAGACAATCCTCACTCCCGCGAATGTCAGCGGCCTCAAAAAACTCTTCACCGTGAACGTTGACGGCGAGGTCTATGCCCAGCCGCTCTACATGGCTAACCTGACAATTGCGGAGGTCACGCAGAATGTCGTCTTTATCGCAACCATGAACAATAGCGTCTACGCCTTGAATGCCGACACCGGGGCCGAGCTTTGGCACGTACGTTACGGCACCCCAATTAAAACAAAGGACGTCCAGTACCCCAAGAACCCGAATATCAACCCCGCGTCGCCCACCGGGATACTCTCAACGCCGGTGATCGATCCGGCCTCGGGTATTCTTTACTACGATCACGGTGAGGAACTGACTTCAGGGTCCACAAAGGCGTACA
NZ_CP030840.1_gap98	3735588	3740467	4879	AGGTCGCTCCAGGAACGGGGCCCTATTCCGGATGTCCTGGGAATCGATGTCATCTGGCCCGGTATCCTCTCCGACGATTTGATCGATGTGGGGCATGATTTTGCCACCGAACTTTCAACGATGGACCCCCAATTAGTCTCCAGCTACACGGTGCATGGCAAGGTAGTGGCCGTACCCTATCATGCGCACGTCGGCGTTCTCGCCTTTCGAAGCGATCTGCTTCTGCAATATGGGTATAGCCGACCTCCAGAGACCTGGGATGAGCTGGAACAGATGGCCGCCAGAATTCAGGCGGGTGAGCGCGCTAAGGGCAAAAAAGATTTCTGGGGTTATGTCTGGCAAGGTGCGGCCACCGAGGGCTTGACCTGTAACGCCCTTGAATGGCAGGTCTCTGAAGGAGGAGGCCGCATCATCGAAGATGATGGGACGATTAGCGTCAACAATCCTGCTGCAATCCGTTCCTGGCAGCGAGCCGCCCGCTGGATCGGCAGAATCTCGCCGCCTGGTGTCGTGGCGTACCAGGAAGTGGATTCGCTGAGCGCCTGGGACGCCGGGAATGCTGCCTTTATGCGCAGCTGGCAGTGGGGTTACCGTCTTACGCATCCCAGGGATTCGCCTCTACGGGACAGAACCGGTTATACAAGCATGCCTGGAGGATCCGTGGGCCGTGTGGGTACCTTGGGAGGCGTCGGTTTGGCTGTTCCCCGATCTTCAACTCATCCTCGGGAAGCACTCGCGCTCATCCGTTTTCTCATCGCTAAGGAGCAGGAGTCGAAAGTGGATCCGGCTCACTTCGTGCCGATCCCCCCAACCCAACTCTACGACCTGCCACAGATACTGCAGGCCTATGCCCCCTCGACTAGACTGAATCAACAAAACAGCTGGCTGGTTAGCCGGCCTTCGAATGTCACCGGTCGCGCTTATGAAAATGTCACCCAGGCTTACACCCAATCGGTGCATTCGGTTTTGACCGGCCAGAAATCGGCGCCCGAGGCGGCAGCAGAATTGGAGAAGCAATTGATTCGAATAACCGGTTTCCGTCCTGGGCCGCCCAAGATGTGAAAACCATGCCACTATCTCGGTCGGGTGTGTCGGTGGGGCAAGCGCTACCATTGGGCGGAAGACATGGCGCCGGGATGATCCTCAGGAAGCGGGACTGAATGAAATCTTCAGATTATTTCAAAGTTGGTCCTCGGCTGACGCTTGCCTTTGCGCTGCTCATGGCCTTGATTCTGGCAGGGAATGGCTTTGTCATCTGGCAATTTCATGTAGCGAGCATCCAAATCGATCGTCTCACCGCGGCAAATCGACGACTGATTGCGGTAATGCAGCTCCAAGTGGGCCTTCTCTCATTCCACCAGCGGCTGGACGATCTCGCACGGTCAGGCGACGCACACCAGTTGGCCGATGAAAGCGGGGCGTTACGCTTAGCCCTCCAGGAACAGGCTCAACGAGCGGGAATGACCGCCGCCAACCTCGGAACCCAAGTAGATCCGGCTTTCCTGCCAACTCTGAAAACGATCGAAGTCGCTTTGTCAGCACAACTGGACGCCATTAACGACTTAGCGAAATCAGGTGATTGGGGAACTGTGCAGCGCCGTCTAGACAACGAACTAAAACCGATTGAAAGTCAGACTTCAGTATTAGTCGGGAACTTTCAACAACAAGCCAACGCTGAATTGACACAGGCGGTCTGGAGAATGGGAAGCGTGCAGCGGCGGATTTTTTTGGTCGTGCCGATCACGGCAGTCTCGACGTTTTTCATTGCGGCCTTCTTTGGCTGGGCAATGACGCGACGCATAGTTGAACTTCGCCTAGAAGAACGTGTCAGCGAACGAACACGGATCGCGCGGGAACTGCACGATACTCTGCTACAGAGTTTGCATGGATTGATGTTCGAGTTTCAGGCAGCGCGCAATATGTTCCGGAAGCGGCCAGAAGAGGCGTTGCAAGCCCTCGACAGCGCCATTGTCGGAACCGAACGAGCGATCATCGAGAGTCAGGAAGCCATTGAAGATCTGCGCAGCACTGCGACAGCCGAGGATGATCTGGCTCAGTTGATAAAGTTAACAGGAGAGAACTTCGCTACCCCGCGAAGTGAGGACTATGATCCTCCGGCATTTGGACTCACCGTTGAGGGTCAACAACGGGCATTAAGTCCGGTGATCCGAGATGAAGTGTACGGAATCGCGCGTGAACTATTACGGAACGCCTTCAGGCACGCTCAAGCGCGACGCATCGAAGCTGAGATCCTCTACGACGAATACCAGCTCCGGGTGCGTGTCCGCGACGATGGGAGAGGCATGGACCCACAAGTGCTCGAGCAAGGGATGCGTCCTGGGCACTGGGGTTTACCCGGAGTTCGAGAACGAGCACAGCAAATTGGCGGGAAACTCGATGTTTGGAGCGAAGCGGGAGCAGGAACAGAAGTTCAACTGAGTGTTACTGCTTTGGTAGCCTATGAAAAAGCATCGATCCGCTCCAGATTCGAAGGATCGCAAGGGGCTGAAAATCATGAGCATCGATCCTAGCCTGATTCGAATTCTTACGGTGGACGACCATCCTCTTCTTCGTAAAGGGATCGCCGCCCTGGTTAACGCTGAAGACGACATGAAGCTGGTTGCGGAAGCGTCCAGCGGAGAGCAAGCCATCGAGAAGTTCCGAGCCCATCGACCCGATGTGACTTTGATGGATATCCAGCTGCCTGGCGTAAACGGGATCGAGTGCATCATTCAAATTCAGAAAGAGTTCCCGAATGCGCGGATCATCGTTTTGACTACCTATAGTGGCGATGTTCAAGTGGTGCGGGCCATCAAGGCAGGAGCGCGAGCTTATTTGCTAAAAAGACAGGTGCATCGGGAACTCCTTGAGACGATTCGAGCCGTCCATGCCGGACAGCGCCGCATACCTCAGGAGATTGCCGTGGAGCTCGTGGATCGGTCCTGGGATGACCTCACCCCGCGCGAAATTGACGTCTTGCGACTAATCGCCTGCGGGAACACCAATAAAGAGATCGCAGATCAGCTTTCAATCGGGGAAGCAAGCGTGAAAAGCTACATCGCCAACATATTCTCGAAGCTCGACGCCAAGGACCGGGCTCATGCGGTCACCATCGGGTTGAAGCGAGGAATTATCGAGCTCTAGATCCCCCGAAAGACGGAGGCAGAGGCATCCGATTGGGCCTTTTGAAGTTGCCGCCAACATCATAAAGTCAAGACCGGAAAAGGGGTGTTCGTGCAACGTCTTTTCTCCGGGTTTCCCAATGGTTGGCCGGGAAGTGGCCTCCTTTTGCATCGCGTGATCACTGCGGGATTTCTCTTTTATTTGGGCTTTGGTCACATGAATGATGCCGCCGAGTTCGCACTAGTCTTTCCGCGTGTGATCGGAGGATGTGCGGGTTTTCTTTTGCTCCTCGGGCTATGGACCCCCATCTGTGGAACCTCGATCGCGGTCGCTGAGGTATGGATCGCTCTTGCGTTGTCGGACCACAGCGGGGTTCCGATCTTGTTGGCAGCATCAGGCGCCACGCTGGCGATGATCGGGCCTGGAGCATGGTCCGTTGATGCGCGTCTCTTCGGAAGGAAGCATTTCGAAATTCAGCAGCGATGAAGCTTCATCTCCCGCTTAAAACGGTAGCCTCCCCCTGTAAATGGTAGCGTCCTGCCCATTCCTATGGCGGTCCGGCAAGAGTCGATTTGTGGTTGTATATGGCCGGAAGGTCATTCCATACTCACTTCGAACTAAAGAATCCGATTGCCCCCCTCGATCCAACACCGGTTACAGGCGAAGGTGGTTTGTGACCATCAACTCGTGGAAAGGACCCGACTATGACTTCGCCTGCCGAATCGATCCCGAACGTTGAGGGGTTTCATGTTCACCTCGGAACACCGGACGAGCTTCCTGTATCCAGAGAAACGCACGCAGAGGTCCGCTCATCCTCCAGGCAACCGCAGTCACTCTGCTCGCGAGGATATTTGGACCACGTCGCGCGCGCGAAATTCGGAGACATCATCGGCGACAGTCCCGCGCTAAAGATTGCGTTGAACCTGGTGTCCCTCGTGGCGCCTACGAATTCGAGCGTGATGATCCTGGGTGAGACGGGTACCGGTAAAGAGCTTATCGCGCGCGCCATCCACAATCTGAGCGGCCGCCGAGAGCGGGCCTTTGTCAAGTTGAATTGCGCCGCAATCCCACTTGGGCTCCTCGAGAGCGAGCTGTTCGGGCATGAGAAAGGGGCATTCACTGGCGCCGTCGCACAGAAGACCGGACGCTTCGAGCTCGCGCACAAAGGCACCCTCTTCCTTGACGAAGTGGGTGATATCCCTTTGGAACTCCAGGCAAAACTACTTCGCGTCCTGCAGGAGCAGGAATTCGAGAGGCTGGGCAGCAACCGCACCAACAAGGTAGACGTGCGGCTGATCGCAGCCACTCATCGCGATTTAGCCGCCATGGTAAAGCAAAATTCGTTTCGTGAAGATCTCTATTATCGGCTGAAAGTGTTCCCGATCACCGTTCCCGCCCTGCGGCGGCGTGCTGAAGACATCCCAAAACTGGTGTGGCACTTCACCAAGCTCTATGGGCAGAGAATGAACAAGAGCATCGACGCAATACCCACTGAGACTATGGATGCGCTGGTGAAATATCGTTGGCCTGGAAATATTCGTGAGCTGCAAAACTTCATTGAGCGGGCGGTGATTCTCTCCCCTCACACGGTGCTGCGCGCACCCACTAGCGAGCTCGAGCAATTCGGTGTTCACGAAGGATCAAGTTTACCGATGACCTTACTTAACGAGGTGGAACGAGATCATATTGTCCGTGCTCTTGAAGCGAGCAATTGGGTAGTGGGCGGCCGGAATGGCGCCGCAGAGAGGCTGGGAAT
NZ_CP030840.1_gap99	3766265	3768210	1945	AGCAAAGTCGAGGTTCGCCATGTGCTAAGCCGATTCTTCGGGAACTCGCGGGAGAAACTCCTGCTCTCCTTGATCGGCGACGAAGAGATCACCCCAGCGGAGTTGCAGCGTCTAAGAAGCGCAATCGGCGCTGCTGAAGGTGACGCAAGCCGAGCGAACAGCGGTCCCAGCGTCGAAAGCGATGCGGAGGGTGAAGGGCGATGGAACTGAACTCGATCGTTCAACTTGTCTGCCACGTCACCGCGGGCATGGTCATTGCCAGCGCCTGGCAAGGTCTGCTGCTGGCAGCCGCGATCTGGATGTGCTTGAAGCTCGCGCCCACACTGTCCGCCAGCCTTCGCTTCGCTATCTGGGCCTCTGTCTTCGCGACGGTTCTGCTGCTGCCTGGCCTCTACGTCAGTCGTCTTTTGAGCTCGGGTCCGGTGTCGCCAACCAGCCCGTCTCCGAGCCACACGATTTTTGAATTGGACTCCCGCTGGGCGCTGGTAATTGCGGCCTTGTGGATCGGCCTGGCGCTGGTTCAAGCCGCCGTTTTGGTGCGCGGGGCGCTAAGAATCCGGAGTTTGTGGAATCACGCGCTTGCCATCCCGACCGATCCGGCCTGGCAGCCGTCGCAGTCTATATCGGCTATGACTCGCTCAGCGCAGGTCTATAGCTCGACAGCCGTCGACCAACCCTGCGTGATTGGCTTCTGGAAGCCTCGCGTTCTCATTCCAGAGTGGCTTCTGGCGAAGGCCACCCCTGCTGAGTTAAGGCAGGTTGTGCTGCATGAAGTCGCTCACTTGAAGCGCTTCGACGACTGGACGAATGTCCTGCAGAAGCTGAGCTTGGTGTTGTTTCCTTTAAATCCGGCCTTGTACTGGATCGAGCGTCAACTCTGCTCAACCCGGGAAGAAGCCTGCGATGAGCGGGTTATCCGCGAGACGCAGTCGCCGCGCGAATACGCCACATGTCTCGCTAACCTCGCTGAAGCGCAGATGGTACGGCGCATGAGGGCCACTTCCGCGGCGTTATCGCTGGGTGCCTGGGAGCACCGTTCAGCTCTGGCCTGCCGCATTTATAAGATTCTGCGCGGAGGCAGCCGGATTAGCCCGATGAAAGCGCGTCTTGTCATGGCTGCCCTTGTGCTTGCCACGGCCTCGGGCGCTCTGGAGCTGGGCCGCTCCGGGGAACTCGTCGCGTTTACGTATCCGGCGGTCGACCGGGCACATTTGGCGAATCATCCTTCTCTGGCGCAATCGGCAAGTCCGTCGCCGAAGGTCTCCTATCACGACGTGGTCTTTCATGAGCCGGCCCCTCGAGCGCGTACCTCTTTTTCCCGGGATTCGTCATCCCTGAGTGATTCTGGGGCAGTCCTGAAGTCGGCGAAGCAGTTGCTTCCAGCGCATACCGCGCACACGCCCGCAATTCGTCGCGTCACTGCGCCGTCAACGCCAGCCGTTCAGTCGTGGATTGTAGTCACGCGCTGGGAGACTTCCGCAGGGCCACAGACTACCGTGACCTTGATTGACAGCGTCTTCCGCATCTCTGCTCTCTCAGCCGGACCGTCCTCGTCCGGCTGGTACGTCGTCCAACTCTAAACGTCTTTGAAATTCTACTGAGGTGATTCCACATGTCTGCATCAACTAATCAATTAAGAGGTAGAGTGAAGCGAACTCTCCTGCCTATCAGTTCGGTCGCTGCTCTCGCCTTCGCCACCACATTGCTTTGGAACCATCACGGTGTCCATGCAGCAGGCGGCTACTCCGCACCTATGGAGGGTAACAGCGTCTCCGCGCTGACCTCCCTTGACACCGCCATGGAGGCGGTTGCCTCTCACGTAACTCCAGCAGTAGTGAACGTGGCCGTCACCTCCCGCTCCACCGAGCACCAGGCGATGGACGATCAGGAACAGCAAATTCCGCCCGAGTTCAGACGATTCTTTGGAAACCAGATGCCCCAGGGC
NZ_CP030840.1_gap100	3776016	3779465	3449	GCGCGGTCACGCCATCGAGGAACCAGACCTGGTGGCGTTGATGACTGTCTTCATCGTCATAGGCAAAGTGGGCATTGAGTTCGTCGCCTTCCAGATGAACGTCAGCATCGGAGTCGGCTGCTTCCTGCCACGCCTCCTGTACCGTGAGGTCGCGGGCTTCGACCACCTTCAGCTTGCCGGTCTTCTTTGCCCCCTGCGCGGGCAGCTGCTCCGTCCAGTCATATCCGTAATTGCCCATCGCGCAGATGATCTTTTCTTTCGGAACCAGCTTCAGCACCCGGCGAAGATTGCCTTCAAACCAATCTTGCGAGGCGATCGGTCCCGGGTCACTCCCGGTCTCATGCTCGTCGTAATCCATCAGGATGATGCCGTCGGTTGTCTTGCCCAGGGCGCGAATTTCATCATCGTCCGCACTCACCTGCACGTTGACATACAGACGAAGATTCTTCGCGCGAAAATCCGAATAAAGCTGCGCTATGAATGCGAGATAGGCGTCTTCGGCATCATCGGGCACCTCTTCGAAATCAAGCGTGATGCCGTGGTAGGAAGGACTTCCAGCCAGGAAGGTATTGATCTGTTCCCGCAGATGCTCGACCGCCTGTGGGTTTTTCAACAACGTGCCGACATTCTCGCCCCATTTGTCGGTGACCAGGTTATAGTCGTTCACCATCGGGAAGATTTCCGTGTCTTCCTTTGTCGACTCGATGACCCGGTGGACTTTGTTTTCGGGGTCAATTCCGTGCACGCCGGCCGCATCGACCACATCGTAGATATGCACCGGGAACAAGGAGGTCGTCGCCTGCAGCCGCCCTTCCGGGGTAATTACATGCAGCCAATCGGGAAACAACAGGTCGATCTGATGAATGTGTTGCTTCAGCGAAGAGTAGCTGGCTTCATCATCGACATAGAATGCCGCGCGCACCCCTTCATCGGTATTCAGCGGGATGTCAGAAGGTTTGCGCTGCGATTTGCGCCGGGCCGGCCGCGCTGCTTTCCCCTTGAACGAAAGCGGACTCTCTTTGAGCGCCTTATAGTTGCGTTTCTGTGCAGGCAGCAATAGCTCCGGCAATGCCTGCCTGCGGATCACGCTGAAGAAGAAGGTCACCAGCACCAATGTCGACAAGACCGCGACTACGTCGAAGATGCGCCGGAGACGCTTCCACCGCTTGCGGTCGGGATCGAGGAAAATCTGCTGGCTCATGTTGCCCACTACGAGACTATAGGAACCCGCGTCCCGGTAAAAGGCTGCGTTGAACAGCGGATTGGCTCATCGTTCGCTGCATCGTTCACCGACTCGTGTTTGCTTTGATGCTCCCCTTGCTATGATTCCCTTTCATGCTGTCCTCGCGCGCCCGGCATTGGATCTTCGTTGTTCTCGCCCTCGCTTGTGGCGCGGCCCTGCGCCTGTGGTTCATTCACGCCTATCCGGAGGTGGACGGCGACCCGCTGATCTACGGCGACATCGCCAAGAACTGGCTCCAGCACGGAATCTACGGCCTCACGACCGATCACGGAATCCGTCCAACCCTGATCCGGCTGCCCGGCTATCCCGCCTTTCTCGCTCTCTGCTTCACCCTCTTCGGCATGGAACATTACCACGCCGTGATGTTCTTCCAGACCGCCATCGATCTCGGAACCTGTCTGCTGATCGCGGCCCTCGTCCGCCGCCTCTGGAGCCGCCGCGCGGCCATGGTCGCTCTGTGGCTCGCCGCTCTCTGCCCCTTTACCGCGAACTATGCCGCGACACCCCTCGCTGAGACCCTCTCCATCTTCTGTGTCGCCCTCGGCTTCTACGCGCTGGTACGGCTGCTCGAAAACCCCTATCTTCGCTGGCTCTTGCTGCTTTCTTTTTCGATGAGCTACGCCACCCTGCTGCGTCCCGATGGCGCGCTCCTCGCAGTGGCCCTTTGTCCCGCAATCGTCCTCTGTAGCCTTCGTCGTAGCTCCATTTCCAGGCTCGCAACTGGCCGGGCGCTCAAGTTGGCCATCCTCGCTGGCATCCTTTCGGTGCTCCCATTTGTTCCCTGGGCCGCCCGCAACTGGCGTACCTTCCACATCTTCCAACCGCTGGCCCCGCGGTATGCCATGGATCCCGGTGACTTCACCTACCCGGGGTTCAACCGCTGGGTGAAGACCTGGTGTGTTGATCTGGTTTCGACCTCGGAAGTCTATTGGAACGGCAACAGCGACAAGATCGACATTGGCAAGCTCCCTTCCCGGGCATTCGACAGCCCTGCGCAATACCAGCAAACCAAGCAGTTGCTGGATGACTACAACGAAACCACCACCCTCTCGCCCGAGATCGATGTCCGCTTCGAAGAACTGGCCCAGCAGCGCACCCAAGGCCACGCAATCCGCTCCTACCTGGTGTTGCCGCTGATGCGCCTCGCCGACATGTGGCTGCGCCCTCGCACCGAACTCCTATGGATCGAGATGCGTTGGTGGGACCATTACCATCATCCCGAAGAATCCGACTTCGTCTTCGTCTATGCGGCCCTGAATTTGGGATATCTAGTAGCCGCCGTTGCCGGCTTTGTCCGGCGGCCTCCACTGGCCGCGGTCATGCTGGCTTTTGTCTTGCTCCGCTGTGCGTTGCTGTTCACCCTGGAAGCCCCCGAACCCCGCTACACCCTGGAATGTTTCCCTGTCGTCATCGCGCTCGCCGCCATCGCTTTCGGTGGCCGCCGAGACGTGCCCGCTTCAGCATCCGTGTAGACTTTTCCTGTGACCGCTTCTCCGCAGCCCGGCCAACTTGGCTTTAGCTTCGAAGCTCCCAAGGCTGCCCCAAGACGCATTTGGACGGTAGGTGAGCTGGTCGGAGAGGTGCGCGAATCCATCGAGCGGGAGTATGCCGATCTCTGGGTAGAAGGCGAAATCTCGAACCTCCGCTCTGCCCCGTCCGGACACGTTTACTTCACGCTCAAAGATGGCGACTCTCAACTGCCTGTTGTGCTTTTCCGCCGCCAGGCCTCTCTGCTGCGCTTTCGCCCGGAAGACGGCCTGCACGCGCTCGTGCGCGGCAAGGTTTCCGTCTACGAACAGCGCGGACAAATGCAGTTGATCGCCGAGTTCATGGAGCCGGTCGGCGCCGGCTCGCTCCAAATCGCCTTCGAACAGCTGAAGGCCAGGCTTCAGGTAGAAGGCCTCTTCGACGCCCAGCGCAAGAAGCCGCTGCCCGCCTTTCCGCACTGCGTCGGGATCATCACCTCGCCCTCGGGAGCGGTCATCCGCGACTTCCTCAACGTCGGTAGCCGCCGTCACGAAGCCCTCAATGTGCTCCTCTATCCGGTGGTCGTGCAGGGTGCCACCGCCGCGATGGAAGTCAAAGCAGGTATCGAATATTTCAATCGCGCCCACACCGTCGACGTCATCGTCATCGCCCGCGGCGGTGGTTCGCTTGAAGATCTCGCGCCCTTTAACAGCGAACTGCTCGCCCGCGCCATCGCCGC
NZ_CP030840.1_gap101	3789164	3792254	3090	ATGATCGTCTCGTCCCGGATCGATAATCGCCGCAACCTGGGTATAGGTCATCCGCCGTGCCGAACGGATCACACCTTCGCAGATCTCATAGTCGAGGACCTCGCCATGAACATCGATCCGCATCAGGCAAGAGAGCACGAGGCGATCTTCGCCCGGGCGCAGGCTGCAGATGTTGGTCGAGAGTTCTTGCGGAAGCATCGGGACTGCGCGGTCGGGAAAGTAAACGGAGTTGCCGCGCAGCCGGGCTTCAAGATCCAGGTCGGTGCCGGTGAGTACGTATTCGGCGACGTCCGCAATATGTACCTGAAGCTGATACGTGCCGTCCGCATTCTCCTCGACCAGAACCGCATCGTCGAAGTCTTTCGCGGTCTCTCCGTCAATGGTGACAATGGGCAGATCGCGAAAATCGCGTCGCTCGGCGACCGTTTCCGGATCGAGATGCGCCACCTCGCGGGCCTCCGCCAACACCTGCTCGGGAAAGACATGCGGCAAATGATGTTTCCGGATCATCATCTCGACATCGACGCCAAAGGCATCCGGATCGCCAAGGATTTCGATCACCCGCCCACGGGCCGCACGATTAGGGCCTGGGAAGTCGGTGATCTCAATGTCCACCACCAGGCCCTCGAGCGGCGTTGGAGAGGTGTCATTAAAATCGATCGCTCCAGCGGCGGCAACAGCTTCGTCACCCAGGACACGATTGGCATTCGACTTCGGCAGCGTGGCGGAGATCTCCATGCCGTCGGGAATCACGATCGGCTGGGTCATGCGATCATCGAAGGGCGTGACCGTGTTCTCCGGAAACCGCTGGTTGCGCGAGTAATGAAAGATGCCGACCACGGTCGGGTTGCGGCGGGTGAGCACGCGCACGATGCGGCCCAGCTTCCGGCCATCCGCCCGGTTCGGCAACAGCTCGACCAGCACCTGATCGCCTTGCATGGCAGAGTTGATCTCATTCGGCGGAATGAAAATGTCTTCCTGGCCCGAGGCTTGTCGAGCATCGGGCCGGACAAATCCATAGCCGTCGCGATGCAGGTCAAGGCGGCCGGCCGCAAGATTGTCGCGCGTCGCGACTGACTTCGCCATCGCCCAATGGTCGCGGTCCAGTTTGACCAATTTGCCTGCTGCGGTCAGCCGTGCGAGGTGCTCGACCAGCAGTCGCCGCTCTCGTCCTCCAGGAAGCGAGAGTTCGCGCACCAACTGCTTGTAACCAGCGCGCTGGCCAGGGGAGCGTTCAATGCGGCGGAGCAAGTCACGGTCGGTCATCAATGAAGGCATTCCGTCGAGTAGAAAGGGAACGGTCGAGTGTAAGAGCTTCCCTATTCAGAGTAGAGCAAGTGATGAATGTGATTCCGACCTCGTTTCCCACATCGGAAAAGACTCGCCATCAGTGCAAAATGGGAAAGCAGATGTTTAAGATTTAGTGAGTAGTTTCAATTAAAGTCAGCTTGGCGCATAGGATTCGAGCAGGGAACACCATTTCTAGCGGAAGAGCACCCATACGAAGCATTCATACCGGCATAGTAACGGCGATATCGCACTTCGAGTCTATTCGCTTCTAGAACAATTCAGGACGGCATAGCACGACCGGGACGAACAGTCTTCAGCCTAAAAGCTCAACGATCAACGTCCAACGCAGAACGACCAGCAACGAACGACCAGCTTTAGCAGGAAAGGACCAAGAAATCCGATGTGGAAACCTAATCAACCCGCAAACGCCTCCTCCACCCCCAACAACGAGCCGATCCGGCCCGTAACCTCGACGCCCCCGCCGTTCGAACCTACCCCCGCCGCTCGTCCGAGCGTCGCTGCCGCGAGCAGCCCTGCGTCCCAGGTCTCGACCGATCAGGCGACTATCGGCAAGAGTCTCGTCGTGAAGGGGGAAGTCACGGGTTCGGAGTCGCTCTATATCGATGGCAAAGTCGAAGGCGCCATCAATCTGCCGGGGAATCGCGTCACCGTTGGGCGCAACGGCCAGGTGTCAGCCAACATCTCCGCCCGCGAAGTTGTCGTGCTCGGCAAAGTCAAGGGCAACATCAATGCCAGCGACCGAGTCGACATCCGTAGCGAAGGCGCCCTCACCGGCGACGTGATCGCTCAGCGGATCAGCATCGAAGACGGTGCTTTCTTTAAGGGCGGCATCGACATTCGCAAGCCTGGACAAGAAAAGCCCACCTTGGAAACTAAGACCACCAATTCGGTGGCTTCAACGAATTCCGTTGACGCTGCACGGGTCGTTGCGGTCTAGCTAGTCAAGCAAGATCTAGACAGGCACCTTCGTTTTACGCCAGCGCGGCGCGACATCAACTGCCTCGCCGCGCTCGCCACAGGGCGCCTTGTACCGGATCCGTCGCTGTCTCGGAGATCACAATTCCTGGATAGCGGGCTCCCAAAGCTTCGGCCAACGCCTGGCGAGCGAGCGCGACCTTGGTCAAAATGCTGCCCGCTAATGCAACGGGCGGCACTACGAAGTCTTCTTGTCGACTGCCTTCCACCCTGCGTAAACGCTCAATCATCAACGTGGCTAGCTCGGCCAGGTGTCTGCCCCCGTCGCGCACTACTTCAGCTGCAACCGCATCCCCGCTGACCGCGCACTCCACGACCAACGGCGCTAACTGCGAAAAGTCCGGTGCCAGGTTCTGGCTTGCAAACTCAACCACTTCCTCAGGGGAGCTCAACTTCCAGTGCCTGCGAATGGAATCCAGCAGCTGCGTGGGGCGCTCTTCATCGATTGCCCGAAACGATCTCCTCAGTCCTTCCACGCCAAGAAAATGCCCTGAACCTTCATCAGAGAGGATCGGGCCGTAACCCCCCACCGTCCTGAAGACGCCATCGTTCCCTCGTCCCGCGATCTGCGATCCCGTGCCGGCTAGGATCAGCACTCCGCGTTGGCCGCGGAACGCCGCATCGAGGGCGATCTCCACATCGCCGACCAGCATCAGTTCACCCCCGATAAGCTCCGCGAAAGTGCTCCGGATCCACGCCGCGGCTGTTGGTACCGCCACTCCCCCCGCTCCGATGCAGCAGCGTGTCACCTTCCGCATCGATACCCCGGTCAGCGAAGTCAGCTCGTTGAGCGCACTATAGAGG
NZ_CP030840.1_gap102	3804391	3809330	4939	AGCTTTCGACCGGATTTAAGAACCAGATCCCCGCGGCATACTCTTGGCGGAGTCCGCGAGGATCTGGAAACCACAGCCGAATAGACTGCGGGCTTCCTTCACTATAGGGCGGCTGCCCGCAAAGTTTCAACTGTCATCGTGGCCAACGTGTCATTTCCTTAGGCCTGAAGACAAGACCTGTACTTTGTGAGGCTCGCAGCAATGAATCGTAAGACCCTGCACCCATCGGCAGGCGGTCGTACCCGTCTGCGTTTCGGAGCGCTCTACGCAGTTCTGACCTACTTGTTCATCCTGAATGCGGAAACTCTCCCGGCCAACGCTCAACGCGCCTATCCAGGCCGTGGTGCGATCTCCGCCCAAGATATCGCCCAGTACCGGGCCCAGCACTCGGCCAGAATGGCCGCGTCTGCCGATGCCGATCAGGTCTGCGCTCGCTCCGCAACTGGGGCCGTCGTTCCGGCGCCCTCTGAGTTGAAGAGTCAGAACGGAGTTCTTGAAGTCACCTTCAAGTTCCTCACCGCCACCGACGCTCAGGGACTGGTCCGCTACTGCTATGTGACCGACACCGGCCTCCAGTCGCCGACTCTTCGCGTCAATCCTGGCGATACGCTCATCATCCATTTCCAGAACGATCTGCCCGCCGCCGCTGCCTCCAGTGCGAAGGACAACATGGCCGGCATGAACATGACGCTCGCCGCCGATGCTTCCAGCGCCAACGCGGCCTGCAACGGCGTCATGTCTGCCTCCGCCAGTAACATCCACTTCCACGGAATGAACGTTCCCCCGGTCTGCGGGCAGGATGAAGTCGTGCATACCCTGGTTGCGCCCGGACAAAGCTTCGACTACAAAGTACAAATTCCCGCCAACGAACCGCCCGGCCTCTACTGGTATCATCCCCACCCGCATGGGATTTCTGAAGGCCAGGTGCAAGGCGGCGCCACGGGCGCCTTGATCGTCGAAGGCCTGCAAAGTGTCGATCCCGCCTTGGCCGGCCTGACCGAACGCACCTTCGTTCTCCGCGACCAGCTGCTAACCGCCTCTGAAGCCAACGACGCCAACATCCCTGCATGGGACGTCTCGATCAACTACGTGCCTGTAACCTATCCCGCTTATACTCCCGCGGTGATTGCGACCAATCCTGGCCAGCAGGAGTTGTGGCGCGTCGCCAACACCGCCGCCGACACCATCATGAAGCTCGAATACCTCGTCAATGGGACCGCTCAGACCATGCAGGTGGTGGCCATCGATGGCTACCCCATCGCCGCCGGCAGCAGCGGTCAAGCCTCCGTGGGCGAAACGAGCATCTTGCTGCCGCCCGGCTCGCGCGCCGAGTTCGTTGTCACCACCCCCAACATCGGAGATCAGGCCCAGCTCGTCACCCAATATTGGAATACCGGTCCGGATGGCGATTTCGATCCGACTCGAACGCTGGCCACCATCGTCAGTCAAAACGGCGCCGAGCCAGCTTCAGCGGCAGCAACCAAGTCGTCAGCCCAGACCAGCCCTCTCAAGATCACGCCACGGAAAGTGAAGCGCTTCGCCGCCCTCGCCCAAGCGACGCCCGTAGCGCAGCGCAACCTCTACTTCTCTGAAGTCCTTCAAAATCCTACCGACCCCAACAGCCCCACGACCTTCTTCATCACCGAACAAGGGCAAGCCCCCGCCGCCTTCACCATGGACCAGGCCCCCAACATTGTCGTCCATGCCGGTACCGTCGAAGACTGGGTCATCGAGAACCACGCCACCGAAGACCACATCTTCCACATCCACCAGATTCACTTCCAGGTCCTCGAAGCCAATGGCGTCGCCATCAACGACCCCGCCGTCCGCGATACCGTCGACCTGCCTTATTGGACCGGCACCGGCCCCTATCCCAGCGTGAAGCTCCGCATGGACTTCCGCGACACCAACATCATCGGCACCTTCGTCTATCACTGCCATATCCTGCAGCACGAAGATTCCGGCATGATGGCCGAAATTCAAGTGCTCCCCGCTGGCTCGGCTTCGCTGACCACGGCTGCCGCCTCCGCCACCAGCCTGACTCCTAACGGGAACATCACCCTTACCGCCAATGTCGTCGACGCCGCCACCGGCAACCCCACCCCAACCGGGCTGGTGCAATTTCAATTGAATGGCGTCAACGTCGGCGCTCCCACCGCGCTCGCCGCTGGACAAGCCACCTTGACCACCACCCTTAATGGAGACGCAGGCGCCGGAAACCTCACGGCCTTCTACCAAGGGGATTCGACCTACACTGAATCTCAATCCGCCGCCATTCCCATCACCTTGTCCGCCTTCGCTCTATCTTCTTCCGGAACCACCGCCACAGTCGGCTCCGCGGCCATCGCTACCGTCGCCGTCAATGTCGCCAACAACTACACCAGTCCGATTGCTTTGACCTGCGCCATGCCCAGCACCCTCACCGAATCCGCCTGCTTCGTGAACCCAACTTCGGCTACCGGCACCGGTAAGGTCTCGCTCACCGTCAACACTACCCCGTCCCATCCGCTCAGCAGCCGCAACTCCGCTCCCGGCTGGTTCGCCGCCAGTGGAGGCCTCAGCCTCGCCGGCCTGCTCTTCTTGTTTCTGCCGAGACGCCGTTGGCGCGGTATCGCCCTGCTTGGTATTGCTTTTCTCGCCGCTACCTTCAGTGTCCTCGGCTGCGGAGGCGCAGCCAAGATCGATCCCGGGACCGCCAAAGGAAGCTACACCGTTGTGGTGACCGGGACCGCCGGCAGCGGGGCCGCCCAATACCAGACCGGCGTGGATGTGCCGATCAATATTCAATAGGACCCGGCATCGCCATAACTCAGCGCATAAGTCGGTAACTTCCCGGGACTAAGTACCCGAGACTAAGTACCCAGGGCTAAGTACCCGAGACTAAGAACCAGATAGAAGCGATAAGATCAGGAGAAAGAAATGTTGACCGTGGTAGCACGTTTTATCCGTAGCTCGAGCAGGTTCCTTTGCCTCGCCGGAATTTTATCCGCATCGCTGCTTCATGCCAGCGTCGGAGGCAGCATCTCTGGCACGGTCAAGGATCCTGCCGGAAGCCTCGTCCCCAACGCCGAGATCACGCTCGACGAGGTGAACACCGGGCTCGTCTACCACGCCCGCAGCGACAACAAAGGTCACTATACCCTCCCTGTTCTCCCCATCGGCCACTACCGACTCGATGTCGAGGCCCCCGGCTTCCAAGGCTACCAGCGCCTCGAGATCGTCCTCGATACCAATGCGGCCCTCACCCTTGACGCCACCCTCCAGGTCGGCAACGTCGCCGAGTCCGTCAACGTGACCGACAACACTCTGCATGTCGAAACCACCAGCACCCAGATGGGCCAGGTCATCAGCGGCCGCCAGATGACCGCCGTCCCGCTCGACGGCCGCAGCTTCACCGATCTGCTCTCGCTGCAGCCCGGTGTCGCCCCCGCGACCTCGCTCACCTCGAGCACCGTGCAGGATGTCGGCGCCACCATCCTCAATCCCTCCGGAACCCTGAATCCAGGCACGATCTCCGTCAACGGCCAGCGCGAGTTCGCCAATTTCTTCAGCGTCAACGGCAGCGACGCCGAAGAAGACGTTAACGCTGGAACGGCCATCATTCCCAACCTTGACTCGATCGCGGAATTCCGTATCATCACCGGCAACTTTGATGCCGAATATGGAGAATTCAGCGGCGGCCAGATCAACGTCGTCACCAAATCCGGCGGCAATAACTTCCACGGCAGCGCCTTTGACTTCCTCCGCAACACCGATCTCGACGCCCGCAACTACTTCTCTCCCACCCGCGGCGTCTTCCGGCAGAACCAGTTCGGCGGCACCATCGGCGGCCCCATCCGCCGCGACAAAACCTTCTTCTTCGTGGACTACCAGGGCACCCGCCAGACCCAGGGCATCGATACCGGCAACATCAGCGTGCCGTCGAACCAGGACCGCTCCGGCAATCTGCAAGACGTCGCCAGCGGCCTGACCGGCAGCGTCGGCGGCCCCTACTTCGCCAGCCTCCTCACCCAGAAGCTCGGCTATCCCGTCGTTGCCAGCGAACCCTACTACGTCCCCGGCTGCACCACCACCGCGGAGTGCGTCTTCCCCAACGCCACCATTCCTCTGAATGCCTGGTCGATTCCGGCCCAGCGAATGCTGCAATACATTCCTGCGCCCAACACCGCCGCCGGCACCTTCGCCACCTCCTCGTCCAATCAAACCGTCCGCGACGACAAGGCCGGCGTTCGCCTCGATGCCAACACCCGCCTCGGTCTGCTCTCCGCCTATTACTTCATTGACGACTTCAACCTCACCGATCCCTACCCGGTTGCCCAGAGCGGCGCCAGCGTTCCCGGCTTCAGCGCCATCACCACCGGCCGTGCCCAGCTGATCTCGCTCGGCGACACCAAAACACTCAGCGCCACCGCCGTCAATGAACTCCACTTCAGCTATCTCCGCGACTTCACCAACCTCGGCCAGCCGCTCGGCGGCCGCGGCGTTAGCTTGACCTCGCAGGGCTTTGAAAATGCCGATGGAACACCTAGCATCGTGCCCCTCGATCCAAAGGGCGAGAGCGTCGAAAATCTGAACTTCAATGGCTTCTCAACCGGCGCCGCGGCCAATCAACTCATCCAGTCCAACAACACTTATCAGGCGTCCGACACCTTCTCGAAGGTGCTCGGCAACCACACGATGAAATACGGCGCTGAGTTTCACATCGATCAGGTGAACGCTCACCCCATCGCCCAATTCAACGGCAACTTCGTCTTTTCCGGGACTGAGACCGGCGTCGACTTTGCCGATTTCCTGATCGGCGTGCCCAGCCAATACAACCAGAGCCAACTCAATCCCTTTTATGCCCGGAACAAGTACATCGGCCTCTTCGCGCAGGATAGCTGGCACGTGCTGCCCACGCTAACTTTGAACTACGGACTACGCTGGGACCGGATCGCGC
NZ_CP030840.1_gap103	3836207	3841175	4968	TGGACCCTGCTCTTCAAAGACATCGGAAAAGGTCCAGTAAGACATCACGTTGACCATGCCGTCACATTGGCGGATCGTATCGGCGAGCCACGGCCCCATGTAGATCGAGTCGGTGATTGGCGACTCGTTGGCGTAGGTCGCGTTGTATTCGCTCCAGATCAGCGGAATCGTTGGCATCGCCGAGGCCTGAATCTGGTCGTGCACCTTTTTTACGGCGGCACAGACCATCTGGTGGGGCGCGATGGGGCGCTTGTCCCCGAAGACATCCTGTGAGACGTCGTTCCCATACACGTGGGTGGAGACGAAGTCGAGCGGAACTTTGTCTGCGGTGGCGTGGGCGATGATCGCATCGACCCAGGCGGCCTGCGCGGTCGCCGGGCCGCCAACCCGGATCTTCTGATTGACGGCCTTCAGCGCTCGCGCGGTGTGGTCGTAGAGTTCAAAATAGGTCTGCTGGGCGGGACGGCCGGTCCAGAAATCGATGTTCGGCTCATTCCAAACCTCGAAATACCAGGTTGCGACTTCGTCGACCCCATAGCGATCGATGAGGTGCTGGGCGAAGGCGGTGATCAGCCCATCCCATTTGGAGTAATCCTTTGGAGGCGAGACCACCTGCTTATACCAGAAGGGATGGAGGTCCTGGCGGAGCGCCAGCTTCTTGGGCATAAAGCTGATCTCGACAAAGGGCTTGACCCCGTTTGCCAGCAGGCCGTCATAAATCTGGTCGACATAGGAGAAGTCATAGACCGGCTTGCCGTGAGCGTCTTCATCGTAAACGCCTAGTTCGTCATGCAGGATGGCGTGGAAGCGGACGTATTGGAAGCCGGTGATTTTCTTGACTTCACGGAGGTCGCGGCGGTAGCTGTCGCGCATGGTAAGTTCGGCCCGGCCGGAGCCGAACATCTGCTCCCAAAAATGCGGAAACGGAGTGGCTGGGGATTGCGCATCGATGGCAATCGTCTCCGTAGCCGATTGCGCGGGAGCGGCAGTTAAGCCGGCAAACGAGCCGAGCAGAACCAGGATCAGTTCGAGACATCTGGGTCGCATCAATTCTTTCCTCCAGAAAGGATCGTTCTATTTCTATCGGATTGACGTTAACCCCGCCAGCATTCCTGCCGATACCAGTCACAGTGGGGATGAGAGTGGTTTGTCTGTAGCTTGGATGCGGGGTCCCGGTATCTTTTCGGAACCCCGGTACCAGGGCCGATCCGGCTACGGAAATTCCGCGAGTTTCCCAAGATTTGAGGGGCCGCGCATGGAGTTTGCTGAAGAAGTCCGAGAGTTCCTGATCGAGAGCAATGAGAATCTCGGGGTACTCGATCGCGAGATTGTCGAGCTTGAGAAAAGCCCAGCCGACGAAAAGCTGATTGCGAGCGTCTTTCGTACGATTCACACCATCAAGGGCACCTGCGGATTTTTCGGCTTCGAGATCCTGGGCTCGATCACGCATGTGGCGGAAAACATCCTGGGCCAGGTGCGCGAGAAACAACGGAATCTGACTCCCGATTTGGTCTCGCTGGTGCTCGAAACCGTCGACGTCGTCAAGCTGGTGCTGTCGAACATTGAGGAACAGGGCGAAGAAGGAGTCGATGTCTACCAGAGCCTGCGGCAGCGGCTCGACGACGCCTATAACTTCCGTTCAGGATCGGTGCCCTCTGCTGCTTCGGGCCTGGCTGTATCGGGAACTGCTTTACCGGTTGCGGCGCCATCGACGTCCAGCGAGGGAATCGACTCTCCCTCAATGGATTTGCCGGCCGATTCTTCGCCATCGAGCGCCCCAGCCGATCTGAGTGATTGTATCCATACCCTCGAGGAACGTCCCCTGCCAGCTCTCGCTGCCGAGGAGGTCGAGGAGGACCACACCGAGCCTGTGACTTCGCCAGGCGCAAAACAAGCAAGCCCTGATTCCGAGCCCCGGGTCCCGAAAGAGAGCAATGGAGCGGCCGGTACTTCGAACGGCGGATCCGTGGCGGATTCGACCATCCGCGTCGACGTAACCTTGCTCGACAAGCTGATGAACCTGGTGGGAGAGCTGGTATTGGCCAGGAACCAGATCCTTCAAGGGACGGCGACCCAGAGTGGCGCCAGCAGCGGAGCGGCGCAACGGCTCAACCTGATCACGAGCGAGCTCCAAGAGGGTGTCATGCGCACCCGGATGCAGCCGATCGGAGTGGTATGGAACAAGCTGCCGAGAGTGGTGCGTGACTTGGCCTCCGAGGTTGGCAAGCAGATCGAGATCCAGATGGAAGGAGCGGAGACCGAACTCGACAAGACCATTATCGAAGCGATTAAAGACCCTCTGACCCACATCGTGCGAAACTCCTGTGACCACGGGATTGAATCTCCCGACGTTCGGGTCAAGAAAGGGAAGAAAAAGGCGGGCACGATCCTGCTGCGCGCTTATCACGAAGGTGGACACGTCAACATCGAGATCTCTGACGACGGTGCTGGCATCGACCCGGAGCGGGTGAAGCGCAAGGCGGTCGATAAAGGGCTCATCCGCGCCGAGCAGGCTGCGATCATGAGCGAATGGGAGGCGCTTCGACTGGTCTTTCTGCCCGGATTCTCGACGGCAGAGAAGATCACCAGCATCTCCGGCCGCGGCGTCGGCATGGATGTGGTGAAGACCAACATCGAGAAGATCGGGGGGGCCGTCGATCTTTTCAATCGTCCGAAAGCAGGGAGCACGGTCAAGATCAAGATTCCGCTCACCCTCGCCATTATCCCTGGTTTGATTGTGAACTTGAACAGCAGCCGGTCGAGCGGCGGCGTAGCGACCATGCGCCAGGACCGGTTCGTCATTCCGCAGGCCAATCTGCTCGAACTGGTGCGCCTGGAAGGCGCCGAGGATCGCAAACAAATAGAAAGCATCCACGGCACAGAGGTCTACCGGCGTCGCGGCAAGCTGCTGCCGCTGACCTATTTAAGCCGGGTCCTGGGGCTGACTCCGGCCCACAAAGAGGATGACCTGCTCAACATCGTCATTCTGCAGGCGGAGGATACAGCCTTCGGGCTGGTCGTCGACGGGGTCAGCGACACCCAGGAGATTGTGGTCAAGGCGCTGGGAAAACAGCTGAAATCGCTGAGTTGTTATGTCGGTGCGACGATCATGGGGGACGGCAAGATTGCCCTCATCCTCGATGTCCCGGGCTTAGGGCGTCTAGCCAATATTCTCTCGCAATCGCTCGAGCGCGGCAGGACGGAAGCCAAGTCGCTCGATACGGTTGAGGACCTTCGCCAGACGCTCTTGCTGTTCAGCGCTGGCCGCTATCCGCGGCTGGTGGTGCCGCTTTCGATGGTTGCCCGGCTGGAGGAGTTTGCGAGTTCGAAGATCGAATACGCGGCCGGTTTGCCTGTGCTTCACTATCGCGACGCGATCCTGCCGCTGGTTTCAGTCGGTGCAATGCTCGACCGCGGCGGCGCGGATGCGGCGATGGAGCGGGACTCCCTGCAGGTGATCGTCTTCAGCGAGGGCAACCGGCATGTCGGTCTCGTAGTCGATGAAATCCAGGACATCGTCGAAGAAGCCGTGACCGTCAAGCGCGCCAGCACCTCGTTCGGCTTGTTGGGCTCTGGTGTGGTGGGGGGAAAAATTACCGACTTCATTGATTTGGGGGCACTGCTCCAAGCCGCGATCGGGAGTCATCCGGATGCCTTCTCTTCACAGCTTCCGCTCAGCACGTCATTGCTGGTCGTGGACGCCTCGAAGATCGCCCGCGGGGTGCTTCGCGGCTACCTCGAGATGAGCGGCCATCATGTGCTCGAGGCAAGCAGTGTAGAAACGGCCCTTGAGATTGTCGCCCGGAATCCGGTGCGGGTGGTGATCACCGCGTCCAGTCTGGGGCGATCGAGCGCCGGCGATCTGCTCGACGCGATGCGGAACCGTGAGGCGCTCGTGTCGGTTCCGGTGCTTGGACTCGTCGATGAGAGCGGAGACTTGCCCGAAGAGACGATCCAGGGACGACGGTTTGATGGCGTAGTCCGAGCCTCCGACCGCGACGGATTGTTGCGGACGATTGAAGCGTTAGCTGGAGAAAAGACAGCGGGGAAGAAGGAGTTCGAAATGGCGGGGAGTTCCAGATGACCATTAGCAGTGCGGCAGCAGGACAGCTCGGGGAGACACGGCAGTATTCAACGTTCCGGGTGGCGGATATGTTTATGGGGATCGAGCTAACGCGAGTGCAGGAGTTGCTCCGTTTCCAGGAGATGACGAGCGTTCCTTTGGCGCCGCGGGCGATCGAAGGCCTCATCAACCTGCGCGGGCAGATTGTTACGGCGCTCGATGTGCGGCGGATTCTTGGGCTTCCGGCCTTTGAATCCGAAGACGCTCTGCCGATGAACATCGTGATTCAGTCGGAAGGCGGCCCGGTCAGCCTGCTGGTGGATGAAATCTGCGACGTGCTCGACGTTCCCCTCGAAGCAGCAAAGCCGCTGCCGGAAAACATGCCGGCAGCTCAGCGGGAGCTGCTGGATGGCGTCTACCAGCTGACCACCGGATTGTTGCTGATCCTCAACACCCAGCGGGTGCTGGAAAGCGCGGCGCACTAAGCGGGGCGGTTGAAGCTATGGCTCAATCCTCCGAGGGCCGGATGATCTGCCGGATGCGCCGTAGGGCTTGTTTCACCGCCGTCGGGGCGCAGCCGATTTTTGGAGACTGACGGGTGCCGGATACCTCCGCGCGGGTTGAGCCGCCGGGCGGATAAGGCAAGCAACGCTATACAAAACAAATCACGAACGAGGGAAGTTAGACAACATGGCAAGTTCACATAGCAGTCACGGCAGTTCGATCGCAAACGTTCTTGTCTCGACACGCGGCAAGGGCACCCCAGTCACCGTTCCGGCTACCAACGGCCGACGCTCCTCGGCAATGGACACGGCCGCCACCGATGCCGCGCTCGAGTTCCAGCAGCAGCTTGCCGCCATCGGCAAGTCACAGGCGGTCATCGAGTTCCAGATGGATGGGACAAT
NZ_CP030840.1_gap104	4012025	4013868	1843	CCGGGTCGGCGAAGTATCCGCCCGTGAGTTGCCCCGCGCACTCCAGCAAGTGGCCGATGGCGGTTCCCTGGCCGAGATGAGTCCAATCATCGAGCGCCCATCCGAACTCATGCACCATCGGCGCAAGGAAGAGCGACGGGTCCGCCACTCGTCCGGTAATAATGACGTGCGCGTTGCCGCGCAGGCAGTCGACGATAGGCTCGATGCCGAGATAAGCATTCGCCGATACAAGATGCTCCCGCGGGTCATGGGAAGCATGGTCCGCAAGAAGATGCATCACATCGTCACCGGAGATCCATGCGACCCGGATTCCGGAAAGACCTAGCGATTGAGCGACTGAGATGGTCTCTCGAGCGGCAGCTTCCGGATTCGCCGCACCCATGTTCGTGATGATGCGAGTACGATTGGCGACGCACAATGGGAGCACGGCTTCCATACGCATCCGCAGCATTGGATCGAAGCCCGGGCTGCGATTCTGGCGCTTGGCCAGTTGTGCCAGCGCGATGGTCCGCTCGGCCAGGCACTCGAAGACGAGGTAATCGAGCTTCCCGTCGCGGGCAAGATCAATTGCAGGGTCGATGCGGTCCCCCGCGAATCCCGCCCCTGCCCCGATCCGGATCGTCTTCATCAATCCTCACTCTAAAAGGAGAAAATGCCGAACGCCACAGCAGCCAAGGCCATCACCAACGATGCCAGAAAGAGGAACGGACCCGAGAAACGCTGGTGCTCGCCAAGGTCAACTTCGGTGAGGCCGGTCACGAGGAACGTTGCGGGAGTAAGCGGGCTGACGGGGAACCCTGTAGTGTGCACGCCGAGAAGCGAGGCCTGAGCAACAGTTATCGGCGCGACTCCATAGGCTCCCGCAGTAGTAGCAATCACAGGAAGCACGCCGAAGTAGAAGGAGTCGGGATCGAAGACAAGGCTAAGCGGCATGGCCACGAGCGCCAGCAGGAACGGGATATGAGTTCCGAGACGGGCGGGAATGATATGCACGCAGGCAGTCGCCATGGCCGCGAGCATCCCCGTTCCTTTGAGGATGCCGGTGAAGCACCCGCTGCGCAGAGAATCGCAGTCATCGTGATTGCGGCCTTCGCATGCGCCTCGATTTGGATGCGCTGTCGCTCAGCATTGGGAACGTTCACGATGAGTGCAACCACGGTCCCCACCATGAAGCAGACCGCGGGTTCAACTTTTCCGGTGACCGCTGCGGCGAGAACGACGAGCGTGAGCGCAACATTGATGGCGAAGCGAACGCTGCTCCGAGGCGGTGTTGATACCGGCGCATGAATCATCGTTCCATTTTCGACGCGACCAAGGCGACGTCCCTCCCGATAGCCCAGCCACGTGCAGATACCCAGAGCAAAAAGCAAACCAACGATTTGTACCGGAAGGAGCGGGCGGAATAGAGAGATCGTGGAGACATGCAGCGATGCAGCGGCCCGGATGGTAGGACCGGTCCAGGGAAGGAAGTTGACGCCGGCGGCGAGCGATGCGGCACAGGCGAGAATGCGGCGGTCGATGCCAACCTCGTCGTAAAGAGGCAGCAGCGCAGGCATCGTGATAAGAAAGACTACGGCGCCCGATCCGTCGAGGTGGATCAGTAGCGCAAGCAGAAACGTCCCTGGAACGATGCGAATGGGGCTCTTCCCAACGATGCGAAGAATCCAGTGGATCAAGGGATTCAGCATTCCCCCGTCGGTCAGCACTCCGAAAAAAAGGATGGCAAAGACGAACATGGAGATGACCGAAGCCATGCTCTGAATGCCGCTGATGATGAAGCCTGAAGTGCGCAACCCAAAGCCACTGGCCAAAGATGTGAGGACGGGAATGAGCACCAATGCGG
NZ_CP030840.1_gap105	4021079	4024027	2948	GAGAGCAGAATCAACTCCGCCAAATAACGCGTCTTCATAGATAAAGCGTGGCAGTGAATGGCCATCGTGTCCAATGATTGATATGATCATTGCCATCGGAGATTTCGATGGAAGGTCTTCTTGATCTACGCCAAATTCGAACCTTTATCGAAGTAGCGCGGACCCGCAGTTTCACTAAGGCTGCGGCGCAGCTCTACTATGCACAGTCGAGTATTACCGCACAAGTGCAGGCCCTCGAAAAGGACCTTGGGCTTCCTCTCTTCAATCGTCTCGGGCGGCAGGTAGAGCTCACTGAAATGGGGCGTCAATTCCTCGGTCATGCGGAAAAGTTGATATGCGTGGCCGAGGAGGCGCGACTCTCCGTCCAAAAGAACGGCAACATTGTAGGACCATTAGTGGTGAGCGCGGCAGAGAGCCTGTTGACATACAGGCTGCCCGCGCTTCTACAGGGATTTCAGTCGGCATATCCTGACGTGCAATTAATCCTTCACACCGGCGCATCCTGCTCATCGATCGCCCCGCTGGAGGCAGGCGTGGATCTTGGCATCACGATCGATGAGCCGGTAGAGGTGCCGCAGCTTCTGGTGCAGAGGGTTCGCAGCGAGCGCATGTTGACGGTAGTTGCGGCTGAACATGCGTTAAGCAAGCGAAAGGAGATCTCCGCAGTGGAGATTGCCGAGCAGCAGATCTTGTTGACCGAGCATGGGTGCAGTTATCGTGGTCTGTTCGAGCGCACCTTGATGCAGCAGGGTGGACGGGTGAACAAGTTACTGGAGTTCGCCAGCGTGGAAGCTTTAAAGCAGTGCGCAGTAGCGCGAATGGGCGTGGCCGTTCTGCCCGAGATGGTGGTTGCAGAAGAACTCAAGCGAGGCGTGTTGGTTGCACTGCCCTGGCCGCAAAAACGCATGCACGTGTATACACAACTCGTTCGCCACAGGGACAAGTGGTTCTCGCCGGTGATGAGTGCGTTTTGGACGATGGCAACACAGTTGTTACGCGAACCGACCGAATGAGGTCTCATCCATGGCACGCGCCGTGGCGCGGCCCAATCAAAGCGCCACGTTCTGGCGCTTTTTCCATGACTGCTTGCGTACCTGCAGAAAACCCGGATCGCTCCGCCCAGTCGGCGGCGGCCGCACAGCAGCAGTAGCATGCCTAGATCAAAATCCCATGGAAACCAAACCTCATCGCTGAGCACATAGCGGGTACTTTGATAATTGAATGACCATTCGATGACAAACGAGTCGCAATTGCCAATCGCAAGCCCAACTACGATGAAATTATGGATCGATTGCGGGATCGCGGCACTGTCTATTGGGTTGAGCGAAGCACGCTGGTCCTTCTCGTGTTCTACATGTTTGCGCACAGCATACCGCGAGCATGGAGTACTCTGAACACCGACTTTCCGAACTACTACATGACCGCGCGGCTGGCGCATGAGGGATACGACACCAGCCGCATCTATGAGTGGGTTTGGCTGCAGCGCGAGAAGGATCATCGCGCGGTCGACGACAGGATTATTGGACTCATTCCAATTACCCCGTTTTCGACGCTGGTTATGTGGCCTCTGACGGCTCTGCAGCCGCTTGCGGCCAAACATGCCTGGCTGTTGTTGAACCTCGCTCTGCTGGTTCCTCTTGGCTGCATACTACGCTCGATGACTGGATTACGGTATCAGCGCATTGCGCTGGTCTTCTTGCTAAGCTTCCCGCTCCATCGCAATTTCTTGTTTGGACAGTTCTATGTCTTTCTTTTGTTGTTGATCGCATCAGCCTGCTGGGCCTATCTGCGGGAGTTGTATGTGCTGGCTGGCGTGCTAGTAGCGGTTGCCGCGGCCTGCAAGATCTTTCCCGTCCTGTTTTTTGTCTTTTTCCTGCAGCGCAGATCCTGGAGGGCTTTGACTGCGGGAGTGGTCACGGGGCTGGCAACTGCTGGTACGTCGATCGCCGTCTTTGGCTGGAACCTGCATCGCACCTATTTGCATGAGATCCTGCCATGGACACTGCATGGCGAAGGTCTGCCTCCATATGTGACTTCGAGTGCTTCGATCTCCAGCGTGCTGCATTTTCTTTTGCTCCGCGAGCCCCAGTGGAATCCGCATCCTTGGCACAACTCTCCGCTGTGTTACTCACTATTGCAGCCTGTGCTGCAGATGCTTGTGTTAGCTCCGGCAATTCTACTCATTCGTAAGAACGACCGTACTCGGGACCGGATCTTGTTGGAGTGGTCTGCGCTGCTGGTGGCGTCGCTTGCCATCTCCACCATCCCAGCGTCCTACCATTTTGTGCTCATCGCGCTGCCTATGTGCGTACTCATGGCGAGACTGCTGCAAGGCAGGCAGTATCGGTGGGTAGCAATTCTATCAATTGTTTATGTTGGAATCGGTTTTCCCATGCCCAGTCCAAGCAAAACGTTGGGACTTGCGGTCCTGTTCTATGTGCCTCGTCTGTTTCTGATGCTTGCACTTCTATGCGGACACTATCTTCTGCTATGGCGCGACCGTCCGGTTAGAGCTTCTTCGCGGGACTGGACGCACTACGCGTGGGCGGCTTTCATGTGCGCTTCGGTAGTCCTCAATGTGTCGTCCACTCTTCATCGAGAACGGGCCGTCCGGCAGGAGTACGCCTTTCGAGTGCCGTTACAAACGCAAGCGTTTATGCAGGCAGACCCGCAGTCTGCGGGTACCGAGGTTCGTTACATTGCGCTGAACCAGAGCGGGTATCACTTGATGACGGCGGAAGGGGATAAGGCCTGGATTGATCCGTTCTTGAACGACGATCTGTCCTTCAGCGGCAACTCGGCAATCGGTAGCACGCCGCAGGTTTGGATAGAGCGGGCGCTTAGTCCTCGTTCAAAGGTGGTCGATCTGCGGGATCTCTCGCATGTTGTGCTCGACGATGCGCGTGAGCCGATGCTTTCTGCCGACGGCCAGAGCCTTGGCTTTGTAC
NZ_CP030840.1_gap106	4211939	4214035	2096	TCGAGGAGCGCACACTCGCCAAACGAAGCCGGAACTTCGCTCGCGCGGATGCGATTCGCAAGGAGTTGGCGGAAAAGGGAATCGTGCTGGAAGATTCAAAAGACGGCGTCCGGTGGAAGCGAAGATGAGGAAGCCAGGGTTCACTTCTCCGGACGCATGAGTCGATGTTCGTCAGGAGACGAATCGTGGAGGCAGATCCTCAAAGATTTCCGGAAGCGCTGCAGTCGCCGTGACCGATGAATCCATGACTTGCTTGAAAGTAGCTTGGAATTGCTGCATCTCGGGCCTGGTACCGACCGTAACCCGCACCCACGTGGGCATGATTGGCCAGACGCGCCCGATGTACACGTTTTTCGCCGCCATAGCGTCGATCACGATCTTTCCGGGACGGTTCGTCTGCACCATGAAGCAGTTGGTCACGGAGGGAATGAATTCGTAGTTGTTCGAGCTCAGCCAGGCGAAAGTCTCGTTGCGAACGTCAGTGATGATCTTCTTCCGCTCGGGGACGAGGTTCTTGTCTGCCAGGCTGGCACGGGCCGCCGCCACCGAGGTTACCGGCATTGAGTTCCACCCGTTGTAAGCTTGCACCTTGGCTACAAGGTCAGGCCGGCCGATGGCGAATCCACAGCGCAGACCGGCCATGCCGTAGACCTTGGAAAAGGTCCGCAGCACGATCACATCCTTGTCTGCCGCGGCCATATCGAGGCAGGGAGGTGCATCCGAGAGATGGATGTAGGCCTCATCGATCAGCAGGATCGAGTCCTTCGGCTTGTTGGCCAGCAGATATTCAATATCCGCGCGAGGCGTCGTGGTTCCCGTGGGATTGTTCGGATTGCAGATATAGAAGACGCCAGCGTCGGGGGCTTGCGCGAGCATCGCCTTCACGTCGTGGGAATGGTCCGCTTTGAGCGGAACTTTCACCACCTTGGCGCCGCTCATCTTGGAGGCCATCAAGCCCGCTTCATAGCCGGGGTCTGCGGTGACGAAGCTCTTCCCGGGTCCGGTATACGCGAGCACCGTGTAGTGAAGGGGTTCGCTCGATCCAGCGTAGACCATCACGTATTCGGGCTTCAGGCCTTCTTGCGCGGCGAAGTACTTCACCAGATCAACCTGCAGGTCCGTCCGGTAACGGCCGCCATTTCTTGTCATCTCTTCGCAGGCGGTACACGCCAGCGGGGAAGGTCCCATGGGGTTCTCATTCGCATCGATGTAGACGCCTCCGGCCAGATGCACCTTTGGCGCGCGGCGATTTTGCGCGGCTAAGCGGGCTTCGGTAAAGATCGGAATGGCGCCGGCCGCCGAAGCCGCTGCGGCAAAGCGCAAAAAGGAACGACGGGAAATGGCGGCCGGGGAAGGTAGATCTTCCGGAGGACAACACGACGTCTCGAGCTCATGATGAATGACGTTCATACGCTTACCTCACATGTGAATTAGGCGAAGCACAAGCGGGCGATGAGATCTTTGCGGACAGGAAAATGTCTCTTGTTTTGTAAGGCGGCGATCGAGGCAACAAGCAGGGAGCGTGGCGGAGGAGCCAGTCATGGCTCAATGTAGCTCTGCGCGGAAACCAAAACAAGGAAAATGGAGTATGTTCGCGCCTCTAGAAAGGAAAAGTCGATAGTGGGAATAAAAACGCTTGATCGGGACACACAAGGCCCAAGGAACTGATCAGGCAATTGGCCGGGCAGACCGGCCACTCTCTCGGCTTGACCGCTGCAGCAAGCTCACCGACGCATAGGCGCCGAGCCAGGATCCAACCGCGGCGAAACAAACGTACACCCAGTTTCGGGTGTAGCTGATCACTGCAAAGGCGGAGAGTAGATACCAGGCGCTGCTCCAGGTCGCGGCCTGCAGCCGGCGCCGTGCCGAGACAGCCGCTGTAAACATGACGTATACCGCGTCGGTCGCTGCAGTCGACGCGACCACCCCCAACGCCAGCCAAGGTTGAATTGGTTCAATTAACCCGATCTTGACCACAGTCTTACCCCCAGGGCGAAATAGTACACTTTCGTCGAGAATGGGCTATCCAAATTGATAGACAACCAAAACCCGACAGGCGTAGGATCCCATGTCGTGGCTGCCATGTACGGCCAAAG
NZ_CP030840.1_gap107	4217894	4218512	618	TCGAGCGCTATCAGTGTCCATTCGATGGCTGGAGACAAGTAGCGCAGGACGGTCTCGTTCGATGGGTGGATGCGCAGAGCGGGCGCAACAAAATGAAGCAGCGGCGGCAAATCGGCGAGTTGGAGACCGGTAAAGTATCCGTAGCGATGCAGTGAATCCCGCCCTCCCGTTTGCATGCTGTCACCCTGTAGCTTGCGCACCCGGAGCCAGTAATCCAGCCCCTGCAGAGGGAGGTGCAGATCCTCATCCGCCTTCAACTCCAGCACCAGCAAGCGGCCGCCATGATCGACCGTGAGCATGTCGAGCATTCCCCGGTCGCCCGCCGCGAATGCGGGTACCTGCGCATAGATATGTTCACTCACGATCTGCGGCTCGATCTCGACCAGGTCGCGACGCAGCACCGACTCCAGCCAGCGTTCGGGTTGTAGCCGGTAGAGAGGGTCGCGCATATTTCCGCCGGAATGGCGGCTCTCGAGGAGCCTGCCGACCAATTGCGCGAACAGCTCTTCGGTCTCCGGCGTCAGCGCAGTTTCGTTTGCGCCCGCGCCAAAGGTGATCTCATTTCGTGGTGCGAAGGAATTGGCCGCCAGTCCCCGGCGTACGCGTGCAAACTCTAAC
NZ_CP030840.1_gap108	4225169	4227324	2155	GGAGATCAGCTGGAGGACGGCCCGGCTCGACGCGCACGAAACCTACATGGATACTCCTTACTATGAGCAGCTTCAATACATAGGAGATACTCGCATCCAGGCACTTATCTCGTATGCTGTAGCCGGCGACGATCGTCTTGCCAGGCAGGCGCTGGCGGCCTTCGATAACTCGCGAATACCAGCGGGTATAACTCAGAGCCGCTATCCTACTTCGCAGCCGCAGATGATCCCGACCTTCTCGCTTCTATGGATCGGCATGTTACATGACTACTGGATGTATCGTCCTGATCCCGCTCCAGTGAAAGAACATTTGCCGGGTACGCGCACAGTACTCGATTGGTTCTCAGGCTATGAGCAGCCAGACGGACTATTGAAGGAACTTCCCTGGTGGAGCTTCGTCGATTGGGTCGTCGGTGGCAAGCTGCCCAATTACAGCGCCAATGGTGAATCCTGCACCACCACCCTCGAATACCTCGGAGCGCTGCGGGATGCCGCCGACCTCGAACGCGCAATAGGCGACCCAGACAGGGCAGAGCGTGATGCTAGCCGCGCCCAGCATGTGCGCACCGGCCTCTATGAAAAATGCTGGGACACTCATCGCAAGCTACTAGCGGACAATCCGGATCGAAAGAACTTTAGTCAGCAGACTAATGTCCTTGGCGTGCTCTTCGATGTCATTCCCCGAGAGGAGCAGCAGAGTGTTTTAAGGCAGATGATGAACATTGAGCCCGGCACTTCGCCGGCCGGCGTGCTCGGCTCTTCTTACTACTTTCGCTTCTATCTTGCCCGGGCGCTCGATCACGCTGGCATGGCAGATGACTATCTGGCGAGTCTGAAGCCATGGCGGGACTTGCTGCCGCTGCATTTCAGCACCTGGCCGGAGACGCCGGGCGATAGCCGATCGGATTCCCATGCATGGAGTGCGCATCCAGCGTATGACATGCTCACGCTCGTAGCAGGAATCCAACCGTCTTCTCCTGGTTTTGCATCGGTGAGGATTTCGCCAACCTTCGGGGAACTCACCACGATCTCGGCGAAGTTCCCCCATCCGCAAGGGATGATCAGCGTTCATTATGAGCGCAACGGGCAGGCGTTAACCGGGACCGTCACTCTGCCGCCAAATCTGAATGGATCCTTCGTCTGGCACGGCAGAGAACAGGCCCTGCATGCGGGTGCGAACCAGATCAAGGCCGATTAAGAGATATGCAACTTGCGCTCAGGGGTTTTGCCTGGAGACCCCTGCAGATCGGTCAGAACAGGGTGCCCTCCCAAGACACTCAGTCATCCTGCAGGGAACGTGTATTCGCAGCAAAAAAGCCGCTTCGTCGTATCATAGAAGTTGTATGGCTTTTCCCATCAAAGTATGCGCAATCTGCTCCGAAGAGTTTGAACTGAAGCCGGATAAGCCCGGATTTGCCAACCGCTGTCCCGAGTGCAGTGCCGCCGACGAGACAGGCAGCGCTGCCACGAAACAGCGCATGGATGCCGACGAACGAAAGGCTACGGCAGAAGCGAATGAGGCCAGAAGACAGGCAATTCGCGAGCTCCTTTACCGCAAAGACAGCTAGAAGCTCATGGACTCTTTGAGAAGGCGGTTCCGCGACCGGCTCTGGGCTGTCGGCGAATAAACGCTGTCTGCAAGCGTGACTTTCAGTTCTCGCTTGGTGAAGTCATTTTGGTATGCATCGGCTGAAGCTGATCCGAACCCCATTCTGCCGTCTAGTTCGTTGAACTCTATCGGGGTCGACGCCTGGCTCGAGCCCGTTGATACGCAGCAAAGGCTTGTCATTCCCAGAAAAAAAACTAAGGTACCGTGTCTCCAGGAAATGGAACACAACGAAAAGTGGTAGAAGCCCCATCCACTCACCAGCGGAGTAGCCAATGCTTAGCGTTATCAACATGTCAGCATCTGAACTAACCAGCAGCATGACCCCTCAACTGAGGGAGTTAATGAACATTCACACTCGGATGCAGCAATCGGTAGCAGAGCCTGAAAAGCTATCCGCGCTCATAAAGGATGCAGACGAATCCTTGAGAGCGGCACTAGAGATGATGTTACAGCATCGAAAGCAGCAAGAACCCGCAAGCGTAGAGAAGATTAGCTGCCCCCAGAAAATTGATTTAGAGGCAAGTCGTCTGGCTAGAGTTAAGAAAA
NZ_CP030840.1_gap109	4232486	4235961	3475	GGTGGCGTTGCGCACTGAATAGCGAGGCTGGGCGGGACTCTTCGGAGACACAAATGTGCGGCCGGCATAATCCATCGCGCAATAGAATGCCCGAGTTGAATGTCCAACTCGGGCGTCATTTGCTCCAGAGAGTGATGTTGTCCATCAAGCCAGCAAGTTTTCCTTGGCTACCTCAATCAGCTCTTTGAGGGTGTTCGGACTAGCAAGGTCGAGCACTTCATCTCCTCGTCCGCTCAGAACCGCTCTCATCATGTAGAGACTGAAACCTTTCGCCTGGGCGCTCGTAATCGTTGGCGGTATGGATAGCTCTTGACGGTTCACGAGTACTTCTACTAGTGCCGGTCCGTCATGAGCCAATGCCTGTTGCAGCATGGGGCGAACCTGGTCGGCAGTTTCGGCACGAAGACCGAGCAGCCCCGCTGCTCGCCCGATGTCGGAGAAATCGGGATTTACCAGGTCGGTCCCGAACGCCAGAATTCCGGCCGCTTTCATCTCCAATTCCACAAAGCCTAAAGCGTTGTTCTGAAAGAGCACGATCTTGACCGGCAGGTTCATCTGCCGAAGCGTCAGGATTTCGCCCATGAGCATCGCCAGGCCGCCATCGCCGGACATCGAAATGACCTGCCTTCCCGGGAAGGCGCTCTGAGCGCCGAGTGCCTGACTTAGCGCGTTCGCCATGGAGCCATGATTGAAGGAGCCGAGCAAGCGGCGTTTGCCGTTCATCTGCAGATACCGCGCTGCCCATAAGACTGGAGTTCCTACATCGCAGGTGAAGATGGCGTCCTCGGCTGCGACCTCGTTCAATACCTTGGCAAGGTATTGCGGATGGATAGGCCTTTCGCCGGCTTCGCCCTTCGCCAGGTCGTCCAGGGTCTGGCGCATGTGCCGGTAATGTTGGATTGATTTATCGAGATGCGTACTCTCGCCTTTATCGTTCAACCTCGGTGAAACGGCGGCCAGGGTCGCCCGGACATCGCCCACCAGGCCTAGATCCAACTTGACCCGGCGTCCCAATTGTTCGCCTCGTATGTCGATCTGGATCACAGTCGCTTTCTGGGGCAGGAATGCTCTGTACGGAAAGTCGGTTCCCAGCATGAGCAAAACGTCAGCGTCCATGATCGCGTAAGCCCCGGACTCAAACCCCAGCAACCCGGTCAATCCCACATCAAATGGATTGTCATATTCGATGAACTCTTTGCCTCGTAACGAGTGCACGATGGGGGCCTTCAGCTTGGCGGCAACCTCCAGCAGTTCCGAGTGCGCGCCGGCACAGCCCGCACCGCCAAGAATGGTCACTTTTCGCCCTTGATTCAGCAGAGCCGCCAATTGCTCTATCTCTGCGGCAGATGGGAGGGTCACGGGATTGGGCCAGGATATTCGCGGGGGCGTCACCGAGGCTTCATGTCCGGCGAGATCGCCCGGAAGCACAACCACGGCGACTCCACGCATCGAAATCGCAGTCTGCATCGCTCTTTGCAGAACGAGCGGCATTTGCTCGGCGGTTGAGATTACCTCGACGTAATGGCTGCACTCCCGGTATAAAACCTCGGGATGGGTCTCTTGAAAGTAGTTGCTCCCTATTTCCGTCGACGGAATCTGTGCGGCAATCGCAAGCACCGGAACCCTGCTCCGATGGGCGTCATACAGGCCATTGATTAAGTGCAGATTACCGGGACCGCAGCTGCCGGCGCACACCGCCAGTTGACCGGTTAGATGAGCTTCAGCGCCGGCGGCAAAGGCACCCGCTTCTTCATTGCGAACGTGGCTCCATTCGATGTTCTTATTCCTTCGTATCACATCGGTGACGGCATTGAGGGAATCGCCCGGCACCCCATAGATCCGCTTCACCCCCGCCTGCGCTAGCGTTTCGATTAACAACTCGCCTAAAGTCATCCTGCTCATGGCCTTCCTTTCCGGTTTCCCGTAAACATTTCGTTGAGCTTGCCTAAGCTGCGGCTCTAGCAGCGCTGATCGAAGGCGGTGAAGACGATAAGTACCAACGACCTTTTGGATGCAAGCCATATTCGTTCGGGCGCATGCAGAATCGAGCAACGGCGCCTGCTTTCGCGAATCTAAGGCCTGGAGAGCGACAGATGGACACGAGGAATGGTCGATGGTAGTTCAAATCAAGTCGCCGTGTGAAGAAACAGCAATCTACCCGGCATCCCATCCCCCGCAGACTTGCAACGGCCCCTGGGTGCTGACCGCCACAATCCTGGCGTCAAGCATGGCATTCATCGATGGGACGGTCGTCAATGTAGCCCTTCCCGCCTTGCAGACAGCGCTTCATGCCTCAGTCACCGACATTCAGTGGGTGGTGGAGTCCTATGCACTCCTGCTCGCTTCGCTCTTGCTGCTCGGGGGCTCCCTCGGAGATTTATATGGCCGCCGAAAGGTCTTTGTTCTCGGCGTGGTCCTCTTCGCGATTGCGTCCGCCTGGTGCGGCCTCGCGCCATCCATCCATACGCTGGCTGTGGCGCGCGGGCTTCAGGGCATCGGAGCAGCATTCCTGGTCCCAGGCAGCCTGGCGTTGATCAGCACCTCGTTTGCAGAAAAGGAACGAGGCCGGGCCATCGGCACGTGGTCCGGCTTTACGGCGATTACCGCTGCCATTGGACCGGTGCTTGGCGGATGGCTCGTTCAGAATTTCTCCTGGCGTTGGGTCTTCTTCATTAATCTTCCGCTGGCCATCATTGTGGTGTTCCTGAGCTTGTGGAAGCTCCCGGAGAGCCGCAACCCGACCGCCAGTCGGAAGCTGGATTGGCAAGGCGCCATTCTCGCGACCGTTGGTCTGGGGGCCGTCACCTATGCCCTCATCGAAGCCTCATCAGGAAAGACTAGCGTCTGGATATGCGGCGGCGTGGGGCTGGTTGCGTCGAGCGCGTTTCTGATGGTTGAGGCACATTCGCCGGCGCCGATGATCTCCCTGGGTCTCTTCCGCTCGCGAAACTTCTCGGGCGCGAATCTGCTCACCCTCCTGCTTTACGGAGCACTCAGCGGGCTTTTGTTCTTCTTTCCTCTGGACCTCATCCAGGTTCAGGGCTACTCCGCGACCAAAGCCGGGGCTGCTCTGCTGCCGCTCATCCTGGTCATCTTCGTTCTCTCCCGCTGGTCTGGCGGTCTCGTCTCCCGGTATGGAGCCAGATTGCCTCTGACCGTCGGCCCCTTGATCGCAGCAGCCGGCTTCGCACTCTTCATCCCGCCAGGCATCGGTGGATCCTACTGGACGACATTCTTCCCGGCCGTCGTGGTTTTAGGTGCCGGCATGGCGATTAGCGTGGCTCCGCTCACGACCGCCGTGATGGAGTCAATCCCGGCCAGCGAAGCAGGAGTTGCGTCAGGTGTAAACAACGCTGTTTCGAGAATTGCCGGCCTGCTCTCGGTCGCGCTTTTTGGTCTTGTTCTCTCGGCGGGATTCAACCGCGCGCTGGATCGAACCCTGCGCAGCCCGGACATCTCAGCCGCTACCCGTCAG
NZ_CP030840.1_gap110	4248646	4249885	1239	GCTGCTCCGTCAAGCCGAGCCCCAGGATCTCATCAAGTTTGGCCTGATCCCCGAATTCGTGGGACGGCTTCCCGTTATGGGAATCCTGGACGAGCTTGACGAAGCAGCGCTTATCGAGATTCTCAGCAAGCCGCGCAATGCTATTTTGAAGCAGTATCAGCGGCTCTTCGATTACGAGAGCGTTCACCTTCACTTCAATGAAGGAGCTATCCGCGCGATCGCTATCGAGGCGTTGAACCGCAAGGTTGGCGCCCGCGGACTGCGTATGATTCTTGAGGAATTGATGCTCGACCTGATGTACCATTTGCCCGGCAACAAGCGTATCAAGGACTTTGAAGTTACCGCCGAGATGGTGCAAAAGCGCGAGTTGGCTCTACCAATCCTTGAGAAAGCCGGGTAATCTAATCGCGATAGCGATTTCCCCGCACACCCTGCTATTGATCGGAGGAAAGCCGATCGTTCGTGGCTTTTTCTAGGGGCTTGCGTACTTGTATACTTGGCTTTCATCATTCACGCCTGATCGGTTGTTGTAACTTTGTTGAGCTCCCAACTTCGACCGGCTTTTGACTCGTACCTTCTTTGTGCGGAATGGGTTGTTGCCCCAAACGGTTGTCGGTGCGAGAGCTTTTTCACAATGTATAGACCCAAGTTCATGCTGAGCTGGCCTTTTCTGGGAAAGGGAATATAGCTCAAGCTGAAGGGTTTACCGTCATTGCGAGAACGGCCTAGTCCCGGCGCTGAGTCGGTACGCCGCCATCTTCATCCAATGTGAAGGACGAAAGGAAATACTGTGACATCGCTCAAAGAGACTCGCGACAGGAATGAACTTCGGAAGCTGCCCATGATGCCGATCCGGGACATGGTGATTTTTCCGTACATGATGACCCCCTTTGTGGTGGGCCGCGAGTCAAGTGTTCGAGCGCTGGAAGAGGCACTGACCGCTGACCGGAAGATTTTTCTGGCGACTCAGCACGACGCCAGCATCGATGAGCCCAAGGCGGGCGACATCTACACCGTGGGCACCATCGGCAACATCGTCCAGAGCGTGAAAATGCCGGACGGCAATATTAAGGTCCTCGTGGAAGGGCTGGAGCGCGCCAAAGCCGTCGAGATGAACGACGCCGATGGCTTCTTCGTGGCTACAGTTCGCACCGGTAAGGGTCTGTTGGAGATGACGCCGCAGATCGAACAGCTGATGCAGCGGGTGACGTCGTTGTTCGAGCAATACGTCAAGCTGCA
NZ_CP030840.1_gap111	4383383	4385857	2474	GTCTCATCACGCAGGGTCCGCGGAATGCTGGAATAGCGGGGCCGCCGCTGAGGGTCGTCCCAGGACGCATCGTAGCCGTCATTCCTTCGGACCTGTACGGCAAGGTGGAGAATTAACTCGGAGTCGGTAGCCTTTGCAAAGGAAGAGAGCTCACGTATTGCCGGCAACGCATCGGAAGATGGCATATCGAAGGCCAAACCATCCTGAAAGATGCCGGATCCAACAAGCATGGAGACGCTGCCATTTGCGATCGCCTTTGCATCCATTTCGAGATGCAGCAACCCCCATGGCTCTCGCCAGAGGCTCGAGGCGAGGAACGCGATGGAGTCCTCGAAGTACCGGCTTTGAGTTTGAAAGTGGTGCGGCGCCAGATACATGCCTTCAGACCACACCACTCGCGAAAGAAACTTCATAGTAGCTCGCCCACACCGGCTCTGCATTACGCCATCAGCAGGCGCACTCCGCAGTCTCAGCATGGAATAACCACACCCGCGCCGTTTTATTCCTCCAGACGGTCAGCAGACCCATCGGGGAGCGGCATGGATCAAGACATGGAGCAACAGTGGTCGAAAGAGCGGCACAGCCTTCGGGTGGATGTAGAAGGAGCCGCTGATAAGGCGGAAAGTCCGATGGACTCGGCTCTCCCGGCACCTGCTATCGTGAATGCTAACAATATGCAGGAAGAGCACCTTCGAGGAAGTTCCTCCTCAAGGGAAGCCAAGGACAACGTAAACCCAGCCGCAAGATCGAGCGAGCCAGCAACTGGAGGTCCCGGGGCTGTTCACGGTACCGATCTGACTGGAATATTCAAGCAAGTGGCAGTTCGTGACGCCGTGCAGCAGCTACCGAGGAAGCTGCCTGCCAAGGAGAAAGAGCAAACTGCGAACTCCGGTAGAACCCTCCACGCTACCGACGTATTTTCGACATTGAGCGGTCCGCCCAAAAGTGAGGAGCCGGGATTCACCCAGATGTTTCAGGCGCTTGGAACGAATAACTCTTCACCCCATGACTCTCTACCTCGCGATCGAAATAATGTCAGTGAGAGCGACGGTTTTTTCGCAGATCGGCCGAAAGGTCATCCAGTTCCGGAGTGGCCTGAGTCCTCGGATCCAGGTGCATCTCGACCAGCACCGTCATACGGTGCAGGAGGCTTCACCCAACTTTTTCGTAAACTCGATCACGAGTCTGAATCCCCCGAAATCACCCAGCAAGAGAGGTTCGCTGCGGAAGCAGGGCAGACGCCACAACCCGGGGGAGGCTTTACGCAGCTACTACGCACTCTGTCCAGCGAGAGCGATGCTGGCTTGCCGACCGACCATCCGTCGCCAATGGTCCAGCCGCCGCCCGAAGGGCCCGGCGAGTTTACGCGCATCGTGTCCCGCTCCGCTCTGCGGGACGCTGCGAGCCGCAGAGAGCATGAGAACGTCAAAGCGCAAGACGAATCATTCGCACCCGAGATGCAAGCGCAACCGCAAAGGTCGGCAATAAACCCGAATCGAAGCGCTTCGGACCCGCAGTACCTATCAAATTCACAACCCATGCTCGCCCCCCTGCCGTTGGAGCAGTCAGAGCAGGTAGCCACAGCGCCCAGGTCGGCAGGTGCGACCGCCTCTCCGCATCAACCTCTCGGTAAGCTGCAGCAATACATACCTGTGCTCTTGATAGCGAACTTCTTTACGATGTTTATAGTTCTAGTCCTACTGGTATTCATTCTGCTGCGTCATAGATAAAAGCCGGCCGCTAGTTGACCTAGGCACTATCGCTGGGAAGCACGATAAGTTCCATTTGAGGGTTTGCAATTTCCCCTGGTACATATACGCCGAAGTTCCTAGCCCGCTTGATCGACTCCCAAGCGACCCCATTGCGATCCAGGCTGAAATACTGATAGCGCAGCTTGACCGGGATCTCCTGCGGAGGCGAAGGAACGTGGGTCATCGCCACGCCGGGAAGCGCCTGCCGGATCAGCGTCTCGAGGTGAGTGGCTGAGCAGGCTTTCACCAGAGCAGGCGTGCGCGAAACAAGCTCAGCAGTAGGCACATCCGAGGTGATCGCGAGATACAGATGCGCATTCGAGAGATATTCGTCGCGATCGATGTCTGTAACGTAGACTGAGTCGCGCACCTGCCGAAGAGGCAACGCGATAAACCTACTTGGAATGACGGTATCGAGCAGTTTCATGAGCTGCGATTCGAGCTCAAGAAAACATGGACCTTGCTTTTCGTGTTCGTAACGAGGAAGGTCAAGAGGACCGAGGGCGCGAGAGAAGGTCGTTAGTGCACCCGCCAACGATAGCATTTGCAAAAATAGTGTCTCGGGACGGGAGTGATTCGCGTGCATCAGGTGATTTAGCAGGGGCAAGTGCGTGTTGATCGTATATAACAGCCAAAAGCTTGCTACATCGGAAGCGCTGAAATCCGCAAGTGACTGATTCCTCTGCCGGCGAGCGCCAGCCAGCTGTGTGCCTCGCGAAACAA
NZ_CP030840.1_gap112	4390932	4393597	2665	CATATTGCGCCAATTACTCGCCGAGACTGACGAGCGCGAGCTTGATGAATGGGAGGATCGCGAGATATTGGGCGAGTTGCTATGGATGCTCATAGAGTCACTCGGTAACGAAGATGCTGAAGGGGAACGCAGATCGGCCTACGCACGTCTGTGCCGAATTGATCCTGTCAGGGCATTAGGACTGCTGGATCGGACCTAGGAGAGAGCGATGGCACGTTCGAAAGAAATGTTGTTTGCGCAGTCCCTCATGGAAAGGTTGAGCGAAAAGCAGGAGTGGCCCACTACCCAGACAGGGTCTCTGCGGCTGTTAAAGGAATCGATCCGGCGAGATTTGGAGGCACTCTTGAATACTCGCAGGCCTATGACCATGGAGCTGGGCGGTTACAGCGAAGCCGCCGCCTCGGTCGTGAACTATGGTCTTGAAGACCTGACCAGCTTGCGAGCAACAAGAAGCGGGTACTTACTGGAGATGCAACGTTCGATCCAGCAGTGTCTTACCGAGTATGAACCCCGCTTAACCGAAGTGACAGTCAGGGTGCAAGATGGTGATTTCGTCAATCGTGAGATACGGCTGCACATCGAGGCCAATCTTCCCGTTTACCCGAGCGTTGAAGCGGTTACCTTTGATACCGTTTTCGACTTAACAAGTGAAACTTACTTCGTGGGGTAAGGATGCGACAGCAAATCTTGGAATATTACGAACGCGAGCTGGGCTACATGCGACAGATGGGCGCTGAGTTCGCGAAGAAATATCCTGCTGTAGCGGGTCGACTCCAGTTGGAGCCGGACCGTTGTGCCGATCCACATGTGGAGCGACTGCTTGAGGCTTTCTCTTTCTTGGCCGCGCGCATCCATCTCCGGCTAGACGATGATTTTCCCGAGCTAACCGAGGGTTTCCTCGATGTAGTATATCCGCATTTCCTACGGCCTATGCCAGCGATGACGGTTGCTGAGTTTTCTTCTGATGAAACAGGGAGCAATAAAGGTAACTCTGTGACCGTGCCGGCTGGCGTGCAACTAACGGCGAAACGCACGACGGACGGAGTTCCATGCAAGTTCCGCACCGGTTACCCCGTCACTCTGTGGCCTATTGAAGTGAAAGAGTGTGCCTGGAGACGGCCTGAACAAATTCCATCACCACCGCGCGTCGGCGATGCGGCCGCTGTGCTGCGAGTCGTTCTCAAGGCTCGACGTGAAGTCTTGTTTTCAAAGTTAGAGATGGACACGCTAGCGTTCTATCTCGCGGGCGAGCGTGGGGTCGCACTGCCGCTTTATGAGTTGTTGTCCCACAATCTGCGCAGGATTGTGGTCCGTAGTCCAGAGCGACCGACGGGCAAGACGGTTTCACTCGACCGCAGCGGGCTGCGCGCTATGGGCTTTGCCGCCGACGAAAGCTTGCTGCCATATCCGCAGCGATCGTTCCATGGCTACAGGCTCTTGCAGGAATATTTCAGCTTCCATGAGAAATTTCTTTTCTTCCAATTATGCAATCTGCGACCGGCGATAGAGGCCGTTGATGCAGGAGAAGATCTCGAGATCCTCTTTTATGTCTCCCAGTTCGAGCAACCAGAGCGCATGCAAATGCTCGAAGTTGGTGTCTCTTCTGAGACGATCCGTCTAGGATGTACGCCGATAATTAACTTGTTCAGTCATGCCGCGGAGCCGGTTCTGCTTTCGCAGGCGCGCCATCAATATCCTGTCTCGGTGAGTGCTCGAAGTCGTACCGGTATTGAGATCTTTTCTATCGACTCAATACTCGCAACAAATCCGTCGCGACGTACATCGGTCACTCTGCCTCCACTTTTTGAGCACCGCTTTCGTGCGATACCGGCCCGGGCGCCAGTGTATTGGAGGTCAACTAGGAAGTACTCCGAAATAGATAATCGAAGGCCGAGCGATGTCTACGTATCGATAGTCGATGCGGAGGGTGCAATGACCGAGCCGAATGCGGAGGTCCTTACTGTGCAGTGCACCTGCACCAATCACGACCTTCCGGCAAGGCTGCCGTTCGGCGACCCCGACGGCGATTTCTACTGGGAAGGTGGCGCGGGAATCGGAAAGATCCGTGCTTTGCACCGGCCAACGCCGACGTATCCTTCGCCTTCCGGCGCGGGACAAACCTGGAGCCTGATCTCGCAGCTTTCCTTGAACCACCTATCCTTGGGCGAAGCTGGTCTAGCTGCATTTCAGGAGATTCTGAAGTTACACAACTTCACCGCAGCCACGCACTTCGAAAAGCAGATTGCCGGCATAGTGTCCATGACCACCAAGAAGCATATCGCGCTGATGCAAACTGAGTTCGGCAGTACAGCAGCCAGGGGAACGCGGGTGGAGATCGAACTAGACGAGTCGCACTTCCCAGGCGGAGGTGCCTATCTGTTTAGCGCGATATTGGACCGCTTCTTCGGCTTGTACGTTTCAATGAACAGCTTTTCACAACTTGCCGTCCGCACGAACATGAGAAAGGAGGCCTTGGAGGAATGGTCACCGAGAGCGGGCAGCCAGTCATTGATATAGGGGAACAAAGGGAAGTTGGGGAACGAAGATTGCGGGAAATGATGCAAGCGGAACCGCGAAGCTTTCGATTCTTCCAGATGGTGCGACTTCTCGAGAGGATGCATCCGGAACGCAAACCAATGGGGATTTTCGTAACACCGGCAGACGA
NZ_CP030840.1_gap113	4398101	4400790	2689	GGCCAGTCTACGGCAAGTACGATGCAGAGCGGGTTTACGTTTACTCTCAGCAAATATCCTCAATCAGAAAAAAACATCAAGTACTTACTGACACGTGTCACTCACTTCGCGCAGCAACAGCCGGGCTATCGATCTGAAGTAGTCAAGCCAGATGAAAACCCTTATATGAACAGCTTTGAGGCGCGGCCATTTACGCAGGTATATCGAAAGGAAAAGACCATCGCCAAGCCTCGCGTGCAAGGCGTCGTCACGGGCAAAGTAGTGACGTTCCCTGGGGAAGACTCCTATCTCGACCGTTTCGGCCGCGTCTGTGTCCAGTTCTGGTGGGACCGTCAGAGGCCGCCGGAGACTCCAGACAAGACGCTCCTACGAGTGGCGCAGCAATGGGCGGGCAAGGGTTGGGGGACTTATTTCTGGCCGCGCATCGGGGACGAGGTACTGATCGATTTTCTTGATGGCGACCCAGACGCTCCGATTGTGGTTGGTTCAGTGTACAACGGCGTCAACATGCCGAAGTACGATCCTAAGTCCGAGTACACTCGTTCCGGCATTTTGACCCGCTCCTCGAAAGGTGGTGGGGCCGCCAACGCGAACGAATTACGCTTCGATGACCTGAAAGGCTCAGAACAGATTTTCATGAATGCGGAACGCAACTTCGATCTTCATGTGGAGCATGACTGGCACCGGCTCATAGGCAACGAAGAGCACAGTCACATCCTCAAACACCAGTACCAGCAGGTGGACGGGAGGGCACACCTTAGGGTTGGTGAAGAGCAGGTGCTGGAGATCGAAGGAGGCCGTTACCTGAACGTCAAGGGAGAGCAGGCAAGCACCGTTGCTGGCAACTACTCGCTCAAGGTGGCAGGAAGTCAGATCAGTCGAACAGGCGTCGCTCACGTTATCGAATCGGGAGAGGAAATTCATATCAAAGGCGGCGTGCGGGTGATCATCGAAGGCGGCCTCGGCGGCATCTGTCTACAGTCGGCGGAATCGGCGATCTCCATCGATGCGACTGGAATTGCCATCCAGGGTGCGGTGCGATTTGGCAAGGCAGACTGCCTGCCTGCACTGCCTGACCCCATAGCGCCGGCCAGCAAAAGTGTAATCTCGCCGAATTGGCCGGGAGATGATCCCCGTGCATAGAACACAGGCATTATAAGTGGAGTATTTGTGCCAGTTGTCACATAATTGTTGTTGTACGCTAGTTTTTGCGATTCAGTACATTGGGTAGAAAATAGGGGAACAATGTTTACCCCTAAAACATTAACGGCATCCACTGAAGCTTTTGGCATTGAACACATTGACAGTCTTTATCGGTATGCAATCGTGCTGACGCGTAGTCGGGCGGACGCCGAGGACTTAGTGCAGGAGACATACGTCCGCGCGATGGAGGCATTTAGCCGTCTGCGGGAGGACAGTAACGTAAAGGGATGGCTCTTTACGATTCTAAGGAATCTCTGGCTGAACGAGCTTCGCAAACAGAGAAGCAGGCCACAGCTTGTCGAGGTCGATGCTGATGCGCATTTATCCGATGGACTGGTAGGGAGCAATCGAGGTGCTCAAGAGATACTTGAAAGTGAAGAGGACGCGAAGCGGGTGAGGGCGGCAATTGACAAGCTGCCTTCGGAGTTCCAGGAAATTTTAGTCCTGCGCGAATTCGAGGAACTCTCCTACCACGAGATTGCAACAGTTCTAAGCTGTCCTGCCGGCACGGTGATGTCGCGTCTGGGCCGCGCACGTGCCAAGCTACGGGTGTTGCTGAGCGAGGGATGGGGCAGAGGAGCCCAATCCGGAAAGACAAGTCACCATGAACAGTTGCGATGAATTCTACGGGAACGTCCAGTTATACGTCGACGGAGAGCTTACTCCGGAGGAGGGCGAACACCTCTTCTCCCACATGGAGACCTGCGAACTATGCCGTCAATGCCTCGCCGAGGCTGAAGCTTACTCGTCCCGGATCCGTGCTGCTCGTCCTTCCCTTACCGCTCCCGATTCATTACGCGCCTCCGTGTTACGGAGGATGCAGGCGGCGGAGAGTCAGCGGGCTCGTCCGATGCAGGCGCCTCGGCAAAGAACATCAACCTCCCGATTGTGGTCAGTCGGCGCCATTGCAGCTCTCCTGGCGATCTTTGCGGCAAGCGTGCTCTCCTATTACCAACAGCGGCAGCGTGGCACGAATGTGATGCTCCAGACAGCGGCCGTAGCTCACCAGGATCTATTGCAAAACTCCGTTCCGCTGGATATATCCTCGAATTCGCCCGAAGCAGTAGCTGCATGGTTTACAAGCCGGGTATCTTTCCCCTTTCGCATGGCGGACTCAGGGCTGGCTGCTAGTGATGGGGCAAAGTACAAGGTCACCGGTGGAAGACTCCTGACCGCGGGCAATGAACGGCTTGCCATGGTGTCCTTCAGCATGTCAAACGAAGTGATTAGCATGCTGGTTGGCCCGGGTTCCCTCTATACCGCGTCCGGAGGCAAGGTCGTAAAATCTGGTGGCATCGAGTTTCATAGCCGCGATGAAGGTTCGTTCCATATCGTCACTTGGAACAATCGAGGGCTAAGCTATGTGCTCACCTCTGCTATATCCATGGGGAATGCTCATAAGTGTTCGGCGTGCCACGATCAGAATCCTTCGGCTGAAGAGCCCCACCAGGTAACGAAGTTAAATCGTCGCGGATATTGGCAGAGT
NZ_CP030840.1_gap114	4434225	4435428	1203	CTGCGTTCGTGCATGGGCATGTGGTGCGACCTTACTCGCATTCTCTGTCGGATGATGACCGGCTTTACCGATCCGCCAGCGAGCTAGAGGCGGAGTCATTGCGCGATCCGCTTCCCAAGTTGCAAATGCGCTTGCTGCGTGAGGGCATTCTCGATGCCGAGGCAATCAATCGGCTGGAAAGACAAGTCGATGAAGAAGTCCGACTGGCCGCCGAGCGCGCACTGCGGTCGCCTCTCCCTGAAATATCTTCGATCAAGAAACATGTCTATTCAGAGGACCTGGATCCGACTGCATTGATCGAAAGCAAGCCTGCAGTCTCCGCCGATCACCAGGAGAGGACGATGGCGGACCTCATCAACTGCTGCTTGAGCGACGAGTTGCGTCGCGATCCGCGAGTGGTCATTTTCGGGGAAGATGTAGCCGACTGCAGTCGCGAAGAAAATCTGGAGAGCGGCAAAGTCAAAGGCAAAGGCGGAGTTTTCAAGCTGACTGCCGGACTGCAGGCTGAGTTCGGCTCGGACCGCGTCTTTAATTCTCCGCTAGCCGAGGCCAATATCGTGGGGCGGGCCATTGGTTACGCCACCCGCGGCATGAAGCCAGTCGTTGAAATACAGTTTTTCGATTACATCTGGCCGGCCATGCATCAGCTGCGCAATGAGTTGAGTCTGCTGCGCTGGCGATCGAATGGGACCTATGCCGCTCCGGTCGTGGTTCGAGTCGCAATCGGCGGGTATCTGACGGGCGGATCTATTTATCACTCGCAGTCAGGGGAAAGCATCTTTACGCATACGCCAGGCGTTCGCGTGGTATACCCGTCGAACGCCCTGGACGCGAGCGGTCTGCTGCGAACGGCGATCCGCTGCGACGACCCGGTTTTATTCTTCGAACACAAACGGCTCTATCGCGAGACCTATGGTCGTGCTGCGTATCCTGGCACGGACTACGCCATTCCCTTTGGCAAAGCCAAGATCGTACGTCCGGGTTCCGATGTAACCCTAGTGACTTACGGGGCGGTTGTGCCCAGGGCCTTGCAAGCCGCGCAAAAAGCGCAACGCGAACATGGAATCAGTACAGAAGTCATCGATCTGCGCACGCTCAATCCTTATGATTGGGAGGCGATCGCCGAGTCCGTCCGCAAGACCAGCCGGGTGGTTATCGCTCACGAAGATATGCTCAGTTGGGGATACGGGGCAGAGATCGCCG
NZ_CP030840.1_gap115	4479032	4480888	1856	ATCAGCATTCCGGTGACGAACACTTCAGTCAATCCTGCGCGAAGCACCGGTCCGGCCTTATTTGTGGGTGGATGGGCATTGCAGCAGTTATGGCTCTTCTGGCTTGCTCCGATCCTGGGCGGCGTCATCGGCGCGGTTCTGTATCTGCTCATCGCCGGCGACCATGATCCAAAGCTCCCGCAAGGCAAAGCTCTCTAACTACCTGGGAAGGATGCATAGTTATAGGGGCGACCGTATGTCGCTCCTATGAAACCCATGATTCTCTTATCAAATCCACGATTTCCTTATCAATTGAAAGCAGGAACGAATTAAGATCGACCACCTTGCGGATCGGTTTGTATGATCGCTGGGATGCTCCATTTAGCGCCATCGGAAGCGCGAATCTTCTTTCATCTGCTGGCGTTCGTGCTCGTCATTGCCGCGCCGGGTGTTGGGTGGATCGTCGCCGGCCGCATTAAGGCTGCGCCTTCCTTCGGTTCGAGAGTGCTGGGCTACAAACTTGTGAGCCTTGGTCTTTTCCTGGCCAGCCTGGCGGTCTTCCTCCTGATACCACCCGCGACCTTCTTTGCGGCGCAGATCAAGAATCGGGGCGTCACGTGGCTTCCCAGTCGAGAACTGATCAGCGCGCTGGCGATAGTGCTCGTTCTCTTAACGGCTGTTCCGGCCCTCCTTGCACGTACGAACGGAAGCTTTCAGGCAAATTTCAAGCGCCAAATTTCTGAGATACGAAACTTGCTCCCCCACAGCGGGGTAGAACGGCTCTGGTTCGGCTTGGCCGCGGTCATTGCCGGCGTTTGTGAAGAGGTGCTGTACAGGGGCTTCCTGCTGCACTATTTGCACGTGTTTCCGTGGCGCTTGAATATCGGGACGTCGCTGCTTGTCGCTTGTACAGTTTTCGGCATTTTTCACCTTTATCAGGGAGTAGGTGGGGTGTTACAGACCCTCCTGCTGGCGCTCGGTCTATGCGTGCTGTTTCTGGCGACTCGCTCATTGCTGATTCCCATCTTGCTGCACGTGCTGGTGGAGTTACGCATCTTTCTGGTCTTACCGATCATCTTGCCGTCGGAGGGGCGGCAGCGAACGTCATCGGTGAAAAATCATCCCGATGGTTGAGGGAAAAACCGTCCCGGAGGCCGAAGACATGATTTGGCCGCTCCTTTATTCTCAGTCTTGTTTACAGCCTCCCAAATGCCTCGATACTCACCCAGCGATCGGGGCATCTCTTTTTTTGGGCAGCGAACCCGCTATGCTGCTTCGATCAGGTTTGTGCATCGGGATTGACTCCGTAGTAAGCTGTCTCTGCATTCATTCAGAGGGCTATGAACAGATCAGGGGTATCGCGACGCGCATTTATGAAGACCGGTGTGAAGGCTGGGGTGACGGCAGGAATGGCTGCAAGCGCCGGACTGGCAAGCGCCCAAGCAGCTGCCGATACCGGCGCAATGATACGAAAAGGAAATATTCGTCAGTCGGTGAGTCGCTGGTGCTACAAAGATGTGCCGCTTGACGATCTTTGTGCCTACTCGGCTAAGATCGGCCTCAAGGGAGTCGATCTGCTCGAGGTCAGCGAGTGGGACGCCCCCAAGAAGTACGGACTCATCTGCACCATGGGCTATGCCGGGGGCGGCTCGATTCCCGATGCGCTGAACCGGCTCGAGAACCACGCCGCAATCGAGGCGGCCTTCCGCAAAAACATTCCTCTCGCGGCAAAGGCGGGTGTACCGAACGTGATCACCTTCTCAGGCAATCGTCGGGGCATGTCCGATGAAGAGGGGGCGAAGAATTGCGTGATCGGGCTCAACCGTCTCAAGAAAATTGGCGAAGACAACGGCGTCACCATCTGCATGGAGTTGCTC
NZ_CP030840.1_gap116	4496070	4497378	1308	GAAAGTATTTCTGTCTTCAACAGACGGTCGAGGGGCTTGCCACGATGCACTCATGTCAATAGGCTAGGAACATATGTACGAAGATTTCCAGGTAAGAGACCGCTGGACAGGTGAAGATCTCCACTGCCAGTGGAAAGCCAACATTGTCGCGATCGCCACCCGGCATGCCGATGCTGTTGATGTGAGATTCGAAGTCAATGAGCGGCCAGTGTGGATCGCGATGCCGGCCGTGGCATGGGTTGCCCAGAAGAAGCGGAGCGGGGGCGTCATCACGGATGCACTAGCCGCTCAAATAGCCGGTCATTACCTGAAAGAAGCGGTTGAATCCGGGTATGACAACGGTCGAGAGATGTACACCATGACCGTGACCGAGGTGTTGGAGCACCTCGACGCAGTGATGTCCGAAGCGAAGCATACCGCCAAGCTACCAGTGCTCCCGATTTTGTCAGAGGAGACGGGCTCGGTCGATTATGTCCCTAGTCGGAATACGGAAATTTCTGAATGAGCTTCTGGGGTGGTGACAGACCCTTCAAAGCAACCTAATCGCCCAAGGCGTCGACAAACATGGATGCATCGCAATCCACTTGCGCAAGGCGGCTGACTTCTCTCCTACATCAAGGTATTTGCCCAAATTGAGCTGTGAACGCGCTTACACGAAGTCTGCCGGTGTTCATTTCCTGAAAATTGGAACAACTTCTGAGGCCATTGATGCAACTTAATGGTAACCAAGAGTTTACACAAGCCGCCCCCCTGCGGCGGGCGACTTCTGGCGAGCACGTTTAAGGAGAAAGAGATGTATTTAATTATCGGGCTGGTTCTGGTATTGCTCTGGCTGGGTGGATTTTTCGTGTTCCACACGGCAGGATTCTTGATCCATATCTTGTTGATCTTCGCGGTCATTTCGATCGTCTTCCACTTTTTGCGAGGCGGGACGCGAGCCGTTTAAGAAGTGTCTGAGTTCCGAAAAGGGCGCGGAGTGCGCCCTTTTCGTTTTGCCCAGAATTAGGGAACAGCTCAACCGCCTTCGCCCTGGGCATTCCTGCGAGTCCCGGTCAAACCCACACTTCGGCATGTGGGTGTTCCGGCAGGGAATTATTCGTCGTAGTGAAGCAGGCTGAAGACGTCGTAATGTGCAAACTTCTCTCGTCCCCTAAGGAAATCAAGTTCGACGGCAAAAGCCAGCCCCGCGATCTCGCCGCCAAGCTGTTGGACAAGCTTGATTGTCGCCTCCATGGTACCGCCGGTGGCGAGCAGGTCATCGACGAGAATGACCTTCTGCCCCGGTTCGATGGCATCCACGTGGATTTC
NZ_CP030840.1_gap117	4498797	4501266	2469	TATATGCAGGACATTACCCTGAACCACTCCAACCCGTACGACAATCACGTTTTTGGGAGGCTCTTTCAAGGCGAGAACGACGAAATCCTGGTGAAGACCTACCAAGATGATTTCGATAAGCAGAATGGTGTCCGTGCGTACAAGCATTATCAAGATACCCAACAATGCAAGGACGCAGAGAAGAAAAGCGATGCCGATTGGAGTTACTGGCAACTCCATCATTGCCTGCTCGCGGATCTGAGCGGCTACAACCAACACGATATCCGCATTGCCGACTATCTGATTGATGCTGGAAAAATCTGGATGGATCACGGCGTTCAGGACTTCCGCCTCGACGCGGTCAAGTTCCCCTTTCCCGACTTCATCTCGAAATTCACCCACGAGATGATCGAACATGCAGGAGACATAAATAGGCGTACGCCGCCCTACATTGTTGGAGAGTGGTCAGGAGGCGGAGTCGGCGACCAGAGGTCCCTCGCTTTCGCAAACGATTATGACTACTTCCGGACCAACATTCTGGACTTCACGCTGTCTCTGGCACTGAATCGGTTCATCGGCGGAAGCTACGAGTATTCGAGTGAAGTGTTCGATGGGGTGATGCTGAACGATCTATTGAAGGAGCGAGTGACAGCCTTCGAAGGCCGGGATACCTGGCAGGGGACTTTCATCGACAATCACGACCAGATTCGAACCATGGTGCGGCTGGACAAGATCGGAATCTGCAGCGAAGCCGAACGGGAAAGGAGGATGGACCTCGCAACGGTGCTCCTGATGACGGTGCGGGGTATCCCAATCATCTATTATGGCGATGAGCAGTATCTCGCCAACTACGATCTCTATGAGCAGAATGGACACTCCTACAGCAAGGAGTCGATCAATGCTTTTGGTGACGATCCATTCAATCGCCCAGGGATGAAGAGTTGGGAAGAAGACACGTCGGCGTTCCAGATTATCAAGATCTTAGCCGCATTGCGAAAGGCAAGTCCCGCCATCTGGAAGGGCGCCTATATCCCCTTATATGCCAGCGCCGATGTCCTGGTCTTCGAACGGAAGGAACAGAACGATTGCGTGCTCGTCGCGGTTAATCGCGGCGGCGCGAAGGACATCACCGTACCTTCCGGCTGCGGCCTGGCACCGGGTCGGCAATACGGGCTGCTCGAAAGGGCAAATAAGAATAATCAGAAGAGCTATGTGGACATCAATTCGGGCTCATCGTATATACACCTGGGTGAGTTGAGTTCCCTGGTGCTCTCGTCAAAGTAGAGTCGAAGGGCCATCCAGGCCGCGGAGCTTCGTAACCGAAGAAAACCCCACGGAGTTGGAAGACTCGAGTGGGGTTTTCCAGATTTCAGGAGGCAAGTCTGTCGTTAATCGCGCTCTGCCAATCACGCTCTGCTTAGATAAGCGCCTTCAGCCGTATCTACCCTGATCTTCTCCCCCTCGTTGATGAACGGTGGCACCTGTACGACCAGCCCGGTCTCGGTCTTTGCCGGCTTGGTCACTGACGAGGCGGTCGCCGACTTGATGCCGGGTTCCGTCTCGACCACCGTCATCTCGACCGTGCCCGGGAGCTCGATGCCGACCGGAATTCCGTCGAAGTACGAAACCTTAATCTGAAGATTTGGAGTGAGGTACTCGACTGCATCCCCTAGCGTGGATTGCTTCAACGTCGTCTGCTCGTAATCCTGCGGATTCATGAAGTAGTAATCGTCGCCGTCCGCGTAGAGAAACTCCATCGGAACTTCGTCGACTACGACGCGCTCGATCGGGTCCGGGGAGCGAAAGCGGTGCTCAAACATCGCGCCGGTGCGCAGATTACGCAGCTTCGCCTGAATAAAGGCGCGAAGGTTGCCGGGGGTGCGATGCTCGACGGCAAAGACCGCGTGAAGTTCATTATTGTGCTTGATAATCATGCCCGGACGCATCTGGGTGGCGGGAATCGCCATAAAAAGGCTCCTTAGTGCTGATTGCTGGATTTGGCCGAAGGCCGGCGGGACAGGACCGTGAGTCTGCACCTAAAAGCCTATTGTATCGCAGGGGTTGCGTCGCCAACGCGAACCAAGCTCAAGGAGCAAAGTGAGGGAGTTTGACGGTCGTTGGCTAACGGTCATCGCTCGACGATCACGGGGTGTAGATCGGGCAGGCGATCGCAAGGTGACAGATCCTCACTCACAAGCCTGCTCGAAGCGTCGTTCAGACTGGTCGTGGTTCAGGTTGACCGAGCTAGCTGACTGTGAGCTAACCGTTGCTCACCTATTGGTAGAGGGGATCAACTGCCATAGTGAATGCAGCAGATGCCATCGTGAATTGAACCGCAGCAACGAGTGAGGAAGGCAATTCGGATCTGAGTTCTTTCACGCCGCTGCGCAAGACTGCGTTAGAAGGCTAGTGGAGCACGCGCCCGAAGTAGGCGATCCAAACATTCAACCTAAGGGACATGGCAACCTCATGAATCAACTGTCGATGATC
NZ_CP030840.1_gap118	4505146	4507625	2479	ATTACTCAAGCGATTGGCAAGGAGTGGGTCACCGATTTAAGCAGGCTCAAGGAACTTCGCCGGTTTGCCGAGGACGGCGGGTTTCGCGAGGCGTTTCTCGCTTCCAAGCGGCAGGCGAAGCAGCGGTTTGCCGATTGGCTCCAATCGACGACCGGGCAGATTATCGATCCGGGCACTCTCTTCGACTGCCATGTCAAGCGTATTCATGAATACAAGCGGCAACTGCTGAACGCGCTCCGGATCATCGTGGTTTATAACCGGCTGCGCTCAAATCCGGAGCTCGACGTAGTGCCGCGGACCTTCATCTTCGCCGGAAAAGCGGCCCCCGCGTATCGATTGGCCAAACTGATCATCAAATTTCTCAATAACCTGGGAGCCACGATCGATGCAGACCCCGTGGTAAAGGGCCGGCTTAAAGTCCTATTTGTGCCCGAGTACAATGTTTCTCTGGCAGAGAGATTGATTCCGGCGAGTGATGTTTCCAACCAAATCTCCACTGCCGGTTATGAGGCCAGTGGGACGAGCAACATGAAATTCATGATGAATGGGGCACTAACCGTTGGTACCCGAGATGGGGCGACGATTGAAATGGCCGAAGAGGCAGGCGAAGAAAATCTTTTCCTGTTCGGGCTGACCGTGGAACAGGTCGTGAACAGCCGCAGCTGGTACAGCCCGTACTGGCACTATGATCATGACGCGGAGACCCGCGAAGCGCTCGACCTAATCTTCTCCGACCACTTCAGCCCCGATGAACCGGGTATATTCGCACCCTTGCGCGAAACGCTCCTGACCATGGGAGACCACTATATGCACCTGGCGGACCTAAAATCCTACTGCGAAGCGCATCACCAAGTCGGGATTTTATATGCCGATCCTGAGGCGTGGGCGAAGAAAGCTATTCTGAACGTTGCGAGCTCTGGTAAGTTTTCGAGTGATCGCACGATCGCTGAATATGCATCCGATATCTGGAAGGTGGAACCATGCCCAGTCATCTAGAGACGCAATCGCCGCCAAGCGCGAGCGAAAAGATTTCGCCGCTCGCCGGCAAACCGGCCCCAAAAGAATTGCTCGTGGACCTGGCTCGCCTGGAGGCGGCGTATTTTGAGCGCCATCCGGATCTGGCAGATCGCAACCAGCTCGTCGTCTTTGGCACCAGCGGCCACCGTGGCTCGCCATTGCGCGGCACCTTTACCGAAGCCCACATTCTCGCCATAACCCAGGCAATCTGCGACTACCGGCGCGCCCAGGGCACCGACGGGCCGCTCTATATGGGGAAAGATACCCACGCCTTGTCTGCACCCGCCCAGCAGACCGCGCTCAGCGTTCTGGCGGCAAATCGTGTGGAGACGGTGATCCAGGAAGGTGATGGCGTCACTCCGACTCCGGTGATCTCGCATGCGATTCTGGTCTATAACCGGGGCCGCAAGGAGCATCTCGCGGATGGAATCGTCATCACGCCGTCCCACAATCCACCCGAGGATGGAGGGTTCAAGTACAACCCGACCAATGGCGGCCCCGCGGACACCGAAGTCACGAGATGGGTTGAAGATCGTGCGAACGAATTGTTGCGGGGCGGCAATGCAGGCGTCAAGCGAATTCCTTACGGAGAGGCCCTCCAAGCGGCGTGTACTCATCAGCAAGATTTGATCTTGCCCTACGTTCGCGATCTCAAGAACGTCGTTGACATGGATGCCATTCGCGCCGCCGGGTTGAAGCTCGGGGTGGACCCGCTGGGGGGAGCCGCCCGGCCTTATTGGGAGCCGATCAACACCATCTACGGATTGGACATCAAGGTCGTCAACCCGGTGATCGACCCGACATTTTCGTTCATGACGGTGGACCACGACGGCAAAATCCGCATGGATTGCTCGAGCCCCTATGCGATGGCGAGTCTGGTCGGTCTGAAAGATCAATATCAGGTCGCATTTGCCAACGATCCGGATTCGGACCGTCACGGTATCGTCACTCCATCTGCGGGATTGATGAATCCAAATCACTACCTTGCCGTGGCCATTCGCTATTTGCTGACGCACCGTCCGCAGTGGTCCAAAGATGCGGTGGTCGGAAAAACCCTGGTGAGCAGCGGCATGATCGACCGAGTCGTCGAAAACCTGGGCCGTAAGCTGAGTGAGGTTCCAGTAGGCTTCAAGTGGTTTGTCTCAGGTTTGTATGACGGCTCTTACTGCTTCGGCGGGGAAGAAAGCGCCGGAGCCAGTTTTCTGCGCCTCGACGGTACCGTATGGACAACGGATAAGGACGGCCCGATTATGGACCTGCTGGCGGCAGAGATTACCGCTCGCACAGGCAAGGATCCCGGGGAGCACTACCGCGAACTCACCGAGCAGTTCGGCACTCCGTATTACACGCGCATCGATGCTGCCGCGACGCCGGAGCAGAAAGCCAAGTTGCAGAAGCTCTCGCCGGAGTCCGTCAAAGAGTCGGATCTGGCAGGCGAGCCAATCACTGCCAAGCTGACCAG
NZ_CP030840.1_gap119	4512863	4513491	628	GCAAGTTCATAGACAGTGCTCCATAATCTCGCTATGTATAAGTCGCGCTGGTGCAGGCCAATCACCAGGAGGTCCGCATGCTGTTTGCGCAGGAAGTCGACGATGGCGGCGACATCGTGGCCTTCTACGATGTGACTGGTGACCTCAACGTTGTGGTCGTGCGCCATCGCTAAGGCCTTCCGTTGCAATCCCTCGTAAAAGTCGAGTCGGTCATCTTTCAGAACTCTCGTCAGATCCGGGTCGGTTGCTGAGGCGAAAGCGGTATAAGCGGGTAGATCCGCAGCAACCGTGATCGTGCTCAGTTCCGCTGCGAGGCTCTTTGTTAGCCGAATGGCGGAGAGCAGCGCACGCTCGGATTCGGGGGATTCGTTGTAAGCGACGGCGATCTTTCTGAACATACAACTCCCTGAACTTCGCGGATCAAAGCTTCGTTGAACACGTTAAGTGCAAGCAGCGAAAAGGTCCTGGCGCTCCGTTCGTCAACGCCCTAACTATATAGCTGCGTAAGAAAGACTCGCATGCCTCAACTGGAATCACAACGTATCTCACCGCTAGCTAACAGTGATGAAGGGAGACGAAGAACTGTCTGAGATCGTCTCTTTAAATCTCTTAGGAAGAACTTCTCCTA
NZ_CP030840.1_gap120	4514704	4517480	2776	ATGTATCGGGGCAGCCCTTATCCTCCACTTATGCAAGGGGCGTCACCGATGAACTGGTTCATGAACTCATGCATTGCGACGGCTGCCGGGTAATCGCGGCCAGTTCGATCGCTCAGCTTGGACTTCAAGTCCCTGATATTCCCGCGCTAGCTCGTAAGCTGGGAGTTCAGATCGTATTCGAAGGAACAGTGAGGGAAGAAGGAAATCGGATCCGCGTCACTTCCAGAATCGTGCATGCAGATGGCTTTCAACTCTGGTCTCAGCGATTCGATGCCGCCGTCGATTCGTCGAGCCTGTTCACCGTGCAGGAGCAGTTCGCCTCCGCTCTCGTGAACCGCGTGCGTCCACAGCAGTCTATCATTCGCTCGGCGGAGGCATCGGCAGGGCCATTCCTATTCTCCGTGTATCCTGCCATCCTGAAAGGAGAGGCACTTCTCGAGGAGGGAACCGCTGCCGATGTTCAGGCTGCCCTGACGAAATTCCGCGAGGTGACCGAGATCGCTCCGGGATTTGCTCGGCCTTATTGCGGGATTGCGCAATGTTATTCGTGGATGGCCCTGCACGACGTACTGCGGTCAGTGGATCTCGTCTCGCTCGCCAGGCATGCTGCTGAACGGGCCATCGAACTCGATAGTGAAATGAACGAATCTCTCGCCGCTCTGGGAAACGTCTTAGCGCTGGAATGGGATTGGAGCGCCGCGGAAGACAGTTTTCGGCAGGCCACTGCTTCAGGGTCGCACTCAGTCAGTAATCGCCAGTATGCTATGCTTCTGACCTTGCTGGGGCGCTTCGATGAGGCTTGGCTCTACCTGGAAAATGCACAGCAGACTGATCCTTTTTCCTATCTTCAGAAAGTCGCTTGTTCCAAGTTTTTCTTTCTGAGCCGGAGGTATGATGAGGCACTTGGGCATTTCTCGGAACCGCAGAAATATGGACCATTGCCGCTCGAAGTGCTGCTGTACCAGGCGCTGATATATGTTCAACTCGGTCAGCTGGAGGAGGCGAAGAAGTTGGCCAGGATGGTTCAGCGCAGCGCAGGCGCACAACTATCTTTGCGCGCCTGGATCGCCGAGTTGCTCGCCCGCTGTGGAGAAATCACCGCGGCGTTGGCTATCGTCGATGAGTTCAAGCTCGTGGCGCCGGGGAAGCCTTTCAGCAAATTTCGACAGGCGTCGCTCTTGATGGCGCTTGGGGACTCTGAAGCCGCACTCTCCTCACTTGCCTCGGCCTTTGCGGACAAGGAGCCCGAGTTGCCATGGCTTGCGGTCGATCCACGATTCGACTCGATCCGAAGTATTCCGAAATTTCAGGAAATCGTGAGCAAACTCAAGTTAGTCAATTCTGCCTGATCACGCTTACACCTACGAGAGCTACTGCCTGCTTCGCTGTTACTTTGAAGCCATACTTTCCGGCCAAATGCTCCCTGCAGTTCCTTCGAGTGGATTGCATGGAGCAAGGTCCATCTTCTCTGATTCGTAGGGACGCAAGAGGTCAACTGGTGGTTGATCCTCTTCACGCTCGAGCCACCTGCTGTAGTCAGCCGGATGCAGAATGACCGGCATGCGCGTATGCACCTGAGACGCCAGTTCATTGGCTTCAGTGGTGACAATGGCGAATGACTGTAACCAATTGCCACTGGGTTCCCTCCAGGCATCCCAAAGGCCTGCGAACGCAAATGGCTCGCCATTCGTAAGTCGAAAGGCGAAGGGCTGTTTTGTTTTGGCGTCTAGCCGCTTCCACTCGTAAAAACCGTCGGCGGGCACAAGACAGCGCCTCTTCTTGAATGGAACCCTCCATGTGGGGCTCTTCTCGACAGATTCCGCACGCGCATTGATCGTGGAAATACCCTTTACATCCGATAGCTGCCTGGTGAAGTAGGGAACTAGACCCCAGCGCATGAGGACAAGCTCACGTTCCCCGGTCTCCTTGTCATTTCGTATGACGGGTTGAAATGTCGTCGGAGCGACGTTGTAGTCTGCCTCAGAGATGATGAGGCTGGAAGGCAGATCGCGAATGTTGAACGCGTCCCCTATGCGCTGTTTGTCACTATGCCGGTAGTATCGTCCACACATGTGCGTCCAGGCTAAATCATCCTCTTTAATCTACCCACGGCGAGGCGCGATTTCTAGAACGTCTGAACTGCAACCTTCACCGTTGAGCAGGATTCCTGCTTCGTGGCAGAACTTCGATAGCAGCGGTGCGATTCTCCTCGTGCACCCCGGCCATTAATTTTGTGCGGGTGGGACCGCCATTCTGTTGACTTATCGGACGATCGACGCAAGCGCCGGGGCTGGCAGCAGAAATTTCTACGGTCCCCATTCAAAAGGCCCACTGGGAGATCAGGCTGTCTTTTCCAGAGAGGCTATAGCGACGCTATGGCCGATGCTTTTCGCCTTTTTCTGGCGAGTTCGAGGAATGCTTGGAGGATGGGACTTTCGTGCTCCGGAGCCCAGGCAATCACCAGGTCGATGTAAGCGGTTCGATCGCCGAGCGGGATAAAGACCAATTCATCGCTGATCAGGACCTTGGATCCTTGCGGCAGGACTGCAACCCCCTCACCGGCTTCGACCAAGGCGATGACGCCTGAGCCGACCGTCGCGGTGGCGCCGATCCGAGGAGAAAAGCCCGCCTCTCCGCAGAGGGTAATCACCTTGTCGAATGCCGCGGGCGAGTACTTCCGCTCGTTCAGCACAAATCGTTCATCGGCAAGTTCGCGGATGAGAAGGGTCCGCTTCTTGGCGAGCGGATGGTTCTTCAGCAGCACCGCGTACATCGG
NZ_CP030840.1_gap121	4526274	4528012	1738	ATCATCGATGCTCGTAACGCAGGGAACCGCTATGACCTGGTCATCGCAGGCATGGTTATCATCGGTTTGATTGGGCTGCTCTTGGATTTGGGCATGCGCCAGATGGAGCGGGTCAAGTCGGTTCGCTGGAGTTATGCTGGGGAATGAATTTGCAGACTACAAACGAGACCAGTCGGCAGGGGATCAGCAAAACGCTTGAAGATCTTCGAGCTACCTCGAACGTCGAGGTGAATTTTTGAAGAGGATCAGAGTGGCCTTTTCAGGATGACATCGTCGGCAAAACCAGCGTTGTGGGAGCAGTTCTTCTGGCCGCTCGTCGCGGCCGGATTGCTTCTAGCAGTCTGGCAGTTCTCCGTTGTCTGGACGGGAACCAAAGTCTTCCCGTCGCCAGTCAGCGTCGAGAAAGGACTCATCGGTCTACTGCAGAAACATGTGCTCTGGTCAGACATTGGCGACTCGCTCCGGCGCGTCGCCCTAGGGTTTGGATTCGCTACGGTCGTGGGCGTGCCGGTGGGCTTAGCGCTCGGATGGTATCCGGCAATGAACCAGGTCGTGAACCCGGTCCTGCAGGTCCTGCGTCCAATTAGTCCAATTGCTTGGATTCCCATAGCCATCATCTTTTTCGGTGTCGGAGATAGAGCTGCAATATTTCTGATTTTTCTCGCAGCGTTCTTTCCGATCGTCGTCGCCTGTATCAGTGGCGTCTCCAGCGTCCCTGCGATCTTCCGACGCGCGGGACGCAATTTTGGGCTCTCTCCAGTGCATATCCTCTCCAAAGTGATCTTCCCGGCTGCGCTTCCGCAAATTCTCATCGGATTGCGGCTCGCGCTTGGCGTCTCCTGGCTGGTGGTCGTCGCAGCGGAGATGATCGCGGTCGATTCGGGCTTAGGATATCTGGTGATCGACTCGCGCAATTCCGGCAAACGGTATGATCTGGTCGTCGGGGCGATGCTCATCATCGGTCTCATTGGGCTGGCACTCGATACCGGCATTCGGCGGCTGGAGAAGATCCGATCGGTTCGATGGGGGTTCCGTCATGGGTCTTAGAGGCAAGATCGCCGTGATCGCGCTCGGATGGCTTGTCCTTATTTCAAGCCTGCATGCGTATCTAAACGTGAACTGGGCAGCCGTGCTCAACGACTATCGTCCTGCCAGCAAGCGAAAGATCACGGTCGCTTATCTGCCCGTGACCTGCCAGCTTACGTGTCCGGTGACCGACTACATCTCAAAATATTCGCTATCGGGAGAAGAGTTTCTGCCGCGTATGTTCCAGGGGTTTCCGGAGATCAAAGAAGCGTTGATCTCAAACCGGGTGCAGGCGGCCTTCATCGTCGCGCCTTTGGCTCTCGCGCTCAAGTCGCAGGGAGTTCCGATCAAAGTCGTCTATCTTGGGCATCGTTACGGATCGGCGGTCGTCGTCCGCAAGGACGGCCCCATCAAGACATTCGCCGACATGCGCGGTAAGACAATCGCCATTCCGAGCCGCTTCTCCGACGAACGGCTGCTCCTTTTTCGAGCGATGAAAGTGTGGGGAATAAAGCCAAGCGAAATCAAAATGGTCGAGATGGCGCCTCCCGATGTCTCCGGAGCACTCGCCGCTCATGCTATCGATGCCTTTGTCATGGGCGAACCATTTCCATCGCAAGCGGAGATGGCCGGCTTCGGCCGCGTGCTTTTCCAGGCTCGGGAATACTGGCCCGATTACATGTCGTGCATCCTGGTCGTGCGGCAGGACCTG
NZ_CP030840.1_gap122	4567254	4568735	1481	CAAGTGACCTTTTCTTGTACCTAAAGCTTGTTATCACGACGACAACCCGTTGCACGGACAATGGCTAATCTCCTTGCAAACACAAATCGTTACTATGCTCTTCAGAGCAGAAATGGAACTAAAACATGATCGCCGTAACAGGAGCAAACGGAAACCTAGGGAAGCTGGTTGTGAATGGCTTGTTGAAAACAATCCCAGCAAATCAGATCGTAGCCGCAGTCAGAGACCCAGAGAAGTCCGGCGATCTGCGCGACCTGGGCGTCGAGGTGCGGAAAGCGGATTATGATCATTCCGAAACGTTAGCTGAGGCTCTTAAAGGAGTTGAGAAGCTGTTACTCGTCTCTGCGGTAGTGCCGGGCGAACGCTTCAGACAGCACAAGGCCGTAATTGATGCTGCGAGACAAGCAGGTGTGAAGTTGGTTGCCTACACAAGCATGTTACGTGCTGATAACTCTACGATGCTTCTTGCCGCCGAGCATAAGCAAACTGAAGAGTACCTGAAAAAATCCGGAATCACGTTCGTACTGTTACGCAACGGCTGGTACTTGGAGAACCACACCGGAGCTCTTGGGCCGGCGCTTACCCATGGCTCGATCATGGGCTGTGCCGGTGAAGGCCGTTTTGCTTCTGCTTCGCGGGCAGATTACGCAGGTGCTGCGGTTACGGTTCTTACCCAGCCTGGTCATGAGAACAAGACCTATGAACTCGCGGGAGACCACTCCTTCTCCATGTACGAATTTGCAGAAGAGGTTTCCAAGCAGGCTGATCGGTCTGTGGCTTACAACAATGTGACGGCGGCCGAATACGAAGCAGCACTCCTAAGCTTTGGGTTGCCGCAGATGATCGTTGACGTCGTCATCGATGCCGATTCGAAATCTTCGAAAGGGGAGCTGGATAGTTCCTCTCGTGATTTGTCGAAGCTGATCGGTAGAGATACCACAACCTTCTCTCAGGCGATCAAGTTTGCGCTGCAGTCCCTCATCAATAAGGAGTAGTTCATGAAGCGTCTCATCATTAGCAGCATCATTGCTCTTACAGGTTTGCTTAGCACTGTAGGCTCGGCTCAAAGCCCTTCACCGAACAACGGCATCCAGAGTGCCAGTTCGAATGTCGCAGCGGACACCGTCGACGTCCAGCACGTCATCGACGCCTACCATGAAGCAGTCGTCGCTCATGACGGCACGAGACTTGCAACCCTGTTCCTGCCTCAGGGAGGCATGTGGCTCAATGTGCTTTCGGATCAAGCGTTCGCGCTTCAGAGGGCCAAGAACCCGGCCGCGCTGAAGGTGCGAGTCGGAAGCTATGCGGATTTTGCCAAGCAGGTGTCGACAGCCAAAGTGAGCTTCAATCCGACCCACACCCACCTGCAGCAGAACAGTGACGGTACGATTGCCTCGGTTTATTTCGACTTCGTGTTCCTCGCGGATGGGAAAGAAACAAATCGGGGAAGTGAAACATGGGTTCTGGTTAAAGGGAGTGAT
NZ_CP030840.1_gap123	4585865	4589550	3685	CACCACCGCTCGAACCACCCGGCGTGCGATCGAGGTTCCAGGGATTATTTGTCCTTCCCGTAAGCAGGTTATCCGTCTCTGTAAGGTAAGAAAACTCCGGAAGATTGGTCTTCGCCAGCAGGACTGCACCAGCTCCCTTAATGCGAGCTACGCTTACGGCATCCACGTCCGGAAGGCGGCCCTTAAAAATCGGTGAGCCACGCTGAGTCAGAACCCCGGCGGTATCGATTGAATCCTTTGCAGTGAACGGAACCCCGTGCAAAGGGCCCACTTCATCACCTCGCAGCACTGCGGCTTCCGCTGCCTTAGCTTCGGCGAGTGCGCCTGCCGCAAGCGTAACGACGGCGTTAAGTTTCGGGTTCACCGCCTCGATGCGATCGAGATGGGCCTGCACAACCTCCACGGGCGAAACCTCACGTGTGCGAATGAGTTCAGCCAATCTAGTGGCGTCGGAATATAGGAGTTCAGAGGTCATTTCTTCCTTTCTGTTTCCCCAGGGGAGCAGACAGTAGTAGCGAACTTCGTTATGGCAAGAGCCGCTGAACAACGGGAAGCCGTACCATAAGTAGCGACCCGGTTAGTTCCAGGGATCGCCGTTGCCGAACGACCAGTCTGCGCGTTCCACGAAGACCAAGTTGATCATGACGTCATCAGGGCGCACGGACAGCTTATTCTTGAGCTCGTCGACGATGAACCTGTAGAAGGCGAGCTTTGATTCCTTATCGTTGCCAACAGTGCTGGTGACTTGGATCAAGATAAAGTCGGGTGACCGCTTCATTCCAAGGAAGCTAGGGTCATAGATGAGATTCTCCGGTTCATGCTCGCCGACTACGACGAAGCGGTCTCCATCCGGAGCCTTCAAGACTCCGACGATACCCTGGTATACGACGTCGGCCAGAGTGGCACGGTACGCGGTGGGTTTCCCCTTAGCTAGATCAATACGTGCAAATGGCATGTAAGTCTCCTGTGGCGCAGAGTTGAGGTGAAAATATGACAAGATCTGAAAGGCAGAACCTTTCAACCTCATGCTGTCTAAACATACTGGGATACCTTCAGTGAGGGAATGCCGAAAGCTCTCAAAGATCTGCCTTTTCGGCACGCGGTCAACTTCCGCTTCTTGAACGCAGATCCTAAGGCTTGTAATCCAAGGTCCCATCTTCCCCAGTGATCAAACGCATTGGTTGAGTGACTTTTCAGAACACGCGCTAAATGGATGGCCGTTGCGATCATCGTTCTGATATTGCTAGGTGTGGCTGCGAGCGGTCGCAGGCAGTTTCGGAGGCTTGGTACAGGAGGCGAACATAAAGAACGCTACCTAACCTCATTGACTCTGGCACCGAATTGGTTCCGGGGCCGTTTAGTCTTTCGATGAGCCGTTGATTGAGAGGGAGTGTCTGACTGTTCTGGGACGAGCAATGAGTTTGCCTGTGCCATCGACCAATAGGGCGACAGAGCCGCCCAAGGCAGTGTTGAACAGGCGGATGTGAGCTGCATCGGTTTGGGAGAAGCCACCAAAACGGAAGAGACAGACGATGTAGATGGTGACACAGAGCGAGAAGGCTGCGTAGTTGACAGCTTGCAGAGAAATGAGGACCACGCAAAGACTATGACTAGCAGAAGGTCGACCGGTATGGTGAGTGGAACGTACAGTGCGATTACAATACCGATCCCCGCGCCGAGGAGGGTTCCGATAAAGCGGGCTATAACGCCGGCTGAGCGTGTTGGACCATTGCGGCTTGAGAACGAGGAGCCCCGTCTTAGGCGACCAGTAGCCGTTACGGACGTGAAAGTGACGACAGATGACGGTGGAGAGAACGAGCGTCATAATGAGGCGCAAGGCGTAGGACGTTGCCTCGTGCGAGGAGTGAAGCTTCTGGCGGAAGCGGGCTAAGAGTTGAGGTATACGGCTGCGCAAACATGTGTCGCTGGGTCAGGGTCCGCGCGATCGCCGCGCAGGATCCTACACTTTCTGAGGCCCTGCATCCTGCACTTCCTTACATCGGCGCGGAGGTAGGCTGCGGGTCCAAATTCGCGCCGGTGGGTAAAGTGAAGGGCAGTGAAGACGAGCATCTAGAGAATTCCACCGACCAGCACCATGGAGGTGCGGCCGACGGCGTAATGGAGGCCGTCAGGAAAGAAGCTCGCGACGATGACGAAGACAGCGCATTGCTGGCCGATCCAACCTGCGGGCGGGCTGACATCGAAGAGCAGGGCATAGTTGATGGCGGCAAAGACGAGAAGGAGGACAACGAGACCAGTCGATTCTGCGCCGATACTGCCGGCCAACGTAGCCAAGGCGATGCCGAAGGTGAGCGTACCCATGCTGAGGAGAGTCGAAGCAAGGGTTCGTGTAAGATGGCGAAGCCGACGGTGAAGGCGGCGCCTGCGGCGATGGCTCCTGCACCGGGGATGACCTGAGCGCTGACCGATGATTGAGCACAATCGCTACGGCAATCGTTGCGCGTACCCCGTCTATGGGCGTGCGCTTCACCCAGGGGAAGACGGTGGTGTCGGTGGAGATTGAGAGGACACGAGTTAGCTTCACGGTTACAGGTCCGGTCACGACCGCGGAATAGTGTGGCGCAAATTCACCATTCTCACCATGTTCTTACTGTGGAGCATTGCCTCGTCCAGGCACATGGTAGACAAGTTCATTCCTTCAGCTTGAGCCAGTCAGATGCCTCCTCCGAGTCACACGGTCAGTCGCAAGGCATCCTCGATCATTTGCGCCACTTTGCCGGGCGCCTCCTGCGGCGCACAGTGCCCAACCCCTGAGAGTAGCCGTCGCTCATAGTAGGCCGTGAACATGCCTTCTTTGCCCTCCGACCCCGCCGGCGGACTTACGCGATCGTCCTCGCCTTGGAACCCGATCGTTGGCACTGTAATCTTTGGCTGCTCCGCGAGTCTTGCTTCAAGTGGCTCTAGCGCAGGATCTCCCGCGGCGTTCCCATATCGATGGCGATAGGAATGGATAGCCGTGGCTACAAAGTCCGGGTTTTCGAAGGACAAGGCCTCCCGCTCAAAGAGCCCCGCGTCGAACCAGTTTGGCGACCACAGCCGCCACAGCTTCTCGCTGAGCGCCTTACGGTTCATCTCCAGTCCCACGCGCCCACGGTCCATATTGAAGTACCACTGGTACCACTGCTGATACTCCAACTCCACGTCGCCAGGCGTCTTCGACGACTTCTTGATGTCTTGAATAGCATAGCCACCGGCGCAGACCAGCCCTCGCACCCGTTCCGGCCAGAGCGCCGCTACGACAGTCGCCGCCCTGCCGCCCCAATCGTAGCCCATCAGCGTGGCGCGCACGATCCCCGCCTCGTTGAGGAGTTCGAGGACGTCGTTTCCCAGGGCCGCTTGCTGACCTGATCGAAAACTATGCTCTGAGCGATACCGCGTCGGTCCAAATCCGCGCAGATACGGTACAAGGATTCGGCGGGTTCCGTCGCGGATTTTGTCGATTACTCCATCGAAGCAACGCGGGTCATACGGAAAACCGTGAAGCAGAAGAATCGGCTCACCATCCTCTGGCCCGGTTTCTTCAACAGCCATTTCCAGCGAGTTCGTCTTCATCGTCAACATCTTCATAAGCCGTTCCTCCTCGGGGTGCCAGGCCTGAACTCGTTGACACCGCGTCTCACACCGCACCTGATGCTGCCCGTATTGCAAAGTCTGTCGATCTGGT
NZ_CP030840.1_gap124	4692309	4696939	4630	AGTAAGCCAGCACCGGATCGATCACCAACTCGCGGCTGTGATCGTAGCTGCCGAGTTCAAAGCCTACAGTGTTGCCGGCCAACAGGGCGAACTTGCCCTCGACCGGCTGGCGCTGGCCGTCTTTCTTCTGATAAACGACGGGCTGGTGGAACGCGATCTCGCCGTCTCCGGCGCTCACCTTCAAGTCGCCGTTGCTGGCCAGCTTGAGCGATTCCGCACCGTCGAAGTGCAGCTTGACGGGCTTGGCGCTGGCATTCGGCGCGACCACGAAATCGAATTCAAGCTGCTGCTGGTTGCCGTAGTAGAGCAGGTCGACGCCGGGATAAACGCCGGTGTACCGCACTTTGCTGAAGGTCGGCACATTGGTGTGCCACTTGGCCGGATCGCTGCCGATGAAGTAATTCTTCTTGCCTGGCAGCGGCACGGCGCCGTCGACGCGAAGGCCGTTTGCGGCTCCGGCAAGCTCCATGCGAACGACCGCGCTCTCGGCAGATCTGGTCTCAGGGGATTTGCCCGACGGCTTCGCCAGCGACAACACCGCCGCCTTGTCGGTCAAGAAGAGGGAATAGCCCTGTCCGCGGGAGAGGAAGCGGACCTGCGCGTCGGTCTGCCCCTGGTTGGCTTCAAAGCTCAGCGGGAGCTTGCCATAGTTGGCCGCGACCGCCGCAGTGGCAAGGTGGTTTGTCGAGAGGGATGATTCCTGCGAGAATCCATAAGCCTGGCTGAGAGTGGCCAGAGCAATACCGAGGCAGAATTTAATTTTCATGGAAGTCTCCTGGCTAGGGAGCAGTGCAGAATCGTAGTCCGAAGCTGCCAGCTCATCGTGTATGTGGCTTGCGGAACTTTGAGCCTAAGTCCGAAGACGACCCTCGCCCGACTGAGGCCGATGATCGTTTCGAACGTCAACATCCTACCACGCTGATGGCGAGTTTTGGTTGAGACCCCAATCCTGTGATTGGTTGGGACGTGGGACGGAGGCGACCGCAAAAAGCGTTGCCCGTCCCGCCTGACCGAAGACTATACTCGCAGGCTGAAACGCGGGAACGAACTTCCGGGCTCCCAATATCCCGCAGACCGTCGGCTCCGCCGAGGAAGACATCCGCTCCCATGCCGAACGGCTGCAATTTGAGACCGTCGCCGACTCCGCCAACGCTCCGCTCTTTCCGCTCGCCAAGCCTTTGCCACTCGGCACCAGCGAGGATGCGTGGCCATTGCTCAAAGAGGCGGCGAAGGCCACCGGCGCCTTTCCGCTCTTCCTCGCGCTCAGTCGGCTTTACCGCGTCGCTGGAGACTTCCTCAAGTCACTGTGGGAGCCGGACCTCTACGTCGAACCCTACGACTTCGCCGACAACAGCAGCATTTCCCCCGTACTTACTACATTGGAAGAACGGTTCTTCCTACAATTAGTTTGCTTGAGCGGCTTCATACACCTTCAGTTGCACATAGGCCGCCGCGACGAGCGGCGCGGATACGCCTTTGGCTCGGTCGACCAGATCCCCAAGGATGTGGTCGGCCTCAACGGGGGCTCCCTTTATCAAATCTCGGTACATTGAAGAGGAAAGCGTAGACCCAGGTTGGGTCATGGTGTCGATGTGGTGGAGGAGGGCAGACTCCGCGATCGGATAGCCATTGGCTTGGGTGATCGCTGCGCATTCCTCGATCACGGCACGAGCCAGTGACGGGCCATAAGGCACAACGGCGGCAATGTCGCCCACGACTCCGCGCCCCAACACGCAGGTAGCGCTGAGGCTTGCCAGGAACCACCACTTCTGCCACAGCGTGGCAAGAATGTCGGGTTCCAGAACAGTTTGGAAGCCCGCGTCCCTGAGCGCTCGATCAACGGACAGAATCCGTTCGGAGCGCTCTCCAGAGTGCTCGCCATAGTTGATCTGGCTAGGTCCTGCGGATTGATGAATTCGACCTAGTTCGTCCATCTCCGCGTAGATTCGTGCGCACCCACCCAATACGTGCTCTGCACCGAACCTTTCATCAAGCATAGAGAACTGCCGCATTCCGTTCAGGATTGGCAGAAGCATTGTCGCCTGCCCAACTGCCGGGGCCAAGTCTTCCATTGCGGCTTGAAGTTGATAGGCCTTGGTGGTGAGCACGATCAAGTCGAAGCGTTCTCTGCTTTCACGAAGTTGTTCCGCGGTAGCGACCTTAGGCTGTATTGTCAGATCGCCGTTTGGCGTAGTGATCTCGAGTCCGCGCTCGCGAATTTGCTCCGCTCGCCGCTCGCGGAGCAGAAATGTTACATCGCGTCCAGCCTCGGCAAGTTTGCCGCCAAAAAATCCACCCGTCGCACCGGCGCCGACCATAAGGATACGCATTTCAAATACCTTCCTCAGAAATTGACACCGAGTTTCTGCAAGCCGGAGGCTCACCCTAATGATCGCTGTCGTGGAGATAGCGTTCAGGGATGGGGAGGTCGGGCCGCTCCCAATTCCAATAGACTCCGACGATGTACCAGCGGTTTGCACTTTTCAGCAATTCGAACGACTTGATGCCGCGACGTATAGGCTTCGGGTCTTCTAAGTTTGTGCGGGATTCAAACGTGGAGTAAACGTGAGCCATCTCACCGAACCTCTCGATCTGGTTGGCTGGATTGCTATCAAAGAAGCCCGACGTAACCGTCTGGGAGTCGGATATAGCGGCATACTCTTCTGGCGAAAGAAAGCGAACATCCGCTGTACGCGAAGAATTTGGTGGCACACTAGCCGCGATCCGTCCACCTGGGACAAACAAGGACCGTAGACGAGTTTGATCCAACTTCCCGCCAGCCGGAGTTGAAATGGTGGCGTAGAACGCTCGGATAATGTCTTCGACGGTGTCAACATCGGCTGGGTTCGCCTTTGGCCATTCCGGGTGCGAGGCGAGGGCGGACTGCGTATGCTGCTGTGGCGTGGCTGGCGGGTTCTGAGCAGACATAAGAGTTGCGGAACACAAAATGAAAGAGAGAGCAAAGTGGCGAATAACGGCCTCCAAGGAGAGAGACAGGTCTGGTCATCATGACCGCGTACTACAGTTCCAGCTTACATACCCGTTTTGAGAAACAACAGTTCGTAATTCTGACATTATTGTTGATTATTATTAAAGTATGAATCTTACGAACGTAGATCTCGACAGTCTTCGAGCGCTTGTGATCGCGCAAGATCTTGGCGGATACGGACGCGCAGCGGAGCAGTTGGGAAGAACTCCCTCAGCGATCAGTCTCCAGATGAAGCGCTTGCAGGCAGAAGTGGGCGTGTCGTTGTTTCGCCGCCAGGGGAAACGGACCCTCCTGACGGAGCAGGGCGAGATTGCAGTTCGCTACGCTCGTCGAGTATTGGAACTGAACGACGAGATGCTCGACACGTTGCGCGGCGCTTCTCTATCAGGCGTCGTGCGAGTTGGCTTCGGGCACGATTTCGTTGATACACTGCTTCCCTTGGCATTGGCCCGCTTCAATGCTCTTTATCCACTCGTCAAGCTGGAAGTGACGATCGACCGAAACTCGTTACTGGAAGGCGAAATCGGCGCGGGAAGACTTGATGTAGCGCTTACCCTCGGCAATCATCGTGAGGGATCAGGCACGAAGATCGGGAAGTTGCCGCTTTGTTGGATCATCAATTCTAAGTTCCCCCTCAAACCCAAAGACCCTCTACCTTTGGTTCTCTTTGAGCACCCCTGCATCTTCCGAACTTACGCACTCGATGCGTTAGACCGTGCAGGATTATCCTGGCGCATAGCGATGACAAGCCCGAGCGTCGCAGGACTCTGGGCCGCCGTCAAGGGCGGGCTAGGAATGACCGTCCGTGCCAAGATCGGTGCTCCGGAAGAATTCGATTTCGCTCCTCCGGCGATGCCATCGCTGGGAATGACTGATGTCATCCTTCATCGCCGGAAATCCGCAAGAGCGGCTTATGTCCGTCGTTTTGCTGAAATCGTTGGTGAATTGGCAGTTTCGCATTACAAATTGAACGGTACGACGGGCAATCTCTGATCCGCGGCGAGGAACAAGTGGGTCCTGATCCTGCCTCCTTCGGCGGCCATATCGGAAGGAAGCCAACTACGGCCGCTGCGCCACCGTAAGATCGTGGCGACAACAGCGATGCCAGCGCCCACCGGGCAGATAACGTTGCAGACCCAGTTGGCGGCATTCAGGAATGCCCCCTCTGGCTGCGACGCGGTCTGACCCTGGACTGCGTGGCCTGTGGCTGCTGCCGTTCCTAGGTTTTGGGCCACGCTGACGACGGGAGCTACCAGCGCGGCTCCGATGAAGGATACGACCATGATCGCCCGCAGCTGCTTCTGCGTGGCGCGCAAAACTCGCATGAAATGACTTGATCATGGACTTGCCTCCTTGACGGGGTTCCATCAAGGTGGAAGTCGCATCGTTCTGGATTTCGATCAATTGCAGAAAGGCACTGATTGATTACGGGCGGCGCACGTAGCAGTCAGTACTGACTGTTGAATTGCCCCGGTAGCGTATGCTGGATCGCTACTCAGCGTTCATTGAACCTACCTGAACCGTGCCTCTTGTCTTCTCGTGCCGAATACAAGTGCGGCTTATGTGGCGACGTGGATGCGGCATTACATAAGTGGCGCACACGCATTTTCTCTCTTCATCGATCGCGGGACGTCGCGATGC
NZ_CP030840.1_gap125	4701516	4703208	1692	AGGCGCTCTTAACCAACAACCGTCTCATTGATAGCTCCTGACTGCATTGTAACGGGAAGGGAAGCGAGGGAGGGCCCGGCGTCTTTTTACCTTCAAACAAAAAAAGGCGGCACGATCGGTCTTTTGAATCGTGCCGGGAGGCCAGTGACGCAACTTATAAACTTTTCAAGATAAGGAGAGCGCCGCTCCATCACTCATCTGAAGTCATCTTACATACACATAGATGTAGAAATCCATGAAAAAGTTTCTATATTCAGAATATTTTCTTTCGAAGAATTCGAAAGCACCTATTTGTCTACCGATCTCCCAAGATTCCCTGTTTAAAATCAAACGTTTAGACGGGTACTCTATAAATCAAGGCAGGGAATCGTAGAAAAAGGCAATCCAGCTTCCAAGATAAATCTTCCTGGATCTACATTTCCGCATAGAATTCGGGCGGCCCGATCTTGATTGGGGCCACTTCCTCCCGATGTTGTAGCGCTCAATCTGCATCTGTTACAAGAAAGGAGTGGCGATCCATGGAACAAGACTCTGAGAGTTCGAGGAAGAGCGCTCCCCACGGGATAGGGCAGACGGCTTTATGGGTGGCGGCGAGCGTCGTGTTTGGCTCGCTGGCGCTGGTTTTGTGGAACCGGAGCGCCCTGAAGTCGCTGCTTGATGCCGCTCAGAATGCCACAGAACCACTGGGCAGCCGGGACGATGAGGGAATCTACTGATCTTGAGCATTTGCCCAAGCGCAGCGGAAGCGGAAGCTAGGCTAGCGAGTCGATATCCAGGGCGAGTTCAAAGTCACGGTCTGTGAGGCCCCCCGCATCGTGGGAAACCAGAGCCAGCTTGACCCTGTTCCAACGAATATCGATGTCGGGATGGTGGCCGGCGCTCTCCGCCTTTTCAGCGACTCGATTGACAAAAGCCATGGCCGCGTTAAAGTCGGCGAAGGTCAAGTCGCGCACGATTTCGGCCCCCACCAGGCGCCACTCCGGCAACCTAGTGAGTTCTTCAGCCACTTCAGCATCAGTCAACTGAGTCATAGGCTCTCTATCGATTGCGAAGTGTCTCCGGCACGTCGACAGCAATCGACATTTTAGGATGATTGACCTCGGTGCGCAAATCTTCCCAGAGCTGGTCCGGCAGGGACTGGAAGACCCTGACAATCGCTGGATCGAACTGTGTTCCACTGCAGCGTTCGATCTCCCGCCGGGCGTTCGCGAATGGCTGCGCTTTGCGGTAAGGCCGATCGGAGGTGATGGCGTCCAGCGCATCGGCTACGGCAAAGATCCTCGCGCCCAGTGGAATTTCTTCGCCTTTCAGTCCCCGCGAGTAACCACTACCGTCGAAGTGTTCTTGATGGCTAAAAACAATTTCCGATGCCTTTTCGAGGAAAGGTATCTTTTTCAGAATCGTGTATCCCCGCAAACAATGCTCACGCATGATCGCTTGTTCTGCGGGATCCAGTTTTCCCGGCTTCGACAGGATCGCGTCCGGAATGGCCATTTTGCCGATGTCGTGCAGGTAAGCGCCACGCGCTATGATCTTGACCTCGGCGGGATCGATGCGCATCGCCCGGGCCAGCACGATCGCGTAAGCGGTGACTCGCTTTGAGTGCCCCTCGGTCTCGGCATCCTTAAGATCAAGTGCATTGCCCAGGGCTTCCAGTGTGATGTCATAGGAACGCTCAAGGTCGGTTATGGC
NZ_CP030840.1_gap126	4890536	4891991	1455	CATTCGTTGCCAAGCCGGTCGTTCCTAGAGGGTCAAGGCCGATGTACTTGTCGAAGTCGAGAGAGAAACCATCCGGGCACACTGCACGGTGGAAGGTGACGAACATCTTCCTCTGTTGGGCATTGCCCACGCTCTGTACGTTCCCAATCAGCCGCGTTCCTTGCGGCATAAGAAGTTGCTGGTGGTCGTGGGAGTAGTAGTCCGTGGTGAGCATGATGAGGATGGGACCAGTCAAGCCGCCGTCGATGTGATTGGTCACGACGCCTTCAAGGACTGTTCCCTCAAACACGCGATAGAGCCTTCCTTGGTAGCTGTCGAAGTCGTAACCAGCCATCGGGTCGCTCTTGCCGTTGGTCTTCGGCTGTGGCTCTGCGGCGGCTTGGACGCTCGGCTGCTTTCTACCATCCCCTCCATTGGAGGGGATGGCCGCAAGGGTCTCCGTGGAGGCATTTGGTGTCATCTCCTCGCGTTCGCCCAAAACAGCGGTAGGCTGTACTGGGATTCCGGTCGGTGCCGCAGCGTGGGCGAAGTCGATTGCCACGGTATCGCTGCTGAGAGCGTCTTGATGCAACTTCTCTCGCACCAAAGCCTTCTGCTTGGCCTCAGCCTGTGCCTGAGAGACATTGGACGTCTGCTTAGGCGCGTTAGGACTATCGCCATAGATGGCGTTGCGCTGCGCGGCAGTCATGGGAGCGGTCCCGGCGGATTCAGGGCCGGGTACGGCCTGTTCAGCCTGGAGCTGCTGCTGTAAGGCAGCAAGCTCCTGTTGGTGCTGACGGTCATCGGCATCTCGCTGCGCCTGCATGTGCTGCTGCGTCTCGAAGCTGCTAACCTGCTGCGGGTTGGCTGACGCAGGGCGCATGGGCATCGCACTGACTGGCGCGGACTTCTTGTTGCCACTTACGAGGCTGGAAAGGTTTGCAATGCCGATCAGGGCTACGATGGCGATGAGGCCGACGATAACCGGAGTGCTCTTCTTCAATGGAGAAGGGGCCTCTGGCTGCTGCGGCACGGTGGCTGGCTGGTTCTGATTTGTCTCGGGCATGATTACTCCTTCCCGTCGATGCGGTGGAAGTCCACCCTTTGCTTGCCGATGGTGAGATACCCGTTATCAAGTTGCTTGGGAACGGTATAGAGGCCGGCGTTGTAATCAAAGTTGATGAGCGAGCCCTTCTTGTCCTTCAACTCATACAGCGCCGGAGTCTCCTGGAAATGACCGCGCAGGTAAGTGAACTTGTCGTCATGCCAAATCTGCTGAAGTCCAAGCTCCTTGCCCTTCTTGTCGTCCCAGGTAAAGTCAAAGTGCAGGCTGCCTGGATACTGGCTCCGGTACGTCTCGGCCTTGGCCTCTTCCGCCTTCAGCTCTGCTGTTTGCGCAGCTTTTGCGGAGACGGCTTCCTGCTTGGCCTTCTCCAACTCGGCCGCGGGAACGAAGACTGGCAGGTCCGTGAGCCT
NZ_CP030840.1_gap127	4978871	4982448	3577	AGCTTTTTCACCGGTTGACACTTGAGGAATCGGAGCGCTATCTCGAAGACCGCCGAAGCAAAGATTTCAATGTGATTCAAGCGGTCGTGCTCGCGGAACCGGACGGTCTGAACGTGCCGAATGCAGACGGCGAGCGGCCCCTGATTGACAACGATCCGACAAAACCCAACGAAGCGTACTTCAACCACGTGGATGCCGTTGTGGATATGGCCGCAAAAAAGGGCCTCTATATCGGGATGCTTCCGACGTGGGGAGACAAGGTTGTCAAAGCATGGGGCACCGGGCCGGTCATCTTCAATGCGGACAATGCGCGCGCCTATGGGCGTTATCTCGGAAGCCGTTATCAGGATCGCTGGAACATCATTTGGACACTGGGTGGCGACCGAGATCCCGCAGGGCATGAACAGGTCTTTCGCGCAATGGCGGAAGGGCTCAGGGAAGGCGATGGGGGTCGGCATCTCATGACCTATCACCCGCCCGGGGAGCGCAGCTCTTCCGAATGGTTTGACCGCGACGATTGGCTTGACTTTAATATGGAACAGAGCGGCCACGGCCACAAGGACGGGGCCAATTACAAGATGATTGAAGCAGATTATGCGCTCACGCCTCTGAAGCCAGTGATCGACGGCGAGCCTCGTTATGAAGACCATCCCGTCGCGTGGAAGCCGGAACAATTCGGATGGTTTGATGACTACGATGTTCGCCAAGCAGCGTATTGGGCGGTCTTCGCAGGGGCGGCGGGCCACACCTACGGTTGCAACGACATCTGGCAGTTCAAGACGCCGACGCGGGAGCCGATCAGCCTCGCTCGAGGCGAATGGACCTCAAGCCTCAACCTTCGGGGGGCAGGCCAAATGAGATATTTGCGCGGGCTCTTGGAATCGAGGCCATATTTATCTAGAGTGCCTGATCAGTCGCTGTTGTCTGCTCCGCAGAGCGATGGTGCCGATCATATGCAGGCCACGCGCGGAGATGGATACGCCCTAGTCTATTTCCCCAGCGGAAAACCGGCCAGCATCGCCCTCGACGGCATCGCAAAGGGCCCGGTGCGGGCAGCCTGGTACGATCCTCGCACCGGCGCCGCTCATGAGATAGCTGTGATGGACGGCATAGGACATCGGACTTTCACTCCGCCGGGTTTGCCCGGACGCGGAAATGACTGGGTGCTCGTTCTCGATGCTGTGGCCAAGCACTTCGGGGCTCTCGGAGAGTCCACCGCTCAGAAGTAGGCGGGGGAATTCGTAATCCTCTGAGCTGGCGCATATGATGACGTTTAACCGTTTGATAATCAATAAAGCGGGCAATGATCGTGAGTCGCTACTTGACAGCCTTGGCCGCTCTTCCGTTGTTTACATACTGTACTCTGCTCCATTCTCAATCGAATTTAGGGAAGACCCGCGATGCGGTCTACGCGAACCCTCCAATGGGTTGGTCATCCTGGAACAGTTTTTCCAACCTCATAAATTCAGATATCGTGCGGGCTTAGACGCGAGCCGTGGTCGATTCGGGTCTGGCGCATGCCGGCTACTCCTACGTCAACATCGACGAAGGCTGGTGGCTGGGGACACCCGATACGGATGGCAACATCGTCGTAGAGGCAGAGACATGGCCGGCAATCGCTCCTGGCGAAGAGGCGGGAGATATGAGCAATATCGTGCGTTATATTCATGGCCTTGGTCTAAAGGCCGGAATATACACGGACGCTGGTGAGGCGGGCTGCAGCTTCTATGGACCTGATCTTGGGCCGCCGATACCGCATACCGGGAGTGAGGTTCACTACGCGAAGGATTTTCTCCAATTCGCGCGCTGGGGATTCGACTTTGTCAAGGTGGATTGGTGCGGTGGAGCGAAGGAGAACCTCGATCCCGCGGCGCAATACGCTGAGATCGCACATGCGATCCAAGAAGCCGAAGCTGCCACCGGTCGCACGCTATACTTCTCCATTTGCAACTGGGGAGAGCGCAGTCCCTGGACCTGGGCACCCGGTGTGGGTGGTTTACCTGCGGACATCTGGCGGACGGGCGGAGATATTGTTGCGCCCGTTGTCGCCGGTACCGCAAACGGTAGCCGCAAGGCTACTTTTGCCGAGATGCTGCGCAACTTTGACAATAATCTTCATCCCGAAGCGCAACACACCGGTTTCTACAACGACGCGGACATGATGGTCATTGGCATGCCCGGGCTGAGCGAAGCGCAGAATCGTCTCCACGTCGCGCTCTTTGGGCGATTTCAAGTTCACCAATGATCTTGGGCGCCGACCTCATGACGCTTACTCCGTCCACTGTTTCCATGCTCACAAACCCTGATGTGATTGCTCTCGATCAGGACCGTCTTGGTCTGCAACCTGTTCGCGTTACAGCTGAGGGAGCGACGGTGGAAATCTGGACAAAGATCCTTTCCGACTCTGAGGACGGACACGCACGGCGCGCAATCCTGCTGCTGAATCGCAATTGCTCCGATGCACAGTCGACACTTCCCTTTGAGCGCATGGGGCTGGTGTCTGAGAGTGTATCGGTGCGAGAAATAGGGCACCCAGGAAGTTTATCGGAAACGGGCAAGTCCGGCGTCTTCAGTGTGGCCGCAAGCGAAGGCCGCCTTTTGCTGGCCGAAGGAGATAGATCTTTAACTGGATACTTCGTTCCAGCCGTCAAAGCCGATCCTGCCGGCAAGGGAGCACAGTCGCGTGTCTGGTTATTCCCGAAAAGCGGGGGAATTCGCAATTCGCGTGGGCTAGGATCGCTTACGCGAATATGGGATGCGAACTCGCGCAAGTGACCCTGCGCGTGGATGGCGACCGGCAAAGCGCAGTGGCGTTGCCGCCTACTGGAGGGTTTCTTCCCCGCGCTGTGACAATCATCGTCAAGTTCCCTCAGGGGCGTAGGACCACGAGATCAGCTTGAGCAGCGCCGACGGTCGTCTTTTGTCGATTGAATCTCTTGAGTTGCTGGCCCCTGCGCGGTGATCTCGTCCTTCCTCAGGGCCGAAGTTCGAACGCTCGAAATTCCCATGGATCCAGACTCAACTCCGCTTTTCCGAACCGAACCGATATTGTCCTCTGATCACATCGGTCGAATAAGATGCCGGTCTGGACCGTTTGGGGGAAAGTCATTCGTGCGGTGATCGGTTTTTCCGTGGCATTAGCGACCGTCAGTACTCGCGGCAGTGACTCGAAGATCTGCGTCCACACCTCAACGCAAGCTGTATCGAAGGCCGAAACCTGAGCGTCGCAAATCTCTGGATACATATCGAAGTACTTTCGCACCATACGCCCAAGCGGAGCGAGTTGCTCTTGGCTTTCCAGTTCGGCGAAGACACGATACCCATTCACGGCATTCCAGAGCAAGGGCTTGGCCACTGGCCATAGGGGGGCGTTCCGGCCGTGCGGCTGCATGCCCCATGCCTCAAAGGTGCGCATCTGCGGATGAAGGAACCGCAGCAGTGGAACGGTAAAGTTCATGCGAGTCCAGGCATGGCCGTGCGAGAGGGTACCATCAATGAACTCACGGGCCATATCTCCGACGCCTTCGCAAAGCAGTATGGTGTTTGGATTGGCCTTGTCCACCTCTTCGCGCACGCG
NZ_CP030840.1_gap128	5083943	5087100	3157	TCTGCCGAGGGAACGAAGCGCGATCCTGGAAGGCTCCCTTATCCGGACATTGAATTTCGGATGGGTTATGGGACGCTTTTGGGCCAAAAATTGTCATCCTAAGGGTATTTGAGGTTCGTCCTGAAAACTCTCGTTTTGGCTACAACAGCAGGAAGATGAACACTGTAAGCTGTTTAGGTTCAGCGCGGGCAAATCCTTAGAGTACGTAAATTTCCCTTTCTTGAAGTGTCCCCAAAGGGGAGTACATGCGTCCATCAAAGAAGACCTCAAGTGGCCCGTCGAGGATGCATTTAAGAAGCCGATCGAGGATCTACGTTACGCGACCATTCAGGCTCAGAGTGTCATGAGGGAGGTACGCAGCACGGCAAAGCTTCAAGGCTGGACCACGGTCGCAGTCGTGCTCGTCATGGGGATTGCCCTCGGCGTGACCGGCAGCTACTTCTTGTTTATTCGGGATCTCGGCAACATCGATGATCGACTGGAAACTATTCAGCAGCAGATCGCCACACCCGCTCCGGCTCCCGAGACCAAACCGGCCGGCAAGCCGGGCAAGGCTCATCCTAGCCATTAGAGCGTAGCTTGGTACAACCATGACCAACGATTTTAAGACGCTCGAACCGGTACTAGGCTTAGCCTGCGGCAACACTGTAGGGATGAACCAATGTTTCTGTTCCCGGAGGTTTTGGATGCTCTCGTTTTGTGTACTCAGCACGAGATTTCAGTTCTGGGGGTCGAGTTGATGAATGTTTCTCCTCAGGGCTACCTCACCGAAGGAATATCCATCTACGACGTGCTATTGGAAGGACAGTCTTGGCACGAGTTCGTGTTGTTGAATAATAGTTTTGGCGACTGAGTTCATAAAGCAAAATCGTGGAGGTAACGACCACTTTTATCTGCTTACCGCGCTGGTCGCCGGGGCCGGGATCGTCCTTACGATAGTACCGCCCTTTATAAAAAGGTATGAAGGGCTGCGCATATTGGAGCGGGTAGCGGATGATGAACAATTTACGCAGCCTGAATACACGCCGGCGACACCTGAGTGTCCGCAGCCGGAGTTGTGGAAGATGCTGGACTCGCAAACGACGGAAGTCGAGGTGCTGGAACTTCTAAAGACACTGGTCACGACGCTGAAGCCGAAGCTGGTAGTTGAAACCGGTACCTTCCTGGGGCATGGGACGGTCAAACTTGCTGAGGGCGTGAAGGAAAATGGCTTTGGAAAAGTGATTACAGTCGAGTTTGACGCGTCAATTCATGCGCGGGCCGTGAAGCGGTTTGAGGATTCCGGTTTGGCGCCTTGGATTGAATCGCGGCTGGAATCGAGCTTGGAAACCGTCATCGACGGGAGCATCGATCTGCTCTACAGCGACAGCCATCTGGCGAATCGCGAGGCGGAGATACAACGACTGTTGCCGCAACTCGATCCACGCGGGGTGTTGGTGATCCATGACGCAAGTTCGCATTTCAAGCTGGTGCCCGAAGCAGCACTGCGGATGGAAGCGGAAGGGCTGATTTCGGCGGTACTTCTCTCAACGCCCCGTGGAGTGGTGATAGCGCAGCGTCGAGATGGACGGCAGTAATTTTGTTGAGGGCCTGACAGCAGTGCAACTCATTTCGGGAAACTGCGCCACCACGCTCGCAAATGATGCGCAGCATTGAAAACAGGGCAGGATGCGATGGGTCAAAACTTACCCTTTGTGGGACACCAATTTCGAGAGCAGGGATGCGGCGGATTAGAGCCTTTCTAAAGTTGGCGATAGAAACCAAGCTACGCATCGGGCAAGACAGAAAATGAGTGATCCCGCGAGGAGCGCACAGCTCCAACAGCAGCGGCGTCATCCCGCTGAGTACGATCTGTGTGCGCTCCACTTTCGCATGACAGCTCGGACAAAGAGAAATCATCAGGTCCAGCTCTGAGATCCCCGGTTTACGATGGTGCACAACAATAGAGCGCTTCCGCCTTCCCGACGCCCCGCAGCCCGGCACCGGTAGTCGTCCCGCTGCAGTACCTGTTCACGGAGACCGCCGAAGTATTCGGCATCTTGCCGCTTCAGCGTGTAGCACGTAGAACAGAGGCCCCGAGCGAGAATCTTTGGATTCCCACAGCGGCAGTGCATCGCAACTTGTTTCGGCTTTTTCATCGCTGTGCTCTCTTGAGATACCGGTAGACGGTCGCTCGATCCACGCCGAACTCGCGGGCCAGGGCGGCCTTTTGTTCGCCTGCCGCCGCACGTTGTCTCAACTCGGCCGCCTTGTCGACCGGCAGGCTTCGTTTCCGGCCTTTGTAGACGCCCGCGCGCTTCGCCAGCGCAATTCCCTCTCGCTGGCGCTCACGTATCAGCTCACGCTCGAACTCCGCGAATGCTCCCATGACACTCAAAAGTAGTTTGGACATTGCGGAGTCCTGCCCTGTGAAGGTCAGGCTCTCTTTCACGAACTCCACTCGTACACCGCGTTCCGTCAAGCCCAACAGGATCTTGCGAAGATCATCGAGGTTGCGGCCCATCCGATCCATCGTATCCTTGATAAGGAACTTATTGGCATTGCCAGGTGCAGTCCTATTCCCGACGCTGGAGGGAGGTTCCACCCGTCGCTCGACCGAAGAACCACTGACGACAACATTTCCGTCCGACACATGCTGGATAAACCGATATGCCGCTGCCGCTGCAACGCTGCACTTGCCACGTAATGCTCGTCGTTGCTCATCGCTAGTTAATAAGTACATTGGCAATTTGCACTAAGCCGGCTTCGCGAGCAGGTCGAAGCGGTGGACGCAGAAGACTGAATTACGTCTTCACTAGGCCGAGGCTGGCAAGGCTTTCTCCACTGGCGGTGATCGCTTCCTCGTTAGTGCGGGGAATCCAACCCAAGATGCGCTTCGCTTTCTCATTGGAGACGTTCTTCCTATTTCCCAACTCGGGGGCGATGGCCTTCATATCTGGGATGAAAAGAGAGGAAAAGCGCACAATCCAGTCGGGAAGCTCGCGTGTGGGAACTCGACGCGCGACTGGGCCCATATGAATCTTAAGAATCCTTGCCACGTCGAGTAGGGAGAGGGACTTCCCGGCAACAGCCAGAAAGCGTTCGCCTCTTGCAGCCTGGTTGGTCATAGCGCGGAGATGCAGGTCGGCCACATCTCGGACATCCACAGCACCGAAAC
NZ_CP030840.1_gap129	5137186	5139975	2789	CCGATCACTGGGATCATCGCGTCGATGAAGACTACTTTGAGCAGCCCGGCATTCTCTTCCGCAAGATGAGCCCCGCTCAACAACAGGTTCTATTCGAAAACACGGCCCGCGCCATACACGGAGCTTCAGAAGAGGTTCTTACGCGGCACGTCGAGAACTGCAAACGCGCTGATCCGGCTTACGGCGAGGGCGTGGCACGAAGCCTAAAGCCATCAGGCCTCTAACCATACACATCTTACGAACCCCACAACAGGAACAGCCATCCCGCGAGGTGCCGGAAAAGGAATATTGATGTCGCTAATCCAAGTCGCTACAAAGCCCGCCCTCGTACTGTTACACGGAACATCTGGCTTTTCAGAAGATTGGTCGAGCGTGATTGACGCTTTAGCCAACGACCGAGTCGTGATTCGCCCGGATTATATGAATTCAAAGGGCAAAGACGGTGCGTCCTATTCCAGAACGATTCCGGAGGCGGCATCTCAAGTCTTAAAGAATGCTGCCATTATTGATCGAGGGCCAGTTGATCTTGTAGGTTACTCTCTGGGTGCGGGCGTAGCCGCTTTCATCGCTGCGGAATATCCTGAGACCGTTCGTTCGCTAGTCATTGTGTCAGGCTTTGGATACGGCAGCGACGTTTGGATGAAGTTGCAGTTCACTCTCTGGCTCGATTTAATTCGAGCGAACCATGCGGCACTAACCAGGCTGCTGCTCTTGACTGGAGTAAGCACGGATTTCCTCTCACGTTTCGACGAAGATACGATCGCGGGAATCGTCAACGCATTTGTGACCTCCACCGATTGGGAGAGTCTTGATCATTCGATTCGACTTGATCTAGGCCTAGACGTGAGAGAACAATCTCGAAAGATATCAGTTCCAACTCTATCGATCACGGCAACGCACGATCGGATAGTTCCAGCAAGCCATTCGCGTCAACTCAGCGAAATGATGGCCGGCGCTCAACACGCTGCTGTTGATGCAGGTCACCTCGCTTTTCTGGAACGACCGTCTGAACTGGCCATGACCATCGAAGACTTCTTAAGTCGAGTTGATCTGGCGGCCACTCATCTACCGATCACGACAACTGGGTAGGAAAGTCAGTACGACCCTGTTGCCGCTGAAGGTCAGAGTGTCGAGTACCTCGACCATCTTTCTTCCAAGGCTGAATCTGCTGCGCATGCGACGCTGCTTTTCAGTGTGCGCCACGCCGTCCAGGAACGCGACTCTTCTTTTAACGATTGCCGTGACATCTGATTACCTTACTCCCAATTGCAGTGTTGCCTGACGATACTGAACATCACTCGCACGATGTATGAGGTCTTATCAGCAAGTCGGAGAACCACCTACAAATGATGCGGCGCTATATATTGAACGGGGGTTCGTGCACACTTTGCTTGATGTGACAACTAAATCTTCGAACGATAAGAGCAATCCTGGATAGCTTTATCTGAGGGGAGCATCCGCAGCTCCCCCCTTCAGATAAAAAAACTCTATTTCGCGGAGGTGGCTTTACGAACACCCTCAGCCCAACCCTTGACTGTGAAGCCGTCCGGAAGCTGATCGACGAAGATGATGTCGGAAATAGCGTTCTTTGTCCGGAGCGGTAGGATAGCCTGGTATTCCGAAGAGTGATACCAGTTGGTTGCCGACTTGCGATCGGGAAACTCCATCAGTACAACAGCGCCAGGCCAAGTGCCCTCAATGCTCTCCGCCGGGGGGCCAAGAGCGAGCCACTTTCCTCCGAACGGCGCCACAGTCGCTTCTACCGTTTCGAGATAGTCCAATGATGGGCTGTTCGGAACATCGCCCGGGATGCGTAGGTGATTGATCAGGTAGGTTTTCATATTGTTGCTCCTTTGGTGGTTGGTTGAGGTGAAAGTCGATGAAGTGAAAGTCGATAAGGCTTCCTGCCCTGCTATCCGGGAGGTGAGATACCGGCAATAAGGGCCGGCATAAGACGGTCGCGGCACCTAAATACGGCGGCCCTGAAGATCAGTGGGATCGGGAGAGAACTTCGGCTTATTCTCGCTCCTAAGGTAGTCACCTTGGTCTTAATTCTGGAGAGATCTGCGGGAACTCTGGCGATCTCATTATCCTGGTTGTGAGGAGCTCTTCAGCGACCCGATGTTTTTGCGTTCAGAGGCCACGAGTTTGGACTTGAACGGGTCACATGCTGATAAAGATCATTTGGTACAGACATTCATGACTCATTCCTTTCAGGAGAACGCATCTGGACTCCTATAAGACAACACCTGCTCATCCATTACTTGGACCCAGCGGTCAGGGAGGGCTCGGTGTTGCTGTTTCGCCGCACAGCACTAATTCGAGCAGAGCCGGTAGACGATTTGCCCTGCAGCATTCGTCGAGCCGTGTGCAATCTCGCCTTCGCGGTCGAAAGATCAATACTCAGGATTTGCGCAGAGTCTTTCACTGACCACCCCTCAACCATTCGCAACATAAACATCTCTCTGTAACTTTCGGGGAGACTGAAAACCGCCTGCGATAACAAGGCTGCTGTCTCCTTTTGCTCAAAGTGTTGTGAAGGTAGACCTCTTTGATCCACAGGCGTGGCTATGGACGTACTTGCTTTGATCTCCTCGTTGATCGAGTTCATAGGCGTCCGCTTCTTCTTCCGCGATCGCTCTCTCGCTTCGTTCAGGACAATACCGATCAGCCATGTGCCGAATCCGGATTCAATGCGGAACTTTGTCAGATTTTGAAAGGATTTCAAGAAAGCCTCTTGAACCACATCTTCTGCATCTGCCTCGTTCCGTAACAGGCAGAAAGCCACT
NZ_CP030840.1_gap130	5143371	5145277	1906	CGCGAAGCCATGCATAACTCCTGGGACAAGAACGATCCGAAGGACGCCCAGGTCCTGCTCCATCTGCTCAAGACCGGCGTGACTCAGCACTACCATGACCCGCTCGTGAACCAGATCCATGACTTTCAGGAGCTGTCGCTCACCTATGCGCAGATCTCTCTTGAGAAGACCCGGACCCAGCATCGGCTCTTGACCCATTACCTGCCGCTCTACTTTCCGGAGATAGAGCGGTATTATCATGCCACGCGTTCTGAGTGGCTTCTCGCGTTCCTTCAGGTCTTCCCCACGCCTGCCCTGATTGCACGCCTCTCGATGGAAGACTTCGTTCAGCAAGCGTGGACGGTCGTCGGACGCAAGGTAAGTAAACAGCGGCTGCTAGAGGATATTTACCGCACGGCCCAGTCCTCCATCGGGATCCCCGTTGCTGAGGACTCAGAGGCCGTTGCGATGTTCCGCGTCGTACTCGGCGAGATGATCCGACTCTGCCAGCTCCGCGATCAACTGGAACAACGAGCTGCGCTTCACCTGAAGGAAAACGTCGACTTCAGGCGTCTCCAGCAGATGCCAGGCATCGGCCCTATCCTGGCGCTCACGATCCTGGCCGAAGCCGGCGACCTGCGCCGCTTCAATCACCATCGTCAGTTCCTCAAGTTCTGTGGCCTCGATCTCTCGACTCAGCAGTCGGGCCAGTTTCGAGGAGCGACCAAGCTGTCGAAATACGGCAACGCACGGCTTCGCTGCGCCTTCTGGATGGCCGCCACTGTGGCTGTGAGGCTGCGAGAGAACAGCTTCCGAGACAAGTTCGAACGATATCTCCGGCGTGATCCTGCCAGTGCCGACCGCAAGCGTATGGCGTATGTCGCCGTCGCCGCCAAGATGGCTCGCGTGGCTCATGGGATCATCAAGACCGGTACCGACTTCCGCTGCTTCTATGAGGCAGCGGCACCAAGTGGAAGAGCCGCTTCACCTGGGCCGTCGAGGCCGTAAGGACCTCGTAGATAATGATTCGGCCTTTCACTTGGTTGAGACTTCATTTTGAGTACAGTGGAGACTGCGCTCTTCGGCAGATCTCGTGTCGCTATGGTCGAACGCTCAGCCCTTGCTCGTGGAAGCCACTTGGAGGTACAGTCGTCGTCAAGCACATCCCATACGGGATGCTAAGGGACCTTCTCTTCTCTCCAGCTTTTCCTTCCTGTGTTAGTACGTTGTCCGAGCGCACATTTTCTGGCCGGCCACGCTCTTCGATCAGCCGCTCCAGCACCCGCGTCACGCGCCCTGAGCCGAGGCTGGTGTCGGCCTCCAGCGCCAGGCACTCGCGCGTGTACACGTCGACCACGCTCAGGATGCGCACCATCCGCCCCGTCGTCAACCCATCGACGATGAAGTCCATCGCCCACTCCTGGTTCGCTCCCGTCAGCCGCGGCTCGGCCGCGCGATCGCGCACCAGACGCTTGCGCCTCTTGCGCCGCACCATCAGTCGCTCTTCCACATACAGTCGATAGACCCGCTTCACGTTCACCTCGTGGCCGCACCGGCTCAACACCGCGTGCAGCCGCCGGTAGCCATAGCGCGGCTTCTGCCGGGCCAGCTTCACCAACGCCTCGCGCAACGCCGCGTTGCGGTCCGGCCGCGGCTCGTACCGGTAGCTTGACCTCTTCATGCCTAGCAGCTTGCAGGCCGTGCGCTCGCTCAAGCCATGCTCGGCCTGAGCGTACGCCACCGCTTCTCTCAGGCCGGCAAGCTCCAGCCGTTTTTTCGGATCACGCCCTTCAGCGCCTCGCCGTGAAGACTCAACTCCGCCACCAGCAGCTTCAGACGGCGGTTCTCGTCTTCAAGAGCCTTCAGACGTTGCGCTTCGCTCACGTCCATGCCGCCGTACTTCGACTTCCAGCCATAGAACGTCGCC
NZ_CP030840.1_gap131	5152369	5156523	4154	GATCCGCGTATTTCGTATCCACGTAGACGTTGATCTTTCCCTGGGCGAGATCAAAAGCCTCATCGAGCGTTGGCACCTTCGTTCCGGCAAAGGCCGGGGAGAACTTCGCTCCGGCATCAAGAGCGCGGATCTCGTCGAAGGTGTGCTTGTGAACTTCGCCTGTGCCGTTTGTGGTGCGGTCGAGCGTGTTGTCGTGCATGATCACGAACTTGCCATCCGAGGTGGTGCGCACGTCTAGTTCAAAGTAGTCGGCGCCAGCATCGATCGCAGCCTGAAAGGCAGGCAGAGTGTTTTCAGGATGGTGAAGATGTTCCCCGCGGTGGGCGATCACCACGATTTTCTTGGCCGTGTCGGTCGCCGGCGCTGTCTGTGCGAGAGCAACGCCGGTCGCCATGGAGGATGCGAGAAGAAGAGACAGCAGAGTTTGGCGCATCAGTTTTTCCCTCTAAGTATTCCGGAGTTTCAAAAAGTGAGTCGGCCGATGATCAGCAGCTGGCGCGGATCCTGGGCGCCGGTCACGCTGCCGAAAGCGGCATTGGTTATGGTGGTGTTCAAGCCCGAGAATTGCGGGTGGTTGAAGGCGTTGTGCGCATCGGCCCGTAGCGTGAAGGTGAGCCGCTCCCAGATGGGGATATCCCGCATCACGGCAATGTCCCACACATTCTGGCCGGGACCGTAGAGCGCAGCCCGCGGCGAGTTGCCGAGCGTGTCCTGCGGGGTGGCCGCGAAGGCGGCGGGGTTAAACCAGCGGGCAACGGTGCGAGAGCCTCGGGAGATATCCGGGCTGCCGACCCTGTTCACATACTGGCCGCCGGAGAAGATACCAAGGGTATCTCCTTGCGAGATGAAGTAAGGGTAACCCTTCTGAAATTGGGCGACGGCGCTGACCCGCCAATGCCCGATTACCTGCGAGACGACCGGAGTATCCGCAAGCCACCTTCCGCCTGCCCCCACCGGCAGCGAGTAGACGCCTGATAGCACAAAACGCTGCGGGATGTTGATCATTGACGTGCCCCACTGCGCATGCAGGTTGTAGACGTTCTGCACTGGCGCGGCATCGGCGCGGGCAGGCGCGTCCACGTCATCCAGACCATGCGCCCAGGTGTAGGCGGCGCGCAGGGAGAGACCATTGCTCCAGCTATGGCGCAGCTCGGCGAGCATCGCCGCATAGGCTGAGGCTCCGCCATTGACCAGCGAAGTGATGGTGAGGAACTGCGGATAGGGCCGAAGGCTCTGCGCGTTTTTCACGCCGAAGCAGCAACCGGCCGTTGGAGCAATCTGGTTGATCGGCAACTCGATCGGCTGATGCACTCCGTGGTTGCCTTCATAGTCGATCTCTGCAACCCAGTTGTGGCCGAGGTCCTGCTCGATGCCGAACTGCCACTCCTGCAGATATGGCAACACCGCGGTGCGGGGCACTTGCGTGACATTTGAGCTGGGCTTGGTCACGCTGGTCGGGATCAGCGGCAGACCATTGACGTCTGCATTCGGGGAGTAGGGCGGCACACCCTGTGAGAGCTGGTAAGCGGGCGTGACTCCGTCAACGCTTTGGAAGGTCGCGTCCACCGTCGATGCCGAGGTCAGCCCCGCAGTGCCGAAGCCGATGCTCGGCAGCTGGTAAATGCCGTAGCCGCCGCGCACCACGGTCTTCGGAAGCGCGTGGTAGGCAAAGCCGACACGTGGCAGCACTCCGGTGTAGACGTTGGGGATAAGGCTGTGCGCCGCGCCGTGATAGCCGGCGAAGAGAATGCCGCCCTGCTTGCCGGTGGCTGCGTCGGTCACGCTCGGGTCGAAGGTATACATGTTGTTGTGAATCTCGGAGAACGGTCCGTCGAACTCCCAGCGCAGACCAAAGTTCAGCGTGAGCTTGCTTGAAAGACGGAAGTCGTCCTGGATATATCCGGCGAAGTAGTTCAGGTTCTCGTGGAAGATCGTGTTGGTGGTGCTGATGCTGGTGGTTGCCGGCAACCCCAGCTCGAGATCGGCCAGGCCAATCCCCCGAGCTTCCTGTCAGATTCGTGAAGGTGCCAGTGAAGTTATATTTCCCCGAGAGCACGCCCGGAGTGTAGTAGCTGTAGGCGTAGCGCATGGCCTCGCCGCCGACCGACAGGCTGTGGCGGCCAAGCTGAATGGTGACCGCGTCATTCCAGATGTAATGACCGTCGCGGGTTCTCGCGAACGAGCCCGCGCCGAAGCTGGCATACTGATTCGTCGTCACCGACGGGAACTGGGTTAAGGGCACGCCCTTCAGCCCGAGTGCGTTGGCGTCGGCCGGCAGCGGCGATGCGAAGTTCTCCTCTGACACGTAGCCGAAGCGCGCCTCGTTCGATAGCTTTGGTGAGAAGATGTGGCTCCATGAGATGCCGTAGTGATCGTCAACCCAGCCGTTGAGCGCGGAGGTGTTGGCGGCGTTCTCGAGATACTGGACCGGCTGATTGGTCGGCCCGTCGCGGGAAAACTTCACCCAGACGTGGTCGTAGTCGGAGGGGTTATAGTCCACGCGATCGGCGTTGTAGAGATAGCTGCTCAACGATCGCGGATAAGCGCAATAGTTGAACTGGCCCAGCGCGCAGTTAGGCTGTGGGAAGAACGACAGGATGTTCACGCCGACCGGGTCAAGGCGCGACTGCGGGATGACATTTCCCGCAAATGGAGTGCGCACCAGCTTGCCGTTGACGATCCTGCTCGTGGCCGGGTCATAAATAGCCGGGGTCGGAGTTCCCTGCGGAGAAATTCCTGAAAAGTCTCCCTGGCGTTCGGCCATGGTGGGCACGTCGGTGATCAAAGAAGCGGCTGCGTGGCTGAGGGTGTCTTCCCAGTCCATGAAAAAGTAGAGTCGGCGCTTGCGGCCGTCGAAGAGCTTGGGGACGAGCACCGGGCCGCCCAGCGATCCGCCGAAGTAATTGAAGACCGAGCCAGGCACCGAAGCGCCCTTGGCGGTGAAGTAGCCTAACGCATTGAAGGCCTGGGTGCTGTAGGTCTCAAAGGCGCTGCCGTGAAAGTTTGCTGTCCCCGATCTGGTCGCGGTAAGCACCGCGCCTCCACCGGATTGTCCGTATTGGGCGGAGAATGGCGAGGTGAGCACCTGCAGCTCCTCGGTCGAGTCCGGCGTCGGGATAAATCCATAGGTGCCGTCGACGCCCATATTGCTAGGCAGTCCATCGATGATCAGCGGATTGGTCACCGGCCTCCCGCCGCCGAGTGAGAGATTGTTCACATTGGAGTAATCCTGGCTGGTGCTAGCCGCGCCGGCAAAGGTTTTGGTGATCAGGAATTCGTTGGCGCCGTGGGTGCCGGTCACTTCCGGCAGGTTCACCAGCTCGGCCGTATTCAGCTCGCCGCCCACCTGCGGATTGGTGGTGTTGAGCGCTGTGCCTTCTGACACCGTGACCACCTGCGTGCTCATTCCGATCTGAAGGGTGCCGTCCACCACCAGCTCCTGGTTGAGCACCAGATGCAGCTCGCCAGTCTGGAAGAGGGTAAAGCCGTCTTTTTCAAAACGCGCAAGGTAGCTGCCCGGCTTCAGGAAAGAGACGCGGTAACTACCGCTCTTGTTGGTCAGGGTCTTGTACTCGGTGGCGGAAGCGCTCTCGCGCACGGTCACGGCCACGTCGGGGATCACGGCTCCGCTCGGGTCCTTGACTACGCCGGTGATCGCTCCGTAGAAGGTCTGAGCGCGGAGATCGCCGCTGGAGAATGCGAGCATTGCCACCAGCGCAAGACAGATTCGTTGCCACCTTCGGAGCGGCGCACCGGAACGTCGTGAGTTCAGGAAGACGTATTTCATAGAAGCCTCTGCGTTCAAAAAATCGTTGAAGAAGACGGCACAACCGGCTGTGAGATCGGAGAAGAAGAGTTCCGTTGAGCTGCGATGAGGAGACCGTAACAAACCGATGTTAATAGTGGACAAAAAATAGGCATTTCATGAAAAAAATGACATTCCCGCTTTACGCTTACCGCATTGTTTGCTTCCGGTGGCATTCGCACGAAGTTCTCTGCAGTTCCGCCGTTCTGCTATAAAATGCGGGGATTGAGGCAGGAAGGAACTACTTCGCGCGGAGAGCAGGATTGACTGAGATCGCGGAACGAAACAGGCTCGAATCCATCGTTCAAATGTTAAGAATGAACACCTCTGCCTCTATCGGCGAGATTGC
NZ_CP030840.1_gap132	5185530	5186219	689	GCTACAGATGAGCAACGCCGCAGCTGCGAAGATGAGAGAGGTGTTTCGTAATCTCTTGAGGGCGTTCATTGAATCTCCTAAACGAAGCCGCATTGATCGGAGTCCGGTCAAGCGGGTAGACAGTATGTGGGGGCAACTTGATAACGAATATCAGGCGTGAAGCGAACTGAGATATCCAATATTCCGGCAATATCTGTTTAAAGATACGCAACCTAGCGTATCGATACGTTGCAGATAAGATACAGTGGGTAGCGTTGGCGATGCATAATAAACGATGTACTCCAGTTATTCAGAGGGGCGAAATGAGGAAAGCAGCCAAGCAACAAACTAAGGGAGGCCGGCCCCGAAACGAACGACTTCATCAGGCCATGTTGGACGCCGCCCTCGATTTGGTTCTAGAAGTAGGGTTTCGGGGCGTCACCATTGAGGGAATCGCCGCGAAGACTGGCGTTGGCAAGACAACTCTCTATCGAAGATGGCCCAACAAAGCAGCGGTGGTGATGGAGGCGTTTTGCGGGTTGCGAGGCCCTGCGTCTCGCTTTCCTGAAAATGCGCTTGCCATGGAACGCCTGAGATTGCAGATGCAGGTAACGGCTAAGGCCTTTCGTGGCAAACTGGGAGCATTGTTGAAGGCTCTTATGGCCGAAGCCCAGTTCGATCCCGAGCTTGCGAAAGCCATCAGGGAGAAA
NZ_CP030840.1_gap133	5226136	5226935	799	CCATTCGCTGACACCAGGCACCTGATCGAACAGACCTTGTTGCTGATGTAAAGCCGTCGGCCGTTTCACCCGACTGCCTTTCCTCATTTCTCAGGCGTCTCGCGGCCTGGTCCTTATCACTCGAAGTGTTTCATTGACAACAAGCGAAGTAGACGCATATCTTGGGTTTCAATCGATTCAATACGCTCGGGAAGTGAGGCCGCAATGCTGCTCTCCGCCACTCATCGGGTGCTCCGCCCCTTCAGTGTTCTAGTCGCTCTTCTTGGCTTTGTCTCGTTAGCTGCACAAGCCGAGTCCGCCTATGTCCGGGTAAGTCAAGTGGGCTATGAAGTTGGATCGTTGCCCGCGCGCGCCTATCTTATGTCGACTGCATCCGAGACAAATGCCACCTTCAAGGTTGTATGTCCCGATGGCCACAGTGCCTTTACGGGGAAGGTTGGCTCGCTTTTGGGAACGTGGGCGAATAGCAAGCAGCTCACCTACAAGGTCTATGCTCTTGATTTTGTCGTGCCGCGCGGCCGCAGTTATACCATCTCCGTTGCTGGACCCGTAGCAGCGCTCTCGCCCAAATTCGCCGTTGATGTTCCCGACGCTTTATATCCAGGATTACTGGTCAATTCGCTGTTCTTCTATGAAACCCAGCGAGACGGAGCCGACTTCATCCAAAATGCATTGAGAGATGCTCCTGGGCACCTGAAGGACAAGAACGCTAAACTCTACGAAACTCCCCCTCTCGATGACAACGACCTTATCAACAACGTGCCGCCGGCAAAGCCGCTAACCCCAGCGAAGCTCCCCA
NZ_CP030840.1_gap134	5240376	5244375	3999	CGGCTTCAATACCGAAACCAGTCCCGGCCCGGCGATCCCGACCTTAAGCAGCTTGAAGAAGTTCATTCCTGCAAGCAATATCTGGCCTCCAGACGATATCTGGTCTTTGCACTACGGAGGCGAGGGATTCAAGAAGCTTACCGTTTACAACGAAGCACTCGAGGCGAGCTATGGCCCGGCGAAAGACCTCGACGACTATCTTCGCGTCTCGCAAACCATGGCTTACACCGGCGAACGGGCCATGTTCGAAGCCTATGGCAGGAATAAGTACACTTCGACCGGAGTTATCCAATGGATGCTCAACAACGCTTGGCCATCGATGATCTGGCACTTGTATGACTACTATCTCGATGCCGGCGGCGGATACTACGGCGCCAAGAAAGCCTGCGAGCCCCTCCATGTGCAATATTCGTATGACGATCACAGCGTCTTCGTTGTGAACAGCGACTATCATTCGGCCGGCAAGCTGAATGTCAGCGTGGAACTCTACGATTTGCATATGCAAAAGCTGTATTCTCAGCAGGCGACGGTTGTTCCTGAATCCGACTCGTCTGTGAAAGCTTTGACAATTCCGCAAGAGCAATTCTCCGACAAGTCTCCGATCTATTTTGTCGAGCTGCTGCTCAAAGATGCGCAAGGAGCTACCGTCTCCCGGAACTTCTACTGGGTACCGTCGAAACTCACCGAGTTCGCATGGGAGAAAACCGACTACACTCATACGCCTGCCGTGAGTCATGAGGACCTTACTGCGTTGAGGCAATTGCCGAAGACCAAAATCGAATCTTCCCTGCAGGTTGAGAAGGATGGTACCTGGCGGGTCAACCTGCATAACCCTTCGACGGCGTTGGCCTTCCAGGTGAGCGTGGATGCAGTGGATGCAACCGGGCAGGATATGAGCCCCATGCCTTGGTCGGATAACTATGTCGAGCTGATGCCCGGAGAAACACGCACCCTTAGCGCCAAGCCGCCAGCTGCGAACGCCGGCGCTTCCATTGTGGTCTCCGGATGGAACATCCCTTCGGAAACCTTGAAGGCGGCCCCTCAAAAAAGCGTGCCTCAAAACAGCGCTATGTAGAGTTCGTCCGACCATCTGAACTAGTATTGTCCCTAAACGAAGGAGCTCGATGGCAGGCCCAACGACGCCGGCGACGACCGGCGCAACCCTTAAACGAAGTCTGCGCTTTCGCGACCTCGTTCTCTACGGCATCATTCTCATCCAGCCGACCGCACCGATGCCAAGTTTCGGGGTGATCTACCAGGAAGCTCGCGGCCATGTCGTCACCGCTATCTTATGTGCGCTGGTCGCGATGCTGTTTACCTCGATCAGCTATGGCCGCATGGCCCGCGTCTATCCGGAAGGCGGTTCGGCCTTTATGTATGTGGGACGAGAGTTGCACCCGGCACTCGGCTACATCACCGGCTGGTGCATGGCCATGGATTACATCCTGAATCCCCTGATCTGTACGATCTGGTGCAGCAAGGCCGCCCAGAACTTCTTGCCCGAAATCCCTTATGTTCTCTGGGCGATCTTTTTTGCCGGTTTATTTACTCTCCTCAACCTGCGTGGCGTGGAGACATCGGCGCGTATCAATGCGATGATGGCCGCTGCGCTAGGCGTCGTAATCGTTCTGGTCGTCGCTTCGATCCTCCGGTACCTGCTCAAGTTGCCGCACCAGCCCGGTTCGTTCTATACCACTCCCTTCTATGACCCGTCCACGTTCTCATCCAAGGCGCTCTTTCGAGGGACCTCGATTGCGATCTTGACGTACATCGGCTTCGATGGGATTTCGACTTTGACGGATGAGGCGAAGGACCCTGCCCGCAACATCCCGCGAGCGATTGTGCTGACCTGCCTCATCACCGGCGTGCTGGCCTCGATCGAAGTTTACCTGGCGCAGCTGGTCTGGCCCCGGGGGATGGCGTTCCCGGATGTCGATACCGCTTACGTCAGCATCTCCGGCCGGGCTGGAGGCGTGTTCATGTTTGCGCTCGTCAATGCTTCTCTGCTGCTCGCGACGATTGGCTCGGGAATGGCCTCGCAACTCGGCGCCGCCCGCCTGTTGCTCGCGATGGGCCAGGATGGCGCGATCCCCGGTAAGTTCTTCGGGGCGGTCCATCCCAAAAATCGGATACCGCGGAACAATGTCCTGCTCATCGGAGCGATTTGCTTGGCCGGCGCTCTCGTCTTCAGCTATCAGCTAGGCACGGAGCTGCTTAACTACGGGGCCTTGCTGGCCTTTATGGGAGTCAATGTCGCCTCCGCAGTTCTTGCTTGGCGGGCGGCGAGGCTGAAGCAATGGCTGCCAATCCTCTCGTCACTCTTCGGCTTCGCAGTCTGCTTTTTCATCTGGCTCAACCTCGGTCATCTCGCTCGCATCGTCGGCACGACCTGGGCGGTCGTCGGTATCATCTGCTGGGCGTTCTATGGACGCAAAGCAGGGACAATGCGAAAGGCTTCAACCGGAAACCCGCCCTACTAGACACTTTCGCTTCGAGTCTGCACGACGCATGTCAGTGCGCCATACCCGCCAGAACTCCTCGCATATAAGCGAAGCTGGAGGTCACGCCCGGCATTGGATCATCGCCGTGCACCTCATATTCAAGATCCACGAAGCCGTCGTAGTTGATCGCGGTGAGCGCCTCAAATATGCCGCGAACCGGCATAATACCTTCTCCGACTGCTACCTGGCTTTCTTTACTCTGAAAGTCGGTGAGGTCCTTCATGTGCATGTTGAAAAGCCGGGGTCCTACTTCATGGATTGCCTGGACCACGTCTGTGCCAGCACGGACTGTATGTCCAACATCAATGCAGCATCCGAGGCGAGCATCCATATTCTTGACGGCTTTCAGTACATCGAGCGGCGAATGCCAAAGCTTATCTTCCGGCCCATGATTGTGAATAGCGAATCGGATGTCGTATTCCTTGACGAACTTCTCAATTCGCGGAAGGACTTCGGGCGCGGGATCTCCGGCAACAATCACGGTGATACCCGCCCGTTTGCAATAATCGAACTTGCTTCGAATGTCTGCATCCTCGTCCTTGGGAAAATAGATGGTTCCGGCGGCATGCAGCTTGATCCCGGCCGCGGCATAGTCCGCGAGCGCCTTCGCCTCCTCCCCGGGATCCATAGGAAGGTGGTCCTTCACGTCTTTAGCGTTCAACGCAGAAACCTTGAGCTGCTTCATAAAGCCAATTAGCTGCGTTCGATTGAACTCACGAAAGGTATAGCTGGCGACGCCGAGATGGGTGGGGAGCATCCGCTCCTTTGTGGAGGCTTGCGCGACCGCTTGCGTATCACGCGATGTGAGGGATACTGCCGCGGCAAGAGTACCGGAACCAATGAAGTTGCGACGGGTGAGCTTATTGTTCATAGATGTGCATGTTCTCAAGATGTCCGTCCGACAAATTTCAATCTCTCGGCAGGACGCTTCTCATTATGCTACAAACCAGGCCCTCACGAGTCTGGCGTGCCAGCGATAAAGAACGCCCAAATTCCTGTCGACGGCCCTCGGCGCGTTAGAATTGAAGTGCGCAGAACGGTAATCTGCCTGTTCATTTGAAGGGGTTGTTGTTCCATGTCCAGTGCTCCTGCTCGCCCCCGAGACGTTAGCCCCTCCCGGCCGGAGCCCTTGCCCGTTGTTTCCGGTAAAGCGCGGGAAGCAATCGCCTGGTCCAGTTTTCTCTTTGCCATCCTGCAGAGCATTTGCACCTTCTTTGCCGCCCTGAGTGGTCTCCGTCTGGTGATCGGTATTGGGTCTTTAGCATTAAGCACCGGCGTTGTGACTTCTCTGGAGAGGCTTCATTCGGATTGGATCCGGGTGCCGATGATTGTGGTAGCTCTGGTCGGGGCGCTCCTGAATCTGGTCGTGATCATGCAGATACGACGCCTTCGCAATCGCCCTGCTTCGCGTTGGCGGCAGCGACCTTTGGACCCGCGAAAGCTTCGGATGGAACGCCTGCAGCTCATTCTTTCCTTCGGGACTCTGTCTCTTATCGTG
NZ_CP030840.1_gap135	5266206	5269763	3557	CCGAGAAGGGGCTGGGCGTCAAAGAAACTGAAGGCACGCTGGTCTTTGAGGTCGCCGCGGATGCCACCAAGACCTCGGTGAAACAGGCAGTCGAGGTGCTCTTTAAGGTGAAGGTCGCGGCGGTGCGTACCGCCAATTATGCCGGTAAGGAACGGCGGCGGGGTAAGTTTTCCGGCTTTCGTCCAGACTGGAAAAAGGCCTATGTTCGCCTGAGGGCCGGCGAGAAAATGCCGGAATACGTGAACAGTCTCTAGGTCGAAGATTTAGAGATCGGACGAAGCAGTAAGGCAGTGGGAGGAACGCTCTCCCGTTCTGCGAACAGGATTACGGGCGGTTGAGTTCGAACCGCCAACTAAGTTGGGCAAGGAATTTAGCGATGCCAATCAAGACATACCGACCGACAACACCGACGCTTCGTTTTAAGACGACGCTGGTCAATGACGACTTGACGACAGACAAGCCGTACAAGCCGCTGTTGGCAGTCAAGCAGCGCACCGGCGGCCGTGCCAATACCGGCCGGATCGCGGTTCGCCATCATGGCGGCGGCCATAAGCAGAAGTTGCGGTTAATCGACTTCAAACGGGACAAGTACGGGATCCCCGGGAAGGTCGCGACGATCGAGTACGATCCGAACCGTTCCTCCCGCATCGCTTTGATCAGTTATGCGGACGGAGAGAAGCGCTACATCCTGCAGCCGGTCGGCCTGAAGGTCGGACAAGTGATTACCAGCGGGCCTGAGGCGGATATCCTCATCGGCAACGCGTTGCCACTCAAGAATATTCCCGCCGGTACGACGGTGCATAACGTCGAGCTGCGGCCCGGGAAGGGCGCCCAGATGGTGCGCTCGGCTGGATCTTCCGCGCAGCTGGTTGCCAAAGAAGGCGATTACGCGCTCTTGAAGCTGCCTTCCGGGGAGACTCGCAAGGTGTTGGTTGAATGCATGGCGACGATCGGCCAAGTGGGCAATACCGATCACGAGAATGTCTCGATCGGCAAGGCGGGACGTAATCGCTGGAAGGGCATTCGTCCGGCAAACCGCGGCGTTTCGATGAATCCGGTCGACCATCCGCACGGTGGTGGTGAGGGCAAGACTTCGGGCGGCCGGCATCCGGTCACCCCATGGGGTCAGCCGACGCGTGGTTACAAGACTCGAAACAACAAGCGGACGGACGCGTTCATCGTGAGCCGGGCCAAGAAGTAGGAGCGATTAGCAGATGGCACGTTCGACAAAGAAGGGTCCATTCATCGATACCCACCTCACGGTAAAGATCGAGGCGTTGAATCAGGCGAATGACAAGAAAGTAGTGCGCACCTGGTCACGGCGTTCGACGATCCACCCGGACTTCGTGGGCCACACGATTGCTGTTCATAACGGCAAGAAGTTTATTCCGGTCTATGTGACTGAGAATATGGTCGGTCACAAGCTCGGCGAGTTTTCAGCCACGCGCACGTTCAAGGGCCACTCAGCCAAGGCTTCGGAGTCGTCGGCCAAGCCCCGGTAGTTTTCGATTTTTCGAAGTTTGAGAAGGTAAGCCATGCAATTGGATACGAGAGAGTTTCGGGCCGAGGCCAAGTTCCAGCGAGTGTCGCCCCAGAAGGCGCGCCTGGTGCTGGAGTTGATCAAGGGCCGCCGGGTAGAAGACGCCATTAACACGGTAATGTTCACCAAGAAGGGTGTCGCTCCGCTGGTCGAGAAGGTGTTGCGTTCGGCGGTGCAGAATGCCAACTATCTGAGTGAAGAGCAGGGTCTCGATGTCGATGTCGACAACCTTTATGTGAAGACCGCTCTGGCCAATGACGGTCCCCGGATGAAGCGGATTCGGCCTGCTCCGATGGGCCGTGCCTATCGCTATCAGCGCCGCTTGTCGCACATCGTGATCTCGGTCGCAGAGCGAAAGACCCTCGGCCTGGTTGAAACCGTAGGCGAGAGCGATGCGCCTACAGCCAAGAAGAGGCTCACCAGGAAGCCGGCCAAGAAAACCGTGACCCGGAGTGGTGCCGCCAAAGGCAAGAACTGGAACAAGAAGGCGACATCGGGCAAGTAAGTCAGGCGACGCCAGAACTACAGTCGCAACCGGGCCGAGTTGGCCCACGAAGTAGACGGACAAGGATCAAAGAGGAAACTATGGGACAGAAAGTCCACCCTTACGGATTTCGGCTCGGAGTGAACAAGCCGTGGAAGTCGCGCTGGTTCGTCGAGCGCGATTACGACAAGCTGCTGGTCGAGGACGTTCATCTGAAGCGCGAGCTGAAGGAGAAACTCAAGGCCGCCGGAGTGAGCTCGGTCGAGATCGAGCGCCCCGGCAACAAGCTGCGCCTGATCATTCGCACTGCGCGCCCCGGCATCGTGATCGGGCGCAAGGGCGCGGAGATCGACAAACTGAAGCTCGAGTTGCAGAAGCGGACCAACCGGGACGTTTTCATCGATATTCTCGAAGTGAATAAACCGGAGCTCGACGCCCAGCTGGTCTCCGAAAACATTGCTTTGCAGCTCGAAAAGCGGGTCGGCTTTCGCCGCGCCATGCGCAAGTCGGTGGATTCGGCGCTGCGCTTCGGCTGCAAGGGCATCAAGGTCCGGGTCTCGGGCCGCTTGAACGGGAATGAGATCGCCCGCTCTGAGTGGTATCTGCAGGGCCGCTTGCCGCTGCACACGCTGCGCGCTGACATCGATTACGGCTTTTCCGAGGCGCATACGACTTACGGCATCATCGGCGTCAAGACCTGGATCTATCGCGGCGATATCTACGAACAAAAGCGCCGTCAGCCGCAGCCGGTAGGTACCTCGGTATTTTAGGACTCTCCGTCACCCGCGGGTTCGAAGCTTGTGGGGCGGAGTTGAACCAAAGGGTTGAACCGACTAGTTGAAAGCTAGCGGCTAAAAGTTAAAGGCTGGTTTCGTTATGTTGATGCCAAAGAAAGTGAAGTTCCGCAAGCAGCAGCGCGGACGAATGACGGGTAAGGCGTGGCGCGGTTCGGAGTTGTCGTTTGGCGACTTCGGCCTCAAGGTCATGGAGTGTGGGTATATTACTGACCGCCAGATAGAGGCCAGCCGTATTGCGATGACCCGGTTTATCAAGCGTGGTGGCAAGATTTGGCTGCGGGTCTTCCCGGACAAACCGGTCACCAAGAAGCCGGCCGAAACCCGTATGGGTAAGGGTAAGGGCGCGCCCGATCATTGGGTCGCCGTCTGCCGCCCGGGCAAACTGCTCTTCGAGATGGAGGGCGTGTCGTCCGAGATGGCGCAAGAGGCGATGCGGCTCGCGGCCCACAAGCTTCCCTTGAAGACGAAGTTCGTGCAGCGTCATGATGCCAAGGTCGTTGCCGCGGCCAAGTAAGACGAGTGGTTCCGAGTAGTCGAGAAGTCAACGAGAGAGATACGAGATGGAAACCGAAAAGATCCGCAATCTGAGCGATGGGGAGTTGGTCGAGCAAGAGCGTCAAGCCGCCGAGCAGCTCTTCCGTCTGCGCTTTCAGATGAAACTGGGGCAGAACGAGGGTGTCAAGAAGGTTCGCGAGCTGCGCAAAGACGTGGCCCGCATCAAGACCATCGCCCGCGA
NZ_CP030840.1_gap136	5310443	5312154	1711	GGTCTTTTAAGAAGCTAGGTCCTTAAGAAGCCGGGTCCTAAAGAAGCTGGGCCTTTGAAAAGCTGGGTCCTTACCTCCCAGTGATATCGTTTCCAAACGCATGTCGACTCCGTATAATACGCGTGACTTTAAAAGCATGAACTACAACGAGTGAAAATGACCGTCAGGATATCGTGGAAGCACGTCTCTCGCTTCACATTTTGCTTGCTCATCGCAGTCTCAACTGCATTCGCACAACAGAGCAGGCCGGCAATCACCGGAATTTCACACATGTGCGTGTATGCTAGCGATCTTGCCGCTTCTGATCACTTCTATGCGCACTCGCTGGGAGCCATGAAAGGGCCGGATCCTCAGGACCCTAGCGGTGTGCGCTATTACTTCAGCCCCACGCAATTTGTAGAAGTGTTGCCGCTGCCCGCTCAGCACACTCTCAGCCGAATGGCTTGCGTCGCCTATAACACCGTCGATGCCAATGGGCTTCGAGATTACCTCCGCGCGCACGGCGTCGATAGTGCGTCCGAGGTTCGCTCCGGCAGCGACGGCAGCCGGTGGTTTAACACCAAAGACCCGGAAGGGAACCAGGTCCAGTTCATTCAACCAGGACGGCCGGTGACGATGACAGCGGATGCGAAGCCCATCGGCACTCGCGTCATTCATGTCGGATATCTAGTGCACAGCCGCGCTGATGAGGACCGGTTCTACAAGGAGATTCTCGGCTTCCGGGCCTACTGGTATGGCGCCATGCAATCCGACCATTTGGACTGGGTCTCGCAGCAGGTTCCGGATGGTTATGACTGGCTCGAATACATGCTCGTCGGTGACGGCTCTGATGTCCCTGTCGCCAAATTCGATCTGCATGAATTGGGAGTGCTGAACCACTTTTCCATCGGCGTCGCCAACATGGAGCAGGCGGTCACCACCCTGATCGGCGAAGATCGCCTCAGTCCGCGACATGATGGTCCGCAAATGGGCAGAGACGGAAAGTGGCAGGCCAACCTCTACGATCCCGATGATACCCGTGTCGAACTCATGGAGTTTCAGCCGACCACCAAGCCTTGCTGCTCCGGATTCACTGCCACCAGTCCAACGAACTAAGCCTCCCGAGGGGAATAAGTGCTCACACCGTTTAGTCGGAATGTCCTCGGCTGCTGCTTGGCGATCCTGGTCGTGCTCTCTGCACCATCTGCCAGATCGGCTAATGCTTCACTCGGCATCTTCGCGGAGCACGGTGATGTCGGGAAGGTCTTGCATCCCGGATCGGTAGAATACAACGCTGCCGAGAAAAGCTATACGGTCAGCGGCAGCGGCGAAAACATGTGGTTTGGCCATGACGATTTTCACTTTGTCTGGACCAAAGTTTCTGGTGATGTCTCGTTAACCGCAGACATCGCCTTCGTCGGAGCGACCGGCAACAACCACCGCAAAGCAGTGTTGATGATCCGTCAGAGCCTTGACGGAGATGCCACCGCTGTCGATGTTGCGCGCCACGGAGACGGTCTCACCGCTCTCCAGTTCCGGGATGCAATCGGAGCCAATACCCATGAAGTCGAGTCGAACATCTCCGCTCCACAGACGGTGCGTATTGTGAAGCGTGGCGATTCTATTTACGCTTTCGTCTCGAAAGACGGAAAGCTTGTTTTTACCGGGGCCTCCACGAAGCTGGCATTAACTGGACCATTCTATGTAGGGATCGGGGTTTGTTCGCACGACA
NZ_CP030840.1_gap137	5368222	5369415	1193	CAAGTCCAAAGATGCCGGTAACGGCAAGCATGGTGGCGAGGATCCCGAGCACACCCAGAGCAATCGTGGCCGCGCGGGCGGGAAAGGTCGCAAAGGCCAGCGCGTCCGGCCAAGGACCAAGCGCAAATGTGGGCAATCCCCGATCGACGCTGCTGATCGCTTGGCGAACGGCAGCCACAATATCCGCCGTCGGGCGCTCGGAACGGACGATGAGTACAGTGTCGTTGTCTGGGCTTTGATCGATGGGCAGGTACACTACCGGGGCAGGATCTTCGGTAAGGGTTGAGTATTTGCCGTCCTCGACGACGCCGACAACCTCGGTCTCCTTTCCAGGATCGGTCGGGTATCGCCTACCCACGGCATTTTCGACACCAAACAGCTGCCTCGCGAAGGTCTGATTCACGATGGCCACCTTCGGGGCGTGTTGGTCGTCGTGTACGGTAAAAGCGCGCCCGTAGAGCAGGTGCGTACCCGCGGCAGCGAAGTAGGTCGGCGAGATGCGGTAGTAGTTGGCGGCGAATCGTATGTTCACGCTGCTGAAATCGGTCGTTCCTGGCGGGAAAATCGCAGTGTCCGACTGGTTCACGCTCAAGGGTGTGGTGTTGGAGTAAGCTGCTGCCCTGACTCCGGGGATCGATGCAACCGCGTCAAGCAGGCGTTTCTGAACTCGGCTGCTCTCTACGCCCTTATATCCGCCCAGGCTGGTGTCCAGCGAGGCGAGCACCGCGCCGCCGGGGTTAATTCCCAGCGACATGGCAAAGGTCCTGCGCAGGCCTCGGATAGAAACAAATGACGCAGTTACTAACAAGCAGCAGAGTGCAATCTGGACGACAAGCAATATCTCGCGGAGTGCGAAGCGGCGAGGGTTGACAATCGAGCTACCAGCGGCCTTCATGGTTTGATTGGGATCGGTGATCCACACCTGATGGGCGGGAATGACGCCAAAAATAATTCCGGTGAGCACTGCGATCGCGGCGGCGAAGACGTAAACCAGCAGGCTGGGTTCGACCAGGAACTGGACCGGGATCTCCATCTGTGGATGGAACTGTGAGAGTGCGTGGAGCAGGAGTCTGGCTGCCACCGCCGCCGCCCCTCCACCCAGCGCAGAGATCAGCATGGACTCGGTTAGCAGTTGGCGAAGGATGCGCCCACGGCTGGAGCCGATCGCGATGCGGATTCCAAGTTCTTTGGAG
NZ_CP030840.1_gap138	5372094	5376047	3953	CTCAGAGAACTCTTGCGGGCTCACGTGCCGTCCGCCCAGTTCTTCGAGATTGAGCGGATTCTTGCGTTTCACGATCACCGACACACTGATAATGCTCTTTGGGTCGGTCTTGCCTGCCACAGCTGCGCCCGGATGGATGTGACGTTCGCTCAACGGGAAAGATACCCGGGATTGGCTGTGCTGCGGATGCTGAGTTGACATGGTTCACCTCGACTGCCAGAGTTGATGGTTTGGACCGCACTGCTGCGACATGGTGACGCAGCGAGTCACGGCGTTTCACGCGGACACGGACGAATTGTCCATTCAGGGTGAGCAGAGTTGTTTTGGAAATTGGGTCTGACTATAGACCTCTTCCCGTTCAAGTCGCAAGGGGAATTAGTTCGCTCAAGTCATAAGGGTATATTCCCATGCTTTTTCGGCGGATTCTTGTCGCGCTTGCCATCCAGCATTTCTAGTGCGGCGATCATGCGCCGCCGGGTTTCCCTTGGTTGGATGACGGCATCGACATAGCCGCGTTCTGCTGCAATATACGGATTCGCAAATTGCTGGCGGAACTCTTCAACTTTGCGGCTTCGCGCCGCGGCCAGGATCTCGGCCCGGCGCTCGGCGGTGAGCGGGCCTTCCACCAACTCGGTTTTTTCAACGACCGCCGCCAGTTCCCGGCCGTAGACGATGTTCACTGCGCCTTCCGCGCCCATCACGGCGATCTCCGCAGTGGGCCAGGTGAGATTGAGGTCGGTGCGAATGTGCTTGGAACTCATGACACAGTAGGCGCCCCCATACGCTTTTCGTGTGATGAGAGTCAGTTTAGGAACGGTGGCTTCGGCGAAGGCGTAAAGCAGCTTCGCGCCATTACGGATGATGCCGCCATGCTCTTGCTGGACGCCGGGAAGGAAGCCGGGGACATCCTCAAAGGTGATCAGCGGGATATTAAAACAGTCACAGAAACGAACAAAGCGGGCCGCCTTAATGCTGGCATCGTTGTCGAGCACACCGGCGAGATAAGCCGGCTGATTGGCTACCACGCCGACAGGCCGGCCGTTCATCCGGGCAAAGCCGACGACAATGTTGCGGGCAAAGTGTTCGTGGACTTCGAAAAAGTAGCCGTCATCGACGACGCGTTCAATCACATCCTTGATGTCGTAAGGCTGCGAAGAATCGGCCGGGATGATCGTGTCGAGCTCCGGGTCGGCGCGATCGATAGGATCGGTACATGGCCGCCGGGGCGGGTCATCCACATTGTTCAAGGGAAGAAAGCTGAGCAGCTCGCGAACCATGGCCAGGCACTCGGCGTCATCCTGGGCCATGAAGTGAGCCACTCCAGAGATTTCATTGTGGGTGGCGGCGCCGCCTAAATCTTCCTTGCTTACTTCCTCGTGGGTGACCGTCTTGATCACGTCCGGGCCGGTGACGAACATGTAGGACGTCTTGTCGACCATGAGGGTGAAATCGGTAATCGCCGGCGAGTAGACGGCGCCGCCTGCGCACGGGCCGAGGATTGCAGAGATTTGCGGGACGACTCCGCTGGCTAGAGTGTTGCGAAGAAAGATGTCAGCGTACCCGGCGAGCGAGACAACCCCTTCCTGGATGCGTGCGCCGCCGGAATCATTGAGCCCAATGATCGGCGCCCCAACCCGCATCGCCGTGTCCATGATCTTGACGATTTTCGCGGCGTTCGTCTCCGACAAGGAGCCGCCGAACACGGTAAAATCCTGCGCGAAGACGAAGGCGATCCGCCCGTCGATGCGTCCATACCCGGTGATGAAGCCGTCGCCCAGGATGCGCTTGTCTTCGGAACCCATTCCGAAGTCCGTACAGCGATGGGTTACGAACTTGTCAGTCTCCTCAAAGCTGCCCTCATCGAGCAGCAGGAGAACGCGTTCTCGAGCGGAAAGCTTGCCTTCACGATGCTGTCGCTCTCGTCGTTCCGGGCCGCCGGACTCTTCGGCGAGAGCATTGCGTCGCCCCAATTCGGCGAGCGGCGAGGAGGGGGTGGGCGATCGGGTGTCCATGAAGAGGGATTATAGACACGGAACCAGACTCACAGGTGAAGCGGCCGAACTTCCTGGGCTTGCAGGCAACAGTTCGTCCATGGACACAAAATCTTGAAGTTTGCGGCCGAACCGGACCGCCAGGACTGTTCAACCGCCGCTAGTAAACTTCTCGACGAAAGAGCTGGTCTTTTTCCTTGCAAGGGGTGCTGCCGCATCCAAACGCGCAGCAAGCGAAGAGTGCAATACCAACCACCGCTAAACTAACCGGAACCCAGGCCCCCATTGCATGGAGCCAAATCATGAGCGCGTGTAGCTTGAGGGAAACCATAACGCCACCTACATTCTCGTAAGATGATTGAGTCGTTCAGCAGGTTTGCTGCATCCTCAGCCATCTGCGAACATCATCCCATTGTTTTTCGCCAATGGGAAGGCGAAACTTGAGGAGAACGGGGGCCGCGATGAATCAGCTTCCCCAAAGTGCGATCGACGGTCCTCGACTGGCATGGCTCTTTCTCGATTTGAACTCCTACTTCGCCTCGGTGGAGCAGGAACTGCAACCGCGCTTGCGGGCGCGTCCGGTAGCAGTCGTGCCCCTGTTCGCCGACACAACTTGCTGTATCGCCGCCAGTTACGAGGCAAAAGCCTTCGGCGTCCGCACCGGCACGACGGTTGCCGACGCCAAGCGGATGTGTCCTGGAATCGAACTCATCGAGGCGCGGCACGAGATCTATGTCGACTACCATCACCGCATCATTGAAGCGGTCGAGACCTGTGTGCCGATTACCGCAGTCATGTCGATTGATGAAATGGCGTGTCGGCTGATCGGACGAGAGCAGCCTTTGCTGGCTGCGCTCGATCTCGCGCGGCGCGTCAAACTGGCGGTACGGGAGCGGGCCGGGTCTACCTTGAAGTGCTCCGTTGGTCTGGCCCAAAATCGATATCTCGCCAAGATCGCCTCCGACATGGAGAAGCCAGATGGGCTGGTCGCCTTAACGCCGGACATCCTGGAAGCGGCCTTGCTCGGGTTAAAGCCCCGAGATCTGCCTGGAATTGGCGCCCGGATGGAAAAACGGCTTCATGAATGTGGTATTCGCACCATGCAGCAGCTCTTGAAGCTGGGGCGCGAGGAGATGAATTCCGTCTGGGGCGGGATCGGCGGCGAGAAGCTCTGGCATTGGCTGCGCGGGCAAGACTTCAATGATCCAGCTTTGGAGCACCAGAAGTCGATCAGCCAATCGCATATGCTCTCTCCTGAGTTGCGAACGCTTGAGGGCACCTATGCGGTGCTCCACAAATTGCTCCATAAAGCGGCCATGCGGTTACGTTCTGCCCGGCTTTGGACAACTCATCTGACTTTGGAAATCAAGTACGCCGTTCCCAAAGCAGTCGCGACCAAGCAACATCTTTCCGGTATTCCGCAAAGTGCCTGGGCAAAGGGCACATCCTTGATCGAATGTCAGGACAACCTTACTTTGATCGAGGCGCTGCAGAAGCTCTGGGCGCAGCGTCCGCAGGGCGCAGGCTTTGAGAAGCCGTTCTATGCAGGAATCGCGCTGGGGAATTTGGTCCCAAACCATCTGCACACCTTGAACTTGTTTTCGGGACTCGAAGAGGAATCCCGGCGGACTCGAATCACGACGACCATGGACTCACTGAATCACAAATATGGGACGAACACAGTAATGGCCGCGAGCATGCTGCTGGCGGGGGCCGCAGCGCCGACTCGGATTGCGTTCACCAGCATTCCGGAGTTGTTTTGAGCAGTCACCGGGTCGGCGATCCCCGTCGACCCGAGGACGATTACGGGATGGTATCTTCCACTCATGGCATTTGATCGAGGTATCTTCCTTCTTGTTGGCTGGTTCGGTGTTGCTGTCGATCTTCGCTCCGAGTCGACCGCACTGCCGGGAGCAGCGTGATGGCGATCGGCACCACCCAGGAGCGTCTTGCATCTGGAAA
NZ_CP030840.1_gap139	5386372	5388713	2341	GTTGGCGGAGCGACTGGCGGTAGAGGCGGTCGAGATAGAGTTCGCCGATGTAGACAGGTTGTTTGAGCTTTCGCTGCTGGGCTTCGTTAGGGTGAAGCTGGCCGAAATAGCCGACAGTGATGCCGTCGATGACGGCGCGGGCGGCGCGACCAGGGTGGAGCCACTCAGGCAGCAAGCCAGACTCAATGGGGAAGGCGTCGATGTATTTGGATCGAGCGGAGAACTTGGAGAGCAGTTCTTCGACAGCTCCTTTGAGGGTGTAGAAGTCAACAGCCTCGGGCTGATGGAAGGGACTGCTTGCGCCGAGGTGCCCGGTGGCGCCGAAGGCTAATGCTGGGCGTTCCTCGACCTTATCGGTAGTGCCGGAGAATGCGGTGCCCAGCTCGAAGAGGGCCACATTTTCAATGTCGCGATTCAGATTGCCGCCGAGCATGGTCAACATGCCGGGCACCAGCGACGGGCGAAGCATGCCGGCTTCTTCGTTGAGCGGGTTGCCGATCTTGACGGCGGAGTCGGGCTGCGGTGCAAAGGTAACCGCGTCGGTTACAGAACAGAAGGTGCTCGAGACGGCCTCGTTCCAGCCGAGGGCGAGCAGCGTGCGGCGCAGGGTCTGTTCTTTCCCGGCAAAGGGCAACTCGACAACCGAGCCGGCAAAGTCAGGCAGAGTATTGGCGAAACGGTTATAGCCGTAGACGCGGGCCACTTCTTCGATGAGATCGATCTCGCGGTCGAGGTCGAGACGCCAGCTGGGGAGGGTGACTGCATATTCGTCTCCACCGGATTTCTCGAGCTTGCAGCCGAGGGCGCTGAGAACGGATTCGGTAGTCTCAGCGGTGATACCTGCCGGGTCTTCAGTAGCGCCGAGGATTCTTTGGACTTCGCTAACCTGGAGCCTGATCGCTGGACGATTGGCGGCGCGGGCCTGGGCGTCGAGGATCACGATGTCGACGAGGCCGCCTTCTATTTCGCCACCCGCTTCGAGCACGATCTGGCTGACGAGCGCGTTAGCGACGGGCGGCGCATTGAAGTGGGCGCCGCGCTCAAAGCGGTGCGAGGCGTCGGTGTGCAGGCCATGGCGGCGGGCGCTGCGGCGGACGGCGGCGGGATCGAACCACGCGGCCTCGACGAGGATGTTCCTGGTCTCGGCAGTGATCATTGAATCCCAGCCGCCCATGACTCCGGCGATGCCGAGCGGCTTCGAGTGGTCGGCGACGACGAGGTCGTCGGGATCGAGCTCGCGCTCCACTCCATCAAGGGTGCGGAGCCGCTCACCTTTGCGGGCAAGCCGGACGACGATGCCGCCTTCGAGTTTGTCGAGATCAAAGGTGTGGGTGGGCTGACCGATGGCTAGGGTGACGTAGTTGGTCGCGTCGACCGCGTTCGAGATGAGTTTTTGTTCGAGCAGGCGAAAGCGTTCAGCGATGAGGCCATGCGATGGAGTGATTTTGATATCGCGCAGGACGCGAGCGGTGAAGCGGCCGCAGAGTTCAGGCGCTTCGATGGTGATGGGGTATGGATCATTCACCGGCCGAGCGGCTGGCAGCTCAATCTGCAATGGTTGCAGTTGCAAATTGTAAATGGCTGCGATCTCGCGGGCGATGCCGTAGTGATTCATGGCATCGACACGGTTGGTGGTGATGTCCATATCGAAGAGGGAGCCATGCGCGCCTAAGTCGAAGATACCTTCAACAGCGATGCCGCGGAGGGTGAGGTCTTCGGCGAGCTTCTTGTCGGCGAGCTCGAGTTCGGGTAGATAAGAGCGGAGCCAATTGGAGAGGATTTTCATAAGGGCAGCTAAGAAGCGGTCAGCTCAAGAGCGGCTAGCTAAAAGGCGGTTAGCTTAGGCGGCTAGCGGCGCCAAGGCTTGTGGTTGATTTCTCCTTCGTTTTCAAGGTTCTCATAAATGCATGCAGCATCTGCGCGATCTCCTGACATTCGAGCATGAGCTTGTTGGCATTGGCTGGGTCTGAATAGCCAATGTCAGCGGCAAGTTGCAATTGAGTCTCAAGCTCAAACAGCGAGCCTTGAGCTTGGGTCAAGAAGAGACGAAATGATTTGTCGGATGCTCTTCCGCGCCCTTCGGCGATATTGCTCGGAACTGACACGGCAGCGCGTCTCATCTGACCGGTAAGGCCAAAGACCTCGTGTTTAGGAAAGTCGTTCGTATAAGTGTAGACGTCTCTCGCAAGCCTCATCGACCTTTGCCAAACCTGCAGATCTCGAAACTGACGAGTCTTCAAAACAACACGCATTTCCGCTAAATAACAATCTCTTAGCTGTTCTGTTCTCAAGCTGTCCGGTTCTTAGCTACGTGCTTCTTAGCTAATCCGGTCTTTAGCTA
NZ_CP030840.1_gap140	5530309	5531791	1482	CCGCTGCGCAGAGGAAAAATGCCGCGGAAGAGATGTCTCCTGGCACGATCGAATCGATCGCTTTCAGCTGCTGTTTGCCGGTGATCGATACCGAATCGACGGTCCGCGTAACCTCCGCGCCAAACGCCCGTAATGCCAGTTCGCCGTGGTCCCGTGTCCTGACACTTTCGCGAACAGTAGTCGTCCCCTCAGCCTGTAAACCAGCAAAGAGGAGGGCAGTCTTCACTTGAGCACTGGGAATAGGCGTCGTGTAGTCAATGCCGAAGAGGGAAGTCCCGCGTATCACGATCGGCGCATGGCCATCGGTGAGAACGAGGTTCGCCCCCATCGCCATGAGCGGTTTGCGAATCCGCTCCATGGGCCGGCGGCTCAAAGATGCGTCTCCAACCAGCGTGAATTCACCCGCCTGAGTCGAAAGCAAACCGGCCATCATGCGCATCGTCGAACCGGAGTTTCCGCAGTCCAAAGGTTCCGCAGATGAAGCGAATGCGCCGCCGGTACCAGTCACGGCGACTCCGCCATCTTCCAGCCAATCAACTTTTGCGCCGAGCGCCTGAACACATCCGAGGCTGCTGGCGCAATCCGCTCCGGTAGAAAAGTTGGCAAAGGTGCTGGTGCCCTCGGCAAATCCGCCGAGCATCGCGTACCGGTGCGAAATGCTCTTGTCTCCTGGCAGCCGCAAACTGCCGGAGAGATTTCGTGCGGGCTTGATAATTCTTTCGGTCATGGTTTCGAGCAAATGGGTCTCCTGAGGCAGCGGTGTATCGATGCTCTTTTATCGTATCGTCTTCAGACACAACAGGAATTACGTGGCAGCCGGATCGGGCGGAGCGAGCACTTTCAGGACGACCACGGTTTCGTCATCGAATCGATCGACATCCCCTTGGAACTTCGTCACTTCCTCGAGGATTGTGGTCGCCATCTCGTCGGCGGACTTGTGCTGGTTTTCGCGCACCACCTTGACTAGCATTTCATCGCCGAACATTTCGTCTGAAGAATTCTGCGCGTCGACAATGCCGTCACTGAAAAAAATGATGGAGTCACCCGGCCGGGTGGCGAGACTGAACTCTTCATACTTCGCCGCCGGAAACATTCCGAGGGGGAAACCCTCGGCTCGCACGGTTTCAACTTCGCCGCCGCGGCAAAAGATGGGCTGGGTGGCGCCGGCATTTGCGATTTGCAATGTCTGATTGGAGTCGTTCCAGACTGCGTACACCATCGCTACATACTGCGAGTCGAGACGCCGCTCCTGCAGTGAGTCGTTCAGCGCCTGAAGCATTGCGGAGGGAGAAAGTAAGCCGCTGGCGAGGGAACGAATGATTCCGCTGACCACAGCCGCGAACAACGCTGCCGCAGCGGCTTTTCCACTGACGTCGCCCAAGACAATACCGGTACAGTTTTCGTCGAAAGGAAGAAAATCGTAAAGGTCGCCTCCAATCGTGCGAGCCGCCAGGAACTTCGCCGCAAATTCGGCATGGATAT
NZ_CP030840.1_gap141	5599804	5604283	4479	CTTCAGGTCTTTATATTCAGCGGGATTTCTGGCGCGGTCGATCAGATCGGCGATGCTGGTGATGAGCGCGTCCATCCCGGCCAGTCTCGGGTTGAGCGTATTGACGGGCACGTCTTCCAGGCTGAGATAGATCCGCTCCCGCCGCTTGCGGACTTCCGAGATGAATTCGATGAAAGTGGGCAGGGTGGCGATCGACCCGACGACCGTGGCGAAGACCAGGAATTCCTCTGTAAGCAGGAGCGCCGAGTCTGCCGATGCCGCTGGGTTGAGCATAAGTCAAGGATATCAGGAGGCTTATGAGCGGCACGCCAGAGGGCCGGGCGGCAATCGTATAGCCGCGCCAAAACCAATCCTTCTCATGGTTGCCGAAGTTACAAGGTAGATATCGCCTGAGTGCCCCGCCTATGCTCCTCGTACGAGCTGTACCTGCTTGTTTTCGTTCTGCGTTTCATGTCCTGCAAAGCAGGTTGTTACCCATTTTTCCGATCGCCGTCTTTGAGATACTATCTCCGGAATTTGGCCGTTTGACGGCCTCACCTTCGTCCTGATGCGCAGTCAAATACACCGGAAGACCGGGCTTGAACGGATTCAATGCCGGGTTTATTCTCTTGCCACCGAGCACTGCTGCATGCGGGGTGACTTATGAAGCGGCTCCTCTCTGTTCTGGCGTTGTCGGTTCCACTTTCCGCAACCGCGCAAGTTGGATCGCAGGTAAGTGACGCGACGGTTGTGGTCCGAGGCCTCGATGGCGCACCCCATCAACTGGAGGTTCCGAACCACCTCCCTGTATTCCAGGGTCATCTTCAAGTCCGGGAAGGCGGAGACCTCGAAAGCGTTGCGGGCTCCCAAGAAGGATGTCCGGTGCAGATCGTCGATGCGGTCTTCGAGCGTCCCGGCCGACTGATGCTGACCGGTCAGACTTCCCCGAGCGCTCAACTCGAAACAGACGGTGGGCCGACACTTCACCTCAACTACCGGAATTTCAGCGGCAAGGACATCGACTCCGTGGTTCTGACTGGATGGATCAAGGTAAAGGATGATCCCTATCAGCTGGACTATGTTGTCCGTCCCTTTCAGCTGGTGCTATCGAGGAAGTCCCTGCTCGGAAAGGATGTGCAAGCACAACAAGCGCTGGTCCTGGGAGGCAATGCATACGGCCTGGACCGGATTGCGCTCTCGCGGGTGATCTACGCCGATGGCAGTATCTGGATGCCGGAACTCAACCGTTGCGTTTACCGGTCTCTCGGGAGCACGGAGCAAGCCAAGGCGTGGTAGTTCCGGCACCGTGGCCATCGGAGAACGGCGGCCTGCGCTAGGGCCGATTTAAGCGGGAAGGAAAAGCTGTTCGACTTCTCGCCAGCTCGAGACTCGACGATACCCCTCGACTCCGTGATTATGGGGCGCGGAAAACAGGATGCCCTCGCCGCGGAAGTGGCGGAAGTGCAGCGGCTGGTCGTCGATCAAGTAATCCGCATTCAGGATGCTCTTGTCCCCGCAAAAAACAAAACGCATCGGACTGAGAAAAGGAAAGTGACGCTGCAGCCATTGATATTTCCCGGGGAAAGAAGTGGGGAACTCCATCGCCGCCGTGGCGATGAACACCTCGTATTTCTCCGTTAACGAAGCGATCACGCGCTGACTATCAGGAATCACCGGCAGGTCGCCAAAGAAATCGTCGCTATGTAGATACGCCTTGGCCCGTTCCTGATGCTCGTCCGGCAAGACGTCGTAGAATCATTTCCCCATGAAGTCGGCCTTGGTGTAGGACGTGCCGTGATCGCGATTGTAGCGGGTGAGATGTTCCGTCATTGCGTCCGCAATGGTCTCGTCCATGTCAATGCAGATGCGCTTCATTCCACCTCACAGAGTCTTGAAATCGATTGTACGATGGGGGTCGGCGGACGCTTCTTCGCGGGCCGGGGAATGCGTTGGCACTGCGATAGACTGGGGACACGAGGAATTGCCTGTGTCGACTGCAACGCGCGTGCCGGTCGAGGTTTACCTCCGCTCCTCCTACGAGCCCGATGCCGAATATGTGGATGGTGAAATTGAGGAGAGGGCCGTGGGAGAGGTCGATCATGCTGCATGGCAGGCGGCGATTCAACGCTGGTTTTTTGCCCATGACCGGGAGTGGAACATAGCCGTTCTGCCTGAACTGCGGGTACAAGTGTCTCCGACACGGTTCCGAATTCCCGATGTCACCGTTCTCGATATTGATCGACCGGCGGAGCAGGTGATCACTCATCCGCCGATCGCTGTTTTCGAGGTGCTCTCGCCGGAGGACACGGTGCTCAAGATCCGGCGCAAGCTGGCCGACTATGCAAAGATGGGCATTCCGCAGATATGGGTCATTGATCCAGAAGATGGCGCGAGCCTTCGCTATCTCGATGGAGAGCTGCTGAGGCAGGAAGTCTTCGACGAGGCTGCGCGGGGTATTTCGTTCCGCATTGAGGAGATTGGGAAGCTGGTTCGGCGGTAGGGCTCTTAGGGCTGAGGTATCTCAGGCGACTTTGAAAGCCAAGGGATGACTTGATTTGGGGTACGGGCGGCTTTCCGGCGGCTAGGATTGCCAGTTTTGCGCTCCGTGGCGGATGTGCAGGATTTCGACTGCTAAGTCGGTCGAACGGAAGACGATGATATTGGGCAAACTCGAAAGAATAAGCTCCCGGGTGCCAGGGTCCTTGCCTATGCGACCACGGCGAGGGGAGGTTCGGAGGTCGAGAATATCCGTATACAGGCGGCGTACGGTAGGCTGTGCGAGCCCGGATGATGCTCTTGAAGGTAGTCGGAGATGCTCTCTAGGTCGTCAGCTGCGGCAGGCGTCCATCGCAGGCGCGTTCAGCGTAGGAGCATTCGTTCGAGGCGGGCATTCATCTCATCTTCCTCGACAAACTCTCCCCGATCCGCTTGCTCGATGCCTTTGAGCACAGCCGCCCGGAATCGGTTGTCCTCGTCGATAACGCGAAGGGCGGCGTCGATCACCAATTGACCCGGATCCTTGCCAAGGTGCTCAGCCAAACGCCTCAGCCGGGCTTCCTGTTCCGGGGTGAGGGGGATTTCATGTCTTGAGGGCAGAGAGGGGTATTGTAGGTGTCAAGGATGAACCCCGCGTCAAGGTCGAGTTATAGGCGTCCATCATTCGTACTTATTCGGTAGAAGCTACCTCCAAGTCATTAACGAGGCGTCAGTCTCAGATGGACGAATACTTGACTCTTCTGTCCCCAAACAAGTGTAGATGCATCGCTGGCTGGTTCGTATCTCAGAGATTGATTGGACGTGTCGCCTATCTAACCACGAGCCCGCTCAATCGCCGTCACCACTGCCTTCGCTTTATTTACCGACTCCTCAAATTCCTTCTCGGGCACGGAGTCGGCGACGATTCCGGCTCCTGCTTGGATGTAGCCTTTCTTTCCCTTGAGTAACAGCGTCCGGATGGCGATGCAGCTATCTAAGTTGCCGGAGAAGTCGGCGTAGAGGATGCTGCCGCCGTAGATGCCGCGGCGGGTGGGTTCAAGCTCTTCGATGATCTCCATGGCGCGAATTTTGGGAGCGCCGGAGAGCGTCCCGGCAGGAAAGCAGGCGCGGAAGGCATCGACGGGTGTGAGCTCATCGCGAAGTTTGCCTTCGATGGCGCTCACCAAGTGCATGACGTGCGAATAGCGCTCGATGAACATGAAGTCCTTCACATGGACGGTCGAGAATTCGCTCACGCGGCCAACGTCGTTCCGGCCCAGATCGACCAGCATGACATGTTCGGCCCGCTCTTTTTCGTCGGCAAGCAGCTCTTCGCCGATCCGTCTGTCTTCGTCCTCATCGAGTGAGCGGGGGCGAGTTCCGGCAATGGGACGATATTCGACATTCCGTTGCTTGACCCGGACGAGCAGCTCCGGGGAGGAGCCGATGATGTAGGTCGGTTCCGGCTTGGATTTCGTCGGCTTACCGTCTGGCGCCGGCTTCTTCAGTCCAACCCGCAGGAAGTACATGTAGGGGGATGGATTCACGATTCGCAGCGAGCGATAGATCGAGAACGGATCGACATCGGGCTCGACCTCAAAGCGTTGCGAGAGCACTACCTGGAAGATATCCCCGGCGGCGATGTATTCCTTGGAGGCGGTTACGGCGGCGAGGAAATCCTTTTTCCTGCTGCTGGCTTTGACGGTAAGTTTTCCGAGGGCCTTCCGGCGCTTTGGCTTCGGCAAGGGCTGGGCGAGCTTCTTTTCGAGCCGATCGAGCCGTGCGACCGCGTCGAGGTAGGCGGCCTTTGGCTTCATGCGAGAGAGGTCGGCGGTGACGATCAGCAAAATGGCCTTGCGAACGTGGTCGAAGGCCAACACTTCGTCGAAGAACATCAGGCATGCATCGGGCATGCCCAGGTCATCCTGAGCGGTTGCCGGCAGCTGCTCGATCTGGCGCACTACATCATAGGCGAAGAATCCGACTGCACCGGCGGTGAATGGGGGTAACCCGGCGACCCTGGCC
NZ_CP030840.1_gap142	5698190	5698898	708	CCCCCATTGCGAATGACCTTTCGTTCATTTGTCCAGTATGCTTCCAGACTGAGGGACCTCATTGATTTGGCTTTTGCGCGACTTTGATCTGCTGTCAGTGCTGATCCGGGGTGTGGCGCTTTCTTTCGAAGTGCTGACGTTGGGCGGGATCGCTTTTCTGTTGATCGCGGGTTTGCGCGCAAATGCGAGCGAGCCGGTGCGACGGGGCTGCTGGCGCGGAATCCGCTGGGCTGCAACTGGGCTATTCCTGGCAGAAATTGCCTCGGTTGGAATTGACACTGCCATCCTGATGGGCGGTTCTGCGCTCCACTTTGCTGACGTTGTGGCGGCACCGTACTTCATCGCTGGCACAATTGCGGCCTTGGCCACTCTCGCTGTTGTAACCTGTGCGGCATTTAGAGGCCGTATCGCCACTTTGCTATTAGGGCCCTTGGCGATTCTGATTTTGCTGGCCGCGGTTGCGGGCAGTCACGCGGTTTCGCGCATGGATCATCGAGTCGCCTTAGTAGCATTGACTGCTGCTCATCACGTGGGCGCTGCCATATGGATTGGGGCGATTCCGTTTCTGTTGATTGGCATGCGACGGTCTGAAGACGTGGGCGAAGCCAAGCGTCTGCTGGTGAAGTTCTCTCCGATGGCGATTGCGGGAGCGGGGATGCTGCTGCTGGGCGGTATCGGTATGGGCTGGGTCTATTTGGGTGTTTCGGC
NZ_CP030840.1_gap143	5717009	5719160	2151	CCATGTGGCCAATTCGACAAAGCCTTCTTGATGAGATATGCGAGGCTCATAGCTCAGGAGACTACGTGCTTTGGAGATGTCAGCATAACAATGACGGATGTCGCCTGCACGGTATTTGTGTGTAATTACAGGCTCCATAGTCTTGCCGAGGGCAGCGGACAGGATTTCAGCAATGCGGCGTATGGTGATGGGGTGGCCGCTGCCGATGTTGATCACTTCGCCGTTCGACTGGGGGCTGTCCATTGCCAGCATATTGGCCTGAACAATGTCATGGACGCTAACGAAATCGCGCATCTGCTCGCCGTCCTCGAAGACCAACGGCGCCTGGTTGTTTATCAGACGTGATGAAAATATAGCGGCTACGCCAGTGTAGGGATTGGAAAGCGCCTGGCGAGTTCCGTAGATATTGAAAAAGCGAAGTGCGGTTACCGGTAGACCATAAGTGCGACCATAAATGAGGCAAAGCTCTTCTTGATCTCGTTTCGAGAGCGCGTAAATAGAATTGATTTCAGACGGCTTAGTCTCGGCAGTGGGAAGCGGCCTCAATATTCCGTTGCATAGTGCGCACTGAAGGTCCCAATGTGCTGCCTTCAGTTGGGCGAGTGGCCGCACTTGAGGGTTAGCGTTGTGACCGCACTGTGAGCACTGATAGCGGCCTTCTCCATAGATAGACATCGAGGAGGCTACAACGAGCTTGTCGGGCGCCAGGCGGGCGTCGAGTATCGCCTGGAGTAACTCCGCCGTACCCTGAGTATTGATGCTCATGTATCGGCTAATTTCGTACATCGATTGACCCACGCCTACGGTGGCGGCAAAGTGAAAAATGACGTCTACGCCCTTTAATGCAGTTCTCAACAGGTTAGGATCACGGATATCACCGACGATTAGTTCGACTTCCTTCGACAGATAAGAGGGTGGGTGGTCTCCATGGACCTGAGGTGTGATGTCATCAAGAACTCTTACGCGATGACCGGAACGTAACAGACCGTCGGCCAAATGCGACCCCACAAATCCTGCGCCTCCAGTAATCAGTACTTGTTTCACGATATCTCCTGTTGTTCTCGGTTCATAGTGAGGAGGCTCCGACTTCCTGCATCACTCCAGCATCGCTACTCGCAGTTTGTGCGTAGCGCGAGACTACCCAAGCTGCAAAATCAGCGAACTGCTGATTGTCTTTCGGCGGACTGGTATGGTGTTCCTCCAAGCCGAGATGGGCGGGCGTGAAGCAGACTGTAACTGCCACTTGGAAGGGCCGCAGCGCTTCCATCTGCCGGTCGAACCATTCGACTGCATTCGGCCGGAAGGAATCAGCCCAGCTGATGCCTGTCCGGAGATAGCGGACTCCATGGTTTGACATCCACGAGGTCGCCTCATCGAGGCGAGGATCTTCGAAGTGGAACCACTGGCAGAGGCCCACGCTGCCGTCGCCGGGAAATAGATCCACCGCGGGTTTGGGTGTGCCGTCGGCGCGGATGAGTCCGAGGTAATAGTGGCGATAGTAAGAGGAGCCTTCCGCTTCCTTGTGGCGAGTTTCGGCGGCCCAGGTTGGTGGAAGATCGAAGAGGCTGTACCAATGCAGTCGATCCGCTGATTCTCCTATTAGCTCAATGGTTCGTTGAAAGCCGAATGCCTGCACCTCCTCGGCGCCGAAAGAAGAGGCCCCAACTTCTGTGACCCATATTGGTTTGCCGGTGATCCGCCGTGCCTCCGCAATTCTTGATGGCCATTCGGTCAGTTGCCAATGATTCCAATCGAGGGGGAAACCGTGGACACCGACGGCGTCAACGTACTCAATAACGCCATACGATGTCATCAATCGAAGGAAGTCGCAATCACATGCCGACACGCCACCGAGGACGATCGGGAGTGACGGGCGAATTGCGCGGATGGCGGATGCCGTGGCCTTCACCATATCGGAGAAGCGCAACCAACCGGGATCCAAGTGATAGTTCCAGTGAGATAGGTTGTTCGGCTCATTCCATAGAACGACCGCTTCAATCATCAACAAGTCCTCGAGGGATGTGATCCAGTAATGAAGTGCAACGCGCGAATATGCAATCAAGCATTAACGGGATAATGATGATCCCGTTCATTTTAGCCATAGGAAGGTACAAAGAAGCTGTTGGTTGCTTGCACATCTTTATTACATTG
NZ_CP030840.1_gap144	5731858	5732573	715	GGCTGCTGCATCGCTGGCCGCGGTGAGCATCGCGGGTCCACCGAAGGCATGAACGGTCAGCATCGTGATTCCCAGTGGAGCGACTGAGCGGATTGCCCCGCCGACGGTATTCGGAATGTCGTGGAGCTTCAGGTCGAGAAAGACGGAGTGGCCACGGCTCAAGATGGTCTCGACGATGCCATTGCCGGCGTTCAGGTAAAGTTCCAGCCCAACCTTGAACCACTCGCAGGACCCTTCGAGCCGATCGAGCAGAGCTAGCGCTGCAGGGGCAGTGGGGAAATCGAGAGCCACAATGAGCTTCTTCCGCGCCTCCCGTGATTTCGGAAGGGTATGCGAGGTCGCGACAGTTCGCAGAGGCGCGGAAGGCTCTTGATCGTGCATGGTGTCTAAATTGTAGCGGCAGAATAATTCAGTGAATCAAGATATCGGCGCCAGGGTTCAGCAGCAGCGCTCCAGGACCACGTGTTCGTTAGTGCTAGGTTACTGTCCATCCGGCAGAGGCCAATGCAGCTGAGCGACGGCGGGAAGAAGGTCGAGGCGCACCTTGGCTATCCCTTGAACACCAAGTACATTCGCAGCGGCGTACGAGAGGTCGACGATCCGATCTTCGGGGACGGGTCCACGGTCGTTCACTCGAACCACAACTGTCCTGTGATTGCTCATATTGGTGACCCGGATCAGCGAGCCAAGCGGAAGACTTCGATGCGCGCAAGTC
NZ_CP030840.1_gap145	5777515	5779238	1723	ATGGGGTAGAAGCCGTAGAGTTGACCGAACCCAAAAAGGCGCTCGAAGCGGCCGGAGCCAAGGTGGACGTGATCTCGTTGAAGGCGGGAGAGATCAAGGGCTTCAACTTTGACGATCCAGGACCAAAGATCAAAGTGGACAAAGAAATCGGACAGGTTAAACCGGAAGACTATGACAATCTGGTCCTCCCCGGTGGGGTGGCAAATCCCGATAAGCTGCGGACGCACCCAGAAGTGGTGAAGTTTGTGAAAAGCTTTTTTGATGCAGGGAAGACGGTCGCATCCATTTGTCACGGGCCGTGGACGTTGATCGAAGCAGATGTCGTAAAAGGCCGTACGCTGACCTCCTGGCCTTCGCTGAAGACTGATATCACGAATGCCGGCGGCAATTGGGTGGATAAAGAAGTTGTGAACGACAAAGGCTTGATTACCAGCCGCAAGCCGGACGACCTCCCGGCCTTTAATAAGACGATGATTGAAGAGTTCGCACATGCCAGCTCGTTAGCTGGTGCTCGGTAGGCACGGTTCTTGTTCGTCACGGTTCTTGATCAAGGTTGCTAAAATCCCTGGCCTTCGGGCCGGGGATTTTTGCTTCTGAACCATTTGTGTTCCAGCGACTCGATAGACTTTTAGAGCAGGAGTACGAATCATGTCCTGTGCCGGGGTTCACTCGGTAGCTCTTTTCCTGATGGAAAAGACCTACCGAGTTCGGATCTTCGCATGATGACAGCTTATTTCTGCTTAAGCTGGAGCCGAGAATGACATTTTCAGAAGTTCTTACCCGCCGGGAGCTCGTGCGAAATCTTTCGCTGGCCGCCGGAGGGCTTTATCTTTCACCGCACACCTTGGGACTTGCCGCATCGTCCTCATTTCCATCCAAGCGTCCCCAGCCATCAGCGCGGAGGTTTCGCAGCCCTGCTGTCGATGCAGCGATCGACTCGGTTTCGAGTAAGATCTCCGATCCGGAGCTTGCGTGGCTCTTCTCAAACTGCCTGCCGAATACGCTCGACACCACCGTGACCTTCGGAGAGTTTGAAGGGAAGCCGGATACGGTCGTCGTCACCGGGGACATTCCCGCGATGTGGCTCCGGGACTCGTCCGCGCAAGTCTGGCCATACCTGCCCTTTGTGAAGGCTGATCAGAGTCTCGCGCGGTTGATAGAAGGAGTGATCCGGCGACAGACCCGCTGCATCCTGATTGATCCTTACGCGAATGCGTTCATGAGTGATCTCAAGAGCGCCGAACCGCTGCCCTGGAGCAAGACCGACCATACCACAATGAAAACCGGGGTTGGGGAACGCAAGTGGGAGGTCGACTCCCTTTGTTATCCGGTTCGGCTGAGCTATCAATACTGGAAGGAAACTGGTGACATCGCACCATTTGACGCACAATGGGCGGCAGCGATGCATCTCATCGTCTCTACCTTCAAGGATCAGCAGCGCAAAGGGTCGCAAGGGCCGTATAGCTTCCAGCGTGTTTCTGCTACGCCTACAGAGACGCTGGGGAACGCCGGTTTCGGCGCTCCCACCAGGCCGGTTGGTCTGATCCACTCTGGATTTAGGCCGTCGGATGACGCCTGCGTCTATCCGATGAATATTCCCGGGAACTTCTTCGCGGTGAAGACGCTCTTTCGACTGGAAGAGATGTTGACTGAGATTACCCACGATGCAGCTTCAGCTCGCGAGGCGGCGTTGCTTCGCGAAGAGATCTCGTCTGCATTGAGG
NZ_CP030840.1_gap146	5784491	5786417	1926	GCGCGAAGCGGACTGAGCTCGACGAACAAGCGGTACAAACCTTTTATCTCTCGAATTCAGCTCAGCAGAACGATCTGAACGACATTCAAACAGCGTTGCGCAACGTGCTCACCAACGCCAAGCTGTACGGGGTACCGAGTCAGAATGCAATCGTGATGCGGGCGACTCCAGATGAACTGCTGCTCGCGCAAAAGCTGGTCAACGATCTTGACAAGGCGCGGCCGGAGGTCGTCGTCGACGTCGCTGTGCTCGAAGTGAACCGTAACAAGATGACGCAGATCGGTATCCAGCTGCCGCAAACCGCGTCGGTCACGATTACGACTCCGACGACGGCCACCTCTTCGACTAACACTACGACGGACACGACCGGTACTACCACGACCAACAACTTGACCCTGAATAACCTCGCGCATCTGAACGCCAATGACTTCGCCGTGACGCTCGGGACCGCTCAAGCCAATCTACTGTTGAGCGACAGCGATACCAAGGTGCTGCAGAACCCGCGTATCCGGGCGACAGACGGACAGCAGGCGACGCTGAAGATCGGTTCGCGTATTCCGATTGCAACGGGGTCATTCTCGAATGGCGTCGGCGGTTCGGCGCTCGGGGGTATCGGCGCTGTCCAGACGCAGTTCCAATACATTGACGTCGGCGTGAATATCGACATGAAGCCGACCATTCACTATGACCGTGATGTAACCCTGAAGCTCAAGATCGAGATCTCGTCCGAGAGTGGTCAGACTACCATCAGCGGAGTCACCGAGCCGATCATCAGCCAGCGCACCGTAGACCAGGTGATTCGTCTCCGAGAAGGCGAAGTGAATATGATCGGCGGCCTGCTGGACAAGGAAGAAAACAAGGCCGTTAGCGGCTGGCCGGGTCTCGGGGAACTACCAATCCTGAAATACATGTTCAGTACCATCACCAAAAGCAAGATCGATGATGAGATTGTGTTCCTGCTGATCCCCCACGTGGTGCGCGGAGCCCAGTTAAGTCCGCTGAACTTAGAGCAGATTGACACCGGCACCGGCAGCGCGGTAGAGATACGACGCAAACCGAGGACTGACGATGGAGTAGCACCGGTGGTAACGCCGGCCCCGACGGCATCGAACAGCAGTCCAGCCGGCGTGACTGGGCCAGTGGCGGCCGCGAGTGCTTTGGCGGCCATGCATCAGGAGGCGGAGACGAACACCGGCGCACCGGTGGCACTGCAGCTGACCACCCCCCCGACCCCGCCAAAGGTGGGTAGCAGCTTCCAGGTTGCGGTCAATCTGAATGGTGGGCATGACATCTTCTCCGTGCCTTTACAGGTGCAGTATGACCAGACCAAGTTGACGCTCATCAACGTCGATTCCGGCAATTTTCTGGGCGCCGACGGACAGGCGGTGGCGTTGGTGCATCGCGACGATGGGAACGGCGGCGTGGCGATCTCCGCATCGAGGCCTCCCGGCGTGGCCGGGGTCAACGGTTCCGGACCGGTTTGTCTGATGACGTTCCAGGCAAAGGCGCCCGGAGACGCTCCTATTGCGATTACCCGGCCGGGTGCAAAGAACAGCGCTCAGCAAGCGTTGCCGGTGACAGGTTCGCAGATCACCGTTCATGTTCAGTAGGCTCTTATGAGCGAAGCGTGGTTGAGATGGACCCAAAAGAGGTGCGTACGAGACGGCGAGCGCGGCTCGGAACGTGGCTTGACGCTGGTTGAATTGATTGTCACGGTCGCGATCCTGGCGATCGTCGCGTCTGCTGCGGTTCCGGTGACCCGCTTTGAGGTCAAGCGGGCAAAAGAGCGGGAACTCCGCTACGACCTGTGGCAGATGCGGGACGCGATCGACAAGTATAAGGACGCCGCCGATAAAGGCGCTTTTCAGACCAAGGTCGACAGCCAGAATTATCCCCCCGACATGGAAACGCTGGTTACCGGCGTCG
NZ_CP030840.1_gap147	5788866	5790119	1253	AGCGAGCCGTGCTTGCCGAGCTCGCCCAGGCCGGCGTCGATGGCTGGCGGAATATGGAGCAGCGCAGCAGCGCCGGAGCCGGGATATGGTTTCGCGTAGTAGCCCTGCGAACGAATCCAGTTGGCGAGCGCGTAGGAAGAGCGCATGCCGCGAGCATACTGGTCCGCGATGTCGATCATGCCGACTGAGTTGGTCTCGTCGGAGGGGACCTCCTTCAGGCGCTCGTAGTTGTGGGCGAGCTCCAGCACGATGACCCACGGCTCCTCGATCGTGTAGCCCGCGACGACATAGAGAGGATCCATCGGGGTCATGCCGACGGCGTCCGCCTCATGGGCAAGAGCGAAGGCGGTGGCCTGTGCGGTAAGTTCTTCGGGCGATGCTAGGTTGCGTGTTTCGCTCACGGGGACAAGTTCCGGAAAGTCATAAGCGGCCTTGAACGCTTCGTCGGAGCCGGGGCATTTGCGAAAATTTTGCCGCGCATAAGCTTGCAGTTCGCCGAAGGGGTGCATGTCGGGCGGATGCCAGAAGAAGGGGGAAGCCTGGCGCGGGGTTGTCTCGCCCACTCCGTTGATAGCGTTGCCGGAGGTCTTCAGCAGGGCGAGCGTTTCGGGCCTGGGGCGGTAGGTGCCCCGCTTGGGTCGCCTGGGATTGGTTTGGGTCGTAGCGGTTGCAGGTGTAGCCATGGCTTCTGTTTTCCCTGGGTTTAGCCGAGGTCGCTGAACGGCCTAAGTATAAGGGCAGAGTTTCCGGCAGGGATCACCCGAAAGGTTGAGCGCTCGCCGTGTTTGGCGCCAAGAATATACGCCCCACACTTCGGGCAGTCTCGGGGTTGTAAACTAGAAGTTCGAGGAATTATGCCGGAAATTTATCGCAGGAAGACGGTGACCACGACGATCGGCCGCATCCGAGTCGGTTCGGATGCGCCGGTCGTCGTCCAGTCCATGACCAACACAGACACCGCCGACATCCCAGGCACCATCCAGCAGGTAGCGGCGCTGGCGGCGGCTGGTTCGGAGCTGGTTCGGGTGACGGTGAATAACGATGAGGCGGCGATGGCCGTGCCTGCCATCGTCGATGGATTGGCGAAGCTCGGTATCGATGTCCCGATCATCGGCGACTTCCATTACAACGGGCATCTGCTGTTGAAGAAGTATCCCGAATGCGCACGGGCCTTGGCGAAGTACCGCATCAATCCCGGCAACGTCTCGATTGGACGCAAGGACGACGACAATTTCCGCACCATGATCGAATGC
NZ_CP030840.1_gap148	5793396	5795897	2501	AGGATCTCGCATTTGCGCTCGAGGGCACGGATGACTTGCTGCTGTTCCGCCGCGGTCCTGGCATGGGTGGAGACGTAATCGAGCGCGAAGGCGGCGTCCTCGGGAGCCTGAGTGAGGCGTCCTTCGAAGTAGGCCAGGCCGGGAATCAGATAGGGATAGTGGAGCCTCATCTTGTCCATGCGCAGAGAGATGAGGTCGCGGGAAAAGAGTTCCGTCAGCGAGGAAGCCACGGCAACCAGCAGAGAACTGTCGCGAACCAGCGCGAGGTAAGCGTCGACCGCAAAGATGACGCCGGGAAGGATGCCGCGATAGGAAATTACCGAACTTCGGTCTAGACCAGTGGCTTCGGCGAGTTGAATCCACTTTTCAACTCCGCCGTAGCCGTCCTGATCGCCGTCATGATCGAGAATGCGTTTGCGCCAGGTGCGGCGAAACGCAGGATCGTCGCTTTTCGCCAGCAGCAGCGCATCTTTGATGGGAATGCGGCTTTGATAGTAATAGCGGTTGAGCGCCCAAGCCTGCAGCTGTCCTCGAGTCAGCTCACCTTGATGCATTCGTACATGAAACGGATGACGGTGGTGGTACCGGGCCTCGCCGACTGCCAGGAGGCGCGCACGTAGTTCCTGGCGCGAAAGCAGGTCGTCTTCAGTCGTGAGTGCGACAGCTAATTCAGTTGCCATCCGTCATGTCCTATCTCCCAACCGGCCTGGATGACCTGGTTGTATTCTGCGCTACGCGGGTCGAGAACGGGATTGGTGTTGTTAATGTGAACGAAGACTTTCTTGGGCTTCTTGATTTGGGAAAGGAGAGCGATGATGCCGTCATCCCCGCTCATTGGGATGTGTCCGATGCTCCGCGCCGAAGGGGTGCCTGCGTGGGTGCTACTCAACTCAGCATCGCTCCAGAAAGTCCCGTCGACCAGAATTACATCGCTGGTGGAATAGATTGCGAGGAGTTCTTCGGTGATCTTCGGCAGTGAGGGCGTGTAGGCGATGCGAAGCCCACTCGCTTCCAAGAGCAGCCCGAGGCTGGCCTGACCGTCCTGCGCTGGATTCACGTCGCGCGCATAAAACGGCAAAGATCCAGAAAGCGGGATCGCTCGACAGGTGATCTCGTGATCGAGCAGAAGCGGGTGATCGGGGGAGATCTCGACCCAGGTCAGTTGTTGGGGAACTCGATCCAGCATCCGAAAGAAAGTGTTCGCTTCCAGCACCTTCCGCACGAGGGAAGTGGCATAGATGGTGAGCGGCTGAAATTCGCGGAGAAGAAGGACGCCGAGCACCTGGTCTAGGTCGGCGCTGGTGAGCAAGATCCCATGCAGCGGCGTGTTTCGTTTGCCCAGAGCGGCTGATGGCTGGAGTTCGGGGTTGGCTTCGATTTGGTATCTGAGGTCGGGGCAAGCGTTGATCAGGAACCAATTCTCGCCATCACCCGAAAAGCTGGCTTGCAGTTGCATTCTTGGGGCGGTCAGTTGAGGCTGGGTCCGGGACAGTTGGCAAAGAGAACAGGCGCAGTTCCACTGGGGGAAGCCACCACCGGCAGCTGTCCCCAGCAGCTTGAATTTCAGCAAGGTTTAGACTTCCGCGGGGGCGTAGCAGTTGATCTCGCAGCCGAGGGTCACTTCTTCAAAATCAGGGCGTGTCCAGACTTTCGTTTCCATGTCGTTCTCCTGTCTAACGATGATGACGGCAGCAGAAATATCGGCTACGCCGGGATCTCTGCTGCCCTATTGTAGCCCGGTAATCGAAAACTACCAGAAACTTTCGTAATGTTTTCAACGCGATTGCGCCCGGCGCGACGCCTCGCGGCAAAGCATTTCGCCGACTGCCTTGTGCACGGCCGTTGATGGGTGACCCTCGTGAAAATAAAAGTGGCTCGAGGGTGACGTGCAGGGAGTCGGATCCTCATTCTTCAAGGCGCGGCCGGCGCACGGGGTGGTGGTGTCGGTGATGCCGTATTTGCCGGGATTTTGCATGACTTCGTCGAAGAACGAACCCCAGTCGCTATTCTCGATCTGAATGTCCGAAAATCTGGCCTGCAGATCAGCCGGAATCCTGGCGAGTTGAGGATTGAAGCGAATACCAGTGGTTGCGAATGCGGGTATTTTGGTCGGCAGGAGAGCAACCATGAAGCGGCGAGCGCCGAGCGCATAGAGGGTTGCGATCTCGGCCTTCAGGTTTAAGGACGTGGCGCCCGCCGGGAGAGAACGGTCGTTCAAACCGCCCGCGAAGAAGAACATGGTCTCCCTGGGATCGAAGTGGATCCGGCCGCTTTTCACGAGACCTGCAAAATCGTCCACTTGATTGCGCATGCCGCGGCCGAGCAGTTCACCATGCTCAAAGTGCTGACCCTCTCCAAAGCCCGTTCTGGCGCCGCTTACGGCGAAATTGAGGCCCTTGCCTTTGCTATCCGCATCGCCGAAGTAGGTAAAAGGGATATGAAGGCACTCTGCAAGGTAGGCTACCGCGGTTGGACCATTGCCGTCGACGTAGCCGGCTCCG
NZ_CP030840.1_gap149	5845358	5847444	2086	GCCCTCGCCAGATCGACAGCGGTCACGATCGACATTGGCTCACCGCGGAGCAGGACCGCATCCCCGGCTTCCCGAGCCAGATCGGTACCCGTTCCCATGGCGATGCCAGCGTCGGCCTGGGCCAGAGCAGCGGCATCGTTGATGCCGTCCCCTACCATCGCGACTTTTCGTCCCGACGCTTGCAAACCGCGGATGTGTTCCAATTTTTGTGCAGGCAGCAGTCCGGCATACACCTGAACAATGCCAGTTTGTCTGGCGATGGATTGGGCGACTTCCGGATTGTCTCCAGTGAGCATGATGGTGTGCAGGCCGCGAGCCTTGAGTGCCTTGACGGCGCTGGCTGCTCCTGGGCGGATTTCATCCTGAGCGGTGAGGTAGCCGTGGAAGCGGCCATCGATCGCAATCAGAAGAACGCTGCCCTGGTGCGGTTGCAGCGATGTTTCTGAAGTAGAGATGCCAAGCTGCGCCATCAATGCCGCGTTGCCGGCAGCGACCCGATGGCCCTCAACCACACCGGTAATCCCCATGCCGGGAACGGCCTTTGAGTCGACGCTCGGCTTGAGCTTCAATCCGCTTTCTTCCGCTTTTTCGAGGACGGCGCGCGCGAGTGGATGTTCGGAACGCTGCTCGAGCGATGCAGCCAGCAGCAGTAACTCTTCGCTGCTGGTATCCGCGGTGGGATAGATGCCATGAATTCGCGGCTTTCCTATCGTGAGCGTTCCCGTTTTATCCAGCAGAACGGTGTCGACACCAGCCAGGCGCTCCACTGCTTCGCCACTCTTGAACAGAATCCCAAGCTGCGCGCCGCGGCCGATCGCAACGGTCAGCGCCGCAGGCACCGCGAGCCCCATCGCACAGGGACAAGCGATTACCAGGACAGTGACCGCGGCGGCGAAGGCGTAGCTCGGATTCGCACGATCAAGGATCAGCCAGCCAACGAGCGTCAGCAGCGCGATTCCCAGCACCGCGGGAACAAAGACGGCGCTGACCTGATCAGCAAGCTTCTGGGTTGGGGCACGTGATGACTGCGCGTCCTGCATTAAGCGGAGCATCTGACCGAGAATGCTGCTGTTCCCAAGCGACGTTGCCCGGTATTCCAGTGCACCGTCAAAGTTGAGCGAGCCCCCGATGAGGCGGTCGCCGGGTCCGCGAGGTACAGGGATCGACTCGCCGGTCACCAGCGATTCGTCGACATTGCTGGTGCCCGAGAGCACGACGCCATCAACCGGGACGCGTTCACCTGGACGCAAGACGACGGTGTCGTCTGGTTGTACCGAGGCGACGGGAATTTCCACTTCACGACCCTGTTGCAGGACGCGCGCGGTCTGCGGTTGCAAACGGGAGAAGGCCTTGAGCGCCTCCTGCGTGCGATCCTTGGCGCGAGCCTCGAGCCACCGTCCAAGCATCAGGAATGCCAGGATAAACAGCACCGACTCGTAATAAACATCCGGACGGAGGCGGTGGGTCACAAACAGAGAAGGCGCGAGGGTCGCCAACGCCGAATACAGCAGTGCGGAGATCGTTCCCAGCGCCACCAGCGTATTCATGTTCGTGGCGCGGTGGAGGAGCGCTTTCCATGCAGGCTTGTAGACCTCGCCTGCCGCGAGCGACATACCGGCGAGCGTCATCGCGAGCAACGTCCATCCGAGTGCCTGGGCCGGAATTCGATAGAGGATGGGCAGCGCTGCCATCAATAGCCGCGAAACAGGACCAGGGTTTGCCGCCATGCCGTTCATCAGGGGCATGGAGAGCAGCATGGCCAGAGCCGCCAGGACAAGCGTCGACAGTGCTTGAAGACGCAGCTTGCCTTCGGCGGCTTCCGGGTGCACGTGCGATGCAGGTGTAGCGTCGTCTGCAGGTAACGATGACTCGTAGCCGGAACTCTTAACTGCCTCAACGAGCTGCAAAGGAGAAGCGATCTTCTGGTCGAAGACGATTCGCGCGGAGTGCGTCATCAGGTTGACCTCCGCCTCACCAACTCCCGGGGTTTGCCGTAAGGCACGTTCCACGTGGGACTGGCACGCAGCGCACGACATGCCCAGGACGGGGATGGTGATCGTCGCCTGCGCCGCAGTCTCTGACGCCT
NZ_CP030840.1_gap150	5855262	5857528	2266	ATCCCATGCTTGCGGCCGCGGCCGAGATGATGGATACACCGAGAAGCGTCCAATTGCCGGGTGTGGACCTGTTGCTTGCCGGGCATATTCATCTTTTTGGCGCGCTCGACTTCTCGAGCAATCAGGCATCGTTGCGGCCTGCCCAACTCATTGTCGGCGATAGCGGCACTGCGCTCGATTCGGCGGACGTTCGCAGTGGTGAAGAGACGATCGACGGTCTCTTGGCAAAGTATGTGGTCAAAGGCAACTTCGGTTATTTTGTTCTAGATCGAAAAAAGAAGGGCTGGACCGGCATCCTCTACAGCACCGAAGATGCGCCGCTGGTGCGATGCACCTATCACCAGCGGCAGATCGAATGTCAGGCTGTGGAGTAGAGCCAATTACTCGTGTCTCCGGAGGGGATGGCCGGTCGGTCCAGACCCTGTGTTGCCGGTTGCTTCGACGACGGTCAGGGTAATTGGACTCATATCCGCAAGGCCGCCTCCGGCAGCTGTCAGCAACAGCTGACTCGAACCGAACCCTGCTGTCTTTGAGGCGGTGAGCGTAAGCACGCTGTTCCCGGCGCCGGGCGCGGAGAAGACTGCCGGGGCAAATTTTGCCGTAACTCCAGGAGGCAATCCACTCAGTGCGAGAGTTACCGAGGCATTGAATCCGCTGCTCGCGATAGTCTTCACCAGAAGCGTTTCAGTGTCGCCTCGGGACAGTGTGGCTTGCGGCCTGCTTACGCTGAGTGTCAGGCTGCTGAGTGGGACGCCGCCCCAGGCGGTCACCAGCTTCTCCGCATCGACTGAACCCAGGCCAGAGGCCGGATCGTATCCGGCGGCTGCGGAATAGCCGGTCACTCCGGGCACGCTGTTATTGCCGGAGACAATATCGTGGAAAACGCCGCCACCGGCCGCTGCCAGCTTATAAAGCTGAGGGTTGGCATTCCCCAAGTGCGCTTGCATTTTTTGTTCCACCAGAGCGAGCAGGCCTGCAAATGAAGGCGCGGCCGCCGAGGTACCGCTGAAGACATATAAGCCGCCACTCACCTGCACCAGATAACCATCATGGCCAGCCGCGGATAAGGCCACGTCGGGGAGATCGCGCCTTCCATCCTTGGGCACTCCCGAGCCAGTCTGCCAGGCCGGCTTCGGATAGACGCTACTGGCGCCGCCTCCAGTCGACCATAAGCCAGAAGACCCACTCTCGTTCCAGACGACCTCAGGAATATAGCCAAGGGCCGACTCCTCTCCGACACCATTCGTCTTTCCCCAAAAGATTGCCGGGTTACCCAGGTCATTGAATTCCGTGCCGCCCACACAAGTGTTGTAAGGCGTAGAACACATTCCGTTCACGCCTCTTCCATGTGTCGCCCGGGTTGCATTCGCGGAGTCGCACCCGGCCGCTCCGCTATCTCCCGCCGAGACCAGGATGGTCATTCCTTGCACCGCCGCCTGCTGCCATAAGGAATTCAGGAAACTGTTGCCGCCGGCGCCAAGTGACGCCTCGCAAAGCCCGTAACTGAGGCTCACAATGGACGCTACGTTGCGGTTGACCGCATAAAGCGCCGAGAGGAAGACGCCATCGCTGACTGCGGTCGATGCCGAGGTAACGAAGTCTATCGTGGCCTTGCTGGCGACCGCGCCCGACCATTCCACATCAAGCATCGATTCGTAGTAATCGCCTTGGCTTGCTCTCCCTGGATCGCTCCCGTTCACTATAACGACCGGGTCTTTTGCCGCTAATCCAAACTGGCTGCGAAACGACCGGATATCGCTGAGGGTAATGTCCGACCGACCGAGAATGGCGATCGTCACACCGGAACCATCGTAGGCCTGATGGTACAGCGAACTGACGTCATAGATGGCGGCAAAATCCGCGGGAGACAAATAGTGGGTCCCCCCCGCCGAGTATTCCGGCGTGACTTTTTGGGATCGGTGTTGGGGAGTGCTGAACAAATCATGAAGCGAAACCACTCCATTGATGACCCCGGACAGCGCCAGCGGAATGGTCGGCTCGGTGGCGTTCGCTAGGTGATCCTCTCCACCGAAACGGTAGGTGCGCATAGAAGTGTGGAAAGCCGCCTCCACCTGTCCGCTGGTGCCGCTAAAGAGCAGCGTGCGGTGGTTTGCGGCTATCTCATCGACTTGCAGACCGTAGCGTTCCAGCCATCGCTGCACCTGCTCGATATCGGCATTCGACGCACCGAAGTGCTCTGCGTAGATTTCCGGCGTCAGCCACTGGCGGTAAAGGGGTGAATCAGGATTTTGTTGCGCCACGAGCA
NZ_CP030840.1_gap151	5890179	5892069	1890	ATGCGAATCAAGCCGGCTGCTACGCATGAGTGTGAGCCCGACCCTAGAGTGAAATGTGCTCCTTCATTTCGATGGATATCGACCTGATTAGGTTGGGGAAAACGGTCGGGATCGCGGTTTGCGGCGATGATCCTCAGGATGACCTGCTCCCCCTTACGAATTAAGCAACCATTCAGATCGATATCCGCCGTAGCTATTCTTGTGACGGTGCGGGCAAGCCCAGAGTATCGCAGCAACTCCTCTATAGCTTGCTCTATAAGTGCGGGTTGTTGATGCAGTTCGGTCCATTGCAGCGGATATTGGATTAGAGCGAACCAGGCATTTCCCAACAGACAAGGCAGGGTTTGTGAGAGAGCGACGAATCCGGAGCTATCTAGGCGCTCGGGGCTGGAGGGAATGTACCTTCGTATCTCTGCGTTGGCGGCCTTGGCAGAGGCGCGCAGAGCGTGGTCGTAAGGCTCGGCGGCAGCGGCTGAAACGTGTCGGGCGCCTTCATAGAGACGGGCGCCATCGTCCCGGGAGATTCCGGTCGTCATCGCTGCTAAAGAGAGACAAAGCGGCCGTGCGTAATCATCCATCAGATCGACTGGTTTTTCGGTTGATAAACCGTCGGCCACCTCATAGACCTCGCGATTTAATTTATCTCTCCACCTCCTTAATGGCACTGGGGAAAGTGACTCTAGGGCTTCTACTCGTATCCTTGCTCGCTCGCGATCGTCCGGCAGCTCAATCGTTTTCCCCAGACGAGGGCTACTCAGCACAAGACTCGATGTACGAAAGGCTGCGAGAACATCAGAGTACTTGCTGAGAACCCATGCGTTCAGCAGGGGATCGAAATAAGCAGCTTCGGTCTCGGGCGAAGATGGACAGTCGAGTTGATCCTGGCTCCAGCTCGGTATAAGTGGATTGCTTGGTTTTATCGGCATCGCGCAGCCTTGCTTTCATTGTTTAAAGTAGGCGATCAGATCCCGCCGCTCCTCAGCCTTGGGTACATAGAAGTCCATCTTGGCATCCGGTATTACCGAATCTGGACCGCTCAACCACTTATCCAGAGTGGCTTCGTTCCAGGTCAGTCCCGAATTCTTCAATCCTTGGGAGTAGTCAAACCCCGGCACGGTTCCGGCCTTTCTTCCATAAACTCCAGCCAGTTTTGGCCCCTCCTCATTGATCTCCATGGAGTGGCAACCTGTGCAGCGCTTGTCGAATACCATCTTGCCCCGTGTAGCATTCCCAGCCCCAGTCAGCGTCGCCTCGGTGTTACCTGCATTCTTGCCTAACTTCGATAACGCTTCCACGTCAGCCTGGGTAAGCTTGGCGCCCCAGTGAAGTGCCAGGTATTGAAGCGGCGGCATGTCCCCACTCTTTGCCTCACTGCTGATCTTGGCAAACAGCACTTGCTGCTGCTCCACCGACAACAACTCCCATCGAGAGAGATCCATGTGCTTGTGCGCCTCGACGACATCTCGTTCGATCAGCCAGGATCCCGGAGCAACGCGGGCGTAGACTGGCCAATGCGTTTCACTCGAGTGGCAATCCGCGCATTTACTCACCAGCACCCCCTTTGCAGCAGGCGACAGGTTGGCGCCCTCGAGCAGCCTGCCCCGTCCTTGCGCCTCCTCTACATGAGGATTGCCAAACGGATGGACATACCCCAGGCCCGTCATCGAGGCTACGAGAAGCGCCGCAACCAACCAGACGCGCCTCACACCGCCTCCGCCAGCGAAGAGTCGACAACCGCGAGGTGATTATGTCCACGAACGACGTTGACATTAGTTACCCCAAGTACGCTCTCTAGCTTGCCAGCGGGAACTGCCATGGGACCTGGGCCCGCCGCAGTTCCTGGCGCAGGCTGCGGGAATGCCGTCGACATAGCCGTATGAAAGCTGACAT
NZ_CP030840.1_gap152	5894174	5896292	2118	TCAGCAGAAGCGGAGAGTTGCGCAAGAGCTTCGGCATCGCGGTGATGCGCATAATTCTGCCATGCCTGCATAGTCAAAAACGTTGCATGGATCTCTGCTGAAATCGGCGATCCCTCAGCTTCGACGGCCTTATAGATCGATTGCGCGCTCGCCACAGCCCGATCGGCTGCGCCGGGATCCCGTAAGTGGCCGGCGGCAATCGCTTGTGCCCAAAGAAGAAAATAACGCGACGAGACAAGGGGATGGGGTGGTTCAGCAATTGCAATAATGTCTTTCCACTCGTGGCGCTCCAGATGATAAATGGAAGGGAATTCCACCTGCATGTACGAGGTGTACATGTACATCCCATCGTTCTGGATGCCGGGGATCACTGCAAGATGTTGAATCAGCGGATTGGTATCTTCGTAGATCTTTCGTGCACGCGCATCATCGCCGTCCTGCAGATAGGCATAAAGCAGGAACTCATACGCGTGCATCTCATGGGCGACTCCGTCGAGGTGCTCTTTGGCCGCCAGTTCCGAAGCGTTGACCGAGTCGAGATTGGCCGCGATATCTTCCTGCCACATACCTAGCCGTGCGAAAATGTGGCCGGGCATGTGAAGGGCATGGGCCGAGGCAGGTGCAATGGCTGCGTACTTCTCAGCTGCGGGCAGGGCTTCTCGGGCAAGCTGAGGGTTGTCGCAGGTATGGATAATGTAGTGCGCAAAGCCGGGGTGGTCGGGGTGAGCCTCAAAGCCAGGCATGAGTACGGCCAAGGCCTTTCGATCGGCTGCGATAGGATCTTTCGGGTCTAGAGATGCGGCTGCGGAGAGACCGAGACCGTAAAACGCTAAGGCTTCAACATCGCTGGGATAGGCCCTGTGCAGATCGCCCATCACATCTGCATATGTGCTGACCGCCGCGATGTTTTGTCCAGGGTCGGAGTGCAGGTAACCGCGTAGTGCGGCGATGTAGCGGAGCTCGCGGTCGGTCTTGGGGTGAAGCGCCGCTGCATTGTCGATCTCCGCGATCCCTGCCTTGCGCCTGTCATCCGGCATGCCGTCCCAGAAGGGGCGCCATTCGGTCATGGCGAGACCCCACTGCGCCATGGCGCATGAGGGATCGGCGTGGGCTACGGAAGCAAATTGCTTGCGAGCTTCTTCGTACCAGAAGGAGTGAAGCATAGCGACGCCACGTTCAAATGGGACCTGAACAGAAGCACTGCATGAGATAGGGAAGTGCACCGTGCCGAGTTTTACGAGAGCTTCTGGCGGAACGCCCTCACCGCCATTATGGTGGTGCTGCTGTGCTACCGAAACAGAAGCGATTCCAGCAATGCAAAAGTGCATCATAAGTCGTTTTAAGGTCATGCGATGAGTATAAAGTTCATCGAACAAATACTCCACTCAATGACGAGGCGCCGCCGCGCGAGAACAATTCCTCAGCACTCGTCCCTAATATCTATCATTATGGCGGAATAAATCGAGACCTTAGAAGTTTAAGGATACAGGTTGTTAGTTCATCTTCTTGACCTGAGATGCCCCGAGCACGCGCAAAGGAAAACGACAATTGGCGCAGGCTGCAGCTCTCAAAGCTGCTGCGGAGTTCTCGAAATCGGTCGGTATGGACGAGTCGCTCCATGAAGCAGGCTGCGCAATACGAACACTCGACAAACACGCTTGACTAACGAAAACGATGCTATCGCCAATTCAGTTCTTCAGCAGACCACTTGACACGACCACAATGCCGTTCAACCCCAACTCCAAAGAAGCAAAACTTGAAATTGATAACTGGATTCATACTAGCCAACTAGGACTAAGTCCTGATATCCACAATTCCCTAATGCGCGCGAGATTCGAGCGCTTCGCTGCATATACGTTGCCTTTTGCTGATGTTTCACATCTGAAACTTCATGCTTTATGGCTATGCTGGACACATCTCTTCGATGATCCCTTCGATGAGGGACAGCTATGACAGCAACCTGGTCTCGCCCGGGCAGTAATTACACGGCTGACAAATGCACTCTATGGTATTAAATCTGATGATTTGCGACCAATCGATAGAGCGGTTCTTAGTCTCTTCGAGCGGAGCTGCGCTGGACGGTCCCCGTCGTGGCAAACACGTTTCCGTCGTCACGTC
NZ_CP030840.1_gap153	5900137	5904859	4722	GCGTTCGCTACCCCAAACGCAACCAATATCGCTGATGTGGATAAGCTCGCGGGGCTCGCCGAGCTTTGGGCCCAAGCCAAGTTCGGTTTTGCCAACTTCTGGCACGTTCCGCAGCTTAATTGGGACCAGACCTACCGCGACTTCATTCCAAAGGTTCTGGCTACTCGCTCGACGGAAGACTACTATCGCGTTCTTCAGAGCTTCTACGCTCTGCTTCAGGATGGCCATTCCAATGTGTACTCACCTGAATTGATCGAAGGTAAGCTCAGCCGCTTACCACTCCGCACTCGGCTGGTAGATGGCCACCTGCTCGTCATTGGTTCTCGCGATCCTTCCGCAAACCTGCAGGGTCTTCATGCCGGCGACGAGATCATCACGATCAACTCTGAACCGGCCACTAGCTGGGCTGAGCGCAACGTGGCACCCTTTGTGAGCGCCTCGAGTTCTCAAGATCGCAACACCCGCACCTACGAGTACGTGCCCTTTCTCGCGCCGATCGGGACTACCTTCACCCTCGGTGTCGAAACGACTTCGGGAAAACAGAGCACACACGTCTTCGAAGTTATGAAGAGTGCTTCGCAACACAGTCCCCTTTTCGACCTAAAGTTCCTTCCCGGCAATATCGCCTACGTAGCATTAAACGGCTTTGACGATAATACTGCCGCGAAAGAGTGGGACAAACACTGGCCCCAGATCAGCAAAGCCGACTCGCTTATTCTTGATTTGCGCAAAAATGGCGGCGGCAGCGACGCGGTGGGAGCCCATATCATGGCCACCCTCATAGACAAGACCGCGCTGGGCGAGTTGTCGCGATCCACCCGGTGGATTGCCACCTATCGTGCCTGGGGAAACGCCGAGACTCCCTTACGTTTTCCCGTCGGTACTGTAGAGCCAGATCCTGCGCGCCACTTTTCTGGTCCTACCGTTCTGCTCATCAGTCCCCGGACCTACTCTGCCGGGGAAGACATGGTCGTCGTCTTCGCTCAGGCACATCGAGGCAAGACCATCGGTGAACCCACCGGTGGTAGCACCGGCCAGCCTCTTATGTTCAAACTACCCGGCGGCGGCGGCGCTCGCGTCTGTACCAAACACGACAGTTTTGCCGACGACCGCGAGTTTGTTGGTGTTGGTATCCAGCCTGATATCCCGGCTCATTCGACACGCTCTGACATTATCGCTGGTCGCGATTCCGTTCTCGAAACAGCCATCCATTCGCTTCAGACAAAGCCCTAACAGGGTCTCAAAACGTCTCTACCTAAAGCCCTCCGCTGCTTGCCTCGGAGCTTAGCGTACATAAATTTCCCTTTCTTGAGGTGCCTCCGACTGCGGTCTGCAGGTTGTAGGCATGCTGTGTGTCAACCCATAACCATGAAACCGGTCTCTGGCTCGGGATTATTCTTCAGCTTATCCAGCGCTGCCTGCACAGTGGAGCGGTCGAACTCCGGCGTCTGCTCGTCATCCATCTTCTCCATGCTGTCGAGATAACGCTGAAGCTGGAACCGCTCGCGCACTGTGTCGATGCTGACCAGGGCGTGAAACCTGCTCCCCATCGCTGACGAAGCCGCGGATCAGGAGACCGTAGCGCCGCGTATTGGTTATCAGAATGCTTCTCAGTTCAATCGCAGTATCATCGTCTTTTTGGTCGTTCCCCGGGATCGTGATTGCACCTCATTCGAATCAACTTATCTGACTCGCAATGACAGGGCTATGACCATACGCCTGGGGAAGGTGAACGTTCCAACAGACCACATCCCCACGTCGGTCTCTAGTCAGCAACCGGATCTCGCAGAATCGCGCTCGGTGAGTTCCGTAACAGGCTCGTAACCTCAGCCTATCCTCCGCCAGGTTCAGCCAGCGTTCGAGGATGTACTAAAATGACACCCGGCCCGACATCACACCTGGCCCGGGTAACGCCCGGAGCAACGATAGTCTGTTGCTCCAGTAACGATCCGGTTCTAGGCAATCTCCGCATAAGAGATCTGGGGGAAGTCGATCTCTACTTCGGTCGCCACGTTGAAGTAGTTGGTGAAAACGTTGAGAGCAACATGCGCGATGATCTCTGCAATCTCACCTTCTGAGAACCCTGCGTTGCTGACCTCCCCAAGGTCGGCATCGGTGACCTGCCCCTTGGTTTCCAGAACCCGTTTTGCAAAGGTGAGTGCCGCCGTCGTCTTCGGGTTGCTGCCGTTGCCCCCGCGGCTGGCAACGATCTGCTGTTGATCGAGGCCGACCATCTTGCCGATTGCGGTGTGCGCGGAAAGGCAGTAGTCGCAGTGGTTCTCCTGCGCTGTCACCAGAGCGAGTTGCTCTCTGATCTTTGCGTCAAGGAGGCCGCGGCCAAGTGCTCCGCTGAAAGCAAGGTACGATTCCAGCACGGCAGGGGAAGTGGCCATGACCCGCGTCATATTCGGGACAAGGCCAAGCTTGCCCTTCACGGCGTCGAGTAGTTCTTTGGTTTTTCCAGTAGCGGTGGAAGGATCAACAGCGTGCAGACGAGACATATTCTTTCTCCTTGAGTTTAGTCGGCCATTGAGGGCCAGGGTTCTAATCCCACAATAAGATTACCGAACGTTCGGTTAAGATTCGAAAAGTTTGCTACTTTTAAAAGAATCTTTACCGACTGATCGGCATATATTGGAGGTGAGGTCAATCCATGGCGCACCGCACCATCAGTGACGAGGATTTACTGGCAATCGCGCTGGATTTGTTCCGGACCTACGGGTTCGAGGGAGTAAGCCTGAAGCGACTTGCGGATGCTACTGGACTGGAAAAGGCGAGCCTTTACTACCGCTATCCTGATGGCAAGGACGAGATTGCAATGGCCATCGCCCGAAATGCTGTCGCCTGGTTTCAGGCGAATGTCTTTGAACCGCTCACCAGCACTAGCCCTGTGCGGAAACGCGTGTCCTTCGTCGCTGAAAGGTTGAAGGAGTTCTACTCAGGAGGTTCTAAGGCCTGCTTGATGGATGTACTCTCGATCCCCGGGGGCTCAGAAGAACTGCAACTCGCTCTTCGGGGAGCGATGCAAGCCTGGGTAAGCGCTTTTGCGCTGATTGCTAAAGAGAGTGGGTTTGGGATAGCGGCCGCTCGTTCAAAAGCGGAGGAGGCCATCATTCGGATCGAAGGCTCCTTGGTTGTCGCCAGGGTGCTTGGAGATACTACAGGCTTCGAACGGGTGCTCAAATCTCTGCCGGATCTGTTAACAGGAGCGTAAGGAACCTTAAACTAGCTTTCTTCAAAGATCATTCACTGACGACACAGTCGGCTTTGTCGGACTGATCTGTTCTTCAACGAGTGAATTCGTATTTGGGCGTAAAGCGAGAATTCTCCCTGCGATCTGCACATTCAGCAGAAAATGCCGTAACTCCATGGGCATACCCTCCAAACGAATCCTAGGTAGGTAGAAGCTGTTATTGCTTTGAAGCAAGGGATCGTCCGGATCTTTTCAAGACTGCACTCTTTGGCAGGCGTGGAACAGCCTGAACGCCAGCCCAAAGGGTTGCGATCGTTTGCTCGACCACGAGGGCCTGGTCCGGCAAGTCGGGCACAACCCCTTGGATGACCATGAGGGTGGCAAGCCCAAAGATCGCAAACCACCAAGTGTGGGCTACCACTATGTCATCCCTATTTGGCAATCCTTCCTCCTTGGCAACATCGAAAAAGAGCTTTACGAAACGCCCAAATAACGGCGCGCCAAGGTCGTTGATGTGTTGTCCAGCGCGGATGCCGTTGCGGTTCTCGGGCCCGAAGAAGACGTTGCGGAACAGCTGTGGATGGGCGGTGCAGAACTGAATCAAGCCACGTGAAGTCGCAAAAAGACGCTCTTTCGGTGAAAGATGTTTAGCGGCAATCATGTCGAAGTTCTGAACCATCAATCCGATCGTCGCGCTGCTCAACTCGGCAAGAATGTGCCATTTGTCGGGGAAATGCTGATAGATCACCGCGTGGGTGTAGCCGATCTCTTTAGCGATTTCGCGAAGCGTCACGGCTTCATAGCCGCGATCGGCGAACATTTTGCTAGCGGCTGCAAGGATTTCGGCCCGCAACCTCTCCTTGCGCTCTACCCGGCGACTTGGTGATGTGGATGACATTCAAACAGCTTAGCCGCTTTTGGCGATGTTTGCGGCCGCTTGTTAATTTACAACCATTATTATAAAAACCAACGATTATTTAGCAACCATTGGTTACGCAAGTTCTCTAATAGGCAGATCGCTCACTGGATGGGCGGCCAAATGCGAGGCAGGAGGAGGATACGATGAAAGTTTTGGTGATTGGAGCAGCGGGCAAGAGCGGTGCAGCGCTCGTAAATGAGGCGCTGGCGGCCGGGCATAAGGTGACGGTTTTCGTGCGTACTGCCGCGCTGTACAAGAAGGTGAACGTCAGAGTTGTCGCGGGCGACGTGCTGGACGCGGATGCGGTCGACGTTGCCGTAGCCGGACAGGATGCGGTGATCGACGCGTTAGGCGGCAAGACGCCTTGGAAAGTGACGACGATGGAAACGAACGCCGCACACAATATTGTGGACGCGATGCGGCGCAATGGCGTGCGTCGCCTGCTGAAGATTTCAGTGGTGGGTGCGGGCGAGAGCGTCAAGAATGCCGGCTTCTTCAACGAGCACGTACTCATGCGGACGTTTCTTCGCGGTCTGTTGGTAGACAAGGCGGGCATGGAGGCCGAGATCGAAAGCAGCAACCTCGACTGGACGCTCGTGCGGCCACCGAT
NZ_CP030840.1_gap154	5907862	5912223	4361	GCCCTGAAGCTGGATCCTGGAAGGCGCAGCTACAAAAATCTAGGCGGCGATGGGCGGATAGCAAAGATCTTTCTGGTGGATGGGGGCGATGCAGTGTTAAAGGCATTCTCTCCAAAGAACCAGGCGTACGCGGGCAGGATGCTCGAGAAGCGCAGGGTCCAGCTGCACCTGAAGACGCGAGTCAAGGAAGTTGGAGACGGATATGTCGTGCTTTCGGACGGCACGAAGATCTTGACCCACACGGTGATCTGGGCGGGCGGGCTGAAGGCGGTCGACCTTTCCGGCAAGTTGGGGATAATGCCGGGGAAGGGAGGCCGTCTTGATGTTGCACCCGATCTTACCGTACCTGGCCTTGATGGAGTTTATGCGCTCGGAGACTTCGCCAATATACTCGGCAAGGATGGTAAACCGCTCCCGCAGCTCGCGTCCGTGGCGCAACAGTCGGGGAACTGGTGCGCGAAGAATATTCTGCATGACGTTGCAGGAAGGCCGCGAGAGGCATTTCGCTATCTGGATAAGGGCATCATGGCTATGATCGGGCAGAACTCGGCGGTGGCTGAGGTAGGAGGCGGCAAAATAGCCTTCCGGGGCTTGATCGGATTTATGGCTTGGCTGGCGGTGCATGCGGTGCTGCTTACTTCGTTCCAAGCAAGGATTGAAGCTTTTGTTGCTTGGGCCTGGACGTTTATCGGGGGCGCCCGCGGCGATGCACTGATCGATCGGCCGGAGGAGTTGAAGATCGACTGGACGGCTGGGAAAGCGCGGGGCAGCGGAGTTGATTAGGGGACTGGCGGCGTTGGTGAACTCTACGAGGATCTAATCTGAAAATCGCAAGCTGAGGGTTAGGGCGTCTTCGCCGGAGCCGCCGTGCCGTCCGACCACTTATCCGCCAGGACGAACAGAATCGTCACACGTTCTTCCAAGTCATTCGCCGCTATGACGGGTGAGTTTGGGCTGTTGGCTGCCCAGCTCTTTTCCATGTCGCCGCTGAAAAAAAACATAGCATGCGGGTGCCAGACCAAGTCTCGGTCGTTTAAGTATTGCTGCTTCGACATCATGTAGGCCATCGCGCCAGGCTCCAGCGCGGGCAGCTGCTTCGTATCCAGAGCCTTGGCTACTGCCTGCGAGATTTCAGCCTTCGATTTTCCTGCCAGTACGAGTCTGGTCTTCATCAGGTAGATGGGCGCGAAGCTCCTCGCGGCTTGTGCGTTGAAGCAATGAGGGGCGCGCATCTTTGGATTCCAGAACTCCGCCTGATCGGTGCTCTGTCCCCACGATCGTTCCACTAGGCAGAGGAAGCCATTCGTGCCCTTTACCGCGGTTTTGTACCCCTGGTGTCCCAGCACCATCACTTCGGCTTCCTCGGAGATAGAGCCGGGTGCAGCACTGCGAGCCATGGTGATCTCGGAGTTCTCGTCAGATATCAGGTATTGCTCGAAGGGCGCCATTGCCGGATAGAGGGCATTTCCCGCTGATGCGACAGCCTGCCCGCCTGCGTCATGGAAGACGATTTGCAGAGCAAATGCCAAAGCGACGACCCTGACTTGATCTTTCCGCATGCGATCCTCTAAGTCCGCACGTTCCCGCCAGTGAGCATCGACCCGGAGATCGATTTGCAAATTATAGATCGACTAAAACAGGCGTCGTCAAGCGGATAGGGCGCAGTCCACGAGAATCATACTGGGTGAGGGGCGTCTAGCAGCCAATTCGGCTATCGAATACTCGAAAGCCCCCGAGCGAAAATTCTAGCTTTTACGATTGTGCAGTCCGGCCGGTCTTGTTGCCAAGATCAAACCGGCCGGGAAGGGCATGATGACCCCTATTAGAGTAGGGCCGCACTGAGAGCCGCTCCAGGATCGACACTTTGGCTGCATCGTCCTTGAAGGAATATAAAACGCAATAGCGGGTCGGCATAGACCGGATGCCCAATCAGACAGTCTTAGGATGCAAAGCGGCCCGTACTTTCTCTACATGGGTACCGTGACTGCGAATCGCTTCGTGGAGTTGATCACCGGTTACGCCAAATTCCGTGGACCAGTAGGCGATGTCGGATGCCATCTTTGGGTTTATCTCTTTCGGATCATGCGGACCCTTGATGTGTTCCTCGTGGAGTGCGTGGGGCGCGTGCGCCTTCGGGGCATCGTGATGCTCTGACATTAAGTATTCCTTTCTAGCTCCTTAGTCCGATGACGATAGAGTCAGCGGCGATGCCTGGCTTGTGAAACCACTGCCATGTCGCGCCTGCCGCCGCCGGACCTTATCGCGTCCGTTATACGCGAAGGACTGCACGCTCCGATTGACGGCTCATCAAGCCTTCTAATGCACAGCGGGGCGAGAACGAAGTAATGTTTTGTGGCGGCGCATCATCAGCACCAATGCGCGTCGCAGGTAGATCGCGAGCAGTGGCATGGCGATGGCAGCTATTACACCCCATACTATCAGCGCGTGCCATTCCCATTGCCAGATGGATTGAAACAGGCGATACGGATGATGGCTCAGATGTTCGATCTGCCGCCGGGTGAGCGGCAGACGACGGGTATGAAAAAGGTAGACGCCCAATTGAATGAACGGCACAAACAGCAGTAGGTGAAGCGGCGTCGCCACGTGCGCACCGATCTGCGACGCAATCTGGTTGAGTCCGAAGGCCCATGCAATCAGGATTACAACCAGCGTCGTGACGCCTACCGACGGATTGATTCCGACGACGATGCCCAACGCCAGGCTCCACGCCAAGCGCCGCGGTGTAACGCCGCCGCGCAGTTGCCGGAGCAATGGTCGCAAGAGTCTACAGCGGAACCATTCGCGTAGGGACTCGGGCACAAGCACATTGATGTTTGATGCCAGGCCGCGACTGTCCGGCAGGCCGAGATACAACATTATTGCTTTTGCACTAACAAGTCGATCGGCGCCCGGTCGAAATGTCTCTATGTGCGGCTTCCGATACTATCGGCATGCCGATCGCGAAGCCTCATCGGGTAACTTACTTCTAACAAGAAGAGATGCAGCGTCCCGACCTGAGTGCGCCACCCTGCAAAGCTGGAATACGAACAGCAAGTCGGGAGAGTTTGGCCGGAGGGTTTACAATTCAGGACCTCCGTCCGGCGTGATCGGAGTAAAGTACTCCTTGGCCCACGGCTGCCGCAGCCGTGGATCACGATCGGTTCCCATGTACATACACGGCGAGAAAGTCCAGAAATACCTGGACCTTAGGGGTAAGGCGAGATTGTCCAAAGAAGAGAGCGCAAACCCGCAATGGCGGGAGCTTATACATTTGATCCATGCATAGCCATTGCATACCCGCAACGCCGCTTTGCCTGATGTGAGCCAAACCAGCGGAGGCTTTCGTCATCCCTCATATGTACGGTGCAGGACCACCATGTACCCGCGCTATGGGCAGCAGCGAGGTGATCTACGTGACGCACAGAGGAGGGTCTGCAGTGGTGCCAATGGACGCGCCTGAAATTACTGGTTTCCGCAGTGAGACGGCTAAAGTTCGCGACGTCCGCCTGCACTTCTGGGTCGGCGGCGACCCCGGTGGAACGCCTGTATTGCTCTGGCATGGCTTCCTGGGAACAGCGTATAGCTGGTACAAGGTAATGCCCCTCCTGGCGGAGGCCGGATACTCCGTGCTCGTCCCCGACATGCGAGGCTACGGCGATTCCGACAAGCCGGCAGGCGTCGAGGGCTACGATGCTCGTGCGCTAGCTCAAGAGTTTCGCGCGCTCGTGCAGCAGCTCAGGTTCGGCGGGGGCAGAAAGCTTTTGCTGGTTGCGCACGATATGGGAGCTCCGCCCGCCCTTCTATGGGCTGCCGAACATCCAGAGGAGGTCGCGGGGCTGGTTTATATGGAAGTCCCTACGATGCTCGAAGAGTTTCTCGCCAAGACAATCGTATACACACCAGAGGCGATGGCAAAGGGATCCATGTGGTGGTGGATACTGCCGCTCGCTCCCGGTGTGCCGGAGCGGTTGATCGTGGGAAAGGAGCGTGAGTTTCTCACCTGGTTTTATGACGGCGCCACCGCCGAACGGAACTCGATCTCCGAGGCCGCCCTTCAGGAAACGTTGCGAACGTTCCAGGGAGTAGAAGGTGTGCTTGGAGCGCTCGGAGTTTACCGCGCTGCCTTCGTCACCATCGCCCAAACAACGCCCTTGACAAAACACAAGCTGAAAACGCCTGTGCTGGCCATCGGAGGCGAAAAAGCTTTGGCAGCCAAGGTTGCAGAGATGGTGGGAGCTGTCGCCGAGAATGTTACCGCGGAGACGATTGCGTCCTGCGGCCACTTCATTCCCGAGGAGCGGCCCGAAGAATTCTTCAACCTCTTTCAGCATTTCGTTTCGAGGATCCTCGCGTGATGGGCC
NZ_CP030840.1_gap155	5938995	5942319	3324	CGCCTGGATCTCCGAGTAAGTTGCCTTCGCGGGTAAGAGCCTGTGCCGAGTGACGATGCGGCGGAGGTATTCGTCAACCACCATGGCTGGATGACCCAAAGCATATAGCAAGATGGCATCGGCGGTCTCAGGTCCAACTCCAGGAAGGGCGAGTAGCTTCACCCGGGCAGTCTCGGGCTGTTCGGCAGCAAGCTGACTTAACGAACCCCGGTATTCGCGGTCGAGCAACGTGACAAAGGCCTTCAGCGCTGCAGCTTTTCGCACCATAAATCCCGACGGGCGGATCAGCTGGCGCAACTCCTCGTCGGGCAATCCACGAACACCGTCGATGGTCAGCGAACCATGTGCCGCAAGGTTCTGGATTGATCGTTCTACGCCTTTCCATGAGGTGTTTTGGGTGAGATAGGCCCCGACGATGACTTCGAAGGAGGTGGCTGCCGGCCACCATTGCTGGGGACCATAGACGGCAGTCAATCGGAGGTACATCTGGCCGAGCCGCGCCTTCCTCATTCTGGCGATCCGGCTCCGTTTAGAGTTCGCAGCTGCTGCTTCCAGCCGAGCAGTTTGGCTTTGAGGGCTTCGGCCTCGGCTTCAGGAATTCTTCCTTGATGCTGATAGAGAATCGACAGGCTGGTATGTGCAAGCGGATCTTCTGGGTCGCGCATGATCAGTTCAAGCGCCGTATCGATCGCGCGGCGGTAGTCGCCCGAATCCTGAAATGCTCGGACCAGTCCATGCATTGCGTCCAGGAATTCCGGATCAATCGCCAGCGCCTGCTGAAAATGGCGAATTGCCGATCTGCCGTCGTTTCTCGCAACGCAATCCAGTGCCTGGTCGTAGAAGCTTTCAGCCTGTTTGCGGATCGCGCTTTCGGAAGTCATGCGTACTCCCATGATAAGTTTCCATGATAAGTTCTCCGATGAGCACACCAGAAATCTGGAACAAAGGCGCCCTCAATGCCGCGAAACAACGCTTCCATGGTGGATGACGCCGGCAAGGGCAACCGGAACCTGCGTCGGTATCGATAGCTCCGGGTGACTGCTCGTCCGCGGGAGCACGATGATGTCCACCCGCCGATTCTGGCTGCGGCCGTCAGCGGTGTCGTTGGGAGCAACCGGGTGAAACTCCGCATACCCTGATGCCGACAGCCGGTAGGGCGCGAAGCTGTCGGCGACGAAGATTCGCGTCAGCCGGGTCGCGCGGCTGGTCGATAGCTCCCAATTCGAGTCGAACTGTTCGGTGTGGATGGGAACGTTGTCGGTGTGCCCTTCAATGCGGATGTCGTAGGGAGAACTCGCCAATGCAGTTGCAATTCTATTCAGGACGGGCAAGGAATTCGTATGAATTGCCGCCGAACCGCTATCGTAAAATCCCGCTTCCCGAAGCGATATGACCAGCCCGTCACGGCCGATCTTCATCGAAACGACGTGTTCTGCAATCTGGGTCGAGAGCATCCCGGAGAGCCGCTCCTTTAGCTTCTCCAGATCCACTTTGACCGCCGGAGGAGCCATCAGTTCCTCTCCCGAGACAATGTTCATCGGGGTAACCGGACCTTCCTGGTTATGAGCGAGTCCGGCAGCCCCGTTCTTAGTTGGCGTCTGTTGGAAGAGGCCCAGAGTGCGAAAGGCCGAATCGATCGAATCAGCCATCTGCACCTGCTTCTTCACGTCGGCCTTCGAGGTGGCATACATCACCACAAAGAAAGCGAACATGAGGGTAATAAAGTCGGCATATGAAACCAGCCAGCGTTCATGGTTGACATGCGGCTTGTTTTTCTTTCGTCTCATCATTTCGGTTTCGGATCGGCCGGTCAGGCGCGTACCGGCGACTTGCGGTTCTTGTCTTCGGAGAGGAAGCTCTGCAGCTTAATCTCAATCATGCGAGGGTTCATCCCCTCGAGGATAGACACTACCCCCTCCAGCATCATCTCCTTGTAGACGCGTTCTTCCTGGATGCGGATCTTCAGTTTGCCTGCCGAAGGTAGCAGAATCAGATTGGCCGCTCCGACTCCATAGATCGTGGCCACAAAAGCTACGGCAATGCCTTTGCCTACCTCTTCGATCTTGTCCAAGTGCTGCATGACCTGAATCAAACCGAGCACTGCACCGATAATCCCGATCGTAGGAGAGAAGCCGCCGGCCGACTCGAAGACCGCCGGAATGCGCTCCTCTTCCTCAGCGCGGTTCTCGATCTGGATCTCCATGATTTTCCGCAGTTCCGAAGGTTCGGTCCCATCCACCGCCAACATGATGGCTTGTTTAAGAAAGGGATCGGTGATTTTCTTCAGCTCCTGGTCGAGCGACACTATGCCGCTCCGCCGGGCTTTGTTGGCGAAGTCGATGATTTGCTTCAATGCTTGATCGGTATCCCTCTTCCCACCCACAAAGACCTGTATGAATTTCTTGAAAGCAGCCAGAACCATAGGAAGCGGAAACTGCAGCATCACCGCTCCCAGGGTTCCCCCAAAGACGATCATGGCCGCGGTTGGCTGCAGAATCTGGCCGAGGCTTCCACCTTCGATCAGCAAGCCCGCGATGATGCCGGTCACTGCCAGCAGAACTCCGATGATGCTGCTCTTGTCCATTCGAATTCAGGGTCCTTATCTTCGGGACGGTCGTCGCATGTGGCATTGAATGCAAAGGTGTTTGAAGGCTTTTCTAGCCGGACTGGTTCTCATCAACGAAAGCCTTTGTGTATTTCGAATTGGCTTTTGTCCGAGTTGCCTGGGACTCGGAAGCGTCGTGGCAAATGTCGCTAAATGCAACAGTGTTCTGCCGTCAGGGACCAGTTTGACCACCTCCGCCAGCAATTTGGCTCGCTGCAATGTCATGCGCTCGACCACCTGAGCGCACGACTCATGGACCAGCACCTTCTCGCCGTTGACCAGGGTGAGCATCGTATCCGGAGACGCTTCAGCCCACTTGATCAGGTCACAGTTGACGAAGAGTGGATTGCCGTTCAGCCGAGTGAGTTCAATCATCGAGGCTCCTCCTCCGGGCTCTAAGGCGTTATCGGCGGAAAGGGGCTGAATGTTCAAGGACTCAACATTCGTCGGCGAAATCCGGATCCACCTCTACTTTGTCGGCTTACGCCGTCAGCCTCACGGACCTTAATAGGGCCCGCGATCTACAAGGGCTCGGATGGATTATCGAGTGCGCAACTCGCGGCCTCGCGAGTCTTTCTTTCTTTCTGGGATTGCATCTCCAAAATGGGCAAGTGCCTGGCCATATGGAGTGAATCGCTCCAACCGGGTATGCGGGACGAGGGAGACTATAGGCGTGGGCAAGCCGCCTCACGGAGCAAAACGCGATGAATCTCTGGCAG
NZ_CP030840.1_gap156	6098959	6103710	4751	CCTGATTGCGCTGTACCTGCCCATTTTCTCGTTAGGGCAAGCTGGAGCGATGCAGGGGCACTAATTGATTCGGACGAAGCACCCTCCGAATGAGAGGTCTACACTAAGCCATGGCAACCGAAATAGCAGTTCTACCCTTAGCCTCCGAATACGATGAAACCGCCAACGCCCAATCCTTGGCGCGCCGCTATCGCTGCGAATTCATCGATCTGAAGCACTACAAGATCCAGCATGAAGTTGTCCGCGCCGTGCCGGTCGATCTCATGTTCCGCTACAATTTCGTGCCGCTCGAGCAGATGGACGACCGCCTCGTGATCGCCGTCGCCGACCCCAGCCGCCTGATGATCCTCGACGAGATCTCGGGGCTGCTCGGCCAGAGGATCATCACCAAGGTCGCCACCCTCACCCAGATCACCGACCTGCTCAAGAAAACCGAGCAATCGCAGCGTGTCCTCGATGAGGCGACTGAGGGCTTGACCTTTGACGTCATCCCTTCCGATGAGAATTCTGACGAGAATATTTCGATCGAGAAGCTGACCTCCGAAGAAGACATCAGCCCGATCATCCGGCTGGTCGATACGACCATCTTCACGGCTCTCGAACGGCGCGCCTCCGATATTCACATCGAGACCTACGACGACAGCCTGCACGTGAAGTACCGCATCGACGGTGTGCTCCAGGCGGCGATGGCGCCGATAGCCCGCGAACATCATCAGACTATCCTCTCCCGAATTAAGGTCATGAGCGAGCTCGATATCGCCGAACGCCGCGTCCCCCAGGACGGCCGCTTTCGCGTCCGCTACAAGGGCCGCCTCATCGACTTCCGCGTCTCGATCATGCCGACCGTGCATGGCGAGAACGCCGTTCTCCGTGTGCTCGATAAGGAGTCGATGAGTGAAAAGTTCTCGAAGCTCACCCTCGACGTAGTCGGTTTCGGCGAAGACGATCTCTACCGCTTTCGCCGCTACATTCGCGAGCCTTATGGCATGGTGCTGGTTACCGGACCGACTGGCTCCGGTAAGACGACGACCCTCTACGCCGCGCTCAACGAGATCAAGTCCGATGAAGACAAAATCATCACCATTGAGGACCCGGTCGAATACCAGATCCGCGGCATCACCCAGATTCCGGTCAATGAAAAGAAAGGCCTCACCTTCGCCCGCGGCTTACGCTCGATCCTCCGTCACGATCCCGACAAGATCCTGGTCGGCGAAATCCGCGACCAGGAGACCGCCCAGATCGCCATTAACTCGGCGCTCACCGGTCACTTGGTCTTCACCACCGTCCACGCCAACAACGTGGTCGATGTGCTCGGACGCTTCCTCAACATGGGCGTCGAAGTTTACAACTTTGTCTCTGCGTTGAACTGCATCCTCGCCCAGCGTCTCGTCCGTCTCACCTGCGACTTTTGCGCGAGACCGGTCAAACACAGCGAAGAGCTGCTGATCCAGAGCGGTCTCCACGTGGACGAGTGGCGTGACTTTGAATTCCGCGAAGGCGCCGGGTGCATTGAGTGCGGAGGCACCGGGTTCCGTGGCCGTACCGCCATTCACGAGCTGCTCGACCTCACCGACCCGATCCGCGAAATCATCCTCGAAAAGAAGCCAGCCTCCGAAGTTCGCCGTCTCGCCAAGGCCGAGGGCATGCAGTTCCTTCGCGAATCCGCCATCGATCGCGTCAAACGCGGTCTCACCTCGCTCCGCGAGATCAACAAGGTCACCTTCATCGAAGCGAACCGCTAATGCGACCGCGACAAATAACGACGCATTGATAGACAGATGAACAGATGGATAATAGACGATAGACAGATCGAAACAGATAGATCGACAAATGCCAAAGCGCCTCCGGATTTTTCCGCAACACTCGACCGTGACCCTGCGTCCGCGCCTCGCCTGCGAGATCACCCTGGCCGGTGTCATCGCCGCTCGCCAGGAGAATGCGCTCGACGCAGCCGCGATCACCGCCTTTGCGCCGCTGCTGCCAGGCTCGGTCGTTCCCTCCTTGACCGCACACAACTTCCCTCACCCGGCCCGCATCGTCGCCGCACTCAAACAAGCCCTTGACCAGGTCGTCGAACGTGACCGCAAACTCACGCTGGTCATCCCGGACGCCGCCGTACGCGTCCTGCTGCTTGATTTCGATTCCCTTCCCGAAAAGCTTGCGGAGGCTCTGCCGATCATCCGCTTCCGCCTCCGCAAGCTGCTGCCGTTTGAGGTCGACGATGCAGCGATTAGCTATCAGGTCATGACCCGGCAAGCCGAGCAGGTGCGCGCGCTGGTAGCGGTCACGCCGCAACCGGTCTTGGCCGAGTATGAAGGCGTCGTCCGCGAGGCGGGCTATGAACCTGGCGCCGTCCTGCCCAGTACGTTGTGCGCGATCGCTGCGATCGCCGACGAGACAGACGCTTTGGTCATCAACCAGAACTCCGCTTGCATCACCACCGCCATTACCCGGCACAATGAAGTCCTGCTGCACCGGACCCTCGAGCTTCCCGAGAACGCCGGCAACGATATACCGGATATCCAGCAGGCGGTTTCCGTCGCTATCGCCTACTTCGAAGACTCGCTCAATACACCCTTGGAGTCGCTCTTCTATGTCGGTCCTGGTGGAGCTGCCGCATTTGACATCATCCTGAATCAACCCGATTCTGGGAGCACCTACGTGAGGGTGCGGGATCTGGTCGAACCTCCGGAAGCTGGAGCCACCAGCCCGGTACCGGTCGGGATTTTGGCTGGCGTCACTGGCGCGCTCGCCAACTGACACAGGATCGCGCCTCACTCCGAGGCGCCAGCCGCTGACGGCGACTCAGTTTGGAGACTGTCCTCCTCTCCCCCGCCCAAGATGGGAAACCACTCAGAAAGAAAGCAGTGAGTGGCGATGCAGTTGCATTCATTGTCTGTGGGGGTGCGTACCATCCTTGTAGCGACGCCCAACTGCTCCTGGCGAGGTCTCCCGATGAAGCGATTCTCCATAGCCGCCTTATTAATTCTGTTGTTTACGAGCCTTTGCCATTCAGCACGCGCCTGCGACAGGAACGTCTCTTTCGCCATCGCTGAAAAGGGGCTGGTACTCCCGCTGACCCCCGATTTTGTGACCCGCTGGGTCAGTCAGCACCGAAGGAACTATCCTGGCGTCTGCTTTTCCCAGCAGCCTCAATCGGGGAAAGGAAACTTTCTGATTGTCTTCTCCGCGTCCCGGGCGGGCTTGAGCGGCGTCCATCCGACGGTTCGCCCCGGCGCGGGATGGAGCTTTGGCGTTAGTTCAGGGGAGACCGGCGCGCTTCAGCCCTCCACCGGCGTCATCGACCGAGATATGGAAGTATTTGCTTTTGTCTATGATCAACGCGGAGTTTTAGTCTTTCAGGAATTACGCCGTGTCGTCAGTGATCTCGGCGGCGAAAGCTATAACGCGATTGGTAAAGACCTCGGTTCCAGTTCCGCAGCGATCCGTACCGGCCATGCGCTCCTCAAGGGCGCCATCGAGGACATTCAGCGGTGCTATGAGATCACCGGCCCGGAGCCGGTGGGTATTCTCGCTGGAGTGGCGGGCGCTTCGGCGAACTGACACCATCGGTTGCTGGCTGGTTGTAGATCGCGTTTCGCTCCACGAGATCCGCGAAATATTCCCGCGCGCGATTCGATCTCAAATGGCACAATGGAGCGGCGCAACAGAACGGCGCAATGCGCATTGCCGAGAGAGGCGCAACCATCGTCCCGGTTGGCGAGCATCTTGGGTCGGTCGTGCGTCCCTATACAATGGAGCCAGCCGTCCATGCGCATTACCCTCAATCTCGCCTCCAAGCCGTTCATCGAACTCCGTCCGCTCTACGCGCGACTACGTTGGTGGATGGCCATCCTGCTCATATTGGCGATTCCGCTCTGGCTCTTTCTGAAGACAGAAACTCGTAAGGCGGCGCTTGCAAACGCCAAGCTTCAAGCCGTCGAGACCAGTATCCAGCGCCTCCAAAACCAGCAGCGCAGCTATCAAGCTATGATGCAGCAACCACAAAACGCCGCGGTTTTGACTCAAGCTGCCTTTCTCAACCAGCTTTTCGCCCGCAAGGCTTTTTCCTGGACCGCGGTCATGATGGACTTGGAAACCGTGCTGCCGGGTGGCGTTCAGGTCATGAACATCGACCCGGCCACCGACAAATCAGGCAACGTCACCATCCGTCTCCGCGTCAGTGGGCAGCGCGATCGTGCCGTCGAACTGGTGCGAAATCTGGAACACTCCCGTCGTTTTCTCCAGCCGAGACTGGCGACGGAGTCGGCCGATACCAGCAACAGCAACGGCGGGCAGGCAAATCTTCAACCCGCGAGTGGCACCGGCAATGTGAATTTTGATGTCTTGGCCGACTACAATCCGCTTCTACCGGAGTCCAAACGGCCTGCTAAGACGACCACCGCGAAAGCAGTCGGGCCGGCCGCTACCGCACCTTCCGCAAAATCTCACAGGAACTCCTCGCCCAGAAGGCCGACCCCTGCACAACCTCAACAACCACAGACGCCTGGACGTCCAACGAAGGGAGCGCAATGAAGCTGAGCGATCCCTTGAAACTGCCAACCGAAGTTCTTAATGTGTTGAACCTGCACATCGCAGGCGTGGCGCTGCTGGTGATTCTCAATGTGACCTTGCTGGTCAGGCTCGGCCTTGCGTGGCGGGATCTTGGCGCCAGCCGCCAGGAGCAACTGCAGCAGGAACAGCTCACTTTGACCCAGCTTCAGGCACAGACCGCCCGCCTGAACGGGCTG
NZ_CP030840.1_gap157	6104988	6109156	4168	GCGATCCGCCGGGACAAGGAGCTGGAGCTCTACCATCGTGGCATGCAGTACACCCGCGGGATCAAACTCTATTACAAGAAGTTCGGAAGCTACCCAATCTCGCTCGATCAACTGGAAAACTCCAATAACATTCGATTCCTTCGCAAGCGTTATAAGGACCCATTTACCGGGAAGGCCGATTGGCGGATCATTCACTTCGGCGAGGCCAAGGTTCCTCAAACCGGTCTCTTCGGACAACCGCTCGGGGCAGCCGGCGCTGCCGGAACCGGAGCTAACGGCGCTGGGACGACTGGAACCAACGGGCAAGCTTCGTCGGGATTTGGGGCCAGCAGCAGCTTTGGAAACAATAGCGGAAGCAGTGGTTCCAGTTTCGGCAACAGCTTCAGCAGCGGCGGTAGTGGTTCCAGCTTCGGGAGTAATGGGAGCGGATCGAGTTTCGGGAGCAGCAACGGATCCAGCTTTGGAAGCAGCAACGGCGGATCCGGTTTTGGTGGAGGTTCCAGTTCCGGATTCGGAGGCAGCGGCACCTCCTCGAGCAACCCCACGTCGCCCGGCGATCCTGGATCTGGCCCGGGGCTAAGCGGCGCTGGGACCGGAACTTCCGGATCGGGCTTTGGCACACCAGGCAGCAGCACCGGCGGCACAACCGGCCTCGGCACGAGCACCCTCACTTCGAGCAATGGTTCGCCGATCGGGAGTGGCGGCCCGATCGTTGGTGTGGCCAGCTCCGTCACCAAGGAATCAATTCGGGAATACAAGAAGCAGAAACACTACAACGAGTGGGAGTTTGTCTATAACCCGCAGACTGACCTGGGGGGTCTCGGTGGCAATAACGGCATGGGAGTGGCGGGCGCCGGGGGAAACACTGGATTTGGCAATAATCCTGGTTCCAGCTTTGGCGGCGGTTCCAACTCTGGTTTCGGTAATAATTCTGGCTCAAGCTTTGGCGGTAATTCCGGCTCTGGTTTCGGCAATTCCTCTGGATCAGGCTTTGGCAACAATCCGGGATCCGGGTTCGGAAACAATAACAACGGCAATTCAGGCAACAATGGAAATCCAGGATCAAATCCCGGGACGGGCACTCCCCCAAACAACAATCCCAATCAGCCTACTCCGCAATAGAACGACGCGAACCCTCAATAGCTGAAGTCTGATCCATACGGAACCCGCACCTTCTTTGCGAGCGGCGTAATAGTTGTGTAACCGTCGAGCAGCTTTACTTGATTGTCATCTGAATGGGCGCTGTCCCTGTTTCAATCAGGTCAGAGGCCGCCACGCGTGAACTCACAAGCTGTTGTCGATCCGCCACTCTCGGACGTCGCTCCTGCCTTAACTCCTGGGATTTCGGCGGAAGATCAACCGCTCCTCACGACGCCGGCCATTCATCCGCTTAGCCGCGCGGCGCAGGACCGATCCGTCAACTGGTTCACGCTCTTCTTCGTGGCTCTTTTCCATGCCGGCGCAATTGCCGCATTGTTCTTCTTTAGCTGGAGCGCCATCGCGGCAAGCCTCGTGTTTTGGTTTCTCGCGATCAACCTTGGAATCTGTGTCGGCTACCATCGCCTGCTCACCCATCGCGGCTATCGGACATCGCGGCTGCTGGCCCGTGGGCTCGCAGTGTGTGGGACCTTGGCGCTCGAGGGCAGTCCGATTTATTGGGTAGTAAACCACCGTATCCATCATCAGCTGACCGACAAGCATGGTGACCCGCATACTCCCAAAGATGGCGGGTGGTGGTCTCATGCGGGGTGGGTTATTCATGGCGAAGGCTTGTCGACGCAGCCAGAGCTGATCCGCAGATACGCTCCGGATTTGCTCAAAGATCCTTTTCTCGTACTGCTGAGCAAGTACCATTATGTGCCGCTGATCCTCTCCGCAATCCTCCTTTATGCCCTTGGAGGATTACCCTGGCTGCTTTGGGGGGTTTTTTTTCGGGTGACGATTGGATTGCACGCAGTCTGGTTCGTCAACTCAGCCACGCATATTTGGGGCTCGCGTCGCTTTCCGACCAAGGACGAGTCTCGCAATCTCTGGTGGGTTGCACTGCTCACGGGCGGTGAGGGATGGCACAATAACCATCACGCATTTCCGGTTTCGGCGCGGCATGGCTTTGCATGGTATGAGTTCGACCTGAACTACTACGTCATCTGGACTTTGGGGAAGGCAGGCCTGGCCAAACAGATCAACCTAGCACAACCCTTGCGAGAGAAAGGTCGTTAGGTCTCCTTAAAAGGACCCGGAAGGACGGCTCGGCAAGATTGATCTACGGACAAGAAGAAGCCCGCGCCAGTGCGCGGGCTTCTTCTTGTTACAGCGAAAGCAACGAAAACAACCGCATGAGTTTATCTAAACGCTGAATGAGGAGCCGCAGCCACAAGTGCTCTTGGTGTTGGGATTCTCAAACTTGAAGCCTGCCGCTTCCAGGGTTTCGACATAGTCGACGACACACCCATTGAGATACATCAACGACGTCGCATCGACAAACACCTTGAGGGCGCCGTAGGTGAACACCTTGTCCATCATACCGGGTTGATTTTCGAAGGACATCGAATATTGAAAGCCTGAGCATCCGCCACCAACCACACCTATGCGGAGGCCAGCGGGCAACGGGTCCTGGGTCGCCATGATTTCGCGTACTTTCTCGATTGCCGAATCGCTCAGCGTAAGGGGCGGCACAGACTTGAAAGTGTCGGGGGCGGGCACAACAGTTGCTGGTGCCTGGACAGTGCTGGTTGCCATAGATCTCTCTCCTAAAGAACCACTGGTGATGCTAGTGTAAACCCCAAAGGGCGTGGTCACAATCGTTTGCAGCAAATGGTTTGTATCTGTATGCGAAACGAGTCAACTCAACCTTAATTTGATGCGCTAAATCACGACAAGGCTCAAGATGTCGGAGGCCGGGCTGTAAGCCTCTTCGAGATGCGGTCGAACTGGTCCTGGGTGAGAATACCTCGGGAAACCAGTTCGTTGGGCGCGGAGTAGGGCCGTCCGGCAAGGATCTTGCGAGCCTTAGCGGGCGAAATTCCCGGAAGCGCAACGAGCTGGTCTCGGGTGGCGTTATTTAGGTCCACCGGTGGCAAAGCGGGACCACTGCCCTGGAGACCCTGCCTCACTCCGGCGGCAACCGCGTTGATCTTGTCCTCGGCATTGGCTGCTGCGACCCGGGCATCCGCCGCAGCTTTCTCCGTTCCCTGCTTAACCTGCTGGGTAGTTTCGGCTGCCTGCTGCTGGATCTGCTGGTTTGACGGAGCGCTGCTGCATCCCGCCAGACTGGTTGCTGCCAGCAGGATGGCGGCAACTACCGGGGACTTTTCGACGGCCTGTCTTGCTGTGCTCATGGGTGACCTCGTTCGCTTAGCCGTAGTTCTAATCATCCCTGGACACCATGTTCAGGACCCGGCTACTATTTCGCCTCTGAATTTAGCACTGTTCCATGCGCCACGACATCCACATCGACCTCCTTGCCAACCCGTAAAAGAAAGGAGCTAGGATCCTTCATCCCCCAAGCTACATAAGGGACCGAGAAGTGGGTCGTCGCAGTAGCTTGGTTGCCTTCGAAATCGACCTTAATCTGCAAGGTGAACGGATGATCAGCGCCATGGATATTGAAGATGCCGCCGGCTGTGAGGGTCTGGCTTATTCCCGGTTTCGCGCTGCCAGTAATCTTACTGGGATGGAAGAACGCCTCGGGATATCTGTCAGACTCGAGGACTTCCTTCTGCATCTTGGCGTCACGGCTTTTGTTGCCGCTTTCCCCACTGGCTAGATCAATCAGTATCTCGCCTTCGGAAACGCCGGTGGCCGGGTCATATGTCACCAGGCCGCCCTTGAGTTTGAAGGTGCCGTGGGTGGTGTGCGTGTTTCCCTTAAGCTCCCATTTGATCTCGGTTGTGGCGGGATCGAGCTTCACGGCGACCTTCGGGGTTTGCGTCTCGGCACTCACCGCGCCGCAGAACACCAGTATAGAAAGCGCGAGGAGGCGCTTTCTAAAACTTATGGCGAACGAGAAACGGTTGCAATGAAGTGCTCTTCCGATCGTGGTGAAAATCTCTTCCCGGCCGCAAGCCGGAAACCTATTAAAGCGTTGCTTCTGCTTGGCCAAACTCGGCGCCTCCTGCATTGACCTGAGATGCATCCTGAGGGGCAGCAGCCTCAGAAGAGGTCTTCG
NZ_CP030840.1_gap158	6119215	6122524	3309	CTACAATCCGCTCCGCAAGCAATGGGTGTTGGTGTCGCCGCACCGCACGCAGCGGCCGTGGCAGGGCGAGGTCAATGCCGCCTCTGGATTCTCCGATCTCCACTATGATCCGACTTGCTATCTGTGTCCGGGCAACGAACGCGCTGGCGGCGCGAAGACGCCGGTCTACGAACATGTCTATGTCTTTGACAACGACTATGCGGCGCTGCTGCCCGACTCCCCGGCGCCTGACACCGCGGGCTGGCCCGAGCTTCTCAAGGCTGAGCGCGAACGTGGTCTCTGCCGCGTTCTCTGCTTTCATCCCGACCATAGCCTTACGCTTGCCCGAATGGAGGTCGCCGATATCCGCCGCGTCGTCGATGCCTGGGTAACGCAGTATGGATATCTGGGCCGTATGCACGAGATCAACTACGTGCAGATCTTCGAGAATCGAGGCGCGATGATGGGCGCCAGCAACCCCCATCCCCACGGACAGATCTGGGCAACTGAACATATTCCCGATGAACCGGCTGCTGAGACCGCAGCTCTGGCCGAATACCACCAGCAGCACGGCAGCTGCCTGCTCTGTGACTATCTCAAAGTCGAGCAGGAAGCCGGAACTCGCCCCAACGGGCGCATCGTCTGCGAGAACGAAGGCTTTCTCGCGGTCGTCCCCTGGTGGGCCGTCTGGCCGTTTGAGACCCTGGTGATCGCGAAGTCGCACTTGCGCTCCCTGCATGACTTCAGCGAAGAGCAGTGCTCCGAATTAGCCGATATCCTCAAGCAGTTAACGACTCGCTACGACAACCTCTTCCAGACGAGCTTCCCCTACACCATGGGCTTTCACCAGAGGCCCACCGATGGCCATCCCCACGACGAATGGCATTTCCACGCCCACTTTTATCCGCCGCTATTAAGATCTGCAACAGTGAGGAAGTTCATGGTCGGCTTCGAGATGCTAGGAATGCCACAACGGGACATCACTCCAGAAAGTGCAGCGGAACGGTTAAGGGCCGTACCAGCGGAGCATTTCACCTTAAAGGCGGCAACGAGCACAAGCTCAGCGGCTGACCATTCTTGAATCATCACCACGACGGAAAAGGAAAGCGGATAGCTCGCTTTCCGATTGCTCCGAAAAGTCGTCACGCGAGCGTCCGGCCTTCGGGTGGATTAGGAATTTTCGCGTATTTGGATGAAATCCGTCAGGGTAAGCGCGCAGGATTCTCCTGGAATTCTGCCGCAGGTGATCAGACGAGCGTAAGCCAAGCAGAGCCCTTCGCTGCGACCAACATTCATCCCACTCCGGCGAAGATCCTCGCTCGAATATGAGCCAGGCGTTATTCCTCGCGCAGCATGCTCGGCTCTTCAGGGGCGCGCAGCCGAACCAGACGGTCGATTGCGTAAGGAGCACGATGGGAGGCCGTATGATAATGGCGCACTTGCAACTCACCCAGCAGCCCGATCGCCAGCAGCTGTATGCCCGCCAGGATCAGAATGCCGGCAACCACGAATAACGGTCCATGCTGATCCATCACGTTCTGGTGGGTGAAGAGCTTCAGGCAAGCCAAAAAGAACGAGACCATTCCACCCAGCAAAATACCAAGAGCGCCGAGGGAACCGAAAAAGTGGAGTGGACGGCTCATGTACTTCAGCAGGAACCGAATCGTCAGCAGGTCGAAAAACACTCGGAACGTCCGCGAGATTCCATAATGGGACTGTCCGCGTTCACGGTGAACGTTCTTGATCGGAATCTCGCAGATGCTTGCGCCGTACCAGGATGCCAGCGCGGGGATGAATCGGTGCATTTCGCCGTAGAGCGGAATATTATGAATAACTTCGCGCCGGTAGGCCTTGAAGGTGGTGCCGAAGTCATGAATGTCGACTCCGGAGAGCTTGGCCATCAGCCAGTTTGCACAGCGCGATGGGAATTTGCGCATGATGGCATTGTCCACTCGCTCTTTGCGCCAGCCGCTAACAACGTCATAACCCTCTTCCAGCTTTTCGAGGAATGCAGGTATCTCCGCCGGGTCATGTTGCAGATCACCATCCATCGCCAGGATGTATTCGCCCTGCGCATGATCGAACCCTGCTGCCAGCGCCGAAGTCTGGCCAAAGTTGCGCCGAAGCTTGACCACCAGAACCCGGCTGTCGACCGCGGCAATCTCTTCCAGCAGCTTGTAGCTGCGGTCGGTCGACCCGTCGTCGACCAGCACCAGTTCAAAGCTCTCGCCCACTTGTTCCATAACCGCCTTGAGCCGGTCATAGAGCGCGGTTACATTTTCTTCTTCGTTATGGAAAGGGACGACAACGGAATATCTCGGCATAGCTTTATTAGTATAGACCGGTTTCCTGTGGTCGTCAGGTAAAATAGCCGGCACGATCAGCCTTTCTGGATCTCCTCAACCAGAATCGCCAAAGCCCGCTCGCAGGCTTCGCGGTCCACGTCGTGATGAGTCACCAATCGAATTCCAGGAGGATTGACCGCGCTTGCCAGCACACCCCTGCGCTTCAGTCTGGTGACCAGACCGTCGTAGTCCTCGCCGTCTCGCAGAGTGAAAATCACCAGGTTGGTTTGCACCGCACCCAAATCGATCTCCACCTGAGGAATCTTCGCCAGCCCTTCCGCCAGCAACCGTGCATTGGCGTGGTCTTCGCCGAGCCGCAATGTCATTTCATCGAGCGCGATGAGTCCCGCTGCTGCCAGCACCCCGGCCTGTCGCAATCCGCCCCCGAGTGATTTCCGGAAAATCCTCGCGCGGTCAATCAACTCCCGGCTCCCCGCCAGCATCGATCCAACCGGCGCGCATAGCCCTTTGGAGAGGCAAAACATCACCGTATCGAAGCCCCGAGTCAGTGCCGCCACAGGTATGCCGAGATAGGTGGCGGCATGAAAGACCCGCGCTCCATCCAGGTGGACTGGCAGGCCGGCAGCCTTTGCTCCCGCCCAAATCTCCTCCAAAGTATCCAGAGGGGTGACGGTTCCACCACCGCGATTGTGGGTGTTTTCAAGAGAAATCAACCCGGTCGTCGTTCGGTAGTAGATCTTCGGCAGAATCGCGGTCCGGATAGCGTCCCAGGTAAGGATGCCTCGTTCCGCGGGCAACGTTCTCAGCTGGCAGCCGGAAAATGCCGCGACCATCGCCAACTCCCAGTCCACGATGTGCGCGCGGGACTCGCAAATAACTTCCTGTCCATGCTGAGTATGCAGCCGGATGGCAATCTGATTTCCCATGGTACCGGTCGGCACAAAGATGGCAGCCTCGCGCTGAAAGACCTCTGCCGCCCGCTCTTCCAGCCGGTTCACCGTGGGGTCTTCTCCATACACATCAT
NZ_CP030840.1_gap159	6159091	6161732	2641	TCGAGGAGAGCAGGCCGAAGGCGCGGGCGCCGGAGTGGAAGACATTCACGGCCATCGTCGAAATGAAGATGGGAAAATTCAGACCAAAGGCGCCGATCAGAAAGAGCATGATGAGGATGGCCCGCAGATCCGGTTTCCGCCACACATAGCGAAGCCCCTCCCGAAATCCTGAGGCGCTGCGGTGGGCTCGAGCGCTTGTACGCAGCTCTGAAAGACGAAAGAACGACATCGAGATGAGAACCGCTGCGAACGAGAGCCCGTTCAGAAGAAAGGCCCAGCCGATGCCAACCTTTGCGATGAGCAAACCGGCAACGGCAGGACCAATCATCTGGGCTGCATTGAACGAAGTTGAATTCAAGGCCACGGCATTGGGGAGGTCTTCGTCACCCACCATCTCCGCGACAAAGGTCTGTCTCACCGGAGCATCGAGCGCCGCGGCGGAGCCGGACAGGAAGGTGAACACATACAAGTGCCAGAGCCGGATGACTCCGGTGATGGTGAGAACTCCCAGGCCGAGCGCCAGCACTCCCATGGTTGCCTGGGTGAACATCAGGAGCTTGCGCTGATTGAGCCGGTCGGCAGCCGAGCCTGTCCAGGGCAGGAACAGAAGCTGCGGCGCGAACTGCAGGCCCATCACGATACCCAGTGCGGACGCATCATGATGGGTCAGCTGGGTCAGCACAAGCCAGTCCTGAGCGACGCGCTGCATCCAGGTACCGACGTTGGAAATCAGGCCGCCTGCCGTCCATAGGCGAAAGTTGAAGCTTCGCAGAGAGCGAAATGTGGAGCGACGGGCGCCGGAGACTGGGATTTTCATGGGCGCGACGACGGGTTGCCTCCATGGAACTGGCCGAAGTGACGCGCCGAAAAGATGCTGATGGGCAGCGCTCCCAGGCCGAACGCAACGATGTGGCTGGTCGTGCGCGGGTGAAATTCACCGACATGCGCGACTAGCAGATAGGCAACTACGGCGTTGAAGAAGCCCCAAACGACATTGACGGTTGACGAGGAGAGCCCTCGGCCGGGCGGTTTTGCGAAGGGACTCTGGAAGGCGCGTCCCATTGTGCCGGCGACAAAGTGAGGGATGGCGTTTGCGGTAAAAACGCCCCCGAAGAAGTACGACACAAGCCATGGCCAATTCATGTGCAGTGGTCCTTTCTTCTGACGAACTCTCCGCCGGTCTTCTGACGAACTCTCCGCTAATCTTCCGACGGGCTCTCCAGCAGCGAAATGATTTCCTGCGTAAAGCCGGTCTCGCCGAGACGGGGAAAGACGTTCTGGATGCTGTAGGCGTGGGTTTCCTCGCGAAGATCGGTCATCGCATCGAGGACGAGGGTCACATTGAATCCCTGCTCGTAGGCCTGGCGGGCGGTGGCTTCGACGCCGACGGATGTCGCCACTCCAGTCACAACAACCTGGGTAGCGCCTCGCTCGCTGAGCTGGCGTTCAAGATCAGTGGTTGCGAAGGATCCCCAGCTTCGCTTGGTGATGACGATGTCGCCCGGCTGCTGATCCAGCTGGGGCAGAAGGTCGGTCCATCCTGCGGGAAACATCTGGCTGCTGCGCGGACGCAGTTCGGTGCGGCCTGATGGCCGGCCCGCTACATTGACTAGCACTACCGGGAGGTTCTTCGCACGGAAGATATCGAGCAATGCCCGCGTCCGATCGATGATCTCGCCGAGCGGATGTAGGAACTTCTGATCGGCTATTCCCTTTTGCAGGTCGACGACGATCAACGCGGTTATGGGATCGAGAGCAGTAAGCGGCATGTTGGTTCTTTCTCCGTGTAAAGGAAGTGGAGGTCGGCTGAAAGGAAGGGCTGACTAATCCTCAGCAAGCCGTTTCAGCAGTTCAAGCGCCTGCTCAAGCTTTTCCTGATCGCGAGCCGAGAGTTTCTGCGAAATAGTTGCAGTCAGCCAATCCTGCCTCGCGGTCCTGCCCTCTTCAAGCCACCTTAGGCATTTTGGCGTGAGAGACATCAGAGTCTGGCGGCCGTCGCCTGGATCAGGCGCGCCGATGACCAAGCCGGCTTGCTGCAGTGGCTTCACCACTGCGCTCATGGACTGCGGGCGCATGCCTTCCACTCGCGCCAGACTTGAAACCGTCGCCGGTCCGTGCTCTTCGAGCCGAAGAATAACCGCGACCTGGGATGGGGTGAGTTCGCTGCGGCCGCCGTATTCGCGTAAGCGCAGCTTGAGCTTGCGGAATATTGCGCGGATCTCGGCAGCCAGTGTCGATGGAAGACTGATCTGGGTAGATGACTTGCGGCTCACCAGATCAATCTCTCATATATGCAGGTAATCTGTAAAGATTGCCTGTTCATATCTATGAGTCTGATTTTCAATTCTTTTGCGCGGGAGGCCCACGTTTGCGGATTCGAATGAAGTGATCACAGAGCTAGACAGTAATCGGCAGGCGAGCCATCTCGCGCCCATAATTATTTGTCGGTGAACCGAACTCTCACTCACTCCGATCTCTCTCTCAAGCATGCGCACGCTAACTCAACGCGAGAAGCCGCCTACCCAGGACCAGACCCTGCTGGTGCTTCTCGCCCAAGCCGGAGACCGGGGCGCGCTGGAACAACTTCTCCATGACACCTATCCTCCGTTGCGTCGCTACATCACCCGCCTCGTCGGCGTCG
NZ_CP030840.1_gap160	6164794	6169161	4367	AGGCCGGGGAGACAATCCTCGACCTGGGCTGCGGCGATGGCGCGTTGACCGCAAAGATCGCAGCGACCGGAGCGCGCGTGGTGGGCGTCGACAGCTCCGCTTCGATGGTCGAAGCCGCGCGTGGACTTGGGCTGGAGGCTCATCTGTTGCCGGGCGACGAGTTGACATTTGATGGAGAGTTCGACGCGGTGTTTTCGAATGCGGCGCTGCACTGGATGCACAATCAGGACGCGGTGCTGGCCGGAGTCAAACGTGCGCTGAAACCGGGCGGGCGGTTTGTGGCGGAGATGGGCGGCCACGGCAATATCGCTTCCATTCGAGTTGCCCTGGCCGCGGTGTTCGCGGACTGGGGGTTGGACGCCTATGGCATGGATAACAACTTCTTTCCTACGGCGACGGACTATCGCGCCCGGCTCGAGGCGGCGGGATTCTCGGTGGAGACGATCGCGCTCATCCCGCGCCCGACTCCGCTTCCAGAGACAGGGATGCGGGGATGGCTCGAGACCTTTCGCCGGGGATTGCTCGACCGACTGCCGGAGCAACATCGGGAAGCGGCTATTGAGAAGACGGTCGCGCTGCTGAAGCCGGTTTTGCATAGTCCAGAGGAGGGTTGGGTGGCCGACTATGTGCGGCTTCGCTTTGCTGCCTGGGTTTTAGTGGCATCGCCCTGATGGTGGATTCGGTAAGAAGGCATTCGATCGATGCTTTCCTCACCTTTTTTCAAGGGATTGCGACGGTTTAGGTTATGCCCTGAAAATCAATGACAAATCTTCGGTCACTAGTGGCATTGTTACATATGTGCCGATGGTCACAGCGAGGTGGCCTCCGCGGTGTAGGATCGTGTGAACTGTGGCATTTGGCACCCTGTCTTCTCTTTGCGTCGCGCCAATCAGGGAAATCAATATGCATGACCACGAAGTACCTACTCGTACTACGGCAGGGAGCATTTCATGCAAAGGGAGAGCCGACGTGTCCTGGTTGTTGATGATGAGCCGATCATTGCGACGACATTAGCCACAATTCTGCGAATGAATGGATTCTTCGCCACTGCCTTCACCGATCCAGTGAAAGCCCTTGCAAGTGCGCTTGTCGACACGCCAGACCTGCTCATATCGGATATCGTGATGCCGGGTTTGTCGGGGATTGACCTGGCCATTCAGATCAAAGCTCTCTGTCCTAAATGCAAAGTGCTGCTTTTTTCGGGGCAGGCACGCACGGTGAACTTCCTGTACGACGCTGAACGGCTTGGTGAGAACTTCCATATTCTGCCAAAACCGGTGCATCCTATCGACCTGCTGAAGGCCATCCGGGAACAAGGAGCGGAGAACTAGGATCAGAGAACTGGCGCTTGCTTCCCTTGGCTCAGAAGTCCGGTTTTGGAGTCGGATGAGCCGACCCAGACTGGCGTACGAATTTGATCTTTGGTTTAATGATCCCTACAAGGATGTGTACTTGATATGAGGTTGGCGATTGCGATCATCCTTCCCTGGCTGACCTTCTTCACGATTGGGCGGCCGCTGGCGGGAATCCTTTGTCTGATCCTGCAAGTGACGGTGATTGGCTGGATTCCGGCGGCGATTTGGGCGGTCTATGCGCTGAGCCAGTGGAATACCGATCAGAAGATCCGGCACGCGCTGGGCCGATAACGGTCTTGAATTTTCGTCTCTTCCCCTTTGAAAACCCCTCTATTCCGCGCTGAACCGGAGAGTAGCCGGGTCAGAACGCTGCCGTCATTCGTTACCCGACGGTTCGTCCGCGCTGCCCTATGGGAGAGCGGTCGATCTCCATCCTGCCACTGAGCAAATTCAAGGTAAGCAGCACTGCGGGCAGAAGGAAGATCATCGATCCCAGCACCCACATGATGGCTGCTCCGACGACCTGGTCATCGAGCGGGTTGACGTGGAACGGATTGGGGTTCTGCAAGTAATAGCTGTAGACGGGTCGATCGCAGAAGGCGAGGAAGGCCGAGAGCGCGGTGTTGACGAAGTCCGCGGTGATCAGGTAGAGGAGCATTCCCCAGCGGTAGTCGTGATGATGAGCCGGCCATGGCTGAACGACCGGCCACCAGAAGAGCAAAGCGGCGGTGAGGAAGCAGATGTGTTCGACACGATGCCAGCCTTCGTTCCAGAGCGCGAAGTTGTAGGCAGCGGGCGTATGCCAGAGCAGGAAGGTCAGATTCAACGCCAGCCACGCGACCAATGGTTTGGTGAGGAAGCGTCCGATGTTGAGAAGAGGTTTCGACGCAAAGAGCGGGCCCAGGATGACTCGGGTAAAGGCCCGGGGTAGACCGCGGAGGATGGGGACGACCGGCGAACCAAGCAGAACCAGCGGTGGAACCGCGGACATGAGCAGCAGGTGCTGCACCATATGGGCGCTGAGCAGCGCATCGGCAAAGCCGTCGATGGGCGAGGCAATCGACAGCCACAGGGTGGCAAGGCCGGAAAGATAAGCAACGAGGCGCCACTCGGGAAAGAGCTGGGGCCGGGTTTTGCGGATGGCGAGAAAGCCGCGTACGTAGATAGCGGCGAAGACAAGGATGCTGGCGGTGAGCAGCCAGGGCGGGGACCACTCTGCGAGGATGGCATCGGTCGCGCTGTTCATGATTCGCCTCTCAGGAAGAGACGTTCCGGGGTTTCGGGAGATGGGGCCGGGATGGTGGCGTTCCGAGCCAGAATTGGGACGCTCGAATTTGTGCTGCGCTGCTCAATCCCGTGCTTTGGGGAGAGAGTCGATCGCGGTTGGGGTCGCGTGCTTATTTTGGATGTCCTAAGTACTTCGACCGGTCGGCTTCGGCGGAAGGCTTGACGCTGCGAGGATCGGTGAGCTTACCGGAGACATCTTCGGCCGGACTGAGGTCGTTCCCGCGCAAGGTGCTGAGAAAGCCGACCAGGGCGGTGGTTTCGTCGGCATTGAGGGCGTTGCCGTAGGCGGGCATATTGCCGCCTCCCTGGACGACCTGGCGCACGATCTGGTCATAAGTCATGTGGGCGGCGACGGCGTCGAGCGCCGGACCGCGCATGCCGCCGACATTGCCGATGGAGTGACAATTGCGGCACTGCTTGTTCTGAAAGACGATTGCTCCTTGAAGCTGAAGCGGGGTGCGGTCGTGGAGATAGCGGGCGGGGATGGCGTCGCTGCTCCAGGCATTCATGATGGGGCTCCATGGAGTGTAGGTGCCGAGCCGGGTGAAGATGCCGAGGGCGACGGCGATGATGGCGACCATGAGGACGGCGACCGGACGCCGCGACCAGTGCTTCTCTCCCTCAGGAAAGACCAACGGCAGAAGCAGCATGCCGCCGATGGCGAGGACGGGGACGATGAACATCACCGGCGTCTCGATGCTGGGCGGCAGAAAGGCGAGGACGGCGTAGATCCAAAGGAAGGCGAAGTCGGGTTTGGGAGCGGTCTGGATGATGGTCGGATCAGGCTGGCCGGTGGGACCGAAGGGGCCGAAGAAGAGCGCACAGGCGATGACCGCGAGAATGATGGCAGCGGCAAAGACGCCGTCTTTCCAAGCGCCATCGGGAACGAAGGGAATGCCTTCCTTTGCAGTCAAGGAGTGGTATTCGCGCTCGTAGGTAGCCTTGCGAACGATGCGGCCGGGCATCGGCCATTCATTGATGCCGAGGCGAAGGACCATCCAGACATGGACGCCAACGGCGCCGATCAAGATGCCGGGAATGACGAAGACGTGCAGCGCGAAGAAGCGGGAGAGAGTGGCTGCTCCGATGATGGGTCCACCCAGCATCAGGTTGACCGCCGGGCCACCGATGAGGGGCACGCGGCTGAGGATGGAAGCGCCGATGCCGAGGCCCCAATAGGCGTCCTGATCAAAGCGCAGGACCTGGCCGGTGAATGCCATACCCAAAGTCAGCAGGAGCAGGAAGACACCGATGATCCAGGTGAGTTCGCGGGGAAACTTATAAGCGCCGAAGAGGAAGACCTGGCACAGATGAATGAGCACAACGGCGACCATGAAGTCGGAACCCCAGCCGTGAATGGCGCGGAGAAACCAGCCGAGGGCGATGTTGTGATTGAGGAACTGGAGGCTCTTCCAGGCATCGCTGGCGGAGGGCGAGTAGACGAGCGCCAGCAGGATACCGGTGACAACCTGCAGGCCGAGCAGAATGGTGGCGGCGCTGCCAAAGACATACCACCAGCTCTCGGTCTTGACGGGAATGGGGTGGGAGGCGGCTTCGAGGGTTGGCTTGACGAGGCCGAGCCGGTGCTCGAGCCAATCGTAGATGCCGATGGCATTCTGCTTCAGGCTGGCCATGGCTTGCCTCCATCGGGCTGGGTAGATTCGCTGGCGATCTGGACCAGGGGGGCTTGAGCAAGAGGCTTGGCGGCTCCCGGACATTCGGAGA
NZ_CP030840.1_gap161	6316059	6319283	3224	CATGGGCGGGGATGCGATGAGCAGCGAAGTCTATGTCTGCGTTTATGCCAAGGAATTTCCTGCCCAAGCATTGCTGCGACTCCGCCCAGAAATGCGCAGTAAAGCCATTGCTGTGATGGATGGTGATCCACCTTTTCAGCGGGTTTGTTCGCTCAACAAATATGCTCGGGAACTAGGAGTGGTGACAGGAATGAGCCGCTCTGAACTGGAAGGCTTCCCTTCTATCAACATTCTCAAGCGGTCACCACGCGAGGAACAAACAACCTGTTTCGGTTTACTGGAATGTGCTTGGACTTATTCGCCGCGCATTGAAGAGATACATAGCGATGCTGCCTTTTGTTGTGTATTGGATATGTCCGGAAGCGAAAAGCTGTTCGGCCCTCCTCAAATCGCAGCGTCTCGTATCCAAGAAGCTTTCGCGGCTCTCGGACTCAGTTGCAGTGCGGCGGTAAGCTCCAACTTCCATGCTGCTGTTTGTCTGGCGCGAGGCTCCAGGTCATGTCAAACTCCGGTCATTGCTCCCACTGGTGCTGAGCGACAATCATTGGCACGTCTACCTTTAGCAGTGCTCGATGTTAGCGAGGAAGATACTGAAACATTCATGCAATGGGGAATCACCACCTTGGGAGAGCTGGCGGTGTTACCTGAAAAAGACCTGATCGCGCGATTGGGTCAAGAGGGTAAACAGCTGCGGCAGCTCGCAAGGGGAGAATATCCTCATCTCTTCCTTCCAGTTGAACCAATCATTGAACTCAAAGAATATCTTGAACTGGATTCACCAGTCGACGTGCTCGATTCTCTGCTTTTCGGCGCTGGTGTGATGCTGGAGCAGCTGATTGAACGAGCGAAGGCGCGAGTGCTCTGCTTAGCTGCCGTCATAGCTGAACTGGGTGTCGAAGGCGGGGGCATTCATACCCGTATCATACGACCTGCCATTCCATCGAACGATAAGAAGTTATGGCTAAAACTACTTCATCTGGATTGGATTTCTTATCCCCCGCAAGCAGCAATTATCTCGATGTCACTTACGGCTGAGACCGGTCAGGCCGGGACCCTGCAGCTAGGATTATTTTCACCTCAACTCCCAGAGCCAGAGCGGCTGGATGTCACACTTGCGCGCATCCGTGCTGTTGTCGGAGAAGAGCGGGTTGGGAGTATAGAACTCAAAGACTCTCACCATCCGGATGAGTTCCATGTGAAGCCTTTCACGCTGACTGGCAAGCCAGACCGCCATGATCGGGAAGTAAAGATGCCTGCCACGGTCATGCGCTGCATTCGTCCGCCGGAGACAGTGACGATGGTCTCAAGGAACCATGTTCCCCATATTTTTTATTTTCGCGGTATTGCCTATGAGGCAGAAAACGTTTATGGGCCGTGGCGAGCTGCCGGTGGATGGTGGTCCGATGGTCATTGGTCTATCGAAGAGTGGGACATCATAGCTCGCTTACGCGATAGCATATCTACCTACCCACCTAAGGACAACCTCCTCTGCTGCTGTATGACTCGCGAAATTAACACTGATATCTGGCAGGTCTCAGCTCTTTATGACTGAGTCTTACATAGAGCTTCATGCATCGAGTGCCTTCAGCTTTCTCGAGAGCGCTTCACTCCCCGAGGTTCTGATCGAGCGTGCGGCAGAGTTAGAGATGCCTTCCATGGCGCTGCTCGACCGCAATGGTTTGTATGGCTCGGCGCGTTTTCATACCCACGGGATCAAAACCAAGATCAACGCTCACATTGGCGCGGAGATCTCCGTCGCCGATCTTGGTTCCAGGTTAACTCCTCCCGGCTGGTTGCCCCACCAATACTCTACCGAACCGGCACGATTGCCTTTACTGTGCACGTCGCGCGCCGGCTATCAAAATCTATGTCAGCTGATCACGCAGTTCAAAATGCGCGAGTCAATCAAGTGTGAAGGCGCGGCCAGCATCGCTGATTTAGAAGAATTCTCCGCTGGCTTAATTTGCATGACTGGAGGAGACGAAGGACCTCTTGCTGCCGCATTGGTGAATGGAGGTGAAAAAGCCGGCGTCCGGGCAGTCGAACGACTCATCTCCATCTTCGGCCGCGAAAATGTTTATGTCGAGATACAGCGCCATCAGGAACGCGAAGAAGAATGGCGGAATCAGGCGGCGATTCGCATCGCCCGATCGCTTAAGCTGCCGATTTTAGCGACCAATGGCGTCCGCTATGCGACCGCCTACGATCGCGAAGTTTTGGATATCTTTACCGCTATCCGCCACCATACCGATCTCGATCACGCCGGAAGGCTGCTAGCCATCAATGCGGAGCGCCACCTGCGTTCCGCCAAGGAAATGCAGGCGATCTTCAACGATGTTCCGCAAGCCATAAACAATACCTTGGAGCTCTCGCAGCGGCTGCTCTTTCAATTAAATGACCTTGGCTACGAATTCCCCCGATATCCCGTTCCCGATGGAGAGTCGATGGATAGCTTCCTCCGCAAGCGCGTCGCCGAAGGAGTTATCAACCGCTATGGAATCAAGGCCAATCCCGAACTCCTCGCCAAAGTCAAAAAGCAGGTCGAACGAGAGCTTGCGCTGATTGCACAACTCGGCTTCGCGGGATATTTCCTGATCGTGTGGGACATCGTCCAATATTGCAAAAGCAATGGAATTCTGATTCAAGGTCGTGGGAGCGCGGCCAACTCGGTCGTCTGCTATGCGCTTGAAATTACCGCAATCGATCCGGTTGGCATGGAGTTACTCTTCGAACGCTTCTTGAGTGAGAGCCGCGGCGAATGGCCCGATGTCGATCTCGATCTTCCCTCCGGCGAGAAGCGCGAGCAGGCCATTCAATATGTCTATCAGCGTTACGGCGAACTGGGCGCCGCCATGACCGCGAATGTGATCACTTATCGTGGCAAGTCCGCGGCGCGCGAAGTAGGCAAGGCGCTTGGCTTCGATGAAGAAGCGCTCGGCCGGCTATCCAGCCTGGTCGGGCATTGGGAGTGGCGCGGTCCGAACGACACCATGGCCCACAGCTTTCATCATGCCGGTTTCGACCTCCAGCATCCTCGCATCGCAAAATATTTGGAGCTGTCTCTGCGCTTGCAAGACCTTCCTCGACACTTAGGCCAGCACTCGGGCGGCATGGTCATCTGTCAAGGTCAATTAAACCGTGTTGTTCCTATCGAACGTGCCTCAATGCCAGGCCGGACCGTTGTGCAATGGGACAAAGAAGACTGCTCCGACATGGGGTTGATC
NZ_CP030840.1_gap162	6328032	6330390	2358	TCGCCTCCATTCTTGCGCTCGAGGGGCCGCAGGAATGCGTTGCCGAAATCACCGAGAACTACCGCTGCCGTCGCGACGTACTGGTCCAGGGCTTGAATAAAGCCGGTTGGGAGGTACAAAACCCGAAAGCGACCATGTTTGTTTGGGCCAGTATTCCCGAGCCGTACCGGCATCTCGGTTCGCTTGAGTTCTCCCGCAAGCTCCTGCTTGACGCGAAAACGGCGGTCAGCCCCGGCATTGGCTTTGGAGAGTTCGGCGATCAACACGTTCGTTTTTCTCTCATCGAGAATGAGGAACGCACGCGCCAGGCGCTCCGCTCCATCCGTCAGATGTTCACCCGCGACGGAGTCATGGCAACCGCGCTTTGACCGCCAGGCACCGGAATACTAAACAACTGGTGCACTGGATCCGTCCAATTCTTCAGTAGCCTATGCAATTGCAAGTGGGGCCGGTAAGCTTAGTTCTGATTTTCAATCCATGCCGCGTGGCGGGGTTGACGATCTGCAGGATGGAATGAAGAAAACCGCTATTATCATCGGAGCAGGTCCGGCCGGCCTCACCGCCGCCTATGAGCTGCTCACCCGCAGCGATATCCATCCGATCGTCCTTGAGAAAAGCGCCGCCATGGGCGGCATCTCCCGCACCATCAACTACAAGGGCAACCGCATCGACATTGGCGGTCACCGCTTCTTTTCGAAGAGCGACCGGGTCATGGACTGGTGGCTCAGCCACATGCCGATCGAGGCGCCGGCCGCCGGTAGTCAGCAGATCTCCTACCATGGCCAGAGCCGCGAAGTGGACGGTCCCGCCGCCAGCAGTGACGATGCGGTCATGCTGATCCGCCAGCGGAAGTCGCGAATTTATTTTCTGCGCCGCTTCTTCGACTATCCGATCCGTCTCAGCGCCCAGACCTTGTGGAAGCTGGGCCTGTTCAGGACCGTCAAAATCGCCTTCAGCTATCTGCGAACGGTGGTCTTCCCTCCGAAAAAAGTCGAGAATCTCGAAGACTTCTTCATCAGCCGCTTTGGCCGCGAGCTCTACTTGACGTTTTTCAAGTCCTATACCGAAAAAGTGTGGGGAATGCCGTGCGATAAAATCAGCGCGGAATGGGGGGCACAGCGGATCAAAGGCCTCTCCATCACCAAAAGCCTGCTTCATTTCCTGAAAACCGTCACTACCAGGAAGGCAGCCGATGTTGGCCAGAAAAACACTGAGACCAGCCTCATCGAGAACTTCATGTATCCCCGGCTCGGCCCCGGTCAATTGTGGGAACTGGTGGCCGATAAGATCCTGGCCATGGGCGGCGAGATCGTCACCGGTGTCGACGTGGATCGAATCCATTGCGTCGGCAACGATGTCGTCAGCATCTCTGGTGTCGATGCGGCCGGCGCTGCACGCGAGTTCCGTGGCGACTACTTCTTTTCGACCATGCCCATCCAGGAGCTTGTTCGCGCCATTGATGTGTCCGTGCCGCCAAGGATCAAGGAGATCAGTGAAGGCCTCCAGTATCGCGACTTCATCACCGTCGGACTTCTGGCGAGCAAGTTGAGCGTTCAGGACAAAGCCGCTAAGTCCTCAGCTAACTCGACGGATGGCAACTTACATATCAAAGATAACTGGATCTACATTCAAGAGCCGGATGTTACTGCCGGCAGATTGCAAATCTTCAACAACTGGAGCCCATTTTTAGTTCGTGACCAGAATACAGTCTGGATTGGCGTCGAGTACTTTTGTTACGACACCGATCCCATCTGGAGCCAGCCGGACGAGCAGATCGCCGCCCTCGCCAAACGCGAGCTCGAGCAGATCGGCATCTTGAAACAAGCGGATGTGCTCGATGCCACAGTCATTCGCGTTCCCAAGACTTACCCTGCCTACTTCGGCGCATACGAACATTTCGACGAACTCCGCCGGTACCTGGACGAGTTCCCCAATCTCTTCCTTGTCGGCCGCAATGGAATGCACAAATACAACAACCAGGACCATTCCATGCTCACCGCGATGACCGCCGTGGATAACATCCTGCTAGGGCGAGAAGATAAGGAAAATATCTGGGCTGTCAATACAGAAATGGAATACCACGAAAAACGCTCTGAGAGTAAAAGCGAGGCCGAGGTTCCCGTAGCCGTCCGCGCCTAGCCTGTTCGACCGCGGCCGCCCTCATTGTGGAGACGTTGCCCTTAGCTGTAAAAGATATTGACGAGCAAGGAGACCCATGCCCGGTTTGCTTCGTTCTATCGTTCGGAGCTACGTTCGGCACTCGCCCATCGAAAAAGGCAAGTACCATGTCGTTCAGGCTATGCGAAGGATCGACCCGCCGAAGAAAGTGGTTTCCCTAGTCGCCGGCCGCTATCTCAT
NZ_CP030840.1_gap163	6357356	6358770	1414	TGAGTGACCTGCGTGTGGTCGACCGCGAGGTCGAAGAGGGTGTCGGTCACCGAACCGTGATGGCTGACGGTCTTCGGCTTCGGCTGATTGGTCGCGCCGTCTGGATAGACAATCAGGTGAAAGACCGGGGAATCCCCTTCCAGGGAATTGAGCCCGATCTTTGCCTCCCACAGGTTCCTGATCTTAGCCCGTAAAAAGAGTCGGTCAATATGCGCGTAGGGGACCTCGCCTGGAGCTTCAAGGCCATGGATCGTGAGGTTGTCGGCCTCGAATTCCAGGTGAAGAAGACGCCAGTGAAAGGCGCCAAGTTCGACTCGTCCGCCCGTCGCCTTTTCCAGCGTCGTAACGAGCCGGTTCCTCACGATGGCTTCAAAGGAGGGGGTGGTGGCATACCAGCTTGCCGCACCGACGGCCAGCGCGATCAAGGCCAAACACACGAGCATCGTCCAAAAAAGCGGCCGAGGATTTCGCGGAGAGGTCGAGGACGCCGACTGAAGATCTTGATCCGCGGACATCAGGCGCCTCCATCGTCGTCGTTGTCCGGGCTAGGATTGCTTTGGCCAAGACTCGGGTCAAGGATGATGAGGCTTCCCTGGTCGCGCAGACTCTTGAGCCAATCCTGCAGTAACAGGGTGACATGCTGCTGTAACAAGACCTCGGCGATGCGATCGGATACCGCATCGAGGGGCGGCGGTTTGTCCATTTGGGACTTGAACTGCGGCACAAAGGTCTTGTTGTAGTACTCGGCTATCTCCTGTTTCGAAATGCGAACACCGGTGCGAAAGCGGGTATCGATGAAGCTCAGGATCTGCATCCGTTGCCGCCAGCGTTCGTTCACTTCTTCCGAGGTGAGGTTATGCGCGTTCAAAAACTTTGCCCATCCTGCATCTGTCTGGCATTGATACTGGATACAGACCGGGATCTGCTTCTTGAGCGCATCGAGGTCTTTCTCGACTTCCTCGTTGCTGACCTCCTTCACCATTCCCTGACTCTGCATCTGCTGCAGAATCAGGACGCGGTTGATAAGCCGCTCTGCGACTCGCCGCTCGAAGCCCTTGCCGGCGGGGACGCTTAACGGCTGCAGCGCAGCCATGTCTTCTTCACTTTGCAGATCGCTCTGGAGCAGCACATCGCCGTTGACCACGGCGATGACGCGATCGAGCACAACCGGCGTGGAATTCAGTCCCTGTTGTGGAGGAGAGGGATTGGCAACGGACTGGGCCTCCACGCACAACAAGGCGCTGGTTATTGTGAACCAGACCGAGACGGCGGCGGCACGCAGATAACGTTGGCGAAGTACCATCAGAAGCTCTGCCCAATGCTGAAAAAGAAGTTGAAATAGCCCGAATTGCTATGGTAAGGCGGCGTGGAAACCGCTGTCGACGAGGACGCCGCATAGGTGATGAACACCGGA
NZ_CP030840.1_gap164	6394704	6399691	4987	AAAATGCTCTAGAATCACAACACCATGAGAATCCTTCTCAATCAAGCACGTAGTAGCCGCCAAGGTCCGGGCGCGTACTTCACTGGCCGCGTTTGGATCGACGAAATCGTCATCGGGACCGCGCCATCGAAGCTCAAAGCCAATCGAGTCTCCTTTGAGCCAGGCGCGCGGACCGCCTGGCACACCCATCCTGTCGGACAAGCGTTACATGTGCTTACCGGACTTGGTCGCGTCCAGCTACAAGGAAGCTCTCCACAGCGCATAGGCCCCGGAGACACCGTCTGGATCGAAGCCGGAGAGGTCCATTGGCACGGCGCAGAGCCTGGACGGACGATGGTGCATCTTGCCATTCAGGAGGCTGACGAGCATGGCACCGACGTCATCTGGATGGAGCAGGTCACGGACGAGGAGTATCTTGCGCCGGCGGAATGAACCACAGACATCCAGTAGGCAATCGCTTTCGATAGCGTTGTTGACTCCTCCAACAAACCTACTCAACGGCCGCGCTGGTAGCGGAGAAGCGGCAAATTTTACCGCCATGCGGAAGGTAAACTAAGTGCAATTGGAACAACGTTCGCTTCCGGGGATTGAGCCGTGAACCACGCATATATAGAACGGGTAGTCGATCTCACCGATCCAGAGGCCAATCAACTATACGACCTCGGTATCGAGGAGGCGCGAAGCATTCTACTGAGCCAGCCTGCAGAGGCGGTCGGACAGATACGAGGTTCTTTTGCCTTGTTAGCCCGCGAAGGTAAGACCGTAAGGATGGCTCGCTCTCTTGACCGCCCGATGCGGTATTTCCTTGCCAAACGGCAGGAGGGCCCGGCACTAGTAGTCGCCCACCGCATCGATACAATCTACGACTGGTTAAAGGCCGAAGGTCTGGCCAGTCAATTTCATCCGAGCTACACCCGCATGGTTCCCGCCCACTATGTCGTTGAGATCCAACTGGTCGGCTGTCCGGATCCGGATCCTCTATATAGCCGGTTTTTTGCTCCGGCCTCCGCGACTCTTCCGAATGACCTTGATGAGATCGGACGTAACTATATCTCTGCGCTGGCCGATGAGATTGCTCTCTGGCTCAAGACAATCCCGGAACACGCACCGATCGGCGTCTGTTTCTCGGGCGGCATCGATAGTGGGAGCGTCTTTCTGACCACGTACTTCATGCTGCGAAAGCTGGGGATGAACCCGGCGCGCCTGAAGGCCTTCACACTCGATCTTGGCAATGGACCTGACCTTCAGCAGGCCCGCAATTTCCTGGACCAACTTGGGCTTTCATTGTTCATGGAAACCATCGAAGCAGATCCATCGGATTTGGATGTGACCGAAACAATCCGCCTGCTCGAAGACTACAAACCGCTGGATATTCAGTCGGCTACTATGGCAATTGCCCTGTGTCGAGGTATCCGTGAGCGTTACCCCGAGTGGATCCATCTGATCGATGGCGATGGAGGCGACGAAAACCTCAAAGATTATCCGATTGAGGAAAATCCCGAACTCACCATTCGCAGTGTCATCAACAACCAGATGCTCTATCAGGAAGGCTGGGGAGTTGGCAAAATTAAGCACTCCCTCACTTACAGTGGTGGACTTAGCCGCTCGTACATCCGAACCTACGCGCCGGCCCATCACTACGGCTTCAAAGGTTTCAGCCCATATACAAAACCGAGCGTCATCGCGGTCGCAGAAGCGGTTCCCTTTATTGATTTGACCCAGTACGACGTTGCTCGTCTCTATGAATTGAAAGGCGAAATTGTCTCGCGCGGCATCGCCGCAGTTACCGGCATCAAAATGCCGACCTTTCCGAAACGCCGCTTTCAGCACGGCGCCATCAGCATAGAAGCGCTCAACCGCCGCTTGCCATCTCAGGAAGCAGAGTACCGCAAGCAATTTTTAGCACTCTATCAATGACGACTGTGTCGCTTTCGATTTATCCGGAGAAACCTGCCGATCGCGATGCGTGGATCCTGGCAAATCGTTCTATTCGGAACCCGGTCAACGCATCTCGGCCCTACGCTTTCTTTGTCGAAGATGAGCGGTCAGCCAGCGGCGAGATCGTCCCGATCGCGACTATTTTTCTGACAAACCGGGAGTGTCCATGGCGCTGCTTGATGTGCGATCTGTGGAAGAACACTTTACCTGGGACGGTAGCGCCGGGAGCCATCCCCGCACAGATTGATTTTGCGCTGACCCGGATGCCCCCCGCCCGCCAGACCAAGCTTTATAACAGCGGCAGTTTCTTTGACCCACGCGCGATCCCTACATCGGACTACGCAGCGATCGCCAAACTAGGCACCGGTTTCGAGAGAGTGATCGTCGAGAGTCATCCCGCTCTTATTAATGATCACTGTCTAGCCTTTCACGATCTGGTTGATGGACGACTTGAGGTTGCCATGGGCCTTGAGACAGCCAATCCAGGAGTTTTGGAACGTCTCAACAAGCGCATGACTTTAGCGTCCTTTGCTGCAGCAGCCGAAAAGCTAACTCTGCATGATATCGACCTTCGCGTCTTCATCCTCGTCAAACCTCCTTTCATGCTGGAAGAAGAGGCTTTAGAATGGGCCGCTCGTTCGGTCGACTTTGCTTTCAAGTGCGGAGCCACTGCAATGACTTTGATTCCGACCCGCGGCGGAAACGGTGCTCTCGAACAACTAAGTACCTCGGGAGACTTCGCTCCCCCACGATTAGCGACCCTCGAAGCCGCCCTGGATTATGGAATCTCGCTGAAAAGAGGTCGCGTCTTTGCTGACCTTTGGGACCTACGCGTACAAGGTGGCTGTCCGGTTTGTCGAGAGGAACGAGTTGACCGCCTCAGGTTGATGAATTTGCAACAAGTCTTACTCGCATCTGTCTCGTGCAGAGAATGCGGAGTCGACAATTGACAGCACGATACGATATCGCCATAGTCGGATCGGGCTTCTCTGGCTCACTCATGGCAATGATCGCCTGCCGTCTCGGATATTCGGTGGCGCTGATCGATAAAGGGAAGCACCCCCGCGTCGTGATTGGCGAGTCCTCAACGCCGCTGACTAACTTGCTGCTTGAAGAGATCTCTGTTCGCTATGATCTCCCAGTCCTCAAGTCACTTACAAAGTGGGGTACTTGGCAGAGAGACTATCCCGGCATAGCATGTGGACTAAAACGCGGATTTACCTTCTACCATCATGATCTTGCTAGTCCAATCAGCAACTTGCCAGATCGCAGCCAGCAGCTTCTGGTCGCGGCCAGTCCCAACGATCGGCTAGCCGACACTCATTGGTACCGGGCCGACTTCGACCACTTCTTGGTCAATCAGGGTCGGCAAATGGGAGTCAATTGCCTGGACGAGACACAGCTAAGTTCGATGGTTGAGTTAGACAGCGGTATCGTCTTGGAAGGTAAGCGCGGCGGGCGGGAAATGAGTCTCTTCGCAAGATTCCTCATCGATGCGTCCGGACCCAGAGGTTTCGTGCACAGAGTTCTAGATTTGGCAGAGCGCAACTTCCCTACATCTCCAAACACTCAGTCGATCTACAATCATTTTTCCGGAGTCAACAGGATTGCTTCGCATTCCCCTGACAGCGGCGAACAGCCTCCCTACCCGGTTGATGATGCGGCTGTACATCATATTTTTGATGGCGGATGGATCTGGGTCCTGCACTTCAACAATGGCTTGACTAGCGCAGGAATGGCGGCAACCGATCGGCTCGCTTCCTCATTGAACTTCTCGCATTCGGAGAATGCGTGGGGGGAAGTACTCCGAAAGATTCCGATGTTGAATACACAATTTGAGACGGCCAAGCCGGAAGCCTCCTTCTCTCATATCCCACGTCTCTCTTTCTATAGCTCCAAGATAGCTGGATCTAACTGGGCAATGCTGCCGTCAGCTGCGGGTTTCATCGACCCGCTTCTATCAACGGGCTTTCCTCTCACCCTCCTGGGAGTTGGCCGGCTAGCGGAGATCATCGAGGGGGCCTTGGAAAAGAGACATCTCGCACCGAGACTCCTGGCCTATGGTCATAAGACCGAGGAAGAGCTGCTTGCTACCGCACTGCTGATTGGAAGCCTCTACCATAACATGCATGACTTCCCCGTCTTCTCTGCTCTGACCTTGCTCTATTTCGCCGCCGCCAGTTTCTCCGAGACTGTAAGAAGACTGGATAAACCCCATTTGGCGGAGTCGTTTCTGTTGCATGACCACCCTCTGTTTGGCGCCACAAGCCGCTCTCTGATGGAGAGATCTTTGGCGCCACGAACGACGGACCAATCGGCAAGGTTGGTCGAGCAGATCCACTTAGCCATCGAACCATTCAACCTGGCTGGCTTAGGAGATAGCGGTCGCAATAATTGGTATCCCGTTTTGGCAGAGGACCTGATCAGGTCACACGCAAAGGTAAATGCCAGTCCAGCAGAGCTATCAACCCTCTTACAGCGCTGTGGCTTTCCCGATGACAATCACTCACTGTCGCCGGCTTCTATCTCTCGATCCCAGCCTTAGCCGCTCCAGGGTTAAAGACGATTGACTTGGCGGAGACAACTCCATGGCCTTCCTGGATCGTCAGAAACTGGTTAGGCTGAATATTCTGAATCTTCTCTCTCCTGCCGCTCGGCCACACGAGATCAAGGCTCACAGTCTTGTTCTGCTCTGGCCTCCCAAGGCCAAATGTAAGAGGAAGCTCGCTCTGCGACATATAGCTTGATCCGCCTTTGACGATGGCGAATTGCCGGACGCCCTTATTCGTAGTGAGTGTGACTTTGGTCCCAATTCCATCCCGATTGGAACGCACTCCAACAACCTTCACTCGTATCATGTCGTTCTGATTTCCGTTCTCATTGCGCAGTAGACGAGCGGGACCATTATTTGTGGTGAGCAGCAGATCGAGATCCCCATCGTTGTCGTAATCCGCGTACGCGGCTCCGCGCCCCACCACGGCGCGCCGCAGTGCGGGTCCCATCCGATTCGTGACATCTTCAAACTTGTCTTTGCCCTTATTCCGGAATA
NZ_CP030840.1_gap165	6405306	6408777	3471	GACTATCTTGCGAAATCCCCAATAAATCGAGTCTGCCGTTACCATCGACATCCGCAACGGCGCACACCTTAGTGGGGCCGGCCGCTTCGCCATGCTGCGGAAAACCGCCTCTCTCATCCCCCAGCCATAACAACGCTCCCGGGCCGGTACTGCTGTTGCTGGTGGCCACTCGCTCGAGTATGAGATCGATCGCACCGTTGTTGTCAATGTCGGCGGCCTGCAACCGCACTTCGTCATCAAGAAAGCCGGGCGTCACATGCGCTATCTCCGCTGAATCCCAGCCGGTCCTATCGCTTTTTTCAGACAAGCGCTGAATCAAGCCGTTCCCCGTCGAAACCACCAAATCTAGGATTCCATCGTGACTCAAGTCGGCGGCGGCAATTGCTTTAACATCCACAATCTGGTCTGGAACCGGCACTTCGCTGAATCGTCCGGATCGATCGTTCTCAAAGACCCGCAGATGGCCTGACCCATCGATGAAAGTGGCATCGGGGTTTCCATCGCCATTCAAGTCTGCCCAAACAAATCCTCTTACCCCGCTAACTCCCTTAAAGGGCGAGATAGGGGTGAAGGATCCGTCTCCATTGTTTCTCAGGACTACCGGGCTTCCACGCTCTGAGCCAACAACCAGGTCGAGGTCCCCATCAGCTTCAATGTCAACCGCCCAAGCACCCGTATACTGCCCATTCAATATTGAGGATGGCAGTTTGGTCTGAGTGGTTACATCGGTGAAGGATTGGACGGAGTCCTGACGTAAGAAACGCAGGCCGCCGGCACCCGCTAATACCAGGTCAGTCTTAAAGTCAAAGTTGAAATCAACGGGAACAATCCCTTCGGGGGACGGTGGCGTCCGCTCGGTTCCTCCAGGAAAAGGAAACTCTGCGCCGGTCGCGGTCAAGACGCTGTCGCCATTGGCTACGATAGTCGTTGGTGCACCAGCATCGGTAAGCGTGATCGCCTCTATCCAGTTCCAGTCTTGATTCTTTGGACTTGGGAGAGGCTCAGCATTGAATCTCATCTCGGTGTCCGCCGTTGCGGGCGTAAAGACGGGAGTTTGCACCTTTAGAAAGGATGTGAATGGCTGCGCTTCATCTCCGGGCGAAGGCTTGATCGCGGCAAGCTCTTGCCGAAAGTCCGGAAGCCGCATCAGAACGTTTCTCAGAAAGGTCGTCCGCAACGCCGCATTCCGAGGATCTGAACTGGACGCGGCTGTTTCCAGTGCGGCGAGTTGCTGCTGTACCTCTGGTGGCCATCCTGAGGACTGTTGCTTAATTGCGGTGATGGCTTGCTCGAGAGCCACACCGTCGCCGCGCTTGGCTGCCATACGGCCTAACTCGAGCAAAGCGGCGACGTTGGCTGGTTGTGCTCGAACTATCTTGCGCATGAGCTCTTCGAACTCTGCATCGCTGTTTGTGTCCGCCTGCCTTTCAATCTCTTGCGCAAGTTGGTAGGTGGCAATCAGATTCGCGGGATTCAATTCGATGGCCTTTCGAAAATCCGCAATGGATTCCGCGGAGCGCCCTTTACCGGTGTCGACCAGGCCCAGCAGGTAGTAGATACGATCATTCGCCGGCGCGAGCTTTCTCGCTTTTTGCAGCCGCTCACCTGCTGCTTCGAAATCTCGTTGTCGCAGCCTCAGAATTCCCCAGTTTGCCCAGCCTGCGGGTTCAGCCGCAACCATTTCCGTGCATCGGGCCAGCTCTTTCTCGGCGCGAACATCATCCCCGACCTGGAGTGCCGCTAGGCCCGTATAGAAGGTAGAGACGAATTCGCGATAGCTCCTAGAGTCTGGTTTCGGCAAGCCGCCGCGACACCCTACCAGGAGAAGAACGATCAAAATCGACAAGAAGCTGGCGATTTGGGTGCGGCGTACTTCAGAGGCGGATTCTTTCACCTCTAGCCTGAATCCCCTGGCAATGCTCGAACTACCCTTCAACATCCTGCCCCTCGATCTAACCGCTCCCTTCAACAAGTGGGCAGTCGCACTCTGGCGCAACGTTCATACGGCGGACACAGGGCGTGCGAAACCTCCCCAAGACTAATCCGCCTATAGTGGCGATGTCGTCAACCAAAGGATGGTGCGCCATCTCCACCTTTCGATGGAGATCGACTTAGTTCCCATGCAGAAGTCCCGCCCACGACTCTCTTCCCACTCAGCGCTCCTCAGAGCACCACCTCTATCTGTCACATTGAACCGCCTGCTCCGGTCGACGGAGCAATCTCAATCTTTGGATGGTTGACCATTGACGCCCAATCTGAAATCGTTACTAAGATTTAAGCGCGGTCCGCTTTAATGAGTTCAACTACCGTGAAGACCCAGTGAAGTTCGGGCCGTATTCACACCTCGCGGGAAGGAAATATGTCAGACACTGAAATCATCTCTAACCAAAAAACGATCCTCGAAAATCAGGCAACCATCCTCTCCAATCAAAAAACGATTTTAGAGAACCAGAATGCGATTAAAAGCAATCAGGCCTCGCTCGACGCGATCCTGAAGAACCAGGAACTCATCCTCGCCGCACTCAAAAAGTAGTAAGAGGCCAGTCTGAACATTGCTTTTCACCGTTTAGAAATCGTGGTGCTCATCAATACCAGCCATCACACTTGAATCCAGTGGCAGCCCGGGCGTTATGGCGACCGGGTTGCCATCGGAAGCCTCTTCCGCCTGTGCCCGCAGCTTCGCCACAGTTTGCCAGTTGTCCTTATGCGGCCGCTCCGCCACCCACGGCGGAAGCGTCATACAAAGATATTCGCTCATTGCCTCGGCGTACCCTTCGTAAAGACCGCGCATCTGCTTCAATCGCACCATCGATCCTTCGTCGCGGCAGACTCGAACTCCGCTCTGGCAAAGCATTTTATAGAGGACGTCAAATCGCTCCGTAGGAAGACGGTCCTTCCCGTTGGTGACCGGCGGCTGCGAGAACACTTGAGAAAGATCGACTAGGGCATGGCGGGCCATAGCAAAGGTGAGCTGTGCCTGGCGCGCCGGATGTCCTTGCACCCCCGCAATCAGCAGAGAACAGGCGTCGAGGATCGCAGTCAGGGCGCTCAGCCAGCTCTGATTCGTATGTTGAGAGCGGAAATAACACAACAGAGGGTAGGAGATGTGGCTTTCCATCAACTCTGCGGCCCATCGCTCCCACTCTTCAAGCAGCAGCGTTAACGCGTTATCGCCGCCTTCAAAGGAGTGCCGTCTTAGCAGCTCAACCGCGGTTGGGGGCGAACCGGCTCGGGCATCCAACAGCGAAATGCTGACTTCCCGCCGCGAAAAAGCTCCGTAAAGCACGGGAAAGTAGCCGATCACTACCGCCACGAAGCCAAGTCCGGTCCCTGCTTCAAGGATAATCAATTCCCGCGTCAGTGCGCTGCGAGGCACCACATCGCCTAAACCAAGCGTGAAGAGGGTTGTACCACTGACATACAGGTCGGTGCGCAGCCCCGCCGCTCCACCCAGGGAATCCGTGAAAGGCG
NZ_CP030840.1_gap166	6450409	6455075	4666	AGCAATCGCGCCGTGTATGAACTAATCCAACAGGGCAAACTTGGCGATCTGCGCAAGGTGGTCATTCACGACGGCCATGAGGGCCCAAAAGAAATTGGTGTTCAGCCAGAGTTCCTGAAATGGCTCAAAGACCCGGAAAAGAATGGTGAAGGCGCGCTCTACGACTTCGGCTGCTATGGAGCCGATCTGATGACCTGGTGGATGCATGGAGAAGCGCCGATTTCGGTGACCGCCGTCGGTCAGACCGACAAACCGGCAATTTATGGCAACGTCTACGATGACGCCACCATTATTTTGCGCTACCGCACCGCCCAGGCGGTTCTAATGCCGTCATGGGACTGGTCTTTCGCGCGTAAGGATTCAGAGGTCTACGGAGTGAAAGGTTATGCGATTACCGTAGGCCCCAGCCACCTGAAGCTCCGTTTTGCCGGAGAGGCGGACGAGACTTCTTCTGAGGCACCGCCTTTGAATCCTCCGGACGATAGTTCCATGCACTATCTGGAGGCGGTTGTCAGCGGCCAGCTTACCCCGAAAGGCGACCTGACCGCGCTCGACACGAATATGGTCGTAATGCAAATACTCGACGCAACCCGCGAGTCGGCGAAGACTGGAAAGACTATCGCTCTCAAGCCCCTGCCGCAGTGACCGAGACAGCTTTCGCTCTCTCCCACGGTTGGGGAATTTTCACGGACGCCATTCCCGCCGCAGTCGCCGCCTGGATGCCAATCTCCGTATCCTCAAAGACCAGGCAGTCCTCTGGAGCGATGCCAAGCCTCTTTGCGGCAGTGAGATATGGCTCGGGATGCGGCTTACTGTTCTGATAATCCTCCGCGCAGACCAGCGTCTCAAAGCGATCGAGGATTCCCAGAGTATTTAGCGACCTGGTCACCGAATCGCGGGTTCCGCCGGAAACGACGGCGAACGGAATTTTGCCATAGCTGGCATCGATATGCTCGATCACCTCGGGAACTGCCTCAAGCTGGTGGATGATCTCGTAGTAGTAGTCTTCCTTCTGGAGCGCGACAGCAGAGGGCGACATATCGAGACCCTGTTGCGTATTTAGCATCGCAACAATCTCTTCGGTCGGCATTCCGCCCAGCGAATAATGCGTGCGCTCACTGAACTCGCAGCCGTGTTCGGCGAAGATCCGCTTCCAGGCAAGGTAATGCAACGGCATCGAATCGACGATCGTTCCATCACAATCGAAGAGGTAGGCTTTGAATGGGCCTTCAGGCAGTTTCAGTGTCATAGGCTTATTTTCTCAAATGTGGATCCGGCAAACATCTTAGCTGTATATCTGACCCTCGAGATGAAGCGGCTTTGACTCGCCACAATTCCGACGCTTCAACTGGTCAGTAGCTTGACTGGTGAAATCAAGCGAGGCTGGACCATCCTCCGAACGCGGTATCCTGAAGAGTGAAGCAAATGCTACAGTTCGTTGCTGTATTTGTGGTCTGCACCTTTGGGCTCGGCACCGCCTACTCTCAGCAATACGCCGCTGATCGGAAGGCACTCGGCTCAGCGGCGCAGAATGCTCCCGAGTACCTCAAGCACGCCGGCATTGACCAGAACCTGAACCACCCCCTGCCCCTAGCCGACCGTTTCGCCGACGAGAGCGGCGTAGACATGCCGCTCGGGCACTATTTCGGCAAGCATCCAGCCATGCTGGCGCTGGTCTACTTCAAATGCAGAATGCTCTGCCCGCAGGTCTTGCGGGGCATGGCCGCCTCCCTGAAACAGACAGGATTTCATCCCGGACACGAATACAACATCATCGTTGCCAGCATCGATCCCAGCGACACTCCCGCCGATGCTACCCAGGCGAAACAGGAGTTCCTGCAAAAGCTGGGTGTCCCAGCCACTGATCCCGCCGCTGCCAGCATCCATTTCCTGACCGGCCCGCAGGCATCTATCAATGATCTTGCTGCGGCCACCGGTTTCCACTACATCAGGGTTCCCGGTCCAGACGGACAGATGAACCAGTTCGCTCATTCCAGCGTGATCATGATCGCGACACCAGATGGCCGGATGTCGAAGTACCTCAACGGCATCGACTACCAGCCGCGCGACGTTCGCCTGGCGCTGATCGAAGCCAGCAACGAACACATCGGTACGGCAACCGACGCGGTGCTGCTCTATTGCTGCAACTACACGCCTAGCGAAGGGCGCTATACTGTCTCCGTCTTGAGGATCATGGGATTAGCGGCCATGGGATCGGTACTGGCGCTGGGCACGGTAATATTCTTGCTGGGCAAAAAGCCAGCCTCGCAGCGTGCTTCCTGACGCCTTCTTTCGTTTTCTCGCTGACGGGGAAACTACACGGGTTGAGCTCATTGTTGTTTAGAGGTTTGAAATGGAATCAGACTCTTCCAAGTTCTTAGAACCTACCCGTGCCGAGGATGTCCTTCTTTCCTTAGGCGAGAGGCTGGCATTGACCGCCAGTGCGAGCAACGTATACGGAAATCCCATCCAGGCATACGACCGCACGATCATACCGGTCGCCAAGTTCGGATATGGTCTTGGAGCAACCTCGGGCGGCCGTGACGGCGAGAACGTTGGCGGCGGCAGCGGCGGCGGCGGAGTGGGCGCCAAGCCCGCGGGCTACCTTGAGATTAGCGAAGCAGGCACCCGCTATGTGGCCTTCTCTACGCCGCGGCAGGTGCTCCTTGCCGCCGTTGCCGGGTTAGCAGCCGGCTATCTGCTCGCCCGTCTCCGGAGCTGACCGAGATGGTGATGAACTATGGGAATGAATCGCTCGATTCCTGTAAGCTCCCTTGCGATGGAAAGTATCCCGGTATCGCATCGAGAATAGTCTGAGGTTGAAGGCGCTACGAGAAAGAAGCTGAACCGATTTTGGTTTGTCCCCAAAGCGCCATAGGAGAGTTCTGCGGGCTGCCAAGCCCTCGAAATAGTTTTTGACTCTCCCCTTATTTGACTCTCCCCTTAGAGGAGGCCTTACAACCACCTCATGCTCAGAATCGGCGATTTCTCCAGCCTCTCGCAGGTCTCCATCAAGACCCTCCGCTACTACGATGAGCAGGGATTGCTCCCACCGGCTAGTGTCGATGGCGTCACCGGCTACCGATATTATGCCGTTGCGCAACTGCCTCGCCTGCACCGCATTCTGGCGCTTCGTGACCTCGGTTTCTCGCTCGACCAGATCGCAAGCATCCTGAATGACGGCATCGGCGCGGAGCAGCTGCGAGGGATGCTGCTCCTCCGGCAGGCGGAGCAGCAGGCGAGAGTGGAGGAAGAGCAGGCACGCCTGGCGCGGCTGCAAGCACAACTGAGCCTTATAGAAAAGGAGCAGGACATGACCAATGAAGTGGTAATCAAACAAGTTCCCGCACAGTGGATTGGATCGGTGCGCGAGACCATCCCCAACTACCCCGCAGTCGGACGGCTCTACGGCGAAGTCGCGGAAGCGCTGCCACCCGGATCCTTTGGTATAAGCCTCGCCATCTGGCACGATCGCGAACATCGTGATAAAGATGTGGATGCCGAGGCCGGCTTCTTGCTGAAAGAGCCAATCACGGCTTCGGGTCGGGTTCGAGTGCATGAACTGCCGCCAGCCACGGTAGCCAGCACACTTCATCATGGCGCCTACAACCGCCTGTCCGAAGCCTATGACGCTCTATTGCGTTGGCTTGGCACCAGCGGGTATAGCGTCGTTGCGCCGGTGCGGGAGCTTTACCTGCAGATGTCGCGGCCAGTGCGTATGGATGACGAATCGTACATCACCGAGATCCAGTTGCCCGTAGCGAAGGCCTAAACAGACGGACGCCCAACAAGGCGATAGGGAGCCACGGTGGCTCCCTATCGGCAACAAGGATCAACGACGAAACGGTTAGTACCGGTAGTAGTAATACGGGTAGTACGCCGCCGGGTAACGATAGGGGTAGTAGTACCCCGGAGGCGGCGGAGGCGGATAGTACCCATACGGGTACGGACCGCGAGGGCGCAACTGCGGCTGTTGCGGATATGTGCTTGAGGCGAGCCGCTGAGCTTCCTGCGGAGACACTGGCGTCACCGTTACCGGAGCAGTGAGGTGGAAATTGACGACTGCCTCTGCAGGCAGGTACATGCGCGGGCCGGTGGTCGCGGCGGAGGCGCCGGCGCCGACTGCACCACCAACTCCAGCGCCGATCGCGGCGCCAGTACCACGTCCAGCGATGCCACCGATGATCGCACCTAGCGCAGCGCCGCCGATGGTATTTCCAGCGGTATACCCAGCCTTACCCGGGCCCTGCCCATTCCAGGTGTCGGTAGGCAATGGATAGGATTGCCCGCCGAGGTTTACGCTCGTCAACTGCAGGGATAGACCCTGCTTGCCGGCAAGGTCACCCTGGTTGGATTTCGTCGCCACGACTCTGCCGGTAATGACCGCGCCCCGCGGGATCACCAGAACATTGCCCTGGTAGATATCAGCAGCTAGCGTCGCTTGGAAGACCTGGCCGGGCTGCACCTTAGTGGCGTCCAAGGGCTCACTGGTTCTGACCTGGAGGAGTGTCCCCGACGGCACTGTCACCGGACCAGACGGAGCCTGGGGCGCATAATTTGGCTGCTGCTGTCCGTAAGACTGTTGTCCATACTGCTGCTGCGGCGGGTACGGCTGCTGCGACGGATATTGCTGCTGTTGCGACGGATATTGCTGTTGTTGCCCCGC
NZ_CP030840.1_gap167	6459427	6463903	4476	CTGTCTCGGCGGTGCACTGGTCCCCGGTAAGCCACACCTCGCCGATCGGCTCACCACTGGTTTGGAAGTCGAACCAGGGGGAAAGATCGTGGAACCCCCAGATACGGGTGCGAAAGTATGGGGCGACCCGGAAAGGCGCGACTGACTGTTCTTGTTTTGGCGGAGTCACAAACCAATTTAAGCATTTTCAGCAGGCTGGGTCGAGAGTCAAGCTTCTCGTGCCCGCCCGAATCGGATGATCCGAGGTTGTAGCTTGTCCAAGGGAAGACTCCGAACTGCTTGTCGATCCAACCGCAGGGGTCGGCGCCGCAGACCCGAACGCCAATCAAGTTGCGCGCACCGACGTAGAGCAAGCCCTGCAAAAATGGGGGCGCCTTATGCCCGTACAAATAGGATTTCCAGCCGATCTGATTGTCTTGGTCCGCAAGAGCAACGGGAAGATGGTCCAACCCACAATCGGCGGCACGCCTGCAACCGGAGTTCCTCCCGTGAACGTGGGCTCGACTACGACCCCGACGCAGACTACGACGCGGGCAGGCAGGCGTTGCCAGCGGGGGACCAACCGTCCAATCCTCAACCTCAGATCGAAGCCGGCCCGACCGAGGATACGTTCGTCGTGTATCGCGAAAATAAGGATGACCCGAACTGGTCGCCACTTGATGCGCCGGCGGTGTGGCGATACATGGCCAGGAATGCTCTGGAATCGCCATCCGTCCCTGCAGTGGATGCTTTTCGGAAAGCGATCGCAGAGTCGGAGAAGCAGCTGGCCTCCAATCCGTGGCTGCCAAATTTCCTGGCTACACTCCTCTCCCTTTCACCATGAGTGGAAATAGCCGTGCCGGACGGTGAGATCGAGATCGACGCCAAAGAGTTCGCTCAACGTTTCGCGGGTGATCAGTTCCTCCTTCGCGCCGTCGGCATAGATCCTGCCGGCTTTCATGAGGATCACTCGATCAATCTCGGGGAGAATGTCGGCCAGATGGTGCGTGATCATCAGGATGCCGGTTCCCTGCCGGGCGACATGCCGCAAGGCTTCGCGCAGTTCACGCTGCGCGGCGATATCGAGCGCATTCGAGGGTTCATCGAGCAGCAACATCTGGGGGCGATGCACCAACGCGCGAGCGATCATGATGCGGCGCTGCTCGCCGGCGGACATTTGGCCGACGAACTTGGCTGCCAGGTGCTCCGCCTGCATCAACTCCAACGCTTCCGAGGCCGCCACGCGCATGTCGTCGGTCACCTGCAGGTTAGGCCAAAGTGTCGAGGCGGAAAAGAAGCCGGAGACGACGACGTCTCGTCCTACAGTCAACGGCGTTCGCTCCCCCGGAAGATCCGCCGAGACGACGCCCAAACGGCGCCTCAACTGCGAAACGTCCCAGCGCTCACGGCCAAAGAGTCGAAGGACGGTTTGCGGTTGCACGATGGGGTAGCATTCGCAAGTCAGCGTTTTGATGAGCGTGGACTTGCCGCATCCGTTCGGCCCAAGAATCGCCACATGCTCGCCGAGCCCGATTTCAAGGCTGACGTCATGCAGGACGATGGTCTCGCCGCGGGCCACTTCCACATGCTGCATGGTCAGGAAGGTTACCGCCTCCTGCTGTCTGATCCCCGCCTGAATGCGACCCGATTTCTCCTTCGGCGGCATTGTTTTCGCCAACGCCTTTTTGGCCTTCAAGGATTCTGCCCTTTGCACTTAGATTTGAAATTTCTTTCGAAGTTCACGGCTTCGATAGCAGGACTAGTCGAGCCTTTTCTTCCATTTTGCTGCACTTCTTCGTAACTTTCCTGACCCACTCTTCCTCACTTCCCTGCCCCACTCTTTCCCAGTACCGCAACCCTCGCTATCTATTGATACAGTAAAGTTTGCGATGATTTCTTCCCCCCATATACCCGACTTTCTGCTTCCATCCGGATTTCAATTCACTGCCGTCTCTGCGGGCATCAAGCCCAGCGGGAAGCCCGACTTTGCCATCGTAGTCGCCGACGAAGCAGCCTCTGCGGCTGCCATGTTCACGAGCAACCGCGTGACCGCGGCGCCGCTGACGGTGGGACGCGAACATTTGCGGTCTTCCGGAGGGCGGGTGAAGGTCGTGGTCGTCAATGCTGGGAATGCGAATTGCGCCACCGGCGAAGCGGGTGTGGCAGTCTGCCGCGAGGTCTGCGCGCGAGCGTCGGCGACATTCGGTGGCGAGACGATGGAGGTATTTCCGTCGTCAACCGGCATCATCGGCGTCCCTTTACCCGGAGATAAATTGATCGCCGCGCTTCCCCTGGCGAAGAGCGATTTGGGCAGAACCAGCGGCCATTTCGACCGGTTCGCGCATGCCATTCTCACCACCGATACGCGACGCAAGGTAAGTGCCCGCCACTTTACTACTGCAGATGGCCAGCAGGTCAAGATTGTAGGTGTCTGCAAAGGCGCGGGCATGATCCATCCGCAATTGGTGCCTCACGCCACCATGCTCGCTTACATTTTCACCGATGCTGTTATTGCTCCCGAAGCATTGCAGGCACTTCTAGGCGAAGCAGTTGAAAGCAGCTTTAATCGAATCTCAATCGATGGCGATACCTCTACCAACGACACAGTCCTGTTGCTAGCTTCAGGGGCCGGGGGGGTGACGGTCGATGCAACCCACGCCGAATTTCGAGAGGCGCTGTACGCCGTCGCTACCGATCTTGCGAAACAAATCGTCGCCGATGGGGAGGGCGTCACCCACGTCATCGAGCTTCAGATTGAAGGAGCAACAAGCGACGCTGAAGCTCTCAAGGTGGCCAAAGCGATCGCGCATTCGCCGTTGGTGAAGACGGCCTGGGCTGGAACCGATCCGAACTGGGGCCGCATTCTCGCGGCGATCGGCTACTCCGGCGTCCACATCGACCCCGATCGCGTGAGCATCTGGTTCGGCGAGCATGAGATCTGCCGGAACGGCGGGCGCTCCGCCAGCTTCGACGAAGCAGCCGCCCATACCTACATCAGCCAACCCGAGTTTCGAGTGCGCATCGATCTCGGTGCCGGGCATGGATCCTGCCGCTTCTGGACCTGCGACTTAACTGCGGAATACGTAAGAATCAATGCCAGCTATTCGACCTGACGGGGACGCTCGAAGCCGACCCAAAAAAGTACGCCATCGAAAGAAAGCCAAGTCCTGATGGCATACGGAGAGATTCGCACCTCCCCACACGCAACGCCGCGAATTGCATAGATTTGGGCACGGAGATGCTGAAAGCTCAAAGAAGTTTGCAGCAGCATTCAAGCCGGTCTCGCACCGGCAGTGATTTACGACTTTGATCCTCGAGGGACAACACTACGGATGGCCACCAAAAGTAAGTCAGGGACGGTGACGACGACACCTCCATCGAAGGGCGCCTCGCTCATCAGTGATGCCAAGCTGAGACAGTTGCACGCGATGATGCTCCGGTGCCGGATGCTCGAAGGGTCGGCGCGCCGCTGGCGAGTCCGTCACGAAGACGGCAGAAGAGTTCCCTTGCCGAAAGCTTTCTGGTTGCGCGGTCGGGAGGCGACGCTGGTTGGGTCAGCTATCGATCTTCGCCGCGACGACTGGATCGGTACTTCGCAACCAAGTTTGCTGCCTGCCTTGATCAGGGGGGTTCCGCTCGTAGAAATTTTCTCTGGTGAGATTTCTGACCAACTGTCTCACCGGATCATCCCGGCAGCGGTCCCGAAATCGAGAGCGCTGCTCGACGCTGCTGCTGGCATCGCCTTGGGGATGCAGGCCGGTAATCGCGGCAGCGTGGTCATGGTCTTCTCGCTTGCCGATCGTGCTGAGGTTCTTGCCCATCGAGCCTTGAGCTATGCCGCGGACCATCAGCTTCCATTGATTGTGGTCTCGGTAAGCGCAGCTGCCAGGGACAAACGTGGCCCCCAGAGGAGTAGAGATGCCGCCTATCCCATCATTCCGGTCGACGGGGATGATGTCATTGCCATGTATCGCGTCGCCTTCGAATCCATTCATAAGGCGCGGCACAGCGGCGGCCCGACGCTCATCGAAGCGATCTCCTCGAGAACCTCGGGGCGAACAAAGCCGAATGCTATCCGACCGGAAGACCCGATCGTCAAGCTTGAAGGTTTCATGGCCGCTAAGAATCTATTCTCAGCGAAGTTGACGCAGCAAATCACTGCTAAATTCGACCAAGAGATCGCCCTCTCGATGAACACGGACGAGGCAAGAGCGAGATGACGGCAGCGGCGGCCGACTTCGATGCTGGATAGAGCTCAGGATATGAAAAAACGAGCATCGAAAAGGCTTCGCCGCCGAGCGGTATTAAACTGAAAGAGGTTTGCGCCGGGCCACGGCTGCTTTTCCAGGGGCAGGAGCCGATCATCCGCTTGCCTCTATTGTTCATATTTCCCTGAGGTGCATTTGAGCATCCGTATCCCGCGTTCCTTCTTTGCTGCAGGCAGCATACTTCTGCTGGGCCTGGCGGCAAACGCCCAGAATGCCGCGCTCCCCGCCG
NZ_CP030840.1_gap168	6465214	6467406	2192	TGGACTTTCGCGTCGAGGTGGTCTCTACCGATCCCGATCAGGCGCGCAGCGTCGGTGGCAGATTCATGTACTGGGAGGCGGTGCAGGTGCAGGGCTACACCAATAAAGGCAACATTACGGGTGATTGGATCGGGCGCGAAGCCAAGGGAGGGCAGGCATGGCTGACCTATCATCTCAGCCCCGATGAGTGGGTTCAGATCAACTACCGGAACGCGAAAGCAGCGAAGGATTTCATTCCCGGCTCGACTGGACCCGCTCCAGTCGAGGGAGGCACGACCCAGAACATCTTCGGAGTCGACGCGGTGAAGCGCTTCGGCGAGGACCTCGAGGTCCACGCCTGGTTGCAGTACGAGCGCTGGAATGTGCCTCTCTTAAAGCCTGGCGTTCAAAACGACACCACGGCGGCCGTACAGTTCACCTGGTATCCGCAGAAGCGGCAAAAGAGTTTTTAGAGCAGAAGTATTGCACTTCTGCTCTGAGCATCGCCATTCAGGAAAGTCAGGGATCTTATAGGCACCCCGCTTTTACCCCTTTCCTGACGCGAGGTCGCAGACGGTATGACGGGTGCCCGCGAGCTTCTCCACAAACTTCTTTTTACCATCGTTCTGACTTCCACGAGCCGGGTGCTTCTCGGCTGGGATCGGCTCTTCGGCAGACTACGGCGGATTCGATTGGCCGCAAAATCCGAAGGGAATGTCTCCCGGATCAGTTTTCCCAGCGGGAGCAGCCTTATCGATGCCACTCTGGTACGGCCTATGAACTGCCCGGAAGACGCTGGGTTGCTGATTTGTCATGGGATAGGGGAGACCGTGGAACATTGGTTCGGCGTCCAGCAACTGCTTGCCGCCAACGGAGTTGCTTCGCTTGTCTTCGATTACTCGGGATACGGGCGCAGTTCCGGCTTGATCGGTGCTCGCCGATGCGAGCAGGATGCAGTCGCTGCCTTCACCCGCCTGCAGGAGCTTCTGCCACTCCTCCCGATCTCGATATTGGGATTCTCGCTGGGAAGCGGTATCGCCGCCGCTATCCTGCACCATGTACCAGTGCGCCGCCTTGTCCTTTGTGCCGCCTTTACTTCGTTCCGAGAGGCTGCATGGAAGGTCGGCTTCCCGGCGAGTCTTGGCTTCCTGGTTCCGGATCTCTGGCGCACTATCGAGGCGCTGCGCTGCTGCAGCGTCCCGGTGCTTCTGGTCCAAGGGGAGAAGGACCAGCTTTTTCCGGTGCAAATGGCTATCGATCTGAAGAACGCCTGCGCTTTGCATGCAGATCTTGTGGTTGTGCCGAAGCTCTCCCATGCGGATCCCTATTATCACCCCGAGCTGTCTTATTGGGGATCGATCGTGTCTAAGTTCCTGCTTGAGAAGGATCGGTAACGCCAGGAAAATCTACAAGTCAGGTTATCCAGTCCGAAAGCTATACAACATGCAATCCCTGCCCCGGCGCGAGACCTTAGGGCCTTCCGCCAAATTCCTTGGTATTGCCGGCGTTGAAAGTTCACTCAATCCTGGGGAACGGGTATAGGCTTGTGTCGAGTTCGTATGCGTTCGCTCGTAGCGGCGAACCACACCCATGCACAATCAAGCGAGGCGATGATGAATCATTCAAGAAGGAATTTCCTCGCGGCTGCTGCTGCCGTCGCTGCTGCCGCTCCGCTGACAACTTCAACAGCCCACGCTTGGGAGAATGACACGTCATGCGCGGAGCTGGTGCGCTGTTTCGAAGATTTGCCCGGCGACAAATCGCTGAAGATCTTCGCGCCTGCAGTAAAGGGCAAGGAACAGATTCTGATTGAGTCCAATGCAAGCAAAATGCTGTTTGTCGCGAGCGCCATCAAGACATTTGTCCTTTGCGAGGCGCTTCGCCAGGCGGACGGTCCGGACGTCGTGAGCAAGATCACGCAAACCCCGCTGGCGCTCGACGACACCGTCTGGTCCTTCGGCAGCCCGACCTTCGACCCGCCCAACCTTACGGGCGTCGTCTCCGAGCGCACGGCCCTTGAAGCGATGATCACCCGGAGCGATAACACGGCCACCGATATGATGTTCAAGCTGGCCGGCGCCAAGAAGGTGCGCAGGTTCATCGCCTCAGCAGGCCTGAAGAATACCCTGGTTCCAGACAGCACACGGGCGCTGACCGCTTATGTGTTCGGCGCAAGCAATTACCTGACGATCACCTGGGACCAACTGAATGAG
NZ_CP030840.1_gap169	6534284	6535758	1474	GCGCCCAATTCATGAAACTCAACCGCTCGCGCACCGTAAGCGAAGTCTCGGTCTCCCGGATCGGCTTACTCTCCTGAGCCTCGCTCCAGTCCATCACTGCAGTCCGGAATGCAACCAGAGGCTCCTTGATCCCGGCCAGCTGCGCTTGACAGTTCCGGCATTGCCGCAGATGTTCCTCCGCCTCGAGCCACGACCCTTCCACCAATAATCTTGAGATCTCGTTCGAGGTAAGATGCTTCTCCATCCTCGACATATCTAATGTCATTGCGCATCCTCCTTTCCCGCCAAAACCCGTGTCCTGACGGTATTCAGCGCTCGGTAAAGATGAGACTTCACCGTACTTTCCTTCATGCCCATTACTGCCGCGATTTCGAGAAGCTCCATCTCTTCGACAAACCGGAGGACGAACACCTCGCGCTGCATCTTTGATAACTTTTCCACCGCCGCCCAGACGGATTTTAATCGCTCCCGCGCCAGCAGTCCGGTCTCGGCCGAGGCGCTCGGATGGGCCAGAAATTCAGTAACTTCGGCCACGTCGATCGCGGAGCTCTGGGCTCGTTTCCAGAACTGAAACTGCTTACTCCGCGCGTAGTCCCGGACCAGATTCACCGCGATCTGCATAAGCCAGGTGCTGAGACTGCACTCGCCGCGAAAGCTCTCCCGCGCCCGGTAAGCTTTCAAAAAGCACTCTTGCGTGATGGTCTCCGCTGCGTCCCGGTCCCGCACCGCAAACATGGCATACCGAAGAATGCGGCCCCGGTAGATCCGCATGACTCCTTCAATATCGTCGAGTCCAAGCGTTGCCTTGACCTCGACAGACGAGTCGGCCCTCACTGCCATCTGGTTTACAGCGGCGTAACTCATTCTTCTATGTAGACGACGTCTTGGCTTCGGAGTCTACATCCCGCCGCAAAATCCTTGAGCAGCCACTGCCCGCAGTCGCTAAATTGCATAAGGTTGCGCAAATTCACACCAGGTTCATCCGCCAGTAACAATGGCAACCATCCACCAAAAGGGCTGAGTGATCGAGGCTCCCCAGTTTCTAGACCCAGAGGAATAATCGTGGCCACTTCTTCAGCAACTGCCGACTTCCAGGCTATGGATGATGCGAAACCGTCCGCTACTCATTGGAAGATCATGTGGATCTCCGGAATGGGATTCTTTACTGATGCCTATGACCTCTTCATCATCGGCGTCGTCATGGCCATCCTCAAGAAACAATGGCATGTCTCTCACCTGGATGAAAGCCTGGTCGAATCCACAGCCTTGCTCGCCTCGGCCATAGGTGCGTTGCTCTTCGGCCGGGTGGCCGATATGCTCGGCCGCAAGCGCATCTACGGCGTCGAAGTATTGGTCCTCGCTGCCGGAGCCATCGCCTGCGCCTTCTCGCCCAATATTTACTGGCTGATCGCGCTCCGTTTCATCCTCGGTATCGGAATTGGTGGGGATTACCCGGTCAGCGCGACCATCATGA
NZ_CP030840.1_gap170	6537846	6540545	2699	ACTAATCCCGACTCGAAGTAGATCCGGAACCACTCCCATAACAACAAGAACAAACTCGCTCGCGCTGGTGGATGGCTCCAAGCCCAACCAGGCCGAAGTCCAGGCGGAGCAAAAAAGCAGGTCAGGAATCCGGCCTCCAGCAACATGCCGTCGGATTGGTAGCTCGAAAAATCGCCGGCGGCGGCAACAAAGGACAGAAAACAAACAAAGCAGATGAAGAAGCACAACCGCGGCCAAAGGTTTAGGAATGCCAGGATCGATGCCAGCAGGCCGATCCACATTGTCGCCATCAGCCAGTGCGAGTTGGTTGAAAGCCAAAACAGCGTCGGCGCATACCAATAGCGCAGAGGGCCCATCATCCGTGCGACTTCCGAGAGATACCGTTGAGCCGGCAGGATGCCCTGAGGTCCAATCAAACCCTTGATCTGATAGAGCAGCGAGAAGAAAGCTGAGAAATAAATTCCAGCGAGAGCACGCAGGAAAATCCAGCGCCCAATCAGGCAGTGGCGGGGCCCGTTGCTGGAATCGAAGAGCCAACCCGCCACTTGCCCGGACCGCTCCATGCCAGTTGGACATGCCTCCCATCGAAAGAGTTGTTTGCTAAACGATCTCTCGCACGCCCGGTAGCCGCACCAACGGATCCGAGAACAGCCAGCATGCGGCGCAAGCCAGCGCCCCAACCACGCCGAACTTGAGCAGCGCGGGCGCAGCCCAGCGGTGAAGCAACAACGCAATTCCCACCAAGATGGGCGGATGGATGATATAGACCGCGTATGCGCGGCGATTCAGCCAGTTCCAGAAAGGCGATGGCCGATTCATCCGTTCCCGGAAAACGAGCAGCCAGGCCGCAATCAGACCCCAGGCTACGAAAGGCTCCCAGAAAGCATAAAGGATCGCAGTCCAGGAGAAACCTCCGGAAAAATTGGAATTTCCTCGACCGTTCACGGATTGCGCTATAACAATGCCAATGGGCAGGCAGGGCCACGCCAGGATCGCAGCTACGACCCAGGGGCGTACGTCTTTCCAACTTAGCTGCTTGAGCCAGTCCTGACGCCAGGCGGCAATTCCGACTGCAAAAAGGAAGATGTATCCCGCGAAATACCCGAGTTGCAGGCCAAAGATATTGACCCCTACGGGAACAAACCGGCGAATCGCAAGTGCAGCAATCGCGGTCGCCAGCGCGCTCGCCAGCCACCAGCGGGAGCCTGGAACCGGCTTCGGAACGCGTTGTTTTCCGGAAGAAGATGGTCCCGCGGCCAATCGCCAGCCGCAGTACGCCAAGCTAAAAATCAGCAACGCTTCAGCAAACCAGAGTGGACCGTTGATGACGCGACGGTGCCGAAAGAGATAGACGATGGTCGGCCAGAAGCCGTGGCCCTGCGCCCAGGTGACTATCGCCGCTGTGGCCGGCCCAAGAATGAGAATAAAAGCAAGAAGCGGCAAACCCAGGCGCAAGAAGCGGTCCGCGATAAATCGCCGGTAGCCCTTCCGATCCAAGGAGCCAGGCGTGAAAAAGCCGGCCAGGAGGAAGAAGAATCCCATGAAATACGCCTGATTGGTGGCGCAGAACAGAGTAAACAACAAGCTCGATGGCGCGCCGGATGGCTCGATCTCGCGCCAGAACCATCCCCCAGGGCCGCCGTAGGTGATCGCCGTATGATGCAGAATTACCAGCGCGGTCATCACGCTTCGCAGACGGTCGATATAGAAGTCCCGCTGTGCCATCGGCTGCAACATGAGCCATGATAGCCGCGAGGTCCGGGAAATGGCTTCCGGAAAGTTACCGGGCAAGTCGCACAATTCAACCTGATATGGATTGGCTTGCAGGAATCCGGCACCCCGGTCAGCCGGATCCGGCGCATCACTGGTAAGCTGGACTAGCGATAAATAAAGGTTTGCAATGATCAAAGGCATCACCCTCGTACGGCCGGCCGTTACTTCCGAGGCGATCGACGAGTTAACGAGTTTTTTTTCTGCCCTCGGCTTTGAGCCCGGCCGTGGATGGCAACTGGACGGCAGTCGTGGCGTTCCATTCCTGGCCCCTCTAGGAAACGTCGAATTCGTGGAAGGCCAGCTGCCTGCCACGCCTGAAATCCTGATCGAAGTTACCGGGCTGGAATCCATCTATCAGGTAGCCAAAGGCTGGCTGGCGGATCGAACCAACGAACCCAAGCTGACCGAAATCATCGAAACTTCCTGGAAGTCCCGATCCTTTAACGTGGAACCCGTTCCCGGTCACAGCTTCGCATTCTGGGAGTGGTCGGAGCCTCTGCGCGGGAAGCCCATTGCCATTGAAGGCGACCTTTCCGCGGCGGGAATGAGTTTCGCGATCGTCGTCGCGCGCTGGAATGCAGTGATTACCGATCGGCTGCTCGAAGGCTCACTCGATGCGCTGCATCGCAGTGGCGCAGCCAAATCCGACATTGAGATTGTCCGCGTTCCCGGCGCCTGGGAAGTCCCCTCCGCCGCCCGCGCGCTCGCAGAGTCTGGAGAATATGACGCGATCATCACTCTAGCGTGTCTCATCCGCGGCGAGACTGCCCACTACGAAGCCATTTACAACGAGGTCTCGCGCGGCATCGGTCAATCCCAACAAGAGACCGGAGTTCCACACGCCTTTGGCGTATTGACTTGCGAGACGCTCGAGCAGGCGTTGAATCGCGCTGGCATCAAGGCCGGCAATAAGGGATTTGAATCGG
NZ_CP030840.1_gap171	6559082	6561854	2772	AGTTCGGGTTGATGAAGTTGAATCCCTGCCGCATCAGTGTTTCTTCGTAATCAAGAATCATCCCGTGAAGATAGATAAATGACTTCGGGTCGACAAAGATCCGGATGTCGTCAAACTGGTAAATACGATCGCGCTCCCGCGGCTGTGTGTCGAAGCGAATGTTGTAGGAAAGCCCCGAACAACCACCGCCGGTGATGCCGAGTCGAAGACCGCCTTCGACTGGCGAGACGTTCTCCTTTGCCATCGCGACCCGGATGCGCTTCAAAGCCCGCTCCGTAACCTGGATGCCCTTTTGGGCAGGCGCAACGTTCTCGGCATTGCGAATTGTCTCTGCTGCAATCATCCCGTTTCCGTTTCCTCTGACACTTATTAAAAGAAGGTCGGTAACTCGCAAGCCAACGACCTTCTCAAGGCATAGCCCAGCGAACGCAGACTTACTGCGCGGCAACCGCATGAACCGGAGCGCTTTCGGCCACGCCGTTTTTCTTCTTCCAGTCGCCAATTGCCGCGCGAATCGCATCTTCGGCAAGCACCGAGCAGTGGATCTTCACCGGGGGCAGCGCGAGTTCCTTGACGATGTCGGTGTTCTTGATCTGCATCGCTTCTTCCACCGTCTTACCCTTCACCCACTCCGTCGCGAGCGACGAAGACGCAATGGCCGACCCACAGCCGAAGGTCTTGAACTTGGCTTCCTCAATGATCTGGGTCTCCGGATTGACCTTGATCTGCAGACGCATCACGTCGCCGCACTCCGGAGCGCCAACCAGGCCGGTTCCTACTTCGCTGCTGTTCTTGTCCATCTGGCCCACATTGCGGGGGTTGTTGTAATGATCAATTACCTTATCGCTGTATGCCATGTCTGTATCTCCCTTGAACTATCAACTTCGTTTCGTTCGTTGCGATGCAATGCCGGGTCTGACGTAGCACCGGCGCTGAATATGCCCTAGTGGGCCTGCCATTCAATCTTCGAGATATCGATACCTTCCTTAACCATCTCGTACAAGGGCGAAAGCTCGCGGAGTTTCTGCACGATATCGATCAGCTTGTCAGCCACGTAATCGACCTCGGCCTCATTGTTAAAACGTCCCAGGCCGAATCGGATCGAGCTATGCGCGACATCGTCGCCCAGACCAAGGGCCTTCAACACATACGATGGCTCAAGCGTCGCTGAGGTGCAAGCTGATCCGCTCGAAACCGCAATCTCGTTGATGCCCATCAGCAGCGACTCGCCTTCGACATAGACGAAGCTCATATTCAGGTTGCCGGGCAGCCGATGCTCCATCGATCCGTTTACATGCACATAGTCGAGAGCGCCTTCGAGCTTCGCTTTCAGCTTCTCGCGCAGCCGAATAAGGCGAGCCGCTTCGCTCTCCATCTCTTCGCGGGCGATCTCGCAGGCAGCGCCCAGGCCGACAATCCCAGGAACATTCAAGGTGCCGGACCGCATGCCGCGTTCGTGGCCGCCCCCATCGAGTTGGGCGGAGATCTGAACGCGGGGATTTCTGCGGCGAACATAGAGCGCGCCGACGCCCTTCGGTCCATAGAGCTTGTGAGCGGTAAGCGACAGGACATCGATATTCATCGCGTTTACATCCACCGGAATCTTCCCGACCGCTTGCACAGCGTCGGTATGGAAGATCACGTTGCGCTCGTGACAGAGCTTGCCGATCTCGGCGACTGGCTGCACTACGCCGATTTCGTTATTGGCGAACATGATCGAGACCAGAATGGTCTTGTCGTCCATTGCCCGCTTCAGGTCGTCGAGGTCGATGAGCCCATCGGCCTTCACCGGAAGATAGGTGACACGATAGCCGTACTTTTCCAGGCGCTTGCAGGTGTCGAGCACCGCCTTGTGCTCGGTCACCTGGGTGATGATGTGGTTGCCGCGCTCTTTGTACATCTCGGCGATTCCCTTGATCGCCAGATTGTTGCTTTCGGTCGCGCCCGAGGTAAAGATAATTTCCTTGGCGGTGGCGCCGATCAGCCGGGCAATCTGCTCCCTCGCGGTTTCGACACCCTGCTCTGCTTCCCAGCCAAAGGAGTGATTGCGGCTCGCCGCATTTCCGAACTTCGAGGTGAAGTAAGGCAGCATTGCCTCAAGCACCCTCGGATCCAGCTGGCTGGTTGCGTGATTGTCCATGTAAATCGGTAGCTGTACGCCTGCCGGCACCGCTACGCTTCCGTTATCCGTATTGCTCATTTGCCCAGTCTCCTGCAACGTGCTTGGCTCAATCTAATGAATCATTACCAGGTCGGACGCACCTTGATGCCGCCGGTTGGCCGTATTCGCATCCACCAAATCTGAAATCCTGATGCTCTTTAACAATTCCGAGATGCTGTCGTTCACTCGACGCAATGGTTCTTTGATTGTGCAGATGTCGTTTAAGTCGCACGAACCACTGATCGTGATACATGAAGTGATAAATAGCGGTCCATCGATTGCGTGTATGACCTCAAATGCCGTAATCTCCCGCGGGTCCCTCGAGAGCGCATACCCGCCATTCATCCCGGCATGCGACCGCAACAAGCCAACCTTGGTGAGGCGTTGCAGGATCTTGGCCAGAAGTTGGAGCGGGATATGGTATGCCTCCGCGATGTCCTTGGCGCTTTGAGACGCAGATTCTGGATGCTCGGCGAGAAACTTTACAGCCAGCAGTCCGTAATCCGCTTTTTTGGTCAGTCTGAGCATGGCGCATTCTCTTCCGAGATGGGAAAATCGCAGTAGACTAAGTATACGACCACATTTGTCCGATTTACAAGTTTCCAGTTTTT
NZ_CP030840.1_gap172	6670744	6673033	2289	TGAAAGTCCCATTCCAGCCATGCTGGCCAAAGCTTCGATGCGTACTGACTTCTTGTAATTCTGCCTGATCCAGGCCATTGCTTGCGCTGTGCGGTTACTGCGAGTTCCGATGGAAACGATCTCACGGAGCCGAACTCCCTGTTGGCTCGTGAGCAGCCTATAGAGAATCTCCCGATGGATCAGACTGCCAAGAATCGCGACATCCTTTGGTTTGTCACGGAGCTCCAGAAGGCGATCAAGGGCGCTGAACAATTCTGGAGTGACAGGCCCCGATGCCAATGCGCGTCCCAGCGGCTGACGTTCCCGCCCCTCCAACTCTAGTTCTACGATGAGCTGTCTCGCTGCTTCGATGTCAATCTTGAGAAATACCGCGCAGTATGGCTTCTTCGGACTGGCCTCGGTCACCTGGGTCAATACAGGCAGATCTGTTGAGGTGAGAATAGTCTGCGATCCATCACATCGGTACGTTTCGTTGCCCAGTTCAATGCACTTGCGTCCCTGAAGAATGATGCCGAGACCAGGGCCGTAAAAGCGAGAAGCAGGCATTGTCGGAGCCGATCGGACGAAAACCTGCACTCCTGGTAGCCATGGATCATCGTTCCCCTCTGCTCCCGCACTCATGATGAACTTGCTTGCAAGCGCAGTCCGGGTCGAGTGCAGCTTCCTGCTTTCGGCAGATGTAAACCTCATAGATGCCCAGCCTCGCCACTATTCTACCGTTCGACACGAATAGGCAGAAGTTCGGCACGATCGAGCTACCAAGTTTTTGTAACAGTTCCATAGTATCGGCATTGGAAAGAGTTTCGATCACCAGTTTCGGGAGGCTACATATTGGGCATCGAGGGTAAAGTAATTGCTATTACAGGCGCAAGTAGTGGCATCGGCGAGGCCGCAGCAGTTATGCTCGCTGAGCGGGGAGCACGGGTCGTCCTGGGAGCTCGGCGAATCGACCGTTTGCAAGCTTTGGCGTCTCGTATTCACAGCGTAGGCGGTCAGGTAGCCGTGGTACGGATGGACGTCAAGCGACGTTCCGACGTGCAGCAACTTGTCACGTTGGCCTGCAAGCGTTTTGGGCAACTCGACGTTCTCATCAACAATGCTGGGATCGGGCCAATCTCACTCATCGAAGATCTGCAGGTCGAGGATTGGGAGGAGATGATCGATGTTAATCTGAAAGGCTTTCTCTACGGCATCGCCGCAGCGTTGCCTGTCTTTCGGGAACAGGGCTCCGGGCACTTCGTTAACATCGTGTCGACCGCTGGACTTCGGATCGTTCCGCTTCAGGCGGTATATGCCGGCACTAAAAATGCGGTGAGGACTATATCGGAGGGGCTGCGTCAGGAGGCCGGGGACAAACTCCGGGTCACCGCGATCTCGCCGGGCTTCATTTACACCGATTTTGCAGAATCCATGACAAACCCCGAGGTAAAGGCTCAGACTTTAGCCGCGCGAGACAAGATGGCGATATCGCCCGATGCAATCGCCCGGGCTATCGCGTTTGCGATCGATCAGCCGTCGGATGTCGATGTAAACGAAATCGTAGTCAGACCTACAGCCCAGGGCTGATTGCGCTTGCGGGTAGCAGATCTTGTCGCGGAGTCCCTAGGCGAGCGCGAACTAAGTCGGATCATCGGTTGGGATCCGAATCAGCTTAACTCACGAGCAAGTCGGATCGCACCGAAAGGTTACATGGCGTCAGACGAGGTCGTTCGCGGTGGTCTCAACGCAGTAATCTGCACAAGATATTTCCCGAGTTGTCTTGGGGTCGGACCTGCAGGCGTGGGTAGATCCGCCAGCTTCATCAATAGTTTTTCGTAGGCCAAGAGACCGTCGTCAATCGCGGCCTGTTCGGCCTCTCCGAGAGGAATCTCTTGGAGATTCCTTAGCAGGTTCTTTTTCCCTTCGAGTATGAGGGCGGCGGTCGATTGCTTCGGCACATAGAAGTCGCACTTGGCACAGGCCATGCGGTGCGGACACTGCTCAAAGAAGTCATAGGTGCAATAGCCGTGTCCGAGGTCATAGCACTTCCATGGTTCAGTTGAGGCGATCCCAGTGCGAACGGCATCCTGGTTCGATCAGCACCTCGATGGCGCGCAGGTTGCGCGCAAAGTATCCAGCATCGGCATAGGACTTGGCCATCTTCAGATTCGTAATCTTCTCATAATGCTGGGTCGCTGACGGACTTGCGTGACCGAGCCACTTCTGCAGTTCAAATAAAGTCATCGGTTCCTTCGCGTTGAAGAGCTGCGAAGCAATGGTGGAACGTGCCCGATGCGTAGTAATGTTGCC
NZ_CP030840.1_gap173	6693027	6694401	1374	GTCCGCACGTACTAAGCACGCAAATCAACTTTCCGCTGTCGTCGGGAAGGCGTCCGCTGATGATCATTCAGGATTTGCTCGATGAAGAGCCGGATCGCTTGGGCCTTACACCGGTCTTTGCAAAAGTCGACGATGGACCGGCCATCCTGTCGCTCCAGTTCGCTTGGAACGGTCTAGAAGAAGAAGGACGGGCTGTTCTCAAGGTGTTGAGCGACCTACCAGGCGCCCAGGTGGCGAATGTGGGGCTCGTGCCGTTTCGCGAAACACTGGATAGGGGTGAACTTTGGCCTTGGGGAAAGGTTTGGGGCGCCCGCACCCGATCCCTCAGCCGCCTTGATGGTGCAGTGGTGGACACATGTCTTGAGGGAGCCGAAACCATGCCCTCCCTTGGGGCCCGGTTATTTCTCCACGACTTTCATGGCTACGCTTCCCGAGTTCCGCTATCGGAGACGGCCTTTGCGCTCCGTGAAGATCACTATGTCGCCGCCGCTTGTGGCATGTCAGAGCCTAGTGACAGGGATGGCGAGGAGATCATGCGCAAGTGGTTGGACAACGTGGCCGGCAGTCTCGAAAAATCGGCCATGCCGGGTGGGTACGTCAATTTCCTTGCTCCTTCAGACACGGAACGGGTCGAACGCTTCTACGGCCAAGCTGCGGAGAGACTTCGGGCGATCAAGCTGCAAGTTGATCCCCACGATCGGTTCCGCAGCGCTACGGCTCGACTGCGGCCGTGAGTCATTAGAGCGGGTATCAATTGCCTTGAGGGATGCGGGATAACCAACTGCGCTGCAGCGATCTGGATAGCTTGTAGTTGGGCTCGCGCGCGGAGAGCTAGTTCCAGCGGCAGATCTTCCGCTTGTTTTGTCACGTCGGAGGGTCCGGGCTTGCCCCAACCGGACGCTGCATAGGCTCAGTATTCTGTCAGGGAGAATCTCTGAGACTATCCCCGGTGCGACCGCTAATTCGGTTTATCGTTCCGGGGCGATCGTTGCACTTGGAGTGAGCTGGCGCTCCCAATCTACTTCACTGCTCTCATCTCGGTCGGCAAAACCAGTGACTCGTCCGTCTTGAGAACGCCAAAAGATCTTGCGTGATCGTGCGTCGCCGGGCGCAAAGAACAAATCGCGAGATTCAGCTTTCCATTCCTGCGTAGGCTGTCCGGTACGGTAAACAAGAATGCGATTATCTTCACGACGGATCGTGCAAGTCTCTCCGGATGCTCTATACGTCCCTGTTATGTCATCCAGTTGTTCGCGACTGAGTGTGATGGCCGGAGGATCTACTCGAAGGCGCGTGATATCCACTCGGCGCAGCTTCCAAACTCGCCCCGTCAGCTGCCATGTTTCCGAAAACAGCAGGTGACTATTGCGTCTA
NZ_CP030840.1_gap174	6781771	6785900	4129	TTCGCGCAGGTCCTTCGTAGATCATGCGCCCCGAAGTGCTCGATACCGATCTCTTTCGCGGAGGCCTCGACCACACTCCAGATTGCCCAATCGCCCAACTCTTCCCCCAGGATGCGTCCGCTTTTCGAAAGCGGACGCAGGAGACGACCATCTTCGATTTTGGCTGCTGTTTGCCAGGCGTTGATCGCGTTTTTCACCCACACCGGAATTGCCACCGTCCGCACTCGGCCGCCTTTACCAACTAAGTCCACGATGACCCACCGACCCTCGCGGAGCTGAATGTCATCGAGCGTTAGTGTGGACAACTCTTTTCTGCGCAGAGCACAGCCAACCAAAAGAGCAAGGATGCAGTAGTCGCGCTTGCCCTTGATGGTCGATCGATCCGGTACGGCAAGCAGTTCTTTAGCCTGGTCACGCGTCAGCCAATTTCCCAACCGCATCCCCTGCTGACGCATGTTTGGTACGTCCGTCATCTTCGCGGCTTGCTCCGCATCAAGAATGCCGTTCCGTTGTGCTTCACCGATTAACTTCCGAATTGCAGAAAGGCGGACGTTCACCGTCGACGCACTCAGTTTCTTTTCCACCAACGCAGCACGATATTCCATCAGAAGAGCGCGAGAGAGTGGCTGTTGTCGCATCTCGCAAAGCGCAAAGATCTCATCGAGTGCTTTTGCGTAGTTTCGCTTCGAATGTTGGGAAGCAACGCTCAGCAGCACCATTCGCCGCAGCTCAGCAACGCCGGCAACGTATACGGCCCAGTTCCCTGCCGGTTGCTCGCGCAGTACCAGTGCGGTACTCATGAACCTGTAGGCGATTCGCTTACAGGTAGCGATTCGCCTTTGGACAAAGACCAGTGTCTTATCATGGCTCCTCCACATCCATTTCTTGCGCCTGGCGGGTCTCGTTCAGTTCTTTGCGTAACTTTTCGACCACCTCTTGCAGGTCTTCGATGGATGGAACCTCAGATTGAAGTGGTTCGGGAAGTTCGCGGGTGGCTCGGTAGGTCGAAACGCCGATCGGGCGATTGATGTTCTGCAATGTGTATTCCACGGTAGGACCACTGCGGCTTTCGCAAATCAGGACTCCGATGCTTGGACCATCGACCGGCGTCCGCATCGTCGCATCCACCGCTGAGAGGTAAAAACTCAGTTTGCCCGCGTATTCCGGCTTAAAGGCCCCGTTTTTTAGCTCGATCACAAAATAGCAATGCAGCCGGAGATGGTAAAAGAGCAGATCGATGAAATAGGCCTGCCCATCGACTTCTAGCTGCACCTGACTTCCCACGAAGGCGAAGCCGCGGCCCAACTCCAATAGAAGGTCGCGGAGATGCTTGAGGGCTCTGTTGCATTAACTTCACTGGTCGCAGTTCACTTGGTGGGCCGCTCGATCAGGCAGCGACAGCGAAGATGTCGAACAGCTTGTTTACGAATCGGATCTCCTCTTTGACGCGCGGCTTACAGGTGAGGCAATGCCCTCGACGGATCATACGCATCACTTCAAAGCCCTTGATCGTAGCGGCAGCGGTCCTCATCGTCTGAAAGCCTCGGGTGGGTCGGATGACGCGCTTAAGAGCGCCATGGTCGGCTTCGATGATGTTGTTCAGGTATTTGCAGGTCCGATGTTTTGTGTCTGCAGACAGCTTGACCTCGCGCTGTAGTCGGCGGATTGCTTTCGGGTAGGAACCGAGTTGGTCGGTGGTGATCGAGGACGGTGGCCAGTGGCGCATGGTCGTCAGCGCTTTTCCCAAGAAACGATGGGCTGCCCGAGTATTGCGGCGATCTGCCAACATGAAATCAATCAAGCGGCCATGCTTGTCGACGGCCCGAAACAGGTACTTCCACCGACCGCCGACCTTCACATACGTCTCGTCTACGCGCCAGGAACTGGTTCGGTAGCCTTGGTACCAGCGCACCCGCTTCTCCAATTCAGGCGCATAACGATGCACCCAGCGCATAATCGTAGACGGGTCTAGTTCCACGCCACGCTCCTGCATCATCTCCACGAGATCCCGATAGCTGATGCCGTACTTGCAATACCAGCGCACACAAAGCAGGATGATCTCAACGGGGAAGCGCCGGCGTTTGAACATGACTCATCCTACCGCCTCCGTCCCGACTTGGCCTTCACAGCCATAGTTAATGCAACAGAGCCGGAAAACAAAACCCGGAGCGCACAGGTTGGTGATCCAACGGGTTGCGAAAAGTGTAGGCCAAGATTGAAGTGGGTCGCCAGGATCGATCGTTAAGCGAGTGAAGAAGTCGCGTGTGTGGTCGAGCGCCATCAGAATCATGATCAGGCCGCGCAGGAGATCTAGTGATTCGATGCGGGGCTTGAGCGACCTAGGCGCGAAGACTGAGTTGAGTTCTGATAGAGGTGCGGTGTCGCTAGTGCTCAATGAGGAAGACCCCTTGGTGTGTTAAGTTAAGCGGCTTTGCAAACACTTTCCTCCATGCGAAACATTTGTCGCATGAGAATACTTTGGAATGAGCAAGACACCGCGGACGCAGAAGAACCAGGACGATGCTCCGTTGTTGTACACCGGAACCTTCTCTTCTTCAAAGGGGGCTGCGGCGCCCGCTTCGATCTTCCGCGTCAGCGGTCCGTCTCGAAGGAGACGATGCCTTACGATTATGTCGGCGTGCCGCTCTGGAATCTTATGAGAGAGCCATCATTTCGTAACCTGGTGCTACGGTTATTGGTCCCTCCTGAACGCAGTATGGTGCAGCACTCCAAAGTCCTGCATCGGCTCACTGGATCGTTTTGGTTGTGGTGAACAGGATGTTGTAGGCATCGTTGGACTGAAAGCCCGCGGTTATACCGGTTTTTAATATGGGGGACGGGCTTGTTATGATGAAGAGGTACTGAGATGCTCCCGGCCCTGATGGTCCCACCTGAACACCGGGATAAACCTCAGGTCCTTGCCAGTTCGTTCCGTCCGTGGAGGCCATGACCAGCATTTCGCTGTCCTGGTCATTCGCACTGTAAATATAGTAGAGAGTGCCGTTTGCGGCCACCAGAGCTGGCGAACTGTTTCCTCCCATTTGGCCGGGCAGCCGTTGCGAAGTGAAGTGGGCGCCATCCGAAGAGGACGCAATCCACACACCGTCGCTATCGTCATCCGCACGGAAGGCAACATAGATCGTCCCGTTTAAGATCGCGATCGCTGGATCGCTGCCAATCCTGACATTGGGCACTGCCGTTGCAGGCGGCCAGTTTTGTCCATCAGACGAGGTCGTGATGAAGAGTTGATGCGACGGATCGTCGGCCTGGAAAGCAAGATATAGTGTGCCGTTCGAACCCACCATCGCGGGTGCGCCGCCGATCTTGACGTTGGGGACGGCCGTCGCGGTCGGCCAACTATGCCCTCCATCCGGTGATGTCGTGACGAACAGATTGTCGCTCCCGTCATCGGCCTGAAATGCCATGAACACTACATTCTTGTCGCCTCCGATTGGTGTTGGATTTGCCGCCACGATGGTCGGTGCGCTTCCTAGTTGAATATTCGGGTATGCGGTCGCTGTCGGGTAGGGGTTTCCAATTTGCGTCGTCGAGACAAAGAGGTCATCGGTGCCATCATTGGCCTGAAAGGCCACGAGAATATTGTTATTGACTGACGTAAATGATGGCTTAGACCCCATGACATCAGGCCCTTGGTCGACTGCCGGCGAGGCAAACCCATCCTGTGGGCCGCCCGAGCTGTTCGGGCCGCTGTATGACAGCGCTTCCGTATGTTTATATGAGGTAAACAGTACGTTCCTGGAATCGTTTGACTGGAAGCCAACCGTAAATCCGTCGTTGGTCACGGATGCTCCCGGCCCCGAAGCTCCCATCTGAACGTCGAGATAGGCTTTGGGTCCTTGCCAAGTCACTCCGTCGGTCGAAGCCATCACCAGCATCTCGTTGGCGAGGTCCTGGGCGCCGTAAATGCAGTAGAGGACATTGTTCGAAACTACAAGAGCAGGTGAACTGTCCGGCCCCATCGTTTGCGGCTTTGTCGGCCCGGCGATCCTCTTTGAGCTGAAGTGGAACCCGTCAGTCGAGGAGGCCACCCAGACGTCGTTGCTGGAATCGTTCGCCCTGAAGGCGACAAACATCTGGCTGCGGAAGACGGCCAAAGCAGGCGCACTGC
NZ_CP030840.1_gap175	6946678	6948878	2200	TTCCGCTTGATAGCCGCGAAGATTACACCAAGCTCGATCGGTCGATCTGGACCGCCACCCCTGGCATCCAATCCCGTCGACTTCAACGCTATTATGGATCCCATCGCCCTCTGGATTAACCTAACCCCGAGCCGCGTCCCGCTCACCGACTGGTATGACACCAAGACCGGCGAGCAGGAGCATTTCCAGGCCCGCTCCGTCGTCGGCGGCGTCTTCATCAAAGCCTTGACCGACAAACAACTCACCGACAAATGGCGCGCGACAAGAAATAGATTTGCCAAATCTTTCCCATGTTGAGATATCGGCGCATTCCATAAAGTCCACCACAGAGATAGGTCTCTAGAAGCGCCTTGTCGCCAGGTGGATTCTTCCGGCGTCGATCATGATTCTCGGTCGGAACTAGTGTCAAGCTAACCGGTGTTCCGGGATTCAAGTGCAGGGCGACAGCTAGTTTGACCGCCTCGCAACCATGCGTATCGCTCCGCATCTATTCTCCATCCGGAACATTCCGCATTGATGCATTTACGCATTTACCTCTGTACGTTATGGCGACTAAAGTCCGCCCTTAAGGGGTCCGAAGTTGTTTCGCAGAGGAGGGCTCACGCGTCTTTTACCAGCTTCGTACCGATGAATCCTGTCGCTCCCGTCACAAATACACGCATCATTCTGGTCCTCACGACGACCGCCCACGACCTGCACTTGCGTATCAGAAGCAGTTGTAGCGGCTTGCGACAGGTCATGCAGAGCGCGGGTCACGGAAGACCCTTTCAGTTCGACGAGATGTAAAGAGATGCCTGACCAACTGACTCAACGTCACTGCAGAAACCCCTGCAACGATCAGGTTGGCTGCGATAAACAGGATTGGCGCAAGAATGCGCAGCGCTCCCTGTTCACCATGTTCGACCGTGCGGCAGGACGCGGTCGATAAAGACGCCGCACCAAAGGTGAATGCCCAGTACCTGACATTCAAAGGCGACACCATGATCCAGCCGATCAGGCGCACCACCACCAAGCCCTGCAGGATCGCGTACCCAAGCAATGCCTTGCTGAACAGATCCGGTACGCCACCCTGAATGCTCAAGTAAGTGACTGCCGCGACTGCCGCAGGGGCGAATTGGATGCCGAGGCTCGGGCGTTGCTCTGGCGGCATCTCGCTCTTATCGTAGAGCCGGTGAAGGATGACGGATTCAATCGAAAGCCAGGAGAACATCCCGGCACCAAAAGCAAGTTGCGCCAGCCCATGGTACCCAAGCGTTGCTGCGGCGGTGCCTGTGACAAAGCAGCCCGCGACAGTCGGCAGGTATAGCGATCCAGTGGTGGCACTAGAGTGCCTGTCGCCGCTCCACGCAAAGCTGGTGAAAAAAACGCCGTGCGTGACGGAGACCAGGGTCGCCGGAACAAACAAAGCAAGCGCACCGCGCTGGCTATAGGGGTACAGGCCGATAGCCATCAGATTGGTTCCAATTCCAATCAGGCTGATATAGGTGGACTGGATGGCATCCTTAAGTTCCGCGTGAGCGTCACACCTAAAAAGGATCCACTTGACTGCGAAAAGCCCGAGCAGCGTTGCCCAGACCATAGCGGAGATTCCCAGGGTGCTCTCACCAATCAAGGCTGGCATTCCCCACACTCGATGAGCAACGCGCCAGCTGAGTCCAAGCCCCGCCAGGCCAAGCACGATCCCGAACCAGGACGCCGGTACCTGCGGTAGTTTCTTGATCGTTTCCATATCCCGATGATCAGGGGTATAGAGCGGTAGAGTATTGAACGAAGTTGCGGTAATATCCCTTGATTTTGCATGGACAAAGCAACCCCCAAAGCGTGAGTTTGCATGGAGAAATCAGCCCCCAAAGCAATGCCGCATGACGAGGACCGGCCCTGGGATCCAGCCGCAGCCGCTGCCTTGTCTAAGAATGAAACGGGCACGCTGTGGCGGAATGAACGGGTGGCGGGCGCAGAACTCTTTCGCGGAGACTTCCAGGCCTACTCCTTCACTCGCCATTTCCACTCCGAAGCCTCCTTCGGTGCCATGCAGTCCGGGGTTATGCGCTCCTGGCATCGCGACCGCAACTACACGCTGCAACCAGATACGGTAATTATGTTCAACCCCGGCGATGTGCACGCGCCGTTCCCAGCTGATAGCCGGCGCTGGTCGTTCCGCATGTTCTACCTGCAGGACGAACTCTTTGAGCGGCTCAGC
NZ_CP030840.1_gap176	6952660	6956013	3353	CTTGACCGTCGCACATTTGTTTCAACCGGCGCTGCGGCTGCTGCGTCGCTTTTCCTGGAGTACTCTCCGCTAGAGGCGCAAAGCGTGTCAGATACCAGAACAGAACCACAGATGGTAAACATCGTACTCTCGGTGAATGGCGAGAATCGCCCTATACAAGTGGATACTCGCATGACCTTGCTTGACGCTCTCCGGAATAAGCTGCTGCTCACCGGGTCTAAAAAAGGCTGTGATCAGGGCCAATGCGGAGCCTGCACAATCCACATGGATGGAGAGCGTCGTTTGTCATGTCTCACTCTCACCGTTGCAGCCCAGGGACACAAGATCACTACTATCGAGGGCTTGGCTCAACACAACGGGCTCCATCCCATGCAGCAGGCTTTCATCGACCATGACGGCTTCCAGTGCGGATATTGCACCTCTGGACAGATTATGTCGGCAGTGGCCTGTGTACGTGAAGGACATGCCCAATCGGATGAAGACATTCGAGAGTACATGAGCGGTAATCTATGCCGCTGCGCCGCTTACCCGAACATCGTGGCGGCTATTAAGCAGGCAAGGACAGAAATGGAGAAGGACTAATGCGACCTTTCTCTTACGAACTAGCGACCGATAGTGCTTCTGCCGTTGCACTCGCCTCAGTCCCTGCAAGTGCTCACGTCACTTCCAGTGTGCAGTTCATTGGCGGCGGCACCACCTTGGTCGATCTGATGAAGCTGGAAGTCATGCAGCCGAGTACGCTTGTCGACATCAGCTCGATCCGTGATGAAGACATGCACAAGGTTGTTCAAACCGAGACGGGATTGCGGATTGGCTCTCTCGTTTCCATGGGGCAGTTGCATTCTGATAAAGCCATCGTTCGGGACTATCCGATCTTGACAGAGAGCCTCTGGCGAGCAGCCTCGCAGCAGCTGCGTAATATGGCGCGACTCGGAGGCAATGTACTTCAGCGCACGCGTTGTTCGTACTTTCGCGACACGAGCTATGAGCAATGCAACAAACGTATCCCTGGTTCAGGTTGTGCGGCCTTGGATGGAATGAACAGAGGCCACGCGATTCTGGGAACGAGCGAGCACTGTATCGCTACCTACCCCGGTGATTGGGCACCTGCGCTCATCGCGCTGGACGCCCAAGTGGAAGTCTTGAGCCGGTCCGGTAAGCGCACGCTGCCGTTTTCAGAATTACATCGTTTGCCTGGCGCCACTCCGCATATCGAGACGAACTTAAGACCCGGTGATCTGATCACAGCCTTCATCATTCCAGTCGGCCCACAGAGACGATCACTGTACAGAAAGATTCGAGATCGCGAGAGCTATCAGTTCGCGAACGCGAGCGCTGCCGTGGCCCTCGACCTTCAGGGAGACGTTCTCCGGGAGGTAAGGATCGGATTAGGTGGCGTGGCTACGGTTCCCTGGCGTGCTCACCGCGCCGAAGCTATGCTCCGCGGGAGAAGTCTCAACGAAGCGACAGCTACCCTTGCCGCAGAAGCGGAGTTTAAGGAAGCTCACCCACGCGGCCACAATGCACCCAAGGTTGCTCTTGGAAAGAGCACATTAATTCGCGCACTGCTCGAGGCAAAAGCCATGGAGGTTTCCTAATGAATGATCCACTAAATGCTGCCGCACCTGCGCCCCTCGCCAACATGGGAGATCCTATTCGCCGAACAGAATCAGTGGCAAAGGTCACTGGCGGACTGCAGTACGCAACTGATTTGCCTTTGAAAGAGCCTCTTGAGGCTTACTTTCTTACCAGCGCGATCGCAAAAGGTGAGATTACGTCAATGGATACCTCGCCAGCAGAAGCGCTGAGCGGAGTGGTCAAGGTGTATACACACCTCAATGCTCCCAAACGAGTAGCCACGCCCTACATCCAGAAAGGCGGGTACGTTTCTGATACCAACATGCCGCTTACTGGAACGGAGATCCATAACGACGGTCAAATCATTGCCATGATCGTTGCCGATTCCTACGAAACAGCCCGCGACGCCTCTCATCGGATCGTGGTACGGTATGCCTCGGTCTCGCCTGCATCATCACTCGATAGCCCTGGAGTGCAACTTATGCATCCCGGCGCTCTTTCCGAGAAAGAAAAGAAGGTCGGTGACTTCGAGGCTTCGTTTCGTTCGGCCCCGGTAAAGATTGATGCTACTTACAGCACCCCGGCACAGCACCAGAATCCGATTGAACTCTATTCCACTACAGCCTTCTGGTCCGGAGACCAGCTGACGATCTATGAACCGTGTCAGGCTGTGGTGGAACTCGCATTCGGCGCGGCGACGATGGCCAACATCGATCCAGCAAACGTGCACGTGGTCAACCACTACATGGGAGGTGCTTTCGGTGGAAAAGGGTACATGACACAGCGAACCGCCCTTATCGTCGGCGCCTCCCGAGAGCTGGGAAGACCGGTTCGGAATGTGGTCACGCGCGATCAGGGATTCACACTCGCCACCTACCGTTCTGAAACGAAGCATCACGTCCGTTTGGCAGCGGACAGCAGCGGACACCTGCTGGCGTATGGACACGAGAGTTGGGAGATGCAGTCACGATTTGACGATTACCCGGTCCCGGGCTTTGAAGTAACAACGGCCATGTACGGCAAACCTGCCATCACGTCACGGGTCAACTTGGTCAAGGCCGACCGGCAAACGTCGGGATTTATGCGGGCGCCAGTCGAGATGCCTTACATGTACCCTTTGGAAAGTGCCATGGATGAGCTCGCGGTGGCGCTCAAGATGGACCCAATCGAGTTGCGACGAATTAATGAAATCCGTGAGAGCCCTGTTGACGGTGCAAGGTTTACGAGTCGATCTCTGATGCAGTGCTACGACCAGGGTGCCGCAACCTTCGGTTGGAGCAGACGCAACCCGAAACCAGCGTCGATGGTTGACGGCGATTGGATGGTCGGTTATGGTTGCGCGACCTCCTGCCTTCCGACCCATCTCGCTCCTGCCACTGCGAGAGTGACACTCCACGCGACCGGGGAGGTCTCGGTGGATGTGGCCGGGCAGGACTCCGGGCAGGGAATGTATACCGCGCTCGGTCAAATCGCCGCTCGTGCGCTCGGTCTATCGCCACAACAGGTTAAGGTCAACATGGGCGATTCGAAGTTGCCGGCTGCACCCGCCTCAAACAACTCGCTCTCAACGGCGTCTGTCGGGTCTGCAGTAAAGCTGGCCGCCGACAAGATCAAAGGACATTTTGGAGAAAGCGTGCTCGCAGGAAAGAAGCTCACGGAGGCTTTTCGTCATCTAGGAATGTCGCAGATCAGTGAGGTGGGGGAGTATGTTCCCCCAGGCCGGAAGCCCGAAGTGCTGGATATGCTGCGTAGGGGGCAGGTCCCATTTAAAAATG
NZ_CP030840.1_gap177	6957172	6959954	2782	CCGTTACAGCGGCCGGCGGATTCTACAGCACCTCGATGAGCGCATTTGATGACTATTCCATTACATCAGGCCGCCTTGTGACCGGCACGAATCCTCAGAGTGGCCACAGTACCGCTGAGAGGATTGTGAGATTGTTCGATAACGGGATGCGTCCGTAATCGTCTTCTCACTCTGACGTCCTTGCTAAAGAGGAAAACCGAGCTACCGGAATCTCACAACGTCATCATGTTCTGCCGCCTTCATCAGCCGTAAGGACCAAGAACCAGCAACGAACGGGTCCGGAGCACTTCGTCTCGGACCCGCTAGCTTATTACAAGTAGTGAGACCCAAGAGCTTTCTAAGGATAAGTCATGCCGAAGATGTTCTTCACTATCCACAGGGCGCCTTCACTCAGGCTAACCTCGAATTGCTCGCGCAAGAGATTACCCAAATAGGCCTGCAGTGCGAACGCATGCCAGAAACAACGTACGGACGCAGCAACGTTTGGATTTATGCACGCGAATACCCCACTGATCAAGTGTTTGTAGGGGGCCGCACGGGTGGCACTAAGGTGATCACGATTGAGGTGAATGCATTTGAAGGGGGACTTGGCGATGAAGGCACGAATCTCGTTGGAGCAAATGTGGGGAATGCGGGCAGTTTTCCCGGCAACAAGCGCGCTTCTATTACTCGTTGCATGGATGAACCGCAGGGTCTCCTCTCATCAACCATAAGACTACGCACTGTCGACCTAGCGCCTATTCACTCGCGAACGCTCGCCTTTGCCAAATCAGCAATGCTCAACAGATCGGAGACAAACGATGGATGTTTTAGGTTATGAACCGGGCCCAATCACTTGTGAGGCCGCCTTTATCGCGGATTTTGAGATATCGAGTGTCGTGCCGTTTGGCGCGATGGTTACACAAATCGATTCCGATCGTAAGCAGATGGATATCCGACCAGGCCTGGTCATGAAATACGTGCCGGTCCGTTTCGATCCGGTGACTGGAGCTCGGCAAATCGGTGGACGTTACCTATTTTCCACTTGGTCAGACGTGCTGGGTTACGCGCGGTATACAGAGGAGGAACTGGAATTCGAGCCAGGTGTGAAGTTCTGGGAACGGCCGATCTTCAGCAACATTGCCAGGGCGGCGTGGCGCGTCGAGGGAGCTTACTTGTTCCACTCCCTTGAACACCACATGGGTAGTCGAGTCGAACGCTACCGCTATACGGCAGACGCAGCATCAATCCTGACCGACGCTTGGCCGGCGATTCGTGAGAGCGCCGCTCAAGGAGGGCGTTGTAGCGTATGGCTCCTCTCCCGCCCCGAACAGAAGGAGCTTATGCTTTTTAGCTCCGCAGCGAAAGTGGAAGTCGAAGACGAATGGACCACTGCTGCGCGATCCATTGACCGGTTGGAGAAGGCGGAAGGTCTTCTGGAGCCATTTGCGTCGGACTTGCAAGCCGTCAAAGCGTTCGACAGAACCAGTCTCAACCTCTCGCTTTGGTTACCCCGCTCTCGTCAGCTGAGCGGTGCATCATCTATCTTCCCTGCTTCACCTCCTTATCCGTTGCCTTAATGAAGATCTTCGAGGGCATCACGGTGCCCTCTACTTTTTGTGGAAGGAGAATCCAGGGGGCATCGAAATCCCGCTTCCCCCAGGAACGGGAGAAGAGGCAGAACGTACACTCCTTAATGGATGGCAACGATCCGTACAGCCGAGCGTTGCAGCCACCGGGAAGCGACGCCATCATCAACTTTAGTGCTGCAACTTAAGCTACATGCTCCCTTCCTTGGACTCCCGTGATGACATTTATCCAAACGCGTCCGGTTATGGCACCATGGTAATAGCGCTCTCTCTCAACCTATTGGAGTGAACTGACTTAGCTGAATGAAACACCTGCTTCGGAGCTGGGACGAACAGCCTTGGTCCATTCAGGAAAATATCGGACACCTGCTGGATATTGAACCCCTCATGTCGGGTCGCTTGGACGACTTTCAGAATAAGCTTCCGAAACTTAGAGCTTGGGAGGAAACCAACAGCGATACGTGGCGAGCAAATCACAACGCCCGGTCGCTTCGGGAACTGATGGCTGAGTTCCACAGTGCTCGATCGACGCTTGTAGGCGTTTCGACTCCCTCGACAATTCCTTGATCGAGGAGGCCGCGTATCATCCTCGCCTTAAGCGTCCGATGCAGACTATCGATTTGTCTACTTTATTGCGGAGCACGACGATTACCACCTCGCGAAGATATCGGCGATTAAGAGACACGCGGCGGGCTTGCGGCCGACGGCTAAGACGCTCTCATCCGCGCTGGCAGACATCCTTGCAGGTGTACCCCTCGGTTGGTGCTGGACTTGCGACAGTTGGGTGACTGTATCTAGCCCGTCGCTTAGCACAACCAACGTCCGGCTCATCGGCAACCTGCACTTATAGACGGGCTATGCCGCGTCGGCATCGAAGCCCATGCTGCCCCGCTACAAGACAACGAGTTCTCTGAACGCACTATGTCCGAAGCAGAGGACGATATGGAAGGTTTGTTATGAGTAATACTATGCGGGGTGGCGATATTGTAGCTCGGTCCCTCGAACTGCTCGGATGCAAGAGGATTTTCACCCTATCCGGCAACCACATCATGTCGCTCTTCGACGCAACGCTGGAGACCAAGATCGAGTTGGTCCACGTACGGCACGAAGCCGCGGCAGTGCACATGGCGGATGGCTGGGGACGCCTCACCGGCGAACCCGGTGTCGCAATGGTCACGGGCGGTCCAGGGCATGTGAATGCTATTGGTGCCCTC
NZ_CP030840.1_gap178	6968926	6973703	4777	CGGCCATAGGTTTTAGTACCTCGTCCATCTGTACTGCTTTCATAGTCCTCATAAGTCTCCTTTTAGATGGATCTGAGTAGGTTGATACTTAGTTACCTTGCTGGAAACAAAGACCGCGAAGTGAGCACGTGTTGGAAGACCAGCAAAGCACCAACCCGCGGTACTTTCTGGAGCTTTTCCACGCACTGATACTCAGGCGTAGATACAGGTAGAGTCTTGAACGAAATTGCTGCAATTTCTCTTCAGTCTGCATGCACAATTCAGCCCTTAAGGCGAATTTCAAATTCCGAGGTTTCGATGTCGATCGTGTTCTACATACGCGGATACGCCACCGGGTTGATATCACTATCATTTGTTTCGCGATGGAGAGATTGCCCAAAATTCTCAAAGGAAGGTGGATTTCGCGCAAAGTCGCGTAACCGCCGTCCCAGGACAATGCGGGGCATATGAACCGTCTTCGTCGCTACCGGCAAAACCGATATGCGTCTCGGGTTCAATGGGCTCTATGCTCTCGTTGTCGGCAAGTTACAGCAGGATCCGCAAAGCGGCCATCTGTTCTTGTTTGCCAAATCGAGAAGAGATCGCGTGAAGATTCTCTTCTTTGACAGCAACAGCCTATGGGTCTGCGCACGCAGGATGGAGCAAGGACGATTACATTGGCCGACATCGGAAGATGGGCGCGTGCAGTTGACTCTCGAAGAGTTTGCGCTGTTGATTGGCGGCATCGATCTGTCCGCAACGACGAAGCGGAAGTGGTACAGAAAGGCTGTTGCCGAAGAGAAGTCGATCTCGCAAACAGCCTCATAAATACTGGTGATTCAATGCCATAACCCTGATGTTGTTTGAGAGAATAGAAGCAGGATGAATCCCGCTTCCAAGTCGCTTCTTGCTGTTGTGCTTGATCCGGCTGCCGCCGCACTCATTGCACAGCTGAAGCAAACGATGAAGCAGGCGATCGCAGCCAAGGATCAGGTGATTGCGCTGTCCGAGCTGAAGATACGGAAGCTCGAAGAAGAGCTTCGCCTGGAACGTATCAAGAAGTACGGCCTGCGCAGTTAGAAGCTCAGCGATCTCCAGTTGCAGCTGCTCGACCTTGAGCCTGGCGCATCGAGCGATGATGTCCAGAGCGAGATCGAACGCGGTCCGCTGCCGGACGCGACCGCGAACAACGACACGACCGATAAGCAGCGGCGCGGACGCCAGAATCATCCCGGCCGCAACGAGCTGCCCGCGCATCTGAAACGTGTCGACAGGATGATTCCCTGCGCGTCCGAGCAGTGCAAGTGCGGCAGGTGCGGCGGCGATACCAGGGTGATCGGCTACGACATAACGGAAGTGCTCGACATGAAGCCGGTCGAGTTTTTTGTGACGCGCATCATGCGGGAGAAGCGTGCCTGTGTGCGCTGCATCAAGCAGGGTGTCGCCACCGCGCCGGTGCCGGTGCGCATCGCGCCCAGATCGATCTTTTCCGATGAAACCATCATCAGCTTTCTGGTCGGAAGTATGCCGACAGCGTCCCGTTGTATCGTCAACGCGCGATCCTGCTGCGCGATCTCGGCACCGATGTGGCGCTGAGCACGATCAACGATGCGGTGTTGCGTGTGGGCGAACTGCTGATCCCGATCGTCGGCGTCATGAAGTGCGAGCTGCTGGCCGGTCATTACATCCAGGCCGATGAAACCTATGTCGGAGTACAGACCGATGAGAAGAAAGGCTGCAATCATACCGGATACTTCTGGCAGTACAGCGCGCCGGGTAAGGGTGTGGTCTTCGACTTCAACATGACGCGGAGCAAAGACGTTCCAAAAGCCTTCCTCTAAGACTATGGCGGCATCCTTCACACCGACGGATACGCCTCCTATGAAAAAGATATCGGCGCCGAAGGCATGATCCACGCGTGCTGTATCGCGCACGCACGCAGAAAGTTTATCGAAGCCCTCAAGGTACAGACTAAGGCCAACGCCGGCGATCCTAAGTTGGAACGCGCCGTCGCGCTCATGGATCACTTGTTTGCGATCGACTGCGAGGCGCGCTAACAGCAGCCGTCGCCAGATGACCGCCATGCGCGGCGGCAGCAACATGCGCCGGCCATTCTGAGAGAGTTACATGCGCTGTTGCTTGAGATGCGGCAGGCCGGATCGATTCTGCCAGAGTCCGCCGCCGGTCAGGCGATCTCGTATACGTTGAATCGTTGGCAGAAGCTGACACGGTTCATCGAGCGTCCTGTGATCGAACTATCGACGAACTTGGCTGAGAACTCGATGAGACCGATTGCAATCGGTCGCCGCAACTGGCTGCACCTGGGAAGCCAGGAAGCGGGACCGAAGATAGCCGCCATCTTCTCGATCGTCGAGAGCTGCCGCAAACTGGACGTGCCCATTCGCAATATCTGGCCGACGTGCTGCCCGGCCTGGCCGACCGCTACATCCAGTCCCTGGCCGAGTTCACCCCAACCGCTTACGCAGCCAAAGCGGCAAAGTAGCCTATTCCGGGCCGCCTGGGGCCCGTCAACCATGGTGTTTGCCGGACGCACACGGATTCGCCGCTCGCGGCCTCTCTCCTGTAGAGTTGGCAGATGCCTGATGAAGCGGACCGAAATGAACGACAGATCAGTCGGCTCGGCAGTTTCATCGACGCCGTGTTCGCGATCGCTATCACACTTCCGGTTGTGCAGTTGACAGCACCTAAGGTCGGGGCAGGTGAGAATCTAGGAGCCGCCTATGCTCGCTTGCGGCCTGATCTAATTGCCTACATCCTCGGATTCATGGTTATTGGACTTTTCTGGAACTGTTCGCACTTTGGTGCGAAGCTTTTGGTAAAGTCCGATCAAGGGTTCAATCTGCTGACTCTTCTCTTCTTGGCGTCCGTAACCCTAACCCCATTTCCAGCACGGCCGTTTATTGAACATATTGCAGATCCGCCAAACGCTGGCGTCGCGGCAATGTTCTATGGACTCGCTCTCACTGCGCCAATCGCGATGTGGTTCTCGCGCTGGCTCTGGGGAGTGTTGCGCGGTCTCTATAACCCGGAGCTTCCGAAGAGCTATGTGCGAGCACTCACCATTCGATATGCCACTGCTCTAGCGGTCGCACTGTCCGGCGCGCTCATATTGGTGCTGACCAAGCATCCGAGAATCGGCCTCTCTACCGTGGCTGCATCGACGGCAAGCTTCCTCTTACCCCCGACCACCCTATTTGGATCTCGTCGAAGCTTGAAGAGGGCGAATCATGATGTTTCTAAGTCGGCGCGATATGCCGGCGCACTCGATAGCCTGCATCTTCCGCAAACGTGGCCTGGACCTAACTTTGAGCAGAAGCAACGCCGCTCATGCAAGCAAAGTGCCTGGGCGAATGTGTTCACAATTCCTTAGACTTTGAAACGACGCTAAACCACTCTACGCAGGCTCTGGGCCGGCGGTACGCCGAAAACACGCTTGAAGTGGCGAGTCAGGTGGCTCTGATCCGAGAAGCCCAACGTTGAAGCAACATCGACGATCGGTTCGCCGCGCTGCAGCATATTTTTGGCTCGTTCGATCCGTACCTGCAGCAGGTATTTGTGCGGCGGCAGGCCCAGCGCCTCGCGAAAACTGCGAAGCGCATGATACATACTCAGGTGGCCAACGTTGGCAAGCGCTTCAAGGCTGATCTGCTCTTCGGCGTGCGCGTGAATGTACTCACGCATGCGCGCGACACTGCCCGAAGGTGCCGTCGACGGGGTGGTGCACGCCTTCTCAGCGTGTCTCTGCGCGACGTGCTCTAGGACGTTAAGCATCCTGCATTCAAACTCGATTGCCTCGCAATGACCTTCCAGCTTCTTATGTAGCTCCAGTATCTTGTCGGCGAGTTGTGGATCGAGACGAAAGGCTTCTGTAAATCGGATAGGCGTTGCGGAGATCTGCAGGCTGAGCCGCTCAAAGAGTTCGTCCTGCAGGTAGAACATGCGGAACGACCAGCGCCGGCTATCAGCTGGGAACGGCGCGTGCACATCGCCGGGGTTGAACATAATTACCGTATCTGGTTGCAGCGTGTAGTTGCGGTCGCGATGCCAGGAGCGCATAACCCCGGACTGCATGGCACCGAAGGAGGCTTCGGAGTGGAAATGGCGAGTGAAGGAGTAGGCCTGGAAGTCTCCGCGAAAGAGTTCTGCGCCCGCCACCCGTTCATTCCGCCACAGCGTGCCCGTTTCATTCTTAGACAAGGCAGCGGCTGCGGCTGGATCCCAGGGCCGGTCCTCGTCATGCGGCATTGCTTTGGGGGCTGATTTCTCCATGCAAACTCACGCTTTGGGGGTTGCTTTGTCCATGCAAAATCAAGGGATATTACCGCAACTTCGTTCAATACTCTACCGCTCTATACCCCTGATCATCGGGATATGGAAACGATCAAGAAACTACCGCAGGTACCGGCGTCCTGGTTCGGGATCGTGCTTGGCCTGGCGGGGCTTGGACTCAGCTGGCGCGTTGCTCATCGAGTGTGGGGAATGCCAGCCTTGATTGGTGAGAGCATCCTGGGAATCTCCGCTATGGTCTGGGCAACGCTGCTCGGGCTTTTCGCAGTCAAGTGGATCCTTTTTAGGTGTGACGCTCACGCGGAACTTAAGGATGCCATCCAGTCCACCTATATCAGCCTGATTGGAATTGGAACCAATCTGATGGCTATCGGCCTGTACCCCTATAGCCAGCGCGGTGCGCTTGCTTTGTTTGTTCCGGCGACCCTGGTCTCCGTCACGCACGGCGTTTTCTTTACCAGCTTTGCGTGGAGCGGCGACAGGCACTCTA
NZ_CP030840.1_gap179	7111511	7112011	500	CGTCCAGGCCGACAACAACATCACCGCCAATGCCTATAAATACGATGGAATTCTGGCCACCGCCCTGCAGTCGGCCACTCTCCAAACTCAATTTCCGAACGACGGAGCGCTCGGATCGCAGCTTCAACAGATTGCGCAGATGATTAAGGTCGGACCCTCTTTGGGCATCAGCCGGCAGATCTTCTTTGCCGGTGTCGGGAACTTCGACACCCATGCCGCCCAGCTTTCGGTCCAGAGCAGCCTGCTCGCCATGATCAGCCCGGCCATCGGGGCTTTCTACGCGGCCACCCAGGAGCTGGGAGTCGCCAACCAGGTCACGACCTTCACCATGTCGGACTTCAACCGGGCCTATCAGCCCAACGGCAACAACGGGAGCGACCACGCCTGGGGAAGCAGCCTCTTCGTGCTTGGCGGCGCCGTGAAAGGCGGAAAGGTCTATGGAACCATGCCCACTCTCGCTCTCGGCGGACCGGACGACTCCGGCAGCAACGGCCGCTGGG
