gap_id	start	end	length	sequence
NZ_CP133038.1_gap1	1104	4688	3584	CGGAAAGAATGTGTCCGCGACGGGGCACGCCATGGTTTCGCATTCCTGCGACTCCATGTCGGACACGTTTCAGCTGCACCTGATTCCCGCCGCGTCGCATGAAGCGGGCGCTGAGCGCTTTTTGCTCAAAGAAGGCAAAGGCTGCGACGCCGGCGCCGATCCCGGCGTGATCGGCAAAATCCCCGAAGTTCCGCAGACCAATCAGTATCTGACCAGCCGCTACTCGTTCTCAACGACAAGGGACTGGCCATGGGCGAATCGACCATGACGATGACCGCCGACGACAAACGCAGCGAAAAAGTGCTGGAAGTCATGGAACCAACGCTTTCGGCATGACGAACTGCCATATCGTTCAGGACATCGCCCTCGAACGCGCCGGCACCGCCGCGAGGCCGTAAAGGTCATCGGCGATCTGATCGACGAATACGGCTGGTACGAGGCCGGCGAGACCATGCCGATCACCGACGGCGACGAAGTATGGATCGTCGAAGCCTACGGCAACAAGATGTGGGCCGCCTGGCGCGTGCCGACGACGAGATTTTCGTGGCCGCGAACCGCGCCCGTCTGCGCGAACTCGACCTGACCGATACGGAAACGTCGCCTACGCTCCCGGCATGGTCGAGTACGCCGTCGAGCAGGGCTTCATCGACGCCAAAGACGTGAACATGAAGAGCTTCAGCCCCGCCGACGTGTTCTATCCCACGCTGCGCCTTTACTCCGCGCTGCGCGAATGGCGCGCGCTCACCCTCTTCGCACCCTCCCTCAAACTCGATCCTACGCCCACTATTTCCCCAAGTCGGTCAAGCCCGACAAACCGTCACCGTCGCCGACCTGTTCCGTATTTACGGCGACTGGTACGAAGGCACCGAGTTCGACCTCAGCAAAGGCCCGCCGCCGGTCCTACGGCAATCCCAACGCTACCGCAAAGAGATCAAACTGGGCTGGAACGACAACGAATTCCCCGCGCCATCAACGACTACCGCCACACCTACGTGCAGATCTGCGAGGTCGATCCCACCCTGCCCGAAGCCGTGCGCGGCATCGTCTGGTTCGGTTACGGCGCCGCCGACACCACCTATCTGACGCCCTTCTGGGCCAGCATGAAAGCTCTGCCCGAGCCCTTCACCACCGGCACGCGCAAAGGCCCCTTCGACCCAAGTCCGCCTGGTGGGAGTGCATCCGCGTGCAGCACATCGCCGAACTGCGCTACCAGACATCCGCAAGGAGATCATCGACTACCGCACGCCCCTCATGGAAGCCGATTACGTCAAGGCGCACGAGATTCAAAAGCAGGCGGCCGAGCTGATCAAAAACGGCCAGAGCGACAAAGCTCTCGACTTGATCACCGACTACGCCTGCGGCAACGCCGTCGCCCGCCACAAGGGCTGGAACGAACTGGGCAACCGTCTCTTCGCCAAATACTGCCTGAACGGCACCAACATGGAGTACAAAACCTATCCCGAAGAGTGGAGCCGTCTGATCTGGAAAGGCCCTTCCTCCGTCCCGACGGCACCAAGTAACCTAAGAACGCAACGGAGAAACGAAGACACGGAGAAAAGCGAAAACGAAGACGACAACCGACACAAATCCCTGACGGGCGACGACCGTCAGGGGATTCTTTGAGCAATGAAAAGAGCCGATGGTCACGTTGATCATCGACTCTTTTCTGTAATTGATCATTCAATTTTCGCTTTCTCCGCTTCGCCGCTTCTCCGCAGTCGGTTCCGTTTAAAACTGACTGCGCCCGGCTCAATAACATTCGGTGAGGATGTCGAAAATCTCGCCGACGGTGAGCTGGCGGCAGCAGCCTTCCTTGATGTTGGTGCTGCGGGCGACGGCGTTGTAGAAGGAGCGGTCGGCGATGCCCATCTTGCGGAAGCTGTTGGGCAGGCCGACGTCAATCACGAACTGTTCCAGCGCGGCGATGCCGGCCAGCGCGGTCTCGCGGTCGTCGCCGCGGTCGGCTACGCCCCAGACGTTTTTCGCCCAGCGCGCGAAACGCTGCGGCGCGGCCTTGTAGAGGTGACGGTAGAGGATCGGCTGGATCACGGCCAGCCCCATGCCGTGGTTGCAGTTGGTGTACGCGCCGACCTGATGCTCGATCTGGTGGGCCTGAAAGTCGGTGACTTTGCCGATCTTGAGCAGACCGTTTTCGCTCACGGCCGCCGCCCACATCAGCTCGCCGCGCACGCGCAGATCGCCCGGATCTTTCACGAGGGCGCGCGTGCTGCGGATGACGTGGCGCATCATGGCCTCGGCGATCTCGTCGGTGAGGTTGTCGTCGAGCGGCTTGCCGAAGTAGCTCTCCATGCAGTGCGAGAGCGTGTCGAACGCGCCCGAAAGGACCTGCGCCCTCGGCGCGGAGAGCGTATAGGCGGGATCGAGCGCCGCGAAGGACGGCGCCGCGCCGGTCATGCTGCCCTTGATCTTCTTCTCTTCGTTGGTGATCACGGCGATGTCGTTTTGCTCGGAGCCGGTACCGGCCACGGTAACGACGACGCCGAGGGGGATGAACTGCGCCGGGGCGGCCTGAAAGCGGAACTTCATCTCCCACAGGTCTTCGTCGGTCAGGGCCTGAGCGGCCACGACCTTGCAACAGTCGCTCACCGAACCGCCGCCGACGGCGAGGATCAGGTCGACGCGCTTCTCGCGGGCCAGGCGCGCGCCCTCCCGGACTTTGGCGTACGTCGGGTTGGGCATGATGCCGCTGAACTCGACCACGTCTTTATTGGCTTCGCCCAGAAGCTTCATGACCGTACCGTAGACGCCGTTTCTTTTGACGGAGCCGCCGCCGTAGGCGAGCATCACCGTACGGCCGTACTTGGGGAGTTCGGCCCGCAGCGCGCGGACGGCGGCGTCCGCGCCGAAATAGGTGACGGTCGGATAGGAAAAGACAAAATCGCGCATGAGAAAGACCTCCTTTGCAGATCGGGATCGTTTGCACCTATCGTCAGTTTAAGGGGAAAGCCGCGCAAAGTCCACCGCCAGGATGTCGCGGCGTGAAGAAAAAATCGCCGCCGTCTGCGGCAAAAGAGGAAACGTTTTTAGCGTTCCACGTGGAACATTTTTCTTCGTTCATGTATTTACAACGAGTCAAAAAGCATGTCATACAAATGATATCTTTTTCGCGGCTTAGCGGCGACTTTTATTCCGCGAGGACTCAAAGCGGATTGACGTGGACCATCACGTGCTTGACCTGCGGAAAGTTCGTTTCGACCGCGTCATGGACCCTTTCGGCGACGGCGTGGGCGGCGGCCAGCGAACAGCGGCCGTCCACGCCGATCTCGATGTCGACGTAGACGCGGCTGCCGAACTCGCGCGTGTTCATCAGGTCGATGCGGCGCACGCCCGCCTGAGCGGCCACGCACTCGCGCAGCGCCCATTCGGTAGCCTCGTCGCAGGCGTGATCGACCATCTTGTCGGTGGCGTCCTTGAAGATGTCGATCGCCGCTTTGACGATGAACAGACAGATGACGAGGCTGGCCGCCGGTTCCAGCACCGGAGATCCCATGCGCGCGCCGCCGATGCCGATCAGAGCGCCCACCGACGACAGCGCGTCGGAGCGGTGATGCCACGCTTCGGCT
NZ_CP133038.1_gap2	33894	37497	3603	GATCGAAACGCTGAAACGCCGCCTGGCGCACGACGGCTGAGAGCGAATTTCGTTTGCGGAACAGGGGGCGCTGTTTTACCCGTCGCGTACCATCGGCGCATCACACCGCAGGAGGTGTTGGCATGAATTCGAAGCACGCGCGCCTGCTTGCTGCGGCAATTCGTTATGACCGCGGCGACGCCCGGCGCATCCAGCATTTCGTCAAGGTCCACGATCTGGCCGCGGCGATCGGCGCGCTGGAAGGGCTGGACGAGGAGACGCAGTTCATTCTCGAGACGGCGGCCATTCTCCACGACATCGGCATCCATCAGGCCGAAGCCAAGCACGGCAACGGCCACGGCACGTATCAGGAACGGGAGGGCCCCGGCGTCGCCGAGGCGATCTTGCGCGAACTGGGCGGCTACAGCGAAGCGCAGATCGAGCGCGTCAAATATCTGATCGCCCATCATCACACCTACAGCGACATCGATGGCGTCGATTACCAGATCCTCGTCGAGGCCGACTTTCTCGTCAACCTTTTCGAAAGCCCCGATCGCTACGGTCCCGCCGCAAAGGTCAGCGAACGCATCTTCAGGACGGCCGCCGGAAAGCGCCTTCTCGACGACATGTTCGTCGCCGGCGCTTACCATCCCCTCACGTCCTGAAAGATTTTCATAAACGAATCGCGGCAGTCCGCCGGAAAAGATCCGACGGACTGCCGCGATTCGTTTTTCAACGGTTATTTCTGCAGAACCGAGGCGCTTCGTACCGTGTCCTGCGAGTCTTCCAGCCGATCGCTCCGCGCCACTTCGCTGGTCCAGCGGTCGATCAGGCGCAGGCGATTCTGGCTTTTCCACGGCACGCTGCACTGGAGCAGCCTGATCGAATTCAGATCGAGCAGCTTGTTGAGCTCCCGCAGCTCAGGGCGAGCGGGAAGGTAACACGGCTTCAGCTCCATACGGCTGCGTGCGAAATCCGGCGACGCCAGCCACTGCAGCAGATACTTCGCCTCCTCGGGGTACGCCGCGCCGTCGAGCAGCGCGCAGCCGTCCACCGCATACGTCACGCCCTCCTTGGGAAAAACGATTTCCACGGGATAACCTTCCAGCTTCAGGCTCATCGCGTCCACGTAATAGAACACGCCCGCCGCCGCCTGTCCCAAGGCGACGGGCGTGGCGCCGCCGACGCCGTTTCCGGCGTATGCGCGCACGTTTTCCGCCAGCTTCTTCTGGTACTCGAAAGCCTCTCTCTCGCCGTAGATGCGCACGAGCGAATAGATTTGTTCCGAGGCCGTCGCCGACGCGCGGGGGTCACCCATCTGCAGCGCCCCGCGATACGCAGGGTCAAGCAGATCCTGCCAGGAATCGGGCATCCTCAGCCCGTTTTTCTCGATAAAATTCCTGTTGACGAGAAAACACAACGGCGTCACGCCGATGCCGAACCAACGATTGTCAGGATCGCGATATCCGACCGGCATCGCTTTGGCCGCTTCGGGAACGTACCGGGCCAGCGCGCCTTCGCGTTTGGCGGCATCGTAAATGTCGGCCGGGCCGCCAATGATCAGGTCGGCCTGCGGACACACCTTTTCGGCGATGACGCGCCGCAGCATCTCGCCCGACGAGAGCCGTGAAAAGTTGACCTGCAAACCGGTATAATCGGTAAAGCGTTGAAACAGGACCGCTGCATCCCTTTCCGGGATCGTCGTGTACACGCGGATCACCGGCGGCGCGGCAAACTTCCGATACAGCCATAATCCCGCCGCCACGGTCAGCACGGCTGCAAGAGCAAACACACTTCTTCTGCGCACGGAAAATCCCCCCTGCACTGGAACGTTCCTGAGATACTGTCAGCGCTTGTTCGTTCTTTTCGGAGCTTTCTCCAGGACTTTCAAATATTATACCCGCTCATTGCCTCTTTTTGCAGGAGACAACGTAGAAAAAAAGACGAATTTGCTCTCTGCTTCAGAATACTTTCCAAACCGGCCGACAAAGCGCGCTGAACGGCGGCGCGTCGTCTTGAAAGTGGAACCGGAAAATAGCTTGACCGTTCGTTTCACCAGAGACGAAAAAAGACGGAGCGAAACCGTTCGATCTGTTTCGAACCGGTTTCGCTCCGTCTTTGCCGTATTTTTATCCGCCGCCCGTTTCCGTCGCGCCAGGCTCAAAGCACCAGTTCATCGCCCGCCGCCAGATAGCGCAGCTGCTCGCCCATCCTCTGCCGCAGGTAATCATACTGGGGCACCCCTGTGCAGTGGCAGGTGTAGTACGTCACGGGCCAGCGTTTCAGTTCGGCCGCGGCCGCATCCATACGGCGGAACCGATCTTCCGGCACGTCCTTGAAGTGAAAGCCGCCGACGACCGCCTGAGCCCCTTCTTTCGAAGCCCATTCCATGATGTTGAGAATACCGCGGTGACTGCAGCCGCTGATCAGGACCTTTTTCGCCCCTTCGCTGACCAACAGATACTGTTCGTGGCCGAACTGTTCCGGCACCAACACGCCGCCGGCCTCCATCATCATGCCGCAGGTATCGACGGGCCACTCGCAGGGCTTGCCCGCGTAGCTGGCGATGGTCAGCTCGTTGTCGAGGCGCAGACGATCCTCGCCGACGACCACGATCCGGGGATGACCGATCAGCCGCGGTTCCACGCCGATGTATTTGCCGTCGCGGTTGTAGCGCGGCCGGTCGTAAGTCGCGCGCGCGTAAAGTTTGGCGTGATCGTTCAGGCGGAAAAACGTCGTCATGCCGCCCGAATGGTCGCTGTGGCCGTGAGACAGCACGGCCGTATCCACGGCCGCGAGGTCGACGCCCAGCGCCAGCGCGTTTTTCGCGAACAGGCCGCTGGCGCCCGCGTCGAACAGCACTTTGTGGCGATCCGTCTCGATGTACAGACTCAAACCGTGCTCCGCGCGGCAGCATTCTCTCCCTGAGGTGTTCTCCATCAAGGTCACAATCCGCATGAACAATCCTCCTTAATGTGTTGTTTTCCCCCTGATGAGCTTTTTCATTATACCGTGATATGATTAAAATACAATTATCATGAATTCCGCTTCTCCATAGAAACCTATTTCTCCTTTGGTGCAAAGATCGCGAACGCAAAATTTTTAATATGACGGATGGGGATTTGCCGCGACACACGCCCCGCTTTCCCCGTTTGCCGGATTGCCGGCGCGGCGGCCGAATGAAGCTTCGAGAAACATAGTACTGTCACGACGTTTGTGTCATCTTGCGCGCCGGAAGAAAATGCTTTAAGCTGTATACGTCGGCCAACGGCCGCGAGACGATCCATGAACGCGAAGGGAGCCGGAAAAGATGACTCGCTCTATTTCAAAACGGAAGCTGGACTTTCTGCGGGAAGAACTGCAGGTCTGGCAGCAGGAAGGTCTGATCGGCGCGGACTCGGCGGCGCGGATCGCGTCGCTCTACTCGGCGCGCTCGCGCAGTTTCGCGCAAACGCTGCTCTGCGCGGGCGCGGCGCTGGTCGGGCTGGGAACCATCAGCGCGGTGGCGGCCAACTGGTGGACGATCCCGCGCCTGCTGCGGACGGCGCTGGTCCTCGCGGCGTACGCGCTGTCGATGGGCGCGGCCTGCTTCTGCGAAAAAGATTCGCCGTCCGGCGCCCGGGC
NZ_CP133038.1_gap3	129506	131211	1705	GACCGGCATCATCGTTTCGATACCGTAATAGGCCCTGGTTTTGCGCAGCATCAGACGCACCGAAACGACGGAACCGATTATCGCGCCTATATTGCCGATCAGGGCCGCCTTCATGGCTCCCTCGACCGACAGACTCATCATCGTTGTCGTGATGATCAACCCCATGCCAAACGCCGTGCCCAGATTGGTCAGCGCCGCCATCTGATACTTCCTGAAATAGCGCTTGAAGTTGTCGTCCTGGGCGAAGGCCAGGATCGCCGGGTTGTCCGACAGATAGCAGTTCATAATGCCCAGGGCGCTTGAGCCGGGAAGGCCGTACAGCGGATAAATAACGGGGCGCAGCGCCCGGTTGATCAGAGAGATCACGCCGAACTCCGACAAAAGCCCGGCCGCGCCGCCGGCCAGCACCGACACCGCCATCAGATAGAAGCAGACGGACGTCAGCAGCTGATACCCTGTCAGCATCATTGTTTTGAACATGTTGGTACAGCCCATGACGCTGCCGATACCCACGAAAAAGGCAAGAAAGAAAAAGAGAAAAACGAAAGCCTCTTTTCCGATCTCCTTCTTGAGTTTGACCGTTTCCCCGTTCGCCTTCATGGTTCCTCCTGTAAGAGAGCAGGGAGTGCGGTTTAACGCCACGCGATAAACCGCACTGCCCGCCGATTGGATGCTTATCTATATTCCCGGACGACGCTTACTTTTTGCCGGGAAAATACTTGGGATTGCCGAAGAAATCGTCGACGATCGCCCTGACCTTGCCGCTCATCATCACCATGCCCAGCATGTTGACAAAGACCACCAGCCCGAGCGTGAAGTCGAGGAACACGCCGGCGTGCTCGAAGGAGATGAACGCCCCCAGCAGGATCATCAGGCTGGCCACGACGCGGATGATCTTGCCGATCGCGGTGCCGAAGCAGAACTCGGCCTGCTTTTCAGCGTAGAAAACAATGACGATGATCGTCGAAAGCACGAACAGGAAAAGGCAGACGGAGATCAACACTGAGCCGAACGCGCCGAAAGCACCCGTGAACGCCTGATGGATGGCGATGTTCTGATTGGCGGGATTCTTCCAGACGTCGGAGACGAGGACGACCAGCGCGGAGATCGAGCAGACGATCAGAGTGTCGGCCACGACCTCGAAGATGCCCCACATGCCCTGACGGGCGGGGTGATCCGTGACGGCGGCCGCGTGGCCGTATCCGGCGGAGCCCATGCCGGCCTCGTTCGAGTAGCAGCCTCGGGCGATCCCTTTCTGCATGGCCTTGGCCAGCGTGGCGCCGACGATGCCGCCGGCGACGGACTGAGGATTGAACGCGCCTTGGAAGATGGACAGCAGCGCGCCAGGAACCTTCGCGCCGTTCATGACGATGATCACGAATCCGAAGATAATGTAAAGGCCGGCCATGAACGGAACCATTCTCTCGGTGACCTGGCCGATCCGCTTGACGCCGCCGAAGACGACGAGCGAAACAAGGATGAAAATGATAACGACGGAGACCTTCGGGTTGACGCCGAGCTGCTCGATCGGGCCGGCTGCGGAAAGCGTCTGCAGCGTGATCGAAGGCAGAATTTCGAGCATGAAGAAGAACGCGACCGTCCAGCCCATGATCTTGCCCAGCACGCCGCCGATGCCGTTCCTGAACGTATAGGAAGCGCCGCCGACATACTCGCCGTCGACGTTGGTTTCACGATACTTGATGCT
NZ_CP133038.1_gap4	132786	133924	1138	GCAGAATAGAAAACAGGGAGCCCGGACATCCGAGCTCCCTTAAAGTGCAATCCTGACGGCAACAGCCTTTGAGCGCTGCCGCCTTAAAAATTGTTTGCAATTCTCGTCCAATGACATGATATTTTTAAAGCGTAACACGAAAGGGTTCAAAGGGAAACTTGCGACGACCTGCTCTCCCGCGAAGCGAATCGCAGTACCATCGGCGCTGGAGGACTTAACTTCCGGGTTCGGCATGGGACCGGATGGACCTCCTCCGCAATTCTCACCAGCTCCTCTGTTCCATCAGACTCCCGCCGCCGTCATGGCCTAGCCGCAACGGTGCGAAAGCTAAATTTTTTCAGGCGAACGTATTCGTTTATTTTCGGACTTTCGTTTTCGTTCTTTGCGCGTCGGCCAGTTCCGCAAGCGCAGGAACAAAGAAAAAAACAGAGACACGGGCGACGACCTACTCTCCCGCGAAGCGAATCGCAGTACCATCGGCGCGTGAGGGCTTAACTGCCGGGTTCGGCATGGGACCGGGTGGACCCCCTCCGCATTTATCACCAGTATCTCTGTTCAATTCGACTTCCGCAACTGCCATGGACGCGTCCACAGTCAGTGCGAAAGCGAAACCTTTTCGTTGTTCTTTTTTCGTTTCTCTTTTTCGTTTCTCTTCTCTCGAACAGCACGAAACTGAAACAGGTTAAGGCCTCGGTGTATTAGTACCGGTTAACTCAACGTCTCGCAACGCTTCCATTCCCGGCCTATCGAACCCCTCGTCTCGGGGACACCTTACTACCTTCTGGTATGAGATATCTCATCTTGGGGGCGGTTTCCCGCTTAGATGCCTTCAGCGGTTATCCGGGCCGTACTTGGCTACTCTGCTGATGCGGCTGGCGCCACAACAGATACACCAGTGGTACGTCCACTCCGGTCCTCTCGTACTAGGAGCAGCTCCCCTCAAATATCTTGCGCCCGTGGTGGATAGGGACCAAACTGTCTCACGACGTTTTGAACCCAGCTCGCGTACCGCTTTAATGGGCGAACAGACCAACCCTTGGGACCTGCTACAGCCCCAGGATGCGACGAGCCGACATCGAGGTGCCAAACCTCCCCGTCGATGGGAACTCTCGGGGAGATCAGCCTGTTATCCCCAGGG
NZ_CP133038.1_gap5	135610	139301	3691	TTTCAACAGGCACTGGTGCGGTCCTCCATGGGGTTTCACCCCCACTTCAACCTGCCCATGGCTAGATCGTCAGGCTTCGGGTTTATTGCAGGCAACTTCGCGCTCTCTTCGAACTCGCTTTCGCTTCGGCTCCGGAACTTCATCCCTTAACCTCGCTGCATGCAATATCTCGCCGGCTCATTTTTCAATAGGCACGCTGTCACTTTCCATACATCGCTGTATTTCCAGCTCCAACTGCTTGTAGGCATACGATTTCAGGTCTCTTTCACTCCCCTCCCGGGGTGCTTTTCACCTTTCCCTCTCGGTACTATGCGCTATCGGTCACTTACAGTATTTAGCCTTGGACCATGGGCGGCCCGGATTCAAACGGAATTTCTCGTGCTCCGCTCTACTTGGGATTCGGTCTTCAGAGGGATCGGGTTTTCGTCTACGCGGCTTTCACGTTCTGCGGCTCGCTTTTCCAACACGATTCGACTAACCCGAGCTTTTCTTACTCTGCGGAAGCTCAGCAGCGCTTCCCCGACTGTCCCGCAACTCCCTCCGCAGCAACGGCTGCTGCCTTGCACTGCGGGGGTTTAGGCTGGCCCCTGTTCGCTCACCACTACTGGGGGATCTCTTCGATTTCTTTTCCTCCGGCTACTGAGATGTTTCACTTCACCGGGTTCCTCTCCTTTACGGAGTCACGGGTCTGCACCCGTGGGGTTGCCCCATTCAGATATCCGCGGATCGAGGCCTGCTTGCGGCTCCCCGCGGCGTTTCGCCGCTTGCTGCGTCTTTCGTCGGCTGTAAGTGCCTAGGCATCCGTCGTATGCCCTTTCTACCTTAACCTGTTTCAGTTTCGTCCTGTTCGATTGTCAAATGGCTGGGCGCGCGGGAGGGGGATCCGGTTTCCCGAGGATCTTTCTCCAACGCTGGATGCCGCGCGCTCTTTCGGCGCTTGCTCTTTGGCGTTTTGCGTTTGGCGCTCGGCGCTTTCTTAATCCAGGCATAAAACGCCCGGTTGGGTTCCTTGACTCGAAGAGGGGGAGAGAAGCGGCGTGAAGCGGGGGAAGATGTTTTGGTATTTCTGTCGTGCAAACGTGCAGCTTGTTTCGTTCAGCTTGAGTTCTCGTTCGCTGATGGTGCTCCTTAGAAAGGAGGTGATCCAGCCGCACGTTCCCGTACGGCTACCTTGTTACGACTTCACCCTCCTCACCGGACACTCTTTAGGCGGATCCTTCCTTGCGGTTAGGCCTCCGGCTTGGAGAGCACCCGACTCGGATGGTGTGACGGGCGGTGTGTACAAGGCCCGGGAACGTATTCACCGCGGCTTGGCTGATCCGCGATTACTAGCGATTCCAACTTCATGCAGTCGAGTTGCAGACTGCAATCCGAACTGGGGATGGCTTTCTGGGATCTGCTTCACCTTCCGGTCTCGCTTCTCTCTGTACCATCCATTGTAGCATGTGTGTCGCCCTGGACATATGGGCCATGATGACTTGACGTCGTCCCCACCTTCCTCCATCTTGTCGATGGCAGTCTCGCCGGAGTGCTCAGCTTTACCTGGTAGCAACTGGCAATAGGGGTTGCGCTCGTTGCGGGACTTAACCCAACATCTCACGACACGAGCTGACGACAGCCATGCAGCACCTGTTCACGTTCCCTTCCTTGCGGAGGGGTCGATCCGCTTTCGCTTCTCTACCGCGTGTATGTCAAGTCCAGGTAAGGTTCTTCGGTTTGCATCGAATTAAACCACGTGCTCCACCGCTTGTGCGGGCCCCCGTCAATTCCTTTGAGTTTCAATCTTGCGACCGTACTCCCCAGGCGGTATGCTTATCGCGTTAACTTCGGCACGAAACTATCGCTAGTCTCACACCCAGCATACATCGTTTACTGCCAGGACTACCGGGGTATCTAATCCCGTTCGCTCCCCTGGCTTTCGCGCTTCAGCGTCAGTATGCAGCCAGCAAACCGCCTTCGCCACTGGTATTCTTCCTGATATCTACGCATTTCACCGCTACACCAGGAATTCTGTTTGCCTCTCTGCTTCTCAAGCTCTCCAGTTTCGTCTGCGAAAAAGGGTTAAGCCCTTCCATTTGACAGACGACTTGAAGCGCCGCCTACGCGCCCTTTACGCCCAGTAATTCCGGACAACGCTCGCTCCCTACGTATTACCGCGGCTGCTGGCACGTAGTTAGCCGGAGCTTCCTCGCAGGGTACCGTCACTTCCTTCTTCCCCTGCAACAGAGGTTTACAACCCGAAGGCTGTCTTCCCTCACGCGGCGTCGCTGGGTCAGGCTTCCGCCCATTGCCCAATATTCCCCACTGCTGCCTCCCGTAGGAGTCTGGACCGTCTCTCAGTTCCAATGTGGCCGGTCGACCTCTCAGTCCGGCTACCCGTCTTCGGTTTGGTGAGCTTTCACCTCACCAACTGCCTGATAGGACACAAGTCTCTCCAAAAGCGCATCTCTGCTTTTCACCTTCCGGCTTATGAGGTATTAGCTCCGGTTTCCCGAAGGTGTCCCTCTCTTTCGGACAAGTCCTTGTGCTTTACTCACCCGTCCGCTGCTCGAATGATTCAATTCAACATATGTCTCCTCAAACCATCCTCGCTCAACTTGCATGTGTTAAGCACGCCGCCAGCGTTCGTCCTGAGCCAGGATCAAACTCTCCGTTGAATCCTTTATCCTTACCTGTTCCATCTTCTCGGATCGTTCCCGCTTGGCTTCTCTTCCTCGTCCTCTTCGGTTGTCAAGAAACGGCGTCGCACGCTCTCCAGCCGCTCTCTCTCTTCCAAAAACGGCTTTCCCGCGCGCAACACGGCGTATATTAACGCGACTATCCTTTTCTGTCTACGATTTCATTCAGATTCTTTTATCACAAATAAAAATCTATTTGTTTTCTTTTATTGAGATTTAATTGATACACTGATTATAAGTCACAAATATTTATTGACTTATTTCTTCAGGCATCATGAAATGTCTTTAAATAAACCATTTAACAGAATATTTCATCTTTAAAATTTCGCGAAAACATTTACCGGCGAGATCGCGGTTCAAAAAAAAGAGACTTTTCTCTTCCTCGCGTTGGAAGAGAAAAGTCTCTTTGTTTACGCTCCGCGGTCGTCGAAGTTCAGCTGCTCCATGGCGAACCTGCGATAATCCATGAATTCTCGGCTGGTGCGGCGGCGCGGATAGGGCAGGTCGACTTTGATGTCGTTGTGGACGCGGCCGGGGCGCGGCGCCATGACGACGACGCGGGAGCCCATGTAGAGGGCTTCGTCCACATCGTGCGTCACCATGACGACCATGGGGCGGTGGCGCGACCACATGGAGAGGATCACGTCTTGCATGGTCATGCGGGTGAAGGCGTCGAGCGCGCCGAGCGGCTCGTCGAGCAGAAAGACCTGCGGGTTGTTGACCATGGTGCGCAGCAGCGCGGCGCGCTGGGCCATACCGCCGGACAGCTGGTGCGGCCAGTTCTTGCGGAATTCCCACAGCCCGGCGGTTCTCATCAGTTCCTCGACTTCGGCCTCATGGCCGCGCAGCTGGCCGCGCATTCTCAGGCTGAAGGCGACGTTCTGTTCCACAGTCAACCACGGAAAAAGCGTCGGTTTTTGAAAGACCATGCCGCGCACGGGGGCGGGGCCGTCGATGACCTCGCCGTTGAGGGTCACCTTCCCGGTCGTCGGCACGATCAGCCCGGCGATCAG
NZ_CP133038.1_gap6	140536	141853	1317	GGCAAGCACTGCGCAGCGCTGGCTGCCTGTCACATTTTCTGTTCCCGTTTCGCGCCGGGCGGAAACGCAAAAAGAGGGGGAGCCGCAGCGAGCCCTCCCCCTTCTGCGCCATACCGCCGGCAGATCTTGTTCACGCCGGACGGAAACTCCGTCCGGAGCAGGTCATTTCGAAAAGATGAATTTCATGAAACGGAAATAGGTATAAACCACGAACACGACAGCGATCAGCGTCGCCGCCGGCACCAGGTACGGTGCGAGCGGCAGGGCGCGCCCAAGCTTGGCGGCGCAGGATGCGCCCTGCTTGAAGGCGATCGCCGAGATCACGAACGGGAAGGTGAAGGCCGCGTAGCTGGGATAGAACGGCAGTTTCAGCATCGAGAAACTCCTGACCAGCGCAAAGACGTACGTCAACAGCGCCAGCGCCAGCAGGAAGGCCAGCATCGCGAAGGACTTGGGCATGACCGACTGCACATAACCGGCCACGCAAAGGCTCGTGGGCGCCGCATAGACGCAGATCAGCGGCATCGCCGGCTCCGGCACGGGCAGCGTTTGATACCGCTTCGTCACCACGAACAGCAGGATCAGAAGCGCCGCAAACCCAAACCAGAAAGCGACGGTGCCGACATCGGCGCCGCGCCCATAAGCGGGCGCCGTCACCGAAGCGACGACAATGCCGACGTAGAGGATGAAGAACACCGTGGTGACCTTTTTCAGATCAAAGCGGAGCACAAACTTGAGAGTGAACCAGACGATCAGCACCACGTGCAGCGCCACGGCGAACCACCACACGAGGCGCGCCGCCGCTCCCGCAAAAGGCAGGATATAAGTGCTCAGCAGCATCAGCGCCATCGGGAACGTGGCGGAGACGCCCGCCGTGATCGGATTTTGCATGTCCTCTCTGACCGCGGCGGGGAAGCAAAACAGCTTCAGAAGCAGCAAAACCAGCAAAAACGCCGCCAGCACCCCGCAGACGGCGCGGATCCCTTCGCCGCAGCTCTGCAGCAGATTGCCCAGCGCAGCGGCGCCCACCATCACGCCCGCCGCGGGAATCGGCACTTTCTTGATGAACTGCATCCGTCAACCTCCGTTCAAATCAGTTCTTCGCAGGCGGCAAATACGGCGCTTTCAGACCTTCGATCGGTCCGTCGTCAACGTTTTTGATGTTCAGCTCGCGGCACAGGATCTCGGCGACCTTGCCCGCGCAGAGACCGGTGAAGGCGATGCACTGAGCCTTGTGTTCCCCTTCGGCCATCTCAAAGCCTCTGGTGAGCACGCGGCAGCAGTTCGCGTGTTTGGCGTTCGCGTCTCTGAACCAGT
NZ_CP133038.1_gap7	336349	339145	2796	GGGGCTGTTGTTGAACCGCCGCCCGTTCGGCGAGGCGCTGTTGTTCATCGGCGACAACCGCAAGACGGCGGAGATGATGGGTATCCGCGTGCCGCGCGTGCGCGTCGGCGCGTTCGTGCTGATGGGTTTTCTGGCGGCTTTCGCCGGGATGCTGGCGACGCTGGAACTGAACAACTGGTGGCCGACGCAGGGCGACGGCTATATGCTGTTGGTCTTTGCGGCCGTCTTCGTGGGCGGCACGTCGGCCTACGGCGGACAGGGAACGGTCTACGGCTCGTTCATTGGCTCCGTCGTCATCGGCATCATTGAAGCCGGCATCGTCAGCGCCGGGCTGACGGGCCTCTGGACGCGGTTTGTCCACGGGATGGTGATCATCCTTTCCCTGTCGGGCTACGCGCTGTTCGCCCGCCGCCGCTGAAAACCGAGGACAATGGAAGGAGCCCAATATCATGGAAGCGATTCTCGGCAACGTGATGGTCGACTGCGGCGACGAAACGGAACTGCAAAATTTTTACGCCGAGCTGCTGGGCTGGGAAAAGTGTGCGCTGTTTGGCTGCCCGGCGGTCAGAAGCTCGGGCGGCGTCGTCTTCCTGTTCATCGAGGAAGAAGATTACGCGCCGCCCGTGTGGCCGGAGGAAAAAGGGAAACAGCAGAAGCAGATGCACTTCGACTTTCAGGTGGAGGATCTGCCGGAGGCGGTGAAAAGAGCCGAAGCGCTGGGCGCGGTCAAAGCCGCGGCGCAGTTCGGCGGCGAACGGTTCGTGACCATGATCGACCCGGCCGGGCACCCGTTCTGCCTGTGCCGGAAGTGACCCGCGCGGCGTTTTTCGGAGTTTTTTCTCAAATATAAAAAACAACATGTAATGAGAGAGCAGTTCCTGCAATGAACCGCGGAAAATGTTCCACGCCTAGATATACAATCTAAGAGCACCATGAGAAGAAAATAAGCAAGGGCTCATAGTTTCCGGTAAAATGATGTTTACGCCAACAACCATATTACGAGGAGAACTATGAGATCCTATATTCATCTTACGCCATTCGATCGCGAAAAGCTCATGTTGCTTCACAATAACGGCGAAGGAATCTCCGAAATCGCACGCCGTCCTGGACGTCATAAATCGACGATCTCCAGAGAGCTGAAGAGGGACTCTTTTCCCGGATGTTACTCTTCGTTTGCGGCACAGGGAGCATATCGTTCCCGCAGAAAGGTTGCTGTCCCCGGCGAAAGCTCGACGACGGGGAGACTTTGAAGCGGGTACGGGAACTTTTCTGCTTCGGGCAGTGGTCTCCCGAACAGATCGCTGCCCGCCCGAAAGAAGAGAAAAACCCGATCTCCATCAGCTATGCGACGCTCTACCGCGGTATCTCCAGCGGCGCTTTTGTCTGTACGTACTTCAAGAGCGTCGCCAGTTCCGTCCAAAACGGCGGACTCGCGGCGTGTTTTGGAACATGTGCGGCCGGCTTGTGCGCTTGATATAATGGAACAGCCTTTTTCTGTCTCCGCGATCCTGCCCAAAGGAAGTGTTTCCGATGAACTCGATGAAATGGCTCATGGCCGGGGCGATGCTGATCTTCGGCTCGATCGGCCTGTTCGCGCGCCGCGTTCCGCTTTCATCGGCGCAGCTCTCGCTGTGGCGCGCCGCCGTCGGCGGCCTTTGCCTGCTCGCCGCGGCCGTGACGGTGGGCAATGGACTCTCGTGGAAGAGGATCCGTGCCAACGCCCGATATTTGCTCACGGCCGGAGCTTTTATAGGCATGAACTTGATTTTGTTCTTCGAGGCTTTCCGCTGGACGTCGATCGCCACGGGCACGGTCTGTTATTATCTGGCTCCCGTGTTCATGCTCTGTCTTGCGCCGTGGCTGCTGCGCGAAAAGCTGGAAAAGCGTACGGTCGTCTGCGTCTTCGTCTCGCTGTGCGGCCTGGCCTGCGTCGCGGGCGGCAGCGGCGGCGCGGGGAGAAACGACCTGCTCGGCGTCGCCTGCGGCGTCGGCGCGGCCGTCTTCTACGCCTGCGCGGTCATGGCCAACAAGTTCCTGCGCGGCGTCACGCCGTACGAGTCCACCGCCGCCGAGCTGCTGCTCGCGGCGGCTTTTCTCGCCCCCTACGTGCTCGTCGAAGGGGGCCCCCCGCTGGCCAGCCTGGACGGCGCGGGCTGGTCCTGCCTGGCGGCGCTGTGCCTGATCCACACCGGGCTGGCCTATCTGATGTACTTCACGGCGCTGCGCCGCCTGCCCGCCCAGACCACGGCGGCGCTGAGCTATATCGACCCGCTCTCGGCGGTCCTCATGAGCTGGCTGCTCCTCGGCGAATCGATAACGCCGCTGCAGCTCGCCGGCGGCGCCCTGATCCTCGGCGCGACGTTCCTGAACGAAATGAAAAAGGATTGACGCACAAAGTCCCCGCTTCCAGACGGAAGCGGGGACTTTGTGCGCGATGCGCGCTATTGATTGAGGAACGCCCAGGCGCAGGCGGCTTCGAAGGCCGCGCCTTTGCAGAGTTGAGATTCGTCGATGGTGAACTTGCAGTGATGGTGCGGCCAGTCGGAGCCTTTGGCGGCGTCGCCGCAGCCGATGAAGAAGAACGCGCCGGGGATTTTTTCGAGGTAGAAACTGAAATCCTCGCCGCCCATGGTCGGCGGCACTTCGCGCACCATGTCGGCGCCGAAGATCCCGCGGCCGGTCTCCGCTCCCAGCCGCGCCATTTCCGCGTCGTTGACGGTGGGCGGCAGGTTGCGGCGGTAATCCAGCTCGGCCGTGCAGCGGAAGGCCGCGCCGATGTTCTCGGCCATGCGGCGG
NZ_CP133038.1_gap8	398302	398854	552	CTAAGTCCCGCTGTATCGTAGACTATGCGTTTTTCGGTGCGGCTGGTTCCGAGTTTCCGCAGGAAGCCGAGCGTGTTGCCAAAGAGGGCATTGTCGCCTTTAAAACGTTCCTTCACGAAGCTCCCGAAGGGCGTGACGAAGAGTTCCGCGGTTTGACTATGCCCAACGACGGCGGCATCATGGAAGGCTTCGAAGCCGTTGCAAAAACTGGATTGATTCTCACTGTCCATGCGGAGAACAACGACATGATCAAACGTTTGATTACCAAATTCCGCGCTGAAGGCAAAGTTGGCTGGGGGTATCATTGCCCTTCACGCCCTAAAATCAGTGAAATCGAATGCATTGAAAAGCTGATTCGCGTTGCCCGCGAAACTGGAGTTCGCCTAGCCATCGCACACATTTCCACGCCGGAAGCGATGGAGCTTTTAAAACAGGCTCGTCTGGCCGGACAGGAAGTTTATATTGAAACTTGCCCGCATTATCTGATTCTCACGGAAGATGCCTTGCTGAAATACGGCCCCATGGCCAAGTGCAATCCTCCGCTTCGCAGTG
NZ_CP133038.1_gap9	401116	405508	4392	TTTCCATAGATTGCCAATATCCTGGAGGTATAAAAATATGAAACTCTTGAGGCTGTTTGACGATTACCTTGAAGAGGCTGTCGTTGTCATCTTATTTCTCATGATCCTTGTCGTTGGTACTGAACAGGTTATCACTCGTTATTTGTTGCATTTCGTCTTTAGCTGGGCAGAAGAACTGATGCGCATTTGCTTTGTGATTCTGGCGCTGTTCAGTTTCTCTCTTTGTGCCAAAAAGCTTGAGCACGTTAAGGTAGAAGCGCTCCTTACAGTTCTGCCTAAACGCTTGGGGACTTTTATTAAAGTCTTTTCCTCTACGGTCTTTCTTGCCTTTACGATTCTTTTAATCCAGCATTCATGGAGCATTATGAGTCTTCAATACCGTAGCCATCAGGTCACAGCAGCTATGGGAATTCCGACATGGACATATTTTGTTTTTGGTCCCATGTGTTTCACTATTATGGCGTTCCGCATCATCCAGAAATCCATTATTCCTCAAATAAAAGAGTTTTTCTCTTTCGGAGATAAAAAAGGAGATGATCGCTAATGTTACTCGCCGTCTTCGGTACCATGTTTCTGGCACTGCTTTTGACGATCCCCATTGCGGCGACCATTGGTCTGAGCTGCATCGCGTTCACTCCGTGGGTCCCCGGCGGTCTAGCAAAGGTGATGTTTTTTGTTGGTCAGCGTATGGTTGTTACTGCGGATTCATTTACACTTTTAGCGTTACCTTTTTTCATTCTTGCCGGTACGTTGATGTCACATGGTGGTATTGCCCGTCAGTTGACTAACCTTGCCGAAGCTGTTTCCGGCGACTTTCCTGGTGGTCTTGGAATCTCTGCTGTCGTTGCTTGCACATTTTTCGCAGCCGTGTCCGGTTCAGGTCCCGCCACAGTTGCGGCGATCGGCGCAATTATGCTGCCGACAATGTTGGAACGAGGTTATGACGTCGGCTTTTCTGGCGGCTTAATAGCCTGTGCCGGCGGCATTGGTGTGCTGATTCCCCCCAGCGTTCCGATGATTGTTTACGGTGTTAACTGTAATGTGTCCATCACCGATCTGTTCGTCGCTGGCATTGTACCCGGAATTATTGTTGCCGTGTTTCTGATCATTCCCACGATTATCATCGCTCGCAAACATCATTTTGTTGGCAAACCCCGCGGCGGTAACTGGCTGTGGGTGTTGGAAAAAATCTGGCAGGCTAAGACAGCCCTGCTGATGCCGATTATTATCCTTGGCGGTATTTACTGCGGTATTTTCACGCCTACCGAGGCTGGTATTGTTGCCGTTGTTTACGCCATGGTGCTCGGTTTCTGCACACGTCAGCTTTCCTTCCAGGGACTGATCAAAGCACTTGTTGAAGCGGCTGTAATCACCGGTTCTTGCATTTTCCTGATGGGAGCAGCGAGTGCTTTCGCTAAACTGTTGCACATGCGCAGCGTTCCGACGCTGATCTCCAATCTAATCCTTGGTATTACGAGCAGCAAGGTTATTATCCTTCTGCTCTTGAACGTCCTGTTCCTATTAGGCGGCATGTTTATCGATACCTTGTCCAATATTCTGATTTTTTGTCCTATTTTCCTGCCGCTGGTTACCAAGCTCGGCGTCAATCCCATTCATTTTGGTGTCCTTGTTATCTCCAATCTGGCGCTTGGGATGGCTACGCCTCCCATGGGAGTTGATCTGTTCGTTGCGGCCAATATTGCCCATGCACCGTTTGAAAGGATTCTTAAGGGGGCAATCCCCTTTATGCTCTGGAACTTGACCGGCGTTTTGCTGATCACGTACGTTCCATTCCTGTCACTGTGGCCTTTCTAGCAGGAAATGCAAAAAAGGGGGCATTGTTATGATCAAGATTAATGACAAACGCTTTCTGAATAACTTCTTCGGCCTGGCGAAAATCGGCTGGTCCGAAGCGGGCTTGAATCGTCCTTCATATAGTCCTGCCTATGCCGAGGGACGTGATTACGTGAAGAAAAAGATGGAAGATGCCGGCATGAAAGTCCGTGTAGATACAATCGGCAACATTTATGGACGATATGGTGGGACTGATCCGACACGCAAAACAATCCTCGTCGGATCGCATCTTGATTCAGTTCCTAACGGCGGCATCTATGACGGTGCATTGGGAGTCTTGGGAGGCATCGAAGCCTTGCAGTCTCTTCATGAAAAGTTCGGCTCTCTGTCAGCTCCGATTGAAGTTGTCGGCTTCATCGCCGAAGAAGCGAGTTTGTTTGGGGGGACATTTGGCAGCCGTGCAATTACTGGACTGGCGCCTTTGAATCAGCCGGAAGAAGCGTTTAAGTGGTCAGGGTTAACTTGTGATGATCTTGTCAATGCCCGTATCAAGATTGACGATTACGGTGCGTATCTTGAGTTGCATATCGAACAGGGGCCCGTACTGGAACGCAAAAATTTGGAAATCGGTATTCCTACCGGCATCGTCAGTATTATCCGCTATAAAATCACAATGAACGGACAGCAAAATCATGCAGGCACGACACCAATGTCAGAGCGCAAAAATGCGATGCGTCCGGCATCAGAACTGTTAACACGATGGTTTGCTTGGGCCGATGAACGTCTTGTGAAAAAAGATAACTTTGTTTACAACACTGGCGTATTTATCCTCGATCCTAATTCGCCGGCTGTTGTCCCCGGCAAGGCATCTTTTGTCATGGAATTGCGTTCTTTGTCAGATAAAGTTGGTGATGAGTTAGTTGCAAAGCTTCATGAGATGGTAAACGCTTCCGAGTATGCCGCATACTCTCCTACAATCGAAAAGATAGTCAATAAAGCTCCTGTTGCTCTGCACGAGAATATCATTGCTACAATTGAACAAGCGGTAAAGAGGTGCGGCTATGCTTATCAGCGTATGCCCAGCGGTGCGTCGCATGATGCCGTAGCTATGGCACACTTTATGCCTACCGGCATGATTTTCGTAAAGAGTCATGACGGCATTAGTCATAACAGAGCTGAATTTACTACCGATGAAGATATGCTCAAGGGTGTTCAGGTCCTGACAGAGACGGTCGCTCTGTTGGCAGAGTAGCTAATTTAATCAATAAAGAAATATATAAAATTATAATGAGAGGGGATTTTGCATGAGCGAGATCATTCCGACATCCCTTTATGTTTTCTGGGGATTTTTTGCGGTTCTGTGTATTTGCCCAATTGTGTGTCTTGCTGTGAAATTACTAAAAAAGGGGTAGGTTCTCGTCAATTTCTATATGCTCTGAAAAGGAGATGAAAATCTATGGAATTAACCGTTTGTATTATTGTTTTTCTGATCCTGCTTTTTCTGATCGGACTTTTTGTTTCTAAACGCATTAAAAACGATCAGGATTGGTTCGTTGCAGGACGCAACCTTGGTGTTGTTCCACTGGTCGGTACGTACTTTGCCACAATTATCAGCACTGTTTCTGTTATCGGTTATTTTGGCTATTACTATAGCTATGGTTGGGCTGGCTGGTGGAACTGGGCTGGTACGGCTTTGACATCAATGATTGCGGCTCTATGGTTTGCTGAGAAACTGCGCAAGTTTGGTCAGACAACGCTGCCCGATCTTCTCGCTGCCCGTTATGGCAAAGCTCACAGCATTATTGCCGGTGTTGTCATTCTTGTTGCCATGTTGTTCTTTACCTCTGCACAACTGACTGGTTCCGCAGCCGTAGTCACAACGTCTATGGGTATAGATCGCACGACAGCAATTATCGTTATTGGGATAATCTTCATCCTTTTTACCGTGATGGGCGGTATGGAAGCCGTCGCTTGGACAGACACCTTTTGTAGTGCCATCATTCTTATCGGCGTGTGGTTACTGAGCTATAACGCTGTTAACGAAGCAGGCGGTGTTGTAAAAATCCATAAAACACTTGCACAGATAAAACCTAGCGCACTTGATCCATTTGCCAACGGTGCCATTCCATTGGGTGTAGCCATGTCATGGTTCTTGACATGGGGTATCGGTAATATCGGAGCGCCGCAGTTCAGTACGAGAATTTATTCTGCAAAGGATCCTAAAACTGCTGCTCTGAGCCAGGCATGGACGGGTGTTACTTTTATCTTTTTCTATTTGCCGCTGATGCTCGCTGCGCTGGCCAGCATTGTCCTTTTCCCCGGATTGACAGGGGTTGCTGATACCTATGCTCCGACAATCATTCAAAAAGTGATGGGGCCTTGGGGCGGCGGTATCATGATGGCCGGTATTCTTGCGGCCTCAATTTCAACAGCGGATTCCGTGTTGCTGCTCGCAGGAACCACTTTTGTACGCGACATTGTGCAGCGTTGCAGTTCTAGACAGTTCATGCCCCAGCAGACGTTGAAGATGGCTCGCATCACTACGTTCATCATCGGCATTCTAGCAATTTTCTTCACCATACACACTAATCAGGGTGT
NZ_CP133038.1_gap10	410531	415019	4488	AATGGGCGGTTCCGTGGCGCTGAAGGGCACCGACGGGGCGGAAACGCTCCGCCGCGCCCGCGCGCTCGGCGCCGTGCCCCGCGCCGCGGAGCGCATGGCGCAGGCTTTGGACGCCGCCCTGCTGCTGCCTGACGGCGTTGGTTTTCTCGCCTGCTGCGGCGAAATGGGAGAAGCGCTTTTGAAAGAACGGCGGCTTTCGTACGAGACCGTGTACCGTCCGGCAGGCGAAACCGGGGCCGCCGACACGCGCGCGGCCGTTAAGGCCATGGTCGCCGCCGGAGCGGAACTAATCTTCTTCGCTGGCGGCGACGGCACGGCCCGCGACGTCTGCGCGGCGACGGAAGGCGCGGACATCCCCGTGATCGGCGTACCGGCGGGCGTGAAGATCCATTCGGCGGTCTACGGCGTCACGCCGGTGCGCGCCGGGCAGCTGTTGCGCAAATTTGCCTCCGGTGGCGTGAAGGAGCTGGGCGACGCCGAAGTGATGGACATCGACGAAGACGCTTTCCGCCGCGGCACGGTCAACGCTCGCCTTTACGGCTACCTGAAAGTGCCGCTGGACCGCGGCTGCCTGCAGGACCGCAAATCAGGCGGCGCGAACCCCGACGCCTACGACCGCTCGGCCATCGCCGCCTGGGCGGCGGAGCACATGGCCCCGGGCGTCTGTATCTGATCGGTTCGGGCACCACCACTCAGGCCATTATGGACGAGCTGAAGCTCCCCGGCACGCTGCTGGGCGTCGACGCCGTCAAGGACCGCCGCCTCGTCGCCGCCGACCTGACGGAGCGCCAGCTCCTCGACCTGGTCGAGCCGGGCAACACCACGCTGATCGTCACCGTCATCGGCGGCCAAGGGCACATCTTCGGCCGCGGCAACCAGCAGATCAGCCCCGCCGTGTTGCGCCGCGTCGGCGTGGAGAACGTGACGGTCGTCGCCACGCCGGCCAAGCTGATCGGCCTGTTCCCCAAGCCCCTGCTCGTGGACACCGGCGACCCCGAACTCGACCGCCGGTTCGCCGGCTACGCCGCCGTGGTGACCGGCTACGACCGCCGCCAGATGTGCCGCGTGGAGTGCTGAGATATTTCCGACGTTTTGCCGTAGAATAAAAAAGTTCGGGCGAAGCGCCCGAACGAGAACATTCTTTGAGGAGGTCTTTTTATGGCACGTTATGAAGAACTCAAAGGCAAGCGCGTGATGATCACCGGCGCGGCCAGCGGCATCGGACTGGCGACGGCCTGCCGTTTCGCCGCGGAAGGCGCGAAGGTTTTCATCGTCGATTACAACAAAAAAGCTCTCGAGGCGACGCAGAAGGAACGTCCCGAGTTCGCCGGATTTTCCGCGGCCGACGTCTCCGACGAGGAGAACGTCAAAGCGGCTTTTGCGGAGATGGATCGCCTGCTGGGCGGCATCGACGTGCTGATCTCCAACGCCGGCATCTCCGTCCGCAGCGACGCGCTGGATATCCCCTACGCGCAGTGGAAAAAGGTGATGGACATCAACCTGGGCGGCATGTTCCTCTGCGCCAAAGAAGCCGGCAGGCGCATGAAAGCCCAGGGCGGCGGCGTGATCCTCATGACCGCCTCCAGCAACGGCACCGAGGGCCACCGCTGGTACGCCGATTACAACGCTTCCAAGGCGGGCGTGATCCTGCTCACCAAGACGCTGGCGCTCGAGCTGGCCCCCGTCGTGCGCGTCAACTGCGTGTGTCCCGGCTACGTGCTCACGCCCATGCAGCGTGCCGAATACACCGACGAGATGCTGGCCAAGGTCAACGAAGGCATTCCCATGAAGCGCCACGCCGCGCCCGAGGAGATCGGCGCGCTCTACGCCTTCCTCGCCAGCGACGACGCTCGATACATTACCGGCGCCGACATCCGTATCGACGGCGGCGAGACGGCGGGGCTGTATTCGTAAGATAATATTCGCGTGATCAAGAACAATAAACGTCCTTCCCGTTTTTTCACGGGAAGGACGTTTATTGTTCTTAGTCGTTTGCTGAGGGCTGCTCCATGGGCTTCATCTGCGAAGGATCCATGGGCGGCAGGATGACGGGCGTGGGCAGGTTGGCCAGCGACACGAGCTGGCTGATCATAGCGCGCACATAGGGCAGCAACATGGTCATGCCGTTGTCCTTGAGGATCGCCTCGCGGTCGGCGCCTTCGGCGTCGATGAAGAACACGCCGGTGACGTCGGCGATGATCTCGAATGGATAGTTGTTGTTCTCGGCGTCGTCGAACACGGTGACGCGGATGTTGAGGAACGTCGGCTCCTTGGGCGTGGCGCTCATGCGCACGCGCTGATCCAGTTTGATGGAAAGGGGGAGGTTCTCGTCCTTCTTGGGCTGAAAGTGGTGATTCATGTCGAACTGCAGGCTCTCGGCGCGAAAATCGGCAAGGCGGATCTCGTTCATAAACACAGGCTCCTTTAGGGGAAAAGTTTAGGATGGAAAATGGTGCGCGGCATGCTGCCGCCCATTATAACACGGATCGCTCAAAATCCAAGGGAGATCGTTCAAGGCGAAAGGGGAGCAATGCGGGGAGAAGGCTCGAAAGTCGGCCCGTGTCGGGCGAAAGGAGCGACGGACGGAATCTCCGAAAAGGAAGTGTCTTATTTGTTATGACCGGAAAAGCCAGCCAATCGACGCTGATGGATGTATAAAACGCACAAATCAAGAATGTGATTTCGAGCGCTTTATCTAGAAATGTTATAGTCCTCTTGCGGGAAAGAAAAATTTGGTTATAATGAACCCAGAACATCAAAAGAAGGAGGTGCGACTTATGGGCAAACTCGCAGGCAAGAAATTGATCCTTCTCGGCGAGCGCGACGGTGTACCTGCGCCTGCTATGAAGGCTTGCTTTGAGAACAGTGGAGCCGAAGTCGTCTTCGAAGCAACGGAGTGCTTCGTCTGAACGGCTGCCGGAGCCATGGACTTGCAGAACCAGCAGCGCGTCAAGGATTGCGCTGAGAAGTACGGTGCTGAGAACTGCGTGGTCATTTTCGGTTCGTCCGACGCCGAAGGCGCCGAGATTTACGCCGAAACCGTGACCAACGGAGATCCCACCTTTGCAGGTCCCCTGGCCGGCGTCCCGTTGGGACTCGCCGTTTATGACATCTTCGATGAAGAGATTCGTGCTGAAGCTGATCCCAAGGCGTGGGAGGAGCAGATTTCCATGATGGAGATGGTGCTCGATCCCGAGGCGCTCGCCGCTGCCGTCAAAGGCATCCGCGATCAGTATTCCAAGTACAAGCTGTAATAAGAGCCTGTCAAACAAGCCGGTCCATGGACGAACGTTCATGGACCGGTTTGCTGTTTCGACAAGACCGAGGGGCTCGGCTGTTTTGTACTGGATTTTCGCTAAAAGTGCCAAGGTTCCTCTGGTCTTTTTTTATAGCGCCCAAAGCGCGCTGAAAACTGATGGAATTGTGCGGTGACGTATTTTTGGCGGCATCGCGCGTTTTGCGTTTTTCCCCAGAGGGGCTGGGGACGGTTCGGCGTTTCGATCGGGAAACGGCATAAACTACCGTGCCTTGCCGAGGTAGGCCGCCTTGATGGCGGGGTCGTTGAGCAGGTCGCTGCCCTTGCCCTGGACGCCGAGCGAGCCGGTCTCGAGGACGAAGGCGTAGTCGGCGATCTTCAGCGCGACGTTGGCGTTCTGTTCGACGAGCAGGATGGTGATGCCTTCGCGGTGCAGCGTCTCGATGATCTTGAAGATGTCGCGGATGACGATCGGGGCGAGTCCCAGCGAGGGTTCGTCCATCATCAGCAGTTTGGGGCGCATCATCAGCGCGCGGCCGACGGCCAGCATTTGCTGTTCGCCGCCGGAGAGCGTTCCCGCCATCTGCCACGAACGTTCCTCGAGGCGGGGGAAGAGTTCGTACACGTGTTCGAGGTCGGCCGTCAGGTCGTCGCTGCGCAGGTAAGCGCCGATCCGCAGGTTTTCCTGCACGGTCAGATTGGGGAAGACGCGCCGCCCTTCGGGCACCATGCAGATGCCCTGCGACACGATCGCCTGCGGATCCTGCCCGCTGATGACGTTGCCGTCGTAGGTGATCGTACCTTCCTTGATCGGCACGATCCCGCTGATGGCGCGCAGCGTGGTGGATTTGCCGGCGCCGTTGGCGCCGATGAGGGTGACGATCTGGCCTTTTTCGACGGAGAAGGACACGCCTTTCAGCGCTTCGATGCCGCCGTAGCTGACCTTCAGATCCATGATCTTGAGCAGGCTCATTCTTCGTCACCTCCCAGATAGGCTTTGATGACAACGGGGTCGTTCTGAACTTGCGCGGGCGTGCCTTCGGCGATCTGGCGCCCGAATTCGATCACGTAGATGCGGTCGGAGATGTTCATGACGAGGTCCATGTGGTGTTCGATGATGAAAACGGTCAGGTCGAAATCTTTCTTGATCTGTTTGATGAACTGCCCCAGCGCCAGCGTTTCCTGAGGATTCATGCCGGCCGCCGGTTCGTCGAGCAGCAGCAGCGTAGGGT
NZ_CP133038.1_gap11	478230	480508	2278	GCTATCCGTGGGAGAAAATCGCCCTCTGCGGCGAGTCCGCTTCCGCCTGGCTCGTTTTCGACGCGGAGCCGTCCCGGCTGCGCGAGTCCTGGAACGAGATCCCCATCACCCAGGCCAAGGGCGCGCTGCTGCTGTTCTTCCAGCGCTGGAGCTCGGGCGCGCAGGTGGAGCGGCGTTACCGCAACGAGTTCGTCATGGACATCCTCATGAACAACCTGCGCCTCAAGGACGAAGTGTGGAACCGCGCCCGTTCGTTCGGCTGGGATCTGGGCGGCGCCAAGAAAGTCGTGGTCTGCGACATCGACGACTACAAGAACCGCCTCACCCGCGCCATGGCCGCCGGGCAGGGGCCGGCCGTCCTCGAAGAGTCGAAGGGGCGCATCTTCGCCGTCTGCCGCGAGTTCATCGGCCGCATGGAAAAGCACGTGCCCTACGCGGAGATGAGCGACTCGGCCGCGTTTATCCTTTCCTCGCGGGGAATCTTCGAGGAAGAGCAGCGCCAGTTGGAATGCATTTTGACGCCGATGATGGAGCAGATCGCCGCGCAGACGGGCTTTTCCGTCACCGTGGGCGTCAGCGGCCGCTGCGGCGACGTGTTTCTCTGCTGGAAGGGCTACAATCAGGCGCGCACGGCGCTGGAGCTGACGCGGCGGACGGCCGGCGGCAACCGCATCGCCTGGTGGAACCGTATGGGAGCGCCGCGCGTGCTCTGTACGACGCTTCAGAATCCGGCGGCGCGGGAATTCGTCGAGGCGCAGCTGGGGCCGCTGCTGCGCTGCGACGCAGAAAAAAAGGAAGACACGCTGCGGCGCACGCTGGAAACGATGATCGCCTGCAACTGGAGCGTGAAGAAGAGCGCCGCGGCGCTGGGGCTTCATTACAATACGCTCAAATACCGATGGGGAAAGATCTGCTCCCTGCTGAGCGAGGATTTTTCCAGCAGCGAAAGCCGTTTCTGCGCGGAACTGGCGCTGAAGATGAAACAGATGGACGATTTTAGTGAAGAATCTTTGTCTGATAAGTTCATTTAGACGAGAATCACTGTTTCGGGAACGGAATATTAAAATTTCATGATCGTTTTTCGTCGTGAAATAACGATGAAAAGAAAAACAAGAATTTGGATAATGGTCTCGGCGCTCGAAAGTCATGCTTTCGCGGCGCGGAGATCATTTTTATTCTTTAATGGGGAGGTCTTGTGATGCCGCAGGAAGTTTTTCAGGTTGCAAACAACGCGGTGGTGTGGTTCCTCTGCTTTATCGTCGTAGCGGTGGCGCTGATCCAGTCGCTGCTCTACATCCGTCTGTCGCTGAAGGCGGCCGACGCGATCGGTTTCGAGCGGCGCAACGTGTACAAGGGGTTGTGGACGGGCGCGGTCTCGTCGGTGGGGCCGTCGTTCGCGGTGTTCCTCGTCATGGTCGGCCTGATCAGCGCCGTGGGCGCGCCGATCGCATGGCTGCGCTGTTCGATCATCGGCTCGGCGCCGATCGAGATGACGGGGGCGATGCTGGGCGCTCAGGCGTACGGCGTCGAACTCAACTCGGCCCAATACGATCTCAACGCGCTGGCCGCCTCGTGGTGGACGATGTCGGTGAACGGCATCGGCTGGCTGATCGTGGCCGCGGTGCTGACGCCCCATCTGGAAAAGGTGCGCGCCAAGTTTGGCGGCGGCGACGCCCGCTGGCTGGTGCTCATCGCCGTGGCGGCGACGACCGGCTGTTACGGCTACCTCAGCGCCGACACGATCGGCAAGGCGCTGCGCAATTACCGCAAGGCGCTCGCCGCGGGCGGCTCGGGCACGACGCCGCTGCAGCCGATGATCGCCACGATTGCGGCCGGCATCGCCATGGCGATCCTGATCCGCGTCTCGAAAAAACGTCCCAAGCTGCGCGAGTACAATCTCGGTCTGGCCATGCTGGCCGGCATGATCGTGGCTACGTTCTTTTAATCGCAGGAAGAGAGGGGAAAACTCATGTCTGACAAACTTTCGGCTTTCGGCGGCGTGTGGAACCGTCCGGCCCGCGGCATCGGCGTGACGACGCTGTGGATCGTGATCGTGGCCTGCTTCTTCCCGAACCTGTATCTCTATCTCGTTCACGGCGCGTGGCCCGGCTGGGGCGCGGCGTTCCAGGCCTGGCTGATGATCGTCTCGATCTGCGGCGCCGTGTACTTCATCGAACCGATCTCCTACTTCCCTGTGCTTGGCGAAGTGGGCATCTACATCGCCTTCCTGACGGGCAACATCGGCAATCTGCGCGTGCCCTGCTCGGCGGCGGCGCAG
NZ_CP133038.1_gap12	483642	486565	2923	TTGCGCCAACGCATAAACGTGGTGATGCAGGCGGTGAAGCAAAAATGAGCGTTCAGCGAGGCGCGGTATTCGTCGTTGCTGTCGGTGGCGGCCAGCAGGTAGAGGGCCATGGGCGGCCCGCCGACGGAGAAGAGCCCCGAGAGCGCGCCGGCCAGCGCGCCGGCGATGGCTCCGTTGCGCGGCGTCGGCCTGATGCGGAGGCGGCCGCTGAAGAAGATCGAATAAACGCCCAGCGCGACCAGCGCGGCGCCGAGACTGCGAACCATGAACCCGTCGGCGGCGCCGGCGGAAAGCTGCACCGACAGAGCCGCAAAAACCAGCGCCGTCACAGCGCAGGGCAGCACGGTCTTCCAACGGATGTACCTGAAGCTGCTGGCGGCGACGAAAACGGCCGTCGTCGAGCCGCACAGGCCGGAGAGGGCGACCGCTTGCGCGTAGGGGAAGAGGTAGGGCAGCCGCGACATGTTCACCGGCCCGTAGCCGAAACCGCAGACGGCCTGGATGACCGCGCCGATCAGGCTGACCGAGAAGGCTGCGGCGAAAGTGAGAGGCGGCATGAAGAAAACTCCTTTTCAATGGGGGAATGTATCCACTTTACGCTTTCCGGCGCGCCTTTTCAAGCGCGAAAAAAACAAAGGCCGCTTTCCGCGGGGCGGTCCCCGCCGGCGCTCGGAACTCAGCGGAAGAGCAGCAGCGCGCCGGAGAAGATCAGGTAAGCGTAAACTATTTTGCGCAGCTTCGCCCCGTCGAGTTTGTGGAAGACTTTGTTGCCGACGAGAATGCTCAGCCCGACGGCGGCGGCCAGCAGCAGCCAGACCCGCAGCACCTGCGCCGTGATGATGCCGTTGCGCCAGCGCGCCGGCGATGCAGCCGTTGAACGGCGACGCCTTGATGCGGATCCGGCCGCTGAAGAACACCGAATATACGCCCAGAGCGATGAGGATGACGCCCAGCGAACGAGTGAGCGCCTTTTCGGCGGCGCCGACGGAAAGATAGACCGACAGGCTGGAAAAGATCATCCCGCAGATCAGGCACGGCACCAGCTTTTTCCAGCTGATGAAGCGGTACGTATTGGACAGCAGCAGCAGATCGATCGTCAGCCCGCAGAGAGTGACCACCGATACGGACTGCATGTAGGGCATCAGGTAAGGCCAGACCGACATGGCCACGGCGCCGAGCCCGAAGCCGCAGACGGTGTTGATGATCCCGCCGGCGGCCGCGGAGCTCATCAAAAGCGCGAGGGTGAGGACATTCATGGCAGGTCTCCGTTTCTGGGTGATTTCCCGCTTACTCTACTCCTGAAAAACGATTTGTTCAAGGATTTTCGCGCGAAACGTCGCTCGGGCGGCGGCCGCGGCCCCGCCGCCCCGAAAGGCGGGAGCTTCCGCGGGCCCTCCGCCGACTCCCTCGGCGGCGCGCTTTGCGATGAAAAATCCGCGCCGCGACGAATACAATTCGTTATCTTTACGCGGGGGGGGGGGATGTTAAACTTGTAAACGTCAAAAGACAACATATCGTACGCCGCTCCATGCGGCGTGCCACACAAAGGAGGCGGATCGGGATGAAAACGAAGGGAAAATTCTGCGCCGCGCGGGCGCTTCTGGCTCTGGCGCTGGCGGTCACGACAGCGGAAGCCGGCTGGGGCATCGTGACGGGAGACCAGCTGCAGATCGGCAGCGCCGCCCTTCCGGGCGTGGGCGCGCTCGTCGTGATCGGCTCCGACTCGCAGGCGACCGGCGCTGACGCCATCGCGATGGGGAAGGGGACGGCCGCCATCGGTTTCTCTTCCATCGCGATGGGACAGCAAACGACCGCCAGCGGCGGCTCTTCCACTGCGATGGGAGGGGAAACGACCGCCAGCGGCGACTATTCCACCGCCATGGGATGGAAAACGGCCGCCAGCGGCGACTATTCCACCGCCATGGGAGGGGAAACAACCGCCAGCGGTTTCTCTTCCACCGCGATGGGACAGCAAACGACCGCCAGCGGCGACTATTCCACCGCGATGGGGAGTTACACGATCGCCAGCGGCGACTATTCTACCGCGATGGGAGGGGAAACGATCGCCAGCGGCGACTATTCTACCGCGATGGGATGGAAAACGACTGCCAACAGCCAGTTTTCTACCGCGATGGGATGGAAAACGACCGCCAGCGGAGACTATTCCACCGCGATGGGAGGGGAAACGACCGCCAGCGGCGGCTCTTCCACCGCGATGGGATGGAGAACGACCGCCAGCGGCGACTCTTCCACCGCGATGGGATGGAGAACGACCGCCAGCAGCCAGTTTTCCACCGCGATGGGACAGCAAACGACCGCCAGCGGCAGCTCTTCCACCGCGATGGGGGGGAAACAGGGCAATCGCTTACGAAAATCCACTCGAGGAAATTGCCATTAAGCTCACGAGAAGAAGAAAGCCGCAACGCAGAAAAGTAAGTTCATCCCAAGAAAGCCTCCCTGCGGTAGAATACAAAGAAACACCGAAAACGCCCCAAAACACCGACAGGAGGCACGAGAATGAACCAGACATTTCTGGAACTGCTGGCAGAAATTGAAGATTTCCGCACAGGCAACGCGATCCACTATCGGCTCCAGGATATCCTTCTGGTCAGCGTGCTGGCCGTGATCTGTAACATGGATACCTATACGGAAATGGCCATGTTTGCCGATCATCAGAAGAAATATCTGGCGCCGTTCTGCGACTTCCGCCACGGCACCCCTTCTCACGATACCTTTGGCAAGGTGTTGAGCCGCCTCGATCCCCGTGTGTTGTCCGAACGCTTCAACGCCTGGATGAGCGAGCTGTACGTCCACCTGGGCAAGCTGGCGGAGTCAGGAGGCATGACCGTCGCCATCGACGGCAAGACCATATGCCGCAGCGGCAGTTCCGAACAGAAAGCCAGTCACGTGCTCACCGCTTTTG
NZ_CP133038.1_gap13	487876	491462	3586	CCTGGGCGCGCTGGACATGGAAAGCGCCGCGGCCGCCCCGGCCTTCAGGGCCGGCGAAGGACTGAAACTGACCGTCGACGGCCAGACCCTCGTCCTCGAACTCGACGGCGCCGGCGGCTCCTGGAACCTCGACACCAAGCCCGGCGCGCAGCCCCCGGCCGCCGTCAATCCCAACGACACGGTGACGTTCACCAGCGGCGACAACATCGCCATCACCCGCGACGACAAAAACGTCACCATCGCCACGAAAGCCGACGCGAACTTCAACAGCGTCACGGCGAACGCCTTTACGGCCGGTGGCGCCTCGATCACCGACAACGGCCTCGTCATTGAAAACGGCCCCTCAGTCACCAGGGCCGGCATCGACGCCGGAAACAAAAAGATCGCCAACGTCGCCAAAGGAGAAGTCAGCCAGACCAGCGCCGACGCCATCAACGGCTCGCAGCTCTGGGGCGTCTCGTCGAGCGTTGCCGGCCGCTTCGGCGGCGGCTCCACGGTCAATTCCGACGGCTCGATCAGCGCGCCTGCCTACACCATCCGCGGCGGCACATACCATAACGTCGGCGACGCCCTCAGCGCCGCAGACACCGAATTCACCAACATCTACAACAATTTCGGCAGCGTCTACGAACAGATGGGCGAACTGCGAAGCGACGTCAAGAACGTCGGCGCGCTGAGCTCCGCGCTCTCCGGGCTGAAACCGATCCAGTACGATCCCGTCAGGCCCAGCCAGATCATGGCCAGGTTCGGCAACTACCGCGACACGTGGGCGCTGGCGCTGGGCGTGGCGCATTACGTCAGGGAAGACTTCATGGTCCACGCCGGCGTGTCGATTACCCACCACGGCGAATCGATGGCCAACGCCGGGCTGACGTGGAAGATCGGCAAGAAGGAAGACAAGGACGCGATCCCGGCGCGTTACCGCAAGGGCCCGATCGGCAGCGTCTACGTGATGCAGAAGGAAAACGCCGAACTTGCAGGCCCAGGTGGCCTCGATGGAGCACGAGATGGCGGAGATGAAGGCTTCGCAGGCTCAGGAAATTGCGGAACTGAAGGCTTCGCAGGCTCGCCAACAGGCCGAACTGAAAGCGCGCATGGCGGAACTGGAACGCCTGCTGCGCGCCTCGGGGAGGGCCCGGTAGGCGGGGAAAGCATAAGAAATCATATGAAAGGCGCGGACTGGATTTGTCTCCCAGTCCGCGCCTTTTCGTTTGTTTTATGACCGCCGCGGCGGAGCGCGTTTTTTTCAACGTTTCATGAGTCCATGTTCCATGTGGAACATTTTCTTTCGGCCGCGGAAAAGGAGGCGCTGCTCTTTCGGCGTTTCGTTCCGGAAAAACGCGGTTCTAGCGGCGGTAGACGATCTCGCCGCCGATCACGGTCGCTGCGGGCAGGATCTCGCGGATCTGCGCGATCGGGCAGGCGAAGATGTCGCGGTCGAGCACGGCCAGGTCGGCGACGAAGCCGGGCTTGAGGCGTCCCTTGTCGCGCTCGTGGAACTCGAGATAGGCGCTGCCGGCCGTGTAGGCGTCGATCGCCGTCTCGACGTCGACTTTTTCCCGCGGGAACCAGCCGCCTTCGGGCCGGCCGAGGCGGTCCGTGCGGGCGACGGCGGAGCAGATGCAGGGGAACGGGTTGCAGTCTTCGACCGGCGCGTCGGTGCCGTAGCCGACGGGGATGCCGAGCGCGGCGGCCGTGCCGAAGGCGTAGGACGTGCTCGCCAGCTCCGCGCCGCAGCGGGACTCGGCGATGTGCATGTCGTAGTCGAGGAAAATGGGCTGATAGGCGACGCAGAGGCCGTCCGCGGCGATGCGTTCGAGCAGCGGGCGGTCGGTGATCTGGCAGTGGTTGACGATGTGGCGCAGCGGGTTTTTCCCGCCGTCTGTGACGCGCTCGTAGCAGGCGACCGTGTCGGCGATGGCCTGATCGCCGATGGCGTGGGTGATGACCTGCACGCCGGCGTCGCGGGCGGCCCGGCAGAAGCGGTCCATTTCCTCGTTGGAGAGCGTTTCCACGCCGCGGTTGCCGGGGTCGTCGCGGTAATCGCGGCTCATTTTGGCGCTGCGGCCGCCCAGCGAGCCGTCCTTGAAGAGCTTGAGCGGGCCGATCTCGACGTGGGCGGCGGGGTCGTGGTATTTTTCGCGCGCACCGCCGCGCAGAAATTCTTCGAAGTCGCCGACGCCGCGAAAGGTCATCTGGTGGCGGTAGCGCAGCGTCGTGCGGCCGCCGGCGTGGGCGCGGGTGACGATCTCCATCAGCGTGCCGGCCGGCACGGGGACGAAGCCGGCGTCATTCGACTGTACGCTGGTGAGTCCGTGGGCGACGGCGTAATCGGCGGCTTTGACGAACATGTCTTCGTATTCGGCCGCCGACTTGGGCGGGATCAGCCGGTTGGCATGGACGACGGCCTGCTCCTTGAAGACGCCACTGGGGAAGCCGTCGGCTTCCAGCTCGAACTCCCCGTTTTCGTACTGCGGCGAATTTTTGCCGAGGCCGAGCATCTCGATGGCTCTGGTGTTGACGGCGGCGATGTGGCGGCAGACGCGCTCGACGATCACGGGGATGTCGGTGGAGATTTGGTCGAGGTCGTGGCGGTTGGGCAGGCGCTTTTCGCCTTCGTCGAAAAGGTCCTGGTTCCAGCCGATGCCGGCGACGCCGTGGCGGCACAGCTCGGGATGCTCGGCGAGGAAGCGCCGGCCGCGCGCGACGATCTCGCCGACAGAACGCGCGCCGTTCAGCCGCAGCTGCGACATTTCCATGCCGACGCCGAGCAGGTGCATGTGGCTGTCGTTGAGGCCGGGGATCACCGCGCGCCCTTCGCAGTCGAGGATCTCCGCGCCGCGCCCGGCGGCCGATCTGATCTCGTCGTCGCGTCCGACGAGGCGGATCACGCCGTCTTCGGCGTAAAGCGCCTGAGCGAAACGGCCGCGCTCCACGTAGATTTTCCCGTTGACAAGGGCGAATTTTTTCATTTTTCTCGTACCTCCGATGGAGCGCTCCGCTCCGTTGCGAAAGCGCCGCGGAACAGGACGGGCCGCCCTGCTCCGCGGCGCGGTTTTTCGGCCGTGCGGAAGCTTACCGCTGTTCTTCCCTTTTGTTCCTGTAGCCGAAGTAGAAATAGACGCAGGCCGCGATGCAGGGGATGGAGAGCCCGGTGACGCAGGTGACGGGGTCGTTGACCAGCGTGTTGACCATCATGCCGAAGTTGATCAGCAGCGTCAGGCAGACGGTGAAGGCGCCGCCCCACACCTTGTAGGGACGCTCGAGGTCGGGCAGCTTTTTGCGCAGCACCAGCACGGCGGCGATGATCAGCACGTTGATGAGCATCGAGCCAAAGACCACCAGGTTGGTGAGCTGGTCGAGGCTGCGCACCCAGATGTAGGCGATGGAGATGACGCACTGGCAGAGGATGGGCGCCGTGGGGACCTTGTAGGCGGGGTGCAGTTTGCCGAACGAGCGGAAGAAGTGGCCTTCCTTGGCCATGGCGTAGTAGTTGCGCGGGAAGGCGATGACCATGCCGTTGATAGAGCCGAGCATGGAGACGACCATGCCCACGGTGACGAGAATGCCGCCGGCGCCGCCCAGC
NZ_CP133038.1_gap14	492773	495205	2432	GTGCATGTCGTAGTCAATGAAGACCGGCTGGATAAAGGCGATCGCGTCGAGTTCCCTGAAGCGCTCCACCTGGCGCCGGTCGGTGATCTGGCAGTGAACGACGCCGTGGCGCGGGTGCACATAGGGCATTGCCTTGCGGGCGCGCTCGATGGCGCCAAGCGCCATCTCCATGGCGCCGTCGCCGATGGCGTGCATGGCCACGGGCATGTTGTTCTCGTGCGCCTTCAGCACCAGCGCGTCGAGTTCTTCCTGCGTGTAGGTCGGCAGGCCGCGCGTCGAGGAATCGTCGGCGTAGGGCCTGCGCATGTAGGCCGTGCGCGCCCCGAGCGAGCCGTCGGTGAGCAGCTTGACCGTGGAGATCTTGAAGCTGCGGTTGCCGTAGCTGTCGTCGAATCCCTTGCGGTCGAAGAACTCATCGATCTCGGCCTTGGTGGGCAGCAGCGCCTGCTCCCCCCAGCGCACCTTGAGCCGCCCGTCCTCCGAGGCATCGCGCAGCAGGCGCATCATCTCGTAAGCGCAGCCGTCGGGCGTGTACTTGAAGTCGTCCGACTGGATGCTGGTGATGCCGCAGGCGAACAGATCCTTCTGGCAGGCCAGCACCATGTCCAGCAGCGTCTCCAAATCGGGCGCCGGCAGGTTGGCCTTGATGTTGTCGACGATATGTTCCTTGACGACGCCGTCGGGCGAGCCGTCGGGATTTTTCCCGGCGAACTCTCCCATCTTTTCCGCCGCGGCCCTGTCCAGCCCTACCAGCTCCATGGCCCTGGAGTTGAGCGCGCCGACGTGGAAGCACGTGCGCATGACCAGCAGCGGATAGTCCGCCGTCACGGCGTCGAGATCGGCCGCCGTGGGATAACGCTTCTCGTCGGTAAAATAGTCGTGGTTCCAGCCCTCGCCGAGCAGCCACAGCCCCGAGGACGGATCGTACTTCTCCAGCCCCTTTTTCATGCGCTCGACGACCTCGCCGACGGACTTCGTCCCCCGCAGGTCGACCGAGCCCAATTTGGACTTGGCGTAATGCAGGAAGTGCATGTGGCTGTCGTTGAAGCCGGGCATCAAAAACGCCCCGCCGCAGTCCAGCACTTCGAGTTCCTTTTGCGGATGCTCCTTCAGATAGGCCTCGGCCCCCTGTCGCTGCCCACGTACGCGAAGAAATCCCCGACGACGACCGCCGAATCGGCGGCCGGGTTCTCGCGGTCCATGGTGGCGATCGCCGCGTTGCGGATCCATAACGACATGCAAACACCCCGTCTCGTTTGTATGATACCGTCAGCTTTTGACGGCCGCTTTTCAGTTATTAAAATTTTTATGTGGCGCTTTGGGATTGTAACAATGCTACCTCACGGTGTCAACGTGAGGATTCAGCCCAGGAATCAAAGTTGGGGAAAGATGTTTTTCAACTCCGGCAGAGTCGGAAAAATGTTTCGGCGCGCGGCGGCACTCCGCAGCGCTCTGCAAACTATATTGGTGCTTTTTATCAAGAAATAGGATTCAGTCCGCTTCTCTGACGGCCCAGGCGTGGTCGAGCGGCCCCGAGCCGCGCCCGAGATCCAGTCCGGCCCGCAGCGCGTCGGTGACGTAGGCTTTGGCGCGGCGCACGCTTTCTTCGACGCTGCGCCCCATAGCGAGATGGCAGGCGATGGCCGACGAGAGCGTGCAGCCCGTGCCGTGAGTGTTGGGGTTGTCCAGGCGCGGCGAATTCAGCCAGACGAGACGTCCTTCGCTGAGGAGCAGGTCGTCGGCGCAGTCGGTCAGATGGCCGCCCTTGATCAGCACGGCGCCGCCCAGGCCGGCGGCGAGGCGCCGCGCCGCCCGTTCCATGTCGCCGTGATCGGCGATGGCGAAGCCGCAGAGTGCTTCCGCCTCGGGGATGTTGGGCGTGATCACCGTCCCCAATGGCAGCAGTTCGCCGCGCAGCGCGCCGGTCGCGTCTTCGTCGAGCAGGCGCGAGCCGCTGGTGGCGACCATGACGGGGTCGACGACGACGTTGCGCGCGCCGAAAGCCTTGAGCCGGGCGGCGATGGTCGAGATGATGGCGGCGCTGGACACCATGCCGATTTTCACGGCGTCGGGGCGGATGTCGTCGAAGACGCAGTCGATCTGCTGCGCCACGAATTCCGGCGAAGCTTCGAGCACGCCGAAGACGCCGGTGGTGTTCTGGGCGGTCAGCGCCGTGATCGCGCTCATACCGTACACCTTGTGGGCCGCCATGGTCTTGAGGTCGGCCTGGATGCCGGCGCCGCCCGAGCAGTCGGAACCGGCGATCGTGAGGACTTTGTATATCATCGGAAAGACTCCTTTGCGAAAAAATTTCAGGCGCCGAAGATTTCGTCGGCGAGGCGGCGCAGGCGACGCGCCGACGCTTCGACGTCGGGGGCGGCGAAGAGCGCCGAGACGACGGCCGCGCCGCACAGCCCCGTGCCTTTCAGCCG
NZ_CP133038.1_gap15	617540	622275	4735	GTCGGAGAGATATACTCGATCTACTTTCATCCCGATTTCTGGGGAACTCCGGCCACCCAGGCCGGACTGGAATTTTGCATCAAGAGGCTAAAGTCCCTTGGCTATTCGCACCTCACGATATGGGTGCTGTGCGACAACATCCGAGCAAGGCGATTCTACGAAAAGAACGGTTTTGTCCGTGACGGCCGCGCGCAGCAGGTCACGGTCGGGCGGCCGTTGTGGGAGGTGCGGTACTCTATGGAAGTGTGACAGGCGTCCGGCGCGGCTTTTCACGGAAGCGGTCTACGCCAGCAGTTTCGTGCCGGGATAGGCCTTCAACCCTTCGCCGAGGATGGCGATGGCGCGGGTGAGATCGGCGCAGTTGAGCACGTAGGCCAGGCGCGCTTCGTCCCTGCCGAGGCCGGGCGTGGCGTAAAAGCCGCTGCCGGGCGCGAACATGACGGTCTCGCCGTGGGAGTCGAAGTGTTCCAGCAGCCAGATCGCAAACTTTTCGGCGTCGTCGATGGGCATTTTGATCATCACGTAGAAAGCGCCCTGCGGCGACGAACAGGCGACGCCGGGGATTTTGGCGAGCTCGCGCTGGAGCGTGTCGCGCCGCCGGCGGTACTCGGCGTTGACGCCGTCGAGATAGCTCTTCGGCGTGGCGTAGAGCGCGGCGGCGCCGATCTGTTCCAGCTCGGGACAGCACAGGCGGGCCTGGCAGTATTTCATGATCTGGACGCAGAAATCTCTGTTGCGGCTCAGCAGCGCGCCGATCCGCGCGCCGCAGGCGCTGTAACGCTTGGAAAGCGAATCGACGAGCACGAGATGCTCGTCGAGCTCCGGCATGGCGCCGAAGCTGCGGTACGAAGCTCCGTAAACGAACTCGCGGTACACTTCGTCGGCGATCAGCGCCAGATTGTGGCGGCGCACGACGCGCGAGATCAGTTCCATCTCCGCGGGCGTATAGACGCGCCCCGTGGGGTTGCCGGGATTGGTCAGCAGAATGGCTTTGGTGCGCGGCGTGATGCTGCGCTCCACGTGCGCTTCTTCCGGCAGCGCATAGCCGTTTTCGACATGCGTCGTAATGGCACGAACGGTGATGTTGAGCGCCCGGGCAAGCGCGTTGTAATTGGCGTAAAAGGGCTCGAAAACGAGGATCTCGTCGCCGGGATCGCAGAGCGCCATCATGGCGATCAGCAGCGCTTCCGAGCCGCCGTTGGTGATGGTGATCTGTTCGGTGCCGTAATCCATGCTCCAGCTCTGGTAATAGGCGCGGATCGCTTCGAGCAGGCGCGGATTGCCGTGCGAGTCGCCGTAGGCGATGACTTTTTTGTCGAAGCGGTGGATTGCCTCGAGAAAGCCGGCGGGTGTTTCGATATCGGGCTGACCGATGTTCAGATGGTAGACTTTCTTGCCTGCGGCCTTTGCCGCGGCGGCGTAGGGAGTCAGCTTTCTGATGGGGGACGCGGACAGGCTGCTGATTCGTTCTGAAATGATCATTGTCAATTCATCTCCTTCGGATTTGGTGAACAGCGGCGCGAAGAACCCGGCCTTCGCATGCGTGTTCCTTATGAAATAAACGTGCTCCATAGTGCCTCGAGAAATCGAACCGTCCTGACACAATATAGCAGCTGATACTATTTCTTGATAAAAAGCGTTAACATGGTCTACTGGGCGCTGCGAGCGACTGAACTCCCTCGCAGCGCCCTTGCGTTTGGCATTTTAATCGAGAACCAGTATGACAAACTGGAAGGCATCGTATCCGAGATTTCCGCCGCGGCGTTCTTCAAAACGCGGCGGCGTTATGCCGGATCACCTGAGCATCCGCCACAGGGTGCTTCTGCTGATGCCAAGGCGTTTGGCGGTTTTCGTCTGGTTCATGTTCTCCTGCGCGAAAATTGCCGTGACGATCTCCCTGACGATCTCGTTCAAAGGGCGGTTCAGGTTAAAAGCGGCCGCAGCGGTGGGGAGCAGCTGATGACGCTCCTCCGCCAGCACCTCTTCCGTCGCGCTGGCGGAAATGTAGGACATCTTGGCGGAGACCACGAGACAGCGCACCACTCTGACGAGCTGGTCGATGTTCCGCTCCCAGGGAAACTTTTGGAGCAGCAGCATGGCTTCGGGCGTGAACCCCACGACTTGGGTGCCAAGCCGGGCGTTCAGCGAGTTGATGTAAAGCCCTACCAGGGTGGGAATGTCGCCGCTGTGCCGTCGTAGAGGCGGGATTTCGACGGTAAGGCAGGAAAAGATTTCCCTGAGATAGATGAAGAAGCTGTCGCGCTCGGTGAAGCCGTCGCCGAGAGAACAGGAAAGGATGAACTTGTTTCGGCACGCAACGGCGGTGTTCCCGAAATAGTTTTCCAGCCTCAGGCGCTGTTCGGGCGGAATGTGTTCGACGCAGCGGATGTAAAAGGTGAGACCGTTGTCGCGGAGCGGGGAGTTCTCGTTTTCAAGCAGATACTCCCAGTGAGATTCCGTCATCATCCTGCAGTCGATACGGACCAAGGAGCTGCGGCGCCGTCTGCTGTGAGCGTAAATATAGTGAGCGAAACGGTCTTTCCCGGTCCCGGGTTCGCCCACCAGAAGCACCGGCTGGTCGATGGCGGCGCAGCGGTTGATGCGGTGAATGACCTTTTGCATGATCGCGCTCTCGCCGAGAAAATTTTCGAAAGGCGCCGTCTGAAGGGCTTCCTCCGGATCGTAACACCGCAGCGCCTTGTTGCCAAAGGGTTCCGCGTAAGGCTGCCGCGTCAGCGTGTAGACGCAGTAGTTCCGTTCCCTCGAGACAAGGGCTTTGCCTTCGATGGAAACTCGCTGCGCGTCAAGGCGTCGGACGAGATGCAGGTTCTCTCCGGAAAGAATCGAGGGGACATTTTTTTCCAAGGTGGAACGAAGTTTCTGCGGGATATCCTTCAGTGTGGAGAAGCAAAGTTCCCGGCGGTCGCCAAAGACGATCAGGTTGTCGTTGAGGCTGTTGAGCAGGGAATCGAGAAGATTTTTGCTTTCCTGCAGGTCGCGGTAATAACTTTGCAGGTGCAGCGCCCTTTGGAACGCGTCTTCGATGCTTTCCATGCCTGAGGTGACCAGGATTCCGTTCATATCGAGCTTTTGGGCGATGATGGCGGTGATCGTGTCGCCGACGACGATTCGGCGCCCTTCCTTTTTGAGTTTTTCGAGCTGTTCTCGCGCTTCGTCGGCGCTGTGGATGGTGATCACGGGAGTCGTGTACTGAAGCAGGTCGCAGAGCGACGAGGCGTTTTTTGTGATGCTCGGGTAGCCCATGATGGCAAAGTCGTCGGAGAAATTGCGGGCCAGCCGGATGGCCCGCAGGATGTCGCAGACCGAGAGATCGATCTCGCAGGCGGGAATGGAGAAATGCCTGCGGATCTCTTCGGCCGTGCCTCCTCGTGAGATGATGGCGTCGATGCTGGATTCGAGGTGCTCCGAAACGGCTCTGACGCCGTCGGCCAGATCGCCGACGCGGATCACGAGCTCCAGGTCGCTGCGGCGCGCGGCAATGTTCATCATGACGTCGCGCATTCCTTCGTAGGGGGCGATACAGAGCAGACGAACCTTTTTCAAAATACGACACCTCCCAGGTCAGTATGTTTTATTCTAACACAAATTTCGGAAATGGACGAAAACGGAACGGTCCTGCGATTTTATGAGCATGGCTGAGCGGCGGCGCGGAACGCTCGAGCGAAAGCGCGCATTCCAGGCGAGGCCGTGATCGTTTTTCCTTCTTGTTTCAAAATAAAACACATCGTCGAAAAGAGTTTCATAATGAAACTGAAAAAAGAATATCCGCTCTTGTTTCCGAAATATTTTTTTCTTATGCTTTTGCGTAGGAAACGAAAACAAGAGAAAGAATCGTTGAAGGGAGCTGACGATATGCTTCGACTGCTGATACTGGCCGACGATTTTACGGGGGCGCTCGATTCGGGGGTACAGCTGGCTCAATGTGGAGCGCACACTCACGTGACGACCAATCTGGATGTCTCCTTCGATGCTTGGAAGGACGACGCCAGGGAATCTGTCGTCGTTGTCGACACGGAATCGCGCCACATCGATCCGCGGCGGGCCTTCGAGATCGTCCGCGACATCGCCGGACGTGCCGTGAAAAGCGGCGTTCCCGTGATTTACAAGAAAACCGACTCGGCACTGCGCGGCAACATCGGGGCAGAGCTGGAAGGCGCTCTGGCCGGCAGCGGAGCGACGCGCCTTCTGTTCGTCCCTGCGTATCCGAAATTGAAGCGCCTGACCCTTGGAGGGATTCAGTACATTGACGGCGTCCCCGTGAGCGAGAGCGTTTTCGGCCGCGATCCCTTCGATCCCGTAAGGGAATCGTCGGTGGCGAAGATCATCGGACTTCAAAGTACCCTTCCCGTGGTATCGGTGGCGGAGGGAGCGCCGATTTTGGCAGCGGAACGTCGGGAGATTCTCGTTTTCGACGCTTCGTCGGACGAAGCCTGCGTGGCCATCGCAAGACAGCTTGGAGAGATCAGGGAGACCACCGTTTTGGCTGGCTGCGCCGGGTTCGCGGGGCATCTGCCGCAGCTGCTTGGCCTGCGTCGTCCCCTTCCGCCGGTGACGCTTGAGGCGCAGGGACTTCTGGTGGTTTCGGGAAGCCTGAACCCGATCACGACGGCTCAGCTGGAATACGCGCGCAGTTCGGGTTTCGACGCCTATCGGCTCACCTCGTCGCAGATGCAGGAGGGGATTCCTGCAGGCCCCGAGGGCGACAGGATATTGG
NZ_CP133038.1_gap16	637844	641619	3775	CGATGGTGCTGTCTTCCATCGCCAAACTGGAAGAGCAGCTCGCGCCGCTGCCCGAACTGACGGGCAAGGAGCGCGTCGGCGTGCTGGTGACGTCGCTTTCCAACCCCTACTGGGTGACGATGAAGGAACGCTACGGCGAGTGGGCTGAAAAGATGGGCGTCGCCGTCGAGGTGATGGCGCCCGCGACCGACAAGGACCCGCGCGCGCAGCTCGATCTGTTCGAGGCGATGATCGCCCGCCAGTACGACGCCATTATCGTCACGCCGCTGGACGGCATGAATCTGGTACCGGGTGTGCTCAAGGCCAACGAGAAGAAGGTCCCCGTAGTCTGCTCCGGTCCTGCCGTGAGCGCCGAGGGGCTGGCCCAGGCCGGCGCGAAGATGGACGGCTGGATCTCCGCCGCCTTCCTCGAGCAGGGACGCCTCTGCGCCGAAGACATGGCCAAAAAACTGCCGGCCGGTTCTTCCGTGGCGGTGATCGAGGGCAAACCGGGCGCCATGCAGAGCCGCCTGCGCCGCGAGGGCGCGATTGCGGCTTTCGAAGCCGCGGGCATGAAGGTCGTCGCCGTGCAGGCCGGCAACTGGGACCGCAACGAAGCTTACAACATCGCCACGAATATGGTCAAGGCGCATCCCGAATTGAAGGGGCTGTACTGCGCTAACGACGTGATGGCGCTCGCTGCCGTCGACGCGTTCGAAGTGGCCGGAATCAAGGGCGTGATGGTCTACGGCACAGACTTCATCCCGCAGGCAAAAGAAGCGATTGCCGCCGGACGTCTGACGGGCTCGACGACGTTCTCGCAGGCGGCCTGGACGCGCGGCGCGCTGATCTACACGCTGAAGCTGAGCAAGGGGCTGTCCGTGCCGGAACGCCTCGGCATTCCCATCACGCTGGTCACGTCGGAGAACATCAATAATTTCGAAAGCTGGAAATAGCGTGTCCCGCCGCGTCGGCATCCTCTTCGGCGATCAGGACAATCCCTTCTGGCAGGAACAGATTCGTTGGTATCGGATGTTTCTGCCCGAATTTCCCTTCGAAACGCAGATTTTCTTTCCCGATCCGCCGCGCGACGCGAACGCGCAGGCGCGCCTGTGCGCAACTTTGATGGGACGCGGTTTCGACGCGCTGATCGTCAATCCTCTTGACGGCGCGGCGCTGGCAACCGCGGCGGCGGAAGCCGGCGACACGCCGCTGTTCGACGTCGGGCCGAAGAGCGACCCCGTCCTGGCGTCGCGCGTCGCCTGTTATCGGCCCCTGACCGTCTGCGACTTCGAGGAACAGGGACGGCTCTGCGCGCGCGAACTGACGCGCGCCGCAAAAAAACGGCGGCGCTTTGCCTGCGTGTCCGGTCCCGCCGCGGCGCGTCAGAGTGCCGGCCGCGTCGCCGGAGCGCTGGCCGAAGCGCGAGCCGGAGGAGCTGAAGAGGTGCGCGTGGAGCAAAGCGATTTTACCCGCGCCGGCGGACGCGCCGCGATGGAGCGCCTGCTGCCGTGGCAGCCGGACGCCGTGTTCTGCGCCAACGACCTGATGGCGCTCGGCGCCTGTGACGTTTTGGCGCCGCGCGGGCTGGAACTTCCCGTCGGCGGCGTCGATCTGATCCCCGAAGCGCTCCGCGCCGTCGCGGACGGGCGCATGACCGCCAGCGTCGGGCCGCTGGGACGCGAGATCGTCCGCGGCGTGCTGGAAGCGGTGCGGTCATATTTTGAAACTGGATGCATCCCGTCGGGTTTCATTGCCAAAAATCATCTGGTCACGCGGACTTCGTTGTTGCCCGAGCAGCAGACAAGCTGACCGCAAAAGAAAAACGCGGGATACCTCCGTTTCCCGTTGAGAAGTTGTGAGGCGGTATGGCCAGCGTGTCCGAAAGCGCTTTATTCCAAGCGGCAAAAAGAGCGGGCTCCGGCTGATTTTTCAGTCGAAGCCCGCTCTTTTTGTCCATGCGTACTACAGAGTGATTGAAATCCCGTCTGGCCTTTCGATGCGCTTCGTGCGAAGGAGCACATGCGGGAGTCGCTTTACAATGCCGGCGGCTTGCGGAAATGCGAATGCTGTTCGAAGGCATAGGCGATGGCGATGAGCAGAGCTTCGCTCCATGGGCGGCCGATGATCTCCATGCCGACGGGAACGCCGACCGGCGCGTTTTCGTCGGGAGCGAATCCCGCCGGCACGCAGACCGAAGGGAACCCCGTGGACGAGCAGAGCACGCCGTTGCGCTGCCGCTGGCTGGCGCCGCATTTGCAGACCAGCTGCTGCTGGTGGGGGTAGATCATCGCGTCAAGCCGCAGATCGGCCATGATCTTCAGCACGCGAGTGCGGAGCCCGATCTTGTTGTACATCTTTTCAAGGTAACGCGGAGTACCGACTTCGAGTTTCATCGCGTCACGCATGTTGCTTTCCGAGAAAGGGTGGAACAGCCCTTTGTCGAGGATTTCCTTCATGCTGTGAACGGGCCAGTCGGCGGGCAGTTCCCTGAGATAGCTGTCCAGATCGCGGCGAAAATCGTCGAGGTGGACGGACGTCTCGCTGGTCAGCCATGACTGGTCGATGTCGTCCCTGACGGGAACCAGCGTGGCTCCGTTGGCCTCGAATACCTTCATCGCTTCGCTCATGACGGCGTTGGTGGAGCGGTTGACGGCTTCCTTGCCGAAAAGACTTTCCAACACGCCGATACGTTTGCCCGGCAGCGCGTTTTCGTCGAGATACTTGGTGTAGTCTTCCACGACGTGGCCGACGCCCCACGCCGTTTCCGCGTCGTCGGGGTCGTAGCCGGCGATGACGCTGAGGCACCGCGCCGCGTCCTCCACGGTGCGGCAGATCGGTCCGGCCGTGTCCTGCGTCAGCGAGTAAGGCACGATGCCGGCCCGCGAAACCAGGCCGATCGTGGGACGGATGCCTACAAGGCTGTTGGCCGAGGCGGGCGAACGCACCGAGTTGATCGTGTCGGTGCCCAGGCCGACGATGCCGATGTTGGCGGCGATCGTCGCGCCGGTACCGCCGGAAGAGCCGCCGGGCGTGCGTGTCGGATCGTACGGATTGACCGACTGGCCGAGGATGGAGCTGACCGTTTCGCCCCAGATGGCGAACTCGTGCAAGTTGGTCTTGGCGAGGATCAGCGCGCCGCTTTCGCGCAGCCTTTTGGTGACGAGGGCGTCTTTTTGCGGCACCCAGCCCTTCAGCGCGACGCTTCCCGCCGTCGTGGGCATGTCGGTCGTGTTGAAGTTGTCTTTCAGCATCACGGGGATGCCATGAAGCGCTCCGCAAAGCCGGCGTCTTTCTTTTACATACGCGTCGAAGCGGTCGGCTTCTTCCAGCGCCTTGGGATTGACGCAGATGATGGAATTGATCCGCGGCTCCAGCTGTTCAATGCGCTTCAGATAATATTCACACAGCGCGCGGCAGGTCAGCGAATCGTCCAAATAGGCGGCGTGGACTTTGGCGACGGTCGCTTCCATAAAATCGAAAGGTTCCATAATAATCTCTCTCTCTTACGGGGTAAGAAAATATCCCGTTTCTTGGCACAAAGCTGCGCTTCTACATAAACAGAGGCGCAGCTTTGTCTTTAAGAAGCGTCTTATTTGAGTATCTGGCTAAAACCACGGTAAGATTTGCATCGTAACAGCTACAATAATAGTGGTGATTGCCATCGACGTTACATTTGCTACCGTACCTGGCACATAATCGGGTATTTTGTTGGCGAAAAATTCAGCCAGAGGTGCTCCTAGGATTGCTCCTAACACTGCGGAGAAAAGCGCTACAGGTATTGTGGCGCCGAACA
NZ_CP133038.1_gap17	642927	644674	1747	GCAACAGAATCCATAAGGGAAAGGACGCCCATCTCTGCGAGTTCAAGGATAGCTGGCACATCGTCGCGAGTATCGCCGAATCCCTTCATAGAACCATCGCCTTGTCCATCGGAGATCAAAATTTTCACGATACCCTTCTCAAGAGCTTCATAACAGACTTTTTGAGCTTGGGGTTGGATAAGCAAGCCTTCACGATGACCACGTGACGGGCGCATCATGGAAGTGACGAATTCGCCGGAAACATGTTCATTCTCTTTGATGAGGCCGACAATAATGTCCATAGCTTCCTTTCCATCCATATGCGTACCACAGCCGGGGGCGCTGGCGTGCCCGAGATGAAGCGGGCGTCCCTTGGACAACTTGACCATGCGCAGAGTATGTTCAGGATCTTGAGTGTGAGACATGTAGATCATGTGCGCCTGAGAAGTGACTTCAAAGAGCTTGTCGATGTTTTCGTCAGACATAATGAAGTGTCCCATATGATCTTTGATGCCCATGACCAGATTGCCTGTCGTCCCTGAGACGGCATTACGGGTGAACTTACTGTAAACAGTTGCCTCATCGCACTCACCCTTAAAATAACGGATCAAATCTTCCGTAGACATCATGGTTCCAGCGACGTTCGCACCTCCAAGATAGAGCCCAAGGTTCATCGGAAGACCTCTGTCGATCTCAGCACCGAGTAGAGACGGCGACATCGAAGTGTTTCCGGCTCCCGGCGAAAGGCCGATAGCAACGCCATCACAGGCCGCATTAAAGATAGGTGCGGTTGAGACTTCGAACAAGTCTCCAAGGTGGACATGCATATCGATCAAACCAGGAACGACTAACAAGCCTTCGCAGTCAAGTACCATATCCCCTTTTTCGACTGGAATATCTACGTTGATGTTGACAACCTCTCCACCCTCAATGACAATATCACGAATATCTTGGATTCTGTTCTTGGGATCGACCACATAGCCATCTTTGAGCACAAGGCGACCGCTTTTTGGAATATCACCAATCGTATCCTTAATAGCCGAATTGCGCACCGTAGCAAGCTGCTCCGACATAAAGTGGACATTATTGCTATAGTACATAAAAAGTTCCCCCCTACTCTAGAAAGATTGATGTTACATAAAGAGACTACCGATCGCTCGGAAAGAGCCATTTGAAAAGAAACATTTGCGTATTAAATGTATTCATTTGTCTGTGTGCAAAAATCAATTGCCGAGAATCTGATAGCCGACGCCGATGGATTTGTGTCCCGACAGCTCATGCATGGCCAGGTTTCCGTAGAAGCACAGCGTGAACTCTTCCCTGCGCCGCACGACGGCCGCTTTGAAACAGAAGTTCTGGCCGATGGCGTCGGAAGCGCGGGTACTCTGCGCCGTTTCGAGGACGCAGTGGCAGACCGGATGAACATGGGACCTCTTGCGTTCGATCACGTTCGTATTCAGACAGAGATTGACCACGCTTCGCACGATGCTCGTCTGGCTGTCGATGCCGAACCCCGAAATCATCGTCGCGGCGCTGCGCAGGCCAAGTTTTTGATACTGCGTGATGATTTCCTTCTCGACGTCCTGATTCGGCGTCATGGCAAGGAGAATCACCAAACGGCAAAGATCGGTTTCGTTGTCGGGGATCATGAAATTCTCCCACGTTACCATGGCATCACTCTCCTCATCCGATGAAAAAATAAAAGCAAGTGAAAGCAAGCCCTCGCGGCCTGTTTTTACTTGCTTACTCAGATACTTTTACTGGCGCA
NZ_CP133038.1_gap18	652747	655325	2578	CCGATCACCAGCGGCTGCTGCTGCCATTCGGAAGAGGCCTTGTGGAACGCCTTGGGCGACGTCTTCTTGAGCAGCTCCAACAGGGCTTTTTTCTGCTCCTGCTTGGCCTGCCAGAAATCGGCGTCGGCGATCTGTTCCACTTTTTGCCATTGCGGCGACTGCGGCGGCAACGCGCTCCAGTCCGCGCCCACCGCCGTTGCGAGCAGCGCCGCCGCGGGGCGCCCCGCAAAGCTGTTCAGGTGCACTCCGTTTGTGATGTAGCCGATGGGGATTTCTTCCGTGGGCACGCCTTTCCAGTTGAACTGCCACATGGCGCGCGACACGCCGCCATGGAGGCGGCTGACGCCGTTGCTGCGCATGGCGTGGTTCAGCGCCAGCAGCGTCAGCTCGAAATCGCCGGACGTTCCCGGACGGGTGCCCAGGTTCATCAGCTCGTCGCGGCTGACGCCGATGCGCCGCGCCAGCTCGTCGAAATAGCGGTGCATGAGTTCGGCGGAGAAACGTTCGTTGCCGGCGTCCACGGGCGTGTGAGTGGTGAAGACGCTGTCGCCGCGCACCACCTCGCGGGCGGCGGCGAAGCTGAGGCCGCGGGTCAGACAGAGGTGGCGGATGCGTTCCAGGATCATGAAGGCCGAGTGCCCTTCGTTCATGTGGTAGGCGCGCGGATGATAGCCCAGCGCCGCCAGCGCGCGCGGACCGCCCATGCCGAGCAGGATCTCCTGGCGGATGCGTGTGTCGCGGTCGGCCACGTAGAGGCGCTCGGTGATGCGGCGGTCTTCCTCGGTGTTCTTGGGCGTGTCGGTGTCGAGCAGATAGAGCGGCACGCGCCCGACCTGGACTTTCCAGACGCGGGCGAAAAGCGTGCGCCCCGGCAGGTCAAGCGACACGTAAAGGTGTTCGCCGGTCTTTTCGTTTTTGACGCGGCCGATGGGCAGCAGCCGGAAATTGTTCTCCGGATAAAGCGCCGTCTGGTGGCCGTCGGCAGCGATTTTCTGCTGGAAGTAACCGCATTTGTAAAGCAGCCCCACGGCGACCAGCGGGATGCGCAGGTCGCTGGCCGATTTGAGGTGATCGCCGGAAAGCACGCCGAGCCCCCCGGAGTAAATGGGCAGACTTTCGTGAATGCCGTACTCGGTCGAAAAGTAGGCGACGGGCGTCGTGGCCGTCAATTCGGGGACCGACGTGTCGAAAGGCGCCTTCATGTCGGCGTCGAATCGTTCCAGAGCGCGGCCGTAAAGCTGCACGTATCCTTCGTTCTGCGCCAGCTCGACAAAGCGGCTGTGATCAGTTTTCCCCAGCAGTTCGACGGCATTGTGACCGATTTTGTCCCACAGCGCCGGATCGACGCGGCGGAACAGCGGCTCGTATTCGGGATGCCACGTCCACCAGAGATTGTGGGCCAGTTCGCCGAGGCGGCTCAGCTTGTCCGGCAGCTTGACCGAGCTGGTGAAACCGTGCAGCAGCGGCGTCACCGACGGCGTGCCGGTGAAAACGCGCGTCAGGATCTCGTCGTCCATGCGCGAAACCGGCCGCGTGGCCACGCGCTGGCGGGCCTGATTCGCGGCGAGAGCGTAGGCGTCGTCGTAATGCTGATAAAAGGTGGACCAGTCGGTCTTTTCGGCCAGCGCGCGGGCGGCGGCGCGGCGCTTCAGCAGCGCTTCCTCCGGCAGCGAAGCCAGCTCGCCCATCAAAAAGGTCAGTTTTTTCACCGTCGCCTCGTAAGGCGCGTGACTGCGTTCGATGACGGCGATGCCCTCGTTCTCGCCCTGTTCGCGCGCCCACAGGCCGAAGCCCGCCAGATCGCTGGTGACGGTCGGCACGGAATTGGCCGCGGCCTCCTGAGGCGTATAGCCCCACGGCTCGTACCACGAGGGGAAGATCCCTGCGTCGCAAGCCGACAGCACCTCGTCGTAGGTCATGCCGAAGAGGCCGTCCTGCCCGTCCAGCAAGGCGGGATTGAGGACGACCTGCACGGCGTTTTCGGGACGGTTGTCCAGCCCGAGGCGGGCGCAGGCGTTCAGGATCGGGTCGTGAACCTTGTCGAACACCCGATGGGCCGTGATCCAGAAGGGCGCGTCGTCGGGTTTCTGGGCGGGATTGCCCGAGAGCGCCCGTTCGTCGGTGCCGTTGTGTCCGTTCATGACGGCGCACAAGGCGACGATGGGCGGTTCGCCCGCGGAACGCGAGCGGTTCAGCGCCGCGGCGGCGTCGAGAAACAGGTCGATGCCTTTGTTGCGGAACTCGTAACGCCCGGAGATAAGGAACAGGCGGCTGTTTTCCGGCAGCGGGCGGCGCAGCAGCCGGGCGACGGCGGCGAGAATTTTCTTCTTGTTGGCGGCGGGCGCGGAACGGTCGCCGCTGTAATCGGGAATGGCGCTCAGGCTCAGGCCGTTCGGCGTCACCAGGTCGGGGCGGCGGCCGAGAAACGCCGCCGCCTCGTGAGCCGTGAGGGCGCTGACCGTCGTGAAACAGTCGGCTTCGCGCGCGGCGGCCGTTTCCATGGAACATTTGGCGGTGACGTTGAAGTTGGCGGCTTCGCGCGCTGCGTTGATCTGGTCCATCTCGGCGTAGATGTCGC
NZ_CP133038.1_gap19	656633	661238	4605	CGAGGATGTGGTCGGCGCCTTCGGTGAGGATCGCCTCGTAGCCCATGTCCTCGACCATGCGCGCGATGTCGTTGCGGTAGATCAGCTCGGTGTTGCGGAACACGCGCGGCGTCACGCCGAAGTGCTTTTTGATCAGCTCGTCGTGCAGCGCGACCTGCGCGCGGAACTCGTCGGCGTCGTACAGCGCGGCCAGAGAGTGGGCGTAGGTCTCCGAGATCAGTTCGACGCAGCCCGTGTCGACAAGAGCGCGGAAGCTGTCGAGAATCTCCGGCTGGTACTCCTCGAACTGATCCATGGCCACGCCGGAGAGCGAAAACGCGACGCGGAAGCGCCCTTCCCAGCGGCGGATCATTTTCAGCAGCAGTTCGTTCATGGGCAGATAACATTTCTGCGCCACCTTGTCGAGGATCGTGCGGTTGGCTTCGGCGTCCTCGTAGAAATGATCCTGCCCGATGTCGAAGAAGCTGTAGTGTCGCAGCCGGTACGGCTGATGAACCTGGAAATAGAAACAGATCGATGGCATAGCGCTCAACTCCTCCGGATGCAGTCACGATACATTGCGTTCAGGCGATCGGCGGCGGCAGACCAGCGGATGCGGCGCAGATCCTCGCGGCTGTTCTTCACCATCGCTTCGGCCAGTTTCGGGTAGGCAAGCACGGCGCAGATTTTGTTGGCCATTTCCTGAACGTCCCAAAAGTCCACCTTCAGCGCGTTGCGCACCACTTCGGCGACGCCGGACTGACGCGAAAGGATCACCGGCGTGTCGCAGATCATGGCCTCCAGCGGGGCGATGCCGAAAGGTTCGGAGACGCTGGGCATGACGTAGAGGTCGCAGCTGGCATACATCCGTTCCACGTTCACGCCGGACTGGAAGCCGGGAAAGTGGAATGCGGTCCCCATCCCCAGCTGGGCGATGCGGCGCACCATGCGGTGGAACATGTCGCCGCTGCCGGCCATGACGAAGTGCACGTCGGGCATGCGCTCGTGCACGAGCCGCGCGGCTTCGACGAAGTAGTCGGGCCCTTTCTGATAGGTGATGCGGCCCATGAAGAGCACGCGCTTCTCCCGGTGCGGCGGGATGCTTCGCCAGCCCAACTGCGATTCGTTGCGGTTGACGGCGTTGTGGACGACGTCGATTTTTTCGTCGGGGATCCGGTAAAGGCGCATCACTTTGTTCTTGGTGTAATAGCTTACGGCGACCACACGATCGGCGGCGGTCATGCCGGCCCACTCGATGTGGGCGATCTCGGGATTGACGTTTTCGCCGCTGCGGTCGTGCTCCAGCGCGTGGATGTGAGTGATCAGCGGCTTGCCGGTGATCTGCTTGATGAGGATCCCCGCCGGGTAAGTCATCCAGTCGTGCACGTGGATCACGTCGAATTTTTCTTCGCGCGCGATCTGCGCGGCCGCGAGACTGTAGCGGTACACTTCGGACATCAGGTCCTGCCCGTAGCCGCCGTGGATTTCGACCGGCTTCCAGCGGACGGCCGCGTCCTGCGGCTGTGAAGCCGCCGCTGCGGCGTCGGCGGGCCAAACGCTCCCGCCAAGCTGCGGCAGCCCGAGGCGGCGGAAGATCTCATTTTTCCCGCCGGCGGCGCTTGAGGTTCGGCGGCCTTTGCCGTGCCGGGCGAGTCGTTGTTCGTAACTTGCCGCGCTGTCGTAGGGACGAAGGCTCGACCTGATGCCGCGCACGACCATCCGCGCGGCAAACTGCTGAAGCTCCGCGATGCCGCAGTTTTGCCGCGGCCTTGCAGCGTTTTGAGAATGGCTGTCCGGTGCGGCCGTGGCGCCCCCCGCTTCCGGTTCGCTCCGCGAGACGACGGGGATCAGGGTTCCCGAGGCGGAACGCAGTTTGACGTGCGACTCGGGGTGCTCGGTCAGGCGAGTCTGCGGCATGACGAAAAGCACGTCGGTGCCTTTCCGCAGCAGCGCCTGCGTGATGCCGTAACAGGCGGTGCCAAGGCCTCCGCTCTTGTCGGGCGGAAATTCCCAGCCAAGCATGAGCACGCGCATTTACCTCGCCTCCTCTCGCAGGTTCGTCTCCCAGCGACGATACACGCCCGGAGCGGCGCGCTGCATCTTTTTCAGGACGCGCAGCAGTTCCGCCACGCTCCAGGCCTGGGCGACGGCGCCGTTGGGGCGATACGGCGGCGCGGCGTCGAAAATTTCGGCCACTGAACCGACGCCGTACTCGCGCAGATGGGCGGTGCACAGCGGCGTGATCGTCCCCAGCAGATGCCGGGCGGCCGCCGGCCGATCCCATAAAGCGAAGAGCAGGGTATCGCCGTAGGCTCCCAGCAGCCACGGCCAGACGGTGCCCTGATGGTAGGCGGAATCGCGTTCCTCCGGCGACCCTTCATAAAGCGATCGGTAGTTGGCGTCGGCGGGCGACAGGGTGCGCAGTCCATACGGCGTGAGCAGCAGCGTGCGTACCCGCCCCAGCATCTCCGCCGCCAGCGGCCGGTCGAGCACCGGTTCGGGCAGCGAGGCGGCAAAAAGCTGGTTGGGACGGAAGCTCCAATCGGCGCCGTCCGCGCGCCACACGTCGGCCAGGTAGCCGCGCTCCTCGCTCCAGAAGCGGCGCTGGAATTCCTTTTTCAGCGCCGCAAGACGCTTTTTGTCCCACGGCGGCGTTTCGCCCAGGGCGGCGGCGGTCTTGCCGGCAAAAACGAGGGCGTTGTACCACAGCGCGTTGATCTCCACCGGGCAGCCCCAGCGCGGCGTCACCGGCCGCCCGCCGACCGACGCGTCCATCCAGGTGAGCTGGGTGTCGGGGGCGCCGACATGGAGCAGTCCCGCTTCATCCATGTGCGTGTGGGGAGCGCGTCCGTCCGCGTACGCGGCAATGATCTCTTTGATGGGCTGCCAGCACAGCTTTTTGACGAGCTGCAGCCCATTGGCGGCCTGCTCGGCCATCTGTTGGACGGCCCAGACGTACCAGAGCGAGGCGTCGGCGGAATTGTAACTGTGATGGACGCCGTCGGCGCCGTAACAGTTGGGGATCAGACCGTCCTTTATGGCTCCTCCCGCGCCCGCAAGAATGTCCACGCCCTCCTGGCTGCGTCCGGCGCAGAACGTCAGCCCCGGCAGAGCGATGAAAGTGTCGCGCCCCCAGGCGTCGAACCATGGATAGCCGGCGATCACGGTTTTTCCGTTGCGCGGGCTGTCGATGAGGAATTTTTCGCCCTCCCGCTCGAGATGGGCGGTCAGGCTCCTGTCCTCGCCGCGGCTGAGGCGGCGCCGCGTTTCGTCGTTCCAGAGTCGCGCCAGCCGTGCGGCTTTGCCGGTTGGCTGCAGCGCGGCGCTGAGGATCACAGGACGCTGCGGCGCGAGTTCGATCTCGAACAGGCCGGGCTGAAACAGGTCTTCCGCGTAGGGGAAGCCGCGCTCGCGCTCGATCAGGTATTCGGCGTTGTAGTACCAATCGGGCGACGGCAAAAACGTGAAACGTCCGTCGGTCTGCATGAACAGCGGCGGCATCCCGTCATAAGGCTCAACCTTGAAGCCCGCTGTCTCCGGCCAGGTACGCACGTGCAGATTCATGTTGGCGTGCGTGAGCGCGTGAAAATTCCGGTAGGCGAGCAGCGGCTTGATTCTCAGCTTGGCCTGCGCGGCGCCGCCTTCCAGCGAATAGCGGATCAGCACGCGGTGTTCGCCGTGCGGCATGACGATCTCGCGCGTCAGCACGACATCGCCGATGCGGTAGCGGAACAACGGCCAGGCGCCGATCTCGGCCTCGCGCAAATATTCGTGCCCCTTGGGGAAAAAGTTGCCGGGATGCTGGCGGCAGGAGAAGAAGAACTCGTGCCCGCCAAGCAGCAGCGATTCTTCCAGCGCCGACAGCAGCACGTGACGCCCTGCCGGACGGTCGAGATTGGCGACAAAAAGCCCGTGATAACGGCGCGTGTTGCACGAAACGATAGAGCTGGAGGCGTAATCTCCCAGACCGTTGGTTTCCAGCCACTCCAGGCGCAGCGATTCACGCAGGTTCTGGCATATCGCTTTGTTGTATTTGAAGTTCATGTCTGTTCCCTCCTCCGAGCCCTGAAGTGCGGCATTGATATTATTTCCCACTTGTATTATAAACACTTGCACGAGTGATTGTAAATCAAATCTGTGTTAAAATCTCAGCGATTTCTCGAACGGGACGGAAAGGGCGCAGGCGCGTTCTCGCGGCGGCCTTGGCAAACCCGGAACGAGAAGGACGGGAGGATTGACCGTGCCTGAACTGCCAGAGGTCGAAACGGTAAAGAACGTGACGGCGCCGCAAATTTGCGGACGCCGCATCGAAAGAGTGGCGCTGAACCGTGGCGACGTGATCGCCCATCCGGCGCCGGACGATTTCGTCAGACTCGCGACGGGGCGCGCGGTGACGGGGATGGGACGGCGCGGCAAATTCCTGCGCTTCTTCCTCGACGACGGCGCCGAGATGGTGTTGCACCTGCGCATGACGGGGCGGCTGCTGGCCGTGCCGCCGGAATTTCCCGCGGAGAAGCACACGCATGTCGTTTTTTCGCTGAGCGGACGTCTGCAGCTGCGCTTTGCCGACGTGCGCCGTTTCGGCCGCTTCTGGCTGCTGCGAAAGGGCGAGAAAGACTGTACCGG
NZ_CP133038.1_gap20	734004	737918	3914	TCACGCCGGTCCGCGGATCCTGCGCCAGCAGCTCGAGCGCCGGGAGGACCCGCTTATGCTCGACCAGCACGGAAACGTTGCCGACGCCGAGACGCCTCGCTTCTTGAAGAAACAGGGCCGTCTGCGGCGTCGTCGTCTCGAAGCCGACGGCGAAAAAAACGAACTCCCGCTGCGGCTCGCGCAGAGCCAGCGGGATCACGTCCAAGGCGCTCATGACCACGCGCACGTCGCCGCCGCGGGCCGCCGCTTCGCGCAGCGAGCCGCCTCGTCCCGGCACGCGGATCATGTCGCCGTAGCTGCACAACGCCACGCCGGGCAGCGAAGCCGCCGCGATGGCCTGGTCGACGTCGGCCTGATCGGTGACGCAGACCGGGCAGCCGGGGCCGGAAAGCAGCGCGACGTTTTCCGGCAGCAGCGAGCGCAGGCCGCTGCGGAAGATCGACACCGTATGAGTGCCGCAGACTTCCATTAGCGTGACCGGTCCCGTGCGCCGGGCCAGCTCCGCCAACGTCCGCGCGGCGCTAGAAAGGAAGCTGCCCCGCATCGCCGGCGCCTTCCCGGATTTCGGCCCAGAGCGCTTCCAGTTCCACGCCGTCGCGTTCGTCGACTTTTTCGATGGCAAAACCGGCATGCACCAGCACGAGATCCCCCACGGCCGGCGCGTCCAGCAGGTCGACGCGGATCGAACGGCGGATCGGGCCGGCCGAAGCGATCGCGCTGCCGTCGCCGCAAAGCTCTTCAATTCTGTGAGGCACTGCGAGACACATCTGTCCGCCCCCTTTTTTTTCGAAAACCCTTCGTTAATTATACAACGGCGAAACGCTTTCGCCGCACGGCAGTTGCATCCCGCCCGAAACGTTTTTCCAATTTGTTGCATGTTTGAACTTTGAGGCGTTTATATCTTATTCATTTTGCGTCATTGACGTAACCGATTCTGGCGTTAAAATGAAACGGTACAAGCCGCACGAACTGCGCGGACAAAAACACCTTTCAAGGAGTGGATTCACTATGGCAGTCGAACTTACGAAAGAGACGTATGAAGCGGCGATCGAAGCCAGCAAAAACAAACCCATGTTTATGGATTTCTGGGGCCCCAAGTGCACTCATTGCCTTGCCCTGATGCCCAGCGTCGAAGCTCTCGCCGAGAAGTATGCCGACAAGGTCGACCTGTGCAAGGTCAACATCGCCGGCGGCCGCCGCGTCGCCATGGCCCTCAAGGTCATGAGCCTTCCTTCCTTCCTGTTCTTCAAGAACGGCGCCGAAGTGGCCCGTCTCAGCGGTGACACGGTCACCATCGAGCAGATCGAAGAGAACGTCAAGAAGCTCTGCGAATAACCTCGCCCAACGAAAAAGCCCGCGCGTTTCGCGCGGGCTTTTTGCATCGGACGCCGCGTGAGTTCCGGAGTGGAAATCGGCGCGGGGAGGAGGGCGCGGCGGGATGTTTTTTGTCGTGAATGGGTTTGTATTTTTAAATGAAAAATAAAGGCCGTAAATCTTTATGTTGTGACAGAATGTCGTAAGAATATTTCTTTCTTCGAGGCGTTTGTTTAAAATGCACAAAATAAATTTGCCTTTTTGCGGTTTTGGTGTATTCCTCGTACTTTTGGATCGACTGTTCTTTCATAAAAAACATTACTGAGCGATCGTAAAAAACTTGATATTTTTCTCGTTGGTTGTAAAATGAACGTGGCGAGAGAAATTCGGGAGAGAGATTCCGACCTGTTTTGTGAGCGTCGGACGCCGAAGGGGCAACGCAAAACGTTTTTTCATTGCGGAAACTCTCAGGCACAAAGGATCCCGAGCGGACGCCGCTCTGAATATACGTGCGAATCGTACGACAGAGACTCATGACCACCAGAGAGGTGAGCGTGATGTCCTGTCGCTTTATTTTGCTTACGAACAACCCGCGCTACAAGGACCGCGCCGATTTGCCCGTGCAGTTCGTCGCCGGCGCCGGGAGAGACGTCATCGCAGCCGGGCGCGACCTGATCCACAAGGGATGGGTTCTGCAGAACCATCCGCTGTACGGCAACTTTCGTCCGCATCAGCAGCCCTTTCGCACGTTGTTGCTCAAAAAAGACGAAAAATCGGGCTTCGACGAATACGGCCTCAACCTGATCGAAGAGGCCGGGCTCGTCTACGCGAACGATCCCCACCCGCTGACTCCGGCGCAGACGCCGCCCCGGATGTCGGCCGACTGTTCCGAGATCGACTTCGAGCTGATGAAGGAGACGCTTCTCAAGAACGATCTGATCCGCTAGCGTTTTATCCGGGCACGGAGCGGTTCCCTCCGCTGGGCAGAGCGTGGAATCTCTTCTGGCCATGATCTAACGATACAGGTACCGCGCGCCGCCGGATTTTTCCGGCATCAGTGCCCCGACGAGGGGCATGGGTAACATTCAGAAGGGAGGAGTTATCTTGAAGCTTGAACTCCATAAGGTAAAGATTGACAAGATCGCGTTTGGGGACGAATTCTCCGTCAAAGGCGGAGTGCTCACCATCAACAAGAAGGCCATCATCGACCATCTGATGGATGACGATCGTCTCGCCAGTGTCGATGTGGAACTGGCCCATCCGGGCGAAAAGACCCGCATCATGCCCGTGAAGGACGTTGTCGAGCCCCGCTGCAAGATCGAGGGCACCAATGAGGTGTTCCCCGGCATGATCGGCGACGTCGACACCGTCGGCGAAGGTTCCACTCTGGTCCTCGACGGCGCCGCCGTGGTCACCACCGGCCGCCTCATCGCCCCGCAGGAGGGCATCGTCGACATGTCCGGCCCCGGCGCCGAATTCACGCCGTTCTCCAAGACCAAGAACATCGTTCTGGTCCTGAACCCCGTCGAGGGGCTCGAGAACCACAACCGCGAGACGAGCTGCCGCATGGCCGGCCTGAAGGCCGCCGTCTTCATCGCCCAGCAGATCAAGAAGGCCGGATTCAAGGCCGACAAGGTCGAGACGTTCGAGGCTCCCTGCTACAAGGATGCCCTGGCCGCCTATCCCGGACTGCCCAAGGTCGCCTACATCTACATGCTGCAGACCCAGGGACTGCTTCACGACACCTACGTCTACGGCGTCGACGCCAAGAAGATCATCCCCTCGGTGATCAACGCCACCGAAGTCATGGACGGCGCCATCTGCTCCGGCAACTGCGTGTCCGCCTGCGACAAGAACAGCACTTACGTGCATCTGAACAACCCCATCATCAAGAGCCTTTACGAGCACCACGGCAAGGATCTGAACTTCATTGGCGTCGTCATCACCAACGAGAACGTGACGCTGGCCGACAAGAAGCGCAGCAGCTCCTACGCCGTCAAGCTGGCCCAGACTCTTGGCGCCGACGCGGCCGTCATTTCCGAGGAAGGCTTCGGCAACCCCGACGCCGATCTGGTCATGAACTGCTGGAAGTGCGAGCGCAAGGGCATCAAGACGGTCCTCGTCACCGACGAGTACGCCAACCGCGACGGCGCCTCCCAGTCTCTGGCCGACACCTGCCCCGAAGGCGACGCCTGCGTCACCGCCGGCAACGCCAACGCCACCATCACCCTGCCTCCGATGGACAGAATCATCGGCGACACCCAGTTCGCCGACGTCATGGCCGGCGGTTTCTTCGGCTCGCTGAAGAAGGACGGCAGCATCTTCGCCGAGATCCAGATCATCACCGGCGCCACCAGCGAAGTCGGCTTCACCAAAAACGGCGCTTACACGATCTAGTTCGCGGCCAAGACGCGCGAATCCCTTTTTCCAAGGACAGACTCTTAAGGAGGGGAACTTATGACTTATAAAGTAGTTCATTATATCAACCAGTTCTTCGCCGGCATCGGCGGAGAAGAAAAGGCCGACATCGCGCCTGAAGTGCGCGAAGGCGTCGTCGGCCCCGGTATGGCGCTGAACAATTTCCTCAAGAAGGACGGCGC
NZ_CP133038.1_gap21	770853	774796	3943	TGCCCGCCGAGGAATTCATCGAGATGGGCTACCGCGGCCGGCTGCGCCGCGAAGGCAAGATCAAAATGTTCGGCGGCAAGCAGGAGTTCATTTACCGCGGCCTGATGGACGACGTCGACATGATGGTCATGCAGCACACCACGCCGACCGAGGGCGAGCAGGAGACGCCGGTCAAGGCCAACGTCGGCGGCACGTCGAACGGATTCGTCAGCAAGGAAATCTTTTACGCCGGCAAGGCGGCCCATGCCGGCGGCTCGCCCCACAACGGCGTCAACGCGCTCAACGCGGCCAAGATCGGCCTCGTCGCCATCGACGCGCAGCGCGAGACGTTCCGCGACGAGGACCATATCCGCGTCCATCCCATCGTCACCAAGGGCGGCGACACCGTCAACGTCGTTCCGGCGGACGTGCGCATCGAAACTTACGTGCGCGGCGCCTCCGTCGAGGCGATCCTGGACGCTTCGCGAAAAGTCAACCGCGCGCTGAAAGCCGGCGGCGACGCCGTGGGGGCGGAAACGATCATCGACGAGGTGCCGGGCTACCTGCCGATGAAGCCGTGCGGCGCGCTTCAGGACGTGATGTACGCTAACCTTGTTCAGCTCTTGGGGGAAGACGCCGTCGGACGTTCCACGCCTCACAGCGGCGGCAGCACGGACGCGGCCGACGTGGCGGCGCTGATGCCCGTGGTCCACGCCTATATCGGCGGCGCGGCCGGGGTGGCGCACAGCAAGGACTACCATATCGTCGACAAGGATCTGGCGTATATCGTCGCCGCCAAGGCGCTGACGATGACGGTGATCGACCTGCTGGCCGACGGCGCCCAGATCGGCCTGAAGATCAAGGCGGATTTCAAGCCTCAAATGACCAAGCGGGAATACATCGACACGTGGGTCAACATGAAATGAGCGCGAGAGGGCGGCAAAATTTTACGTGACGGGGTGAAAAGAATGCGGGATTTTTTCAAGGATTGGAAAGTGCATGCGCTGTGCGTCGTCATTGCGCTGGCCGCCGAGGCTCTCGGCGTAAGAAAGTTCCAGATCACGCCGGCGGTCGGTTTCAGCCTGTTCCCGATGCTGTACGCCATGGCCATCGGCATCGTCATGGGAGCGTGGAAGCTCCTTTCGCTGGAAACGATGAAGCAGGCCTCGGCCTATACCACGATCTCGGTCATGTTCCTGACGGCGAAGGTCGCTTCCGGCATCGCTCCCGGGCTTTATAAAATTTATACGGAAGGCAAACTCGGCGGCACGGCGCTGGCTTTGATCCTTCAGGAGTTCGGCAACATGGGCACGGCGATTCTCGGCGTGCCGGTCGCCGTCTTTCTGTTCAAGATGAACCGGGCCGCCATCGGCTGCACCGTCTCCACGTCGCGCGAAGGCACCATCGCCATTATCGGCGAGCTGTACGGCCTGGACAGCGACGAGGGGATCGGCGTCATGGGCGGTTATGTGACCGGCACCGTGCTGGGCACGATTTTCTTCGGACTGATGGCTTCTCTCTGCGCCCGTTCCGGCCTGTTCCATCCGTACGCGCTGGGAGCCGCCTGCGGCGTCGGTTCCGCTTCGATGATGTCCGCCTCGCTTGGCGCCCTGCAAATCGAGTTTCCCGAGATGGCCAGTACGCCTACACTTCCCAGGCGCTGACGAACGCCGACGGCATGCTGATGAATCTGCTTCTGACGCTGCCCATGACGAACTGGCTGTACGAAAAGTGCGCCGGGATCCGCGGCATGGGAATCCCCGCGCAGCCTCTGCCTGACCTTGGCGAAGCGGAAGCAAAGATCGAAGCGGAAGACATCGAGGAAAGCTGAGGAGGCGATCGTCATGACCAGAATGTGGATGCTTACGAAAGGCTGGATCGTATCCGGCGTCGTGGCGGCGTTCTGCAACTATGTCTACACGCTGAGGCTGAACGATCCCGCCAGAGTGGTCAGGCCGCTCGAAGCCGCTCCCGGACTGCTGATCTTCCTGGGCATCATCGTGCTGGCGCAGCTGATCTATCAGGGCATGAAGGCCGCCGCCCCGCGCGTGAAGTTTCCCGCAGTCCTGTACATCACGTTCATCGGGATCCTGGTGACGTGGCCGGGGCTGCTCCCCTGCGCCGATTTCGTCAACAGGGCGGTCGGCAAAATCTATCTGCTGCCGCTGTGCACGCCGATCTTGGCCTATTCCGGCATCGCCGCCGGCAAGGATCTGAAGACTTTTAAGGAACAGGGCATCGCCATCGTCCTGACCACGCTCATCGCCCTGGTGGGCACGTTCGTCGGTTCCGCGGTCATCGCTCAGCTGGTCATGAAATGGACCGGCGTGTTTTAAAAATGACATTCTGAAAAAGTCCGCCGTCCGAGAAAATCTCAGGCGGCGGACTTTTGCGACGGAGCGGCCGCCGCCCGCCCACCCGCGGAGACGAAAAAGATCCGCTTGCGCGGCGTGAGCAAGTAATGTATAATCGCTAGTTGTAGTTCCCTGCCCCATGAGGGGCCGACAGTCCAGAGGGAGGAGGTGTTGCGCGTGGTACGTTCATACGAAATGATGGTGATCATCGATCCCACCGTCGAGGACCACAGCGTGGAAGTCAAGGCTATCGAGGAGCTCGTCGTCAAACTCGGCGGCGAGGTCGCGAAGACCGACGTTTGGGGCAAGCGGCGTCTCGCTTACGAGATCAAGAAGCTGACCGAGGGCATTTACGTCGTCGTCGAGTTCAAGATCGACCCCGATCAGCTCAAGGAGCTTAACCGCGTTCTCAGCCTACGTCCGCTTATCGTTCGTCATCTCAACGTCGCGGCGGACGGAAAGTAGGCAGGTGTCTTCCGATGCGAGGGTATAACAGAGCTATTATCATGGGCAACGTGGCCCGCGATCCGGAGATCCGTTACACCGCCACGCAGCGCGCCGTGGCGTCGTTTTCCGTGGCCGTCAACCGCAGCTGGAAAGACCAGAACGGCGAAATGCGCGAGGAAGTCTGCTTTATCCCCGTCGTCGTCTGGGGCAAAGGTGCCGAAGTCTGCGAACGCTACCTGAAAAAGGGCGGCGGCATCCTGGTGGAGGGACGCATCAACGTGCGTTCCTACGAGGCGAAGACCGGCGAGAAACGCTACGTCACCGAGATCGTGGCCGACAACTTCCAGTTCGTGGGCGGACGCCGCGACGACAGCGGCGGATCTGCGCCTTACGGAGGGCAGGACGGCGGCGGTTCTTTCCAGAGCCAGGGCGGCGGTTCCTATCAGTCGGCCCGCGGCAGCGCGCCGAGAAGTTACCGCGATGCCGCGCCGTCGCAAAACGACGGCGGCTTCGGCGCCAACGACAGTTTCCCCATGGATATCTCCGAGCTCGATTCGGGCGCGGCCAGCGTTGCGCCGCCCGAGGACGAAGCCGACATTCCCTTTTAAAGTCCGCGCTCCGCGCGCCGCGGGCGCTGCGGAGCATTGAACGGGGGCGCGCCCCTGGTTTGTTTTTTGCGAAGGAGGTTTTTCCCGATGCCCTTTTCCGGTCCGATGAGAAAGAGAGGCGGCAAGCGCCGTCCGAAGGTTTGCTTTTTCTGCGTTGACAAGCTCGACGAGGTGGATTACAAGGATGTGGAGCGCCTGAAGAAGTACGTCAGCGAGCGCGGCAAGATCATTCCCCGCCGCGTCACGGGCAACTGCGCCAAGCATCAGCGTCAGCTGACGGTCGCCGTGAAGCGCGCTCGTTTCATGGCCCTTCTGCCCTATACCGCCGAGTAATCATACGCACGCACAGAGAGAGGATGCTTGTCTTCCTCTCTCTTTTTTTACACAATCCGTGAAAAACGCGGCTGCTCCGTTCAGCCTGCCATCATAGAAGGGGGAAAATGGACATGACACAGGCGCGCGGCCTGGTGGAATCGGCGCTCCTCACGGGGCTGTCGGTCATTCTGTACGTTGGGGCGGACATCCCCGTTCTGGGGCTGCTCCTGGCTTTGCTCA
NZ_CP133038.1_gap22	831249	835030	3781	GCACCCAGGCGGCGACGCTGATGATCCGCGGCATGACCGTGGGAGAGGTGCAGTGGCGCGACCTGGGGCGGATCATCCTGCGCGAGACGATGACCGGGCTTCTGCTCGGAAGCGCGCTGGGCCTGTTGGGCATGGCGCGGGCCTGGATGATCGGCACGGGAACCGCCGTGGCCTGGACGGTGGCGGCGGCGGTAACGCTGATCGTACTGCTGGGCAATCTGGCGGGGACGCTGCTGCCGCTGCTGGCCCGCGCCGTCAGGCTGGATCCGGCGATCATGTCCGGGCCGCTGATCACGACGGTCGTCGACGTCTGCGGGCTGATCGTCTATTTCGAGCTCGCCGGCGTTTTTATCGGCCTGAGTTGAGCGGTCTGTGTCCGCGATGAGGTGACGAACATGAAAAAAATCTGCGTTTTGGATCGGGAGGACGACCCGCCATGTCCGCCCGCATGGGATACAGTTCTCGTCTGAAGACGCTGCTGCAGCAGGGGCGCCTGGACGAGGCCCGGCTGATGATCCGGGGCATGACGCCGGAAGTGCTGGAGGAGGAACTGCTGCGTCTGCCGCCGCGAAGCGGCCTGGCGCTGTGCAGCATTTTGAAACCGGCCCGTCTGGCCGTGCTGATCGAAGGCCTGTCGCGCCGCGAAAAACAGAAGCTGCTGAGCAGCGCTTCGATCCCCGAGCTGCGGGGGCTGTTCCTGTCGCTGCCGGAGCGTCTGCTGCCGGAGCTGCTGAACGCCCTGCCTTCGCGCCAAAAGCATCCGTTGCTGGAAAAACTGCCGAAGAACCTGCAAAAGCTTTTGCAGCCCAAGAAAGAGTGGCCGGAAGATTCCGTCGGCTACATCATGAGCGGCAACGGCGTGGTCCTGTCGCCGCGGGACACGGTGGCCGGAGCGCTGGACAAGATCCGGCGCGACGCGCCGGGCAAGGATCTGGTCTATCACTGCTTCGTCATCGACGGCGAGCGTTTCGCCGGCACGGCGGCGCTGGAAGACCTCGTTCTCGCCGCGCCGGAAGTGAAGGTCGAGCAGCTCACGGAAGAGGACTGCCACGCCGTGCCGCCCGAAATGGACCGCGCCGAGGCGGCGCGCATCATGTCGCGCTACGACGTGCAGGTGCTGCCGGTCGTGAAGGACGGGCGGCTCCTCGGCGCGCTGCCCTTCGACGACGTGCTCGACGTCATGGAAGACGAAAACACCGAGCTGTTCCACCACGCCGGCGGACTTTACGGCGACAACGACGAGGGCAGTCTGTGGGGCGAAGCGCTGCGGCGCTTCCCCTGCCTGCTGCTCTGTCTGGTGACGGGCATCCTCACCACGGGCATCATGGAAAACTACGAGGACATGCTCTCGCAGGTGCTGGCGCTCTCGTTCTTCGTGCCGCTGCTGATCGACACGGGCGGCAACGTGGGCGCGCAGATCTCGGTGCTGATCATCCGCTCGATGGGGCTGGGGCGTCTGGAAAGCAGCGTGCTGGGGCGGGTGCTGCTGCGCGAATTGGTCACGGCCCTGCTGCTGGGCGGCGCCATGGCCCTGCTGGCGGCGGGACGGTCGCTTTTCATCGGCGCGGGCGCGCAGGTCACGTTCGTGGTCGCCATGGCGATGATCTGCGTGGTCGTGGCGTCCGACCTGCTCGGCGCGCTCATGCCCTTCGTCGTCAAACGCCTCGGCTTCGACCCGGCGCTGATCTCCGGGCCGCTGCTGGCCACGATCGTCGACGTGCTGGGGCTGGCGCTGTACTTCGCCGTGGCGAGCATGGTGCTGCTGTAGCCGTTTGTGAAAAAAAGGGAGCGCCACGCTCCCGAAGCGGGGAAGAGGCTGAAAATGAATCGAAACGCGGAGTCGGGGGAAAAGAATTCATCGTATCGTTACGTCATTGCGGCCGTGAGTTTTATGTTCATGTTTGTAGCCATGGGGCTGGGCAACGCTCCCAACGGGCAGTATCTTGCCCCGGTGACGCGGGAGTTCGGCCTGAGCCGGGCCGATTTTTCCCTGACCTTCAGCATGAGGTATCTGTTCACGACGATTTTCAATCTGCTGTGGCTGAAAATTTTTACGAAGATCGGCATCCGCCGGACGGTCGGCGCCGGTTTTCTGTTCCTCGCGGCGGCGTTTTTCATCTTTTCGTCTTCCAGCACGCTGCCCGGGTTTTACGCCGGCGGCATCCTGCAGGGCACCGCGCTGGCCCTGTGCACCAGCGCGTCCTGTTCTTATCTGGTGGACAACTGGTTCACGGAGCGCAAAGGCACCGTGCTGGGCATTGTTTTTGCTGCCAGCGGCATCGGCGGCGCCCTCGGCAACGTGCTCGTGGCGCGCTGGATCGCGCAGAACGGCTGGCGTTTCTCCTACCGTTTGACTTCGTTCCTGATCCTGGGCATCGGCCTCGGTCTGACGTTGTTCGTGCGCGTGCGCCGCAGGCCGGAAAACGCCGCTTTGCAAAAGGCGCGCGCAGAGCCTTCCGACGCCGGACCGTCGCTTGCGGAGCTACGCCGTACGGGCCGTTTTTACGCGCTGTTCGCGATCGTGTTCGTGCTCGGCTGGCTGTGCAATCCTGTCTATACGATCGCTCCCGCGCATCTGGTGGATCGCGGTTTCGATCCCGTCTTTGCCGGGCAGATGACGGGGCTGATGTTCATCGTGCTGGGCGCGGCCAAGGTCCTCTGGGGCGCGCTGTACGACCGTTTCGGGCTTCGGCCTGTATTCCTGACGAGCTGCGCGTGCGGCGTCGCCGCGCTGCTGACGCTTTCCCGCGCCTCGGGCGAGCTTTCCGCCGTCGCGTTCGCCGTGCTGCTGGGCTTTGCCATGCCGGTGGAGACCATCATGGTGCCGCTGCTGGTGACGAATCTTCTGGGGGCTCGGGCGTATACGGCGATGATCGGCGTTTTCTTCGCGCTCATGTCCGCCGGCATCGCCGTCGGCAACCCGCTGATCAACTTCGGTTACAGCCTCGCCGGCAGTTACTCGCCCGTGCTGATCCTCTACGCCGGGCTCTTTGCGCTCTGCGCCGCTCTGTATCTGTGGTGCGAACGCGAGGCGGAACGTTTTGGAAAAAGAGCCCATTGAAAGATCGCGACAGAAAAAACTCGGAAACAGCCGCTCCGTTTCTGAGTTTTTATTGTCCGTGCGCCGCGACGTCATGAAGGTGGGAACGATGAAAAGAATTTTCTTGTGTTTGGTTCTGGCGCTGGCGGCACGTTCCGCTTGCGCCTTCGAAGACGCGAGGCAGAACGCTGCGGTCGATTTGATGCGCCGCTGCGAGGCGGTGCTGTGGGAAGAAAAGTTGAGGCGCGTGCCCGATTTCGACGTGCGCCTCGATCCCGATCGTACCGGCTTGGTGGGCGAGGAGTTCACCGCGCTGGCCACGACCCCCGGCAGCTGGCACGACAAGCGCGCGGCCGCCCAGCCGGAAATGGCCGGGGCCCTGGCCGGCTATCTGATCCGCGCCGGCGTCAGAGAAGGAGATTGGATCGGCATCAACGCCACCAGTTCCTACCCCGGTTTCACGATGGCCGCGCTCTGCGCGGCGCGAACGCTGAAACTGAACACGGTCTTCGTGCTCTCCTACGGCGCTTCCATGTATGGCGGCACGCTGCCGCAGTTCACCGTGCCGGTGATGCTCGACGCGCTGCGCGAACGCGGCGTCATGGACGTGAAGATCGACGCGCTGACGCCGGGCGGCATGGACGACCGCATGCGCCGGAACGTCCTCGATGAGGATGTGCTGCCGCTCGTGCGCCGGCTCATGAGCGAGCGCCGCGAAACCTGCATGATCCCGGCAGATCT
NZ_CP133038.1_gap23	891681	894817	3136	ATGCCGACCGCGAAGGCTTCCGGGTGAGGATGCACGCCTGCGGCGACGGCTCCGTCCGAAGGGCGCTGGACTGCTGCGAGCTGGCCCAAAAGCACAACGGCAAGCGCGATTCCCGGCACACGATCGAGCACATCGAGATCATCGCCAAAGAAGACATCGGCCGCTTCGCTCAACTGGGCGTGGTGGCGTCGATGCAGCCGGATCATCTCAGCATCTGCGAAAAGTTTGCGGACAATCCCTATTTCGCCCGGCTGGGCGAACGCCGCGCCGCGGAGACGTGGCCGATCCGTTCGATTTTGGAAACCGGCGCGCACATGCAGTTCGGCACGGATTTCCCAATTTACGACAACAACCCCATGCTGGCCCTTTATCGGGGCACGACCCGCCTGTTCAACGACGGTCAGCCGGAAGGCGGCTGGAATCCGGGCGAGAAGGTCACGATGGCGCAGCTTCTGAAAGGCTACACGGCCGGTTCCGCCTACGGCGCTTTCATGGAAGACCGGGTCGGCACTCTGGAAGAAGGAAAGTACGCGGACATCGTCGTGCTGGATCATGATCTGTTTTCGCTGGACGATCCGCATGAAATTCTGGAGACCGCGCCGATCCTGACCCTTATGGACGGACGTATCGTATACGAGAGATAAAATCACGTTGTGAAGAAAGCTACCTCAAACTCACGCAGCAAAGTTGAGGTAGCTTTTTTATGATGTCGACTTCTCGCTAGATTGTGGAAAAATGATGTGTGGCGTTTCTGAACGTCGAAGGCATCGGCGACGGCGTCCATGTCAAGAAAAGCGAAACGCCTTGCCCAAGAGCGATATCCTTGTCCGTTATCGGAAACATGGCGAGATTTATATGCTCGAGGGGGGCGTCTTGGGACGGCTCCGGCGGCGAAACTTGATTGTCGAAAAAAATTATTGACATTTTTCTAACATACAGTAGAATGTTTTATAAAGAATTATTATCTTGGTAATATTTCGCATTTTTATTCCAGGAGGTCCCGCGATGTTGTGCAGCTACCGCCGCGACAGACTCGCGCAACGGCTGAAGGAGATTGCACCGCAGCTGATCGAGTGGCGTCATCAGATCCATCGGAATCCGGAATTGAGCTTTCGCGAGGTGAAGACCTCCGCGCTGGTGGAAGAGCAACTCAGGAAAATGGATATGGACTCGATCCGGCGGGTCGGGAGGTCACAGACAGGCATTCTCGCCGTGCTGCGGGGAACGGGTACGGGACCAGATGTTTGCATCGCCGTCAGAGCCGATATGGACGCGCTGCCGATCCAGGAGCAGTCAGGCGTGCCGTTCGTTTCCCAAAATGACGGCGTCTTCCATGGCTGCGGGCATGACACCCACACTGCGGCGCTGTTGGGCACGGCTTGGCTGCTCAGCGAATTTCGCAGTTACTTCGCGGGGACAGTCAAGTTTTTTTTCCAACATGCCGAGGAAGAGCTTGGCGGCGCGGTGGAATTCATCGAAGCTGGTGTGATGGAAGATCCTGCCGTGGACGCTGTGTTGGCGCTTCACGCGCTGCCTGACATCTATGTCGGTGAGATCGGCGTGAGAGATGACTTCATGACGGCCGGCGTCGATATCCTCAAGATCACCGTCGAAGGCAAAAGGGCGCATGGGGGTATCCTCATTACGGCGTCGACACGATCCTGACCGCTTCGACAATCGTCACCGCGCTCATGAGTCTGGGGTCGCGTGAGCTGGCTCCTACTGACTGTGCGCTGGTGACTTTTGGCAGTATTCATGGTGGCATTTCCAATTCTTATATCGGTGCCCCGGTGGTATTGGAAGGCTGCATCCGCTACCTTCGCGACGAGACGCACGACCGTTTTCGGCGCCGTGTGCGCGAGATCGCCGAAAGTATCGGCGCGGGACTGCGCGCGAAAGTGACCGTGGAGATCACGCCGGAAAGCATCCCCTCTGTGGTCGCCAGAAGCTGGGTCGACCGGGTACGCCGTGCCTGCGCGCAGGTAAAGTCGGTGACGAACGTTGTCGATCTCCCTTCCCCCGCCATGGGCGGCGAAGATTTTGCGCTTTTCCTGAAAAAAGCGCCGGGGACGCTCTTCCGCTTGGGGTGCCGCTCGCCGGGCGGCCTCCACTGTCCCACCCATTCGGTCAACTTTTATGCCGACGACCGCTCGATCCCTATTGGGACGGAAGTCATGACCACTACGGTGCTTAACGCGCTCACGGGTTCAGAGTAATATTTTTAAGGGGAGGCATTGAACGAAGATGAACGTGAAAAAGACCCTGTTGTTTTTGACGTCGCTTTTGGTTTTTGCTGCGTCCTGCGTGGCGGCGGATTTGCAGACGCTCAACGTGGGAGTCCCCAACGACGCCAAGAGCATGGATCCGCTCAAGGCTGTCGATACGGTCTCCTTTGCCATGATCAAGCATATTAATGAAACGCTGGTGACGGTGGACGGCAGAACCAAGCAGTTGGTGCCCGTGCTGGCGGAACGTTGGAAAGTGCTTGATCCGCTGACCTATAAGTTTTATCTGAAAAAAGGCGTTAAGTTCCATAATGGTGAAGAGTTTACCGCAGACGATGTGGTGTTCTCGTTTCAGCGAGCTCTTTCAAATGAATCCGTTTATGCCAAATCCAAGGCTAAGTACATTGATCCGCAGGGATTCCAGGTGATCGACCGGCATACGCTGATCGTGAAGACGCTGACGCCTTTCGGCGGTTTTCTGGAATCGATGAAGCATCCCTATGCCAGTATTTTCAACCGCAAAGCCGTTGCGGACGCCGGCGGCGATTACTTCAGGATGCCGGTCGGCACGGGGCCTTACAAGTTCAAGCGGTGGCTCAAGGGCGACCGCGTAGAACTGGAAGCGTTTGGCGACTATCATGGCGATAAGCCCCATTCCCAACGCTTGAATTTTCTTACAATGGCCGACGACAGCAGCCGCGTCATCGCCCTTGAAACCGGCAAGGCCGACTTGATTTACAACGTGCCTGTGAACGATTTCGATCGTCTTGCCGAAGAAGGCCGAGTGAAGGTCATCAAGGGGACCGGGCATAACCTCATTTATCTCGGTATGAACACTCAAAAAGGTGCTCTCAAGGATCCGCGCGTCCGCATGGCCATCGAGTATGCCATTGATAAGGATGCTTTTGTCC
NZ_CP133038.1_gap24	902662	904466	1804	GTCGCGTGACTAGAATAATATACACTCCTGCCTGATTTTTTCAACCATGAAGAATAATATATCAGATATGTATACAATATATTAAAGGACAATGGAGAGGCCGCATGAAATGTTTTTGGCTTATGTGGTGAATTTATTCGTATTTAACGACAATATATTATGATTATTTGCTGTAATAGTTGTGATATGTGTCCTTTAACTGAAAGCGACATTCGTTTTGAATTTTATTCAATAGGCAAAGTCAAAATTTGAGACTCCTTGCTTTTTGTATATTATTTGCTAGAATCTGACTTAGTCGTGGATATTCTTTTTCCCGAGAAAAGAGCATCCTTATTTGAAAAACGGGTTGGGAATTTCAGGTTGTCCTTTTAACGGGCCGCGACGTCATGTTGCCATATTGGGGGAAGTGGAGTAAAGGCTGCAGGTTCCGCAATCTCATTTTAGGAAGGGGTTCTTTGTTATGAAGAGGACATTCGCTTTGTGTCTCGTCTGTGCCATGCTGTGCGCCGGAACGGCTTTCGCCGCGCCGCGGGGCGAGGAACTTCGTGTCGGCGTCTCCATCGACGCGAAGAACTTTGATCCGCAGAACTCTGTCGATACCTATTCGTTCTCCATGCAGAAACAGATCTACGAGCCGCTGTTCACGGTGGACGGCAAGACCCGCAAGCTGACGCCGGTGCTCGCCGAAAGCGTCGAGATCCTTGACGACCACACTTACAAGTTCCATCTGCGCAAGGGCGTCAAGTTCCACAACGGCGAGGAGTTTACCGCGGATGACGTGGTTTTCTCTCTGACCCGCGTCACCGATCCTTCCAAGTCCGTCTTCGCCAAGTCGAAGGGCGTGTGGATCGATCCGAAGGGCTTCGAAGTGATCGACAAGCATACCGTGATCGTCCGCACCAACGGCCCCGTCGGCGGTTGGCTGGGCTCTATGAAGCACCCTTACGCTATGATCCTGAACCGTAAGGCCGTTGAAGAAGCCGGCGCCGATTACTTCCGTCAGCCCGTGGGGACGGGCCCGTACAAGTTCGTGAGCTGGACCAAGGGCGAACGAGTCGAGATGGAAGCTTTCGCCGACTACTGGGGAACCAAGCCCTACGCGAAAAAGCTGACGTTCGTGGTCCTGCCCGACGACAGTACGCGCATCATCGCTCTTGAGACGGGCAAGGTCGACATGATCTACGCCGTGCCGCCCTCCGATTTCGAGCGCTTGCAGAGCAGCGACAAGGTCAAGGCTGTCAAGGCTCCCGGTCTGGTACTGCTGCATCTGGCCATGAACACGGACAGCCCCAAACTGAAGGATCCCCGCGTGCGCAAAGCGATCGACGCCGCGATCAACAAGGACGCCTACGTTCAGGTCGTCTACAACGGTAACGGCATCCCCGGCCAGGGGCCCCTGCCCACGGCGAGCTCATGGTTCCCCGAGAATCCCGAGAAATGGGATTACAATCCCGAGCTCGCCAAAAAACTTCTTGCCGAGGCCGGCGTCAAGGATCTGGAACTGAACCTCTGGGTTATGAACGCCGCCGACCGCGTCAACGGCGCGACGGTGCTGCAGAGTATGCTGGGAGCTGTCGGCATCAAGGTCAACGTGTCGGTGTTCGAGAATGCCGTCATCAATGACAAGGTCCGTAAGGAGCCTGAAAAGTACGATATGTACGCCGCCACCTGGGGCATGCAGACCAACCGTGACGCCGGCGTTTACTGGCAGTCGGTCATCACCACGACCTCCATCGTCAGTACCAACTCGGCCCGTTTGTCTGACCCCGAGATCGACACGCTGATGGACGAGGCCAATCACTGC
NZ_CP133038.1_gap25	913343	914027	684	CGTTCGATCAAGGCGATGATGCCGGCGCGTAGCCGCGCGAACTCGCGGCTGATATCGCCGGTTTTGACGTCTTCGTCGGTCAGCCCCACGAGCGTGTCGAAAACGGGCTGGCCGGGGGCGAGAGCTCGGGCGATCTCGGCTTTCAGCGCGAAGGCCCGTTTCAGCCACGGCATGAAGATCCGATAATCGCGCTTTTCGCGGGCTTCTTTCCAGGCGTTCAGCACGTTGGCCTTGATCAGCGTGAACTCGCGTAGCGTGTCGGAGGGAATGAGAACGGAGTTGCGGTAGTCGCGCCGGAAGATGCGCGCCTGGGCGCGGTCGGCGTCGCTTTCGATCTCCGCAAGGGGCACTCCGTTAAGGTACGCGGCGGCTCGGCGGGCGTCGTCGGAGGCGTAAAGCTTCGCTTTCTGCGCCCCGAAAAAGGCGCTCATCTCCTGACGGTATGCGCCGCCGCGGCGGGGCAGCGAAGTCCATTGGTCGTACTGAAGCAGCCCGTTCAGCGAACGGTAATAAACGGCCGTTTGATTGACCGCACGGGCGGTCCGCAATGCTTCGTCAAAGTCCATGCTCGGCCTCCGCTCACTTTTCGTAATGATGGATCAGCGCCTGCGTGCCGAGGTCGCCCATGCCGCGCGCTGTCACGTCGAGACAATTGCGCAGCGCGGCCTCGAGCACGTCGAGAGA
NZ_CP133038.1_gap26	968720	973665	4945	ACGCAGCTGGTCGGCCTCGCCATCGTCGAACTGCTGAACAAGGAAAACGTCGATCTGGCGTTCGACCTTCATGAAGCTTCGCCGGAATACCCCGTCATCAATGCGACGGTCGCCCATGAACATTCCATGGAGCTGGCCGCGATGGTCACGATGGAACTCGAGATGATGGGCATTCCCATGCGGCTCGAACCTTCGCCGGTGAACTTCCGCGGTTTGAGCCACCGCGAGTGGGGAGATCACTGCCCGAATGTGATCCCGATCCTGATGGAAGCCGGCAATCCGGCGCAGGGGCGTCTGCGCGGCCACACCGATGAGGCGCTGGTGCTCTCGGGGCACGACAAGGCCTACATGAAAGCCGCCAAGCTCGGCGTGCTGTTCATCCCCTACGAGGATCGGCAGCCGCTTGAATTGAGGACGGCTCGCCACGTCGCGGCCATGAGCAAGTACATCGAACTGCTTGGCGACGTGCGCCCCGGCAAGGAAATCGTCGTGGAGGGCATCCCTTCGTATGAAGAGATCAACGAAAAAGGGCTCGGCGCCTGGCTGGCTCCGGCGAGGTAGTTGTTTTATGGAGTTGGGTTTCAAGGCTGCGGAGCGCTTTGCAGCCTCAAAATACAAAGGAGACCAGCTATTAAAAGTCAAGTAGGAAATTCGAGCTCATGCCCGAAGTATTTCTAGCCGGTTGCCCGCGTGAAAAAGCCAAAGCGCCCCTGAAAACGGCATATTGGACAGAACTCAGACAAAACAAGCACGCGAACGAGCTCACACGGAAGCGACACGAGCAGGGAACCCCGCGGGAACAGGATCATTCTATGCCCTGGCGGCGTACCTCGTAAGGTTTGTTGGCTTTCAGAACAGCGTAAATCGTATAAAGCAGTTTTCTCGACACAGCCCCCAATGCAGTCCCATGCGCTTTCCCCTCACCGCGCTTCTTTTCGTAGAACGCTTTGAAGACAGGATCGCATCTGACTGCTATCAGCGCCGACATCCAGACAGCTCGTCTCAGGTAGGGGGATCCTTTCTTGGACAAGCGGTTGTGCTGGCCGACATAGTTCCCCGATTGAAACGAAGTCGGATCGATCCCGGCAAAGGCGACGAGTTTCTTGGGATTGGAGAAACGACTGATATCGCCGATCTCACCGAGGATCACGGCGCCCGTCGCCGGCCCCACGCCGGGGACAGTGAGGATGACAGAGCTAAACTTCCTCAGCTGCCGGGCGATCTTCTTGTCGATCTCATCGATCTGCTTCTCCGTGAATTCGATCTGTTCGATGAGAATCCTGATTTGAAAGGCAAAGGCATCCGAACACAGAGTCAGGCCGACCGAACGCGCCGCCAGAGACTTGAGCTCACGGGCTTTGTCAGTACCGTGCCGGCCCCGGCTGGTTTTTCTGAGCAAAGCGGCCAGCGATTTCGTGTTCACGTCGACCACCTGTTCCGGAGTGCCGTACGTCTTGAGAAATGCCTTTGAACTCTCGCCAAAGACGTTGGAGAACAAGGCAGCATACTCCGGAAACACCTGATCCAGAACGGTGACGACCTGTCGCTTGTAGTCGGCGCAGGAGTCCTTGAGCGACTCTCTGAAACGGGCCAGATTGCGCAGCGCCATGATATCTTCATCAGCCAGATGAGTTGCGCTGAACGAGCCGAAACGGATCACCTCAGCCACCAGAAAGCAGTCGACCGCATCCGTTTTCTGCTTCCGGATGTGGAAGTTCCTCAGACTGTCGGATTGGATCGGGTTGATCACATGCAGAGCAAAACCCTGCTCCCGCAGAAAGGAGTAGAGCGCGAGCCAGTAATGACCGGTCGCCTCCATGCCGATACAGAAAGCCTCCCGCTCGGGAAGACTCTGTTCGAGAAAGAGCAGAAGCTGCTGAAAGCCCTCCCGAGCATTGGCGAAACGCAGCGACTTGCCGACGTGGCTGCCGTCCTCCCTGATAAGCCCTGCTTCGTGATTGTTCTTCCCGATGTCAATACCAAGATAGTACATGAGTCACCTCACCACAACGTATTTGCAGGTGAATTCTCACGCTTCCTGCGGCTCACAACCTCCTTGGACAGACGGAGAAGACCTTCGGTCTCAACATCCAGCTCATTCGTGAACTGCCGCAAGAGGTGAGGCGCCACTCTCCTTTACGAGGAAATGTCCCCAAGGAAACAAACGGCGACGCTCACACTGCATGCTGACATTATCGCAGATTGTCCCGTTCAATAATCTGTCAACTCAATAATCTGTCAACAAGTGCGACTACATTATTCTAGGAGGGAATGGTATGAAGAAGTTGGGCGCAACGTTGGCATTGGCTCTGGTCGCCGCTGCTGCATGCAGGGCCGGCGCCGCGGAGGTTAAGGATGTTTATGCCGAGCATGGCATGGTGGCTGCGGCGCACGAACTGGCGGCCAAAGCCGGCGTCGAGATCCTGCAGAAGGGCGGCAATGCTATCGACGCGGCGGTCGCCACGGCTCTGGCGCTGAACGTCGTGGAATTCAACGCTTCCGGTATCGGCGGCGGCGGATTTATGACCTTCTATTCGGAAAAGACGAAAGACGTGATCTGCCTCGATTACCGCGAGCAGGCTCCCGCTTCGGCCACCAAGGATATGTTCGCGTCCGAGCAGGCCAAGAAGGAAAAGTGGTCGGCCTACGGCGGCAAGTCCGTCGGCGTGCCCGGCTGGCTGAAGGGCATGACCTACGCGCTCGAGAACTACGGCACCATGACCTTTGCCCAGGTTGCCGAACCCGCCATCCGTCTGGCCGAGGAAGGTTTCGTCACCGACCCGGCCCAGAAGGGATTCATTCAGGACCATTTCGAGACGCTGAACCAGTTCAACGAACCCGGCACGCTGCCTTTCTTCGACGAGGTCGGACTGCCCATCGAGGGCGGCACGCTTCTGAAACAGCCGGCGCTGGCCAAAACGTTCCGCCTGATCGCCGAGAAGGGGATCGACGTGTTCTACAAGGGCGAGATCGGCGAGGCCATTTGCAGGGCCGTGGAGCGTAGCGGCGGCAAGATGACCATGGAGGATCTTGCCAGTTATCAGATGTACGTTCGCAAGCCCGTCGTCGGCACCTATCGGGGCTACCGGATTTATTCCGTGCCTCCCGCGTCGTCCGGCGGCACGCATGTGGTCCAGCTGCTCAACATCATGGAAAACTACGACGTCAAGAACCTGGGATTCAAGTCCGCGAAGAAGGTTCATGTCTTCGGCGAGGCGACGAAGATGATGTTCGCCGACCGCAGCAAGTACATGGCCGACACGGCTTACGCCAAAGTCCCGCTGGCGGGGCTGCAGTCCAAGGAATACGCCAAGGAGGAGGCCGGCAGGATCACCGACGCGATCGTCGACAAGCCGGAAGCGGGCGATCCCTGGAAGTACGACACGGCGGAGAAGACTTCTTTCCTCGGCGGCATGGGAGACGAGCGTTTCTCGACTTCCAGCTTCTCCGTGGCCGATCAGTTCGGCAACGTCGTCACTTCGACCAACACGATCAATTTCTTCATGGGGTCTTCGGTGTTCGTGCCCGAGTACGGTTTCCTGATCAACGACGAGATGGACGACTTCGCTTCCAATCCGGAAAGCGTCAACGCCCCCGAACCCGGCAAGCGCCCTCTGTCCTGCATGAGCCCCACGATCGTGCTCGATCCCGAAGGGCGTCCTTTCATGAGCATCGGTTCGCCCGGAGCGACCCGCATCATCACCGCCGTAGCTCAGTGCATCATGAACGCCGTCGATCACGGTATGACGATGGACGAGGCGATCGAGGCGGCGCGCTTCCACAATCAGAGCGGCAACGAAATGAGAACCGAAAACGATCGCTACGACAAAGCGCTTCTTGACACGCTCGAACTGATGGGCTACAAGATCTCGCTGCAGGAACCGCTGTACACCGGCGGCGCCCAGGGCATCATGTTCAACTGGAACGCCAAGGGCACCGACAAGTTCCTCAACGGCGGCGCCGACAGCCGTCGTTTGGGAGCGGCCGTCGGCTTCTAGCGGGGAAAAACGATCCGAATATTGACCGATGGCCAAAGCGCGGAGAACCGACGGTTCTCCGCGCTTTGGCGTGTGCGGCGGCGCCGGGGTCTTCCGGGGAGCATGATTTTTTGCTGCCGAAAGGGTTTGCAGCAATGGGGCGAGGCGGTCCGGGCGAGGTCCTTTCATCGTCGCGCCGGGAATATTCCGGGCGTCGGTTTCGCGAGTCGTGGCGGAGACGCCGCGACGCATATAATACCGCGTGATTTTATAGAGGCTGACATTCTCGTGGGGAATGTTCTGTAAAATGTGGAACTCGACGCGCCGTCGGGGAGGAATAACACGACAGGAAATCGCATAACGCCGCTTGAAATGTCTCTCATACAAGGGACGTTTGCTATTGTATACTTTGGTTCGGGGACTTCTCAAAGCCGGGTTAAAAATGTATAATAATGCCAAGGGGAAGATTCATTTCTCTGAAGATTCATATCTTATTCTGTGGAGGGGATACGGATGAAGAAATCAAGAGTTTTGGCAGTTGCGCTCGCGGGGCTTTTTGCCGCTTCGACGGCTTTTGCGGCCAGCCAGTTCATCATGGGCACGGGCGGCACGTCGGGGACCTATTATCCTCTGGGCGGCGCCATCTCCCAGATCATCACCGACCATTCCGGCGGCAAGGTTGCCTGCGTAGCCCAGGCGACGGGGGCTTCCGTCGAGAATCTGAATCTGCTCAACGCCGGCGACATCGACCTGGCTCTGGTGCAGAACGATACTGCCGATTACGCCAAGCGCGGCGTGATGTTCTTCAAGGCGCCGCTGGCGAACGTGACCGGCATCTGCCGCATTTATCCCGAGCACATTCAGGTTGCCGTCAACGCCGACAGCGCCATCAAGTCGCTGGAGGACTTCAAGGGCAAGAATATTTCCGTCGGCGCGCCCGGCTCCGGCAACGAAGCGAACGCCCGCCA
NZ_CP133038.1_gap27	976210	977197	987	TCGGCCTGAAGCTTGCCAACGGCATTGTTTCGCTGGCGGGCGGGCATTTGTTCTTCACGCTGGTGCTGACCATGATCACGTCGATCTTGCTCGGCATGGGGCTGCCCACGACCGCCAAGTACATCGTGCTGGCTTCGATGGCCGCGCCCGCCATTCAGAAGTTCGGCGTGCCCGTGCTGGCGGCGCATATGTTCATCTTCTACTACGGCATCATCGCCGACCTGACGCCGCCGGTCGCGCTGGCGGCCTACGCCGGCGCCGGCATCGCCGGAGCCAACCCGATGCGCACCGGTTTTACCGCCCTGCGTCTGGCCGTGGCCGGATTTTTGATTCCCTATTTCTTCGTTTACAGCCCCGAACTGCTGATGATCAACGCCTCCGTCGCCAACACGACCGTGCCGGTCGTGACGGCGATCCTCGGCACCGTGCTGCTGTCCTTCGCGGCGGCGGGCTACTGGCTGCGCAATCTGAACCTGTTCGAGCGCGCCGTGATCTTCGCCGCTTCGCTGCTGCTGATCCAGCCTGGCTGGATGACCGACGTGATCGGCGCCGGCGTCGGCGTGGCGATGTATCTGCTTCAAAAGATGACGCTGAAAAACAGGGCGTGACGCTTGCGCCCAATCCGGACCGGCTGCTGGGCAGCCGGTCCGGATTTTCTGTCGGGGGCGACGCAGAAATTTCATCCTATCGGGTGATGCGAGCGTCTCGTTCCATGGTAGGATACGGATGGATGCGGCGTTCCGTGAAGGCCGCCGGCCGATGAGCGGCGCGCGGATGGCACGCCGGGGGCCGTGCGAAGGGAAAGGCACGAAGAATATCCCGCTTTAGATAGTATTTTATTTAATATTATGCATTGAGGAAAGAGTTTCGGAATGATAAGATTCAAACCGGTAGTACGCCTTTCGTAAGAGGGGCTGATGTGGTTCTTGCCGCAGGGCAAGACGAATATTTGAAAGGTGGAATGTCTTATGAAGAAATTCCGTTCCG
NZ_CP133038.1_gap28	1048603	1050487	1884	GTCATTTTTGTGCTCACCGTCGCCGGCTGGCGCACGAACAGACGAAAATGACCGCACAGTTAGGCCCCGGCAGCGCACGTTCGCGCTGCCGGGGCCCATGTATGTGCGGCGCCTGCGTACGGGATCGCCGCGCTGAAACGCCGAAACTTCAGCAGTGGTTTCGGCAACGATGCAAGGATGAAGACGGCACCCGCCGGCGGGATTGGGCAGACAGCGGGAGCGGCTACAGCTCCGTCTCGCGGTGGGAAGCGTCGAGAAAATCGCTCTTCACGTCGCGGCAGCCGAAGATGTGAGCGCAGCAATCGGCCAGTTCGCGGCGGGCGGCGAAGATCGCCTCTTTGTTCGCGGAGGCGAAGCCGTCGATGGGAAAGAAAATGTCCTGGGACTGCGGACCGATCTTGCCCAGCTCGCTTTGCCGCCAGATCCAGCGGCGCGTGCGAATCTTCCGGCCGACCGCGTAGACAGGTTCACCGGCGGGCACCGGTTCGGCCTCGGCTTCGCCGAAGGGGACGAAGCTGTCGCCCTCGCGCGTGAAGCGCACTTCGATGTCGCCGTCCATCCGGCCGATATCGTGAGCTCCCATGGGCAGCGCGTATTTGAGCGAGAGCGCGTTGCCGAGGTCGACGACGGGATTGATGTGCGGCAGTCCTTTGCCCTTGCCGACGCGGGTGAACATGGCCTCGATAGAACTCATGAATTTGTTGGGATTGAGCTCCAGCGCCCGAAAGGCCTGCCGATAAGGCAGAATGGCCGGTTCGTCCTTGATTTTTCGCCCTTCATAGCGAGCCGCGGCCGCCGCGGCCGCCTCCGCGAGCATCGCGTCGATCTGCGGGTAAACCGCCGCGTTGTCGATGTTTCTGGCGACCACGACGCCGAAGCAGACGTCGGGAAGTTTCTCGAAAAATTGGGGCGCGACGATGAATTTCATGTGAGCCTTCCTCCTTCGTGTCGCTTTTCGGCCGATTATACGGACTTTGCCGGAAGAACTCAAGTTTCCGCCTCGTGAGACCGGCTGCGGAAACGCCTTCCGCACATGAATTTGTTTTCGCCGTTCATCAAAAGAGGAGCGGCAGACTCGGCTTGGGCGGAACGGAGTGCGGAATTCTTCAGGTGTCGGGCAGTTGTTTTTGACAGTTGTTTTCTTAAAGTTTTTCTGCTAGACTGAAAAACATAAATAAACGGCGTGGTCGTGAGATTGGAAGCATTGCGGGCATCCCGGCAGGGCCGTGCTCCGGAAATCTTGAGAATAAAAGGAGGCAGAAGAAATGAAGTTTTATGGCAAATGCGCAGCCGCAGCCGCGGCGGTGCTGATGTTCAGCGCAGCGGCCTGGGCCTTTCCCAACGAGCCGGCGGGATTCAACGGCATTGCCTGGGGTTCGCGTTGGGAAGGCATGAGCGATCAGTTCCGCGAGGCGCCCCAGGCGCCTTCGGGCGGGAAGTATTATTACGAGAGGATTTTCGGCGGCAGCGAATGGCTGGGTTATCCGCTGAATACGCTCTATTACGCTTTCCGCGACGACGGCCGCTTTTGGGGAGTGGAGGGGCAGGTCGACGACCGCAGCTCTTCCTATGCGGATGTTCTTCACTACGCCGTTCGCCGTTACGGACGCCCTCAGTACGGGACGACGAACAACGGGTACCAGAAAGCGAGCTGGTATGGACGCGACGTCACTATCGTGCTGGCAAAGACTTATCGCGGGTGGCGCTTTACGATCGGTTGGCGCGGTCCCCGCGTCGCGCCGCCGCCTCCATCGCCGCCTCCGCCGCCGCATCATGGCCGGCGCCCCGGTTACGGTCCACCGCCACCACCTCCTCCTCCCCCGCGGCGTCCCGGACACCGACCTCCCCCTCCTCCGCGTCCCGGACAGCGGCCGCCTCCGCCGC
NZ_CP133038.1_gap29	1052817	1054524	1707	CGGCGACCTCGGCGCGCAGAGCGCCGTGTGCGGCGGCGGGCGTTACGACAACCTGGCGGAGGCGATCGGCGGGCCGCACGTGCCGGGCGTGGGCTTCGCGGCCGGACTCGACCGCGTCATCCTCGTCATGGATGAGCAGGGCTGCTCGTTCGGCGCGCAGCCGGCGCTCGACGCCTACGTGGTCTGCCCCGACGATTCGGCGCGGCTGAACGCCGTGGAGCTGCTCTACGCGCTGCGCCGCGCCGGGCTGAAAGCCGACATGGACTACGCCGGCCGCGGCATGAAGGGGCAGATGAAAACGGCGGTCGCCAGCGGCGCCAAAGCTGCCTGCATCCTCGGCGGCGACGAGATCGCGCGCGGCGTGGCCGCGGTGCGCGACTTGAGCGCGGCGGCGCAGGAAGAAGTGCCTCTCGCCGACGTGCCCGCCCGCGTGGCGTCTCTGGCCGGCACACGGTAAAAAACGCGAAGCGCCGTTCCAACGCGGCGCTTCGTTGGACTTTTTTGAACAGACAAGGGAGTTTGGAGAAAAATGCGCAAGGGAATTTTCGATTCAAGCTGGAAGCGAACCGTCAAATGCGGGCTGGTCGGCGAAGAGCTGGTCGGCAAGGAGATCGTGCTCAACGGCTGGGTCCGCAACCGCCGCGACCATGGCGGCGTGATTTTCATCGAGCTGTGGGACAAGTCGGGCAGCGTGCAGGTGGTCTTCACGCCGGAGGTGGACGTGCAGATGCACGCCGACGCCGGCGATCTGCGCAGCGAATACGTGATCGCCGTGAAAGGCAGAATGCGCGTGCGCCCCGACGGCATGATCAATCCCCACATGACGACCGGACGCTGGGAGATGGTGGCGAGCGACTTCCTGCTGCTGTCGGCGGCCGCGCCGATCCCTTTCGAGATCGGCGACGAGACGGAAAACGTCGACGAAAACCTGCGTCTCACCTACCGTTATCTCGACCTGCGCCGCGAGCGCATGCAGAACAACCTGCGCACGCGCCACGAGGTGGCTCAGTACACGCGCGCCTATCTGAACGGCCGCGATTTCACCGAGGTGGAAACGCCGATCCTGATGAAGTCTACGCCCGAAGGCGCGCGCGACTACCTCGTGCCCAGCCGCGTCGCGCCCGGCTCGTTCTACGCGCTGCCCCAGTCGCCGCAGCTGTTCAAGCAGATCCTGATGATCTCCGGCATGGACCGTTACTATCAGATCGCCAAATGCTTCCGCGACGAGGACCTGCGCGCCGACCGCCAGCCCGAGTTCACACAGGTCGATCTGGAGATGAGCTTCGTCACCGAAGAAGACGTGTACGATCTGCTCGAGGGCTACGTCGTCGGCCTGTGGAAGAAGATCCTCGGCGTCGAAATCGCGGCGCCCTTCCGCCGCCTCGGCTACGGCGAGGCGATGCGCCGCTTCGGCAGCGACAAGCCCGACCTGCGCATCCCCTTCGAAATTCACGACGTCACCGCCGCTTTCGAAAGCACGAGCTTCGCTCCCTTCCAGAATCTGATCGCCAACGGCGGCGTGATCCGCACGATCTCCGTGCCCGGCGGCGCCGCATGGTCGCGCAAGCAGTGCGAGGACGTCGCTGCCGCCGGCAAGAAGCTGGGCGCGCCCGACGTGGCGTTTTTCCAGATCAAGGAAGGAACGCTCAAGGGGCCGCTGGCCAAATACCTCGACGACGAACACAAGGCGCAGTTCCTCGAACTGGC
NZ_CP133038.1_gap30	1170521	1174107	3586	GGGATCGCTTCCGGGCGCGGCGTCGTGATCGGCATGACGCTGTATTGGTCGCTGAGGTTCTCGACCGTGAGCAGGCCGGAGCGCAGCACGCGTTTCAACAGATCGTAGGACATGAAATTGCGCAGCAGCTCTTCCGCGTCGAGGATCAGATAACCGCCGTTGGCCCGATGCAGCGCGCCGCTCACGATCCTCGTGAAGTCGGTATAATAATATCCCTGGCGGCTCTCGTACTCCATCTTGCCGGCGATGTTGTAAAAAGTCGGATTGGTCTCCCACACGGCCGGCGCGCCGCCCTTGGGATCGTTGCCGACGAAGACGTTGATCTTGTACGGCGTGAAATCCACTTCGCCGCTCTCGTCGCGGGCGGCGGCAATGAACAGGGCGTGATTGGCGACGATCTGGCGCTCCAGCGAATCGATCCACTGGGCGAATTTCTTCGTTTGTCCGTATTTCTCCCGGATCTCGTCCAGGTAAGGGCCGATCGCCGTGCGGCAGATCTCGGCTTCCATATCCGAAAGCTTGGCCTTGAGCGCGCGCTCCTTCTCCCGGATCTGCCGCAGGACTTCCAGAGTTTTCGAGGTCAAGGCGTCGGATACGCTCTTGAGGCGCTTCTGCTCTTTCCGCGGCAGGGCTTCGAATTCGTCGGTCTGAAGCTCCTTGAACTCCTTTTTGCCTTTGCCGTTCTTGACGATTTTGAGGGGAATGTTGACAAAACCCTGCGGCGTGCGCTTGACGAGGAAACCGTCCTTCTCGGCCTCTTCGCGGACGTGATTCATCATCTTCGAGATCTGATCCTGAAACGAACTGATCTCCTGCGCCTTAGCGTCTTCGTAGCTGCTTTTCTCGAAAGCGCCGCTGATCACGGACTTCAACTCTTCGATCAGCTTGGTGAAGTCTTCCTCGGCCTTTTTCGCCTGCCCGGCCGGCAGGTCGATGGCCAGAGGCTTTGCCGGCTCGTCGAAATTGTTGACGTAGATCCAGTCGCTGGGCGCCGGCATGCGCGCCGCTTTTTCACGCACGCTTTTGAGCGCGTAGCTTGTGCGCCCGCTGCCCTGCGCCCCGACGATAAAGACGTTGTAGCCGGTGCTCTTGACGGCGAGACCGAAATCGATCGATTTGACAGCCCGTTCCTGTCCGATAAAATGAGTCAGTCCTTCCAGCTCAGCGGAAGAAGAACAGCGCAGCACCTTGGGATCCGTCTTTCTTCGCGCCTGCGCCGCCGTTAATTTTCGGGCCCGTATTTTCATGGCCTTTCCCCCAGTCATTCCATGTATTTTATAAATCCGCCACCGAGGAGGATGTACTCCGTCCCGTCGTAAAGGGCAAGCGCCTGTCCGATCGAAACGCTCCCGGCGGGTTTCCGCAGTTTGACCGCGCCGCAGCCGTCGTGGCAGTCCGTCAGCCGGCCGGGAACCGGCCGGGCGCGATAGCAGTACTGCACGAGACATTCCTGCCCGGCGCGGACTTCCTGCTGCCAGACGGCGTTTTCAAAAGAGATCGTCCCGACCGTGGCTTCCGTCCCATGAGACAGCAGCAGGCGATCGTTCGTAAAATCCCGGCGTTCGACGAACCACGGGCCGCGCGACAGGCCCAGCCCGCGGCGCTGCCCTTCGGTATAGAAGATCAAGCCCCGATGCGGGCCCAAATCTTTGCCGTCATGGTCGACCATGCGTCCGATGTGGCGTTCCTCCGACGCGATGTGATCTTCGAGAAAACGTTCCAGCGAGCCGCCCTCAAGAAAACAGATGCCCTGGCTGTCGCCCTGCGCCAGCCGTCCGCCCAGCCTGGATGCGAGCTCGTTTTTCACGCCCGTTTTATCTCGTTCTGCCGAAAGCGGAAAGCAAAGCCGCGGCAGCCATTCGTACGGCAGCCGGCACAGCATGTAGGTCTGATCTTTCGGCGAGGGCGTCCGGGCGATGGCCCAGCGGTTTCCGCGCTTGAGAACGCGCGCGTAATGTCCCGTGGCGACCTTTTCGATGCCCAGCCGGTCGGCCAGCTCGAGCAACACCCTGAATTTCAGGCTGGCGTTGCAGATCACGCAGGGATTGGGCGTGAGGCCTTTTCTGTATGCGTCGAGAAAAGGCTGCACGACGCGGTCGCCAAATTGTTTTCGACAGTCCAGGCGATGCATCGGCACATGCTGCGCCAGTCGTTCCAGCCGCAGGCGGTCGGTCGGGTCTTCGCCGTCTTTCAGGAGCAGATGCGCCGCCGTCACGTCGTAGCCAAGGTCTCTGAGCCGCAGGGCGGATAAGGCGCTGTCAACGCCGCCGCTGACTCCGACAAGGATTTTTTCGCTCATGCTCTCTCCGCGCCGCTTGTGGGCAGGTCTTCGACCGATTAAAATAATCGGAGCGTTTTCATATTCGAGGTGGAATTCATGCTGATTGAAAAAACATACAGCGTCAGCGGCATCGTCCAGGGCGTCGGCTTCCGCCCGCTGTGCGTAAGGATCGCGCGTCGCACCGGGATCCGCGGCTCCGTGGCGAACACTTCCGACGGCGTCCTGCTCCGTTTGCAGGGGACGGAGGACGCCATCGCCCGATACGTGGCGGAACTGAAACGCGACTGCCCCGACGTGGCGCTGATCGTGGATATCAAGCTGCTCGAACGAAAGGACGTCGAACAGGCCGATGATGATTTTACCATACTCAAAAGCGTGCGTTCGCTTCGGCAGAGAGTCCTGCTTCCGCCCGACATGGCGACGTGCCGGAACTGCCTGGCCGACATCAGGGATCCCGCCGACAGGCGTTACCGTTACGCCTTCACGAACTGCACGAACTGCGGCCCGCGCTTTTCGATCGTCAGAGAACTCCCCTACGACCGGCCCAAGACGACCATGTCGGCCTTTCCGATGTGCCCCGCGTGCCGGCAGGAATACGCCGACGAAACAAACCGCCGCTTTCACGCTCAGCCGAACGCCTGCCCCGTGTGCGGGCCTCGCCTGACATATTGCGACGCTCGGGGAGAAGAGATCGCGCGGGATGAAAAAGCCTTCGGGCTGGCGGTCGCCGCGCTTGCGAACGGCCGAATCATCGCCGTCAAAGGGCTGGGCGGCTTCCATCTGGCCTGCGACGCGACCCGGGAAGAGCCCGTCTCCCTGCTGCGCCGCCGCAAGCGCCGTCCGCGCCGCCCCTTTGCGGTCATGGTCAAAAACGTCGCCGTCGCCGAAAAGATCGTGAAGCTGAGCGCCGCCGACGCAAAGCTGCTGACGGGCGCACGAGCTCCTATTATACTGCTGGAACGGAACGATTCCAACTTTCTCGCCCCGTCGGTCGCGCCCGGCTTGAATCGTCTGGGCGTGATGCTCCCCTATACCCCGCTTCATCACATGATCATGGAAGGATTCGACGCCCTCGTGATGACAAGCGCCAATCTGAGCGGCGAGCCGCTCGTCTCCGAAAACGAGGAGGCGTACCGACGCCTCGCCGGGATCTGCGACGGGTTCCTCGTCCACAACCGCCCGATCCACATGAAGATCGACGATTCCGTCCTGCTCCATCACGACGACGGCCCCGTCCTGATCCGACGGGCGCGCGGCTACGTTCCCAATCCCATTATCGCCGCACGCGAGCTGGCGCCGGTGCTC
NZ_CP133038.1_gap31	1176602	1178785	2183	TGTCGTAATCGACGGGGGAAAGACGATGTTTGCCCACGGTCAGAGTGACCTGGCTCTCGAAAGGAGCCATCCGGATCGCCGGCCCGCGGTTCGTGAATTTGATGAACACGGGGATCGTATCATCAAGTTTCAGCTGCTGCAGCAAATTGTAACGATAATCTTCCGCCTCGTCGGCCGTCCACAGATTCTTCTGCGCCTGATCCTGAGTCGAGCGTTCCACGTATTCCGACGCATAGTACGTCGCCTGAACTTCGACGCTGGCGCCGAAATCGTCGCGATATTCCTTCTTTTGGCGCCACTCCGCGGCAGAGGCGGCCGAAACGCTCAACATGCTCACCATCAGCGCAAAATAAAATCCTCTTCTTTTGACACTCATTCGAGTCCCTCCTTGATGATAAAACGCGTTCCCCGATCCGGAAAAAAGCCCAAGAAAAAAATCACTTCTCTTCAAAAAGGCTTTTTTCAATGATTTCACACAGCGTGTGTCCGATCAGAATGTGCATTTCCTGAATCCGAGGCGTCTCGGCCGTCGGCACCGCCAGCACGACGTCCGCCATGCCGGCCAGAAGCGAGTTTCTTTCTCCCGTCATGGCAATGACGCGCATATTTTTGCGACGCGCGGCTTCGGCCGCTTTCACGACGTTGGCGCTGCCGCCGCTGGTCGAAATCGCCACCAGCGTGTCTCCGGGACGGCCATGCGCCTCGACTTGCCGCGAGAAAACCGTTTCGTAACCGAAATCGTTGGCGATTGCGGTGAGCGCCGAAGTGTTGACATGCAGCGCTTCCGCGTCAAGCGCCGGCCGGTTGAGAAGGTACCGTCCGGAAAGTTCCGCGGCGAGATGCTGAGCGTCGGCGGCCGAGCCGCCGTTGCCGCAGAAAAGAATACGCCCGTCGTTTTTCAGCGACTGAATCATCAGCGCCGCAGCGCGCTCGACCAGCGGCATCATACCGGCCAGACGTTCGCAGACCTGACGGTGGCGTTCCAGATTTCCCGCAATGATCGCTTCTATCGTGTGCCTGTCCATGGATTCCACCTTATTCTTGACGTTCCCAAAGCCAACGGGCCGCCTGCGGCAAGTTCTCGGCGTAAAAATCGGCGCTTACGCCGCGCGCCCGTTCCTTACGGCCGTAACCCGACATTAATAGTATCACAGGGCTGGCGAGATTTTTGCCAAACTGCATGTCGGATTCTTTGTCGCCGATCACGGCGGCAATATTGTCGTTGTTCAGCCCGCAATCGGCGCTTGCCCGTGAAATGAGCCCGACGGCCGGTTTGCGGCACGCACAGCGCTCTTCCGGACGATGCGGGCAAACGTAGATCCCTTGCAGCGTGATTCCCCGTTCCGCCAGCAGCTCCGTCAGCCGGCAGTGCACGCGGTCAACGTCGTCCATCGCAAAATAACCGCGGCCGACGCCCGACTGATTGGTCACAACCGTCAGCACGTAACCGCGCTCATACAGAAATCTCAGGCCTTCGGCTACGCCGGGCAGAAGGACTACCTGCTCGGGACGATGGAGATAGTTTTTTTCCTCGATGATCGTCCCGTCGCGATCGAGAATCACCCACTTTTTTTTATTCATTTTCGCGCAATTTGTCAATGATCGACGTGCTGGAAAGCCCCGGCAACAGCGGCAAGATCTCCACTCTGCCGGCGTATGCGGCGCCGGCGATCCGCTCCGGCCGATAGTCGCCGCCCTTGACCAGAACATCGGGCCTGATCAGAGAAAGAAGCCGCTCCGGCGTGTCCTCGTCGAAAATCACCACGGCGTCGACGCATTCAAGGGCCGCCAGAACGGCGGCTCGGTTCTGCTCGCTGTTGATCGGACGAGTATCGCCTTTCAGATTTGTCACCGAGCGGTCGGAGTTGAGGCCGACGATCAAACGATCGCCCAAAGTTCTGGCGCGCGTCAGCGAGTCGACATGGCCGGCGTGAAAGACGTCGAAGCAGCCGTTCGTGAAAACCACTTTTTCCCCTTGTTCCTTCCACGCCTTCACCCGCCGTACCGCCGCAGTCGCATCGAGAATCTTCTGCCCGCCGGAGGGCGGATGTTCTTTCGCCTGGGAGAGGCACAGACCTTTCAGCTCCCGACAGGAAATCGGATACGTACCGGCCTTGCCGATCACCACTTGAGCCGCCGCATTCGACAGCCGACAGCAGTTCCGCCAGTCGACGCCGTAGGCG
NZ_CP133038.1_gap32	1244545	1247099	2554	AGCAAAATGTTGTGATGGCCGGCCGCCGCGATTTCGAGAGCTCTTCTCGCGATCATCTGTCCCTTCACGTCCGCGAAATCCGGTTCGACGGCGTTCAACTCCGAAGGCGGCATGTTCTTGACGACTCGGCTCAACTCTTTCTCGTGACGCAGAAAGAGCAAAAGATCTTTCAGCGTCGGCACGCTGTACGCCTCAACGCCGTCGACCAGCGCCACTTCCGCGGCGTTGCCTTCGGGACAGAAAAGCGGCAGGGCCAGCGAACGCGCCAGCATCGCCGCAGGGACCGCGCCCCGGACGGGACGCACCCGTCCGTCCAGCGCCAGTTCGCCCATATAAATCGCCGCGCCGGGCGGAGAACAATATTCCTTCTCGCAGGCCAGAGCCACCGCGATCGGCAGATCGAGCAGACTCCCCTCCTTGGGCAGATCGGCCGGAGCGAGATTGACGGCGATGCGGCCGTAAATGGAGATATCCAGCTCGCGTAGCGCCGCGCGCACGCGTTCGCGCGATTCGCGCACCGCCGCGTCGGGCAGCCCCACGACCGAAAAGGAGAACATCCCCGACGTGATCTCCGATTCCACTTCCACCGGCAACGCTTCGATGCCGCGCAGCGTGATGCCTTGTATTTCAGCAGCCACGGTCATCCGCTCCTTCCATTTCCAGATATCTGAGCCACCGCAAATGCCAGCGTTCATGATCCACGTCGACGCTGACCAGATCCATCCGCCATTCGCCGCGCCACCGACGCCGCAGCGTATAGAGCTCGGCGCCGCGGACCAGGCGTTTCCATTTCAGCGGTCCGATCGAATCCTGCGCCGACATGACGGGATTTTTGCGCCGGCAGCGCACCTCCACAAAGACGAGCACGTTCCCTTCCAGAGCGATCAGATCCAGCTCGGAGAAGCGTTCTCTGACGTTGCGTTCCAAAATCTTCAGCCCTCGCGCTTGCAAAAAAGCGGCGGCCAGTTCCTCAGCCCACCGGCCGACGGCCGCGCGCTGCTTCGCCAGAAAAAAAGCCCGCTCGGCCTGCGTCAGGATACCGCTCTCGGTATCTTTCGCAGGCCGCGCAGGCTTCAGCAGCCGGCCGATCCGCTCTTTAAGATTCAACGTGAGTTGTCTCATGACAGCGCCTCTTGTAAAGAAATGGGGATTCGCAGGAAGGTTACCTCCAGGAAAAACTTCTTCTATGAATCGGCGTTGGCCCCAGTTCGGCAATCGCGCGGCGATGCGCCTCGGTCCCGTAACCTTTGTGCCGGGCAAAGCCATAATCGGGATAGATACCGTCGTAGACCGTCATCACGCGGTCACGAAGCACTTTGGCGACGACGGAAGCCGCGGAAATCTGCGGATAGATATCGTCGCCGCCGACGACCGCCTGCTGATAGACGTTCAGGCCGGGGATCTCCTGGTTGCCGTCGACGATCACGCCGTCGACGTCAAGCGGGAGCCTTTCGACCGCACGGCGCATCGCCCACAAAGTCGCCCGCAGGATGTTCAGCCGGTCGATCCGTTCGGCCGGCGCCGACGCGGCGCGCCAGACGACGTTCAGTTCGAGCATGCGCGCCAGTACTTTTTCGCGCCGCGGCGGCGTCATTTTTTTCGAGTCGCGGAGCCCCAGACCGACCAGTTCTTCCCGCTGCGCTTCCGTCAGCACGACCGCCGCCGCCACGACGGGACCGGCCAGAGGGCCTCGCCCCGCTTCGTCGACCCCTGCCAGAATCACTCGTCTTCATCCCCATCTTCCGGCGCCTGAAGTCTTTCGGCCGCCGGCATCGTCGGACTCTCCAGCGAAAGATTGCCCAGCTTCCCCGTGGAGAACGATTCGAGAAAACGCCGGCCGGCGAGCGTATAATCGACCATCCCGCCGCTGACGAGACAGCCCAATCGGCGTCCGACGGCTTCGAGAACGGCCGCCGTGTCTTCCGGGTCGGCGGGGACGCCCCACTTCTCTTCGATAAAATGCCAGAGCCCCTGCCGCTGCAGATAATCGATCAAAGAGCAGGCGACCGTGTCGTAGCCGCCGATCACGTCCGCCTTGGAACAGCCGAGCCAGGCCAGGGCCCTTTGGACGGCCGCGCCCGAGCGCGGATCGAGGATGCCGGGCGAATCGACGACCAGAAAATCGCCGCCGCGGTACCAGGAAACGCCGCGGGTGATGCCGGGGATGCCGCCGACCGGCGCGGATTTTTTGCCGATCAGCAAATTCAGCAGCGCCGATTTGCCCACGTTGGGGATCCCCACGACCGCGACCCGCAGCTCGCGATATTTGGGCTTGCAGCGCGTGAAGGCCTGCTTCAAAGGCGCGATCTGCCGTGACAGCAGATCGAACGCCCACGCCTCGCGCCTGTTATTTTTATAATGACCGAGCCATTGCGCCGTGATGTCCTTGTCCGCCAGATCCCGTTTGGTCATGACGATCCAGACGGGCCGGCGCCGCGCAAATTTTTTCGTCAGCGGCGACGCGGTCAGCTCGGGGGCGCGCGCGTCGCGGACCTCGACGATCACGTCGAGCTTGTCGAGAAGTTCTTCCAGCTGCCGGGTGCCCTTGGCCATG
NZ_CP133038.1_gap33	1261131	1263036	1905	GCGCCTGAGCCGCACCTATGCGGCCCGCATCGAACCGGTCGTCGGCGCCTGGACGGACGTTCCCGCGCCCGACGTGAACACCAACGGTCAGGTCATGACCTGGTTCATGGACACCATCAGCCGCATGCGCGGTCGTCTCGAACCGGCGATCTTCACCGGCAAGCCCATTCCCCTCTGGGGTTCCAAAGGCCGCAACGCGGCCACCGGCCTTGGCGTCGCCACCTGCGCCATCGAATTCATGAAGGCCCTCGGCAAGGACATCAAGGGCATGAAGTGCGCCGTGATGGGATTCGGCAACGTCGGGTCCTTCGCCGCCAAGACCCTCGCCGAAGCCGGCGCCAAGGTCGTCGCCATCAGCGACATCACCGGCGTTTACTACAATGAGAACGGCATCGACATCGCCAAGGCGTTCAAACTGATCGCTTCCAACCCCAAGAAACTCCTGACGGGTCTTGACAAGGAACCGGGCGTCACGATGATCAATTCCATCCAGACGTGCGATTGCGACATCTTCCTGCCCTGCGCGCTGGAAGGCGTCATCACCGAGAAGAACGCCGGCGACATCAAGGCCAAGTACATCGTCGAAGGCGCGAACGGCCCCACCACGCCCGAAGGCGACAAGATCCTCGATCAGAAAGGCATCCTCGTCGTTCCCGACTTCCTCGCCAACTCCGGCGGCGTGATCGGATCCTACTTCGAGTGGTGCCAGGATCTCGGCGGTTTCTTCTGGTCCGAAGAGGACTACAACAACCGTCTGCTAAGCATCATGAAGGACAATTTCAAGAAGGTCTGGGACTACGCTCAGACGCACAACGTGAAGATGCGCCGCGCGGCGTTCCTGGCCGCCATCAAACGCGTCGCCGACGCCACGGAAATGCGCGGAGTGTATCTCTAGGTTTTACGGTTCCTCCGTCGTGAGTTATCACTATACCGAAGCAACAAAAAAGGACTGCTGAAAAGCAGTCCTTTTTTGTTGCTTATCATTGCCTCAGCGCTTCAAGAAAAGCGTCTTCACGTCGATCTCCTTGTCGATCATGCCGTTGTCGAGCAGAAACTGTTCCGTTTTCTTCAGGTCTTCGACGTCTTTTTCGGAGACGTCCATGGCGAAATCGTACATGGGGAACATTTCCTCCACGGCTTCCACGCTCAGGCCGGTCGCCTCGGCCGTCATCTTCATGGCTTCATCGTGATTTTCGGCGATGAACTGCAGGACCGAGCGCTGCGCCCTCTCGAACGTTTCGACCAACTCTTTGTTCTCGTCGTAGAATTTCTGGCTGGTGGCCGTGGCGATGAGTGCCGCGATCAGTCCGTCGCCGTCGGTGATCAGATGTTTGCCCGACTTCATGCAGTTGTAGGCGCTGGGGCCGGCCTGCAGCGCCGCGTCGATCGTGCCGCCTTCGAGGGCGGCCAGCGCCGCGGGGATCCCCATGTTGACGAATTTGACGTCGTCGATGGTCAGGCCGCCGGTTTTGAGGTATGCGACCAGCAATTCATGCAAATTGGTGCCTTTGGGACCGGCGACGGTCTTGCCCTTCAGCGCCGCCGGCGAATCGATGGCCGCGTCGTTGGAGAACAGCATGAACGCCTTGGGCGAACGGCTGTACATGCTGATGATCTTGACGTCGGCGCCGTTGGCCGCCGCCAGGATGACCGAGGTGCCGCCGACGGCGTTGAGGATCTGCAGGTCGCCGGAAGCGAGGGCCGCCGTCTGCTGCGGTCCGGCGGTCAGGTTGGCGTAGTTCACCGGCAGGCCCAGTTCTTTGAAGTACGAGGCAAAGCTGCCCCGCGCTTTCTCGACGATGGAAGGCACGTTCAGCGGCGACTGCACGTAGGTGAAGTTCATCGACTCGACCGTGCGGGCTAAACTCGCCGTCCTCAAGCCGCCGACATTCAGCGCCAACGAAC
NZ_CP133038.1_gap34	1305194	1307127	1933	AGACGGGTACGGACGCAACGACTACATCCCCACCACCAAACCGATCGTCGTCGTCACCGCGCCGGGCCCCGGCAGCGGCAAACTGGCGACGTGCCTTTCACAGATCTATCACGATTACAAACGGGGCATCCATTCGGGCTATTCGAAATACGAGAGCTTCCCCGTCTGGAACCTGCCGCTCAAGCATCCGCTGAATCTGGCCTACGAGGCGGCGACCGCCGACCTCGGCGACGTCAATCTGATCGACCATTTTCATCTCGAAGCCTACGACCGAAAGACCGTGAACTACAATCGCGATCTGGAAGCCTTCCCCATCCTCCAGCGGATCCTCTGCCGTATCACCGGCGGCGACGCGGGCTACAAATCCCCCACGGATATGGGCGTCAACCGGATCGCCTGGGGGATCGTCGACGACGGCGCCGTGCGCGAAGCCTCCTGTCAGGAGATCATTCGCCGCTATTTCCGCACTTCCTGCGAGGTCGCGCTCGGTCAGGCGGACAAAAATTGCCTGCAGCGCATCAGCCTGATCATGAAAGAGCTGGATCTTCTCCCCGAATACCGCCGCGTGGTGATCCCGGCGCGGGAGGCCGTCAAGGAAGGCCAGGCACGCGGCAAAGGCGACGGCGGCATCTTCACCGGAGCGGCCATCGAACTGGCCGACGGCGCGATCGTGACGGGAAAGAATTCTCCGCTGCTCCATTCCTCTTCCAGCGCCGTGCTGAACGCAGCCAAGATCCTCGCTCACATTCCCGACGATATCGACTTGCTGCCGCACAACATCCTCCAGTCCCTTTCGTACTTCAAGAAAGAGATTTTCGGCGAGAACAAGCTGGCCCTCGATCTCGAGGAAACCTTGCTCGCCCTCAGCATCAGCGCCACTTCCAACCCCGCCGCCGCCGCCGCGGTGGAACAGCTGCGCCATCTGAGGAACCGGGAATGTCACCTTTCGCACATCCCGACGCCGGGCGACGAGAGCGGTTTCCGCAAACTGGGCATGAATCTCACGAGTGATCCGTCTTTCTCGAGCAAAAGTCTTTTCGACGAGTAAAAGCCGACGGCGCGCCGTCGGCTTTTCTTTATGCTAAAATTGACTGAAACTGAACAGGAGCTTTCGAGTATCGGGAGGTGATCCTTTTGGCTTTCACGGCCAGAAAATCCTTTGTTGCGGCCGGCGCACTTTTTCTCGTCTGTTCTTCGCTCTCTGCGGCGTTCGCCGTCCCAGACGCCAGCGTCACGGCCACAACGGTTCCGCAGGTCCCGGCGCCGGCAGCGGAGGATCAGAACCATCGCCGCTCTTCCGCGGGGCCTGCGCAGCTTCCTCGCTTTAAGGGCGTCGGCAACGCCCACGGCAAAGTCGAGACGGGATTCGTGCGCGAAGAGAAGTCCCACGATCTTCTTGAGGACAAGGAGCAGCAGAGCGGGATCAAGTTTTCCCCGGGGATCCAAAAACTTGTCGATAACGCCGGCAAGACGATAAAGGACATCGACGAAGCGACTTTGAATGCCGTGCAGGCACCGCTCGGCCTTTTGGGAATCGAGGCCGAGAGCGCGAGAATTCGCCCTTCTCACGGCGGCGTCGGCCTGGGGATCTCGATAAAACTGGATAAAAAGAAAAAGCACGCGGAGAATGAAAACGAAGCCGCGCCGGCACGCCACGAGGGAAACGAACTCTACGAACTCCTCGCTCCTCAAAACGGCGGCACCCATTCTCCGTCCGGCTTTTAGAAAAGGAGACCATGCACATGTTCACTTCTACGATAGCGCCGTTGATCCTTTGTCTCTGTGCCCTGGCATTTTTCTGGCTGGGTTTTTCCTTTCGGCGCGCCGGCCGTCCGGGAAAAGCGGCGTTCGACTTCGTCTGCGGTTTCTCCCTGCTTATCGTGCTCTACTACATTATGACCGAATTTCGCTAAGCCAAGTGACAGAGGGATGC
NZ_CP133038.1_gap35	1381241	1383765	2524	CGTCTGCCCCAAGCAGCTTGCGCGCATGCGAAAGCGCCTCTTCTTCCTGGTCGTTTCCGGAGAGCATCCGCGCGATCTCCCGGATCCGCTCTTCCCCCTCGACGCGCGTCACGGTGGAGAGCGTGCCCCGGCGCGTCACGCGGTAATGTCGGTTTGCCAGCGCCGCGATGCTGGCTTCATGGGTGATCAGAATGACCTGGACGCGGTCGGCCAGCTCGCGCAGCTTCAGGCCGGTCAGATAGGCGGCCCGTCCGCCCAGCCCGGCTTCCACTTCGTCGAAAACGACCGTGGGCGGCATCAGTTCATCGGGAAGCGAGATCTGGATGGCCAAAAGGATACGGCTCAGCTCGCCGCCGGAAGCCGCTTTCGCTACCGGAATTTCCTGATCGCCGCGCCGCAGGACGAAATCCACCTTCTCGGCGCCGTTTGCTTTCAGTTTATTCGTTTCGGTGATGCGGATGCGGAACTGCGTGTTCTCCATCGCCACGCCGGCGAGATTCTCGCTGACTCGCTGCTGAAGCGCCAGCGCCGCCGCGGTGCGCTGCTCCAGCAGCGTACGGGCTTCCTTCGCGACGGCTTTCTTGGCGGCCGCGATTTTCTCGTTCAGGTCGGCCTGGATTTTTCCCGATCCGGCCAGCCAGCGCGATTCTTCCTCGCCTTTATGCCAGTATTCCAGCAGTTCCTCGACGGTGTTCACCTTGGCAAGGCGCTTGCTCTTGCGAATCTGACCGAGGGAAGCTTCAAGAGCTTCCAGTTCCGCTTCGAGATTCTCGAGCGCTTCCGAAGAGGCCAGCGCGCCGATCGCTCCCGCAAGGTCTTCGAGAACGGCGATCGCTTTTTGCGACATCTCGCCGAGCGCCTCGCGGTTCTCGCAGGGCACGAGCTCGGAAAGGCCGTTGAGGACGCCCGAAAGCTCGGAGACCAGTCCGCCGCTTTCCTGGTTCTGCAGCATGCGGAAGCGGCCGCGCAGCTCGCGCAGGCGTTTGAGTTCGCGCTCCGTTTCGGCGAAGTCCTCATTCAGCCGTTCTTCGCTGTCGGGCTGCAGACCGGCGCGTTCCAAAAAAGGCGCGATCTCGGCCAGCGCCCCGTACGCCGAGGTGATTCCCTGTTCGCGCTGTTTGTTGCGGCGCAGTTCCCGCTCGCAGTCCAAGACTTTGTAAAATTCCTTTTCGAGCCGGACCTTCGTCTCTTTCAGCCCTTCGCCGCCGCAGGCGTCGAGGATTTTGAGCTGACGGTCGGGGTCGAGCAGCTCGAGCTGGGCGAACTGGCTTTGGATCGTGAGCAGCCGGGGAGCCAGATCCAGGACGGCGTTCAACGGCACCGTCCGCCCCTGGACGGAACACCTGCCGCGCCCGGAGCGCGACAGTTCGCGCCGCAGCGCCAGCGAACAATCCTGAGGCTGCAGCTCCTCGCCGACGCCCTCCAGGCGGTCGGGCTGATAAAAGAACGCCTCCGCGACGGCGATCTCATCTCCGGCGCGAATCGTGCCACTGGAACTGCGCTTTCCACAGACCAGTTCAAGCCCGCGCACCAGACTGCTTTTTCCGGCCCCGCTCTCCCCCGTCACCGCCGTCAATCCGGCGCCGAAGCGCAGCGAAACCTGCCCGATGCCGCCCACGGAAACGAGTTTCAGCTCTTCAAGCACGGCGGGCGCTCCTTTCGGAAACTGGATTCCAGCCCCACAGGAGCTTTTCGTGGAGCAGATCGTAATAGTCGAACTGAGGCAGCGAGATGGTGTTGACGCCGTGATCCCTGGAGAGCCGCACATCGAGACGATCGCGGCTGGAAAAAGGGTAAACGTCGGCGCCGTCCACCGTCAAAAACAGCTCGGAATTTTCCGTCGGGCGCAGCGTCAGGCAGTCGTCCGGCCCCAGCAGCGTGGGGCGCGCATATAACGTGTGCGCGCAAATGGGGACCAGCAGCATGCAGTCCAGCGACGGCGGCACGATCGGCCCGCCCGCGGAAAGCGCATAAGCCGTAGATCCCGTCGGCGTCGAAATGATCACGCCGTCGGCGCGGTATTCGCATATCGGCTTCCCCTGCACCTGCACGTCGAGAGAGACCAGCCGCGCCTGGATCCCCTTGCTGAGCACGAGATCGTTGAGAGCGAAAACGCGCCGTTCTTTCTCCTCCGTCGCCAATACGCCTTCGAGACAACGCCGCCGTTCGATCTTAAAATCGCCCTTTTCGATCTGCTCGATCTGTTCGCGCACGCGCCGCGGATCGCCGACCGCCAGGAAGCCCAGGTGTCCCACGGAGACGCCGAACAGGTTGATGCCGCTGTGCTGCACCAGATGGGCGGCCTGCAGAAAAGTGCCGTCGCCGCCGATCACCAGCGCCGTCTCCACCTCCGCCAGCCAACGGTCGAGAGGGATCCCGCTCTGACGGAGCGCGGCCGCCTCATCGGCAAAGAGCAAAAAGGGATTGTCCCTCTTTCTTCCCCACGCGCACAGCTCCTCAGCCAGCTGGACCGCTTCGGGCTTCGACAAATTAACAATCAGGCCGAATTTCATCGACTGTCCTC
NZ_CP133038.1_gap36	1411247	1414859	3612	ATGGCAAAGATAACCAACGTCAGTCCCGCCAAAACAAGGAAAACGACGCTGAAGGCGATCAGTGAAAGAGCCGTAGCACCGCCCATTCCTTCAAAGGACGCTGCTAATGTTTTTACTGCTTCGGTAGCGGGCATCGCTCTTCCTCCTCACTAGTTGGGCATGACGCCGTGCTTCTTGCGGGGCAGAGCCTGGCGTTTCGTGCGGTGAGCCTTCAACGCCTGAATGACTTCGTACCGGGTTTCTTCGGGGAGGATGACCTTGTCGACGTAACCGCGGCTGGCCGCCTGATACGGCGTCGCAAAGGCGTCTTCATACTCGCTGATGAGCTCGGCGCGCTCAGCCTGAGGATCCTTGGCCGCTTCGATCTCCTTGCGGAAGATGATATTGGCCGCGCCGGCCGCTCCCATGACGGCGATCTGCGACTGAGGCCAGGCAAGGACAGAATCGGCCCCCAGCGCCTTGGAACACATGCCGATATAAGCGCCGCCGTAAGCTTTGCGCATCACCACCGTGATCAGGGGCACGGTCGCCTCGCTGTAAGCATACAGCATCTTGGCGCCGTGACGGATGATACCGCCCCACTCCTGCGCCTTGCCGGGCAGGTAACCGGGGACGTCGACGAACGTCACGATCGGAAGGTTGAAGGCGTCGCAGTGACGGATAAAACGGCTCGCCTTATCAGAACAGTCGATATCGAGGCATCCCGCCATCACGCTGGCCTGATTGGCAACAATGCCGACCGGCATACCGTCGAAGCTGGCATAGCCGATCACGATGTTCTTGGCCCACATCGCCTGAACCTCGACGAACTTGCCGTCGTCGACCACCGCCTTGATCACGTTGTGCACATCGTACCCCTTGTTGGAATCGGTGGGCACCATGGTGCGCAGAGCCATCTCCGTGCGGGAGACGGGGTCGCTCGTCGCCACGCGGGGCGCGTCGCCCATGTTGTTGCTGGGCAAGTAGCTCAGCACGTCACGAACCTGCTGGAAGCATTCCTGCTCGGAAGCGGCGAAGAAATGCGCGTTGCCGGAGCGACTGTTATGAGTTTTGGCGCCGCCCAGCTCCTCGCTGGAAATCTCTTCGCCGGTCACCGTCTTGATGACGGCGGGGCCCGTGATATGCATGATGCTGATCTTGTCAACCATAAAGATGTAATCCGTCAAAGCGGGGCTGTACACCGCGCCGCCAGCCGTCGGACCGACGATGACCGACATCTGCGGGATGATGCCGCTGGAAATGGTATTGCGGTAGAAGATTCCACCGTAGCCGTCCAAAGCGTCAACGGCTTCCTGAATACGAGCTCCGCCGCTGTCGTTGATGCCGACGATCGGACAGCCGTTGCGAAGGGCAAGGTCCATGACTTTGCAGATCTTGGCAGCGTGCATCTGTCCCAGAGAGCCGCCGAGAACCGTAAAGTCCTGGCTGAAAACGTAAACGATGCGTCCGCCGACCGTGCCGTAGCCCGTGACGACGCCGTCGCCTAAATATTTTTTGTTCTCCATGCCGAAATTCGTGCAGCGATGTTCCACAAATTCGTCGAGCTCGACAAACGATCCCTCATCCATGAGGAGATCGATCCTTTCACGAGCCGTGAGACTGCCCTTGGCCTTGTGCTTGGCAACAGCCTTCTCGCCGCCGCCGGCCGCCGCCTTGGCGCGCTTGTCGAGAAGCACATTGCAAAGCTCATCGATGGTTTTTACCGCCATACTGGTACCTCCTTGAAAAATATGAACTGCCGTTAACGCCGTTTATCTTTAACGCTCATCAGACGTCAATCCGTGAGGCGCTTGACAAGAATGGAGCTCGCCCTTTCCTTCGCCGAAAAAACAATAATCATACTCTATCAGTAATTCGGGCAAAGTCAATCACGAATCGCTCCTTGTTTTCCCGTGCGCACGAGGGCTGCGGAGGAAAGCGGGAACCGCCTACAAATAATAACAGAGAATAACGAAAAAAGCTCTTATTCTTCTTGCTGAATTCTTAAAAAAATGCGAGAAACACGTCCGACAGAATTTTAAACATATCGAAAACCAAGGAGCGCTCCGAGAAACATCATCAAACCGCCGACAAGGCAGAGCCATAAGATCGAGCGGAGATAAAGCAACATCGCGCCGCCCCCGGGGTAACGGCCCGTCTGAATGCCGCGGATCAGCTTTACAAGGAAGAACGTTGCCGCAAAGAAAACAAGGCCCAACAAGGCCTGAAAATTTAGGGCCGGAAGCCCCATGATGATCTTTTTTTCCACGTTGTCCCTCCTGGGTGCGAATATACGACGATAATATCACAATCCAATATTCCCATGGCAACGAGTTCAATGATTGCGGCAATAATACTCCTCCATCAGTCAAAAAGCCGGACGCAAGGGCGCCGCGAGGAAGACTCACAAAGCGAGCGTCGCAGCGTACAGAAAACTATGTCACTGCGCTCTACCGAGAATCATAACCACCGGCCGTGCCGGTGGTTTGCACAAGCCCCCTTGGGGCATCTTCCCAGCCGAGCCTATAGGCTCATCGAAAAGTCTGTCAGCCGCACAACTCTCACAGGCTGCCCCTAAAGGGGCTCTCTACTTGCCTTCCTGTGCCGGCTTACCCGTAAACGGGTCAACGTACTCTTTGATCGTCAGCTGTTCCTCGGCATGATCTTCCTGTAATTGATTCCTGATGGAGGTCTCTATTGCATTCTTGTTGCGTCCTACCGTGCTTACGTAATAACCGCGACACCAGAAATGTCGATTGCCATATTTGTACTTCAGATTCGCGTACTTCTCGTAAATCATCAGACTGCTTTTACCTTTCAAGTAAACCATCACCTGTGATATGCTGTATTTGGGCGGTATACTCAGGAGCATGTGGACGTGATCTTTGCATGCTTCCGCCTCCAATATTTCAATTTCTTTGTACGCACACAGTTTTCTCAGCATCAGGCCAATGTCTTGTTTGATCTTCCCGTAGATGATCTGGCGGCGATACTTCGGCGCAAATACCACGTGATACTTACACTCCCACTTCGTGTGTGCTAAACTACTTATGTCAAGTTTCATCAGGACTTGATCCTCCTTTGGTTTGGCTTGGCGGCTGACAGACCGTTCTTACTTTACCAAAGGAGGAGTCCTTTTTCTCCATAGCTAAAGCCTTTTGGAACCACCGGCACTGCCGGTGGTTTTCGTTTTACAAAAAAAGACAGGCAGAAAGAAAAATTTTCTGCCTGTCTTTTTTACTGTTCTCGACGCGCCTTTGCGCTACAAAAGGGCACGGAGCCTTTTCAACGAAACCGGTATCAATCCTGAAAATGAATCTGCTTCAATATGTCCACGGCCACCTGAAGCGCCCGCTTGCCGTCCGAAATCCCGACCAGCGGCTGGCGCCCCTCGCGCACGCAGGTCATGAAATGCTGGAGCTCCTGCTTGAGCGGCTCTCCTTTCGGCAACAAAGGATGTTCGATCACTTCGATCAAACTTCCGGCAGCCGACGTTTGCGGTGCATGATGGACCATCACGTCCTGAGTTTCGAAGTTCACGGAATAATACTTGTCGCGGCACATGACATCCATCTGGCGCAGGCGGCGCTCCGCCACCCGGCTCACCTGAATGTCGGCGACCGCTCCCGACTC
NZ_CP133038.1_gap37	1596472	1597625	1153	CCAGACATTTCTGGAACTGCTGGCAGAAATTGAAGATTTCCGCACAGGCAACGCGATCCACTATCGGCTCCAGGATATCCTTCTGGTCAGCGTGCTGGCCGTGATCTGTAACATGGATACCTATACGGAAATGGCCATGTTTGCCGATCATCAGAAGAAATATCTGGCGCCGTTCTGCGACTTCCGCCACGGCACCCCTTCTCACGATACCTTTGGCAAGGTGTTGAGCCGCCTCGATCCCCGTGTGTTGTCCGAACGCTTCAACGCCTGGATGAGCGAGCTGTACGTCCACCTGGGCAAGCTGGCGGAGTCAAGAGGCATGACCGTCGCCATCGACGGCAAGACCATATGCCGCAGCGGCAGTTCCGAACAGAAAGCCAGTCACGTGCTCACCGCTTTTGCCAGTCGGGCGCAGCTGGTCCTCGGTCAGATCAAGACCGACGAGAAGAGCAACGAGATCACGGCTATCCCCGAACTGCTGGATCTCTTTCAGGTCAAAGACACCGTCGTCACCATCGACGCCATGGGGACGCAGAAGGACATCGCCGCCAAGATCATCGAAAAGGGCGGAGATTACGTCCTCGCCGTCAAAGGCAATCAGAAGAAACTGCACGACGACATCATCTGGCACCTGCGCAGCGAAGCGCAGGACACAAGCACAAGAGAACTCAAAGCCAAAGGACAGTATGCCAGCACCCTGGAGAAGGATCATGGGCGCATCGAGAGAAGAGAATGTTACCTCTCCGACGACCTGAGCTGGTTCGAAGGACTTGAAGACTGGCGAGGCATCACGGGCGTCGCCTGGATCCACAACACCCGGAACGTCGATAACAAGACCAGCACTGAAGACCATTACTTCATCTACAGCCTGAAAGGAGCCCGGGCGCAAGACCTTCTGCGCATCAAGAGAGAGCACTGGGCGATCGAGAACAACTTACACTGGATGCTGGACATGGCCTTCAGGGAGGATGACTGTCGGGCGAGAGCGAAGAACGCGGCGGAAGTGATGAACATTCTGCGAAAACTCGCTTTGCAGATGCTGAAGACCTGTGAAACATGCAAATGCGGGATGAGGAGCAAGCGCAAGCTCTGCGGGCTTGGCATTCCTACGGCTCTGCAGGTCCTGGGACTCGTCCCTACGGGGGTTCTTATT
NZ_CP133038.1_gap38	1601781	1606532	4751	TCGGCGGCGACCGGGACACGTGGGAAAAGATCCTCGCCTCGCGCGGGCAGCCCCGCAACGGGCACGCGCCCTGCCTGAGGGGAAAAGAGCTCAACGCTTACCTGCTGTCGCGCTGCAACTCCGACCATGAATGCAGCTCTTACGAGGAAGCGCTCGACAAACTCCGCCGCGGCTGCTGGGTGATGCTGCGCCAGGGAGCGACGGAACACAATCTGGCGGCTTTGGCGCCGCTGGTCGCCGAAGACGAACGGCGGGCCAGCCGCTGCATGCTGGTCAGCGACGACTTGACCGCCGCCGTGCTCCACGACGAAGGGCATCTGGACCGGATCCTGCGCCTGGCCGTGAAAAACGGCATCTCCCCCGTCAGCGCCCTGCGCATGGTGACGCTGAACCCGGCGGAGTTCAACCGCATTTACGACCTGGGGGCCATTGCGCCCGGTTACCGCGCCGACATGGTTCTGCTGGACGACCTCGAGGATTTCAACGTCCTTCGGGTCTGGAAGAACGGCAGGGCCGCGGAGTTCCCCCGCCGGGGATCACCCCGCGGCGCGAATCTCCCCGGCGTCAGCGGCAACGGCTGCACGCTGACGGCGGACGATCTGAGGATCCCGGCGCGGGGCAGGCTCCGCGTCATCGAAACCGTTCCCGGCGAAGTGATCACCCGCGAACGGATCGTCGACGGCGCGGCCGTGGACGGTGAATTCACGGCATGCCCGTCCCGCGATCTCGCGAAGATGGCGGTCGTGAACCGGAACACCGCGCAGCGAAGGATCGGCCGCGGGTTCGTCACAGGTCTGGGACTGCGGCGCGGCGCTCTGGGCTCGTCCGTGGCGCACGACGCGCACAATTTCAGCATCGTCGGCATGGACGACCAGTCGATGCTGACGGCGTTCGCCGCCATACGGGAAAAGGGCGGGCTGGTCGCGGCCGACGGAAACGAAGTTTTGTTCCATCTGCCGCTGCCGATCGCCGGGCTGATGAGCGACCTTCCGCCCGAGGAGCTGCTGAGGGATTTCAGCCGGCTGCTGGACGCCGCGAAGAGACTCGGCACGCCGCTCCCCAATCCGTTCATGGTGCTCAGTTTCCTCTCGCTGTCCGTGATCCCTTCGCTGAAGCTGACCGATCGGGGCTACGTCGACCTCGCCCAGGGCGGCCTGGTGCCGCTCGGCGTTCAATAAAAGCTTCTTCGATAAAGACAAAGCGCAAGCAGGCGTTCCGCGCGGAACGCCTGCTTGCGCTTTGTGTGTCGTTTATTTTTCGAGGATCTCTTTTTCCTTTTTCTTGAACTCGTCGTCGACCCGGGCGATGAATTTATCGGTGGTCTTCTGCGCGTCGTCGAGCATTTTCTTGAGATCGTCCTCGGTGATCTCCGAAGCTTTCTCCTGCTTCTTGTAGGCGTCGTTGGCGTCGCGGCGGATGTTCCTCAAGGCGACTTTCGCTTCCTCGGCCGCTTTCGAAGCCATTTTGACGAATTCCTTGCGCCGTTCGCCGGTCAGTTCCGGAACGACAAGACGGATGTTGTTCCCGTCCACGTTGGGCGTCAGGCCGATGTTGGCGGCCAGGATCGCCTTTTCGATGAGCTTGACCGCCCCTTTGTCGAAAGGCGCGATGATCAGCATCCGCGCTTCGGGCACGGTGATGTTCGCCAGCTGTTTGATGGGCATGGGCGACCCGTAATAATCGACTTTGACGCCCTCGACAAGCCCGGGATGGGCGCGCCCGGTGCGAATGCCCTGAAACTCGCCGTCAAGGTGATCGAGCACCTTTGCCATTTTCTCGTCAAGATTGAAATCCGCCATACTGAATCCGCTCCTTTGTCTTATTTGGATACGATGGTGCCGATATTTTTGCCCTCGATCAGGAACGCGCGCAGGCTGCCTTCTTCCAGCACGTTGAGAACGGCGATGGGGATGCCGTTTTCCATGCAGAGGGAAAACGCCGCGGCGTCCATGACTTCGATACGGCGCTGCAGCGCGTCCATATATGAAAGTTTCTCGAATTTGACCGCGTCGGAATATTTGAAAGGATCCTTGTCGTAAATGCCGTCGACCTTGGTCGCCTTGACGAGGCATTCGGCGCCGATCTCCGCCGCGCGGAGGGCGGCCGTCGTATCGGTCGAGAAATAGGGAGAGCCCGTCCCGGCCGCGAAAATCACCACGCGGCCTTTCTCGATGTGGCGCAAAGCCCGGCGGCGGATGTAGGGCTCCGCCACCTGACGCATCTCGATCGCCGTCAGCACGCGCGTCGGAATGTCGTTTTTGCGTTCCAGGACGTCCTGCAGGGCCAGCGCGTTGATGACGGTCCCCAGCATCCCCATATAGTCGGCCTGAGAACGTTCGACGCCTTCATCCACGGCCTGCCGGCCGCGGAAAAAATTGCCGCCGCCGACGACGAGCCCGATCTGGATGCCGTCGGACGCTACCTGGGCGATCTGGCGGCACATCCGGTCGATGGCGCGAAAATCGAGGCCAAATCCCTGGGGTCCGGCGAGGACTTCTCCTGACAGTTTCAGCAGCACACGTTTGAACTTCATGACGGCTCCTCCTCATCGCTTCGCGATCCGCGCTCATATGCCCTTCATCCCGCGCGACTTGATTTTAACATAAATCATCAAAAGAGCGAAACTTTCACAATAAAACCGCACATAAAAAGGCACAGAGCTCATCAGGAACTCTGTGCCACCACATCCTATTCGCCGATGGAAAAACGGGAAAAACGGCGCACTTTCATGTTTTCGCCCATTTTGGCGATCAGGGCGATCACGAGGTCGTTGATCTTCTTGTCTCCGTCGCGGATCCAGGCCTGCTCGAGCAGACAGCTCTGCTCGTAGTACTTGCGGACCTTGCCCTCGATGATCTTATCAAGGCGATCGGCGGGTTTGCCTTCGGCGATCAGCTGCTCGCGGTAGATGTTCTTCTCGCGTTCGAGAACGTCGGCCGGGACGTCTTCCGGAGCCACGTAGGCGGGATTGGCCGCGGCGATTTGCATGGCGATGTCGTGGCCCAGCTGCTGGAACTCGTCGGTCTTGGCGACGAAATCGGTCTCACAGTCGATCTCCACCATCACGCCAATCTTGCCGGTGTTGTGGATGTAGGAGAAAACACGTCCGTCCTTGGCGTTGCGGTCGGCTTTCTTGGCAGCTTTGGCAAGGCCCTTCTCGCGAAGAAAATCAATGGCCTTCTCGGCGTCTCCGTTGCATTCGACCAGGGCTTTTTTGCAGTCCATCATCCCACAGCCGGTACGATCACGAAGCTCTTTCACGACAGCAGCAGTAATTTCCATTATGGCGACCTCCTTCGGAACTATTCGTCGTTGCCCTCGGCGGTAACTTCGCCGTAGGCCTCCGTCAGCTTCTCCTTCATATCGAGGATGGAAGCGTCGCTGGCGGCGGTCTCGTCAGCATCCGGAAGCTGAGCGTCAGACACCGCGCCGTCCTCTCCGCCGCGGCCCTCGATGACGGCGTTCGCCATCAGGCCGCAGATCAGTTTGATGGCGCGGATGGCGTCGTCGTTGCCGGGAATGGGATAATCGATCATCTCCGGATCGCAGTTCGTATCGACGATGGAAATGACGGGAATGTGAAGCTTGCGGGCTTCCATGACGGCGATGTCTTCACGGCGGGGATCGATGACGAAGAGCGCGTCGGGAAGAGCTCGCATATCCTTGATGCCGAGCAGATACTTCTCGAGCTTGGCCAGTTCCTTGCGGAACAGGGAGATCTCCTTCTTGGTATAGTCGCCCCAATCGTTGTCGGCTTCGTGCTTTTCAAGCTCGATCATGCGCTGCACGCGCTTGCGGATCGTGGCGAAGTTGGTCATCAGGCCGCCCAGCCAGCGCTGATTGATATAGAACTCGCCGCAGCGCTGCGCCTCTTCGCGGATCGTGTCCTGCGCCTGGCGCTTCGTGCCGACGAAAAGCACCGAACCGCCGTCCTTGGCTACCGAACGGACGAAATCATACGCCTTCTCCAGACCTTTGACGGTCTTCTGCAGGTCGATGATGTACACGCCGTTGCGCTCCGTGAAGATGTAAGGCTTCATCTTCGGGTTCCAGCGGCGCGTCTGATGTCCGAAGTGGACACCGCACTCAAGAAGCTGCTTCATGCTGACGACTGACATTCAAAAATTCCTCCTCGGTTATCCTCCACCGTATTCCAGCAGGCTTGGGACCCTCTCGCGAAGGGCACCGCCCCTCAGCCCTCGTACGGTGTGCGTTTTTAAAACCGATTCATTATACCATACCGTTCCGTCATTGCAAGAGCTCGTGCTTCCACGTCAGCGCCGGGATGAGTTTTGAAATTCTTCAAGGTAAATGCAACGCAACATCCGGTACCCCGTTGCATTAAATCTGAATTAAAAGAAGCTTGCATTTAGTCTGAATTGATGAAAGAACTTTCTTACGAGACAACAGATCTCGGAAAGGAGTTCATCATCATGAACAAACATTTGACTCTGGCTGAAAGAAAAGCCATTGAAAGCGCCCTCAACCGGCGAGAATCTCTCAGAAGTATTGCCTCAACAGTTCTGAAGTCGCCGAGTACGATCTCCAGAGAGATCAGAAAACATGCAGAGACTGTCTTCAAAGGCTGTTATGGCCGGACAGCAAACTGCTGCCTTCACCGGTATGACTGCTCCGTTACTTCCCTTTGTAACACCTCTCCGAAATGCCGTTCACTGTGTTTCCGGTGCTCAAGATGTAATACTATTTCATTATAGTATAGCCAAAGTATCCGTACCTCAGTTATAATGCAC
NZ_CP133038.1_gap39	1607547	1609047	1500	ATTACCGCAAGACAATGGATTGTTATGTGCTTTAAATGAGAAATAGTATAATACGATGTGTCCTGACTTTAAGGAGGAGGTCTGCCCGCAGCTTTCGGTTCCTCCGTATGTCTGTAACGGCTGCCCCAACCGTCACCGCTGCACTTTAAAAAAACGGATCTATTCTGCTAAATCTGCAAATGACTCTTACGAGAAAACTTTGCATGAGGCTCGTGAAGGCTTCAATATCTCCGATGCCGAGCTTGCAGATATTGATTCTTTTTTCTCTCCTCTCATCAAACAGGGGCAGTCTCTCTATCATATTATCCGTAATAATCGAGATACTGTTCCCTGTTCTGAAAGTACCGCCAGACGGCTCCTGCTTTCGGGTATTTTAGAGGCACGGAAAATAGACTTGCCCCGAGCTGTCCGTTTTAAGAAGAGAAAGGGAAAAAGAAATAACATGAAGGTGGATAAAAAATGTCGTGAAGGCCGTACCTACAATGATTTTCTCTCTTTTTCGGAGAAACATCCGGACATGCTTATTACCGAAATCGACAGTGTCGTTGGCACCGCAGGAGGAAAAGTTCTTCTGACTGTCATCTTAAGAAACTGCAACTTTATGCTGGCTTTTTTGAGAGATAAAAATACTGCTCAATCTGTTGAGCAGATTTTTACAATGCTCTTCACTCTTCTGGGCAGGAAACGCTATAAGTCCATGTTTCAGGTCCTTCTTGCTGACAACGGTACAGAGTTTTCCAATCCGACGGCTATCGAAAAAGGTCCGGACGGAGAAAGAAAATCATATATGTTCTATTGCAATCCACAAGCACCGCAGGAAAAACCGAAGGTTGAAAATAATCATACTCTCATTCGAAGGATCCTTCCCAAGGGAACAACTTTCGACAATTTATCCCAAACTGATATCAACCTGATGATGTCTCATATAAACTCATACGGGAGGAAAAAATTTAACGGAAAATCTCCTGCAGAGATCTTTATCAACCTGTATGGCGAGGACGTATTGCATTTACTCGGACTCGAACTTATTCCGCCACAGGATATCTGTTTAAAGCGGACTCTTCTCGCCGGTAAATAACGGCTCCTTTTTAATTTCTTGATTGCATTAACTCTGAACTGAAAATTTTGCTTTCAGTTGAGGATCACTTTTGTATGCACTTTTTTCGGACAATTTCCTCGTAACAGCTTTTCATCCCCTTGAATTTGTTCCGTTAGCGCAATCTTGATCGTTATTATGTGTTCGTAATGACTGCTTGCTGCTTTTGTCCTGTTAAAGTAAATGCAACCCCGTCGCATTTACTTTGACGAGGTTGCATTTACTCTGAAAATTTACCCCGGGATGAGTTTTCCCGCTTGACGTGCAGCCCCCTTCATGTGATACATTGAAGTCGCGAGATCATATCACACGTCAGAATCGACATGGGGAGTTCGCTATGGAATACAGACCTCTCGGGCACACCGGGCTTTCTGTCAGCGCGATCGCGTTGGGGTGCGAAGGCT
NZ_CP133038.1_gap40	1780182	1782812	2630	AAATGGCGACGAGATCGGCAAAGCGGTCGGGCCGCATCTTTTTGATCAGGCGGCGCATCCCCGACGATTCAAGCTGAAATATGCCCAACGTATCCGCGTTTTGCAGCAGCCGATAGACTTCGGGGTCGTCGAGCGGCAGACGGTTCAGATCGCCGAGCGTCGTGCCGTTGCGCTTGACGTTGGCAACCGCCTCTTCAAGGATCGACAACGTCTGCAGGCCGAGAAAATCCATTTTGACAAGGCCGAGACTGGCAACGGGATCCATGGAAAACTGGGTCGCGACCTGCCCTTCTTCGATCTGACGCACCGGAACGAGATCCGTCAATGGCTTGGGGGTGATGACCACTCCCGCCGCATGCTGAGAGCAGTGACGCGCCAGCCCTTCCATGCTGCTCGCGGAAGCCAGCAGCTTCGATATTTGCGGATCGCTCTTTTCAAGATCCTGCAGGTCCGGCGTCTGTTCCACGGCTTCCTTTATGCTCTTGGCGCCGTCAGGCACCAGATTGGCGACCTTGTTGACGTCCGCATAAGGCATTCCCATGGCGCGCCCGACATCCTTGATGGCCTGCTTGGATTTCATGCGGCCGAAAGTGATGATCTGCGAAACGTTTTCCACGCCATATTTATCAACCACGTACTTGATCAGCCGATCGCGCCCTTTGTCGGAAACGTCAGTATCGATGTCGGGCATGGAGACTCGTTCTGGATTGAGAAACCGTTCGAAAATCAGGCCAAACTTGAGCGGATCCAGTTCGGTGATCTTCATGGCGTAGGCCACCAGAGACCCGGCCGCAGAGCCGCGTCCGGGGCCGATCGGGATGCCGTGGGATTTGCAGGCGCCGATCACGTCCGCGATGATCAGAAAGTAGCCGGGAAATCTCATCTGCTTGATGATTCCCAACTCATAACTCAGACGATTTTCGTATTCATCGGGAATCGCTTCGACCCCAAGGCGCTCTTTCAAGCCTTCCCGCGCTTTCTTTCCAAGGTACGTGTCGAGCGTCATCCCTGCCGGGATTTCGAACTTGGGCAGTAAATAATCCCCGGTGTTCAGGGCAAAATCGAAGTTGCACCGCTCCGCGATCCGCAGCGTATTCTCCAGGGAGTCGGGAGCTTCGCTGCCGAAATACCCCCACATCTCCTGCGCGGATCTGAAATAGAAGTCATTCACCTTGAAGGACATGCGCCCAGGATCCGTGATGACCTTTTTCGTGCCGACGCACAGCAGCAGTTCGTGCCAGTCGTAATCGCCGCTGTCCAAATAATGGGCGTCGTTCGTCGCAATCAACGGGAAATTGCTCTTTCGCGCCATCTCGATGATCAGTTTGTTGACCGCCACCTGCTCAGGGAGTTGATTGGGCATGATCTCCAGAAAGAAATTCTCCGGCCCGAAAATATCACGGTACATCTGGGCGCGTTCCAGCGCCCCTTTTTCGTTCCCTTCAAGCAAAAAACGGGGAATTTCGCCGGCCAGACAGGCGGAAGAACAGATCAACCCCCTGCTGTATTGGGCCAGCAGCTGATGGTCAACGCGCGGCTTGTAGTAAAAACCTCTCGTATTGGCGATCGACACAAGTTTGATCAGGTTGTGATAGCCTTCATCGTTCTCGGCAAGCAGCAGGAGGTGGTTGTACTTTTTTTCTTTATTGTCGATGCCATCGGGGCTGACATACATTTCACAGCCGATGATCGGCTTGACGCCCGCGCTTTTGCACTGTTGATAAAATTCGACGGCTCCATACATCACGCCGTGATCGGTCATGGCCACCGCCGGCATTCCCCACTCGGCGCAGCGCTTGGCCAGGTCGGCGCAGCGTATGGCGCCATCGAGAAGGCTATATTCGGTATGTACGTGCAGATGAACAAAATTCTTCTCTGCGGGCATAAAGATCTCCTTTCATGTCATACAAACACGTTCGAACGCCCGGCTTTCCGCTTCTCAGGAATCATTCCCGTCGGGGGCGTCGTCGGTCTTTTCGTTGGGACGACAGTACAGCAGATCTCCATCCATGAAAGTTCCCCGCAGATACTCCGCAAGCGTACTGTTCCTCGAAGGAGAAGGGGCTGCTTTGTCGGGACGAGATTCTTTTTCTCAAGACGCTCCGAAGCGGCCGTTTCCGCGTCATGGCGCAGAAAATCCGCATACGGCGAGTCCTTCCCGGGCTGATCCTCCGCGAGCGCCAGCTGCAGAGGCGCATTCTCGGGGACAGAACCCGCATCGAGATGATCGAAACGCTCGACGCGGCTTCCACATTGGAGTTTTATGGACTGAATCGCCAGATCGTCCAGCCGCAGGACCGACTGAGCCGCTTTGGCCATGCGCTCGCTGTTCAGCGTCTCGTATGCCTGAACGTCGTCTTCGTTCAGGAGGACGCCCAATTCCCGTCTCTCCCGGTCATACACGATATCCGCAAGACATAACGGCACCGCGACGTTGGGGTGTTTTTCCACGGCGGAAAGAAGAGCGTCTTTCACGTTATTGTGAAGAGGGACCGGACTGCCGATGCTCTCCGCAGGAGGGGCCTCCGCCGCAGAAGGGGAACCGCCGCTCTCCGCGTCGGCGGCTTTTTCGCAAGACGGTATCCCTGTTTCAGGGGCGGTCTGGATCTTCTGCGCCGCCGAGGCCGCGC
NZ_CP133038.1_gap41	1815029	1816432	1403	GCCCGTCGTCGGGTCGAGCCCCGTATAGAACATGCAGGTCGAGAGGCTGCCCGGCGTCGGGATAAAATCCTGCACCTGCTCCGGCGTAAAATGCTGGTCGCGCAGGAACTCCGCCAGTTCGACCGCGTCCTTCAGCGTACATCCCGGGTGGCTGGAAATCAGATACGGCAAGACGTACTGTTCTTTTCCCGCGCGCCGCGTCGCCTCTTCGAAGAGCTTTTTAAAGCGCACGTACTCTTCGATGGGCGGCTTGCCCATCAAACGCAGCACGCGCAGGCTGGCATGCTCCGGCGCCACGCGCAACTGCCCGGAGACGTGATGGCGGCACAGCGCCTCGATAAACTTTTTCCCCTCGGGATCGGCGAGGATATAATCATACCGCAGTCCCGAACGGAGAAAAACTTTTTTCACGCCGGGAACGGCTCTCAGTTTTTCGAGCAGCCGGATGAATTCGCGATGAGTCGCGTGCAGATGCGGGCACGGCTTCGGCGAAAGGCACTGCCGGTGGCGGCAGCAGCCGCGGCGCAGCTGAGCCTCGCAGGCGGGCGCGCGGAAGTTCCCCGTCGGGCCGCCGACGTCGTGAATGTAGCCTTTGAATTTCGGGTGGCGCGTCATCTCGCGGGCTTCCCGCAGGATCGAAGCTTCGCTCCGCGCCTGAACGATGCGCCCCTGGTGGGCGTGGATCGCGCAGAAAGCGCAGCTGCCGAAGCATCCGCGCGTGCTGTTGATGCTGAAGCGCACCTCTTCAATGGCGGGGATGCCGCCGCGGGCGTCGTACATGGGATGGGCTTCGCGGGTAAACGGCAGCTCGTTGACCAGATCGAACTCTGCCGTCGTCAGCGGGCGCATGGGCTTGTTCTGCACCATGTAGCGGTCGCCGACTTTTTGCGCCACCGCCGTGCCGCAGATGGGATCCTGCTCCAGGCTTTGCAGGCGGAACGCTTCGGCATAAGTCGTCTTGTCGGCCGCGACCGCCTCGTAGGACGGGATTTCCACGCAGCCCTCCGGTTTGGACCTTTTCATCACGCAGGTGCCCGGCACCGAGTCGATTTCACGCGCCGGCACGCCCGCCTCGAGCCGGGCGGCGATTTCTTTCAGCTGAAGTTCGCCCATACCGTAAATCAGAAGATCCGCTTTGCAGTCGGCAAGCATCGGCCGACGCACCTTGTCCGACCAGTAGTCGTAATGGCTGAAACGGCGCATGCTGGCCTCGATGCCGCCGACGATCAACGGCTTCGTCCCCCAGATCTCGCGGACGCGGTTGCAGTAGACGATCGTGGCCCGGTCGGGCCGATGTCCGGCTTCGCCGTTGGGCGAATAGGCGTCGCGCCCCCGCTTGTTGCGCGAGGCGGTCAGCTTGTTCAGCATGGAATCGAGGTTGCCCGCCGAGACGAAGACGGCCA
NZ_CP133038.1_gap42	1850268	1854974	4706	GGCGCAGTTCGTGGATCATCAACGCGCCGATCAACACCGCCGTGGAGGCGCTGCCGGGGATCCCCAGCGTCAGCAGCGGCACCAGCGCGCCGCCGACCGAGGCGCTGTTGGCCGCCTCCGCGGCCGCAACGCCCTCATAAGCTCCCGTGCCGAACGTCTCGGGATGGTTGGACAACCTTTTTTCCATGTCATACGCCAGAAAAGAAGCGATCGTCCCGCCGGCGCCGGGGAAAATGCCGATCAGCGTTCCCAGAACGCTCGAACGGACAATGGACCACTCCAGCCCCAAGTAAGTTTTGAGCGACGGCCACTCCGACACGCGCTCCTGCGCCGCTTCATACGCTCGATAATCGTTTTCTTCGATGTTGGCGAAAACTTCGCTGAGGGCGAACAGCCCGATCAGCGCCGGCACAAAAGAAAATCCATCGTATAGATTGAGAATGTCGAAGGTAAAACGGCTCACGCCGTTGACATGATCCAGGCCAATCGTGTTCAGCATAAGACCCAGCAGCACCGCCATCAGCGACTCCGCCCACTTCCGGCCGGCCATGGACGAAACCGTGGACAGTCCCATCAGCGCCAACGAGAAGTATTCGGCCGGCCAGAACTTCAACGCAAAATTCGCCAGCGGCGCCGAGAACAGCACGAGGATAACGACGCCGATAAAGCCGCCCCACACGGAGGCGACAAGGGAAATTCCCAAACCATAGCCCGGCTTGCCGCTCTTTGCCAGAGGATAGCCGTCGAAAGCCGTGACGACCGCCGACGGCGTTCCCGGCGTGTTGATCATGACGGCCGTGACCGAACCGCCGTAATTCGAAGCCAGATAAATCGCGCACAGCATCACCAGCCCCATCGTCGGCGACATGCCAAACGTGAACGGCAGCAAAATCGCCACCGCCATGGACGGCGACATGCCCGGCATCGCGCCGCCGAGAATGCCGACGACGACGCCGGCGGTGACAATGAGCAACGGGCCGGCGCCGATCAGATTGCGAAGCCCCGACCAAAGGTTCGTCAACAATTCCATCGTCATCGCTCCCCGTCACATGAACAGCTTGCTGAAAAGCGTTCCCGCCGGAAGACCGAGCAGGAGCACCTTGTTGAAAACAAACCACGTGAACAGAACCCAACAGGCCGCGGTTCCCAAAATCAGCAGGATCCGCCGCTCGCCCAAAAGCAGCATCAGCAGCGCCAGCATGGCCGCCGTACAAACGAAAAAACCCAGCGTGTCGAACTGCGAGATAGCCGCCGCCACAATCGCAAAAGCCCAGAAAACTTTATCGACGCGCCCATGCCCGACGGCTTTGACGCGGGGGGCCCGCCACGTGCGAAACAGCTGAAACAGGGAAACGACCAGCAGCGGCAGCGACCACAGATAGGGCATCAGCTTCGAACTGCTGTCCATGCCTTCCATCTCTTCAAGGCCGTTCGTCAGAAAGATAAATACGACAGACAGCTCGACAAAAGCCGTCGACACCAGCAGCGAGCCCAGCCGGTCCCTTTTGCCGCAGACAACGAAAAACAGCGCGGATACCGCGAGAACTGCCGCGCAGACTCCGGCGATCACGACCAGACCGCGCGGATTGTTCAGCGACAAGGCAAGTTCCTGCATTGACTGCATATATATCGACACCTCTCTCTTTCGAAAAGCGGTCCCTGTTTCGTGAACCACAAAACAGGGACCGCTTTTTATACCGTGCCGCCCGCTTACTTGATCATCCCGGCTTCGCGAAGCGCAAGCCGGACGTTCTCTACGTCGTTCCTGACCTGCGCGGTGAACTTCTCGCGCCCCCAGTCGACCACGTCGATGCCGTCGCGCTCGAGATATTCTTTCCATTCCGGATCGGCAGCGACTTTTTTGTTCAGTTCTTCCCACCACGCGTAGGCCTCTTCGGGCGCGCCTTTGCGGATGGCGAAACCGCGCCACATGATCTCGTTCTCGAGCCCTTCGTACCCCAGCTCCTTGAACGTCGGCGCGTCGGGGAACTGCGGCAGGCGCTCGCCGCGGCACAGGGCGAGGATCTTGTAGCCGGGACGCCCGGCCATGTCGGCGGGATTGCCCACGTAAGCCACGCTTTGGCCGCTCAGCGTCCCCATCATGGCTTCGGGACCGCTCTTGTAGGGAACCCATTTGGCCTTCATGCCGACGATGCGCCAGACTTTGGTCGCCAGCACATGATCGTTGCCGCCGGGAGCGGGGCCGCTCCACAGCTGGGTGCCGTTCTTGGCTTTCGCGTCGGCGACGACTTTCTCGAACGTGTTGAACTCGCCTTCCGCGGCGCCGATGACGCATTCGGGATCGCGCATCAGCATCGCGACCCATTCCATACTCCAGATCATCTCGTCCTCGTTTTTCTTGGAGGACAAGACTTTGTTGACGACGGCGGTCGTAGGGGCGAAAACCGTATAACCGTCCGCCGGCTGCTGAAGCACGTGCCCCAGCCCCACCAGCCCGCCGGCGCCCGTCACGTTCTCGACCACAAAGGTCGCGTCGGTGTACTTGGCGGCGACAGAGATGAACTTGCGGCTGGTCACGTCCATCAGTCCGCCCGGGGCCACGTAATTCACAATGTGGATAGGGCGCTCGGGATAGGCTGCGCAGGCAGCCGAAGCAAACATCGCCGCACACAGAACGAAAGCGCATGACATTGCCTTACGGAATCTCACGAAACAACACCCTCCTTCATCAGTTGCCTCTCTGTCCCCAAGACCATTTCCAGAGAACGGAGGCCGCTTAAGCTTTAAAGAGCTGAAACAACAAACCATGCCGCAGGCTGCGGTCGCTGACCGTCATTTCCCTGGCGCCGGTCAGTTCGAGAACGGCCTTGACGATGCAGGCGCCAGCTAGGATCACGTCGGCCCGCTTGGGCTGGAGGCCGACGATCTCGCGGCGCTGATCCAGCGTCTTGGCCGCATAGTCTGCGATCTGAGCGTTTACGTCGTCGAGACTCAGCGTGGATCCCTGAATCACGTCGGGATCGTATTGAGCCATTTGATGCTTCACCGAAGCCATGCTGGTGACCGTGCCGCCCATGCCGACAAGGAACGCGACGGGACCGGCAACGCCACCGTCGGTCAGCTCTTTGGCAATGGCCGCCTGCGCTTCCGCCAGTTTATTCGCGGTGACGGGCATTTCCGCGAGGTACTGCTCGGTAAAGCGGACGGCCCCCACGTTGAGACTGAACTTTCTCACCAGCCTGCCGGCTTTGCCAAAAACAAACTCCGTGCTGCCGCCGCCGGTATCCATCGTCATCAGATCGGCCTCAGCGGCCCCTTCGATGCCCGACATGACCGCCACGTAGGAAAGCTGGGCTTCTTCTTCGCCGGTAAGCACGCGCAGCTCCACGCCGCAGAGCTCTTTGACGCGGGCGATAAAATCCGCGGCATTTTTGGCAACGCGCAAAGCCATCGTCCCCACGGCGATGATCTCGTCGGCTCCGGCCGCTTTCGCTTCCTCTGCAAAATTCGCCACGGACCGCGCGTTGCGCTCCAGCGCCTCCGCGCCGATGCAGCCGGCGTCTTTCAGCCCTTCGCCAAGACGGACAATGTCATTGACGTCCTTGACGACTTTGTACCCGCCGGCCCCGGTCCCTTCCGCCAGACAGAACTTGATCGAGTTGGTACCGACATCGATGATCGCTTTTCTCGGAGCCATCTTATTTGATCCCCACCGACTTCTTCATGGCCTGGATGTAATTCATGTTCTCCACGCCCTTCATACCGAGTTTTTCCACGACCCTCATGATCAGGATCGGGTCTTCATGCTCGACGCACATCGTCCGCCACGCTACGCCGTTGAATTCTGCGGCGGCGATCTCGGCCGTGGCGCCGTCGATCTTGTAAATGTCGCGGTCCTTTTTCACCAGAACAAGCTCCAGATCTTTATGCGGCACGACGAGCTCCTTGATAAACTGGTCGTGAGTGTATTCGGCGCGCTCAAGTTCCGGCAGCTCCACCTTGAGGATTTTAGCCAGCGCGGAAAGCTCGTCCGCGGCGATCGGGAATCCCGTCTTGAGAACCGGCAGCCATTGCTCCAGGCCGTCGGCATTGACCTTCTGAAGAGATTTGACGTCGATGAGGTCAAAGCGGATCTTGACGTTCTCGTCGCTATTTCTGGAAAGAATGTATTCTTCGTCGGTCCTCTTGTTCGAATCCATCGGCAGGGCCCGCAGCGTCTTCTCGCCGACGCCGAAGTCTCCCTTGCCAAAGGTCCGCCACTCCCAGCGCGCTACAATCGCCATACAAAACTCCTCCTTGACATGAGACGTGTCTCCGCAAAACAAAGAAAGCTTACCGACACGCACTCGGCGTCATTCTCCAAAGTTATTGAAGACTTTTCTTTTTCAAAAATTATCCTCGAAATAAAATATTAAGAGATTATTTCGCTTGCTTTCCGTGATTAGGGCTTGTTTAAAAAACATTTCAGCTTGTATTATTTCAATAAAATAACACTGGCAGCGACAAGAACAAAAGCGAAAAACGAAGCGTCAAGTTTGTCATAGCGGGTGAAAATTCTACGGAACCATTTGATTTTCTGAAAGAAACATTCAACCAAGTGTCGTTCCTTGTAAACATGCTCATCTATAAACCACGGTTCGGGATTATCGCTCTTCGGCGGGATAGTGTAACTTCCCTCCCGAGAAGTAATGTACTCTCTGATGGCTTGCGAACCGTAAGCCTTATCGCCGATGACGTTGCTCCCT
NZ_CP133038.1_gap43	1955432	1958006	2574	GAAAATCGTAATTTTTCTTGATGTGAGCCACAAGTTCCGCCGCGTGCTTGAAATAACCGTCCCCGAAATCCGCGTCGGCACGGCGGTCGCCGCGCAGCGCCAGGATCGTGCGCACGCCTTTTTCCTTCAGCTCCGCCAGCAGCGCGTCGGTCTGTTCCAGCGAACTGCCCACGCAGGTCAGATGAGCCACGGCGGGCAGCATGTAACGGTTCTGGATCGTGGAGGCAATTTCGATCGTGTTGTCGCGGTTCGAACCGCCCGCGCCGTACGTGACGCTGATCAGATCGGGACGCAGGCTGGCCAGCGCGTCTACCGTGTCGTAAATCGACTCCAGACTGCCGGTCCTCTTCGGGGGAAAGATTTCAAAGGAGAAATTGGGAAGCATCTCTTCAAAAGCGTTGTTCATTCGGACACGACTCCTTTTACCTCAAATTTCCATAAAAAAAACAGCCGCCCTGTTCACGACAAGACGGCTGCAAAATTTTCTCGCCCCAGCGGCTTATCGCTGTCAGCAGGACCACCACGTCCGCACGACGCGGACAGGTTGGCGCAGGATCGTTGAGCTGACTCTCTCCCCTGACTCTGGATAAAGGAAAACCGATTATTCGGATTTTTGGATAGTATCACAGAATACCGATGGGCGCAAGAGCCTGTTTGCTCGACAACGGGTTAAAACGATGGAGACGAATGATGTTCTAAATCAGCGGCCGATACTTTTTTTGTACGGGAAATATAGGGTATTCGCCAGAGAACTCGGCTAAAATATGTGTCGTAGGGGGTCGTGCCATGCAGATGATAAGAGCGTTCAACGAAACCATACGCTATATCGAAAGCGTATTGGGCGGCGAAATCGACGAAAGCAGAGTCACCTGTCTGTCAAGTTATTCCTACGCCATGTTCAGCAGATTGTTTTCTATTTTGACAAATATGACGCTGTCGGAATATATACGGCTTAGGAAGCTGACGAAGGCCGCCGTGGAGATCAAGGAAACAAGCGGCAAAATCATAGATATTGCCATGAAATACGGCTACGAATCATCAAATTCCTTTACGAACGCTTTTAAGAATTTTCATCGCGTCACGCCTACGCAAGTACGAAACAGGGAAGCATACCGGGTGTTTTCTCCCATTCAATTAACGCTCAGCATAAGAGGAGGAAAAAGCATGGATGTGAAAATCCAAAAGAAAAGCAGATTTGCCGTGGCCGGAGTCAAATTGGAGAACATCGATTCGGCCTCCTGCCCGGCGGTTTGGGATCAACTGTTCGCAAAGTGGAGCCACGAAACTCTTTCCCGCCTGGGGAACGGTCAAAGCTATGGGATGTGCTTTGACATGAAAAATGGGAACAAGATCAACTATATGGCCTGCTACCATGTCAACGACATCCCCAAGGCACGGGAAATGGGACTGGAGGTCGTAGAGATCAAAGAAGCTGAATATGCCGTTCTGTCATTGGAGGGAGCGATTCCCGACTGCATTCACGAAGGGTGGAAATACGCCATGGAAGTGTTCTTGCCGGAACAGGGATACATGCACGCGGGAACACCTGATTTTGAAGTATATTTTAAGGGCGATATGTACAGTCCGGGGTACACGATGGAACTGTGGATTCCCATCGCCAAAAAGGAATAATCAAAAATCAAGAGGGCGACAGCCAAAAGCGCTGCCGCCCTCTTTCCATCGTTGAAAATGTATTGTGGACGAAGAGCATCGAACATGGGCTTTTCGCCCGGGGAACTGGATTCTTTCCGAGCGTTTCAGGCGAGAGCCGCTCCCGCTTCCGCGCGGTTCTCGTTCAGCCTCTTCGTCAGCGCCTTGCCCGTGGGCGTCAGCGCGCAGCCGCCGCGGGCCGTTTCCCGCAGCGAGGGCGGCAGGGCGCGGCCGACGTCGCCCATGGCGTCGATCACCTCGTCGGGCGGGATGATCGAGCGGATCCCCGCCAGCGCCATGTCGGCGGCAATCGCGCCGACGGAAACGAGCGTGCCGTTGCGCTTGACGCAGGGCGATTCCACCAGTCCCGCCACGGGATCGCAGGCCAGTCCGAGGATCGACTTGAACGCCAGCGCCACGGCGTGGGCGCAGGCTTCCGGCGAGCCGCCTTCCATGTGGCAGAGCGCGGCCGCGCCCATGGCAGCCGCCGCGCCGCACTCGGCCTGACAGCCGCCGGAAGCGCCCGCCAGCGTGGCGCGCTGGGAGACGATCTCGCCCACCGCCGCGGCGACAATCAGCCCTTCCAGAAGTTTTTCGTCGTCGCCATGCCGCGTTTCCTGCCAGGCAAAGAGCAGTCCCGGCAGAATGCCGCAGCTGCCGGCCGTCGGCGCGGCGACGATGCGCCCCATCGAGGCGTTGCAGGTGCCCAGCGCCACGGCGATCTCGCTGGCGCGCCAGACCAATTCGCCCGACATCGGGGCGCGCCGCAAAGCCGCGTATTTGTCCTTATCGTCGCCGATCAGCTTCGGCTGCCAGCGCCCGGCCAGCGCCGCGGCGAACGTTTCGCGCAGCACCTCGAGGCGCGCGCGCAGACGCGAACGCAGCGCGGCTGCGTCGATCATCTGCTCTTCGGCGTCCATGGCG
NZ_CP133038.1_gap44	1995956	1999766	3810	TCGCGGCGCATGGAACATTTCCCGTCCGAATGTGTTAAGATGTACTCTACTGACTCGTTCATCGGCAAATTTTTATTCTTCGAAGGCGAAAGGATTTGATCTAAAAATGGCAGAAAATGCGCTTGAAGTGCTTCGCGCGCGCGGCTTCATCGACTGGACCACGGACGACGCCGGCGTCAGGGAATTGTTCGACACAGGCATGGTCACGGCTTACGTGGGCTTCGACCCCACCGCGGACAGTCTGCACGTCGGCCATCTGATCCCGCTGATGGGCTTGGCCTGGCTGCAGCGGCTCGGGCACCGGCCCATCGTGCTGGCCGGCGGCGGCACGGGCATGATCGGCGACCCGTCCATGAAGAGCGCGGAGCGCAATCTGCTGACGATGGATCAGATCCGCCACAACGTCGAAGGCGTCAAGAAGCAACTCATGCACTTCGTCAGCTTCGACTGCGGCGAGAACTCCGCGCTGCTGGTCAACAACTACGACTGGCTGAGTTCCATGAACTTCCTCGAGTTCCTGCGCGATGTGGGCAAGTTCTTCACGATCAACAAGATGATCGCCAAGGAACACGTCAGGAGCCGCATCGAGGACCCGACCAAGAGTCTGTCTTTCACCGAATTCGCCTACACGCTGCTGCAGTCCTACGACTTCTACCATCTCTACACGACTTACGGCTGCCGCCTGCAGCTGGGCGGCAACGACCAGCAGGGCAACATCACCAGCGGCATCGACTTCATCCGCAAGCACGAAGAGGGCGCGGCGGTGTACGGCGGCACCAATCCGCTGCTGCTGACTTCCGCCGGGCACAAGTTCGGCAAGACCGAGGGCGGCGCCGTCTGGCTCGATCCGGCCAAGACCTCGCCCTACCAGTTCTATCAGTTCTGGGTCAACAGCGAAGACGCCACGATCGCCAAGACGCTGCGCTATTTCACGTTCCTGCCGCTCGACGAGATCGACGCGCTGGTCGCGCGCCACATGCAGTCGCCCGAGAAACGCGAAGCGCAGCGCGTGCTGGCCTACGAGATCACCAGGCTCGTCCACGGCGAAAACGTGGCGACCAACGTCCGGCACGCCAGCGAGATCCTCTTCGGCGGCGCTTACACGCCCGAAGATCTGACGGAAGAAATGCTCCACACGCTGGCGGCCGAGACGCCCTGCGGCAAAGTCGCCTCGCTGCCCATGCCGCTCGCCGACGCGCTCGCCGAGGTGGGCGCGTGCAAGAGCAAAGGCGAAGCCAAGCGCCTGATCGCCGGCGGCGGCGTGTCCGTCAACGGCGTCCGCGCCGACGACGGCGCGCAGCTCGAGGAGAAGGACGTGCTCTGCGGCTACTCCTCGCTGATCCGCCTCGGCAAAAAGAAATATTTTATGATCGGCCGCAAATAAGATGAGCTTCGCCGTTTCGGCCGTCGAATTCCTGCGCAAAACGCTCGCCTACCCCGACTGGCGCGGACGCGCGCTCTACGGCTTGTGCCGCGGCGTTTTCGCTCTCGTGCCCATCCGCCGGCGGCTGATGCTCGACGCGCTCAAAACCTCTTTTCCCGAAAAGGACGAAGCGTGGCGCAAAAAAACGCTGCGCGGCGTGTACCGCCACTTCTCCTGGATGATCGTGGAATTCCTCGCCTGCCAGAACGATCCCTCTCTCGTCAGCAAGATGGTCGTCGAGGTGGAAGGGCGCGAATGCGCCGACGCGCAGAAAGCCTCCGGCGCCGGCTGCTTTATGCTCACCGGCCATTTCGGCAACTGGGAGATCCTCGGCGGCTGGCTGCCGCAGAACGGTTATCCCGTCCAGCCCGCCGCGCGCGACGCCGACAATCCCGAATTCGCGGCGCTGATCGAGCGCTACCGCGCCAACCTCGGCGAAACCACGCTGCGCAAGGGCGCCATGAACGTGCGCCACATGATCCGGCAGGCGCAGGCCGGTACATGGGTCGCCCTGCTCGCCGATCAGGACGCCGGGGACCGCGCCGTGCCCGTGACGTTTTTGAACCGCCGCACCACCATGGTCGAAGGCCCCGCCGCGCTGGCGCTGACGGCCAAACTGCCGCTGCTCACTGTTTACTCGCTGCGCCTGGCTCCGTTCAAATACCGCGTCGTCTTCCTGCCCGACCTCGTCGGGGATCCGCAGGAACGCAGCCGCGAGAACGTCGCCGCGCTGACGCAAAAAGCCAACGCCGTGCTCGAAGAGATGGTGCGCCTCGCCCCGAGCAGTGGTTCTGGTTCCACCGCCGCTGGAAGACCGACCCCGACCATCCCGGCGTGAAAATGCAGTAATCCTGCGGCGAAACTTTACGACAAAAAAATAAAACAGGGCGGCTGAGCGAGAGTTTTCGTTCAGCCGCCCTGTTTGTTTTTCTTGTTCGATCCAGCCGCGCTATTTCACCTTCCAGCGGTTTTCGAGCAGCTGCAGCGCGCCCGAGGTGACGCTGGTCAGCACCAGATAGACCACGGCCACGAAGATGAACGTCTCGAACGAGGCGTAGGTGACGCTGCGCACCTGCTGGCCGACCATGGTCAGGTCGCTGATAGCGAGCACGGAGAGCAGCGACGATTCCTTGATCAGCGTCACGAACTCGTTGCCGATGGCCGGCAGCATGTGGCGGATCGCCTGCGGCAGGATGATGCTCTTCATCGTCTGCCAGTAGGACAGCCCCAGCATCTTGGCCGCTTCCCACTGCCCCTTCGACACGCCTTCGATGCCGCCGCGCACGATCTCGCCCACGTAACCGGACGAGTTGATGCCGATGCCGAGGATGCCAGCCGTGGCCGCGTCGAGGTTCACGCCCAGCGCCGGCAGGCCGAAGTAGATCAGAAACAGCTGGATCATCAGCGGCGTGCCGCGCAGCACGTAAATGTACGCCGCCATCAGGTAGCGCAGCGGCTTGAACGGCATGACGCGGAACGAGCCGATGAAGATGCCCAGCGCCGAACCGAACAGCACGCCGAGGAACGAGGCCTGAATGGTCACGCACACGCCCTTCCAGAACATGTGCAGATACGGGATCAGCACGGAAAAGTCCAGTTCCATTTACTCCGCCTCCTCTGCCACGGCCGCGCCGTAATGGGAAAGCACGCGCTGCAGGAACGCGCGCGTGCGCTCCTTCTGCGGGCGCACGAAGATGTCGTCCGGCGCGCCCTGCTCGACGATGTGCCCGTCGGCCATGAAGATGACGCGGTCCGACACTTCCTTGGCGAAGAGCATCTCGTGCGTGATGATCATCATCGTCATGCCGCTTCTGGCCAGGTCGGCGATGACGTTGAGCACGTCGCCGACCAGCTCGGGATCGAGCGCCGAAGTCGGCTCGTCGAAGAGCATCACCTTCGGATCCATAGCCAGCGCTCGGGCGATGGCCACGCGCTGCTGCTGGCCGCCGGAAAGCTGCGCCGGGAACGCTTCGATCTTATCGCCGAGACCGACGCGTTCCAGAAGCTCCCGGGCGGTCTTTTCCGCCTCGGCGCGGGATTTGCCGCGCACTTTCATCGGCGCGATCGCCACGTTCTCCAACACGCTCAGGTGCGGGAACAGGTTGAACTGCTGAAAGATCATGCCCAGCAGCTCCGACTCCCTGGCGTTGGACATCTTCTCGCCGTCCATGCGGTGGCCGTAAACGTAGATCTCGCCGGAATCGATCCTCTCCAGACGGGCGATACAGCGCGCCAAAGTGCTCTTGCCCGAGCCGCTGGGCCCGATGACCGTGATCACTTCGCCCTCGTCGACGTTCAGCGAGACGCCTTTCAGCACGTCGAGAGCGCCGAACGATTTGTGCAGGTCCTTTACTTCTATCGCGTGAGTCACATTCGCTCACCTCCAT
NZ_CP133038.1_gap45	2000800	2002372	1572	CGCGTACGACGCGGGAAAGCCTTCCTTCACCATGGCGGGGATCAGGATCGAACCCAGCGCCGAGGCGTCGGCCGCGGCGCTGCCGTTGACGCCGGCGAAGATCACGCTGCCGACCACGTTGACGTAACCCAGCCCGCCGCGCACCGAACCGACCGCCAGACGGCTGAAGTCGATGAGGCGGTCGGTGAGTCCGGAGCGGTTCATCAGCGTGCCCGTGAGGATAAAAAAGGGAATCGCCATCAGCGAGAAGGAATCCATGCCGCCGAAAAACTGCTGCGGGACGACGCGCAGCAGCGTCAGGTCGCCCGCGCCGAGGATGCCGAGCAGCCCCGCCATCGTCAGCGAAGCGTAGAGCGGCACGCCGAGAAGCATCAGCGCAAAAAACGCCGCCAACAGAAGGAAGCCGCTCATCGGCTTTCATCCCCGCTTTCGGAGCCGTGCCGGCACTTGCAGAGAACGACGATCATCAGCATGGCCATGCCGAGGGGCACCGCCATCAGCGGCACCGCCTTGGGCACGCCCAGCGCCATGGTCTTCATCCTCCACCCGCCCATCACGTTTTGAGCGCCGAACCAGACCATCACGCCGAGGACCGCAGCCTGGACCGCCGCCGACAGAAGACGGCAAAACGTCCTGCCGCGCGGCGGCAGCGCGTTCGCCACGAAATCGATCGACATCTGGTCGCCGTTGAGAGAAGCCGCCGCCGCGCCGATCAGCGCCATCCACACCAGCGAAAAACGCGCCAGCTCCTCCGTCCAGATGGGGCGGCATGATAAAAATAGCGCAGCACCACGCCCATGACGATGTCGCCGATGTTGATCAGCAGCAGCACCCCGCCGAACCAGAGGCTGAGGAGCCCCACCCAACGGCTCAGCCGTTCGAGAAAATCCATGCGCTGCCGGGCCTCACTTCGCGGAGGCTTTTTCGTTGGCCGCCTTGGCGTCGCGCAGGGCCGCTTCGAGCCATTCGGCGGAGACCTTGCTCTTCAGCCACTCGATGTACGCGGGCTGGCCGATGCCGCGGAACTGCTCCATCTCCTCCGGCGTGGGCGCGTAGACCTGCATGCCCAGCTGACGGCATTTTTCCACCTGCTGGGAATCTTCGGCTTCGATGCGAGCGCGGGTGAGGCGGTTGGCCTCCTTCGCCGCTTCGAGGATGACGGCGCGCTCCTCGTCGCTGAAGCTGTCGAACAGGTCGCCGTTCATGACCAGGAATTGGTCGGAGTACTGGATGTTCGCCAGCGTCATGTACTTCTGCACTTCCGTCAGGCTGCCCAGCAGCACGTAGAAGGCCGGGTTCATCTGCCCGTCGACGACGCCCGTCTTCAGCGCCATGTAGAGTTCGCCCCAGGGGATAGGCGTGCCGCTGGCGCCGAACGCCTTGAAGATCGCCACCTGCCCCTCGTCCATGCCGCGGAACTTCAGGCCGGGGAAATCGGCGGGGCTGCGGATCTCGCGCTTGGAGTTGGTGAAGGCGAGGAAGCCGCCTTCCTCCACCGCTTCGATCAGCACGCAGCCCGTGCGCTCGCGGAACAGCTTTTTCAAATTGGCCCAGTATTCGCTCTCGTCGAAG
NZ_CP133038.1_gap46	2016160	2017086	926	AAACAGCGTCGTATTCTCGCGACGTCGGTTCAATCTGCGCTTCCACCACCACGCTGCCCAAGCGGCCGGCCATGCCCTTTTCCGTGATCAGCCCCTTGCTGAGCCCAAACGTTCCCAAGCCGGCGGCAAAAGCGACATGACGCTCGGACCAGTTGCTCGCGTAGGTATCCGCACTGACGCCGGGGAATCCAGCCAGCGTCCCCTGTCCGCCGCGCGCCACTCGAAAGCGACTATCCCGCGACGGCGCCACAGCGCGGACGCCTTGAGCCTGCAGCCACGCGCAGAGCTCGTCCAACAGAGAGGAGAGGAACTCCTGCCCCTCGATACGGCCGTAAAGCCACTCCAATGAGGTCCGCTCGGGCGCGATGCGGTTGCTCGCTCTCACGCGCTCGGAGAACGGAAAAAAGAAGGACAGCACGCTGCGCGCCTCCGGCAGCCAGTCCCGCGGCGAAAGATGCCATGGCCCCACCACTTCCGCACTCTTGAACTTCTCAAAAAGAGGATCATCCGCCGCGGCGATGCCGATCAGCGGCCTGTCAAAAAAAACCGTTCCCGCCAGTTCAGGGTGTCCGTCCGCCATTGCCGCGGTAAGCACGTTGCCCGAGCCGGCGGCAAAACGCTCTTTCATCCACGCATCCAACTGTACGCGGTTCATTCGAAGAAACCTCCTTTGCTCACGCCCCCCGCCAGGGGAGCGCAAAAAATCGTTTCAGCCGTTTGTACGCTATGAACGCCAGCAGCGACGTGACGCCATATTTGAACAGGTTGAACGGCAGCAGCGCGTAGACCATCAGCGTATAAAGATCCGTCACCGCGGCATTGGCGGCGTGCCCCATGCCGATCACCGTCTCCATTTTCAGTCCCAGCAGGCGCGCGTAAGCGGGAAAAAAGACGAAAAAGTTGCCCAGCACGATCAGCGACGAAGC
NZ_CP133038.1_gap47	2057609	2061230	3621	TTTCGGATTTCACGGCGGACACGGCACGGCCAACGCTGCCGGTGCTGCTCTCGCCGCAGCCGGCTGGGCTGATGGCGTGTCGGTAGCCAACACGATGGCCACCGCCGGCTTGCTTTCAGGTATCGTTCTCGGCATGCTCGTGATCAATATCGGCGTCCGCCGCGGCTGGTCACAGAAAGTCTCCAAGCCGCAGGACGTCCCCCAGGACATTCGCGAAGGCTATGTTCCCGTCGAGAAAAGAACTTCCATCGGCAAGGGAGTAACTTACAACGACGCTCTTGATCCGCTGGCATTGCAACTCGCGTTCGTCGGAGTGATCTATGGCTCAGCCCGTCTTCTGTCTCGAAGCCTGATCTGGATCCACCCGCTGCTCAAGGAGATCCCCCTGTTCGCCTGCGCTATGATATGCGGCGCTCTGCTATCCTATCTCCTTAAAAAGCTCAAAATGGCCGATTATATCGATCGCCCCACAGTAAACCGCATTTCCGGCGTTGCCCTCGATTATTTGGTCTGCTCTGCCATCGCGACGCTGTCGCTGAAGGTCTTTGCCCTTTACATGGTGCCCATGCTGGTCACCATAGGCGCTGTCATTGCCGCCAATATCATAGCCAACTTCTATTTTGCCTGGAAGATGTTCGACATCGACTGGTTCGAGCGCGCCATGGGAAGTTACGGTCTTGAGAGCGGCGTGCTCGCCACCGGGCTGATGTTGCTGCGCGTCATCGATCCAAAGTTCGAGACCACAGGGCAGGAGTCGGCGGCCGCCTCGGCGGCGCTGTGCTATCCCTGGTCGCTGCCCTATATTATGTTCATGCCCATGCTGGCCTTCAAAATTTCGCCATGGCTCCTCCTGACCGGCAGCGCCGTTCTCTGGATTGTGTTCTATATCGTCGCCCGCCGGTTCTTCTGGAACGGCGACCGCCGATTCAGCGACATCCTCAGCGCAAAGAGCGCAAAAGCTCAAGCGCAGCATCGGTAAAACCGGCACTGCTGCGTGAAGATTTTTTCGTTGTGTTTCCGCGCTTTGACGCGAAGGCGCAAAGAAAGATAATTCTCCATCAATGGAGTTAAGAAAAGGAAGGATAAAACATGCGCTTTTTTGACTGTACGATGCGCGACGGCGGCAATGTGGTCGGATGCGGATTCGACGCGGCTTTAACGCGAATGATGATCGAGGGGCTGCTGGACAACGGCATCACCGAGATCGAATTCGGCAACGCCAAAGGCATCGGCGCCTACGAGAATTCCCACGCCATCGCCCCGCTGAACGACGAACAGTATCTTGATCTCGCCCGGCCCTACTTTTCCCGCGGCACGCTGGGCATGTTCCTCAACGCCAAACGCTATACGGAGGCGTCCGTTGACCTGGCGGCCGAAAAAGGACTGGCGTTCCTGCGCGTCGGCGCCAACGCCGGCGAAGGCGCCGCGCTTTCGCTCAAGCCGATCAAGTACATCAAGAAGAAAGGGCTGAAGGCCTATTACTCGCTGATGAAGGCGTATGTCAGCTCCGCGAAAGAACTGGCCGAAGAGGCGAAAATGCTCGAGGACGCCGGCCTCGACGCCGTCACCATCATGGATTCGGCGGGAACCATGCTGCCCGAGGAAGTTTCCGAATACACCGAGTCGCTGGTCAAGGCCGTGAAGATCCCCGTGGGATTCCATTGCCACAACAACCTCGGCCTGTCGGCGGCCAACGCCGTGGCCGCATGGAAAGCCGGCGCCGCCATGCTCGACTGCGGGCTGCTGGGCATGGCCCGCAGCGCCGGCAACCTCGCTACCGAGGTCGGAGTGGCCTTGATGCAGCGTTACGGTCAAGCGGAGGAGGTCGACTTTTACGGTCTGCTGGGCTTCCTTGACTCGCAGCTGATCCCGGCCATGAAAGAACGCGATTATCACGCGGCCATCACGCCGCTCGACCTCGTGCTCGGCATGACCGGCACGCATTCCAGCTTCGTCGCGACCTTCAAAAAGGTCGCCGCCGAAGAGGGCGTGGCGCTTTACCGCCTGATCGCCGCGGTCTCCGCCAGAGACAGGAGCAATCCCAGCGAAGGTTTGATGCGCGAGACGGCTCGATCGTTGAGGAAGTAGGCGAAGAGGAGCATGAAAAAAATCCTTCTCGCCGGAAAATATCCCGCCGGCACCGCCGACGAATTTCGCGCACAGCTCGCCGGCGACGGCGCCGAAATCGTCGAAGCGACCTCGCAGGACGCGCTGGACGCCAGTACGGACGCCGACGCCATCGTTTTGCGCGTCCTCAAAGCTTCCAAGGGAACTCTCGCGAACAAAGGGAAACTGAAGCTGATCTGCCGCTGGGGCGTGGGCGTCGATTCCGTCGACGTCCCCTATGCTTCCTCCCGCGGCATCGCCGTCACCAACACGCCCGGCGCCAACGCCTCCGCCGTATCGGAATTGGCGGTGCTGCTCATGCTCGCCGTCGGGCGCAACCTCATGTTCCACAACCGAAGCATCCAGAACGGCGTTTGGAGCCGTACCATGTTCACCGACAACGCCGTGTCGCTGAACGGCAAAAAGGTTGGCATCATCGGCGGGGGCAATATCGGCCGTCAGGTGGCCCGCAGAGTCCAGGCCTTCGGCGCTGAAGCGCTGTATTACGACGTGTTCCGTCTCGCCCCGGAGACGGAAAAGCAGTTCGACCTGACGTTCGTCCCGCTCGACGATCTGCTCGCGGATTCCGACGTGGTCACTCTTCATGTGCCGCTGCTGGACAACAATCATCACATGCTGAACGCCGAAAAGATCGCGCTGATGAAAAGGAACGCCATTCTCATCAACACGGCCCGCGGCGGCCTGGTGGACGACAAGGCCCTGCTGACGGCCATCGACGAAGGCCGGCTGATGGGCGCCGGGCTGGACTGCGTAGAAGACGATCCCCTGCCCGCCGGGCACCCTCTGCTGGATCATCCCAACATCGTCATCACGCCTCACGTCGGCGGCAACACATCGGATCTCGGCACGGTCATGGTGCCCATGATCAGCGACACTTTGAAAAAATTCCTGCATGGCGAGAAACTGAAATTCGTGGTCAATGAAAAAGAACTGAGCAAACAATAGCGAAAAGAGGGACGAAAAACGCGAGCGGTGCGTTTTCCGTCCCTCTTTTCACGACGACGGTATTTTCTTCGTTTCGTGATAAACCGCTTCGTCCGATGATTTCACCGGTTTCCCCATTGGGTCAGACGATAAATCCCGGCAATATAACTGACATTCAGCAATTATTTTCTTTTTTGACCATGCAGAATGAACTTTCCAAGTCTCGAGCTTCATGCTAAGATAAATTTATCTTTTAGATGGTTTTCTTATGTAAATTCTGATAAAACATGTGGTTATTAAGAAATCGCGCCAGGCAATTTTTTCGAGAACATACAGGGGGGCTTGTCGTATGCTGAAGTACGTGCTGCAGAGAATATCCACGAGTTTGCTGACGTTGTTCGTGATCATCACGCTGACATTTTTTCTGATGCGGGCCATTCCGGGCGGGCCGTTCACCGACGAAAAGGTGATCCCGCCGGAGATCATGGAGAAGATTCTGGAACGCTATCACATGAACGACCCGCTCTGGAAACAGTACGGACATTATCTGTGGAACGCGATCCATTTCGA
NZ_CP133038.1_gap48	2089920	2093744	3824	CGTCGATGAACCACTGCGGCGTGGAGCGGAAAATGACGGGCTTGTGACAGCGCCAGCAGTGCGGATAAGAGTGCGAGATCTTCTTCAGGCCGAGCAAACGGCCGTTGGCTTCGATCACTTCCAGCGCCTTGCGGCCGCCCTTGTCCAGATCCAGGCCGGCGACGACGGGCGTGTCGGACTTGTAATGTCCCGTGGCGTCGACGGGATTGTAATTTTCGATGTGATAGCGCTGTCCCGTCTCGAAATCCTCGACGCCGTAGGCCGGCGCCGTATGAACGCAGCCGGTGCCGGCCTCGAGCGTGACGTATGGAGCCAGCACGAGCGGCGTTTTGCAGGGATACATGGGATGATTGGCGGCGAGCAATTCCAAGTCTTTGCCCTTGACGGTCAGCAGGCGTTTGGAGAAATCGAGCCCAGTGTCGCGCGACACCGAATCGGCCATGCCGTCGGCGATCAGGTAAACTTTGTCGCCCACCTCGAAAAACGAGTAGTCGAAGTTGGCGTTCAGCGTCACGGCGCGGCTGGCGGGCAGCGTCCAGGGCGTCGTCGTCCAGACCACGACGTTCACGTCGCGTCCTTTCAGCGCGGGGAATCGCTCCGCCGCGTCATCGTCCATCTGATAAGCGACGAACACCGAGGGCGACGTGACGTCGGCGTACTCGATCTCGGCCGCGGCTTCGGCGGTCTGGCAGTCGATACACCAGTACACGGGCTTGGTACCGCGGTAGACGAAACCTTTTTCCACGATCGTGGCCAGCGTTTCCAGTTCGCGGGCCTCGAATTCCGGATTCAACGTCAGATACGGCTCGTCCCAGAGCGAGAAGCAGCCCAGGCGCTTCATGCCCTCGCGCTGCACGTCCACCCATTTGAGCGCGTAGTCGTGGCATTTGGAGCGGAGTTCGAGCGCCGGCGTCGTGTCCTTGTTCAGGTGCTCGTCCTTGAGCACTTTCAGCTCGATGGGCAGCCCGTGCGTGTCCCAGCCCGGCACGTAAGGCACGTAGTAGCCGCGCATCGACTTGTACTTGACGATGAAGTCCTTCAGCGACTTGTTGAGCGCGTGCCCGATGTGGATCGCGCCGTTGGCGTAGGGCGGCCCGTCGTGGAACATGAAGGAGCGGCGGTCCTTGTTGCTCTCCAGCATTTTTTTGTAAATCTCGTTCTGTTCCCAGAATCTGACCGTTTCCGGTTCTCTCTTCGCCAGTCCGGCCCGCATGGGGAATTCCGTCACCGGCAGCTGAAGCGTCGATTTGTAGTCAACCGACATGATGCCTCACCTCTTGATTTAAATTGTGCTCCGCGTCATAGGCGGAATTCATGAACCTGTCCGAACACACCGCAAAAACAACAGGGAGGAAAGAGCCGCGCCCCGTCCTCCCTGTATTGCTCCACGACAAATTATAGCGTCGCCAGAGGAAGAGAACACGATGCATCGGCCGCCGCTATAATAATAATGACGCCTTTGTACTGACACTCAGCCGCATACATCTTCTCCACCTCCGTAATAAGTAGTGTTGAATGTGATTTTAGCAGTCCCGCTCTGCTTCGTCAATCGTTTTCGTGTCGGGACGATCCCCGCACCATCGGCCATTGAAAAGCGGCCCCGCCTTGAAAGAGAAATGGCGGGGCCGCTCGTTTGCGGTAAGATTCATACTATTTCTCAATTAAAAGGCCGAACACAGAGGCGCGGCGAGGAAGATTCACAAGGCGAGCTGCGCAGCAGTCGAAGGAGTTCCGAGCGACTGAACTTCCCCGCAGCGCCCCGTAAACTGTGTTCATGCGTTTTATCAAGAAATAGTATAAGAATTCGTCGTTCTCGTGAAACCGGGATCACTCCGCGATCATGAACGTCAGACGGGATACCAGGACGGACTCGTCGGCGACGGTCTTGTCGGCATAAGGCACTTTCACTTCCACAGAGGCGTTCCAATAGCCGGCTTTCGAGGGAATGATGTTGATGATGCCTTTCAGGTCGGTACGCCCATAGAACGCCTTGTACTCGTTGGCGGGATCGCCGTCCTTCGTGTCGCCGGCAAAACCCGCGTAAACGGCTTTCACTTCCGCCGTCTTGGCCGGTTTGCCGTCGACGAGTATCAGAACGGGGAAGCGCTGTCCCGGCTTCACCGTCGCCGGATTCACCTGCGGCACCATCTCCAGACGCTGTCCCACCGGCTTGGTGATGACATCCATCCCCTCGGCGCCGTCAAGATTCAGGACGAGCTTGGCGTACATCGCCGCTTCCTCGGCATAAGTCGCATCGGCCTTCGTCAGTTCCTTGTACTTGGCCTTGTCCGCCTGTTTCCATCCTTCCGCTCCTTTGGCCCAGAAAGTGGGCTTGTAGTTGCCGATCACCAAATAGTCGCCTTTTTTCAGGTCGGCCGCCGCCTCGTAGTGGAAGTTGTCGGCGCCGGTCTGGGCCATCTCCGTCGCGCCCTCGGCGGTAATGAGCTTCAAGGGCTCGAAGAGATGCGTACGGTCCGCGGCAATGGGTTCGGGATCGGGATACTCGTGCCCGTAGCCCAAATCGGCCTTGAGAAGGCCGTCCTTATACTCGGCGTTCACCCAGAACTCGTGAGCCTCGGCGGAAACGCCGAAAGAAGCCGCAAAAAACGCCCCTGCAAGCAGTACGGAAAAAATCTTGCGCATGAAAATTCTCCTCCTTAGTGTTGTGTATACATCGAATGTCATGTCGATTCTTTCGAGAGGGACGAAACTCCCTCGATTATTCCTCGTCCGGAGGGCATTTTCTGCCCCCACACCCACATCCGCACCCGCCGCAGCGTCCCTGCCGTGCGGAAACGATCCAGCCGCGAAGCAGGTATCCTCCGGCGGCAAGCGCGATCAGGACAACGATCAGCTCCTGTGCGCCCATGGTCTGAAAACCTCCTCTCTCTGCCGCAGAGTGCCTCAACGAACTACATCTTGGCAGCCTGAACCCAAATCACCGCATCCTGCGAGAGCTCCTTGCCCTTGAATTCCGTATCGGGGCCGACGCCCAGAGCGGCAAATCCCCACCATCCCTCCTTGGGCATGGCGAAAGCGAACGTGCCGTTGGCGTCGGCCTTGATCGTCAGAGTCACAAAGGCGTCGTGGGGAGCGGAGACCGCGCCCTTCCTTTCGAAGGCGTTCTTCTTCAGGTCGGGGCGATGGTTCATGTACTCCACCTCGACCTCGGCGAAGGGGACCGGCTTCCCTTCGCTCTTCACGACGCCGCGGAACATCCCGCCGGCCCAGATCGCATAGGGCTTGTCCAAGGGCACGATCTCCGCCTTGAGCCCCATGTCGGCATCCCACTCCGTGGGGAGACTGCCGTTGTTTACGATCATTTTGGTGATTTGTTGGATATAGATGTCCTCGCTCTTTTCGAAATAAGGAGCCGGGGCCAGACAGAAGACGTAATCGCCCATACCTCTCAGCTTGAAAGAAGTCTCAAAACCCCTGCCCTTGTTCTCCAGGCTCGTCCAGGTGATGGGCTTCAGCGTCTTGAGCAGATCCGTCTTCTTTTGCTTGTTCACGACAAAGAACTCCTGCGGGGTCTCCATGTCCATCGTGTGTCCGGCCTCAAAAGGATGGGTGAACACAAGCTTCAGGGGAATCTCTCCGCCTTTGTCCAGAATCATCTCGGGGTATAGAGCATCTGGAAGTGCGCCGAAGCGGGGAGAACCGCGGCAAACAGCGCGCATATCGACAACAGGGCCGCTTTTTTCACGTACGATACGCTCCTTTTCTTTTTTGAAATCAGTATCCTGGCCTGATTCACTCAGGCCGCCTTACTTGATGTCGCCGCTTTTGACGGTGAGCGTGTGCCCGGGGCCGCCGTCGAAGGT
NZ_CP133038.1_gap49	2143112	2144545	1433	CGCGATCGGGTCGATCCCGGCAAACGGTTCGTCGAGCAGGATGAAATCGGGATCGAGCGCCAGCGTGCGGGCCACTTCCAGCCGGCGGCGCTCGCCGCCGGAAAGGGAATAGCCCATCACGTCGGCGAGCGCCGTCAGGCCGAATTCCTCCACCAGCTCGTCGATGATCTGCCGGCGCTTCTTCGTCTCGATGCCGCGCTCCTGCAGCACCAGATCGATGTTGTCGCGCACGGACAGGCTGCGGAACACCGAGGCTTCCTGCGGCAAATAGCCGATGCCGCAGCGGGCGCGCTGATATACGTGCAGCCCCGTGACGTCGCGGTCGTCGATCCTGACAACGCCCGAATCGGCCTCGATCAGGCCGACGATCATGTAAAAGCTCGTCGTCTTGCCGGCGCCGTTGGGGCCGAGCAGGCCAACCACCTCGCCGGTGCTGAACTCGAGGCTGACGTCGTTGACGACGTGGCGTTTTTTGAAGCTCTTGTTCAGCCCCGTCGCGCTCAGCGTTTTTATCGCGTTCATTTCTTGCCGCCTTTTTCGCTTCCCGCGGCGGGAGCTCCGTTCTTCGCGGGCGTCCGCGGCGACGGTTTCAGATTCGTCAGATCCACCGAGATGCGCGGCGTTCCCTTGGCCTCGAGCCGCCCGGTATCGGGATGGTAGATCAGCGTCTCGGCGCTGATGCGGCGCCCGTCCTGCACGGCCCGGGCTTTGCCCGTCGCCGTCACGACGCTGCCGCCCACGGAGTAGACGAGTTTTTCGCATTCGATCGTCGTCTCGCTGGTTTTGCCGCTCTTGGGCTGCACGTGGATCTTGGCGCTGCCGGTCCCCGTCAGCGTGTCGGCCGCGCGGGAATAGGACAGCGCGTCGCACCAGAGGCGCGAAACCTTCTCTTCATCCTGCTGCACGACCGTGACGTTCCCCTTTCCTTCGGCGGCGCGAAGCCCTTGGGCGTCGTAATCGCCGCTCAGCGTGCGGCACGTCATGACCATATTGCGGTCTTTATCCTCGAAATGCGTCACGTCCTCGGCGCCGAAAGTCTGCCCGCTCAGCCGCGCCACGGCCGCGCGCAGCACGCGGCTGCCGAAGGCGGCGTCCACGTTGCCATTCATCGCATAGCTGCCGCCGGAAACGGAAAAGTCGGCCGTCAGCTCGGCACACACGGCGTCGAGCTTTTCGCCGCGATAAGTGCCGAAAGCGCGCACGCTCCGCCACAGGCGCGCCTTCTGCGTTTTCGTGCTGGCTTCGCCGTAGGCGGACGTCAGCGTCACGTCCTCGCGCTTCAGCGTCACGTGTCCCTGCACCTTGAACTCGCCGCTTTCCATATCGTAGTCCATGGCGTCGGCGGTAAGCTGCGTGGCGACGGGAGCCGCCGTCAGCGCAGCGCCTCCCGCCGCCAGCAGCAGAACGCTCAAAAGAATTTTCGCGGGAAAGTT
NZ_CP133038.1_gap50	2150288	2155104	4816	ATGCGCGCGAAGGACTCGGCGACGACGGCGCCGACGCCCACGGCCTTGAGGGTGGCGGCGGCATGCTCGCGCGAGGAGCCGCAGCCGAAGTTCGTGCCGGCGACGATCAGGCCTCCGGGCCGGAAGCTGGCCGCAAATTCGGGATCGACGCCGGCCATGGCGTGGCGCTTCACGTCGTCGGGATCGGTCTCGGAGAGGAAGCGCCCGGGATAGATCTGGTCGGTGTCGATGTTGCTGCCGAAGACGCGGGCGCGGCCGGAAATGATTTTGTCCATGGGATGCCTCCTGATCACAGGAATTCGGCGGGATCGACGATCTCGCCGGCGACCGCCGCAGCCGCTACGGCGGCGGGAGAGCCGAGGTAGATGCGCGCCTCGGCGCTGCCCATGCGGCCGGGAAAGTTGCGGCTCGAGGAGCTGATGCAGTTTTCGCCTCCCGCGAGCATGCCCTCGTGCGTGCCGAGGCAGGCGGCGCAGCCGGGCGTGACGAACGTGGCGCCGGCTTCGACGAGCGTCTCCATGACGCCGCTTCTGACGGCTTCAAGCAGCACTTTGCGGCTGGCCGGCACGACGACGAAGCGCGCACCGCGCGGCACTTTCCGCCCCTTGACGACGCGCGCGGCGATTTCCAGATCCTCGAAGCGGCCGCCGGTACAGGTGCCGAGGAAGGCCTGCTGGATCTTCACGCCGGCGCAGTGCGAAACGGGATGCACGTTGTCGACGCTGTCCGGCTCGGCGATCTGCGGCTCGAGCGCGCCGACGTCGAAACGGTGCACGGCGGCATAACGGTAATCGGGATCGGTATCGTACACCGTGTAGTCGTCGATACCAAGCCGCCTCATGTGCGCGAAGGTGACTTCGTCCGGCTGGATCCACGCCGTCTTGGCGCCGATCTCGGTGGTCATGTTGCACAGCGTCAGGCGTTCGCACAGCGGCATACGGCGCACGGCCTCGCCGCAGAACTCGATCACCTTGTAGACGCCGTAATCCGCTCCCAACGCGCCGATGACGTGCAGGATCGCGTCCTTGGCGAAGATGCCTTGGCGCGGCGCGCCGTCGAGGACGATTTTGACCACTTCGGGCACGCGGAACCACAGCTGCCCGGAGATCAGGATCGCGGCCATGTCGGTGGCGCCGACGCCGGTGCCCAACGCCCCCAGCGCGTCGTGAGTGGTGGTGTGCGAATCGGTGATCACCATCAGGCGGCCGGGGCGCGAAAAGCCCTTGTCCACGCAGATCTGGTGGCAGACGCCCTCGTTCACGTCCATGAGGTTGGCGATGTTCTGCGCGTCGCAGAACTCGCGGAACTGTTTTTGGTTGTCGGCCTGCTGGATCGACGAGGCCGGCGCGTAGTGGTCGAGGAACATCACCACGTTCTGCGGCGAATGGACTGTGACGCCGCCGATCTCGAAAAACGAGCGCACGGTCTGCAGATACAGGTCGTTGATCCCGGCCACGTCGACCGTGCAGTTGACGATCTCGCCCGCCGCGACGGACGCGCGTCCGGCGTGGGCGGCGAGGATTTTTTCCGTTGCGTGCATTGCAGCATCTCCCCCCTGCGATGTCTGTGACAATGCGGGCCGTCCCGGTCAAAAGGATCGCCCCGCGCGAAATTATTTCACGCTCTTGATGCTGTCGATCTGAGTTCCGTCGCGGTATATGACCTTCGCCACCTCGCGGGTCCCGCGCGTGGGGCGGTTGGGCACGCCGGTCAGCTTCTCGGCCATGGCTTTGAGGTCGTGGATGTCCACGATCGTGACGCACGCTTCGGCCAGACGACCGCGCAGGGCCGCGCGGGCCGGATTGACGGCCACGCCCTTCTGGGTGACGAGCACGTCGACCGTGCGGCCGGGAGTGGAAATCGTGGTGACGCGGTCGGTGACGATGGGCAGGCGGGCGCGGATCAGCGGCGCGACGACGATGCACAGTTTCGCCCCGGCGGCGACGTCGCTGTGGCCGCCGCTGCCACCCATGATGAAACCGTTGGAATCGGTGTGCACGTTGACGTTGAAGTCGGTGTCGATCTCCGTCGCGCCGAGGATGGCCGCGTCGAGGCTGTCGACGCAGCAGGACTTGGACGTAGGCGAGGCGTAGCGCGTCGCCGAAATTTCCACGTGACGCGGATCGTCGCGGATCGAGGCCACGGCGCCGAGGTCGAAGCACTGCACGTCCATGATGGAACGGAAGCAGCCGGCGTTCAGCATATCGACGATGGCGCTGGTGATGCCGCCGAGGGCGTAGCCGCCCTGAATTTTTTCAGCCAGCATCACGTCTTTGAGGAACGTGGCGGCAGCCAGCGAAGCTCCGCCCGCGCCCGTCTGGAAGGAAAACCCGTCTTTAAGCAGGCCGGAGGCGCGGATCACGTCGACGGTAGTGCGCGCCATGGCGAGAGCGACGGGATCGCGGGTGATGCGCGTGGTGCCGGAAACGATGCCCCGCGGATCGCCGATGCTGTCCACGGGGACGACGCTGTCGACCCACTGCTCCTGGATCAGCGCGTCCTCGAGCGGGTACGGGACAAGGTTGTCGGTGACGACGATCGTATGCCGGGCGCAGCGCGCGTCGGCTTCGGCGTAGCCGAGGGAGCCGCAGGCGCTTTTGCCACGTTTGCCCGTGGCGTTGCCCATGGGATCGGCCGCGGGCGCGGCCACGAACGCCACGTCGATCGGCGTGACGCCGTTTTCGATGGCGCTCGGGCGGCCGCCGTGCGATCGGAAGACGACCGGCTCCTTCATGCCGCCCTCGGAGATGAAGCGACCGACCTTGGCGCCCATGTAGTTGGTCTCGATGCGGCTGACGAGACCGCTTTTGACGTGATCGATAATGGAGCTCTGCACGTCGAACACGGAGCTGCTGTTGAGCGTCAGACCGCGGTAGCCCATGGCGGCCAGTTCGGCCAGGACCATGTTCATCACGCCGTCGCCGTTGCGCAGGTGATGATGGAACGAGATCCTCATGCCGTCTTTCAGCCCGGAGCGGAGGACGGCGTCTTTCAGCGTGGCGACGACTTTGCTGTCTTTCATTCTTCGCGTCCTCCTTTGGCGATGGCTTCGGCCATGGCGATGGTCTGCTCGGCGCGCGCGACGATCGGCTTGTCGATCATCTTGCCGTACAGCGAGACGGCGCCGCGCCCCTGCTCCTTGGCCTGGCGGATGGCGGCGAGCACTTCGCGGGCGTAGTCGATCTCCTTCTGTGTCGGGCTGAACGCCTCGTTGACGGCGCGCACGTGGCGCGGCGAGATCACGGCCTTGCCGCTGAATCCCATGCTGCGCGCGAACCGCGCGTCCCTGGCGGCGCCTTCGTCGTCGTTGACGTCGGTGAACGGCGTGTCGTAGACGTCGATCCCGGCGGCGCGGGCGGCCGAAACCATGCGGCTGCGCGCGTAGAAGATCTCCGTTCCTTCCTTGGTGCGGGGGCAGCGCAGGTCGGCGGTCAGGTCTTCGGCGCCGAGGAAGATCGCCGCCACGCGCGGCGAAGCCGAAGCGACGGCGTAGGCGTTTTCCAGCCCGCGCGCCGTCTCGATCAGCGGGATCAGCTTCACGGTCCCGGCGGGAAGTCCGTGTCGTTTTTCCACTTCGGCCATGTAGGCGTCGAGCGTCGCGACGTCTTCCGCGCCGCCGACTTTGGCGGGCATGATCAAGTCGGGACGCAGCGGCACGATCTCGTCGAGGTCGGCCTGCCAGTACGGCGTGTCGAGCGAGTTGATGCGCACGGTCAATTCGACGTTTTCGAAGCCGAGCGCTTCGATGGCGTTGCGCACGAGGATGCGGGCGGCGTCTTTCTGGTCCGGCGCGACGGCGTCCTCGAGGTCGAGGATGACGTTGTCGGCGCCGAGCGCGTCGCCGTTGACGATGATGTTGGGCGTGTTGCCCGGCAGGAACAGCATGGAACGGCGCATTTACTTTTCCTCCTCCGCCGCGCGTTTGATCGCGGTCTCCACGCGGGCGCGGATCGTGCAGTCGAGCGCGCCGCGATCGACGACGCGCAGCGACGCGTTTTCCACCGCGAACTCCTTCAGCACCTCGCGCACGGTCTTCTCGATCGAAGCGCCGAACTGCGCCGTCACGACCGATTCCAGTTCGACGGCAACGCCGCGCCCCGGTTCGATCTCCACCAGCGCGTCGCTCGATTCCAGCGTGCCGGCAACGGCTTTTCTCCTGATCTCCAAACGGCATCCCTCCCTGTCAAAAAAACGAAGCGGCCCTTCTTCAGCGCCGACGGATCATCCGAATCGTTTTTATTCTAGCACGGGCGCTCCGTCTGTAAACGATGTTTTCGTCAGTCGTTGAGAAACAAAAATACGGCATTTCCGAAGAGTTTCGTGTATAATAGAAAAAATTATAACGTTTTGTTTACAGCAGTCTATGCTCCACATTCAAAAGGAGGAGTTCTCAATGGCAGAAAAAACGATTTACGAAATCGCGCTGGAGCGCCACAAGGAAACCGTGGGCAAGTTCGCCATGGTCAGCAAGATGCCCGTCACCAACATGCAGGAACTGGCCGTGGCCTACACGCCCGGCGTCGCCGAACCGTGCCGCGTCATCAACAAAAAGCCGGAAGAAGTTTACACTTACACGTCCAAGAGCAACGTCGTCGCCGTCGTCAGCGACGGCAGCGCCGTGCTCGGTCTCGGCAACATCGGCGCCAAGGCCGCCATCCCCGTGATGGAAGGCAAGTGCTGCCTCTTCAAGAACTTCGCGGGCATCGACGCGATCCCCATCTGCATCGAGACGCAGGACACCGAAGAGATCATCGGCATCGTCAAGAACATCACCGCCACGCTCGGCGGCATCAACCTCGAAGACATCGCCGCGCCG
NZ_CP133038.1_gap51	2174689	2176008	1319	GGCCCGCAACGGCATGCCCAAGCCCTTGAGCACCATCCTGTGGTTCGGCTTCGACGCGCCCCACACCACCTGTTACGTCCCCATCTACTGCGGCGCGACCGACACAAAGGCCAGCTGGCGTCAGTTCGACCGCGACAGCTACACGCCCGAATCCGCCCAGTGGACGTTCATGCTCGCCGACGACCTCGTCTTGAAACGCTACGCCGAGGCCATGGCCGATCTCGAAGCCGTGCGCACGCCTCTCGAAAAGAGCTTCTTCGACGAGACGGCCCGCATCGACAAGGAAGGCGCCGAACTTTACAAAAAAGATCCCGCCGCTGTCAGCAAGAGGGTCACCGATTTCACCATCGACTGCATGGACAAGGCCGAAAAAGCCTGGCATCAGCTGAACAGGACGTTGATCACCAAGTACATCAACAACAAGAAGAGTTAAGCGTCTGGAAACGCCTGAACGGTTCAGCGCCGCTTCCGCAGGGAAAACGGCCTGGATCGTTCAGTTGCTTCATCAATTCTTATCTTTCACTGGAGGTTTTTTCATGAAAAAGTTATCCGCCGTTTTTGTCGCCTTGCTCGCCGCCTGCGTGCTGAGCAGCTTCGCGTTCGCCGTGGAAGTGCCCAAGCTGAACGCGCCCTTTATCGTTACCACCTGCGGCCAGAGCCCCGGCGCCGTCATGGTGCACATGTCGGCCATGCAGTCGAAGATCGCAGCCAACCACGACAACAAACTCACCGCCGACAAGCTGGCCGCCGCCAACGCCAAGACGCTGATCGTCACTTCCGGCACCAGCATGAAGGGCATGGGCGCCGCCGGCACCAACGTTGAAAACGAGATCGCCCGCTGCACCGAGCTGATCGCCGAAGCCAAGAAGCTCGGCATGACCGTGATCGGCGCTCACATCGAGGGCATGGCCCGCCGCACCGACAACTCCGACGCCGCTTCCATCGAAGCCGTGATGAAGGACGCCGATGTAATCCTCGCCGTCACCGACAGCGACAGCGACGGGTTCTTCACCAAGTACGCCCAGGAACACAACAAACCTCTGATCGTCGTCAAAGACGCTCTGGCCATCGGCCCCGCGCTGAAGGCCGCCGAATAAGGCAAAGGCGTTCCCGCAGCCTGTTCGCCGCTGGAACGCCTTATTTTTCCGCGCTCTTTTCCATTTAAATTTTTTCCGTTGAAAGGACGTATTTGTCAATGACTATGTTTGTCCATTCTTCGCTGGTGCTGGCTGCGGTCGTCGTAGCGTTCGCCATCGGCAAGAAAATGAAGATAAGCACGGAGCTGTCCATGTTTCTCTCGGCCCTGGTCGGGCTGGCGG
NZ_CP133038.1_gap52	2228446	2231703	3257	GCGCGCCCGCGCCAAGCTGGCCGTGGCCGAAGAGGTGCTCGCGCTTTCCAAAGAACATCTGTCGCAGGTCAGGAACTTTTTCAAGTACGGCGTCGTCGCTCAGGACGAAGTGCTGCGCGTGGAAGTCGACGTGTCCAACGGCGAGCTGAACGTGATCTCCGCCAAAAACGCCGTGGACGTGCGCTGGCGCGCGCTCGAACGCGCCGTCGGCACCGAGCTGCGCTCGAAATTCGACCTGCCGGAGCCGGACCGGAACGCGGCGCCGAAAGACGCGCCCCACTGGGACGAGGCCAGCCTTTACGCCCTGCGTCCCGAGCTGAAGGCGCTCGATTTCTCGCGCCGCGCCGCGCTGGCCGTCGCCGCCGCGTCGCGCGCGTCTACCGGTCCGAAGATTGTCGCCGGCGGAGAAGTTTTCAACACGGGGCGCGATTTCTGGCCCGACGATCTGGACACGTGGAAGCTGTCGCTCAGCCTGCGATGGGATTTCTACGACGGCGGCAAGGCCCGCGCCCAGGTCAAGGAGTACAGAGCGCGGGCGCAGGAACTGCTCGCCCAGATCGAAGACGTGAAACGGCAGGTCGCGCTGGAGGTCTCGTCGGCGCAGCTGAACTTCGAATCGGCGCGCCAGCGCATCGACGTGGCTTCACGCCAGGTCGCCAGCGCGCAGGAAGATTACCGCATGGCCCTGTTGCGCTATAAATCCAGCGTCGGCACCAACCTCGACGTGCTCGACGCCCGCACCGCCCTGACCAACGCCCGCACTCAGCTCGTCGACGCCGTTTACGACATGAACAGCAGCCGCGCCGATCTCGACTACGCGCTCGGCCTTTCGGAACGGTTCAAGCTGCCCGACGCCGTTCCGCCCGCGGCGGCAGGACGGAACGGCGCGAAAAATTGAAAAGCGAGGCGGCGGAGCGGTCGTTTTCATCGAACAAGCGGCCGTTTCGCCGCGCTCTTTTCGCGCTTTTTCGCCCGCCGAAGGCTCGTCGAAAGGACGACACAGGATGGAGGTTGTTCTCCCGAGCCGCACGCCGCGAACGAAGAAATTTGCATTTGCCCGTTGACTTTTGACGAAAACCCTTTATAATGTCTTCCTGTCAGGCCGGCGTAGCTCAGTTGGTAGAGCAGCTGACTTGTAATCAGCAGGTCATCAGTCCGACTCTGATCGCCGGCTCCAGTTTTGACAACTTCATACGACGTGGTAGTGTGGCCGAGTGGTCAATGGCATCAGACTGTAAATCTGACGGCGAGAGCCTACGGTGGTTCAAATCCACCCGCTACCACCATTTTTTAAGCCGACTTAGCTCAGTAGGTAGAGCACATCCATGGTAAGGATGGGGTCCCCGGTCCGAATCCGGGAGTCGGCTCCATTTTTTTATCTTTTTGCCGTTGACAAGCAATGTTTTTCAACGAAGATTAAAGATTGGGGACGTTGCGCCGCAACGTCTCTGTTTGTTATAATTCGTTTAAAGTCGTTAAGTGTCATTGGTTGTTATTATGCTCGATCGGTGACGTAAAGTGGTGACTTAAAACTGCCCTATCGTTTCGAGTCACCGCTAAAATCGGTGACTTGAAACGGAGGCGTTGAAAATGCTCGATCGAACGGGGAAGAAAAAGAAGGCTGACGGCACGCCGCTGACGAAGGTGACGATCGACCAGGCAAAGCCGGAAGCCAAGGCGTATGTCTTGGCCGATACGGCGAATGGTCTGTATCTGCGCGTCTACCCCAGCGGGTTGAAGAAGTGGGTCATCCGCACGCGCATCGGCGGCGTGGAGGCTCGCCGGACGATCGGCAGGTATCCCGACATGTCGCTGAAAGACGCCCGCATCGAGGCGAGCAACATCGCCGAAGATCTGTTGAACGGGCGGGCGCTGCGCGGACCGTCTTTGCAGCAGCTGGCCGACCGTTGGCTGACGGAGTTCGTGCGCAAGAAAACGCCCGACGAGGAGTACATCAAGCGCCTGCGCTTCTCGTATTTCAGCGCGGCGCTGCGGCAGAAACCCTGCGCCGACGTGACGCGCCGCGAGCTGGTCATGGATCTGAAGCGGATCCAGAAAGAGCATTCGTACAAGACCGCCCAGCGCACCGCGACCATCGTCACCGGCCTGTTCGACTACGCGCTCGACGAAGGCGTGCTCGGCAAAAGCCCGGCCGGCAATCTGTCGCGCGCGCTGATCCCCGACTCGCCCGAGGACACGGAGCAGCAGCACTTCGCGGCGGTCACCGATCCTGCCGGCGTCGGGCGCCTGATGCGCGCCATCGACACCGTTTCCACGCCGACGACGCGTCTGGCGCTGCTGTTTGTGATGTACACGTTCGTGCGCCAGAAGGAGATGCGCCAAGCAACGTGGGCGGAAATCGACTTTGAAAAACGTCTCTGGATCATTCCCGCGTCTCACACCAAGCGCCGGCGAGAACAGCGAGATCATGTGGTGCCGCTGTCGCGCCAGGCCATGGCGATTTTGGAAACGCAAAAAATGCGCTCATTCACCAGCAAAGAGGCGCTGATCTTTCCGTCCGATATCAAGGGGGCCCAGCTGCCGAAGACGCTGCTGCTCAACGCCGTGAAAACTCTGCACGCGACGCTGCCGGAAGACCAGCGTCCGCCGGAGACGACGGTGCACGGCTTCCGCGCGACGGCCAGCACGCTGCTGAACGGCATGGGATTCCCCCGCGACGTGATCGAACGCCAGCTGTCGCACAAGGAGCGCGACAAGGTGCGTAATGCGTACAACCGCTTCGAATACATCGAGGAACGCACGGCGATGATGCAGGTCTACGCCGACTATCTGGATGCTTTGCGTGACGGCACCCCGACATATGAGTGAAAAACAAAAAAGAGCGGGCACCGTCAATGACAGACGATGCCCGCTCTTTATTTTGCTATGGCCATACTCGCAGCTCCGACCAGCAACCCCAGCAGGAGCCCCTGTGCCCGTCCACGCCTGATGCGTCTATTATACTCCGCCCGCTCCGCCGCCAGCTCGCGCCGGAGGTCCACGACGAGCCGCCGCGTATCCTCCGCCTGCGCGGCGATCTCCGCCCGCAGATCGTCCAGTCCCTGCCGCAGGACGCGGGCGCTCTCGCGATCCGCCGTCCAGCCGGCGATGGTGTCGCGCATGGCGGCCTCGGAGAGCAGATACCCGTCGGAGACGCGCTGAACATCAGCGGCCTGCGCGATACTCTGCCAGCAGAACGTCGAGAGCAGTAGCGAGACGGTCAGCAGGTAGATCATCAGTCCGCTTTTTGGCTTGAG
NZ_CP133038.1_gap53	2332361	2333960	1599	CCTGGCGCACGTCGAGCACGACGTCCTGCGCCAGCTTGTCGCGGTTGGCCCGCGCCACTTTCAGATCGGCTGTGGCGCCGGCCACGCGCGCTTTCGTCTCGCCGCCGTCGCCGATCGGGATCGACAGGCTGAGCCTGGCGTTCCACTGGTCGTCGTCGTAAAATCCCGAGCCGCCGAAGCTGTAGCCGGCGCTGGCGGTCAGATCGGGGGCATTGTTCAGCTTCGCCGCGGTCACGTCGGTCTTCGCCTTGTCCACCAGCAGATCCTGAGCGGCCAGGTCGGCGCGGTTCGCGGCCGCGCGCTTCAGCGCGTCGCCGAGGGCGATGTCCCATCGTTCGTATTCCAGTTCGTCGGCGACGCCGTCGATTTCCAGTTCGGGCGTTCCCATCGCCGAGGCGAGCCGGGCCTTGTACTGCTCCGCCGCGGACTCGGCCTTGATCAGCGAGAGTTTGGCGTTGGCCAGGTCGGTCTCGGCCTTGGTGACTTCGATTTTGGCCTTGGCGCCGGCCGAATAGTAGGATTTGGCCCAATCGAGGCGTTGCTGGTAATTTTTCACCTGTTCGTTTTGCACCGCCGTGTCGCGCACGGCCTTGTTCAGGCTGTAATAGGCGTCGCGCACGTCGGCGACCACGCTCTCGCGGGTGCGTTCCAGCGTTTCCCGCGCGGCTTTTTCGCCGAGCTTGGCGCTTTTCACGGACGCCTTCGTCTTGCCCCAGTCGTACACCGTCTGCGAGAGCGAAACGCCGGTGCTCCAGTCGCCGTCGCTGCCGCCGCTGTTCGCTCCCTTGGTGGAACCGTTGCGCGCGTAAGAACCCGTCGCGCTGGCTTTCAGCCGGCTGCCGGATGCGGAGAGCGAGGCGGCGGCATGGCGCGATTCCGCCGTTCCTTCGGCGGCCGTCAGGCTGGGATGGGAGGCCAGCGCCTTTTCGACGCACTGCGCCAGCGTCAGTTTTTCGCCGGCCATGGCGGGGACGCCGAGCAGAAGCAGGCAGCCGCCCAAAGCCAGAGCGCCGGTTTTTTTCCTCATGTGAGTCACCTCGTCGAATGATCTGTCCGTTCCGATTTCGTTGGCTTCAGTCTAGCGCCGCCCATTCCGTTTGGCATTGTCGAAAATACCAGTTCGCCCCCCGGTGAATTCCCTACTCCGCGCGGAAAGGCTATAATAACGACAGATGAAAAAGGCAGGTGACGCGCAGTGCAGCTTGATTTCGAACGGGAAAATTTGCTTTCTCTCTACCGCAAGACGGACGGCGACGAGAAGCACGCCTTGCGGATCCTGGCGGCGGCGGTCGGCCCCGTCGCGGCGGGCGCGTACGAGACGATGCTCCATTCCCGAAAAGCGGCCCGCATCTCGCCGACTCTTCCCGGTTTCGACGCGGCGGCGGCGCTGCAGCGCTGGAAACAGCTCGGGCTGGCCGGGCGCGAGCGGGGAGCCGAGGGCGAAGGCTGGTCCGTCGTTCTGCCCATCCGCGAGCTGGTCGCCCGCGAAACGGTGCGCGAAAACTCCTTCGCGCTGTATTGCGAAGCCGTGGAGAGCAAACTGCATCTGCCCTCGCTGCGCGCCGAATTCGGCGGCGGCTATCGGGTGTTCAGAGAGCT
NZ_CP133038.1_gap54	2336800	2339733	2933	CGCAGGCGGTCAAGAACATGTCCACCAAGCGTTCCGCCGCCGTCATGGGGCTGCAGGGCGACTTCCGCATGATCATGACCGGCACGCCGGTCGAAAACCGCCTCAGCGAGCTGTGGAACCTGTTCCGCTTCCTCAACCCCGGCCTGCTCGGCTCGCTGGAGCGCTTCAACCGGCGTTTCGCTTCGCCCATCGCCGCGGGCGACGACGGCGCGCGGGCCCGTCTGCGCCGGGTGATCGCGCCGTTCCTGCTGCGCCGCGTCAAGGAGCAGGTGCTCGACGACCTGCCCGAGCGCACCGAAGTGACGCGCCGCATCGAACTGAGCCCGCAGGAATCGGCGTTCTACGAAGCGCTGCGCCAGTCCGCCGTCGAGGCCATCGACGCCGCCGGAAACTCTCCGGAGGCGGACAAGCGCTTCGCCATCTTCGCCCAGCTGATGAAGCTCCGCCGCTGCTGCTGCGCCGTCAAGCTCGTGTCGGAAAGCGTGGGCGCGGCGATCCCCTCTTCCAAGCTCGAAGCGCTGCTCGAACTTGTTGCCGAACTGCGCGAAAGCGGGCATCGCGCCCTGATCTTCAGTCAGTTCACCGACTATCTGCGCCTGATCGAACAGGCGCTCGCGGAACGGGGCGTGCCCTGTCTCTATCTGGACGGCGCCACGCCGCCGGGCGGACGCGCCGAACTGGTGCGCGCGTTCCAGGCCGGACGCGGCGACTGCTTTTTGATCAGCCTGCGCGCCGGCGGCACGGGGCTGAACCTGACCGGCGCCGATTTCGTCGTCCACATGGATCCGTGGTGGAACCCCGCCGTCGAGGACCAGGCCTCGGACCGCGCCTACCGCATCGGCCAGACGCGCCCGGTCGCCGTCTATCGCTTCGTGGCCGCCCGCACCGTGGAGGAGAAGATCGTCGACCTGCACCGCCTCAAGCGTCGCCTCGCCGACAGCCTGCTCGAAGGCGCGGACACGCCGCGTTCGCTCGATCTCGAGGCGCTGGCGGCGCTGATCCGCGACGAAGCGTGAGGAAGCGGCGCGTCCGCCGCGCCGGCAAAAATTTTCGATTGAAGGAGGCGTTACGCATGAACAGCGAATGGAGGTCGCCCTCGGGCGTCCAGGTCCGCATGGTGACGGGAGGATGGCGCAGCGGCGCCAGCGCTTTCGCGCTGAAACTGGCGCAGGACTGGGAGCGAAAAACGATCGTCTCCGCCCAGACCTCCACCGAGGAAGACATGCTGGAGCACATCGCGCTCTATCAAAAAGGCCTCGACGACGGCTGCGAAACCATCGTCGAGGGCGTTCATCTCGACCAGGCGCTCGACAAGGTCCGCGGCGGCGTGTGCATCGTCGACGACCTCGGCGCCTGGGTGAGCAACCTGACGAGCGGCAGTTTCCGCTTCACCGGCGAGACCTGTCCCGAGATCGAAGCGTTCGTCAGAAAACTGCGCCGGCCGCCCTGCGAGGTGATCGTCGTCACCCGCGAGCTGGGCATGGGGCTGCCGTCCGACCGGATCGCCGAGCGGCGCTACCGCGACGTCGTCGGCCGCCTCAACCAGCGCATCGCCGCCTTGGCCGCCTCGGTCTACCTGTGCGTCAGCGGGCTGCCGCTCAAGCTCAAATAATTCGTGTATAATACCCTCGAGAACTTTTCCGGGGAGGGATCCGCATGTCCGCACTCAGCGCGCTTCATCAGCGCGTCTGCCAATGTCGCAGCTGTCCGCTGGGACAGGCCGACGGCGTCCGCGAGGACGGCTCCGCCTTTTATCACGTGCCCGGCGAAGGGCCCGAAAACGCCCGCCTCATGATCGTCGGCGAAGCGCCCGGCGCCGAAGAGGAGCGCACCGGCCGCCCCTTCGTCGGCCGTTCCGGCCGTCTGCTCACCGAAATCCTCGCCGCGGCGGGTTTGGAGCGCGAAGAGATCTTCATCACCAGCGTGTGCAAATGCCGGCCGCCGAAAAACCGCACCCCGTTGCGGACGGAGATCGCCGCCTGCCTGCCGTGGCTCACCGCCCAGTTCGAGGCGGTCCGTCCGCATCTGGTGCTTACCGTCGGCAACGTGCCTTCGCAGACCCTGCTCGGCGTCAGGACCGGCATCAACGAGCTGCGCGGCCGCTTTCATCAATTTGCGTGGAACGGCCGAACCATGACGCTGCGGCCGCTGTTCCACCCCGCCTACCTGCTGCGCAACCCGCGCCGCGTCGAGGGCTCGCCGTGGGACAAAATGCTCCGCGACCTGGTCGAAGCGCGCGACTTTCTCGCCGGGCGAGGTTGAGCGCGCCGCCGGACGGGAGCCGCCGCAAAGACGCGAAAAAAATCAAAAAAGGTCTCGTCTGGAATGCGCATTCCAGACGAGACCTTTTTTATACTAGGGCTTGTTTAAAAAACATTTCAGCTTGTATTATTTCAATAAAATAACACTGGCAGCGACAAGAACAAAAGCGAAAAACGAAGCGTCAAGTTTGTCATAGCGGGTGAAAATTCTACGGAACCATTTGATTTTCTGAAAGAAACATTCAACCAAGTGTCGTTCCTTGTAAACATGCTCATCTATAAACCACGGTTCGGGATTATCGCTCTTCGGCGGGATAGTGTAACTTCCCTCCCGAGAAGTAATGTACTCTCTGATGGCTTGCGAACCGTAAGCCTTATCGCCGATGACGTTGCTCCCTCTGATTTCCGCTTGCCCGAGCAAGGACACGGCATGGCGGGAATCGTGGTCATTGCCGGGACTGAGCAGGAGCGCCAGCGGATTGCCTAAACCATCTACTATCGCATGAATTTTCGTATTCTTGCCGCCTCTGGACATGCCAATCGCTTGAGCCCCTTTTTTCCCCCTTCCGGGGTTTTCCCTCTCCCGTTGGCACTTTGATGTACTTTGCAGGACGTGGAGTCGATAGAGAGATTTTCCATGTCGGCATCAGCGCTTAGGGCGGCAAAGATCGC
NZ_CP133038.1_gap55	2358737	2362634	3897	CTCTCGCGCATTTTCTTCGCCTCGGCGCGGCAGTGGTCGATGCGCTGCGCCGAATTGCTGTCTTCCTGAAGCAGGGCGTTCAGCTCTTCGGTCTGCTCGCGCAGGGCGCGGCGCAGCGCTTCGGTCTGCGATTTCTGTTCGGAAGCGGCGGCGCGCTGTTTTTCCAGCGCTTCGCCGGCTTTCGCCTCGGCGCGCTCGGCCGCTTCGAGGGCTTTGGCGATCTCCGCCTGCGCTTTCTTGTCGGCGACGATCCGTTTTTCCGTCTCGTCGATCATGTTGCGCAGCGTGATCGCGCCCGCGGAACGGGCGTTCTTGCCGCCGCTGACGGTGCCGGAGGGCGAAAAGACTTCGCCGTCGACCGTGACGATCGGATAACGGGCCGTCGCCGCCAGGCGCGCGCCGGTGTCGTAATCCTTGACGACCAGCAGGTCGCCGAGCAGATGCTCCATGGCGGGCAGCCAGCGCGGATCGGGCGCGACCAGATCGATAGCCCAGCCCAGCACGCCGCTTCCCGCGGGGGCTTTGCCGGGGCGGGGGCTGCGGCAGCGCTCCAGCGGCAAAAACGTGGCGCGCCCGCCGCTGCGCTCTTTCAGCAGGTCGATGCCGACGCGGGCCTGCGCCATCGTGTCGACGAGCAGCCAGTACTGGCGGCCGCCCAGATAGGCTTCGAGGCAGGGGGCCAGCGAGCCGTCGCAGGAAAAACCTTCGACGGCGGGGATCGTCTCGATCTTCAGGCGCCCGAGCTTGACGGCCGAGAGCACCATCTGCACGGGGCGCGGATAAAGCCCCGCCTCGGCGCGCTGCAGCAGACTGTCGAGTTCGGCCTCGCCCTTGGCGATGGAGCGGCGCACGCTTTGGGCGCGGATCGCCATCTCCTGGCTCCGAGCCGCCGCTTCGCCGCGTTTTTTCTCCAGCTGTTCGAGCGCGTCTTCGAGCGCTTCCAGCGCTTCGTCGGACTCGGTCATCTTCGAGACCATTCCGTCGCGTTTGGCGCGCAGGTCGTCGAGCACGGCGGAGCGCTCGCGGCTTTGCAGGCCGAGCGTTTCGGCGCGGGCGTCCATCTGCCGCGCTTCTTCCAGCAGACCGGCTTCGCGTTCCAAAAGCTCCTGCCGTTTGCGGCGCGTCTCTTCCAGCGCGGCGTCGCGGGAAGAGAGTCGGTCTTCCAGATCGTGGATCTGCACGTCGAGCGACGATGCTTCCTGCGTCAACCGGCCAGCCTGGACGGCCAGCTCGCTGCGCAGAGTTTCTTCTTTTTTCAGCTGTCCTTCAAGACGGTCGCGCTCTTCGCTGGCACGGCGCGCGGCGAATTCGCTCTCGCTCTTTTCCGCGTTCAGCGCCATCTCGCGGCGCAGCGCGTCGTCGAGGCGCGGCGTCAGCTCTTCCAACTCGTCGTTCAGCTCGCCGCGGCGCCGCGCGTACTCGCTGCCCTGCGCGCGGAGGCGTTCGAGGGCGTTTTTCCACAACGACGCCCAGCGTTCCGCCGACTCGAGGCGCGAACCGGTCTCTTCGTGCTTTCGATCGAGCGTTTCAAGACGCGTTTCTTCGCTGCAGCGCCGGTAATGGTACAAAACGCGGCGCAGGTCTTCGAGACGCTCCTGATAGTCTTTGGCCTTGCGCGCGTTCTGGAGATCCGGCGCGATCTCTTCGCGGCGCGCCCGCAGCTCGCCCATCAGCGTGTGCAGACGCAGCAGCTCGTCGCCGGACTGCTTCAGCTCGTCAAGAGCGCCGTCGCGCTTTTTACGATACAGGTCGATGCCGAAAAGCTCTTCCAGCTGCAGGCGGCGCTGGAACGGCTTCTGCAGGACGGCCGCGCCCACTTCGCCCTGGCCGATGAAGGCCGAACGGTCGCCCTCGAGGCGCCACTGCTGTTTGAACTGCGTCAAATCCTGGATGCGCATGCGGGCGCCGTTCACGTAAAGCGTGCCGCCCGAGGCGTCGAGATGGCGGCGCAGGCTGCCATGGGCGCCGCCGTCGTTGAGATCCAGCGTCACGTCGGTCTCGGCCGCCTCGGAAAGGCCGGCCGATCCCTGAAAGATCAGGTCGCTCTGGCGGGTGATGCGCAAACGGGCCGCGCCGCTCTCGCCGAGGACCCAGCGCAGGCCGTCCAAAATATTGCTCTTGCCGCTGCCGTTCGGCCCCACGATGGCCGTGAAGCCCGGCGCGAAAGGAAGCTCGTGCGTGCCGCCAAAGCTCTTGAAATTTTTAAGGGTCAGTCGTTCGATAAACAACGCTGGTATCTCCTCTGCTGCGCATCAGTTCGACGCGCGATTCTACGCTGCTCAGCGAGCCCTGCAGGTCGAGACGGAATTTCTCCAGCGGCATGCCCGGCCGCCCGCGCAGGAAAATTTTCCGGCCGAACGTCTCCTCCCACAGACTCAGATAGACCTGCGCCGCGTAAGCCGCCACCGATTCGTTGACGTCCACGAGCACGGCCTCGGCGCGGCCGGAAAGGAAGACCTTGCGGATGAAGCGCTTCAGCATCAGCGCCAGCGAATCCTCCTTCAGCACCCGCGAGCCGGAGCCGCAGAGCGGGCAGGGACGCGTCAGCACCGATCTCAGATCGGCCCGCGCGCGCTTGCGCGTCATCTCCACCAGGCCAAGCTGCGAGATCCCGTAGACGCGCACGCGGCAGCGATCCGCCGCGAAAACTTCGTCCAGCTTCGCCAGCAGCGCTTTTCTGTCCCCTTCCGGCTCCATGTCGATGAAGTCGACGACGACGATGCCGCCGATGGCGCGCAGCTTCAGCTGCCAGGCGATCTCTTCGGCCGCTTCGAGGTTGGTGGCCAGCACCGTCTCGCGCAAATTGTGCCCGCCGGTGTACTTGCCCGTGTTCACGTCGATCACCGTCAACGCTTCCGTCTGATCGACGACGAGATAGGCGCCGGACTTGAGCCAGACTTTATTGTCCAGCAGCGCGTCGATTTCCTTTTCGACGTCGTAGTACTCGAACAGCGGGATGTTGCTGCGGTGGAAGCCCAGCGCCGGCGTTTTCTCCGCGGCGCTGTAGCGCTGCAGGTAATCGGCGACGCGGTCGTACTCCTCCTGATTGTCGACGACGATCTGCGACACTTCGGAGCTCAGCTCGTCACGCAGCACGCGCCCGACCAGCCCCATGTCCTTGTACAGCAGGCAGGGCGCCGTCTGCTTGGCGGCGTTGTCCTCGATGTCGTGCCAGAGCGTCTTGAGCCGCTCGAAATCGTCGGCCAGAGCGTCGGCGTCCACGCCTTCCGAAGCCGTGCGCAGGATCACGCCGTAACCGGCCGTGTCCAAGGCGCGGATCGTCTCCTTGAGACGGGCCCGCTCCTCTTCCTTGACGATACGTTTGGACACGCCCACGTCGCGGCCGCCGGGCACGAGCACGAGATAGCGCCCGGGCAGCGAAATGCGCGCGGTCACGCGGGCCCCTTTGTTCTTGCGCGCCGTCTTGACAACCTGCACCAGCACTTCGCCGTTTTGCTGCACTTTCACGCCGCGCGCGTCGTTCAGATAAAGGAAGCCGTTCCGCCCGTCGCCGAGGCCGACGAAGGCGGCGTTCATGCCGGGCAGAACGCTTTCCACGCGCGCTTTGTATATTTCCCCGCTCTTCTGGCATTCCCACATCCGTTCGACGAAGAGCTCGCTCAAACGACCGTTTTCCACGATCGCGACGCGGGCTTCTTCCGGGTCGATGGTGTTCGCCAGGATGAGTATATCCGGCTGGTTCATGTCCACGCCTCCGAAAACATTTGATTTCTATCGAAAAATCGCTCGAGACAACGGTCGCCGTCGGATTTTTCCCGTTTCTTCGCGGCAGCCCTTGTTTCCCGTCGTCTACAGCAGCGGCGCGATCTCGCCCTTGTCGGCGCGCCAGCGTCCCAGACGGAGCCGGGCGATACAGACCTCCGGCCAGCCGGAAAT
NZ_CP133038.1_gap56	2368258	2368768	510	GCCCGGCAGGATCGCGCCTTCGAAGGCCACGCACACCGATGTGCCGCGTCCTTTGAAGCTGATTTCCTTCTTCTGTGAGGCAAGTTCCATCTATTTTTCCCCATTCCTTTCACTGAAATACGGATTCATACTATTTCTTTATAAAGGGCGAACTCAAGAGCGCTGCAAGGGAGATCCACAACGCCAGCGGCGCAGCAGTCGAAACGTTCCCGAGCGAATGAAGAACTCCGTTGCGACGCCCGGCGAACCATGTTAACGCTTTTATCAAGAAAGTATTATTTTTCTTTCGCGCTGCCATTTTCATTCAGCAAAAAGCTCAGCAGCTGCCCAACCAAAGGGCCGGCCACGCGGCCGCCGCTCTCGCCGCCTTCGATGAAGCAGACGACGGCATAACGAGGCTTTGACGCCGGTGCGTAACCGGCAAACACGGCGTGATCCTTGCCGTGATCGTGCTGGACCGTACCGGTTTTGCCCGCAATTTCCACACCGGACACTGCGGCGCGATGACCG
NZ_CP133038.1_gap57	2370207	2374697	4490	GACCGCCAAAACCACAAAGGATCCGGCCACGACGGCACGCCAGAAATTCAAGCGCGTATCAGACAGCAGGCGCTGGGTCGGTTGTTCAGAAAGATTTTTCGTCATGAAGGCGAGACCTCACGAGCGCCAAAAAGATCAGCACCGCGGCGTTCGCGATCCATTGCACGCCGATGACGAGCCCGATCCGACCGGCCAGGACGCCGGCATCCCAAAAGAGCAGTCGCGACAGCGTCATCACGGCGCAGAGCAATGTCGTGATGACCACATAGGGCAGCGTTCGGCGGTTGGCCGCGGGAATCTGGAACCATGCCCAATGCGCAGCCAGAACCGCCGCCGTATAAAGAGCGCCATACAGCCCCGGCACTCCGATCCAGCGCAGGTCCATCAGCAGGCCGCCACACAGCGCCGCGGCGAACCATCGCCAAGGCACGCTCAGCTGCTTCTCCCGGGTCACGCACCAGATCAGCATCATCAGATAGATTTCCGGCGCCAGAAAGGTCTGAGTCATCATGATCTGCACAATGTCCTGAGCGTACCAGCCGAAAATCAGCGCCAGAAAATTTTTCATGGCTGCAAACCTCCCAGCACGGACACGTATTGAAGTCTGAACAGATCGGCGCCTGTCTTGACGCGGAACTCATCGACACCCGCGGTCACCGTCCGTCGTTCCGAAGTCAGCTCGCCTACCGGCAGTCCGACCGGCAGCCGGCTGCCCAAAACGGTCAGGATCTTCATTCCCGGCTTGTAATCGCCGTCGGAAGGCAGATACCTGACCCACACGCCGCCTTCGTTGTCCCCCGTGACGACGCCGATCTCGCGCGTCTCTTCCACGACCACGGGAACGTAAAAGCCGGCGCTGGTGACCAAACGTACCCAGGCGCTACCGCCGCTCTGCGAGGTGATCACGCCGACCAGATCGGAGCCGTCGAGCACGGCGCAACCGGGATCATACCTCTCGTCGCCGGTGCCGATGCGTAGTTCTTCCCACCACATACTGGGGTCGCGAAAAATGATCGGGAAACGATTGCCGGGACGGGCACGCCGCTTAAACTCCGCCGAGATTTCCTCTCCCGATTGCAGGCGCAACGCGCGATTCTCTTCGCGCAGCTCCTCCAGCTCCATCAGCAGATCCCGACGTTCCGTGGTCCAACGACGGAATCGCTCGACGCGATCGATCACAAAAACGGCCGGTTTCTCAAGCGGGGCCAGCACCGATGCGGTTACATCCATGGCATGGCGCGTCCGCCCGCTTCCAGTCGCTCCCAAGGCGAGAAACACGCAGGCGACGACACAGATCAGGCCGATAACCAACTCCCGTTCAAAGTTCCAGCGCTCTGCCATGATCGGGACTCGTTAGAGCTGGCTCTTGTGGACGGTCGTGAGGATCCTTTTCATTTCTCCCAAATTCTGCAGCGTCAGTCCCACGCCGTTGGCGACCGCGTGAATAGGCTCCTCGGAAAGGATTACGGGAGCGTTCAGCACCCGCGTCAGTTTTTCCGGCAGGCCGCGCAGCTGCGAAGCGCCTCCGGTCAACACGATGCCGTTGTCCACGATGTCGCGGGAGAGCTCCGGCGGCGTCTGTTCGAGAGCCACTTTCACCATGTCCTCGATGCGGGAGACGATCGGCAGCAGCACCTCGCGGACTTCCACCGAACTGACGCGGCTCACCTTGGGCAGGCCGTCGGCCAGGTCCCGCCCTTTCACTTCCATCTCAAGCTCTTCCTTGAGCGGCAGCACCGAACCGATCTCGTTTTTTACGTTTTCGGCCGTGCTTTCGCCGATCAGCAGCGCGTGCTTCTGCCGGAACAGCCCGATGATCGCCTCGTCCATGCTGTCGCCGGCGATGCGCAGCGAATTGCTCACCACCAGGCCGCCCAAGGAAATGACGGCCACTTCGCTGGTGCCGGAACCGATGTCGAGCACCATGCTGCCCTCCGGCGCGTTGATCGGCAGCCCGGCGCCGAGCGCCGCCGCCAGCGGCTCGTCGAGAATGTACGCTTCGCGCGCGCCGGCGCCCAGAGCGGCGTCGACGACCGCGCGGCGTTCGACCTCGGTGACCCGCGCGGGCACGGAAACGACGACTTGCGGATTGGAAAAATGTCCGGCCGCGCAGGCTTTGGAGATAAAATGGCGCAGCACGGCCTCGGTCATGTCGAAATTGGCGATGACGCCGTCGCGCAACGGCCGGATCACCGAGACGCCCATAGGCGTTTTGCCGATCATCGCCTTCGCCTCGCGGCCGTAAGCGATCACTTCCACGCCGCCGCCGCGCGGCAGTTTGCGCACCGCCACGCAGGAAGGTTCGTCGAAAACGATTCCCCGGTCGCTCTGAAAAACGACCACATTGGCGGTGCCAAGATCGACGCCTACGCCAACGCCGCCGGATCTTCCGAAAAGAGCCACGATTGTTCCTCCTCAACAGTTCTTTTTCCGCGCGGAAAAGAACGATTTCACTGTTTTACCGCGGCAGCATTCAACACCACGTCTTTGCCCGTGCTGCCGTCGCCAGGAATGCGGCGGATCCCGCCGCCGCCGGCAATGTAATGTCCATAATAACCGATCTGAAGCACCTGAAGCATTTTTGCCACCGAGCGCGACAGAAAAAGATCGTCGTCGCTCGGCGTCAGGCCGCCGTCGGGATGGTTATGCACAAGCGCCAGCGCCGCGCAGTTCAGCCGCACGGCGCGGCGCATCAGATAGGGGGCGTCCAGCACCGCGCCGTCGACGCCGCCGTACGAGAGACGTTCGTCCGCGATAGGAACATCTTTACGATCCAGATAGATGGCGATGATGAATTCGCGTTCGTCCGCCGACAGCTGCCGGGCCCAAAATTCAAGACGGCTTTTCAGGTCGTCGCGGCGCTCCTCTTCGTCCGCTGCCCGCCGCCCCAGTTCAAGCGCCGCCAGCAGCGTCACCGCCTTGGCGAGGCCGACTCCTTTGACGCTGTCGCAGGGGCGGCTTCGCCCCGCCAGCTCCAAGGCGTGAGCGCGGGACAGATTTTTCAGCGAGCCGTATTTGTTCAGCAACTCCCGCGACATTTCGATCACATTGCAGCCCTCGCGCCCCGTACCGAAAAGGATCGCCAGCAGTTCCTCCGTCTTCAGCGCTTCGGGGCCGCGGGCCACGAGCCGTTCGCGCGGGCGTTCGCTGGCGTTCATCTCGAGTGCCATCGGTTCAGCCCTTCAAAAAGGGGTTCCACTCGCGCTCTTTCTGGAGCGTCGTCTCGGGCCCATGGCCGGGAAGCACGGGCATGTCGCCTGCAATGGCGTTGAGACGGGCCAGCGAGCGGGACATGGCCTCGCTGTCGCCGCCGCTCAGATCGGTGCGGCCGATGCTGCGGGCAAAAAGCGTGTCGCCGGAAACGAGCAGTTTTTCCCCGCCCTGCTCGGCGATGTAGCAGGTGCTGCCTTTTGTGTGCCCCGGCGTGTGCAGCGCCGTCAGCGAGATACCGCCGACGGAAAAAACGTCGCCGTCGCGCACAAGGCGGTCGGGCTGCACCGCTTCGATCTCGCAGCCGAACTCGCTGGCCAGATTCCGGTTGGGATCCGCGAGCAGCGGTTCGTCGTCCGCCGGCACGTACAACGCGGCGCCGGTCGCTTCCTTCAGCGCCGCGCAGCCAAGGATGTGATCCATGTGGCCGTGGGTCAGGACGATCGCCGCCAGCTTCAGCCGCTCGTTGCGCAGGTAACCCAACACGTCGGCGGGATCGCCGCCGGCGTCGATGCAGAAAGCCGTGCCGCGGCCGTCGTCGATCACGTAGGAATTGGTCCACAGCGGGCCAAGAGGAATGCGTTTGTAATTCATGACTCTTTCTCTCTCTCCGGAGTATCGATAATCAGCGTGACGGGTCCGTCGTTGACGATATTCACCGTCATCATGGTCTGAAACACGCCCGTCTCGGCGGGAATGCCCCGAGAACGGACGCAGGCGACGAATTTCTCGTAAAGCGCGTCGGCCTGCTCGGGCCGCGCCGCCTCCGAAAAGGACGGGCGGCGGCCGCGGCGGCAGTCGCCGTACAGCGTAAACTGGGAAACGATCAGCATCGCTCCGCCCACGTCGGCCAGCGATCGATTCAATTTGCCGTTTTCGTCTTCGAACACGCGCAGTCCCGCAATTTTGTCGGCCAGCCAGCGGGCGTCGGCTTCGGTGTCGCCGTGCGTCACGCCCAGCAGCACGCAGAAGCCTCTGCCGATGGCGCCGACGCGAGCGCCTTCGGAATCGACGGAGGACGAGGTCACCCTCTGCACCACAGCTCTCATGTTCTACCCCCTGTATACGTCGATCACGTCGCGGATGCCGTTCAGCCGCGCGATGATGGAATACAGCTGTTCCAGATCCTGCACGGCGATATCCATTTTCATGCGAGAATTGCCGCTGCCCATCTGGCTGGCCATCACCGACGTGATGTTGATGCCGCCGTTGCCGCAGACCTGGGCGATGTCGCCGAAAAGTCCGGGGCGGTCGAGCGCGTCGATGATGATGCGCGCGTC
NZ_CP133038.1_gap58	2501094	2505405	4311	CGCTGGGCGCAGACAGCGCGGCAAACGCGCAGACCGCTACCGCTGTCGGCGGCTATGGAGCGAAAGCTACAACGGACGCTGGCGTAGCGCTGGGCTCCTACAGCGTGGCGGATACGGCTGCGAACGTGCAAGGCTATGATCCTTCCACCGGAGCCGCGTCCACGGAGAGCGGCAGCGCGTGGCAATCCACCTTGGGCGCGCTTTCCATCGGCGACAAGACGACAGGACGCACCCGCCAGATCACCAACGTCGCAGCCGGTTTTGAAGATACCGACGCCGTCAACGTCGCCCAACTTCGGGCGGCCGTCTCCGCCGCAGGCGGGGCCGCGACCTACAAATTCACCCTCAGCGACTCCACAACGTCTCCCGCGCACACGGTCACGCTCGGACAAAGCGCGACGCCGGACATCAAGTTCGTCGGCGCCAACGGCGTCATTACCACCGTCGCGGGCGGCGTCGTCACGATCGGCCTCGATCCCGACGCGGGGCAGGGCGGCAAATGGAACCTTCAGACCAATGGAGGACCGTCGATCGTCGTCGCCAAGAACAATACCGTCCAGTTCAAGAACGGCAGCAACATTGAAATTACCCGCGACGAAAGAGACGTGACCGTGCGCGTCGTCGACGCGCCCACCTTCGCCGGCAAAGTCACCGCCAAAGGCTTCGACGCGACCGGCAACAAGATCGTCAACGTCGCCAGGGGAGACGTCACTCAGACCAGCGCCGACGCGGTCAACGGCTCGCAGCTCTGGGGCGTGTCGTCGAGCGTCTCCAATCACCTCGGCGGCGGCTCCTCTGTCAACCCTGACGGCTCCGTCTCCGCCCCCACCTACGTCATCCGCGGCGGCACGTACCATAACGTCGGCGACGCCCTCAGCGCCGTCGACACCCAGTTCACCAACATCTACAACAACTTCGGCAGCGTCTACAACCAGATGGGCGAACTGAGAAGCGAAATCAAGAGCACCGGCGCGCTCGGCTCCGCGCTCGCCGGACTGAAACCGATGCAGTACGACCCCGTCGAGCCCAGCCAGATCATGGCCGGCTTCGGAGCGTACAGAGGCGAGTACGCGCTGGCCCTCGGCTTCGCGCACTACCTGAAAGAAGACTTCATGGTCCACGCCGGAGTGTCCGTCACGCACCACGGCGAGTCGATGGCCAACGCCGGCCTGACGTGGAAGATCGGCCGCAAGGAAGACAAAGACCAGATCCCCGAACGCTACCGCTCCGGCCCGATCAGCAGCGTCTACGTGATGCAGAAGGAGAACGCCGAGCTGCAGGCCGAGGTGTCTTCGCTCAAGCACGAACTCGTCGAGAGCAAAGCCAATCAGGCGCGAGAGATCGCCGCGGTCAAGGCGGAAATGGAGGCGCGCGTGGAGCGCCTCGAGCGCCTGCTGCGCGCTTCGGGCAAGATCAGATAAAAGCGGGGAACAAACTGCCGCGGACGAAGAAAAGCAAAAAAACGCGATACACGCCGCCGTTCCGCGGCGGAAAAACAAGCACCGCACCGAAGAGCCGCGGCGAACGATCGATTCTCGTTCGCCGCGGCTCTTTTCGTGAAAGGCGCTTCCGCGAAACGGGGCGGTCGTCCCGGGAGCGCCGTTTTTTTCCTTCACCATGGGGACGCGATAGAGCTTTCGCGTTATAATCATGGCAGTATTTCGCCAAGGAGGGAACTTTATGGACATCACCCCGGAATTGAAGGAGCGGGCGCAGGCGCTGCACCGTGATTGCTTTGTGGCCGACGCGCACTACGACCTGCTCAACCTGCTCGCCGCCAAGCGCCTCGAGGGTGGCAGGACGGACGTTTTCAGGACGGATTATCTGGAAAAGATCCGCGCCGGCGGCGTCGACCTGCTGATCTCGTCGATCTTCATCGACGACCGGCACGTGCCGGAAATGGCGCTGCGCCGCGCCCTCGACCAGATCGCCTGCATGCACGAGGAGCTGGCGCAGTGTCCCGATCTGGTCCTGTGCCGCGGCGTCGCGGAGATCCGCGCCGCCCGCGCGGCGGGGAAGATCGCCCTGCTCCTGTCGTTTGAAGGAGTGGAACCGCTGGGCAACGACCTCAATCTGCTGCGCGCCTTTTACGAGCTGGGCGTGCGCGGCATCGGCATCGTCTGGAGCCGCCGCAACTACGCCGCCGACGGCTGCTTCTTCCAGCCGCGGCGCGAAGGGCGCAAGGGCGGCCTGACGGATTTCGGCGCGCGGCTGGCCGACGAGGCGGAACGGTTGGGCATGTATCTGGACGTTTCGCACCTCAACGACGAGGGGTTCTGGGATCTCTGCGCGCTCACCAAACGTCCGTTCATCGCTTCCCACTCCAACTGCCGCGCGCTGACGCCGGTGGCGCGCAACCTGACCGACGAGCAGATCGCCGCGCTCGCGCAGCGCGGCGGCGTCATGGGCATGAACGCCTGCAGCGACTTCGTGCGGCTCGACGCGGGCAGCGCGGGGCGCGCGGATCCCGACGAGCTGGCGGCGCACGGCGCGCACGTCAAACAGATCGCCGGCGCGGAACATCTGTGCTTCGGCTTCGATTTCTGCGACGAGTTCCGTATCGGCAACAGCCGCGAACCGAAGGACGCGGTGCCGTTCTACGACGAGAGCTGGCGGCTGACGGCCGGGCTTCTGGCCCGCGGCTTCAGCGAGGACGAAGTTCGCGGCGCGCTCGGCGAAAACCTGCTGAACTTTTTGGAGCGCACAATCGGCTAAAACACAGCGGCGCGCGCCGTTTTTCAATTCCCATACTTATAAAGGAGAACGTTCATATGAGACCGGTACAACACGACGACCTGTTAAAGTTCAAGTTCCTCTCGCGTCCCGCGTTTTCGCCCGACGGCGGCAAGATCGCCTACGTGGTCAGCTCGGCGAACTTCGACAAGAACAATTACGACAGCGCCCTGTGGCTTTACGACCTCGCCGCGGACAGCGGGCGGCAGCTGACGTTCACGAACTCCGAGAAGTTCTTCGCCTGGAGCCGCGACGGGCGCGAGCTGATCTTCGCTTCCGGGCGCGGCGACGTGCCCAAGGACAGCACGCGCTTTTACGCGCTGCCGCTTGACGGCGGCGAGGCGCGCGAACTGTTCACGATCGACCGCCCGGCCAGCGCCATCGCCGACCTCGGCGGCGGCCGCTGGCTGGTGACGGCGACGTTCGAGCCCGTCTACGACAATCCCGAAGGCGCCGACTACTACGTGATCGAGCAGCTCCCTTTCACCGCCAACGGCAAGGGCTTCGTCTGCCAGCGCCGCACGGGGCTGGCCGTGTACGACGCCGCCAGCGGCGGCTTCACGCGCGTCACGCCCGAGCATATGGAAGTGGCGCGCTGCCATCTCAGCGATGACGGCCGCAAAGCCCTGCTCGTCGCCGTCGAGTATACGGACGTGAAGCCGACGACCAACCACGTCTACGAGCTCGACCTGGGCACGGGCGAACTGTCCTGCCTCAGCGAAGGGCTGACGTTCGGCTTCAAGGACGCCGGCTGGTACAAGGACGGCGTGCTGGTCACGGGCAGCGACCAAAAAACTGTCGGCGTGAATCAGAACATCCAGTTCTTCTTCCTTAAGGGCAAAAAGCTCGACGCCGTCACGCCCGCTCTCGACAGCAGCCTGCGCAACGCCGTGGGCAGCGACTGCCGCTACAACACGGCTGATCAGGAGGGCGGCTTCGCCGTCGAGGGCGGGCGCGTGATCTACTGCGCCACCGAGGGCTTCCGGAGCCGACTCTACGCGCTCGAAGCCGACGGCTCCATCTCCGCTCTCACCAACGGGACCGACACGGTGGACAACTGGGACTGGAAAGACGGCGCGGCGGTCATGACGGGCTTCAAGAGCCTGCAGCTGCAGGAGCTCTATCTGCTCGAAAACGGCCGCGAGCGTCAGCTGACGCGCCACAACGAAGACGTTACGAAGGAGCTTCAGCTCTCCGCGCCCGAACACGTGAGCTACGAAAACGAGGGCTGGCAGCTCGACGGCTGGTACATGAAGCCCGTGGGCTATGAGGAAGGCAGGAAGTATCCGACGATCCTGCACATCCACGGCGGCCCCAAAAGCGCCTTCGGCGGCGTCTATTTCCACGAGATGCAGTGCTGGGCTTCTCGCGGCTACGCCGTGATCTACTGCAACCCGCGCGGCGGCGACGGACGGCCCGGCGGTTTCGACGACATCCGCGGCTTTTACGGCGTCAAGGATTACAGCGACATCATGGCGTTCACGAAATGGTGCGTCGCCAACCTGCCCTTCGTCGACGAGAAGAACGTCGGCGTCACGGGCGGCTCCTACGGCGGCTACATGACCAACTGGATCGTCA
NZ_CP133038.1_gap59	2507275	2511613	4338	GCTGCTGATCGTCGGCCACTACGACACGGTCCACCCTTTGGGAACGGTGCCGGTGCGCCGCGAAGGCGACGTCCTCTACGGCCCCGGGGTGGTCGACATGAAGGGCGGCGACATCTCCGTGATCTGGGCGCTAAAAGCGCTTCAGGAGCTGGGCGTGAAGCTGGACAAGAAAGTTCTGGTCGTCAACAACTCCGACGAGGAAACGGGATCGTTCCATTCCCGTCCGCTGCTGCTGGAAAAGGCGAAAGAGGCTTACGCCTGCATCGTCGCCGAGCCGGCCGTGGCGAAAACCGGCCTGATCAAGGTCAGCCGCAAGGGCGGCGGCCAGATCCTCATCAAATGCTGGGGCAAGGCGGCCCACTCCGGCAACGATCCGCGGGGCGGCGTCAACGCCAATATCGAGCTGGCGCATCAGATCCTCTTCGCCGAGAGCCGGTCGGATTACGGCCCCGGCGGCAGCACGTTCAGCGCCAACGTGATCCGCGGCGGAACCGCGGACAACGTGGTCTGCGATTACGCCGAAGCGGTCGTGGACTGGCGCATGTGCGTGCCCGAGGAAGTCGAACGCGGCCGCGCCGTTTTCGCCGGGCGCGGGGCCGTGCTGCCCGGCGCGCGCGTGGAGTTCGAGATCAGACTGTCTCACCCGCCGCTGGCCGAGTGCGAGGGCAACCGAAAGCTCTTCGCGCTGCTTCAACAGGTCGGCACCGACCTCGACATGGAACTCGAGGCGTCGCCCATGGTGGGCGGCTGCTCGGACGGCAACGACATTTCCGCCGCCGGCGTGCCCACCATCGACGGCATGGGCGTGGTCGGCGACTTCATGCACAACCCGCAGGAGCAGGTCTATCTCGACCAGCTCGTGCCCCGCGTGGCCATGATGGCGTCGTTCATCAGCCGCGTATGACACGGCGTCTCCGGCGAACAGCCCGGAGACGCCAAGAAAGGACCGCGATCGAAATCACGGCAAAGAAAGGTAAAAAGATGAAATATTTTCGTAAAACAACGCTGAGAAACGGAAGCCTCTGCGTTCTGCGCAGCGCGGCCGCCGAAGATGCCGCCGCGTTGCTGGAGCAGCGCCGGTGCGCCGCGGTGGAAACAGACTTCATGTTGCGCTACTCCGACGAGATCGCCGTCGACGTCGAAGCGCAGCGGCGTTCTATCGAAGCGTCGGAGGTCAGTCCCACGGAATTGCTGCTGATAGCCGAAGTCGACGGCGTGCTGACTGCCAGCGCCGGTTTTGCTCCGCCCGTTCCCTGCGAAAAATGCCGTCATCGCGCCAGCGCGGGATTGTGCGTGCTTCGCGCCTCTTGGGGGTGGGGAATCGGCTCCCTGCTCATGGAATCACTGCTCGAGTGTGCCCGCGCGGCCCAGTTCGAACAACTGGAACTGGACGTAGTAACGGGTAACGAGCGAGCCGTCGCGATGTACCAGCGCTTCGGCTTCGTTACGTATGGCGTGCGCGAGAAAGCTTTCCGTTTGCGTGGCGGCGGGTACCAGTCTTTGTATCTGATGGCTCTCGAGCTTTAACGGAGGCGCTGGAATGACACTCGAGAGCGAGATCTTCCAGCGGCGGCGGCCCGACTTTTCCCGCTTCGAGGCCGCCGGCCTGAAGAAAGACGGGCGGGAGTGGCGTTGTTCGCGCGTCTTCATGGACGGGCAGTTCCGCGCCGACATCCGCGTCGACGCCAAAGGCGAGGTGCGCGGGCGCGTCTACGACCTCGACACCGGCGACGAATACCTGGCCGTGCACATCCCCAGCCAGTCGGGAGCTTTCGTGGCCTCGGTGCGGCAGGCCTACGCGGACGTTTTGCGCGAGCTGGCGCAGCAGTGTTTCACCGCGCACGATTTCGTCGCCGACCAGTCAAACCGAGTCGCCGCGCTGATCCGCGAGCGCTTTGGCGATCCGCCCGAGTTCCCGTGGCAGAGCGATTCGTCCGCCGTGTTCCGCGAGCCGCGCACGCGCAAATGGTACGGCGTGATCATGCGCATCGGCCGCGACAAGCTCGAACCCGGGAAAGACGGCGAAGTCGACGTGCTCAACGTCAAGGCCGACGCCGCGGACGTGCCCGCGCTCCTGAAAGAACGGGGCGTTTTCCGCTGCTACCACATGAACAAAAAATACTGGGTCACCGTCGCGCTCGACGATTCGCTCGGCGACGGGCGCGTCATGGAACTGATCGAGGCCAGCCACGCTTTCGCGGCCCGCGGTTCGGGCAAAAGTTCCGCCGCGCTCAGCGACGGGGCCTGGCTCGTGCCCGCCAACTACAGATATTACGACGTGGAAAAGGGCTTCGCCGAAAATCCCGTGCACACGTGGAAGCAGACCGCCCGCGTGCGCCCGGGCGACCTCGTCTACCTGTACATCGGTTCTCCCGTGTCGGCCATCTACTGCAAGTGCCGCGCCCTCGAGACCGACATCCCTTACGACTACGACGACGGTGCCGTGCGCATGAGCAGGGTCATGCGCCTGGCCATGCTGCGCCGCTACGGCCGCGAACTGCTGCCGATGGCGCTGATGAAAAAATTCGGCGTCCGCGCCGTGCGCAGCGCCCGCCGCATGCCCGAAGCGCTGCGGCGCGAGATCGACCGCCTCGAAGCGGAGGATCCTGAAGCGCCGTCCGCCGCGGGGAAAAAGCCGAAACGGCCGCCGAAGACGCGCCGAGCCAAATGAAAATCGCCGGAAACGGCTCCTTGGGAGATCCGTTTCCGGCGATTTTCGTCTTTTAAAGCAGTCCTTCGCCTTTGAGCAGCGGGACGAATCCGCGAAGATCGGCGACGATCCGCCAAGCTCCGGCCCGGTTCAGCGTCTCGGCGGAATTGCTGGCGAGCACGGCGACGCTGCGCATGCCGGCGCGACGGGCGGCCTCCACGTCGATGGGCGTGTCGCCCACGTAAAGGGCCTCTGCGGGGGCGCAGCCCAGCAACTCGGCTCCCCTGAGCAGCACGTCGGGCGCGGGTTTGGGGCGCGCCACCGCGTCGGCGCCGACCACGCAGTCCATCAGGTGTTCGAGATGCTTGACGCGGATGACGCGGAGCGGCGCGATGCGGTTGGAAGCGCAGCCCACTTTGACGCCCAATGCGCGCAGTTCCGCGACGCATTCGACGGCGCCCGCCGCGGGCGTCATCATCGCCGCTTCGTAAGGCGCGCATTCTTCGACGTAATATTCGCCGTATTCGGGGCGCTCGTCGCCGAGCAGCACCCGCCAGAAATCGCGCGAATTGTAGCCGATCACCTCCAGCAGACGCTCGCGCGTGCAGCGGGGACGGCCGAAATGATCGGCGATCTTGTTGACGTTCGCCAGCAGCGCGCCGCTGGTGTCGATCAGGGTCATGTCGAAATCGAAGAGCACCGCTCTGATGGTCATGAAAAAACTCCTTTGCCTGCCCGATGTTGAACTCATATCCTACCACATTCCCGGCGCAAAACCAATCGCGCCGCTCGGTGTGCGGAACGAATCCCCTTGCAGCCGGCCATTCGGCCGACGATTTTCGGATCGGATGTTCTACGCGGAACATTTTCCGCGGCGGACGGGATCGAACGGCGCATGGTTTAAGCGGCGCCGAACGCCCCCCGGGAACGACTTTCAACAAGGTCTTTCAATTGCCTGCGAGCATCAGTGCCAAAAGCGGCGCGACAGGATATAATGAGACCGTTGCATTGTGTTTGCCTTGCGACAGGGGGAGCGATCTTCATGATCTACGATGTGACCAGAGACCTGGCGGCCGGAGAAGACCTGCCTTACGAAAACGACTGCGTGATGATCTTCCGCACGGGGCACGGCGGCGTGACCGTGAAATTCGATTCGGGCGTTTCGCGCGCCGAGGGCGCCCGCATCCTCGCCCGTCTCGCGGCGGCGCTGGCACGAGACGGCAAGGCTGAAAAGCGGGAAACTGCCGAAAACGTGCCGGAACAGCAGGATTTCAATTTCGGCGTCGTCGATCCCGACAGCGTCACCGAAGATTTGGTGCGCTGGCGCGACGGCTACGCGGCCTACAAGCTCGAAGGCGGCGGCTGGTGGTGGGTGAAATGGCGCGGCGACACGGGCGAACGTTGGGGGCTCAGCGGCCCGATGATGGGCTCGGTCGACGTGCGCAAGGGACCGTTCGACAGCTTTGACGACACGCTGGCCAATCTGACGCTGTTCCGTTCCGAGGGCGCCGCGTCGGAGCCCCTGCAGGGCTGAGCAACCGCAATGGATGGGGCGCATCTTCTCGCGGCAGCGGGCATCGTCTTTTTCGGCGGCGCCGTGCAGGGCGTGGCCGGATTCGGCATGGGCATGATCAGCGTGCCGGTACTGCTGCGCTTTCTGCCGCCGGCAGCGGTGACGCCGCTGTCGC
NZ_CP133038.1_gap60	2529094	2530026	932	TGGTGCAGACCGATCCCATACGCGTCTCATTCGCTCTGTCCGACCGCGAGTATCTCGCCGGCCGGGCGTTTTTCGCCGGCGGCACGAAGGGCGCCGGTACATTCTCAGTTCGCGCCGTCCTACCTGGCGGAGTGGAACTTCCCGGCCAAGGGCGTCCGGATTTTATCGATAACCGCATGAATCCCGGGACAGGAGCCATCCTCGCGCGTTGCCGCTTCGACAATCCGGACGGATTGTTGGTACCGGGAGGGCTGGTGACGCTCCGGGTACTCCGTTCTGCGGGGCCGGTCCTGACTGTGCCGCAGGAAACGGTCGTTTCCGACCGGCAGGGCGATTTCGTCTGGTTCGTCGACGACGGCGGGATCGTCTCTCGCCGTTCCGTCGTCGTCGGTCAGACTGTGGACGGGCTTGCCGAGATCGTCGAAGGCCTGGCCCCCGGCGACCGCATCGTGCGCCGGGGGATGCAGCGCGTGCGGCACGGCAGCGCCGTAACGGCAATAGCGCCGCCTGAGGAACGGTGACGACGTCATGATCTCGAAGTTCTTCATCGATCGTCCGCGTTTCGCTGTCGTTCTTTCTCTTCTCATGTCCGTCGTCGGAGCGCTGGCGCTCTTTCTGCTTCCCGTCGCCCAGTACCCCGAGATCGCGCCGCCGACGATACGCGTCTCGACCGTTTATCCCGGCGCGTCGGCTCGGGTCGTGTCCGACACGGTAGGAGCGCCGCTGGAAAAAGCCGTCAACGGCGTCGAAGGTATGATGTATCTGTCGTCGTCGGCTTCGGATTCCGGGGCGTACGTCATGAGCGTGACTTTCGAGCTCGGCACCGATCCGGATATGGCGCTGGTCCGGGTGCAGAATCGAATGCAGCTCGCCTTGCCTCAGTTGCCCGTCGAAGTGGTCGCCCGCGGACTCTCGGCGTTGCCGGTATTCAT
NZ_CP133038.1_gap61	2534841	2536719	1878	CGCCGAGTTTCGCGCCGGCCGGCACGACGGCCTGAACCATGTTGAACAGGATTTTCTGCGGCCTCAGCAGCAGCCCGCCGGTTGGAAAGTCGGGGAACTCGCCCGTGCAGAGCAGCAGGACGGCGGGGATCCCCGCGGCGAGGTGGGCGGCGATCTTCTGACGCACCAGAGGTGTCACTGCACGTTCGCAGATTTTCACAGACGTGCCGTCGGCCATTCTCGTGACCAGCACATAATCGCCCGGGCGCGGCGCCATGGCGGCAATCTGTTCGGAACTCAGGCCGTCCAGCGCTCCCGCTTCGATCAGTTCCACTTCCGCCCCGAGGATCTTCATAAGGTCAGGCGTGACGTCTGTTCTTGGCGCCTGCCCAATGGTGACGGTCCCTACGCGCAAAGTCATGGCCGGGCCTCTTACGCCTGAGGATCCGCCGGCGGCAGATCGCCCATGCTTTGAAGTTTGTTCATGGCCCCGTAACGTTTGAGGGTCAGATCGAATTCTTCCTCGCTGTAAAACTTGCACTTGCCCTCGCCGAACGCTTTCGCCGTTTCGATGGCGAAGCGCACGGCCGCCTCGATGTCTATCGGTTGCGAGCTTCCCGTAGCACAGCCGGGGACCGTCGTCTGCGACGTCAGCGCCACGCCGACGACCGGCGCTTTGGTGGCCGTGCAGGGCTGGAGGATGCTGTTCAGGTGATAGAGCCCGTTGCCGTAGGGCGTGATGTCGGTCATGCTGAGGGGAAAAACCTTGGGCAGCTCCCCCGTGACGGAGCTCATGATCTCGAGCAAATCTTCGCTGACGCGCAGGATCCAGCCCTCCTTGGCCGTCGGCGAGATGGCAAAGCCGCGGGCGTTGACGATCCGGTTGCCGCGCGTCGTGTCGATGGACAGGACGGCGTCCAGCTCCTCGCCCATTTCTTCGCGGTTGGCGATGGTCATGTTGATGGGAGAACCCATGAACGGCACGGGATCGTGAGGGCGTGTAGGAGAATTGGGGCAGATGTGAGTGGAGACGAACACGTCGCCTTTGAGCGCGTCGCCCTTTTTCGCCATGTCGCCCAGTTTCATGGCGACGGCCACGGCCGACACGGCGCCGTCGCCGTCGGAAACGAGCCCGATCCGTTCGGGGCGCGCGCCGATGCCGCCGAGACGGCCGACGATACCGATGGTGGGGGCTGTGCCGCCGTTATGTTTGCCTTCGGAGCCGTAGAACCACGTTTTGACGAAATCAGTGCTGCCTTTGGGGCCGTGAACAGTTTTGACGGAGATCTGTTCTTCCGGCACGCCGGCGGCCATCAGCGCTTGTTTGACGCTCTCGCCGCTTACGGACGGCGAGTCGAGCAGTTCAAGCGCGTTTATCGTATAAAAAAGAGACATGATTGGTACCTCCTTGATTTTCTACGTCTATTTTTTCTCTTCGGTCATTGCGAACGCGGCGGCTGCGCTACTTCAGCGTGACGTAGGGCAGCACGTCCCTGCCGACGACCTTCTCGATAGGTTCCAAAAGTTCCCGGCAGAACATGCCTGCGCCAAGAGGGATCCTGTCCGCAGGGACCAGCGTCACGAAAACGCGCCGCCCCTTTGCGAGCTCCGCCGTGGTGACGGGAAGTCCGGTTTCTGCGTCCGTGGTCATGATCAGATCGGGGAAGGTCCCCAGCCGTTCGCCGCCGCGGTCCAGCGTCATGAATTCGTTCCAGAACGCGAGTTCGCACCCGCCTGCGGAAACGACGCCATGGTCGAACCCGCCTTCGGTAATCAGGTCGATAGCGTCCACCGTGCCCGCCGTAACGACGCGGCCGCCGAGAAAGCCGACCGCCGCCTGGACAACAGCTTCGGCTCCGCGGGAACGGGCTTCAAGCATTTTCGTCCCAGTTTCGATGG
NZ_CP133038.1_gap62	2538770	2542615	3845	AAAACGTGCACCAGACACCCCAGAGAATGAGCTTGGGTGTCTCCATGGAAGTCATGAACCCGGTAATGGCCGCCAAAATGACAGCCGCCACGGCGAAATATCCAATATGGGCGGCGATGGCTTTCTTAGCCGCCGCGTGAGTCACCGTGGGCGCGCTTTCGGACGAGAACTCGCGGACGGATTTTTTGAAGATCATGACGAGCGCCTGGATCAGCGAGATCAGCCCGGCGCCGATCATAAAACCGTGCGGGATGTACGTTTTTCCGAGATCTGCCGGGAGATTCGTCAGTCCAAGAGAACTGAGCCAAGGGACAAGGCTCGGATAATAGCCGCGGATCAAAAGCCCCGCGGCCAGAGCCGACATGGCCCATGGGTTGGCGATAAACGCGATGCCCACGCCGGCCATGGGAAGACCGCCGGAAAGAAAAGGCTTGATCCGGCATCCGGCGCCTGCCGCGCCTAAAACGATGCCGCTCAAAAGCGTACGTCCTTTTTTACCGCCTTCGTCTCCAGCGATCAGCGCTTCCGCGGTGGCGATCCCCGGCGCCCACGATTCCCGGGCGGGGAACATCTCGGAATCGAACAGCGAATAAACGAGATGCATGCCGATCAGCGTCGCCATACCGGATCCGATAAGCATCGGCACGATCAGGGAAGGATCGCCGAAAACGTAGAGGATCCCCACGGCAAGCAGGCAGCAATTGGCCGCGCCGAATCCGGCGGCCGAAGCCATCGTCTGCACCAGATTCTGTCGGTCCAGGCTGCGGAATCGGCTCAGACTGGCGAAGGGGATTCTGGCAAGCGCCATGGCGAACAGCGCGCCGATGACGGATGTGTTCGGCGTCGTTCCGATGCGGGAGATGATCTGCATACAGATGACCGCCGAAAAGACGGAAACCAGCGCGCTGATGACAAACGTTTGCCCTTCGAAAGCCTTGACGTGCGGAACTTTTTTCTCTTCTGACATGTGACTGACCTCCTGACCTTCGTCGAAAATGGTAAGACCTTCTCAAAAGAAATGCCTGTACATAACCCTCCCGTCGATAAAGTTTTTAGAGATCTTATGTCAATAGCCAATAAAAAAGTCACCATAACTGCTCATTAAAAAAGTCACCCCCTCACACTCTCATCACAGCAAGACACCTCGAAAGAACTCCCCATCGTGCCGCCATAACAACGTCTACGCGAACGTACATTTATCCCGACATGTGCTATGATATCCCTGCCTTTTGACGACGCCACGCCGCCATGGGTGGTCCGGAGCGGGCTTGTGCGCTTTCACAAGCCCGCTTTTCCGTTTCTTTGCCGATGCCTCATCGGAGTCGACTCGTTTTTGACTTTCAACCTCCTTCATCTCGATCCGTCTGCCCTTGGAAACACCCCAGATCCGCCCGGTCGACGTTTCACGCACCTCAACCGTCGTTTGGGCCATCCCGAGGCAATCGTCCGCCGCCGGAACGTACCGACGACCTCCGTAGGAGATCATGCCGCCGTGATCCGTCCTGCGAGATTCGCGACGCGCAAAGAGAAAATCCAAATCGACTTTTCCTTCCGGCTTCACATAAACGTCCTCTCCCTCAGCCGGCGTGACGGCAAACTTCCGATTGTGCCTGGCGATGAGCTTGGGCAAAACCTCGTTGGCCGCCGTGATATCCGAGACGCCAAGCAGCCTCAGCTCCCCGGCAGCCTGTCCTGCATCGTGTTCCAAAGACGTTCGACACGCCCCTTCGCCTCCGGCGTCAAGGCAAAGATCTGCCCGATCCCAAGATCCTTCAGCCCCCGTCCGAAACAACTTAACGGCTCCTCCTTCCCCGCCTCATTCCCTTCATTTTCTTCATTCCCTTCGATCCGATCCTCATCATCCTGCGCCCGTGCCTTTGGAGAGCGGAAAATCGTATGCCGGTCGCTGTAAATCGCCATCGGCAGCCCATACCCCTCGATCCCCATCCCCAGCGCGGCGACATAGCCCGCCATACATTCGTTCTCAGTGAAACAGGCGCCAGTCACGATCCCCGTCGCATCGTCAATATAAGCGTGCAGCGTCGCGCGCCCGTTCCCCCTGCCAAACCATTCAAACGACGTGGCGTCAGTCTGCCACAACATCCCCGCGGCCACCTTCCGCGGTCGGGAACGGTGAAGCTTCGGCCGCCGCCGCGCACTCTTCTTGCTCCTGATCCCCTCGTCCTTCAGAATGCGGACGACACTCGAACGGCTGATCCCGATCCCCTCCCGTTCGTTCAGGCATTCCGCAAAGTGAGAGAAGTTGAAATCGTAATAGACCTCCTCATACGCCTTCAGCACCGACTCCCGAACCTCATCTCCGATCCTGCGCCGAGACGTTCTGCCGCGGTTGCCATGAACAAGCCCTGCCGCCCCTTGAGCGGCGAACCTCTTCTTGATCCTGATGATTTGCCGTTGACAGAGCCCCAGCTTTTCCGCCGCCTCCCTGTTCGTCATGCGTCCCTCGACAAGCGCTCCGATAATCCTGATACGATCCAGTTCCTTTTGTGACAATGTCATTCGCTCCTGTTTCATGAACGGTATTATCTCAGAGTGACATTTTCTTGGAACAGTTATGGGTGACTTTATCACTGAACAACGACAGTTTTTAGAGATCTTATTGAATTTTATCATGCTAAATAATATAATAAATATATTTTTGCATAAAAATACAGTATCAAATTATGCAGGCGCACAATTCTAAAAATAAAGCCCCCTGAAGGAGCGTCCTTTCAAAACGCGTTCCTTCAGGGAGCTTTTACGATTCTCCGCCGGCGTCGTTTTTCGCGTACAGAAAAAACAGCGCCAGACGGAACGGCGTTGAGCCGTATCGGTTCAGGGGGAGAAGTTCCATGATCCGCTTGTGGCGGTAAAGCAGGGTGTTGCGATGGATGTGCAGCCGTTGAGCGGCTTTTTCGGAGGAACCGTCGCAGGCGAACCAGACGCGAAGGGTCTGCGCGAGACTGGAATGCTTTTTCACGTCTTCGTCGAGGAGGGGACGCAGACAGCGCGAGGCGGCCTCCTGAAGCTCGGCCGGCGGCCGGTTCTTTTTGAGGAGATCCAGAAGTTCCAGCTCCGAGTAGACGAAGACGCCTTCGTCGAAGCCGAGCTGTGCGCCGAGCTGCAGGGCCGCTCTCGCTTCCGCGAAGCTCTGGACGATATTTTTCAGCGGCGCGGGGCCGGAGATGCCCAGGCTTTGGCGTTCCATCTGCTGCGGCAGGCAGCATTTCAGAAATTCGACGAAGTGATCCGCCCGCTCGCCGGGCAGCTGAGCGACGAGCATGCGCAGGGAGCTGTTGGCGCTGTACTGGAAAGCGCGCGGCGGCGGCAGGGAAGGCCGCTGCGGCGGCAGATTCTCCCATTGCAGGCTCCATACGCTCCGGGAGCTTTCCCAGCCCTGCCGTTTCAGCGACTCGAGCAGGCCGACGGGATCCTGCTCCAGCTGAAAAAGGCTGAGAGGCTCGCCGGCGTCGTCGCGACAGCTCCGTTCAGTACGGAATATCTCGCGCATGACCGTGCGCGAGACAACGGCATAAGCCAGTCCTTTGGGCAGGATGACCAGGGGAAAGTCCAGCTCGTCGGCGAGGCTGAACGCCTGCGGCGGGATCGCGCTGATGAAACGTCCCAGCTTGACGCCCAGCCCGGCGGCTCTGCCTGCGCTCAAGACGCGGATGATGCGGCAGATCTGCTCGGGATTGTTGCGGAAGGCGTAACCGGTCGTGAAGGAGAACGTGTCGGGGCGGCACCAGCCGGAAGGGTCGGGGATCTCGATGAAATCGATGAAGCGGACGCGGTTTCCCGTCCCTTTTTTGCCCGCAGCGATTTCATGGCCGGCGAAAACGGGC
NZ_CP133038.1_gap63	2609527	2613965	4438	CATACATTCGTTCTCAGTGAAACAGGCGCCAGTCACGATCCCCGTCGCATCGTCAATATAAGCGTGCAGCGTCGCGCGCCCGTTCCCCCTGCCAAACCATTCAAACGACGTGGCGTCAGTCTGCCACAACATCCCCGCGGCCACCTTCCGCGGTCGGGAACGGTGAAGCTTCGGCCGCCGCCGCGCACTCTTCTTGCTCCTGATCCCCTCGTCCTTCAGAATGCGGACGACACTCGAACGGCTGATCCCGATCCCCTCCCGTTCGTTCAGGCATTCCGCAAAGTGAGAGAAGTTGAAATCGTAATAGACCTCCTCATACGCCTTCAGCACCGACTCCCGAACCTCATCTCCGATCCTGCGCCGAGACGTTCTGCCGCGGTTGCCATGAACAAGCCCTGCCGCCCCTTGAGCGGCGAACCTCTTCTTGATCCTGATGATTTGCCGTTGACAGAGCCCCAGCTTTTCCGCCGCCTCCCTGTTCGTCATGCGTCCCTCGACAAGCGCTCCGATAATCCTGATACGATCCAGTTCCTTTTGTGACAATGTCATTCGCTCCTGTTTCATGAACGGTATTATCTCAGAGTGACATTTTCTTGGAACAGTTATGGGTGACTTTATCACTGAGCAACGACACAGATTCCGGCGGATGGTTGAATTCTGAATCGGGTTTTGATAAACTGAAAGCAAATATATAAGAGTATATATGGAAGCTTATAGGCTCAGAATGTTCCTTCTCTAAAAATAAAAACAGGAGAAACAGTGATGTACCAATTCAGAGACCCGATCCATGGTTTTATTGACATTTCCGACGATGAACTGAAAATTATAGATTCCGCTCCTTTTCAGCGTCTCCGAAACATACGCCAGTTGGCGACCACGTATTTGGTATATCATGGAGCCGAACATTCCCGTTTTGGACATTCTATCGGCGTGATGCACCTGACTTCGCGAGTTTTCGATTCCGTGACGCGAAAAGTGCCGAATCTCTTTTCTGACGACGAAGAGGAAAACGCACATAAAACAGCATGGTACCGTCAGTTGCTGCGGCTTATCGGCTTGACCCACGATTTGGGGCACGCACCCTTTTCTCACGTATCGGAAGAGCTGTTCGAGCCCGGCAAGGAGCATGAGGATTTTACAAAGCTTGTGATCTGTGGGACGGAAATTTCGGGGTACATCCGCGAGATCGGCGCGAAATTCAAAAAGCAGCACGGTGACCGTTATGATATAACACCGGAACTTGTGTGGATGATCTACGAGGGAAAAGATATTCTGAACGAAGAATTCATTGTTCCGGATTTCTTTTTTTGAAAAATTTCATGGACGGCGAACTCGATTGTGACAAGATGGATTACCTGCTGCGCGACTCTTTGTATTGCGGCGTTACGTACGGCACTTACGATCTGGACAGGTTCATATCGACCCTGACGGCGTATAAACAGAATAATCAGCTTCAGCTCGCCATCGAAAGGGGCGGCGTTCAGGCTCTTGAAGAATTTATACTCGCCAGGTATTTCATGTTTATCCAGGTTTATTTCCATAAGACGCGCCGTTATTTGGACAAGGTTCTTGTTAAGAGTTTGAAAGCTGTCTTGCCGGGAGGAAAATATCCCGACGACGTTTCAGAATACCTGAGATGGAATGACGCGCGAATACTCGATCTGATTGCGAGATCGGAAGATAGCGACGTCGTGCCCTTTAAGAACCGGGGGATCATGACCTGTGTATTTGAATCCAAAACCCATGCCGACCAGGTCGATAAACAGAACACAAAGCTGATCTTTAATCAGCTAAAAAGGAAGTACGGCGGTCGCGTGCTCTATGACAGCGTCGATAAAGCGGCGCACAGACTAGCGCCGGCACTATTGGCCCCACAGGATGACAGCGGTAGGGGAATCATGATCCTTGACGAGGGGACGGGAGATGTCAAAAACATTATGGAGGAGTCCATTATTTGGGAGTCCATTGTAAAACCGATCAGCATCAATCGGATCTATGCAGATAAAAATATAGCTGCTGAGGTTAGGAAGGAAATACAAAAGATTCGAAGCGAGTAAATAATGTGAAATGGAGGGGAGCCCATGGTTAACGAAGCGGCTGTCGTAAAAATCATCGACAGGATTTCTTGTAAGAGCGAGAATCCCTGCAAAAAAAAGCTCCAGAAAATCGTATTCCTTGTTGAAATGAAAGGAATAGATGTCGGCTGTGATTACGGCATTCATTTCTATGGGCCTTACAGTGCGGATCTCGATTTTGCGGTCAGGGAACTGAGCGATGAAGGTATTTTGAAGATCGACTATACGCCGACAGAGCACCGGATTTCCGTGAGAAAGAGTTCATTTGGCAACGACTATAACGATGAAACCGTTAACGAAATCGTCGACGAGTTTGCTAAAGAAACGCCCAGCAGGCTTGAACTGATCGCAACGGCGCTTTATGTTTACCTTCAGGTACATAAAAATCCTCAAAAGATCTCGGCCGGCGTCAAAAAGATCAAGGGGAGCAAATATTCTGACGAGGAGATTGACGCCGCGATTGAACGGCTGAAATCCACGGGTTATATTACTGCGGCGTGAGAGGAAAAATACGCCGTCGGCGCAGTTTCGTTCCGGAGTGGCTGACGAAACCGAGCCGACGTTTTTTTGCGCCGGGCGGAAAAAAAGAGGCGCTTGACAGATCAAAAAATAGAATTAGAATAATTCTAGAAAAGAGGCGAGGCCATGACAAAATACGCTCGGGGAATTCTCGACATCGTGAACGCTTCGCGCAGCCACCTGACGGCGGAACAGATTTTCTGGGAGCTGAAAAAGACGCAGCCGAAGGTCGTTCTGGCGACGGTGTACAACAATCTCAACGCGCTCTGCGCGCAAAAGCTGATCCGCCGCGTTCACGTCGAGGGGTCGCCAGAGCGTTACGACCGGATCGAGAAGCACGATCATCTGATCTGCCAGAAATGCGGCAAGCTGGCGGACGTGACGCTGGCCGACCTGACCGGGGGGCTGGAAGAGCAGCTGGGGGAACGTGTCACGTCCTATGACCTCAAAGTCTTTTACGTCTGCCCCGAATGCCGCCGCAAGGCGGAGGGGACGGCGCCGTAAGCGCGTGTGTGGGAAGGCTGGCGGTCCTGCCGGCAGCCAGGGGGAAATTTTCCTCCGTCCGGGGGGACGGAGGAAGACATGTTTTGAAAAGATCAGGGGGATCATTGGAAATGGCGCAGAACAAGTATGAAGGCACCCAGACGCTCAAGAACCTGCAGGCGGCGTTCGCCGGCGAATCGCAGGCGCGCAACAAGTACACCTATTTCGCCTCGGTCGCCAGGAAGGAAGGTTACGAGCAGATCTCGGCGCTGTTCCAGAAGACGGCCGACAACGAGAAGGAGCACGCCAAGATGTGGTTCAAGGAGCTGGACGGCATCGGCGACACCAAGGCCAATCTGGCCGCGGCCGCCGCGGGGGAGAACTACGAGTGGACCGACATGTACGACGGCTTCGCCAAGACCGCGGAGGAAGAGGGGTTCCCCGCGCTGGCCGCCAAGTTCCGCCTTGTCGCCGTCATCGAAAAGCATCACGAGGAGCGCTACCGCGCCCTGCTCAAGAACGTGGAAAGCGGCGAGGTCTTCCAGAGGGGGGAAGTGAAGATCTGGGAGTGCCGCAACTGCGGCCACATCGTCGTCGGCGTCAAGGCGCCCGCCGTGTGCCCCGCCTGCGCCCATCCGCAGAGCTACTTCGAGATCCACGCCGAGAACTACTAGGGAAAAGGCGGAAAAGTGAAAACGGCCGGAAGCTGACGAACGCCCATTCGTCGGCTTCCGGCCGTTTTTTGTTCCGCGTGGAACGCGGGTGTTTCATACTATTTCTCATTTAAAGCACCTAACAATCCATTGTCTTGCGGTAATACTCCTTATGGTCTGAGCGGTGAGATTTCTGATCGTGCGGCACAGACGCTCGACAACGTTCTCAAGCGTCGAAAAAATCTCGTTTCGAAAGCCCTGACAGCGCAGCTCTCTCCAGATCTGCTCAATGGGGTTCATCTCGGGGGTATAGGGGGAATATGGAACAGGGTGATGTTGGCAGGAACCTGAAGCGCTTTGGACTTGTGCCAGGCAGCTCCGTCACAGCAGAGCAGAATATGGTCTTCCGGAAATCGGTGTGAAAGTTCCCGCAGGAAAACGTTCATGCAATCGCTGTCGCAGTTGGGCATGATCAGAAAGAGGCTTTCTCCCGTAAGCGGCTCTACGGCACCGTAAGCATAGCGGTATTCGCGGATGTGAAGGCAGGGAACGTTCGGTCGAATGCCTTTCCTGCACCAGCAGTATTTGGGCGTGTTGATTCTGCCGAAGCCGGCTTCGTCCTGAAACATCAGTCTGACGTTCCCTGTTGTGGATAACTCTTTTAATTCCTGAACTTGAGCGTTAATTTTTTGAGGCCTCGATGGCCTC
NZ_CP133038.1_gap64	2616307	2618118	1811	CAGGCAAGAACTATTGTCTTGGTTATCTGGTCGTGCATCATAAGCCGGCTCTGGGCGACAAGGAACGTTTGATGATCCAACAGCTGCAGATGAGACTGACGATGAAGTGGAACGAGCGCTTCGAGGATACGCGCCGGACGCTGATGAGCCTGTGGAACAGCCTGCTCTACAATCCCAAAGATAAAAGAGAGTTCATCAGCCATACGCTGGAACGTTGCGGACTGGACGCCGAACAAGCGTTCCGCGTGCTGGTGTTCTCGGCCCGTCCGGGACTGGACGAGGCGTTTCGGCGGGGAGCGCAGTTTACCATGGGGAGCCTTGGACGTCTGATCCCGCATAAGATATTGCTCTGGGTGACCCCATCGGAATGCGTGCTGCTGTGTTCGTCGACCGGCGGGCAGAAACTGCCTCAGTATATGATCAAGGCCAAAGAACTGCTGGCCCCCGATCCATCGGCCGTTTTATCGGTCGGACCGTCGGTAAGGAGGATCGAAGAGATCCGCGACAGCTACCGTATGGCGAAAAACTGTTTCCGCGCGGTCTGCAGCCGATATGACAGGCCGGAATCGCTCCTTTGCTGTGACGATTGGCTCTTCGAACTGTCCCAGATCGAAGGGGCGGATACGCTGGAGAGCCGCCTGCTCGTGAAGAAAGTTCTTGATCCTCTGCTTCGGTATGACCGCGACCACGGCAATACCGCTTTTCAGGATACGTTGAGGGCAATGAACCGAACGGAGAACCTCAGCGAGGCTGCAGGGGTTCTTCACGTGCATGAAAACACGCTTCGTTACCGCGTGCAGCGCATGAAGGATTTGACGGGGCTCGATTTGTTCCGCTACAGAGACCGGGCGATGCTGGCCCGCGCGCTGTTCTGTTTTGAAATGAGCCGAGAATGACCGACGTTCATTTCAGACGATGAAGACAGCCTTTGAAAACAGGAGAGATTACTTTCATTTTTTTACCTATGATGTGCGTCTGGTATTCTTGAGATGGTAATTAAAGAGGTCACTTCGGTTTATTCTCGAAGTGACCTCTTGTTGTTTTCTACAAAATTTGTTTATTATTTCTGTTTGTTTGAATAAAGACTGCAGTTGTGTTTTCTATTAATATTAAACCAGCTATCTAAGTAATGAAATGAGTATGGGTCATGTAGAAAGAAAGCGGTAAGCGTACCATAAAATTGTTTGTGGCTCTGCTTTGAGTATCTTGGAGAGAGAAAATGTTTGTCGGTTTTGTTGATTAAATATGAATTATAGTATTATTTGTAGCGCCAAGAAGTCTCTCTCGCTAAATGGCTGATTTCCCGATGACGATGAACAGCGAAGCTTTTGGTTTTGAAGGATGTCACGAGGTGTGAAAGAACTCTCAAACGAGAGGCGAGTTTGTCCTGCATCACCATAAAGCGCATTCTTTGCAGGGGGCCATAAATCATAAGTCTTGGAAAGGAGTTGGAGCGAAGATGACTGGCAAGTTGTTTCCGCGGAGTTTTAAGACGGAATATCTCACGGCGGTCCAAGGCGAGGGTATTTATATTTATGACAAGGAAGGAAAGAAATATCTGGATGGATGCAGCGGAGCTCTGATCTGCAATTTGGGACACTGCAACGAAGAAGTTATCGAAGCTGTAGTGGCGCAAATGCACAAAATAGAGTTCGCCCACACGTCACGCTGGCGTCTGGACAGCGTCTCGGAGGCGGCAGAAGAAATGGCTTCGCTGGCACCGGAGGGTATGGAGTATGTGTGGTTTACCTGCGGAGGTTCCGAGGCTATCGAGGCGGCAGTCAAGCTAGCGCGCCAATACTACATCGAAC
NZ_CP133038.1_gap65	2768497	2772471	3974	GCAGCATGCGGCTCGCTTCCGCTGTCGCCTTCGGGCGGCGCCCCGGCGTGCCGCCCGATTCTCCCGTCAAAAGCGGGACCACGAGCGCCGCCAGAGCGACCAGCAGCTTCCACACCTCCATCACGATCACCTCCTTCCGCGTGAAGTCCTCGCACGAGGGCAATATAAAAGAGTGCATTTCGAACGATATAAATACAAACAGATCGATCAAAACGACGCGAACCGACAGTGCCGCACAAGGCAAAACGCGGCGAAAGCCCGGAGATGAAAGGCGGGGGAACGGATTTCTTGCGTTGATTTTTTCGCCATCATCAGGTATCATCACTTTCAAATAATACAGAGCCGCCGTGCAAGCCGTTTTTACGGTGGCGTGGCGCGCGGTGGGAAATCAAATATGACCAAGGGGGAATCAGGATGAAAGGACTCAAAAGGCAGCTACTGATAGGGGCGGCACTCGTCGTTGTGCTCGCCGGCGTCGCCGGAGGCGTTTACGGCACACGGCTGAAGACGGTCGCGTCGATCCGGCGCATCACTTCTTACGACTCCGGCTACAATCTCTACCGTATGAACGTCGCGTACGACTACCGTCTCGACGATGTCATCGCGTCCGGCATCGCCGACGACCAATCGATCGTCGACGCTACGATGTCGGAAGCGCTTCCTTTCCTGCCGCTGCGCCTCAAGGCGCCGAATGCGCTTTCAGCGTCAAGAGCGCCGACGGCGACGCGCTGATGGGGCGAAACTACGATTTCAAAAACAACACTTCGGCGATGCTGGTCTACGCAACGCTGAAAGACGGCTACAAATCGGTCGCTTTCGCCGCGCTTGACAACCTCATGGCCAATGCTCCCGATCAAAGCCTCAAAGCCAAACTCTCATGCCTGGCCGCTCCCTTCGTCTGTCTCGACGGCGTCAACGAAAAGGGCGTCTCCATCGCAGTGCTGACGCTCGACAGCCCGCCGACGCGCCAGCACACCGGCAAGCCTGTCATCGCCACCACGCTGGCCATTCGCCTCGTGCTCGACAAGGCGGCCAGCACCGCCGAGGCGGTCAAGCTGCTGGAAGCTTACGACATGTTCGCCACCAGCGGACGCGATTATCATTTCTACATCACCGATGCCGCCGGCGACGGCCGCGTCGTCGAGTTCGACTGTCTCGACGAAAAGCGTCCGCTTGTCGCCACGCCCATGCGCGCCATCACGAATTTTTACGCGCTCTACAAGGACAAAGTGCTGCCCTATCAGAAGAACGGCGTATTCGGACGCGGCCGCGAGCGCTACGACACCATCGAGAAGATCCTTACCGAGCACGAGAACAACGTCACGCCGCAGATCGCCTGGAAAGCCCTCATCGACGCCTCGCAGGCTCCCAAAGAGGGGGACGTGACCAGCAACACGCAGTGGTCCGTCCTTTACAACAACACGCAGTTGACCGCCGAGATCGCGATCCGCCGCGACTGGCAGACCGTACACACCTACAGTCTGAAGACAAACGAACTCCAATAACCTGCCGACGGAGCCTGATATTATTTCTTACTTAAAAAGCCGAACGCAAGAGCGCTGCGGGGAGAGATTCACAAAGCGAGCTGCGCAGCAGTCGAGCTCCTTCTGAGCGACTGAATTCCCCCGCGGCGCCCAGAAAACTATGTTAATACTTTCTATCAAGAATTAGTACGAAGGATTATGAAGGGCTTCTTTATCCGTGCCTGAAAACGAACGCAGGGCGGAGCGAACGGGTATCGTTCGCTCCGCCCTGCGTTTTCGGAAGGTCGGCAGATTCTTCGCAGCGGCGGCGTTCCACGCGGAACACCGCCGCTCGACGTTTCTGTTTTTCCCGGCGCCGCGGCGGACTGATTTCCTCTATCGGCCGAAGAGCGCCGCAATCTGCTTGACGGTGTCGTCGAAAACGACGCTGAAAGGTTCGCCGGCGAAGAGGCGCTGGAAGGGGACTCGGCTTGCGGGGAAGAAGTAGCCCACCGCGGCCACGGCAACGACAACGACAGCCAGCCAGAACCAGAAGCGGCTCTTCCGCGGCGCTGTGTCCTTTTTCGGCGCCACGACCGCGGCGGCTTCGTCAACGCGCACGCGCTTGGGATCGGTCTGCAGAGGCGTCTTCACGACGGGCTTGGGCTGTTCGACGGGACGGGTCGCACCGCAGTAGGGGCAAAAGTGCTGCTCGTCGTTTTCGAACTTCTTTCCGCAGGATGTGCAGTAAATTGCCATTCTCATCTCTCCTTTGAAGTGATGCCGGCCAAACTGGCTTTTAGTTTTTATGATCCGCCCGCGATGCGTCCAGCAAGGACCGGATCAGCGCGTGCATTTCGCAACAGCGGTCGCACTCGTCCAGCTCCTGCCGGGTGCGATAATCGAGCGCGACGGGCGCGTTGAGGCCGAGGTCGGTAAGAAGCCCGGCGGGAGGCAGCTCAATGTGCGCTTTTACCTCGTGATACGCGTCGAGATGGGGCTGACGGCGCGCAATGCCTTCGGCGTGCAGCGGCAACGAAGGACCGTTGAGACGGAAGCGGATCCGCTTCGCCCATGGGTGGCTGGTCGTGATGACCTCCCAGAAATCGAAGTAATGAAGAAAACGCGGCGGTTCGTAACTCTGCTTCTTGCCGTCGATCATGCGCTTCTCCTCGTGGCTGATGTGCTCAACCTCCAGCTCGACGCGCTCGACCTGCGCCAGAGAGACGAGGTCGGGATTGACGGCCAGCAGGTCGTCATCGGCATCTTCGAGCACGACGAAGCGTCCCCCCGCTTCGTCGATCATCAGCCGCCCACCGTTACCGACTTCGCGCGAGCTCGAGAAGCCGCGCAGTTCCTCGAGGTTACGTTCGCGGTCCCGAAGCTGTTCGTCGATCTGCGCCACCGTGCTCTCGCGGCGCTCATCGAACCATGGCGAAAGCTTCTGTGCGCACTTCTTGCACAGATTGCCGTCCGCCAGCCTGCGATTGCCAAGCAGGCCGATCTCGCCGCCGCAGATGGAACAGATCTTTTTCTCGAAAAGTTTGCCGAAGAGTCCCATCCCCATCTCCATCTCCCCTTGTCTTCCAGTTTTGAAAGCTCCGCACATTCGCGCCGCGGACGATCTTTCATAGTCGCATTATACCCTATCCGCCGCCATTCCACATCGCCCGATCGGGTGAAATGCGAAAGATCCGCAAAAGACGCTCGAGATCGAACGCAACAGCAGGAATCAACCACAACTGGTAAATCAGCCCAGCTAAATTCGCGCGTCCGTGAGGGTGCGACACAGCGGCGTTTTGTCGGCCCATTCGTCGTCGTTGCTGCTTCAATTCGCGCGCTCCTCACGGAGCGCGACGCGTTGTAGACCGCCAGCGGCGACAGTCGTTCGCAGTGTTTCAATTCACGCGCTCCTCGCGGAGCGCGACCCTCCGGAATCAGGCACGGCGCAAGCTCGGGCTTGCGTTTCAATTCACGCGCTCCTCGCGGAGCGCGACCTGTCAATAGCCAATAAAAAAGTCACCATAACTGCTCATTGAAAAAGTCACCCCATCACACTCTCATCACAGCAAGACACCTCGAAAGAACTCCCCATCGTGCCGCCATAACAACGTCTACGCGAACGTACATTTATCCCGACATGTGCTATGATATCCCTGCCTTTTGACGACGCCACGCCGCCATGGGTGGTCCGGAGCGGGCTTGTGCGCTTTCACAAGCCCGCTTTTCCGTTTCTTTGCCGATGCCTCATCGGAGTCGACTCGTTTTTGACTTTCAACCTCCTTCATCTCGATCCGTCTGCCCTTGGAAACACCCCAGATCCGCCCGGTCGACGTTTCACGCACCTCAACCGTCGTTTGGGCCATCCCGAGGCAATCGTCCGCCGCCGGAACGTACCGACGACCTCCGTAGGAGATCATGCCGCCGTGATCCGTCCTGCGAGATTCGCGACGCGCAAAGAGAAAATCCAAATCGACTTTTCCTTCCGGCTTCACATAAACGTCCTCTCCC
NZ_CP133038.1_gap66	2776581	2777081	500	CAAGCCGCGCTCGTCTTCCTTTTTGTTTTATTCTAGCACGGATCGTTCGCATGAAGAGCCACGAGTTTTCTCCGCTGGATATTTATCAAGCCGGTATGAAAATGTTATAATGGCGCAAATTTGAAAAACCCAGTCAGGAGGCCTGACCATGGAATACAGACTCAGTCACCGCGCCCAGAACCTGCGCCGCTGCATGATGGACGCCTTTCATCTGCGCGACGCGAAGGACATGATCTTCTTCAACTCAGGACAGCCCGCGGCGGATCTTTATCCTCGCGCCCTGCTGCGCGCCGTCCTCGACGAGCTGCTCGCCGAGGAGCCGCAGATACTCGCCTACCCCGGTTCGCAGGGCGACGAAGAACTGCGCAAAGCCCTGGCCGAACGCCAGAACCGCCTCGACGGCGGCGCCGGCATCCGGGCGGAACAGATCGTCGTCACCAACGGCGGCACCGGCGGCGCCGATCTGCTCGCCCAGTTATTTATCGATCCCGGCGACACGG
