gap_id	start	end	length	sequence
NZ_CP019384.1_gap1	74600	76973	2373	CCGCCGCCCATCGGCCTCATCGGCGTGGACGGCTGGGGCAAGACCGTCGTGACGGCGTATAAGGACAAGGTCGTTGTGGACGCAGAAGAGACGTTTGCCGAGGCCAGGGCGGTTGACAACGGTTTGGCTTCTTTGAAAGGCGTCGCCGACAACAGGCCTGTTTCCAGGATCTACGAAGGCAAGGTGTGGGGTGTCAAAGATGACAAGGTCAGCGATATCAACGTTTCGCATATCGGCTGGGCCGTGAATGTGGGCGAGAGGACATTCAAGACGCGTGAAGGTGCCGCATACACCTTTAGCTTGATCGCGCAGGTTGACAGGGCCGGTAAACCTATGGCGACAACCGTTGTTGAGAGCGGTTTTATCGGCACCGGCCGCAGAGGCCAGTTCATTACCTTCTATGCCAATGAAGCCGTCGTCAATCTCGGCGAAAAGACAGAGGACGGCAAGCCCTTTGTCAGGATCTTTGCGATTGACGCCGACCACAATCTGACACAGGAAACAGACCGCGCGGTTGAAGTGCTCTCCAAACAGAGCTTCAACGGCCTTACCTACAATCTCATCCACAGGCTCGGCCAGACGGACAAGGCCAAGGAGCGTTGGTATGGCGTGAACCCGGAGACCGGCAAAGAAGTCGCACAGTTCTATGTGATGCCAGAGCGCATTGATCGCGTCGCCGTCAGAGGATATGCAGCATTCGATTTTGGCCAAACGACGATATCGCTGCCGCAAGCTATCAGAGAATCTCGCGGCTATAAGGGCGATGAACCGTTGACGACGATTTATTATATTGATCGTAATCACCAAGTAATCGAAAGCCTTGGCATCAGAGGTTATGGTGTTAAGACGAATGACAGGATTAATGCGCATGACTGGTTGATCAGCGAAGAGATTTCTAAGGATGGCGAATTCGTGATCGCGCGCGCCATTGACGTTAAGGCAGAGGAGCGCGCTACGATCTCGAAGCTGTTTGATGGGGGCTATCTTGTTCAGATGATTGCCGAATATAAAACGATTGGTTCAGATCGGAAGGCTGAAAGATTAATATATACGGCGCAGAAGATAGGTGGTGTTTACAAATTCCAAGAAGCCAAAGACTACAATACACCAGACTTTGAGAAGATCAGTGACCTCTATATGATTTCTTACTATCGCAATATTATCCCAATCGTTGTAGGTAGAGATACAGCAAGTCTGCGTGCCGAATTTTCGTCTGTGCCTTCTGCCATGAGGGCTGCATTTGAGAAACGCTTAGACCAGGGTTTGAGGCAAGTCATCGAAAGTTTGGGACTGAAGGCCGGAGATACAATCCATGTTGTTAAAGAAGAATTGCAAGTCAGGGAAGATGGCATCAAGTTCAACTATAGAATACAAGAAGATCCTTGGGCAAGAATTCTGGTATTTATCTCCAGCGATGTTATGCCGGATACCCTTGTTAATGTCAAATGGAACGGAGAAGACGTCCTGGAGAGTTATCAGTTCTCAACGCTCGGTTCAGCCTTCAAGCTTGAGCCGGTCGGCAATGTGATGGCGCCAGGTGAAGCGATCAGGAGCTATGGCCTGAATAACCAACTGGTCCGTATGCTTGAAGAAAAGGGCGTTCCTACGGATGGCCAACTGAAACTCGTCAGGATCGATCAGAAGCTCTTGGTGGATGACAGAGGAGATATTCAGATTCCGGTTCTGAGCCGTTATCTCATGCGCCAGGATCCGCTTAAACGCGATTATCTTAGGTTCGACAGAGGCGCCCTGAGGTTTATGAAATACGACGTGGGCAATCATCCAGGTATTCCGTTCGGTATCTCTGCTGGTGAAGTCGTTATCTCTCCTGAATTGATGCAGGTGATCAGAGAGACGGAATTCCTGCAAAAGCGGGGAGACGAGTATATTTACAGAGTTACTTATGAGTTCAGGGGCGGAGAAGAATTCCGCAACAAGCCGATCTTTGTCGGCTATGATTTCAAGAGAGACGTGGTGTGGGAGCATTATATTAATGAAGGATGGAAGCTTTACACCAAGCATGGTCTGCCGCTTTACATCACTCGTGTTGCCGGAGTCAAAGAAGTCAGAACTATTAATGGTGCACATCAGTTTGCCCATTCCGGTGGTACGATGTATACCGACCTGGCGAATGGAAGCATTGAGCGTCTCTACAGTCAGTTTGATATCAAGGCTTATCGAGATGCGGCTGGCAATAATTATCTTCTGGTTTCTGAGAATATCAAGTCGTCCACACCTGTAGCCAAGCCGTTCACGACCCTCTTCAGGAATAACGTGCTTTGGGCCGTCGTGGATGAGAACGGTGTTCATACAGATCCATACGATTTGAGCGCTTTTAGAGACAGAGTTGCCAATTCTATCTATGGGCCGGTT
NZ_CP019384.1_gap2	92779	96642	3863	CGGCCGGCTGGAGTTTATTTTTGAAAGGGCTACTGATCTTAGCGAGGTCGGTGTATTCACATACGGTCAGAATGTCTTACCTGCGCCTGCGGCTGTTGTTGGTGCAAGAGAAGGGATGGCCGCGCAGGCTCGTGCCGAGGGCGTTGATGTCTCCGGCGTCAGAAGGCCGAAGCTTGTTGTCATCGTCCAGAAGAGGACGGAAAAAGGATTTGTGCCGTGTTCAGAGCCGGCGACCTATGTTGATTTCATGAAGGAGCGTGCGGCTGAAGTCGGGGTGGATATCGAGGTCCTGGATGTGCAGGATCTTAACGAGATGAAGGCCAGGATCAATCCTGTAACAGGCAGAAACGGCCTCGAAGAATATTTCGGCCAAGCCAAGAGGGAAGGCTGGGTCGTCCTGAACAGGGCTTACGAGATGTCCGAGCCTTCTGAGATCTATCCGCAGGAATTCCTCTCGTTGCCGGGCGAAGTTTGGGATATCCAGAGCACCAACGGTGTGAACTCCCTCTATTTTGAGACGATTTCGCCCTCTAAAGCCAAGGTTCTTGAATTGCTGCGCGTCAGCGGTGTTGAAGCCGTGACACAGCATCTGCCTGAGAGCCGCCTGCGTCTTAAGAAGGCTGAGTTGCGTGATGCCGTGACGGTCATGCTCAAGAAGCATTCTGCCGTCATGATCAAGCCGGACCTCGGTTCCAAAGGCCAGGGCATTGTATATGTGGACAGGTCCATGCTGGAATTCAATCCGGCCACAGGGCGTTCGGCATTAGACGAGATCATTGAAGGGCTTACACCGGATAGAGTAAGCTCCATTTACGGCTTGGTCGGCTATAACGTTGAGCAGGCGATCGATTTGGCCGAGAACGCAGAAGGCCGCCGGTTCATCGGACGCTGGATTGTCCAGAGAGATATTCACGGCGGCTGGGTTGTTTCCCAGAGATTGATCCGCACGGTTGCAGAAAAGGGTTCTTTGATCACGGATGCCAATACCGAAGGTGAAGACACGATCGAGAACCTCTGGAGAGAAGGCATCTTGACCGAAGGCCAGATTGCTGAAGCCGACGCTATGGCCGTAGGTGTCATGGATATTCTCTGCGCTTATATGAGAAGCCAGATCGGCGCGGAAGGCGCAGCGAATGTCGGCGTTGATTTCGCCTTCGCCAAGGATGGCCGTATCTACTTCTTGGAAACGAACGAAAGGCCCTATCAGGCGCCGACGAACTTAACGCCGATTCTGCCTTTCCGTATGGACAATATTCGCAGGATTGTCGACTCTGCTTCTTATGAATCGACGAGGTTGCAGATTGAACGGGCGCGTAAGGGTGCCAGCGATGTTGTGGAATCTTCAGTGTCTGTCGGCAGGCAGCAAGGACGCGTTGCGCAGGAGAGGGGTTTCAAGAAGCCGCATGTTTCGACAGCGGCTGAAATGGCCCGGGGGGGAGTGGGGCAAGATGCTTTTTCTTCTCCTGTCACCAACGCCTCCCTCTTAGAGGAGTTCATCACCTCCCTGGATCTCAAGGCCCCGGATGTCGTCCACATCAAAGGACTCCTGCACAAGTACCAGGTCTTGAAGGCCATGAATCCCCAAGACCAGGCTGCCCAGGCCTTGGTCATCGGCCAAAACTTCTATCCCTCAGCCCTCTTGACAGAAGAGCAGCGCTCAACCCTCCTGGGGGCTGTCGACTACGATGATATCGCAGCCGATGCCTCCAACAGGCTCGCTGCCTCAGATGTGGTCATCACCTTCAACCCCATGGACGGCGGCCTGGGCACCTCGGTCAAGCGCGAGCGCTACCTGGAAGAGACCCTGAGCCGGCCCAAGGACGACCCCAAGACAGGCCGCGCCAGGCTCGGCGCCAAGGCGACAGACCTCTACTTCACCTTTGAGATCGAAGGCAAAGATGCCCAAGGCAACCCCAAGACCTTTGAGAAGACCGTCTCCATTGCCGAGATCAAGCTCCTGCGCGTCTTGAAGGACGCCATTCTCTACCGCCAGGCTATCTTCCAGCCCCTGGTCAATGACGACTCGGCCCCCAGCTACCGCAAACTGCTCGATTCCACCTATCTGCCGGATACCTTGGATGAGAGCATCCCCCAGGGCTCCAGGAGGACCTACCGGGAGGCCATGCAGCAATTGAATGTCGGCCTGACCAAAGGTGAAGACGAGATGCTCTTCCAGAAGGACTTACCTATTATTGACATCGAAACAGGCTTATTGACCACCAAGTTCACTGCCCCAGGCGGACACGGCCAATGGGGGGTCAGGCTCCTGTTTGAGGCCTTAAACTTCCACCAGCCCTTTGCTTCCGCTCAAGACCATGCGCCCAGGACCTACATCCGCGCCTTCTACAACGGAGACGGCGCAGCCAACTTCCCGGATGCCAATATCATCGGCTGGATGGCCAAGAACAAGGTCGCCCTGGTCATGATCTCGACCACCAAGGCCGGCTTGGACAAGAAGGGCGGCCAGATCGGCATCCAGGTCATATCAGATCCTTCAACCCCCTCAGGGCTCGGGCCCCAGGGCCCTGGCGTCACCATCCGGGCCCAGATGCTGGAGCTCGCCCAGGCCAAGAAGGTCTCCAAAGAACACGAGCAGCTCTTCTATGCGATAGGCCTCAATGGCACGCCTGCAGTCCCAGGCCTGGACCCCTTGGGCCGCCAGGCCTCAAGCCTCACCAACGAGCCCGGCGCCCAGTGCTTCAACACCAACATCGCCCTCATCAACTACACGGTCCTGGCCCCGATCCTGAGGGAGGTCGCAAGCTTGGAGAACGTCGAATACGAAGGCGAGATCTTGTCCGGCCATGACTTGGTCGAGCGCATCGTCTCACCTGACTTGATCGAAAACGTCAAAGAGAAGAAGGACTCGAAGAAGTATACCCAATTGGAAGGCGCCATCGGCTCAAGCCTGCTTAACTTGAACGCCTTCTTTGCCACGACCAAGGACGAGAGGATCAAGGACATCCTGCAGAGACACGGCCAAGAGAAGCTCCTGCGCGTCGTCAACGTCGACACCGAAAAGCGCACCCGCTTCTTCACCCCGGTCAAGACCGCCTTTGACTTCTGGTTCCAGGCCTACTCCGACTACTACCGCTTCGATGCAAAGAACTGGACCCTCCAGGATGCCACAGAGGGTCAGGTGCCTCCGACCATAAACCTGGCTAGCTACAAGCGCGACCCGGCCACAGGCGAGCTCAAGCTCGATAACAAAGGCAAGCCAGAAGACGACGCCTATTACGGCGATGTCCAGAACGTGATCGACTCCTTTGGCACCACCTCGACCAGGCACCTCGACACCTTGAACATCACCGGTCACGTCAGGCTCAACAACGTCATCCTCAAAAACACCGTCACCATCACCTCCGACTACGCCGGCATCTTTGATTTGAACCCCCCGAAGCCCAGACCGGCCTTCGGCACGTTCGGCCAGACAGGCGACGATCTTCTTGTCCTTGACAACACGACCGTCACCATCAACAGGGCAGGGGAGGTGAGCGTCTCATCGGCTGCGAGGGGGGTGAGCTCGGGGGCGAAGAATAATACAACCCTTCTTAGCCCCGGCCGGAAGATAAAGGTGAGTCGTTCGCAGGCTAACTCAGTTAAGAAGGCGGGGAGATTATTCTCTTATGTAACGGCAGCCGAATGGATCCAAAGCCTTTGGGAACACAAGGACAAGACCGCCGACCAGCCGATCCAGTACCGTGCAAACGGCACGCTGATCGTCGCCGGGAAAACCTGTCCATGGCTTGGCAAAGCGGCAGACCATGAACATGCCAAAAAGTTGCTTACGGCCCTTCAGATGTGCGGCCTGCTTCGCTTCGCCAGAGAGAAGAGACCGGGTTCGCGAACCATTCGCGTCGGAT
NZ_CP019384.1_gap3	246485	250460	3975	TGTCGACGGAGAAATGGTGGCGGAAGCGGAACTTATGTTCGCCCTCGTGGAGAAATAACCTATGGCGCATATCCATCCGACAGCCATTGTCTCCGAAGGCGCAGCGCTCGATAAAGATGTCGAGATCGGCCCTTACAGTGTGATCGGCGGCAAGGTCAAGATCGGCGCCGGCACCCGCGTCGGCAGTTTCTGTGTGGTCGAGAATGATGCCACGATCGGCCGGGAGTGCAAGATCTTCACCGGGGCCTGCATCGGCACCGTCCCCCAGGACCTTAAATATTCCGGGGCGCCCAGCCGTGTTTTGATCGGCGATAACAATGTCATCCGTGAATATGTGACCGTCAATCTCGCCACGACCGAAGGGGCGGCGACCGTTATCGGCAGCCATAACCTGATCATGGCTTACAGCCATGTCGCCCACGATTGCCTCATCGGCGACCATTGCATCATTGCCAACGGCGGCACCCTCGCAGGCCACGTTACGATCGAAGACAGGGTTGTCGTGGGAGGGCTCGTGGCGGTCCATCAGTTTGTCCGTATCGGCACGCTCGCCATCATCGGTGGATGCTCCAAGGTCGTCACGGACATCCCCCCGTATTCGACTTGCGACGGCCATCCCGCCAGGTTCTACGGTTTGAACCTTGTAGGACTCAAGCGCGCCGGCGTCCCGGCAGAGTCGATCCACGAGTTGAAGGCCGCATACAGGATCTTTTTCCAATCGGGCCTGAACAAAAAACATGCCCTCGAAGAGATGAAAAAGTCCCTTCAGATGTCCAAAGAGATAGACCACCTGATTTCTTTTATTGCGTCTTCGAGCCGGGGCCTATGTCACTGAGAAAATTGAACGGCACAAAAAAGATCGGCCTCATCGCCGGCAACGGTAAATTTCCTCTTTTGTTCGCCCGGGAGGCCTCCCTGCACGGGCTTGATGTCGTGGCGATCGCCATCAAGAAAGATACGTCTCTATTGATCGGGCCTTTGGTCAAGAAGGTCTACTGGCTGACCCTCAAGGATTATGCCAGGATGTTCGAGATCTTTGAAAAAGAAGAGATCAAGAAAGTGATCATGGCAGGCCAGGTGAATCCCCGGAATCTTTTTTACAAGGACATGGGGGACGAGATGCTCCAGCGCCTCCTGAGCGCGATCAAAGACAAGAGGCCGGACACTGTCTTTAGCGCTGTGGCCGATATGCTGGCCCAGCACGATATCGAGCTGGTGGATTCCACGCTTCTTCTGGAGAGATTCCTGCCGGAGAAAGGGACGTTGACGAAGACGAAACCCGATGAGAAGACATGGGCGGACATTCGCCTCGGCTTTGACATGGCCAAGCGCGTGGCGGGGCTCGATATCGGCCAGACCCTGGTCGTCAAGAATGGGTCGATCGTCGCGGTCGAGGCTATTGAAGGGACGGATGCCGCGATCCGCCGCGGTGGGCAGGTGGCCAATGGCGGCGTGGTCGTCATCAAGGTGAGCAAGCCGAACCAGGACATGCGTTTTGATATTCCCGTTATCGGGCCGCGGACGATCAGGAATCTGCGCCGAGTCAAGGCGCGCTGCCTGGCCATCGAGGCCCACAAGACCCTGGTGATCGACAGGGAAGTCTGCATCAGGTTGGCCGACCGCTGGCGTATCGCCGTCGTCGCTATCTAGGGAAGCCAGGGACGCGGAGACGGCCGGCGAAAATGGTCAGTGTTTTTCATGCTTGACAAACCTTCGCAGAGTGCTTAGAATATTTTTGTTCTGATAAAAGGAGGCGTCTATGGCAGTTAAGAAAAGTCTGGCAAGCAAGAAGATCGAATTCAAGCTTTCGGCACCAAAGGCGAACTGGGTCGGCGTGGCTGGCGATTTCAACAGTTGGAAACCGGACAGCCTGACCGCCAAAAAAGACAAGAACGGCATCTGGAGAGCGTCTGCATCCGTCCCGACCGGAACATACGAATATAAATTTGTGGTGGATGGTTCCTGGATTGTTGACCCGGGTTGCTCGCGCCGCACCATCAATTCTTTCGGAAGCGAGAACAGCGTTTTGGTGGTTAAATAACCGGTACGCGCTGAAGAGATCTTTTTTGACAAAGGATAGCCCTGAAAAGGGCTATCCTTTGTTCATTAAGGGAGGCGTAGAAGTGAAATATGTCTATGGTCCCGTGAAATCACGCAGGCTTGGGTTTTCCTTGGGGGTGAGCACAGTCCCGTACAAGGTGTGCAGTTTTGACTGCGTCTATTGCCAGCTGAAGGAGACGACGCACAAGACGTTAGAGAGGAAGGCTTATGTCAAGGCTTCCGATATCCTCGAGGAGTTGAAAACTTTTTTTGCCCAGCAGCCAAAAGATATAAAGCTGGATTATGTGACGTTTTCAGGGGCGGGGGAGCCGACCCTGCATTCGGGCCTCGGCCGCCTGATCCGCGCCGTCCATAGGATGACGGATGTACCGGTGGTCGTGATCACGAATTCATCGACGTTGGTCCGTTCCTGTGCGCGACGCGACCTTTTGGCCGCCGACGTCGTCATCCCTTCGCTGGACGCTGTGACGCAGGGCGTCTTCGATAAGATCGACAGGCCGGCGGGGGGCTTAAAGGTTGAAGACGTGATCGACGGTCTCAAGCGTTTCCGCAAGATGTTCGGCGGCGGGTTGTGGCTTGAGATCATGCTGGTCCGGGGCATCAACGACAGCCCCGCCTACCTGAGGCTCATGGAAAAAACCGTCCGGCAGATCAATCCCGGCCGCGTCCAGATCATCGCGCCTGTCAGGCCGCCGGCCCAGGGCTGGGTTAAGGTCCCGACGAAGACCACGCTGAAAACAGCAAAGAAAATATTCGGCAGGAATTGCGATATCATTTGTTAAAAGAGCCGTGGGAAACGGGTAATTTTAGCTCTTCATTTTTTTTGCGCACCCGGCGCTTATATGGAATTGCGCCGGTGCAAAACATCCTGTTTTGCGCACCTTGCACTTATGTGGTATTGCGCAAGTGCGCATTTACTATGCGCCTGTAGCTCAACTGGATAGAGCGCTTGCCTTCGGAGCAAGATGTTGGTGGTTCGATTCCACTCAGGCGCACAAAAATCCTTATTCAACAGGTTCCGGTCTTCGCTTGGCCTTAATGGCAATTCATGGATATATGAGTTTCCGCTTCGGCCTGGCTGAAGCCAGGCCGAAGCGGACCTCTCGAGGCGTATGAGGCGTCGGGAATTTTTTCGGTATGCGCTTGTTTCGGCAGGTGAGATTTTAGCGGAGCGGCAAATGTTTTTATCTCAAAAAAATCCTTCCGGCAGACGTTTTATTTTTTTCATTTGTTGCTTTGTTTTTTTCGCCTTCATCTTTTCCGTCTATGCCAGGGTGTTGTCCGCTCCTTTCCTTTGGGATGACGAATATCTTATAGGAAATAATTCCGCCTTGCGGAGCGCCGGAGGGCTCCTGAAGGCCATGGCCTCGGACCTGGGCGCCTGCGCGGGGGAGAAATGGAATTTTTTCCGTCCTCTCCAGCTTTTTTCTCTTGCCGCGAATTATTCTTTTTGCGGCCTTGACCCCTTTGGTTATCATGCAACGAATGTCCTTCTTCACGGTCTGACGTCTTTTTTGCTGGGACTTCTTTTTTGGGTTCTTTTCCGTCGTCTCCTGCTGGCGTGTCTTGCGGGGTTGTTTTTTTCCGTGCATCCGCTGCATACGGAGGCCGTCGCCTATATCTCGGGTCGTGCCGATATCCTTTCTTTGTTTTTTATCTGCCTCGCCTTGATCTGTTATCTTCAGGGATTGTCCCTGAAAGGTTTCGTTTATGATGCGGGTTTGTTTTTTTCCTTCGTCCTGGCGCTTCTCGCCAAAGAAAGCAGTCTGGTTTTCCCGGTCTTATGCCTCATCACGCACGTCGTCACCACGGCAAGACCTTCCTGGAGAAAACTGTTTTGGATGCTGGCGGCGGTTATTTTCTATGCGTCCGTCCGTTATCTTGCCCTGGGGATCCCCGGTTTGAGCCAACACG
NZ_CP019384.1_gap4	253617	254374	757	GTTGGTCGTCGACGGCAGCTTGGGACCCGTGAACGCCGAACAGAAAGATTGTCTTCAGATCGTCAAGGGCAATATTGAGCGGCTGGTGCGGTTGATCAATGATATCCTTGATTTTCAGAGGCTGGAATCGGGGAGGATGGCTTTTGATATGAGGCCGAACGATCTCCACGCCTTGATCCGGGAGGTCGTCCAGACGATGGCCTTCTCGGCCCAGAAGAAGGGGCTGGACCTCTCGATGCGCTTGGGGCCCGGACCTCTCGTTTGTCTCTTCGACCGGGACAAGATCGCGCAGGTCTTGAGCAATATCCTGAGCAACGCCATCAAGTTTACCGAAAAGGGAAGCGTCGTGGTCTCTGCGTCCAGCCGCGGCCCCCATGTGTTGGTGTCCGTCGAAGACACAGGCATAGGCGTTAAGCGGGAAGATATCCCCAGGCTTTTCCAGCGGTTTGCCCAGATCCAGGAAAAGGGATATCGCAAGACCGGCGGGACAGGCCTTGGTCTGGTCATTTCGCGAGAAATCATCAAGCATCATCAGGGCGACATCTGGATCGAGCCAGGAAAACACCAGGGCGCGGTCGTGTGTTTCACCCTGCCATTACAACAAAATCCCTCTGCCCATGCCTAAGAAGATCCTCATTGTTGATGACGAAGCGGATATCCAGAAACTGGTCGGCCTGCGGTTGCGCAAGGCGGGCTACGACGTGGAGGTGGTCGGCAGCGGCTTGGCTGCCATTGAGGTCATCAGGCTCCAGAAACC
NZ_CP019384.1_gap5	264159	268226	4067	CGTCAGCCTTTTGTTCTCGCCGCAATACATCACCATGTATCTGGTGGCCCTGTTTCTCTATCAACTCAGCTATCACTTCAGCTACAACTTCGTGTCCTGGCTTTCGCGTTAAGGGTTTGGGCCGGGCCCGCCTCTGGCAGTCTCGGCTTTGATCGGCATTGTTGCTTTTGTCGTTTGGCGGCATTTTCGCTGGATAAACAAGAACGAGCGGCAAGATGCATAAGAAAATATTTTCCATCGCCATACTGGTTTTTTTCTGCTTGTGTTTCGAATTTTCCCTCGATGCCGCGCAAGATGCCGGGTCTTCTCCTAATGACCCTTCGGCCGCGCCCGTGAAGATATACATCTCTTCCTACGCTACCAATAAAAAGAACGAGAGAGGCCTTTTTACGACGGATTTCATCGTGCCCCTGTATTATTCTTCGGGCAAGGATACGCTTTTTTTCTTTGATCCCAAATATACCGCAACTACGCCTGAGGCGAATGAAATCAACCAGGGTCTCGGCCTGCGCCACATCTTTAACGATTCTTTCATTTTGGGGGTAAACGTCTTTTTCGACCGCCGGCAGTCCCATGCCGGCAAATGGTATTCCCAGGCAGGCCTCGGCCTCGAATATCTTTCTTATCCTCTGGACATCCGCCTGAATTGGTATAAGCCGTTGACAGCGGCCAAGGTGGTGGACGACGGTTATGCGTTCGGCTCGACCAGCCTGCAGTATTGGGAAAACAAGGAAGAGCCCTTGCAGGGCCTTGATTTTGAATTGGGAGGCCCTGTCTTTGACAGGTGCACCAGGACGAGGGCCTATGTCGGCGGGTTCTTCTATCAGTCCAGGCTTGCCAAGGATGTCAATGGTTTCAGGTTCCGCACTGAGACGAGCCTCACTCCCTGGTTCAGCCTTGACACCATTGTCGATGCCAAGGCTGGCGGCAAGGTCGAGTTTATGGGCGGGGTGAGGTTCATCTTTCCGTTCGATTGGGGCAACATTTCTAAGGGCAAGCGGCGGATCGCGGCTCCGGCCACAGCCAACAGCTATGTGGAAGACCGCATCTTCGAGAGGGTGGTCAGGGATCTGGACATACAATCCGCCACTTCAAAAAAGCAGGAAGATGTCAGCGGCATGGAGACTATATTCGCGGACAACTCCAACACCTCAGGTACTGAGGACGGCACCCTCGCTTGTCCCTGGAACACGCTGGATGAGGCCTTGAACGATTCCCGCTATGTGGGCCAAGGCGGAACAGCCAAGGTCATTTATGTCGCCCAGGGCGACGGCACAGCCGCCGGTTATACAGGCAACTATGTGCTGGCCGACGACACGACGCTCTGGGGAAGTGGTTACGACGGAGGCTATAAGGGGATCAGCGCCCCCGGTTATCCTGTTATTGACGGAGGAGGCGCGGGGAACGTCGTGACCCTCGGCCACACCAATGTCCTGATGGGCGTCAGGATACAGAACGGTTATTATGGCGTCTATGCGGAGTCGGTGTCGGTGACCATAAAAAACAATGTTTTTACGGACAACGTTTCCAACGGCATCGATATCAAAACCTATACGGGTTCCCCTGCGTGCGAGATCTCGTCGAATACGGCGACCGGCAATGGTTATGGGATTTATCTGCGTTCCTACAATTCCAGCGCTCCGTCTTATACGGTATCGGCAAATACGGTGACGGACAACACGAATAACGGCATCGTTCTGCAATCTTTTGATTCCAGCGCCATCACGTCCTCGGTCTCGGGCAATACCATGTCGGATAACGGCAGCGGCGCCGCTAACCATAACGGCCTGAGCCTTCTTGCCAAGGACGGCACGACCCTCAATATCTCGGTTTACCGCAACATCATCAGCAGCAACGATCCCGTCGGCGTCCGCATCGGTTCGACGGTGGCGAACTATAACGGAACGTATAACGTCGATTTTGGCGGAGGCTCTCTCGGCTCCGAAGGGCTCAACTCCATCTACAGCAATGTCCTTTATGATTATAATAACCTTCAGGCCTCGACGATCTCCGCGCAATCCAACTGGTGGGGGACAGCAGACCCTCAGGCGTCTCAATTCAACGGCGCCGTGGACTACTCCCACTGGCTCGTCTCAGACCCGAATTAGCCGAATTTTCCTTGATTGATCGAAGCCGAGCTTCAATCAAAATTCGTATGGAAAGCCCCTGATTGAAGCTCGGCTTCGATCAGTTTGTTGCGTCGTCCTTATGTTTTCACGTATTTTATGCATTTGCTTATTCGCCAACCCGTTTATCCCGTTAGAGAACTTCGTTCTCTAACGGGATTTATCCGCTAAGTGTTTTTCTATTAGCCATTCGTGATACGTCCTATGCTATAATACCCCTATGTCTGCCCTCCAACTTGAAATCTTACTGCCTGTCTATAACGAATCCGACATATTGGAAGAGAATGTGGGGAGGGTGGTGAGATATCTTGACGCCGAGAAGAAGTGGGATTATAGGCTGATGATCGTTGATAATGGTTCGACGGACAGGACGCCGGAGGTTTCAAAAGCGGTTTGCGGAAAGTTCGCGGGACGGGTGGGGATGCTGCGGCTGGATGCGAAAGGCCGGGGCAGGGCCTTGAGATACGGCCTCCTGCAGTCAAAAGCGCAGATCGTCGGATACATGGACATAGATTTGTCGGGCGACCTGCGGGCTTTTGATGAGCTCTATGCCGCTATCGCGGAGGGCTGCGATATCGCCGTCGGTACGCGCCTGGCTCGAGGGTCTTGCGTGACGCGTTCGCCTTTCAGGAAAGCCCTGTCATGCGGTTATAATGTGCTGGTCAAAAAAATATTGAAGATCGACGTTAGCGACGCGCAGTGCGGTTTTAAGCTTGTGCGCCGCGGCCCGGTGCTTGGCATTTTGCCTTTTGTCAAAAGCGATCACTGGTGTTTTGATACGGAATTGTTGTTTTTTGCCTTGAAAAAGGGGCTCAAGGTCAAAGAGGTTCCTTTGTCGTGGCAGGAGAGGGACAAGGGAAGAAGCACGGTCAGGATCGTCCCTTATGTGTTTGAAGGGCTTGGGACGGTGATAAGATTGGCGATGTCCGCCAACTCTTTCCGTTGAAAGATTCGCGTAGTTGAAGTAAGATAAGATGCTATGGATACGGTCCCCAAAAAAGATGGAAGCGAACGCCGCAGGGCCAGGCGCGTTTATGCGAGTTTTGTTGAATATTGCCGCACGGAAGGCGCCCCTGAACAGAAGTACCAGGCCTTCGCGGAGAATGTCAGCGCGACGGGGATCTGCATCTTTGTGAATGAAGAGATCAAGCCGAACATCATCCTGTCGATAACGGTTTTTCTCCTGGACGGCAGCAATCCTATTGAAGTCAAGGGGAGGGTCGTGTGGGTGCGGCCTTCGGTCTTTGTGATGGCCAAGGACAGGAAGCATTATGATGTCGGTGTCGATTTTGTCGAGATATCCGACGAAGACCGCGAAAGACTCCTCTACTATACCTCGAAATATTCCCACGAAATACCGCCGTCGTAAAAACTGGCCGGAACATTTTTTGCGGCATGCTTTTTGCCGCATGGCCGCTTTCGGAGGTCTGAGAAGATGAACGAATCCCACGAGAGCATTTTTAACAGGCTGAAAGGTTCGCATTTCCGCAGCCACTTCCGTCTTAAGGACGCCGACGTCACCTATATCGAAGAGAAAGGGATCGAGACGATCCGCAGGCACGCCTGTGAGTTTATCGCGGCGCGCATCGCGCCGCGCAGCCCCGCCGATGACGGCCGCCAGACGCCTTTTTCCGGGCACCCTGTGTTCGTCGCCCAGCATGCCACGGGGACCTGCTGCCGTTCCTGCCTTGAGAAGTGGCACAAGATACGGCAGGGGATCATGCTGAATGAAGAGCACCAGGATTTTATCGTCAAGCTCATCATGGCGTGGATCGAAAAAGAAAGGACAGCGGGCGCCTTGCGGGTGAAAGAAGAGAAATGAAATCCAAGGTTTATCTGGCCCCCATAGCGGAGGACGCGCGCCATGCCAGGCAGGCGGCGCTTGTGAAGGTGCTCGATGCCCTGCGGCCGGCGATGCAATATGACGAGGGTGCGTTTGTT
NZ_CP019384.1_gap6	399021	402143	3122	TGACTCTCTCCGGCTGGATCCTTTTGGCGTTGTCATGGCTGGGAATCGTTTCATTGGCCATATTTTGTTTTTATAAGATTTTTTCAAAGAGAGAGGTCAAGTAGTTATGGGTTGGTTGAGGTTTCGTTCCGACGGACAAGTTATGCCGTCATGAAAGGTCAAATGAAGAAAAAAACTTTATTGTCGTTTTTAATCTTGGGCGTGTTGACGGTTTTTTTAAACGGATGCGTTTGGTTGATTGTCGGCGGCGTCGGCGCCGTCGGAGGCTACACCGTGACGCGCGATACCATTCAGGGAGAATATGATGTCAAGTTCGACGACGCCTGGCGGGCCGCCCAGTCCGTCTGCAGCATCCTCGGCACTGTCGGCAACCGCGATTCCTCCGCCGGCACTGTCGAAGCCACGATCGACCGCGCCAAGGTGAGGGTGCAAATCTTCCAGATCACGCCGGAATCCATCCGTTTGAAGGTCAAGGCCAGGCGCGGCATTTTCCCGCGGCTGGGCATGGCACAAAATGTCTTCGTCAAGATCGTCCAGCAGTTGATGTGATGCCCTCTTGGGCAGAGCAATTGAGCAATAGAAAATAGAACAAGAGAGTCTATGCCCAATTGCGGTCTAATGTTCTATTGCTCTATTGTTCAAAAGGTAACCGATGGCATTTTTATTTGAGAGTCTCGAAGTTTATCAAAAGGCAATCGCTTTTGCTGATGAAATTAGCGGTTTAACGGAAGGCTTCTCAAAAGGCAGTTATTATCTTACGGACCAGCTGAATCGAGCGGCGTTATCGATTTCGACCAACATCGCAGAAGGAAATGGCAGGTATGGCAAGCCAGATAGGAAGAATTTCTTTAGAATTTCTCGTGGATCAGCATTTGAGTGTATTCCGATCTTAGAGTTGTGCAAGAGGAAGAAATTGATAGGAGAAGAAAAACATAAAGCTCCGAAAGAGAACCTTGATGAAATGCGTAAGATGCTGTCAGGGCTTATGAATTATTAAGGCAAGCTGATGCTCGGGCGAGCAAAAACTAAGGTATAAAACGGATAGTCTCCTATGAAAAAGCACATCTTTGCCTCGAGGACGCATTATGCCATTGCGTCGCTTTTTGTCGCGGCGGCGTTCTCTCTTGTTTTCGGATGTTTGTCGCGCAGCTCCAACGAGGTCCGCGTCGTGCGGGTCGTCGACGGCGATACGGTCGACGCGGATTCGGGCATCACCATCCGCTATATCGGCATTGATACTCCTGAGACGCGGCGGCGCACATCCGCCGGCTGGATTCCGACGGGAGATCTATACGGAGAAGAGGCCAAGAAGGCGAACGAAGCGCTCGTCATGGGCCAAAAGGTCCGTCTGGAGTATGACGTCCAGAAGAAGGATAAATATGGCCGGACCCTGGCGTATGTTTTTGTTCGCGAGAACAACAAAGAGGTCATGGTAGAGACGGAACTCTTGCGCCGCGGCCTGGCTTTTCTCTATACTTTGCCGCCGAATGTCCGCTATGTGGATGTTTTTCTGGCGGCGCAGAAGGAGGCCCGCCGCAACAAGGCGGGCATGTGGGCGCATGAGTTTCATGTCCCGAGTGCGCAGGCTTGCGATTTTCTCGGCCAGAGGAAGTTTGTGACAGGGAAGGTCGCAGACACACGAAGGACCGACAAGATGGTCTTTCTTGAGATGGAAGGTCTCCGCGTCATTATTTTTGCCAAAGACTTCGGCTTTTTTGAGAAGGAGGGCATTCATCCGGCGCAGGATTATGCCGGCAAGAAGGTCAGTGTCTTCGGCCTCATCAAATCATATCGGGGGTCTCCGGAGATCATCGTGAGCCACCCATGGCAGATTGAGATTGTAGATCGCCCCTGACCCCGCCTGTGTTATCCGCCTTCGCGCAAAAAACCGCAGGTATAAACTCGTGATTGCGACTGGCAGGAGTCGGCGAGGTCAGGAAATGCGAGCCATCAGCGCTACGGCGAGATGTCGCCATATACGGTGAAGGTGGACCTCGCCGACGCGAAGCGGCGGCGGGTTTTCAAAGAACCGCAGCTCGTCCGCTGAAAGGGGGAGGGAGCTCCATAATAACGTCATGATTTTCCATTCATTTTTCACGACGTGCCAGGCGATCCTGGAATTGGTGATCCTCGGCGCTGTCGGTTTTTTTCTGATCCGCGGAAAGATCGTCAGCGAAGAAGGCCTGAACACCTTGAGCGAACTGGTGATCGGCCTGTTTTTGCCGCTTTTGATGTTCAGTGAGATCGCCGCGCGTTTTAGCTTCAGGCAGTTTTCGGACTGGTGGGTCTTCCCGCTTTTGAGCGTTCTGATGACGGCTGTCGGCTACCTTTTGGGTCTGCTCTTGGTGGGTCTGGACCGTTCTCTCATTCAGCAGGAAGGGCCTTTTTTGGGTATCGCGATGTTCCAGAACTCGGGATATCTTCCTTTGCCGTTGGTTGCCAGCCTGCTTGCGCCCGGCGCCGTATCGGACATGTTCATTTACATATTTCTTTTCCTTTTGGGTTTTAACATGACGATCTTTTCGTTCGGCGTCTTTGTCTTGTCCTGCAAAGGCAGGGCCTGCAGTTTTGATTACAAGGACATGTTCAATGCGCCCGTGATCGCGACGCTGTTGGCGCTGGCCGCCGTCTTTTTTGGGTGGACGCGCTTCATCCCGCCTTTCGTCTCCAAACCCGTCGAGATGATGGGGCGCTGCGCGATCCCTTTGTCGATCATCGTCGTGGGCGGCAATCTGGCCTTGATCCGCATCCGTTCCTTGAAACACGTCCGGCCCCTGGTCCTGAGCTTGATCGTTAAGCTCCTTTTTGTGCCCCTGGTGTTTCTTGTTTTTGTGCTGCTGGTCAAACCAAAACCCCTCGTCGGTTTGCTGTTGATGCTGCAGGCCTGCATGCCTCCGGCAGCGCTCTTGTCCGTCATCGCCAAGAATCAAAAACTGGAGGAGGGTTTGATCAACCAGGCTATTTTTTACGGCCATGTGGCAAGCATTTTTACAATCCCGCTGTTCTTGGGGCTTTACGGTGTTTTTTCAGGTTTTTTCAATTAGGCGATCCTGCCCTGGAAATTCTTCATCTTGGATGGTAAAATAATATGGAAGAAAGGGTTATCGCAACGAACAGGAAGC
NZ_CP019384.1_gap7	405594	410038	4444	ACGAAGGCAAGATCGTTGCGGCCCGATCTCTCGGTGTTTCCGGGTTCTTCGCCAAAAACTATACGTTTGAACAGTTGATGCAGGTCTTGCAGGTAACGCTCAATGCCCATCGCGGGCTTTCTTCGGGATCCTTGCCGGCGGATGAAAAGCCGTGAAACTCCGCCGACGCGCCTGCTTTGCAGACAGTCAGTGCTTTTTCTTCGTGTGATATAAAACGAAACGCGGCACCGAATGCTTCGGAGGTTTTGGCTTCCCATCGCCGCATAGCGGCCGGGATTCGCGGGGACGAGGAGGCGGGGGATGGCGGGTATGCACGGGGCAAGGGCGGATGAGGTCATCAAGCGTCTGAAGAAAAAATATCCCTCTGCCCGCATAGCCCTGCATTCCCGTAATCCTTTGGAGCTTTTGGTGGCGACCATCCTGTCTGCGCAGTGCACGGATGCGCGCGTGAATCTTGTGACAGAAGGCCTTTTTGAGAAATACAGGACGGCGCAGGATTACGCAGAGGCCGAACCGGCGACATTGGAGCAGGAGGTCCGCTCGGCGGGGTTTTACCGTCATAAGGCCAAGAATATCATCTCTGCGGCCAAGAAGATCGTTGCCGACTTTCATGGGGAGGTGCCGCGGACGATGCCGGAGCTCTTGACGCTCCCAGGCGTGGCGCGCAAGACCGCCAACGTCGTCCTCTACAGCGCGTTCGGCAAAAACGAGGGGATCGCCGTAGATACGCATGTGATGCGAACGAGCCGGCGGCTGGGGCTCACGGAACACGATGATCCTGTCAGGATTGAAGAGGACCTGATGCGCCGGGTGCCGCGGCGCGAGTGGGGGGATTTCAGCCTGCGCCTGATCCTGCATGGCCGCCAGACATGTATGGCGAGGGCGCCGAAGTGTCCGGTATGCATTTTGGCTTCGGTCTGTCCGTCTAAAAAAATATTCTTTCCGGGAAGTTCAGCCTTATTGAAGGAGACGCATGGAACGCCGTAAAAAAGTTTACGAGCCGATCACGCCGCAAGAGAAGGAAAACCTGCTGCATGATTATCTGCCGTTCCTTTCCAGGGGGAAATTCGTCAATGTGGCCACCTGCAATGAGGAGCGCATGCCTAATGTGGCGCCCAAGCTGATCGCGAAAGTCGACAATAATCTGGTCTATCTTGTCGATTACGTCATGGGATCGACCTACGCGAATCTCAAGACCAATCCACGCGTTTCCCTCTCTTTCGTCGACGAGAGGACGTTGACGGGTTACCAGTTGAACGGCGCCGTCATTGTGATCGCCTCCGGGGAAGAATTCGACAGGCTTTCCGAGGAGTTCCAGCAGATCAAGACGAATTTCACGGTCGAGCGCATTTTGTTTAATGTCAGGACAGGAGGAAAGGCCTCGCCTGTGGACCTTACGCTGCCGGAAAAATTCGTTATCCTGAAGGTGAAGGTTTTTGAAATCGTTGAGATCAGTTCTACCGGCGGCCTGAAATCCAAGTTTGCCCTTTGATCCGTTTCCATATGCCCTTGAGGAACATGCATACACCGGTCAGGACGGCCTTCTGGCGGATAACTCTTTTTTCACTCTTGTCCCTGTCGTTCTTCTCTTCCCGCGGCATGTGCGATTTGTCCCCTGAACCGCTGCGCCGGGCACCGGAAATCAAGGGATCCACCTGGTTCAATGTCGATCAATATCCCCATATCAGCCTTAAATCCCTGAGGGGAAACGTCATTCTTTTGATCTTCTGGGACAGCCAAGACTTGGTTTCGGCAGAGGTGATGCAAAAGATCAATGCCCTGCGCGACCGCTATAAAGACCGGGGGCTGGAGGTGATCGGCGTCCATGATTCGGGATGGGGGCTGAATGTGTCCGAGGCCATGGTTTTAAACAAGATCCGGGAGCTCGACATCAGATTTCCCGTTGTTATGGATTCGGAGGGGACGATGCGGGTGGCCTATGATTATCTTGGCGGGGAAAGCCTGTTTCTGATCGACCGCAAGGGGTACATCCGGGGGCAATTCATCGTCGGGCTTCCATGGAAAGACATTGAGCTGATGCTCCAGATGCTTCTGGAAGAGGGACACTCCAGGCAATGGGAATTGTATGAGAAAAAGAAAGTCAAGGGTGTTTGAGAGATGAAAAAAAACAAGTGTGTTTGGCCGCAGGTAAGGCTGAAATTTCTCGGCGGCGTCAGGACAGTAACAGGATCCAGCCATTTGTTGACGACGCCGAAATCGCAGGTTTTGATCGATGCCGGATTATTCTACGGCCACCGCGATGAGTTCTACAAGGTCAATACGACGTTTTCCTGCCATCTCTCGAAGGTGAGTGCCGTCGCGCTGTCCCATGCGCACATCGACCATTGCGGCAATATCCCGACGTTATTGAAACACGGATTGCGTTCGAAGATCTACACGACGTCGGCCACGCGAGATCTTTGCAAGCAGATGCTGGCGGACAGCGCCAGGGTCCAGGAAGAAGATTTCAGGTATTTGAGAAAAATAGGCCGTGGGTCAGGAGGCCGCGGCCCGCGGAACGCCCCGCCGTTCCGCGGCCCCCTCTATACCGAACGCGAAGCCCTCCGGGCGTTGGGAAAATTCCGGCCTTTGCATTACGGCCAGAGGTTTCAGGTGACCCATGATGTGACGTTGACCTTTTATGACGCCGGCCACATCCTCGGCGCCAGCGTCATTCTGATCGAGGTGCGCATGGGCCGCAAGGCGGTCCGCCTCGGGTATGCCGTTGACCTGGGCAGAAAAAACCTGCCGATGCTCAATGACCCTACCGTCTTGCGCGACCTGGATTATCTTGTGTTGGAATCGACCTACGGCGGCAGGATGCACGCCCCCATCTCGGAAGCCAAAGAGAAGCTGCGCGAGACGATCACCAAGACCGTGGCGCGCAAAGGCAAGATCATCATCCCGGCCTTCGCCCTTGAGCGCACCCAGGAAGTCCTCTATTACATCAGCGAGCTCCTGAAGGAACGGGCGATCCCCGAGATCCCTATCTATGTGGATTCGCCCCTGGCGACCAGGATCACGGAGGTTTTCCGCAACAACGTCCACTATATGGATCCCAAAGCCAAAAACATGATCCGCAAGGAACACAGCCCCTTTGATTTCGTGCATCTTCATTATGTGCAGGGGCAGGAGGAGTCCAAGTCCCTCAACAATGACAAGCGTCCGATGATCATCCTGGCCGGTTCCGGCATGTGCGAAGCCGGCCGCGTCCTGCATCATCTGAAGAACAATATAACGGAATCCCGCAATACGGTCCTTGTTGTTGGGTATATGGCCAAGAACACGCTGGGAAAACGGATCGTGGACCGCGAGCGCATGGTCAGGATTTACGGCCTGGAGTATGAATTGAACGCCGAGGTGGTCGTGATCAACGCGCTCTCCGGCCACGCGGACTCCAACGACCTCCTGCATTATGCCCAGGAGTGCTCTCCTTTCAAAAAAGTCTTTCTTGTGCACGGGGATGAAGAACAGACCAAGAGCCTTTATGACCGGCTTTGCGAATACAACCTGAATCCTTATATGCCGCAAAAGGACGAAGAGGTGGTCCTTTATGAAGAATGATAGGGGGGTCACCCTGTTAGAGATATGTCCCGTTAGAAATGAGGTTTCTAACGGGACTTTATATGTGGGTTCACAGAGAAAAGTTCTGTTTTTTTAACAGATTAACAGATTGGATTTCCCAGTTGATGGATGGGGTCCTGTCATCTCTAACGGCGTAAACCTTTTGTTTCGTTGTTCGTCTAACGTGAAGGAAGCGAAACAAAAGGGAGGATGCTATGAAAAATTTCGCCAAACAATTATTGTTGATCGGGTTGGGTGTCCTGGTTTTGGCGGGGGGATGTTTTTGTTTTTCTCAGGCGGGTCTGGCCGCGGGCGATGAAGAGGAGTTGTCATCGGCGCCTGGCCGCTCCGGCCGCGCCGGAGACCTGCGCGAAAAGGCCGATCGTTTAAGACGGGAAGATCCTGAGAAATTCCACCAGCTGGTGCGGGACCGCGCCCAGGCGCTGCGTGGAAAACTTCGGGACCTTAAAGAAAAAGACCCCCAGAAATACGAACAGGTCGTCGCCAGGATCCGGCAGATGAAGATTGAGCGGCTGCGGCGCCTCAAGACTGAAGATCCCGAGAAATTCAGCCGGATCATGGAACGTCGGCGTCAAGCTGTCGATAAACGTTTGAGCAGGCTTAAAGAGACCGACCCCCAGAAATATGAGAAGGTTGTAGCTTTTAAGGAGAAGCTGGGGCATCTGCAGGAACTGCGGCAGAAAGACCCCGAGGCCTTCCGTGAGTTTCTTGAGAAACATCCGCGTCTCAAGGAGCGGCTGACTTCGGGTCGCCGGGGACACGGAGCGCCGGGGCCGAGAGAGCCGCAACGGAAAGCCGCTGAATATGACGACGTCCGCTGATGCCCAAAGAAGCCTGGAGTGCGTGCGCCGTTTTCAGG
NZ_CP019384.1_gap8	452602	454002	1400	TGCGTTTATCGTGATCGAGACGGAATCCAGTACCTTTTTGTTATCTCCTTTTATGACCGTGATATTCCTGAATTCCAGGAGGGGTTGATCCGCTTTTCGTGTTTTTATGTTTTTGTTCATAATGATCGCTTGAGATGTTTTCTAAATGTACTTTAACCTAAATATTATACTCCCCGCATAAAATTTCAATCTATTTCTATGCGGCGGAGTATAAAAATATTGTTTAGCGTCTTAAAACACAGACAGTTTTCATGGAGTTCTTGGCCTGCATCGAGCAAGGACTTCAGTTCGTTTCACAAGGCGGGATTCCGTGCCTTCCTGGGATAGGGCACGCCTCATCCGATGGCCTTGAAGGTCTTTGCGCAAAGCCAAGGATAAAACCTCAAGGTGTTCAAAGAACCTCTCTGAAAATGGCCGGATTTTCTTGTTTCCCCGCGCAATTCGGCTATAATGAAAAACTGATGATTCAGAGAGATCCAAGAGGGCGTGGGCCTATGGGATTTTTCTCATCTATTTCTCCCCGATACAAGCAATCCCGCCGATTTTTTATCAAAGACAGGCGGCGGCCTGATAAAAGCTGAAGGAGTTTGAGCAGGAAGATGGTCAACAAGACAATAATGGTCTTATTATTTGCCTTGATATTTTTTTCGCAGGCAGGCAGTGCTGTCGCCGCTCAAAGGTTTATGGTGGTGACAGCGCCGGTCGCCGATTTAAGGAAAGAACCCCAGGAAAGAGACTCCGCCTACGATCATGACGATCTGCAGGAGACCCAGGTATTGTTCAACGAAGTTCTCTTGTATAAGTCTTCGATGGGCGATTGGTATTACGTCGAGGCTGTTGAGCAGAAAAACTTTAGGCAAGATAACCGGTGGAGGGGATACCGGGGGTATATCCGGAAAGAAGATACGAGGTTTGTCGGTCGGCTTCCGGAGTACAATTCCGTTGTCAGCGCCAGGATCGCCGATGTGTTCGACGCCCCTTTGCCGGATGCGCGGATTTTGCTTTCTGCTTCTATCGGAACGAGATTCAGGATCGTCGGCGATCAAAAAGATTTCTACAAGGTTGAGATGGGGGAAGGCGGTTTTGGCTGGGTCTCCAAGGATGCCTTGAGAAAGACAGAAGGGGTGATCCCGCGGACGGACACAAGAGAAGAGCTTATCGAAACCTCAAAGCTCTTTCTGGGGGTCCCCTACCTGTGGGGAGGGAGGTCTCAGGCGGGCGTCGACTGTTCAGGCTTGGTCAATCTCGTTTATCGTGCCCAGGGAATGGAAGTCCCCCGGGATGCGCAAGAACAGTGGATGACGGCAAGAAAAATAACGGCGGGACAGTTAAGGCCGGCCGATCTGATATTCATATCGCGCAAAGACGATCTTGGCTCCATAGTCCACGTGATGCTGTTT
NZ_CP019384.1_gap9	468743	470413	1670	AAAATAGGCGAAATGCGATCTTGGCGGCATTGGTCTTTGCGGGGGCTTTTTTTGCCGCCGACATGGCTTTGGCCGCGGATGCGGCGCCCCAGCCGCAGCCGCCCCAGAAGGAAGTCCAAGTCCTTACGATCTCCCAGGGGATCGCCATGGTGCTTCACGATAGCCGCCTGATCCGGGTGGCCCTTCCCGGCAAGGACATGGCGTTCCAGGATTCCATGATGGCGCGTTCGGCGCTGTTGCCTCATTTCCAGGCGGCCGCCTCGCAGACATTCAACAGATATGCCTCGGCCGTCAAATTCGGTTCTACGACTGCCGGCACCGCCGACAAGAACTATTACTCCTATGGCTTCGACGTCTATCAAACCCTGTTTGATTTCGGCAAGAGCCTTTCTCAATATCAGGCTTCCAAAGAACTCGTCAAGGCGAGCGATGCGCACATCGACAGCATCAAAAGGCTCGCTATCCTCGAGTTCATCGTTGCTTATTTCGATCTCCTCGAGGCGGAGAAAATGATCGTCGTCGCCGAAAAGGAAGTTGAAAGCCTCGCATCATATCTGAATGATGTCGAGCATCTCTATGAACACGGCTCGGCGGTCAAGAACGATCTTTTGCCTGCCCAGGTGCGCCTGGCGGACGCCAAGCAGAAGCTCATTGCGGCGCGCAGCGCCAGGGAGATTGCCGCGGCGCGCCTCAACGATATCCTCGCTTTGCCTTTGAGGCAGAAGGTTGTTGTCCGCGATATGGAAATGAAGCCGCCGGAAATTCCCGAGATGGAAGAGGCATGGAGTATCGCGGTCAAGGAAAGGCCGGAGGTCGTTTTCTATGAAGACCAGATCCGGGCCTCGGCGTTAAGCGTCAGGTCCAAGGCCGCCGAGAACCTTCCGACGATCTATGCGGATGGCGGTTATGCCTATACGAAAAACCAGTACGAGGTGCATCAGGATAATGCCTATATCGCCCTGGGGGCCAAGGTGAACCTTTATGACGGCGGGAATGCCCAGGCCGATATGTTCAAGGAGCGCGCCCGCCAGAGGCAGCTGAGGGAAGAAAAGAACAAGGTGACGGAAGATATCAAGTTCGAGATAGAAGACAGCTACTTGACCTTGAAAGATGCGCGCGAGAAGGTCGTTGTGGCCAGAGACGTCCTCTCGCAGGCGGCGGAAAATGTCCGTTTCTATCGCGCCAAATACGCGGCCGGGGCCGCCAACACCACAGAGGTCCTGGAAGCGATCACGCTGGAGACGAAAGCCCAGACAAATTATTTTGAGAGCGATTATGAGGTCAAGCGCAGTTACGCCAAGCTCATGTATTCCATGGGGATCGACCTGACCTTGCTTTACGAAACAATGGAGAAGACGCATGAACATGTTAAATGACAGGCATAAGAAATGGATTTACCTTGCCGGCGGTGTCGCAGCCGTCGGGCTGATCGTCCTGGCGTATTTGATCGGGGTGGGCATGAGTCATGTGACGACGGACGATGCCTATGTCACGGGGCGCATCCATAGCATCGCATCCAAGGTCCCGGGGACCGTCTGGAAGCTTAATGTCAACGATAACCAGAATGTCGATAAGGGGGACCTTTTGGTCGAGATCGACCCTGTCGACTACGCCCTGAAGGTCAATGAGGCCAAGGCGGCGCTAGAGGTCAGCCGGGCGGCTTTGGCGCA
NZ_CP019384.1_gap10	478129	482730	4601	ATTCATTTAAAGGTCATCCCCGGCGCCTCTGACGCGGCGATCCGTCAGAGTGTCGCCTTGGCGAGCGCCGTCTCCTTGAATATCGAGGCCCCTGGCGAGGAATATTTTAAACAGCTCAGCACAACCAAGAATTATGTCCGCGACATCATCCGGCCCTTGGGGCTTATCAGCCGTCTGACAGCCAAGGGTTCTGTTTTCAATAGGGTCAAACAGACGACGCAGTTTGTCGTTGGTGCCTCTCTTGAGACGGATAGAGACATTATCCAGAGTTTATGGAAATTGTACAGGGAGGCGGGTCTCGACCGCATTTACTTCAGCGCCTACCAGCGCGGCGCCGGCGCGGCCGACTTGCCTGGAGAACGTTCGCGGGCGACCAATGGCGATCTGTTGATGCGCGAACATCGCCTTTATCAGGCCGATTGGCTTATTCGGAAATATGGGTTTCGGGCCGACGAGATCCCCCTGGAAGCCGGCGGCAACCTGTCCTTGACATTCGATCCCAAAGAGATGTGGGCCAGGATGCATCCGGAATTCTTTCCCGTCAACGTCAACAGAGACGACAGAGACCGCCTTTTGCGCGTGCCCGGCCTCGGCCAAGTGATAATCGAGCGTATCCTCGCCGCCAGAAACAGCGGTTTCCACATCCGTTCTCTTGCAGACCTTGGCAAAGAAACCAAGGTCCTCGCCAAAGCCAAAGACTACGTGATATTTTAATGAGGCCATAACTTACGCCTGCCTTTGGCCCTGGCCTTGCCCTCGGCCTGCCCTTCGGGCAAGGCCAGGGCCAAAGGCAGGCAGGGAACCGTCGCGTTGCTCATGGTGCGTAAGTTATATGGCCGAATTATTTCGCCGCATTCTGCGGCGAAATCAGACCCTTCCTTTATATGGAATGAGGAAGGTCTACCCCTTGTGGGTTAACCGGGAAAAACCGCGGTTTCCCCCGGGTAGATTCTTTGCTTTCTACGTTCCTCAGGGTATAATAAAGGCATGAAGATTTTTATTATTCCCATCGAGATGGTCCGTGGCGGTATCTTTGACGATCTCAGGCGGGGCCTGACGCAGGTTTTCTCTGCGGATGTCGAGATAACGGCCAGGAGACCGATCACGGAGGAGGCCTATGATTTTCAAAGGCGCCAGTATTATGCCAATGCCATCTTAGACGACCTCGCCGACGAATTTATCATCGATAAGAAAAAGGAAAGGGTGCTGGGTATTCTAGATGCCGATATGCATACAGACCCTATGAATTTCATTTTTGGACTCGCCAACCACAAGACCGCCTGCAGTCTGGTTTCGCTGGCGCGTCTGAGACCTGAGTTTTACGGCCGCAAAGAGGACAAGAGATTGTTTCATTCCAGGATCGTCAAAGAAGCGATACACGAACTCGGCCACACCTTCCGGCTTGGGCATTGCACCGATTGGCGCTGCGCCATGCATTTTTCCGATTCCGTCGAGGATACCGACGCCAAGAAAGCGGGTCTATGTCTCGCCTGCCGCAGGAAACTTTCGTCCCGCTTGCTCAAGGAGGTTCGTTAATGGCGAAGATCAGGCTGGATCTGCACGATATTTTCAACAAAGGGCAGGCGATCGATGCCGAGCTTTGCCGTGTCATGAACGAGGCCGTAAGCAAGCGGATCCCGTTGGTTGAGATCATCACCGGCAAAGGGAGCGGAGAGCTCAAAAAACGTGTTTTGCGTTTTCTGGATCAGCCGGCAATAAAACAGCTCTACCACCGGGTCGAGAAAGACGATAAAAATTTCGGTCGTGTTTTCGTGCATTTCAAGCCCATGTCCGATCGCAAGAAAATAGGGCTATATGGATATTCTTCTGAGAACAAAAGAAGCTTTTGAAAGGGTGGATTTGTTGTTATGGGAGGAATAATCGTTTGACATCGTTGTCAAAGGGCGATATAAAAAGCGTAAGTAAATGCGAAGCTCCGCTGGAACATCTGTTCGCTTGTCTCGGCCTGTCCCGCCTTCGGCAGGGCAAGGCCAGACAAGCAGGCAGACGGTTCGGCGGCTTCCTTGGGTTGTAACGGTACTTGAGGGCATGGATGCCGTATCCCGCAAGAAGAAGCCAAGAGCGTTGTAAGCGCGTTCTTGGTTTTTTCATGGGTGGCTTGTCGTCAACATGGAGGAGAGTCCATGGATAAGATGGGAGAGGCGCAGTTGAGGAGCGCTCTTCGACAGAAGACGAAACAGGAACTCTTGGATATTTGGGTCGGGAACAAGCGGCATGAGTGGCCGGACGGCGCTTTCGATGTTATCAAGGAAGAGTTGGCCGCCAAAGGGATCAAACCGCCGGCGCAGAAGAATCTTGAAGAGTCGATGCTCAAAGGCCGCGATTATCGCAAGGATGTGGGGCAGCCGTTTTTTGCGGTCTCCCAGAAAAAACTGGCCCTCATGGCCTTCTTTACGTGGGGTTTTTACGAGATCTATTGGTTTTACAGGAACTGGAAATTTTTGAAAGAAAAACACGATTTCAAGGTGAGCCCTCTGGCCAGAGGTATCTTCGGGCCGTTGTTTTGTTACAGCCTTTTTAAAATTGTCAGGGATTATAGCGATCAACACCAGGCTGGGGCCGATATGAAAGCCGGCGCCCTGGCGGCGTGCTACATTCTTATGATCGTTACATATAAGCTGCCGAGTCCGTTTGATCTGATTTCGTCGTTTTCTTTCATTCCGCTTTTGACCGTCCAGAGGGTCATCAATAATCTTGGTCAGCGGTTGTCGCCGCAGGCCCAGGTGGACGGTCGGTTCAACGGCTGGAATATTTTCGGTATTGTCATCGGTTCGTTTTTGTGGGTTCTTGTTATTTTAGGTATCATATTCCCGGAAACCGGGAAATAAGTCATTCGTCAGGAGGGACATGGAGGAAAGAAGGGGTTATGTCAGGGTGGGCTTAGACGTCATGGTCAGGTGGAGGACGCAGGCGGAGTCTTCGGCCGGCCGGCCGCAGAAAAAAGCCCAGTCGAGAAATATCTCCGTCGTCGGGATTTGCCTGATTTTGCGGGAACCCGTGGGTATCGATGAAACATTAGAACTTGAATTTACGCTGCCCGGCGGCAGCCTCATTCAGGGCCGGGGCAGGGTGATATGGTTGGGTAAAATTGATGCCGGCAAAGATAAGCATGCCGCGGGGACCGGAGCTTTTAACGCGGCCGGCATCAAGTTTTTGGACATCAGCGAAGCAGACAAGAAGGAAATCGCCGATTTCATCATTCATCGCCTGAGCCGGGGTCAGCAGCCCTTGCATGAAAATGAGGAATAAGACGGCTCTTTTTTTCAGGTACCGGCACGGTCTCTTATTGTTTGCGGCAGGATGCTTGGTTTTTGTCTTTGCCTTGACAGATGCCGCGCAGGCTCAATCAGCGGCGGAATATTCGGCCTTGACAGAAGCTGTGGCTGCGGCCGCAGCAGCCAAAAAAGAAAAACCAGAGGGCACCGGCGCTGAAAAAAGGGCTGGGCGGGAGAGCCCTACGGCTGCAGATGCGGCGGGTGAGGCCGTTACAAAGGCCTATGGGGAGGACGGCGAGGCGTTTTCAGCCAAAGGCGACACCCTTCTGAAGCAACTCGGCGGCACACCGCAGGCCGATGCATCCGCGGAGAGCAGCCCCAGGACGGCAGAACCCAGGATGATCGAGTTTGAAGATCGGGACGGACCCGCGGCGGGGGGAGGCGGAAAGAACGGCGAGGCCGAAATTCCTGCCGGCCAGGGGATCAGGGTTTATCTTAAAGACGGTCATGTCGTTGAGGGAAAATTGTTGGAAGAGGCGGACGGCCGCTGCCAGGTTCAGACCGGCGGCGTGTCCCTGACGTATTTCAAAGACGAGATCCAAAAAACAGAGAAATTCTAGAGGGGGACCATGGAGCAGTGTCATGTCTGCGGGAGTCATCGGAAAGTGTGTTCGGCCTGCGGAGCGGAGTTGCATAAGCGTTTTGATGATTTTATCGTCCGGGCCGAAGTTATCTATGCGATCTTTATGGCTTGGGGATACGCGTCTTCAGCCGAGGCGGTGATCCGGGCCAAGAACTGGGTTGCATTGCCGCTCTTGGTCGTCAGCACTTTTGTTTTGATCAGGTTTTTCTTTGCGCCGACGAGGAATTTGTATACGGCCGCCTTGCTTGTCGAGAAACACAGAAAGTGGCGCTGGGTCGTTTTCGTCCTCGATTTCCCTCTTTTGTTGTTTCATTCTTTCGCTTACTACTCCATGTGCCTGGCTATCGGCGGCAGCGAGGAGAATGCCTATAGATTTTTTGAGTGGTTTGTCTGTTTGCTGGCGGCCAATGTCGTCTGGCTTTCTACGATTGCGCTCCGGATGAAGCTTTTTAAAAAGCACGCCCACTATTGGACCTTCATCAAATGGTGCGTCAATAATTTCATTTCCATTGTTTTATTTTTTGTCGCGTTTGTGGCATTCGGCGGTACGCCGGGGGCATTCTTCGACATGTTTTTTTCCAAAGACATCCCCATGGTCATCGCTGCGTCTGGCGCCGCATTCTGGGCTTTTTTCGGAGTCGCTTTATTGAACTGTATTGCAGATGTCGTCTTGACAGCATCGGATTATTTGGGGTTTGACAATTAGGACATTCCAGGGAGGT
NZ_CP019384.1_gap11	485109	486233	1124	CTTTTAAACGCCCAGGCCGCCGCGCTTCTGGCTGAGGCCGATTGGATCCTGGCGAAAGGAGAGACCCTGGAAAATGAAAAATAATCTGCGCAAGTTAGGTATCGGGCTATTGGTCGTGGCGGGTCTTGTCATCGTGAAAATGGCGGTCTTCAGGGGCGGCGGGGCGGGGAGCGAGGAGGGGCGCATCGTCAAGCCCGCTGTCGGGACGATCCATACGATGATCTCGACGACGGGGACCGTTCTTCCCAAAAACCGCCTGGAGATCAAGCCGCCGGTCAACGGCCGTATCGAGAGCGTCCTGGTCAAAGAAGGCGAGAAAGTCAAGGTGGGGCAGATCTTGGCGTGGATGAGCTCGACCGAGCGCGCCGCCCTCCTGGATAACGCCCGCGGCCAGGGGGAAGAGGCGTTGAAATACTGGGAAGATGCTTACAAGGCGATCCCGCTGTCGGCGCCGATCGACGGAGAAGTGATCGTGGCGACGACCCAGCCCGGCCAGACCGTGACGACTTCCGACGCGGTTGTCGTGCTCTCGGACCACCTGATCGTCCGCGCGCAAGTGGACGAGACGGATATCGGCAAGATCAGGGTGGGCCAAAAGGCCTATGTGGAGCTGGACGCCTATCCGGACACGAAGATTTCCTGTGTCGTCGAGCATATTTATTATGAATCCGAGACCGTCAATAACGTCACCATCTATAAGGTGGATTTGAAGCCGCAAGAAGTGCCTGAGTTTTTCCGCTCAGGCATGAACGCCAACGTTGAATTCGTGGAGGAAGGGCAGTCCGGCGCGTTGCTTGTCCCGCAAGAGGCCGTCTTTACGGATAACGGCGAGACGTTCGTATGGGTCTACCGCGGCAAGGGCGAGACACCCGAGAAGCGCGCGGTCAAAACGGGCCTCTCGGATGAAGAAAACACGGCCATCCTTTCGGGGTTAAGCAAGGACGAAGAAGTCGTTATCACGTCGAAGAAATATGACGTCAGCGGCAACTCTACCGGCGGGACAAACCCGTTCATGCCGTTCCGCCGTAAAAAATAGGGATCGGGCCGGGCCATGATCACCATCAAGAATATCTCCAAGACATATCGTATGGGCGAGATCGAGGTCAAAGCCCTGCAGGGAGTTT
NZ_CP019384.1_gap12	488020	489127	1107	ATTGTTTTGGCGACGACGTTTTCCCTCGGCGTGGGCATTATCTTCGGCCTCTGGCCTGCGCAAAAAGCCTCGGAACTTGATCCTATCGAAGCGCTGCGATACGAGTAGTCCTTCTTCGGCAGAGCCAGACTTCCGGATCCAATCGAAAAAACTTCAGACACGCCTTATCCGAAACACGGCAGGGCTGGAAAGGTCCATCGCCATCAGGCTGTCGCATGGGTTTTGTGGGCGCTTGTTTTTTGTTTTTCGTTCATCGAGACCAAGATTTGCCTGATTTCTTTTTCGTCTTTCGCCTCGAGGAGTTTTTGTCTGAACTTTTCATTCTTTAGGGAACGGGACAGAAGTCCCAGGACCTGGAGGTAGCCCCTGATTTCGAACTTCGGTATCCCCAAGAGGAAGATCAGCCGGGCCGGTTTCTTGTCTATCGCCCCGAAATCAATGCCATTGCCGGCGCGGCCGAAAACGACGACGAATTTGTTGATGCTGTCCGTTCGGGCGTGTGGAAAGGCTGTCTCATGACCGACTCCCGTAGGTTGGCGCCTTTCACGCTCAAGGACGTCGGCTACAAATTTTTCAAAATTATTGATTTGCGGCGATTCTTTCAGGAAAGCCGCCAATTCACGCACAGCTGCTTCTTTCGTTGCTGCCGAAAGAGAGACTGAGACCATTTTAATATGGGAAAAATTCCAATTTTTCATACGGAGACCTGTGTTTTCCGCCCGCAATCCGTCTTTGAATTTGGCTTGATACCTTTCGCAAAAGATGAAAGGAAGCGGATTTTTAAAGGCGGCGGTTGAGTGGTTTTGTCTTGAATGCTATCAGCTGGAGAAAATCGGCGGGGCGTGAATACAGAAACTCTGCGGAAGGAATGCGCAGTAGAATGGTCCTTTATTGCAGTTTTTGCAGGGGAAAGGAACGATGGCGGAAACAGGGTCGGCTTGCACCTCTGCACTCAACCCGTCAAGGAATACCGGCAGAGGGGCTTTTCCTTCGGCGTCGGTTGTCTTCAAGACAGACCGATTGGTTTCTTTCTCTGTTCCGTCAAGGATGCCTTGTGGCATGAGGAGGCCGGGTTGGAGGAGCGCCATTAATGCCAGGAAGGAAATC
NZ_CP019384.1_gap13	647394	651149	3755	CTGACCATCTTCCGCTGGATCCGCTGCCGCAAGTATGTGACACCCGAACCTCTCGTAGATCCGGCAAGCCTTGGGTTTGCCGAAGAAGCCGCAAACTTACCTGTATTTTTCAATACCACTCTTGACGGTAAAAAGGAGCTTGTCCTGGAGACCTCTGCGACCTCCGGTTATTACATTTTTCCGGCATTTAAGTCGGATTATGCCATCCGTATCATCGTGCCCGCGTGGGAAGGAAGAGGAGCCGGTGCCGACGTCTCGGCCGACGGCGGCAAGAGCTATCGAAAGAGCTGTATCAGTGATGCTTATTATTACGCCTCCAGGGGAGATTTTTCCGCCGGAGATGTTTTGCGCAGCCGTATCAATCTCAGGAAGGAGGGCGACGCAGCGCCTTATGTGGCCTACGCGTCATTTTCCTGCAGGCCGGGCAATATCGTCCTGTTGGCACCCAACGGCGGCGAAGCCCTCGTGGCCGGCATATCGCAGGCGGTCACATGGACCGCATGGGACTATGAGCCGTCTTACCCTATGAAGCTGGAATATTCGCGCGATGCGGGCAGGACCTATCAGCCGATATCGGATAAAGCCGCCAATACAGGGTCCTATGTCTGGACCGTCCCTCAGACGACGACCGATAGGGCCCTGGTTAAAATTTCGGATGCTTTCGACGGCGCGGTCTCCGATGTTTCCGACAGGGTGTTTTCCATAAAGGCGGGGACAGGGGGCACAGGGCAGCTTGCGGAAAGCGCGGCTCAAGGATCGGAAAGCCAAGCGACAGCCGTCGCAGCAACCCAGCTTTCATCCGAAAGCGCCGCCGGTCAGAATACGACAACGGATGAAAAACAAGTGGGCTCCTTGAAAAAAAATCCAGGCACAAACTTGTATGAGATAGCCCTTAAAATCGGCGTCGACCCGACAGCCGACAATAATTCCTATCGCGCCGGCGACATTGTGATGGTCAAGCCGGTGGGATATCCTTGGGGAGCCAGGGAGCGGGAGGAGTTTCAGATCGTCAAGGTGTATTTGACGCCGCGGGAAGCGCAAAACCTGATGTCTACCCGCAGAGGGGCAGGCGGCCGTATCATCCAGCGCAGGCGATATAAGATCGATACGGCAAAGGCGTTTTCATCTGCGGTAAATGACGCGGGCGGCAATGCGCCTCTTGTGGACGCCTCGGCGATTGAGCAGAAATGAACCGGATGTAAAAAAAGGGAGAATAATGGTCGACAATGCGAAGAATTCCAAGGCTTATGAATCGGCATTTGATACGGCGATGGAAGTATTTTGGCTGACTAAAGAATATCCCAAGGAAGAGTTGTGTTCGTTGGCGGATCAGCTCAGAACGGCTTCCAGGTCTGTGGCGGTCAGCATAAGAGAGGGTCTCGTAAAAAAGCCGCATTACAGGGATATTTTTGTAAGGCATGTGATCGATGCTTTGGGTTTTTGTGAAGAGACAAAAACGTGGCTTGATTTTTCCTTCGAGTGCAGATATCTGGGGCGGGATAAATACGGCGAGTTGTCCAGGAAATACGACGAGATAAGGATCATGCTGTATCAATCCCTCGGCAGGAATCCTCGGCTTTAAAGCCGAGGAGAAATGCGGTATTGCCTCGGGAGGGAACCCCCAGGGGATTCCACTTGGTCAAAAATTGGAAGAAATGGTGAAGGCGTGATCCGGCAGGGAGCTCCGGAGATACGAAAAACAACTCAAGGAACGAAAGACATGTGTAAAACAAACAACGCAATCCCAACGCTCTTGAGGGCCAAGCATTTTAAGCCCGGCTTGAAATGTCTTTCGGGTTTCTTTTTGCTTTTGGGATTCTGTTGTTTGTTTTCTCCGCCCGCGCACGCCAACAACATCAAGGTCTCCGACGTCAGCCTCCAGAACCTGGATTCTACCGCGGGCACGGTGGACATCAAGTTCGACGTCTCCTGGGACAACAGCTTCACCCGCACGGACGCAAACGGCAACGCCACCTTTGACCGGGCCTGGGTCTTCGTCAAATACCAGATCGGCGGCACAGGAGCCTGGTATCACGCCACGCTTGTCTCAGGAGGTTCCCTGGGCAGCTACTCCACATCCACCGCTATCGGCATCACCTCGGACGGCAAGGGGGCGTTTTGCCGGCCGGGTCTTAATCAAACACTAAGGTGGAGTTTCCCCTATGGAACGTCGATGGATACCATCAGGATCAGGGTTTTTGCCATCGAAATGGTCTACATCCCCCAGGGCTCTTTTGTCCTGGGTTCCGGCGGAACGGAATCAGGCAGCTTTACGGACGGCTCATGGACGAGTGGAGCAACTATTCCCTTTACCATTTCTTCAGAAGATGCGCTATCCATAGCCGCGAGTGCAGGCAGTCTTTGGGGAACATCTACCTCCGGCAACAATACCATCGGTGACGCTGGGACTCTTCCCGCCGCCTTCCCCAAGGGCTACAGCGGCTTCTACGTGATGAAGTACGAGGTCTCTCAGGGGCAATACCGGGACTTCCTGAATACCCTGACCCGTGCCCAGCAGAACACCAGGACCGGAACCTCCCTGGCTGCGGGCACGACATCCGTCACCAACATCTACGTCATGAGCAACACGGCGACCATATCCTATCGCAACGGCATCCGCTGCGACGCGACCATCTCGTCCTCGGACCCGATCACTTTTTACTGCGACCTGAACGGCAATGCCGTTCCCAACGAATCCGATGACGGCGAGTGGATCGCCTGCAACTGGCTCTCCTGGGCGGACCTGATGGCCTATGCCGACTGGGCGGGCCTGCGCCCCATGACGGAGCTGGAATTCGAAAAGGCCTCGCGAGGCCCGGCCCGTTCAGGCTCGCCGACAGCCAACGAATACGCCTGGGGGAACACGACCATTGATTACTTCTCCGATCTTTCCAATGCAGGCACCTCAAGCGAGGCCATAGGCCCGACCCGGCCCAATGCCAACTGCAACTATTCCAGCGCCTCGCCCGACGGCCCGGTCCGCTGCGGCATGTTTGCCACAAGCTCATCGAGCCGCACCACGGCAGGCGCTTCTTATTACGGCCTGATGGAAATGTCCGGCAACCTCTGGGAGAGGTGCGTCACCATCGGCAATGCCACAGGCCGCGCCTTCACAGGCTTGCACGGCAACGGCACCCTTGACTCCAGCGGCAACGCCGATGTTACAAACTGGCCTGGAACAGGCGCCACTGGTGGCGGTTTCCGCGGCGGCGCTTGGGATGATGACACATCGTACGCCCGCGTGTCAGACCGCAGCTACGCGGCGTACACGAATTCGTTTCGGTACTACAGTTACGGAGGTCGGTTCGCCAGGACCCCTTGATTTTTTGTTCTTTTACACTTTGGGGTTTTTGGGGGAATTAGTGGGTAAGCCGGTGAACAGGTTAGCCGGTGAATCGGTGAAATGAATAAACCAGAAAAGAAGGTATGGGAAAGGTAACCCCAGTTGTGGAGAAGCACTACAGGCTGATTTTATGGACATTGCCCAAAATTGCCAACTTTCCAAAAGACCAAAGATTCCTGTTGGCCGACAGGATCGAGACGCTGCTTTTGGATGTGCTTCTGCTCTTGATCGAGGCGACATATTCGGCGGAGAAGAGGGAAATGCTGAAGAACGCCAATTTGAAAGTCGAGCAGATGAGATTTATGATGCGCATCGCCAAGGACATGGAATACGTGAATATCAAAGGTTATGACTTTTTCTGCGTTTCGCTTCTTGAAATAGGCAGGATGATAGGGGGTTGGAGAAAATCCGA
NZ_CP019384.1_gap14	719371	721686	2315	ATTATCAGAAGATGTCTTCCGCCGAGATGACACAACTGAGGAAAGACTTGAAGACCGTGGGGGCCAGCGTTCTGGTCGTCAAGAATTCCTTTATGCGCAAGGCTTTTGAAGAAACCAAGAAACCGGCGGACGCCGTCCGCCTTGTTGACGGGCCGATGGCCATGGTTTTCGTCAAGGATGATCCTGTTGCGACGTCCAAGATCCTCGTGAATTTTGCCAAGCAGCACGAGGCCTTGAAGCTTTGCGGCGGATTCATGTCCGAGAGGGTCTTGAACAAGACAGACCTTGATTTCATCTCCAAGCTTCCTTCCAGACAAGGTCTCTATCAGCAGGTCGCATCTGCTTTGAATGCACCCATAAGCAAGCTGGCGATGAGCCTTAACCAGATTGTGACGAAGCTGGCGTATGCGCTCAATGCCGTTAAAGATCAGAAAAAATAATTTCAACTCTTAACTTGCATATCCTAGGAAAGGGGAGGTAATCACATGGCAAAAATCGAAGACATGATCAAAGAAATCGAATCGATGACCGTCCTTGAATTGAGCGACCTGGTGAAGGCCATCGAAGAGAAATTTGGCGTGACGGCTCAGGCGCCCGTGATGGCAGTTGCAGCGGGGGCTCCGGGGGCAGGCGCAGGGGCTGCGGCTCCGGCGGAAGAGAAAACCGTATTCACGGTTGTGCTCACCAGTGCAGGCGCCAACAAGATCGCCGTCATCAAGGAAGTCCGCGCGATCACCAATCTCGGTCTGAAAGAAGCCAAGGATCTGGTGGATGGAGCGCCGAAACCCGTCAAAGAGAGCGTTCCAAAGGCTGAAGCCGACGAGCTCAAGAAGAAGCTGGAAGCCGCCGGAGCGACGGTGGAGTTGAAGTAAACAGGGCTGGGCCTTAAATCATCCGTTGAATACGGAGACTTGAATGAGCAAAAGAAAAAGCTTTGCCAAATTAAGAGAAATTTACCCGATGCCGAACCTTTTGGATCTGCAACTCCTGTCTTATGAGGAGTTTCTGCAGGCTGATGTCCGTTCCGAAGAACGGAAATCCTTGGGGCTGCAAGAAGCATTCCAGGAAGTTTTCCCGATTGAGAGTTTCGACAAAAGGTTCCGTCTTGAGTTTGTCAGCTACACCCTCGGCAAGCCGAAATACTCCGTTGAAGAATGCCGCCGCAGGGGAATGACTTTCGCATCGCCTTTACGTGCGAACCTGCGTCTGATCACACCCAACGACGTTAAGATCCAGGAGGTCTATTTCGGGGAGCTGCCCTTGATGACGCCGACAGCCTCTTTCATCATCAATGGCGACGAGCGGGTTATTGTGAGCCAGCTGCAGCGTTCCCCGGGCGTCTGCTTTGAAGAGGAGCAGCATCCTACCGGCAAAAAGATATTCTACGGCCGCATCATCCCCTATCGTGGGGCGTGGCTTGAATTCAAATATGATTTGAACGAGGTCATCCTGGCCTATGTGGACCGCCGCCGCAGTTTTCCGGCGACGCAGATCTTGCGTATCATGGGGTTTTCCGGAGACGAAGAGATCACAAAAGCTTTCGGCGATGTCCCTGAGATTGCCAATACCCTCAAGAAAGATTTCACCAAGAACAAGGAAGAGGCCCTTATCGACTTTTATCGCAAGATGCGCCCGACGGAGCCTGTGACTCCGGAAGCGGCCGAGGAGCTATTCTATCGTCTTTTTTTTGATCCCAAGCGCTACGATATCGCCCGCGCCGGCCGTTTCATATTGAACAGAAAGCTCGGCATGGGCGTTTCTGTCGATAAGCGCATCCTGGATGCCGAGACGGTGATCAAGGTGATCCAGTATCTCGTGGGTCTCAAGAAGGGCGAGGGCGAGATCGATGATATCGACCATTTAGGTAATCGCCGCGTCAAGACCGTGGGTGAACTCATCCAGAATCAGGCGAGGATAGGCCTGGCAAGACTGGAAAGGTCCATCCGCGAGCGTCTGGCGATTTTGACGGATGCCGACGCGGTCATGATCTATCATCTGATTAATTCCAAACTTTTCTCCAGCCAGATCCGCGATTTCTTTGCCAGGAGCCAGTTGTCCCAATTTATGGACCAAGTCAATCCCTTGGCAGAGCTAACCCATAAGCGCCGTTTGAGCGCGCTGGGGCCGGGCGGGTTGTCCCGTGAAAGGGCGGGGTTTGAAGTCCGTGATATCCACCAGTCCCATTACGGCCGTATTTGTCCTATTGAGACGCCTGAAGGTCCGAACATCGGGCTGATTGCATCATTGACGACCTATGCCAGAGTCAATGATCTGGGATATCTTGAGACGCCTTATCGCAAGGTTGACGACGGCCG
NZ_CP019384.1_gap15	725358	729676	4318	TTGTCCGATGCGGTCGAGGCGATCGCCGCCTATGACGACGGCACGATCGATCTTCACGCCAAGATCAAGACGAGGATCCCCCATCAGTATCATCTCAACGAAGGCATTTATTCCGGCGAAAGGGCCCTGGTCGAGACGACCGTCGGCCGCATCATCTTCAATGAGAGACTTCCGAAAGAGTTTGGTTTCGTCAACCTTGAGCTTAACAAGAAAAATGTCGGTCAGATCGTTACGGCATGTTATAAACGGTTTGGGCACGACTCCACCATCAAGCTTTTGGACCGTCTCAAAGCCCTCGGTTTTGAATACGCGACGCTCGGCGGCATCTCCATCTCTATCGACGACCTGGAGATCCCTGAGGAGAAAAAGGAATATATCGCGGAGGCAAAAAAGGAAGTGGCGAAAGTCGATGACCAGTATCGCAAAGGCATCATCACCAACGGCGAACGTTACAACAAGGTCATCGATATCTGGACACATACGACGGACAAGGTCTCAGACCTCGTTTTCAAGAAGATGGATGCTTTTAATCCGATCTTCATGATGGCGGATTCCGGCGCGCGCGGTTCCAGACTGCAGGTCAGGCAGCTGGCCGGCATGCGCGGTTTGATGGCCAAACCTTCCGGCGAGATCATTGAGAATCCGATCACGGCCAGTTTCCGCGAAGGCCTGACGGTGTTGGAATATTTCATTTCTACGCACGGTGCGCGCAAAGGTTTGGCGGATACGGCGCTTAAAACCGCCGATGCGGGTTATCTGACGCGTCGTCTGGTGGACGTCTCCCAGGAAGTCATCATTACAGAAGAGGATTGCGGCACTCTGAACGGCATCTCCCTTTCTTCGATCATCGAAGGCGACGAAGTTGTCGTTCCTTTGAAGGAACGGATCGTCGGCCGCGTGACCCTGGATAACATCGTCGATGTCATCACGGATGAAACCGTTGTGGCGGCTGGCGAGATGATCACGGCAGAAAAGGCGGAAGCCTTGGAAAAGATGGGGATCGAAAAAATCCGTATCCGCAGCGTCTTGACTTGTGAATCCGACCGCGGCATCTGCGCCAAGTGCTACGGTAAAGACCTGGCACGCGACGGCCTGGTTGAAATTGGATTGGCCGTCGGGATCATCGCGGCGCAGTCGATCGGCGAACCCGGTACCCAGCTGACAATGAGGACGTTCCATATCGGCGGTACGGCCTCCCGTATCGTCGAACAGTCTTTTGTCAAAGCCAAAAATAAGGGTGTTTTGAATTTCCACGCGTTACGGACGGTCGCCAGAGGCAAAGACCTGATTGTCCTGAACCGTAATGGCTCTTTAACCATCAACGATCCCCAGGGCCGCGAATTGGAGCGTTACGCCATTCCGCAGGGCAGCGTGATTTCCATGGCCGAAGGGGAAGAGATCCAGAAGGGCGTCATCTTCGTCCGGTGGGACCCTTATACATTGCCGATCCTGACGGAGGTCGCCGGTATCGTCCGCTACGAAGATATCAAGGAAAACATCACGATGCGCGAAGAGATGAATCCGACCACCGGGATCGCCGAGCGTGTCATCGTTGAACACAAGATGGAATTTCATCCGCAGATCATCATCCTCGATGCGGGCGGACAAGTCGTCGGCATTTATCCGATCCCGATCGGCGCCCATATTCTCGTGAAGGACGGTCAGAAGATCGAGGCCGGCGAACTGATCGCCAAGATCCCGCGCGTGTCCGGAAAGACGAGGGATATCACGGGCGGTCTGCCGCGTGTGGCGGAGTTGTTCGAGGCCCGCCGGCCCAAAGATCCGGCGATCATTTCGGAAATCGACGGCTTCGTCGAGTTCAGCGAGAACAAGAAGGGTCAGAGGATGATCATCGTGACGTCTTCGACGGGCATGAAGCGCGAATACGCGATTCCTCACGGGAAACATCCAAATGTATACCGCGGCGATCGCGTGACGGCAGGCCAGCAGTTGACGGACGGCCCCGTGGTCTTGCAGGATATCCTGCGTGTCTGCGGCGACAAAATCCTTCAGGAATATCTTGTCAATGAAGTGCAGGAAGTCTACCGCTTGCAGGGCGTCAAGATCAACGATAAACACATTGAGGTTATCATCCGGCAGATGCTCAAAAAGGTCAAGATCGAGGACGCCGGAGATACGGAATTCCTTTCCGGCCAGCAGGTGGATCGCTGGAGGTTCCAGAAGGAGAACCAGCGCGTCATCAAAAAAGGCGGCAAGCCGGCTTCGGCGACCCCGCTCCTGTTGGGGATTACGAAGGCGTCGCTGACGACGGAAAGCTTTATTTCAGCGGCGAGCTTCCAGGAGACGACCAAGGTTCTGACGGATGCGGCGGCTTCCGGGAAACGGGACGAGCTTTTCGGCTTGAAAGAGAATGTTATCGTCGGCCATTTGATCCCGGCCGGAACGGGCCTCAAGATTCATCAGGATTTCAAGATCAATAAAGAAGATGTGGCCATTTCTGTAAAAGAGGAAGGTGTGAATGCCGACAATTCAGCAGCTCATACGGAATAGCAGGATTGCCAAGAAGATCAAGTCCAAATCGCCGGCCCTCAAGGGCTGTCCTCAGCGCCGGGGTGTATGCCTTCAGGTCAAGACCATGACGCCGAAGAAGCCGAATTCGGCTCTTCGCAAGATCGCGAGGGTCCGCCTGACGACGGGCATCGAAGTGACATCTTATATTCCCGGGGAAGGACATAATCTGCAGGAACATTCGATCGTCCTGGTGAGGGGCGGCAGGGTTAAAGACCTCCCCGGCGTGCGTTATCATATTGTCCGCGGGACGCTGGATACGGCGGGTGTGGCCAACAGAAAGAAATCCCGCTCCAAATATGGGGCAAAGGTATCCAAGAAGAAATAGCCGAAAGAACTTTCATTCAGGCAGGAGAAAAAATACAGAGGGCGATTCATGAGAAGAAGACGCGCAGTCAAGCGGCAGATTTTACCCGATCCGAAATATAACAGCCGGATTGTGGCCAAGATGATCAATATCTTGATGATCAAAGGCAAGAAGTCCACCGCCGAGACGATCGTCTACGGCGCGTTTGATGTCATCAAAGCCAAGACCGGAGAAGAGGACCCTGTGAAGGTGTTCAACAAAGCGCTGGAGAATATCCGTCCGCGGCTGGAGGTCAAGCCCCGCCGCGTGGGAGGCGCTACCTATCAGGTCCCTATCGAGGTATCCCAGGAGCGCGGCATATCGCTTGCCTTGCGCTGGATCAAGGACTTTTCGCGTGCCAAAAAAGGCAAGCCCATGCCGGAACGCCTGGCTGATGAGATCATGGCCGGGTTCAAAGGCGAAGGCGCTGCCATCAAAAAAAGGGACGACACCCACAAGATGGCGGAGGCCAATAAGGCCTTTGCGCACTTCCGGTGGTAGGGAGCCCCCGAAGAAAGAGGACGGCTTAAGTGACAGTTGCAGAAAGAATGCTGACCATGACGCAAAAAATAGATCTGACAAAGATACGTAATATTGGAGTTATCGCTCATATCGACGCCGGCAAGACGACGACGACGGAGCGCATGCTTTTTTACACCAAGAAGATCCACAAGATCGGCGAAGTCCATGACGGGACGGCGACGATGGACTGGATGGTGCAAGAGCAGGAGCGCGGCATCACGATCACGTCGGCCTCGACGACGTGTTTCTGGCGCGACATCCATATCAACATCATCGATACGCCGGGCCACGTGGATTTTACGGTTGAAGTGGAGCGTTCGCTGAAAGTATTGGACGGAGCCGTGGTTGTTTTCTGCGCCGTGGCCGGCGTGCAGCCCCAGTCCGAGACGGTCTGGCGCCAGGCGGACAAGTATCACGTTCCCCGGATCGCTTTTGTCAACAAGATGGATCGCGTGGGCGCCGATTTCCCGAATGTCTTGGCCGAGATACACCAGAAGCTTGGCGCGTGTGCTGCGGCGATCCAGCTGCCTCTCGGCGCGGAAGAGAATTTCTCCGGAATGATCGACCTGGTCGAAGAAGAACTGGTTATGCCTGTCGATGAAAAGGGTGAGAAGTTTGAGCGTAAGCCAGTGCCGGAAGAGCATAAGGCGAAACTCCAGGAATATCGCCATACGCTGATCGAGAGGGTCGCCGAGGTCAATGATTACCTGATGGACCTTTATATCCATAATAAGCCCATTACCAAGGAAGATATCAAGCGGTCGATCCGCGAAGCGACCGTCGCCAATAAGTTCTGCCCCGTGCTCTGCGGTTCTTCTCTGAAGAACAAAGGGATCCAACTAGTCTTGGATGCGGTCTGCGATTATCTGCCTTCGCCTTTGGATGTTCCGGCTGTCAAAGGATTTGAGCCGGACAGCGGAG
NZ_CP019384.1_gap16	744515	748330	3815	AGACAAAGTAAGGGTGGAGTTGTCTCCTTACGATTTGTCGCGCGGCCGAATCACTTTTAGAAATAAATAATATAAAGCCTAATTTTTCCGCCGCCGGAAAAAGATCGGAAGGGGCGGCATGAGGAGAAGAAAGTGAAAGTAAAATCTTCAATCAGAAGGATTTGCAATAACTGTAAGATCATCAAGCGCCAGGGGATCCTGCGGGTGATTTGCAGTAATCCCAAGCATAAGCAGAAGCAGGGGTAGAGAACTAGAGAATTTTTTTAATCTCTTTATGTATTAACCCCACAAGGGGGTAGACCTTCGCATGCCGCAGAAAGCGGCATACTGGCTTATCCAATGGAGCCAGGTAATACCGAATAAGCGGAGGGTCTAATTCCGCCAGTGGCGGAATTAAGGAGTAAAAATGCCAAGAATTTTAGGTGTCGACCTTCCGAAGGAAAAAAGAATAGACGTGTCGTTGAGATATCTCTATGGAATTGGAGAATCTAATTCTCGCGATATTCTCAAAGAAGCCGGGATAGATCCCGCCAAAAGAGGCAAGGACCTGAGCGAGGAAGAGGTTTCTCATATCACGGCGGTCCTTCAGAAGAGCTATCGCGTGGAAGGCGATCTGCGTAGGGAGATATCGCAGAACATCAAGCGCTTGATGGACATAGGTTCTTACAGGGGCATGAGGCATAAAAAATCCCTGCCTGTCCGCGGTCAGAGGACAAAAACAAACGCCAGGACGAGGAAGGGGCCGCGCAAGAACGTCGGTATCATCAGGGTGGCCGAGGCTCCTGCGAAGAAGCCGGCGCCTGCGGCAGGGAAATGAAGAATAGATATTACTCCTTGCTTAACCGCTTGTAAATTTCCGCCAGGGCAGGCCGGCGGAAATTTACGGCGCAAGCTGCGGAGTTGATTTTGCAAGGAAAGCACCTAAATATAGGCAAAATCAAGGAGTATCAATGGTACAGAGAGGAAAGAAAAAAGGCAAGAAGGTTTTGACATCAACGGCTGGTGTCGTCCACATTCAGGCGAGCTTTAATAATACGATCGTTACGATCGCCGACCGTCAGGGCAACGTTATTTCTTGGTCAACGCCGGGTGTCGTCGGTTTTAAGGGATCGAAAAAATCAACGCCTTTTGCCGCGCAGGTGGCGGCCGGAGACGCGGCAAAAAAGGCCAAGGATGCCGGTCTTGTCGAAGTCGACGTATATGTCAACGGACCCGGCTCCGGGCGAGAATCCGCCATCAGGGCGATTGCGGCCGCGGGTCTGATGGTCAGGATGATTAAAGATGTGACGCCTGTTCCGCATAATGGCTGTCGGGCGCCCAAGAGACGCAGAGTTTAAAGACGATGAAAGACCTCTCGCCGCGCCAAGGGAATAAGGGTGGCGGCTTGGGGTGATCTTCAGAAAGACAGAAACGAGGGAAAATCAATGGCAAAATATACGGGTCCAAGCTGTCGCCTCTGCCGTAGGGAAATGATGAAGTTATTCCTGAAGGGTACGCGCTGTTATACGGAAAAATGCGCTGTAGCGCGCCGGGCATTCCCTCCTGGACAACATGGGCAGGGACGGAGTGCCAAGCTTTCCAATTACGGCTTGCAGCTTAGGGAAAAGCAAAAAGTCAAAAGGATCTATGGGGTCATGGAGCGGCAATTCCGCAGATATTTCGGGATAGCCTCTAAGTCCAAAGGGGTTACGGGCAAGGTTCTTTTGCAGCTTTTGGAAAGACGCTTGGACAATGTGTTGTTCCGTCTGATGTTTGCGACATCTCATACCCAGGCCCGTCAGATTGTCCGTCATGGTTCGGTCTATGTGAACGGCAAGAGGGTCAATATTCCGTCTTTTTCCGTACGCGCCGGAGACGTTGTCGAGATCAAAGGAAAAGAAGGCGTCAAGAAGACCGTGAGGACCAATATGGAACTTTCCAAGGACAGGGGCGTCGCTCCCTGGCTTCAGCTGGATGCCGATGTCCTGAAAGGCACAGTTACGCGTCTGCCTGACCGGGATGATATCCAGATGCCTATTCAGGAACAGTTGATTGTCGAGTTGTATTCCAAGTAGAAGATTTCTTCGAAGATAAAGATGCCTGTCTGTAGTTGCGGCGGGTCTAGCTCAGAAAAGAGCAGACCGCCATATCCGATAATGGCGGGTCTAGCTCAGAAAAGAGCAGACCGCCATATCCGATAATGGCGGGTCTAAGCACGGTGGGAATGGAGGAGACAAGATGGGGATTAAGTGGAAAGATTTTCAGTTACCCAAGTTTTTAGAAATAGATGAGGCGACGCATACGGGGACCTATGCCAGATTTATCGCTGAGCCTTTTGAGCGCGGTTTCGGCGTGACGCTGGGTAACTCCTTGAGGCGCGTCTTGTTGTCTTCCATCGAGGGCAGCGCCGTGACGGCCGTCAAGATCGAAAATGTCCTTCATGAATTCAGCGCTATTGAAGGCGTGCAGGAAGACGTGACGGATATCATCCTCAATATCAAGAATCTGATCTTGAGTTCGCATTCCCGGGCTCCCAAATCCGTCTATATCAAGAAAGACAAGGCCGGAGAGGTGACAGGGCGTGATATCATTACAGACGGGACCGTTGAGGTCTTGAATCCGGACCTTCATATCGCCACCTTGACCAAGGACATTAAATTCAATGTTGAGATCGAAGTGGGCCGGGGCCGGGGATATGTGGCTGCCGAGGTCAACAAGAAAGAAGAACAGGCGATCGGAGCCATTCCGGTGGATTCGGCTTTTTCACCCGTCAAAAAAGTGGCTTATCACGTCGAAAATACCCGCGTCGGCCAAAAGACGGATTACGATCGTCTCGTCATCGAGGTATTCACCAACGGCAGCATCGATCCTAAGGATGCGATGCTATACGCCGCCAATATCCTGCGCGGTCATTTGGATGTTTTCCTTAATCTGGGGCAGATCCCCGAAGAGATGGAAGAGGAAGAAGCCATGACGCCCGAGGAGGCCCAGCTTTATGAAAAGCTGCGTCTGCCGATTTCCGAGCTTGAATTGTCCGTCCGCAGTTCCAACTGCTTGCGCGAGGCCGACATCAAGATCATCGCTGATTTGGTCAGGAAGTCGGAGAGTGAACTTCTGGGGTTAAGGAATTTCGGAAAGAAGTCCTTGACGGAGGTCAAAGAGCTTATTGTGGCGATGGGTCTGAATCTCGGGATGCAGATCGACGAAAATAAATTGAAGAAAGAGAAGTAAAAACGATTGCACGGATGACAAATAAGATTACACGGATCAAATCAGTGTGATCGGAGAAAATCGATGAGACACAGAATCAAGACACAGAATCTCTCTCGCTTCAGTTCTTACTACAAGGCCACGTTGAACTCTTTGGCCCAGGCTGTTGTGAAGAACCAGAGAATCATTACGACCAAACTGAAGGCTAAGCTTGCCAAGAAGCTCGTTGATCGTCTCGTCACCTGGGGCAAGCAAGCAGATTCGCTTGCCGCGCGACGGAGGGCTTTTCGCGTCCTCTGTGATCATGCATTGGTGCAGAGGCTGTTTTCCGACATCGCTCCGATGTTCCGCGAGAGGAACGGCGGTTATACGCGCATCATTCCTTATAAAAGGCGCCGGGGAGACAATGCCGAAATCGTCATTCTGGAATTGACGATGATTAAAGAAAAACAGAAGACGCTCAAGCACAAGACGGTCCCGGCGACGGCTGAGAAGCCTAAGGCAGAGAAACCCCTCGAGACGCAGGCCCATGTTGAGCCGGCTCCTCCTGAAAAAGAAAAGCACAAGCACGAGGCAAAAAAGCCGTTGAAAAAACCGTTGGGCGGCTTGGGCAAAATTTTTAAGTC
NZ_CP019384.1_gap17	769374	770045	671	TATGTGAAATACGATTACGCTAAAGATGGCGGGAGGGCCTATTTAGCGCGTATCACTTATACAGGTAATGAAAATTCAGGCGTTGTTGGTAGGGATACGGTTGATTTTGTTTTGGGTGATCGGACGGACCATATATTTAGTTATATTGGCGGGGCCAAGATAGAAACATCCAAGCGTCTTAAAGAAATCCAGGTGAAGTGCAATGGCGATTTGGTTTGGCGTTATATCATCGGATACGGCAAAAGTGACGATACGGGTCGTTCGTTAGTAACATCATTCCAGCAGTGCGCAGGAGACGGTGTTTGTTTTCCCGGTCAAATCTTTGAGTATCAGGGCAATAATTAATCCAGTTTGCCAGAATTCCCTGTCTGCCGTGAGCGGCGGGCCAGGGCTGAGGGCAGGATAGAGGTATTTATGAGAAAAATAGTCTCGGTTGTTTTGATTTGTGCTCACATATTGGTATTCGGCGGCACCGAAGAGGCATTGGCGTTCAGCATGAGTGGTTCAACGTTGATGATGCAAAGCGGTGCCATCGTTCAGGGCGCAGGCAGTCGTGCGGCGTCGAGCTTTAGTGTTATTCAGGATGGCTTAGGCGAAGCGTGCGTTGGCGGAGGCCGTGGTGCAACTTTTATTCTGGAAAGCGGTTATATTGCAACAACTAAATCAAATCC
NZ_CP019384.1_gap18	854317	858902	4585	CTTGTCTGATAAGCGGCCAGCCGTGCGGTCCTGGCCCCGAGTTCTTTGGCTGCCATGATCGCGACGATGGCCGGTATGTATCCGCACATAGAGATCTGGAGGCGCTGGATTCTTTCTTCCAGGCCGTCTGCATCCAGGGCCAGGACCGCCTCGATGGCTTTTTGATCTTTTTCCATCGCCAGTTTCTGCGGTTCGTAATGAGTCATATCGGAACTGGCAACGATGAGGACGTCTTTTTTAGCCTCCTGGACCGCCGTCGCGATGCTGTGCGCTATATCTTTATACATCAATTTTTCATCGCTGGCAAGGATGATGGGCACAAAACGGAACGTTGCGCCTTTGATCTGGCGGATGAGGGGCAGCTGGACTTCGATCGAGTGTTCATAGGCGTGGGCCACTTCGTCTTCCTGCAGATAACTGGAGCGTTTCAGGATGGAATGGGCCATTTTATCGTCGATGTCGATCGTTCCGAAAGGCATCTGCCACTTCCCTTCTGTCATGATGCCGGCAGGTGTCCCGAAACCCGTATGGTTCGGCCCGAGGATGACGCAGGTATCTGGCAGGTCGATCGAAGACAGCACCGCAGCCGCTACTTTGGCTGAATAGACGTAACCTGCATGCGGCAGGACACAGGCGACGGCCCGCTCCTTCTTTGTCTCTTTCTTGTCCAGAAGAGAGGCAATGAGGCTTTTGAGACGTTGGGGATCCGAAGGATAGAACTGGCCTGCGACAGCCGGTTGCCTAATCACCGAAGGTCTCCCGGAAATAAACGGCCGATTGCCTGACTTCGTCCTGCGTCACGTGGCCGTGGAGCTCCATGACTTTGATGGTTTCAGGCCGGACGTAAGGCTTGAAATCGTTGAAATTCACCTGGCCGGTCATGGCCGCCTGGTGGTCGACGAGGTTGTTGACATTGTGCAGATGAATGCCGATCAAGCGGTCGCCGTAATCTTTCAGGAGTTTTCCGTGCGGCAGAAAACCCAGCTGCTCGAGGATGAAGTTATGGCCGACATCGAGCCATAATCCTACGGGCCTGCCTTTGAGCGCGCAAAAGATTTCCCTGAATTCGTCCAGAAAGGGGATTTCGCGGTAATAGAACCTGTTTTCGATGCCGAGCTTGAGGCCGCATTCTTCGGCCGTGTCGCTCAGGGCTTTTAGGCTTTTGATGAGTTGCGGGATGTGGTCGCGGCTTTTGGTTTTGCGTTCTTTGACGAAGGCTGCGAAATCCTCCCGGTATTGCGGCGTTTCCTTCTTGCTTTCCTGCGCCAGCCGGATGAGATGCCGCGTCTTGTCTCTTATCTCCGCGCGGCCGCAATGCAGGACGACACACGACGCCCCGCAACGGTGGGCCACAAGCAGGGTATTGCGTGTATGGGCAACGGCTAAAAGCCTTTCGGTTTCGTCAAGGCTGGCAAGCGAAAAGTGATCTGGAAGAGTTTTGAGGCGTTCCAGTCCATCGGGGACCGGACAAAAATTATGGAGACTGACGATGGAAAGTCCGTGCGTGCGGCAATAATCCAGGATCTCTTCCACCATCTTTGAGTCGAGAAAAAAGTTCAACTCAACGCAAGAGATGCCGGTGTCCTGGATTTCTTTGATAACCTCAAGGCCTGTCTCTCTTCGGCCGGCATTCCAGACGGTGGACAGCGCCAACATAGGTCAGAATTTCCTGCGGGCCTTTTTTCTCTTCTTTTCGCTGGGTTTTTCGTAGTGCTTGCGGTCTTTGACCTCTTTGAGGATGCCTTCGCGTTCGATCTTCCTCTTGAAACGCCGAAGTGCCGCCTCGAAAGACTCGTCTTTCCTGACTTCAACTTCCGACATCGATTCTCCTCATCCCGCCTCTGGCGGGATGACTCTGAGGCCTGCGTTAAGTCAATTTCACGAACGACTCTGGCGTTTGTGAGTGAAATTGACAAGCGTTTTGGCCGAAGAGTCTCTCTTTGATGTATTTTTCCGCCTCTGGCGGAATTAGGCCCTCCGCTATGTGGTATTGCGGAGGCCTACCCTTTCTGGGTTAACTCCACCACTTGGCCTTATCGGAAAGGCCAGTGCGCCGCTTCCTGCGGCGGTGTATCTTGAGAATTTATGGCTGCACCTGGCCCCAGATGAACGGGCCACACCTTGCCTTATCTGACCGGCAAGTGCACCATTTCCTGTGGCGGTATTCCGCTTCCTGCGGAACCCGCCCCGTTACAAATGGAATTTGTAACGGGGCCCGTCCGAGTCCTGGCCCGACCTGTCGGTCAGGGCCGAGACGAGGCTGGGTGAGACAGAAATTTCCAAGATGTAAACACAAGGGGTAACGTTTGTCCCTTTCCCCTCTTCACAATTCGCTAATCATATCATTTCGTTTCAAAGCTGTCAACAGGCAGATTCATCCGTTTCAGGCGTGTTGAAAGCCGCAACATTTTGCGGTTCTTGTTGTTGCGCCTGCCTGGCTCTTCGAGGAGGGCGTATTATTTCAGCTCGAAAGAGATGATGACATTAAAGGCAAGCTGTTCTTTATCCTGGAGTTTTATCGGGAATTCCGGGAAAGGCGATGATTCCTGGACGCTCTCTAAGGCAATCCGGCGCAGATACTCGTCATTCACGGATTTGGCCGTATCCACATGCGCTTCTTTGAGTTCGCCTGAGCGCGTGAGCGTGAAAGTCAAAAAGACCTCTCCTTCTTGGATATGCCTGTAGTTCCTGTACGCCTGTCTGCGGATCTTTTCGCGTACGATCTGGTAATAATTCTTATATTCCGGCGACTGAAAAACTTCGCCGGGGATATTGGGGGTCTGGACGGATTTCTTTTTTGGGCCCTCGGCTGCCGGCTTCATTTGTTGAGGGAGGTCTTCTTCCCGCTCCTGCCGGAAGATCTCCGCCTTGAGGAAATCATCAAGGATATTTTTGCGGTCTTCAGAGGCTTGTATCTGCGGGCTCGGTGTCTGAATGCGTTCTTTTTGGGCGACCGGCTCAGGCGAGATATCCCTGCCTTCTTTTTCATGACCGAAGCTCTGGACATAAGCGACTTCGATAGGCCTTTGGCTCGGCGCGTATGTCAGGATGTGGTAAGGCAGGGCCGCTATCAATCCAGCGTGGAAGATGGCTGAGAACGCCAGACACCTGTAGAAAAGGGTGTTTTCCTTCATAGCAATATTGTAACAGAATATATGGCTGGATGGCAACGTGATCCTCCCCGCCCCGGACATGACCGGGGCGGGGATCCTTATTTCATTTCAGAACGTCAGGCGGCAGCCGGCCATGAACCGCCGTCCGGGCGCCGGATAGAAGTTGCGCGTGCTGCTGAATACGGAGACAACGCCGTATTCGGAATATTCCGCATCAAAGATATTGTCGATGCCGGCAAAGAGTTCCATATTCTTCCAGCGACGGCTCGCATTCAGATCGACCGTGACGTAATCAGCCATTTTTGGATAAGCGTTTTGTTGGTCGCTGACGAGATACATGGATCCGACATAGTTGACCAGAAAATTGAGCGTGAAGGCCTGGTCAGGCGTCCAACGGAAGCCTCCGGAAGCCTTATGCATGGGGACCGCGGGGATGGTGTTGCCTTCGAACGATCCCTTGCCGAACACGGCGTCCGTATAAGTGTAATTGGCCGTGAGTTTGAATTGAGAGTTGACGGCGTATTCGCCCTGGGCTTCGAGGCCCTGGTGGGTTGTCTTGTCGTAATTACTGTTTTGGTAGGTCATTGGATTGAGGTATATTTCATTGGTGATCGCATGATGGAAGTAGTTCAGGGTGACGTTGGCCTGACGGGAGATCTTGTGGCGGATGCCCACCTCGATATCTTTGCCTTCCTGGGGTTTGAGTCCTGTGTTGAGTCCTCCGGAACCCCAGGTGTTGGAGGTAAAAAATTCGTCCACAAGAGGAAAGCGGAAGCTTGAGGAATAGTCGCAGTAAAAGTTTGTCGTGTCTCCGAGGAGATAGACAATGCCTATGTCATAGACGTCTGTTGTGAGGTTTTTCTTTTCTTTCAGGTCGACCTGCGTGATCTGGTGAAAGAGATATTGCGCCATCTCGTGGCGGTAACCCGCTTTGAGCGACAGGCGATCCGTCGCCTGGATACGGTCTTGCAGATAGATGCCTTGTGTATGTTTGGTGATGAGGATCTTATCGTTGGCAGCGCCCATCATGCCGTCTAAGATGTTGTCTTCGTCAAAATACAGGTCGGCGCCGAAAATAAGCGTGTTCGGCATATTGGCCAGAGAAGCGTCTATCGTATATTTGGGCGTGATGCCGACGGTCGTAATGTGGTTCTCGTTCGACCAGGACGACGAGAAATACTGTGAATCGACGTCCCTGTTGCGGAAGGAGACGTTGGTTTGAAGTTGTCCCTTTTCTTTAAAATCCGCCTTGAGTTCCAGATCCGTATAGTAGTCTTCCGTCTGCGCCAGGTCGTCGGGCTTGGTCGTGGCGCGCCGGCCGAAGGCGAGCATCTGGGCTTCGCTCAAGGCGCCCGGGAGGCGATAATTATCCGTATGATAACCAAAAGACAGGCCGCTGGACCAGGCCTGGCCGAAGGCATGGTTCAGCCGCATGGCGAAATCGTCGCGCAGCAGGTTGCTGTTTTGGCGGT
NZ_CP019384.1_gap19	865184	868055	2871	GTGACGTTTCGGTTTCGTACACAAAAGAAGAGTCGTTAAGGCCCAGTTTTTCCATGGCCACCTTGAGCTCGGCGAAATCTTTGGCGTTGACGGGATAAATGCCGCAGAAGACCATCGGCTTGACTTTTTTGTATCCCGGCAGCGGTTGTTGGGCCGGATGGTCGGCGAGCGTGATGGTGTCGCCGATCAGGATTTCTTTCGGGTCCCGGATGTTGGCCGTGATGTAGCCGACCTCGCCGCAGTGCAGCGCTTTTGTGGATGTCATCTGGGGTCTGAAGACGCCGATCTCTTCGACCGTGCAGATCTTGTTTGCCTGCATCATGCGGATGGTATCGCCCAGCGCCAGTTGACCGTTAAAGAGACGTCCATAGATAACGACCCCTTTGTAGGTGTCGAAAGAAGAATCGAAGATCAGGGTTTCGAGAGGGTTGTTGTCGTCGCCGCTCGGTGCGGGGATCGTTTGGACCACCCGCTCCAGGATCTCTTTGATGCCGATCCCTTCTTTGGCGGAAGCCAGAAGGATGTCGTCTTCTTCGAGCCTGAGGATGTCCGTGATCTGTTCCTTGACGCGGTCGATGTCGATGCCGGCGATGTCGATCTTGTTGATGACGGGGATGATCTTCAAGTTGTGTTCTCGGGCCAAAAAGAAATTGGCAACTGTCTGGGCTTCGATCCCCTGAGAGGCGTCTACCAGCAACAAGGCCCCTTCGCAGGCCGCCAGCGATTTGGATACTTCATAGGTAAAGTCGACATGTCCGGGCGTGTCGATGAGGTTGAGCGTATAGGTGTGGCCGTCATCGGCCTTATAATTGATCGTTACTGCCGACGCCTTGATCGTGATGCCTCTTTCCTGTTCGATCTCCATGTCATCGAGGAGTTGGGCATGAAAATGGCGTTTGTCGATAGCGCCGACATATTCGAGGATACGATCGGCGAGCGTCGATTTGCCGTGGTCGATATGAGCGATGATGGAAAAGTTTCTGACGTGTTCCCGTGGATTCATATCAGCGATTGATTTCTGCGATAACGGCTGCAACGACCTCGTCGATCGTCATCCGTGTCGTATCGATGTAGACCGCATCCGGCGTCCGCCTGAGAGGGGCGCAGGCGCGGGTCGAATCGATACGGTCCCTTGTTTCGATGTCGTTCTGCACGCCCTGTTGTTCCACCGGGATGTTTTTTTCTTTCATCTCAAGATAACGCCTTCTGACGCGTTCCTCGCAGGCGGCGTCCAAAAAAAATTTTTTGTAGGCGTCGGGAAAGACGACGGTTCCGATGTCCCGGCCTTCCAGGATTGCGCGCCTGCCTTCCGCCAGGCTTCTCTGCAGCCCCACCATGATCTCCCGCACTTCTTTGATTTTGGCGATGACGGAAACGTGCTCGGTGATTTCCGGCCTGCGGATGTCCTGGGACACGTCGCGTCCGTCAAGGTCTACCCGCAGCGTCCCTTCCCGAGGATCATAGGAAAGATCGATGCGGGTGTGCCGTGCCAGGGCGATGACGGCCGGCGCATCGTTCGGATCGACGGCTTCCTGCCGCGCTTTCAGGGCCAGGGCCCGGTACATGGCTCCTGTGTCGATGTAGAACAGGCCAAGTTTACGCGCGACGGCGCGGGCCACGGTGCTTTTTCCCGATCCGGCTGGGCCGTCTATCGCTACGATGGGTTTGAGGTCTGTCATTATTTTTACGAAAGGATCCGTCGGCGCTTATTGCGGCTGCAGACGAGGAGTTTCTTGAGTGTTTTTCTGTTTTTCGCAGCGACGGCGCTCTTGAGGCGTTTCAGCGATCGTTCGAAGGCGTCGAGGGATTTGAGGACATTGGTCCGATTGGACAGGAGAATGTCGCTCCAGACTTCCGGATGAGAGAGGGCGATGCGCGTGGTGTCTTTAAGGCCGCCGGCAGCGAATCGTTCGCAATGGTCCGGCATGACGGCGGCAAGCGTGAAAGCAACCGCATGCGGCAAGTGGCTCGTGAACGCCAGGGCGGTATCGTGTTTTAGGGCCGAGAGAGTGACGACACGGCTGCCCAGGGTTTTCCAGAACCGGCAGACGGTGCGCACACTGCTGCGCGGTGCTTGGTCTGGAATGACGATACAGATAGAGCCCTTAAAAAGGTCGGGCCGGCTGTGCGATACCCCGCTTTGTTCCGACCCCGCCAGAGGGTGACTGCCGACAAAATTCAATCCTTTGGCTGCCCGGATGATTTCGGCTTTTGTGCTGCCGACGTCCGTGATGAGGGGTTTGGTCATTCCCAGCCGTTTGAGCGCGCCGAGCTTGGTCTTGATGTCTTCGACGGGCGAGCATAGAATGATGAGGTCGCTGTGTTCGACGGCTGCGGCGAAGCGGTTTGTCCCTGTATCGATCGCCCCGTATCGTTTGGCCTGCGCTATTTTTTTATGGTTGCGGAAATAACCGCAGACCTCTTTACTGAGATTGAGTCTTTTGACGGCCATGCCGATCGAGCCGCCCAAAAGGCCGACCCCTACGATCGTTATTTTCCTGAATAAAGGTCTACGCATCAGATTTCTCTGTGGATCGCCAGTGCGATCTTTTCCAGGTTTTGTATGAGCGTGGTCAACTTTTCAGGGAGGAGCGATTGCGCTCCGTCTGAAAGGGCTTCCTCGGGTTTTGTGTGGGCCTCGATGATAAGGCCGTCCGCCCCGGCGGCAACGGCGGCGCAGGACAGGGGTGCGACCAGGTTCCATTTGCCCGCGGCGTGACTCGGGTCGGCGATGATAGGTAAATGCGAAAGCTGTTTGACGACGGGAATGGCGCTGACGTCGAAGGTGTTGCGCGTCGCATCTTCGAAAGTCCTGATGCCCCGTTCGCAGAGGATGACGTTATGGTTGCCTTCGGCCATGATGTATTCCGC
NZ_CP019384.1_gap20	879506	882492	2986	ACGATCCCTGCAGCCGGGAGTTTTTTGTCGCTGAAATGACGGACGGAGCGCCTGGTCTTGATGATATTCAGAATATCCTTCATGGGGCGTCCCGTCTGTATCCGGTGGATTAATATTCCCGTTCGTGCGCCAGGGTCATGTCGAGAAAAGTCCGCAGCTTCCTGGACCGTGACGGATGTCTCAGTTTGCGCAGGGCCTTGGCCTCGATCTGCCTGACGCGTTCGCGCGTGACCTTGAAGACATTTCCGACTTCCTCAAGCGTCTTCGGAGCGCCGTCGGAGATCCCGAAGCGGAGCATCAAGATCTTCTTTTCCCTTTCCGTCAGCGTATTGAGCGCGGAATTCATCTCGTCTTTGAGCATGACATGGACGGTGGCGTTGGCCGGAGAGATGGCTCGTTTGTCTTCGATGAAATCTCCGAAATGCGTGTCGCCTTCGTCGCCGATCGGCGTCTGAAGGGAAATGGGTTCCTGGGCGATCTTAAGGATGTTTTTGATCTTGTCCTGCGGCATGCGCATGGATTTGGCGATTTCCTCGGGAGAGGGTTCGCGGCCGTACTCCTGGACGAAGATGCGCGAGATGCGGATGATCTTATTGATGGTCTCCGTCATGTGCACGGGGATGCGGATGGTCCGCGCCTGGTCGGCGATCGAGCGCGTGATGGCCTGGCGGATCCACCATGTCGCATAGGTGGAGAATTTATAGCCCCTGCGGTATTCGAATTTCTCGACGGCCCTCATGAGGCCGATATTGCCTTCCTGGATGAGGTCCAGGAAGGACAGCCCGCGGTTGGTGTAGCGCTTGGCGATGCTGACGACAAGTCTGAGGTTTGCTTCGACCAGGGCCTTTTTGGCCCTCTGGAACCGGGCGTGCCGGATTTTGATGAGCTTGAGCTGTTCCTTGAACTTTTTAGGCACCATGCCCATCTGTCTTAAAGCCTTGTTCTTTTTTTGTCTCAAGGCGCGGCTGTCGCCTTTTGATTTCTTCTCGCGGATTTTTTTAAGATCTCTGTCGGCTGCATCGGCCTGCCTGACCAGGCCGATCATTTGATGAACGATGTCTTCGAGGGCCGGTGTGGCTAGGTTCAGGTCGGAAAGATATGCCGCCGTCGCATCGTCCTTTTTTGTTTTGAGGAGTTTTTTGAGCGTCGTCGAAAATTTCTTGAGGGTTTTTTCGCGCTTGATAGCGATGTCTTCTTTAACGACGTTCTCGATGTGGACCTCGTTCGTCAGGACCTGCTTGATGAGGAGGACGACCGCATGTTTGACGAACCGGGAGGATAGCAGAAGCTGGCGAAAGTTGTTCTCTGTCTCTTCGATCTTTTTGGCGAGACGAAGCTCGTCTTCCCGGGACAGCAGCGAGATCCTCCCCATCTGTTTGAGGTACATCTTGACGGGGTCGTCGAGCGGCAGGAGCCTGTCTTCGACCTCGTCGAGCTCCTTGGGCTCCTCCGTCTTCGAGATATCCTCGAGCTTTTCTTCCGTCAGCTCATTGTCGACGATCTGGATGTCTTCGTCATTGAGCATTTCAAAGACTTCGTCGATATCATCCGACGAAACGATGTCCTCCGGGAGGACGTCATTGACCTCGTCATACGTGAGGTAACCTTTCTTTTTGCCCAGCGCGATCAGCTTATCCAGACTTTTCTTTACAACCGGCTTTTCCATATATGTTTCTCCTCATTTACGGGTGTCTATCGCTTTTCGCAGCAGTTCCGTAGCCTGCGGTTTCAGCCGACCTTTTTTTGATGAGATTGTTGTATTCGAGAACGAGATGATGCAGCTTGCCTTCATCTCCCGATGTTTGCGCCTCCCGGATACGGTTGTGCAGCTCCTGGCAGCGATGCAGGATCTTGTCGCGCTTGAGACGCCGCACGCAGTCCTCGATAAGCTTTTCTTTTTCGGGACAGTTGTGGATGTCGAGCGCCGCAAGCTCCGCGATGATGTTGATGGCCTCGTCGTCATCCAGATAATGCATGAGGACGTTCGGTTTTAAATTCTTGCCTTGGTCGAAAAAGTCGAAGATGAAGGTGACGATCTTGCGCAATTCATCAGAAACGAAATCGGACGGTTCGATGAGTTGACGCAGGTGGTCGATCAGGTGCATCTCTTCGAGCATCAGCTTGACGAGCATCCTTTCGGTGACCGGGATTTCCGTCAGGCGCTGGTGTTCCAGGGCGCTGAAGGCGAGAGCGTCGTTGTCCGGCGCAGCGGCCGGCCGTGCCGTCTCCGTCATATTTTTCAGGTCCTGCAGGAGTGCTTCTTCGTCGACGCCGACAGATGCCGCCGCTCTTTTTACATATTCCGCGCGGGTCGTATGATGTTTGAAGTGCCGGATGGTCGGCAGGATCTCGCGTACGATCTTGTCTTTTCCGTGTGTGCTCTTGGCGTCATATTTGGCCAACAGGAGATTCAGCTTGTAGTCAAAGATCGGCAGCGCTTTGTCGATGATTTCTTTGAGGGCGCCGCCGCCGTTATGCCTGACGAAGGCGTCTGGGTCTTTTCCCTTGGGAAGGCTTGCGATGCGGATATCCATGTCTTCTTTGATGAGCAGTTCCAGGGCGCGCAGCGTTGCCATTTCCCCTGCCGCATCAGGGTCGTAGAGCAGAACGACGCGGTTCGTGAAGCGCTTGATCAGGCGGATCTGGTCTTCGGTCAGGGCGGTTCCCAGGGAGGCGACAATGTTTTTGACGCCCGCCTCGAAAGGGACGATCATGTCGAGATATCCTTCGACGACGACGACCTGGTCTGCCTGCCGGATGTATTCTTTGGAGACATCCAGGCCGAAGAGGTTTTTTCCTTTGATGTAGACGGCTGTTTCCGGAGAATTGATGTATTTGGGCAGCGAATCATCCAGAACGCGGCCGCCGAAAGCGATGACGCGGCCTTTGATATCGGCAATCGGGAACATGATCCTGTTGCGGTACCGGTCGTAATAGCCGCCGTTTTCCTTGGCGACGATCAGCCCCGACTTGTCCAGCGCCGCAA
NZ_CP019384.1_gap21	883619	887007	3388	GCATGCCTACGAGGGTCCCTACGCCGGCAGCCAGGAGATGGTCTGCGATATCTTTCGGCCCTTCGGTCCCCCCTGTCATGTCAACGAAGATCTTTCCTGTTTTGTTCCTGGGTGCGCCGAAAAGGATGACGGGCGGATTGTTGTTCTTGGCGGCGATCTTGTACTCGTCTATATCTAAAAGAAGGTCTATGACGTCTTTGAGCTGTTTTGGTTTCTTGCGATCAAAAAGTTTTTGCAGGAAGCTGACCGCGTGGTTGTCCGCCGGCGTATGCGCGCAGATGAAGGGGATTCCCAGAAGCTGGGCCGCGTTGGCCGCCCGTTGATGATTGGCTGCGTGGATCCTGCGCCCGACCTCTTTGAGGCGCTCTCCGAGAAGGCCTTCAGCTACGTTAACGGGAATGCCGATCTGTTCGTAGATGTCCGCCTGCATCCGCATCACTTCGTGAAGGCCGGCAAAGCCTTTTCCTTGAGGATGGTGGCTTAAAGCCAGATCGATCTTTTGGCGTCCTGCGCCGCGTGCCGATTCGTTGAGCCGGTCGATGAGCAGGAGCTCGGATGTGTCGATATCGATGCCCGCCATGATGGTCTTGATCTCTTTGTCCGGCTGGCCGTTGAGGAGCCGGCTGTCGTCATAGGGGTTTTTCAGCTTGTCTGTGTCAAACCACGCCTTTTCTTTTGCGGAGAGCGCGGCATATTCTTCGCTCGTTTGTTTAAGACATTCCTGGACGGTTTTGGCGCCTCGTGGGTCTGCTTCGATGCCCGATGCGATGATGAATTCGTAGATTTTTTGGAGTTTCATCTTATGCGGGGCTCCTTATTTGTTTTTCGATATGTTCCGCGGCCGCGCGATGCGGTTAGCGTTCGATGGCCCTGAAAGGTTCGGGATTGAGCTTTCCTGGGAAGAATTTGCCGATCAGCCCTTCGTAGCTGCCTTTATAAATGGCCGGCGCCATAGCGATGAGCTTGTGTCCGAACAGCGACGACTTGGCGCTCACTTCCAGGTACTGGATCGTTGAGATGGTCATGATGAAGAGGCCGATGCTGCAGATCCACAGCCCCCTTACAAAACCGATGAAGAGCCCGGCCCACTTATCTACGACATTCTTGGCTTCGATCTTGATAAGGAGAAAGAAGGATTCGCGGACGATGCGGATGAGCAGCGTCACCAGAACGACCAGCGCGATGAAGACAAAGACATCGCCGGCATCCAGGGGCAGGGCCGGGAGCTTTTGATTGAGCATGTCCGATAAGGGGGTCGTATAGACGTGGAAGGCCGTGACTGTGACAAGCCAGAGACTGAAGAGCTTGAAGAGTTCTACGATGAATCCTGTCTTGACGCCGATGTAGCACATGCGCAGGATAACGGCAATCATCAGGAAATCGACCCAGTTGATACCTATAAAGTATTTTGTGAGCATTAAACCTTTTTATGCCAACGGTCATGCCTTGCGGCAAAAGCATGCTCAACCGCGCATATCTAAGTGATGTCGTGACAATGCGTAACAAAAAGAACAAGTGCCTTAATTAAAAATTTTTGAAAGTATAACATAGGAATACGGCCCTGTCAAGGGAGCGTCCTTGATTACGTTGGAAGACGTCGTTTTCCCGCGCGGGCAGCCCCGTTACAAAGCCGCGCCCATGGGCGTGGTCGTTTTAAGGCGGCTGCATAGGAAAAATCCCCTGTCGGTTATTTGTTGGAAAAGACTTTGCCTTTCTAACGGGGTTGACTTCCCCCTGGAGATGTGTTAAAGTTGCGCGTATGGAAAATCAGGATAAGGCAAGGACAATAAACGATCAGGATGTTCTTTTAGAGCAGCTGGCCAAGGCGAGACAGGAGCTCTCGACCCTCTATGAGATCTCCAACGCCATGCACAAGACCCTTGCCCTGGATGAGATCCTTTTTATTATTTTGACAGGAGTCACTTCGCATTCGGGCCTTGGCTTTAACAGGGCCATGCTTTTTCTTCTGGATTCTTCCGCGAAATTCCTGGAAGGCCGCATCGGGATCGGCCCCGACAACGGTGAAGAGGCCAAGCGCATTTGGAGGCTGATCGACGAACAGAAGATGGATCTGGATGACCTTGTCAATTCCTATGCCCAGACGCATGAGGTCATTAAAGGTTCGAAATTTTTTAACCAGGTCAAATCCGTCCGTATGCCCGTCAAAGAGCCGGACGGCGGCATCCTGGCGAAAGTGTTCAACGACGGTATGCCCTTCCATTTCAAGAAAGATAATCTTCAGAGCTTTACGGGGGATCCTCTCTTCGCCATTTTCCCGTCCGATGAATTCGTCGTGATTCCCCTGAAGGCCAAGGATAGGTCGAACGGCCTGATCGTCGCTGATAACATTTTTACGAAACGTTCCATCACCAAAGACGACATCCGGGTCCTGATGATGTTCGCCAACCAGGCCGGCATGGCCATAGAAAACTCACAGCTTTATGAGCGCACCTTGATCAAGGCCCATAAGGACGCCCTCACCGATCTTTGGAACCATGGTTATTTCCAGTATGTTTGTGACGAAGAGCTCCGGCGTGCCAAGGACCACATGTCTTATCTGAGCCTGATCATGCTCGATATCGATAATTTTAAGAATTATAACGACACGTGGGGTCACCAGAAGGGCGACGAGATCCTTGCGCGTATTTCCCAGATCATCATGGAGTCGTCCCGCAAAATCGACAAGGTCTGCCGTTATGGCGGCGAGGAATTTGCTGTGATCCTGCCGGATGCCGCCAAGAGAGATGTCCTGGTGGTTGCCGAGCGCATCCGGGCGAATATCGAGCAGTGCACCTTCACAACAGGTACGGACCATCCTTCCCAAAAGATCACCGTCAGCATCGGCGTTGCCTCGTTTCCTGAGAACGGGAAGACAAAGCTGGAGCTTATCCGGGCCGCCGATGCGGCGCTCTACGATGCCAAGAAACAGGGCAAGAACCGGGTTGCCTGCCCTCCTGTGCCGTAAGGCAAAAATAATACGCCTGATGAATGGGGTTTTGGAAGATTACGCCGCTTCCGAGGTAGTCTCGGGAGTTTTTTCTTTGGCGTCTTCTTGCGGTTGAGGCTGGGGTTCCGCCGGTGCGGCGGCGGCCTTGGCCTGTGCGTTTTCGTGCAGCTTGACGGAGACGATCTTCGACATGCCGGAGCGTTCCATGGTGATGCCGTACATCACATTGGCGCGCGAGATGGTTTTTTTGTTGTGTGTGATGGTGATGAACTGGGAGGTTTTGGCGAAGTCGCCCAGCATGCGGCTGAAGCGGTCGATGTTGGACTCGTCGAGCGCCGCGTCGATCTCATCCAGGACGCAGAACGGCGACGGTTTGGTCTTGAAAATGGCAAAGATCAGCGCGATGGCTGCCAGGGATTTTTCTCCGCCGGAGAGGAGCGT
NZ_CP019384.1_gap22	889853	892662	2809	TCTTTTCGGCAAAAGATTTGAAACCGGCGATCTCAAGTTTTTTGAAATACATGGTTTAAGCCGCCTATTTTCTTAACTTTTCTCTTAGCGTCTTCGTCAACAGCGGCACGACCTCAAAGAGATCGCCGACAATTCCGTAGGAGGCAATCTGGAAGATCGGCGCCCCAGGGTCGTTGTTGATGGCGATGATTGTCTTGGACGACTGCATGCCGACCAAGTGCTGGATCTGGCCGGAGATGCCGCAGGCGATATAGATGCTTGGGCAGACTGTTTTGCCGGTTTGTCCCACTTGATGAGAATAGGGGATCCAGCCGGAGTCCACCGCCGCGCGCGAGGCGCCGACGGCGCCGTTGAGGACTTCCGCAAGCTCTTCTATGATCTTGAAGTTTTCCGGTCCTTTTATGCCCCTGCCTCCGGAGACGATGATGTCGGCTTCGGCGATGTTGACAGTCGCTGAGACGTCTTCGATGATATCAAGGATTTTTGTCCTCGAAACATAGACGTTATCCTCAAAATTTTCCTTGACGAGCTTTCCGTGGCGTGAAGGATCGAGGACCGCTTCTTTCATCACCTTGTGCCGGACTGTCGCCATCTGCGGCCTGTGGTTGGGCGTGATGATGGTGGCCATGATGTTGCCGCCGAAGGCCGGCCGCGTCTGCAGGAGGATCTTTTTGTGTGGATCGATATCCAGACCCGTGCAGTCGGCCGTCAGCCCTGTGTGGATCTTGACGGCGACACGCGATATCAGGGAGCGGCCGATCGATGTCGCGCCGCACAGGACGATCTCCGGCTTGTATTTTTTGATCAGCCGCACGAGGACGGCCGTGTAGGCGTCGTCCACGTAGTGTTTCAGCTGAGGGTGGTCGACGACGTAAACCGTGTCCGCCCCCCTCTGGATGATGTCCTGGCTCTTGGATTCGATATCGTGGCCGATGAGCACGCCGCAGAGTTCGCAGCCCAGCTTGTTCGCAAGCTCGCGGCCTTTGCCGAGGAGTTCGAAACTGACGGATTGAACGACGCCGCGCTTCTGTTCGCAGAAGACCCAGACGCCCCGCGCTTGGGCATCGGCCTGAGCCGTTTTTTCTCTCTTGATCGAGATGACATCGAATTTGCACGCCTCGACGCAAGCGCCGCACAAGGTGCATTGTTCAGGACGCACAACGGCTTTCTTGTTTTCCATATAAAGAGCGCCAAAGGGACAGGCCTTGACGCACAAGGTGCATCCGACGCATTTCTCTTTATTGATGATCAAAGACATGGTGCCTCTTTTAAGGGATGAGTGATTTGATGACGGCAGCTATTTTTTCAACGGATTCTTCCACGGGTCCCTGGTAGACCTCGCCGCCCTTGCGCCGCTCCGGCGAAAAGATCTTGACGACCTGCGTCGGGGAGCCCTTGAGCCCCAGGCGAGCGGCTTCGCAATCGAGCATTTGTGCACTCAATAGCTGGATCTTGGCGCTCTTGGCACGCATCTTTCCTTTGAGCGACGGCGTGCGGGGTTCGTTGATCTCTTTGACGACGGTCAGCAGACACGGCAGGGGTGTTTCGACGATATCATAGCCTTCTTCCGTCATGCGTTCGACGACGGCGACGCCGTTCTTGATGGACTCGATCCTTTTGACATAAGTGACCTGGGGGATGTCGAGGTGCGTCGAGATGCCGGGTCCGACCTGGGCCGTGTCGCCGTCGGAAGCCTGCTTGCCGCAGAGGATGATGGAGAAATCGCCGAGTTTCTTGATCGCCGCCGCCAACGTATAGCTCGTGGCTAGGGTGTCGGCGCCGGCAAAGGCCCTGTCGCAGATGAGCACGGCCTCATCAATGCCCATGGAAATCGCTTCACGCAGCGCGCTTTCCGCCTGCGGCGGTCCCATCGTGACGACCGTCGCCTTTCCATTGAACTGTTCTTTGAGACGCAGACCCTCTTCGATCGCATACATATCGAAAGGGTTGATAATCGATTGCACCCCTTCGCGCACGAGGGTGTTGGTTTCAGGGTTGATTTTGACGTCCGCCGTGTCCGGGACCTGTTTGATACAGATGATGATGTTCATGGGATGCCGGTTGTGGTTATTTGGGCTGCAACGGGGTGTGGCCCGTTGCGGGCAAAAAGTACTGGTTTAGTTTACTGCAAAGCTTAACGCCTTTCAACAGATACTTCTTTGTCGCCGGGGTATCGTCAGCCGGACGAGAATGGCTGTGATCAGGAAAGGACAAAGTTGTCTGTTTCTTCTTTGAGACTTTTCTAAGGGCTTCCGTTGTGTTCTTCCAGCGGCCGTCAGCTCTTTGCCATCTCCTTGATCAGCTGCAAGGCAATGATGTTGCGCTGGATCTGGTTTGTCCCTTCATAGATCTGCGTGATCTTGGCGTCGCGCATCCTTTTTTCAGCAGGGTATTCTTTGATGTAACCGTAGCCGCCGAAGATCTGGACGGCATCGGTCGTGACTTTCATGGCCACATCCGAGGCGAAAAGCTTGGCCATGGCGGAATACTTGGAAACATCCTTGGCGCCGGAATCGATCATGCGCGCCGTCGCATAGATCAGGGCGCGCGCGGCTTCCACCTGTGTGGCCATATCCGCCAGCATCCATTGGATGCCCTGGAAACTGGAGATCGGCTTGCCGAACTGGAGCCTTTCTTTGGAATATTTGACGGCGGACTCCAGGGCGCCGGCGGCGATGCCAAGGGCCTGAGAGGCGACGCCGGGACGGGAGACGTCGAATGTCTTCATCGTGACGATGAAGCCCAGACCTTCTTTACCCAGGATGTTTTCTTTGGGCACCTCGCAGTCCGTAAAGATCAATTCTCGCGT
NZ_CP019384.1_gap23	899996	903899	3903	GGATGGTGATGATGAGCGCGAACATAAACTTGGACTCCTTGATTGGCCCTGCGGCTTATTTGCTTACTTGTGCTCCTTTGACGATCTCGGCAAAGCTTTTGACGTCGAGACTGGCCCCGCCGACGAGAGCGCCGTCGATATCTTTTTGGGAAATGAGCTCTTTGATGTTGCCTGGTTTGACGCTCCCGCCGTATTGGATGGTGATCTCATCGGCGATCTCGCGGGTATAGGCCTTTTCAAGGAGATCGCGGATGAAACGGTGGACTTCCTGGGCCTGGTCGGGCGTCGCCGTTTTTCCCGTGCCGATCGCCCAGACAGGTTCATAGGCGATGATCACTTTTTTGATTTCTTCTTTGTCGAGCCCTTTGAGGCTGTTGGTGACATGGTCCCGGATGACATCGAAAGTGCGGCCCGCCTCCCTCTCTTCCAGGCTTTCTCCGACGCAGACAATGGGCGTCAAGCCGTGTTTGAGCGCCGATTTAAGCTTTTTGTTGACGGTCTCATTGGTCTCATGGAAATATTGGCGTCTTTCGGAATGGCCGAGGATGACGTAACCGCATCCAAGCTCTTTGAGCATCGGGGCCGATACCTCTCCGGTGAAGGCGCCGGCGTCTTCCCAGTGCATGTTTTGGGCGCCAAGGCCGATGTTCGTTTGATAAACGACCTCGGCGACTTCGTCGATCGCCGTGAAAGGCGGACAGACGATGATACCGATAGCGTCGATATCATACAGATCTCTTTTGAGACCGTTGGCCAGCTCGATGGCTTCGACCGTTGTCTTGTTCATTTTCCAGTTGCCGGCGATGATGATTTTCCTCATTAAATGCACTCCTTACTGTTTATCCTTCAGTGCGGCGATACCCGGAAGGACTTTGCCTTCCATGAATTCCAGCGAGGCGCCGCCGCCTGTCGAAATATGCGTCATCTTGCTCTCGAGGCCGAACTTGGCCACGGCGCTGGCTGTGTCGCCTCCGCCGATGATGGTCTTGGCTTTGAGCGTCGTGATGAACGTCGCTACTTCTTTTGTTCCTTTGGCATACTTGTCGTTTTCAAAGATGCCCAGGGGGCCGTTCCAGCAGATGGTCTTGGCGCTTTTAAGGGTGTCGCAGAACAGGGCGATGCTCTTGGGGCCGATATCGACGGCAATCATGCCGTCGGGGATGGCCGCATCTTTTGTCGTTTCGATCTTCGTCGGCGTATCGATATTGTCGACAACGAGATGATCGACCGGCAATATCACCTTGACCCCAGCTTTTTTGGCCTTCTGGAGGGTTTCTTTGGCCAGGTCGATCTTGTCTTTCTCAAGTTTTGAATTTCCGATGGCAATCCCCTGGGCCTTGAGGAAGGTATATGCCATGCCGCCGCCGATCACCAGGACCTGCGCTTTTGTGAGGAGGTTCTCGATGACACCGATCTTGTCCGAGACCTTGGCGCCGCCGAGGATCACGGCAAACGGCTTATCCGGCTGTTCAAGGGATTTGCCCAGGTATTCGATCTCTTTATCGAGCAGGAATCCTGCGACCGCCGGCAGGTCGTGGGCCACGCCCTCCGTAGAGGCGTGCGCCCTGTGGGCCGTGCCGAAGGCGTCGTTGACGTATGTGTCCGCAAGGCTTGCCAGCTGTTTAGCGAATGCAGGGTCGTTCTCTTCTTCTTCGGCATGGAATCTCAGGTTTTCCAGAAGGATGACTTTTTCAGGGGAGGCGTCGATGGCCTTGGCGATTTCAGGGCCTACGCAATCGTTGAGTTTTCTGACGGGCGTTTTGATCAGCTCCTGGAGCCTTTGGGCCACGGGATCGAGCCTGAGGGTTTCCTTGACCTGGCCGTCGGGTCGTCCCAGATGGGTCATCAAAATCAGCTTTTTGGGGTTGTTCTTGAGAATGTAATCGATCGTGGGGATGGCGGCCTTGATGCGCGTATCGTCTGTGATCGCCCCGGTTTTTTTATCCTGAGGCACGTTAAAATCCACGCGCATGATGATCTTTTTGCCTTTGAGATCGACGTCCTTGACGGTCATTTTATTCATAGAAACCCCCGAAAAATTGTTTGATGGGTATTTGTTTCCGGTTTAGGTCCTGCGGTGTCCCGAGAACGATTGGCGTATTATAGCAGATTTTTTCTTCTTGTAAAGGGCATCGTTGGAAAGGTCAGCGCAGGCAATAAGGAGGCTGGCGGTCCAGCCACCTGCGGATTTCACGCAGACAGATATTGCCTTCGGGAAAAGTTCCGGCCAGTTCTTTGTGCCTGAAAAGGATGTCGTGCGCCAGCTTCTGTTTTTTTTCGTCTTGGTGAAAGAGGCTGAAGGCCAGGTCCATCCAGAGGTCGATGTTCTTAGGGTTTTTTTGGATCGCCCTGAGAAAAAGTTTTTCGGCCTGCCCGTATTGTTCGCCGAGGTAGGCGATATAACCGGCCAAGACGAGGGTAAATTCCGAGTCGTCGCATGCCAGCCAGTGCTTCGCTTTTTTCGAGAGGAGCCCCAGGAGGCGCGGATGGTCGAAGACCTTTTCGGCCAGCGCATCCAGCATATAGTTGCCTCTTGTCATGCCGCTGTCGGCCGTGTTCGTCTGGTATCCGGGGCTGACGCGCGCCGTCCTCAAGAAATCTTGTTTTATCCTGGCGAGTGTCTTCATGGGGACGTTTTGGGTTTTATGGCCGCCTGTGCCACAGAGGCGCAGTAGCGGCAGCTCACACATCGTTGATTGCAATGCGTGGTGTGTTCGATAAAGTCTTTGGGAAAGGCCTTGTTATCGCAGATGAAAGGCAAGGGGCCCTTGTTGGACGGCGCCAGCGTGAAGAGGTCGCCCTTGAAAGACCGGGCAAGATACGCGGAGATCTTTGTTTTGAGGAGGCGGCTGTCGTCTTTGCGGTAGGCGATCTTGATGCCGTCCGCCCAGCCGTTTTCCTCGAAAAAGGCAAGGTCTTCCGGCCTCAGGTATGGCCGCCTGATCTCATCGGCCGGCTCCTGCGTTGCGAATTGGCATCCGTCTTTGAGCATGAAGCCGACGTAACATCCCGCCCCTTCCTGCAGCATCGTCCTGGCCGCCTCCATGAGGACGGGCCATTCAGCATGCCTGCCGCCGTAGAAACAGTGAAGATAGCAACCGTGATTCGCCAAAAGTTTAATGGTGACGGCAGGCAGATGTTTGCGGCCGGCGCGGATGGCATCCAGGGCGCGTGCGTCACGGTTGCAGGAGACATCCAGTGTGAATTCCGTCATTCCCATCTTGACCGCCTCTTTGATTTTATGTTCACTGTCGATGTTCATGTAAACCGAACTCTGGAGGGCGATCTTCGGAAACATCTTGCGCAAGAACGGGACGATGCACGGATCGGCCAGGGTGATCGACGTGATCCCTCCGGAGTCTTCGAGGGCCTTGACGTAGCGGCCGATGCGTTTGAGGTCGTCAAAGAAATTGATCCGTTTGTTGAGGAGGAGGTTCCTTTTGATCTTGTGACGGTGGCAGAGGGCGATCAGTTGCCGGATCTCGCCGCTGGAGGCTTTGCGGGTGTTGAGGTATTGGTTGGAATGGTCGTCTCCCTCGGGTCCGGCAAAATAGATTTCGTAGATCCCCCCTGTCGCGATCGCCCATTTCATGAGCGCCAGGTCGTTGTTGTAAGGGATGGACAGTTTCAGCTTGGGGTTTTTCATCGGTCTTGTGTTTTCTTCGGATCATTTCCGATCGGTTTGAATTCCTCGAACCCGTGGTGCTGCGCATATGTCCGGTAGACGCCTTCGCATCTTTGGTGGTAAGCACAGCGTTGGCAGCGCGGGCCTTTGGTTTTGTCTTTCAGGCGTTCATGTGTCGGGCTGATCCTGAAGTCATGGCCTTTCTCGGCCGGATGCAGGCAGAGTTGTCTGTGTCCAGACAGGCGCGGGCCTTCCAGCAGGTTGTTGCGCCACGGCCG
NZ_CP019384.1_gap24	928381	932399	4018	CTGTTGTTTTGCGCGTAATTCAGGACTGGGCATGTTCCCAGCCACGGCAGGAAAGCCGTATTGTAGTCCCACAGATCCATCAGGGAAGCCTCGCAGAGGCAGAAGACATTGTTGCTCTTCATCACCGTCTGGTAATCGTCCTTGAGGATATTGCCGAGCCGGAACATGCTCTCGCCGACCATGCGCGCCTCGTCACAAGGATAGATGTCGCCGTTCGGCATATACGCCAGGACGGCCCTGCCCGCCCCGCAGGGGCTCATCATGTCGACGTAGCCCGGATTTTCCTTTTTGAAGATCTTCGACAGGATGACGGCGCAGAGGCGTTCCTGGATCTTGAGGCCTTTCTTGTTTAATTCCAGGATATGATCCATCGCCTGCGTCCAGAAGGCGAGGAATTCTTCGGCCGTATATCCGATCGCGTCCCATTGATCTTTGGCAAGGCCGAGCCTTGACAAAGGGCGCAGCGCGATCCTTTCGCTCCCCAGCGAGATGTATTCGTCGATGATCTTTTCGGGTTCCTGCAGACTGCGGCGCGTGATCGTGCATAAAAGATTGACGCTGTGCGGCAGGCCGTGTTGTTTGTAGATCTTTTTCGTCCTTGCGACGGCGTCCTTGACGATATCATAGGCGTCCTTGCCGGATCCGATGACCCGGTTATGGTTATGCACGGAGGCCGGACCGTCGAAAGAGAAACAGATGCCGACATTGTGTTTGGCGAGATAGGAGATTTTTTTGTCGTCCAGGAGGGTGCCGTTGGTCACCAGGCTGATGGCGAGGTGCTTGTTGCCCGTATTGATGCGTTGGGCGTTCTCGGTGATGAATTTGATGATGTCCCAGTTGAGGAGCGGTTCGCCCCCCTGGAATTCGATATTGGCATAAGGATTCTGGGTGTCGAAAACATATTTCAGGACCCTTGAGGCGACTTCGATCGTCATATCCTGCGGCGCGTTGTTTTTTGTCTGACAATAGAGGCAATTCATGTTGCAGCGTGTCGTGACGACCGCGATGTGCAGGGATGTGTCATTGAAGAGATGGCTGTGGAGGCGTCTGTACGTTTCTATCAGGCTTTTTATGGAGTTTTCGTCTGCGATGATGCCTGCTTTGAGCAGCCGCTTGAAGAGGCCTGTTTGTTCCCCTAGGTCATTGCTTTCGAGCCGAACAAATTCCTTGCGATCCAGCATGTCCCAGGAACCGAAGAGATTGCTGACAAGATAATGGTTTTTGATGCGTTCGATGTTGTAAGGCAGGATAGCCCAGGTGTTTTTTTCCGTTTTTTTCATTTCACTCCTTGATGATTCCGCTTTGGGCGGCATGAGATCCTTTTTGTTTCTCTTTCTTGTTTCTAGTTTAGTGTCTCTAACGCTTCTTTATCCTGTATCAGCCCTGAACCAGACTGAGCGCTCCATGAAGAACATTTCGCAGTCGATTCAGGACGGTGCAGGATCTCGCTGTGCACAAAGAAAATAGAAGCCGCCGGATCCTGCCGGCGGAGCTTCACATTTCGCAAGAACAATAGAAAATCGAAAATAGACCGCAGACACCATATTAGAGATGGCGCCGCGCGGCAAAGGTGAACGGAGAAAAATATCTTCTCCAGGCATTCTCTGTGGACCGGAATTGATTGGAACCGGCAAAGAAATCCACGATCGCCTCGCGCAAACGCGCCAGCTCTTTGAGGCGGGCCTTGCCGGAGACATTGTCCAGAGTCAAGTCGATCAGCTCAAGAGACCGTTCGAATGCCATTTGGCTGTAGGCCGGATTTTGTTTTTTTTTCCAGCTCAAGGCCCTCTCCACCTCGCTTCCGATATGGGCCATTTGTTCCAAAAACGGCAGGCGGCCCCATCGCCCCTGCGCAAGTTCTTTGTGATGCAGGTTCATTGTTGGACCCTTTTTCTGACGACGGCGATGATTTTTTTGCGCATGCCTTCATCCTCAACCCCGAGGCTTCTATTGTTTTGAGAAGGACGCATGTTGATCATGGAATCAAATTCTATATGGTCGTCTCCTGGAATGTCGGGATAAAGATTGATTCCCCAGAGGCTATTCTGTTTTGACCCCGCATCCAAAAGCATCGCTTCCAGGTCGGAATGAAGCTCGGCATCGACGGCAAGAAGTTCCTTGTCGACATCGACGACGGCTTTGACGAGGTTTCCGAACCTGCGGACTGCCATGCCTTTCAATTCATCTAAGGTTAATTTTTCGGAGATGATTTTCATTCGAGCTGTTCCTAAACGGGTCGAAATTCCCTGGATCCGAAGAGCCGGGGATATTCGATCCACGGGCCTTCGCATTGATTAAACCAGCGGCACGGCGCGCACGTCGGGAATTTCGTTTTGGCCTGGAATTTACGGACGATATCGAAATTGTCGACCGTTTGGTGGATTTCCTTGCATTGAGCCGGTGGAATAAAAAATTCGGAAGCGCAGCGTTCATAAGGCGCCAGGAGACAAAACGGCACGGCCTCCACCATGACGCGCCGTCCAGCCCGCAGGCCGATCTCAAGTCCCTTCTTGATGAACGGCGCCGCCGCGCCGGCTTTCGGGACGATTTTTTTGTAGTAAATCATGGCGTTGCCTTGGATATGGACAAAAGCGAACTGGAACTGGATGACGCCTAGCTTGACCAGCAGTTCTGCCAGTTCGGGCAAAAAACGGTAATTCTGTTTTGTCACGACCGTGTTGGTGAGCGTTTTGATCCCCAGGCGGCACATGTTGTGGATCCCCAGAACGGTCTGACGCCAGCTTCCCGGAGAACGCGTGAGGCCGTCGTGGATGGCCGCCGTCGGGCCGTGGAGCGCAGGCGCGAACGTCGTCATCCCCGCGCGTATCATCTGTTTGCAGAAATTCTCGTCCGCGAATTTCCGGCCGTTGGTCTGTATCTGGATTTCGGTGAAACCTGTCGCTTTGGCAAAGGCGACAATTTCTTCGATGTCCGGCCTTATGCTGACTTCTCCTCCTGTCAGGACCACATCGGTTTTTCCTTCGCGGAAGGATTCGACGAGCTCGCGCTTGATCTGGCCGGTTGTCTTCTCGCCGAAAGGCCTCTTGTCCGCAACGACACAGAACAGGCAGTCGTTGGAACATTTGTACCCTACCTTGAGGTCGACCCGGCGGATCACAGGAACTTCATCTACGAAGTCTTGTTGAGGTAAAACAGGTAGTTTGCCCATTCAAGGACGTCTTTCAACTGAGCGTTTTTCAATTCGCAGTGACGATAGCTTTTATCTTTGGTTTTCAACTCTTTGACCCATCCCTTGTCCTCTTTGAGGAGGCGGTCAAGGGGTTCTTGTTTGTAAAGGTCTTTATGGAACTTGAGAACGAAACTATTTTTTCCCTTTTTTTGCAACGGAAACATTCTTTTCTTCCTCCTCGAGCTCTTTGATCAGGTCTTCGATTTCTTTTTCCTCGGCCTCCTGGACGAGCGATGGGGCTGTTGAGAACAGGGCCCTCTGCATGAGCGATTTGATGGCATCGGCGTTGGCCTTGACGCGCGTGAAGTAATGCGCGTAATTCAACAGCTCATTATAAAATTCCATGGCCAGTTTTTTCAGATCGGCCGACTCATTCTGGGGGTACAGATAGACGAAGAATTTGTCCGCTGACTGGTCCAGCAGGATATAAGCCTTGTCCAGGAAGACATACCCGGCCGCAAAGATCGTTTCTTTGGCATATATCTTGGCATTCAGGATGATCTCGGCGTGGTCAGCCGCGATCTTGATGTGTTTTTCTGGCATTTCTTCTCCTTTGATGGTTGGGTGTTGTCGAGGGGAACGAAAGAGTTTTGCGGGACATGAAATATTTTATGTGCAAAGATAAATGTCCTTGACAGCGATATCCGCATAATTGTTTGGGTTGTTTGTGTTGCGGATCTCGACGCGGTCGCGGACGTATATTCCCAGGACGTTATCGCTGGCGAGCATGATGCGCGAGTCGTAATCGCCGGAATCGTTGTGGAAATCGATGTAAGGCGTATAACCGCTGCTGCTGCCTCCCAGCTCGATCGAAGCCCCTTGGTCGCT
NZ_CP019384.1_gap25	1001468	1005754	4286	AGAGAAAAATCAATACCGTATGCCCCCCAGGGACAGAAAAATGTCACCTCTTGGGGGAAAAGCCGCAGGCACAAAACAAGGTCGGCAGCCGTCACCGCAAGGACCAGCGCTTGTTTAAGGAACCTCGTCCTTTGAGGCGCCAGCATCACCACACAGCCGGCAAGAAAAGGCCCCAGGACAAGCAACGGCAGGGATAAATTCATCATGGTATCACCCGGATCATCTGTGTTGTCGCCTGCTGGACCATGTCAAGCGGATAGCGTACCCATATCCCGGCCGCCAGCGACAGGAACGCCAAGACAAGAACACAAGCCACCATGACAGGCGTCCCTTCCCTGGCAGCGATCTTTGTCTCGCCGAAAAATACGACGGTAAAAACGCGCAAAAGATAAAGGATCGTCATCAGGGCAGCAAAAAGAAAAACGAAACCGAGCCCCATCTGGCCGCCCTGAACGCACCCCAGGAAAATCAGGAATTTGCTGAAGAACCCGCCGAACGGCGGCAGACCCATGACAGAAGCGGCGCAGAACAAAAATGCCGTGCCGGTCAACGGCATCGTCGAAAACAACCCGCCAAGCCGGCTAATGTCCTTGGTCTTTGTCCCCTGCTCAATGATGCCTGCACACAAAAAGAGGCCGGCCTTGGCCATGCCGTGCATGAGGATGTAAAGCAGGCCTCCGGCGATAGCGATCTCGACGCCCAGGCTCAATCCGAAAAAGATAAAACCGATCTGGCTGACCGTTGAATAAGCGATGATCCTCTTTAAATCCGTCTCTCTCAAAGCTGCGCCCGCCGAAACAATGCTGCTGACGGCAGCCACCCATGGCAAGATCACATGCCAGACCGCCCCGATGGGAAAAGTGGCTATAAACAACCTGGCAAAGACATAGACGCCGATCTTGACAAGGACGGCCGCATGCAGAAGGGCTGTCACCGGCGACGGTGCCACGCCGGCATCCGCCAGCCATGTATGAAAAGGTAATGTCGCCGATTTTGAGAATATCCCGAAGAGGATCAGAATCAAGGCCAAAGAAGGAAAGGCCTGTGTCTTAAAATACTCCTTAATCACCCCGAGATCAAAAGAACCGGTCTTCTGATACAACATCAAAAAACCGATGAGCATGACCAGGGCGCCCCCAAACGTCACAAGAAAGGCCTTGTCGGCGCGCTGCACGTCGGTCTTGCCTCTGAAAAAGCCGATCAGACGCCAGCTGACGATGGCGGTCATCTCCCAGAAGATATAGAGGAAAATAAGATTCGATGAAAAGACAATACCCATCATCGAGCCGAGAAAAAGCACGACCAGCATGTCGTACTCGTTGCGGTTGGCATAATGAGAGATGTAATCAAAGGAATAAATAACGATGACAAGGCCCACCAGAAGGGATGCCAGGGCCATGAAAACGGCAAGACCGTCAGCCGTAAAACTGAGGTCCATGCCAAAAGGCATGGACGCTGAAAAACGGACGACCTGCCCTGAGAAAACAACGGAGGACAATCTGACGGCAGCAAGGAAGGAAAATGCGACAAGGAGAAACGCCAGGGAATGACGCAGACGCTCATGGATCCGGCCCGCCAAGGGCAAAACAAACGAACCCAAAACAGGCACACCAACAATCAACGCTAAAAGAATATCAAATGGCATGTGTATCTGAATCCCTCGCGGGAAACCGCAGGGTACCTTGAGGCGTACTGTCTTTTTTGTGAGTACCGCGCCGGCACCGCAACCTTGCCGGCATTCGGGGGTCATTAAATAAAAAAGCCCAACCTATTTCCAGGTGGGGCTGCTTCGCCGGACCTTGTTGATATGGGTTTAAAGCTACTGCGCTTTTATCAAACTTTCAACGTTATATTTTTACCACATCGTCCGCACAAAATCAAGAAATTTTTGACCTGCGGCGGAGCTTCATTGCTAAACGGTCGGCCTTATTCGGCCGACCAGCGCCCTTAAGTTCTCGCCTTGCATTGATCCATCCTTCGCTAAGGTTTTGAATAAACCTGTAGTCGTTCAGGATGAATTTTTGCTTCGCAAAAATTCAATGCCCCCGGCAAGGCTCCGTCCGCCGAAGGCGGACTAGAACTTTCGCTCGGCTTCCGCCTCGCTCTCCATAGGGGCTTTGCCCCTCTGGCGCTCCCCCGACATATCGTCGGGGTCGCTGTCACCCCTAAAACGCGGGGACGGCCTCCCCGCACCCCTTAAAGTTCTCGCCTTGCAGAAAAAGAAAAGTGCCCCCGGCAAGGCTCGAACTTGCCACACCAGGTTTAGGAAACCTGTGCTCTATCCAGATGAGCTACGGGGGCGAATCAGTTAACAGGACTACGAGTTGACGCGCGAACAAATCGAATTCGGATTACGGTTACGGTTAAGAAATCCGTATAGTATAGTTCAGTCAGGGCGTTCGTCTAAAAACTAATTTTCTGTCTTTCTATCATTTTTCACACGTTACCCAACAACCTTGCCCAAACTGGCAGCGTAACCTTGACCGTTACCTGGCGCCGCCTTGAGTAATCTTCACACACGCTTATTAATACTGTATCAATGAATAAACAGGATAATCTTTGAGCTTTTCGCGGCCTTTAAGACCGCAAAGCTCGATCAAAAAGATGATACCGGCGATCCTGGATTTAAGCTGCCGGGCCATCGAACAAACAGCCGCCGCCGTCCCACCGGTCGCCAAAAGATCGTCGACGATAAGGACCCGCGAGGAGGTCTTCAAGGCATCCTTATGCATATAGAGGGAATCCGTGCCGTACTCGAGGGCATAATCAGCGGAGATCGTCTCCGCCGGCAGCTTGCCTTTTTTGCGCACCGGGATGAAACCGGCCCCTAATTTATAGGCCAAGGCCGCGCCGAAAATAAATCCGCGCGATTCCACGGAAACGACATAATCGATCTTTTTGCCTTTGGCGATTTTAGCGAGACCGTCAATGGCTTTCTTGAATGCAGCCTTGTTCTTCAAGAGCGTCGTGATGTCGTAGAAGAGGATGCCCTGCTTTGGAAAATCCGGAATATGACGGATATATTTTTTTAGCGAAGTATCCATGAGCCCCCCCCCTCTTAAGAAATGAATCACCAATGACCAATGAACAAATCCCAAAAAAGTTCCAATATTCAATCACCAAAAACACAGATTGCTTGGTAATTGAGTCTTGGTGATTGGTGATTACGTGGTTATTGCCTGCCGGCCGGCAGGCAGATATCTTGATGCTTGGTTATTTCTTGAAAAAAGCTATTGCCTGTTCAGCACCAATGTGGATTCCCTCTTGACCAATTTTGTCGGAAGCACGACCTTGACCGGCTGTTTTTCCCGCTCTGCCACGATCTGGTTCAATTTCTCCAAGGCCAGTCTTCCCATCTCGACGATCGGCTGAGATACGGTCGTCAGGCGCACCTGGCTATAGCCCGCGACGGGATTGTCGTCAAACCCCACCAACGACAGGTCCCAAGGAATACGCATGCCTTCGGCGCGCGCCTCGTCAATGACCTCCAGCGCCATGACATCGCTGGCGGCAAAGATAGCGGTGGGTTTGTCTTCGAGATTCAACAACACCCGCGCGGCCGCCCGGGCCGGCGTCCGAAGGAAAAAACCCTCCTGGATATACTGGCGCGGGATAGCCAAACCGTACTTGGCCATGGCCTGCCGGTACCCTTCCAGGCGAGCCTCGCCCGCCTGCGTATTCAAATCGCCGGCGATCGTCGCAATCTTGGTATGCCCGAGCTTGACGAGATACTCAACCACATCCATCGCCGCCTTGCGGTTATCGATGGCGATACAGTTGATGTCCTCGCTGAAATAATTATTCATGACAATACAAGGAATGCCGGATTTCATGAATTCCAAAAGCTTTTTCTTGTCGCCGTCGATATCCGCAAAGATAACGCCCTTGACGTATCCGGCGCGGATGGATTCGCTGGTGGTCCAGTCGGCGTGCTTATGGCGTTCCGTGATATGGATAAGGATGTCCGCTTTCAGCCTGCTGGCCGCCGCCGTGACCCCTTTGATGACCTCGGAGGCAAAAAAGGAATGAAAAACATCTTCGAATCTGGGAATGACCAAAGTATAAAATTTTGAGTCTGCCATTTAAAGCCTGGCCTCCTTGTCCTGTTCGACGACAAACTTCTTGAGCTTCTTCAGGGCGTTCTCTTCGATCTGGCGCACACGTTCACGCGAAACGCCGAGCTTGCGGGACACGTCGGCCAGCGTATAGATCTTGCCGTCCTTGAGCCCGAACCTTAAATCCAGGACATCGCGCTCGCGCTCATTGACGATGCCCAGAAGACCGCT
NZ_CP019384.1_gap26	1007556	1009585	2029	TTCATTAAGGATCTCGTTTTCGGACGAGGCATCCATCATCTTCAGCTGTCCCTTGTAGACAAGCCCCTTGGTGCCGTTAAGCGTGATCCATTCGCCTTCGTGCAGGGCCCCTGCGCCTTCAATCTCCACCTCTTTTTTCGACAGGTCGATCTCCAAGGCGGAGCAACCCACGACGCAGCACTTGCCCCAACCGCGGGCCACAAGGGCCGCGTGGGACGTCATGCCCCCTCTGGCCGTCAGGATGGCTTCTGCGGCGCGCATCCCGTCGATATCCTCGGGATTCGTCTCTTCACGCACAAGAATGACCTTCTTGCCTTCTTTGGACAAACGGATCGCGTCTGCCGACGTGAAAACGATCATGCCGCAAGCGGCGCCAGGCCCGGCTGGAAGCCCTTTGGCCATGGGCTTGTTCGCCTTTTCTTCGGCAGGATTGATGATCGGATGCAAGAGCTCATCCAGCTGCTCCGGCGTCACACGGCTGACTGCCGTCGTCTTATCGATAAGCTTCTCTTTCACCATGTCGGTCGCGATCTTGACGGCAGCCGGACCGTTTCTCTTGCCGATACGGCACTGAAGCATAAACAATCTGCCCTTCTCGATCGTGAACTCGATATCCTGCATATCATGGTAATGTTTCTCCAGGCGTTTCTGAATATCGAAAAGCTCCTTATAGACCTTGGGCATTTTACGCTCCAGGGTCTCCAGGTCTTTGTTATGCTCACTCTGCGAATACTGGTTGATGGGCGCCGGCGTCCGGATACCTGCGACGACATCCTCGCCCTGCGCGTTGACCAGATACTCCCCGTAAAATGCCGCATCACCGTTGCCGGGATTGCGCGTGAAGGCTACGCCTGTCGCCGAATCATTGCCCATATTCCCGAAAACCATAGTCTGGACGTTGACGGCCGTTCCCCATTCATGCGGGATATGCTCGATGTTCCTGTAAGCGACCGCACGCTTGCCGTTCCATGAAGAGAAGACGGCGCCGATACCGCCCCACAACTGGGCCATGGGGTCGTCGGGAAACTCCTGTCCCAGGACCTCTCTGATCTTCTTCTTAAATTCCGCGCAAAGATATTTCAGATCCTCGACGTTCAGGTCGACATCGTTCTTGACGCCTCTCTCTTTTTTGCGGGCGTCCATGATACGTTCCAGTTGCCGGCGGATCCCCATCTCATCCTTGGGTTCGATGCCCGCCGCCTTTTCCATGACGACGTCGGAATACATCATCATCAACCTGCGGTAAGCATCGTAGACAAAACGCTGATTGCCGCCGGATTGCTTGATTAAACCTGGGATCGTCTTTTCGGTCAAGCCAACGTTTAAGACCGTCTCCATCATGCCCGGCATCGACTTCCTAGCGCCGGAACGCACGGAGACCAACAGGGGATCCGAAGGGTCGCCGAAAGACTTGCCCATGATCGCCTCGACCTTTTTCAAAGCCTTGGCCACCTCTTCTTTCAGCCCTGCGGGATATTTTTTCTTGTTCTGGTAATAATAGGTACAAACTTCGGTCGTGATCGTAAAACCGGGAGGCACGGGCAATCTCAGCGACGGATGACCCGCCATCTCCGCCAGGTTGGCGCCTTTGCCGCCCAGCAGGTTCTTCATGCTTTCATTTCCGTCTGCCTTGCCGCCTCCAAAAAAATACACGTTCTTCTTGCTCATCTGCCTTACCGCTCCTTTCGAATGCGCCACGCGCGTGGAACCGATTCCCCATACGCACATGCGGGGCTATTATTTTAATCTCTCCAGCAAATATGTTTTGAGTTGCGAAATCTCGACGCGCTCCTGTTGCATCGTATCGCGGTCGCGCACGGTGACCTTTTTGTCTTCCAGAGATTGCACATCGACCGTCACGCAATAAAGCGTGCCCACCTCGTCCTGCCGGCGATAGAGTTTACCAATGGCCCCCGTGTCGTCGTAGACCGCCACCATATCTTTCTTGAGGTCATGGCTCAATTCTTTTGCCAACCCCACGATCTCAGGCCTGTTGCGCAATAACGGCAACACGGCCACCTTGACCGGC
NZ_CP019384.1_gap27	1015054	1019691	4637	TGAGCACATTGTTTTTAGCAAGCCAGGCGCGGCGGCACAACCCCACGCCGTAAGCCATATAGTCCAGGTGCGATATGTCGTGGGAATCCGTGCCGACCGCCAGACGCACCCCTTTTTCGGCGGCATGCCGGGCGTTGATGTCGGACAAATCCATCCTGTAGGGATGGGCATTGATCTCGAGGGCGGTACCGGTGTCGCGCGCCGCGCGAAAAACCTCTTCCAGATCGATCTCATAAGGCCCTCGCGCCGGCCAGAGCCTGCCTGTCGGATGCGCCACAATATGCACGCGCTTGTTGGCGCACGCGCGGACGATCCGCCGCGTCAACTGCCTTTGCGACTGCTTGAAACCCGAATGGATAGCCGCAATAACGATATCGAACTGCGAAAGGACCCTGTCCGGATAATCAAGATTCCCTTCTGCATCGATCTCGACCTCGCTGCCGAATAGGAGACGAAAACCTTTCAGGCTCCGGTTGACACGGTCGATCTCACGGCGCTTCTGTTTCAATCTGGCCTCATCCAAGCCATGGGCCACTCTCAAGCTGACGGAGTGGTCTGTCAGGCAGAGATATTCATATCCCAAAGACTTCGCCTTCTTCGCCATCTCGTGGACCGTGTTTTTCCCGTCCGAATAATTCGTGTGGGCATGGAAATCGCCGCGGATATCGGAGAGCTTGACCAGGCGCGGGAGCCTATCCTCCATGGCCGCCTCCACTTCGCCCGCGTCCTCGCGTAATTCCGGCGCAATAAAAGGCAGGCCGAGCTTTCGATACATCTCTTCTTCTGTCGCCGATGCCAGACGCCTGCCTTTCTTGTCAAAGATGCCGTATTCGTTGATCTTCCAGCCTTTCTTGATGGCCAGCTGCCTCAACCTGATGTTATGGCTTTTGGAACCGGTAAAATACAAGAGGGCTGCGCCGAACTCATCTTTAGGCACGATCCTGGCGTCCACCTGCACACCTTCTTGGGTCACGACGGCACACTTCGTCGCTCCGTGCGCCAGGACCATTTTGACAGGCGCAAGCCCTACAAAAACATCGGCGATGACCTGAGGCTCTTTCGACGCGATAAGGATGTCCACGTCTCTCACCGCATCTTTCATGCGCCGCAACGATCCGGCCGCAGAGATCTCTTGCACTTCCCTGTGTTTCTTGAGCGCAGAGATAAAAGACACAGCCGCCGCGTTCGCCGTCAAGAGATCCATCGCTTCCCTGCCCTTTTCCAAAAGCTCTATCCCCTTGAGAATATTGTCGACGGTCTTTTGCCTGATCCCCGGCAGCTTCAAAAGCCTGCCGTCGCGTGCTGCGCGTCCGAGATCCCCCAAAGAGGCGATCTTAAACGTATCAAAGAATAATTTCGCCTTCTTGGGGCCTATGGACGGAACCTGCATCAACTCCAAGACTCCCCGAGGAACGCTTTCTTTGATCTTTTCGTATTCGGCAAACGTCCCGGTGGCTAAAATCTCCCTGACCTTCGAAGCCAAATCCATGCCGATACCGGGGATATTTTCCAAAGAGCCTTCCCGGACGCGGCCGGCGATATCATCCTCCAGGGCCGCGATATTGTCCGCGGCTTTACGGTACGCCCTGACACGGAACGGATTCTCCCCTTTGATTTCAAGAAAATCCGCCATGGCGCGAAAGAGGTTTATGACAAGGTCATTCTTCACGAATACGCCCTTTCCTCAAAAGCCTGCCTGTCCGACAGGAACCGTCTCGAAAAAGGCCAATAGACCAATATGCTCGCGAGGGCCGCAAAGAATACGACTTCCTGAACGCCGAACGCTTGAGCGAGCAACCCAAAAAGGAGGTTGCCGAAAGGAATAAACCCCATGAACATCATCATGAACAATCCCATGATACGGCCCCTGTGGTGATCGGGGATAGAAAGCTGGATCATCGAATTGACCAGGGCCATGCCGCCGGAGATCCCAATCCCTGCCAATACCAGAAGGATGCAAGACGCCCACATGTTCCTGGAGACGGAGAAGGCCATCGCCGACAAAAAGAACACGATCACAGACAAGCGCAACAGACGAAATCTGGCGAGTTCGTTCTTCAGCCGGGCGACGTTTAAAACACCGATCAGCGCCCCGACACCGCTGGAAGACATCAATATCGCCAACCCCATGGCGCCGGAGCCGAGGACTTCCTGCGCAAAGATCGGCATCAAGACCACATAGGATACGCCGAAGGTGCTGACCAAGCCGACCAGGGCCAGCAAAAAAAGCAGAAACCGGTTATGCCTGACGAGAAGCACGGATTCGCGGATATCCGAAAAAACGGACGCCTGGTTTTTACGCACGGCGGCGGGACGCGGCTTGATCAGCGCCAGCGCCGCCAGGACAGGCAAATAGCTGACGGCATTGGCGAAAAAACATCCCGACATGCCGATCAGGGCGATCAAGAGGCCCGCGACAGCCGGTCCGATGATGCGGGCGGAATTAAAGGCCGCCGAGTTCAAGGCAATCGCATTCATCAAATGCTGACGGCCCACAAGCTCCACGACCATCGCCTGTCTCGTCGGTGAATCGAAACTCAGGATAAAACCGTTAATCGTGGCCATCATGATGACATGCCAGATCCTGACGGTCCCCGTCCACACCAGAAAGGCAAGAACCAGAGCCAGGATGGTAAAACAGGATTGTGTCACCAACAGGAGGTTACGTTTAACGCTGCGGTCAACATAGACACCCGCTGCCAGGGCAAAAAAAGACACAGGCAGATAACTCAGGAAGCCCGTCAAACCCATCAGAAAAGCAGAGTGCGTCAGGCGGAACACCAGCCAGCTCTGGGCCATGGTCTGCACCCAGCTGCCGATCAAAGAAACAAACATCGAAACCCAATAAATCCGAAACTCGCGGACGCGCAAAGAAGAAAACATGTTCTCAATCTGCTCATAACGTGCGGCCTGCGGCAGCACCGGATGCGGCACGCTAATAACCTATGAAATCCTCTGTGATGATCCTGTCTTCCTGGACGGCAAGCTTGTTCATCAGCATCTTGCGCATGGCGTCGACCATGGCAGGCGGACCGCAGGAATAGAAGATCCTTTCAGGATAATCCTGGATCTCCTGGCGCACCAGATCGTCATCAATATAGCCCTTAAAGCACCCTTCGATCTTTTCGGAACATTCCGTCAGGGTATAGACGATCCTGAGACGGTCGTTCTCCTTTTGCATCGCCGATAACTCGTTACGGAAGATCAAATACTCCGGCGTGCGGCTGGAATACAAAAGGACGAGACTCGACGGCAACTTCATATCCGTCGCGTATTTGAAAATACTGCGCACCGGCGTGATACCGATGCCGCCGATCAAAAATGCGGCCTTGGGATACTGGCCGGTAAATGTAAATTTCCCCATAGGGAACCGCACAGCGCATGCTTGACCCACCTGCAGGGACTCCAAGGCCCTGGAAAAAGGACTATTGCTGAGTTTCTTCGTGAACTGGATGAACCCCTTTTCGGTCGGAGAACTCGAAATAGAAAAAGCCTTGGAGACCGGACGCCCGGCTATCGTGAGCGTCAAGACCAGATACTGTCCCGGCTCATATGGGACATCCTCTTCCAGGGAAAAACGGAACGTCTTGACATCGCAGCACTGCGTGACGATCTCCATAAGTTCCAACTGACGGTTATCCATGAATCCGCCTTTCAAAGTTCCTTTTGCGTCCGGCCGATCAACCGTTTCATGTCATGCCTGCCAATGAAACACCCGGCCACGTCCGGATGGCCGCCGCCGCCGAATTCCTCGGCGATCCGGCCGACATTGACGAGCCCCTTGGACCTGAGACTGACACGCCACCGGCCGTCGAACATCTGCCGGAACAAAAGGATCGCCTTGATGTCCTTGAGCGTCCTTATCTGATCGGCAATGGGATCGACATCCTCTTCGTTCGCCTTCAGCCGCTTGAGGTCGGATGCCCTGACATAGGTCACCGCCAGCCGGCCGCGATTATAAAAACGGACGCGCGAAAAACAAATACCCAGGAGCATCGCCTCCTGACGCGTACGGCTCCAATAACTCTTCTCCACAAGCTGGTAATAATTAACCCCCCTGGAAATCAACTCGGCACAGATCCTGAAGGTATCCGCCGTAATGGTCGGAAGCCTGAAAGAACCCGTCTCCACGATAATGGACACCAGAAGGCAAACCGCCATCTTCCTGTCGGGCGAAAGCCCCAGCATGCGGACGAGACGGTAGACGATCTCGCCGACAGCGGCAGCCTTCTTATCGATGATCTTTAAATTGGCGAACGGTTTGCGAAAGGTATGATGATCGATCTCGACCGCCTGCTTCGCCTTCAGAAAAACGTCCTCATGGAATTTTCCCAGCTGGACCCAAGAAGCGCAATCAAGGGCAATAGCCAGATCGAAAGGCGAGCTGTTCTCAGGCTTGAGACGAATAGAACTGTAATGAGGCAGGAAACGGTAACGCGCGGGCAATGCGCTCGGGGAAAACAATGTCACGTCTTTCTTGAGACGTTGGAGCGCCAGCGCCAACCCTGTCATCGATCCCAAGGCGTCACCGTCAGGAAACATATGTACGCACACCGCAATCCTTCCGGCCTTCCTGATGGCTTGTGCCACGCCCCGGTAATCTTCGATCTTCTGCACGCGGCCTCCGTTTCCACCCA
NZ_CP019384.1_gap28	1024218	1027134	2916	CGGAATCCTTCTTCTCAATCCCTGTATCGATCCCGAATTTTTTCTCAATCGTTTCGTCTTTCGCTTTGGACGGCACCTGGTCAGGAGCCCTGAGGGAGGTTTGTTCCGTTTTCAGAGGCCCGACCTTTGGCGCTTCAGGCTTTGGGGACTCGGCTTTAGGCGGCTCAGATTTGGCCGCCTCGGGCTTCGGCACCTCGAGCTTAAAATACGTCTCGGGTCTTGGCGGCTCCGGTCTTGGAGATTCAGTCTTTAGTTTTTCTTCTCCCTGGGGCGGCTCGGCTTTCGGGGATTCGATCTTTTGGGGATCGGCTTGAGGAGGTTCGGTTTTCGGAGGCTCGGGCTTGGGTGGTTCGGTCTTAGGTGCCGGCTGCCCCTTGGCCTTTTCCAAACCGGCCATCCTCAGATTCTGGATCTCGGCCTCCAATTCATTATACTGCCCCTTGAGGCCGTCAAACATCTCACTCTTTGTTTTGAGCTGGCCCTTAACAACTTCCAATTCCTTCTGGACCTTTTCAAACTCTGACTCGCGCAAAGAAAGCTCGCCTTCCATCTTCTGCCTTGCAATCGTCTCCTGCTGGGCGATCATGTCTTTTTGCTTGACCTCGTCCTTGAAAACCGCCAGCTCTTCCTTGAATTTGTCCGATTGCTTGGCCTTCTGCTGAAGATCGGCATTTTCACGTCTAAAAATCTCTGCGTCGTCCTTGGCCTTGAAAAATTCTTCCTCAAGCTTCTGGCGGTCCTCCATGAGCTTCTTCAACTCGCCGTCTTTCTGCAAAAGCTGGGATTCAAGATCTGTTATCCGGCGCGCCTTGGCGTCTTCGGCAGCTTTGCCTTTTTGGGCGTCATCCGACGAAGTTTTCAAAATCAGGGCCACCAGGCCGAGAAACCCGACAAGCAGAACACCTATGATGATCTCCATCCCTCATCCCCCCCGATTGGACCTTAAACTTCCACCTCTTGGGCGTAACTGGATTCTATCGTCTTGATCAAATCAACCAAGAGCGCGTTCACCGGCGTTTTAATGCCGAGGCTCTGGGCCTGGCGCACGATGGCGCCGTTGATGGCGTCTATCTCTGTCGGTTTTTTTCGCAGGACATCGGCGAGCATGCTGGAGACATTCTCGGCCGTCGCCTCGCAGACGGATTCGGCCTTAGCCAGCACGTCGTCATAAAGAAGCTTGATGCGTTTGCGCTTGGCGACCTTGTGCGCTTCCGTGATGGCGCCCTCGGCGATGCGACGGGAACCTTCGTAAGCCATGATCCTGCCGTTCGTCAAGCGCGTCACGGCCGCAACCGCATTGATGCCGGCGTTAATGATGAGTTTAGACCAAAGGACGGCATGAATGTCGCGCGACAATTTTACGGCCAGCTTCGTTTTCTGGAAAAGCTCTCTCAGCGTTTTGAGCTCGGCGCCCAGGGAACCGTCAGCGCGGCCGAGGATCACATCTCCCTCGCCCGCATAGCGACTCACGCCTTCCTCTGTAAGTGTCGCGCCAAGATTGGTGACGGCGAGGACAACCCGCGATTCCCCGAAGGCATCCGACAAGAGCTCAACATTGCCTGCGCCGTTTTGGAACGATACGATAAAACCCTGCGCACCCACATGAGACGAGATGGCACGAATGACGGATTTCGTATCATAGGACTTGACGCAAACGAACCAAAAATCGGCATCCCTGCCTGCGGTCGCATCCGTTGTTATCTGGACGTCCGCAAATTTTGCATTCATGAGACCTTCGATCCGGATGCCGTTCTTGGCAAGCAAAGCGGCCCTCGCCGGATTCTTATCCAAGACCAAGACTTCGTGCCTGGTTTTGGACAGCAAACCGTAGAGCAACAGCCCCATGGCCCCTGGTCCGACGACGACAATTTTCATGGATCCCTCATCTGCTTTCCGCTTAACATAACATAGTTATTGACCTTTGTCTATAGAATCGCGTGCTTGGCTGCGACGATTTTGGTGCGAGACAAGGAGCGAGGACGCCAGCGTAGTCGCAGCACTACGCCAAGGACGAGCGACGCCGTCGCAGCCCAAAAGCGTCCAGCCCACAAAGGGCGGACCTCCGCATTCCACTTTGAGGAGGGTCCAGCCCACAAAGGGCGGACCTCCGCATTCCACTTTGAGGAGGGTCCAGCTCAGAAGGGGAAGCCCGTCTTTTGTCCATCTGCTTCGTTGCTCCTCCTCGGCGTATCGCAGCGGATACGCCTTCGTCGTCGCGCCCTCGCATACAGCCAAAACTCGGGCTTCCAAGCGTACGATTCTATAGACAAAGGCCAATAAACCTAAAGGTCAAGAATTTCATGGATCTTCTCGCGGGTTTTCATGGCCTTTCCGACATGAAAACGCACAAAACAGTGCAAGATCTCTTCAAGCTGTCTGCGCACACCCGGCATCAGCTTCAACCGCAGGCAATCGACCCACGACGACCGCTCAATATAAAGGATGGAGGCGATCGTCCCTGGAAGGACGGCCGCTGAAGCAAAATCGGCCGAAAGACACCTGCGGCACAAGAGGCCGCCTTTCTGAAGGCTAAAAAAGGCCTCGGAGGTCAATGGAGTTTCACAAGAAAGGCAGGAATCAAAATGAGGCTTAAAACCCGAAAGCGCCAGGATCTTGATCATAAAAACGTTGCGCATGTCATGGGGAGGTTTTTTGAGGGCCCGCAGGAATTCCAGGACCAAAGCAAAAACCGCAGGATTGGCGTCTTCCAAGGGCATCAAGAGATCCATGAGCTCGGAACAAAAATGGGCATAGCTGAAGCTCCTTAGATCATCTCCCCTGATCTCAAAGTCGTCCAGGAGATCGCATTGGCCCACAAGGTGGATCTCGGAATGACGCTTTCTATAAAAAACGATGTGGTTGAGCGACAATAACGGCAGGCTGGAACCGAATTTACGCGGGTCGCGGCGGATCCCC
NZ_CP019384.1_gap29	1206512	1208300	1788	TTCTGAGGAGGGATATACTCGCCCTTGGAATCTACGGCGGCGATACGGTCCGCGTCACCGTCAAGGATCAAACCGATATCGTGTTTGCCCTCTTTCATGCGGCGGATGATCTTCTGCACATTGTCTTCCACGGGCTCAGGCCCGCGGCCCTCAAACCACGGATTGACTTCATTGCGCATCAATTCCAACCGGATCGAAGTCCCTTTCAAGACGTCGGCGATATAGCTGTTGCCGCTGCCGTACATCGCATCCATCAAAACCCTGAATTTGGCTTTTTTAAACGCCTTTCTGTCGATATAAGAACGCAAAAAAGAAACGTATTCCTTGGAGATGTCGGCAACCTTGATCGAGCCGTCCGCAATGGCCGAGTCGATTTTTTTGACTTTGCTTTCCGCCTGCCCGATCAACGACTCGACGCGGCGCGTCACCGTCACATCAGCCGCCCCGCCCTGTGCGTTCTTGATCTTGTATCCGTTGAATTCCGGCGGGTTGTGGCTGGCCGTAATCATGATGCCGAGGTCGAGCTTTCTATTTTTGACCGCAAAACTCAACGCCGGGGTAGGGACGGCCCTGTCGGAAAGGATGGTCTCGATATCGTTGGCGGCAAAGACCTCCGCAACCGTCTGGGCGAATTTCGCCGAAAGAAAACGCGTGTCATAGCCGACGCAGACACGCACCTTGCCTTCCTGCTGTTTGGGAAAATCATCCTTGAGATAGCAGGCCGTCGCCTGCGCCACCTTGCGCAGATTCACAAACGTGAAATCGTCGGCAATCACGGCCCGCCAGCCGTCCGTTCCGAACTTGATCGCCTTGACCTGTTCCTGTGCCTCTTTATTCGTCATTCTTCAATCTCCTTATGGCGTCTTCCATGTTATGAGCTTTAAAAAGATACGTCCCGGCGGCCAGAAGATTTGCGCCGCTGCGCACCGCCTGGCGGGCCGTCTTGTCGTTAATGCCCCCATCCACCTCGATATCTCCGGCGAACATCCGTCTCAGATCAGAAATCTTCGGCAAAACAGCTGTGATGAACTCCTGACCTCCGAAACCTGGATTAACACTCATCACCAACACCCAATCCACCTTCTCCAAAAGACCCTTGATGTCCGCCAGCGGCGTCGAGGGATTCAGGGCGACCGCCGGACGGACATTGATCTTTTTGAGTTCCTGAATGATGAGATGGGCTTTTTTGAGACGTGCATGCCTTGTCTTACCCAGGGCCTCGATATGGAAACTGATGATGTCGGAACCGCTCCTGGCAAACGGGGCGATATAATCTTCAGGGGCCTCGATCATTAAATGCGAGTGGATCGGCAGGTCTGTCGTCTTGCGCAGGGCGGCGACGACGGCTGGACCGATGGTGATGTTGGGAACAAAATGGCCATCCATGACGTCCACGTGCAGAAAATCAGCGCCCGCTTCTTTAGCGCGCCTGGCCTCCTGGGCTAGATTCGCAAAATCCGCAGCCAATATGGACGGTCCAATCTTGATCTTCATTGGTAGAGCCCATGCCTTTCGATATATTTCACCACGCTGTTAGGCGTCAGATAACGGATCGAACGCCCTTCGCGCCTGAGCTTGCGGATCAAGGAAGAAGAAATATCCACCTGCGCGACGTTGATCTTGATAAAAGGCCGTCCGCTCAGACGCCTGCCGTATCCCGGCCGCCGGGCCAAGACAAAAGCAGCAAGCGCATAAATCTCATCGACGTTTTTCCAGCTCGGGATTTCCGAAACCAGGTCCGAACCGCAGATAAAAAAAAGCTTTGCGTGCGGATACCGTTCCTTGATC
NZ_CP019384.1_gap30	1368082	1371438	3356	CGGCCTCCAGGGCCTTTAGGTAGAAAGACATCCCGCGCGCCCGATCTTCCATGGTTTCCGTTTCGTCAAAAAGGGTCCTGATCCCGCCGTCTTTCGACGCATCCCTCAAATGGTAGAGACCGGCATTCAGCGCTTCGGCGCCGGCTGCGTTTTGGATGAGATAAAAATAAATCGGCAGTTGGAACGATTTGACGGCCTTGCGAATGGCCCTGCGCTCAAAAGGAAAATTCTCAAGTTTTCCGGGATTGGCCGGCATCCGGTCTACGGAACCCGTCTTATAATCGACGACGAGAAGGCTTGAGTCATCGAGTCGATCCACCCGGTCGATCCGGGCTTTGAAACGAAAACCCTCGCCATCCAGCCGGACATCGCCGGCCACTTCTTTCTCCAAGGCGACGATTTCTTTTATCCCTCTCTTGGCCTCATTTTCAAGGAACCGCTCCATACGGAAACGGATGACCTCCTGGACGAGAAAAGCGTCCGAGCGCATTCTTTTGCGCAATTCGGCCTCAAAACTCCTGTCAAGCTCTTCAAAAAAAATCTTGCGGAACGCACTGTTCACCACAGGCTTGCGGCCGACAAAGGGTGCAAAGACCCTCTCCAGAAAAGAATGCAGGAAGGTGCCGATATCGGAGGCCTCCAGCTCCTCTGAAACCCCTTCCTTTTCCTGCAGCCCCAGCACATACTGGTAATAAAACCGCAAAGGACAGTTCATGTAGGTGTTGATGCTTGAGGCGGAAAAGCACATTTCTTTAAGAAAAGCTGTATGGGCCTTCTGTTTCTTGGCATGCGCCTCAAGCGGCGTCACCCTGATGCGGAATGCCCCGGCCGAAGGCCGAAGGACGCCGATGTCCTTTTCCTCCTTCTCCTTTTCCCAGACCAGGGCCTCCACAAAACGGCTTTTTTCGCAGGTGTCCCGCTCCTGATAAAAAATGTGGGCCCGTCTTGCCGAAGCCACCAGGCGCATGAACTGGTAACGCTGGATCTCCTCTTCCTTCTCCAGCCGGTTCAATCCCAACTGGATCATGACATCCCTGGGGATCAAAGGTTCGTATACTTTGAGTTTGGGCAGGACGGACTCATTGGCGTCCAGGATAAAGACATCGTCAAAACCCAGGGAGCGCGTTTCAAAGAGCCCCAGGATCTGCAGACCTTTCAAAGGAGATCCGGAAAAAGAAACCATCTGCTCTTGCAGACGCGCTTTAAAAATACGGAGGATCTCCTCCCGGGGGAAATGCTCGCGACAGAATGCAGCCCCGGCCATCTGGCGGCACATGGCGTGCAGCTGCTCGACGATCTTGAGATTAAGGGGATATTTTTCCAGGGGGCTCTTTTCCAGGAGGGCGTCGAGAAAATCCTCAAGGACGGCTGCGAAATCCGCAAACGTCGCTACATGTTCCCAGTTGCCGAAAAGGAGCTTGTGCAGGCCGGCGAAGGCCTTTTTGAGATCGGCTTTCTTGGTGCCGGAATCCATCCTTTCGAGCATCGCCGCGGCGCCCGCATAAAGCCCCTCTTCATCAAAGAGGTCTTTAGGATCGATAAACAGGCTTCCGCCCAGAGACGTCTGGATCGTGCCTGCCAGTATCTCTTCGGCTTTATGGACCAGGACGCGCGTTGCAGCCGCTTCAATGCCCCATTGGAGGTTCTTGACCAAAGGATGGCCTAACACGCCAAGATAATCCTTAACGTAATAGCCCTCGCCCTTACGGGTCTCCTGGGCGCGGAAAATCAGGTCAAGAAGGAAATAAAGGGAACTGCGGGAGACCGGATACCCCATGGACACATTGAAATCGCCGACAAAAGAAGCGATCTCGGAAAGGAACGGCACAAGGGTCGCTGGCTCGGGAAGCACGACAAGGGCATGGCGGTAGTCGCCGCATTCTTTTAATGCCTGACGCGCCATGCCGATCTGCGAATGCAGGTCAAAACCGCAGCTGATCCTGACCTGAGGCCTGCGGGCCGGGGCCACTGGAGGTTCAATGGGGACGCCGAAAACCGATGAAAGCCTTTCCAGAACACTCCATTCGCCGGCCCGGCCCTGAAAGACCATTGTCGAACGTCCTTGCTCATGGAGGGCGCGCATCACTATTTCTTCGGTCCGGTGGAGATAAAAGAAATTGCAGAAAAAGATCCTCTCGAAATCATCCAGCCGCGCCCCTGCCGCCTTGCGCGCCGCCAGAAGATAAACAAACCCGCGGCTGTAGGCCCGGGCCTCTTTCATCTTCCGGTGAAAATCTTCCCGCAGGAGATAAAGCTGTCCCAAAAGCTTATTGATGCTCTCGGGGACGTCGTAACCGATATCTGCATGGGCGGCCACATCCTTCAAAGAAGGATTCTGAATGTCCTCCAGATCAAGTTGCTCGAAGAAGCCGAGGACCTCGCCGGCCCACGGCAGAAAACGCCAGAATTCGTTGCGCCCCTCCAAAAGGAACGGGGATTCTTTTTGAGCAGTCCTATAGATCTCAAAACACGCCTCCAGATCGTTCAAACGGCTGAACCCTTCATCCCGGGATACGAGATGTTCCATAAATTCATCGATGGTGAAGAACCGCGGCGAAAAGCTCGCCTGGCCGACGCGTTCAGCCAACGCCTTTTGGAAGAAAAGCTGCGGCCGGCGCCCGCCGAAGACAAAGGCCAGGCGGGGCCAGGCGGCCGGCGCATAGGCGGCGACGATATCATCGGCCAGCTTGTCGATGAAACGATCGCCCAAATCATAGGTGATCACATTCTTCATAAAACCTCTTCTATGCTCGCGGTGTCGCAAAAAACCAAAAACCCCCTGATGCGCCGGCCGCTGAAAATCTCAGAAACAAGCCCCATATACTCGCTAACCTGCTGGCGCCCTTTTTCCACCTCTTCGTCAGACATCTTGTAATCGACGACCCAGCACTCGTCCGGCCCGGCCAAGAGGCGATCAATGCGCCTGGTGCGCCCCAGGCGGTCGATCACTTCTTTTTCAACCAGGACTTCGCGCCCTTGAGGATAAAAAACAGGCCGGCACGCGGCGGCCTCGACCAGGCGGGCCGCAAGCGAACCGCATGCCTCCATCTCATCGAAATCAGGAAACTCCAGGCTCGCCTTGCGCACGGCCAAATCCAGGATCTTCTTGGGATCCTTACCGCTCAAATCCCCGATATAAGAAAGAATTTTATGGACGACCTCGCCTTTCAACAGCACGCGGCGGCGCCGGATCATGGCACTATCCACAAATTCGTCTTTCAAGTAATGGATCCAATCCTGGTAGGGAGTCGGCGGAATGTCTTCGGGAAACCCAGCCTTCGTCGCGGCCTCAACCCTTGTCTCCGGCAAAGGCTCCCCTTCTTCAACATCGGCGTTTCCCAGGAGACCCGCCGCAA
NZ_CP019384.1_gap31	1409465	1410450	985	TAATTATTATCTTGCATTTAGCGCAGAAATAAGGTACCTTTCTATCTATGAAACAGCGCCTTCAATACCCCATCCATAACAGGAGGGGCAAATATCTTGCCCTCCTCCTTTCTTTTATCGTCGGGATATTGTCCGGGATATCCGGTCAAATCCTTCTCAACAAATACCTGCGGAACAAAGGGCCAACCTTCCAGGAAATCCGCAAAGGGGGCTACGCCTTCATCAGTCCGCTGATCGACTGCGAAACCCAGGAGGTCATGCCGGAGCTTATCAATTTCAGGAAGAAGATAGCGGATGCCGTGCGCAGGCTGCTGGACAACAAGGAAGCGCTCGATATCAGCATTTATTTTCGCGACCTGAATAACGGCCCCTCGTTTTCCATCAACGAAAACAAAGGATTTTCTCCCGGAAGCCTGTTGAAAATCCCGGTCATGATGGCTTACTTCAAAAAAGCGGAAACCGACCCGGATATCCTGAAAAAGACGCTGACGTATCAAGCGAAGCCGACAGACAACGTGGTATTCTTTGAGCCTGCCCAAAAACTGAAGTCGGGCGAGTCGTATACCATAGAAGAATTGATCCGAAGAATGATCATTTATTCTGACAATGAAGCAGCAAGCCTGCTGGTTGAAAACGACAAGACCACCTTCAGCTCTGTCCAAAAAAACCTGGGTATCGAATACTGGGAATACGACCAGCCGCCAGGAACGATGCGCGACAGATCCTACGCCTCTCTCTTCAGGGTCCTCTTTAACGCTTCATATCTCAATGCCGCCCTGTCGGAGAAGGCCTTGGAGCTCTTGAGCGAAACCCAGTTTCCGTTTGGCTTGAGGGCTGGGGTCCCGGCAGAAATCAAGGTCGCCCACAAGTTCGGCGAACGCGGCGAAGGCCTGGTCTTATACCTGCACGACTGCGGCATTATTTATTATCCCCGCCACCCCTATCTTCTCTGCATCATGACAAAGGGGGGCAGCATGAAAAGCCT
NZ_CP019384.1_gap32	1422081	1423022	941	TCCAGCCTCCTAGCCACCGTCGTCGCCACGCCGAAGGCGGTCCAGTCGATCTTGGCATCCCCCAGATTCACATACCACCCGCCGAATCTCGGTGCGCTGACCTCAACGTTACCAACCTTGTAATGGGCCCCCTCTTCGCCCGAATCGGCCACATAAGCCAATGGGTTAAAAGCAACACCGCCGACACCTTCCAGATTAACGAAAGGCGGACCCGCGGATACGTCTTGGACGGAAAACACAACAGTCAGCGCAAAGAATACTGCAAATATCATCAACTTTCTCACGTTAAAACCCCCATCTTTCTTTGTGCGCTTTTCCAGCTGACTGGTTGTGGGGCACGTTCATATTTTAAATAATGTCTCCCGGCTATCCGGCAAGAAAAATCATATTTTTGTGGACTGTTTATATCCCACCTCCTTCCTCGATTTTCCAGGCATCATCAAAGCGCGTTCTTTCTGTCACTTCAATCTGGATGATCCTGGCATCATGGATCTTGATCGTCACCGTACCGTATGTCAAAGACCGCACCGCGTCATGGATTTCCTTAATAATCGCATCGTTAACGATATTCGGCTGTTGTTTTACGCTCATCCCTTCCTCCTCCATCCCCCATACCTCTATATAAAGACAAAACCCACTCACCTGTGTCTCTTTTGGTAGTGGGCTGTCCCGTCCTACGCACCGGATTGTAACAACAGGTTACGCGAACGGGCCCCCTCTACCCCGGAGACAACGCATCATCCTACACATCATATCCTGCGGATACATGGCCATTTCATCTCTCCTAAATCGCATACTCAAGCGCCCGGCGGCGGACGTCAACCCTTGACGCCAGATCTTCAAAAGTCACATGATCGATAATGCCGGACGTGGCTTGTGCGACATCCTGCCAAATATTTCTAAAAACACACCGATACACATCCAGGCACGCCGTGTATTCA
NZ_CP019384.1_gap33	1424851	1428706	3855	TGATAGCCGTGATCCCTTTTTCCTTGATCGCGATGTTGACATCGATCAAGGCGTGGAACTTGTCGTAAAACAGGTTGAGGTTCTTCGTTTCGATGATCGGCATATTATCCGAATTTTCCGACGATATAATCTTCCGTCCTCTTGTCCTTCGGCGACGTGAAAATCCTGTCGGTCACATCCTCTTCGATCAGGTCGCCCATCAGGAAGAACGCGACGCGGTCCGAAACGCGCGCCGCCTGTTTTGTGTTGTTCGTCACGAGGACAATCGTATACTTCTTTTTAAGGACCACCATGGATTCCTCGACTTTGGCGGTTGAGATCGGGTCCAGGCCTGAGCAGGGTTCGTCGAAAAGGATGACGTCCGGCTTGACAGCCAGGGTGCGCGCGATGCAAAGGCGCTGCTGCTGGCCGCCGGACAGCTTCGTGGCTGCAGACTTGAGACGATCTTTGACCTCCTCCCACAAAAAGGCGCTCCTCAAGCTCTCTTCGACGGCCGCGTCCAGCCGCCTCTTGTCGTTGATCCCCTGCCTGCGGGGCCCAAAAGCGATATTCTCATAGATCGAAAGCGGCAGAGGCATGGGCAGCGCGAAGATCATTCCCACCCGGCGCCTGAGTCCTTCGGGTTTAAAATCCTTATTGATATCCCTGCCTTCCAGGAGGATAGACCCGCTCATCCTATAATTATCCTGCGTCTCATTGAGCCTGTTGAGGGCACGCAAAAATGTCGTCTTGCCGCTATTGGCGGGGCCGATGGCGCCAAGGATCCCGTTTCTGGCGATATCACAACTCACGCGATGCAGGGCGTGGACCGCCCCAAAGCGGATATCCAGATCCCTGACGGAAAAACAAACGTTATGTTCCATAAACCGCCCCCACCGCCGCCATCGCATTCCGAGTCATTGTTTTTCTCATCCGCATTATCCCCGATTTCACCATTTATATTTTCTCCTGAATTTGGAGCGGATAATGATGGCCACAAGATTCATCAACAACACCATGAGGATCAGGACAAGCGCCGTGCCGTAGCGGTAGCTGTTGGGGATATTCGGGATCTGCGTCGCGATAATATAGAGGTGATACGGCAAGGCCATGGCCTGGTCGAAAACGGAATGCGGCAAATGGGGAATATAGAACGCCGCGACCGTAAAAAGAATAGGTGCAGTCTCTCCTGCGGCCCGGGCAATGCTTAAAATGGTCCCCGTCAGGATGCCCGGCAGGGCGAACGGTAAAACAGCATGACGCACGGTCTGCCAGCGGCTGGCGCCCAGAGACAGGCCGACCTCGCGGAAATAATCCGGCACGGCCTTGAGGGATTCCCGCGTCGAAGTGATAATGACCGGCAGGTTCATGATGGCCAATGTCAGAGAGCCTGCCACGATGGAGGCGCCGAACTTCAAAAAGACGACGAACAGACTGAAGCCGAAAAGCCCATAGACGACGGACGGCACGCCCGAAAGGTTGACGATGGCGAGATTGATCAACCTCGTCAGGGCGTTTTCCTTTGCGTATTCGCTCAAGTAAATCGCCGCCAGGATCCCCAGGGGCAGAGAACAGACCGTGGCGCCCACCACGAGATAAAGCGTGCCGACGATCGCCGGAAAAATACCCCCTGCGCGCATCCCCTCTTTAGGCATGGCCGTCAGGAATTCCCAGTTGATCGCTGAGATCCCGTTCTTGAAAATAATCCACAGGACGACGACAACAGGCGCCAGGATGAAAAGCGTAATGAAGAACAGGGCGCCAAAGGCAATCTTTTCCTTCGCTGCAACACTGATCAGGTTATTCCATCTCATTTCGTCCTCACGCGGTGCAGGAAGAAATCGGCCGTGATATTGATCATAAAGGTAATGAGGAACAGGATAATGCCGATGGAAAACAGGGCGTGGTAATGGGCGCTGCCGTGAACGACCTCCCCCATTTCGGCGGCGATCGTCGCCGTCAGCGTCCGGACCGGCTGCAGGAACGTCCGCGGGATGACGGCGGCATTGCCCGTGATCATCATGACCGCCATCGTCTCGCCAATCACCCGACCCACGCCCAGCATGCAGGCCGCGATGATGCCGGGCTTGGCCGCGTGGATCGTGACGCGGTACATCGTCTGCCATCGCGTCGCGCCCAGGGCGATGGACCCTTCCTTGTATTGCCGGGGAACGGCGGTGATCGCATCCTCGGAGATACTGATAATGGTCGGCATAGCCATGAACCCCAGCATGATGGAACCCGCCAGGGCCGTCAGCCCCGTCGGGACATGAAAGATGGCCTTGATCCACGGCACCAGCGTGATCATGCCGACGAAACCGAGGACGACGCTGGGAATAGAAGCAAGGATCTCGATGCCGGTCTTCAAGAAATCCCGTATGCGCGCCGGCGCGATCTCCGCAACATAAAAGGCCGCGCCGATACTCAACGGAACGGCGAAAAGAACAGCCCCCAAGGTAACGAAGAGGGAACCAAGGATCAATGGCAGGATGCCGAAGCGCGGAGGCTCAGAGATAGGATACCAGTATTTTCCCAAAAGGAAGGCCGAAAGCTTGACGTCCTTAAAAAAGGACAAGCCCTCCTTCAGCAGAAAAACGAAGATCAGACAAACAAAGAGAATGACGAGAATGCCGCTCAAAAAGACAAGCTTCTCTATGATGAATTCCTTGAATCGTCTCATGCCTTCCTGACCGATGATACGTTCGCGGCCGCAAAACCGCACCCTTCAGGATATGAATAGAGGATAGCCGCTCAGTATTTCACTCCAAAGAAACCGCGGGTTTCAACCCGCGGAGCTTCATTTTACAGGGATAAAATCGAGCTTCACCACGATCGCCTGACCTTCGGGAGAAAGGACAAAATCAAGGAAAGCCTTGATAATCCCCTTCGGTTCCCCGCAGGTGTACATCAGGAGCGGCCGCGAGATCGGATAGGACCCGGACTTGACGGTTGCCATCGTGGGCTCGACGTACGCAGAAGACGCGTCCTTGGAAATAGCCAGCGCTTTTTGCTGAGCGGTCACATAACCGATGCCGTAATAGCCGATGGCGTTGACGTTCTGGGCCACCTCGTCGGCGATCGCCTGGGACGAAGGCAAAAGGAGCGCCGACGGCGAAAACTCGTTGAAATCCTTCTCGCGGCTCAGGACGTGTTCCTTAATATATATGTGCGTGCCGGAATTGACCTCGCGCGACAGAATGACGATAGGCATGTTGGGGCCGCCCACGTCTTTCCAGTTGGTGATCTTGCCGGTAAAGATGTCGGCCAGTTGGTCTAAAGTCAGCTTGGAGACGGGGTTTTCGGGATTGACCACGATCGCCACGCCGTCCAAGGCCACTGTCAGCTCAACGGGCTCCACGCCCTTCTCTTCCAGGAGCGCCTTTTCCTTATCCTCGATGTTCCGGGAGGCCTCGGCAATATCGCAGGTCCCGCCAATCAATGCCGCAAAACCTGTTCCCGACCCACCGCCTGTCACAGCCACGCTGACCGCCGGATGTTCCTTACTGAACGTCTCAGCCCAAGCCTGGCCGAGGTTCACCATGGTATCCGACCCTTTGATCTGGATCGAACCGGAGAGCTCTTCCCCATGCGCAGCCAAACACAGAAAGCCGGTTGACAATATCAGGACAAAAGAAAAAATGATCTTTTTGAACATGATTCCTCCATTTTAAACAACCCTTAGTGTATCAGATATTCTTTCGTTTTCAAGAAGGATTCTGGAAGAAAGCAAAGACAGGGGCCAGTCCGGATGTCCGGAGCCTGTTGATGAGGAAAATCGCTAAAATCTGAGCCCCGCGGGCTCAGCCTCGCCTGCCCAAGCGGGCAGGGAATTCTGGCAAACGGGATTAAAATGTTCGGGGACGGTGTTTGACGACC
NZ_CP019384.1_gap34	1442735	1447421	4686	GAGAGAACCGTCGCAGGATTCACAACATCGCCGAGGGAAACGATCGTCGAGGGATGCGCGACGACGATACCGGCATCGATCAGGCCTATGAAAGCGATCAGGAACCCGATGCCGCAGGCTGTGCCATACCTGAGAGAGACCGGAATCGCATCGATGAGCCGCTGGCGCAGACGCGTCACGGTCAATATCATGAAGATAAGCCCTTCGATAAAGACGCAGCCCAAAGCGACGGGCCAGGAGATCCCCATGGTCAGGCAGACGGTATACGTGAAAAAAGCATTCTCCCCCATGCCGGGCGCCTGGGCGATCGGATAATTGGCATAGAGCCCCATGATCAGCGTCGCCACCGCCGCCGCAATGCACGTCGCCATCATGGCCGAGCCGAAGTCTATTCCCGTTTGGGAGATCATGGCGGGATTGACAAAAATGATGTACGCCATAGTCATAAAGGTCGTCAGGCCCCCGATGACCTCTGTGCGGACGGTGGTATTCGATTCCCGAAGATGGAAGAATTTTTCGAGAAATGATCGCATAGGAATTAGAAACGTGCGGATTTAAATACCCGCTGTGCCGAAGCCAGTGGGTCCGATATCCTCTAACGCTTTGGTGCGGACACCTGTTCTCGCTGTGGCGCTCTGCTGCGCCACGGTCGCTCGCTCAAGTGTCCGTAAAATTTTCCTTTATCAGGAAAATACACCAAGGAGCGGCGTCTGAGCCAGAGACTCCGGTAATACCCTCTTCATTCCGCACTATTCAAGCCGGCTACATATTTATCAACCCGGATAGCATTTTTGAAATATCTTCGATGCCCTTCTTGAGTGACTCATTCAACTCTTCGGTGATCAGCTTCTTTCGCTTACATATCTCCAAAATAGGAACACATTAAAACGCCGAGCCTCTTGCTATTCGAAAAAAATTTATACGATCTGGCTTGTGATATCTGCCGTTGCCTTCGGCTATGTTTGCCGATATCGATAAAGAAGCTCGATTAAGTTGATCTGCCAGATAATAGTTGCCCTTCGTAAAACCTTCCGTTAATCCGCAAATCTTATCTGCAAAATCAACTGCTTTCTTGTAAACATCTAGTTTTTCGAATAAGAATGCCATAGCTTTTGAAAATCGATAATCGAAAATAGACCGAATGAAAATCTTCCACAATCAAATCTCAAATTTCGATTTTCGATTCTCTGCCATTTTTGCCAGAGTTTTGCTTGGGGCAAAAATGGCGGAGAGTGAAGGATTCGAACCTTCGTACCCCTTGCGGAGTAACGCGCTTTCGAGGCGCGCGCTTTCAACCACTCAGCCAACTCTCCAAATTTGTTTTTCCGCCGGAGGCGGACCCGCCTTCGGCGGGCGAGACCGCCCTATTTTGAACACCTAGATGTTTTATCCAGTGAAATCCCGTTTCTTTACGGGACAACCGCTCCGGCAACTCTCCAAATAAATGACGCGCTTTTCCCACTACGCGGGACTCCGCTCATTTCATTCGCTTCGCGAGACGCGCTTTTTGAATACCTAAATTTACTATTTTAGCGAAATCCCGCAAAGCGGGACAACCGCCCGCCACCACTGCTTCGGCGGGCGGCCTCCAGTAATACGTCGGCGGCCGTGCTCCGATGCTTCAGTGGAGCATGTCCGCCGACGTTCCAGTGGCGGACGCTCCGGCAACTCTCCGAGAAATTTTCTGACAAAGAAAATTTCGAGGACACTAAAGCGAGTGTAGGCGCATAAGCGCCACGACCCGACAAGGGTCGTAACGAACATAGTGTCTATTGAGCAAACTTATCCTTCGGATACCCCGACAAACCTAAACATGGATATTCTTCATGATCTCGGCCTTCGTGAGATCGATGGATTTCAAGGCCTCGTCGGCATCCTTATTGTAAAGCCGGAAGAAACGACAGGCATCCTCCATATCCGAAACGTCCTTATTGTCGAGGATCTTGAGGACCTCGCTGCGCACTTTCAATTCCTTGATGACGTCCAGGGCATTCATGCCGCTGGCGCGCGCCACCTTATCCCGGAAGACGGACGACGGAGAATCTTCGATAAAAGTGCGCGACTCGTAGTCATACCTCCAGACCGCAGACAAAAGCACCTTCTTCTGTTCCATCCCGGCCGTCTCGGCGATCTCGGAGACAACGCGAAACACCTCGTCCTTGACATGGAACTTGACCAAGGTGATGAAAACATCCACCAGATTCACCAGGGTCTCCGGGATATTCATGGGTTCGTTCTGGAGACGGATGATGGCTTCGCGCGCAGCGGCCGCATGGATCGTCCCCATGCAATACTTGCCGATGTTCATGGCCGTCATCAGATCCTGGGCTTCCTCACCTCTCACCTCGCCGACCACGATACGCTCCGGCCGCATACGTAGGGAATTCTTCACGAGATCCGCCAGCGTCACTTCTTCATCGCTTTCCATGCGCGACCAGCTGTCTTCGCGCAGCGTATTCAACTCAAGCGTGTCTTCGATAATGACCAAGCGCTCCTTACTCGGCACAAAACTCAGCAGGGCGTTCAAAAGCGTCGTCTTACCCGCCCCCGGCGCACCCAAAATAAGGATATTTGCGGGACGGATGGACATCCCTTCCATATAAAGCCAGAACAGCGCCGCGATATCATAGTTCAGGGCCCCCTTTCGGATCAGATCGATGACGCTCAATGGATTTTCTTTGATCTTGGTGATCGTGATCTGCGGCCCGAACGGGGACATGGCGATATTCACCCGGCCCTGGACATTGGCCAGCTCCAGATTATTCAGTTTCTTTAACGACGTCCTGCCGGAAAAAACAACCAGTTTCTTGATAAAAACGTCCAGTTCCTTGGGAGTCGTGAAACGTTTGTCCGTCTGCGTCAGCCCTTTATAGGTGTGATGGATGTAAATAGGCCTCAAAGAATTAATGACAATGTCTTCCACGTCGGGATCTCTCAACAAATCCTCAATGATCCCGTAACTGAAAAACTTATCGATAAAATTTTCTCTTTCTGCGTCGTTGGAGAGCTCGCTCAACGTCTGGCTCTGCAGGAAAGTATCTTCCTTTGTCGCGCCGTAGAGCTCGGAAATGACGTCGCTGACGATATTCTTCTTTTCCGAATCATTCTGCAAAAGATTGATGCGGCCAAGGATCTTGTCCAAAATCTTGGCTTCGATATCGACCTTGCGCTTTTCCATAAGCCTCACCTTTCCATGAGCGCACAACTTATGGAGCCGTCACAAAACAGCGAGACGACATAAGTCGTTTGCGCGAATGGATCCCGAGCCGCCCGCAACTCATTAAAACGGCGAGGGATCTTTTATCATGCGTTGACTTAACCGATGCTAAAAATTTTTCCCTATAAAGAAAAGCGTAAATTAAGGTGCGGACACCTGTTCTCGCTGTGGCGCTCTGCCGCGCCACGGTCGCTCGCTCAAGTGTCCGCCAAATTTTTCGTTATCCGAAAAATTTGGCGGAGGCGGAAGGATTCGAACCCTCGGTGGACTTGCGCCCACAACGGTTTTCAAGACCGCCGCATTCAACCGCTCTGCCACGCCTCCAAAATTCCAACTCGGTGCATTTTGAGCACCTTGATGTCATCATCCAGTGAAAGCCCGTTTCTTTACGGGGCAACCACCCGCCACCACTAAGTCGGCGTGCGTCCGCCGAAGCTCCGGTGGCGGACGCTCTGCCACGCCTCCGAGAAATTTTCTGACAAAGAAAATTTCGAGGACACTAAAGCGAGTGTAGGCGCATAAGCGCCACGACCTGACAAGGGTCGTAACGAGCGTAGTGTCTTTTTTGCTATTTTATAGCGTCCCGACGCACATCAAGGCGACTTTTAGAAAAATTTTCCGACAAAGAAACTGCGGCTATCGGACGGCCCGCACCTCAAACAGCTGCTTGAACGACGCCGTATAGATCGCCCCGGCCTTCTGTCCCGCAGACTTCATGAAATCCGTGAAATAAAAATCGGCCGTCAACAGATTGAAGGCGGCGCCGACGATCATGATGTTGATGATGTAAATGGCGAATATCGCAAAAAAATAATTCTCCTTGAGCCAGCCGGCCTGTTTGCCTTTGAGGGCATTGGCCGTCATGACCAAGTGCATCGTCAGCGCAAAAGCGGCGACAAAGACGAAGCACCCGAAATATTCTTCGAGCTGCGGCCAAACCTTGCGCGCCGTCATATAGATGACGAAAGTCAGGATGGTGAAGATCGGGATACAGAAACCCGCCACTTTGAAAAAAGGCGCCACAAAGCCGATGGCCGTCTCCGCCATTTTCTTTCCCGTATCGAAAACCTGGGCCGGCTGATAGAGAAGAATGTGCAAGACGAGATACATGACGACGCCCCATCCAAATGTCGACGGGATGGGCGCCGGCGTCAGGCTCAAGGCGTTCCAGAAAGCGGCCGTGATGCCGATCACGAAAGGCAGCAACAAAATCGCCAAGAGCAATTTTAAGACAGCTAATATTTTTTCTTTCATTTTCTTTCCTTTATCATGCTGTGGCAACGTTTCTGGGTAACGGTCACGTAGCCCGCTTGCTTACCGCCAGGCAGATTCCATTGTTCGGCGACGTCTTCCGTTTTAAACCATAACCGAACGACCTTGCCTTAACGGGCAACCTTGCCGTAGCCGTTGCCGAAATCACGGCTGCTAAAGCCGGCTATCGTTCAATCCTCTCCAGGCCTCCCATATAC
NZ_CP019384.1_gap35	1450972	1452220	1248	TCCATCCAGGCCTTCAGCAGGTCCTCGGGCGCCTCCCCGCAGACGGAGATCTCTTTTTCCGTCAATGCCGCCCCCGGCCTGTTTTTGGTCTTCTCCAGAAGAACCGCAAACATCGCCCAGGCCGCCGATTCAAAAAGGTCTTTCAAAGACCGGCCGAAAAGACGTACGGCAACATCTGCCGTATGCTTTAAAAATTCATATCTTTTCATAGGAATGCGATCGCACAGATTTGAAACAAGATTACACAGACAAAAAACAAAACTTAATCAATGATAAAAACCTTAAACTTCTTTTTCGAAGGCATTGCAGTATCTACTCTTGCATGAATCTATGTGATCTCTCGATTTTTAATCTGTGCTATCGGAGACTGTCACAAAAGCGACGGTTTCATCTTATCAATAAAACAAAGAGGCGTCAATCCCGTTAGAGACAAAACGCGGGGAATTTATCTTCAAAGCCGCAGCCAAAAGATACGATATCGTTTTGTGCCGTGATTGACGGAAACGCTTTTTATTGAGAGCGCTCGCGAGTATCTCCCGGCCCTAACGGGATCAATCCTCTCCGTCGGCCTCGAAATCAAGGTGCCTGCGTAAATCGCGATAGGACGAAAAGATGAAATCCGCGTCCTTGAGATAGGCGCGGGAAAGGGAAGTCTCGAGTGCAATGCACGCCAGGCGGGCTTTCTTTGCGGAACGGATGCCGAACGGTGCGTTCTCGATGACGATCGCATCTTGAGGCCGGATGTTCAATTTCTTGAGGGCCCGCAAATAGGGTTCTGGGTGCGGCTTGCCATGCCTCACTTCATCCCCCGTCACGGAAACGGCAAACCTTTTCAAAAAATTCTTCGGGAGGATCTCTTCGGCTTCGTGCCGCGCCGTCCCTGTCACGAGGGCGGCGGCGACACCCCGGTGATGCAGATGGCGCAGGAAATCTTTCACGCCGCGGATAAAACGTTTATGGACGATCTTTTTGAAAAGCCTCTCTTTCTCGGAAAGGATCCGCCTCGCCTTGGCCTCATCAAAAGGGATCCCGCGCTCACCGAGGATTTCCTTGATCGTCCTGTATCCAGGCTGCCCTTCCCGCCGGTATATCTCTTCCCGGCTCACCTTAAACCCCTGCGCCGCATAGATCCTGCGCCAGGCGCGGAAGTGATAAAGCATGGTATCCGTAATAACGCCATCCATATCGAAGATGACTGTTTTAACTTTAATCGTTTTCATGGGGCGAGACGGCTGATGCGCGTTTTTC
NZ_CP019384.1_gap36	1488441	1489847	1406	TTGCAGCCTCTTTTAATGCCAGCAACCCGGCGCCGGCCGTGATGCCGACGACGGAGAAAAGAAACGAATAACCGGCAAGAAAAGAAACAAGAACGGCGGGAAAAGAAGCATAGCACGCAGAATAATACTTAGTATCGAGCGCGGATAAAAGCGAGGATGCGTTGATGACGATCATGAGCCACGCCGACAACGATACGCCTCTGGATCTTCGCTTTTGTCCCATTCGCTTTGCCTGTGATGAACGCATCTTATTTTTTGACGACCCTGAATGTAGCGAAGGCCGGTTCGCTGAACAACGGCCCCGCATCCACCTGCACGACAGACCACGTATAGCTCTCCCCATCCCTGAAATAATCGATGGAGATGGCGACCGCCGGCGTCAACGCCGACACCTGTTTCGCATAGATCTGCCTCACCGCGGCCGTTTCATGTCCCCGGTAGAGACGGAACATATAATACCATACCTGATAAGGACTGCCCTTGGGTTCCCAGCGAAAAGCAACGAAAAGCTTGTCGCTGATATCGACGACGCGGGCCGCCGGCTCAAGTAAAGTCGGTTCCGGCACGCGGACAGGCGAAACAGAAGGATTGCCTGTCTTGCGGGCAACAGCCGGCGCCAACTCTTGCGTTTCTCCGGCGCCGCAGGGAACCGGCCCAGCAGAAAACGGCGCAACGAGACAACAAAAAAACAAAAACCAACGGATCGTTTTTATCATTTCGGTGTGGGGGCTGGAAAACATGGAGCCCCGCGGCTTTACAGCCCTCGGCTTCGCCGAGAGGCGAGCCGTGGTTCCTTGATAACCCGCCGGCTGACAGCCGGCGGGCATCCACGAGTTCATGCACCCGTGTTTTCCCGCCAGAGGCTCTGGATCGTCCAAGGCGGCTGCGCGAAAGCGGATAAAACAGCTTTTCTGTTTTCCGGGCGGAATGCCGAAAGCCGGTGTCCGACAAAAACTTCACTCATCTTGCGCCGCCCGGCGGCCCAGCTCCACAGCTCTCTCGCGGATAGCTGCCCGTGTTTTGACGTCGCCCGATTCTCCTGCATGGGGCACAAGCAGGGATTCGAAGCTCATGCCTGAATAATCCGCCGTCAGAACGAACGGCTTCTCCAAGGCATCCAGGCCCACGTCTTCATAGGCGCTGGCGATCAAGATGAGCCTTTTTCCTTTAAGAGGTGTCGTCATGGTCCCGGCTGCATTGTCCCACTTATAAAGACAAAACATCCGGTCCATGACGAGCTTGAGCTGGGCGCTGGCGCCGAAAAAATACAGGGGCGAGGCCATGACGATCACATCCACCTCGGCCATCTTCGCCAGCACAGGCGAAGCCTCATCTTTGACGACGCACGCATATTCCTTGATCGCCTGGCACCTGCGGCACGACGTACAGCCTGTGGTTTTATATTT
NZ_CP019384.1_gap37	1573195	1578089	4894	GGTAAGTGACCTGGTCCTCAATGACCTGCGGAGGCCTGTCCCATTTTGCGTAAACGATGACCTGCGTATCAGAAGGGTCTGGGATAGCGTCGAGGGGGATATTTCTTATGGCGACGATGCCGCCAACGACAGCCACGCCCACCATAATAAAAACAATGAGCTTATTTTTGGCGCAAAACTCTATGATCCTGTCTATCAAGCTACCCATCAAACACCGCTTTCTTTAAAGAAAGGTGTTATTGCTGATGCTGGTGAGTTTGCGTGGCTGCGGGTGCTTTCAATTGGCTCTCTGAATCCACAAAGAAATTGCCGGAGGAGACAACGTTCTCTCCTTCCGTCAAGCCGGAAAGCACTTCGTAATACTTTTCAGCTTTTGTTCCTAGCGTGACATCACGGGAGTCGAAATATCCTTCCGGAGTCGCAACAAAGACGATTTTGCGCTCTCCTGTATCGATCACCGCATCCTCAGGCACAGCTAATTTTTCGCCGATGTCTATCTTTATCATCGCGGAAACAAACATTTCTGGTTTCAACTTATCATCGGGATTCTTTATTTCTACGCGCACCTGATTAGTGCGGGTTGCGGCATCCAAAACAGGATTGACGGAAGCAACCTGGCCCTGGAATACCTCGCCCGGATAAGCAACGGCCTCAATATCCACAGGCATGCCAACTTTGATAAGCCCTATCTCATATTCATAAACAGAAACATACGCCCACACATTTTCGCCTTTGGCTGGCAGATACAGGTTCGTCTGCGCTTTCCGCGTCTTTTCAAGTTCGGCAATCTGGTCGTCGCTCATACCCTTCAATTTCAGCTTCTGGCGGGCTGCATCTGTGACGGATTTAGCGCGGTCAATAACGTCCTGCAGAGGAGAATCTTTTGTCTCGTCCTGCACTTTAAGCGCCTGGATGAATTCTTCCTGGGTCACAACAAGCTCGGGATCATAGGCGATCTTGCCAGAGGCGTGAACGATCTTTACAAGGTCTCTTTTCGTAACAGGCGAAACGCTAATCCCCATCAGTTTCTGCTTTTCAGGGCTGATAGAAACGCCTTCGGGATGCGCAGCTCCTTCCTCCTCATAAACAGGAACATACTCCATGCCCATAGAATCTTTCATAGGCACGGGTGACGTGACTTGCGGATTCATCGGATTACGATAAGCGATAATTTTGCGCTCTTCTTTGGCTGCTGCATTTTTTTCTTCAGCAACCGGGACGATTTTGCTATTTTCCGTCGTGATATATTCACCGCAAATAGGACACTTTATTCTCTCGCCGGGCTTCAGATGTACTCTTACCTGCATCCCGCATTGATGCATAGGACATTTATGTTCCAGGCAAACTTCCTGCGGAGTCTTGCCTTGAGAGGAAGAAACATCTTGCATGGCAGTCATCGAATCATGACGCATCTGTTCCCCAGCCGCCATAGAATGATATGCCAATAAAGCTATACTCAAGGCAACTAAAATAACAATGATCAATAAAGGATTATTTCTTTTCATAAGCAACCTCTTTTACTTGTGAACCGTCAAGATCTGTTCCGATGGCGCGCTCTAAGTCCGCCAGAGCGACTTTAAGCTCAAGAATGGCATTATAGTGTTTGAGTTTGAAATCGATGAGCATTCTTCGGCTGTCCAAGAGCGTGAGAAAATCAGACTGATTGGATTCGTAACCTTTGAGCGATGCCTCCAACGTCTCTTCTGCTTGAGGCAAAAACGACGTCTCGTAAAGTTCTATTAATTTTTTATTCGCTTCCACGCGCGCATAAGCATCCCTGACATCAAAAAGCACGGCCTTCTCTTTGGCAGCATACTCGGCCTTTACCATCTCGAGCTCTGACTTCATCTCTTTAACGCCAAAAGCCTGTTTTTGGAAAAACCATAACGGGACGGTAACACCCACCATTCCCGCCCAAGACTTTTCATCATTCATCATCTGTTTATACGTCACTCTGAAATCAGGCAAAAATTCATTTTGGGCGAGATGATAAGCTGCCTGGCCCTTATCTATGGCATAGCGATAGGCTTTCAGCTCAGGATTATTTTGTTTAGCGAGAGCATAGCAATCTTGCAGTGTCTGACTGAATTTTATCGTCTCGCCGGCAGAAGGTGCGCCGAGCTCATCTTGAGGGTCTCTATTCAGAAGAACATTTAATCTGCCTTGGGCTGTCAGGCGTCTTTGCTCAAGCATAACAAGCTCTGTGTCAACGCTTGCCAGCTCCACCTGCGCTTTCAAAACATCCGCCTGGGGACCTTCTCCTGTTTTATACCGCGAGACGGCTGATTGTGAAAGTTGCTCTAAAATACTTTTGTCTTCTTTGTTAACTTCAATCTCTCGATAAATCACAAAAAGTTCTGCATAGGCGCTCTTGACTTGGGAGATGATTTCTTTTTCTTTGGCCTGATAGTTCTCATAGGCCATTTTGGCGAGCTTTGAGGCAACCTTAGCGCGCAAAAAAAGCTTAGTCGGAAAAGGGATATCCTGTGATATCTCGTAGGTCTTCATGGGCTCGCCTGTCAGCATCCTGTCAGCGGTCATCTTATCATAGCCGACCGAAAACATGGGATCAGTAAGGCTTGCCGCCTGCCAAATACGTGCGTTCGCAGCCTCATACGACCTTTTGGCGGACAAAATCTCAGGATTCGCCTCTAAGGCCTCATTCATGGCCCTCTTCAAGTCCAGTTCTTCGGCTGCCGTGATAACAGAGTCGAATAAGAAAAAAACAAACAAAACAATTATTGCAACACTTATTTTTCTATTTTTCATGTTATTGTTATAACATAACTGCAAACAGTTATTGAATTTCAACCGAACTGTCCCCATTATACTCCGACAAAAATAAGAAAGCCAAGACATTATGTCTTGACTGGATTGGTTGGCCGCCCGTATAAGAGGAACGTACATTGAGAAACGGGAACCGTTCAGGACCCTATTCTATGTCATATTAAAAAAACACCACCCTTCCGAGTGGTGTTTTTTTAATATGGTTGCGGTGGTCCGATTTTTAATAAGGGCATGACTTACGGAATGAGCGTAGCGAATAAACGTAAGTCATCTGCCCGAATTAACTCCGAAGGCCGCAAGAAAATTTGGAAAAAATTTTCGCAGCGAATGGCTTTCGGAGGAACGGCGCCACGAGGGCCCCTGGCTACCCAAATAAAAAGACACCCTTTCGGGTGTCTTTTTATTTGGTTGCGGGGGTCCGGGGTCTATAGAACTTCCTCTCCCTGCTTGGATCGCCTAATTATATAGCAAATTGGCTGTTTTTGGGCTGTTTTTGCGCTTTAGAGATAGTTATTTTGTCCAAAATGTCCGCCTTTTTGAAGCTCATTTATCTCTAACTTTTTGCACTGTAAATGGTAGAGATATGTCCACTCTTAAGAGGTGGACATCTATTAAAAAAATTGTTTCTCGCCCTACGTAACCTTAAAAAATAATCTTACAACCCATCGCATAATCAGGTCGGCTGTTTTTAAACATGCTAAAACCGCCAAAACAAGTAAAATTATTGCAATTATCGACAACACCTCTATCAATCTGCTTATATTGCCATCTTCTTTGCTTCTTAGAAATGTTTGTTTTAATCTTGTCTTCACGGCTATTCTCTTCAACATAGTGATAAACAAAAATTAAATAAACGCCTCGCCCTTCAAGAAACATTCCTCTGCCTTGGATGCAACTTCCATATAATTACGGCAACAAGCAGCCACTAAAGGACTGGAGTATCCATGAAGCATTCTTTGAATCCGTTTTTGCTTGGAATAAAACTCTCTATTCATCCATGCAGCCAAACGATTAATTTCTTCTCTTGAAAGATATTTTGTAGGCATTAAAGCATGGGCCATATCAAAAAAACGGAAATCTTTTATTTCCAGTCTCGGGCTATCCTTTAATTCATCCCACAGGTCTGTCCCCGGATAAGGAACAAGGATATCGACAGTCATTAAATCGGGGTCCAACTCGTCCAATAGTTGGGCACGACGCTTGATTATCGCCTCATCATCATCCCAAAAACCGATCATTATAGTTCCACAAGTAGCTATATCATTTCTGCGCAACTCATCAATACCATGTTTAATTTCGGATATGGTGATATTCTTACCCATAGACTTTAGCTTTTCGTCAGTCTCGGCCTCTACGCCGACTAGGGTCAAAATACAACCGGCTTTTCTCATCTTGGGAAATAACCCAATCTGTTTAGCGAATGCATCGGCCCTGCCTAAAAACATCCAAGAAAAATGCAAATCTCTTTTTATGACTTCATCGCAGAATTCTTCGATACGTTCAGCCTGATTATTAAATTCATCATCCTGGATATCAAACATTTGGACGCCGTATTTCGTGACCAAAAGTTCGGCCTGATCGGCTATGCGTTTGCCGGAAAGACCTCTCCAAATGCCAACATTTTCTTTCATTCTCTTATCGTACTGTTGCCATTGAACGCAGAAGCTGCACCTGCCAGAACAACCTCTACTGGTTACTATCCGCACGGCCCTTGGCCAGTAAGAATAATGAACATACTTTTCTATCGGAAATAAATGGTAAGCAGGAAGCGGCAAAGAATCTAAATCTTTGATGAGACAGCGTGGCTGGGTTAAGACAACCTTGCCATTTTTTCTATAGCCTAAACCGTTTATTTTGTCGTAATCAGGGCTTCTTTTTTTAGATTCTTCTAAAAATTCCAAGAGGGTATTTTCACCTTCTCCGACAACAACAAAATCAATCTCCGGATGTTCCTTTAGGGATTCAATAGGCATAGCATTAAAATGCATTCCCCCGCAGAGAATTTTTATATCTGGAAATCTCTTTTTAATCTGCTGGGCTGCCTCATATACGCAATGAACCCAAGTCGTACCGCACCCCATGCCGATAATATCGGGCTTAATCGTAT
NZ_CP019384.1_gap38	1606810	1610410	3600	CCTGCAATGACCAGAAAAGCGCTGACGCCCAGGAGGATCTTCACCGAACCGATGCGGTCGGCCAGGGGCGCGGCGATCATCATGCTCGCCAGAAAACCCAGGTGCATGATGACTTCAAGGGAACTGAAGACCTTGCCGCGCATGGAATTATCCGTCAGCTGATGCACCATGGTGTTGGTGACCGTCATGATGGGAGATACGGCAAGGCCAAGGACAAAAGCCAGGCCCATCGCTAACAATAGGTGGGGCAACCGGATAACGGCCACGACAAAGCCAGATAATATCACCCCAGCCGCCAGAATACAAGCGAAAATCGTCCTCATCCCCGAGGTCTTCTGGCCCAGACGGCCATAACCCAGGGAGCCGACAAACAGGCCCAGGCCGAGCGCGACCACCAGGAGACCGAGTTCCTTGGTGACGGAAGCAAAGGCCTCCTGCACGAAAACGATCGCCACCACATAAACTGCGCCCAGCGCAGCCCATAGGAAGAAAAGGATGCCGAAACAAGAGCTTATGCGCGGGTCCTTCTTCAGGAAGTTGACCGCGTCCTTCATCTCTTCCAGGGCGGATTTACGGATCACATCCGCGATATCCTTGCCCACCTCGATCAGCTTTTCCTTTTTGGCCTGCCGGATGAGCTTCGTGCTCAAGAAAAAGATCATGATGCCCGAAATCAAAAAGCTGGCGCCGTCGATCGTAAAACCGCCCTGGGCCCCCACCATGCCGACAAGGATGCCGCCGAGGCCGAAGCCGAACATGGCGGCGACCATCCCCGTCGTATTCACCAGGGAATTCGCCAAAAGCAGGTCGTCGGCTTTGACCAAGTCCGGGATGATGGACATCTTGGCCGGCACGTAAAAACGCGCCAGGGAAAACACGATAAAAACGACGATATAGATGGGCCATAAAGAGGACAGCCGCATCAGCCATAGGGGGATAAGAAGGACCAAGATGCCGCGCAAAATATCGCAGACGACCATCGTCCGGCGCCTGTCCCAGCGATCCACATACACGCCGGCAACCGGACCGATCAGGAACACGGGCACGATGGTAAAGGCCATGATCTTGGCCATCTGCGTCGTCGATCCTGGCGCATAACGATGCACAAGAGCGATCAACGCCATCTGGTCAAGCCTGTCGCCGAATTGCGAAATGATCTGCGCCAGCCAGAGAAGAGAAAAATTACGGTTTCGAAGAATATTGCGGAATCGGGCCATAGAAAGGATTCACCCCGTTAGAGAACCTTGTTCTCTAACGGGGTCAACAAAATAAGCCGATGAGAGGGATTGCCCGCCACTAGAACTTCGGCGGGTCCGCCAATCTTTTTGGCGGAAACCTCCTGGCGTGACGCCTTTTACCGGCTCTTCGAAAAGATAAGCCGATGAGAGGGATTGAACCTCCGACCCGCGCTTTACGAAAGCGCTGCTCTACCAACTGAGCTACATCGGCATGAAATCTACTTATACCAACTGTCCCGACGTTCCGCCAGTCGGCGGAAGTCGGGATCCCGACCGAACGCAAGTGAGCGTCGGGAAGCTACATCGGCACGAAATCTACTTGCTCAACGACGGGATGTCCTTTGGAATGTCTGATTATAGCAAAACTTTTTTTTAAACTCAAGAGAGGATTCGCTTTCTCCCTTTCAAGGCCGCAACCATCAGGAAAATAAGCAGATAGATGCCCAGGGCGGCCGGCCACGGCAAGCAGAAGCCGCAGAAGAACGCCCCGCGCATGCCGGCGAAAAACCTGTTGGCCCACAGAAAGACAAAAACCAAAAGATCATCGGCAAGGGCCAGGTATCGCGCCAAAGGCGCAAACCAACAAAAGCAAAGGAAGGAAAAACCGGCCGCCATCACAAGCCCCGAGAGAGGTATGACGACCATATTGGCGATCAGGCCGATCAAGGACAGGTTGCCGAAGGCATAGGCGATCAGGGGCGCTGTCCCCAGCCAGGCGCAGAAGGACACCGCCCCTCCGGCGGCCAGCCGCCGGCTCCAGCGGCTCAACAGCGGCAGACGGGACAGATATTTTTCAAATAGGGCGGCCGGGTCTACAAGGGGATACACCCAAAAAATAAAAAACACGCTTAAAAAAGACAACTGGAATCCTCTGGAAAACAATTGAAGAGGATCAAACAAAAGAATGGCTAACCCGCTCAGGCACAGCGCATTCAAAAATAATGGATTGCGCTCGACGACAAGACAAAAGATGAACGCGCAAGACATGACGGTGGCGCGCACAACAGGGGCCGAAGCTCCAGTGAGAAGGCAATAGGCCCAGAGAAGAAGAACCGTCGCCCCTGCCCTGATTCTCCCCTTGAACCGAAATATTTTCAAAAGGACCATCACGCCGAAGGCAATGATCCCGACATGCGAGCCGCTGACGACAAAAATATGCCATGTCCCTGCCCTGACGGCATCCTGGCGCAGCGCCTCCGGGAATTCCGCCCTTTTGCCCAAAAGGATGCCTTCCAAAACTCGTGCCGCCTCGCCCGAATGAAAAAGGCGGATGCGCCTGGAAAAATACTGCCGGGCAAAAAATACCCCGCGGGTATGCGCCGCAGCCTTACTCCATCCCCGGCGCGCCACAGGCGCCTGCAGCCAAAGAACCGCATCGTTTCCTTGGGCCCGAAAAACCTTGCTCAAAGAACTCATCGGGGACAGGCGGCCGCGGCACGCCACCCGGTCGCCGTAAAAAAGAGGCCGGTCTTTCTCCGAGGTGCCGAAGACTTGCGACTGCAAGGCCTTTTTGACGCGGACACGCACGCGGCCGCCGGCGCGGCGGCATTCGCCCTGCCGGCAAATCTCCTCGGCTTTCAGGGAGAAATTTCCCGACAGATCGTCATCCGTCACGATAACGCCGCGGACCTCGCAGGACCCCGTCCAGACGGCAACGATATCCTTTGAGGGTATGGCCCTGACGCTGAAAGCATACATGCCGAAAAGAACGACGCAACCGGCAGCGCAGCAAATGAACCCTTTCGGCCGCCGGACCGTCAAACAACAAGCCGCCAAAGCGAACAAAAGAAACACCGGGAAATAATCCGGCGCCGGATGTAAACCGGAGGCCAAAAGAATGCCCGAGACGTAACATAGGGTAAAAACCACGACCGGAGGCACAGACACGAGACGGCGCCCTTCCATAACCATCCTTGGGAAAGCGCTTGCGGGAAAGGACCTTGTCGAGCGAGAGGTGCGTGCGGGAGAGCTACTTTTCCTGCTGGGCTGCGATGCGCAGCCGTTCGATCCCCAGACCGTTCAAAACATCCAGGACGCGTACGACATTCTTGAACGGCGCCAGGCGATCGACCTGAATAATGACCGTCATGCCGGGTTCGGCCGCCTTCTTTTGCATGAGGCGGTCTTCCAACTCTTTATACGTCACGACCTCGCCTTCGAGATACAACGGGCCTTCGCCGGAAAGGACGATCGTGACATATCCGCCGGGAGAACCGGGATTCATGACGTGTTTGGCCGAAGGCAAATTGACCTTGATCACCTTGTCCTTCGTCGGATTGAAGGTATAAAGAAGGCTGAACGAAATGAAGAAAAAGATAAACATGTTCAAGACGATGTCCGTCATGGCGACGGACTCGAGGTT
NZ_CP019384.1_gap39	1747781	1751165	3384	TTTCGGGATACCTCTGAGGCCGAGCTCCGTAGACATGAGCCCGAGGCTCATGACGCCCTTCTGGGAGAGACGCTTGTCTTCACAGTGACAGATCACCAGAAGCCCGCACTTTTTAGCCAGGCGAAAGGCCTCTTCCATCAGGCCATCATCGTCGACGGAGGAACCGTCGTCGGTCACAGCCACGGCCCCTTCGGCCTTGAGGGCTGCAAAATCCGTCAATTCCGTGCCGGCCCGGCCTTTGGTGATGGCCGCCGCCGCAAACACATGGCTTGAGGCCGTCTTGCGCACGATCTCCTGGAGCATGCGCAGGCGCTCCGGCGAATCCATGGCCGGCGTCGTGTTTGGCATCGCCAAAACACTCGTCACGCCGCCCTTGACGGCCGCTTTCGTTCCGGTCGCCACCGTCTCTTTGTCCTCACGGCCGGGCTCCCGCAAATGAACATGCATATCCACAAGCCCGGGAAGAACGATCTTGCCCGACGCGTCGATGACCTTCTGCGTCCCTTCCGGAATGCCCTTGCCGATCTCGGCAATAACACCGTCTTTAACCAGAATATCCGCCGCTCCGTCGACTACTGTCGCCGCGCCGATCAAGTGTCCGTTTTTAATAAGGATATCCATCTCACCCTAAATAATGAGACTTTAAGGCCAGACCTTAAAGTCTCATTAACTTGTTTGGCCGCTTACCGGCTCACCCGTTAACCCGCTCACCCGCTTAGTGTAATCTCTGACACTCTGACTCTCCGATACTCCGACACTCGGCCCGCCCGCCGATGATCCATCCGGAGGAACGTGGACTTCCGTCTTTGCGGGCCTTGCTCGCCTCGCCTTGCGGCTTTCATTGGCCTGGGACACCAGAAAAAGAACGGCCATGCGCACCGCAATGCCATTGGTGACCTGCTCTAAAATGACGGAGTTCGCTCCATCCGCCACTTCGCTCGACATCTCGATCCCCCTGTTGATGGGACCGGGGTGCATGACGATGATGTTCTTCTTGGCCTTCTTGAGCCGTTCCTCCGTAATGCCGAAATTCTTGAAATACTCCAGCTGCTGCGGAAAGGCGTCGCCCGAATCGCGCTCGAACTGCATGCGCAGAACATTGACGGCATCGGCTTCGGCGAGCGCCTCCTGAATGTCATGCGTCACCGAAACCCCCATCTCTCCGATGCACGGCGGGATCAGCATGGGCGGCGCACAGACGGTCACGCGGGCCCCCAGTTTCGTCAACCCCCAGATGTTGGAACGGGCCACGCGCGAATGGGCGATATCCCCGACGATAGCGACACGGACCCCCTCGATGTGTCCCAGTTTTTCCTTCAAGGTAAAGATGTCCAGGAGGGCCTGGGTCGGATGCTCGTGCCATCCGTCGCCGGCATTGACGACACTCGCCCCCACATGACGCGCCAGCATGACGGCCGCCCCGGAATAGGAGTGGCGCATGACGATCATATCGACTTTCAGGGCCTCGATGTTGCGGCCGGTATCGATCAGGGTTTCACCCTTGCGCACGCTCGACGTCTCCGTCGCGATGTTGATAACGTCCGCCGAAAGCCTCTTGGCGGCGATCTCAAACGAGATACGCGTACGGGTGGAAGGCTCGTAGAAAAGGTTCACAATGGTCTTGCCGCGCAGCGCCGGCACCTTCTTGATCGGGCGGCCGATGACCTCTTTGAAAGATTCCGCGGTCGAAAGGATAAGCGTTATCTCGCCGGCCGAGAGCTCTTTCAAACCCAGCAGGTCCTTGCGTTCCCAGGAAGGATTCCGTGTCATATTCATGCGTCTTTCTCCAGGACTACGACCTCGTCGCGGCCTTCGGATTCCTCCAGCCGCACCTCGACGGTTTCCTTCGGCGAGGTCGGGATGTTCTTACCGACGTAATCTGCGCGGATAGGCAGCTCCCTGTGTCCCCGGTCGACCAAAACCGCCAACTGGATGAACTGCGGCCGGCCAAAATCAATGATCTCGTCTAAGGCCGCCCGCACGGTGCGGCCGGTATACAGCACGTCGTCAACAAGGACCACTTTCTTGTCTGAAATATCGAAATCGATCTCGGTTTTATGGACGACCGGCTGTTGGGCGATAGAACTCAGATCGTCCCTATAAAGCGTGATATCGAGGAGCCCGACAGGCGGCGTCACGCCGTCCACCTTGCCGATCAAGGCCGCCAGCCTCTGCGCCAAAAACGCCCCGCGCGTGCAGATGCCGACGATGGCGATGTCTTGCGTCCCCTTGTTTTTTTCCACGATCTCATGCGCCATACGCAAAAGAACGCGGTTCAAACCGGCCTTGTCCATGATCCTGGCTCTTTCTTTCATGGCATAATCCATTTTCCCGATATAATCCTCGACATAATCATGGATTATGCCTGATTACACCGATTAAAAACTGATATCACAGATTAAAAAATAAACCGCTTGATTTGACAGCTCTTATTATTAAAATTAACCTCTAACCCGACAGGCAACCGAGAAACTTTCAAATAAGACAATATTTGATGTCCAAATACATCCGGAATATTGCCGGTGACGGCTTTTACTTCAAGAACGACTTTATTCTCTACAACTAAATCCAGCCTTAAAGAACCCACCTTTTTATCTTTAAATTTAACCTGGTAATCTTTTTCCACTGCGTATTGCAGACCTTTTTCTTCAAATGCCAACTTTAGAGCGTTGGAATATACTCTCTCATTAAAGCCGGGGCCCAATTCCGAATGAACCCTGAAACAACATCCGATAATTTTTTCAGTTAGAGAATCATCAATTCCCGCCATAAGCCCTTAACTGTTACGCCTCTAGCTTTAATCCGTGTAATCAGAATTAATAATCTGCGTAATCGTTCTTCAAAAAAACACCCGCGTCTTTGGGGCGCGGGTTCTCAAATTATCCTGAATATAATGCGTCATGATTCATCTCATCCTTGCCGGTTTCTCTGAACCGGCTTAAAGGCATTTCAAAAAATATAACACGCTTTAGCCGCACTGTCAAGACGATTTTCCCGCCCCCCCCTCGTCTTATCTGGGCATATCTTTATCTCTGCAATAGATGACCAGGGGGCTGGCGGCCATAGATCCCTGAGGCGCCCTGACAAACCCCCTTGAAGCCAAAAGATGCCTGTCCAAAGGAAGGGTGCATTCAAACAAAAGGACTTGCGGGGAAAATATTCTCAAAAAATCTTTTAAGTTATTTGAAGACAATGTGTTATGGCTCGGAAGAACAACAATAGACCTCTCCAGGCCGATGTTGCCGACAACATACTCCGTGGTTGCGATGAGATCGTCCTTTTTCGTATGGGAAAGGACCCATTCTTTGGCCGCTTTCAGGCTTGTCTCTTTGGCATGGGCCCTGTCCTCCTGCCAGTAAACATCCAGGACGCGGACAGCCTGGT
NZ_CP019384.1_gap40	1938642	1940930	2288	GCCTCTGGGAGAAGGACGAACAAGAACAGCGCAAGCATGACGATGTTTTCCGGTTTGATGTTGATCGTGATAAAAAAAAGGAAAAGAAGGCCCAGGCCGATAAACCGGCTCTTGCTCTTCAGGAAGCAGATCAAGAACAAAAACTCCAGGACAACGAGAAATACGGAAAGCGACATGGGAAATTCATACCCGCTGTAAACGAGGTGCTGCGGCGAAACGGCAAGCAGCCCTGCGGCCAGGAAGGAAACGATGCGATCGGCGGTCAAGGCGTAGCCGACGAAATACAAAAGGCCTACGGACAAAACGCTTGCGGCAAGATTGAACGATGAAACCGCTGTCAGGTTTTCAGCAACAGCGAGCACCGGGGATATAAAAAACGGATAACCGGGTATATGCAAGGCGGCGGCCAGGTCGAATCGCGCGGGAAACTTTAGCAAAAAAATGTCCTTGATGGCCAGTGCATCCTCGATATATCCCCAGCCGTAAGGATCCAGGTCTATGTGAAAGGTGTGCCGGACTCTCAAGACAAGCCCGGCGGCCGTCACAAGGCCCACAAGGAGAACATCCCGCCACGCCGCTTCCCTGAACTGACCCCTGAAAACCGGAAGGCTGTGAAAAACAAATTTTATAAAAGCTGCCAAAAGGAAAATAAAATACAACAGCCAACCATAGGAAAACATCCGGCGCCACCCTTAGCGATTGCGGAAAATCTCCATGCCGCGACGAAAACTCACTTCACGTCTTTCCAGACAATAACCTCGCCTTGGCGGCGATGGCAAGAATTTCTGAGGGATTGTCTGAAGCCGTGGCCCAACAAATACCTGACCTTGGCGGATTTATTCGTGTCTGACTCGTAAAATCCCAGGATGAGGCGGCCGCCGGCCTTGAGACGGCGCAAACATGCCTCCAAAAGTTCTGTCTCCTTCTGCGTCTCGAAGGAATAATTATCCCAGACATTCCAATAGATGTAATCAAAACGCGTCTGCGGCCATATCCTGGCCAAATCCGGTTCGATGGAGAGATCGGCGGCGACGAAATTCGCGGCGTGGCGGGGAAACAGGAGCTTCGCCTTGCGGACAAGCGAAGCGTCCTTGTCGACACCGTAAGGCACCAAGGACCGCCCCGACCACTCCTGCAGGCACCGCAGCAAAAACCCGTTGGCGCAGCCGATATCCAAGATCGCCCCGTCGCCGTCGATCGAGCGGGAAATAAAGAACCGCGTGATCTCGTAGACCTTGAAGCTTCTGTGCCCTGTGCCGGCGGCCGCAACAAACGAACGCAATCTTCCTTTATTCTTGATAAACGCCTTAAAGGCCGCGGAATATTGGAATCTCGCCCTTCTCGGATCTATTGTCCGGCCTGAAAAAGGGTCCATCATAACGACCACCTTCCGAGGGAAAAGTTGCTGCCCGTCCATATTGGCCATGACCTGGATCTAATAACCATGGGGTCCCTGCGGCTGTCGCAAGATGTCATTGACGAAAAAACGTCGAAGAACTGAAACCCCGCGAACCTCACCCGCCGCTTACGGCGGACAGGAAATTCTGGCAAATGGGATGAATCAGGGGGCGCCGCCATATTTGATCTGGGAAATCTCAGAACGCCTGATGGTCATCTGTCCTTCGCCGCCGTTTTCAAAATACAGATGAAGGACCACCCCGCCATTATTTTCCGTCAGGATGCTGCCCTTGAAGACCAGGCCGTTGCGCAGGATGACCGTATCGAGATTCCTGGGCTCGGTCACGATCTTCATGTGTTTGAGCTGTTCCAGCCTCGGACGGATGATCTGCTGATAGGTAAGGCGATAAAGGAGGGTGACAGCCGCTGCAGCGAAGAGTGCCGCGGCCAAAAACATCGCGATACGCCGGAATTTCAAAAGACCGATGCGGCCGTAGGGAATGATCCTGTTGCGGCCCGTCTTTTTGGAAAAATACATCGCTTCGTCGGCGTTACGGATCATCTCGTCGGGTGTCCGGCCGTCTTGGGGAAAACCCGCGATCCCGCAGCTCACCGATACGCGGTAGAAGCGGTTTCCGTAAAGACACGGCCTGCGGCGCAAGTTGTGTTGGCATTGCCGCATGGCCGACAAGGCCTCCCTGACGGTCTTGCCGGGGAAGATAACGATGAATTCGTCGCCGCCATAGCGCAAGAAGAAAGACGGCCCTTCCAAAAAGGTCAACCGCAGCGTCGAGGTGGCGTATTTAAGGATCTCGTCGCCGAAAAGATGGCCGTATTTGTCGTTGTATTTCTTAAAGCGATCGATGTCGATCAGGGCGAGGGAAAACGGT
NZ_CP019384.1_gap41	1973701	1974201	500	CTGTGTCTGCCCTTCTGCCGTCTGGCTTTCAAGACCAGCCTGCCCTTTTTGGTCTTCATCCGACGACGGAATCCATGCCTGCGCTTTCCGACGATCTTGGTTGGTGTCTTCAAATGATATTTCATAGTCCGGAAATTATAACACACGCCGTGGTGAAGTCAAGATTTTTGTATTCACCGCCGAGGCTGGCCTGGATTTTTTCTGGGCCGTAACCTTAATGCCGTGAGTCTGTTTTTTCCTTCTCCGTTTTCCGCCGCGTTAAAATTTTCTTGCATTGTCCTTCGGCCGCGATTATAATGAAAACCCTTGGCGGCATGGTCGGCGGAAATTCCTGGCCGGCCAATAAAAACAGCGTCTGCCCGCCGGGAGGATGAAATTGCCCGTCTCCCGTCGGGACAAGAAGGGAAGGCAGGGCCCCCTGTGGATAACCCTGTGGACGCTGTGAATAACTCGACGAGCCCCCGACAAATACCCCGGCAATCCAAGGCCGCATAAAGCAT
