gap_id	start	end	length	sequence
NZ_CP011232.1_gap1	73630	76801	3171	TATTTTATATTCAATACCAATCTCAAAAAAGCTGAAAAGCCTCAAGGCCTTTTTTCTGGCGCTTTTTGGATTTCTCAGCTTGCATATATCTTATGGTTTGGGTTCTCTAGCAGGAATATTCAAGTTAATCGTTGGAGGAAAATAATATGAAGATATGTGTTATAACAACAGCCCACCCACCTAATGACGTGAGGATAAATAAAGAGATAAAAACCGCACTGAAAGCTGGTGCTTCTATTACATACATAGCTCCCCAAGGAGTCTTTGATATTGATGGTGTTGATTATATTCCCATTACAAAGCATGCTTCGAGGATAAAGAGATTTGTTTTTGGGTCAAGAGAAGCCTTTAAAAAGGCCCTTAAAGTCGATGCCAATATTTATCATTTTCACGACCCTGAGCTTATAAACATTGGAATAAAACTCAAGAAAACTGGCAAGAAGGTCATCTATGATATCCATGAAAATTACCCATCGGTAATCTTGCAGAAGACATGGATTCCCAGATTTTTGAGAAAAATTCTTGCAAAAGTTGTTGACGTCAAAGAAAGAAGAGCTGTTTCCAAATTCGATGGAATAGTAGTTGTTGTTCCTCAGCAGTTGCAAAGATTTCAAGGGGTCAGGGAATTTGCAGTTTTACCAAATTATCCTGAGTCAACTATATTTAATGAAGTTTCAGAAAACAAGAAGAGCGACAAATTAAGATTCGTTTATGTTGGCTCCCTTGATGAAGATCGGGCAATAATTGAAATGATTAAAGCTTATGAAATTTTAGTTGGAAAGGGATATGAAATTGAGCTTCATCTCGCTGGTCCGATATATACCGAGAAGATAAGACAGTTTATCCAACGAGCTGAAGTAACCTTGAAAGGATTCCGCTATTTTGGACAAGTTCCTTACAAAAAGGCACTTGAAATAACGGCAAATTCAGATATAGGCATGTTGGTGATTCACAGAGGAAAGAGCAAGGAAGAATCTTCACCATTGAAGATGTTTGAATACATGGCTTTTGGGTTGCCGATAATCGCATCAAATTTTGATTATTGGAAGAATATTCTTGAAAATCCTTCCTGTGCGCTCTATGTTGATCCCGAATCACCCGAAGACATCGCTAAAAAAATGGAATTATTGGTAAAAGATCAAGTGCTTAGAAAGACTTTAGGTAACGCCGGAAGAGAAAAGAGCAAGAACTATTTATGGGAATCCATTGAAGAATGCCTTGTTGAATTATACGAAAGGGTTGGTAAGAAATGAAATCTCTGGTTATCGGTTATAATCATACATTTAACGATAAAAGAGTTATGAGAACGGTAAAGGCTCTAAGAAAACTTGGAACAGTATATTATCAATACGCCGGAGACTTTGTAAATGATTTTGAAGATATAGTTAGCATTCCATTGAAGAAACCAAATGCTAAGAAGCGAATTAAATATTACAAACAAAGAAGAGAATTTGACAAAGAAATTCTCAAACTTGTTAAAACTCTTGATTACGATCTCGCCTATTTTCATTATTTTCCTGCTTCGATGCCTCTTGGCATTTTTAAAGCCGTGAAAGAAAGAGGGAAAACCTTAATTTATGAACTCCATGAAATAATACCTATTCAATTTCTCCCAGAACGGTATAAATCGCTCTCTTTTATCATGTGGCAAATATTTAAACAACAACTTTTGTTATCCGACGCTATTGCCTGTGCTTCTGAAGAAGCGCTTAAATTTATGCTGACGAAAACCAGGGTTTTAAGTAAGCCCTTCTTCATTCTTCCAAATTATGCTTCAATTAAACTTCTCCCTGAACCAAGAAGCAAACGAAGGAAAGAGATAGTTTATGTTGGCAGGGCTCAAAGAAGTACGAATAGTGAAAAAGCCTTCCTTATGGAGTTAAAAAACAGGGGATTCACTCTAAAAAGCATTGGTATGAACTGGAATATTGCGGATATTTCACTTCCTTTCCTTCCCTATCCTGAAATGATGAAAGAAGTTGCCAGATCTGCATTTTCTCTTATATCTTTCCAATCAAGGAAAGATATCAACTATTCCAACGATATCTACTCTTTACCAAACAAACTGTTTGATTCAGTTGCAGCCGGGACGCCGGTTATCGTAAACTCGCGCTTTAAAAGCATGGCTTCTTTAGTTGAGAGATATAATGTAGGGACAGTAATTGATACAACGCAATCTATATGTTCTATTACCACTAAAATAATTAAAGCGTGGAATGATTACGAAACGTTCCTCGATGCTATCCAGACGAATGCTGAACACTTCATTTGGAATGAAAAAAAAGAACAGGAGTTCATCGATTTTGTTCTAGGAGTGATCAAATGAAAAAGACAATTTTGCTGATCTCTAATCATTTCCCATTTTCTCCTGGAGAAGAATTTCTTAAGGTTGAGGTAGATATTTTGTCGGAATATTTCGATATTATTCTAGCTCCCATGAATGCAACAGGAAAAAGAAGAGATGTGCCTGATAATGTGGTAGTTTGTGGAACTCTGGCAAAGCGCATCGCCAAGCTTTCTACTAACAAACTACAAAGGGTCTTAAAGTCGATTTCAGAGTTAAGGCATAAGATTGAGATTATCCGAGAAATTTCCAAGAACCTTTATTTTCCTCGAAAACTTGCAGAAATCATCAACTATAGTGCTATTGGCAATGAGATTGTTAACTGGTTCGAAGAGGAATATTCTCAAAAGAAAATCAAAGTAAATATTTTGTATTCTTACTGGCTTCTTTATGCTGCCTATGGTGTTTTGAAAATAAAGGCGAAGCATAAAGAAGTAGTGTGTGTCACGCGAGCTCATGGGAGTGACCTTTACTCCTATGCATCAAATCGATATTTGCCCCTTAGGGAATATATTCTATCGAACATAGATAAAGTGTTCTGTGTTTCTGAACATGGAAAGAGTTACTTGAGTTCATTGTTCCCTCAATACGCAGACAAGGTAGCGGTTTCAAGACTCGGAACTTTAGACCCAAAGATTGTTAACGAGGGAAGTAAAGACGGAAAATTCAGGGCGGTCTCTTGCTCTTCTTTAGTCACTGTAAAAAGGGTGAAGCTCATAATTAAGGCAATTTCTTATGTTTCTAAAAGAACCTGCAAAGAAATAGTTTGGACGCACATCGGCGACGGACCTCAGAGAAAACAGTTAGAAGAATTTGCTCGTTTTGAA
NZ_CP011232.1_gap2	89989	91730	1741	AATCAAATCCAGGAATTTTTGCGCAACATCGTACTCGCCTCTATCTGCGAGCATCATGATTCGGTCATGCAGTCCTTCAAAAGTACCCTGTTTCATCATTTTCAGGTTAACTCCGACCTCATCAAGGTAATCTTTGAATTCTTCCGGACCTATCGGAGCGTACAGATTCGGATTGATACACTCGAATTTTTCACTCAACCTTCCAATCGTATCCAGAGACTTTTCAAGACTTGTCCCTGAAAGATCTTCACGCGCTGCACCGAGATCGCCATCATAGATGAGGTCGACAATGGCAATGGAAAAAGGAATCAGAAAATCAATATCGTACACTTGTCCTTTATGAATAATCCTGTAGACTTCCATAAATACCCCTCCTACGGGAACAGAATACTTGACCTTTTCTTAAATTAAATATACCACAATACTCATATGCTAACATTAATTGTTTGGTGAAAGAAATGGGTGAATAGTGAAGGTTTTCTTCTGTTATCTCTTCTTTTTGGGTTTGAGCGAATGATGTGGGAGACTCAAAAAGCAGGCAAAACACAATGACCATTCAGTAGGTAATATTGCGGGCAGTTTATCGTTTTTTAAGGACAGTCTGGTAAATCGGTACAACAACCTCGCAAAAAAATGATGTGATCAGGAGCTCACGTTGTAACGATAAAGAGGGCCCATCAACGGGGCCTCTTTTTTCTTTTTGAAGCTTTCACACGTTTATTTCTTTTCATTTCTTTCTTTTCTTCCTCAACAATAACAAAGTCCACTTCCATAGTCGTTTTATCGGCTCTAACTGCCTGAACGGTAAGCTCGTCGCCGATTCTGAAGGTCCTCTTTCTGTGTTTTCCGATCAGGATGTTTGCCCTTTCATCGAATTCGTAATAATCGTCGAGGGTAGAGATATGTACGAGACCGGAAATCATCTTTTCAGGAATTTCGACAAACAACCCGAATTTTGTCACTCCTGTGACGACAGCTTTGAAATATTCTCCGATATGGTAGCTCATGTATTCAACTTTCTTCATATCAAGAAGATCCCATTCCGCTTCGTTTGCTATCCTTTCCCGCTTTGAACAATGATCCGCTATTTTTGGAAGCACTTCCTCGTATCTTTCTATCTCCTCGATGCTAAACGTGTTCTTTTTCATTAATCTCTTCAACAACCTGTGCACCACGAGGTCAGGATAGCGCCTGATGGGGGAAGTGAAGTGGGTATAAGCTTCCGAGGCGAGGCCAAAGTGCCCTACGTTCTGTTCAGAGTAGATCGCTCTTTTCATCGAACGTACAACAACTCTTTCAATCGATAAATGAAGCGGGTGATTCTTCGTTTTTTCGAGTATTTGCTGGAGAACTTTGGGATGAACGTTTCTAGGAATTTTTACCTCAAGTCCTATAGCTTCAAGGTAATTTTTCAGCTGAAGCAGAGCATCTGAATCCGGTTCTTCATGGATTCTGTAAACGAAAGGAAGACCTTGAGCTGCAAAGATCTCCGCAATCGTCTCGTTTGCTCTGATCATGAATTCTTCGATCATTACCTCCGATTCACCCCGTTCCTGGGGGATTATGTCTATCACTCTTCCATTATTGTCAGTCAATATTTTGGCTTCTCTGGAGGATATATCCATCACTGAACCCCTTTTTTTACGCCAGTCACGTAGTATTTTTGCCAGTTCACGTGCCATTAAGAGTTCGTCTTTCAAAACATCGAGCTTTCTATGTAGTTCGGAATCACCATTACCTT
NZ_CP011232.1_gap3	103724	107102	3378	CAAAAGAAAAGCGCCTCGTTTGAGGCGCTTATTTTTTGGAGCGGAAGACGGGATTCGAACCCGCGACCCCCTGCTTGGCAAGCAGGTGCTCTACCGCTGAGCTACTTCCGCCTGCTTACGGAATTATATTACAAGAGTGACGTCTTGGTGCGAGAGGAGGGACTTGAACCCTCACGAGCTTTCAAACTCACTGGATTCTAAGTCCAGCGCGTCTGCCAGTTCCGCCACTCTCGCTGGTGACCCGCGAGGGATTCGAACCCTCGGCCCCTTGATTAAAAGTCAAGTGCTCTGCCTGCTGAGCTAGCGGGTCCCCTTGCCAGAGCTTCTCAGCACCGGCAAAAAGATTATAGCATCGAAAAGCGAGCTCTTCAAGAGGTGCAGAAATTAAATTTAGTTAAATCACATATTTTCCCTTTGTGAGACGCAAATAGAAACGATACTACTATATTCTGTAAACTTATTTGCTTGCAAAACAAAAGATTCAGGCTATGTCACCAAGTTCGTATTGGAGTCTGTACAGATCGTAGTATATCCCGCCGAGTTTCATTAATTCCTCATGTGTACCTTCTTCTACAAGATTACCCTTATGGATTACAAGGATTCTATCCGAGTTTCTTATAGTGGAGAGACGATGGGCTATCGTGATGACGGTCTTCCTATGAGAGATTTTTTCCATTGCCTGCTGAATAATTGCTTCAGTTTCAGTATCGATGTTGGCAGTTGCTTCATCTAACACAAGGATATCCGCGTCGTAGAGTACAGCTCTGGCCAGGGCTATCAACTGACGTTCACCAGCAGAGAGCGTTCCTGCCCTTTCGAGTATCTCCGTTTCATATCCATTCGGCAGTCGGTTGATGAAGCGTTCTGCCCCTATGTACCTCACCACTTCGTGTACCCGTCCTTTTGGTATTTTTGAGTCAAACAACCTTATATTATCCAGCACGGTGCCAGAGAAAAGGAAAACATCCTGAAGAACAATGCCAAGCTTTTTCCTTAGGGTCTGAAGGTTGTACTCATAGAGCGAGCGTCCATCAATTAATATGTCACCTCTCTGAATTTTGTAAAGACCATTTAGAATACTTATTATTGAGGTTTTACCTGCTCCGGTTTCACCGACAATTGCTATCTTCTCACCAGATTTCACATGGAACGTTATATTCTTCAGCACGTAGTTCTCACCATCATAAGCGAACCACACATTTTTAAATGCGAGTTCTCCCTTTAAAGTTTCAACAGCTGGCTGATCTTCATTGTACTCTTCTTCTTGCTCGTCCATTATTCGATAAATCTTTTCAGCTGAAGCCAGAGCATTCTGAACAATGTCATATTTCTCAGCAATATCCCTCAAAGGTCTGAAGAACATCTCCACGTAGCTGGTGAAAGCATATAAAACGCCAAATCCTACTTTTCCTGCTAGGATGCCCTTAGCTCCAAACCAGACGATTGCAGCGATAGCGAGATAGTAAAGGAGGTCCATTAAGGGTCTGAAAACCGCAAAAACCATGAGTTGTTCCATAAGGCTCTTGTAATGGCTTTTATTTACGTTGTCAAACTCCTCGGCCTTTCTTTTTTCCTGATTGAATATCTGGATGACTGACATACCGGATATATGTTCGGCAAGGAAGGCGTTTATTATAGCGAGTCTCGTCCTGACTTTTCTGTAAGCTATGCGGTCAAAGTATCTGAATACCAACGTGCTGACCAGTATAAGCGGAAGTATTAACAGCGAAATGGTTCCGAGGTAGAAAGACATCTTAAGCATTACCACTATAATTCCCACTAGTAATACCACATCTTTTACAAGCGAAGTTATTACACTACTGAAGAACTCCGCCAGGTTTTTTGTGTCATTGGCGATCCTTGTAGAAAGCCGTCCGCTTGGTGTGGTGTCAAAATATCGCATGGGTAGCCTCATTAAATGCTTGAAAAGATCCATTCTTATATTGTGAGTTATCTTTTGACCCATATAATTGGTTAAATATACCTGCAGGTACACAGCAATGAACATGGCAATAAGTGTGAGAATCATATAGATTACTATCTTTGTTAGACCCTCGAGATCAGAACTCCGGAGTTCTCTCAGAGTCTCGGGACTTACCGTATAATTATTGGTACCGTCTGTGATAACATAGCTTCCATCTTCGAGTTGTTTTAGATGAAAAGTGCCCTTTGGATCTTTCATAAAATGTATGTTTCCATTGATGGCTTCCACAGTGTAAGCATGATCTGCGTTCATATAGTCGTCTATTGCAACTTTCGAAAGATATGGGAATATCAAGTCAAGCGCCGCAGAAATCATTATCAGCAGTATGGCGACGATGAAAAGCCATGTATACGGTCTGACGTACTTCCAGAGCCTCTTTATTATTGACCAGTCTTCGACCTTATATTTTTCTTCCGACTCGGCATAGACGCTTTGTGGCATCCTATTCCTCCTCCAGCTTCTCTTCTAGTAACTGGCGTTCATACATCCTTTTATAGAGGCCGTTGAACTCCATGAGTTCGTCGTGGTTACCTCTTTCGATGATTTCGCCGTCGTGGAGTACATATATGATATCCGCATCTCTGACGGCTTTTAGCCTGTGGGAAATGACGATAACTGTTCGCAGTTCAGATCCATTTCGCAAAGAAGAGAGTATTTTCAATTCCGTTTCGGTATCTACAGCAGACAAACAGTCATCGAGAATGACTATCGGAGCTTCCTTCAAAAGTGCCCGCGCTATTGCCACACGTTGTTTCTGCCCGCCGGACAGTGTAACACCACGTTCTCCAACCATGGTCATATAACCCTCAGGAAAATCACTTACTATATCGTTGTGAATCGCTGCCATCGAAGCGTAACGTACTATCTCTTCGTCAGTGGCATTTTCTACTCCAAAGGCGATGTTGTTTCTAACTGTTTCAGAGAATAGGAACGTTTCCTGTGGAACATAAGCTATGTTTTCCCTCAGAACAGTGGGATCGATGTGATTAATATCGTAACCATCGATGAATACCTTCCCCTTCGGTACTGGATAAAGACGTGTGAGAACCTTGGCCAGCGTCGTTTTCCCGGAACCTGTTGTCCCCACTATTGCGATCTTTCCTCCGGCGGGAATGTAAAGATTTATGTCCTTCAGGACAGCTTCTCTGCTACTAGGATATTTGAACGTGAGATTATTTATTTCAATATTCCCTCTGAGCTTTCTTAATGGTGCGGGATCAGTAGTGACTATGTCGGATTCTTCGTTGAGGAGTTCTTTGAGTCTGCTATATGAGGCTCGACCACGCTGAATGATGTTTATAAGCCAACCGGTAGCCATCATGGGCCAGATGAGCATGCCAAGGTACGTAGTAAAGGTCACGAATTCACCCAATGTGAGTTGACCGGTAATAACA
NZ_CP011232.1_gap4	109793	113352	3559	TATGGCAAGAAAAAAGCTGGGAATCAGGAAAGTAGGCCATTCAGGAACATTAGATCCTTTTGCCAGTGGTCTGCTGATACTGGGTGTTGGGCGTGCAACGAGACTTCTCGAGTATCTCAAGGATTTCGAAAAGACATACGTGGTCAAAATGAAACTCGGTGTGATTACCGATACTTTTGATCTCACGGGTAAGATTGTGGAGGAGCATCCCGACTGGAATCTTTCTACTGAAGAGATTGTCAACGCGCTTAAAGCCTTTGAAGGCGAATATCTTCAGGTTCCACCTGCTTATTCTGCAAAACGGTACAAAGGGAAGCGCCTTTACCAGCTAGCCAGGGAGGGAAAGATTATAAACCTTCCGCCAAAGCGTGTGAAAATCTTCTCAATTGATGACATCGAAGTGCGATTTCCAGAAGGTGAAGTTTCGTTCTGTGCAAGAGTATCGTCAGGAACATATATAAGGTCGCTGGTTATGGATGTGGGATATCGTCTCGGTTGTGGTGCCACTACGACTTACCTGAGACGAACGAAAGTTGGTGCTTTCTCCGTTTCTGAAGCTGTCAGGCCCGAAGAATTATCTCTTGTGAACTTGAAGGATTCAGAGGCAGTAATGGGCTTCCTTCCTTCTATTATCGTGAGTGAAGAGCAGGGAAAGGCCGTCCTCAACGGGAGACAAATCTGGATTCAAGGCATCGCCGGTCTGGATGGCAGCTTCAATAAGAACGACCTTATAAGAATCGTTAGCGAAGAAGGCAGGCTCCTATCTATCGCTAAGGCCGAAAGGTCTTCAAGATTCATCAAAATGCTTCTGAGAAAAAAAGAAAATCAGAGGGTTGCAAAACTTCTAAAGGTATTTGGGGATTAGGCTATGTTTGTAGCATGTATCGGTACATTTGACGGAGTTCATTTGGGTCACAGAAAAATCATGGCTGAAACCATTGAGGTCGCCTCCGAGCTTGGCGTAAACAGCACAGCAATATCGATAATTTATCCCTGGAGGTATTACTTTCCTAATTTTCCTGGTCTTGTCTATCCGGTCTCTCAGAGAATCGAGTTGATAATCAATGCTGGTATTGAAAATATCGTAACAGTTGATATGGCTGAGATAAGGGATATCGAACCAGAGGATTATATTCTCTTTCTCCTAGAACAAGGACTCAAGGGGCTGGTTGTGGGTGAAGATTTCACCTTTGGTAAGAGAGCCCGGGGAAACGCTGATATCTTGAAAGAAATGAGCGAGAAATACGGTTTTACTCTGCGCTTAGTCCCGAAGCTAGAGTATCAGGGCAAACGCATCAGCAGTAGTTGGATTAGAGGAGCCATAGCCCGGGGAGACATAAAGCTGGCCAACAAGTTACTTGGAGAACCGTACACAATATACGGCAGGGTCTACCGTGATAAAAGACTGGGTAGCAAACTCGGATATCCCACAGCGAATGTTTCTAGAGGCAATGACAAACTTGTGTATCCCAGACCTGGCGTCTATATCGTACGATCGGTGTTTGATGGTAGGGAAGTGTTTGGTCTTCTTAATGTAGGATTCAGGCCAACAGTCAATCCTTCGGAAGAGATAAAATACGAAGTCTATTATCTTGACTTCAATGAAAACCTTTACGACAACATCATCGAGATGGAACTGCTGGAATACCTGAGACCTGAATTAAAGTTTAACACGATTGATGAGCTCACAACTGCTATTGCTAGAGATGAAAAGATAGCCCGTAACTGGATTGCCAGATTCAACTCAGAGAAGTGAAAGCAAGAATTTGAGGACCTCTGAAAAAAATACTTCTTTATGTTCTCTATCCCTGAAAGGTTCGTGTTTTGAACCGGGAAAAGTAATGAGCTTTTTATCAGTCTTGAGGTTTTCATAAAATTCCAAGATAGCTTCCGTCGATACTACGCTATCTTCAGAGCCATAAGTAAATAAAACCGGGTGCCTTATCTTCTCTATTTCTTTCCACGCTAAATCTATGTGCTTTTCAATTTCAAAGAAGAACTTTAAAGAGATCCTGTCATGCACCATGGGGTCTAACTCGTAGTAGCGGTTTGTTTTTTCGTCGTTGGAGATTTCGGATACGTCGATTCTGTTACTCAATCTGAGAAACGGAACAACGAATGATAACGCGAAAAAGCCATGATAAAGGCTTCCGAGTTCTTCTCGATATGACTTGACCGGTGGTGAACTTATAATTCCGGCTCTAAAAAGCTTTGATTCCAGCTCAAGGAGCCTTATGGAGATCAATCCTCCAAGACTATGTCCCATCAGAAATATAGGGACATCCGGTGCCTCTGCTTCAGCCATGAATGTGAGCTCTTTTACTCTGTTTATCATCTTCTTGAAACTTTTGGCTGCACCATATAGAGATACGTCCATACCATGTCCTTCGACATCGGTAGCGTAAACACGAAACCCTCTACGGCTCAGATAATTCCCAATTTCTTCGTAACGTCCGCTGTGCTCACCAAGTCCGTGAACGAGTACCAACTTCCCCTTTACGGCCCCCGAAACGGGCCATTTTCTGATAAACATTCCCGCACCCCCACCAAATCGATTACCCGATTACATAGTTATTATACTTTTGAAAAAAAGATTTTCAAAACCGGGTGTTTACAAACAACATTAGCTGTGATACCATAATTACGCGTGGCCCCATAGGATAACGGCTAGTCCATCGGATTCTCAGTCCGAAGGTCGGGGTTCGATTCCCCGTGGGGCTGCCAGTCAATAACCCGAGTATTCGGGGAGAAATAAGAAGCCTGCCACGATGGTAGGCTCTTTTATTTCTGTATAACTTGAATATACCCTGAAGGATGAAGAATTACCTCATCAATTAGCTGGCGAACTACCATTTCTTTTTGCTCAGATGTTCCTTCATAGAAGCGTTTTTTCATTAGCTCCCAGTTTTCCTTTAGTTCCTGAACCTTTATATAATCATTCCCACCAGGACCTCTAAGCTGTGATAACTTCAATTTGATTTCTTCTTTCCTTTGCTTAATTTTTTGTGCTTCTTCTTTTAATCCCTCTAAACCTATTCCAGCCTTAATAGCTTGAATAAGCCTTTCCTCATCCGTTTGGAGTCTCGAAAGTTCCAAAGTAAGCTTATCTATCATTTGTTTCCTTGTGTGGTCCCTCTGGGTCGCTTGCGCATTTATTTCGTGGGCCATGAGTTCAAAGTCGATGTCGGTTACTGCCTCCAGAATTTCATATTTAATATATGCCAAAACGAAATCTTCGATTTTTGACTTTCTTATAGTTAATCTGGGCTTGTGCTTAATACAGCGGTAATCCGGCTCTTTTCCCCCATGCCCGTGCATGTATCCTCCACATCGACCACATTTTAGAAGGCCCGCTAACAGATAGCGGTGCTTATATCCCGCATGGGCCCTGAAACGCTTTTGGACTTGATCCCATAGTTCCTCATCTATAATCGCAGGTACTCCTCCAGGAACCCGAACAACATCATCTCGTTTTGCGTGATGATTATGTTTTGTCCCTTTAAAATAAGTGTAGATCCCTCGATATTTCTCGTTGTGCAAAATGTCGTGAAGGGATTGC
NZ_CP011232.1_gap5	115138	118682	3544	CCTATCAAATTCTTTACACAAATGATGTCTGAATTCATCAAGACCTGGAATGAATATTGACAGCTGTTCTTTGTTGTATCTCTTATCATTAGAAAAATAATGGTTAGAAGTACTAAGCCCCCTCATAATTCCTTTCATTATTTTTAATCCTTCCTTATGATGTGTCAGATGATATAAATCATATAGTCGCATGCGTTTTTCGCTATGTCGCATAATATACTTTAAAACATAAGAATTTTCAATGCGCTTTTTAAGACACTTTTCGTATGTATTAGATATTTGCTCGTCTGTCATAACTGAAATATCAATGGCTTCACCAAAAATTTCAGTCGTGTCCGCTAATGTACGATTTTTCCTTGTTCTTACTAAATCAGATAGCATAAAGTTATATAAAACTTCAGATCGATCAAAATCCATGAATCTGATTATGTGCTTCATTGGAACAGTGGTAGCATTATATGGATCTATAAAAGTAAAGGAAGCAGCTCTTAGTTCATTTACTTCAAAAATTAAATTATCAAGAACAGCAGAATAATCCTCGTTAATACATTCATATTTTATGCTATTCATAAAATCATTGAAGTCATTATTGTCAAAGCCGTCATCATTAATTGTAAGATTCCTAATATTGTTTTCAAGCTCCTTACAATCAGAATTGTCTTTATCTATAAATCTAAAGTGGAATGTTGTTCTCTCATGTTTTTTCCAGGCTTTGTACGCTTGCTCAAGAGCGATTATAGGAGAACCTTTGAACCCGTTTTTATATATCCCGGGTCCGGAGCAAGTATCAATGTAAAAAACATTTTTAAATCCTGATGACACTTTCATAAACCAAGGGAAAAGATATTTCCCAAGAATTTTCTCTTTTATTTCTGAATGCTCCTTAGGTTTCCAGTTTTTTGAGATAATCAACCCCTCCTTCTCTTGCAGCTTTTTTAAAACTCTCACTACTTACACATATTGTTTCTATGATCTTTAATTGCTTTCCTTCCTCAATTCTTGGAGGATCCTGAGATTATCGTGTTGCCTACTCAGTCACGACCCCATAATTCCATTTGATTTGGAGTACTTCATACTATCTCCCCATCCTCTCTAACTCTAGGAGTATCCTAAGGTTGTCGTTCAGTTCTCGGAGTTCAGGATAAAGAACAAACGCAAAGAACAGGAAAAAGACAATGAATGCAAGGATGATAAACAATTCCACTTTTCTCGGTTTCATCACATCGCTCCTTAATATGAGTATTTATCAACTAAATTTCCGTTACTATCATAAAGATACGCTACATCCCCATCATTATTCCAAATATAAGTTCTGACCCATATGTTTTCTGTTGCCTTATTTCCAGAGTATAAACGAATAACATATCCAGGTTTCAATTCCACATTACCAAATACATACACATGTTTTGCGCCTTCATCTGTTATCTTCCATCCTTGTAAGTTCACGGGCGAAGTACCATAGTTCTTTATCTCAATATACTCAGGATTTCCGCTATATTTGATGTACGAGATTCTCACATCCCCTTTTTCCTGAGTCTGTGGTTGAGATACCTGACTTTCTTTCTCATTCTCAGAAGCATTTTCGCCGGCCCACAATCCGATTGAGTTTTCTCTGGCGTAGTCTTGGGCTTCTTTGAAAATCTTCATATATTCGTCTTTGAAGGGGAAATACAGGTAAGCATGACCATATCCATTGATAATCGCAAGAAGGTTAAAGAGAACGTACTTTGTCGAATTATTGTACTGTACTGGAACCCATACATAAGCCAAAAGCCTATTGTATTTGTCGAATTTATTCCAGTCGTAGGAGAGTTTGACTTCTCTACCAGTCAGAATCTTTTTAGCGAAATTCGAGGCTTCTTTACCGAAATACTCCACGGGCTTTGTAGGATGAACTGTCTCTGGAGTATCAAGACCTATCATCCTAACTTTTGTAAGCCATCGCTCTATTGTGACCCATATTGTATCTCCATCTACAACTTTGTATACTTCAGCGCTTTCGTAATTCTTGACTTGGTTAAAGAGGTCAAAATATTCTTCGAAGTAGAGAGCTGTGGTGTCTGCAGTAAATTCTATAACTACCGACGTAAGACTGAAAGCAAGAACGGAAAGGGTCAATATTATAAGAGTAAAAACGTGCTTCATGTGTTCAACCCCTAACTGATTACTTTTTAATGATTCCTCGATCCTACAAATGCAAAAATCCCCGCTAAACCCATTACCGCACCAAAAACCCCCATGTCCTTATAAAGTGTTGTCACTCCTATAAGAATAAGGAAAAACGCTACAATGATAAGTAGTACACCGGAGGCTTTTGGGTGTTTGAATGCCATAGAGGAACCTATAATACCTAAAATCCCCATCAAAAAAGCTCCTCCGCCAGCTAGACCAAAGCTTTCAGCAAATTCCATGTCTTCAGTCAGAGTACCAAGGCTAGAAAGCCCTAGAGCAAAAAAAGACCCAAATAACACGACAATCGAGAAAATCAGGCCGAGCACAAAAGCAGCGATTCTCACTCCCATCCCCCCTGTTATCGATTGCAGTTCCCAAAAGAACTATTTGTTATTTTAAAGTTTCGATTTTGATGTCACGAATTGAGACAACAGCAGTTTTGCTTGAAAAAAAATCTGAGTGATTCACGTAAAGCTCATTTAATTCTATATCCTCTGAGATTTCAAGAAATAAATAACCTCTCAGTGAGCCGTGAGGCCTTATTTTCCCATTAAGTCGCCTATTTATATATTTCTCTGGAGCTTCTGATGAATACGTTCTGAGGTCGTAATTGAATCCTTCAATGTCTCTCAAGTCAAAAGAGATATAATCCATGCTGATCATTTCATCCGAGTTGTTAAATATAAAGAAGTCAAATATAATACAATCCCCATACTTGAAGATGTTTTTGATTGTAATCGCAATATTTTCAAAAACAAAAGGGACATCTATCTGGACTTTTGGAATTCCATATTTATCCACCGCTTCTTTAACGGCTTCCCAAGTACCGTCATCTTTTAATAAAACTATTTGGTTATCTGTTGTTACAGCATACATGCTGGAAAAAGCGTGAAGACTCAACATTAACACTAAGAAGACAAAAAATAAAGAGGCTTTTCTCATCGCTATTCCTCCTTGAAATCTAGCTTATGATTCATTAGATGATTCTGCCTGAACATAAATAATAAAGTTTTCCAATTCTTTAACTCCCCCTTTTGGAGTAACTAATGACCATTCCAAAATAACTTGATAATCCTCTTTTGGGTCAATTGCTTTTGAATAAACAGGAAACGTTTCAATCCCAAAACCCATGTAATGGCTTATAAGGGTTATTTCCCCGGCAAAAAAAGCTTGTGCTCCGTTCTCAACCATAGATGAATACTTTTGGTATTTCTCTTTTAGTGTTCCCTTGACTTTTAAGTTGTCCAAAATTACGGCAAAATTACCTGGAACTACATCAAAGAAATCGTAATCAATCGTTTTGAATACAAAAAAACCCAACAAATCATAGTCGTTGGGTATCCTCCAACTCTTCAGTAAATCACTCATTTCT
NZ_CP011232.1_gap6	144714	145709	995	TTAGGCCTTAGCCAAGCATTCATGGAAGGTTTCTTGAAACCGCTTCAACCCGTCTTAGAAAAACTCAGGCGACCTTTCGAGATTCTTGGCGAGCTTCTCGGAAATGTTCTTGTGCCGATTTTAGAGGTTCTTGTGCCAATATTCGAGGGTATCGTGAAAGTGTTCGCAGGGATTTACAACTTCCTCTTTGGCTGGCTATTCGGAAAAATAGACATCGAGCCAAAACTAAACTACGAAGAGGAAGAAACCGGGGTCGTAACCAAAACATACTCCGCAGGTGTCACAGGCTCAGTCACGAATAACATCACAATCCAGATAGACACCTACGGTTTGACTGATCCCGAAGGCATCAAGAAACTCTGGGAACTGCTACAAGGCTATGCCGGTGACCTCGAACTAGCGAGAGGGTGATGTGAATGCAGATAGGGGCTTTAACACTAACCGCAACGGACGTAAAAGATGGATACATAGAGATTAAGACCCAAAAACGAATGGCTGACGGCACACTGAAAGTCAACTATATAGCCAAAAAGAAGACCCTCGATGTCACCGCTGTGATAAATGAAACAGATAAAGCTACATTAGATGGTTACATCGGCACGTCCCAGACAGTCACATACCGCTCTACTAGCTGGACAATGTACGTCCCGGCACCTTCGTATTCACGAATCCCAGGGACTTCGCTGTACAACGTCTCAATACACCTTGAGGAGGTGTAATCATGCCTCTTACGATTACTTCGGCAGCTCAAACACACTTAGAAGGCGACATCACAAATGTATCCCCAAAGATAGAGGTTCTCTGGGATGGGATCAACTGGACGGATGAAACAGCATACTTGAAGGACGTAAACGTGAACAAATCTCTTGAAGGCGAGAATTTCGGAGCGGTTGCAAACACATTTAATGCCATCTTGGACAACTCGACCGGTCGTTTCTCGTGGCCGGTTCAGGCTACCAGAACACCGAAAAAGAAAGTCAGAATTTACGCAGATA
NZ_CP011232.1_gap7	340896	345264	4368	ATGTACGGTGGAAAATTTAAACAAAATTATGGATGGTATATTAATAAGCAATTTTACGAATTCGGTATTCTCTCTATATATGACACTTTACACCTCCCAGAATTTATCTCGCAAGATTTGTTAGTAATGTTAATTGAACTAAACATAGCAATATCACATAGGGAGCGCATTTCAGATACTGATTCAACTGACTTATACGAGATTCGGCGAAAAATTGGCAAATTAGAGAGAAAAATAAATAATTATGTAGAGAATGTAGTTAGAGAAAAATTTGGCTACCGGAAAATTGGTGAGTCCTGGGTTAGTGAAACCATTCTCTATAATATCGTAAGAACACTTTTCCCAAATTATACTGTGAGAAAACATTACAGACCTGAATGGTTAGAGGGATTGGAATTAGATATATATATCGAAGAATTAAATCTTGGCATAGAATATCAAGGGGAGCAGCATTTTAAACCAATTAAACATTGGGGAGGTGAAAGTGCTTTACAAAAGGTGAAAGAACGAGATCAAAGGAAAAGGAATCTTTGTGAGTCAATTGGAATAAAGCTTATATATTTTTACTACGATGAAGACCTCACCGAGGAATATGTTAGAAATAAGTTAGAAAATAAATTAGATAGAAAAATGTAAAACTTTTTTGTTTCAATTCAAAGAGACTATCTCTAACAACTATCTCTAACATTTGACTTTACTTATAACATTCCAACAAATACTTAAAAACGGAAAGTATAGATGAGATATCTACAATTGAGTTCTGACAATTGACGGTAAAGATTGTCTATCAGTTATTTCTTTTGAAACATATATTTGTTAAAATAAAATATGCTTTTTGAAGAGAGTGGGATTATTATGGGAGAAAAATATGTTAATCCTCCTGTTGTAGAAGTTGTTTGTGAATTTAAAGTTTCTGAAAAGAAAGCATGGGACTTAGCAGTTCCTGGTTTACTCTATAATAAAATTAAGGATCTTTTTCCAAAACGCCAACAATCGAATGTCCCAGTACTTGAGATCAGAAAAGTTCCGGATGGTATTGAGCATAGAACTGGTGTTGAACAATTTACTGAATTCAGTTCTGATTCGCACAATATAAGAATTAGAATATCTCAAACTTCGTTGGCTATATTGGAACAAGGCAAATATTCTGGTTGGGAAAATATTAAAAGTTGTATTAACCGTGTTCTAGAGGAGTTTTTAAAGATCGAAGATATTAATATCGATTTCTTCGAGAGGATTGGATTAAGGTATATAAATATAATAAATATACCTAAAATGAGCGAATATGACCTGAAAGAATACTTTACCTTTAGACCTTTATGGGATAACAACAAACTCCCAAGTTCCATAAAAGGATTTATTGTTGGAAGTGTTTTTAATTATGAAAACAATAGGGATTCCTGCAAGATTGAGCTAACTACCATTCCAGGGCAGAAAGAAAATCATATTTCTTTTAAGTTTGATCTTGATTACTATACTGGTAGTCCAAATTCAGTCGAGGTAACTAACGCTAAAGAATGGGTTGAATGTGCTCATAAAAACATCGAAGAAGCTTTTGAAGCATGTATAACTGATGAATTAAGGAATCTCTGGAGGTGAACCATGACACTTAGTCTAACAAAGCCAGAGCAATATAATCCTAACTCCAATTGGTCAGAAATTATAATGTCGAATCCGTTGCTTTCTTTCGAAAGAAAAATTTTGAATACATATGGAAACAAAGTTGAGGCATTTTACACCGATGAATTTTTTAAGAGGCCCACATATTCAAAAGTTAATCACATAGTAGCCTCTTTAAAATCATTAGAGGAGGATCTGGGCATCAAGCTATTGAAAGTCTCTGAAATTAAAGAATATTTTTTAAAGCATATCGACATGTGTGATTTGACTTATGAATTGTCGTACTATTTGTTGTCGCAGTTCACGAATTCTGCATGCCTTACTTTAGATTACTACAATGATAAAGAATATAATGATGAATATCTCTGTCTTTATATTTTTTCTAACAAAAGAAATCAAGAAATAATTGATATTATTTGGGATGCTTATAAAGCGTTTAAGAGAGAAATTAGCAGAGCTAGTGGTTGGATTCGAATAAGTAAAGATTTTGAGGGTGTTCATCATTGATGGGTTTTACATGGGATGAATTTCTTGAAATAGCGAAATTCTTAAAGCAACTCCATCCTAGTAACAATAATTATTCTGATGAATGCATAGTCAGAACAATTGTTGACAGGGCTTATTATAGTGCTTTTAATATAGCGAGAGACAAGGCTGTTAAAAAGGGCTATCAAAAGCAGGGCGCTAAAGACCATCGAAAATTACCAATTTTTTTTAGATCAAAAAGACCTGAAATCGCTGGTGCATTAGAAGAACTAAGAGATTTGAGAAATAATTGTAGTTATGAGATAAAATGGATTGACTCAAGATCAATTCTTGATGTGGAAGAGTATGTAATTTTGCAAGCAGAAAAGGTTTTAGATGAATTAAAGTAAAAATATTCATAGATTTAATTAAAATATATACAAATATGAAAATCACAATAACTTCGCCACTTGGCGAGGTTTCTTTTATTCTATATGGTATAATTTATTATACCATTTTGCATCATCTTCCTCTTTTCATGCTTCAATTTCTTGGGGGAGGGATCTGCGTAGGTAAAAAGCGCGCTGCAATTTATGCCAGGTATTCTTCTGACAATCAGCAAGAACTTTCAATTGAAGGGCAGCTTGATCAAATGCTTGAATTTTGCCAAAAACACGGATATGAAGTCGTAAAGCAGTATGCAGATAGGGGAATATCTGCTTTCTTGATTGAAAAACGTCATGACTTTCTCAAGCTTATAGAAGATGCAATGGAGGCTAAATTTGATACGTTATAGTCTGGAGCTATGACAGGGGCAGCATAAAAAATGCTATAAAACCCTATACTACAAAAAAGGCAAACCACACAAAGGAGGGTTACAGGGCTCATAGAAATCAAAGATATTGTACTCTAATTTCTCACAGAAAACGAAGAATGTCTACTTGGAAGAAGATATCTGAACAGGGGATCTTAACCTGTTTTAGGATACAGGGATATTTTTACAGCACTTTCTTGACAGAACCTCTCTGCAATTTCACACGAGTTCTAAGTCCTTTTCAACCAATGATCGATAGAGTTCTACACCTTTCCTGAAGGCTTCTTTGCTTAACTTACCAGTGGTAGTATAAACATTTGTGAGTTTTTCTGGAAGCGTTAGCTTATCGAAAGAAAACCCGTTATCCAGCTTAAATTTGTATTTGAGGCCATGAATTTTATGTCCAATTTCATCAATACTCTTCGAATTCCAGCCTTCAATTCCGACGCTCTTCAAAGCTTCAAGTACTGTTTCTTTATCATATATTTTTCTGGCGAATAGACAGCCTACCAAAGAATTGAAAACCATTCGCCAGATAGCTTCATTGTATAGAGAATTAATCTGTTCCTCAAAAGGGGCTGGATTACTCGCTATTTTTTGATCGATTGAATATCCCGCACTATCCAGGTGAGAGTGTCTTACGCCGGTGGCATACCCCAGAAAAGCATTTATACCTGTAACGTAGCCAGGTGCTTCATTTTTCCCGAAAACAATGGAATTTTCCGTTGCACCATATTTGCGAGCACAAAAATCTGCTCCTTTTTCGAGATCTGAGTAAAATTCATTTTCTGACCGAGCAATTTTGGTGAGTACCCTGAGATAAGTTTCACCATCGCCAAATTTCAGAACCTCTCCGAGCGTGTGCTTTTCACTTATTACTCCATGTTGGAAAGCATCTGTGGCCCAGGCGAGGGTCCCTCCCATGCTGATAGCGTCCCAGCCTTGTTTCTCAACAATTTGGAGGAGCTTAAGGATGGTTTCTGTAGAATCTATAGAGAGATTGGAACCCCATGAGAAGATCAATTCATGGTCATAAGATACTTTGATGGTTTTGTACATATGATGCTTTTTATCGAAAGCCTCTCTAAATGTGGCCATATGAATACAGCCTATTTGGCATCCCGCACAAGCTATTTGCTGTGCTAAGTGCTTTTCGGCAAACGCTTCACCCGAGATTTTATCAGCTCCTTCGAAGAAACCTTGAGAGAAATTGCGTGTTGGTAAGCCATTTATTATACTAAGTGGGACGACATTCATTGCAGTACCCAGATCATGATATTTGGCCATTGCCTCTGATTCCACTACTTGTTTGTATATTCTATGGTAGAGAGAGTTGTAGAGCTTTCTATCGATTAGTCTCCAATATTTATTTCCAGATATGATGAGTGCTTTAATGTTTTTCGATCCAAGGACACCACCAAGGCCAAGCCTTCCAAAATGCCTTGAAGAATCGACTATGGCACAAGCAA
NZ_CP011232.1_gap8	348072	349857	1785	CAACCATGCATAAAGATGTTCCTCCTATCGGAAAATTGGAGGGCATTGATCTCGTCACTGAAGGCATCCTTACCCTGAAGAAGGTTATTGAAATCTTCAAAATGTATGGTGTAGACCCCGAAAATATCCCCAACAGCAATGATGGTGCAAGTAAAATGGCAAGATTAATTGCAGAAAGTGATGAAATCAAACTGATGGTTGGACAACGTATAAATCCTTTTTACCAAAACCCATCGCTTCCTTTTGATATGTCAGTCAGGCACACTCTTGTTACCGAGTTAACTGAAATCCTCAGTAAAGAAGGCAAAATCGTTACAAAAGAGCATTTTTAGGAGGTGGCTCCATGAAAGTAAAAATTTGTGTGGGAACTATGTGTCATTTAATGGGTTCAAGTGAAGTACTATACATGGCTCACGAAATTGCTTCTAAAAGCAAGAATATTGAAATAGAAGCTTGTACCTGCCTTGATCACTGTCATCTCGGTAAGAAGCCGCCAATTGTAGAAATAGATGGGAAAGTTTATGAGGAAGTCACTCCAGAAATATTGAAAGAACTTTTGGAGGCGGTTAAATGAGAAATGTTATAACAACAGAACTCACAAAATTACGCAGGCTAGCGCTAATAAAACTATCTGAAAAAATCATAAATAAGAGTTATGGTGAAATCCCCAAGATTTCCAAAGAAATAATTTCCGAAGTAGGTTATCAATATGATCAGGATCTTTACAGAATAAAAGTCATGCTTGATGAAAGCATAAAAATATTTTTAGGAACAGATTATTCCAAGACAAAAGCATTAGAACTGTATGAGCTTCTACCGGAAATGGAAGCTGTACTATCAAATCAAAGTCAGCTGTGCCGGAAAGAGAAAAGCGGTATTATCAACATAATCAAAGAAATTTGTGATGGCTGTCCATTGCCCCAATATTATATTACTGACCTTTGTCGAAACTGCTCGGCAAAGTATTGTATAAATAGCTGTCCGAAGAAAGCAATAAGCATTGTTAATGGAAAGCCAAAGATAAACCCGGAGCTCTGTGTTGGATGTGGGTTGTGTGCCAAGAATTGCCCCTATGGTGCAATTCTCAAGACTCAAAGACCATGTATTTCAGCTTGTAAATTAGATGCAATTAGCTCTGATGAAAAAGGTTTAGTAGCGATAGATGAAAGCCAATGTGTTCAATGTGGTGAATGTGCAATTGCCTGCCCATTTGGTGCCATTGTTGAAACTTCCGCAATAGGACAGGTAATTTTTTCACTGATAAACAAGAAAAATATAGTAGCAATCTTCGCGCCGTCTTCCATCTCTCAGTTCGGCCCAAGAGTTACGTTGGGACAATTTAAAAGAGCGTTGAAAGAGTTAGGTTTCACTGATGCATATGAAGTGGCTCTTGGAGCAGACATGGTTGCAGAAGAAGAGGCTGAATATCTCGATGAGAACCTTGAAAATCTTCGTTTCATTACAACTTCCTGCTGTCCAGCGTTTAAGAATATGATTCTTAAAAAATTTCCCCATTTGAATAATCACATTTCACCATCATTGTCACCTATGAATATGCTCGCCAAAGAAATAAAGGACAAAGATCCCAATTTGAAAGTAGTTTTTATAGGTCCATGTATTGCGAAGAAATGGGAAGCCGATTTATACGAATATACCGACTATGTGCTTACTTTTGAAGAAATAGCTTCTATTTTCGCTGCTTTCAAGATTGAGCCTTCTAAAGTGGATGCTGAACTCTTAGATGACGCCACATCGGCGGGTAGAGGGTTCGCGGCATCTGGTGGC
NZ_CP011232.1_gap9	379944	384311	4367	AAGAAAGGCCATCTTCGTCTTACCATAAAGTGTTTGAACATAGCGGGCGAATTTCAATATATCTTCCCTCAGTTCCTCGAGTCTTGCTTCACCTTTTCTGGATATCATCTTTTAGCCTCCCGCCAAAGGCAAGCTTCTTCTTCATTACTCCGACGAAATCAAATTCTCTTGGCCTTAGCAGAGTGATAGTTTTTTTGGAAAGCGATACATTAATCCTGGCACCTTTTCTGAACTCACGACAAAGCGAACCATCGATATAACAATCTATACTATAACCTCTGTCATCAAGGATTCTGACGGTTGTGCTTCTTGTAGCGCTGACCACAACACTCCCTACGTAAGGATTGTGGGGGCTCAAAGGAGTCACCTGATAGACCTCTGAAATCGGATCTATAATAGCTCCTCCAGCTGCGAGGTTATAAGCGGTGGAACCTGTTGGAGTGGATATGATGATACCATCACCCGCAATATTGTACGGAGAAAATCCTTCTATTTCTACTCCCAGAGATATCGTCCTGCTTGGCCTTGAACGTTCCAGCACAAAGTCATTCAGGGCGTATTCAATACCAAATCCGGTGTTAATCTGAAGCAGTCTTCTCTTATCTGCAGTAAGCCCGGAGTTTCTGAACGCAGTGAGAGCCTCGTTTATCTGGTGAAGCTCGAACGCAGATAGAAATCCCACGCTCCCCACTTTGAAACTCAATATCGGAACAGAGCTCTCAAGAGCGTAGGGCACGGCTTTGAGTACTGTACCATCGCCCCCAAAGGTCATGACGACGTCAAATGTTTCCGATGAACAGCTTCGTCGATCAGAACAGATTATCAACTCAATATCATAATCTCTCAGGGTGCGTTCGATACTTTCCATATCCAGCGACGTTAACCTGTTGCTGTTGAAGAATACAACAGCCTTCAAAACAATCACCTCAGTCTGTGTGCCAGATCGAAGAGAGTTGCAATTAAAAATTGGTCGATGAATACGAGAAGCAAAATTGCTATAACGGGGCTTAAATCAACGCCTCCGACGACCAATCCTGGAAGTATTCGTTTGATCGGCTTCATGATAAAATCACTTAAAACCTGAAAAAATATTCTCACAGATGAGTAAACTCCCGGAGCGATCCAGCTGAATACCGTTGAAAGGATCACGGAAAACATCTCCAGTTCCACTACGATTCTTGCAATAACAGCCAAAGAATATATGAAATTCGAAAGCACAAACATTTCCCTTCTCCTCCCTACTACATCTCATCAAAAAGAGTGCCCGGACGGTTGGGTTTAAGTCCGAGGTGTCTGTATGCCTTTTCAGTGATAGCTCTTCCTCTATGGGTTCGAACAAGAAAACCTGCTTGAAGCAGATAAGGCTCATACACTTCGCTTATTGTCTCAGGTTCTACACCAACAGATGCGGCAATAGCTTTAAGACCGGCTGGTCCACCCTCATAGTTCTCGATAAGCACTCTCAGTATCTTCCTGTCCATATCATCAAGGCCTTCATTGTCAATCCCCATGACTTTCATAGCCCTGGATACCATTCCTGCGGTGATTTTGTTCGAACCGTCTACTGTGGCGAAGTCCCTTACACGCCTGAGCAAACGATTTGCAATTCTCGGGGTGCCCCTTGACCTCATTGCAAGAAGTCTTGCAGCTTCTGCTTCGATCTCAACTTCAAGGAGTCTCGCGGATCTATTTATTATTTCCTCGAGTTCTTCTGTCCTGTAGAACTCCATCTCAAGAACCATGCCAAACCTGTTTCGCAAAGGTGCACCTATCAAACCTGACCTCGTTGTGGCGCCCACAAGGGTGAAGGGATTCAGATCGAGCCGTATCGAGCGAGCACTGGGCCCTTTGCCTATCATAATATCCAGTTGAAAATCTTCCATGGCCGAATAGAGTATTTCTTCTATCGCGCGGCCAAGCCTGTGAATTTCGTCAATGAAGAGGACATCGCCACGCTCAAGACCCGTCAATATGGCCGCAAGATCACCCTGTTTCTCGATAACGGGGCCACTGGTGATGTAGATATTTGTTCCCATCTCATTGGCAATTATGTGGGACAAGGTCGTCTTTCCCAGCCCCGGCGGACCTGCGAGTAATACATGATCTAAAGGCTCTCGCCTTACTTTCGCCGCTTCGATCGCGATCTGGAGCCTTTCCTTGACATTTTTCTGGCCAATGTATTCCTCAAGGCGACCGGGCCTGAGGCTTCTGATTATGTAGTCCTCTTTTAGCTCTCCCGGTGAAAGAAAGCGTTCCCTATCCAGCTCCACAACACTCACCTATGGATGAATCCTGTAAAGGGTTCTTGCAAAGGGTATCGCTTCCCTCACGTGTTCGAGGCCACATATCCAGGCTACCACACGTTCAACGCCCATACCAAAGCCGCTGTGAGGAACGGTACCGAACTCTCTTAGATCCAGGTACCAGTCATAGGAGTTAACATCAAGATCGAATTCCTTGATTCTCTGAATGAGCACCTCTTTTTGCCAGATCCTCTCTGAAGCACCGATGATCTCTCCATAACCTTCGGGAGCAAGCATATCGTCACAAAGTACGACGTCTGGATTTTCTGGGTCGGGTTGCATATAGAAGGCCTTCATCTTTCTCGGATACCTTTCAACAATGACAGGCTTATCGAATTCCTCTGCAATAGCTGTTTCCTCGTCGCCGCCGATATCGTCACCCCACGAAACATTGAAGCCCTTTTTCTGAAGAAGCTTGATCGCATCGGTGTATGTAATTCTCGGGAAAGGCGCGACGACCTTTTCTAATTTTGATGTGTCCCTGCCCAAAGCCCTCAGATGTTCACCAGCATTTTCAAGAGTTTTCTGCACTACGTAGGACACCAGTTCTTCCTGTAACCTGATATTATCTTCATGTTGGTAGTAGGCGACTTCTGCTTCATTCATCCAGAATTCAATCAGGTGTCTGCGCGTCTTGGACTTCTCTGCTCTGAAGGTGGGACCGAGATTGTAAACTTTACCGAGAGCCATACAGGCGGCTTCCAGGTAAAGCTGTCCCGTCTGTGCCAGATATGCTTTGCCATAATCAAAGTAATCGAGTTCGAAGAGGTTACCCGCACTTTCACCTATTGATCCGGTAAATATTGGGGTGTCCACAAGGACAAATTCCCTCTCGTTGTAAAAATCTCTTATGGCCTTTATGATCTCATGACGGGCTTTTAGTATGTGGAATTGCCGCTGTGTACGGAGCCAGAGATGTCGGTGATCCATTAGGAAGTCTATACCATGGTCTGGCTTGTTTATCGGGAACTCCTTTTCGGGTACATGGATTATTTCTATCTCTTTGACCAAAATCTCAACGCCTCCTGGCGCGCGTTCTTCTTCTCTCACAGTACCCCTGACTATTATGCTTGACTCCATCTTTAATTTCTTCGCGAGGTTAAAAACTTCTTCTGGCACCGAGGACTTTTCCACAATGCCCTGCACAAAGCCTGTTCCATCTCTTAAAAACAGAAAATGAATCTTTCCACTGGATCTTTTCCGGCGCAACCATCCTCTTATCTCAACATCTTTACCGGCATATTCTTTTAGCTTCGATATATAAATCCAGTCCATTCAAACACCTCCAGCCTTCTCATCTTCTAAACGATTATATCAAAAAAAGAAAACCCGGGGCTCCTGCCCCGGGATTAATTCAAATTCGCTATCAGTTACTCGGGAAAAATGTCAAAACAACCGCTGCAATACCAAGAATGACTCCAACTATCCCAACGTATAGCGCTGTGACAGCATTATCGTTGGCATGTCGCACACTTTCCTGTGTGGGTACCTGTAATTTGAAGTCGTTGAATTTCGTTTCAATATCGGACACTTTCGCGGTAAGAATCTCTGTTTCACTCGCCATTTTTGTGAGAGTAACGTGATCTTGCTGAACGGTGTTTTTAACATCCGCAAAAGCGACTTCTATGGCGCCCACTTTGTCCTGTAGCTTTGTCACATCCACCATCAGGTTTTCGAAGTAGACAAAATCTTCGCCGAGTTTGTCATTGATTTTTTTCTCCAAAGCACTGAAAGCTTCATCAAAAGTTCCTATTTTCCCCTCAAGAGCATCAAGCCTTTCAAGGCTGGAAGCACTGTAATCATCGTAAGAAGCTTTCAAAGCATCAAAAGAACTTTTGAGGTTCAATAGGTCAGCTGAGACTTTTGAGTAATTTATTTGCAAACCGGAGACATCGTTCTTCAAGTTCTCGACATCGTCAAGCCTGTTGCTCATGACGTTTATCATTTTGGCAAGTTCATCATATCTTTCATTGGCAAAGTTTCTCACTTCGTTCAGACCCGATTCGAGTTCATCGGTTTTTTTGCTAAACTCTTCTTTTGCTTTCGTCAATTCGTCTATACCTA
NZ_CP011232.1_gap10	385818	386598	780	ATGAATCCTCAGAAGAGCTACGATTGAAATACCGTTATCTCGACTTAAGGCGTCCAAAAATGCAGCGTAATTTAATCCTACGCCACAAAGTCGTTCAGGCTATCAGGCGGTTTCTGAACAATCTGGATTTTCTGGAAATCGAGACTCCAGTGCTCACAAAATCCACACCTGAGGGTGCAAGGGACTTTCTGGTTCCTTCAAGGTTAAAACCGGGAAAATTCTATGCTCTTCCACAATCGCCACAGCTTTTCAAGCAACTCCTGATGGTCGCAGGCCTGGATCGTTACTATCAGATAGTAAAATGCTATAGAGACGAGGATTTCAGGGCTGACCGTCAACCTGAGTTTACACAGGTAGACCTCGAGATGTCCTTCGTGGACGAAGAGGATGTCTTTGAAGTGGTAGAGGGGATGCTTAAAGCGGCCTTAGAAGAAGCAACTGGAATAGAGCTACCAGATAAATTTGATAGAATGACATATGATGAAGCCATAGATCAGTATGGTAGTGACAGACCCGACAGAAGATATGGAATGGAGCTCCACGATATAACCGATATCTTCAAGTCCACGGGATTCAGAGTGATTTCGAGTTCGATTGAAACCGGGGGTGTTGTCAGGGCATTCAAAATTCAGGGACTGGCGAGCAGATTCACCCGTAAGCTGATAGATCAATATACTGAACTTGCTAAATCTCAGGGACTTGGTGGACTCATCTGGATAAAGATCGAAAATGAATTGAAATCTTCAATTTTGAAGTTTTGTGGCGAAGAGGTGCAATCAG
NZ_CP011232.1_gap11	389976	390737	761	AGATGTAGTCAAAGAGGGTGATACCGTTTCTGTTCAGGTAATATCTCTCGATAAAGAAAATCGTAGAATGAGATTGAGTCTTAAGAAAGCCACCGAAGATCCATGGAAAAGGGTAGCTGAAGAATTGAAAGTCGGCGATTATGTTTCTGGAACAATCACTCGTACGATAAAATCAGGAGCAATAGTACTTGTTGACGATTACAATGTAGAGGCCTTTCTTCCTGTATCTCAGGTTTCAGACAAAAAGGTCGAGAATATCGAAGATGCTATAAATCCGGGACTGAAGCAGAATTTTAAGATAATCCGCCTCGTTTACGAACCAGAAAACGACTCCAGAAATATGGTGGTATCCATAAGACAGTACTTGAAAGACATAGAAAAGAGGGAAACTGAAGAAGCCCTCAAAGAGCTATCTTCAGAAGATACGAGTACCCTTTCTCTTGGAGACAAGCTTAAAGAACATCTTGAGAAAGAGGATACCTCTGAGTAAAATAGGAGGAATTCAATAGTGGCAACAGTTCTCATAGTTGGACGTCCAAATGTTGGAAAATCAACGTTGTTTAATCGTCTAGTTGGCGGAAGAAGAGTGATTGTTGACGATCTCCCGGGTGTAACCCGGGACTTCGTCTTTGGAAGGGTGGAATGGCAACAGAAGGCCTTTGAAGCTGTAGATACCTGTGGTCTTTTTGACAACCCGAAAGATATAGTCGAAGAAAAGATGAAAGAGGTTACTCTCGACATCATAGACGATGGGGACTTGA
NZ_CP011232.1_gap12	397434	400095	2661	TCTTTGGCTTCGTTTATAATCTTTTCTGCTTGCTTTTCAGCACTTGCTATAATCTGAGAAGCTTTCTCATGTGCTGTTTCGAGTTCTTCGCGGTGCTTTTCTCTGTATTCCTCGGCTTCCAGCCTTAACTTCTCGGCTTTTTCTATTTCGTTCTTAATCATTTCCTGCCTTTTCCCGACTATATCAAAGAATCTATCAAAAAGAAGTTTCTTCAATACAAAGAAAAGGACCAGGAAGTTCAGGAGTTGTATGAGCGATGTAAGGTTAAGTTCTATCATTTCTTTACCCCCTTCTTTCGGGGTGGGTGGATTAACCCACCAGCAGTATCATGAATGCGATGACCAGTGAGTAAAGCCCTGTTGACTCAGTAACGGCCATTGCGAGCAACATTCTTGTGGTGAGAGTTCCAATAAGTTCTGGCTGCCTTGCCATTGCTTCCATTGCCTTGGCACCAATGTTACCTTCACCGACACCCGGACCAATAGCTCCAATACCCATTGCCAGTCCAGCGCCAATGAATTTTCCAAGCTGTACCAATGCATCTCCAAGTTCCATACACAGACCTCCTTATAAACAAAATTATTCTATTACAGAACCTATATAAGCAATTGCGAGGATAGTAAACACGAGTGCCTGAATACTACCTACAAAAATCCCGAAAAATCCCCAGAGGAATGTGGGCATCAGAAAGTATTTAACGAGGTAACTGATGATTAGAACCAACAATCCCCCACCCATGATATTTCCAAAAAGCCTTAGTGAGTGGGAAACAGGTTTTGCAAGCTCACCGATAACATTCATGGGAAACATGATGGGATTGGGTTCGAAAAAACCTTTTACCCACTGTCCAAATCCTTTGGCCTTTATCGCAAAAACATGGCTGATTATCAGCACCATCACCGCAAAAGTAGCGTTCGTATTCAGATCAGAAGTTGGTGTGTACCACGTGTCTTCAAATATCGTAAAGATTACCCCATTGTTTCTTGGAACAGCTTGAATTCCAGGAATACCACTTATTATATTCGAAACAAATATAAACAGAAAAAGAGTCGCAGCGATATTAAACGTAGGACGTACGAATTCTTCTTTTGGAACCGCGTCTTTGGTCAAATCCAGAATATAGTCGAGAAGCATTTCAATCAAACTTTGCTTTTTCCCGGGGATGATTGTAAAAACCTTTATTGAAGAGGCAAAAGCTATCAAACCCACCATAATAGCCCAGCTCATAAACACAGTCATCGGGTTTACTCTGTTCAACGGTGGGGTACCAAAAGGGAGCTGGTAGATCCATCTCTGTCCCACACTTTCATCGAGTTTTGGAAACTGGTAGCCCGTGACGATGATATAGGTGAAAATTGCAATGTAACCTGCAACAATGATTCCCAGAAATACTTTATCAGATTTAGTGAGCTGTATTTTCACTCAACCACCTCCCAAAAATGAAAAGCGAAAACTTAAGGTTGAGCAGCCCCAAAACCGCTCCGAAAAAAAACACTTTTCCGTAAATCATAGCTGTACCCAATCCAATCGCATACAGAAAATATCTTAACAGGAAACCAAATCTAAATAAAGCCCCTCTTTTTTCCAGAACTTTTACATCCTTCACCATCAGCCACCAGCCAGTAATCGAAAACGCCGTTCCATAAAGGATTCCAAGCACATCTTCGTTCATAAATGGAAAAAACAATACCAGTTCAACTAGAGCAAGAATCATCAGAGCCACCGTTTCTTTTATCGCCACTCTTGTTATTTCTTTCATACTTTTCAGCTTCTTTCAGCAAATATCTGATTCCCTGATACAGTCCCGAAAAGATTCCGAGCATAAAAAAAAGGACGAGCCAGATTTTTCCTAGATTTGCGTATTTTACCAACAAGTATCCTATCAATCCACCGACAAAAACATTGGATATGACCACAATCCCGAACTGGAAAACCATGTTCAACATACCAAACTGTTTAAAACCAAATTTCTTTTCCTTCATTCACTTCACGCCCAATAGTTAGCGACACTGATATCCACTTTCAAAGGGACTCTCAGTTCGAGGATTTCAGTCATACCCTTATGGAGTATATCACAGATTTTTTTGACTTCTGTTTCTGGAACTTCAAAAACAAGTTCGTCGTGTACCTGTAAGATTGCAAACCCTTTAAGTCCCGCTTCTTTGACAAGTTCATCTACTCTAATCATTGCGAGTTTCATGATATCAGCAGCGGTTCCCTGTATGGGTGTATTAATGGCGATCCTCTCTCCTTCCTGTATGCGTGTCTTATTTTTTGTACGAAAGTGCGGTATCTCCCTTCTCCTACCGAAAAGAGTGGTTACATAGCCCTTTGCTTTGGCTCCTTCAATGGTTTCATGTATATATTTTCTTACACCTGGATAAGCGTTAAAATAATTAGAGATCATATTTTCGGCGATTTTCGACGGTATTTTTAGCCTTCTTGCGAGGCCATAGGAAGAAACACCATATATGATGGCAAAATTTACCATCTTACCTACTTTCCTCATTTCTTCAGTTACAGAATCTACAGTTATACCATAGAGTCTCGAAGCTGTAAGAGCATGTATATCTTCTTCGTGCTTGAAGGCTTCAATGAGTTGTTCGTCGCCGCTGCAATGTGCGAGAACCCTGAGTTCTATCTGAGAGTAATCAGCGCTAA
NZ_CP011232.1_gap13	464946	468065	3119	TTCTACGAGAACGCCCTCATAGAAACTATGATGATACAGTCAAGAGCAGAATCCGATGTGGCCATCAGAACCGAGATCAATGAAGACGTACAAAGGGTTCTCGCAATCGATGTTCCATATGTACCTCTCTGGCAAGGAAAACAATACTGTGTCACCTATCCGTACGTCAAAGGCGTCGTTCTCGAACCGTCTCAGATCTTCAGATATTACCTCCTCTATACCGAGGAATAACGTAGCAAGCCGGGTCGGAAGACCCGGCAGTTTTAAATAACCAGACAGGAGGTGCTTCCGTGTCGCTAAAGTGGTACATACTCACCAGAATCCTTCTGGCAATCCCCATGTTTTTCATCCTTCTACTTCTTATCTTTGTTGTTTTACGTATCCTCCCGGGAGACCCGGTACTCTCCATGCTTGGTGGTAAAGCGCCAATGTCCGTTATTGAAGCTAAGCGGCACGAGTTGGGATATGATAGACCTTTACTCAATCAATTTGGTGATTACCTTCTGGGTGTCCTCAAAGGCGATCTCGGCAGATCGGCGCTAACAAAAAGGCCCATTGCTGACGAAATTGCAGATAAATTACCTGCGACCATTGAACTAACGATTTTTGGATTTATAATAGCTCTGGTCATAGGAATTTTCTGGGGAGCTGAAGCAACAAAGAGACATGGTGGAATATTGGACGTGACCGGAAGGGTCTACGCAATATTCATTTATTCCATTCCGGTGTTCTGGTTGGGTATGCTCTTTCAGTGGCTCTTTGGCGTGAAGTTGAAGTGGCTCCCCATTGCAGGAAGAATTTCACCACTCATAAAGCCCGAAAAAATCACAGGAATGTACATCTTTGATGCTCTCTTCACCTGGAATTTGCCTGCTTTAAAGGACGCGAGTCTACATATTATCTTACCAAGCGTTGCTCTCGGACTCATCATCTCCAGTGTTTTTTTACGCATGGTGCGAGGTAATATGGTGCTAATGTTATCACAAGACTTTGTAAAAGCCGCAAGAGCCAGAGGAATCAAAGAAAACAGTGTCATATACCGTCACGCTCTTAAGAATGCATTTGTACCCATCATGACAGTAATGGGGCTCCAGTTTGCCGCACTGATGGCCGGGGCTGTTTTGACGGAAACAACCTTTTCTTGGCCAGGTATCGGTTCATACCTCATCGAGAAGATAAGGTATAGAGATTTTCCGGCAATTCAGGGAACTATTGCAGTGTACGCTATTATAGTCGTTGCCATAAGTATCATCGTTGACATAATGAATGCCCTGGTCGACCCAAGGGTCAGGTATTGAGGTGATAGCATGCAGGAGTGGAGCTTATCATACAAGTTAGGTAAAGGTCTGCGGAGACTTTTCAAAGATAAATCCGGTGTAATGGCTTTTGTAGGTCTGGCAATCCTCCTGACTTACTTATTTATGGCCATATTCGCTCCATATTTAGCACCTTATGACCCTGTAAAGCGCTCCGGACGAGCCTTTTCAGCACCATCTAAAGAACATTGGTTTGGCACCACTAATCTCGGTTATGATGTTCTAAGCAGAATTATTTACGGCGCAAAAATTGCCCTAAAGATAGCCTTTCTTGCCGTTGCTGTTGCTGCAGCAGTGGGTATCCCACTTGGTCTCATTTCCGGTTATGTGGGTGGTGCTTTTGACAGAATACTCAGTATGTTTATGGATGCGATCTATTCTTTCCCTGGACTGATACTCGCCATCGCGATAGCCGCTGTCCTTGGCCCTGGGGTAATTAACGTTGCACTATCCATAGCAGTTATATACGCCCCAACGTATTTCAGGGTAATCAGAAACCAGGTAGCTTCCCTGAAGGACCAGCTTTTCGTCGAGGCTGCCAGAGCTATGGGAGCGAGGAATTTTACAATTCTGGGTAAATATATATTACCGAACGTTCTCCCATCTGTGATAGTAGTACTTTCAATGAACCTGGCTGATGCCATCATGACCGAAGCTGGGTTGAGCTTCCTTGGCCTTGGAATCTCTCCACCCACTCCCGACTGGGGGTACGACCTTTCCAATGGGCAGAGATTCCTGCTTCTAAACTACTGGTGGATGATCCTCTTCCCGGGTCTCGCGATAATTACCATAGTACTTGGGTTCAGTCTTTTCAGCGAAGGGCTGAATGAGTTTCTTAATCCCAATGTAGGCGAGACCAGGAGGTGATAATTGATGTTGTTACAACTCGAAGACCTTACGGTAAGCTATAAAACACGCGAGGGCAGAGTGTTGGCTGTTGAAAATGTCAGTCTCCCCCTAGAAGAAAAAGAAACACTCGGTCTGGTGGGAGAATCGGGTTGTGGTAAATCCACTATGGGTGGTGCTATTCTGGGAATTCTACCAAGAGAAACGAAGATAACAGGGAAGGCGCTCTTTAGTGGAATCGATCTCATTTCAATGCCAAGCAAGAGGTTACGACAGATAAGGGGTAAGGAGATCTCAATGATATTTCAGGATCCCATGACTTCTCTGAATCCCGTTATGAAGCTGAAGGATCATTTTCTCGAAACGATAAACACCCACACCGATATTTCAAAAGAAGAAGCCCTCGCCTTGTCAGAGCGAGCTTTACAGGAAGTCGGTATCTCTTCCAACAGGTTGAACGATTACCCTTTCCAGCTCAGTGGCGGTATGCGCCAGAGGGTGATGATAGCCCTCTCACTGGTTCTCAATCCGAAGCTCGTCATTGCTGACGAACCAACGACGAGCCTCGATGTCATAGTACAGGCCCAGATCCTTCAACTACTGAAAGGCCTTCAGAACAAGTTCAAGATGGCAATGATCCTTATTACACATGATCTTGGTGTTGTGGCTGAGGCAGCCGATAACATCGGGGTTATGTATGGTGGACATCTTGTGGAGTACGCTTCAAAAAGAAAGGTTTATAAAGATCCACTACACCCTTATACAAAAGATCTCTTGGCATCGGTTCCGAACACTAAAATTGAGGACAGGGAATTGAGGTTTATCCCGGGATACCCCCCAAATTTGATGAATCCTCCAAGGGGATGTCGGTATGCGGACAGATGCAGTAAAGCAATGAAGATTTGTTCTGAAAAAACTCCGCCTAATGTCCAGACTGACGACGGGAGGCTGGTAAAG
NZ_CP011232.1_gap14	472104	475495	3391	CTTTAACGGTCCCTTTTTCCCCAATGAAGATGAAGATCCACCGACCTTTGAACCAGGCCTTTACATAGCCCGATGTGACTTCACCACTCAATTCTCCATAAACTGCTGGGATAGCACTCAGTATCGTTTTCAACTCACCAAAATTGTATCTACCCCATTCATACCAGAATGAAGTCGACTTTGTAGCACTTTCAAACTTTATCACATAGATTTTGAGAGATTCGGTACCTTTTGCCAGCTTGATCCTGAGTGTGACTCCTTTATCCACAATCAAACCATCCACTTCTCCTCCGAGTTCCACTCGGGACGAAACAGTCATGAAACCTTTAAGAGTGAAACCAGCAAAATTTCCCGGCGAAAATTCTCTCTTGGTGCCGACGCATGAGATTAAAAGCATAGCGACAAGGATTATTAAAAACAACAGTTTGACTTTATTCATATAATCCTCCTTTCGTGGAGGTTATTAGGCACCCCAACTTCAGTTTTTTATAGAAAGTATCAGCCGGCTCAATGAGTTTCAAACCAATACTTGCCTCCAGCTTCTTGTAATATTCACTATATGAAATGCCGGTTCCCGGTTCTACAATGTCTGGCGCGATTTCTAAAAGGGGAACGAGGACAAAAGATCTGTTTTTCATATCATAATGGGGGATAGTTAATCTCTTTGAGTTGTAAATCATAGTGCCAAACAATAGTACATCAATATCAATGGTTCTTGGCCCCCAGTGGATTTCACGAGTTCTGAGAAGTTTTTGCTCAATTCCCATTGTAGTGTCAAGGAGTTCTTCGGGAGTTCCACGATATTCAAAGCTACCGACACAATTTAAGAAGGCGGATTGTTCAATGAATCCATACGGTTCACTTTCATAAACACTGGAAACGTTCAGCAGTTTTATTCCTGCTTTCTCAAGGGAACAAATTGCGGCTGAAATGTATCCGAGCCTGTCTCCAAGGTTACTTCCAAATGCGAGATAAATCTTCTGCATTTTCTATCATCTTCCTCACCCTCCAGGCCTTCTCTTTCAACATTCGTAGTGCTGGTTCGCTGATCCCTCCATTCCACCAGTAAGGTAGTAGAGAATTGTCCAGCATCAGAGGATCAATATCTTCTGGTAGACTCCCTTCATTCACGAGCCTTTGCCATTGAGGTGTACCGGGGATTGGAGTGAACTCGTTGATCACGGGTATAATCCCCAGCTCATCACACTTATTTATGGCTTGTTCCACATCTTCGACTCTCTGTCCAGGAAGGTTGGCTATGATATAAGCACTCACTTCTTTTCCCGAAAAACCAGCGTTTTTTAGGTATGAGACGGCTCTTTCCAGATCTAGATTTGTAACTTTTCCACCTGTTTTCTTCTGGAGTTCTGCATTTGAGGTTTCATATCCGAGCCTAATCGTCTTGAAGTTCACTTTCTTCATCAAATAGGCGGTCTCTTCATCGATAAACCTTGCATGCAATCCATTTGGAAGGTGAAATCTCAAAGGCAAATTCTTTCCTGCGAGAATTTTCAGTAATTCTTTGAATTCACTTCCTATCAATATTGCATCGTCAAAAAAGACAATATCTTCAATATGTCTCTCACTATATACCTTTTCGATTATATTGACAATTCTTTCTGGGGTACATCGTTTAAAAGCTGGCCACAACTTCCAGCTAAAACAATAATCACATCTGAAAGGACAACCTGTGCTTGTAATAAGAACCACATAACTCAATCTCTCATAATGGGAATAGTCCGGTTCAAGCTCTTCCAGAAAATTTTCATTTAAGTTTGCCTTCATCCCAAGAAATTCAAGTGCGCTAACCAGAGGAGTGATCCCAGTTCCAGGAGCAACGAGATCCGCTCCCGAATGCAATGCGGCATGTTTGGGCAAGATTGAAGTGTATACACCACCGAGTACAATAGGTCTATCCGGAAGCTCTTCTCTTATCACCCTTATAGTGTCGCTGACGCCATAGTACCAATAGGTCATCATCGAGGTGACAAAAATGGCGTCTACATCGATATGCCTCCTCAATTTTCTTCTAAATAATTCTTCGGGAAGTCCGTACCTTTTGAACTTTCTTGGTATGCTCTTCATTACGGGAGGCTTCTCAATCTCAACACTGTAAAAATTGCCTGTGCCGTAATATCTATCCTTTACTTGCTTGCCAAGAAACGCTTCCAGTTCTGGGTCGTGACGATAGAGCAGGTCTATAAGATATGTTTCAATTCCCGCTTCTTTAAGAATCGATGATATATATAAAAGTCCCAAGGGCTTCAACCAAAAGTCATATGCTGCGACATCTTCTATCCAAGGATTAATCAGAAGTACCTTTTTCAATTCTTCTCACCCGCTCACAATATTCCAGGATCCCCTTTAACGTCAATTCAGTATCAACCGTATCAAAAAATCCTTCATTGATGTCAAAAAGCTTTGCGTATCCACCTGTGGCGATTACCACCGGCTCGTTGGAATATCGTTTCTTTATGCTATCGACGATGTTTTTTAACCCAAAGAATGTTGCATTGACTATCCCGATTCTTATGTTATCAGCTGTATTTCTTCCGATTGGATCTTTCACAAAATATAGTTCTACCTGCGGAAGCTTTGCCGTACCAGAGAATAAAGCTTTCATAGAAATTGGTGGTCCCGGTAGAATTGCTCCTCCAAGAAATGCCCCTTCTTTAAGCACATCTATCGTTATAGCGGTGCCGATATCGATGACTATAGCGTTATCTCCGTAGTATACTTTACCCCCCAGCACATTGGCGACTCTGTCTGCCCCGATTTCTGGAGGGAAATCAACATCCCATTTTACGCCGAGATCATCGCGCGCCGAGACAAACAACGGATCGATACCAATGTACTTCTTCCCAAAATACCTGAATGAATTGTTTATCGATGGTACAACCGATGCTACACACATGTCTTGAAGTTCCTCAAGGGTATGTCCATATCTATCTAAAAACTCTCTGACTATTATGTATATCTCGTCTTCCGTCCCCAATCTTTTGGTGGAAACGCGCCACTTGCCTTTGAGATCGTTTTTGGTCCATAAGCCAAAAACTGTATTGGTGTTCCCCACATCGACAAGAAGTTGCACCTGAATCCCTCCCGCTAAATGTTAACACCTTTTTATATACGCTTCCACGCATTAATATTACAAGTACAAAAAAACGCCACATTGTGGCGTTTCTCAAATGCGAGGAGGCCATAGTACTGGCTTCAATTTTTTCTTGTTCCTGTCTTTATCAATGAGTGCGAGCTGGAATGGAAGCGTGAATTTCAAGAACCCCAGCACATTTTTGACCTTTGTGAGCTCGTTATCTTCAGCAAAGTTGAGCAACATGATCCCGTGTTTCCACGCCATATTATGAATAGCTTTCACAAGCCTTTTACCGTG
NZ_CP011232.1_gap15	482965	485502	2537	TCAGATCAAAACACTACAACACACGAAAGATCAACCTCCTCAGAGTTGGTGGATTCTACGATTACAACTACGGAATAGAGGTCGGTTATACCTTTGGAAAATTCTCTCTTTTCGGAAGATACAACTACATTGACTACTATTCAGAGCACCAATACGGTAGCTTAATTGCATATGATGATAAAAACCTAGCTTTTGGACTCTACCTCATGAAGAAAGGAACAGTGTACGATCTATCAGCGGACGGAATTTACAACTTTTCACTTGGTCCGGTGAACGGCAAGTTTTTCGGGGCAATTGCAGCGTATGGAGCCTATCCCTTTATAGCACTACCGACTTATCTCGTTGGCGGTTTATTTAACTGGAACAGACTTGATATAGGAATCCAGTTTGCTCAACAGGGATCCTGGAGCATTGATTACGATTTCGGAGACCCAAACAAAGGAGCTTCATGGGTATTAAACACTTACCTCAATTACAACTTCACCTCAAAGATATCTGCAGGAGTGTTCTTCGATCAAAACTCTTCCGGTATGAACTATGGTACAAAGCTCAATTTTGCAGGCTTAGAGATAGTCATTTCAAACAGCGACTATGATGGTGGAATGACTGGAATTCAGAGACTGGAGCTGAGCTATTCAAACTATTTCTCGATAGACATCGAAAAAGCTGTAACAGCCCTCATCAAAACAGCCAGGAAATTTCCGAAGATTTCTGAAATAAGGGAATCTACACAAATTGGAGATAACGTTACAATAAGGGGCGTTGTTGCTGCTGATACCGACCTTCTAGGAAATAATGTCACATACGTGGTAGATGAGACAGGTGGATATATGATTTGGGGACGTAATGCTGCTGGACTGAAAGCAGGAGACGAAGTGATAATTTCCGGCTATACGAAGGAGTACTACGGTATAGTCGAGATCGTTGTTGACAGTGTAGACAGGATAGCTTCTGGAAAGAAGGTTCCTGTTATCACACCGAAGGTCATAGATATATTTAGCGGAAAGTATGAATCTGCGTTTGTTAAAGTAACTGGAAAGGTTATCGAAACGAGTAAGTACTCTATCGTAATCAGAGACGACACAGCAAACATAAAGATATATGCAAAGAAGGGTACAAATGTCTCCTTTGAGAATGTTTCTTTTGGTGATATTGTTACTGTTTATGGCATCGTTTCACAATTTCAGGGTGAATGGGAGATAATCCCGCGCTCTCAATCAGACGTAGTCTTTTAAGACCGGAGTTGATAGTCATTGGTTTTCATTAAACGCGGCCCCTATTTGATTGTATCCCTACTGGCTATACTCTTTGTGCTTGGTGCCTGCAGTTTATATCTGACGGGCGCAACGGTTTCGGTATTGAGTATCACAGATGGCGATACCATCCGAATACTGTACGATTACGATAGAGACGGATATCCCGAAAATATACCGTTAAGGTATATAGGTGTTGATACCCCAGAACTGCACGAAAATTCCAAACCTATGGGTGAATTTGGTGAGGAAGCATATCAATTCAATAAACAGTTGATTGAAGACTCGGGGTACGTAATCAGAATTGAGCCACATGGGTTCGACAGTTTTGGAAGAATATTAGCTTTCTTATACACAGAGAACGGTAAATTCATCAACGAAGAATTGATCAGAAATGGACTGGCCAGACCTCTCACATATGAAAATACAGCCCAGCATTCCATGGACTTCAAAGAAGCGTATTACGAAGCATATAATAATAGACGGGGAATTTTTTCATTGTATGATACCGCACCAGTCGTGGACGCTTCTGAGGTTAGGAACGATCTCAAATCTTTTGTGGATGGGGGATATCTTGGTAAGATTATCTGGCTAAAATTTTACGTTACTGATGCCTCGAAGTACATTCTGGAAGGAAACGATGCCATAGTAGAAATCCGCAAGGAAGAGGCGAATCTGTTCTTCGATGGAGATCCAGAATTTGAAAGTTACCTACACAAGACAGTCAAAGTATTCGGTGAAATCTGGGAAAATAAAGAAGATGGGAAACCGAAAATATTATTACGAGCTCCTTTTGAGCTCAAGATCATTAACTAGGGGGTGCAGGTTTATGAAGAAAGTTCTTCTTCCATTGTTGATAGCATCACTGGTGTTAGTGCTTGCAGGTTGTCCCGGATGGTTCGATTGGTTTAAATCCACGGTGATGAGTATCCCAGAAATTATTCAGTGGATTGAAGACAACGACGCCACTTCAACCGGCAATTTTCTTGTAGAGACTGAAGGTATTATAACCTACGCTTACAGTTACTATGCTTACGTAGTTGACGAAAACAACAACGGCATCAAGATCGAAACGGATTCCAGCAAATTCGACATGGATGACGACTTCAGCCCGCAAGATAGAATTCGTATAGTGGGCTCACCCTATAGAAAGGATTATTCGGACGCATTCGAATACAGAATCGACACGGATGTAGCGAGTGGAATGGTAGAACTAATCGAATCCAATGTTGACTTACCCGATCCTGTTATTTTGTCTGCCGGTGCTACTTTGACTTCTGACCT
NZ_CP011232.1_gap16	503514	505239	1725	CAATAATTGGTAGAGAAATTGAGCGCCAGAGGTTGATGGAAGTGCTCTCACGTAGAAAGAAGAACAATCCTGTTTTAATTGGCGATCCAGGAGTGGGGAAGACCGCCATTGTGGAAGGCCTGGCTCAAATGATCGTGAACGATGAAGTACCTGAAAACCTAAGGGGAAAAGTGATATTTGCCCTTGATGTTGCCGCTCTCATCGCTGGCACGAAATATAGAGGGGAATTCGAAAAACGTTTGAAGAAGCTCATTAATGTTATAAGAGACAACAGAGACATAATTCTGTTTATAGATGAACTTCATACAATAGTGGGCGCAGGTTCTGCTGAAGGCGCTGTCGATGCAGCAAATATTCTGAAACCAGCGTTAGCCAGTGGTGAAATACGCTGTATTGGTTCGACTACTCCGGATGAATATAGAAAATATATTGAGAAAGATGCAGCTCTTGAGCGTCGTTTCCAAAAAATCTATGTAAGCGAACCAACAGTTGAGCAAACGATTGATATCCTCAAAGGTATACGTCACAAATACGAAGCTCACCATAAGGTGCATTATTCGGATAAGGCTCTGGAGGCAGCTGTTGTACTCTCACATAGATATGTCAGCGACAGATTCCTGCCTGATAAAGCCATAGATATCATCGATGAAATCGGATCCAGAGCCAGGTTGAAAAAACTTACACTCCCTGAAAGACTCAAAATGATGCAAAAAGAACTCGAGCAATTGCGTATGGAACGTGAAAAGGCTGCAACCGAGCAGGATTACGAAGTTGCTGCCACTTTGAAACAAAAAGAAAAGGAGCTCTATGAGTTCTATAAAGAAGAATACTCAAAGTGGCGCGAAAAAGTTGATTCTGAATTCGTCGAAATTGGAGAGGATGATATAGCAGAGATAGTTTCAAACTGGACAGGCATTCCATTGAAGAAACTTGAAGAATCTGACAGTGAAAAACTCCTTTCCCTCGAAAGTGCGCTGCATAACAGAATTGTTGGCCAAGATGAAGCTATCACTGCTGTTGCACGAGCGATCAGGAGGGCAAGAAGTGGATTGAAAGACCCTCGAAGGCCGATAGGAACGTTCCTGTTTTTAGGACCAACAGGCGTTGGGAAAACTGAATTGGCAAAGGCACTGGCTGAGTATCTATTTGGTGACGACAGAGCCTTGATTCGCTTCGATATGTCTGAGTACATGGAACGGTTTTCGGTATCAAGGCTCATAGGCGCGCCTCCAGGGTATGTTGGCTATGATGAAGGTGGTACCCTCACTGAGAGAGTAAGGAAAAGACCTTTCTCTGTAGTTCTTTTTGATGAGATTGAAAAGGCACATCCAGATATATTCAACCTTCTTCTCCAGATAATGGATGATGGCCATCTAACCGATTCTCAGGGGCGTCATGTGGACTTTAGAAACAGTATTATCATCATGACGAGCAATCTTGGAGGCGAGTTCATCAACAAAACGAAAACCTCTATTGGTTTTGTAGACGCTTCTGGTGTCGAAGAAAAAGAATATGAATCGATGAAGACTTCCGTTCTTGAGGAAGTGAAAAGAACTTTCCGTCCAGAATTCCTGAATCGGCTTGATGAAATAGTTGTATTCCATCAGCTGACAAGGGAGCAAATAAAGGAAATCATCGAAATTCTTATGCGCGACATGCGAAAACGCTTGAAAGAAAAAGGAATGGAGCTTATCATATCTGAAGCCGCTCAGGACTTTCTTGTAT
NZ_CP011232.1_gap17	593576	596231	2655	ACGGATATACATGAAAAATCGCGATAACTTATAAGAGGTGGTATCTTGCAAAAGACACTTGTAATTGTAGAATCCCCTGCGAAAGCAAAAACAATAGCGAGATATCTCGGTAAAGGGTATGAGGTAACCTCTTCCAAAGGGCACGTGAGAGACTTGCCAGAGTCTGAGTTTGGGATAGATCTTAAGACCTTCGAGCCAAGTTACGAAATCCTTAAGAACAAAAAGAAGGTCGTCAGCGAATTAAAAAGGATGGCTAAAGGCAAAAAGATTCTGCTGGCTTCGGATATGGACCGTGAAGGAGAAGCTATTGCCTGGCACCTCTCAAAAATATTGAACCTTCCTGAAGATGATAAAAACAGAGTCGTATTCAGTGAGATAACGGAGAAAGTAATTAAAGAGGCAGTTAAAGCACCGAGGAGGATAGATATCAACAAAGTAAACGCCCAGGTGGCACGACGTGTCCTGGATAGAATCGTTGGCTACAAATTGAGTCCGCTATTGTGGAAAGCAATGAAGCGTGGCCTTAGTGCTGGCCGTGTTCAATCTGTCGCTCTTAAATTCATAGCAGACCTTGAAAGTAAAAGGGCAGCTTTCAAACCTCACAAGTATTACAAGATCTTTCTAAAATTCAAAGGCAAGAAGATTCCCTTAACAGAACTCGAAGGAAAAAGATTCAATAACAAGTCCATAACTTCAATCGAAAAAAAGGATCGAATAATTGAAGAGCTCTCCAAAACAAAACTTTATGTAATGGATCATAAGAGAAGAACAAGTTCACGGAAGCCACCGCTACCATTCATAACTTCAACATTGCAACAGGCTTCAATAAATGAACTGGGATGGAGCGCAGCAAAAACCATGAAAATAGCACAGCAGCTTTACGAAGGCGTCGAGACACCCGAAGGTACTATGGCTTTCATTACTTACATGCGGACAGATTCCACAAGGATTTCAGCCGAAGCAAAGGAAAAGGCAAAAACCTTGATCAAAGAACGTTTTGGTGAAGAATTCGTTGGCGGTACTCATCGAACAAAGAAAACCAGTAAAAAAGTACAGGATGCGCATGAGGCTATAAGACCCACCTACCCGGAAAAGACCCCGGAGTTTGTTGGGAAATCCAACCTCCTCAGTGGTGATCATCTGAAACTCTACAAATTGATATGGAATAGATTTATGGCATCTCAAATGGCACCTGCTGAATATGATGTTGTGGAAACGAAAATTGCAGACGAAAATGGTAAATTCGTCTTCAAACACACAAGGGAAGAACTCAGATTTGCTGGCTTTGAGATACTCTATTTCAGAAAGTCAGAGAAAGATGTATTGGAGATTTCTCTCCCTGTGGGAGCGGAATTTACACCGGAAAAGGTACTCTGGGAAGAGGATGAAACAACTCCACCTGCGAGGTTTACAGAAGCCTCTCTGGTGAAAGAACTCGAAAAGAAGGGCATAGGTCGTCCGTCAACCTATGCAACCATCATCTCCACACTACTTGAGCGCAAATATGTTGTGAAAAAGAAGCGCGAACTCGTTCCTACCATCCTCGGAAATATTGTCGCTGACTTTCTAAATAAAGGTTTTCCCGAAATAATCGACGAAAAATTCACAGCAAATATGGAAGCTAGGCTCGATGAAATAGAGAAATCAAATAGAGAATGGAAGGAAATAATCAGGGAGTTCTATTTGAACTTCGCCCAGGATCTTTCAAGAATCACAGAAGCCATAAGATCCGGTAAGATAAAACTGTTTTATCCAACTGACAAACAATGCCATTGTGGTGGAGAGATGAATATCACTTTTGGTCGTTACGGCGGGTATCTCAAGTGTTCTTCTTGTGGAAAAAACGAAACACTCAATATGGAGCTGACTGCACCATTGGTTAACGGGAAAATTCTGTTAGCTGAACATGTAAAAGTTAAAGGAGAGAATGGCGAACTTCTCGATGAAAAATGTCCAGAATGTGGTGCTCCTTTGGTGATGAGAAATGGAAAGTTCGGGCAGTTTATTGCCTGTTCAGCATACCCCAATTGTAAATACACCAGAAACGTGACGATAGATGTTCCGTGTCCTGATTGTGGGGGAAAGATCGCGAAGCTTCGCAGCAAAAAAGGAAAGAGCTATTTCAAATGTACTTCATGCGGAAAACTTTTCTGGAATGAACCATCAGGGGAAATTTGTCCATCCTGTGGTCAAGGGCTGGTATATCTCGCCAAAAAAGGCGGGAAGAAGGTCTTATATTGCGAAAACTGTAAAAAAGAAGCAAAAGAGTGAGAATATGAAAGAAAAGGTCGCAGTGGTCTACGGTGGGTTTTCACTTGAAAGGGACATCTCACTGATCAGTGGAAAAAGAGTTGTTGATGTTCTCAAGAGACTAGGGTATCAGGTAACCCCTTTTGAACTAAACAAAGACAACTTGACAGAACTTTTCGGGTTAAAAAACCACGATCTGGTTTTTATTGCATTACACGGGAAATTTGGTGAAGACGGAAGAATTCAGTCCCTTTTCGATCTGAGTGGGATAAGATACACGGGGTCGGGAGCTCTCGCAAGTGCTATATGTTTTGATAAAGAGATTACATACAGAATAACTCGCGAAATTACTAAGCAACCATATCATTTGAAATTATGTTCAAACGAAGAAATTGAAAAACTGGA
NZ_CP011232.1_gap18	604257	604983	726	AAGCTGTTGTATTTCAAATGCGATAACACTCTGGGATCGTTATACCAGTTGTGCTCTCTGTTGAATCTGTTCGAAACCTTTACAGCAATTTCTTGAACCTCTTTGAGGGGTAACGATTCTAATATAATTCTCTCATCTTTACTGGATGAAAGGGAACTGAATAAAGATACCAAATCCCTGTTGATGCGAAATCCATATCTCTTGTAGAATTTCTGAGATATAACATCCTCCTCAGGAGTTTCGAGGATCACTCTGCTGATGCCTTTCCATTTACAGTTATCCACAATCTTGTCCAGCATTTCAAGCCCAAGACCACTCCTTCTAAACTCCCTCAACACGCCCATCAATCCTATACGACACGTGGAACCTCGAAATCCGACAAGAAAAAAGCCCACATTTCTCCCAGCGACTCTAAGCACTGCTGAATCTTTCAGGGAGATGTCATTTTCAATCAGGTCTCTTTCGAGGCTTTCAAGATCCCAGTGAAGCCTCATAACATAGTCATTGAAGGCTTCATTCATCAGGTTGAGAAGCTCAATACGTGAAATTTCTTCGACTGTTACATACTGCTTCTCCATGATCTTCTCACGCCTCTCTATCCTTCTCTATGAGAAGGTTATTTTATGTTGTGCATCTCTTCATGTTCGATTATAAGTTCTTCAATCAGGTCTTTGAATTTCGCGTTGATGTTGTTTTCTGTAGTGGTTGCGAATATCCAGGGCCTTT
NZ_CP011232.1_gap19	614374	616067	1693	TATCATTTCTTTAAAGCTTAATCCATAGCTCTTCGACTGATATCCATCCACAACCATGAACACAATGGTTCTCCGGGTTGTTATACCAACAAAGGTCCTCGGTGCTCTATTATCCAGTATGGAAGAATTATAGAAATTTCTCTCGTAATCGCTTGCCGGTTTTCCATCGTGGATTACAAGAGGTCCTCCTTCAACAGCAAACTTGAGCTCATACCCGTAACTGTTGTATATTTCAAACTCAACTTTTTGACCAGTACTTATTTTACCGGTTTTTTCGAGGCCAGTCGGAGAGATCAGGAGAGTATATGTATTGTTCTCCACTCTTTCATTATAGCCTTTACTTACAACTATGCCATCCTTAATAACCAGATACACAAAGTCTTCATAATAAGGCACAATACCACTATAATGGTCATTGTAAATAAGGAGTTCACCTTTATAAGTCGTGTTAACCCCCTTTATTCTGACTTTCCTTCCATTGGTTTTCAAAAAAAAGTCAACATCCATCCGCGATATACCCATCTTTCCATCACGGGTTATAAAAAATATCGGTCTACCCAGCGTTGGCAGGCTAACGATTTCGCCTTCGTCGATCAGTAAACCAATAGGGTGATTATTGGATGGGTCGAAATAACCTGCATTGATAACAGCGAAAGCTTTGTTATTTTTTGCAATTTCACGTATGTCCCTGACCGAGGGAATCCCTGCCCCTCCATATGCCAGTTTGATCTCAAAATTATCTGGATTGAATTCAAGAGCGGTCACCACGAACTTTCTACCGGATACAATACCCTCGATGCTGCTCAGTTTGTATCCTTCGCCAGAAGAGCTAGATAACACCTTTCCCCATCCTGACGACTTTTGAATGATAATTCTATTTCCATCGAATAGAGGGTAAGCCTGATACCATTCACTGCTACCATCCAGAAAGAATTTTAGAGATTGCTTCCCATTATACAGTTCGATATCAGTTTCTGCTGTCGTATCTAGTACAACAGGTTTAAGCGTTATTATCAGCGCTCCTGTCTCAGTATGCCAGTAACTCAGGGCCTCTTCAGGTATGGTTCGATCGAACTCAAGAGTAACGTTCTCTTCTGTTTTCCTTATATTTTTTAGATAAAAAGGACTGTCATAGAAAATAATGGCTTTTTCAGTTTCTGTCTGTGCTAGATTTAAAAAATAACAAACGAAACTTGAATCGAGAAAAATTTCAGAATCTTTGGATATAACCACATCATCAAAAGATTCACTGAAATCCAAAACAGCTTTCCCGGTATCCGCGTAGAGAGATAGCATTTTCCCTTCAGGTAGCATTATAAAAACTTCTCTCCCGCTTGCAGATCTTGAAATTATACTATCCTTCAATATCTTGTCTACGAAATCGATTGAAATGAAATCTCTATTACCACTTTTTAGTAACACACTTTTAGGGAACCAATAAAGATTCCCGGCATAAGAGAAGAGAACGATTTTTGACAGGAGCAGGGTAGAAAGAAACAATATTAGAAGCAATAGAAAACTTTTGCGCATTTCAAGCCCTCAATATACTTCGTATATCAATTTCGGCTTCAAAGTTTCTATCGAAGAGAATTCATAAGCTTCAAGAAGCCTTTCTTTTGCTCTCTCGTACTTGTCCAGATCATTTGCATATATAACAGCAATAGGTTCGCCCTTTTCTACCCTGTCACCAATT
NZ_CP011232.1_gap20	669165	672219	3054	TATTTTCTCTCAGCGATTTAATAATTCTTTCTTTTAATATGTCAAAATCCACTTCTTGGTAATATGCGAGGGTAAAATTGGGATAACTACTGAGTCTAGCACCAGAGAATATTCTAGAAAAATCTATTTCTCTGTACCTCGTTCGTCCAGCGATGAATGTGTCCCTACTGGTTCGAATGAAAACTATAAGATTATCGTAACCCAATGTGATCCATAACTTTTCTATCAACTCGAAGATACCTTGAGGAACGGTTTTGAGTTTGATCTCAGAGAAGCCAACTTCGACTCCTTTAATCGTTATCGTACGAGTATTGTCAATGAGCTTCTGAAAGTGTCTGCGTTGATCCCTATTTAGACTGAATTTCTGATACTTCAACACTTTTTCTAACGAAGCACCAGATGCTAGTAACCATGCCCCTATGTTTAAATCCTCAGGCATCGTTGTGAACAGAGAAAAATTTAGTGTTTTACGATACAAAGCTACAGCGTAAAAAGTAGCTTCTTCAGTTGTTATTTTTACGTTATTGTCCCTTAATTCCCTGCACAGCAATGTAATAGCAGCACCGTAGTTTCCGGAAATAACTTTATCCCAGTTTTCTGACGCAGCTGTTCCTAAATGGTCAAACAATATCTTCTTACAACGACTCAGAAAAGGGGCAAGGGCCGTCGGTAGTTGATTTTCACTCACTGTGCCGACAACAATCAGTGAAGAAACGGACTCCAGTTCCAGTTCTTCAAATTTATGGAAGAAAAAAAGATGTGGAGCAGTTTCATTTATAAACCTTTCGAGTTTTTCTTCAGGTTTACCTTCGATAACTATTTCATGATCTGCATAGAGCCTCTTGGCTGCGAAGCACGCTGCTAGATCATCAAAATCCGGTCTTGAACGGGTTGTAATTATCTTCAATCGAGACCCCACCTCTTCAATTTCGTGTAAAGGGTACTTTTACTTATTCCGAGAGCCCGGGCTACCCTTGTTTTGTTGCCTTTATATTTCTTAAGAAGGTTTTCTGTATACTCCTTTTCTAGTTCTTCCAGCGACGGTTCTTCAGGCAAATTTCTTCTCTCAGAAACGGCTTCTAAAATATTTTCTGGTAGCATCCATGCTTCCAGACGCTCGATATCATCGTGGATCGCTATTACCGACAGAAGCGTGTTCCTAAGTTCTCTCACATTGCCAGGCCAGTCGTAATGTAATAACATGTCCATGAAATCGGGAGAAATGTCAATTCTTCTATTTAATCCTACTTCCTTTTGTAAAACCGGCACAAAATGTTTCACAAGCAATGGTATGTCCTCTTTGCGTTCCCTCAACGGTGGTAATTCAATTTTAACCACATTCAGACGATAATAAAGATCAGCTCTGAATTTACCTTCTTTTACTTCTTCCGCGAGTTTTCTGTTAGTTGCACATATCAACCTTACATTGACTGTCTTTTCAGATGCCCCTCCAAGTCTTTTAAAAGAATTGTTTTCTATGAATCTCAGCAGTTTTGGCTGGAGATTAAGGGGCATTTCAGAGATTTCATCAAGAAAGAGGGTCCCGCCATCAGCCTCTTCAACGAGCCCCTTTTTAGATGTAACCGCTCCCGTAAAAGCACCTTTCTCATGCCCGAACAGTTCTGATTCAAAAAGATTTTCTGGTATTGCCGCGCAATTTAGAGCAACAAATCTTTTCCTACCACTCAACTTGTGAATCAGGCGTGCCACGACTTCTTTTCCAGTTCCGCTCTCACCTTCAATAAGAATGGATATTTTTTTCCCCGCAATAGATTCCATCATTTTTTTGATCCGGACAACGGAAGGACTTTCTCCAATCAAGTCTACATGAAACTTATCGCCAGTCAATTTCGACAGTTCTTCGTTTTCCAGTTCTAAATCCCTATAATCAATCGCCCGCTCTATTTCGATCAAAGCATGGTTAAGGTCAAAGGGTTTTTCGAGAAAATTGAAAGCTCCCTTCTTTACAGCTCTGACTGCACTGTCTATGTTTCCATGAGCTGACATGACAACAACGGCGGAAAGGGAACTAGCAGTTTCCACGAGCTCCATACCATCTCCATCGGGGAGTCTCAAATCGAGTAAAACACAATGAAAAGAATCACTGTATAGTCTTTCCCTAGCTTCTTTTAACGTTGTAACACCCTGTGGTTCATAGCCCTCATCCTTCAAGGCTTCACAGAGCATTTCGTTGAATGCAAGATCGTCATCGACGACGAGGATCTTCTTTATCATTTCTTCACCTCTTAAACATCAATCTTATAACCGTCCCTTTACCTTCCTTGCTCCACATCCTGAAAGAAACATCGTTATCTTCACAGAAGCTCTTCGTCAGCGTAAGACCAAGACCAGTACCGTTTTCTTTTGTAGTAAAAAATGCTTTGAAAGCCTTTTCAAAAACTGTTTTACTCATCCCCATGCCGTTATCGCCAATTAAGAGTATAATGCCCTCTTTCTCATTTCGAAGTTTTAAAACCACCTTTCCTTTGTCTTTGACTATGGCTTCGATTGCGTTGACAACGATATTCTTGATAACATTCTCCAAACGTCTCTCCTGTACTTTCACAACGGTGTGCTGACAAGCCGCAATTAACTGTAATTCAACTCCCTTCGCATCGGCAATGGGTTTTAAATACTTAACAACTCTATCTAGAACTCTCAACAAATCAACGTCCTGTGGCTCCTCGCCGTAATGGTATATCTGTAAAACTCCATATATCTTCTCTTTTAGAGACCGTAGCTCTTTCTCCAAGCGTTGAAGATTTTGATCTTTGCCCGTTCGTCTGTACAGGTCAAAAGCCAACTGAAGGTTCGCCAGTGGTTGTTTCAGTCCGTGGGCGAGGTCCGCTACCGTTTCAGCACTAACAGCGTAACGCATTGTTTTTTCCAATAATTTCTCGGTTTTCCAGCGCGCTGTTATGTCGGTAAATATCATAGAAAATTCGCCCTTTTCTCCCCCTTCTACAACCACCATGTAACGCTTGTTCTGCCTTCTGGAGAAGACTTGAAAATTTCCCCTTTTGATTGGAACCTTAAGACCGTTTCTTCGCAATA
NZ_CP011232.1_gap21	717778	722359	4581	TTCTTACACTAGATTCTACCGGAACCTTCACCGTAGCATGCGAAGTAAGTGATGGGATATCTTCAAGTATCGCACGCACAGGTTTCAGAATCATAGATAAACCTGAACCGAAAACGGTGGAAAAGATAGTTGAGAGGATAATCAAATATGAAACACAGGCCAATGTCAATGTTTCGGACCTTTCAACCATCGAGAAAAATTTAGGCGTAAAATTTTCTTCGACTCTCTTCACAGATGTTGATGGTGATGGGCAGCAGGAAATTCTTGCTGGAACAGATTCAGAAGGTAGAGGAACACTCTATATGTTTAATGCGATGGGACAACTTATTTGGAATGTGATTTTAGCCGATGACAGTGTTTTCTGGCCTGATAATTCATTCAGCATTGAGGCTATTAGATGCGGAGATGTAGACGATGACGGTAATAAGGAGATTGTCGTGCTCTTAAACCACGTACCGTGGTTCCCGGCAATAATTGCGGTTGTTTCCGCTGATGGGATAGTAAAGGGCAAATATTACCATCCCGGGCACATCAAATCGCTTAAACTTGAAGATATTGAAGGTGATGGCATAGTTGATATACTCTTTGCCGGTGAGAATGCTGAATACGATTTCACCACAGTGGTGGGTGTAATAGATGGCAGAAAGCTCTATGGACAGGCCGAACCTTATCTTGGACTGGGCGTTCCACCAGCAAAGGAAAAATTCTATAGTAGACTACCGGAGGCTAGCGGTGTTAGTTCTATAATTGTTGATGGCGAAAAAATCTTCCTTATAGATGAACGCGGACAACGTTTTGAAATTTCGAACTGACCTGTGGGGGTGCGCATATGAGAAAGATTGCTTTGAGCTTTTTACTGATAGTTGTTTCCATTGCTATGGGAACTAATCTCCTAGAGATAGATACTTCAGGCTTTCCGATCGTGAAGCTGACACTTGAGGGAGCGGAACGGGTCGATATTCTGGAAAACGGTAGTCCGGTGGATGTGTTCAGTATAGAAAAAGATGGTGACCTTTTATACATTAGTTACTTCAGTAATGAGGAAGACTTAAAAGGGCAAAAGATCGAACTCAGGGTAAACGAAGTAACAGCCCATTATAATGTTCCCTTAACTGAAAGAACGCTTTTCTCAGCGCTTGTGCTTGAAGACGACGAGATAATAGTTGACGGTAACATTGAAGACTGGGATCACATCACCGGCATTCGCTTTATTTCAGATTACAATGTCAAAGGTGTTCCGATATCCGGAAGGTTCGATCTCAGCGGCGTTGCCAAAATGGCTTACGGCAAATCGAATAGCCTGCTTTACGGGCTTGTAATCGTTAGAGATGACGTTCCTATCCCGGCATTTTCTAAAGAAATAATTGGTTTTGGAGACAGCATCCATTTGAAAGTCGAGGACATATCCTACGATCTTTTACCCGGAAACTTCATAAACTATGAACCCTCTATACTCACAAGTTCCCCGGTAGAAAACACGAAGATATCCTGCACTCTTATGAATGGATATTACATTTATGAATTTGCGGTTCCGATTACTAAAGGAGAGGGGAAGCATCAGGTAAAGCTATCCATGTCCATAATCGATAACGACAGACCGAAAGCTTCGGAAAAGAGTGAATGGAAAATCATTGACAATGGAAAGGTAGAGTTCTTTGCTGAAAGCCTGCCAATCGTAAGAATTACTTCTCCAAAAGACGGGGATATATTCAGTAAGCCATATGTGGTACTTTCCGGTACAGTTAGTGGAGATTACCGAAATGTTATAGTAAGGCAGGAGAGAATCGGATATACAGGGGATGCTATACCAGTCGAAGAAAGAGTTTTGAGTATTGACAAGGGCACTTTCCGAGATTCTTTCATACTGAAACAAGGCGAAAATGTATTCACGGTGCTCGCTACCAGCACTTCAGGGAAGGCGATTTCAAGTGTACGCGTCCTATATCCTATTGAAGCTTCTCTGCGTTTTATTTTGAAATGGGACGATCCAAAAGCCGACCTTGATCTGAACGTGCTACTTCCATCAGGCGAGAGGATATACTTTGTCAATCCTGGTCCTCCCGGCAAATTACATGTCGCTGATACCGAAGAAGCTCTTGAAATTTACGAGATTCCCTTTGCTGAAGTTGAACCGGGCTCCTACCAGCCAATGGTTCACTTCTTCGAAAACAAAGGAGCGAAAAAAGTCAAAGGTACGATAACGGTGGAATTAAGTGATGGTACCGGTAGAAAAACACCTAAAGAACTTTTCAAAAGTGAATTTTCTTTTAACGGTAGTGAAGCGAATCCTACGGATACTACTACAGGCACTGACTGGCGTTATTTCGAGCCGATACGGATAAAAATTCCTGAAGTGGCCCTGAGGGTCTCTTCAAACCTCCCCGAGGAATTCAAATCGATTGTTACTTATCAAATAGGTTCCATTGAACATAAAGAAGGCTTTGTAGGGACTTTCGAACTGGGCAATTCTTTAAAAGTTACCCTCAAGCCAACGGTATTTGAACTCGATACGAATAAAGACATCGAAGGAAACGATGTCAAGTTTGAGTTCTACTGCTGGGACGATGGTAGTAGAAGAAACGAACGAAAAGTAGTTATTAATGAGCCCACAATGCTTACGGCTAATTTCAAAAGGTTCTTCAAGGTCTTATTACTTACCGTTGACGAAAGGGGAAACGAATTGCTTAATCGCAGGCAGTACTGGGTAGAAGAAGGAAAAGAAATAACCCTGTCTTCTGGTGAGTTTGATGGCATGCTCTTTCACAGTTGGGTCTTCAACGGGCAAATCGTTTCTACCAAAAAGAGTGACAGGGGATTTGTTATCACAGGTCCTTCTGTAATCGTCAGGAAATTCATCAAAACGTCTGATGTGATGTTAATAGCCCCTGATAATTCCACTTATGACCTTGAAAGTTTGCAAAAAGCCTTCGTATCCACCGGGCTTTCTATCAATCTGTATTCACCAGAAACCATTTTGCTGAACCCAGGCTCTCTGAGCAAGGCAAGGGTTATTTTTCTTGGTTTTTCAACTTCCAAGGATATTCTCGAAAATTTCTTCTCCGAAGATTTAACGAAGAATCTGAAAAGCTACATTGAAAATGGTGGTCTCGTTGTTCTGTCCGGTGATGGCAACTACCTTCTTGAAAAACTGGGACTCGCACGCCTTGAGAAGGTAAAATATCTGCCAGAAACGTATTGTGTTCCTCTTAAATTACTGTATGGACCTGAAGATCTTTTTTCTGACTTTGCCTTTCCCGCAAATGAATCGTTGGTTCAGTACGCTCCTGAAACCATGGATTTCTTCTGGAAAAGTGAAAAAGAATTCAACGGTTTCACGATCTCTGATTATTTGGGAAACTCACTACCGATATATTTTGTAGAGGGACTATATATCAACGGAGAAAACCATTACAGAACTTATCCATTGCTACTCTGGAAACTTGAAAGAGGAGAGATACTTTACATAGGTGAGGTGTGGAACGGAGTAACTTCTTCCTCAGAATCCGCCATCAAACTCGTTGAAAGACTTGTTAATGTGATCATCACCAGTGAATCGAGAATCGTTAAGGAACCTTCCGTTGAATCTGCAGTTTTGAGAGGTGATGTGATAAGCATTAACCTCAAAAAACCCACGAAAAAATTCTATGAACTCTGGGCTTTAACCGAAGACGGAAAGAGAAAGTATATCTCAACCAGTTTCATCGAAAAGGAAACAGAAATCCCCTCTTCTGTGGTTGAGTTGAACACAAAACTCATGCTCAGAACACTTTCTGGAATTCACCACTCTCGATTTTCGGAACCTGTAAAAATCACCGTACCACAACCAGTTTATTATGAAGTCTCAGATAATATAGTAGAGGTTTTCTCGGATGAACTCAAAATGAAAAAAATTAAGATGCGGGAATTTTCCAACACTGAAAAGATCTTCCCGATCGAGTACGATCTAAATAATGACAGCGTTAACGATCTCATATTGATAAGGCAAGTTAAGGCCGAAGGTACTTCAAAGAGTAACCTCATTATAAGTGCTCTCAAGAGCGATGTGAGTTTACTGTGGGAAGAGCCATTTGGCGAAGGAAAGGTTTACACATTACCGTTATCTTATTCCGTTAAAGAATTCGGTGCATTCTATGCAGAGAATGACGTATACATTTATGTTGTCGCAAATGGAGACGATGGCAATTTCTCTGTGACCAGTGTTTATTCTAGATATGGAGAGCTTATTTCAGAATTCTGGCATCCCGGACCTATAAATGCTGTCCTCGTGGGTGATCTAAATCTCGACGGAAGAAAAGAAATCCTTCTTGCCGGTTATAACTACCATTATGACGCTGCCGACTATATCGTTATCGATCCTATTGAAACAGGGGTTGCACAGTGTCCACCAGGCAGAGGATTCTTCTATCCTGTTAACGATGGTCTATTCTATGAATACTTCACAGGCCTTGCACCTTTCGTATCAGTAACGGAGACTGGAGCGGGAACCTTTGAACTGAAAACAGCTAATGGTAGGGTCGAAAGGATAAACCTACTGGCGAAAAAATGATGAGAAAGATTCTTCTATTAACGATTTTGGCGCTT
NZ_CP011232.1_gap22	801206	805194	3988	AATTTCATTTAACCTGTTTATTTCTCGTGCAATGGCTTCCCGCAAGTTTACAACATTGTCGTAGAACCACCTCGGGATCAATCCATATCTATATCCGTATTCTGTCAACCTCAGATGAGCATTATCGTGTCTGAGCATGAGCCTATACTCTGCTCTTGAAGTAAGGAGTCTGTAAGGTTCATCGACGCCACGGGTTACCAGGTCGTCTATCATAACTCCGATATAGGCTTCAGATCTTTTCAAGATCAAAGGTGCTTCCCCTCTAAGTTTTGCCGAAGCGTTTATGCCTGCAATGATTCCCTGTCCTGCCGCTTCTTCATATCCGCTGGTACCATTTACCTGCCCCGCGAAATAGAGGTTTTCTATCAGTTTGGATTCGAGTGTAGGGTAGAGTTGGTCGGGGATGATGAAATCGTATTCTACAGCGTACGCCGGTCTAACGATGATGGCGTTTTCAAGTCCTCTAACAGAACGAATCATTTCTAATTGCGTTTCAAAGGGTAAACTTGTGGAAAGACCGTTCAGATAGTATTCAGCAGTGTTTTTGCCTTCGGGCTCCACAAAAACCTGATGACTCTCTTTTCCTGAGAATTTTATGACCTTATCCTCTATGGAGGGACAATAACGGGGACCAATGGAGTGAATGAGTTTTACATCACCATATAGAGGTGAAAATCTCAAATCCCGCCTTATTATTGAATGGGTTCTCGCATTGGTATTGGTCAACCAGCAGGGACTATCCTTTGGCAAGATTCTGGGTTCTGAAAAATATGAAAAGGCGAGAGGCTCATCTGCCGTGTCCTGCCTTTCCATTTTTGAAAAGTCTATTGAACTTTTGAGGATTCTCGCAGGTGTTCCTGTTTTGAAGCGTGCCAATTTGAATCCAAGCTTCCTGAGAGATTCACTTAGCTGCTTGGCGGGGAATTCACCCAGTCTTCCCGCTTCAAAAGCTTTTTGACCTATGAAGATCTTTCCACCCAGAAATGTTCCAGTTGTAACAATGACCGCCCGGGAATGGTATAACTGGCCGAAATGAGTTGCTACTCCGGTAACTTTTCCATTTTCAGCAATTATCTCCGTCGCAATGCCGCTTCTCAAATAAAGATTTTCCTGATTTTCCAGAACTCTCTTCATTTCAAGACTGTATTCTCTCTTGTCTATCTGTGCTCTCAGTGCTCTAACAGCAGGTCCTTTACTCGTATTTAGCATTCGTATGTTGATGGCTGTTTTATCGGTCGTCTTCGCTATCTGGCCTCCAAGGGCATCGACTTCTCTCGCAACAATGCCTTTGGCCGGGCCTCCTACTGCGGGATTACATGGGGCCCAGCCGACAGTGTCGAGGTTGATGGCGAGTACCAGAGTTTTCATTCCGGATTTCGCAGCGGCAAGTCCCGCCTCAATGCCTGCATGCCCAGCTCCAATGACAACTATATCAAAACTGTAATCATCCATTGTACTCTTCATAACATCGCCCTCCTATTCTATTATTGTACAACAGAAAGGGGGGCTTCACGTGAAAGTTCGATTTACAGACACTACCTTAAGGGATGCCCACCAGTCACTACTGGCTACGCGACTGACGACTGAAGAGCTGGTAGAGATTACTCCAGTCATGGATGAAATCGGGTACAACAGTGTTGAAATGTGGGGCGGAGCAACTTTTGATGTTTCGGTTAGATACCTGAATGAAGATCCCTGGGAAAGACTCGACAGGATGAGAGAGAAATTTAAAAAGACCAAGTTACAGATGTTGTTGCGTGGTCAGAATCTACTGGGGTATCGCCACTATGCCGATGATGTTGTCGAATTATTCGTGAAAAAGATGGCAAACCACGGTATGGACATCGTACGTGTTTTTGATGCCTTAAACGATTTTAGAAACCTTGAAAAAGCCTGTAAAGAGGTTAAGAAAAATGGTATGCACCTGCAGGTGGCAATTTCATATACCACCAGCCCGGTGCACAACATCGAATACTTCACTAATCTGGCATTGAAGGCTCACAAAGAGCTGAAGGCTGATTCTCTGTGTATTAAGGATATGGCAGGGCTTCTTACACCTGGTGAAGCGAAAAAGCTCGTTGAAAATATAAAACGTACCTGTCCTCTGCCCATTGAGATTCACGCCCACTTCACTACGGGACTCGCGGATCTTACCTATCTTTCGTCCGTGGAAGCCGGTGCTGAAATCGTTGATACGGCTATCAGCGCGTTGGCATATGGCACCTCTCAGCCGGCTGTAGAAAGCCTCTGGGTATCCCTTCATACCCTTGGATATGCTGAAAAACCTGATCTTAAATTACTCGAGAAAGTGAATGAGTATTTCATCAGGATAAGAGAAAAACATGTTGAGCATGATGTGTCAATGAAAACAATAAGACCAGATATACTTACGAACCAGATCCCCGGAGGCATGTATTCCAATTTGCTCAGCCAGCTGAGGTCTCAAGGAGCCCTGAATAGGCTCAAAGAGGTACTTGAAGAAGTACCAAGGGTTAGAGAGGATCTCGGTTATCCTCCGCTAGTCACCCCAACTTCACAAATTGTCGGTGTTCAAGCTGTTCTAAATGTACTCACAGGGGAACGTTATAAGATAATCACCAAAGAAACGGAAAGATACATTCTGGGTCATTATGGGAAGCCACCAGCGCCGATTTGTCCGGAACTTAAAAAACTCATTATAGATAAGGGTGGCGTGGTTATTGAAGGGCGACCAGCAGATTATATCGAACCTGAGGTCGAGCGAACCAGAGAAAAGTTCAGGACAATTATCAATAATGATGAAGACCTGTTAATATTGATTCTCCTGGGAGAGGTCGGTAGAAAATACTTGGTGAAAAAGTATGAAAGTGAACTCGGAGTAGATTTTTCGCTGAGCTCTGACTATTCGGATACTGTAATCGTGCATCCTGTGTAGAGCGCTATTATTAGAAGGAGAAAAACGTAAAAATTCGTCAATAAATAGAATTATTCAGCGGTTTTCTGATATAATCATATACTGGAACCCGGCATTGTAATGTTGCCACTTTTTATAACTTGATAAAATTTAATTGAGGCTTTCTGCCTAAATTATCCGTAAAGGAGGTTGAAAAGGATGAGAAAGCTTGCTCTTATTATGGCAGTTGTTTTTGTGTTCGCAGCCCTTCTCAGTGCAAAGATCGTCATATGGTCTTCTGAAAACCAGATCCCTGCACTGCAGAAGCTCGCGGCAGACTTCGAAAGGGACTATGGTATCGAGGTGGAGATTCAGCAGGTGAATTTTGGCGATATCAAGTCGAAATTCCTCACCGCTGCTCCCGCCGGAGAGGGTCCCGATATAATCGTTGGTGCTCATGACTGGGTAGGGGAACTTGCAAAGAACGGTCTTCTTGAACCCATTCCATTCCTTCCTGATTCTGATCAGTATTACGAAGTTGCTCTAAGCGCTTTCAGTTACGGTGGAAAACTCTATGGTGTGCCTTACACTATTGAATCCATCGGCATTATTTACAACAAGGACCTCGTTGAGGAAATCCCCGAGACAATCGCCGAACTCGAAGAAATGGCTGCAGAAATTGCTGATGATGAAATCGTTGGGTTCATCTATGACGCGGGAAATTTCTACTTCTCTTTCCCCTTCATCGCAGGTTACGGCGGATACATCTTCAAGGATACGGAAAGTGGCCTCGATGTTCATAACATCGGTTTGAACAACGACGGTGCCATCAAAGGTGTAAGTTTAATCAAGAAATGGTATGACGATGGTCTCATTCCTCAGGGCGCTAACTACAACCTCATGGACTCCCTCTTCAAAGACGGTCTGGCAGCATTCATCGTCAATGGTCCATGGGCTACACCCTGGTACAGGGATGCCGGCATCGACTATGGAATCATTCCTTTCAACGAGATCGAACTTGAACCCGGTGTCACTCCAAAACCCTTTGTCGGTGTTCAGGGCTTCATGATCAATGCCAAATCCAAGAACAAACTTGAAGCTATCGAATTTGCCGTA
NZ_CP011232.1_gap23	829790	830389	599	TTCTATCAGTGGCTTTTCTTTTAATGACTTTATTATAAAACTTGGACCTGCTTCCATCCTGGTATTTATGGTTCTAATGCTCTATTTTAAGAAGCACATAAAAGTTGATGCGTCAATTATAAGCAATATCAAGAAGCTCGATGAAATGGATGAAAACAAAGCAATAACTGATTGGAAAATGATGAGGGTATCACTTGCCGTTTTTCTTGCGGTGATCATTCTTTTTGTAATTCATACGGTTATTGGCGTCGAACTTTCTTATATAGCCCTTTTGGGTGGAATCGTGCTCCTTTTGGTTAATAAGAAAGGTTTTGACCATGTATCGGATAAGATTGACTGGGATATGCTCTTCTTCTTTGCAGGGCTGTACATAATTTCTCACGCCCTCGAGTCTATCGGGATCACAGAATTAATGGCAAATGGGTTATTGCACTTCCAGGATAGTCAACTGATGATGTTGATAATACCTTTTGCGCTGGCCGCAATTTTTGTACCTATATTAAATAACGTGCCTGCAGCCCTCATATTTGGTCCTGTCTTCAGAATACTTGTGGGTTTCGGCTTTTCGACGATGATCTGGTGGGCTTTCGCCATAAGCG
NZ_CP011232.1_gap24	841359	843500	2141	CATGGTGATCTGTTACCACAACCATGAAGCCAAGTTCTTTTGCGTGCTTTATCTCTTCAACGGATGTGACCCCACAATCGACTGTGATGAGCAAACGATGGCCTTTTTCATATAATTCGGTGATCGCGTCCCTGCTGAGGCCATACCCCTCTTCTAACCTCAATGGAATGTAGTAACTCACGTTGAATCCAAGTTTTTTCATTGCGAGATAAAGCAACGCTGTTGAAGTCACACCATCTACGTCGTAGTCACCAAAAACGACGATGGAGTCACCTCTTTCGGCAGATTCAATTATGGTTTTCACCGCTGTGGACATGTCTTTCATCAGGAAAGGATCATGCATTAAAGACGCATCAGGATTAAGGAACTTTCTTGCTTCTGCTTCATCAGTTATGTTTCTGTTTACAAGGAGTTTTGCGAGGAAAGAATCAATGCCCAGATATTCAACCAAACGGAAAACCTGGGTATCATCAGGCCTATGGAGTACCCACTCCTTTCTCATATTTCCACCTTCTCTCTTTTTTTCTTTTGAAAAAATTATACCATTACATATTAATTTTTTCGAGAAGAGAAAGCGTTAAAATTAACTAATGGAGGTTATGGAATGGTAGAGCGAATGAGACTTGATAAATTCATTTCAAGGTATGGTGGAATCAGCAGAAGAGAAAGCAAAAAGCTTATCAGGGCTGGAAAAGTAAAAGTTAATGACATCATTGTCAGGAATGATGATCTGAAAATCAGCGTCGGAGATAAGGTTTTTCTCGACGGTAAGGAGCTCCAACCATTTGGGTATGTTTACATAGTCCTATATAAACCAGTTGGATATGTATCTTCAAGGAGTTCAGTGGACGGTGAAAGCGTTTTTAAGTTTATTATGGCTCCCTTCAATAAAGAGCTCTCCATTGCTGGACGTCTAGACAAAGACGCTGAAGGAATGTTGTTGCTGAGTAATGATGGCGACTTTGTACATAGCGTCATCAGCCCTAAAAACAGGATTGAAAAAGAATACATTGTAAAAGTTAGAGACAGAATCGAAGAAAAGTTCATAAAAAAAATGAAAGAACCTGTTGTGTTAAAAGACGGAGAAATATTGAAAGCAGAACATGTAGAAAATATTGGAGATGATAGATTATTGATTGTCCTCACTGAAGGAAAATATCATGAAATAAAGAGAATGGTCAAAGCCTGTGGAAACGAGGTCATGAGGATAAAACGAATCAGAGTCGGTGGCTTTAGATTGCCAGACGAACTCCTGCCGGGTGAATGGCGAGAATTAAAGGGTTTTGAGATAAAAAAAATCACCGGGGTATCTCCCCGGTGATAGATTATTCTTCAATGGCCAGCAAGTTGAAACTCAATGTGTGTTTGCCTTCGTCAAAATATCTGACAAGATACACAAAATGATAACCTTCTTTTACGATCAGCACTTCATAATATCCTGGATCCAGATCAATGGTAACAGGACTTCTACCTATCTCATTTCCATTTATAAACACTCTTGCGTCTGGTGGATCAGTAGTTATTTCCAGTATCACCGGTTTCAATTTAGGTCTCAGTATGATGTTGAGATAATATTCTGAACCAGCGTTGATGATTAGTCTGTATTCTTGAGCTTCGTAACCTTCTTTTGTGGCTGTTATGTAATGTGTTCCGGCTTCGAGTTTCAAAACGCTAGGAGAAACGCCGTAAAACACGCCATCTACATATATATTCACGCGATCCTGGGTATAGTTCAGGTACACGATCCCTTCTCTTGGTTGTACCTTTACTAACTTAATGGCAATGCTTCCTGAGCCTGTGATGTTCTTTAGTATTGAGTAGTCCTGATATCCTTCTTTCTTGATCTCTATTCTGTGAACTCCTTTCGAAACCTTGACTTTGAGAGGAGTTCGGCCAACGTAATCACCATTGATGTATACTTCAGCATTTGAAGGATCCGAAGTGATAGTCAGTAGGTAGCCGAGAAACCTGAGTTTAACAAACTTATTGGTCTGACCGGTAATATTCAATGTTTCACTGTATCTCTCGTAGTCTTTCTTTTCAACCTCCAATTTATGAACGCCGGCAGGCAGTTTGATTGTGAGCGGCGTATACCCTTTGAATGTACCGTCAATGTATACTCCTGCGCCCGAGGGATCACT
NZ_CP011232.1_gap25	915192	916505	1313	GTTCGCAAAGCTGTGGGGAAAATCGGGGCACTTAAAGCGCAACTTAAAGATATAATAAGTGTGGAAATAACAGCTGGGATTGCTCACACGCGCTGGGCAACTCATGGCGCGCCATCAGATGCAAATGCGCACCCTCACACAGATTGCACTGGCAAGATTGCCGTTGTTCATAACGGTATAATTGAAAACCATCTCGAGCTCAGGGAAAAACTTCTCAGGAACGGCCACGAATTCCATTCCGAGACCGACACGGAAGTTATAGCTCACCTCATTGAAGAACATTATGAGGGAGATTTACCAGCAGCAATACGACATACCCTCATTGATCTGGAAGGCGCATATGCCATCGCTGTCGTACACGCTGACAATCCTGATATGATCGTCGCGGCGAGAAAAGGGAGTCCACTCGTGGTAGGTGTAACGGAAACTGGTGGATTTCTTGCTTCCGACGTTACCCCATTGTTGAAATATCTCAGAGATGTTTATTTCATTGAGGATGGGGACGTGGTAACACTCATTCCCGGTAATTTGGAGATCTCGAGGATTGATGGCAGTAAAGCCAGTAGACCCATCATACATATAGATTGGAACGAAAAGGCTGCCGAAAAAGGTGGTTTTCCCCATTTCATGCTGAAGGAAATCTTTGAAGAACCTGAAGTTCTCAGAAACGCCCTTGCTGGGAGGATAAAAAACGGTAGAGCCAATCTCCCCGAGATGGAGAATGTGGTTCCAGCTATCAAACGGGCGAGAAACGTGCATATAGTTGCCTGTGGAACGAGTTTCCATGCCGGACTGGTGCTGAAAAGGTTCCTTGAAGACTATGCTGGTCTTACTGTAGAAATTGATGTCGCTTCGGAGTTCCGATACAGGAACATACATATAGATGAGAACACTATCGTAATCGCCGTGTCGCAGTCTGGTGAAACAGCAGACACGCTAGAAGGTGTCAGAAGAGTAAAGGTTAAAGGCGGGACCGTTATCGCGGTTACAAACGTGGTGGGCTCAACTCTTGCAAGAGAGAGTGATGTCGTCGTCTATCTAAACGCTGGGCCTGAAATTGGTGTTGCCGCAACAAAGACTTATGTATCTCAGCTCGCTGTTTTATTCATCATCGGTGCTTACATCAGCCACCTCAGGAATGAGAAAGATGAAATACGACAGATAATAAATGAACTTGAAGGGATGCCGACAATTTTTGAGGGCACATTATCGACAATGAACGAGTCCATTCTTCAACTTGCCAAAGAATACTATCAGTACAGACATTTCATGTACATAGGAAGGGGCTATGGTTATCCGACAGCTCTAGAAGG
NZ_CP011232.1_gap26	918543	920272	1729	TTGTTTTCGGGACACGAAGCATTGTTAAAATCGCTGAATTTGTTGAAAGGGCAGCTAAAGGACACAAATTCCTCGATATGTCAGATTATCTGAATGAGCTTGACTGGTCAACGCCAAAGAATCGTACCAGCAGGCACCATGCCTGGGTAACAATCATCTATGGCTGCAACAAATTCTGTACATACTGTATAGTTCCATACACCCGCGGCAGAGAGAAGAGCAGGCCTATAAACGACATTTTAAGTGAGGTCAAAGCCTTAGCCAGCGAAGGATACAAGGAAATCACGTACCTCGGGCAGAATGTTGATTCTTATGGTAAAGACAGAAACGATGGAACAAGCCTTGCAGGGCTTATCAGAGAAACCTTAAAAATCCAGGGCATAGAAAGAATCTGGTTCCTGACCTCATATCCCAACGATTTCAGCGATGAATTGATCGAAGTCATCGCTTCCTCTGATAGAGTATCGAAATCAATTCATTTACCAATACAATCGGGGAGTAACAAGATCCTCAAAGCGATGAATCGTGGCTATACCCGCGAACAATATCTTGATCTCATCGGAAGAATAAGGGCAAAATTGCCAGATGCTTCTATCAGTACGGACGTAATCGTTGGCTTTCCAGGTGAAACGGAAGAAGATTATCTCGAAACGAAATCATTGATTGAAGAAGTCAAGTTCGAAAGGGTCAATCTCGCTATGTATTCTCCGCGCGAAGGAACGGTCTCAGCAAAATACTTCAAAGACGATGTGCCACACGAGGAAAAAGTGCGACGCCTGAACGAACTGTTGGAACTCCAGAAGAGAATAAACCGCGTGATAAACAACGCATATGTGGGAAAAAATGTGGAAATCATAGTGGAAGACCTGATGAAGGATGGCAAGCTTTATGGCAGGACGATAAACAACAAGATCGTGATTTTTGATGGATCGAAAGAACTCATTGGGAAAAAGCTCCGTATAAGAATAGAAACTGCTACCGCCGGTCCGTTGTATGGAGTATTGTAAATACCTTCACAAAAAAACAAGCCCCTTTTTTGGGGCTTTTTATTTCTTCCAATCTCTGCTTACTTCGAAAGATTGTTCTCAAACAAAAACAATTGAACCAAACAAAACCATTTAAACTTATATTTCTTGGATGACTAAGAAACATTTAGTAACTTCTAATTTTTGATTCTATCTTTAAAAGCATATTATAGACGAGAGATAATTATCCATTTTCTCCTAGCAATTCCCTATATTTTTTGTCGATTTCCTCTTTCTTGCTCTGAACAACGGCAAGTTTTTCACGGCAGAACATGAGAAGGTCCATGCCCTTTTCGTAGAGCTCGATAGCGTCCTCTATGTCTATCTCATCGCCCTGCTCGTCAAAATAGTTCGAAATAGTTTCAACCAACTCCATAGCCTGGGAGAATCTTAGTTCACGCATCTCTTCCTCTGTCAAGCTTTCGAGAAAGTCTTTCAGGTCCTTCAGTGTTTGAATTTCTGGAAGTTCCATTTATTTCACCCCCTCCGGGATTCTCTTTTTGTTTGGAATCTTTTCTTTCACTTCCGACAGGATAACACCATCGGCGAGCCTGAGTTTCAATTCGTCGCCTACATTGACTTGCTCAATGGTGGTCACCGCCTTTCCAAGTTCATTGGTAACGATAGCCCCGCCCTTTACCATAGAGTGTATGGGGTTGATAGAGCGCACTTTGGCAATGTATTCTCTTGTTTTTTGTTCTGCT
NZ_CP011232.1_gap27	930318	931571	1253	GGGCCTTGAGATATGTAGGCCACTGCACACCCTGAACGTCTATGTGGAACTTCGGGTTGAGAGATTCGATGTAGAACTTGAACATTTCGGCAGCGGTCTGTCTGGCTTCGTTACCGGTGTTGTAGAGGAGCGTCAGCTTGAAGCCTTTTTCCCAGAGCTGACCATCAAAGGCTTTCTTGAATTCAGCTGCGGCCTTGGCAAGGTTGAATTCAGGAACGGGCAGCGTTTCATCGAAACCAAGGTAACCTTCAGGAAGGTCTGTCGGAACGAGTTTACCGTAGCCGTTGAGAACCTCTTCTATGAAAGTCCTGCCGTCGTAGCAGTAGTAGAAGGCCTTCCTAACGTGAACATCGCTGAAGAATTCAGGTGGCACACCATTTCCATCGAGTCTGCCGCTTCCGATGTATTCGCTTCCTTCCTTGACTTTCCAGTTGAAGTGGAAGGAGGTGATGGCTGATGTCGGGTATCCGTCGATTATTCTGACACCGGGCATACCCACGACCTGATCCTTGTACTGTGTGGGAACATAGACGATGTCAGCGTCGCCAGCCTCGAGCATGGCTTTTCTGGTGGAGTATTCGTCGATACCCCAGATGATGACAGTCTTCAGTTTGGCCGGACCTCTCCAGTATTCGTCAAATCTTTCGAGGATGACCTTCTGCTGTGCCCTGTCCCATTCGACAACCTTGAATGGACCGGAACCAGCGTCTACACTGTGGAAAGGTGTTTCTTCTGGCTGCAGGTCGTGCCATTTCCACCAACCATCAGCGTTTCCGTCCCAGGCACCGTTTTCCTTGGCCCAAGTGGAGTCAAGGATTGCACTCCAGCCAGCGTAGTGGGAAATGATCCACATGAACGGAGCGAAGGGACCATGGAGTGTGAACACGACATTGTTACCATCGACTTCAATGAGAGGATCGATGACTTCGTTGTAGAAAGCGATGAGCTTCGCTTTGGCCTCTTCAGAGGTGGGTTCCCTGTTTTCATCGACAGCATCGGAGTAGGCCATACCTGACCAGGCTTCGAACCAGTCTTCCAGTGAAGCGTAGTCTCCACCGGAGAGGGCTTCGATGATCATCCACATGGGTCCACCAGCAGGATCGAAGAGGATTCCTCTTTCAAAACTGTACTCGACGTCATAAGGAGTGAGAACGTTTCCAGTATGGAACTTGACGCCTTCCCTTATGGGGAATACGTACTTCGTACCGCCATCCTGGATGAGTCCATTTTCCAGTGTTGGAACCTCGGTCGAG
NZ_CP011232.1_gap28	939198	942510	3312	GAATTAAATTTGAGTATTCCTGTAAAATTATGTGAGTTAGAAACGGGATTGCCCTGTTTGTCCAAAAGGGATATGTTAAATACATTTTGCAAAGTAGAAGCCTCTAAGGTTATTTTTCCAGGATAGGTGTAAGTTCCATAGAAAATAGCAGCATATGATTCGCTTCCGTTTGACTCTTCTATTGTCATGAAGTATTCACATGTCTCGTCCCATTGGTCAAAGGGTGTAAAAAATGAATCAAAGTCTATAATTATTGGTTCGTTGATGGCTAAGTTACCAACGTTGACTCCACTTGATCTTGCTTCGTATCCCCCGCCTACATATCTTTCGATAATTTGCGCTGTACATCTTGTGATTCTCATTCCTTCATCCGGAACTATAACAAAGCCATTTGTTAAGCTTTCAGATGGAACTACAGTTATGGTTATTTCCCTCTTTAAAGAATTTGAAAATTGTGTATTTGGATAGTCATTAGCATCAATTTCGATGATTAGTGTATATGTCCCGGGTTCCGTGGGAGCAGTTAAATTGTCGAATGCAAAACCTTGTTCAGTTAGTTCCGTCTGTAACGTTACTGTGTCCGAGGGACCGATTAGTTGCATTGTAACAGAAGGATTTGACCAATCGCGATTTTTGATGGTAATGTTATTCCCAAATTCATCCCTAATCCATCCTTGCAAACTTCCTGACTCTCCAGCAGGAATTTGGAGATTTGTCGCATCCGAAGGAATTCCTTCAAGTTCAATAATTGGCATACCAAAGAAATTTAGATCAGCTGTAGTGCCATTACTGACGGTAACTCCTCCAACATCATAACTCATGTATAAGTAACCGGCTGTTCTTAATACCACAAAAGTTTTGAAAAGCGTATCCGGTGTAACAGTGAACGTGGATTCAGTTGCTTGCTCTGTGTCGACAAACGGCCCCGACCAAATAACTGCCTTTTCCCGTGGATCCAGTTTGATAAAGGAATTTTCAAAGTTATCTGCATGAATATTGAAGGTTAATGTTCCAAAATCACTCAACGAAAGTACAGTAACATCATTCATATTAAGGTTTTGAGTGTACCAAACATGATGGTTGGCGTTATCAATTGCTGTCAAAGAAATCAAAGATGTCAGGTTATTTTTAATAGCTTTTATATCTTTATAAGAAGCACCATATATCTCAGTGAAGTATTTATAATCACTTATTTCAAATGCTAACGAAACAGTTGAAGTTGCAGCGATTTCCATACCGCTTTCATCTTGCAGTTCAAGTGACAGCGTGTTTGTCAAATTTTCTAAAAAAATACAGATCCCCTCATCAGGTAGAGTTATGTTCCCCCGCCATAAGAAGTACTTAACCTGTTCATTTAAAGTTTCTCGAATCACAACTGAAACGTCGTAAGTATCGCCCGGAATGAAATCTGACAAATTGATCGAATTTTTTCCTCCATTATTAAAATTGAGATTTCCGGATATAGAACTTCCCGCAACTAATGCATAATCAATATTTCCTTCAGGTTCAGGGTATATAAGTATCGTTCCTGGTTGATGTGAGTTCGTTGTAAAAGTCCAGACTGGACTCTGCACCTCATGAATACCATCTTTGGCTACAACTTTCCAATAATAAGTTGTATCAGGCATTAACAACTCTCCAATTGTGAAGCTGTTAGAAGGATTATCTGACGCAATGAGCTCCATATTTTCAGAACTTATACCAAAATAAATATCAAAAACAAGGGAATCTCCTTCTGGATCATTACATGCCCAACTCAGTGTTACTGAGTTCAATTCAACACTACTGGCACCTTCAGCAGGAACTGGGTCATGAGGTATTTCTGGGGTTTCGTTTGGTTTTGTTTTTGCGTAGTTTCTTGCAAAAATGATGAAATCGGAAAGACCTATTGTTCCGTCCGGTGAACATTTGTCGTATATGCCAGCCCATTCTCCACCATAATGATCCTCGGCTGGTGCTATGTCGTACACTACTTCGTATACACCGTCTCCATCTTCTGTATTGTAGTGCTGTGCAAAGAGTATGAAATCACTAAGATCCACCTTTCCGTTTCCATCGAAGTCACCCAGTAGCTTTGGTGCTCCTATCTCTATTTCTCCACCGTATATAGATACATTCAAAAGATTTGTGCTCGGGTCTTTTACTTCTCCGGACATTATCAGCGTTGTAATACCCGTGTTGAACTTTGTCTTTACATGTACGGCGTATATGTCTTCAGAGGCTATGCTAATTCCTTCTGAACTCGTAAACGCCGTCGATATTAACAACGTCCCCTGTTCGTTGTCCACCTGTACTATCATCATTCCTGAGCTGTATGTATTGAGCGCTTCAACTCCGTTGTTCCCCTTCGTGGTGTCTATCTCTATATATGCCGGGTCGAAGGTTATGTTGAGTTCGCTCCCGCCTATTCCATTGACATTTTGCGCGTGTATGTAGAAAACACCCTCGGCATTCCTGTCTATCACCGTATCCCTTATGGATATACCATCTGGCAACGGTTCTGGTGCTCTCTGTACCTCCAGCATGTATTCCTTCTTTACATTTGCAACGATTCCCTTCAACGTCCTGAACTTCCCGAATATCGTGAGAATCTTCTCGCCTTTTTGTATATCACCAGAAGGCTTGACGACCGCTATGGTAGTCATTCCTTCATCATTCTTGACTATCTTAAGGTAGTCATTGGATACTTCCACAGCTTCAGGAGATATGGTTTCATTGAGTGTTATCTCAAAGCCTGTCATTGTTTCCTCTGCTTCTATGACTATGCTTCCGGAACGAAGTAAAAGCATCGCCCCCTCTACTTCCATTGCATCCTCTTTAAATCTTAGACAGGACGATAGACTTATAACCAGAAACAATGTAAGCAGTACTATTATCATTCTCTTCATGTGCTTTACCCCCTTCACTTTATCCAGAAGATACCTTTGTCTTTTGTATCTACTGCCAGAGAATTAAGTGAAGAATCCTTTACTTCTGTCTCTTCGCCAACGAACCTTATTTCCGTTTTTCCTGCGGTGAGAGTTTTCAGTGTTATTTTCATAATGTCCTCATCTAAGATGTCAATTTCTGAACCACTGATATCTGCCACAGAGATAAGTAAACGGTTTCCTTCAAGTTGTTTTACAACCTTAAGGAATCCTTCTATCGGTCCCATAAGAGTTACAGAAACATCAGAAGTGTCGATATACTCCGGTTCGTATTCAATCACGATCTGAATACCAGCAACATTCTCCAGTCCTTTTGCGTGGATTATCACATCTTCAAGACTGTTAGCTTCAAGAACGCTGTCTCTTATTCCCAGTGAACTTTCAT
NZ_CP011232.1_gap29	944775	946657	1882	TTCACCGTCTCCTGAGACCTTTCTGAAACTAAGGGCGTCTCCATCTGGATCACTGGCGTACTCAGAAAGGTCAAAAACGAGTGTCGAACCTTCAGAAGTATGCTTGTCGGGGATTTGCAAAATAGGAGGTCTGTTTGTGTTTTCAACTGTTATTGTGAAACTGTCGGTTACTGTGTATTCTCCATCGCTTACCGCTATTATCACTTCATGTTCTCCAGCTGATTCATAGTCCGGTGTCCAGGAATAGAGCGATGGTGTATTCACTGTTGAAGATACTTTTGTGATAACAGTGAATGATGTCAACAGGGCCCCGAGTATAGAGATAGGCAATCAGGTTGTGAATGAAGGAGAGGTACTGGAGTTCAACCTGGAGGAATATGCTACCGATCCGGATGGAGACGCGCTCAGCTTCACCATGATATCCGGGGTAGGAAGGATAGAGGGTAACGTATACAGTTACAGTCCCGACTACAGTGACGCGGGCACATACGAAGTAACGATAAAGGTGGCGGATGGCAAGGGTGGAGAAGCACAGGATAGCTTCACCATAACGGTCAACGATGTCAACAGGGCACCGATAGTAGAAGAAATTACTGATCAAACAATGTACGAAGGTAAAAAAATATCTCTGCCCATCGTTGGGAACGATCCTGATGGTGACTTATTAACTTATGAATTGAAATCAGGACCAGGAATGATCATATCAAACATTTATAGTTTCAAAGCCGATTACGATGATTCTGGAACTTACTCAGTAATCATTAGAGTCAGTGATGAAAAAGGGGCATATACAGAGATAACTTTTACCCTGGTTGTACTGAATTCCAATCGCCCTCCGGAAGTAGACATTCCAAATCAAAATGCATATGAAACAGAGCCCATAAATATTCAAATACTAGATTATATAAATGATCCAGATGGTGATGAGGTTTCTGTGAGAAAAGTTTCCGGTGTTGGTGAAATAAATGGTATGGTGACTGTGATCTTTACCGTATACTGTCCCGCAGATTCATAGTCAGTCGTGTAAGTGTATTCGTTATCTGTAACTTGACCAGGTCCCTCTATCTTCTCGAAGGTTATGCTGTCTCCATCAGGATCAGTCGCATATTCTAAAAGGTTAAGAACTAAAGTGCTGTTTTCAGGTATTTCCTGGTCCGGAATATCTATTATTGGAGCACGGTTTGAACCACTAACGTGTATTACGAATGTGTCTGTAACCTCTGTAGCTCCATCAGATACAGCCACTACCACTTCATGATCTCCTTCATCTTCATATCCCGCTGTATATGTGAATACACTACCGGATAGTTCACCGTCTCCTGAGACCTTTCTGAAACTAAGGGCGTCTCCATCTGGATCACTGGCGTACTCAGAAAGGTCAAAAACGAGTGTCGAACCTTCAGAAGTATGCTTGTCGGGGATTTGCAAAATAGGAGGTCTGTTTGTGTTTTCAACTGTTATTGTGAAACTGTCGGTTACTGTGTATTCTCCATCGCTTACCGCTATTATCACTTCATGTTCTCCAGCTGATTCATAGTCCGGTGTCCAGGAATATTGAACGGTATTGCCATTCAATTTGGTAATTGTACCCGGTCCCGTCAGAGTAAATAACAATGTGTCATCAATATCTGGATCAACAGCACTTATTTCAAGTTCAAGTAAGCTTCCTTCTGATATATGTTGGTCATGGATATCATCAACTATGGGTTTCCTGTTAACGTTTTTCACGATAACACTCAAGTTTGTAAATGTTTCCATTCCATCATTATCAATAGCTTTTAGCTTTACGATATATGAACCAGCAGAAAGATAATCAGGAGAATAGGTGAAGATTCCATCCAAAACATCACCGATTCCATCAACTTTTTCGATAGATGTTATA
NZ_CP011232.1_gap30	953019	956512	3493	AAGAAGTTCTTATCGGATGACGGTAAACGGTGAACAACAAACGACTCACAATACTCGTAAGCCTCCTTTTCTTTATATCAAATATCAACTCTTTTCGTGTTAGACTTTTCAACAAAGTGAATCACTGGAGGAGATGCGTTGAGAAAAGCGGCTGTAATCGTTCCGGTCATTACCATCGAAGGTGAGCCGTATTTGATCCTAACGAGGCGCTCCAGAAAGCTGAAGAGCCATCCTGGTCAGATCAGTTTTCCCGGAGGCATTCGAGACAATGGAGAAGAATTATGGGAAACGGCACTGAGGGAGATAGAAGAGGAAATCGGAGTGGACCGTGATAGCGTGTTGTTTGTACACTGCCTGGAAATGACAGAAACACTCGTATCAAGAATCGAAGTCCATCCCTTTCTCGCCCTCCTTTCCAGGAGAGTTTTCAGACTCAACAAAGAGGAAGTGGAAGAACTCATCTTCGTGGAACTTTCACTGTTTCAACGAACGAAAGAGGAGGTCATAAGGCTCCCCTCAGGAGAAGAGACCATAAAATACAGACTCCCCGGACTCGTGGTCTGGGGAGCCACTGCGAGAATCATAGCGGGTTCAATCGATGAGATACTTCGAAAACTGTCAGAGTCCGGCCACATCAACCCCTTCGACGAGGACTGACGGAAGAAATGCATATGAGGAGAAGCCCGCCATACCTGGCATAGAAAACTTTGCATCGTTGCCTGTTTCAACAATATTTTTCAAAACGTTGAGAATGTTGCCAGACACCGTTATCTCTTCAACACCTCCAACAATTCTTCCCTTTTCTACCAGAAAACCCCGGGCACCAAGGGAAAAATCGCCGGAAATCGGATTGGCCCCAGAATGCAACCCATCAAGTTCGATGATCACAAGGCCTCTTTCAATGGTCTTTACCATGTCTTCAAATGAGACTCCTTCATTTTCCAGTACAAGGTTGAAATGAGAAATACTTGTAGGAACCCTATAGTTTCCGAGTTTCAATGCGTTACCCGTTGATTCACGGTTGTCGATTCTGGCGGTTTTCAAATCGTACAGATAAGTTTTTAATTCTCCCTTCTCAATTATCGCTTTTCTCCTTGTCGGCACGCCCTGATCATCAAAGGTCCTGCTGACAGGACTCATCTCCAAAAATGGGTCGTCGATCAGGGTGAGTTTTTCGGAAGCGATCTTTTCCCCAAGTCGACCCTTTAAGAGTGAAAAGCCCTTTTGCACCGATTTAGCCGAGAACATCGGACTGAAAGTCGATAGAAGCGAACCAAAGGCATCGTTCCTAAAAATAACGGCATACTTGCCACTCTTCACGGGTTTGGCAGTAAAAAGCAGTTCCATATCACGAGAAATTCTAGTGGTAATATCTGAAAGCCCAAGGTCTTGTGGCTTTTTTCCCACCTTGAAATAAAACACGCTCTTTGGTGAGTCGTTCCTTTTGCCCAATGCCATAGCAAAGATATGTCCGCCATCTGACTTGGAATACACTTCCATTCCAGAAGAATTGGCTATGTAGATCTCCGAAGTCTTGTGACTAAATCCATTGTAGGGGACCATAAAGATCTCAGGGCGCGAAGCAAGAACGGACTTCTCTAGCTCCATTGCTATTTCGATTTTTTCACGTGCCGTCAATCTATCGAATTCTCCGAGATAAAGAGTGTTGAAACTGGCGTACTCTCCTGAACCATCATAAAGGAAATCCTGTTCTTCAGACTCTATCACTGTCACATTTTCCAGTGCTTCATCAACAAGTAGCTTCACTGCCTGTTCATTGAGTGTCTCAGAGAAGGAATACCCTACCTTTCCGTCTTTGAGAACTTTAAAGCTCACTCCCACAGTCGTAGCATCTTTGTACTTCTCGATTTCACCCTTTTGAATGCTGACATCAAACTCGCGAGTTTTCTTTATGTAGATTTCAAAGTCGTTGGCCTTTTTAGCAGCAGCGTACTCAAAAACCATTTCCCTGAATTTTTCGAATGTCATCTATTTCGCCCCCCAACAGTCAATTCGGAGACTCTAATGGTTGGCTGCCCTACATCGGCGGGAATTGAACCCGAGACTGAACCACACATTCCCTGACCACGTTCCAGGTCATTTCCAACCATGTCAATCTTCAGGAGTATTTCCGATCCTTTTCCGATGAGCGTTGCACCCCTTACAGGTTTTGTGATCCTTCCCTTTTCAATGAGGTATCCTTCCCTCACTGAAAAATTGAATTCTCCCGTTCCGGTGTTCACTGAGCCCCCACCCAGGGACTTCGCGTAAAGCCCATATTCTGTATTCGCGATGATCTCTTCAGGGTAGTAAGGGCCCGGGAGTATAAAGGTATTGCTCATTCTCGATGTGGGAGCATAGCGATAATCCTGCCTTCTGGCGCTTCCGGTACTTTCCATGCCCATCTTAATGCCGTTGAACCTGTCTATAAGATAACTTTTCAGGATCCCGTTTTCTATGAGCACGTTTCTCTTAGTAGGTGTCCCCTCGTCATCGATATTCGCAGATCCCCAGGCGTTTGGTATTGTAGCGTCATCAACTGCGGAAACGCAGTCGGCCGCTATTTTTTGACCGAGCTTACCCGTAAATACCGAAGATCCTTTGGCCACGGACGTCGCTTCAAGGGCGTGGCCACAGGCCTCATGAAAGATCACGCCACCGAATTCGTTTGCAATGATCACCGGCATTCTGCCGGCGGGAGCATATTCCGCCTCAACCATTCGGGCCGCAATGCGCCCTGCCTTTTGTCCTGCCTCAAAGACATCAAAGGTGTTGAAAAACTCAAAGCCCATAGCCGCACCGGGACCGTAAAAGCCCGTCTCCTTTTCATTGTGTTTCGAAGCCACGGCGTTGATCATCAGTCTTGTTCTGAGTCTCCTATCTGAAACCTTGAGGCCTTCAGAGTTGATAATCGTGACCCTCTGATCGTAATCCCAGTAGTCCACAAGTACTTGAGTTATGAGTTTGGAAACGCTTTTTGCACCATTGAAAGCCATTTTCATTACCCTGACTTTGTCTGTCTTCGATACAGAGAATGGTTCAAGGATGAAGAGATGCCGGTTCTCAATAGATTGGTCGCGAAAATCGAGGGGAGATGGTTCACCATTTCCCTGAATGACTTCTCCCAGGTTTACAGCAACCTGCCTTAACACCTCTTTTGAAGGATCATTGGTGAAAGCGTATAAAGAGCGATTTTTAGAAAAGGCTCTGATACCTACGCCAAAACTTTTCCCCGAAAGAGCTCTTTCCAGCTGTCCATTAACAAGAGAAAAGTTGCTGGAATCCCGCTCTTCAATGAAAAGCTCTACGAATTCGGCCCCGCGTCTCAGCAAGACTTCAATAATTTCACTTGCTGTCCTGTCATCGATCATAAAAACCCTCCTAAAACTGATTAGTTAGTATTCCTTACCTTTTATTTTATCTCAAAGAAATGTTACAAATCAAACGTAGAAAAAATGGGGACGCGGAACAGGGGACAGACACTATTTTTACC
NZ_CP011232.1_gap31	959579	961678	2099	TATAGCTTCAGCTTTCCAATGCAATCCTTCGTCTGATTTCTGAGATAACGGATGCAACGACTATTATGCTTCCCATTACAATAGAAGAAATGTAATTCCTGGCCATAATGAGCAAAATCGTGCTAAACAGGTTCAAAGCAGCACCGGCAATGATCGATTTTCCCCTTCCGAATCTATCGGAAAATATCCCTGCTATACCCATTTTGTAAAGACTTAAGGCTGTTGTAGACCACCCAGAACCACCCGACAAACAGCATAATAATGAATCCTATTAACCATGCAAGCGGCATTCAATCAACTCTATAAAGTTTTATCGGCCTTTTCTAAAATATTCAATGGTGATCCCTTATTCATCCAATATGTTCAACAAGACTTCGTTGAAATCTTCAGGGAAAGTATGTCCCATATCTGGATAGATATTCATCATGCAGGAAATGTTATTTTCTGTAAGCAATTCTTTCACTGTTTTTGCCCTTTTTAGAAGCATATCTTTTCCTCCGGCAATTATATATATTTTGAAACTGTTCTTGTTGTTTTTTATCAGCTCCTCAATGTAATCCACATCTCTGAATGCGGGTACTACAAGCACCAGTTTTTCTGGCTTGAGTTCTCCTTCAAGGGCGAGTTCAAGTGCGAGATCGGCTCCTTGAGAAGCTCCGCCGAGTATCAGCTGGCTGACCATAGAAGAATGGATACTTAAATACTCTTGAACCTGCTCCTTCACTTCTTTTTTAGCAATTTTGACGTTGTCCCAGCAAAATAGTCCCGTCCCAACCTGTTGTGAGGACTGAAGCGCAAGAAGTCTTGCCTTTCCATTTTCGACTGCATCTTTCCAGAAAATAGAGAATTCTTCCGCGTTTCCCATTCTCCAGTGAAGAGCAACTATCAGGGGGAGCTTATCAGAAACACCCGATGGACTGAGTTCTACCTTTAAAGGTGCTGACAGCTTTGCAGCATCGGCCTGGCGCTGCTTGAAAACATTTAGAATTTCAATATATTCTGGTTCTTCTTTTATATTCTCAAGATCTCTGTCCCGCTGAATTATCTCGGGTGATAACCAGTACCCCATGTCCCTGAGTTCTTTCAAGGCTTTTATCGCCATGTCTTTTTCATTCCTGAGCGAATGGATACACGCTTTCCAGTATTTCGCCCTGTACGCCATGTCTGGACATGCGATCTCGATTTCATCGATCAGCTTTAGAGCTTCGGCTATTTTCCCCGCTAGATAGAGATCAAAAAACTCATTCTGGTAATCATGGAAAGATTTCTTTTTCATGCCTATTCCTCCATTCAAAAATGTCCCCGGTAGCAGAATATAATCTCTCGTACTCTCAAAAGAGAAAGCAAAACAGAAAATCTATCCAACAATGGGATCATCGATAATCATTCCATCATGGAACCAATCCAGACGTCTATCCTACCACAATTGCCCGTCGTCATTTCTTTGAGATAACTGCAATCTAGCGGATACTCTGTTCTTGGACATTTTGGATGTCTGCTTTTTTGGCCTATTTATGACTATTTCATGCTAAACCACGAACTTTTCAAGCCTTTCCCAGAAATTCATGCATTATCTCTCTCATTCGTTTTTCTCTCATTTTCAAGTTTCTCTTGCATCTTTTTGCATCTTTCGTACCACAAAATCTCATAGTCGCTGTGTGGGACAATCCTATCTTTTAGATCAAAGATACTCCTGATTCCTTCATCGAGACACCAATCAACACAGATTTCATAGGCTTGCAGATCGAGATCATCTTCGTCCCAGTACACGAGCACTTCTTTCAACCCGTTAAGATATGCAGCCATAGCACGCGTATGACCGTCTGTATAGATTATACGGCCTTTCAGCCTTATAACAGGAATTGGCGGGAGAGCTTCAAATCCCTCCATTGCGATGACATTTAATACACTTTTTAGTTTTTTCCGACTTATGTATAACTGGCTTGGTTGAATTTCATCAAGGAGAAGAAGAAATGTCCGCTCCAATTTCCAATCCCCCCAAACAACGATTAATAGTCAGAAAATTTTTATTGTTGACCAGGAAAGTGTTCTCTGTGAACTTGATCGAGAAAGGCCATTTCGTCGGAAAAATCTTTCAG
NZ_CP011232.1_gap32	962757	963411	654	CGCACACAAAAGGCGGGATCACTGAATTGTTTCTTTCTAAAGAAATGGTTGATTCTAGAGACAGGGTACTGATTGTCGATGATTTTTTGGCGAGTGGTAGGACCATTGAAGCAGTCGCTGATATGGTTATAAAAACCGGTGCTGAATTGAAGGGTATAGTTGGAGTCATCGAAAAAACTTTCGAAGGCGGTAGGAAACTGCTGAAAACCTTCGATGTTCCAATTGTAAGCCTACTAAAAATACGTTCTCTCGATGGTAGAATTGAATTTGATGTAAAGTAGAAGTAGTCTTAAAGCACTGAAATAGCCTGGTTTTATCGGTTTACTGATATAAAATATTCGATACTCCTGTTCCAGGTTCTTTCCTGCTCCTGAGTGAAATAGCAGGCGGGTAGTTCTCCGCGTGAGCGGTGATAATCAAGACATTCGCAGCATTTCCCTTTTCTAGGGCAACCGGGATAGCTGCAATTGCATTTATCAAGATTTCGTTGAAGATTCGGGCAATTCATGTGTTTACCCTCCCTTTCATGAAGTGAAAACCAAAAAACTAAATTTACTGTCTAAGTTACAAAATTAAGGACACTGAAATGCCTCTTGAATATAATTAAATCATACGGAACATAGATTTGCACTATATGACTGGATGGTGAAATCG
NZ_CP011232.1_gap33	1086669	1091524	4855	GAACAGTGGATATAGTCAGCACAGAATGGGAATCTCCGATAATTGCTTCCAATATTCTTACAACTGCTAAACCTATGCCAAAATATGTTGCGTCCTTTTTTTCAATGATCTTGTATGCAGCGTTTTTGGTGTCCTCAAATATTCTCTCGAAAACCCCGCTACCTTCACAGCTGGCGGTACACGCACTACAAAGTGTTTCCAGAGGAATACCCCCCACATTGGCTGTTGACCAGCTCACGATCTCACTGTCCCCATGCTCGCCAATGACATAGGCATGAACACTTCTCGGGTCGAGATGGCAGTGTTGCGCTATGTTTTGTCGCAGTCTTGCCGTATCAAGGGTTGTACCCGAGCCAATAACTCGATGCGATGGAAGTCCGGATACCTTCCAGGCGACCCAGGTAAGGACATCAACGGGGTTTGAGACAATCAATAGCAAAGGGGATTTTGAATAAGAGAGCGTTTTTTTGACTATGTTTTTCATCAATTCAGCATTACTTTCTATTAATTGAAGACGAGATTCTCCAGGTTTCTGGGATCTGCCCGCTGTAATGATCACAATGTCTGAATTCTTCGATAAGAAATAGTCGCCGCCAAGGATTCTTACCGGTTTAACATAAGGGTTTCCATGGCTTAAGTCCAGTGCATGACCTTCAGCAAGGTTGATATTCACGTCGATCAGAGCAATCTCATCGGCTATGCCTTTCATCATCGTGGCATAAGCAATTGATGCCCCCACCATGCCTGCACCAATTATAGAAATCTTCATGTGCTCACGCCCTTTTATTCAAATATTGCTTCACTCTTTCAAAGAGTCTTTCTTTCAGATGATCTTTTTCCACCTTTTCAACAATCTCACCTTCTGAGAATATCACCGCTCCAACGGATGTCCCGGCAATACCGACATCAGCATCCTTTCCTTCACCGATGCCGTTAACAACGCATCCCATGACGGCTATGGTCAGGTCTTGATTGATATCGCCAAACCAATTCTCCACTTCCTGCGCAAGAGTCTCCACATCGATTTCGGTTCTCATGCAGGTTGGACATGCTATAACCTCAACACCTTTTCTGAGTCCGATTGTCTTTAGCAGCTTTCTCGCGATTCTCACTTCCATCAGTGGATCTCCGGCGATGGAGACCCTTATCGTATCGCCTATTCCTTCGAGTAGAAGGGTACCGATACCTATTGAAGATTTTATCACCGCGCTCTCAAGAATCCCCGCTTCCGTAACACCTATATGCAAAGGATAGTCGACCTTTGAAGATATATACTTATTCGCTTCAATCGTCTCCCTCACCGATGATGACTTAGCAGATATCACGATGTCATAAAACTCCATTGATTCGAGAATTCTCACCTCTTCGAGAGCACTTTCAGCGAGGGCAACCGCTCTGTTGTCATAATTTTTGAACGCTTCCCTTATCGAACCTGAGTTCGCTCCCACCCTTATGGGGATTCCATAATCTTTTGCAGCTTTGGCTATCTCCCTTACTTTCCACAGCTGACCTATATTCCCTGGATTGATCCTTACTTTGGACGCTCCGTTTTTTATCGCGCCGATTGCCAGACGATAATCGAAATGAATATCAGCTATAAGCGGAACACAGCTGTTTTTCACAATTTCAGCAAAGGCATCTAGACTTTCCGTGTCCGGTATCGAAACACGCACAAGATCGCAACCCGCCTTATGAAGTGCAGCGATTTGTTTGACTGTGTCCTTGATGTTACGAGTATCGGTATTCGTCATGGATTGTATGGCAATCGGGTTTCCTCCACCTATGATTACGTCTCCAATCCTTACCATCCTGCTCATGCTATCGCCCCAAAAAACGTCCTACATCGATGGCTGTTATATAGAGAATTATTCCTATCAATATAAAGAATCCTATCGTTTGTATATAGGCCTCCACTTTGGGATCGATACGCCTTCTAATAACCATTTCGACAAGAGCCAGTATCATCCGCCCTCCATCAAGGGCGGGGAGCGGTAAGAGATTAATGACCCCAAGGTTCAGAGTTATCAGTCCAACGAGCAATATCACCATCTTGATTCCGGCTTTCGCAGCATCGCCTACCAGTTTTACGATACCAACAGGTCCTGTGAATTCCCTCAAAGAAGCCTGTCCCGTGAACAGGTTACTTATCACTACAACCATAGTTCTGAGCAATTCCGTCGCCCATTTAACTCCAAGGGAAAAGGCTTCGAAAACATTCCCGGGATACCAATAATCGAATCCTCGCTTGAAGACATTTGGCTCTTCGAGGATTGAAATGAACTCACTCTTAGACATACGTATGGTAACGAGCTGACCATTTCTGAGCACTTCTATCTCGAGGTCTTCAGGTAAGCCTGTTACCACCTGTTCGAGCATGTTCCCAGTGAAATACAGGTACATCGTTGATTGGTCAGCCGATATGCTCTGAATCAGATAGGAGAAATCAAGACCATCACGAACAGGAAAATCGTTTATCCTCACAATCCTGTCGCCAGCTTTGAAGTTCCTTGCATCTATGTTGAATTCAGGTTCAAATGAAGCGTAGTATATGCCAAGGGCAAAATATGGCTCAGTGAGCGAAAGGTATTCCATGGTGGCGCGCACCTTTTTTCCATCCTCAAATACAAGCTCTACAATCTCGCCCTGTCGGAGAGATTGGGCGATGGCGCTGTATCCGTTATCAACTAACACTCCATCGATACTCACCAGCTTCTTTCCGGGACTTCCTTCTACATCACCCAGAACGAATACAGCTCCTTCAGGCAAAAGACGGGGCTGGATATCAACTTCAATGAGCTCACCATTTCTTTCGATATCCAGGGTGAGCGCCCGCCCGGTTTTCACCTTTCTCGAAAGTGTAGAACTCTCTATAACCGTCCCACCATTAATGGAGACTATTCTGTCTCCGCTCTGAAGTCCAGCGTAATACGCCGGGGAATTTGGTTGGACTCTCTCAATGATGACTTCCGGAAAACCCCAGATAGCACCGGCGATCGCAAAAATCAAAAAGCCCGCGAGAATTGAAAACAGGGGACCTGAAAAGGCTATCAGGAACCGCTGCCATGAGGGTTTGGTATTAAAAAGTTGTTCCTTTGGTATATCTTCCGCATGTTCATCGAGAGTCTCGAGGTTTTCACCGGCCATTTTAACGTATCCACCCAGCGGGATCAATCTAATACTGAAGGTGGTTTCCTTGCCTTTTATTGAAAACAATTTGGGACCAAAACCTATGGCGAATTCGAGGATTCTGACCCCGAAGAATCTTGCAAAGATATAGTGCCCCAGTTCGTGCGCTACAACAACGCCGGTAAATATCGCTATAAAATAAAGGGCAATCACAGCTCTATTACCTCCCTTTCTGCAAGCTTCCTTGAAAATCTATCTATTTCGAGAACTTCGTCAAAATTATGGGGACTCGCTTCGAATACTTTTTCCACTACCCTGTAAATAATCCTGAATATGTCACCGAATTTTATCGCTCCTTTTTCAAAGTATTTGACTGCTACTTCGTCTGCTGCGTTGTACGCAATCTGCTTTGAAGGAACACCTGTAATCTCTCGCGCCAATTTCAGAGCCGGATACCTTCGATAATCGATCTCTTCGAGAGAGAGTGTTAACCTATCCAATTTTATGTGAGGAGAACTGTACGTTCTCACAGGATAACTTAAAGAGTAAGCTATCGGTATTTTCATATCGGCTTCTCCCACATGCAATTTGATCACTCCATCACGGTATATGGCACCACCGTGAATAAGACTGTTCCTGCAAATGTATGTCAATATGTCTTTCTCTTCATAATTAAATAGATAATGGGCTTCTATAACCTCAAGACCTTTGTTGACCATCGTTGCGCTGTCTATCGTGATTCGTTTTCCCATGGACCAGGTCGGGTGCTTGAGTACTTCTTCGAGGGTAGCTTCTTCTATTTGTTCCAACGGGTAATCGCGTAGAGCGCCACCTGAGGCCGTAATGAATATCTTTTCAGGTCTACTGTCGCCAATCATCAATTGAAATATGCCGCTGTGCTCACTGTCAACGGGGATGATTTCGACACCTCTCTGAACAGCTTTTTCTATCAAGAGTTTTCCGCCACATACCAGCGATTCCTTGTTGGCAAGGCAGAGTCGCTTTGAAGTTTCTATCGCTTTCAGGCTGTATCTGAGTCCAACAGCCCCTGATGCCCCGTTGACAACGGCGTCCGGCATGGCTGCTTCCAGCATTTCTTCAATACCATCCGCGCCAAAGAAAAAAATCGTTTCGGGGAACTCTTCTCTTAAATAGACGGCATCCCCCAGAGTTGCGGCATAGTCAGGTTTGAATTTCATAAGTTGTTTTCTGAAAAGAGAAAAGTTGTGGCCACAGGAGAGAGCCACAACTTTATAATCTCTTAGATCATTCACCACTTCAAGGGTTTGTCTGCCTATTGAACCCGTTGAACCTATGATTGCCAGCCTTTTCAAGGTCATCCTCCGAGCTTCTCTTTGATCTGTTTTGGATCACCGGTGGTTTCATTGAGAAGTTTCTTCACTTCCTCAGGAGACATTTTTTCGATTTTAATAATTTTATCCGGAATATTTTGTCGCATTCCCGGAACACATTTTTCGGGCTTTTCTTCACCAGCAGCCACTTTTAGCGCGAAAGCAGCGCAACCAGGATGACCGCAAAGTCCACAGTCTATATTTGGTAGTGCCCCGTAAATGAGCTGAGCCTTATCGTTGTCTTTAAGCATCCCTTTATATTTAGCCACTTCTTCAGGACTTGGACGTGTTGGTTTCTTTGATGCCGGTTTCTGAGGAGCCCCAGAAGAGGACAGGAGCTTTTCCAAAGCCTTTTCCGCATCTTCTCCGCTTTCTTC
NZ_CP011232.1_gap34	1093360	1097915	4555	CGTCAGGTGTTGAAAGGAAAGAAGCGACACTAACCACATTTCCGCCATACCCCACTGCTTGACCTGTTAACACGTAGATATTTCTTCCGTTCTCTCCTTCAAATATGTAAGCGGGCGATTGTACTTTTCCCTTCCAGATAGGAGAAGAATACATGATGCCCTCTTCAACAGACATCGGAATCCATTCGTAACGCGCGAGTTCCTTCCCGTCTTTTGGAATCTGATTTTCAGGGACGAGAAGCTTTCCGGTAGAGGAATCGGTCAAAACAAAACGTATGGCATCTATCTTTGCAGCCAGCTCGGCCTTCTCAATAGGTTCCTTCACGAGATTATAAACCAGCGCAAGTCCGAGACCCGCTATAGTTGTAATTACCATCAAAACAATACCTGTCTTCAGATATTCACGCATTGCTCCTCACCTCTCCGAACCTCTTGGGTCTCGTGGCCATATCAATGAGCGGTACGAAGGAGTTCATAATGAGAATGGAAAAAGAGACTCCCTCGGGATAACCTCCGAAGTACCTTATTATCATCGTTATAAAGCCACAGCCTGTTCCGAAAATCAACTGCCCGAGAGGTGACATGGGACTGGTGACCATATCTGTCGCCATGAAAAGTGCACCAAGCATAAGACCGCCCCCCAGAAGGTGGTAGAGAGGGCTTCCATAACTCGAATTCACTGAATAGAAAATCCACGAGATCAGCGCAACACTGCCTAGATAGCTGAGAGGAATGAACAGCTTGATACGACCCCTTAGGACCAGATAAACAAAACCTATGATTAGCAATAGAGCGCTGACTTCACCTAGTGACCCCGGGATCGTACCAAAGAACAGGTCTTTTACAGGCGGGAGAGTCCCACTACCCTCTTTTAGTATTGCCATAGGAGTTGCTGTCGTTTCGAGGTCAAATGGTTTGAACCACGTCGTCATTTGAACGGGGAAAGACATCAAAAGGAACACACGACCGATAAGAGCAGGGTTCCAGAAGTTCTTTCCAAGTCCTCCAAAGATATGTTTCGCTATCCCGATGGCCACCAAAACACCGATAACCGCCTGCCACCAGCTAACAGCAAGGGAAAGGTTGAGTGCAAGCAACAACCCGGTTACCGAAGCACTGAAATCGGGTTTGAAATCTTTCCTCTGCCGGAGTACCCTCATGATGAAGAGCTCTATAAGCTCTGCTGATACCATAGAAATTATAATTAACAGCAATGCTTTCATCCCAAACAAGACTACAGCAGCGACAGAAGCGGGTATAAGGGCAATCAAAACATCAATCATTACTTTTCTAACGTCATCTCCAGATCTAAGGTGTGGAGCAGCTGCTACTGTCAGCTTCATCATCTCTTCCCCCCTTTGAGGGTCCTGTACACTTTCTTTGCGAGTTTGAAGTTTTTGACGAGTTCAATGTTTGCCGGGCAGGCATAAGAACAACTTCCACATTCCATACAGTCCATGAGACCGTTCTCAACAGCTTTATCATAAAGCCTGTTTGTGGCATACAGATTCAAGACAAAGGGCTGAAGATACATCGGACAGGCCTTCACACAACTACCACATCTTATACAGGGATAACTTTCTCTAGATGGCGCTACTTCTTTGGACATTACTGTGATACCAGAAGTTCCCTTTACTATGGGGATGTCAACACGTGGAACTGCGGTGCCCATCATGGGACCACCAAATATCACGCGGTCAACCTCATCTTCTTTTATGCCACCGGTGAGTTCAATTAGCTTGCTGGCAAGCGTACCAATCCTCGCTATAACATTGATTGGTTCTCGAACAGCCTCACCAGTAACAGTAATTGCCCTCTCGATAAGGGGTTTGCCCTCTTCTAGGGCTTCGTATACTGCGAAAGCTGTACCCACATTCTGGACTACAACTCCAACATCCATAGGCAATCCACCCGAAGGAACAACACGTTTTGTTATAGCGTAAATGAGCTGTTTCTCAGCTCCCTGCGGATATTTTGTCTTTAGGGTGGCTACCTCAATTCCTGTTCCTTTTGTTGCTTTCTTTATCTCCTCAATTGCTTTCGGTTTGTTGTTTTCAATGCCGATTATCGCTTTCTTGACACCAAGGGCTTTTATCAAAGCGAGCACGCCTCTGACGATTTCTTGTGACTTTTCGAGCATCATACGGTAGTCCACTGTCAGGTAAGGCTCACACTCGGCTCCGTTGATAATGAGGAGATCGATTTTCTTTTCCTTTGGCGGGGATAGTTTTACATTCGTGGGAAACATCGCTCCACCAAGACCCACGATCCCGGCCTCTTTGATCCTTTCCACGATTTCTTGGGGCTCAAATTCTTCATAAGGCTTTCTAGGTTCAAGCAATTGCCAGGTATCTTCACCTTCTCGTTCGATAACAATCGCGCTGTCGGGCTTCCCAAGGACAGGATGGTAAATTTTCTCAATTCCTTTTACTACACCTGTCACAGGTGAATGAAGATTTGCTGAGATGAATCCGGCTGCTTCTCCAATTTTCTGCCCCGTCAGCACATGTTGGCCTGGTTCGACCAGAGGTTTTGCAGGCACACCGGCATGGTTTGCCAGAAAAACATAAACAACCTCTGGTAAAGGAGCATTTGTTAGAGCGCTGTGCTCCGAAAGTTCCTTCTTTTCAGGAGGGTGTACACCCCCTCTGAACGTTAAGAGTCCCACTCCTTACCACCTCACTGAAAGAAATCTATTACGTCACATAAAAAAATTGTAGATCTCTTTGCCTGGTCTCTCGTTATAGAATGGTCTGGTACATCCCGGACATCCAGAGGTTCTAAAGGCTTCATCAATATTTATAGAAGTAATATCTATTCCAAAGCTCAAAAGTTTTCCTTTTCTATCGTATAGAAAACCTTCGTAATATCTCGGGTTCTTTTTCAATAGATATCTGGCAATCTGTACTTCTCGATATGTTCTTATATCAGGTTGTGGTAAGTTTTCCAACCCTGTTCCTTTTACAGGAGTAAAGGAAAAAAGCCCTACTTCTATATTTCTGATACGGCACTGATATATAAAGTCTATCACGTCTTTTTCCGTTTCTCCTAACCCCACGATCACGTGGGTCGTTATCCTGCCTTTGAATTCCTGAGCTGCTTTGAAAAGTAGTTCAATATGATTTTCAAAATTCCCCCCTCTGTATTTTTTGAAGAGATCGGGAGTAACAACATCCACGGCTATTCCAATCCTCTCAATTCCACGAGAAAAATATTCTCTGACTTCTTTCATATCTAGAGGTCTGACGGAAAGGGAAATGGGAAGTCCCAGTCCTGATAATTCTTCAATCAAAGCCTGAAGTACCTCTCTGTATCCTGGACTGGAGACGGTCTGTATGCAAAATCTGGAAAACGGATTATGCCTTCCAATCGCCTCCATAACGTCCGATAGTTCGTACCCGGGCCATACGATTCTGGATAATCTGGAGATATCCGCCCTGGAATCTCTCGCCTGTGCGCAGTACAGGCAGTTGAATACACAACGTTCTCCAACCATAAAGTACGCTGTAGGCATAGGTATATCGAATTTAAACTTCCTAAGACCGAGTTTTGCCGCTGTCCCGGCTGAAAGCCTTATCTGCAAAAAAATCCCTCCAAATATAATAGGGGCTTGCGCCCCTATTATATTACAGCGTTCAGTTCTTACCTTTTATTCTGTTTGAACTTTTATTACCCTTGGTGTTTCATCGTACTCAGTGATAGGACTGATCTCAGATATGTAGTTCATTACCACATCGGCGAGAACGAAACCGGTGTCGTAACCTTCAAGCTCTTTCAACATGGAGTAACCGTCACCACCAGCAGCCATATAGTTGTTGGTAACGAGGGTATAGACTTTTTCAGGATCAAGCGGTTCTCCATTGATGAGGACGTCTCTGATTTCACCGTTCTCAATCTTGTAGCTGAGGCCTGATACCTGTGGTCTGGCACCTTTACCTGCTGGAATGGTCGCTGTATATTCGAGGACTTTCATAAGTTGTTCACCGGTGATCTTCGCAAGATATAAAGTATTTCCAAAGGGCAGAACAGTAAGCACGTGCCTGTAAGTAATCGGACCGGGGTTTATCGATGCCCTGATACCACCAGCGTTTGTGATGGCGATATCGGCTCCTGTTTTCCACACCATGGCATCCGCTACGAGATGTCCAAGGTTTGTATCCTGGTTTCTGATTATATTTCTGGTACCTTCGAGGAGTATCTTCGTTTCACCTATGACTGTGTCAAGTTTTTCGTTACCGAGTTCTTTGAAGTAGTCGAGGACCGTGGCAACAGCGAAGTCGGGTGTTATGTCGGCGAGTTTTATTGGAATAGTCTTGTAACTGACAAAGGTTATTGAGCCACTTTCGACCTCTACATCAAGTTTTCCGAGGTATTTGCCCCATTCACCAGCAGAAACAATGAGGGTTCCGTTGATGACTTCAGGTTTCTCATACAGGGTATGGCTATGACCATCGACGATGATATCGATTCCATCGACCTGTTCAGCAAGTTCATGGGAATTAACACCCTTAATGGGAGTTGCGTCACCCAGATGCACGAGGGCGATAACCACGTC
NZ_CP011232.1_gap35	1099411	1103723	4312	TCTTAGGAATGATGTTCTTGCCAAAATCATGAACACTATTTGGGTCCTGAGCATCTTCAATGAGTTTCTCTCTCAAGAAATTCCAGTTGAAGACATATATTCCCAGGGAAGCAAGGTTCGACTTGGGTTGCTGAGGTTTCTCCTGAAATTCTGTTATTTTTCCTTCAAAATTCGTTACCATTATTCCGAAACGTGATGCCGCATTCATCGGAACTTTCATGCACGCAATTGTTCCATCCGCTATTTTTGAAAAATGAAAATCTATTATTTCGTTGTAATCCATAGCATAAATGTGATCACCAGAAAGAATCAGAACTATCTCGGGACTGAAGGAATCTATGAAGTCAATGTTCTGATAAACAGCATTCGCTGTTCCAGAATACCAGTCAGAATCACTGCGCCCCTGAAAAGGGGGTAACATTACGACTCCGCCATCCTTACGGTCCAGGTCCCAGTGCCTACCTATTCCTATGTGTCTGCTGAGAACATGTGGACGGTACTGAGTGAGTATTCCAACGTTGAATATACCGGAATTCACGCAGTTACTAAGCGTGAAATCAATGATTCTGTATTTGCCTCCAAAGGGGACTGCTGGCTTGGCCACTTCATCCGTCAAAAGACCCAGCCTTGTTCCCTGACCCCCAGCCAGTATCATCGCGACAACACCCTTTATCATCAACACCACCTCATCAAATAACACCGGACTTTTCAACGATGGCTGGTGCTCCTGAATCGCCGTAGAGTTCTCTACCTGACCTTACTCTTGAATTCTTGTCCATGATAACATTTTCTACCCTCGCTCCTTCTTCGATAACGCAACCTTCCATAATAACCGAATTTTTGACGACAGCCCCTGCAAGTATTCTGGTGTTCCTGAAAATCACCGAGTTTATAACTGAGCCGGATATGATGCAACCGTCACTCACCAGAGCGTTCATGACTTTCCCTGTTGTCGTTACCTTTGGGGGAGGTAGGTCTTTCAGTTTCGTATAGACCTTCCCGTGTCTGTAAAATAGTTCACTTCTAACCTCTGGATCCAGAATATCCAGATTTGTTCTGAAGTATGTGGCTATGTCCGTAGTGAGGTTTCGCCAGTAACCGTCGAACATGTACTCCATAATCTTGAGGGAATTAATATTATCTATGAATAAATCAATGAGATTATCTTTCCCTTCCGGAACGCTGGAAAACAGTAATTCTCTCAGGAGAAATTTGTTGATGAAATAAATGCCTGTAGATTCCCGCAGATATTCACCTTCATTTATCTGCGGGAATTCAGAATCTCTATACCACCCTATGATCCTGCCAGATACACATTTAACAACTTCTTTTGGTTTCTCTCCTGCGGGCACCGTTAATACAGTGATATCGGTGCCACTGTCTATATGAGCCCTGAAGAGTTTTTGAAAATCCATCTTGTAAATATGATCCCCTGATCCTATGAGTACAAAGTCTTCATTCCCTCTCTTCAAGATAGTCATATTTTGATAAATAGCATCGGCTGTACCTTTGTATCCTATCGTTTCACTTGAAAGCCTGAAGAACGGTTGAAGGAAGAACAGCCCTCCCTGCTTTCTATCCAGATCCCATTCTTTGCCTGATCCAATATGGTCCATGAGACTTCGTGGACTGTATTGAGTTATTATTCCGACTTTCGAGATACCGGCATTCACCATGTTACTCAATGTAAAATCGATGGCCCGGTATTTCCCGAAAACTGGTAAAGCGGCACTGGCTCTAATATTCGTTAGAGGCCGCAGCTTTGAACCTCTTCCACCAGCCAGTACGAGTCCGAGTACTTTCATATAACCACCTCATCAATAATCTATACAGGGAAGGTTAGTCATGAATGAGAGATCTGGAACATCGGGAGGCATGGAATACTTCAGGGAACTACTTATTAGTTTCATTGACTCCTCAACAGCCTGCTCGAAAAGATCCAGAAAAGTATTCCTGCTTTCCCAGCCGGTAGTTGGGTGGAACCAGGAACGTTTGTTGAGGTTCAATACGTCCATACCAGCGTATCCTCCATAATCAGATTCTCCGGAAAGTTTCTTTAACAACCTGCTAAAAACACCAAAGAATCCACCACTGCTTCTCTCTTCATTTTGCATGAAAACCCTGGTGGCCTCAATGGCTTCGGAAAAACTCACATTGTCTATCTTGAAGAATTCATAAGCGATTGAGAGATAAAGTTCGTCCAATTCCTGGGGAACTTCAAAGGGTAGTTTGTCAGAGAAAGTGAGTTCAGAAATCATAGTCCGCAAGACCCTTTTTACCATTTCCGCGTCAATAGCCTTCTCGAAATCGTAGTGCTTTGTGCCACTTCCAACCTGGGAAATTATGTAGGGATGAGTCAACCTATCAAGGGTATGATGGCATATCAATCCATAAACGTAAGCTCTTCTCGTTCTAAAAAGCTCTCTTATAACATAGTGTAGGTAATTTCCGCACTTCTGTGAGTGCAACTTGTTACCTAACATCAAATAATCCGGGTTGTCCGGAACATAGTAAAAAACGTTCGGCCCGAGAACACCGAGAACAAACAAATCCTTCTCTTCTTCGTTTTCGAAGTTAAACCTGAGCTCTCTCAGAACCCGTGTGCCATGAAGATAGTGCGTCCAATAATCCGGCACTACGCTTCACCTCTTTTCCACGACCGCCCATAAACACTTCAAATAAAGTGTTTCCGGGATCTGGAGTACCCATGGATGGTCTCTGGACTGATAAGTGACCCCGAGAAACCTGTAATACACACCTTTACCGGCAGAAGCTTTACGTAGCGCCTCTATGAGATGGCTGAGTGTGAGATTATAAGCGCAGCTACAGAGTCCTATTACCCCACCACTTCTGATCGTATCAAGGGCTCCTTCGACTAACTCTTTAAGGAATTTTATTCCCTTCGAAATTTCGTATTTGCCCTTGATCAGTGAAGGAGGATCTATGACAACTATATCAAATTGCTCCCGCTTTTCCAAAGCCTTCAGATATTCAAAGACGTCTGATTGAAGGAAGCTAACCTTGTTGACAAGTCCATTCAGCGTAGCGTTTTTGGAGCCAAATTCCAGATCAATACCTGATTTATCGACGGCAATTACCTGAGCTCCGGCGATTGCCATATTCAACGCAAATCCGCCGGTGTAAGTGAAGAGATCAAGGCCTTTTTTCAATCCAAGCTCTTCAACGATTCTTCTCGCGAAGAATCTCGATTCCCTCTGATCATAAAAAAACCCGGTCTTCTGACTTTGAACGATATCTACCAGGTAAGAAATTCCGTTTTCGCGTATCGTCAACGGTCCGTTCGGAATATTTCCATAAAGCAGTCCGACATTTCTCTGAATTTGCTCCCCAACCCGCATCTCAAAATCGCTTCTCTCATATATTGTTGCTGGACTAACGATGTCAATCAAGTGGTTAACAATCCTGTCCTTGAACAATTCCACAATGGCGTTCCTGAACTGAACCACCACTGTGTCCCCGTATCTGTCAGCTATGAAGCCCGGTAATCCGTCGCCTTCTCCGTGGAAAAGACGATAATAAGGCTCCTCGAAAAGCCTTTTCCTCCAGCTCAAAGCGTTAACGAGACGTGAAAGAATAAATTCATCTCCTATGGCTTCGTCTTTCGTTGTAAGAAACATGATGGTTCGGCGTGAAAAAGGGTTATACAATCCTTTACCTACAAATTTGAAATCAGAAGAGAACACATTGACCTCACTTCCGAGGTACGTTTCGCCCTCAATTTCCTCGATTTCATCTTTAAATACCCAGGGATAGCCATTCAATAGTTTGTTTTCCAGACCTTTCTTCAAGCGAACTATTAACATTAAAAGTGCTCCTCCAGTAGTAGAGGATAGTCAAAGAGTTCTTCTGCTTTGAAGAACAGAGAAATTTCCCTTGTGGCACTCTCCAGACTGTCGGAGGCATGCACAATATTTTTCCTTACCGATATAGCGTAGTCACCTCGAATAGTCCCACCACTGGCTTTTAATGGGTCTGTATTACCGATTGTGTGTCGGACAAGCTCAATGGCGTGTGGGCCTTCCAGGACCATCGCTACGACAGGACCTGAAGTTACAAATTTTATCAGTGGCTCATAAAAGTCTTTCCCAATGTGTTCCTTATACAGCTCTACAGCCTGTTCTTTGCTCATCCATAACATCTTCATGCCGACAATTTTCAAACCGCGGCGTTCAAATCTTCTTATAACTTCACCAACAAGCTGTCTTTGAATCGTATTGGGTTTCAGATACACAAAAGTCCTTTCTTCCACTTGTGTGCCCTCCCTGATTTCTGTATTGGGGATCGCCATATG
NZ_CP011232.1_gap36	1222847	1227495	4648	AGAATTTCGCGAGATTTCTTCCAACCAGAAGAACATACAGGACGCTGAGATCATATTTTCTGGAGGAAAGGGGCTAAGAAAACCTGAAAATCTTGAAGTGCTGAAAAAACTGGCACAGTTGGTGAATGGTGCTGTTGGTGCCTCCAGACCCCTTGTTGATTCTAAATGGATAGGGCATGAGAATCAGGTGGGATTGAGTGGTCACACAGTCAAACCAAAAATCTACATAGCCGCAGGGATTTCGGGAGCAGTTCAGCACGTAGCTGGAATGCAAACATCAGACACTATTATCGCCATCAATAAAGATACAAACGCTCCGATCTTTGACTTTTCAGATATCGGTCTTGTCGGCGACGCTGTTGAAATATTGAATGCACTTCTCGAAAACCTCACTTCCCTTAAGGAGGAAAAAGCAAATGCCGGAAATTCCTGACACACTATTTGAAAAACTCAATGATATGTTTGGCAAAAGGATGAAAATAGACGAAGATTTTCTGGAGAAATATTCCCACGATGAAACAGCAGAATTAAAGGGTAATATTCCTGGTGTTGTGCTTTTTCCAATGACTGCGGAAGAAATTTCTGAAGTTCTTAAGCTCGCAAACCATTACAAGGTGCCTGTCACACCAAGGGGAGCAGGTACCGGATTATCCGGGGGAGCGATTCCCGAACCCGGTGGCATCGTACTCTCACTGGAAAAGATGAACAAGATGGTTGAATTCGATGAATCCAATCTCATGATAACGGTCGAACCGGGTATGATAACAAGCGAAATACAAAAGATCGCTGAAAGGTATGGGCTTCTTTACGCTGGGGACCCGTGTAGTAGCGAAAGCTCAACAATAGGTGGCAATATCGCTGAAAATGCTGGTGGAAATAAAGTATTGAAATATGGTCCCACTGGGTCTCATGTGTACGGCCTTGAAGTGGTTTTACCAACGGGGGAAATAACGAATTTCGGCGGTAAGATGGTTAAGAACGTGACTGGTTTGGATATGGTACACCTGTTGGTTGGCTCAGAAGGTACGCTTGGGATTGTCACCAAAATCACCCTTCGCCTTCTACCAAAACCTAAATTCTCTGTGGCCCTTCTTGCTCCTTTCGAATCCGTTGAGACTGCTATAGGTGTGGTTCCGAAATTGATAAAGGACTCAGGCATCATGCCTTCCTCCCTCGAATTCATGGATAACTCTTCCATAAAATTGGCCTGTGAGTTTTTAAACGTGAACTTCCCTTATTCGGAAGCCGGTGCCCATCTAATTCTCGAAGTCGAAGGCAACGACAGAGATGCCGTGGCAGATGAATATGAGAAGCTTGGGGATATCTGCCTTAAAGAAGGAGCTCTTGAAGTCTTTGTCGCAGATAATAGAAACACGAGGGAAAAACTATGGAAAGTGAGAAAATCAGTTGCGGAGGCCCTCATGGTCTATAGCCCTGTACACTGTATGGAAGATGTATCCGTTCCCACTGCCAGCATACCGGAACTGCTCAAAGGTTCATCAGAAATCGCCGCGGCTCATAATCTTGAAACCATCGCATTTGGCCACGCTGGAGATGGCAACGTCCACATCACTTTCATAAAGGGAAAGAGTTCTGAAGAACACTGGAAAACACACTTAAAACAGGCTTTGAGGGAATTGTATGAACTGGCGAAAGAGCTCGGAGGTTGTATAAGCGGAGAGCACGGAATAGGAATAAAAAGAAAAAAATACCTTCCTATTGCACTTGATGAAGCTCAGATCAGACTAATAAAGGGAATCAAAAGAGTATTTGATCCGAATAACATCCTCAATCCCGGAAAAATTGTTGACGTGTAGCCATAGATAACCTAGAAGTTGGAATAAAGTGGACAATTCTTTCTAAGACTTTGCTGGCTTATTTTGCATCTATGGCATTTTATCTTATCGGCTTGATCATTTGAAAAGGAAGGAATTTGCTAGCTTGTAGTATTATAGGAATGGAAAAACAAAAGAAATAGATGTTATAGGTCTCTTAAATCGATACGAGAGGTGCTTTATGAAGATTTCTGTTCTCTGCAACGATACCGCCCTGAAGGGGTTTGAAGTTGAGCACGGACTCTCTTTGCTCATCGAAGCAAATGAGCATTCTATCCTTTTCGACACCGGCAGCACCGATGTAGCTGTCAAAAATGCCGCAAAGCTGGGATTGAATCTGTCTAACATCGACTTTATAGTAGTCAGCCACGGCCACTATGACCACATCGGCGGACTCAAAGAAGTCCTGAAAATCACGAGGAAGAAGAAAGTCTACACAGGCCCTGGTTGTCTTTTCCCCCGATATAGCGGTCCAAAATTCGCCGGTTCTCCTGAGAGCGAGGCACACTATGGAAAACTTGGTGCAGACTTTGAAGTAGTCGATCAGACAACAACTCTTGAAAACGACATCTTTCTTTTGCCAGCCGTTCCTTTCAGGACAGCTGAAAGACCCTCCAGAAAGTTCAAGCGTATGGGTGGCGAGGAAAGATTTCAGGATCTCTTTGAAGATGAGCTTTCGTTAATCGTTATTGAAAACGGAAGAGCCACGTTATTCACGGGATGTTCCCACCGAGGAATTGGTAACATACTGCTTGAAACCAACAGGCACTGGAATATAAAGACCGTTGTGGGTGGCTTGCATCTATCGGATAAAACGCGTCCCGAGATTGAAGAGGTGTGCCGGCTGATCAAAGAAATGAATATCGAAAGTTTCTACATAGGGCACTGTACAGGAAACACCGCGATAGAGATTTTCAAAGAAAAACTACCAGCCACCGTGAAGGAACTAAAAGCGGGGCAAATAATAACAATATAAGGTGAGGCTTTACAGGCTTTTCTCAATGTCTTCGTTGATCTTTCTGGCTCTGTTGTAAGTGTCCAGAATAGTTTTCATAATAGTCCCGCGTAACCCTTCCCTTTCGAGGGAATATATCCCCTCGATAGTAGTCCCGGATGGGGAAGTCACCAGGTGGCGAAACTCACCAGGGTGATTTCCCTTTTCCTTTAACAATTCGACAGAGCCACTGATCGTATGTAAAATCAGTTCTCTCGCTTTATCGTAGGAAAGTCCCATCTTCAGGCCTATGTCTATTAAAGCCTCTACAATCACGAAAACGAAAGCCGGTCCGCTTCCGCTCAATGCAGTGACCGCCGCAAAATCTTTCTCGTTGACTTCAACAGTACTTCCAATCGCTTCCAGCAGTTCTATCACCAAATCACGTTTTTCTTTCGAAATAGCCGGAGAAAAACAAATTCCAGTAACCCCCTTCCCTATCATTCCCGGAATATTGGGCATGATTCGAACAACTCTATCCGTTCCAAGTTCTTCCATGATGACCTTAATAGAAATGCCTGTCATGGTACTGACTATGATCTTCTCGTTAAACTCAACCACCCTGACCTGTTCAAATAGGGCAGATACGTCCTGGGGTTTCACGGCAAAGAAAATGATCTCAGCCTTTTCACAAACCTCAGCGGCGTTGCCACAGCACACAATCCCGTCCAGTTCTTTGTAAGGTTCCATTTTCTGAGGGGAACGGTTAAAAATATACAGCTTTAATTCCGGTTTTGTTTCCAGAAAACGCTCTACCAAGATACTACCAATATTTCCGACACCTATCACACCAATCTTCATTGAACTCCCTCCAGTAATATTATTATGGTTTCAATTATACATGCCAGATGTTTGAACAAAAAGACTTTTAGTATCAGGAAACAAAGAAAACAAACTCATCCTGGGAGAATACAGACTCGGATTCAAGAAGACAAATAAGAGAAGGAGCTTATCAACTGAAAGTTTCACCAATGTAGCTTTCTCTGAGGCAAAAAGTGTAAATGTATAGTTTGAAGTCCATCACTTTTTCAAATAAAGATTTGTTAAAATTACTACTTCTATTCCAGTTTATAGACTACCTATGAGGAATTGAAATTATCAGTTGAAGCGGCTGCGTCAGGGATTGGCACTTCTTCGAAGTGAATATGCGTTGCTCCACACGGCTATGCGCCTTCAGCGGATGTAAGAAACCGTTGTAGGTGGTTAGTTGTAGGTTGTTCGTTCTACACCCTAATCCCCAGACCCCAAATCTGCTCTTCTCGGATTCTCGAATCTAATCTCCAATCTCCAACATCTAACCTCGCTCTTTTGATCTTAGCGGATAACGAAAAACGAGAAACGGCAAACGGTTCTCCACGAAGTCAGCCCCCCGTATGTTCTCTCGGCTCTCGGGCTCTCGGTTCTCGAGTATTTCTACACCCCATACCCTATACCCTAAACCCGTGTTCTTATCGGTCAGTCAACGGAAAACGGACAACGATAAACGGCTCTTCACTATTTCTTCTGGCGTGCACTTGACTCTAACGCAACGTAATCCTATATAATCATTTCATGATTCCTGGGGAATAAGAAAAAGGAGGGGGTGCCCATGAACGGACACCTGAGAATCGGTGAAGTATCCGCTAAGTATGGTGTATCTAACAGAACTTTAAGGTATTACGAAGAGGTAGGACTTTTGAAGAGCTTCAGAGATCCGGATTCAAAGTATAGATATTACGATAAGGAAGCCTGTAAAAGATTGGAAATGATTATCTTCTTCAGAAATCTACAACTTACCATAAAGGAGATTAAAGCAATATTTACCGGAAATGCAGCTGAC
NZ_CP011232.1_gap37	1367608	1370390	2782	TGACTTTGTAAAGCTAAATCTGGTAGTATAAGTCAAACTTATCAAGAGGTGAAGGAAATGCTCATTTTTTCTGAAATAGAATTCAATATGTTCTGGTGGTGGCAGGAAAGCCCCTTAACGGGGTAGTCCTGTCGCGTGAAGATAGACTACCTTAAATAAAGGGGCTCTCCAATGAGAGCCCCTATTTTTTTTGGAGGTGAGGATATGGAGGAAAGAATCAGAGTGACGCTACCTTCTGGGGAAATGATAAAGAACTGGTACAACGTAAAGGCAGATCTTCCGTTCAAATTGGACCCACCCTTAAACCCGAAAACAGGCAAAATTATAACACCAAAAGAGTTGTCAGCAATATTTTGCCCTTCGATTATTGAGCAGGAAGCTACAGACGAAAGGTACATTAAGATTCCCGAGGAAGTGCTCAGAGAGTATGCGGTCTTCAGACCTACTCCCCTTATAAGAGCAAGCTTTCTGGAGGAGTATCTCGGGACGCCAGCGAAAATTTATTACAAATACGAAGGAGCCTCGCCTACTGGCAGTCACAAGACGAACACGGCACTCGCACAGGCGTACTATAACGCCAGAGATAGCGTTGAACAGCTTGTGACCGAAACTGGCGCGGGTCAGTGGGGGAGTGCCCTCACATACGCTGGGGTGAAGTTTGGACTTAAAGTCCGAGTATTCATGGTCAGAGTTAGCTACAACCAAAAACCCATGAGAAAACACATGATGAAACTGTTTGGTGGCGACGTCCTGGAAAGTCCGAGTGATGAAACTGAAAGTGGGTTGAGGTTCCTCAAAGATGACCTTAAACATCCGGGCTCTCTGGGTATCGCAATAAGTGAAGCCATTGAAACAGTTTTGAAAAGTGGAAAATCGAAATACGCGCTTGGTAGTGTTCTCGACCACGTTCTCCTTCATCAGACTGTGATAGGGCTTGAGCTGAAGAAACAACTGAAACTGATAAACGAAACCCCCACTGTGATCATCGGGTGCCACGGTGGAGGGTCAAATTTCGGTGGAACCATACTGCCTTTCGTCCTTGAAAAACTCAGCGGACAGGAAATAAGGTTCCTGGCTTGTGAGCCCGAATCCTGCCCAACTTTGACAGAAGGCGAATATAGATATGACTATGGAGACTCCTCGGGTTTTACACCATTACTCAAGATGTACACCCTGGGTAAGGACTTCGTGCCTCCAAAGATACACGCAGGCGGTTTGAGATACCACGGTTCAGCCCCGATTATCGCGAAACTTCTCGAAGAAAAACTCATTGAAGCGGAAAATTTTCCTCAAGAAGAAACCTTCCAGGCAGCGAGGTTGTTTTCAAAAGTAGAGGGAATAATACCTGCTCCTGAAACAGCGCACGCAATCGCAGGAGTGATAAGGGAAGCTCTAAAAGCGAAAACTATGAAAAAAGAGGAAGTCATTGTTTTCACTCTGAGCGGTCATGGTTTGTTGGACCTTTCCGCATATTCATGAAAAGGCCTCCCTTAAAAGGGAGGTCTTTTAAATCTTTGAAGTAAGAAATTTTATCCAATCGAGTCTTTCTGGAGATTTAGTTCAGGAACAGTTGATACGTTTTGAAAGTCTATATTGTCTATAGCCTCATAGATCTCAGGAGCTTTTTCCATAGCCTCAAATGTATTATCGACCATTCCTTAAAATGCATAGAAGAACACCACTTTTCCCCCTTCCAGTTTTACTTTTTAAAGAAAGACTCTAATGGTGATGCATAACTTAAAAACCAAATCGGGGTGCCAATTATTATCAGGTTGTAAGTTGACAGATCTACACTGAATCTTCTAGCATCGAAACTGAGTTCATATCTATGAATTTGACACCCCAGATATACCTAACCCTGTTATTGGGAGCCGCTCTATCGGATTGGTCAGCATTTTCTACACGCTGATAATAATTCCTTTCTTCTCCAGGTTCTGTGATCAATCTCAATGTATTTTTTTACGGCACTTGCGATTTCTTCAGCGATGTCTTTGTGCCTTCATCCATAGAGTCCTTTCTTCATATTCTAACTTCTATTCTTGCATTCGAAAATGTGCAGTTATTAAACTACCCGAGCATTCTGTGTTCGCCGTAAATCAGAGGTTTCCCTTCATCGAACGTTTTCTGGAGAACGACTTCTCCAATGAAGATTGTGTGGTCTCCAGCATCTGCTTTGCTTTTGATGATACATTCAATATACGCGAGAGTATCAGGGACGATGGGAATACCAGAATCACTCAGTGTGTAGTTGAGCCCGGCGAATTTATCAACATTTCTGCCGCTCTTTGAACCGAAATAACTCACGAGCTCTTCAGCATTGGGCTTCATAATACACACACCAAACCTGTCGGTTTTATTCAGCAGTTCGTGGGAATATCTCGTTTTTCCAATAGAGATCGCCAACATCGGTGGGGTAATAGAAACCCGGGTTATCCACGCGATGGAAATGCCATTCAGTTTTCCACCGACATTCATTGTTACGATGGTGGTCGTTGTATAAATTTTGCCAAGTGCGTCCACGCTTTCACCTCCATATCCATTTTAACAGCAAGTGTTCAAGTAAGTCAGTTTGGGTAAAACACCAACTCGCATGAACCTTCTACCTAGAAAAAAATCAACAAATAGTTTCTTAAAACGTGTTGATCTAACGCAGTGATTTTCATTAATTCACCCTTAATGACTTTATACAAAATCGGCCAAACAAATTAATTCCTTACGAAAATATTTTCGTAAAGCCATCATCGGCAAAAGAAGCACATCACGATTATGATATCAGTTTATC
NZ_CP011232.1_gap38	1380604	1385308	4704	AGCATTGTTTTGAAGTTATACAGGAAAGTACCGAATTTGCATATCTTAGAATTCTCATAAAGGGGAATGAATGTTTCATCTTGGAGATGAATGTTGATCTTTTGCCCTTAGGTACGATGTAATGATTGCCCACGCAATGAAAAAATTTTGATTTTCACTCCTTATACATCGGCGAATAGCTGATTGAGAAAATCGTTATTGTAGGAGAACAATCCTCTTAACTTACAAAAACGAAATTTTCAGATAAAAGCGTTTATCCTCAAAATTAAAGTTGTGAATACTTTTATTTTATACAGATAAGTTATTTATAATGGCTTTTTTGTTTTTTTATAATTCACTAAGAGTTTGAAAGAATTAATCTGGACAGGCACCATCGGATAATCATTCGTATGATTGAAAAAGACGAAAATTTATGGGTGCTTTTTAACATGCGGAAACATTTTAAGTGCTCTAAAGAAGCAACAAAAAAATACAAGAATAGTGATTTATTTGCTTTTTAATAGGCTTTTGTAAAATTATGATAATCGCTTTTGAAGGGATAGTCAAAAAGTGGACATGTTTTGTCTTATATATCAAACGACTGATAAAACGAGAGTTTTTTAATCCGTGAAGGAATATAATTTTTCAAAAGCATTTAAAGTGGAAAGGGCAATAATATAGTTTCTAAAGAACATATGACTGATTTTTTCGTTCGACTCTCGCTGATCTTCTAGGTTTTCTCTTTTTCAATATTTGACTGATTCTTATTATCATTGATGCATATTCATATGGTCTCGAAGCAGCACGTCGACTGAGAACAGAGACGGTATAGAAAAAGTACCTTGGGACGGAAACCTTTTTCCTGGTTTTGACACGCTTAAGGAGTAACCATGATATTCCTCTGAGGATGCCCCCCGTCAAAAAAAGAAATTGGATTCCATAAATAGTCATGCCTCCAATTTCTAACTTCAACAAATTGAGCCAGCCAGCCAGAAACCCTCCTGTAAGAGCACCAAACAATGCTCCCATTCCGCTGGCAAACGAAAATACCGCGAAATATGCTTCAACTTTAGAAGAATCAGCTATACCCAGTAGTAGAGTAAATAATGTAAGATTTATTCCACTCCAAGCTATACCTCCAACAACTGAATCGACTAGTAACAGATATTTGAAAGTGTGCTCGTTCATAAATATCCACATGGAAGCTAAAATTGAAGCGGTGAAAAGTGAGAATTCCGCAACACTTTGATGACCTATCTTGTCTGCTAATTTTCCCCACAAGAAATAGAAAAACATTGAAACTCCGGTTGCAATGAATCCTAAAATACTTAGGTACGAATAGTTTAGCTTAAGATTGACTATCTGATGATAGGAAAAAAATGGACTGGCCAGTGCAATAGTAAAATTCCAGAAAAGAGCAAAAGTAAGAAACTTCTTGAACCTATCGTCTCTTAATGCCTCTGTAAATATACTACCGGTAATGAAAGTTTTCTTTGGAGGATCTTCGTATTTGCCCAAAATCAAACGAGAAATGACGGCGGAGAGCGCACCTAAGACGGCAACAAGCAAAAATCCTTTACTCTCGCCAAGGATATCGATCAGTAATGAGTAAAAGAAAAGCAGAACCATAGACGACAAAGAAATCAGCAAATTTCTTAGTCCGAAAAACTTACCAGATCTTTCTTCCGGAATGATGTCTTTCATTATAGAAATCCAGAAATTCCCTGTTAAGCTGTTGAAAGCTCCGAAAATCAGTAGTGATGCCAGCAACAGATATTGGTTTTTAAGATTCAGTAAGAGGAACAGGGGAATCACTGTGAAAGAATATCTTGCAATGGATGCTGAAATAAGCATTGCCCGCTTTCTACTGCCACTGATTTTTAGAAGTTTCGGCGAAAAAACTTGAAGCATCTGTGAAATCATGGGAATGACACCAATTATGGCAAGGACTCTTTCAGTGACATTGAACTGGAAGGCAAGACCGGTTATTATGAAACCTTGCGTTAACATAAATGCGGCGTTGTAAGCGATTCCTTCAAAAAAGGATAATTTTTGCGTTTTGCTAAAATCCATTTGTCCATCCCCTATACTTTACGCTTGAAGTAATTTACTCACACTTCTGTTAATCTACTATACCTAGTACGTTAATCTACTATACCCGGTACATTGAGAATCTATAAAGACTTGGAGGATATAGTCGTAAATGCAATTGATTTACGGTATCATATTAGGCAAACAACAGCCGGGGGGTAAATGATGGACAGGCAGAAAATGCTTGCTGAGGAAAGTATAGGAAAACTGCTGATGAAACTCTCTGTACCGGCGATGATAGGGATGTTGGTGCAGGCCTTATATAATTTTGTGGATACGATTTTCGTGGGAAGGGGCGTTGGTTCGCTTGGTATAGCGGGAATAACCATATCCTTTCCCGTCCAAATATTCGTAATGGCTTTTGCTCAGCTGATTGGTATCGGTGGCGCTTCGATAATTTCACGCAGCCTTGGAGCCAAAGACATGGCAAAAGCTAATAGAACGGCTGGAAATATTTTCACTGTGGTGATCTTCTTTGGTGCCACCATGGCGGTACTCGGTTTTACTTTTCTGGAACCAATCTTGAAGTTGCTTGGGGCCAGCCCGACGATCATGCCGTACGCTTCAGATTATCTCAGTATTATCCTTTTTGGCACGTTCTTCTTCTCTTTTGCCATGGCAACAAATAGTATTGTTAGAGCTGAAGGAAATGCTAAAGTCGCAATGTATACCATGCTCATATCGGCGATTCTTAATGTCATTCTCGACCCTATATTTATCTTCGGGCTGGATATGGGGGTAAGAGGCGCAGCACTGGCTACCGTTATCGCACAAGCAACGACCGCCTTCTATTTGCTTTATTATTTCTTGAAAGGGGAAAGTCTCCTCCGTGTGGAATTGCATGATCTCAAACCGAATAGGGCGATAATTAGAGAATCCTTTGCAATAGGCTTTTCCGCCTTTGTAAGACAGGTCTCTGGTAGTGTTCTCGGGATAATAATGAATAATACACTGGTTTTGTACGGCGGAGACGTATCTGTGGCTGTTTTTGGCGTCATTAACAGGCTCTTCATGGTTTTTCTGATGCCAATGTTCGGTATAAATCAGGGGTTCATGCCCATCCTTGGATTCAATTACGGTGCAAGGAAATACGACAGGGCAATGGAAGCCATATGGCTATCTGTGATCGCTGTATCCATCATTTCTATACTGACGTTCGTCGTTCTATTTAGTTTTCCCGAAGTGCTTATTGGTATCTTTTCCAGAGATAGCGAACTTATTTCTGAGGGAATTAAGGCTATGAAGATAATAGTTTTAATGACCCCTTTAATTGGGTTTCAGGTTATTGGCGCCGGTATGTTTCAAGCGCTTGGGAAGGGATTACCTGCCCTTATACTATCGATGGCGCGACAGATACTTTTTTTGATACCAATCGTCCTGATACTTCCATATTTTTTTGGACTGAATGGAATATGGGCTTCCTTTCCAATCGCTGACGCCTTAGCTTTTATCGTCACATTTGTACTTTTTCTGAAAGAGATGAAAGTTTTTAAAGTGAAAATAAGGAAAGCCGGTGAATTTTAAGTGCGGAAACACCATAGTATACAGTATAATTCTTATCTCACAGGAATGAGAATGTATATAGACATAGAACCGGAAAGCCTTTAAGCCTTTCCTCAGTAGTGGCCAATTTTTTCTACCTCATGGCATATTGGTAGAGATAAAGTATCTTGAAGAGAACTCAGTGGTGAATTCAAGCGTGTAACGGTAAGGAATTTATGGAAGCTGGGGAAAGTGAAATTCATTGGACTCGAATAAGATTAGTTTGGTAAAAAGTTGAACAGGACATAACAGGATATATTTTAACAAAAAAGACCAAGCTTGAAGAAGGAAGAGAAAACCTGTCGCTGATCAGTTTCTCTTCTTCATCTTGTACATTCTTTCATCGGCTACCTTAATGGCAGTGCGAAGGTCTTCAGTAACCCGTGCAATGCCATATGAATATCTCAGTTCGATGGGGGCATTTTCAAGTGCCGCGGCTATTCTCTGGACTATTTCTGTTGCTGTCAATTCATCGCAATTTTTCAGAACAAGCAAAAACTCGTCACCACCGTATCTCACAATGATGTCATCCTGCCTTAAGTTCTCTTTCATCTTTTCCACCATAGTAATCAATGCTTTATCACCAGCTTCATGCCCGTACTTATCGTTAATCTCTTTAAAGTTGTCGAGATCTATCATAACTACTACATCATTGCTGGATATGGGGATTTCCCTGAGGATGCTTCTGTTGAAAGCCCCGGTTAAATGATCTATCAGGGATTTTCTATGGGTGACTTCAGCTTTCTTATAAATATCTCGATAATTCTCTATAAGAGCCATACCAAATCCGAGTGAAGCAACCAGTACACCGTAACCTACGACATAAATTCCTGAAAAACCACTCATAATGGCCACGACGGTATAGACGACTGTAGTGGAGAGAAAAGTTGCGGGGAAGATGAGATGCTTTTTCCTGTGCCAAAAAACGATGGTTGTCAGAAAGATTGTGCTGGTAATGAAGAGAATATAGGAAATGATCTGTGTCTTCTCGAAACTAATAAGATCGGGCATCAGGAAAAAGAAGATAACGCCTGAAAAGTTTAACAGGAAAACCATCGTAGTTATTCTTTTATTTATGCCGGTGAACTGTCC
NZ_CP011232.1_gap39	1387236	1389663	2427	TGAGAGACGAGTTGAATTTGAGCCAGTATGTTTTCCCGTGGGAGAAGTGATGCTCGTAGATGTTGAGGTTTGAAGCTCCTGGCCGCTAGTGAAACGAACAGATAATACAGTAGTTGGGTAGAAGAGAGAAACGGGTGGAACGCTCATACAAAGAGACGCATATCATACGGGAAGTGCTTAAGGCTCGATAGTAATTTCGATGCATAAAAGATGAAAGACGAGAGTCTCCGTTTCTCCTATATTGATTCTCGAGCTTTTTGTTCATATCTGAAAACACTGACTAAAGCTCAGTAAAAAATATTCTCTGTTGAAGAAGTGGCTTCGCCTAGATTCAGATCTTTTCAGGTATTTCTGCATTTATCAGGCTAGTTAGAGCAATATTAGGAAAGAGTATCAGATCTACGAAAGGTTTTCTTCTTTAGATCTTCAATCTCATGCAAAGCCAATTTCATGGCATTTTTCTCAGTGATGGACAGGCTTCTCCTGACACAGCCGGTTTTACCAGAGTGTTTACCATGAAAGATATTAGATTTCAGTTAGCATTGCTCAGGGAGCTCACACCTCATTATATACATCAATGAACTCAATTTCGAGGCCGAATCGTTCCTTTAAGAGCATCCCAAGATTCTTGACACCAAAGGTTTCTGTGGCGTAATGTCCAGCGTTTATGAAGTTGATTTTTAATTCTCTTGCCAGTTCCTTTGTGTGTTCTTTCACCTCACCGGTGATGAAGGTATCAACTTTTCCCTCAAGTTGCTTGAGCAGAGCCGCGCCACCTCCAGATATAACACACACTCTCTGCACTACCGGGTTGTATATATATGTCTGAAGTTTTTGCTTATTTAGCACATTTCTCAACCTATCCAGAAAAGCGTTAGTGTTGAGTGGGGAATTATAATGCGCTATATAGCCAATATCAAAGGGTTCTTCGAGCTTCAATCCGAGCGCTTTGATTATCGAGGCGTTATTGCCATATTCGGGATGTGCGTCCAGGGGGAGGTGGTATCCCATGAGGGACAAACCATTCAGCAGGACCTTCTCAACCCTCCTCTTAAAATATCCCCGCAATTTGAAAAAGTCTTTCCCAAAGATGCCGTGGTGTACCAGAAGAAGATCGGCACCCCAATCCACTGCCTTCTCTATGAAAGCTTCGTTGAAAGAGACGCCAAGGGCGACCTTTTTGATATCTCTGTTTCCTTCTATCTGCACACCATTGAAGCAGAAATCCTCGAATTTCCAGGGTTCAAGCACTTCGTTCAGGTACACTTCTATCTCGAGAACAGTCATCTTCTCACCTCTCAAAGACCATTTCTGGAACCACTTCGGGAACTATGAGACTTGCTTCGGTCCGTTGGAGAACTTCCTCAACGCTGACTCCAGGCGCGACTTCTTTCAGAAGCAACCCCTCTTCCGTTGGCTCTATCACCGCGAGGTCGGTAACTATAAGATCAACTGGCCTTATTGATGTGAGAGGCAAAGTGCATTTCTTGACTATCTTCGGAGTGCCTTTAGCGGTGTGGGTCATCGCTACAATAACCCTTCTGGCTCCGGTGACAAGGTCCATTGCGCCTCCCATACCCGGGACCTTCTTTCCGGGTATCATCCAATTGGCCAGAAGCCCCTGCTCGTCTACCTGAAGCCCTCCGAGGACAGTGACGTCGAGATGTCCGCCACGAATGATGGCAAAGGACGTGGCGCTGTCAAATGCCGTTGCACCAGGAAGGGCGGTGACGTACTGTCCACCGGCATTCGTGAGGTCCGGGTTCTCCATGCCTGGCTCGGGAACTGGTCCCATACCTATGATCCCATTTTCTGACTGGAAGAAAACGTGAACGTCAGCCGGTATATAATTGGCCACAAGTGTGGGAATACCAATTCCTAGATTCACGAGGTCTCCATCTCTGAGTTCCAGTGCTACACGCCTTGCGATGAGTTCTTTAGCATCCATCATCCACACCTCCCCACAACGACATAGTCTACGAAAACACCGGGCACATGTACGGAATCAGGAGGAATACTCCCCACCGGAACAATTTCTTCAACTTCGGCAATGACTTTGTCCGCCGCCATGGCCATAAGCGGGTTGAAATTTCTAGCTGTAAGGGAGAATTGAAGGTTACCATAGTAATCGGCACGCTTCGCCTTGATAATAGCAAAATCTGCTCTTAGTGGTAACTCTAATAAGTATCTATTCTCACCAACAACGATTATCTGTTTCCCATCTTCAACGACTGTACCGACTCCTGTCGGTGTGAGTATACCTCCAAGCCCAACACCTCCAGCTCGTACTCTCTCGGCAAGTGTCCCTTGAGGGACGAGTTCTACCTCAATCTCGCCTTCTATCATCTGGCGTTGAGTCTCGGGGTTTGTACCGATATGGGAAACAATGACTTTTTTCACGAGTTTGTTGACTATAAGTTTTCCTAT
NZ_CP011232.1_gap40	1425659	1429528	3869	TACTTTCCTGTTTTTGAAATTTCTCAGTGGTGCTCTGGCTAATCTTGGAGAAGCTGGAGAAACAGTATCACAAATTCTGTGGGGGCTGCATTTCGTAATAGGAGTGCTTTTCGCCTTCGCTTTCAGGAAGGGTTACGACCTTATAAGGAGAAGCGAAAAATACAAAACAGAATATCTCAACGACTTTTTACTTCAAAGAGTTGGCGGGCTTGTTTTTGACTATATGGTAGCGGCTTCAATCTCTGCCATACCACTTAAGTTCTTTTTCGATAACATGGTACCAATATTGGTAATAACCATGGTTGGAGGGTTGACCACGGTTGCTTACACCATATGGTTCTGTAAAAAGAGCTATCGACACGCTTTAATAGAGCATATAGTTGCGATATTCGGGATGGAAACAGGTACAATATCCACAGGGATGGCCCTGTTGAGGGAAGTGGATACCAATTTTGAGACAGGAACGGCTGAAGACCTTGTACTGGGGAGCGGTGTGGCACTTATCTTTGGACTCCCCCTTCTTGGCCTGATAAATCTGCCAATACTAGGGGTTAGGTTCGGTAAGCCGGTTTACTTTTTCTATACTCTTGGTGGTTTTATTATCTATCTACTGATTGTTTTTGCTTTCTGGACTTTAAGCGTGAAAAGGACGAAATAGGGGTGAATGCAGTGGAAAACAGCTGGGGTATTGTTGGTGACTTTATGATTCTTTCTCTCCTTCTTGGTGTTGCAATCCTGATGAAAAAATTGATTAAGCCTTTAAACAAACTACTCATTCCCAATGCCGTTCTGGCCGGTTTCTTAGGAATGGCTTTCGGGCCTGGCGGGTTGAACTTGTTGAATTTCTCGTATGATAGGCTCGGTATTCTCGTATACCATCTCATGGCAATTGGATTCATTTCCATCGCTCTTAAAAAAAGGAAGGCAGCTTCTTCCAGATCGGCGATGAACACGGGCTTTTTTATAGCAATTTCATATGCGATTCAGGGGATAATAGGCTTTTCCATCGCTATGGTTCTAGCATATACCTTTTTCCCGAACCTGTTCATACCCTTTGGATTGCTACTACCTCTCGGTTTCGCACAGGGGCCAGGGCAGGCGTATTCCATTGGCAGTCAGTGGGAAGCACTGGGATTTGAAAACGGTGGGACTATAGGACTAACCATTGCGGCAATAGGTTTCCTTTGGGCGACTTTTGGTGGCATAGTGATGTTAAACGTTTTGGTTAAGGGTAAGAGGGCACGAAAGATAGTGCCAGAAAGACCTCAGGTAGTAGAGAAAGTTGAAACTATCGTTCGAGACTATGAATTCTCTGATATAGATGGTATGACTATTCAGGCGATGGTGGTGGGTTCTGTTTACCTCGTCACTTATCTTTTCTTAAAATACTTCACGAGTTGGATAGGAAATTTTGGTACCTTTGGTGAGACCTTTGCTCAGGTTCTCTGGGGATTTCATTTCGTGATAGGTGTGATCTTTGCATTCTCTTTTAGAGGAACTTATGACTTTTTCAGGAAAAAGAAAAAGAGAGAGTATCTCAACTCGTTCCTGCTTCAGAGGATTGCAGGATTAGTCTTCGATTACATGGTCGCAGCTTCCATAGCCGCTATTTCTCTGGAACTGATCAAGGAGTACATGATACCTATACTCATAATCACAACTGCTGGTGGCCTGGCAACTGCCGCATACACGATTTATTTTTCGAAATGGATTTACAAGCACGCGGTTATGGAACACATCGTTACTTTTTTTGGGATGCACACGGGTACTATCTCCACAGGTATAGCTTTATTGCGTGAGCTCGACCCGCAATTCGAGTCAGGTACGGCAGAAGATATGGTCATAGGAAGTGGTTTCGCTCTCTTTCTAGGTCTTCCGTTAATGATAATCATCAATATACCTATACTTGGCTTCAAACTAGGAAGACCTGTTTACTATTTCTACACACTATTGGCATTGCTCTTCTACTTTAGCATTATGTACATTTTCTGGTTTCTTAAAATCAAACGTTCGAAAGTTCGAAAATAGTAGTACAGTCGTTTGAAAGTGATTTAGTTCTATATATGGTAATTGTTTAGGATATATCGTCAATATATAGGATGTCAAAAAACAATATCTTTATATCCTTGATTTCTCCCCTCTATCAAGTGATATAATTTGTTAGTCATTTTTATTCCAACTAAAAGGGGGGAAACACATGAAGAAACTCTTCTTTCCATTTGTTGCGCTCTTACTTCTAGCTCTTCTTTCCGGTTGTCCTCAAAGCATTCAGCCGGAAACATTTGTGACTTCACAGATCATGGTGGAAGTAGTCCAGTACATGACCGGTCCGGCACTTGAAAATGCTCAGGTCAGAGTCTTTGATGCTGTTACAGGCGACCTGCTGGGCGAGGGGGTGACGGACGAACTTGGAAAAGCGACTGTGGACCTTGCTTGGACGGGAGAAGTGTTGGAGAAGGAAGTTGAAATTCTCGTCAACGCCGAAAATTGTGCACCGAGCGCTGTCAAAGGCGTTGTGGTGAGTGGTGCGCTGGAGGCCACAGACCTTGAGAACGTACCCGTAATTGAAATGGCTGCAAACCGGGCGATGATTAATCCAGAGTCGACTGAACTTCCCGCGTTTACCTTCCGCTTTGAAGACGCAGAGGGTAATCCCATCGATCCAACTAACATAGCCACCGATGTGACAGTCATCGTAGAAATCAACGATGATAACGACTGGGAATACTTTGACGCACTCTACATCGGTCTCGGCTATGTTCCCTGGGCTGGAGGTCGAGACGCAGCCACTTTCGGTGCTACTTCGCTTGAGTACACGTACAGCCTTGAAGGAAAATCAGGTGAGATTCTACTACATATTGTGGCATACAACCATAACAGAGCGAGGATGGACCAGATCGTGACACTGAACTTCCAGCCTCCAGAAACGCCTGTTATCGCGGAGAGATTCGCACCAACGGGAGTCTGGATATATTCTCTCACCAAGGACAGCCCCATCGAGTTCTATGGCTTAAAGGAGACAGCAGGTTCTAAATTGGCAAGTAAAGAACTCCACCTCGACGAACTAAATGGAGCGCCGGTTGAGGGAAACATCTTTGTCCAGATTGCCTGGGACGCTCCCGCCACTTCTACAGATATTGTGGGTTACAACATCTATCGGTCGGATGACGGTGGCTTAACGTACAAAAAGGTGGCTTTCAGAACCGGGGATTACGGATTCGACCACGGCATTGGCATTGAACCAGGAAAAGAATATTTTTATAAAGTTAGATCTGTATACAGCGACGGCAGTGAATCCGGTGATAGTAACGTGGTTCGAATGGTACCTCTGGATATCTTCAAAGTAAAGCTTGTATCCCCAGCCAACAGAGCCACAAATGTGTCAAGAAGGCCCATCTTCCGCTGGATACCTACTGACAAGGAGGACCCCACTAAAGCTCCGGTGCTTGGTGGTGGGCTGATCGATGAAAATGATATATATTACGGTTATTATCTCTGGATCTACGACACGACCCAAAGTGACGGCCAACACATAGTTCCTGACGACGAATTCTACACCTTCGGACCCTCGGAGGTCAGCGTGCAGTTCCTCGATCCCTCGTACGATTGGTATTACTTTGTCATGGGAGACTGGTACTACTACTTCTTCGACGGACTCGAAGCCTATAAGACCTATGAATGGGGACTGGACTATGCTTACGCGATTTACTATGGAGACGACGAAGATGGTGACGGGTTCGAGGATTGGATATCATTGGCTGTGACCATAGATTGGGGTTATGGGATAGACCGGTGGGTGAACGAGCCTGACTACTACAACCGCTTCACCACTGGCGAAGGTTACTAAGAAAGGGGGGATTTGAATGAAA
NZ_CP011232.1_gap41	1433025	1436994	3969	CACATGTGAATAGCAGCGATAATTTTCTCGCTATTGCTGGGTTCGAATGGACGGCTACCGGCTGGGGACATATCAATGTATATGAAGCTCCTGATTGGACGGACAGGAATGAGTCACCGGATCTCGATAGCTTTTACAGCTGGATAGAGAGTAGAAAGGTTCTTGCTCAGTTCAACCACCCTATGTCTATGTTTGGAATTTTTGATGATTTCAAATACTATCCAAAAGCTGATGAATATATCAATCTCGTAGAAATTGGAAATGGGAACTGGTCTTTGGGTGATACCATCTCCCCGGAAATGTTCAATGCTGTCAGACTCGCATTCGCAAATGGTTGGCACCTCGGTACAACTGTGGGCCAGGACAATCATAAAGCTAACTGGGGTGCGGCAAATGATTCGAGGACGGCCGTGTATTCTCCTTCGTTAAAACTTGACGACATTCTTGATAGTTTAATGAAAAGACGTACTTATGGAACCGAGGATAGCAATGTGGTAGTGGAATTCTCGGGCAACGGCGAGCCTCTCGGGTCTATCATCTACGATGCGAGTTCACTGAAGCTCGTTCTGAAAATAAAAGAAACTGATGATGACCCGATAGCTAAAGTTGTTATCTATTCAAAATATGGAATCTACAAATCTTTTGATGTCAACGCAACCGTTTTTGAATACAGCGAGGAGATACCCATAGAGAGTTCTTATGAATATTTCTTTGCATATATTCTCGAAGCCGACGGTCAGGAGATCGTAACAACACCCGTGTGGGTGCAGAGCTCTTTAAAGTGCTATCTCTATAACCCCTCAGTACATCCCGGTAACGTGAAACCCGGTGAGAAAGTCGTCACAAAGTTCGTCGTTGCAAATTTGAATGATACCTCGAAGGAGTTCGTGGTATATCTAAAAAACCCGGAAGGGAAAGTATTGGCAAACAAGAAATTTTCATTGGGTGCTCTTTCGGCGGAAACAGCGGTTCTTGAATTTACACCCGAGTCTGAGAAAGATAGCACCATTATTTTTTGCATAGACAATGAAGTGAATTATAAACTTGAACTGACTGTGAGGTCATCCGCTTCGTTGAATATACTTCTCGATAAAACGCACGACAATTATTCCATGAACGCCAGGGAAATATTGAAGGCTTCCATCAACACAGCGGGACATAAGATCGTAGAAGCTGAAAGAATGTTGAAGCCCAATGACCTCTCTAATAAAGACGTTTTTATTCTGCCGTTGCCGGGCACAAAAGGCTTCTTTGAAAAATTGAAGATTCTAATGCCTCTACATTTAAATATGATTAAAAACTATGTCGAAAATGGTGGAACCCTCATCATTTTAGGAAATGGAGCACCCATTTCCCAAGCTATAATCGATTCATACAACAACCTTTTGAAGGCTCTAGACCAACCTATCATCTTCGGAAACGTGATCGCAGATGACGTGGAGGAAATATCTGGTATAACCTTCGATGGCTACAGGGAACTGGTGGGCGCTGGTACACATTTCGAAGGAAATTACGGAAATGGCAAGGTTCTTGTATTCGCAGGAGATCCCTTTACTGATAGGGTTATCTCAGCGAACGTCGAGCTTTTGAACGAGCTCTTTGGTGTAAATGAAATAGTCGAACCCGAATCCGAAAACAAAATACCGGTGGTACTCATAGATACAGCCCACGGAAACGATTATTCGCGGGATAAGCTGAATGATTTTTCTGCAGCTATAGACAGTTGGGGATATTTGAGTAAGTTCCTCTATGAACCCCTATCAGATGAGATACTCAAAAGTGTAAAACTCCTTGTTCTTATGGATGGTGCAGGCTACACGAAGGACGAGTACGAAGCGGTAACCACCTTCCTGAAAAACGGTGGAAGACTCCTCTTAACAGGAAAATCGGATTTCAGGGATGGTAGCCATCCTCAAGTTATGAACCGGTTTCTAGAGTTGATCGGTTCCAGTATTAGGTTGAATGACGATCAAATCGTTGACCCAACGGACAATTACGGTGCTTCTTACAAGGTGGAAATAAAGACATTTCCAAAAAGTGAGCTGAAATTCATTCCTGAAAAGAAAGTTGATGTTTATAGCGGTTGTTCGTTGCTGGTCAATGAAGGATCTGGAGTAGAGATATTTGCCACCGGTGATGAAGACACGAAGAGTGTTGATGCAGATGGCAGAGGAGATGCTTTCCCAGTCGAAAAGGTAATCTTTGCTGCTGGTGAGAAGATAGGAAAGTCGAGAATCGCGGTACTCGGCAAGGCGATTTTCAGTGATTACGATTTCAAATATCCCGGTAACGATAATTACAAATTCACAAAAATGATAATCGACTGGTTGATGAAATGAATTTGTAACAAAGGGACTTTGCTATAAAGGGCTTTTATGGTATAATGACACGGAAATCAAGAATGTGAGGAGGTGTGGCAATGATTTTTAGGAACAGAATGGTAGCATTTACCCCTGTATCTGGGGTTACTCTGCTTTGCCACGCCTTTGTACGTCTATGGAGGTATAAGCCTGTATAGTACAGGTTTCGAGGATACAAGGGTCGTGGCGAAAGTCACGGCCCTTTTTTTTGGTTCCTTTCTTCTGTCGCAGGAGGTGAATAACATGAGGCATAACTTTTGGAAGAGCAACGCAATCGTCGTAGTTGAAAACAGGGACTGTAAATCGGGCATCTGTCGCGCCGATATAACGAAAGAGAGTTTGTTTGATGGTCAAGGAGAATTTGTTAAGTTGGTACTTTGAAAGGGGGTATTGCAATGCACCAAAAGCGTATAAAATCTGTCATTAAAATCGATAGAACCATTGAAAAGATAAGAGAAGAAACACTTAAAGACATTGGATTTATCCGGGAAAGAGGGAGGTTACTATGAGTAAGAAGAAACACTATCATAATTCCATTTATCGCGGGGCTAAGTCTTCTCCTGTTGAAATAGAGAAAAAGGTGAACAAGATTCATTACGAACTGTTGAAAAGGCTCATGCGAATTGGAGGTGGTGGACTATGAATTACGCGTTGATATCTGAAAACATAAAGAAGCAATTCAAAAAGAGCAAAAGGATTGTTCATGCCCTAAAAGGGATAAACCTTCAGATAAGGGAAGGCGAGATATATGGTTTATTGGGTCCGAATGGCTCTGGAAAGTCAACCTTCATCCGGATAGCATCAACTCTGTTGATACCCGATACTGGGAGCATAAAGATTTTCGGATATGACGTGGTGAAGGAAGCCACGAAAGTCCAGAGACTAATTAATCGCGTTTCAGCCGAAGCGAGTTTTTTCAAAAAGCTATCGGCGATGGAGAACCTGCTTTTTGCTGCCGGTATACATGGTATATCGAAGAAGGAAGCACTGGAAAAGATTTATGACATCTCTGAAAAGGTGGGACTTGATAGGAAACGCCTTAACGACCCTCTGGAAGATTTTTCAAGGGGGATGCAGCAAAAAGTTGCCATTGCCAGGGCTTTCATGACTGAACCAAGATTGATGCTTCTTGATGAACCCACAACTGGACTTGACCCAAGGGCAAAGCGTGAAGTGCAATCGTTAATACTCCAAATGAGAGAAAATATGGGGGCAACTATACTTCTCACGACTCATGACATGGAAGAAGCAGAAAGGCTATGTGATTATGTGGCGATAATTCACAGAGGCCGGATAATTATCAAAGGACGAACGAGTGAATTGAAAACTATGATCGCTCACAAAGTCACGAATCCGACATTTGAAGACGTTTTTATGGAATTCACGGGTATCAGCTTTGATGAGGCGGAGTACGAGGAGGCTGAAAGTGCATGAGTACTCAAAGCATAGTGCGGGAAATGCGGGCTTCCTGGGCCTTTATTGTACGGAACTTCAATCTTATAAAACGTTATTGGAAATGGGAAGTTGTTTTCTTCGCATACACTATAGCCAACTCCATAACGATGGGGTTCATTGGCAAAGGTGTGGAGGCTTTTTCAGGAGCTGTACT
NZ_CP011232.1_gap42	1506259	1507993	1734	CTTGAAGTAACTGGGGACACAAAAACCATCGAAAAGTTACTTCCTAACATCGAAGCCGCGGAGAGATGGATCTACGAATACGGAGATGCTGATGGTGATGGATATATTGAATATCGGCCGGTTTCTGAGCGCGGTCTACAAACCCAGGGATGGAAAGATTCCGGTGATTCGGTGAGCTTCAAAGAAGGGGAACTTGCCCATCCTCCCATCGCTTTTGTCGAAGTTCAGGGATATCTCTATCTGGCATACCATTATCTGAGTTTCATATACACAAAACTTGGAAAAACTGAAAGAGCCACCGAGTTACTCGAAAGAAGTAGAAACCTGAAAGAGAATTTCAACAAGGATTTCTGGATGGAATCTGAAGGGTATTTTGCCATTGCCCTCGACGGAAATAAGCGGAAGGTTGATTCCATAAGTTCAAATCCTGGACAGTGCCTATTTACGGGAATTATAGATGACGAAAAGGTCGAAGCGGTTGTGAGAAAGCTCATGTCCTCTGAACTCTTCAGTGGCTGGGGAATCCGAACACTCTCCATACACATGAAAAGATATAACCCATTTTCCTATCACAACGGTAGTGTATGGCCCCACGACAATTCAATTATAATCATGGGCTTACTTAAATACGGCTATACTACCGAGGCAAAGAAAATATCTATGGCACTGCTTGATGCAATGAAAAAGTTTGACGACAAGCTGCTTCCTGAACTCTTCAGTGGCCTTTCAAAGGAAGAGACAGGAGGAGATATTGTCGAGTATCCAACGAGCTGCTCACCACAACTTTGGTCTATTGGTACGATTTTCACCATAAACCAGGCCTTAAGGCCGGTGAAAAGGGAGGGGTAATTGTGAAAAAGCTGTTAGTTCTTCTGGTGGTGTTTGTTTTTACTGTTAGTGCGCTCGCTGTTGTGAACGTTCGAATCAGTGGTTGGCCAGGAAATCCCATTGAGGAAGGCGTTATCAAATCCATAGTTGAAAAGTTTAACGAAACGCATCCTGATATTCATGTAGAATGGGAACCCATTCCCGGGGATTTCAGGCAAATGATTATCACACAGTTCTCCGCAGGTACTGCACCGGATATATTCTATGTTGACACCTTCTGGTTCGAAGAAATGGCAAGGCAAAACATGCTTCTTCCCCTGGATCTTTATATCAAGAAGGACAACTTCGATATCGAAGATTTCTATCCTTCGCTCGTGGAAGCCTTTACTTACAGGGGGAGAATCTACGGCATTCCCAAGGATTTTTCTACCCTCGCTCTCTACTACAACAAGGAGATCTTTGATGAGTATGGTGTGGAATATCCGACAAGCGAAGACACGTGGTTTGATTTCCTTGACAAAGCTCTTCAGCTCAAGAGAAAAGGTTTTGAGACTCCTCTTGTCCTTGCTCCCGATTTCAACCGCTTAATACCCTTTGTTGTAGCAGCAAATGGAAGAGTGGTCAAAGAGGATCTTAATACTGGTTTGACTGAACCCAATTCGAGATTTGCCATTCAATTCTATCTTGACCTTGTAAACAAATACGGAGTGGCTCAGGAACCTGCGAACCTTGGTGCGGGATGGATTGGAGAAGCCTTTGGAAAAGAAGCTGTGGCTATGGCGATGACAGGGCCATGGACACTTGGTTACATCAGAGGACAATATCCGGATGTGGTGGAAAAAACCGGGATCGTTGAGATGCCTCATCTTATCAATCGTGCGACAATGGTTTATACTGTTTCATGGT
NZ_CP011232.1_gap43	1520899	1522599	1700	AAGAGATAAATATCAACTATCTAAGAAGTGCACTGAACTTTTCTGGAGTACTTTTCGTTGCTCCAGGGCTCCTGACGGGCTACGTAATATCAAAACTTGAAGAACTGGGCTACAACGGCCATCTCTACGCTTCTGATTACGCTCTCGACAAAAAGCTTTTTCTTTTCGATGGTGAACTCATTCGTGAATTGAAGGCATTCAGCCACGTTGCAAAACCACTTTGTTATAAAAAAACTATGGATTTTGTTGGTACTTATAATGCGTTGATTTTTGTCAAAGAGCTGTTTCAGCGCTATGGCCACGATTTGCACACGACGTTCAACAAACTCGATGGATTTACTTTTCAGGGAATGGATGGTTTTGTCGAACTCCGAGGTTATTATGTGAATAAGGATACTTCTGTAATCGCATTGAAGGAGATGATGACTTTTGGAGAGTAATTCTTTTAGAGTTTTTTGCACATTGGTGCTTGTTGCTCTGCTGACTTCTGCTCTGTTCATGTTTCATGTTCTGGCTACGAATCATGCCCGGGATTTCGAACAGATGTTCCAAAAAACGATATATCTTCTGGCATACAGTTCAAAGGATGTTTTTCGGTCAGAGGTAGTTGAGGGAAGAGTTGAAGGTATCCCCGTATCGCGCTTGATAGGAGACCGCTCCTTTGCGATAAGTCCGGGGATATTTGTAAGTGATGATTCTGTGAAATTGACAATAAGCATAGATGGGAAAACGGAATTTGTGGAAATACCGGAGAAACTAATATCAAAAGAAGTAACTTTTAAACACAAAATATGGTTTGTTGTTGATAGAAATACTAATATCGTCTTATCCAGCAATAAACACACCAGACAACTCAATTGGCTCTTTTTTGAGAACGGAAAAATATACTATATTGTAAAGATAATACTGAACGGAGATTATACCTTGTACTTCGGAACTCTTGTTCCCTGGCACTTTATCCTTGCATTGTTTGGCTTAATCGTAGCGTTTTTGATCAGTTCCAGTTTCTTCAAGTCATATTTGAGAAACCAGGAAGAACAGATAAAAAATCTTCGATTGTCGTTGGATCATATTCTCCATGAAAAAGAAGTACCTGAATCTGTTCCCGAAGAAGTGAAAGCAGTTGAAGAAAAAATCAGGAAGTTGCGTGAGGAAGTTTCAGCGAGTGCTAAAGAGATTGAAAATTTAAAACAACACAGTGCGCGGCTATCAGCCTCTCTGAACTTTGAAAAGGAAATGTGCGAAAAAAACATTCTGAATATTCTCAAGACTTTCGGTACCCTCATTGAAGAAAATGTCCATCCCGCGGGTTCACATATGGAAGAAATGATTGAACTCGCAAAATTCATCGCTCAAGAATTCGGGATCAAGAGTGAAGAGGAGTTTAACGCGCTCCAAATTGGTATAATGCTGCACGATATAGGTCTCATTGAAGAAGGCCGCAAAAAAAACGAAATCGCTTTTGAAACGAGAAGACATACCCTTGCGGGTGAGAGAATCGGAAAAATTATGGGACTCTCACCTCTGGCAAAAGATATAATAAAACACCACCACGAAGCCTATGATGGAACAGGTTTTCCCGATGGCTTAAAAGGCGAGGGGATTTCTTTGAGGGTGAGGATAGCGAGTGCGGTAATAGCATATTTTGAAGAGAAGTATGAGAAAGGGATTCCTAAGCCCATAGAAAAGATGAAAAAAAG
NZ_CP011232.1_gap44	1574240	1577528	3288	TTTTTCATACACAGAATGTCTTTTAGAGTTTTGCATCATAAGAAACCTGATTCATTGGTGAGTTGATCAAAGTTAGAAGGTCTTTACAATGGTTGAACTGCTAAAGTTATACGCAAAATTGCGTGTTAAACCTTCAAGGAACATTGGCTTAACTAAATACATTTTTCCTTCCGAAAGCGTTGGTTTATATTTGCATGTACCCTTTTGCAAACACTTTTGCGCCTTCTGCCCCTATCATAAATTGAAATACGACCCCGTTCTCGCCAGAGAATATGTGGGTCTGGTCATTAAGGAATACCGGCTGCATGAATTGAAACAGTTCAATTCTTTATACATAGGCGGAGGCACTCCTTCGGGAGATCCGGAACTCCTGAAAAGATTGTTGAACTTTCTAAGAGACGACGTCTCTGGTGAAATCGCTTTGGAAGTTCACCCGCTCGATGCATCCACTGAAAAGCTGAGGGAAATAAAAGCATTGGGTGTGAATTATGTTAGCCTGGGTATTCAATCCTTCAGCGATGAGGTACTCGAGCATTTTGGCAGAGACCACAGCGCGAGGGATAGCTTCCTCGCTTTGAAGAACAGTATTGATGCGGGCTTCGATTTTGTGGATGTGGATCTGGTTTTTGACCCGCTGAGTTTTACAAGCGAAAGCATTCAAAATGATCTGGAAAGTGCCATGCGGCTTTTGCCACAGCAGATTTCCGTCTATCCCATGATGCGTTTTTCATATACGAAATTCAAAAACACCAGAAATGACAGCAAAAACGAATTGAAGATTTTTGACGGTTTAGATGAAATCGCAGACAGAAACGGTTACGAAAGAGATACCCTCTGGACTTATCGGAGAAAGGATTTGAATAAGAGATACACCTCAGTTGCAAGAGAGTTTTATCTTGGACTGGGTTTGAGCGCTTCAACTTTTACAGGCAATGTGTTTGCCACGAACACATTTTCTCTGGATCATTATCGCAAAAGTCTTGCAGAAAAGAGTTTACCGATAGGTTCGCAGTTTTCTCTCAATGTATTTCAGGGGGCACTGTATTATTCCTTCTGGGCCTTTTACGCCGGGCGACTGGATTTTAGCAGGTTGTCCGGATTCTTCCCGGGTGCGGCAAAAAAGCTCCGCTTTCTGCTGGAATGGCTGAGAATCATGGGCTATTTAACGAGAAGGGATAATCTTTATTTGCTAACCCGACGTGGAAGAAGAAACTTTCACCGGACTGAAGAATGGCTGACCTACGCTTTTATTGACCCCCTTTGGCGCAAACTGAGAAGTGAGGGTTCTCAATTATAATGCGTGTTCTTACAATGCATCACAGTAAATACCCGGGTGTATCAAAGGTGAAAAAGTTGTCCATTCTATCCCCTTATAAGTCCTTAACTAAGTATCCTGTTCCCTGACTAATCCAGAGCTTCCCTGAGCTCTTTGGCCACTTCTTCTGGCGATGTGGGATTTATGAAATTCCAGCTTCCGGTCTCGACGCTCGCCATCCACTTCATTTTGTTCCTGGAGCGCTTGGGTGGGTTGAACTCTATGTGGAAGTGGAAGAATTCGTCGTAGAGCTCTCCGGTATTATAAGGAGCTGAAAAGAGCATCATCATGTAGGGGAACTTCTCCTTGAAGAGAGTGTCGTATCGTTTAGCTATGTCCCGGATAAACTCCGCAAGTTCCCATTTTTCGTCAGCAGTTAAATCCGTTAGATAAGAAACATGGCGAAGGGGATATATGTGACATTCGTATGGGAACCTCGCGTACGGTGGCACAAGGCTGATGAAATACTTCCCTCTCTTCAATGTGTTCTCTTCTGGCATCGCCTTTATGGCATCGCACAGAGAACAGCTCTCTTTTGAAAGGTAATATTGCTGAGTCTGTTCAACTTTTCGTTCTATTCTTGGTGGCAGGTACGGGAAAGCGTACAGCTGCCCATGAGCGTGATCCAGTGTTGCACCAACTTCCCTTCCCCTGTTTTCAAACACATAGATATATTTAATATCTTTCATGGCGGAAAGCTCCCTGTATCTGTCGCACCAGACTTCTATCAGCTTCGCGAGTTGTTTCGTCTCCATGTCAGGAACAGCGAGATCGTGTTTCGAAGTGTACATAATAACCTCACATTTGCCAAAGGCGGAAGCCTTTTCCAGTATGGGGAATTCGATTTCAGGTTCGTAAGCATCGGTAACAAGTGAAGGGAATCTGTTGTCAAAAACGGCGAGATCGTAATCCTCTTCAAGCTCAAGCACACCAGGGCATAAAGGACAGGCGTTTTCTGGCAGGACAGGCCTTGCACTTCTCGAAGAAGAAACAATAACCCATTCTCCGGTGATGGGGTTTTTCCGCAACTCTCTCATAAGCTCATTCCCTTCTGTGGTGTTATCTTATTAAAGAATACCACCGACTACGTGAAAACAAAAAGAGGACGGTGTTTACCGTCCTCTTATTATTGTTCTGCGTTTTACGCAATGCCAAGAATTCTATCGATTTTAGCTTTGTCAAAACCGACTATAACCTGGTTTCCTATGACAACAACAGGAACTCCCATTTGACCGCTTTTGCGGTACATCTCTTCGGCTTTTCTCGGGTCCTTACTCACGTCCACGTCTTTGAAAGGTATACCGAGGGATTTGAAATACTGCTTCACCTTTCTGCACCATGGGCAAGAAGGGGTAGAGTACACGGTTACCTTCAGATGCATCGTTTCACCTCCTGATACCCCCTATGGGTATATATCTCTAACATTATAACACCGACATTTTTAGGTGTCAATACTTAAAAGTCCAGCACAACGAGCTGAGGAGGTGAAAGAAATCTCAAGTGAAACCACGAACCAGTGCCGTTGGAAACAAACACCCTATAAGAACCAAATTTCCCTTCTCCCTTGAGGATAGGGTATTCTTTCTTCAATAAGATGTCCGAAAGTACCGGTATATAGAACTGCCCTCCATGGGTATGCCCTGAAATCGAGATTATTGGGTCGGGACCGTAATATCTTGCCACAGCGTGGGGATAATGGCTCACGAGCACGATATTATCTTTGGCAGGAGTTGAATATTTCTTGTTAAGAGGCAGACCAACGAGGTTGATATACCCTTTTTTGCCTTTTAGTTTCACAGTATCGCCATTGAGATAATGAACACCGGAAGACTCATACATAGCAATAACTCTGTCAAGTTTATTGTAGTCCCAGTTTCCGGTGACAGCGTACACAGGCGCGATATCGCACAGGGCTGTGAAGAATCTCTCGAGGTCGTCAAAGTTCGTGTTTGGTTTGAGAGCATCTCCACCGA
NZ_CP011232.1_gap45	1587130	1590721	3591	TTGATTGCGATAACAAAACTCGCTGAAAAATGCAAAAAAGAGCTACCGAAGATCCGATGGTTTCAAACGGGTGCGCAACATATTCCCAGGGAAACAAAGGAATGGATCAAAACCGTGTGGGGTGCGAAGACTATCAACGGGTATGGTGCAACGGAATTTGGTGGAACGTTCGCAGTAGAGTGCAACGAAGGAAAGGGCTACCACTTCAACGATCTCCTGTTCTGGGTTGAAATACTCAACCCGGATCAGAATGGATACGGCGAGCTTGTGGTGACAACACTCGCTTTTCAATGTATGCCGCTGATAAGATACAGAATAGGAGATATAACTAGATTCGTAGATGATAGTTGTGATTGCTCCTTTGGAGCAGCAAAGATAGACTATATTCTCGGTAGAAAAGATAACATGTTCAAAGCCGCAGGAAACAATTTCTATCCCAAATACTTCTCAAAAGCAGTGGTTGAGGGAGTATTTCTCGGTGTGGAGATCGACACGAAAGAAAGCATCGACCGCATAAAAATACGGATTGTAGAAGGTTCAAAAGTAGATTTAAAAAGGCTCGATACCTTCATTCTTGATACTATCGAAAAGGACGAACTCATAGTTGAAACAAAATCCGAATCTCCGGATTCTCATACCGGAAGGAAAATACCTGAAGTAATTGATCTAAGGTCCCGGGATTGATAAAACGGCTAATACTTTTGTTGATGGTGGGATTCGCTTCGCAAATGATGCACTGAGCTACGCTCATCATCGTTGTAGGTTGTCAGTTGTAGGTTGTACGTTAGAGACTTTTTGTACAATGGCTTTTTTGTCTTTCCCCACAACACACAACCTACCACCTACAACAGTTTTTCTCAGGCTTTCGGATTCTCGGTTTTTGTAAGAACCATAGTGGTATGAGGCGGCTGTAAGCCGCGTTGTCAGTGGTTGGTTGTAGGTGAAGAAAACGAAAGAGAGGGTTCTTATCGGTTAACGGAAGACGGCCAACGGTAAACGGCTCCTTGTGGTTATACGTTCCTACGAAACGGATTTGCGCCTTCTGCGGATGTAGGAAACTGTTGTAGGTGGTTGGTTGTAGGTTGTTCGTTCTGCACCCTAGACCCCAGACCCCATACCCTAAGCCTGCTTTTTCCAAGAATCGGTCAACGGACAACGGCAAACGGCTCTCGGGTTTCGGGGTCTATCCAGCCTCACAAGCGTCCTGTTTTTGTTGGCTTCCCCCAGATTATTTGCAATCCATTCCTCTTCCTTGCTTTTCCACGAAAAATAAACAAAATGCTCCGGTAAAAGCTTCTCGAGTTCTTTCAAATGCGAAAGTTGCAGCTCTTTCTTCTCATATGGCCTTCTATTGGTAGTTCTTTCCATTATTAACTTCAGTCAGTCATTTCTCTAATGAAACCTAATCCAACCTACCCAGTAAGAAAAAAATTGATTTTGTCTTTGACTTTTTGCTTTACATTTTTACCTTATATCTTATATCTTTACCAAAAGAACTTTCAATAAGGAAATACTCAAGGAAAACTAACAAATCCCATATGAAATACAACAGGTATTTCCTTCGTTGCTCTAAAAATTTTTTGAAAGAAAAGCACAAAAATTCTAATTTAATTCTTGATATTTCTAATCTCGAATGGTATATTATTAATATAAAAGATAAAGATCCTTATAAAGAAGGGATAAAAATGAAGACATCAAGAAATATTTTACTACGGTGAAGTATTATTGGAAGAATGAAAATGCTTGGTCGCTTGTTGGATATGAATGAGTTATATGCCATCACTATGAAGGTTTTTTAGATAAATAACCAAAGTACATCAGCGTAATCATTTGTTTACTATTAAGAAAGGGGTGGGAATTGTTATGGAAAAAGTTATTGGAGTATGTGGATGCATTTGTAGTGATTGCAGAATTTATGGAAAGGATTGCCCGGGATGCCGTGCTATAGAGGGCAAGCCATGTTGGTTGCATGAAGTGGGACTTGAGATTTGTGATTTTTATGAATGCTGTGTAATTGATAAGGGGTTAGAGCATTGTGGAGAATGTACAGAAATTCCATGCGACAAGTTTTGGAAGAATAAAAATCCTGCATGGACAGAAGAACAACACAAAAAAATTGTAGAAGAGAGGGTTGTTTTGCTTAAAGGATTGGCAGGGAGGTAATTTTGTGGAAGCTAAACAGTATGATGAGTATTTATATCATTGGATAGTGGATCTATACGAACAGACAGTAACCGAGATAGATGATGTTCAGATGATTAAGAAAATGATTGGCACGCGTACAAGACAGCGTATTTTTGAGGTGGGCTGTGGCAGCGGTCGTATCCTCGTACCATTGGCAAAAGCCGGGCATATAATGACCGGATTGGATATGGACAACCTGATGTTAGCAAAGCTCTTTGAAAAAACCCGGGGACTGGAAAACATCACAATAATTCAAACAGATGCTGTTACAGTTAACTGGGGTGAAGGATATGATGTTGTAATCCTGGCAGGTAACATCCTGCTTAATATCGTATCCGATAATGATTATAAGGTTGCCCAACAAAAATTTATCCAGAAAGCTTATTCAGCACTCAATCCTGGTGGGTATATGTATCTGGATACTAATTCTTTTGCCCATCCCGAACAATTTTTTGGTCAACCAGGGGAACGCGTGATTTTTGAGGGCACTGATAGACGAGGAACTTATGGACGCTATCTCCTCATAGACGAAAAATATGATGCACAAAAGCAATTAGTCACGGGCACGCGTAGGTATGAAATTACATTAAAATCTGGCGAGACCTTTTGCAAAGAAGAGAACTATGTTAAACACATTCCTACTGTCCAACAAATGGAGCAGTGGATAACTGATGCGGGATTTGTTATTGAGCAGAGATATGGAAATTACAAAGGCGACCCTATTAGCGAAACTACGTATCGCGCTATTTATTGGGCAAAAAAGCCGTTATAAGAAAGTAAAAACTATCTGAGTTGAGTCCTTTCAATTTGCTATTTGAGCGCCTGATGTCTCAAAAAAGCGGGACATCAGGCGGTTTTAGATTTACCATAATAATTTTGAGATGATTGTATTGAAGCGTTATGAACTTCTTGAGTTTTTAGTTGAGGAGATATCAAAGATCAATAGGCCACACCCGATACGCATAGCAATTGACGGTGTATTCTTGTTAAAACCTGAAATCCGAGAGTATACTCTATATATACACTCTGATTTTAGTGTTGTTTTGAAAAGAGCTTCATCGTGAGATCAATATTATTTGGATCAGAAGAAAAGGTAGAAGAGAGATATAGAGAAAAATATATACCTGGACAGAAGCTTTACCTGAAAGAAGCAGAACCAATTTTATTTGCAAGTGTTGCGATTGATAATAACGATTTTAATCAGCCGGAAATTGTCACTTCGGATAAGAAAAAAGGTGAATTGTTAGAATCAGCGTTCAACTTCGCTTAACAGAATATTCCCAACACTTCGCTCTGTTACGCCTTTTGCAGAACGTTTTAAGGTGGCAAACAATAAAAAGTCCGCCAGGCCTGCGGTACGCTTCACATCAGGAATGCTTGAAACGTTAGGCGACATTGTGCCATAGG
NZ_CP011232.1_gap46	1603653	1606231	2578	TTCATATTTTTCAAGTTCCAGACTTTCATCACCTACTGTAAAGACTCCCTTTCCTTCCAAAACAAGCATAAAAACATCCACAGGAGTTACATGCGACGGTAGTTCGAACCCCGGTTCAATGGTTATCACATTAGCCTGTGCGGATTCTTTGTCATATATCCTCTTTGCTTCGATTCCATCCTTTTTAAGAATCGAAGGCAGTTTCATTATCTGTACTTTTTTCATAATTGCAGACCTCCTCTTCGGGATATAGTAACCTATTAGGCCACAATTCAATCATACCGTCGCAGTCTCGTGAATTCAGTAACATATGTTACCTGATTCAATCCAGATTAACTCAGAGGTTCGCAACAATTATCCCGACCAGCGGGTGCGCCTTTACCAGATTCACTGTTTTCGCACATCTTTCGAACATCTTCTTCAAATAATAAGCATTTGCTGGAAAATCCGTATCACCTTCATCATAATATACTTCATCCCAGCTTTCTTTGTATTTGCTGGGATCTTCAAACCACATTATATCCGCGATCACTATTCTGGTTGGCTTTTCTGTCAACTCCATCAAGGTTTCAATCGCTTTCTTCTTTAGATCATCTGTCAGATGATGCATTGCATACACGCTGATAACCTTATTTATTCCAAACCCTTTCAGATCAATCTCTTCATAGGGATTCTCAAAAGAACCACGATAAAAAGCTACATTGGTAATGTTTCTCTTTTTTGCCTCCTCCCTGGCATCTTTGAGCAGATTCGAACTGATGTCTATCCCTATAACCTCTTTGCAAAACGGAGCCGCATATAAGGCCCAGCGCCCCCTACCCGTTCCGATGTCCAGCAAGATATCATCTTTGCTTAATTCGAGAAGTTCAACAGCTTTCTTACCAACCCTGCAAATGATGTCATCACACTCTGCACTTCTTTTTGCAATGGGCGAAGCCTCACTGAGCGAATCAAATGTTCTCTCAACCTTTTTGCGCTTGTATTTCAAAGAAAAACCTCCCTGACTGGTTAAGTTACCGTCATTATACAACAGGGAAATAGTTCGAAAGCCGAAAATCCATCCTCATCAAAAGAGGGTGATAATGTAAAACACGTACCAAAAAATGGCTCCTGTACTATACAGGAGCCAGTTGTGCAAGATATGCTACTTCCTTACTTCTTGAGAAATAGGCACATTTATCCACTTTGCTGTCTAAGTATTATTTCATTTCCCATCTGATCAAATGTTCTTTTCTTACTTTATCCTTTTCTTCAGGACTTAAGCCCCAATTTCCATTGTAAACTGCTCCTTCCCAATCACCATAAATCGGGTTGGGCAGGACAACAAATCTTGTTCCCCAATCGTCTTTCATCTGATCTACGAGTGCATTTCTTTCCTCCAAACTTTTGTGCCTGAAAACGGAGGAAAAGTCGTTCAGGTTATCCCCCATTAAAACAACTATTTTGTAATCATTAGCTACAATTTGCCTTCTTGGTTCCTTGTCAGAAGTTGTGGTTCTCAACAGAACATGTTTTTCATCGGCGAGCGGGAAACCAAGCTTTTTCAAATTATCAATCGTTGCTTGTTTTACATTTTCCTTTCTGTTTGATATGTAGAATACTTCTCCACCTTTTTCAACAACGTAGTTGAGGAATTCCACGGCGCCTGGTAAAGCTTCAGCTTCACGCGCTTCGCACCATTCAGTCCAACCATATGGGTAAGCATGGTCAGTTCCAACATGCCCCGCGTCATATGGGCTGTTGTTTAATATTGTTTCGTCAATATCGACTATGACTGCACGTATTCTTGTTTCATCAGGATTGGCTTCAAGATCTGCATCAAAGAGCATTTTTGCAAGATTGAAAGCCTGGTATGAAAGGGCCTTAAATTCACCGGAAGTTTGGTACCACAGTGTTGCCATAACGAGTTGTTCATTCAAGTCCTTTTGGGTGTAAAGTGGTGTAAGCCTGAGCTTCTGGCCGACAATGATAAGGTTCGGATCACTTAAATTATTATATTTGACAAGCTCTTTAACGCTAACTCCCGTTTCCTTGGCGATTTTTGACAGAGTATCGCCTGCTTTTACAACATAAAAATCAGTAGCAAATATTGCAACAGCCATAAGTGTGACGATGATGACAACTAACGCTCTTTTCATAAAAGCCCCTCCCTTTTTAAAGTTTGGCAATAAAATTATATTACTAAAAAGTCTGAAATCACGCACTTCGAATTAATGAAAAAAAAGAAAAATATGTCATTAAAAAAGCATGGAGCTTTTCTTTTTTGAGTATTAATTCAAAGAGCATAACTTAAGGATAGAACTTCTTTGAAGAAGATGGGATATTACGAAAAAAAAGCCTTCTAAATTCAAAAACAGAAAGGTGGCTGATATTATAGGCTGTTACTAATTTTCAAGGCACCCTTAAATATAACAGATTTGCAAAATGGAATTATGTCATAGAATAAGCAATTACTCGATAAGTAAGGATAAGTTCAGCAAAGCAGTGATAATCTCCCAGAAACATATTTGATTCGAAATTGGGTATTATGAAATAATGTTAGCGGTAACATAATCTAAGGAGAGTCATTATGAAGAAG
NZ_CP011232.1_gap47	1617607	1620297	2690	CTTGCCTTTCAGCAGGGATTTCAGCTCTTCTATCCCTTCTCTCACCACGACACTGGTGAGCAGCACCGTGTAACCAATGTTCCGGTATTCTTTAACATCTTCCTGGATTTCTGGTGGATCTATAAGATCGATTTTGTTGAAGCAGATGACGGATTCGATTCCACCGTATTTTGCCGATATCGTATATCTCTCAATGAGATTTTTGTTATAACGCGGATCTTTAACCGCGAAAACAAGTATTGCCTGATCAATGTTTGCGGCTACAACCTGTTCCAGATGGACACCTTTTTTACCGGCGCCCTTCCTGATCAATTTACTTCTCCGCTCTTCTATTGTGGTTATCACTCCCCTGCCCCCCATGACGGGTTGAAATTCCACATAGTCACCTACCACGACCAGTGTCTTGGTTGTCCGGCTCTGCTTGAAGAGCCTACCTCTGAGGGTACAGCTAATGTCTTCGGCGCCGTTTACCGGCCTTACTTTGTACAGTCCTTTCTGGATGTTTACTACAATTCCCTTCAATTCTCTCTACCTCCAAAAAAAGCACCACGGCTTCAGCCGTGGTTGCACGTTTTTTACAAACAAAAAAGGCCACAGCTTCAACACAGCGTGGCCCTCAGTTTATCAGTCTGGGAAATATTTAGCTTATACTCATTGGGAGGGTTGCACTGTGCCGGATTAAACTTCTGAACTTGTTCTGAAATATGAATTCTTTTCTCTTCGTCATCCGACATCACCTCCCGGGGAACAATTTCTTGCCTTTCTCATTATACACACAATCTGTTCAAGAACAAAACAAGTATATTGTTATTCCGGATTGTTCACAGCATTCTCAATAGCCTTCAATATAATCTTACTGCTGTATGTCGCACCGCTTATTGTATCAACCATAACGCTCTGTTCATCGATGACAGCTTCTACAATATCCTCTGCTTTCTTGCCTTTTCCCGTTATGTGCTCCACAATTTCGATATTATCTATCTTTCCGTTACTAACGCTCACCCGAACCTTGGCGCTGATCAGGCCCAGAGAATAGCTTCCATAATAATCGCCATCTTCGAGTTTGGAAAGCTCCAGTTCAGAGAATTCAATAGCCGCTGCTTCTTTTCTTACACGGCTGATTTCTAAAAACATTTTGGATGCAACAAATATTCCAAAAAGTACGAATGTAACGATGAATACAATTACGACACGTTTTACAAGTTTTTTCATTCACTATCCCTCGCTTCCGGTATCAGGTACTCGATATTCAATCTCAACTCATCGAGTAACTCCTCTTTTGTGTTGTTTGAAGTACTATAATAATAAGAATAGAGCATGCCAAAAAGCATCGAAGTGATAATTCTTTCAAGCTTAACTGCCGTTTCAGACTCGTATCCATGCTCTAAAGATAATCTCTGGAAGAGTTCTATCCGAAGTCTATACATTTCTTTAAAGTTCGGGATAATGTCAGCGTCATCTATTACTACAAGGTTCTCGTTCATGAATATGATTTTAAACAGATCAGGCTTCTCAAGAAAGAATCGAGCAAATTCGATGTATAGAACTTTTATCTTTCTGGCTGCTGGCAAATCCAGTGAAGACTTCTCCCGTAGCCATTCCATTGCTTCAGCCGCGTAACTATCCATAACAGCACTTAGCAAGCCATCCATACTGCCAAAGTAGTTGTAGATGGTAGCAGGAGCATAGCCCGCCTGCTCAGCGACTTTTCTAACACTGAGCGCCTTTACACCGTAGTAGTCGATGATTTCTTTTGCTGCTCTTATAAAATATTCTCGCCTCTTTTTTATGCGCTTTTCTTTCTCGGACATATCAACCTTCCATTTCGAAATCTTTCGCAAATTTCTCTATATTTTCCTCCCTTACGAAGGGAAGCTCTCTTCCTTCAGATATCTTCTGTACCACCTTCCTGGTGAGGAATCCCATCTTTTTGAAGTTGAATTCCCCTCCAAAATATCCTTTCACATAGCAGCTGTCCAGAAAGTCTTTACTGAAATTGTTTGAAAGAAACTCCTCAAACCTATCAGGTGTTTCTCCCATGCAGAGGAACACCCCCAGCCTTTTCTTTTTCAATAGTTCTAAATTTTTCTCGACGAAATTCCTCACTTTTCTTGGTGCTTTACTCACGCGTATGTAGCTTCCCAGAATCACGCCATCAAATTTGCTCAGATCTACCCTGCCCGCATTTGCAAGATTAACCACGGAGCTCTCTGAGCCCAGGCATTCAGAAAGAATTCTGGCGCATTTTTCGGTGGTACCAGTCTTGCTGCTGTAAAGTATTAAGACCTTCATAACAATCCTCCTCGAGACTATAATGTGAACAGCGTTCAATTTATGAACGTAGTTTACCAAAAACGTTGGGATCTGTCAATAACATTGATAAAATCTTTTCGATGATTGGCACTCTAAAGTTCTTTACTCGGGACACAAACAAATGTGGGCTTATTTGATTGGCTCCAATTGAAAAAGATAGCGGAACGATGAGGTTAGAAGATATGTTTCATATAACGTCAGAAGGCATTACAGATAAAAATGTTATAATCAAACATTGATGAACTGAAGGGATTACGATGAACTGGATGCACTTTGAACCCGTTCTTATACTCGAGTTGATCAAAGATAAGGAAAATCGATTGAAGATAAAATCAGGGCAATCATGGGCTCATCCTTATCGGGCAAGTTTCCACCGA
NZ_CP011232.1_gap48	1623518	1626435	2917	AATCACAGCTGTCTCCACACGGAGTATCCTCTTTCCCAGAGAAACCGGAAGGCAGAATTGGTGTAATTTTTTGAGCTCATTTTCAGCAAAACCACCTTCTGGTCCAACCAAAATCCTGACATTTTTGCTTGAAGCGATAGAATCGCTTAAACTCTGAAGTGGACTTCCAGTGAAGTCTAACAGCAAGTTTAGTGAGTTACTATGATCTATTTGATCAATAGAATCTATTATACACAGTTCCGGTAGATACGTGTTCAGACATTGTTTTGACGCTTCGCGCATAACAGAGTAAAACTTGTCAAGCCTGTTGGGTAAGATTTTTGCAACGCTGTATCGACTGTTGAATATTTCGATCCTGTCCACTCCGAGTTCCACGGCCTTTTCGATTATCAGACGTATCCGGGGCCATTTTGTGGAAGCAACAAATATTATCAGGCTCTTACCATCGTGATATTCATGTTTTCTAGAAAGGAGATTTCCTGTTGCTCCTGTCTTGCTTATGGTTTCGAGTTGGAAACGATAAATGTTGCCCTTACCGTCAAGCCCGGTAAGGATCTCTCCTAATTTGACTCTCATCACCTTCAGATGGTTCGCTTCTGAAGGTGAAAGGTAAACCTTCTTATTCTCATTTTCAACGGAGTCTATCCAGAAGGCGTGGGGCACTCAGCCAATTACCTCCGCTTCCATATATGGTATGAGCACTTTTGGTACCTTTATCTTTCCGTCCGGCTGCTGGTAGTTCTCTACTATGGCAATCAACGTTCTACCAATGGCGAGACCGGAGCCATTGAGGGTATGGATGAATTTTAATTTGTTATCTCTGTCTCTAAATCTTATGTTTCCCCTTCTTGCCTGAAAGTCTTCGGCGTTACTGCAGGAGGAAATCTCCCTGTAAGTGTTGTAAGAAGGTAGCCACACTTCAATATCGTATGTCTTCGCTGCGACGAATCCTAGATCACCCGTGCAAAGGGCAACAACCCTATACGGTAATTCAAGCCTTTTCAATACTTCTTCCGCATCAGCAGTAAGTTTTTCAAGGGCCTCATAGGAATTTTCGGGGTGCGTGAACCAGACGAGTTCAACTTTATCAAACTGATGTACTCTTATCATGCCCTTCACATCGCGGCCATAACTGCCGGCTTCACGTCTATAACAAGGTGTGTAAGCAGTGTATTTCCGTGGCAAAGATGACAGCTCGAGTATCTCGTCTCTGTGCTGAGCGACGAGCGGAACTTCAGCTGTCGGTATCAAGAACATATCATCCGGTTCAGTTTTGTAAGCATCCTCTTCAAATTTTGGAAGCTGTCCGGTAGAGAGCATCGTCTCTCGTTTGACGAGGTGCGGCAAAGCAACTTCTTCGTAACCATGTTCTGTCGTGTGCAGATCAAGCATGAAATTTATAAGAGCTCTTTCGAGCCTGGCAAGCTGTTTTCTCAAGACCACAAACCTCGAGCCACTCAACTTTGCAGCTCTGTCAAAGTCCAACATATCGCTCTGAATACCAAGCTCCCAGTGGGGTTTTGGTTCAAAATCAAACTTCCTGGGCTCACCCCATTTTCTAACTTCGACATTATCATTTTCGTCTACCCCGACAGGTACGCTTTCATGAGGGATATTTGGAACGTATAGGAGTTTCTGCTTCAGAAATTCGTCTAGCTCGCTGGCCTTTTGATTGAGCTCTTTTACTTCCTGAGATATCTCTTTTGCCCTATTTTTAAGTGCTTCAGCTTCTTCTTTGTTTCCACTTGCCATCGCTTTGGCGATTTCAGAGGAGATACGGTTCCTTTCGGCTTTCTTTTTATCAGCGGCGGCAATTGCGTTACGCCTTTCGGCATCGATTTTAAGGATCTCCTCCAACAAGGCAGGGTCCACATTGCGATTTTTGAGCGCTTTTTCAAGAATTTCCGGATTATTTCTCACGATTTTAATGTCTATCACTCAGCACCCTCCTCAAATTCCATTTCAAGAGAAACATTTGTTCCTTCGAAAGAATCGTCCTTTGTATTGTAATATAGTTCCGTAGCGTATATTTTTCTATTATTTTTTTTATCGTCTACGAACACGTCTCCTTTGAGCAGTATTATTCCTGTGCTTTCGTCATACTCAAAATAAAGAGAATTCGCTACAAGTTCGTCCTTATAGTAGATCACAAGGGGTTTGAAATCTTTCGCACTTTTCGGAAGGGCCTCACCGGTGTATTCTTCTTTTTCCAGGTTAAAATCCAGTTTCTCAGCGTTTTGTACGAGAATCTTTCTTTTACCGTTTTCATCGTTGAATCTGGCAATTACATTGTGTTTCAGTATCCCGCTGGATGTATTGAGATTGTAGGTCATACTAAACGATGTGGCATCTCCAGAAGAAAAACTAATATGCGTCAAACCAGCGGTCTCGATGTAGTTCCAGTTGCCATTTTTTGCTGTCATCGTGGCTGATTCGGTGGTGAGAGAAACATCCCCCACTTTCTCTATGTAGACCTCCCCGGTAAGATAAACGATATCTTTTCTACCAGAAATCTTCTTTGCCCGGATCCTAACAGTACTCGTCACGGCAAAAATCGACACGATAAATAGAATAACCAAAAAGACAGAAATGGTTTTTTTCAAGGAAACTCCCCCTTATCCTCTTTTCTTCATTGCATCCAGAAGTTCATCAAGAATCATGAGCAGTTCCTCAGGTTTGTGATTTTCGAGTTTTGTGAGGATTTCATTGAGGTAGCTAACTCTTCGCTTGATCACCTTTTCTATGAGTTTGATGCCTTCTCCGGAGATATCTATGATGTATGAGCGACGGTCCTCTTTGGAGCGTCTCCTTTCAATGAACCCACCTTCAATCAGGCGATGAACGAGTCCCGTAGTGGTGCTCTTCGTTATCCCGAGTATTTTACTAATATCACTCATGCGTTTTTCTCCAGAGAAAT
NZ_CP011232.1_gap49	1639201	1640933	1732	CGAACCTTCTTTGGGACTGGCACCCATGCTTGTCAAGGAAGTGTTCGAGGTCATTCAAAAAATAAACGGCGAAGGAACCACCATTCTTCTGATCGAACAGGACGCCGCGGTGGCCCTGAAGACTTCACACTATGGCTATGTTCTTGAAACCGGAAGGATAACTCTCCATGGACCATCGCAGGAATTGCTACAAAACGACGAAGTGAGGAAGGCATACCTCGGACTTTAGTTTAAGATATGAAAAAAGAAATCTGGCACAGGCCAGATTTCTTTTTTTGTTAAGTAGTAGTCAATTTTCCAAAGAGTGGTACAGCAAGGGATAGTGTAATAACCGAGAAAATCAACAGAACTATCACGTCGCCAGATATGTTCGAGAGCGTACCTCCGAGTATCATTACCTTTCTAAGAGCATCCGCGGCGTATGTTAACGGAAAGAACTTCGACAGGGACTGCATGAAAGACGGCATCTGATTTACCGGGAAGAATACCCCTGACAGAAACATCATCGGGAACATGAGCGTGGTAAGCATCATCTGACTCGTTTCCTGGTCGGGTGCACTGGCTGTAACGATTATACCCACGCCGATAAAACTCATAATTCCCAACACGAGAACAAAGAGTGCGAGAAGTATTGAACCCTGGACTGTTGCGCCAAACAGCAATATCGCTATCAGCAGGATGATGATTGCTTGCAGTATACCTCTGATGCTTTGTGCTAAGGTCTTTCCAAGCACAACTGAATAGCGGGGGATCGGTGTTGTGAGAATACCATCGAGGGTTCCACGCTCTTTCTCCGTAGTAATCGCAGCTGCAAGACCATTTACCACACTCATTATCGCAACCATCGCCATTATCCCCGGAGCCATGAAGCTGTAGTAGTTGAACTCTCCACCGCCGGGATTTTCCATTTCCAGGGTGAACTTTCCACCGATGCTCCCCATGGAACTTCCAATACTGGTGGTGATACCCTGTGCTGCCGCCATAGCTATTTGTGGATTGGAAGGGCTCGGAATAAGTCTGACTTTTATTTCTTCCTTTCTTAACATAGCACTCAGAAAACCTTCCGGAATTACCATAGCAACATCAGCCTTTTCGTCCAGAAGGGCCTGCCTTAGTTCTTCCTCGCTATCTACAAAAAAGAAATTATCCAGTCCCTTGCTCTCCATCAATTTCCTGAACCCACTGTCCTGCGAATAAATCACGACTTTCACGTTTGTCCCGGCTTGAATTTTTGGGAAGATGTAACCGGTCATGAGCATCATGAATATGGGCATGATGAGGAAAGCGAATATGGCGATTCTACTTCTGAAGAAGTATTTTAGGTCTTTGATAGCGATCAGTAAAGCGTACTTCATGAATGCATCCTCCTTCTCACAAACCGGGCTTTTTTCACTTCCTGATCTCGCATTTCGTGACCGGTCAACTTAATAAATACATCTTCGAGGGTTGGTTCGACGGTTCTAATAGCCCTTATATGAAGGGAGCGCTTCGACAGGAAGTCGGTGATGAAAGCAACTGGGTTATCACAGTTCATGATTATCCTTATCTCTTCCGGTGATCTACTGGACACCTTTCGCACGCAATCGAAAGCTTCTAGCTCTTCAGTGATTTTACCGTTCATGTTCGGTATCTCTATGTCCAGAACTTCGTCACTAGACTCTTTCAACATCCGCTTCAGATTTTTTGGAGTATCGAGAGCGATGATTTTTCCGTGGTCTATGATGGCTATCCT
NZ_CP011232.1_gap50	1736648	1738899	2251	ATGCTCTGAGCAGTTCCTGTTCGATGAAGACCCTTCTGCTTAAATCTAAACTGAGTGTTTTGTCGAAAAAGAGGATGTCTTTTTCTTCCTTTTCAGCTGTGTGGATTGCGATTTCAGCATTCTGTATTAATTCAGCAAATGATGTTCCGTCTTCCGGGTACATAACAATACTCATCACAGGTCGGATGGTCATTCCGGTCTTCATTATTCTGAAAGGCTCAGAAAATGCACGCCTGATCTTATTAGAAAACTTCATGGCGGATTTTCTGTCTCCTATAGGAAGCATCAGTACGAATTTTGCTCCTTCCAGTCGGCAGATCTGCTTTTTATTCCCTAATATGTTTACCAACTTTTCAGCTATATCTACCAAAACTGCATCACCAAACATGTGCCCCATGACCTCGTTTATCTGCCTGAACTTACTGATAGAGAGATATATAAAGGCAAAGTGTTCATGGGAGAACTTCAGTCTTTCAAAACGCTCTTCCAGATATCTCCTGTTGGGCAATTTCGTCAAAGAGTCGTGGGTGGCCAGATACTTGTATTTTTTGTGTTCTTCCCTAAGGTTGCTCTCTAGTTGAAGTCTTTTGTAAATGATGGAAATCTGTGATGCAATGAGCTCCAAAATTTTCCTGGATTCCTCATCGGGGGTTTCGTTTTTTTGTATACCCAGTGTAAGGCAGCCCACTTTATTGCCTTCGCTTTCAATGGGAACAAACATGGCTTTTTCGGCCAGCTTAATCCCCCTGTTTTCGATAACGGTTAGAAATTCACGGGGTAGGTATTCCTCAACTTCAGTAAATTCGATCACAGCGGGTCCAATATCACTATAAATGTTCAACAATTCCTGAGGTAACTTTAAACCTATTAATCTCTTGTTAGAGGTTGAAGCCACAATTTTTAATTTGCTTTCCCGTTTGAGCAAAAGGGTCGCTCTGCCGATCTCAGGGATAGCTTTGGACATCTTTTCCAGAAAACGTTGATAAGGGTTCGTCTCGACAGGAGAAGATAAGATATCGTTTGTACTTTCTGTGAGAACTTTCCTGAGCCTGTACAGTCTCGCGAGCTTTTGTTGTGCCCTTTTCTGTTCGGTGAAATCCCTCACCACCAGAAGAACCTTACGATTGTCTATGGGGCTAATTCGAGCCTCAAAGAACCCTTCCCCTGCAGGAGTGTCGAGCCAGTAATTAACCGTTTGAAGTTTTCCGGTTTCCAGGGCTTCAGCGATCGCTTTTTTCAAACTCTTAAGGCTTTCGGGAGAAAAGCCCGCGTCATCTATATTGCTCCCAATGATTTTGTCAGGAGAAACTGCGAGTTTTGAGCTGTCTTCGGCCTTGAAATCCAGATAAACCCCGTCTTTCGAGATGACAAACATCATATCTGGTAAAGCATTGAGCATGCTTTGGGTGTATCTATCTTTTAATTCCAGCTGTTTTTGGTTTTCTTTCAAAGAGGTGATATCCAAGGCAATGCCTATCAGCTTTAAGGAATTATTAGAAGAATCCCGTTCATCCACCCAGAGATAAACTTTTGACCATTTCCACGAGCTGTTGCAGGCCCTTACTCTAACTTCCAACGTCGTGTTGGGTTTGCCGTTACGGAGCTCTTCGAGAGCTTTGTTGATCAGAGGGACTTCTTTAGGGTGAATGAGTTTTAGAAGGGAGTTGAGATCCTCTGGGATTTCTTCGGGATCATAGCCATACTTTTTAAAGAATTCTGGTGTCATGGAAATCGAGCCGCTCGGTAAATCAAGCTCAAAAAGAGAAAGGTCCACCGCATCAAAAACAAACCGGCAATATCTTTCCGGGTTTTTCAACATATTCTTAAAATTAGAAAACCCGCTTTGCGTTGAAATCTTCTTTGGAGTGGAGCTTTGGGAAGGATTTCGCGAACTGTTCTCAATAAATCTGTTCTCCATACGCCTGCTTCTAGTTTAGGTTAAATTCAGTATATGAATTTTACAACACAAAATCCCTAGATTATCATCAGGCAGGCGATTGTTACACAAACGTACCATACGATTAATTTAAAATTAAGAACAAATCTTTTGATTTAATAAATATTTTATGACAATATACCCGATCTAATTTTTCTAAAGGTGGCCAGGGCAAAAAGTATAGAAGTGCCGATAATGAGTGATATGTCTTTAAGCATGTTAGACCAGGTTTGCAACTCCAGCAGCAGATTTTTCACCGAAACGAAGGTCCAGTATGTAGGAGCCCAATAGAGAAAGATGTGGCTCTTTTCGGGT
NZ_CP011232.1_gap51	1762246	1765435	3189	ACTGTGTAACCCGTTTTAGTGATCAGCCTCACCTTGAATTCGTACATCTCGTTGTTTATAGCTTCTACGGCATGGTCTGGCAGTTCGTACCTGACACCTATGTCCACAGTGTTATTTGCGGCGATGAGCTCCGGGTGCCTTTCAGTAATCTTTTTGACCAACGTGTGCCCACTTCTACCAACGGCCACCACGAGATAATCGTACTCTTCTTCAAAGTCATTTCCCCGAGCTATTACTTTATCTCCAATGAGTTCTATATCTTCCACTTTTTTATTGAAATGAAAGTGGATATTAGGTCTTGTGGAAAAATCTTCATACACCTTCCTGAGAATTGAACCAAGCTTGTCTGTACCTATGTGCCAGAACTTTGAGTTAACAGGCTCAAAGCCTTCAGAGTAAAAGTCTTCGAAGTAGATGGATTTGCTGTCAAAAGATATTCCTGTCTTGACACTTTTTCTGTCTTCTGGGTCCAGCTTGCTTATATAGAAGTTTACAACTTCTTGCTGAATGTGGAGCGGGATGTTCATATCACCACCCATGGTGCTGGACACGAAGATCTTTCCATCGGATCGGATACCGCTGATGCTTGAACTGTAAACATCTTTTGAGCGTTCAAGAATATGGATTTCATGCTCCTGATCCTTGAGTTCCTCAATGAACCCGATTGCCGCAGCTCCAAAGCCTATCACACCTATTTTCATTCTTTCGGCGCTCCGAAATACCTGCGCCTCCACCTCCTTGCCGAAATTTCCCTATTTCTGTACAACCAAAAAACGACACCAATATATAGTATGCTTGCATTATTTCCTGAATGCGAAGGTAAGTTGACATATTTAGAAAAATCGGGGTATTGTACCCTTCATGTAGGTAATCAGGAAAGATTTGATTCTGGTCGATATGCTATACTTACATTGAATGGTGTGCAAAATATTGCTGAAACCCTGCGGCACTGGTGTGCTGAGGCAGGGTTATATTTTTTGGGAGGATGAAAAATGATAGAGAGATATGCTCTTTCCCCCATAAAAGAAATATGGGAAGAAGAAGAAAAGTACAAACGCTGGTTGGAAGTAGAGCTCGCTGTAATAGAAGCTTTCGAAAAGCTGGGTGAAGCTCCAGCAGGCACAGCTGATACCATAAGGAGAAAAGCCGTTATAGATGTTGGAAGAATACAGGTGATCGAGGCAGAGGTAGATCATGATGTTATAGCCTTCATCAAGGCTGTAACAGAAAGACTGGGAGATGAAGGAAGGTATTTCCACAAAGGTCTCACTTCTTCCGATGTAGTAGATACAGCCCTTTCTCTGGCATTGAAGAGAGCAGGTGAGCTGATAGCACAGGAACTACGCAGATTGATAGAAGACCTTAGAGAAAAGGCTTTGAAACACAGAAACACCGTGATAATGGGCAGAACTCACGGAGTACACGCCGAACCCACATCTTTCGGGCTCAAGATGCTCTCGTTTCTTGCTGAGGCTGAACGGAACCTCGATAGACTGGAAAATTGCATTGAAAATCTGTCTGTGGGCAAGATCAGCGGCGCTGTAGGTAACTACGCTAATGTATCACCCGAGGTGGAAATGTTCGCACTTGAAAGGCTGGGGCTCAGACCAGCAAAAGTCTCCACGCAGGTCATTCCTCGAGATCTCCACGCTGATTTCCTGAATGCGCTGGCACTCATTGGTTCAGGAATAGAACGAATAGCCGTAGAAATAAGACACCTCCAGAAAACGGAGGTCCTCGAGGTGCAGGAGCCTTTCAGGGAAAAGCAGAGAGGGTCATCAGCAATGCCACACAAGAAGAACCCAATACTCGCCGAAAGACTCAGCGGTATGGCGCGAATGCTGAGGAGCTATGTGATCGTGGGTTATGAAAACATCGTTCTCTGGCATGAACGGGATATATCACATTCTTCCACGGAACGACTTATTCTCCCGGACGCCACGATGCTCACTTTTTACATGCTCAGAAAGGCAACGTATCTTGTAGAGAATCTCGTGGTATATCCTGAACGAATGTTACAAAATTTCGTCCATTCAAGGAACCTCGTCTTCTCCCAGAGGGTAATGTTGACTCTTGTGGAGAAAGGGTTGAGTCGTGAGGACGCTTACAAAATCGTCCAGGCTCTGGCGGAGAAGACCTGGCGAGAGGGTGTCGATTTCAAAAAAGTCGTTTCCAATAACCCCGAAATAAAAAAACTGTTAAGCGAAGCCGAACTCGATAGACTTTTCGATGCTTCATATTATTTAAGGAATATAGATGAAATTTTCAAGAGGTTCGACCTCTGAGATAGGAGGGCAATTATGAAGAGCATAGCCGTGATTGGGGCCCAATGGGGTGACGAAGGCAAGGGAAAAATCGTGAATTACTTCGCCAGAGACTATCACTGGGTCGTGCGCTTTTCAGGTGGCGCAAATGCCGGTCACACGATATATGTGAATAACAAAAAGTACGTGAACCACCTGTTACCGTCCATCGATCCGCGCACAGAGTCTCTAGGATTTCTCGGAGCAGGAATGGTTATTGACCTTGAACAACTCATCCGTGAAATTGAAACATTGGAATACGACTTTCCGGGTATCGGCAGTAGATTTTATATAGATCCTGAAGCATTCGCTGTGCTTCCGTGGCACAAAGAACAGGATAGACTGCTCGAAAGTATGAGAAAAAAGCCAATAGGTACGACAGGAAAGGGGATAGGGCCAGCCTGCACCGACAAGGTCTCCCGCGAGGGGATAAAACTGTACTTGCTGGAAGATGAGCCTGCTTTGAAGGAAAGGCTTGAAAACATGTATACCCTAAAGAAAGAACTATTTGGAGGCAGGTTGGGTATGAACCCGGAAGAGATGTTTGGTTATCTATTGAGCCTTCGAGATAAATTGATTGAAATTGGTGTGAATTTTACCAGCTCAATAGATCTTTCAAAGAGCTTCAGGGAAGGCTCCGTACTCTTTGAAGGGGCGCAGGGTGTAATGCTGGACCTCGATTTTGGCACCTATCCCTTCGTGACCTCCTCGAGCTGTACCGTCCACGGTGTGACATCGGTAGGCTTCTCAGCTTCTGAGCTTGACGCCGTTTTTGGTGTCATAAAGGCTTACACTACAAGGGTCGGAAGCGGGGTGTTTCCCACAGAAGAGGACAGCTCTATAGCAGACACAATCCGTGAGCGCGGCGTGGAGTTCGGAGCGACCA
NZ_CP011232.1_gap52	1856045	1858477	2432	ATACATAGAATCGATGGATGAAGATGGCAATTTTATCCATTCATTGAGAGTATACTGAATAGAGGTGTTTGTGATGAGCATCATGAGCTCATTGTTTGATAAGAACAAGAGAATTTTGAAAAAATATGCCGCTGTAGTGAATAAGGTAAACGCATATGCGGCTGAAATGGAATCACTACCTGCTGAGAAGTTCCCTCAGAAGACAGCTGAATTTAAAGAAAGACTCAAAAAAGGTGAACCCCTTGATTCCCTGCTCCCGGAAGCATTTGCGCTGGTGAGGGAAGCTGCAAAACGAACTGTGGGGATGAGGCATTTTGACGTACAGGTGATGGGTGCCATCGCTCTGCATGAAGGAAAGATCGCCGAAATGAAGACGGGAGAAGGTAAAACCCTTGTGGCTACCATGCCCATGTATCTGAATGCTTTATCAGGTAAAGGGGCACATCTCGCAACAGTAAACGATTATCTGGCCAAAAGGGACGCTAACTGGATGGGACCCGTTTACGAATACCTTGGACTCACCGTTGGTTATATACAAGCGTCAATGGAACCAAGCAAGAGAAAACTCGCTTACCAGTGTGATATCACCTATGGCACAGCAAATGAATTTGGTTTTGATTATCTCAGAGATAACCTGGTATATGATCTGGAAAGCAAAGTGCAAAGGGGACATCATTACGTTATTGTTGATGAGGCAGATAGTATTCTGATAGATGAAGCCAGAACACCCTTGATTATATCAGGCCCCTCGTCTGATTCTTCCGCGATGTATCGGCAATTCGCTTTCATAGCCAAGAGATTCAACCAAGATGAAGACTTCACTGTAAGTGAAAAAGAACGCACGGTAAATCTTACTGATAAGGGTATAGAGAAGGCCGAAAAGCTTTTGAATCTTGACAATCTCTATGACCCCGACAATTACAGATACCTCTTCCATCTACTCAATGCGCTCAAGGCGCGTACACTTTTTAAAAAAGACGTGGACTATATTGTGAAAGATGGAGAAGTTATCATTGTTGACGAGTTCACAGGCCGACTTTTGCCTGGCAGGAGGTATAGCGAAGGGCTGCATCAGGCTATCGAGGCTAAGGAAGGCGTTAAGATCCGGGAAGAGAGTGTGACTTTTGCCACCATAACTTTTCAGAACTATTTCAAAATGTATGAGAAGATCGCCGGAATGACCGGAACAGCTGCTACCGAAGAAGCGGAGTTTATCTCGATTTATGGGACAGAAGTTGTGGTCATTCCCACGAACAAACCGGTTGTTAGGAAAGATTTGAATGACCTAATATACAGAACAACTAAAGAAAAGTATGAAGCCATCGTTAACGAAATCGTACAGAGGTACAAGAAGGGGCAGCCTGTACTCGTCGGAACGACATCGATTGAGAAAAGTGAGCTGCTGAGCAATATGTTAAGGAAAAAGGGTATTCCCCATCAGGTTCTGAACGCTAAACACCATGAGCGAGAAGCTGAGATCGTCGCCAAAGCAGGAGAAAAAGGCATGGTGACAATAGCCACCAACATGGCTGGAAGGGGAACAGACATAAAACTCGGAGAAGGAGTCAAGGAGCTTGGGGGACTCTTCGTGCTTGGAACGGAGAGGCACGAAAGCCGAAGAATTGACAACCAGCTCATCGGACGTTCTGGAAGGCAGGGCGATCCGGGTGAGTCAAGGTTCTTCCTCTCACTGGAGGACGATCTCATAAGACTCTTCGGTGGAGAGAAGATAGGGACTGTAATGAACACGTTGAAGATGCAGCCGGGGGAGCCGATAGAGCATCCTCTCCTAAGCCGGATAATAAACTCGGCGCAGAAAAAAATCGAGGGTATTCATTTCTCCATAAGGAAGAGGCTCTACGAACTGGACTCTGTTGTTGATAAACAGAGGGGAGCCATATATGCTCATCGTAATTGGTTACTCAAAGGAGAAGATCTCGATAATCACGTAAAAGAGATATTTGAAGACGTTATATCCAGACGACTGGATGAACTGGAGGAAGTGCCGTCACCTGAAGAGTTGAAAGAAATGTTCTCATTCATTCCTGCGACGATACTGGATTCTGTCATGGCTGATAACCTCAGGGAGTTGAGAGAAAAACTCCTTGATATCCTCTTAAAGGTATACGACGAAAAGAAAGAACAGTTTGGTGAGGAATTCGGAAAAGTATTCAAATATCTCATGCTAAGGATGATAGATGAACGCTGGAGGAAGCATCTTGAGGCCATAGAGCATTTGAAAGACTCTGTTGGTTTAAGAGCTTACGGGCAGAAAGATCCTGTGATAGAATTCAAAAAGGAATCTTACATGCTCTTTCAGGATATGATAGATGGCCTTTATGATGATGTAGTCACAGTCCTCACCCGCCTTGTCAGAATAGACAGCGAAAAGGTGGAGAAAAAAGCAAAGAGTGAGATAAACAACTTGAACT
NZ_CP011232.1_gap53	1859899	1862108	2209	TGATGGAGTTTATGTGGACTGTACCCTAGGCGAAGGTGGGCATACTAAAGCTATAATTGAAGCAACCTCGGCGAGATCCACTGTGATAGGGTTGGATGTGGATGCTGAGGTTTTAGCATTAGCGGAGCGGAAACTGCGAGATATTCAGGGAAACGTACGGTTGTTCAATGTTTCGTATCTTGATTTCGACGTTGTTCTGGGATCTCTTGGTATTAACAGGGTCGATGGATTTTTACTCGATCTCGGCGTTTCGACCTACCAGCTCAAAGCCAGAGGAAGAGGTTTCAGCTACGAAGTGGACGAACCACTGGATATGAGAATGAATCTCAGCAATCCTGTCAAAGCAGTAGATATAGTCAACAAGTATTCGGAGCGGGAACTGGCAAAGGTCATATTCGAGTATGGCGATGAGAAGCGTTTCTCCCGGCGAATAGCCCGGAGCATAGTGAAGCGGAGACCCATTCAAACTACCTTCGAACTTGTTGAGGCTATTCGCGCAGCCTTACCGCCAGAAGAAAGACACAAAAGGAAAAGACATTTTGCCACTAGGACATTTCAGGCTTTGAGAATTGAAGTTAACAAGGAGCTGGAGGTCATCCGCAATACTCTTGAGAAGATCCCTGGATATCTCAACCCCGGCGGAAGAGTGGTCGTGATCACTTTTCATTCGCTCGAGGATAGGACGGTTAAACATGCGTTTAGGGAGAAGAAGGGCATTGAGCTAAAGATCTTGACGAAGAAACCAGTAGTACCGTCCGAAGAGGAGGTTAGAGAAAACCCTCGAGCAAGAAGTGCAAAGTTGAGGGCAGCGGAGCGGATCTGAAGGGAGGAACGTCTCGTGCAATCCATTATAGCGAAGCGGAGAGTAACGAGGGTAGAAACCCACGATATGGTTCTCACCCGTAGCGGTGTATGGCCTTTCGTTACTGTGCTTCAGATTCTTATCATCTTTCTTGCAACTACGGTCTCCATCGTTTTACCTCTCCATTTTGGGAACAAAGCAGATCTCTACAATGAAATGGCTATTGAGAAAGAGACCAGAATAACTGTTATGGAATCCAAACTCGACGACCTGTCGAGGGAGATTTCATATCTGGAGACTGTGGTTGGGGTGAGAGCGGAAAAGTAAATAAGTGAGGTGCAACCCGGATAAAAAAACTTTCAGGACGCGTATCGACGCTATTTACACTGCTGATTATAATCACCACTATATTTAGTGGAAGGGTTGTTTATTACGCACTTTTTGCGGATCTAGAGATTCCGGTCGTTACGCAGATGACCAGAATACCTGCCCATAGAGGTTCGATTTATGATGCTAAGGGCAGGCTGCTTGCGTATGATTCCTTGCTCTACGAAGCCTGGTTAGACCTCGAATTCATCAGAAGGAATGCTTCTGAAAGTGAGCTGGAGCTGCTTCTTAAAAATATCTCTGATTACTTTGCCTTTCCAAAGGAAGAAGTCCTCAAGAAGATCAATTCAGATTCTTATTTTATGCTGCTGGGAAAATCGAATAATCTTGACGAAATGATGCGCAAAATAACACCAGTTGTCAGGAAGTATATCTCCATCGAATTGAATACAGAACGTCTGTCATTGAAAGAGTACGGGCTTAGCAAAATAGTGGGTAGCCTTGATGGCAGCGGCAGAGCTTTGAGTGGTATTGAGAAAAGTTATGATAACGTTCTAAGAGGTAAAAAAGACGGTTATGTTAGAAAGACACTTACGGGCACGTTGAAAGTAAATCCTGAAGATGGAAACGATGTTTACCTTTCAATAGATCTCGATCTGCAGAAGATGGTATACGATGTCTTGAGCAAAGGTGTCAGAAAGAATAAAGCTGACGGTGGCATCGCTATACTCATGGAAAGCAAGACTGGGAAAATTCTCGCTTACGCCAATACCTATGACTGGGATGTTGGGCTTATGGGTATCTTCGAACCCGGCTCAACGATAAAGCCCATTATTTATGGAATTGCCCTTGAAACCTTCTCGATAACTGAGGAATCTACATTCCTTTGCAACGGTATCATTCAACCTATAGAAGGGCTAGACATATTTATAAGAGATACAGAAGGTGAGAAACACGGTATTGAGACTTTTAGAGATGCAATAAGAAATTCCTGTAATGTCGCGACCACGCAAGTTGCCCGGGCGATCCTTAACAACATCGGGAAGTCTGAATTTTACAGAAAACTCATAGAAGCAGGTT
NZ_CP011232.1_gap54	2041155	2044969	3814	GAAATAGAGAGAATTGCTAAGTCTGGAGAAGAAAAATACAATTTCCCCCGCTCTCTACGAGAAAAGGGTAATTATGATTTCAGTTTCAGCGGTTTAAAAACATCTGTGCTCTATTTCATGAGGAAGAACCCCGAAGCTAAGGTCGAGGACATCGCAGCGTCTTTCCAGGCCGCAGTCGTTGACTCCCTCTTAAGTAAAACTTTTGCAGCTGCCGCAGAGTACGGCGTCAAAGAAATCGTATTTGCGGGGGGCGTTGCCGCTAACAGGTATCTAAGGAACAAAGCTCAGGTGCTTTCTAAAGATAAGTACAATCTTTACTTTCCACCCATCGAATTATGCACGGACAACGCTGCTATGATAGCGATGGCAGCTTATAATAAAGCCAAAAGGGGAGAGTTCTCTCCCCTTGATACCAATGCTGTACCCTATCTTCAATTTTAAGTTTCACTGGAGCTTTCAGACTTTTTCGTAGAGCTTTTGGAGTCTGTTGAGTAAAATCCGCTACCTTTGAATATCACGCCAACGTTCGTGATAGCTTTTCTAACGCTTCCTCCGCAGGAGGGACAGCTAGTCAAAGGTTTGTCACTTATTTTTTGAAAGATTTCAATTTCTTCTCCACATGTTTCACATATGTATCTGTACCTTGGCATGACTTTCCCTCCTCTCTATTCTCCGGCATATGCTGGAATGACACAGATAAAGTTCAACGTTTCCGTGGAATCATTTCTGAACTGATGTTCGACATTTTTAGGAACATACACGAAAGAACCTTCCTCCAATTTAATTTCGCCTTCGGGGGTTACAACCGTGACCGTTCCCGAAACAATATATACTTCGTGTTCCCAATTGTGGGAATGTTTGGGACTGTATCCACCGGGTGCTACCGTAAAGAGTCTCATGACGAAATTTGGTGCGTCTAGTTTTTTCCCGATCAGTACCCTCTTCTCCACACCTTTTACCTTGTCGTTGTCAAACTTCTGTGGCGTTATTTCGAGTGCTTTTCCTGTGATTATTTTGCCTTCCATTTACCCAACGCCTCCCATAATTCCTGTGATTTTTTCTCGTCTCATACTCGATGACCACTCTTCTATAAGGTTCAAGCCCCACGGAATAGCTTCTGAGGTTTCTGTATTTTGAAACAACCTCGTGTACAATTCTTCTCTCTTTAGCAAACATCGGCTCAAGCTCCACCCTATCCTTTTTTTGCAGAGCCAGTTTTGCCATTTTGTGCGCAAGGCTTTCTACACTCTGCCTTCTCTCTTCTTTGTAATTTCCAACATCTACTGAGACATTGAGTTTTACGTCAGAGAGCCTGTTTGCATAGATACCGAGTATGTGTTGAAGGGCACTGACGGTTTTTCCATGTCTACCAATGAGCCTTGAGACATCAATCCCTTTTATATTGACTAATATAGTCTTTCTCACCACAGAGATATCATAAATGACTTCTTTGTCAAAATGCTTCAATATTCCCTCAAGGTACTCACCTATTTTTCTCTCAAAATACGTCGGTAGAAGTTGCACTTCAATTACGGCTTCTTTGCCCCCGAAAAAGCCAAGAAATCCCTTCGATCCCTTTTCAACAATATTAATATTCAGTTCGTCTTCATAAGCATCGTACCTTAAAATTGCGACCCTGACCGCTTCTTCAACACTCTGTGCTTTGATTGTATCGAGTTTCACGCTGGAGCACCTCCTGTGTCTGTCGTCTATTCATTTGGCTGGTTTGGGTGGAAGACCGAATGCTTCCCTTAGAGTAATACCTTTCATACCGTATCTTCTATAAACGTAAATGGTTATCAGCAGCTGAATTATGCTGTTGGTAGCATAGTAGATGAAAAGACCTGTTGGCAATGTGTAAAAGAGGAATGGAAAGATTACAGACATGAGCATAGCCTGTCTTGCGGTTCTTCCATCCTGACTGGTCACAGTTGCAAGGTATATGCCGGTTACAATACTGATCAAAATGAGCAGACTGTTCTGTAAAAAACCACCTGTAGACAGATCCGACCAGAAAAGAAACTTTGGAGCATACGCAAACATTTCACTGAAATATCTTATAACTGAGTACAACACAAAGAAAACAGGGAGCTGAATGAGTAAGGTCAAACAACCTGTTGCAGGATTGATGTGCTTTTCTCTATACAAAGCCATTAACGCTTGCTGTTGTTTATGAGGATCTTTGTATTTCTTCCTCAATTTCTCTATCTCTGGCTGAATCTTACGCATTTCGATCATGGATTTTGTCTGAACATGGTATAGAGGATAGAGAATGCCTCTTACCACAAGCGTGAAGACGATGATCGCCCAACCAAAGTTGCCTGTGAATTTAAAAAGGTAATACAGAAAAGCCACGAGACCGTGATAGATATAACTAAAGATGCTTAGAGCACCGAATTCTGAGAGGTTCTTCTTTATCGTGTCGTACATTTCAGGAAGAGCTTCTGAAATATAGATGAGTTTTATAGGTCCAGCGTAGAGTTTTATGGAACCTTTACCAGTTTCCGCCGTTAAAGTTCCATCCGAAAAAGTAACGTCGGTTGAATAGATTGCCATAAGAGCTTTTGGTTTTTCTGAGTAGCTCATGTGATAACTGCTAGCATCGAACATTTTGATGTTGGAAATGTAGGGGAAAGTCATAGACACAGGTTCTACGAAGTCAAACTGAACTTCAAAGTCGTAGAATGGATTGTCTTTAATAATAAAAGTCTTAGTACCGTTTTCATAGTCAAAGCGAAGTATAAAATCTCCGTTTCTGTCTCTAAAATATTCGTGAAATACTGGAAGTAATTCTTCATCTCCAGCGAAGACATTAAATCCGTCGTGCCCATAACGGGATATCAGATCGGTTCTTCTATCGACCTTTATGTATATATCTTTGAGTACCCCGAGATTTAGGTCAAAGGTGATTATGAATGTCTTGGTTTCCAGTGAGAGCGTTCCATCTGTTGCTTCTTCAGAAGTCATCTTATAAGCGAATAGTGCGGAAGAGAATAATACTATGGAGAGTAGAAAGATGCTAATAACGTACTTTTTCATTTTTCTTCCTCCTCGGAAATGAAAGTGATATGGGAAATTCTTCCGGAACGGGATCTTCACCGCCCGGATTGAATGGGTTGCAACGAAGAATTCGCCAGGTTCCAAGCAGAAGTCCTCTGAAAAGGCCAAAGTGCTCTATAGACTTGTACATATAAGTAGAGCAGGTCGGCGTGAACCTGCAACTGGGAGGTTTTAGAGGAGATATGTGCTTTTTATAAAACTCAATTGATTTCAGTGCCGCTTTTTTCGCTATTCCCATTTTTTTCTTGCTTTTCATCGATTCGTCTCGCAATCTTCAATAGTCTCTCGCAAAGGAAGTAGTAATCAGCCTCTCTACGCTTAAACGAGTCGGATAGTTCTTTCCTTGCAATAAAGAGTATATCATAGCCCTTCGGGAAGACAGCTTTGTGTCTTCTAAATATCTCTTTTACAAGTCTTCGTAGACGGTTTCTAACATGTGCTTTTCCAAATTTTTTTCTTACGGATATACCTATACGAGAAAAAGGCAGACCATTCTTGATATAAATAACAACAAAAAAAGGGTCTTGAATCGCGTCGCCGTATCTGAATACCCTGTCGAAGTCTGCCTTCTTTCTCAGTCGCTCTTCTTTTTTTAGAAATTCCCTTTCAGGACTCACACGGCCAGTCTCTTTCTGCCCTTTCTGCGTCTTCTAGCAAGAACGGCCCTACCGGACTTGCTGCGGCTTCTCACAAGAAATCCATGGGTTCTCTTTCTCTTGATTCTTGAAGGCTGGTATGTTCTTTTCACGGGTCT
NZ_CP011232.1_gap55	2067615	2072332	4717	ACTAATGAGGTTTTTGATAAGATAACAGAAGCGATAAATCTCATAAAGACTGCTACTATTATCGCGACAGACGAAAGTTTCACCGAATCCGTGAACAGTTTCATGAATAGTGATTTCAACTATCAGGATTTAAAGGAAATAATGAGAACAGCGGGAAGTAAGAGCGGTCAGAGTGCCCTTTTCAATGCAGTTCTAGCTTATCTTGACAGATACGCCGGGCGGATAGAGGAGAACGTATTCTCTTCACTGATTAAAAGAAGATGGGTTGAAACCGGTTGGATTGGGGCTTTTTCAAGGATGCATTCGGATATTTTCAGTGAACTCGACTTGCTTGAAAAGCCCCCGCAAGTGTCGAAGGTCTTCTACCGGGGAAGAATGACGAAATCCGGAAGCAAGTCTTTTGAAATAAAGTTCAACGATATTTCTGCTGTTTGGTTTAAAGATGATATGGTCTATGGCAGGGCGGAGTTCAACTTTATGGAGTCATTCGCCAACTTCTGGCAAAATTACGTGGATGCCTGGAATGCAGCTCCTTTTGGACGTTATTATTTAAACACGGTCTTCGTCGCAATAATGACAACGTTCCTCGAGATAATATTTGCTGCAATGGCTGCCTTTGCTTTTGCTAAGATGGAGTTCTTCGGTAAAAACTTCATGTTTACACTCTTTCTGGCAACCATGATGGTTCCGGGTGAAGTCCTGTTGGTACCGAATTTCATCACGCTTACTGTTTTTGGCTGGATCGATACGTACTATGCACTCATCGTGCCATGGGTCGTAAGCGTTTTCGCCATTTTCCTTCTAAGGCAACACTTTATGACAATTCCCGATGAACTTTACGATGCTGCCAAAATCGACGGGCTATCAAAGTGGAGCTTCCTTTGGAAGATTATGGTGCCTCTCTCAAAACCGGCTGTGATCACGGGTGCTTTACTAAAATTTGTCGGAAGCTGGAACTCCTTCCTTTGGGTTCTTATCGTTACTAAAAGCCCCGAATACAGGACTTTACCTGTGGGGCTTCAGAACTTTAGTAGCGCTACGGGAACCGAATACAACCTGCTTATGGCAGCAGCTACTTTCTCAATCGTGCCGGTCGTAATGTTATTCCTCTTCACCCAGAAATACTTTATCGCTGGAATAGCGAGGAGTGGCTTGAAATAATGACCAGGAAAAGGCAAGGGCATTTAATATTCTTCATTTTTACAGTCTTTTTCCTTGTTGTTCTAGCAATCACGAACTACAGGGCGTACACTAATTATAAAAAGGCGGAAGAACGCCTGAAAGAAGTCGAAAAACGTTATGAAGAACTTTCGAAAAAGCTCGAGACCCGTCAACAGGAACTGGAAACGCTTCAGAAACTATTGGAGACATATCGGGAGGAAAAATGAAGTACATAGTCACTACGTCACATAAACCCTCAGCGGAGCTTATAGCGAGAGCGAATAAACTGGCTGAAGAATATGGAGTGCCTTACATTTCAAGGCGCAAGTTAGTGGAACAGCTCAAAGAAGGTAAGCTGGATATTGACTTTTATTACGTGCTTGACAGAAACGAACAGCTGTGTATCATTTATGACGAACATAAATTCTTTTTTCACCCGTCGATGGCTAAGTTGCGACTGAAGAATTATCGCGAAGGGCAACGTGACCATCTGATTGAAAATTTGAAACTCGAGGGAAACGAAGAGATACTTGACACAACATTTGGACTTGGTAGTGAAGCCTTGCTGATGGCTTACTTTTTGGAGACTGGAAGAATTGTAGGGCTTGAAGCTTCTCTTCATGTGTATAGAGTAGTAAATCACGGGCTGAAACACTATCCCTTTCAGTATCAATGGATGCGAGATGCCGTTTCGAAAATAACACTACTTAATCAGGATCTCAGGAATTTTCTCAGGAATTGCGCTGACGAAGCTTTCGACATCATTTATTGTGATCCAATGTTCGAAGTGCCCCAGTACAGTTCGAGCTCTCTCAATCCATTGAGACCATTCGCTATTTACGATCCTATCACTTTGCATGATGTCCGGGAAATGATCAGAGTTGCAAAGAAGAGAGTAGTGTTGAAATCGAGGGTCACCGACACCCTCTTCGAGGAACTTGAAAAGCATATCGAATTCTCGAATATCAGTGGCAGCAAAAGTAGCGGAGTGATATACGGAGTAATCGAAAAGCTATGACAATTCCGATGATCCTTGGCCCCACGGCAGTGGGAAAAACAGAAATTTTACTAGCATTATCGGAACGCTTACCGATTGAAGTTGTCTCTGTAGATTCCAGACAGATCTACAGGTATATGGATATCGGTACTGCGAAGCCCTTAAAAGAAGAGCTGAAGAAAGTTCCACATCATCTGATAAATATCGTCGATCCTGACGAAGAATACAATGCATATAGGTTCAAGGAAGAAGCGAAGAATGCCATAATCAATATCAAAGCCAGGAATAAGATTCCTGTACTGGCCGGTGGCACGGGACTGTACGCTGATGCGTTGTTAAAGGGTTTTGTGAAAGATGTACCGCGAAATGAAACCGTGCGCAATGCCTTGAGGGTCATAGAAGAAGAAACCCCAGGAGCCTTGAGGAAAATCCTTGAAAAAGTTGATCCGAAGGCCAGTGAGAAGATACACCCCAATGACTTGAAGCGGACAATAAGATATCTTGAAGTTTTCTTTACCACGGGTATTACTCTAAGTTCTATTCAGAAAAATACCAATATTTCTAAAGACTACACTGTTATAATATTAGATAGAGACCGTAGTTCTTTGCACAGACGTATAGAAAACCGGGTGGATCAAATGATGAAAGCCGGGCTGCTTGATGAAACGAAAAAATTATTAAAAATGGGCTTTTCCGAAGATCTTAACGCTCTACAGACAATAGGGTACGCTGAGCTGATAGCATATCTAAAAGGTGTTTTCTCCCTTGAAAAAGCGGTGGAACTGATCAAGAGAAATACCAGGCGTTATGCTCGTCGACAGATTATCTGGTTTCGAAGATACAAAAATGCATGCTGGCTGAATCTATCTGAATTTGAATTTAAGGAAGTAGTTGATATAATTAACGAGAAAATTCTTTTTGCTTGGGGGGGTAAAGGTGGCTGAAAAATTCAATCTTCAAGACCGTTTTTTGAACCTTCTTAGGATTAACAGGATTGAAGTAAAGGTGTATCTCGAGGGAGGTTTTCAAACAAAGGGGCTTGTGCGTTCTTTCGACAATTTTACCGTTCTCCTGGAGGATGAACAGGAACAGACTCTTGTGTACAAGCACGCAATCAAAATGCTTGTGCCTACAAAGTATGTTAAACTGACACCTCAACAACAGAAGAGAGGGGAATAGTTAATTAGGAAAGCTATTCTAGCCTGCGTATTTAACAGGCAGGAGCAAGGGGCCAGAAGAGAAGTAATTTCTGAGCTCGAGCGTCTTGCGAATACGGCCGGTTATTGTGTAGTAGATACGCTCATTCAAAATCTCGATTCGCCGAATCCCAGACATTACTTTGGTGCCGGTAAACTCGGGGAACTGAAACATCTGGTTCAGCTTTTTGAACCAGATGTTGTTATTACCCGTCACAATCTCACACCTTCTCAGAGAAAGAATCTTATTCATGAGCTTGGTATTGAGATTGAGGATAGAACTCAACTCATACTGGAAATTTTTGAAAAACATGCCTTCACACGGGAAGGGAAATATGAGGTTGAATTGGCCCGTCTCAGGTATGAAATGCCTTTTTTCAAAGGAAAAGGCGTTGAACTGTCAAATCCTGGAGGTGGTATAGGAACAAGAGGCCCCGGAGAGAAGAAGTTGGAACTCGACAGGAGGAAAGCTTTGCAGAGAATAGCTTTTCTGAAGAAAGAATTGGAAAAGCTGGGACTTGAAAGAAAGATTATGAGGAAAAGACGCCAGAAAGCGGGTATTCCCCTTATAGCTTTGGTTGGTTATACAAACGCAGGCAAATCATCACTTCTGAATGTTCTCTGTGATGCCGGGGCTTTGGTTGAAGACAAACTATTCTCCACCCTCGACACAAGAATCAGAAAGAGCAAGTTGCCCAGTGGAAGAGAGGTTCTTTTCATTGATACCGTGGGGTTTATAAGAGAATTGCCACACCAGTTGCTGGAATCTTTCAAGTCTACCCTTGAAGAGATCAACTTTGCGGATCTGCTTTTGATTGTGATGGATGCTTCTGAGACAAATGAAGAAGGCAAGCTAACAGTTATAGAAGAAACTCTGAAAAAAATCGGTGCTGAGGACGTCCCAAGATTGCTGGTGCTGAATAAGGTCGATAGATGCACGAATGAACGAATCCAAATGCTCGAGAAGAAATTTCCTGAAGCGGTCTTTGTGAGTGCCCTCAAGGGCTTTAATCTCGATGAACTCAAATGCAATATAGACAGAATATTTAACCTCATGCGCAAAAAGTATATCTTACGAGTACCATTCGCAGAGTATGAAGCTATTATGAAAGTCAGAGAAAAACTGGAAATCCTTTCAGAAAAGTATGAAAGTGATTTGATTGAAATAGAGTATGTAACTGACAGTGCGACAAATAAATGGCTTTTGAACAGGATAAAGGGGGCAGGGAAAAGATGAAGAGATTTTTAGTGATGCTTATCGTTACATTGTCTATTATAGCCCTTGGTGAAACCTATCTGAGAAGCCCTCTCCGGATACCTCTGGAGATTACCGGTTACTTTGGAGAGTACCGTCAGTACAGAT
NZ_CP011232.1_gap56	2080239	2082816	2577	CTGGCCTGTTCCAAAAGCCTCACCAGGTACAACCCCTATTATTTCTGCTTTCTTTACGGGAGCGGGGTCTTCAAGTGGAATCACTTTAGTGTGTGGTGTCAGCATGAAAGGTTTGAGACTTTCCTTCCACTTTTTCCACCAGTCCTTTTCTAGCTCTTCACCGCCGTATTCAAAAGGGTAAGCTTTTAAAAACTCAGGAAACTCTTCAGAGGATTCTATATAGACCTTCACCTGCCAGAGGTCTGTGTCCCGTTTTTCCGAGAAATAGTTGAGAAAACCTTTTGACAGGCAGAGTTCCTCAATTTCATTGAGTAATTCTCCATTGGCGTAAAGAGTAAAGTACTTATAGTTCAAAACCATCACCCCGGAGTAATTATATCGCCTCCAATTAAAGAAAGAAATCGCATGCACATGATGTTTTTATTGAGCCATGTTAGAATTAATTGAACTATGGGAGGTGACCTGCTTGAAAGGAGACTTTTTAGAACTCAAAATATCCGATATTTCAAAACTCACTGATGATGAGAAGAAAAGAGTTATTTCTTTCTATCACGAAAGAACCAAGGCTATCAACAAGGAATTGAATGCTTTTCTCGAGATTTCAACTCTCCCGGAAGAACTTTCTTCAGGTCCTCTTTCCGGGGTACCGTACGCTTTGAAAGATAACATACTGGCAAGGGGGACCCGAACTACCTGCGCTAGTAATATATTGAAAAATTACGAATCTCCTTATGATGCGACCGTTACTATACGCCTGAAAAACGCTGGGGCGGTTTTGCTGGGTAAGACCAACCTCGATGAGTTCGCCATGGGTTCATCCACAGAAAATTCTGCATTCGGACCCACGAGGAATCCCTGGGATCTAAACCGGATGCCCGGTGGTAGTAGTGGCGGTAGCGCAGCAGCGGTAGCAGCTGGCATGGTACCTTTTGCCCTTGGTAGTGATACAGGAGGTTCCGTCAGACAACCCGCAGCGTTCTGCGGTGTAGTTGGTTACAAACCCACCTATGGACTTGTTTCGAGGTACGGACTCGTCGCCTTTGCATCTTCACTGGATCAGATAGGACCTATAACGAGATGTACAGAAGATGCGTACACAGTTTTAAGGACAATTGCGGGGAAGGACCCGCAAGACGCTACTACAGTCCATCGCAAGATCGATTTTAGGGAAGACAAGTTACCAGAGATCGATCTCAAAGACATCCGGATTGCTATCCCTGCTGATGCCCTGGAATTCAGCGGACTGGACGAGAGAGTAAAATCTAGATTTCTTGAGTTTGTAGAACGCCTTAAAAGGAAAGGTGCATGGGTATCCTTTGTGGAACTCGGAATTCTTAAATATGTTGTGGCCACCTATTATCTCATAGCTCCAGGTGAAGCCAGCTCAAATCTTTCGAGGTATGACGGGGTGCGATACGGTTCTCGAACGAGAGATGATAATTACGAAACCATGATAAAGCGGAATAGGGACTCCGGATTCGGTGACGAAGTAAAACGCAGAATATTGCTGGGCACTTTCACGTTGAGTTCAGCATATTACGATGCTTATTATCGGAGGGCTTTGAAGATGAGAAAAATGATTTCAGAAAGAATAGAGCAAGTTCTCGATACCCACGACTTCATACTGAATCCTACTGCCCCTGCCCTTCCCGGTAAACTAGGTGAAATCAGTGATCCACTTTCATACTACCTGATGGACATTTACACTATACCCGCTAACCTGACAGGTGGCCCGGCTATTTCTATTCCTATCGACCCGGTTGAAGGACTTCCGGTGGGTATTCAGTTGTTGGGAAAGCGTTTTGCGGATGTTAAACTCCTTTCTACTGCGAAAGTTTTGGAAAGCATTTCAAGTGCATATAATGATAAAGGACTCGTCAAGATTTCTGAGAGGTGGTTACATGTATAGAACAGTAATAGGACTTGAGATTCACGCACAACTTTCGACAAAGACGAAGGCCTTTTGTAGCTGTAGTGCGGATGTTTTTGAGCTGGAAGCCAACACAGCTATATGTCCTGTTTGTACGGGACAACCAGGTGCCCTTCCCGTGTTAAATGAAAGCGTGGTCGAATACGCAGTAAAAGCTGCTCTGGCTCTAAATTGCAAAATAAATCTGAAATCGACTTTTGACAGGAAGAATTACTTCTATCCCGATCTGCCAAAAGGCTATCAAATAACACAGTACTTTACTCCCATAGCTGAAAATGGTTTTTTAAAATTCAAAGTCGATGGAGAAGAAAAGAAGGTCCGGATCAGGAGGATTCACATTGAAGAAGATGCGGGCAAAATGATTCACCAGGGATCAGACTCCATATCCGAGGCCACTGGTAGTCTTGTAAACTTGAACAGGTGTGGAGTGCCATTGATAGAGATCGTTACAGAACCGGATATTTCCTCCCCTAAAGAAGCTAGAATTTTCATGGAACTTTTGAGGGATACACTGCGAGCCCTTGATGTCTGCAGCGGAGACATGGAAAAAGGGGCATTACGTTGTGACGCGAACATTTCTATTGTTGATGAAGAAGCGAAGAAAGCATCGAATCGAGTGGAAGTTAAGAACATTAATTCCTTTAAGT
NZ_CP011232.1_gap57	2150859	2153618	2759	CTACAAAGAAAAAAAGGTCGAGTTTTGAACCACCATCGACCTTTCCCGCCTCCACTATTTCCAAAGGAATATTTTTTAGCGCACTACCAACGATTCTGACTGTTATGGGGGAGTTGTAGAATATATGACCGAGTAGAATGGCTCCAAAATTGTATAAAAATTGCTGACGCTCCACTCCCATGAAGGCAAGCAGATTATTGAGTACACCGTACCTACCGAGCAATACGAGAAAACCTACGACCATTGAAATACCCGGCAGGAAGAAAGGAATATACGTTGTGTAATGCAGAAGATTGGAGAGGATATCCTGGTGTCTGGAATAATAATACGCGGCAGGTATTCCCACCGCGAATGCCATTAAAGTGCTAATAACAGCCTGAAATATTGTGAATTTAAGAATGTTGATTACCGGGGGAGTTTTCAAAACCGCCAAAGAGCTCGTAAGCCCTTCCGAGCCAAAGGCGACAAGTAAAGGGAACATGATGAAAAAGCCCACAAAGAAAAGGGCAAAATAAAGTGCTAGGGCTGAACGTTGTATCAATAGATAATACCTTCCCAGAGTCTGATTACTTCCTCCACGTCAACGTTTCTCACCGTTACGACCTCAGCTGGATCAAGGGCATATTTAAAACATTCGGGCATTTCCACCTCAACTACAGGAAACATCCATTGATTTAGTGGAATGTGTTTCTGAGCTTCAGGTGAGATGAGAAAATCAATGAATTTTTTTGCGAGTTCTTTTTTGGTGCTCCATTTCACGATCCCGGCACCTTCAATCTGCACGTATCCTTTTCCTCCGGGAATCAGCGTGCCATAATAGACATCGCCGTAGTACTGGTAAGAATACGCTCCGTCAGTAGCGTAACTTACCATAATGGGCGCTTCTCCCGCTTCAAACTTCTCAAAGGCATCATCCCAACCCAGTGTAATAGTTAGTATGGAGTTTTTGAACTTTTTCCAGAAATCGATGAAGTTATCGCCGTAAAGAGCGTATGTCCACATCAGAAAGGAAAGACCCGTGCTTGAGGTTCGAGGATCTTCGATAATGATACTCTTTGAAAAGCGATTTTGAGTGAGTTCATCCATGGAAGAAAGAGAAAGAGTCCCGAGTTCGCTCTTATCATAAATGAATGCGATAGCACCGTAATCATAGGGAGTAAGTCGCCAGAGAGGATCAAATATTAGATTCAAATCGCGAATGAGATGGGCGTTCTCTGGAAGATAACTCATGAACAACCCCTCATCGAATGCTCTCCGGGCGAGAAGATTATCGATGCCTATTACAACATCGACTTCGGTCTGTCCTTTCTCAGCAATCAATTTCGATAGTAACGCACCAGCATCTCCAAAAGTCCTTACCTGAACGCTAACACCCGTTTCTTTTTCAAATAGTGGAAAAGCCTCTCTCGCAAATGGAAGCAGACTGTCGTAAGTGTAAACGATGAGTTCTTCGCCGAACAGTGTCAATGTAAAAACGATAATCAAAAAAACCAGAAACCTTTTCACGATTTTCACCTCCAAAAAAAAATAAACCGTCCAAGGGACGGCGCAACCTCAGCCTCCCTTCGCCGGTATTACCCGGATCAGGTTCAAGGGGTCTGCGCCGCACGCACTCTCAGCCGAAAAGGCTCCCCCGGCAACTCAATTATACCACCCCTCCCTCATCTTTGAATTTTCCTTAAGAAAATGGAGATTAATTTTTTTTAAAAGGGTGATAAAATTCGAAAGTGCGAGTGAGGAGGATATTATGTCAAAAAGAGAACTAATACTCTCGAAAGATCCCATAGGATGGTTGAGTATTAATGCAAAAGAGTTGAAAAGGCCCACGGTGATACTCCTTCCTGCCGAAAAGATGCTTGGACGTCTGGAAGATGTCTTTCCTGAAGGGGTTACGGTGGATATCTTTCCATCTCATGATGTTTTTCCTTTTGAGGAGATAGGCACATCATATAGCGTAAAAAGTGCAAGGCTCGGTGTTCTTAGAAAGCTCATACAGGGTCAGAGCCCCATTATAGTAACAACGATGCACTCTTTTCTTAGAAAGACTATACCACCTGAAATTCTAGGGAAGTATCTTTTGAAATTTCGTGTTGGTGATAAATTTTCTCTATCCGCTCCTCTACTGCAATCACTCGGTTATGTGAGGGTTTTTACCGTAGCGGAGCCTTCACAGTTCTCTATAAAAGGCGGGATAATAGATATCTTCGTTCCTGGAGATACCGAACCTGTCAGGATCGAAATCTTCGACGATGTAATTGAATCAATAAGACGGTTCGATGTGATAACACAAAGGAGTATCGCACGCCTTGATAACTTTGAATTAATACCTGGTTCTGAATCGTTGACTCATAAGAAACATCTAGAACTCGCGGAGAAACGGATCAATCACGCCGAAAGGCAGACCGGAAAAAAGATAACCTTCAAACTTGAAAGCGGCATTAACCTTGACACAGTATCCGGAATGTTCTATGAAAGTCAGAGTATTCTTGCCGATTATTTACCTGAGGGAACTCAATACATCTTTGTGGAACCGGATGAAGCCGTTAATGAATTCGCAAGACTGGAAAGGGAAGTTATAGAGATGTTGGAAGAAAAAACTGCGGAGCGGTTCCTGTATAAAAGATTTGGTGGCCTTTCAGTTGAATTTTTCATGAAGCTCCGCAGCTATATCATTCTTGCCGCTCGAGAACCCACATTTCTCGATTGGGATGTTGTTAGGGCAGAGGAACAGAAAGCTCCTCTTATACGAAAAAGAAAGA
NZ_CP011232.1_gap58	2161136	2162948	1812	TGAGCCAAACCACCGGTGAGAATTATCGCATCTACTTCTCCCTTAAGGGCGGCGGCCATTTTCCCGATCCACTTAGTAATCTGATATGCCATGCCGCGATAGAACAGCTCCAGTTCCCCCGTTTCACCGTTTCTGAGTCTTTGCTGTATCTTGGTGCAATCATTGGTGCCAGTGTACGCCACCAGCCCCCCCTTGCCCTTTATCAGCTTTTTAATTTCATTCTTGGCATACTTTTTACTGAAGCAGAGCTTGATTAACTGCGTTAACGGGAGTGTTCCGGATCTTTCGGGTGTGTATGGTCCGTCTCCATTAAGAGCATTGTTTACATCTACAACTCTACCTTTTTCGTGGGCACCTATCGAAATACCGCCTCCCATATGAACAACAACGAAGTTCATTTCTTCATATCTTCTGCCATACTTCTGAGCCACGGAGCGAGCAACTGCTTTCTGGTTCAATGCGTGGAAGATTGATTTTCGCTGAAAATCGGGATGCCCGCTGAATTTGGCTACTTCCTTCATTTCATCGACGACTACTGGGTCGGCAATGAATGCGGGAATCTCTTTGGAAGCATTGGTTGTCAGCTCTTTGGCGAGAATCGCCCCGAGGTTTGAAGCGTGTTCGCCGTACTTTGCTGCCTTGAGGTCATCTATCATCCTATCATTAACGAAATAAGTACCACCCTTAAGAGGCCTTAATAGTCCTCCTCTACCGACGATGGCATCGAAGCTATCTAATGAATATCCACTCTCACTGAGAAAGCTTAGGATCAGTTCTTTTCTGAAATCCTTCTGGGAATACAGATTTTCGAATTTTGAAAGCTCTTCTGTTGAATGTCTGATTGTTTTGGTTTCAACGATTGTTTCGTTCTCAAATATGGCGAGCTTTGTTGAGGTTGATCCGGGATTGATCACGAGGATTCTCATTTTGAAGCCCCCTTTGCTATCAAAACATTCAGGGCAATGGATAAGAGTTTTGTGAGATCTGAATCAGCTCTTGAGGTCAACACAATGGGTGCCTTTCCACCCATTATGGTACTGGCAACGAGGGCACCACCGAGAAAAACCATAGCTTTGTAGAAAATGTTCCCGGCTTCTATATCTGGCATTATGAGGATATCAGCCTTTCCAGCAACGGGACTGTCGATTCCTTTGTGCCTTGCAGCTTCTTCTGAAATGGCGTTATCAAGCGCGAGAGGACCGTCGACAATCACATCCGGAATTTGATTGCGATGTGCCATCTTTGAAAGTATAGCTGCATCGATGGTAGCGGGCATCTTTTCATTTACGACCTCGATGGCACCAAGGATGGCTACCTTTGGATTATCTATTCCCAGTGCGGCGGCGACTTTTGAAGCGTTAACGATAGAATCCACCTTTTGTTTTAGACTGGGCGCAATCACCATTCCTGCATCGGTTACGATGAGCAGCCTGTCAAAACCTGGTATTTCAAACACGCTCACAAGGTTCATTGTCCGCCCGGCTCTGAGTCCATATTCTTCTTTAAGATAAACGCTCAAAAGCTCACCAGTTTTGATTTTACCCTTCATCAGGAGATCAGCTTTTCCACAGGCGACTGCTTCGACTGCAGCAGTTACAGCTTCAGAAGTACTAGCCGCGTGTACTATTTTAAAACCTTCTGATAAACCGACATTCGTGCAAAGTTTCTTTAACTCCGTTGCATCACCAAATAACACGAATTCCGCAAGATCACGTTCAATGGCTTCTTTCACTGCCTTTAGAACGATCTCATCCTCCGCAGCAGCTACGGCGATCTTTTTATCACTGCCCTTCGCAATGTCGAATAATTGTG
NZ_CP011232.1_gap59	2168670	2169170	500	GTTATAATTATCAACGCTGCGCGTGGGGGAATTGTGGATGAACAGGCCCTCTACGATGCGCTAGTATCCGGGAAGGTTTTAGGCGCTGCCCTTGATGTCTTTGAAGTGGAGCCTCCCATGGATGAGTTGAGAAGAAAGCTCCTCGGACTGGACAACGTGATAGCAACACCTCACATCGGAGCCAGTACCTACGAGGGACAGAAACGTGTGGGTATTGAGATGGCCAAAAAGCTCATAGAAGTCGCAAGAGAAATGGTTTCCGCATAAATCTATTATGGAGGTGTGATGATGAAGGTCTACATTGACAAGGATGCTTGCATCGGTTGTGGAGTCTGCGAAGGTCTTTGCCCCGAAGTTTTTAGAATGACTGACGATGGTAAGGCTGAGGTCATCGTTGCTGAAACAGAGGCTTCTTGCGCCCAGGATGCTGCTGACTCCTGTCCTGTTCAAGCAATTAAAGTCGAATAGTTTCAGGATTTTTACCTAAATATTCGGGGGTG
