gap_id	start	end	length	sequence
NZ_CP181124.1_gap1	4407	8471	4064	AAGGACTTAACAATGTTGGAAGTATTAAATCAGCAGTTTGCTGAATATGCAATGAAAGTAACTGATAAACGTGCACATTTTATTCAAGAGCTAGAGTCGTTAGCTAAACCGATTCATGCTGGTATCACAAATGATAAAGAAGCGTTGTCGCTAAATTATTTACCTAGTCTTAAATTTGATTATGCTCAAAATGAAGCGGCACGACTTGAAGAAATTATGTCTATTCTTAGCGATAATATGCAAAGAGAAAAAGAACGAGGCATTAGCTTATTCGGACCACATCGAGATGATATAAGTTTTGATGTGAATGGCATGGATGCTCAAACATATGGTTCTCAAGGACAGCAACGTACAACGGCTTTGTCCATTAAATTAGCTGAAATTGAGTTAATGAATATCGAAGTTGGGGAATATCCCATCTTATTATTAGACGATGTACTCAGTGAATTAGATGATTCGCGTCAAACGCATTTATTAAGTACGATTCAGCATAAAGTACAAACATTTGTCACTACGACATCTGTAGATGGTATTGATCATGAAATCATGAATAACGCTAAATTGTATCGTATTAATCAAGGTGAAATTATAAAGTAACAGAAAGCGATGGTGACTGCATTGTCAGATGTAAACAACACGGATAATTATGGTGCTGGGCAAATACAAGTATTAGAAGGTTTAGAAGCAGTACGTAAAAGACCAGGTATGTATATAGGATCGACTTCAGAGAGAGGTTTGCACCATTTAGTGTGGGAAATTGTCGATAATAGTATCGATGAAGCATTAGCTGGTTATGCAAATAAAATTGAAGTTGTTATTGAAAAAGATAACTGGATTAAAGTAACGGATAACGGACGTGGTATCCCAGTTGATATTCAAGAAAAAATGGGACGTCCAGCTGTCGAAGTTATTTTAACTGTTTTACATGCTGGTGGTAAATTCGGCGGTGGCGGATACAAAGTATCTGGTGGTTTACATGGTGTTGGTTCATCAGTTGTAAACGCATTGTCACAAGACTTAGAAGTATATGTACACAGAAATGAGACTATATATCATCAAGCATATAAAAAAGGTGTACCTCAATTTGACTTAAAAGAAGTTGGCACAACTGATAAGACAGGTACTGTCATTCGTTTTAAAGCAGATGGAGAAATCTTCACAGAGACAACTGTATACAACTATGAAACATTACAGCAGCGTATTAGAGAGCTTGCTTTCTTAAACAAAGGAATTCAAATCACATTAAGAGATGAACGTGATGAAGAAAACGTTAGAGAAGACTCCTATCACTATGAGGGCGGTATTAAATCGTACGTTGAGTTATTGAACGAAAATAAAGAACCTATTCATGATGAGCCAATTTATATTCATCAATCTAAAGATGATATTGAAGTAGAAATTGCGATTCAATATAACTCAGGATATGCCACAAATCTTTTAACTTACGCAAATAACATTCATACGTATGAAGGTGGTACGCATGAAGACGGATTCAAACGTGCATTAACGCGTGTCTTAAATAGTTATGGTTTAAGTAGCAAGATTATGAAAGAAGAAAAAGATAGACTTTCTGGTGAAGATACACGTGAAGGTATGACAGCAATTATATCTATCAAACATGGTGATCCTCAATTCGAAGGTCAAACGAAGACAAAATTAGGTAATTCTGAAGTGCGTCAAGTTGTAGATAAATTATTCTCAGAGCACTTTGAACGATTTTTATATGAAAATCCACAAGTCGCACGTACAGTGGTTGAAAAAGGTATTATGGCGGCACGTGCACGTGTTGCTGCGAAAAAAGCGCGTGAAGTAACACGTCGTAAATCAGCGTTAGATGTAGCAAGTCTTCCAGGTAAATTAGCCGATTGCTCTAGTAAAAGTCCTGAAGAATGTGAGATTTTCTTAGTCGAAGGGGACTCTGCCGGGGGGTCTACAAAATCTGGTCGTGACTCTAGAACGCAGGCGATTTTACCATTACGAGGTAAGATATTAAATGTTGAAAAAGCACGATTAGATAGAATTTTGAATAACAATGAAATTCGTCAAATGATCACAGCATTTGGTACAGGAATCGGTGGCGACTTTGATCTAGCGAAAGCAAGATATCACAAAATCGTCATTATGACTGATGCCGATGTGGATGGAGCGCATATTAGAACATTGTTATTAACATTCTTCTATCGATTTATGAGACCGTTAATTGAAGCAGGCTATGTGTATATTGCACAGCCACCGTTGTATAAACTGACACAAGGTAAACAAAAGTATTATGTATACAATGATAGGGAACTTGATAAACTTAAATCTGAATTGAATCCAACACCAAAATGGTCTATTGCACGATACAAAGGTCTTGGAGAAATGAATGCAGATCAATTATGGGAAACAACAATGAACCCTGAGCACCGCGCTCTTTTACAAGTAAAACTTGAAGATGCGATTGAAGCGGACCAAACATTTGAAATGTTAATGGGTGACGTTGTAGAAAACCGTAGACAATTTATAGAAGATAATGCAGTTTATGCAAACTTAGACTTCTAAGCGCTGTGAACTGAACTTTTGAAGGAGGAACTCTTGATGGCTGAATTACCTCAATCAAGAATAAATGAACGAAATATTACCAGTGAAATGCGTGAATCATTTTTAGATTATGCGATGAGTGTTATCGTTGCTCGTGCATTGCCAGATGTTCGTGACGGTTTAAAACCAGTACATCGTCGTATACTATATGGATTAAATGAACAAGGTATGACACCGGATAAATCATATAAAAAATCAGCACGTATCGTTGGTGACGTAATGGGTAAATATCACCCTCATGGTGACTTATCTATTTATGAAGCAATGGTACGTATGGCTCAAGATTTCAGTTATCGTTATCCGCTTGTTGATGGCCAAGGTAACTTTGGTTCAATGGATGGAGATGGCGCAGCAGCAATGCGTTATACTGAAGCGCGTATGACTAAAATCACACTTGAACTGTTACGTGATATTAATAAAGATACAATAGATTTTATCGATAACTATGATGGTAATGAAAGAGAGCCGTCAGTCTTACCTGCTCGATTCCCTAACTTGTTAGCCAATGGAGCATCAGGTATAGCGGTAGGTATGGCAACGAATATTCCACCACATAACTTAACAGAATTAATCAATGGTGTACTTAGCTTAAGTAAGAACCCTGATATTTCAATTGCTGAGTTAATGGAGGATATTGAAGGTCCTGATTTCCCAACTGCTGGACTTATTTTAGGTAAGAGTGGTATTAGACGTGCATATGAAACAGGTCGTGGTTCAATTCAAATGCGTTCTCGTGCAGTTATTGAAGAACGTGGAGGCGGACGTCAACGTATTGTTGTCACTGAAATTCCTTTCCAAGTGAATAAGGCTCGTATGATTGAAAAAATTGCAGAGCTCGTTCGTGACAAGAAAATTGACGGTATCACTGATTTACGTGATGAAACAAGTTTACGTACTGGTGTGCGTGTCGTTATTGATGTGCGTAAGGATGCAAATGCTAGTGTCATTTTAAATAACTTATACAAACAAACACCTCTTCAAACATCATTTGGTGTGAATATGATTGCACTTGTAAATGGTAGACCGAAGCTTATTAATTTAAAAGAAGCGTTGGTACATTATTTAGAGCATCAAAAGACAGTTGTTAGAAGACGTACGCAATACAACTTACGTAAAGCTAAAGATCGTGCCCACATTTTAGAAGGATTACGTATCGCACTTGACCATATCGATGAAATTATTTCAACGATTCGTGAGTCAGATACAGATAAAGTTGCAATGGAAAGCTTGCAACAACGCTTCAAACTTTCTGAAAAACAAGCTCAAGCTATTTTAGACATGCGTTTAAGACGTCTAACAGGTTTAGAGAGAGACAAAATTGAAGCTGAATATAATGAGTTATTAAATTATATTAGTGAATTAGAAACAATCTTAGCTGATGAAGAAGTATTACTACAATTAGTTAGAGATGAATTAACAGAAATTCGAGATCGTTTCGGTGATGATCGTCGTACTGAAATCCAATTAGGTGGATTTGAAGATTT
NZ_CP181124.1_gap2	9916	14742	4826	AGTGTATCGCCCATACCACCAGTCGCCATTGCTGGGCTACCGATTGTTAATTTAAAGTCTTCATCTTTAAAGAAAATTTCAGTACCATGTTTTTTAAGTACAACAGTTGCACCTAAACGATCAACTGCTTCACGATTACGCTCATATGTCTGTTCCTCAATAGGAATACCACTTAATCGTTCCCATTCTTTGAGGTGTGGAGTAAAGATCACACGACATGTAGGTAATTGCGGTTTCAGTTTACTAAAGATTGTAATCGCATCGCCGTCTACGATTAAATTTTGATGCGGTTGTATATTTTGTAGTAGGAATGTAATGGCATTATTTCCTTTGAAATCAACGCCAAGACCTGGACCAATTAGTATACTGTCAGTCATTTCAATCATTTTCGTCAACATTTTCGTATCATTAATATCAATAACCATCGCTTCTGGGCAACGAGAATGTAATGCTGAATGATTTGTTGGATGTGTAGCTACAGTGATTAAACCACTACCGCTAAATACACATGCACGAGCCGCTAACATAATGGCACCACCTAAGTTAGCAGATCCACCAATTAATAAAATTTTGCCATAATCACCTTTATGTGAATCTTCTTTACGCTTAGGAATGTTAATAGAATTTAACGTTTCCATAGTGATATAACCTCCCATGTAAAAGCCTTTTCCAAATTTATTCAATTTTAAAAATATATAGTAACTTTTAACAAAATGTATTATAAATTTCTGAATTCATTATTATTTGTCGTTAAATACAATAGAAAATACTATACCTGTATATGCAATTCGTCAATAGATAAATTATTAAATATGCTTACAACAATCTTAATATCCTTTAACGCACTACAATAGTGCTCTGATAATAGGTTATAAATGTACGTAAAACCATTGTTTCAATAAAAATGAAAACGTATACTTCAAGAAGGATGGGTTACTTAATATAAACAAGGGGGTAACATATATGACTTTATATTTAGATGGTGAAACACTAACAATTGAGGATATTAAATCATTTTTACAACAACAATCAAAGATTGAAATTATTGATGATGCGTTAGAACGTGTCAAAAAAAGTAGAGCGGTAGTTGAACGTATTATTGAAAATGAGGAAACGGTTTACGGTATCACTACAGGTTTTGGGTTATTTAGTGATGTACGTATAGACCCGACGCAATATAATGAATTACAAGTGAATCTGATACGCTCACATGCCTGTGGACTAGGTGAGCCATTTTCAAAAGAAGTAGCATTAGTCATGATGATTTTACGATTGAATACATTATTAAAAGGTCATTCAGGTGCCACTTTAGAATTAGTGAGACAATTACAATTTTTTATAAATGAACGTATTATACCGATAATCCCACAACAAGGCTCTCTCGGTGCATCAGGAGATTTAGCGCCATTATCACATTTAGCATTAGCATTAATTGGTGAAGGGAAAGTATTGTACAGAGGGGAAGAAAAGGATAGTGACGATGTATTAAGAGAATTAAATAGACAACCTTTGAACCTTCAGGCTAAAGAGGGTTTAGCATTGATTAATGGTACGCAAGCTATGACAGCTCAAGGTGTCATTAGTTATATAGAAGCAGAAGATTTAGGTTACCAATCTGAATGGATTGCTGCATTAACGCATCAGTCTCTTAATGGCATTATAGATGCATATCGACATGATGTGCACTCTGTTCGTAATTTTCAAGAACAGATTAATGTGGCAGCGCGTATGCGTGATTGGTTAGAAGGATCAACATTAACGACGCGACAAGCAGAAATACGTGTACAAGATGCATATACGTTGCGTTGTATACCACAAATCCATGGCGCGAGTTTTCAAGTATTCAATTATGTTAAACAGCAATTAGAATTTGAAATGAATGCGGCTAATGATAATCCACTTATATTTGAGGAAGCAAATGAAACGTTTGTTATTTCAGGTGGTAACTTCCATGGACAACCTATTGCTTTTGCATTAGATCATCTTAAATTAGGTGTAAGTGAATTAGCAAACGTATCGGAACGTCGTCTAGAGCGACTAGTAAATCCTCAATTAAATGGTGATTTACCAGCATTTCTTAGTCCAGAGCCAGGATTGCAAAGTGGCGCGATGATTATGCAATATGCTGCTGCAAGTCTCGTTTCTGAAAATAAAACTTTAGCGCATCCAGCGAGTGTTGATTCTATCACTTCATCTGCGAACCAAGAAGATCACGTATCTATGGGAACTACAGCTGCTAGACATGGTTATCAAATTATTGAAAATGCAAGACGTGTGTTGGCAATCGAATGTGTTATTGCATTACAAGCAGCAGAGTTGAAAGGTGTCGAAGGATTATCACCAAAAACACGTCGTAAATATGAGGAGTTTCGAAGTATCGTGCCATCCATTACACATGACCGTCAATTTCATAAAGATATTGAAGCGGTTGCACAGTATTTAAAGCAATCAATTTATCAAACGACTGCATGTCACTAAATCGACATGAGTGATGTTTGAAATCGTTACTTGAAAAAGCAAATATAGTTTGCTATATTAAAATTAACTTAATAAGACATTGTTCGTAGGACAAGTAATATATAGTGTTCGATATCAGAGAGCTTGTGGTTAGTGTGAACAAGAATCAACATATATATGAATCTACCTACTTAATTTAAAAGAACAATCGGTGATAACCGTTATTTTAGTGAAGTGCAATTTAGGTTTAGTGTATCTTTATAACTTAAATTGTTAAATAGGGTGGCAACGCGTAGACCACGTCCCTTGTAGGGATGTGGTCTTTTTTTATTTTCTAAAAAATAAAGACGTACGTCATTCCATAATAAATGATAATTATTTGGGAAAGGATGAAGGTTAATGTTAGACATTAGATTATTCAGAAATGAGCCTGACACAGTTAAGAGCAAAATTGAATTACGTGGAGATGATCCAAAAGTTGTAGATGAAATTTTAGAATTGGATGAGCAACGACGTAAATTAATTAGTGCAACAGAAGAAATGAAAGCACGTCGTAATAAAGTAAGCGAAGAAATCGCATTAAAAAAACGTAATAAAGAAAATGCTGATGATGTGATTGCTGAAATGCGCACATTAGGTGACGATATTAAAGAAAAAGATAGTCAATTAAATGAAATTGATAATAAAATGACAGGTATCCTTTGTCGTATTCCAAATTTAATAAGTGATGATGTACCTCAAGGTGAATCTGATGAAGATAACGTTGAAGTTAAAAAGTGGGGTACACCACGTGAGTTTTCATTTGAACCAAAAGCACATTGGGATATTGTAGAAGAATTGAAAATGGCTGATTTTGATCGTGCAGCAAAAGTTTCAGGTGCGCGTTTTGTATATTTAACAAATGAAGGTGCGCAATTAGAGCGTGCTTTAATGAACTATATGATTACAAAACATACAACACAACATGGTTATACAGAAATGATGGTACCACAGCTTGTGAACGCAGATACAATGTATGGTACAGGTCAATTACCTAAATTTGAAGAAGATTTATTTAAAGTAGAAAAAGAAGGATTATATACAATTCCAACTGCTGAAGTACCATTAACGAATTTCTACCGTAATGAAATTATTCAACCAGGTGTACTTCCTGAAAAATTCACTGGTCAATCTGCATGTTTCCGTAGTGAAGCAGGATCAGCAGGTAGAGATACAAGAGGATTAATTCGTTTACATCAATTCGATAAAGTGGAAATGGTACGTTTTGAACAACCTGAAGATTCATGGAATGCTTTAGAAGAAATGACAACAAATGCAGAAGCAATTCTAGAAGAGTTAGGTTTACCATACCGTCGTGTTATTTTATGTACAGGTGATATTGGATTTAGTGCAAGCAAAACATATGATATAGAAGTTTGGTTACCAAGCTACAATGATTATAAAGAAATTAGTTCATGCTCAAACTGTACGGATTTCCAAGCGCGTCGTGCTAACATCCGCTTCAAGCGTGACAAAGCAGCTAAACCAGAATTAGCACATACATTAAATGGTAGTGGTTTAGCAGTTGGACGTACATTTGCTGCTATTGTTGAAAATTACCAAAATGAAGATGGAACAGTAACAATTCCAGAAGCATTAGTACCATTTATGGGTGGTAAAACACAAATTTCAAAACCAGTTAAATAAAGGCTTTAGCTACAAGCTTTAAAAAGTATATATTCTACGTATACTTAAAGCAAGGGCAAGATACTTTAAATAATATTTTAAAAAGTGGTGACGAAGCTGTCGCCACTTTTTTTGTGCTGTAAAAGTATAATAGTGAGCCAATGCACATAACAACAATAAATTAAGTTTGTGGTTTAATGGGGTGAACGCATTTCATTATAGCAACAATACGGGATAATTATGATGAACTAAAACAATCTAAAACGTAACAATTTTGAGCATCACTATTATAGGAAATTAAGTGATAAAAAACTGATTTCGTTGATGTAGTATGAGTAATATCGATGGAGTAGGGTAGGGGGAGAGGATGATGATTATAAGGGAGTGTTACATGAATCAATATCCCAGACTCATCATTAGATATAAAAAATTATAAAATTAGTACTTAAAAACAACTACAAATCCGTAGAAAATATGGAGGTAGTCTTAAATAAAAATTGAAAATTATCAAAAATAAAAAGTTGATATGAAGATGATTGAAGACGCCAGTATGTCTAACCTCAGACAAACTGGTGTCTAATGTTATTGCTTAGGGTATAGAACTGTATTAGACTAGGTATATTATTTTTTCGTAATTATATAAATATAAAGTGGCAAAGGAGGTAATTGAGATGGCAACACATTTAAGTTTTAGACAAGGCGTA
NZ_CP181124.1_gap3	48733	49794	1061	TATAAATGATAATGAAAAAAGAGTGCTAAGGGAAATTTATAACCATCATAATATTTCGCGTACTCAAATATCTAAAAATCTTGAGATTAATAAGGCAACGATTTCTAGTATTTTGAATAAGTTAAAGTATAAATCTCTTGTTAATGAGGTTGGTGAGGGTGATAGCACGAAGAGTGGTGGTAGAAAACCTATTCTTCTGAAGGTTAATCATCTTTATGGTTATTTTATTTCTTTGGATTTAACTTATAGTTCTGTTGAAGTGATGTACAATTATTTTGATGGTAATGTCATTAAGCATGAATCTTATGATTTACCTGATGAAAAGGTTAGTAGTATATTAAGCATAATAAAAAAACATATTGATATTCAGGAGAAACTTGATACTTATAACGGACTATTAGGTGTGTCTGTTTCTATACATGGAGTTGTGGATAATGAGCAGCATGTGACATATTTACCATTCCATGAAACTGAAGGAATTTCAATTGCTAAGAAAATAAAAGAAATTACTAATGTTCCAGTCGTAGTTGAAAATGAAGCGAATCTTTCAGCGTTATATGAACGTAATTTTAATCATAATTTATCCTACAATAATCTTATTGCTTTAAGTATACATAAAGGTATTGGTGCTGGGCTTATTATTAATAATCAATTGTATCGTGGTGCAAATGGGGAAGCGGGTGAAATTGGAAAAACACTTGTCTCAAAAGTTAGCGATAATGTGGAGATCTTTCATAAGATTGAAGATATTTTTTCACAAGAAGCTTTACTGCATAATTTAAGTAATCAACTAAATGAGAAGATGACGCTTAGCAAATTAATTCAATTTTATAATGAAAAAAATCCAGTCGTAGTTGAAGAAATGGAACAATTTATAAATAAAATTGCTGTTTTAATACATAATTTAAACACCCAGTTTAATCCGAATGCAATTTACATTAACTGTCCATTGTTCAATGAAATGCCTGAAATATTAGAAGCAATTAAGAACCAGTTCAAACAATATTCACGTAACGAAATTCAAATAAAGTTAACATCTAATGTCAAATTTGCAACTTTGC
NZ_CP181124.1_gap4	51385	54584	3199	TATAAGTACCTACGCCACCATAATCGACTTCATCTCTTAATTCTTCTTTTGAAATTCCCATAACATCCATACTCATGGTACAAGCAATTAACTTTATATCTTGATCGATTGCTTGATCGATAAGTGAGTATAAAGAATCAACATTTTTCTTGTTCATTACATAACGCATCATAATATTACCTAGTCCAAACATATTCATTTTTGATAATGGCATATGTATTGGATCCTTAGGTAACATAAGGTCAAACATTTTGGAAATACCTTTCTTTTTAACGCGAGTTGATTGCGCTTTTTTTAATGCGTTGAGGACCCAAAAAGTAAAGAAAATAGTTACATCTTTACCTGCTGCTTTAGCGCCATTTGCGATGATCATTGCTGCTACTGCCTTATCTAACTCACCGCTAAATAAAACAATTGTTGTACCTGTAGCAGTGTCATTGATTTCAAATTCTTTTGGCTTTTCTTTTTGAATAATTGCATTAATTACATTTGCTTCTTCAGTAAGATTTACAAGGGTATTCCCTGTTTGTTTCGCCCAACTTTTAATATCACTATTGAAACCAGGATCTGTAACTGTTACCTCGATTTGCTCACCCGTTGAAATATTGTTAATTTCTTTACTGATATTAACAATAGGTCCAGGGCACTGAAGACCTCTAAAATCAAATTGTTTACGATTCTCTTTGATTTCAATATCTTTTTCTATTAAAGGAGCACTATTGAAGTTCTTTGCTTCATAATCTTTATATCCACCCTTTAAATTCACGACATCATAACCTTGTTTGGCTAAATAATCGCAAGCTTTAGTGCTTCGGTTACCGCTTTTACAATGTATATAATACGTTTTGTTGCTATTCTTATTGAATGATTTAATCTCTTCTACTGGGTGTAAAGTTGAACCGTTAATGTGTCCTAATTCATATTCTTCTTTTGTTCTAACATCAATCAATTGACCCATTTTTGCCAATTTTTCTAATTCTTCTTTGTTTAATGAATTAATGTGTACTTCTTTGTATTGTTCCATACTTACCTCCTATAAATACCTATGAGGGTATAATAAAACGGATAGAATCATTTGCCAAATACCTATATGGGTATTTGACAATTTTGTTTTAATTTATTATTATTAACTTAATCAATTTATGTGGAGGAAATGAATATGACTTATGATAAAAAAATGATTAATCGTATAAATAGAATACAAGGTCAATTAAATGGTGTCGTAAAAATGATGGAAGAAGAAAAAGATTGCAAAGATATAATTACGCAACTTAGTGCATCTAAAGGTTCTATACAACGTTTAATGGGGATTATAATTAGTGAAAATTTAATAGAATGCGTTAAAACAGCAGAAGAAAATAATGAAAGTTCTCAAGAATTAATTAATGAAGCAGTTAATTTATTAGTTAAAAGTAAATAATGGATATAGCAAATATGACTATTATGTTGCTAATTGGCGTACTGGGTGGATTTATATCTGGATTAATAGGTATTGGGGGCGCAATTATTATTTACCCAGCTATTCTTATATTGCCACCATTAATAGGTATACCTGCGTATAGTGCATATATTGCTTCGGGACTTACCTCTAGTCAAGTATTTTTCAGTACACTTAGTGGATCATTAAATGCAAGAAAACAACCAGCTTTCTCTCCTAAACTTGTTATATATATGGGAGGGGGTATGTTGATTGGAAGCATGTTAGGGGCAATTTTAGCTAGTTTGTTTAATGCTACTTTTGTAAATACGGTATATGTAATAATCGCCATACTTGCTTTAATATTGATGTTTATTAAAGTTAAACCTACTACACAAGAGACGAAATCTAAACCTTTGCTATTTATTATAGTTGGATTTGGAATTGGTGTAATTTCGGGAATTGTGGGTGCAGGTGGAGCATTTATCATCATTCCTGTATTATTAGCATTATTTAAATTACCAATGAATACGGTAGTGAACAATAGCATAGCAATTGCTTTTATATCTTCAGTAGGGGCATTTTTTATAAAATTAATGCAAGGATATATACCAGTAGAAAGTGCAATTTTTTTGATAATTGAATGATGATCATTTTCTGAAAATATTATGTGGTCATATAATATAATGCCCATCATTTCACTAATCTCTTTTATTCTCTGAGTTATTTTGATATCTCCTGGAGAAGGTGTTACATCTTATCAAGAGTAAATTACAAAAGAATCATTTAAATCAATACTTTCACTTTGAATACATGTATTTGAAGTGGAAGGTACTTATTTCAAAAATAGTAAAACCTGTATCTTAAATTACTTAATAGTAACATAAGATACAGGCTGATTTTTTATTCATTGTTATTTATACTAAAGCACCCGATAGCTCTGAAAACAATCACAAATTCAACTTTTCAAAGCCACAGCTTTAAGTTATTTTGTCCAGACAACCCCCATTGCCCAACCCATTTTATGGAATTGGCATCCAGGCAACAACTTTTCATATAAATCGTAATAATTTTGTTCAGATAGGTACTTATCTGAAGCTAAATGCTCAAGCCATGATTTAGATGTGTTGTGATTATAAATTCTAATCGCATTTTTTATTCCAAATTTGAAACAATGCGGTAAAAACTCTTGGATTGCCCCTAATTTATAAACATAGGTAGGCGGTGTCTCGACTTCAGATACATTATCAAGAATAACTATTCTTCCTTCCTCATTCAACAGTTCCTTCATTTGCTGTATTACGCTGGCTATATCATCCAAATGATGAAAGGTTGTTCGGCTTACAATAAAATCAAACTTCTCATTAAAATTAAGTTGTTCTGCATTCATATTCAGATAGACCGTATTTGTTAGTTGACGTTTAGATTTGGCAAGATCGAGCATTTGATTAGAAATATCAATCCCTACCACTTCATCATAATAACTTGCTAATTTCTCCACTAACAAACCCGAGCCACATCCGATATCTAATGCTCTGCCTTTCTTTGGAGACATATTAGACACAAAGAATGAATAATCATTCAAAAGCTCATTCACGAAATCGTAATCTTCTGCAACCTTATCAAACTGTGATTCTATTGTATTCAAAAAGATCCCCCATTCCTACTTTATCGACATTCTTTCATTACTTACCACTTTAGATGTTTTTTCGTTGGGGATAAAACTTCCCTTTAGACAATTTTATCCAAAGACAATACAACAGTGCAACTTTATTAAAGTCA
NZ_CP181124.1_gap5	56881	58589	1708	GGTTTTGAGACTACATTTGCTGTTATTTGACGCTCACGAAGGGATTCGATTCTTTGCCTAATATCGTGTTCCTTATAAAGCCATGATTTAGAAACATTAGCTTCCTTTGCTATTGAATTAAAATTAATAACTTTACCTTCAATCGAAAATTTAGAAATCGCTTTGTCTACTTTTTCCCTTGTCTTTTTTGATTTCTGCTTCGCCAAACGTACAATTTCTGTTGTATTTCTAACTTGTTTATCCATTGATAATTACCCCGTCAAACTTCCAATGATTTGTTCTAAACGCTCTTTAACACGGCTATTAGTCTCTACTTGTCTTTGCCATTGTTTATCCTTAGCTATGGCTAATAACTCTTCTGTACGCTCTAACTGTTCTTCGTGCTGTGGTAAGAATTGCTTACTGGTACAGAAGTGAGTGCAATCTAAGCATGCATTCGCATGTGGACAACCACCTGCTACTACTGGCAATCTACAATAACCATTTGGAAGCACTTGTGCATTTATATTTTTCTTGAACCATTGAAGCTCTACATCATCGACTTCATTATCTTCATCTAGATCAAGCACATCTCCATTATTGGTAACCAGTTTTTCCTGAAATTTAGTAAATTCATTTTTTAGAGTTTCATCAAAGATATGAGCGTATCTGCTTGTCATTTCTGGGCTTTCATGCCCCAAAAATTTCTGCACAATATGCTGGGGCATCCCGTTGTTAATCATTCTTGTTCCTACTGTATGGCGAAAGGCATGGGCATGGAATCTATAAATCTCACCTGATTTATCCACTATATTTTGCTCATAAGCTAATTTATTTAACTCACCTCTAAATGTTTCTTGTTTTAATGGCGATCCATCTTTTCTTGGAAAGAGGTATTCACTATCTGGAAATTCCTCTGAAACTTTATCTTCCCGAACTTTAATAAGTAAAGCTACCTCTTTAGATATTGGAACTATATGCTCCTTTTTCATTTTCCATTGATAATACTTTAAAAAGAAATCTCCATCTTTGTCCTCTAATAGACAGCCTTTTTTCAAGGTGCACAATTCACTTATCCTCATTCCACATTCTTGAACAATCATAGTCATCGTAGCTATATATTCGGGTAATTTATCAAGATGACTGTTCAATTGCTCTAGGACGAATTCATCTATAAAGCGTGGTTTTGCTCTTGGTATTTTCGGATAGTCCTCAGAATAAATTAATATTTTGGAAGGAACATCATCCCATTCTAGCCTAAGAAGGGTACTAAATAGTCCTTCCAATATAGAGATCCTCCCAGTTATTGTACTAGGTTTTATTCCCATCATGTTTAGTTCACTTAAATATGCTTCAATTTCCACTCTCGTTAATTGGTGTACTCTCTGAACTTGTTTAAATTTCATGTCCAGAAAATTAAAGAACTCTTTAAGTCTTTGGGCAATATCACTTACATAGGAAAAGCTATCCACGTTCAATCTCAACTTACAATATCTTTTTACAAGTTGTTTAAAATATGTATTCCGAAACCCTTTAAAGTTAATTGTATATTCATATTGTGTTGGGTTAACCTTATCATCTGGCAAAGGTAAGTTACGTCTATCCCAAACGTCTTTATCCCACTCCTCTCCATCAAAATAAAAGTTCTCATAAAACTCCATAAATTGTTTTAGATTAGTAACATAGTAGGAATTAGCTTTTACAGGTGTTTTTTCTTGATTAGCAGTAA
NZ_CP181124.1_gap6	130676	134704	4028	GAGATTATCTGTCGTCTTCAAGTATGCGTTCATTAATTGATATTGGCGCACCGTATAACCATGTCAAAGTACCATTTGCAATGCAGTCATTAGGCGCATTAAGGCTAACGCCTACGCGTTACATGAAAAACGGAGAACAAGCAGAACAATTATTACGTCAGCTTATAGAAAAAGATGAAGCACTAGCTAAGTATGTCATGGTTTGTGATGAAACAGCTTGGTGGTCATATATGGGTCAAGATAATGATATTTTCAAAGATCAATTAGGTCATCTAACTGTTCAGCTAAGAAAGTATCCCGAAGTGCTAGCCAAAAATGATACGCAACAGCTAGTGTCAATGGCAGCACTCGCGGCAAATGATCGCACTTTATATCAAATGATTTGTGGAAAAGATAATATTTCTAAAAATGATGTCATGACGTTATTTGAAGATATCGCGCAAGTCTTTTTAAAGGTAACACTATCATTTATGCAATACGGCGCATTACCAGAGTTGCATGGTCAAAATATATTGTTGTCATTTGAAGATGGACGTGTACAAAAATGCGTGTTACGTGATCATGATACTGTCAGAATTTATAAACCATGGCTAACAGCACATCAGCTTTCATTGCCGAAGTATGTCGTCAGAGAAGATACACCTAATACGCTAATTAATGAGGATTTGGAAACATTCTTTGCTTATTTTCAAACATTAGCTGTATCGGTAAATCTATATGCCATTATTGATGCAATTCAAGATTTATTTGGTGTAAGTGAGCATGAACTTATGTCGTTGTTAAAACAAATTTTAAAAAATGAAGTGGCAACTATTTCCTGGGTTACAACTGATCAGCTAGCTGTCAGACACATTTTATTTGATAAACAGACGTGGCCATTCAAACAAATTTTATTACCATTGCTATATCAACGTGATAGTGGTGGAGGTAGTATGCCTTCAGGTTTAACTACCGTACCAAATCCAATGGTGACATATGATTAATCAGTCTATATGGCGCAGTAACTTTCGCATTTTATGGCTCAGTCAGTTTATAGCGATTGCTGGACTGACAGTACTTGTGCCATTATTGCCAATTTATATGGCATCACTACAAAATCTATCAGTCGTAGAAATACAGTTGTGGAGTGGTATAGCGATTGCTGCTCCAGCTGTAACGACGATGATAGCTTCGCCGATATGGGGGAAGCTAGGTGATAAGATCAGCCGAAAATGGATGGTCTTAAGAGCGTTACTTGGTTTGGCGGTATGCTTATTTTTAATGGCATTGTGTACGACACCATTACAGTTTGTACTTGTGAGGTTATTGCAGGGACTATTTGGTGGTGTTGTTGATGCATCAAGTGCGTTTGCGAGTGCAGAGGCGCCAGCTGAAGATCGTGGAAAGGTATTAGGAAGACTGCAAAGTTCAGTCAGCGCAGGGTCTCTTGTGGGGCCATTAATTGGCGGTGTTACAGCTTCGATATTAGGTTTTAGTGCGTTACTGATGAGTATTGCCGTTATTACTTTTATTGTCTGTATTTTCGGTGCATTAAAATTGATTGAAACGACACATATGCCAAAATCACAAACACCAAATATTAATAAAGGTATTCGCCGTTCATTTCAATGTCTATTATGCACACAACAAACATGTCGATTTATTATCGTTGGCGTTTTAGCAAACTTTGCTATGTATGGCATGCTAACTGCATTATCACCACTTGCTTCATCAGTGAATCATACAGCGATAGATGACCGTAGTGTGATTGGATTTTTACAGTCCGCATTTTGGACGGCTTCGATATTAAGCGCGCCTTTATGGGGACGCTTTAATGATAAATCATATGTTAAATCAGTATATATATTTGCCACGATTGCATGTGGTTGTAGTGCGATACTGCAAGGTTTAGCGACGAATATAGAGTTTTTAATGGCTGCAAGAATACTTCAAGGATTAACATATAGTGCATTGATTCAAAGTGTCATGTTTGTTGTCGTGAATGCGTGTCATCAACAACTTAAAGGCACATTTGTTGGAACGACGAACAGTATGTTAGTTGTTGGTCAAATTATTGGCAGTCTTAGTGGCGCTGCCATTACAAGTTATACTACACCAGCTACTACGTTTATCGTTATGGGCGTAGTATTTGCAGTAAGTAGTTTATTTTTAATTTGTTCAACCATCACTAATCAAATCAACGATCACACATTAATGAAATTATGGGAGTTGAAACAAAAAAGTGCAAAATAAAGAATTAATACAACATGCAGCGTATGCGGCTATCGAACGCATTTTAAATGAATATTTTAGAGAAGAAAATTTATATCAAGTACCACCTCAAAATCATCAATGGTCTATACAATTATCAGAGCTCGAAACTTTAACGGGTGAATTTCGCTATTGGTCTGCGATGGGGCATCATATGTATCATCCAGAGGTATGGCTTATCGATGGAAAAAGTAAAAAAATAACAACTTATAAAGAAGCAATTGCGCGTATTTTGCAACATATGGCTCAAAGTGCAGATAATCAAACGGCAGTGCAACAACATATGGCGCAAATTATGTCTGACATCGATAATAGCATTCATCGCACGGCGCGTTATTTGCAAAGTAACACAATAGACTACGTAGAGGATCGTTATATCGTTTCAGAACAATCTTTATACTTAGGTCATCCATTTCATCCGACTCCTAAGAGTGCAAGTGGGTTTTCAGAAGCAGATTTAGAGAAATATGCACCCGAATGTCATACATCATTCCAATTGCATTATTTAGCTGTGCATCAAGATGTTCTGCTCACGCGCTATGTAGAAGGTAAAGAAGATCAGGTTGAGAAAGTGTTGTATCAATTAGCAGACATAGATATATCAGAGATACCCAAAGATTTTATTTTATTACCAACACATCCTTATCAAATCAATGTGTTGCGACAGCATCCACAGTATATGCAATATAGTGAACAAGGTTTAATAAAAGACCTTGGCGTTTCCGGTGATTTAGTGTACCCGACGTCTTCGGTTAGAACTGTATTTTCAAAAGCATTAAACATTTATTTAAAATTACCGATACACGTTAAAATTACTAATTTTATACGTACGAATGATCTTGAACAAATTGAACGGACAATTGATGCCGCGCAAGTTATCGCATCAGTCAAAGATGAGGTTGAAACACCCCATTTTAAATTGATGTTTGAAGAAGGATATCGTGCATTGTTACCGAATCCATTAGGGCAAACAGTTGAACCTGAAATGGATTTATTAACAAATAGTGCCATGATTGTTCGTGAAGGGATACCGAATTACCATGCTGATAAAGATATTCATGTATTGGCGTCATTATTTGAAACGATGCCTGATTCACCGATCTCTAAGTTAGCACAAGTGATTGAGCAAAGTGGTTTAGCACCAGAAGCATGGCTTGAATGTTATTTGGATCGTACATTATTGCCGATATTAAAGTTGTTTAGTAACACAGGCATTAGTCTAGAAGCACATGTACAAAATACATTAATTGAATTAAAAGATGGCATACCCGACGTATGCTTTGTCAGAGATCTTGAAGGCATTTGTCTATCTAGAACGATTGCTACTGAAAAACAGCTTGTGCCAAATGTTGTGGCAGCATCAAGCCCTGTTGTATATGCACATGATGAAGCATGGCATCGTCTTAAATATTATGTTGTAGTAAATCACTTAGGACATTTAGTATCAACTATTGGTAAAGCAACTAGAAATGAAGTTGTGTTATGGCAACTTGTAGCGCATCGTCTTATGACTTGGAAAAAAGAATACGCGAATAACGCAGTATTTGTTGACTGTGTAGAAGATTTATATCAAACGCCGACCATTGCGGCTAAAGCGAATTTGATGAGTAAATTGAATGATTGTGGTGCAAACCCTATTTATACACATATACCAAATCCAATTTGTTATAACAAGGAGGTATCGTATTGTGAATCAAACAATTCTTAATCGTGTAAAGACTAGAGTAATGCATCAACTGGTATCATCACTTATTTATGAGAATATTGTTGTGTATAAA
NZ_CP181124.1_gap7	149332	151991	2659	TGTGTCAATGACATTTAACGGTATAAAGGTAAAGCAAAATGCATCAGCTTGCTTAGAATGATTGTCCTTTTTTTGATAATAGCGTTCCATTGCAATGACGGCAGAAGGATGGTTTGCAAACAAATGATTTGTATATTCACTTTCTAAATCAACACGATAATTAATTGATGACATAGATACGCGAGCTAGCAATATTTGATCAAGTGGATGCTTAAATTGATCCATACTTGAAGCGTGTTGGGCATTTGTTTGTGGAATAACAAAGTGTCCCTTCCCTCTTGTACTCTCTACGATGCCATCTTCGGCTAACAATTTTATAGCTTGGCGCAAAGTCATACGACTGACATCAAAGCGCGCACAAAGTTCCTTTTCAGTAGGTAATGCATGGCCACTCGGATATTTTCCTATTTGAATTTCTTTATATAACGTATTATAAATCGTTAAAAATTTTGGTTGTGTTTGCGTCACGTAGACAACCTCCATAAAGTTACTTAATCACTCTCATCATACAATAATTTTTACTCGAATTGGAAAAATTATAAAAATTAAATATAGATAGGCTTTGAAAATTAGTTTTATACAAGGTTAGTAGCTGTAACTGTAAAATGTTCTTAATATTGTCAAAATGTAATGCTTGAAAGCGCTTTTAAAAAATATTATTATATACATGATTAGACAAATAGACAAATAACTATACAAATATTGGGAGGAATATTTTATGAAATCAACACCACACATTAAACCAATGAATGACGTCGAAATTGCAGAAACGGTTCTATTGCCAGGAGATCCGTTAAGAGCTAAGTTCATTGCAGAAACTTATTTGGATGATGTGGAACAGTTCAATACAGTGCGAAACATGTTTGGTTTTACCGGAACATATAAAGGTAAAAAAGTTTCTGTCATGGGTTCAGGTATGGGTATGCCATCTATTGGCATTTACTCTTATGAATTAATTCATACATTTGGTTGTAAAAAATTAATTCGCGTTGGCTCTTGTGGCGCGATGCAAGAAAACATTGATTTATATGATGTGATTATTGCACAAGGTGCCTCTACTGATTCAAATTACGTTCAACAATATCAATTACCAGGTCATTTTGCGCCAATTGCTTCTTATCAATTATTAGAAAAAGCAGTTGAAACAGCACGTGACAAAGGTGTACGTCATCATGTAGGTAATGTGTTATCAAGTGATATTTTCTATAACGCGGATACAACAGCGAGTGAACGTTGGATGCGTATGGGTATTTTAGGTGTAGAAATGGAATCAGCTGCATTATACATGAATGCAATTTACGCTGGTGTCGAAGCATTAGGTGTGTTCACAGTGAGCGATCATTTAATTCATGAAACGTCAACAACACCTGAGGAAAGGGAACGTGCATTTACAGATATGATTGAAATTGCACTGTCATTGGTGTAGATGATTATGAATGTTGAATATTCTAAAATAAAGAAAGCAGTACCTATTTTATTATTCTTATTTGTATTCAGTTTGGTTATAGACAACTCATTTAAATTGATTTCTGTAGCCATTGCTGATGACTTAAACATATCTGTAACGACAGTAAGTTGGCAAGCGACATTAGCCGGTTTAGTAATTGGTATTGGCGCTGTAGTATACGCTTCATTATCTGATGCCATTAGTATACGCACACTATTTATTTATGGCGTGATATTAATCATTATCGGATCAATTATTGGTTACATTTTCCAACATCAATTCCCATTACTTTTAGTTGGACGTATTATTCAAACTGCCGGTTTAGCTGCTGCAGAGACATTATATGTGATATATGTTGCAAAGTATCTTTCTAAAGAGGACCAGAAGACTTACCTTGGCTTAAGTACGAGCAGTTATTCCTTGTCATTAGTTATCGGTACATTATCAGGTGGATTTATTTCTACGTATTTACACTGGACAAATATGTTTTTAATTGCATTAATCGTAGTATTTACGTTGCCATTCCTATTTAAATTATTACCAAAAGAAAATAATACGAATAAAGCTCATTTAGATTTTGTTGGCTTAATTCTAGTGGCAACTATTGCTACAACAGTCATGCTGTTTATTACGAACTTTAATTGGTTATATATGATTGGTGCCTTAATTGCGATTATCGTTTTTGCGCTATATATTAAAAATGCGCAACGTCCATTAGTAAATAAATCATTTTTCCAAAATAAACGTTATGCTTCATTTTTATTTATAGTATTTGTAATGTATGCTATCCAATTGGGTTATATTTTTACGTTCCCATTCATAATGGAGCAAATTTATCATCTGCAACTAGACACAACATCACTGTTATTAGTACCGGGTTATATAGTAGCAGTCATTGTTGGTGCATTAAGTGGTAAAATCGGCGAATATCTGAATTCAAAACAAGCGATTATCACAGCAATTATTTTAATAGCACTGAGCTTGATTTTACCTGCATTTGCAGTAGGTAATCACATTTCAATCTTCGTCATTTCTATGATATTCTTTGCAGGTAGCTTTGCTTTAATGTATGCACCTTTACTTAACGAAGCCATTAAAACAATAGATCTTAATATGACAGGTGTGGCTATTGGTTTTTATAATTTAATTATTAATGTGGCGGTATCTGTAGGTATTGCGATTGCTGCGGCTCTAATCGATTTTAAAGCATTA
NZ_CP181124.1_gap8	159626	162596	2970	GAAATCAATATCAACCTATGGGATTGTTACTAGCGAATCATGTTATAGAACAAGACAGAAGGCAGTATGACCAAAGTTTTAAAATAGATAATGGTGATTTTTTGCAAGGGTCACCATTTTGTAATTACTTAATCGCGCATAGCGGCAGTAGCCAGCCTTTAGTTGATTTTTATAATCAAATGGCATTCGACTTTGGTACGCTTGGTAATCATGAATTTAATTATGGATTGCCATACTTAAAAGACACTTTACGCAGACTCAATTATCCAGTTTTGTGCGCTAATATTTATGAAAATGATAGTACATTGACTGATAACGGTGTGCAGTATTTTCAGGTTGGAGATCAAACGGTTGGTGTGATAGGTTTAACGACACAATTTATTCCCCATTGGGAACAACCAGAGCATATTCAGTCACTTACGTTTCATAGTGCTTTTGAAACACTTCAACAACACTTACCTGAAATGAAGCGACATGCAGATATCATTGTGGTTTGTTACCATGGTGGATTTGAAAAGGATTTAGAAAATGGTACGCCGACCGAAGTATTAACGGGTGAAAATGAAGGATATGCCATGTTAGAAGCGTTTTCTAAAGATATAGATATCTTTATTACGGGTCACCAACATCGACAAATTGCTGAAAGATTTAAGCAAACGGCTGTGATTCAACCTGGTACGAGAGGTACAACTGTAGGCAAAGTTGTCTTGAGTACTGATGAATATGAAAATGTATCCGTTGAATCATGTGAATTACTTCCTGTTATAGATGATTCCACATTTACTATTGATGAAGATGACCAACATTTACGAAAGCAGTTAGAGGACTGGTTAGATTACGAAATTACTACATTGCCATATGATATGACGATTAATCATGCATTTGAGGCACGTGTGGCACCGCATCCTTTTACTAATTTTATGAATTACGCTTTATTAGAAAAAAGTGACGCAGATGTTGCCTGTACAGCTTTGTTTGATTCTGCTAGTGGTTTCAAGCAAGTCGTGACGATGCGAGATGTTATTAACAATTACCCATTTCCAAATACATTTAAAGTTTTAGCTGTAAGTGGTGCCAAACTTAAAGAAGCCATTGAACGATCAGCAGAATATTTTGACGTGCAAAATGATGAAGTAAGTGTGAGCGCAGACTTCCTTGGACCCAAACCACAACACTTTAATTATGATATATATGGTGGCGTAAGTTATACCATTCATGTTGGAAGACCAAAGGGACAACGTGTGAGCAATATGATGATTCAAGGTCACGCAGTTGATTTAAAGCAGACATATACAATTTGTGTAAATAATTATCGTGCAGTTGGCGGTGGTCAGTATGATATGTTTATCGACGCGCCAGTTGTGAAAGATATTCAAGTTGAAGGCGCACAATTACTTATTGATTTTTTATCAAATAATAATTTGATGCGTATCCCGCAAGTTGTTGATTTTAAAGTTGAAAAGTGACGGATATATGAAAAACTTACTTGATTTTAATCGGGTAAGTTTTTGTTTTTGTTTAAACTAACCACTCTTAAACGTCAATATACTTTAAGAAAAATGTTGATTTTACAAAAAATGAGGCTTATATTTTATATAACTTAATATTATGAAGTGATTAATTTGGAAACAATTAAACAAGAAGTAAGAGAATCTATTGTTAAAGGAATTATCGCGGGATATAAGGACTATGTTAATGAGAGAAATGAAGTCAAGAAACGTATGGTGATTAGTGATGCCTATGCCTTTACTAAATCTAATCATATTGAAAGTCAAGTTGCTAAGCATTTGGAAAATTTTGTTAAGTATATTAAAGAAAATGCTGGACCATCATGGAAGTATTTAAAGTTTATATTTAATAAAGATGAAGAGAAAAATAATATCATGTTTATATTGAAAAATGAAGATTACTTTGATGAAAAAAATGTAAGCGTAGGGAAGAGTTTAGTTGCTGATAAAAATCCAAAAAGTAAAAACTACCTAGAGGTACTTATGGCTAAGAATAGGGACATTAATTTTGGTACTGTTGGAGAAGATTTTGAAATTGGGCATCAAATGACTGCAGATAGTATATTATTTAATATAAAAGAAGGCAGTAATAGAGATATTAATTCTTATTTTTTAATTATTACATATCGTATTGATAAAGAATCAAAGCAATTAGCTGCAATCAAACAATGGTTACCAAATCCAGAAACAAATTCTGCAATTATGGTTGATGATTTGACAGAGTTAATAGAAAAAGTAATAGTAGAAAGAGAAGATTATCATATTGACGAAGAAGAGTTAGAAGTACTTAAAAACGATGGAGAGTTAGAACTCATAGATGTGGAACATGCATTTGGTATCAGTATCGATGAAGGTAACGATATGATTGAAAGTGAAAGGTGAAGTTAATGTTTATTGGCAAGAATTTAGAATACGTGAGAAAGCTTAATGCTCTAAGTAGAAAAGAATTATCAGAAAAAATAAATGTGAGTGAACAAGCAATTTGGCAATATGAAACAAAAAATATGATGCCAGAAATTAGTAAAATTTATGATATGACATCTATTTTTAATGTTAAATCTAGCTACTTTATTAGCGAGCAGCCCGAAGAGCTCCTAATAAATTCTGTCGATAAACATAGTATAGCTTTTAGAGCAAAAAATTATAAAGTATCTACGAAACTATTAAATAAGCAATATTATCAAGCAATGTATTTATCTAATTTAACTAGCTACTTATTTTCTTTTGTAACGATACCGGATAATATTATTTTATCTTTAATAAATAATTTAGATGAATTGTTGAATGGCAATTTAGAATCACTAAATAAAAAAGAAAGCATAAAAGAAATTGCTAAAGTTGTGAGGGCTAAAATTCTTCAAGATGAAAGCAACGAAGCACTATTATTTATGCTTGAAAAAGCGGGTATAGTTATATACGAAAAGCGAATTAATGATAGCATAGACGCATATAGTTTTTGGAG
NZ_CP181124.1_gap9	239963	241511	1548	ATTGGAGATGTACATGGGTTACAGGTTGACTTGAATACACGTGACGCGTCGGGAGGTGCTGATGATACGAGGGAAGGCACAGTGATAGGTGGCGATGTATTATCAATTAGAAAACAACCATTACCTAGTCCGAAAATATACGATAATGACACCCATCGAGTATATTTCAATGATATGCAGTTGCCATTATATGCTGAACAAGTGCGGTGGATGCATGACAAATATTGGGTTGATGAAAGTGTTATTAGAATCATTTTCCCTGAAGTTAGTGTGCATATTGAAGATTTAAGAAGTTATGAAATCGCCGGAAAAAATTATATAGATATTGCCTGGTTGGCACGGAAGAAAGGTTATCAAGTTACCTTAAAGGATGACAGTTTATACTTAACTGATGAAACATATCATTCAGTGAAAGCAAACACAAATGCATACTATAGATATGATCGAGATAGTATCACAAGATAATTTATGTATTTGATATATAGTTTGAAGTGGATTTTGATTTTTGTTGAACGAAAGGGTTCGATTTCAAACTTTAGAGTGATGCTTGAGTGTAGTAATGTTGAAGTTGTTATAAGAAACGCTAGTCGCCTTTGTAAAATATAAAACGCCCCACAAATTCGTTTTTGATGTACACCACAATAGTTAGTCTAAAATCTAACTTGATGTGATTCGGTACAATTAAATGAATGATGTGAGGCGTTTTTATAATGTGTGATTTTAATATGTTAAACGATAATAAATGATTTGGTTATTTCTATAATTACATCATAAGTATTAATGTTCACTTAATTTATTATAAGTAAGGCTTTCTTTGTATATAATTTGGTTTTTTCCAGGACTTGAAAAATAAAAATAAAGTTTCTGATCTTGATGATTATTGCCTTTTAAATCACTCATTCCCTTTAATTCCACCTTTGTTGATGCATTACTGGGAATATTATATCTACGTTTTAATTGTTTAACGTTTGGATTATCATTCGACAACTTACCAGATAAATTATAATAATCAGTGGTAGGATCATGTGTGACTTTCAAATCATTGCTATTTAAAATGCTTGTTAAATCACCACTTTGAATCAAAAATTGATTGTTTTCGATTTTTTGTTTCAGCGCGGGATCTTTTACGTCTTTTGTGAAAACGATTTTATTATTAACTACTTTTACTGGATAACTTTTGTATGTCGAGTCAGTAGCATCTTTTCTATCGTTTGTAGTTGTGTCATATTCACCAGTTATTTTATGTGTGTTCTTATCTACCTTTAACAACATACGGTCTTCTTTTAAAAGCTCATCTGATCCAACAACTGAATAAGAGGATTCTATATACCATGTGTCTTGATCATTATTTTCATAATGGGGATTATCGTGACCATCAATTTCATAAAGCGTTTCTAAGTTTTTAATAGGATACGTACTTAGTACTTTTTTAAGACCATCTTTCAAATGAATTTGTTCCCACTTCATTGCCAAAAACATACCGCCACTGACTACAATTGAAATAATAATAATTGCTGCTAAGTTTAACCAGAAAATTTTATGTGCTTT
NZ_CP181124.1_gap10	243927	247594	3667	TGCTTTGGGCAGAGCTATTGTTAGGGATGCGAAAGTCTTTTTAATGGATGAACCATTATCGAATCTTGATGCGAAGCTTCGAGTACAAATGCGCACAGAAATATTGAAATTACATAAGCGACTTAATACTACGACAATTTATGTTACACATGATCAAACTGAAGCATTGACGATGGCTAGTCGAATTGTTGTTTTGAAAGATGGCGACATTATGCAAGTCGGCACACCTAGAGAAATATATGATGCCCCTAATTGCATATTTGTGGCGCAATTTATCGGCTCACCAGCAATGAATATGTTGAATGCTACAGTTGAAATGGACGGATTGAAGGTAGGAACACATCATTTTAAATTACATAATAAAAAATTTGAAAAGTTAAAAGCTGCTGGCTACTTAGACAAGGAAATTATTTTAGGTATTCGAGCTGAAGACATTCATGAAGAACCAATATTTATTCAAACTTCTCCAGAGACACAATTTGAATCTGAAGTAGTTGTATCCGAGTTGTTAGGTTCAGAAATCATGGTACATAGTACATTCCAAGGAATGGAATTGATTTCTAAATTAGATTCAAGAACCCAAGTGATGACGAACGACAAGATTACACTAGCATTTGATATGAATAAGTGTCACTTTTTTGATGAAAAAACAGGAAATCGTATCGTCTAAGGGGGAGTATTCATGTCTAAAATTTTAAAATGTATCACGTTAGCCGTGGTAATGTTATTAATCGTAACTGCATGTGGCCCTAATCGTTCGAAAGAAGATATTGATAAAGCATTGAATAAAGATAATTCTAAAGACAAGCCTAACCAACTTACGATGTGGGTGGATGGCGACAAGCAAATGGCGTTTTATAAAAAAATTACGGATCAATATACTAAAAAAACTGGCATCAAAGTAAAGCTTGTAAATATTGGTCAAAATGATCAACTAGAAAATATTTCGCTAGACGCTCCTGCAGGAAAAGGTCCAGATATCTTTTTCTTAGCACATGATAATACTGGAAGTGCCTATCTACAAGGCTTAGCTGCTGAAATCAAATTATCAAAAGATGAGTTGAAAGGTTTCAATAAGCAAGCACTTAAAGCGATGAATTATGACAATAAGCAACTAGCATTGCCAGCTATCGTAGAAACAACCGCACTTTTCTATAATAAAAAATTAGTGAAAAATGCACCGCAAACGTTAGAAGAAGTTGAAGCTAATGCTGCCAAGCTAACTGATAGTAAAAAGAAACAATACGGTATGTTATTTGATGCTAAAAATTTCTATTTTAATTATCCGTTTTTATTCGGCAATGATGATTATATTTTCAAGAAAAATGGCAGTGAATATGATATTCATCAGCTAGGACTAAATTCAAAACATGTCGTCAAAAATGCTGAACGATTACAAAAATGGTACGACAAAGGGTATCTTCCTAAGGCAGCAACACATGATGTCATGATTGGTCTTTTTAAAGAAGGAAAAGTAGGACAATTTGTCACTGGACCGTGGAACATTAATGAATATCAAGAAACGTTTGGTAAAGATTTAGGAGTAACAACATTACCTACAGATGGTGGCAAACCTATGAAACCATTTCTCGGTGTACGTGGTTGGTATTTATCTGAATATAGTAAACATAAGTATTGGGCTAAAGATTTAATGCTGTATATCACTAGTAAAGATACATTACAAAAATATACAGATGAAATGAGCGAAATTACTGGACGTGTTGACGTGAAATCATCTAATCCAAATTTAAAAGTGTTTGAAAAGCAAGCACGTCATGCTGAACCGATGCCTAATATTCCTGAAATGCGACAAGTTTGGGAACCGATGGGCAATGCAAGCATATTTATCTCAAATGGTAAGAATCCTAAACAAGCGTTAGATGAGGCGACGAATGATATAACGCAAAATATTAAGATTCTTCATCCATCACAAAATGATAAGAAAGGAGATTAGTTATGACGAAACGTAACCCTAAATTAGCGGCATTATTATCTGTTATACCTGGTTTGGGACAGTTTTATAATAAAAGACCCATTAAAGGTACGATATTTTTTATCTTTTTCATCAGTTTTATTTCTGTATTTTATAGCTTTTTAAATATTGGTTTTTGGGGATTGTTCACATTAGGGACAGTACCTAAGTTAGACGATTCTCGTGTCTTACTTGCACAAGGTATTATTTCTATCTTACTCGTTGCTTTCGCAATCATGCTATATGTCATTAATATTTTAGATGCATATCGTAATGCTGAACGATTTAATCGCAATGAGGAAATAAAGGATCCGAAGGCGCGTATGGTGGCAACATGGGACAAGACGTTCCCATACTTACTAATCTCACCAGGTACATTCTTATTGATATTTGTAGTTGTATTTCCATTAATATTTATGTTTGGAGTAGCATTTACAAACTACAATTTATACAACGCGCCTCCGAGACACACATTAGAATGGGTTGGTTTAGATAACTTTAAAACGTTATTCACAATTGGCGTTTGGCGCAAAACATTTTTCAGTGTTATTACTTGGACATTAGTATGGACGCTTGTTGCAACGACACTTCAAATTGCATTAGGGCTGTTTTTGGCAATTATTGTAAATCACCCTGTCGTCAAAGGTAAGAAATTTATCCGTACTGTGTTAATCCTACCTTGGGCTGTACCATCATTTGTGACAATTTTAATATTTGTAGCGTTATTTAATGATGAATTTGGTGCGATAAATAATGATATTTTGCAACCTTTATTAGGTGTAGCACCAGCATGGTTAAGTGATCCGTTTTGGGCAAAAGTGGCATTAATCGGCATTCAAGTATGGCTTGGATTCCCATTTGTCTTTGCACTGTTCACTGGAGTACTGCAAAGTATTTCATCAGATTGGTACGAAGCAGCAGATATGGATGGTGCGTCTAGTTGGCAAAAGTTTAGAAACATCACATTCCCGCATGTCATTTACGCCACAGCGCCATTGTTAATTATGCAATATGCAGGTAATTTCAATAATTTTAATCTTATTTATCTATTTAATAAAGGCGGTCCACCAGTGTCAGGGCAGAATGCTGGTAGTACAGATATCTTGATATCTTGGGTGTATAATCTGACATTTGAGTTTAACAACTTCAACATGGGTGCAGTTGTGTCATTAATTATTGGATTTATTGTTGCTATTGTCGCATTTATTCAATTCAGACGTACAAGTACGTTTAAAGATGAGGGAGGTTTATAAGATGACAAAGAAGAAAAACATATTAAAAGCAATCGGTATTTACAGTTTTATAGCGATGATGTTTGTCATCATTTTATATCCACTACTGTGGACATTTGGCATTTCCCTTAATCCAGGTACGAACTTGTATGGTGCCAAAATGATACCAGACAATGCAACATTTAAAAATTATGCATTCTTACTATTCGATGACAGTAGTCAATACCTGACTTGGTATAAAAATACGCTTATCGTAGCATCTGCAAATGCACTGTTTAGTGTGATATTTGTCACGTTAACAGCATATGCTTTTTCTAGATATCGCTTTGTTGGTCGTAAATACGGGCTGATTACATTTTTGATTTTACAAATGTTCCCTGTATTAATGGCAATGGTCGCAATCTATATTTTGCTAAATACAATTGGTTTATTAGATTCTTTATTTGGACTAACACTGGTATAT
NZ_CP181124.1_gap11	248869	252780	3911	GAAAGCAGGTGCTGATATGAAAGATGGTCTACGTATTCATGGTGAAGATATGGGCACACTTTATACCAAACACGTTGAATTGGAAAACAAAGGCGTCGACTTTTATGAAGGTAATGAAGTGGATGAAGCTGAAGAAGAAGCAAAAGCTTGGATTGATGCAGTTGTAAATGATACTGAACCAGTTGTGAAACCGGAACAAGCAATGGTAGTTACAAAAATTCTTGAAGCGATTTATCAGTCTGCAAAATCAGGCAAAGCAATTTACTTTGAATAACATCATACGGTAAGGAGGCACATCATGACAAAATTAAAAGTTGGTGTGATAGGTGTTGGTGGCATTGCACAAGACCGTCATATTCCAGCATTGCTGAAACTCAAAGACACAGTCTCATTAGTTGCAGTACAAGATATTAATACAGTGCAGATGATTGATGTTGCGAAGCGCTTTAATATACCTCAGGCAGTTGAGACACCTAGCGAGCTGTTTAAACTTGTTGATGCGGTGGTCATTTGTACACCCAATAAATTCCATGCTGATCTTTCTATAGAAGCATTGAACCATGGTGTCCATGTCTTATGCGAAAAGCCAATGGCAATGACGACGGAAGAGTGTGATCGCATGATTGAAGCGGCTAATAAAAATCACAAATTATTAACTGTCGCTTATCATTATCGTCACACAGATGTCGCTATGACTGCTAAAAAAGCAATTGAAGCAGGTGTGGTTGGTAAACCATTAGTAGCACGTGTACAAGCGATGCGTAGGCGTAAAGTACCTGGGTGGGGCGTTTTTACCAATAAAGCGTTGCAAGGTGGCGGTAGTTTAATCGATTATGGTTGCCACTTGTTAGACTTATCTTTGTGGCTATTAGGTAAAGATATGGTGCCGCATGAAGTGCTAGGAAAAACATATAATCAATTGAGCAAACAACCGAATCAAATTAATGATTGGGGAACATTTGATCACACTAAATTTGATGTCGATGATCATGTTACTAGTTATATGACATTTGCCAATCGAGCAAGCATGCAGTTTGAATGTTCGTGGTCTGCAAATATAAAGGAAGATAAGGTACACGTTAGTTTATCAGGAGAAGATGGCGGTATCAATTTATTTCCATTTGAAATATATGAGCCCCGCTTTGGAACTATTTTTGAAAGCAAAGCTAATGTTGAGCATAACGAAGACATTGCTGGTGAGAGACAGGCGCGTAACTTTGTCAATGCGTGTTTAGGTATAGAAGAGATTGTGGTGAAACCGGAAGAAGCACGCAATGTAAATGCCCTTATAGAAGCGATTTATCGTAGCGATCTTGATAACAAGAGCATACAACTTTAATGATTATTATATATAATACAAAATTCTCAATATAAAAAGAAGGAGTGCTTTTCAATGAAAATAGGTGTATTTTCAGTATTATTTTACGATAAAAATTTTGAAGATATGTTAGATTATGTCGCAGAATCTGGATTGGATATGATTGAAGTTGGAACAGGTGGTAACCCAGGAGATAAATTTTGTAAGTTAGATGAGTTGTTAGAAAATGAAGACAAGCGACAAGCATTTATGAAGTCAATCACAGACAGAGGCTTACAAATAAGTGGTTTCAGTTGTCATAACAATCCAATTTCTCCAGATCCGATAGAAGCGAAAGAAGCCGATGAAACGTTACGTAAAACAATCCGTTTAGCAAATCTATTAGACGTGCCAGTTGTTAATACATTTTCTGGCATTGCAGGGTCAGATGATACCGCTAAAAAGCCTAATTGGCCTGTTACACCTTGGCCAACAGCCTACTCTGAAATTTATGATTATCAGTGGAATGAAAAGTTGATACCATATTGGCAAGATTTAGCTGAGTTTGCAAAAGAGCAAGATGTAAAAATTGCCATAGAGTTACATGCAGGATTTTTAGTTCATACACCATATACGATGTTAAAGTTACGTGAGGCTACAAATGAATATATCGGTGCTAACTTAGATCCTAGTCATTTATGGTGGCAAGGTATTGATCCAATTGCTGCGATTCGCATATTAGGCCAAGCAAATGCAATTCATCACTTCCATGCTAAAGATACGTATATTAATCAAGAAAATGTAAATATGTATGGTCTAACTGATATGCAACCATATGGTAACGTTGCGACAAGAGCATGGACATTCCGTACAGTTGGTTATGGACATAGTCCATATGTATGGGCAGATATCATAAGTCAACTTATTATTAATGGATATGATTATGTATTAAGTATTGAACATGAAGATCCTATTATGTCAGTAGAAGAAGGTTTCCAAAAAGCTTGTCAAACTTTGAAATCTGTTAATATTTACGACAAGCCAGCAGACATGTGGTGGGCATAATACGAACTCGAGGTTAGTCTGAAGTTTGTCTGAAGTAAGACTGGTGGCAGTGTTGAATGAATGCATATGTCGCCAAGCCATTGCCAAAAATTTCACACCTTAAATCATGTCATTGTTTGTAAAGAAGGTGTACTTTATATAAGTGTTTAGCGATGGTCATACCCATTCACAGTAACAATCCTCACCATTGAAAAGAGTATATAACCTTTTCGATAGTGAGGTATATGATAATAAAAAAAGCCTGTTGTCACAATGGTCATAGACACGACATACTTTAAAGGCTTCTGAATATAATATTTCAGAACGCACTTTAAAGATGGACGTCGATGTCGACTAATGTGATGACAGGCTTTCATCTTTTTAAATATTCATTAATTTCTCTTCTTGTTTAATACGTACATATAAGAAATACGCATACGGTACTAATAAAATAGTTGTATATGTTGCGTGTGTTAATAATAATACACCGATTAATTCAGGAATGATGTTTAAGAAGTAATTTGGGTGTTTTGTAATTTTATATAATCCAGATTTAATAATAGGATGGTTAGGTAAAATGAATAATTTTAATGTCCAAATACCACCTAAAGTTTTAATAACCATAAATAACATGATATAAGCAAAGATTAATATAACTAAGCCAATACCATTTGCAAAGCTAAATGTATCTTTATTAATAAATGCCTCTACACCAGCCAATACATAAATTAAAACGTGTGTTATTGCTAAAAACTTCGAATTTTTAACGCCATATTCAACTGCACCGTCTGCTTTTAATTGTTTTGAGTGATTAATAGATATCTTTAAGCTGACAAGTCTGATACAGAAAAAGATAAGTAATATAGATAGAATCATGATGTCCTCCGTCATTATGTCATATGTATAAGCGTTGATTTTGACAACATAAAGTATTTTATAGATAAAACTTGTCAAATACTATTAACTATTTATTAATTTTAGTACATAAATATGTTTCTAAGTATGTGTTTATGTTCAGTATTTTGGATAATTTAATAATTTTAAGGATATTAAGCGCTTACACCGACGTGATATATTTGGCTTAACGAAAATGATTGAGGTGACAGAGATGAACTTTTTTGATATCCATAAGATTCCGAACAAAGGCATTCCATTATCGGTACAACGTAAATTATGGCTTAGAAACTTCATGCAAGCTTTCTTTGTAGTGTTCTTTGTTTATATGGCTATGTATTTAATTCGAAACAACTTTAAGGCGGCCCAACCGTTTTTAAAAGAGGAAATTGGATTATCTACATTAGAACTTGGTTATATCGGATTAGCATTTAGTATCACGTACGGTTTAGGGAAAACATTACTTGGATATTTTGTCGATGGACGTAACACAAAACGTATTATCTCGTTCTTACTTATCTTATCTGCGATTACAGTTTTAATTATGGGATTTGTTTTAAGTTACTTTGGTTCTGTAATGGGATTATTAATTGTACTTTGGGGACTTAACGGGGTGTTCCAATCAGTTGGTGGACCTGCAAGTTATTCAACGATTTCAAGATGGGCGCCAAGAACG
NZ_CP181124.1_gap12	254581	258858	4277	GATGACATTACAATCTAGAAGCGCAATATCATTGAGTAAATCGACGCCATTTTTACGTGGCATACGAATATCAGTAATTACTAATTCTGGCTGATGTTGTTGAATTAGTGATAATGCTTCAACACCATCTTTAGCAGTGTATATTGTATTGAAATGATAGTCTCCCCAAGGAATGATTTGCTTTAAACCTTCTCGAATAATTCGTTCATCATCACAAATAACTACCTTAAACATCTACATTCCCCCTTGAAAGTGGTATTTTATAACAAATTAACGTACCTTGATTACGCTTTGAAAAAATATGAAGTCGTGCATGTGAACCATATTGAATCATTGCTTTATTGTGTAAATGATTTAATCCCAAATGCTTAGTATCAAATACATCATTATTAAGAGATTGGCGTACATATTGCAGGCGAGATGACGACATCCCGATACCATTGTCGCAAACTAAAACATGTAAATTCTGACGTGCCAATGTCAGGCGTATAGTAATGTCCAATGACTCAGTATCTCTACCATGTTTAATAGCATTTTCTATGAGTGGCTGAAGCATCATTTTACCAATTGTCTGGTGACGCGCTTCTTCAGAACTTTCAATATGGAGCTTAATCATGTCATCAAAACGGATGTTTTGTATTGCAACATACTGTTCAATGTAGTTCAACTCTTCGTTTAATTCCACTGTATGTGAGTTTGTACGTAATGAGTAACGTAACATTTGCGATAATTGTTGGACCACAGTTTGTGCTAATTTCGGAGATAACGTAATTAAATATTGTATTGTTTGCATCGTATTGAATAGGAAATGAGGCTGGAATTGGCGTTCTATTTCCTTTAACTGAATATCACGCAAGCGACGTTCTGTATGCTCGATAGAATGGATCAGTTGCTCATTTGATTCAAATAAATCGTAAATATAATTATTAATTTCTTCTAGTTCACTGTTGTTTTTTAAAGGCGTATATGTACCTAGATGACGATTTTTGGCATAGTAAATTTTTTGAATAATCGTTTCGATATCTTTTGTTTGTCGTTTAGCCATATTATCTGCGCTAATGAAACCAAATATTACTAGTAAAACAAGAACTACGGCCATAACAATTAACAACGTGATACCATCTTCAATGTTTTCATGTATATCTTTATAAATAATGAGACGATGGTCAGCATGGTTTAATTTTACAGATTCATTCATAAATCCGAATTGTTGCGGTCTATACTTTTCACCTATAGTAAAACGGTCATCGTTGGCGTATAAAATATTGTCATATTGATCAACGATAAGTGCGAATTGTCGGCTATCTTTCTTAATTTCACTTAAACGTGGGGTGTTAGCCATATAAATTTTAAGCATATATGTACTATTATTGAATTTAAGCTGATGCGTTGAAAATAAATACATATTTTTAGTGTTTAAATGTTCATAATTATTGGTTATAAACTGATTTGGTCCAGATAATTCATAATAAAGTGTTGCGGGCTGTTGGTGTATTAATTTTAATAATTCACGTTTTGTAGCGGTAACATCATGATGATTTGTTAAATCGAGCTCTTGAAACGAATTATTATGCTGTGTAATAAATGTCTGAATCTGCTTTTCAGTGTGATGTAAAGATGACTGACTTTCATCAACATGTTGATGAATCGTACGATGCTCAATCCAAATATAGATGGCATAGAAGCTTACTAGTCCAATAATAATGACTAAAAATACTGGAAAAATAGTAGACGCAAATAACGATCGTCTCAATTGATGTCTATAAGGTTTGTATGCCGTCATTGAATCATCTCCAAAAATTTATGATGTGGAATGTCCGGTAATTTAGATTTCGGTATTAAAGGTATGTTCTTAAGATTTTCGATAGACTGATCGCTTTGTTCACTAACATCCTTTCGAATTGACTTGGCATCGAACTCTGCAACTAATCGTTGTTGTACTGAGCGGCTTGTTAAATATTGCACTAACTTTTTACGCTTAGGATGAGGGTGTGCATTTTTAACTAAAGCAATACCATCAACATTTAACATTGTTCCTTCAATTGGATAAACGATTGATACAGGATAACCTTTGTTTTTCCATGTGCGTGCATCTTGTTCGTAGCTTAGACCTGCGTAATATTTACCTTTTGCAACATCTTCAATGACTTTAGACGTCTTTGACAGTTGCATCGCATGGTTTTGGAATTGATGCACATCACTTACTCGATGATGCATGCTATAAATAGCGCGCATATGTTGATAGCCTGTCGTTGTTGTATTTGGATTTGAGTACGCAATTTTACCTTTAAGTATAGGTTGTAATAAATCTTGATAACCTCGAATCTTAATATCTCCTTGTAAATCTGAATTCACTACTATAACTGTTGGCATTAATAGAAAACTAGTAACATATTTATTGTTCGAGCGATAATCCTCTAATTGCTGTGTTACAGATGTATCTTGATAGGGAACAAAATCTTCTGGATGATCAATTGTTTCTGATAACACACCACCCATAAAGACGTCACCACGCTCCGAAAAATCTTCGTTATGCAAGTTTGAAAGCAGTACTTGAGTAGATCCATGTTTGATTTCAATTTTGACATGCTCTTGTTTTTCAAATTCATTTAAAATTGGACGAATCAAGTTTGATTGATACGGAGAATAAACTGTTAATACATTTTTATCTGATTCAGAGTGACGCGTATTAGCGCATGATGATAAAAAAATGAGAAATAATAGCAAGATATAAATTTTTGATTTCATGATATCCCATCAATTCTATGTATATTTTAATACAATAATTTTAGCAATAAATGACGCATAAGTAATGTTAAATATTTAGAAATGTTTATAGATGACTTGTTAAGACGTTGCAAATGTTGTGATAGCACAAAATTTTTGTTTGTCAAGACGATTTACCGAGGCTGTAAAATCAAACTGTTATATTTTATTTGTAGCTGTTATATAAAAATCGGCAAGATATTGAACGGTTCAAAAGTGAATTTTTACGTCAATAAAAGTATTTAATCCAGTCTCTTCATATATAAAAGTAAATCTTTCTAAGTGTTGATTTAACGCTTATCAACAATCATTTTTTATAAACAAATATATACTCCTAAATTAACTTTTAAAGCAATGAAAATAGTGAACATTATAACTGTTGTGTAACAGAATGCAATTAGCATATTACTGTTACACAAATTAGTACAGTTTCTATGTTTTGACATACATTTGATGAAAATTGTACATAATTTATGTGAAAAAAATCACAACAAACATGCTACAATGACTATGAAAACGTTAACATAGCATTTCAAATTCACAACATTATACAGATGGAGGCGTTTAGTATGTTAGAAACAAATAAAAATCATGCAACAGCTTGGCAAGGATTTAAAAATGGAAGATGGAACAGACACGTAGATGTAAGAGAGTTTATCCAATTAAACTACACTCTTTATGAAGGTAATGATTCATTTTTAGCAGGACCAACAGAAGCAACTTCTAAACTTTGGGAACAAGTAATGCAGTTATCGAAAGAAGAACGTGAACGTGGCGGCATGTGGGATATGGACACGAAAGTAGCTTCAACAATCACATCTCATGATGCTGGTTATTTAGACAAAGATTTAGAAACAATTGTAGGTGTACAAACTGAAAAGCCATTCAAACGTTCAATGCAACCATTCGGTGGTATTCGTATGGCGAAAGCAGCTTGTGAAGCTTACGGTTACGAATTAGACGAAGAAACTGAAAAAATCTTTACAGATTATCGTAAAACACATAACCAAGGTGTATTCGATGCATATTCTAGAGAAATGTTGAACTGCCGTAAAGCAGGTGTAATCACTGGTTTACCTGATGCATACGGACGTGGACGTATTATCGGTGACTATCGTCGTGTAGCTTTATATGGTGTAGATTTCTTAATGGAAGAAAAAATGCACGACTTCAACACGATGTCTACAGAAATGTCAGAAGATGTAATTCGTTTACGTGAAGAATTATCAGAACAATATCGTGCATTAAAAGAATTAAAAGAACTTGGACAAAAATATGGTTTCGATTTAAGCCGTCCAGCAGAAAACTTCAAAGAAGCAGTTCAATGGTTATACTTAGCATACCTTGCTGCAATTAAAGAACAAAACGGTGCAGCAATGAGTTTAGGTCGTACATCAACATTCTTAGATATCTATGCTGAACGTGACCTTAAAGCAGGCGTTATTACTGAAAGCGAAGTTCAAGAAATTATTGACCACTTCATCATGAAATTACGTATTGTTAAATTTGCT
NZ_CP181124.1_gap13	369753	371650	1897	CAACGATTAAAATGGACGCAAAGGTGATGGCATCTGTATTTGTCATTGTAGCAGATAACGAAGCGGAAGTAGCAGCATTGCAACATGCCTTAGATGTTTGGTTATTAGGTAAATTACAATTTGCAGAATTTGAACATTTTCCTTCAGTAGACACAGCACAAAAGTATAAGCTTAATGATCGAGACAAAGAGATGATTCAAGTACATCAAGCACGCATCATTGCAGGCACACAAGAACAGGTTAAAGCACAATTAGATGATTTCATTGCTACGTTTGAAGTTGATGAGGTGTTAGTAGCACCGCTTATTCCAGGTATTGAACAGCGTTGTAAAACATTAAAATTACTCGCGGAAATTTATTTGTAGCATTTTAAATAGAAGAGAAAGGATGAAGATAAGATGAAAAAGTTAGCCAATTATTTATGGGTAGAAAAAGTAGGAGATTTGTATGTGTTTAGTATGACACCTGAATTGCAAGATGATATTGGGACAGTAGGTTATGTTGAATTCGTAAGTCCAGATGAAGTTAAAGTGGATGATGAAATTGTGAGTATCGAAGCATCGAAAACGGTCATTGATGTGCAAACGCCATTGTCAGGAACGATTATTGAGCGAAATACAAAAGCGGAAGAAGAACCGACAATTTTAAACTCTGAAAAACCAGAAGAAAATTGGTTGTTCAAATTGGATGATGTCGATAAAGAAGCATTCCTAGCATTACCGGAGGCTTAAATGGAAACGTTAAAATCAAATAAAGCGAGACTTGAATATTTAATCAATGATATGCGTCGAGAGAGAAATGACAATGACGTATTGGTAATGCCATCTTCATTTGAAGATTTGTGGGAATTATATCGAGGCTTGGCAAATGTCAGACCGGCATTACCTGTAAGTGATGAATATTTAGCTGTACAAGATGCTATGTTAAGTGATTTGAATCATCAACATGTTACGGATTTGAAGGATTTGAAGCCGATAAAAGGTGACAATATCTTTGTTTGGCAAGGTGATATCACGACGTTAAAAATCGATGCTATTGTTAATGCTGCAAATAGTCGTTTTCTAGGATGTATGCAAGCTAATCATGACTGCATTGATAATATTATTCATACAAAAGCGGGTGTTCAAGTTCGACTTGATTGTGCAGAGATCATTCGACAACAAGGGCGCAATGAAGGTGTAGGTAAAGCCAAAAAAACACGTGGATATAATTTGCCAGCAAAGTATATAATTCATACGGTTGGTCCGCAAATACGTCGATTGCCTGTTTCAAAGATGAATCAGGACTTGTTAGCTAAATGTTATCTTAGCTGTCTTAAATTGGCTGATCAACATAGTTTAAATCATGTCGCTTTTTGCTGTATATCTACAGGTGTATTTGCTTTTCCTCAAGATGAAGCAGCAGAAATTGCTGTTCGAACAGTAGAAAGCTATCTCAAAGAAACAAATTCAACATTGAAAGTCGTGTTCAATGTATTTACAGATAAGGATTTACAACTGTATAAGGAGGCATTGAACCGTGATGCAGAGTAGTAAATGGAATGCAATGTCTCTTTTAATGGATGAAAAGACAAAGCAGGCTGAAGTATTGCGTACTGCGATTGATGAAGCAGATGCGATAGTGATTGGAATTGGTGCAGGCATGTCTGCATCTGACGGATTTACATATGTAGGAGAGCGTTTTACGGAAAATTTCCCAGATTTTATTGAAAAATATCGCTTCTTTGATATGTTGCAAGCGAGTTTACATCCTTATGGCAGTTGGCAAGAGTATTGGGCATTTGAGAGTCGTTTTATTACATTAAATTATTTAGATCAACCTGTAGGTCAGTCTTATCTCGCATTAAAATCCTTAGTGGAAGGTAAACAGTACCATATCATAACTACGAATGCAGACA
NZ_CP181124.1_gap14	389964	393816	3852	TGGTGAAACATTATTTGACTAAATTTGTAGCAATGCTAATAACTGCTGCTATGGTGTGTAGCTTTGGGTTACTGAAAAGTCAGGCAGCAGAACAACAAAGTATTAGTGATGTATATAGTGTGATAACGGATGCGAAATCTGCACTTTCTAATAATTCGATATCGAATGACAATAAGCAGAAAGCAATTGAGCAAGTGGTAAGTGCAGTTAAGAAATTATCGCTTGAAGATAATAGTGAAGGTAATGCTGTCAAATCAGATGTGAGAAAGCTTGAAGATGCAAAAGCGAATGATAATCAAAAAGATACACTTTCGCAATTAACGAAGTCATTAATTGCTTATGAAGAGAAATTGGCTAGTAAAGATGCGGGTTCTAAAATTAAACTATTGCAACAGCAAGTCGATGCCAAAGATGCTGCGATGACAAAAGCGATTAAAGATAAAAATAAAGCGGAATTAGAATCTTTGAACAATAGTTTGAATCAGATTTGGACAAGTAATGAAACAGTGATTCGCAATTATGACGCAAATCAATATGGACAAATTGAAGTCGCATTATTACAACTTAGAATTGCAATTCATAAGTCACCATTAGATACGGCAAAAGTGTCACATGCTTGGACAACTTTTAAATCAAATATTGATCATGTCGATAAAAAAAGTGATACGTCTGCAAATGATCAATACCATGTATCACAATTAAATGATGCGTTAGAGAAGGCGATTAAAGCTATCGACGACAATCAATTGTCGGATGCTGATGCTGCGCTTACACATTTTATAGAAATTTGGCCGTATGTTGAAGGTCAAATTCAAACTAAAGACGGGGCTTTGTATACGAAAATTGAAGATAAAATACCATATTATCAAAGTGTATTAGACGAACATAATAAATCGCATGTCAAAGATGGTTTAGTAGATATAAACAATCAAATTAAAGAGGTTGTTGGCCATAGTTATAGCTTTGTCGATGTGATGATTATCTTTTTACGTGAAGGACTAGAAGTGTTATTAATTGTAATGACATTGACTACCATGACGCGTAAAGTCAAAGATAATAAGGGGACTGCAAGTGTGATTGGTGGTGCAATTGCCGGACTTGTACTGAGTATTATCTTAGCAATTACGTTTGTAGAAACTTTAGGGAATAGTGGCATTCTTCGTGAAAGTATGGAAGCGGGATTAGGTATCGTTGCGGTCATATTAATGTTTATCGTTGGTGTTTGGATGCACAAACGTTCAAATGCGAAACGCTGGAATGATATGATTAAAAATATGTATGCCAATGCGATTAGTAATGGTAATTTGGTATTGTTAGCGACGATTGGTTTAATATCTGTGTTGCGTGAAGGTGTTGAGGTTATCATTTTCTATATGGGGATGATAGGTGAGCTAGCGACAAAAGATTTTATTATTGGTATTGCCTTGGCCATAGTGATATTAATTGTCTTTGCGGTATTATTTAGATTTATCGTCAGATTGATACCTATATTCTATATATTTAGAGTATTGTCGATCTTTATTTTTATTATGGGATTCAAAATGCTTGGCGTAAGTATTCAAAAGTTACAATTATTAGGTGCGATGCCAAGACATGTTATTGAAGGATTCCCAACGATTAACTGGTTGGGCTTCTATCCAAGTTATGAACCATTGATAGCACAAGCTGCTTATATTATGGTAGTTGCTATCTTAATCTTTAAATTTAAAAAATAAAAAACAGGCCGAGTGCCTGTTTTTTTGTTGCTGTATTGCGGATTATCGTAGCATTGTTGAGATGTGGATATCGCTGCATGGTTGGTTCTCGTTGTATTGCAGATATCACGGTTTAATCCGATTCTGTATTCTAATTAACGCAAGTGCAGTATTGATATAATCTGAGGTGCTACATTGTTCTTTTATTGGCTATTGTGATGTTGCTGCATTGTGAGTATCACAGCATTAATTCGTATAAGGTTAATGTGTTGGCGGTTTGCCTCGGCATGTGAACTTAACAATGAACATACTGAACTCAAAGAGCAATATGAGTGGCAATGTAAGTAATATATTTAATGTTAAATCGGGTGGTGCAATGATACTTGCCAGCACAAAGCAAGCGAAATAAATATATTTTCGATAATGCTTCAATGATGTGATATCTATAAGACCGAATTTTGCAAGTCCTATGAATAATATTGGCAATTGGAATAAAATGCCAAAAGTGAAAAGCCAACGGATAAGTTCAACTAAATACGCTTTAAAGCCAATGACAGGCGAAATGTTTAAAGTTAATGATAATTTTAACGCGAATTGAATGATTATTGGAAAGCCAACATAAAATGCAAAAGCGATGCCAGCACAGAATAATAACACGCTGAAAAAACTATATTTATAAATAAATTGACGTTCATTATTATGTAATCCAGGTGCAATGAATGCCCACAATTGATAAAACATGACTGGTGAAATGAAACAAAACGCGATGAAAAATATAATCATCACGTATATTTGGATCATTTCTGTGAATGAAAATGCATGTAAGGACACATGTGCACGGGTAATATACGTTATGAATGGTGTCATCCACCAAAATGATGAAACATATACGACGATGACTGTGACGACGAACGACAATAGTATTTTAACTAAACGATGACGTAGCTCGCTAAAATGAACTAGTAAGGTGTGGTCAGTGCTATTGCTCTCGCTGTTGTTTCGATTCCTTACTGGGTGTGTCGTGAGACTCTTTGTCTAAATCTTCTGTTGCAGATTTAAATTCTTTTAAAGTAGAACCGATAGCACGACCAAATTGTGGTAATTTTTTCGGACCAAAAATAATTAAAGCGATAATGCTAATGACGACAAGACTTGTTGGGCCTGTGATGCCTAAAATAAAAGTGTTAGTTATCATGATAATCAACCTCACTCATAAGTAGTATATAGTATTTACTTTATACCGAACGATAATGATTATCAATAAAATTTTATAAAATAATTAAAATGTTGCTGTAAATACAAATTACTGAGGTATTAATTCTGAAATAATAGCTTGTTCTTTCAAGTCGATATAAGTACAAGTACCAGCTTGAATATCGATATGCCATTTATAAATGCCAGCTTCAGCCATTTCATCACAAAATGTTTCGAAATCTGTTTGTCCTTGTTGATGTCTAGTTAATACATCTTGAACTATTGTTTTGTTTGATTTTTGAGCAACAGGATGATTACTTTTCACAGATGACGTAACGATATCATCTTCTGATTGATGTACGTATGTTGCAGTGCCATCTTGAATGTTGACGATATTGTAAGTCATCCCCATATCTTTAAAAGCTTTGAATAGTTTTGGAAAGTCAACACCAGTAAATTGTTGATGTGCTTGTTGAATTGCAGATAATGTAAATGCCATAATAGTCTCCTTTGAATGGTTTGATTTAGTGAAAATGCGTGCATCATACTAAAATTAGAATGCTGTTAATTATGCAGGAAGGTGTAACGAAAGTAAACAATTATGACTTGTAGGCGTTGAGGTGTTGTTTCAAAATGTCATACATAGGTGGACAATCATATTTTTTTGTGTAGATTTGACAAATATAGTTGTCAAAAAGACAAATATCATTTACATTAGGACTAAGGAGTTGATGCGATGTGCGTAATCGATTGAAAGAGTTACGAGCACGAGATGGCTTAAATCAAACGCAGCTTGCCAAACTAGCTGGTGTTTCAAGACAAACCATTTCGCTAATTGAGCGAAACAATTTTATGCCATCAGTATTAACGGCAATAAAGATTGCTCGCATTTTCAATGAAACGGTGGAAACGGTTTTTATTATTGAGGAGGATGAAGCATGAAAATACTAAGATATATCGGATA
NZ_CP181124.1_gap15	397616	400419	2803	AGAGGTGACTGCAAGGTAATTGCGGAATTAACAATCATCAGCGATTTAATATTTGACTGGAGACGTCATGGTAATAAAAAATTGATGAGAAATTGATGGTGAAACCAGCTGTGAATAGCGATGCAATGATAGATAGAATTTAATTAGAGTCATTACGCGAAATGATTAATGATAATTTGTGGTAAATCAAAGCATAATTTTGTACTATAGATGAGGATGATAGAGCATATTTAAGAGTGTGAAATGTTAAAGTGAAACCGTTTACGTTTCCGATTGCCCAAACAAATTACATCATTGTATAATATGATTTGTTAAATGCATAACAAGAATGAAAATGTAACATACGTAGCAATTGGTTTCATAAATTGGATGTTAGTGGCGTATTGGTTCATTAGACGTATTAGTAATAAAATTGTATATATCATAAGGAGATGAATATGACATGACGAGAGTCGTATTAGCAGCAGCATACAGGACACCTATTGGCGTTTTTGGAGGTGCGTTTAAAGACGTGCCAGCCTATGATTTAGGTGCGACTTTAATAGAACATATTATTAAAGAGACGGGTTTGAATCCAAGTGAGATTGATGAAGTTATCATCGGTAACGTACTACAAGCAGGACAAGGACAAAATCCAGCACGAATTGCTGCTATGAAAGGTGGCTTGCCAGAAACAGTACCTGCATTTACAGTGAATAAAGTATGTGGTTCTGGGTTAAAGTCGATTCAATTAGCATATCAATCTATTGTGACTGGTGAAAATGACATCGTGCTAGCTGGCGGTATGGAGAATATGTCTCAGTCACCAATGCTTGTCAACAACAGTCGCTTCGGTTTTAAAATGGGACATCAATCAATGGTTGATAGCATGGTATATGATGGTTTAACAGATGTATTTAATCAATATCATATGGGTATTACTGCTGAAAATTTAGTAGAGCAATATGGTATTTCAAGAGAAGAACAAGATACATTTGCTGTAAACTCACAACATAAAGCAGTACGTGCACAGCAAAATGGTGAATTTGATAGTGAAATAGTTCCAGTATCGATTCCTCAACGTAAAGGTGAACCAATCTTAGTCACTAAGGATGAAGGTGTACGTGAAAATGTATCAGTCGAAAAATTAAGTCGCTTAAGACCAGCTTTCAAAAAAGACGGGACAGTTACAGCAGGTAATGCATCAGGAATCAATGATGGTGCTGCGATGATGTTAGTCATGTCAGAAGACAAAGCTAAAGAATTAAATATCGAACCATTGGCAGTGCTTGATGGCTTTGGAAGTCATGGCGTAGATCCTTCTATTATGGGTATTGCACCAGTTGGCGCTGTAGAAAAGGCTTTGAAACGTAGTAAAAAAGAATTAAGCGATATTGATGTATTTGAATTAAATGAAGCATTTGCAGCACAATTATTAGCTGTTGATCGTGAATTAAAATTACCTCCTGAAAAGGTGAATGTTAAAGGTGGCGCTATTGCATTAGGACACCCTATTGGTGCATCTGGTGCTAGAGTTTTAGTGACATTATTGCATCAACTGAATGATGAAGTTGAAACTGGTTTAACATCATTGTGTATTGGTGGCGGTCAAGCTATCGCTGCAGTTGTATCAAAGTATAAATAATAAGAAAACAGGTTATCACAACAGTATTAATTACATGTTGGCATAACCTGTTTTTATTTGTTTATGGATTTATTGGGTAATATTAGTCATTTGATGGTTTAATTGCAAATGCTCTAACAGGGAACCCAGGTGCATCTTTTGGTTTAGGGCTGATAGCGTAAATGATGGCGCCACGAGTTGGTAATTGATCTAAATTAGTTAATAACTCGACTTGGTATTTATCCTGACCAAGAATATAACGTTCGCCAACTAAATCACCATTTTTTACAACGTCCACAGATGCATCGGTATCGAATGTTTCATGACCAACAGCTTCAACACGGCGTTCTTCAATTAAGTACTTCAAAGCATCTAATCCCCAACCCGGTGCATGTTGTTGTCCGTTCGCATCTTTGTTTTCAAACTTTTCAATATTAGGCCAACGTTTTGACCAATCGGTACGAAGTGCAACAAAAGTGCCAGGTTCAATAGTACCATGCTCTTTTTCCCATGCTTCTATATGCGCACGTGTTACGATGAAATCATTGTTGTTCGCTACTTCTGTTGAAAAGTCTAATACAATTAACGGCAATACCAATTCTTTTAAATCAATGTCTTCTAAATAACGTTTGTTCTCGACAAAGTGGATTGGTGCATCAATGTGAGTACCATATTGCGTTACAATATTCCAACGTTGCACATAGAAACCATGATCTTTAACCGTGAATAAAGTTGAAACTTCACCTTTTTCAAACTCACTAAAACGTGGTATTTCTGGATCAAATGTATGCGTTAAATCAACCCAAGTTGCTTGTTTTAAAGTATTTAATTGTTGCCATAAAGGATATTGTGTCATAAAATCACCCGTTTTTAGTTTATTATATGATAAATGCTGCGATTATTCTTGGCGTTTAGCTTTAACAGCATTCACAAGTACAGTCAATGCATCTTTAACTTCTTCTTCTTTTCGCGTTTTCAAACCACAGTCAGGGTTTACCCAGAATAATGAGCGGTCGATTTGTTGTAGTGAACGATTGATTGCTGTAGTAATTTCTTCTTTTGTTGGAATACGTGGACTATGAATATCATATACACCTAGACCGATACCTAAATCATAATTAATATCTTCAAAGTCTTTAATTAAATCACCATGGCTACGAGATGTTTCAATTGAAATAACATCAGCATCTAAGTCATGAA
NZ_CP181124.1_gap16	401842	403136	1294	ACCGCCTTTTGATAATTTAACAAAAGTAATCGGACCAACAATGACAGGGTGAGCGTTAACGTTTAAAGATTGGGCATATTTAAAGCGATCTAATAATACATTGCGACTCACTTTAGGCTCAACATTGTCCCATTCAGGTACGATGTAATGATAGTTAGTGTTAAACCATTTTATAAGTGCACTTGCAACATGGTCTTTATTACCGCGAGCAATATCAAATAATAAATCATCATCAATAGTTCTTCCTTGGAAACGTTCAGGGATGATGTTGAATAATAATGACGTATCTAATATATGGTCATATAAAGAGAAATCACCAACTGGGATGCTATCTAAGTGATAGTACTTTTGTAATAATAAATTTTCTTTATGTAGATCAGTTAATGTTTGATCTAATTCTTCTTTAGAAATCTTCTTTGCCCAATAACTTTCGATGGCTTTTTTCCATTCTCTTGTTCTACCTAATCTTGGGAATCCTAAGTTTGATGTTTTAATTGTTGTCATAATATTGCCTCCTTGTGAGCAGTAATAGATTTTGAGTATGCTGCAAGTTCTAATGAATCTTCGACATTTTGAAACGGTGTGATAATGTATAAACCATTAAAATATTCATGAACAGTATCGATTAAATCCTTTGAAAGCTTAAGACTTAGTTCTCGTGTTTTGGCTTTATCATCTTTAACTGCTTCAAATTGTTGTAAAATTTCATCTGACATCTTGATTCCTGGCACTTCATTATGCAAAAAGAGTGCGTTTTTGTAACTTGCGATAGGCATAATGCCTATGAAAAATGGTTTGTTCAAGTGCTTAGTGGCATGGTAAATTTCAATGATTTTCTCTTTGCTGTACACGGGTTGTGTTATAAAATAAGACATTCCGCTTTCTATCTTTTTCTCTAATCTTTTGACGGCACCATCTAATTTACGAACATTAGGGTTAAAGGCGCCAGCGATGTTGAAGTGTGTACGTTTCTTCAGCGCATCACCGTCAGTGTTAATACCTTGATTAAATCTTAGAGCGAGTTCAGTTAATCCTTTAGAATTAACATCATAGACATTGGTTGCACCTGGTAAGTGACCAACTTTTGAAGGATCACCAGTTATGGCTAATATTTCGTTAACGCCAATGAGCGATAATCCAAGTAAATGGGACTGCAAGCCGATTAAGTTTCGGTCTCGACATGTAATATGTACGAGTGGTTCAATATTGTAATATTGCTTAATTAAGCTAGCAGCAGCAATATTGCTAATTCTGACAGTTGCCAATGAATTATCTGCGAGTGTTACCGCATCTA
NZ_CP181124.1_gap17	407098	408846	1748	GATCAACGTATTACTAAAACAAAAGATGAACAAATTAAGCAAATAGATATATCGGATATCAAACCGAATCCGTATCAGCCCCGAAAAACTTTCGATGAAAATCATTTAAATGATTTGGCAGATTCAATTAAGCAATATGGAATTTTGCAACCAATTGTGCTTAGAAAAACAGTTCAAGGTTATTACATTGTAGTTGGTGAAAGAAGGTTTAGAGCTTCGAAAATTGCTGGTCTAAAATACGTATCAGCGATTATCAAAGATTTAACAGATGAAGATATGATGGAACTGGCGGTCATCGAAAATTTACAACGAGAAGACTTAAATGCGATTGAAGAAGCTGAAAGTTATCAACGTTTGATGACAGATTTGAAAATTACACAACAAGAAGTAGCGAAGCGATTGAGTAAGTCGCGCCCGTATATAGCGAATATGTTGAGGTTATTACATTTGCCGAAAAAGATTGCTGACATGGTAAAAGATGGGCGACTGACAAGTGCACATGGACGAACGTTATTGGCAATTAAAGATGAACAACAAATGCTTAGGTTAGCGAAACGGGTTGTTAAAGAAAAGTGGAGTGTTAGATATTTAGAAAACCATGTTAATGAATTAAAAAATGTTTCGTCAAAGTCGGAAACAGACAAAGTAGATATAACTAAGCCTAAATTTATAAAGCAACAAGAACGACAGTTGCGAGAACAGTATGGTACCAAAGTAGATATATCAATAAAAAAATCGGTTGGTAAAATCTCATTTGAGTTTGATTCACAAGATGACTTTGTGAGAATAATTGAACAATTAAATCGTAGGTATGGTAAATAGTTACACAATTTTATATAATAACTCTTTGTGAATCTATAGATATATTGATAGTTATCTATATTCTTTGAAGATGATGCGACTTCAGTAGGTTGGAAGAATACAACAATATTAATAAAATTATTTGAGACTATATAGAAGGGAGTAACGCTAATTATGGATCAAGTTATGAGTATTATTTCATCGCTATTCGAACCATTAACTAAAATTGAAACATATGAAAATATTGCAACTAAAATCGCTATGATTGTTATTTATATTATCGTAGCCCTCATAGTTATTAAAATACTGAATAAAATGATTGAACAGGGATTTAAGATTCAAAATAAAAGTAAAAAGAGTAACAAAAAGCGCTCTAAAACTTTAATATCTCTTGTTCAAAATGTAGTGAAGTATATCGTTTGGTTTATAGTTATTACGACGATTTTAAGTAAATTTGGCATTAGTGTTGAAGGTGTTATTGCAAGTGCTGGTGTCGTAGGTTTAGCAGTAGGTTTTGGTGCGCAGACCATTGTTAAAGACGTTATTACTGGATTTTTCATTATATTTGAAAGCCAATTTGATGTAGGTGATTATGTTAAGATAAACAACGGTGGTACAACTGTAGCAGAGGGAACAGTTAAATCAATTGGACTCCGTTCAACACGTATTAATACAATATCTGGAGAACTTACAATCTTGCCAAATAGTAGCATGGGTGAAATAACGAATTACTCAATTACGAATGGAACAGCAATTGTTAAAATTCCAGTATCTGTAGATGAAAATATTGATAATGTTGAGAAGAAATTAAACAAATTATTTACATCTCTGCGTAGTAAATATTATTTATTTGTAAGTGATCCTGTTGTGATTGGTATTGATGCCTTTGAAGATACTAGAGTAATATTAAGGGTTTCAGCAGAAACAATACCAGGTGAAGGTTTCTC
NZ_CP181124.1_gap18	413792	417685	3893	GTCGAAACAATCCAGTAACTCCTTAACTTCATTATCTTCTAATGTGTTACTATGTTTAGCTAGTAACGCATCACTATAGGGATATCTATTTTATCTATTACACATATAACTTTGAATTGCTTGCTATTTTAAATTAACAAATTTTATTCTCTTAGATTTTGTCCAATTATGTGTAGACGATTTATAGTTATTAAATTCAGAGTGGTAGCAAATTAAAGTTAATCAAGAGTTAAGATGAATTTAATTCATGAACACGTCTATTATTTTTATAATTGTAGCAAATAAAGCTTTACATCAAGGAGGTAATTAAATATGTTCAAAAAATATGACTCAAAAAATTCAATCGTATTAAAATCTATTCTATCGCTAGGTATCATCTATGGGGGAACATTTGGAATATATCCAAAAGCAGACGCGTCAACACAAAATTCCTCAAGTGTACAAGATAAACAATTACAAAAAGTTGAAGAAGTACCAAATAATTCAGAAAAACCTTTGGTTAAAAAACTTTACGATAGATACAGCAAGGATACAATAAATGGAAAATCTAATAAATCTAGGAATTGGGTTTATTCAGAGAGACCTTTAAATGAAAACCAAGTTCGTATACATTTAGAAGGAACATACACAGTTGCTGATAGAGTATATACACCTAAGAGAAATATTACTCTTAATAAAGAAGTTGTCACTTTAAAGGAATTGGATCATATCATAAGATTTGCTCATATTTCTTATGGCTTATATATGGGAGAACATTTGCCTAAAGGTAACATCGTCATAAATACAAAAGATGGCGGTAAATATACATTAGAGTCGCATAAAGAGCTACAAAAAGATAGGGAAAATGTAAAAATTAATACAGCCGATATAAAAAATGTAACTTTCAAACTTGTGAAAAGTGTTAATGACATTGAACAAGTTTGAAATTAAGTTGAATTAGTATATACAGTGTTTTATTGCTAATACTTTGAAAGTTAGGTATCTAAAGGTGCCTAGCTTTCTTTGTTATGATTAGCACTATCATATAGAAAATTCTTTAATGACGTTTATGCCGAAATCTACAAATATAATTTCTCTTTTATGGTTAATCAATATGTTTTTACATTCGACAACCTTAAAATTAACTTCTTTCAATTCCATAATAAAGTCTCTATAAAATAACTTAGTTTAAAAACGATTCGTATCTTTCAGGTTCAAATACCATCATTTTCTCCTAATACTTACACTTTAATTACAATTATGTAAGTTGTTTTCAGAGGCATCCTATTTTATATTTTGTCAGAGGTGATCTTTTGAAAACGATTTTAAAAACAATAACATATCTTGCACTTACTATCATTGGCGCTTATGCTGCTTTATTCATTTTAAAAACAATAGACTCTCATGGTATAACAGATCAATTTAACCCATTAGTAAAGGAAGATGATTCTTATGTTAAAACGACAGAGGTGTCTACTAGAATGGATGATCAACTCCGAAGTTATACTCAAAGTGCTTTTAATAAAGAAGGGAAAGAGACGCAATTAATGTATACTGCTACATTTGATGTTAAACCGCATAGATACTTGAAAATTACACATAAAGGTCATCATGTAGAAACTTTTGAAGAAGTTGAAAAGGAAGAAGTACCAAAGAAAGCATTAGACAAACTGAGTCGATAATAGCATGCTTATATTACATGGTTCATTTATAAAAGGAGTACGAACGAAAGTAACGCATGACGATTAATTTAAAAATATTTGTAATAATTATGAATAAAATTAAAAACAAGGGGTAATACAATCTATATAGCATATAAGCTTTTGTTATGAGTTTCAAAAATAGGAAGAGAGAGTGATATTATGAAATTAAAATCATTAGCAGTGTTATCAATGTCAGCGGTGGTGCTTACTGCATGTGGCAATGATACTCCAAAAGATGAAACAAAATCAACAGAGTCAAATACTAATCAAGACACTAATACAACAAAAGATGTTATTGCTTTAAAAGATGTTAAAACAAGCCCAGAAGATGCTGTGAAAAAAGCTGAAGAAACATACAAAGGCCAAAAGTTGAAAGGAATTTCATTTGAAAATTCTAATGGTGAATGGGCTTATAAAGTGACGCAACAAAAATCTGGTGAAGAGTCAGAAGTACTTGTTGCTGATAAAAATAAAAAAGTGATTAACAAAAAGACTGAAAAAGAAGATACAGTGAATGAAAATGATAACTTTAAATATAGCGATGCTATAGATTACAAAAAAGCCATTAAAGAAGGACAAAAAGAATTTGATGGTGATATTAAAGAATGGTCACTTGAAAAAGATGATGGCAAACTTGTTTACAATATCGATTTGAAAAAAGGTAATAAAAAACAAGAAGTTACTGTTGATGCTAAGAACGGTAAAGTATTAAAGAGTGAGCAAGATCACTAAAAAGATTCGTTGCATTAACGCTTGTAAAATGTCTTAATTCATATTAATTAATAAAATACCCTCACAATACTTATGCATAAGTCCTGTTTGACGTGAAAGGATATATGCCAAACGTGTTGTGAGGGTTTAATTGCATCTATTTATCCATGCGAATATCGACTTCTTCTAAATGTTTCTGATATTCTTTAACCTTACTTTCTAAAAACATTTCATATGGTGCATCAAAGAAGTCAGCTAAATGCATGGCATCTTTAAATTTAGGTTCATGATGATGATTCTCCCATTCCCAAATTTGATGTGCTTCATATTTAGTACCATATTTCTCATTTAATTGCTGTGCTAATTCGTCAATTTCTAAATTATGTTTAGTTCGTAAGTTATATAAAATATGCATATTCATTGTTCATTAACCTCGCTTCTTGATTTAAAATTCAAAGATGCTCTAATAATATGTGTATATTCTAGTCCTATAACATAAAATAATCAAGCTATGAATTCGGCAGAAAAAATAATGTAAATGTATATGATATTGCCAGTACAGAGACTTTAAATAACGATAGCTACATTGAATAAAATTGATATTCAATTACTACTTTTAAAAATATTTGGATAAAAATAATTTGAATTTGTTTTAGAATTGTAAATAAGGGGTACTACTTAGAATAACGCAAAATAAATAGAAAAAGGAGACTGAAAATTATGTTTGGATTTATTGGAATGTTAATTGTCGGTGGCTTAATTGGATGGGCTGCTGGTGCTATTATGGGTAAAGATATCCCAGGTGGTATTTTAGGCAATATTATCGCAGGTATTATTGGATCATGGGTAGGTGGCAAACTATTCGGACAATGGGGTCCTGAATTAGGAAGTATTTACATCTTGCCAGCATTAATTGGTTCAATTATCTTAATTGCAATCGTAACGTTAATTTTAAGAGCTATGCGTAAATAATAAAAAAATTCAATTGGAAATTGAAATAAAGATGGCATTCAGTTGTCATCTTTTTTATTTGCGTGAAAATGGTCAATATGTATTATAATATTTGAAAATGTAGATAAGATAGGATAAAAAAGTAATAAATTAATATGAGGAAATTTTGGAAATAAAAAAGCGAGTATTTGACAAATAAAAAAAGGATGACGTTGGGTTGCGCCATCCAGGAGTATTATGTTCATGAATATAAAAGACTGTGTAGTCATTTAAGAACTACACCCATATAGTAACACATCACTTGATTAAAGACAATACTATTTTTAGAGTCATTAATTTAAAATATGAATTAATTCTTTTTTTAGAATAGAATATTAAGATTGATATCGAATTAGTAGTCAAAGTGTTATGGTAGATATGAAATACATAAGGTAAGGAGTAATATTATGACGATTTATTTAGTTAGACATGGCGAATCAAAATCGAATTATGATAATAAACATTTTCGATCTTATTTTTGTGGACAATTAGATGTGCCGTTAACGGATA
NZ_CP181124.1_gap19	607260	610929	3669	AACTGATGAATTTAAAAATAAAATGACGTATGGATCAAATCAAAGTGTTAATCTTGATTTTGGTGATATTACATCAGCATATGTTGTAATGGTTAATACAAAATTCCAATATACAAATAGCGAAAGCCCAACACTTGTTCAAATGGCTACTTTATCTTCAACAGGTAATAAATCCGTTTCTACTGGCAATGCTTTAGGATTTACTAATAACCAAAGTGGCGGAGCTGGTCAAGAAGTATATAAAATTGGTAACTACGTATGGGAAGATACTAATAAAAACGGTGTTCAAGAATTAGGAGAAAAAGGCGTTGGCAATGTAACTGTAACTGTATTTGATAATAATACAAATACAAAAGTAGGAGAAGCAGTTACTAAAGAAGATGGGTCATACTTGATTCCAAACTTACCTAATGGAGATTACCGTGTAGAATTTTCAAACTTACCAAAAGGTTATGAAGTAACCCCTTCAAAACAAGGTAATAACGAAGAATTAGATTCAAACGGCTTATCTTCAGTTATTACAGTTAATGGCAAAGATAACTTATCTGCAGACTTAGGTATTTACAAACCTAAATACAACTTAGGTGACTATGTCTGGGAAGATACAAATAAAAATGGTATCCAAGACCAAGATGAAAAAGGTATATCTGGCGTAACGGTAACATTAAAAGATGAAAACGGTAACGTGTTAAAAACAGTTACAACAGACGCAGATGGCAAATATAAATTTACTGATTTAGATAATGGTAATTATAAAGTTGAATTTACTACACCAGAAGGCTATACACCGACTACAGTAACATCTGGTAGCGACATTGAAAAAGACTCTAATGGTTTAACAACAACAGGTGTTATTAATGGTGCTGATAACATGACATTAGATAGTGGATTCTACAAAACACCAAAATATAATTTAGGTAATTATGTATGGGAAGATACAAATAAAGATGGTAAGCAGGATTCAACTGAAAAAGGTATTTCAGGCGTAACAGTTACATTGAAAAATGAAAACGGTGAAGTTTTACAAACAACTAAAACAGATAAAGATGGTAAATATCAATTTACTGGATTAGAAAATGGAACTTATAAAGTTGAATTCGAAACACCATCAGGTTACACACCAACACAAGTAGGTTCAGGAACTGATGAAGGTATAGATTCAAATGGTACATCAACAACAGGTGTCATTAAAGATAAAGATAACGATACTATTGACTCTGGTTTCTACAAACCGACTTACAACTTAGGTGACTATGTATGGGAAGATACAAATAAAAACGGTGTTCAAGATAAAGATGAAAAGGGTATTTCAGGTGTAACAGTTACGTTAAAAGATGAAAACGACAAAGTTTTAAAAACAGTTACAACAGATGAAAATGGTAAATATCAATTCACTGATTTAAACAATGGAACTTATAAAGTTGAATTCGAGACACCATCAGGTTATACACCAACTTCAGTAACTTCTGGAAATGATACTGAAAAAGATTCTAATGGTTTAACAACAACAGGTGTCATTAAAGATGCAGATAACATGACATTAGACAGTGGTTTCTATAAAACACCAAAATATAGTTTAGGTGATTATGTTTGGTACGACAGTAATAAAGACGGCAAACAAGATTCAACTGAAAAAGGTATCAAAGATGTTAAAGTTATTTTATTAAATGAAAAAGGCGAAGTAATTGGAACAACTAAAACAGATGAAAATGGTAAATACCGCTTTGATAATTTAGATAGCGGTAAATACAAAGTTATTTTTGAAAAGCCTACTGGCTTAACACAAACAGGTACAAATACAACTGAAGATGATAAAGATGCCGATGGTGGCGAAGTTGATGTAACAATTACGGATCATGATGATTTCACACTTGATAATGGCTACTACGAAGAAGAAACATCAGATAGCGACTCAGATTCAGATAGCGATTCAGACTCAGACAGCGATTCAGATTCAGACAGCGACTCAGACTCAGATAGCGACTCAGATTCGGACAGCGATTCAGACTCAGATAGCGACTCAGACTCAGACAGCGATTCAGACTCAGATAGCGACTCAGACTCAGATAGCGATTCAGATTCAGACAGCGATTCAGATTCAGACAGTGATTCAGATTCAGACAGCGACTCAGATTCAGATAGCGATTCAGACTCAGACTCAGATAGCGATTCAGATTCAGACAGCGACTCAGATTCGGACAGCGACTCAGACTCAGACAGTGATTCAGATTCAGATAGCGACTCAGACTCAGATAGCGACTCAGATTCAGACAGCGATTCAGACTCAGATAGTGACTCAGATTCGGACAGCGATTCAGACTCAGATAGCGACTCAGATTCAGACAGTGATTCAGACTCAGATGCAGGTAAGCACACACCTGTTAAACCAATGAGTACTACTAAAGACCATCACAATAAAGCAAAAGCATTACCAGAAACAGGTAATGAAAATAGTGGCTCAAATAACGCAACGTTATTTGGCGGATTATTCGCAGCATTAGGATCATTATTGTTATTCGGTCGTCGTAAAAAACAAAATAAATAATACAGCTTATACCAGGTCCGTGAGGCCTGGTTTTTTATTTCAAAATTTATGAAATGTATCTTATGTTTGAGATTAAATAGTGCAATTTTTTAAAAAATATAACATAAATCAACATAAATTTAATTCATCTTTACATTAAAAGTACAAACGAATAAGAAAAGCAATTAAACACAGTATCAAACCATTTAAAACAATTGATATAAAAAACAAACGAATAATTAAAAATTACTAGAATTAATTTATTCAAACCAAAGTGTAAAATAACAGTCTTAGATAAATAAATTTATTTAAAGTATTGTGCTTTATCTAAAAATGTATTACGATGGGAATACAAATTTTTATATGTAAAAATATTAATTTTTTGCAAATATTGATATTTTAAAGGAGATTTATATGATTAACAGGGATAATAAAAAGGCAATAACAAAAAAGGGTATGATTTCAAATCGCTTAAACAAATTTTCGATTAGAAAGTATACTGTAGGAACTGCATCGATTTTAGTAGGTACGACATTGATTTTTGGTCTAGGGAACCAAGAAGCTAAAGCTGCTGAAAACACTAGTACAGAAAATGCGAAACAAGATGATGCAACGACTAGTGATAATAAAGAAGTAGTGTCGGAAACTGAAAATAATTCGACAACAGAAAATGATTCAACAAATCCAATTAAGAAAGAAACAAATACTGATTCACAACCAGAAGCTAAAGAAGAATCAACTACATCAAGTACTCAACAACAGCAAAATAACGTTACAGCTACAACTGAAACTAAGCCTCAAAACATTGAAAAAGAAAATGTTAAACCTTCAACTGATAAAACTGCGACAGAAGATACATCTGTTATTTTAGAAGAGAAGAAAGCACCAAATTATACAAATAACGATGTAACTACAAAACCATCTACAAGTGAAATTCAAACAAAACCAACTACACCTCAAGAATCTACAAATATTGAAAATTCACAACCGCAACCAACGCCTTCAAAAGTAGACAATCAAGTTACAGATGCAACTAATCCAAAAGAACCAGTAAATGTGTCAAAAGAAGAACTTAAAAATAATCCTGAGAAATTAAAAGAATTAGTTAGAAATGATAACAATACAGATCGTTCAACTAAACCAGT
NZ_CP181124.1_gap20	675832	680507	4675	TTCATAACTTGTACACGATACTTATTAAGTTCCCTATTTAAATGTTGAACGATATGGAATCTGTCAAAAATAATAGCTGCATTAGGAAATAGGTCGCGAAATAATCGGACATAGGGTTCATACATGTCAATAGTAACCGTCTTAACTTGTTGTCGATTTTTTAAATCGAATCGCTCGAAATAGGCACGCAAGAATCTTGTAGTTCTATTTTCTAAAATATCTATAACATCATGAGTATCATTATCTATAAAAATGAAACTCATTGATCCAGTTACATTTTTAACGCTTTTAAATTCATCCATAGCGATGTGTTCTGGCAAACAATTAAACGGTTTAATTCGTAATGAATTAGCCGCTTTAGTTCTAATACGACTTACAGTAGATGGAGAGATACAGTTATCTTCTGCAGTATCAATCTCTGTTTTAACTTTAGTAGCTTCTTCTATAACTTTTTGAGTAACACATCTTGAGATAAAACACGACTCATCAACAATTGACGTTTTAGCAGTAAAAGTGCCATTGCATTCTAAGCATTTAAAACGTTGTTTAGCTAAGTTGAGGTATGTGTTATACCCTTGAGTTTTAAGTAAAGTAATACGAGAAACACGCTTACCATGTTTATGAATTTGTCCTTCATTTTTAACTCCACAACAATAACAGGCCGAAGGCTTATACGTTAGTACAGCATTAACCACTGTTGCTTTTTTTCCTTTGATAATGACGTCAATTTCTTGGTTTATATATTTTATATTTTCATCTTTTATTCTTAGTAATTCTAAGGTATCATTACACATAGGCGCACTTGTCTCCTTTAGTTTGGGTTTGGTCACTTTAAATTATAGAGGCAATTGCGCTTTTTGTGTATTAAAAAAAGCAGGAAGTTTTACCTTCCCACCATAAAATATGAAGAACCTGAAAAACTGAAGGGCTTTTCATCAATCCCTTTTATTTTAGGGGAATTGAATAGATAGTTTTAAACTATACGAATTATTAATATTTGAGATTTAATTGAAATAAGTTTTAAAAATTGGAGGAGATAGATTAATCGAAGTCATTTAAAGATGAAGATAAGTGCATTCACAAAAAATAGCCACACTCATATGACATCGGATGAGTGTGGCTTAAGGATCTATGGGGGGAGGAAACCATAGATGTTTACTTTGATAGGCCAGATTAAATATCAAAGTATGCGATTATTTATAGCTTGATGCAAAAGTGGTATGCCTATTAAAAGTTACTGCACATAGCTTTTAATATTCCGTTCAAAGGAAAGGGGCATACAATTGAACAATCTGTAATAGTACTTTTAACCAGCTATGCTAAAAGTCTAGTAGGGAGAACAGTTGTCCAATCACATAAGAACCTCTAACTTCGTTAGTACGATTAAGAAAAGCTTTTTAGTTAGTATGTAATACAATTTATTGACGCGCGTGAATCTCTTTTATAAGAGTGTGTAGGGAATGGCGTTGTATAAATTGTATTAGAAGAACTTCTAACGCATCTCTGTGGTTAAAAGAGATGAAGGGAACGACAGTTTAATTAAAACTGCATAAGAACTTCTAGCTTTTCTCTTTCGTTCAAAGAGAAGCAGCTGTTCGCAGTTTAATCAAAACCACATAAAGCTTTTAACTTTACTCTTTGATTTAAAGAGTGACAAATGTTTACAGTTTAATTAAAACTGCATAAGAACTTCTAGCTTTTCTCTTTCGTTCAAAGAGAAGTTCTAATACCACCATATCGTGCGATCGGGAACGGTATATATATTAATAGGAGGGTAATATATATTTAACGCACGATATGGGACTATTAGCCTTCGACTTTGTTATGTTGATGTGTAGCCTAAAATATTGGAGATACCAATATTTTAGGTTGCATCAACATCAATTCATCTTACTTCATTAAAACACAGCGTGTTATTTCATGCTTCCGTGTACAGTTTCAATATTTGATTTCATCATTTTGTAGTAAGAGTCACCTTTAGTGCCTTCTTTACCGATTGAATCTGTGTACACTTCACCAAAGATATCTTTCTTCGTTTCTTCAGATAAACTTTCCATTGCTTTCTTATCAACACTTGTTTCTACTAATAAGTGTTTTAATTTGTGCTTTTTAACAAACTCAATAGCTTGTCTCATTTGTTCAGGTGTACCTTGTTTTTCAGTGTTAATTTCCCAAATATAACCTGGTGTAATACCGTATTGTTTTGAGAAGTACTTGAAGGCACCTTCACTTGTAATCATGGCACGTTGTTCTTTTGGAATGTCATTAAATTTGTCTTTACTGTCATTATTTAATTTTTCCAATTGAGCAATGTATTTGTTACCTTGCTTTTCATAATCTGCTTTATGTTTTTTGTCGTTATCGATAAATGTTTGTTGAATTGTTTTTACGTATTTAATACCATTATCTAAACTTAACCATGCGTGTGGATCTTGTTTATCTTTGTTGCCTTCTTCACCGTTTAAATAGATAGGTTTAACATCTTTTGATACTGCGATAACTTTTTTATCTTTTAATGATTTACCAGCCTGTTCTAAGGCTTTTTCAAACCAACCGTTACCAGTCTCTAAATTTAATCCGTTGTATAAAATAACGTCAGCGTCAGTTAACTTTTTAATATCTTTAGGTTTAACTTCATATTCATGAGGATCTTGACCAACAGGTACAATACTATGAATATCGACGTTGTCTCCACCAACATTTTTAGCCATATCATATAAAATTGAATTCGTCGTTACTACTTTTAATTTGCCATTTGACTTATCACTGCTTTGTTTACCACCAGTACCACATGCAGCAACTAGAAGTAATAAGGCTAATAATAAAGGTACTAATTTTTTCATGTTAAACTTCCTCGTTTCTTTCTATTCGTAAATTTTGTGAAAAATAATGTGATGATATAAATTACAAACGTACAAAGTACGATTGTCGCACCACTAGGAATGTTGTAAATATAGCTGTAATAAAGTCCGACAATTGAACTTATGACACTTATTAAACTTGCTATAATCATCATTGAGTATAGTTTTTTACTAATTAAAAATGCTGTAGATGCAGGTGTAATTAATAATGCAACTACAAGAATAATACCTACCGTTTGAATACTTGCTACTGTTACTAATGAGAGTAACAACATCACAAAGTAATGTAATAACGTCGTATTTAGACCACTCATTCTACTAAACGTTGGATCGAATGTAGAAATCATTAATGGACGATAGAAAATAATGATTAGAATAAGGACGATTGAACCAATCACAATAGTTGTTAAAAATGCACTATTTGTGATTGCCAGTAAATTACCAAACAGAATATGGTACAAATCTGTCGTAGTGTTTATTAAGCTAATAATAATAATCCCCGAAGCTAAGAAAGCGGTAAAACTAATTCCAATAGCGGCGTCAGGTTTCGTTTTACTACTAGATGTGATATAACCGATAAAAATACTTGCGATCATACCAGTTATAAGTGCGCCTACAAACATTGGAATACCAAATAAGAATGATAGGGCAACACCAGGTAATACTGCGTGACTCATTGCATCTCCCATTAATGAAAGACCACGTAATACAATTAAACTACCAACTGTACCACAAACTATCCCTACAATAATTGAAGTTATCAATGCTCGATTCAAGAATTGATATGTAAATAAATGTTCGACAAACTCTAACATGTTATATTGCTCCTTTGACTAGGGTCACTACAGTCAGTGCTACTCATAAATGTTTCGTTTAAGCGAGTGACACTCATAGCCTCTTCACTATCACCAAAGTATCGTAATGTTTGATTTAATAGAATAATGCGATCAAAGTATTGCTTTGCTTTTGATAGATCATGGTGGATGATAAGAATAAGTTTTCCTTGTTGTTTTAAGTTCTCGATTTTTGTCATGATTAATTTTTCGCTACTAAAATCAATTCCGACAAACGGCTCATCTAGAAAATAAACTTCACTTTCGGACATCAATGCTCTTGCTACTAGCACACGTTGTAATTGTCCACCACTTAATTCTGAAATTTGTCGATGACGTAAAGATTCTAATTCTAAATCGCTTAATAACTGTTTGAGTTTATCCCTTGCTGATTTATTAGGTCGTCTAAACCATCCAATTTCTTTGTAGCAACCTGATAAAATCACTTGTTCCACACTTATAGGAAAATCTAAATCAATATGTGCTTTTTGTGGAATATATGTAATATGTTGCAGTTGTTGTTGTATAGGTTTGTTATATAACAATTTAGTACCGGTAGCATTAAATTCACCAATTAAAGACTTGATAAGGGAAGATTTACCAGCACCATTCGGGCCCATGATACCAATTATTTCGCCGCGTACTGGTATCGATAAGGAAATGTTTTTAAGTACATGCTTATTACCTAAAAACAGATTTAAATCTTTTGTTTCTAACAAACGTTTATACCTCCTAATTAAAAGTTTAGGCTAACCTAATTAATTGTATAATAAACTGAGAATATTTATCATGTCAAGTAAATTCGTGATATAATATAGACAATGTATGTGAGGTGAAAGTATGTTAACTGAAGAAAAAGAGGACTATTTAAAGGCAATCCTTACGAATAATGGCGATAAAAACTTTGTGACAAATAAAATCTTATCTCAATTTTTAAATATTAAGCCTCCATCTGTAAGTGAAATGGTAGGACGTCTTGAA
NZ_CP181124.1_gap21	781131	783357	2226	TTTTTTAAATTTGTTCAAGTTTTTCTAATTTAGTATTGGTGCCTAGTTGGAACGTTTTACGAACATTCGATTAGAAAATGGCACTTTAAATCATAGTGTGTCTTATGTATAATGAAACACATAATATAGTGTTGGTGAAACGAAAAAGACACAATATCTTGTGTTTTGTATGCAAATGCTTTATTTATGAAGAAATTACATTTAAAAGTAATTTAACACAGAAATTTAATAGTTATTATCAATTAATAGTCATATTTTTAGAAAATGTACTGAGCAAATGGAAGATATCCAATGATGTAAATACTACATATAGTGATTTTTATACATTCAACCCATATAAGCTACTATTTTCTCAAATATAAATCTATGCAATTGGTTTACATTTGAGAAAATAAGTAGCTTCATTATAGTTAATACAATGCTGAGATAACCATAGTAACCATGTTGTTAAAGCATTTTTTAATTGGAATGACTACTTTATTTAAAAGGGTTGAAGAAAGAAGGTGATCCAATGAAAATAATATATTTTTCATTTACTGGAAATGTCCGTCGTTTTATTAAGAGAACAGAACTTGAAAATACGCTTGAGATTACAGCAGAAAATTGTATGGAACCAGTTCATGAACCGTTTATTATCGTTACTGGCACTATTGGATTTGGAGAAGTACCAGAACCCGTTCAATCTTTTTTAGAAGTTAATCATCAATACATCAGAGGTGTGGCAGCTAGCGGTAATCGAAATTGGGGACTAAATTTCGCAAAAGCGGGTCGCACGATATCAGAAGAGTATAATGTCCCTTTATTAATGAAGTTTGAGTTACATGGAAAAAACAAAGACGTTATTGAATTTAAGAACAAGGTGGGTAATTTTAATGAAAACCATGGAAGAGAAAAAGTACAATCATATTGAATTAAATAATGAGGTCACTAAACGAAGAGAAGATGGATTCTTTAGTTTAGAAAAAGACCAAGAAGCTTTAGTAGCTTATTTAGAAGAAGTAAAAGACAAAACAATCTTCTTCGATACTGAAATCGAGCGTTTACGTTATTTAGTAGACAACGATTTTTATTTCAATGTGTTTGATATTTATAGTGAAGCGGATCTAATTGAAATCACTGATTATGCAAAATCAATCTCGTTTAATTTTGCAAGTTATATGTCAGCTAGTAAATTTTTCAAAGATTACGCTTTGAAAACAAATGATAAAAGTCAATACTTAGAAGACTATAATCAACACGTTGCCATTGTTGCTTTATACCTAGCAAATGGTAATAAAGCACAAGCTAAACAATTTATTTCTGCTATGGTTGAACAAAGATATCAACCAGCGACACCAACATTTTTAAACGCAGGCCGTGCGCGTCGTGGTGAGCTAGTGTCATGTTTCTTATTAGAAGTGGATGACAGCTTAAATTCAATTAACTTTATTGATTCAACTGCAAAACAATTAAGTAAAATTGGGGGCGGCGTTGCAATTAACTTATCTAAATTGCGTGCACGTGGTGAAGCAATTAAAGGAATTAAAGGCGTAGCGAAAGGCGTTTTACCTATTGCTAAGTCACTTGAAGGTGGCTTTAGCTATGCAGATCAACTTGGTCAACGCCCTGGTGCTGGTGCTGTGTACTTAAATATCTTCCATTATGATGTAGAAGAATTTTTAGATACTAAAAAAGTAAATGCGGATGAAGATTTACGTTTATCTACAATATCAACTGGTTTAATTGTTCCATCTAAATTCTTCGATTTAGCTAAAGAAGGTAAGGACTTTTATATGTTTGCACCTCATACAGTTAAAGAAGAATATGGTGTGACATTAGACGATATCGATTTAGAAAAATATTATGATGACATGGTTGCAAACCCAAATGTTGAGAAAAAGAAAAAGAATGCGCGTGAAATGTTGAATTTAATTGCGCAAACACAATTACAATCAGGTTATCCATATTTAATGTTTAAAGATAATGCTAACAGAGTGCATCCGAATTCAAACATTGGACAAATTAAAATGAGTAACTTATGTACGGAAATTTTCCAACTACAAGAAACTTCAATTATTAATGACTATGGTATTGAAGACGAAATTAAACGTGATATTTCTTGTAACTTGGGCTCATTAAATATTGTTAATGTAATGGAAAGCGGAAAATTCAGAGATTCAGTTCACTCTGGTATGGACGCATTAACTGTTGTGAGTGATGTAGCAAATATTCAAAATGCACCAGGAG
NZ_CP181124.1_gap22	784493	786880	2387	ATGATGGAGCAAATACACGCGAAAAGCTATTCACATATTTTCACAACACTATTACCATCTAGTGAAACAAACTACCTATTAGATGAATGGGTTTTAGAGGAACCCCATTTAAAATATAAATCTGATAAAATTGTTGCTAATTATCACAAACTTTGGGGTAAAGAAGCTTCGATATACGACCAATATATGGCCAGAGTTACGAGTGTATTTTTAGAAACATTCTTATTCTTCTCAGGTTTCTATTATCCACTATATCTTGCTGGTCAAGGGAAAATGACGACATCAGGTGAAATCATTCGTAAAATTCTTTTAGATGAATCTATTCATGGTGTATTTACCGGTTTAGATGCACAGCATTTACGAAATGAACTATCTGAAAGTGAGAAACAAAAAGCAGATCAAGAAATGTATAAATTGCTAAATGACTTGTATTTAAATGAAGAGTCATACACAAAAATGTTATACGATGATCTTGGAATCACTGAAGATGTGCTAAACTATGTTAAATATAATGGAAACAAAGCACTTTCAAACTTAGGCTTTGAACCTTATTTTGAGGAACGTGAATTTAACCCAATCATTGAGAATGCCTTAGATACAACAACTAAAAACCATGACTTCTTCTCAGTAAAAGGTGATGGTTATGTATTAGCATTAAACGTAGAAGCATTACAAGATGATGACTTTGTATTTGACAACAAATAACAATTAAATTAAAAGACCTTCACATGTAAAGGGAAATAGCGATTCGTTTCGTCTTGTCTCCTACATGTTGAAGGTCTTTTCTCTATGCTTAAAAGCGTATGCATATTTTGAAAAAGTAAAAATTGTATTTAATGATGTCAATGAGGCTAGAAAGTATACAAGATATTGCATTACAAAAGGGTGTTCTATTTTACTTTAAGCAAACAAAATACACATTCCGAAAAATTAAATTTCAGTTTAATTGCAAATATCAATAAAATTGACACTAAATTATTTGAAAGGCTATTGAAATTATGGTCAAAAAACGCTACTATTAATGAGAAATATTATCAATGATAATGATTATCATTAATTTAAAGGGAGAAAAATTTGTAATGAAGTATTTATTAAAGGGAAATATTTTGCTTCTATTACTAATATTGTTGACAATTATTTCGTTGTTCATAGGTGTGAGTGAACTATCAATTAAAGATTTACTACATTTAACTGAATCACAGCGGAATATTTTATTCTCAAGCCGAATACCAAGGACGATGAGTATTTTAATTGCTGGAAGTTCGTTGGCTTTAGCAGGCTTGATAATGCAACAAATGATGCAAAATAAGTTTGTTAGTCCGACTACAGCTGGAACGATGGAATGGGCTAAACTAGGTATTTTAATTGCTTTATTGTTCTTTCCAACCGGTCATATTTTATTAAAACTAGTATTTGCTGTTATTTGCAGTATTTGCGGTACGTTTTTATTTGTTAAAATCATTGATTTTATAAAAGTGAAAGATGTCATTTTTGTACCGCTTTTAGGAATTATGATGGGTGGGATTGTTGCAAGTTTCACAACCTTCATCTCATTGCGCACGAATGCTGTTCAAAGCATTGGTAACTGGCTTAACGGGAACTTTGCCATTATCACAAGTGGACGCTATGAAATTTTATATTTAAGTATTCCTCTTTTAGCATTGACATATCTTTTTGCTAATCATTTCACGATTGTAGGAATGGGTAAAGACTTTACTAATAATTTAGGTTTGAGTTACGAAAAATTAATTAACATCGCATTGTTTATTACTGCAACTATTACAGAATTGGTAGTGGTGACTGTTGGAACATTACCGTTCTTAGGACTAGTAATACCAAATATTATTTCAATTTATCGAGGTGATCATTTGAAAAATGCTATCCCTCATACGATGATGTTAGGTGCCATCTTTGTATTATTTTCTGATATAGTTGGCAGAATTGTTGTTTATCCATATGAAATAAATATTGGTTTAACAATAGGTGTATTTGGAACAATCATTTTCCTTATCTTGCTTATGAAAGGTAGGAAAAATTATGCGCAACAATAATAAAAAAATAATGCTTTTAATTGCAGTAACGTTATTAATTAGTATGCTGTACTTATTTGTAGGTATTGATTTTGAAATATTTGAATATCAATTTTCAAGTCGTTTAAGAAAGTTCATATTAATTATTTTAGTAGGTGCTGCCATTGCAACTTCAGTGGTGATTTTTCAAGCGATTACAAATAACCGTCTATTGACACCATCAATAATGGGGTTAGATGCAGTTTATTTATTTATCAAAGTATTGCCAGTCTTTTTATTTGGAATTCAATCGGTATGGGTTACTAATGTATATTTGAACTTTATATTAACACTTATAACGATGGTGTTATTCGCACT
NZ_CP181124.1_gap23	859852	861655	1803	ATTGTTATCATATCAAATAAAAAACAACTACTCAATAGTAGAGTAGTTGTATGAAAAATAGAACCTATATGATTTGAATTTATGAGAAATGTAGAATATATAAAACTGTATTACTTATTAATCAAATCATAAAAAAGCCAATGTTCATCGAAATAGGCATTTCCGATTTTAATTGCATTTTTCTCAAAACCAAGAATGTCGAATCCTAGTGCACTATAGAAAACTTTAGCACCTATGTTGTTTGACACAATTGATGTAAGTAAAGATTCGTAATTGTTCTGCCGTGCATAATTAATAATGAAATTAATGAGCTCGCTATTAATCGATTTATCGTTATTAGTAACAAAGTTGTATTTAATTAATGATTTATGTTCTTTTCCAACGTATCGAATTTGTTCTAAGGCAGCTGTTGCGATAAGTGTTTCGTTTTCATAACAGCCAAATACAATACATTTCGGTGAACCTTGATTTAAAATGTCATGTATTAAGGTGTCAGTCATTGTTTGACTATAATGTGAATCTTGAGTGAATTCTTCATTGACTGTCGAAACAAGTCTCTTATACTCATTAAAATCATTATTCGTTAATGTTTTAATTTCAATCATTACTGACCTCCTTAATCATTATTAAGAAAGATTTTGTACTAAAAAAATTTCTTAATTACATATTAAAATGTTTATTAAAATTTTGCAATCACTGATTTATATGCACATTCTTGTAAATGGATTATCAATTTAATTATATTTATTTTTAAGTTCAGGAAATTATGGAATTGGTTATTGATCGACACTGGACTTTTATTTGGAGACGTTATGCGAAGAAGTCAAGCCAGTATTGGAACCGGTCACATTTATGATGACTAAGGGACAATCATTTTCAGTTAAATATTGCCAGAAATTTCAGTCACGAATAGAAAAAATAACCAACCAAAAATTTTTGGTTGGCAAATTTGAATTTTATGTGAATTTTATTAATAACGTTGAATAATCTCTTTAAGTTAATGCTAATCTACAACATTTACATTTAAATCGACATTAATATTTCCTTGAGTCGCTTTTGAATATGGACAAAATTCATGAGCCATTTGTAAATATTTTTCAGCTTCTTCTTGAGATATAACATTTTTAATTGTCGCATCAATTGAAACACTTAATTTAGGACTTTCTGAGTCTGAATCATCTTCTAGTCTCACTGTTAGTGTTACTTCTGGATGAGCATCACGCACTTTGTTTTGCTTTAAAATTAGGTCGAAAGCACCGTTGAAGCAAGATGCATAACCTGCTGCAAATAATTGTTCGGGGTTAGTAGCTTTACCATCTGCTTGAGCAGGCGGAACGATATCAATATCTAACGCTCGATCATCAGTATAAACATGTCCTTTACGTCCGCCAACATTCGTCGCTTTAGTTTCATAATGTATTGCCATTCTTATAACCTCCTAATTTAAAATACATTTATGCTTTACCCATTCGAAAATACCTTAATCATTTTCATTTATAGCATTGTTTGATTGAAGGATAAAAAGTTGTTGTTTACAATAAAAATAATGAGTATCTGAAATGAGGGATTTACTATGACACATGTGGAAGTAGTAGCGACTATCGCGCCACAATTATCTATCGAAGAAACTTTAATTCAAAAAATTAATCATCGTATTGATGCAATAGACGTATTAGAATTACGAATTGATCAAATTGAAAATGTCACAGTTGATCAAGTGGCAGAAATGATTACAAAGCTGAAGGTTATGCAAGATTCATTCAAATTATTAGTTACGTATCGTACAAAGTTACAAGGTGGCTA
NZ_CP181124.1_gap24	910391	914977	4586	AGGTGTTAACCAATTCTTGAAAAACATCGCGCCTCAAGTATCAATGACTGATTCAGGCGGACGTGTTAAACCGTTACCAATACAGAACCCAGCATATCTAAGTGATATTACGGAAGTTGGTCATTACTATATCTATACGCAAGACACACAAAATGCGTTAGATTTCCCGTTACCGAAAGCGTTTAGAGATGCAGGTTGGTTCTTTGATGTACTGCCTGGACACTATAATGGTGCTCTAAGACAAGTACTTACCAGAAACAGCACAGGTAGAAATATGCTTAAATTTGAACGTGTCATTGACATTTTCAATAAGAAAAACAACGGAGCATGGAATTTCTGTCCGCAAAACGCCGGTTATTGGGAACATATCCCTAAGAGTATTACAAAATTATCAGATTTAAAAATCGTTGGTTTAGATTTCTATATCACTACTGAAGAATCAAAACGATTTACTGATTTTCCTAAAGACTTTAAAGGTATTGCAGGTTGGATATTAGAAGTAAAATCGAATACACCAGGTAACACAACACAAGTGCTAAGACGTAATAACTTTGCTTCTGCTCACCAGTTTTTCGTTAGAAACTTTGGTACTGGTGGTAATAGTGGTTGGAGCATAATAGAAGGTAAGGAGGTTGAATAATGGTAGTAGATAATTTTTCAAAAGATGATAACTTAATCGAGTTACAAACAACATCACAATATAATCCGGTTATTGACACAAACATCAGTTTCTATGAATCAGATAGAGGAACTGGTGTTTTAAATTTTGCAGTAACTAAGAATAATAAGCCGTTATCAATCAGCAAACATAATGCGATGACTAGTATTGTGCTTAAGACGGATAACTTCGACGATGAACACGGCGCTTATATTAGTGATGAACTTACAATTGTTGATGCAATTAATGGACGAATGCAATACGTTATCCCAAACGAGTTCTTAAAATACACTGGTCGAGTACATGCGCAAGCATATTTTACTCAAAACGGTAGCAATAACGTAATTGTAGAGCGTCAATTTAACTTCAATATCCAGAATGATCTAATTAGTAATTTTGACAGTAAAACAAAGCTAGTTTATATCAAATCAATTCAGGACTTAACAGAAAGTGTTAAAGAAGAAGTTGAGGACTTAAAGAAAAGTTTGAGTGATACAAAATCGTTGGTTACTGAAATTGATAGTCGTATTAATCAAGGTATTCAAAGATTAGAAATCAAACAAAATGAAGCGGTACAGATGATTACAACAACACAAGACAAAGCCGTTCAATATATAAATAGCGAGTTCCAGAAAATTGTTGATAAAGAGCAAGCGATTTTTGAACGTGTTAACGAAGTTGAACAACAAATCAATGGCGCTGACCTTGTTAAAGGTAATTCAACAACAAATTGGCAAAAGTCTAAACTTACTGATGATTACGGTAAAGCGATCGAATCATCTGAACAGTCAATAGAAGCTGTTTTAAGACACGCTAACTCATCTATGATTATTCATATTACTAATGCAAAAGATGCGCCAGAAAAGGCGGATATAGGCACGTTAGAGAAGCCCGGACAAGATGGTGTTGATGACGGTTCTTCGTTCGATGAATCAACTTATACATCAAGCAAATCTGGTGTGTTAGTTGTTTATGTTGTTGATAATAATACTGCTCGTGCAACATGGTACCCAGATGATTCAAACGATGAGTACACAAAATACAAAATCTACGGCACGTGGTACCCGTTTTATAAAAAGAATGATGGAAACTTAACTAAGCAATTTGTTGAAGAAATATCTAACAACACACTGAATCAAGCTAAACAGTATGTAGATGGTAAGTTACAAAGTATAAGTTGGCAACAACATAAGTTAACAGAACATAACGGTCAATCAATCCAAAAGAACTTATATAACGCCAAAGGTAATTTAGAAGCATTGGGCGCTGGGAATTATTACGTAACAAGTGTGCCTGATTTACCAGGTAGCGTTGAAAGTTATGAGGGTTATTTATCGGTATTCGTTAAAGATGATACAAACAAGCTATTTAACTTCACACCTTATAACTCTAAAAAGATTTACACACGATCAATCACAAACGGCAGACTTGAGCAACAGTGGACAGTTCCTAATGAACATAAATCAACGGTATTGTTCGACGGTGGCGCAAATGGTGTAGGTACAACAATCAATCTAACTGAACCGTACACAAACTATTCTATTTTGTTGGTAAGTGGAACTTATCCAGGTGGCGTTATTGAGGGATTCGGACTAACTGCATTACCTAACGCGATTCAATTGAGTAAAGCGAATGTAGTTGACTCAGACGGCAACGGTGGCGGTATTTATGAGTGCTTACTATCCAAAACAAGTAGCACTACTTTAAGAATAGATAACGATGTGTACTTTGATTTAGGTAAAACATCAGGTTCTGGAGCGAATGCCAACAAAGTTACTATAACTAAAATTATGGGGTGGAAATAATGAAAATCACAGTAAACGATAAAAACGAAGTTATCGGATTCGTTAATACTGGCGGTTTACGCAATAGTTTAGATGTAGATGATAACAATGTGCCTATTAAATTTAAAGAAGAGTTCGAACCTAGAAAGTTTGTTTTCACAAACGGCGAAATTAAATACAATAGCAATTTCGAAAAAGAAGACGTACCGAATGCATCAAACCAACAAAGTGCGTCAGATTTAAGTGATGAGGAACTTCGCGGAATGGTTGCGAGTATGCAAATGCAGGTGGCACAAGTAAACGTATTAACAATGGAATTAGCTCAACAAAACGCTATGTTAACACAACAGTTGACTGAACTGAAAACTAACAAAACAAGTACTGAGGGGGACGTTTAAATAATGAAGATGATTTATCCAACTTTTAAAGACATTAAAACTTTTTATGTTTGGGGTTACTATAAAAACGAGCAAATTAAGTGGTACGTAGACAAGGGTTTAATCGATAAAGAAGAATACGCTTTAATCACTGGAGAAAAATATCCAGAAACAAAAGATGAAAAGTCACAGGTGTAATGCTTGTGGCTTTTTAATTTGAATAAAGTGGGTGGCATAATGTTTGGATTTACCAAACGACATGAACAAGATTGGCGTTTAACGCGATTAGAAGAAAATGATAAGACTATGTTTGAAAAATTCGACAGAATAGAAGATAGTCTTAGAGCGCAAGAAAAGATTTATGACAAATTAGATAGAAATTTTGAAGAATTAAAGCGCGACAAGGTAGAAGATGAAAAGAATAAAGAAAAGAATGCCAAGAATATTAGAGACATAAAAATGTGGATTCTAGGTTTGATAGGGACTATCTTCAGTACGATTGTCATAGCTTTACTAAGAACTGTTTTTGGTATTTAAAGGAGGTGATTACCATGCTTAAAGGGATTTTAGGATATAGCTTCTGGGCGTGCTTCTGGTTTGGTAAATGTAAATAACAGTTAAGAGTCAGTGCTTCGGCACTGGCTTTTTATTTTGATTGAAATGAGGTGCATACATGGGATTACCTAATCCGAAAAATAGAAAGCCCACAGCTAGTGAAGTGGTTGAATGGGCGTTATATATCGCTAAAAACAAAATAGCTATTGATGTACCTGGTTCTGGAATGGGAGCACAATGCTGGGATTTACCTAATTATTTACTCGATAAATATTGGGGATTTAGAACATGGGGAAATGCTGATGCTATGGCTCAGAAATCTAATTATAGAGGTAGAGATTTCAAGATAATTAGAAATACAAAAGACTTTGTACCACAACCAGGCGACTGGGGTGTTTGGACTGGTGGTTGGGCAGGTCATGTGAACATTGTAGTAGGGCCATGCACAAAAGACTATTGGTATGGTGTGGATCAAAACTGGTATACAAATAATGCAACAGGAAGTCCGCCGTATAAAATCAAACACTCTTATCATGATGGACCAGGTGGAGGAGTTAAATATTTTGTTAGACCACCATATCATCCGGAGAAATCTACGCCGGCACCTAAACCAGAAGATGATAGTGATGATAACGAAAAAAATAATAAAAAAGTTCCAATTTGGAAAGATGTAACAACTATAAAGTACACTATTTCTAGCCAAGAGGTTAATTATCCAGAATATATTTATCACTTTATAGTAGAAGGTAATCGACGACTCGAAAAACCTAAAGGAATAATGATTAGAAACGCACAAACGATGAGCTCGGTAGAAAGTTTATATAACAGTAGGAAGAAATACAAACAGGATGTAGAATATCCCCACTTTTATGTTGACAGACATAATATTTGGGCACCTAGAAGAGCTGTATTTGAAGTTCCTAATGAACCTGATTATATAGTTATAGACGTATGTGAAGATTATAGTGCGAGTAAAAATGAATTTATTTTTAATGAGATTCACGCAATGGTTGTAGCTGTAGATATGATGGCCAAATATGAGATACCTCTAAGTATTGAAAATTTAAAAGTAGACGACAGCATTTGGCGTTCGATGTTGGAACATGTTAATTGGAATATGATTGACAACGGTGTTCCCCCTAAAGATAAATACGAAGCATTAGAAAAGGCATTACTTAATATATTTAAAAACAGAGAAAAATTATTAAATTC
NZ_CP181124.1_gap25	982637	983509	872	CAAACCAATTGATAACTAAGGCTGAATCATACATGAAAGAATATGAAGATGAATATATTTCAATGGAGCATATTTTACGTTCGGCAATGGACATTGATCAAACAACAAAACATTATATAAATAATAAAGTAGAAGTTATCAAAGAAATTATTAAAAAAGTAAGAGGGGGAAATCACGTGACATCACAAAATCCAGAAGTTAATTACGAAGCATTAGCTAAATATGGCCGCGACTTAGTAGAAGAAGTTAGACAAGGTAAAATGGATCCTGTTATAGGAAGAGATGAAGAAATTCGAAATACGATTCGTATTTTAAGTCGTAAAACTAAAAACAACCCTGTGCTCATTGGTGAACCAGGTGTTGGTAAAACTGCAATTGTTGAAGGATTAGCGCAACGTATAGTTAAGAAAGATGTGCCAGAATCATTATTAGATAAAACTGTTTTTGAGTTAGATTTAAGCGCATTAGTAGCGGGCGCTAAATATCGTGGTGAATTTGAAGAGAGATTAAAAGCAGTCCTAAAAGAAGTTAAAGAGTCTGATGGTAGAATTATATTATTTATTGATGAAATCCATATGCTTGTAGGTGCTGGTAAAACAGATGGTGCCATGGATGCAGGCAACATGCTAAAACCAATGTTAGCACGAGGAGAGTTACATTGTATTGGTGCAACAACTTTAAATGAATATCGAGAATATATTGAAAAAGATTCGGCATTAGAGCGTCGTTTCCAAAAAGTAGCAGTTAGTGAGCCTGATGTTGAAGATACAATTTCAATTTTACGTGGTTTAAAAGAACGATATGAAGTGTATCATGGTGTGCGTATTCAAGATAGAGCCTTAGTTGCTGCCGCTGAATTGTCTGATCGTTAC
NZ_CP181124.1_gap26	1105157	1109088	3931	GAACGTAAACCATATCGTTTCGCGATTTCCTCATCTTGACTATTTACTAAAAACTCTCTCATGGCGATTAATGTTTCTTTTTCTTCTTTAGTTAATGGTAATTCTAACTCAGCTGCTTTTTGACGCAAAGTTGGATGACCATCTCTAATGATGTCTTTCATTGTTAACATATATTGCACCTTCCTTATTTTAATTTGTTTTAGTTGAATGACAGTAAAAAGGTTGTTAAGATACTCATACATTTTTATGTGTAAATATCTACAAAGTTAACCAACTACTGCCAATGTTTATTTTAGATAGTATATGTAAATTTTCAGATATGCTAATTGCTTAAAAAATGATTAAAGTGTTGGTTCCAAGCAATGATACTTTAGAAATTTATTTATCATCTTGACTTTAAAAATTATATTATAAATGACGTAACTGTCAACAGATATACTTAGTAATGAAGATGTGTAATGTAATTGTTTAAAATTGATTTCCAAGCAGATTTTATTTATCATTTAATTTAAATAGCAAGTGGAGGTACAAGTAATGAAATTTGGAAAAACAATCGCAGTAGTATTAGCATCTAGTGTCTTGCTTGCAGGATGTACTACGGATAAAAAAGAAATTAAGGCATATTTAAAGCAAGTGGATAAAATTAAAGACGATGAAGAACCAATTAAAACTGTTGGTAAGAAAATTGCTGAATTAGATGAGAAAAAGAAAAAATTAACTGAAGATGTCAATAGTAAAGATACAGCAGTTCGCGGTAAAGCAGTAAAAGATTTAATTAAAAATGCCGATGATCGTCTAAAGGAATTTGAAAAAGAAGAAGACGCAATTAAGAAGTCTGAACAAGACTTTAAGAAAGCAAAAAGTCACGTTGATAACATTGATAATGATGTTAAACGTAAAGAAGTAAAACAATTAGATGATGTATTAAAAGAAAAATACAAATTGCATGGTGAATACGCGAAAGCATATAAAAAGGCTGTAAACTCAGAGAAAACATTATTTAAATATTTAAATCAAAATGACGCGACACAACAAGGTGTTAACGAAAAATCAAAAGCAATAGAACAGAACTATAAAAAGTTAAAAGAAGTATCAGATAAGTATACGAAAGTACTAAATAAGGTTGGTAAAGAAAAGCAAGACGTTGATCAATTTAAATAATTAATATAATACAGATGGTAGGAAACAACTAATACAGTTCCTATTATCTGTATCTTTTTTTATTAAAACAGAACTTTTTCAAATGGTTTAACAGTCCCATTTATTTGTGGTACAATTAGTAAGGATAAAATGAATTTCTATACAATTATGGGAAAGGTATGGTGAATTGAATGGCTCCTAAGTTACAAGCCCAATTCGATGCAGTAAAAGTTTTAAATGATACTCAATCGAAATTTGAAATGGTTCAAATTTTGGATGAGAATGGTAACGTCGTAAATGAAGACTTAGTACCTGATCTTACGGATGAACAATTAGTAGAATTAATGGAAAGAATGGTATGGACTCGTATCCTTGATCAACGTTCTATCTCATTAAACAGACAAGGACGTTTAGGTTTCTATGCACCAACTGCTGGTCAAGAAGCATCACAATTAGCGTCACAATACGCTTTAGAAAAAGAAGATTACATTTTACCGGGATACAGAGATGTTCCTCAAATTATTTGGCATGGTTTACCATTAACTGAAGCTTTCTTATTCTCAAGAGGTCACTTCAAAGGAAATCAATTCCCTGAAGGCGTTAATGCATTGAGCCCACAAATTATTATCGGTGCACAATACATTCAAGCTGCTGGTGTTGCATTTGCACTTAAAAAACGTGGTAAAAATGCAGTTGCAATCACTTACACTGGTGACGGTGGTTCTTCACAAGGTGATTTCTACGAAGGTATTAACTTTGCAGCAGCTTATAAAGCACCTGCAATTTTCGTTATTCAAAACAATAACTATGCAATTTCAACACCAAGAAGCAAGCAAACTGCTGCTGAAACATTAGCTCAAAAAGCAATTGCTGTAGGTATTCCTGGTATCCAAGTTGATGGTATGGATGCGTTAGCTGTATATCAAGCAACTAAAGAAGCACGTGACCGCGCAGTTGCAGGTGAAGGTCCAACATTAATTGAAACTATGACATATCGTTATGGTCCTCATACAATGGCTGGTGACGATCCAACTCGTTACAGAACTTCAGACGAAGATGCTGAATGGGAGAAAAAAGACCCATTAGTACGTTTCCGTAAATTCCTTGAAAACAAAGGTTTATGGAATGAAGACAAAGAAAATGAAGTTATTGAACGTGCAAAAGCTGATATTAAAGCAGCAATTAAAGAGGCTGATAACACTGAAAAACAAACTGTTACTTCTCTAATGGAAATTATGTATGAAGATATGCCTCAAAACTTAGCAGAACAATATGAAATTTACAAAGAGAAGGAGTCGAAGTAAGCCATGGCACAAATGACAATGGTTCAAGCGATTAATGATGCGCTTAAAACTGAACTTAAAAATGACCAAGATGTTTTAATTTTTGGTGAAGACGTTGGTGTTAACGGCGGTGTTTTCCGTGTTACTGAAGGACTACAAAAAGAATTTGGTGAAGATAGAGTATTCGATACACCTTTAGCTGAATCAGGTATTGGTGGTTTAGCGATGGGTCTTGCAGTTGAAGGATTCCGTCCGGTTATGGAAGTACAATTCTTAGGTTTCGTATTCGAAGTATTTGATGCGATTGCTGGACAAATTGCACGTACTCGTTTCCGTTCAGGCGGTACTAAAACTGCACCTGTAACAATTCGTAGCCCATTTGGTGGTGGCGTACACACACCAGAATTACACGCAGATAACTTAGAAGGTATTTTAGCTCAATCTCCAGGTCTAAAGGTTGTTATTCCTTCAGGCCCATACGATGCGAAAGGTTTATTAATTTCTTCTATTAGAAGTAATGACCCAGTCGTATACTTAGAGCATATGAAATTGTATCGTTCATTCCGTGAAGAAGTACCTGAAGAAGAATATACAATTGACATTGGTAAGGCTAATGTGAAAAAAGAAGGTAATGACATTTCAATCATCACATACGGTGCAATGGTTCAAGAATCAATGAAAGCTGCAGAAGAACTTGAAAAAGATGGTTATTCTGTTGAAGTAATTGACTTACGTACTGTTCAACCAATCGATGTTGACACAATTGTAGCTTCAGTTGAAAAAACTGGTCGTGCAGTTGTAGTTCAAGAAGCACAACGTCAAGCTGGTGTTGGTGCAGCAGTTGTAGCTGAATTAAGTGAACGTGCAATCCTTTCATTAGAAGCACCTATTGGAAGAGTTGCAGCAGCAGATACAATTTATCCATTCACTCAAGCTGAAAATGTTTGGTTACCAAACAAAAATGACATCATCGAAAAAGCAAAAGAAACTTTAGAATTTTAATACATTTTAAAAGTTAACGAAGTTAGCGTATTTTAGTCTCATTGATTAAAATGAAATGTTTAATTTACGAAATCTTAGGAGGGCAAAAACGTGGCATTTGAATTTAGATTACCCGATATCGGGGAAGGTATCCACGAAGGTGAAATTGTAAAATGGTTTGTTAAAGCTGGAGATACTATTGAAGAAGACGATGTTTTAGCTGAGGTACAAAACGATAAATCAGTAGTAGAAATCCCATCACCAGTATCTGGTACTGTAGAAGAAGTTATGGTAGAAGAAGGTACAGTAGCTGTAGTTGGTGACGTTATTGTTAAAATCGATGCACCTGATGCAGAAGATATGCAATTTAAAGGTCATGATGATGATTCATCATCTAAAGAAGAACCTGCGAAAGAGGAAGCGCCAGCAGAGCAAGCACCTGTAGCTACTCAAACTGAAGAAGTAGATGAAAACAGAACTGTTAAAGCAATGCCTTCAGTACGTAAATACGCACGTGAAAAAGGTGT
NZ_CP181124.1_gap27	1110563	1113562	2999	GTTCAGAAGTAACCATCCTTGAAGGTGCTAAAGATATCTTAGGTGGCTTCGAAAAACAAATGACACAACCTGTTAAAAAAGGTATGAAAGAAAAAGGTGTTGAAATCGTTACTGAAGCTATGGCTAAATCAGCTGAAGAAACAGATAACGGAGTTAAAGTTACTTATGAAGCTAAAGGCGAAGAGAAAACAATCGAAGCTGATTATGTATTAGTAACTGTAGGTCGTCGTCCAAACACAGACGAATTAGGCCTAGAAGAATTAGGTGTTAAATTCGCTGACCGTGGATTATTAGAAGTTGATAAACAAAGCCGTACGTCTATCAGCAATATCTATGCAATTGGTGATATCGTTCCAGGTTTACCACTTGCTCACAAAGCTAGCTATGAAGCTAAAGTTGCTGCTGAAGCAATTGATGGTCAAGCTGCTGAAGTTGATTACATTGGTATGCCAGCAGTATGCTTTACTGAACCAGAATTAGCTACAGTTGGTTATTCAGAAGCGCAAGCTAAAGAAGAAGGTTTAGCAATTAAAGCTTCTAAATTCCCATATGCAGCAAATGGTCGTGCATTATCATTAGATGATACTAACGGATTTGTTAAACTTATTACACTTAAAGAAGATGATACTTTAATCGGTGCTCAAGTAGTTGGTACTGGTGCATCAGATATTATCTCTGAATTAGGTTTAGCAATTGAAGCTGGTATGAATGCTGAAGATATCGCATTAACAATCCATGCACATCCAACATTAGGTGAGATGACTATGGAAGCAGCAGAAAAAGCTATCGGATACCCAATCCATACAATGTAATAACTGATTATCTATAAAGATTCAGTCATTAAAAGCTGTAGCATATGCTACGGCTTTTTTGTTTTAGGTAAAGTAATGTAAGGAAATTGATTTGAGATATCGTTAACATGTGACATGCATGTTATACTAGCGATGCTAACAAAAGAATTGAAATGGAGGGTTCAACAATGGAATATGAGTATCCAATTGATTTAGACTGGAGTAATGAAGAGATGATTTCAGTGATAAATTTCTTTAATCATGTAGAGAAGTATTATGAATCCGGCGTGACGGCAGGCGACTTTATGGGTGCATATAAAAGATTTAAAGAAATTGTGCCTGCTAAAGCAGAGGAAAAACAAATTTTTAATACTTTCGAAAAAAGTAGTGGCTATAATAGTTACAAAGCAGTTCAAGATGTAAAAACTCACTCTGAAGAACAAAGAGTAACAGCTAAAAAATAATTCGTTCGAAATTAACACAATTTAATAGGATTTTTTCTTTAAAACTATTGCTAATAAAGCTATATTTTGATACCTTTATCAAGTGTTAAACAAAATGTTTGATAAAAGTAAACTTAATATAGCTTTTTTAGGTGGAAAAATAAATGAACATAGGTAATAAAATTAAAAATCTTAGAAGAATTAAAAATTTAACGCAAGAAGAACTTGCTGAACGTACAGACTTATCGAAAGGCTACATTTCACAAATAGAAAGTGAACATGCCTCACCAAGTATGGAAACTTTCTTAAATATTATAGAGGTGTTAGGAACGACGCCAAGTGAATTTTTTAAAGACAGTGAAAATGAAAAAGTATTATACAAGAAGGAAGAACAAGTTATTTATGATGAGTATGATGAAGGTTATATATTAAATTGGTTAGTTTCAAAGTCAAATGAATATGATATGGAGCCATTAATATTAACTTTAAAGCCTGGAGCATCATATAAAAATTTTAATCCATCAGAGTCTGATACGTTTATTTATTGTATGTCAGGTCAGATAACACTTAATTTAGGCAAAGAGATATATCAAGCACAAGAAGAAGACGTTTTGTATTTTAAAGCACGAGATAATCATCGTTTGTCAAACGAATCAAACAATGAAACACGAATACTTATTGTAGCGACAGCTTCATATTTATAGGGGGGATCTTATTTGGAACCGTTATTATCATTAAAATCAGTTAGTAAAAGCTATGATGATCTTAATATCTTAGATGACATAGATATTGATATTGAATCAGGATACTTTTATACATTATTAGGTCCTTCAGGTTGTGGTAAAACAACAATTTTAAAATTAATTGCAGGGTTTGAATATCCTGACAGTGGTGAAGTGATTTATCAAAACAAACCAATTGGTAATTTACCACCAAATAAACGTAAAGTGAATACAGTCTTTCAAGATTATGCATTATTTCCACACTTAAACGTATATGATAATATCGCTTTTGGTTTGAAATTAAAAAAATTATCAAAAACCGAAATTGATCAAAAAGTAACTGAGGCATTAAAATTAGTAAAACTTTCAGGTTATGAAAAAAGAAATATTAATGAAATGAGTGGCGGACAAAAGCAACGTGTTGCAATTGCACGTGCTATCGTAAATGAACCAGAAATATTATTGTTAGATGAATCTTTATCCGCATTAGATTTGAAATTGCGTACTGAAATGCAATATGAATTACGAGAATTGCAATCTAGATTAGGTATTACATTTATATTTGTAACACATGATCAAGAAGAAGCGTTAGCATTAAGTGACTTTCTTTTTGTATTAAAAGATGGGAAAATTCAACAATTTGGCACACCAACAGATATATATGACGAACCAGTGAATCGATTTGTAGCTGATTTTATTGGAGAATCTAATATTGTTGAAGGACGCATGGTTAGAGATTATGTCGTGAATATTTATGGGCAAGATTTCGAATGTGTCGATATGGGTATTCCTGAAAATAAAAAAGTAGAAGTCGTTATTCGACCAGAAGATATATCATTAATCAAAGCTGAAGAAGGATTATTTAAAGCAACTGTTGATTCTATGTTATTTAGAGGGGTCCACTATGAAATATGTTGTATAGACAATAAAGGTTATGAATGGGTAATACAAACGACTAAAAAAGCTGAAGTAGGCAGTGAAGTTGGTCTTTATTTTGATCCTGAAGCCATTCATATTATGGTTCCTGGAGAAACAGAAGAAGA
NZ_CP181124.1_gap28	1191866	1196643	4777	ATCCACCACTTTCTTACACTTTTGATCATATTATTATAAAACCTTAATATACCAAGGGTTTAGCCCGATTTATCTTAATGATAAATCGGGCATTTTTTTGTTTTTTAAAATAAATTTCACAAATTTTGTATAAATAGTGGTGGATAGTGGGGAGATGTGGTAAATTATATATAAGGTGAGGTGATAAAAAATGTTCATGGGAGAATACGATCATCAATTAGATACAAAAGGACGTATGATTATACCGTCCAAGTTTCGTTATGACTTAAATGAGCGTTTTATTATCACAAGAGGCCTTGATAAATGTTTATTCGGTTACACTCTAGACGAATGGCAACAGATTGAAGAGAAAATGAAAACCTTACCTATGACAAAAAAAGACGCACGTAAGTTTATGCGTATGTTCTTCTCTGGTGCTGTTGAAGTAGAACTTGATAAGCAAGGGCGTATTAACATCCCTCAAAACTTGAGGAAATACGCTAATTTAACTAAAGAATGTACAGTAATCGGTGTTTCAAATCGTATTGAGATTTGGGATAGAGAAACTTGGAATGATTTCTATGAAGAATCTGAAGAAAGTTTCGAAGATATTGCTGAAGATTTAATAGATTTTGATTTTTAAAATGGAGGAATTGAAGTGTTTCATCATATCAGCGTTATGTTAAACGAAACCATTGATTATTTAAATGTAAAAGAAAATGGTGTGTACATTGACTGTACGCTAGGTGGAGCGGGACATGCCCTTTATTTACTAAATCAATTAAATGACGACGGAAGATTAATAGCAATCGATCAAGACCAAACTGCAATTGATAATGCTAAAGAGGTATTAAAGGATCATTTGCATAAGGTGACTTTTGTTCATAGCAACTTCCGTGAATTAACTCAAATATTAAAAGACTTAAACATTGAAAAAGTAGATGGAATTTATTACGACTTGGGTGTTTCAAGCCCACAACTCGACATTCCAGAACGAGGATTCAGTTATCACCATGACGCAACATTAGACATGCGTATGGACCAAACACAAGAACTAACAGCATATGAAATTGTTAACAATTGGTCATATGAAGCGTTAGTGAAGATTTTTTATCGTTATGGCGAGGAGAAATTTTCAAAACAGATAGCTCGAAGAATCGAAGCACATCGTGAACAACAACCAATAACAACAACATTAGAATTAGTTGACATTATAAAAGAAGGTATTCCTGCAAAAGCAAGAAGAAAAGGCGGACATCCTGCAAAACGAGTATTTCAAGCACTACGAATTGCAGTAAACGATGAATTGTCAGCTTTTGAAGATTCAATAGAACAAGCGATTGAATTAGTGAAAGTAGACGGCAGGATTTCGGTAATCACTTTCCATTCTTTAGAAGATCGTTTATGTAAACAGGTGTTCCAAGAATATGAAAAAGGTCCAGAGGTACCAAGAGGATTGCCAGTTATACCAGAAGCATATACACCTAAGTTAAAGCGTGTTAATCGTAAACCGATTACCGCTACAGAAGAAGATTTAGATGACAATAACAGAGCACGAAGCGCGAAATTACGTGTAGCTGAAATACTTAAATAAGGAGCAATTTATAATGGCTGTAGAAAAAGTGTACCAACCATATGACGAACAAGTTTATAATAGTATACCGAAGCAACAACCACAAACTAAGCCCGAAAAGAAGACTGTTTCGAGAAAAGTGGTTGTACAATTAACTAAATTTGAAAAAGTTTTATACATAACTTTGATTACTGTAATTGCTATGTTAAGTATTTATATGCTATCTTTAAAAATGGATGCGTATGATACGCGAGGAAAGATTGCAGATTTAGATTATAAAATAGATAAACAATCAAGTGAAAACAGTGCTTTACAATCTGAAATCAAAAAGAATTCTTCTTATGAACGCATATACGAAAAGGCTAAGAAACAGGGGATGAGCCTTGAGAACGATAATGTAAAGGTAGTGCGTAGTAATGGCGAAGCAAAAAATTAAAATTAAAAAAAATAAAATAGGGGCAGTCCTACTTGTTGGTTTATTCGGACTGCTCTTTTTTATATTGGTTTTAAGAATTTCATATATCATGATTACTGGACATTCTAATGGTCAAGATTTAGTCATGAAGGCAAATGAAAAGTATTTAGTTAAGAATGCACAACAACCAGAACGAGGAAAGATATATGATCGTAATGGTAAAGTGCTAGCAGAAGATGTAGAAAGATATAAACTTGTTGCAGTAATAGATAAAAAGGCGAGTGCCAATTCTAAAAAACCTAGGCATGTAGTTGATAAAAAAGAGACTGCAAAGAAATTATCTACAGTCATTGATATGAAGCCAGAGGAAATTGAAAAGAGACTTAGTCAAAAGAAAGCTTTCCAAATTGAATTTGGACGCAAAGGAACAAATTTAACGTATCAGGACAAATTGAAAATAGAGAAAATGAATTTGCCTGGTATTTCTTTATTGCCTGAAACAGAACGCTTTTATCCAAATGGCAATTTTGCATCACACTTAATTGGTAGAGCTCAGAAAAATCCGGATACTGGTGAACTTAAAGGTGCACTTGGAGTTGAAAAGATTTTTGATAGTTATTTAAGTGGATCTAAAGGATCATTGAGATATATTCATGATATTTGGGGATATATCGCACCAAATACTAAAAAAGAGAAGCAGCCTAAACGTGGTGATGATGTCCATTTAACAATCGATTCAAATATTCAAGTATTTGTTGAAGAAGCTTTAGATGGCATGGTTGAAAGATACCAGCCGAAAGATTTATTTGCGGTTGTCATGGATGCCAAAACTGGAGAAATTTTAGCATACAGTCAGCGACCAACATTTAATCCTGAAACTGGTAAAGACTTTGGTAAAAAGTGGGCAAATGACCTTTATCAAAACACATACGAGCCTGGATCAACATTTAAATCATATGGGTTAGCAGCTGCTATTCAAGAAGGTGCTTTTGATCCTGATAAGAAATATAAATCTGGACATAGAGATATTATGGGTTCACGTATTTCAGACTGGAATAGAGTCGGTTGGGGTGAAATCCCAATGTCACTCGGATTTACTTATTCATCTAATACATTGATGATGCATTTACAAGATTTAGTTGGTGCAGACAAAATGAAATCTTGGTATGAACGATTTGGATTTGGAAAATCAACTAAAGGTATGTTTGATGGAGAAGCACCTGGTCAAATTGGATGGAGTAATGAGTTGCAACAAAAAACGTCATCATTTGGTCAATCGACAACAGTAACACCTGTTCAAATGTTACAGGCGCAATCAGCGTTCTTTAATGATGGTAATATGTTAAAACCATGGTTTGTGAATAGCGTTGAAAATCCTGTTAGTAAAAGACAATTTTATAAAGGTCAAAAACAAATCGCAGGCAAACCAATAACAAAAGATACTGCTGAAAAAGTTGAAAAGCAATTGGATTTAGTTGTGAATAGTAAGAAGAGTCACGCTGCAAACTATCGTATTGATGGTTATGAGGTCGAAGGTAAGACTGGTACAGCACAAGTCGCTGCACCTAATGGTGGTGGATACGTTAAAGGTCCAAACCCATATTTTGTAAGTTTTATGGGTGACGCACCGAAGAAAAATCCTAAAGTTATTGTATACGCTGGTATGAGCTTGGCACAAAAAAATGACCAAGAAGCTTATGAATTAGGTGTTAGTAAAGCGTTTAAACCAATAATGGAAAATACTTTGAAATATTTAAATGTAGGTAAATCAAAAGATGACACATCTAATGCAGAGTATAGTAAAGTGCCAGATGTTGAAGGTCAAGACAAACAAAAAGCTATTGATAATGTGAGTGCAAAATCATTAGAACCAGTTACTATCGGTTCTGGCACACAAATAAAAGCACAATCTATAAAAGCAGGGAATAAAGTCTTACCTCATAGTAAAGTACTGTTATTAACAGACGGAGACTTAACTATGCCTGACATGTCAGGATGGACGAAAGAAGATGTCATTGCTTTTGAAAACCTAACAAATATTAAAGTAAATTTAAAAGGTAGCGGTTTTGTGTCCCACCAATCAATTAGTAAGGGACAAAAACTTACTGAAAAAGATAAAATAGACGTAGAATTTTCATCAGAGAATGTAGACAGCAATTCGACGAATAATTCTGATTCAAATTCAGATGATAAGAAGAAATCTGACAGTAAAACTGACAAGGATAAGTCGGACTAACAAGAATGGCTACATTAAATAAGGGTGTATTGTCACTATTTGTTTTTACTAAAGTAATGCTGTGATAGAAAAAAACATCTTCATTTAATCTTTATAAATAAGTGTTGATAGAGAATTTTAAGGTAGACGAGGTCAGATTAACTTGTTTGTTATAGGCAAACTTTTTATACTGGCCTCTTATGCCGTAAAAAAGAAAAATTATAAATTTTGATTACAACTTTGTTTATTTAATTGAAAAATTGATAATATATTAGTGGTTAAAAAAGTCTGGATTAAGAAGAGGAGATAGTTATGATTTTTGTATATGCGTTATTAGCGCTAGTGATTACATTTGTTTTGGTACCTGTTTTAATACCTACATTAAAAAGGATGAAATTTGGTCAAAGTATTCGAGAAGAAGGTCCACAAAGCCATATGAAGAAGACTGGTACACCAACGATGGGTGGACTAACATTTCTATTAAGTATTGTGATAACGTCTTTGGTGGCTATTATATTTGTAGATCAAGCTAATCCAATCATACTGTTATTATTTGTGACGATTGGTTTTGGGTTAATTGGTTTTATAGATGATT
NZ_CP181124.1_gap29	1267988	1272089	4101	GAAAAAGTAACTGAAGCATTTAAAATCATTTTAGGTGATGAAAATGTTAAAGGTATTTTTGTAAACATTTTCGGTGGCATTATGAAATGTGATGTTATCGCAGAAGGTATCGTTGAAGCTGTAAAAGAAGTAGATTTAACTTTACCACTAGTTGTACGCTTAGAAGGTACAAATGTTGAGTTAGGTAAAAAAATCTTAAAAGACTCAGGATTAGCAATTGAACCAGCAGCAACAATGGCTGAAGGTGCACAAAAAATTGTTAAACTAGTCAAAGAAGCATAAGGAAAGGATGGGAGCACTAAGATGAGTGTATTTATAGATAAGAATACTAAAGTAATGGTACAAGGTATTACAGGGTCTACTGCCCTTTTCCATACAAAACAAATGCTTGATTATGGTACGAAAATAGTAGCAGGTGTGACGCCTGGTAAAGGTGGTCAAGTTGTTGAAGGCGTTCCTGTTTTCAACACTGTTGAAGAAGCTAAAAATGAAACTGGGGCAACGGTTTCAGTCATTTACGTTCCAGCACCATTTGCTGCAGACTCAATTTTAGAAGCAGCTGATGCAGACTTAGATATGGTTATTTGTATCACTGAACATATTCCTGTATTAGACATGGTTAAAGTTAAACGCTACTTACAAGGTAGAAAAACACGTTTAGTTGGTCCGAACTGTCCAGGTGTGATTACAGCAGATGAATGTAAAATTGGTATTATGCCTGGCTATATTCACAAAAAAGGTCATGTTGGTGTAGTATCACGTTCAGGTACACTAACATATGAAGCAGTGCACCAATTGACTGAAGAAGGTATTGGTCAAACTACAGCTGTTGGTATTGGTGGAGACCCAGTCAACGGAACAAACTTTATTGATGTTTTAAAAGCATTCAATGAAGATGACGAAACGAAAGCAGTTGTTATGATTGGTGAAATCGGTGGTACAGCTGAAGAAGAAGCAGCTGAATGGATTAAAGCGAATATGACAAAACCAGTTGTAGGCTTTATCGGTGGACAAACAGCACCTCCTGGAAAACGTATGGGACATGCTGGTGCAATCATTTCAGGTGGTAAAGGTACTGCTGAAGAGAAAATAAAAACATTAAATAGTTGTGGTGTGAAAACAGCGGCAACACCTTCAGAAATTGGTTCAACATTAATTGAAGCTGCTAAAGAAGCAGGTATTTATGAATCATTATTAACAGTTAATAAATAAAGTTAAAAGATGATATAAATGGCTATAGCCCATTCCATACTTTATAAAAGTATCGGAAATGGGCTATTTGTCGTGCAATGAATTTTAGTACACTTTTCATATTTTGGAAAGACAAGTTAATTATTTTACCTCCTACAATAGCTTTATAAAACAAAGAAAATTTTAATTAAAATATATAGTGCACTACGTTATAATGTTTATATATTATTGTAAGGAGTGTTCCATCATGAATAAACAACAAAGTAAAGTACGCTATTCAATTAGAAAAGTTAGTATTGGAATTTTGTCAATTTCAATAGGTATGTTTTTGGCATTGGGTATGTCGAACAAAGCATATGCAGATGAAATTGATAAATCTAAAGATTTTACAAGAGGGTATGAGCAAAATGTATTCGCGAAATCAGAGTTAAATGCTAATAAAAATACGACAAAAGACAAAATAAAAAATGAAGGTGCTGTTAAAACATCGGACACAAGTTTAAAGTTAGACAACAAATCAGCAATTTCAAACGGAAATGAAATTAATCAAGATATAAAGATTTCAAATACTCCGAAAAACTCAAGCCAAGGTAACAATCTAGTTATTAATAACAATGAACCTACTAAAGAAATTAAAATTGCAAACTTGGAAGCTCAAAATTCTAATCAGAAGAAAACGAATAAAGTTACTAATAATTACTTTGGTTACTACAGTTTTAGAGAAGCTCCAAAAACACAAATCTATACTGTAAAAAAAGGAGACACACTTAGTGCTATAGCATTAAAATACAAAACTACAGTTTCAAATATTCAAAATACAAATAATATAGCAAATCCTAATTTAATATTTATTGGTCAAAAATTAAAAGTGCCAATGACACCATTAGTAGAACCAAAACCAAAAACAGTGTCTTCAAATAATAAAAGTAATAGTAATAGCAGTACATTAAATTATTTGAAAACATTAGAGAATAGAGGATGGGATTTCGACGGTAGTTATGGATGGCAATGTTTCGATTTAGTTAATGTATATTGGAATCATCTTTATGGTCATGGATTAAAAGGATATGGAGCTAAAGATATACCATATGCAAATAATTTTAATAGTGAAGCTAAAATTTATCACAACACACCAACTTTCAAAGCTGAACCTGGGGACTTAGTGGTTTTTAGTGGAAGATTTGGTGGAGGATATGGTCATACAGCTATTGTCTTAAATGGTGATTATGATGGAAAATTAATGAAGTTCCAAAGTTTAGATCAAAACTGGAATAATGGTGGATGGCGTAAAGCAGAGGTTGCACATAAAGTTGTTCATAATTATGAAAATGATATGATTTTTATTAGACCATTTAAAAAAGCATAATTTAAATCGAAGGCAGGACATTGAAATATGAAATTTTCAACTTTAAGTGAAGAAGAATTTACCAACTACACCAAAAAGCACTTCAAACATTATACACAGTCTATAGAATTATATAATTATAGAAATAAAATAAATCATGAAGCACATATTGTGGGAGTGAAGAATGATAAAAATGAAGTTATAGCTGCATGTTTATTAACAGAGGCACGAATTTTTAAATTCTACAAATATTTCTACTCTCATAGAGGTCCTTTACTTGATTATTTCGATGCTAAATTAGTTTGTTACTTTTTTAAAGAATTATCTAAATTCATTTATAAAAATAGAGGAGTATTTATTCTTGTTGATCCATATTTAATAGAGAATTTAAGAGATGCAAATGGTAGGATAATAAAGAATTATAATAATTCAGTGATAGTAAAGATGCTAGGGAAAATTGGGTATCTCCATCAAGGTTATACAACAGGATATTCAAATAAAAGTCAAATTAGGTGGATTTCTGTATTGGATTTAAAAGATAAAGATGAGAATCAACTTTTAAAAGAAATGGAATACCAAACTAGAAGAAATATAAAAAAGACTATTGAGATTGGTGTTAAGGTTGAAGATTTATCTATTGAAGAAACAAATCGATTTTATAAATTGTTTCAAATGGCTGAAGAAAAACATGGTTTTCATTTCATGAATGAAGATTATTTTAAACGAATGCAAGAAATATATAAAGATAAGGCAATGTTAAAGATAGCTTGTATAAATCTTAATGAATATCAAGATAAATTAAAAATACAATTATTGAAAATCGAAAATGAAATGATGACTGTGAACAGAGCATTAAATGAAAATCCAAATTCTAAAAAGAATAAATCAAAATTAAATCAGTTAAATATGCAATTATCTAGTATTAATAATAGAATTAGTAAAACCGAAGAACTAATATTAGAAGATGGACCTGTTTTGGATTTAGCTGCTGCTTTATTTATATGTACTGATGATGAAGTTTATTATCTATCAAGTGGATCAAATCCGAAATATAATCAGTATATGGGTGCATATCATCTACAATGGCATATGATAAAATATGCAAAATCACATAATATTAATAGGTATAATTTTTATGGAATAACAGGCGTCTTTAGTAATGAGGCGGATGATTTTGGTGTTCAACAATTTAAAAAGGGTTTTAATGCACATGTTGAAGAATTAATTGGTGATTTCATCAAACCAGTAAGACCAATTCTATATAAATTTGCAAAACTTATTTATAAGGTTTAATTATAAAGTATGTTGGAAATTGAAATTTTAAATTCTTTCCAACATACTTTTCACTTTTTAAGTCAGTATTTTTACTCCTTAAAATAACATTACATCGACAATGTTTTTGTATTAGAAATGTAAAACAAAAATAGAATATGATTTTGTATGATTACAAAAAGGAGTTGATTTATTGATTAAACTATTTTTGCTTAAGTTATACTGGGCACACTTTTCGACTAAACAAATTCATCAATTTTTAATGGCATATCCTAATGTAATTAAAGAGGAGG
NZ_CP181124.1_gap30	1291535	1294561	3026	TAAACGTGCAAGACCTAGCCATGTCACATTAATTGTACAAAACCAACAAGGTCTTAAAAATCTATTTAAAATTGTAAGTGCATCATTGGTGAAGTATTTCTACCGTACACCTCGAATTCCACGTTCATTGTTAGATGAATATCGTGAGGGATTATTGGTAGGTACAGCGTGTGATGAAGGTGAATTATTTACGGCAGTTATGCAGAAGGACCAGAGCCAAGTTGAAAAAATTGCCAAATATTATGATTTTATTGAAATTCAACCACCGGCACTTTATCAAGATTTAATTGATAGAGAGCTTATTAGAGATACTGAAACATTACATGAAATTTATCAACGTTTAATACATGCAGGTGACACAGCGGGTATACCTGTTATTGCGACAGGAAATGCACACTATTTGTTTGAACATGATGGTATCGCACGTAAAATTTTAATAGCATCACAACCCGGCAATCCACTTAATCGCTCAACTTTACCGGAAGCACATTTTAGAACTACAGATGAAATGTTAAACGAGTTTCATTTTTTAGGTGAAGAAAAAGCGCATGAAATTGTTGTGAAAAATACAAACGAATTAGCAGATCGAATTGAACGTGTTGTTCCTATTAAAGATGAATTATACACACCGCGTATGGAAGGTGCTAACGAAGAAATTAGAGAACTAAGTTATACAAATGCGCGTAAACTGTATGGTGAAGACCTGCCTCAAATCGTAATTGATCGATTAGAAAAAGAATTAAAAAGTATTATCGGTAATGGATTTGCGGTAATTTACTTAATTTCGCAACGTTTAGTTAAAAAATCATTAGATGATGGATACTTAGTTGGTTCCCGTGGTTCAGTAGGTTCTAGTTTTGTAGCGACAATGACTGAGATTACTGAAGTAAACCCGTTACCGCCACACTATATTTGTCCGAACTGTAAAACGAGTGAATTTTTCAATGATGGTTCAGTAGGATCAGGATTCGATTTACCTGATAAGACGTGTGAAACTTGTGGAGCGCCACTTATTAAAGAAGGACAAGATATTCCGTTTGAAACATTTTTAGGATTTAAGGGAGATAAAGTTCCTGATATCGACTTAAACTTTAGTGGTGAATATCAACCGAATGCCCATAACTACACAAAAGTATTATTTGGTGAGGATAAAGTATTCCGTGCAGGTACAATTGGTACCGTTGCTGAAAAGACTGCTTTTGGTTATGTTAAAGGTTATTTGAATGATCAAGGCATCCACAAAAGAGGCGCTGAAATAGATCGACTCGTTAAAGGATGTACAGGTGTTAAACGTACAACTGGACAGCATCCAGGAGGTATTATTGTAGTACCTGATTACATGGATATTTATGATTTTACGCCGATACAATATCCTGCCGATGATCAAAATTCAGCATGGATGACGACACATTTTGATTTCCATTCTATTCATGATAATGTATTAAAACTTGATATACTTGGACACGATGATCCAACAATGATTCGTATGCTTCAAGATTTATCGGGCATTGATCCAAAAACGATACCTGTAGATGACAAAGAAGTCATGCAAATATTTAGTACACCTGAAAGTTTAGGTGTTACTGAAGATGAAATTTTATGTAAAACAGGTACGTTTGGGGTTCCAGAATTCGGTACAGGGTTCGTGCGTCAAATGTTAGAAGATACAAAGCCAACAACATTTTCTGAATTAGTTCAAATCTCAGGATTATCTCATGGTACAGATGTGTGGTTAGGCAATGCTCAAGAATTAATTAAAACCGGTATATGTGATTTATCAAGTGTAATTGGTTGTCGTGATGATATCATGGTTTATTTAATGTATGCTGGTTTAGAACCATCAATGGCTTTTAAAATAATGGAGTCAGTACGTAAAGGTAAAGGTTTAACTGAAGAAATGATTGAAACGATGAAAGAAAATGAAGTGCCGGATTGGTATTTAGATTCATGTCTTAAAATTAAGTACATGTTCCCTAAAGCCCATGCAGCAGCATACGTTTTAATGGCAGTACGTATCGCATATTTCAAAGTACATCATCCACTTTATTACTATGCATCTTACTTTACAATTCGTGCGTCAGATTTTGATTTAATCACGATGATTAAAGATAAAACAAGCATTCGAAATACTGTAAAAGACATGTATTCTCGCTATATGGATCTAGGTAAAAAAGAAAAAGACGTATTAACAGTCTTGGAAATTATGAATGAAATGGCGCATCGAGGTTATCGAATGCAACCGATTAGTTTAGAAAAGAGTCAGGCGTTCGAATTTATCATTGAAGGCGATACACTTATTCCGCCGTTCATATCAGTGCCTGGGCTTGGCGAAAACGTTGCGAAACGAATTGTTGAAGCTCGTGACGATGGCCCATTTTTATCAAAAGAAGATTTAAACAAAAAAGCTGGATTATCTCAGAAAATTATTGAGTATTTAGATGAGTTAGGCTCATTACCGAATTTACCAGATAAAGCTCAACTTTCGATATTTGATATGTAAAATGAAATAATCAAGGTATTTATTTAATGCGTATGGCGTAGTTAAAGAAATACAAAATTGGTGCTGGACATAAAATTATGCCTGTATTTCTTTTCAACGTCTTACGAGTCTATTCGAATGTAATGGTGAAATAAATGAACAAACTTTTACAAGAATCTCTGATTAATAGTGAAGTCATTTGTTTCAAGCATAAACTTATGCTATAATTAAGTTGCTTAAAAATTAGTGAACTCAGGCAGAAGAGTGGGAGATTCCCGCTCTTTTCTATTTGCCAAAAAGGGAGGCCTGTATGAGTAAAATTACAGAACAAGTAGAAGTGATTGTTCAACCAATTATGGAAGACTTGAATTTTGAACTTGTAGACGTTGAATATGTCAAAGAGGGTAGAGATCATTTTCTTAGAATCTCTATTGATAAAGAAGGTGGCGTAGATTTAAATGATTGTACGCTAGCTTCTGAAAAAATAAGTGAAGCTATGGATGCAAATGATCCTATTCCTGAAATGTATTATTTAGACGTAGCGTCA
NZ_CP181124.1_gap31	1351145	1353665	2520	AATAACAACCTGATTGGTTTGTGTTCCACCTACTAAAAAACGAATTGTAGCATTTGGACAATCAATTGTATCTTTAATCTTTTCAATTGCCTGAGCTGTGAATTGATCAAAGCCATATCCCGAAGCTTGTACAAGATTTGTATCTACTAATCGTTTTAATACTTTTTCATGAGCACCTTCTAAATAATCATTTTCAAATGAGATCACTACATTTCCCCCTAAAACTAATATCAGCATTTTAATATGATAAACTAATTTCAAAACTAGTTCGATATTTAAAATGTATTGTGAATTGTTAAAGTTTGTATCGCATTATCGCGAAGTTGAATAAATATATTATACATCAAACAATACATTAAGAAAATTAATTAATTTTTAATCATAGCGACTTTTCATGCTGGAACACATATATTAATGATTGAATTTTACTGTTAAAAGTTCTATGATTTAGGAAATAGAGAAAAGAGGGGATTTAAATGGAACAAATTAAACTTAAAACTTTTACAGCTGAGACTTTAGAGTTATTAGAAAAAAACATTAATGCTTTTTTAAGTTCTGAAGAAGCTACAAATTTAAAATTAGTAAATATTACTATTAAAGAAATAGAAGAAAGAACATTCCCAAATAATGAAGAAGAATTCAATGCAATTTTAACTTTATCTGTGAATAAATAATATGATGTGAAAGGTGCAAAATGTTTTTTGTGCCTTTCTTTATAGGAGAAAAGACTATGCGATATACATTTTCAAATGATTTAGGAACACTTTTTACCATTATTTTAGCCATTGGATTCATCATTAATTTAGTATTGGCTTTTATTATTATCTTTTTAGAAAGAAATAGACGTACAGCGAGTTCAACTTGGGCATGGCTATTTGTACTTTTTGTCTTACCATTGATTGGTTTTATTCTTTACTTGTTTTTTGGTAGAACCGTTTCGGCACGTAAATTGAATAAAAACAATGGTAACGTGTTAACGGATTTCGATGGACTTTTAAAACAACAAATAGAAAGCTTTGATAAAGGTAATTATGGTACTGATAACAAACAAGTTCAAAAACATCATGATTTAGTACGTATGCTTTTGATGGATCAAGATGGTTTTTTAACTGAAAATAATAAAGTTGATCATTTCATTGATGGAAATGATTTATATGATCAAGTTTTAAAAGATATTAAAAATGCAAAAGAATATATCCATTTAGAGTACTATACTTTCGCTTTAGATGGTTTAGGTAAAAGAATTTTACATGCTTTAGAAGAAAAATTGAAACAAGGTCTAGAAGTAAAAATATTATATGATGATGTTGGATCTAAAAATGTTAAGATGGCAAATTTTGATCACTTTAAATCATTAGGTGGCGAAGTTGAAGCATTTTTTGCTTCTAAATTACCCTTATTAAATTTCCGTATGAATAACAGAAATCATAGAAAAATCATCGTAATCGATGGTCAACTAGGTTATGTCGGAGGATTTAACATTGGTGATGAATATCTAGGATTAGGTAAACTAGGGTATTGGAGAGATACGCATTTACGTATACAAGGGGATGCGGTTGATGCACTGCAGTTGCGATTTATTTTAGACTGGAATTCGCAAGCGCACCGTCCACAGTTTGAATATGATGTTAAGTATTTCCCTAAAAAGAACGGACCATTGGGCAATTCACCAATTCAAATAGCTGCAAGTGGCCCAGCTAGTGACTGGCATCAAATTGAATATGGTTATACAAAAATGATTATGAGCGCTAAGAAGTCGGTATATTTGCAATCGCCTTATTTCATTCCGGATAACTCATATATAAATGCCATTAAAATTGCAGCTAAATCAGGTGTAGATGTTCATCTAATGATTCCATGTAAGCCAGATCATCCTTTAGTTTATTGGGCGACATTTTCAAATGCCTCTGACTTATTATCAAGTGGTGTTAAAATTTATACGTATGAAAATGGATTTATACATTCTAAAATGTGCTTAATTGATGATGAAATCGTATCAGTGGGCACAGCAAATATGGACTTTAGAAGTTTTGAATTAAATTTTGAAGTAAATGCCTTTGTATATGATGAAAATCTTGCTAAGGATTTAAGGGTGGCTTATGAACATGATATTACAAAATCAAAACAACTAACCAAAGAATCATATGCCAATAGACCGCTGTCTGTTAAATTCAAAGAATCGTTAGCAAAATTAGTTTCGCCAATTTTATAATTTATTTGTAAGGAGTCTCGATTATAGAGGCTCTTTTTATTTTGCCCAAAATTAAAATAACGATAAATATATTATGTAAACCTAATAATGACATTTGTCATTTCAAATCTATGACAAAGTGTTCTATTTTAAATCTAATAAATTTACTAATATTAAATTAAGAAAAAAATAGAGGTGATTAAATTGATTCAAATATCTAATATCAACAAGTCATTTAATAAAAGATGTGTTCTAAAAAATATTTCGTTCGATATTGAACAAGGTAAATGTATCGCTTTAATTGGAAAAAATGGTGCTGGAAAGTCAAC
NZ_CP181124.1_gap32	1493987	1495838	1851	AATCGCTTTCGCTGCAGTAATAGCATTATCATACTCTTGTTGTTTATTTGTATCAGCATCACGATATTTCTCAGATGATTTCACTTGAGATTCGTTGTTAATACCATTTTGTAAGTTAGCCATAGCTTGATCTAAATGTTGTGCATTTTGTTTTACAGTATCAACACCACTCACTCTTGTCGCACTACTAATTTGACTAATCAAATTGTTCTTTTGAGCATCTGTAATACTCGTTAATGTGTTTAAGTACGTTTTCGCATTTTGTTTTGCCGTAGCTAAGTTTTCATCACCGTTAAGTGCCGTTTTAGAACTATTCACTTGCTCTGCTTTTTGTGTAATCGTACTTGGATTCATTTCTGGATTACTATTCGCATTAATAATCGTTTCAGCAGCAGCTACCGCGTTGTTATATGCTGTTTGCTTATCATTATTAGCATCTACGTAATCTTCACTTGCTTTAGTCGCATCATTGTTAGCAATACTTTGTCTTAACGTATTCATCGCTTGATCTAATGTGTTGGCATTTGATTGAACCGTATGAACACCAGCAACAGTAGTACCACTATTAATTTGATTTGTTAAATTCGTTTTTTGTGCAGTTGTTAAATGCGTCATATTATTTAACTGCTGTTTCGCTGTTTGCTTCGCTTGATCTAATAAACGCGTACCATCTAAGTTATTTTTAGCCGAATTCACTTGATTCATCGCTTCAGTAACTTGATCTTTCGTTTTATTTTGACCATTTGATTTATTTAAAATATCTTTCGCAGCTTGCACCGCATTTGTGTATGCTGTTTTCTTACTAGGTGTCGCATCTTGATAATTTTGACTATTAAGCGTCGTTTGTTCATCATTGATTGCACCCTGCAAGTTACCCATCGCTGTATTTAAATCTGTACCTTGTTGTTTAACGGTATTTACACCAGCAATATTTGATGCAGCATTAATTTTAGATTTAACATCTGCTTTTTGTGCATTATTTAAATGTGGTAATGCATCAATTGCTCTTGCAGCATCTGTTTTAGATTGTACTAATTTTTCATCACCATTTAATGCACTTTTATTAGTAGTAACAGCTGAAGTTGCACGATTAACATCATCAACAGACATTGTCGGATTAGCTGTTTGATTAATAATTGTTTCAGCACTTGAAACTGCACTGTTATATGCATTTTGTTTAGCTGTATCTGCATCCGCATAATCTTCTGTACGTTTCACTTGATCTTTATCTGCAACAGCTTGTCTTAAGTTACCCATTGCACTATTCAAGTTTGTTGCATTTTGCTTAATTGTATTAACTGCATCAATTTGATGCGCACCATTAATTTGCGATTGTAAGTTTTGACGTTGTACATTATTTAAATTGTTTAAATGACCTAATGCAGTATTCGCTTCTTGTTTCGCAGCATTTAACTTAGCTTCACCATTCAATGCATGTTCTTTACTTGTGACATTTGATAAAGCATTGTTAACATCACTTGGTGTTATAACTGGATGTTGTGCATTACCATTAATAATGTCATTCGCATGGTTGTATGCATTGTTGTAATCATTTTTCTTATTAGTATCTGCGTTGACATAATTATCACTTTGTACGACTTGGTTATGATTAGCAACGCCACGTTTTAAACCTGTCATAGCAGTATTTAAGCTTTGAGTCGTTTGTTTAATATCATTTACTGCTTGCACGTTTTGTGCACTATTCACTTGTTGTGTTAATGCATTCTTTTGTGCTTGGTTTAAATCACTTGCATGCGTAATCGCATTTGTTGCTTCTGTTTTCGCACGTTGTAAGTTTTGTTGACCATCTAAAGCATCTTTCGTCGATTTAACAGATGCTGCTTTTTGGTT
NZ_CP181124.1_gap33	1502107	1504865	2758	GTCCTTTAGCAATCGTTACCGTTGCTGTTTTAGCAGCATTGGCAGTTTGATATTCAGATTTCACAACTGGTTCGTATGTCATCACATTTGTAGCATCAAGCGTTGTTGATGAGCCATCACGGTAATGTAATGTGACGTTACCATTATTATCGACAGTTACTGGATCAGTTGATGCTAAATATCCTCTTATATTTTGGTTTTTATTCATAAAGGCAGTAATTATGCTTTGCTTTTCATCATTAGATACAGCAGTCGGATTGACTACTACAACTTTCTCAGTATTTCCTAATACAATCGGATGAGCATCTTCACTAATTTTACCTACATGAATTGACACATGTTTAGATTGACTATCATTTGTCGTATTATTGACATTGTCTGTCGCTGATACTTTAAATGTAATATCACTGTTAAATGCCTGATTCATAGAGACTCTACCTGTAATAGCTAATGAGCCGTTTTTGTTGTCGGATTTAGTTAAATTTGATGTCCAACCACTTGGCAAAGTAGTAATAGTTGTATTTTTTATACCAGAATGTCTATCAGAGACTCCCATTGTAAAGTTGACTTCGTCGCCTCGATAGTATTTGGCATTTATTCCAACAGGATTATTGATTGTTGGTGGAATGTCATCTGGCAAAATAGTAACAGCATTACTCATATTAGATGCAACTACTTTATTATAATAAACTACTGCTCTAATTTGTTTACCTACAGGTGGTATGAATACAACATAATCTTGCGGTCGTATAGTAACTGTATTATGCACCCCATCAGGTGTACCAGTCGCAAGTATCGTATAACCAGATGGTATTTGATCTGCCTCACTACCACCATTCGTAGTTTGATTTGTTGGTGCAACTAAATAAACCAATGCCGATGGATCCAACGGTATTCCCGAAATATTAACAGGCACTTTTTGTAATGCTGTACCTCTTAATTGCTCAGCTGTCGTTGTAATTGTTGGTGTATGTGGTTTAACACGAATTTCAAATAATTGTTCTTTACGTCCAAAACGTATCGTACCAAAGTAATCCCCTGGTAATAAATTACCAACAAGTTCAATGTTACGTTCTCTAGCATTATTAGTTCTATTTGTCGAGTTTTCAATGTGTAATGTACGCGGAATACCTGTAATTTGCCAACCTTTATCTGTAAAATTCTCATTACTTGTTAAATTAATACGTAATGGTTGAATAGATGTTACGCTACCACCTAAATTCACGGAAGCATTCCCTTGGTTACCTGCATATACATAGAAAACTGGATGCCCAGCTTGTTTTGAAAATGGTTTTTCAGCAATATTTTGAGTATCGTCATTTTTAAAGAATTTAATATTATGTTGGATTTCAGGTAATACCGTTAAGTTAACAGGAACTAAAGTTTCACTATTACCATAACCATCAGGATAGTCGAAACCAATCATTAATCTTATTGGGTTTCTAGTTCTTGCTGCTTCTTGTAATTTTTGATCAGTAAATAATTGACTTAATTGATATTCATTTAATTCTTGAACGCCCCCCGGTCTAAAAGCGTTAGTATTTGCATTAGTTGGGTAAAAACCTAACACTTTATTACTCGGCGTCTTAACATAACTTAAAGGATCATCAACAAAATCATCTATATTTAGGTTTGTACTTTCTAATACCTTTTTCGTTTGTACATTTCCTTGACTCACTTCTACACGTTTAGTTGTACCTATGCGATATGTACGATTAACCACTTGTCTTAAACCATTAAGACGTTGTTGATGGTCTTGCGTTGATTCGACGTATAGTTGACTGTACATAAATAATTGATTGTACTCTAAAGCACGCCCACCTGCTGCATAATACAATTTATTAACAGTTGGACCTTGTGTTTTAAATGAAATTGTATAACTTGCATCACCTTGACCGATGAAAGTATAAACTTTAGGAACACCCGGTGATTCAGCAGGTTTTTGACCATTAATATATTCAAAATTTTGTCTACCAAATGCTTTAGTAGCAGGTGTCGCTCCAGCTTCACTAAAATAATCACTCGCTCTAGATAAATCTTCTAAAGAATAAACATGGACAGTTGGCCAGCTATATATTACTTGGCCACTTCTATTTCTTATTTTAAAGTCATGTGAACGATCAGGATCATTTACTCCATATTCCCACATTTGTTGAAGTGGTTTATTTGCACCTGCTCCTGCTCCATGACTCCATTGTACATTTGTTCCATCTGAATTAACTGTTACAAAGTCAGTTCTTCCTACTGGCACTTGGTCTGCTGGTAATGCAAACCAGAAAATCATATTTTGATGTGGAGCATGTCCTTTATTAAACTTAATAACCCATTGGTAGCCATCTCCAGTTTGTTTCGCTGTCATAAGAGCAATTTCCTTTGAGTCAGAGGCCTTCAATGTATTCCATGGTGTAGTTGGTAAATTATATGGCGCCCCTTTACTAGAAGCATTGATATATGTACCTACAGGATATCCTGAACCATCATTAGCATTTTCAACATAATATGATGAATTTGCATTTTGATAGTCTGATACTGATCTAGGCTCTGCAGCTCTAGACTCAACAGAACGCGTTTGAATTCTGTTTGATCGACGGCTAGTTTGTTGACGTTGAGGCATTGTACGAATTAAAGCAACAGCTTGTTCCAATTCTTTGTATGCAAGTTGCAAGTCTTTATTGTTAATTGGATCATTACTGCCTAATAAAGTATTAATCTTGTCAAAAATGCCTTTTACATAGTTAAATGTGCCAGAATCTGCATT
NZ_CP181124.1_gap34	1506767	1509039	2272	TTGCAACTGCACCTCCAAAAAATGAACAAACACCAGAGCCGCCCCATGAGCCAATTGACCAATAACTTAAAGCGCGTTGTCTATCTTTCCCAATGTAATATGACTTAATAGTAGACAAAGTTGCAGGCATAATACATGCTGCTGAAAGTCCTTGAATTAATCTTCCTATAATAAGTAATAAAGGAATATTTGAAATAATGATTAATAATGAACCCAATATATTTAAGATAATACCAATGTTCGTGAGTTTAATTCTGCCATATTTATCAGCAAGACCACCTGCTCCTACAACAAACATTCCTGAAAATAAAGCAGTTATACTAACGGCGATATTAACCGTTCCAATATCTGTATTGAAACTATCTTCAAGTATTGGTACAACATTAACCAATGATTGTGCAAATAGCCAAAACGTTATTACACTTAAAACAATTCCTATTAACAACTTATTATTGCCTTCAAATGCCTCTCTTGACGGCTTTTCCATCTCTATTTGCCTCCCTATACTTTTGAAAACAGACAAATTCCATAACAGAAATTTGTCTGTTCGATAGAATAATTGAATGGTTTTTGATTTTAATGTGTAAAACTTTAAATTTATTAGTAGTCCATCCATTTATTCTCAATGCTAGTTATCTTACCTTATGCTGCTTTTTGTTTCTTCTTATAGTAATAAACTGGTATACCAAGTGCTGTTATTAGAATTCCAATGATTGCTAATATAAATTGTGTAAACAGTGTATTAATCAATACAAATGATCCTGCCAAAATAGCAATTAAAGGTATGATCGGATATAACGGTACTTTATATGGACGCTCCATATTTGGTTCACGTTTTCTTAAAATTATTACAGCAACAAATGACATACAATAGAACAACCAAATAACAAAGATTAACATGTTTGTTATTGTATCAAATGCTCCCATTGACATCATGATGATAGCGATTATAAGTTGTATAATTGCGCCAAACCATGGTGCGCCAGATTTTGTTAATTTTGCGAATAAGTGGCTAAATGGCAATAATTTTCTTTCAGCCATTGCATATGGTACGCGCATACCAGTCATAGTATAGCCATTGATCGTACCATAAACAGAAATTAATATACCGATTGTAATAATTTTACCGCCATTTTCACCAAATAATATTTTTGATGTATCTGAAGCTGCATTTAAGTTACCAGCAAGTAGTTCTATTGGCAACGTTAATAAAAATGTAGCGTTAATTAATAAATACACAGCCATAATACAACCGATACCAACTGAAATCGCTAAAGGTAAATCGCGTTTAGGATTTTTAAGTTCCCCCGCAACATTTCCTACATGAATCCAACCATCATATGCAAACATAGTTGCTAATAAACCACTACCAATTGCTGTAAAGAAACCATTTCCTGAATTACCTGTAGTTGGAATTAATGAAAAAGTGATATCTCCAGATTGAAAAATACCAAAAATTACAATAACGATGATTGGAATCAGTTTAATTACTAAAGTAACTGATTGTAAAATTCCGCCTGCTTTTGAACCTAGGAAATTTATCAACACAATAGATAACGCAGATGCGATTGCTATTGGTATTAACGAACCTATAGATAAATGGAATAAATTAATTAGCTGTGTCGCAAATACGATAGACAATGCTGCTACGTTAGCTGGAAAATAAATAAATGATTGCGCCCAACCTGATAGGAAGCCCCAGAAATCACCGTATGTATATTCTATATACTTCGTTAAGCCACCTGTTTCAGGGATTGCAGCAGCAAGTTCTGCTGCTGTTAACCCCGCACAAATGGTAATGATGCCGCCTAGGAACCATACAAACAAGGCCATTCCTGCTGTTCCTGTTACTTCTGTTACGTTTGATATTTTAAAGAATACTCCTGAACCAATAACTGTCCCCATAACAATAGCAAACGCTGAGAAGAAACCTATATTTTTTTGTAATTCTTTACCATTTGACATAATTACACCTCATTTTTAAGATTGGAAGTTTTAACCTACCACACCCTTACTTGTATCCGCGATATTTAAGCCATGTTCAATGACACCAGAAACTCTAGTTAAGTCAACGTTTCCTCCTGAAACTAATGCAACGACATTTTTACCCTCTAGCCATTTTTTATCAATTTTCCCACTTAAAATAGCTGCTGTAGGTAAAGCTCCTGCACCTTCTGTAATGATTTTGGCACGTTGCATTAAATCTTGCATTGCATGTTCTATTTCCTCTTCTGATACAAGAATAAATTCATCTACTAAATGTTTTACTACT
NZ_CP181124.1_gap35	1533132	1534053	921	CCTACAGTTCTTATTATTCGATTATTAATATCTTGTTGACCATCAAAATAATCATACAATTTGTATGCTGTATCCATTGCTATCGCATTCATCGTGAAATCTCTTCGTTGCAAATCTTCGTATAAATCCCGAACAAATGTAACACCACTTGGTCTACGGTGATCGACATAATCTTCTTCAGCCCGGAATGTTGTCACTTCATAATTTTCATCATTAAAAACTACATTTATGGTGCCATGTTCTTTACCTACAGGTATCGTATGACTAAAGATAGATTCTATTTCATCCGGCGTTGCACTTGTTGTGATATCTATATCATGAATATTTCTTCCCATGACATAATCTCTTACAGAGCCACCTACATAATATGCTTCAAAACCATTGTCTTGAATTTGTTCTAATATAGGCCTTGCCTGTTCAAATAATGATTTATCCATATTATTACTCGCCTTTACTTTTGTTATGCTCATTTAGCATTTTTTGATAATAATACTCATATTGATCTGTAATAAGTTCTGATCCAAAACGTTCAGCAATATCTGCTAGCATGTTTTTCTGAAGTTTGTTGTATAACGCCTTATCTTCAAGTAAACGGATAGCATAGTCACTCGCTGAATCACAATCACCCACATCTACAACAAATCCAGTTTCACCATGTTTAATAACCTCTTTAATTCCACCGGCATTTGAACCAATTGGAACGACGCCTGTTTTCATAGCCTCAAGTAAAGTTAGTCCAAAGCTTTCTTTTTCACTTAATAATAATACTAAGTCAGATAATTGATAAAATTCACTTACACAATCTTGTTTCCCTAAAAATAAAACATCCTCTTCTACGTTTAACTCTTTCGTCAATTGACGCATTGGCACTAATTCAGGACCATCTCCAAGTAAAATTAATTTACTAGGTATCTTTTCACG
NZ_CP181124.1_gap36	1542386	1544346	1960	TATGTTGTTAATCTTATCACATTCATTGTGGATTCATAAATGTTTGTTTTCAAGCTTAATTAAGAAAATGGATGACATCTCATTTTAAATGTCAGAATTATCTTAATATTAAACGAACTAAAATTAATTATAATATATTCGTCTGTAGAAAAGTATCATGAATTTCTAAACAGTTGCATCATATAATCATTAATTAAAAATGATTAGCCGTTTTAATATAATCGTATCGCAACTTTAGCAAATAATATACTGACTACATTTCTTAATACAAAAGAACGAACTGTTAATTATTAATAAAGTTAATCAGTCCGTTTAAAAAAATTATGATATTAAAATATACATATGTTAAGCGCTTTTGTTATACTTTGACTTCAAAAATATAATCAATTCTTTTACTAATACATAAAAAATATAAATGAGAGTCAGTATAAAAATAATTTTTGTTATAGGATTAAGTGGTTTATCTAAAAATATAGCACCATATAGTAATTCCATTAATTTTAAGAACATTAAAATCCCCAAAATAATCGAAATAATATTCTTCATTTTAACAACCCCTTCTCTCTGTTTAGTTTCATTTGATAAAGAATATTCCTCTCTTTTTAATACGTGTTACCAAAAAACTATAAAATTTTTCAAGTAATTTACTACAACATAAAAAACGGGCCTTGTTATGTATAATCATAATGACTAACCACATAACAAAACCCTTTCTACCTTTATAAATAAATCGTAAAGGTTTACAGTTTATATTTTATTCATATAACCATGCATCACGTGGTGAAGCATAGCTAGTAATTTCATTTTCATTAAACCATAGATTAATTTCACGTTCAGCAGACTCTAATGAATCTGAACCGTGAATGATATTTCTACCAACAGTTAAACCTAAATCACCTCTAATTGATCCTGGTGAAGCTTCTGAAGGATTGGTGCTGCCAATAATATGTCTAGATACATTAACTGCATCTTCACCTTCAACTACCATTGCGAACACTGGTGCTGATGTAATAAATGAAATTAAATCATTATAAAACGGTTTGCCTTGGTGTTCACCATAATGTGTTTCAGCAAGTTCCATTGGTACTTGCATTAATTTACCACCGACAAGTTTTAGTCCTTTTCTTTCAATTCTTGAAATTACTTCACCAATTAGATTTCTTTGTACTGCGTCTGGTTTAATCATTAAAAATGTACGTTCCACTTTATGTATCCCCCTGTGTTTAATAGGTTTATGTATATTACTATTATATATTAACAGGTTGGTAAAGCGCTTTCAATACTTTTCATAAATACTATGTGTTTCTTGACCCCATTTTTTTCGTCAAACTTAAAAGTAGTGATTTCGGATGTCCATCTGGTAACTCAGAAATCAAATTCAAAGCTTTACTTAAATACTTCGAACTTACTGCCTTAGCCTCATCGATGCTGTCAGATTTTCTAATGATTTGGATACATTCTTCAAATTCTTTGCGTTCACTATCACGACGTAACTGTTCGATTTTCAATTTGAAGTCTGGATTTTTACGCATTTCTAATAAAATCGGTAACGTAATATGACCATTAAGCAAATCACTTCCGACCGGCTTACCTAATTTCTTTTCGGTACTTGTGAAGTCTAATACATCATCAATGATTTGGAAGCTCATACCTATATAATGACCAATCATTTTCAATTTTCGTACAGTCTCTTTATCAGATTGAGAAGTAATTGCACCAACTTCAGTTGATATTTGAATTAACAGTGCTGTTTTGCGATTGATACGTCGTAAATAATTAATAATTGTCTGTTGACTGTTAAATTGGTCTTGAAATTGGAAAAGTTCCCCTCTACAAACATCAACGATAGATTCAGATATCAATTGATGTACACGATTATCTTTAACGGCCATTAAGTGTTCAAGTCCTAATGCCAATAAAAAATTCCCAGTTAAAATAGCAGTTGTCTGATCCCATTTCT
NZ_CP181124.1_gap37	1549597	1551908	2311	TTTGTGTGCAATTTCAGAAATATGTACAAGTCCTTGTACACCTGGTGCAATTTCAACAAATGCACCAAAGTTTGCCAATCTTACTACGACACCTTCAATGACATCATTTTCGTGGAATTGACCTTTAATATTTTCGAAAGGTGTTGGTAACGTATCTTTGATTGATAATGAAATACGTTCTGTATCTCTATCAATAGATTTAATTTTAACTTTAACATCTTGACCAATTGAAACTACTTCTTCTGGTGTTTGAACATGTTCGTGAGAAAGTTCAGATACATGCACTAAACCATCAACACCACCAATGTCTATAAATGCACCAAATTGAGTTAAACGCGCTACTTTACCATGAATAACATCGCCTTCATTTAAAGATTGTAATAATTGATCTTTTTTAGCATCGTTTTCTTCTTGTTCAACTGCTTTACGGCTTAAAATGACTCTATTATTTTCAGGATCCAATTCTTCAACTTTAATACGAATTGTTTGTCCATCAAACACAGAGAAATCCTCAATGAAGTCTGTTGAAATTAGTGAAGCCGGAACAAAACCTCTTTGTCCTACATCAACAACCAAACCACCTTTAACTACTTCTGTTACTTTCGCTTCGATGATTTCATTATTATCTAATTTTTCTTGTAAATAACTATAAGACTTCTCAGTTTCAAGTTGTCTTCTAGATAAGATGTAAGCTCCAGTTTCATTTTCTTCATCAAACTCAACTTTAGTGACATATGCTTCAACTTCGTCGCCCTCTTTTACAACTTCACTTGGGCTATCAATATGATGCGTAGATAGTTGACTAATAGGAATAATCCCATTAAATTTACCACCGTTGATATGAACAACAACTTGCTTGTCTTCAACTTGTTGTACCTCGCCAGTGACTTTGTCACCTTCTTTAATATCGTTAATCATTGATTCATTGAATTCTTCAGTCATCTTGTTTGCCTCCTTATACACTACATATTTATAACATCTTATAAACTGACAGAATTGTCAAGAAATTCTACCTTTATTACATTTAGTAAATTAGTTGTATCCATAAATATGTCACTTAATCTCATTCTGTAAATTAGTTGGACATATATTTATTACAACCATATATTCAAACAAGTAATAAAGTCCGCTATGTTTATACATATTTTTTGTATAAAAATTAGCATAGCTTACTATTTTGTTTTATAAGTCTGTCATTTCATTGTTCTCTACAAGATATATTATAGTAAAATTTTATACTTTTATAAAACAAAAAGCCACGCAAATAAGCAACTTTTACATTTGAATAGTAAGAAGACCGTATATAGTGCATCTTTCTCGAATTATTACATAGGACATTTTTTGTGACTAAATCAACTTCTCTTGCAATATTTAGATTTGTAACACTCATTTTCTTACCATTTGTAAAATGCTTTATGAATGTAATGAATTATTTTTGGAATTCTAATAATTCACCTTTATTATTTCTTTTTACTTTTTGAAAAACTTACACAATTCACTGACGCATGAACTTTTACCAAAAATAAAAAGGCAACTTTCATTCATCATTGAATAAAAATCACCTTTTAATTTGAGTAAATCATTATCAGCACATTCATTTTGTATATGCGTTAAGCGTTGCACATTACAAATAGATAGTTATGACTTATTAGATTATTTAATTTGACTCACCATCGCTAAAATTTCGTCAGTAACTTCTTCAATCGACTTGCCTGTCGTATCTAATGTCACTGCATCATCTGCTTTTCTTAATGGTGATATTTCACGGTTCATGTCATATTGATCACGAGCTTCAATATCACGTTTTAAATCTTCAAAATTTGATTCGATACCTCTTAATTGATTATCTTTATATCTTCTTTCTGCTCGCTCTTCAACTGATGCAATCATATATACTTTTAAATCTGCATCTGGTAGCACTACAGTTCCGATATCGCGACCATCCATTACGATACCTTTTTCTGCAGCTAACTCTTTTTGTTTTTTAACGGCGAATGAACGTACTGGCTCTTTAGATGCAACGTATGAAACATGTTGCGTCACATCATTATTTCTTAAAAAGTCTGTTACATCTTCGTTATCTAAAATGACACATTGACCTTTATCTGCTTTATAAGTTAAATCTAATGTTGTTTGGTCAACTAGTTTTGCAAAGTCCTCAGTTTTGTTTAATTTTAAATATTTGTATGTTAATGCACGATACATTGCTCCTGTATCGACATAAATCATTGATAGTTCGCTGGCTACACGTTTCGCAATTGTACTTTTTCCGGCAGCAGCTGGACCATCTAATGCAATATTAATGGCTTTC
NZ_CP181124.1_gap38	1609149	1609881	732	AACCAGGACCGCCGCCACCATGTGGACCAGTAAATGTTTTATGCAAGTTTAAATGAACAGCATCAAATCCCATATCTCCTGGGCGAACTTTGTCCATAATAGCGTTTAAATTCGCACCATCATAATATAATAGACCACCAGCATTATGGACGATTTCACGGATTTCCATAATGTTTTTTTCGAAAATACCTAAAGTATTTGGATTAGTTAACATAATAGCTGCTGTATTTTCATTTACAACACGTTTCAAGTCATCAATATCAACTTCGCCACGTTCGTTTGATTTTACAGTAACTGATTTAAATCCTGCAAATGAAGCTGAGGCTGGATTCGTACCATGCGCAGAATCTGGCACAATGACTTCATCACGATGACCTTCACCATTATTCTCATGATAAGCTTTAAATATCATCAATGCAGTCCATTCACCATGTGCACCAGCAGCTGGTTGTAATGTTACCTCATCCATACCAGTAATTTCTTTTAATTCTTCTTGCAAACTATAAATAATTTCTAATGAACCTTGAACTTTGTCTTCATCTTGTAATGGATGTGATTCACTGAATCCTGGTATTCTAGCAACCTTTTCATTAATTTTAGGATTATACTTCATCGTACATGAACCCAATGGATAAAATCCGTTGTCTACACCGAAATTTTTATTTGAAAGTTCAGTATAATGACGTACTAAGTCTAGTTCAGCAACTTCAGGAAACTCCGCTTTGTTTTTAC
NZ_CP181124.1_gap39	1631580	1633053	1473	TCCACCATGTTGCATATGTTGAAAACTTAAATCCTTTGTTAAAGTCAAATTTTTCAACAGCTTTAATAAGACCCATATTACCTTCTTGGATTAAATCAAGGAATAACATACCACGACCTACGTATCTTTTAGCAATACTTACAACTAAACGTAAGTTCGCTTCTGCAAGTCTTGATTTTGCTACTTCATCACCTTGTTCAATACGTTTGGCTAATTCGATTTCTTCTTGTGCACTTAATAAGTTAACACGCCCAATTTCTTTAAGGTACATACGAACTGGGTCATTTATTTTAACACCTGGAGGGGCACTAAGATCACTTGGATTCAGTTTCTCGTCAGTATCTGAACTATCTTTTTCATTAACTAGTGAAATATCATTATCATTTAATTGATCAAAGAAATCATCCATTTGATCAGAGTCGATATCAAAATTCTGAAGTTTTTCAGCAATTTCTTCATGACTTAAATGACCCTCTTTTTTACCTTTTTCAATTAATTGCTTCTTAACATCTTCTAATGTTAATGTCGGATCAATTGTTTGTTTTTTAATTTTAACTGTGTTATCAGACATGAAACGGCCTCCCGATTTTAAATATGAACATTCGAAATTTATTCAATATTGCTATTTTAAACTAAATTCTTAATTAATTCATCCATATTTTTAATTTTATTTTACAAATTGGAACTAATCCCAATATTTATTTTTCAATAGTGTTGTTTAAATGCGGTAACTATCATTTACCCTTATACATTTTGACATAATCATTATTCGTATTATTCTTTAAAATCACATGCTACATGCGTTCTTTATTCTTAGCAACAATTTGCTGTAAATAGTATTTTTGTAATTCTACATCGCCAATCCTTGTAGCTTCCCTTAATTTATGATTCAATGACTCAATTGTTTCTTGTCCTTTTTCATTAATAACATTGACATAATCATCAATTTCATTTTCATATGGTTCGTCATTCAAATTATATTGTTCTAAGCTAATTAGTGTTTCTCTCAACTCATTTGAATTAACATACTGCACAGCATCACTGATATTATATTGATCATTTTCCGCATAAAAATCATGTAAGACTTCGAATACATATTTAAAATGCTGATTTGTGAAGTTATCCTTATCAACACTTTCATAATAATTTAAAAATGTATCTTTATCTCTCATTAAATGTTTTAAAAATGCTCGCTCCGCTTTTTCTTGACGGCTCAAATTGTCAAATTGTGCCATACCAATTGGCTCAGGTTCAATATAACCGCCATACTCATCATAACCGCCATACTCATCTTCTGGATAATAATTGGCTGGTGCTTGATTGAATTGTATTTCGTTAGCTAACTGCTCAGGACTAACATTGAAAAATGGCGCAACATCATTTATAGCCTTTTGTTGCAGAATTGATGACTTCATAAGTGAAATGTCATGACTCAGTTCTTTCAAATAACGTTCATATGAAAGGTCATTATGT
NZ_CP181124.1_gap40	1638811	1643025	4214	ATCTCTGTAAAGTCCATATAACTTTGATATTCTTCAATCTTTGGCATTAATTCATCTGGATGCACTAAATCTATTTTATTTAATACTAAAAATACTGGTGTCTTAACATTTTTCAACATTTCTATAATATATTCATCGCCTCGTCCAATTTCCTCATTGGCATTAACCATAAACATGATTGCATCTATTTCAGATAATGTATTTTTAGCGACTTTCATCATATAGTCACCTAATTTGTGTTTAGGTTTATGAATACCTGGCGTATCAATGAATATAATTTGCGCGTCATCTCTTGTCATAACACCTTGAATTTTATTTCTAGTTGTTTGAGCTTTATCGGACATGATTGCTATTTTATGGCCAATCACTCTATTAACAAATGTTGACTTCCCTACATTTGGTCTACCTATAATTGAAACAAATCCTGATTTATGTTCTGTCATTTATTCTAAATCCTTTCCTGAAAATCCAAATGGTAGTAACTCTGCGACTGTCATCATAACCATATCTCCTTTATGATTTGTCATATACACAGGCATATCATCATCACATAATTCCTTTAAAACTTGACGACATGCACCACAAGGTGATGACGGTTTATCTGCATCTACGGTTACAGTTATTGATTCAAAATCACCTGGTCTGTATCCTTGAGAAATTGCCGATACCAAACTAGCTCGTTCAGCACATATCGATAATGGATAAGAAGCATTTTCTACATTGGTACCATAAAAAGTTCTACCGTCTTTCGTTTTTAAATAAGCCCCTACTTTAAATTGACTGTATGGCGAATATGATTCTTGTTGTGCTTTTCTAACTTCTTGAAAATAATGAGGTTGATAACTCATATATGCCTCCCTAAAATAACGCTATAAAATGTGGTAAAAATACTATTAAACCTATAATAAATGCTAATATTGAAACTATAAGTACACTAAAAGCCGCTATATCTTTTGCGTATTTAGCTAAATCATGATATTCAACGGTCACTAAATCGACAACATATTCAATAGCAGTGTTTAAAGCTTCAACAGTGAGAACTAATGCAATAGCAATGAGTATAAATATCCACTCAATACGATTAATATTTAGTACGAGACCAAAGACAATAGCAACAATCATTGCAAACACATGTAAAAGAAATTTATAGTCTTTTTGAATTAAGATTTTCAGCCCATCAAGTGCATATTTAAACCTTTTCATAATTAGTCTCGTGTTAATCCATAAGCGTTTAATATTGTATCTTGTCGACCAAACATTTCCTTTTCATCCGCTTCAGTCATATGATCATAACCTAATAGATGCAAAAATCCATGTAATGCTAAAAATCCTAATTCTCGTTCAAAAGAATGTCCGTAATTGTTTGCTTGTTCTTGCGCTACATCCGTACAGATAATTATATCCCCTAAAACACGTGGTATATCAAGACCACTAAAATCAATCTCTGGCTCATCTTCTTCTAAAGCAAATGAGATTACATCTGTAACTTTATCTTTATCTCTATATGTTCGATTAATTTCTTGTATTTCTTGTTTATCTACAAATGTAACAGAAAGCTCAGCATCGTCTTCTATATGCTCTTCTTTTTTAGCAAATTCTAATAAATCTTCAATTTGTTTATACCACGCATCTTTAACTAAGCCTGTGTGATCGCTAAAATCTATCGTAAACATTTAATTCTCTCCTTCATAATGTTCAATGATCTTACTTACCAATGGATGTCTTACTACATCGCTCTGATCTAATTTCAATATACTTATACCTTTAACGTTGTGTAACCTACTGACCGCTTCCTTAAGTCCACTTTTAACACCTTTAGGTAAATCGATTTGAGTTTGGTCACCAGTAACTACCATTTTTGAGCCAAAACCTAGTCTTGTTAAAAACATTTTCATTTGCGCATGTGTCGTATTCTGCGCCTCATCAAGAATTACAAATGCATCTTCTAATGTTCGTCCGCGCATATATGCAAGTGGCGCTATTTCGATAATGCCTCTTTCAATAAATCGCTCTGTTTGTTCACGCCCAAGAACAGTATATAGACCATCATATAAAGGTCTTAAATATGGATCTACCTTTTCTTTCAAATCTCCTGGTAAAAATCCAAGTGACTCTCCTGCTTCAACAGCAGGTCTTGTTAATACAATACGTTTAACAGCACCTTTACGGAGTTGCTTTGCTGCATAAACTACAGCTAAGAATGTCTTACCTGTACCAGCAGGACCTATACCAAATACTAAATCATTATTTTTCATGGCATTAACATATATACGTTGCCCCATCGTTTTCGCACGAATCGTCTTACCAAATGCATCTTTAGTTATCTCTTCATCATATAAATCTAACAGATGTTGAATTGTGTTATTATGCGCCATTTTAATAGCTGCTTCAACATCTTTAATTGTAATATTATTACCTAAATCAATAACCTTCAGCAAATTGATTAATACTGATTCCGCTTTTTCTACGTTTTCTATTTTTGTACCTTTAACGGCAACTTCTTGTCCTCTTGCATGGATGACAACATCGAAACTCTCTTCAATTGCTTTTAAATGTTCATCATTATTTCCAATTAAAGCTTGAGATTGGTTCATATCGTCTATTTGTATAATTCCAGGCATACACGCGCTCCTTTTCATATATCATTTATATTCATTCTATGATGCTTTAATATCTACTTAATTATATCATGCAATTGATTGATTTAAACATCTTTGCATTGACTTACTCATTTTTCTTTAATTTAAAATAATCATTTATACTTTTCACCTTGTCATAAAAGCAGTTTCAATTTTAGACTAATCAATTTTTTGCTGTAATTTAAATAACTAATATTTCTCGAAAGATTCTCTTTGTTTTTTAATTTTTCTTAACGTAAAAAAACAAGCAACTACCATTACGATAGTGCTTGTTTTCAAAAAATTTTATAATTGTTTTGGTTTAGCTAAAATTTCTGACCATATCATACCATTGATTACTTCATCTTTATCAAATTGGAACGCTGATTTAGTCAAATCTTTTTCGACATTTTGAGAATTAAGCAACTGCTTTAATTTCAAACGTTTTGTACGTTCAGATAAGTATTTATCCTCAATAATATCTCTAGCACGTTTTTCCATTTTAGCAATTTGCTTTTCTTTTTCTCTATCAATGTCAGTACGAATCGTTTTAATATCATCTCTAAGTGATTTTTCTAATTGACGTCTAATTTCGTCAGAATTATCTTGTCTAGAAGGTCTATGTTTCTGCTCCACCGGTTCTGCTTTAGGCACTGTAATTGGTTTCTCTGTCATCGGTTTTGTTTCTGGTTGTTTTTTAGGTGCCATAGGTTCTACAACAGGTTTCGATTTAGGCTCTTCCTTTGGAAGTTCATCGAATAAAGGTGGTAACGTATCATCATATTTTCGTTTCGATGATTTCTTTTCTTCTTCATTTAATTCTTCACTTATTTTTTTAAACGTTCGCTCAATTTCTTCAAAAAAGCCACCTTTTTTTGGTTCATTATCGGTAGATGTTTTTTGAGGTGGCTTTTGATTTTGTCTATCTTTATGACTATTTTCGCGCATAGTAGTAATGATAGAAATGATCACTGATATGACAAAAATTAGAATACCGACACTCATTTAATCACCTCTCGACTTAATGTTCAGGTGACTCATCATCACTTTGATCAGTTCGTTTATTAATTGCATTTCTCATGCCTGTATCAGCTTCGATATTTTTCAAATTATAATAATCTTTAACACTGATATTACCTGAACGTAATGCTTCAGCCATAGCTAATGGTACTTCAGATTCGGCTTCAACTACTTTAGCATGCATTTCTTGTACACGCGCTTTCATTTCTTGCTCAGTTGCTACAGCCATAGCTCTACGTTCTTCAGCTTTTGCTTGTGCAATATTTTTGTCTGCTAATGCTTGTTCAGTTTGTAAGTCTGCACCAATATTTTTACTAATATCAACGTCAGCAATATCAATTGATAAAATTTCAAATGCAGTACCTGAATCTAAACCTTTGCTTAAAACTGTTTTAGAAATATTATCTGGGTTTTCAAGTACTTCTGTATGATGCTTACTAGAACCAATTGTTGAAACGATACCTTCACCAACACGTGCGATGATTGTTTCTTCACCTGCACCACCAACAAGTCGAGCAATATTAGCTCTAACTGTGATACGAGCTTTGGCTTTCACTTCAATACCGTTCATTGCTA
NZ_CP181124.1_gap41	1644528	1647831	3303	TGATTCATTTTTACGTACTACTGTTTTAGACATCTGTATTTCCCTCCCTCCAAATATCAACGGAACTTTATAGTCAATTGCACAGTAAAACTATGCATTTATAAGTATAATATATCTGTAATTTATGGTCAATTAGTAAATTGTTTTTTATTTGAAACATATTTCACATCAAAATCACAAAGACTTTTAGATTTTGTTCTAAAAATCTCTTAATAATTTATTTAATGAGAAGAGTTGCTTATATAGTAAATTGTGAAGCCGTTAAAACAACGTTACAAAACCTATATCTTTAATACGGAACCTTATGGTATGAATCAAGGAATACTTAAACTAAAACTTCTCTATCAGATTTATTTGTTGCGAAATCAACAACTTTAATTGCTTGCCCTTCATTTAATGGATAATTTGCTTGCGTAATTTTAACTTTTACAATTTGACCTATGAGTGATTCGTCACCTTCAAATTGTACTTTCATATAATTATCTGCATATCCAACTAATGTACCTTCTGTGTCACCCTGTTCCTCAGGAATTACTTCAAGCACATCTTGATCAAATTTAGACGCATATAACTTTCCGAGTTGATTGCTTAGCGTAATTAACTTATGCACGCGTTCATTTTTAATTTCTTCATCAATTTGGTCATCCATTCTTGCAGCTGGCGTGCCAATTCTAGGAGAATAAGGGAAAACATGCAGTTCAGAGAACTTATGCTTTACGATAAAATCATATGTTTCTTGGAACTCTGCTTCAGTTTCACCTGGGAAACCAACAATTACATCACTCGTAACTGCCAAGTCTGGTAAAGCTTTATGCAATTTTGTTAATCGTTCTGAAAATCTATCCATTGTATACTTACGTCTCATACGTTTTAATACTGTATCTGAACCAGATTGTAATGGAATATGCAAATGACGCACAACTTTTGTTGAACGTTCTAAAACGTCAATTACTTCATCTGTAAGTTGACTTGCTTCAATTGAAGAAATTCGAATTCGTTCTAATCCATTAATCGTTTCAAGATCACGTAATAATTGGGCCAAGTTATAATCTTTTAAATCTTGACCATATCCACCTGTATGAATTCCCGTCAATACAATTTCCTTATATCCTGAATTCACTAGTTGCGTCGCTTGTTCAACTACTTTTTCCGGATCTCTTGAACGCATTAAGCCACGAGCCCATGGAATAATACAGAATGTGCAGAAGTTGTTACAACCTTCTTGAATTTTTAATGACGCACGTGTTCTATCTGTAAAATATGGAACATCTAATTCTTCATATTTACGATTTTTCATGATATTTCCAACACCATTAATTGGTTGGCGTTCTTTACGGAATTCATCAATGTAACCTAATAGTTTATGTCTATCTTGTGTACCAACTACTACATCGACACCAGGAATTTCCATAATTTCAGCTGATGAAGTTTGCGCATAACAACCTGTTACACAGATTACAGCATCAGGATTTTGTCTTATTGCACGTCTAATTATTTGACGACTTTTTTTATCACCTGTATTCGTTACTGTACAAGTATTAATAACAAATACATCAGCATTCGCTTCAAAGTCAACGCGCTCATAGTTTGCTTCTTTAAATAATTGCCAGATTGCTTCAGTTTCATAATGGTTTACTTTACAACCTAATGTGTGAAACGCAACTGTTGACATAAATATTCACCCCATTAATTCTTTTTCATAACTTATTGCACTTAACGCATACAATGGCGCAGTTTCTGCCCGTAAAATTCTCGGTCCAAGACCAACAACTGTACTAGTATTACTAAATAATGAAATTTCATTTTCTGACAAACCACCCTCAGGACCAAAAATCATCAACACTTTATCCTGAGCCTTGAATTGTTGTAAAGTTTGCTTGAAATTGCTTAACTCACCATCTTTTGCTTCCTCTTCATATGCAATAAGAATATAGTCATAATTATCAATAGTATCACAAATTAATTTTAAATTCGACTCGAATTGAATAGATGGAATCACTAAACGATAGCTTTGTTCAGCAGCTTCTTTAATTATTTTTTGCCAACGCTCTATCTTTTTGACAACTTTCGCCTCGTTTAATTTAACAATTGAGCGTTCCATGCTCACAGCTATAAATGATGAAGCACCCAATTCAGTAGCTTTTTGTAGCAACCACTCATATTTGTCAGCTTTAATTAGTCCACTGCAAATCGTAACATCAACTGGCAATTCTGTATTAATATTTTGTTTTTCTTTTAAATCAACTGCAATTTTATCACTTGTTATGTCAGCAATTTCACATAAATAAACTGTTTGATCATTAAAAGTTAAAATAATTTTACTACCAACATCATATCTCATTACATTTGTTATATGATGAATATCTTCTTTTTTTGTAATAAAAAAACGCTGACTTACATCAGCGTTTTGGTCTATGAAATAACGTTGCACATTATTCACTCACTTTCTGGCCAACAAGACAAACCCAACCATTGTCATGTTGTTCTGAAATAATTTTAAAACCTACACGCTCCATATGTGACTGTATACCTTCATACTTCTCTTTTATAATACCAGAAGTAATAAAATAACCGCCTTCATTTAGAGTATTATAAGCATCTTCAATCATTTCATCAATAATATGCGCTAAAATATTTGCTATTACAATATCAAATTTTTCTGTTTCGTCTTTCAATAAGTTACCTGGAACAGCTTCAATTAACGTTTCACAATGATTTCTTCTGAAGTTTTCTTTAGCTACACTCACTGCCATTTCATCAATATCCAACGCTTTAATACGTTTTACACCGATTAGATGACTTGCAATACTTAATATACCTGAGCCAGTACCAACATCAATTACTGAATGCTGTGGCAATACATATGTTTCTATTGCCTTCAAACACATACTTGTAGTCGGATGATCGCCTGTTCCAAAAGCCATACCTGGGTCGAGCTCAATGCAAAGCTCTTCATCCGCTTCTTTAGCATATGTTTCCCAACTAGGAACTATTGTGAACTTCTTCGACGCTCGGAATGGATGGAAATAGTTTTTCCATTCATTTTCCCAATCCGTCTCTGCAATAATTTGCTCACTGAATTGAATGTTATGTTGATCAAGTTCATCTAAATTTAATAACTCATCTTTAATTTGCTGTCGCAACTTATCATCATAAGTCATTTCATTAAAATAGGCTTTCAATCTTACTCCCTTATCTGGATAATCCTCTTTTTTCAAAGCGTAAATTTCACCGTATTTATCTTCTGGTTGGTTAATTAAATCATCTGAATCTTCTATCACGACACCATTTGATCCATGATTT
NZ_CP181124.1_gap42	1737339	1741068	3729	AAAAATCCTTCTTGAGAAAAGTCGTTTGGCATAAAATCAACTCGAATGCCAAGTGATTCACAATATTGCGCTGTCTTACTTCCTATCACAGCAATGTTATCAACATTAATTCCTTTTAGATATTTATAAAAGAATTTCACAGCATTTTTAGATGAAAAAATAAGCCAGTCATAGCGTTGATTTAACAAATGAATATCAAAATTTAGTGGCTTTATATCAATAAAGGGTTTGTGAATAATTGATACTAAATCACTTTGCATGTCATTTGTTTGTGTCATAACTACAACTGGCTTCATATTTAAACGTCACTCCATTATTTAATGTTGTTCATTTAAGCGTTTTATAATTTCATAAGCACCTTGCTCTTTTAATTTGTTACTCACTGTTTTGCCTAACTCAACCGGATCTGTTCCGTTCATTGTATATTCAAATCGTTCTTTACCATCTGGGGTCATAATTAAACCTGTAAATTCGATTTCTTTTTGATCTGAGATTGTAGCATATCCTGCGATTGGCACCTGACAACTACCATCCATTTCTGCTAAAAACGTTCGTTCAGCAGTCACACATTTTGCAACCTCATCATTATGTACTTTGCTTAATAATGTTAATAGTTCTTCATCGTCACTACGACATTCTATCCCTAAAGCACCTTGTCCGATTGCAGGTAACAATGTATCTCTATCAAGATAAGATGTTACAATATCATCTGACCAGCCCATTCTTCTTAAACCAGCTGCAGCTAAAATAATCGCATCATAATCTTCAGTTTGTAACTTTTCTAATCGTGTATCTATATTACCTCTAATCCATTTAATCTCTAAATTAGGATACTTAGATAATATTTGTGCACCACGACGTAATGAACTAGTACCAATAATACTGCCTTCTGGCAATTGGGATAGTGGTGTATGTGTTTTAGAAATATACGCATCAAAAGGTAATTCTCTATCAGGGATACAACCTAATGTTAAACCTTCCGGAATTACACTTGGTACGTCTTTAAGCGAGTGTATTGCCATATCGATATTTTTTTCAAAAAGTTCATGTTGTATTTCTTTAACAAATAAGCCTTTGCCTCCGACTTTAGACAATTGTTTATCTACTATACGATCGCCTTTCGTGACAATTTCTTTAATTTCAATTTCTAGATTTGGCTCGACAGCTTTTAATTTATTAATAAATTGCTGGCTTTGTGTTAAAGCTAATTTACTTCTTCTGGAGCCAACGACTAATTTACGCATGTTCAATTCCTCCTAGGAACGGATTGCTCTAGATTATTTTCTCAATTCACAAAATGTGTTGCAAAAAATAAATTAATCATATTTAAGCAAAATAAAATAATGTTATAGTATATTAAATACCTTGAATTCAACCATTTGTTGATTCTAAGCAATATATAACTTCCATATAATACTGTAATAATTGAAGAGAGTATTACCTTCGGGTCAATGAATATACGTTCACCAACTGAAATTACACCCCACTGTGTACCTAAAATAATACTAAATATGAGAATTATCCACCCACTTAACGTTGAGTAAAACACAATTGATTCAAGTGTAGCAACGCTACCTATTCTAAAGTATTTTTGATCAAAACGTTTTTCCTTCAAATTACGGTATTGCATGATATACAGTAATGCATTGACAAAAGCTAAGGCAAAGAAGACATAACTTAACACAGCTAGACCGATATGGACTAACAGTAACTCGTCTACAACAGCAATTTTCTGAACCTTATTAGTATAATGTGTCGGTTGAAATGTATTCATCCCTAAAAGTGTTAACCCTATTAAATTCAAGAAAAACACAGAGAAATTCAATACTTTGATAAGGTTAAGAATTAAAGAGATTGAAATAATCAGCCAACTTAAAGTATAGAATACATCTGAAATAGACCCTAATGGAATATGTCTAGTTTGTATAATAAAAATAGATAAAGAGATTGTTTGTAAAACCCAAACAATCCCCAATAAATATATGCCTAAACTTCTAATCTTATGACTTTTTTGGACAAAATCATAAAAATAGCAAATGATACTGATTAAGTATATTAATAATATAATTTCATTGAATCGAATAAACAGGTTTTCTTGCATATTATCACCATATTAATATGCTTATTCAAAACTAAAGATACGTCGCGCTGAAATTTCCTTGACCTTGCTTTCTTTTTGTTGCTTCGCTTGCTCATGAGGACATTCAGCTTCGATATCAAATATATTTTGAAATAGCTCTAATTTTTCATTACTTTTCTTATCACTACTTAATTCTTTGGCCTGTTTAATAGGATCTTTCAACATTTGATTGATGATACTTTTTGTATGTTTAGATATAATTTTACGTTCTCTTTCGCTTAACCCTGGCAATTTACGATCAATACTGTCCATCGTTTCTGCTTGAATTGCCATAGCTTTTTCACGTAAAGCTCTAATCACTGGAACAACACCCAACATACTAATCCACTCATTGTGTGCATGTATTTCTGCAGGAATTTGTTCCGAAATTGTTGCAGCCGCTAATTGTCGCTCACGTAAGTTTGCATCAACTAAACCTTTTAAGTCATCAACATCATAATTAAAGATGTTTGTGATGGCACTAATACCAGGTTCAATATCTCGAGGAACTGCAATATCAATCAATACTAGTGAATCTTGCTTTCTATTTTCTGCAATTCTTTCTATCATTTCATTTGTAATGATATAAGATTGTGCACTCGTTGAACTAATCACAATATCTGCACTTTCAAGTAAATTTGGTAATGATGATAGTTCATCATATTTCACTTGATGCTTTGCTGCTAATTTCATAGCATTTTCAATTGTTCTATTTACTACTGTAATATCAGTAATTCCAGAACCAAGAAGATTTAATAGTGATAATTCACTCATTTCCCCTGCACCAATAATGATAGCTTGCTTACTTTTCAATTTGCCAAATACTTTTTTCGCCAACTCGACCGCAGCATAAGACACACTTACAGCATTATCAGCTATATCTGTTTCATTATGTGCTCTTTTTGCAAAAGTAATTGCCTGTTTAAATAGATGATTAAAAATTGTTCCTGTCGTACCTGTGCTTTGCGCTAAGAAAAATGCATCTCTTATTTGACCTAAAATTTGAGTTTCTCCAAGTACGATTGAATCTAAACCAGAAGTGACACGCAATAAATGTTCTACTGCTTCGTCCCCCACTTTTACTTCTGACATTGCTTTAATATCATCTACTTCAAATCCAAATGCACGAGCTAGAAATCGTTGAATATAGTAACGACCTGTGTGAATTTGATCAACAACAGCATATACTTCAGTTCGATTACATGTTGATAATATGACATTTTCTAAAATAGATTTAGTTTCATATAAATCTTCATGGGCAATTCGTAAGGCATCATCTCTAAAAGCAACTTGCTCTCTTAGTGCAACATCAGCTGTGCGATGATTTATACTAATTGCAATAAAATGCATTTGAAACGCCCCCATATATACTAACAATACAAATATTATAACATAATTTAAAATCCAATTAAGTACGATGCTTAAATAAATTATAATCTTTCTAATTTACTTTTGAGTTTTTGACAAAATGATGAACGTTGAAAAATGTTATCAATTGTGTACTAATTAAAAGTTTCGTGCTTACATTATTTTTAAAATTTTTGTATAAGTTTTGTCGTACAAAAACTATGAAATATACGGTTCAATTAAATTCCATATTTGTTGTTGTT
NZ_CP181124.1_gap43	1747151	1750717	3566	CGCCTTTAGTTAAGAATTTACGTCCGTTTTTCAACTTAGTTTGGAAATCATGTTCCTCAATTGTTGGACTTAAACGAATTTCTTTAACATTGATAATTTTTTGTTTCTTTTTCATTTCTTTTTCTTTTTTCTGTTGTTCGAATTTGAATTTACCGTAATCCATAATTCTTGCAACTGGTGGTTTCGCATTCGGTGCAACGACCACTAAGTCTAAATCTACACGTTCAGCCATTTCTAAAGCTTCACGCTTTGATTTAACACCAATTTGTTCACCATCTTGACCGATTAAACGTAATTCTTTTGCACGAATTTTGTCATTGATTTGAGTTTGATCTTTTGCTATGGTTGACACCTCCAAAATTTTTACGAAATTTGCACCAAGCAAAAAGGAAGAGCAGGTATAAAATACCCGCTCTTCCTTATACACAGTTATGTGTAATGTGATTAACCTGCCAACTGCTTTATGCGTCGCTACAGGTGAGAAGCGGGTGCTTCTACTTGGTTCGTTTCGTATTCAACGTTGTTAATCATATCAACAATTCACATTTAAGTCAACACTATAACTGTAATTATTTTTATTTTAACCTTTTATTTCATCCATTGACACGTCTTGACGTAAATCTACTTGTTCTAATGGAATTTTTTTCGTTTTATATCGAAGCTTATGATAAATAAAGAATGCTAAAAATACTGGAATTCCCATATACGTAATTAAGAAGCGACTAAAATTAAAATCTCCTGTTTTAATAAAGTCAACATCTTGACCAATAATTACTACAATACATAAAAAGCCAGCAAATAATGGTCCGAATGGGAATAATTTAGCAGTATATTTTAATTTAGATTTGTCATAATTTTGTTTATCAAATGCTCTTCTAAATCGATAATGACTTACTGCTATACCTACCCAAGCAATAAAACCAGTTAAACCACTTGCTGCAACGATATATTCGTATGCACCTTTTGTAAGGCTTTGTAATACGAAAATAATCACTACAATGATTGCTGTAACGAGTAACGACATATATGGCACACCGTTTTTATTTGTTTTACCAAATGCTTCAAACGCTAATTTATCTTTACTCATTGAATATAGCATTCGGGTTGAAGCATACATACCTGAGTTACCTGCTGATAACACAGACGTTAAAATGACTGCATTCATAAATGATGCTGCAAACGCAAATCCAGCATTTTTAAACACTAATGTGAATGGAGACGTTGCTACATTATCACTACCACCCATTAATGCACTACTATCATAAGGAATTAACATACCGATAACAAAAATGGCTAAAATGTAAAATAATAAAATTCTCCAGAATACTTGTTTAATTGCTTTCGGCACAGCACGTTCAGGATTTTCTGATTCACCAGCCGTAATACCAATTAACTCAGTACCTTGGAATGAGAAACCAGCGATTAAGAATACACCTAGAATTGATAACAAACTTCCTCCTAAGTTGCCACCAAGAATAGGACCTTCACCTTTATTAAATATTTCAAATCCTACAACATGACCACCCATGATTCCTACAATCGTTAATAAACCAATTGCAATGAAAACAATAACTGTAATCACTTTTATCAATGCCAACCAGTATTCACTTTCACCATAGACGCGAACTGATAACGAATTCAGACTAAAAATTATAACTAAAAACAACGCACTCCATGCCCAAGCGGGTATGCCTTGCAATGGTGTCCAATATTGAATGACTTGTGCTGCAATCGTAATATCTGCTGCTACAGTTACTACCCAGTTAAACCAATAGTTCCAACCAAGCGCAAACCCTAAAGATGGATCAACAAATCTTGTAGCATATGTACTAAATGAACCTGATACTGGTAAATACGTAGCCATTTCACCAAGTGACGTCATTAAGAAAAATACCATTATTCCGATAATTGCGTATCCTATTAATGCACCCAAAGCACCTGCATCATGAATTGCTCCACCAGAAGTTACAAATAAACCTGTACCAATACAACCCCCAATCGCAATCATAGAAATATGACGATCTTTAAGTCCCCTTTTGACAACATTGTTACTTTCATTTTGAACTTTTGACATATAAGCTCCCTTTCCATGTTTTAGAGGCCAAGAAATAAATAACCTTTATTCACTTTCATACCCTTTTTTACAGAACATAGTGATATTAAAAGTAAAAAAGTGGCTACATACCTTTAAGATATGCAACCACTTTGGCAATTATCTATATAAGGTAGCACATCACATTCTGTGACAGTACAGTTCCTATTCGAAAACTGTCCCAATAGATATAATTTATGGTTTATATCTATTTCGGCATCTTTACCTTTCACTTGTTCAACTTATGTACCATAAATACTTCTGACAAGTTACTAATTAAACATGCAACCTCTAACTCAATTTAATATTTTAACTAACTTGTAATATACAGGATTCATCACGCATAATCAACCCTGTAAAACTTGATACGCAATAAAAGTTTTAAAGCATTTTATTGCGACAACTGTCTATCTATGTTTTTTCAAACGAATTTCATCAACTAGATTCCAGATAAATTCATCTTTTTCAACTGTTTCTTGGTCTTGCGATCCATATTGACGCACATTCACTTGATTATTTTCAACTTCCTTATCCCCAACTACGATTTGATAAGGTATTTTTTGCATTTGAGCTTCTCTGATTTTATAACCCATTTTTTCATTACGGTCATCAATACTTACACGAACACCTTGAGATTTCAATTCATCTTGCAATTGGCGCGCATAATCATAATGTAAATCAACGTTAACTGGAATGATTTGAACTTGTTTTGGCGCTAACCAAGTTGGGAATGCACCTTTAGTTTCTTCAGTTAAAAATGCTACAAATCGTTCCATTGTTGATACAACACCACGATGAATAACAACTGGACGATGATGTTCACCATCTTGACCAATATAAGTTAAATCAAAACGTTCTGGTAATAAGAAATCAAGTTGTGCTGTTGATAATGTCTCTTCTTTACCCATCGCTGTTTTAACTTGAACATCTAGTTTCGGACCATAGAATGCCGCTTCACCAATCGCTTCTTCGTACGATAAGCCAAGCTCATCCGCTGCCTCTTTAAGCATATTTTCAGCTTTATTCCACATGTCATCATCATCAAAGTACTTTTCTTTATCTTCAGGGTCTCTATAACTTAATCTAAAGCTATAATCCTCGAAACCAAAGTCTTTATACACATCAATAATCATGTTTACAACGCGTTTGAATTCTTCTTTAATTTGATCAGGTCGAACAAAGATATGTGAATCATTTAAAGTCATACCACGAACACGTTGTAATCCTGATACAGCACCACTTGCTTCATATCTATGCATCGTTCCTAGCTCAGCGATACGGATAGGTAATTCACGATATGAATGTGGTTTATTCGCATAAATCATCATATGATGTGGACAGTTCATTGGACGTAATACCATAGATTCAGTTTCATCTAACTGCATTGGTGGGAACATATCTTCTTGATAGTGATCCCAGTGACCAGATGTTTTGTATAAATCAACATTAGCAAGTACTGGTGTATAAACGTGGT
NZ_CP181124.1_gap44	1758628	1763118	4490	AAAATATAATCAATGATAGGATGTTCACCTTGCAATTGCTCTAAGACATCTACAGCAGTAGAATATCCTGTTTTCGTCTTTTTAATAACAGGTAATTGTAATGTCTCAAACAATACAACACCTAATTGTTTAGGAGAATTTATATTAAAATCTTCACCAGCTGCATCATGGATATTTCGAATCAAGACGTCTAATTTTTCTTGAATTTCTTTTTCCATTTCTTCTAAATCATGAACATCTGTAAATATACCAATTTCTTCCATTTCACTTAAAATCTTAGCTAGCGGTAGCTCTAAATCAGCTAAGAGTTCTACCTGATTGTATTCTTCTAATTGTTTATCCATATTTGGTTTCGCAAAGTAAATTGCATCAGTAATAGAAGCAACATATGGATTTAAAACATCATCTTCAGGTACCTTAAATTTCTTACCTTTTCCATATATACTTACATCGTCTTTCACAAAACTTTGACCGTACAATGAAACAACTGATTGAACATCACTAATCGTACGAGATGGATCAATTATATAACTGGCCAACATAATATCGAAAGAAATATTTTGAATATCAATTCCCAATCTATGTGATGCTACATATGTTTTTTTAGCATCATATACGACTTTTTTCGTATTCGGATTTTCTAACCATGAAACTAGTTCGGCATAATTATTTATGTCATCCGCATTAATTACAATATGTTTCTCACCTGTAAATAAAGAGAATTTTAAAATATTATTTCGCAAATAGTTACCACCGTCTAATTCGAAATGGATGGCCGCTTCTTTCAATGAAGTAAAATCAATATTATCAAAAGACGTTTCAATTTCAAATGTCTTTTCTATTGCATCTTCAACGCTTGCTGATTGATCAATGTCAGACAACAATTGTTTGAATTCTAACTTCTTAAACAATTCGATTTTTTCTTGTTGTTCATCTTGATGAGTCATTAACGTATCTTCAAGTTTTACTTCAATCGGACTATCTACATTAATCGTTGCTAATTCTTTACTCATTAATGCATCTTCTTTGCTATTTTGAAGTTTTTCTTTTAACTTTTTACCTGAAATTTCATCTAAATGTTCATAGACACCTTCTACTGTGTCAAATTGGTTTAGCAATTTTATTGCTGTTTTCTCTCCAACACCTGCAACACCTGGTATATTATCAGAAGTATCTCCCATTAATCCTTTCATATCAATAATTTGATTAGGTGTTAACCCGTTGTATTTTTCCGCAATAAAGTCAGGTGTATAATGATCAACATCAGTAACACCTTTTTTAGTGTAATAAATGGTTACATTATCCGTTGCAAGTTGTGTTAAATCTCGGTCTCCCGTTATAATAATTGTCTGAAAGCCCGCTTTATCTGCTTCTTTACTTAAAGTTCCGATAATATCATCTGCCTCATAGTTATCTAATTCATAACGTTTAATATGATAAGCATCTAATAATTGGCGTATATAAGGAAATTGCTCACTTAGTTCAGGCGGCGTTTTCTGGCGTCCACCTTTATATTCACTATATTTTTCATGTCTGAAAGTTGTTTTACCTGCATCAAACGCTACTAAAAAATGATTTGGCTTTTCTTCTTTTAAAATCTTCTCTAGTAACATTGCAAAACCATATACTGCATTGGTATGAATGCCTGCTTTGTTTGATAACAAAGGTAATGCATAAAAAGCTCTAAAACTTAAGCTATTACCATCGATTAATACTAATTTATTCACAATTTTAACCTCCAGAACTAATTTATATATATTTTAGCATATTCGACTGTGATGTCGTAATTAAAGAAACTATCTCATAGAGTATTTATACACGACCTAATTTCAAATAAAACAAGTGCCTATATAGACTTAGCTAAAAAATAAAAAAGACATAATCATGATTGTTCTTGATGAGCACTCCATAAAGTCAGGTTAAAAGTCCAACTTTTGAGATGCACATTATCATTTCATGATTATGTCTACTTTTTAATATTTTTATGCTGCTATTTTAAATTTTTATAGGTAAGAATAAGTTATGAATCGTCTGAACCAAATGGAATATATTTAACTTTGGTCATTTTCGGTAATTCTTCATAATTATTAAACCACTCTTGGTAATTTTTATTGATTGGTGACGGATGATGCATATAATGTTCAAACGGCAATGATTCCACTGTATAAACCTCTTGTCGTGGATGATCTTTAATTTGTTGTTTTAATAACTGAACTCTTTTTTCATGTTCATAATGAACATAAATAAATGCACTAAGATATATCACAGCTAAAACTAGTGATGCACCTTTAATAAAATTAACATTGATTGACTTATATTTCCGAAATTCTTTTAATAAAATAATTAAAATGATTACATGTATCGTATAAACAATCAAAAAATTACCTGGTTCTATTGGAGTAACAATGACTAGTGTCGACGCCGAAACACATATTGCAATAAGTAAGGAATATAAAGTGATTTGTGTTTTACGATCATTAATAGACAAATAAATACCTACAAATATCGAAAACGCAAAGTAACCACATACAATTACGTTCACAAAACCAACCAATCCAATATCTGTATTTTTATTTAATAAAAACTGATTGTAAAATAGTAAATAATAAAGCGGTAAAGTGATAAATCCTATCATAATGATACGACGCTTTAATATTGTTAAATGTACATACCGATCACTTCTAAGCAGTAGATAAATAATAAGCGCTGCAATCATACTTAAAATTATAATCTGACTGAAAATGACACCATATGGAAGTGACGTTGATATCATTTCTGCAAATTTTGAAAAGATACCTTGATTATTTGAAACTTGTTGATATTCTGATCCTTCAAATAAAATTTTGCGATAATTTGGATTGGAAAACATAATGATTGTACCTATAGTAGCAATCATAAATGAAAACAATAATTTATAATTAAGTGTTCGATTTGCAGTAAATTCATACAGAAAAGCTAAAATTAAAATGATACAGTGGAATAATGTCACATTCTCCATAAATAATTGACCGAAGAAGCATAAAACATAGAATAGTACAGTAACACTTACCGGCTGCTTTTCTTTATATATAATTGCATTAATACAATAATAAATAATAAAGAGTGAAATTAGTGTTGATGTCGCATAATTATAAAATCCTGCAAACCAGCCATATGTATCTGCATAAATAGCACTTGGTAAAATTAACATTAAAGAAAATGCTAACAAATAATAGCTTGTCCACGCTTTACAACGTGTAATGTGCATAATCATCCAAATGATGCCCATACTAATGAGACCATATGAAAGCCAACGTAACCAGCTTACATGTACAGCTATAATTTCAAAGATATTTCCGATATAGCGACCATTAAGTGATGCAAATCCTACTTTTAAAATATCAGTATTATAATTGCTAAACCATTGTAAATCATCGTGCATGATTGGTAGTAAGATACCCATAAAAGTATAAAACAATAATATCGCAATTAATATCAAAGTTGTCTTGTGTAATTGAATTGTTTTCACTTTGCTAATCCTCAAATCTAGTTAAATTTTCCTCAACTTGTAGGTCGAAAAATTAATTCAATATTTTTAATGTATTTCTAATTTTCACCTATGCATGTTTCCTCAATCAAATTAGATAAACAAGGTATTTAATATTACTTTCAACAATTTATCTAAATCGCCCCTCGTCTTTTTCTATGACGAATGATTACACTTGTGTATTCAAGTGTTCAAATTAAGATTTATTTCCGTTCAAATAAAACTTATTACTTTTTAATTAAGCATCTATTTTAAGCGCATTACTAAAATTTCTTTATTATAATAAATATATTATAAAATTGCTTGATTCACAACAATCTATTACTTATAACTTACAAAACGATATATGCTAATGACAAAATTGACAACCGAATTTATTCCAATTCATTAACTCTAATTTAATACCAATAGAGATTTGAACGAAATAAAAAAGCAGCAACAACTTCGTGAAAAATACACGCGCTGTTACCACTTTAATTTTTATTCTTTATAATCTTTTAGAATAACTTTGAACGTTGAGCCTTTGCCAACTTGACTATTCACTTCAATATTGCCTTGGTGGGCCTCTACTATATGCTTTGTAATTGATAATCCAAGACCTGTCCCACCAGAATCTCTACTTCGTGCTTTATCTACTCTATAAAATCTTTCAAAAATACGTTGTTGGTCTTCTAATTTAATACCTATACCAAAATCTTGTACTTCGAAAATGACACGAAAGTCATCTCGATACACACGAACGTTAATATCTCCATCTTCATAAGAATAGTTAATTGCATTCGTTAACAAATTCGTGATAACTTGAGCAATTTTACTTTCTTGTGCTTTAACAATGACATCTTTTTCAATATCAGTATGAATGGAAATATTTTTTTGATTGGCTTGAGTCATCATATTATCAATAATACGCCGCGTTAAATCTGATAAATTCATATAGTCTGTATCTAACTCTGTATGTTGCTCA
NZ_CP181124.1_gap45	1794058	1798744	4686	CACTTTCAAGAGCTTGCTCTGCAATTTCAATCGCACGCTTATAGCGATTATTTTTAAATAATCGTTCAGCTTCATTTAAGCTCTTATCAACATTGCTATAGTCCTTACGATATCTATTTCCATATTGAATTAATTTCTCTGCATAAACAGCATTAACAAGAACATCATTTGCTTCATCTTCAAATGTATTCATTTGAATCACAATTTTAGACACTTTATCTTTTAACTGTTTAACGTGTATTGGACGTTCACTAAATTGTTCGTTAACATCACGAACTTCATGATCAATTTCATTTTTCATGATGATAAACCTTTCAGGAACGCTTGTTAAGTTAGAAGCAAGTAATCGACGATACACTTCTTCTTTCTTCGATTGTACTCGTAGCAGATTGTCTTCTGCTTCTGCTTCATCTTCACGCAATTGAATCAGATGATTTTGTAGCTTTTCTTGTTTGTCATTAATAACTGTGACATGATCTTCTAAATATTGTAAATTATCCTGAACCTCGCTATATCGTACAGCAGATTTAGACATTTCTTTTAAAATATCATCATATACAGAAATTAAACTTTGAATTTCATTTTCAAATTGACGAACACTTTGAGCATCAGATTCATTTATATAGTAGTTTTCACGTACATATTCAATTTCTGTTTGCAATGTATAATTCATGTCTTTAGCTTTGAATAAGTTATCCGTAATGATATCTTTTGTTTCTTCGACATCATTTTTAGCTTTAACTTCATGTTCAATTAAATCATACATGTCATCTAACTTATCATTGATATTAGCTAGTTTATCATTAGCTTCTTCTAATTCTAAGCGGCTAATTAATGGTTCAACGAAACTAAGCTCTGTTTTTAAGCTTTGTAATGTACTGTCTACTTTTACGTGATCCAGATCATACCCTTCAACTTTAAGATCACGGCAACCATATTTTAAATCTTGGAATTGACCAGGTAATTCTTTTTGAGTTTCTCTAATTAATTCTGGTATTTCTTCCATATAAGATCTTAGCTGTTTCATTTGTTCATTCAAGGCAGCTATATGGTTGTGCGCTTGTACATAATTACCATCAGCTTTTAGTACTTCATATTGCTCTAACCTTGGCTCAAACTTTTCAATTTCAGTTTCAAGTAGACTTGCTGCCTCACCAAATTGATGACGATTTGCTAAAACATCACGTTTCATTTCACGATAATCAACCTTACATTTGTCATATAATTCATCATTATCTTTGTATAACGCAATAATTTCATTTACATCTTCTAATTGTTGCTGATAGCTTTGTTCGTAACTATCCATCAACTCATTTGCATCATCAATTTCACTTTGAGATGCGTTGAAACTAAATTTATCTAATAAAGCCTCAGCATTATGGATTTTTTCTTCCACAGGAGCTAGATACTTATTTGTACTTTCTACGTTGTCCTTTTTCATTGCATCGTATTTCGTTTTTGTTTCACCTTTTAAATTCAACTTAGATAATTGTGCAAGGTTTTGATCAAAAGGTAACGTCTCAATTTCATTTTTACGTTCGATTGCTTTTTCAATAATTTGTCGTTTATTTGAACGTAAATAGAATAATACACCTACAGCAATCAATATAATCACAATTATTGCCAAAATGATATATAACACCATATGCTTCTCCTCCTAATTTATCATTACTATTATAACGTAATTTTGCTTAAGGATAAATTATAAAATGAATTTATTGCCATAATATTTTCGAAATTCTATACTATTATAAAATCTATGAAAATAAGAGGTTTTAAATATGACAACAATTAACCCAACAAACTACACATTATTAAAGAAACAAGCAGCAAGCCTTATTGAAGATGAACATCATATGATTGCGATTTTAAGTAACATGTCTGCCTTATTAAATGATAATCTAAATCAAATTAATTGGGTTGGCTTTTACTTATTGGAACAAAATGAACTTATACTTGGACCTTTCCAAGGACACCCCGCTTGTGTCCACATTCCAATTGGAAAAGGTGTATGCGGTACAGCCGTTTCAGAACGTCGTACACAAGTTGTAGCTGATGTCCATCAATTCGAAGGACATATCGCTTGTGATGCTAATAGTAAGTCTGAGATTGTCGTTCCAATTTTCAAAGATGATAAAATTATCGGCGTCTTAGATATCGATGCCCCTATAACGGATCGATTTGATGACAATGACAAAGAACATCTTGAAGCAATTGTTAAAATTATTGAAAAGCAACTCGCATAAAAGGACATCAGCATTTTCAATAAAGTGTTGACAGTTAGCAGGAAAATGTTACAATAATCTTTGTGTGAATTAACGAAAGTAGCAGTTGTATATTATTGAGCGCTATGTTGTTCCCAATGCGGACGTGTCACGTAACTGTCGCTATAAGGTGAAGACACATAAAACAATATATCTTAGTAAGCATGCAACACTCTTTTTTGTTTATTCATAACAACAAAAAAGAATTAAAGGAGGAGTCTTATTATGGCTCGATTCAGAGGTTCAAACTGGAAAAAATCTCGTCGTTTAGGTATCTCTTTAAGCGGTACTGGTAAAGAATTAGAAAAACGTCCTTACGCACCAGGACAACATGGTCCAAACCAACGTAAAAAATTATCAGAATATGGTTTACAATTACGTGAAAAACAAAAATTACGTTACTTATATGGAATGACTGAAAGACAATTCCGTAACACATTTGACATCGCTGGTAAAAAATTCGGTGTACACGGTGAAAACTTCATGATTTTATTAGCAAGTCGTTTAGACGCTGTTGTTTATTCATTAGGTTTAGCTCGTACTCGTCGTCAAGCACGTCAATTAGTTAACCACGGTCATATCTTAGTAGATGGTAAACGTGTTGATATTCCATCTTATTCTGTTAAACCTGGTCAAACAATTTCAGTTCGTGAAAAATCTCAAAAATTAAACATCATCGTTGAATCAGTTGAAATCAACAATTTCGTACCTGAGTACTTAAACTTTGATGCTGACAGCTTAACTGGTACTTTCGTACGTTTACCAGAACGTAGCGAATTACCTGCTGAAATTAACGAACAATTAATCGTTGAGTACTACTCAAGATAATACGTTCAATACAAACACCCACAATTGTGGGTGTTTTTTTTATTAATTTAAAAATGATAGATTCAAAATTATATGGAGCTACCCTATTTTACAATCAACTTAGAATTTACAAGTCTTATTTGTTTAATTATCTTTAGTATTTCATCATTAGTTTTTAAAATTATCAATTGCGATATACGAATCCTCATCCCTCTATCAAATTACCATTCATCGTCTCACTTAATAAATAATTTCGGATTATCTGTAATTAATCCATCTACACCCATTTGTCTTAATTTTTCTCCAGTTTTCAATTTATTAACTGTGTATGGCATAACCTGTAATTGATGATGATGTGCTTTATCAACAAATTTTCTGGCCACTAATGCATAATTAGGATTAACATAACTAGCAATTTGAGCAATTCTTGAAAAGTTTGGCTTTTTATACCAATAATTACGTTTACTACAAAGCACACCTAATTCATATATACTGCCCAATGTGTTTAACTTTTCGATGCATTCGATATCAAAAGATTGTATAACTACTTGTGTCGCATCGACTTTCTTTTCTTCCAAAAATGCCAGCAATTTACATTCTATTTCTGGATATAAATTCGGACTTTTCAATTCAATCAAAAGCTTTTTATCATACTTTAAGCATAATGAAAGTACTTCATCTAACGTGGGTATTCGTTCTCCCTTAAAAGCAACATCTTTATAACTACCAAAATCAAATGATTTTAATTGCGATAATGTGTAATCAGCAATACGCCCCTTACCATCCGATGTTCTATCAATTGTTTCATCATGTATCACAACAAAATGTTGGTCTTTGGTCAAATGAACATCTATTTCTAACATAGCAACATTGAGCCCCATTACCTCTCGATAACCGACCATTGTATTTTCAGGAAAATCACTCGGTAATCCACGGTGCGAAACAATTTGTAATTCATCTTTCAGTTTATTCAGAGTCATTGATAAGTCACCTTTCTGTTAAACTTTGATAAACTATTCTAAAATTAAACTATCACAATTATATTGGAGGTTAAAGCAATTGCATCAACATGACTTTAAAGTCCAAACTTCTTGGCAAGGTGGTCGTAACAATGTCGGAAACGTTCAAGGCGACATACTTTCAGAGAATATTTCAATACCTGCTTCTTTAGGTGGTGTTGGTATAGGAACAAATCCCGATGAAATGTTAGTATCAGCCGCTTCATCATGTTATATCATCTCATTAGCAGCTACTCTTGAACGTGCAAAGTTCACAGATATTTCAATTGAACAACAATCGATTGGAACAGCTTGTTTAAATAATGGAAAATTCAGTATGTCAAAAATTGTGCACCATCCTCACATTGAAATTCCAAGTGATCAAATAGCACAATTAGAAAAGCGATTACCAAAATTGATAACAATTGCAGATAATAATTGCATGATTTCAAATGCTGTAAGAAATAATGTAGACATAAAAATCTATCCCATCATTCAGGCCAAATAAAATCGTTACGTGATAACGTTTATTCGACAATATAGCGTTATCACTTTTTTTAGGCTTTTAAATTTTCAGAAAATTTGCTAAAATAGTGAAATCTTATTTATAGGAGGCA
NZ_CP181124.1_gap46	1815437	1816691	1254	TAACCCAACCTGGATCTGCTGTACACCAATAAACATCATCTTCTTGTAAATCTAATACATATTTTCCAGAAATATAGTGCACTAACATTGCTTGTTGAACATGCAATACACCTTTAGGTTGCCCAGTAGAACCTGATGTATAATGTAAAATCAAACCATCATCCGACTTTAACCATTCAATGTCAAATTCATCGCTAGCAGTTTCCATCAAACTAATGAAGTCTATGTAATTGTCTTCTACATCCTCATCTACGACAACAATTTTTTTCAAGTTCGGTAATTTATCTACAGGTACTCGAGGTAACAATGCCTTATTAGTAATTAACACTTTAGCTTCACTGTTCTCTAATCTATCCGCAACTGCCTTTTCCATAAATGCTTCAAATAACGGCCCAACAATTGCACCAATTTTTAAAACACCTAACAACGCAAAATATAGTTCAGGTGTACGCGACATAAATATAAATACTCTGTCACCTTTGTCAACTTCTGCATGTTCAGACAAAACATTCGCTGCTTTATTAGATAACCGTTGCATATCTTTATAAGTATACGATTCTTTTCTGTACTCATCTTTGTAATTTAACGCTATTTTATCCCCTAATCCTTGATCTACATGGCGATCTATACATTCATATGCCATGTTCATTTTTCCAGTTTCACTCCAAGAAAATGCTTGTTCTACGTCTTTCCAATCAAAAGTATTATATGTTTCTTCATAATCTTTAAGGTTATGTTTACCTTGCGCTCCTTTATAAACTTCGACTTTCATTTGAAACTCCCCCTTTGTTATGTGAAAACGCTTTCTTTCTCAATATTATACATAACATTTCTAATTATTCAAAATTTTTACTTTTATCCTTTTTCTAGTATTAATTATTGTAAATTTTCTATATAATGAATTTAATACAATCACGACGTCGATTGAGGAGTTGAAAATATGAATCATTTAAAGACGTATCAATCCGAAGATTATTACATTCATGACAAGCAATTTGTTATTGAAGGTCCTTTAACATACGAAGATTTGAAAGCGCTTACTTTCGATGCGCATTTAACCGCATTTAGAGATGCTGAAGATCAGTATGAAGCTTTGTTAGAAATTACAACATTACCAGAAGGTAGAATTTATGTTGCTCGCCAAGATGAACTCATTGTGGGTTATGTCACTTTCCACTATCCTGATGAAATTGAGCGCTGGTCTACAGGTAACCTTCCATATTTAATCGAATTGGGGGCAATTGAAGTCAGCAT
NZ_CP181124.1_gap47	1821511	1824497	2986	AAAGGTAAGCACCTGAATGCCTACCTTTTATTTTGAAATTCAATTTTTAAAAATATAATACATAGCTTACTGCTATGATTGATTATTCAACGATTTTAGTAATCTTAGTCATTGAATGTACGTTTCTCTATTTTACTATTAGCTTTTTCAACTTTAGCATTTGGCGTTTTTGATGCATTGGATGATTTAGCATTTGTTGTTTTTGAATTCTTATTACTAGTTTGATTATTCTTTTGAGTTAACTTACTTGAACTACTTTGTTTCTTTGCACCTTGTGATGATTTCTTATTATGTTGCTTTTTCTGACCTGAAGTTTTATTTGTAGATGCTTTTGATGCATTTCGTTTATTTGAAGGTGTTGTTTTTTTAGATTGTTTACCTGATTTCTTGTCAACAGCTGTATTATTAGTTGTTTTTTCATCAGCTTTACGTGTAATAACACCATTTTCAAATTTAGCTTCTTTTTGTTTAACAGTGTCTTTATTATCTATATTAACCGTCTCTGTCTCTGATACATCATTCTTTTTAGTAACTAATTGAGGAATTTCTTTCAAGTCATTTTTAGCAACTGGTTTTTCTGCAAATAACGCTTCAGTTAATTGACTCTCTTTTGAACCTGGTGTTAATTTAGCTTGCTTCTGTTTTGCAGCGTTTGCTAATCTTTCAGCTTGTGACTCTGGTTTTGATACTTCTACCTTTGCTGCACTTGCATCTTTAGTTGATGTGTCACTGTCTTTCTCTGCTTGTGCTTCTTTTTTAGCTTCTTGAACCTCTTGTGCCTCTTGTGATGTATCACTTAAATTATTTGCACTTGCTTCTTCTTTTATCGCTGCTTGTTGTGCTTTCAATGCCACTGCTTTTGGTTCTTCATTTGATACAGCTGCACTTTTATCTGTTTCTGCTTGTGCTTCTTTTTTAGCTTCTTGAATCTCTTGTGCCTCTTGTGACGTGTCACTTAAATTATTTGCACTTGCTTCTTCTTTTATTGCTGCTTGTTGTACTTTTAATGCCGATGCTTTTGACTCTTCATTTGATACAGCCACACTTTTATCCGCTTCTGCTTGTGCTTCTCTTTTAGCTTCTTGAATCTCTTGTGCTTCTTGTGATGTATCACTTAAATTATTTGCACTTGCTTCTTCTTTTATCGCTGCTTGTTGTGCCTTTAATGCCGCTTGCTCATTTTTAGATTTGTTTAAAAATCCTTCAACACGTTCTTTTGTATAGGCAACCGTTTCTTCAAGTTGCGTTTTTCTTTCTTCAAACTTTTGCGACAGTTCTTGTTCTTTGACTTTTAAATCATCTGCTTTTTGATAAACTTTATTTTTAAAATACAAACCTAAAGCTGAACCAACAAGCGCGCCAGTTATAAAACTAACAACAAAATCTTTACGGTTTGGTAGTGGTTCATTTTGATAAGTGTGTTTATTTTTTAATGTTCTTTTATCATTTTGTTGCTGCGTCATTTGTATATCCTCCTATAACAAATGCACTTAAATAAGTAACAACCTCATTTAAGTGCATTTGTTTAATTATTAATTATTTATCTACTCTAGAAGTATAGCTATGATTTGCATCAGTTGCTACATTATTAGCTTTGTAATTTGCACTTCCACGACGGTAGTGTCTATTTTGCCATTTGTCTGCAATTTCCATTGCAACATTTGACCATTGAACAACTTGTGAGATTTTATCTTCATTTTGAGAAATATTATGTGTAATTGAATTTGTTACACGATCTACAGAGCTGTTTAACGTTTGTACTGAGTCACCGATACCTTTAACAGCATCTACAACTGAGTTTAAACGATCTACTTTACCTTGGATATCCTCAGTTAAACGGTTTACTTTATGAAGTAAATCTGTTGTTTCACGAGTAATACCTTGAACTTGACCTTCTACACCGTCAAGTGTTTTTGCAACATAATCTAAGTTTTTCTTAACAGAATTTAATACAGCTACGATACCGATACATAAAATTAAGAATGCAATCGCAGCGATAATTCCAGCAATTGGTAAAATCCAATCCATTAAAAACGCCTCCTAATTAACATGTAATAATGTCATTAATAATAAATACCCATACTACTCTATTATAAACATATTAAAACGCATTTTTCATGCCTAATTTATCTAAATATGCATTTTGTAATTTTTGAATATCACCTGCACCCATAAATAAAACAACAGCATTATCAAATTGTTCTAATACATTAATAGAATCTTCATTAATTAACGATGCACCTTCAATTTTATCAATTAAATCTTGTATCGTTAATGCGCCAGTATTTTCTCTAATTGATCCAAAAATTTCACATAAGAATACACGATCTGCTTTACTTAAACTTTCTGAAAATTCATTTAAAAATGCTTGTGTTCTAGAGAAAGTGTGTGGTTGAAATACTGCAACAACTTCTTTATGTGGATATTTCTTTCGTGCTGTTTCAATTGTAGCACTAATTTCTCTTGGATGGTGTGCATAATCATCTACAATAACTTGATTTGCAATTGTAGTTTCATTGAAACGACGTTTAACACCACCAAACGTTTCTAATGCTTCTTTAATATTTGTAACATCTAGCTTCTCTAAATAACTAATCGCAATTACAGCTAATGCATTTAAAACTGTATGGTCACCATATTGTGGAGACAGGAAGTGATCATAAAACTCACCATCCACATACACATCAAAAGCAGTACCTTTATCCGTAATTTGAATATTTTGAGCATAAATGTCATCCGAATCTTTAAATCCATAATAATAAATTGGAACATCTGCTTCAATTTTACGTAGATGTTCATCATCACCCCAAGCAATAATACCTTTTTTAACATTATGTGCCATTTCTTGGAATGCATCAAAAACATCATTAATATCTTTAAAATAATCAGGATGATCGAAATCAATATTTGTCATAATTGCGTAATCAGGTTTATAACTTAAAAAGTGACGTCTATATTCACATGCCTCAAAAGCGAAATAATCACT
NZ_CP181124.1_gap48	1838627	1840661	2034	TTGCGTCGCTTTATCCTTAGCATTATCTTTATAGCTTTGAGGATCTTGTTTATATTTATTATATTCTGCTTTCAGCTTGTCACGACTATCTTTACGTGTAACAAGTACAGCTGCTACAGCGCCACCTATACCTAAAATCGCTTTAAATAAATTACCTTTTGCCATATCAATCGTCTCCCTTTTATTTATAATTTAATTTGTCAAAATCATTTTCAGTTAATAAACGATATTCTCCTGAATCTAAATTGCTGTCCAATTCTAAATCAGCAATTTTGATACGTCTTAAATGTAATACCTCATTTTGAATGCTATGAAACATTCGTTTAACTTGATGATATTTTCCTTCATAAATTGTTACGTGTGACGTTTGATTATCAATATAAGTTAATATTGCAGGCTTAACCTTGCCATCAGTCAGTGTTACACCCTCTTTAAAAGCTTGAATGTCGTCTTCAGTGATAGGATTTGCTGAAATAACTTCATATTTTTTAGAAACATGTTTGTTTGGACTCATTAATTCATGATTAAAATCACCATCATTCGTTATCAATAAAAGCCCTTCTGTATCTTTATCAAGACGACCAACCGGAAAAATATTTAGATGTTGGTATTCAGGTATTAAATCAATAACGGTTTTTGAATGATGATCTTCAGTTGCTGATATATAACCTTTTGGCTTATTTAACATAATATAGACATTTTCAATGTATTCTATTAATTCTCCACGAACTGTTATCTTATCGTTTTCTGGTTCTATATGTGTTTTTGGTGATTTAATTACTTGTTCGTTGACATTTACAAGGCCTTTTTTAAGTAACTGTTTGACCTCATTGCGTGTACCGACGCCCATATTTGCTAAAAATTTATCTATTCTCATCGTAAAAACCTAACTCTACGTCTTAATTTTTCAGGAATTTCACCTAAGAATTCGTCCGCAAGACGCGTTTTAATTGTGATTGTACCGTAAATTAGAATACCTACTGTAACACCTAAAATAATAATGATTAAGTAACCAAGTTTAGTAGGTTCTAAGAATAGATTTGCAAGGAAAAATACTAATTCTACACCTAGCATCATAATAAATGAATACAAGAATATTTTTGCAAAATGAATCCAACTATAGCTGAATTTAAACTTCGCATATTTTTTAAGAATATAGAAATTACATCCAATTGCAAATAATAATGCGATACTAGTACTTAAAATTGCACCAGGTGTATGGAATAACATAATTAATGGATAGTTTAACGCTAACTTGATAACTACAGAAGCTAAAATAACATAAACTGTTAATTTCTGTTTATCTATACCTTGTAACATTGATGCCGTTACACTTAATAGTGAAATTAGTATTGCTACAGGCGCATAATAGAATAATAAGCGACTACCATCATGGTTAGGGTCATGACCTAAAACAATTGGATCGTAACCATAGAAAACTGTGAATAATGGTTGTGCCAAGGCCATAATTCCAATACTAGCTGGAACAGTTATAAACATTAATACACCAATAGATGTTCTAATTTGATGATGCATTTCATGTAAGCGACCTTCTGCAAATGTTTTTGTAATATAAGGAATTAAACTCACTGCAAAACCAGCACTTAATGATGTCGGAATCATTACAATTTTATTAGTTGACATATTTAGCATATTAAAGAATATATCTTGTAACTGTGAAGGTATACCAACTAAAGATAAAGCACCGTTATGTGTAAATTGATCTACTAAGTTAAATAATGGATAATTCAAACTTACAATAACGAACGGTATACTATAAGCAATAATTTCTTTATACATCTTGCCATATGACACATCTATATCTGTGTAATCAGATTCGACCATACGATCAATATTATGCTTACGCTTTCTCCAGTAATACCAGAGTGTGAATATACCAATAATCGCACCAACTGCTGCTGCAAAAGTAGCAATACCATTGGCTAATAAAATAGAGCCATCAAAGACATTTAGTACTAAATAACTTCCGATTAATATGAAAATCACGCGTGCAATTTGCTCAGTTACTTCTGA
NZ_CP181124.1_gap49	1854221	1857353	3132	TTACCATTTAAAAAATAAATTTGGACAAAAAATATTTAAAGTTGCATTGGATGGCGGGTTTGACTGTCCTAACCGCGATGGCACTGTAGCACATGGTGGATGTACATTTTGTTCTGCTGCAGGTAGCGGGGACTTTGCAGGTAATCGTGCAGATTCAATCGCAGTACAATTTAAAGAAATTAAGGAAAAGATGCATGAGAAATGGCACGAAGGAAAATATATTGCTTATTTTCAGGCATTTACAAATACACATGCACCAGTTGAAGTATTAAAAGAAAAATTCGAACCTGTACTTAAAGAACCGGGTGTTGTAGGATTATCTATTGGTACGCGTCCTGACTGTCTACCAGACGATGTTGTCGAATATTTAGCAGATTTGAATCAACGAACATACTTATGGGTTGAATTAGGACTACAAACAATCCATCAGTCAACATCTGATTTAATCAATCGTGCCCATGATATGAAAACTTATTATGATGGTGTGGCAAAATTACGTAAGCATAATATCAATGTATGTACACACATCATTAATGGCTTACCTGGCGAAGACTATGACATGATGATGGCTACTGCCAAAGAAGTTGCACAAATGGATGTACAAGGTATTAAAATTCATTTACTTCATTTGTTAAAAGGTACACCGATGGTAAAACAATACGATAAAGGTTTATTAACTTTTATGACTCAAGAAGAGTACACAAACCTAGTTGTGGACCAATTAGAAGTGATTCCCCCTGAAATGATCGTTCACCGAATTACCGGTGATGGTCCAATAGATATCATGGTAGGTCCAATGTGGAGTGTTAATAAATGGGAAGTATTAAATGGCATCGATGCTGAATTAGCACGTAGAAATTCTTATCAAGGCTTGCGTTACAAGTCTAAGGTGAAGCAATGAAATTAGAACGTATACTCCCTTTTTCAAAAACACTTATTAAACAACATATAACACCAGAAAGTATTGTTGTGGACGCAACTTGCGGTAACGGCAATGACACTTTATTTTTAGCCGAACAAGTACCAGAAGGACATGTTTATGGTTTCGACATTCAAGATTTAGCTTTGGAAAATACACGTGATAAAGTTAAGGATTTCAATCATGTTTCTTTAATAAAAGATGGACATGAAAATATTGAACATCATATAAATGATGCACATAAAGGTCATATTGATGCAGCCATCTTTAACCTAGGTTATTTGCCTAAAGGTGATAAATCTATCGTGACAAAGCCTGACACGACAATCCAAGCTATTAATTCATTGCTATCATTAATGTCAATTGAAGGTATTATTGTACTTGTTATATATCATGGTCATAGCGAAGGACAAATTGAGAAGCATGCATTGCTTGATTACTTGAGTACTTTGGATCAAAAGCATGCGCAAGTTTTGCAATATCAATTTTTAAACCAACGTAATCATGCTCCATTCATTTGTGCCATAGAAAAAATTTCTTAAGCATTTGCTGCGCTATACTATTTATAATTTAGGATTGAGTAGTCAACATTTGAAAAATTAATACCAACAACAACAAAAAGAGGTTTTCAACTTAATGAAAACCTCTTTTTATGCTATTAAACTTACACAGCAATAATTGCGTTTAAACTATTTTGCATTGCTGTTGCTCTACTTGCAATGGCATCACTGATGAAATTCAACAACTCTACTTTCTCTTGTTGTAACTTTTCATTGAAATGAATAATAACTGTTCTTTCATCGTCAACAGGACGCTCTTTGTAAATCCATTCTAATTCAACTAAATTATTATACGTTCTCGTACGCTTATACGGTTTAACTTCAACAAATCTGTCCATTTCTTTAAGCGTCATAGAACCTTTTTGCCATAAAGTTAGTAAAATTAAAATTTCTTCTCTAGACATTTTGTATTCGCTTTCAATCTCGCTGAAAATTGAGTTAATGTCACCCAAAAGTGTTTCTAATTGCAAAATCCCAAATACAGTGTCGTTATTTACTTTTTTCATGCTAAACATCTCCCAATTAATAATCACATATTTAGCTACCATACAAGTATTAACAAACATCCCAACAATCCCAAAACTTGTATGTGCTAACTTATGCATAAAACTACAAGTGTAAATAAACTTGCTTTCTATTCAATTGTCAAAGTTGAATAAAATTAAATAAGTATAAAAACCAATAATCAATAGAGTTAATATTTAGAAATAAGATAATAGTACATAAAACAAATCACTCTATTACATATTAATTTTATAATTTATATACAAAGAAAATATATCAATATTACCATTAAATTGCAACAATTCTACATATATTTCTTCAAAAAAGATACGCATTGAATTTTTATTACATATAACTCTCATGAAAATTGATTAAACTAAATTAATTAGTTAGCCTTAAATTTAACAAATTAAATCAAACCGAATGAGGCTAAATTGGTTATTTTTCAAGATATGATTTGTATAAATCAAAACATTTCTTACAAATCAAATGTGTATAAAATGTGATATACATTCTCAACCTTAAAAAAGTAAAAAAAAAGATGAGCATCTACTGTCTCATCTTTTTAGAATATTAAATTTCTACAATTTCGTCATCTTCAACAATAAAGCCCATTGTATTGACGCTGTTATTTAAGAAAGTCAGAATATAACGCATTACTTCATCACGTTCTGGCTCATTGTGAACCTCGTGGTAAAAACCTTGCCAAGCTTTAAAATATAATTCAGGTGTTTGATATTTTTCTTTAAACTCATCAATTGCCCTAGTATCAACAATTAAATCCTTCGTTCCATACATTAATAGCGTTGGCATTGGTTGAATGTCATGAATATGAGCCATCGTATCTTTCATCGTCTCATTAATTGTATTATACCAATGATACGTTGCTTTTTTTAACATTAAACCATCGTTAACTGTTTCTTCAACAATTTCTAAATTACGTGTTAAATCTTTTGGTTCTACACCAACATTAAAACGTGTGTCTTTTGAAATTTTACCTATATTTGAAACAAGTTTATCTTTACGATTTTTTCCATTCTTTTGAAGTTCTAGCATAGGAGAAATTAACATCATCCCCTCGATTGGCAATTCTACTTTTTCAAGTAAATTTAATAAAATCAAACCGCCAAGTCCTACCCCTAATACATA
NZ_CP181124.1_gap50	1859859	1860990	1131	ACGCAGAATGTAAGCGTACATTTTCATGTTGTCGAATTGCACCTTTTGTCAGTACAACTATCTCTTCATCTGTGTATGTCGCTTTAAAACCATACATATCAAATGTTCCGAAATCTGTAGGCATTTTCACTTTTGCCTTAAATTCAATTTCTGGTTCTAATTTTTTACGATATTCAATTAAATCATCAATCGTAATCATCTTTAATTGATGTTTTTCTTTAAAATTTTGTAAATCTTGTCCTTTCGCCATCGTGCCGTCATCATTCATAATCTCACAAATGACACCAGCGGGCTTGGCACCAGTAAGTTTAGCTAAATCAACAGCCGCTTCTGTGTGTCCATTTCTAGCTAATACGCCTTTATCTTGTGCTACTAATGGAAATAAATGACCAGGACGATTAAAATCTTTAGCTTCACTACTAGGATCAATGAGCTTTTTGGCAGTCAATGTACGTTCATAAGCACTAATTCCTGTTGTTGTATCTACATGATCAATACTCACTGTAAATTGCGTACCAAAGATGTCGGAGTTATCATCAACCATTTGTACCAAATCCAAACGTTGTGCAATATCTTTAGACACTGGTGCGCATATTAATCCCCTTGCTTCTTTCGCCATAAAATTAATGGTATTATCGTTCATCCATTCAGTAACCGCTACTAAATCACCTTCATTTTCACGATTCTCATCATCTACTACAATAATTGTTTCTCCATTTTTTAAAGCCATTAAAGCACTGTCAATATTATCGAATTGCATGCTACCCCTCCTAAAAACCAAATGCTCTTAATTTATCTACAGATAATTGGTCTTTATCTTTATTTAAAATATTTTCAACATATTTAAACAAAACGTCTGTTTCTAAATGTACTTTATCTCCTAATTTTTTGGATGATAAAATCGTTGAACGCCTCGTTTCTGGAATAAGATGAATGTCAAAACTGTTATCATGCTTATCAAATACCGTTAGACTTACACCATCCACAGTAATAGACCCTTGCTTAACTAACTGATTATTAATATGTTGGCTACATTGAATCGTAATAATTTTGGCATTGGCTGTTTCATTTATTTTTGAAACTGTTCCTAGTTCATCTACATGACCGAGGACAAAATGTCCACCAAACCTA
NZ_CP181124.1_gap51	2044841	2045752	911	GTGATTTGCTTGAAAAATTCCGGACTATCGTAGCTACCACGTATTGACTCAACAACAGTGCTAAACTTAGCGAATGTTTCTATTTGATAAGCCTCTTCAAACCAAGCCCAACACAAAATGCCTGTATCAACAGTAATCGATGTTATTTTCAATGGGTCGTCTAAACCTCTAAACAGTATTTTTTGTCCAGTAGGTTTATACGTTATTTCCGGCAAACTTTCGTTGAATTTAAATAAGTGAGCAACGCCTAATTGGTTAGTTGCCCACTTTAAATCTGTATACGTTGATTGTTTGTTAGTGTTGCTAAATCTTCTGACTACAAGTATATTTGCCCAATCATATTTCATTATTCGATAAATGAGATTAATAGCGGTAGTTTTACTTTTCTTGCTACCCCTTGAACCTTTAACAACACGGTAAAAGTTTTTGTTGTGCCAAAACTTATTGTAGCCACCACCGATTTTATTTTTTAGATCAAGTATTTCATACATGACTAATCATCTTCCGGAATATTATCAACAAACATCGGTATTTTGTGGTCGACTTCTTGTTTGTCTGTAAATAATTTGTGATGTCTACCTAACATCTCTAAGGCTTTGTTTTGGTCACTTATTTTAGGTGACTTAGTAACAAGTTGTATGTGTTCATCGTATACTAATTGCATTTTGCCAGTATCCGGATTCTCTTTATAGTCTCCAGTTTTTGTTACGACAACTTCAACTTCCGTGTGTTCTCCTCTAGCTGTTCTAGTTAGCCTATACAACACTTCTTTACCTGACATAATATTCTCGTCAAAGAGTTTTGTTTCAACCTCCTTGATATAATTCTGAATTTCAACATTCTTCAACATACGCTGTCCTTGTGAGTACGCCGTCTTTTCGCTATATCCGGCATGCACAGCTGACTTAGTA
NZ_CP181124.1_gap52	2143683	2146511	2828	ATCTTTCAATTGAAAGATAATGAAAATAAAAAAGACGACTATGTTTTGTTTGATAGCATTGATTATGCCATTAAAATATGAAATCGGATGTAATTTTTGAGGTTCAGACATCACTTTCAACCCCTCTCAAATTCGACATAGTTCTCGCTTCGATTATTTTAACATCGTCATGAGACATCATCGGTAAATAAATAGTATGACCTGCAGTCATAAATCCAACTTTATACAAATTAAGCACTTTACTAATTGGATTAGATTTAATCGACAAGTATTGTAAACGTTCAATTCGACTCGTTTCTTCTTTATATATAAAAAATGATGTACGATATTGTACACTTAGTTGATCAACTTTATAAAAGCGACAATGATATTGCCATAAAGGCTTAATAAATAATTTTAATGTACTCAGAGCACCTAAAACCAACAAAATATAAAGTAAGTAATGTGGCCATTCAAATCTTAACCATATAAAATAAAAAATGACATACACAGCTACACTCAATATAAATTCTAAGCCATTCGTAATGTAGTAATACAACAATGCTGACTTAGGACTCTTAGTCAACTTAGTATAATCTGACATAACCCCTCTCCCCAAATAAAAAATTATACGGATTTATAATCTATTTCATTTTATTTTTATATGATGATAATTATAGCATATGGAATATTTCATGCTAATTTATTCTTCCTAAAGGTACATCTAAAAATTTAATTAAGCAGAAAGTGCTTGAATTGCTAAAAAGACACCATGTTATAATTTTATCAACATGATGCCTTTCATCTATAATCAATCTTTCATCTTATCAAGAGCGATATTTAGTTCAAGCACATTCACATAATCATTTGTTAACACACCACGCTGCTTACGATGTTGAATCAAGTCGGCCACTCTTGAAGTAGATACATGACGAGCATCAGCAATACGAGGTGCTTGCTTCAATGCATTTTCGACCGTAATATGCGGATCTAAGCCCGACCCAGAACTTGTTGCAGCATCTATTGTTACATTTGAATTCCCAAATTTAACATGATGTTTCATGCGTGCTATTAATTCGGTGTTTCCATTCGATTCATTACTTCCACCTGAAGATACGCCGTTTTTATATAATTTTTCAGGATTCATATTATAATCAACTGCACTCGGTCTCCCGTGAAAATATCGTGTCTCTGTCCAGTGCTGTCCAATCAATTTTGATCCAACTATACGATTGTCATACGTAATTAAACTGCCATTTGCTTGTTGATAAAAAAATATTTGACCAATTAACGTGATAGCTAACGGGAATAAAAATCCACATAATACCATAGTTATTATCGTTAAACAAATACTATTTCTTATCGTATTCATGGTACAGGCTCCTTCCTCTTTACACAAAAAATTGTACAATCATATCTATTAATTTAATGCCTAAAAACGGGACGATTAATCCACCTAATCCATAAATCAACATATTATTTATAAAGATTCTATCAATGCTGTAACCCTTTACTTTTACACCTTTCATGGCAATTGGAATTAAGGCAACAATGATTAATGCATTGAATATCAAAGCTGATATAATTGCAGATTTAGGTGACGATAAATGCATAATATTTAGTGAAGTCATTTCTGGAATTGTTGACATCATTAGTGCAGGTAAAATTGCAAAGTATTTTGCTACGTCATTAGCCAAACTAAATGTCGTTAATGCACCTCTCGTCATTAATAATTGTTTGCCTATTTTTACAACCTCTATTAACTTTGTAGGATTCGAATCTAAATCAATTAGATTAGCTGCCTCTTTAGCACTAATTGTCCCTGAGTTCATAGCTAATCCTATATTCGCTTGTGCTAGCGCAGGTGCATCATTTGTACCATCTCCTGTCATCGCAACAATATGGCCTTTCGCTTGTTCATCTTTGATGACTTTAATTTTATCTTCGGGTTTACACTCTGCAACAAATCTATCAACCCCGGCTTCTTTTGCAATTGTAGCTGCTGTTAAAGCATTATCACCTGTACACATAACTGTTTCAATCCCCATTTTTCTCAATTCAGTAAATCGTTCTACAAGACCATCTTTAATCACATCTTTTAAATAAATCACGCCAAGCATGACATTGTTTTCAATGACTATTAATGGTGTGCCACCTTTACTCGATACATCCATACAGAGAGACTCAATGTTAAGAGGAATATTGCCTTGTTGTTGTTTGACAAGATTTATCATACTATTAGGTGCACCTTTGAATACCGATATTTCATTTGTAATGATTCCGCTCATTCTAGTTTCAGCTGTAAAAGGCTTATATGTGCCATCAATGTCTTTAGGCAGCTCATTTATATACATCTGCTTCGCTAATCGTACAATACTTTTTCCTTCTGGCGTATCATCGTAGATTGATGACATATAAGCAGCGACTATCAATTTTTCCAGCATTTGTTGATTCACTGGTAAAAATTCACTAGCGATTCGATTGCCATAAGTGATTGTCCCTGTCTTGTCTAAAATCATTACATCGACATCTCCACATACTTCTACAGCACGCCCACTTTTCGCTAATACATTGAATTGAGTAACACGATCCATGCCTGCAATACCAATCGCCGATAACAAACCACCGATTGTCGTTGGTATTAAACATACTGTTAACGCAATGAGCATCGCAATAGGTAAAATTAAATGCAGGTAAGATGCTATTGGATATAACGTTACAATAACGACTAAAAATATAATTGTTAACGTTGTTAATAATGTAAAAAGTGCAATTTCATTTGGTGTTTTATTTCTTTCCGCCCCTTCAACTAAGGCAATCATTTTATCTAAAAAAGATGTACCCGCTTC
NZ_CP181124.1_gap53	2187949	2189314	1365	ATAATCGGATCATCGATTTTAGCTGGTTTACCATTTATTAATCGTTGCGTTCTACTAGATGAAGAACCACAAACAGCACAAACTGCTTGAAGTTTCGTTACTTGTTCACTGACAGCCATCAATTTAGGCATTGGTTCGAACGGTTCGCCCCTAAAATCCATATCTAATCCAGCAACAATAACACGGTGTCCATCTGCTGATAGTTTTTCTACTATACTTACAATTTCATCGTCAAAAAATTGCACTTCGTCTATTCCTATAACATCAACATTAGTTAAGTTGTGCGTCATAATTTCACTTGCTTTAGAAATATTAATCGCTTCAATGGCATTACCATTATGAGAGACCACTTTTTCTTTATGATATCGATCATCAATCGCCGGTTTAAATACAACGACTTTTTGTTTAGCGTATATACCCCTTCTTAGACGTCTTATTAGTTCTTCGGATTTACCGCTAAACATACTACCTGTAATACATTCTATCCAACCGGAATGGTAAGTTTCATACATTGAGAGTTCCACCTTTTTCAAAACATAATCGCTTTATTATATCATATTTCAAATATTCATAAATGTCTTTTTCATAATTATATCGATATTGTACATGAACAATTATTTTATAAATTTGTCTTGCATATTTATATACAGCTATTCTAATTTGTTGCTTCTTATTCGTGCGGTGTTTCTACTCAATACAAACTTTAATAAAGGGGGAAATTTATCATTATGTATTAACAACATGGTATTGAGTCACTTCTTTGAACACAGTCGTAAGTATATACCCTTACTACGCTTATAAATAAAAAAGCTGTCTACAATTCCATTATAGGATGCAGACAGCTTAACGATTACTATATTAGTTGTTTGATTTAAGACCAAACTTTTTGTTGAAACGTTCCACACGTCCATCCGCAGCAGCGAATTTTTGACGTCCAGTGTAGAATGGATGTGAATCAGATGAAATATCTAAACGAATAACTGGGTATTCTTTTCCATCTTCCCACTCCATCATTTCTGAAGATGTTTTTGTAGAACCGCTTAAGAATTTGAAGTTTGTAGTAGTATCTAAAAAGATTACTTGGTGATACTCAGGATGAATTCCTTGTTTCATTATTTTCAGCTCCTTTGCCCTGAACCATCTGGAACAGAGTTATTTGTGAGTTTTTACCCAATACTGTGTAATTATAAAGGTAATTAATTCAAAACGCAAGCCCCTATATAATGTTTATTAAATTATAGGTCGACCCGTTTTAGTACTTTCTTCTGCAGACTTTTGTAGCTGCTTGAAGAAATCTTCATTATTCTTAGACCTTTTAAGTTTGCGAATAAATCTTTCAGTAAAGTCAGTTGAGTCAGTGAATAG
NZ_CP181124.1_gap54	2279280	2283764	4484	CATCAAGTGGCTGGTTAAGCAATTGATATAGTTCAGAAATGTTTGGTTTAATGACTGTTGGTTTGTATGGATTTTCCAAAACTGTTTGCAAAGTTGCACCCGAGCAGTCCAATATCACAGGCACACCTTTGTTTTGGCATCGTTCAATAATTTGTGCATAATAATCTTGATTTAATCCTTTAGGTAAGCTACCTGAAATAGCAACTGCTTCAACTTTTTCTAATAATTGTTCAAAATGTTTAATAAATCCTGCAGCCTCTTGATTATCAATCTCCGGTCCCTGCTCTAAAATTTCTGTTTGTTGCCCTTCATGTAAAATTGCAATGCAGTTTCGTGTTTCACCCTTAATGTTATAAAATGCATGCTTGATGTCGGCATGATCTAATTTTTTAGCAATAAATTGACCTAATTCACCGCCAATAAAACCACTCGCAAGGACTGGCTCGCCTACTTGCGCAAGTACTCTTGTTACATTTAAACCTTTACCACCAGCTGTTTTACTTACTTCTTGAACACGATTAACATCATCTAATTTCAATGCTGTTAATGGATATGAAATATCAACGGATGGATTTAATGTTAAAGTTAAAATCATATGTGTCGTCCCTTAATCGTGGTATTCGCCTCTGTCCCATTTTTCTAAGAATTCATCAAAGAAATGTGGATCAGCTTGATCTGCATTGCTTGTTTCTAAATGTTTAATTTTAGCGATTAATTTTTTGTTCTCTTCAGTTGCTTTATATTCAGCGTTAATAAATGCATCGATAATATCGCACATTAATAACTCACCTATAATACGTCCACCAAAGCCAATAACGTTCGCATTTAATTCTTCTTTAGCATATAACGCTGATGTCATATCACGTACTAGTGCTGAACGAACGCCAGGTACTTTATTTACAGCATTGTTAATACCAACACCTGTTCCACAAATACAAACACCTAAGTCTGCATTACCGCTAACAACTTGTTCGCCAACTTTTTTACCAAAAATTGGATAATGTGTTCTTGTAAAATCGTATGTTCCTACGTCAATGACTTCATGTCCTTTTGATTTTAAAAATTCAGATACACGCATTTTTGTATCTGTAACAATATGGTCGCATCCTAATGCAATCTTCATAGTAATTTTTCCTCCTTAGCACATTTTATTAAGCATATCTACGCGGATTTGGTGTCTACCACCATCGTATTTACCTTCAACAAAACCTTTAACGACATTTTTCGCTAATGTGTCTCCAACAATTTCAGATCCCATAGTGATCATTCTTGAATTGTTATGGCCTCTAGTCATATATCCAGAGCGTTCATCTGATACTTCAGCAGCAATCATGCCTTTGATTTTTGTAGCAACCATAAAGCTACCTGCACCAAATGCATCGATAACAATACCTAAGTTACCTTCTTGACTTTGAACATCTTTTGCTACAGCCAAAGTTGCATCAACAAAGTCAACTTCCTGTCCTTCTGTTACGTCAACAACATCATATTTATTGTCTAATAAGTATGATTTGATGACTTCTTTTAATCGTTTGCCAGCTTCATCTGAACCAATAATAATCGCCATAATAAAACTCCTTTTTACTTTAATTTTGAAATACCTTTCTTAAAATATGACATATTTATTTGTAGCTTATGAAAATCTTGAGAAAAGGCTTTCAATTTGATTACGTTTAAATTATAAACATAAACAAACAATAAATCAACATAATATGTTTATAATCTGTTTGTTTATGACATATTTTCAAACAATAAGTGAACATTCCTATTGTGGTGTTGTTTTAATTAGGTATTCGTCTGAAATTGTAGTAAAACTTTGTCGATGTTCCCGTTTACATAAATTTGCAAAAAAATAACCCATAAATGAATGCAAATTCACATTCACTTATGAGCATATAGATACATATTTTAACAATGCAGTTATACTTTTAATTTAGTCGACTACTTCAATATATGTTTTAATCGTTTCTACTTTTTCTTCATCTTCATAGTCCATGACCACTGCAGTCAATTCGTTTAACTGACAAAATGATGTAAAATCTTCTTTGCCAACTTTCGTATGATCGATTAACAAGTATTTTTCAATTGAATTACTTAGTGCCAATTGTTGCGTATAGGCTTCATCTAATGTAGATGTCATCACAGCACCTTTATTTACTGCGTTACTACTAAAGAACATCTTGCTAAATCTTAGTTTTTCCAACATGGCATTCGCCATTTCACCTACAAATGCTTCTGTAATATGGCGCATTTCACCACCAATTAAATAGACACGAAAATGTGCTGTTTGTTTTTCTAACAAAATTTTATACACCGGCAAACAATTCGTAATAATTGTGAGCGTATGATGATTGACTTCTTCTGCTAATAGTTCCACTGTTGTTCCCGGTCCGAAAAACAAAGTATCCCCATCTTCAATTAATGATGCAGCTTTCCTAGCTATATATCTTTTTTCAGCAATTTGACGAGTATGTTTTTCTTTATGTGATATTTCTTTATACTGAAATGTTGAATTACTGCGTGCACCACCATGAATCTTCGTTAAAATGCCCTTATTTTCCAACTCAATTAAATCTCTTCGAACTGTCATATCAGACACATTTAAACCTTCGACGATTTCATTCGTTCTTATCGTGCCCTTTTTATTCACTAGTTTAGCAATTTCGTCCAAACGTTCATGTTTATTCAATGTAAAATTGCCTCCTTTATTTAGGCGATGGGTCATTATCCTTTATGTTTAGACATCAATTTTAATATACATGCTTATTCTATAATAAAAATTGCGTAAAAACTAATATAATTTAACTGTTCGATTATATGTATAATTCATTTTTAAAAAGAACTGTTTAAACTGCGCTTTTGATAATCGTAAAATGAATATACTATAATAAAAGCAAAAGACGTTATAAATCATTCATTATTTTGATGGGGTGTTTATTTTGAGAAATGATTTAGAGACATTAAAACATATTATAGATAGTTCGAATCGTATTACATTTTTCACAGGTGCTGGTGTATCTGTCGCAAGTGGCGTTCCAGATTTCCGTTCAATGGGTGGCTTATTTGATGAAATTTCAAAAGATGGACTTTCGCCAGAATACTTGTTAAGCCGTGATTATTTAGAAGATGATCCTGAAGGTTTTATCAATTTCTGCCATAAGCGTTTACTATTTGTCGATACGAAGCCTAATATCGTTCATGATTGGATTGCAAAATTAGAACGTAATCAACAATCTTTAGGTGTCATCACGCAAAATATCGATGGTTTGCACTCAGACGCTGGAAGTCAACATGTTGATGAATTACATGGCACGTTAAATCGTTTTTATTGTAATGCATGTCATAAATCTTATACGAAGTCAGATGTTATTGATAGAACTTTGAAACATTGTGATAATTGTGGTGGTGCCATTCGACCGGACATCGTATTATACGGTGAAATGTTAGATCAACCTACCATCATAAGGGCATTAAATAAAATTGAACATGCTGACACCCTTGTTGTACTAGGTTCATCACTCGTTGTACAACCTGCCGCAGGATTAATATCACATTTTAAAGGCGACAATTTAATTATTATCAATAAAGATCGAACACCTTATGATAGCGACGCTACTTTGGTCATACATGACGACATGGTTTCCGTTGTAAAATCATTAATGACAGAGTAATCAGTAGGTAAAAAGCATTTCCCGAGTAACAGGGAGATGCTTTTAATTTTGGAGTTGCGTTTTTGGAATTTGGAGTTTGGTTTTCGGAATTCGACATTTGGAATTCAGAATTATAATGAGTGGAAAATTTTAATTATTGCGTGTTTAATGACTTGGTTTTGTAGCGATTTTTATTTGATGAATTGTTTTTTTGTTTAATGTTGGGATGCTACTTTATAACATTTTCAATCGCTAAAGGCCCATTCGTAAAAAATTAACTGTAAATCTTATGCTTACAACTCATTTTATTGTTTATTTTTATTGCGATTTTTCTTACTAAAGATATTTGTTTCATCAATAGATTTTTTATTACTAAAATAGACTGTAAAAATAATCGCCATTCCTGCAAATATTGGTATTTTATGATATCCAAATGGTACAAAGTACATTGCCGTGAGCATGACGATGCCTGTAATTAAAGTAATAATGGCAAAATGTTTATATTTCATGTTATTATCCCCTATACAATTTATTCTACATTCATTATATACTTCATTTTATAAAATTATCAATACTATAATTATTATCTTAGGTAAGTTATTGCATAATACAAAAATTCATAATAACTTATTTGCTTGCTCCATTCACTTTTTAAGAGTAATAAAATAACCTGCAACATAGACTTTAACATCCAAGTTTCAGGTTAGCGTAATGTAAATTATTTACTTTGTTATATTATGATTAAACATCTAATTCTCTGCTTGTAAGTGCTTTAATCATCTCTGGATCAGCATGTGAGAAAAATTGGCTATTACTTTCTTCTAATGTCGCAAT
NZ_CP181124.1_gap55	2287084	2288959	1875	AATCAGGACAAAACTTTAACTGCCAAAAAATCATATTTCATATTAAACGATAAAATTGTCTTCTTAGGAACTGGCATTAAAAGTACTGATTCATCAAAGAATCCAGTTACAACGATTGAAAATCGCAAAGCGAATGGGTATACGTTATATACAGACGATAAACAAACAACCGCTTCCGATAATCAGGGAACCAATTCCGTCTTTTTAGAGTCAACCAATAAACCTAAAAACAATATAGGCTATCATTTTTTAAACGAATCGAAAATAACTGTAAAAAAAGAAAGTCATACTGGTAAGTGGAGTGATATAAATAAAAGTCAAAAGCAAGACAGTAAAACTAATCAATATTATGAAGTAACTCAAAAGCATTCTAATACAGATAGTAAATATGCATATGTGTTGTATCCAGGCTTATCTAAAGATGACTTTAATACAAAAAAAGATAAAGTAACTGTCGTTAAACAAGATGATGACTTCCACGTTGTGAAAGATAATGAATCGGTTTGGGCTGGTGTTAATTATAGTAATAGCACTCAAACTTTTGACATTAACAACACTAAAGTCGAAGTTAAAGCCAAAGGAATGTTTATTCTTAAAAACAAAGATGATAACACTTATGAATGTAGCTTCTATAATCCCGAATCTACAAATACCGCTTCAGATATTGAATCTAAAATTTCAATAACTGGATACTCTATTACAAACAAAAATACATCAACTTCTAATGAATCCGGCGTACACTTTGAATTAACTAAATAAGCAAGAAAATCTCGACACTATACCATTTTTATAGTGTCGAGATTTTATAAGTATCGCCATCATTCACCTTGTAATCCGCAGACCACATCCCCTTTGATAAGTTCTAGATTATTTAAAAATCGAATTTTCAAAGACGTACATGCTTCAATATTCTTATCATTCATTACTTGGAAATGTATATGAGGTTCAGTAGAATTGCCAGAATTCCCAACCTTCCCAAGGAAGTCACCATATTTAACATTTTGCCCCTCATTCACAATGATTGAATATTGTTGTAAATGAGCTATTAAGCTATACTCATTTTCTGCGTGCTTAATTACAATATAATTTCCTAAAAACTGTGATTCATTCGTACTTCCAATACTGTTGTCTTGAACCCCATTCACTACTTTTTCAACTGTACCATTTGCTGGCGCAATGATATCTTTTCCAAAACAAAAATAATCAGTATTTACTTTTCCTTGATTCTTATATGTTTTATGATTTTCTTTAATAACTAAATCAATAGCATACCTTTGATGTAGGTATAAATAGTGATAATTATATAATTCATTATCTCCACCCCAAAAAACCTCATAGCAATCTGTTGTCGGCACTGCGTATTTTAAAGTCGTTTCATTCTTAATCGCATCATAATTGATTAACGGACGCATAACAAATCCGATAATACTATTATCTTTCCAAGTCACTGCCACTCCAAATTGATTTGCTTTATCTATCCATATTTGCTCCATAGTATCATCATTTTGAGTACACACTTTTAACTCATGTACATCAGACTGCCTTGTATAAGATTTGAAAAGTTTCCTAAACTGCCAATAACTAAACTCTCGCTTCAAATTTTGATCAAAAATCTTATATATTTTCCTGCTCTTACTTTTATTTAAATAATCCCCAAAGTTTGTTTTATTCATATATACTTAACCTCTTATATTAATTTTGGTATCAATTCTTTCTCCAGTTCCTGCGTCATTTTTGCGCTACCTGAATCGTCTACACTTAATTGGACAAATCAACATATAAATAATTTTTTAAAACTAAAGTGTAGTCTATTCACCATATTTTCTAATCATCCCTTAAATATTAATATTTGCACTTAAAAAGTATACATATCAC
NZ_CP181124.1_gap56	2294639	2295198	559	GTAAACTAACGCCTTTCTTGAAATCAATCATTTTAATAAAACTGATTTTTCCATATATACTCATAATAAATTGCTGCTCATAATCCAATGAATAATTATTTCGAATTAAGTGTTCTTCTAATCCAAACTTATTTACAAAATAAATTTGCTTCCTGACCTCTCTTATTAAAGTTTTAGGAACCGATATTTTTTCATTAACTATAATACCAGTAACTTTTTTTCTGTCTCCTGGTTTAAACATAATTGTCTTACTTTCATTAATTCTAAAATTATATTGGTTTACTATTTCCCTGATAATTTCTTTACTAAAACTTACTTTATTAGATCCAGAAATAGTAATATCATCAGCATATCGAGTATATCTCAAATTATTTTTTTGACAATAAGAAAAGATTCTTTTATCTATATTGTAAAAGATGATATTAGCTATATATGGACTGGTTGGTGCACCTTGAGGCAACTGATTATTCACTGTACACAAATTTGCGAGTGCTGTCGCAAGTTCAAATTTATAGCCCATCTCAGAAAATATTTTTCTAACCTGCTTAAATGTGATACT
NZ_CP181124.1_gap57	2296431	2300694	4263	TTATTTTTTTTCTGCATCTTCGGTTATATGTATGCAAAATATAATAATCTCTATTTTTAATGTTAGTATATACTTTTTTATTGCATCAATAAAGTCGCTGATTGATTTTCCTGTCCCTGAAAAATCATCTATCAAAATTAAATAACTTTTTTCGCCTAAAACATTTCTAAAATACTCGTCTAAATACTTTTCATATCCATCTCCATATATTTCCTTGTTTTTTGCAAAATAATATTCCACTGCTTTAGAAAAATTAGATGATAGATTATTTGGTATATTGTTTGCAGTTAAAAATAATGAAGTTAAGATGCTTGAACTATTAGTTTTTTCTGCATCTTTATTTAATATATTTGTAAAGTGACAATCATTGATTTGATTTCTGTGCTCTTTTATATGTTCTATAAGATCTTGACAAAACTTTATTAAATATTTCTTCGTATTTTCTTGATCATAATAATAATATTCATCTTTAATAATTTTTATAATCTCTTGCTTTATTACATTATTACTATTCAAAAAACTTTGACTTAGAAATTTTCCGAATTTATTTCTAAAATTTTTTATATACTCATCATTAGATGATTTATTTATTTTATTTCTTTTATTAAACTTAATAACCGCTTGATTAAATTCTACATTTTGTTTCAAATACTCACCACACAGTGTATTATATTAAGAACAGCATGACAAAATAATTTTTCGAATATAATATATAATTAATTTATTACTAGTAATTGGATTTTAGACTATTATGATGTTTATAAAGCATCTGTAAGTTTCCACGCTCTGTTTTTCCACCTTTACTCCATGGTATAATATGATCTCCTACCATATCTTTATAATTCCATATATGTGTTTGGTGATCATATTGTAAATCTGTATTACAAATAGGACAATTTGAAGCTTCACTTTTTCGAGCATTATTAGTTTGCTCTTGATATTTAGACTTTTTATTCGCTTCAGTGAAAGCTCTAATTGATAGTTATTTTATAAATTCTAATTTTTCTCCGCTTAATAAATACTCAAAAATTCCTAGCTTCCTTGAAACATCACTATCTTCATATAAACTTAAAAGTTTATATTCTAATACTGAAGGATTTTAAGAGTTGTTATGATATGTTTCATATAAACTTCTCTATTCTAATCCCCGCATTTCTTTTTCTACATTAATAAAAATGCTCGATATCCAATCTATAACTGAGTTAAAGTATGTTTTTAAATCATTTATATCATTATGATGTCTTGACATGTATCCATTAATATCACCTTTACTTCCCCCATTTAGAGCTTCTTCTAATATTTCTTATCTATTTGGAATTCCTTTAATATAACTTTGCCATTTTTTGCTGATTAGCATTCATAGAATTAGAAAATTCATACTTTGCTTTTGTTATAAATGGACCTGACTAGATTGCATTTCTAAGTTCTTGTTGATTTAATGGATTTGTTTTGTATTAGCCATTAGCTTTCTCCTCTTATAAATATCTTCACTTTTTATATTTATACTTTTCTTCAAGTATATCATTTTTTCTTCACGATAAATGTTCTAATATTTGTTTTTTTGCAATCAAAACTATACTCCTCATGATAAAATGCCACCTAAAATGGATGGACAAATTAATTATATCGGTTGTCTGTGAATCGTCTACATTTAGTTGGATGTAAATGTCAATATTAAAATCTACATAAATGATTGTATAGAAATGTACAAAATTGTTTGCTAAGTAATTTTCTTTTTAGGTGAATGATTTTTTAATCTATACGATTTTCCTGTGATTTTTACTACACTTGAATGATGCAATATCCTATCCAAAATCGCATTTGCGATTTTGGGATCATCAAATATTTCATTTTATAAGTTGAAATTGATATTTGTGGTAAATATTGTGCTTTTCTTCTCATACCTTAAATCTATTAATTTGGAAGAATATTTTGGCAGCTTCACTTCCAATAGGTAAGTACCCAATCTCATCAATGATTAATAACTTATACTTGCTATAGTGCTTCAATCTATTTTCTAAGCTGTTCTCAAGTTTTGCTTTTCTTAAATTCTCTTTCAAATGATGACACTTAATAAAGTAAGTACTTATTCTATTTTTACTAACGACATTTGAGTCTAAAAAGACTATGTTTTCATATTTTCCTATAAAACGTAAATCCGTAAAATCCAAAACATCTTGTTGATTGATGCTCGGTTGAAAATTAAAGTCAAAGGCTGATATTTCTTTTTAAACGGTAACGCCATAACCTTTACCATCGATTCAATCAAATTTTTCTCCTTAATTTTGATTTTGTAATCGCTTAATTTAATTAATGTGTCTATGAATGACAGGTTGTGTTTATAAAATCGATAACATCATCAAGATGGTTAATCATCTGATTCATTTTCAAATATTCTAAATTTGCTTTTAAGCGCTTATAATTCGTTGAATTATTCATCATAAAACTATCCAATCGCATTTAAATTATCTATCGTAATCTGATTAATATCATCCTTTTCTCTATTCCCAAAAGAGGATGGCAGTGATTCTAAATAATGTTCTTTTTGATAATTTAATTTACGTTGTGTGATGAGATGTTCACAAATCAATTTAGTCTTATATTAAACGTGTTGTTTTTGATCATAAACTTGAACTTCAACTGTTTTCCCACAATATTCAGCTGATGCTGAATATTGATTGGACTTATATGTAATCATATTAGAGCGGTTGACTTTCAAATATTTATGTTTCACTTTATATGAGTTTCTTACATTCACATTCGGTAGTGATTGTAAGAACTTTTTCTTTTTCTAAGGCAATAATAGGCATTTTACCTGTACTCACATGAACTGAGTAGTTCAGTCGCTCTTTAAGATTAGAAATAAACTTAGGAACCTCTTCTAAATATAATACTATCAGTTACAAGTACATCAGGCACATCTCACATTAGCTCAAACGCTTGTGTAAATAAATTAAATAAAACATCACTCGATTTATTCATTGTCACTTTCATGATTACAAAACGGGAGTAAGAAAGTAGTAACACGCCTATATTTAGTGAAACTATTTGATTATCATTCGTTTTAAAGTTAATGCCTTCTTTCCAGTCAAACTGTGCTTGATGACCGGTTTTTGTCTCGATTCTCGTTGTACCTTTAGGCGACATCTGTTGATAACCTTTCATAAAATAACGATTAAATACAACATGCTTAAGGACATAAGCTCTAAATGCAGAATAGACACAGGTTAATCTAAGTTTAACCTTCAAATATTGTCAAAATACACCATTATAGTAGAACTATTATTCACTAGTGTGAAAGTAACTTTTGGATGATTGGATAATACTTGTCAATAATAGACTGACGGTTCCTCTTCTTGGTCGGCTCAAAACCATTTAATTATTTATCAACTGTTCTTCTATCATCCCCCATATGTCTTGCTATTTCACTTTTGTTTATTTCATGATTAAGTTCTGCTTAACAATTTTTAATTTTGGTAAATCTGTAAGAGTAATAACTTAAAAATCCATATTTATGTCTAAAGATAATTTCATTGTTGTTCGCCTCAATAAAATTATCTCTAGGTTTTTAAAAATTTTACATGTTTAAACAATCATAAGTGTACATTATTAAATTATAATTTCCAGTGAAAAATAAACATGTATTGCAACCACTAAAAAAATGTGAGTATCAAAGATGGATAGATATTGGTATTCAAACTATAAATAAACTTTTACAATGGAAAGAAGAACAAAATCTACAAAATGAAGAATATGGATTTTCAGTCTCTAGTGATAAAGAGCAACATATCTTTTCAACATACCATACATAGTAGACTAAATGAAGTACATGCGTGTATCGATGCCTAATGACGAATTAGAGGTATTCTTTAAATGATATTCAAATCTTCATAAGATACACGTTCATAGCTTCAGGCATACTCGTGCTTCACTATTATTCGAATCAGGTGCAACAACTTAAAGAAGTAAAACTAGATTAGGTCATAGTGATATAAAGACGACTATGGACATTTATAAACACATTACAAAATCATCTAGAGAAAAATTGGCAGATGAATTTCAAAAACATATTAATTTTTAGGAGGATTTTATAATGAAAAAGAGTATTTATATCTTACCATTAGCTTATATAGTTATTGAGTCACCTTTACAAATTGGCAATGTTATCTTAACCCCATCTTTAAAAGTAATTGAATCAGGTCATTTTCATACAGACTTTTCACTAATATCAATGTTTAACAAAAAAGAGTTTTTATCTATTTT
NZ_CP181124.1_gap58	2305316	2309198	3882	TCGAAAATTTCAGTCGCTGTGCCTTCTTTATAGACAGTCCCTTTATTCATAACGATAACATGATCTGCTTCCATCGCCTCAGATAAATCATGCGTAATAGAAATGATTGTAATATTATGTTCTGATTTAACTTTTCTCACTAAATCCAATAAATTTTGACGTGCATCAGGATCTAACATAGAAGTCGCCTCATCTAATATAATGACAGAGGGGTTAAGTGCTAATACACTTGCTATAGCCACACGCTGCTTCTGTCCCCCCGATAATGCATTAGGTTCATAATCTGCACGTTCTAACATATCAACTTGTTTAAGTGCTTCGCTGACTCTTCTATGCATTTCGTCATGTGGAACCGCATGATTTTCGAGTCCAAATGCCACATCGTATTTTACAATTGAACCAACAAATTGATTATCCGGATTCTGAAATACAATTCCTATGTCTTTTCTTAACTTTTCAAAATTATCATCAGTTATAGCTTGATTATTATAAAAAATTTCTCCAGATTTAACTTTCTCTATGCCAATCATTAACTTGGCAATTGTAGATTTTCCAGAACCGTTATGACCAACAATAGATGTCCACTGACCTTTAGGTATATTAAAAGAAACATCTTTCAATGTGAAGGATGCATCACTTTGATATTGAAATGAAACATTTTTAAATACAATAACTGAATTCTTATCCTCCACTTGTCTCTCTCCTTTACGATTCGTGTATCTATCATATTTTACAATATTTATAAATCGCTGTATATGACATTGACTGGGTTTGCTATATATTACTAGTATTTTCTAACTCATTTCTAGTCTTTAAAGTGTTGTTTAACAACTAATGATAAGGACATTTATTCCTCTCTAACAATTATGTATAAACGTTAATAAAATAAATGATTTACTAATATAGGGGTGGTCGCGTTTGGTTCAACGATAATACTTTCACTTCATTCAGTTCTAGTGAAATTGATCAAACTAGCTTGATCATATTTTTAGATTCGCACTCAAAAAAGTAGATATAAAGAAATCGGACTTAAAAACATTTCTGTTCATAAGTCCGATATCTTATTCAATAAAAAAGCGCGCACCCCATCATAAGTTTGTTGAGTTCACGCTTTAAATCTTTATTTAGTTGATGGGGTACTCTGAGCTAGACAATATTTGTATGTGGCAAACATTATCGTTGCACTCATTTGCTTTATATAAAAGTAGTTAGTGTATTTATATAAATTCTTATACTAATTCGATAATTACTGATTCAGCACCGTCACCGCGACGAGGGCCTTGTTTAAGGATACGAGTGTAACCACCTTGACGTTCTGTGTAACGCTCTGCGATTTCACCAAATAATTTTTGAAGTGCAGTTTGTGTAGTTTCATCTTCGTTTAAGATTTCAACATTACGTAAAGTTTTAGCTGCATTACGACGAGAAGCTAAATCTCCTTTTTTACCTAAAGTGATTAATTTCTCAACAACACTGCGAACTTCTTTTGCACGAGCTTCTGTAGTTTCAATACGTTCACTAATAATAAGTGATGTAGCTAAGTCACGTAACATAGCTTTACGTTGATCAGAAGTACGACCTAATTTTCTGTAACCCATGAGTTAACCTCCTTTATCAATCTTCTTTTCTTAATCCTAATCCTAAATCTTCTAATTTGTATTTAACTTCTTCTAAAGATTTACGACCTAAATTACGCACTTTCATCATGTCAGCTTCAGATTTGTCAGCTAACTCTTGAACAGAATTGATTCCTGCGCGTTTTAAGCAGTTATATGAACGTACAGATAAGTCTAATTCTTCAATAGACATTTCTAATACTTTTTCTTTTTGATCTTCTTCTTTTTCAATCATGATTTCAGCGTTTTGCGCTTCATCAGTAAGACCAACGAAGATATTCAAGTGTTCAGTCATTATTTTTGCTGCTAATGAAACTGATTCTTGTGGTGTGATTGAACCATTAGTCCAAACATCCAATGTTAATTTATCAAAATCACTGCTTTGACCTACACGTGTATTTTCAACAGTATAGTTCACACGTTCAACAGGTGAATACAATGAATCAACAGGGATTACACCAATTGGTAAATCACTAGTATTATTTTGTTCTGCTAATGCGTAACCTCTACCCTTGTTAGCAACTAGACGAATTTTTAAGTGACCACCTTTAGATACTGTTGCAATTTTAAGCTCTGGGTTTAAAATTTCAACATCACTATCATGTGTAATGTCGCTTGCTGTTACTTCGCCTTCATCACGTACATCAATTTCTAAAGTTTTATCTTCTTCAGAGTAAATTTTCAATGCTAATTGTTTAATGTTCATAATAATTGTAGAAACATCTTCAACTACATTGTCTACTGCTGAGAATTCATGTAAAACTCCCTCAATTTCAATATACTTAACGGCTGCACCTGGTAATGAAGATAGTAGGATACGACGTAAGGAGTTTCCTAGTGTAGTACCGTAGCCACGTTCTAGTGGTTCAACAACGAACTTACCGAATTTAGCATCTTCACTAATTTCAATTGTCTCAATTCTAGGTTTTTCGATTTCTATCATTTAAATATCCTCCTTATATACGTCGACTTAATTTAAAATGTTTGCTCAGTGACCTGTAACAATACCATCATAAATTATACACGACGACGTTTTGGTGGACGACAACCGTTATGAGGTACTGGAGTAACGTCTCTGATCGCAGTTACTTCTAAACCTGCAGATTGTAATGCACGAATAGCTGATTCACGACCTGGACCAGGTCCTTTAACTGTTACTTCAACTGTTTTTAAACCATGCTCCATAGCTGATTTAGATGCAGTTTCAGAAGCCATTTGTGCTGCAAATGGTGTTGATTTTTTAGATCCTTTGAATCCTAATGCACCAGCTGATGACCATGATAAAGCATTACCGAACTCATCAGTGATAGTTACAATAGTGTTGTTGAATGTTGAACGGATGTGTGCTACACCATTTTCAATATTCTTTTTCACTCTACGTTTACGAGATACTTGTTTACGTGCCATTTAAAATTTGCCTCCTTTACCTATTATTTTTTCTTGTTAGCTACCGTTTTAACTGGTCCTTTACGAGTACGCGCGTTGTTTTTCGTTTTTTGACCACGAACTGGTAAACCACGACGGTGACGGATACCACGGTATGATGAAATTTCCATTAAACGTTTGATATTTAAGTTAGTTTCACGACGTAAGTCACCTTCGACTTTATAACCGTCTACAACTTCACGGATGCGACCTAATTCGTCATCAGTTAAATCTTTCACACGAGTATCAGCTGATACGTTAGCTTCTTCAAGAATTTTTTGAGCAGTTGACGTACCGATACCGTATATATAAGTTAATGAGATAACTACGCGTTTTTCACGTGGAATATCTACTCCTGCAATACGTGCCATATTAATTTACACCTCTCTTTTATTAACCTTGTCTTTGTTTGTGTTTTGGATTTTCACAAATTACCATTACTTTACCTTTACGTTTAATGACTTTACATTTTTCGCAAATAGGTTTTACTGATGGTCTTACTTTCATTTTTATACCTCCCTATATTATGGAGTGACGATTATTTATAACGATAAGTAATTCTTCCGCGTGTTAAATCGTACGGAGACATCTCAACAGTTACTTTGTCGCCAGGTAGAATACGAATGTAATTCATTCTGATTTTACCACTTACGTGAGCTAAAATCTCATGACCATTTTCTAATTCTACTTTAAACATTGCGTTCGGTAAAGTATCTAATACAGTACCTTCTAATTCAATTACATCTTGTTTAGCCATTGATTAACTTCCCCCTTTTTGCAATAGTAAGGTAATCGTCAATAGACAACTTTATTGTTACGAATCTATCAGTGATTAATTTTA
NZ_CP181124.1_gap59	2319562	2321434	1872	ACTTGAACTACTTCTAAGTTTTGAACAGTTACAGTGTTTCCACCCATACGTCCTGGCATTTTTTGGCCTTTAAATACTCTAGAAGCATCTGAAGCCATACCTACAGAACCTGGTGCTCTGTGGAAATGAGAACCGTGTGACATAGGTCCACGAGATTGTCCGTGGCGTTTAATTGCACCTTGGAAACCTTTACCTTTTGATACGCCTGTTACGTCAATAACGTCGCCAGCTACAAAAGTATCTACTGAGACTTCTTGACCTACTTCGTAAGCATCCACGTCTACATTGCGGAATTCACGAATGAAGCGCTTAGGTGCTGCGTCAGCTTTTTTAGCGTGACCTTCAGCTGGTTTATTAGCATATTTATTAGATTTTGCATCTTTTTTGTATGCTTTTTTGTCTTCAAATCCAACTTGGATTGCGTTGTATCCATCAACTTCTACAGTTTTCTTTTGTAATACAACATTTTCTTTAGCTTCTACTACTGTTACAGGGATTAATTCACCGTTTTCTCCGAATACTTGTGTCATCCCAATTTTTCTTCCTAAGATTCCTTTGGTCATCGAAAGTCCACCTCCTAAAATTGTCTATTATAATTTGATTTCGATGTCTACACCAGATGGTAAGTTTAAGCCCATTAAAGCGTCAACTGTTTTTGGTGTTGGGTTTACAATATCGATTAAACGTTTGTGTGTACGTTGTTCGAATTGTTCACGTGAATCTTTATACTTATGCACGGCACGGATGATTGTGTAAACTGATTTCTCAGTTGGTAACGGAATTGGTCCAGAAACATCTGCACCAGAACGTTTCGCTGTTTCTACAATCTTCTCTGCTGATTGATCAATCACGCGGTGATCATAAGCTTTTAATCTGATTCTGATTTTTTGTTTTGCCATAATTTTCCCTCCTTATTCGTCTACATTTAGTGATAGACTTCTCCACGAAAACTATCTTACACAGCGCCATGGCAAAGCGGCCGGGTGTGTCAGTAACCTTTCGCTTCATCGCTTTTCTTAAAGTCCAACGTTATTTATATTACACGAAAAACATCGATAAATCAAGGCTTTTCACATAATTTTTCTATCTGTCTAACACATACTTTTATATTTTACTTTATATACTTAGTCAGTTCAACTATTTTCGAGATATTTTTTATTTCCTTCTTTATTGTAAATTCGTACCTTGAATCATTTTATTATTATCATTGAAAATTATTCTATATAATTAGTCATAAGAACGGTGGTGAATGAATATGAAAAATGGACCAAAATTATCTTTAGCACTTATAGGTATCTTTTTAATACTTTGTGAGTTTTTCTATGGCATTCCTTTTTTAGGTGCAACGTTTATTTTAAGTTTTGGATGGCAGCCTTTACTCTTTAATGCATTACTTTATCTAATTCTTACTATTATATTATTAGTGAATAGACAAAATGCGATTAGACCTATAGCGATTATTCCAATATTTGGTATAGTAGGTAGTTTTTTAGCTATCATCCCCTTCTTAGGAATTTTGATTCATTGGATTTTATTTTTCCTAATGATTCTATTTGTCCTAGTTGTATTATCAGCGCCAACCTATATACCTAATAAAAATGCTCGTGTCATTTACACACAATACAAAGATGGACATAGAGAATAATTCTTAAAACCTTTTTAATTAGGTATATAATATAGAAGAAACACGTCCAACAATTTTAAAAGAAGTATATTTATATCGGATATTTAAAGACATTCATAATATTGCTTTATGTTATTTCGCTTCTTATTTTATCCTTACTTCAAAGAAAAAACGACTACCAATCATTGGCAGTCGTTTTTTGTGTCTGGATTTAACCATGAACAAATATGAAGTACAGAATGAATAGT
NZ_CP181124.1_gap60	2339798	2341019	1221	GATGTTGCTTCATGATTGTATAAATTCCTGCTAATGGACCTTTATCATTATGATTCTCATCATCTATAACAACATTTGGATATTTAAATTGCGTTGCCAATTGCGCATTTGTACTAATAATAATTTCATTGAACATATTTGTTGATTCTAATGTCTTAATTACTCTACTATAAAAGGTCTCACCGTTCACTTCCGCAAAAGCTTTGGGCTTACCAAATCGCACTGAATGACCACCTGCAAGAATTATTGCTTTCATGCTCCCTTAACCTCCACTAACCGGTGGAATTAATGCAACAGTATCATTAGGTTGAATGAAATCTGATTTTTGTACAAATTCCTCATTTACAGCAACTTGAAACTTTTTATTATTGATTTGCGGATAACGTTCAAACAATAAATCTTCAAATTGTTGTACAGTCAATGCTTGTTCAAGCACAATATCTTCCTGTGCTTTTTGTAATATATCTTTAATTTCTGCGAAGTAAAGTACCTTCATCTCTCTTATTCCTCCCTCTTCGCTTCTTCATAATTCCCTTTTTGATGCCCTTGCCATTTTGAACCATCTTCCCAAATTTCTTTTTTCCAAATCGGAACAATTTCTTTTATACGCTCAATTGCATATTCATTTGCTCGATAGGCATCTTTACGATGCGGTGAAGAAACTGCAATTAATACAGCGATATCTGAAATTTGTAATGGCCCTATTCTATGAACAATACTCGTTATCGTTCCAGGCCATTTTTCATTTATTTCATCTCCAATTTGTGCCAATTTCTTTTCAGCCATTGGAATATACGCTTCATATTCTAAATATTCCGTTTTGACGCCTTTAGTCCATTCGCGAACATGACCGGTAAAAACAACTACTGCACCTTGATATTCATTTATAGTGAATTCACGATATTGTTCTGTTTGTATCGGTTCTATCACGATTTCAAATTGTTTCATTCATTTCAATCCTCTATGTTAATTGTGTATCACAATCATTTTTAATTTTATTTAATAACCATTGCTCAAATGCTGTAAAATCTTCATGCTCCCTTACATTAATGCTATAACAAACATTCGACAATTGTTGTAATACTTGCAACTCTTCTTCATCTCGATAGACTACGACTTTTTCAAAATCAGCATTTTTAAAGCCTTCAACTAATACGATATTGGTGTCAATTGTAACAGATTTCTCAATAATTTGAGTAAGATTTTGATTATCTACACGTG
NZ_CP181124.1_gap61	2519973	2523132	3159	CATTTTATATACGCCTGAAGCAACACCCGACTTATCATCTGGCGCACTAGCAACTGCTGTATCAGTTGATGGTGTAGCATATAATCCTAAACCAGTACCAAACAATAAATATCCAACTATACTAGATATGATATACCACACTTCTGGTAAAAATGTTAACGACAATAAGATTAACCCAATCACTGTAAAGCCACTTCCTAGTAATAGTGGGCGCTTCGGACCATGTTGAGATAAAATCTTTTCACCTACACGAATCATTGACAACACTGCTATTAAATACGTTAATGAAATATAACCCGTTTGCGAAGAATTAAATCCTAATTGTTGTTGATAATACGTGTTAATAACGATAAGTGCACCACCTGCTACACCATTTAATAAGAAGTTTGAAATAGTTGCACCACTGTATCCTCTATTTTTAAAAATTGAAAAATCAACAAGTGGATGCTTTATTTTATTTTCGTAATATACAAAACCAACTAATGAACAGATAAACACAACAATTAAACCTAGAATTAACGGTGAAACTAAACCAAAATGAGACGTCTGTGTGATGATTACATTTAAACTTAACATCGTCACTACTAAAATGACTAAACCAATAACGTCAAACTTTTTAGCTTCTGCTTTCATACCTTTGATTGGTTCTGCTTTAGTCTCAGGTGCATGTTTGATTAAGTACATTGCTAATAATGTTAATAGAATTGAAACAACAAATATTGAACGCCAACCTATATATGTAGCCATTAAGCCACCAAACAACGTACAAATACCACTACCACCCCAAGAACCAATAGACCAATAGCTTAAGGCACGTTGTCTTCTTGTACCAATATAATATTCGTTAATAATAGCAAGTGTGGATGGCATAATACATGCTGCAGACAAACCTTGAATTATTCTACCTATAATTAAAAATGCTGGCAAAGGTGTAATGATGATGAGTAATGAACCTACAACATTTAATATCAATCCTACATAAGTAATTTTGACGCGACCAAATTTATCAGCAACATCACCAGCACCTACGATAAACAAACCAGCAAATAAGGCAGATAAGCTAACAGCGATATTTATCGTTCCAACGTCACTACTATATGTTGATTGTAATGGGACAACAAGATTAACAAGTGACTGCGCGAATAGCCAAAAGGTAATAACCCCTAAAACGATACCCAAAAGCAATCGGTTGTCACCTCTAAATTGTTTTGATGTGTCCATGAATTAGATAAGCCTCCTATGTTTAAGAAAAACAAATTTTTAATATGATATATTAAGAAACAATATCATAAATTTGCAGAAAATTATAAATAAAACATCTCATTTTTTAGCATTTTTACAATAATTAACGCTTTTTATCCAAAAACTTTCATGATAATAATTGCTATTTTAGTGTAAACGCATACAAACACAACCTATAAAAAGGCTACTCAAAGATTATTTGAGCTCCTTGAGTAGCCTCATTTTTTATAAATCATGAAACGAAATCGCTAAATTATAAACATCTTCTACTATTACATATTAATACTTTGCGGCCGATGATTAGATTGATTTTTACGATGTCGTGTTGTTGGGTCTAATCGTTTTTCTAAAAATCTTAATAGTACATCAATGACGATTGCAATGATAGCAATCGGAATCGCACCTGCTAAAATAAACGTTGTGCCATCCGTCGCATTTGTACCACGAATCACAATGTCACCAAGCGTAGGTGCTCCTATAAATGATCCAACGGCAACAACACCTATCGCAACAACCAAGGCAATACGAATGCCACCGATAATAACCGAAACAGATAACGGTAATTCAATCATTCGTAGCACTTGATTGCGTGTCATTCCCATACCTTTGCCAGCATCCTTAATATTCGCATCAACACTAGCTATACCAGTATAAGTGTTTTTTATAATTGGAAGTAACGCATATAAAAACACTGTTAAAACTACTGTTTCTGAACCTAAGCCCATGACTAACATTAAAATAGCTAACATTGCAATGACTGGAACTGTTTGAATTATATTTGCAATTGTAATTACAAATCCAGAAAGTTTTGTGTATCTTGCAAGCAAGATTCCCAATGGAATACCAATTAAAGCTGCAAACAGCACACCATAGACAGACATTAATAAGTGTTTGAAAAATAAATCCCATAGATAACCAAAGTTCGTAACATAATAATTGAATAATTGCTGTAATAAATTACCTTCCATTACTTATGACCACCTTTCTGTTTATCAAAATAGTGGTGTTTTTTCAAAAATTCTTCTGCGACGACAGCAGGTTCTTTACCTTTACCATCCGCTTCATAATTCAAGCGTTGCATCTCTGAAGTCGAAATCTTTCCTGTCAACTTATTAATCGTCGTTTTAAGTTCTGGGTGTTGCCGTAATAATTCATTTGTTGCAACAGCACTCGCAGCATAAGGTGGGAAAAATTGTTTATCATCTTTAAGTACTTTCAAATCATACGCGGCAATTCGACCATCTGTAGAATAACCTAATGCAACGTCTAACTTCTCTGTGTTTAATGCGTCGTAGACTAGACCTATTTGCATTGGTCTCACTGTACCAAAGTCAAAACCATACTCTTTTTTAAATCCTTCATAGCCATCGCCTTTACGATTCATCCATGAACTATCCATACCTAAACGTAAATCTTTACTATGCTTTGCTAAATCTGAAACTGTCTCTAAATGATATTTTTTAGCAGTTTCCTTCGTTACCATGAATGCATACGTATTCGCAAAACCATACGAATCAAAAAACGTTTGATCAAATTTCTTTTTAAATCCTTGTTGTGTGGCTATCATTGCTTTCTTAGGATCTTTAATTGGTGCTTCCTTCAAAGCTCCCGTTAAATCTGTGCCATTATATCTAACACCTGATATATTAGCATCCCCATTAATTAAGGCATTATGTTGAATCGTACTTGACCCTAAATTATTTACTAATGTTGGCTTTATCTTACCATGTGTATCATGCTCTATTAACAACCGTAACATATGTGAAATAATTTGCGATTCGCTTGTTGATAATGCTGTAATTTTGACATCATTTTTCGTGCTCTTACTACCTAGTCCGGGCAAACTACATCCAGATAATACGGTAAGCGATAAGACAAACACGACAAGTATATATTTAATTTTCTTCATTATCTTAG
NZ_CP181124.1_gap62	2530055	2534154	4099	TCCATTGCATGATATTCCAAATAAATAGTCCTGCTAACAATAGACCTGAACCAGGTAAGATTAAATTCATAAGTAACATCATAACGATAAAAATAGAAACAGAAATCATTAACCAACGCTTACTTGTAATTTTATCGGAGAATATACCACCCAATGATGTTCCAATAACGCCAGCGATTCCATTTACTAGAAGTGCTAATGAAACGAATGACATATCATGACCATTAGATAAAATAAGTGGATTTATAAAGACGAATGTCACTGAGTTTGCAATCAATACTAAAAACGTAATAATTAAATATTTTGCTACTTCAGCAGGTCTTAATATTTTCGAAGTAACATGATTTTCATGAGATGGTGCCTCATGATTCACAGGGCCTCGTTGTATTTCCTGATCCTTCGGTAAATAGATCATCATCAAGAAGCCAACAATAATACTCACAATAATTAAGAATAGAAATGTATAGCGCCAACCTACTAAATCGCCGATAACCGTTCCAATTGGTACACCAAAAACATTGGCCCCACTAAACCCTGTATAGACAAGTCCAATCATTTTGCCACGATTTTTAGGTGCTGATAACATCGCTGTAATAGCTAATACTTTTACGATAATTAGTGCTGCTGCTGCAGATGAGATAATTCTACCAACTACTAATATTGAAAAATTTGGCGCTACAGCAATAATGCCATTACCAATGATAAATATAAGTAATGTCCATAATAATACAGGCCTTGATGAAAAACGGTTCGTTAATTTAACCAGAATAGGTCCACATATCGCAAATGTTAAAGCGTACATTGTCACTAATTGACCAACGACAGCTTCTGATACATGTAAGTCCTGACTCATCAAGTTCATAATTCCTGCAACCATCATTTCAACCATTCCTACGATAAAAATACTTAAAATGAATGTAAATAGTCGCATGATTGACATTTTAAAACTCCTTTCAAACAAAATTTCCGATATTCATTTCCCTTAGAATAACGATTTATTAAAAAATGTGTGCAACACAATTTTATATATAACCGTTCTATTATATAATATTTTGCTTTAATTTTCTGTGCTTAAATGGAAAATTATTGAAATTGTTTTTCAGTATTTGAAAAATTAACACAAGTATGTCATTTAATAATTATGTATAATTACTTCAGTTTCAACAATGTCTTCAAAAAAGCACGCACGCTTTATATGTCAGAACAGATAACTGACTACAAAGTATGCGTGCCTTTATGAATATTTTCGCTGTGTTAATGAATAGCGATACTATATGTGCGCGTCACTTCATTTCCAATTAAAACTAATGCCTAAATCTGATGCAGTAAAATCTATCATGATTCACTCTTAACATCCGTATTTCGTGCTACTAATTGATGTCTTGCATTGAAAAATTGACCATAGCTTAAATATGTCGCAATCAAAGCAGACATAATGGTCGCAGTTGTATGAATAAACACGACTAACAATTGAAATTTAATCGCTTGTAAAGGTGGTACGCCACCAATAATTAAGCCTGTCATCATACCAGGAATCGACACAAGCCCATATGTTTTAACCGAATCAATTGTTGGCACTATAGCTAAACGAATACTTTCACGTATTGCACCTTTAGAAGCCAATTTAGGTGTAGCTGCAAGTGATAATTTAGATTCAATATTAGTACCATCTTGTACGAATGCACGATCTAAATTCTGGTAAGCTAAATTAATTGCAATCAAGCCATTATTTGCAAGCATGCCGCCGATAGGTATAACTTCATTGGCTGTAAAATGAATTGCCCCTGTAGCTACAGTACCTGCAAGTGGTAATGCTGTTCCAATGAAGATAGCTAGAAATGATATCCAAAACACATGATGCATTAATAATAATGACCAATACACATAAAATAAGCAGCCATTTATCGTTTATTTTAAAAATATAATGCAGCAAAAATCCCAAAATGATTAATTGCACCACTGCGCGTAGTGTCGCAACAATTAAATCTTTAATAATATGTAAACCTTCTTTATATGAAATGATAATCGGAATGACTAAAAGCAATGCCGTCAATCCAAGTGCCGTATTACTCATGTTGATTCAACTCCTCAACCTTAGAAATTTTGCCATCAACAATCGTTATGCGCTTTTGAAAATGTCTCATACTTTGATCATCACTATGGGTAATCCACATGATAGCAACATCCTGTTCCACTAACTTAAAAATGATATTTTCTATCTTTTCTTTATTATTAACGTCTAATGCACTGGTCGATTCATCTAATAAAAGAATATCCGGTGTATACATCAGTTGGCGCGCTATAGCAATTCTTTGCCGCTCACCACCCGACATATTTTCCACTTCCGAACTTAATTGATAATGTCCCAAACCGACATCTTTAATTAATTGCTTTGCACGTTTTCTATCAAATTTATCATTACGTGCAAGTGATGGGAATATCATGTTATCTTCAATCGTTTCACCAAACAAGTCACTTTGCTGCATCAAATAACTGATTCGTTGACGCAATTCTTCCGGGTCATAATCATTATAGGGTTTACCTTTAAAATAAAGTTCTCCACTAGTTGGACTAATCAAATTACATATTTGCTTTTGAAATGTACTTTTACCACTACCTGATGGACCTATAATGGCAATACTCTCGCCTTTATCTACTTTTAGACTGATATGATCTAGTATGATTCTATCGCTCGCTTTATACACTAAATCTTTAATTTCTAACAACATTTGCACCGCTCCTCATGTAATATATCAGGTATATTATTCCCGTTTTTTTGGTTTTTAGTGCAATTACATTTAAGAAAAAATCATTTTCTTGTAATATCAAAATTTAGGCATAATTGATTTTCAGCATTTAAATTAAAAACAAAAAATCCTATTAACATGGATACTGTCTAATGACTAAGAATTAAAGTTAGACAATTGTTTAACAACCTACCATATTAAAAGGATTCTTTATTATTTATGGATTTGATTACCACATGATATTTTTATAACTTTCATCATTCAATGAACGGACAATTTCAGTAACAAGACGGATAGAATTTTCATAATCATCTACATTGAGCACTGAAACATTAGAATGCATGTATCGCAGCGTAACACCGATTGTCATCGTTGGAATACCTTCATTTGCGACATGAATACTTCCCGCATCTGTACCTCCACCTGGTGTCGTATCCCATTGTACTTCGATGTTATGTTCCTTAGCTACATCTTTAATATGCTTACGCAAACCTTGGTGAGCAATACTTGTAGCATCCATCATAATGACAACTGGACCACCGCCTAGTTTACTATCGCTCGTTTGACCTGACATACCTGGGGTATCATAAGCAATACCTACATCGACAGCTATCGCCAAATCTGGTTTAATTGTATTCGCTGCCACTTTCGCACCACGCAAACCAACTTCTTCTTGCACTGTGGCACCACTGTATAAGTTAATTCCAATATTTTCATCTTTTAAACGTTTTAATACCTCAACAGCTAATGCACAGCCATAGCGATTATCAAATGCTTTCGCAGTTAAATATTTATCATTTGCAAGCACTTCAAATTCACTATATGGCGTTACCATATTGCCTACTTCAACGCCAGCTTCTTCAGCTTCTTCCTTGCTACTAACACCAATATCTATAAACATATTTTTGATTTCCATTGGCTTTTTACGTTCTTCAGGCGTTAAGACATGTGGCGGTTTAGAACCGATGATACCTCTAATTTCTTTGCCCGAATCTGTTGTAATCGTTACTTTTTGAGATAGCATGACTTGATTCCACCATCCACCAACTGGCGTAAATGAAATAAAACCATGTTTATCAATCTTTGTTACCATAAAACCAACTTCATCCATATGACCAGAAATCATAATTGAGTATTGACCATTCTCAGCATTTTTCTTTCCAAAAATGCCACCCAAGTTATCTTCAATAATTTGATCACTGACAGGCTCTATATAGTTACGCATTGCTTCTTTAACTTGCATTTCATAACCAGCAATGCCGTTTACATCTGTTAAATGTTTAAGTAATTTGACTGACTGATTCATGTTATTCATCCTCCTGTATTTCAACTTAAAACTATTGTATCACTAA
NZ_CP181124.1_gap63	2545444	2546457	1013	GGTACAGCTGAAAAATCAAAGTAATGTCCGTTTTCGTCTGGCTGTGAAAATGGATCAATGAGGATTGCGGTGTATCTTACATAAAGCAGATATTCTTGTAAGATATCTGGCAAGATTTCGAAATGCTCAATATCACCTTCATCCAAAGTTTCAGGACGTACTGGATAATTTTCCTTCACCATAAATTGAAGCAGGTTGACTGACGGCACTCTAAATGCTTGTAAAATAGCCATCATTTCCTTCCACATTAAACGCATTTCACGGATTAATGTCATCGTTATCGGTCCTTCAGGAAATAACTTATACACATAAACCGGTACATCCGTTCCTTCGAAAATGGCTTTCAATGAAAAGTCATTCATAAATAGTGGCGGGTGCACATAAAGCGAACTGTTACGTGTTTCAGCATGCAGTGGCGATTCAACGACTTCTAATTGAATCTTCAATTGCTCAGCTAAAGCAGAGATTCGTTGACACATTGTTGAGTTTGAATGTGTCGATCCCATGTACAATTTCTTTTTTACACCTGTTGTCAACACATGATTAGGTGCTTCTTTATCAACAATACGTGTATCGCCAAGATAAGTTGAAAATGAAATCACTTCGATATCCTGACTGAACTTAGACATAAATTGTTCCACAATCATTTGCGATCCAAATGTCGGTGAAATTAAAATGACATGTTTGACACTTTGCAAAGTTTCTAACGACAATTGCTGTAGTGTGTCATAATAAGCATCTGCTGTGCATGCCATGACAACCGTTTCGTATTCACCCTTAACGTTTTTAACATCTTTATACAAACGATTAATTTCAAACTTACCTTCCAGATGTTGATGCGCCTCGTTTTGTATTTTGACTTCAAATTGTTTCTCTTTTTTATACGCTTGATATAAGCGTTTTGATTTTTCTGATGTTGAGGCACGTCCAACCATATCAATCTCATAATCTGATTTTAAATAGCAAATATTCGCTAATTGGATTGCGACCGGACCAGTGCCTATCATTAATAA
NZ_CP181124.1_gap64	2575859	2577516	1657	AACGAAGCAGATGAACGCCGTATTTTTGTTTCAGTTACTCCAATACAACGTAAAAAGATTGCTTGTGTTATTAATGAGTTAGATAAAATAATTAAAGGATTTAATAAGGAAAGAGACTACATAAAATATCAATGGGCTCCAAAATATAGCAAAGAATTTTTTATACTTTTTATGAACATTATGTACTCAAAAGATTTTTTAAAATATCGATTTAATTTAACATTTCTTGATTTATCTATCTTATATGTAATATCATCTCGAAAAAATGAGATACTAAATTTAAAAGATTTGTTTGAAAGTATTAGATTTATGTATCCTCAAATTGTTAGGTCAGTTAATAGATTAAATAATAAAGGTATGCTAATCAAAGAACGATCCCTTGCAGATGAAAGGATTGTGTTAATCAAAATAAATAAAATACAATATAACACTATTAAAAGCATATTCACAGATACTTCCAAGATTCTCAAACCAAGAAAATTTTTCTTTTAAATTTAAACAGATTTACCTCTTGATAAAATAAATAAGCAATCATAATACTTCTCAATTTAGTATAAATAAAAATACATAATTAACTTTCTTTTGTTTTTATATTATTTCAATACCCTACTATATATCACAACACATAAATTAAGCATGACACTCATTCAATTTAGTTCACCATTTCGTGTTCCAATTTTATTGAGTATCATGCTTTTAATATTATAAACCTAATGCTTTAATAAATCGTGTTAATTCTTCTCGCATACTGTCATCTTTCAACGCATATTCTATTGTTGTTTTGACAAATCCTAATTTTTCTCCAACGTCATAACGTTCGCCTTCGAAGTCATATGCATACACTTGATTATCATTGTTCATACGCTCAATCGCATCTGTTAACTGAATTTCGTTACCTGCGCCTTCTTTTTGCGTTTTTAAATAATCGAAAATTTCAGGCGTTAATACATATCGGCCCATAATAGCTAGGTTTGATGGTGCCGTACCTTGTGCTGGCTTTTCAACAAACTTTTTCACTTCATACTGACGTCCATTTTTAGTTAATGGATCAATAATTCCATAACGATGAGTATCTGCTTCCGGAACTTCTTGGACACCTATAACTGAGTGCCCCGTTTCTTCATAAACGTCAATCAACTGTTTCACTGCTGGCACTTCAGATTCAACAATATCGTCACCTAATAATACCGCAAATGGTTCATTGCCGATAAATTGACGCGCAGAACTAATCGCATGCCCTAAACCTTTTTGTTCTTTCTGTCTTACATAAAAAATATTCGCAAGTTCTGTCGAGTATTGAACTTTTTCTAGTAATTCAGATTTACCTTTTTCTTTTAACACCATTTCTAATTCTTTTTGACTATCAAAATGATCTTCAATCGCGCGTTTGTGGCGACCTGTCACTATAATAATATCTTCAATTCCAGCTCTTGCAGCTTCTTCAACGATATATTGTATTGTGGGTTTATCTAAGATAGGAAGCATTTCCTTTGGCATCGCTTTAGTTGCTGGTAAAAATCTAGTCCCTAAACCAGCAGCGGGAATGATTGCCTTTTTTATTTTTTTCAAAGTTAATGTGCTCCTTTTCCTAAGTATTAAATCTATGTATCAACGTCATTTTAACACTAATTAGAACGCCTTCATAGTGTCATTGAGT
NZ_CP181124.1_gap65	2641247	2643759	2512	TCTTAATCATTCTAGGTTTAGTTAAAACGATACAAGATTACGAAATGACAAACGATACAAGTCGTCAGTTGTCAGACAACAAAGATGATGATAAAGTCATCCATCTTAATAATTTCAAAAATTTACATGCGAAAGAATTTAACCCATCTGATTTCTTTTAAGTCACCTAAGAATTGCAAATCCAGAAGTCATTTAAGTTTTACCTTTCATTCATACATCCTTTAATATTAATTACGACTTCTTTTATATAGATGCTAAATAGAGAGATTGTTGTGCAATGTTTGCACGGCAATCTCTCTTTTTCTTTTTAAAATTGGTAAAAGTAAAACGCAACGATTGACTTATATACCTAGAGGGGGTACATTAGACGTGTAACAATGAATCACAGGGAGGCAATAATGTGGCTAATACGAAAAAAACAACATTAGATATCACTGGTATGACTTGTGCCGCATGTTCAAATCGTATCGAAAAGAAACTGAATAAACTTGATGACGTTAATGCCCAAGTGAATTTAACTACAGAGAAAGCAACTGTTGAGTATAACCCTGATCAACATGATGTCCAAGAATTTATTAATACGATTCAACATTTAGGTTACGGTGTCACTGTAGAAACTGTCGAATTAGACATTACAGGTATGACTTGTGCTGCATGCTCAAGCCGTATTGAAAAAGTGTTAAATAAAATGAACGGCGTTCAAAATGCAACGGTCAATTTAACAACAGAGCAAGCTAAAGTTGACTATTATCCTGAAGAAACAGATGCTGATAAACTTGTCACTCGCATTCAAAAATTAGGTTATGACGCGTCTATTAAAGATAACAATAAAGATCAAACGTCACGCAAAGCTGAAGCGCTACAACATAAATTGATTAAGCTTATCATATCAGCAGTATTATCTTTACCACTATTAATGTTAATGTTTGTGCATCTTTTCAATATGCATATACCAGCACTATTTACGAATCCATGGTTCCAATTTATTTTAGCTACACCTGTACAATTTATTATTGGATGGCAATTTTATGTAGGTGCTTATAAAAACTTAAGAAATGGTGGCGCCAATATGGATGTACTTGTTGCTGTTGGTACAAGTGCAGCATATTTTTACAGTATTTATGAAATGGTTCGTTGGCTAAATGGCTCAACAACGCAACCGCATTTATACTTTGAAACAAGCGCCGTACTACTTACCTTAATCTTATTCGGTAAGTATTTAGAAGCTAGAGCGAAGTCTCAAACAACCAATGCGCTTGGCGAATTATTAAGTTTACAAGCTAAAGAAGCACGCATTTTAAAAGATGGTAATGAAGTGATGATTCCTCTAAATGAAGTACATGTTGGAGATACACTTATCGTTAAACCAGGTGAAAAGATACCTGTTGATGGCAAAATTATTAAAGGTATGACTGCCATCGACGAATCTATGTTAACAGGTGAATCTATCCCTGTTGAGAAGAATGTTGATGATACTGTAATTGGTTCAACGATGAACAAAAACGGTACTATTACTATGACAGCAACAAAAGTTGGCGGGGACACTGCGTTGGCAAATATTATTAAAGTTGTCGAAGAAGCTCAAAGTTCTAAAGCGCCGATTCAACGATTGGCAGATATTATTTCTGGTTATTTCGTTCCTATCGTTGTTGGTATCGCACTATTAATATTTATCGTGTGGATTACTTTAGTTACACCAGGTACATTTGAACCTGCACTTGTTGCGAGTATTTCCGTTCTTGTCATTGCTTGTCCATGCGCATTAGGACTTGCTACACCAACTTCTATTATGGTAGGTACTGGTCGCGCTGCTGAAAATGGCATTTTATTTAAAGGTGGCGAGTTTGTTGAACGCACACATCAAATTGATACCATCGTTTTAGATAAGACGGGTACCATTACAAATGGTCGTCCAGTCGTGACAGATTATCATGGTGACAATCAAACGCTACAACTGCTTGCTACTGCTGAAAAAGATTCTGAACACCCATTGGCAGAAGCCATTGTCAATTATGCAAAAGAAAAGCAATTAACATTAACTGAGACAACAACATTTAAAGCAGTACCTGGCCATGGTATTGAAGCAACGATTGATCATCACCATATATTGGTTGGTAACCGTAAATTAATGGCTGACAATGATATTAGCTTGCCTAAGCATATTTCTGATGATTTAACACATTATGAACGAGATGGTAAAACTGCTATGCTCATCGCTGTTAATTATTCATTAACTGGTATCATCGCAGTGGCAGATACTGTCAAAGATCATGCCAAAGATGCTATAAAACAATTGCATGATATGGGCATTGAAGTTGCCATGTTAACTGGCGATAATAAAAACACTGCTCAAGCCATTGCAAAACAAGTAGGCATAGATACTGTTATTGCAGATATTTTACCAGAAGAAAAAGCTGCACAAATTGCGAAACTACAGCAACAAGGTAAGAAGGTTGCGATGGTTGGTGACGGTGTAAATGATGCACCTGCATTAGTTAAAGCTGATATCGGT
NZ_CP181124.1_gap66	2665050	2669613	4563	AATAGATGCAATATACATGCAAAACAATATGGAGGCGAATTAAATGAAAAGTATTACGTTTGAAGAACATTATGTCATTGAAGATATTCAAAAAGAAACGATGAATGCGATATCAGCAGATCCTAAAGGTGTACCGATGAAAGTAATGTTAGAAGGCCTTGAAAAAAAGACAGGTTTTACAAATGCCGACGAATTATCACATCATGATGAACGTATCCAATTTATGAATAATCAAGACGTTCAAATTCAAGTCTTATCTTATGGAAATGGATCTCCTTCAAATTTAGTTGGTCAGAAAGCCATTGAATTATGTCAAAAAGCAAATGATCAATTGGCAAACTATATTGCCCAATATCCCAATCGCTTTGTAGGCTTTGCAACTTTACCTATCAATGAGCCTGAAGCCGCAGCGCGAGAATTCGAACGTTGCATCAATGATTTAGGATTCAAAGGTGCGCTCATTATGGGACGTGCACAAGATGGTTTTCTTGATCAAGACAAATATGACATTATTTTCAAAACAGCTGAAAATTTAGACGTACCGATTTATCTACATCCCGCGCCAGTTAACAGTGACATTTATCAATCATACTATAAAGGAAATTATCCTGAAGTAACTGCGGCAACATTTGCTTGTTTTGGTTATGGTTGGCACATTGATGTCGGAATTCATGCAATACATCTAGTATTATCTGGCATTTTTGATCGTTATCCAAAGTTAAATATGATTATTGGACATTGGGGTGAGTTTATCCCATTCTTCTTAGAACGTATGGATGAAGCTTTATTCGCTGAACATTTGAACCACTCTGTAAGCTATTACTTTAAAAATAGTTTTTATATCACACCAAGTGGCATGTTAACGAAGCCACAGTTTGATTTAGTCAAGAAAGAAGTAGGTATTGATAGAATTCTTTATGCTGCTGATTATCCATATATTGAGCCTGAAAAATTAGGTGTATTTTTAGATGAACTGGGTTTAACAGATGAAGAAAAAGAGAAAATAAGTTATACAAATGGTGCTAAATTATTAGGTTTATCATCTAACAATTAACAAATGGAGGTCATTGAATATGGAAACTTTAGAATTACAAGGCGCTAAATTACGATACCACCAAGTCGGACAAGGACCCGTGCTCATCTTTATTCCTGGTGCAAACGGTACCGGAAACATTTTTCTGCCTCTTGCAGAACAGTTAAAAGACCATTTTACTGTTGTAGCCGTTGATCGTCGTGATTATGGAGAAAGCGAGTTAACTGAACCACTCCCTGATTCCGCTTCAAACCCTGACAGTGATTATCGTGTCAAACGCGACGCACAGGACATTGCCGAACTTGCAAAGTCATTAAGTGATGAACCTGTCTATATATTAGGTTCAAGTTCAGGTTCAATCGTTGCGATGCATGTGTTAAAAGATTACCCTGAAGTCGTTAAAAAGATTGCATTTCACGAACCACCAATTAATACATTTTTACCAGACAGTACTTATTGGAAAGATAAAAATGATGACATTGTGCATCAAATTTTAACAGAAGGCTTAGAAAAAGGTATGAAAACATTTGGTGAAACATTAAATATCGCACCAATTGATGCAAAAATGATGTCTCAACCTGCTGATACTGAAGAAGGACGTATAGAACAGTACAAACGTACGATGTTCTGGTCAGAATTTGAAATTAGACAATATACGCATTCAGATATTACTTTGGATGATTTCACAAAATACAGCGATAAAATCACCCTACTAAATGGGACAGATTCTAGAGGCTCCTTCCCACAAGATGTTAACTTTTATATAAACAAAGAAACTGGCATACCTATTGTAGATATTCCAGGCGGTCACTTAGGTTATATTCAAAAACCTGAAGGCTTTGCTGATGTATTATTAAATATGTGGGGTTAATTGATCGTTCTCTAATAAAACAGCTTGGACAGTTTTCAAATTATATTTGATGGCTGACCAAGCTTATTTTTGTTTACGTTTAAACGTTCAAATCAACTCGTTATTATACATGAAGGCATGTTAACCATTCTCTTCCACTGAAAACACTACTGTTCCAAACATTGATAGTCTTCTTTTGAAATACCCTTTCCGATAAGCACCAAATATTCTGGCACTTTTTTTGAAAATGCTACAGGTGTTAATTTATATTGGCCTTGTGTAAATTGAATGAGATACGTATGTGTGGTGTCTTCAAATGTCATAAACCCTTTCAACCTATAAATATGAGACGGAAGGCATGCTAAACGTTTTATAAACTCTGCTTTAGTACATGTGACTGGTGATTGCACAAATTGATGATTTATTGTTTTGTGTAATGATTCATGTTTATTGTCAGAAGTTGCTGTCATTTGTCTAACTGATATTGGCAAAGTGACGCTGCCATGCATACCGACTTGTATATCGGCCTCTGGGTTAATAACTTCTAAATCTTTCAATAGTTTGCTCGTTGTTTCAACATCTGCTGAATCTATTTTATTAACAAATAAGACAGAACAATATGCTAATTGCTCATAAAATAAGCCTTGGATGTCTTTAGGGAATGATTTAATGTGTTTATACATGCTTGCGTCTATTACACCAATCATATGTGTAATTGTTGTAAACGGAGCTAAAATAGGCGTTAAACAAGCATCTAAGACAGAGACTGGTTCTGCAATCCCACTACATTCAATAAATACAATGTCTGGTTGCTCTTTTAAATATAATTGATGTAACTGTTCTGATACATCTGCTTTCATTGCGCAACAGATACACCCCTCTGTCAGTTCACTTAAAGGTATGTCTTCAGATACTAAGGCACCATCAACACTCATTTTCCCAAATTCATTCATGATGACTGCTGGTTTCAGCGATTCCTTTAATGATTCAGCGAGCAAATGATTTAAGACAGTCGTTTTACCGCCACCTAAAAACCCACCTATAATAACTATTTTCATCTGCGACTCTCCTCTTATACTTCATATGAATAGCATATTCCAAGATAGATCTCCTATTGACTGACATGACTCTATATTCAGTTATAGTTCATTTTTTTAAATAATCAGCATTACTATTTTAACAATGATGCCTACACCAATAACTAAAGACAATGATGTCACCATTTGCTTTCCAATTAATTTTAGTGCTGACTGACCACCTAAATGTTTCAAAAGCATCGTCATTGTGACCGAGCACGCTGTAAATGTTGAACTAAAAAACACAAGTAGTAGTAACTGTGTTGCTGTCATTCCTTGTAATAAGGCGCCTTGATGCAAATTAAACAAGAGCATGCCGTCTTTTCGAATCATTGAAAATAAAATCCCTGGTGACAATTCTGAAGAGATGCCTAATAACGATAATATAGGTGTAAATATTTGTGATAAAACATTCAAAATTGGCGTTAGTGATAAAATACTAACAATAAGACAGATTGTGATAAAAATAGGTAGCGCTTGAACGATAAACATTTGTATATTTTGCCACATTTGTAGCAACATTTGACGTATATTTGGCATATGTAATTGCCTATCATAAGGTAGCGGAACACTAAGTTGTTGATCATTCTTTTTCAACCATATCCTATTATGTAAGATGCCACCTAAAAGTACTAATATTAAGTACGGCATAAATAGCCATGACTTTCCAGCTACACTAAAAATAGATAATGTCGCACCTATTTGATAACTACAAGAACTACCAAAGCTTATTAAACTCATACACTGTGTCTTCGTGCAGGTATGGCATTGGTGTGCTGCTTGTGAAATAGCTGCTGCATTACATCCAAATCCTTCTAATAGTGGCACGATATCATTACCTTGTAATCCGATCCATAACATTGACGGTTCAATTGCCCATATCATCCATGATTTGAGTCCTGTTTGATCAATTATTGCAGTTGATAAACTAATTAATATTACAACCGGCAATGCCCATACGAGCGAATATGTTCCAAGTGATAGCACACCATAATCACCAAATAATATATGCTGTAATATATCGTGATTGAGCAATGTTGTTTGAGTTAAATATTCTATCCATGCTGATACATACTGATTTTGAAACCAATCTGAAAATTGATAAGCGATACCAATTGGCAATGCAAACATTAAAAATATCAACAACCAGGCTAAAAATGTCGCACTTATTTTAGGTCTTAAATGTCGTCGCTCATGTTGAAATAGTGTCAATTGTTCTATCACATGTTCACTCGCTATAGGCGAAGAAACTACACTTTCTGCCAATGAAATATCTAATTTCTGTTTTATGATTAATAATCTTAATTTCGCTTTTTCTGTTGCGGTAAGTTTATCCGCATGGCTAATAACCAAATAATGAGGTTCATGAGGTATGGGCGTATAATGCCCAGTTCTCATATCATATTTCACTTCTAACATGTGCATGACACTTCACAACATGAATAATCATCTAAATACATTTGATTTTTTTGGTAATTTTCAATGACCTCTTGTTTAGCTGGTAAGCCTTCCCGCTGTGTTAAAAGATGGGCAAGTACTGCAAATCGCGCTCTGAATTTATAGATATAGCATAATTTGGCATTATCATTTTCAACTGTTGCACC
NZ_CP181124.1_gap67	2671043	2674284	3241	AGAATAGTCAAACATATACTTTTGATTTTCAATTTCTACAATTGGTCCTCTATTAATAATCATTAACTTTTGCGAACCTTCTTTTAAATAAATAATGCTTCCTATTGTTTCCATTTATTTTCCTCCTTTGTCACCGTCTCAATTTCAACATTCCTTCGCATTTCCAAGTCAATCATCTCTTCTTCCGCTTTACGAATGCCATGTTGAATTTGCTGTTGCTGCTCGTATAACGCTTCCGTTGAACGTCGTTTCGCAAAATGAAATTCATCGCGGAACTGTTCCATACGACTAGCCATATTGCTACTATGATAACGGTCACCTAAATGTTGATATAATTGTTCTATCGAATGATTAAGCTCATCACTTTCGTCTATCAAAGCTTTAACCTCTCGCTTTTCATCATATAAGTCATCCATTTGCTTATGTTTCGCTGTGATCATTTTATTGATTCCATCAAGTTTATTCGACATCATTTCACCACGGTTTAATTTTTACCAATTTCATTACCAATCATTACGTCTGTTTGATTAAATTCTTCGCCAACTTTTTGTATACTATCGCTCGCATTTCTTATTGCTTCAGCAACAGATTGATTCTTACTAATCAAATCGTCTATCACACTATGAGCATTATTATTTCCACTTACTGTTGTACTTTCATCTTTATCCGGTTTCGACACATTATTACATGTTTCAACGGCACTTTTAATAGATGATGATGCACTATTAGTCTTGAAAATATCACTTTGAACTGTACTCATTATTTACACCTCTTCCCATTTAAATTATTTTAAAATTATTAGAAACTGTATCAATATATGATATTCAAACATTCAATAATACTTAAATATTGTTTTGTGATTATATTCAAAATTATTGTATCAATAAATATGTATCATTCCTAGAATTTTATTGAACAAAAAGTTATAAAATCACTTTTATTGCAACTCAACCTTGTTTTGCATTACAGAAATTAACAATAGCGATTAAAATTTTATTTTCCAGCAATAAAAAAGCACAAATATTTTTATTGAGGCAACTGAAGGCCTTCTCTTCATAAAATATCTGTGCATATTATCTATTTATCTCAATCTAACGTCTTAACTAACTTGTTGTACCTTGTAAAATCCTATCCATAGAATGCGCAACACTATCACGGTACATCTCACCAAATTTCAATAAATGCACCATCAATAAATATAAACGATAAAATTCAAGTCTATAGGATGCTCCTTTTGCGAGCGGATAATGTTTATTATACGCATCGTAAAATTCGCTCGTAAAACCACCAAATACCGTTGTAATACCGATATCAAATTCTCTGTCACCATATAATGGTGCTGGATCAAATAATGCAGGACGTCCATCTTTTAAAAACATATAATTACCGCCCCATAAATCACCATGTAATAAAGACGGTTTACTTTGATGCTTTTCTAATTCCTCCACAATTTGACTTCGCACTTTGTCATATACTTTGATATCGTTGGCATCCCATAGCCCTCTATTTAGCAACTCTTCTTTCAAATGATCCAAACGTTTATCGACAAAAATGGTACGCCAATCATCTTGCCAATGATTATCAAAAGAAATATCGCCACCTTCATAAGGTAATGAGAAGCCAAATTTGCCTTCTTCTTGTTGCTGACTGTGTAATTGAGCTACGAGTTGACCTAATTGACGTTGACTCCCTGAAGCTCCTTCTTCTAAATACGTCATCACTAAATACACATCACCGTTAACTTCGCCACTTGCAATTACTCTAGGTGCCGTGATACCTGCACGTTCAAATTCATTTAAACCTGCAATTTCTGCAGCATAAAATGATTCTTTACGTCCACGTTGGACAAGTAAGAAAAATGTATCCGTATCTGTTTCGACTCGATATGCTTCGTTTACATCACCACCACTCACTGGTGAAATCTCTTTAATATCTTTTAAAGGTAAATGCTCTAACCATTGTTCATTCATACAAACACCTTCCAATCTACTTACTTTATACTATAATATTGCCTAATTAGGATGATTTAATCTTAAAAACGTTATTCAAACTTGCGTCAATTTTCAAAACTTTTTAGTTTTAACTAGGAAATTATGTAGGGAAATGCTAGTCTATTAAAAGAATATATTTCACATATATTAAGTTGAGGATAGTAAGCCTCAAATATAATGAAATAGGAGCATACTCATGTACAAATTAATTAAACCTTTCTTATTCAAAATCGAACCCGAAAAAGCACACGGACTAACTATCGATGCATTAAAAACGTTACAAAAGTTTCCGGTTTTATTCCCAGTCGTCGATAAACTATTTACTTATAAGAATCCAACGTTATCACAAACGATACAAGGTAATACGTACGACAATCCAATTGGCTTAGCAGCTGGTTTCGACAAATCTTGCGAAGTACCAAAAGCATTGGAACACCTTGGATTCGGTGCTTTAGAATTAGGTGGTATCACACCTAAACCTCAACCGGGTAACCCTCAACCACGCATGTTTAGATTATTAGAAGATGACGCCTTGATAAATCGAATGGGCTTCAATAATATTGGTATGAACAAAGCACTCAGTCATTTGCGTAAAAATGCTTATCAAGTACCTGTTGGTATCAATGTTGGTGTGAATAAAATGACACCTTATGAAGCGCGTTATCAAGATTATATAAAAGTCATTGATACGTTTAAACACGACGTTTCATTTTTCACAGTCAATATCAGTTCTCCAAATACTGAAAACCTTCAAAATTTCCATGATAAAGATGAATTTTCAATGTTATGTCAAGCTTTGACAACATTTAAAAAACAGCACGATGTAACAGTGCCAATTTACTTAAAACTAACGTCTGATATGGATTTCGATGGCTTAAAAGCACTATTACCAGCGATTACTGAGACATTTGACGGTATCATCTTAGCAAACACAACGCGACAACGAGATGGTTTAACTTCTGCTAATAAAGTCGAAGAAGGCGGTTTGAGTGGTCGTCCATTATTTGAACGTAATTTAAAATTGATTAAGTATGCTTATCAGCAAACAAATGGTGAATTTTTAATTATAGGTACAGGCGGCGTATTCAGTACTGAAGATGCAATCAAAATGATGCGTCACGGTGCGTCACTTATTCAAATTTATTCATCACTTGTTATTGAAGGCCCAGGTTTAACTAAGAAAATGAACAAAGGCATCGCACGTTACTTAAAAGATCATCATTTTGACAATGTCAGTGATATTATAGGAC
NZ_CP181124.1_gap68	2816777	2817277	500	AATAACATCACTCGCTTATTTATCGTTTTTATTTGAAGCTATATTTAAACTTCTATTGAGCTTATAACATAAATTTCTATTTATTCTTAATTTAAACGAAAAAAAAGATCACTGATGAGTCAGTGATCTTATGCAGATAAAACTTTACGGCCTTTACGACGACGGCGCGCTAAAACTTTACGGCCATTTTTTGTGCTCATGCGTTTTCTGAAACCATGAACTTTACTATGTTTACGTTTATTTGGTTGATAAGTACGTTTTACCATGCAAAACACCTCCATCTTTATACAGTTATCTAATATACCAGATTATGCAGACTCTGATCACTTTAATAGATAAGATTTTGCGTTTCTTAGATTAAAATTCTCGTATTAGCTCATTGATTATCTAGTCATAATTCAAGCAACTACTACAATATAACAAAATCCTTTTTATAACGCAAGTTCATTTTATACTACTGCTCAATTTTTTTACTTTTATCGATTAAAGATAGAAATACA
