gap_id	start	end	length	sequence
NZ_CP115165.1_gap1	1999	4700	2701	AGCGTGAATGGGCGGCGGCGCGAGGTGGCGTACCCGGACGAGATGCTGGTGTGGGTGCTGCGTGATGAGCTGGGCCTGACCGGCACGCATTACGGGTGTGGGATCGGCGCGTGCGGCAGTTGCACGGTGCTGCTGGACGGGCAGGTGGCGCGGGCGTGCCTGACTCCGGCGCGGGCGGCGGCGGGGCGGGAGGTGACGACCGTGGAGGGACTGGCGCGCGGGGAGCAGTTGCATCCGGTGCAGCGGGCGTTCCTGGAAAATCCGTTGCAGTGCGGGTGGTGCCTGCCGGGGCATCTGATGTCGGCGGCGGCGCTGCTGGAGCGCACGCCCAGTCCCACGGACGCGCAGATCGAGGAGGCGGCGGGCGTGAACCTGTGCCGCTGCGGCGGGTACAACGCGATCCGCCGGGCGGTGGCCCGCGCCGCTGAACTGAAACGGGAGGACGGATGAAGCCGGTCACACGGCGGCGGGTGCTGATCGGGCTGGGCAGTGGCGCGGGCCTGCTGGTGGTGGGGGTACCGCTGGCACTGAACGCGGGCCGCCCGGCGATCGTGGAGTACATCGAGGAGAACGGGACGGGCCCGCAGGATGCGCCCCGCAATCCGGACCTGTGGTTCGAGGTGACGCCCGCCGGGGTGACGTTCTTCGTGCCGAAGGTCGAGATGGGTCAGGGCATTCACACGGCGCTGGCGCAGATCGCGGCCGAGGAGCTGGAGGTCACGCCCGAGCAGTTGACGGTGCGGCAGGCGGACACGGCGCGCGGGTACGCGGGTGGGACGATGTTCACGTTCGGTTCGACGAGCGTGAAGGCGCTGTACCGGCCGTTGCGCGAGGCGGCGGCGACGCTGCGGGAGCTGCTGCGCGAGGAGGCGGCGCGGCAGCTGGGCGTTCCGGCGGCGCGGCTGACGGCAGCGGGCGGGTCGTTCTTCGTGGCGGGCTCGCGCGAGCGCCTTGGGTACGCGCAGGTCGTGGCGGGCAAGCAGGGCGAGTGGGTGATCCCGGAGGCCGCGCCCACGCTGAAGGCGCGGCGGGACTTCAAGCGGATCGGGCGGGCCATGCCGCGCACGGACTTCCGGGACAAGGTGCTGGGCACCGCCACGTACGGGTACGACGCGCGTCTGCCGGGCATGCTGTTCGGCGCGGTGGCCCGCCCGCCTAGGTTCGGGGCGCGGCTGGTGTCGGCGTCGGCGGGCGCGGCGGGGCGGCAGCCGGGCGTGGTGCGGGTCGTGATCGACCTGAAGGCCGGGTTCGCGGGGGTGGCGGCGCAGACGCGCACGCAGGCCCGCGCGGCGCTGTCGTCGCTGGAGCTGCGCTGGGAGGGCGGCACGACCGCCAGCACCGCCGATCTGGACGCGCAGATTCAGGCAGGGTCGGGGTCGGTGCTGCGGCGGCGCGGGAACGTCCGCGCAGCCCTCTCGGGGGGGACGGTGGTACAGGGCGAGTACCGCACGCCGCTGGCCGCGCACGCGCACCTGGAACCGCTGGCGGCGCTGGCGGACGTGAAGGTGGGCGGGCGGATCGAGGTGTGGGCCTCCACGCAGTACCCGCAGATGATCATCGACGACCTGCGTGACGTGTTCGGCAAGGAGCGCGAGGTGCTGGTGCATCCGACGCAGCTGGGCGGGGGCTTCGGACGCAAGGCGGGGCAGCACGCGGCGCTGGAGGCCGCGCGGCTCTCGGCGGCGGTCGGGAAGCCCGTGCATGTCGGCTGGACGCGCGAGGAGGACCTCCAGCACGCCTTCTACCGGCCGCCCACCCATCATGTGCTGCGCGGCAGCGTGGGCGCGGACGGGCGGCTGCGGGGCGTGGAGCAGTTCACGGCGGGCGGCGACATCATCTGGGGACAGACCGGCCTGCCGGAGTTCGTGCGGGACGCGCTTGGTTTCGATCCGGGCGGCCTGCTGGGGCAGTTCATGCCGTACGACTTCCCGGCGTACCGGGTCGTGAACCGCCGCGAGGCGCTGCCCGTCCCGACCGGGTACTGGCGGGGGCTGGGCGTCCTGCCGAACACGTTTGCGCTGGAGAGTTTCATGGACGAACTGGCGCACGCGGCCCGCGTGGACCCGCTGGCCTTCCGGCTGCGGCACCTGGGGTCCGGCGAGGACGGGCGGCGGCTGCGCACGGTGCTGGAACGCGCCGCACAGGCGGCCGGGTGGGGCACGCCCCTTCCGGCGGGCCGGGCGCGCGGGGTCGCCTGCTGCCTGGACCTGGGGACCGCCTCGGCGCTGGTGGCCGAGGTCTCGGTGCAGGGCGGGCGGGTGCAGGTGCACCGCGTGACGGTCGCGGCCGACCCCAGACTGGTCATCAATCCGGACGGCGCGCGCCTGCAGGTGCAGGGGTCGGTGATGATGGCCCTGAGTTCCGCCCTGCACGAGGAACTGACCATTCAGGACGGGCGGGTGGTCGAGTCGAACTTCGACCGCTACCGCCTCCTGCCCATGCGGGACGCGCCGCCGGTCGAGGTGCTGCTCGTCGAGAGTGGCGACGAACCGCAGGGCATGGGGGAACCCGTGATGGGTCCGGCGGCGGCGGCCGTGGCGAACGCGGTGTTCACCCTGACCGGCGAGCGCCTGCGGACCCTGCCCCTGCGGCCCCGTCAGGGATAATCCCCGTCACGACCCGGCAGGGTCGGCGCGCCCGGTCCATTCTTCCAGCAGGTACTGGAGTCTGGTCTGGGCGTTCTCCTGGCTGCCGTACACGC
NZ_CP115165.1_gap2	46624	48072	1448	TCCGCAGCCGCTTCGCGGACCTGGAACGCGACCACCACCAGTTGACGCTGGAGCGCGAGCGGGCGCAGGCCGAGCGGATCGCGGCACTGGAACGGACGTTCACGGAGCGGCACACGGAACTGACCTCGCGCCTGACCGGGGCGCGGCAGGAGTACACGCAGTTCCTGAGCGGGTACCGGGCGTTGATGTCGTCCTTCTCGGACCTGTCGGCGCGGCACGTGATGCCGGACGACGCGGCGCTCCCCGTGCCGGCGCTGCCGCAGCACGCCACGCTGGAAGGCGCCGCGCGGCCGGAACTGGACGCCGCGCTGCCCGCGCCCGACCCTGCGCCCGACCTCACAAACGCCCCCACGACCGAACCCCGCACGGCAGCCCCGGACGCGCCGGTGGACGTCATGCGGCACGCGCTGGTCGTGCCCGGCACGGCCGTGAGCGATCCGCCCACACCGGACGGGTCGGTGCGGCGGCAGGATGAGCCGGACGGCCCGGCCCTGCGCGTCGAGGGGCAGCAGTTCCTGTGAGCGACCCGACCGCCGCGCCGCTGCACACTCAGACGCTGCCCACGGTCACGCTGCCCGTGTCGGACCCGGCGTTCGTGCGCGATCCGTACCCGCTGCTGGCGCACCTGCGGGCGCAGGGTCCGGCGTTCATGGATCCCGGCATGAACCGCGTGGTCCTGACCCGCCACGCGGACATCAGCGCCGTGCTGCGCGACCGCCGGTTCGGGCGCAGCGCCCTCCACCGCTACTCGCGTGACGAGCTGGGCTGGCCGCGCCCGGACCCGGCGCAGGCGAACTTCGATGCGTTCAACAGTAACCACCTGCTGGACAGTGAGCCGCCCAAGCACACGCGCCTGCGCTCGCTGGTGCAACTGGCGTTCACGCCCCGCCGCGTGGAGGCCCTGCAAGGGCGCATCGAGGCGCTGCTGGCCGCGCAACTGCATGGCCTGCGCGGGCAGGGTTCGTTCGATCTGGTGAGCGCGTACGCTGAACCTCTGCCGGTCACGGTCATCGCGGAGTTGCTGGGCGTGCCGGAAGAACACCGCGCCCTGCTGCGGCCCTGGTCGGCGGCCATCGTGAAACTGTACGAACCGTCGGCCACCCCGGCGGATCAGGCGGCAGCCGAGCGGGCCGTGCTGGACTTCAGTGCGCTGCTGCGCGAACTGGCCGCCGAGCGCCGGGCCGAGCCGCGTGACGACCTGATCACGGCGCTCGTGCAGGTCGAGGAAGGCGGCGACCGCCTGACCGCGCAGGAGTTGATCGACACCTGCATCCTGCTGCTGAATGCCGGGCACGAGGCCAGCGTGAACGGCCTGAGCGCCGGCGTGCAGGCCCTGCTGGGCGACCGGCGGCACTGGGAGGAGCTGGTGCAGGCCGCCCCGCACGCGGACAACCTGCCGGTATTCCGCCGCGCTGTGGAGGAACTGCTGCGGTTCGACACGCCTCTGC
NZ_CP115165.1_gap3	51931	52449	518	GTCAGGGCGCCCAGGCACAGCGCCAGCGTGCAGGCCGGGAACGCGAGCGGGGAGGCGGGGCGGCGCACGGACATACCCCCAGCCTACGCCGGGCGCGGCCCGCAGGCGGGGGCCTGGTACGGATTGCGTCTGTTTCGTTCACAACCCGGCGCGGCACCGGGTTGCCGACTCCACGCCCGGAACTCGCCTTGGTCCTGCTCGCAGCCGCTCGGATTGAACGGGTGTTGCACACCCTTCAACTGGAGTCCGTATGAGCGGTGGGCTGCCATTAGCCGTGGGGCCGGGGGCGTGCTTAGCCACTCATCAGCCCCGGCTCATGCGGGGCACAGGGGCGCGGTTTTTCTTCAGGTGACCTTCGGGAATCCTTGCAGGACGGCCTTTTCTTCAGGCGTCGGTCAGTTTCGCGGCCTACGGTGTCCCTACCCACCGGCTGACAGGCCATCACACGATCCCTTCCCACCGTCCTTCAAGGAGGCACCAACATGCGCACCAACACCACGAACACCAACGCAAACAAC
NZ_CP115165.1_gap4	92816	95776	2960	GCGCGGGCCATGCTGGGCTTCTTCCCGCTACGCGACAACCGCCTGAGTTACCAGAACGTGCTGATCGCCGCGCGCGGCCCCGAACCGCTGGGGCTGCTGCTGGCCTACCCCGGCGCTCAGGCCCACGCGCTGGACGACCCCTTCCGCGAGCGGCTGGCGTCCCTGGGCCTGCCGGCGCAGGTGGAGTCCGAGGGAACGCCCGGCGAACTGTACGTGGACACGCTGGCCGTGACGGAAGCGGCGCGCGGGCAGGGCGTGGGGGCCACGCTGCTGGAAGCGGCGGCGGCGCAGGCGCGCACACTGGGCTTAAGCCGCGTGGGGCTGCTGGTCGAGGACGGCAACCGGGCCGCCACCCTGTACGCCCGCGTGGGCTTCCGCGCGGCGGGCACGCGCACCCTGGCCGGCGGGTCGTACACGCACCTGATCTGGACCCTACCGGGGTAGGGGCCGGGCGGCCGGCGTGGTTGGATGTCCAGCATGGTTGGGGTCATCCGTCCGGTTGATCCGCGCGCGGCGTGTGGGCGCTATGCTCGGCGGCGTGCGCCGCATTGTGTGGGTTCTTGTTGCGGCGGCGGGTCTGGCAGCGGTCGTTGCCCCTGCCGCTCCGTTTCTCTCGCGGTACGCGGCCATTCCGCGCAAAGCGGACGGCCCGTTGACGGTGCTGCTGGCCGGCGTGGACGTGGATTACGACGACAGCGCCGCCGTGTGGCCCTGGCCCGCGAAGGCCGAATCGTACGCGACCCGCACGGATACCATCATGCTCACGCAGGTGTGGCCGGACGGTCGGGTGAACGTGCTGGGCGTGCCCCGTGACTCGTGGGTGAACATGCCGGGCTACGGGTGGGGCAAGGTCAACGGCGCGAACGTGCATGGCGGCCCGGAGATGCTGATGCGGGCCGTGCAGGACCTGACGGGCGTGCCGGTAGACGCCTACGCGCTCGTCAGCCTGAACGCCATTCCGGCCATGACGGCGGCGGCGGGCGGCGTGACGGTCGATGTGGGGCAGGCCATGAAGTACGACGACAACGCCGGGAAGCTGCACATCGACCTGAAGCCCGGGCGTCAGCGCCTGAACGGCGAGCAGGCGGCCGGGTTCCTGCGCTTCCGGCATGACAACCTGGGTGATATCGGGCGGATCGCGCGGCAGCAGCAGTTCGTGTCTGCGCTGGGCGCGCAGGTCCGTAACCCGCTGAACGCATGGCGGCTGCCGATGATGGTGAGCGCCGTGGACCGCAACATGAAAACCAACCTGACGCGCGCACAGGTGGCGGCCCTGAGCGGCGCGGTGCTGGGGGGCCCGCAGGTGCAGACCTTCAGCGTGCCGGGCGATTTCGGGTACCGGGGCGCAGCGAGCGTGTGGGAGGTGGACCGCGTGGCCCTGAACGCCCTGATCCGCAAGGAGTTCCGTGATCCGGACGACGTGCGGTCGCTGGGCGTGGCGGTCGTGAACACCGACGCCCCGGACGGCAGCGCGGGCCGCCTGAAGGCGCGGCTGGAGGGGCTGGGGTACTCGAACGTCTGGATCGTCAGCGAGCCGCGCGGCCCGGCTAGGACGACTGCGTCGGGTGGGGCGGCGGCGCGGGTGCTGCGGGACGTGGGCTTCGGGACCGTCACCGACACGCCGGGCGCGGCGGGAGCGGACGTGACCATCCGGCTGGGATCGGATACGCCCGCGCCCTGAGGCTGGTACGCGGGATGCGAGGAGCAGTTCGAGGGGACAACAGCAGGCGCTGACCTTTCACCGCGCCCTGCTTCCCGCGTTTCGTACCCCCTTGATCTGAAACGATTCAGACCGTACTGTGCTGGGTATGACTTCTTCCCTGACCGGCGAACTGAAGTGGTGGCAGAGCGGCATCATCTACCAGATCTACCCGCGTTCCTTCCAGGACGACAGCGGCGACGGCGTGGGCGACCTGCGCGGCATCACGCGCCGCCTGCCGTACGTGGCGACCCTGGGCGTGCGGGCCGTGTGGCTCTCCCCCATCTTCAAAAGTCCCATGCGCGACTTCGGGTACGACGTGGCCGATTACTGCGACATCGACCCGCTGTTCGGGACGCTGGAGGACTTCGACGCGCTGGTCGCCGAGGCTCACCGCCTGGGCCTGAAGATCATGCTGGACTACGTGCCCAACCACTCCTCTTCCGATCACGCCTGGTTCCAGGAGGCGCTGACCGGCCCAGGCAGCGCGAAACGCGACTGGTACGTGTGGCGCGACCCCGCCCCGGATGGCGGCGCGCCCAACAACTGGAAGTCCTTCTTCGGCGGCCCCGCCTGGACGCTGGACGGGGCCAGCGGGCAGTACTACCTGCATCAGTTCCTGCCCAGCCAGCCGGACCTGAACTGGCGGAACCCGGCGGTGCGGGCGGCGATGTTCGACGCGCTGCGGTTCTGGATGCGCCGGGGCGTGGACGGGTTCCGCGTGGACGTGATCTGGCTGCTGGCCGAGGACAACCGGTACCTGGACGAACCCGAGAACCCCGACTGGCAGCCCGGCCAGCCGGAACACTGGAGTCTGCTGCACCCGTACACGCAGGACCAGCCCGAGACGCACGAGTACATCCGCGAGATGCGCGCCGTGCTGGACGAGTTCGATGACCGCATGATGGTCGGCGAGATCTACCTGCCAGTCGACCGGCTCCTGCCGTACTCGGGCACGGAGGACGCCCGCATGGTGCACCTGCCGTTCAACTTCCACCTGATCCTGCTGCCCTGGAACGCGGCCGAGGTGCGGCAGTTCGCGGACGGGTACGACGCGGCGTGCCTCGCGGCGGGCGCCTGGCCGAACTGGGTGCTGGGCAACCACGACCAGCACCGCTTCCGGTCCCGCGTGGGCGACGCGCAGTACCGCGTGGCGCAGACGCTGCTGCTGACGCTGCGCGGCACGCCCACCGTGTACTACGGCGACGAGATCGGCATGCGCGACGTGGCCATCCCGGCCGACCGCATCGTGGACCCGGCC
NZ_CP115165.1_gap5	170361	171841	1480	AGGTACTGCGGCGCGAAGGGGTCCAGCAGTTCGGTAGCGACCGGCAGGCCGAGTTCACTGACGGCGATCATGAGTTTGCGGGTCAGTTCGAGGCCCCGGTTGATGTTGTTGCTGCCGTCCATGTCGGGGTCGAGGAGGTAGCCGCGCCAGCCGACGGTGGTGCGGGGTTTATCCACGTACACGCGCATGTGGACTTCCAGGCGGTCCCCCACGCGCTCACGCAGCGCCGCGAGGCGGTGGGCGTACTCGACGGCCTGATCGTGGTCATGAACGCTGCACGGCCCGACCACGACCAGCAGGCGGTCGTCGCGGCCGTGCAGGATGTCCTGCGCGGCCTGCCGTCCGGCCAGCACGGTCGCCTCGGCCTGCGGGGTCAGGGGGTGCAAGGCTTTCAGGGCGCGGGGGGTGATCAGGGGCGTGAAGCCGCTCACGTTGAGGTTCTCGGTGCGGCCTGCTTCGATGATGGGGTCCGGGTGCGTCATGGGGGTTCCTCGGGGGCAGGCAGGGAATGAAGGTGGGGAATGAAAAGACCCGGTGGCCTCTGGGGGCTCACCGGGCGGCGGGGGTACAGCGCACCTAGGCCCGGTGTGAACCGAACCAATAAAAGAAGGCGCCGCGACTGGTCATGAGGGCAGTGTAGGTCCCCTGCACGCGGGGGGGCGGCGCGGCGGTCTAGGGCAGTGTCAGAAACCTGTCCAGTCCTGCGCGGCGCGGTGGGGGGCGCGGCGGGGGTGGGTCAGTGTTCGGTGCCGGCGATGTTGCGCAGGTTGCCCAGGCGGTCGGCCAGTTCGCTCAGTTGCAGGGCGCGCAGGGCCTTGGCGGCGCGGGTCAGGCCGGCGTCGTCCACACGGCCCTGGTTCCAGCCGGCGATCAGCATGGCGCAGCCCTGGAGGGCCTCGGTCACGGTTTCCCGGTGAAACATGGCGGCCAGCGGGCTGGTCTGGGCGGGCTGGGTCTGCTGCACCTGCGCCTGGGTGTCCAGGATGACCTGCATGAACACGGGGTCCAGGCGGGCGCGGTCGTCGGCGCTGATGGGGGTTCCGGCGGGGCTGCTCATGCGTGGCAGTGTAGTGCGGACGGGATGGGGGTCACCGTGGCGCTGGCCCCTGGCCCTCCGCTGCGCGCAGCCCCGGCTTCCCGCGACTGCCGGCCGCCTTTAGCATGCCTTTGCTGTCTGCGCCGCTGCCCGCGCCGGGCGGGCGAAACCCGTATCTTGTTGCATCTCACGGGACGCGGGGGGAGGGCGGATGGCATGAAGTACGATCCAGGCATCAGGTTTTTCGATGAGATGTTCAGGGCAGACGGGCAGGTCCGTCCGCACTACGAGGGTGTGGAGGCGTACATCCAGCGGCTGGGCACGGCAGAGTTCGAGCGGCGCCGGCACCAGCTGGACGCGGCGTTCCGGAATCAGGGCATCACGTTCACGGTGTATGGCGACGCCATGGGTACCGAGCGGACCTTCCCGTTCGATCCGGTGCCG
NZ_CP115165.1_gap6	178460	182036	3576	ACGTGCGGCCCTGCGCAGGGTGCGTCCAGGGCCTGGCCCAGTCGGGGCCGGCGGGGTCCAGGGAGGCGAACAGCATGCCCAGGCGCGAGTGCAGCGCGTCGATCAGGTTCAGGCTGACGTCGGGGACCAGTTCGTGGTCCGGCAGGGTCGCCCAGCGGTCCTCCTCGTAGGGTTTGATGGTGGGGTTGTCCTCGGTCAGCGCGAGTTTCAGGCGGATGAAGGCGTTCATGTGGCTCTCGGCGACGTGATGCACGACCTGCCGGACGGTCCAGCCACCCTCACGGTACGGGGTGCCCAGTTGCCCGTCGCTCAGGCCCTGCACGGCCTCGAACAGGTCGGCGGGCAGGGCGAACAGGTGCCCGAGGGCCTCCACGCGCTCCACGGGCGTGAGGGTCTGCGGTTTGGGCATCAGCCCGAGCGGGTAGCGCAGGTCGCCGGTCACGGGGTGGCCTCGGGCTCGCTGGCGTCCTTGAGGGTCCAGCGGGTCGCGTCGCGCTTCTCGATCTTGGCCATCATGCGTTCGAAGCCGCGTTCCAGGTTCAGGCCGCGTTCGTTCGCCATGCAGATGGTCACGAACAGCAGGTCCGCGAGTTCCATCTCGAGGTCGCCGGCATCCTCGCCGGGTTTGGGCGTCTTGCCGTTGGCGTGCGCGATGACGCGGGCGATCTCGCCGGTCTCCTCGGTCAGTCGGGCCAGCATCAGCAGCGGCGGAAAGTACCCCTCCCGGAACTGGCTGATGTAGGCGTCCACGCGGGCGCTGGCGTCCTCGAAGGTCAGGCTCATGCGGGTCAGCATAGCGGGAATGGCTCAGCGGGCCCTGCATGAACTGGCCGACGCGCGGGCCACCCCGCAGGGCGCACCATGCGGGTATGAACGCGCCGCATCCTCTGCACCACCCGCTCCACAGTGCCGGGCCGCCCGTGTGGGACGTGACCCGCGCCGGGGGGTTGGGGGTGCTCCCGGCCGATCCGGGCGCGCTGGAGGCGTTCCTGCCGGACCTGCGCTCGGCGCTGGCGGGCGTGCTGGTCGCGGCCGGGGGCGCGGATCTGGTATTCGTGGGCCGTTCGCCCGAGCCACTGCGCGCGTATCTGGGCGGCCTGCTGTGGGGCGTGGGCGTGCCGTGGCGGGTGTCGGGCCTGAACGTGTCGCTGCTGAACGCCACCCTGAACGCCGGGCAGGCGCGGACGCTGCGGCCCCTGCTAGCTGGGGCGGGCCTGCACCCGCGTGAACTGGTGAGCTCGGGCCGCCGGGCCGCGCTGGTGGACGTGGTCGCGTCGGGCGGGACGTTTGCCGAGCTGCACCGGGCACTGCGCGGGTGGGCAGAGCAGGACGGTCTGGGTGGGCGCTGCGTGACCCGGCGGGTGCGGCTGGTGGGGCTGCTGCGCGGCGGGTACGCGCGGCCCGCCGCACACCGCTGGAACGCGCTGCCGGAGTTGCGGGGCGTGCAGGCCCGCAGCGTCCTGACCGGCGCGGCCCTGTGGTCCTGGCTGGCCGAGGAGGGTGAGAAGGTCGCGCCGCGCTTTCCGGCCGACGCCTGGGCCGCGCCCCCCGCCGGTCTGCCCACCCGCGAGCCGGAGCGACTGGCGGCGCTGGCGCAGGCCCGCACGCTGTTCCTGCTGGGGCAGCGGCGCGGCGAGCGGGAGGCCATGACGGCCGCCCTGAATGCCGCCGGAGGTCAGCGGGTGGCGGCCGTACGCGCCCTGTGCGGCGCGTGGCGCGGCGCGGCCCAGCCTGCCGGGCGGGCAGCGACAGGACGCCTGCCCACAGCCCGCCGCACGCTGGGGTAGCCGCGCACCGGGGGACACGAGAGGGGGGGAACCCTGTCTGGATTCCCCCCCTCTACCTGCCAGCTCTGCCTCCCAGCCGGGCTTCAGCGGATGTACAGGTAGGTTTCCTGCACGTCGCGGTCAGCGGCGGCGTAGGGTTGCAGGTAGGCGCTGCTGCTGGCGTTCCAGCGGCCCTCGTCGTACGTGCCGCGCAGCACGAGGTCCGTGGTGGGGCGCACGCGGGTGAAGATGGCGCGCACGCGTTGCAAGCCGCGCGGTTCGGCCACGTTGAACGTCACGCCGTCCTGCGCGCGCGGGAAGGTCGTGGTGCCGGCGGGCACGTAGATGTTCCGGACCAGGGTGCTGGTGTACCCGTTGCTTTGCAGCGCAATCAGGGTGACGTACCCGGCCGCGCGGGTGGTGACGCTGATCCGCAGCGGCTCGCCCAGAGCGTAGGTGCTGCCCTCGCCCCGGTCAGGGCGCAGGCTGGCGATCAGGTTGCTGCCCGATCCCTGAAGGCCCAGGTTGGGGCGGACGGTGACGGTGCAGGCGCTGAGGCCAAGGGCCAGCGTGCCGAGCAGAAGTGCAGTGCGCATACGGTCAGCATACCGGGCGAGCCTGACGGAAACCTGAGCGTCCCTCCGGTGGGGGTGCTGGCGGGCGGCAGGGATGGTCAGCGGGCGCGCGGTCAGGCCGGGCGGACGGGCGTAGCATGAGGCATGAATTCTGCCGCCGCCGCCCCCGTCAAAGCTGCTGCCGCTGTGCGGCGGACCCTCCGGCCGCGCGTGGCCGTGACGGGCCTGCTGGTGTGGGCGCTGTGCGGCGGCATGAACACCCCTGGCCTGGGCATGCAGGCGTCGGCGGCAGCGGCCAGCGCGCCCATTCAGACGGCGCCGAAGCCCACGCCCAGTCTGTCCGAGGGACCGTACTCCAGTAATCGCTTTTTCAGTGATCTGCAGGCGAGGCGGGTGTCGCGGGTGGTGCTGTCCAGCGCCGGTCAGGCCAACGTGACGTTCGTGGACGGCAGCCGCCCGCGCTCGCTGGTCGTGCCGGCGGACGGTGCGACCCTGGCCCGTATCCGCGCGGCGAACGTACCATTGCAGGTGACGCAGGCTGGGTCGTCGTTCGCGTGGGTGGGGCAGGTGCTGCCGCTGATCCTGACGGCCCTGATCCTGGTGGTTCTGTGGCGCAGCATGCGCGGTAACGGCGGCGCGGGCGCGGCGGGGAATTTCGGGAAGTCGAAGGCGGCCGTGATCAGCGAGGGTCAGATCAAACTCAACTTCACCGACGTCGCCGGCTGCGACGAGGCCAAACAGGACCTTCAGGAAGTCGTCGATTTCCTCCGCCACCCTGAGAAGTACCACCAGCTCGGCGCCCGCATCCCCCACGGCGTGTTGCTGGTTGGCCCTCCAGGCAGCGGCAAGACGTTGCTGGCCAAGGCTGTCGCCGGTGAGGCCCGCGTCCCGTACTTCAGCATCAGCGGCAGCGACTTCGTCGAGATGTTCGTCGGTGTCGGCGCCGCCCGCGTCCGCGACCTGTTCGAGCAGGCCCGCAAGGCCGCCCCCTGCATCGTCTTCATCGACGAGATCGACGCCGTGGGCCGTAAACGCGGCATGAACATGCAGGGCGGCAACGACGAACGCGAACAGACCCTCAACCAGCTGCTCGTCGAGATGGACGGCTTTTCCAGCGGGCAGGAGGTCATCATCCTGGCCGCCACGAACCGCCCGGACGTGCTGGACGCAGCGCTGCTGCGTCCGGGACGCTTCGACCGGCAGGTGGTGGTGGACGCGCCGGACGTGCGGGGCCG
NZ_CP115165.1_gap7	185416	188816	3400	CCACGTACTCGTCGGCGGCGTTACGCAGTTCGTAACTGGTCATCTCGGCGATGCAGGCCACGACCACGCGCTTGCCCCGGGCGCGCAGCACCTCGACCGGACGCTCGAAGTCGCCGTCACCGGTCAGCAGGACGGCCGTGTCGAAACGGTCGCTGGTGGACAGCAGGTCCGTGACGATCTCGATATCCAGGCTGGCGCGGCGGTGCGTCTCGCCGCCCTCGTCGGTCGCCTCGCGCAGCGGGCGGGTGCGGACCGTGTACCCCATGTACGTCAGGGCGTCCGTGAAGCGCTTCTGCTTGTCGTCAATGGGCGTGGGGACCGCCGTGTAGTAAAAGGCGTTGTACAGTGCGCCGCCCGCCGAGAAGTGCTCCAGGATCTTACGATGATCGAAGTTCCAGCCGAGTCGTTTGGCCGCTGCGTACACGTTCGCGCCGTCAATAAAAAGTGCAATACGTTCCATCTGATGTCTCTCCTGTGCGCCCTGCCCGCTGCGGGGCCCGGGCCGCGGAGCGCCGCCCCGGATGGGGGAACGCCCGCCCCGCAGAATACCCGACCCCCGGCGCGCCACCCACCCCCACCTACCCCCAGACTTCATTCACGGCCCGGCAGCCATTCACGACCCGGCAGGGGGGTGCAGGCGGGGCCGCCGCGCCGGGTCATGCAGGGCCTCCCAGACTTCGGCCCGCAGACGCGGCAGGTCCACGCCCCCGTAACCGGGCGGCAGGGTTTCCAGGTACCGGCTGGCCTTGTGGTAATTGCGGTGCGTGAGGCTCCCGTGATGCCAGCGCTTATGCAGCGCCGCCGCCAGCAGGATCACGCCCTGCAAGAAGGCCCGGTCCGGCCCCGCCGCCCGGAGCCACGGGTCCTCCCAGGCCTCGTGCGCCTCCCACCACTCGCCCTGCGCGAACAGGGCCGCGCCCCGCGCGAACGCCGCCGCGTCCCCTGGAGTCCAGTCCCCGCCGCTCAGGGCGTCCGGGAAGGCCGGGGTGCCCGGCAGGGAAGGCAGGTCAGCGTCAGGAGTCACGCCCCCACGCTACCGCCCCACGCGGTGGACCGGGCCAGAGGACCTGCCGGATTGAGATGCCCGTCACGACGGTTAAACAAGCGGTGAGCGTCTCCCCCATCCGCCGCCCATCCCAGGCATGCCCCCCCGGCGTATAGTGACGGACATGAAGCCTGTGGAACTCACGGACAGCAATTTTAACGACGAAATCGCCAGCGGCCTGACCCTGGTGGACTTCTGGGCCCCCTGGTGCGGACCCTGCCGGATCATCGCGCCGGTCATCGAGGAACTCGCCGGGCAGTACGAGGGCCGCGTGAAGATCGGTAAGGTCAACGTCGACGAGAACCCCGTCACGCAGGGCCAGTACCGCGTGATGAGCATCCCCACCCTGATCCTGTTCAAGGACGGCCAGCCCCTCGAGGGCGTCGTGGGCGCCCAGCCCAAACGCGCCTTCGAGACGCTGCTGGACAAGCACAGCGCCCCGGCCGACAAGATCGACGCTGCCCAGCCCAGCGCCTGAACACCACCCGCCCACACTGAACCCTCAGTGCAACATTCAGTAAGAAGGGCCGCCCCGGTCAACCCGGCAGGCGGCCCTTTCTGTTCTGTCGGCGCTGTTGGATCAAGCCCTCAGAAGCGCACGATGTCCGGCGGTGTCCAGGCGTGCAGCGCCTCGCCCAGCAGCACCTCGCCGTCCGGCCAGTCGCCGTGCCCGCTGGCGACGTTGATGTGCCCCGCCTCACCGGCCGAGATGAACGCCGCGCCCCAGGCGTCCGCGAACGCCTCGGCCCGTTCGAAGCGGGCGAACGGGTCGTTCTCGCTGGCGACCACCAGCGCCGGGAACGGCAACTCCTGCATGGGCACCGGGGCCATCTGCGCCACTGCCGGGTACTCGGCGAACGCCTGATCCGCGTCGGTCGGGCCGACCAGCAGCGCGCCCTTCACCCGCTCGTGCCCGCCCGTCAGGGCCGCCCAGTGCACGACGTTCAGCACCCCGCACGAGTGCCCCACCAGCACCAGATCGCCCGGCGTCGCCTCGATCACTTCCTGAAGTCGCTGCGACCACGCCGCCGGGGTCGGGCTGTCCGGGTCGTCCTGCTGCACGCGCGCCGCGCCGAACTTCTCGGTCCACAGGGACTGCCAGTGCTCCGGGCCGCTGTCTCCCAGGCCCGGCACGATCACGATGGTCGGTGTCATGGGCTCAGGCTAACGCCTGGGTGGATGAGTGGCTACAGGTTGATCGGCATCCAATACTTCGCTTACATGTTCACTTAGGGCATCTCACAGGCAACCCGTAGGACGTTGGGATCTATTCCTCCCGCCACTGAGCGATTTGACGTAACTCGAGCACCTCCAGAATTACGAAGAGCTTGGGAAATGGCAGCCGTTGGCCTATATGAAGTACTCGTAAACATTCCTAATAAAGCAGAATCAGCAGAAATAATATAAGGCGCTGCCGTGGAATATTTATTGAACGGGCTATATTGCCCATATTCACTACCATACTGTCCGTATTTATTAAACATACTGTGGGTGCCGTAAGGGCTACCATATCGGCTGTAGTCATTTGAGATGCTATTCGCACCATACGCGCCGTCGCAGGTTCCAAGGAAATTACCATCGGCGGCCACAATCATGGCGCCCCTAAGATTTCCAGCGATGGCAGACGAGCTGCCTGCTAGACAAAGCACACACAGAAATCCACGCCATTGGCTCATATCATCCCTCCATAGCAATTTAATTCACTGGGCTTGGCGCCATCTTACTCCTTATCTACAGAGAAACAAAAAGGTGATTTTGTGCATCTCACCCTTCGAGCAGTTCGACCTGCCTGCCGTCGGGGTCCTGCACGAAGGCCATGTCGCGTCCGCCGGGGCTGGGTTGCAGGTCGCGGGTGACGGTGACGCCGCTGGCGCGCAGGGTGGGCAGCAGGGCGCGCAGGCCGGTGACGTGCAGGGCGATGTGTTCGGCCCAGTGGGGGTGCGGGGCGGGGGTCTCCTCCGGGATCTGGAAGAACTGCAGGCGGCCCTCCCCGAGGCGCAGGACGGCGCGGCGGTAGCCTTCGGGGGTGGTGAGGTTCTTCTCGGTGACGCCGCCCAGTGTTTCGTAGAAGGCGACCGTGGCGTTCAGGTCGCGGGTGAGGAACGAGACGTGTTTCAGCATGGGGTCAGGGTATACGCTGAGGGCCGTGACGGATGAAGCTGCGCTGGTGGGGGCCGGGCCGCCGTGGACGCTGCGGGGGGCCGGGCTGGTCGCAGTGTTCGGCGCCCGGGGCGTGCTGATGCTGGTGCGGTACGCGTCCTCTCCGGTGGGGCCATATGACGAGCTGTTGTGGGCCGAGGTGCGTGGCAGTCCGGTGGGGCTGCGCCCGCAGGTGACGCGGATCGTGGTGAGTAC
NZ_CP115165.1_gap8	223931	226076	2145	AGACCAGCAGGGTCTCGGCGGTGTACGTACGCGCTCCGGCGGGCGTGACGCGCACGCCGGGGCAGACGTCCAGGGGCTGCACGGGCGGCCGGAAGGTGCCGGGCACCACGACGTTGAAGCGCGTGCCGGTCAGGGGGCCCATGCCCAGCAGCCAGCCGCCGCTCAGGTTGGTCATCAGGACCCGCAGGTCGCCACTGCCCAGGGGGCGGGTCGCGGTGGGGTTGCGGATCTCGCCGCCCACGCTGAACGAGGTGGCGTGCGCGGCGCCGGTCAGCAGCAGTGTCAGCAGGGCGCGGCGTAGGGTGGTGGTACGTGGGACAGCAGAGCGGTTCACGCCCCCGACCATCGGGGAGGCGCGTCAGGGCGGTGTCGGCGGGTGTGAGGTTCGTTACAGCCCGTCTGGGCGGGCGTCCAGCCGGTCAGCGCCCAGGGTGGCATACACGCTGCGGCCCAGGTACAGGGCGGGCGGGGCCGCGAGCAGGCCACGCGCGTCGAAGGCGTCCGGGTCGAAGTGGATCTGCTGCACGTGCCCGACGATCAGGTCGTGGTCCCCGACCGGGATGACCTGCGTGACGCGGCAGGTGTAGTGCAGGTACGCGCCGCTCAGGGCCAGCGGCTGCTCGCTCAGGGTGGGCAGGTTCAGCAGGGCGTGCTTGTCGGTGCCGTCGTGGGCGCTGTGCAGGCCGCTGCCGTGAATGGCGCCCGCGCGGTCCAGCGGCAGGAAGTTCACGCCGAACGTGCCGGACGCCCGGATCAGCGGGTACGTGGCGCGCTCGCGGCCCAGCGAGACGCCGTACAGGGGCGGCGTCTCGCTCAGGGCGGTGTGCCAGCCGGCGGCCATGACGTTGCGCGTGCCGGCGTGCGCGGCCGTGACCAGCGCGACCGTGCCGGGGTAGTACCCGAAGAGGCGGGTGGTGGTCTGCGTCAGCCGCGTGGCGGGGGCCGTGGGGTGAGGGGACTGGTCGGGGTGCAGGGACATGCCCTGGCAGCATAGGGCAGGGCGTGCCGCGCGGGTATCGCGGGACGGGCGGGAAGGCAGGAAGGCCCCGGAGGCTCGTATGCTGTGCGGCATGTCTGTCGTGACCCGCATTGCTCCGAGTCCCACGGGTGATCCCCATGTGGGCACCGCGTACATTGGCCTGTTCAACCACACCCTGGCCCGTCAGGGGGGCGGGAAGTTCATCCTGCGCGTCGAGGATACGGACCGCAACCGCTACGTGCCGGACAGCGAGAAGCGCATCTTCCAGATGATGGCGTGGCTGGGCCTGACGCCCGACGAGTCGCCGCTTCAGGGCGGCCCGAACGGCCCTTACCGTCAGAGTGAGCGCTTCGACCTGTACGGCGATTACGCGCGTGGGCTGGTTGCCAGCGGGCACGCTTATTACGCCTTCGAGACGTCCGATGAACTCACGGCGCTGCGCGAGGCGGCGCAGGCGGCCGGGCACGTGATTGCCGTGCCCAGCCGTGACCTGGACCTGGCGGCGGCGCAGGCGCGGGTGGACGCGGGCGAGGCGGCCGTGATCCGCCTGCGCGTGCCGGCGGAGGGCGAGACGGTCGTGAACGACCTGCTGCGCGACCCGATTCACTTCCAGAACCGCGAGATCGACGACAAGGTGCTCCTGAAGGCCGACGGGTTCCCCACGTACCACCTGGCGAACGTCGTGGACGATCACCTGATGGGCGTCACGCACGTCGTCCGGGCCGAGGAGTGGATCACCAGCACGCCCATTCACGTGCTGCTGTACCGCGCCTTCGGCTGGAATGAGCCGGTGTTCGCGCACATGCCTCTGCTGCGCAACGCGGATAAATCGAAGATCAGCAAGCGCAAGAACCCCACGAGCGTCGAGTGGTACCAGCAGCAGGGCTTCCTGCCCGAGGCGATGCTGAACTTCCTGGCGACGATGGGCTGGACGCACCCGGACGGCCTGGAGGTGTTCGACCTGGAGGAATTCGGGCGGGTGTTCCGCCTTCAGGACGTGACGCTGGGCGGCCCGGTGTTTGATCAGGCGAAGCTGCGCTGGTACAACGGCAAGTACCTGCGCGAGGTACTGGGCGCAGACGAGGTGGCCCGCCGCCTGCACGCCTTCCTGGCCGGGCAGAAGACCGAGTTGCCGCACGACGATTACTTCCGGGCGGTGGTACGCC
NZ_CP115165.1_gap9	231227	234348	3121	AGGCCAGCGGTGGCCGCTCCCTGCGGCTGCGGGGCAGACGAACAGGCACTCAGCACAGCGCTCAGGACGATGGCGGCGGACAGGGCCACACGACGGGTGGACGACAGGAACGATCTGGGCATACGGGACTTCCTCCGGGCAGAGCGGGACGCGGCGGGCAGGGCCGGGCAACGGCGCGCCGGCCGGAAACTGAAGTTGTAGGTGCAAGCGGCACCATACGTCACCCCGCTGGCCTGAAAACAGTCCTCGCAGTTCAACAATTCCGGCGAATGAAAAACCCCCCAGCGTGGGGGGCAGCAGTGCAGGCAATAGACCTCCTGCGAAAGTCACGCCACACCGGCAACGCTGCGGTTGCACACCGCTGCAATGAGATTGACGCGTAAAGAGAAGCGCCGCCTCCGGTGACGGTAAATGTCCTTCAGCACGCGGAAAATCTTCAGACACCGGATGACATGCTCGACCCGCAGGCGGGTCGACGCCAGTTCCCGGTTCTGTTGACGCTGTTCAGGGGTCAGCGGCGCTTTCTTTGTCGCTTTGTGCGGTGTCACCGAGTGACCGTGATGCTGCCGAATGCCCTGGTAGCCGGCATCCCCGATCAGCGCCGTTTCTGGATGGATCTGGACGCCTGACTGCCGAAACAGGGTGAGGTCATGCATGGACCCGAAGGCGGTGGCAACGCACAGGATCATGCGTGTGGACACGTCGATCACGACCTGCGTTTTGAGGGTGTGCCGTTTCTTCTTGCCGCTGTACCAGCGGCGTTGTTGGCTGGTCGGTCGTTCACACGGGGTTTCAGCGGCATCTACGGCGATGATCTGGAAGACGTTCTCTTCCTGTTTGAGGCTCTTGCGGCCAGGAAGTCGGAACTCTCCGCTCTGGATCAGGGCGGTTTCGACGCGCTCCACCGTGCGCTGCACGGTGGTTTCGTGAATGTTCCAGTCATGGCCGAGGTGAGCGAAAGTGCGGTATTCACGCCAGAATTCAAGGGTGAGGAGGAGCTGTTCACTCGCGTTGAGGGCGGGAGGTCGACCGGACTTTTTCTTGGAGCGTTCTCGCTGGTCCAGGACGATTTCCATCTCGGCGAAGGTTTCGGGGTAGATCCCGGTGTGCCGTTTGAAGCGTGTGCGGTTTAGCTGTCGGAGGCGTTCCAGACGGTCGTGGCTCACTCACGCAGCGTAGCTGGGGACTTTCGCAGGAGGTCTAATGCAAGGAGAGTTCAATGAAAAGAGCGCCGAGCAGGCCTGGGGCCGACTGCGACGCTCTGTTTCTGGCTGGCGGAACGGGAGAGATTCGAACTCTCGGTACGGTTGCCCGTACACACGCTTTCCAGGCGTGCTCCTTCAACCACTCGGACACCGTTCCAGCGCACAGCAGAGTAGCGGAGGATTACAGGAAATGCAACTGGAAAGCAGCGATATGGACGGCAAAATCGCAGGAGAGCCGACTGAGTCGCATTTTCTCACCTGATGCACCCCGACTCATCAAATTCAAATAATCGATGTAGTCGTGTTTACGGGGCGTGCCGGGAGTTCCATGTCCATCTCACTTGAGACCATCACACAGGAGTATGAGTTCGACTGCACCGCCAGGGGTCATGCCATCAATACGCTCAAGGCTTACCGGACAGCGCTGCGTCAGTTCATCGCGTTTGTGAATCAACACGATGTCAACACCGTGGATGACCTTCGCACCCCCATCGTGAGGGCGTTCGCGGCTCACTGTATGCGAGAACTTTCGCCAGGGGGCGCTCACGCTCGCCTGCGTGTTGTGCGTTCATTCCTTCGCTGGGCTACGCAGGAGGGTTACTTCGCGCAGTCTCCTATGGACCGTGTGCCTATGCCCCGGCTATCACAAAAAATTCTGGATGCCGTTCCACCGCAGGACATGCGCAAGATGATGAATGCAGCCCATGCCAGCGACACTCCGCTTAAGTATCAAGCACTTTTGGCAGTTCTTTACGATACGGGCATACGAGTTTCAGAACTACACAAACTTCAGCTTAAAGACCTTCTCCCTAGCCAGTGCCTTTTCATCAGAGAGGCTAAAGGCGGAAAAGATAGAGTTGTACCAATTTCCAGACCAACTTTTAAACTTTTGAATAACTATATCCGAAACGAGCGTCCAGATAGCGCTCTTCCAGAAATTTTCCTAGTTGACGAAATAAGTCAGTATTCCAACATCAGTATTTACAAACTGCTTGAGAGACTTTGCCGAAGAGCAGGCACAAAGCGATATAGCCCACATACCTTTAGAAGAGGCTTTGCCGTCAATTATCTGCGTAATGGCGGGGATGTTTTTACTCTACAGAGGATTATGGGACATTCTACGCTAACCATGACCAACCGCTACGCAGCTATGGGAACTGACGATATTCAGGACGTTCACCGCCGCGCAAGTCCCATGCAAGCACTGCGGTAGTCAAGAGACTCGAACAATAGCCCTCTACGCCTCTGAGAACCCCGTAGACCCCCCTCCTAACCCAATTACGCCTCTTCCCCCAGCCTGCTTATCGCAGGCTGTTTCACGGGGCTTACAGGAAATAGTAATTCAAATCACTCCGCCATGCGGAGTATTAACATCATTTCTATATATTATCTTCTATGGGCCGATTATACATCAACCCTCCGCGCCGTCTGAGACAACAGAAAATGCCTGTTTAGTGCGCTCCGATTTTGGAAAATTTTTTCCTCTTTTTTGGAAAATTTTTTCCCAGTTTGCCAAATTTCGCCATCCTAGACAGCATTTTTTGCGCTTGGCGATTTGGCTTTCAAAATCAACATTATGCATCTAATGTATAACAAGCCGGATTACTACCTTTATCCTCCCATTCCAATCTTGATTCGACACCCAATTCATCCGCCGCAGCGTTGACTTCGGCAATGATTTTTCGTTCCCATCTCTCCATTTGACTCCTATCGGAATACCGAATAGTGACTCCATCATGAAGCCACAATACACACTGAGCCTTCTTATTGCCGTCCAGCACGCGAATAATCGATGACATGATTTTAAACTCATAGGAAGATATTTCACGCGAGAGCAGAGTGCGAATGCTCTTCTCAACATGATTCGGGTCTACATAATATTTTCGTCCATAGGCATCTTCCACATACCCCAGCTC
NZ_CP115165.1_gap10	235440	240308	4868	GGGGAGTACATATGGATATTCAGATAATTCATTCAGGTTCATAGGAGTATTCATCCCATAGGTGAGTATAGGGAAGAATATTATAGTGAGCCATGAGCAGTCAGTCAAGTTTATTGATATTTACAGTGTATCAAAATCCCTCGCCGCTAGATTGAAAAATCAACTGAATATTCACTGCTTTTGCATTACTTATCTGCTCTTTTGGGATATGCCCTCGCATGAAAATCAACAGCAGAACCGCAAGCATCATCGACATAAACTGAAACAGCTTTATAGTGTGTTGATTTCATCTTTCAATATAATGCTTATAGCATATTTTAAATCAAAGGGGGGTTGCGCTTAAAGAAAAATAGGAGTATCATCCCATCGAGGTGCAGAGATGGGAAGATTAAAGGATATAATTATTGGATTGCATGAAGAGGAAAGCAAAGGCAGTGTCGTTGACTGGAAAACCTACACGGTGATTGCTTCACCCTCCGAAGCCCACCTTTACCCCGGATATCCGAATTATCAACAGTCACTTGAGGAAGATTCGCTCGCAGACAAGAACACTAGTGATAGTGAATAGTGGCATTCACTTCTGGCAACGTAGCGTGTGCGCGGCTTAAGACACGCGACACCTGAACGGCATTCCATTCTTTGCCTGTTCTGGTCTTAAACCCACTCTCCGTCAGCTTCCGGGCAATGGCCCGGAGGCTCATTTCTTTGTCGCGCATCAGGGCGATGTAATCCGACACATTGGTGTACGCGTCACGAGCGGCTTCCTGCTGCGTCGCTCGTCCCAAGGCGCGAACCTCTTCCGTCATCGGCTGAGGGCTGCCCAGACGCACCCCTCTCCGCTTGGCAGCGGCCAACGCCTCTTTCGTCCGGGCGCTGGTCGCTCTGGCTTCGTGCTCCGCAAGAACCGCCATCAGTTGGATGGTGAGCCTGTTCGCTTCTGGAATATCTACGGCGATGAAGTCAACCTGCGATTCCAGGAGCCCGGTGACGAAGTGCAGGTTGCGGCTCAGACGGTCGAGCTTGGCAATGAGGAGCACGGCACCCTCCGCTTTAGCCTGAGCGATGGCGCGGTAAATCTCCGTGCGGCGACGCTTCCCAGTTCCAGACTCAAGCTCGGTGTATCTCGCCACGATGTCGAGTCCACGGCTCTGAGCGTATTGGGTAACCGAGTGCTCCTGAGCTTCCAGGCCAAGCCCGGAGTAACCCTGCTTCTGCGTCGAGACTCGGAAGTACGCCACGGCTTTTTCCATGCCTCACTGTAACAGCTTAGAAATGCTCCTATTTCAGCTGTTATGGAAAATAGCCGTACGTCCAGCATCACCCAGGATATATTGACAACATGCCAATAGAATTTTATCTAGATTCACCAGAAGGATATTTAAAACAATTTACTATTAAACTTGATGCTGACTTGATTTTCTTAACAGGATTAAACGGCTCAGGAAAAAGCCAAATTATTGATGGTATTGCCAGCGGAAAAATAAGATGCACTCTAGATAACAAAATTATACCACCCAGTCGGATATTGAAATTCGAAACCCAAGCATTTATGGCATATCAGCCCTATTCGATTCACCAATCACATCACCATGAATATAAAGATTACACCCCTATTAATAATCCCGCTTTTCAAGATATGATTTTGAATTATCGATTCAATAAAGAGAATGTTGATGAAATATTGCTCAGTACAGTGGGGCTGCGGTCCGAAGAATTTAGCGATGATATTACAACAGCACTAGAAAGAGGAGACTTGTCGCAGTTCTATCAATTGATTAGCAACATAAAAGTAAAAAAATACAATAACTCGATATCCAAGGCTCTTAAAAACTATTACGAGGCAAAAGCAAATGCGGAAATTACTGCCATGGTACGCGATAGAGGCCATTCGGCAAATCCACCTGAATCAATATTTAACGTAGAGGAACTCATAAACTCAATACTTTATCTTCTAAAATTAGATTATCGAGTTTATGGTGGCCAAGATTATACAAATTATATTTTTAACAATAAGATGAGGTCGCTGGGGGCGTCGATTCCCATCACGCCAGACGAACAAAGGTATAGTCCAGAATCATTTAATATTAGATTCATCAATACAAACAATAACAATATCGTCGGAGCTGAGTTTCTAAGTTCTGGCGAGAAAACTCTATTGAATATTGGCTCCATTATCGCCAATGATACGCAATATAGTCCCTCCGACATACAACCGTTAATATTGATGTTTGATGAGCCTGACGCACACCTACATCCAGAGTATTCACAAGTATTACTTCAACTGCTAAACAATGAATTTATAAATAAGCACAAATTCAAAATACTAATTTCAACCCATTCACCAATCACAATTTCACTTTCAAACTCAAAAGAGGCGATTCTAGTAAAAAATGGAATGCCGGAAGTTGTTAGCAAATCCGTCGCACTATCCAATTTGATGTCAGGGATTGTGCATATTGACGTTCTGAGCAGAGATAATGCATATGTGTTTGTAGAAAGCCACAACGATGTTAACATTTATAGCCATTTATACAACATAGTATCAAAAGATACTGCATATCTTTATAAGCCAATATTTATTCCCTCATCTCATGGAGAAGGAGGCAACTGCCATTTAGTACAGCATTTATTAAATAATTTACCAGACGAAAAAATATTTCATGGAATAATTGATTGGGACACAGAAAATGTCTCCAACGGAAGACTTCATGTGCTAGCAGAAGGAAGTCGATACTCTATCGAGAACATCCTGTTCGACCCGCTGATTATGGTCGCATTCTGTATAATAAACGGCATTTCTCCTACTTTTATCGATACGGCAATATCGGACGTATCACTATCAGAGTTTATCAGTAGTGATGAATTAAAGCATAAATACACATCGCAATGGACTAAAGGCATATTAGGCTCACCCGCGCTAGGCAACACCGAATACAAATATAGAGATGGGACGGTTTTAGATATTGATTCAAGATATATGCTCCAACAGGGACATGATTTAGAGGGGAAAATACGAAAATCCGTTCCGCAAATAGGAGGATACAATCAAAGATTACATGCTAGCATATTACGACTTTTAAGAGACTATCCAGGCTTAATTCCAGTGGAAGTTATGCAATTATTCCGAGATGTTTTGTCATAGTGTGGTATTCAAGACAAAAAGACGAATCATAAGCTATCTTATTCCCTATCTTTGCAATTGTGTACCCACAAGCTTTCCAAATCTCGGTCAGAATCTATTGATAACGGCATAAGTCCGCATCAGCGTAAGGTCACGCTTGGTCATTCGGTAGTCCTCTGCCGCACGGCCAATAGTCACTTCACCGACTCGTGCTTACGCCGTTTTCAATAAGATATATCAATGTTAAGAATTGATTAACACGATGGCCTAATAGAATAAATGCACGCCCTGTTAGGCGTGCATACGGGTAATCAGAAAATTGTGTCCTGGCGCGAACCCTCGATAAGCTTGCACCTATACCTGCTTTCCAGGCGTGCCCCTTCAACCACTCGGGCACCGTTCCAGCGCACAGCAGATTAGCGGGTCAGGGCTGGAAAATCAAATCTGGGGGCCGACCCGTGTGCTGTCCGGTCCGGACGGATGCGCGGCGCGCGGATGCCCTAGAATGCAACTGTGACCTTTCTTGCCGTGCTGGCGGTGCTGATTTCTTATGTGGTCGGAGCGATTCCGGCGGCGGCCTGGGTGGCCCGCACGCGGGGCGTGGACATCCTGAAGGTCGGAAGTGGCAACAGCGGTTCCACGAACGTCCTGCGCACCCTGGGCAAGGGACCGGCGACGGTCGTGGCGATCTTCGACATCCTGAAGGGCGCGCTGGCAATCTGGCTGGCGCGCGCCCTGGGCCTGGACGCCCCGATGCAGGCGGCGTGCGGCGTGGCGGCCGTGATCGGGCATAACTTCAGTCCGTTCCTGAACTTCAAGGGTGGCAAGGGCGTGGCGACCACCTTCGGAACGATCTGCGCGCTGCTGCCCGTGGCGGGCCTGGGCTTCTTCCTGATGGGCATCACGACCGTGTGGCTCACGCGCTTTGTGTCGGCGGGCAGCATCCTGGGCGCGCTGACGGGCGCGTTCACGGCGTACCTGCTGGGCGCGCCGCTGTGGCTGTCGCTGACCGTGACCGCCCTGGTCGCCCTGATCGTGTGGCAGCACCGCGAGAACATCCGCAAACTGCACGCCGGGAACGAACGCCGCTTCGGCGAGAAGGTGCAGACCTGAGACAGCCTCTGGTTGAATGGCCTGTAACGCCGTTCAATCCGGGCGGCTGCCAGTAGAAGCAGAGGCAGGTTCCGGGAGTGGAGTTGGCCACACGGCCCCCTGCGAGTTGTGAACGAACCGGACGGCGGCCCGGATGAAGCCCGCCCCCCACCCGCCTCACCCACTACCGGTCCATTCCTGGGTGGGGGGCGGCTGCGCTATGCTGGGGGCCAGTCACGACAATTGACGCACGGCCCCGTGGTCGGCAGAACGAGCATCGGGGCCGTGCATTGAAACAGGATGTTGGGACAGGGCATTTTCAGCGGGGTGTGCATGTCGGCCAGGATTCGCGTTTACGGTAAGGAAGCGGTGTTCGCGCAGGGCGCGTGGCAGTGCGACGATGAGAGCCTCCAGGCGATGCTGCAGGCGCTGGCCGACCCACGCGCCATGACCGCCGAGCAGGAGCGGACGCACGCGCTGTACGCCGCCGGGCGGTTCGGGGGCCTGATCGCCACCGAGTACGGCTGGGAGGCCGCGCCGCACCCGGAAGCGGAGATCAAGATGGAGGACTTCGCCCCGGCCCGGCAACCCGAACGCGCCGGGTGGCTGAGTTTCCTGCGCCGCCGCAAGTAGGGCAACTCCGGTCCGTCCTGCC
NZ_CP115165.1_gap11	323218	324168	950	CCGGATGCGCCGCCAGTCCCCAGACGGTCTCGCTGGGGTACGCGATCACACCGCCGCCGCGCAGGACCCGCGCCGCCTCCGCCACCGCCGCCCACCACGCAGGCCTGCCGCCCGGACCATTCTGCTGCTGTTCATTCATGATCGGATCTCCGCGCCGCCGCCCCCACCGGGAACGCCCCATGCAACGGGCGCACCCCCGGACCTGTAAGGTCAGCGAAAGACTCACAGACTATACTGATCAGATATGCCCGTCTTCGAATACCGAGTGCGTGACCGCTCCGGAAAGGTGCTGAAATCCCAGATGGAAGCCGAGACGGCCAACCAGGTCCGGGACGCCCTGCGCGCCAAGAACCTGATGATCGTCGAGATCAAGGCCCCCAAAACGGGCATGAACGCCGATATCAGCATTCCCTTCCTGGACAACAGACCGCCAAGCCTCAAGCAGGTGGCCATTTTCAGTAAACAACTTGCCACGCTGATCAACGCCGGGGTTCCCTTGGTGCAGTCCTTGGCGATCCTGCAAAAACAGATCGAGCACAAGGGATTCCAGAAAGTCGTGAAGAACATGCGCACCGATGTGGAATCCGGCACGCCACTGAGTGAAGCCATCGTCAAGTACCCCAGGATCTTCAACCGACTGTACGTGAACCTCGTCCGAGCCGGCGAGACCAGCGGCACGCTCGACTCGGTGCTGGAACGCATTGCAGACTTCCAAGAAAAGGAACTGGCGCTACGCGGCAAGATCAAGAGCGCACTGACCTACCCGGTCGTGGTACTTGTCTTCGCCATTCTAATCACTTACTTCCTGCTGACCACTATCGTGCCGCAGTTCGCTGGAATCCTGGCTCAGATGAACGCACCCCTGCCTTTCATCACGCGCATGCTGGTTGCTATTTCCGATTTTTTGCAAAATTCCATGCTGTTTCTCATAGCAGCCAACATCGTTATCG
NZ_CP115165.1_gap12	328235	332900	4665	GTTGAAGCCGATCTGGTCGAGGTACGTCTGGAGGCCGGCGGCTTCGAGGTACTCGGTGACCACGCGGCTGCCGGGGGCGAGGCTGGTCTTGACCCAGGGTTTGCTGTCCAGGCCCAGTTCGACGGCTTTCTTGGCGACGAGGCCGGCGGCGATCAGGACGCTGGGGTTGCTGGTGTTGGTGCAGCTGGTGATGCTGGCGAGCGTGACAGCGCCGTGCCCGATCTTGAGGTCGGTGCCGGTGATGGTGCCCTGGGCATCCAGTTTATCTGCGGGCAATTCGAAGCCACGGGCCTTGACGGGCGCGGTGAGGGCTTCGTTGAACACGCTGTGCATGCCGGACAGGTCCACGCGGTCCTGGGGGCGTTTGGGGCCGGCCAGGGACGGGACGATGGTGCCCAGGTCGAGTTCGATGGTGTCGGTGAAGACGGGATCGGGCGTGGCGTCGGTGCGGTACATGCCCTGGGCCCTGTAGTACGCCTCGACGAGTTCGATCTCGGTTTCCAGGCGGCCGGTGCGGCGCAGGTAGCGCAGCGCCTCGTCGTCCACGGGGAAGAAGCCCATGGTGGCGCCGTATTCGGGGGCCATGTTAGCGATGGTGGCGCGGTCGGGCAGGGTCATGTTGCTGAGGCCCGCACCGTAGAACTCGACGAACTTGCCGACCACACCTTTGGCGCGCAGCATCTCGGTGACGCGCAGCGCGAGGTCGGTGGCGGTGGCGCCTTCGGGCATGGCGCCCGTGATCTTGAAGCCGATGACTTCGGGCATCAGCATGTAGATGGGCTGGCCGAGCATGACGGCTTCGGCCTCGATGCCGCCGACGCCCCAGCCGACGATGCCCAGGCCGTTGATCATGGTGGTGTGGCTGTCGGTGCCGACGAGGCTGTCGGGGTACACGACGACGCCGTCATCCTCGGGGCGGCTCTGGACGCCCTTGGCGAGGTACTCCAGGTTGACCTGGTGCACGATCCCCGAGGCGGGGGGCACGACGCCAAAGTTGTCGAAGGCCTGCTGGCCCCAGCGGAGGAACTCGTAGCGTTCGCGGTTGCGTTCGAATTCGAGGGCCATGTTGTTGGCGAGGGCGAAGTCGGTGCCGAACTCGTCGACCTGCACGGAGTGGTCGATGACGAGGTCCACGGGGATCAGCGGGTTGATCTTGCTGGGGTCGCCGCCGAGTTTGACCATGGCGCTGCGCATGGCGGCCAGGTCGACGACGGCAGGCACGCCGGTGAAGTCCTGGAGGATCACGCGGGCGGGCTTGAAGGGAATCTCGACTTCCTCGTTGACGGGTTTCCACCCGGCGACGGTGGCGACGTCCTCTCGGCGCACGTCGTAGTCGTTCGCTTCGCGCAGCACGCTTTCGAGCAGCACCTTGATGCTGACCGGGAGTTTGCTGATATCAAAGCCCTGTTCCTGGAGTTTGTTGAGGTTGTAGTAGTAGAGCTTCTGGCCGCTTTGCGTGGTGAGCGTATCGCGCGCGCCGAACAGGTTCATCGCCATGTGTGTTCCTCCTTGCCCGTTTCCGGGCGGTGCTTTCATCATACGGGAAGGGTGTCTGAGTGGGCGTTACCGGGGCAGGCACGCACAGCCACGCAGCCGTTACCCCCATGGGGACAACAGCTTGCGCGGGGAGTCGCCTGCCCGGCAGACGGCTCTGGTATCGTTCACGGGCATTCTCTTCCCTGCGAGGTTCCCCTGCATGAGCGACCCCAACCAACCGTCCACCCAACTCCAACCGCACCAGCGCGCCCGCCTGACCTCCCTGGAACAGACCGTCCGCGACGGCCTGCGCGACTTCCGCCGCACCGGGCAGGCCCTGTCCGAAATCCGCGACAACGAATTCTTCCTCGCCACGCACGAGTCCTTCGAGGCGTACCTGCAAGACCGCTGGGGGTTCACCGCCCCGCAGGCCGGTCGCCTGATCGACGCGGCGGACGTGGCCAGGGTGCTGGAACCGCTGGGCATCCAGCCGAAAAACGAGGCGCAGGCCCGCGCCTTCCGGGCCGCCGCGAAGATCGTCACGGACCTCGAACCCGAGCAGCAGCGCGTGGTCGCCCGGCTGGTCGAGCAGGCCGCGCCCGCCCCGGCACAGACGGCAGCAGGGACGGAAAGCGACCTGCCGTGGGAAGTGCCGGACGCCGCCGAGGTCCGCATCATGGCCAGCGTCGTGAAGAAACTGAACGAGGACGCCACCGTGCACCACCCGGACAGCGGCGACGAGGTCTCCATGGGCTCGCTGAGCACCCCGGAACGCTTCGAGGTGATCCGCACGCACGTCGACCAGAAAACCCAGGCGTACCGCGAGAAGCAGGAAGCCAGGGCCAACGCCCCGCAACCCGAGAAGATCAACTGGGCCGACTGGGTCCTGAACCACGCCGCGCAGAACCTGGGGCCCGGCCAGCGGCTGGAACTGGTCGTGGAACCCGACGGCAGCGGGGCCGTGCGCGCCGTTGCACGTGTGGTCGACGGCCACACCGGGGAAGTCCTGGCCGCCGGGGCCGGAGCCGTGACCCTGAAGAAAGCCGCGTTGAATCTGGCCGCCGAAGTCCGGTAACCGGACGGCTGCACCTGCGCCGCCTGCCCCTTCTGTGGGCAGGCGGTTTCGTGTGCACCCCTGTCTGTAGTTCTCGCGTGTGTGCCGGTCTCATACGGATTCCGTCTGTTTCGTTGACAACTTGGAAAGGCGCCAAGTTGCCAACTCCACGCCCGGAACCCGCTTTGCTCCCACTCGCTCCGCTCTGGTTGAACGGTTTGTGCAAACCATTCAACCAGAGTCCGTATCGCGTGTGCGCCGGGCTGGCCGGGCCGGAACGTGGCGGCCGTCCGTGGGCGCGCAGGGTGTGGCGTGCGGGGCGATACCCGAGCATTCCGGTGGGTGTTCTGCGTTGAGTTGTGGATGGCGGCGGGATAGAATGACGCTTATTGAGAATCATTCCTGTTAAGGTTCTCGCGCTGTCATCCTCTCCCCCACTCCCCGGAGGCCCCGCCGTGACCACCCAGACCCTGAACACCACCCCCCAGCGCGCCGCGCCGCGCTTCACCCTGACGCCCCAACTGCGCCTCGCCGTGACCCTGACCGCCCTGACCCTCGCCGGCCTGCTGACCGGCGCGGCCGGGGAATTCCTGCTGCGCGTCCCGGCCATCATGTGGGCCGGGTACATCCTGGCGTTCCTGGCAGGCGGCATTCCCGCCGGGCGCGAGGCGCTGCGCAGCCTGTTCGTGGAACGCAAACTGGACGTGGACCTGCTGATGGTCCTCGCCGCCCTGGGCGCGGCCAGCATCGGGCAGGCGGCGGACGGCGCGATCCTCCTCTTTCTGTTCTCGCTGAGTAACACCCTGCAGGACTGGGCGATGGGCCGCACGTCCAGCGCCATCCAGGCCCTGATGAACCTGAATCCCGAGGGCGCGACCGTGCTGCGCGGCGGGCAGGAGAAATGGTGCGAACTGGGCGACATCCGCATCGGGGACATTCTGGTCGTGCGGCCCGGCGAGCGCGTGGCCGCCGACGCCCGCGTGACGCGCGGCCAGACCAGCGTGGACGAGAGCCCCATCACGGGCGAGAGCGTCCCGGTGGACAAGGCGCCGGGCGCGGAACTCGCCTCGGGCACCGTGAACCTGAACGGCAGCGTGCAGGCTGAAGTGATCCGCCCGGCCGGCGAGAGCACCCTGGCGCGGCTGGTGGGCCTGATGGAACAGGCGCAGACGCAGAAGAGCCGCACCGAGAGCCTCGCGGAACGCTGGGAGAGCCCCTACGCCCTGACGGTTCTGCTGGCCGTGCCGGCCGTGTACGCCCTGCTGCGCTACGGCTTTGGCCTGAGCCTGGACACCGCGTGGTACCGCGCCATGACTTTCATGGTGGTCGCCAGTCCTTGCGCGGTCGTGATCAGCACCCCGGCCGTGATGCTCTCGGCCATGGCCGCCGCCGCGCGCGGAGGCGTGCTGTTCAAGAGCAGCGCCGCGCTGGACGCCCTGGCCGACGTGCGTACCGTCGCCTTCGACAAGACCGGCACGCTGACCCAGGCGAAGATGACCCTCACGCGGGTTGTGGCGGACGACGAGGGGGCCGCGCTGGCCCTGGCCGCCGGACTGGAAGCGCACAGCGAACACCCCATCGCGCAGGCCGTCGTGACGGCTGCCCGTGAGCGTGGCGTGACCCCCGAGCACGTGCAGGACGCGCAGGCCATTCCCGGTCACGGTATCGAGGCGCGCGGCGCGGACGGCGCGGTCGTGTGGGCCGGAAACACCCGCCTCGCCGGGCGGAACGGCGCGGCCCTGAACGCCGCGCAGCACGCCGCCCTGACCGAACTGGGCAGCCAGGGCAGCAGCAGCGTGATCGTCGGGCGCGGCCCGCAGGTGCTGGGCGTGATGGGCGTGGCCGACGCCCTGCGCCCCGGCATTGCGCAGGCCCTGACCGAACTGCGCGCCAGCGGCATCACGCACCCCGTCATGCTGACCGGGGACCGCCAGGAGGTCGCGCAGACCGTGGCCGCCGAACTGGGCCTGAACGAGTACCGCGCCGAACTGCTCCCCGAGGACAAACTGCGCATCATCGGCGAACTGGGCGCGCAGCCCGGCGCGGGCCGGGTCGCCATGGTCGGGGACGGCGTGAACGACGCGCCCGCCCTGGCCCGCGCCGACCTGGGCATCGCGGTCGCGTCGGGCACCGAC
NZ_CP115165.1_gap13	337231	342137	4906	CATGCTCTCGCCGCTGATCTGCGCGATGCGGGCGATGGTCTGCGGGTTCTCGATCAGCACGAACCGCCACGGCTGAGAGTTGAAGTGACTGGGCGCGGCCTGCGCGGCGCGCATCAGCACGTGCTGATGCTCGCGGCTGACCGGGTCCGGGCGGAACGGGCCGTTGGTGGTGCGGCGGTTAAGCATGCCGCGAATCAGCGCGGCGTCCGGCGCGGCCATCTGTTGCAGGGCCGCCTGCACGGCACTCTCGGGGGTGGAATCGGCAGAACTCATGCTCGCAGCTTAGAACACCCGGCATCAGCCAACCGGCCTCAGCGACCCGGTACGCCCCACGCGATCAGCGCGCCGGTCAGGAACGCGGCGGCGCAGGCCAGCGCCCGCTGCCAGTGGTCGGCGCGGCCGGGCCGGGTGCGGGGCATGCTCAGCAGCAGGATCAGGGCGGGCAGCAGCGCCCAGGCGGCCGCGCCTGCCTGCCACGCCAGCCACGCGCTGATGGTCACGCCCGCGCACACCAGGAAGAACAGGACGTGATGGGGCGCGCGGCCCACACCCGCCCACCAGCGGCGTTGCAGGGACAGGCCCAGGCTCAGCAGGGCGGCCAGCAGCGCGCCGGTCAGCAGCAGCACAACCTGATGCGGGGCCATACCCGGCCACCATACCGGGTGCGCGGGGGCGGCGGGGCGGGCAGATGCCCCGTGCGTGCGGGTGTAGCTTCAGTCGTATGAACGCCCCTGTCTGCCGCCCGCCCGCTTCCCGAATCGCGGCCCACATGCCGGCCCTGCTGCCCGCGCTGCTGGCGTTGACGCTGCTGGTGGCCTGCAAGCCGGGCGTACAGGCCGGCAGCGGCGCGGCGGGCGGTCAGGGCGCGGGCGGCGAGGATCTGGTGGCGCGGGTCCTGTTCACCGCAACCGGGTCGTTCGACGCACAGTCGCAGGACAAGGCGCGCGTGCCGGGCGGGCTGCGCCGCGCTGTCTGGCAGAAGAAGGTGCCGTTCGACGCGCGGCGCGTCACGATCCAGTACGACAGTGACGCTCGCCCCATGACCTGGATGCTGGAAATTCAGGGTCCGGGCTTCACGGCGCAGGACCTGGCCGGGCCGGACGCCACGGCCGTGAAGACCGAACAGGGGCCGGGGCTGCGTCCGGCGGCAGCTTCACGCCTGCGGGACACCGTGATCATCACGCGCCGCAGCGACCTGAAGATCCTGACCCGGTCATACGCGACGCAGGTGGAACCGGCGCTGCTGGGCGCGTTCTCGCAGCCCTGAGGGCCAGGGTTCAACGCGCGGCGGGTCAGCGCACGGCGTTGCGGCCCGAGCGTTTGGCGTCGTACAGGGCGCTGTCGGCGCGGTTGAAGATGCTGGTGGTCGTGTCGGCGTCCCGCTGGCTGGACACGCCGAAACTGGCGGTGATGGTCAGGCCCGCCACGGGTTCCGCGCTGATCTCGCCGCGCAGGCGCTCGGCGATGGCGTGCGCGTCGGTTCGGGCCACGCCGGGCAACAACACGATGAATTCCTCTCCGCCCCAGCGTCCGACCAGGCCGCCTCCGCTGCTGACGCTGCGGCGCAGGCGTTTGCCGAAGGCGCGCAGCACGTCGTCCCCGGCGACGTGGCCGTGCTCGTCGTTCACGCGTTTGAAGTGGTCGATGTCGGTCACGATGACGCTCAGGGGCGTGCCGCTGCGGCGCGCGGCGTCCAGCGCCCGCTCGAATTCCTCCTCGATCGCGCCGCGTCCGTACACCTCGGTCAGGGCGTCCAGGCGGGCGGCGCGCAGGCGTTCGCTGTCCATGTGGTGCTGGTCGAGGTTCTTCTCGATGAAGGCCGTCAGGGTGTAGGCCAGCAGGCCCGCCGTGCCGATGGCGATACTGGCGGTGGTCCAGTCGACCATGTTGGGCGGGTCGATGGGGCCGTTCAGCAGGACGCTGGCCATCATGACGGCCACGCTGAGGATGTTCACGGCCGTGCCGTACCGCGATCCGAACACCAGGTACGACACGATGACGTTCAGCATCAGCCACAGCGTCAGGTGCATGGGCATCTCGCCCCAGCCGATGGCGCGCGGAATCTCGCTGGTCGACACGATCAGGTACCCGACGCTGGTGACGGCGTAGATGGCCTGCACGCGGTGCGGGAAGATCAGCGTGGCCAGCGCGGTGGTCAGTGAGACCAGTACCGCCCAGTACTTGGGAATCTGGTACCCGACCGGGAATCCGTCGGGCGGCGGGTCGATCATGGCGGTCAGGCCCGCGTACAGCACGTACGCGAAACTGGCGATGTACACGGCGACGAGGCGGCTGCGGTGCAGTCGTTGCGTCAGGGTGGAGGTGGGTGGGGCGGCCTGGGCGGGGGTGGCGCGGGGCGTCATGCGTCGGTTCCAGTCATGCGGGATCACTCATGGGCAGTGAAGTCCAGTCGGCCCGGTGGCAACGCAGAAGAAAACGGGGACGGCAGAGGCAGAGGCGAGGGGGCCGGGAAACAAGGGGAAGCGGGCGGGGGGGGGTTCGGCGTGATGATACAGCGGCGCCCCGGCCAGTCATGCCAGCCGGGGCGCGTGCGGGGCAGGACTGCTCAGGCGAGCAGTTCACCCTCGGCGAAGAACAGGCCCAGTTCGCGCGCGGCGCTCTCGCTGCTGTCGCTGCCGTGCGTGACGTTCTCGCCCATGGTGGTGGCGAAGTCGGCGCGGATGGTGCCGGGCGCGGCGCTCGCGGGGTTGGTGGCGCCCATCATGCCGCGCCAGCCGGCGATGGCGTTCTCGCCCTCAAGGGCGATGGCGACCACGGGCCCGCCCGTGATGAAGTCCACCAGTTCACCGAAGAAGGGGCGCTCGCTGTGCTCGCCGTAGTGCGCTTCGGCGGTTTCGCGGGCAATGACCATCTGCTTGAGGCCCACCACGCGGTAGCCCTTGCGCTGGATGCGGGCGAGAATTTCGGGGGTCAGGCCACGGCGGACGCCGTCGGGTTTGATCATGGCAAAAGTGCGTTCCATACTGCCCCGGAGCATAGCAGGCGGCGGCAGTCCTGTGGGGGCGCGCGTCCCGGCCGCTGCGGGTGTGGGCAGCGGGGGGGTGGACGTGCGGCCCGCCGGTGATTGCGCGGCGACCCTGGTGCGCGGCCCCGGGACGCGGGTGGGACCGCCGCTTCCCCCGCAACGCTCCCCCACCACAGTGGGAGCGCCGGTGTCCTGAAGTTGTCTGAACCACGTACAATGCTCCGGTGACCCACGTTTCTCACTCACGCCCCTCCGGGGACGCGGCCCGGATCGCGCTGATTGCCTGCGCGGTGGCCATTGCCGGGATGCTGCTCGCTCCGCTGGCCACCCTGGGCCGCGGATTCAGCGCCGACGCCATTCTGCTGCATATCAGCGGTTCCGTCATGAACCTGTCGTCCAGTCAGGACGCTCCTCTTCCCCCCACGGCCACCGTGGTGGCGCTGGCCTGGGCCACGCTCGCCTCGCTGGTGGCCACGCTGGCCGGGGCCGTGACCCGGCAGCGCTGGTTCTGGCTCACGGGCCTGCTGGCCTTCGCGCTGGCCGTGGCCGCCGTGTTCACGCTGGGCGGCGCACTGAACGACGAGATCAACCGCATCTCGGCCGACACGGCCCTGCGTCCCGGTGCCAAGCGGCAGCTGCGGAACTTCTACAGCAGCGGCGGCATGAACCTGGGCCTGTTCCTCCCGGCCCTGGCGGGCCTGATCGCGGCCGGTGCGGGCCTCAGCCAGTCCAGTCGCGCGTGGGCTGTGCTCAACCGCCTGCGCGGCCTGCTGGTGCCGGCAGCCGCCATCGGGCTGGCCGTGCTGGTCGGGGCGGTCGTGGTGCTGATCGTGCAGCCCGCCGTGAACGAGAGTGGCCTGCCCCTGACCCTCTGGAACGGCTGGATGGCGAAAGCCGACCTGGTGTACTTTGTGTACTCCACGCTGTTCGCGCCGGTCACGGCGTTCGGGCCGCTGCTGGACAGTCTGAAGATCGCCACGCCCCTGATCTTCACGGGCCTGAGCGTGGCGTTCGCGTTCCGCACGGGTCTGTTCAACATCGGCGCGCCGGGTCAGCTGACCATGGGTGCCATCGGCGCGATGCTGGTCGGCGTGTACGGCCCGGCCAGCCTGGGCTGGGGCCTGCTGCCCCTGTCGGTGCTGGCCGCCGCGGCCGGGGGCGCGCTGTGGGGGGCCATTCCGGGCCTGCTCAAGGCGCGTTTCGGGTCCAGCGAGGTCATCAACACCATCATGCTGAACTACGTCGCGTCGTCGATTTTCGTGTTCATGATCGGCAGCGAGTCGTTCCCGTTCCTGGGCCGCACGTACACCCAGCCGTTCAAGGCTGAGGGCTCGAACCCACAGAGCGAACTGCTGCAGGAAGGGTCGCGCCTGCCGCCCCTGCTGGACCTACTGAACGTGGGCGGCAGTGGGCAGACGGCCGTCAGTATCGGCCTGCTGGTCGCGGCCGTGGTGTTCTTCGCGGGACGCGTGCTGCTGCGGGGCCGCGTGAAAAACGGCACCCTGATCGCCGGGGTCGCCGCCGCCGTGCTGGCCGCCGTGACGTGGCGGATCGGCATTCCGGTCGACGTGACCGGCAGCCGCCTGAACGGATCGTTCCTGATCGCCCTGGCCTGCGTGGCGCTGTTCGGCACGCTGATGTGGCGCACCGCGACCGGGTACGCCCTGCGCGCCGTGGGCCTGTCCCCCCGCGCCGCCGAGTACGGCGGGATCAGCGTGGCGCGCGGGACCATCCTGGCCATGACCATCGCCGGGGCGTTCGCGGGTCTGGCCGGCACGCACTACGTGAACGGCGGGGCGCTCAACGAGTACCGCCTGACCCTGAACACCCCGGTCAACGTGGGCTTCGACGGGATCGCGGTCGCGCTGATGGGTCAGAGCACCCCGGCCGGCGTGGTGGCGTCCAGCGTGCTGTTCGGCA
NZ_CP115165.1_gap14	362238	363825	1587	ACGGCACTCCTGCACGTCACTCCCGGCCCCCCTGGCACGGCCCTTACTTCAGGCCAGCCACGATCCGGTCGTAGACCTCGTCCATGCCGCCCACACCGTCCACGCGGTACAGGTGCCCGCGCGCGGAGTAGTAATCGATCAGCGGCTGCGTCTGCTCGCGGTACACCTGCTGACGGTGGCGCGCCACTTCCTCGGTGTCGTCGCTGCGCACGGCCTCGCCACGCTCGGCCGCCTGACGGCCACGCTCCACGATCCGCGACACCAGCGCCTCGTCCGGCACTTCCAGCAGGGGCACGGCGTTCACGGGCGCACCCAGTTCCTCCAGCAGCACGTCCAGCCCCTGCGCCTGCGCGGTCGTGCGCGGGAACCCGTCGAAGATCACGCGCACGCTGTCCATGTCGGCCAGCCGGTCGCGGATCAGCGCGATCAGGATCTCGTCCGGGACCAGTTTCCCGGCGTCCAGAATGGGCTTCACCTGCTGCCCCAGTTCGGTGTCACGTTTCACGTGATCCCGCAGGATATCCCCGGTGCTGATCTTCACGAGGCTCCGGTCCTGCGCCAGTCGTTCCGCCTGGGTTCCTTTCCCTGCACCGGGAGGCCCGAGGAAGATCACGACGTTGTTCTTCTGTCCAGTCACACTTTCCCTCCGTTAGACTCCCAGCATATCGGCTCCGGCGCTTCAGGGGGCGGCCCTGCTCAGTCCGGGCCTGTACCCCGGCAGGTAACGAGTCTGCCGCGACGGCCACCCCCGCCAACTGGCCCGCCAACCGGGGCACGCACGAAAAAACCGCCTGCGTGGGTGGCAGGCGGTTCCGGAAAAGGCCGTGAGGGTCAGTTGTTCAGGCGGCCACGGATGCGGCCCTTACTGATGAACCCGTCGTACCGGCGCACCGTGAGTTGCGCTTCAAGCTGCTTGAGGGTCTCGAGAGCGACGCCCACGATGATCAGCAGCCCCGTTCCGGAGAACTGGAAGGTGGTGATACCCGTGGCACTCTGCACCAGCTGAGGCATGACCGTCAGAATCACCAGGAAGGTCGCTCCCCACAGGCTCAGGCGACCACTGATGGTCCCCAGGAACTCGGCGGTCGGCGTTCCCGGACGGACGCCAGGAATGAAGCCGCCCGCCTCGCGCAGCTGCTCGGCAATGCGCTTGGGATCAAACTGCACGCTGTTGTACAGGTACGTGAACCCGAAGATCAGGGCCGCTTCCAGCAGCAGGTACAGCGGCTGCCCAAAGGTCAGGTTCGTCTGAATCCAGGCGTTCACAGCCGGCGCGCGGGTCACGGTCGCCGTGGCGATCAGGTTCGGCAGGATCAGCATCGCCGAGGCGAAAATCACCGGAATCACGCCCGCCTGGTTCACCTTGATAGGCAGCCAAGTGGCCTGACCAGCCCCACGGGCCTGACCGGCCGTGCCAGCACGCGCGCGGGCGTACGTGACGGGCACGCGGCGCTCGGCCTGGTACACGTACACGATGCCCGCGATGGTCAGCAGGATTACGGCCACGAAGGCCACCAGCGACAGAATCTGCACCTGATCGGTCGAGATCAGCTGCGCGGTCGCCGCGATTTCACGTGGGTACACCGC
NZ_CP115165.1_gap15	365056	368218	3162	ACGGACCTGCTTGGCGGTGCGGAGGTTCTTCAGGCCGTCGAACACGGCGTACGCCACGTTCACCTTGTTGCGGCTGCCGAGTTCCTTGCTGAGCATGTTGGTGATGCCAGCCAATTCGGCAATGCTGCGGGGCACGGTGCCGGCGATCACACCGGTACCAGGGCCGGCGGGCTTGAGCAGCACGCGGCTGGTGCTGTTCACGCCGACGATGTCGTGCGGGATGGTGCCGTTCTCGACGGGCACGTTGATCATGTTCTTGCGGGCGATGCTCTTGGCCTTCTCGATGGCCACGGGCACTTCTTTCGCCTTGCCGATTCCCATGCCCACGCGGCCGTTACGGTCGCCCAGGATCACCAGTGCGGAGAAGCGGAAGCGGCGTCCACCCTGGTAGGTTTTGCTGGTGCGGTTGACGAACAGCATCTTCTCTTCGAATTCGCTGCTCTCGCGGTCCGCATTGCGGTCGTTGCGTCGGTTAAAAGTCAAGGCCACCCTCCCGCGCCGCGTCTGCGAGCGCTTTCACGCGTCCGTGGTAGCGGTACTGTCCACGGTCGAAAACCACCTTGGTCACACCCTTGGCGGCGGCGGCTTCGGCCAGTGCCTTCCCAACGGCGGCGGCGGTGTCAGTCTTGGTCCCGGTCTTGACGGCGGCGCTGCTGGCAGCGGCGAGCGTAACGCCCTTGCTGTCGTCAATGATCTGGGCGTAGATGTGCTTGCTGGAGCGGTACACGCTGAGGCGCAGGCGCTCTCCGGCGGCCTGACGCACTTTGCGGCGGGCGCGGAGTTTGCGGCGCACGGTAGTCTGGGCAGCCATTATTTCTTCCCTTTCCCGCCGGTGGCGCCAGCCTTACCGGCCTTGAGGCTGATTTTCTCACCGGCGAAGCGCACACCCTTGCCGTGGTAGGCATCGGGTTTACGAACTTTGCGAACGTTGGCGGCCACCTGTCCGACGAGCTGCTTGTCGATGCCGCTGACGTCGATCTTGGTGGGTTCCGGAACAGTGAAGGTCACGCCGGCCGGGGGCTCGATCACGACGGGGTGGCTGTAACCGATGGTCATTTCCAGCGCTTTCCCGGCGAGCTTGGCGCGGAAACCGACGCCTTTGAGCTCCAGGTTGATGACGTAGCCATCGCTGACGCCCTTGACGGCGTTGGCCACCAGGGTGCGGGTCAGGCCGTGCAGGGCGCGGTGGCGCTGCTGGTCACTGGGACGCTCGACCAGCAGCTGGTCGCCGTCCTGCTTGACGGTCAGTTCCTGGTTGTAGGGAACGGTCAGTTCGCCTTTAGGGCCTTTGACCTTGAACACGCCGCCGGCGACGCTCGTGGTCACGCCGTTCGGAACGGCGATGGGCTGTTTACCAATTCGGGACATGTGCTGTCCTCCTTCCTTAAGTTCGGAGTTCCCGGTCTGGGGTCCGAGGGGTCAGGTGAGATCGTGTGCTCGCTGGTGGTTTCCCGGTGAGGGGATTACCAGAGAACGCAGATGACTTCGCCGCCGACACCCTGTTTGCGGGCGTCGTGGTCGGCCAGCAGGCCCTTGCTCGTGGAGACCACGGCAACGCCCAGGCCACGCTGAACGCGGGGCAGGTTGTCAGCACTGACGTACGCGCGGCGGCCGGGGCGGCTGATGCGCTCGATGTGCTTGATGACCTGCTCGCGCTTGGCACCGTATTTCAGGGTCAGGCGCAGCACGTCGAATTTCTGCCCTTCGGGCAGCAGGCGCTCGTAGGATGCAACGTAGCCTTCCTGCACGAGCAGTTTGGCCAGTTCTTCCTTGAACTTGGAGGCCGGGACGTCCACGGTCTCCTTAAAGGTGCGCGTCGCGTTGCGGATGCGCGTGAGCATGTCGGCGATGGGATCACTCAGCATGTATCTCCTCCAGGGGTCGGCGTGACAGGCACGCAGCCCCGGCGGGTGGTCCGGGCACCTGTCTGGTACCGGACGCAAGTCTCCCCTTGTGAATCTGTGACGGTGAAAATACCGCCGCTTCCTCTGTTGGGTTGGGAATCCACCTCTGGACGATCACCTCTCCGTAACGGGGGGTTCGTATCCAGGGGGCACAGCACGAACACCGCACGTGGTGCGGCAAGAAACCAGTGTATCAGACCGGCAGGCCTGCTGGCAATGCCTGACCGGGACGCCCGGGCCAGGAATGAAAAAACCCCCGTTGCCGGGGGAATTATTCTGAGGTACTGCTCTGAGGGGCTGGAACTTACCAGCTGCTTTTCTTCACGCCGGGCAGTTCGCCCTTGTGCGCCATCTCGCGGATGCAGATGCGGCACATGCCGAAGAAACGGTAGTAACCGCGGGCGCGGCCACAGCGGGAGCAGCGGCTGTAGTTCTGCACGGCAAATTTGTGGCCGCGGGCTGCCTTGACAACTTTCGAGGTGTTCGCCATATCAGTTCCTTATTTCCGGAAGGGCAGGCCCAGACCCTGCAGGAGGGCGCGGGCTTCTTCGTCGGTCTTGGCGGTGGTCACGATGGTGATGTCCATGCCACGCACCTTGTCGACCATGTCGTACGTGATTTCCGGGAAGATCAGCTGCTCTTTGATGCCCAGGTTGTAGTTACCACGGCCATCGAAAGCATTGGGGTTCACGCCACGGAAGTCACGAATGCGGGGAAGGCCGATGTTGATCAGCTTCTCGAGGAACACGTACATGCGCTCGCCGCGCAGCGTGACCTTGATGCCGACCGGCATGCCCTGACGAAGTTTGAAGTTGCTGATGCTCTTCTTCGCCTTGGTGATGATGGGCTTCTGAAGGGTGATCAGGCCCAGTTCTTTGGCGGCCTTGTCGATGGCTTTGCTGTCTTCCTTGGCGGAACCCAGGCCTTCGTTGATCACGATCTTCTCGATGCGGGGCGCGGCCATGACGCTGGAGTAGCTGAACTGCTCCACCAGTGCCGGGCGCACCTGCTCGTTGTACTTGGTCTTCAGGGTCTGCATGTTGCCTCTCTTCGGGCGGACGGGTCGCCCAGGTCACGCTGGCGCGTGACCCTGGAATTCAGTCGATGTTCTTGCCGCTGGCGACAGCGACACGGACTTTCTTGCCGTCCACGACCGTCTTGCGGATGCGGGTGGCCTTGCCGGTCTCGGGGTCCACGATGGACACCTTGCTGGCGTGCAGGGCCAGCTCGCGCTGTTCCTGGCCGCCCTGGGGGCTGG
NZ_CP115165.1_gap16	461701	462814	1113	GCATCAGGATGTCGGCCAGGATCATGTCGGGCAGCGGCTCGAGGTTCAGCAGGGCGTTCTCGGCGCTGTCGGCCATGCGGACCACGTAGCCCTGCGGGGCCAGGATGCGTTCCAGGGCCTTGCGGACGCTGACGCTGTCATCCACGACCAGGATGGTGGTTGGGGCAGGGGTGTGGGTCAGGTCGGACGGGTTCATGAGGCCTCCAGGGCAGAGTTGGGTGAGGTTGCCTGAGAGTGATCAATCTGCACGGCGGCTTCCATCAGCAGGCGGGCGGTGGGGAGTGTGATCTGTTTAGGGTAACTGTTCAGGGCGTCGGGGGAAATCAGGTGGAAGCGGAACTCGCCGGGACCCGAGACGCTCATCAGGTGCGTGGCGGCCTGCGTGGGTGGCATGGTGCCGAATTCCGCGTCGATGATCTCACCCCGGCGCAGCACGAGGTGCGCGGGTTGCGCGCCCAGGTGCAGGATCAGCAGGCCCGTCAGTTGCAGGTCCTGGGTGCACAGCAGCACGTCGGTCAGGCCCAGGGAGGTCAGGGTGCCGTGCAGGGCGGCGGCGTCCGGGTCGGCCCAGCGGGGCGCGGTCAGTTCGCCCAGGCGGGCCAGGGCGCGGGCCAGTCCCTCGGGGACGCTCAGTCCGGCGGGGACGGTCACGTCGTGCGGGCCGCCGTAGCGTTTGGGCAGTTGCGCGCCGGGAATCAGGATGATGGTCTCGGCGCTGGCCGGGTCGTCCCGCAGGATCTCGTGCAGGTCGGCGGGACTGAGGTCCTCGAGATGCGGGTCGATGATCACCAGGTACGGTTTCTCGCGTTCGATCTGCGTCAGGGCGTGGAGGCCTCCGGCGGCGGTGGTGGCGGTCCAGCCAGCCGCTTCGATCAGCGCGGCGTGCGACAGGGCGCGTGACAGGTGCGGCGAGACCACCAGGCAGCAGCTGTCGGAACCTCCCCAGGTCATGCGCTGACCTTCCCGGCGGGCAGCAGCGCGGTCAGGCGGCGTTGCAGCAGGCGTTCCTCGGCGGGTTTGGCGAGGTAGTCGCTGGCACCGAGTTCCATGGCGAGTTGCTGGTGTTTCTCACCGGCGCGGGTGGTCATGATCACGACCGGCAACCCCGTGTGG
NZ_CP115165.1_gap17	544302	546686	2384	CGGCCGGTGACCGGGGGCTGCGCCAGCTGGTCGGGGTGATCCAGTACCCGCACGAACACGTCGGTCAGGAACGGATCGAACTGCGTGCCGGCCCCGTCCAGAATGATGACGGTGGCCTGCTCGTGCGGCATGGCGGCCTTGTACGGGCGGGCGCTGGTCAGGGCGTCGTACACGTCGCACAGCGCGAAAATGCGGGCCAGCAGGGGAATCTGCTCGCCGGCCAGCCGGTCCGGGTACCCGGCGCCGTCCCAGCGTTCATGGTGGTGGCGGACCACCTGATGCGCCTGCGGGTGCAGGAACGGAATGCGGGCCACGAGCTGGGCGCCCAGCGGCGCGTGCTGCTCGACCACGACGCGCTCCTCGGGGCTCAGGCGGCCGGGTTTGAGCAGCACGGCGTCCGGGATGCACAGTTTGCCGATGTCGTGCAGGGCCGCGCCGTGCCGCAGGGCCGTGCGTTCCTCTTCCGGCAGGTTCAGCGCCTCGGCCATGCGCAGCGCGAGGTCCTGCACGCGCGCCGTGTGCCCCTGCGTCTCGAAGTCCCGCGCCTCGAGGGCGACGCCCAGGGTGTTCAGGGAGGCTTCCAGGGTGGCGCGCAGGTCGGTCAGGTGCGCGCTGCGTTCCATGACGCGCGTGCCGACACTGGCCAGCATGGACGCCAGCGCCTCGTCACTGGCCTGGAACGGCCAGTGCAGGGGCCGCAGCAGGCACAGCACGCCCAGCGGCTCCTGCTGGCGCGACAGCAGCGGCACGGCCATCAGCGCGCGGCGGGAATCGTCGAGGTGCGGCGGGCGGTACGCGGCGGGGGCGTCCATCAGGTCCGCCACGCGAATGATCTGCCCGCTCTGCACCGCCTGCCAGGACACGCCATGCCCGCGTTTCAGGTCCACCGGCAGGGCGTCCCAGTCGGCGTTGATCCCGGCGCGGGCGGCGCTGACCAGCATGTCGGTGGCGGGGTCGTAGCGCAGCAGGATGCTGTAACTGGTGCGCATCAGGTCGTGCGCCGTGTCGGTCAGGTGCGAGGCGATCTCCTCGTCGGTCAGGCTGCGGCTCAGGTCGCCGTGCAGCAGCGCCAGCTGATCGAGTTCCCGCCAACGTTCCTGAAGTTGTAGCAGCGCCGCGACCTGCTGCGCGAAGGTGGCGGCGTCCTCGATGACCTGCGGCGTGAACACCGAATCCGACGTGAACGAATCCAGGTTCAGGTGCGCGATCACCTCGCCGCCCAGCAGGACCGGCACGCAGAGGTTCACGCGCAGCCGCTCCCGCCGCCCCAGCCGCTCGAAGGTATGGCTGTGCCCCTCGGCCGCGCCGCCGTTCGCCGCCTGCCAGACCTGCTGAAGCTCCGCGCCGCGCACGGCCCGCGGCTGTCCCGCCAGCCACGCCTGCGCGCCCCGGCCGTACCAGTTCAGCTGCGACTGCTCGCTCAGGAACGTGCCGCGCAGTCCGTCCGGGTACCCGTCCACGGCGCACACCCGGAAGCGTTTGCCTTCGCGGATGTTCAGGCTGGCGGCCTCCACGCCCTCCACGTTGATCACGGCCAGTCGCAGCAGGTCCTGCCAGTCGGCGTCGGTCAGGGCGCGCCGTTCCGAGAGCAGCCGCATGGTGGTCCGCTGCGACTGCCACAGCGAGTACCGGGGGCGGATGTCCGGCGGCGATTCCGACGTCTGCGTGGCGGGGCGACCCTGCCGGAACAGACCCACCACCACGCGGTTGCGGCCGTTCGTCTTGGCGAGGTACAGCGCCTCGTCCGCGCGGTGCATCAGCTCACCGGACGACTCGTGCAGCAGCCGCGTGACCAGCCCGGCCGACAGGGTCAGGCCCGACCAGGGCAACTCGCCGGGTTCCGCCAGGCGGCCCTGAATCCGCTCGACCAGCGTGCGGGCCGGGGCCTCGCCGCCCACGTTCAGCAGCAGCGCGAACTCCTCGCCGCTCAGGCGGTACGCGGCGTCCGGGGAGACATCCTGCATGACCTGCCCGATGTACCGTAGCGCCCGGTCCCCGGCGGCCATCCCGTGCCGTTCATTCAGCGACCGGAACCCGTCCACGTCCAGCAGCACCAGTTGCGCGCCGGTCTCCAGCCGCGCCAGATCCTGATTGAAGCGGTGGCGGTTCCCCAAGCGGGTCAGGTCGTCGGTGTTCACCTGCCGCTGCAGTTCGGCCTGCGCGCGCAGCAGCCCCAGCCGGGTGTGCAGCAGCAACTGCACCAGCCAGGACGCCCCGGTATGCAGCGCCAGCATCAGCAGGTACGTGGGCAGCGCCGACAGGCCCGGCGGCAACGGAATGAAGAACAGCGGCAGCCCCACCCCCAGGTACGGCAGCGGCAGGTGCCACGGCCGGGGCTGGTACAGCGGCGCCCGCAGGTTCCGGCGCAACAGCGCCGACAGGCC
NZ_CP115165.1_gap18	567381	568797	1416	GGCGCTCTGGTGTGCGGGCCGGTGTCCGGGTGGGCCGGATGCCACGTCGGATGCGCGGCCGGGTTCATGAGCTGGGGGTGGCCCTCCCCCAGCGCGGGCATGTTGGGCAGCGCGGACGGCAGGCGCAGCTTACGGTGGGGGTATGACGATGCGTGGATGGGCAGCGGGTGCGGCGATGGCGGTGGCATTGGTGGCGTGTGGTCCGGGGCCGTCTGCTCCGTCGGACGGAAAGGGCGGAAATACCAGTGATGAGCTGGTGACGGTGACGGTCACGGACGCGTCGTACGGGGTGACGTTCACGTACAACACGCAGAAGTCCTTCGTGGTGAGCCGGTCGGCGCTGCCTGATTTTGGGCAGTCGCAGGCGGAGCGGGAGATGCTGGCGGCCATCAATGCCGAGCGGGCGCGGGGTGGGGTGTGTCCGTCCGGGGTGTTCCCGGCGGCGGCGCCGCTTCAGTTCGAGGGGAACCTGCATAAGGCGGCGACGCTGTACGGCCGGGAACTGGCAGCGTCCGGGAAGATGGAGTTACCGCACCGCAGCCGGGTGGATAACCGGGTGCCTTCGCAGCGGATGGTGGACGCCGGGTACCGTCCGGTGCCGCCGAATGGCATTCAGTGGGTGTTCGGGGAGAGTCTGGCAGCCGGGATGAACCTGACCAGTCCGGCCGAGGTGATCGCGGCGTGGAAGGGCAGCACGTCGCACTGCGCGGCGCTGTTCGAGAAGGTACTGGACGGCACGGCGGCGCAGGTGACCGGCTCGGCTGGAACGTACTGGGTGCTGAACATCGCGGGCTGGTAAAGACAACGGTGTTCAATCCTCTGCCCCCCGGCCTTCTACGTGGTCGGGGGGTTGCTGTTCGTGCGGGGGGCGCGCCAGCCGAGGGTGCCGGTCAGGGCGGCGAGCAGCATGCTGCCCAGCACGAGGGGGGTGACGGCGGTCCAGCCGCCGCGTTCGAAGGCGTGTCCGGCGGCCAGGGAGGCGGCGGCGGCCCCGCCGTAGTACGCGAGGTGGTACAGGCCCGAGGCGAGGCTGCGGGCGTCGGTGACGTGGCGCTGCACGGCGTTCAGGGCGGCGGCCTGCGCGAGGAACACGCCGCAGGCGGCGGCGGCGACGCCCGTGATGACCAGCGGGAGGGGTGCGGCGAGGGTCAGGAGGAGGCCGGCGCTGCTGGTGGCGGCGGCGGTCAGCAGGCCCGTGCGGGGGCCGCGCGCGGCGAGGAACGGGGCGGCGACGGGCGTGATGATCACGCCGAGCAGGTACACGGCGAAGACCGCGCCGGTCTGGGCGGTGTTCAGGTCGTAGGGGGGCGCGGCGAGGCGCAGGGTGAGGGTGTTGAAGGTGCCGACCAGCGTGAACAGGATCAGGAACCCGACGGCACAGGTAGCCAGGAGCGGCGGGTTGTGCAGGTGGGCGCG
NZ_CP115165.1_gap19	579086	580122	1036	CGCACCATGCGCGCCGGAAACGCCGGGGATTACTCATGGGGAGGCGCGGCCGGCACGTACTTCTGGGTTGACCCGGTCGAGGACCTCACTGTGATCTTCATGACCCAGCTGCTGCTCTCGCCCGACCGGGTCCGCGACGACCTGCGCACCTTCGTGTACGCCGCCCTGACCGACACGCCCACCACGCCCCGCAGCCTCGCCTGAGACAGAATCTCCTCACCCCCTGCTACGCAGGGCCCTCTCCCCACGGAGAGGGTTTTTTGTTTGTGTAGGGACACATTTACATTTCTGTACCCGTCTGCTTACACGGGTGGCTTACTCTGGATTCAGTCACCCCCAGAGGGGCTGCACTCCGGACGAGAGCACCGCCGTACCCGGTCAAGACAAGACGGCGCGACACTCTGGAGGTGTCACATGGCATGGACGCTGCTGTTTATCGCCGGTCTGCTGGAAGTCGGCTGGGCCATCGGTCTGAAGTACACAGAGGGCTTTACCCGCCCGCTCCCCACGGTTCTCACGGTGGCCAGCATGATCGCCAGCATGGCGCTGCTGGGGCTGGCGACCAAGACGCTGCCTATCGGCACGGCGTACGGCGTGTGGGTTGGCATCGGCGCGGTCGGGGCCGGGATTCTGGGCATCGTGCTGCTGGGCGAGTCGGCCAGTCCGGCGCGGCTGGCGTTCATGGCGCTGATGGTCGTGGCGATCATCGGCCTGAAAGTCACGAGCTGACGGGCTGTCTCGGCTAGGCCGATTGCTCCGCCGGGTTCAGGCGTCCACGCCGACCGCTTCGCTGACGCTGCGCAGGCCGTCGCGTTCCAGCAGGGCGGTCAGCCCGGTGTGGAGGCGGCGCACAAGGCCGGGGCCCTCGTAGACCAGGGCGGAGTACACCTCGGTCAGAGAGGCCCCGGCGCGGATCTTGTCGTAGGCGTCCTGTGCGGTGAAGATGCCGCCCACGCCGACGATGGGGGTGCGCCCGGCGGTCTGGCGGTACGCGGCGCGGATCAGCTCGGTGCTGCGGGTGGTCAGGGGGCGTCCG
NZ_CP115165.1_gap20	586481	590782	4301	CCCGCGCGGCTGTTCGGCTGAGGAACGGGCGGCGGTGATGGAGTGAAGCTCATTGTCTCCATCACCCATTAGCTATCCCCCATCAACAGACGGGCGGCCCGGTCGCTGTGACCGGGCCGCCCTGTTAGTGCGTGCGGGGTTAGTGGCGTTCGCTCTGAAGCTGGCCGCCGCCGACGGCGTCGTCGAGTTTGATGGCGCCGTGCTTGCGCATGAGGCTCAGGGCTTCGTCGGTGCGGGCGCCGCTGGGGTCGCGGGCGATGACCATGACGTGGCCGCCCTTGAGGCCGGCGTAGAACTTCTCGGCCTGCGCGGCCGGGACGCCCATGCGGCGCAGGAGGCTCACGTAGTCGCCGTGGTCGCTGCCGGCCAGGGCGCCGAACAGCGCGCCGAGGGCGCCGCCGCCGATCACGCCGAACAGCATGCCCAGCAGGCCGCCTTCCTGGTAGATGCGGGTGACGGGCACGATCAGCAGCAGCAGCCAGATGGGGGTGGTGATGGCGAGACCGCCGATGATACCCAGGAAAGCGCCGCGCAGGACGCTGGCGGTCCCAGCGGGCTCGCCGGCTTCGGGGCTGACCCCGGTGTTCTGGGCGATGCCTTCCTCGGCGACCACGTCGGTCAGGGCGAAGCCGAGGTGTTCGCGTTCGAAGCCACGCTGTTGCAGGGCCTGCAAGACACCCTGCGCCTGTTGGGGTTCGCGGAAGAGAGCAACGACACTTTCCATACCAGCGTTTTAGCATGAGGAGCATGTGACTGGCGAGGGACAAGCGGGCAGGGCCGCCCCGGCGTTTGCTTCATGTTCGGGTGGCGGGGCATGCTGCGCGGGTATGTCACTGCCGACTTCCGCTTTGCTGCTGCTGGGTTTCGCCATCGTCTCGGAGGTCGTCGCGACGGCGGCGCTGCGGGCCAGTGAGGGGTTCTCCCGTCCGGGGCCGTCGGTGCTGACGGTGGTGGGGTACGGCGTGGCGTTCTGGTTGATGGGTCAGGCGCTCAGGACGCTGCCCGTGGGGTACACGTACGCCGTGTGGAGTGGGGTGGGGACGGCGCTGGTGGCGGTGATCGGGTGGGTGTACTTCCGGGATGCGTTCAGCTGGCCGGCGCTGGCGGGCGTCGTGCTGATCATCGGTGGGGTGGCGCTGCTGAACGTGGGGGGCGGGCACGGCAGTCAGTAGGGCCAACTGAAGGGGAGGGGGACGGCCGCTGGGGGCACTGGGGGGGCCTCTTGGAGGGGAGCGGTACGTTTTGCCCCGCCTGCGTTTCCTATACTGGGTTCATGACTGGTGTGGCCGCCCTGTGCGTTCCGGATGCGACGTTCGACGCGCGTCTGCGTGAGGTGCTGCGCTCTGACGTGGAGTTCATCGAGTTGATCGGTGACGATCTGGTCGCGGCGGGCGGTAAGCGCGTGCGGCCCACGCTGGTGCTGCTGGCCGCGCAGGCGCTGGGGGCGCGTCCGGGCGGGGCGGCGGGCGGCCCGGGCGGGTGGGGTGACGTGCTGGATCTGGGCGTGGGCGTGGAGCTGCTGCACTCGGCGTCGCTGCTGCACGACGACCTGATCGACGATGCCGATACGCGGAGGGGTCAGCAGGCGGCGTTCCGGCGGTTCGGGAACGTGGTGAGCGTCATGAGTGGTGATTTCATGCTGTCGCGGCTGCTGGTGCTGCTGTCGGGCCTGCCGGGCGGTCCGGTCCTGACGCGCATGTTCGGGCAGACGGCCAGCGTGATCTGCGAGGGCGAGGTGCTGCAGTTTCAGCTGGCGGCGTACCAGGAGTACGAGGTCCGCCATTACCTGCAGGTGATTCACGGCAAGACGGCCGCCCTGACCCAGCTGGCGGCGTCGGCTCCGGCAGTGCTGCTGGGCGCGCCCACGCACGTGCAGGAGGCCCTGGCGACGTTCGGGCGCGAGTACGGCATGGCCTTCCAGATGCAGGACGACCTGCTGGACCTGTCGGGCGAGGAAGCCGTGATCGGTAAGCCGGTGGGCGGCGACCTGCGCGAGGGCAAGGCGACGCTGCCGGTGCTGGCGCTGCTGGACGGCCCGCACGCCGACGAGGTGCGCGCCATTGTGGAACGCCGGGCCGCGCAGCCGGGGGACGTGGAGCGAGTGCGGACGCTGGCGGTGCAGTCGGGCGCGCTGGAGCGTACGCGCGATGAGATTCGCCGCCGGGCGCGGCTGGCGATCGAGGCTCTGGGGGCACTGCCGTCCTCGGAGGCGCGCTCGGCGCTGGAAGGACTAGCGCAGCGCGAGATCGAACGCCTGACCTGACGGCACCTGGCAGCAGAATCCAGGGAGAGATGGGCGGCGACTCCACACCGGGAGTCGCCGCCGCCCTGTTTGCGGGGTCCAGTTGTGCGGGTTCAGGTCAGGTGATGTCCTGCCGGTCAGGACGCCGGGTGGTGGGTCGAAGATGGAGTGGGCAGGGCGGTTCTGACCGCCGCAACCTGCCGTTTGTCAGGTCAGCGGGAAGCCCGGCGCAAGAATGATGCGCTGGAAACGGTTCATGTTTTTCGCGTGAGGAGCGCAGTAAACCGGGGTTGACGCCAGATTGAATACTGGATACAACTTGGGGCGTAAGATCCGTTCAGCCCACCCTGGCAGCGGGCCGACCGTGGCCTCGCACCTGTCTATGCGACTGCGGCGGGCCGTGTATGCTCTGGGGGCCAAACCCTCAGTTCACCACCCAGACTTCCCGGACCAGACTTCCCCGGAAGCACCCACCCCCCTTCCCCATCCGGAAGGACAAGGAGACCGTTCATGCGGGCATCAGGACTCAACTGGCAGGGGCTCATGGAGCAACTCCAGCAGGCACTTCCCCACTGCGAGGTCACCGACCAGTCCCTCGCGTACTTCAAATACCCCAAACGCACCGTCAGCGTGAACCTCCCGGTCCGCATGGACGACGGCAGCATCCGCGTGTTCCGGGGCTACCGCACCGTCCACAGCACCTCACGCGGCCCCAGCATGGGCGGCGTGCGCCTGCACGCGGGCCTGAGCGCCCACGAGTGCGAGGTGCTCGCCGCGATCATGACCCTCAAGGCCGCCGTGGCCGACCTGCCGCTCGGCGGGGCCAAGGGCGGCGTGGACGTCGATCCGGCCGAACTCAGCGCCCACGAGATGGAAGGCCTGCTGCGCCGCTACACCAGCGAACTGGTCGAACTGATCGGCCACAGCGAGGACATCCTGGCGCCCGATGTCGGCACCGACGCGCAGGCCATGGCCTGGATGCTCGACACCTACAACGAGAACACCGGCCAGACCAGCAGCGGCGTGGTGGTCGGCAAACCCCTGGCGCTGGGCGGCAGTTACGGCAGCAAGGACTCGCGTGGCCGCAGCGCCGCCCTGGTCGCCGCGCGCGTCCTGCGCGAGAACGGCGAGAGTATCGAGCGCGCCCGCGTGGCCGTGTACGGTTTCGGGGACGGGGGCCGCAAGGCCGCGCAGACCCTCGCGGCGGCCGGCGCGCTGATCGTGGCCGTCAGCGACCAGGACGGCGCGGCGTACGCCAGCAGCGGCCTGGACCTCGACGCCCTCAGCGCGCACCGCGAGGCGAACGGCACGGTGCGTGGGTTCGCCACCGACATCACGGCCGACGAGGTCATCGAACTGGACGTGGACCTGCTGATGCTCGCCTACGACTACGGCAGCGTGAACGCCGGGAACGCCCACGCCGTGCGCGCCCGTTACGTCGTGGAAACCACCAACCGCGCCGTGCTGCCCGACGCGGAACGCTTCCTGCACGCCCAGGGTGTCACGGTCGTCCCGGACCTGATCGCCAGCATCGGCGGGGTCGTCGTGAACTACCTCGAATGGGTGCAGGACGCCAGCAACTTCTTCTGGAGCGAGGAGGAGATCGAGTCGGCCATCGACGTGCGCGTGGACGCCGCCGTGGACGCCGTGCTGGAATTCATGCGCACCCGCCAGACCGACATGCGCACCGCCGCGTACGCCCTGGCACTGAACCGCCTGCACAACGCGACCGTCATGCGCGGCCTGTACCCCTGATCCCCCACCCCTGACCCGCACGCGGCCCCACCGGCCCGTCGCCCTGCGCCCCCCTGCTTTCTCCCCTCCGAAGGAGGCCCCACCATGACCGCCACCCAGGACCCCGCCCATCAGGACCCCGGCCACCAGCCCCAGAAGAAGTACGGCGCGCACGACATTCCCAGTTACCTCGACCCGAACAACCTCGGGCCGTACGAGATCTACCTCGAGCAGGTCGAGCGCGTCACGCCGTACCTGGGCAAACTCGCGTACTGGGTCGAGACCCTCAAGCGGCCCAAACGGATTCTGGTCGTGGACGTCCCCA
NZ_CP115165.1_gap21	598297	600077	1780	TGGCGGCTGTACCGGCACGTGATGGCCGGGAACAAGGTCGAGCGGCGCGTGGCCGTGCCGCTGTACCTGTACTCGATGCTGTACCTGGCGCTGCTGTTCGTGGCGGGCGCGGCGGACCGCATGGTGTTCGCTTACCTGCTGTAATCCTCCGCACGTGTGCCCTGCAGGTCCCATCCGTTTCCCGGTGGGACCTGCCTCATCTGTGCTTCATGGGGGGCGCGCCGGGGCGGGTAGCTACACGGCCCTCATGCACGGCGCGCAGCGGGTGGGCATGATGACAGGGTTCAGAAGCGCCCCCGCCGCGCCGACTGGAAGGTGATCAGGACACTTGCCCGTCCCTCATGGTGTCTCATGGGGGGTATGCCTGACCGGTCGGTAGAATTCGGGGCGCGCGTGCCGCTCTGGCAGAACGCACGTGGGCGTTCCGTGTGACGCGCACAACCCCGCATGACGCTTTAGACTGCAAGCAGAGGAAAGGAGTGAAGTTGAACACCACCAAACACCGCCACAGCGGCACACGGAGGCGACCCATCACGCGGCCCATCGCGGCGGCGTTGCTGGGCGCCACACTGCTCACCGGCTGTCAGCAGGCCAACCAGTCCCTGTTCATCGGGGACATGTCGTCTGCGTACAACCGCGAAATCTGGTGGATGAGCGTCTGGGCGATTGTCCTGTCGATCATCATCTTCGTCGGCGTGTCGTACGCGCTGTTCTACACGATCAACAAGTTCCGTGAGGACAAGCACGACGCGCCCCCCGCGCAGTTCCACGGGAACAACCGCCTGGAGGTCATCCTGGTGGCCGTGCCCGTGGTGATCGTGTTCGGCCTGAGCATCCTGACGGTACGCTCCATGGCGATCCTGAACCCCACGCCCGCCCAGGCGACCAAGATCGACGTGCTGGGCAAGCAGTTCTGGTGGAACTTCGCGTACCCCGAAACGACCAGTGACGCAGGCGGCGTGGTCACCAACGGCAACGAGATCATCATGCCGACCAAGCAGCCGGTCGCGCTGACCATCACCAGCGGCGACGTCATCCACGGCTTCTGGGCGCCGAACATCGGTGGCCAGCGCGCCGCCATGCCCGCCGTGAAGAAAACCTGGCAGGTCGACACCGACCGCGCCGGCGTGTACCAGGGCAACTGCTCGCAGCTGTGCGGCGGCTCGCACGCCAACATGCGTTACAAGGTCGTGGCCCTCGACCAGGACCGGTACAACACCACCCTGGCCGCCATGAAGGCCTACCGCGCCCCCGAGCCCGCCCCCGGCAGCGCCGAGGCGCGCGGCTACGCGCTGTTCATGCAGGGCAAGGCCAGCACCCAGGCCGTGGCCTGCGCCGCCTGCCACCGCGTGCAGGGCACTCCCGCAGCGGGCGCGGCCGGCCCGGACCTGAGCTTCTTCGGCACGCGCCGCACCCTGGGTGCCGGCATGTGGGAAGCCATGACCGCAGCGCAGTGGACCGAGCCCAAGGCCAAAGAGCAGCTGCACGAGTGGATCAAGCACAGCCCCGCCGTGAAACCCGGCAGCCTGATGCCCTCCTACGACGGCAGCGAGTACCTCAGCAAGGGCCAGAAACTCAAGGGCGGCGTCCTGACCGACGCCGAGATTGACGACATTTCCGCGTACCTGCGCAGCCTGAAACTGCCCGAGGAAGCGGACTACTGGAGCGGCACGCCCATCAACGGCGCGAACGCCAGCGGAGGCACCCAGTGACCGTTCAGCACGCACCACTTCAGGAGTCCAGCGCCCGCCCCGGTGCGTGGGCCGTCCTGAAGGACTAC
NZ_CP115165.1_gap22	632934	635859	2925	CACGCTCTCGGCGAGGTTCAGTTCGCCCGGTTCCTTGCGGAAGTACGCGTGCGCCGCGCCGGCCGCCCCGATGATGTCGCTGTTGCCGCCGTCTCCCCAGTAGATGACGTTCAGGTAGGCGTTCAGGATCTGGTCCTTGTTGAAGTTGCGTTCCAGCTGGAAGGCCAGGATGGCCTCCTTGAACTTGCGCTCGGCGGTGCGGGCGCCTTCCAGTTCGGCCAGCAGGGTGTTCTTCACGACCTGCTGCGTGATGGAGCTGCCGCCCTCCAGGTCGTTCTGCAGGACGCCCTTGACCAGCCCGCGCACGATGCCGATGTAATCCACGCCGTGATGCTGGTAGAAGCGGCGGTCCTCGCTGGTCACCACGGTCTTCTGGAGCCACGGGCTGATCTGCGAGGATTTCAGCAGGTTGCGGTTCACGCTGCCGCCGCTGCTGAGGCTGGGCGACAGGGTGCCCACCAGACTGCCCGCCCGGTCGTACACGCGGGTCTGCCCGCTGTACTCCAGAACGTCCAGATCGGACACGCTGGGCAGGTCGCGGCCCCAGGCGTACCACGCGCCGCCCACCCCCACCGCGCCGATCAGCAGGACGCCACCCAGGACATTGAAGAACTTCATCCGGTCCACTCTAGCGGGCGCGGCGCTCCGGTCAGGGGATGGGCGTCACGGTCAGGCCACACGCGGCTCAGGCGAGGCGCGGCCGTGAGGCCCTGAGCCGCGGGGACCGGGGTGGGCGGCAGCTGGGGGGCCGTCATGCCGGGCAGTATGCCCGCGCTGCCCGCCACGTCACATCCCCCCAAAGCATGAGCCAGGAGCGCTGAGCAGGGAGCGCTGAGCAGGGAGCACTGAGCAAGGAGCACTGAGCAAGGAGCACTGAGCAGGGAGCGCGGCGGTGGGCCGTGTGGCTGGGAGGGGTCTGGCAGCGGGTACCATGCGGGCACTCCCACTGCGGGACTCCCGGACCATGACCCAGACTGCCCTCACCCCCAGCGACCCCACCACTGTGACCCCCACGGCTGCGGCTCCCATACCTCTGGCCGAGACGACCCGCCGGCTGGCCCCCATCGTCCGGGCTGCCGGGCAGGCCGTCAGCGACTACCGCATGATCGAGAGCGGCGACCGGGTGATGGTCTGCCTGTCGGGCGGCAAGGACAGTTACACGCTGCTGGACGTGCTGCTGCACCTGCAACGCAAGGCCCCCGTTCCGTTCGAGATCATTGCCGTGAACCTCGACCAGGGTCAGCCGGGCTTCCCGACCGACGTGCTGCCCCGCTACCTGAGTGCGCTGGGCGTGCCGCACAGCCTGATCCGGCAGGACACGTACCGCGTGGTCAGGGAGAAAACACCGGCCGGCAAGACCACCTGCGCGCTGTGCAGCCGCCTGCGCCGGGGCGCGCTGTACCGCCACGCCCGCGAGATCGGCGCCACGAAGATCGCGCTGGGCCACCACCGCGACGACATCCTGGAAACGCTGTTCATGAACCTGTTCTTCGGCGCGCGCCTGAAGGCCATGCCGCCCAAGTTGCAGAGTGACGACGGCACGAACGTCGTGATCCGCCCCCTGGCGTACGTGCCCGAGGCGGACATTATCCGGTACGCGCAGGCCCGCGCCTTCCCGATCATTCCCTGCAACCTGTGCGGCAGTCAGGAGAACCTGCAACGCAAAGTCGTCGGCGAGATGCTGCAAAGCTGGGAGCGCGAGCATCCGGGCCGCCTGACGAACATCGCCCGCGCCCTGACCCGCGTGACCCCCAGCCACCTGATGGACCCCAGTCTGTTCGACTTCGCGTCCCTGAGTGTCACGCCCGCCGAGGGCGACCGGGCCTTCGACCCGGACGAGCACCCGCAGCGCGAGTTCCTGAGCGGCGTGCAGGAACTGGAAATGCTCGGCTGAAGCCGGCCAGCCGCCTGACGTGACAACGGGGCCACGCACCCTTCAGCGCGTGGCCCCGTCCTGTGGTGGGGGCGTCAGGTCGTTTCGGTGTACGCGCCCAGGCGGCGGAAGCGGGCGGCGCGGCCTGTTTTCAGGTCGGCGGGTGCCTGCTGCATCAGGTCGCGCAGGTGGCGGGTCACGGCCTCGCCGACGGCGTGGGCGGCCTGCTGGGGGTTCAGGTGCGCGCCGCCAGCGGGTTCGGGGATGACTTCCTCGACAATCCCGAGTTCCAGCAGGTCCGGGGCGGTCAGGCGCAGCGCCTCGGCGGCCAGGGGGGCCTTGCTGGCGTCCTTCCAGATGATGCTGGCCGCACCCTCGGGCGAGATCACGGAGTACCACGCGTTCTCCTGAATCAGGACGCGGTTGCCCACGCCGATGGCGAGCGCGCCGCCGGAGCCGCCCTCGCCGATCACGACGTTCACGACCGGCACGCGCAGGTTCAGCATGCGGCGGATGCTCTCGGCAATCGCCCAGCCCTGGCCGCGCTCCTCGGCTTCCAGGCCGGGGTAGGCGCCCTGGGTGTCCACCAGCGCCACGACCGGCAGGCCGAACTTGTCGGCAAGGTCCATCAGGCGCACAGCCTTGCGGTAGCCTTCGGGGTTGGCGCTGCCGAAGCGGCGTTTGATCTTGCTTTTCGTGTCGCGGCCCTTCTGTTGCAGCAGCAGCATGACGGGCACGCCCTGCCAGCGGGCGGGACCTCCGATCAGGGCAGGGTCGTCGCCGTAGCGGCGGTCGCCGTGCAGTTCCGTGAACTCGGTGCACAGGTGCTCCACGTAGTCCAGCGCGGTGGGGCGGCCGGGCGCGCGGGCCAGTTGCACGCGCTCCCAGCGGGTCGGGGCGGCCTTCGGGCCGGGGGTGTGGGCGGCGCGCAGGCGGTCCACCTCGGCGCGCAGGGGGGTGATGGCCGCGTCGAGGTTCTGGCCGGTGTTGCGGGCCGTGACTTCCAGGTCGTGAACGCGCGCCTCGAGTTCTTTCAGGGTGTCGAGGCTGGT
NZ_CP115165.1_gap23	643166	645908	2742	CCGGGCACGCTGGGCGCCTGCTGCGGCGTCAGGCCGCGCCCGTCGGGGCTGGGGCGGCTGGCGATGGTGCCGCCCGTATGAATGACCGCGAGTCTGGGTGGGGTGGACATGCCCGTGATGCTAGAGCAACCGCGCCCCGCCGCTCCCCGGTCTGTCCGGACGGGCGGCGGAGCGCGGTCTGCGGGTCCGGTTCTGAGGTCCGGGTCAGCGGCGGCGCAGTCTGGCCCACACGAACGACAGACCGAACACGGCCAGCGTCAGTGGGAGCTCGGCGCTCAGGGCGGCGTTCAGGGGCGTGCCGGCGGCGGTGCGCTGCCACAGACCGATGCCCAGCCACAGCAGCGCGGCGGCCAGGGCAATGGCCAGGGGTGGCAGGCGGTTCATGCCCCTCAGCTGTGAGCGGCATCGATCAGGGCCTGAGCGCCCTGGGCGAGCATGTCGCTGGCCAGTTCGGCGCCCATGTCGGCGCACTCGCCGGGGTCGCCCTGCGTGGTGGCGCGGATGACCTGCGAGCCGTCCAGCGCCGCAACCCAGCCTTCGAGGGTCAGGATACCGCCCTTGACGCTGGCGTGCGCGCCGACGGGGGCCATGCAGCCCGCGCCGAGGCCCGCGAGGAATTCGCGTTCGGCGGTGATGCGGTCGTCGGTGGTGTGGTCGTGAATGGCGTACGCGACCTCGATGGTCAGGTCGTCGTCCGAGCGGGTCTCCAGGGCCAGGGCGCCCTGGCCGGGGGCGGGCAGCATGATGTCGGGTTCCACGAACTCGTCGATGCGGTGGCGCATCTCGGTGCGGATCAGGCCGGCGGCGGCGAGGATGATGGCGTCGTACTCGTCGCCGGCCAGCGCGGCGAGGCGCGTGTCGATGTTGCCGCGCAGGTCCACGACCTGCAGGTCCGGGCGGTACGACAGCAGGAAGGCCTTGCGGCGCACACTGCTGGTGCCGATGCGCGCGCCGTGCGGCAGGTCCGCGAGGCGTTTACGGCCTTCCTTGCCGATCAGGACGTCGCGGGCGTCCACGCGGCGAGGAATGGAACTGACTTCCAGGCCTTCGGGTTGCTCGGTGGGCAGGTCCTTGAGAGAGTGCACGGCAATATCGATGCGTTTTGCCGCCAGGGCCTCCTCGATCTCGGTGATCCAGAAGCCCTTATCGCCCTTCTGGGCCATGGCCGCGAGGCTGCCGCGGTTGCGGTCGCCTTTCGTGCTGATGGTCTGAATGCGGAAGTCTGTGTCCGGCCATTCTTCCTTCAGGCGGCCAACCACCCACTGGGTCTGTGCGAGCGCGAGAGTACTGCCGCGCGTTCCTACCGTCACCATGCGCATAACCCGCACATTATACGGGTTGGCGGGTACGAATCGTCCCGGATGGGGCGGACATGAAGGTCAGGGGGCGGGCCGCTGCGTGCGGGGCGGGCCTTTTCTGGCGCTGGGAGCGTGCAGAATGCAGGCATGACTTTCCCGGCAGGGTTCGTGTGGGGTGTGTCCACGGCGGCGTATCAGATCGAGGGTGGCGGCGAGGCGGGGGGCGGCGGGGGCCGGGGGAGCGTGTGGGACCTGTTCAGCTGGGCGCGCGGCGTGCCCGGAGGCGAGGCAGCCAGCGGGCACGAGGGGCTCTGGCCGCGTGACCTGGACCTGCTGCGCGACCTGGGCGTGGGTGCGTACCGGTTCAGCGTGGCGTGGTCGCGGGTGCAGCCGGGCGGGCGTGGGCGGGCCAGCGTGCCCGGACTGGCCTTCTACGACCGCCTGACCGATGAGCTGCTGGGCCGGGGCGTGCAGCCGTGGGCGGCGCTGCACCACTGGGATCTACCGCAGGCCCTTCAGGACGCGGGCGGGTGGCTGGCCCGCGACACGGCGTACCGTTTCGAGGAGTACGCCTCGCTGGTCGGTGAGCGCCTCGCGGACCGCGCGGCGGCGTTCGTGACGCTCACGGACCCGTTCACGGTGACGGCGCAGGGGCATGTGCTGGGCACGCACGCGCCGGGGCTGCGGCTGGGCCTGGACGCCTTCCCGGCGGCGCACCACCAGCTGCTGGCGCACGGGCTGGCGGTGCGGGCGCTGCGCGAGGCGGGCGCGCGGCAGGTGGGCCTGGCGAACGGGTACGCCCCGGCGTGGCCCGCCACGGACCGCGACGAACGGGCCGCGACCCTGATGAGCACCCTGCGCGGCGACCTGTTCACGGACCCCCTGCTGCGCGGCGAGTACCCGGCCACGCTGCTGAACCTGCTGTCCGAGCGCGCGCCGCAGGTGCTGGAGGCGGTGCAGGCCGGCGATCACGCGGTCATGGCCGCGCCGCTGGATTTCCTGGGCGTGCACTACACCCAGCCGGACTGGGTGCGCGCCAGCAGCGGCACCCTGCTGGGGCTGGAGGTCGGGCACGTCCCGGACCGCGAGCGCACAGCGTCCGGCGCAGCGGTCGTGCCGGAGGGCCTGACGCAGACGCTGACCGGCCTGAAAGCTCGCTACGGCGACACCTGCCCGCCGCTGATCGTGACGGTCGGCTCCGCCGGGGCCGCAGACACCGACATCCCGGACGATGGGGGCCGCGTGCGCGACGACGCCCGCATCCGCTACCTGGACCGGCACCTGGAGGCCGCCTCCGACGCGCTGACGCAGGGCGCACCGGTGCGGGGCGTGTTCGTGCACAGCCTGCTGGACGGCTTCGAGTGGAACGCCGGGTACAGCCTGCGCACTGGTCTGGTGCACGTGGACTCCGGCACGCTGGAACGCACGCCCAGAAGCAGTTTCC
NZ_CP115165.1_gap24	651130	654075	2945	CGGTTGGGGGCTGGTGCTGATCGTGCCGGGGCAGTTACCGGCCCGTTTTCAGGGGCAGCTCCGCGCGCCGGACAACAACGCAGCCGAGGTGCGCGCGGTGCTGGAGGCGGTGCGGGCCGCGCCGGTCGGCGAGGCGCTGACGGTGCATACGGATAACGAGGCGGTGATCGCGTCGGTCGGGCGCGGGCGAGGGCCGGAGGTCCTGACGGACGCGGCCCGCGAGGTGCTGGAGGAGGTCGCGGCGCGGGGCGTGGGGCTGCGCGTGCGGTACGCGCCGCGCACGCGGCGGCACATGCTCACGGCGCACGAGTTGGCGAACGACGCGCGGCGGGGGCTGGGCACGCCGGGCCTGACGGCCGCCCGGTCGGACGTGCTGATCGAGCAGCGCGCCGCCGGGGACGAGGCCCGCGTGAGCCTGCGCCGCCCCGGTGAGCGCGTAACAGCGCACGTGCCGCTGGACGTGATGTCCGAGGTCCCGCCGAGCGCGCAGGCACTGCTGGCCGCCGTGGGCCTGGCCCTGCCGGGCGAGGTGCTGGTGGTGCGGCGCGCCAGCCGGGTCGCGCAGGCGCTGTGGCACCGGCCCGAGCGGGCGCTGCGGGCGGGCGCGCAGGCGACGCTGCAACTCGCGCGCCGCGCCGCCGACGAGAACGGCGTGCAGGTCGAATTCCTGGGCGTAGGCTGAGGGGAACGGTGATGGTTGAAGGTTGATGGTTGAAAGAAGCGCGGCTCCATCAACTATCAACCTTCAACCATTGACTCTCTGCGCGCTACGCTGGGCAGCATCATGAGGTTCTCTTCGTTCGCGGTGGAAAGTGGTGGGGTGGCGGTGGCTGGTGGGCAGGGGTCCGAGGTGCGCGTGTGGGGCGAGTCGGACGTACTGGTGGTGTCGGCGCCGCTGCCTGGGGTGCTGCGGGTGCGGTTGATGCCGGAGGCGCGGGCGAACTCGCTGGGCTTTCCGCGCGCTCCGGTCAAGCAGAGTTTCGCGGTGCGGCCGGACCTGCCGGATGGCCTGAGCCTGAACGCGGCGGATCTGGATGACGAGTTGCTAGTGATCGGGGGTGGGTTGTCGTTCCGGCTGAACCGCGTGTCGGGGGCGTGGCAGGTGCTGACGGGGAGTGGGTCGTCGGCGCGGGTGCTGGTGTCGACCCCCGTGTGGGGCGGCGAGGCTCCGGCGCAGCGTCCGGCGCTGGATGCCGAGCGCTTCAACCTGCGCCGCTCGCGGCTGAGCCTGGAGGCTCCGGAGGGCGCGGCGTTCCTGGGGTTCGGGGAGCGGGTGGGGCCGATCGATAAGCGCGGCATGCACCTGACCTTCTGGAACACGGACTGCTTCCCGCATCACACGGAGACGGACCCGCTGTACGTGTCAGTGCCGTTCACGACGGTGCTGCACGGGGGCCGGGCGCACGGGGTGTTCGTGGATGAGCCGTGGCGGATGGAGGCGGACGTGGCGCGCGCGCATCCGCACGAGGTGCGGTGGGCGTCAGCGGGGCCGGAACTGGACGTGTACGTGCTGTCGGGGCCGCGTCCGGCGGATGTGCTGCGGCGGTACGCGGACCTGACGGGGTACGCGCCGATGCCGCCGCTGTGGGCGCTGGGGGCCGGTCAGAGTCGCTGGGGGTACCGCACGGCGGAGGACCTGCGGGCCGTGATTCAGGGGTACCGGGACCGGGGGCTGCCGCTGGACAGCGTGTACGTGGACATCGATTACATGGATGCGTACAAGGTGTGGACGGTCAGTCGCGCGAACTTCCCGGACCTGCGGGCGTTCGTACGTGAGGCGGCCGCGCAGGGCGTGAAGCTCGTGCCGATCATCGATCCCGGCGTGAAGGTGGAGGCCGGGTACGACGTGTACGAGGAGGCGGTGCGTGGGGATCATCTGGTGCGCACGGCACGCGGGGACGTGCTGGTCGGCGAGGTCTGGCCGGACCCGGCGGTGTTCCCGGATTTCACGCGGCCCGAGGTGGTGGGCTGGTGGGCGGGCCGGCATAAGTTCTTCGCGGACCTGGGCATTCAGGGGCAGTGGAACGACATGAACGAGCCCGCGTGCTTCAGTCTGCGCGAGCCGCGTGAGACCGAGGGCAAGACGCTGCCGTACGACGCGCGGCATGGGAACCGCTCGCACCTGGAGGTGCATAACGCGTACGCGAACGGCATGAGCGAGGCGAGCCGCGCCGGGTACGCGAAGTTCAGTCCGCAGGTGCGCCCGTGGATTCTCACGCGGGCCGGGTACGCCGGGATTCAGCGGCACGCGACCGTCTGGACCGGGGATAACACGGCCACGTGGTCGCACCTGTCCCTGAGTCTGCCCATGATTCAGGGGCTGGGGTTAAGTGGCATTCCGTTCGCCGGGGCGGACGTGGGCGGGTTTGGCGGGGACACGACCGGGGAGTTGCTGGCCCGCTGGTACCAGGCGGCCGTCGGGTACGCGTTCCTGCGCAACCACTCGGCGCTGGGCACGGCGGATCAGGAACCCTGGCGGTTCGGGGACACCTTCACGGACGTGATCCGCGCGGCGCTGGAACTGCGCTACCGGCTGCTGCCGCACCTGTACACGCTGGCGCAGGCGGCGACCCGCACGGCCCTGCCGGTCATGCGCCCGCTGGCGCTGCACTGGCCAGCCGACGAGGACGCTGTGCGCGAGGACACGCAGTACCTGCTGGGCGAGGGCCTGATGGTCGCGCCGGTCCTGCGGGCCGGGCACCGCCGCCGGCTGGTGTACCTCCCGGCGGGCCGCTGGGCGGAAGTGTTCAACCTCTCGGAGTTCGGGGCGGTGCACGCGGGCGCGCAGCACGTCGTGGCGAACGCGCCGCTTCACACGCTGCCCATGTACCTGCGGGCCGGGGAGGCCGTGCCGGTCACGGAGGCCGCGCTGCACACCACCTCGGCCCGCTGGGAGCGGCTGTCATGGCTGGTGCACGCGGGCCGCGACGGGTTCATCGGGCAGC
NZ_CP115165.1_gap25	661287	665078	3791	GCATGACCTGTGGGACCGGGTGTATGACCCGGCGCTGTACCTGGGCCTGAATCTCGTCATGCTGGTCTGCTGGGTGGGCACGCTGCTCGGCCGCCTGACCATCCAGCAGTTGACCCTGATCGTCCTGACCGGCAGTACCATGTTCCTGACCTTGAAACTGGCGTTGCTGGGCGTGGTCGTGAACGACCCGCAGGTGCTGCTTCAGGAGTTCATGGAGAGCATGATCTGGCTCTCGCCCATCCTGGTCTGGCGGATCATCACGCAACTGTCCCGCGCGGCGCGGTTGACGCTGAACGCCCTGCTGCTGAGCATGCTGCTGGGCGGGGTGTTCGTGGCGGTCAAACCGCTGCTGACCGGTCGGCCTCTCCAGCCGGTCGTGCTGATGACGCTACTGCAACTGACGCTGACTTCCGGCGTGATTCTGCTGATCACGTCCGTGTTCCAGCGGTACGCCTCCCAGAGCAGTCAGGTGGCGGGTGAACAGGCCGCGCTGCGGAAACTGACCTTCACGGACATCCTGACGGGCCTGCCGGGGCGCGCGCGCCTGCAGGAGCAACTGCAGGAACTGACCGTGCCGGGCTCCGCGCCGTTCGCGCTGCTGTACGTGGACGTGGACGGCTTCAAGATCGTGAACGCCACGCTGGGCCACGCCGCCGGAGACGACCTGCTGCGCGTCCTGGCCGGGGAACTGCAGCGGCTCAGCGGCCCGGACTCGCAGGTGTACCGCCTGAGTGCCGACGAGTTCGTGGTCCTGCTGCCCGGCGCGGACGCCGAGCACGCCGACTGGACCGGGCAGGTGCTGCTGCACGAGGCGGCCATCGAGCCCAGCGCGCGGGTGGGCGTGGAAACCACGCTGAGCCTGGGCCTGAGCCTGTACCCGCACGATTCCCTGGACGGAGCCGAACTGATGCGGCACGCCGACAGCGCCCTGGCCGCCGTGAAACGCGCCGGTCGCCGCCAGTTACGCCGCTACCACCCCGAACAGGACGCCGCCACGGAACGCGAGCAGGTCCTGGCGCGCGAACTGGGGCACGCACTGCCCCGGCAGCAACTGACGCTGGTCTTCCAGCCGGTCGTGCGCCTCCAGAACAGCCGGATCGTGAAGGCCGAGGCGCTGCTGCGCTGGCAGCACCCCACGCTGGGGGCCGTACCGCCCGGCGAGTTCATTCCGGTGGCAGAACGCAGCGGCCTGATCAACCCCATCGGGTCCTGGGTCCTGCACGAAGCCTGCCGCGCCGCGCTGGCGTGGCCGGAACTGACCATCAGCGTGAACGTCAGCGCCGTGCAACTCCTGCAGTTCGAGTTCCGTTCGACGGTCCGCGACGCCCTGACCCGCAGCGGCCTCCCGGCCTCCCGCCTGGAACTGGAACTGACCGAGACGGCCGTGCTGTACGAGGATGAACGCGCCGCGCGCACCCTGCAGGAACTGCGGGACCTGGGCGTGCTGGTCAGCATCGACGATTTCGGTTCCGGGTACTCGAACCTGATGCGCCTGCGGACGCTGCCCATCACGGGCGTGAAGATGGACCGCTCGATCACGGCGGACCTGACCTGCCCGCAGGCCGGGCAGTTCGCGCGCGCCCTGACGCTGGCCGTGCGCGGCATCACCCGCAACCTGGGCGTGGACCTGACCGCCGAGGGCATCGAAACGCCCGAGCACCTGCGGGCCGTGCAGGACCTCGGGTGCCAGCTGGGGCAGGGGTACGGGCTGGGGCGGCCCATGACCGCCCGGCAGCTCAGCGAGCAACTGGCGCACCCCTCCTGCCTGGAAGACCGGAGCGCACCCCACCACGTCGCCCGCTGAACTGGCGGCGCTCATATGGACTCCGTCTGTTTCGTTCACAACCCGCCCATGCACCGGGCTGCCAACTCCACGCCCGGAATCCTCTTTGCTCCCACTCGCGTCCGCTCGGATTGAACGGTTTTTGCAAACCATTCAATCGGAGTCCGTCTCAGACTTCGCGCAGCAGGCGGGCCAGCAGGCGCACGTGGTCGGGCCATCGGTCCAGGCGCACGTGCTCGTGCGCGGCGTGCGCGCCGTCGCCGGGTGCGCCCAGGCCGTCCAGGGTGGGGATGATGGGCGCGGTGAAGTTGCCGTCGCTACCGCCGCCCACGACGGCGCTGGGCACGTCGAAGCCCAGCTCGCGGGCGATGGCGCGCGCCTGGGCGTACAGGGCCAGGGTGCCCTCGCCCTGCTCGAAGGGCGGGCGGTTCAGGCCGCCTTCCACGCGGCGCTGCACGCGGGCGTCCGGTGGCGTCCAGGCCTGCACGGCGGCGTCCACGCGCGCGCCCTCTTCCAGGCTGCTGACGCGCACGTCGAGTTCCAGGCGGCAGTGGGCGGGGATGACGTTCACGGCGCTGCCGCCCGCGATCAGCCCGGCGCTGACGGTCGTGCCGAGGTCCGGTCGGGCCAGGGCCTGGAGGTCCAGGACGGCCTGCGCGGCGGCCGTGACCGCGCTGGCTCCCTCGCCGGGTTTATTCCCGGCGTGGCTGGCGACGCCGGTGAAGGTCAGCACGTAACTGCCGGTGCCTTTACGGCCGGTTTTCAGGGCGTGGGTGTCCGCGACGGGCGGCTCGACGACCAGCGCCACGCGGGCGCAACGGGCGGCGTTCTCGATGTGCGCGCGGCTGCTGAGACTGCCGGTTTCCTCGTCCGGGGACAGCAGGACCTGCACGCCGCCCGCCGGCCACTCACCGTTCAGGGAGCGCAGCGCGTGGAACAGGCCCACGATGCCGGCTTTCATGTCGTATGTGCCGGGACCGTACAGGCGGTCGCCGTCCTCACGCAGCGGCATGTGGTCCAGCGTGCCGTGCGGCCAGACGGTATCGGCGTGCGTGAGGACCAGCACCGGCCGGTCCTGCCCGCGCAGGCCGGGCGTGGTCTGCCCGTGTCCGGCGCCGGCGGCGCCTGCGCTGTGCACGCCGAAGTTGAACAGGCGGGTGCCACCGCCCAGGGCGTGCGTCTCGGCACCCAGGTCGCGCGCCCAGCCTTCCACTACGTCCATGACGCGGGCGATGCCGGCCGGATCGGTCGACGGCGATTCGATGCGGGCCAGGGCATGCAGGTCGGCCTGCATGGCCTTCAGGTCGGGGGTGAAGTCAGGCATGAGCGTCATGCTACGCCCCGGCCAGCGGTGGCGGGCCTCTGCGTGCGCGGGCCGCGGGTGCGCCACCCCAGAAACACGCGCGGCCCCCGCGAACCAGTGGCAGGGACCGTGCGGGGCAGGGAGCGTTTCAGCTCAGCAGGGCGATCTGGCGGGCGTCCACCTTGAGTTTCGCGCTGCCCTTGAGGTACAGGTCGTGCAGCGCCTGCTGACCGAACAGGCGGGTCACACGCGCGGCAGTCATCTCGATGGTTTGACCGGCGACTTTCAGACGGACGAGATCGAAGGTTCCGGGAACCCAGGTACAGGACAGTTCTTGCATGACAGACCTCCAGAAAAAGAGTGGTGAGCGGCGCGGCAACCCACGGGAGAAGGGCAGGTCCAGGGCGGAAGCAGACAGGACACTCGGTATTCGGTTGACCCACTCGGAACGCCGCAACCAACCCAGCGGTTCGTTAACACGTGACGTTCTGACGGGCCTGTTGGGCCGGTATGTTCAGAATAGGCCAGCCACATACGGCAATGGAAAGGAATCACCCGTTCGGCATTGAGGAAGCCATCATGAAAACAACGTGACTGGTACGGCGTCCCGCCCATCCGCCCGGCACCCGCGCAGACGTCCCCGGACGCGCCGCAAGTGGCGCGGCAGTGTGCTTGACTGGAGTGCATGACACTGCCCCACCCAAG
NZ_CP115165.1_gap26	710440	713369	2929	CCACCGTTGTTGAAGTCGATGCTGAAGGAGATGCTAGTGGCACCTTCGCGGCTGACAGCGTTGGTGGGAGTGTTACCCGCACCGCTGAAACCGTAGAAGTTCGCCTTGTCGTTCACGACTTTGACATCGCTTCCCGTCAGGTCAGCCCAATCGACAGCCGTGTCGGTGGTGTCGGTGTTGTCGTCGGTGCCGGTGCTGAACACGGTGCCGGGGATCAGGCGATCCAGGTCCATGTTGCGGTCAGCGCGGGCCACGTTGTAGGTGGCGCTCAGGCTGGGCTTGATGCTGAAGGCGTACTTCTCGAGCTGGGTGACGCGGTTGTCGATGCTGGTGACTTTGGTCTCGACGACGCCGACGCGGCCGGCGAGGTTGTCGTAGTCGGCGCGGGCGACGAGGTCGGCCTGGGCGGCTTCGACGGCGCTGACGCGGTCCTGGAGGTTCAGGATGTCCTGGTTCAGGAGGACAGTCAGGTCGTTCAGGGCGGCGATGCTGCTGGCGTTGTCGTCGACGTCGGCACGCAGGGTGTCGTAGTCGTCGGCGCGGGCGGTCAGCTCGTCGATCTGGCTGGTGAGGCCGGCGAGGGCTTCGGGGTCACCGTTCTGGAGGGCGATGGCTTCGACGCGCTCTTCGAGGCGGGCGAAGTCGTCGCGGCTGACGGCGTTCTCTTCGAGGTCGCTGACGCGCACGCCCAGGGCGGCGAGGTCGGCGGCGAGTTCCTGAATCGCGTTCTGGAGCGCGGTCAGGGTCTCGGGGTCCATGGTGCTGGGGTTGACTTCGCCGCTCTTCACCTGGTCGAGCAGGCGGGCGATGATGACGGCCGCTTCGTAGCGGGTCAGGTTCTGGGTGCCGCGGAAGGTGCCGTCGGGGTAGCCCAGGATGATGCCGGTGCTGACCAGCTTGTCGATGGCGTCTTTGGCCCAGTGACCGGCGGGAACGTCGGTCAGTGCAGGGACCTGGGGCGCGCTGGCAGGAGCCGCAGTCTGTGCAGCGGCAACGCCAAAGGACAGCGCAGCGGTGAGAACGAGCAGGCTTTTCTTCATATGAACCCCCAAAAGGTCGTCGCGCGTCGGAGTCACGTCCGGCTCTGAAGTTGACGTTGGGGCGAGTTGCCGGGTTTCCTCTCCCGGAGTGATTCGCCGTCCTGTGTCCCTTTCGCGCAACCTGACGCTCCTGTCCTGTCGGATGAGAACTGTCAGATCAGGCGGATGATACAAGCATGAAAGAGACCGGGTCAAGTCTGAGAGTCACGTAAAATGCCCTTGTTACGCGAGAATGCCTATTTCTGACGAACCGATGAAGGTCCGTTCGGCCGGCCCGGAGGCCCGGAAATGCCCCTGCACTGTAAGAAGACTGTGACGTTTCAGGACGTGCCAGGGGGCGTTCATGGCCGCCGGGTCATCCACCAGCGTGGGAATCAGACGCCCGATTGCCCAGTGTCGATGGCCTGCTGGAACCAGGCGGGGATCTGCCCCTTGAAGTAGCGTTCCGCCCACGCCGAGGCCCACACGTGGTACTCACCTCTTTCGATGGCGGCTCGGGCCCGCTCGACCAGCCGGTGCAGGTACCGCAGGTTGTGCAGCGACAGCATGCGCGGCGCGAGCATCTCCTCTGCTTTGACCAGGTGCGCGAGGTAGGCGCGGGTGTAATGCTGGCAGGCGTAGCAGTCGCAGTCGGCGTCCATGGGGACCAGCTGGCGGCGCGGGGGGCTGGAATTCATGTTCAGTCGCCCGTCATCGGTCAGGGCGTAACCGAACCGTCCGGTGCGGGTGGGGTACACGCAGTCGAACATATCGACGCCCAGCGCAATACCAGCCACCAGATCCTCGGGGTGACCCACGCCCATCAGGTAACGGGGCTTATGCTCGGGCAACTGCTCAGCCGTGAAGGCGACCGCCGGGTACATCTGATCCTTCGGTTCACCGACCGCCAGCCCACCAATGGCAAATCCCGGCGTGTTGTAAGGCAGTGTCAGGTCCAGGCTCTGACGGCGCAGGTCCTCGTGGACGCCTCCCTGCACGATTGCGAACAGCGCCTGATGGTCGTTGGTCTTGGCACTGAGGCTACGCCCCAGCCAGCGCTCCGTGCGTTCCAGACTCCGCTGGATGTACTCCCGCTCGGCCGGGTATGGGGGGCACTCGTCGAACGCCATGATGACGTCCGCTCCGAGTGCCTGCTGCACCTCGATGCTGCGTTCAGGTGTCAGTTTGACCAGACTGCCGTCCAGGTGGCTTTTGAAGGTGACGCCCTCTTCAGTGATCTTGCGCATGTGTCCCAGGCTCATCACCTGAAAGCCCCCTGAATCGGTCAGGAAGGGCCCAGGATAGGCCGTGAAGCCTGGAAGGCCACCATGCGCCTCCACGAGGGCTTCACCGGGCCGGAGCATCAGATGGTAGGTATTGCCCAGGATCATCTGCGACCCGATCTGCAGGAGTTCCTGTGGGCTGATGCCCTTGACGGTTCCCTGGGTCCCGACAGGCATGAACATGGGAGTGGTGACCACGCCGCGCGGCGTATGAAACTGGGCTACACGTGCGCGCCCATCACGGTGCTGAACGTCGAACTCGAACATACCGGGCATTCTGCCTGATCGGCTGCGGGCAGAACGTCCGTCCGGAAGTCATCCGGAAGTCCAGCATCTGACTAAGAAGATGCGCAGAGGAGGTCACGAGGGAGAGCGGTGCCCAGCCGATACAGCAAGAAACCCCCCAACACCGATAAGGGTGTGGGGGGGGTTGTGGAGCGGGAGACGAGATTCGAACTCGCGACATCTACCTTGGCAAGGTAGTGCTCTACCAGCTGAGCTACTCCCGCGTGACGCTGCCCGTAGGCAGCGGTGCGTGTATAAGAAAAACCCCCGCGCTGACCGACTTTTCCGGGACCCTGCGGTCCGAGTATCATTGGCGCGACTGCGTTTCACGACCCAGTTCGG
NZ_CP115165.1_gap27	721398	725448	4050	CGAAGATCACGCTGGAGGGGTAGTTCTGAATGTTGACCTGCACGCCCACGGCCTTCCACTGGGATTGCAGGATCTGCTGCACGCGCTCGCGGGTGGTGTTGCCGGCGGTCGTGGAGAAGTTCAGGGTGAGTTTCTTGCCGCCCTTCTGCAGGATGCCGTCGCTGCCGGGGGTCCAGCCGAGCGCCGTGAACAGCGCCTTGGCCTTGGACTGGCTGTAGTTGTAGTCGTTGACGTCTTTCTTGTACAGCTTGCTGATCGGCCCGATCCAGCTGTTCGAGACGGCCTGACGGCTCTGGAACAGCGCCTTGGTCAGGGCGTCACGGTCGATGGCGTACAGCAGCGCCTGACGCATGCGGGGATCGTCGAGGTCCAGGTCCTTGGAACGCTGGCCGCGGGTGTTGATGTCGATGTGCTCCCAGACGGCGCCGGGCACGAAGTAGGTCTTGTACTTCCCGCGTTCGCTGCGGGCCAGGTCCACGCCCTGGTCGAAGGTCAGGCCCACGGTGCCGACAGCGTCAAGCTGGCCGGACAGGATGTTGACTTTCAGGGTGTTGGTGTTCGGGATGAAGCGGTACGTGACCGTCTTGACGTAGTTGTCGAGGTCCTTTGGCTGGCCCCAGTAGTTGGTGTTGCGGGTCAGGGTCAGGCTGTTCCCGCTGCGCCACGCGGTGGGCTTGAAGGGCCCGGCCACGACCTTGGGCAGGTTGCGGGCGGTGGTGTACGCGGAGATGAACTTCTTCCACTCCTCGTTGGTGACCTTGGCGTCCTTCTCGTTCTTGGTCTTGGCGTCGAAGGCGTTCCAGGCGGCGCTCATGACGTGACTGGGGGCCAGGCCGGGGCTGGTCTGGTCCGCGAACAGGTACGGCGGCTCGTAGGTGATGGTGAAGGTGTCGGCGTCGGTGGACGTGATCTTGGCGCGGTTCCAGGGTTCACGGTCGGGTACGGGCACGCGGTCGTCGTTCTCCAGTTTCAGCCAGAACTGGAAGTCGGCGATCTTGATGGGCGTGCCGTCGCTCCACTTGGCGTCCTTGCGGATGGAGTACGTGACGCTGTTGCGGATCACGTCGCCCTTGGCGTCCTTGACGATCTTGTAGTCGCCGTTGGCGATGCTGGGCACACGGGTGGCGATGTCGGCGTAAGCCTCGCCGTTATCGTCCAGACCGATCAGGCCGGCGCCCATGTACCCGTTGATCTCGCTGGTGATGGCGAGGTTGTTGGTGTTCCAGGGATCGTAGATGTTCGGTGGCTCCTGCGAGGTCCCAACCACGAGGCTGTTGTTCGCAGGCCCGGCGAGCGCGGCGCCGAGCAGAAATACGGTAAGGGCAAAGGTCTTCTTCATAACTGGCCTCCCTGAACACTGGGCTGATGGTGCTGCCCCTTTCCTTGAATGATGAGCGTCAGTATAAGGCGCATTAAGGCTGAGTCAAGAGAGGTTACTACCGTTGCGTTAAGGCGGCTGCCCGCCCGCCGCACCACCCCCGACCGGCCGCCTACAGGCAAACGACCCGAACCAGTAAAGGGTTCGGGTCGCCTGAACTTCAGGAAGCTCGGGGCAGTGGGGCGGTGCAGGGGGTTAGTGGCTGGAGCAGCCGCCACTGCCTTCGCCGTCCGGGGACTGCGCGCTATCGGTACGGAAGGAGGAGCCGCAGCCGCAGGCGGACGTGGCGTTGGGGTTGTTCACCGTGAAGCCGCCGCCCATCATGTTCTCGACGAAATCCACTTCACTGCCGCGCAGCAGGGGCAGGCTCATGCGGTCGACCAGCAGTTTCACACCGCGGTCCACGACGATCAGGTCACCTTCGAGTTCGCGGTCGTCGATGGCCATGCCGTACTGGTAGCCGCTGCAGCCACCGCTCTTGATGAACACGCGCACCCCGGCGTTCTCCTTGCCGCTGTTGGCGAGGATGCCCTGGGCCCTCTGCGCGCCAAATTCGCTGATGCTGATTTCACGGGCGGGAACGCCGCCGGACTGTTCGGGGGTGGTGGTCGCGGTCATGCGTGAAGCGTACTACCATTCAGGCAATAAAAAAGTGCCTGGAAAGCAAATTGGGTTCCGCCCCCGTGACCTGCCCAGGAGGCCGTGCCTGCTGCGCGGCTTACATTCCTTGAGCGCCCTACTGTTAAGATGAAGTCATGACGAACCCGTATGCCGAGTGGTTCGAGCAGCTCCGCAGCGAGTACGGCGAGCAGCTCCGCACCATGCCCCTTCCGGACGGACTGCCGGAACACCTGCGGACCCTGATCAGTTCGAACGACGAAGACGCCATTCAGTTCATGGTCAAACTGGCCTGGCAGTTCGGCGCTCAGGTCGGGTACGCCGCCGGAACCCGCCAGGGCGACACGCCCGCCGCGAACATTCCCAGCACGCCCCGCGTGCAGGCCTGATACCAGCCGGGAATCAACGCGTTCACGCTTCACGCCGCCTCCTGATCGGGGCGGCGTTCTTCATGCCGTCACCCCGCTCCTGTTCAGTGCAGTCCGGACCTGGGGGCACTCCAGCAACCCGGCTGCGGGTCCGGGTCAGGCAGCAGTCCGCGCGCGATCAGTTCGTGCAGGGTGTCGCGGGCCAGTTCTGCCAGGGTCTCGGCGGGGGCGTCGGCGGGCGGCAGGTCGGCCAGCCCCAGCTGACGGGCGCGCAGGCTCAGGTGGAGGGCCAGTTCATCCATGCGGCCCATTCAAGCACGGAGCCGGGGCTCATGCACCGCCCGTATCAGCAGGCTCCTCTCACCGGACCCGCCTCATCAAAAACCTCCGCCCGGCGTAGGCCAGGGCGGAGGGAGCAGGAGTGCGGTCTGATTCAGTCGTCGGCGTGGGCGTGTGCGAGGCTTTCGCGCTCGTCCGCTTCACGCAGGGCGCGGATGCCGCGCACGATGCCGATCACGGCGAAGTACGACACGGCCGGCACGAGGAGGGTCAGGATCCACAGGATGGTGTTGGCGTTCCCGGTGGTCAGGAGGCCCGAGCTGATCAGTTCGGGTTTGTACCCGGCGACCGACATGACGATCATCATGGCGAAGAACGCGACACCGGCGGCCAGCCTGACCGGGTGGTTGGTGGGGTTCTCGGCGTAGTACTGGTTCTCGGTGGTACGGTCCAGCATGGGCACGGCAAACATCAGGGCCATGACGATGCCGGGCAGCACCAGCGCACCCACGAACTCAGCGCCGATCAGGCCGCCGAACAGGTGCCATTCGAAGCTGGGGATGATGGCCAGGGCGCCGAACACCCACAGCAGGTACCAGTCGGGTTTGATGTTGTTGATGGGCGTGGTGCTGGGCGGGCCGAAGAACTCGACCGGGTGGACCGGCACGAAGGCCGCGAACAGCATGACCAGACCGGTGAACAGCAGGGCCAGCACCAGCATGATGGGCGTCTGCTGGGTGATCAGGGGCACGCCCACGATCTTCTTGTACGCGAGGCGCTTGGCGTACTGCGGCTGCGTGTGCTTCTGCTTGATCATGATCAGCATGTGCGCGCCGGTCAGGGCCAGCAGAATGCCGGGCAGCAGCATGATGTGGTAGCCGTAGATGCGCGGGATGATCCCGGCGCCAGGGAACTTGCCGGCGAAGGCGGCCTGCGCGACCCAGTCGCCCACCCAGGGAATGGACGCGGTGATGGCGTACACGACCTTGACGGTGTTATAGGCGTAGTTGTCGTAGGGGAGGATGTAGCCGGTCACGGCGGTCAGCGCCGAGAAGATCAGCAGCAGCATCCCGATCCACCAGTTGATTTCACGGGGTTTCTTGAACGCGCCCGTGAAGTAGATGCGCATCATGTGAATCACGGCGGCCGCGACCATGATGTTCGCCATCCAGTGGTGGGTGCGGCGCAGCATGTCCCCGAAGGGCATGGCGTTGATCTTCAATGCAGAGTGGTAGGCAGCGGGCACCAGGTTGGGCTTGGTGGCCGTGCCCGGATCGAAGGTGTTCACGACCAGCGAGTTGCTGGGTTCGTACGCCAGGGCCAGCAGGATGCCGGTGATGATCAGCACGATCAGGCTGAACAGCGTGATCTCTCCCAGGAAGAAGGAGTGATGCACCGGGAAGGCTT
NZ_CP115165.1_gap28	824725	825717	992	CCGACCGCTACGGCCTGCGCCCCGTGTACGAACCGTACGCCGACAACCCCTACCTGGAAGACTTCTACCGCGACATGCGGCAGTACTCGTTCCACTCGCAGGTGTACTTCCTGTCCCGGCGCCTGGAGCAACACCTGAACCTCGTGACCGGCGCCCGCTACGTCATTCAGGACCGCACGGTGTTCGAGGACGCCAACATCTTCGCGCGCAACCTGTTCGAGAGCGGACAGATGGCGCGGCGCGACTGGGACACCTACCTCAGCCTGTACGAGGGCGTCCTGAGCGCCCTGCGCGTCCCGGACCTGCTGATCCACATCGACGCCAGCCTGCCCACCCTGAAACGCCGCATCGCGCAGCGCGGCCGCGAGTACGAGCAGGCCATCCCGGACGAGTACCTGGGCGGCCTGAACCGCCTGTACGACAGCTGGGTCACGGGCTTCGACGCCTGTCCGGTCGTGCGCGTGCCCGGCGATCAGCTGGACTTCGTGGCCGACCCGCAGGCCTTCGAGTGGGTGTGCGCGCGCGTGCAGGCCAACGGCTTCGGCCTGCCCCTGCTGCGCTGATCCGGACTCCGGTTGACTGATCTGTAAAACCGTTCCACCCGAGCAGACGGCCGCCTCTGCGGCTCCGGTGCCGACACCCGGGGCGCCGGGCATCCGGTCAGATCTGTGTGCGTCCGGTCAGATCTGTGTGCGGCGGGCCGGGCTGCCCGCATGCGCCTTACCCCTGCCCTGACCCTGACCGTCACCCTGACCGGGCTGATCCCGAACGCCGCCGCGCAGACGGAGCAGCCGGCCCGGACTGCGGATGTCTGCCCGGCGTGGCAACTGTTGAACCCGGCCGACCTGCGCGCCGCGCGCGTCAAAACCGCCCACGCATTCCTGACCGACGTGGGCGGGAAGGCCCAGACCGGGAGTCTGAACCGGGACGACCTGCTGCTTCAGGGAGGCAGTCAGGACGGCCGCCGCTGCAGTTACCTGATCCGGGACGGG
NZ_CP115165.1_gap29	840066	842630	2564	GATGATGGAACGCATGGGGTACGAACGCTTCCTGGCTGAGGTCGGCGCGCAGGAACTCGACCGTGACCGCGACGCGGGTGGCGAACGGCGCCTCGTGCGGATCGACCTGCCAGACGACGAGCCTTTCGTGGCCCTCAGCGTGCAGTGCCCCTCGACGGGACGGCAGTACGTGCTGCGCGTGCCCCCCACCATCCGCACCGCACACGCCGGAAGCGCGTGGCTGGCCGGGTTCGACGATCCGGCCGCCTACGCGCCGGTCATGGAGGCCTGAGCGCCGCTTCCCCTCCACAGTTGCCGCGCCCGCTCCAGGTACGCCTCCGGCTGCGCCCAGTCCGGCCCCTCAGGAATGCGGGCCAGCAGGCCGGCCCCATACACGGCGCCCGCGCCGAGTTCCGGCAGGTGCACGTACCCGATGTGGCAGTCACAGGCAGCGCGCGTACACGGGCGCGGGGCGAGCAGCTCCCGCACGTCCTGCGCGTAGATGTTGCCCAGCGGCGCGGCGATGAAATGGCAGCGCCTCGCCTCGCCGTCACCGTCCACGCTGATCACGGACTCTCCGGCGTGACAGGCGTGGCCGCGCGTGCGGTAGGGGCGGGTATTCACCTCGAACAGCGGGTCGATCCCGCGCAGGGCCGCGCGTTCAGCCGGGGTGTACGGCCGGCCGCCCGCGAGGGCGTTCACCCACAGGTACGTGGCGGGGTTCAGGGCAGCCCGCAGGGCCTGAATGTCCGGCAGGCGGTCGGGGACGCCGACCACGCCGACGCTGTGCCGCACGCCCAGCACGTCCAGTTCGGCGGTGCGCGCCAGGAAGCGGGCCTGGGCGACCTCGCCAGGATGGTACGTGGCCCACAGGCCCACCTTGCGCAGATCGGCGTGCTCAAGCCAGCGCAGCGGCCCGCTGAGATTCGTCTGGATCGCCACCTGCCGCACGTGCCGCAGGCGACTCAGGCGCGTGACGGCCTGCTGGTAGCGCGGCCAGATCAGCGCCTCGCCCCACGGCGTGAACAGCACGGATACCGGGAAGGGCTGCGCCTCCACCCACGCCACGAAGCGGTCCAGTGCGGACCGGTCGGCCTCGTGTTCCTCGGGCGTCTCGCGGTGCTTGGCAAACGGACAGTACGGGCAGCCGTAATTGCAGCTCGACAGTGGGCCCCGGTACAGCACCGTCAGGTGTTCCAGGGGACCGCCAGCCGCGTGGTCTACCGCCACTCAAACGCCTCGCTGAGTCGCTGCACGGCGTCCGAGTACAGCCACGGGCCGAGGGCGTCGGACCCTTCCATCCCGACTGGCGTGAGGGTCAGGGTCTCGCCGCGCTGTTCGGCCAGCCCCAGCGAGAGCAGCTGCGCCAGTTGCGGGAAGTCCTGCCGGGCCTCCGACGCGAAGGCCGCGCGGTAGGCGGTGAGATTCAGGCCCGTGTGGTGCAGCAGGGATTGCAGCACGTACCGCCGCCGCTGCTCATCGCCGCTCAGGTGCATCCCGTGCGAGGCGACCGCGAACGCCCCGTCCGGGCGGTCCACGAAATCACGGATGATGTCCCGCACGCCGACCGCGCCCACCGCGTACTCGCTGCTGTAGTGCAGGGCGCGCGTGTACGACCGCGCGCCACAACCCAGGCCCACCATGCCGTCGAGCTGACAGGTGTACTCCGGTTCATCGCCCGGTGGCCCGTCTGCCCGCTGGAACCGGCGTATGGACGTCTGCACGTACCCGCGCGCGGTCAGGAAGTCGCGGCCCAGGCGGTACAGTTCCAGCCGCTCGTCGTCCCAGGAGCGCCCCAGGCGGCCGATGCCGGTCAGGGGCCGCACGTACAGCGGGTACAGGAACAGTTCCTCCGGCGACCACGTCAGGGCCGTTTCCAGCGAGTGCAGCCACGTCTGCGGCGTCTGGTGCGCCAGACCGTAGATCAGATCGATGTTCAGGCCCGGCAGGCCCGCCGCGCGGATGGCGTCCAGGGCGCGGCGCACCTGCGCGCCGTCCTGCGCGCGGCCCACGCTGCGAACCTCGCTGTCCACGAAACTCTGCACGCCGATGCTGACGCGATCCACACCCCGCGCGGCCAGCACCGCCAGCCGGTCCGGCGTGGCCGTCGCCGGCGAGGTCTCCACAGACGCGGGCAGATCCCGTGGCGACGCGCCGAAGGTGTCCTCCAGCAGGTCGAACACGCGCTCCAGATCCCCGGCGCGCAGGTAGGTGGGCGTACCGCCACCCAGCGCCATGCGGGAGAACCGGGCGCCCGCGCCCAGCGCGCCCCGGATCACCCGGGCCTGCCGGGTCACGGCGTCCAGGTACTCTTCCTCCAGCGTTCTGGGCGCGTTCACAGTGGTGAACAGGTTGCAAAAGCCGCAGCGCATCTCGCAGAAAGGCACATGCAGGTACAGGAACAGGTTGTCCTTCTGCTCGGCCGCCCAGGCGTCCCGTAGCGGCACGGGCGGGTCCAGCGGGCGGTAGGCGGTCTTGTGCGGGTACGCGTACGTGTACGCCTGGAACGGCCCGCGCGCCAGAATCTTGGAGAGGCTGGATGGAGAGGTGATGGTCATAGGGCTCCCAGAATCCGTTCAGTGTAC
NZ_CP115165.1_gap30	852115	855722	3607	GATCCCCAGCGGCGTGATCCCGCTGAGCGTCACGAGCAGCACCACGGGCGCGGCCAGTTGCCCTGCCGCCGCGCCCTGAAAGGCCCCCTGGAGGCTGCTGCCCACAGCGGACAGCAGGGCCAGCCCGGCCAGCGCGGCAATGGCCTGCGCGGGCAGGATCCCCATCAGGTGCAGGAACGTCCCGGCGAACAGGCCCACGCCAATGTTGAACACCCCGGCCCACACGGCGGCCGTGTAGCGCCGCTGCGCGTCCGGGTGCGCCTCGGGGCCGCTGACGATGTTGGCCAGCAGCGCGCCCAGCGTCAGGTTGTGGCAGCCGGCGAACGCAGCCGCCACGCTGGCCACCCCGCAGGCCCGCAGGATCGGCCCCGGCGCGGGCTCGTACCCGTTGGTTTTCAGCACGCCGAACCCCGGCACGAACTGCCCCGTGAAGGCCAGCAGCGTCAGCGGCAGCGCGAGGTTCAGGGTGGCGTGCAGGCTGAAAGCAGGCATCACGAACTCCGGGCGGGTCAGGGCCAGCGCCACGGGGGCCGGGTGCCACAGGTTCAGGGCGGCGCTGGCGATCACGCCGACCAGCAGCACGCCCGCCACCGCCCAGCGCGGCGCGAGTTGCCGCAACGCGAAGTACGTGAGGATCATCACGCCCACCAGCGCCGGGGTCTCCCCGAACGCCTGCAGGGCCCGGAACCCGAACGGCAGCAGAATCGCGGCGTTCAGCGCGGCCGCCAGCGGCGCAGGGATGCCCTGTAACGCCCGCGTCAGGGGGCCGAAGGTGCCCAGCAGCACAACCAGCACCCCGCTGGTGATGAATGCCCCGACCGCCTCCGGAAAGGGAATGCCGGGCAGCGCCGTCACCAGGAACGCGATCCCCGGCGTACTCCAGGTGATCAGGACCGGCATGCGCGTCCTGAGGCTCAGCAGAATGCCGGTCAGGCCCGCCAGCAGCGCGTGCGCCCACAACCACGACATGGCCGCGCCGTCACTCAGGTGCGCGGCCTGCGCGACCGAGTAGATCAGCACGTTCGGCCCGGCCCAGCCGATCAGCATGGTGATCAGGCCACTGAGAACCGCGCCGGAATTGGAATCCTGCCAGAACGAACGGGACGGGGCGGGCATAACGGTCATGCCCCACAGTCTGCGCGGTCAATGGCCCACCCGGCAGTGGCAATGGCCCCCCGAATGGCCCACCAGCCACCCCGCCAGTGGCCCACCCCTACCCGGCCACAGCAGTACCCTGAACCGGTGCCCCCCCACCCCACCCTGCCAGACGCACCCCGCTGGGCCGCCCTGCTGACCGGATGGCGCCGCAACCCCACCGCACCCACCCTCCAGGGCCGCCTGACCAGCACCCTGCAAACCCTGATCAGCACCGGCCAGCTCAGCCCCGGCGAACGCCTCCCCGCCGAACGCCCCCTGGCCGCCCTGCTCGGCCTCAGCCGCAACACCGTCGCCCAGGCCCTCGACGACCTCGCCGCCAGCGGCTGGGTCACCCGGCGCGTCGGCAGCGGCACCCACGTCTCAGGCAGCGCCCCCCGCACCGCGCCCCTCCTCACACTCCGCACGCCCGTCAGCCCCGCCCACCCCGGCCCGCACCCCATCCACCTCACCCAGGCCGGCCCGGCCGAACTGGACTTCACCATCGCCGTCCCCCTCCTCACCGAACCCCAACGCCAGCGCCTGCGCGAAGCCACCCTGGACGCCTTCCAGGAAAGCCTCTACCACCCACTCGGCCTCCCGGACCTGCGCGCCTGCATCGCCGAAATGTACGCCACGCAGGGCCTCCCCACCACACCCGAACAGATCATCGTCACCAGCGGCGCACAGCAGGCCATCTCCCTCACCGCCACCACCCTCCTGCGCCGCGGCGACCACGCCCTCCTCGAAAGCCCCACGTACTTCGGAGCCATCGACGTCTTCCGCGCCGCCGGCGCCACCCTCACCGGCGTCCCGATCACCCCACACGGCGTGAACCCCGACACGTTCATGACCCTCGCCCGCACCCACGCACCCCGACTCGCGTTCCTCACCCCCACCTACCAGAACCCCACCGGCACCGTCCTCCCCACCCACGCCCGCGCCCGCCTCGCCGCGTTCATTCACGACACGCACCTCCCCACCATCGAAGACGACACCCTCACCGACCTCAGCTTCGACCCCCACGACCACCCAGGCAGCCCCCCACCCCGCCTCAGCGCACACGCCCCAGACGCCCCCATCATCAACGTCGGCTCCCTCTCAAAACTGTACTGGGCAGGCCTCCGCGTCGGCTGGATGCGCGTCCCCCACACCCTCACCGCGCCCCTCACACAGGCCAAAACCCTCGCCGACTTCGGCGGCAGCCAACCCGCCCAGCACGCCGCACTCCACCTCCTCCAGAACCTCCCCACCCTCCGCCAGGAACGCCGCGACGCCATCACCCCCGCCCGCGACCACCTCGCCTACCTCCTGCGCACCCACCTCCCCGACTGGACCTTCAACACCCCCCACGGCGGCCAGTTCCTCTGGGTACAACTCCCCACCCCCACCGCCAGCGCCTACACCCACCACGCCGCCCGCCACGGCCTGCGCCTCTTCCCCGGCGCCAGCATGGGCGTCGACCCCCTCCCAGACCAGTACCTGCGCCTCCCCTTCACCCTCCACCCCGACCACATCCCCGAAGCGGTCACTCGACTCTCACGGGCATGGGCGGAATTCACCAGCAGAGGGAGTGAACGGCTGGCGTGAACAGGGGCAGGCTGTGGGTTGGAAGGTGGGCGCCTGCGGCGGGCTTCCCCACCCCCCAGCCCCCTACCCCAGGGGGGCAGGGGGAGTAACGTTGGCACTGGGCAGGGATTTCGTGGGCTTGCGTGGCAGGTAGTCGGCGGGTTTGGTTCCGGCTCACACGCCATCCTCCGCGCCCGCGCCGTTCGCCCCGCGCGCTGCGCGCACGACGGGCTCGGCTGCCACGACGCCTGTGTGGCCACAATTCTTGGTGCGTGCTGGAAGGTCCTACTTTTTCGGCTTCGGCAAAAGCTTGGTTTTCAAAGTCGATCAGCGGTTCGCGTCAAGTTGTCCAGCTGGCCGCCGCAGACTGCCACCGGCCGTCGTGCGCGCAGCGCGCGGGCCTTCCACCGGGCACGGCAGGATGGCGTCGAGGCCGAACACGTCACCGCCCGACACAAGCGCGCCACCCAAGTAGAAACTCTTGCCGAGCGCAGCGACTGCTCCCCCTGCCCCTCTGGGGTAGGGGGCTGGGGGGTGGGGCAGCCCGCCGCCAGGTGCCCACCTTCCAACCAGCAGAGCCACAGCTGCCAACAGAAAAACCCCTCCCAGAGCGGGAGGGGCTGCCAGAAGCGCGTGGGCGTTACGCGCCGTACTTGTTGAGTTTCAGGGCGTTGGCCATCAGCAGGGGCATCAGGTCGGTGCCTCTACGCAGGCCGAGGCTGCCTTTGACGGCTTCGTCCTCGGTGTAGCGGGCAGCGGCGTCTTTGCGGCCGTAGTCGCTGCGGATCAGGAGGGGCACGGGGTGCCAGGAGTGCGTGGCGAGTCGGCTGGGGGTGCTGTGGTCGCCGACGATGGCGATCACGTCGGGGTTCAGGGCGAGCAGCTGGGGGAGCAGGGCGTCGAA
NZ_CP115165.1_gap31	858691	861540	2849	TTCGGGTCGCGGCCGTCCTGCTCGTGGCGGTTGTTCAGCCAGATCAGCGTGTCGAAGGCTTCCTGTGGGGTGGGTGTCCATTCGAGGACTTTCTTGCCCCAGTACATGCGCATGTAGTTGTGCATGCGGCCGGTGCGGGTCATCTGGCGTTGCGCGGCGTTCCAGTACGGGTCGTGCGTCTGCGCGGCGTCCAGTTCGGCGCGGGTGTAGGTGTGTTCGCGGCGGTCCCCGGCGTGTTCTTGCAGTGTGGCGCGCGCCCAGGCGGGCAGGCCCTCGTAGCGGTCGTAGTGGGGGTTGTAGGTCGTGTAGTTGAAGCTGAGTTCGCGCCGCACGATCAGTTCTTCCAGGAAGGCGTCCGCGCCGGGGCCGCCGTGTTCGCGGGCGGCGATGGAGGCGCTCAGGGGTGAGAGTTGTCCGTAGTGCAGGTGGGCGCTCAGGCGGCTGCTGCCGTCCACGGTGGGGTCGTTGCGGCGGGTGTCGTAGGTGTCGAGCTTGCGGGTGATGAAGTCCTCCAGCAGGTCGTGCGCGGCGTTCTCTCCGCCTTCCTCGTCGCCGGGGGGCACGCTGTGGTCGATGGGGAGGGTCTTCAGGAGGCGGGCGGGGTCGCTGATGTCCTCGCCGGTCTGCCAGTCGCGTGCCTGCTGTTTCAGGTCGTGGGATTCCAGCGGCACGAGGTAGTCGTGCCACAGCCGGTGGATCTTCGGGCGGATGGTGCGCGCCGCGTACTCCTGCTTGCCGCTGACCACCCGCACGGGAATGAGGGCCTCGGATTCCACCTGCACCAGCGGCACGTCCAGCTGTCCGGCCAGCCAGTCGCGCCACTCGCGCTGGATGCGGGTGTAGCCCACGTCGGTCACGACGAGCGCCGCCCCCTCCCGCGCTGCGTTCAGGACCACGGCGGGCGGGTCGCCCAGCGTGACCCGCAGCGGAATGCCGCGCGCCGCGAGGTTCACGCGCAGGTCGCGCAGGCCCTCAAGCAGGTACGCGTAGTGGCGGGCGTTCGCTTCGGGGTAGCCCGGCGTCAGGCCGAACGCGGCAACCAGGGGCAGGCCCAGCCGGTTCGCCTCGCGCACGGCGTACTCCAGCGCGTGATTGTCGCGGGTGCGGACGCTGGCCTGCACCCACAGCAGCACGAAGCCCCCCCGGCGGGGCGTGCCGGGCCGCAGGACCTGCACGCGCGAATCGTGAATCATGCCTGCCGTTCTACCAGCCCCGGCCCGCGCCGGACGGTGGGAACGCTTACCCGCCCCGGCCGCAGCTTCGGGTGACGGGCGGATGGCCGGCTGATCAGGCCGTGGGCAGACCGCGCCGTGGTCAGGCTTCGGGCAGGCGGCGCACGGGCAGTTTCACCCAGCCGCGCCGGGACAGCCAGCGCAGCGCCACGACCGTGCCCGCCCCCGCAAACTGCGCCTGGAACGGCGTGACGTGCGGGTACAGCGCCCACACCATCAGCGCCCCGGCAGCGGCGGCCGTGGCGTACAGCTGATCGCGGCGGTACATGACTTCCGGGACCTCGTTGGCGATCAGGTCGCGGATGATCCCGCCGCCCACCCCGGAAAGCATCCCGGCGAACACCACGCCCAGCGGCCCCAGCCCGAAGTTGATCGCGCCGATCGCGCCGGACGCCGCGAACAGGGCCAGTCCGGCCGTATCGAACACGCTGAGAGTCCGCTCGAAGCGCGCCAGCCGCTCCCCGAACGCGAAGGCCAGCGCTGCGCCCGCCAGGGCCGCCCACAGGTACGATTCGTCCCGCAGGAACAGCGGCGGCGTCTGCCCGGTCAGCGTGTCGCGGATCGCGCCGCCCCCCACGGCCGTCACGCAGCCCAGCACCAGCACCCCGAACAGATCGAAGCGCTTACGGACGCCCAGCAGCGCGCCCGACATGGCGAACGCCACCACCCCGATCAGATCCAGGATGTGCAGGCCGGTCGCCAGCGTGATGGGAGTCCACTGCAGTTCATGCACTCGTCAACTGTACCGGAGCGTCCGGCGTCCCGGCACGCCCGTGTCTGCGTCGGCTGTGTCTGGGCCGCCCGTGTCTGCGCTGCTTGTATCTGGGCCGCCCGTAACGTGGAGGCGGGCTGGGAGTGGGCTGCGCGCCGTGCAGGGCGCGGCTCTGCCGTGACTGGCCGGGTGCATTGGCAGCGTGGCGGGGCGCTGTGCTATACTCCCCGCTGTTGTCTCGCCCGGGTTCCTTGTGGGCAGAGAATCGCGCCCCGGCGAGAAACGCCGTGCGGCCCAGGAGAAAAATCATGGCCAAGCACCCCGTCCCCAAGAAGAAGACCAGCAAGAGCAAGCGCGACATGCGCCGCAGCCACCACGCCCTCGTCGCGCCCAACCTGACCGAGTGCCCCCAGTGCCACGCGAAGAAGCTCAGCCACCACATCTGCCCCAGCTGCGGTTACTACGATGGCCGCCAGGTGCTGGCCGTCTAAGACGCGCCGCACCGAACAAACGCCCTCCCTCTGCGGAGGGCGTCGTTCATTTGCCCCGATCATGGGCACGGGCCTATGCAGACCATCTCCCACATCCGGCTCTTTCCGGAACAGGGGAAAACCCGCTGCTGTACGCCCTTTCCGACCTTCAGGTCTGGACCGCCGGGCTTGGCTTGACCATCCGTGAATACCGGGGTATACTTTTCCAATCACCGTCCGCAGAGGGCGGATTTTTTGTTTTCTCCTCTGGTGATCCGATCAGGAGTTCCAGTCGGATCATCGCGGGCAGCCCGCCCCGGCCCGTGACCGCTGCATACCGGATCAACCCTCCAGACAGAAATCGCGTGCCACAGGGCATTTTCCGGAGGCCCCGCATGGACTTGACGATTCCTGCATACCGCGCTATGCTGAACC
NZ_CP115165.1_gap32	940144	944106	3962	CGACCACGTCCCGCGTGATCCAGCCACCGTAGAACCCGCCGGGCTGCGGCGTGACCCGCTCGCCGTCCACGCGGCACTCGTCCGCGCGGCCCGCGTACACGGCCACGAAGCCCGCCATATCCCGGAAGGCGGGCGTGGGAGCCTCGTAACTCCAGGCGGCAGCGGCGGCCACCTGCTCGCCGCCGCGCAGGGTCCAGTAGGTGGCGGGGCCCTTCCACTCGCAGGTGCTGCTGCCCGGCGCGCGCCCCAGCACGCCCGGCGCGAACGCCGAGGGCGGCAGGTAGTACGTGGGCGGGTGACTGGTTTCCAGCACGCGGTACGCGCCGGTCGTGTCGGCGATCCTCTGGCCGCCTAACCAGATTTCCAGGTGGCGGTGCGTGCGTTCCAGTCGCGGCGGGCGCGGGTAATCCCACACGCTTTCCTGGCCGGGTGCGGGGGGTACGGGCTGAACGGGTGGCATGCCGCCCAGTGTGCGGTGGGGCGCGGGAGTGCGCCGTCAGGTCGCGTACCGTCCGGGCCTCTCCTCTCGGGGCCGCTCCTCTCCGGGCTCAGGACAGCCGGGATTTCTGGTGCGGCTGGATGCGCCCGGCCCACACGTCCGGCGGGCCGGGCCGGCCGGTCAGGTAGCCCTGCACGGCGCCGCACTCCATGGCGCGCAGCACCTGGTACTGTGCGTCGGTTTCCACGCCCTCCACGATCACGTTCAGGTTCAGGCCGCGCGCCAGTCCCAGCAGCGCCCCCACGACCCGCTGATCGGCGGGCGAGTCGGCGATGCCCATGATCAGGGAACGGTCCAGTTTCAGTTCATCCATCGGCAGTTGCAGCAGCGTGGACACCGACGACTGCCCCGTCCCGAAGTCATCCAGGGACAGCCGGATGCCCAGCGCCCGCAGCTCGGACAGGTGCCGCGCGGCGCGGTGCAGGTCCCGCACGGCCAGCCGCTCCGTCAGTTCCAGTTTCAGGTTCTCGCCGCTCAGGCCGTGGCGGCGCAGCGTCTCGGCGACGGTCTCCACGAAGTCCTCGCGCGCGACCTCCAGCGCCGAGACGTTCACGGCCACCGGCACGGTCAGCCGCCACTCGGCCACCTGACGGCACGCCTCGTTCAGCACCCAGCGGCCCAGCGGCACGATCAGGCCTGTCTCCTCGGCCACCGGAATGAACCGGTTGGGCGGCACGGTCCCCAGGTGCGGGTCCGTCCAGCGCAGCAGCGCCTCGAAACCCAGCAGTTCGCCGGTCTGCACGTCCACCTGCGGCTGGTAGTGCAGGTGCATCAGGTTCTCCTGCAAGGCGCGGCGCAGGCGCACCTCAATGTGCATCTGACTGTGCGCCGCGACGTCCATGTTCGGCGCGAAGAACTCGATGCCGTTCTTCCCGGCCCGTTTCGCCTGGTACATCGCCATGTCCGCCTGCCGCAGCAGGTTGGCCGGCAGGCTGCTGTCCGGCGGGTAGATCGCCACGCCCACGCTGCTCTGCACGTTGATCTGCTGCCCGTTCATCTGCACGACCGGGGCCAGCGCCTCCTGAAGGCGGCGGGCGACCCGCGCCGCTTCCTCCCGGCCCGGCAGGTCCGGAATGACCGCCACGAACTCGTCACCGCCCAGCCGGGCGACCGTATCGGCGGGCCGCAGGCACCCCTGCAGGCGGGCCGCCACCTCGCGCAGCAGGTCATCCCCGACCGCGTGCCCCAGCATGTCGTTCACGCGCTTGAACCCGTCCAGGTCCAGGAAGATCACGGCCACCGCGTGCCCCGAGCGGGTCGCGCGGCGCAGTTCCAGTTGCAGGCGGTCCAGCAGCAACGTGCGGTTCGGCAGGCCGGTCAGGGCGTCGTGCTGCGCGTCGAACGCCAGTTGCGCCGCCAGTTCCCGCAGTTGCTCGTCGGCGCGTTTCCGGGCCGAGATGTCACGGTCCTGCCCCAGGATCATCTCGCGGCCACCCACGGTCACGAGACTGCTGGCACTCTCGATCGGGAAGATCGTCCCGTTCCGGTGCCGGTGCGCGCCCTCGCCGTGCACGGGCTGCTCCTCGCGGATCCAGGCCAGCAGTTCGGAGCCCTCCTGCGCCATCATCGGGTACGGGTGCAGCAGGTCGATGGACGCCCCGATCAGGTCCTCGGCGTCGTACCCGTTCATGCGGCAGAACGCCTCGTTGCAGTCCACGATCCGCCACGGCACGTCCGGATCGTGCGGGTCGATCAGGACCAGTCCGTCCGCCGACCGTTCGAACAGCGCCCGGAACCGCGTTTCGACCTCATGCTGCGCCGCCTGCGCGCGCCGCTCGGCCGTGATGTCCACCCCGGTCGCCACGACCAGCGAAGGGCGGCCCCGCCAGTCCAGCAGGGTCTTGTTCGACCACAGGATCACGCGCCGCTCCCCGTGCACGTCCCGCCAGTGGTTCTCGTGGCGGGCCGAGGTCTCACCGGCCAGCAGGCGCACGAATACTTCCTGCACGCCCGGCGCTTCATCGTCGTCCAGCACCAGTGGCCAGAGCACCTGCCCGCGCACCTGCTCGAAACTCAGGCCGCTCAGACGCTCGCAGGCCGGATTAAACCGCACCACACGCCCCGCCGTGTCCAGCACCACGACCAGCGTGTCGGTGGTGTCCAGAACCGCGTCGGCCAGCCCCGCCTCACCTGCCCGCAGAACCGGAGTGCGGGCCGCGCGCAGCAGGGAAGCGGAACCGGGCGGGCGAGTCATACCGGCAGCGTAAACGGCGCACCCTCACAGAACATTGACGGCCCCGGAACCTAAAGCCTGCGGTCTGCCCCCAGGGGGCCTTCAGTCCCGCCGTTCTGCCAGCGCCACCGTTCTGTCAACGCCGCCGCCTGGGCCACGCCCCGGTACTCCACAGCGCCAGCGCAATCAGCACCGGCTGAAAGAACAACCGCCCCAACCGCTTCCCGTCCGTATCCAGCCCGAACGCACTCTGATGCGTCAGGTACTGCGACACGTTCCCGGGAAAGATCGCCACGAAAAACGCCGCCAGCACCCACCCCACCGTCCGGCGCTGCCGGGGCAGGGCCAGCAACGCCGCCCCGAACCCCACCTCCACCACACCGGACGCCAGCACCACGAAATCCTTATCCAGCGGCAACCACATCGGCACCTGTGCCTGAAAATCCCGCCGCAGGAACGTCATGTGCCCCACACCCGCGAACATCATGAACGACCCCAGCAGCACGCGCGCCAGCGTCCGGGGCAGGGTGGTCGGAGGATCAACGGTTCGGGTCATGCGCGGATGGTAGGCGGCAGGCTGCGCGGGCGCGTGTGCCACAGCCAGCGGAGCCTTAACCAAAGTCATGGCCTCCCACGGGCCGGGCCGCCATCCTGAACGCATGGCTTACGTGATCACCACCGGCTGCGCAGGCGTGAAAGACGCCGCCTGTACCCAGGTCTGCCCGATCGAGTGCATCCACGACGCAGGTGACCAGCTCGTGATCCACCCGGACGAATGCATCGACTGCGGCGCGTGCGCGGCCGCATGCCCCGTGGGCGCGATCTTCCAGGACTCGGACGTACCCGCCGGGCACGCCGCGTCCACCGCGCGGAACCGGGAGTTCTTCCTCTGACCGGTACCCGTGTCCAGCCGGCGTGGCAGCATCAGCCCATGCCCATCCCGGACGCGCTGTCCCTGCTGACCCGGACGCCCCTGTTTCAGGGTGCCGACCGGGACACGCTGGCAGGACTGGCAGGCCCCGCGCACGTCATGACCTTCGGGCGGGGCGACGCCGTTTTCCGCGCGGGTGACCCCGCCGACACGCTATTCATCGTCGCGGTAGGCAGCGTGCGCATCTACCGCGTGGGGCGAGGCGGACGGGAACTCACGCTGGGCATCGACAGTTCCCGGCAGGTTCTGGAGCCCGCCAGCGTGCTCGGCGGCGAGACACGCCACGCGGCGCACGCCCAGGCCCTCGCCACACCCACCGTTCTCCTGAGCTTCCCCGCCGACCTCGTGCGGCACGCCGT
NZ_CP115165.1_gap33	946675	950756	4081	CTTTGCGCTGCTGGAGCACGACGCCGCCGCACGCGGGGCCACGAACATCCAGCTCCACGTCTTCGGGCATAACACCGGCGCGCGGGCCCTGTACGAGGGCCTGGGCTTCCAGACGACCAACGTGATCATGCGCAAGGAACTGGGGACGGGCCAGCCGGACTGATGGGCTACCACCTGCGCGGCCTTCTACTCCCTGCGAGTGTCGTTCCGCCGGCGGGTCTGCACAGCGTGATCCTCCCCCAGAGCCTCACGCTGATTCCACTGCCGGATGACGTGCTGGACGCCCTTCCAGAGGCATCACCGCCTGTCACACCGACTGCGGGATTCACACACCTGACCGTCTCACTGGAGGTCCTGATTGGTCAGCTCTCGCAGGCAGGCCGCGTGGCTTACGTGGAGGCGGAGTATTGCGGTGGAACTGGCAGTCAGGTCGCCGCTGTCTGGGATGGCGGACGAGTCCTGTGGGGGCCAGAGCGGGCGGAACGCGGCCCGGTCAACCACGCCCTGCGCCTGCTCGGCGTCCGCCGTACCGACTCCCACGACGAGTTCGGAAGCGTGGGCCTCGACCGGCACCGCCACCTGGAGGACTGGCTGGAGTGACCCGCGTTACGCCGCCTTCTTCCGCCTCGTCCTGAGGGTCTTCTCGCTTTCCAGCAGGCGTTTCAGGGCGGCTTCGCTGCGGGTCAGGCCGTCCAGTTCGGCTTCTGTCCTGCCGGCGCGGGGTTCGTAATCGTCGAGGATCTTGCCTTCCAGATAGCGGTCGAAGATGACGGGACAGATGTAGCTGCTGCGGGTGACGGCGGGCGTGTTGCCCAGGTCGGCGGCCACGAATTTGACGCAGTCGACGAGGGTCTGCCGGGCCTGTTTCTCGGTGTCGGCGACGCCCGCCTCGGCGAGGTATTCGGCGGCCAGGAGGGTGCCGCCCCAGGTGCGGAAGTCCTTGGCGGTGAACGGTCCGATGACTTCTTTCAGGTAGGCGTTGAGTTCGCTGCTGCGCACGCGTCGGCGGTTGCCGTCGGCGTCCACGGTCTGGAATAGCCAGGGGCCGGGGAGTTCGAGCAGGCGGGTGATGTTGCTGGCGAGGGTGCGGTCGGTGGTGGCCTTGTGCTGCGTGACGCCGTGCTTGCCTTTGAAGTGGAAGGTGACGGTGTTCCCCTCGACTTTCACATGCCGCTGCCGGAGGGTGCTGAGGCCGTAGGTTTTGTGCTGCTGGGCGTAGATGTCGCTGCCCACCCGGAAACGCGCGACGTGCAGCAGGCGGGTCATGAGGGCCGTGACCTTGCGGGGTGGGAGGCCCTGGGCGCGCAGGTCCGCTCCGGTGGTGGTTTTGAGGGTGCCGAGCGCCCCGGCGAAGCGGGTGAGGCGCTGCCATTTCTTCAGCGCGCCGGCCTGCACGAAGTCCGGGTGGTAGCGGTACTGGAGTCGTCCGGCGGCGTCGCGTCCGAAGGCCTGGAGTTCCGCGTCGGCGTCCGGGCTGACGTACACGTCCTGGTAGGCGGGCGGCACGGCCAGTTTCGAGATGCGTTCAATGCCAGTCTTGTCCCTGTACGAGGTGCCGTCCGGCCAGAAGTACCGGAACTTCCTGGGGTCGCTGCCCTCGCGGCGCAGGTACTCCCCGGCGAGGATCTCGGTGCGGGAGGTCATCCTTCGGCCCTGGTGGGCAGTTGCCAGTCGATGGGGGTGCGTCCGGCTTCTTCCAGCGCGGCGTTCGTGCGGCTGAAGGGCCGGGTGCCCAGGAAATTGGCGACGCTCAGGGGGCTGGGGTGCGCGGATTCCAGGATGACGTGCTGCGGCGCGGTGATCAGTTTCTTCTTCTTACGGGCGTACGCGCCCCACAGGATGAACACCACGCGCCCCGGCTGGTCGTTCACGGCGCGGATCACGGCGTCCGTGAAGTGCTCCCAGCCCTGCCCGGCGTGCGTGTTGGGTTGCCCCTCGCGGACGGTCAGGACGGCGTTCAGCAGCAGCACGCCCTGCGCGGCCCAGGTGGTCAGCGAGCCGTGGCGGGGCGGCGTGAAGCCGGGCAGGTCGGTCACGAGTTCCTTGTAGATGTTGCGCAGGCTGGGCGGCACCGGCACGCCGGGGCGGACGCTGAAGCTCAGGCCGTGCGCCTGTCCGGGGCGGTGGTAGGGGTCCTGGCCCAGGATCAGGACCTTCACGTCTTCCAGCGGGGTCAGGCGCAGGGCGTTGAACACGTCGGCGGCGGGCGGGTAGATGGTCTGCTCGCGGCGTTCCCGCACCAGGTAATCCTTGAGTTCGCGGAAGTACGGCGCGGCGAATTCACCTTCCAGGGCGCGCTGCCAGGAGTCGGGCAGGCCGGCGGGCACGATGGCTTTCGGCGCGTCGGAGGGAGTGGGGGCGTGGCCGAAGAGGTCAGGCTGGTCGCTCATGATGTTCCTTTTTATGGCACGGGGGCGGGGCGTGGGTGGGGATTTCTCCGGGAGTCCCTTGGCTTTCCGTTCGGCACGCAGGTCGGCCTTCTTGCGGCTGCCGTGGGTCACGTAGATGCGGCGGGCTTCGGCCTCAAAGTCGGGACTGGCGCGGGCGGCGGCGATGCGGGCGCGGGCGGCGCGTCCGGCCTCGTGCTCGTGAACGATGGGCGGCGGGTACTTCAGGCGGCCCGCGCCGCTCCACTCCCAGGGCGCGTGAATGAAATCGCCCGGTACGTCCGCCAGTTCGGGCAGCCAGCGGCGCAGGAACACACCATCCGGGTCCTGCTCGCGGGCCTGCCGGGTCGGGGAGTAGATGCGCACGCGGTTGATGCCGACCGTGCTGCTCTGCATCTGCATCTGCGACCAGTGGATGCCGGGTTCGTTGTCCAGCCACTCCCGGGCCAGGAACAGCCCGGGCCGGCGCCAGTGCAGCCACAGGTGCTGCGTGGCGAAACTGACCAGCAGGGCCCGCATCCGGAAGTTCAGCCAGCCGGTGTCGCGCAGCATCCGCATGCAGGCGTCGATCAGGGGGTAGCCGGTCTGGGCGGCCTGCCAGCGGTCGTAGAAGTCCTGGTTCCACTCGTGTTCGCGCAGGCCTTCCAGGGCGCGGTTCAGGGTGCGGAATTCCATGTCCGGCTGGCTTTCCAGTCGCTGCATGAAATGGCAGTGCCAGTGCAGCCGCGACTCGTACGAGCGCAGGGACCGCACCCAGCGCGGGTCGGCGTCGGGCTCGGCCTGCACCTGCGCGAGGCGCACGCGGGTGGCCTGCACGACCTCCCGCAGCGACACGGTCCCGAAGGCCAGCGGCGCGCTCAGGCGCGAGCAGCTGCTCTGGGCGCTCAGGGGGCTGCTCATCTCGCGCATGTAGTTCACGCCGCGCGCCGTCAGGAACGAGCGCAGGGTGACGTGCGCCCCGGCTTCACCGCCAGGGGGAATGACTTTCGTGCTGGCGGGCACGCCCAGTTCCGCGTGGGTATAGAGCCGTCCCGGTTCGGCCCCACTGGGGCGCAGGGCGTCCGGGACGGGAGCCGGCGGGGCACTCAGGCGTTCTTCCCAGGTGGCGGCCCAGCCGTCGCGGTTCACCATGCGGCGGATCACGCCGTTCTGCGGCACCTCGGTCAGGGGCAGGCCACGTGCCCGCGCCCAGGCGCGCACGCGGCGGTCCCGCGCAAAGCTCACGCCGTTGCCGGTTTCCTCGTGCGCCCACACGGCCCGCACGTCATGGGCGGCGCGCAACTCTTCCAGCACCGTCGCGGCCTCCCCGATCCGCACGACCAGCGGGGTGCCCAGGGCACGCAGGCTGGCGTCCAGTTCGCGCAGGCAGTCGTTCAGGTACGTCAGGTGGTGCCCGGCGAATTCCTCGTGCGTCAGCTGTTCGGGTTCGTAGATGAACACGGGCAGGACCGGGCCGCGCCGGGCCGCCTCGCGCAGCGGCGCGTGATCCCGCACGCGCAGGTCCTTCTTGAACCACACCAGTTGTGTTCCGCCGGGCATTCCCTGACTGTCTCTCAGCGCGGCAGGCGCGACGGTAGGCGCGCGCCCCAACTTCAGGGGATATGAACGCCCTGCGGCGGGCAGGGACGGGAACGCCTCGCGGCGGGCAGGGGACGGGAACGCGGGCCACCCGTGAGGAGGTGGCCCGCGTGTGA
NZ_CP115165.1_gap34	991449	995118	3669	CGTCAGTTGCCCTTCCTCGCTGGCACTCAGGGTGGGGGCGGCCAGGGCCGGGTCGAGCAGGACGGTCAGGCTGTACCCGCTGACCCTGAGGGTCAGGTCACGGGCGGGGTCGGGGCCGGGGCTGGGGCCGAAGCGTCCCGGGAGCGTGGGGCTAGCGGGGGACTTGCCGAGATCGGGGGGGGTGGGGGCGTGGTCCTCGAGAAGACCGGCGGCCTCCTCGGGGGTGAGTTTGCCTTCGGCCACCAGACGCTGAACCTGCGAACGGAAATCTTCGGACCCATGCTGTTCATCCATGTTCGTCTCCTGTGGCTATATAGAAACATGGATTTACCAATCTGTCAATCTTAATTTTGCATTCAGCCCAAATAGTCGGGGAAATCGGCCCAGGACGCTCACTGAGTAGGCTGATCAGGCCACCACGGTAGGAGGATGTAAAATCAGACTTATCAATCTGATTCAGGAAGCGGCTGGCCTCCCCTGCCCGGCCACCCAGCCCGGTGCTCGCCTGTGCCCCGCCCGCCACTGCTTTATGCTCTGAGCCATGAGCCTTCCCACCGCCCCCGACCTCAGCCCCGCGCAGCGCACGGAAATCGAACTGCTGGCACGCGGCAAGCAGGCCAAGAGCCGCGCCCTGCGCGACCTGGGCCTCACGGAAACGCCGGAAGCCGCGCACGCCCTGCTGCTGCGCGCCGGCCTGTGGGACGAGAGCCGCACCCCCTACGCCGACCGCCTGGGCGCCACCACGCAACCCGTCACGCTGAGTGTCCCGGACTTCACCGACGAACCCCGCTTGGACCTGACGCACCTGGACGCCTACGCCATCGACGACGAGGGCAACCGCGACCCGGACGACGCCGTGGGCATCGAACCCCTGAGCGGCGGCCTGACCCGCCTGTGGATTCACGTGGCCGACGTGGCCGCCCTGGTGCCCGCCGACAGCGAACTGGACCTCGAAGCCCGCGCGCGCGGCGCGACCCTGTACCTGCCGGACCGCACCATCGGCATGCTGCCCGACGAACTGGTCGAGAAGACCGGCCTGGGCCTGCACGACACCACGCCCGCCCTGAGCATCAGCCTGGACCTTGACGAGGACGGCAACGCCGACGCCGTGGACGTGCAACTCACGACCGTGCGCGTCACCCGCCTGACCTACACCCAGGCGCAGGCCGCGCTGGACGCCAACCAGGAACCCTTCGTGACCCTGGCCCGACTGGCCCGCGCCAGCCGCGACCTGCGCACGCAGGAGGGCGCCCTGAGCATCGACCTGCCCGAGGTGCGCGTGAAGGCCGGCCCAGACGGCGCCGTCGTGAGTCCCCTGCCCAAACCCGAGATGCGGGCCGTGGTGCAGGAATGCATGACCCTGGCCGGCTGGGGCGCCGCCATCTACGCCGACGATCACGCCATTCCGCTGCCGTTCGCCACGCAGGACCCACCCCAGCGCGAGGTGCGCGGCAGCGGCCTGAGCGCCGAGTGGGCGCGGCGGCGCACGCTGTCCCGCACGCGCTTTCAACCGGCGCCCGGCCCGCACTCCGGGATGGGCCTGGACCTGTACACCCAGGCGACCAGTCCCATGCGCCGCTACCTGGACCTCGTGGTGCACCAGCAACTGCGCGCCCACCTGGCCGGGCGCGAACCGCTGGGCGGCAAGGAGGTCGCCGCGCGCGTGGCCCAGGCGGGCCTGAACGCCGACGGCACCCGGCAGGCCGAACGCCTGAGCCGCCGCCACCACACCCTGCGCTTCATTGCCGCGCAACCCGAGCGCGTGTGGGACGCCGTGATCGTGGACCGGCGCGGCCCGCAGGCGACCCTTCTGATCCCGGACCTGGCCTTCGACCTGCCCACCAGCACGCCCGCCCCGCTGAACACCGAACTGCAGGTGCGCCTGCTGGACGTGAACCTCAGCACGCTGGGCGTACGCGCCAGCATCGTCTGATCAGGAGTGCGCTGATCCTGATTTCGTCTGTGCGGTGAACGACCGGCGAGGCTGCCGGGTGGTCAAGACCACTCCGGGTGGCTGTTCAGGTGATGCATACCATCACGGCCTCTCATTTCGCCAGCAGCGAAAAACAACGTTATAGACGCACATTTCGTACTGTCAAACCTGATTCATCTTTCATTCATTCACGGTGGGTCATGGCTACACTGCCAGCTATGACCGCCGTGATCAGCGCCCAGAGCGACATCGTGTCCCTCCGCATGAGCCACTGCCGTGCCGAGCACGCTGCCCGCAGCGCCCAGTACCACCTCGCCGTGCTGCACTACCGCACGTGCCTGGAAGTCGCTGAGCGCCGCGAGGACTGCCGCGCCGTGGAGTTCTTCGCGCTGAAACTCGCCGGCTGCTACGACCAGATGGGCCTGGGCAGCAAGGCCGCCAGCTTCCGCGCCCTGGCCGACTGCGGCGCAGACCACGGGGGCGGCGACCACGGCGGCGCACCCCGGATCGGCTGACACAGCCCCCAGTCGCAGGGCCGCCGCGCCTGACAAAACGCCTACCGCGCCTGAAGGAAGACCGTGGCGTCCGGTCAGCCTGCGCTCAGCTTCGCGGGGCACAGTGACGGCATGACCCGCATCCTGTCCCGTCTGCTGTTCGTTCTCGCCGCCAGTGGTGCGTCTGCCCTGGGCGCCGCGCAGGCCGCCACGGTCTCGCTCACACCCGGCCAGACGGCCGCGTTCGGCAGCGGCACCGTGACGCTGCTGCGCGTGCAGGACAGCCGCTGCCCCATGAACGCCCGCTGCGTGCGCGCCGGGGAACTGAAGATCAGCGTCCTGAGCGTGCAGGGGGGCCGTACGCGCCTGCTGCACCTGCAACTCCCGGCCACCAGCGGCGACACGCCGGGCCTGAGCATCGTGGGGGCCACCGGCCCGCTGGCCGGGCAACCCACCCGCGATCCCCTGACCGTGACCCTCAGCGACAACCACTGACCCGCCCCCCTCCCCGCCCGCCCGTCGGGTGGTTGTGGATCAGGTAGCTGCCGCTCAGGGAGCGGCCGGACGGGCGGGCCACTGCGCCAGCAGCGCGCCCGCCAGGATCAGCGCGCCGCCCAGTACCACGCCCGGTCCCGGCTGCTCGCCCAGCACCGCGCCCGCCAGCGCCACCGTGAACAGCGGCTCCAGCGTGCCCAGCAGACTGGTGCGCGCCGCGCCCAGGTGCCGCACGGCGCCGTACAGGGCGGGCACGGCGATCAGCGTGGGCAGCAGCGCCATGGCCGCGATCACGCCCCACTGCGCCGCCGTGTCCGGCACGCCCAGGGTGCCGCCGCCCGCCGCGAGTCCCGTGAACACCAGCGCCGCCACCAGCGCCATGTGCGCCGTGGCGGCCAGCGCCGGTACGCCCGCCAGCAGCCGCTCGCTGGCCAGCAGGTACGCGGCGTACAGCACGCCCGCCCCCGCGCCCAGCAGCAGGCCCGCCGGGTCCCGGTCGGCCGGGCCGGGCAACCCGATCACCAGCGCCAGCCCGGCCGCGCCGAGCGTCACCGCCCCCAGCTGCGTGCGGCGTGGCGCGCGCCCCGACAGCCACGCCAGCAGGATCACGAAGGCCGGCGCGAGGTACAGCAGCAGACCCGTCGCGCCAGCCGTGACGCGCCCCAGCGCCCCGAAGTAACAGATGGTCGCGGCTGTGTACAGCGTGCCCACGCCCAGCATCCGCCGCCGGTCCGCGCCGCTCAGCCC
NZ_CP115165.1_gap35	1027717	1029044	1327	ACCAGCAGCGCGCTGATGTCAGCGTGGCGCACGCCGGAAATGCGGCTGGCCTGTTCCACCGTCTGCGGTTGCAGGCGCGTCAGCTTCTCGCGCGCCTCGTTCGACAGCGAGCCGATGGCCGCAAAGTCCACACCACCCAGACTCAGGTCACGCGAGCGGTCCTCGGCGCGCAGCTGCAGCTCGGCGCGGCGGATGTACCCGGCGTACTTCACGCGGATCTCGACTGCCTCACGCTCGGCGGCCGAGAGTTCCGGCAGGGTCACGCCCAGCGCCTCCACGTCCGGCAGCGTGAATTCTGGGCGGCGCAGCCACGCGTCCCCGGTCTGCCCCTGTGCCCGTTGCGCGGCCAGCGCGTCGATTCCGGCCTGCACTCGGGCATACTTCGCCTCCACGCGCTCGACCTCGGGGGCGTCCACCAGTCCCAGGGCATGCCCGATGGGCGTCATGCGCTCGTCGGCGTTGTCCTGCCGGACCAGCAGGCGGTGCTCCACGCGGCTGGTCATCATGCGGTACGGCTCGTTACTGCCCTTGAACACCAGTTCGTCCAGCAGCACCCCGATGTACCCGGTCTCCCGGCCGATGAAGGCCTCGGCCTCTCCCCCAGCGCGGCGGGCGGCAGCCGTCCCGGCGATCAATCCCTGCGCGGCCGCCTCCTCGTAGCCGCTGGTGCCGTTGATCTGCCCGGCCGTGAACAGGCCCGGCATCAGCTTCGATTCCAGGTTCAGGGTCAGTTCCAGGGAATCCACCACGTCGTACTCGACGGCGTAGGCGTAGCGCTGAATCACGGCCTGCTCGAATCCGGGCAGCGTGCGCACCAGTGCGTCCTGAAGGTGCGGCGGCAGCGAGGAACTGAAGCCCTGCAGGTACACCTCGCTGGTCTGCACGCCGTCCGGCTCCACGAACAGCAGGTGCCGGTCATGGTGGGCGAAACGCACGACCTTGTCCTCGATGCTGGGGCAGTAGCGCGGCCCCAGGCCCTCGATATCCCCGGAGTACATGGGCGACTCGTGGATGTTCTCGTGAATCAGGCGGTGCGTTTCCGGGGTGGTGTGCGTCTGCCAGGTGGGCGACTCGGCGGCGCGCGGGCCGGGCGTACCGGTGAAGCCGCGCGGATTAGGGTCGGCCGGGATCTCCAGCAGTTCGGCGAAGTTCACGGCGTCGGCGCGCACGCGGGGCGGCGTGCCGGTCTTGAAGCGTTTCAGGACGTGCCCGGCGCGGGCCAGCGGCGCGGACAGGAACCGCGAGGGCGGCTCGCCCTGACGGCCCTCGGCGCGGGACTGCCGCCCGTACCACGTGACGCCGCGCATGAAGGTCCCGGCTGCCACGA
NZ_CP115165.1_gap36	1060151	1062391	2240	AGCAGTAAGGGGGAGGGTTGAGAGGGCGTGCAGTCTGCCGTCCGCCCGCAGGGTCAAGCGAGGATGGAGGGAGGGGAGTTGACAGATGGGCTGGTGGCCTGTATCTTTTCTGAGCCTCAAGCGAGGCGGGAAGCATGACAGGCGAAGAGATGTGAGAACAGGACAGTTCGACAGAGCTGTGCGAACGGAACACCACCCCGGTGTTCTCCAGAATCGCGAAACCGACCGAGTCCCCCCGGGGGCAACGTCAAAACGGTACTCAATGAGTACAGCCATGCGCAAGCAAGGCATCAAACACATCAATACCGCTCCGCTTGCGGAGCGATACTGAACCATTCTTTGGAGAGTTTGATCCTGGCTCAGGGTGAACGCTGGCGGCGTGCTTAAGACATGCAAGTCGAACGGCAGTCTTCGGACTGTAGTGGCGCACGGGTGAGTAACGCGTAACTGACCTACCCCAAAGTCGCGGATAACGGTTCGAAAGAATCGCTAATACGTGATGTGCTGCTCCCTCCTGTGGGATCAGTAAAGATTGATTGCTTTGGGATGGGGTTGCGTTCCATCAGCTAGTTGGTAGGGTAAAGGCCTACCAAGGCGACGACGGATAGCCGGCCTGAGAGGGTGGCCGGCCACAGGGGCACTGAGACACGGGCCCCACTCCTACGGGAGGCAGCAGTTAGGAATCTTCCACAATGGGCGAAAGCCTGATGGAGCGACGCCGCGTGAGGGATGAAGGTTTTCGGATCGTAAACCTCTGAATCAGGGACGAAAGACACTTTATGTGGGATGACGGTACCTGAGTAATAGCACCGGCTAACTCCGTGCCAGCAGCCGCGGTAATACGGAGGGTGCAAGCGTTACCCGGAATCACTGGGCGTAAAGGGCGTGTAGGCGGGATGTTAAGTCTGGTTTTAAAGACTGCGGCTCAACCGCAGGGATGGACTGGATACTGGCATTCTTGACCTCTGGAGAGAGAACTGGAATTCCTGGTGTAGCGGTGGAATGCGTAGATACCAGGAGGAACACCAATGGCGAAGGCAGGTTCTTGGACAGAAGGTGACGCTGAGGCGCGAAAGTGTGGGGAGCGAACCGGATTAGATACCCGGGTAGTCCACACCCTAAACGATGTACGTTGGCTAATCGCAGGATGCTGTGATTGGCGAAGCTAACGCGATAAACGTACCGCCTGGGAAGTACGGCCGCAAGGTTGAAACTCAAAGGAATTGACGGGGGCCCGCACAAGCGGTGGAGCATGTGGTTTAATTCGAAGCAACGCGAAGAACCTTACCAGGTCTTGACATGCACAGAACCTTTGAGAGATCAGAGGGTGCCCTTCGGGGAACTGTGACACAGGTGCTGCATGGCTGTCGTCAGCTCGTGTCGTGAGATGTTGGGTTAAGTCCCGCAACGAGCGCAACCCCTACTTTTAGTTGCCAGCATTGAGTTGGGCACTCTAGAGGGACTGCCTATGAAAGTAGGAGGAAGGCGGGGATGACGTCTAGTCAGCATGGTCCTTACGACCTGGGCTACACACGTGCTACAATGGGCAGGACAACGCGCAGCCAACTCGCGAGAGTGAGCGAATCGCTAAAACCTGTCCCCAGTTCAGATCGGAGTCTGCAACTCGACTCCGTGAAGTTGGAATCGCTAGTAATCGTGGGTCAGCATACCGCGGTGAATACGTTCCCGGGCCTTGTACACACCGCCCGTCACACCATGGGAGTAAATTGCAGCTGAAACCGCCGGGAGCTTAACGGCAGGCGTCTAGGCTGTGGTTCATGACTGGGGTGAAGTCGTAACAAGGTAACTGTACCGGAAGGTGCGGTTGGATCACCTCCTTTCTATAGGTTCCACATCTCTTCCCACCCAGCCACTCGTGGCTGTTGAGCGCTGTTCTCCTCTGGGCCGGTCTTCCAAGATCGGCCCAGCGTCTTTTGTGTGCCGCCCATCAACACACCCAGGGCGGGCCACCTCCACTTCCGGGGGTGGCCCGCCCTGTTTTCTGCGGCTGCTGTGAGCGGCTCAGGTGCTCTGCGGTGTTTCGTTCCAGGCGTGCACCAGCAGGTTCTGCACATCCTGCGCGCCCTGATCCTGCAACCCACTGACCTCCTGTTCCAGCAACTTGATGGCGCGGCGGAAGGCCTGACGGTCCAGGTCAGGCAGGCCGCGTTCCACGTTCCAGCGGCGCAGTTCGCAGGTCAGGATGGCCAGTTCGAAGGGGTTGCCGCTGACCAGAATCT
NZ_CP115165.1_gap37	1174229	1178125	3896	GCGTCAAGCTCGCGGGCCGCCTGCCGGTCCCCCTGGCGGATCAGCGCGAGTTCCTGCGTGGTCGCCTCGCGGTACTCGCCCAGCGTGACTGCGGCTGCCGGGAGGGTCACACCGGGCGGCAGGGTCGGGCGCAGCGGCAGCCAGCTCACGGGAATCAGGCGGTTCTCGCGGGCCGCCGCCCGCCGCAGCTCGGCCTCCCGCTGCCGGGCCAGCCTGACGCAGCGGTCCAGGTCCAGCCAGAAAGAGGCGTCCAGCGGTTCGCCGCTGATGGCCCGCCAGTCCAGCGCTTCCAGCTGATGCGTGAGCGCGGTCGTGTCGGCCAGCAGCAGCAGCGTCCGCTGATGCCCGCTGGCCGAACGGATCACCAGGACGCTCAGGGACATGCTGGCCAGGGTCAGGGCGACCAGCAGGAACATCCACCACGGCGCGCCCAGCAGACCCTCGCGCAGCCCGCCGCTCAGGCTACCCGGCCACCGCCCGGCGCGCGTCACGGCCGCGCCCGGCGCCAGCAGCGCGGACCTTGCAGGGGAGGGGGGGCGGGGCACACACCCCCACTGTCCAGCATGGCCCCTGTCTGCCCTCTGACAGCGGGTCTCCGTTCAGATGCCATTTAGGCGGGAAAGCGTGTGGGGCTCGGGTGGCCCGCAACCGACGGAATCCGCTGCCCCCACGCCTCAGTCTGGGTGGCTCTGGCTGAGGCGTGGGGGCGGCGGTGCTTCCACGCGGACCTCCTGGCCGGTCAGCGGGTGCCGGAACCGCAGCGTCCAGGCGTGCAGCCAGTACCCCAGGTCGCCCGGCAGGCCCGGCAGGTCCGGGAGTGGCGCGCCGCCCGGCCCGTACAGCGGGTCGCCCAGCAGCGGGTGCCCGGCGCTGGCCAGGTGAATGCGGATCTGGTGTGGCCGACCGGTGTGAATATCCACGTCGAACAGCGTTGCCCCGCCCCTGCGCTCTCGGACGGTCGCCACGCTGCGCGCTGCCTTGCCGTCCGGACTGGCCGCGAACACGCTGCCCAGGCGCGGGTGCGGTACCGGCCCGATGGGCGTGCGGATGTCCAGGGTGTCCCAGGTGGGCACGCCCGTTCCCAGCGCGCGGTACACCTTCTGCACCTCGTGTTCCCGCCACGCGCGGGACAGGGCCGAGCCGGCCTCGCCGGTCCGTGCGAACAGCACCACGCCGCTCGTGCCGCGCCCCAGGCGGTGCAGCGGACTGGCTCCCGGAAACCGTAGGCGCACCTGCGTCAGCAGTGTGTGCGTCAGGAAGCCCGCGCCGGGCAGGGTGGGCAGGCCCGGCGGTTTACTCACGGCGACCAGCGAGGCGTCCTCCAGCAGCACCGCGTACTCCAGCGGCGCGGGTTCCTCCCGCCACGGCGGGCGGTGCCACACCACCACGTCGCCCGAGCGCAGCACCTCGTCCCCGCGCGCCTGCACGCCCCGCACCTCCACCTCGCCCGCCGCGAGCCTTGAGGCCCACACCGCCGCGCCGGAATGCCGGAACGACTCGCTCAGGAACGCCAGCACCCCCACGCCCCCCACCCGCACCTGCGAGCGGAATGCGAACCCGTCGTTCGAGGGAGCGTCGTCCGTCATGGCGTACAGGGTACGCGGAACGCGGGTCCGGTGCCCTTCCCGCGCCCCGCCTCCCGCTTCCGGCGCCCAGCCTCTACACTGGCCTGTGATGTTTGGTCCTGTTTCCCCTAGAAGTCGCCCGCAACCGGGGCACCTGTACGACGTGGCCGTGGTCGGCGCCGGGCTGGCCGGGACGGAACTGGCGTGGCGGCTGGCCCGCGCGGGCCGGGACGTGCTGCTGGTCTCGCAGGCGCTCGATCACCTGGGGAACCTGTACCAGCCGACCACGCAGGGCGTGACCTTCCCACCGGGTAGCCTGTTCGAGGAGGTGCGCGCCGCGCTGCACCCCGACACGGACGGCTGGACATTCCACCGGCACCTGAAAGCCCGCGTGGAGGAAACCACCGGCATTCACCTGCTTCAGAGCACCGTGACGGCGCTGGACGAGGAGGACACCCACGTGGTCCTCTCGACCTGGGAAGGCCCGAAGCTGCACGCCCGCCTGTGCGTGCTGGCCGTCGGCGCGTTCCTGAAGGGCCGCCTGCTGGTGGGGGACACCATGGACGAGGCCGGGCGGCTCAGCGAGGTCGCGTACGACTTTCTGGCGGACGACCTGACCGCCAGCGGCATCTGGCTGACCGGCAGCGAGCGCCGCGCCGAGGGCGAAGGCGTGGAACCCCCGTACGAGGTGCGCTTCCTGACGCCCGCCCCCACTGAACTCGACGGGTTCCGCGTGAACCGCCTGGAACGCGTGCGGATGCTGGGCCAGTGCACGCCCGGCGACCACACGTACGCCAGTGTGCTGCACGACGCCGCCCACCTCGCGGACGACCTGTCCACTGACCTGAACGGGGAGGTGAACGCGTGATCGCCCCCCTCGGTGACTTCCACTTCCCGGACAGCGCCGCGCGCCTGTACCCGCACACCCCGGAGCGCCCCTGGGTGCTGGAAGTGGGCTTCGGGGACGGCCGTTTCTGGCCGCACTACGCCGCGACCTTCCCCGAGTCGCCCAACTACCTGGGCGTGGAACTGTCCGGCGTGTCCCTGCTCAAAGCCAACCGCCGCCTGCGGGACGCCGGTCTGGACAACGCCCTGCTGACCAAACTGCCGGCCGACGTGCTGATCCGTGAAGTCATCCCGCACGCGGGCCTGGACCTGATCGTCGTGAACTTCCCTGACCCGTGGCCCAAGGCCGGGCACACCGACCACCGCCTGCTGCGCGCGCCGTTCTTCCGCCTGGCGGCCAGTCGCCTGAAACCCGGCGGGATGATCCTGCTCACCACCGACCACGACGAGTACTTTGAATTCGCGTGCGCCGAGGCAGCCGCCAGCGGGGTCATGCACACCGAGATCACCGAACCGCCCGCCGCCGCGCTGGAAACCAAGTACGCCCTCAAATGGCGGGACCTGGGCCTCGGTGCCCACCACGCCCGCTTCATTCCCACCGCGCATACGCCCGTCCCGCACGGCCGCACCGCGCCCTACCCGGAGGACCCCACCACCGTGCCCCACGCTGTCCTGACCCTGCCCGACACTTTCGCCCCCCAGACCTTCGAGAAACTCACGGAACGCAACCCCGCCAGCCGAGGCGCCGACGAGGGCGCAGGCTGGACCGTCATCCTGCTCGACCTGTACGCCGGGCTGCGACGCGACGGCTGGGTCGTCCTGGCGCACGTCGTGGAAGGCGAACTGACGCAGGAAGTCCTGATCGGCATCACTGCCCGCGAGGACGGCACGCACCTCGTGCGCCTCGCCAAGTTCGGCGGCCCGATCATCACGACCGGCGTGAAGGCCGCCGTGGGCGTCGTCACCCGCTGGCTCGAAGGGCAGGGCGCGGTCGTCAAACACCACGGGTACTGACACGGACTCCGGTTGAATGGTTTGCAAAAACCGTTCAACCCGAGCGGAGCGAGTGGGAGCCGGACGGGTTCCGGGCGTGGAGTTGGCAACCCGGTGTATTTCCGGGTTGTTAACGAAACAGACGGAATCCGTATGACACGGACTCCGGTTAGACGGCCGGCCCGCCTTCTGTCTCCGCGCGGTATGCGGCCTGCACCAGCTTCAGGCCGGGGGCCAGGGCCAGCGCGCGCAGCAGCGGCCCCTCGATGCGCAGCGTGCCGTCCGTCATGGCGGCCACCACGTTCAGTTCGCCGCGCCAGAAGGCGTGCGCGCCCGGCCCGCGCAGGTGGAAGGTCAGGTCGGCCGCACCCTGCCGGGCCGCCTCGCCAGTCGTGACGACCGATGTGCCGCTGCGTCCGTCCACGCGCACGCAGGCGTCCGGGTCCGACTGGATGAACAGCAGGCTCAGCCGCGCGCGGGCCGGGCCGGGAT
NZ_CP115165.1_gap38	1228291	1230741	2450	CGGGCGCTGTATTATCTGCGGCGTGCGGCTCCTGCTGCTGTCTGACATTCACGCCAACCACACCGCCCTTCAGGCGGTCCTGAACGACGCCGCCAAACGCCGCTACGATCAGGTCATCCACCTTGGCGACGCGCTGGGCTACGGCCCGCACCCGCGCGAGGTGCTTGACGCGCTGCGCGAACTGGACGCCGTGTGCGTGCTGGGCAACCACGACGACATGCTGCTTCAGTACGCCGATGGCCGCCGCGAAACGAAGGACTCGATCGTATCTATGGCCCTGATGTGGCAACTGGCGCGCCTGTCCGAACGGGACGTGGCCTGGGTGCGCCTGTGGCGCGACGGGATCGACGACCCGGACGTGGGCGCCCGCTACCGTCACGGCACGCCCGTGAGCCTCGACGACTACACTGATTCCGTCCCGGCCGCCCGCGAGGCCTTCGCGCAGTGGCAGGGCCGTCTGGGGTTCGTGGGGCACACGCACATTCCGGCCGTGTACGCCACCCTGAACTCCCCGGTCGGCGACTGGATCAAGGCGCAACAGTTCGCGGACGGCGGCAGTTACATGGTGCCGCCCAGCACCCGCGTGATCCTGAACCCCGGCAGTGTCGGCCAGCCGCGCGACGGGAACCCGCAGGCCAGTTACGCGGTGTTCGACACGGTCCGCGCGCACTTCGAGGTCTTCCGTGTGCCGTACGACATCGAGCGTGCCCAGGAGGCGGCGCTGGAGGCCGGGCTGCCGCAGGTGCTCGCCGCGCGCCTCGCCATCGGCAAGTGAAGGCCCCCACCTCCCAGGCGGCTGGCTCCCAGACCGCCAGTGCCCAGGCCACCAGTAACCAGACCATCAGTTCCCAGGTGGCGGGCGCCGCCGACCTGCACGGCCCGCTGCTGGAACAGACCGGCGCGTTCGGTGGGAACGCCCTGCTGCTGACCGGCCCGGCCCGCGTGGGCAAACTGGCCGTGGCCTGGGCGGTCGCCGCGCAGCACAACTGCACCGGCCCGAAAGGCATGTACGGCGAGGCGTGCGGCGCGTGCCACTCGTGCCGCGCCCTGGCCGCCGGGGGGCACCCGGACGTGCTGCTGGTCGAGCCGCGCGCCACCACCACGACCGGCAAGGCCGCCCGGCGCAAACTGATTCCCATCGGCGCGGTCCTATCGGGGCGCGACAAGACCCGCGAGTACGAAACGCACGTCTTCGAATTCCTGGAGGTCAGGCCCACCTTCGCGCGGCGCGTGGTGATCGTCAGCGGGGCCGAGTACCTGGGCCCGGAAGCCGCGAACGCCCTGCTGAAACTGGTCGAGGAACCCCCGCACCGCGCGCTGTTCGTGTTCCTGGCCGAGGACCTGCGTTCGGTCCTGCCGACCATCGTGAGCCGCAGCGCCCGCCTGAGCGTCACGCCCGCCACGGACCGAGCCGTGGAAAGCGCCCTGGGCCGCGCCGGGCACACCCCGGACCCGGAACTGGTGGCCTTCGCCGCCGGGCGGGCCGGGGTGCTGGACGACCCGCAGAAGGTTGGAGCCGCCCTGAGCGACGCCCGCGACCTCACCGACGCCCTGGGTGACGGCCTGCTCGCCGCGTTGCAGGCCGCCGAGGCGCTCGAGAAACGCTTCGATCCCGGCTGGCATCCGGAAGCGCTGCGCTTCGTGTGGCGCACCCTGCCCCCCCACCAGCGCGCCCGCGCCGACACGGCCCTGACCGCCCTGCAGGAGGGGCTGGAGGCGTACGCCAGCCCCAGCCTCAGCTTTCAGGTGTTCGCGCTGGCACTCCGGGACGCCCTCGGGCACGCCTGACCCGAACACCGACTTGAAGGTGCGGGCGGCGGGGGCGCTAGACTTCAGGGCATGAGTGCCCCCTTCACGCACGGCCCGCTTCGCGTGTGGTCGCTGCCCACCGGTCCCATCCAGGAGAACACCGTGCTGATCGCAGGCCAGCAGGGGCAGGGCTTCCTGATCGATCCGGGCGACGACGCAGGCCGCATCGCCACCCTGATCGCCGGGAGTGGCGTGACCGTGACCGGCATCCTGCTGACGCACGCGCACTTCGATCACATCGGCGCGGTGCAGCCCCTGCGCGAGCAGTTGGGTGTGCCGGTGTGGCTGCACCCGGACGACCGGGACCTGTACGCCCTGGGCGCGCAGAGTGCCGCTCGCTGGAACCTTCCGTTCACGCAGCCCGCCGCGCCCGATCACGACATCACGGACGGGCAGACCTTCACGGCGGGTGACCTGACCCTCAGCGCGCACCACCTGCCGGGGCACGCGCCGGGGCACGTGGTGTTCCGCGCGCCGGGCGTGGTCATCGCCGGGGACACCCTGTTCCAGGGCGGCATCGGCCGCACCGACCTGCCCGGCGGGAACCACCCGCAACTGCTTTCAGGCATCCGCGCCCAGCTGCTGACCCTCCCCGACGACACCGCCGTGTACCCCGGCCACGGCCCGTGCACCACGGTCGG
NZ_CP115165.1_gap39	1232997	1235864	2867	AGTTCATCCAGCGCGGGACGCAGCGCGCCGGCCAGCACGTCCTCGGCCAGCAGGGCGCGCGGCCCCAGGACCGCGACCGTCTCGCGCGACGCCCGGCTCAGGGGCGGCATCTCGGCGCGGGCGTAACTGCCCAGTGGCCGGACCTTCTCGATTGCCAGCCGCACCCGCCCGGCACTCTGCGAGACGCGCATACCCACCTCGGCGGCCGCTCCTTCCATCAGGTCGGGGCTGTCGGGCACGCCCAGCAGCGCGGGCAGACCGCTGATGCGGCGGGCCAGCAGTTCAGGCAGCGCCTCACTCCAGGCGTCGCCGCTGACGGCGGCCCACTGGGGCAGCAGGACCAGATCGACCCGGCCCAGTGCCAGGATGCGGCCCAGAACGAGTTGCACCTGGGGCGGTTCGCCCGGCAGGCTTTCACGCCCCAGCGCCAGGCACTCGGCTTCATCCAGGGTGGGTGTGACGACCTCGGCGCCCAGTTCTTTCAGGTACGCCGACCAGTACGTGGGGAGCCTCGCGGCGCGGGATTCAAGCAGACCAACCCTCATTCTGAACAGTGTACGCGCGCCGGGCCGGGTGCGTGGCCGGGTCGGTCACCATCGGGGGCGGGCCGGGGGGGGTGGGTCAGCCGCTGCCGCCCCCAGCGTCCACCTTGCCGGACTGCTTGGCCAGGGTGGCCTGCTCGGCCAGTTCCACGTCGTGGTCGTTGATGCGGCGCTGCTCGTTGTCGTGCTCGAACAGGTCCTGGCGGGCGCGCAGTTTGGCCTGCGGCTGCTGAAGGTCACCGCCGCTACCCCGGTGCACCCGCTGGAAGAACACCAGCGCGCCCCCCGCCAGGGCCAGCGACCCCGCGAAGTACAGGGTGTCCAGCGGTTTCTCCCAGCGCACGAAATGCTCCAGGAACGTGACACCCAGAATCACGATGATCACCGACACGACCTTCTGCTCCAGGTCCGCGAGGCTTTCCACGCCCAGCGCCGAGGTCAGGTTCAGGGGCGTGATGAACAGCGAGTACAGGCCCACGCCGATCAGGTAGAACACCACGGCCTTGAGCATGGTGCTGACGATCTCCAGGAATTCCACGGCGATGCTGCCCTGCTGACTGGCGATGCCCTGCGTGAACGTGTCGTGCCACGAGCCGTAGATGGTGTGCAGCGCCAGCAGCGTCCCCTGAAGGAACAGACTGAACGACACCAGCAGCACAGCGATCACCGCGATCAGTACCACGAACCGCGTGCGGCCGATCACCTCGCTGAACCACTCGCGTTTGGACGGCTGCTCGGCCGGGGACCTGGAAGGGGAGGGGGAAGGAGTCACGCCTTCATGATCCCTCCGGGGTGGTGGGGGGCGGGCGCGGGTGCACTTCACACTTGCCTGAAGGTCCGCGCCGCTGCCAGACTGCCCGGCGTGACCGACACCCCCGACCGCCCCACCCTGCCCGACGCCCTGAAACGCGTGCTGCCCGCCGCCCGTTGGGAGCGCGTGTCCGGCGGCCAGAGCGGCGCGCAGGTGTGGCGCTCGACGCGCTTCGTGGTGAAGGTGCAGGCCCGCGCGCCCCACGCGGTCAGCCTGCAACAGGAACGCGAGCGGCTGCGCTGGCTGCATGGACGCCTCCCCGCGCCGCAGGTCGTGGCGTTCGAGGTCGAGGACGGGCAGGAGTTCCTGGCCATGACCCGCGTGCCCGGCATTCCCATGAGCCACCCGGACGCGCTGCTGCACCCGGAGCGGATCGTGACCCTGCTGGCCCGCGCGCTGCGGGAACTGCACGCCCTGCCCATCCGGGACTGCCCGTTCCGGCAGACGCTGGACGTGACCCTGCCCCTGGCCCGCGAGCGCGTGCAGGCCGGACTGATCGACCAGACCGACTTCGACGGGGACCGCGCCGGGCGCAGCGCCGTCAGCGTGTTCAACGAACTGGCCCGCACCCGCCCCGCCCAGGAGGACCTGGTGGTGGCGCACGGGGACGCCACCCTGGACAACTTCATCCTGAACGGGGAGTTCGTCGGGGCCCTGATCGACGTGGGCCGCCTCGGCATTGCTGACCGTCACGCCGACCTCGCCCTCGCGCACCGCAGTGTGCGCAGCGAACTGGGTGAACGCTACGCCACTCAGTTCCTCGACCTGTACGGCCGCGCCCTCCTGGACGACACGAAACTCGCGTACTACCGCCTGCACGACGAACTGTTCTGAAACGGACAGTAGGAAGCAGAAAGTGGTGAGCGGGGTGGGGGTTCCACCGTCCACTCACCACTTCCCGCTCTCTACCCTTACGCCTTCGCCCAGGTGCGCAGGTAGTCGGCGACGAGTTCGCTGACGTTCACGCCTTCGCGGGTGGCCTTCTCGATCTGGGCAGCCTTCTCCTCGCGGGTAATGGGGAGCCAGAGGGCCACGTACTCCTGGCCGCCTTCCTGCTTGAATTCCCCGCCCAAGTCGTCGCGCTGCACGAATCCGGTTTTCTCCATGCCTTCCTCCGTTCCGGCCTGCATCAGCCAGTGGGTCACGCGGGCTTTCAGGAAACGCCACTCCCGGCCGACCTTGCGGCCCGGGATCTCACCGCCCCGCACCAGGGTGTAGGCGGTGGTCTCGCTGACCTTCAGGTAGGCGGCCAGTTCCTCCAGGGTCAGGACCTCGTCCGTGGGGGTCGTCGTCTCATTCATACCGGCACCTCCTCTCAGGTGATGCCATATTGCGCTATCTGATACCTTATATCAACAGGTGCTGCAAGATGCTGTCAGTTGATGCCAGTTGCACTTGGTCGCCCTGCCTCCGGTCTGCCCGGCCCGCGCGTGATCTACTCGGCTTCATGCGGACCCTCGGCCGACTCGTCTCCCACCACCCCTGGGCCGTGCTGATCGTGTGGCTGCTGGCCG
NZ_CP115165.1_gap40	1239139	1240087	948	GTGCGCGACGTGCTGAACGCCGTGCGGCCCGCCGGACTGCGCCTCGCCCTGGCGACCAGCAGCGACCGCGCCTGGGTGACCCGCTGGCTCAGCGAACACGCCCTGCTGGACGCGTTCGAGACGCTCGCCACCCGCGACGACGTGGCCCGCGTGAAACCCGACCCGGAACTGTACCTGCTGGCCGCCCGGCAACTGGGCCTGCACCCGTCGGCATGCGTGGCGGTCGAGGACAGCCTGAACGGCGCGACCGCCGCCGTGGCTGCCGGCATGCGCGTGGTGGTCGTGCCGAACGAGGTGACGGCCACCCAGCCCTTCCCGCCCACCTGGGCCAGACTGGACGGGTTCGAGGGCGGTCTGGAGGCCCTGCTGGCCGCCGCGCAGACCACGACCCAGTAAGCGGGCGCAGGCATCAGGGGCAGCAAATAGAAAATGGAGAGGAGGGGCCGTCTCTGGCGCCCTGCTCTCCATGTCCCATGGTCCACTGCCCGGCTTACACGTCCGGGTAGACCTTGATTTCCGTGATGTGCGCCCGGTCGGGGCGGCTGAGGGTATGCGCGACGCTCTTGGCGAGGCCGCGTGGGTCAATCATGGATTCCCAGCTGAGGCCCGCTTCGCGGTTGCTGGGCGTGTCGATGGCGCCCATGGGGTACAGCACGCAGCCGCGCACGCCCCGGCCCTTGAGTTCGTCGTGCAGGCTCAGGATGTACGCGGCGACGGCGGCCTTGCTGGCCGTGTACAGCGCCGCCCTGGGGCCACTGAGGCGCGCGGCCTGCCCGGCGCTGACGCCCATCACGATGCCGTCCTTCTGCTTGACCATGTGCGGCAGGACGCCCTGCACGGCGTGAAAGAGGCTGGTCATGTTCGTGTCGAACAGGTGGCGCAGGTCGTCCGGGGTGGCCTTCTGCGCTTCCTGGGTGCTGAACGCGCCGACCGTGTGAATCAGCGTGT
NZ_CP115165.1_gap41	1245124	1247273	2149	AGGTGCCGTCTGCCTTGATCTGCAGCAGGGCCCGGTCCACAGCTGCTTTGAGGCTGGTGTTGCTTTTCTTCATGGCGATGCCCACGGGTTGCGCGTCACCGATGACGCCCGCGCCGCGTACCGGGAGGTTCTGGGATTTGATCAGGTACCCGACGAGCAGGCGGTCGTTGTACGCGGCGTCCAGGCGGCCCGTGGCGAGGTCCGCGAGGTACTCGGGCGCGCCGGGGTACGTGACGATGTTGATGCCGCCCGCGTCACGCAGGCCCTTCTCGTAGTTGCTGCCCAGGCCCACGCCCACGCGCTTGCCTTTCAGGTCGGCCAGGGTTTTGGGTGCGAAGCTGCCAGTCTTCTTCACGATGATCTGCGGGCTGGAGTAAGCGTAGGGTCGGCTGAATCCGATGGTCTTCTCGCGTTCGGGGTTGATGCCGACCTGATTGACGATCACGTCGTACTTGTTGGCCTGCAGGCCGGCGAGGATGCCGCTCCATTCAGTCAGGACGAACTCGGCTTTCAGGCCCATCTTGGCGGCCACGGCTTTGGCGATGTCCACGTCGAAGCCGGTCAGGTTGCCTTTCGCGTCGCGGTAGGTGAAGGGCGCGTAGGTGCCTTCCATGCCGATTTTCAGCACGCCTTTTTGCAGGGTGGTGGGGGTGGCGGCGCTGGCGGTGACGGTCAGTGAGGCGGCGAGCGCCAGGGTGGTGCGGGTCAGGGTGTTCATGGTGGGACTCCTTGGGTGGGGCGGGTGGGGGAGACCTGCTGGTCCCCGCCCGGAAGTCATTAGTGTACAAAATACATCAACTTTGATTGCGATCCGGCTTGCACACTGCGGGCTGTCCTTCCTGAGCGTCCTCTCACGCGGCCGTCAGGCCCGCAAGCACGGGTACGGTTGACCCGGCCCCCTCCTACTACACTCGGCGCATGGCCTTCCCGGACATTCAGAGCTTCATGCGCCTCCTCGAACAGCGCGGCGAACTGATCCGCATCACGACCCCGGTCAGCCGGGAACTGGAAATCACCCAGATCGCCGACCGCATGGTCAAACAGGGCGGCCCCGCGCTGCTGTTCGAGAACGTGCTGGGCAGCGCCTACCCGGTCGTGATCGGCCTGCTGGGCACCAAGGAACGCGTGGCGCTCGCCCTGGGCGTGGGTGACCTCGACGACCTCGCCGCCAAGGTCCGCAACCTGATCGACCTGTCCGGCGGCGGCAGCAAACTCGGGCTGCTGAGCAACGTCACCAAGCTGCGCGACGCCATGAACCTCCCGCCGCGCCGCGTGCGGAACGCCCCCGTGCAGCAGGTCGTGTGGCGCGGCGACGAGGTGGACCTCTCGAAGATCCCGGTCCTCAAATGCTGGCCGCTGGACGGCGGCCCCTTCGTCACGTTGCCGCTCGTCATCACCAAGGACCCCGAAACCGGCGAGCGCAACATGGGCATGTACCGCGTGCAGGTCATGAGCAAAAACACCACAGGCATGCACTGGCAGCGGCACAAGACCGGCACGAAACACCTGGAGAAAGCCAAGCGGCTGGGCCAGCGGCTGGAGGTCGCGGTCGCCATCGGCGGCGACCCGGCCCTGATCTACGCCGCCACCGCGCCCCTGCCACCCGTGCCGGGCCTGGACGAGTTCGCCCTGGCCGGCTACCTGCGCGGCCAGCGCTACCCCGTCGCAAAGGGCGTCACGGTGGATCTGGACGTGCCCGCCAACGCCGAGTTCATCCTCGAAGGCTACGTGGACCCCGCCGAGGACTGGGTGGTCGAGGGACCGTTCGGGGACCACACGGGCTTCTACACGCTGCCGGACCTGTACCCGCGCTTCCACGTCACGGCCGTCACCATGCGCGAGCAGCCGGTCTACCCGGCGACCATCGTGGGCCGCCCCCCCATGGAGGACGCGTACCTGATCGAGGCGTCCGAGCGGCTGTTCCTGCCGGCCGCGCAACTGATCATCCCGGAGATCGTGGATTACCACATGCCGCCCGCCGGAGTCGCGCACAACCTCGTGTTCGTGAGTATCAAGAAGAGCTATCCGGGGCAGGCGTACAAGGTCGCCAACGGCCTGTTCGGCCTGGGCCAGATGATGTTCGCCAAGGTCATTGTCGTTCTCGACGAGGACGTGACCGTCACCGACTTTGAGGCCGTGTGGCGCGAGG
NZ_CP115165.1_gap42	1263833	1264467	634	CGCGTGGACACCTACGGCACCGGCACCGTCAGCGACGAGCAGCTGGCCGCGCTGATCGCTGCGCACTTCGACGCCCGCCCGCAGTCGATCATCGCGGAACTGGACCTGCAGCGCCCCATCTACGCGCAGACCGCCGCGTACGGTCACTTCGGGCGCCCCGAGTTCCCCTGGGAGCAGACGCCCAAGGCCGGGGCCCTGAAGACTGCCGCGCAGCAGTAACGACGCAGTGAAAGGAGGGGGCCGGACACAGTCAACGTGTCCGGCCCCCTTCCCTTGCTGCGTGGCCCTTGCTGCGTGGCAGTCAGCGGCCCGGCTGTTCCTGCTGCTGCGCCTGCTTCTGCTCTTCCTTCTCGGCCTCGCGTTCGGCGTACACGTCGGCGTGCTTGCGGCGCAGCGCGGCGGCACTGGCGCGCGGGACCATCTCGCTCACGTCGCCGCCGTAACTGGCGATCTCGCGGACCATGGAGCTGCTTACGAAACTCCAGCGGGTGGCAGCCATGATGAACACCGTCTCGGCGTCCCCGATCTGGCGGTTCAGGTGCGCGATCTGCAACTCGTACTCGTAGTCGCTGACCGCCCGCAGGCCGCGCAGGATCACGCTGCCGGGCTCCTGGCGGGCCATGTAGTCCACCAG
NZ_CP115165.1_gap43	1266708	1271703	4995	CCAGGGGGCGCGCGTCGCTCCAGAGGCCTTCGAGGTCGTAGTACTCGCGGGCGTCCTTGGTCATGATGTGCACGACGATGCCGCCGCCGAAGGCGAGCAGCAGCCAGCGTTCGCTGGGGCCTTCCACGCTGGGGCGGGGCAGGCCGGCGGCCATGGCCTTCTCGCGGATGTTCTCCTGCACGGCGTTCAGCTGCAACCCGGCAGTGGCGGTGCAGATCACGAAGTACTCCAGGGTGGAGCTGACGGCCGTCAGGTCCAGAACGGTGACGTCCTCGGCGCGGCGTTCACGGGCGGCGTCCACGATGGCTTGCAGTTGGGTCAGGGTGCGGGTGTCTGGTGTCATGAAAACTCCGGTGGTTCAGGGGGTGGGGGTCGTGGGGCGCGCGGCGCCAGCGGCAGAGGGCAGGGAGCAGTCACCTGCTGGAAAGTGGAAGCCGGAAACGCAGGCCTGAAACGCGGTGAGCGCGGCCCCGTCAGCGTTCCTGCCACCCTTAGTGGGGGGTGGGCGTGGCGGCGGGCGGCGCAGCAACAGGTCAGTGTACAGGGACGCGCCGCGCCGAAGGCAACGCGGCTCACCCGGCCCGGCCGCCCGGCGGCCCTCCCGGCGCGCCCAGCGCCGGAATTCCGTCTCAGTTGCTGCCGGGAGCGGTGGTGGGCAGCGGTTCGGGTGACGGGCCCGGCAGCGCGGTGTCGTCGGCCACCCGGGGATCGGCGGCCAGTGGGGTGCCGGCCAGCGCGGCCAGTTCCTTCAGGTTCTCCTGGGCGTCGCGGGTCAGCAGGACGCCCACCTCGCCCGCCGCGACCGGGAAGCGCTCGCCCTGCAGGCGCGGCAGGTTCAGCAGGTCCGCCAGCGCCCCGGCCTGCGCCACGTCCTGCTGCGTGAAGACCTGACTGGCCTCCTGACTGGCCGGCGCGACCGTGACCTGCACGTCCGCGTAGCCCAGCGCCGTCAGGGCGGTCTTCAGGCCTTCGCCCAGGCCCGCGCCGCTGGCGTCCACGACCGTGACCTTCACTCCCGGCGCGTCCGTGACCGGGGCGGGTGCGTCGCCCCACAGTGCGGCCAGCCGCTCGCGGTTCACGGCGAGGTTGAACGTGCCGGGAATCTCGTCGGTGGGCAGCGTCGCGAAACTCAGTTTCAGGCCCGGCAGGAACGGCCGCAGCGCCGCGAGGGTGTTCGGGTCCGCGTTCGTCTCCACGCCGTTCCCGATGCCGCCCAGAATGGTGGGGAGCGCCGCGAGGCCCTGCGCGGATTTCAGGCGGCCGGCCAGTTGCGTCAGCGCCTGCTTCTGATGATCGATGCGGCCGTAGTCATCCCCGAAGCCCTTGCGGACCCGCAGGAACAGCACCGCGTCCGGGCCTTCCAGGTGGTGCGGGCCGGCGTCCAGTTGCAGGTTCACGCCCGCCGCCCGGTCGATCCACTCGATGCCGCCCTCGGGCACGGTCACGTCCAGGCCGCCCAGCGCATTGATGACCCGCTCGACGTAATCGGTGCGGACGATCACGTACGAGTCCACCCGCTCGCCGGTGATGGTCTCCACAGCCTGCTTCAGTGCCTGCGGGCCGCCCGAGAAGTACTGACTGTTCACCTTCTGCGCCGCCACGGATTCCCCACGGTCGAACTCGCCGACGTTCGTGTCACGCGGGATGTTCAGCACCCGCACGCGCGCGCCGTCCACCTTGACCAGCATGACCGTGTCCGTGTTCGGCGGCTGCACCAGCCCCGTCCGCTGATCCTGATCCTTGCAGGGCTGCTGGTAGTAGCAGTACACGATGTCCCGCCCGGCGATCAGCACCGTGAACTGCGGCGCCGTGCCCGGCAGTACCGACGACGCGACCGTGCGCCCCGCCCCGCTGAGCAGCGCGAAACCACCCAGCGACAGGCAGGACAGGGTCAACCCGAAGGCCTGCAGGGCGCGCAGCCTGCCCAGGCGGGAAGGGCGCGTCACAGGAGAGACGGACGGGGAGGGGAAGGCTGGATCTGTTGAGCGACGCACGGCAGCGCATGATAGGCCTGCAACGTCCGCGGATGCACCTGAATGCCCCGCCCCTGCAGGTACGTGACCTTCGAGACGATGGCGCGCTCCAGCGCGGCGTTCAGGTCCCGCAGCGCCAGTTCGCGGATGTCGGCGTTCACGCCCCGCCCCGGCTCGGACACGTCCGCGATGTACACGCACTCCGCGACCCGATTCCCGCCGCGCGGCCCGGTCGTGTGGTCCTCCACGGCCTCCAGCACCACCTGATCCTGGTACCCCCAGCGTTCCAGCAGCACCCGCGCGGCCCGCCCGTGCAGCGCCAGCGGATGCCCGGCGTCGATCTCGCACTCGGGCGGGGCGAGGCGCAGCAGCTCGGCGTCGGGCAGGTCGCGGGCAATGTCGTGCAGAATCCCGGCGGCGTAGGCGCGCATGTCGTCCAGACCGTTCGCCAGGGCAATCTGGGCAGCCAGTTCAGCCACGCGCAGCACGTGCTCGTAGCGGCGTGGGCGCACCATCAGGCGCACGCGTTCTTCCCAGCCGGTCCACTCCGCCACAGGGTGCCGGGGTACGAGGAGCTGGGCGATCACAGGGGCATGTGGCCGGTTCTCCACATCATGACCTGACTATACGCCCCGCACTCCCGGCCGCGCTGACATCCGGGTCACTTTCCCCCCCCTGTTACCCCGCAGGTTCCGCCGCCCGACCAGTGCTGCCCAACCCGTTGCCGGGATAGCCGGCAGCCCAGGCGCGGGTGTCTCAGGGCTGATGTTTCAGGCGCTGGCCTCTCACGGAGCGGCCCTTCTCACGGAGCGGCCGAGGTGACCCGCTCGACGGTCAGGCGCACGCTGACGGTCTCCAGCGCCTGCGCGCCAGCCGGAATCGAGAGGTTCACGGCCGCCGTGTACGTCCCGGCGCGGTACGTGACGGTTCCCCCCACCTCACGCAGTCGCCCCAGCAGTTCCGGCGCCGCGACCACCCGCACGGTGCTGGGCTGCACGCTGACCGACGTGACCCGCAGCGTCGCCGGCGGATCGTTCAGCACCACCCGCACCGTCTTGACCGGCAGTTCCCCGGTATCCAGGCGGCGGACCGTCACGGTCGACGGCGTGGCCTTGACCCCACCCACCGGCAGGCCCGCGCCGTCCAGCGCGACCAGCGGCACCTCCCGCTCGGCCCCCGCCGACAGGGCCGCCGGACTGGTCACCACACGCGTCACGGTGGACACCACCCGGCCCGGCCCGGACACCTGCGCCTCGGCCGGCGAGACCACGTACCGGGGCACGCTCGCCTCGGGTGGCGACGCCACGCTCAGCGTGACCGGCAGTGTGCGCGTCACCTGCGTATCCAGGAACCCCTGCACCCGCGCGGGCGTCTGCCGGCGCACCTCGGTCCCGCTGGGCGCCGTGACCGTCACGGGCTGCGTGAAACTCCCCTCCGGCACGCCTGTCACGTCCACGACTGCCTCGATGTTCTCCGGTTGCAGTTCCCGCAGCCGGTCCGGGCTGCCCCACAACGTCACCCGCACCGACGCCGGGCTCAGGTCACTCGTGGCGCGCTTCTCCTCGCCGCTGCCGGTCGTGTCCCGCACGGACACCGGCACGTTGAATCCCTGCTCGACGTTCGCGCGCCGGTCCGTGGTCGCCACCACCCACAGCGTCAGGGACACGCCCAGCGCCAGCATCTTCAACCCCAGGTTGTGCGTGCCACGCGTCCAGGCGTGACGCGGGTCCAGCCAGCGCCGCAACTGCGCCGCCAGATCAGACCCGGCCCTCACGACGACTCCCGCGCCGGTTCACCCTCGGCGCCGCGCTCATCCGGGTCCGGTTCCGACTCCCCGGCCGCCAGGAACCCCGCCCGGTCGTACACCAGCGCCCGCAACTGCTCCCTCAACTCCGTTCCGTTCAGGTCCGGACCCAGCCGCCCCGTCAACGCGATCCTCATGCTGCCCCGCTCCTCACTGACCACCAGCACCACCGCGTCCGTCAACTCCGACAGGCCGATCGCCGCGCGGTGCCGCGTGCCGTACCGCCGGTACGTACCGTCACTCGACTGCAACGGAAACAGGCACCCGGCCGAGATGACCCGCGACCCCTGAATGATCACCCCGCCGTCATGCAGCGGCGCGTTCCGCGCGAACAACGCCTCCAGGAACGGCACGCTGACCAGCGCGTCCAGCGACACGCCCGTCGCCGCGTACTCACCCAGAGGCGTGCGCCGCTCGATCGCGATCAGCGCCCCGGTCTTGCGCTCCGCGAGGCGCTCCATGGCCCGTGCCAGGTCCTGCAACGCCGCGCCGCTCGCCCCGGTATCCCGCCCGCGCGGCCGCCCCACCCGCTCCAGCGCCGCCCGCAACTCCGGCTGGAACAGCACCACCAGCGCGAAGATGCCCACCGTTCCCGCCCGGCCCAGCAGGTAACTCAGGGTCGGCAGGTTCAGCACCTGCGCCGCCACCCACACGCCCGCGAACACCAGAATGCCGCGCACCACGTTCACCGCCCGCGTTCCCGCCACCAGCAGGTACCCCTGGTACACCAGGAACGTGACCAGCAGGATGTCCAGAACATCCCGGACATTCACCTGACCGAACGGAGTGGGCATGACTTGAACGGCGCTCCTTTCAAAAAACGGGACGAAAAACAAAAGTCGTTGCGCGCCCACTATACGGTGTTCAGCCCCACCGTCCCGCACGCCGCGCCGCCGTAGCCTCAGCAGCGGCGCGGCCCCAGCGGCGCCCCCCCCAAGGAGACCCCCATGAACATTCACTTCATCGGCCACAGCGCCTTCATGCTCGAACACGGCCAGACGCGCCTGCTGATCGACCCGTTCATCCAGGGCAATCCCCAGGCGGCCGTCACCCTGCAACAGGCGCTCGACTGGAACGTCACGGCTGTCCTGATCAGCCACGCGCACGGCGACCACTGGGGCGACACCCTGGAGTTCACGCGCGGCGGCACCCCGCTGATCGCCACCGCCGAAATCGCCGGGTACGCCCAGCAGCACGGCGCGACGAACGTCACCGGCA
NZ_CP115165.1_gap44	1275403	1278422	3019	AAACCGGCGCACCCAGGGGTTCTCCCTTATCGAGCTTCTCATGGTGATGGCGATCGTTGGGATTCTCTCTGCTGTCCTGTTCGTCAGCAGCGCCCGTGGCGTTCGGCAGCAGCAGTTGCGGGAGGCCGGAACCCAGCTGCTGGCGGATTTAAACAGGACTCGCACCCAGGCCACGCAAAGCTCTACCGCCACTAGTGTGACGCTGACCAGTGCCGCAGCCTCGTCGCCTAAGGCAACATACGTGACCGTCTGGTCGCCGGGCGGGAGTGTCACACGTACCTTGCCGAACAACGTGCTGGTCGCCCCGGTGGCCACCTACGCAAATACCATCACCTACACGGCTCCCTACGCGGAGAGCAGCGTGCCGGGCGGAGCCGTCTGGGTCCTGAGCAACTCAGCCGGTGAACTGCTCTACATGAAACTCCTGGGAACCACAGGAAAGGGGACTTTCAGTGCGCAACCCTGATTCAGATCACCGGTACACCCAGCAGGGTTTCACCATCGTCGAAGTCTTGGTAGCAGTCATGCTGCTGCTTGTCATCGTGACTGCCGTCCTAGCGCCGCTGACCGGACTCTTCGGGCTGTCACGGCAATCAACTCAGCAGGTGGCCGCAACCAACCTCGCGCAGGCGGCCATAGAACAGGTTAAAGGCGAATGGCAAGACAGCCCCAAGTACCAGATGAATTGCGTATCCCTGACCAGTTTTCCTGCGGGTGTGCAGGTCCGGGCACAGGGTATGGACTCTAATTTCAACAAAGTTGGCAGTGAAACGGACGTTCAGGCGACTGGTACCGCCTGCGGTGTCAGTCCGGCCCTGCCGGATACCAGCCCGACCAACCGGACCGTGACAGCGTCAGCCACGAGTGCAGGCAAAACAGTCAGTTTCTCCACGGAGATTGCCCACCCATGAGGACTGATCTTGCAATGATCCGGCAGGCCGGCTTCACGCTGGTAGAACTGTTGATCGGCATGGCCCTGATGAGCGTGGTCCTGCTGGCAGTCTTCAACGTGAATCTGTCCTCTACGCGGGCGTCCATGTCATTGCAGACGCGCAATGACCTCCTGCCGGAAACGCAGATCGCGCAGACATACCTGCTCTCCAAACTCCGTGAGGCAGCGTACGTGTACCCCACCGCAACAGCGTTTGATCTGGGAACAGATCCCACTGTGCGGAATCCCCGTACCGGTTCTGGCATCTGGTCTGTGGGTACAGATGCGTTTGTCGCCGTAGTCCTACCGCCCAGAAGCGGGACGCCGAATTGCGCTGTCACTGCTCCAGCCGTGCCGGACACAGCCAACTGCTATACCCTGCACGCTTACTACCCGGTCTTGCGCTCGGCCCTGACCGGCAGCACCACCCTGAGCAGTGGCCGTCGACCGTCGACTGAGCCGCTGAACGACTCAGCCTGGGTATTGATGGAATACCGCCGCTCGTTCGGCAAACTGACCGGCACCGTGTTCCCAGTCCCAGCGGCCAACACCACGCAGGGCGCGATGGTGATGGATTACCTGCTGCCGGTCACCCTTCCGCAGGTGAGCAGCATTCCAGACCGCCTGTTCAGTCTGGCGGGAGATGCAGGCATTCAACAGGTCGGCAGGACCGCTATCACCGTGAATCTGGCTGCCCAGCGTCAGGTGGGTGGCAGTCCAAGCGTGCGTGTTCCCGGCAGTGGTCGCTCCACGGTCACAGTGTTCCCCAGAAACGTCGGTAAGGGCATCGGCCTGAACTGAACGGCAGGCGTTCTCACTCTGACTGGTGGCTGGTGCGGACTGCATCAGTCACTAGCTTCGCGTTACACCCGATAGGGGTGGCGGTAGGTTTGCTGAAGGTGTGGTCAGGTGGGGGCGGGTAGGCTGTCTGACATGTTGGTGTCGAGTCGGGTGCAGGATCTGCTGGGGCGTGAGCGGGCGCTGCTGGGTGACGTGCTGGGGTTGCTGGTGGGGCAGGGCGCGCCGCCGGACGTGGTGGAGGGGGCGCGGGTGGCGGTGCGGGCGCTGGATGAGGCGTTCCTGCTGGTGGTGGTCGGGGAGTTCAATGCGGGGAAGAGCTCGTTCGTGAATGCGCTGCTGGGCGCGTCGGTGCTGCCGGAGGGGGTGACGCCGACCACGGACCGGATTTACGTGCTGGTGAACGGTGAGGTGCCGGGGCAGATGGAGGCGACCCGTGATCCCTTCGTGAGTCGTCTGACGTACCCGCTGCCGAGTCTGGAGGGGGTGGCGCTGGTGGATACGCCGGGCACGAACGCGATTGTCCGGCAGCATCAGGCGCTGACGGAGGGGTTCCTGCCGCGCGCGGATCTGGTGTTGTTTCTGACGTCGGCGGACCGGCCGTTCACGGAGTCCGAGCGGCAGTTCCTGTCGCTGGCGGCGCGCTGGGGCCGGAGTGTGATCATGGTGGTGAACAAGGCGGATCTGCTGGAGACGCCGGAGCAGAAGGCGCAGGTGCGGGAGTTCGTGGAGGCGGGCGCGCGGGGCGTGCTGGGCCTGACGCCGCCGGTGCTGCTGATCAGCGCGCGGGCTGAGCAGCGGGGCGGGGACGTGGGTTTTCACGCGCTTCGTGAGGTGCTGCGGATGCGGCTGTCCGAGGTGGAACGCACGCGCCTGAAGTTGCTGAGTCCGCTGGGGACGGTGTCGGAATTGCTGGCGGGGGAGGAGGCACGGGGCGTGGCGTCCCGGCAGACGCTGGCGGAGGACCTGGGTGTGCTGCGGGAGCTGGAGGCGCGGCAACTGGCGCACCAGGAGAGCACGCTGGGAGAACTGGATGGGCAGCTGAACCGCGTGAACCGCCTGCTGAGCGAGTTCGAGGTGCGCGCCGACCGGTTTATTGACGAGAAGTTGCGGTTCGGGAACCTGCGGGGCCTGCTGAACGGGCGGGAACTGGAGGAGGCGTTCCGGCGGGAGGCGGTGGCGGAGTTGCCGGACGCGATCGACCGGCAGTTCGGGACGATGATCGACCGGTTCGTGGAGGTGAACCTGGGCTTCTGGGAGGACGTGCAGGTGTTCCTGGCACGGCGGCAG
NZ_CP115165.1_gap45	1395429	1398836	3407	GGCTACGCGGCCGGGACCACGTCCTGCTGAACGCCACCCTCGCCGACAACGGTGTGGGCGCCACCTTCGCCAGCGACGACAGCACCCTCAGGGGCGGCACCCTGATCGGCGAGACGCCCAACCTCGGCCAGCCCGAGGGCTGGGAACCCACCGGCACCGGCGGCCGCGCCCTCCCACGCCCCTGGGACGCCAGCTTCCCCATCCGCGGCTTCCAGTTCTACGACGGGCACGTCAGCATCGACGGCGCCGCCCTCGCCGGATTCACGCCCGACGCGACCCGGCAGGCCAGCGGCCTCGGGTACCTCACAAAGAACGCCTTCAGCCTCGAACCCACCAACAACGCACTGAACCTCCGCTGGCCCGACCAGAGCGCCCGCGTGTACTTCCCCGCCGCGCAACCCGACCGGGACGGCGACAAGGCCGCCACGTTCCTCGACACCGACGGCACCACCACCGGCAAGGCCGGCACCACCGTCACCGCCAGCCCCCTGCTGCGCGCCGCGCCCGACTGCACCCCCACCCCCGCCTGGAACGCCAGCACCTGCCCCGGCACGTACACCCGCCTGTGGATTCACGACGACACCGCCGCCCGCATCGGCCCCGTCACCGTCACCGGCCCGCACGGCACGGTCAGCCTGAACGGCAACACCGCCGACCAGAAAACCTTCCACACCACCACCCGCCTCACCCGCACCTACACCCTGACCCCCACCACCCCCAGCGCTCACCTGCGCGTCGGCATCAGCCACAGACAGTCCGGCGACACCCTTACCCTCCGCATCCCCACGCCCACCGAACCCCGCCTGTACCGCGACTGGTGGATCGACAACCGCAACCTTCTCAAGAAGGTCACCCTCGCCGCCCTGGCGGCCACCACCGGCGACAGCTACGCCTACGAGAACGGCACCCTCACCCTGAAACTCGTCGTGCAACAGGGCCGCGACTACGCCGCCACAGACATCTGCGCTGCCGACCTGTGCAAGTAATACGGACTCCGGTTGAATGGCTTGCAAAGCCGTTCAATCCGAGCAGAGCGAGCAGGATAGAAACGGGTTCCGGGCGTGGAGTTGGCAAGCCGGTGTCGTTCCGGGTTGTCAACGAAACAGACGGAATCCGTATAAGGGGTCTGTGCTGGGTCTACAGGTACACCTGACAGCCCCGCTCAATCAGCGTGTCGAAGGCGTCCGGCAACTTCTCGATGCGGTTCCAGCGCAGGTCGAGTTTCCGCAGTGTGGGCAGGTGCGCCAGCCTCTCGGGCAGGGTGGTCAGGGCGTTGGCGCGCAGGTCGAGGGTGTGCAGCGCGTGCAGGTCGCCCAGCGTGTCCGGCAGGTGCGTCAGCGCGTTAAACCGCAGGTTCAGGGTCGTCAGGCGCGGCAACTGCCCCAGCGAGTCCGGCAGTTCTGTCAGCGCGTTGCCCTGAAGGTCCAGCACCTCTAGCGCCCCACACCCCCCCAGCGTGCCGGGCAGGCGGGTCAGGCGGGCATTCATGACGTGCAGTTCCCGCAGCGCGCCCAGCGCCCCGAGGCTGTCCGGCAGGGCCTCCAGCGGGTTGCCGTACAGCCGCAGTTCCGTCAGGGCGCGCAGGTCGCCCAGCCACCCCGGCAGGTGCGTCAGGTCGTTATCCGTCACGTTCAGGTATGTCAGCGCGCCCAGGTGTCGCATGGAGTCTGGCAGTCCCGTCAGCCGGTTGTGGCTCAGGTACAGGAACGCCAGCCGACCCAGCCCCCTGAAGGCGTCCGGCAGGGCGTCCAGTTCGTTGTGCCCCAGGTCCAGCATCCGCAACTCGCGCAGGTCGCCCACCGCGTCCGGCAGCCTCTGGAACTGATTCGCGGACAGGTTCAGCGTCCGTAACCCGCTGCGCGTCCACACCCAGTCGGGCACGGCCCTCAGCGCGTTGTCGTACACGCTGAATACCGTCACGTCCGGCGCTGCCTCCCGCCCCGGCAGCCCGCTCAGGCCCAGCCCGTCCAGATTCACGCTCCGCACCCCCGACCAGTCCGGCGCGGCCAGCAGCGCCGCCCCCCGTACCTTGGAAAGATGCTGGTGAGTGGGCATCAGGGCAGCAGACATGCCCGCAGCGTACCGGCCGCGGGCATGGTCAGGAGGCTCAGGTGAGGTGGCTCAGTCTTTCTTGGGCAGGGCGAGGCCCATCTGCTGGTACATCTGGTACTGGGGGGCGCCGCCGAGCATGTTCTGGCCGCCGTCGACGGGCAGGATGACGCCCGTGACGTAGCTGGCGGCGTCACTGACGAGGAACAGGGCGGCGTTGGCGATGTCCTGGGGGATGCCGAAGCGGCCCAGCGGGACGGTGCTCATGAACTGGTGGCGGGTCTTCTCGTCGGGGGCGAGGCGGGCCATGCCTTCGGTGCCGTCGATGGGGCCGGGGATGATGGCGTTCACGCGGATGCCGCGCAGGCCCCATTCGATGGCGAGGGTGCGGGTCAGGGCGTCCACGCCGGCCTTGGCGGCGACGACGTGCGCCTGCATGGGCACGGGAATGCCGTAGGCGCTGATACTCAGGATGTTCCCGCCGGGGGTGGTCAGGTGGGGCGCGCAGGCCTTGATGGTGTGGTACGTGCCGAGCAGGTCGATCTCGACGACGGTCTTGAAGCCGTTGGGGCTGATGCCGTCGACGGGCGCGGGGAAGTTCCCGGCGGCTCCGGCGAGGACGATGTCGAACGGGCCGAAGGCTTCGACGGCCTGCGCGGCGGCGGCCTGCATGGCGGCGATGTCGCGCACGTCGGCGCTGACGCCGAGGGCCTGCCCGCCCGCGTCGATGATGCCCTGAGCGGCCTTCTGGGCTTTTTCGAGGTTGCGGCCCAGGATGGTGACCCGGCAGCCGTGCGCGGCGAAGCTCTGGGCGATGCCGAGGTTGATGCCGCTGCCGCCGCCGGTGATCAGGGCGTGTTTGCCGGCCAGCAGGTCGGGGCGGAAGGTGCTGTCGGCGGTGCCGGGCTGGAGGGTGCCGAGGGTGGGGGTCTGGGTCATGGGAGTCTCCTTGAAGTGGGTGGGAAGGGGGGTCGGGGATGGTGGGCTGGACTTGACCTTACTTCAGGGCCTGCGCGAGGCCTTCGGCGGTCATGTGCTGGGCGTTCCAGGTGACGGCCCCGGCGAGGCTCTGCGCGTGCGGCAGGTCGTCCTGCAGGGTGCGTTTGGTGCCTTCCAGGGCGCGTGGGGGGAGGGTGGCGAGGTACGCGGCGAGTTCGTCGGCCCGGGTGAACAGGGCGGCCGGGTCGGGAAGGAGTTCGGTGATCAGGCCCCAGCGTTCGGCGGTGGGGGCGTCGATGGGCTGGCCGGTCAGGGCGAGGTGCGCGGCGCGGCCCCGGCCGATCAGGTGCGGCAGGCGTTGCAGGCCGCCCAGGTCGGCGGCGATGCCGAGCCGCACTTCGGGCAGGCTGAAGCGGGCG
NZ_CP115165.1_gap46	1400692	1403079	2387	CGCACCGCCGCGAGCACGCCGGGCAGGACAGCTGGGTGTTCCAGGTTCACGACAACGGCATCGGCATCGAACCCGAGTACCACGAACGCATCTTCGGGGTGTTCCAGCGGCTGCACGGCATGGAGGATTACCCCGGCAGCGGCATCGGCCTGGCCGTGACCCGCAGCGCCGCCGAGCAACTCGGCGGGCACCTGTGGGTGGACAGCGTTCCCGGCGCGGGCAGCACCTTCTCGTTGGCCCTGCCCGCCCAGGCGCCCGTCCGTCCCGAGCCGTCCGACCTGGCCGCCACGTTCCCCGCCGCTTCGCCCCCGAACACGCCATTCACGAGAACACCCCCCGCAGGAGACCTGTCATGACCACCCCGCCCGTCGAGATTCTGCTGGTCGAGGACAACCCGGCCGACGTGATGCTGACCCGGGAGGCCTTCGAGGACGCCCACTTCCCGCACCGCCTGCACCACGCCCGTGACGGCGTGGACGCCCTGAGCTTCCTGCGCCGCGAGGGCCCGCACGTGGCCGCGCCCCGCCCCGACGTGGTGCTGCTGGACCTGAACATGCCCCGCATGACCGGCCTGGAACTGCTGGACATCCTGAAACTCGACGCCGAACTGCGCAGCATTCCCGTGATCGTCCTGACCACCAGCCGCGCCGAGAGCGACATCTGGCGCAGCTACAACCTGCACGCCAACGCGTACATCCCCAAACCCGTCAGCATCGCCGAGTTCGAGGACGTCATCCAGACCCTCGGGAACTTCTGGTTCCGTAAGGTCGCGCTGCCGCACCGGCCGGACTGACCACCCCCGCACTGATTACGGGCCCGGAGGCGTAGCGCCGCCCCCTCACAGGAACCGCCCGCAACCATTGAGGCTGCGGGCGATCTGCGTGAATTCAGGATCAGGTGCTTTACATCGTGCGGCGGCTGAGCTGGCCACCGCTGACGTACTCGCCACCGTGACGGATGGCAGCGGCCTCGACCACGTCGGCCGGAACGCTGTCATCCACGGCGACCGTGCGTCCGCCGTTGGTGGCGGTGGTGTTCAGGCGGTCGTAGTAGTCATCGTCGGCGTCGTAGGCGTTGCTGGTCTCGTCCACACCCATCGCGCCGCCCGTGGCGCCCACGGCGGCCCCCACGCCGGAACCCAGCGCGGCCATGCCCAGGATGACCGGCAGGGCCAGTCCGCCCGTGGCGATGGTGGCGCCCGTCGCCAGCACTCCGGCCACCACGCCCACGGCGGCGCCCACACCCGTGCCCTTCACGGCGCCCGCTCCGGCGTCCTCGGCGGTGCCACCCTCGACCCCGTCAACGACCGGCGCGACCGGGGTGCGGCGGTTCACGGTGGCGCTTCCCATCGTCGGGGCAATGACGCCCTGGGACTGCAGGTCGGCGATGAAGGCGTCGGCGGCGGTCGTGGTCGGGAAGATGATGTGTTTCATGCCTGTAGTCTTCCCCGGCCAGCCCGCCCGCCCATGAGAATGTAGGCAAGGCACTTTGGTCTGACCCTGACGCGCCGCAGAGGCCTGTCTCATCTGACCGGCATGGCAGGACCGGACGGGCAGCGGGGCGGGCCGCCTGACGGGGTTTACCCGACCTGCTGCGCCTCGAACAGCCGCACGGGCTTCACGAACTCGTCCTGCGCGGCCACCAGCTGAATCTCGCGCGTGCCGGCGGCGTGCGTGCGACTCAGCAGGCCGAACAGGGCGCTCATGGACAGACTCAGCGCCTGCGCCGACCGCCCCGCCCCCAGCGCCGCGTTCTTCAGGTAATGCCCCAGGAACAGCGCGGCGATGGCGTCCCCGGTGCCGTTGCGCGGCGGGTCCAGCGGGAGCAGCGGCGTGCGGCACAGCCACGCCCCGTCATCCGTGACGACCAGCGTCTCGATGCTCTCGCCCGGCGCGCCGCTGCGCACCAGACTGGTCAGCAGCACCACGCGCGGCCCACCCGCCCGCATCCGCTCCCGCAGCGCGCGGGCCGCTTCCAGCGCGTGCTCCAGCGTGTCCACGGTGCGCCCGGTCAGGAGTTCCAGCTCGAACTGGTTGGGCGTCACGATGTCTGCCTCCGGAATGGCCTGCGCCGCGATCAGGTCCGGCAGTTCCGGGCGCACGAACACCCCGCGCCCCACGTCGCCCATCACGGGATCGCAGGCGTACAGCGCCTCCGGGTTCGCGGCCCGCACGCGCCGCACGGCGTCCACGACCGCCGCGACCGTCCCCTCGCTGCCCATGTAGCCGCTCAGGACCGCGCCGCACTCCGGCAGCACCCCGCGCGCCTCGATTCCGTCAATCAGGTCCGCGACCGCCTCGGGCGGGAACACCGCGCCCGTCCACGCGCCGTACCCGGTGTGATTACTGAACTGCACCGTGTGAATCGCCCAGACCTCGAAGCCCAGG
NZ_CP115165.1_gap47	1404653	1408523	3870	GGCGTCCAGCACCCGGAAGCCCCCCGCGTCCCCCTGCGCCGCCTCGGCAATCAACAGGTGACTGGAATTCGTGCCCACATCCGCAACGGCGACTCTCATGACAGGCAGCCTAACGGCTTTTACAGGCGGGGACGGATCACGCGCTCTCCGGTCAGGCGTCCGGGGGCGGCAGCCACAGGCGTTTGAAGTCGATGCGGCCGTATGCGTCCGGGTGTACGTCGCGCAGCAGCGGGTGAACCGAGCGGCGTTTCACGCGGTGGTGCGTGAGGTGCAGGTGGTGCCCGCCCAGCAGCAGCGACTCGGTGCGGTCCAGGATGGCCTCCAGCGCCGCGTGGTCCGGCGCGCTGCGGTAGCCGTCCAGCAGGGCGTCCACGCTGCGCAGGACGGCGGGGGGCAGCAGGCGGCGGAACAGCAGTTCCGGCTGCTTCAGCGCCGACCAGAACGAGAGGTGCTCGTCCGACCCGGCGATCTCGCCCATGAAGGCGAGGTCCACGTCGTCCCTGGCGTCCGGCATGGCGTCCAGTGGCGCGGGAACGACCTGCATGGGCAGGCCGAGGCGGGCGGCGCGCGCGGCCAGCCAGTCGGCCTCCTGCCGCGCGCTGGGCAGGTCCAGCACCCAGAGGCGCAGGGGCGGCCCGGCGTACGCGGCCCGCGCCAGCAGCGCCTGCGCCCGCGCCAGGGAGTGCTCGCGGGGCGGGCGGCCCAGGCTGCGGCGCGGCAGGAACGCCGTGGCGGTCAGCAACTGCTCGGGACGACCCGTTTCCTGCCAGAACGCGCGGATGTCGTGCAGCTCGACCACTGCCTCGCGCAGCGCGGCCGACCGGGCGGCGGGGCGGTGGGCATTCCAGATCAGGAAATGCACGCTGTTCTCCGGCACCCAGCGCTCGACCGGATCATGAGGCACACCGGACACATCCAGGGTGGGGGGCGCGTCCCCGCGCAGTTCCGGCACCAGGAACACCTCCACCTCGTCGATCAGGGGCCGCCCCGCGAAGTGAGCGTCGAAGGCCTCCAGCCGGAACCCGCCGTTCAGGGCGTGCCAGCGGAACGCGCCGGTTCCGACCGGGCGGCGCTCGTCGAACGGCACGTCACGCGGGAGGATCAGCGCCTGCTCGTGCGCCAGCCTGCGAGGAAAGAACAGGTCCGGGCGGTCCAGCGTGACCTGCACCGTGAACGGCGTGGGCGCCTGCGCGTCGGCCACGCCCGGCAGGTACCAGGGCGCGCCGCGCCGCACGCGCTCCAGCGTGAACAGCACGTCCCGCGCGTCCAGCGTCCGCCCGTGGTGAAAGCTCACGCCCCGGCGCAGATGAAAGACCCAGCTTCGCCCGCCGTCCGGCGTGCCCCAGTGGTGCGCCAGGTGCGGGCGTAGCGTCCCGGTGTCCGTGTCGAACACCAGCAGCGGGTCCAGCACCTGCGTCAACAGGTGCGCCTCGGCCGCCGAGTTCACGGTCAGCGGGTCCATGGCCGTCAGGGGCCGCGTGATGACGGTCCGCAGGCGATCCGTGCCCGCCGGGCTGACCCCCAGCCCGAAGGTGCCGCGCACCGCGTCCGTCAGCACCCACCCGCGTGGGAAGCCCAGCCGCGAGAGCCGCGCCAGTTCGGCCGCCGCGCCTGCCGCCGCCAGACAGGCTGTCAGGTCGGCCAGTTCCGCGTCCAGCGCGCCGGGAAACGCCACGCGCGACGTGTTTCCCCGCCCGCGTCCCGGCGTGTACACCAGCCGCCCCGACACGTGCAGGCGCGCCAGTTGCCGCTTGGCGGTGCGGTCACTGCACGCCCACCACGCCTGCGCGTCCGCCAGGGTCAGCGCGTGCCTTTCCTGCGCGCCGTCCCGTGCGTGCAGCGCCGCCCGCAGCGTCAGGTACGGCCAGTCCGGCGCGGTCGCCAGGGTCGGGGGCGCAGGAAAAGGGGACACAGTCCGGCCATTGTGCGTCTTTTTTCCCCTTTCCCGCTACGCGACCCTGGGGGCATGTGGCGCACCCTGCATCCCAACGTCAAGACCCGCATCACCACGTCGTTCCTGAGCCGGATGGTGGGCAGCATGGTCTTCCCGTTCATGGCCATCTATTTCACCGCGCACCTGGGCGCGGCGCTGGCCGGCACGCTGCTGCTCGCCGCCGGCGTCGTGCAGTTCCTGGCGGGCCTGTACGGCGGCGCGCTGGCCGACGCCTGGGGCCGCCGCCGCACCCTGCTGACCGGTGAGGGCCTGAAACTCCTGGCCTTCATCCTGATGCTCCTGGGCAACCTGGACGGCCCGAACCCCTGGGTGACCTTCGCCGCGCTGCTGCTCGTGAACGTCTCGGGCGGCCTGATCAACCCCGCCGCCGAGGCCATGCTGGTCGACGTGAGTACCCCCGAGACCCGCACGTTCATGTACGCCGTGAACTACTGGGCGGTGAACCTCAGCATCCTGATCGGCACGCTGGTCGGCGGCTGGCTGTACCGCGACCACTTCACACTGCTGCTGGGCCTGCTGGTCGGCATGAGCGTCCTCACGGCGGCGCTGTGCTTCGCGCTGATGACCGAAACCCGCGCCGCCAGCCCCACCGCCCGCACCGACCTCGGCCTCAAACCCCTCCTGCGCAGCTACGCGCAGGTCGTCACCGACCGCCCCTTCCTGCTGTTCGTGCTGGGCGGCATCTGCATCCTCAGCATCGAGTTCACCCGTACCAACTTCATCGCCGTGCACCTCGCACAGGCGTTCCCGCCCGCCAACTGGCTGGGCGTCACCCTGGACGGCGTACGCGCCGCGAGCGTCCTGACCGCCGTGAACACCGTCCTGATCGTGGCCTTCACCGCGCCGGTCGCCCGCTGGCTCACGGGCCGCGACCCCCGCCGCCCCATGCACGCCGGCTTCGCTCTGTTCGCGCTGGGCTTCGCGGCGCTGGCCTTCAGCACGCACCTGCCCACCCTGATCGCCGCGTCCGTGATCCTCAGCGTCGGGGAACTGCTGTACGTGCCCACCCGGCAGGCGCTGCTGGCCGACCTGATCCCCGAGGACCGCCGGGGCGCGTACCTCGCCACGCACGGGCAGGTGTTCACGGTCAGCAAGTGGGTGGCGGCGCTGGGCCTGCCGCTGGGGGTTGCCGTCGGCGGGGCGGGCATGGGGGTGGCGCTGCTCGCGCTGGGGGCCCTGGGCAGCCTGCTGACCGCGCTGGCCCTACGCCCGACCGCCGGGGAGAGAGTGGCCCGCGCCTGAACCCGTCCGGGGAGAGGGAGGCAGATGGTTCGTCTGACGGACCGACGGTTGGATTGGGGGCGCCTGGCGGCGGGCTTCCCCACCCCCCAGCCCCCTACCCCAGGGGGGCAGGGGGAGCAACGTTGCACTGGGCAGGTATTTCGCATGGTTGCGTGGCGGGTTGTTTGCGGGGAAGGCCACGCCTCACATGCCATCTCCCACATTCGCGCCGTTCGCCCCGCGCGCTGCGCGCACGACGGGCTCGGTTGCCACGACGATTGCGTGGCCACACAACTGGGTGCGTGCGGGAAGGTTCTACTTTTCTGGCCATCGCAGAAGCGGTCTTTTCAAAGTCGATCAGCAGTTGTCATCAGGTTGCCCTGCCAGCCACCGCAAGCCACCTCCGGCCGTCGTGCGCGCAGCGCGCGGGCCCTGCGCGGGGGCGGCAGGATGGCGTCGAGGCCGGACACGTCAGCGCCCAGCACAACCCTGCCACCATCAGTCAAATCTCTTGCCGAGCGCAGCGACTGCTCCCCCTGCCCCCCTGGGGTAGGGGGCTGGGGGGTGGGGAGGCCCGCCGCCAGGCGCAACCAGACGACATCAAACTCAATCCGCAATCCGCGTTACCCGAGTTTCAGTTGCCACTCGGTGAAGGTGCTGTACGGCGTGAACCCCAGTGCCACGTTGATGCCCAG
NZ_CP115165.1_gap48	1435481	1436496	1015	CAGCGCCCCGATCCCACCCAGGTCCGCCAACTCCTGCCAGTGCGCCCGCAGCGCCACCCACGTCTCATGCTGTGTCATGACCCGCAGGGTACCGCGCACCTGCGGCAGATCGCGCGCCGACCGGATGTCAGACTGCCCGCATGCCCACACCCCTGCCGCTGGAGGAACTCGTCACCCTGCCCATCACGATGGGCCTGACCGTCTCGCCGGACGGTGAGCACGTCGCGTACTACGACAACCGCAGCGGCCGCATGGAACTGTGCAGCCTGCACCTGCGCACCCGCGAGCGCCGCCAGCACACCAGCGGGCAGGCCCCCGCCACCCCCCGCAGCGCCCCCGTCTGGAGTGCCGACAGCCGCGCCCTGTTCCTCGCCTGGGACCACGACGGGAACGAACGCACCGCCCTGCACGTCCTCACCCTGGACACCGGTGAAGTGCGCGCCCTGCACCACCAGCCCGGCAGCATGGACTTCCCCGTGCATGCCCACCCGGACGGCACGCGCCTGCTCGTGAACTCCACGCGCGGCGGTCAGATGAACGTCTGGCAGTACGACCTGACCCGCAGCGGCGAGGACGCCTGGACGCCCCTGACCACGCAGCCCAACAGCACCCAGGCGGTCGCTTACAGCCCCGACGGCGGCCGCATCAGCCTGAACACCAACGAGAGCCCCGACCTGCGTAACATGGACGGGTACGTCATGAATGCCGACGGCACGGGAATGCGCCGCGTGCTGCACGTTCAGGAAGGCACCCGCGAGAGCGTCGGACACTGGCACCCGGATGGCACGCACCTGACCGCCGCCAGCGACGCCGCCGGGCACAGCCGCGCCGGACTGCTCGACCTGACCAGCGGCGAGGTGAAGTGGTTCACGCCCGAAGGCGGACCCGAGGAGACCCCCGGCCGCATCAGCCCGGACGGCCAGTGGCTGAGCGTCACCCGCAACGCCGACAGCACCCTCACGCCGCTGCTGTACAGCCTGGACACGGCCGCCCCCCGCGCCCTGCACCTGCCGCC
NZ_CP115165.1_gap49	1444216	1446336	2120	CCCATCTGCCAAGTCCATATAGCCCACTGCTTACATCCCCATTCACAGGAGACCCACCATGAACCGAATTGAAGCCAATCTGCTCGCCACCGACCTGAAGTTCGCTGTTGTCAGTACCCGCTGGAACCACCTGATCGTGGACCGTCTGGTGGAGGGGGCGGAGCTGGCGTTCGTGCAGCACGGTGGGAAGACCGAGAACCTGGACCAGTTTCTGGCGCCGGGCAGTTACGAGGTACCGCTGATCGCTCGCAAACTTGCTGAAAGTGGGAAGTACGACGCGGTGGTGTGCTTGGGGGCCGTCATCAAGGGCGACACGGACCACTACGATTTCGTGGCAGGCGGCGCGGCGAACGGCATCCTGAACACCAGCCTGCACACGGGCGTGCCGGTGGCGTTCGGGGTGCTGACCACTGATACGGTCGAGCAGGCTCTGAACCGCGCCGGGATCAAGGCTGGGAACAAGGGCGGCGAGGCGGTCCTGGCGATGATCGAGACCGTGAACCTGCTGAAACAGATCGGCTAGGCGGGGTGCGGGGGAGGCGTTCCCACCTCCCTTCGCCAATCCCGCTTTGACTCACACCCGGCTGTGAACGGGGTTGTTATGCTGTTGTGCTTGATGCGGGGCCGCCACTGGAGTCCCGAAAAGGGGTGATGTGTTGTGACGGCAGCTGAGAATATGCAGGATCAGGTTTTTCCCGCACCGATCAAATCGGTCGAGGGTGGCAGCGCGGCAGAGCGGGCGGGCGTACAGCCGGGTGACGTGCTGCTGCGCGTGAACGGTGAGCCGGTAACGGACGTCCTGGCATACCGGCACGCGCTGTCGCAGGGGCGCGCGACGCTGGAGATCGCCCGGCCGCAGGAAGCTCCGCGCGTCATGACGGGCGTGGCGGGCACCGCGCAGGATCACCACCGGTTGTTCCTGCCGACTGCGCCCAGTCTGGAGGACACCTTCACGTTCGACGTGGAGTGGGAGGACCCGGGTCTGGAGTTCGAGGAGGTGCTGTTCGACGGCATCAAGAAGTGCGCGAACAAGTGCGATTTCTGTTACGTGCATCAGATGCCGCGCGGCTTCCGCAAGAGCCTGTACATCATGGACGACGATTACCGCCTCTCGTTCCTGTACGGGTCGTTCGTGACCCTGACGAACCTCTCCGAGAACGACATCGTGCGGATCGAGAACGAGAACCTCTCGCCGCTGTACGTGTCGGTTCACACGGCGAACCAGGACCTGCGGCAGGACATGATGAAGTGGTGGCGCCTGAAGGTCAAAGACCAGCAGGCCGTGCAGATCCGCTCCATGATCGAGCGTCTGGAGCAGATCGACCTGTACACGCAGATCGTGCTGGTCCCGGAACGCAACGACCGCGAGAACCTCGACGAGACCGTGGAGTACCTCGCGAGCCGTCCGAACGTGATCAGCGCGGCGGTCGTGCCGATCGGCCTGACGAGTCACCGCACGAACCTGCCGGACGTGCGGACCTTCACGCGGGAGGAAGCGCAGGACAGCCTGCGCCGCCTGAACGTGTGGCGCCGCAAGTTCCTGAACGAGCGGGGCACGCGCTTCGTGTTCCCCAGCGACGAACTGTACCTGCTGGCCGGCGAGCCGCTGCCGACCGAGGAGGAGTACGAGGGCTTCCCGATGCTGGAAAACGGCGTGGGCATGATCCGCGACTTCCTGACCGAGGCCCTGCCGGAACTCCCGGCGGCGCTGCCCGAGCCCCGGCGCGTGATTCTGGGGACAGGCTCGCTGTTCGCGGAGTCCCTGGACCGCGCGGTCGAGCCGCTGCGGGCCATCGGGGGCCTGACCCTGGAGGTGCGGGCCATCGAGAACAAGACCTTCGGGAAGGTCACGACCGTGGCGGGCCTGCTGACGGGCCGCTGCTTCCGGCACGCCATCAAGCCCGGCGAGGCCGACCTGCTGATCGTGCCGCCCACCACGCTGCGTTACGGCACGGAACTGATGCTGGACGACGTGAGCCTGGACGAACTGCGCTCCGAGCTGCGCATGGACATCCGGCCGGGCGGCGCGACGCTGGGCGAACTGGCCCGCGTGATTCTTCAGGGCGCGCAGAGCAGCGGTCACCAGTGGGGCATGAGCGCGCACGCCGTGAAGGACAGCG
NZ_CP115165.1_gap50	1447813	1448764	951	CCTGCTCACCATGGCCGTCATCTACTCCGTGGTCGTCGTGCCCTACAACAAGATGCGCGAACGCATGACCAAGCCCGCCGACGCCGCACCCGCCGGCCCCACCAACGAAGAGAAGCTCCTGATGGAAATCCGCGACGCCCTGCGCACCCGCTGAACCCCAGCCCCCGATTGACAGCCCCCGACTGAAGCGCGGCCCCCACTGGTGTGAGGGCCGCGCCCTTATCCTGCTGGGCATGACCCGATCCGCGAACTACGCCCGCGCCTTCCAGATGCACCGCGCCGCCCTGATGGACCTCTACGAGCAACTGCCGGAGGACCAGGGCACCTTCAGCGCCTGGGAAGGCGGCATGAACTTCATGGCGCAGGCCGACCACCTGTCGGTCAGCGCCACCCGCTTCCTCAGCATGATCCAGGGGCAGGCTCCCGCCCTCGCCCCGGAACCCAGCCAGACCCTCACCGAGGCGCGCGGCCGCCTGTGGGACACCAACGAACTGGCCCTGGCCGCCATCAGCGCCCTGACCGACGACGACCTCGCCCGGCGCGTCCCGGCCTTCGGCGGCCGCGAGATGCCCGTCACCGCCCTGCTGGACATGATCATCACCCACGAGGCGCACCACAAGGGACAGGTGTGGGTCATGGCCCGCATGGTGGGCGTCAAACCGCCCATGTTCGTCAAGATGGGCTGATACGGCCTCCGAGTGAATGGCTTGCGAAGCCGTTCAATCCGTGCGGATGCGAGTGGGAGAGGAACGGGTTTCGATTGTCAACTCCACGCCCGGAACCCGTATGAGTCAGCCGGGAAGCAGCGAACAGCACGTCAGGTAGTAAATCAGAAAGAGCCGCTGGCGGATTCACGCTGCCAGCGGCCTTTTTGCGTTCGTCCCGGCGTTCAGTTCACCAGTTTGGTCTTGTTCGTCACGAAGTCCATCAGCACGTACTGCCCGATGTTCT
NZ_CP115165.1_gap51	1462306	1464815	2509	TTCAGGTACAGTTCGAGGCCCTCGGCGGCGTTCAGTTTGTACATGAACCGCCGGCGCTCTTCGGCGGAGTACACGCCCCGGCCCCGGTTCTCCTCGATGCGCCCCTGGAACCACGCGCGTTCCGTGGCGGGCAGGTAACTGAACTCGAACCCGATGGTCCCGCAGTACGTTTCGTGCAGCTGCGCGATCACGTCCCGCAGCGGTCCGCTGAACGGCCCGTCGTGCACCTGCTCGCTCAGGTCAGCGGCCGACAGCCCGTAGTACTCGGGCGTCAGTTCCGGCACGACCGGCAGGCCACGGATGGTCAGCGGGTTGGTGCGCGCACTGATGTGCCCGTACACGCGGTACGCCGTGATCAGCGCTCCCGCCGCCTGCTGCGCCCCACTGACACCCTGCGGCGCCGGAACGACCGCGCCGCCCCGGCGCTGCGTGCCCAGCTCGTAGAACGCCTGCTGAATGGCTGAATGAGGCGTTTCCTGCGCGCCTCCACGAAGTTCATCGAAGTAGGAACGCCACTCGGGATCCACACTCTGCGGGTCGGCCAGGTACGCCTCGTACAAACCCTCGATAAAGGCTGCGTTCCCGCCTGACATGATCGTCTGCGACTGCGTCATAACACCTCAGCATACCCCCGCTGCGCGCCGGAAATGGCACCTGCCCACCCGCGTCATGTTCCCCCGCGCGTACCACCCGCCCCGCCCCCCACGCACCCGTAAAGAGAGCGGCCCGTACCCACCCTGCCCCCGCCACCCTTTAAGCTGGTGGTATGCAACTCCTGTCCCGCCTTGCCACCGCCCTGGGCCTGATCATTCTGGTCGTCGCCGCGATCCTGCTTGGCAAGGACGTGATCGACATCAACCAGTTGCACGCCGTGGCGAACGCCAACCGCAGCACCAACTTCCCCAGCCCCCTGAACGGCGTGCTGATCACCGCCGGACTGGCCGCGCTGGGCGGTCTGCTGACCGGCCTGGGCCTGAGCCTCCCCGCCCGCCGCGGCCCCCGAAACCCCCGCTGACCGCGCGCAGACTGAGCGCACCACTGGCCCGCGCCTGATCTGCCCATGCGCGGGCGCGGGCGGCGCGCTAGAACAGGGGGCACACCCATGCCCACCCACCCTGCCCAGCCCCAGCTACCAGAGCCGCAGCCGACAGTGACCCGGCCAACAGAGCGCCGGCCCGCGTGCCGCCTGCCGCCGGGCCGCCTGACTGCCGCCTGCCTGACCCTGGCGGCCCTGCTGCTGACCCCCGCGCACGCCGCGCCCGTGACCGTCACCGCCGCCTGGAGCGGAACCGCGTACCGCCTGAGCCTGCGCGGCCTGAACGCCACCGACGGCACGCTGCGAGCGGAACCCGACGGCAGCGGCGCCACCCTGACCTTCCGCGCCACGCTGCCCCCCCTGAACCGCACCGTCAGCACCGCCACGGGCGACCTGACCATCAGCATCAAGGGCCATACCGTCACGGCCCGCACCGCCGACAGGCGACCCCTGCGCGTGAACCTCAGCCACATCCGGCCCGGCGTGATCCCCGGCCAGGACGCCACCACCGCCATCGACCTGTACCCACCGGAAAGCTGGACGGAGTACCAGCCGGAACCCACCACGCCCTGCACCCCCAGCAGTCCAGGCGCAGACATGCCCGGCGCGGGCGTGCCGGAACTGCCGTACCAGCCGCCCACCTTCGCCAGTGGCCCCGTCGGGTTCTACCTCGCGCAGATCGACCCGCGCACCGGCACGCCCCTGCGCGTCATCACACACGACCCCGACAGCCTCTACCCGCTGGCCAGCACCTACAAACAGGTGATCGCCTGGGCCGCCTACCGCGACATCAACGCCGGAACCCTGACCCTGAACACCCGCCTGAGCGTCACCGAAGCCAACCGCAGCATCGAAACGTACCAGCCGGGCAACCGCACCGTGCAGAACCTCATCACGCAGGCCATCACCCGCAGCGAGAACACCGCCAGCGACGTCCTGCACCTGCACCTGACCCCCGAACGCGTACAGGCCCTCGTGAACGCCCACGGCACCTGCCACACCCGCGTGAACATGACCACCAAAGCCTGGTGGGCCGCGCAGGCCGGACTGCTGCCCGGCGTGTACGGCCCGCACCTGCCCACCGGCGCGCAGCAGGCCTTCACCGCCCCGCCCGAACAGCAGGCCGCCACCGCCGCGCAGGCCGTCACGCAAGCACAGACCCTGAACGCCGACACCCTCCTGAACGCCCTGGACCGGTACTTCTACAGCCCCACGTACCACCCGCAGACCGAGGTGTACCTGCAAAACCGCAGCACCCCCTGCGAATGGGCCACCCTGATCACTCGCCAGTACCTGGACCCCACCCTGACCCCCACCAACCGCAGCGCCCTGCGCCGCACCCTGGCCCAGGGCTGCTGCCGCGTGAACGACCCCAGCGTCACCTACTGGGGCAGCAAAGCCGGCAGCGGCTGGCGCAACCTGACCATGAGCGGCCTGCTCACCCTGAACACCGGGCAGACCTTCGTGTACACG
NZ_CP115165.1_gap52	1516430	1520991	4561	CAGGTGCGGGTGTCTCCCGTCCTTGCTGTCATTAGAGTACGGTTGGATTTCTCACAGGAGTCTTACGGAATTGCGACTACGGGAATGGTGCTTGCCGGGTGGTCTATTTCGGCATTTTCCCGGTAGACGCGCTGTTTCTGGTTGATTTTGGACTCTATTACTGCTCTGTAAGAGTTTGTGAGGGCCGGCTGTGGGGGGTGCGGGGTGCTATGCTGCTGGGCAGTTCAGCTGGGGCGGGTTGGTGGCTCCGGCGAATGGGACGCTTGTGTCCCCACACTTACTTGAATTTGTGGTCGCGTGCGCGGCGCTGGGCTCCCTGGGGGCCGTGGCGCGCGCCGTGTGCCGGAAGAGAGGCTTGTCTTGGAACTCACGCCGCGCGTTCCGCCGCACAGTAACGACGCTGAAATCAGCGTGCTGGGCAGCATTCTGCTCGATAACGACACTTTGAATCAGCTGGGGGATTCGGTGGCTCCGGAGATGTTCTACCGTGAGGGGCACCGCAAGATCTTCACGGCTATGCGGACCCTGCAGGAGCGGGGTGAGCCGGTGGATCTCGTGACGCTCAGCGAGGACCTGCGTGTAAAGGGGCAGCTGGATGAGGTGGGTGGCCTGACGTACCTGATCGGTCTGTCGGATCAGGTGCCTACCGCCGCGTACGCGGAGCATTACGCGCGCATCGTGCAGGAGAAACACACGCTGCGCGCGCTGATCAGCGCGTCCGGGAAGGCCATGCAACTGGCCTACGAGGGGCAGTTGCCGCTGGAGGACCTGCTGGACCGCGCGGAGAAGATGATCTTCGAGGTGGCCGAGCAGAAACAGAAGGGCGAGGCGTACCAGGCGATGAACGAGGTCGTCACGGAGACGTTCGAGTACATCACGTTGTTGCATCAGAACAAGGGCATTCCGGACGGCGTGAGCAGCGGTTTCCGTGACCTGGACGAGCAGATCAGCGGATTGCAGAAGGGCAGTCTGAACGTGCTGGCGGCGCGGCCCTCGATGGGGAAGACGGCGTTCGCGCTGTCGATCGCGCAGAACGTGGCGCTGCGGGGTGAGAAGGCGGTCGCGGTGTTCAGTCTGGAAATGCCGGCAGTGCAGCTGGCGCTGCGCATGCTGTGCAGTGAGGCGCGGGTGGACATGAACCGCATCCGCAGTGGGCAGCTGAACGAGCGGGATTTCGAGCGGCTGGCGCACGCGGCGGGTCGTCTGGCGGACGCGCCGATGATCATTGACGATGAGGCGGACCTGACGCTGAACGGTCTGCGCAGCAAGCTCCGGCGGATCGCGGCGCAGCACGGTCAGCTGGGGCTGGTGGTGATCGATTACCTGCAGTTGATGTCGGGCGGCAAGAGCAGCGGCGGCAGTGATAACCGGCAGCAGGAGATCAGTACCATCTCGCGTGGTCTGAAGAGTCTGGCGCGTGAGATGGAAGTGCCGATCATCGTGCTGTCGCAGCTGTCGCGCGCGGTCGAGCAGCGTCCGAATCACCGGCCCATGCTGTCGGACCTGCGTGAGTCGGGTGCGATCGAGCAGGACGCGGATATCGTGATGTTCATCTACCGCGACGAGTACTACAACAAGGAAACGGATCAGCAGGGCATCGCGGAAATCATTATCGGGAAGCAGCGCAACGGGCCGGTCGGCACGGTGAAGTTGCAGTTTCACAGTTCGCACGTACGGTTCAATGATCTTGCGCCGGAGGGAGTGTAATGGCGGAGGATCAGGCGAAAGCGGCAGGTCAGGCGGGCGGGCAGCGCAGACGCAGGCGGCGGCGGGGTGGCAGTGCGCCCGCGCAGCCCCGGCCGGGTCAGGTGACGAACACCACCGCCGTGCCCACGCCGGCCGCGCCGAGCAAGCGCGGGCAGAAGCGGCCGCTGGCGGACCCGCGCATCGGGGTGGGCTGCATCGTGCTGCGCGGCGACGAGATTCTGCTGGTGCGAGAGCGGGGCCGCTGGTCGCTGCCCAAGGGCGGCCTGGAGTCCGGTGAGCTGGTGCAGGACGGTGCGCGCCGCGAGACGTTCGAGGAGACAGGACTGGTCGTGGAGTTGCGGGATCTGGCGTTCATCGTGGAGTTTCAGGCGGTGACGTGGGGGCATCACCTGCAGTTCTTCTACACGGGGCGCGAGGTGGGCGGGAAGCTGGAGCCGCGCGACCCGGACCGGGACGTGCAGGAGGCGCGCTTCGTGCCGATCCGGCAGTTGCGGGAGTTCATCCGGTTCCGGCCGCGTCTGGTGGCGCTGGAGACGTGGTTGCGTGAGCGCCGGCCCCGGCATTTCGTGTTCAACTTGGATAAGGAACCGGCGATGCTGCGTAAGAGGCGCCGGGTGGGCGATCCGCTGCCGGGCGCGCGTGGTCAGGAACCTGAGTTCAGTGACGAGCCTGACCTGTAGAGGGCGGCGTTTGAGGCAGGTGAACATGGGCGGCGCGCTTCTGTGGAAGTGAGCCGCCCGCTGCTGTGGGGCGCCGCCGTGGGCGGAGCGGGTGCTTCCGGGGCGCGTTTGACACCTACATATACTCTGTTAATATCAGAATATGAAGCGTCTATTACGTAAGGAGGCCGATCCGTTGCCATCCAGCGGACGCGGGTACGTGCACGTCTGCCCCCACTGCGCCCAGCCCCTGACCCTGCACGACCTGCGCGACGGCGATCAGGCCTACTGGTGCCACCCCTGCAACCTGGGCCACCGCGCCAGCGACCCACCCCTGAGCGCCCTGAAACGCCTGCCGCAGACCGGCTGAGGCCCGTTCACCCGGCCTTCACTCCGCTATGCTGGGCGCATGACGCAGCCGTTCAACCCGACCCCCCGCCCGGGCCACCTGAGCGAAGTCCTGGCCGGTCAGGTGATCGCCGTGACCGGCGCCGACCAGGGGTACGGCCGCACCATCAGCGCCGCCCTGGCCAGCGCCGGAGCCAGTGTCGTCCTGATCGGAGCGAACAGCGAGACCCTCGCCACCGCCGCCAGTCACCTCGAGCACACGGGCGGGCACGCCATTCCCATCAAGGCCGACGTGGGCGTTCCCCTCGACTGGCTCAGCGCGCAGAACCGCATCCTGGAAATCTTCGGCGCGCTGCACGGCATCGTGCACCTGGCCGACAAACGCTCGCACAGCGAATTCACGTCGCTCAGCGAGAACGAATGGATGGACCTGTTCAACTGCAACCTCAAAAGCACCGTGGGCATCGCGCAGATCGTGCGCCGCCGCCTGCCCGGCACGTGGCTGACCATCATCGGCCCGCACCTCGACGAGCGCGGCCTGCAGGCCCACCCGCAACGCGGCGCGCTGCGCGGACTGGTCGAACAGGCCCACACCGAGGATCTGCGCCTGAACCTGCTGCTGCCCAGCCGCGCCAGCAGCAGCGACGACACCCTGGACGCCCCACTCTCGAACGCCGTGCTGGCCCTGGCCGCGCCCGGCATGAAACACCTGCGCGGCAACGTCATGGACGTGCCCATGCCGCCCATTCCGAAAATCCGCGCGCTGGACGCCTACCCGCTGTGACCCGTTTCTCTTCTTCTCGCTTCGCTCAGGTTGCAACGGTTTTGCGAACCATGTACCCGGAGTCCGTGTGAGGTGCCCGTACTGCTCCGCTCCGGACAGCAAGGTCGTGAACTCCCGGCCCAGTGACGACGGGGCCAGCATCCGCCGCCGCCGCGAGTGCCTGAACTGCGCGCGGCGCTTCACGACCTACGAACGCGCGCAACTCGAACCGCTGATGGTCGCCAAACGCAGCGGCCCCCGCGAGGCGTTCAACCCCGACAAGCTCCTGCGCGGCCTGACCCTCGCCAGCGAGAAACGCCCGGTCGATCCGGCCGCGCTGCGCGCCTTCGCGTACTCCTTCGAGGACGAGGTGCAGACCGCCGAGATTCCCGCCACCGAGATCGGCCGCCGCGCCATGACCTTCCTGCGCCCCCTGGACGACGTGGCGTACATTCGCTTCGCGAGCGTGTACCGCGACTTCGACCAAGAGTTTCCACAGGCGAGGGAATAGCGACCAGCACGAAGGCCCAGGAGGCAGGGGCTTGAAATTCCCCGGTCTCATGGGCCTTTATGCGAAGTGACTATGCCTCGCATCCCCAGCCTACCGCACAGCATCATCACCGCTCAGCTGAACCGGGTCACCAGCCTCAGTGGCCTCATCCCCTACAGCACCCTGTGTAAAAGTGCCATCTCCAAAGAGATGGCGCGGGACTCCTTCGCCTCCACGGAGGACTTCAAGCGTCGAGCCAGGAACGCGCCGGAGGGCGCGTTCCTGGCCATTGATTTCGTCATGGTGCCCCACGCCGGACGGACGATGGAAGGCGTGAACTACCACTACAGCGGTCAGGCCCAGACCCGTCTGGGCCATCAGTTCACCTCCGCGGCCCTGGTCAGGTTCGGTGAAGATCCAGTTCCGTTGCTGGAGCGCTTCAAGGTTTCCCAGGCCCTGCATACAGAGCGCTATCCTTACCGTACAGCGACTCAGGAAATGATCCACGTCGTCCAGGATTGCCTCGCGGCGGGCGTCCCCATGGCGGGTCTCCTCCTGGATGGGGAGTTCGGGCGGGACGCGGCTGTGACCTTC
NZ_CP115165.1_gap53	1699282	1701282	2000	GCCGCTGTGCGGCTTGCGTGATCGCACCCTGCGTGATCTGGAGGCCGCCGAGGAGGTCCATGACCCGACCGATGCGGCGGACCGGCAGGCCCAGCTCGTGATGCAGGGTCTGAAGGGTGGCGTGCAGGACGGGACCGAGTCGGTGGGCAGTCGCACCGACCTGATCGGCTTTCAGATCAGGATGGTCACCACGCATCGCGTGGTGACACTGCGGGCACTCCATAACGGGCACGTGATACTCGGTGATCTGCATGGCGTTCTGGGGGACGAGTTCCGTGACCCAGGCCTTGTCCTGACGGGTGAAGATCAGCAGGCCCGTGAACCCACATCGAGGACAGGTGTTGGGCGTGTCGACCTCTACGGTGGCCGTGATCTGCTCTGGCGTGGGTGAGGCCTTGTGCGCGAAAGTGCCTTCACCAGGACGGCGTCCTGGTGATTTGGGATCGGCGGTGCGCTTCTCCCGGCTGAAGGGGGCGGCGTACTTGCGTTCCCGCCGTTCGAGTTCCTCGATGCGCTTCTTCAGGCGGGCGATTTCCGCTTTGAGGGCTTTGTTCTCGGCGATCAACTGGTCGATCTGCTCGGACTGACGACGGATGATCTCGAAGAGATCCTTCTCAGTCGCCCCAGTGCTCATGCACAGCATGGTAACGGCAGGAGTGCCCGGCCGGAAGCCGGGCACTCGAAAGCGCGCTAATCACAGACGCGTGACCTTACGTAAATAGGATAGAATAACCCCGCTGGGAGTCTGGAAGCTTCCGCAAAGGGGTAGGAAAAATGAACCTTAGAGACACTGGTTTTGCCGACAGGTACGCTATTTACACTCGGGTATCTACTGATGGTCAGGAAGACAACACCAGTCCAGAAGGGCAGATGAGGGCCTGTGAGAAGTACGCAGAACAGCAGGGCTGGGAAGCTGCTAGCCCTAAGAGCTGGTATCACGATACGGTTAGCGGTACTAAAAAAGGTATTGATAGGAAAATGCTTGCTGAGGTCTATGACCTTATTGAAGAGAAGAAGATTAAGCACGTAATTATCAAGAGGGTTGATAGGATAGGTAGAGATGCTGCTGTTATTAGGGAAATTATTAAAGCAGTTTATGATTTAGGTGGGAAAGTCAGCATTGCTGATAAGGGGCGCACGTATAAAACTTATCGAGAGTGCGAAAAGGATATCAAGTTTGAAGGCTTCTTTGCACAATACGAAAGAGATAATATTGTAGAAAAGAACTTGGAAGGCAGGGTAAACCAGTTCAATAGAGGCTCTGCTTTGGGCAAGCAAGCTTTCGGATACAGAACCGAATTAGACCCTAACCAGAAGACTAAGTTTAGGGTTGTAGTTATCAACCCTTCTGAAGCTGATTCTCTGGTAGACTTCCTGTCATATTTTGCGGATAAAAAGAACATCAAAGAGGCTATTGATTACTCGATTGAAAAAGGCTACAGGGTTAGAAGTGGTGGATATTTCACCCATCATTTTTTCAGGGATACCCTTAAGCTGCTGGATAAATACAACGGTAGGCCAATCGAGGAAACATACAGCTTTGATGAAGAGGTTTTTAATAGAACAATCTCTTACCCTAAAATAGTTTCTGACGATTTATACGCTAGGGTTATGGAAGCCTACAGCCTAAAGAATAAGGCTGGTAGGGGGAAATTTGAGGGTATCCGTCCTTTTGGTGGTCTGGTGTCCTGTAGCTGCTGTGGTGAATTTGCAACAGTGAGAGTTAAGAGCATCAAGCGCAGAGAAGGTTATTCTACTTTTATTGTCGGCTGTTCTTCTTATGGGCGTAATGTCCAGAGGGCTTACAGGAATGAGGGTAAGAGCAATAATCCTGATTGTGCTAAGACCTTTAGATACACAGACCTTGTAACTGCTCTTATGAAGTTCCTTGATGAAGCTAGTGAATTGGGTTTAGAAGAGAATTACTCTAGAGAGTTGTCTAAGGTACTGGTTAAGCTGAATACCCTTCTGAAGCACATAAATCTTTATACCTTAGAGAG
NZ_CP115165.1_gap54	1702407	1704275	1868	GCGGCCGACCTATAAGCCCGTGCCGACTTTCACAAGCTGTGGATAACTGCCCTGATAACGTACCAGACGGGAGAAAACCGCATTTGCTAGCGCGGAAACGGCATGAATTGATTAGAAGAGTGATTGGTGACCTCTTGCAATACTTGATCCCAGGTGATCCCGATTGGCTAACGCCGCCCGGTCATCGAAACACAGTGTGGCTCCAGCCATGTGACGTATGAAAAAAGAATCCACAGGTTATCCACAGGAAACACCCGGTTTTACACAGTTTTATCCACAGGTTATATGCGTGCTGGGACGGGATGAAATAGGGTTATCCACAGTTTCCACAGGCCCTATTACAGCTTTACGGGCAGGGTTCCATAATTGAATTGTCATCAAACAGGAGGTGACTACATGAACCGTGATTCGCCAAACTCAACAGAAACAGCGAATAGGAGCGCAACCCGCCAAGATCGCCGCTCCTACTCGCCTCAGTTAGCCGAAAGCCCCACTAGGGGCACTCTCAAGCCGTAACGACCTCAAGGGAGGCCGCACCATGACTGTAATCCAAGAAAGCCCCGCTCGACTCACCCGTAAGCCTGAAGAGGCCGCCCCCATGCTGGGCGTAGGCCGGAACGGGGTGTATGACCTCATCCGCTCTGGGCAGCTTCGCAGCATCCGCGTAGGCCGGAAAATCCTCATTCCTCTGACTGCCATTGAGGACTTCCTGAACGGCACGGGCGGCAGCAAATGAAAGCGGCCCGTCAGTGGAATGACGGGCGCGGGGGTAGCAATCGGGACACCCGCAGCTTATCAGACTTGCACGCCCTGGCCTTACTCGACATGCAGCGACCCGGCAACATCGGCGCGGGCCTGAAGGTGGCAGAAATGCTCATGGCCCTTCCGGGCTTCCGGCCCCGGAATGGCGGTCAGGCGTGAGTGCGGCCGCAGACTTCGCCCAGTTCTTCCCCCCTAACCCCGTAAAGCATGGCCGTGTGACGGGGCGGGACGCTCAGGGGCACAAGCTGGCCTCGACGGTGAAAGACGCCCCGGTGACCCTACAGGCGCTTGCTACGCACCTGGGCGAGGGTGGCCGCAGTGCGGATAACGCGCTGGGCTACCTGCCCGGATATGCAGACGGTACGGATGTGGGCGCCCTGGACCTCGACGCAAAAGACTTCCCCGGTGAGGGGATGGGGGAAGCACTGCGGCGCGTGCTCGATACCTTCGCCGGTCAGGGCTTGAACGCCTACCCGGAACGCAGCACGAGCGGCAAAGGCTGGCATGTTTGGACGTTCGCAGACGGCCGCCTGACCTGGGCGGAAATGATCGGCGCACTTGCCCGGATACGGGAACTGTCCGGGTTGCCGGTGACCGTCGAGACGTACCCGATGGGGAAGCCGGATGCGGCGGGGCGGTGGATTATCACCCCCTATGCCCTGGCCCTGGCAGAGCGTCAGGGCGTCACACCCAGACTGGGCCGGACCTACCTTGAAAACGCAGACGGGCAACCCATCCCGGTAGACGAACTGGGGGAATGGATTCAGCGTGGCCCCGCGCAGACGTTCCGGCGTCTGGCCGCCCAGGTGCCGCCCGCCTGTGCGCCCGAATCACCCGCCCGGAAGTCCGGGTCTGACCTCGCGGCCCCGGCAGTGGACGTGCTACTGCGCCTCGCGGCGTCGAAAGCCCCGCCCGCCCGTCATGATGCGGCGGCCGCGTTCCTGAACCTGGGGGCGCGGGCCGGTGACCTTCAGGGAATGCTTGAGGGGCTGGGCGGGGCTGACGTGTTCAGCGTGTGGTGTGCGGATGGTTCACGCACGCCCGCCCAGTGGGAAGAGGAATTACAACGCTGGGCTGTCACGATTGAAGCGGGGGGCGGGGAAGGG
NZ_CP115165.1_gap55	1705315	1709267	3952	CCGCCCGCGCCTGCTGGGGGCGCTTCTCACGGCTCTGTCTGAAAGTCTGCGGAACCTCGACAGTGTGGAACTCAAAGAGGCCCCGCGCCTAGCAGACTTCGCCCGCCTGATCGTGGCAGGGGAAAAGGCCCTGCCCTGGGCTGAAGGGGCGTTCATGACGGCATACGGGGACATGCAGACAGAAGCGGCAAGTACCGTGCTCGACGGTGACCCCGTGGCAGAGGCGTTACGCCGCCTGATGCACGATCAGGAACAGTGGACCGGCACGGTCAAAAAGCTACTTGGCATATTGGGAGAAAGAGAGTACCCAGACGGGCGCGTTCCGCAGACGTGGCCCCGCACACCCCGCGCCCTGGGCGCAAGTCTGCGCCGCCTCGCCCCCGCCCTGAGTAAGACGGGGTACACGGTCACGCCCGCTGGGCGCTCGAAAGACGGTGAACGCTACCACCTGTCTAAAGTGGGGGAATCAACCTACACCACGTTCACCACATACACCGGGGACGTGTCAGACGAGGAAAAACCGGGTGAACATTGCGCGGCCGAAGTACACCCGCCCCTGATCGAAGTACACCCCGCCCCCGTGAAGCGCCCTGTGCCCGCCCCCGTCCCTGAAATGGAGGTGATTCACGAATGGTGAGTCCTGACCTGCTGCAAGAGTTGGCCGCGCGAGGCGTGCGGCTGGAAGTCGAGGGCGGGCGCCTGATCGCCCGCGCCCCTGACGGCGCCGTGACGCCGGAACTGTCGGCACAGATCAGGGCACACAAGGCTGACCTGATCGCGGCCCTACAGCCCAGCCGGGGCACGCTTGCGCCTCTGCCGGAAGCCCTGGTCAGGCTCATTCGTGCCGCCGTGGGAAACCATCTGAACTTCCCCGCGCCCCTTCCGGGCGGGTTGGTATCCAACCTGGGGGAATACGTACTCGCCACGGCGGCCATGTACGCGGCGGGCGTCGAGCCGGAACGGCAGATACAGGCCCTATGGGAAGCGCGGGGCGCGTGGGCAGCATGACCGCCTTCAGATGGGGACCGCTTGACCGTGCGCCCCTCTCGCCCCTGAGCCTGGAAGCGGCACAGCGAGCGGGCCTGCACCCTGACACGTACCGCGCCGGGTACGCCCTCGCTACTCGCGCACCGTGGCACATCCTGACCGCCTGGGAATGCGAAGAGGTCAGCACGCCGGAAGCCTACGCGGCCCTCACAGCCTGGGAAGGGGGGCGGGCATGACGGCCGCGCACGGTGTCCCCGCTGGCATCCCTCACGGCCTGACGGCTGGACAGGTTGCCCGCGCCCTGAACCTGAAGGAAGAGACGGTCAAGCGGGCACTCACTACCGGCGCTCTGCCTTCCTGGCGCGTCGAGCATGGGCGCGGGTGGCGGTACGTGCGCCCCCATGACCTCGCTACGTTCGCTGCTGACCGTGGGTTGCCGCTGGACTGGGGCGAGCTGCTGTAACCCCGTTCACCCCGTTTCCACCATTCACCCCGTCCGGCCTGAATAGCTGGGCGGGGTTCCTGCATTGTGGAAGGCATGAGTAAGCAGAGACTAGACCGGGAAATTAAAGAGACACAGAAAGCCTTAGAAAACCTGCGGGCGGATGAATTGCAACTCGCCACACTGGAAGCTGAGAAGGCGGCCACACTGCGGGAATTGCAGAGCGGCAAGTCACGCGACTTCGCCCGCATGGCAGAGGTGGAAGGGCACCGCGCGGCCCTCGCCTCGATGCTGGAAGATCAGCGGGCAGAGATTGAGCGCACGGCCGCGCACCTGGAAGCCCTGGGCGTTCAGCGGGACCGGGAAGGGCACCTTGAGCGCGTCGAGTCCCTCGCGGCTCAGATTGAGCAGAGCCGCGCCCAGCTTCACGGCGGTCTGCGGGGGCTGGTGGAGAGTCTGACGCCGGAACTTGAGCGCCTGATAGGACTTCACGGCCGGTGGGCTGATCTGCGGGCGCAGTGGATCGAAACGGCCCGCGAGATGGGCGAAGTCACTAAGAATGACTGGGGGCGCTCTGTGGTGAGTGACGCCCTGCTGAGTGAGCTTCAGGGGCGGGGCGTGAATGTGGACGCGCTGCGCTACTCGCGGAACTTCCAGCCGGAGACAACCGCAGACGTGACCGACCCCCTGCCCCTTCAGATCGTAGAACCGTTCAGTTACGCGGCGTTCCCTGAGCGTGTCGAAACGTTCACCGGCACCCTCTTCAGGGAGGCCCTGATCGGGTGGCACGCGGCCCGCAGTGACCGCGCACGGGCGCACCGGGGCGAGCTGTGACCGGCAAGCCGGACGGGGCGCTGGGGCTGCTGATCGCCCGTCTGTTCCCCAGGCCAGACCCGGCCCGCCGTCCGTATGACCCGCTGGAAGAGGTGCGCCGTCTGGCCCTGGGGCTGGAACGCGGGCAGGAAGAGGCCGGACGGGACCGCGCCCAGGTGGAAGAGGTGAAGCATGAACAGTGAAAACTACGAAACAAACGCCGCCCCCGTCGAGCGTGACCCCAGGGGCGCAAACGCCCAGAGGCACGGCATCCTGAGTGAGCACGTCCCCCCGGCAGAGCGGGCCGCGTACCTCGCGCACGTCGAGGCGGTCAGGGCGTCGAGCGGCGCACGCGGCTACCTGCAAGAGCGCCTAGCAGAGCGGGCGGCCCTCGCCCTGTGGCGACTTGACCGCGTGGCCCGCTTTGAGGCGGCTGAATCCGCGAGTGAGCAGCGGCGCGTGCTTCAGGGCATCTCTGAAGCCGTCGAGTACGGGCACGCCGGGGCCGTCACCAAGGCATTCAACCGCCTTCACCGGATGGTGGGCGAGAGTGCCGCGTGTCTGCGGGCTGACCCGTCCCTGAGTGAAGCGGAAGCCCTGAGACTGGAAGGGACGGCCGCGCACCTGGAAGCCCTCGCGGCTGGGCATGACGGGGCGGGACTGTCTGACAATGAGTCTTACCCCGTGGGGTACGCCCTGGGCACGTACATGCTGACGGTGAAAGTGAAGCCGGGTGAGATGGTGCAGGCCATGACCGGCCGGAAGCCCAAAGCGGGGGACGTGGAAGCCGTCGAGTGTGGCGACTGGGAATATGAAGCGGAAGAGTTGCCGGGACTGGTCAGCCTGTGGCGTGCGCGACTGCCTGAGTTTGGGGACCGGGTGCTGCTGAGTCTCGCCCTGACGCAACGGGAACGCGCGGCGGGCGTGCGGGCGGCGGCCCTGGAAGCCCAGCATGTGAAGCGGGACGCCCTGAACCTCGCGGCCCTGCCTTCCGGTGAAGTGCTGGAGAAGGTCACGCGGTATGAAGCGCACCTTGAGCGGGTGCTGTACCGGGCCTTGCATGACCTGGAAGCGGCGCGGCGTCAGGATGAGGGACAGGACACGCCGGGGCCTCTGCGGGGCGTTGTGGACGCTGGCGAGCGGCACGCCTGACCGGGCGGCACCCTGACAATTCCGAACATTTGCGCGGCCCTGGGATGACCTGGGGCCGCGTTCCTGTGCTCACTGGGGATATCCCCAGTCACGGCGGGGCAGCTCATCTGTGAACGGTTCACAGATGCCGCGCTTCACTGTAAATAGTTGCAGTGAGGCGTCACTGTCCGATTCAGGCAGTGACCCGTCCATCTGGCGGAATCCTCCAGATAGACCGGCACGCCTGGGGACACTGTTCAGAGTGTGGACAGTCTGACCGGCACACCTGACGGAAGCTAACGCCGTGCCGTGCGAGGTTCCGCCGTTTCAACCGGCAGCACACAGGTAAAGGCGGCACGTATGAGGGGGGCCGGACCCCCCGCTTACCGTCGATTCCACCGACCTATTCAGCCTGCACCATTTTGCCGGAGGGGACAAAATGATGTGATTCGCCCGCGCACGCGTGGGGGGCACACCCTGGAGTCAGATGGCTCCAGGGTCGGAGCCCTCGCGCCCGCGTGCGCGTGGGGGGCACACCTTCCGGTTGAAACGGCGGGTGGCAAGAGGTGGCAACTCGAC
NZ_CP115165.1_gap56	1770940	1771489	549	GGACGCCCTGCGTCCCCTGACCCCGCTGATCGAGGCGCACCTGGGCGCGGCGGTGCAGGGCGGGGCGCGCCTGCAGGGCGGGGATATCAGCGCCGCCTACCGCCTGCGGACCACGCGGGGCGAGTTCGTGCTGAAGGCCGCGCGGCCCACCGGAGGAACGCACCTGCCGCTGTACGCGCCGGAAGCCGAGGGGCTGGCGCTGCTGCGCGCGGTGGGACCGCTGGCCGTGCCGGACGTGATCGCGTTCGGGGAGGGACCGGGCGGCTGGCAGTACCTGCTGCTGTCCTACCTGCCGCCGGCCGACGACACGCCCGCCCTGCACGGGGCGCTGGGGCGGGGGCTGGCGGCCCTGCACGCGCGGCCCGCGCCGGGCTTCGGGGGTACGCCGGACAACCTGTTCGGGTCGCTGCCGCAGCAGAATCTGGCGGCGGGGTCGGCCGCCGAGTTCTTCTGGCACAGTCGCCTGCTGCCGCAGCTGGAGCGGGCCGGGGCGGCGCTGGGCGCGGCGGACCGGGCGCGGTTCGCGGAGTTGCGTGAGCGGTTGCCGCG
NZ_CP115165.1_gap57	1805500	1809162	3662	CGGCGTCCGGGTTGCCCAGCAGCATGCGCTCGCGCACGCCACGCGCCATGCGGCCCATGCCGACGCGCAGCTGGTCGGCCAGCAGTTCGCCCACGGTGCGCACGCGGCGGTTCCCGAGGTGATCGATGTCGTCCTCGCCGACCGGGATGTCGTTCATCACGCCGTCCGCGTCGGCCATGCCCACGGTTTCCTTGCCGTACTGCAGGGCCATCAGGTAGCGGATGGTGTCGACCAGACCGGCGTCCGTGAACTTGCCGTCCTCGAAGTTCAGCAGGGTGCGTTCTTCACGCTGCACGCCCAGCTTGGTGTTCATCTTGAAACGGCCGGGCTCGCCCAGGTCGTAACGGCGCGGGTCGGCCAGCAGACCGTACAGGTACTGGATGGCCTTGTCACGCTTGGGCGGATCGCCGGGGCGCAGGACCGTGAACAGGCGCAGCAGGGCCTCGTCGGCTCCCATGCCCGCGCTCTTGTCCTCGGGCAGTTCCATGTCCGGCTCGAACTCCGTGAACAGCGACTTGAGGCTGGCGTCGTCATAGCCGAGGACGCGCAGCAGCATCGCCACGGGGAACTTGCGCTTGTTGACCTTCATTTCCAGGATGCCGCCCGCGAACTCCAGCTCGATCCAGGGGCCGCGTTTGGGCATGGGAATGATCGCGCCGGTGTACATCTTCTTGATGCCCTTGTAGGAGCTCGTGAAGTACACGCCGGGGCTACGGTGGATCTGCGAGATGATCACGCGGTCCGCGCCGTTAATGACGAAACTGCCGTCCTTGGTCATCAGGGGCAGGTCGCCCAGGAACACCTGGTCTTCCTTGATCAGGCCGCTGTCCTTGTGGATCAGTTGCAGTTTGGCGTACATGGGCGCCTGGTAGGTGACGTCCTTCTCGCGGCATTCCTCGGGCGTGTAGGGCGGCTCGCCCAGGCGGTACTCGAGGTAATCGAGGACCAGGCCCGTGCTGCGGCCCTTCTCGGTCTCGTCGATCGGGAAGACTTCTTTAAAGGCGCTCTGCAGGCCCACGTTCTCACGCTGCTCCGGGGCCTTGTCGGCCTGGAGGAACGCGCGGAACGAGTTCACCTGGATTTCTGTCAGGTTGGGAAGGGGAATCACTTCCGCAATGTCACCGAAACGCTCGATGCGGGGTACTTTACCGGTCAAACTCATGTCCACCTCGCACGCACCCTGGGTCCTGCGCTGCGCCTTCCGGGGCTGGAAAAGGCGTAGGCGGAACACGCAACCCCTCCGGTCGCGGTCCCTGAATTAAGGCTTAGTTTTGCAGACCCGTTCGCCGCAACTAGCTCCTGCCCGACCCATCATGGTCAGCACAGGGCAGTATAGACCCGCCGTGCATGACAGGTCAACCGCCCCGGAGTGCTCGCGCCCGGTCTCTAATGTCCGGAAGTATGCCGCAGCCGCGCCCCAGAATCAATCGACTTTACGCACCCCGCCCGGCCTCCCGCAGCGGCCCCGGCAGGCGCTGACCTTGCCTTCAGATTGACAGTCTGACCCGCCCCCATTCCGTAGGATGAACGCGTGGACGCCCTGCAACCCTACCTGCCCCTGATCTACACCATTCTGCGCGGACTGGCCGTCGTCGGCCTCGTTCACGCCCTGATCACCCGGCAGCCACCGTACTGGATGCTCACGCTGGGATTCGCCGCGTTCCTGGGCGGCATCTTCAGCATGGTGTTCTCGCTGGTGTACGTGTTCACGGTCCTGATCCCCAGCCTGCGCGGCGGCACACGGGTGGCCGGGAGGGCCGTGGCGCGCGGCGTGGAATCCCTGAAGCCACTGGACCTGCGCATCCGCGAGGCGCACGAGCAGTTGCAGGAAAGCGACACCCTCCAGAACCGCGCCGATCTGGCCGCCCTGCAAGCCCGCGCCGGCCGCCCCGACGACGCGCAGGCCACCCTGGCCCCCCTCCTGAGCGGCATCTACGCCGACGATCCAGTCGTGCTGCTCACCAGCGCCGAACTGGACCTCGCCCGGCAGGAACCCGCCCCGGCCGCCGCGAAACTCAACCGCGTGGACCTGAAAACCAGCGCCGCCACCCGCACCCGCACCCTGACCCTCCTGGCCCAGGCGCAGGACGCCCAGAACCTCCCCGAAACCGACCAGACCTACCGCGACGCCATCACAGGCGCCACCACCGAGGAACCCCGCGCCCGCTACGCCGCGTACCTGATCCGGCAGGGCAGGGAAGACGAAGCCCGCGCCCTGCTGGACGCCCTGGCCAAAACCGAGAAGAAGGCCAGCGGCCTCTACCGCCGCCAGGAACGCGAATGGTTCCAGATGGCCGCCGGACTGAGGAAAGAGCTGAAGTGAGCAGGTACATGCATGACACCGTGACGGTCTGGGCGGCCCACGCACCCGCGGAAGCGGAGTTGGCCGGAGCAGTGAGATTCGACTCCGCCGCAGAGGAAGGGGAATCGAGGTCAGCCTTCTCCATAGCCTTCCGAACAGGCTGGTACGACGACGATTTCGCCTTCTACCTTTACGGTGACGAGCTTGCCTCGCTCCTGACTGACTGCTCTGCGTCCTGGCTCACGCTGGATCAGCAGGCCACGTCGCGTCTTTCATCTGGGGGGGAGTGGAATGCGCTGTATGTCATCAGTGGAGGGGCCGGCGACGAGTGGCGGGGCGAGGAGGCCCGCCCTCCCATGCCGCACGGGTCTGTTTGCGCCTCGAAATTCTGACGCTCTAGGTCATCTTTATTACCCGGCTAATATTGCCTTTCTGTAATTCATCCGGGTAAAATACAGGTATGGATACCGCACCCACCTTCACCACCTTCGACCGACATACCCGCTGCCTGACCGCGCCCCTCACCGACACACTCACCCTGTTGCACTCCCAGCCCCGCGCGGGCCTGCTGACCTTCGACGATCAGACCGGGCGCAGCGTGGACTTCAACCTGAGCGGAACCCTGGACGACGTGCTGGCCCGATACGCTCCCGAAACGCCCCGCACCGGCCCCGGCCGCCCGAAACTGGGCGTCGTGTCGCGCGAGGTCAGCCTGCTGCCCCGCCACTGGGAGTGGCTGGAACGCCAGCGCGGCGGGGCGTCGGCGGCGCTGCGGCGCCTGATCGACGAGGCTCGCAGGGTCGACCCGGACAGCGAACGACGCGCGCAGGCCCAGGCGGCTGCCGACCGCTTCCTGGGCGTGATGGCCGGCGACCTGCCCGGTTACGAGGAAGCCACCCGCGCCCTGTACGCCGCTGACCGCGACCGTTTCGAGGCCCAGTTGCACCTCTGGCCCGACGACCTGCGCCTGCACGCCCTGTACCTCGCCGCGCCAGCCTTCCCCGTCGCGCCCGCGCCTGCCCCCGGCCCCGCATGACCGGCCCTGAAGGCCTACGCGAGCACCGCCACACGCCACGTCCTGGCATCATCCGCATCACGCACGTGCCCAGTGGCCGCACGCACCTGAACTGCAGCACCGACGCGCCTGCCCTGCTCAACCGCACCCGCTTCGAGTTGCAGACCGGCACCCACCGCGCACCCGCGCTGCAACGCGACTGGAATACTGACGGCCCAGACTCCCTGACCTTCGAACTGCTGGACGAACTCCCTTCACCCCGCACCGGGACCCGCACGCCCGCTGCGTTGCGGGACGACCTGAAGGAGCTGCTGACGCTATGGCAGGAGACACTGAACATCCCAC
NZ_CP115165.1_gap58	1846536	1849880	3344	AGTCTCATGTCCGGCGTCGTATGCTCCTCAGAGCGATGCTTCAGGATTCCTTAAACTTGTACGGGCTCCGGATCTCCGGCCCACGCGGCGGCCGGGCATGAAACCGTTGCGGATCGGGCTGTTCACCGACACGTTCCTGCCGGACCAGAACGGCATCGTGACCAGTGTCGCCCTGCTCAGCGATGAGCTGCGTGCCCAGGGGCACCACGTGGACGTGGTCGCCCCGGACTTCCCGGAACACGTGGACACCCGCAGCGACGTGGTCCGCGTGGACAGCCTGCGCTACATGTTCCTGCCCACCTACCGCCTCGCGTGGCCCACCCGTAAGGACTTCCACCAGAAGTACGACGTGGTGCACACCCACACGCCCCTGACCCTGGGACTGGCGGGCGCGCGGCTGGCCCGCAAGTGGAACGTGCCGCACGTGGCCACGTACCACACGCACATCGAGGCGTACACGCACTACGTGCCGGGCGTCACGGCCCTGCAACGCCACACGGGCGTCGTGACCCGTGTCATGAGCCTGCTGTACGGCCGCGCCGACGCCGTCATCACGCCCACTGCCGGCATGCTGGACGTGCTGCGCGCCATGCGGGTGCGTCATCCGGTCGTGATTCCCACCAGCATCGACCCGCGCGTCCTGGAGGCCGCCCCGGCCATCGACAGTCCCTGGCCCGCCGGGAAACGCCGCCTGCTCAGCGTGGGCCGCCTCGCCCGCGAGAAACGCTTCGATCATGTGCTCGACACCCTGACCGGCCTGCCCGACGCTCACCTCGTGATGCTGGGCGAGGGCCCGGAACGCCAGCACCTCGAGGCGCACGCCGCCCGCATCGGCGTGGCGGACCGCGTGACCTTCCTGGGCGTGCGCCCCTGGGAGGAGATCGGCGCGTACTACCGCCTCGCGGAACTGTTCGTGTTCGCCAGCGACACCGAAACGCAGGGTCTGGTGTTGCAGGAAGCGCAACTGATGGGCGTGCCCGTCGTGGCCGTCGGCGCGCGCGGCACCCTCAGCGGCGTGGCGCACGAACGCAGCGGGTACCTCGTGGCGCCCGCCGACGTGAACGCCCTGAGCCGCCACGCCCGCGACATCCTGGACGACCCGCAGCTGTGGGCGCGGCTGTCGGCCGGCGCGCGCGACTTCGGAACTTCGACCACCCCGGCCGGCGTGGCGCAGCAGGTGCTGGACGTGTACGCCACGGTTCTGGGCATGGCGCGCGAGGTCAGTTTTCCGGTGGAGGCCGGCGCTCCTCCCCGAAATAACCTCGCGTATGACCAGTGATGTTCCGCAGGTGCTGCCACGCGAACGGCAGCACGCCCCGGTCCAGGCGGCGCGCACTGGTCTCCACCAGCGCGCCCGGCACGAACGCCACCTCGCCCAGCCGCGCCAGGGCCTGACCCAGGATCACGTCCTCGTAGGCTTCCACTTCCGCGTACCCGCCGGTCAGCAGCGCCGCCTCCCGCGAGTACGCCATGTTCGCGCCCGCCAGATTCGGTTTGCCGAGCACCCGGCAGACGTGCAGGAACGCGCTGTACCCGGCGCCCGACAGCCGCGACCAGTGCGGCGCGACCCCGCAGAACCGCATGGGGCCGTACAGGGCTGCGCGGCCCGGCGCGGCCTCACTGAGTTTCTCCAGCCACTGCGGACTGGGCAGCGAGTCCGCGTCGGTCGTGGCGACCCACTCGCTTCTGGCCGCCTCCAGTCCCATCTGGCGGGTGTGGGCCACGCCGGGCCGCTCGCAGCGCAGTACCGTCGCGCCCCAGTCCCGCGCGACCTGCACGGTCCGGTCGGTGCTGCCGTTGTCCACCACGATCACCTCGTCGGGCGCGTGGCGCTGCCCGGCCAGCGCGCGCAGCGTCAGGGGCAGGTAGACCTCCTCGTTGCGGGCGGGAATGACGACGGTAAATCCGGGCACGCGCACAGGCTAGCAGGCCCGCGCCCCCTTCATGCCCACTTCATGAGGACCGCGCGGCCCCCGGCTGCCGCGCAGGCGTCAGAATGGCAGGCGCCGTGACCTTCCGAGACCGCCTGCCCCTCCGCCCCGGCACCGCGCGCGCCGTGTCCGCCGCTGCGTTCTCGCTGGCCTGCGCGGAGATGATCCGCTCGGGGCTGTACCTGTCGTACCTGGGGCAGAGCACCCTGGCGCAGGACGCCCTGGGCGTCACGCCGTCCGTGGTGGGCCTGGCGTGGGCGCTGCATATCGGCGCGGACACCGTCATGCGCGGCCCCGCCGGCCTGCTGATCGCCCGCTACGGCCTGCGTCCGGTCATGATCGCCGGGGCGGCCCTGAGCCTGCTGGCCCTGGCGCTGCTGCCCGCCGCGCACGCCGGCTGGGCCCTGCTCCTGATCGCCGTGCTGCACGGCGTGGGCTTCAGCGCCGCGTGGCCCGGCGCGATGAACCTCACGGCCGACGCCACCCCGGAAGGCGTGCAGGGACGCGCCCTGACCGCCGTGTCCATGGTGATCCTGCCGTTCATCGGCCTGGGGTACTTCCTGTTCGGCGCGCTGCGCGACGCGCCCCTTCAGAGCGTGTACCTGCTCAGTCTGGGCGTGCTGGGCCTGTCGCTGCTGGCGGCGTTCCTGCTGCCTGCCCGCGCCGTCCGTGGCCCCGCCCGCGAGGTCATGAACGCCGAGGCGCGCCGCGAGGTGCTGCGCCGCCTGCGCCCCCTGCTGCCCGCCGCGCTGATGCAGACCGTCACGCTCTCGCTGTTCGGACAGGTGCTGTTCCGCGTGACCGACGACCTGAATCTGACGTACTGGACCATGATCGCCATCCTGGTCACGGGCGGGGCCGCCGCGTTCGGCAGCCTCCCGTTCATCGGGAAGGTCGCCGACCGGGGCCGCGCCACCCTGACCCTGACCGCCGGGTTTGGCCTGATCGCGCTCGGCATGGGGGGCATCGCCCTGCTGCCGCCCACCTGGGCGCTGTTCCCGCTGGCCGCGCTCGTCGGGCTGGGCTTTGCCGGCGTGCAGCCCGGCTGGGGCGCCCTGGTCACCCGCACGCTGCCCGAACCGCAGCGGCCCGCCGCGTGGGGCGTCCTGATGACCCTGGAGAACATCGGCACGGCCGTCGGGCCGCTGCTGGGCACCCTGGCCTTCGTGCAGCTCGGCGCGCGCGGCCCCTTCGCGCTGGGCGCACTGTTGTCCCTACTGGCGACCGTCTTCTACGTCCTGTTCCGCCACGCCTTCCCACCCGCCCAGGGGACCGACGGACCGGCAACTGGCGTGGGCGAGGCGATCTCCTGAGCCGCTCACTGGCCCGCCGGGCGCTGACCTGGGTGGGCAGTGGCCTGGGCCTGCTGGCCCTGACGGACCTGCTGGGCCGCGCCGCCGGACTGGGCGCCCT
NZ_CP115165.1_gap59	1859804	1862158	2354	CCTCGACCTGTACAGGGAGCGGTGTCATGCTGTTCAGTACGCGCCGCGCGCGGCTCCGGTTGCCGCTGCGTGCTCCCGGGCGCTATCCTGCCTCCATGAAGCTTCCCGCCCGTCACTCCGGTCTGGTGATGCGTGGCGTGAGGCTGCACCGAATGCCGCTGTTGCCCGGACTGGTCACGCGAACTCTCAGCGCCTGAGAACCCACTTTCCGTGGTTTTCAGGCGTTCTGCTGGGTGTGGTCAGACCGGGCTTTCTCTATGGACGCTGGTGGGCGCTGAAGGCGGCCTGCCGGAAAAGAGGTTGATATGCACGTAGTTCTTCCCGACGGTAAACAACTGGAACTCGCTCAGGGTGCGACCGCGCTGGACGCCGCGCGGGCCATCGGTGAACGCCTCGCCGGTGACGCCGTGGCTGCCACCGCGAACGGTGAACTGGTGGACCTGATGACGCCCCTGCCCGACGGCGCGGCCATCACGCTGATCACCAAGAAGAACCCGGGCGACGCTGCGCCGCTGTTCCGGCACTCGCTGGGGCACGTGATGAGTCAGGCGGTCGGTGAGTACTACCGCGCCAAAGGGTACGCGGACGACCAGATCAAGCGGGGCGTGGGCCCCAGCATCGAGAACGGCTGGTACCAGGATTTCGACCTGCCCGAACCCATCAAGGAAGAGGACCTGCCGGAAATCGAGAAGGTCATGCGGGACATCATCAGCCGGAACCTGCCGTTCACGCGCCGCGAGATCACCCGCGCCGAGGGCCTCGCGCAGTTCCCGCACGACCCGTACAAGCAGGAACTCATCGCCGGCCTCCCCGAAGACGAACCCATCACCTTCTACACCCAGGGTGACTACACGGACCTGTGCCGCGGGCCGCACTTCCCCGCCACGGGCCGCCTGCCCGGCGCGTTCAAGCTCATGAGCACGTCCGGCGCGTACTGGCGCGGCAACGAGAAGAACCCCATCCTGCAACGCGTGTACGGCGTGGCGTTCGCTGGCCAGAAGGAACTCGACGAGTACCTGCACCAGCTGGAAGAAGCCAAACGCCGCGACCACCGCAAACTGGGTAAAGAACTGGAACTGTTCACCATCGACCCCATGGTCGGCAAGGGCCTCCCGCTGTGGCTGCCGAACGGCACGGTCCTGCGCGAGGAACTCACCGCGTTCCTCAAGGAACAGCAGTTCAAACGCGGCTACCAGGGCGTCATCACGCCCAACATCGGGAACCTCGACCTGTACCGCACCAGCGGCCACTACCCGTATTACGCCGAGTCGCAGTTCAACCCCATCGAGGTCGATGACGAGCAGTACATGCTCAAACCCATGAACTGCCCGCACCACGTGCGCATCTACGGCAGCAAACCCCGCTCCTACCGCGACCTGCCGGTCAGGCTGGCGGAATTCGGGACGGTGTACCGATACGAGCAGAGCGGCGAACTGAACGGCCTGACCCGCGTGCGCGGCTTCACGCAGGACGACGCGCACATCTTCTGCCGCCCCGACCAGCTGAAAAAGGAATTCCTGGACGTCCTCGACCTGACCGTCCTCGTCCTCAAGACCTTCGGCATGACCGACGTGCGCTTCCGCGTCGGCACCCGCGACCCCGAAAGCGACAAGTACGTCGGCGACGAGGCCAACTGGAACCTCGCCGAGAAGCAGATCATTGAGGCTGTCGAGGAAGTCGGCCTGCCCTACACCATCGAACCCGGCGACGCCGCCTTCTACGGCCCCAAACTCGACTTCGTGGTCAAGGACGTCCTGGGCCGCGAATGGCAGCTCGGCACCATCCAGGTCGACTACAACCTCCCCGAACGCTTCGACATCAGCTACGTCGGCGAGGACGGCCAGGACCACCGCCCCATCATGATTCACCGCGCCCCCTTCGGCAGCGTCGAACGCTTCACCGGCATCCTCATCGAACACTACGCCGGGGACTTCCCGCTGTGGCTCGCGCCCCGCCAGATCATGATCATTCCCATCGCCGACCGCCACAACGATTACGCCTGGCAGCTGCGGGACGAACTGCACGCCGCCGGCCTGCGCGCCGAAGTCGACGACAGCAGCAACCGCATGAACGCCAAGGTCCGCACCGCCGAACTGAGCAAGATCCCCGTCATGCTCGTCGTCGGCGACAAGGAACAGGAAGGCCGCGAAGTCAGCGTCCGCGAACGCACCCCAGACGGCCTCAAGGAACGCAAAGGCGTCGCCTTCGACGACCTCAAGAGCGAACTACTCACGCGGTACAAGACCCGCAGCTGAAGCTGAACCGCAACAGAAACGCCCGGTCCATGGAGGCCGGGCGCTGTTCTTGATCAGGGAGTGAACGGCAACGGAGTCAGGTCAACCGGCGCATCGGTC
NZ_CP115165.1_gap60	1910817	1915457	4640	CGCCCGTCCAGGTACCGCGCCATGCCCTGCTTCTCGCTGGTCGCCTCGGCATGGAAATCCACGAACACGCTGCCCAGATCATCGCGTTCCAGCAGCGTATCCATCGCCCGGAACGGATTATCCACCGCCTCCATGAACACCCGCCCCAGCAGGTTCACGACCGTCAGGCGCTCCGTGCCCTGCGCGGTCTTCACGTCGAAGGACCGCCAGCCCACGCCCGGCGTACCCGGATCGCTGTAATTCAGGGGCCGCACAATCGGGTACTTCCCCTCATCCTGCATCAGCACATAGATGTCCTTGTGATGCCACGCGTGATTCCCCAGCGTCAGGCAGTGCGCCCCGGCCCGCAGCGCGCCGTCCGCCGCCTCGCGGTGCATCCCGAAACCACCCGCCGCGTTCTCCATGTTCACCACGATGAAATCCGCCCGCGAACGAAGCGACGGCAGGTGCGACCCCAGCACCCGCCGCCCCGGCGAAGCGAACACATCCCCCACAAACAACAACCTGATCATGACGCGCAGGCTAGCGCGCTTTGCCGGTAAGCCGGGCGGGGCAGTCCAGGCCCGTAACGCCCTGGTAATGCGGGGCGCGCACGCTGCGGGCAGGAGGCGGTAATCATGACGAGAATCCTGGTCACGACGGACGGTAGCGAACTGGGTCACGCGGCGCTGGGGCACGCGCAGGCCCTGGCGGGAGCGGCGCACGCGGCGGTGACGGTGCTGTGCGTGCAGGCGGACCCGGCGGTGCTGGTGGGTGAGTTCGCGTACGTGCCGCCGGTGGACCCCGCCGAGTTCGCCGCGCAGACCCGTGAACTGCACGCCGACCTGCAGGCGCGGGTGACGGAGGCCCGCGTGCGGGTGGAACCGGCGGGAGGTCGCACGCTGGTGCGCGCCATCCTGGATGTGGCGCGCGAGGAGAATGCCGCGCTGATCGTCATGAGTACCCACGGGCGGGGCGGGCTGGGCCGGGCGTTGCTGGGCAGCGTGGCCGAGGCGGTCGCGCACCACGCGCCGGTGCCCGTGATGCTGGTCCGTGCGGGGCAGACTCCGGCTGTGTGGGCGGCCACGGAACCGGACCGCCCGGCGGCGCGGCACACGCCCACCGCGTAAGCGGCGGCGGGCCGGGGGCGCGCGGGTCGGTGTCAGCTTACCGTTGCCCGCGCGGCCGTTCGGTACACTGGCGCGTTATGCCGCGTGTCCCCGTTAAACCCGAAGTGATGAGTCCCGTGGGCGGTGAGGCCCAGTTGCGCGCCGCCGTCGAGGCCGGCGCGGACGCCGTGTTCTTTGGCGTGAATCCCGCCCGTGATCAGGTGGGCCGCGCCGGCCGGGCCGATGGGGCGGGCTTTCACGCGCGCGCCAAGGTGGGCTTCGAGCTCGAAGCCCTGCCGGAGATCATGTCCGGGCTGCACGCGCGGGGTGTGCAGGGGTTTGTGACGTTCAACGTGCTGGTGTTCGACCGGGAACTGCGGCAGGCCGAGGCGCAACTGATCGCGCTGGCCGAGGCGGGCGTGGACGCGCTGATCGTGCAGGATCACGGGGTGGCGCGGCTGGCGCAGCAGATCTGCCCGGACCTGCCCATTCACGGCAGCACGCAGATGAGCATCACGTCCGCCGAGGGCGCGGAACTCGCGCGGCGCTTCGGCGCTAGCCGCGTGGTGCTGGGCCGCGAACTGAGCCTGCTGGACATCGAACGCATCGCGAACCAGACGGACATTGAACTGGAGACCTTCGTGCACGGCGCGCTGTGCGTCAGTTACTCCGGGCAGTGCTTCTCCAGTGAAGCCTGGGGTGGGCGCAGCGCGAACCGTGGGCAGTGCGCGCAGGCCTGCCGCCTGCCGTACGACCTGTTCGTGGACGGCCTGCAACGCGACCTGGGCGACGCCCGCTACCTGCTGTCGCCCGGTGACCTGTACGCGCTGCATCAGGTGCCGGACCTCGTGCGGATCGGCGTGGACTGCCTGAAGATCGAGGGCCGCTACAAGGACGCCGAGTTCGTCGCCCTGACCACCGCCGCGTACCGCAAGGCCGTGGATGAAGCCTGGGCGGGCCTGCCGCTGAGCGTCACCCGGCAGGAAGAGCAGGACCTGGAGCAAGTGTACTCGCGCGGGCTGGCGCCGCACTTCATGGCCGGCACGAACCATCAGACGGTCGTGCGTGGCCGCGCCCCCCGCCACCGGGGCGTGCGGGTGGGCACCGTGCGCGGCGTGACCGAGCGCGGCGTGCTGGCCGAACTGAGTGAGCCCCTGAAACCCGGCGACGGACTGGTGTTCGACCCGGCCAACTGGCGCGCCCCCGAGGGCCGCGAGGAGGGCGGCTTCCTGTACGGCCTGTGGCAGGAAGGCCAGCAGCTGGACGACGCGGCCCTGGCCCGCGTGCGGCCGGGCGGCGTGTACGAACTGCGCTTCGGGCGCGGCGCCGTCGATGGCCGCCGCGTGCGCGAGGGCGACCCGGTCTGGCGCACCCAGGACCCCACGCTGGCCGCGCGCGTCAGACCGCTGGTCGAGGCGGCCGACCCGGTGTACACCCGCCCGGTCACGGCGCACTTCATGGGGCACGTGGGCTTCCCGCCCGCCCTGACCCTGACCGATGAGCACGGCCACAGCGTCACCGCGACCCTGCCGGACGCGCTGGGCGAGGCCCGCAACCGCGCGCTGGACGCGGCGGGCCTGCGTGAGCAACTGGGTAAACTGGGCGGCACGCCGTTCCACCTTCAGGATCTGACCACCGACCTCAGCGGCGCGGGGTTCCTGCCGATCAGCGCCCTGAACGCCCTGCGCCGCGACGCGGCCGCGCAACTGACCGACCTGCGCGCCCAGGCGCCCGAGCGCCGCACGGCGCCCCGCCTGGACAGCGCCCTGGCCGCCCTGCCCCGCGCGGACCGCGCGCCCGCCGACCACACCCCGAGGCTGCACGTGCTTGTCCGCACGCCCGAACAGCTGGACGCCGCGCTGGAGCAGCGCCCGGACTCCATCACGCTGGATTACCTGGAACTGTACGGCCTGAAACCCAGCGTGGAACGCGTGCGGGCTGCCGGTATTCCCGTGCGGGTCGCCAGCCCCCGCATCCTGAAACCCACCGAGCAGAACCTCCAGAAGTTCCTGCAATCCCTGAACGCGGGCATTCTGGTCCGCAGCGGCGGCCTGCTCGAAGGCCTGCAGGAGCAGCGCGGGCCGGAGTCGGGGGGGCAGGAGTCGGGCGGGGCGGAACTGACCGGCGACTTCAGCCTGAACGCCGCGAATGTCCTGACCACCCGCGCGCTGCTGGACCTGGGATTGAGCCGCCTGACGCCCACCCACGACCTGAACGCGCAGCAGATCACGGAACTCGCCGGACTGGTCGGCGGGCAGCACCTGGAAGTCATCGCGTACGGACACCTGCCGGTCTTCCATACCGAGCACTGCGTGTTCTGCCGCTTCCTGAGCAGCGGCACCGACTACACCAACTGCGGGCACCCCTGCGAGACGCACAGGGTCGCCCTGCGCGACGAACGCGGCCACACCCACCCGGTCATGGCGGATGTCGGCTGCCGCAACACTGTGTTCGAGGGCCGCCCGCAGGTGGCCGCGCCGCACCTAGGTGAGTGGCAGCGCGCCGGTATCCGCGACCTGCGCCTGGAATTCGTGCACGAAACGCCGCAGCAGGTCACGGGCGTCATCGAGGCTCACCGCGCGTTCCTGGCGGGCGCGCTATCGGCAGCCGGGCTTCAGGACACCCTGGACGCCCTGTCTGCCAGGGCCGGCGTGACCGAGGGCAGCCTGTTCGTGCCGCACGACTTCGGCACGCTGGACGCCCTGCCGGTCCTGTAAACCCTGCCCGGCTGACCCGGGTCTGACCGGCCTGCGACTCTTCAGGAACGATGAACGGGCCGTTCGGGCCGCCGCTGCCACCAGACGCGCCTTCCACCCGGTGGGGGAGGCGCGGTTCTCATGTCGGGTCTCATCCGCATTCCGGCCGGTTCTGTACGCTGGGTCATGACCCCACAGGCGCATCCGGTGAAGGTGGAAAGACACGACGTGTCGGCACGTTGCCATTACACCAATACCGGCGCGAGGGCCGTCCACACCTACCGCGAGACGCCGTTCGGGCTGTTCGTAGCGCGAGATTTTCATGCGCACCCCCGCATCCGGCACTGGCAGGCGCACCTGTTGCCCGCCCTGAACCTCGTGGTGTGCCGCTACGATTTTCACGGTCGGCGCGAACACGACTATTACCTGGACGTGGCCGACATCACCCGCCACGGCGACGTGTGGCACGTGCGGGACCTGTACCTGGACCTGATCGTGCACGACGGCCTGATGGCCGAGATTGCCGACACCGACGAACTGCTCGCCGCGCGCGAGGCCGGGTACCTGACCGAAACCGAGATGCACCGCGCGGTCGCCATCGCGCACACGGCGCTGTCCGGGCTGGGTCGCGCCCGGTATGTGCTGCCCGACTGGCTGGCCCGCCGCGACCTGCACCTGCACTGGTGCGACGCGGCCGCCCTCGCCTGATCCGGACGCGGCCTGAACGGCTGCCCACGCGAACCTGTGTCCCGTGAGGGTGGCCGGGCCGGGTATCTTCCGGGGCATGCCGACCGACCCGCCCGCCGATGCCCAGGCCCGACTGGAAGCTGCTCTGCCCGCCGCGCTGGAGCGGATC
NZ_CP115165.1_gap61	1926011	1927382	1371	AGGCCCTGAACCAGATCGGGTACGCCGAACTGCGCCGCGAACAGGTCGAGAAACGCGCCCGTGGCGAGTACATGGGCATCGGCATCAGCACCTTCACCGAGGTCGTCGGCGCCGGACCCAGCAAGCACTTCGACATCCTGGGCATCAAGATGTTCGACAGCGCCGAGATCCGCATTCACCCCACCGGGACCGGCATCATCCGCACCGGCACGAAAAGCCAGGGCCAGGGCCACGAAACCACCTGGGCGCAGATCGTCGCCGAGGAACTCGGCCTGGACCCCCAGAACCTGCTGGTCGAGGAAGGCGACACCGACACCGCCCCCTACGGCCTGGGCACCTACGCCAGCCGCAGCACCCCGGTCGCCGGAGCTGCGCTGGCCCTCGCCGCCCGCCGCGTGCGCGAGAAAGCCAAGAAAGTCGCCGCGCACCTGCTGGAAGCCGCGACTGAAGACATCGAATGGGTCGAGCATAAATTCCAGGTGATGGGTGCCCCCAGCCGCAGCGTCACCATGAAAGAAGTCGCATTCGCGGCGTACACCAACCCCGGCGAGGGCAACGAACCCGGCCTGGAAGCCAGCCTGTACTACGACCCGCCCAACATGACCTTCCCGCACGGCGCGTACATCGCCGTCGTGGACGTCGACGCCGAGACCGGCGAGGTCAAGGTCCGCCGCTTCCTCGCCATCGACGACTGCGGCACCGTCATCAACCCCATGATCGTCGAGGGACAGGTGCACGGCGGCCTCACTGAGGGCTTCGCCATCGCCTTCATGCAGGAAATCCCCTACGACGAACAGGGCAACAACATGGCCCCGAACTTCATGGAGTACCTGATCCCCACCAGCGTCGAAGCGCCCGTCTGGGAGACCGGCAGCACCGTCACGCCCAGCCCCCACCACCCCATCGGCGCCAAGGGCGTCGGCGAGAGCCCCAACGTCGGCAGTCCCGCCGCGTTCGTGAACGCCGTCATGGACGCCCTGTCGCCCCTGGGTGTCACGCACATCGACATGCCCCTGACCCGCGAGAAAGTCTGGAAGGCCATCCGCAACGCAGAAGCCGCCGCCGCGAGCGACTGACCCCTCCGGCCCTGCGGGCCACCTCCCCTTAGAGGGGAGGCTGAAACTGAAGTGGCTCCCCTTAAAGGGGAGCTGTCACCGCAGGTGACTGAGGGGTTGCAGGTGACCCAGGAGTTGCCCCCGACATCGACCTTCTTCCCCCGCCCCTCACCGGGCGGGTGTATCCATTGGAGACCGTATGACGAGGATTCCGTCTGTTTCGTTACCAACCCGGAAGGGCGCCGGGTTGCCAACTCCACGCCCGGAACCCTCTTTGCTCCTTCTCGCTCCGCTCGGATTGATCGGTTTTTACAAA
NZ_CP115165.1_gap62	1933499	1937831	4332	CCCTTCCCCCTGCCCACAACCCACTTCCCTTCCTGTACAGCACCCCGGCCCGGTTCCTGTGTGCGGGCTACGCTGGCCCCATGAGTGTTGACGGCCTGCCGGAGAAGTTTGACGTGATCGTGCATCCTGCGCCTGAACTGCGGGGGGAGTTGCGGGCGCAGCCGAGCAAGAATTACACGACGCGGTACCTGCTGGCGGCGGCGCTGGCGGTGGGGGAGTCGCGGGTGGTGGGCGTGGCGACCAGTGAGGATGCCGGGGCGATGCTGCGGTGCCTGGGGGACTGGGGTGCGGGCGTGGAGCTGGTGGGTGGGGACGCGGTGATCCGGGGCTTCGGTGCGAGTCCGCGTGCGGGCGTGACGCTGAATCCGGGGAATGCGGGGGCGGTGGCGCGGTTCCTGATGGGCGTGGCGGCCCTGACGACCGGGACGGAGTTCGTGACGGACTACCCGGATTCGCTGGGTAAGCGGCCGCAGGGGGATCTGCTGGAGGCCCTGTCGCGGCTGGGCGCGCGGGTGCAGAGCCGGGACGGCATGTTCCCGGTGTCCATCTCGGGGCCGATACGGGGCGGTGTGGTGGAGGTCAGTGCGGAGCGCAGCAGTCAGTACGCCAGCGCGCTGATGTTCCTGGGGCCGCTCCTCCCGGACGGGCTGGAGTTGCGCCTGACGGGGGAGATCAAGAGTCACGCGCCGCTGCGGCAGACGCTGGATACCCTGGCGGCGTTCGGGGTGCGGGCGTCGGCCAGTGAGGACCTGAGCCGCATCTCGATTCCGGGTGGGCAGGCGTTCCGGGCGGGGCGGGTGCTGGTGCCGGGGGATTACCCGGGCAGCGCGGCGATCCTGGCGGCGGCGGTCACGCGGCCCGGCGAGGTGCGCCTGTCGAACCTGCGTGAGCAGGACCTTCAGGGCGAGCGGGAGGCGGTGGCCGTGCTGCGCGAGATGGGCGCGGACATCGTGCGGGACGGCGACGTGCTGACCGTGCGGGGCGGGCGGCCCCTGCATGGCGTGGTGCGCGACGGGGACGGCTTTACGGACGCCGTGCAGGCCCTGACGGGCGCAGCGTCGCTGGCGGGCGGCACGACCACCTGGGAGAACGTGTACACCCTGCGCCTGAAGGAATGCGACCGCATCAGCGACACGCGCCGCGAACTGGAACGCCTGGGCCTGAGCGTCAGTGAAACGCAGGACAGCCTGACGGTCACGGGTACGCCCAGTCTCGCCGGGGGCGTCACCGCCGACGGGCACGGCGATCACCGCATGATCATGCTGCTGACCATCCTGGGCCTCAGCGCGGCCGCGCCGATCCGCATCACGGCCGCGCACCACATCCGCAAGAGTTACCCGCTGTTCTTCCGGCACCTGGAAGAGCTGGGCGCGCGGTTCGAGTATCCGGAAGCCACGCGCGCCTGACGGGCCAGAGCACCAGCGGGAACGGGAAGGCTGCCCTGGACCGGGGCGGCCTTTTTTGTGTCTGGGGGCGGGTTGGAACGGCTTTTCTGGAGTGCGTTCAGAAGCTGGCGTGGGACGTCTGTCCCGCTCCTATGCTGGGGGCGTACCGGGCACAGCCGGACGGCGGGTCACTAGCACCTGTCCCGGCCCGGTGCAAGGGCACCTGAGCGGCGCGTGCCGGTCACGGCAGAATCATACGGATTCCGTCTGTTTCGTTGACAACTTGGGAAGGCGCCAAGTTGCCAACTCCACGTCCGGAACCCGTCCAACTCCCACTCGCTCCGCTCGGGTTGAACGGTTTGTGCAAACCATTCAACCGGAGTCCGTATCAGACCCAGTGCAGGTCACAGGAGGTTCCAGTCATGACTCAGTTCAACACCCCGGATCTTGTCGGTGATTCCCCCGCGTGGCTCAGTTTCATCTGGATCGCGTTCCTGATCAGCATCAGCCTGATGCTGCTGGGCATCTTCTTCATTCCCGTCGACTGGTGGGTCAAGGGCTACCTGTACATGGGCACCCTGTTCCTCACGGCCAGCACCCTGACCCTCAGCAAGAGCCTGCGTGACAGGCACGAGTACGAACGCCTCGTGAACCGCGTCAAGAGTGCCCGCACCGAGCAGGTTCTCAGCAAATTCGAAAGCTGATACGGGTAGGGAGCGGCTGTCGGTGAGTGAACGGACCTGACCGCGTCGCCCCCTTGCCCCCTCCCCCATAGCTGGCGTGAAGCTGCGCTTGAGGCCGCTGGTGGGCGCGGCTCATGAGGGGCTGCTCTCCTGAAGCATGTTCTCAATTCGTGCCCGCCGTCCGCTGCCGTCCTTCCCGTCCGCGTCGTCTGCCCGCTCTGGGGTGGGGCGCGCGGCCGCAGCGCTCCTGGCGGGAATGCTGGCCGTGTCGGGGACCGGCTGCGCTCAGGGTGCCCCGGCCGCCGGCCTGAACGTTCCGGACGGGTTCAGTGTCACGCTGTTCGCAGACGGATTCAAGAAACCGCGCTTCATGGTCGTGGCCAGTAACGGTGACGTGCTGATCAGCGACCAGAGCGCCGGAACGGTCACGGTCATGCCGGACCGCAACCGTGACGGGAAGGCCGACAGTAAGCAGGTGTACGCCAGCGGCCTGAACCAGCCGCACGGGCTGGCCATTCACGGCGCTTACCTGTACGTGGCGAACACGGACGGGGTGGTGCGCTACCCGTACCGGCCCGGTGACACGAAGGCCAGCGCCGCCCCGCAGAAGATCGTGAGCCTGCCGGGCGCGGGCGGTCACTCGACCCGCACGGTGGAATTCGGGCCGGATGGGCGGATGTACGTGGCGGTGGGTAGCACCTGCAACGTCTGCGAGGAAAGCGACCCGAAACGCGCCGCCATCTGGGTGTACGACGCCGACGGCAGGAACGGTAAACCCTACGCGACTGGTCTGCGCAACGCCGTGGGCATTGAGTGGTTCGGGGGTCAGCTGTTCGCCACGAACAACGGCCGTGACATGCTGGGTGACGACCTGCCGCCCGAAGGCTTCTACCGCGTGAAGGCCGGCGGGTTCTACGGCTGGCCGTACTGCTACACCACGCAGCCCGGACAGGCGCAGGTGTGGGACAGGGACTTCGGGAAGAAGACCGCCGATGCCTGCAAGGCCGCCACGCCCGCCTTCTCGCTGACCACCGCGCACTCCGCGCCGCTGGGACTGGCGTTCTACGACGGCAAGACGTTCCCCGCCGCGTACCGGGGGCAGATGTTCGCGGCGCTGCACGGCAGCTGGAACCGCAGCGCCAGGAGCGGCTACAAGGTCATCATGATCGACCCGCAGAGCGGCAAGACCACGGACTTCGTGACGGGCTTCCTGAAAGGCCAGACTGTCGCGGGGCGTCCCGTCGATCTGGTCGTCGCGGCGGACGGGGCCATGCTGCTCAGTGACGACGGGGCCGGGCGCGTCTGGCGCATCCAGGCCCGCTGAAGCCCGGGCGCTGGCCCTGGTGCCGGAACGCGCTTCGTGTCGGTGTGCAGCTTCGTTCAGGGCAGCGGCGCGCTAGACTCCGGGGCGTGTTTGTTACTGGCGTTCCGTCCTTTCCGTCCCGCTCGACCGGCCGGACGCCTGTATGGCGCGTCCACGCTGACGGCCGGGTGAGCGCATGAAGCTCAGCCGTCTGCCGCCGGGCTTCGCGCTCGACACGGCCGCGCAGGGCCTCTCGCTGCGCGAGGAGAGCGTGCAGAGCGTCACGCGCCACTGGACCGACGCGGGCTGGCACGCCGAGGCGACCGTCGTGGACGCCGGGCAGGCCTACCACGCCACCGTGGACCTGCTGCCCCCCCCGGACCCGCAACTGCGCGGCAGCAGCTGCACCTGCGGCCGCTACCGCTGCCGGCACGTGGCCGCGCTGGTCCTGGCGACCGACCCGCCCGACGGTCCCCGCCCCGCCCGTACGGAACCCGCGCCGGACGCCGCGCCCACCGAGGAACCCCTGGACGCCCGCACGCAGCAGTGGCTGGCGTCGTTCACGGAGACCCGCGCGCCCGCCCGTGGCCGGCAGTTCGAGCTGCGGTACGTGCTGCGCTTCCTGCCGCCTGGCACCAGCGTCGGCGGCACGCGCCGCGTGGCCGTGCAGCTCACGCGCGTGCCCCTGCGCGGCGACCTGCCAGACCTGAGCGGCGCCGAACGGTACTCGCTGCCCCGCAACCTCGCCAGCGCCCCGGCCTTCGTGCGGCGCGACACGCACCTGCTGCGCCTGCTGGACGTCGCCACGACCGCCACGCACGAACCCGGCCGCTGGCAGGACGAACTGCACGTCCTGGGTGACCACCCGGCCGCCGACCTGCTGATTGACAGCATGCTCGACTCGGGCCGCCTGTGCTGGGAACGCCCGGACACGACCCTCACGCGCGGCCCGGACCTGCAC
NZ_CP115165.1_gap63	1941016	1942414	1398	AGAAACTCGGCCGGTACTCGTTCATCGGCGTGGGCGAACAGGGCCGTTTCGAGGCGCGCGGCACGCACGTCACCAGCAGCGGCACCTTCGGCACGCACGACGGCCCCGTGCCCGACCCCCTGGCGCACCTGTACGCCGCCGCCACCCGCCCCGCCCCCGTTCCGGCCGGGCTGCCTGCCCTGATCGGCGGGGCCGTCGGGTACGCCGCGTACGACCTGATCCGTGCGTACGAGACCCTGCCCGACAGCAACCCCGACGAACTCGGCGTGCCTGACGCCTGCTTCATCGCGCCACGCGGCATGGTCATCTTCGACCACCTCAAGCACCGCCTGATCGCCGTCGCCACTGCCCCGCAGCAGGCCGACGCCGACGCCGAGGTCGCCGCGCTCGTGCAGCGCCTGCGCGGCCCGCTGCCCTACGTGCCCGGCCAGAACCCCACGCCCGCCCCCACCTTCACCAGCAACTTCACGCCCGACACCTACCGCGACGCCGTGAACCGCGCCCTGGACTACATCCGCGCTGGAGATATCTTCCAGGTGGTGCCCAGCCAGCGCTTCAGCGCGCCCCTGGGCGACCTGCACCCCTTCGCGCTGTACCGCGCCCTGCGCCGCGTGAACCCCAGTCCGTACCTCGGGTACCTGCAACTCGGGCCGGTCACGCTGGTCGCCAGCAGCCCCGAGAGCCTGCTGGCCAGCGACGGCCGCACCGTCACCACCCGCCCCATCGCCGGCACCCGCACGCGCGGCACCACCCCCGAACACGACAACGCCCAGGCCGCAGAACTTCTGGCCGACGAGAAGGAACGCGCCGAGCACCTCATGCTCGTCGACCTGGGCCGCAACGACCTCGGCCGGGTCAGCCGGTACGGCAGCGTCCGCGTGCACGACGCCTTCACCATCGAACGCTACAGCCACGTCATGCACATCGTCTCCAGCGTCACCGGCACCCTCCGGGACGACCAGACGCCCCTGCACGCGCTGGCCAGCGTGCAACCCATGGGCACCGTCAGCGGCGCCCCCAAGATCCGCGCCATGGAAATCATCGACGAACTCGAACCCACCCGCCGAGGCCCCTACGGCGGCAGTTTCGGCTACATCGCCCACGACGGCAGCATGGACATGGCCCTCACGCTGCGCACCATGGTCATCACGGGCGGTCAGGTTCACATCCAGGCCGGCGCGGGCGTCGTCGCCGACAGCGACCCCGCCAGCGAGGAACTCGAAACCCGCAACAAGGCCGCCGCCCTCATGCGCGCCGTCGAACTGGCCGCCGGAGGGCTGTGAGTGCAGGGTCGGGAGTGGGGCGGCCGCGCCCGGCAGCCCACCGCCCGGCCCCGCCGTTCAGGCGCTGACCGTCCCGACCCGCCGAATCTCCAGTGCCGAATTTCCAGCGCCGTCG
NZ_CP115165.1_gap64	2021001	2024893	3892	ACAGCACCCTGAACCTGCCCGTGCAGATCGACGAGACCGAGATCGCCGGCGTGAAGGCCGGCCAGAGCGCCGAGGTGACCCTGGACGCCTTCGACGGGCAGACCTTCACCGGCAAGGTCGTGCGCGTCTCGCCCGGCGCGACCGCCAGCAGCGGCATCAGCGTGTTCACCGCCACCGTGCAGTTGCCCAACCCCGACGGTCAGCTGCGCTCGGGCATGACCGCCGAGGCCGAGATCATCCAGAGCGAGGAATCCGGCCTGCTGGTGCCCAGCAAGGCCATTCAGACCGTGCGGGGCCGCAGTTACGTGCAGCTGCCCACCGCCGAGGGCGCCGCCGGGGACGCCGCAGACGAGCCGGTGCGGGTCGAGACCGGCGCGACCGACGGCACGAACACGGTCGTCACCAGCGGCCTGGAAGCCGGGCAGCAGGTCGTCGTGCCCGGCGCGGCCCGCAGCGCCACCGGTACGGGCAGTGGCACGGGCAGCGGCAGTGGGAACCGCCAGAACAGCCAGGGCGGTTTCGGGACCGGCGGTCCGCCCGCCGGCGGCTTCGGCGGGGGCGCTCCGTGAGTGCCGCGCAGACCGCCGGGCCGGTCGTGGACATCCGCGACGTGCGCAAGGTGTACGAGCAGGGCGACGTGATCTTCGAGGCCCTGAAGGGCGTCAGCGTGCAGATCGCGCAGGGCGAGATGGTCGCCCTGATGGGACCGTCCGGCAGCGGCAAGACCACCCTGATGCAGGTCATCGGCCTGCTCGACCGGCCTAGCAGCGGCTCGTACCGGCTGGCCGGGCGGGACGTGACCACCCTCAGCGAGAACGAACGCGCCGAGGCCCGCAACACCGACATCGGCTTCGTCTTTCAGGCCTTTCACCTGCTGCCGCGCCTGAGCCTCGTCGAGAACGTCGAGGTGCCCCTCACGTACGCCGGCGTGCCGCCCCGCGAACGCCGCGAGCGGGCCATGCAGGTCCTGGCGCGCGTGGGACTGGCCGACAAGGCCCGCAACCTGCCCAGCCAGATCAGCGGCGGGCAGAAACAGCGCGTGGCGGTCGCCCGCGCCCTGGCCGGCAGCCCGCGCCTGCTGCTGGCCGACGAACCCACCGGGAACCTCGACACCCGCACCAGCGAGGAGGTCATGGGTCTGTTCAGCGCCCTGCACGCCGAGGGCACCACCGTCGTGATCGTCACGCACGAGGACGACATCGGCGCGTACGCGCAGCGCGTGATCCGCGTGCGTGACGGAGTGATCGAATCCGACCGCCGCCAGACGCCCCGCACGTCCATGACCCACCACTCGCCCGCCCAGCAGTCCGGCCACCAGTCCGGCGCGGCGCCCAGCGGGGGTCAGCCGTGACGGCCGCCGATCAGCCCGCCGGGAAGCCCGCTGCTCAGACCGCCGTACCGGCCGCCACTCCGGCTCCCCGGCGGGGGGGCGGCATCGGCCTGGGCGGCGCGTTCACCATCGCGTGGCGCGCCATCGTGGGCACCCCGCTACGCTCGGTCCTGACGGCGCTGGGCGTGATTATCGGCGTGGCCGCCGTTGTCGCCCTGACCGCCATCGGGCAGGGCAGTACCGCCGGCGTCACGAAGAACCTCGAGAGCCTGGGCACCAACCTGCTGACCGTGCAGAGCGCCCGTGGGGGCGGCGGCGGCAGCCTGGTCCGCAGCGGCCCCCGCCAGACCATCACCGTCGAGGACGCCGAGGCCCTGGCCACCGCCTTCCCGGACCGCGTGGGGGGCGTGGCCCCCACCGTGAACAGCTCCGTGCAGGCCAAACTGGGCAGCGCGAACACCCAGGCCAGCGTGCTCGGCACCTGGCCCGCCTACGAAACGGTGCGCAACAGCCCCGTCGAGACCGGCGCGTACTTCACGGACGCCGACAACAAGAGCCGCAAACGCGTCGCCGTGATCGGCCATCAGGTCCTGACCGATCTGTGGGGCGAGGACGCTGCGCCCGATCAGGCCATCGGGCAGAAGGTCAGGCTGGGCAGCGTGTCCTTCACCGTGACCGGCGTGCTGCCCGACAAGGGTGCCACTGGCTTCGGGAATGCCAACAGTCAGGTGCTCATCCCGCTGGGCACGTACCTGCAACGCTTCTCGCGCACCAACAGCGCGGGCGGCGAACCCACCGTCAGCAGCGTCTACCTCCAGGCGGTCAGCGCCGACGACCTGACCGCGCTGCAGGCGGACGTGACCGACCTGCTCAGCACCCGCCACGATCAGACCGACCCGGACAACCTGGACTTCCAGGTGCAGAACCAGGCGGACAGCCTCGCCAGCCTCAGCAGCGTGACGGGCACCCTGACCCTGCTCGTCGGCGCGATCGCCGGGATCAGCCTGCTGGTCGGCGGCATCGGCATCATGAACATCATGCTGGTGTCCGTCACGGAACGCACCCGCGAGATCGGCGTCCGCAAGGCCCTGGGCGCCAAGCCGCGCGACATCCTCACGCAGTTCCTGGTCGAGGCCAGCCTGCTGTCCATCGGCGGCGGCGTGATCGGCATGCTGCTCGGCGTGGGCGTGGCGTACCTGGGGAACCTCGCCGGAATCGCCCCGGTGTTCAGCGCCACTCCCATGATCGTCGCGTTCCTGTTCAGCGCCCTGGTCGGCGTGTTCTTCGGGTACTACCCGGCCGCCCGCGCCGCCCGCCTCGACCCCGTCGATTCACTGCGTTACGAGTAACCCTCAAGGAGATCCACCATGAACACATTCACCCGCACCGCCCTTGTTCCCGCCGCCCTCACCCTGACCGCCCTGACCGTCGGCGCCGCCTCGGCGCAGCAGACCGGACAGCGTCAGATGACCCCGGAAATGCAGGCCCGCCTGAAGGCCATGCAGCCCATCACGGACCTCGCGCAGACCGTGCGCTTGCTCCCGGACCTCGAGAAGAACAGGGCCACGGCCCTGAGCAAGGCGCAGGCCGCGCAACTGCTGCCCATCCTGACTACCCTTCAGAAGGCGGCGGCCGTGCAGCCCAACGACGCCGGGAAGTACCTCACGCAGATCGAGGATAAGATCCTGACCAGCAAGCAACTCACGGCCCTGGACGGCCTGTTCCTGAAAGCCGAGAAGGAACGCGAAGCCCAGCGCGCCCAGCGTCAGAGCGCCCAGGGTGGCGGCCAGACCGCCGGAGCCCGCATTCCCGGCCTGCCCGGCGGCCTGGGAGCGCTGGGCGGCAACCGCAGCGGCGGCCAGGGCGCGCAGGGTCAGCCCGGCCAGTTCAACCCCTTCAAGCAGGACCGCCTGGCCGACCAGCTGAAGGCCTACGTGGCCCTCCTGAAGAAGAAGTAAGACGGATTCCGGGCGGTCAATTAACAAGCCGCTGTCCAGGCAGGAGGCCCTCACCGTTCGGCGGGTGGGGGCCTCCTGCCTGACATGGCAACGCGACAGACACCTGTCCGGATTACCCGTCCAGCAGGCCGTCTTCTCGCAGCACGTTCAGGAACATCTGGACCACGGCCGGATCGAACTGCCGTCCGGACTGTTCCAGGAGCGTGTCGGCGGCCGCCTGCGCTGTCCAGGCCGGTTTGTAGGGGCGGGGGCTGATCAGCGCGTCGAATACGTCCGCGACGCTGAAGATCCGCGCGAGCAGCGGAATGTCCGGTCCTGCCAGCCGGTCCGGGTGCCCGCCGCCGTCCCAGCGCTCGTGGTGGTGCCGGACGACCTCGCGCACCTCGCGCGGCACGAACACCTCCTCGCGCAGCAGCTGGTCCCCGATTTCGACATGCCACTGCATCGCCTCGCGTTCCGCCGGCGTGAGGGGACCCGTCTTGCGCAGCAGGCGGTCGTCCACCGCGACCTTCCCGATGTCGTGCAGGTACGCGCCCCAGCGCAGGTGCTGGCACTGTGCCTCGTTCAGTTCCAGTCGCTCGCCCAGCCGCAGGGCCAGCGTGGT
NZ_CP115165.1_gap65	2130403	2131152	749	GCGCAGCTGACCGCGTAGGTTTTCCCGCCGGCCGTGGCGTCACCCTGCGTCTCGGCGGCGGCGGCCGTCTCGGCGGGCTCCTGACCGGTCGAGCCCTGCGTGCTGGGCGTCGAGTCGGCCTGGGTGCCCTCGGTGCTGGCCGCCGGGGTCTCGGGGGTGGTCAGTTCGCCGCTGGCGGCCAACGCGCCGTTCTCGCCGCCCTGCGTGCCGCCCTCGTTCGCGGCGACCGCGTCGCCCTGCGCCTCGGCCGAACCGGCCGCGCCCGTGGCCGAGCTGGTCGCGCTGGGTGCCTCCTCGCTGGCGACCGCCTCTCCTTCCGAGTGCGACTCCTCGTGGTGAGGCCTGGACGCGATGTTGTACGCGGCGAACGAGCCGCCCAGCGTCAGGGCCAGTAGCAGCGTCATGGAGACGGCGAACGTGTTCTTCATACCCGCGAGCTTACCATACGGTCAGGGGGCGTTTGACCGCCCAGCACGCACCCCGCGCGCCCAGCGGCGGGCCGCACTACACTGCCCACATGCCCCCCCTGCGCCTCGCCAGCCTGACGTGCAGCAACACCGACATCCTGCACGCCCTGGGCGTGACCCGGCAGCTGGTCGCCGTGGACAGCCACAGCGACGGCCCCGGCCTGGAGCACGCCGCCCGCCTCGGCCCGGACCTGAACATCGACGTGGACGCCCTGATCGCCGCCCGGCCCGACCTGGTCCTGGCGAGCCTCAGCGTGCCCGGCATGGAGCGCGTGGTAGACG
NZ_CP115165.1_gap66	2132888	2133601	713	CGCGTGAGTAGCAGCAGCGCGGCGACGATCAGCGTGCCGATCAGGGTGGGATTCGCCAGCGGGGAGCGCACCCGCAGTTGCGCCAGCACGCCGGCCGCGAACGCCAGCAGCGTGACGGTCAGCCAGATCACGGGCGCTCCGGGTGGTCCGGGCTGCCTTCCGGGCGCAGCAGCCGCGAGGCGAGCAGTCCGGCCACGCCCGCGCCCAGCAGCAGCGCGGCCGTCATGACCAGCAGCCACAGGCCCCACGCGGCCCCGGCCCCCAGGAATTGCAGGAAACCCACGGTGGCCGGCACGAACAGCAGGCCCAGGATGCCCAGCAGGCCGTCGGCGGCGTCCGCGATCCAGTGCAGGCGCACCAGTCCGGTCCCCAGCGCCGCCCACAGCAGCGCCATGCCCACCACCGACCCCGGCAGCGGCAGGTGCAGCGCGCCCACCAGCGCCTGCCCCAGCGCCGCGAAGGCCATCAGGACGCCCAGGCCCAGCAGGAAGCGGGCCGGGGCGTTCAGGCGGGCCGTCAGGGACGCGGGCGCCGGTGGTGTGGGTGCCGGGGATGGCGGGGTCACGGCCCGTTCAGACGGCGGGCGCGTTCAGGCGGGCCAGCATGCCGCGCACGACCTGCTTGGCGTGCCGCGCGACCAGCGGCATGAACTCGCGGTAATCCACCTTCGCGTCGTGGTCGGCGGTGTCGCTGACCGAGCGGATTACCACGAA
NZ_CP115165.1_gap67	2135937	2138669	2732	GCGGGGGTACTTGGTGCCCACGCGGGTGATCTCGCCGGTCGCGCCGACCTCGCGGATCAGGGACAGGCGGCACCCGGCGAATTTCAGGTCTACCGGCTCGTACACGGTGCGGCCCGACTCGATCAGTACGTCCTTGCCCACGATTCCGGCGTCGGCCACGCCCAGGTCCACGTAGATCGGCACGTCCTGGTTGCGCAGTTCCAGGATGGTCACGCCCGGAAACTCGTGCCGCAGCGCGCGGGACTTCTCGGGCATGGTCAGCGGCAGGCCCGCCTGCGAGAGCAGCGCGATGGCGTCCTCCAGGATGCGGCCCTTGGGGAGCGCCAGGGTCAGGTGGTCGGGGCCGCGGACCGGGGCGGGGCTCACAGCGTCACCTCCGTGCCGTTCAGGTCGGTGAAGGTCAGGCCAGCGGGTGAATCACTCACCCAGCGGCGGATGCCGCGCGCCGCGCTGAAGGCCCGCAGTTCGGCCGTGTCGTCCGTCCAGGCGAGTTCCGCGTGCAGACCCTGCGCCCGCGCCGCCCGCGCCGAGGCGAGGTCCAGGGCCAGCACCACTTCCGGCTCGGGCGGCAGGACCGGCGCGAGCGCCTGCATCAGCCGTTCCAGCCCCACCGCGAAGCCCGCGCCGGGCAGCCCGCCCTCCAGATCGTAGCGGCCGCCGCCCAGCACCGGCTGGTTCAGGCCCGCCGAGTACGCCCGGAAGGTCAGACCCGTGTAGTACCCGTAGCGGCGGCTGACGCCCAGGTCGAACAGCAGCGGCCCGCCGTACAGCGCCGCCACCCGCCGCAGGTGCGCCACCGCCTCCTGCGCCCGCAGGCCCGGCGCGAGGGCCTGGGCGGCGTCCAGCACCTCGGGCCCGCCGTACAGGTCCGTCAGGGCGTGCAGCGTGCCGCGCACCGTGTCGCTCAGGCCGTGCTGCGCGGCCAGCAGGTCCACGTCCGCGCCGCTCTTGCGGTCGATGGCGTCGTGCACGGCGGCGCGCGCCTCGCCGTTCAGGCCGGCATCCTCCAGCACGGCGTCCACGAAGCCCGGGTACCCGACTTCCAGTTGCGCCTGCACGCCCGTCGTTTCCAGCGCCGCCGCCGCGAGGTGCAGCAGTTCCGCGTCGGACTGCGCGGTCTGCACGCCGATCAGTTCCACGCCCATCTGGTTGAATTCACGCAGGCGGCCCAGTTCGCTGTTCAGGGCGCGCAGCCACAGCCGCCCCCCGTACTGGAGGCGCAGCGGGAACGGCCCCTGCGGGAAGCGCGAGCGCACCAGCCGGCCTACCGCCGTCGTGAACTCGCTGCGCAGCGACAGCACCTGCCCGCCCGAATCGATCAGTTTGAACGCCAGGGCGTCCTGCGGATGGTCCGCGCTGGCGAACTCCAGCGCCGGGACCTCCACCCCCCGGTACCCCCACGCGCTGAAACACGCACTCAGGCGCGCGCGCAGGGCCTCGCGCTGCGACCACTCGGGCGGCAGCACGTCGCGCGTGCCTTCAGGAATGAACCCGGCACGGGCGGACGGACGGATAGACGGACGGGCAGCGGACGAACTCACGCCCGGCATTCTAGACGCCCCCTGGCAGCGCGCGGTCATGCCTGCTCACGGTCCGGGGACGGCAGGAACCGATCCCCTGGAGGAGCACTCCGATTGACGGCCCCACACAGGGAGACGCCTGAAGCCTCCATTTCCCGCCCCGCAGCTGTTCCGGTCCGTGCTGCTCGGCAAAATTCACCCGCTCTGCCCGGTCGTGAAGGGCATGGCTTTATGACCGATGCTCTATACTTGCGGCATGGTTTGCCGTCCGTTTTCCCGCGCCGCCGCGTCCACGCTGCTCCTGACACTGGCCGCCGCGCTCTCGGGATGCTCCCGCACGACCGACACCTTCGCGCCGCACATCAGCGTCACCAGTGACGGCAGCGCCAGCCGCGAGCAGAGTTTCCTGATTCAGGGGTACGTGCTGGACAACGTGGGTGTCACGCAGATCGCCGTGGACGGCAAGGCCATCCCCATCCAGCCGGGCAGCGACAAACTCGCGCGCTTCCAGTTTCAGACGATGCTCAGCACTCCCACCGGCAAGTACACCATCACCGCCCGCGACGCCGCCGGCAACGAGGGCACACTGGTCCTGCCGGTCAGCGTGGACCCGGTGAAACCCACCCTGAAGATCACCCGCTTCGAACGCAGCGGCGGCGTGGTGCGCGTCTCGGGCACCGCCACCGACAACAACCGCGTGACGCAGATCCTGGTGGACGGCAACCGCCTGAACATCACGCCCGGCAACAGCGTGGACTTCTACGCCGAAACGACCGGCATCTGGGCCGACATCGCCGTCACGGACGCCGCCGGCAACACCGCCACCCTGCGCGCCCGCTGACCCGCTCCCCGCAGTGGGCGAGGGGTCCTTCATCATCCGGGCGGATGACGCTGCCGCGTGGCGGCGCGGGGTAGCCTGTGCCCTATGCACGATCTGACCGCCCTGATCCTTTCCGCTTCGTACTTCGGAATTCTGGCCATCGTCTTTGCCGAAACGGGGCTGCTGGTGGGCTTCTTCCTGCCCGGAGACAGCCTGCTGCTGGCCGCCGGGGTCCTGGCCGCCAACGGCGACCTGAACCTGGGGGGCGTCATGGTCGCCGTGATCGTCGGGGCCGTGCTGGGCTGCGTCGCCGGGTACTGGATCGGGCACCGTTTCGGGCGGAACATCTTCTCGCAGCCGAACGCGAAGTTCTTCAAGCCCGAGTACATCAC
NZ_CP115165.1_gap68	2182487	2185835	3348	GCGCAGAATTTGTTGGCGAAGCCGTTCGGCAGGGTGTACGTCAGGTCGAACCGGCCCTGGAATCCCTCGATGACGCGCAGGACGTCTTGCAGGATCAGGGACACGCCGATGGCGGTGATCAGCGGCACCAGTTTCGGTGCGCCGCGCAGCGGGCGGTACGCCAGGCGCTCGATCAGGACGTTCAGGCCGCCGGAAACGAGCATGGCAGCCAGCAGCGCGATCAGCAGCTTGAGGTAGCCGTTCATCTCGACGCCGTTCAGAACGCGGAAGACTTCGAAGCCGACGACGGCGCCGGTGACGAACACCTCGGAGTGCGCGAAGTTGATGAGTTGCAGCACGCCGTACACCATGGTGTAACCCAGCGCGATGATCGCGTACACGAAGCCCAGGACGAGACCGCCGACGATCACGTTGACCAGGAAGGGCAGGAGGGTCGCGAGATCCAAAGAAATTCAACTCCTTTGCGTGGGAGTGTGGTCGCCCGGTCAGTTAATTGACCAGAGCGGCACAGAGAAACGAATAGTGCAACCGGGGAAGACCGACTCTCGGTGCTTCCTCCGGTCCCTGAACCCGCGCGTCAGCACAGTCAGTTAACTGAAATGGTACTCCGGTCACGCTTGCGCGGTTCCGTGCGCCGGAACCCGGCCCGTCCGTAACGCCCGGCAGGGCGGCGGTCATGAGAACTGGGGCCCGGCGCGTGGCCCGGCCCCAGGATGGTGCGGGGAAGCTCAGTTGTGCGGGGGCGCGTCTATACACGCCCCCCGGTGAACTTCAGTTCTTGGGAGCCTTGACGGGAATGCTGGTGCTGAGCTTGAACTTGCCGGCCGTGACGTTCATCACGTACAGTGTGCCGGCCTTGCGGTCGCCGACCGAGTTGAAGGCCACGCTGCCGGACAGCAGGCCCGTGAAGCTGCCCTTGCGGATGGCCGTTTCGACCTGGGTGCGGCTGGGCAGTTTGTTGCCGTTGGCGCGCACGGCGTTCAGGGTGCCCTGTAGGACGACCTTGGCGGCGTCGTAGCCGAAGGCGCCGAAGCCCTGAGCGTCGTCGTTGAAGGTCTTCTTGTAGTTGGCGGCGAACACCTTCGCGGCGGGCAGCGCGTCGATGGGCGCGGCGACGGTCGTGAAGTAGATGTTGTTGGCGTTGGCGGTGCCGACGATCACGGGCAGTTCGCCGCTGTCGAGGCCGTCGCCCCCGACCACGGGGGTCGCGACGCCGCTTTCACGCAGCTGCTTGATGAACACGCCGACCTGGTTGTAGATGCCGCCGAAGTAGATGGCGTCGGGTTTCTGCAGCTTGATCTTGGCGATGATGCTGGAGAAGTCGCTCTTCTCCTCGGTGCCTTCGTTGGCGACGACGGTCACGCCGCTGGCCTTCAGGGCCTTCTCGACTTCCTTGGCCAGACCTTCGCCGTAGGCGGTCTTGTCGTTGACCACGTAGGCTTTCTTGGCTTTCAGGGTGCCGCTGATGAAGTTGGCGCCGGCCGGGCCCTGCGAGTCGTCGCGGGCCACGATGCGGTTCATGTTGCTCAGGCCACGGTCGGTGACCCCGTTGGCGGTGTTGGCCGGGCTGACCATCGCCACGCGGCTGGGCTGCAGCGCGGCGCTGGAGGGAATGGCGACGCCGCTGTTCAGGGTGCCGACCACGGCCAGAATCTGGCGGTCAGCGGCGATCTTGCGGGCGGCGGCGGTGCCGGTCGCGGGGTCAGCCTGGTCGTCGTAGGGAACGAGGACGAGGTCGAAACCGAGTTTCTTGAACTGGGCCTTGTACTCGTTGACGGCCAGCTGGGTGCCGTTGCGGATCTGGGTACCCAGGTCGCTCTGGCCGCCGGACAGCGGGCTGAGGCTGGCAATCTTGATGGTGGTCTGTGCGGAGGCGGTGCCGAGGGCAAGCGCGGCGAGTACGGTCAGGCTCAGTGCGGATTTCTTCATGGGTCCTCCAGATATGGGTGCACATCGGGCCTGGTGCCCGGGTGCCGTGTGGTGATGCCCAGATTCTATGAAGCACTTAAGGTCCTGTCAATGCGTCACTCATGAAGCTCAGTGAAATGATTGAAGCGAGACCAAACCAATACCAGTGGATGATTGCCGGCGGAGAGTGCGAATTAGCAATATGATTGCGCGGCTGGTGACCGGCTGGCGTGACTGAAGCATTTTCATGCAGTGGAACGCAAGCACAGCTTGTCCAGTTGAGCCGTTGATCCCCCCGGCAGGTGAAGGTTTCCGGCCCTGATCCCTCCCTGGCTCACCACGGAAAAGTGCCGAAAGACCGGGTAGACCGGCAACACCCGAGCTGCCACTCCCGCCGATCTGCCTCTCCTGGCAGTCCAGCTCCGGACAGCAGGCCGGTACGGCCGCCACCCGGCAGGTGCTGGCGGTTGGTGCATTCAGGCAGAAAGCCCCGCCGGACAGAACGTCGGCGGGGCCTGGGGTGCCTGTGGGGCAGGTCTGTCGCCTGCCTCTCAGGACAGTCCGTGCCGGGGACAGCGCAGGGGCCGCTACGGCGTTTTCAGATACGGCGCTTTCAGATCAGATCCAGGTAGCGGTCGAGTTCCCACTGGTGCACGGTCGCGCTGTACTCACGCCACTCGGCGCGCTTGGCGGCCACGAAATGCTCCATGACGTGCTCGCCCAGTGCGCGGCGCATCACGTCGTCCTTTTCCAGTTCCTCGACCGCCTCGCGCAGGTCGGTGGGCAGTTCCTTCACGCGGTGGTGGCGTTTCTCGCGCACCGTCATCTTGAAGATGTTGCGCTGAATGGCCGGGGCGGGTTCCATGTCCTGCTCCATGCCGTCCAGGCCGGCGGCCAGCATGACGGCCAGCGCCAGGTACGGGTTGCAGCTGGGGTCGGGCATGCGCACCTCGGCCCGCGTGGAGTTGCCTCGCTTGGCTGGAATGCGGATCAGGGCCGAGCGGTTACTGGTACTCCAGGCCACGTTCACCGGAGCCTCGAAGCCCGGCACGAGGCGCTTGTAACTGTTCACCAGCGGGTTGGTGATGGCCGTCATGCCGCCCGCGTGGTCCAGCAGACCCGCGATGAACTGCTCGGCGGTGCGGGACAGCCCGTACTCGCCGGCCGGGTCCGCGAAGGCGTTCACGCCACCACGGAACAGGCTCAGGTGGCAGTGCATGCCGCTGCCGTTCACGCCGGGAATGGGTTTGGGCAGGAACGACGCCAGCAGGCCGTACTCCAGCGCCACGCGCTTGACCACGAACTTGAACGTGGCGATGCGGTCGGCCGTTTCCAGCGCCGGGGCGTAACGGAAGTCGATCTCGTGCTGGCCGGGCGCGACCTCGTGGTGGGCCGCCTCGATCTCGAAGCCCATCTCGACGAGTTTGTTGGTGATCTCGC
NZ_CP115165.1_gap69	2206399	2208903	2504	AAGCGCCGCCCGTCATCGACTTTGACCTGCAGTAACGGGCGACCTCGCTACGTACCTACAGATACGTACCAAGAGTTTCCACGGGGCAGAGAACAGCGATCAGAACGAAGGCCCAGGAGGCAGGGGCTTGAAATTCCCCGGTCTCATGGGCCTTGATGCGAAGTGACTATGCCTCGCACGCCCAGCCTACCGCACAGCATCATCACCGCCCAGCTGAACCGAATCACCAGCCTCAGCGGTCTCGTCCCCTACAGCACCTTGCGCAAAAGCGCCATCTGCTGGGAGATGGCGCGGAGCTCCTACGCATCGACGGAAGACCTCCAGCGCCGAGCCAGGAACGCGCCTTCCGGCGCGTTCCTGGCCTTCGATTTCGTCATGGTGCCCCACGCTGGACGGACGATGGAAGGCGTCAACTACCACTACAGCGGCCAGGCCCAGACCCGTCTGGGCCATCAGTTCACCTCCGCTGCCCTGGTCAGGTTCGGTGAAGATCCGGTTCCGTTGCTGGAGCGCTTCAAGGTCTCCCAGGCCCTTGAGACGACCTGTTATCCGTACCGCACCGCCACGCAGGAAATGATCCACGTCGTCCATGATTGCCTCGCAGCGGGCGTCCCCATGGCGGGTCTCTTCCTGGATGGAGAGTTCGGGCGGGACGCGGCCGTGACCTTCAGTCGCGAGCATCAGATTCCGGTATTGATCCGTGCCAAAGCCAATATGACGGTGCAGTTCGAGGGTGAGGGACTCACCCTCGATGCGCTGAGCAAACAGTTCCCTCCGGAACGCTGCCACCTGTACGCGGAGTTCGGGTGGCGTGTCCGCCGATTGCCGGTCGCCCGTGAGGTCGGTGGGTTCGATGTTCTGATCGTGTGGCGCAAAGTGCACGGTGAGTGGACACGCTTTTTCCTGTTCAGCACGTTCGGCGGTGACGTCACGGTTCGCTCGCTGCTGCGGGCCTGGAAGGCCCGCTGGGGGATTGAGGTGATTCACCGGCTGTTCAAACAGAACCTGGGACTGGGACGCTGTCATTGCCGGACTATCCAGGCGCAGGAGAACCGGGTGTGGTGCGTGGTGGAGGCCTTTCACGCGGTTTTACGGGTGCGTCGAGAAGTGCCGGGAATGTCGTGGCGAGCTGCACAACGGCAGGCAGCTCAGAATGCGGAAAAGTACGTCCTGACCGGGATGGAGCAGGACGGCCCCCTGCTTGAGGCCGCGTGACACGTCATCGGCAGGGCAGTGGAAACTCTTGGTACATACAGACAGGAAGGCCGCACCCGGAAGCTGGGGTGCGGCCTTCCTGTCTGTGCTGAAATTCAGCCTCTTGACTGCAGTCTGTGATCTTCCTTCGTAGTTCCCCTGTAGGCTGGCCCCTATCTACACCACCTGTTCCCCGCGTGTGGGGGGTGGCGTATGCTCGGGGCATGTTCAGCGGTTTCTGGCGGGTCGGGGCGTCCCTGGTGGGTCTTCTTCTTTGCCTGGGGCGTTGAGCGCGGCCCAGCGTTCAGTGTTCGCCCCCGGTAGCTCTCGCAGCGGCCGGGGGCGCGTTTCTTGAGGAGGGAGTTCTGGTATGGGAATGACGATTGCGGAGAAGATGCTGGCGGCTCACAGTGGGCATGACGCGGTGGTGCCGGGGCAGTTGATCGAGTGCGCGACCGACTGGGTGCTGTGCCATGAGATCACGACGCCGGCGGCGCTGCGGATGCTGGAGGAGCGCGGCATGGACCGGGTGTTCAACCCGGATCAGATCGTGGCGGTGCCGGATCACAGCGTGCCGGCCATGAACATCAAGGCCGCGAAGATGTACCAGAAGCTCAAGAGCTGGGTGCAGGAGAAAGGCATCAAGCACTTCTACGACGTGGGCCGGGGCGGGATTGCGCACGTGGTGCTGGAGAACACGGGCTTGATGAAGCCGGGGCAGACGCTGGTCAGCGGCGACAGCCACACCTGCAACGCGGGTGCGCTGGGGGCCTTCGCGACCGGGGTGGGCAGCACGGACCTCGCGGGCGCCATCTACGCCGGGAAGGTGTGGTTCAAGGTTCCCGAGACCATGCTGATCCGCGTGACGGGCCAGACGCAGCCGGGCGTGACGCCCAAGGACATCGTGCTGGAGGTCATCAAGCGCATCGGCGCGGACGGCGCGAACTACATGGTCATGGAGTGGGTCGGCGAGTACATCGACAACCTGGACATGGAGGGCCGTTTCACGCTGACGAACATGGCGATCGAGGCGGGCGGCAAGACCGGCATCGTCGCAGTGGACGACACGACGCGGGCGTACATGGCGGCGCGCGGCGTGACGCCCGACCAGTACACCGAGTACCAGTCGGACGCGGACGCGCAGTTCCGGGTGGTCATCGAGGTGGACGCCTCGGCGGTCGAGCCGACCGTGGCGTACCCGCACATTCCCAGTAACGGGCGCGTGGCGGGCAGCGACCGGATCGCCGTGACGCACGCGTACGTGGGCAGCTGCACGAACGGCCGCATCACGGACCTGCGGGAAGTGGCGC
NZ_CP115165.1_gap70	2227637	2232161	4524	GCCCAGGCGGCCAACCACCCAACGAACCAGGCTGCGCCCACGCTGCCCGGCCTGCGCACCGAGACCCTCTCACGCACCTACCCCAGCGGCGACGGACAGGTGCTGGCCCTCGCGCCCTTCACGCACACCTTCCCGCCCGGCCTGACCGCCGTGGTCGGTCCGTCCGGCAGCGGCAAGAGCACCCTGCTGAACCTCCTGGCCGGCTTCGACGAACCCACCACCGGCCGCGTCGTCGTCGGGGACACCGCCCTGACCACCCTGAGCGAGGCGGACCGCGCCGACTTCCGGCTGCGCCACTACGGATTCGTGTTCCAGAACCACAACCTCGTCAGCATCCTCAGCGCGCAGGAGAACGTCGAGTTCCCCCTGACGCTCGCGGGCATGCCCGCCCGGCAACGGCAGGACCGCGCCCGCGAACTCCTCGCGCTCGTCGGCCTGGAGGCGCGCGCCGGACACCTGCCCAACCAACTCTCGGGCGGCGAGGCGCAGCGCGTCGCGGTCGCCCGCGCGCTGGCGCACGACCCGGCCATCCTGCTGGCCGACGAACCCACCGGCAACCTCGACAGCCGCACGGGCGAGAGGGTCCTGGGCCTGCTGCAACGCGCCGCCGCGACCGGCCGCACCGTCATCCTGATCACCCACGACCGCGACGTGGCCGCGCAGGCCGACCATCACCTGAGCGTGAAAGACGGCGTGGTCAGCCTGGAAGACTGATAAGGACTCCGATTGAATGGCTTGCAAAGCCGCTGGGTCCGAGCGGACGAAGTCCGTATGACAGCGGGTTTCAGTTCCATTGAGGGGCGTGCTCCTGGCCGCTCAATTCCATTTCCAGGCCTCTGATACGGATGCCGTCTGTTTCGTTAACAACCCGGGACAGCACCGGGTTGCTAACTCCACGCCCGGAATCCTCTTTGCTCCCACTCGCGTCCGCTCGGATGGAACGGTTTTCGCAAACCATTCCATCGGAGTCCGTATGAATTCTGCTCTGAGCGGACCCCCGGTACGGGGTAGCCCGCTCAGCTCCCGCTGACCCGGCCGGTGTCCCGTAGCCAGTAGGTGTGCCCCAGGCGGTCTTTCAGCCGCACGACGACCTGCACCTGATCGCCGCGCCGCAGGCTGCCGCTGCCACTCCAGGCGGCGGCGTTCAGCGAGGCGGCGCCGCCCCTGGCGGGCAGGGACGGGTGCAGCGGGGCCTTCCAGGTACCCTGGCCCGTCACGACAAACACGCCGTCCAGCGTGAGGTTCCCGAGCGGCCCGGCCGGAGTGACCGCCGGGGTCAGGGTGCCCGGACGGGCCGGCGCGGACACCTGCACGCGCACGCCCAGCCCGCCGCCGTACAGCGAGGCGCTGGCCTGGGCCGTCAGCACCTGCCCCTGCACGATCAGGGTGGTCGGCGCGCTCAGCAGGTTACCCGGCTGAGGTTCCGGCAGGCGGCCCACGGCCCCGCAGGCGGCCAGAACGCAGGCCAGCGCGGCCATCCAGAGCTTCTTCATGAGCCCCAGAGTAGCGGACGATCAGGGGGGTGTCTGCCACATAAAGTTGCAGCGGCCCCTCCAGGAAGGGCCGCCGCTGCCGGGCAGGGCTGGTCGGGCCCGTCTGGGACGGCCCACGCCCGGAACCCGCTTTGCTCCTCCTCGCATCCGCTCGGATTGAATGGTTTGCAAAACCGCTCAATCCGAGTCCGTGTGATCAGCTCGGGGTTACCAGCTCAGGCCGGGCGCAGTCACGATCCGGTCGGCGGGCTGATCGGTGAACAGCGTGTACGTCAGGGTGTACGTGCCGGGAATCACGCGGGTCAGGATGATGCCGTCACCGTCCACGCGGGGCGTGACGTTCGCGAGGCTGGGGCCCTGCACCTGAAGGGCGCCCCGCACGGCGGGCTGCGCGCCGCCCGTGGGCAGCGGGTCCAGCAGGCGCACGTTCTCCAGGGTGCTGTCCACGCTCAGGACCAGGGTCACGAGGTAGCCCTGCGCGGTGGCCTCCACGCTTTTTTGCAGGCTGGCGCGCGCGCCGCCCTGCACGTTGCGGGTCACGTTCGCGCCGCCGGGGTTGCGTACGCGGGCCTGCCCGGTGGTGCGCAGGTCGATGGGGTCCAGCACGGCTTCGGCGGTGTCGCTGCGGCACACGCGCACTGGCGCTTTCAGGTTCAGGGGTTGCCCCTGGCTGAACTCGCCCGGAACTTCCAGCGGGTAGTCGCTGGTCCACCCAGCTGGCAGGTTCAGTTTCAGGCGGGCGGGCAGGCGGTACGGGAAGTCGGTCTTGGCGGTCGCGGTCAGCTGCGTTACGTCGCAGGCGTTCAGGATGTCGGGCGACGTGACCAGTGTGACTTCCGTCTGCACGCGGTACTCGATGGTCACGCGGTTCGTGCCGCCGTCTGCGACCCGGCCGGGCAGGGGGCGCGTGAAGGTGCTGCCGGGAATGGTGGTCGGCGCGACCGGGTAATCGCCGGGGGCCAGGGGCACCGTGGTGGGCGTGGTCAGGGTCCGGCCGTCGATGGTGAACGGCACGCCGGTCAGCGGGATGCGCTGGTCGCCGTACAGGGCGACGGCGTCCACGGCCAGCTGCCCCTGGGGCGGGCGGGCCACGAAGCGGATGCGGTTACTGCCCGGCTGGTACCGGACCTCGCTGGGCGACACGACGTTCCCGGTGCCTTCGAGTAGCGTGCCGCTGACCGGCACGTACCCGGCAGGCAGTTCCGGGCGCACCACGGCGTCCCCGACCAGCGAATACGACGCCCCCGGAATCGGGCGGCCCTGCGGGTCCACCACGTCCACGATCAGGCGGTTGGCGATCTGCGCGTTCGCGGGGGGCGTGAAGCCGCCCACGCGGGCCGTGATGGGTTTGTCGTCCAGGCGGAAGGCGTAGCGGATGGCGTTGCTGTACTGCTTGGTGGTGGGCAGCACCCGGATGAACAGTTTCCATTCGCCCAGCAGGTCCGGCGTGATCTTGAAGTTGTCCGTGGCGGTGCGGCCGTTCTCGCTGGGGGTCAGGTTCACGCGCGTGCCACTGGGCTGCACAGCCCACAGTTCGGCTTCCTTCGTGCCGTCCACGTCGTAGTTCAGCAGGCCCAGCACGCGGCCGTTCCAGTCGCTGGTGACGTTCACGGTGGCGGCCAGCAGGTCGGTTGCGTCGGTGCTGCGGGCGTTCACGCTGAAATCGCTGGTTTCCAGCGCGAAGGGCGCCGCGACCCGCAGCGCGAAGGAGTTCTTGCCGTCGCCCCGGCTGGTCACCTTCAGGGTGTACGTGCCGGCGCTCAGGCCGCCCGCGAACAGGCTGTCCCAGGTGTGCTCGCGGTTCAGGCCGTAGCGGCGCTCGACGACCGTGCCGTTCGGGCCGGTCAGCGTGAACGTCGTCTCGAACGGTTCGTTCTTCTTGTACAGCTCGTCCCCGAAGTACCCGTCGCCCCGGCGGCCGTCCACGTAATCCGCGAGGTTGAAGCTCGGCGAGTACACCTCCAGGCCCAGGGACTTGCCGGCGTTGGCGGCCGGCACGCGGATCACGTACGACTCCTGCGCCTGCGGCCACTTCTCACCGACCGACACCAGGGGCAGCACGCCGCCCACCTGCGCGGCGGCGGGCGCGGCCGCCAGGGTCAGCAGACCCAGGGCCAGCAGGGCGGGGCGGAAACGGACAGATCGGGCAGGAGTGAACGTGGGCATGACTGCGAAAAATCATACACGCGCCCGCCCGTCTGGCCGCCGCGCCCGTTCACACCGCCCGCCGGGGGTAGCATGCTCGGCAGATGTCCGTCCTCGCCTCCCGCGCCCGCGCGCTGATCGACCCCGACGCCCTGCGCGGCAACCTGGGCGCCCTCGCCGCCCGCAGCGGCACGCCCCTGATCCTGCCGGTCAAGGCGAACGCCTACGGGCACGGCCTGAACCTGATCGTGTCCCTGGCCGCCGCGCACCCGGACGTCTGGGGGTTCGCGGTCGCCACGCCCCGCGAGGCGCAGGCCGCCGCCGCGCTGAACACCGGCAGGCCCGTGCTGCTGCTCACGCCACCCACGCCCGCCGAGGTGCCGGTCCTGGCCGACCTGGGCGTGCGCCTGCCCGTCGCGTCGCTGGCGGAGGCCGCCGCGCTGCCCGCCCACGCCCGCGCGCACCTGAAAGTCGACACCGGCATGAACCGCCTGGGCGCCCGCCCCGAGGAGGCGGTCGCCGTGGGCCTCGAACTGGCCCGGCGCGGCCTGCTGGAAGGCGCGTACACCCATTTCGCCAGCGCCGACGAACCCGACCTGGGCTTCGCGCACGAGCAACTGCGCCGCTTCCGGGCGGTGCTGGACGCCCTGCCCCCCACGCCGCAGCCGCTGCTGGCGCACGCCGCGAACGGTGGCGCCGTCCTCAGCCTGGGCCGCCTGCCGGGCATGGCGCTCGCCCGGCCCGGACTGGCCGCGTACGGCTTCGCCCCCCCGCATCTGCGCGCCCACGCCCCGCTGACCCCGGTGATGACCGTGCAGGCCAGCGTCACGCACCTGCACACCGTCCCGGCCGGCGAGACCGTCAGTTACGGCGGCCTGTGGCGGGC
NZ_CP115165.1_gap71	2238705	2239851	1146	AATCCGGCCTGCGGCTCCGGCCCGTCCCGCGTGCGGCGGGGGGGGCCGGAACGTCAGGGGATTTACGCGCCGATTTCGAAGCGCACGAAGCGCTTGATGGTCGCGCCGCCCAGGTACTTCCCGACGGTGACGCTGTTGTCCTTCACGAAGTTCTGCTCGGGCAGGACCTTGTCGGAGTAGAACTTGCCGATCTGGCCCTCGACGATCTTCTCGACGATCTGCTGGGGCTTGCCCTCGTTCAGCGCCTTGTTCGTGAGGATTTCGCGCTCCTTCTCGATGTCGGAGCTGTTCACCTCGTCACGGCTCAGGAACTGGGGGTTCTCGGCGGCGACGTGCAGGGCCACGTCCTTGGCCTGCGTCTCGTTGCCGCCTTCCAGGTCGACCAGCACGCCGATCTTGCCGTTGCTGTGCACGTACCCGGCGATCTGCTGACCTTCGACGAAGGCCACGCGGTTCAGGACCAGGTTCTCGCCGATCTTGCCGGCGGCGGCGGCCACGGCGGTCGCCACGGTGTCGCCGCTGGGCAGCGTGAAGGCGCGGAACGCTTCGATGTCGCTGGTCCCGGCGCTCAGGGCGGCCTGGGCCAGTTCGGCCACCAGGGCCTGGAAGCCGTCGTTACGGGCCACGAAGTCCGTCTCGCTGTTCACTTCGACCATGGCGGCCTTGTTGCCGTCCACCACGAAGCGCACGAGGCCTTCCCTGGCTTCACGGTCGGCTTTCTTGGCGGCCTTCACGATGCCGCGCTCGCGCAGCAGGGCCACCGCTTTTTCCTCGTCGTTCCCGGCGTCGGAAAGGGCTTTCTTGACGTCCATCATGCCTGCGCCCGTCAGTTCACGGAGTTTCTTGATTGATTCCAGCATGTCATGCCTCCTGTGTCGGCTTGAATTTTCTTGGTGTGGGTGGGTGCGCCCGGAAGTCCGGGCACGGCCGGGGCGGGGCCGGAAAAAAGGGTGGTCCGAGAGCGTACTCGCCGGACAACACCCTCCTTTCCGGTCCCGTCAGGGCTTAGCTTTCGGTCTGCTCGGTTTCGGTCGCTTCCGTGGCGGTTTCGCCCTCGGCCGCGCCGACGTCCTCGCCGCCGCCGCGCGCTTCGACCAGCAGGTCGCCGATACGGTGCGTGATCAGCTGGATGGAGCGGATCGCGTC
NZ_CP115165.1_gap72	2245429	2246590	1161	GTGCTGTGTTGGATTTGGGTCGCGTTCACGCGCCCGAAGCCCGGCGAAGGGGGGAAGGCATGAACACTTCCCGGCTGTGGCTTGTGGCGTGCGCGCTGCTCACCCTGACGCAGGCGTGGCGGACCTGGGAAGAATCTCAGGCGGGTCTAAAGTTGCTACCCGTGGCGGCGCTGCTCTTCTGGCTGTACCTGACGGTGCTGGCGTGGCGTGGCGAGGCGTGAAGCGGCGCAAGCGGTGAGCGGCCCACCTGGAAGCCGGACGGTGCCGGTCGTAATCGTGAACGTTGACCGGGGTGCGCCGTGGGAGGTCTTCGCCCTGGCGTGCGCGCTGCTGTTCCTGGCGTTTCTCTTTCGCCGCGTCTCCTGGGCACGCTGGGCACTGACCGGCGCGGGTGTGCTGGCCCTGATCGTGGCGGGCGTCCTGTGGGCGGCGCTGGCGTAGCAGCACGGCATCCGGCTGTACGTCACGGTTCCTTGCTCACGGCACGTCATGGGAGCCTCAACCAGAGCATGGTGCTTTCGATAGCAAGAACCCCCGTACTGGACGGGGGTTTTCCTGGTGGGTCGTGTAGGACTTGAACCTACAACCCGCTGATTAAAAGTCGGCGTGCGGCCTTCCTGGGGTGTTCGGAGATCATGCGAGAGTGTCCGGGATTGTGCGTACTGAACGGCGTTTAAGCCTCTTTGCTTCGCCGGGATAGATCGGGGTAGATCGGCGTTATTCGGGGCCGTATGGGTCACGTTTGGGCCACGGGGCCGGAAGGCGGGAAGCATGGTGTACACGCTGACAATTGGTCATTCATGCGTAGTCATCCGGGAATCTGCTACCGTGTAGGCATGATCCCGGACTATCTGCCTAACACTTTCCCGGCCCCGAAGTGGGCGCGGGTGGTGCAGGCGGTGACCTGGGCAGAGTACGGCCTGAACGAAGAGGGCCGGATCACTGAAAAGAGCGTGCGCGGTCCCGTGATCGTGTGGGGGCGCACTTCCGGCGAAGGGGAAGACCTGCCCCGCCTGGAAGCGCCCACGCCTTCGCCGCTCGAGCTGGAAACGGCCCGCCTGAACATGCGCCCGCATATACAGGCGTTTGTGCGGTGCGCGCAGGGACGCGGGAGAAACGCCCACGGTAAGCGGGTCGGCTTCCTTTGCCTGTGGCGCGGAG
NZ_CP115165.1_gap73	2279667	2280363	696	GCGCAGCCGCAGCGCAGGCGGCGCACCCGCCGCAGCGGAGGGCGAACCGGAAAGATCAGAAGAATGTGTCACGCAGAAAAGTCCTTTGGAGTCGCGGCTGACCGCGCCTGCCCTGAAATGTATCCGCACAGACTAGGACAAAAGGCCGCCCCCACCCCCGCCCCTGCCCAGCCAGCAGGCCGCCGGAACCCTCAGCGCAGGGTCTTCAGGGGAACGTTCAGTAGAAGTCGCCGCCGCTGGGGAAGGTCACGACTTCCGCGATGCCGTGGCGGTTCAGGCGGGCGATGAACCCGGCGTCCTCGCGGTACGCCATGCCGCTGTCCATCGCCACGCACAGCCGCCCCGCGTACGGGATGGGCGCGCCGGCTCCCAGGGTCGGGCCGTGCAGGTGCTCGTCCAGCAGCACGTACACCGGCGTGTGCCCGTGCGCGATGCGCTGCCCGCCGAAGGTGCTCAGCATCTGCCGGGCCTTCTCGTCCCCGGCGCCCAGAACGAACGCGAACCGGTCCGTGAAGGCGTTCAGGAACGCGCCCCAGTCGTCCGGGTTGGGGTTAGTCATCAGTTCCAGCACGGCGGCGTTCACGCCCTCGACGCTGCTACCCAGCTTCAGGTACATCAGGCTGTCGGCGTGCACCAGCAGCCAGTCGTGCGAGGCCGCCATGACGGGCCGTTCGGACAGCCACGCCAGGTCGCTGG
NZ_CP115165.1_gap74	2290720	2293404	2684	GCCGCTGTGGCAACTGCCCGTGCAGGGGCAGGCCACCACCGGCCTGAGCAACGAGATCAGCGCCGGCGAGTACTCGAACCTCGCGCAGAACAGCGCCGTCGCCTTCCGCGCCGACTTCCAGGGCGCGCTGCCCACCCCCGATCAGCGTTACTGGCGCGGCCCGGTCTACGAGGCGTACGACGGCCGCACCTGGCGGCAGGTCCGCGCGCCCGGCCGGACGCCCAGCGTGGACGTGACCGGCCCGCCCCTGAACTACACCCTGACCCTGGAACCCAGCGGGAACCCCTGGCTGCTGGCGCTGGACGTGCCGCTGACCGTCCCGGACGGCGCGTTCCTGACCAACGCCTTCCAGGCCGTCACCCCCCGACCCGTCACCACCCGCCGCCGCGTGGAACTCCAGAGCCGCGCCGCGCGACTGGGCGTGCAGGAGGACCCGGAACGACTGGCCTTCGACCTGCAACTCCCGGCCGGACAGAACCCCCGCGCGGTCGCCCTGGCCACCAGCTGGCGCAGCCTGAGCCCCGAGGCGCGCGTGCAGGCGGGCCTGGACCTGCTGCGCACCGGGGGCTTCACGTACACCCTGTCCCCGCCGCTGCTGCCTGAGCAGGACCGCGTGGACGACTTCCTGTTCAGCTCCCGCCAGGGCTTCTGCGAACACTACGCCAGCGCCTTCGCGGTCCTGATGCGCGCCGCCGGCCTCAGCGCCCGCGTGGTCGGCGGCTACCAGGGCGGCGAGGCGAACGGCTCGTACCTGATCGTGCGCCAGCAGGACGCCCACGCCTGGACGGAAGTCTGGCTGCCCGGCCAGGGCTGGGTTCGCGTGGACCCTACCGCCGTCGTCGCGCCCGCCCGGGTCAGCGCCGGCCTGAGCACCGCCCTGACCCGCCCACAGGCCGCCGCCCCCACCGCACCCGGCACCCTCAAACGCCTGCAACTGCGTCTGGACGCCATCCAGAACCGCTGGAACGACCTGGTCGTCGACTACGACGGTGGTCGCCAGAGTGACCTGCTGACCCGCGCCGGACTGGGCGGCGTGGGCAGCGCCCCGTACCTGCTGCTGCTCCCCACCCTGATCGCCCTCACCCTGCTTCCCGCCCTGCTGCTCGCCCGCCGCCGCGCCCGCCCCAGCGACCCCGCCAGCCGTGCCCTGCACGACCTGAGCGTGCACCTGCACCTGCCCCGCGCCCCCGGAGAAACGCCCACCGCGTACGTGACCCGCGCCGCCGCGCAGTACCCGCAGTTGCATGCCGCCCTTCAGGACGTCCTGAGCGCCTACCACGCCGCCCGCTACGCCCCACAGCCCCCCCCGGACGCCCTGACGCGCCTGCGCCGGGCCGTGCGGAACGTCCGCCGCTGATACGGACTCTGGGCTTGGAGCTGACGCAACGGTGCATTCCGGTATGGTGCCCTGCCCGACAGCGGTGGCGCTGGCCTCTGCACTAGCATGGCGGGGTGAACGTGATCAAAGCCGCCCTCTCGATCATCGCCGCCCTCTCGGCTGCCCTGATCGCCTACAGCGCCTTTTTCGTGCGGGGTGATCTGGGGGGTGTCATGGCGTACCTGCGGGCGCGTGGGGCGCTGCGCCGCCTGCGTGAAAGCGGCACGCCCGAGCAGGTCGCGCAGGGGCAGGCGCAGTTGCAGGCGCTGGGGCAGCAGGTGGGTGACCCGGCGCTGGCCGCGCAACTGATTCCGCTGGCCCTCACGGTGGGGTTGCTGGTGGGTGCGCTGGTGTGGTGGGCCTTCTCGCGCCGGCAGTCGGGCACGCCCCGCACGGACATTCAGGAGCGCATGGTGTACCGTCTCGCGCACCGCAAGGGTGGGCGGTTCACGCTGGATGACCTGCGCGCCGCCAGTCCCCTGACCGACGAGCAGGCCCGCGCCGTCACGGCCCGCCTGCTGGACCTGGGCCGCCTGACCCGTGACGGCGACACTTTCCGCCTGCCCTGAATGACCGGCACGCACCTGCCCCGAGGAACCACCCCATGACCGACACGCCCGACACCCTCGCGGACCTGCTGGACCGCGCCAACCACGACCCCGATACTGGCCTGCGCGCCGCGCTGGACAGCGTGCAGGGCCAACCTCACCCGCGCGTGGCGGCCATCGCCGCGCACCTGAGCGCCGCCAAGCGTGACCTGTGGACGCGCATCGCTGCTGCCACCGGCACGCCCGTCCCCCCGGATGACGCGGGCCTGTCCCGCCTGAGCGACTGGGAAGTCAGCGCTGCGCAGGCCCTCCCCGCCCACACGCTGAATGTCACCGTCCCCACCGCCGATCCCGACGCGGCGGGCGGTGAGCCGCCCATGACCGTTGCCGCCCTGATCCGCCTGAACGCGACCCTGACCGGCAGCCGCGCCGCGCAGATCCGCCGGCTGGCGCAGCAGCCCCGCCTCGCCTGACATGCCCGCGGACCGGCCCTTCCTGACCGATCCTACCCCGGACGGCACGCACGGGAACGGCGCCGTGCCGCCTGCCCTGTTCGATCTGGCGGTCAACCGCGCCGCCGCTGCCCTGCGCGGCCTGCGCCCCGCCCAGCCGGACGCCGCGCTGGCCGCGTGGCACGCCCGCACCCGCTTCGCCCGCCGCGTACCCCTGGACGCCGTGAAGGCCGCCCTGGCCACCCGACCCGCCGGGACCGAGTGCCACTGGGCGGGCGGCGAGGGGGGCGGCTGGCAGCCCGGACG
NZ_CP115165.1_gap75	2322985	2324975	1990	CCGGCGCGGCGCGGGGCGTGGGGCGAAGCAGGCTCAGCAGCACGCGGCCCCGGTCGGCCGGGCGCGGCACCTGCGCGGCGATCAGCAGTGACCGCGCCAGCCAGCCCAGCCGACCACCGAGGGTCAGGCCAGTGCCCGGTCCGGGGCCGCGCAGGTGGGTCACGGCGTTCCAGTGGCCCAGTCGCACGCTGCGGGCCGCCCAGTGCGGACCGGCCGGGAAGGGCTGTGCCCCGGGCCTGCAGAGCGTGCGGGCCACGTTCTGCCCGGCGTGCCAGCCGTGCGCGGCCGTGCGGGCCGCCCAGACGGACGTGGGGTCCGGCACGCGCAGGGCCGCGTCGGTCAGCAGGAACCCCCCGGGCGTGCGGGGCAGGGTTTCCGTGCCGGGCAGAACGTGCGGCGCCGCGTCCGTGACCACGGTCAGGTCGTGATCGTCGCGCCCGTCACTGCCAGTTCCGCGGGCCAATTCATGAATGGTCACGCCGGCCGCCCCCAGGGCCGCGCGGACCGGGACGCTCAGGCCGGGCTGCGCGGACAGCAGTTCGCCGCCGCACCGCAGGGTCACGCCGCCGCCCAGGTCACGTTCCCGCTGCCACTCACGGACGGCCAGGGCCAGTTCCGCCCCGGCCACGTCGCCGCCCAGCACGGTCACGCGGACCGGCGGGTGGTCACTCAGCCGGTCTGCCAGCGCGGCGGTGGGTGCGTCCGGCCGGTCGTCACCCAGGATCAGGTGATCGAACCCCAGCCAGCACGGGTCGTGGTCTGCGCGGCTCACCTGAAGGCGCTGCATGGTCAGGTCCGCCTGCATGACCCGGCCGACCAGCACGGTCGCGCGGGGCAGCAGCGTGCGCAGGGGTGTGCGGGCGGACTCTGCTGGCAGGTGCCCGGCCAGCACATCGGCGTGCAGGTCGGGCGCGTGAACGTCCGGCGTTTCGCTGATCACGGTCAGGTGCACGTCACCGCTGCGCACGGCCCGCCCGGCGGCCCGCAGCAGCGCCCGGTACGCGGCGAGGCCCGCCGGGCCGTTCCCCACGATCACCACCCGCGTCACCAGGGAACGGCCGGCCGTCAATCGGATCGGCTGGTGGGCGGGCAGGCTGGAGAGGGGGGCAGGCATGGCAGGAACCTCCGGGGAAACGGCGTGGCAGGCAGGGCGGGGCAGCAAGCAGGGGAGAGTGGACGGTCGCCCAGAGTGTGCCACTGGCCGCGTTACGGCCCCGTTAGCGCTTGCCCCTGCTTGTGCATGTTGTCCTGCCTACCATGACCGGACCGTGATCAGCTGGCGGTCAGGTGCGCCCGTCCCGGTCGGGTGGAGCCGCTGCCGCGCAGCACGGCAAACGAAAACCGCCACCGGCCGCAGGGGCGGGGTGGCGGTCGGCAGAGGGCCGGCTCAGCGGCCGGGTTCGATGATGACCTTGCCGGTCGTCTTGCGGTCCAGCAGGTCTTGGAAGGCGCGGGCGCTGTCGGCCAGGGCGTAGGTGGGGCCGACCTGCGGCGTGACCTGCCCGCTCCCGACCAGTCCGGCGAGGGCCTGCGCGGCCTGCATGGTCGCGGCGCGGTCGTTCATCAGGCTGGTCAGCCACAGGCCCGTGACGGTCAGGTTGCGTTTCATGAGTTCCACGGGGCGCATGTTCGCCTGCTCGCGGCTGGCGTTCCCGATCACGATGATCCGGCCCTGCGGGGCGGCCATGTCCAGGCTCTCCTGGAAGCGTTTGCCGCCCACGACTTCCAGGATCAGGGGCACGCCCTTGCCGCCGGCCGCGTCACGGACTTTCTGCACGCGGTCCGGGTCGTCCTGCAGGATGGTCACGTCGGCGCCCAGGTCGCGGGCCAGCGCGAGTTTCTCGTCGGTGCTGGCCAGCGCGATCACGTGCATGCCCATCGCCTTGGCGAGCTGGATGCTGGCGGTGCCGAGTGCCCCGGCGGCGGCCTGCACGAGCACCCACTCGCCTTCCACGCCGCGCCCCAGGGTTTTCAGGCCGTGGTACGCGGT
NZ_CP115165.1_gap76	2333660	2334371	711	GAGGCCGAGGGTCAGGCGGTACGGGACGCGTCCGGTGGGGCCGATGCCGACGCCCTCGTACACGCCGCTGATCTACCGTTCGAGGGTGGTGGTGGGCGGGAAGTACGCGCCGAACGCACAACTGCTCAGGGCCAGAGGGAGCAGCAGGGTGGCGGTCAGGGCGAGGGGAGCGGTGGGTCGGCGCATGGGCCGCAGCGTACGCACCCCTCATGAAGCGGGCCTGATGCCGTGCGCCTGATGCGCTGTGGGTGCGGTCAGCGTTCGGCGCGCAGGGTCACGTTGTGCTTCACGCCGCCCACGGTGAGGGTGCCGCTCAGGATGGTGCTGGTGACGGTGGCGCCCAGCAGGCCGCTGGCCCTGAGGGGCACGTTGCTGACGCCGAAGCCCAGCAGGCTGGCGTTCAGGCGGGGCGTGTCGCCGGGGTCGATGGTGGCGGTCAGGGTCGCGCCGCCCGGTCTGGGCAGTTGCGTGCCGCGCAGGATGAAAGTGCCGCCGCTGGTCAGGTTGCGGTACTCGCCGCGTGCCTCGTGAGTGACGGGGTCCACGGTGTACGTCACGCGGATCTTCTGCGGGGTCAGCAGGAACCGCGCCTCGCCCGCATACGAGTACACGGGTTGCGCGGCGGGTTGTGTGGCGGGGGCGCAGGCGGCCAGCAGGACCGGCAGCGCCAGGGTCGCCAGTGGGAGGGCGGCGCGTTTCACGCAGGCTCCG
NZ_CP115165.1_gap77	2346223	2349456	3233	ACCGCCCCGACCTGGCCGTCTCGCTGTACGAGGAGCAACTGACCCTGGCCCGCAGCATCCACGACCCGGAACTGCTCGCCACGGCCCTGCACGACCTGGGGGTCGAACTGCGCTTCAGCGACCCGGAACGCGCCCGGCAGCACATCACCGACTCCATCACCGCCTTCCGCGCCCTGAAGTACGACTTCGGCGTGGCCGTCGCCCACCTGAACCTCGCCGAGGCCGAGCAGTACAGCGGCCACCCGCACGAGGCGCTCGGGCACGTGCAGGCCGCCCTCACCTACCCCCTGCTACGCCAGCATCCCCTGATGACCGCCGAACTGCAGGCCACGCTGTTCGGCGTGTACCACGCGCTGGGCGACCCGCGTGCCGCTGGCAGCGCCGCCGAACTGCGCGCCCTGACCACCCACCCCCACCCGGAAGTGCACCTGACGGCCGCGCTGGCCCTGGCCGCCCACGCCGCCCCGCCGGAAGCGGCAGCCCTGCTGGAAGCCGCCCTCCAGCGCGCCCGGGAACTGGGCAGCCACACCCTGCTGCCCGCCGTGCACGAGCAGCTCAGCGCCGCGCACGCCCGGCAGGGCCACCACGACCGCGCCCTGCACCACCTGCACGAAACGCTGCGCCTGACCCGCGAACGCCACGCCGCCGAACGCCACCAGTCCTTCCAGAGTTTCGAGGTCCTGCAACGCATTCAGGCCCTTCAGGAAGTAGCCGAGCAGGAACGCACCCGCAACACCGAACTCAGCGCGCACCTTCAGGAACTCCGCGCCCTGAACAGCCGCATCCGCGAACTGGGCCGCACCGACCACCTGACCCAGCTGTTCAACCGCGAACACCTGTTCAACGAAGGCGAGCGGCTGGTCCTGAGCGCCACCGGACGCACCCCGCTGGCCGGCGCGATCATCGACATCGACCACTTCAAACGCATCAACGACACCTGGGGTCACCAGCTGGGAGACGCCGTGCTGCGCCAGCTGGCCGACCTGATCCGCGCCGCCGCGCAGCCCGGCGACCTTCCCGCCCGGTACGGCGGCGAGGAATTCGTCCTGCTGCGCCCCGGCGCGACCGCCACGCAACTGGCCGTCACCTGCCGCGCCCTGAACGCCCACGTTCAGCAGCACCCCTGGCACACCCTGACCCCGGACCTGCGGGTCACCGTCAGCATCGGCGTGGCCGACACCACCACCCCGGACCTGGACACCATGCTGGGCACCGCCGACCGCCGCCTGTACAGCGTGAAACGCAGCGGCCGCAACGCCGTGCAGCACCTCGACTGACCCGGCACGCCGGATCGCCGTCCGTCCCTCAAGGGCACCCTTACAGACGGCGGATGCGGGCCTCATGCACCTCTGCCACGCTGGGGTATGACCCTGCTGACAATCATCGGCCTTCTCATTCTGCTGCAGGTAGTAGCCGGCACCGCCCTGGGCCTGTGGTTCTCGTACCTTGCACTGCGGGGCCCGCGCGCGGAACGGCCACAGCGCCGCAGACGCGCCACGCAGAACGGCTGACACGGACTCCTACTGGTTGATCCGGTGTCCGGAACAGGAGCGGACAGGCACCCTCTGACCCTCTTATACGGATTCCGTCTGTTTCGTTGACAACCCGGAAGGACGCCGGGTTGCCAACTCCACGCCCGGAACCCGTTTCTCTCCTGCTCGCTCCGCCCGGGTTGAAAGCTTTTGCAAACCTTTCAACTGGAGTCCGTATTATGACCCCATCAGATGAAGATCTGCTTTGCGCGTGAGAGCGGTGACCCTGTCATCATGCCAGTTCATGCCCGAGCGCCTCCGAATCCTGCTGATCGACGATAACCTGGCAGACCTGCTGCTGGCCGAGGAAGCGTTCGAGGATCACGCCGCCCACACCGAACTGATCACCTGTAACTCCGGCCGCGACGCCCTGAACTGGCTTCAGAACCCCCGCGAAGCCCTCCCGGACGTGATTCTGCTCGACTGGCACATGCCCGGCATGACCGGCGAGGAAGTCCTGGACGCCCTGAAAGCCGACCACGCCCTCGCCGCGCTGCCCGTGACTGTCATGTCAGGCGTCCCCATTGACCGCGCCGACGTGAATCAACTTACCAAGAGCGTCACCCTGGACGACCACCTTCAGCAGATCGCCCGGCTCGTGAATGACTGGCGCTCCCAGCACCGCGCCCCCGCCGCCGGGACGTGCTGCCCGGAATCATCCAGTCAGCGGCAGTGACCGGCATGCAAGGAATCACGTACGCCTGCTGACCCACGGCATCCGGCACCCCTGACTCCCGTCCTCCCGCAGACCAGTCGTAGCGCAGAGCCCCCACCAGCCCCATCTTCATGCACCGCACACCCCCGGCGCTGGTGACGCGCCTGTAAGACCCACCGTCCTAGCCTATGTGTACCCAACAACACGCAGCCGCCCGAGTGAAGGCGGCAGGGCCGCCCCACCACCGCGTGGGGCTTTCTACGGCCACGCCGTGATCCTGCATGGATGCGTACACGGGCAGCCGCGCCGCCCCCTCACATGGAATCCGTATCACACTGAACGCTACGCCAGGGAGAGTCGCGGCGCAGCGCTGGAGCCCCACCCTGCGCCCTGCATGGAGGGCCAAGCATGGACAACCGCACCGCTGCGAAAGCCCTGACCATCGCCGGAGCCGCCTCGATCATCGGGTCCATCATCATCTGGGCCACCCACGGTGGACAGACCAGGGACGAAGCTGCCAAAGCCCACGGCGAACGCTACGGCATCTTCGAGGGCGGCCGTGCTGGGAGCTGCTTTAACGGTACAGGCCCACGGCCACGTACCGGCCTCCTACTACTGTCGGAACCGAATGAAGCGGCGCGACGAAAAACCACACGTCATCCACCTCCACCCCCAGCGGCCTCGGCTGCGGCCCGGACGACACCACCTCCAGCACGCCCACCAGCCAGTCCACATCCACCGCCACCAGCCCACGCAGCACCCACTCCTCAGCGCGAACACTGACCATCAACTCCACATCCCGCTCCGACAACGACGCGAAATCCAGCGGAACCCGCCGTACCTCCGGCCTCAGCACCGCCGTCCTCCCATTGAACGACGCCGCCGCGTAACACGGCACCTCCACCACACCAGATGCCGGAATGCCCGCAGCCACAAGAGGATACATACCACCGAGAGTACCCCCACCCGCACCGAGGGAGCAGCCGTGCGCCCCACCACCCAGCCTCACCAACGCTGCCACCATCCAGCCCGCCGCGACCCCCATC
NZ_CP115165.1_gap78	2357268	2361570	4302	GCAGCGGCGACCTCGCGCGCGCCGCGCGTGACCTGATGACCCCGTGACCGGCCCAGTCCATATCAGCCCCGACCAGACCGACACCCTGACGCTGCTCGGCACGGGTGATAGCAAGGGCGTGCCGCGTTTCTGGTGCGCCTGCCCCGTGTGTACCGAGGCGCGCGGCGTGAACGGGCAGCCCGGCGTGAACCGCCGCACGCGCACGGCCACGCTGCTGCGTTCGGGCGGGCAGTCGGCGCTGCTGGATGCCGGGCCGGACACGCACGCCGGACTGGCCCGCCTGAACGGCCCGCTCGTGCCGGACGCGGTGTTCATCTCGCACGCGCACAACGATCACCTGCTGGGCCTGGGGGATCTGCTCGACTACGTGCGCTACGCCGCCGGGCGGCTGCGCGTGTACGCCCCGCCGGAGGTCGTGCCGGAGATCGCCGCGCGCTTCCCGTACGCCTTCCCGGAGGGCGAGGGGGGGCCGGTACAGCCCATCCCGCCGCAGGGCGTGCCGGTGGGTGAGGTGGTCGTGCGGGCCTTCCGGGTGCCGCACGGCGCGAACGGCCACAGCCACGCCTACCGCCTCGACCGCCCCGCCGGGGCCGGGGGTGACGGCTGGTCGGCGGCGGTCGTCACGGACGCCATCGGCATTCCGCCAGAGCTGGCCCGCGAGTGGCTGCGCGCGCCCGGCGGCGCGGGCCTGGACACGCTGGTGCTCGGCACGTCCTTCGAGGACGAGTCCGGCGCGCCCCTGACCGGCCGCAGCGTGTACGACGTGCGCGAGGCCCTGACCCTCCCCTGGGCGCAGGCGGCGGGGCAGGTCGTCCTGACGCACCTGTCGCACGGGGTGGACGTGCGCCACGCCGGTCACCTGCCGCCCGGCTGGCAGTACGCCCGCGACGACCTGACCGTTCACCTGCCCGCTGCCCCGTACCGGCCCGGTCCCCCCCCGACCCACAACCTTTGATGGTCGCAGCTCATCTGCCCGTCGCCTACACTGGGCCGCAATGACCGCCGCCGTTCAACCACCCCGCTACCTGCGCTGGCTGATTCTGGGCGGCGCACTGCTGCTGATCGGCGGCGCGGCCCTCCAGCCGGACGCGCGCGAGTTCCTGGGCCGCGCGTACGCCGCCCTGACCAGCAGCGACCCCCGCGTCACGCACGCGTTCGTGGACGGCCTGGGCTGGGCCGGGCCGCTCGCGCTGATCGCGGGGTTCGTGCTTCAGGCGGTACTGCCGGTCCTGCCGGCGCTGGTCATGACCGCCGTGACCGCCCGCGCCTACGGCCCCTACGAGGGGTTCCTGATCGTGTACCTGGGCACGCTGCTGGGCGCGGCCGCCGGGTACGGCCTGGGCCGCACGCTGGGCGATACGCTGATCCGCACCCTGGCCGGTGAGACCGCCCGCCGCACCGCGCATGATTTCGCCGCCCGCTACGGCCTGCAGGGCGTGCTGATGGTGCGCCTGATGCCGGTCCTGTCCGCCGACGTCATGAACCTCGTGGCGGGCGCGGCCCGCATGGGTTTCCGGCCGTTCATGGTCGCCACGGCCGCCGGGGCGCTGCCGGTCACGCTGCTGGTCGTGTGGCTCAGCGGGAACACGCAGCGCATGCTGTGGGGCCTGGGCCTGCTGTCGGGCGTGGTGGCCGTCGTCGGCCTGAGCCGCTGGCTGCTGGCCCGCCGCGCCGCGCGTCCCCCGCGCCCCTGAACAACCTGCCCCTCTCCACCCCGACCAGCGCGAGTTTGGTTACACTGCACTGAACATCCGCTCAGCGGACCGCAGGAGGCAGGAGCACATGACTGAAAGCAAGCAAGGCGCGCAGGCGTCAGCCTACGAACGCGCGGGCGTCAGCATCGACGCCGGACACCGCGCCGTCCACCTGATGAAAGACGCGGTGGCCCGCACCCACACGCCCAACGTGCTGGGCGGCCTGGGCGGCTTCGGCGGCCTGTTCCGCGCCGCGTTCGGCCACATGGAAGACCCGGTCCTGGTCGCCAGTACCGACGGCGTCGGCACGAAAACCAAGGTCGCCGTCCGCACCGGGCGCTTCGGCGGGCTGGGCGGCGACATCGTGAACCACTGCGTGAACGACATTCTCGTGCAGGGCGCGCGCCCGCTGTTCTTCCTGGATTACGTCGCCATGGGCAAACTCTCGCCCGAACGGGTCGCGGAAGTCGTGACCGGCGCGGCGCAGGCCTGCGAGGCGCTGGGCGTGGCCCTGCTGGGCGGCGAGACCGCCGAGATGCCCGGCGTGTACGTGGACGGCGAACTGGATATCGTGGGCACCATCGTGGGCGTCGTGGACCGCCCGGCCCTGATCACGGGCGCGCGCATCGAGGCGGGCGACACCGTGATCGCGCTGCCCAGCTCGGGCCTGCACACCAACGGCTTCTCGCTGGCCCGCATGGCCCTGGACGACCTCGACTGGAACGAGGCGCGCGCCGACCTGAACGGCCAGACCCTCGCGGACCTGTTGCCCGTCCCACACCGCTCGTACCTGCCGGCCTTCGACGCCCTGCAGGCGGCCGGGGTGGACGTGCGCGGCATGGCGCACATCACGGGCGGCGGCCTGATCGACAACCCGCCCCGCGTGTTCCCGGCCGGCATCGGCATGCAGGTCGATACCGGCAGCTGGACCGTGCCGCCCGTCTTCGAGTTGATCGTGGCGCGCGCCGGCGTGGAACGCCACGAGGCCTTCCGCGCGCTGAACATGGGCGTGGGCTTCCTGTTCATCCTGCCCGCCGCGCAGCAGACGGCGGCGCTGGACGCCCTGAGGGTCGCCGGCGAGCAGCCGTGGGTGATTGGTCAGATGACGGCCGGTCAGGGCGTGACCTTCACGGGAGCCGTTTGACCAGGCGGCTGGCCCCCACCGGGTTCGCCGCGCCGGACCGCGCCACCGCCACGGAATTCTGGGTCGTGCGCCACGGCGAGAGCACCTGGAACGCCGACGGCCGCTACCAGGGGCAGACCGACGTGCCGCTCAGCCCCATCGGGGTGTTGCAGGCGTCCAGCCTCGCCGAGCGCCTGACCGCGCAACCCTTCGACGCCGTGTATACCAGCGACCTGAACCGCGCCGCGCAGACCGCCCGCATCGTCGCCGAGCGCCTGCATGGCGCGCCCCCCGCGCAGACCGACGTGGGCCTGCGCGAGATCGACGTGGGCGAACTCGCGGGCCTGACCATCCACGAGATCCGCGCCCGCTTTCCCGAGTACCTGCAGGCCCTGAGCGCCGAACCCTGGAGTACCCGCCGCCCCGGCGGGGAAAGCATGGAGGACCTGTACGCCCGCAGCGGCGAGACCTTCGCGCAGATTCAGGCGCGGCACCCCGGCCAGCGGGTGCTGGTGTTCACGCACGGCGGCGTGGTCCGCGTGGCGGTGGGCCTCGCACTCGGCGGCGTACCCGCCAACGCCTGGGCGCGCCTGAGTGTGTCGAACACCTCGGTCACGCGCGTCCTGCTGGGCGCGGGCAGCGGCATGCTGCTGGGCTTCAACGACGACGCCCACCTGGAAAGCCTGCTGGAAGCCACCGAGGCCGACGACGTGCTCGGACAGGCCCCGTAACAGCAGGCCTTCCACACGCGCGGTCGGTCCTGCTGGAGGGGCCGGCCGCGCTGGCATTGACGGGCGCGCGGCGGCCAGTCGGAGGCACGCCAGCGGGCGGGGCAGGGGTCGGGATGCGGTGCAAAGATGCACCCCGTCCGCAGGAGCGCGCCCCCACCCACCGCTGGGCGGACACTCGGGGCAGGACCGCCGCTTCCTCTGCGCCGCGCCCGGACCGTCCGGCGCGGCCCGCTCCCAGCGGCGGCAGGTGAAGCCATGACGCACCCCGCTCCCCTCACGCCCCCCAGCCTGCCCCTTACCCTGCTGCGGCCCGACTCACTGCTGCCTGTCCCGGGCCCGGCTCCGGCACTGCCGCGCATCATTCAGGGCGGCATGGGCGTGGCCGTCTCAGACTGGCGGCTGGCACGGGCCGTATCCATGACCGGCGAACTGGGCGTCGTGTCCGGCACCGGCATCGACACCGTGCTGCTGCGCCGCCTTCAGGACGGCGATCCGGACGGGCACGTCCGCGCGGCCCTGAGTCACTTTCCGGACGCGGCCCTCGCGGCGCGCACCGTGCAGCGCTTCTTCCTCCCGGCGGGCCGCGCGCCGGGGCAGCCCTACGCCCGCGTGCCGCTGCCCACCGCCGAACGGCATCGCGACGCCTGGGAACTGTCGGTGCTGGGCGCGTTTACCGAGGTGTTCCTGGCCCGTCAGGGGCACGCGAACCCGGTCGGCCTGAACCTGCTGACCAAGTTGCAGCTGCACACCCTGC
NZ_CP115165.1_gap79	2369497	2373518	4021	TGGAATTCATGGACCGCGCCTGCACGAACGCCGTCGAGGACTACCTGAACCTCGGCCTGCCCAGAGGCGCCGAGGCCGTGCTCCTGGTCGACACCGACGGAGACGACCTGGACACCGTGCAGGACGAACTGCAACTCGTGGCCGACGCCTGCGAACGCGCCGGGGGCACCGTGCGCCGCGCCGCCACCGACGCCGAGGGGGCCGCCCTGTGGCGCGCGCGGCGCAGCGTCAGCCCCGCGCTGGGCCGCATCCGCCCGCAACGCATGAACGAGGACATCGTCGTGCCCCGCTCGGCCCTCCCGGACGTGGTCCGCGAGATCCGCGCGCTCGGCGACGCCAGCCCCTTCCGGCTCGTGCAGTTCGGGCACATCGGAGACGGCAACCTGCACCCGAACATCCTGTTCGACCCCCGCAAGGAAGACACTCACGCCGTGCACGACCTCGCGCACGAGATCGCCCTCGTCGCCCTGCGGCACGGCGGCGTCCTGAGCGGCGAGCACGGCATCGGCTCCATGAAACGCGACTTCATGACCGACGCCGTCGACCCCGGCACCCTGAAGGCCCTGTGGAACGTCAAACGCGCCCTCGACCCGCACCTCGCCCTGAACCCCGGCAAGATCCTTCCTGCGGAAGGAGTGGACGGTTGATGGGTGATGGTCAATGGAACCAGCGCGGCCGTTCGTCCATCTCCTTTCAACCATCAACCATTCACTCCGCCGGAGGCCGCCCATGACCATCCTTGACCTGTCCCCCGGCGATCAGACCATCACCGTCAGCGGCGACACCACCCTCCCGGAAGTATTCGCCACGCTGCCCGCCGGCCTGTACCCGCCGTTCCCGCGCGTGAACCTGCCCGGCACGGTCGGCGACCTGATCACGCGCGGCGGCTTCGGGCAGACCTTCCCGTTCGCGTCCGACATTCTGGGCGTCACCTTCCGCGCCCCCAGCGGCCGCGTGATCCGCGCGGGCGGCCGCACCGTGAAAAACGTGCAGGGCTACGACCTGACCCGCCCGTTCGTGGGCAGCTTCGGCCTCCTGGGCGAGGCGCTGGAGGTCACGCTGCGCCTGCGCCCCGGCCTGAGCACCGGGCACATCGTCCACCCCGGCCCGCTGGCCCCCACCGCCGCCCGCTTCACCTGGGCTGCCCCGGACGGCACGCACGTCGTGCACTTCGGCCATGAACGCGAGGTCCGCACTGCCCTCGACCTGCCCGGCGCGGTCCCTGTCACCACCCCGCCCGACTACACTCCGCTGTTCCCCGGCGGCATGGGCGTCGCAGAAGACGGCCCCCTGCGCGACCTGCGCTTCGCATGGCACGACGGCGCGGCTCACCCCACCCCGCCCGCCCTGTTCACCACCCTGGCCGCCAGCCTGTAATACGCACTCCGGTTGAAAGGTTTGCAAAGGCTTTCAACCGGAGCGGACTCGTAGAGCTGGGGCGCAGAGCGAGCAGGAGAGAAACGCCCCTCCAGGCGTGGAGTTGGCAACCCGGTACATTGGCGGGTTGTCAACGGAACAGACGGCATCCGTATAGCACCACCCACCGGCCTATCACCCGTGGTCGGCAGATACACCCCTGACTCTTTTCGCTATTCTTGACGGCGTGCTTAAAAACATCTCCCTGATGACGGCCCTGCTGCTCGGCGCAGCCGGCGCCCAGACCGTCGACCTCCGCATCCTCGAAACCACGGACCTGCACACCAGCGCCCTCGGTTACGACTACTACCAGGACAAACCCACCGGGGAATTCGGCCTGGAATACACGGCCACCCTCATCAACAACGCCCGCAACGAGAAACGCAACAGCCTGCTGTTCGACAACGGCGACCTCATCCAGGGCAACCCCCTCGGCGACTACGTGGCCCGCATCAAGCCCCTCCAGGACGGCCAGATGCACCCCATGCACGCCGCCATGAGCGTCCTCAAATACGACGCCGCCAACCTCGGCAACCACGAATTCAACTACGGCCTGCCCTTCCTCAAGCAGATCATCGACGCCGCCCCCATGCCCATCGTCAGCGCCAACACCTACGTTGACGACGGCACCGGCAAACCCGGCGCGAACGCCTTCAACCCCTACCTCATCCAGCGCCACACCGTCTACGACACCAATGGCCGCCCCTACATCATCAACGTCGGCGTCATCGGCCTCCTGCCCCCCCAGATCGTCCAGTGGGACAAGAGCAACCTCGACGGCAAGATCGTCACCGCCGACATCGTCGAAACCGCCCGCAAATTCATCCCCCAGATGAAAGCCCAGGGCGCCGACATCATCGTCGCCATCGCCCACAGCGGCATCACCGCCGACTACACCCCTGGCCAGGAAAACGTCGCCACCGAACTCACCAAAATCGCCGGTATCGACGTCGTCCTCTCCGGCCACAGCCACCAGGTGTTCCCCGGACCCGTCTACAAGAGCATCCCCGGCGCCGACATCACCAAAGGGACCATCAACGGCAAACCCGTCGTCATGGCCGGCTTCTGGGGTAACGACCTCGGCATCGTCGACCTGAAACTCGACTACGACCGCAAAACCCAGAAGTGGACCATCAAGGACAGCGCCGCCCTCGTCCGCCCCATCTGGGACGCCGCCGCCAAGAAAAACCTCGTCACGCCCGACCCCCGCATCGCCAGGGCCGTCAAAACCGCCCACGAAGGCACCCTCGCCTACGTGCGCGGCAAGGTCGCCGACCTGACCGCCCCCATCAACTCCTACTGGGCCCTCGTGCAGGACGACCCCAGCGTGCAACTCGTCAACAGCGCCCAGACCGCCTACGTCAAGGCCGCCCTCGCCAGCACCCAGTACAAGGACCTCCCCGTCCTGTCCGCCGCCGCACCCTTCAAAGCCGGCGGCCGCGCCGGAGCCAGCTACTACACCGACATCCCCGCCGGCACGCTCGCCATCAAGAACGTCGCCGACCTCTACGTGTACCCCAACACCGTCCAGGCCGTCCTCATCACCGGCGCGCAGGTCCAGGAATGGCTCGAACGCAGCGCCGGCCAGTTCAAACAGATCGACCCCGCCAACACCCAACCCCAGGACCTTGTCGACACCAGCTTCCCCACCTACAACTTCGACGTGATCGACGGCGTCAACTACGAAATCGACGTCACCCAACTCAACCGCTACAACGCCAAAGGCGAAATCGCCAACGCCAGCGCCCACCGCATCAAGAACCTCACCTACCAGGGCAAACCCATCGACCCCGCCCAGCAGTTCGTGATCGCCACCAACAACTACCGCGCCAGCGGCGGCGGCAGCTTCCCCGGCCTGACCGGCAAGAACATCATCCTCGCCGCCCCCGACGAAACCCGCCAGGCCCTCATCGGCTACTTCAACCAGCAGAAAACCATCAACCCCACCGCCGACGGCAACTGGAAACTCACCTCCATCCCCGGCGCCACCCTCCTCTACACCAGCAGCCCCAACGCCCAGAAATACCTCCCCGCAGGCGCCACCCTCACCAAAACCCGCGAAGACGGCTTCGCCGAATACAACATCAAGAACTGAACGCAACGAAGCACAAAAAAGCCCCCTACCAGTACAGTGGGGGGCTTTCTTCTATGAATCGCTTGGGATGGCTAGAATAATCAGGCGCGCATTAAGGGTTCCTGACCACAGATACCGTGCCGCCGCCCACAGATGTGACAATACCTGTCGTCATGTCTTCGATCAGCCAGACGATTTGATAGGTTCCGACCTCGCCAAACGCGACGGTCACGCTTGTGTTGCCCGTCACATCATTGCTGAATGTAATATTCTTCTGAGCACTGTTCTGGTAAAGCACAGCAGCCACACGACTACGGTTGCTCATACCACCCAGGGACCACGTACCCGTTGTGTAATTCAGTTCCCCGGTGCCGCTGTTAGGGGGAGTAGGACTGGTGACGGTGTTAGTGGTATAGGAAGAGCGAGCGGCACGAATTGCAGCGCGATTGATGGTGACCGGGATGCACTGAATGTTACGGTTGCCTTCCGTATCCTGAACCGTCACACGCAGGTCATAACGTTCGTTAGGGT
NZ_CP115165.1_gap80	2378011	2378730	719	ACGAGGATGCGGTCCAGGCCACTGACGGCGTCCGTGCCGGTGACGCTGATCTTGATGGGGTTCTGCGTGAAACTCTGGCCCTGCTGGGGGCTGGTGATCTGCACGGTGGGATCGCTGGCATCGACCGTGATGACCTTGGCGGGGCTGCTGAAGCTGCGGCCGCCGTCGGTGACGGTGGCGGTGACGCTCTGCTTGCTGCCGTCGGCGCAGTCGGTTCCCAGGGTCCAGATGTTGCCGCTGATGGTGCCGCAGGTGGCCGTGTAGGCGATCTGGCTGCTCAGGTCCTGGCCGTTGCGGGTGGCGGTGGCGCGCAGGGTGACGGTGCCGCCGCCCTTCACGAAGTCGCTGGCAGGACTCAGCCACGTGAAGGTGGGGGCCGTCACGCCGCCGTTATCGCCGGTGCTGGCGGCGTTGAATGTCACGGCGATGTTGCGGCTGGTCACGAAGCCCACGCTGTCTTCCGCTTCGACGGTGAGGATCACGGTTCCGGCCGTGCGGGCCGTATTGCCGGGAGCCTTGGTCAGGTCGACCGTCAGAGTGTTGCCGCTGACGGATTTGACCAGCGTGCCGCTTTCCAGCACGCGGATGGTCACGGGCGCTGGGGTCTTCTGGGCGTCACCGCGGGTGTCCTGCGCCGTCACGCTGAGCAGTGCGGCGTCCCCGACGATCAGGGTGGCGGTGTCCGTGGCCGCCTGGCCGTTCAGGTTCACGGTGGTCAG
NZ_CP115165.1_gap81	2384328	2385296	968	TGTACGGGGCGGGCGGCTCCCCTTCCGTGAGCCAGCACCGCCCGGTCAGACCGGCGTGACCCGGCCCCCCACCCAGACCTCGGTGCCGCCGTCGGCCGGGGCGTACTGGGCGCTCAGGCGGGCAGGCTGACCGGGCCGGCGCTGCGCCGCGCGGATCAGGGTACTGTCTGCCGGCAGGCGACCCAGGTGGCCCAGCACGCCGGTCAGGCAGGCCAGCATATTGCTGCTCGCGGCGTCCTCGGTGAAGCCCTTCAGAGGTCCGAACGCCCGGAAACTCACGTCCGCGCGGGCCGGGCCGCCCATGCAGAACAGGATCAGACCGGTCGTGCCGGTCGCGCGGTTCACGCCGCTCACGGCCGCGTCGTCCGGCACGAAGGCGTCCAGTGCGCCCAGGTCCGCGACCTCCGCCACCAGATTCGGGCGGCCCGTCCCGGCCACCCAGGCAGGGGAGAGGCCCGATCCCGACAGGCCCAGCACCGACAACTCCAGCACCGACAGGTCCGCCGTGACCGCCTGCACCGTCACCACGCCCTGACGCAGCAGCCACTCGCCGCCGCACAACTGCGCCATCTGCACCTCGCCGCCTGCCTCCGGGTCGCCCTGCGTGACCTCCAACACGTCCAGCAGGCCTGCGCTGCCCTGCACGGCGCTCAGCGCGGCGATGGCGGCGCTGTCACTGCTGCCCTTCTCGCGGGTCGGCGTGAACACACACAGCCTCAGACCCGTCGGGTCGGCGGCCTGCACGAACACGCTCAGAGGCGCACCCGAGGCCGCCGCCCGCGCCTGAGCGTCGCCCCCCTCCAGAAAAACGGCCACCTGTTTTCCACCGCTGCCGTCCGGCGCGGCGAACACCCGGCGCAGGTCCGGAACGGGCGCGGTCTCAGAGTCGGTGACGGGAGCGGGTTTGGCGTTCATGCCGTCATTCTGGCCCACTGACCGTGCGCCACCAGCCGGGCCGTCTCGACACC
NZ_CP115165.1_gap82	2546543	2547843	1300	ACGGCAGGTAGATGCCCAGCGTCACCACCGACAGCGCCGCGTTCACGATCCACAGCCGGAAGTACTCCCCGGCCGACCCCGTAAACGACACCGGGTACGTCGTCACCTGTGGCGCGGCCCGTTCCGGCGCGGGCAGCCTCTCCGGCCCAGAGGGAAGGTCATGCCGCCCCGGAACGGCCGTCCCGGGTGCGGGCACGGTGGGTTCTGGCGCGCGTGGCAGGGCGGGATCGGTCATGCCCCCATGCTACGGGGCGGCCGCCCCCGTCGTTTCCTCAGGTGCGCGGCGCACGAGAAAGCAGCGGACGCCAGAGGCACCCGCTGCGAATCTGCCGCCGGTCTTACCAGCGGTTGTCGCGGGCGCCCATGCCGCCGCCCATCGGGGCGGGCGCGGCGTTGGTGACGACCACGTTCTTGGCCTGCGGGCCCTTGTTGCCCTGGCCGGCTTCCACTTCGAATTCGACCTCGTCGCCCTCGTTGAGCTTGCGGAAGCCGCCGCTCTGAATGGCGCTGTAGTGCACGAACACGTCGGGGTTGCCCGGGTGCTCGAGGAATCCGTAGCCTTTTTCCACGTTAAACCACTTCACTCGACCTTGAGCCATAACTCTCCTTGCATCCCGGAAATTCACTGCCTGGTATCCAATCCTCTGGACTGAACCCAACAGACTGGCATGAATTTTGAGACCCCCGGATTATCGCACGGCCTCTCAGAATGCGCACGCCAATCTGCCGCACCTGCCCAGGCATCCCCACCCGCCGGCGGCCGCAGAGGCCCGTGTGAGACGGCGCGCGGCGATTTTCTTGAATCCAGGTTCAATCAGCCGCTCCGGTCTCATGAGGGTCCTGCCCCGCCTGACCGGCCCAGGCCCCTGCCGCGCAGCGCGTGGCCGGCTGCGGCACCGCCGGAACGCCCGGACCTTCATGCTAGGCTGGCAGGCAGTTCAAGACCCACCGCGCGTGATCACAGGGAAGCGGCGTGCGTACCCGCGCGGCCCACACCCGGAGTCACGCCCGGACTTTCGGAGGAAAGGCATGCCGCGCTACGCCCTGGACGGGCACGTCCCACACATTCACCCCACCGCCTTCATCGCCCCCAGCGCCGACCTGATCGGGCAGGTGACCGTCAGCGAGCACGCCAGCGTGTGGTTCGGAGCCGTGCTGCGCGGCGACCTGGAAGCCATCACGGTCGGTCCCGCCTGCAACGTGCAGGACGGCGCGGTGCTGCACACGGACGCCGGTTGGCCCTGCATCCTGACCGATCACGTGACCGTCGGGCACCGCGCCATCGTGCACGGCGCCATCT
NZ_CP115165.1_gap83	2565998	2567565	1567	TGTAAGCTATGCGGGCATAGATACTATCCCTCACACTTCCGAAACTATTACTGTTCTGAGTGCGATAACCAGTATGCACAGAAGCTTAGCTTATCGCCTGTCGATTGTATTGAATTGGACATGTCATATCGTGCGATTATGGCTAATCTTGGCTTGCCTAATAGTAAGCAATTATATAGCATTATCGATGATTGGGATGAAACAAATGAAGAAGAATGTATATCCAAGATAAAGACAGCATTAGGTGAATCATGGTAACGGCATTAGCAGTCACTTCACTTCATTTTGCTATCTGGTACATACTCGCACCGGCATATATAAAATACACGGCATCACATAGCATATTTAATTATAATAGGAGTATTACTGATGACACCAAAACAGAAGAAAGACATAAAGATTAAGTACAATGGCTTAGGTATTGAAGTATTCAATCTGTATTCTCGATTCAGGGGAAGAGGTATGGGTGAAGTGTTGAGTGGTGTTGTTGTAACAAGCAGGCTTGATGCTTCACGAGTCAATACACTAACTGTCAACTATCTAGAAGAGGTTGGTGTGTTGCGTAATGTCAAGATGGTGAAAGTAAATAGCACTACTTATAGATTCGACTTAGTTTAAAGGAGATATGATGAAGAAGGAAAACAAGATAACTCGCAGGGATGACAAATCACATGAGATTGACAAGATGGTGAAGTTACTAATGTCACAAGATGCAGCACTAACATTGCTGGCTGCAACAGCGCATGCTGAGGCTAACTACACTGAAGAGGCTAGCCCTGATGCCTAAACTGCTACAAGAGAACAAGGAACTGCAACAAGAAAACTACTTCCAGCTATACCGCACAATGGGTAATGCCAGAAGCTTAAGAAGATTGGAAGAGGCCACTGGACTTAGCCTGACTAGCTTGCATCGAATGTCAGTGAAGTACGGATGGCAACAGCGCTTGAATGAAGAGGCTGACCGGCTGGCGAGTCTGGTTAAAGCGCAGTATGAAGAGAAGGAGTACAGCAGCGCGGCTACTCGTGTGTCCCTAGCCGACACCATCTTCAAGAAGTTGGAAGACAGTGTGGGTGACTTGAGTATCAGCAGCTTCAAGGATGCCAAGACCGCGCTTGAGATGTATGCGCTTCTGACGGGCAAGCCGACTGCGATAACTCAGGACGTATCGAGTCTGCCAGTTGAGACACTGACAGATGAGGAATTAGAGAAGCTAGCAGCCTTGCTTGTATCTGACTAACCCGACAGCTATTTCACACTAAGAAATATTGTTGCTACACAACTAGACCTATAACTAGTTCTGCTACTCGATAAGTAAGAGTTTGTCAATACCCGCCATCACACTTAATCATGCTATTTGACCTACTTGACAAACTCACGTACTTATGCTACTTGCACAACTAATCACATTCTATTAAAGGAGAAGCTACAACACATAGCACTATATGATTGTTCATCTATCAAAAATTAACACACACTTTGGTTCGGTAGTAGGATTCACCCTAACTCACTTAAGCATGCTTACTTATCTGATGCATGCCATATGCAATCTAATTATTGACTACATAG
NZ_CP115165.1_gap84	2570586	2572006	1420	AATGCCATGAGTGAAATCGCAGTGATGGTGAAAGATGGTGACAAGAAAGCTATAGCAGCATTCTTCAAGGAAGACCCTAAAGGCGTAGCAGAGTATTTGAAGAGTGGCAAGATGCCTACTTCGATAGCTGGTAAAAGATTCGTGGCTATGTACCAGTCTCTAGCATCGATACTAGATGTGATATTTGAAGGCGAGACTCTACAAATTCAAAGCTTCATAGCATCAACCGGCATCAGTGCTGCACAAGCAGATGCACTAGCCCTCAGTAGCTTGTTCATGAGTCCTGCCATCAAGCAGACGATTCTAAACGAGTGGGTCAATAAGCCTTACAACGGCTACCCATTGTCACAGCGGATATGGGGATTAAACAAAGCCACTGAGAACAAGCTAATGCAGATGGTAGCCGCTGGATTCGCAGACGGCAGGAACCCAAAGCAGCTAGCCGGACTGGTGAGGGGAATCACCGGGCAACAGTCGGCATCGAATATCAGACGGCTGCTGTTGACTGAGAACAGTCGAGTGCAGCACGGTGTTCAGAAACTCGCTGTCCGTGAGTTCCGGCACATCAGCTACGTGGTGTTGAAGTTCGGTGTGAGACACAAGGAACCCTGCCTCTGTGACCCGTACCAGCGGAAGGGGAGAATGAAATATGAGGATGCACCGGACTTGCCGTTACATCCTTCTAGTTCTAGCTATTATCAGCCCATACCTACGCCAATCGATGAATGGAAGAAGGAAATGGGTTATGTCTGAATTACTGTTTGGGGAATGTTGATTTGAACCAAAAAGTAGCGCTGTTCTCTTTCAGATTTAGGGTGAATCTGGGAACAGAATTATATTTAAGTTTATCAACGATGTACACATCAAGCACATCGGTATCAGAGAATGAAGGCGAAAGTGTTACTTCGCCATCGAAGAAGAGTGGTGTAAGAGGCCCATCATTGACTTTATAGGCTACTGTGTTATCTTTGAAGGGTATATATCCTTGTTTTTCATCGTATGTCTCATCTTTAATGAATGCAGACGCATCGGTAAAGAGGGTGTTGGACAATGTGTTAAATGCAACATAGAATGTGAATGAACCTACTCCATCTAAATAATAGCTATTCGCAATATATGCAAGAATCCTCTTATCACCGTTAAGAGTAAGAACTTCTGAAAGTCTCTCTTTGCTGGTGGCTTTAATCGTAAAACTATTAGCATCAGAAGAGAGAGTGAAACCGCAAGCGCTAAAGTCGCTGAATGGCCTATTATCTCTAGAGTGCTGCTTTACCGTTTGTGATGGAGTAGGGAAGACTGCTGGCCTGATATATGTAACTTGCCATTGATTAAGCTTGACAGTGCTGCAATTGATATCTTCCGCTGAGGCTGCGCTAAACATAGCGAGTGCAAGAGTCGAGAGAACATTGATGCGCCGCAT
NZ_CP115165.1_gap85	2573265	2575382	2117	TACTCTTGATGATGTTGACTCAGCCCTTCTAGCTATTGAAGGTGATGCTAGCGCTATTTTCGTGAACGATAAGACTCTAGCTAAGCTTAACGGTCTTGCCCGTGCTAGTGGACTCGTTAAATACAACGATATCGACTTGGTAGGCAGCCGCGTCAGCAGCTACGCCGGTATTCCCCTCATCCGTGCGGGCCGCAATGCTGCCGGTCAGATTCTCGCAGACGGTGAAATCTACGCTGTTCGCTTTGGTGTTGATGGTGTTCATGGCATTCAAGCCAATACACCCACAGTCAAAGTCATCAGCCCTGATGACAACGCCACTGCACCAGTCTGGACAGCCCGCATCGATTGGTACGCTGGTTTAGCCCAGAAGACCCTAACTAGCGCTGTTCGCCTCAAGCGCACACTGTAATTCTAGGCTAGTCATGAATACTAACCCACTAGCGGCTAACTATTCTGTTCAGAGTTTCGCTTTAGCTAGAGTTAGAAGTATATCCAGAGACAACAGAGATAATCCACCCTTCAGTTTGACTGATGCAGAGTGGATACAGTTTCTAGAAGAGACAAAGCTTCCCCTCAAGGGATACCAGCTATCAGACTACTACCAAGTCTATAAAGCTGTTTATCTTGCCATAAGCACCAATCCCGACAGGCTATCCAGCTTATCGGAAGCTAGTGGGTCATATGGCTTTGTAGATATTGAGTCTACAAAGAAGTCACTCTTGAAGGCGCAAGCCGAACTCAACGAATCTCTAGGTATCTGGCCTTCCGGTAATATTCGTGGTGGATTAGTTACAAGCAGCATAGTAAGAAGCTGGTAGATATGAAACCAGTTTACTTACTATCTGTGGCTAAGACTGGAATACCGGGAAAGCAAAAGCTAATCTATACAAGGGATGCCATGATAGGCGGTTCAATTGCCCCTATGTCACTTGCTGACTATAGCAAGCGCTACTCTGATGGTGCATATATCAATAACGGTGCTTATTCATTCTCAACCATCGAGATTCTTAAAATTGGTGATGTGTTGGAATACTCGGATATGAAGCTGAAAGTAATTGGCTTTGTTCGGGGTAGATTCAGAAATCATGCACACTTACTGGTGATAGCCAATGAGTAACAATCAGCTATTTAATAGCCTGCTACAGCGCGTGCATGATGCTGTTGAAAAAGCGTTGGAAGATACCGCTGTCATGGTACAAGCTGAGGCACGAGAGGATGTTCCTAAAGACACTCAAGCGCTGATGCACTCAATCCAAGCTGAGAAGGTATCTGACCTTACCTACAAAGTCACTGCTAATACTAAGTACGCTTTGTATGTCCATGAAGGCTATGTGTCCAAATCAGGCAGATTCATAGCAGGTACTCCCTATCTAACCGGCCCAATCTCACGACAAAAGGTGAAGATACTTGACAGGATTAGGGAGAATCTGCAATGAAAAACATAGACAGCCTTATCAATGGCTTATATACAATGCTATCTGGTGTCGATGCGAGTAATAACTATTTGGGATTATTTGATTCTACAACCAAAGCTATTGCCTTCAATGAAATTCCCATAGAGTATGAACTGCCTAAGAATGGCAAATGCTTCATGGTATACGCGCTTGAAACAACTCAGGCTAAATCATCAGAAACCAAAATTAGGCTATCTGACACAGTTCTGAAGATATTCATATCAGGTGACTCTGCGCTAGCTTTATCTGCTGCTGTGAGTGACGCTTTAGACGGTTCGATAATTTCAACATTCCACTGTAGCTATCTGGGTATGAATATCATGCCCAATGGCAATATAACTATTCGATTCAATTTAATATAAACAAGGAGAAATAAATTATGCCAACACGCAAAATGCTACAAGTTATTCCCAAGACTCTAACCTTCACTCCTACTGGCGGCACTGCCGTTGTTTTCTCTGACTTCTCTGAAGCAGTTAGCTTCACCTATGAAGACAGCTACTCTGATATCTCCAGTCAGTCAAGCGACTATGCCATCGGCAAGATGCTAACCGGACGCGCCGCTAGCATGAAGGCTGTAGTCAATAACTTTGACCTACAACAGATGCAAGCTATGGTCAGCACTACGCCTGCTGATTATGCTGTTGCTACTGATACTCTTAC
NZ_CP115165.1_gap86	2579475	2583183	3708	CATACCTAAATGCTAGGCTGGCATTACAGGCCAATTCAGAAAGCGCCATAGCTGCCATTAGGTCTAAGAATGCTAGAGAAATAGCTGAAGATGAGATGGCACTGAATAAGAAAGTTGTGGAAGAAAGAGTGAGGATAAACAAGGAAGCTGCAAAAGATATTATCGATGCAGCAACTAAGTCTATCGACACATCAAGTATTGCTGGCCTAACTGAAGCGCGGCAAGTATTGGAAAACTTGAGAAGCACCATCTCTAGCATTGACTCTGAAAGCTTGACTGACTTAGACGACGCGCTATCTGATATCGATAAGAATATTCAATCAATTAAAGCTAGTGCGCTTAGTGGTGTGAATGATGTTATTGAATCCACCGCTGAGTTATCTGATGAATTCGACAAACTTGGTGTCTCACTTTCCCCAAAAGAGAAGTATGTCAGTGATGGTGTGGCTGCTTATGACGCCCTGATAGAGAAGTATGATGATGCGCTTGAACGCCTCAAGCTGCTTAGGGAAGTATTCGAGAGGACTGATGATGTTGCTGGAATGGCAATGGTTGATGCTATCGTCTCAAATACCACAAATGCTAAATCATCCGTTGTGTCTGCCAAGTCTGAGAAGTCCGGCAAGCTAGGCGGTGAATTCGACAGCAAGTCTGCTGCTGCAAGAGACAAGATGAATGCTGATATTGCTTCCAAAGAATTGCAGCTGGTATCCGAGGTATCAAGCTTTAAGCTGAGTAGCCTTGATACAGAAAAGAATGCCAAGCTTGCACTTGCCAAGACTGACGAAGAGAAAGCACTGATTGAACTTGCATACATTGGCAAGATAAAAGATGCCAAACTTAAGTCAATTGCTGATGCAATGGAAGTCAAGCTATCTGCAATCGAGTCTGAGAAGAAGGCTGAACTTGAAAAAGAGGGACTGACTCAAGAACAGACCGCACGCATAAATGCACTCTATGAGGCCAAGAAGCAGCTTGTTATAGATAGTCACAGACTTGAACGAGAAGAGATAGGCAAGACTGCCAAGCAAGCCGAGGAAGCGCAGAACAAGCAGCTAAGCAAGTGGAAGGAGTTGCTGCAACAGTTTATCAAAGATATGGCAAGTGCTGTAGGCAGTGCGTATGCGTCTATATCAAGCAACAATGCTAATCTGGCTGATAGTATATTCAACACTCCAGAGGACAAAGCTAAAGCGGAAGGCGATACCGCAAATGCTAATGCCGGTGCTTACAAGGATGCCGGAACTAGCATATTCAGTAGTGCAATGACACTCCTATCTAAAGCGCTACCTGAATTCTCTTGGCTGATTGAATTAGTCAGTGGATTGTTTGCTAAGATGCCACAGCTAGGCATCATATTCCAGCGAGTAGGGGAGATGTTCCTACTTGGCTTTAGCTTGCTGGAACCAGTTATCAACATGCTAGCTACCGTGCTTGAACCGCTGCTGAACATCATGAAGGTGATGATGGAAGCTATCATCAAGCCATTGCTGCCCATCCTGACATTCTTTGTTGAAGTAGTAGGTGGAATCATAAAAGCGGTATATGGAGTGATTAAGACTGTCTGGAACACTGTAGCTGCATTCTTGAACAGCATCAATATTCTAGGTTGGAAACCATTCAGCCTAAGCATGCTGCCTGAGTTAAGTGCGGATTCGCCCGGCACAGCCCCAATAGCAACACCTGCACCACCTACAGGCGGTAGCACATCGGGTAGCGGGAGTGGCAGTAATAACACGGTAGTCAACGACACTAAGACTAGTGTGACCATAAATGTTAGTGGTAACTCAGACCCTAACGAGATAGCTAGGCTGGTAGAGAAGAAATTAATTAAGTCACTCAGATAAGGAAGGTTAATAGCCTTCCTTAATTTTATTAGGAGATAAATGGACAGTGCAATTATAGGTAAATATTCATCAGACAGACTCGTGATAACTGAATTCAATATCGATAGAACAAATGTCAGAACGATTCAGAACGGGATAAAGAGAAAGGCTGTGGGCCACGCTAAGCAATCAGTTTCTATTAGCTTGTCTGGATACCTAATCTGCACATCCTTTGCTGAACTAGAACTAGAGAAAGACAGGTTATTGAATGCATTAAACGAGAATGAACTGAAACTAGTAATAGGACATAGGCCAAATGTCTATTGGTTAGTATCTTGGTCAGACTCGGATTTAGCGCACAAAGCTAAGAATGGTGGGTATGTTCTCCCCATATCGCTTAATTTCGACTGCCTAGAATCGTCTGCTGTTAATGGTATTCCTGTTAGCAAGGGATATGTAAAATTAGATAGTCAGTTCATAGACTCAAGCGGGAATATATTTGAGGATGGTCATGCATCACAGCCCTCAGCAATTCTATTCTCACCCACTACCCTTACAGCAACAGCACAGACGGCGCTTACTGTTGGTATATATGCCATTGAAGTTAGTAAGAGTGCTGCATATGCAGTTGCCACGCTAAAGGCTAATGGAGTGGTAATAGCTACTCTGTCGAGTCCGGTTAAGAGTAGTAATGTATTTGGTATAAGCTTCTCTGATTCATATGTTGCATTGCATATTGATGGCTTTAGGAAGGTTGTAAGCGACTTATCTGCTAAGCCTACTTACACTATGAATGCTAGTTCCGGCAAGCTTTGGGAACTTGAATTAGACTTCATACCGCTGGGTAATTACTCTGCTGAGGTAATAGCTTTGTCTAGTGCATCTAGCATTATTGAGGCAAGAGCTGTTGCTAACGGTCAGCAGATAGTAAATCTAGGTTCTGCGCCCGCACCTGCTAGCTTGATAATCAATGCCAGTGGACATAGCACGGCATCAGTAAACAGGTTCGGGGTATCGAGTACCCAGAATCAAGGGAAGCTAGTGCTGAATGGCATTGATGCTTCTGTAGAAACATTCCCAGCCAATGATTTGATAACCGTTGAATATCTATCTGGATTCTCGACACTACTGCCATATCTTGAAACTGGTGTAAACACATTCAGCGCATCTGGAAACAGCCAATTTATGATTGCATGGCATAAGAGGTATTACTAATGAATTTTGAATTATTTTTGATTAATCCAGTCACCTACTCAAAGGAAAGCAATAAGGCATTCAGCAATGCTTTTGGTCTGACTATTGAGAAGAGTCTGAATGGCATAGGTAGCTTTAGCTTTGCTGTTGCGTTAGGACAAGCCAAGTTCAAGCAAGCCATCACGCATCAGGCCGGTATGAAACATGTGATGGTTTATGCCGATGGCAAGCCATACATGCATGGAATAATTACAAGCTATGACAGTTCGGATATTGGACTGACTAAGATTGAATGCCGTGAAGTGCTACAGCTATTGCAGGACAGCATCATAGAAGGCAAATATGAAATAACGAATATCCAGTCTGAATACATCCCGCCTAGCACGGGTGTAGATGTGGCTGACCATTATGACTTGGTGCAGTATCCATATTGGAACAAAGCTAATGGATTGGGCTACTGGTATGCGAGAAGTATCCTACTGTCACCCGCTACGGATAAGTTGCCTAGCATCTCTGACTATGGATTAAAAGAAGATTCTAACGGTGTATCGATGGGCAGCGGTGAATTAGCTAAGAACTTTGTCTATAATAGGTATTTTGCTGAAAACCCGAAAGATAACTATTCTTACATGGTCAAGTCAAATGGCATTGGTGCTTTGAGTGTCCTTCCGATTTGCAGCGATGAACC
NZ_CP115165.1_gap87	2614739	2617407	2668	GTCCGGCTGGCCTGGAACATGACATTTTCCAGCCGGGCGTACGTCACCTGGGTTTGGCAAAGAAACGCAGCAACCTCTCAATTGTAATGTAGTATTGCGTACGGATCACGCAAATGATTCTTGACTCATCCCCTGAAGGCCACTAGCCTGAGCGCACGCTCGATTTGTATCAGCCTGCCTTCATGCACGGTACGCGGCCCCCGCGCCACGTCACCGCCATGAACGCTCATCGGAGGTTCCATGAAGAAACTGCTCCTGACCGCCCTGCTTTCCACCCTGAGCGCCGCCTCCGCCACCACCCTCGTCTTCGGCGGCAACGGCGAACCCGTCAGCCTGGAATCCGGCAACATCACCGACGGCATCAGCATCCTCGTCCAGCGGCAGATCTACGACACCCTGGTCGACTTCAAGGCAGGCAGCACCGACCTGGCCCCCGGCCTGGCCACCTCCTGGAAACCCAACGCCAACAACACCTCCTGGACGTTCACGCTGCGCAAGAACGTGCGCTTCCACGACGGCACCGCCATGAACGCCGACGCCATCGTGTTCAACCTGAGCCGCTGGTGGGACAAGGCGCACCCCTACGGCTTCCGTGACCAGGGCCGCACCTTCGAGATCATGGGCGAACTGCTCGGCGGCTACAAGGGCGACGCCACCGCCGTCATCAAGAACATCGTCAAGGTCAACGACACCACCGTCCGCATCGACCTGAACAAACCCAGCAGCGTGCTGCCCAACGTGCTGGCCGCCGGTTACTTCGGCATCGCCAGCCCCGCCGCCATCAAGAAAGAAGGCGCGAAGTACGGCACGCCCGCCAGCAAACCCGTCGGCACCGGCCCCTTCATCTTCCAGAGCTGGCGCACCGGCGACCGCGTGACCCTGCTGCCCAACAAACTGTACTGGGGCAGCAAGGCCAAGGTCGACCAGCTGATCATCCGTTCCATCAAGGACGCCAGCCAGCGCCTGAACGAACTGAAGGCCGGCACCATCGACTTCGCCAACGACCTGACCCCCGACAGCCTCAAGAGCGTGCAGGCCGATAAGAACCTGCTGGCCGTCAAGCGCCCCAGCTTCAACGTGGGCTTCGTGAGCATGAACAACCGCAACCAGTACCTGAAAAACCAGCAGGTGCGTCAGGCGATCAGCATGGCCATCAACAAGAAAGCCATCGTGGACGCCTTCTGGAACGGCCTGGGCGTCAGCAACGCCAGCTTCGTGCCGCCCGTCCTGGAATGGGCCAACAGCTCCAAGGTCCCGGCCGACTACAAGTTCGACCCGGCCGCCGCCAAGAAGATGCTGGCCGAAGCCGGCTACCCCAACGGTTTTTCCATCGACCTGTGGTACATGCCCGTCAGCCGCCCGTACTTCCCCACGCCCAAACCCATCGCGGAAGCCATCGCCGCTGACCTGAGCGCCATCGGCGTCAAGGTCAACCTGAAAACCGAGGACTGGGCCAAGTACCTCGAGGACCGCAACAAGGAACCCGGCTTCGACATGTACATGATCGGCTGGACCGGCGACTACGGCGACCCCGACAACTTCTACGGCGCGTACTACGGCAGCAACGCCAGCGACGACATCAACTGGAACCCCGCGAACGTCGAAACCCTGCTCCAGCAGGGCCGCGCTGCCGCCACCCAGGATGCCAAGGCCAAGATCTACGGCCAGCTGCACGAACTGACCTACAACGCCGCGTACCGCGTGCCCGTCGTGCACAGCCAGCCGCTGGCCGCTGCGCGCACCTACGTCAAGGGCTGGGTGCCCAGCCCCCTGGGCAGCGAACCCTTCAACACCATCACCGTCACCGGCAAGAAATAAGTCAGGGAAGCGCGCTGCCAGTAACTCCGGCCCGCGTTCCTGTTCAACCCTGACTTCCTGAGCCCGACCCTGCGGAGCAGCCCCGCCCACTACCGGGAGGAGGCTGCTCCGCCCTTGCCGCCCGACCCCCTGCCCGCACACACCCGCACGTCAGTTCCCGTGATCCCACGCAAGGAGGCCCGCCTTGGGCAGTTACCTGATCCGCCGAATCTTCCGCACCCTGCTGGTCATGCTGGGCATCAGCCTGGTCGTGTTCGTGTTCGTCCGCTCGATTCCCGGCGATCCGGCCCTGGCGATGCTGGGCGAACGCGCCACGCCCGAAGCGGCCGCCGCGCTGCGCGAGCAACTCGGCCTGAACAAACCCTGGTTCTTCAATCCCGCCAACCCACTGGACGCCCAGTACCCCAAGTACATGAGCGCGCTGTTGCAGGGCGACCTGGGCAGCGGTATCAAGAGCAACATTCCCGTCCGGGACGACCTGAAAGCCCGCTTTCCTGCCACCGCCGAACTGAGCGTCGCCGCGCTGCTGTTCGCGCTGGTGGTCGGCATGCCCGCCGGGATCCTGGCGGCCCTGCGCCGCAATAGCATCTGGGACAACCTCGCCACGACCGTCTCGCTGATCGGGGTGAGTATGCCGGTCTTCTGGCTGGGCCTGCTGCTGTCGTACTTCTTCGCCGTGAAACTCGGCTGGCTGCCCCCCAGCGCCCGCCTGAGCTCGTCGGTGAACATCGAACCCATCACGGGCTTCTACGTCCTGGACGGCCTGCTGCGTGGGCAACCCGCCGCCGCCTGGGACGCCGCGCGCCACCTCGTGCTGCCCGCCATCGCGCTGGGCACCATTCCGCTGGCG
NZ_CP115165.1_gap88	2622549	2624159	1610	CAGGCCCAGGTAGCGGGTACCGTCGCGCAGGTCCAGCGTGGCGGGCCGGGTGTCCGGGTGCCAGGTGTCCAGCACGTACGCGGCGTTACTCAACGCGTACGCCGAGTAGCGCGAGCGCATCAGCGCCTCGGGCGTGGGCGCGCGCATGCCCGCATGAAACGGCCCGCAGCAGTGCGCGTAACTTCGTCCGGACCCACACGGACAGGACTTGAACGGAGGGTACGCCAGCGCCATGCCCACAGGCTAGCGCGAAGTGGAGTCATACGGACGCCGTCCGTTTCGTTCACAACCCGCCAGGGCACCGGGTTGCCAACTCCACTCCCGAAGTCCGTTCTGCTCCTCCTCTGCGGGGCAGCTCTACGAGTCGCGTCCGCTCGGACCCAGCGGCTCTGCAAGCCGTTCAATCGGAGTCCGTCTCATCTATCCCGGGCGCCCGCCCGTGCCGCCCCCCCCATTCCCGACTGGCTTCCGGTGCAGCGTGGGTGCGGCGCGGCATAATGCCCGGTGATGACCAGGCCCGCACCGATCACCTCCCTTCAGAACAGCCATGTCAAGCGGCTGGTGCGCCTCCGTACCCGCCGCGAACGTGAACAGGAGGGCGTCATCCTGATCGAGGGCGCCCGCGAGATCGCCCGCGCCGCCGCGTCCGGCGTGCCCCTGACCACCCTGTTCACCTGCCCGGACCTGTTCAGCCCCGAAGCCGCGCAGGTCGCCCCCACCCTGACCAGCCTGCCGGAACTGGAGCTGTCCCGCGCCGCCTTCGAGAAGGTCAGCGGCCGCGAGAACCCGGACGGCCTGCTGGCCCTGGCCGCCACCCCCCGCGCCGCGCTGCCCGAACCCGGCGCCAACGCCGTGACCGTCGTGCTGCACGGCCTGGAGAAACCCGGCAACGTGGGCGCGATCCTGCGCACCGCCGACGCCGCCGGCGCGGACGCCGTGATCGTCCTCGGGCGGGGCGCGGACCCCTTCGGGCCGAACGTGATCCGCGCCTCGCAGGGCAGCGTGTTCACCCTGCCGGTCGCCGTGATGGACGAACAGGACGCCCAGGACTGGCTGGCCGCCCGCGCCTTCACGACCGTCGCCTGCACACCCGACGCGCCCCGCACCTACTGGGACGCCCCCCTGACCGGCCGGGTCGCGCTGCTGCTCGGCACCGAGCACGAGGGCCTACCCGCCCACTGGCGGGACACCGACCACTCGGTCAGCATTCCCATGAACGCCGCTCGCGGCGCGGACAGCCTGAACGTCGCCACCGCCGCCGCCCTGGTGCTGTTCGAGTGCGCCCGGCAGCGCCGCGCGGCGGTGAACGCATGACACCCGTCGCCTCCGACCCGTACCGCGACTGGCTGCGCCAGCGCCTCAGCGCCGAACTGGGCGTGCGCGAGGCCGACCTGGCCGTGCAGGGCGCCGTGCAGCGCCGCGGCTGGACCGCCGTGCGCGCCCTCGGCCCGCGCGACGTGATCGCCGTGCTGCAGGACGTGTACTCGCAGATGCGCGAGAACTTCGGGGACGCCCGCGCCGACAAGTGGCTCGAGGGCACCACCCTGGACCTCGCCAAGTTCGCCGAGTCCGTCCCGGTGCCCGCCCAGCCCACCGCGCCCGGCCCGATC
NZ_CP115165.1_gap89	2631139	2633231	2092	CGGTTCTCTGGAGGGGGTATCGCATGAAACCACGTGTTCTCGGCATGATTCTCGCGGGCGGGCAGGGTTCCCGACTCGCTCCGCTGACTCAGAAGCGCAGCAAACCCGCCGTTCCCTTCGGCAGCAAGTACCGCATCATCGATTTCGCCATCAACAACTTCATCAACTCCGGCGTGTTCTCCGTGTACGTCCTCACGCAGTACAAGGCGCAGAGCCTCACCGAGCACATCCAGCGCGGCTGGCGTTTCGGGACGTTCCTCAGCGACTACTTCATCACCCTGGTGCCCGCGCAGATGTACCGCATCGAGGAACTCGGGCCCGTCTGGTACCGCGGTACCGCCGACGCCGTGTACCAGAACATGCACCTGATCGACAACTACGACGCCGATTACGTCGCGATCTTCAGTGGCGACCACATCTACAAGATGAACGTCGAGCACATGCTCCAGCGGCACATCGAAACCCGCGCGGACGTCACCATCGCCGCGTACCCCATGCCGCAGGATCAGGCCCATCAGTTCGGCGTGATGCACATCGACCCGAACTGGCGCGTCACGGACTTCCTGGAGAAACCCAAGGACCCGCCCAGCATCCCCGGCCAGCCCGGCACCAGCCTCACCAGCATGGGAAACTACATCTTCTCGCGCCGCGCGCTGGAAGAACTGCTCGAAACCAACATGGGCGGCGGCGAGAGCGGCTTCGACTTCGGCGGTGACGTCATCCCGCGCGCCCTGAACGACGGGTACAACGTCATGGCGTACGACTTCCACCGCAACCCCATCCCCGGTCAGGCCGGCCCGAACACCTACTGGCGCGACGTGGGCACCCTGGACGCCTACTACGAGGCGAACATGGACCTCGTGAGCATCAACCCGGAGTTCGACATCTACAACCCGGAATGGACCCTGCGCACCAGCAGCGAATTCTCCCCGCCCGCCAAGTTCGTGCATGAAAGCGACGGCCGCAAGGGGCAGGCCTTCAACACCATCATGGCCGGGGGCGCGATCATCAGCGGCGGCACCGTCCGGGACTCCATCCTGGCGCGCAACGTCCGCACGCACTCGTACTCCCTGGTTGAAAGCAGCGTGCTGTTCGAGGACGTCGAGGTCGGACGCCACGCGCACCTGCGCCGCTGCATCGTCGACAAGAACGTCACCATTCCGCCCGGCACGAAAATCGGCCTGGACGTCGACGAGGACCGCGCGCGCGGCTTCATCGTCACGGACAACGGCGTGGTCGTGGTCCCCAAGGGCTACACCTTCTGACACGGGCTCCGGTTGAATGGTTCGCTCAACCATTTCAACCCGGGCGTTTCCTCTGAACCCACCGCAGCACCGGGCGGCCCCTGCCACGCGCAGGCGGCCGCCCGATTCCGGTAGGCCCCCGCCGGGGTGTCCGGGTTCCGGCAGCATGCTCTAGACTTCGCGGCGTGAACCTCCGCCCCGCCACTGCGCTGTCCGTCCTGCTGGCCGCATCCGCGTCCGCCCTGACCCTGGGCTCCCCGCAGGGCCTGACCCTGAGCGGTCCGGTCACCGTGACCGGCGCGCGCCTGCTGCCGGGCGGCGTGGCCGTCTGCCTGGGGGCCCGCCTGGGGGTCCTGAGTGCTGCCGGTGCCCTGCAGCGCAGCATCCCGACCGGCGTGGACTGCGCGGGCCTGAGCGTCAGTCCCGACGGGACACTGGCCCTCACGACCACACTGGCAGGCGGCCAGGGGGCCGGCACTGTCAGTGTCTGGCGACTCGCGGACGGGCAGCGCACCGCGCAGGTCAGCGTCACGAACCTGACCGGCGCGGGCTTCAGCGGCGCCCGCAGCCTCCTGATCGGCAGCGCGGGCGGCACCGAGTCCCTCGACCTCAGCGGCGGCGCCCGCAGTTCCCTGAACGCCCAGGGCGTCACGTACCTGAGCACCTCGCCGGACGGCACGTACGCCGTCGTGGGCACGGGCCGCCGCGTGCAACTGATCGACGCGCGCACCGCCGCTCCCGTCTCCGGGCACATCTGCGACGACTCCTGCCCAGTCGGTGCGGTAGGGTTCAGCGCCGACGGCCGCAGCGCCGCCGTGCAGGCCGGCCGGCAACTGGTCGCCCTGCGC
NZ_CP115165.1_gap90	2648922	2650259	1337	TGGGAAACCTTGAAGCGCTCCAGCAACGGAACTGGATCTTCACCGAACCTGACCAGGGCCGCGGAGGTGAACTGATGGCCCAGACGGGTCTGGGCCTGACCGCTGTAGTGGTAGTTCACGCCTTCCATCGTCCGTCCGGCGTGGGGCACCATGACGAAATCAATGGCCAGGAACGCGCCCTCCGGCGCGTTCCTGGCTCGACGCTTGAAGTCCTCCGTGGAGGCGAAGGAGTCCCGCGCCATCTCTTTGGAGATGGCACTTTTACACAGGGTGCTGTAGGGGATGAGGCCACTGAGGCTGGTGACCCGGTTCAGCTGAGCGGTGATGATGCTGTGCGGTAGGCTGGGGATGCGAGGCATAGTCACTTCGCATAAAGGCCCATGAGACCGGGGAATTTCAAGCCCCTGCCTCCTGGGCCTTCGTGCTGGTCGCTATTCCCTCGCCTGTGGAAACTCTTGTTCTGCACGTCCGGTGACCCGCTGGGCCGCACGAACGCCAGCAGCGCCCGCACCGCGCCCACCAGCGCCGCAAGGGCGATGATGATGGCCGCCGTCAGTTCCACACCCAGTGCCACGTACTCCGTCCAGACTTTCACCAGCTCAGGCATACGCCACAGCCTGCCACGGGCACGGGCAGCGGTGAACGGTGGATGGTTGATGGAACAGCCATGCGTTCTCCATCAACCATCCACCGTCAGCCATCAACCCTGCGTGCTTTACAGCGTCAGGGCCAGTTCGACCGCTTCGCGCAGGCCACCATCGTCCACGTGCGCCACGCGGTAGCGGCTGGCGGCCACGGCGGGCGGGTCGGCGTTCCCCATGGCGACCGGATGCCCGACGACGCGCATGGCTGACACGTCGTTCTCGCCGTCGCCGACCATCATCACGCGGTCCATGGGAACGCCGTAGTGCGCGGCGATGCGTTCGATGGCGCTGCCTTTGCTGACGCCGGCGCGGGTCACGCTGATGAACGACACGTCCGGCATGACCGGACTGCCCGCCGGATGCAGGTCCAGGCCCTCATGCGGTTCGTTCACGACCGCGTGCTCCTCGGTGCGCGGCACGACCCACTGCACGCGCACGACCGTCCCCTCCAGCGCCTCGGGCGGGCGGGCGTCATACGAGACGCCCAGCAGCGCCGCGTGCCGCTCGGCGTACTCGCCGGGGTGCGTGATCGCGAATTCCAGGTCCGTGTACACCTCCAGCAGCCTTCCCGTCTTGTGCGCCCGCCCGATCAGGCCCGGCAGTGCCTGCGGTGGGAACGGTTCGCTGAGGCTCTCGCCGCTGCTGACCTTCACGATGCTCGCGCCGTTCTGGAACACGTGCCAGCCGTCCGGA
NZ_CP115165.1_gap91	2748164	2752285	4121	GCGGTGGCACGCTGCTGGAAGGCAAGCGTCCCTTCACGCGCGAGCGACTGGACGCCCTGCTGGACAGCACCCTGCGCAGCAACGCCGTGTAACCGTCATGGCCAGTACGGCATAGAAAGAAAAAGGGACGGGCCTCCCGCGGGGCCCGTCGCTCCCCTGTTCCCCGTGGAGCTCAGGCGCTCTGGCCTCCGAAGGCGATGAATCCGGCGGCGATGCCGATCAGGGTACCGACCAGCACTTCAAGGTACGTGTGGCCCATCAGGACGCGCAGGGGCAGCGGCGCGAAGCCCTCGCGGACCACAGCGCGCAGCTCCCCGACCAGTTCGTTCAGGAGCCGGGCCTGCTGGCCGCTGCTGTGGCGCACGCCGGTCGCGTCGTACATGACGATCAGGGCGAACACGGCGCTCGCCGCGAACAGCGGGCTGCCCAGGCCCTCGGTGATGCCCACGCCGGTGGTCAGGGCGGCCACCATGGCGCTGTGACTGCTGGGCATGCCGCCGGTCTCCATGAACGCGCCGGGGTGCCAGCGGCGTTCCAGCAGCAGGATCAGCAGGACTTTCATGACCTGCGCGCCGGTGCTGCTGAGCACCGCGACCCACAGCCAGCGGTTGCCGATCAGGTCAGCGAAGGAGTTCACCACTCGCTCCGTTCGACTGGTCTGCCTGCATCTGTGCTGCTTGGTCATGGGCTGTTTGGTTCTGGGCGGCCTGGACGGTGTTCATCATCAGTTGCGCGACCGTCATGGGGCCAACCCCGCCCGGCACGGGCGTCAGCGCCCCGGCCACGGCAGCCACGTCCGGGTGCACGTCGCCGGTCAGGCGGGCCTTGCCAGTGTCAGTGGGCACGCGGTTGATACCCACGTCGATGACGGTCGCGCCGGGGCGCACCATGTCCGGCGTGATCAGGTGCGCCTGCCCGGCCGCGACGATCAGCAGGTCGGCGCGGCGGGTCACGGCCCCCAGGTCCGGCGTGGCGCGGTGGGCGACGGTCACGGTCGCGTCGGCGTTCAGCAGCAGGCCCGCCAGGGGCCGCCCGACCAGGGCGCTGCGGCCCACGATCACGGCGTGCTGCCCGGCCACCGGCAGCTGGTAGTGGTCCAGCAGGGCCATCACCCCGGCGGGCGTGCAGGGGCGCAGGCCCGGCTGCCCCTGCCACAGCAGTCCGGCGCTGACCGGGTGCAGGCCGTCCACGTCCTTGCGCGGGTCGATGCAGGCCAGGGCCGCGTCGGCGTTCAGGTGGGCGGGCAGCGGGAGTTGCAGCAGCACGCCGTGCACGCCATGGTCGGCGTTCAGGGTGCCGATCAGGGCGTGCAGGTCGGCCTGGGTGGTGTCGGCCGGCAGGGCGTGCACGTGGCTGTGCAACCCAAGCTCGGCGGCTTTCTTCGCCTTGCCGCGCACGTAACTTTCACTGGCGGGGTCGTCTCCGACGCGGATGAACGCGACGGACGGCGTGACGGGCAGCGTGGCGGCCAGCCGGGTTGCGGCGTCCAGCAGCGCGGCGGCCGCTGGTGGGCCGCCCAGGTTCCGGGCTGCGGCCCGGTCCGTGGTCACTCGGGTTCGCCGGGCGTGCGGGGCGCGGCGGGGTGGGGCGCATCGGGTTCGGAGGCGTCGGGTCCGGGGGTCTGTTCGAACACCTCACGCTGCGGGGCGGGCGCGGCCGGGGTTTCCGGGCGGGGCAGGGCGCGGCTCAGGCCAGCCAGCACGCCGTTCACGAAGCGGCCGGAGTCGTCACCGCCGAACTTCCGGGCGATGCGTACGGCGCTCTCGATGATGGGCGGGTGGGGTTCGGTCGTGCCGGTCATCTCGAAGGTCGCCAGTCGCAGGATGTTCAGGTCGGTCTGCGCCATCTGGTCGAAACTCCAGCCGCGGATGGTGCGGCGCAGGGTCGCGTCGATGTCCGGGCGGGCGGCGCTGATGCCGCTCACGAGTTGCTGCGCGAACACCAGCGCTTCCTCGCTGAGGACCGGGAAGGTGTCGTCACCGGCGCGCATGGCGTTCTCGGCGCGGTTGAAGACGCTCTGCATGGGCAGGTCGCCCCGGTCCGCCTCGAACAGCACCCGGAACGCGAATTCGCGGGCGGCGCGGCGGGTGCCGACGGGCGCGGCGGCCTTCTCGCGGCGGCGGGTCATGCGGCGCTGCCTTTGGGCAGGCAGACGTTCTGCACGGTGACGTTCACGGCGCGGACCTTCAGGCCGGTCATCAGTTCGATGTTCTCACGCACGGCCTGCTGGGCTTTCTCGCTGAGCGCCAGCAGGTTCCGGCCGAATTCGACGTTCAGGCCGACTTCGACGGTCACGTCGTTGCCTTCGCGGGTGACGCGCAGCGCGCGGGCCTTACGGCCGGGATTCTGGTTGCGCAGCACCTCGCCGACTTTCAGGCTGGCGGCGGCGATCTCGGCGCCCTCGATGCCGTCCAGGGTGGTGGCGGCGATGTCGGTCAGGACACTCTTGCTGATTTCGATTTCGGTGTTGGTCGTCATGCTGGTGTTGCCTCCACGCGCGGTCCGCCGCTGATGCCCGGGCCGCGCCAATACCTGCCAGTTTATACGCAACGGCGGCCCTTCCGGCCGTTCCCGGCGCACGCTCAGGAAGTGGGGGTGTCCGGCGTGTCCGTGTCCGGCGCGTCCGTCACGCCACGGTCACGCAGCAGGTCGGCCAGTTCGGCTTCGGTCAGGACGCTCACGCCGAGTTCCTGCGCGCGGGTCAGTTTGCTGCCCGCCTCTTCCCCGGCGATCAGGAAACTGGTCTTGCCGGTGACGCTACCGGTCACGCGGCCCCCGGCGGCCTCCAGCTGCGCCTTGATGGCGTCGCGCGGGCGGGTCAGGGTGCCGGTGATCACGAAGTTCAGGCCGCTCAGCTGCTCGCCGCGCCGGGTGACCTCCTCGGCCGGGGTGACGCCGTGGGCGCGCAGCCGCTCGATCACGCCGCGCATGCTGGGGTCGGCCAGGGCCGCCGTGACGCTCTGGGCGATCACGCCGCCCAGTCCCGGCACGTTCTCAATGGCCTCAGGCGTGGCGGCCAGCAGGGCGTCCAGCGTGCCGAAGGCGCGGGCCAGTGCCTGCGCGTTGCGTTCGCCCACGTGGTTCATGCCCAGCGCGTTCACGAGTCGCCACAGCGGTTTCGTGCGGCTGGTGTCGAGCTGCGCGAGGATGTTCTGCGCTTTCTTGTCGCCGCCGCGCTCCAGGCCGGCCAGCTGCTCGGCGTTCAGGGTGTACAGGTCCGAGACGTCCCGCACCAGTCCGGTGTCGATGAGTTGCGCGACGAGTTTCTCGCCGATGCCGCGCACGTCCATCGCGCCGCGCGACACGAAGTACCGGATGCGTTCGAAGGCCTGCGAGGGGCAGGCGGGGTTCGGGCAGTAGGTGTTCGCATCACCGTCGGCGCGGCTGACCTCGTGCCCGCACTCGGGGCAGTGGGTGGGGAACTCAAAGGGCTGGGCGCCCTCGGGGCGTTTGTCGTGCAGGACGCGCATGATCTGCGGGATCACGCCGCCGGACTTGCGGACCACGACCGTATCCCCGATGTGCAGGTCGAGGTCGCGGATGAAGTCCTCGTTGTGCAGCGTGGCGCGGCTGACGGTGCTGCCCTCGATCAGGCGCGGCGCGAGGTGCGCCAGCGGCGCGAGTTTCCCGGTGCGGCCCACGTTCACGGTGATGGCCTCCAGGGTCGTCTCGACCTCCTCGACCGGGAACTTGTACGCGATCGCCCAGCGGGGCGCGCGGCTGGTGAAGCCCGTTTCCTCCTGCAGGCGCAGCGGGTCCAGTTTCAGGACCGTGCCGTCCGCGTCGAACTCGAAGGTCTGGCGCTGGGCGGTCATGCGGGCGTGGTAGTCGGCGGCGGCGCTCACGCCGCGCAGCGTCTCGCTGTACGCACTGACCGGGAAGCCCTGCGCAGCCAGCCACGCCAGCACCTCGCCCTGGGTGGTGGCGGGCACGCCGTCGCGCCGGCCCAGCGAGTAGAAGATCGCGCGGAGGTTACGGGTGCGGGTCACTTCCGGGTCCTTCTGCCGTAGCGCGCCCGCCGCGCCGTTGCGGGGGTTTTTCAGCAGGGGTGTGCCGAGTTCCTCGGCCTGCTCGTTGAAGGCCGCGAAGTCCGCGCGGCTCATGTACACTTCGCCGCGCAC
NZ_CP115165.1_gap92	2758766	2763487	4721	TTCATGGCTCAGGTGCCGGGCCTGCAGTTCGCGTTCCAGTCGCGGCCAGGAGTGCAGCGCGAGGCCGCCCCCGGCGTTCGGGTTGAGCACCACCGCGAGGTGCGGGGGGGCGTGCGCGGCGGGTGGGTTGCCTTCAGGGGTCACAGGCGATCAGCATAAGGCATCGGGCACAACGCCCCTCTGCTGATGGGAAGAGGGCCGGGGCGGGTGGTTGGACCGCCCGGCACACACAGGAACGGAGGCACCGGGGAAACGAGATTCCCCGGTGCCTCCGTTCAGAGAGCGGCTCTATTCCCAGTCGGCCGGGCGGTCCTGAAGTCCGAAGTGCCACGCGATGGCGCGGGCGATCCGTCCGGCGGCCTGCCCGTCGCCGTAGGGGTTGCGGGACTCGCGCATGCGTTGCAGTTCGGCCTCGCTGCCCAGCAGGTCCTTCAGGACCGTTTCGAGCTGCGTGGGGTCGTTCCCGGCGAGTTTCAGCACGCCGGCCTCGACGCCTTCCGGGCGTTCCGTGACGTTCCGCAGCACCGCGACCGGCACGCCCAGCGCCGCGCCTTCCTCCTGCAGGCCGCCGCTGTCGGTGGCGAGCAGGCGCGAGGCGGCCATCAGGGGGGCCATGTCGCTGTAGTCGAGCGGTTCGGTCAGTTCGAAGTTCGGCACGCCTTCCAGCGCGGGCCGCACGGCCTCCTGCACGGCGGGCGACAGGTGCACCGGGTAGATGAAGTGGTGGTCGGGGTGCGCCTGCGCCACGCGGGCCAGGGCCAGGGCCATCTCGCGCATCATGGGCTGGTTCTCGCGGCGGTGCATGGTGACGGTCACCAGGGGCTGAGCGGCGTCCACGCGCGCCTGCCACTCTGGGCGCAGCGGAACGCGCCCGGCGACCTCGCGGACGGCGTCCACGGCGGTCTGGCCGGTCACGAAAATGCCGTGGTCACTCTTGCCCTCGCGGCGCAGGTTGTCGCGGCTGCCGTTCGTGGGCGCGAAGTCCAGGGTGGACAGCACGCCGGTCAGGCGGCGGTTGGCTTCCTCGGGGAAGGGTTCGCGCAGGTTGCCGCTGCGCAGCCCGGCCTCGACGTGCCCGACCGGAATGCCCTCGTAGAAGGCGCTGAGGGCCACGCAGAAGCTGGTGCTGGTGTCGCCGTGCACGAGGACCATGTCGGCGCCCATCTCGCGCAGGGTCCGCCCGGCCTGCGGAACGATGCGGGCCGTGAGGTCCGCCAGGGTCTGCCGGTCGGTCATGACGTTCAGGTCGCGGTCCGGGGTGAGCGAGAACACGCTCAGGGCGGCGTCCAGCATCTGCCGCTGCTGCCCGGTCGACAGGATCAGGGGGCGCAGGCCCGGCGTGTTCTCAAGGGCGCGGTACACGGGGGCCATCTTGGTCGCCTCGGGGCGGGTGCCGAAGGCCAGCACGACCGTGAATTCACGGCTGGCGTCTGCCGTCTGGGCGGCTGCTGTCTGGGGATTGGTGGAGTGGGTCATGTCAGTTTCCCTCGCTGGAATCGGCGCGGCTGGCCTGCGCGGCGGTGGCCTGCTCGCGGTGGTCGGCGCGCACGCGGCGGTACGCCACGAACAGCAGGCAGACCAGCACGACCAGAATCGTTCCGCCGATCACAGTGGGCGGCAGTCCCTGCAGGCTCATGCCCAGGGCGCCGCAGGCCAGCGCGACCAGCCACAGGATCACGGCGGTGCGGCGCGCACTGTCCGTGCGGGCCAGGACGCGGTGGTGAATGTGGGTCTTGTCGGGGTGGCCCAGCGGGTTGCGGATGCCGCGCGCCAGCCGGCCGATCACGACCTGGGTGGTGTCCAGCAGCGGCAGGGCCAGCACGATCAGCGGCACGAGCAGACTGGCCCCGGCACTGAATTTCAGGGTGCCCAGCAGGCTCACGGCGGCCAGCGTGTACCCGAACAGGGTGCTGCCCGCGTCGCCCATGATGATCCGGCTGGGGTTGAAGTTGTGCCGCAGGTACCCCAGGGCCGCGCCGGACAGGCCGGCGAGCAGGATCACGGCGGCCGCGCGGTCCGGGAACTGCGCGGCGGTGGCCAGCAGCACGAAGCTCGCCACGAACGCCACGCCGCCCACCACGCCGTCCACGCCGTCGAGCAGATTCACGGCGTTCGTGAGGGCCAGCACCCACACGATGGTCATCAGGGTTCCCAGGACCGTGCTGAGCGGTTCGGGCACGACCGGCAGGAACGGAATGGCGTTGAAGTCGATGCGCAGGTCGTTGACCAGCAGCAGCACGGCCGCCAGGGTCTGCACCAGCAGGCGCGACAGCGGCGTCAGGCCGTACTGATCGTCAATGAAGCCCACCAGTACCAGCATGGACGCGCCCAGCAGAATGGCCAGCACCTGAATGTTCACGATGTCCACCGCGATGGGCCGCAGCGCCCACGCGACGATGATGCTCACCAGGAACCCGCCGTAGATGGCCAGCCCCCCGGCGTTGGGCAGCGGTTCCTTGTTCAGGCGGCGTTCATTGGGCTGATCGGCCCAGCCGACCCGGATGGCGAACTCCCGCAGGCGCGGAATGAACGCCCACGTGAACATCCACGCAGTGAAGAACGTGACCAGCACGCTGAGAAAGCCTCGCCCGGATGGACTGGCAATACCGAATTGAGAAGCAAGTGCCTGCAAAGAATCCATAAAGGCCCCGATTGTAGATGACGGCCGGGCGGCGGCCCGGTCACGGTTCCGGTCAGGCGCAGACGAACACCGGTGGAAGCTCCGTTGAAAGGCGAACGCAGCGCGCCGGGTCTGCACGGACCGGAGACAGAGGGCGAAGAGGCCGGGGAAGCCGGCGGGACCGGGCGGACAGGCTCAGCCTGACCGGGGCGAACCGGGCGTTCAACCTCCTTTGGGATGACCGGTCTGGCCTGACCCGGCCGGCCTGACGGTCTGGGGCTTACTTGGTGCCGTAGATGCGGTCGCCCGCGTCACCCAGGCCCGGCACGATGTACCCGTGGTCGTTCAGGTGCGTGTCCACGGCGGCCACGACGATCTCCACGTCCGGGTGCTCGCGTTCGATCACGGCGATCCCCTCGGGCGCGGCCAGGATGCACATCAGTTTGATGCTGGTCGCGCCGGCCTCCTTCAGGCGTTCGATGGCGGCCACGGCGCTGCCGCCCGTGGCGAGCATGGGGTCGGTCAGGAACACGCGGCGCTCGGCGATATCCGTGGGCAGCTTGTTGTAGTACGCGACCGGCTGGAGGGTCTGCGGGTCCCGGTACAGGCCGATGTGCCCGACCTTGGCGGCCGGGACGAGCTGCACGATCGCGTCGGTCATGATCAGCCCGGCGCGCAGAATGGCGACCAGCGCCAGTTTCTTGCCGCTCAGCATGGGGAACTCGGCCTGCGTAATGGGCGTCTGCACGGTCTCCTGCACGGTTTCCAGGTCGCGCATGGCCTCGTAGGCCAGCAGCAGGCTGACCTCGCCGGCCAGTTCCCGGAACTCCTTCACGCCAGTATGGACGTCACGCATGACCGAGAGCTTGTGCTGAACCAGTGGGTGGGTAACGACAGTAACCATGCCGCCCACGATACCGGCTCCGGGCGCCCTTCAGGCCGGATACCGGTCAGGCGGGACCGCGCCGGTCAGTCCAGCACCGGTTCAGGGCAGGGCGGGTTCAGGGCAGGGCGGGTTCAGGGCAGCGCAGGCAGGCGGGCCAGGGCGTGGTGGGCGCGCGGGACCTTCTCGGCGCGCTGGCCCTCGAACTCGTACGGTTCGTTCATCAGCAGCCAGTACAGGTCGTGCAGGGCCGTCATGGCCAGGTACGCGCGGTAACGGGTCAGGGTGGCGGGCGCGTGGTCCGGCAGGAATTCCAGGGCCAGGCGCAGGCTCTGGTCGGGGGGCAGCAGGTCCAGCGTGCCGGTCTTCAGCAGGGCCAGGTCACGCAGCGGGTCGTCCCAGGCGCTCTTGGTCCAGTCGATCACCAGCAGGCGTTCGGGGGCGGGCGGGTCGGTGATCAGGATGTTGTCCTGCCACAGGTCCAGGTGGCAGAACGACGCCGGCTGGTCCAGCAGGCCGCGTTCCAGCGGAATCTCGACCGCGTCGAACAGATCTTCGAGCGGGTAGGCGGCCAGGGCGCTGCGGAAGCGTTGCAGGCGCTCGCGCACGCGGCGCAGGTCCACGCGGCCGCGCTGCTCGCGGTGCAGTTCGCTCAGCACGCCGCGCAGGGCGGGCACGGCGCGCGTCACGTCTGCGGGGCGCAGCGGGTGGCCAGGAAAGCGTTTCATGACCAGTGCCTCGACCCCGTCGGCTTCCAGTGCGTCGATCACCCAGTCGCCCAGACCGGCGCGGCGCAGGTTGTCGGCCTCGGTGCAGTGGTCACCCTGGTGGTTGCGGTACACCTTCACGATCACGTCGTCCGGCGTGACGTACACGCGGCTCTGCATGCCGGCGTCCATGGGGCTCAGGATCCCGAAGCGGGCCTCGAGAACCGGGAAGCGCGGGGCGGGTTCCTCGCCGGGGTGGGCGCGCCTGGGGGTCAAAGGGCGCTCCGGGCGCCGGGGGCTTGCGCGCGCGGCGTGATCACCGGGACAGTTTCTCCAGCAGGCCCACCAGTCGGGCGTCCAGGGCCTTGCCGGCGTGTGGTTTCAGGCGTTCCACGTCGCCCATCCGCACGAACGCGTTCGCAACGGCCAGGATGCGGGCGTACAGCGGAATGTCCTCGCCGGCCAGCTTGTCGGGTTCGCCCTGACCGTCCCAGCGTTCATGGTGGTGGCG
NZ_CP115165.1_gap93	2768684	2772131	3447	CCCAGCAGCGGCGAGAAAGTTCAGAGCGCCAAGAACGAGCACGCCGCCCGCGAGATCGTTGCCGCGCGCGCCAGTGACCGCCGTGACGCCGAGAACGCCCGCGTGCAGCGCCGCCTGACCCTGGAAGAAATGATGGGGCCGCTCGGCAGCGTGCGCACCGTGAACCTGATCCTGCGCGCCGACACGCAGGGCAGCGTCGAGGCGATCCAGGGCATCCTGGCCCGCAAGGAAAGCGACGACGTCAAGATCAACGTGATGCTCGCCGGCATCGGCGCGCCCACCGAGGGTGACGTGCTGCTGGCCAGCACCGCCGAGGCGACCATCCTGTGCTTCAGCGTGACCGCCTCGGGTGGCGTGAAGAAGGTCGCGGACGGCAAGGACGTGGACATCAAGTCCTTCCGGATCATCTACGAACTCATCGACGAGGTCGACCGCCTGATCAAGGGCAACGTCGAACCCGTGTTCGAGGAGAAGTACCTGGGCCGCGCCGAGGTCCGCATGCTGATCAAGCACCCCAAGAGCGGCACCATCGCCGGTTCGTACGTCACGGACGGCAGCCTGAAACGCAACGCGAAAGCCAAGGTCACGCGCGGCAAGCAGGTCGTGTACGAGGGCACCATCGTGGGCCTCAAGCGCTTCAAGGACGACGTCCGCGAAGTGCAGACCGGCTATGAGTGCGGAATCAACGTGGACTGGAACGACGTGATGGAAGGCGACATCATCGAAGCCAGCGAAATGGTGGAAGTCGAGCAGAACTAAACTTCACCGTAAGGGCCGGAACCTCCGCGTGGGGTTCCGGCTTTTTCGTGGCGGCGGTCACTTGTTGGCGGCGGGCGTGACGAACAGTCGCCAGTGGTCGTCACGCAGGCGGGTGTCGCGGGCGGGCGCGGGTTCCAGGGTGAGGGTGAAAAGAACGCCGTTCTCCTGGCCGGTCAGGGTGAGCTGTGAGTCCCGCCGCGTCCAGCGCAGGCGCTGCGGGGAGCCGTGGACCGGGGTCAGGGTGAGGGTCTGACCGCTGCCCTCATAGCGTCCGGCTCCTGTGGCGGGGTCATTCGGGCAGTTCATCCACTCGATGCGGTACAGCGGCGCAAGGCTGGTGCGGTAGGCATCCAGGGCCAGGGTGCGCCAGCGGCAGTCGTTCGCGATATCGGGGGCAGGTCGGGTGTCGGCGGTGACGCGGTACACGCCCGCGAGGTCGTGGGGAACGGGCCGGGGGGACCATTTCTGCACGTAGTCCAGGGTGGTCAGGAGGGGCGCACAGGTGACGTACCCCGCGACTGCCAGCCGCGCGAGTGCCCGCAGCGGGCGGGGGCCGGGCAGTCCCGTCGGGGCAGGCAGGGGCCGGGTGGGTTCGTTCCGCAGGGCGCGCCAGAGGTTCGGCAGGTGAGGCCACAGGATCGCCACGGCGAGCAGCAGCAGGTTGGCGGCCCCGAGCTTCACGAACACGTTGAAGCTCAGGTTCAGCAGCAGCACGAAGCTCAGGACCGGAACGGCCAGCAGCGCCCCGGCGAGCGCCGTGCGGCGGTGCAGCAGCAGGAACGCGGGCAGCACTTCCAGCGCGCCGCCCACGAACTGGAACAGCGGCGAGGCCCCGACGGTGCGCCACAGCAGGCTCATGTGGTTCATCTGCCCGAAGCGGGTCAGGAGGTCGCTGTGGTCCGGCTGGGGCATCTGGAGCAGGAACACCTTCTGCCATCCGTAGCTGAACAGGATATATGCCAGGTACAGCCGCACCGCGCGCATGACCCAGGGGGCGGCGCGGGCCGTCCAGCCCCGGTCACCCTCGGCGCGGCCCCAGGCGAACGCGACGATCAGGGCCAGTCCCGCGTTCAGGCCGAACAGGATGAACGCGCTGGGCGGCTCGTCCGTCAGGGGCGGCCCGGTCTCGCCCGCCAGCCGCCGCGCCAGGGGCGTCAGGGTCACGCCATACCAGTTCAGGAAGATCAGCAGCAACCAGCACGCCAGCCAGCGAACACCCAGTCCGGACGGGACGCGGGCGGTCTTGAGGGTAAAGGCAGTCACCCTGCCGATTGTGCCTGCCAGCTGACGGCGTGGGCGCCTCACATGACCAACCCCCCGCCACGGGGACGGGGGGCTTCTGGGGGGTCAGGGTGTGGGGTTCAGGTGCCGCTGGTGGTGTCGCTGGCGGCGGCGCCGCCCTGGTCGGTGCTGCCCTGATCCGCGCTGCCGGCCGGAGCGCCGGGCTGCTGACCGCGCGGGCCACGCTGACCGTCGCCGTCGCGGGGGCCGCTCGCGTCACGGGGTCCATGGTCGCCGCGGCCGCCGGGGCCACGTCCGCCGAACGCGAAGGGGTTCTCAGCGAGGTGCGTTTTCATCTCGGCGGCCCGGTCGGCGGGGATGTCCCCGGCCTTCACGGCGGCGTCGATGGTGGTCGTTCCGGCCTTCAGAGCGGCTGCCTTGAGCTTGTCGGGGGTGGTGTTCAGCTGCGCGGCGAGGTTCTTGAGGAAGGTGTCGGTGTAGTTGGTGCCGCTGCGGGCGGCGCGGTCCTGCTGGCCCTGTGTCTGGCCGTTCTGCGTCTGGCCGGGCTGGGTCTGGCCGGGCTGGGTCTGGCCGGGCTGGGCGGGTTTCACGCGCTGCGGGGCCTGGGCGGTGATGTCGGTGCCAGTGGTGTCGGCGGCGGTGCTGGCGCTGCCCTGCTGGGCGAACACGAGGCCCACGGTCAGGGGCAGGGCGGCCAGGGCGATCAGGGGCAGGCGGTTCAGTTGGTTCTTCATGGGGTCACGCTCCGTACTGGTTGGGTGGGGGTCCGGGGTGCGGCGCGGGCCGTTCATGACGCGGCGGGCGCGGCGGGGCCGGACGGGTGGATGGGGGTTGGGGTGCGGCGCGTGGCCTGCTCCGGAGCTCGGCCACACCGGCAGTCTGCCCGGCACGTGTTAAGAGGCGGCTAACGGCCAGGGCCAGAGCCAGGACTGAGGGCTGGGGCTGGGGGATGGGGCGCGCATGGTGTGCGGGTGGGAACGGGACGGGGCGCGGGTCTGGTATGCTGCGGCGCTTTGAATCGTCTGCTTTCTTCCGTCCGTGCGTGGCAGGTGTACCTGCATGCGTGGCCTGGGGTGCTGACGCTGATGTCGCTGCTGGCCGTGCTGCTGGGTACGCCGGTGCCTGCGCCGGATGTGGGGGCGCGCATGTCGGCGGGCCGGGTCACGCCGGCACTGCCGGAAGCACGGCCAGCTCCGTCGCCACCGGCGCCGGTCCCGCTGGCCTCGGCGCCGCCGCCGGAACCATACCGGCTCCCCGCGCCGCGCCTGCTGGCCCTGGTGCGCCCGTGGGTGTGGACCGCGCCGCTGCGCCGCGTGGACCTGAGCGTGCTGGGGCGGCGGCAGTCGGACGGCGGCTGACCGGACAGCGACTGGACCGCCGCTGCCTGCGCCGCCTGGACCCGCCCTGAATCATACGGATTCCGTCTGTTTCGTTAACAACCCGGGA
NZ_CP115165.1_gap94	2822258	2825515	3257	TCAGCTCGGGCCTGCTGGACTACCCGGAATTCACCCGCCCGCCCGAATGGCAGGGCCACAGCGTGCCGGACGTGCTGCGCGGCGGAAATCACGGCGCGGTGGCCACGTGGCGACGCGAGCAGGCCCTGGCACGCACCCTGGCCCGCCGCCCGGACCTGCTGCGCAGCGCCCCCCTGACGCCTGCCGACACCGCGACCCTGAGCAGCCTGGGCGCCACGCCAGAGCAACTGAGTGACTGGGGCGCGCCCCCTGACCCCCCGCCCAGACGCCAGAAACGCCGCCGCACGCCGCCGTCCGTACCCGACGCCAGCGACACCTGACCACCGGCCCGTCCTACCTGGGCTGGTGGGGCGGCGCTCCCCGGTCCGCGCAACCGCACCGGGCTGCCGCACGCGTACACCCGCGACCTGTACATCTTCACACACGGGTTCTGTGGGTTTGACCCATGTTGCCGGGCGCGGTTGGGCGCACGATACGCGGGTATGCGCGTTCCGCTGTTTCCCCTGCCGCAACTGGTGCTGTTCCCAGGTGTGATCCTTCCACTGTACGTGTTCGAGCCCCGTTACCGTGAACTGCTGGCCGATGTGCAGGCCACCGGCGAACCGTTCGGGATCGTGCGGATCGTGCAGTCCTCCGAAACGTCCGGTCTTCCCTTTCACGAGCGGGTCTCCAGGGTCGGGACGCTCGCACACGTCCGGCAGGCCAGCCTGCACGAGGACGGCACCAGCACGGTCGCCGTGGTGGGCGGCGAGCGGTTCCGGATAGACGGCTTTCACCTGGACCGCCCGTACCTTTCGGCCGACGTGACCCTCTGGCCTCTGGAACCCGATCCTCTGCCGGAGGAAGTCGTCTCGGCCACGGCGGCGCAACTGCTGGCCGCGCTGCTGCGCCTGCGCCCAGGCGACGCCGGGTCGGTCCGCGAGGCCGCGCCGGACGACCCCCTGCTGCTGGCCAGCTTTGCCGCCACGCTGCTGCCCACCACGCCCGAACAGCGCGAGGACGCCCTGCACGCCGCGACCGTGCTGGAACGCCTGGAACTGCTGCTGGGACTGGTGCCCGCCGAAGCCAAACTGCTGAACTGACCAGCCACAGAAACAGCCCGGCCGGAGCGAATCTTCCGGCTGGGCTGTCGTTGTGCTGTCGTCGTTACGAGGCGGGCGTTACAGCACGTCGTCGGCGCTGCCGCGTTTGCGGACGTTGTTGCGGGTCTTGCGCCAGCGCAGGGCGCGGACGATGGCGGGCGCGGCGGCGTTCAGGTTCAGGTCGTAGGCGGGATACCAGACGCGCTGCTCGCTGAACTTGAGTTTCATCTTGAACACCCCGTACGAGTGCTTGCTTTCATCCAGGACGCGCGGAATGCCCCAGAAGTCGAACAGTTCGTAGCCGTGGCGTTTGGCGTCCAGCATGGCGCTCCAGTAGAAGGCGTCGGGCGCCTTGGCGTCTTTCAGGGGCTTGCCGTTCTCGTCCACGCGGTCGTCGCGGACGCTGCCACCGAACAGGTAGTACGTACCCTTGCCCATGCTGACGAAGAACCCGCCGGCCAGCGCGCGGCCCTGGTAGCGGGACAGCACGATGTACGCCTCGCCGCCGTGCGCGTTGCACTCGCGCAGCATGGTCTCGTAGTACTCGCGGGGGTAGGCGCCCAGTTTGGCGCGTTCGTTGGTGGCGGTGAAGATCTCCCAGAACGCGTCGAAGTCGTCGTCGCGGCCGGCGATCACGCCGAGTTTCTCGGCGGTGCGGATGTTGCGGCGGGCCATGCTGGACAGCGCCCCGAAGATCTCCTGCTCGGTGCGGCTCAGGTCGGCGACGATGGTGTGTTCCGGCTGCTCGGTCTCGGCCCGCTGGAAGGGACCGTACGAGTCGGGCAGCGCGTCGTCCTGGGCGGCCGGCGGCGTGGCCGCCTCTTCGGTGCCGGTCGCCTCGGCCGCTGCGGGCTGATCCACGGGCGCACTGTCACTGGCCGGGAAGGGCACGGGCGGCTCGATTTTCAGCAGGGCGTCGGTGGGCCGCGCCACGCGCCTGACGGCCTCCGCGAAGGCGGGCAGCAGATCCAGGCTTTCCAGCGCCGGGCCGCGCGGGGCGTACAGGGTGCTGAAGCCCGGCACGAGGCGCTTACGCAGCAGTTGCACCGCCCCGACCGTCCGGTCCCCCTGCATGATCAGGTACCGCGTGGGAGTCTGACCCAGCGTTCGCCGCGCCTCGCCGTACCCCCACCCCTGCAGGGCGCTGGTGATGGGCATGCGGCTCACGGCGTCGTCGTACGCGCGTGGATCGGTGGTTTCTACTAGGGTCAGGCGCACGGGGGGGATTGTAGCAGGCACGCCGGGACGCGGGGCGCGTCACAGGAGACTGTCATGGACTGGCGCGCGGGGCACGCTACAGTATCAGGCGTGAAACAACTGCTCCTGACCGCAGCGCTGCTGAGCGGCGCCGCCTTCCTGACGAACGCCAGCGCCCAGACCACCCCGGCCCCGGCGCCCACTGCCCCGGCGCCCAGCACGGCCGCCCCCGCCCCTGCGGCTCCGGCCGCCGCGCAGGACCCCGCCACGCTGGTGGGCCGCGTGGGCAAGGAAAACCTGACGCTGGGCGAGTTCGAGCGGGCCTTCCGGCTCGCGGCGGCGCGCGTGGTGAACTCGCAGGGCGTGCCCTTCGAGGACTCCTACCTGAGCGAGTTCGCCGCGGCCCGCCCGGACTTCCTGAAGCAGTTCGTGCGGGACCGCGCCGTGTACCAGCTGGCCCGCGCCCGCCAGCAGGCCGACCCGGCCGAGGTGGACAAGCAGGTCGCGGACGCCCGCTCGGGCTTCGAGACGGACGAGGAGTTCACCCAGGCCCTGAACGCCACCGGGTACACCGACACGGCCGACCTGCGCCGCGAACTGGAACGCCAGCTGATCGTGGGCGCGTACCTGAACAGCGTGCAGGAACGCTTCACGTTCGGTGACGCGCTGGTCGCCGGGTACTACAACCTGCACCGCGCGGACTTCGCCCGGGAACAGGAAGCCTGCGTGAAACACATCCTGGTGCCCACCCAGACCGAGGCGCAGGCCATCACGAAGGACCTGGCGGGCGGCGCGGACTTCGCGAAGATCGCCGCCGCGAAAAGCCAGGACCCGGGCAGCGCCGCGCAGGGCGGCGACCTGGGCTGCTTCGGCCCCGGCCAGATGGTCGAGACGTTCGACACGGCCAGCTTCAGGGGCCCCGTGAACGCCGTTCAGACCGTGCAGTCGCAGTTCGGGTGGCACGTACTGATCGTCACG
NZ_CP115165.1_gap95	2874605	2879014	4409	GCCGATGACGCGGCTGGCGCCCAGACCCAGCAGGTACGCTTCCTCCTGCGGACGGCCGGTGCTGGCGACCACGGTGTGACCGGCGGCGGCCAGCAGGGCCACGGCGGTGCTGCCCACGCCGCCCGCCGCGCCGGTCACGAGGACCTCGCCGTCGCCGGGGGTCACGCCGTGCTCCTCGAGGGCCATGACGGCCAGCATGGCGGTGAAGCCGGCTGTGCCGACGCTCATGGCCCAGTGGGCGTCCGTTCCGGCGGGCTGCGCGACCAGCCAGTCGGCGTTCGCGCGGGCCAGGGTGGCGTACCCGCCGTCCTGCCGCTCGCCGATGCCCCAGCCGGTCAGGATCACGCTCTGCCCCGCCTGCCAGCGGCCCGTGCGGTCCTCCAGGACCGTGCCCGCCAGGTCGATGCCGGGCGTCATGGGGTAAGAGCGCAGCACGCCGGGCTGCCCGGAGACCGCCAGTCCGTCTTTGTAGTTCAGGCTGGAGTGCGTGACCTGCACGGTCACGTCGCCGTCCGGCAGGTCGGTGGTGGGGAGGGTCTGAAGGCTGGCCTGGATGCCGGCCTCGGTCTTCTCGACGCGCAGGGCGCGGTAGGTGACTGGCAGGGTGCTGGTCGGGACGTGCTGGGTCATGGGGAAACCTCCGGAAGGGGGCGGGGAGTAAGGCGGGCGGGGCGCGCAAGCCGGGCCGCTGAAACTGCGTGTGTGGTCCGCTCCAGCGTAGCGCGCCGGGCCTGGGTGCGCCGCGCGTTACCGTCCGGCGGACACTGCCGGGGGAGCGGCGCGGGCGTGCCGGGCGGGGAGGGTGTGTTACACTCCGCACTGCTATGGAGCCTCCCAGTTCTGGCTCTTCCCACGCGCCCGGTGAATTCCGCCTGAGGGCGGCTTTTTGCTATGGGCTTACCACTACTACCGGACACCGACGCACCACCCCCAGCGGGCGTGGGCGGGCAGCTTGTGCCTCGCGGATGACCGGGACGCGAAACTTGGAGCGCGTCCATTCATGAATGACCTTCTCGGTATTCTCGCCCTGTTCGTCCTCGTGCTGATGAACGGCTTTTTCGTCGCGGCCGAGTTCGCGCTGGTCAGCGTGCGCCGCACCCGCATCGATCAGCTGGCCGACGAGGGCAACGCCCGCGCGAAAGCCACGCAGCGTGCCCTTCAGAACCTCGACCTGTACATTGCCGCGACGCAGCTGGGCATCACCATGGCCAGCCTCGCCATCGGGTTCGTGGCCGAACCGGCCATCGAGCACCTGCTGCACCCGCTGTTCGGCGAGGGACGGTTCACGGAAGCGCAGATCACGGCCATCTCATTCGGCGTGGCGTTCGCGATCAGCACCATCCTGCACATCGTGTTCGGGGAACTCGCCCCGAAAAGCTGGGCCTTGCAGCGCAGCGAGCAGGTCAGTCTGGTCATCATCCGGCCCCTGCTGATCTTCACGGCCGTGTTCCGCTACGCCATCAAGGGCCTGAACGCCCTGGGGAACGGCGTGGTGCGCCTGTTCGGGCTGCGCGGCGTGGCCGGGCATCACACGGCGTACTCGGAAGAGGAAATCCGCATGATCGTCAGCGCCTCCAGTCAGGAAGGTGTGCTGGAAGACAGCGAGAAGGAACTCGTGTACAACGTGTTCGACCTGTCCGACACCACCACCCGCGAGGTCATGACGCCCCGCATGGACATGATCGTGGTCGACGGGGCCTCGCCGCTGCGCCGCCTGCTGGAAGTGAACACCGAGCACGGGTACTCGCGCGTGCCGGTCTACCAGGACAACGCGGACAACATCGTGGGCATCGCGCACACCGGCGACATGCTCCGGCACCTCGACGAACTGGACCACACCGTCATCGCGGACATCATGCGCCCCGTGTACTTCGTGCCCGAAGGCATGAAGATCAAGGACCTGCTCGCCAAGATGCGCGACAAGAAAAGCCACATGAGCATCGTCGTGGACGAGTTCGGCGGCACGACCGGCCTCGTCACGCTGGAAGACGCCCTCGAAGAGATCGTCGGTGAAATCTACGACGAGACCGACGACGACGAACTGCCCATGATCGAGGTGATCAGCGAGGGCGTGTACCTGATGGACGCCAGCCTGACCGTCGGCGAGGTCGAGGAGCACCTGGGCAGCAACCTCGAAGACGGCGAGGGAGAATTCGACACCCTCAGTGGCTTCATGACCAACCACTTCGGAGACATTCCCGCGACCGGCCAGAGCTTCGTGCATGAAGGCTGGGCCTTTACCGTCGAGGACGCCGATCAGCGCCGCGTCACCCGCGTCCGCGTGGAACGCGCCCCCCACCACGACCCCCTGGACCCCGAGGAAGAACCCCATGAGTAACCCCCACCAGATGCCCAGCCCTAGCAACGCCCTGAACCTCACCCCCGACCCGCAACTGCTGGAGGGCGCCAGGGCCGCGTTCAAGCAGGCGTACGCGCCTTACAGCCGCTTTCATGTGGGCGCGGCCCTGCGCACCACCGACGGGCAGGTGTACTTCGGCGCGAACGTCGAGAATGCCAGCTACGGCCTGGGCCGCTGCGCCGAACAGAGCGCCGTGCAGGCCATGGCGACCGCCGGGCGGCGCGATTTCGCCGACATCGTCGTGTACTCGGAAGCCACGCCGCCCGCCAGTCCCTGCGGCGCGTGCCGTCAGGTGCTGTTCGAATTCGCGCCGGACGCCCGCGTGGTGTGCGTGAACCAGCACGGCGACATCATCAGTGGCTACGTCAAGGACTTCCTACCGCACGGTTTCCGACTGGAGCAACGCGACGACGGGCACGCCGTCGGCACCGAGTAACCCGCTGCACCCGGCAGGGGCCTCGCCGCACCACGCGGGCGAGGCCTCTGCTGTTGCTGGCGCGCCCTTCAGGGAGCAATGTCGCTTGAACGGCTGCGGGCGGCCCCCTACACTGCGGGCGTTCCAATCGAAATCGAAGTCGCTGTTGCCAGGGTACCGGTTCGCCGGGACGTTCGCGTGCAGGTACGTGACCTGCGGGGGTAGGCCATGAAGAAAGGACTGATGCGGCTGTTGCTGGTGGGCGTGGTTGGCATGGGCATGGGTGGGCTGTCGGCGGGCGCAGCCGGGTCAGGGAGCGCCGTGTTGGGGGGCACCGTGACTCCCATGACCGACAGTTTCTGGACGGAGTGGCACGTCATCGCCACGACACGGTCGTGGGAAGGTCGCCTGTCGTGCCGCTGGCAGCGGGAGTACGTGCAGTTCAGTCCGCAGACCGGGGATTACTCGGTGGTACGGACACAGACGACGATCACGCGCGGCGAGCCCTGCCCGTCGCCCTGAGCGGCACCGTGATCTGACAGGCACCGTGTTCTGACGGGCAGGGAACGCCTGAGGGGGAGAAACCGGTGATCGGCTCTCCCCCTTCTGGGCGGTCATGGCGCAGCGCGCACGCTGCGGTGGGTGGTCAGGCGTTCAGTCGTGCGCTCCGGCGAGTTCCTTGCCGAACTGCTGCGCTTCGGTGCTGCCAGCCAGGGCGGTGGTGCTGCTCTGCCCGCCGCCGGCGGCCTGGGCGACCAGGTCGAAGTACCCGGTGCCGACCTCGCGCTGGTGCTTGACGGCGGTGAAACCGCGTTCCTGGGCAGCGAATTCGCGTTCCTGGAGTTCCACGAAGGCGGTCATCTGGTTGCGGGCGTAGCCGTAGGCGAGGTCGAACATGCTCATGTTCAGGCTGTGGAAGCCGGCCAGGGTGATGAACTGGAACTTGTAGCCCATCTTGCCCAGTTCGACCTGGTACTTGGCGATGGTCTCGTCGTCAAGGTTTTTCTTCCAGTTGAAGCTGGGGCTGCAGTTGTAGGCCAGCAGCTTGCCGGGGAACTTCTCGTGGACGGCCTCGGCGAACCGGCGGGCGTCTTCGAGGTTGGGCACGCTGGTCTCGCACCAGATCACGTCGGCGTAGGGGGCGTAGGCCAGGGCGCGGCTGATGGCCTGCTCGATGCCGGGGTTGACGTAGTAGAAGCCTTCGGGGGTGCGTTCGCCGGTGCAGAAGGGGCGGTCGTTGTCGTCGATGTCGCTGGTGAGCAGGTTGGCGGCGTCGGCGTCGGTGCGGGCGATCAGGACGGTGGGCACGCCGCTGACGTCGGCGGCGAGGCGCGCGGCGTTCAGGGTGCGGATGAACTGGCTGGTAGGCACGAGGACCTTGCCGCCCAGGTGACCGCATTTCTTCTCGCTGGCCAGCTGGTCCTCGAAGTGCACGCCGGCGGCGCCCGCCTCGATCATGGCTTTCATCAGTTCGAAGGCGTTCAGGGGGCCGCCGAATCCGGCCTCGGCGTCGGCGATGATGGGCGCGAAGTAATCGACGTCGTTCTTGCCTTCGCTGTGCTGGATCTGGTCGGCGCGGCGCAGGGTGTTGTTGATGCGCTTGACGACGTCCGGCACGCTGGAGGCGGGGTACAG
NZ_CP115165.1_gap96	2894178	2895863	1685	CAGTCGAGGAGTTTCGTGAGGGCGGTGTCGCCGATGCCGCGCCGGGGCCGCCCGATGATGCGGCGCAGGGCCACGTCGTCACTGGGGTTGATGGAGAGGCGGGCGTACGCGAGGATGTCGCGGATTTCCCGCCGGTCGTAGAAGCCCACACCGCCCACGATCTTCGCGGGGATCTGCACGCGGCGCAGGCTCTCCTCGATCACGCGGGACTGCGCGTTCGTGCGGTACAGCACGGCCATGTCCGTCAGCGGAAGGCCTTCCCGGGCGTGCAGGCGCGTGATCCACTCGGACACGAAGTCTCCCTCGGCGCGGTGGTCGGTGGCGCGGTGGAACACGACGGGCGGCCCGTCCTCCTTGACGGCTTTCAGGGTCTTGTCGAGGCGTTCGGCGTTGTTCTCGATCAGCCGGTTGGCAATGCCGAGCACGCGGGCGCTGCTGCGGTAGTTGTGCTCCAGCATGTAGACCTTCGCGTCGGCGTAGTCCTTCTGGAAATCGAGGATATTTTGTATGTCCGCGCCACGGAACTTGTAGATGCTGTTGTGGACGAGCAGGCCGCCCGCGAGGTACGTGTGGGTGGGGGTGACGGTCAGGTCGTACACGGGGCCGTCGTAGTGTTCCTGCGTGACCTGCGTGACGGCTGTTTCCTGGAGGCCGTGTGGGGTATCGGCCAGCAGGAGCATGCCGGGGTGCAGGTGTGACAGGGGCGTGAAGGCGTACATGGCACCGCCGATGTGGGCTTTGCGTTGCAGTTCCAGGCCGCCGTCCTGCGCGATCTGGCGGGCCTCGGCCAGGGCCTGTGGGTAGTCCTTGCGGCTGAGTTCGAGGCGGTAGCCGCCGCGTCCGTTCGTGCGGACGGGATGCCCGGCGTCCGTGAGTTTCGCGGCGATGTCGGCGCGGTTGCTGCTCCACTGGATGCGGTGGTAGCCGACGCTGCCGTGCCGGTGGTCCTGGAACATGATGAGGTTCAAGCTCTGGCGGCGCACGCCGTTCTGCGGGCGGTGGTGCGGGAAGTCCGGGTGCAGGTGCAGGTCCGTCATCAGGCGGCGGGCGGCAGCGGGCGTGTCGATCTCGCGGAACAGGCGTTGCAGGTGATCGTCGCCCATGGCGAGGTTCCGGCCGACGCCGTGGAACAGCGCGGTGGGCAGGCCGTAGCGGGCGGCGTACAGCGCTTCCCAGTACGCGGCGTCGGCGCGGGTGTCGCAGACGCGCAGGACCCAGACCTTGTCTCCGTTTTCCTGGTTCAGGCGGACGCGGTAGCCGTAGTCGGTCTGCCCCTCGCTGTTCTGCCTCGCGCCGACAGTCAGACCCACGCGGTAGCCGCGGTCCTCGCGGTACATCAGGTACACGTACCACTGTCCCTGCATGGGCTGGTGCCGCGCGAGGACGATGTGGTGCGGCGTGCCGCGCAGCGTGTGCGCCTCAGTCTGCACGTTCCAGAGTGGTCCGCTGGAGTGACCGCGTTTGACGTGCGTGACCTGCGCGGGCAGGCGCGTGCCGGACGCGCCGACGCCGCACACGGTCTCTCCTTCTGCGATGGTTTCGATGGGGCGCGGTCCCTGTGGCGTGCCGATCAGGGTGCCGGGCGGCAGGCACTGGTCGGGGTCTCCGACGACCAGCAGGTTGCGGTCCCTGGAGGCGAGCAGGCGGGTCAGTTCGTACTGGGCTTTGTTGGTGTCCTGGTACTC
NZ_CP115165.1_gap97	2908820	2913669	4849	CGCAGCGCGGTCTTGCCCTGGATCTTCTCGACCTCGTAGCCGGGCGTGCCGGCGCGGACGATGAAGCCGCGCACTTCCTGGGTGTCCACGTCGCGGGCCCAGATGACCGTGAAGTCGCTGAAGGGGCTGTTCCCGATCCATTTCTTCTGGCCGCGCAGGGTCCAGCTGTCGCCGTCGCGTTTGCAGGTGGTGCGCATGCCCTGGCTGACCTGCGAGCCGCCCTCGGGTTCGGTCAGCCCGAACGCGCCGATCGCCTCCATGTCCAGCATCTTGGGCAGCCACTCGGCCTTCTGCGCGTCGTTACCGCCCAGCGCGATGGACGCGAAGGCCAGTCCGGCGTGCACGCCGAAGAACACGGCGGTACTCACGTCCACCTTGCAGGCTTCCATGGTGAACAGGCCTTCCATGACGGTGGCGTCGGGGGTGCGGCTGCCGTCCTCGTTCCAGATGCGGCGCATGAAGTCGTGCTTTTTCAGTTCCGGGATCAGGTGGCGGGGGAACTCGTCGCGGTTCCAGTACTCGTTCATGATGGGCGAGACGTGCGTGTGCATGAAGCCCCTGACCTCACCGGCGAAGTCGCGCTGCACCTGGGTCAGGGTGTCCATCTGCCCAAAGAAATCGGCGTTCGGGGTGGGCAGGCTGGGGGCCTTCTCGGGCGTGGCGCTCATCAGGCGGGTCAGCCCCTTGAGCTGCGCGTCGCTCATGCCGGCGGCGGCCTTCACGAGGGCACCCAGGTCGAGTCGTTGGTTCAGGCGGGCGAGCGCTTCGAGGTCCAGCCCGGCCAGCAGCGCCTGGGCGTCCACGTTGGGAGTGTTCATGCCCTGTGTTGTACCGCGTTCAACAATTCTCAGATTGCGTGCGCTGTCGCGCTTGCCGCCCGCATCCGTTCATGCGGTCTTCACGGTCGGAACGGCAGCCGCGCGGCCCCTGGCAGGCGCTAGCATCCGGCCATGAGCGCCCCGTCCACGCCGCGCCCCACCCGCCCCCTGCCGACCCGTCCGGCCGGGTACGCGGAACTGGCGAGGTACTCCAGCCTGGGCCGCCTGTGGTCCATGCTGGGCGGCGCGGCGCGGGCCGGGCAGCAGGTGACCCTGGTGCGCGGCGACGCGCCGGAAGTCTGCCGCCGCCGCGTGAGCGGCTACACCCTGGCGAACGCCGGCATCTTCCTGGATGAAACGCGAACCGCCCGTGACCTGGAGGACGGTTTCGCGCCGCACCCGGCGCTGCTGGCCCTGCTGAGCGGCGATCCGGTCCCGCTGCGCACGGAACTGAACGCACACTTCGAACTGCGGGTGGACTTCGTACTGGCCTTCACCGCCCGCCGGGAACTGATTGCCCGGCCGGAACTGCGGTTCGCGCCGCTGGTGCCGGGCCTGAGCAGCCTGCCGGACGACCTGACACTGGACGCCCGCCGCCTGGGCCGCGACGAACTGCACCTGCTGGTGCAACGCGCCTGCGGCCTCGCCTGATACGGACTCGGGCTCAGGGGGTCGCACAAACCGCTGGGCCCGAGCGGACTCGTAGAGCTGCCGAGCAGAGCGAGCAGGAGCGAAGCGGGTTCCGGGCGGGGTCAGCCGGGGCGGGTGCCCGCGCGGCGTTTCTCGGCGCGGACCATCTGCACGAACTTCGCGAGGCGAGGCGCGCGGTTCCAGCGTTTCCGGTCTCCGGCGACCCGCCAGATCCACTCGACGCCCAGGCGGCGCGTCCAGTCGGGCGCGAGGTCGGCGGTGCCGGCCAGCACGTCGATCACGCCGCCGCAGCCGATCATGACGGGCACGTTCATGACCTGCCGCCAGTACTGGTTGAAGGTCTCCTGCCGTCCGGCGCCCATGGCGGTCAGGACCAAGTCCGCGCCACTGTCGCGCACGAGTTCCGCCACGCGCTGATCCTCGGGCAGGTCGAAGTACCCGTGGTGAATGCCGGCCACCTGAATGCCGTAGTCACGCGCGGCGTTCTGCGCGGCGACCTCGGCCACGCCGGGCTTGGCACCCAGGAAGAACACGCGCAGATCCGCGCCGTGGCGTTTCATGAGGCCCTGCACGATGTCGAAGCCCGGCGCGCGCGGAACCTCCTGCGCGCACAGTTGCCGCGCGGCCCACACGATGCCCACGCCGTCGGCGGTGACGAGGTCCGCGACCTGCATGGCGGTCACGAAGTCCGGCTGGGTGCGTGACTGCACGATGAATTCGGGGTTCAGGGTCACGACGGTGTGCGGGGAGCGGGGGGCGCGGTAGATCCAGTCGCCCAGACGGTCCAGCGTGCCGTCCAGCGTGATGTTGTCCAGCGGCAGGTCGAACAGGGTCAGTCGCTGGGTGTGGTCTGGGTTGGTCATGCTGTCGCGGATTGTAGAGCAGTTGGGCCTGGGGGGCAGTTGGGCCTGAGGGGGCGCCCGCTCGCCCCGGCGGGTGGAGTTGCGCGCGGGGCGCGCCGGTACGGCATACTGCTACGCATGTTGCCCGGTGCTTTCGGTGCTTTACCTGCGGACGCTCAGGCGCAGGTGGTCGCGGCGGGACGGCTGGGACGCTGGACCCGCGCCGAACTGCTGTACCACCCGGAGGACCCCGCAGAGACGCTGTACGTCATGACGCGGGGGTCCGTGCGGCTGTACCGGCTGGGGTCCGGTGCGCGTGAGGTCACGCTGGACGTGCACGGCCCCGGTTCGCTGCTGGGCGTGATGTCCCTGATTCCCGGTGAGCGCTGCGGCATGTACGCCGAGGCGATGGATGACACCGAGGCCCTGATGCTGGGCCAGGACACCCTGCACCGGGTCACGCAGGCGCACCCGGCGGTGGGCGTCGCCCTGACCGAGCAGATCACCCGGCAGACGCGCGGCGTGCAGGAACGCCTCTCGGGTCTGGTGTTCCTGGAAGTGTCGCAGCGGCTGGCACTGGCGCTGCTGAACCTCGCCGACCGCGAGGGCCCCTGGCCGGAGGGTGGGTCGCACGCGCTGCGCGACCGGGTGTCGCATCAGGACCTCGCGCACGTGGTGGGCAGCACCCGCGAGACGATCACGAAACTGCTGGGGGACTTCCGCACGCGCGGCCTGCTGGACCTCGGGTACCGCCGGATCATCCTGACCGACCGCGACGGCCTGCAACGCGCGACGCGCGAGCCGCTGCGCTGAGCGTGCTGCGGGGGTCCGTGCCCCGCACCGTCCGTCGGCTTTACTTCACAGTGTGCTGTGACAGTCAGTGTAGTGTGAGTCCCGTTGCCACCCATACCGGGTCGTCGGAAAGAACGGGCACAACGCCCTGGCGGACGCCGGGGACGGCCTGCGCCGCCACCGAGCGGCGCGAGGGCGGAAGGAAGAACAATGGCGCGGAACGCAGGAGCGGAATTCAGGAAGGGTGGCATGCAGGAGTACTTCCGCCTGCCGGCAGGGGCGCTGGAACAGGCGCGCGCAGAGACTCGCGGTGACGTGGACCGCGCCGCGCTGGCAGAGGCCCTGCGCGCGTACCACCGCGACCTGGGCACGCTGGACGCACACGCGAAGGCAGCGCTGGAACGACTGGAGCACCCGGCGTCCCGCGTGGTCGTGACCGGGCAGCAGGCGGGCGCCCTGACCGGCCCGGCGTACTCGGTGCACAAGGCGGCCGACGCGGCGCTGCTGGCCCGCCAGGAGGACCGGGAGGACGCCCCGGTGGTGGCCGTGTACTGGATTGCCAGTCAGGATCACGACGCCGCCGAGGTGGCGGGCACCACCCTGCTGGACCTCGCGGAGCGCCTGCACCGCCTGAACCTGGACGTGCCGCAGGGCCTGCCGGTCGGCCGCGTACCGTGGCGCGCGGAGTGGACGGCGCAGGTTCACGCGCTGCTGGACGCCTTCGACGCACCTGCCGCGCACGTGGCGGCCGTCCGCGCCCGCTTCGACCGGGCCGTGAGCGGTCCGGAAGGCGCCGGCAGTTACGCCGACGTGTTCGCCCGCCTGATTCACGGCCTGCTGGCCCCGGCCGGACTGCTGGTCCTGGACCCGCTGCACCCCGCCCTGGCCGCGCTGATGACCCCCACGCTGGCCCGCGAACTGGAACGCCCCCTGGCGTCCAGTGAGGCCATCGAGGCGGCCGCCGCCCGCCTGGAAGCCGACGGGTTCGTGCCGCAACTGCGCCGCCCGGCCGGGGCGACCAACCTGTTCCTGGAAGAGGACGACGGGCAGCGCCGCCTGCTGCGCTTCGACGGCCGCACCTTCCGCACCGACCACGCCGCGTACTCGCGCGCGGACCTGCTGGCGGTGCTGGCGGGCGATCCCAGCCGGATCACGCCCGCCGCTGGCCTGCGCCCGGCCGTGCAGGACGCGCTGCTGCCCACCCTGGCCTTCGTGGTCGGGCCGGGCGAGATCGCGTACGGCGCGCAGCTGCGGGACGTGTACCCGCTGCACGGGCTGGGGCAGCCGCTGCTGTGGCCACGCCTGAGCGTCACGTGGATCGAACCGAACGTGCGCCGCCTCCTGACGCGCCTGAACGCCACGGCCGCGCAGGTGCAGGCCGACCCGGAAGGCGTGCTGGGCCGCGCGCTGGCCGCCGAGCGGGGTGCGGCCGCCGCCAGCACCGAGCGACTGGCCGCGCTGGACGCCGACCTGCTCGCCCTGACCGGGGAACTCGCCGCGCTGGACCCCACCCTGCACGGCGCAGCGCAGCGCACCCGCACCCGCACCACCGCGCGCGTCGCGCACCTGCAGACGCTCGCCACGCACGCCCTGGCCCGCGCCGAGAACGACCGCAGCGGCCAGCTGACCCGCCTGAAAGCCCACCTGCTCCCGAACGGCGTGCCCCAGGAACGCGAGATGAACTTCCTGACCTTCCTGCTCAAGCACGGCGACACGCCCCTGCGCCAGCTGCTGGACCTCCCGGCC
NZ_CP115165.1_gap98	2915066	2919509	4443	CTGTTCGCACAGGTGGCAGCCGGGACGGGTGTAGAGGGTCAGGGTGGGCAGGCTCATGTGGACTGGCTCATCGGGGCAGGCTCATGGGCTCAGGTGGTCTGGAGGACTTTCGGGCGCCCCAGGATGCTCATGGCCTGCACGGGCGCGTACATGTCGCTGGAGGTCAGCAGGTCGCCCACAGCCGAGAAGGTCCGCAGCACCTGTCCGCCCTGTCGCACGGCGAAGATCTGTCCGTCCGGGCCGACCTGGATCAGCCAGGGGGCCTCGGTGGGCTCTCCGACCAGGGTTTCCATGGCGAAGGTCATGCCGGGCGTGCCGTCGGCCTCGATCTTGCGGACCTTGCGGGCCACGCTGTCCACGATGTACACCGCGCCGAACTGGTCCACGCCCAGGCCTTCCAGGGGGCGCAGGCTGTCGCTGTTGCGGTCCAGGCGGAAGGCGTAGCGGCTGATGTACTCCCCTTGCGGGCTGAAGCGCTGCACCTCGTGATTACCGGTGTCCAGGACGTAGATGTGCCCGTCGGGGGCGGCGACGATGCTGCTGGGCTTCTCGAAGCGGCCCAGGCCCTGGCCGCGCCCGCCGAAGCGGCGGATGAAGCGGCCCTGCGAGTCGAACACGACCACGTGGTGCGCCTCGGCGTCCAGCACGAACACCTGTCCCTGCGCGGCGGCAATCCCGACGGGTTGCAACAGTTCGCCCTCGTTCAGGCCGTAGGGGCCGAAACTCAGCAGTTCGGTGCCTTCCGCGTCGAGTTTACGCACGAGCGCGCCGGCCTTGCCCTGGCGGTAGTCGAGCAGCGTGACGTACAGGTTCCCTTCCGGGTCGCCGGTCATGGCGTTGGGCGTGCCGGGCAGGCCCTGCGCGCCGCCGGTCTGGTCGCGCAGACTGGCGCGCAGTTTGCCTTTCAGGTCCAGCAGGCGCAGCGTGCCGCGTTTCTCCTGCACGCTCATGGCGAGCGCGATGGGGTCATTGAAGATCTCGTCGGTCAGCACGCCGGCGTCAATGCGGGCGATCACGTCGTCCAGTGTGGGGCGCTGGGCGGGGTCTTTCTCGATCATGTTCAGGATCAGGTCGTTCAGTTTGCCCGGCACTTCCAGCCGCACCTGCTTGGGCGGTTTGGGCGTCTCGAACACCTGCTGGTGCACCACGGCCTCGTAACTGCCCTTGAAGGCGGTGTGCCCCGTGACCATCTCGTAGGCCAGCAGGCCCAGCGAGTACACGTCGCTGCGGGCGTCCACGCGGTTGCCCTTGGCCTGTTCCGGGGCCATGTAGATGGGCGTGCCGACGCGCGCACCGGTCATGGTCAGGCGGGTCAGGACTTTCCCGACGGCAATGCCGAAGTCCATGAGTTTCACGCCGCCCTCGCGCAGCACACCGTCCGTGAAGGCGTTCTTGAGGACCATCACGTTGGCGGGTTTGATGTCGCGGTGCACGACGTTCTGCATGTGAATGTGGCGCAGCGCGTCGGCCAGTGCGCGGATCAGCTGCGCGCCCTCGTGGAAGCTCAGGGTGCGGCTTTCGAGCAGGCCCTCAAGGCTGTCGCCTTCCAGGAATTCCATGGCGATGTAATGCTCGGGGTCCTGCATGCGGTAGTCGTACACGCGCACGATGTTCGGGTGGTTGAAGCGCTTGAGCACTTCCGCCTCGCGGTAGAAGCGTTTGACGAACTTGGCGTCCGCGAGGTACTTGTCCTGCGGGACCTTCAGGGCGACCACGCGGCCGTCCTGGCGGCGGCGGGCGCGGTACACGCTGCCCATCCCGCCGATCCCGACCCGGTCGAGCACCTCGTACTCCTGGAAGCGCAGGTCCGAGACGGTCTGCGTGGTGGTCGGGCGGCGTGAGGGCGGCACGGGCGTGGCGGTGCGCTGAACGCGCGTGGGTTTCTGCTGGGCGGGCAGGCGGCCGGGCCGGTCGAGGCTGGGCATCACGACCCGGCCCAGGCGGAACGCGGCGGTGACCAGCACGAACGCGGCGGCCGTCAGGACACCCTGCGTGCGGTTCAGGTTCTCCAGTTGAATGGGACCGCCGCCGGCCGTCAGGGACAGGTAGGCGAGCAGCAGGGTCATCAGGGCGGCGGCGGCGGCCCCCACGGTGCCCAGCACCCGTTCGGGCGCGCGGACCGTCAGCAGGACACCCACGATGAACAGCGGCACCAGGAGCAGCGCGATCATGCGGGCCTGGCCGGGCAGGAAGAGGGAGGCAACGGCTTCATTACACACAGTTATACAGAGCCGGGCCTTGCGCTGCACTTACAGTTCCCGACTGGCCGGCACAGTGGCTGACTGGCCGGCACACTTCCCGGCGGGCGGGTCAGGGTGAACGGCCGCGCGGTCCCGGGTGCGGAGGGCGCGGCGGGTGCGGCATACTGGGGGGCAATGGTCACTGCACAGCCGCTTCCGGTCACGCCGCGCCTCCTGGCAGCGCGCCGCTCACGGCAGGGCGGGGCCGCGTGAACTACTGGACTGAACTGACCGAACTGTTCGAGTACAAGGTCGCGGACGCGCTGGCGGGCCGGGTGCCGCGCGGCGGGCGGCGGTCGCTGGGCATGCTGCGGGAGGAACTGCTGCAGGCGCCGCTGGAGCCCACGCTGCTGCGCCGCCTGATCGAGGCGGACCGGCAGTACCGCTCGTACCAGAAAGACAGCCGCCCGCCCGAAGTGAACCCCCGCGCGTCGTTCAGCGGGCCGAGCACCTGGGCGGCCCCCGCCACCAGCGAGACGGACGAGTCGCGCGCCTGGGAGGAACTGCAACTGCTGGCGTGGCATCACCGGACCTCGCGGCTGGTGCGCGAGCAGGCGCTGCGCTGGCAGCGGGAACCCACGCTGGCGCAACTGCGTGTGCTGTTCGCGGTGACCGAGAACGCCGAGCGGGCCGCCGCGACCGCCTCGCAGCCCGTGGCAGTTCCGCCCGTGAACGATCCGCTGATGGACCTGCACGACCCGGAAGTGGTGCAGAACCTCGCGGGGGCGCTGTCGAACCTGCTGCTGACCGAACTGGGGCGCACGCGGGTCCGCACGGCCCTCTCGGCCGCGCAGAGTGAACCCTTCCCCCGGCACGCGGACGAGGACGTGCTGGCCGCGCGCATCACGGCCGCCGAGCGCGAACCGCTGGGCGCGGAAGCCCGCGAGGACCTCATCCGCGCCCTGAAAGCCGAGTACCCCATGCCCCGCGACCCGCGTGAGCGGCCCGCCATCCGCGAGGCGGCGCGGCAGGTCACCGCTTTCCTGGAACCGCTGATCACGGCAGCGCCCGCCCCGACCCTGGGGACCGTGCCGCACGGCAGCGTGCTGTACGCCCGGCACCCCGCGACCGCCATGCGCGCCCCGGACGACGGCGCGGACGTGCTGCTGATCAACCTGCGCGGCGGTCAGGCGGCCCGCTGGCGCGGCCTGGACATGACGTGGCAGCCCATCGGGAAGAACTGGCAGATTCAGGTGGCGGGGCAGGTGGCGCTGCTGCGGCCCTCGCGGGATACCGGGGACGGCCCGCAGAGCATCACCCTGCCCGACACGCAACTGCGGGCCTTCGTGAGCGGCGATTACCTGATGCTGCGCCTGGAAAGTCAGGCGGCCACGGAACTGGGCACGCGGGCGTCACTGGGCCGGGCAGTGTCGCTGCTGCTGGACCCGGGCGGCGAGTACCTGTTCCTGCGCATGGCGCGCGCGGCGGCGCAACTGCTGCGGGGCGCGCCGCTGGACCTGCCGTCGTTGCAGGGATCGTCGGCCCGCAAGTACCGTGAGGCCACCCCCGACGCCCTGATGGCCTTCGCGCGCAAGGGTGTGGAGTCCCTGATGGTCCGGCTGACCCGCACGGACACCGCGCAGGCCGCGCAGGTGTTCCGCGCGGCGGCCGACGCGCTGGGCGTGCACCCGGTTCTGGGGCGCCGACTGCACGAGGCGCTGCACGTGGCGCTGCGCAGCCCGGAAACGCTGTCCGATCCGCGCGCCGGGGACAGCTTCGACCTGCCGGATACCGGGGGATTCCTGAGTGTCCTGATGGGCGACGACCCGCTGACCCTGCAGGCCGGGACGCGGTCGGTCACGCTGCGACTGGATTACAAGTCCGAGCTGGCCGTGGTCATCCCGGGACACGCGCCCATGATCCTGCAGGACCTGCTGGTGGTGCGCGTGCCGGACCTGAACGTGATCCTCGTGCGGCACGGGCAGTGGCTGGCGGCCGCCGCCGGGCACGACGAGAGCATGGACGTGATCAGCCCGGACCTGCTGGAAGAAGCGCTGTTCTCCCCTCCCAACTGACAAGGACGCCCGCCACGGCATCAGGGCGCTTGCCACGGTGTTTCGCTTACCATGGGCGTCATGTCTGCGGCCCATTCACCCCTGCATCCGTCGGCCCTCGTGGCGGTCCTGATTCCTGCGTTCAACGAGCAGGAGACCGTGGCGGCCGTGGTCGGGGTGGCCCGGCAGTTCGCGCAGGAGGTGGTGGT
NZ_CP115165.1_gap99	2920842	2924805	3963	ACCCCTCCCCCACCGGCCACCCAAACGACAGCCGTGCGGGCCGCGCGGCCCATCCCATCAGGGTGCCGCGCGGGGCCCGCCGTTCACCGCTACCGGGTTACTGTCGCCAGATTACTGTCGCCGGATTACTTCAGGAAGGCCTGGTACCACAGGGCGCTGTCTTTCATCAGGCGTTCCTGGGTGTCGTAATCCACGTAGATCAACCCGAAGCGTTTCTCGTACCCGAAGGCCCACTCGAAGTTGTCCATCAGGGACCACGCGAAGTAGCCGCGCACGTCCACGCCGGCCTGACTGGCGTCCAGCAGGGCATTCAGGTGGGTGCTGAGGAACTCGGTGCGGCGGGGGTCGTGCACGCGATCGCCGCTGCGTTCGTCTGAGAAGGCGGCGCCGTTCTCGGTGATGTAGATGGGCGGCAGGCCGGGGTAGTCGGCTTTCAGGCGCAGCAGCAGGTCGGTCAGGCCCTGGGGGTGAATTTCCCAGCCCATGTCGGTGACGCTGGCTCCCTCGGGCAGCACGCCGCCCTGCGCGCCGATCACGCCGCGCGTGTAGTAGTTGACGCCCAGGAAGTCGTTGTGGGCGCTGATGAGGTTCAGGTCGCCGGTCTGCACGGGGGGGGCGTCGCCGCCGATCTCTTCCCAGGTGTCGGCGGGGTACTCGCCGCGCAGGATGGGGTCCAGGAACCAGCGGTTGAAGCGGCCGTCGGCGTGCCGGGCGGCCCTGATGTCCTCGGGGCGGTCGCTGGCGCTTTCCTGCGGGCCGAGGTTCAGGACGATGCCCGCCTGGGACTGCGGGGCGTGGCGGCGGATTTCGGGCATGGCGAGGCCGTGGCCCAGCATCAGGTGGTGCGCGGCGCTCAGGGCGGCGGCGCGGTCGCGGGTGCCGGGCGCGTGCTCTCCGAGTTCGTAACTCAGGACCGAGGAGCACCACGGTTCGTTCAGGGTGGCGTAGCTGGCCACGCGGTTCCCGAGGCGCTGCGCGACGGCCGCCGAGTACTCGGCGAAGGCGTAGGCCGTGTCGCGGTTCGTCCAGCCGCCCTGGTCCTGCAACACGGCGGGCAGGTCCCAGTGGTACAGCGTGACGTGAGGCTGCACGCCGCGCGCGAGCAGGCCGTCGGTCAGGCGTTCGTAGAAGTCCAGTCCGGCGGCGTTCACGGGGCCGCGTCCGGCGGGCACCACGCGGGGCCACGCGACGCTGAAGCGGTAGGCGTCGACGCCCAGCGCGGCGATCAGGTCGAGGTCCTGTTCCCAGCGGTGGTAGTGGTCGCAGGCGACCGCGCCGCTACTGCCGTCGCTGATGCGGCCGGGTTTGGCGCAGAACACATCCCAGATGCTGGGGCTGCGGCCGTCCTCGCTGGCGGCTCCCTCGATCTGGTACGAGCTGGTGGCGACGCCGAACAGGAAACCGGCGGGGAAGTCCTGGCGGGTCAGTCCGGCGGCGCGGGCCACGGCGCTGGGCGCGGCGGTGTCAGGCGCGGCAATGTCAGGTGCAGCAGTGTCGGTGGTGATGGTGTTCGTCATGGGGCAGCTCCTGCGGGAACGGTGAGGCGGTGGAAGGACGGGCGGGGGCAGTGGCCGAAGGGGCCGGGCCGAATCGGGGGGGGAGTTGGGTCAGCCTTTGGTGGCGCCGGCGGTCAGGCCCTCGATCAGCTGGCGGGACGCCAGGGCAAACAGCACCAGCAGCGGCACGACGGTCAGGGCGACGCCGCACATCAGGGCGCCCCAGTCGGTGTTCGCGATGCCCTGCATGGACCGCAGCGCCAGGGGGGCGGTGAAGGTCTCGGCGGTGCGGAAGATGATCAGCGGCCCCAGGAAGCCGTTCCAGGACTGCACGAACGTCACGAGGCCCAGGGTCGCCATGGCCGGGCCGGTCAGGGGGACGATCACGCGGCGGAAGATACCGAACTCGCTGGCCCCGTCGATGCGGGCCGCCTCGACCAGTTCGCGTGGAATGGAACTGCCGATGTACTGCCGCATCAGGAAGATCCCAAACGCACTGGCCATGCCAGGCACCCACAGGGCGCGGGGCTGGTCAATCCAGCCGAGGGCCTGCATGATCAGGGCGTACGGGACGATGTTCAGCGTGCCGGGGATCAGCATGGTGGCCAGCAGCAGCCCGAACAGCGCCTCGCGGCCCTTGAAGGAGAACATGGCGAAGGCGTACCCGGCCAGCGTGCAGAAGAACAGCGTGAAGCCCGTGGTGAGGACCGCGAGGTACAGGCTGTTCCAGAGGTTGCGCCAGAACGGCACGCGTTCCACGAGGCTGCGGTAGTTCTCGTCGAGGTTACTGCCGAACCAGATGGGGGGCGGCAACTGGAAGATCTCGCTGCGGGTGTGCGTGGCGAACACGAACATGAAGTAGAAGGGCGCGATGGTCAGCAGGGCGCCCAGGGCGATCAGCAGGTACGCGCCGATGCGTTTGCCGTCCAGGGTGGGGGCGGTGCGGGGGGATTTGGCGGCCGGGCGGTCGGGGATGGGGGCGGTGGTCATGGTCAGTCCCTTCCGGCCAGGCCGCTACGGCCGAAGGCGCGGTTGTTCACGAGGGTCAGCACGCCGATCACGATGAACAGCAGCCAGGACATGGCGGCCGCCACACCGGCGTCCGAGTAGGAGGCGTACGTGCGGTACATGTACATCACGGTGGTCAGTCCGGCCTGCCCGGCGCCGCCGCTGCCGTTGGTCAGGATGAACGGCTCCTCGAACAGTTGCAGGCCGCCGATCAGGCTGAGGGTCACGGCGATGAACATGATCGGGCGCAGCAGCGGCAGCGTGATGAAGCGGAACTGCTGGGCGCGGGTGGCGCCGTCCACGCTGGCCGCCTCGTACAGTTCGCGGGGAATGGCCTGCAGGCCGCTGAGGTACAGCAGCATGTTCCAGCCGGTGTAGCGCCACACGACGACCATGGCGACGGCGCTCTGCACGTATTCCTTCTCGCCCAGCCAGTTGATCTTCTCGGCGGGGAACAGCGCGCCGATCAGGGGCAGGCCGCTCAGGGCGTTCAGGACCGAGTTGATCACGCCGTACTGCCAGGAGAACAGCGTGAAGAAGATCACGGAGATCGCCACGATGGACGTGATGTACGGCAGGAAGTACACGGCGGTCACGAGGTTCTGCATGCGCCGCAGGCCGCCCTGGATGGCGAACGCCAGCGGAATGGCGATCAGGTGCTGCGGCAGGCCCGAGAGCAGCGCCAGGACGGCGGTGTTCTTCAGGGACAGCCAGAAGGTGGGGTCGGTCAGGTTGTCGGTGTAGTTACGCAGACCCACGAACTTCATGTCACCCAGGCCGGTGCCCGGCTGCCACTGGTGGAAGCTCAGGAAGGCGTTGAACAGGATCGGGAACAGACCGAACGCGAAGAACAGGATGAAGAATGGGCTGATGAAGATGTACGGCGCGTACCGCCGCTGAAAGTCGCTCCAGCTGGGTTTGCGGCGGGGTTTTGCTGTTTTCAGGGTTGCTTGCATGCCTGTGTTCTCCAGTGCGGCCCGTTCTGCGTGGCGGGTCCGGCGCGGCGACAGCGGGTGATCCGGCAGGATCCCGGTCCGTGGCCGGCAGGGAATGACCGTGGGGGCAGGTCCGGCCCCGCTGAGCGGCGCGGACCTGCCCCCGTCTGGTGCGGGCGAGGCGAGGAGGGGGGTGGACGGCGTCTGCTGGGCGCGCGGCCCGGATGGTCAGTGGGTGGGCTGACCTGACGGCCGGAATCCGCGTGGGTCCTTAGCGGGCGCGGCGGGTGATCAGGTTCTTGGCTTCGGTCAGGGCGGCCGTGATGTCCTTACTGCCGTCCAGCACGCTGGCCAGGGCGTCGTTCACGATCTGTTCGGCGATGGGGTCGAGTTTGTTCACGTCCAGCGGCTGGATTTTCAGGGCGGCCTGACGCCACAGCACGCGGGCTTTCTGGCCGTTCAGGTACGGGACGCCCTCGTTGAACACGGGGTCGTTCCCGGCGGAGCGCAGCGCGGGGAACGCG
NZ_CP115165.1_gap100	2929656	2930701	1045	CCGCGCGGGCCGGCCGCGTGAATGGGGTCGCGGGCGGCGGCGCGCAGCACGTCCCAGGTCAGTTCGGCCGGGTCCGACAGCCACGGCTGCGGGCAGCGGCGCATCTGGAACACCCACGCGACCGGCGGCAGGCCACCGCTGTTCAGGGGCAGCATCAGCGTGCGGGTCAGGCCCAGCGGGTCCAGGTCCAGGAGCAGCGGCGAGCAGCGGCTCAGCGGTCCGGCGTGCACGTCCGGCGGGCCGGGCGCGGGGCGTGGGCCGCTGAGCAACGGGGGGCGCAGGTACCGCTGCGCGGCGTGCAGGCCCGGCCAGTCGAGGGTCCCGGCGCTCAGGAGCGGCCCACCGCGCACGGAGATCAGGGCCGCGCCGTCCGCCCGGACGAGGCGCATCGCGGCCTGCAGGGTCGCCTCGGGCAGCGCGTGCCCGTCGCGCAGCAGGTGCGCGGCGCGCTGCAGGTCCACTGCCAGCCGCGCCGAACGGGTCTGGCGCAGCAGCGTCGTGTGCGCGTTGGCAGCGTGCGCCGAGGCGTGCAGCGCCTGGGCCGCCGCGTGCGCCTGCGGTCCCGGCGCGGAGCGCAGCCACAGTCGGCCCAGCGTGGCCTGCGGCGGCCCGATCAGCAGGGTGTGTCCGTCCTCGCTGACGGCTTTCAGGTCCGTCAGCTCGGCCGGGCTGCGCGGGTCCGGGGACGCCGGGCCGGGGTCAGGGAGGTCCGGTTCGGCGGACAGGTCGAACAGTTCGTGGCCGTCACTGAGCTGCGCGCGGTGCACGCCGGCCCGCGCCAGGAAGGACCGCGCCCGCTGAAGCGCCGGACCGGGCGTGAGCGTCAGGCACGGCAGCAGGTCGGCCGGGATGTCGGCAGGCTGCATCAGGTGCAGGTGCCCGGCCGGGCGGCGCGCTCCGGCCGGGGCACCGCTTCTCGGCACTTCCGGCGCGGTCCAGTCGAGCAGCAGGTCCGCGACCGGGCCGTCACGCACCAGGGCTGGCCGCAGCGTGGCCCGCCCCCCGGCGCGGCCGGCCCCCGGGACCCGCACCGGCAGGTGGGGGG
NZ_CP115165.1_gap101	3118430	3121627	3197	TGCCCAGATTCGTCACGAAGTACATGACCGTCACCGCCCCGAACGGCAACGCGAACCGGCGCAGGATCAGCAGGACCGGCGCGGTCATGATCAGCGCCGTCAGCAGGATCGCGCTCAGTTCGCCGCGCGTCTGCACCCAGCCCAACCCCTGCGGGACGGTCATCAGGCCCCACAGGTACATGTGCATGAACGCCGTGGCCGCCAGCAGGGACGTGCCGGACAGCGCCGCCACCCACCGCACACCTCCCGCCGCCGTGCGCGCCGCCGGGGACCGCCACGCCGCGTTCAGGGGCGACGCCACGATCAGGGCCGCGCCCGCGAACAGCAGCAGGTGCGTGGGCGACAGCAGCGCCTCAATCCCCACCTCGATCCCGAACGCGGTGTGCCACCCCATGTCCCCCAGCCCGCCCAGCCCGAACAACGGCACACCCAACGCCGCCAGATGGTACCCCTCCGGGAACGCCGCCAGACTGCGCCGCCCCCGCCGCCACCCACGCGACGCCAGCAACAGACACCAGCCCGCCACGGCCAGGAACCCGCTGTAGAACAGCGCGTGCCACGGCGTGAAGAAAGTCTCCAGCGACTCCCCGAACTGGTTGTGCGCCCACCCATCCACGAAGATCCCGCCCAGCAACCACCAGCCCAGCGCGATGGTCAGCAGGTTCTGCCGCGTTGAGGCGCGGTACGCAGCGTCGGCCGGTACAGCCTCCGCCACTGGGGGCGAAACGGTGGTCATGCCCTCAGTGTACCGGGGGCCGTGCCCGTTCTCCGAGCAGGCAAGCGATATCGCCTGCTTCCCCCGGAGTTGAGGTGGAAGGTGGGCGCCTAGCGGCGGGCCTCCCCACCCCCCAGCCCCCTACCCCAAAGGGGCAGGGGGGGCAACGTTGCACTGGGCAGGTATTTCACGGATTTTTTGGGGGAGGATTGGACGGGCACGGCCACGTCCTAGACGCCATCCTCCGCCCCCGCGCCGTTCGCCCCGCGCGCTTCGCGCACGACGGGCCGCGTCGCCACGATGGTTGCGTGGCTATGTGGCTTGGTGCGTGCTGGAAGGTTCTACTTTCTGGGCCTCCGCAAAAGCTTGGTTTTCAAAGTAGATCAGCGGCGTTCAGCAAGGCACCCTGCCAGCCACCGCAGACCACCACCGGCCGTCGTGCGCGCAGCGCGCGGGCCTTCCACCGGAGGCGGCAGGATGGCGTCGAAGCCGAACACGTCACCGCCCACAGCAACCCCGCCGCACCAGTAAAACCTCTTGCCCAGTGCAACGCCTGCTCCCCCTGCCCCTCTGGGGGAGGGGGCTGGGGGGTGGGGCAGCACACGGGAACCCCGCCGCCAGGCGCCCACCTTCCAGGTCATCTACCCGAAGTACCCGAGCAGGTCGATCAGCGTGCGGGCGTAATCATTGGGTTTGATGCCGCGTTTTTCGAGTTTCACGCTGGGCGGGAAGGTGACGACTTCGGTCTTGAAGGGGAAGGCGCGCAGGCCGGGCGCGTCGTAGTCGAGGGTCTTGTAGGCGAAGGTGATCTGGATCTGGGTCATGGTTTCGCCGATGCTCAGGACGCGGCGGGCGGCGGCGGTGAGGCGGAGTTTGGCGAGGTCGATGAAGTTCTGCACTTCGGGGGTGGGGGGGCCGTACTTTTTGCGCAGGTCGCGTTCGACGCGGCTGATGGCCTGGAGGGTGCGGCTTTCGCTGAGGCGGCCGTAGGTGGCGATGCGGGCTTCCTCGTCGCTTTTGCCGTCGGCGGTGAGGAAGTACTCGGGCGACAGGCGGGCGTCGATGGGCAGGTCGATGCTGATGTTGACGGGTCCCTCGATCTTCTCGCCCTTGAGTTTGGCGACGGCCTCGGCCAGCAGTTCGGTGTACACGTCGATGGAGACGGCCTGCACGTGCCCGTGCTGTTCTTCGCCTAGGATGTTGCCCACGCCGCGAATTTCCATGTCCTTCTCGGCCAGCAGGTGCCCGCTGCCGAGGTCCTGGAGGTCCGCGATGGCCCACAGGCGGCGCTGGGCGTTCTCGGTCATGCGGGGCGGGTAGAACAGGTAGGCATAGGCGGTCTGGGCGCGGCGGCCCACGCGGCCACGCAGCTGGTACAGCTGGGCGAGGCCGAGGCGGTCGCTGCGTTCGATCAGGATGGTGTTCGCTTCAGGGATGTCCAGGCCGGTTTCAACGATGGTGGTGGCGAGCAGCACGTCGAAGGCGCCCTGCTCGAAGCCGAGCATGATCTCCTCGAGTTCTTCCTCGTTCATGCGGCCGTGCGCGACGCCGATGCGGGCCTCGGGGACGAGGTTACGCAGGTAGAGGCTGCGCGCGCCGATGCTGGCGATGCGGTCGTGGATGTAGAAGACCTTGCCGCCGCGCTCGATTTCCGTGAGGATCGCGTCGCGCACCGTGATCGGATCGAAGGGGGCGAGGACGGTCTGGATGGGTTTGCGGCCCTTGGGTGGCGTCTGGATGGAGCTCATGTCGCGCAGGCCGACCATGCTCATGTACAGCGTGCGGGGGATGGGCGTGGCGGACAGGGCCAGGGTGTCCACGGCGCGGGCGTCCTGTGGAATGTCGATCTTGCCGTCCCTGGCGGTGGGCGGCAGGCCCCGCAGCGCGCGGAGTTTTTCTTTCTGGCCGACGCCGAAGCGGTGTTCCTCGTCGACGATGATCAGGCCCAGGTCGCGGAATTGCACGTCGCCGCTCAGGAGGCGGTGCGTGCCGATCAGGATGTCCACCTTGCCGGCAGCGGCGTCCGCGAGAATGCTGCGCGCCTGTTGCGGCGTCGTGAAGCGCGACAGGCCCTCCACGCGCACCGGCATGCCCTTGAAGCGTTCCACGAAGGTGCTGGTGTGCTGCTCGGCCAGCAGCGTGGTGGGCACCAGCACCGCGACCTGCTTGCCATGCCCGACGACGCGGTGCGCGGCGCGCAGGGCCACCTCGGTCTTCCCGAAGCCCACGTCGCCCGAGATGAGGCGGTCGGCGGGGTTGGCTTTCTCCAGGTCGCGCATGGTTTCTTTCAGGGCCGTTTTCTGGTCGGCGGTCAGTTCGAAGCTGAAGTTCTTCTCGATCTGCTCGTCCCATTCGGGCTGCGCGGGGAAGGCGTTGCCGGGCGTGACCTGCCGCGCCGCGTACTGCACCAGCAGTTTCCCGGCGACCTCCTCGGCATTCTTGCGGGCTTTCTCCTTGGCTTTCGCCCAGTCTTTCTTGTCGA
NZ_CP115165.1_gap102	3130715	3131215	500	TCGCGTCGTCTGTTTGCGGACACGGCACTCCTGGGAGTCAGCACCTGGGATGATCGTCGGCGGGATGAGCGGCGGACCTGCTGGGTGTTGCCTGCAAGCCCGGATCTGGATGATCACGAGTGGCCGGGCTTGCAGAGTGTCGCGCTGATTGAAAGTTCCAGGCTCGTGAAGGGCAAACGGGTGTCGCAGCGGAGGTTGTTCCTGTGCTCGTTTGCACCGGACCCGCTGACCGCGTTACACGCGGTCAGGACGCACTGGCAGGTGGAGAACTCGTTGCATTGGGTGCTGGATGTTGCCTTTGCGGAAGATGCCAACGTGACAGTCGCGGATCACGGTGCCGAGAACCTGGCGGTGCTCAGACGGTGGGCCTTGAATCTGATGCGTCAGGAGGGGTCAGTGGGTGCGATCAACAAAAACCGCAAACGTGCAGGCTGGGATGATCTGTACCGTGACGGCCTTCTGCAGCAACTCCGCCCTGACCCGACGTGAGTTGCCCCTGC
