gap_id	start	end	length	sequence
NZ_CP017305.1_gap1	66391	68795	2404	TGGCGTGCCGAGAGTGCTGAATCTCAAGGAGATGATGCAGTACTACATCCGGCACCGCAACGAGATCGTCCTGCGCCGAACGCAGCACGACCTTACGGCTGCCGAAAAGCGCGCGCACATTCTCGAAGGCCTCAAAATCTGCCTCGACAACCTCGACGAGGTGATCTCGACCATCCGGCAGTCCTCCGATACCGCCACCGCGCAAAGCCGTCTCATCGAGCGTTTCGGACTGTCCGAAGCGCAGGCAAAAGCGATTCTCGAAATGCGCTTGCAGCGTTTGACCGGCATGGAGCGCCAGAAGATCGACGACGAGTACCGCGAAACCCTCGCGCTCATCGAGGAGCTGAAATCGATTCTCGAAAGTCCCGCCAGGCAGATGGAGATCATCAAGAACGAGCTGCTGAAGGTCAGCGAAGTCTATGGCGACGCTCGTCGCACCGAACTTCGTCCGCAAGAGGGCGACTTCTCGATCGAGGACATGATCGCCCAGGAGGATGTGGTCATCACCATCACGCACGACGGCTTCATCAAACGCTTTCCTGTGTCGGGCTACCGCCGCCAGCATCGCGGCGGGCGCGGCGTGGCCGGAGCGCAGGCGAAGAACGAGGATTTCATCGAGCACATGTTCATCGCCTCGACGCACAACTACATTCTCTTCTTCACCACCGCCGGACGCTGCTACTGGCTCAAGGTGTACGAAATACCGGAAGCCAGCCGCGCCGCCCGCGGCCGCTCGCTGGCCAACATCATGGAGCTGCCGCCCGGCGAGAAGATCCGAACCTATATCAATATCAGGAACTTCGATGATCCGCACTTCATCATCATGGCCACGGCCAATGGCATCGTCAAGAAGACGGATCTCATGCAGTACTCCAATCCGCGGCGGACGGGTATCAACGCCATCACCATCGAGGAGGGCGACGAGCTGATCGAGGCGCGGCTGACCGACGGCGACCACCAGATCATTCTGGCCAAAAGTTCCGGTTACGCTGTCCGCTTCCCGGAGTCGGAGGTGCGTTCGATGGGGCGTACAGCGATGGGCGTCAAGGGCATCACGCTCGACGAGGACGAACGCTGCATCTCGATGGTCACCACCAAGCGCAACGACACCTCCCTGCTGGCCGTGACGGATAACGGCTACGGCAAGCGCAGCAAGGTCGAGGATTACCGCATGACGCGGCGCGGCGCGAGGGGCGTCATCACCATCAAGGCGCACGAGAAGATCGGCAATCTGGTCGGCCTGCTCGACGTGAACGACGAGGACGACCTGATCATCATCACGACCAACGGCATTGTCATCCGCCAGCATGTCTCCGACATCCGCGTGCTGGGCCGGAACACCTCCGGGGTCAGGCTCATCAGGCTCGACGCGGGCGACAGGATTTCGGCGACGGCGCGAGTGCCCAAGAGCGACGACGACTCGGCGACCGAGCCGCTCGGCGATGGCGACGATGCGCAGCTCGATCTGTTCTGATCGTGAAAGAAGAGGGATTATTCGAAAAGAATTGGACTGTTATCACTTAATTATTATCTGAACGTATGGCTCGCCCGAAGAATGTAAAGCATATTTTCGTCACCGGTGGCGTAATCTCATCCCTTGGCAAGGGCATCCTCTCCGCCTCGCTTGGCTTTCTGCTCAAGTCTCGCGGACTGCGTGTGGCGATCCAGAAGTACGATCCCTATATCAACGTCGATCCCGGCACGATGTCCCCCTACCAGCACGGCGAGGTGTACGTGACCGACGACGGTGCGGAGACCGATCTCGATCTCGGCCACTACGAGCGCTTCCTCGACGAGCCGACCTCGCAAGCCTCCAACCTGACGATGGGGCGCGTCTACAAATCGGTGATCGACAAGGAGCGGCGCGGCGAGTATCTCGGCGGCACGGTGCAGGTCGTTCCTCACGTCATCGACGAGATCAAGGAGAAGATGGGCGACCTGGCCAAGAATGGCAGCCTCGACGTGCTCATCACCGAAATTGGCGGCACCATCGGCGATATCGAGTCGCTTCCTTTCCTCGAAGCGATGCGCCAGCTCAAGCTCGAACTCGGCGAGCACAACCTGCTCAACATCCACCTCACCTTCGTGCCGTACATCAGGGCGGCCAGCGAGCTGAAGACCAAGCCGACGCAGCACAGCGTCAAGATGCTGCTCGAAACCGGCATCCAGCCCGACATTCTGGTCTGCCGGAGCGAAAAGCCGCTGTCGAAGGAGATCAAGAACAAGGTCGGCCACTTCTGCAACGTGCACGATCAGGATGTCATCGGCCTGAACGACTGCGACACCATTTACGAAGTGCCGCTCATCCTGCTCAAGGAGCAGCTCGACCAGCGCGTCATGAAAAAGCTCGGCCTGAAGAAGTTCCGCGAACCCAATCTGGAGTACTGGAAGAACTTCTGCGAAA
NZ_CP017305.1_gap2	106996	111671	4675	AATCCATTTCCATATGCGGACGAATTAGCCGAGTATTACAGGCGTTTAACAGGGTATGATATTGTATATTTGAATCCTGCTATAAATAAGACTATTTCACCGAATAGCCGGGCTGTGTACGATGCAGGGCCTCTAGAATTTCTTGGATGGATTGCTAATGCTGAGATTGTTCTTACTACTTCTTTTCATGGAACTGCATTTGCGGCAAATTTCAACCGCCCATTTCTTTCGCTAATAGATAACGATTATTTGGACTGCAGGCAGTCCAGCCTTGTTGAATTGCTACAGTTGGAGTCTTATTTGTTAAGAAAAAACACAGTATTTCCTGACCCGCGTAGTTTAGGGTCAAATTATACTTCTTTGAATAAGCGTCTTGAAGATTGTCGTAATGAGTCAATAGATTTTCTGCGAAGAGCTTGTATGTGATGAATAAAAATAAAAAATTAATATTGAGCTATGTTCAATAAAAGACTGTACTGGGTGTGGTGCATGCCGGGCTAAATGTTCTATCGGTGCCATATCAATGAATGAAGATATCTATGGATTTCGTCACCCTGTAATTGATGTCAAATCATGCTCAGGCTGTTCATTATGCATGTTGACCTGCCCTGTTATATCGGATGTATCGGTAGAGCGATTTAAGGCAGTTGATGTTTATGCTGGTTGGAGCCTCAAAGATTCCATAAGAACGGATAGTTCATCGGGAGGACTGTTTTCGGAGCTGGCTGAAGCTGTTATGCAGAGCGGTGGAAAAGTTTTTGCAGCTACATTCGATAAGAATTTTAAGTTGTTACATCGGGAGGTCGTGGATAGCACTGATCTGGCGGCTTTCCGCGGCTCAAAATATTTACAAGGTGTTTGTGATGAAGTATATACGCAGATTGCTACATATTTGAAGCAGCGTGTGCCTGTTATGTTTGTCGGCTTACCATGTCAGGTTGCTGGCTTGTATGGCTTTCTTGGTGGCGATAATCCAAACTTGCTAACTTGTGATCTGGTATGTCATGGCGCACCATCACAAAAAATATTCGATGATTATTTGCTGTATTTAAAAAATAACGGGCTTTCGGGTTTTATTGGTATTGATTTTAGGGAAAGGCAGACGTCAGGAAGGAAAACAACCATAATCTATGCCAAGCCGGAAAAGAATATGTGGCTTAATGGCACATATGATTACTATCAACAGGCTTTTATGCGCAACTTGATAAGTCGTAACTCTTGCTATTCATGCAAATTTGCTCGAATTCCAAGGATAGGGGATATAACACTTGGTGATTATTGGGGGATCGGATTCAAAAAACCTTTTTTCTATGACATCACCAAAGGGGTATCACTGGTTATTACAAATTCTTTGAAAGGTAATGATATACTGAACAAGTACAAAAGATTACTGTTTCTTGAGAAAAGAACGATTGATGAAGCAGTTACAAAAAATCCCCGAGTGTACAAGGCTTCAAATGGCGATGCCGGAGAGAGACAGAGGTTTCTCGCCGATCTTCAATCTATGTCAATTACTCATCTTGTTCAGAAGTACCGTCTTTATCCTCGTCTCTCGTTTGCCTCCCGTTTGCGCTCCTATGTTAAGACGATGCTGGGAGATCGTTTGGTTAACACAATTCGTGCTGTTTTAAAAAAAAGGGCTCTTCGCAGAATTTAATGGGCTGGTAGTAAAAATGAGTGGCTTGGTGTAATTTATCCAAGAACGCCAAAACACTAACCCCAACGTATGCCGAGCCTCATTACCCATTACCAGCAGTTATTAGGATTACCAGAAACATGGAAGGTGTCTGATGTCCGGCTGTCGACGTCCGGCCCCCGGATAGAAATCCATCTGGAGTATATCGGACCCAAAGTCGAATGCCCTGAATGCGGCAAGGCCGGACGAATTTATGACCTGGCGCCAGAACAACGGTGGCGGCATCTGGATACCATGGAGTACGAGACGCATCTGATAGCCAGGGTGCCTCGGTGTGAGTGCAAAGAGCACAGGATCAAGACAATTCAAGTTCCGTGGGCAACGCGCTCTTCGCGCTACACCCTGAAGTTTGAAGCGCTTGCTGTCGAGTTGCTTCAGGAGTGTTCAAGCATTCAGTCGGCATCGAGGCTCTTGCGATTGAACTGGCATGCAACCAACGAGATCATGAACCGTGCAGTTAAGCGAGGCCTGAGCCGCCGGAATAAGGAGGCGATTGCTCATCTTGGTCTTGATGAAAAGAGCTTCCGGGCAGGCCATCAGTATGTGACGATCCTGAACGACCTGAAAGGTGGCCGGGTACTTGAGGTGGTCCAGAGCCGAACGACCGATGGAGCAGAAGCGCTACTCCTCAGCTTTGAAGCATCGCAACGCCAGGGTGTGAAATCGATCTCGATGGATATGTGGAAACCCTTCGCGATTGCTGCCAAAAAGCATCTGCCGCAGGCCGATATTGTGCATGACCGTTTCCATATCAGCAAATATCTGAACGAGGCGGTCGACACGGTTCGTCGCCAAGAGTCCCGTCAACTTCATCATGCAGGGGACAGGACTCTGATTGGCTCGAAATTCACCTGGCTGCGCAATCCGGAGAACATGACGGAAAGCCAGCGGACAAGCTTTGATCAATTGATGGCCTGTGAGCTGAAAACCGGAAAAGCCTGGTCGATGAAGAACATGTTTCGGGAGTTCTGGCGGCTGGGTTGTCGAGAGAGTGCAAGCTTCTTTTTCGATTACTGGTCTGAACGCGTTGACCAGTTAGCGTTGAAACCCATGATCAAGGTCAAAGAGCTGCTGAAGCGGCATCTCGACAACATCCTGAACTATTTCGAGCACGAAATGACCAACGCAGTTTCCGAAGGTCTGAACAGCAAGATCCAGTTGTACAAAGCATCGGCCCGTGGGTTCCACAGCTTTCACAGCTACCGCATAAGGATTTTGTTTTACTGTGGAAAGCTCAACATGGCTATTACCGGTTGACGTAATTGCTGACGAGCGTTACCATTAAATCTTACGAAGAACCAAAAAAAGAAGCTATGCGTAAAGTTGCAGTATTGACAATGCAGCGTTCTCTCAATTATGGAGCAGTTCTTCAAGCCTATGCGCTTCAGAGGCGTATTCTCAGTTTTGGTGTCCAGTGCGAGATTATTGATTTGTTGAGGCCAGTTCATTCGGGATACCGTTCTTCTCAAATTAGTGAGCAATTATCTCCATATCGTTTACAAAAAAAGGATTCAAATTGTAAAGGATTGCATTATTGTTTGAAAGCAATGCTTAAAATACGCTTAGAGAAGATACTTCAAAGAAAGCGTATAGAAAGATTTCGGAAATTCGATAATGAATTCATCATATATTCTCCAAAGCCTATATATTGTGCCGAAGAACTATATACATTTATAAAAGAATATGATGCATATGTTACTGGAAGCGATCAGGTTTGGAACCCCACCTACCCTTATAGTCCAGAACCATATTTTTTAACTTTTGTTCCGGAGGGAATTCCTCGCATTGCATATGCGCCTAGTTTTGGCGTTAGCTCAATCGATAAAACTGTACATGACGTATACAAGAAATGGCTGATGGGTATTACTCGATTATCTGTTCGCGAAAAGCAGGGCGCATCTTTAATTAAGGAAATATCAGGAAGAACGGCAGAAGTTGTTTTAGATCCAACGCTGCTTCTCAATGATGCTGAATGGCTAGAAGTATCAAAAACTCCAAAAACACATAAGCCATACATTTTTTGCTACGATTTAGGGAACAATGCTGGGCTAAAAATATTATGTAAATATTTGCATAACTATACTGGTTACAATGTCTACAGAATATCAAATAATTTAGAGCATTCAATTTCGGGTATTATTGATGTATATGGGGCAGGGCCTCAGGAATTTCTTGGGTGGATAAATGGAGCTGCTTTAGTTGTAACTAATTCATATCACGGTATGGTTCTGTCTATTAATATGAAAAAACCATTTTATGTAGTAATGAAAAAAAATGGAGTTAATACAAGAAATTCGAGAATAGACAATATACTTGAAATGCTTGAATTACAAGATAGATTATGGTGTTCGAGCGATGTTTATCCTGAAAGGAATAAAATGGAGTTATCTTTTGATAATGCGATGAATATTTTGAAAGTCGAACGAAAAAAATCACTTGAATATTTGAGGTCTTCTATTATTTCGAGTGTATAGATATTTGTAGTGATTTATTTGAGAGCTTGATGAGAAATTGTGCTTTTGTAGATATTATTATATAATATAATTAAAGCTAAGTATCAAATGATTTTGATAAATGATATTTTACTGAGGATGTAATATGGGGATTAATAGAGTTATAAATAATGTATATTATTATGTTGTATTAATATTCTTTTTTGTTTTTTCGTATGTAATGTTTTCTGGACAAGGCGCATTTAATAAGACTGAGTTGTATGGTCGGTATCGGGTATATTTTGTTTTAGATGTATTGATGTTTATTTATATTATAACAAATAAACGATTTTTTTAAAAGGCAGACATTGTTGTTCTACATTGTGTATATTTGGCTTTTATGGATGATAATGTTATCTGTTGTTTTGATTGATTATAGTGTGGAGTATTTTCTGCAAAGTCTTTTGGAAGTTGTGTTTTGTCCATTAATATTTCTATATTTTTTTGTTGTTGTAAAGAAGAAATCATATTTGTTTGATGACGCTAA
NZ_CP017305.1_gap3	210918	212316	1398	GAGGGAGATTATCAGGGAAATGCAGTGATTAATTATGGGAATGAGGAGGTGCCATGGACAAGAATATCAGAGCACAAGCATTTTGCTCCATGGGAGAATCATGAGAAGACGATTATTTATAAGGAATATAGCCGTCAGTGTCTTGTAAATGATATTCCATATTATCCTATACGTCTTATTGGTGACAAAACATTGCTAAGCCGATATGTACAGAAGGCTAAAAATGAAAAGAAGATAACGTTTGTCGGACGGCTGGGGACTTACCGTTATCTGGATATGCATGTGAGTATTGCTGAGGCTCTTAATGCAGCAGATTGTTTTCTGAATAGTCAAGAAACGGGTGAAGAGATGCCTGCTTTTATTGTTGATCCATTGAACTGAATGAGTAAAAAGAAATTCAATGAAGCTATATGCAGTAATAGTGACATACAATCGGCTTGAACGATTGAAAAGAACACTGGAAGCTACTCTTGGAGAGAATCCAGCGGGAGTTCTTGTTGTAAATAATGCTTCAACTGATGGTACAACAGAATGGCTTTCGAATGTAGAAGATAAACATATAAAAATACTTAACTTGCCGGAAAACAAGGGTGGTGCAGGAGGTTTTCACGCAGGTTTCAAATGGATAGTCGAAAATACCGATGCTGAATGGCTGGTATGTTATGACGATGATGCGTATCCACAAGATGGCGCATATACTGCTTTTAAGAAATTGCCTTTATCCAATCAGATTGGCGGTGTTGCTGCTGCCGTATATCTGCCGGATGGTCAGATCGCAGAAATGAATCGTCCAAGTATAAATCCCTTCACAAATATAAAGACAATAGTAAAAGCTGCTATAGGCGGCAGAATGGGATTTCATATATCTGATGATTGGTATCGTTTAAAAGTCAATAAAAAAATTGACCAATCATCATTTGTTGGGCTATTTCTTCGTGTTTCACTTGTCAGAGATGTATGGGGGTATCCGGATGAAAACCTGTTTATATATGCTGATGATATGATTTATACCAATCAAGTGTCTCATAGTGGTTATGATATTCTGTTTGCGCCCACGGTAGAATTTGTTCATGACTGTATTACTCTTATTCAGCAAAAAGCTGTTTACAATCCGTTGTGGAAAGCATTTTATACCTATCGCAATGGTTTGAAGCTATACCGTTTAATGGCGGGTCATCTTTTCTGGTTAGTTGTTTTACCAAAAATATTTGTATGGATACTAAATACACGTCACTATAAAAATAAAAAAGTATACTTGAGGCTATCAATTATAGCAATATTTGATGGGTTATTTGAAAAATATGATAGGCCACATATAGAAGTTATTAAAATTAGTGAATGTTGAATAATATGTAAAGGTGTATTATTTTTTTAAAATACAGTGAATAGCATTAGTAG
NZ_CP017305.1_gap4	334553	336415	1862	GGTGGCCGACGAAAGCTGCATCGACGCGGCGCTCGAAGAGCGGATGAAGAAGGCGCAGATCGTCACGTCACTCGTGCGCACCATGCGCGAGAAGGCCACCATCAAGGTGCGCCAGCCGCTCCGGCGTATCCTGCTCGCCGCCGCCGAACCCGGTTCCCGCGCCGCCTACGAACTGGTTTCGGAGATCATCCGTGAGGAGGTCAACGTCCAGAAGATCGAGTATGTCGAGGACGAGGATGGTTCGGTGATCAGCAAAAAGGCCAAGCCGAACTTCAAGGCGCTCGGCCCGCGCTTCGGCAAGGATATGAAGGCGCTCGCCGAAGAGATCAGGATCATGAGCCACAAGCAGATTTCGCGCCTCGAAACGGAAGGCTCCATCGAGATTGATCTCGGCGGACGCATTTGCACCGTGCTTCGAGAGGATGTTGACATCGTGCACGAGGATATCGAGGGGTGGCTCGTGGCGGCGGACGACGCGCACCGCATCATGGTGGCGCTCGACACCGAGATCACCGAGGAGCTTGAGATGCTCGGCCTGGCCCGCGAGCTGGTCAGCAAGATTCAGACCCTCCGCAAGGAGAGCGGCCTCGACATCACCGACCGCATCACGCTGAAGGTCGAGGGCAGTGAAAAGCTGCTGAAGGCAGCGAGGGCCAGCGAATCCTACATCAAGGATGAGACGCTCGCCACGGCGATGGTGCTGCTGCCGCTCGAAGGCTCGCCGTCAGCCGACGAAGCCGAGCAGGTCAACAATGAATTGTGCCGGTTGTCGCTTGAAAAATCCGCTTCATGATCGTATTATAAGCTTTCGTGTTTTTTTACGGTTTGCCGTTGGAACCTCTAAACCATGACCATCATGTCGAAGAAAACCAGCCCTGTTCAGGAGAGCCCCGCGGAGCCTTCGGAAGAGACGAGACTCACCAAGACCTACCTGACAGACGAGGAGCTCGAACACTTCAGGCAGATTCTGCTGAAACGGCGTGATGAGGTTCTGCGCGACCTCGATATTCTTCGTTCCTCTCTGTCCGAGGAGAGCGTCGAGGACTCGATCAACTCGAACTACTCGATGCACATGGCCGATCACGGCACCGAGACCATGGATCGCGAGCAGCGCTTCATGTTCATCGCCCGTGACGAAAAATATCTGCACTACATCGACCAGGCGCTCGACCGCATTCGCAACAAGACCTACGGCATCTGCACCAAATCGGGCAAGCCGATCCCCAAGAAGCGCCTCGAAGCCGTGCCGCACACCTCGGTGAGGATCGAGTTCAAGCAGACGAAGAAATAGGCCCTGCCTTTCCGCAATATCTCGAATTGACAAAAGCCGTCCCGAATCTTCGGGATGGCTTTTTTTGTTCCATGCGGCAACAGCTATCTTGAGCGCTCTCTTCTCCGTATCGAAACCGGTTTGTCGCCCGTTCAAGCCAAAAACAGAAAAGCCATCCCGGCTGTGTTCGGGATGGCTTTGACATGTATCTGCTGACGAGACCGGGAGCGCTTCAGTCGTTCTCCTCTTTGTCGGTCGTGGCGTCGGTGATCGGGATCGGGTAATCTCCGCTGAAACAGGCGGTGCAGTAGCTGCACTCTTCGCCTTCGAACGTTGGTACGCTGTTCAGCAGGCCCTGCATGGAGAGATATTTCAGCGAGTCTACGCCGATGTACTCCCGGATTTTTTCGATGTCGCCCAGCTCGTGCTCCGCGTCGGCCAGCATGTGCGTGAGCAACTGGCGTTTGGTCGGAAAGTCCATGCCGTAGAAGCAGGGATTGGTGATCGGCGGCGAGCTGATGTGCAGATGGATCTCCGCCGGATCGGCCTCGCGCACCAGCTTGATGAGCATTTTGGCCGTCGTGCCGCGCAC
NZ_CP017305.1_gap5	364128	368258	4130	GAGCAGAGCTTTTTCGGCCCGAAGGCGGCTGCGCTCATGGATGAAATCCTCTATTCGCCCTGGCTCGATTACGTGATGCTCGCCATCATGCTCTTCACGGTCTGGACGGGCGTTTCCTACCTCATCAGCAACCGGAGCCTCATCTTCCGCAACCCGGCGGGAGGGCGCTGAAGCCATGCAGAAATGGCTTGCAAGAATTTTCGGAAGCGCTTTCGGCATCGGCTATGTGCCGCTTGCTCCGGGCACCTTCGCCAGCGGCGCGGCAGCGCTTCTTTACCTTTATGTGCCCGCGATTCGTGAGTTGCCTCTGCTCGCTTTTCTGATTGTGCTTTCGACGGTGATCGGCGTGTGGGCAAGTGGCGTCATGGAGACGGAGTACGGCGAAGACCCTTCGCAGGCGGTGATCGACGAGGTTGCCGGGCAGTGGATTTCGCTGCTTTTCATCCCGTTTTCGCCGCTCACGTTGCTGCTGGCCTTCATCCTCTTCCGGCTTTTCGACGTCCTCAAACCCGGCCCGGTCGATTGGGCGCAACGCCTCCCCGGCGGCTGGGGCATCATGTCGGACGACGTGCTGGCGGGCATCTTTGCCAACATCTCGCTCCAGCTCGTGCTGCTCGCGCTGCCGATGCTGCCGTTCGGCGTGGCGCTCTGAACCGAGATCAGGAATTGTAGGGGTAACCCTTGCGGTTACCCTGATTCGACCGTCTGCAAAAAGGTTGGTGATTGCCCGAAATCCGGGCAACCGCGAGGGTTGCCCCTACAGAAGAACTATTCTGTATCTCCGATCCGTCCGATCCGTTCCCGGTGTCCCGCGCTGTGCTTTACCCTTTGTTCCCGTAGAACGCCAGAATCTTTCCCGACAGGCTTTTGGCGTCGAGGCCGACTTCGCGATACAGCTCCTCCATGCTGCCGTGGGTGACGAAGTCGTCTGGCAGGCCGAACGAAATGCATTTGACTCCGGGGTGGGCGCGGTGCAGGTAGTTGACGACGCTGCTGCCGAAGCCGCCGATGACGCTGTTCTCCTCGATGGTGACGATGTGCGTGCATCTTTCGGCGGCCATGTCGATCATCTCCGTGTCGAGCGGCTTGAGGAAGCGCATGTCGCACACCAGCGGATCGAGGCCAGCCGCTTCGAGCAGCGCGGCGGTGTCGAGCGCCCGTTGCGACATCGTGCCGATGCCGAGGAGCGCCACCGATTTGCCCTCCCGCAGGATTCGTCCCTTGCCGACCGGAACCGGGGTGAACTCCTTGTGCAGCGTCGCGCCGCTGCCGCTGCCTCGCGGGTAGCGGATCGCGACCGGGCCCTTGACTTCGTAGAGCGCCGTGTAGAGCATGTTGCGCAGCTCCTGCTCGTCGCCGGGGGCCATCACCACGAGTTTCGGCACCGCATTGAGGAACGACAGGTCGAACGCGCCGTGGTGGGTCGGGCCGTCCTCGCCGACGAGTCCCGCCCGGTCGATGGCGAAGAGCACGTGCAGGTTTTGCAGGGCGACGTCGTGGATGAGCTGGTCGTAGGCGCGCTGCAAAAAGGTCGAATAAACGGCGAAGACCGGCTTGAATCCACCGGCGGCGAGGCCAGCGGCGAAGGTGACGGCGTGCTGCTCGGCGATGCCCACGTCGAAACATCTCGATGGTATGGCCTGCTGGAACAGGTCGAGCGAGGTGCCGCTCGGCATGGCGGCGGTGATGGCCGTGATGGTTGGATCTTTCAGCGCCAGCTCGACGAGCGCTTCGCCGAACACCTCCTGGTACTTCGGCTTCGCGGGCTTGCCGGGCGCGTTGATGTTCTTGCCGGTCTCGATGTCGAAGCCGCCCGCGCTGGCGTGCCATTTGGGCTGGTTATCCTCGGCGGGCTTGAAGCCTTTACCTTTGGTAGTGATGACGTGCAGGAGTTTCGGGTGGTGTAACTGGCGCATCTCTCGCAGCGCCTTGGTGAGCTGCTCGATGTTGTGGCCGTCGATGGGGCCGAAGTAGCGGAAACCGAGCGCCTCGAAATACGCGCCGGGGGTTAAAGCCGCCTTGATGCCATCCTCGATGCGGTGCACGGCCTGTTTGGCCGTTTCGCCGATTTCGTTGTTCAGCAAGGAGATGCTGTCCCAGACGAACTTGCGCAGACGGTTGTAGGTCTTGTTCAGGGTGAGGTTGACCAGGTAATTTTTCAGGCCGCCAGTGCTTGGCGAAATCGCCATCTGGTTGTCGTTGAGGATGACCAGCACGTCGGACTTCGTGTCGCCGAGGTGGTTCATCGCCTCGAAGGCCATGCCGCCGGTGAGGCTGCCGTCGCCGATGATCGCCACCACCTTCTCCTTTCGCCCGGCCAGGTCTCTCGCCGCAGCCATGCCTGCCGCCGCAGAGATCGAGGTCGAGGCGTGGCCGGTGTCGAAGGCGTCGTGCGGACTTTCGCTGCGCTTCGGGAAGCCGGCCAGCCCGTGATAGCGGCGGTTGGTCTCCATTTGCGCCAGGCGTCCGGTGAGAATCTTGTGAACGTACGCCTGATGACCCACGTCCCAGACTATGCGGTCGGTCGGACTGTTGTAAACATAGTGCAGCGCCACGGTCAGCTCAACCACGCCGAGGCTCGACCCGAAGTGCCCCCCGTTCAGCGACACCAGCTCGATCACCTTTTTCCGGCACTCAGCGGCCACGAGTTCAAGCTCGTGCAGACTCAGTTTCTTGAGATCGGCGGGAGAGTGAATGGCCGAAAGCAGCGGATAGGCCAGCGGAATCGAGGCCGGAGTGGAGACGAGGTCTGCCATAGCTTCAGGAGGTGATGTTCAGGTGAAAATACTTGTATTCTTCCAACCTTCCGGCTCGGCCCACGGTTCCGGGTTGGTGGATGGTGGATGACCGGTTTCCGTTCCTTTTCATCGAAATCGGAATCCTGATCGGGGGACGGATCGTGATAAATTTTTCCGCAGGGGCGTCCCGACTGGTTGGGATGCCCGGCTATCAACACGGTTTCGGGTTCATCCGCGACAGGGTAACCGCAAGGGTTATCCCTGCAAAGACATTGCATCATTTCACGCATGATCGAAATGATTGTCCATATCGAACCCGATTCCGATTCCGCGATTATTCCCCCTGGATGTGCATCAGAACCTCGCGCTTCGGGCGCGGGCCGTCGAGTTCGATGAAGAAGATCGACTGCCACTCGCCGAGCATGAGCTGGCCTTCGGAAAACGGAATCGTCTCGGAGCTGTTCATGAAGAGGCCGAGCAGATGCGAGTGCGCGTTGTCGCGTCCGTCCACCGTTTCGAGGTTGTGCAGCCAGTCGCCATCCTTCGGGATGAACCGCTTCAGCCAGGTGGTCATGTCTTTCTGCAACCACTCCTCGCGCTCGTTGATGTTGATGCAGGCGGTGGTGTGGCGGCTGAGCAGCGTGACGGTTCCCTGTTGCAGGCCGGACTCTTCGAGCGCCGAACGCACGTCGGCGGTGATGTCGATGATGTCGATCGGCCGGGTCGTCTGGCAGGCGATGGTGGCGATATGGAAGTTCATGAATGATCGTTCGGAAATGAGATGGTGAAAAAAAGCGCCGGTCGCGCCGGTTCAGCCGGTCTTCGCCATGAGCAGCACTCCTTCGTGGGGAGCGAGGCGGATGCTCAGCGTTGCATCGTTGAGCTGGCGTTCATGGGGATGCTCCGGAAAGCGGGTCGAAAAAGCCGTGACTGCCTGGTCGTTCAGCCCTGCGAGCGCAGGATGGCTGAAGCGAGTGTCGATGCCGGTGGCCGAAAAGTTGGCCAGGACGAAGGCTCGAACGCCCGGAATCGTTCGGCTGTAGCCGAAACAGAGCGACTGGCCGTTCGAGTTCAGTTCGAGCCACTCGGTATGACCCTCCTGGAACACCGCTTCGCCACGGAAAGCGAACAGCTTGAGGTACAGGTGCAGGAGCGCCTTGTGCGACGGCTCCTTCGAATGACGGATGAGCTGTACGGGAATTTTTTTCTTCAAACCGAGCAGTTGCCCCTGATGGATCAGATCCAAGCCCGGCGAGGTGAGCATCACCAGCGCCGCGACTGCGTGGTTCGGGCCAAAGCGCTCCGAAGCGCGAACCTCGTCATGGTTCTCGATGAACCGGCACAGCCGTTTCTGGTAGTTCCAGTCGGCGAGCAGGTGCCCCTTGAGCTTTG
NZ_CP017305.1_gap6	419817	421958	2141	AGCCCGGCCAGCAGCATCGCAAGAAGTTCACCCGTCATGTTTTCGATGTTGATTCCTCCTGTTTTGTGATTAGTCCAGCGATTAAAACGCTTAAACAATTGCCCCGGGCTTTAGTCTGGGGTTTATTTTCTTGTCGAGAGATTTGTGGTTTTTTGTCGCCTCAGCAATAATCGCAATCGGCATGGCCATTGTTGAAAAGAAATTGAGCTAAAGCCCTTGATTGTTTTGTGTTGTTCGTCAACCCCGGCTTGAAAGCCGGGGCAATGTGAATGTAAGAATTCTGAATGCCCGTCGGGCTGAAGCCCTCCTGAAGACATCGCCATTCTCACTTCTCCGCCATTCCTTTCTTTTTCGGCTTGTTCTGCACCTCGTCATCGTCGTCGAGCATCCGGTATTTCGGGGCTTCGGCGTCGTCGAACTGGCCGCTGCGGACGGCCCAGAGGAAGAGCGCCCAGCCGCCGAGGCCGATGACGAAGCCGAGGGCTATGAGAAAAAAGGTGCTTGCCATGCGTTGTCCGTCAAATTTTTCGGAGCCTGAGCGAGTTGCTCACCACCACGAGCGAGCTGGTTGCCATGAGCAGCGCCGAGACGATCGGGTGCAGCACTCCACCGACGGCGAGCGGCACGGCGATGAGGTTGTAGCCGAAGGCCCAGGCGAGGTTCTGCCGGATGACGGCGAAGCATTTGCGCGAGTGGGCCAGGAGCGTGCCGAGCAGTTCGAGGTCGTCGTTCATGATGGTGACTCCGGCGCTTTCGATGGCGATGCCCGTGGCCGTGCCGAAGGTGACGCCGGTGTCGGCTTCGGTGAGCGCCGGGGCGTCGTTGATGCCGTCGCCCGCCATCAGCACGGTTTCGCCGTTTCGCTTCAGCTCCCTGATCGCGTCAGCTTTTCCGATGGGATCGAGTCCGGAGCGTACCTCCGTGATGCCGCATTTCCCGGCAATATAGCGCGCCACGCCCACATTGTCGCCGGTGAGGATCATCAGCCGCAAGCCCTGCGCCCGCAGCGCCCCGATCATCCGCCCGGCGTCGTCGCGCAGTTCGTCTATGAGGCCGAAGAGGCCCGCGAGCTTGCGGTCGCAGGCGACGAAGACCGTCGTCTTGCCCGATGCTTCGAGCTTGGCCGCAGTGGCGAGGCACTCGGCGTCAATCTCGATTTCCTCCTTTTCAAGCAACGCGCGTGATCCCGAAATCCACGCTTCGCCAGCGATCACGCCCGAAACGCCCATGCCCGGGATGGAGCGGAACTCCTCGACCGGCACCGTTTCGCCATGCCATCCCTCCGCAATCGCTCGGCCTGCCGGGTGGCGCGAGAGGCTTTCGAGCGAGGCGCAGCGCTGCATGAAGTTGCCGGATGCGCCGTAGTCGAAGGTGTCGGTGAGCGTTGGAGCGCCGCGGGTGATGGTGCCGGTCTTGTCGAGCACGACGGTGGTGGTTTTTGAGATCGACTCGAAAATATCGCCCCCCTTGACGAGGATGCCTTTGCGGCTGACCGCCGTGGTGCCGACGAGGATGGCGAGCGGCGTGGCCAGGCCCAACGCGCAGGGGCAGGCGATGACGAGCACCGAGACGGCGTTCATGAGCGCCGTGACCGGCGGCGCTCCCGACAGCCGCCACCAGGCGAAGGTGGCCGCCGCGAGCAGAATGATGGCGGGCACGAACCATCCGGCGACGCGGTCGGCCACGCCCTGGATCGGCGCTTTCCGCGCTTGCGCCTCCTCGACCGTGCGGATGATGCTTGCCAGGAGCGTTTGCCTGGCATCTCCGGAGACTTTGACGCGCAGCCGTCCGGTGATGGCACAGGTGCCCGCGTAGACTTTGCTGCCGTCGATTTTCGTGACCGGTGCCGACTCGCCGGTGAGCATCGATTCATCGACATCCGCCTCGCCGCCGGTCACGACGCCGTCGAGCGGCATGCGGTCGCCGGGCAGCACCTCGACGACCGCCCCCTCGCCGATCCGTTCGAGCGGCGTGAGCGAGGTCTGTCCCTCCGCATCGACAAGCAGCGCCTCGCGGGGTTGGAGGTCGGCGAGCGCGGCAAGAGCGCTGCCCGCCTTGAGGCGCGAACCCGCCTCGAGGAATCGTCCCAGGAGAATGAAGGTGACGATCATGGCCGAGGTGTCGAAGAAGACCTCGCCGCC
NZ_CP017305.1_gap7	597567	601565	3998	TTCGAGCCGGGTACGCTCATTGTCATCGACATGGGGTGCATCGTCGATGGCTACGCCTCCGACCAGACCCGCACGGTCGCCTTCGGCAGGATTTCCGACGAGCAGCGCAACGTCTACCGCATCGTGCAAGAGGCGCAGCAGCTCGGCATCGATGCGGCCAGAGCGGGCATGGCCGCCCGCGATCTCGACGCCGAGGTGCGCAACTTCATCGCCGCCGCAGGCTACGGCGAAGCCTTCGGCCACGGCCTCGGCCACGGCGTGGGCGTCGAAGTGCACGAATCCCCGCGCGTCGGTACCGCCTCGACCGGCATCCTCCGCGAAGGCACGCTTTTCACCGTCGAACCGGGCATCTACATCCCGGGCCGCTTCGGCGTCCGCATCGAAGACATGGTAGCCCTCGGCCCCGACGGCGCGGAACCGTTGCAGCGGTTTACGAAGGATTTGATTGAACTTTAATTGCGTGATGAAGTATGAGTGAATCGAAATCCAGCGGCTACTGCATGGTCATCACAACGGTTCCCGACCGGGAGGAGGCTGAAAAACTGGCGCAGGGCATTCTCGAAAACCGCCTCGCTGCCTGCGTTCATGTATCGGATATTCACGGCTTCTTTTTCTGGGATGGCGAGATACAGAACGACGACGAAGTCTCGCTTTTCATTAAAACCACGAAGAAACGATACGACGCCCTCGAAAGCTACATTCAGGAATACCATCCCTACGATGTTCCGGAGATTATCCAGCTGCCGATAACTGGCGGATCACCTGAATATCTGGCGTGGCTGGATGCTACGACGGGGGAGAAATAAATGGAGCAATGAATGAATAATACCCCTCAAATTCTTTACAAATATGTTAGCTGCGATATTGCAAAAATTATTTTAGAAACTAATGCAATTAGGGCTACCCCACCAATTGATTTTAATGATCCGTTTGAAGTTTTGCCACAATCGATGGAGGTGACAGAGGCTTTAGGTAGAGAACTGATTAATAGGTTTGAGAGTAAGGCTTTTTACGATGTGGCGGTAAAAAATAAAGATATAACTTATCAGCAATATCTTCTGTTTTTAAAAACGTATCCCGATAAGGCGATTCAAATTTTAAAAGATACGTTTATGTCTGATGATAAGTTTGTTATGAAGGTTTTAAAAGGTAACGTTGAAAAATACTCGGAACTTTTTGGTTTACTCTGTCTTAGTGCCAAAAGAGATAATATTTTGATGTGGAGTCATTATGCGGATAATCATAGAGGTGTGGTGATTGGTTTTGATTCGAAAAAATTATTTCGACATGGATATTTTAAAGTTAGGTATTCAGAAGAAAGATGTTTTTATAACGTTAAAGATGAAAGAGATATTAATGGCCTCATGGAGTTATTTGCTACAAAAGCAAGGATGTGGGAGTATGAAGATGAGTATAGGGCGCTGATTAATTTTCATGATTGTATAAAAAGTAGTGCGGGAATTTATTTGTACGGTTTTAATAGAGAAGCAATTAAAGAGTTGATTTTTGGAATAAGAATTTTAGAAAGCGAAAAAGTAGATATTTTGCGGCTGATCAGTGATTGTCGTAATGTGAGTGTTATGCAAGCAAATTTACATGATAAAATGTTTAAAATTGAATTCGATGATCATGCGTTATGAGCTAAGAATGAAATATTTTTCTTCCATTCCTTTCAGACTCTGAAGTCCTTTTTTACCTCCCCTGCAAAATCCCCCGCAACTCCGCTGTTAAACCGGCCATCACCAGAATCACGCTGGCGTTGCGTTCGATGGAGCGCATGGCCTCTTCGATCATGCTTGAGGCGCGGTAGAGGTCGCGGTTGGGGAAGGCTTTGACGAAGCGGTTGGTGTTTTCCGCGATGTCGGGGTTGTTGAGTTCCGGGAAGGTGGGGTCGATGGCGCGGCGGGTGACATCCTGGAAGAAAAGCAGGAGTGCGTCGAGAAAGATGAGCTGTTCGGTGCGCGTGGAGCTTTTGGCGAGTTCTTCGCACGTGCCGATGGCTTCGTGGAATTTGGCGGGCACGAGGATGTTGCGGAGGTAGTCGATGGCTTTGTTGCGGATACCGACTACCGCCGGAACTGCTCCTTCGCCCGTTTCGGCTTCGATGAGTTCCAGCGCGCTCGCCAGGTTGCCGCGCGCGAGGCTCACGATGAAGCGCCGCTCGGATTCGTCCAATTGCGGGGCGCGGCGGGCGATCCACGCTTCGATCTCCACCGGTTTCGGGCGGGCGAAGGTGAGCGTCTGGCAGCGCGAGCGGATGGTGGGCAGCACCGATTCCGGGCGCGACGAGACCAGCACGAACACCACGTGCGCCGGCGGTTCTTCGAGCAATTTCAGCAGCTTGTTGGCCGCCGTCGGGTGCAAGCGTTCCGCCTGCGAGATGATGAACACCTTCTTGCCGCCGTCGCGCGGGGCGAGCGAGGCCTTTTGCTGCAACATCACCACCTGCTCGGTCAGAATGCCCATCGAACGCTCCATGGCGGGCGTGAAGAAGGGGTTGCGCAGCTTCTCCTCGATCAGCGCCTCGTAGCGCTCCTTCACCTCGGCAAGTTTCTTGTTCTCTTTTTTCGACGGATCGGAGGGTTCGAGCAGCGCCGCTTCGACTGGGAAGAGGTACTCGATGTTGGGGTGCATCAAGCGGTCGGCCTGGCGGCAGCTTTCGCATTCGCCGCACGAGCCTTCGCCTGGCAAGTCACCGGAATTGCGGCAGTTGAGGATTTTGGCGAGTTCAAACGCTACGCTCTCCTTGCCCGAACCTTCAGGCCCGGCAAAGAGATAGGCATGAGCCAGACGGTCGGCTCCGAGCGCCGTTTTGAGCACCCGGAGCTGGGGTTCGTGGCCGACTATCGAATTCCAGCTCATGCCTTTCCGCTCAGATAAAGGTCAGCCAGTTGTATGGATCCTCTCCGCTGTGGACGATTTTGAGGTACTCGTGCTGCAAGGCTTCGGTGACCGGGCCGCGTTTTTCGTTGCCGATCGGAATCCTGTCAACGCTTCTGACAGGCGTGATCTCCGCCGCCGTGCCGGTTAGGAAAATCTCGTCAGCGATGTAGAGCGCTTCGCGCGGGATGAGCGTTTCGCGAACCTCGTAACCAAGCTCCTTGGCGATGTGCATCACCGCGTGACGGGTGAAGCCCGGCAGGATCGACTGTGCGGCCAGCGGGGTGTAAATGATGTTGTGCCTGACGACAAAGATGTTTTCGCCGCTGCCCTCGGCAACGTAGCCGTTGTGGTCGAGCGCCAGTCCTTCGGCGTAACCGTCCGACAGCGCCTCCATCTTGATGAGCTGCGAGTTCATGTAGTTGCCGCCAGCTTTGGCCCACGAGGGCAGGGTGTTCGGCGCGAGGCGGTGCCACGAGGAGACCTTGACATCCACGCCGTTTTCGAGCACGTCCTCGCCGAGGTAGGTGCCCCACTCCCAGGTCGCGATGGCGACTTCGATGGAGGCGCGGTGCGGATTGACGCCAAGCGCGCCCTGCCCACGGAACACCAGCGGACGGACATAGCAGGCCTTGTGGTTGTTAGCCTTGATGGTCGAGATAATGGCGTCCTTGATCTCTGTTTCCGAATAGGGAATCTCTATGCGGTAGATTTTCGAAGACTCCCAGAGGCGACGGACATGTTCGTCGAGGAAGAGCAGCGCCGAGCCTTTGGCGGTATCGTAGCAGCGGATGCCCTCGAAGGTTGACGAACCATAGTGGGCGACGTGGGACATGACGTGGATTTTGGCGTCACTCCAGCCGACCAGTTCGCCGTTCATCCATATTTTAAGCGAGTTATACATGAACCGATGAAATTGAGTGAAAAAAACGGTAAAGAATTTTTCTTCTAAGATAGTCTGTTTTGGATTTTTTGAAAGCGGTGAGGAGCTAATTTGAGCGCGGGCGATAGAGTGGAACTGGCTTGATGGCCTGAGTGAACGCTGTTAGTCCGCAGCGCCCACTCAGGCCGTTTGCACTTAGTAAATCCTTTCGTACACGCCGTCAACCTCTCGCAGG
NZ_CP017305.1_gap8	633712	636018	2306	AACAGCTCGAAACGGGCAACTGTTTCGTCAACGCGATGGTCAAGTCCGATCCGCGTCTCCCGTTTGGCGGCGTCAAGCACTCCGGCTACGGGCGCGAGCTGTCGCACCATGGCATTCGTGAGTTCGTCAACATCAAGGCCCTCTTGCTGCCAGGCTGAACGGGCGCGACGATGGCGTTCCGGGGCTGGGAGCGGATTCCGTTGCGCATCGAGTCGGGCGAAACGGTCGAGGCGGTCGCGCCGGTGATCGTTTCAGCCAGCCGCGCCACTGACCTTCCGGCATTTCACGCCGAGCGGATGATGGCGCGGCTTCGCGCGGGTTTCGCGCCGTGGCGTAATCCGTTCAATCCTCGACAGACGCAATACGTCTCGTTCCGTAAAACGCGAGCCGTGATTTTCTGGAGCAAAAACCCCGCGCCGCTTCTGCCGTATCTCTCCGAAATCGATGCCCTCGGCATCAACTATTATTTTCAGTTCACGCTGAACGACTACGAAGCTGAAGGTCTCGAACCGGGCGTACCGCCGCTGGACGAACGGGTCGAGACATTCCGGCGTCTCGCCGAACGCATCGGCCCGGAGCGCGTCATCTGGCGCTTCGATCCGCTCCTGCTGACCGGCCAGCTTACCGCCGATGCGCTGCTTGCGCGGATCGAGCGGCTCGCCGGAGCGCTGCGCGGCTGCACCCGCAAGCTCGTCATCAGCTTCGCCGACATCGAGCGCTACCGGTCGGTCTCGCGGCGACTGTCGCGCCATTCCGCCGGAGCGCGTGAGTTCACGCCCGGCGAAATGACGTCGTTCGCGGCGCGGCTTGTCGATCTCAGCGCTGAGTGGGGCGTTGAACTCGCGACTTGCGCCGAGGAGATCGAGCTGGCCGGCATCGCGCATAACCGCTGTATCGACGGCCGCCTGCTGGCGCAGTGCTTTGGCAACGATGCGGAGCTGATGGAGTTTCTTGGTGGCGGCGCTCTCTTTCCGGGCGGCGTGGCGAGCGGCTCCGCGCTGAAAGACCGGGGGCAGCGCAAGGCCTGCGGCTGCATCGTGAGCAAGGATATTGGCGCGTACGGAACTTGCGGACACGGCTGCCTCTACTGCTATGCGTGCCGGTAGCGGTTGTCGTCGAAAATCAGGAGGACAAAAAAACCGGGGCGTTGTTGCGCCCCGGTTTTCAGATCGTGCTGTGTCTGGCAAGTGTCAAATCATCTCCGAAGCGAGTTCGGACAGATAGGTCTTGATCGATTTGTGCTTGTCGAGATTGAGCTTGCGGTGCATGCGGTAACGGATGCTCTCCATGCCTCTGGTCGAAATGCCGATCGAGCGGGCGATCTCGCGCGTGTCGTAGTTGAGCTTGACCATGAGGCTCGCCCGCAGTTCACGCTGATTCAGGTTCGGGTGCTTTTTCTGGAGTTTCGAGAGGAACTCGGAGTCGCCGACCGTCAGTTCGGTTTTCAGGCGTTTTTCGGTCAGCTCCGTCTCGATCATGTTGTGGCACTGTTCGAGAATCTTCTGCTTGTTCGACGGCTCGATGTCGAGGTTCCTGATCTGGTCGCAAATCATGTGCAGGGTCGAGGCCTTTTCGCCGACGGCGGTGGAAATTCGCGTCAACTCCATCTCCTGCGCGGCGATACGCGATTTCAACGCAGCCTTTTCCTGCTCGAATCGCTGGATCTCTTTTTTGCCAAGTTCTACCTGGGCATTGAGCTGGATGATTTTCTGGCTCAGCTTCTGCTCGCTTTCCGTTTTGAGGTGCTGCAACTCCTTTTCATGATTTTCATCTCTCGCTCTCAGATCCTCCTGCATGTGATCGATAGCCTTGAAATAGGGATAAAAGGGATCTTCGGCGGGCGGAAGGAAAATTTTCTGGTTGAGCATGTTGAGCCACGAAATTCTGGCGATGGTCGCGAGGAACTCGTTTTTCATCGTGTCCTCCTCGTCGGCCTCCTGGCTGCCCTGAATCTCCGATACATTGCCCGACCGGTATTCGAGAAGGGTGGTCATCGCATCGCGATAGTCCTCCCTGAGCAGGACGGTCATCGTGTTGGGCGCCATTGCGGCGAAGGTTTCGATGATGGTTTTGCACGATTCGTCGATGTTGAAGAATACGACCACCTTGAAATCGAGGCCAGAACCGTAGACAATGTTGTTGATCCCCTGCTTGTACTGGTAGGAAATGTTCCCGATGTTGTTCATGTCCCAGAGGAGGTAGAGCGGAGCGTCCTTGATGCCGCTCTCTTCGAGTACCCTGTTGACCAGGTCGATGCTCATGGAGTTCAGCGTGATCGGATGGTCCGATTCGACGTAGTGGTGAAA
NZ_CP017305.1_gap9	650206	654239	4033	TGAAACCATCGATTTCCGCAACTCCTGTGCATTCCCGAAGACCGCTTCGTAGACCTGCCTTCGCGAAAAGCTCGGCCTGCCGCTCGCCTTGAGCACCTTGTCCATCGTGCGGGCGATTTTCGGCTCGACCAGCGTGAAGCTGCCGCGAGGAATGACGAAGGGCATCACCAGGCCGAAGTGCTCGTAGGCCTTGCGGAACTGGGCGAGGTAGCTGATCTCGCCGGGGCCGCCGACGTAGGCGAAGGTGGGGAGCACGGCGTCCTGCACGATGGGGCGCAAGACGACATTCGGGCTGAATTTTTCGGGGTGATCCTGGCAGAGCTCCATCAGTTGATGGCGCGTGTAGCGCTGCCGGTCGGGCAGCACGACGAAGTTGTCGGGCGAGGGCTGTTCGATCTTCAGCCGCTGGCCGAGCTGGTTGAGGTAGAAGAGGTTGACCGGGCGCGGCTTGGTCTGCGCCGGATAGCCCATCGATTCGAGGGTCGAGCTTTGCGCCACCACCTCGTACGACGAAGCGGGCGCGGTTTCGATCTCCCGGCAGAGCACCTCGCTGGCGAGCCGCTTGAAGCGGGCGTCCTGCGCCGAGACGAGAACCAGGGGATGGTCGCGGAAGAGGCGGTTCATCGTCCGCGCGAAAGCGATCTCGAAGGTGATGCCCGGTTCGTAGCAGGAGCGGAGCAGTTCGGCGATCTCCGGCTTGAACTCCGTCTCCGGCAACAGATCGAGGAACTGTTGCACCGTTTCGCCGATGCTCGCGTCGAGCAGGGTGGCTCCGGCCATCTGGTCGGGGAGGCGATGCGCGGCTTCCACCGTGACCGTTTCGAGGCCGCCGCCGGTGAAGAGCAGCGCCGAGGAGGCCTCGTCGAAATCGTGATCCTCGCTCTCGATCCAGAACACCGGCACGAAGTCGTACTCCGGGAACAGCTCCTTCTGCTTGCGGGCGACCACCACGGTGGTCAGCGCCTTGTAGATCGTGTAGAGCGGGCCGGTGAAGAGGCCGGTCTGCTGGCCGGTGACGACCGTCATGCAGCGTGGCGAGCGGAGCTTTTCGATCTCCCGCTGCTGCCGCTCCGAGCCGCCGAACCGTTCGTTCTGCGCCGTCAGCAGCTCCACCAGCGCCTCGCGCCGGAAGTTGCGCGACGCGAGCAGGCCGAGGTGGCGGTAGTAGTCGGCATCCTTGCGGTAGTCGAGATGGAAGCAGCCCGAGAGCAGTTTCACTCGCGCATCGCTTTCAGAGGCGTAGTCGCAGAAGAGGCGGGAAAAGCCCTTTCTGGGCGTCTGGATGTGTTGATAGTCGATGAGAAAGGTGTTCACGTGCTCACTTCTTGATGGTGTTCTGGAGGCCCCAGGTTTCGAGTTCGCTCCTGAAGCGATGGTCGGTCATGTCGCAGGCGATCGGCGTGACGGCAACGTAGTTGTGCCGGACGGCATATTCGTCCTCCGAAAGGTCGCTGTCGTGCAACTGGAGCGAACCGCCGAGCCAGTAGTACGGGTTGCCGTACATGTCGTGCCGCTCGATGGCCGACTCTTCCCATCGCGACCGCCCCTGTCGCGTGAAGAGCACGCCGCGAATCTCGCTTTCAGGCACGTTGGGGATGTTGGCCGAGAGGATGGTATCGGGCGGCAAGCCACGTCGGAGCGTCTCGCGGACGAGCTGCCGGGCGAACTTGGCCGCGTAGGTGAAGTCGGCGTTCTCGTAGGTGGTCAGCGAAAAGGCGAGCGATGGCACCTGCTGGATCGCGCCCTCGCGGGCGGCGGCCACGGTGCCGGAGTAGAGGCTGTTCATGGCTGTGTTGCTGCCGTAGTTGATGCCGGAAACGATCAGATCAGGCTTCTCGTCGAGGATGTGACTCAGCGCCACCTTGATGCAATCGACCGGCGTGCCCGAGACGGTATAGCCGAAAAAGCGGTTGTTTTTCTGATACTCCCGGATGCGCAACGGTTCGCCGAGGGTCATGGCGTGGCTCTTGCCGCTTTGGGGTTCGGCGGGCGCGACCACCGTCACGGCGCCGATCTTTTTCATCGAGGCGACGAGCGCGTGCAGGCCGGGGCCTTCGATGCCGTCGTCGTTACTGACCAGAATATGCGGTTTGGTTCTTGCTGTCAAAAGGTGTCGATGTATGGTTTCAGATAATCTCAAAAGTCATGGCCAAGGCTGAAATAGAGCATGGTATCGTCAAAGTCGATCCGGGCGGCATCCTTGACCTCATCGCGTTCTAACGCGAACGGCTTGGCGATGGTGAACTGCGCTGGTCCGATCGGCGTATCCCACACCAGCCCCGCGCCCGCGCCCTGAAGCAGTCGGCTGGCGGACATCTGCGAGCGCCGCTCCCAGACATTACCGATGTTGTACGACAGGGTGAGCGAGGTCGGGAAAAGGAGCTGTATCGGCGACCTGTAGCGCAGCATCGCTCCGGCGACGGCGATGTTGTTGCCGATGAGGTCGCTGTCATTCAGGCCGATGAAACGGTAACTGTAGGCGGTGCCCGTTCCGCCGAGGAAGAATTTTTCGGAGAGCGGAACCTCCTCGCTGCTGGTTCCGGCCAGCGCCGTCAACTGAAGCGTGACGGACGAACTGATCGAGAGGTTCTCCTCATGCGTCGCCGCCAGTTGCCAGAAATTGTCCAGCTCGCCGGAAAGACCGGAGGTCGAGCTGTACCGGATGCTGGTATATCGTCCGCCCGAGGGCAGGAACGAACTGTCGCGACTGTCGAAGATGAACTGTCCGCCGATGGAGGCGAGCGTGAGGTTTCCGGTGGCGAATGGCTCGTCGATAGTGTCCCTGATGTACGACTGGGCGTTCTGCGCGGTGACGTCTGCCGTCAGACGGCCGTTTTTGCTGACCCGGGTGCCGAACGAGGTGGTGAAGCCGTAGCGCTGGATGCCGAGCGAGCGGGCCTTGCCGGTCGCCTGCAAGCCCGATTGCTCGATGAGCGCAAGCTGGCGGGTTTCGAAATCGCGCTGGTCGAAAAATGCCCTCGTGAACATGGTCAGCGGCGTGTTTCCGATTCGCGGCATGCTGTATTCGAGATTGAAGCGATTGTTCTTCTGGCCGATCTTGGCCCAGCCTCCAGCGGAGTTTCCCGTGCCATAGAGGTTTTCGTTCCTGAAATCGAGCAGGAGTTGCGCATTCGAGGTATCGTCGTAGCGCATGCCGATACGCAGCACGGTGGGCAGCTTCTCGTCGAGCCGGACGAGCAGCGTGCCGTTGCCCTCCTTTTCCTGCCAGCCTGGGCTTTCCGTGCTCAGCGAGACCCGGTTGAAGACGCCCGTTCCGTAGAGATTGTCGAATGTTTTTTCGGCATCCTCGTACCGGAATGCCCTGGTGGAGTCGATGGCCATCTCCCGTCTGACGGTCATCGGTTTGGTGATCTTTCGCTCCTGTTCGATCTCGACCTTTTCGATTTTTCCCGAAGTGAGCTGAACCGCGAGCGTTTTGCCGGTCACGGAGACGCTTTCGATTCCCACGAGGCTGTACCCCTTGTTCCGGTAGAGACGGATCAGTTCTTCAAGCGACCTGGTCGCGACCGCGCTGGTGTAGAGTTTTCCGGTGAGGGGTTGAAATACGTTGACGATCTCTTTTTCGGGAACGGCATTGTCGGGGCCGCCGGTGACCTCGATGCTGTCGATCCTTGGCAGCGGTTCGAGGACGAAAACCGCTTTTTTCGACCGATGGTCGAGCCGGGCATAAGCTCGTGTGAAGAGGCCGGTTTCGAGCAGTTCGTTCAGGATTTTCTTGACACCGGTTTCGTTGCGGATGATCGCTTTCGCCATTCTCGACTGTTCGATATACTCGGCAGAGTCCGGAATGCCCTCGATGCTTTTGCTGAATCCGGCAATGCTGGCGTCGTTTCGTGGCGCGAGCTGGATGTTTCGCCTGATGACCGGGGCGAGCAGGCGGCCCTTGGTGTATCCGGCGGCGATCATCTGGCGAATATCGGAAAAATCGGTCGCCTTGTGGTCGCCAACGTCCGGAGTGATGATCAGGTCGGCTTTTTCGAGCTGCTGCGGGTACTGAACCTGAGTCAGGATG
NZ_CP017305.1_gap10	841598	842783	1185	GCTCGTCGATATTCCCGAAAGCCCGGAACGCCCTCACTTTCATATCGAACGGCCCGTCCGGCGCGACAGCGGCAAGCGTTGCCTCGAGCGGCGAGTATTCATCCGCGACGGCAGCCACAACAAGGCCGCTTCGGATGACCGCATCGAACTCATGCTTTCGTCGAAGGAGCCGGTCAGGGTTTCGTTTACTGACCGCGAGCGCCGCCTGCTTGACTGGCTGAGTGACCACGGGCGCATCACGGCGGAGCAGTTCGCCGACAGCGCCTGCATTCCGATGAAGGAGGCGCGGCGCATTCTGGTGTCGCTGGTCAGATCCGGCGCGTTGCGGCTCGACTCCATGAATGGCATCGGCAGCTACGCTTTGGCGCTCCGCTGATCGTCAGCCAAAACAGCCTCGTTTACCCTACATTTTCGTATTATTATTTTAGGAAATCATCCTAAATAACCGTATTTATTTAAGTCGCAACCGAGTGGTTCGACTCAGTACGCAATCTCTTTTTTTACCGGCCATGACCCGTCTGTTCGATCATTACCTTCCGCAATCCGATCGCTTTTTCGACGAGGTAATCGCCCGTGAAGGCGCGCCTCGCTCTCATTACGATATCATGATGCAGCGGTTCAACCAGTTTTCGGCGGCGGATATCCGGGCGAGGCGGGAGCTGGTGAACATCTTTTTCCGCAACCAGGGCATCACTTTCACCGTCTATGGCGTTGACGAAGGGATCGAGCGCATCTTTCCGTTTGACCTGATTCCGCGAATCATTCCCGGTTCCGAATGGGAGGGGATCGAGCGCGGACTCGTCCAGCGCATTACCGCTTTAAATCTTTTTCTTTCCGATATTTATCTGAATCAGAAAATCCTGCGCGACAAGGTGATTCCCGCCGAACTGGTGCTTGGCAGCAAGCACTTCCGGCGCGAGTTCGTCGGCGTGCGGCCGCCGCTCGGCATCTATATCCACGTCACGGGCAGCGACCTCATCCGCGACGCGGCCGGCCGTTACCTCGTGCTCGAAGACAACCTGCGCACGCCGAGCGGCGTCTCCTACATGTTGCAGAACCGCATCGCCATGAAGCGCGCCTTTCCGGTGCTTTTCGACCGCTATACCGTGCGCCCGGTCGAAAACTACCCGCAGCAACTGCTCCGGACGCTTCAGGAGATCAGCCCGACGCCGAAGCTCGACCCGA
NZ_CP017305.1_gap11	867400	869546	2146	GAACGACTGCTCTCCGGCCAGAGCGCTGAAGCGTTCGATGCTGCTCGCGGTTATCTCGTTTTTCGCGTAACCGCGATCGAGGTTGATCTCTTTTTTGGTGACGATGAAATCCGGGTTCCAGTCATCGACATGATTGAGCGCAATGCCGGAGAGGCTGTAGGCGATGATAAGCGCGGCAAAGAAGTAGCCGAGGTCGCGATGCAGGATGTTGTTGATTCTCCTTGCGTTATCGAACGGTTTCATGGCGTGGGCGATTATGGTCTGGTTTTGGCGTTCAGGGTTTCGATCTCTGTTTTCACGGCCTTGACGATCCACTGTTCGATAGCCGGATCCGGCAGCAGGGCGTCGGGCTTGTAGCTGACGCGCTCTTTTCCGCCATCAGCCTTTTCGATGCCCCCGCCGATGATCCGCACCTGGAAGTTCTCGTCGAAGGCCACCAGCACCGGAATCACGAGCGCCCGCTTTTTGCGTTTCAGAATTCTGTTGATCGCCGCGGTGGTCGAGTCCGGGCGGTAGCGGACGATATGGCCGCACCAGCCGTGCGTCAGGGCGTCGATGCCGGTTTCCTGCCGCACGGCTTGTCCGACTTTGACAAAGAGCTCGTTCCACTCTTTTTCGTACTCCTCGTCGCCGTAGCCGATCAGCACGATTCCCTCGTCGGCGGGATGTTTCGACAGCGCCCTTGCCCGGCGAACGACATTTTGCCGCAAAGCGTCGCCGAAGTCGAGCAGCGGCGTCATGCGGATGGCCGCTTGCGGCTTGTAGCGCTCGATCTTTTCAAGCTTCAGGGTTTCCATCGAGCGCGGATCCTCCTTCTGGCCCATGATGGTGGGCAGGTCGTCGAAGGAGTGCGGGCTGACAGTCAGGAAGAGTGGCACGACGACGACGTCGGTGAAGCCTTCGCGGTCGAACTCCTTCAGGCGTGTGGCGATGGAGGGTTCGGTGTACTCCATGAAAGCGGTTCTGACTGCGGTAACGCTGCCGCTCGTAAGCATTGCAGGGGCGACCCGCTGTTCGAGGTCGAACAGGGCGTTGCGCCAGCTTTCGGATGGCGAGCCGTGGCTGACCAGCAGCACGGCGGTTTTTCGCGGGCCGCGCGGGTCGGTCGTTGCCGCCGGATTCTGTTTCCTGGAGCAACCGGCGAGAGCGGTAAAAAGCATCGCGACGAAAAGCAGCAGCCGGGCAGCCGACCCGCGGCCTGCCGCATGGAGCGTACGCAGTTGATTAGGCATCGGTGTTTTCAGATGGTTGAATGGATTGATTTGACAGGGTCTGGATTGAACGATGTTGGTCATGATTCATCTCGCCGGTCAGATGAGCTTGAAGAGCAGCGGAATGTTTACCGTGAGTCTGCCGAGGCCGAAACCGGTTGGCGGCGGAAACGGAGCGGCTTTCCGGACAGCGGCGAGCGCAGCATTGTCGAGCGTGGAGAAGCCCGATGACTTGACGATGCTCGTCGAGATGACGGCCCCATCGCTTCCGATGACAACGTTCACGATTACCGCGCCCTCCTGCTGGAGGCTGCGGGCGAACGGCGGATAGTGTTTTTTCGCCTCGATCCGGCTTCGCACGATCGACAAATAGTTGCCGGATTGGGAAGCAGGAATAGCCTGCGGCGTACCGGCGGAGGCGCTTTCCGCCGCAGGTTCCTGCCGGATGCATGGAGGAGGGGCATCCGGTGAGGTTGTTGACACGGTTGTCGGAACGGGTTTCTGCCACGCCGGTTTCATGGCTTGTTCCTTTCTGACTGGGTGCGGCATGGGCTTTGCGGTTTGCGTCGGCTTTTCGGGGCGCGCAACCGCCGAGGTCAGCGAAAGATCGATGCTGGGCGCGGTGGGCGCGGTTTCCGTGCGGGTCGTGAACACGAACGGAGTCAGTGCCGCCAGGTGCAACAGAATCGAGGCGCTGAATACCCCCTGCCGTATCCGTTGCGCGGTCATTCGGGTTTACGCTTGTCGGTCACGACGGAAATGCCGGTCGCTCCCGCCTGTTTGGCCTTATCCATCACCTCGATGACCCTGCCGAAATCGACCGTTTTGTCCGAAAGCAGATGCACCGTCTTGTCGGCCCTGCCGTCGAGCAGCGATGCGATCTCCGGCTTGAATCGCTGGCTGGAAACCGGCTGGTTGTTCAGGTAGAGGTGGTT
NZ_CP017305.1_gap12	927873	929227	1354	ACGGCCAGGTGGCGTTCCGCTACACTGACGCCGAGGGCAACGCGACCGCCGAAGCCAACTTCAACGGCTCGATGAACAACATCGCCGGCATCGTCAACAGGCAGGGCAACGTGCTTGGCCTGATGCCGCATCCTGAACGCGCCAGCGAGAAGCTCCTCGGTTCGGAGGATGGCCGGAAGCTGTTCGAATCGCTCTTCGCGCATCTCGCCGGAGCGTAAGTCGGCCTTCCGATGGGCATGAACGACACATCGCCAAAGGCCCGGATTTTCTCTTGGCTGCTGTTCGATTTCGCCAATACGTCGTTCAGCGTCATGATGGTGACGTTCGCCTTTCCGCTCTACTTCAAGAATATCATCTGCCAGGGGGAACCCCGGGGCGACGCGCTCTGGGGCATGAGCGTCAGCGTCTCGATGCTGCTCGTGGCGCTCATTTCGCCGGTACTCGGCGCGCAGGCGGACTACTCGGGGCGTCGCAAGCGCTTTCTCTTCGCCTTCACGCTCATCTCGGTGCTCTCGACCGCGCTGCTCTCCTTTTCCGGACCGGGCATGGTGCTCGTGGCGGCGGCTCTCTTCATTCTCGCCAACATCGGCTTTGAGGGTGGCCTCGTCTTTTACGACGCCTGGTTGCCAGAAATTACGTCGCCTCGCAGTATCGGCAGGGTCTCCGGCTACGGCTTCGCGATGGGCTACCTCGGCGCGTTCGCCATCCTCCTGATCAATCTGCCGCTGCTCTCGAAGGGGATCGTGCCCGCAAACATTCCCAACCTCAAGCTCAGCTTTCTCATCGTCGCTCTCTTTTTCGCCCTTTTCTCCGCTCCGCTTTTCCTGATGCTGCGCGATACGAAAGGTTTGTCGGATTCGTCATCCAACGGAGCGCAGCGGCGGGAACGCGGCTCTTCGTTCGTGCACTCGATCAAAGAGGTCGGTTACACGATCCGGCACATCATGAGCTATCCCGATCTCGCGAGGTTCCTGCTCGCCTACTTTTTCTACAACGACGCGATTCTGACGGTCATCGCCTTCTCGTCGATCTACGCGCAGAACACGCTCGGATTCACGACGGGTGAGCTGATCACCTTTTTCATGACCGTGCAGACGACAGCCATTCTCGGTTCGGTGGTTTTCGGCTTCGTCACCGACAAGATCGGCCCGAAGCGCACCATCGTGCTGACGCTCTTCATCTGGTTCGCCGTGATCCTCCTTGCGATCCTCTCGGCGACGAAGCAGACCTTTTACATCACCGGCCTCGTCGCCGGGATGTCGATGGGGTCGTCGCAGGCGGCCTCCCGCTCGCTCATGGCGCGGCTGACGCCGAAGGAGCACGTCACGGAATTTTTCGGCTTCTACGACGGCAG
NZ_CP017305.1_gap13	931508	935422	3914	AGGCGCTGACGAGCCGCTCGCGGATCATCTCCGCCCCCATGAACCTGCCGGTGCGCCAGATTTGCCTGTCGTCGAAAGGTTGCAGCTCCATGAAGCGCACGGTGACGGCGTGGTTGCGCGTCAGCTCGACGAATGCCGGGATTTCGTCGCTGTTGATGCCCCGTAGCATGAGCGTGTTGATCTTCACCGTGAGGCCGGAGGTGGCGAGCAGCCGGTCGAGCGCTTTGCGAACTTGCTCGAAGCGGTCGCGCCGCGTGATCGATTTGAACTTTTCGCGGTCGAGGGTGTCGAGGCTGAGGTTGACGCCGTCCAGCCCGGCCTTGACGAGGGCGTCGAGCTGACGGTCGAGCAGTACGCCGTTGGTGGTGATCCGGATGGTGTCGATGCCGGGAGTCGTTTTGGCGATGCTGACCAGCTCGGCGATGCCTGGGTGAAGCAGCGGTTCGCCGCCGGTGAAGCGGATTTTCCTGACGCCCATTTCCGCCAGAACGCGGATGAGCCGCGAGGCGTCGCCAGCGTCGAGCTGCCGCGTCTTTTGCGGCGCTTCGGACTCGTCACGGAGGCAGTAGGTGCAACGCAAATTGCAGGCGCTGGTGACGGCGATACGCACGTAATCGACCGCGCGCCCGAAACGGTCGGTCAGCTCCGCGCGGCTTTGTCCGGCATCTCGCGTCATCGCTTGTATCCGTTTCCCATCATACGCAGGACTTTACCGAGCGCTTCGGGATCGTTGGCATTGAAGAGCGCCAACGGGTTGCGTGGTTCGACAAGCGCCACCCGGTTGCTGCGGAGAAACGAGCGGAGCGAGTCGTTGCCTGAAGCGTGCGCTTCGAGAAGGCGGCGGCGCGATTTTGGCTCGTAGATCGCCAGCAGCGGCTCCGGGCCTCCGTCGCCCGCCGCAAACGCCGTGGCGAAGCGGAACGGATTTCGCGCTTCCGTGAGCGTTGCAATCACCGCTTTGTCGAGCAGTGGAAAGTCGCACGCAGCCACGAGCCAGCCAGCGTGCGGACGTTGGCGCTGTGCGGAGAGGAGGCCGCCGAGTGGCCCCATGTCGAGATAGCTGTCGGCGATGGCCGGAAAATTCGCGCTTGTCGCATAGTTTTCGACCTGCTCGGCCCGGCAAGAGATGAACACTTGATTGCAGACATCGCCAAGCAGCGCTGCCGTGCGTTCGAGCTGGTTCGGGCCGTGGTAGTTGAGCGTCGCTTTGTCCCGGCCCATGCGCGAGCTTTGACCCCCCGCGAGCACGAGGCCGTGGAGTGGAATGGCTTCGGCGCGTTTGCGGAACCACTCCTCCACGAAGATGCTGATCGCGGGCACGTCATCCCGGTGGAACAGCGGCAGGTCGAACCGTTCGAGTTCGTCCGAATCGCCGCTGTGCACGAGCGCGAGCACCTGCGGGATGGCGTCGTCTTCAAGCATCGGCAGTACGGCGCGGTCGCGATCCACCATCAGCAGCTTCGGCGCCGGCAGCTCTTTCAGCCCTTCGATGAAAAGCAAATCTGCCGACAGTACGGAACCGGCGATGTCGAGTCGTCCCGTCCCTTGAGATATGAGCGCCTCTTTATCTCGGTCGGCGATCAGCACCGGCACCGCGCCTGCTTTGCCGAAGCGGTCGGAGTCCTTGCCCTCGCGGTCGATCTCGAAGCGGTGGCAACCGTGCTTGAAGGCTGCGACCTCGAATCCATTTTCCGAGAATCGACGGATCAGCTTTTCGACGAGGGTGGTCTTGCCCGAGCCGGAGAGGCCGCCAATGGCTATTTCAAAGGGATGGAACATCTTGTCGCGTTGTATCAAAATGCGTTTGCCCACGGAAGCCACGAGCAGGTGACGAGCGATCCGGCGGGGAGCGGTTCTGGCGACGCTTCGGCTTCGATCAGGCAGTCGGCTTCACGAAGCGCCGTGAGCATGTGGGAGTCGGTCTGCTGCGAAATGCGGCAGCGAATTTCTCCATTTTCAATCTGTGTCGCGCCGAACAGGAAGCGGTAGCGCTTGCGGTCGGCGGGGAACGGCTCGTCGAGCGTTGCCGTGAACTTCGGCGCTGGCGTCGCGCCCTGCATCAGTGCGAGGGCGGGGAGGGCGTATTCGAGCAGGCAGACCAGCGCCGAGACCGGGTTGCCCGGCAGCGCGAAGACAAGCTTGCCCGCAGCGGTCGCGCCGAAGTAAACCGGCTTGCCGGGCTTCTGCGCCACCTTCCAGAAGCGCTGTTCGACGCCGAGCGCATCGAGCGCTTCGTGCATGAAGTCGAACTCGCCGGTCGAGATGCCGCCCGCCGTGACGATAACGTCCGACTCCGCGATGGCCGCAGCCAGCGCTTCGCGAATCGCTTGCCGGTCGTCCCGCAACTGGCGCGTCTGCGTGACCTCGGCTCCGGCGGCTTCGACGCACGTTTCGAGCAGCGGCAGGTTGCTGTTGTAGATGGCGAGCGGCTCGATCGGTTCGCCGGGCAGGCGCAGCTCGTCGCCGACTGTGATGATCGAGACTCGCGGCTGCGGCCTCACGAGCGCCGAAGCGACGCCGAAGGTGGCGAGCAAGGCGATTTCGGCAGGCGTCACGCGGGTTCCGGCGGCGGCGAGCAGTGCGCCCGCGACGACCTCCTCGCCCGCGTGGCGGATGTTCGCGCCCTGTTTGGGCGCTTTGTAGAACTCGACGGCGGCGCTCTCGAAGCCGCTGGTTTGCTCGAAGGGCACGACGGTGTCGGCCCCCTCCGGCACGGGCGCGCCGGTCATGATCCTTGCGCAGGTTTGCGGCGCGAGCGGCGCTACACGGAGCGCTCCGGCAGCAAGCTCCTGCGAGACCGGCAGCGTAACGGGCGCGTCCTCCGACGCTCCGGCGATCTCGTTGTGCCTGACGGCGAAGCCGTCCATCGCGGCGTTGGTGAAGCGCGGCATGGCGAATCCGGCGCGAATCTCTTCGGCGAGCACCCGGCCACGGAGCTGGCGCAACGGCGCGGCAACCGCCGGGCCGCATGGCGTGACCGTGGCGGTGATGATTTCGTGAGCTTCGTGAACAGTAATCATGCGTGGCCCTCCCCTTTGAGCATCGGAAATGCGTGGAAAATACCAGGCACAATCGCTTCAAGCGCGTCCCTGGCCGCGCCCGTGCTGCCGGGCAGGCAGACGACCACCGTGCTGCCGATCACTCCGGCGGCGAGCCGCGAAAGCATCGCGGTTCGGACTTTACCCTGCCCCCACCGGAAAAGCTCCTGCTCCACGCCGGGCAGCCGCCGGGTAAACTTCGGCGCGAGCGTGTCGATGGTGAGGTCGCGCGGCCCGAGACCGGTGCCGCCGGAGGTGACGACGAGCTCGACGCCTTGCGTGATCCACGCTTCGACCGTCGCGACGATCTGTTCCGGTTCGTCCGACACGACGCTCAGCGCCTCTACCGCGCATCCCGCTTTTTCGAACCCGTCGCGCAAAATCGCGCCGGAGCGGTCGGTGCCCCGTCCGGCGGCAATCGAGTCCGACATGACAAGGATCGCCGTGCGCGGGCGATACTCCGCCGTTGCCGCCGACTTGCCGCCGGTCTTCTTTTCGAGCCGGATGCCGGAAATCTCCATCGTTTTGTCCACCGCCTTGCACATATCGTAAATGGTGAGCGCCGCCACCGACACTGCGGTCAGCGCCTCCATCTCCACGCCGGTCGCTTCTCTGGTGATCGCCGTTGCCGTGATGCCGACAGCGTTGTCATGCAGCTCGAAGCCGATGTCGATCCAGGAGAGGTTGAGCTGATGGCAGAGCGGGATGAGCGCCGAGGTCTGCTTGGCCGCCTGGATGGCCGCGATCTTGGCTGCCGCCAGTACGTTGCCCTTGGGCAGCTCCTCCTGGCGGAGCAGCGCGATGGTCTCCGGCTTCATGACGATCCGGCCCGAAGCGCGAGCTTCACGCCGGGTCGGTGGTTTTCCGGAAACGTCA
NZ_CP017305.1_gap14	1076997	1081145	4148	GAACTTGATCATGATCGGCGGGCCGCAGAGGACGGCGATGGTGTTCTCCGGCGACGGGGCGGCCTGTTCGAGCACGGTCGGCACAAAGCCCACGTGATCCTGCCAGTCCGGCGTTTCGCCTCCCGGATCGACCGTCAGCACGAGCCGTACGTCGTCGCGCTTTTTCCACTCGTCCAGCTCATCCTTATAGACCAGGTCGGCCACGGTTCTCGCGCCGTAAACGATGGTCACGTCCTTGTACTTCTCCCGCTGGTCGAGGCACGACCAGATGACGCTGCGCGTCGGGGGAAGCGCGATGCCGCCCGCGATGAAGAGGAGGTTCTTGCCCTCGAACTCTTCGATCGGGAAGCGGTTGCCGTAGGGGCCGCGGAAGGTCACGATGTCCCCTGCGTCGGTGTTGGCGAGCGTCGAAGTCACGCGCCCCGACTGGCGGAAGGTGCACTCGATGTACTCCTTGCGGGTCTCCGGGCTGGCGACGCAGAAGGTGCTCTCGCCCTCGCCGAAGATGCCGTACAGACCGAACATGCCGGTCTTGTAGTTCGCCTTGAAGAACTCGTGATCCTCCTGCTTGACGAATTCGAGCTTGAGCGTGTTGACGCCGGGGGCTTCAGCGCGCTTCGACACAACCCGCATCGGAAACGGGCTGTAGATCATGTCGTGGGTATGGTATCGGTCTTGTGTCACCTCGGTAAATTTGAAATCGCTTGCAGAGTTTCGGTAATACCCATGTCCACCGGGCACTGGCGGGTGCAGCGGCCGCAGCCGGAGCAACTGTTGACGCCGAACTTGCCGCGATAGTAGTTGAATTTGTGCATGATGCGCTGCCGCCAGCGGGTCGATTGCGTGTTCCTCGGGTTGTTGCCGGAGGTGTGCATCGTGAAGAGCGGGAAGGAGCAACTGTCCCAGTTCTTGCGGCGGATGCCCTGGTAGGTGTCGCCCTCGTCCTGGATGTCGAAGCAGTGGCAGGTGGGGCAGAGGAAGGTGCAGCTTCCGCAGCCGACGCAGCGCAGCGAAATATCCTTCCAGAACTGGCTCTCGAAGCTCGCCGGATCGGCCAGCCACTCCATCACCTTTTCGACATCGAACTTCTCGGCCACCTGGGGCAGGGGAGCGGTTTCGGCGGAACTCTCCTGCAGGAGCGAAGAGATCGTCTCCAACAGCGCCGTGCCTCGATCCGAGACAGCCTCGACCTGCCAGCCGCTGCCGTCCGAGAGCGGGCGGAGCAACACGTCCGCGCCTTTCGAGCTGTCGGGCGAGAGCTTCACCGAGGTGCACATGCAGAAGTCGTCCGCCTGCGAGCAGGCGATGGTGACGATCACCGAGTTGTCGCGGCGGCGGAACCAGTAGTCGTCCTTGTAGTCCCAGCCGAAGAGCGGATCGTCGATGGCCAGGCCCGAGGCGTCGCAGGGGCGCACGCCGAAGAAGACGCGCTTCCTTTCTGGCGGCGTCATGGTTTCGCTGTCGATCTGGTGCTTGCCGATCTTGTATTTGATGAGCGGCTCGGTCTGTGGAAAGAAGTGATCCTTGATGGTGCGCTCGGTCAGCACGAGGTCGAGGGCCATGTCGCTGGCTTTCTGAACCTCGCCGAAGGTGCTCATTTCGTGCCGTTTCACGGGCGCGAGCACGCTGAATCCGGCTTTTTGCCACGCGGCAAGGCAGTCGTCGAGTTTATTCCTGAGAAGTATTCTGGTCATGCTTGTCCGGATGCTTAAAGAATGAAGGTCTCGGGATCGTCCTGCTTGAAGCTCGCGAGCACCGGTTTCTGGTCGCTGTTTTCGCCAGCGACGTAATTGAAGGCGCTACGCACCTCCTTGCCCATGCGGTAGTTGACGAGCCGGAGCGGAATGTTCACCGGGCAGGCGCGGTCGCAGGCACCGCATGCCGCGCAGCGTCCGGCAAGGTGGAAGGCGCGGACGAGGTTCCATTCGAAGTTGCCGAGGGTGTGCGACGAGGTGCTGACCCACTGCGGCTGGTTGACGTCAACGATGCAGCGGCGGCAGTAGCACATCGGGCAGACCTGGCGGCAGGCGTAGCACTTGATGCACTTCGAGAAATGCTCTTTCCAGAACTCGAAGCGCTCGGCGGGACTCATCGCCTCGATCTTTTCGGCGGCCTCGATGACGTGGGGCGGCGGCGTCAGCTTCCTGATTTTTTCGCCGATGCTGAAATCCGAAATGTTCCGTCCTTCGAGTGGCGTAACTTCCTTACCGTTCTCGATGGCGTAGCCGAGGATCACCACCTGTTCCGGCTTGAGCTGAGCCTCCGAGATGAGAATATTGACGCTGCGGATGCCGTCCGGTTTGAGGAAAACTCCGACTTTCTTGCCATCCGAAAGTAAGCCTTCGGCGACCAGGTAGGTCGAGAGATTCGCGATGCAGGCCGCGTCGAGCACGAACTTCTGCGCCTGTTCCGGCGTGCGGGCAAAGAGCGGTCGTCGTCGGTCGGCGGTCGAACCTGCGCCGAAGCCGATGACCAGCTTCACCTCGCCCGACGAGAGCAGCGCCGCCGCTTCATTTCTGTATTGTTCCTGTATTCCCATTGATTAATAGGTCGACTGGGTTTCGATGACTTTCTGCAGCTCCTGATACTGCGTGAATGGCCCGAGCTTGCGGGTGTCCTCGGTGATCTCGTTGATGAGCTCGGCGAACTTGGCCCCCTCGGCGGCGCTGATCCACGAGAAGCGGATGCGATCTTCCGGAATACCGGTGAAGGCGAGCAGGGCGCGGAAGACCGTCCAGCGGCGGCGGGCGTGGTAGTTGCCCGCGGCGAAGTGGCAGTCACCCGGATGGCAGCCGCTGACGAGCACGGAGTCGGCGCCTTTCTGCAATGCCTTGAGGATGAACATCGGGCTGATGCGTCCGGTGCAGGGGAGACGCACGATTCTGACGTTCGGAGCGTATTTCAGACGGCTCGTACCTGCGAGGTCAGCGCCCGCGTAGGTGCAGTAGGTGCAGACAAAAGCCACTATTTTCGGTTCGAATGGTTCGCTCATCGGCGGATTCGGTCGCTTGTTGGTTTCAGGTTGCTTTTACGTCGCTCGACGTATCGTCAGAGCGCCATCACTTCGGCGAAGATTTGCTTTTCGGTAAATCCGGCCAGATCGATGCTGTTCGAGCGGCAGAAGGTCACGCAGGTGCCGCATCCCTGGCAGAGGCCGGGATTGACGCTGGCCACCTGTTTGACGAGGTTGCCGTTACGGTCGCGGATGTCCTTCTGCTCGATGGCATTGTAAGGGCAGGCATAGACGCAGCCCCAGCATCCGGCGCAGGTCGATTCGCCCACTGCCGCCACCACCGGCTCGCGTTCGAGCTGCTCGCGGCTGAAGAGGCCGAGCACCTTGGCTGCCGAGGCCGAGGCCTGGGCGACCGAGTCGGGAATGTCCTTCGGCGACTGGCACGCGCCGCAGAGGTAGATGCCGGCGGTGGCGGTCTCGACCGGGCGGAGCTTCAGGTGCGCTTCGTTGTAGAAGCCGTATTCGTCGTAGCCGATGCCGATTTTCTTGGCGAACTCCTTGGCGTCCGGTTGGGGCACGATGGCCGTGGCGAGCACCACCATGTCCGCCTCGACCTCGACCGGCTTGCCGAGCAGCGTATCGACGCCGCGTACGATCAGCTTGCCGTTCTCCTCGAACACCTTGCTGACTCGGCCCCGCAGGTACTCGGCCTCATCCTCCTCGATGGCGCGGCGGGTGAACTCGTCATACCCCTTGCCCGCGGCGCGGATGTCCATGTAGAAAATCTTGCTGTTGCTGCCATGGTGTTTGTGCGCGTAAAGCATGGCGTGTTTTGCCGTGTACATGCAGCAAATTTTGGAGCAGTATTTGACGCCTTTCGATGGATCGCGCGAACCGGCGCACTGGATGAACACCACGGTTTCCGGCTCCTTGCCGTCCGACGGGCGCAGAATCTTTCCGGCGGTCGGGCCACTGGCCGAAGCGAGGCGCTCGAAGTGCAGGCCGGTAATCACATCCTTGTACTTGCCGTAACCGTACTCGCCATAGACGCTCGTGTCCTGGATCTGGAAGCCGGTGGCCACGACAATCGCGCCAACCTCGTACTCCTCCCAGGTGTCCTGCATTTCGAAATCGATGCAGTTCTCGATCTGGCAGGTCTTCTGGCATATCTTGCACTTGCCGTTCTTGAAGTAGG
NZ_CP017305.1_gap15	1082227	1084634	2407	TCAGGAGAGCATCCCGCCGGGTGACGGGATGTTGCCGGAGCCGGGCGGACGAACTACCTGATGAAAACTTTCAATGTACGATTCAAACGCCTTTTTTCTCATACACCGCGAGCACATTAAAGGTTTCTGACCATGCCGGTCGCCGGAACGAAGTGCTTGTCGAGCGCCACCTCTTCGGGACTCGCGCCGCAGGCCATTGCCACCAGATCGGAAATGTAGTATACCGGCATCTCGCCGACGTCGTTGTACCGTTTGCGCATTCCCGCCTGACGCATGTCGAGGTTGGTATGGCAGAGCGGACAGGCCACGACGAACGCGCCTGCGCCGTTGTTTGTGGCGTTTTTGGCGATCTTGTGGGTCAAGTCCTCGATCATCTCCTGCTGGGCCATCGTCAGTCCTGCACCGCAGCACTCTACCTTGTAGGCCCAATCTACCGGTTTGGCGCCAATCGCTTCGACGATCTCCTCCATCTTGGTCGGATTTTCGGGGTCGTCGTAGCCCATTGCGTCGAACGGACGCACCAGCAGGCAGCCGTAGTAGCAGGCGAGTGGCAGCTCCTTGAGCGGGTGGGTGACCCGCTTCTTGATCTCTTCAGCGCCCATGCCTTCGAGCAGTTGCATGACGCCGATGAAGCGAGACTTGAGTTCAGTCTCGCGCCCCATCGCGCTCTTCAGTTCTTCGCGCAGCTCCGCGGACTCCATGAGCGCCTTGCGGGCGGTCACCTGCCGGTTCAGGCAGGCGGCGCAGGGGGCGAGCACGTAGTCGAGGCCCTGCTGGTCAGCAAGCGCCTGGTTCCGCGCCGGAAGCAGCACGGAGAGTTTGTGGTTGGTGGCGTGGGCCGAACTCGCGCCGCAGCAGTTCCAGTCCTCGATTTCGTGGAGCCGGATGCCGAGCCGGTCGCACATCTTGCGAATCGAGATGTCGTAATCCTTCGCCGTGCCGGAGAGCGAGCAGCCGGGGTAGTAGCCGATGGTCATGCCGGAGGTGATCCTGACCGGTTCGTCCGCCTTGAAGGTGCGCTTGACCGGCTTGCGTTTTGGCGCTGCGGAGTGGCTGCTTCCTTCGGCGATCTGGAAAATCTTTTCGATCTCTTCCTTGTGCTCGACGGTCTCCTTCGAGGTGAAGGCGGTCACGGGATTGATCTTGCCCTGCTTCATCATTTTGAGGCCCGCGCCAGCGTCCTGCAGGAAGGTGCGGGTGCGCAGCTTGTAGCTGTTGACCAGCGCCAGCTCCTGCAATCTTCCGCTCTTGCGCACCGTGTTGAGGAACGAGGTGTGGAAGGCCGTGACCAGCTTTTTTGCCTTGTCGGACGAAACGATGCCACTCTTGAGCGCCATCTCCCGGACGGCATCCATCGTGCCGGCGATCTCCATGTTTTGCGGACAGCGTGCTGTGCAGGTCATGCAGCCGATGCAGTACCAGAGCGAGTCGCTCTGCATCGCCTCCTCGACGTAACCAGCCTGCACGAGGCGCATGATCCTCGCCGGAGGGTTGTCCATGAAACCTCCGGCGGGACATCCCGCGGTGCATTTGCCACACTGATAGCAGCAGGCGTAGTTGTTGCCTGTCGTCTGTTCGAGCTGCCGCTTCAATGAATCTGTACGGATAGTATGCTCCATCGATTGATGACTGCTGTTGTTATGGTATCCCGGAAATCGTCTGGCGTTTCGAGCGCCCGTGAGCCGTTTGGCGGTTGTGAAGCGTAAAAATCTACGTCAACGTTTCAAGGATGCCTGCTATTTTTGGATGAATTCGTGCGGGTTCTACAAAGACATGAGCCTTTATTGTAACAAAAAATACACTAATGTCCAATTAAGGGCGTTTATTTTCTTTACTTCTTCAGAAAGCCGTATTCTTGTAATGTGTGCGATCCGTTAAAAAATAAACAACGACAACTATGCTGAAAGAGTTCAGGGAGTTCGCCCTCAAGGGTAATGTGGTCGATATGGCGGTTGGCATCATTATCGGCGGAGCCTTCGGGGGACTGGTCAATTCGCTGGTCAACGACCTTCTGATGCCGCCGTTCGGTCTGCTCCTGAAAGGGGTCGATTTTTCGAATCTTTTTGTCGTGCTGAAAGAAGGGGCATCGCCTGGTCCCTATCTGGCTCTTGCCGACGCCAAAACTGCCGGGGCGGTGACGCTCAACTATGGCCTGTTCGTCAATGCGCTCATCGGTTTTCTGATCATGGCCTTCGCGGTGTTTCTCCTTGTCCGGTCGATCAACCGGCTTCGCGCCATGTCGGAAAAACAGGCCGCGCCTGCCGCAGCTCCGCAAACCAAAGAGTGCCCGTTCTGTTTCTCGACCATACCGTCGAAAGCCGTGCGCTGCCCGAATTGCACGTCGCAGTTGTAAAAAAAGATTATCCAGGAACTTCCGGAAAACAATCGGCAGGATTTTTGGAAGATC
NZ_CP017305.1_gap16	1148121	1150710	2589	ATAGTAGCGCATAATTCAAAAAGAAACAACCAGCACATCAAAAATTCTCCCCCCTCACCACGACAGCTCCGACGGCGAAACCTTCTTTGCATTCCGCCGATCCTCGACCACTTCGCCGCTCCGCAACGTAATAACCCGATCAGCCATGCCGGAGATCGAGACGTTGTGCGTGATGACCAGCGTCGTGGTGCCAAGTTCGCGGTTGACTTTTTCGATCACTTCGAGCACCAGCTTGCCGGTGCTGTAGTCGAGCGCTCCGGTGGGTTCGTCGCAGAGCAGCAGCTCCGGGCGTTTGGCAACCGCGCGGGCGATGGCGACGCGCTGCTGCTCGCCGCCGGAGAGCTGGGAGGGGAAATGGTTCATCCGGTCGCCAAGACCGACCAGTTCGAGCGCCTCGGCGGCAGGCATCGGATTCTCGACCAGCTCGGTGACGAGCTGCACGTTTTCGAGCGCCGAGAGGCTGGAAATAAGATTGTAGAACTGGAACACGAAGCCAATGGAGCGGCGGCGGTATTCGGTCAACCCGGCCTCGCCAGCAGCGTTGATGTTCAGCCCCTTGAACGATACCGTGCCTGAATCGGGCACATCGAGGCCGCCGACGATGTTGAGCAACGTCGATTTGCCGCTGCCCGACGCGCCGAGCAGCACCACGAGCTGGCCCGCGCCGAAATCGAGCGAAATGTCGTGCAAAGCCTTGACCGTCACCTCGCCCATGAGATAACTTTTCGACACCCTGTCGATCATGAGAACCGGCGGCACTCCACCAAGCGCCATCATGGCCGCTCCCTGTCGGAAAAAGCTGAACGTCTCACGAAAAAGCACTGCGCGATTTTGATGAGCACCGGCATACGTTATCAGAAATTATCAGAAAATGTTCAGAGAGTCTGTATCATCAAGTTAAACATTTCCTTCCGCGAAACGCCGCGCCAAACGCACCGATGGATTGCGGGCTGATATTTGTATTTTCCGCTTTCTTCGCCATCCGACCATGTCGATTATGATACCCACGTTCTCGCTGGAAGCCATCGTCATCTTTGCAGCCGGACTTGCGACCGGTGTTTTCGCTACGTTATTCCTGCGCAAAAAAACGCCGAAAGTCAGCCGAGGCGCGGTCGTCATTGACGCTTCGAAGGTCGCCGGGCGCGGTGCATTCGCGCACAAGCCGATCAAGAAGGACGACATTGTCGAACGCTGTCCGGCGCTCGAAGTGACCGACAAGGATATCGGCGGCGAACTGCTCAACTACGTCTTTTACGGCAGCGCCGAAAACAAGCGACTGGTGGCGATGGGCTACGGAATGCTCTTCAACCACTCTCCGCAACCCAACGTCGCCTACTACCGTGAGGACGGTCCCACCGGCGCGGAACTCATCATCTACGCCCTGCGCGACATCCGCAAAGGCGAAGAGATGTATTACAACTACGGCGACGACTGGTGGAGCACAAGGGGAGAAACGTGCGAATGAGGAATGTCTACTGATTCGGAGGCGCTTGAGAACTGCCTCCGGATATGATCAGCGGTAGTTGGCTTTTTTGTACTCTTCGCGCATGTCCTTGATGCCGGTGGTGCGGTCGTTGCCGTCGCTGATGATGCCGAAGTATTCGAGGATGATTCTGAAGACGAGCCAAAGGCCGGCAAAGAGGAGGCGCATGCTTTCGGCGAAGTTTTTGAGAAGTATCATGGACAGCGGTGTTGAGCGGGCAGAGCTGATTGGCCCGAACCCTTGTACGGAAAAACTGAATATAAAAAAGCCACTCGATGAATGGCTTTTTTTAATGCTCAGAGAGAAGAACCGGTTTACTTCCTGAACAGTTTCTCGGCTTCGATCCAATCCTCCGCGTCGCAGCCGTCGCACATGCCGCGATCGACCCAGCGGTAGTAAGCGGCGACCCGGATCTGCTCTTCGACCATCTCCGGGCTTGCGGCAGGAGCTTCGGGAGCAGCGAATTCCGCGCTCGCTTTTTTGCGTGGTTTGGCGGGTTTGGCATCTTCGGATGCCGCCTTTTTTGCGGTTTTCGGTTTTGTGGCTTTCGGCTTGGTTTCAGCGCTCTCGGCGGATTTTTTGGCCGGTTTCCTCACCTTCGCCGCTTCCGGTATCTCTTTGTCTGTAGATTTTTTAGCCATTGGAATTCAGGTCTTCTTCGATGAATTGCTTCGGTCAGTAAAGGGCATTATTAATTACGAAGAACGCCCGTTGCAGGTAGAAGATAAGCAATTCAGCACTTCAGAGTAAAGAGGCTTCGCTATTATTTCACCGCCGCGTAATACGCGAATTATGAATTGAAGAGCGAAACAGCGTCTCCGTTTCTCTCCCACCTGTTTTCCCAGCTGTCGTTTTGACGTTCTTGCTGCCTCTGAAGTCTTTCACTCTTTTTCCCTTTTCAGCCTTGTTCCCAGCAGCGCCGGAAAACTGATGATCGACAGAATGGTGATCGCCTGCACCATCATGAAGATGTCTTTGGGGACGAGGGTGTTGACCGCCAGACCACCGTAGTCGAGCCAGGCGAAGAGGAGCGCCGAGGCGATGATTCCGGCGGGGTTGGCTCCGGCGAGCAGGGCGACGGCGATGCCCATGAATCCGGCTCCGGT
NZ_CP017305.1_gap17	1154114	1158083	3969	CGAGGCTGATGCAGAGCGAGCCGAGCATGGCCCACCAGAAGCTCTGCACGGCGAAGCCGTCAACCATCCAGGCGGCGAGTTGCAGCATCAGCGCGTTGATGACCAGCATGAAGAGGCCGAGGGTGACGAGCAGGAACGGAATCGAGAAAAAGACCAGCACCGGTTTGATCAGGACGTTGACCAGGCCAAGCACCAGCGCCACGATGAGCGCCGCGCCGAAGCTTTTGATGGTGATGCCCGGAAGCATGTTTGCTGTAACGTACACCGCCGTGGCGCTGATGAGCCAGTGAATCAATAGTCTGAACATGGTAATCTCCTTTCTTGACTGTACCGTTCGTTCTCTGCTCTCCAAAGCTCTAATGTAAGACATTTCACCAAAAGGGCGAAGGCGGGCTGTTGCGTCCCGGAACTTGTCCACCTCGTCCACAAAGTCCACGTTTTTTCCTCACACCCCCATAGCTTCGAGCGCTTCGTGGAGCGTGCGGCAGCCGTGGATTTTGATCGGCAGCTTCTTCAGCGACGGCTTGAGTTCGCGGGTGTTCGACTCCGGCAAAACAATCGACTTGAAGCCAAGGTGCACCGCCTCGCGGATGCGGCGCTCGCCGTCGCTGATGGCGCGGAGTTCGCCCGCCAGGCCGATCTCGCCGCAGCAGGCCGCCGCCGGATTGCACGGCTTGTCCTGCAACCCCGAGGCGATGGCCGCCGCTACGGCCAGATCCGCCGCCGGTTCGACGAGCCTGAGTCCTCCGGCAATTTTCACGAACACATCCTGCCCGGCGGTCTGGAACTGCAAGCGCTTTTCGAGCACGGCGAGGATGATGGCGATGCGCTTGAGGTCGAAGCCGGTGCTGATGCGCTGCGGCATCGAGTACCCTGTGCGCGAGACGAGCGCCTGCACCTCCACGAGCAGCGCCCGCGACCCCTCGATGCCCGCCAGCACCGCTGTGCCCGCCACGTCCGTCCGGCGGTCGGAGATGAAGAACTCCGAAGGATTCGCCACCTCTTCAAGGCCGCTCTCCTCCATGCGGAACACGCCGATCTCGTTGGTCGGGCCGAAGCGGTTTTTGACCGAGCGGATGATGCGGTAGCGCTGGTACCCCTCGCCCTCGAACTGCAACACGGTGTCCACCATGTGCTCCAGCGCCTTCGGCCCGGCCAGCGACCCCTCCTTGGTGATGTGGCCGATAATCAGAAGGATGAAGTTCTGCTCCTTGGCCGCGCGGATGAGGGAGGCGGCGCATTCGCGAATCTGCGTGATGGTTCCGGCGGAACTCTGGTAGTCGGTCGAATAGACGGTCTGGATCGAATCGACGATCACCAGATCGGGTTGCTCGCTCGCGATGGCGTCGAGGATGCGTTCGAGCGCCACCTCCGCGACGAGGCGCAGGTTCGGTGCCTTGATCGAAAGACGCCGGGCGCGTTCGCGGATCTGGTTCGGCGACTCCTCGCCTGCCACGTAGAGCACCTTTTTGCCCGCCAGGCGCGGCACAAGCTGGATCATCAGCGTCGATTTGCCGATGCCCGGCTCGCCGCCCACGAGAATCGCCGACGCCTCCATCAGTCCGCCGCCGAGTACGCGGTCGAGTTCGCCGATGCCGGTCAGCGTACGGTGGAAGTTCAACGGCGCGGTATCGTCGAGATTCTGCACCTCCGGCATCGCGCCGGAAGGCGCTTTCTTGCGGGTTTTGCCCTCCGGCGCCTGCTCGTGCGTTTCGACGAGCGTACCCCAGCTCTGGCACTCGAAGCAGCGTCCCTGGTATTTCAGCGAAACGGCCCCGCAGGCGGAGCAGACGTAACGAACGGTCGATTTTGCCATTGCTGTCAGTCGATAAGTCGGTCAGAAAAAATACGCCGTGCGCAGCCGGTATTGCCCAGATGTCTCGATGCTTCGAGGGTGCTCGCGATACGGCGCGGCGCTTTTTGCATCTTTGGGGTTAATTGCGTACATAACGCTCTATATCAGGCAAGACGGCGCTCTTTTACGCTCGCCGCTCGCCGCTCGCCGCGTTCCGCCGGGAAAAATACCATCTTCGGAACCGGCGGCAAGCCCGAATGATGAAAACGTTTAAGATAAAAAGATAGTGAAGAGCCGTTTAATGAGCACTCATAATTTCCCCTCTGATTCGTCCATCGAAACCGTCTGTCCATCGCGCCCGGCCACCTCTTTTTTCTTCATACAATTCTGAGCATGTCAGTCATCTCCATTGGTGAAGTACTCGTCGATCGCGCCGTTCTCGAAGCGCGGTTCTGTTGCAATCTCGACCTGTGTCACGGGGCCTGTTGCGTCGAGGGAGAACTTGGCGCTCCAATCGACGCGGCGGAGGCGACATACCTCGAATCCATCGTCGAGCCGCTCCGCCCGATGCTGCCGGAGCGCAATCTCCGCTACATCCGGCGGCATGGCTGCACGGAGGTCTATCAGGGCAGTCTCTACACCAAAACCATCGACGGGCAGGAGTGCGTCTTCGTCTACCACGAAGACGGTAAGGCGCTCTGCGCGGTCGAGACGGCGTGGCGAAACGGGCGGCTACCGGCCACCAAGCCCTTGTCGTGTCGGCTTTTCCCGATCAGGGTACGAAAAAAGTTCGGATTGGACTATCTTGTTTACGAGCAACACGCCATGTGCCGTGATGCCCGCAAGCATGGGGCCGAACAGAATGTCAGGCTGATCGATTTCCTCGAAGCGCCTCTCGTCGAACGGTACGGACAGGAGTGGTACATGAGCCTGAAGGAATTTACTGCATCCATCTGAAGTATCATGGCGGAGATGAGATTACAGCAGCGCCAGACCGCCCAGTTGTCGGCGCAGCAGGTGATGACCAGCCAGTTGCTGCAACTGCCGCTGACCCAGCTCGAACAGCGGATTTACGACGAGGTGCAGGACAATCCCATGCTCGAACTGGTCGAGCGCCCCCAGGATGACGGGCTGTCCGCCACCGGTCAGGCGTCCTCCGGCGCATCGACGGAAATGTTCGATTCGGTGGCCCGCTTCGAGCGCTCGTCGATGAAAGCCAGCGCCGACGCCGGGAATCGCGAGAGCGTTTCGGTCGGCAGAACGGGCGGATCGGCGTCGGGCGGAAGCGAGGAGCGATTCTTCCAGGCGGTGCAGCACGATACCTTTCACGAGCGGCTCTTGCGCGACCTGTCGCTTCAGGAGGGGATCGGAGAGCGCGAGGTGCTCATCGCCGCCGAGATTCTCGGCAACCTCGACAGCGACGGCTACCTGACCGAGGAGCCTGAGGTGATCATCGACGGGCTTCGGCAGTCTGGCATCGACGCCGACGAGGAGGAGGTTCGAGCGATACAGAAGCGGATCTGGTACCTCGATCCGCCCGGCGTGGCGGTGTCGAACCTCCGGGAGCGATTGCTGGTCGAGCTTCTGGTCTTCGAGCGCGAGCACGACGCCAAAACGGTACGAACGGCGCGACTGATCCTCCGCGAGGCGTTCGACGACTTCATGAACAAGCGCTTCGACCGGTTGTTGAAAAAGCTGAATCTCGAAAAGAGTCAGCTCGAAGAGGCCATCGGCATGATTACGTCGCTCGATCCGCATCCCGGTGATGTGTTTTTCGACGAAGGCGGTCACTATATTTCGCCCGATTTCATCGTCACCTATGAAAACGGCGCATTGACGGCCGTCCTGAACGACCGGAGCAGTCTCTCCGTTAGAGTCTCTGACGAGTATCGCGAGGTGCTCTCGAAGAGGAAAGTCCCGAAGGAGGATCGGCAGTTCATGCGCCAGAAGCTCCTGCGGGCCAACGAATTCGCCGCCGCGCTGCAAATCCGGCGTCAGACGCTGCTGAAGGTGATGGAAGCGCTGCTGGTGGCGCAGGCGAGGTTTTTCATCGACGGCCCTCGCTACCTCCGGCCGCTCGTGATGAAAACCATCGCCGAAGAGACAGGTTATGACATTTCGACCATCAGCCGCGCGGTTAACGGAAAATACGTCCAGACCCGCTTTGGCGTGTT
NZ_CP017305.1_gap18	1160937	1165850	4913	GCGACAACTCTTTATCACCTCACTTACCTTCCAGCTCTTTCGAGAGCCTGGTGATCAGCCGCCTGATTTCGTTCAGCCGTCTTGCGTCGCTTTTCATGAGCACCGGTTTGGTCGCCGCCATTCGCAGGGCGTTCAGTGCCTCCTGTTTTCTATCCTCTTCGATGTAGAGCAGCGCCAGTTCGTGGTAGTGCCTGATGACCCTCGGATTGAGGCTGATCGCCTTCTTGAAATTCTTTTCCGCCTCTTCACGGCTCCCTTTGGGCATTTGCCCGACGAAGGTGCCGCCCATGAAGCGGTTGAACCATCCGATCTTCGATACCTCGAAATTGTATGAACCGAGCATCGACCAGGCGACATCGTCGTTCGGGTTCAGCTCCAGCGCCCGGTCGAGTTCGCGTTTGATTTCGGCGGCTCTGTTCAGCTTCTCTTTCGCCCCAATCCTGTCGGCCTTAAGGGCCAGGGCGGCGGCAAGCCAGGTGTGGGCGCTGGCGTTGCTGTCGTCGAGCTGCACCGCCTTTCGACCATAATCGACCGCCTTGGAGTACCAGGGCATCCGTTTTTCCCGTTCAGCCGGCGGGATCGCTTCGGCGACGCTGATGTTCAGGCGGGCGAGCTTCCAGTAGAGCGCTGCCGACTCTTTTCCGTCCTGGATCATTACGTTATACAGCGAGTCGGCTTTTTCGTAGTGCAGGGATTTAAAAGCCTGATCGGCGGCGTCGATCACGGAGTTTTCGTTACTTTTGCTGGCCGTGTTTCCGTCAACCGGCTGCGACAGCATAAGCAAGAGTGCCGTCAGAAACGTCGTCACTATGTTCCGACGACAGGATATTGCCGGATATGGTATCGATGCGTTGTTCATTTGAACCATGGTAAATCGGGGTATTTCCTGTTGAGCGTGCGGTCGAGTCCGAGCCAGTGGCCGGTCGGCAGAACGATGAGGAGTATCGAAATCGTGACCAGCGGCGGGATGGTTTCGTTGTAGTATCCGCCAGCCGCGAAATTCAGCAGCATGAAGAGTCCGAACGCCGCATTGATGCGCGTGGTGACACCGAGAAGCAGCGCGACGCCGATGACGAGCTCGCCGATGGTGACGATCCAGGCGATGGGCATGACGAGCGGCAGGGCGAAATGTTGCAGGTACGCCGCTTGCCATGCGGCTATGGTTGCCTCGATGGAGCCGGGCGATGCGGCCGTGGCGAGCAGTTCGTGCAGTCTTTGCGTGAAATGTTGAGTCAGAATGTCGCTCCACATCCAGCCGCGCATGATTTTATGGACGAAGCCGTAGATGAAGAGCGCGGTGTAGAGGTATCTCAGCGCAAGCACGCCAATGACGCCAAATGCCTTGAGCTTGTGCTTGTTCAGATAACTTCGATTCCACTGAAAGTCGGTCATGGCCTGAAAAAAATTGGTTCGACGTTGCGTTTCAGGGCGTTTCGATTGTTTGGGCGTAAGCCGTCGATCGTATCGAATTTACGATAAAAAACTCTTCACAGAAGATGCTGCGGATCGACATCGACGGTGATGACGAGATTTTCTCCCCGAAATGCGCTGAGCGTGTCGTGCTGCACCTGCCGGAGCATGGCTGAGGGAAGCTTGATGCCGGAGAGCTTCAGGATGAGCTGATAGCGGTAGCGCCCTTTTATTCTGTTGATCCCCGCCGGGGCAGGGCCGAGGATCGCGCCGAACTCTTCTGGCACCATCGGGCGCAGATGCTCCCGCAGTGCCAGAGCCCCTTTTTCCGCCACCGATTCCGAGGGTGACGAGCACTCGAACTTGACGAGGCGGGTGAACGGCGGATAGCCAAGTTCGAGGCGCGTCGTCATCTCCGCTTCGAAAAATTTTCGGTAGTCGGCGCGAATGACGTGCTGGAATAGCTCGTTGTCGCGATTGTAAAGCTGAAGCAGCACCTCGCCTGGCATCGACGAGCGTCCGGCCCGTCCGGCGACCTGCATCAGGAGCGAGTAGATGCGCTCCGAGGCGCGGAAGTCGGGGAGGTTCAGGCCGATGTCGGCCATCAGCACGCCGACGAGCGTCACCTCCGGAAAGTCGAGTCCCTTGGCGACCATCTGCGTGCCGAGCAGGATGCGCGCGCTCTTTTCGCGAAAGGCGGTGAGCAGCGAGGCGTGTGCGTCTTTTGTCGAGGTGGTGTCGATGTCCATGCGGAGAATCCTCTCGCCGGGGAAGAGCTTGTTCAGCTCCTCTTCGATACGCTCGGTGCCGCTGCTCTTGTAGAAGAGGTTTTCCGATTTGCAGGCGGGGCACCTCTGGCGGAACGGCTCGATGTGGCCGCAGTAGTGGCAACGCAGGCTCTGGTCGCTTGTGTGATAGACCAGCGGGATGTTGCAGAAGCGGCATTGCGGCGTGTGGCCGCAGTCGAAGCAGAGAATGCTGCCCGCGAAGCCACGGCGGTTTTGCAGCAGGATCACCTGCTCGTCGCGCCGTAGTCTATCGCGGATGGAGTCGTAGAGCGCCCCCGAAATCGACGGTGTGACGCGCTGGCTGCCGGGCATCCAGACGAGCTTGATCGAGGGCATCCGGGCGTTGTCAACGCGCTCCGGCAGTTCGAGCAGCGCGTACTTGCCCTCCAGTGCGTTCCGGTAGGACTCGAACGATGGTGTGGCCGAGCCGAGCACGCAGAGCGCGTTCTCGAACTTTGCCCGCATCACCGCCGTGTCGCGGGCGTGGTAGCGTGGCGTGCGGTCCTGCTTGTAGGCGGCGTCGTGCTCCTCGTCCACGATGATCGCCCCGACGTTCTCCAGCGGCGCGAAGATGGTCGAGCGAGCGCCGAGGGCGATGCGGGCCTTGCCCTGCCGCAGTCGTTGCCAGGCGTCGTACTTTTCCCGGTCGCTCATGGCGCTGTGCATGATCTGGATGTCGTCCCCGAAATAGTGCCGGAAGCGCGCTGCGGTCTGCGGCGTGAGGGAGATTTCCGGCACCAGCACAATGGCGGTCTTGCCCTCGGTGAGCACCTTGCGGAGCAGCTCGATGTAGACGAGCGTTTTACCGCTGCCAGTTACGCCGTGGAGCAATAAGGTCTGGAAGCTTTTTCGCCGTAGTGCCTCGCCAAGTGCGTCGAGAGCGATCTGCTGGTGCTTGCCGAGTGAGGCGATCTCCTTGTGCGGCTCCTCGAAGCGCAGGCTTTCGCGGGTGGGCGCGGGGACTTCGCATTTCTCGGCGAGGCCCAGCGCGACAAGGCCGTTGAACATCGCTCTCGATATGCCGCCTTCACCGGCCCGGAACAGTCGCTGCGGAGCGGAGGCGAGCAGCTCGTAGGCCACCCGTTTCTTCGACGTGCGGGCAAGGAGCTTTTCCGGCTCCTCCGGAATCGCCGACGCCAGCCGCCATGCCGCGACGGTGCGGGGCTTCGTCTCCATGAAGCTCTTGCGCACCGTGACCAGTCCCGCGCGTTCAAGCTCGCCGAGAGCGCTGTACAGCTCCCTTCGGCCAAGACGCTTGCGGAGCTGCCGCACGGTGAGCCGCTTCGCCGTCGCCAGCTCCTTCAAAATGCTCCGGCGCAGGTCGGTGCTTTTGAGGCGCGAGTCCGGACTTTCGAGCTGGAAACCGGCAAGCTCCACCACGTCATCGACGACGCTCCTGAGCGGTGCCGGAATGGCGGTGGAGAGGCAGTCGATGGGGAGGGCTGCATAGTAGTCTGAAATCCAGAGGGCGAGCTTCAGCATCACGGGAGTAAGCACCGGAACGCCGCCGTTGAGCAGGTCGAGAACCTCGCCTTCAGTTTCGCTGTCGCCCGACTCCTCAAGCGACCAGACATAGCCGGTGTAGGCAGAAGCCTTGTGGCGGGCGAGGCTGACCAGTGCATGACAGCCCGGCTGAATCTTCGCCGCCAGCCCCTCCGGCACCTTCAGAAGAAACGGCTCGTCACGATAGATTCGCTCTACATAGACAATCGCAAGCATCGGCAGTCAGAAGGCTAAAAAAAGCTGTAAGGACTTCAGGGACGAAAAGGACAACAGGTTGAAAACGATGAAATGACAACGTGAGCACACGCTGTTTCTAAAATTCATCACTCATAATTCAAAAAAGCCAGCATGATCTGCTGGCTTTTCTGGAAGACTGGCTGTGTTTAGAGATATGCGCACGGCTCTTATCCGTTGAGCGCGGCGATGATCTCCTCCTTGATCTCTTCGACGCCGCCGATTCCTGTGATTCTGGAGTATTTCGGAGCGTCGGCAGAGCCGTTCATCGAGAGGTTGCGATAGTAGCCGACCAGCAGTTCGGTCAGCTCATGATACGCTTTCAGTCGCTTGCGCACGGTCTCTTCGCAGTCGTCGTCCCGCTGCACCAGCGGCTCTCCGGTAACGTCGTCACTGTCCGGGACAGCCGGGGGATTGAACGCGATGTGGTAGGTGCGGCCGGAAGCGAGATGAACGCGGCGTCCACTCATGCGTTTGATGATCTCTTCGTCGGGGACGTTGATTTCGATGATATGGTCGATTCGGATGCCCTCGGCTCTCAGGGCTTCGGCCTGGGCGAGCGTGCGCGGGAAGCCGTCGAAGAGGCAGCCATTGGAGCAGTCAGACTGTTCGAGGCGCTCTTTGACAAGGCTGATGATAATGTCGTCCGGTACGAGACCGCCTTCATCCATGACCTTCTTGGCGGCAAGGCCAAGCGGAGATGCGGCTTTGACGGCGGCGCGCAGCATGTCGCCGGTCGATATCTGGGGTATGCCGAAAGCTTCAGAAATGTATTGTGCCTGTGTTCCTTTGCCGGCGCCCGGTGCGCCCAACAGGATGACTCTCATGAAACGGTATCCTTTTATGAATTTTTCTTCAGGGAGATGACGGTGATTTTCGGTTTTGCAGGTTTCTTCACCTCTTCGAGATCCGGTTCCGGGGCGGACGGCTGGGCGCCACTCTGGACGACCGGCATGGCTTGTGATGAAACGGCGGGTT
NZ_CP017305.1_gap19	1208486	1211925	3439	ACGCTGCTCTTGCGCCGTCTCGTCGAACCGTACGGCGTCACGAACGATGAGGAGATTGCCGAATCGCTCCTCGCCGGGCTGGAAGAGCGGCGCGATGCGTGGGTGAGCGAGGAGGCGCGGGGCAAGAGTCTCGAACGCTCTGTGCAGGATGGCGAATCGTCACTCCGCAACATCGACGAACAGCTTGCTGCGCTCGATGCCGACCTCGTCGCCCGGTGCGAGGAGGCAGCAGCGGTAGTCGCTGATGTCGAATCCGGCAGAAAAGAGCGATATGAATTGTTTGGCGACAAATCACCCGATGCCGAGGAGGAGCGGCTCGAACGCCTTGCGCAGGCGGCGCGTGACCATCTCACGAGTGCGTCGGAAATGCTCAGCGCCGCGCGGCAGGCGCTTGCCGTGCTCGATACCTCGATAGCGGAGCTGCGTCGCAACGTCGAAGAGGAGCGCACGGAGGTCGGGAGCAGGGAGGCGGAGTTCGCCAAAGCGCTCGCCGGAAAAGGGTTTGCCGACGAAGCGGCGTTTGTCGCGGCCTCGCTTCCGGAGGCCGAACGCGAGCGGCTCGAAAGCGCCGCGACTTCGCTGGAGAACCGGAAGCGCGACATCGATCTCAGGCGCTCCGACCGTGAGGCGCGGTTGCGAGATGAGCTGGAGCGCCGCCTCACGGCGTCGTCCGCCGACGAGCTTGCGGTGCGGCTCGAAGCGCTTCACGAGAGGCTTCGAGAGGTGCGCGGGCGGATCGGAGCCATTGCGAGCCAGCTCGAAGCGCACGCGCAGGCGGCGGAAGAGCATCGCTCGAAAATGGCGGCGGTCGAAGCGCAGAGAGCCGAGTGCCGTCGCTGGGAAATGCTGCACAATCTGATTGGCTCGGCGGACGGCAAGAAGTTCCGTAACTTCGCGCAGGGTATCACCTTCGAGATCATGATCACCCACGCCAACAAGCAGCTCTCGCGCATGACTGATCGCTACGTGCTTCTGCACGATCCCGCGGGCGCGCTCGAACTGAGCGTCATAGACCAGTGGCAGGCGGGCGAAGTGCGCTCCACGCGCAACCTCTCGGGCGGCGAGAGCTTCATCGTCAGCCTCGCGCTCGCGCTCGGCCTGTCGCAGATGTCGAGCCGAAACGTTCGCGTCGATTCGCTCTTTCTCGACGAAGGGTTCGGCACCCTCGACGAAGAGGCGCTCGAAACGGCGCTGAAAACGCTTGGCAGCCTCCAGCAGTCCGGCAAGCTGATCGGCATCATCTCGCACGTACCCGCCCTTCGGGATCGCATCGCCACGCACATCAAAGTCACACCGCAGAGCGGCGGCAGGAGCGCCATCGAAGGCCCCGGCGTCAGCGGCCCTGGGTGACGCTGGCAACGGCCTCAGTAGTAGGCAACCAGATAGTAGATGTTCTTCTGGAGTTCGCTTATGACGAAGCGGTAGCTGATGTCGTTGCGCCACCAGAAGAGGGGGTGCCACCAGGCGGGTTCGGTCGCTACCAGCCGGAAACGCTTGCCGCTGCCCGCAAACACCTTTTTCCAGGTTTTGTTCAGGCGCAGCATGTGCGGCGGATCGCTCACTACGAGCGCACTCTTCCACCCGTTTTTATCCATCAGGTCCGAGGTGTTTTCCGCCTCCTCCCAGCTCGTTTCCGACCAGGTATCGACCACGATGTTTTTTCTCGGCACGCCACGCTGGATGAGCCTGCGTTCACGCCAGTTCGGACGATCAGGATGGTAGTAGCGGCTGTCGATGCCGGTCAGCAGGATGTGCCTGGCGTAACCGGCCTTGTAGAGATCGCCTCCCTTTTTTACCCGCAGCCCGTCGTCACCACCCAGAACCACGATCACGTCAGCCTTTTCGGGTTTTGCCGAATGCAGCGACACGAGAAGCCCGAGACCAAGATAGAGCGTGGCGCACAAGGCGCTTGAGATCAGGAAGAAAAGCAGGGAGATTTTCAGAAAAGCTTTCATGGTAGCGAACGGCTGTAATGACTGATCGTGTAACTAAGGATTAAGGAGTTCGGGCAAAGGCCAAACCGGGAATTGGAGGTTCTGCAAAGGGTTTGCCGTTGCGCCTGCCGCGTACGCCGCGATTGCTGGCGGCAGAGAGGTTCTGTAGGTTCCGGATGTGGCATCGGGGTTATTCCCGAAAATAAAATACGCAGCCAAAGAACGGAAACGGAAAAAACTAGCATGACGCAGAGGTGATCCCGTTTGTTGTGCTGAAATCTATAACTCTTTTTGAAATATCAATTATGTTCTTTTTCAGGCCGAGCGATTTTCTTTGATTTTGGTGTGATGCATTATTTGCGTGTTATTTGGGGTGTTTGTTTGCGTATTATTTTAAATTGTTCGTATATTGCTGTAAGTGTGGTGAATAAAGTAGTTTCCAACTGTTTGCCCGTGTCAGCTCGCTGGCAATGAGGAGTGGAAGCGTAAATAACACGAGAAGGGGGGAAGATGGATACAAGCCATATCGGTGCCATTCTGGTTTTATTGATAATCATATATTTTCTGTTCCGTCTTGGGCATGCGCTGGCTACCGGTTATTTCAACAACCCGTTTTATCCTTGGGTGGGCGCGATTTTTCTTTTTCTGATGGGATTGGAGCCAGTTCTGGATAATAAAAATCCTGCCGGTTTTCTGTGGTTTATTCCCATATGCACCTATATCCTGCTGAAGCTTTTCGATGGTTTGAGTTTTGAAACATCGCTGAAGCAACGTTCCAAAGCGGTTGTTTTTTCGGCAGGATCGTCCATCATTGTTTACCTGATAACGCATCATTTTTTTCATTTTGGCGTTATGGAGGCATCGCTCGGTTCGATCATTGCTGCTTTTATCCTTGGTAAGGCGGGTTTCACTTCATAGTTCCACTCCGGGATTCATCGCACATATTTCCTGATCCGTTCGCAGAATGGATGGTCAACCTGGCGCAAAGAATGATTGACCTGTGCATTCCATCAAACCAAAATTACGGTTGAATCGATTTTTTTCAGGCAGTCAGATTTCCGTTTATTCCCGTCTCAATAAATACTTTTCGTATATATAACGAGACGATACGGCCATTTGTTTCAATACCTGCGGGGAATTGGATGAAAGAGACCGATGAAAAGTCAGCGGTCAGGAGGCGGCGTCGTTGTCGATCGTTTCTTCGATGAGGTTGTTGAGGTCGTCGGGAAGATGATTGTCCTGAACGTCGAGAATTCGCACTCCGGTGGCGAAGCGTTTGCTGTAGTAGCTTTCGTTGAGGGTGTCGCGGGTGATGCCTTTGGAGAGCGAGGAGTGGACGAAGGTGTCGTTGCCGATGAAAATGCCTACGTGGTTGATGCGGTTTTTGCCGTTCGTGAAGAAGACAAGATCGCCGGGCCGGAGTTCGCTTCGGTCAACCTTTGCTCCTATCGATGCCATTTCACGTGACGAACGCGGCAGATTGACGTCAAGCTCCTTGTTGAACA
NZ_CP017305.1_gap20	1216235	1219264	3029	AAATTATGCCAAACGTGTAGGAATTTGATTGCCGCAGCACCTGATAGAGCGTAACTCATATTTATACAGTCACTTGAAAAAGTTATCCGTATGATTGCGGGCAGGTCGGGAGGGCGGTAAAAAACTACATTCGCGTCGGTATATCGTTGAGTGCCGGGAAAAAAGACATTATGGTGGGAAATTTAATGCCTTCATGGCTGATGCAGGGTCCATCCGAAGCAAAAAAAAGGCGGACACCGAGGTCCGCCTTTTCAATGCATCATTCATCATTTAAAACAGCACCGCCTGAGCTTTTGCCGCCTGGACGAGGAAGCGTTCCATCCAGTCGGGGCCGGAGTGCTTTTCGGCCAGCGCCACGGCGATGTGCTTTGGCTCGACGCCCATGTCGCGGTTGCGCCCGAGGCCCTGTACGCATGACGGGCAGTTGGTGAGGATCGTCGCCGTCTCTGCGCCGTGCATCGACTCCTTCAGCGCTTCGCGCTTGCGGTGCAGCATCGAGTCGGTGATGTCGGGCCGCGAGAGCGCCAGCGTGCCCGCCTCCGAGCAGCAGTGCGGCACGTCGGTCACCTTGCCGAAGCCGCCGACGTCGCGCAACAGGTCGCAGGCCTTGCCCTTCAGCGAGTCGTGGCAGGGGGCGTGGTAGAGGCTTCCGGTCGCGCCACCGTCAACCCGCATCCCTTTTTCGTAAGCGTAGCGCGACACATCGACGATCCGGTTGCCGAAGAGCTTCGGCGCATCCATGATTTCGAGTCCCTCCATGCAGGTGCCGCAGGAGATCACGCAGGCGTCGAAATCGAAATAGGAGAACATCTCGCGAATCTGGCTGAACATCACCGTGTTGCGCAGCACGATCGAGGCGTACTCCTCCTCTTTGGCGTTGACGTTCAGCGGAAAGCCGCAGCAGAGGAAGGGAGGCGGCAGCACCACGCGCGTGCCGGTTTCGAGCAGAATGTGGATCGCGGCCATCGAGATGGTCGAGTGCAGTCGCTCCGAGCCGCAGCCGGGGAAGTAGAAGACCGTGGAGGTCGCCTCCTTGCCCGCCGGTTCGAACACCAGCACCTGATCGCTGTCGCAGGGCGGCAGCACGTCGCGCAGCGTCTTTTCCGGCACCGGCGGCACCGCCGAGCGCAAGAGCCGCAGCGGCGGAAGCACATTCTGCGCATCGGATGCCTGCAACGGCGCGGTCATTTTCGCGCCAGCCCGCTGGGCCGCGCCGCCAAACCTCAGCACCGTGTTGCGGAACATCTTGTTGTAGAACGGCGAGCGGTTTGCCAGGTAGTTCAGCGTCATCCTGGTGATGGGCGGCGAGTCCTTGAAGCCGCGCGCCGAGAGAATCTCCCGTTCGAGAATCGACACCTCGCCCGAATCGATGTCCACCGGGCAGGGCTTGAGGCACTTGTGGCAGATGGTGCAGTGATCCGAGACCTCCTCCAGCCACTGCAAGAGCCTGAAATCGGTCGAGCGTTCGCGCTGGGCGTCGTAGAGCAGCGCCTCGATAAGCGAACCGATGGCGAGGTTCTTGTTGCGCGGATGGTAGAACATGCCGCGCGCCGGGTAGTAAACGCAGCAGTCCGGCTTGCACTTGCCGCAGCGGATGCAGTAGTCCACCTTTTTCGACAACTCTTCGAGCTTGCCGCGCTTGAGAATGTGCGCCTCCAGCTCCAGCAGGTTGAACGACGGGGTGAAGATGTGGTTCAGCGCCTCGTAATCCTCCAGCTTGCCGGGGTTCATGATGCCGTCCGGGTCGATCTCGCGGCGATAGGCGGTCAGTTCGTCGATACGCGCCTTCTCCATGTACTTCAGCTTTGTCACGCCAATGCCGTGTTCGCCGGAAACGACGCCGCCGAGCGAAATTACCTTCTCCATCACCTGGTCGATGACGTGATCGGCCCGGTCGAGCATCGGGCGGTCGTTCGAGAGCACCGGCACGTTCACGTGCACGTTGCCGTCGCCGGCGTGCATGTGCGTGGCCAGCACGATGCGCCGGTCGCGCACGTGCTTGTAGGCCACCTCGATGGCGTCGAGCGTTTTCGGATAGCCCCGGAAGAGCTGCTTCAGCTCGGTGCGGAACTCCTGCAAAAGCGTCAGCGAGCGCAACAGCAGCGGATCGGCGGCTTCGAGACGGTTGCGTATCAGGTCGCAGAGGCCGAGGCCCGCAGGAATCTTCGCCTCGAAGGGCGAGAGGCTTTCGGGATTGCTGTTCTCGCGCAGCATCGCGTCGATCCGGTCAACGTACTTGAGTTGCGCGTACCGCTCCTCCTCGACATTCAGGTCGTCGATGAAGCGGGCGAAGACGGCGAGCTGCTCGATGGGGATGACGATATCCTCGTTCAGCTTGAAGGCGTTGGTGCGCCGGGCAATCGCGCCGAGCTTCTTGCGATCCTGCCAGAACTGAACGCTCTCCGCCTGGTCGCGCGCCACGAACATGAGCGTGTTCGGGTGCTTGCCGAGCAGTGTGCGCACACGCTCCACGCCCGCCTCGACCTCCGATTCCGAGTGTCCGGCGATGTCGATCAGCAGCACCGCTTTCGGCGTCTGCGGACGGGTGGCCTTTACCTTGTAGTCGATGGCGCGGATGTACTCGTCGTCGAAGTGCTCGAGGGCGAGCAGCGTTTCGTGCTCGACATTCTGGTACGGAAACGCCTTCGCGAGTTCGACGATCACGCGGCTCGCCTCGTCCATGTCGGGGCCGAAGAACTCCAGGCAGAGCGTGCGCTTCTCTTCGTACTTCGGATAGAGCACGAACACCGCCGAGGTGATCACGCCGTCGGTGCCCTCCTTCTGGAGGCCGGGGACGCCGCCGAGCGCCTTGTTGGTGATGTCCTTCCAGAGCCCCTGCTTGCGGATCTCCGTGCCGCGCAGCGAGATCCGTTTGAGCGGAGCGCCGTGCTGGTCGAGCACCTCGTAGGTCACGGTATCCTCCGGCAGAATCTTGCGTAACTGGTGGTCGGTTCGCCGCACCGTCCAGAGCTTGCCGCCCGGCATGGCGATCTTCCATTCGAGCAGGTTGTCGATGCAGGTGCCCCAGC
NZ_CP017305.1_gap21	1239506	1242269	2763	TAGGTCTGAAACGTCTTGTCGCACGGGATCGCCGGGTACAGCTCCGTAAAGCGCTTGCCCGCCTGTGTGTGCGCGTAAAGCTCATCGATGATGATGCCCGGATGCTTCATGAGCAGCTTCACCAGCTCGGCTCCTGAATATCCCGAAGCGCCGATGACCGAAACCGTAACCTTGTTATGCTGCATCGAGGTAAGATTCATCAGGGTTTTGAGGCAGATTCAGTGGAGTGAATAAATATTCATAAGTGCGGATATTAGTGAATTCAAGCTTTATTTCCATGAAGAAACAGGGCATTTCCGAATTCTTTACAATTCCGATGTTTGACTGTTTTGCCTATCTTTAGCCTAACATTCAAGAAAATACCATGAATCACCGGTTCCGTGACGTCGTGATTGCACTTCTCCTGGCCGCAGGCATTGCCGTGCCTGTCTGGTTCTGGATGCGTACGCCGTCGCCGGAAAACCCGCTCACTTCGGCCATTTCCGGCCCAACGCCCATCAGCGGAACGCTTGCCGTGGCGGTTGACCGATCGCTCGTTCCGGTAGCTGAAATCCAGGCGAAAGCTTTTTCGGAGCAGTATCCGAAAGCGGCCATAAAACTCTCACCGGAATCTTCCCGTCCGGTCTTGCGGCTTCTCGAACGCCGGGTCGAAGCGGCGCTCATCGAGGGTGCGCTGTCGGCCCGCGAAGATTCGCTGCTCTCCACGCTGAAGCGCCCCCTCAAGCGGCAGCCGGTCGCCCGCAACGCGCTGGTGTTCGTGGTCAATCGCGCCAATCCCGTCCGCTCCGTTTCGGTCGCCGTGCTGAAAGCGGTGTTCGAGGGACGCTTCACCGGCTGGCAATCGCTGGGCAAAATCGTCGCCTGCCTCGATGGCAGCAACCTCCGCGCACGGGCGTTGCTTTCGGAGTTGCTGTTGGTCAGTCCCGATTCGCTTGTCGCATCAGCCGAAGCGGACATGCCTCGCCTCCTGGAGCGGCTCCGCAAAGACCGGAACGCCGCCGCCATCATGACGCTTCCCGCCTACGCGGCAGCTCTGCGCTCAGGCTATGCCGACAGCATCGAGGCGCTGCCGGTGAGCGCGAATGGCGGCGAATCGGTCGAGGCTTCGCCCGAAACGCTCTACACCGGCGAGTATCCGCTCTCGACGGATATTATCTATCTCTACGATCCCTACAATCCACTTGCGACCGGCTTCGGCGCATGGCTTGCCAAAGAGGGGCAGAAACTCTTCGAACGCGGCGACATGGCTCCATACGAGCAGCTCGTGCGCACCATCATTCTCAACTGATTGCATGAAACACGGAAGCAACACAAGCGGCAAAGGCTTCATCAGGTTGACGGTACTGTTTGGCTTCATGGCGCTACTGCTGGTTGCGGGAGGCACCGCGTGGTTCGGCGCATTCCAGTCTTCCCGGCTCCGCGAAATCGCCTCAGACCAGGCGTTGCGCATGAGGCTGGTCGAATGCCGTGCCAGAATATCATCGATCGAGCAACAGTTCGGCGATGGAACTCTTTCGGCAGGCAGGCAGATGGAGCTTCAGTCGAAGCTCCGGATCGAGTGCGCCCGGTTTTCGGAAATTGGACGCAGCGCGGAGGTGCAGCCGGAGAGCGTGCTCGGCCAGTGGCTGAAGCATCGCAAGCCGCTCGTCGCGCCGGTAAGCCGCGAATCGCTCCAGCTCATGATTGTCGATCTCGACGGCATGATCGAACAGATGAACGCCAGGATCGCCGCTGACAATGACTCGCTCGCGGCCAGCCTGAACTGGTACCTCGCCTTCATCACGATCTTGTTGATCATCGTCGTCCTTGCCGCCGGGCGTCTCATTGTGTCGAATTACCGCCACTCGATCATTCCCCTCCACCAGCTTTCGCAGCGGCTGACGCTCTTGAACTGCAACCTGCCCGAGAGCCTGCACGACACCGCCGAAGCCGCCGAGACGCTCCTGAGCGGCGAGGAGCCATCCGCCGAAATGCGCTCTGTCAGCGAATCGGTCGTCAGCATGTGCCACGACATCGAAGAGAAAAACCGCAAGCTCGACGAGTTGCACATTCGCGATGAAAAGACCAATCTCTACAACTATCGCCACTTCAAGGAGCATCTCATCATCGATGTCGAGCGGGCACGCCGCCTCAAGGGTGACATTGCGCTCGCCATGATCGACATCGACCACTTCAAGCGCTATAACGACCGCTACGGGCACGTTGCCGGAGACAGGGTGCTGGCGAGAATCGCCGAAATCATCAGGGAAGAGTGTCGCATGACTGACATTCCATCGAGGTTTGGAGGGGACGAGTTCGCTGTGCTGTTTCCGAAAACTGACCGGGCGACGGCGCTGGAGATTTCCGAGCGTCTGCGCAGCATCATCTGCGACGAACCGTTCGAGTACGAAAGCAACCAGCCCGGCGGCCAACTGACGGTGAGTATCGGCGTCGCCTCATGGCTCGACGACGCCACGGATGGCACCTCGCTGATTACTAATGCCGACAAAGCTCTTTACAAAGCAAAGCATTTGGGACGGAACATGGTTTTGGCGTTTTCAAAGCCACTGGAAGTCGAGGAAGAGGAGGGGAGTTGATGCTCCGGAAATCGATGATGCGGAAACCAAAACATCAATGCTGGAATTAGAGAAAGGAGTGCCGTGATGCCGACCATTTCAATGTTTTATGGCATATTGATCCAGATGTATTTTTATGACAACAAACAGCACAGTTGTCCTCACATTCATGCAGAATACGGGGAGCATCACGCCTCCATTGCTATCG
NZ_CP017305.1_gap22	1268206	1272188	3982	GCGGACTGCCGGAGCGGGGTCGTATCGGCATCTTCAACCGATCCTACTATGAGGAGGTACTCATCGTGCGGGTGCATCCGGAAATTCTCGAAAGACAGAACATCCCGCACGACCTCACCCATAACGGCAAGGTGTGGGAGCATCGCTACCGGTCGATAGTCGATCACGAACGGCATCTGCACCGGAACGGAACCCGTATCGTCAAGTTTTTTCTGCACTTGTCCAAGGAAGAACAGCGCAAGCGCTTTCTCGAACGGATCGACGACCCCGACAAGAACTGGAAGTTCAGCACTGCGGATATCGAAGAGCGGAAATTCTGGGACAAGTATATGGACGCCTATGAGCTGTGCCTCCAGAAAACCAGCACCACGGACGCTCCCTGGTACGCAGTTCCGGCGGACGACAAGAAGAATGCACGGCTGATCGTCTCCCGCATCGTGCTCGACACGCTTGCGAGTCTTTCGCTCAAATACCCCGAAAGCAGCCCGGAACGCCGAAAAGAGCTGCTCGACATCCGCAAACGCCTCGAAAACCCCGAGAACGGAAAGTGACCAATGCAGTATATCTGAGAATATATATTGATTTATATATATGGCAACTCGATAAGTTGTTAAAATTACATAATTTATATTATACAAATCATAATCAGAGTACTACACCCCATCAAATATACACTTATTTTGTATATGATCGAAACGTTATAGGGGAGCGATAAACAGATGGAATCATGAACAGCACGGATTTCGCGTTGCTGTCGATGGATGGATTTTTATGGGCCGGTCTGGCAGTCTGCCGCGTTCGGCATTGAATATTATGTAAAGTTGTTGAGGGTGAACGCGTTGAAAAAAAGGATCCCGGCGGCAGGCAACCATCCATGAATGACATTGCGTATGTGATTCATCAAGCGTCGAAGTTTGACTGTTATGCAGAGCGGTGGGTTTGTGTCTGTCTGGCTCTATCGGGATCGGAGAGAAGAGACGTACCATCAAGTCTTCCGCATGGGCAAGCACCAAGAAGCATTTTTTGGAACAACACGCTCCGAACTCATTGAACAGAAAAGTTTATTTCTCCCGGATTCATCCAGGAATCTTCAGATATTCGGCATGACAATGCACGAGTTATTGATGACAGTAAGGCACGAAGGCAACAGAAACGGTTATTATTGGTTGGCCAGAAAGCTGGATGACAAGTATTCTTGTGTTTTATAAATTGTTGTATAATATAAATTATGTAAAGTTTTGTGTGTGAAAGAAATCTCTTCTTCTGTTTGAAATTCGCACATGAGCCAGAACATCAAGTTGAAACAGTCTTTATCGAAATATACTCTGAACTTCAGGACGCCCCTGTCTCAACTAAATAATATACCACTCATGCACGATCATGTTTGGCTCTCAGACGAAAGGTGTGGTAATTGTGGGACTCGATGATGAACTTGATGTTGTGCGTGTTATTACATAACTCTATGATTTGTGGCTTCCCTGCTGATTCAACATTAAAAATCAAAATATTCAGAATATAAAACGCTGAAAGAATATTATGAATGCATCGGTATGGTCTTTTATAAAAACAGTTATCCAAAAAGCATACTGATTATTGATGGATCATAAAAAGTAAGAATTGTAATACTATTGTATTATTACTCCAGCAACAATAAATCTCAATTTCACCCATTGTAAAAGGTTGGGCTAAAGCCCTGATTTATATTGCTTTATCCGCCTACCCCGGACTAAAGTCCGGGGCAATTGTTTAAGAGTTTTAATGGCCGGAGTAATATTATCTCATTATCTCTTTATATCAACACAAGAGTTCTGTAAGTCATTGTATATTATGTCGATAAGAGCCATTCGCAAGATATCTGATATTCTCTTATCGCTTATTTTAAAACAAAGATTAAAGCAGAAAAAAGGGGTATCCATCAAATGTCATGATGGATACCCCTTTTTGTGTAAAAGTATTTATAAATCAGCGTTTAACTATATCTTTCTCATTTCGATCCCTTTTCTGGAAGCCAAACAATAAAATACCACCGACACCGATTAGCACTATATTTGCAGGCTCAGGAACAGCATCAGTTATTTGCTGTATCTGAATGCCGTTGAGATAACTGTCTGTGCCCAATGAGAAATTGAGTGTGCCGTCAGTGACAACAATTGTCTTCATCATCCAGTTCGTATTTTCTATAAAAAGCTTATCGTTCCCTGTATTAGTCAATGTAAAATCTTTGCTTTCAAAATTACTGGTAACTGTCAGATGACTGGTTTGCAACTTATTAGGAGCTGCCTGAGAGTATACGTATATATTATATGTGCCATTTGTTAATCCGGAAAAATTAAAAAAACCGACAGTATCTGTTGTTTTAGCAAAACCTTTCATTAGTTTTACATCGAGACTTGATGACGGAAACATCGTCGAAGTACTTCCCATATTTGAATGATACGTAACAGATATTCCGGTTTTATCAGTGGAACCGGAATTGTAATACATAAGATTGTTTACGGTAGTGAGACTTGTAGACCTGAGTCTGTTCCATATTTGTATATTATCGTTGATTGCGGCACCATTAGTGTAGGCCGACGAATTGATGCCACCAAGCTGAATATTCAGGATATCTCCAGGATTTGCAAACACAGGAATACTTGAAATATTCGTCATGAAAAGTATTATTAAAAAAGAAATTCTATTTTTCATTTATCTTCCCTTGTGTTATAAATAAGTGAATTTACTCTAAATATACTTATTATACAAGCAAATCATGTATTGTAACAGAACCAAAATAGCTGCTGTCAAAAATTGATCATTAAAAATACACAAAGAAGAATCAATTAAAAATTGATGCATCTATACTCTCAAGAGCAATGTATGTGTTTGTAGAAGAACTATAAATTCATAAAATGATATGATATACAGGTATCGCTTTACAAAAAAAAATCCTGCCAAAGCAGGATTGTGAAAAATAGAGTAATATTTTTTACTATATTTTAATATTCAAACACTTTTTATAAGAAGGAGAAGAGTAAAAAACATTATAAAAGATCGAAGGGGGCACAATGTACAATTTCATTGAACCATTATTACATCCGTAATAATGGAACTATTTGACCGAATAGATCAAACTGACAATAATATCAAGTGTTGGAAGTACAATCTCCTTTTGTCTTTTGCTTTAAACGTCCAAATAGGACAAGTCCTCCAATCCCTAACAGGATGACACTGTTAGGTTCAGGCACTGGCTGTATCTGAAAACCATTCCAAATCCCCACCGTACCAGGAACGACACTCATGGTAAGAGTCCCATCGGTAATCGCAACAGTAGCCTTCATCCAGTTATTATTCACCCCTAATTGCTCAGCAGTTCCATCCGTACCCATTTCAATACTATAAACCTGACCTGATGTTGTTGCTGTCGCATAAAGCTCACTGTCAGTGTTCATTTCTGCTTGAGAATATATGTAAATTTCATAAAAACCTGGCGATAGCCCATACAGCGTCATGGTGGCATTGCTTGGCTCCGATGGGTCGGAAGGAGCATTCGTCGCATATCCCAACATCAAACTCTGTTGATCCGGGTCGTCTGGCTCGAACGCTGAGTATGATCGCGAAATGCCAACTTGCTCGCCAGTCAGATGGAAATCAAAGGTTACTGGGCTATCATTTCCATCTGAATATTGAAGCGTCACACCTGTATAGTCATATTCATCAATCAGATTCCACCATCTACCGGTATCGTTATTAGCTGCTCCGCCGCCTTTATATAAAAAATCACCATAACCAAACTGGATATTAATCAATGAATCAGCCAAGATATGTTTACTTGTAAAACACATCGAAGCAAGTGCCATCAGTAATACGGTCCGTTTTTTCATGATTTTCTCGACTTGTTTTTGAGTTGATGTAAATCCCGGAGCTTACTGACCTGTTAAGAATAAATAATTCTATGAATATGATTAAAATAAAAAAGTAAAACCAATTTTACAAGTTAACT
NZ_CP017305.1_gap23	1354603	1356997	2394	ACAATCAGGAATCTGGTGGAGGCTCCCGTCAGAGTCATCCATCCAGTACATGCTTACGGAAAAAAACGCTTTTAACGATCGACCTTCATGCTCCCCTGAACAGGGTTCTCTTGCAGAAAAAACGAATCTGCGCGCTTCACAAAAACCCAACTATATAACCAAATCGTTATTTTTATAGATAAATGTATCGAAAACAAAGAATAGACACAAGGAATCAGACTCATCTCTCTAAAAAAATTCAGTACATCGTCTTCAGTAACCTATCATTTGTAATAACGAAGCATTTTATTGAGTACATTCAAGTGAAAAGCTGACGCCATGGGTGCCTCTGCTTCACTCCGTCACCGATACAATCCTCCAGACGGATAATTGCTTTCGACGGATAGCGTGAGTCCACAGAGAAAACGTTTCAAGCTTTTTGACTTAAAACACTCTCAATGAACTGAAAACATGGAGGGAAATCATGGATCGGAAACCGCTCACGTCTGTCAGAAGCAAGCACTTGTCCAACCTGCTTCTGTTGCTAACCCTCATCATTCCCGCCCGGGAGGTGTCGGCTGTCGATCACTGGGAGGGCGGCTATGTCGGCAGCAAGACCGAAGGAGACGCTACGACCCCGGTGTGGAACTTCATCAAGAATTTTACATGGAACCAGTATTACTGGGCAGAAACGTTCCAGTTCGACTCCTATAACAACGAGCGGGTCGATAAGATGGACTTCGCCTATTTTGTCGGCCACGGAAGCCCATGGAACATCAAATGCCAGTCAACCTGGCTTGACCTGAGCGCGGCGGGAGCATCCGCCCACAAGGGATGGGGAAACAGCAACGCTGAATTCGTGACGCTCCATGCCTGCAACGTCGTCGCGAGTCCGCTGGAGGTTGCTGACTGGTATTCCGCATGGACCGGCAATGATGGCGTCTTCGACGGAGTTCACCAGGTCTGCGGATTCCGAACGGGAGCCTCGATGTCATGCGATCAGGATATTTCCGAATATTTCGGCAGCCGCGTCAAGGCCGGAGCCGCTGTCTGGCAAGCATGGTTCGATGCCATTTCGCTTTATGGAGATGGCAGCGAACGCGGGGCGGCAGTCATGTATCCGCCTTGTGATGGTGACACTTACGCGGTTTTCAGCGTCGATCCGCCCGAGGAGCACAACTGGTTGAGAATCTGGTATCAATTATAATCGCAAGGGAGGTTCATCATGAAAAAAGCGATCACCATGATCATGCTGGCTGGCTTGACCTCGTTTCTCATAGCAACAGGCCCCGCCGATCTCAGGAGCGAAAATCTCCGGAAACCGTTGACCGCCGTCAGCGCGCCTGCATTCAGTAACCTGCGCATCGAGCGGATGAGAACCCTGACTTATGAAGCCGTTCCGAAAAAGGCGCTCGACCAGCAAAGCGCCCGAAACCTTCTGTCAGGACTCGCCGAACGTTCCGCCGTGAAAATGTCTTTTGAAAAGGTTGAAAAACTGAATGGGCGGCTCATCTTCTCTTCACCTGAAGACCCGTCAGCCGTCTTCGACATCGATGCCAATAACGGCGCATTTCTCCTGAACACCGGTCTGAAACGGTATTCGGGAGATGAATCGAGCAAAAATCTTCCATCCGGCAAAGAGGCCCCCGAACTTGCGAAGAAATACCTGCTCGACACAGGTTTTCTGCCGAAGAAAGGTCAGGAGATGGTACTGGCTCATGTCGGAGGCCTCAACATGGCGGTCTCGAAAGAGGGGCGGAGCGTCGGCAACTTTCGCAAGCTGGTAACCGTTCGATTCAGCCGCGTCCTGAACGGCCTGCCCGTTCAGGGGCCGGGTTCGAAAATCGTGGTACAGCTCGGCCACGACGGCGAACTTCAGGGCATGATCCACAACTGGCCGGAGGTCAGCGCAAAATCGCTCCCTGCCGCCGCCCTGAAAAGCGATGAAGAGATCAGGCGTGAAACCGGCCTGCGTTTGCGCAGAGAGGCCGGCGAGGCGCAATCGGTCGCGATCCGCTCTTCACGGCTGGTGCTCTACGATGATGGTCGGGGCGTTATCGAACCGGCGATCCATGTCATTGCCGATGCTCGTTACAAAGGTCCGGCGACAAAAGAGAGCGTGAACAATCCCGTCGATTTCTACGTTCCGCTCCTCAAGGCCCCGAAAGCCATCTACCCATTCATGAAATCCGCTGAATCGAAGATGCCCGAAGGCGACGGCAGGCAGAAATCTGCCGAAGCCGCGTCACGTCAGCCATCACAATCACAAGATTGGTCAGACGGCAAATAATGTCAGCGGGGGGGATTTGTTTCATGGTTTATGAAAGCAGAAAACGGTGCTCCGGTCGCACCGTTTTCTGTTTGTCCATGCGGCGGAATGTGCTCAAGGTTTTTTCGTGTTGACCGCCTTGATGA
NZ_CP017305.1_gap24	1413184	1414038	854	CACGCAGCTCAACGTCTTCGCCGAGTTCGACCCGCACGTCCCGGCGCAGTACCGCGACTCGAAATATGTGTGCCTCGGTAACATCGATCCCGAGTTGCAGCTCAAGGTGCTCGACCAGATTTCCAACCCCGAGCTGGTCGTTTGCGACACGATGAACTTCTGGATCGAGGGCAAGCCCGAAGAGCTGAAGAAGGTGCTCGCTCGGGTTGACGTATTCATCGTCAACGACAGCGAAGCGCGCCTGCTCTCCGGCGATCCGAACCTGGTCAAGAGCGCGCGCATCATCCGCGAGATGGGACCAAAAACGCTCATCATCAAAAAAGGCGAACACGGCGCGCTGCTCTTCACCGACAGCGGCATCTTCGCAGCTCCGGCCTTCCCGCTCGAATCGATCTTCGACCCGACCGGCGCGGGCGACACCTTCGCGGGCGGCTTCATCGGCCACCTGGCCCGTTGCGGCAGCACGAGCGAAGCCGAGATGCGCAAAGCCGTGCTCTACGGCAGCGCGATGGCCAGCTTCTGCGTTGAGCAGTTCGGGCCTTACCGCTACAACGATCTCGACCTGCTTGAAGTCGACGACCGCTACCAGAGCTTCCTGGAGCTGTCGCGCATAGAGGCGTAATTTTCCAGCGGGGCGGGAAATTCGCGAACCGCCCCGACTTTTTTCTTCTGTGGACGACGTGGACTTTGTGGACGATGTGAATAACTAACGAATTGATTCCTTCCTCTTCAACCCAATCGTTCTATCAGACCCATAAGTCCCACTGGCACCAAAAAGCAAAACCCGGGCCTTACCTAACCCAACCACCAATGGCACAACTCACCCTGCTCGATATTGCGTTCATCGCGGGCTA
NZ_CP017305.1_gap25	1415189	1417517	2328	CGATCTTCGCGCTCTACATCACATTTTACGTCCTCGAAACCATCACCGGTGCGTGGGAGTTCATCATCCAGTGCGGCGCGGGTACCGGCTTCGTGCTCATCATGCGCTGGTTCTGGTGGCGGCTGAACGCCTGGTCGGAGATCACCTCGATGGTCGCGCCGATCATCGCCTACACCTGGATCAGCCGGTTCACGACGATCATGTTCCCCGAATCGATCTATATCATCGTGCTCTTCACGATTGCCTGCACCCTCGCCGTCACCTGGCTCACCGCGCCGACCGACCGCTCGACGCTGCACGCCTTCTACCGCACCACGCGCGTCGGTGGCGTCTTGTGGAAACCGGTCGCTGACGAACTGCCTGACGTCAAAGGCGATACCGGCTTCCCCGCTCTCTTCGCCGACTGGTTTTTCGGCATCGTGCTGGTTTACGCCACACTGTTCGGTACCGGAAAGCTGATTTTCGGAGAACCGGTGGCAGCCGCGCTTTATTACGCCGCCGGAGCGGTCGCCGGAGCGATGATCTACCGCGACCTGTCGAAACGCAACTGGAAAACCTTCGACTGACAATGGCTGGACAGAAACGACTCATCCTCGCCTCGCAATCGCCGCGCCGCAAGGAGCTGCTCGCCATGACGGGAATTCCGTTCGAGACCGCCTCGGTCGAGATCGACGAAACCTTCGATCCCGCGCGGTCGGTCGAGGAGAATGTCATAGCAATCTCGAAGCAGAAAGCCGAAGCCGTGGCGCTAACCTTGTCGCATGCTGACGCAAATGCGGTCGTGCTCGGCTCCGACACCACCGTGCTGCTCGACGGCGAGGCGCTCGGCAAGCCCGGCGACTTCGACCACGCCTTCGAGATGCTCTCGGCGCTGCAAGGCCGCAGCCACGAGGTGCTGACCGGCTTCTGCATCCTGCACGACGGCAACGCGGTATTGGACTACGCCCGCACCACCGTCGAGTTTGGCGTCATGACTTCCGGCGAAATCACCCGCTACATCGAAGTGATGAAACCCTTCGACAAGGCCGGAGCCTACGGCATCCAGGATCCGCTGCTCGCCTGCTTCGTCACGCGCATCGACGGCTGCTACTACAACGTCGTCGGCCTGCCGGTCTCGAAGATATACGCAGCACTCAAACCACTCTTTCCCTTCGAAGGGTGATGATGAACGCCAAACCGATTCTCGTCATCCTCGGCCCGACCGCCTCCGGCAAAACTGAGCTGGCCTTCCGCGCTGCTCGCCAGATCGGCGGCGAGATCATCTCGGCGGACTCCCGCCAGATTTACCGCGGCATGGAGATCGGCACGGCCAAGCCGCCGCAGTGGATGCTGGAGGAGATCAGGCACCACTTCATTGACGAAAAAGAGATCGGCGAACCCTTCAGCGCCGGAGATTTCGCTGAACAGGCGGCGGAACGAATCCGGGAACTACGTCAGCGCAGCATCACGCCAATCGTCGCGGGCGGCTCGACGCTCTACCTCGAAGGTCTGCTCAAAGGCTTCGCCGAGCTGCCTCCCGCCGACCCTGAAATCAGAGCGCGGCTGACGAGCGAACTCGAACACCACGGCGCTGAAGCGCTCTACCGCCGTCTCGAAGCGCTCGACCCCGAGCAGGCAAAGACGCTCGACCCCACCAAAACCCAGCGCCTCATCCGAAGCCTCGAAATCATCGAAATTTCGGGCGAGGCGGTCACCACCTTGCAGCAAAAAACCTCCGGCCCACCCTCCGGCATCGACTTCACCGTCATCGGCCTCGACCTGCCCCGCGAGCTGCTCTACGACCGCATCAACCGTCGCACGGCAGCCATGATGCAAGCCGGACTCGAAGCCGAAGCCCGTCGTCTCTACGACCGGTTCCGCGACCAGTGGCGCAGCAAACAGCTCAACGCTCTCGACACCGTCGGCTACCGTGAACTCTTCGAACACTTTGAAGGCCAACACGACCTCCAGACCGCCGAAACCCTCATCGCCCAACACACCAGAAACTACGCCAAACGTCAGTTGACATTTTTCCGCAACCGGCTGAATGTCGAGTGGGTGGCTGCGCCGCTGGACGAAGCCGGGATCGACGCGCTGGTTGAGGAGATTTGCAGGCGAGTTAGGTAAAAGCACTTTTTCCACGATAATTCCATGAAATAATTTTCTTCCTGAATACATCACCTGTAACAATATCAAGGAAGGAAACTATGAACACCGTGACAATCCGGGATTTTGACCCGGCACACTACCTCGACAGCGACGAAATGATTGTTGAATACCTCAAGGCAACTGCGGAAGACCCGAATCCGGAGGTTTTTCTTGGAGCCTTGGGCGACGTCGCCAGGGCAA
NZ_CP017305.1_gap26	1423733	1425003	1270	CTGATCCAGCGAAATACGCCGCTTCTGGCCGGTACTGACGTAGCGTATCCAGATGCTTTTCTTCTGCTGATCGACCCCTTCGACCACGGCGTTGCCATCCCTGACGGCGAAGGTGGTGCCGACGGCTGGCCATCCGTTCTGCCTGCAACTGCCATGACCGTGCCCGTTTTTACCGTTGGTCTTTGAAAATCCGAGGCAGCACTTCGGGCGGTTGCAGAGGCCGATAGTGTTGAACGAGAAGTTGTCGCCGTTCATGCTGTCCGGCATCTGGGGCTTTTCGGCGAAGGGATTAGAGTGAATTTTCTGCATCCAGGTGGAGCAGCAGAGCGCGCAGCCGCAGGAGCCCTGCGTGTTGGTGCGCCGCGCCTCTTCGCGCGTGGTGATCTGCACCATCTGGATCCGCGCCTTGAACTCCCCCGCCAGGTCCCGCACGAGGCCCCGGAAATCGACGCGGTGCGTGGCCGTGTAGTAGACCGAGAGCTTCTGCTGGTCGAGACGGAGATCGATATCGACCAGCTTCATTTCGAGCCGGTGACGCTCGATCCTGTTCAGACATGCCGCCCTGATTTCCGGCTCTCGCTTGCGAATCTCGGCGAACTCCTGCACCTCCTCCTCGGTGGCCCGCCGCATGATGGCCGGAAGCTTGTCGAGCTCGCTCGTCTGCCCCTTGAGCTGAAGCTTCCGGAGGGCGATGCGGCCCGTGGAGTAGATGACGCCCATGTCGAAGCCGCCATCCGCCTCGACAATCACCGGCGTGCCGATGGCCAGCTCCTCGCCGCTCGCGCCGACATAAAACTCCCTGCGGCACCCTTTCATCTCTATTTCAACGACCGGCACAGGGCTTTCCGGAAGATCGCCGCCATAGAGGCCGGAAGCCTGCTCCTCCAGCATTTTCGACAGTTTCAGCCTGACTCTGGCATTGTCGCCGAGCAGGCAACTGCATAGAACCGTACTCATATATTGGTATCCTTTATCTATTCACGCCCCGCCTTTCCGTGGAGGCGCGGCATCGTTTCACACTCTGGTTTGCCCGTCACTCACCTGCACGGTGGGCCTTTCCGGAGAGGCTCCGGAACGCCTCGACGCGGCGGTTGATCGACTCCGATCCGCGGATGACCACATCGAAGCCATCGAGACGCCGCTCGACCACCGCTTGCGTCACCTTGTCGAGATGGGATTCGGTCGCCGTCTGCATGAACGAGGTCAGGGCGTCGAGCCCATTCCAGTCAGATTTTTTCAGCAGTTCCGGCGACCCGAAGGACAGGAAAAG
NZ_CP017305.1_gap27	1543701	1547286	3585	CGTTGGGACAGATGTACATACATGCTGTCCTTTCCTGCCCTTTGCAGCCGTCACATTTTTCTTTAATGACGAAACTCGGCATAATTTGTCCTCCTTTAACCGAAAATTTGCAGACTGAGTCCGCGATTTACGAAGCCATTGGATATAAGTGAGAGAAAAAAATGCAATCTCTTCCGGTTGCCCGGAAAACCGTTACTTCCCGATCGCGTGGGAATGCACCTTGATATCGACCTTTTCGGTCAGACCGGCGTAGTACTTCCTGAGGATTTCCAGCACCTCCGGACGGCTGAAATGCTCCGGCACTTCGAGACCTTCCGACAACATCTTGCGCAGCATCGTGCCGCTCAGGTTGAGCCTGTCTGCTGGTTCGTGCGGACAGGTTTTCATCGAGGCCATCGCGTCGCACTTGTAGCAGTAGAAGGTCCAGTCGATCTTGAGCGGCTTTGTTTCGAGCGCGCCCTCGGGAATCTGGTCGAAGATGTGGTGCGCGTCGAACGGGCCGTAGTAGTCGCCGACGCCTGCGTGGTCGCGTCCGACAATCAGGTGGCTGCATCCGAAGTTCTGGCGGAAGAGCGCGTGGAGCAGCGCCTCACGCGGACCGGCGTAGCGCATGTCGAGCGGATAGCCAGCCTGGATGGTGGTGCCCTTGACGAAGTAGTTTTCGGTCAGGACGTTGATGCAATCCCTTCTGACATCTGCGGGAATGTCGCCCGGCTTGAGCTTGCCGAGAAGCTGGTGAATGAGCACGCCGTCACAGATTTCGACGGCGATCTTGACGAGGTATTCGTGGGAGCGGTGCATGGGGTTGCGGGTCTGGAAGGCGGCAACCGTGCTCCAGCCGTTATCCTCGAACATTTTCCGGGTCTCTGCCGGAGTCATATAGATGCCCGCGAACTCGGTCGGGAAGGTGCCTTCGCTGAAGACCTTGACCGGTCCGGCGAGGTTGACGTCGCCCTGGTTCATGACCATCAGAACGCCGGGATGGGCGGGATCATCGGTCTTGAACACTTCACGGCACTCGTGAGCCTTGTCGATGGTGTATATCTCCTCGATCTTCATGCTGCCCATCAGTTCGCCGGATTCGTCATCGACAAGTGCCACCTCTTCACCGATGGCGAGACTGTCGGCCTGCTCCTGCGAGGTCGAAAGGGTGATCGGGATAGGCCAGAAGGTGCCGTCAGCCATCGTGCACGTTTCGACGCTTCCCTTCCAGTCTGCATGGCCCATAAATCCGGTAAGCGGCGTGAAACCACCGATGCCGAGCATGATCAGATCACCAGTCTCCCTGGAAGTAAGCCTGACCTGCTTCATGGATTTCGCTCGCTCCTTTTCGCTGACCAGTTCGTCACCCGCCAACAGAAGCGGCTTTAAAACCTTATCCTTGCCATGTGGATTGACTAAAGCCATGAGACTCCTTTTGAATGTGAGTTGTTGAGTATCGAGCAAGAGAATGTCGTCGAGCGGCTGACGCGCTGCCAGAGGAGATTGCAAAAAAGAAAATTCATTTTATTGAATCCTGAGGTATTTACCAAACTCCGCAGCTAAAAATCAGCGGTCATCAAGAACATTCCAGAAGAGGAGAGCTTCCGGTTATTGAGTATGTAATTATACAAAATAATTTCATAAACCGGAAGCGTCACGTCCCTTTCCAACCCCTTTTCTTTTCTCAGATAAAGAGCGAAATGTTGGCATCCGCCGCATATTCGAGGAATGAGGCCGCGCCGCCGTAATCGACGCCCTCGATGAATTCAGACTTGTCGAATCCGAACACATCCATGGTCATCTGACAGGCAATGAACTTGACCCCTGCTTCGATGCACATTTCGCGAAGCTGTTCGACGGTAGCGACCCCCTTCTTCTTGAAGGTCTCCTTCATCATCATGGTCGCCATGCTGTCAAAGCCCGGAATATTGCCTGAAATGAGATTGGGAATCGACCAGTTGATCGACTGGAACTCCTTGCTGCCGAATGGCATATGCATCGGCATGGCCGGATTGCCGACCGGCGTCACCTTGGCGTCGATCTCTTTCTTGAGCAGCGGCAGACCATAGAAGGTGAAAAACACCACGGCTTCCATATCCATGGCCGCGGCGGTCGAAGCGAGAATGAAGGGTGGGTAGGCCCAGTCGAGTGTTCCCTTGGACGCGATGATCGCGAGTTTTTTAGTATCGGACATATGACTGACTTATAAAGTTATATGAAACAAGTTGCCTGATCGAAACCTGCCGGAACTCAGTGGCCGCCGGAAACAATGCCTGCGGCAGCGAAAATCAGCACCAGAAGCTGGACAAACGATATAGCAGTATAAATGCCGTTCTTTTCCCTGAAAAACGCGATGCCTGCAACGAAAAGGCACAGCATGGTGACACTTCCAAGATAGATGAGCGTTATGTAGCTCAGTGTATCGCCATACCCTGGCGCGGCGAAACAGCTCCAGCCCAGAGGAGCGTCGAGCTGCTGGTGAAATTCGGCGGCTCTCAGGTGCCAGTGACCGGCCACCTGCTCGATCGGCACCGAGAGCGGTATCAACTGAAAGATATAGATGGCGTATCCGGCGACGATGAGCGCGATGCCGAGGGTCGTCGCTTTTCCGAGAATACCGGCGTAAGCAAGCTGGACGCTGTCGGCATGAGTTGTTTCCTGTTTCATGACTTGTACGGTTTCAGATTCCGAATCCCTTGAGAAGCGCACGAAGTCCGGCAGCACCAAGCAGAGTGATGACCACCCTTCTGACCACGTTGGTATGCACTTTCGTGAGAAGCTTCGCTCCAATTTTCGTGCCGAGCATCATGCCTGCCACCGATGGCACGGCGATGAGCGGCAACACCGCCCCTTTGTGCAGGTACACCCAGGCGGCGGCGGTATCGTTGACCGACAGCACAAAAACGCTCGTAGCCACGGAGACTCTCAGGGGAGCGCCGAGCACGAGATTGAACACCGGCACGTTGGCCCATCCGGCGCCAAGCCCGAACATGCCGGCCATGAAGCCGATCACGGTAAAGAGCACCAGGCCGACCGGAGTGCGATGAATCTGCCAGTCAACATCTTTTTTCAGATGCTCGTCGTAATAGATGCCATAAATCTGGAGCGCTTTGGAGAGAGCGTCGGGCTGGCCAATCTGGGGGTACGCTGAATTTTTGGAAAAAAACATGATCGCGGTTATGCCAAGGATGGTCAACCCAAGAGATAACTGGATCACATTCTCCGGCAAGGCAAGCCCGACCAACGCTCCGGCGATCGAACTCATCGAGCCGATAAGGGACATAGAGAGCGCCAGTTTGAGATTGGCGAGCCCTTTTCTCAGAAGCGGTGAGCCTGCCGACAACGCTCCCGCCAGAGCCACGAACAGACCGGTTCCGCGGACGAAATCGATATGGAAGGGAAAGAAACTGCTGACAATCGGCACATAGAGCACGCCACCGCCGACACCGGCAATGACGGCCACGATACCGAGCAGAAAGGTAAACACAAACAGACCAAGCACCCATACCCACCAGGCTGTTGTTTCAACAGGGACGGTCCCTGCGGCAAACGCCAGGCTTGGCGTCAGAAACAGTAACAAGGCGATAGCGCTACAGATAAACT
NZ_CP017305.1_gap28	1562085	1563033	948	TGAGAATCTCTTCGAGCATGGGGTGCATGTAGTCGATCTCCTCGCGCCCGTGCTTGCGATCAACGAAGAGATCGACCGCGTTGCGGTGCTCGTCGATGACGGCATTCAACGCACCGGGCCGGTAGAGAGCGCTCATGGCGATGATGTCGCCGATGGTGGTGGGCTGGAGACGCGTCATATAGCTCTGCATCCCGGAAGACTCGAACTGGAAGATGCCGGCCATCTTGCCCTCCTGAAAGATGCGGAAGGTCTGGCGGTCGTCGATGGGCACCTTTTCGAGATCGATGTCGATGCCGTGGCGCTTTTTGATGAGGCGCAGGGTTTCGTCGATCACGGCGAGCGTTTCGAGGCCGAGATAGTCGATCTTGAGCAGACCCGCCTGCTCGATGCAGTTCTTGTCGAACTGCGTCACCACCTGCTTCTCGTCGCTGCTGTCGGCCTTCGTGCCGTCGATGTCGTTCTGGTCGAACTCGTCGGCGTATTTGCGCTCCTCGGTTTCGATCTTGTTGGAGACGTAGAGCGGCACCTGCTCTTCGAGCGCGCCGTTGGTGATCACCACCGCCCCGGCGTGCATCGAGACATTGCGCGCCCGCCCCTCCATCGCCCGCGCATACTGCATGAGCTGCTGGTACTGTGGCTCGGTATCGACCAGCCGCTTCAGCTCCTTGACCTCGCGGAAGGCGTCTTCAAGCGAGGTGCCGGGTTTGGACGGCACCAGCTTGGCGAGCTGATCGACCGCCTTGAGCGGCACGTCGAGCACGCGCCCCGCATCGCGGATGGCCGCCTTCGCGCCAAGCGTGCCGATGGCGACAACCTTGGCGACGCTCTCCGCGCCGTACTTCTGCACGGTGTATTCGAGAACCTTCTGCTTGCCGACCGGCGTAAAATCGATGTCGATATCGGGCATCGAAATACGCTCCGGGTTGAGGAAGCGCTCGAAGAGGAGCT
NZ_CP017305.1_gap29	1590271	1590831	560	ATTAATTAAATCAGGCTCAATATCCGGATTTTCTTCCCTCCACTTATTCCAAGCCTCAACGCCCTGTTTGAGAATCGCAAGATGTTCCGGGTTTGCCATGATCGAATTGCGAATGGGTAATGGATGCTCTTGAAACGACTCGGGTACTGAATGGACTAAAATACCGAATATTGGTGAGATATGAACCTCTTCAGCGCTCATGCCTCACCGTTGATCGCCCCCGGTCGCGATCCTTCGCCGGGCTACCCTCCCATGCCCGATATTCTCAATAATTTCATATTTTCCGGCCTTATTCGAGAGAACCGGACTTGACACATCAGAAGCAGAGAAGAAACCCATGGAGTTAGCACAGGAGATCGCGCGGCGGCGGACGTTCGCCATTATCAGCCACCCGGATGCGGGCAAGACGACGCTTACCGAGAAATTGCTGCTGTTCGGCGGCGCTATCCATACGGCGGGGGCGGTAAAGAGCAACAAGATCCGCAAGACGGCGACCAGCGACTTCATGGAGATCGAGAAGCAGCGCGGCATTTCGGTGGCCACCTCGGTGATGGGCTTCG
NZ_CP017305.1_gap30	1609354	1613788	4434	CTGGACGGCGACCGACGCGCCAAGAGCGAACTGCCCCGGCTGCCATAGCACGCGGGAATACTGAAGCTTCAGACGCCTCAACTCCATTTCCAGCGGTTCGGTGAACGAAACGGGGAGATAAAAAAAGAGGAAATGCATCCTCTTGCTCCCGTGGACTTTACCATCAACACCATCACGACGATACGACAGTTCGATGTTCGAGACATCAGTCAGGTCCCGTTGCAGCGACACAAAGGAAAAATCGGTCAACGCCCGATCAGGGTTTGAGTTCTGGACCGAAAAATCCGACTCTTTGACAGAATCGTACGTAAAATCCGGATTCTGGTGCGCCAACTGCACTCCGGCATTCAGATGCCAGCGATACCTGTCGCCATCTATACCCGGCCTCGCCTCATCAGCCAGAAGCGCCGCCGGAAACATGAGGGAGCAGCCAAGCAGAAACAAAAAAATGATCGCTCTTCTTCCTGACGACTCCGTTCCGGAAACATGGAACCCCCCTGTTTTAGCCATCGAACTCCTGATGAAATTCTGTTAATCAAAAACCGTACAAACGCAAGACTCCTTGTCACTCAGGAAACATCAGTCCTTGAGCGTCGATCCTGAGCGCATGATGGAGAACGTGCAAAAAAGGAGACGGAAACAGATCTGTGAGACATAATGGCAAGGGGCAAACCATTGGTTGAGCGAAACGTTTTTGAACAAACGGCTGAGAACAGACTCAGTGTGAGTGCCAAAATTCAGACGTAACTTTGAAAATATATCACTTATTTTTTAATATCAAAGAAATACGCAACTCACTTAAATACTTTACTTTTTACACTGCTTTACAAAAAATTCCACCTAAAAAGCACAACGGTTCGCCACAGACGACCTGCAATTCTGCAATTCAGTATGCAGGACATGCTGAAAATGACACACCTGATAATGGATTTTATTTTTTGGGAAAAGAACCGCACACAATCAATCGCACTGGCGTGGCGGCAGAGCACTGGTATTGAGTTGTAAATGCTGAAAAAAGAGAGGGGAGAAAGGTGGAGAATAAAACAAAAAAAGGCGGCTACAGTACCTGCTGTAACCGCCTTTCTGTCGGGGTGGCGGGACTCGAACCCACGACCTCTGCGTCCCGAACGCAGCACTCTACCAGCTGAGCCACACCCCGATTGGTGTCCTGTTGAACCTCGTGCCCTTGGACAGATTCGAACTGCCGACCTTCAGTTCCGGAAACTGCTGCTCTATCCACTGAGCTACAAGGGCCTCTTGACCCAAGGGTCATTCAAACAGGAATGCAAAGATAATATTAAAATCGGGAAAAAGAACAACTTTCGCACGTTCTCGAAAAATTTCCGGAAACTTTTCGAGCCTCAATGCCCGTCTACGGATGCCGCCTTCACGAGTGCATCGACCGCCAGATTGGCGCTCATCACCGCGCCGCCCATCGAGTCGTAGTAGAGCTGCTGCGAAAAGCCGCCCGCGATGAAGAGATTGCCGACCGGCGTCTTTTGCGTCGGGCGGAACTCTTCCATGCCCGGCAGCGGCGCGTAGACCGAGCGCGGAATCTTGACGAGCGTGGACTTGAGAATCTTCGCCCCCTGCGACTCTTTCGGAAAGTTGGCCCGAACACTCCGGTCAACCCGCGCGATGATCTCCTCTTTGGAAAGCCCCATCAGCTCACGAGCCGGGGCGACGCAGAACTCGAAGCGAGTCTTGCCCTCGAAGCGCTCACCGCGTAGCGTGCGGTAGTCGGGCGTGGTGCAAGCGAGGTTCGCATAGACCGGAATCACGCCATCCGGACTGAAGAGCACGTTGTCGATGGACGAAATTTCGCGGTCGTACCAGAGCTGCACCGAGATGACCGGCACCCCTTCGAGGCGGTCGAGGTTGCCGAAAAAGCGGTCATGCTGCTTGAGCGACGACGGCAGCGCCTTGCAGAGATTGTGGATCGGCAGCGCAGCGAGGTAGTAGTCCGCGTCGAGAATCTCGCCGTTGCGCAACTGCACGCCGCGAATCCGCGAGCCGTCGAAAAGCAGCTCCTCCACCGGTGTGTGGTTCTGGAACACCGCGCCTTTCTGCGCCGAATAATCGACGAGTGGCTGGTGCAGGTACTCCTGCGGCGAGCCCTTCAGAAAGCCCATGCACGAGGAATCGGGAATGCGGTAGAAGGTCTCGGTGACATCGAGGATGATCTTGGCGGAAATCTCCTCCGGCGGAATGAACTTGAGGGCGAGCGCCATCGGGCGGAACATCTTCTCCATGAGCCGCTTGCCGAATTTTTTCTGCTCGGCCCACTCGGCGAAGGTCAGGTGATCCTGCGTCGGCGGGTAGTTGGCCTTCTGCAACGCGAGTGGAATGAGCGACTTCGAGAAGGCGGCCATCTCGCCGAAGGTGAAGTAGCCGTTCTTGACGATGGCGGGCAAGAGATGCAGCGGACTCGGCAAATCCCACGTGTTGAAGGTGAAGCTGTTGCCCCCTTCGAGCGTGTAGGTGAGCTGGTGATCTTTCCAGAGCACGGCGTGGTAGGTCTTGATCTCCTTCATGAGATCGTAGAGCACGCCGTACGCTCCGAAAAAGCAGTGCGTGCCGGACTCGATCCAGTCCCCCTCCTCGTCCTTCCAGGCGGAGACCTTGCCGCCGTAGATGGGGCGTTTTTCGAGCACCTTGACCTGGAAGCCGCGATCAACGAGCCTCTTGGCGGCAGTCAGACCGGCGAGGCCGCCGCCGATAATCAGAACCTTTTTTTTCTCTCCGTTCATTACTGCGTGTATGACTGAATATCTGTTGTTGCAACCGTCGCGGCTCAGATGGCCGAGCGCCCCTCCATCGCCCGCGACAGCGTCGCTTCGTCGATGAATTCGAGCTCCGCGCCGACCGGAATGCCCCGGGCGATGCGGGTGACCTCGATGCCGAGCGGCTTGAGCAGTTTGCTGATATAGAGCGATGTCGTTTCGCCCTCGACGGTTGGATTGAGCGCGAGCACCACCTCGCGCACTTCGTCCGGCGCGACAGTGCCGAGGCGCACGATCAGCTCCCGCACCTTGATGTCGTCGGGGCCGACGCCGTCGAGCGGCGAAATCACCCCGTGGAGCACGTGGTACAATCCCTTGTAGTGGCCGGTTTTCTCGAAAGCGAGCACCTCGGTAGGAGACTCGACGACGCAGATGACTGTGCGGTCGCGTCCGGAGGAGGTGCAGAGGTGACAGGGATCAGCGCCGAGATCGGTGATGTTCTGGCAGACCGAGCAGCGGATCACCTTCTCCTTGACGTCGATGAGCGCGTCGGCCAGCTTCTCGACCTCGGAGCGACGCTCCTGCAAGACGTGCATGGTGAGACGCTGGGCGGTCTTGCGGCCAATGCCGGGCAACTTCGCGAACTCTTCGATGAGCGCCTCGACGGCTCCTGAGCTGTAGCGCATGAAAAACGGGTTACTCGCCCTGACCGAAATGCTTCATCAGGTCGGCGGGGTTGATCATGCCGCCTGCGGCTTTCTGGATCTCGTTCTGCGCGAGCTGTGCCGAAGCTTCGAGCGCCTTGTTCACGGCAGCCACGACCAGATCCTGCACCATATCGACATCGTCCATGATCTCCGGATCGATGGTGAGTTCGAGCAGTTTCTGCCGCCCGTTGACCTTCGCCTTCACCATGCCGCCGCCCGCCTCGCCTTCGGAGACAAGCTTTTCGAGCTGCTTCTGGACATCCTGCATCTTCGCGCCGGCATCCTTGAGCTGCTTCATCATATCGCTGAAATTGGGCATCGCCATCGTGTTTCTCCTGTGGTTTTAGCTCAAGGCCGGAAAATCAAGCTCATAAGTCCTGTACGACCTATGCTTTCAATCAGTTCTTTCTTCTTAAAGCGAGGTAAATCTTCTCCAGAATATCCTCGGTGGTCAGCTTGTACTTTTTCAGCAGGTCGTCGGGCTTGCCCGATTCGCCGAAGGTGTCCTCGACGGCGACCATCTCGATCGGCACCGGAATGTTGCGGGCGCAGACATTGGCCACCGCCTCGCCGAGACCGGTGTACATCTGGTGCTCCTCGGCAGTCACGATCGCGCCGGTGTCGTTGGCTGCGCGCACGATGGCGAGCGTATCGATCGGCTTGATGGTGTGCATGTTGATGACGCGCACCCCGACCCCCTCCTTTTCAAGGATTCGAGCCGCTTCGAGCGCTTTCCACACCATGATGCCGCAGGCAATGACGGTGACATCCTTGCCGGGATGCAGCTCGATGGATTTTCCAAGCTCGAAACCATCTTCGTCGACAGTGAAATCCGGCACGTTCGGACGGCCAAAGCGGAGATAAACCGGCCCCTGATGCTCGATGATCGCCTTGGTGGCGCGCTTGGTTTCGCTGTAGTCGCACGGCACGACGACGGTCATGCGCGGCAGGCTGCGCATCAGGCCGATATCTTCGAGAATCTGGTGAGTCGCGCCATCCTCGCC
NZ_CP017305.1_gap31	1771454	1772191	737	GCTCGCGTACAATGACGGGCCGGTGCTGGTCGATTTCAGGGTTATCCGCAAGGATATGGTTTTTCCAATGGTGCCCGCAGGCGGATCGATTTCCGACATGCTGCTGGCCCGGCTGAATCCGAAAACAATGGTTTAAGCAACTTCTATGAAACATCTTATATCCGTTCTGGTCGAGAACAAGTTCGGCACGCTGAACCGGGTTGCGGCCATGTTCAGCGCCCGCGGCTTCAATCTCGAAAGCATCTCCATCGGCGAGACCGAAGACCCCGAAATTTCGCGCATGACCATCGTGACGCGGGGCGAAGACCGCATCATCAGCCAGGTGCTCAAGCAGCTCAACCGGCTGGTCGATACGATCAAGGTGACCGACCTCACTCATCAGCCGCATGTGGAGCGCGAACTGCTGCTTCTGAGCCTGAAACTCAACAAATCCACCCAGCACGAGATTTTCGAACTGGCCAATGTTTTTAAGGGAAAAGTCGTGGATATAAAGCAAAAATCCATTACTATTGAGTTCGTCGGTTCGCCCGACAAAATCAACACGGCTATCGACCTTTTCAGGCCCTTCGGCATCCGTGAGCTCGCCCGCTCCGGCGCGGTCGCCATCCATCGCGGCGAGAACTGATTTTTTTATGTACGTCCAAAACCAGTCAACACGAATATGTCAATGAATGTCTATTACGAGCAGGATGCCGATCTCGCGGTACTGCAGAACAAGAATATCGCCATTCTCGGCT
NZ_CP017305.1_gap32	1782056	1784793	2737	GGCAGCGATTCGCGAGATCATCGCGCAAACTGGCGCGACCTCAATGAAGGAGATGGGCAAGGTGATGGGCCTTGCCATGAAAGCGCTCAAGGGCAAGGCCGACGGCGGCAAAGTACAGAACTTCGTGAAATCGCTGCTCTCAGCATAACCGCCCAAGACCATGCTCGATATAAATTATATACGCCAGAATCCTGACGATGTGAAGGAGATGCTGCGCCGCCGCCAGCAGGGCGACGACGTGCCAAAGGTTGACCTGCTGCTTGAACGTGATACCGAGCGCAAGGCGATGGTGCAAGAGACCGACGACCTCAAGGCGCTGCGCAACCGTGTCTCGAAGGAGATCGCCAACATCAAGCGCACCGGCCAGGGATCGGGCGAGGAGCTGATCGCCCAGATGAAAGAGGTCTCCGACCAGATCGCCGATCTCGATCTGGCGCTCTCGACGCTCGAAGCCGACATGGAGGAGCTGCTCTTGACGCTGCCCAACCGCCTGCACGAAAGCGTGCCGGAGGGGCGTTCCGCCGAAGAGAATGTGCTCTGCAAAGGGCCGGTTTCGTTCGAGCACGATCTCGACTTCCCGGTCAAAAACCACCTCGAACTCGGCAAAAGCCTCGGATTACTCGACTTCGAACGCGGCGCGAAGATCAGCGGCGCGGGCTTTCCGGTCTACACCGGCAAGGGTGCGCGGCTGGAGCGGGCGCTCATCAACTTCATGCTCGACACCCACAGCGCTAACCACGGCTACACCGAGGTATTCCCGCCCTTCATGGTGAACCAGGAGTCCCTGCGCGGCACCGGCCAGTGGCCCAAGTTCGCCGACCAGGTCTATCACATGCCGGAGGACGGACTGTACGCCATCCCGACCGCCGAGGTGCCGGTGACCAACCTGCATCGCGGCGAGATGCTCGACGCGGCGAACCTGCCCATCGCCTACGCCGCATACTCAGCCTGCTTCCGGCGAGAGGCGGGCAGCTACGGCAAGGACACGCGCGGCTTCCTGCGGGTGCACCAGTTCAACAAGGTGGAGATGGTGCGCTTCACGCGGCCCGAAGCGTCGTACGAAGCGCTCGAAGAGATTCTCGGCCACGCCGAAGCGATCCTCTGCGCACTCAGGATTCCCTACCGCGTCATCACGCTGTGCAGCGGCGACATCAGCGCCAACGCTGCAAAGTGCTACGACATCGAGGTGTGGTCGCCAGCGGAGAACAAATATCTGGAGGCATCGAGCGTCTCGAACTTCGAGGATTACCAGGCCCGCCGCTCGAACATCCGCTTCAAGCCCGGCGGCAAAGCCAAGCCGGAGTTCGTGCATACGCTGAACGGCTCGGGCCTGGCCACTTCGCGCCTGATGGTCTCGCTGCTCGAACATTACCAGACCGCCGACGGCAAGATCATGGTGCCGGAGGTGCTGAGGCCCTACACGGGGTTCGATGTGATCGGGTGAGGGTAAAAAGTGGACGTTGTGGACTGAGTGGACGACGTGGACAAAGAATCGGAGGCGCGGCAAAATACCGCGCCTCTTTGCTTTTTAGCCCCCGATTTTCTCCTTGAACTCGCAGACCATGCGGCTGACGGTGTCGGTGTCGATGAGGAAGGCGTCGTGGCCGTAGGGTTCGTCGAGGAAGAGCAGGCGCGAGCCTGGGATGAGGCGGGCCAGCTCCTCCTGCTCCTCCTTCGGATAAAGCACGTCGGAGTCGATGGAGAGAATCTCCACCGGCATCGCCAGCGCTCCGAGCGTCGCTTCGTATGACCCGCGTCCGCGACCGAGATCGTGCATGTCCATGGCTCTCGTCAGCGTGATGTAGGTGTTGGCGTCGAAGCGCTCGACGAGCTTGTCGCCCTGGTGGCGCACGTAGCTTTCGGCTTCGAAAAGCCCGTCCTCGCGCTGCTGGCGACCGAAACGCTGCTGGTAGTTCTCGAAACAGCGGTAGGTGCACATGGCCATCATCCGCGCTGCGGCAAGTCCTTTGCGCGGCTGCACTTGCGGATCGTACCAGCCATCCCGCCACTCCGCGTCGGCGGCAATTGCCTGCCGCTGCGCTTCGCTCTGCGCGATACACCACGCCGAGTGACGGCCTGAAATGCCCATCGGCATCAGCGCCCCGGCCATCTCCGGATACATCGCGCCCCATTCGAGCACCTGCATTCCGCCAAGCGACGCTCCGACGACGAGGCGGATGCGCTCGATACCGAGCGATTGCAACAACCGCCGCTGGACGCTCACCATGTCGCGGATGGTTATGCGCGGAAAATCGGGGCCGTAGTGTTTGCCGGTCAGCGGGTTCAGCGACAGCGGCCCGGTGGTGCCGTAGCAGCTTCCGAGCACGTTGCTGCACACGATGAAGTCCCGCGTCTCGTCGAACGCGCGCCCCTCGCCGAACATACCGCACCACCAGCTATCGGCGTCAGCGTTGCCGGTCAGCGCGTGGCAAACGAGAATGACGTTACTTTTCTCCGAGTTCAGCGCTCCCCAGGTTCGATAGGCGACCTTCACGCCGGGCAGCGTTCCGCCAAGATCGAGCGCCAGCGGCTCGTTCGATTCAAAATATTTTGTACTGTCGGAAATGATCGCTCTGTGCTCCATCCGGGTCATGCTAAATTCTCGAAAGCCTGGCTGAAGTCAGCCTCGATGTCGTCGATGTGCTCGATGCCGACCGACACGCGCACCATGTCGGCAGTGACGCCCGCCGATGCCTGCTCCTCCGCGCTGAGCTGCTGGTGCGTAGTCGATGCGGGA
NZ_CP017305.1_gap33	1803940	1807243	3303	GCAGATCCTGAGCGAAGCGGTCGAGCATCGGCTGGACTGCATCCCACCTGGCCGACTTCGCCTCCGGTGATGCGGCAATCGCTTTTTCCGTCCGCAGAATGCCTGCGAGGTGCTCCTCGACCAGCCCCGTGAACGCGCCAAGGGCAACCTCCGGCTCCAGCCTCACCGAAGCCGCTTTCGCCTCCGCGCGAACCGTGAGCAGACACAGCGCCAGCACAGCGGACATCAGGATTGAAATGAACTTTGACATGCGAGACCTCCTTTCAGGTTGTTTGAGAAACACCATGAACTACAAGACCCCAACACTTAACAGAACAGAAACCGGCAATGACGCCAGACAAGCCGAGCCGCCGCATCTCCTGCTTTTCAAAGTTCAGAATATCCGGGGTGAGAATCAAGAGTGAAATCGGAAGGGGGCTGCTTTTTTGCGCGGCACAATCAGTGCGAGAGCAACATGACGATACAAATTATGTCCGTTGATGTTTCAATCAGCCAGAACGCGCAGCACGGTGTCGGGTGATTTTTTGACCAGATTGAGCAAGACCAGCGCCGGGCCTTGGGGTTTGCGATCTCCGCGCTCCCAGTGCCTCAGGGTGGAGACGCTGATGCCAAATGTGGCAGCGAATTCGTTTTGGGTCAGCTTGGTCTGCAACCTGACGCTTTTCACATCGACCGGTTGAGGATGATAGGTTCTGACCTCGACTGGGTTGCCCTGCGAATACGCGACCGCCTCTTCCAGTCCTTTTGTGATGCTCTCGAATGTGCTGCTCATCTCTCTTTCCCCGGCTCACTTCTCGAAATAGTGCACGTCCTCGATTCCCTGAAAATCGGAGTCTTGCGTCCACAACGTCGCTCCATACTCCCGCGCCGTTGCCAGCATGATGCTGCCGGCCATCGGGAGTTTTTCCTGAGCGCTGATTCGCGCGGCGGTCAATGAGAGCGGGGCCGTCAGTTCAACCACCTGCCCCTGCTGCATGAAGGCGATGGCCTGAAGCGCGCTGCCTTCGCCTCGTTGCTGGAGTATCCGTTTGAATACTTCATACAAACTGATAACCGGCACAACCAGATTCGTGAAATCTTCGATGGGCGCGGCAAAATGGTCAGCGGCGGGCGTGCCTGCAAAGTACTCCAGCCATCCGGATGAATCGACCACATTCATACCCGGTCTCCTTCGCGCACCACTTGCGTGTCGAGTCCCGGAAGGAAACCGCGCATCTGTTTTGGCGAGCGGATCGGCACCAGTTCGATGCGGCCTTCATACACGATTGCCTGAATCTTCTGGCCGGGTTGCAAATCAAGTTGGTCGCGTATTGCTTTTGGAATGACGACCTGAAATTTCGGCGAAATGGTTACGGTTGTCATCGATCCTCCATCGTTAATCTTATTGTCATACGACGAATATATCGATCAAAAAAAGGTAAGTCAAGCACCCTCATGTTCGCTCCTCTCAAAGAGCAGGGCTTTTTCAGAAAGGCTTTTATCGAATGCGAAACCATCGCATGGCCCAACGGAGCGGATGTCGCTCCCGAATCTCTCTACGAAAAACTCCTGCAAAAAGAATGAAAGCGGGAAGGTGTCGTGCATCAATCCAGAGTTCCGAGGACTTTCGGCATGGGACTACAAACGTTGAATCGTCTCGATCATGGCGTGTACAGCTTGTCGCAATTCCGGGAGTTCATGAATGCAGATATTGAATATTTCTTCAGCGTCGATGTTAAAATATTGATGTGAAAGCACATCCCGAATACCTTTCACGCCTGTCCAGTTGATGTTCGGGTAATCCTTGAGCAGGTTGCCGTCAGTTTCCTTGTCTATTTTCTTGAAATTTTCGCCAACCGCGATAAGCATCATGGCAATCGGTCAAGCATGTCGAGACCGTGTTCGCTGTCGAGAAAATCGTCACCCGTTTTGATCGAAGCGGCTCGCCGCTCGATTCTGCCGAGCGCCTCATCGATCTGACTGAGTTTTTCAGCAAGAAGGCGCGTGTTATACATAAAGCGCTTCCTCGTCAATGTGCGCTTTGAGGTACTGGTTCATGCGTTTCCAGTAGCGAATCACGTCAACCTTTCTCATCAGAAGCGATTCGAGAGTCGCCTGTAATTCTGCCTGAAGTAACAGGTTAGGCTCCATTTCAACAACAATGTCAATATCACTGTCAGGCTTGGCAGTGTCATTGGCGACGGAACCGAAGATACCGACTTTTTTTACGTGATATTTATCAGCAAGCTCTTGCTTGTATTCACGGATAATCTGTAGTACCTGTTCCTTTTGCATTGTTCTGCCTGTTGCTGAAATGCAGTTTGAGGTTGCTCTTTTTAAGTATATGACGGCCATTCATTCTTTGCAATATCTTTCAGGCATGGCCCGATGAGCCGAAGGATCAACGAAAAAATTTGCAGCAACGGATCAACGGCCCCGATATTCAGTGATACCAACGAGCTTTTGGCGGATTGGGAGCTTGCCGGATCGAGCAAGGAGATGATGCCTGGCGAACCTTTAAACTGAAGAGTGCACCATTTGGAACCTGAATGATGTGATCGGGATAACGTACTTCTGCGATTATCGTTATCCCGTCATTGCGAGGAACATCGCGACGTGGCAATCCATGCGGAATCGGCGAAGGCAGTAAAAGATGGATCGCCGCGCCCCGACAGGTCAGGACTCGCGATGACGAGTTCTCGTGATTCGAAGATGGGTTGCATGGTGAGGTCGATTTTTCAGAGTACCCGCAAAAAGGCCCGGTGTTCGCCGCTCTCAAAGACTCTGGCTTTTTCAGAAGTGCCTTCATCGAAGGCGGAACCATCGCTTGGCCCAACGGAGCGGATGTCGCACCCGAATCCCTCTACGAAAAACTCCTGCAAAAAGAATGAAAGCGGAAATGTGTTGTAAAGCAATAAATCGGGTATTTTGAGCAACGGAATAACACATCTTAACCTTCATTTAGTTATTCTGTGCCAAATATATGCAGGTCGCTTTTCATACCTTTTTTTAATTGACATCGGAAGACTGGCTTCATTTAAAGCACTCATAGCAATTAAAATCAATGAAGGCACTAGTGGAACTGGCGATCCTGTATATATCGCTGCAGACAATCCAATTATACTTGCAACACCCCCTTTGAAAGCATTTCTTGAAACAGATTGAGTGTGATCTCGCATCTCATCAATCTGAGACATTATTTCTATCTGAAATAATTGACGTGCTTTTTGATCAAATTTATCTGACTCATAACCTAAAAGCTGCTCAGACACATTTTGCAATGTCAAATTAAACCGCTCAAAAGATTTTGAGTACTTTGTCCTA
NZ_CP017305.1_gap34	1808373	1813223	4850	TCGCACACCTTGCACGTCCCATTCTGCTTCACCCTCACCGATCCGCAATTCTCGCACTGTTCGCCCGTATAACCTTGCACCCTTGCCTGCGCGGCCTGGCTTTTGAGGATGCCGTGGTCGTCGGCGTGGTGTTTTGGCGTGTGGACGGCGAGTTCCGGCTCTGACGCTTTGGCTGCGTGGCCGTTACCGTTGCCGTTGGCTGGCACTTCCGGCACTTCGTCCACCGCTTTCACGTGCACGAAATCCTTGCGACCGAGGTAGTCGTAGCCGATGGAGCGGAAAACGTAGTCGAGAATCGAAGTCGAGTTCTTGATGGCGTTGTGGCCCTGCACCGCGCCCGCAGGCTCGAAGCGGGTGAAGGTGAAGCTGTCCACCAGCTCTTCGAGCGGCATTCCGTACTGGAGCGCCTTGGAGGCAAGCACGGCGAAGCAGTTGAGCAGCCCCTTGAACGACGCGCCCTCCTTGTACATGTCGATGAAGATTTCGCCCAGCGAACCATCCTCGTACTCGCCGGTTCTGAGGAACACCTTGTGGCCACCGACGTAGGCCTCGCGGATGAAACCCTTGCGGCGCTTCGGCAGCATCCGGCGCTCGGAGCGGTGATAGACGCGCTCGACGATGCGCTCCTGCACCTCCTTCGGCCCCTTGGTCTCGTCGAGATCCTCCTCGGTGCCGAGCATGACCACCTCGTCGAGGTCGGCGATGGACGAAATGTTAAGCGGCTGCGAGAGCTTGGAGCCGTCGCGATAAATGGTGATCGCCTTGACCATCGACTGCCACGCGGCCTGGTACACCTCGCCAATTTCAGCGGTGGTGGCGGTGCCGGGCATGTTGACCGTCTTGGAGATCGCGCCGGAGATGAAGGGCTGCACGGCACTCATCATGTGCACGTGCGCCATGTGGTTGATGTAGCGCTCGCCTTTGCGCCCGCAGGTGCTGGCGCAGTCGAAGACCGGCAGGTGCTCCGCCTTGAGATGCGGCGCGCCCTCGATCATCATGGTGCCGCAGACGTAGTCGTTGGCCGCCTCGATGTCCGCTTCGGTCGCGCCGAGGGCGCTGAGCATGTCGAAGCCGCCGTCGTTCAGCTCCTCGTCGGTGAAGCCGAGCGAGCGGCAGAACTCCTCGCCGATGATCCACTTGTTGAAGGCGAAGCGGATGTCGAAGACGCTTTCGAGCTGCTTTTCGACCGCCTCGATCTTTTCGTCGGTAAAGCCGCGGCTCTTGAGCCACTGCTGGTTGATGCCGGGGCAGCCGCGCAAAGTGCCGTGTCCTTTGCAGTATTTTTCGATCTTCTCGATCTGCTTGTCGCTGTAACCGAGCCGCGTGAGCGCCTTGTGCACCGACTGGTTGACAATCTTGAAGTAGCCGCCGCCCGCGAGCTTCTTGAACTTGACGATGGCGAACTCCGGCTCGATGCCGGTGGTGTCGCAATCCATGACGAGGCCGATGGTGCCGGTCGGCGCAATGACGCTCACCTGCGCGTTGCGGAAGCCGTGCTTCTTGCCCTTTCTGAGCGCCTCGTCCCACACCTTTCCAGCGGCATCGAACAGCTCCTTTGGGCAGTACTCGGAATCGATGCCGCGAGGCTTGACGACCAGCCCTTCGTAATCATCCTCCGAATTGTTATGCGCGGCACGGCTGTGGTTGCGGATGACACGCAGCATGTCGTCGCTGTTCTCGCGGTAGCGGGCGAACGCGCCGAGGTCTTTGGCCATCTCCGCCGAGGTGACGTATGCCTGACCGGTCATGAGCGCCGCGATGCCGCCCGCGATGGCAAGGCCGCGCGGCGAGTCGTAGGGAATGCCGAGCACCATCAGCACGCGCCCGAGGTTGGCGAAACCGAGGCCCAGCGTGCGGAACTCGTAGCTCAGGCGGGCGATCTCTTTGGACGGGAAGTGCGCCATCAGCACCGAAATTTCGAGCACCACCGTCCAGAGCGCCGAGGCGTGCTGTAGCTCGGGAATCCTGATCTTGCCGCTCTCCTCGTCGAGGAAGTGCGCGAGGTTCAGGCTGGCGAGGTTGCAGGCGGTGTCGTCGAGGAACATGTACTCTGAGCACGGGTTGCTCGCGTTGATGCGGCCGCTCCTGGGGCAGGTGTGCCACTCGTTGATTGTGGAGTCGAACTGCAAACCCGGATCGGCGCACTTCCAGGCGCTCATCACGATCTTCTCCCAGAGGTCTTTGGCGCGAACGGCGCGGGCGTCCTTGCCGGTGGTGCGCTCGCGGAGTATCCACATCTCGTCGTTCTGCACGGCCTTCATGAACTCGTTGGTCACGCGGACGCTGTTGTTGGAGTTCTGGCCGCCGACGGTTGCGTAGGCTTCGGACTCGTAGTGCGTGTCGTACTCGTCGAAGTCGAGGGTAGTGTAACCCTGTTCGACGAGCGCCAGTACGCGCAAAATGTAGCTCAGCGGCACGGCGCGTTGCAGGGCGTTGCGGATGAGCCGGTCGAGCATTTCGTTCTCCTGCCGGTCAGCGCCGCCCCTGAGCGCCTCATCGACGATCGCTTTCAGGAAACGCGAGCAGATTTTGGAACCGGCGACCATCGCGGCCACCTTGTCCTCCTCCTTGGCCTTCCATTCGATGAACTTCTCGACGTCGGGATGGTCGATGTCGATGATCACCATCTTGGCCGCGCGGCGGGTGGTGCCGCCGGACTTGATCGCGCCCGCCGCCGAGTCGAAGATTTTGAGGAAGCTCATCAGGCCAGAGGAGCTGCCGCCGCCGCTGAGCTTTTCGCCCGAGCCGCGAAGATTCGAGTAGTTGGTGCCCGAGCCGCTACCGAACTTGAAGACGCGCGCCTCGCGGATAGCGAGGTCGAAAATGCCGCCTTCGTTGACCAGGTCGTCCTGGATCGACTGGATGAAACAGGCGTGCGCCTGCGGGCGGCTGTAGGCGTCCTCGGACTCTTTCGTTTCGCCGGTCACCGGATCGACGTAGAAGTGCCCCTGCGCCGGGCCGTTGATATTGTAGGCGAACTGAAGGCCGGTGTTGAACCACTGCGGCGAGTTCGGCGCGGCCATCTGCGCGAGCAGCATGTACGCCACCTCGTCGTAAAACGCCTGCGCGTCGTCGTCGGAATCGAAGTAGTTGTGCCGTTTTCCCCAATCCTGCCAGCAGCCAACCATGCGGTGCACCACCTGCCTGATCGAGTGCTCGCTGCCGGTCACCGGCTGGCCATCCGCGCCGATGATGAGATTGCCATCAGCGTCGCGCTGGGGCACGCCGGTTTTGCGGAAATATTTCTGCGCGAGAATGTCGGAAGCAACCTGCGACCACGCTGCCGGCACCTCGACATCGTTCATCTCGAAGACCTTGGAGCCATCGGGATTGCGGAGCACGGAGGTTCTGAGCGTGTAGTCGAAACGGTCGTAAACGTTTTCACCAGGGGAGGTGAACAGGCGAGCGATTTTCATGTAAGGTCTCCAGGATCGATAAATGGTTGTTGACAGGTAAATCTTTTCTATTTCATGACTTACCTCATCCCGGCAACAAGCCGGAAGCCGTCGCGAAATTTCGACGTGGCCATGCCAGATGCAATATAACCACCTCGTCAAACTGACGGAAAAAGATCATGAAATAAAAAAATCAGGTCGTTGAAAAGGACACCAGGCTCTCTTCCCGGAGCCAATCGGCGGCATTCATCACGGCAGGTTTCCTGACTTCGATGGCTGCGCCGTCATGACAGCGCATTCACCGGAAACCTCCTTCCCCAGCCTTCCCCGTGGTAATCAGAGGTTGGCTGAGTGGACAGTCTCCCGCCGCGGCGGCGATGAGGGCAGAGCTGTCTCCATCGTCGCGCGGCAAACCATCTTACAGTTGCGGGCACAGTGTGCGATTCCCACGCACTTCCCTTTTACCCGGATGCGAACACCCGGCACCGTAACGTTCAAAGAACTCCCAATGGTAAGGATTTTTCTGAATGAAGGCAAAGCCGGAAGGCGATTTTCCGGACGGCGGAGGGGTGACTTAACGATGCTGAACCCGCCCGACGCGGATGGCAAAACGCTTTGCGGGCGAGGAGCGGGAAAGAATTTTTTTACGGTCGAGATGGCACGTCATTTCACCTTCCACTGCGACGGCTCGACCGTCACCAGCCACTCCAGCGTGCGCCGGATGCCCTCGTCTTGCGGCACTTCGCTGCGCCAGCCGAGCGTTTTGCGGGCTTTCGACACATCGGCCAAAGCCCGCGAGGCGAGCACATCGACCGCCTGCCGGGTCAAGAGCGGGCGCTTTTCGCTTCCGGCAATCCGCCAGGCAACCTCCATCGCTCCAGCGACGGCCCGAACGAGGCCGAAGGGCAGGTGGAGCGACGGCGGCGGCGAGCCAATCGCCACGGCGACGCGCCGACACACCTCTTCGAAGGTGATTGCCTCGCCGTCGCAGGCCATGAACGCCTCGGCCTCGGCTTCCGGGCGGCTGGCGGCGAGCATCGCCAGATCGACGAGGTTGTCGATATAGATCATGCTCATCGGCGCATTGCGCGACCAGTAGAACATCTGCCGCTTGCGGATGGTGTCGGCAAGCAGCGGAAAGAGCGTCCGGTCGCCGGGGCCATAGACCCACACCGGGTAGAGAATGCTCGCCGAAAGCCCCCGCTTCATGGCCGACCAAACCTCGTTCGTGCCGCCGATTTTGGTATCGGGATAGGATTGCTTTCGCGTCATGTAGGGCGTCTCTTCGTCGATGCGGCCAAGCAGATGGTGGTCGAAGCACTCGAACGAGCTGACATGCACCAGCCGCCCGACCCCGTGCCGGAGCGCGGACTCGCAAATCGCGCGGGTGCCGCCGACATTGATGTTAATGAAATCCTGCATCGGCCCCCAGTCGGAGGTCAGCGCCGCAGCGTG
NZ_CP017305.1_gap35	1814591	1815573	982	TCATTGGCAACGCCCGCCTTCTCTTGAATTCCATAGACGAAATGACCCCCATCCGCATTGGCAAACGCGACAACGTCTTTGCAAAGCTCAATCTTTTTTTTATCCGGCTCGCTCTTGTCCCGTTCGATTGTTTCCGGCAGCTCTCGTTTGAAATCCAACGTTTGAGACTCCGGGCATTCGCTTTCGCACAACTGCCGGAGAAAGGCTTCGTCAATGGTCGCAAGTGATAGTGGCAACATGGTTTGGGGTAAACCTGTGAAAAGTTATAAGTACAAACGACGCATAAAAAGATACGCTTTACCGAAGCAAAAAATGTCCTCCCGATTTCAAAGCCGCTCGATGCAACGGTAAAATGGCGCTGGATGCTTCGCTTCGCTCAGCATGACAGAAAAATCAGGAACTCCCCGTATCACCGCTCTCCCGCTCTTCCCCAATTCATAATTCATAACTCATCATTCATAATTCGCGCCCCTTCCCCTCCCGCTTTCTCAGCAGCTCGACCAGTTCGGCGGTGAGGGTGGCCTGGCTTTCGAAGGCTTCGGTGAGGCGTTCCATGTCGGTTCGGCGGTTGCGTTCGGTTTCGGCATCGAAAAGGATCGGCTTCTGGAAGCCTTCGGAGAGGCTGAAGAGGCGCAGGCAGATTCGAATCAGGATGAGGTACACGACCGGCAAAAGATATTCTCCCAGAATGACCGGCATTTGCTGGTAGTGGCGGATGACCGAGTCCCAGTCGCCGATGGCGAGAGCGCTCCACTGGACGAAGAAGTAGAGGTAGATCAGCGGATGACCGATGAGAAGAAGACGCAGGATTTTGGACTGGCGCTTGCCAGCCGGGTCGCTCTCGTATTTGGAGAGCAACCACGGGAAGTGGCCGACCAGCATGGCGGCCCGGCGGTCGTTGAGGTAGCGCGCGCCTTGCAGCGCCGAGTCGATGAACGAGGCAACCTGACTCAGAAATGCCGCCGAGAGAATGGTGGCAAGG
NZ_CP017305.1_gap36	1835869	1840297	4428	AACAGCAACAACAGGCGCCGTCGTTCGATCTCTGGATGAAAGCCATTCATCCGGATGACCGGCAAAAAGTGATCGATACCATCACGGAGACCACCAGAGAGGCGAAAGAATCAAGTATGGAGTTCCGGGTCACCTGGCCCGATGATTCGATTCACTGGCTGATGTCACGCGGACAACCGGTGCACAACGATAACGGACAGTGGACCGGTTATATAGGCACGATCATCGATTCCACGGAGCGCCGGAAGCTGCTCGAATCGGTACGCCAGAGGGAAACGGAGTATCGTTCACTGTTCGAAAACATGCCGAATGGCTTTGCCTATTGCCAGGCGATCTACGATCGAAATGACAGAGTCGAAGATTTCGTATTCGTCGAGGTCAACCGAAAATTCGAGGAGTTGCTCTCGATGAAGGATATCATCGGTAAACGGGCGACGCAAATCATTCCTGAAATCAGGACGACCGACGAAGAACTGTTCCGAATCTCTGAACGCATCGTCAAGAGCGGTCAACCGGAATATTTCGATTATTTCCTGAACGCGCTTCAGGAGTGGTTCTCGTTTTCGGTTTACAGTCCGAAACAGGACTTTTTCATCGTGATCTTCGATATCATCACCCAGCGCAAGCAAATCGAGCAGTCATTGCGGGAAAGCGAACACAAATACCGCACGATAACCGAACAGATCTCCGAAGTCGTCTTCGTCACCGACTTCACGGGCATCGTCCGCTATATTTCGCCATCCATACAAAAAACAGCAGGATACCGGCCTGAAGAGATTGTCGGTCATTCATTTTTCGACTTTCTCGCGCATGATGAGATCGAACGGGCGAAGCACAAGCTCGGCGAAGCGATTGCCAGGCACCTCGATTCCGAAGTGTTCGAGTTGAAATACAAAAAACGCGATGGCTCCGATCTTTATGGCGAAGTTGGCGTCAGATATTTTCTGGAAACCAACGGCAATGAATATTCGGGCATGATCGGCGTGATTCGCGATATAAGCCGAAGGAAAAAAGCCGAAGAGGAGAAAAAAATTCTCGAACTCCAGCTTCAGAAAGCTGAACGTCTTGAAACGCTCGGAAGACTTGTTGGCGGTATCGCCCATGACTTCAACAATCTGCTTTCTCCTATTCTTGGTTATGCCGAACTCGGGATGCTCAATGCAGCTGAAGAGGGTTACGACCCCGAATATTACACCGCTATCGTGCAGGCTTCAGAACGCGCGAAACAACTGATCGCCCAGATTCTGACCTTCAGCAAAACCAATGACAGCAAGCCCGCACCTGTCAAGGTTCAATCGATCATCGAAGAGGTTGTCCAGCTCCTCTGTCCGTCGATTCCGCCAAACATCAGAATAGAGAAGAAGATCGACCAGGCGTGCCGCAACATTCTCATCGACCCGTCGAAGCTGCATCAGATGCTCGTCAATCTCTGCACGAACGCCTGGCAGGCGATCGACAAGAGCAATGGCATCATCACCATCGAGCTGCACGAGGTCACGCCCGGCAAGACGCTGCTGAACAGGCTGACGGGGCTGACGGCCCAGCCCTACGCGGAGCTGAGCATTTCCGACAACGGCACCGGCATGGACAAGGCGACGATAGAGCACATTTTCGAGCCGTTTTTCACGACCAAAGCCCCCGACAAAGGTTCCGGTCTCGGCCTGTCGGTCGTGCACGGCATCGTTACCGGTTACAAGGGGCAAATTCTGGTTGAAAGCGAGCCGGGAGAGTCAACGACTTTTCGCATCTTCCTGCCGGTCATCGAAGCGACGAGCGAGCAGAATTTTTCTCGCCCCATTCCCCAGCAGGGAAATGGAAGGATTCTTTTTGTCGATGATGAACAGGTCATCCTGAACATGGTCTCGAAAATGCTGACCAAACAGGGCTTCGAGGTGTGCGCCATAAAGAATCCGCGCGAAGCCATCGAGCTTTTCAGGCAGGAGCACGAGCGTTTCGACCTGCTCATCACCGACCTGACCATGCCCGAACTCAGCGGCCTCGAACTGTCAACCGAGCTGAAAAACCTCTGCCCCCTGCTTCCGATCATCATGATGACCGGCTTTGGGAAGGACATTGAAGACGAGCAAACTTTGAACAGGCACGGCATCTGCAAAATCCTGAAAAAGCCCGTCAGGCTTGCCGAGCTGGTTGCCGCGATCAACGAAGCCATCGCCGGAATCGGTTGATGCCGCCGTCCACGACAGGCGAACCGGTGCTGGCACAATGCAGGACAGCGAGATTTTTTTACGAAAAGTTAAAAAAGATGCTGGTTTTCCAGATTTTTTGCTACATTAAGCCACTCTATTGAGGAGTGGCCAAATTGGTAAGGCTCCTGACTCTGGATCAGGCAATTCCAGGTTCGAGTCCTGGCTCCTCAGCAGCATAAAGCCTTGTAGCGGATAACGTTACAAGGCTTTTTTTGCGTTTTTTGCTGGCACAGTTATTCTTTGGTTATTGGTATAAAACTGACAATCGCCCAGAATTCACGAGCCATGCACGTCAAATGATCGGATCAATCATGACTGATCTTCGCCTGTAAGCAGCGAAACCAAGCAGTCCAATGCCAAGCATAACTGATGCGCCGGGTTCTGGAACCGGGGTGCCTCCCGTCAACTCCATCACTGTCACGCTCTTGAGCGCTAATCCTGAATAAGAAGTGCCCCATGTCATCGTATGAGGATCAGCATCCCAGGTGTCATGGAAGTATATAGTGTCGCCATCATAGCCATATCCAAACATGGTGTGTCCTGTTACATGAAGCAGTACAACCCGGTTGTTATCGACTTCATTCTGAAAATCTGCAAGACTGAATCCGGCAGCCACATTATTGTCCGTAAGTTGATTATAAAGCGTGTTGACTCCATACCCGGCATAGGTGACATATTCGTAAATACCATACATACCGGACAAATCAGTATAACTTGCACCGTAAGAAGGATCAACGCCAAAGAACGGCATATAGCTATAATATAATCGCTCTCCATTACCATAATTATAGATCTTGGTGCTTCCATTATAATTACTTAAAGCGTCCTGACTTGTACCCATGAAATCGGCAAGGCTGTCAAAAATATGATATGGAGCGGAAAGGTCATCGCCAGATTTATTAGATCCATCTGATGGAGATTCTCCACCATAAAAATCAGTGATGTGACCTGGGCTGGCAATAATTTGATTAGCCAATGCGCCGCTATTGCCAAAAGTACTGAGTTCAGCGACTCCACCGGGAACGAGGTTGTCATAACGAAGACCGTCATAGCCGTTAATATCGTAATACCCCATCATCATACCGGCAGAAGTTGGTGAACAACCGTACCACCAGTCATAAGCCGGGACATTTGAAAGAACGGCTCCATCAACACGACCGGCGATGGATGATGTGCTGGCAAATAATGCTACGGAGAGATAAACCCTTTGAGCAAAAGTAGCTGCTGAAAAATAACGGCTTCGCATAACGAATTCTTATTTATAGAAATTATCTATTTAACGCAATTACATTCGCAAAACATTACTTTAATAAAGTATAAATTAAACAATTATATCACTCTCAACAAAGAATATGCAAATTATTCCGGAAATGACAAATGAGTCATCTGAAAACACTTTGCCATAATTTAAGCTTCCAGAAAACAATGTTTTTTAAAATTTATGGCTCTTCGCAGAATTTAATGGTCTGGTAGTAAAAATGAGTGGCTTGGTGTAATTTATCCAAGAACGCCAAAACACTAACCCCAACGTATGCCGAGCCTCATTACCCATTACCAGCAGTTATTAGGATTACCAGAAACATGGAAGGTGTCGGATGTCCGGCTGTCGATGTCCGGCCCCCGGATAGAAATCCATCTGGAGTATATCGGATCCAAAGTCGAATGCCCTGAATGCGGCAAGGCCGGACGAATTTATGACCTGGCGCCAGAACAACGGTGGCGGCATCTGGATACCATGGAGTACGAGACGCATCTGATAGCCAGGGTGCCTCGGTGTGAGTGCAAAGAGCACAGGATCAAGACAATTAAAGTTCCGTGGGCAACGCGCTATTCGCGCTACACCCTGAAGTTTGAAGCGCTTGCTGTCGAGTTGCTTCAGGAGTGTTCAAGCATTCAGTCGGCATCGAGGCTCTTGCGATTGAACTGGCATGCAACCAACGAGATCATGAACCGTGCGGTTAAGCGAGGCCTGAGCCGCCGGAATAAGGAGGCGATTGCTCATCTTGGTCTTGATGAAAAGAGCTTCCGGGCAGGCCATCAGTATGTGACGATCCTGAACGACCTGAAAGGTGGCCGGGTACTTGAGGTGGTCCAGAGCCGAACGACCGATGGAGCAGAAGCGCTACTCCTCAGCTTTGAAGCATCGCAACGCCAGGGTGTGAAATCGATCTCGATGGATATGTGGAAACCCTTCGCGATTGCTGCCAAAAAGCATCTGCCG
NZ_CP017305.1_gap37	1858489	1860870	2381	ACAGGTTGAGGAAAGGGGGTGAGAAACGATTTGCGCAGAGCACCAAGTCTCGGCCTGATCGTCCGCGCGGCGTACTCCTGTTTTGGGGAGGCGAGCCAGCAGGGGACTATATTGCGGGCATCGACCTCGTAGAATGCGCATGAAATCGCGGCGGCGGCATTCTGTTTCCAGTGCCGCACGAGAGAAAGCGGAGAAAAGTCGCTGATCACGGCTCCCGCCCGCCTGTTCTCTGCAAAAGCGGGCAGGGTTTCTGCCGGATTGCCGAAAATCACGGTCATCGGAATTCCCGCGTTTCGCAGCGAAGCTTCAACCTCGGCAAGTCCTTTGAACATAAAGTCGTAATGCCGCAATGGCGCGCCAAGAAACGATGGCGCGAGCGTGAAGACCACTTCGAGCGGCTGTTGCAGTTGCCGGGATTTTTGACAGGCGAAGAGCAACGCCCAGTTGTTCTGGTAACGCTGGTCTCTGGACATCCAGTATATGACAGGGCCTCTCTGATCCTGTCTCAAGTTGAGCCGGCGCGCCCGGCGCTGGTCGATTTCGTGGCAGTTGTTCATAGCTTATGGATACGCTTATTCTTTTAACAGCCCGGCTATTTCAAGGAAATTGAGCAGAATCGCCCGCCCGGTTTCAGCGTACTCCATGCTGATGGCGTTGAACTCCGCGAGGAGTTCATTTTTGTTCATCGTCTTCAGGTCGTCATCGATGCCGATCCAGCTCTCGAACATCGCCGGAGTCATTTCGAAATGGCATTGCAGCCCCCAGGCATTGCCGCCGACCCGCACGATCTGGTTTTCGCATCCCCGGCCCATTGCCAGCACGATCATGCTTTCGAGCGGCGCGATGGTTTCTCCATGCAACTGAAACACCCTGAGTCGTTCCGGCATGTTCCGGAAAAGCGCATCCTGTTTGCCTGCTTCGGTCAGCTCGACCATGAACGGCTCTCCGTCAGGCTCACGGAACCCGATCTCTTTCCGATGGCACCTGAGCACTTCGCCGCCCGCCGCCTTGACGAGAAGTTGCAAACCGAGGCAGATGCCGAGATACGGCACTCCGGCATTGAGCGCCGCGCGGATCGCCTGCAGCTCACCGGTGATCTGTGCGCTCTCGTCGTTGGCGCTTTGCGGGCCGCCCAGCACCACCATGCCCGCACAGGCTGATGGATCGGGGAGCGACTCGCCCTTTGAAAGATCGTATCGCTCGAAAGCGATTTCATGTTCGTTCAGCAGCTCTTCAAGGATTCCAGGCCCCTCATGGCTGATGTTCTGGACGATAAGTAATGTGCTCGTCATGAATACTGGTTTTTAACGATTGAATCGATGGCGCATTCAGCAGAACCGGAAAAGTACCCATCACCGTTCAATCGTGGCCAGTATCTGTTTTATACACTACTTTATAAAACAGAGTTTTTTGTTAAAATAAAAATATTTTCGCGACTGGATTGACGACGCGCTTAAAGTATTTTGCCGAATACTGTTGCAGTTACTTATCGGTTGCGGTGCAAAGAGACGGGATGCGGTAATTCTGGAGCGAGGCTCAAGGTCGAATTGGCAGAGTGGTCTTCCGGGATTTACCCGAAAGCGGGCGCGGGCCGGGGGCGATCAGGGGGCGGCTGAGCCTGGATCGGGTGATTTGCCCGTCCGGAGCCACTCCTCGTCACCCGGCCTGCATTCCGGCGTGGAAACGCTTCAGCCTTCCTTGCGGAACATCTTCATGATCGACGCCAGAGGATTCTGGGCAGGCTGCTTTTTCACCGGCAGTCCGGCATGTTCCCAGCCCATGATGCCATACTGAAGATTCATCACATTTTTATAACCCTGGTTCAGGAGCATGGAGGCAGCCGAAGCGCTGCGGTGACCGCTTCTGCACGCCAGGATAACCTTCTTTTTTTCGGGAATGTCACGGAAGCTGCTGCTGAAGCGGCTCAAGGGCATCACCATCACGTCCGGCATATCGAATGACTTGCTTTCGACCTCCCGGTGCTCGCGTACATCCACAATCAGAGCGCCCTTTTTGGCCAGGGTATAAGCGTCGGCGGGGGAGATATTTTTGACTGCTGCCATAATACAGATGAATGGAATCTTTCGTTGGTAAGAGTAAAGTCGGATAATCTAATATACCTATACCGGGTACGGGTATAAGGTAAGCTATTCCTGCGTAAAGCGCAAGAAACAAAAAAACCCTCGCGGTCAGCGAGGGTTCTTTGTTCAGCGGAGAGGGTGGGATTCGAACCCACGGTACACTTGCGCGCACAACGGTTTTCGAGACCGCCCGATTCAACCACTCTCGCACCTCTCCGTGTATTATTCAATCGGGGAGTGTGAATATAAGGGATCGACCCGGTTTTGGCAAACATAATTTGGGGGAGGATGCTTGCCGGT
NZ_CP017305.1_gap38	1867802	1871465	3663	GGATTGTTTCGTTTATTACATGACGGTCGCGCGAAGTAGCGGTGAGTTCGCCAATTTTCCTCCGTGCGCCTGAAGTCCGGTTATCCGTTTATCGCCTGTTATCGTCGCATTGTATGTCATCCATTCAGAACCTTCGCCCTGACTCTCCGGAAACGAACGCTCTCCCCGCTCCGGATAACGGAAACGATTCCCGCCTGCCCGACATCGTGCTCGGTGGCGTTTCGACGCACAACCTCAAACATGTCACCGTCCGCATTCCGCGCAACCGCTTCGTCGTCCTGACCGGCCTGAGCGGCTCCGGCAAGTCGAGCCTCGCCTTCGACACGCTCTACGCCGAGGGACACCGCCGCTACGTCGAGTCGCTCTCCGCCTATGTGCGGCAGTTCCTCGAACGGATGCCCAAGCCGGAGATCGAGACGGTCGAGGGAATCGCCCCCGCCATCGCCATCGAGCAGAAGGCCTTGCCCAAAAATCCTCGCTCGACGGTCGGCACGGTGTCGGAGATTTACGACTACCTGCGCTTGCTCTACGCCCGCATCGGCAAGATCTATTCGCGCGACACCGGCGAGCTGGTGCTCAAGCACACGCCGGAGGATGTGAGCTTGCAGGCGCGATTCTTCGACGATGGCACTCGCTTTTACGTCGGCTTTCCATTTCCGAGCCATCACGATTCTGCCCATCACGACCGCACGGTGGCCGACGAGCTGAAGAATCTGCTCAAGAAAGGCTTTTTTCGTCTGCTGAAGGGTGAAACCGTCATCGATATTTCCGGCGAGAAGGAGCGGGCCGCGGTGGAGGCGATGAAGCGCGACGAGCTGCCGGAGCTGCTGGTGCTGGTTGACCGGTTCGTCGCCAAAAAGGACGAGAAGATCTACAGTCGCGTCGCGCAGGCCGCCGAGAGTTGCTTCTCGGAGTCGGGGGGCAACGCCATCATCCGCTTGGCGGGCGGCAAGGAGTTCCGCTTCAGCGACCGGCTGGAGCTGAACGGCGTGGTCTATCAGGAGCCGTCGCCGCAGCTCTTCGCCTTCAACTCGCCCATCGGGGCTTGCACCGCCTGCCAAGGCTTCGGGCGCATCGCGGGCATCGACGAGGATGCGGTCGTGCCCGACAAGTCGCTCTCGCTGAAAGAGGGAGCCATCACCTGCTGGAACTCCGAGAAGTATTCGTGGTACCGCCAGCAGTTACTCAGGATCGCGCCCGATGTGGGCATTCCTGTCGATGTGCCCTACGAGAAGCTTGACCGCGTGCACCGCGAAATGCTCTGGAAGGGGATTCCCGAGCGGAGCTTCAAGGGGTTGTGGCCCTTTTTCGAGGAGATCGAGAAGGATGCGGGCTACAAGGTGCACTATCGCGTTTTCCTGAGCCGCTACCGGGGTTACGCCACCTGCCCGGAGTGCGAGGGGGCGCGGCTCAATCCCGACGCCTTGCAGGTGCGGGTCTCCGGCAAAAATATCGGCGAGGTGACGCGCATGACCATCGCCGACGCGCAGACCTTTTTCGCCGGACTCGAAATTTCGCCCTTCGACCGCTCGGTCGCCGACTCGGTGCTGCGGGAGATCAACAAGCGCGTCGGCTACCTGATGGATGTCGGCCTCGACTACCTCACGCTCGACCGGCTGACCCACACCCTCTCTGGCGGCGAGTTCCAGCGCATCAACCTTTCGACCTCGATCGGCTCGCCCCTGGTTGGTGCGATTTACATTCTTGACGAGCCGAGTATCGGCCTTCACCAGAGCGATTCGGCGCGCCTCGTGGCGCTGCTCAAGCGCTTGCGCGACCTCGGCAACACGGTGGTGGTGGTCGAGCACGACCGCGAAATCATCGAGGCCGCCGACGAGGTGATCGACCTCGGCCCGCGTGCCGGGCGCTTGGGCGGCGAGGTGGTCTTCCACGGCCCGCCCTCGGCGATGGCCGGAGCGGAGGGTTCGCTGACCGCCGACTACCTCAGTGGCCGCCGCCACATCGCCGTGCCGCAAGAGCGGCGCAAGCCGGACTTTTCGCGCTGCATCGAGATCACCGGCGCGATGCAGAACAACCTGCGCAACATCGACGTCAGGTTCCCGCTCGGCGTCATGACCTGCATCACCGGCGTGAGCGGCTCGGGCAAATCGACGCTCGTCAACGACATTCTCAAGCTCGGCATCATCCGCTCGAAGGAGGGGTCGCGGGAGAAGGTCGGCACGCACCGCGCCATTTCGGGCGTCGAGCTGATCGAGAAGGTCGAGCATGTCGATCAGTCGCCCATCGGCAAGTCGAGCCGCAGCAATCCGGCGACTTATCTCAAGATTTTCGACGACATCCGCCAGCTCTTCGCAGCAACCCGCGAGAGCCGGTCGCGCGGCTGGAAGCCCGGCTACTTCTCGTTCAACATTCCTGGCGGGCGCTGTGAAACCTGCGCAGGCGAAGGCACGGTGAAGATCGAGATGCAGTTCCTCGCCGACATCGAGGCGGTCTGCGAGGAGTGCGGCGGCAAGCGCTACAAGCCCTCGACGCTCGACGTGCACTACAACGGCCTTTCCATCGCCGAGGTGCTCGACTTGACTGTCGCCGAAGCGGTCGAGTTCTTCGGGCCGGAAAAAGCGATCCAGAAAAAGCTTCAGGTGTTGCAGGATGTCGGTCTCGAATATATCCGGCTCGGCCAGTCATCGAGCACGCTCTCCGGCGGCGAGGCGCAGCGGCTCAAGCTTGCGCACTTCATCTCGCGCTCGGATGTGAGCAACACGCTTTTCATCTTCGACGAGCCGACCACCGGTCTGCACTTCGACGACATCGCCAAGCTGTTGCGCTGCTTCGAGGAGCTCCTGGCGCGCGGCAACACGCTGGTCATCATCGAGCACAACCCCGACATCATCAAGCAGGCCGACTGGATCATCGACCTCGGCCCCGGCGCCGGCGTCCGCGGCGGAGAAGTGGTGGCGGTAGGCACTCCTGAAGAGATCGCAGCCTGCGAAGCCTCGCTCACGGGCAGGCATTTGCGGGGGTATTTGTAACGGTTCGAACAGCTCAATGGTAATAGGTCTTATAAGTCGTATAGGTCATATAGAACTTATACGACCTATAATGCTGAACCTGCGAAGAAAGAAAAACTCTCTCAACTACCTCGATCCCTCATCTTCTCCAACCCACCGCTATTCGCTTCGTACACCATCTTTCTGGCGCGTAACGCCGAGCCTGGACGGAGAAACGCTTTCTCTCCTGTATCGACAAACCCCTTCGATTCGTACAGCCCGATTGCGGCCGTCTGGATTTCGGAGACCTGGAGTTCCATTTTCCGTGAGCCTCGCGAAACGGCCCATTCGATGATGGTATCGAGAAGGCGTGACGCCGCTCCTTTTCCCCTGGACTCGCTCTCGACCCACATCCAGCGGAGTTCGGACAGCTCTGGTTCATTCGCGTTGATTCTCGCGGCGGTAAAGCCGATGCATCGCTGGTCGAGAAATGCCAGAAACATCGCCTCGTCTGGTGAATCGACGATGAAATCGAGTAACTGTTCCCAATAGCTCAGCGGTTCGTTCTGAACCTGGTCGAGCGTGGCGACAAAAGCGTCGGGGGACTCTCTGATCGAACGCAAAGAAACAGTGCGCAACAGTTGGCTGTCCTTTTTTTCAGCCGCCCGGATGACGGTTCCGCGAGTCGCCCGTTCGGCAATGGGCGGAACCGTTT
NZ_CP017305.1_gap39	1890572	1892609	2037	CCCATGATTTTGATGTCTTCGCCAGCTTCGGGGAATCGCGCTTTGAGGTCGGGGGAGTTGAGGAACTGCTCGGCCTTGAGCACGATGCGCTCGGTGTCACTGAAGGGCGCGTAGCCGACGCCGACCGAGGTGTCGTTCGCGCCGATCACCTTGCGGGCGAAGGCGTCGGTCAGCTCCGGCGAGCCGGGCTTGATCTCGTTCTGGAAGAGCAGGTGCGCGTCGGGATCGACGAATCGCAGATGCTCCCGGATCCATCGCTTCGCGGCGGCTTCGGCGATTTCTCCCACCGGCACGACCTGGCCGTTGCAGGTGTAGGTGGCGCGGTCGCCGAAGATGAGCTTCATCGGTTCGAGAATCATGCCGCCGCCGGTTTTCGGCAGGCTTCGCCCCGCCACGAGCAACCCTTTGTCGATATTGTGATGACAGATGTAGCCGAACCGGCTCTGGTACTCGCGGCACAGGTCGATGCAGACCGCCTCCATGATCGAGTCGCAAATCGTGTCGGGGTGGCCGATGCCCTTGCGCTCGACCAGCTCGAACGGCTGCTCGTTCATCGGAGCGGTATCGCTCCGTTTGACCGTGATATTTCGTGGAATGCTCATGACTGCGGCCTCCTTCAATCGTGTGCTGTGTGCTTGCTCATGCAAAGTTCTCTCATACATAAAATGTACAGATAACCTTTATGCAAGGCAACAACTGCGGGTCGCCGCCGGTCAGGACTCCTTTTTTGACGTTGCTGCGAGTGTTTCCTCGATTTTGCTGGCCAGCACCTTGTCGATGCGCTTGCTGTCCATGTCGATCACTTCGAGCCGCCAGCTCTCCCAGTAGGTGATATCGCCGGTTTGCGGCAGGCGTCCGAGCAGCCACATGATCATGCCACTCAGGGTATGATAGACCCCCTTCTCCTCCTCCGGCACGAAGCGCAGGTCGAGCGTGTCCTTCAACTCCGGTACGGGAATGAGGCCGTCGAGCAGCCACGAGCCGTCCTCGCGCTGCACCGCCCAGGAGTCTTCGAGGTTTCGCGGCACGAACTCGCCCGTGACCGCTTCGAGCATGTCTTGCAAGGTGACGAGGCCCTGAATTTCGCCATACTCGTCCACGACGAACACCATCTGGCTGCCAGATGTTCTGAAGTGATCAAGCAGCTCCATGCCGGTCAGCGTTTCAGGCACATAGACGCAGGGCTGAAGGTGATCGGCAAGGTTGGTGACGCCGCCCTTGATGGTCTGGGCGAGCAACTGCTTGGCATTGACCACGCCGAGCAGCGACTGCAAGTCGTTGTGGCAAACGGGGAAGCGCGAATGCTCCGACTCGCCGACCCGCTGCATGTTCTCTTCGACCGAGAGCGTGGTATCAAGGTACACGATGTCCGCGCGCGGCACCATGAGTGAACCGAGCTGGCGGTCGTCGAGGCGAAAGACGTTGCGCACCATCTCGTGTTCCTGCTGTTCGATGATGCCCGCCTCGGAGCCCTCTTCGAGAAGAGCGTGAATCTCCTCCTCGGTGACGCTCGGCTGGGCCAGATCATGCTTGCCCATCAAGCGCAGGAGAGTATCGGTCGATGCCGAGAGCAGGCGCACGAAGGGACGTGTCACAGTGGCGAGAATCTGCATGGGGCGGGCGACGATGCAGGCGATGCCCTCGGGATTGGTCTGGCCGATCCGCTTTGGTACCAGTTCGCCGATGACGATGGTCAGGTAGGTGACCGTAACGACCACGATCGCCGTTGACACAACACGGCTGATTTCCGTATCGAGGCCCAGGGAGTGAAACATGGCGGCAAGGGGCGGGGCGAGTGATGACTCGCCGACAATACCGTTGAGAACGCCGATGGCGGTAATGCCAATCTGTATTGTGGAAAGGAACCGGGTTGGTTCCTGACCGAGACGGATAGCCAGATCGGCCGCTTTGTTGCCTTCGTCAGAGAGTTTTGACAAACGCGAGCGCTTGGCGGTTATCAGAGCCATCTCCGTCATCGCGAAGAGGCCATTGAGAAGGATGAGAAAAAAAAGAATAAGGATTTCCATGTACATGTGT
NZ_CP017305.1_gap40	1917794	1921949	4155	CCGGCGGCATGACCAAACTCAACTATTCCATCGAAAAGATTTTGCCCTCCATGCAGATTCTGAATCTCGGCGTCGGTCAGTCCAGCTTTATTTACGGCACTCCTTAGCAATCAAGACAGCGTAGTTCCCTTGCAGAAACCCTCGTTAACCATCATCCCCTCCGTTCCGGTCTGGAAACAGGGCGAAACGTTGCGGTTCGACCGTAAATTTTACGATGGTCTCCTGCGCTATACCGAACTCTGGCCGGGGCCGATAACCTGCGTGATGGCGCAAAGCAGCTCGCCGCTCCCGGATTTCGGCGTCGTCGAGGCAACGCCCGGCGTGATGCCCTTCACCTGCATCGCGCTGAAGGAGAGCGAAATCGTCGGAAAAGAGCATATCCGGGACGCCACGATCGTGCTCGCTTCGGCGGATGCCCACGACCAGCTCCACCTCGCCGCCCTGTGCCGACAGATGGGGGTAAGATGCGTTTACGTCATCGAGTACATTCCCGAAACCCGCTACCAGATCGCCGCTCTCGACAATCGCAATCCCGCTGCGGCGCTTCGACAGAAACTCTATCTCTGGCTCGGCGAGCGCAAGCGGCGCAAGGCTTTCGAACTGTGCGACGGGCTTCAGTGCAACGGCACGCCAGCTTACCATGAGTACCGGGAGACACCGAACCGGCTGCTCTATTTCGACACGCGGGTCTCGAAAGAGCAGCTCATCGGCGACGCCGAACTCGAAGCGCGCCTTGCCACGCTCAGGGAGAAAAAGCCGCTCCGGCTGGCCTTCTCCGGACGGCTCGTGGCCATGAAGGGGGCGGATCACCTCGTCCGGCTCGCCCTGAAACTCAAAAAACTGAATCTCCCGTTCCACCTCTCCATCTACGGGGCGGGCGAGCTGGAAGCGGAGATGAAGCGCTCTATCGAAAGGAACGAGCTGAACGAGCTGGTAACGATGGAGGGCGCGGTGGACTTCCAACGGCAACTCTTGCCCGACCTGAAGAAGAAGGTCGATCTTTTCGTTGCCCTGCACCGCCAGAGCGACCCGTCGTGCACGTACCTCGAAACCCTCTCCTGCGGTGTGCCGATCGTCGGCTACCGCAACCAGGCTTTTGGAGGGATTCTTGATCTTGCCGAAATCGGCTGGGGCGTCAAGCCCGATGACATCGACGCGGTCTCGTGGATGATTCTCCGGCTCGATCTCGCTCGCGATGAGATTGCCGAAAAGTCCGGAAACGCCGCTGGCTTCGGTCGCCAGCACGATTTCGACACCACCTACAGGAACCGGATCGACCACCTGCTCTCCATAACCAATGGACGGAAACGCTCATGAACGAGAAAGTCAACATCGTCTTCGCTTCCGACAGGAACTACATCCAGCACCTCTCCGTCGCGCTGGTTTCGCTGCTCGTAAACAACCGAGAGCTGGCGTTCACCGTCTATATCATCAGCAGCGGCATGACGGCAAAAGACCGGCGCAACATCGACGGAATCGTAAAAGGATACGACTGCGAGGTGAGGCATCTCACCGTTTCGGACGACCTCTTCGTCACGCTGGCCACCGAACACCCGATGTATCCGAAAGGCATCTACTACCGCCTGCTCATTCCCTCGCTCATCGACGAAGAGAAGGTGCTCTACCTCGATTCGGACATCGTCGTCAACGGCTCGATCAGGGAGCTGTACGAGACCGATCTCGGCGACGCTTATGTCGGCGCGATCGAAGACCCCGGTTTCGACCGCCACGACAAATTGCGGATGGACAAGTCGGCGGTCTATTTCAACTCCGGCATGATGCTCATCAATCTCAGGAAATGGAAAGAGACCGGTCTCCAGCAAAAGATCATCGACTTCATTGAAAAACACCCGGAGGACATCTGGTTTCCCGACCAGTGCGGCTTGAATTCGGTCATCAACGGCAGATGGAAAAAGGTGGCGCTGAAGTTCAACCAGTTTTCATCGTTGTTCGACGCCGACTTCGAAAGCCGGTTCGACTGCTTCGGCAAGGAGGAGCTTCAGGAGGCCCGGACGAAACCGGTCGTCATTCACTACACATCGGGATCGAAGCCCTGGCACTTCAAAAACAGGCACCCGTATAAAAGCTGTTACTGGAAGTATCTGAAAATGACGCCGTACCGGCGCGCCATCTACTCAGACCTGAGACCGCTGCATCTGTTGAAATCGATGATCCCGAAGGAGTTCAAGACCGCGATCAAGAGGGTGCTGAAAAAACAGGCCGGTTGACGCACGAAAGCCATCCTGCTTTCGTATCGATGGCAAACAGTTCTGAATCCGCTGTCATTGCAAAAAGCGTCGCGACGTGGCACTCCATGTGGATTCAGCGAAGGCTGCAAAAGATGGATCGCCACGTCCCGTCAGGTCGCGCCACGCGATGACGAATCTCCACCACTGGAGGTGCAGACTGACATGGTGAAATCAAAAAACACTGGACTGATACAATCATTCGTCTGTTTTGCCTTGACACACCACCACCCACTATGAGTCATAAGGAAAACGCGCAGAAAAAGCTTGTCAGCAACGCGGTATCGGGCATTCTGGCCACCCTCGTCTATATGCTCAGCCGGTTGCTGCTGACGCCGTTTATCCTGCACTACCTCTCGTTGAGCGAGTTCGGCCTCTGGTCGCTCTGCTTCATCATCCTCTCCTACGCGGGCATGGGCGGTTTCGGCGTGAACAGCACCTATATCCGCTATGCGGCGCGTTACCTCGCCGAGGGGCGGGAGGAGGAGATCAGCCGCCTGCTCTCGACCGGCGTGGCCTACATGTTTCTGTTCTGCTCGCTCTTTTACGCGGGCCTCTCGCTGGCGATGCCGTTCCTGATGGTGCGCTTCAACGTCGAAGTCGCGCAGCGGGCGGTGGCCACGACGCTGATTCTCGGCACGGCGATCGTTTTCAGCATTGAGCTGGTGCTTGGCGGCTTCCGTTTCATCATCAACGGGATGCACGAATTCGCCAAAGAGAGAATGGTCACCACGGTTGCCGGACTCGTCGAAATCGGCGCGATCATCGGCTTTCTGGCGCTCGGCTCCGGAGTGAAGGGGCTGCTCTACGCCTACGCGCTGCGGCTCGTGCTCGAAACGCTCGGCTGCTGGTTCATCGCCAAATCGCTGCTGCCATCGCTGCGCGTCTCGCTGCGGCTTTTCAGCCGCGAGCACCTGCGGCACTTTTTCGGCTTCGGCGGCAAGGTGCAGGTACTCGGAATGCTCGGCATCTTCCTGACCGCCATCGACCGGCTCTTCATCACCGCCATTTCGGGGCTTGCCGCCGGAGGCTTGTTCGAGATCGGGCGCAAGCTCCCTTCAGCGGCGGGCGGCATCGCCTCGTCGGCCTTCGGGCCGTTCCTCTCGACGGCGGCGCATCTCGAAGGAAAATGGACGGGCGACAAGTGGAAAACTCCCGCCGAACGCGCAGTCACCTATCTCACGGTCGCGCTGAGCACCGTCGCGCTGGCGGTCGCGCCGATAGCTTTTCTCGACCGGGTGCGCCTCTGGCTGCCCTTCAACAGCTGGATAGCCGCGCTTGCCGCTGCCGGAGCAGGCGTACTGCTCCTCGCGCTGCTCGACCGTTCGTTCAAAACCGAAAACCGCCTGGAGAGCGCCGAGCTGAAAAAACTCTACCTCGACGGCATCCGCTTCACCAATATCATCAACTCACTGCTGTTTGGCTTCCTCATCGCCATGGCCCGCCCGCTCATCGACGTCTGGGTGGGCACGAAATATCCCGGCGCCGTCGAAGTCATGATCTTTCTCTCCATCGCCTACTCGATCCAGCTCTGCACCGGCCCGGTCACGCTGCTCTTCAGGGGAATCGATCGCAACGGGCGCGAGCTCGAATACATGCTGGTGCAAACGCTGCTGATGGTGCTCTGGATTCCCGCCGGAACGATGGCCTGGGGGCTCACCGGAGCCGCTGCGGCCATAGCCGCGAGCATGTCGGTCAGCACGCTCTTCATCATCTGGCGAAGTAACGGCACCTTCGCCATCCGCGTGGGCGAATTTTTCGTGCACAGCGTACTGCCGGCACTGATTCCGGTTTTGCCGGGAGTGCCGATTTACGCCATATCACAGCTCTGGCCGCAGACCGGACGCCTGAACCTGATGATCCAGATTCTCTCGTGCGGCACGCTCTTCGTGCTCTCGAGCGCCGGGCT
NZ_CP017305.1_gap41	1950069	1951504	1435	ACCTTCGGAAACTGCGTTGGTCATTTCGTGCTCGAAATAGTTCAGGATGTTGTCGAGATGCCGCTTCAGCAGCTCTTTGACCTTGATCATGGGTTTCAACGCTAACTGGTCAACGCGTTCAGACCAGTAATCGAAAAAGAAGCTTGCACTCTCTCGACAACCCAGCCGCCAGAACTCCCGAAACATGTTCTTCATCGACCAGGCTTTTCCGGTTTTCAGCTCACAGGCCATCAATTGATCAAAGCTTGTCCGCTGGCTTTCCGTCATGTTCTCCGGATTGCGCAGCCAGGTGAATTTCGAGCCAATCAGAGTCCTGTCCCCTGCATGATGAAGTTGACGGGACTCTTGGCGACGAACCGTGTCGACCGCCTCGTTCAGATATTTGCTGATATGGAAACGGTCATGCACAATATCGGCCTGCGGCAGATGCTTTTTGGCAGCAATCGCGAAGGGTTTCCACATATCCATCGAGATCGATTTCACACCCTGGCGTTGCGATGCTTCAAAGCTGAGGAGTAGCGCTTCTGCTCCATCGGTCGTTCGGCTCTGGACCACCTCAAGTACCCGGCCACCTTTCAGGTCGTTCAGGATCGTCACATACTGATGGCCTGCCCGGAAGCTCTTTTCATCAAGACCAAGATGAGCAATCGCCTCCTTATTCCGGCGGCTCAGGCCTCGCTTAACCGCACGGTTCATGATCTCGTTGGTTGCATGCCAGTTCAATCGCAAGAGCCTCGATGCCGACTGAATGCTTGAACACTCCTGAAGCAACTCGACAGCAAGCGCTTCAAACTTCAGGGTGTAGCGCGAATAGCGCGTTGCCCACGGAACTTTAATTGTCTTGATCCTGTGCTCTTTGCACTCACACCGAGGCACCCTGGCTATCAGATGCGTCTCATACTCCATGGTATCCAGATGCCGCCACCGTTGTTCTGGCGCCAGGTCATAAATTCGTCCGGCCTTGCCGCATTCAGGGCATTCGACTTTGGGTCCGATATACTCCAGATGGATTTCTATCCGGGGGCCGGACATCGACAGCCGGACATCCGACACCTTCCATGTTTCTGGTAATCCTAATAACTGCTGGTAATGGGCAATGAGGCTCGGCATACGTTGGGGTTAGTGTTTTGGCGTTCTTGGATAAATTACACCAAGCCACTCATTTTTACTACCAGCCCATTAAATTCTGCGAAGAGCCCTATTTCACAACGAACTCGACACTGGCTCCGTTTTTGCAAGAACCACGATCATCACCATCTATGTATATATTTGCAAGCGATCTATCACCGCTCCATCTCAAAGTAGCCTCTCCGTTCCCATTAGTATAAACGTTCTCTACCATTCCGCCCCATGAGATGTATCCTCCTATCTTAACACCGCTACGCGGCTCTCCACTTGGCCAGGTTGTCTTGACGTAACACTCACCTGCCTGTAC
NZ_CP017305.1_gap42	2029863	2031798	1935	CACGTTCTGCAAACCGGAGCGGCGTCAAGGATTGCTTCGGTATGGTCATATGGTTACAATGAGATGAATGACGGGCACTTGCCCTTGCAGGCGTCACTCGCTTTGCCGGGCAGGCCGCTCCGACAATCCAACAGGAGTCAGAACATGAAACCCATCTCCTCGCTTCTCGTCGCGTCGGACTTCTCCACCGATTCACGACACGCCATGCAACGCGCGGCGCTGCTCTGCAAATCCGCCGGAATCACCCGCGGAACCGCGCTGCATGTGGTCGAAACCGGCTTGCTGGAGAGCCTGACGCGCCTGCTGCACCTGCCGTGCGAAGCCGAATCGACCCTGCTCGACGATGCGATGCGCTCTCTCGAAAAGGAGGTCGCGTCGATTTTCGAGGGTTCAGGCGTTCAGCTCGAACCGAAAGTCCGCTCCGGCAAAGCCGTTGACAGAATCATCGAAGCGGCGGCGGAGCCGGAGATGGTGCTGCTGGGCGCGAAAGGCCGGAACCTGCTCAACGCCACCATCGGCTCGACGCCCGGAAGGGTTATCCGGCAATCCGGCAAACCCGTGCTGGTGGTCAAGAGCGAGCCGGTTCAGCCATACCGTAAGGTTCTGGTGGCCGTTGATTTTTCAGCCCATTCGCGCCGCGCCGTGGAGTGGGCGGCGCGAGTCGCCCCGACAGCGCCGCTCTACCTCGTCCATGTCTATCAGGCCATGTTCGAAGGCAAGATGAAGTATGCGGGCGTCACCGAGAACGCCATAAACGACTATCGCCGCAGGGCTCGCGAGGCGGCTGAGCTGGAGATGGAGCACTTCATTTCGACGTTGACCGGCGTACACAACTTACGGCTCCACAAGATGATACGGCATGGCGAGCACCCCGCGCAAACCCTTGTCAGGGCAATCCGCAAGACCGGAGCCGATCTGGTGGCCGTCGGCAAGCAGGGGAAAAGCCTGATGGAGCGCCTGCTCCTCGGAAGCGTGACGCTCAATCTTCTGGAACTCTCCCCATGCGACCTGCTCGTGACCCAGTGAGCGCCTTTTCAAACAGACTGGTTGCGCCATAATCACAACGACGCCCCGACATCCCGAAAACATGTCCTGAGCGATATGATATGACAGGGCGGATGAAGCCGCTCGCCTTCGCAGTCTGCATGTCCTGAAAACCCGCATCTTCGACGAGCTTAGCGCATTTTAAGTGATTTTTAAGGTTTCACTTACCTTTTTTTAAGGGACGCGGGGATATGTTTACTCCAGTTGATCGCATTGGCGGTCTTCAGGCAGAACGATTCAATCAAGCAAGAACCACGAAAGAAGATGAAAGCGAACATCCGATCCTGGGCGACTCCTCTGGTGACTGGAGCACTCCTGATTTCCGGCGTCACCGGCCTGCTGCTGTTTTTCGAATTCGAGAAGGGACTCGTCAAGCCCACGCACGAGTGGCTCGGCTGGCTGCTGGTCGCCGGAGCGCTCCTCCATGTGGCGGCGAACTGGAAAGCCTTTACCGCGTACTTCTCGAAACGGCTCGCCGTCGCTATTTTGGGATTATGCGCGATTGTCACGGTGGCATCGGCAATGCCGTTCCTCGGCAACGGAGAGGAAGAAAACGGCAAGCATGTCGCCAGGGCATCGGCTAAAGCGCTCGAAACTTCGTCCATCGAAACCGTCGCGCTGGTTGCCAAACAAAGCCCCGACGAGATGATCGCCAGGCTCAAAACCGACGGCGTCACGGTGAACGCGCCATCACAGACCATCGCCGAGATCGCGGCGGCCAACGGCAAGGAGGCCCCGGAACTGCTCGGCAGGCTGATCGGCAACCAGGCGGAGGGCGACGAAGACGACCATTAAACCACAACATGGATGAGAATCCTCATTATCGAAGATGAACCGGGAATCGCGAGTTTCCTGAAGGAGGGGCTGGAGGAGGAGTACTTCGCGGTCGAT
NZ_CP017305.1_gap43	2033394	2036877	3483	ACTCGATGAAACCGGCCATCATGGAGATCGGGCTGACCGCGCCGCTCGAAGCGGTGATGGTGAGAATGGAGCCATTTGCCCGCGAAAAAGGGATCGCGCTCGCGCTGGCCGACGCCCCGCCATGCCAGGTGAAGGTCGATCCTTCGCTGCTCGAAATCATGTTCGAGAATCTGCTCGCCAACGCGATCAAGTATTCGCCCGAAGGCTCTGCGGTGGAGATACGGATCGAGCGGCAAGAGAGCGGCGTGACGTGCGCCATCGAGGATCACGGCATCGGCATTCCAGCCGGGCAGCTCCCGGCCATTTTCGACCGCTTCTACCGCGTGGACGAGTCGAGAAGCTCGACCACCGGCGGCTCCGGCCTCGGGCTGGCAATTGTGAAAAAGCTCGCCAGCCTCCAGTCGATCGCCATTTCGGTCAAGAGCGAATCGGGAGAAGGAACGACCTTCGAGCTGACGTTCCCGTCGTGAGGAACCGGAAGTCGAGAGATGCGTTTTAAGTCTCTTTTAAGCCTGCTTTCAGGAAGGTTTAAGGAAACCGGGGATAACTTTTCCACTGGAAAATCATGAAAACAGTTACCCGTCCAGACCATGTGGCAATCACTCCTGATCCGGAAAGCATTCCCGCTGACGATTTCGTACCTCCTGCTCATCGCGGCCTCGATTGCGCTCGACTACTTGCTGCACCAGTTCAGGCTCGAACTGGTCGGCCGGTACCTCGGCGTTGCCGGAACCCTCTTTTTTCTTTTCTCTTTCATCTATTCGGCGCGCAAAAAAAAGATCATCCCGAAAGGGCCGGTCAAACGCTTTCTCCAGCTTCACTGCAACGCGGGATGGATCGCGACACTGTTGATACTGGTTCATTCCGGAATCCATTTCAACGCGCTGCTGCCCTGGGCCGCCACGGCGCTCATGATGATCGTGACGGCAAGCGGCCATGTCGGGCAGCATCTCGTGCGAAAATTCAGGAGCGAGGCGAAGCTGAAAAAGCAGCAACTCGGCATCGACACTCCGCCGGACGACGCGCTCGACCGGGAACTCTTCTGGGATTCGGTGACGGTGAAGGCGCTCGACCAGTGGCGAACAGTGCATATGCCGCTGGTCGTGTTCCTTGTCTTACTGACGCTGGCGCACATCGCTTCGATCCTTGTTTTCTCCAACCGGGCAACCTGGATGTGAAATACTATGAAACCGCTTGCCATCATCGCCGCCTTCCTCGCCGTGCTCATCGGCCTCGCTCTGGCATTTCCGGATCAACTGCTCAATCCCGGAGGCCTGATGCAGGGTCATGCGAAAATCGAAAAGGAGTGCCTCTCCTGCCACAAGCCGTTCAAAGGCGCGCTCGCCGCGCAGTGCGCGAGCTGCCACAAGCCCGGCGACATCGGCATCAGACGGGTCGATGGCGCGCCGCTGCCGAAAAAGGCGGGCAAGGCGCTCTTCCACCGTGGACTGCCTGCAAGCAGTTGTCTCGAATGCCATACCGACCACAAGGGACGTGACGCGAAAAAAGCGTTGCGCACGTTCAGGCACGAAAGCCTCGGCGCGGACTTGCGCGCCAACTGCAACGCCTGCCACGACGGCCAGAAGCCGCAGGACAAGCTACACGGCTACGCAACCCGGAGCTGCGGCGACTGCCATGTGACCGGCGGATGGCGGCCCGCGAGCTTCGATCACAAGCTGCTGACAGCTCGCCAGCGCTGCATCGAGTGCCACAAGAGCGACCTGCCCGCCGACCGGCTCCACGCAAGCACGGGGACGAACTGCGCGACCTGCCACGTCGCCAAAGCATGGAAACCGGCAAGCCTCAACCACGACCGCTACTTCCGGCTCGACCGCGACCACCGGGCGAGTTGCAAGACCTGCCACAACGATCCGGCAAATTTCAGGCAGTACACCTGTTACGGATGCCATGAGCACACGCCCGCGAATATCGCCAGCGAGCACATCGAGGAGGGAATCCGGAACTACCGGAACTGCGCGAAGTGCCACAAAAACAGCCGCGATGGCGACTGAAACGCCGGTTGCGCGATGGCAAAACCGGGTTCCGGTGCTACTTTGTTACATTGGTGAAAGACCCGTATGCGGTATCGCGCCGGATACGGAAAACTCGTAACGATTGACTCTATGGCTCGCGATAAAAACAACTCCCTGAAGCGCTTCGCCCTGCTGTCGATCCTCGCCGCAATCGTCACCATTGCGCTGAAAATGTTTGCCTGGCGGCTGACCGGGTCGGTGGGGTTGCTCTCCGACGCGCTCGAATCCTTCGTGAACCTTGCCGGAGCGATGATGGCGCTGGCCATGATTACGCTGGCCGAACGCCCGGCGGATGAATCTCACGCCTTCGGCCACGGCAAGGCGGAGTATTTTTCGAGCGGCTTCGAAGGGTTGCTGATCCTCGTCGCCGCGCTCTCCATCGGCTTCAGCGCCGTCGAGCGCCTGCTGCATCCGAGAGGGCTGGAGAGCGTCGGCATCGCGCTGGTCGTCTCCGCGGGCGCGAGCGTTGTCAACTACCTGACGGCGCGCGTACTGCTGACCGTCGGCAAGCGGGAGAACTCGATCACGCTGGAAGCTGACGCCCACCACCTGATGACCGATGTCTGGACCTCCATCGGCGTGATCGCCGGCGTGGCCCTGGCCTGGTGGAGCGGCTTGACGTGGCTCGATCCGGTCATTGCGCTCGTGGTCGCGCTGAATATCCTTCATACCGGCTGGCGACTGCTGCAACGCACGGCAGACGGCCTGATGGACGCCGCGCTCCCGCCCGGTCAGCTCGCCGAAATCAGCGAGGCGCTACAGGAGATATGCACGGAAGGGGTGAGCTGCCGTAACCTGAAAACGAGAATGGGCGGCAGCCTCGTCTTCATCACGCTGGATGTCATCGTGCCGGAACACTGGAGCGTCCGGCAGGGGCACGACTGGTGCGAACGCATCGAGTCCCGGTTGAGGGAAACTATTCCCCACGCCCACGTCACGACCCACCTCGAACCCACCGCAAAAGCTCCCGCCCGCGACGTTGAATAATCCGATGCATCCCGTAACTGAGGAGTTACCCAAGTCGTTCTCAAGAGTAATATTTCAATTCCATCATTTTAGCTGAGCCTGAAAAGCAAACTTGTATTCGTCATTCTTCCATTTCGTTACAGTCAGCTCCTTCAGAACTTTTCTATGCCTCGATAAAGGGCATCCCGAAAAAGCGTCGTAAGCGAGCTGTGAGAAATGGTGGGCGCGGTGCGGAAACCGGAGCATAGAAAAAGCCGATGAGAATTTCGAGCAACGCCCAAAGCAGCTATCTGCTCGCGGAACATGTTTTGCGTGACGCTTTATATGAGTTTTTACCTGATTCTGCACTGACAGACAATACATCACCACTTATCTTTACATAATCTTTCTGAACAAGACATACTGTCATTTCTTCAGACCAGCATCATTACCAAATTCAATGGCTTGCAACCGTTCGGCTTCGACCTTGAGTGCACTGAGTCCT
NZ_CP017305.1_gap44	2064471	2066111	1640	GCCACTCGTACTTTCGGAGAGCCGTTGCCGGGTATAGTTTCCGGAGGCGTCAAGCGACGGGAGCAAGTCTGCCCGCTGGATGCGGTAGGTGTTGCGGGCGACTTCGATGTTGAGCGTCGCAATGCGCAGGTCACGGTTGTTCGTCAGGGCCGCTTCGATGAGTCGTTGCAGCTTCGGTGACCGGAACATTTCCCGCCATCCGATCGCGGCGATGTCCGGTTGCCCTTCGGTTGCCGGGTTTGCCGCGTAGGTCGTTCCGTAGTTTGCGGAAGCCGGCCATTGTGCGCTGACCGGAGGAGTCGGGCGCACGTAGCCAGGCGCCAGCGAACAGCCCGCGAGGGTGGTTGCCGCCAGGCAGATCGGGAGCAGCGCTTTACTGTTCATCGTTCGAGCCTTTTATGTTTTGGTTTGCTGCCATATCGGTGGCGGGTTTCCTGGTAAACCGGGATTGTACGAGGATGTAGAACAGCGGGACGAAAAAGATCGCCAGCACCGTTCCGGAAAACATGCCGCCCATTACGCCGATGCCGATGGCGTGCTGGCTCGCCGAACCTGCTCCTGATGAGAACGCGAGTGGCGTGACGCCCAGGATGAAGGCCATGGAGGTCATGACGATGGGGCGGAGCCTCTGGCCGGCAGCGCTCAGTGCAGCTTCTTTCAGCGGCATACCGTTGTCGTAGAGGGTTTTGGCGAACTCGACGATGAGGATCGCGTTTTTGGCCGTGAGGCCGACGGTCGTCAGAAGGCCGACCTTGAAATAGACGTCGTTAGACAGGCCTGCGATGAAGGTCGCCAGAACCGCGCCCAGGACGCCAAGCGGTACCACCAGCATGACGGCGAGCGGGACGCTCCAGCTCTCATACAGGGCGGCAAGGCACAGGAAAACGAAGAGCAGGGAGATCGAGTAAAGCAGCAGCGTCTGCTGGCCGGCGGCACGCTCTTCGTAGGAGAGCCCGGTCCATTCGATACCGAATCCTTCGGGCAGTTTTTCCGCCATTCTGGATATGGTGGCCATGGCATCGCCAGAGCTGACGCCGGGTGCCGGGGCTCCCTGGATGTTGACCGATGAGATACCGTTGAACCGTTCGAGCTTTGGTGAACCGTAGCTCCAACGGCCGCTTGAAAACGATCCGAACGGGACCATCTCGCCAGCCGCATTACGGACGTGCCAGAATTCTACGTCTGATGGGTTCATCCGGTATGGCGCGTCTCCCTGCATGTAGACCTTTTTGATGCGTCCATCGTGCAAGAAGTCATTCACATAGGAGGAGCCCCAGGCGGTCTGCAGCGTGGTGTTGATGTCGGCGATGGAGACCCCGAAGGCGCTGGCCTTTTCGTGGTCGATGTCGATTTTGTATTGCGGCACATCCTCCATTCCGTTGGGTCGGACGCCGACCAGCGAAGGATCTTTCGATGCCATGCCCAGGAGCTGGTTTCGGGCGGCCATCAGCGCCTCATGTCCTTTGCCGGTCCGGTCGAGCAGCTGGAGGTCGAAGCCTGAGGCGTTGCCGAGCTCCATGACGGCTGGTGGGTAAAACGCGAAGATCATGGCATCTTTTACGCTCGACAGGGTGCCCATCGTCCTGCTGGCGATCGAGGCCACATCCTGCCCTTTTTTCCTGCGTTCGGCCCAGTCCTTG
NZ_CP017305.1_gap45	2075528	2080404	4876	TGCAACACGCCGCCCTTGCGCATGATCTCGTCGGCGGTCGTCCAGCGGAATTCGAGCAGCGCCTTGCGGTCTTGTATAAGGTCGAGCAGCGCCTTGCCCGACTCCGGCAGTTCACCCGTGTCGTACCCCTCTCGCTGCATCCGCCGGAGCAGCGAAAGCAGGCTCTCGAAGGTATCGAGACCGGCGGCCATACCGATGGTGCTCTCGACACCCTTGCAGGGGTTGTTGTGCAGCATGACGGCTACCCGCTTTTCGGTGTTCGGCGCATGGCGAAGGCGCACCCACCGCCTGACGCGCCTGGCGATCATTGCAATCCGCTCATCGATGGGAACGGCGGTTCGAAGCGTGAACGGGTCGCCGGGCTTGCGAATCATTCCTGACACCATGACCGGATCGATGGCGCCGAACATCTCCGGCTGCACCAGCGAGTGGGTCAGGCTCATGGCGCTGATGCCGACCGGATCGGCGAGCCACTCTTCGGGCGAGAGCATGAAGTTGCGGATAAGCTGGATGACCGGAACGTCAAGGTCTTTTAGGATATGGCGCTCTTCGGGCGTCGCGATCAGCCGCCCGAGCAGGAAGTTCAGCACCACGTCCGGGCGCAGTTCACCGGAGGTGAAGAGGCGGTGCCAGGGATAACGATTCTCCTGCATCATGGAAGCCTCGCTGTCGAAGAAGACGCAGAACGGCACGATGCCCGACTCCGAAAGCGCCTCGACGAGCGCATCGACATCAGCGTGGTTGGCCTCGGCCAGAAGGTTGTAGTGCATGATAATCCCGGCAACCGGAGCGTTTTCACTCCACCGCCCTGTTTTCCGTAACCATGTCGCGTACTCGTCGGCGCTCTCGAAAAAACGGTCACTTGCGGGATGAAAGATGCCGGTCGTGCTGACCACGCGGCAAGGCTCGTGGTCGAGACCGGCAATGCGGCGCAGGCCGTTCAGGTAGTTCTCCCTCGACAGCACGCCGAAATAGTCGCGGAGCGTCCGGAGTTCCGCGTCGTCAACCGTGGAGAAGCTCTCCGGCAATCCCGGATGCAGGGCGATCCTTCCGGGAACCTGCATCATCTTCGGAAGCAGCCCCTGCAAGCCGGGCGCTTCCGGCGGCACGTTGGCCAGCAGCAGGTCGATGCAGCCGTTCTCGAGAAGTTCGACAAAAGCCTGCTCGCCTCCGAAACCGAAAGAGAGCAGCTCGATGCCTTCACCACGAACCACAGCCGCCAACTGATGCCAGATGGCCGAACTGTGAATATTGTTGTAATATGCGATAGTGATCACGTTGGTACGGATTTGACGGTTAGTTGGTTGCGCATCGTGCTCCGAGCATCGATCCCACATCCATCACCATGTCCTGCAACGGCTGGCGGCGGACGCGGTGGGGGAGGGCGAGAGCGACGGCGCGGTCGATGTCGTCGGTGCCGACGCTCTGACGCCCCTCCCATGCGGCGATAGTCTTGGCGGTTTTCATGATGATGATGTCGCCGCGATGGCCGTCAACGCCCACTTCGAGGCAGCTTTTGGCGATACCGAGCAGGTGCTCGCGGCTGATCGTGACGGAGGCATAAAGCTCGCGCGCCGCGACGATGCGTTCGGCAAGCTTCGACGATTCACGCTGCCACTCGCCGCAGAAGCGCTCCTGATCCTCCTCGAAAGCGAAACGGCGCTCCATGACCGTCACGCGATCCTGCGGATTGGCAATGCCTCCCACGTGCACGCAGAGGCCGAAGCGGTCGAGCAACTGCGGACGAAGCTCCCCCTCCTCCGGGTTCATGGTGCCGACCAGCGTGAAGCGGGCCGGGTGGGAGAACGAAACCCCTTCGCGCTCAATGGTGTTCACCCCCATCGCCGCCGAGTCGAGCAGCACATCGACCACGTGGTCGTCGAGCAGGTTCACCTCATCGACGTACAGAATGCCCCGGTGCGCGGCGGCGAGCAGCCCCGGCTCGATGCGCTTTTCACCCGCTTTGAGCGCATGTTCGAGATCGAGCGTGCCGACCACGCGATCCTCGGTCGCGCCCACCGGCAGCTCGACCACCTGCACCTTGTGCATGGCGACCTCTACGTCGTCCGGATCGGGCATGGCGTGGCCCGTCACCGTAAAACACTCCCGGATCGTTTCGTCATCCTCATCGGGCGCGAGATTGAACGGAATGCCTGCGATCACCTCGATCTCCGGCAGAATATCGGCCAGCGCCCGGACGGCGGTCGATTTGGCCGTTCCCTTTTCGCCGCGAATGAGCACGCCGGAGATGGCCGGATTGATGATGTTGAGAATCAGCGCGAGCTTCATCTCCTCCTGACCGACAATGGCTGTAAAGGGATAGGTGTAATTCTTTTTCATGGCGTCATGGTTTTTACGATGGAAACAAGGGTGTCTGCGCGAAGGTCATCTATGCGGTAGTACCACGCATCGAGCAGACCCGCGATCTTTTTTGCAAGGCCGAAATTGACCAGGCCTGGCTCTTCGGTATCGACAACGAGGAAGCGGATGCGCTCCTCCCGCGAAATCTTTTCGGAGATGGTGAAAGCCTCGTCGAGCGGCTTGCCTTGCCCGATGGCGCGGTTTGCCTTGCCGTCGGTCACGAGGATGATGAGTGGCCGCCCGCCCGGTTCTTTGCGGAGGTAGTTTTTGGCAATCTCGTACCCTTTGAGCAGCCCGGCGGAAAAGGGGGTGCGCCCGCCGACCGGCATCTCCTTGAGCATCCGGGCGGCAAGTTCGATAGAAGAGGTGACCGGCAGGTTGACGAACGCCTCATTCTTGCGGAACGAGACCATCGCCAGCTTGTCGCGCTTCTGGTAGGCGTCGAGCAAGAGCGACATCACCGCACCTTTCGAGGCGGCCATCCGCCCCCGCGCGCCCATCGAACCGCTCGCATCGACCACGAAAATGAGCAGGTTGCCGAGTCGCTTCTCCCTGATCTTTTCGCGAATATCCTCGTTCTGCAACACCACCGCCATGCCGTTGGGGTTCTCGCGGTGGCGCTGGAAGGGCGCGGCAGCCCGGAGCGTGGCGTCGAGCGCAATGTCGTTGTTATCTCGCGGCATGGTGCTCTTGGTGTAACGCCCCTGTTTCTGCGAAACCCGCGACCGCGACCGCTTTCCGGAGCCGCGCCGCATCTTGCGATCTTTCGGCGTGGCAATGCTGCGAACCCTGAACGACTGGCCGATGCTGAACAGCTTGTCCTGACCTTCGTTCTCGGGCCGCTGCTCCTCTTCGGCGGTCTCTTCGTTTTCCGGCTGCGGCATCTCTTCGTTGCCGGGCTCGTCGCCGTCGTCCCGGCTTTCGTCGCCCTCCTGCGGCTGTGGCTGCTCCTCGCTGTGCTCTTCCGGCTGCTCTGGCCGGGGCTGCTCGTCACGCGGCTGCTCCTCCTGACGCTCTTGCTGCTTCTGTTCGGGCGGCGGAACCGGATCGCGGCGGCGATGCACGAGCGCGAAAGCCGCGACCTTGGTGACATCCTCCACCGACACCTCGCGCGACCCGCGCAGAGCCGCGTTGGCCCGCGCCGCCTGCTCGATCACCAGATCGGCCCGATGCCCGGCGACGTTGCTGTTCCGGCACAGCTCCGAGATGAAGCCGCGCAAATGCGACGGAATCCTGACCGATGGCAGAAGCGACTGCGCATCGGCAATGGCGCGCCCAAGCCGCTCCTCCTCGGCGCGATACCCTGTCGAAAAATCTTCAGGCTCACGGTCGAACTCCTCCCGCCGCAGCATCAGATCGACGCGAAGCGCCGGATCGGCCTCACCGTGCACCTCGACGCAGAGACCAAACCGGTCGAGCAACTGCGGGCGCAACTCGCCCTCCTCGGGATTCATCGTACCGGCCAGCACGAAAAGGGATGGATGGCTGAGGGTGATCCCTTCGCGCTCGACGCGATTCTCGCCGGACGAAGCCGCATCGAGGACGATATCGACCAAATGGTCGTCGAGCAGGTTCACCTCATCGACGTACAACTATCCCCTCGTGAGCCTTGGCGAGCAGGCCCGGCTGGAATACGCGCCGCCCCTCCTTCATGGTCTCTTGGAAATCGATGCCTCCGGCCACCATCTCCTCGGTGGCGTTGAGCGGCAGCGTCACGACGACCTCGCTTTCACCGCCGCTGCCGTTTCTCGCTGCGGCAAGCAGCGCGCCGAGCGCCCTGACCGCAGTCGATTTGGCCGTACCCTTCTCTCCGCGAACGAGTACCCCGCCGATACGGGGATTGACGGCATTGAGCAGCAGCGCTTTTTTGAGATCCTCCTGGCCGAGAATGGCCGAAAACGGAAAATATTTTCTTTTAGAGCTTCGTTCGATCACCATTTTCAAGTCATTATTCTACAATGCTTTACAGTGATTTTTCACCCCTTGAAATTGCCTGTTTCACACCTTTATCACAACCCGGCAAAATTCACAAGCACCCACAAAAAAAGCCGGGAGTTACCCGGCCTCATGGTCTCGATGATGAGATTGTCACCTCTTGCGTTTCCGCTCCGAATTGGCTTTCATTTGCTCAATGTCGTCAGGAGAAAAACCGACATAGACGGCATCCGGATCGTAAAACAACGGTTTGCCCTCCTGATCAATCAACCTGCCGCTGTCGTCTCTGTTGGTAAACTGGATATGAACCTCTCCCGGCCCATCGTTTCGGCCTGCCGCATCTTCCAGTTCCTCAACTCGCCGCTCGATACTTGCCATTGTTGCCCTCGTTTTTTAATTGTTCCTCAAGCCTCTGAATCCGTTCTTCAAGCTCCGAATCCTTGATCGTGCCGGTCAAGATGTTGGCGACATACGCCGCCGCCTTCAGGTGCACTTCGTCAATCTCTTTTGCCTCAAAGCGGTTTAACAGCCCGGCCAGATACCGCCTGACATCGCCAAGCGTTTGGAGTCTTTTTTTGCT
NZ_CP017305.1_gap46	2087672	2088464	792	ACCGTGGCGTCCATGCGGGAGAGCACCCGCCTGAAGGTGTCGGGCTTCTGCTGGCCGTACGATCCGCGCCCGTAGGCGTGGGACGAGTAGCGGATGTAGTTGGCCGCAAGGTCGTCCTGCGTCTGCCAGTTTTTCGATTCGATCAGCTCCGAAACGCCCGCCCCGTAGGTGCCGGGAGGGCAGCCGAAGACGCGGAACGACGCTTCGCGCAGCGCCTCCTCGTCGTTCATGCCCTGCCTCCGGTACTCCTCGACGTCGGCAAGCACGTTACGGCGCAAGAGGTTGCTTTCGGGCGGTTCGTCGAGCGCGGCGACCATTCTGACCGCATCGTCGATACGCTCGACCAGCAGCGGAAAGGCGTCGCGGAAAAAGCCGGAGATGCGGGGCGTCACATCGAGCCTCGGTCTGCCAAGTTCTTTGAGCGGAATGATTTCGACCCCCTGGACATAGCCGCTGCCCTTCTTCCAGACCGGTCGTACGCCCATGAGGTAAAAAATTTCGGCAAGATCGTCGCCGCCGGAGCGCATGGTCGCGCCGCCGAACAGGATGATGCCGATGTTGCGGGGATACGCCCCCTTCTCTTCGAGGTAGCGCTCGACGAGAGCGTCGCCGAGGCTGCACCCGACCTTCCAGGCTGCGGGCGTGGGAATCCGCTGGGGATCGATGGAGAAGAAGTTGCGCCCGGTCGGCAGAATGTCCGCCTGTCCGCGGGTGGGAGCGCCGGACGGGCCGGGATCGACAAAGCGCCCGGCAAAGCCTTTAAGGGATGCGTCGATCTCGTCGGTCACGCGC
NZ_CP017305.1_gap47	2108289	2112763	4474	AAAAGAAAAAATTCGAAGGCCACATTTTCCAGCCGCTGCCAGACAAAGCCGATGCTTGGGCGCTTTTTCAGAGCATCCGGCAAAAACTCTCCCCATTGAGCTTCGCGGCCCAGGAGCTGATTGAAATCCAGCAAAAGAAGATGCTGCCGTCAGCGTCATCGAAAATCACCCGTAATGCCGCCAAGACTGCTCTTGAGCTGGGCATGTGGAACCTGCTCAACAGGGAACAACGTCAGGAAGTTATTTTTGCGCTGGACTGGAATGAGATACCACGGCCTCAGAGGCTCGAATTCTTCTTTTGGCTCCCAGAGTCCACAAAAGCGGAGATCCTCGCTCTGATCGGCAATACGGCAAGAGAAAACGCAACCTGTGCAGAGCACGAACGCCTGAAATCCGCTCGCCAGCAAAAAGAGGCAGGAACTCCGATTGAACCACAAATTCATCATCCGGCAAAATCCCCATAATGGAGAGGCCCGGCTGAGCCGGGCCCGCGTGGTCACTCAAATCAGCGAGTGATCCCTGAAACTGTAATACCCTTCCTTACTGCCGATAATGACGTGATCGAGAATTTTCACATCGAGGATATTTCCTGCCTTCGTCAGAATAGCCGTCACCTGCTTGTCGGCGTTGCTTGGCTCGACATTGCCTGACGGGTGGTTATGGGCCAGAATGAGCGCATAGGCATTCGCGAGCAGAGCGCCCTTGAACACTTCGCGAGGATGCACCAGTGAAGCCGTCAAAGTACCCCTGCTGATCATCTCAACCCCGAGCACATCGTTTTTCGTGCTCAGGTAGATGCTGTAAAACTCTTCGGTGGCCTTTTCATGCAATCCGATTGTCTGGAGCAGGTCACAAACCGCCTCGGCACCGGTGATTTTCTTGTTGGCATACCTGAACTCGCTTTCCCTGACGAGTCTTATCCCGTACTGAGGAATTGTCACCATTGAAGCCTCTTCGGTGAACAGCGGAAGTGTGTTGGTGCGTGTCATGGTCGTAAACGTTGAGAGTTGCCGGAAGTTTGCCTTTCAAATCATTCCCCGGGGGGACAGAGGCTTCCCCGAGGACAGGCAAACTTTTTGGGCAAGGGAGGAAGAGAGCTGCACAAACGAAGAGCGGAAGCGAACGGCCCTTGAGCAAAAAGGCAAACTAGCCTATCTTGCCGTCCCCCCTCCGGGGATGAGTGAATGCTCGATCCGCGAAGCGGGCATGACATCAACCCGGCCAACTCAAGGCCGGGAAACAAAAAAGTGGTGAACTGGGCCGGTTCAACCGGCACTGTTCACCACCATAGCGCCAACGCAATGGTCACGTCGGGACCTGAACCATCGGTCGATAACTGCAATGATTAGAAGCGTTTGAGGGCGATGCCCCGATTTTTACCACGTCACGTCTGGACGGCAGTGCAACGTTTTCGTGATAACATGGAAACATGCCAGCATGATGACAAGATTACATGTCTGCATGTCACCATGTAAACATGACAACATGCAGACATGTAAAAAGCCCCGGATCAACCGGGGTCTTCGTTGTGGTGGCCAAGGATGTAATCAGCGGCTTTCTGCGCTTTCGAGCCTGCCTTGACGATGTACCTCGGATCGGCTCGCAACTTCCTGAGCCAGCCGCCGATGTACGCCACCGAGTTCGGCATCGGTTTCTGGCCGATCCCGGCAAATCCGCAGAGGAACGACGAGGTCATTTCGGCGATGAGCTCTTCATCGGAATATTCGTGTGATCCGAATGCCCAATTCGTGGTCACGCCCACCCGGTCGAGGCGAGTCTCATGACCGGTGCTGTGCGCGAGTTCGTGGAACAGCGTGCTGTAAAACTCCTCGCCGTCGATGAAGCTCTGCATCTCCGGCACCTGCACCTCGTCCCGTGACGGGAAGTAGCAGGCCCCACGGCCGCCGTATTTGATCGACGGCGGGTTCGGCATCTGCCGGACGACCTCTTCTGCCGCATCGATTGGCGCAACCGTCGCTGCGTTTCCGGCTGCTACTTCGAGGCCATCGATACCACTCACCGGATAAACCCTGTAATAGCGCAGCAGCGGAATCCGCTCGATCTCGCCACTCTTCGGGTTTTCCCGTTCGAGCATCTTCCAGAACATGACCGGAAAACCTTTGCAGCGAATCCTGCCGCCCAGCCCCTCGGCCTGTTTTCGGGTGACGAAATACTCCTCGTTCACCATCGAGAGTAAAAACAGGTTGACACCTCGATACACTTTGCCCGATACCAGGTTCTTCGGCAACCCATTACGCCACGGCTGACGCCATGGAACGACGCCCTTTTCAAGCTGGGCGATGATCTGAGCGGTGATGATTTCATAGACGGTAATAGACATGACAGCCTCCAGAGGTTAGTGTTGATGCAATGCGAACGTGCACTACAGCAACAGGGCACCAGCGAGGACGGCAGGAGTGCATGACCTGAACGCCGGGCTGCCCATCAGGCTCCTCGCCCCAGCGACAGCGGGTGAAGGAGCCTCGGCAGCCTTATGGCCGGAAAAGAACCGCCAAGCCATTTTTCTGACAGGAAAAAAGGACGAACCAATGACAACAGACCTTCGCCGCTCTGGAGCGCTCATGACCCCACAGCGGATATTTCAGTTTGCTGTACGTGAAGCGGTATGACTTACGATAGACCCGCCGACAGGCTGGCATAAATGGCCTGGCGGGCGGATTCCATCCGGAGGCACTCCGGGCATGATTGTATGCTGGAGGTGGCGATCAGACCGGTTGAACACGTGGCGACAAGAAGTCGGGACAAAATCGTCATCACAATCCTTACGAGGTATACAGGAACTGTAAATCATTCATTAAAGGCATTTATTGCCAATAATGAATGAAATATCATTCAAAAAATTTGATATTTCACCTGATGAACGGTAGCTTCGATTGATAAATCATGCGTTGATGGACAAAGAGCAAGAGTATGACTGAGAACACCAACTGGATATCGATGAGTGACCAGGCGCTTGCCGCGCACATAGGAGCTTTTGTGCGGCACCATCGTATGGAGCAGAACCGGACGCAGAATGCACTTGCCCATGCGGCTGGTATCAGCCGCTCAACCCTGAGCTTGCTGGAAAGAGGCCAGACCGTCACACTCGCTACCCTGATCCAGGTACTCAGGGTACTGGACCAGTTGCAGATCATGGATGCCTTTGTAGTAGAACAGCGAGTCAGTCCGTTGGCGCTGGCCAAGATGCAAAAAGAAAAAAGACAACGGGCCAGAGGAAAACAGGGTGACGAAACAACAGAACATGAATGGTAAGCAATGGACGTAGCGGAAGTGAGAATATGGGGAGAGCTGGCCGGGGCTGTTGCTTGGGACGATGCCACCGGCTTGGCCACCTTTGAATTCGATCCCCGATTCAAGTCGAAGGGATGGGATTTGGCTCCTCTGCAAATGCCCATTTCAGCCGCCCGGAATATGTTTGCGTTTCCCGCGTTGCGTAAGAAAGCCGAACCCGCGCTGGACAGCTTCAAAGGCTTGCCGGGCCTCTTGGCCGACGTGTTGCCTGACCGGTACGGCAATGAACTGATCAACCTGTGGCTGGCCCAGCAGGGACGTTCACAGAACAGCATGAATCCAGTCGAGATGCTCTGCTTTATCGGTACCCGTGGCATGGGAGCGCTGGAGTTCGAACCGGCGGTCTGGAAAGAGAATAAGAGAACCTTCTCTGTTGAGATCGCTACCTTGGTGGAAATTGCAAAAAACATGCTCTCCAGAAAAGAGGCCTTTTCAACCAACCTCGAAGCGGACGCGAAAAAGGCGATGTCAGAACTTCTCCGTATTGGCACCTCGGCAGGTGGCGCAAGGCCGAAGGCCGTGATTGCCTGGAACGAAAAAACAGGAGAGGTGCGATCAGGCCAGACCAATGCCCCCAAAGGTTTCGAGCATTGGCTGTTAAAACTGGACGGCGTGAGCGACGTTCAACTCGGCACCACACACGGCTATGGAAGGGTGGAAATGGCCTACTACCACATGGCCCGGGCCTGCGGCATCACCATGATGCCATCGCGATTACTGGAGGATAACGGAAGGGCGCACTTCATGACCAAACGCTTCGACCGTGAAGGCGGATCGACGAAACACCACATCCAGACCCTCAGCGCCCTGAAGCACTTCGACTACAACTCGGTCATGAGTTTCAGCTACGAACAGCTGTTTCAGACCATGCGCGAACTGAAACTGCCCTATCCTGATGCGGAGCAGATGTTCAGGCGGATGGTGTTCAACGTTGCAGCCCGGAACTGCGATGACCACACCAAGAACTTCTCGTTCCGGCTGAAACAGGGTGGAAAATGGGAACTTGCGCCAGCCTATGATGTCTGCCACGCCTTTCAGCCTGACCATCGCTGGGTCAGCCAGCACGCTCTGAGCATCAACGGCAAGCGGACAGACATCACCAAAGAAGACCTGCTCACCATCGGCAAATCCGTCAGCGTCAAAAAAGCAGCTGAAATCATCG
NZ_CP017305.1_gap48	2248125	2250013	1888	CCGCCAGGCTCAACACGCCGGAGCGCACGCTCATCGACCACTTCACCTACGTGATATGCAGCGATGGCGACCTGATGGAGGGGGTCAGCTCCGAAGCCTCGTCGCTGGCCGGGCACCTCAAACTCGGACGCCTCATCTGCCTCTACGACAGCAACCACATCAGCATCGAAGGTTCGACAGCTCTCGCCTTCACGGAGGATGTCGCCCGCCGCTACGAGGCGTACGGCTGGCACGTCATTTCGCACATCGACGGCAACGACCTCGCCGCCATCGAGCAAGCCGTGCGCGACGCGCAGGAGATCGACGACCGGCCATCGATGATCATCGTCAAGACAACCATCGGCTACGGCAGCCCGAACAAGCAGGGCACGGCAGCGGCGCACGGCGAGCCACTCGGCCCGGACGAGGCGCGGCTGGTCAAGCGAGCGTTCGGCTTTCCGGAGGATGAATCGTTCAGCGTGCCGGATCGAGTGTACGAACACTTCCGTGAGATAGCTGAACGCGGCGCAGCGCTCGAAGCCGAGTGGCAGGCGCGATGGCAGTCGTTCGAGCGAAGCGAACCTGCGCTTGCGGCGGCGTTGAGCGAGCTGCTCGCGGGCCGCTTCCCGGAAGCGTGGCTGCCCGATCTGCCGGAGTTTCCCGCGGGCGAAAAGCTCGCCACGCGGCAGGCGTCGAAGAGCGTGCTCGGCAAGATCGCCGCGCATGTGCCGTTGCTTGCCGGAGGTTCGGCTGACCTGGCCCCGTCGAACGGTACGCTCTACGGCGGCGCGAGCGACTTCGAGGCGGGAAATTACGGCGGCGCAACCGTCCACTTCGGCGTCCGGGAACACGCGATGGGCGCAATCGTCAACGGCATGGCGCTGTCGAACATGGCGGTTCCCTACGGCGCGACCTTCCTCATCTTCGCCGATTACATGAAACCGGCGCTGCGCCTGGCCGCCCTGATGCAGTCGCCCTCGATCTTCATCTTCACCCACGACAGCATCGGCCTCGGCGAGGATGGCCCGACCCACCAGCCCGTCGAGCAGCTCGCGATGCTCCGCGCCATGCCGGGCTTCGACGTCTATCGCCCGGCGGACGCCAACGAAACGACAGCGGCGTGGCTGCTGGCGCTGAAACGCCGCAAACCGGCAGCGCTCGTACTGACGCGCCAGAATGTGCCGGTGCTCGACGACGCCGGCGGACGCCTCCGCGACGGCGTGGCGAAAGGCGGCTATGTGCTGGCGGATTGGGCGGATGGAGTGGATGACGACGCCCGGCGGGTGATCCTCGTGGCGACCGGCTCCGAGGTGCATCCGGCGCTCGAAGCGAAAGCGCTGATCGAACAGAAGGGATTCGCCGCGCGGGTGGTCTCGATGCCGTCTCGCGAGCTGTTCGCCGAACAGCCGCCGGAGTATCGCGCCGCCGTGCTCCCTCCGGCGGTGCGGGCGCGAGTCGTGGTCGAAGCCGCCGCGACCTTCGGCTGGCACGACATTGCGGGCGACGGCGGAATCGTCATTGGCCTCGACCGCTTCGGCATGTCGGCTCCCGGCTCGCAGGTCATGGAGCACTTCGGCTTCACGGCAGCCAACATCGCCACGAAAGCTCTGGAACTGCTCAACAACGCACCGAAATGACGCACTGGATTACCGCACCGCTCGACGCGCTTCTCGAAAAAGCGGTCGCCTTCATCACCGACGCCGCGTACCGTGCGGTCGCCGAGCGGGGCCGCTTCACGCTGGTGCTCTCGGGCGGCAACACCCCGCGAGCGCTGCACAAGCAACTCGCGCGAGGCATCAGCGAAAAGCGCTACCTCGAACTCGGCTACAAGCTGCCCGCCGACGTGCGCCGCTGCACCCGCGATCCGGAAAAGATCGTCCCGCCCTGGGCGCACACCCTGCTCTTCCAG
NZ_CP017305.1_gap49	2260671	2261824	1153	GACGATTTCGCCGAACTTGCGGTTCGAGAGCAGGCCATAGCTGGAGATGGTGAGGCCCGAAAGATCGTACCAGTCGAGGTCGAGCGCCACCGCCTCGATCTCCCGCCAGCTTTTGCCGAAGGCATGCATCGCCGCGATGAACGAGCCGATGCTGGTGCCCGCCACGCACTCCGCCCGAAAGCCGCTCTCTTCCATCGCCCTGAGCACGCCGATGTGCGCCGCGCCCAGCACCACGCCGCCGCCAAAGGCGAGACCCGTCCGCTTCGAAGTCTTGTCCGCTCTCTCCATGATCTCTATGAAAAAAAGGTGAACAGCCGTTTGAGAAAAGCAATCCCCCGTTCGCTGTAGGGCGGATAGCGCAGATCGGGATCGGGAAAAGCGCTTCGCCGGAGCACGCTCCTCGGCGCGGTGAAGGTCTCGAATCCCGCTTTGCCGTGATAGAGACCGATGCCGCTCACGCTGCGCCCGCCGAAGGGCAGGCCGGGAATCGCGGCCTGAAAAAGCAGATCGTTGCAGCAGACGCCGCCGCTCCGGGTATGCTCTTGCAGATAACGCAGCTCCGCGCGGTCGCGGGAGAAGAGATAGATGGCGAGCGGGTCGGGACGGGAGCGCACCTGTTCGGCCGCCTCCGCGAGCGTCGAAAATGCGAGCACCGGCAGCACCGGACCGAAAATCTCCTCCTCCATGAGCCGGGAAGCGGGCGGAACGTTCCGGACAATCGTCGGCGCGACAGAGCGCCGCTCCTCGCTGGACTCGCCGCCCGCGACCAGATCGCCCTCGCGCTGCAACGCTTCAAGCCGCCGGAACGCCCGCGCGTCCACGATGCGGCCATAGTGTGGGCTCGATGCGGGATCGGAACCGTAAAACTTCACCAGCGCCTCCGCAATCAGCTCGAGCAGGCGAGCTTCGACCGACTCGTCCACGAGCAGGTAATCGGGCGCGATGCAGGTCTGCCCGGCGTTCAGGAACTTGGCCCACGCGATCCGCCGCGCCGCCACGCGCAGATTGGCCTTCGCCGTCACGATGACAGGACTTTTGCCGCCGAGTTCGAGCGTCACCGGCGTGAGGTGCCGCGCCGCCGCCTGCATCACCTCACGCCCCTTCCGGCGGCTGCCCGTGAAAAAGATATGGTCGAAACGATGTTCGAGCAGCC
NZ_CP017305.1_gap50	2263331	2266687	3356	TTTCTGGCATCTTAAAGTTCTTTGAAATAGCGCAACAACAAAAGCTACTGACCGCGAAGTCTGACAGGCGGCTTTCCGATTCCGGCGGAAGGCCGCTTCCGGTTGACGCTCTTTCTCTGTCCGGAAAAAGGAGCATAAAACATGCCTGTTCCCGAAAAACTCCTCCCCGCGCAACTCTTCAACCGGTGTGACCCCGGTGAATTTGCATTCAGCACCACCGCCGATCTCGATGGCTCGACAGAAATCGCAGGCCAGGAGCGCGCGCTCGATGCGATCCGGCTCGGCATGGGCATCCGGCGCGACGGGTTCAACCTCTTCGCCCTCGGCCCGTCCGGAACCGGCAAGGAGACCACCGTGCTCCAATTTCTCAATGCCATCGCGCCGAAAGAGGCGCGACCCGACGACTGGTGCTACGTTTACAATTTCGACAAACCGCGCAGCCCCAAAGCGCTCCGCCTGCCGCCCGGCCAGGCGTGCCGCCTGAGCGACGACATGGATCATCTCGTCGAGACGCTCTTCGGCGTCATGCCCGCCGCCTTCAGCAGCGAAGAGTACCAGTCACGGGAAAAAGAGATCGGCGAGGCGTTGCAGGAGAAGCAGTCAAGCGCCATCGAATCGATTGAACACGATGCGCAGGAGCACGAAATCACCCTCATCCGCACTCCGGGAGGCTTCGCTTTTGCGCCGATTCACGAGGGCAAGGTTATCGCGCCCGACGTTTACATGCAAATGAAACAGGAGGAGCGCGACAAGATCGAAAAAGAGACAAACCGCCTCCGCGACAGTCTGCAATCGATCATGGCGCAGTTCCCCAAGTGGCAGCGCGAAACCGCCGACAAGATCAAGGAGCTGAACCGCGAGGTTTCGGCATTCGCCCTCAAACCGCTCATGGATGAAATCAGAGCCAGATACAAAGAGGTCGAAGAGGTGCTGCGCTATCTCGACGAGGTCGAGCACGATATGATCGAAAACTTCGGCCAGTTCCTCGAAAAGGAGACGCCCGAAGAGGGGCCGTTCATGATGATGCCTCCGCAATTCAGCCCGGCAGGACGCAAGCGCTCCGCCGTGCGCTACCGGGTGAACGTGATGATCGACAACAGCAAGCTCGACGGCGCGCCGGTGATTCTCGAAGACAAACCCGCCACGCAGAACCTCGTGGGCGACATCGAGCACGCCGCGCAGATGGGTACGCTCATCACCGACTTCACCCTCATCAAGCCGGGCGCGCTGCACCGGGCAAACGGCGGCTACCTCATCCTCGACGCCAGACGGCTGCTGCTCGAACCCTTCGCCTGGGAGGCACTCAAAAAAGCGCTCCGCACCCGCCAGATCCGCATCGAATCGCTCGCCCAACTCTACAGCCTGGTCAGCACCATTTCGCTCGAACCGGAACCCGTTCCGCTCGATCTCAAGGTCGTTTTGCTCGGCGAACGGCGCCTCTACTACCTCCTGAGCACCTACGACCCCGACTTCAACGAGCTGTTCAAGATCGCCGCCGATTTCGAGAACGACATGAAGCGTAACGCTGAAACGCACCTTGCCTACGCTCGCCTCGTCGGCTCGATAGCCGCGAGAGACAAGCTCCTGCCCTTCGAGCGCGACGCGGTGGCCCGGATCATCGAGCACGGCTCCCGCATGGCGGGCGACGCCACCCGCCTCTCCTCGAACCTTCAGGCGATCCGCGACCTCGCGCACGAGGCGGAGTACCACGCCGCGCAAAACAAGCGGACGCAGGTGAGCGCCGACGACGTCGAGGCGATGCTCGAAGCGCAGCGATACCGCGCGGCGCGGATTCAGGAGCGGATGCGGGATGCGATGATGCGCGGGACGATCCTGATCGACACCTCCTCGGAACAGGTCGGCCAGATCAACGGCCTCTCGGTCTATTCGCTGGGCGAAGAGAGCTTCGGCACGCCGAGCCGCATCACGGCGCGGGTGCGCCTCGGCAAGGGCGAGGTGATCGACATCGAGCGCGAGGTCGAAATGGGCGGGCCGATCCACTCGAAAGGGGTGATGATTCTGTCGGGCTTCCTCGGCTCGCGTTACGCCGCCGAGCAGCCGCTCTCGCTTTCGGCGACGCTGGTCTTCGAGCAATCCTACGGCGGCATCGAGGGCGACAGCGCCTCCTCCACCGAGCTCTACGCCCTGCTCTCGGCGATTTCGGGCATTCCGATCCGGCAGTGGCTGGCCGTCACCGGCTCGGTCAACCAGCACGGCCAGGTGCAGGCCATCGGCGGTGTGAATGAAAAAATCGAGGGATTTTTCGATCTTTGCCGCGAGCGCGGCCTCGACGGACGCCACGGCGTCCTGATCCCGGCCTCGAACGTCAAGCATCTGATGCTCCGGAAGGACATCGTCAGGGCGGTGGAAGAGGGCCTGTTCTCGATCTGGCCGGTCACGCACATCGACGAGGGGATCGAAATTCTGACCGGCGTTCCGGCGGGCACCCCCGATGCATCGGGCGCATGGCCGGAGGGCACGGTCAACGAGAAGGTTTATGGGCGACTCAAGGCGATGGCCGAAAAGCAGAAGTCGTTCGGGAAAAAACCGGACGGCGAACCGGAAAAATGATGTGATCCTGAGTTGACGGAAAAGGCGGCTGAAGCGCGAAAATCGATGTTACATTCAGGAGGGTTTCAACCCGACGGATATTCTGAACTTTTACATTCACATTGCCCCGGTTTTCAAACCGGGGAACTTGAGAAGAGCAATCGCCGCCAGGGAAAGATATTGGGCTAAAGCCCTGATTTATTTTGTTTTATCCGCATACCCCGGACTGAAGTCCGGGGCAATTGCTTAAGAGTTTTAATGACCGGAGTAAGAACGATGACACACCGCATCATCCACTCGATCGCCGTCGCCATCGACTGCTCGCCGCACAGCAAGGCCTCGCTCGAAGCCGCCGCCGAGATGGCCGCGCGGCTGAAGGCGGAGCTGATCGGCATCTTCGTCGAAGACATCAACCTCCTTCGCGTGGCGGGCCTGCCCTTCGCCGAGGAGGTGCGGCTTTACAGCTCGACCACCGCGAAGCTCGATACAGCGCAACTCGAACGCCTGCTCAGACTCCAGGCGGAGCAGGCACGGGAGCTGTTGCGACACACCGCCGAAGCCCGCACGCTCCGACACACCTTCCGCGTGCTGCGGGGCCTGGTTTCCGAGCAGATCATGCTGGCCGCGCCCGAAGCAGACATGCTCGTGCTTGGCCGAAGCGGACGCTCGCCGTCATGCCGCAAGGGCCTCGGCTCGACGGCCCGCACGGCGCTCCACGAGTGCAAGATGAACGTGATGCTGATGCGCCCCGGCGTCACCGCCGCCGAAGGGCCGCTCCTGGTGCTCTGCGACGACTCGGAAGCCTC
NZ_CP017305.1_gap51	2461876	2462867	991	GGAGCCACGAGCTGAATACCCTCGACGGCGCTGAGCACCGAAATCGATGGCGTGATCATGCCATCGCCATACAGCAGCGCCGCGCCAAACAGGCCGATACCGACCAGTATCCACCGTTCGCTCTTGTTCTTTTTGCTGTGCGAAATGATCAGCGAGGTCAGGGCGAGAATGCCTCCTTCGCCCTCGTTGTCGGCCTTCATGATGAAGGTCAGATACTTCAGGGTAACAATCAGAAGGAGCGCCCAGATCAGCAGTGAAAGCACTCCAAGCACGTTTGGAGTAGTCACGGGAATGCTGAATTCACCATGAAAACACTCTCGGATGGCGTAAAGCGGACTGGTGCCAATATCGCCGAATACCACGCCAAGCGCTGCAAGCGACAGGGTGGCGAGTCGCCTGGGATCAGTATCACTGGAGTGGGAACGGGAAGATAAATGAGAATCTCCGGATGTCGTGGACATAGGCAGGAAAGTTCTTGTTACCGCAAAGGTTTCATGCACAAAAGCCGGTTACGGCTGCTGAATCCCTTCACAGGAGGAACGCCGGATATGGCTGACAAGCTCGAATGTCGAGGAACGGTTTCACAAGCTTCGAACAATCGAAGCCAAAGAATATACACAATCGCCCTCAATTGCAAACTAAAGCCCCGGCACGCATCATGGTGGCGTACTGTCATCGCTCATCATCTCCCGGAGCACCTCGACAGCCATCGAATCACCAAGCGCCGAAGCCCGCCGAAGGTCTTCGATGGCCCCCTGACGATCCCCGGTAAGCTTCCGTACGACCCCACGGTTGTACCATCCGGAACCATTTTTCGGAGAGGCCGATACAACAAGGCTCAAATCTTCCAGCGCACCCGGATAATCGCCCAGTGAAAGCCGAGCGAAAGCCCGGTTGTTCCGGGCCACAAGCATATCGGGATCGAGCACGAGAACCTTCGAGTAATCCTCGACGGCTTGTTTAGCATCCCCAAGCGCTATATGAGCGTTGC
NZ_CP017305.1_gap52	2467449	2469241	1792	CGCTGGATGAACTGGGCAGACGCAAGGAGGCCATGAACGTACTCGGCGATGCCCGGCGACACGGCACGGATGCGATGGGCGTTTTGGCCGGACGTCACAAACGCAACTGGCTCCAGGACAGAATCGATGAGGAAGCTCGCAGCGCCCTCGCGCTGTATGCAGATGCATACGAAATCGCCGAGGCGAATAACGATTTCGCCCAAGCCTACTACCACGGCATCAACCTCGCATTTCTGGCGCTCGTGTATGAAAACGATCTTGGCAAAGCTCGACGCATCGCTCATCATGTACTCGAACATTGTGCGGATGCGAAACAAAACGAAAAAGCCAACGAGCGCCTGTGGCGAATGGCTACGGAGGGCGAGGCCAACCTGCTACTCGGCAATATCGATGTCGCGATTGAAAGCTTCACAAGCGCGCTGCAAGGGCCGCCCGTACCAGAACCATGGCAACTCACCTCAACCGCCAGGCAGGCACTGTTCATTGCCGACAAACTTGGTGATGAAGCGCTTGCTCAATCCATGCTGAAACTTTTTTCCGGAGACCAGCCATGAACAAGCCGTTGTGTTTCGTCATCATGCCCTTCGGCACGAAACCCGACCCGGCCGGAGGGGCAGATATCGATTTCGACGCCATTTACCATTCGGCAATCGAACCGGCCATCGCCGATGCCGACATGGAGCCAATCCGCGCCGACGAGGAGCGCACTGGCGGCATCATCCACAAGGCGATGTTCGAGCGGCTGCTGTTGTGCGACTACGCCATCGCCGACCTGACCACGGCCAACGCCAACGTCTTTTACGAACTCGGCGTCCGCCACGCCGCCCGGCCACGAACGACCATGACCATCTTTGCCAGGCATCAGCCGATCCCGTTCGACATCGGCTACCTGCGCTCACTGCCCTACACCCTGGGCAAAAAAAATTGCTTTGGCGATGACGAGGCTCCCGCCCTGCGCACCGCCGTGGCCAAAAAACTTCGCGACCTGCGAAACCTCACCATCAACGAAGCCCCGATCGACAGCCCGCTGTTCACGCTTCTTTCCGACTGGAAACCCGGCGACATCGCCCGCCTCAAGACCGACCTGTTCCGTGACCGTGCGCAAGCCAACGAACAGTTAAAGCGCCGTCTGGCGGCAATTCGCGACAAAAGCAAACACGAAAACACCCGGCAGGAGGCCCATGAATTGTTGCAGGCATTCCGCAAGGAGATCGAACCCGTCGATGCAGCCGATGCGGTCACCATTGTCGATCTGATGCTCACCTATCGCGCCCTGAAGGACTGGAACGGCATGATCGCGCTCCACGATGCCATGCCTGAAATGCTGAAGCGCCAGATTCTGGTACGCGAACAACTGGGGTTTGCCTACAACCGCCGGGCGGGCGAAAACAAGGATCTGACCGACCGAGCCGAAGCCCTGCGCATCCTCACCGAGGTGGATGAACAGCAAGGCCCCAGTTCGGAAACGCTCGGCCTGATCGGACGCATTCACAAAGATCAGTGGAAAGAGGCCCTCGAAGCAGGAGAGTCGATCGCCGCCCTCGGCCATCTCGACCAGGCCATCGACGCCTACCGGCGAGGTTATCTGGCAGACCTGCGCGACGCTTATCCCGGCATCAACCTTCTGACCCTGCTCGACATACGCGGCGACGCCGAATCGCTCACTGAAAAATCACGCATACTGCCGGTCGTCCGTTTCGCCGTCGAACAGCGCCTTGTCGGCACAACGTCAGACTACTGGGATCACGCCACCATGCTCGAACTTTCGGTGCTGGAGAACGACAACAAACAG
NZ_CP017305.1_gap53	2508798	2510946	2148	GACAGCTCCTTGAACGACAGAAACTGGTTATCGCGAGTACCGATCCGTCGGGACGTGGCGAGCCGTCGCTTACCGCCCTTCGCGGATTCCTTATGGATTGCCGCGTCGCGATGCTCCTCGCAATGACGAGGATTCCGTAATTTTTATCATGATACGTAAAGTCCCTCGATGCTGCTCTCCCCTCTGAACTGGCTCGTCCACATCTCCTCGTCGCTCGAATGGGGCGTGGCGCTTGTCATGCTGTACCGATACGGACGGCTCATCGGGCGGAGAGACATCCGGCGCTTCGCGCTCTTCATGCTGCCGCACTGGATCGGGAGCTGGTTCGTGCTCTTCTACCACATCACCGGCGACACCATCATGCGCCTCCTCGAACTCTCCGAGGCGATCAATCTGGTGGGCAGCATCGCGCTCCTGTACGCGACGCTCAAGATTCTGCAGGGGGAGGAGAAACGGGAGGCAAAGCCGCGGACGGCATTCATGGGCGCGCTCTTCGGCGGAGTGATGCTTGCCGCCGGAGTCGACGAGCCAGGCTACTCGTTCCTGATGGGCAAAAGCTGGTTCGACGCCGTGTTGCAGGTGTCGAGCGTCGTCTACCTGACCTTTCTCGTGCTGCTGCTGAGGGTGCGAAAAAAAGACCCCGAGGCATTCTCCTCTCTGACCGTGGCGGGATTCTGGTTCGTGCTGGTCTTCATTTCGGTGACGGTCGTCTGCATGTACGTGGCCATCCACGTGCTGGGCTACCAGTCACTGTCACACAACGACTTCCTGCACGGTTTCGCCGAAAGCCTGCTCAGCGCCAGCAATCTGATGATCGCCCTCGGCATCCACAAACAGCACAAGCTCGCCGAGAGGCAGCTCAGGGCTTGAGCTTCGCGCCTACGGCTTGAGCAGCGCCTGGTAGCGCGCGGGTTCGGCAAGTAGCGAGAACGCCTTCGCCGCGACAGGGTCGCTCTCGATGGCCTTGCGTTGCGCCGCCCGCTCGTCGTAGTGCCGCAATATTTCGCGCTGCAAGGCGGCGGTGATGCGGAGCGAATCGCGCGTGATACCCCGCTTCGTCGATGCGGCGAGCGCCTTGTCGAGAAGGTCGAGCTGACCGGCAAGTTCACGGTCCTCACCCACACCCTCCTTCTGAACGAGCGTCTTCAGGCTGTCGAGCTTTTTCTGAGCGCCAGAACGAAATGTAAAGCGCTCTTTTTCGAGAAAGCGGCCAAACTCCTCGTAAACCGGCTCCGATTGTAGCCGCTTCAACTGAAGCTCCGGATGTTTCCGGTGAAAGCGCGAGGCATATCTGAACAACTGCCCCGACTTCTCCAGCGTGTGCAGGTATTCGGAGAGAGCGTCGGCCCTGACGGCCACGTCCGGGCGAATCCCGCCGCCGCCGTAGACCTTGCGCCGGTTGCGGGTGTAGAAGACCTTCGTGGAGTCCGCATCGCCGGTGGAGAGCACCGCCTTGCGGCGGGAGTCGTCACGGGCGATCGGCTTCTGGATGAGCCGTCCCGACGGCGTGTAGTATTTGGCCGTTGTCATTTTGAGGATGTGGTCGTACGGCAGGGTGATGATCGACTGCACCAGCCCCTTGCCGTACGAGCTTTCGCCGAGAATGACGCCGCGGTCGAGCTCCTGAATCGCGCCCGACACGATCTCCGATGCCGAGGCGCTGTCGCCGTCGATCATCACCACAAGCGGAAGCGATGGCGCTTGTGGATCGGTTTTGGTGACGAAGAGCTGCTCGCTGTCGGCGGCCCGGCCTCGGGTGGAGACGATCTTGCTGCCCTTCTCGACAAAGAGTCCCGCCACCTCGACCGCCGAGGTGAGCAGGCCGCCCGGATTGCCGCGCAGATCGAGCACGATGCCGTTCAGCGCGATCCGTTTTTTGGCAGCCTCTTCATGAATCGCGCGGATCGCCGAACTCAGCTCCTCCCGCGAATGCTCCGCGAAACTGTTCATCTGCACGTAACCCGACGAGCCGAACAGACCGGCATAGGGCACGGTGCTGACCCGAACCTCTTCTCTGGTGATGGCAATGAGCTTCGCCGCTCCCTGGCCATCTCGTCTGATCGAAAGCCTGACGACCGTGCCGGGCGGCCCCTTGATGGCGCTCCTGATCTCGTCGATGGGCCGCTTGGTCGTTCGAATGCCATCGAT
NZ_CP017305.1_gap54	2534424	2535174	750	AGGGGACAGGACTCTGATTGGCTCGAAATTCACCTGGCTGCGCAATCCGGAGAACATGACGGAAAGCCAGCGGACAAGCTTTGATCAATTGATGGCCTGTGAGCTGAAAACCGGAAAAGCCTGGTCGATGAAAAACATGTTTCGGGAGTTCTGGCGGCTGGGTTGTCGAGAGAGTGCAAGCTTCTTTTTCGATTACTGGTCTGAACGCGTTGACCAGTTAGCGTTGAAACCCATGATCAAGGTCAAAGAGCTGCTGAAGCGGCATCTCGACAACATCCTGAACTATTTCGAGCACGAAATGACCAACGCAGTTTCCGAAGGTCTGAACAGCAAGATCCAGTTGTACAAAGCATCGGCCCGTGGGTTCCACAGCTTTCACAGCTACCGCATAAGGATTTTGTTTTACTGTGGAAAGCTCAACATGGCTATTACCGGTTGACGTAATTGATGACGAGCGTTACCATTAAATCTTACGATGAACCAGATTTTTTATATAATTATTCAGGAACTATGAAGGTTCGGCCAATTGTTGAATAGTTACTTGCAATATTTTGTTTTTTCAACATTTAACTTCAATGGAACGACCATGAAACAGACATCCAGAATGGTGATGGTAGCCGTTGCACTCCTTGCCGGCGTCAGCGGTACCGCTTGGGCAAATGGCACGGAAATGCCTCCTGCAGAACCCGCAGTCTATACTCCTCCTCCGGCACCGATGGAAGCTCCAGCTCCACCGCCGCTCGTAAAAAC
NZ_CP017305.1_gap55	2604663	2606751	2088	TTCCTTTTTTTAGACTTTGCGATCAGGATTCAAACCTGCATCACGACGAATCGGGATAACAGCCGAATACTTTATACGCTTTTTTTTTGCTCCGCGAGTAGGATTCGAACCTACAACCCTTCGGTTAACAGCCGAATGCTCTACCATTGAGCTATCGCGGAATGCGACTCTTCTTGATCGAAGAGATGCAAATATAAGGCTGTGCATCGAATTTCCAAACCGGCGTGAGCATTTTTTAATAATTTTTCCGCTTGACTGATGGGGTCAGGGCTTTCTTTTTCGAATATTATTTTTGTACATTGATGCTCTTTTATGGAAAAGAGGTGGTTATGTCCAAGGAAAAAGCGCTGATTGAAATCCGCCTGGCCGGTCTTTCCACAGGTACGCACGAGTTCGAGTTCACCTGCTCTGCGGCTGATTTCGCGGATCAGGCTCTCGTCGAGGCGGGTTTTTCGAAGGAGATTTCGGTCAAGGTGACTGTCGAGAAGCTGGAGGGCGAGATGATCGTCACCCTGAAGACCTCGGCGATTGCCGGGCTGACCTGCGACCTGTGCCTTGCGCCGATCACCACCGAGCTGAACGGTTCGTACCGTATCTGGTATGGTTACGATCAGGCTGGCGAGCCAGAGGAGGAGCGCGACGAGGAGTATCGCCTCATCGACCGAAACACGCTCTCGCTCGATCTTACCGAAGATGCCCGGGAGACGCTGCTGCTCTCCGTCCCGATGAAAGTCACCTGCACGGACAATCCCGATTGCCGAGTGTTCCATCAGGTAGAAAACGAGCCGCATGAAGACAACCTGCCCGACAGCACCTGGCAGGAGTCGCTCGAAAAACTGAAAAACAAGTATCGTTAACCGTTGATTCTAAATTGATATAGATTATGGCCAACCCGAAAGCCAAGATGTCCAAGTCCAGAAGGGACAAGAGGAGAGCACAGTTCAACGCCCGTACAAAGGCTACCGTTACGGTTGTCTGCCCGAACTGCGGCGAGCCGACCCTTCCGCATCGCGCTTGCCGTCACTGCGGCCACTACAAAGGCCGTCAGGTCACCGGCAAGATCGTCGTCGCCTAAGCAGTTTGAAGTAAACAGGACGGCACCGCCATGTTAACCATTGTCGTGGATGCCATGGGTGGCGACAATGCACCCGCGTGCGTTGTCGAGGGCGTAATCGATGCCCTCAGAGAGAGCGGAAACCGCTTCGAAATCCTGCTGATCGGTCAGGAGGAGAAGGTCACGCCTCTCTTGCAGCAGCATGATACCGTGAATCTCAACCTCCGCTTCATGCATGCCTCAGAGGTTATCACCATGGAGGATGTTCCCGCCACCGCCGTCAAGGCAAAGCAGGAGTCTTCGCTTGTCCGTGGCCTGAAGCTCTGCAAGTCGAAAGAGGCGGACGCTTTCGTGAGCGCTGGCAATACCGGCGCGATGATGGCGGCGTCGCTTTTCGTGCTTGGCCGTCTTCCCGGCGTGCTGCGACCAACCATCTACGCCTACTTCCCGCGACTCGGCGAGGGGCTGACCAACATTGTCGATGTTGGCGCGAACGTTGACTGCAAGCCGGAAAATCTGGTGCAGTTCGCCGAAATGCTAACCATCTACCAGCGTTACGCAGCAAAGATCGAAAATCCCTCGGTCGGCCTGCTCAACATCGGAGAGGAGGAGGGCAAAGGGCCCGACTATCTCAAACAGTCCTGGAAAATGTTGCAGGAGGCGCACGAGCAGGGAAAGATCAACTTCATCGGCAACATCGAAGGTCACGATATTCTTGCCGGTAAAGCCACCATCGTCGTCTGCGACGGCCTTGTCGGCAACACCATCCTCAAGTTTGGCGAGAGCATTCCGCATTTTCTCGGTGCGCTCTTCAAACCCGCACTCGAAAAGCTGGTCATGGCGGGCAAGCTCGACCAGAACTCGGCGGCGCTGGCAGGCCAGGCGTTCAAGGGGATTTTCGAGCCGTTCGATGTCGAAAAGTTCGGCGGCGTGCCGTTCCTCGGCGTCGATGGCATATCGATTGTCGGCCACGGGCGATCGTCGTCGCGTGCCATCAAGAACATGATCTACATGGCGGAGCACATGATCGAGCA
