gap_id	start	end	length	sequence
NZ_CP009471.1_gap1	42026	44960	2934	GAAACACAGACAAGAAATACTCTGGATATATCTGCTGTGCCAGTATTGAAAAACGAAACTTTTTTACCAATTATAATTGATCCAAGCCATGCGGCTGGAAGAAGGGATATAATTCCTGATCTCATAAGAGCTTCACTTGCTGTTGGAGCAATGGGAATAATGGTTGAAGTACATCCTAAACCAGAAAAAGCCCTTTCCGATGGGAAGCAAAGTTTAACTTTCAAAGAATTTGAAGAGGTTGTGAAAGAATTAAGAGAATTATCAAAGGCTTTCGGAGTTGAAATTATATGAGGATAATGCCAATAAAAAAGATAAGGGCTAAATTGAGTATGCCAGCTGATAAGTCCATTACACATAGAGCGTTGATATTATCTTCACTGGCAAAAGATGAAAGTATTATCAATAATTTATTATTATCAGAGGATACAAAAAGGACATTTGAAATATTGAAGAAAATAGGAATGCGTTTTTCAGGAGATTTTAATAAACTTAAGATAATACCTCAAAAAATAAAAGAAGATAAATATGAATTATATTGTGGTAATTCAGGAACAACAGCCCGTTTGCTGAGTGGATACTTTACGTCAAAAAACGGGCTGTTTTTGTTAACTGGGGATCAATCCCTTTCCAAAAGGCCTATGAAACGAGTTGTAGAACCATTAAGACAAATGGGAGCGAATATTGAGACTCGGAATAATAAATTGCCATTAAAAATAATAGGAGGAAAATTAAAAGGGATAGATTATACTTTACCTATTTCAAGCGCTCAGGTTAAATCAGCGATAATAATAGCAGGATTAGATGCGGAAGGAAAAACAATAATTAGAGGAGATAAGAGTTCAAGGGATCATACTGAAAGAATGTTAGAATATATGGGAGCTAATATAAAGGTTAGTAAGAATTATGTAGAAATTCAAAAATCGGAATTATATCCATTAAAAAATTTTTATATTCCTGGTGATATATCTTCAGCAGCATTTTTTATAACCCTTGGAATATTGCATGAAAATGCTAAAATCACAATAGAAAATGTTGGATTAAATAATACAAGAATGGGATATATTGAAATATTAAAATCAATGGGGGCTAATATTGAATATGAAATTATTGAAAATGAACCGGAACCATATGGAAATATTTATGTTGAAACATCAAAAGATTTACATGGAATTGAGATTCCTGAGAATCTAATTCCTGCGGCAATAGATGAATTGCCACTTTTAGCTTTAGTTGGAACAAATGTTGATGGGAAAATAATTTTAAGAAATGCAACAGAGTTGAGGGTAAAAGAAAGCGATAGGATAAAATCAATAGTTGATAATTTCAAGAATTTAGGAATTAGAATTAAAGAATATCCTGACGGTTTTGAAATATCTGGAAAACAGAGAATAAAAGGTGGAAAGATTGAAACATTTGGCGACCACAGAATAGCTATGATGTTTGGTATAGCGGGATTAATTAGCGAAGAGGGTATATACATTGAAAATGAAAAAGATGTTGAAATATCTTTTCCAGAATTTTTTCAACTTATAAATCAATTAAGCAAAGAGTTTTAGGGGGAATGGAATATGAAAATATTACACACAGCTGATTGGCATCTTGGAAGAAGACCGGCAGGAGGAATTGGAAATTTTTCAAAGGTTAGGTATGATGATTATTTTAAAGCAGCAGAATATATAATAGAACAGGGAATAGAAAAAAATGTTGATGTATTTATAATAGCTGGAGATATTTTTGATAGAAGTTCTTTATTACCGGATATTTTATATAGAACTGAAAAGTTATTAGAAAAATTGAAAGAAAATAATATAGTTACTTTTTTAATAGAGGGTAATCACGACAGGATATATTCCGATAATGATTCATGGATAAAATATTTTGAAAAGAGAAAATTGGTAAAAATTCCGGAATTTGAAAGAAAAGATGGAGAATGTATATGTAATCCCATAACAATTGAAGATATTAATTTTTATGGTATTCCATATCAAGGAGTTATAATAGATGAAATTTTAGATGATTTAGCCCAAAAGCTTGATAGCAACAAAAAAAATATAGTGATTGTTCATACTGGAATAGGTGGAGAGATACTTCCTGGTTGTGTAAAAGCTGAAACAATAGAAAAGTTTAAAGGAAAAGTATTGTATATGGCTGGTGGGCATTTGCATACATATAGAAAGTTTCCAAAAGAAAATCCATATTTCTTTGTTCCTGGTTCACCAGAATACTGGGATTTTGGAGAAGGAGATGAAAAAGGATTTATTATATTTGATACTGAAACAAATAAATATGAATTTTTTCCTTCCAATAAGCGTGAAGTTAAAACATATGCATTTGATATGTCAGATGAAATATATGATGAATTAGAAAATATTCAAATAAATGAGGGAGATATTGTAAAATTAAAGATCAAGAATTTGAACAATAAAATAGTGGATACCGAAAAAATAGAGAAAATACTTGAAAACAAGGGCGTTTTAAAGGTATTTATAAATGTTGAATATACATCTTATATCAGTGGAGTAAATAATATAAAAAATATAAACAAAGAGGAAATAGAAAAAAGGGTTATAGAATCCTGGGGGAATATTTTTTCTTCAAATAGCGATAAGGTGATTAAAAATATAGGTTTAATGAAAGAAAATTTAGGTAATCCGGAATTTATAAACGAAATATTTGATAATTTTTTAAGTGGTATTTTAGAAGGTGAAAATAATGAAAATAAATAGAATACAATTAAAAAATTATAGAAATCATAGAGAAAAAATCGTTGAGTTCAGGGAAGGAATAAATCTATTGTTGGGTAAAAATGGAACGGGAAAAAGTTCAATATTTGAAGCATTGGGAATAGCTATGTTTGATATAGAACCGAGGGATAAAAGTCTTAAAAATGCGGTAAATAAAGGGGCTAAAACAGCTACAATTACAGTTGAATTT
NZ_CP009471.1_gap2	67399	69662	2263	AGAAGATAAAATTATTGATGTAGTAAATCTTGGTGAAATAATGTCATTATTACCTGTGGTTAATCCGGTTAGATGTTGGTATGAATCAGAAAATAAAGGTATTTTTTATGTTTCTCCTCAACCAGAATACAATTCTATTTATGCGCTTGACAAATTCTTAAAGAAATTTACAAATTATTTTGATACAATTTTTCAGAATCCGCTCAATTCTAATGAATTAAAATATAATATTTCCAGAGCTATCAAAGGAAAAACTCTTGAAATAAATACAAAAGAAAAAATATTTGTTGGTGAAAGAATAACAATAGAAAACAATGAATATATAGAAGATAGAAAGATAAAAGAGATATATGATAGTATTATATATTTAAATCCGGAATATTCAAGAAATATATTTGAAGATATAAAATATTTAAAAGAAAAATTTAAAGAAAATTTGATACTTGTATTCAATCTTGATAAAAATCTATTAGATCGAGATCCGCGTGTTTTAAACATAATAAATATAATGAAATTAGATAAATTTATCGAAACAATTGGTAAACCATATGAATCAAAAATAATAGCTGATAAATACCTTTATATTCATTATAAAAAATGATATAATAAAATAAGAAAATAAAAAATTAATTGGAGGTGGATGTAGTGTCATTAAAAGATCCTATTTTAAAAGAAGCTAAAAACAAAATGGATAAAACAGTAAAACATCTTGAAGATGAATATAAAAAATTAAGAACAGGAAGACCTTCTCCTGCTATGTTTGAAGAAATAATGGTTGACTATTATGGAACTCCTACGCCAATAAATCAAACTGCGACATTAACAGTTGGGGAAGATAGAACAGTTGTAATTACTCCATGGGATAAGAGTTTGTGTGCAAAAATTGAAAAAGCCATAAATGCAGCAAATTTAGGTATGATGGCATCTACAGATGGAAATGTCGTAAGAGTTAAATTTCCAAATCCAACTGTAGAAGATAGAAAAAAATGGGTAAAACATGCTAAAGAATTGGCAGAAGAATTTAAAATCGCATTAAGGAATATAAGAAGAGAAGATATGAAAATAGTAAAAGAAAAACAGAAAAATGGAGAAATTCCAGAAGATGATGCAAGGAAATTAGAAGATGAAATACAAAAAATATTAAAAGAACATGAAGGAAAAATAGATGAAGTATTCCATAAAAAAGAAAAGGAGATAATGGACTCTTGACAGCAATAAGAAAAATCCCCACTCATGTGGGGATTATTATGGATGGTAATGGAAGATGGGCTAAACAACGCGGGTTAAAAAGAACAATGGGGCATGAAAAAGGTGCTAAAGTTGCAGAAGATGTAATACAATGGGCTTCTGATTTTGGCATTAAATATTTAACCTTATACTCATTTTCCACTGAAAATTGGAAAAGACCTCCTGAAGAAGTAAAATATCTTTTTTCTTTAATGGTTAGATATTTAGAATCTCGATTAAATAAAATAGTTAGGGAAAATGTTAGAGTGAGATTTCTCGGAAGAATTGAAGAATTACCTGAAAATGTATATAAAGTCTGTAAAAAAATAGAAGAAAAAAGCAAAAACAATACAAAAATTCAGGTAATTCTTGCAGTTAATTATGGTGGAAGACAGGAAATAGTTGATTCTGTCAACAAATTAATATCTTCAGGAAAAAAAGAAATATCAATAGATGATATTTCAACTAACTTATATTTTCCTGATGTTCCTGATCCTGAATTAATAATAAGAACATCTGGTGAAATAAGAATAAGTAATTTTTTATTATGGCAATTAGCGTATTCAGAACTATATTTTACAGATATTCTCTGGCCGGATTTTACCAAAAATGATTTAGAAAAGGCATTAATAGATTATTCTAATAGGGATAGAAGATTTGGTGGTATTTCATCAGATGAGGGAAGTGGCAATATTGGCAGTAAATAAGAAAAATTTATTTATCAGAACTCTATCTGGCTTCATACTTGGTCCGGTAGTAGTTTTTTCTGTATTTACTTTTCCAACAACAATTGGTTTAGTAACAACCATAGTATTATTAACAGCTATGGAATATTTTGAAATGACTCTGGATAATATTGATCATAAAATTAAGATCTTTTTATCTTTAATGGCAGCTTTTACAAGTGCGGTATACGGATTTACATTAAGAACATATTATGCAGGATTGATATTTTTTGATCCAATTACAATATACGTAATGTCAATAGTAATAGTTGCATTAATTAGTTTATTTATTTTAAAAGATAATATTAAAT
NZ_CP009471.1_gap3	262765	265907	3142	GTTAAAAGAGTTAAGTTTAGCTTTTTCAAAAAGTATATATATGCGTTGGTATGATTTATTTACAGAGCTGTTTGAAAAATATGATTATGTTATTTTTGATGAATTTCAAAATTTCTATAAAATCAATCCGGAAATTTTATATGCTTTTCAACATGCCTGGGATGATACTGAAAATAATATTAAATTAATTGTTTTAGGTTCATATGTTGGAATGATTAAAAAAATATTTATGGAAGAAAAGATGCCATTATTTGGGCGAAGTGATTATTTTTTGAAAATAAAAGATTTCTCATTAAAAGATTCTCTTATTATGCTCAAGGATTTTGGATATAATATTATTGAGTCTCTGGAAATTTATGGGATGGTAGGAGGAATTCCAAAATATTTATGGCTTTTTAAAGAAAAAAAAGATATAAAAAGTTTAATTTATGATATTTTTATTGATGATTTTTCTCCTTTACGAGAAGAAGCTAAGAATATTTTAATAAGTGAATTCGGTTCTGAACATAAGTCATATTTTTCAATTCTTGAAGCACTTGCTGGTGGAATGAAAACAACATCTGAAATAAAGGATATTTCTAAAATCCCACAAACAAGTCTGCCAAAATATTTAAATGAATTGAGCGATATATACGAAATCATTTCAAGAGAAAAATCGTTGTTTTCAAAGAAAAATAAAGATATTCGTTATTCTATAAAGGATAAGTTTTATAATTTCTTTTTTTATCATATTTATAGAAATTACTCTTTAATTGAATTTTTTCCTGAAAAGGCAATTGAAAAGATTTATAATGAATTTAATACATATATGGGTTTTCAATTTGAAGAGATATGTAAAACTTTTATCCAGGAAAATCCTCAATTATTTGACTTTATACCTGAAAATATTGGAAAAGTATGGGGACGGGTTCCTTATAAGAAAAATGAGTCGTATGATATTGACATTGTAGCTTATGATGAGAATAATATACTTTTCGGCGAATGTAAATGGAATAACAAAAAAGTTGATTTATCCATTTATGATAAATTAAAATTGAGGAGCGAATTTGTAAATTACGGAAATAAAAATAAGAAATTTGTGATTTTTTCTAAAAGCGGATTTGCAGAAGATTTACTTAGTTTAAAAGATAAAAATTTATTTTTGCTTACCCCTGAAGATTTTTAAAAAACAAACTCTTCTGGATTGTAATTTCCAGAAGAGTTTTAATTTATCAGTCTCTTTCCTCAAAATATTTTTTTAATGTAAGATATGTATCGTTTTTTGAAAGTTCAAATATAATTGCATGCGTTTTTTCAGTCATTTTTATGGCATTTATGCTTTCGCCTATATATTCAATAATTTTTTCTTCACTTAATATATTTATTGTTTTTTTCAACATACCGATTTTATTATGAATACTGCTTCTTTCTTTTGTTAAATCACTTCTCGAAATTTCTTTCATTTCATCCCATATTTTTATAAGCCCTTCAAAATTCCAATTGTATTTTTGATTGATATTTTCTTTTGAAAGGTCTGTTTTTATTTTGTTTATATACTCTTCTGCTATTTCATATACTTTATCAACCTTCACGCTAATTTCCTGTAAGTCATTAAAGATATGCAATATACAAAATGTATAGAACATAAATAACATATATGAATTTTTTTCTAATCCGTATCGCTTATATATATCATCTTTAGTGTAGGCGTAAATACTTCTTACACTTCGTGGAATAATACATATATAATTTTCCGATGGAGATTCATATAATGAAAGGTTGGCTTTTTCAGCAAATATTTCAACAATTTTTTTTACTTCTTCATCATTGAAATATATATGAATTAATTCTCTATTTTCCTCTTCTGAAATCTCTGTTTTTTCTATTAATTTTGTTATTATCTGTATTGCATTCTCTATGGATTCCATTTTCTCACCTTGATTTTTTAAATATGTATTCTGTAAATGTAAAATCTTCAATTGTTATTTCCTCTTCAAGGGGTATAATATGTATTTTTTTAAATTCAAATATTTCGTTGAAATCTTTTAAAGCTTTTTTAAATAACGGCTCTCTGGTAATATTTATTGTCTTTAGCTGGTGCATATATAAGACTGTATCCAGGATAATTTTATTTGGTTTTTCTATAATCTGACTTAAATATATTTTATTTTCGACCTCTTTTAAAGCTTTTAATAATTTTTTTAGAAAAGAAATTTGCATTTCTTCTATCATTTTTTGTTCGTCTATATTTTCTACTTCATTTTCATCTAAAATTATACTGCTCTTTTGATTATGTTCATATGAATTATTAAAGAATACATTAAAGGCTATGCTCTTTTTTGGTTTTAATGATGAAAATATGTATATTGAAAAAGGATTTAATTCTTTGTATAAAAATAATTTATCAAGGTATTTCTTTTCAATATTTATTTCATTTATTATATGTTCCCAGAAGTTCTTTTCACCAGCTCTCATGATTTCCGTTGTTATCTGTTGATACTTTGTAAGCAATCTGGAATGCATTTCCCTTGATTCTAATAATATTTTCTTTATATAATTCAGATTTTTTGCTTTTTCTTCTGATAAAGTATCAAGATTGTATTCATCAATTAAAAAGAATATCCTGTCAAATATTTGTTTTTCATTTTGTAATTGATTTAGAGTAAAATCATACGTTTCCTCTATTTTTTTAAATTCCACTCTCCATGGAGCTCTGCGGATTTCATATATTAATTTTTCAATATTTTCCAGCTCTGATGAAACCACTAATTTCAATTTTTCAGCTGAGTTTCTTGCATTTATAAATGTTCCTTTTCTAAATTGTTCTTGAAGAAATAATAATTCCATGGTTATCTGTAGCTCTTTATAAACTTCCAGTGTTTTAAGCATAAAATCCTTGCCTGACTTTGTTAAAGAAACCACCGTTTTTATTCCGCTAATATCCCTTTTGGGAAGTATATCAAGAAAGTTATATTTTATTTTTTTCTCTATTCCCTCTACATAATCATAATATTGAAAAGACAAACCCTTAAAACCATTTTCAAAGATTAGTCTTTCAAATATTTCCTTTAATAGATCATCAGATATTTTATTATCTATATTTTTCATATTTTCTATTATAGATTTAACTTCAACCTCTTTTTCACCTTCAAGTGTTTTATTA
NZ_CP009471.1_gap4	268314	270064	1750	ACTTTCATCTTTTAATTCTGCATTTTTAAGATTTTCAAGTGTTTCCAATTCATATTTATAGCGTTTTATTTTCTGTAATTTATTATTGAGCTTTTTCTGTAATTTTTCTTTCCTTTTATATAATTCTTTTGTATCAATTTGCTGTATAAGATATTCATAGCGTGAAGACAATTCATAAATATCTTCGTTTTCATATTTCCATATTCCCTTTTCATATATATTTAAATATGATTTATATTCAGACTTTTTTAAAAATGTTTCATCTTTTTCTGCACTGATGTATCTCTTTTCTTCTTTAAGTTTTTCCAGCTCTTTGTTTAATTCCAATAATTTGAGATCTATAGATTCTTTTTCTCTATATAATTTTTTATTAAATTCATTTATCTGGAATATATCTATTCCAAATCGGTCATTTAATGTGTTTCGAATATCTCTAATTTTCATCTGTTTTTCCAGTAACTGATTTAACTTATTTGATATCTCTTTTATTTCCGTTTCTAATCTGGATTTTTCATTGATAAGTTCTGCTTTTTCAGAATTTAATTTTGAAATCTTTAATAGGATATTATCTTTATCTTTTTCTAAAACCTTTATTCTTTCTTGAAATTCATTATCTTTTTCAATATCATTTTTTCCATATAGATTTTCAAATTTAATTACAATATCCTGATATTCTTTTATACGATTGTATTCTTCGGATATACTTTCCAGCTCTTTTTCTAATTTTTCTTTATCTGTTTTATATCTCTCATATAATTCTTCAATAGAAATTTCACCAGAAACAAATTTATGATAATCATTCATAATTATCTGAATTCCAGAATTATAAATACTATCATTTATTTCATAATTTGCAAGATTTTCCCTATTTTGTATAAAAATTATGTCATTTGAAAATCTATATTTTCTAAGTTTTTCAGATAATTTTTTTATATCCTTTTTTTCCACTATAATAGAATTTAACAATATTGGATTTTTGTGTTCTATTCCATCTCTTAATAATTTATATCCTGTTGTATAATCATAAAAATTTTTCTCCTGAAGATAATTATCAAGTTTTTCTATAGATTCCGGTATTGGAATATAATTATCTCTTTTAATTCTATCCATTAAAATATCTATAGCTGTTATTTTTTTTGAAATTGATTCTTTTTCAATAAGCAACTTTTTTGAATTTTCTAAAATCTCTATATATAACACTTTAAAAGTTTTTACTCCATACAGTTTTTTTAGAGCATCAATATCATTATATAACTCCTTAAACTTTTCATATTCATCTTTTAATTCTTTTATTTTTTCGACTAAGTTTTCTTTTTTACTTGTATTACCTATTAAATCATTATCAATGGTTTTTATATTGATGTTTATTTCACTAATCTTTTCCTGAATAACATTTACTTTATTCTTTATCTCTTCTATTTGAATATCAAGTGTTTTTATCTTTTTAATTTCAATTATTTTATTTATCTCGGATAGCTTTCTTTCAAGGTATTTTATATCATTAACAAGTGTTTTGATTCTATTATTTTTTTCAGATATGATTTTTATAACTTTATCTCGTCTAACTTCAAGTTTATATATATTTGATTCCAGATCCCTTAATTTTTTATTTAATTCTTTTATTTGCATATCATAATAATCATATAATTTTGAAGATACCTTTTTTATTTCTCTTTTTAAATCTTTATTTGAACTCTTATTTTTTATTTCTTCATCAATAACATTTATCTCATTTTCTAATTCACAATAT
NZ_CP009471.1_gap5	271756	272311	555	AACTAAATTATTACTATCTTCTAATTCGCCAATTACTGTATGGCCAAGACTTTCAATAATTTTCTTTAAGTCTTTTCTTACAACTATATTATCTTCAACAATTAATATTTTGGCCATATATATTCAATCACCTCTATTAAAAATTTTCAGGAAGTATAAACTCAAATGTAGTCCCTTTATTTTCTTCTGAGTAAACCAGTATTTTACCATTAAGTTTTTCAATTTCTTCTTTTACTGCAGATAAACCAACACCTTTACCTCCATATTCATCAGGATTTTCTTTCGTTGTAATTCCATCTCTAAATATAAGATTTAGTATATCTTTTTCTTTTATATTTTCTTTCTCAGCCTTCTCTTTTAATTTTTGCTTATCAATACCTTTACCATCATCGGAAATTTTTATATGTATTTCATTATTTTCAGTATAAACTTTACAATATATATTCCCACCGTAAGATTTTCCTAATATTGAACGTTCCTGTGGATATTCAATCCCATGAACTATTATATTTCTAAATATGTGAATAAGTGATTTATTGAAATTGTAAAATATTT
NZ_CP009471.1_gap6	387944	388911	967	GATTCAGGGTGAAACAGTTCTCAAAAAAATCGAAAAATCCATTAAAACAGAACTCAAAAATTTAAATATGGAACATACAGAAATTAAGTTTGAATTTTCAAAATTAGAAGAACCTTCAAGATATGGAACATATAGTATAAGATTAAAAGCTAAAACTACTAAACAATCGCCATTACTACCTATTGAAAAAATTGCTTCAGGCGGTGAACTCTCAAGGATTGTTTTAGCTATAGAAAAGGCGCTTGGAGATATGCATATTGTTGAAACGATGCTTTTTGATGAAATTGATTCTGGTGTTGGTCAGAGAATGGCTGATATTATAGGTAAAAAATTGAAGGATTTTTCTAAAAACAAACAATTAATTGTAATAACACATATGCCTCAGGTTGCCAATTATGCGGATAAACATTTTAAGATTTACAAATACGAAGAGGATGGAATAACCTTCTCAAACTTAAAGGAATTAAACAAAGATGAAAGAATAGAAGAGATAAAAGAAATGTATGGTGAAATAGTATTTGAAAAAGAGGTGGAATAATATGAAAAGAGAAGATGTTATACAAAGAATAATCGAGGAAAAAGGTGTAACAGCTATTCCTATATTGATTGATATGATGGAAGACAGTGATGCTGAAACATATGAACTAATAATGGATATAATAGATATAATGGGTGCTGAAGCAAAAGAATACTTATTTAAAGAATTTTTAAAAAGATTCAATCAAAAAAATCTTGATGATGTAGTCATGTTATATTTAATAGACATCTTATCAGAATTAGAATGTAAAGAATTAGCCCCATATCTTGAAAGAATGCTCGAACTTTATTCTGATGAAAGAGCTTTTCCAATAATCATAGAAGCACTATTAAGACTAACAAAAGATGAGAAATATCTTGATATTCTTGCTACTTATTTAAACGATGAAGGCGAAATACAGGAATTGGCTGTTATGGCAATGGCTGAACT
NZ_CP009471.1_gap7	396018	397517	1499	TTCAATGGAATGAAAAACAGAGAAGCTCTTACAAAAATTGTAGAGTGGCTTGAAGAAAATGGTTATGGTAAAAAAAGTATTCAATACAAATTAAGAGACTGGTTAATTTCAAGACAGAGATACTGGGGAGCACCTATACCTGTAGTGTATTGTGAAAAATGTGGAACAGTTCCTGTTCCTGAAAAGGATTTACCTGTAAAATTACCTACAGATGTAAAATTCGAACCTACTGGAAAAAGTCCATTGGCAACAAACGAAGATTTTATAAATACAACATGTCCAAAGTGTGGAGGTCCCGCACGAAGAGAAGTTGATACAATGGATACATTTGTTGACAGTAGCTGGTATTATTTGAGATATATTAATCCAAAAATGGAGGACAAACCATTCGATTCAGATGACGTAAATTACTGGCTTCCCGTAGATCAATATATTGGTGGTGTAGAACACGCTATATTGCATTTGCTTTACTCAAGATTTATAACAAAGGTTCTTCATGATCTTGGTTATGTTAATTTTGAAGAACCATTCTCAAATCTCTTTACTCAGGGTATGATTTACAAAGACGGAGCAAAAATGTCAAAATCTAAGGGAAATGTAGTTTCACCAGATGAAATGATAGAAAAATACGGTGCTGATACCTTGAGATTATACATGTTATTTATGGGTCCTCCTGAAAAAGATGCTGAATGGAATGATGCAGGATTAGAAGGTGTTGCAAGATTCATGAATAAAGTGTGGAATTCAATGACAAAGATCATTGAATTCTCAAAAGATGGCAATATTAATAATATCAACTTAACAACAAAAGAAGAGAAGAATTTAAGAAGAAAATTACATCAAATGATTAAAAAGATAACAAATGATATTGAAAAGAACTTCCAATTCAACACAGCAATTAGTGGTATGATGGAGCTTATTAACGAATTAAATGCCTATCTAAATTCTGTTCCACAAGAAAAATGGAATAAAGATTTACTTAAAGAATTATCTGAAGATTTTGTTATACTTATTTCACCATTTGCGCCACATCTTGCTGAAGAATTGTGGGAAATGATGGGACATGAAGATTTCGTGCTAAATGCACAGTGGCCTACAGTTGATGAAGAAGCTCTAAAAGTTGATGAAATTGAAATTGTTATCCAGATTAATGGAAAAGTTAGAGATAAAATGATTGTTGATGCATCTGCAAGCGAAGATGAAATAAAAGAAAAAGCATTTGAATTAGATAAAATTAAAAAATATGTAGAAAATGCAGAAATTAAAAAGGTTATCCTTGTAAAAGGAAAATTATTAAATATCGTTGTGAAAAATAAATAAATTTTTATAGGCAGGGGGTAATTATGAAAAATCCAAAAATACCTAAACCAACAATTAAAAGATTGGCAATATATTATAGATGCCTCGAAAACAAGGAAAGTGCTGGAATAAAAAAAACATCATCTAAAGACCTTGCAGAATCACTTGGAATAAAAGCAAGTCAAATAAGAAAAGACTTA
NZ_CP009471.1_gap8	403926	404649	723	TGGGGAGCAGAAGTTTTCTTTGATGCTGATGGAAAAAATTTAATTGCTGGTCTTGATGCTGAACCAGATTGTATTAAGCCGAATACTCATGAATTATCCCGTTTATTGGGAAAAGATGTCCCTGAAGATGATAAATATGAAATTGCCAGAGAAGCACGATATGTTCTTGAAAAATATCATTTAGATGAAATACTTGTATCAATGGGAAAATATGGAAGTGTTTATGCTAATTGGGATATGGCTATGTATGCTTATCCTGTTGATTTAGAAGTAAAAAGTGCAGTTGGAGCCGGTGATTCATTCTTAGCTGGATATATATTGAAAAAAAACGAAGGAATTGAAGAAGGATTTAGATGGGCAAATGCTGCAGGAAACGCTGCTGTATTAACTCCAGGAACAGAATTATGCAAAAAAGAAGATGTCTTAAAGCTACTTCCACAAATAAAAATTGAAATGTTATAAAAAACAGAGGCATATCGCCTCTGTTTTTTATTTTCTACTTCCAGGTTTTACTGCTGGAATATTCTCTTTACATAAGGGGCAATTGTCTGGTTCATATGTTTTTGCATCAATTTCTACCAATGATTGAATTTTAATATTATTAAGATCTTTTTTCTTGCTTCTATTTACAATACAACCAATGCCAATAATCTGCGGCTTATACTTTTCAAGAGCCTTTACAACCTCCAATGTGGATTTCCCTGTTGTAATTACATCCTCTAT
NZ_CP009471.1_gap9	406645	410137	3492	AATCCACCTCACTTAAATCAAAAACGGGACCATCTTTACAAATCATCTTAATTCCATCTTTAGTCTTTATAGGACATCCTTTACACATTCCGACGCCACATCCCATTCTTGCTTCTAATGATGCATAAACCTTATATCCTTTAAATTCATTTTTTACTGCTTTTATCATATTTAAACTTCCACACACAAGAAATCCTGTATTCTTTGATGGATTTTCTCTTTTTATTCTTTCAATAACTGAAATTCCTTCTTCCTCGTCAATATGTAATTTATCCGTATCCAAAATACTTTTTATCTCATTTGTTCTAAAACCATAATATTCATTTTCCACAAGCTCAGGATATTCATTTTTAAAATGCATAAGAGGTGCTGAACCACAATCTCCGCCTATGAGAATATATTTTTTATTTTTATCTATAGTTTCTATAAATGACTTTCCATAAGGCCCTCTAATATCAATAAAATCTCCTATCTTCAATTTTTTTAATCTTCCTGTTAAATCTCCAACTACAGCAATTAAAAATTCTATTACCTTTCCTTTTTGAAAAATAACTGAAAATGGTTTTGGAAAATCATAATCCTCTGTTTTTACCATAAAAAACTGACCTGGTAAAACATTTATTATTTCAGATGTTTCTACTGAAAGAAACAAATAATTCTCTGTATTCTCTTTTCCTATAACCTTACATTTCATTTTCATTCATCCTTTCATCGTATTTTATTTCACCATTTACAATAGTCATTACTACTTTACCTTCCAATTCCTTATACGGCATATTTTTTCCTTTTGAATATATTTTTCCATCCCATTTTGAATTCAAATCTACAATAGTTATATCTGCAAAATATCCAGTTTTTATATCTCCTACCTTCTCTAAATTAAAAATCTTCGCAGGATTATATGTAACCTTTTCTACAATATCTGACAATGGAATATTGTATTTTCTGGATACTGTATAAATTGCCGGAAAAAATATATCAAGCCCGGATATTCCTGGTGGCGCCTGATTATAATCCCTTGATTTTTCTTCCATAGAATGTGGTGCATGATCGCTAATTATAATATCTATATATTCAAAATTATCTATTAAGTATTTTTGTGTATTTTTATCCGGCAATGGCGGATTTATTTTGTATATTGGATTACTTTTCCCGTGATTTTCGAGTAATAAATGATGAAATGTAATTTCGCATGTTGCCTTTATTTTATTGCTTTTTGCGTATTTTAATAAATCTATTGAATTCTTAGTTGAAATATGGGCTATATGTATATGTGCATCTAAATACTTTGCTATCTCTATATTTCTTGCTATATTTAACGATTCAAATAAGGGTGTATTTCCAAATCTACTATCTTCACAATGGTCAATAACTATTCCATCATATTTTTTTGTTTCTTTTAATGCTTTAAACATTATTTCTGAATCATAAACCGGGGAGCCATCATCTGAAAAGAATTTAAATCCATTTTTTATATGTTCTTCAATATTAACAAGATCTTTTCCTTTTCTTTCCTTAGTAATTGCGCTTATAGGCATAACCTTTGCAAGATTTACTCTTTTGCTTTTTTCTACAACAAATTGAAGCGTTGTTAATGAATCCATTGCCGGAGAAGTATTTGGCATTACTCCAACAGTAGTTACTCCTCCATGAACAGCGGCCTTAAGGCCGCTTTCTATTGTCTCTTTATATTCAAATCCAGGTTCTCTTAAATGAACATGCATATCTATAATCCCCGGAATAATAGTTAATCCTTCTGCATCAATTATTTTATCAACATCATCTTTAATATTTTTCGCTATATCAACAATAATATTATCTTCAATTAAAATATCCTTTTTCCCTGATGTTGAATGTGAAATAATATCCCCATTTTTAATTAAAACTCTCACATCAACCACCTAAACATTCCAGATTTCTTCAAATGTATGAGGTGTTTCACAGAATTCACATACCAATTTACCTTCTTTATTTTTTATAAACGATCCTTTTATTCCTTCACCATTATTTGGATGTGAAATACAATTTTCATTTTTACATCTCAATTCTTCAAAACCATATACTCTTGGCGGAAGTGTAATTCTATATTTTTCAGTTACTCGAGCATTTTTTATAATATTAACTGTCACATTTGGTGAGATAGCTGATAACTTTTTAATTTCCTTTTTAGTTAAATATCTATCCGGCAAACTAATATATCCCTTAAACACACCATCCTTTGACTTAAAAATTCCATCTGCACTATCTACATCATATAACTTCAATATTTTTCTAATCTTCATAATCATATGATAAATTTCTTCTTCCGTTTTACCCTTAGCAATATGATCTATTACAGTTCCATTTTCTATAGGTTTAATTCCTCTTTTCCCTTCCTTTTGCACTCCATGCGTTCCATCAACAATAGGAGCTTTCACAACAAAATCCTCCTTTATTTCTTTTACGCTTTTCGAAGTATCAAAATCTGCTTTCAATGCTCCACCAAACATTGACAATAAAATTATTCGTGTCCAGTATCCGTTAATTGCCTGTCTTTCCCAACCATTTAATGGCAAATCATCTAAAAATGTTGGAATAGTAGGATAAAGTTTATGTCTTGGAAGAGGATGATAAAACTTAATATTATCAGGAATTTTTTCAAGGTAGGATTTCTGGAAAGTAACTGCTTTTCTTAAAATATGCTCTTTTTCTAAAATATCTTCACCCATTCTTTCTAATTGCAAACGTGTAAAATACCATATATTTGCAACGTCACCATGTTTTAAATACGAATCTATAGACTCAAATATTCTTACTTCAAAACCATTTTCTTTCATCTGGGAAATATAATGTGAAGGCATAGAAATTTCCTGCGGAGCAATAAGGTCAACCTTAACATTTTTGAAGATTTTTAATCCATTGACCTTGGAGTGTACTGTTCTACCATGGAGAAGATCGCCAACAAGCGCAATATGAATAAAGGAGTTATCGAAGTTATTTTGTTCAAGGAAGGTAAATTCGTCGAGGAGTTCTTGAGTGGGGTGTTCGTGTTTTCCATCACCGGCATTAATAAAAGAAGGAATAGGAAGGCCATTTCTAAGTGCAAATTTTGAAACAGATTGTTCTAAATATCTACATGTTCCTTCAAGTTTAGAACGTATCACAAAAATGGAATAATCACTGTAACCGGTTAGCATATTAAATGTATCTAAATAGCTTTCTTTCTTATTAAACGAGGAATGATTGGAATCAAAGATAGTAACTTTAGCTTTTTTGTGGAATTTTGCAGCATTAATGAAGGATTCTTTAGTGCGGGTACTTGGTTCTATAAAAACAATATAAATACCAACATTCTTATTAATCATAAATTCGGATAAATCCTGTTTCTCAAGCCATTTTTTCTTTAATTGTTTTGTTTTTTCATAAAGGAAAAGTTGTTCCTGAATAGAAAGATCGTTAATAACCGCAAGTGTTCTTCCAAGAAAATCGTGTTTCACGTTTTCCATACATCCA
NZ_CP009471.1_gap10	446706	448130	1424	AGTTCATTATAATTCCTTCCTTCTGGAATATTTTCAAAGGTTACACTTATTCCTTTTTGATGCAGATTATTTATTTCATTATTTATATTTTGACCATGTTCGCTATTAGGATTTTCCAGAAAATTTTCTTTAACTTCTTTTGTTATAAAGAATTTTATTTCAACATCATTTCCTCTTTCTTTTTCTAAATATGCATTAGCTAAAGGGCTTAAATAACTTTTAGCTTTTTTGTTTTCAGCTTCTAATCTATAATATAATGATTCATTATATCTTCCTTTTCCAAGAAAAGATAATAATAATATTTTTTCCATAAATTGCCTCCTATATAAGTTCTAATAGATTTTTGCATTTATAGTCTTGATATTTTTGCATTATTTTCTCATATTCTCTTTCATATTTATCATGATCTAACCATATATAGTATAAATTTAATTTATTTTCATCTGTATCCCAAACAGCTCTAAAAATATTTCCGGTAATTGATTTATATAAATAAGGTTTATTAAATCTTTTTCCTTCCCAGGATTTGTTATGCATTAATTCTCCTTTATAAGAATTGTTATTACTTTTAAATAATTTTATTTTTCGTATAAGCTCAAAAATTTGAGTTTTTACAAATTTTCTTTTATCATTATCAAGTTTATCCCACATTTCTTTTAATTCATCTGAAATAAATATTTCAGTTGTAAGAATATTTTTAAATAAAAATAATCCAAAGGCATTTAAAACAACTACTCCATCAATGGTATCAAAAAAGTATGTATGATTATCAATAAACTCTTGTTCCATTTTTGATAAAGAATTATATTTAATTTCTGATTCCTGAATTTCTTTTATTAAGTATAAATAATCTATAGATTCTTCAATATCAAACTTTATAGGGATTGGAGGAACTTCCTGAAATACAGAACCTTCTTCATATAAATATCCCATTTTATAACCATAAAATGAACCAGCTACATATCCTAAATAAGACATAACTTTATATCCAGGTGTTGGCGAGAAAAAGGTGTTATAAATATTTCCTTTTTGTAATTCAGTTACAAGAATATCCATAAATTCACCATATTGTTTATTTAATTTTATTCTATCATTTATATCAAAATCTACACCTTTTAAAATCACATTTGCATTAAAATCTTTTCTAAATATATATTCATTTAATTTTGCAGAGATAATACCTTCTTTAGTGTTTGTATGAATAATGGATATATCAGGATTATTTGCTAATTTATTCATTTCTTTTAAAGTATGTACTAAAGAATATTCAACACTAACTTTTTTAGGATCACTTTTTGAGTTTTGAAAGGCGACTTTTACTTTTTCTATCCATTTTTCAACATCTTCACTTTTTAAATTTTTAACGTGTTCGATATTATTATCTTCAATAAATTTTCCTAATAAATTAAATTTGCCTAAAATTG
NZ_CP009471.1_gap11	451504	453725	2221	TATACGTTTTTTCAGGCTCTTTTAAATTTCTCATACTCTTATATTTTATCCCATATAATTCTTTACCGTTTAAATTAAAAGTAAATGTTTCATCTATTTCGCCTTTATAAAATTCTTTTGTGATATCATTTTGTTTTATTATTGCAGGCATTCTAAAGTATATGTTACTTTCACTATCGGTTAAAAATGGACCTATAATTTTCAGTTTTTTATCTTTTATTATTTGTTCTATTTCTTCCTGGGTTAAATTTTTCTTTCTCATATATGCTGTCATTATTGCACCATAAAATGTTTTTGGATTAGGAAATATTGTTTCCTCAGCGTGAGAAAAAGTTTTTGATTTTCTAAAACCAACCCAATCCACTGGTTTAATAAACAATGTTTTAATTTTTTTCATATATATTCTCCCTTCTTGCATATTCTATATTTTCAAGGGTATTGAAATATTCCATTAATTTATTTCCAGTAAGGAATCTTTCATTAAGTGTAATTAATTTTACAAATGAATTTTTTAATTTATCTTTTTTTATTTCCATTCTTTTTTCAAGAAATGGTATAATATTATTTTTAAAATCTTCAATGGTTAAAATTTCGTTTCCAAATTCATCAAAACAATAATTTATATATTCAGATTTTAAACGTAAAATTATATTTTTAATGGATTTTTCTTTTTCAAAATCTTTTATAAATTCTAAACCTTTTAAAAGAATATCAAATCTATTCAATTCCCAAAAACTTTTTGATATATTTATTTGTCCGCTTCTTCTTATTGTAGCTATTGCAAAACTATCTTTTTTTCTACCACTTTTTTCTTCATTAGATTTAGCAAGTTTTTCCATTTCTCGAGCCTTGTTAAGTGCAAGTTTTAAATTAAAATTATGTTTCGATATAACAATTCCAGCACTCATTGTTGCCTGTTTTCCCATCATATTAAATACAGGATATTCCAGATTTTTTTCTTTTTTATAGCACCAGCCATTTTTGAATACATATTCTCCAACTTTTTCTTCACCAATTCCAGAATAAACTTTTCTCAATTTATTAGCAGCATCAAAAACTTTATTAGAAGGGAAAAGAGCTAGCACATCATCTCCGCCAGCATATATTAATAATCCATCAAATTCTTCCACCACTTTTGGTACAAAATTTGAAAAATTATTTAAAGTTCTACTAATCATCCTCTGATATGATGGAGTTACAAGATTTATATTTTCCAATAGTTTTGTGTATTCTTTGTCTTCTCTTTCTAATTCTTTTATAACTTTTGAATGTAGTCTTTTTTTAAATGATGGAGCTAATGTTCCCGATATCCATTTTCCCATATTATCTCCATCCATCAATAATACTGCAAGTTTATATTTTCCTGCTATTTCTTCAGTTGATTTTACATATTTTAATTTTTCATAAGCTTCTTTGTATCCAATTTCATTTAGATATTCAACAAATAATCTCTTTATTGCTGAAAGTGCCGATAATCTTTCCTTTTTTTCATCTTTGTCTATGATTTCGATTACTGCTTTATTTGCTCCGCTTAAATCGTCACCATTTACAACATCATCTTCAAATAGTTGAATAAAATCACGTGTAGTTTTTCTTAGAGAACTTTTTATACCCAATAATTCACTATACATTCCATAAAAAGCTATATCTTTCATTTGATATGTTGATTCAAGTTGTTTCATTTTTTGATATAATTTTTTAATATTTTCATCTTCTGTATAAATATAATGTTTTTCAATATATTTTTCAATGTTATTAATTTCTTGATCAACTGTAATTATTATTGGGAATTGAGAAATTTGTTTATCCCAGTTTTTGAATGCTTCAAGTTTTTGAAAAATTGTTTCTTTATATTTTTTTTCTGATTGAATTAAATCTTCAATATATATTTTTATAAATTGACTTATATTTGACATTTCATCTTTTATTGCTTTTTTGATTTTGCTCTTTATTTTTTCTAGATCTTTTGTTGGAACAATGGCAGTGAAAATATTAGGAAGTGAAGCAACGCCAGGATCAGCAGATGTTTCAACGAATATACCGATTTTTTCGAATTCTTTTTTCACAAAATAATTGCCTCTCATGTATGGGAATATTACATTGTCATATCCATACTCTTCACCTATTACTTTTATTCCTTGGAAGGTTAAATAGGATAACATATAACTTCCAACTTTTAAATCTATAGTTTTTCTTGCAGCCGCTATGAACTCTTGAACAG
NZ_CP009471.1_gap12	570939	574306	3367	ATCCCGTAGATGGTGGCATATAACCATAGAAATAATTGAAATATTTATCGCATATATAAATATTAACCTTATCTTTCTTTCTATATTTAAATAATTTAGATTTATCTACTAAATCAACATTTTCAAACATCTTTATAGCTCTAAATTTAGAAATTGTTTTCTTTTCAAAAGGGAGATCTTCCTTTACATATTCTAACATTTTTTCTTTTAACATTTCAAGTTTTTTCTGTGAAGGTTTTCCACTTCTTAATTCACAGTATAAGCCGCTTCCTATACTATGATGAACATATAATTTATCTTCTGGATAAAGATCCTTTAATGCCATATACAATAAAAATAATACACCTCTTTGGTAAATTCTAAATCCATCAAGCGTAGAAGTATCCAAAAGTACTATTTCTCCAGAATCCTCTATTTCTTTAAGCAACTCTTTTATATTATTATTATGTTTTACTGCAAGAATTTTAAAAGGATGTTCCTTTTGAATCTTTCTAATAATTTCTATATACTTTGTTCCTTTCTCTGCATATAAAATTTTATCTTTTATCTTCAATTCGTATCTCATAAAAATACCTCCTCCATTTTTTATTTTTTCGTAATAATCTTATTTAAATCCAGAAACATATTGGTGTTGACAAAATCAAAAATTATGATATAATAAGTATTGTGATTGGGGCGTGGCCAAGCGGTAAGGCGGCGGATTTTGGCTCCGTTATTCGGTGGTTCGAATCCATCCGCCCCAGCCAGAGCCGGCGAAAGCCGGCTTTTTTTATATCTAAACTCCAAAATTTGACGATATTAATTATATCATAAATTTTAAAAATTTGATAATTGGAGATGAGGAAATGGACCTCTTACAATTAAAATATTTCAGGGAATTGGCATACTCCCAGCACATGACTGAATTATCAGAAAAACTACATATCTCTCAGCCATCTTTAAGTATTACTATTTCAAAACTCGAAGAAGAATTGGGAGTAAAATTATTTGATAGAATTGGTAGAAGAATTGTTTTAAATGAATATGGGAAAATTTTTTTAAAACACGTTGATACTATATTTAATGAACTGGAATATGCCAGAGAAGAAATTAAAGAAGCAAAAAAAGCCTGTCATAAAAAGGTAATTTTAGCAACCACCGGAACCATATTTTTATCAAATTTCATTATTGAGTTTTTAGAAAAAAATAAGGATATTAACTTAAAACAATTTATTTCAAATAATGAAGAGGCTATTGAGCTGTTAGAAAAAGGGGAAATAGATTTTGCAATTACTTATCCTCCACTGAAATCCGAAAACATAGAAACTGTTATATTATTTGAAGATGAAATAATGCTTGTAATTCCAGAAAATCATCGTTTTTCTAAAAATAGGGAAATAAGTCTATATGAATTAAAAGATGAAAAATTTATAAATCTTGTAGATCATTATGACTTTAGAAAAGTAACCGATGAAATTTATAAAAAAGCAGGTTTTACACCTAATATCGTTTTTGAGGGTGAATTATCTTTATTAGAAAAATTAATGAAATCAGGTGTTGGAGTTGCCCTTGTTCCAAAATCCATAGTTGAATTATATTCAGACTTCCCTGCAAAAACATTAAAACTCAAAGAACCAAAATTTAAATGGACAATAGGATTTTCATGGTTAAAAAATAAATATATGGTTGATACATTGAAAATATTTAAAGATTGTGTATTTAAATATTATAATATAAAATAAGGCTGTCCCATACGGACAGCCTTATTTTAAAAACTCTGGATCTAAATATTCTGGATTTGGATATTTATAGAACCCTTCGCCTGTACTTACTCCTAATTTATTCTTATCAATAAACATTTCCTTTATTTTTTCTGCACGTTTTAAAATTTTTTCATCCTGTAATTTTTCACCACGCATTTTTATTATATTATAAAGTGTGTTCATTCCTATTAAATCAATAATTCCAAATGGTCCAAACTTAGAGCCGGTACTTATCATCCAGGTTTTATCTATACTTTTATAATCCGCTACTCCATCAAAATACAATGTTTCAGCTGCATGTAATAAAGGTACAAGAAGCGAATTTAAAACATATCCACTTTGTTCTTTTTTCAATGGAATTGGGACCATTCCAATGGCTTTAGCAAATTCAACTACCGTATCAAAAACTTCTTTTGATGTTTTTTCATGACCCATAACCTCTCCAATATTTGCTTCCCAAACCGGATTGGCAAAATGTAAAGCAAGAAATTTTTCTGGCCTTCCTGTAAAGTTCACTAATTGTGAAGGCAACATAGTTGAAGAGTTGGTTGTAAAAATAGTCTTTTCTGGTGCAACAGCAGCAAGTTTTTGATAAATATCCTTTTTTATTTCATATACTTCTGGAACAGATTCACTAATAAGATCAGCTTCCTTTACTGCTTCATTAAGATCAGTAGTATATTTTAATCTTGAAAAGGTTGCTTCAATTTCTTCTGAAGTTGCCCCTTTATTTTTTAGAAAATATTGTGCATATCCTTTATGAAAATTTTTTGATTTCTCTAAAGCATCTTCATTAATATCATAAACAATTACATCAAATCCCTTATATGCTACCTGCCAAGCTATTTGGGAACCTAAAACACCTCCACCAATAATAGTTACATTTTTTATATCCATAATTATCTTCCCCCTTACTTTAGAATTTTAAATATTTCTAATATTCTCATATTCTTAATTATATTACACAATTGCAAAGAAATCTAATACAAAAATATATATATGTATATAAATATTAATTTATATATTCAAAATTCATCACATAAAATTTTGTTACATTTTTAATACAATTTTGTGGATATTTTGATGATTTTTTTATTTAATATAATAGTAGAATGTTATTTCATATTCTACATAAGGGGGTATTACTGATGAAAAGATTGATGTTAGTATTATTTTTGATTTTCGCTTTAACTGTTTCATTTGCTGAACTGATTATTTATAGTAGTGTTGATGAGGCAAATGCAAGAAAAATCTTAAACGCATTTTCCAGAGAAACAGGCATTACAGTAAAATATATATTCCTTTCTTCTGGACCTGCATTAGCAAGACTTGAAGCAGAAAAAAAGAATCCACAGGCAGACGTATGGTTTGGAGCTCCAATGCCAAATCATATTATTGCAAAAGAAAGAGGGCTTACAGAAGCTTATAAAACAACCAGCATTTATGGAATAGCTCCAAATTTCTATGATATCGAAGGTTATTATCACGCATTCTATATGAATCCTCTTGGTATTGGAATTAATTTAAAGGTTTTGGAACAGATAAAGGCAGATATGCCAAAAAGCTGGCAGGATTTATTAAAGCCAGAATATAGAAATATGATTCAATATCCAAGTCCTCAGACT
NZ_CP009471.1_gap13	597712	601234	3522	TTATTAATATCTGTACTCCAATATTCTCCAACTGTAAATAATTCTTTTCCTAATACATTTCTCATATAATCCAGCCAATCATTAAAAAAACTAAATTTTATGTGTTTTACAGCATCTAATCTAAATCCATCAATTTTTGTAAAATTAACATACCATTTACCCCATTTTTTAAGTTCTTGTACAACTTCAGGATGATCCATATCAAGATCTGCACCCATTAAATAATCATAATTAAAATTTTCATCATCCACTTCCCAATCCCATGCCTTTCCAATTCCATTAAACCTGAATATAGCTTTTTCACCAGTGTTTTGATCCCAATCTACACCATCAAAATGATACCATCTCCATTTAAAATCTGAATATTTATTATTTCGTCCTGGAAAATTAAAAAGTGTCCATGCTTTTATTGTTTTATTTTCAATTTCAATATTCCTATTATTCCATGAAACTTTTGTTGCATTAACCCATTCTGTATTATCTGCTCCCATTTTATGATTAAATACAATATCGCCATAAACCTGTATATTATATAAATGGGCATTTTCAATTAATTTTAAATATTGTTCTTTCGTTCCGTATTTTGTTGAAATAGTACCTTTTTGATTGAATTCTCCAAGATCATACAAATCATAGACTCCATACCCCACATCACTTTTTCCTGCCTGCCCTTTATATGCTGGTGGAAGCCATAATGCCGTTATCCCCATTAAGGCTAAATCTGGAATTTTTTTTGATAACTCTACCCATAATCCGCTTTTGGTTTTCTCATTATATTCTGGCAAATACCATTGAAAGGCCTGTAGCATTACACCATTTACAGCTTTTATATATTTTTCAACTTTTATATAATGAGTATCATCATAAAAAGTTATTTTATAAGTGGTGTAAGGTTCAACTTCATAATCATTAGCGGGATAACTTTCTTTCCAATCACCAAAATGATCTATCTTAAATCTTGGTTTTCCATAACCATCTCCATTATTAAATTTAATTATAATTTGCCATGTATGAGGACCTATTTTAGACATATGAGTAATTCCCCAATTGTTTGGTGTGCCTCTAAAATATGCATTCCCCCATTCACTTTTAACTTCTTTTAAAATTTGTTTCTTTTCATGATATGATGTTTTCAGAGTTTGGTTAACACATCCATTTAAAATGAAAAAAAAAGATAAAAAAAACATAAAAACAAAAGTTACCACTAACTTTTTCATTTTTCCTCTCCTTTCATAAAAGATGTTATTTTTTTTTAAGTATAGAAATTATATAATTCTTAGTTTAATTTTAAAAAGATAGAAAATAAAAGTTAATATACAAAAATTAAAAATATCACCTTATAATCAATAATAAAAACAAATAATACATCATAATAATAAAAAACTCTAATGCAGGTATTAAATATAATAAATACCCACATTAGAGAAAAGTAATTAAATTTATTACTGTATTAAATTTCTTATAGCTACATTCAATGTTGTTGTTAATGATAAGGTTAAATTATATTTATTTAATTCTGGAGAATAGAATCCTGCAAATTCAAAATTTAAAGGAATCATTGAATCGGTTAAGAAATAAAGTTTTGGCGATAATACAATTGATGTCCCTAATAAATTCTTTTCATCGGTATATTTATATAAAGCATTCAATGATATATTTACATTACCTAAAGAAAATAGATTATATACATTTAAACGATTTTCAGCATAAAAAGTCTGATGAAACAATTCAACATCCAATCCATAATAATATTTAACCTTGCTAAATTCAAAAGTAAATGTATTTGGAAATTCTTCATCAAATATTACTTCCCTGCCATTAAGCGCATTAAACATCTCAGCATTTGAATATGCAGCTTCTATACTGAAAGAATTAAAAAACTTTGAATAATTATCAAAGAAATATGCTGCATTTCCAATAATTCCATAATTATATTCATTATCTTCATTCATAAAATAATAACTACCATTTGTATATAATCCTGAATTAAATAATTCAGAAACTTCAAATCCAGTATATACATAATAATTTTCTAAATCAAAAAGTTTTAAACCACCATAAAAAGCTTTATTCCCTGTTAATATTTTTGAAGGTAATCCTATATCAAGTTTTTGAGATAATGCAAATAATAAATCAACATTAAATTCCTGAAATTTATTAATATAATCAAATGAAAAGTCCGATGAAAGTGAAAGCCATGGTGACGGATTGTATTTACCAATAAAATAAATACCTTCATATATTAGTTTTTTATCAAACCATGAATAGAAATCTTTTGGTTTTTTCATTAATGAAAAATATCCTACACCTAAAGAATAATATGGATATGCTTCAAATGCTAAATAAGCCGTACTTTTTGATTCTAAAATATTTATTGGTTCATAATCTGTTTCAAAATTTATAGAATACGAATCATAATCTGAATAATTTGAATTTTCAGGAATTAAATTTGATTTTATTATTACAGGATAATGATTGTTTCTTCTATTCACATCAAATGTATGCATATCAGGATCAATATCTATTCTTTTTATATTGGAAATATCGTATTTTAATACGGTACTATCTGTTGTTACAAAATCTATTGTAGCCTCTTTAGTTATAACCTGAACTCTAACTGGAACATGCTTATTATCTAAATCTATAACGAAATGATTATCCTGATATTTTATTGATGGATCGAAATTCTCTTTACTTTCAAATAAATCATATACAATTTCTTTTTTAACTCCATTCTTTATAAGAAATTCATAAAATTCTTCCTCTGAAGGATCTTTCTCATTATATTGTTTATAATACTTCGCAAGTAGTTCTGTGAATTTCTTTCTGGTTAATAGTTCTTCTAAAGAAAATAATGCTCTTTTTCCTTTTATATAATAAATTGAGGAAGCAAAGTTATATGGAATTTCATCAATGTTATCAGAAACTGCATTTTCTATATCAAAATACTCTAAATAAAATATACTTTTTTGATCCATTTCTGAAAATGTTTTGGGCATATTTTTAACAAGAGATTCTGTTAAAAAATCTGGCAAATAAAAGTTCATTAATGGATCATTATCATACTTTTCAAACATGGAAATATGCGCAGAATAATCTGCAAAAGCCTCACTCATGAAATTATTGTCAAAAAAATCAACGCCAACACCTATTCCAAACCAGAGATGTGCCAATTCATGTGATACTACATAAAATGTAAGTGGCTCAGTCAATCCCGGCAATAATAAATCTGCTGTGGTAAAAAATCCATCCCCAAGCAAAAACATTCCATCTGCTGCCATTCCATACATTCCCGGATATGGATCCTGAACTACATTTATATGAGAATACTTTAATTTCCCATAATTTTCTGTATGTATTTCAAGCGCTTTTATTACATGCGTTGCCATTACAGCAGCTCTTTGTTCCTGGCCTTTTTTATACCAGATAGAAATTTCATAATCTCTGGCTTTAAGCTTTAATTCATTATAAACGTTTTTTTTCACAAACACTATTGGAAAAGAACGAAATTTTCCTTCTGAA
NZ_CP009471.1_gap14	756922	758681	1759	TAATTTCGTTATTTATCTCTTTTATTTGTATTTCACCTTTATTGAACAAATTAAGAAATTCATTTGCAACATTTTCATTGGTGCTTTCAATTATTTTCAAAGTGGTTGCTTCATATTTTTTGTTGTAATATAATTGAACAATTAAAAAGTCATTTTCCTTTTTTAAATAATAGACTTCCTGATATTGAAAATGTTTTACCCCAATTATCTGAAATCCCTCATTTGATATCATATTTCTAAATTCTTCGTATATATGCTTTGTTCCTTCGTCTTTAAAATATAAAGTATATTCAATTTTTATATTTTTCGAAATTTTATAATCCGTTAAAACCTTTATTTTATTCCAGTATCCACTTCTAAATGCAGGGATATTCTTTAAATATACCTTCTTTTTTGAACGCGTTATTGAAGTATATAACCATCTAAAGTATTCTTCAGTTTTATAATTATTATAATAGCGGCAATCTACATATACTGTATCCCATTCTCCTCCCTGAGCTTTATGAACTGTAACAGCATATCCATACTTCATATGCAGGGCATTAAAGTAAGGATTGCTTTTCAATTTTTCAATGATATCAAAATTAATATTCTTTACATCATCACCCAATATATATTTATATAATGCATAATACGTTAAATTATCAACGCTTAATTCTTTTGCTTTTAATGCATTTCCTAAAATCCAGACATCATATGTTTTTTCTTTTGAGTTTATTTTTTTTAGAGAAAGCTTATACAATTCAATTGGTATCACAAATTTATTCTTTATCTCCACATTCTCAGAAATATAATCATATATCTTAACAACTTCAAAAAACTCGCCATTAAAAACCTTGCCAAAAAATTTTGAATTCTTTGTATTTAATAGAATATCACCAATTTCAATATCTCTGAAATATCCCAATTTTTTTCTAATTATTTTATTATATTCAAGCGCTATTTTATTAGTTGAACATAAGATAATTTTATCCTTTAAATTTCCATTATTTTCCATATAATTTTCTATTATATTATCTTCTCTAAGAAAGTCATTTTCAAATACAAAATCTAAAAAATAATAGTTTTTTCTTTTTATTTTTTCCTTTAATATATTTGAATTCTTTAAAATTCCACTCTCTTTTTCCTGCCTAACAACATCTTCAAGGAATACCTTATTTCCTTTCAAATTAAATTGTTTTTCTAAATATACTCTATTTAAAGCTGGAGAAAATGATGAATTGACTGGAGGTAGTTGATTTTCATCACCTAAAAAAATAATTTTGTTATTTGAACCGTAATTAAACACATAAGATATTAAGTCTGTTAATAATTTTCCGCTTCCAAAAACTAAATGCCCATCATCTATTCCTTTTGAATCAGAAATCATAGAACTTTCATCTACTATAAAAATCATATCTTCTTTCCAATCTTCCTTTAAATTAAAAAACACCTGAAATATATCTTCTTCAAAATTAATTCTTTCATGACTAAAATCATATATAACACTATGAATAGTATATGATTGAAAGCCTGATTTATTCGATAATATATCAGCAGCCCTTCCAGTTGGCGCCAAAAAAACAAAATCTTTATTCTTTCTTTTTAAATATCGTGCAAATTGAGAGATTAAAAATGTCTTACCTGTTCCGGCACTTCCCTGAACAATAAGAAAATCCTTTTGATTATATAAAAATTTATCCAATTCTTCTGCAACAAAACTCTGGTCTTTTGTTAAGTCAAAATCATATAAAAAATCTATAAACATTATTATCACCTG
NZ_CP009471.1_gap15	771899	773339	1440	CTTCTATTGTTACCTCATCTGGTTTAACTTCACCCATTATTTCTCCTTCATACATAACAATTATTCTATCAGAAAGAGATAATACTTCTTCAAGTTCCATTGAAACAAGTAATACAGCAACATCTTTTTCTCTGAGATTCAAGATTTCTTTATGAACATATTCAATAGCTCCAACATCAAGACCTCTTGTAGGTTGAGCAATAACTATAAATTCCGGATTAAAGCTAACCTCTCTTGCAATAACAACCTTTTGCTGATTACCTCCTGAAAGATTTCCTGTTGGTATTGTTCTATCTGGTGGCCTTACGTCAAATCTTTTTACAAGAATATCTGCATTCTTATAAATTACATCATGGTTTAAAAATCCATTCTTTGCAAATGGTTCTTTATAATGCTTCCCAAGAATCATATTGTAATAATTTGGAAATTCCTTAACCATAGCATATTTAAATCTATCTTCTGGAATATGACCAATATTTCTTTCTCTTAATTCTCTAACGGTTTTCTTTGAAACATCCTCACCTTTATATAAGTATTTTCCATTTTCTATTTTTCTAAGCCCTGTTAAAGCTTCTACAAGCTCTGTTTGACCATTACCTGCAACACCAGCAACTCCAAGAACTTCACCTTTTCTTATTTTAAATGATACACCTCTAACTGCATCTAAACCTCTATTATCCTTTATCCATAAATCTTCAACTTCAACAATGGTGTCTCCAGGTTCCTTTTCAGATTTTTCTACTCTTAAAACAACTTCTCTACCAACCATCATATTAGCAAGTTCTCTTGCATTTGTATCTTTAGCTGCAACATGCCCTGTAACTTTACCCAATCTCATAACAGTAATATTATCACTAATTTCCATAACTTCGTGTAATTTATGAGAAATAAAAATAATTGTTTTTCCATCTTCACGAAGTTTATTGATAATTTCAAATAATTCTTTTGTTTCCTGTGGAGTCAAAACTGCTGTAGGTTCATCAAGAATTAAGATTTCAGCACCTCTATAAATGGTTTTTAAAATCTCAACTCTCTGTTGCATACCTACTGGTATATCCTCGATTTTTGCATCAACATCTACAAACAAACCGTATTTTTCTGAAAGTTCTTTAACTTCCTTTCTGGCCTTTTTTAAATCAAATGTCATTCCTCTTTTTGGTTCAGAACCAAGAACTATATTTTCTGCAACTGTTAATGTATCCACAAGCATAAAATGCTGGTGAACCATACCAATACCAGCTTTTATGGCATCACCTGGACCTTTAAACACCTTTTTTTCACCAAAAATATAAATATCTCCGGATGTTGGTGTATAAAGTCCATAAAGCTGGTTCATCAATGTTGATTTTCCTGCACCGTTTTCACCGATTATAGAATGAACCTCTCCCTTTTTCACTAAAAAATTAACATGATCGTTTGCGAGAACTTTAGGGAAACGCT
NZ_CP009471.1_gap16	778543	781104	2561	CAAAATTGTAGAAGCTTTAGATGCTGGACCAATTGCTCTAATGAGAGAAATACCTATATTACTTGAAGATAATCTTGAAAGTGTTTATGAAAAATTGGAAAAGCTTGGTATTGATGCTTTAATTGATTTTTTAAATAATTTCGAAAATTATACACAAAACCTTACACCTCAAAACGATGCAGAAGCGACATATGCACATAAAATCACCAATGAAGATACATATATAAATTGGTATGAAAATAATATGATTGTTTTCAACAAAATAAGAGCGTATGATCCCATTCCAGGAGCAAAAACTTTATTTAATGATGAAATAATAAAATTATTTAATGTATTACCACATAATAACAACAAAAATGATTTACCCGGAAAAATTCTTAACATCGACAAAAACGGTGCTGAAATTGCTACCGGTTCAGGAACAATTTATGTAAAAAAAATTCAATTTCCCGGAAAAAAACCCATAAATTTCTATGATGCATATAATGGAAGAAAAATAAATATAGGGGATACACTAAAAAATATAACAAAAGGAGAGTGATAACATGGCAGAAACATTTAACATGTACATGATAAAAGGTTTTAGAAATGAAAAAGATGCAGAAGTTATAAAGGAAATTCTCGAAAGTATTGATGGAATAAAGAAATTCAAAATTGAACCTGCATTTGGAGCAGTTGAACTCACATATGATGATGAAATTGTTACAAGAGAGCAAATCAGCCAAAAATTAAAAACAAAAGGTTTCGAACTAAAATATTAAAATAAGCTGTTAATCATGAAAAAGTATTTATATGGATTTTTATTTGCTTTCATTACATCTATTACATTATATATATTAATCTCAGGTTTTACAGGCTTTTATGAAAATATAAAAGCCTTTGCTTTTTTTAACTGGAAATTTTTATTAATCGCATTGTTAGTTATTATATTAAAATGGTTTATTGAAAGCTTTATAATAAAAATATTATTAAAAGATATTTCAATAAAACATGCTTTAAATTTTACATTGATAGGTCAATTTTATAGCTATTTAACTCCATTTTATACTGGAGGCCAACCTATTCAAATTTTATACATCTCAAGATTCGGAATAGATCCTGCAAGAGCTACAGCTATTATATTATTCAAAACATTTTTATTTCAAATTATTCTGGCCTCTTTTGGAGTTTTTTCAACCATATACTCCATACTCTATTTAAATATAGATGTTATAATTGCCTCTATAATTGGGACGTTATTAAATTTACTGGCTGTATTTTTAATAATATTTTATATAATTAACCAAAACGCTTCAATAAAAACAACACTATACTTTGCAAACCTTCTTAAAAAAATTGGTTTATTAAAAAATCCAGAAAAATATATAGATACAATAATAGAAAAGGTTAAAACATTCATACTAATATTCAAAGAAGAAGCTAAAAACTTCAAAAAAATAACTTTAATTGTATTCTTAAGTATTCTCCAATTTTCCTGTTCTTTCATGGTTTTACCAATTATACTCCAAGGATACGGAATAAACATCTCTTTAAATACAATCTCGCGTTCTATTATCACACAGATTAGTTCATCAATAATCCCAACACCGGGAACCGCTGGTGGTGCAGAAGGAATATTCTTATTATTATTCAAAGATATACTTAATATTCATAAATTAAATGCCACAATTGTATTATGGCGATTTAGTATTTATTATTTCGTTTTATTAATTGGTGGAATAGTCGTTCTATTAAATCACAAAAACAGCATAATGAAAAAAATAAAAAAACCGGCTGAGTAATCAGCCGGTTTTTTGGTGCCGAGGGCGGGACTTGAACCCGCACGGGATAAACTCCCACATGGCCCTCAACCATGCGTGTCTGCCGATTCCACCACCTCGGCAGGCGTCAGCAAAACCGTATAGATTATACAATAACTTATAGAATTTGTCAAGCACTTTTTTATTAAAATTCTTTTACCTTATTCTTTCAAACACCTATTTTTCGAAATTAATAATTTAGTATTGGTTTATTAACCTAACATTATTCTACTTATTCAAAAGTAAATTACTATTGATAAATTACGCCTGTATTATATTTTACATAGAAGCATAAAAAGAAATTTTTACATTTTGTATTTGTAAAATAAATATAACTTCAAAATAATGTATATATTTTTGTATTATTATATATATAGACCTACTAATGGGAGGTGTATATATGGACTATCAGAAGAAGAACATAAACATCTTATCTCAATACGATTTTCTTAAAACATTAAAAGATATTGAAAATGAAGAAGTTTTAAAGGATTTTACTAAAAAAAGATTCTTTAATTCCATAGAAAATGCAAATAAGGAGTCAGAATCAGATAAAATAAAATCAAAAGGGTGAAAACGTGATTTATGATATAGATACCCCATTAATAACCGCAAAAAACTTTTCATTATATATGAATAATAAAGAAGTGCTAAAAGCTATAGATATTGAATTATATCCAAATGATTCTGTTTTAATATATGGCGAGAGAAATTCTGGAAAATCCTCTCTTTTAAGAGCTTTTGTACATTTAAACGAGGAAT
NZ_CP009471.1_gap17	784798	787855	3057	ATTTCTCCATTACTCGATCTTTCTTTTTCCACTTTAGATTCTGCTGTAAGTCCTACAAAATCAATTGTTATAGACGATACAAAATATAATTGGGATGATGATATACGCCCAAATATACCCTTTAAAGATTTAATAATATACGAAATGAACGTTAGATTATTTACAATGAATCCAAATTCAAAAGTTAAAAACCCAGGAACATTTAAAGGTATTCTTGAAAAATTAGATCATTTAAAAGAATTGGGAGTTAATGCTATTGAATTAATGCCTGTTTTTGAATTTAATCCAGATTCCATCGCCAGAACCAATCCAATAACTGGTGAAAGATTAAAAGATGTGTGGGGATATAATCCTCTTGCTTTTTTTGCAGTAACTGGAAATTATTCCACAGGAATAAAAATAGGAGAACAGGTTTTTGAATTCAAAGATTTTGTAAAAAAACTTCATAAAGAAGGCTTTGAAATTATTCTTGATGTTGTTTATAATCACACAGGAGAAGGAAATGAACAGGGACCAACTCTTTCATTTCGTGGAATTGATAATGAAATATATTATGTTCTAAATAAAAATAATAAAAGGTATTATGAAAATTATTCCGGTTGTGGAAACACATTAAATTGCAATCATCCAGCTGTAAAAAATCTAATTATAGATAGTTTAAGATATTGGGTTACAGAAATGCATATAGACGGATTTAGATTTGACCTGGCTGCAATATTGGGAAGAGACCAAAACGGCAATTGGATTGGTGATCTCTCATTATTAAAAGATATTGCAGAAGATCCGATTATTTCAGGAACAAAACTTATTGCAGAAGGCTGGGATGCCGCAGGAGGATACTTTTTAGGCGCATTTCCTGAAGGCTGGGCTGAATGGAATGGAAAATTCAGAGATGTAGTAAGAAAATTTGTGCGAGGTGATGAAGGCCAGGTCGGAGAAATAGCCTGTAGAATTGCAGGAAGTGAGGATTTATATGGAAACAAATCCCCTGTAGTAAGTGTTAATTTCATTACATCACATGACGGTTTTACATTATGGGATCTTGTTTCTTATAATGAAAAACACAATGAAGAAAATGGCGAAAATAACAGAGATGGAGCCAACGACAATTATAGTTATAATTATGGTGTAGAAGGCGAAACAGATGATATCAATATCATAAATTTACGAAAAAAGCAAATTAAAAATTTTTTCACCATATTAATGCTCTCTCAGGGAACACCTATGATATATATGGGTGATGAATTCTGTAGAACTCAATACGGAAATAATAATGCCTATTGTCAGGATACAATAAAAAACTGGGTTGATTGGAGTAGAAAAGAAAAATTTAATGATATATATCGATTTCTAAAATTATTAATAACTTTTAGAAAAAAACATCATACACTTAGAAGAGAACATTTCTTCACAGGTAGAGATTATACAGGTGATGGAATTCCAGATATAACATGGCATGGTGTAAAATTATTTAATCCTGACTTTTCATACTTTTCCAGAAGTCTTGCTTTTATGATTAGCGGTTCTGATTATAATGATCCAGATACCCCTGAAGACAATGATATATATGTAGCCATGAATTTTTACACCGATACATTAAACTTTGAACTTCCAAAACTTCAAAATAAACAGTGGTATAGAATAATCGATACAAACCTGAATAGTCCTGATGACTTTTTAGAAATACCGGAAATTTACAACGAACAGTTTTATCCAGTTTCACCAAAAAGCATAATTGTATTAATTTCACAAAAAGATTAATCTGAGTTTTTTCTTTTAAAAATTACCGATACTTTTCACATATAACAAAATCATACCTATTTACATATTCCAATTAAATTTTATTGTCAATTTTTTCGATTTTTGTGGTAAAATATAAGTAAGAATTATATGGGAGTGATATATATTAAAATAGGCTTTTTAAGTACAGGCGATGAACTAATAGAAGGTGATATTACCAATATTACCGTTAAAGAACTATCTCAAAAACTCAATCAGTTAGGATATAATATAACTTACCATATAAATGTTGCAGATAATATTGAAAATATTATAAATGGCCTTAAATTCCTTGTTCAACAAAAAAACAATATCATTATCATTACTGGTGGCTTAGGTTCCACTGAAGACGATTTAACCAGGGAAGCTGTTGCAAAATTTTTAAATAAAGATTTAAAATATGATGAAAAACTCTGTACAACAATTCAGGAAAGATATAAAAAAGCAGGGAAATCTATTAATCCTTTACTAAAAAAACAGGCCTATATAATTGATAATGCAAAAATTTTACCTAATGAATTAGGAAGTGCCCCAGGGCAATTGATTAAAGAAAAAGATATATATTATATAATATTACCAGGTCCTCCAAAAGAAGCTATTAATATATTTAACAATCATCTAATAAACTTTTTTTTACAATTTAAGACAACACCCAGAAATTTTACCAAAATCCAATTTCACGGAATTACCGAATCAAATTTAATGTCTATTCTCGAAAAAGAACTAAAAGATATAAAATATTCTACAAAACTAAATTTATCAATAGGACCTTCTGTTATAATAAAAGAAGATAATGAAACGATTATAAATAAAATTCATAAAAACAAAAAAATTAAGGATTATATTATACCCGAAAATCCTGTTCTACATTTATATAATAAACTAAAAGAATTGAAACAGACTATATCTTTTGCTGAATCATGTACAGGTGGTCTTTTATCCAAAATAATTACCGATATTCCAGGATCATCTATGGTTTTTAAAGGTGCTATTATCGCATATTCAAATGAAATTAAAGAAAATATTCTTGATATAAATTCACTTGAAAAATATGGTGCTGTAAGTAAAGAAACAGTGGAACAAATGGCAAAAAATGTTAGCTCTAAATTTAACACCGATTACGCTATATCAATTAGCGGAATTGCAGGGCCAGGCGGCGGAACGCCAGAAAAGCCAGTAGGTACAGTGTGGTTTGGTTTTTATTCAAAGAATAAAGATCTGATCCTATCTGAAAAACATTTTTTCTCAGGAGATAGAGAAACTATCCGCGAAAAAGCT
NZ_CP009471.1_gap18	793311	797037	3726	TCTGCTGCATTAACAAGTTTGATACTCGGTATGTTGCAGACAAAATTTTTAATTGCACCTGGTGCTTTAAAATTCGATATTAACAAATTAAACCCTATTAGCGGTTTTAAACGTATTTTCTCAATGAAAACTTTATTTGAACTTTTAAAGTCTATAGTAAAGATCTCATTAGTTGCTTACGTTTCCTATAGCATTATTAAAAGTAAATGGAATGTATTAATAGGATTACCTTTTTCAGATACAACCACTGCATTAAATACACTGGTTTCCATTATACTTGAAGTATTTTTTAAACTGGGATTTCTAATGTTAATACTTGGTGGATTTGACTACTGGTACCAAAAAAGAGATTACATAAAAAATTTAAGAATGACAAAACAGGAAGTAAAAGAAGAAATGAAAGACGTCGAAGGTGATCCTTTAATCAAAGGACAGCGTATGAGAATGTTAAGACAGATTATCAACGAAAACATGATGAAAGAAGTTCCAAAAGCCACTGTAGTTGTTACAAATCCTACTCATTACGCAGTTGCATTAAAATATGATGAAGAAACTCATTCAGCTCCAGTTGTAGTTGCAAAAGGTGTTGATGAAATTGCGTTTAGAATAAAAGATATAGCTATAAAAAGTAAAGTACCTATTATCAGGAATCCTCCTGTAGCAAGACAATTATATGCAACTGTGGAGATAGGTGATGAAATCCCTGAAGAAATGTACGCAATTGTAGCAAAAATACTAACTGCTGTTCTAAAAAATGTTTAGAAGGTGAAATAAATTGGGTAATTTCCTTAAAAATATAGATTTAGCTGTTCCATTATTAATAGTTGGAATTGTTATATTAATGGTTATTCCTATACCAGCATTTATGCTGGACTTTTTGCAAATGGCTAATATCACCTTAGCCATTATCCTGTTATTAGTTACAATGTACATTAAAAATCCTCTTGAAATATCTGCTTTTCCAACTTTATTGCTTATAACAACATTATTCAGATTATCTCTAAATGTTACCTCAACAAGATTAATTCTTCTTCAAGGAAAAAATTTCGAAGGTAAAGTTATAAGAGCTTTTGGTGATTTTGTTGTTGGAGGTAATTATGTTGTTGGTATTGTTATATTCCTTATACTCGTAGTAATTCAATTTGTTGTTATTACACGTGGTGCAGAAAGAATTGCAGAAGTAGCAGCAAGATTTACACTTGATGCTATGCCTGGTAAACAAATGAGTATAGATGCTGATTTAAGCGCTGGAATCATTACCGAAGAAGAAGCAAAGCAAAAAAGGGAAGATATAAGACGTGAAGCAGATTTCTACGGTGCAATGGATGGTGCTTCAAAATTCGTTAGAGGTGATGCAGTAGCTGGCATTATTATAACCATAATAAATATCCTCGGTGGTTTAACAATAGGTGTTTTACAACAGGGATTGAGCATGGGAGAAGCCGCACAATTATATACCTTATTCACCGTAGGTGACGGACTCGTTGCACAAATTCCTGCTTTATTAATCTCTACAGCAACAGGTATAGTAGTTTCAAGAGCGGCTTCAAAAGAAAATCTTGGAAAAGATTTAATGAGAGAATTGTCTTCAGAAAAACGCGTATTATATTTAACCGGTGGAGTTATTCTGTTATTAGGAATTGCAACACCTTTACCTGTTGCGCCTTCATTAATACTTGGCGGAGGTATTTTATTACTTGCTTATTTAACAACCAAAGGCTATATCAAACAACCGGTTACCGCTGGTGGTCCATCTGGAGAAACATTTGAAAGCAGTGGTGCTACACCTTCTGGCGGAGAACCGGGTGGTGGAACATCTGGCGGTAGCGGTGGTGGCCCAAAACCATCAGGACCACCTTTAACTTCACCAGAAGAAGTGTCCGAAATAATACAAAGCGACGTGCTTGAAATAGATATTGGATATGGATTAATACCTTTGGCCGATCCATCTCAGGGTGGAGATCTATTAGAAAGAATAACAATGGTGAGAAAACAAATCGCTTACGAACTTGGTATTGTAATAAGCCCTATTAGGGTTAGAGATAGTGTATTATTAAGTGCAAATGAATATGTAATAAAACTAAAAGGCGTTGAAGTAGGAAGGTTTGAATTATTCCCTGACAAGCTTTTAGCGATAAATTCTGGTATGGCCACTGAAGAAATAGCAGGAATTCATACTAAAGAACCATCATTTAATCTCGATGCTTACTGGATAGATGAAGAACAAAAAGAAGATGCTGTTAATGCAGGTTATACCGTTGTTGATTCACCAAGTGTATTTGCAACTCATTTATCAGAAATAATCAAGAAATATGCACACGAAATTCTTGGAAACAAAGAAACAGAAATGCTCATTGAAGGTCTAAGAATAAAAGAACCTTCTCTTGTTGAAGAGCTTACACCTCTTGTATTTAAAACATTTGAAATTAGAAATGTATTAAAAGAATTACTATATGAAAGAATTTCAATAAGAAATCTTCCTATTATATTTGAAAAACTTACAGAACTTGGAAACAATGAAATAAAAGATTTAGTCTCTTTAGTTGAAGGTGTAAGAAGTGCATTAGGAAGACAGATTTGTGAAAACTTAAAATCTGGAGATGGTGTTTTACACGTATTAGTTCTCGATAAAAACCTTGAAAACAATCTAAACAATTATACAATTGAATATGGTGGAAACTATACATTGGCTCTATCTCCACAAATGTCAAATAATTTATTAAACAATATAAGTCAGCAATTAGAATCACAGATTATGCAGGGATATAATCCTGTAATATTATGTAGTTCTCCTTTAAGATTCTATTTTGCGCGATGGCTTTTGCCTAATATACCAAATGTTAGCGTTATATCATATAACGAAATCATCCAGGAAATTCCTATTTCCGCTGATGGTAATATAACAGCGTAGAGGTGGTTAAATGAAAGTAAAAAAATATGTAGTGTCAACAATTACAGAAGCTATGGAAAAAATACGCCAGGAACTTGGCGATAATGCTTATATACTTGACACAAAAAGAATTAGTAAAGGCGGATTTCTGGGAATAGGAGGAAAAAAATATTTAGAAGTAACCGCTGTTCTCGACGATGAAGATGAACCACAAAATATAATAAAAACCATGAAAAAACCTGATCTACCAGGAATTGGTGGAAATACAAAAGGAAAAGTAAAAGAAATAAATGAACTGGTAGAAAGAAATAAACGATTAGAACAGCGTATAAACAAAATGAAAAAAATGGACTCAATTGATGAAATATTAACTCCTGGAAAAGACAAATTTGTTAAATCAGCGCAAAATGAAATATTAAAATTAATAGAAGAACAAAGAGAAGTATCAAGACTTATAGATGAAGATGCCGATAGATTTTATTCACAAAAAGGAATGGAACATGAAGAACCATTTGAACCTTTAAACTATAAAAAAATAACCTATTCAAACATTCCTAACCCTCAATTAAATCAACGCAATCTTAATCAAAATCCATTACAGCAAAACAGGAAACAACACATATCTCATTCCAAAACCACTTCTTCTGGTTCAACAAAAAATGAATTAGATGAAATAAAAACATTAATTGAAAAACTCTCAAAACGAGTTATCTTAAATGGTGCAAATCCTTTGATTTCCGAATTGGTTGAAACCTTAAAACATCAGGATCTATCTGATGACTTAATAGAAGACATAATTAATAACATCCCAAATGATTTAAACAAAGACAACTGGA
NZ_CP009471.1_gap19	822363	823119	756	TTTACACCAACCACAGATTTATTCTCAAAATTCTTATATGTAACCAATTTCTTTTCCTGGCCTGGAAGCAATTTATTATCTATAATACTTCCTGTTTTCAATCCATCAATTGAAGTTATAAGCATATTGTTTGCATTTACAATATAGATATTTAAGTCCTGAGAATTATTTAATTGTGCAAAAATATCCTTTACAACTTTTTCAAAATTCACAGCTATAACAATATAACCATACCTTGCATATCTATAAATAAATGGCTTACCAATAAATAAAATAGGCTTATTTTGTTTATACTTATAAATTTCTATATTGGAAAAATCTATATAAGTCTTTTCATCATTTTGCTTTTTTAATTCTTTATATAACTTTCCAAGAGCAGTATTTGAAAGTTCGTTATTCTTTTCGAGATTCTCTGTAAATTCTTCACCTTTTTTTAAGGAATAAATTATATCTCCTTCTTTGTTTATTAAATAAATATCTGTGATATACTGTGAAAAAGCAAATTGAACTAAATTTGGATGATATTTTCTATGCAAAAGATTATAATCAGAAATTGAAAATTCATCATCGCCATATTTTTCAAGATTATCTTCATCAACAGAAGTCAATTTATATCTTTCTTCAATTTTATATGGATTGGATGTTGCATAAACATCTTTTAAATTTTTTATATCTTCAAACCCTTTAAAATATGAATTCATACTTTTAATCATAATTGGAAGATACTGGAAATTTTCGATGCTCTTAATTGCATTT
NZ_CP009471.1_gap20	835953	836919	966	TCTGGGATGTTTATATAAAACCTGAACTCGAAAGGAGCTAAAATGCGGGGGAAATTATTTATTATTATTTATTTATTATTATTTATTATCTTATCCTTTTCAACATCGATTGAGGATATAAAAAATCTATCAAAAATGCCTTCTACATTAGATGATGCATGGGCTGAATTTGTAAAATACCTGGCAGAAAATCCAGGTGATCCTTCTATTGGAATTATTGGAGAAGTAATATCTGCAAAACAGTATTTTTATAACAAATATAAAAATGCTCCTTTTATAGAACCTTTAATTGAAGAGAGGTTTAACAAATTTTGCAGTTCTCTTGGACTTTATAACTCAACATTCTCGGAAGATGAAACAAATTTAATACTAAAAATATTTCCACAAATTCCATTGGTTGTCAAAAGAACACTGGAAACAGGAATTATGGAATCAAACGCATATAAATACCTCTACAAATTAAATGGCCTTGAAAAATATGTAATGCCATTTTCTTATACTGGTTTTTTACAACTTTTTGTTGATAAATCCATTACATCACCGGTATTTTTGGATAAAGATATGGAAAAATTTGTATCAAAATTTGTACCTCATTCAAAATTACAGGATATAAACAGTATATTAAATAATTCCACTTATTTTCTCGATGAAAACAATTATCTTGGTGGTTTTAAACTTCTGGATTTCTTAAAAAGAGAAGGTATAATCGATTCAAAAGAATTAAAAACTTATTCTTTGCTAAAACAATATTTCGATTTAAAAAAAGAAATAGGGCAATTAGCTTCAAACATATATCTTGTAGATATCGATAAACTAAAAGATTTTACAATAAATGTACTTGATTTAACCAATAAAGTTATTAATCTCGATATAAAAAAAGAGTCTTTATACACCCTATTAAATGGTGTTATAAAGACTATTAGAATACGTATTGAAAGCTCAAATAAAATCATTTTCGATACTGTT
NZ_CP009471.1_gap21	857552	861777	4225	ACCAGGAGATACAGTAAGAGTTTATGTTAAAGTTGTTGAAGGCGGAAGAGAAAGAGTACAGGCTTATGAAGGCATTGTTATAAAAATCAAAGGTGGCGGAATGGGAAAAACATTCACTGTTAGAAGAATTGGAGCTAACGGTATAGGTGTTGAAAGAATATTCCCAATGCACTCACCAGCAATTGAAAAGATTCAGGTTGTAAGAAAAGGTAAAGTAAGAAGAGCAAAACTTTACTACTTAAGAAATATCAGAGGTAAGATTAAGATCAAGGAGAGAAGGGACTGATCTTGCCTAACGACGATTTAAAGAAAAAAATAAAAAAGGAAACCTATGAGTGGATTAATGCACTCATATATGCGGTAATATTCGGAACAATTATACGTTTATTTGTATTTGAAACAATGATGGTTCCAACTCCTTCTATGGTGCCTACCATAAAGGAGTTGGACCGTTTATTCATTGAAAAAATTACATATGATTATAAAGAACCTCAAAAAGGAGATATAATAGTTTTCTGGACACCTTTTGTTGATAAAAGTGCAGAAAAAAAACTTGGTCCATTTGATAAATTTATGGATTCATTTGCTCCAAAGGAATTTAATGGTCATGTAAAATATGTAAAAAGGCTTGTAGGTACTCCAGGAGATACATTAGAATTAATTCCTGATACTGAAATATGGGAAAAAATAAAAAATGATAAAGATTTTCAACTCCCATATTGGCTGGAAAAGATTATAAATTATTATGGCGGTGCCGACAAAGTTCCAAAAAGTGTAAAAGATTCAGTGGCAAGATTATATGTTAATGGAAAGATTCCAGAAGGATTTGAAAACAGATATTATTATATAGACGGTATTTTTGCCTCAAAGAATTATTATAAATATATGGCATATCCTGAAAGATATAGCAGCGATATATATCGTGAGTTCACTGAATTAAGAAAGCCTATGTTTGATCTTGGTGCTTTTAGATATTACAATAAAACGTTAGATTACACTGCATATTATGAAAAATATCTTGCAAAAATAGACTATAATAAATATTTCATTGAAGAAAACGGCCATGTTAAGATTATACTTCCAGAAGGATTCTATTTCTTTATGGGAGATAATACAACAGAAAGTTTTGATAGCAGATATTTTGGTATAGTACCAGGAAAAAATATCATTGGAAGACCTTTTTTAAGAATATGGCCATTAAGCAGATTTGGCTCCGTAAAATAAACCAAAAACCGCCCATTAAGGGCGGTTTATTATTGGCGGAGACGGTGGGACTCGAACCCACACGGGGCGTCAACCCCATCGGTTTTCAAGACCGACGCCTTAGCCAATTAGGCTACGTCTCCGAGAATTATTATACCACATCAGGAGGTATTAGTCAATGAATTTTATGTTGAGAGTTCTTGAAAAATATGAAATTTTCTTGAATGAAAATTCATATAAAAAGCTGGAATCCTTTATTGAGTTAATAATAAATTACCCCGTTAATCTTACAGCAATAAAAGATAAAGAAGAGGCTTCAAAACATTTGATAATTGATAGTATTTTTCCTTTTGAAAAATATTATCAATTAAAAGATAATATGAAAATGATTGATATTGGCACAGGTGGTGGCATCCCTGGAATTCCTTTAAGCATTATATATAACAATGTTGATTTTACTTTGCTCGATAGCATTGAAAAGAAAATAAATGCCGTGAAATATTTTATAAAAACTCTCAATATCAATAATGCAAATTCTGTTAATTCTCGTGTAGAGTTATTTTCCAAAGAACATAGAGAAGAATATGATTATGCAACTGCCAAGGCTGTTTCAAGAAGCGATATACTTCTTGAGTATGCAGCGCCTCTTTTAAAGATAGGTGGAATGTTATTCCTATATAAAGGTCCAACATATATTACTGAAGAAAAAAAATATCTTGAAATTGCAGCAGAAAAAATAGGATTTAAAATAGAAAAAGAAATTAATTATCAATTGTTTGATAAGGAAAGATACTTTATCATATTGAAAAAAGAAATAGAGACGCCTAAAAAATATCCACGAAAAGTTGGTATGGCTGTAAGAAAACCTTTGGGAGGTATTTTATGATCAGGCTTATTATTGATACTTATCATATGGGTTCCTGGAATATGGCTTGTGATTTAGCTATTGCAAAACACGTTGGCAAAAAAGTACAGCCAACAACTATTAGACTATACAGCTGGAATTTAGCAACGCTTTCAATTGGAAGGTTTCAAAAAATAGAAGATATTGACATTGACTATTTAAAGAAAAAATATATCGATCTTGTTAGAAGACCCACCGGAGGACGTGCTGTTTTGCATCACAAAGAAATAACCTATCTCTTTGCGGCAAATATAGATCATCCCAAATTGCCAAAAAGCGTTGTGGGTAGTTATAAAGTAATAGCCGAGGCATTAATTAAAAGTATGGAAGAATTAGGAATAAAATGCGATATGGAAAAGAATAAGAATAATCATAACAACACTCCTGCATGTTATGATGCACCATCTATTTATGAAATTACCGTAGATAAAAAGAAATTCATTGGAAGTGCTCAATATAGAAATGAAAGTTATGTATTGCAACATGGTTCAATTCCACAAATCTTTCCTTTAAGGGATTATGTTAATCTATTTAAAATGCCTGAAGATAAAAAGGAAAAACTTTATAAACATCTTGAAAAAAGGGTTATTGATATTAATACGCTTATTGGAAGAACTGTAGATTGCGAAGAAATGGCAAATGCATTCAAAAAAGGGTTTGAAGATGTTTTTGAAGAAGAAGTTGTACTTGGAGAGTTATCTCCTTCTGAGATTGAATTAACCAAAAAACTCGTTGATAAGTTCGAAATTAATTTAGATGATTAAAGGCGCGGTGAAATTCACCGCGCCTTTAATTTTTATATTTTAAATTTCTTTATGTTTTCTTTTAATGCTTCTGAATGCTGTTTTAATTCCTGAGAGACTGAATTTAATACCTTTGCATCATCTTTTTGTTCAAGTGAGAATCTTGTTATTTCACTTATTTTATTGGATATTTCAAGTATTGTTTTCATACTTTTATCCATTGCTGCAGCCATTTCTTCTGTTGATGCACTTTGCTCTTCAGAACTTGCTGTTAAGCTTTCAACTCTTTGATTAATTATTTCGATCTTTTCAAGTATTACATCAAAGTTTTCATTAACTTTTTGAGTTCCAGATTCTATTTGATTTATTATATCTACTGTTTTTAATGTGGCTCCATTAACATCCTTTACCCCATTTTGTACATGAGATAATATCTGGGCTATCTCTTCAGTTGCTTTTTTACTTTCTTCAGCTAATTTTCTAATTTCATCAGCAACAACAGCAAAACCTTTTCCTGCTTCTCCTGCCCTTGCAGCTTCAATTGCTGCATTTAATGCCAACAGGTTTGTTTGCTCTGTTATTGTATTAATTGTTTCTACAATTTCACCTATATTCTCCGCTAATTTCAACAGTTCTTCAACCTTATTTTCTGTAACTTTTGACTGATTTACAGCTTCTTCTATAATTTCTGCTATTTCTTTTAAGCTCTTTGTGCCTTCTTCTGCATTTTGTATTGTCTCACTGGCAATTGCTGATAACTCCTGAGCATTTTCTGATACCATTTGTGCAGAAGATGCTATCTCTTCAACACCAGAGGTTATTTCTTCCATTGCTGAAGCTACATCATTTGTATTTTTTTCTATTTCTGCTGATTCATCATGGAAAAATACAGCATTTTTCTCTGTTTTTTGTGCAACTTCTATTAATTTCCCTGAAGAGCTATCAAGCTCATATCCTGTTTCAATTACTGTTTTTAGCATACTTTTAAAGTTATCCATCATCTGTTCCAATCTTTTAAATACATGGCTCATTTCATCTTTACCATGATCAATTAATTCTACTGTTAAATCGCCTTCAGACATTCTTTCAAGGCCTTCAATGAGATGATGTATTCGTTTAAGCAATACCTTTGTAACTATATAAGCAAAAATTACTACAAGAATTAGAGTTATAAAAATGGTTAATAGAATTGTTCCTCTTATTTTAGAATTTAATGTATCTATTTTTCTTGTATCTACTAATACACTTAAAACACCTATTAAATTACCATTTGGTTCCCTTAAAGGTAATACTAAATATGAAATTCCTTTTTTATCGCTATGTATTAATTCATATTTTTTATCACCAATTTCATTGAATATCGGTAGAATTTTAT
NZ_CP009471.1_gap22	868388	869249	861	TTTTAAAATCAAAATTTAAAAGAGCAAAATGCAAGATTTTTGGAGCAGAAGGGATTATTTTCACTATTAATAGTGAAAATGATGTATTCAAGGTTGGAGATGTTGTGATATTTCACATAACAGAATTTGGCGAAAGTTTATATATTCCGGCAACTTTAATAGAAAAAAAGACCGGGTTACATTGCAATGAATATACTTCGAAATTTTTTGAATTACCTGAAAGAATGCAGGCTGCAATTTATAGACTTATATTCAGGAGACAAGCTTCTATACGTTCAATTGGCGGGTTTCATGAAGAATAAAAAAATCCCCGAACTTAGTTCGGGGATTTTTTGGTGGCCAGGGACAGAATCGAACTGTCGACACCTGGATTTTCAGTCCAGTGCTCTACCAACTGAGCTACCTGGCCACTATTTAAAAATGGTGGGTGCTGCAGGGATCGAACCTACGACCTTCTGCTTGTAAGGCAGACGCTCTCCCAGCTGAGCTAAGCACCCACTCATGTTTTATCTGGCGCCCCCAACGGGATTTGAACCCGTGTCTTTGGCGTGAAAGGCCAATGTCCTAGGCCGCTAGACGATGGGGGCAATCTCTTTCACAACCGAGTATATAATACCAGAAATATCAAAAAAAGTCAAGAAAACAATAAGTTAAAAAGTTTAAGAGTTCTTTTCTATTGTTGTAATATTATTCAATATCCTAAATAACTTTTCAAATGCTCTTTTTCTATGACTTATTTTATTCTTTACTTCCTGTCCCAATTCTCCAAAGGATATTGTATAACCATCTGGAATAAATATTGGATCGTATCCAAATCCTTCCTTTCCTGAAATGGAATAACCAATCTTACCTTTTACCTCT
NZ_CP009471.1_gap23	875280	877975	2695	TACTACTGTATTATCTTCAAATTCTAATTTTTCTCTAATTAATGGTAATTTGCTTCTCATTTCTTTATATTTTTCTATATCATTTTCAACACCAAGTTCTTTTAATGCTTTTTCGAGAGCATCTTCTTTTAATGGTGCTCCATGATATTCATGTCTGTTTTCCATAAAGGAAACGCCTTTACCAATTATTGTTTTGGCAATAATTACTGTTGGACCGAGTTTATAATTTTTTGCTTCTTCAATAGCATTTAATATCTGCTCAAAATCATGCCCATCAACTTCCAATACTTTCCAACCGTCAGCTTCATATTCCTTTGCAATATCAACAAATAATACGTCTCTTGCTCTTCCAGAGATCTGTATATCGTTATAATCAACCAATACTGTAAGATTGCTTAATTTTTCCTTTACAGCCGTTCTTCTTGCTTCTGCTATCTGCCCCTTTGGTGATTCACCATCACTGTGTAATACAAATACTCTATAATCTGCACCTGTTATCTTTGATGCTAAAGCCATACCTACTCCTGCAGATAATCCCTGTCCAAGGTTTCCTGTTGTCCATTCTACTCCAGGGATACCTCTTGTTATATGGCCTTCAAATATTGAACCTGGATGTCTGAACCCTGCTAATACATCATCTGGATTAAAGAATCCAAGTCTTGCAAGTGCTGAATATACACCTGGTGATGTATGACCGTGACTGATTACAACTCTATCTCTTTTTGGATCATATGGATTTTCTGGATCTATATTTGCAACGTTAAATACGCTTAAATATAGATCTATAGAGGACATTGAACCTCCTGGATGTCCTGATTTTGCAACTGTTGTCATTTTCAAAATATCTGCTCTACATATTTTTGCAAGTTCTTTTAATTCTTTCAATGATTTTTTCATCTTATCTTCCTCCTTAACTTATTTTAATCTCCTTATCAGGATAAATATTATATTTAATACTGCACTTATAACCAACATTGTAGTTATGGGAAAATAAAATACAAAATTTTCTTTTTTTATGATAATATCCCCGGGCAAATGCCCTAATTTTATACCAGATTTTCCAATAACAATAATTATAATACCTATAACTATAAGCAATATACCCATTTCAATAAATATATTGCCAATTATTTTCATTTTATTCCTCCGTATTGCAGTTTTTCTTAAAATAATCAAATGGAAGTTTTACCATTACCGGCTGATTATTTTCAATAATCTGGAGGGTTACCTGTTTCAAGAATATATTTACTGTAATTACCCTTGCAGGAACATTGTCATATTCAATTGTTGTTCCTTCATTAGGAATACATTTTAATGATTCTTCATAAAAATCATTTTCATATGCAAGACAGCACATTAATCTTCCGCATCGTCCGGAAATTTTTGCTGTGTTTATTAACATCTGCTGGGTCTTTGCCATTTCCATTTTTATTGAATCGAATTTCCTTAAAAACCTCGAACAACATGTCATTTGACCACATAAACCCATTGATCCAACCATTTTTACTTCATCTCTTATACCTATCTGCCTTAACTCTATCCTTGCCCTAAATTCCTTTGCAAGTTCTTTTACCAATTCTCTAAAATCCACTCTCGTATCTGAACCAAAATATACAATTACTTTTGAACGGTCAAATATATATCTCGCAGATAATACCCTCATTGGGAGCTGCAATTCTTTTACCTTTATTTCAGTAACCTCTTTTACCTTTCTTGCAAGTTTTTTATTTTCTTCATATATTTCCATATCTTCATCATTTAATTTTCTTAAAATAGTGGTAACTTCATATCCAATTTCTTCAAAGGTTAATTCTTTAGGACCTAAAATTACCTTTCCAACATCAAGCCCCATTGAAGTATTTACCAATACTAAATCACCTATTTTTATATCTTCTCCGTTACTTGCATAATATAAAATAGGTGATAATTTTGTTATTTCAACCCCATATACTAAAGCCTTTAAATTTATCATTATCTATTCCTCCTTATCTGAAAAGAAAGCATGCAAAAACCTGAAAAACATCGTTGTTATAACTAAATCAAAGTTTAAATTTGATATATTTAAACGAGTAAGGTTATCACACCATTTAATGTTTTCATATATGTTTTCAAAGTTTAGTTTGAAATTTGAAAATCCAAAAAACTCATACATTTTTAACGAAGAAAATTCTTTCCAATAGCTGGAAAGTCTATATACATATGCATCATGATATAGTGAAAGAAATAATCTGGCAAATAGTTTTATTGTATCTAATTTATTTGCTATAGAATTCTTTTTTGATATTATTTTATCAATTACACTTTGAATTTCTATTAAGTCCAGATTTTCAAATCTTTTTATCAATTCAAAAAAAGCTTCGTATTTTAATAATTCCTTTTCTGTATCTTCATCTTCACTAAGAATTATTTCAACAAGTTCAAGATTTTTTAATCCCTTCAAAGAGTTTATCATTTCAATTAATTTACTTTCATTATCTATATTATCAAAAATATATTTCGCCAATTTATAATTACTATTTATAGAATAAGAAAATTCTATATATATTTTTTCATTTTTTTCTTTTATTTTTTTTCCTATATCTGAATTTGGAATGAGTATTTTATATAATCTACTTCTAATTGTTGGTAATAAATTATACCATTTTGTTGTTGTTGAAAGCATCACTGCAAATGTTGGCGGTTCTTCGAGAATTTT
NZ_CP009471.1_gap24	888333	893209	4876	AACTTTAGAATCTAAACTTGCAAAGTATATATAACCTTTATCATCAAAGGTAGGTGTCGAATAAATTTCACCATCAGTTTTAAATTTATTTATTAATTCTCCTTTTGGATTTAAAACATAAAGATAATAATCGAGACTTCCAAAATATATATTTCCATTTTCATCTATGCTAACCTTTGTTTGTATAGAACTATTGGTTCTAAATTTAAATATTAACTTTCCAAATTTTGATATTTTATACAAATAATTATCATCGCTGCCTATATAAATATTTCCTTCTTTATCTATAGCTGGAGATGATTTTACAGATCCTCCAGTTTTAAATTTCCAGTTTAATTCACCTCTTTCATTAAGAGAATAAACATATGAATCTGAACCACCAAAAATTATATTTCCATTATAAAATGCAGGCATTGATAATATATAATCATTTGTTTTAAAGGTCCATAAAATATTTCCATTTAAATCTATTGAATATAATACACCTTTTGATGTGCCAACATAAATTCTGTTATTTGCTATTAATGGAGTTGAAAGTATTTTACCTCTCAAATTCAATTTCCAGTTTAAAGTACCATCATTTGTTATTGAATACAACCTTCCTGAGCTGTCTCCAAAATATATATTTCTTCCATCATCGGTATTTGGAGACGCAATAATTTCAGAATTTGTTAAAAATCTCCATTTTAAAACACCTTCAAAAGATACTGCATAGAAATATCTATCGTAGCTACCAAAATATATTCCACTATTTAATACTAAAGGTGTATTTTCTATCCATCCTTTAGTTTTATAATTCCATTTAATCTTACCATATGGATTTACAGTTTTAAAACTCCATATAGGCCCTTCTTTTACAGCGTTTCTGGAATCTTTAACTATAACCTTCCAATAATATGTAGTTTTTGGTTTTAATTTTTCAGGAGTATAGGTTAATGTGTCAACATTTCTCAATACTACTTTTAAATTATCTTTATCTTCTCCAAAAAAGACTGTATACTCCAGTTTATCTCCATCCATATCATAAGCCATCCAGCTTAAAGTTATATCCGTAGGAACATTTACCTCTCCATTGGATGGTTCAGGATTATCCGGACCAAGAGGCAACAAATTCTTAACTATTTTTATCTTTCCAACATTATAATTATTCTTTTTAAATGCTGGCCATTGAGCCTTTTCATTTAAACCCTTATCTTCTACGATAATAGAATATAAATTTCCACTAACATCGCTAAAAATCAAATTATTATTATCTAAAAGTAGATTAGAATCTATTATATCTTCTACTTTAAATTTCCAATTTAATCTTCCTCTTGTATCGAGACAATATATATTGTGGTCATAACTGGAAATATATATATTTCCTTTATCTCCCAATACAGCTGATCCAGTTATTATATATTGAGTTTTAAACTTCCACTTCAAGGTTCCATCAGAATTTATTGCGTATAAATAATTATCCCAACCACCTATATATATTGTGCCATTTTCATCAACTACTGGAGATGATTTAATATAACTTTCTGTTTTAAAACTCCATCTTAAATTGCCGTTATAATCAAGAGAATATACATATCCATCTTCACTGCCTATATATATATTTTCATTGTTATCCAAAGCTGGAGTTTGAGAAATTCTATTTTCAGTTTTATACTTCCATCTTAACGTTCCATCTCTATTAATTGCATATAAATAGCCATCCCAACTTCCTATATACAATGTTCCGCTTCTTCCGATAACTGGACTTCCGCTAATTGAATTATTAGTCTTAAACTTCCACTTTAATGTTCCATCTGGATTAACTGCATATAGATAACCATCCCAGCTTCCTATATATATTATTCCTTTATTATCAATTACAGGTGAAGCAGTTATAATATCTTCACTTTTAAATTTCCACTTTAAATCTCCATTTTTATTTAAAGCATATAAGTATCCTTCATTATTTCCGAAATAAATAAGATTATCAGCATATAATGGCGTTGACCATATTTTATTTTCTGTTTTAAACCTCCAGATTATAGATCCTTTTGAATCCAATTTATAAAAATATCCACTATCATTTCCAATGTAAATATTACCTTCATCATCCAGTACCCCATTACCTTTAATTCTATTTCTGGTATAATATTTCCAATTTAATTTTGGTTCATATTTAATCTTTATATCATATATCTTACTTTCGACATAATTTCCTTTTCCATCTTTTACTGCTATTTTTAATTTATATCTTTTACCAGGAGAAAATTCTGAAATTCTTATTTTATTTTCACTATAATTTTCTACTACTTTCTTTAAAGAATCTATATTATTTCCAAAATAAATATCATATAACAGAGGATCATTATCAATATCTTTTGAAGCAAAAACAATTGTTGAATCTTTTGAAATAGCCTCACTTATATCTGGAAAAATAATTTCAGGCTTCTCCGGAGCATGTGATGTAACAAAATCAAAAACATCGCTTTCATTTCTATTTCCAAGCTCATCAAAAACCTCAACTTTCCAGTAATATTGCTTTCCAGGTTCAAGTTTTTGATTTAAAGAAAATTCCGGTACATCTAATCCTTCAGCTATTTTTTCCAGACTATCAATAGATTGTCCAAAATAAAGATTAAATAATAGCTTTTTACTATCTTTATCTCTCGCAATCCATTTTAATACAGGAGATAATGAGACATTGGTATAATGATTAACCGGATTTTTTTCAACAGGTTTATCCGGTGCATAATTTACCTTAAATTGAATTGTATTACTAAAAATAGAAAAATTGCTATCTTTTGCTGCTAATTTTAGGAAATATGATACATTTCCGTCTAAATTTTCTAAATAATAGCTCTTTGCTGATAAATTCCCAGCAATTAATTTTAAATTATTCTTTGATGTTCCAAAATATAAATCATATTTTAAATTCTCTCCATTTAAATCTTTAGAATCCCAGACAACTTTGATTTTATCTTTAATTAAAGTATTTGAATTATTAGCTGGATAGATAATTCGAACATTTACAGGTGGCAAATTAACATATTGCCTATTTAATAAACCATATGAATATGTCCAATACAATTCTTCTTTTCTTAGATTCTCAATATCAATAGAAACAATACTATTTTCAGATACAAAATAAATTTTTCCATCATCTAAAAAGATATTGGTATTGGTAATTTTTTTCTTAATTTCATATCTTGATAAATTCTTTTTATTAAAATCAAAAATAAAAATAGTTCCATCAATTGCTCCGGTAACAATTCCTTTATTAGTAAGAATAGATTTAGCAATTAAATTGTTTACAGATACTTTTTTAACAAGTTTAAAATTAGAATTGTACATATAAATATTGCCTGTAGTGGTAAGATAAATATTTCTATTTTTATCGACTAATATATTTAATAATATTCTATCGTTATCAAAATGCTTTTTCCAAATAGTTTTTCCATTAGTAGAAATAACATATAGCCATTTTGTACTTGTAATAACATATATATTCCCCAAATTATCTGATGCAAAATTACCAATAACACTTCCATTAACCTTAGAAGTAGCAATTTTATCACCTAAAGAATTAAAAATATAAATATTCCCCTGAATATCTCCAAAAACAACATTATTATTATAGGTAACAAGCAATTTTGAAGTAACTGAAGTATTTAAACTATTTATCCAGACCTTTTTAAAATCAACAAATTTAATAATATTACCATTCACAGTTAAAATATAATATTCATCAAATGGAGTTAAAGCAATGGATTTAATATTATCCTCAAATTTAAAATTAAAGAGATTATTATTGGAAAAATTATAAAAATAAAGTGTATTGCCGTTAGAAAAAACAAGCTCAGATTTATTGGAAATGAGAAAGTTGCTAAACAAAGAAGATTCAAATTTTTTAGAAAAAATCATCTTAAAATCTTTAAAAACATATAAAGTATCAAGATCATGAAAAGCAATATAATCTTTATATGTAATGAAAGAACCTCTAATTTTGGTATTAATATCAATAGTCTTTATATTAAAAGTCTGACTACTTAATGCAGCGTTATTGGATTTTGAAGTAGTATTCGAAGAAGACGCAATAAAAGGATTTTTAAAGATACTGGAAATATCAAAATTAAATAATCCATTAAAATAATTAGAAGAGCATGAACTTAAAACAAAGATCAAAAAAATAAAAATAATATAATTAATTATAAATTTTTTCATTTTAATCCCTCCAAATTAAATATATCAAAAATAATTATATCAAAAAATATAAAAAAATATATTTAATTTTGTATAAACTATTTATTAATAATAAATTATTAATAACATAAACAAAAACCCCCAGTCTTTTGACTGGGGGAAAAATAAAAAGAGGGGCGCTACCTACTCTCGCATGGACAAGCCATACTACCATCGGCCCGGATATGCTTAACGGTCGGGTTCGGGATGGGTCCGCGTGTTCCCATATCCGGTATCTGCACCCCTCAATCTCTCATTCACATGTGCATAGTTACTCAATAAGGTCAAGGCCTCGGGCTATTAGTACCGGTCGGCTCAATACATCACTGTACTTACACCTCCGGCCTATCTACGTCCTAGTCTCGAACTGCCCTTACCTCCATATGGAGTGGGAAACCTCATCTCGGGGCCCGTTTCCCGCTTAGATGCTTTCAGCGGTTATCGGTCAGGTACGTGGCTACTCAGCTCCTGCTCCTGGCGGAACAGCTGATTTACCAGTGGTACCCTCACACCGGTCCTCTCGTACTAGGTGTGACCCCCCTCAAGTTTCCTACGCCCGCAGCAGATAGGGACCGAACTGTCTCACGACGTTCTGAACCCAACTCACGTACCGCTTTAATGGGCGAACAGCCCAACCCTTGGGACCTACTTCAGCCCC
NZ_CP009471.1_gap25	934258	937980	3722	ATTTATGAAATCCACCTAATACTCTTATTACTCTTAATACTTTTGCTCCAGAATTATCTGCAGCTCTTAAATATGACTCAGTCTGTATCATTATGCGTCACCCCCAACTTCTTCCACTGTTTCGGGTGTTTCATTATTTTTTTCCGCAAAAATGTTCTTTTCAACAATTCTTACAACTTTCCATGTTTTTGTTTTTGAATATGGTCTTGATTCTTCTATTTCTACTATATCTCCAATACCACATTCATTGTTTTCATCATGAGCATGGAATTTCTTTGATTTCTTAACGAACTTTTTATATATAGGATGTTTTATTCTTCTTTCAACTTTAACAACAACTGTTTTATCCATTTTGTCGCTAACAACTTCGCCTATTAATGTTTTTTTAGGCATTACTCATTACCTCCTTATACCCAATTCCCTTTGTCTGAGAATTGTTTTTATTCTTGCTATGTCTCTTCTTACCATTTTTATGGAAGCAGTATTTTTTATCTGACCTAATTCGTGTTGGAATCTCATTTCAAATAATTTTTTCTTTGCTTCTTCTAATTTTGTTTTTAATTCTTCATCTGTTAAGTTGATTAATTCAGCTACTTGTTTCTTCATTTTGCTTCCCCCCTTATATGGTACCTGGGTACTATTTTTGTCTTGATTGGTAATTTTGTTGCTGCGTATTCTAATGCTTCTTTTGCTAATTCTTCAGATGTTCCAGCAATTTCAAATAAAACCTTTCCTGGTTTTACTACTGCTACCCATCCTTCTACGTCACCTTTACCTTTTCCCATTCTTGTTCCAATTCCTTTTGATGTAATTGGTTTATCAGGGAATATTTTAATCCATATTTTACCGTTTCTTTTTAATGTTCTAACCATTGCTAACCTACATGCTTCTATTTGTTGTGAAGTAATCATTGCTGGTTCTAATGCTTTTAAACCCCATTCGCCAAAGTCAACTAATGTTCCGCCTTTGGCTTTACCTTTCATTGTACCTCTTTGTATTTTTCTATATTTATATCTTTTTGGCATTAACATTTACATCACGCCCTCCTTTAGTTCATAACTGAGTGTCGCCTTTATAAACCCAAACTTTTATTCCGATAGTTCCAGATAATGTTTGTGCTTCAGCAGTTCCGTAATCAATGTCTGATCTCAATGTTTGTAAAGGTAATCTTCCTTCCATATACCATTCAGTTCTTGCGATTTCAGCACCGTTTAATCTTCCTGAAACCATTATTTTAATTCCTTTTGCTCCTCTTTTTAATGCTGCTGAAATTGCTCTTTTCATTGCTCTCTTATATGATGCCCTTTTAACAATCTGGCCAGCAATGTTTTCTGCAATTAATACAGCGTTTGTTTGAGGATTTCTAATTTCGTCTATGTTAATTCTTACGTTTCTATCATTTACCATGCCTTCAATTTCTTTTTTCAATGCCTGAATTTCTGCACCTTTTCTTCCAATAATTATTCCAACTCTTACTGCTTTTATTGTTATGTTTATTTGTGTTGAAGAAGGTCTTTCAATTAATATATCTCCAATTCCTGCTTCATAATATTTTTGTTTTATGTAATCTCTTATTTTTAAATCTTCTTTTAAATATTCTGCATAATTATCTTCACTAAACCAGTTTGCTTTCCATGGTTTTGATATTCCTAACCTGAAACCATATGGATGTACTTTTTGACCCACGGATATTCCACCTCACTTCTGAGATTTTAACTCTTTTTCTTTTTGTCTGTCTCTAACAACAACGGTAATGTGTGACATTCTCTTTAAAAGAATATCAGCTCTTCCTCTTCCTCTTGGCCAAAGTCTTTTCATTCTTGGACCATCATTTACATATACTTCTGCAACATATAAATCGTCTGCATTTAAGCCAAAATTGTTTTCTGCATTAGCAATAGCAGATACTAATACTTTATATGTTAATCTTGCAGCTTTTTTAGGGCTGAACATTAATATCTGTAATGCTTCATCAACATTTTTTCCTCTTATTGCATTTATTACTGATCTTGCTTTTTTAGGAGATATTCTTAAGTATTTTGCTGTTGCTTTTGCTTCAATTTTTGGCTGTGCTGCTTCAGCTTCTTTTCTTAATCTATGATAAACTGACCTTTTTAACCTTTTACCATCTTGAACTCTTGATACAGCCATGATTACGTCCCTCCTCATTTCACCTTGCCTTTTTTAGCCTTTTTATCAGCGTGACCACCAAATCTTCTTGTTGGTGCAAATTCACCTAATCTATGTCCAATCATGTGTTCTGTTATATAAACAGGTATATGTTTCATTCCATTATGTACAGCAATTGTATGTCCTATCATTTCTGGTAATATCATTGAAGCTCTGCTCCAAGTCTTTATTACTTTCTTTTCTCCTTTTTCATTCATTTCTCTTATCTTTTTCAACAGACTTGGGTGTACATAAGGCCCTTTCTTTAAAGATCTACTCACTAACAGCACCCCCTAGGTTACTTTTTTCTTCTTCTTACAATAAATTTATCTGATTTTCTCTTTCCACGTCTTGTTTTGTATCCTTTTGCAGGTGTTCCCCAAGGACTTCTTGGAATATGACCTTTACTTGCACCTTCACCACCACCCATTGGGTGATCAACTGGGTTCATAGCCATACCTCTAACGTGTGGTCTTCTTCCTAACCATCTTGTTCTACCTGCTTTACCGAATACTTCGTTTATATGATCTTCATTTCCAACCATACCTATTGTTGCCATACCTTTAATGTGAACTTTTCTTAATTCACTTGAAGGCATTCTTAATAATGCGTATTTTCCTTCTTTTGCCATTAATTGTGCATATGTTCCTGCTGATCTTGCAATCTTTGCACCTTTTCCAGGTTCAAATTCTATATTATGAACTATTGTACCCACAGGAATATTTTCTAATGGCAATGCATTACCTGGCTTAATTTCTGCATCTGGTCCTGAAACTAATGTTTCTCCAACCTTAACTCCTTTTGGAGCAAGAATATATCTCTTTTCACCATCTGCATATACTAATAATGCAATTCTTGCGCTTCTGTTTGGATCGTATTCTATAGATACAACTTTTGCAGGTACCCCAAATTTATCTCTTTTGAAGTCAATAACCCTGTATCTTCTTTTGTGTCCGCCACCTCTATGTCTCATGGTAACTCTTCCATAAGAGTTTCTACCACCAGTTTTTTTGAGAGGCTTTATCAATGATTTTTCTGGGGTATCCTTTGTAATTTCTGAGAAATCTGTGATTATCATAAATCTCCTGGAAGGAGTTATTGGCTTAAACTTTTTAAGACCCATTTCAGCTCACCTCTCCTTATAAATTACCTTGAAGCTCTTTTATTACATATCCTTCAGCTAACTTAACAATAGCTTTTTTCCATGATCTTGTTTTACCTTCAAATCTTCCCAATCTCTTTGGTTTTGGTTTTACATTCATTGTATAAACCTTTTCAACCTTTACATTAAATAATTCCTCAACAGCTTTTTTTATTTCAGGCTTTGTTGCATCTTTAGCTACTTCAAATGTATATTTGCCCTCGCCCATTAATAAGTATGTTTTTTCTGTGAGGACCGGCCTTATAACAACGTCATAATTAAATTCTTTTTTAACCATCAGCCGAGCACCTCCTCGATCTTTGCTACTGTATCTTTTGTAAGGATTACTTTTTCGTTGTTTATTATGTCGAATACATTTAATCCATCTACATTCACTTTTTTACCATCTTTA
NZ_CP009471.1_gap26	1001617	1002150	533	AAGGCATATTTGAAAATGGAAATGCTGTATTTACATATTTTGATACAAGATACCTCGATATTGCTCCTAAAAATCCTCCAATACCAATATAAATCAAGTTCATACAATTCCTCCAGTATCTTAATTTTATAAATATGGATTATTATCATAAATTTAAACGGAGCCAGAATGGGCTCCGTTTAAATTATTTTACTTTTGCTTTTAATTCTTTACCAGCTTTGAATTTAGGTACTTTTCCACCAGGAATTTCAATAGTTTCCTTTGTTTGTGGGTTAACACCTTTTCTTGGTTTTCTTTCTACAACTTCAAAAGTACCGAATCCAACGATTTTTACGTTGTCGCCTTTTGATAAAGCTTCTGACACAACGTCTACAAATGAATCAACAAATAAAGCTGCTTCTTTCTTTGTAACGGATAATTTTTCAGCTAATGCACTAACGAGTTCCTTTTTGTTCATACATGCACCCCCTATGTATTGATATAAACGTATTTCAAGGCAATTTTACCACATTTTTTTGTTAAAATCAAGCATC
NZ_CP009471.1_gap27	1024616	1028197	3581	CGGAAACGTTTTCAGCCTCAGATATATCAATACTTTTTAAGATACCATGAGGAACATTTGAATAAACAACACCTGCATAAATCATTCTATCTAAATATAAATCAGGTGTATATTTGGCTTCGCCATATGCTTTTTCATGAGCTTCTATTCTTTTCGCAACCTTTCCAACTATTTTCATATATTATCCCCCCGAAATACTATTGAATTATTTTTTAACTCTAGATTAAATTTTACCTTATTTTAGGCTTATTTTAATAACTCGTTTTAAAAAGAAAAAGTTTCTTTTTTAAACTTAAATAAACATAACGTCGTTAAATCCGTTTTATTCGAGAATATAGAAAAATATTCTTTTTATTATATTGATTTGTCCAGGATAAAAATATTATAATATAAAAGTTTCTAAAATATCGATTATAAAAGAAAAACAACCCCTTACAACGGGGTTGTTTTTCTTTATTGGATTCTCAATAGCTTTTTTACAAAAGTTAGATTTTCATCATTTAAAAATGGATTACCAGGAAATATCACAAAATTTTTATTTAATACAAAACCTCTTTCTTTATTTTTATATAAAATTCTCCATGCTTCATTATAATAAATATAATTAACCTTTATATTTTCTATTTTTTCATCAGTTACAGTAAAACGAGATGGAATTAATGAAAGAACATATTTATTCTTTTCATCAAGAATAATACCTATTCGTTTCTTTTTAGCGATTTCTAACAATCTTTTCAATATTTCTTCGCTATTTATACTTTTAGCGTTTATAATTATTGCTTTCGATGTATCGTTAATCTCGTTTATTACTTTATATGAATTTTCTAACTTACTTATCTCGACATTTATTACAGAAATTGTATCTTGATTTAATAAATTTACCTCCTTGCTGTACCATAATAAATTATTTATATAGATCTCCATTTTTGCGTTTGATATATCAGGTGTTTTAAAAGACAATGGAATCAAAGATTTTTCATATGGTTTCAAAATTAAATCTTTTTCAAAAACTATATTATCATTAATTTTTATTTTTACCGGAGAATTTTCTACATTATTTCCTGTATTATAAAAATAAAGATTCAATGTATTTTCCGAATTTCTATATAATTTTATATCAGGAACATTGAAAATTCTAATTCTATTTTCTGGTTCGTACCATATTGGCGATGATACTATTTCATCACCATCCATCTGTTTAAAGTATACAAAAAGCCAGAAATATGGTGAGGTTACCTTTATTTTTACAACTTCATTAATCTTATTTCCATTAGGTGATAACTCATAAATTTTATCTGGAGTATATACCTTTAATTCTGAAAGAGAATTTTCATCTTCATATTCAATTTTCAAGGATATTTCCCCGGGCATTTTATCATAATAATATATATCTCCCATTTCAGCATTATCTGTTTCTACCCATATTTTTGCATTCTTATCTTCAGTTCCATATGTTTTCCTATTCCACATTGCTTTTAATAAACCGTCTTTACTTCTGGATAATACCCATACTCCTGTTCTTGAATCATTAGCAGTTCCCCAATTTGCTTTATGATTGTCCTGTCCAATTGTAGCGCCAAGATGCCAGCCTTTTTTCAAGGCTACAATATAATTTGAAAACATTTCAGGTGTAATTGTATCGTTTTTTGACCAATTTCCATTTCCAACTTCAACAAGATTTAAATAATTATCTGCTTCAGGATAATATTCAAAATTTTTAAATGTACCAAACATCGATATTGGGTGATTAAATTGGGCCAAAGCTTTTTCATTTATTAGCCACTTATAAAATTCTTCTATTGTGGTATCAATATTTCTACTTGTCCACTCTTTTGACCCATATACATTAATATGCCCACTACCAGCAGTCCACTCAAATCCAGCAAGTGCAATAAAATTTTTTGTCGTATTTTCTTTTGCCATTCTTTTCATTACTAAAAATTTATCTTCACCATTATATAATGCTTCAAAATAATAAGCATGGTCTGTAACAGCATGAAAATCAAGTTTGGCAATATCTCTTGCATATTTATATGCATCTGCTGGTGTAGTGTTTACTGCACCATCAGAAAATGCAGTATGCGAATGTGGATTACCAAAAAGTAATATATATTTTTGTGGAAAAGAAAACAAAGATACTATCATTAAAATGAAAATAAACAAAAACAGTTTTTTCAATTATCTCACCCTTTCCTTAAATTAGTTAGTTTTAATAACATTGTATTATATCATAATTTAAATACCTTTTTTAAAATAAAATACCTTTACTTTTTTAGATTAAAAAATTGTGCTATAATTATAATGTAGGGGAAGGAGGGATCTTTATGGATTTCAAAAAAGCCAGTGAAGTTTCAAAAGGAATAATTGTCGATCTTGTAAATAAAACTTTTGCAGATTATGAAGTACCTGTCAATTGGACATTAACCTCATTTGAGCTTGATATAAGAGAAAATTCAATTTCTCTTGATGACTCTTATATAGTATTTGAAGACGAAAAACCCATTGGATTTTCATTGGTTTCAATTAGAGGAGCGAGGGGAAGAATCGATGCTTTTGGTTTTTTAAAGGAATACAGATTAAAAGGCTACGGTTCTGAGCTATTATACTATACACTTGAAAAAATGAAATGGAAAGGCATTTCTAAAGTTACACTTGAGGTTGTAGATACTGAAACAAGCGCAAAAAAGTTTTATGCTAAACATGGTTTTAAAGAAAAACGCGTTTTGGAAAGCTTCATACGTTATTTAGAAAAAACTGATGAGATTAAATTTGGATATTCTATTGTTGATCATAAATGGATTCATGATAGGGCAGTTGAAGCTTTGCATTATATTGGAAGAAAACCAAATTGGCAAAGAGAGCCTAAAACTTTAGATCTTTCCTATGATAGATACCAAATGGAAAAAATCACTTCAAAAGGCTTTTCAATTGGTTATGTTGTTTGGGGAATGACATCAAAAGGGGCGTTTATTGTAGATGTTGCACCTTTGGTTGATGAAACAAAATATGAGGATATTGTAAAAGACCTTTTAAATAGATTCGCTGATTTAAAATTCAAAGACGTAACTATGGTATCTCTTCCAGAAGATGATCCTTTAAACAAAATACTAAAAAAATTCAACTTCAATGTATTTTTAAAACAGGTAGAAATGGAAAAAAGAATACATTAAAAAAATGCTCTGGTTTTAACCAGAGCATTTTTTTATTATTATACTGGATATATACTTTCATCTTCAACAAAATCTTCTGTTTCTTCAACAAGTTCGAAATCAACCTGTATTTCTTTTTCATATTTGTCTTTTAGATATTTTTTCCCTACTTCACCAAATAGGATATATGTCAATAAATCTTCATCTGTTTCAGCTAAAACACATATTTCATTTCTTGCTTTTTCTATTTCAGGTTTTAATAAATCTGCTGGTCTGCAGTCTATTGGTTTTTCGTTTCCAAGTGCTTTCTTTAAAAGTTCTTCATCTACTGGTGCAGGTGGTCTTCCATACATTCCTTTTAGGTAATTTTTAACCTCTTTTGTAATTGACTTATATCGTTCTTTATACATAACATTTAAAACTGCCTGAACA
NZ_CP009471.1_gap28	1032650	1036485	3835	ACGTCTATTTTTTCAAGATTTTTTAAATCTTCCAATATTTGCGCAATTCTCATGCCATTTTCTCCAATACATGCCCCAATAGCATCAACTTTAGGATCTTCTGAATATACTGCAACCTTACTTCTAACTCCTGGTTCTCTATATATTTTTTTTATTTTTACTATTCCATCTTCTATCTCTGGGATATTCATTTTAAATAACTCTTCTACAAATTCAGGAACACTTCTTGAAACAAGAATTTTTGGACCTTTAGTTGTTTTTTGAACACTTTTTATATAAACTTTTATTATGTCTCCATTGTACATTTTTTCTCCCGGAATCCATTCTTTTGCTGGTAACTTTGTTTCAAGTTTTCCTATTCTAATATCTGCATATTCTGGAGTTACTTTTAACACCTCAGCTGTTGTTATTTTTCCCTCTAATGTAGAATATGTCTGATATAACTTTTCTTTTTCTATTTCCCTTATACTTTGTTTAATTACCTGTTTAGCGGTTTGTGCAGCTATTCTTTTAAATTCTTTTTTAGGGTTTATTTTTTTCTTGATAATATCTCCAATTTGGGCTTTAGAAGATATCTTTTTAGCTTCTTCTAATGTAATTTCTTCTCCTTCATTTTCTACTTCTTCAACAACCTTCAACAGCTGATATATTGTGATTTCCCCATGATTTTTATCAACAATAACCTCCACGTTTTCCATTTCATAATTGTTTTTATATGCCTTTTCTATAGCCTTTTCAATTATTTCAAGTAATACTTCTTTTTTTATTCCCTTTTCTCTTTCTAATTCTGTTAATGCTTCTCTTAATGCAAGATTCATTATAATCACCTCCATTTACAAATCTATTTCTAAGTTTGCTTTTAATACTATATCATACGGGAATTCTATTATTTTACCACCATCTTTTTCTTTTATATAAATAGTTTCGTCATTTATATCTTCAATATATCCCTTTATAGCTGTTCTGTTTTGTACCCTTTCTTTTAGAATTACTTTTACTAACTTCCCTTTAAATCTAATAAAATCCTTTAAACTTCTTAAAGGTCTATCTAATCCCGGAGAACTTACTATTAAATCATATGATGTATCTATAAGATCTTTTTCGTCAAGATATGATTCTATTGTTCTTGAAAATCTTTCACAATCATCAATTCCAACATATCCATCTTCTTTATCAATAATAATTTCAAGCTTTACTTTTTTTCTAATTTTTTTAATCGATACGTCGAAAATTTCTAAATCCATATTCCTGGCAATTTCTTGCGATTCTTTTAAAATCAGGTCTTTTAAATCTTTCATTTTGCACCTCCTTTTATAATAAAACAGAATTCGAGGGCTACTGCCCTCGAACGATTATTTCTATATCTGCAATTGATTATACCATAAAATATAGGTAAAATCAAGTAGTTTAAATTAGTTGATTTTAAATCCGTATACTTCTTTTTCAAATTTAATTATATCTTCTTTATCTGTAATAACCTCTTTGTCAGTTGATATATTTTCTCCAAAAACATCACTTAATATTTTTTTTGCTTTTCTACTTGTATTATGTTCAATTTCAGAAATCATTCTCAATAATTGTCTTCGATTTTTTGTAAAAATATCAAAAACTCCACCTTTTATCATCTGTTCAATTATATTTCTTGTTATGCGTTTTTCCTTTGTTCGCTTTATAAAATCTTCAAAATCCTTATAATTCCCTTTTTCTTTTATATCTTTAGTTAAAACCTCTTCTGCAAATATACCTACTCCTTTTATAACCCTTAAAGGTAAATATAATGCATTATCTTTGCACATACCTTGTGGATAAAGAATACTTGCATTTTTAATTTGAATATTCATATACTTACTTTCTTCAAAAAGAGTTTCTGACAAACCTTTAAACTTTATATATTCCAAAAAGAATTTACATCTTTCTCTTGTTTTTATTTCAGCCAGCCAATAACTAAGATGAGCATATGCAACACTATGTGATTTATTAAACGCATATTCTGCAAATTTTTCTATTTTAGAGTAGAGCTCCTGTGATTCTTTATTTCCAATCTTTTTAGCTGCATTAAAAATAAACTTTTCTTTCAACTTTTTTAATTTTTCTATATCCTTTTTTGACATTGCTTTTCTAAAATCGTCTGACTCTTCTGGGGATAATCCTCCCAATTTTTGTGCAATATACATCACCTGTTCCTGAAAAATAATAACTCCCTTAGTCTCAGGCAAGAGTTTTTTTAGATATTCCCTGGAACTACCCTCAAGATACTCATCAAACATTCCAGAATTCAAAGGTCCCGGTCTATTCATTGCAAGTAAAATTGTTAACTCCATAAAATTTTTAGGCGCTAATTTTCTGGATAGTTTTTTACCCAATCTGGATTCAAGCTGGAATATCCCTTCTGTTAAACCAGCAGAAATTAACTTATATACTTCTTTATCTTCTAAATTTACAAATTTATCTTTAGCATATTTAAAATTAAAACGTTTTAACAGGGCAAGTGTATCTAAAGACAATATATCAAATTTTTCTATACCTGAAAGCTTTAATTCATCCATTTCCCATAATGTAATTGGAATATTGTTTTGCCTATAATCAAGAGGGATTTTTAATCCCATATCTTCTTTTGATAATATCACACCAGCCGCATGTACAGATTCAGCTATTTCCAATCCTTCAAAATAAAATGCAAGAGTATAAAACTTTTTTAATTTTTCATCCATATTAGGATATCTTTTCATATTTTCTAAAGACCTAATTGGAAATTTTAACTTTTGAGACATATCATATCCTAAAATTTCTTTTGCTTTTTTTACAGCGCTTTTTTCTTTCATTCTTACATATGTTCTAACCTGAGCAATACTAAAAATTTCATTTAATTTTTTTATGACATTATCTCTATTTTCAGAATCTATATCCAGATCTATATCTGGCAATTCTTTTCTAGACGGATTAAGAAATCTTTCAAAATATAAATTATATTTTATAGGGTCTATTAGCGTTATTCCCAACATATAAACTATTAGCGAACCAACAGCAGAACCTCTTCCTGGACCAACATATGCCCCTGTATTTCTAGCTGTTTCAACTATTTTTTTTACAGTTAATATATAATCTGAAACTTCCATATCCTTTATAACCAATAATTCTTTTTTTAATCTTTGCATATATTCATCTGGCAATTTTGCCATATAGGGCAATAGCGATTCATATAATCTTTTAAATCCTCCCATTTGAGGCAAATTTACATAAAAATCTTTTACATTATAAGAGAGAGTTGTTGAGTTTATATATTTTAATATATTACTTCCCAAATAATCTTCTATTTTAAGATTTCCTTTTAAACATCCACCAGAAATATTTTCAGAATCCAATAATTCTTTAACCGTCTGTGTGGGGAAAAGTATCTTCTCTTTTATCTCATTTTTTTCAAAATATCTTACATTTATATTTTCTTTTTTTCCGTTGTAAAATTGTATAATTTCCAACAACTCTTTTGAATTTACAGGAAAATAAATTTTTCCCTTCATTTCAAATAAAATATATGGTACTATTTTATATTTTTTAGCTAAATTAATAAATGTTGGCCAGGATTTCGGATGTGATTCGCATAAAATAATTGAATCATATCCAAATCTCTTGGCCATAGGAAAAAGGTCATTTATTTGTATTAGAGATTTACCTATACTTTTTGATGTGACTACAGGTCCTAAAAATTTTTTCAAATAGCTTCACCTCATTATATTAATTGGATACCTTTTTTAACAACTCTATCGTTTCTTCAAAAGAAAGATCTAATATATTTTCAGCAATTTCAGTTAATTCTTTTAAAGTCATATAATCAAGA
NZ_CP009471.1_gap29	1037499	1041190	3691	AATTGGTTTAGAAAATTTCTACATAACAATGGAGGAATGTTAATATGCCCATAGATGGACTTTTGTTAAATAAATTAATAAGGGAAGCCAAAAAATTTGAAGGTCAAAAAATCCGAAATATATATCAACCGGTAAATGATGAAGTGCTTTTGCAACTTCAAAACGGTTTTTTGTTGTTTGTATTAAAGAATCCCTCGTATATAATCTCACTTGAAACAAAACCAAATATGCCTGATACACCACAAAATTTTTCAATGTTCCTAAGAAAAAGAATTAAGAATGCTAAAATTATGAAAATAGAGCAACTTGGACTTGATAGAGTTGGATATATTGAACTTTCAGTAATAGATGAAACCTTTGAAATGAGAAATTACAAATTGTATTTTGAATTAATGGGAAGAAATTCAAATATATTATTGGTAGATGAAAATAATAAAATCTTAGATGCATTAAAAAAAGGGATTACACCTTCAAGAAGTATAATGCCTGGCGCAGAATATATTCCATTTTATAAAGAAGAATATATCAACATATTAAAACACGATAAAATTGATTTTGATATAGACAGGCAATTAATGGGTTTTTCAAAGTTAAGCAAAAAATTCTTTTTTGAGTATATTGAAAAATATGATTATATATCCTTTGTTTCTGAATTCATGGATAATTTAAATGTTTATACCTTTGATTATGAAAATAAAAAGGAGATCCTCGCTTTTAGACCTGTAAATTATGAATATAATGAATTTAAATCGCCTTCAGAAGGCTTATTAAATTTCTTTGAAAAGCAAAGTATAAATTCAAGGTTTTCTGAATTGAAGAGAAGATTGGAAAAGATAGTAATAAAAGAAATCGAAAAATATGAAAAACTTCATAAAAAGCTAAAATTAGAAGAAAAAGAAATACAAAAAATTCCCGAACTTGAAAAACAGGGACGATTATTGCAGGCTTATCTGTATATGTTTAATCAGAAAACTGATTTTGTTGAAGTAGAAGATTGGGAAACTGGTGAAAAAATGAGAATCAAGCTTAATCCATTAAAAACACCAAATGAAAATTTACAAACCATATTTAAAAAGGTTCATAAACTTAAATCAAAGGAAATTCACTTAAAAGAAAGACTAAAAATCACATCTGAAATGATTGACTATTTGTATCAACTATGGCAGAGCATAGAAATGGCAGAAGATATTGAAACATTAATGGAAATCAGGGAAGAAATGATTCAAGAAAGATTTATTAATGAAAATAATAAAAAGAAGAAAAGAAAAAAAATCATTTCAAAACCACTTGAATTTAATTATAACGGCTTTAAAATTCTCGTTGGAAAAAATAATATTCAAAATGACCAGATTACAAGAGAAGCTGATAAGGAAGACATATGGCTTCATGTACAGGGGATTCCCGGAGCTCATGTAATTATAAAAACAGAAAGAAAAAAAGATATTCCACAAGAAGTTATTGAATATGCTGCATCTCTTGCTGCATATTATTCAAAAGGGCGAATGTCTTCAAAGGTTTCTGTAGATTATACTCAAAAAAAGCATGTATGGAAACCAAAAGGGGCAAAACCAGGAATGGTCTTATATAAAAACTTCAAAACCATATACATAGAACCAAAATCCCCATCCTGAATCAGGATGGGGATTGTTTAAAAATTACAATTGTTCTGCAAGTTCTTTCGCTGAAGATATTGCATCTACTATTTGGCCAACTTTGTTTGCATCACCTATTACATATACATTATTAAATTCTTCTTTGAGTTTTTCATATAATTCATTTACAGGTTTTGTTCCTGCTGTAACTACAATATCATCAAATTCGCCTAAAGAAGTTATTCCTTCTCCTATTTTTTCAACAATAACTTCTTTACCTTTTATTTCTTTTACCATTGTTTTAGTATAAATATTTATCTTTGGAGCATAATTTTTCTGGAACAATTTACTTGCAACTACTTCCATTCCTCTTCCAACTTCTTCCATTAATTCAACAACAGTTACATTTTTACCTTCATTAACAAGTGCTTCTGCTGCTTCTAACCCAATTAATCCACCGCCAATTACCAATACATTTTTACCTTCAACCTTTTTACCGTCAAAGAAGTCAAATCCTGTAATGTAATCTGTTAAACCAGGAATTGGTGGAACAAATGGCTTTGCACCAGTAGCAACGATTATAATATCATAATTTTCTTTTTTGAGCATTTCTGGCGTTACTTCTGTATTATATTTTATTTCAACTGATTTTTCTGTTTTTCTTATAATATCTTCAAGTGTATCTTTCATATAAATCTTTCCTGGAGCTCTGTAAGCTAATACCCATTGACCACCAGCATAATCATTCTTTTCGTAAATAGTTACTTCATAACCTTTCTTAGATAAATATGTTCCTGCAAATAAACCTGCAGGTCCTGCACCAATAATAGCAACCTTTTTCTTTTCAGGAATCTTTTCAACAACAAATTCACTATGAACTTCTGGATTTGCAATACAATTAATTGGTTTTCCTGCTTTAACATTTGCAAGACAGCCCTGCAAACAACCTCCACATCTTACAAAATCATCTGAGTTAGATAAAATTTTATTAGGAAAATCTGGATCTATTATTAATTGTCTTCCAAATACAACTCCATCAATTGTTCCGTCATCTACAAGTTTCTTATATCTTTCATCAATTTGCATTCTTCCTACTGCAATAATAGGAATTTTTGTTAATTTTCTAATTTCTTTCAATCTATTATCCATTATATCTGTTGGTAATGACATGTGATTATAATACCATGGTGCTGAATCACATGCGTTACCCCAACCAACGTGAATAATTGATACACCAAACTCTTCTGCTAAAGCAAATATCTTTGTTAAATGTTCATCTGTAATTCCACCTTCAACAAATTCGCTTCCTGAGATTCTTAAAATTAAAGGTATATTTGTAACTTCCTTTACAGCTGATAAAACTTCCCTGGCAAATTTAAATTTATCTTTTCCATATTCGTCATCTCTTTTATTCAATCTTTCAGAATAGAATTGATGAACAATATAACCATGACCAAACTGGATTTCTATTCCATCAGCACCTGCTTTTTGTGCTCTTTCAGCATTTTCTTTAAATGCCTGTATTAATTCCTTTATTTCATCAAGAGTTAATTCTTCAGGAGTTACTCCTGTAGATGGGCATTTTACAGCAGAAGATGATTTTACAACTTCAGATGCTTTTGGATTTGCTGCCCTTCCAGCATGATTAAGATGTACAATTAATTTGGTGTCGTATTTGTGTAATGTGTCAACAAGTTTCTTTAATCCTTCAATGTGTTCATCAGTATCCAACATTACCTGTTTTGGATGTTCTTTTCCTGATTTTAACACTGATATAGGCTCAAGAATAATTGCTCCGACTCCACCTTTTGCTTTTCTTTCATAATATTTAATCAATTCTTCTGTAATAAAACCTGTCTTTGGTGTAGCTAATGCTGTTTTTACAGGTGACATAAAAATATGGTTTTTTGCTTCAAAATCCCTGAATTTCAAAGAAATCACCCCTTTTATATTTTAATATCCCCTTCTACCTAATCCTGCACCTCTTCCCATTCCATGTCCCATGCCGCGACCCATTCCTCTTCCCATTCCAGCACCTCTACCCATACCTCTCATTGCTGGATTTTCAGAATTTGGTCTTATAGCATCTTTAGGACATT
NZ_CP009471.1_gap30	1045046	1048770	3724	CAAATTCCTCTGTTGGAAATGGCCCTTCACCAACCCTTGTGGTATACGCTTTCAATACTCCCAATACCTCATCTAATTCAAATGTTGAAAACCCTACAGAAGATACACCATGAGCCATTGTTGCACCAGAGGTTACAAATGGATATGTCCCAAAATCAAGGTCAAGCAATACACCCTGAGCACCTTCAAAGAGAACAGAAGTATTTCTGAATACCTGCGCCATATCTATTGCTGATGTGAATTTGACATTTAATTTTTCAAGCTTTCTTTTTTGTTCCATTAAATAATTAAAAATTTCTTCAGATGTAAAATTAAATCTTTCTTTGTATATATTTTTCTTTAAATACATTACTTCTTCTAATCGTTCTCTTAAAAGTTTTTCATCAAATAAATGATATATTTTAAATCCTTCTCTTGATACTTTATCTGTATATGCTGGACCTATTCCTTTTCTTGTTGTACCTATTGGATTTTTTCTTAATTCTTCAAGGATTCCATCCTCTTCTTTATGATACGGAAGAACAAGAAAGGCTTCTAAATCTATGTATATTTTTGATGAAACTCCTGGAAAATCTGCTTCTAATATTTCCAGTTCTTTTATTAATTGTTCAATATCTATAACCATTCCAGCACCTAAAAATGCCTTTGAATCCCCCTCAGGAATTATAGACGGAAGCAAATGATTTACATATTTTTTCCCTTTATAATATATTGTATGACCGGCATTGGCACCACCAGAAAACCTTACTATCCATTCGTAATTTCCAGAAAAATAATTTACCACCTTTCCTTTTCCTTCATCACCCCATTGAGCACCAACAATAGCAACTCTTTCCATACTTTTGCTTCCTCCTTCCAACAAAGTAAAAGAAGCCCTATAAAGGGCTTCTTTTAGTATTTTTATGTAATTGTAATATTGTATATTTCCGCATTTTCTTTTCCTCCATACAAAAATACACATGTATTATATCATAATTATCCTGTGATTTCAATAATCATTTTTTAATTTCATATAATTATTGTATAAGATTATAAATTTTTCTATAGAAATATTTTCCGGCCTTGTTTTTGGATCTATATCTGATTTTTCAAGTAATTCATCAAGCCTATCCTTTATTAATCCCTTTAAATTATTCCGTATTGTTTTTCTCCTCTGCGAAAACGCAACATGAACAAATTTGAAAAATCCTTTTTTGTTAATATCAGGAATATCTTCTTTTGGAGTTAATTTTAATACAACAGAATCAACTTTTGGATTTGGAATAAATGCATGAGGTGGAACATTTAATACTTTTTCCACCTTACAAAAAAATTGGACAAATATACTCAAAGGGCTATAATTTTTCCCGCTTTTTGCCATCATTCTTTCGCCATATTCTTTTTGAACCATTAATAACGCTAATTGAAAATCTGGCGTCTCAAAAAAAATCTTTTCTAGTATTGGTGAGGTTATATAATACGGAATATTGGCGATATACTTTGGTTTCTGAATTTCTGATATATTCGCTTTTAAAAAATCTATAAATTGAATTTCTACATTTTGATATTCTTTAAATCGTTCTAATAATAATGGTTTAAGTCGTTCATCTATTTCAAATGCATATAGTTTTGCCCCGGTTTTAGCAATTTCCTCTGTTAGTGTGCCTGCACCAGGTCCTATTTCTATAACTGTATCCTCCTCTGTTACAGAACCTTTTTTTACTATTTTTTTAGCATATTCAGATGTAGACAAAAAATTCTGTCCAAGACTTTTTTTTAGTTGTATATTATATTTTTTTAACCAGTCTGATGTCTTCATTCTTCTCGCCTCGCATGTAAATATATATACTTGACAAAGTATAGTTTTTGTTGTATAATATCAAAAAAAGAAAATAACTGCCAATAAACCCAAATAAATGCCAATATCAAAGGTAAACAACTTGTAGTAATTCCCCCTGTTTAACTCTTTAGCAGCCCGAAAATCGGGCTGCTTTTTTTTATACATTATATTTTCTTTAAATAATCAACAACATACATTTTCCAGATATTTTTAAATATTATCAGCAAAGGAATTGTTATTAATACACCAACTACACCGTATAATTGGGCAAAAATCAACATCGAAGTCAATATCAGGAACCAATTTATATTTACCTGACCACCTGAAATTCTTGGCGCAAGCACCCACATCTCAAGTTGATTGGCAAAGGTTATTATTATCAATCCCTTTAATAATCCCATTAAACCAAAGTTAGTAAATCCTAATAACAATATTGGAATTGCTGTTATAAATATTCCTAAATATGGAATAAAATCTGTAATACCCGCAAGTATTCCTAAGAACAAAGCATAAGGGAAACCAAATACCAATGCCATTATCCAGGTTATCACACCAACTGATAATGCTGTTATTATCTGCCCTGAAACAAATTTTCTCAAATCATTATATGTTTTTATTAAAAAATCCTTTGTGCTATCTATTTCGGAATTTGGAAAAAACATATCAATAAGATTCCACATTCTTTTACTTGCTATTGCCATATATCCTGATGCCACTATTAATAATAATGCAATAGTTAGAAAATTGGATATATTAGAAGCTAAATAACTTGCAAATTGAACTATCATATTTCTTAAATAATCTCCTGCAGTATCCAATAATGTATTTACAACTTCACCAGTTGTTCCGGGAATTCCCTGAAAATCAAATTCAGCTATTGAATCAAAAACCTTTTTACTCTCTTCTATTGTAATAGGAATTATACTATAAAAAGCATATACTATTGCTCCATAAAATATCAATGAAGCTATAGGAACAGTAAGTTTTCTCGGTATTTTTATTTTTTCAAGATATGATGCAATTACATCTATTAAAATAGTAAAGAACATGGCTATTACTAAACTTCCAACTATTGTAGAGAAAATTTTTAATGATATCATAAACACTATTAAATACATCATTATAAACCAAAAGCTTTTTTTCATTATTCTACCTCCTTAGAATTAAATATTATATCATATGGAGGTTCAAGATCTGATTCCAGAGTTGTGGAATGAACATTTCTTTTAAAATACCACCAGAAGATATATGGGTCTGTTGCATAGACATCTGCTATCGAATATATCTTTGAATTTTTTATTATTACATTATCTATTAATATTTTTTTATCATTATATGATTCATCATATTCTATTTTATATTCTTTTTGAGATGCTAATTTTATAGAATTAGCTGGATTAGCCAGATAACGTTGTAATATAATCAATGCACTATTTTCATCTTTTTTCTTTTTTGCCTTTTTAGAATTTAAAAAATCCTTTGTCATTAAATAGCTATTTTGTGTTGTAAGTCTTTCATCTACCAAATACACTTCAGAATTAAATTTATTTTTTAGTTTTATTGCAAAATCTATTGTTTTAAATGTTTGTGTGGAATATCTCCCGGACATTGATATTGGAAGACCTACTATAAATATATCTCCATCTTTAAAAATTTCATTTTCAAGCACCTTTAATAATTTATCGCTTCCAACACTGTTTTTTATTGTTGGAATTTTCAAAGCAGCCTCTGCAGTAGCTATACCTGTTTTTTTTAATCCATAGTCAAGCGCTATAAATTTCAAAACGTTAACATCTCCTCTATAATATCCTTTTGAGTTTTTATAATATTATATTCAATTTCTTCATTTTTCAATATCTTTACAACTTTTTCCTTATCTTCTTCGGAAAATGCAATTACAGGATT
NZ_CP009471.1_gap31	1060322	1063528	3206	TATCTCAAAACAAAGTATACAATGAATTAAAAAACAAGGTTCCAAATCCACAATTTAGCATAATGTTCTTTGATTTAAAAAATATAATAAAATTTGCAGAAGATTATCTTGGGATTTCAGGATTAACAGAAAAAAATTATGGCGGATTGGCATCTGCTATATTAACAAAGGATGTTGAAGGAAATCCTGTAGTTGAAATTAATTTTGTTATGAAATAATACTCCTATAAATAAAAAAGCTGGTTCATTTTCGAACCAGCTTTTTATTATTTAAGCTTCTTCAACAGTATCTACAATTTTAACGATTTTATCGAGCTTTGTCATTTCAAAAATCTTTCTAACCTGTGATTGTAATCCTGCTAAAACAAGTTCTTTATTAAGATTTCTTGCTTCTTTTAATAAACTTACAACTGCCCCTAATCCAGCACTGTCAATATATGAAACCGCTGACATATCAATCACAAACTTAGTAAATTTAGGTTCAGCAAATTTCTCTTTTACCTTTTGTTTAAACGTTGCGGAATGATAAGCATCAATTTCACCTTCAACCTTTATTAAATAATAGGAGTCCTTTTCTGAGAAATCAACTGTGAAATCCATTATTCCACCTCCATAATCATGTACTATTAAGATATCTCAACGATATTATACCATATTTTTTTTCAGATTCAAAAACATTTAAAAAAAGATAATTTTATTCGAATAAATAAATTTAAATAGATAACTTGATTTTTATAAAAAAATAGTATATAATATTAATGATTATAAATCAAATACTTAATATTTTTAAGGAGGGGTTTTATGAAATTTATTCCTGTATTTTTTATGGCTTTAGGATTATTTATTATTACTTCAATTACAATAAGCTGGCCTACATCTTTTTTGATAATCTTTGAAATACTCTTTGGAATTTTTGCATTAATATTTCCATTTCTTGGAAACAAAAATACTGTACTTGAACTTTCAACAGATGGCGAAAAGGTAACATTAAGGGGTGAAGAAGCCGAAGAAATAATAGATGATATAACAGAAAATCTATGGAATAAACGTTTTTTAACCTCAAAAAATCGAAAAATAAAGTTTGTATCAGATTTGATTTTTGGTTTATTAACAGGACCTATATTACTACTCGATGCATTTGATATATATAACTTTAATTTTGGATATAAAGATATTTTTTTTGTGATAGTCGGCGCATGGTTAATATCCTATGGAATAACAAAAATCTTAAAACGATAAGCGGGGTGGGACAATGATATACGGCATATTATTTATAATTTTAGGAGCTTTAATATTATTATCACTTTCAGGAAATATTATAACAATAGGAATCATTATAAAAGGTTTTTTAGCCGCAGCAAGTATTGTATTTGGTATTTCAAATTTTAAGAAAAAAACAGAAGAAGCCCTTGCTTCAGTTATATTTGGCCTCTTACTTGTAATTGATATCACAATCGGATTTAAAAATCCTCTTTCCTTTGGTGATGTATTTATGCTCTATATTGGAAGTTTATTATTTTCCGCCGGATTAATTGGAATCTTTTCATTTAAAGTTTCTATATCCATGAAAAAAAACGATAAAACACAGGAAGAAAAAGTTTTTACGCCTGAAAAAAATTCTGAATTAAAAGTTTATATTGATACCAGCTGGAGTGATAATAGCGTAACACTAAACGAAGACGAAAAAAATAAAATTAAAGTTATCGAATCCTATAAAAATTCCTTATTTAAAAATTATATTCTTTTTGAAAATAACGAATTAAAGCTTAAAAACAAATTACGTTTTGACTCAATAAAATCCATGGAAAAGATGGCAAATATAATAAAAATCCCGGAAAATTATGAAACACATATTGAAATAAATTCAAACACAGGAAATCTATTACTGGATTTATTTGGAATAAACAACAAAATAACAAAAATTGACGCAAAAGCTTCAAAAATCCATATAATCCCATCTTCAAAGAACGACAGTGAAATTTATATAAAATCATATCTAAGTAACATTATATTTGAAATACCAAATGAAGTTTTTGTAATTCTAAAACACAATGGAGAATTTTCCATGAAAGATTTAAATAACTTCATCAAAAAAGATGACAACACATATGTTTCAAATAATTTCGAAAACTCCAAATACACATGTACTATCAATTTAGTATCAGAGATGTCAAAGATATCGTCCTTTTAAGGCTTTCCAATATGGAAAGCCTTAATTTTTTAGGGAATATTACCTCAACAATAGAAATATATTAATGAGTATATTCGCAGGAGGCGATTTTATATATGACAAGAGGTTTATATTTCTCAACAATGGGAATGCTTGCCAACATGGCTCAACTGGATAATATTTCAAATAATCTTGCAAATGCTGATACTGCAGGATATAAAAAAGATGAAATAATGTTTAAAGCCTATCTTGAAAAAGAATTTAGAAATTATGATTCTACCGATATAAACCGCGGAAAACATGTTGGTTATATGGAAACTGCTTTAATTGCCGATGAAACAAAACCCATATTGGAGCAAGGACAGATAACAACAACAAATAATCCTTTAGATTTTGCAATTTTTGGAGATGGCTTTTTTAAAGTTATGAGAAATAACAACATTTATTATTCAAGAAATGGAGAATTCAATAGAAATGATAAAGGATTTTTAGTTACTTCTGAAGGCGATTATGTTTTAGACGAAAATAATAAACCTATACAAATCCCACAAAATTTCAATGTTGATGAAAAAGGAAATATTTACAATGGTAATCAATTAACAGGTCAAAAAATAGCAATAGTAAATCTTGAAAACCCTTCAAAATTTGGAATAAATCTCTTTACAGGAAATGAAATAAAAGCTGATAATTTCAGGATTATTCAGGGAAGTATAGAAAAATCAAATGTGAATACCTTAAAAGAAATGATAAATCTTATAAATGCTAATAGAGCATTTAATATATTAGAAAAATCTGTAACTACCCAGGACACAATGACAGGTAAGGTAATAGAAAGCGCTCAAAGAATTTAAAATAATATAAAATAACCTATTTAAGATAATTCAAGGAGGAAGATATTATGTTAGTATCATTATATTCTGCATCAACAGGAATGATTGCTCAACAGAGAAGACTTGATACTGTATCAAACAATCTTGCTAACGTTGACACAACAGGTTATAAAGCTCAAAGGATTGAGTTTCAGGACTTGTTATACA
NZ_CP009471.1_gap32	1113154	1115869	2715	GGTTCAAAATACATATTAACAGGTGCAATACCCCTTCCAAGAGCATTACCTGTAGATTCCTTACCCTCTTTTTTAGCTGTTTTTAAGTTATATAAAAATGTTTTAAATACACCATTTTCAAGTATTGTTTTTTCCTGTGTAGGAACGCCTTCACTGTCAAATGGAGCATTGTTTAAAGAACCTTCATAATATGGAATATCTTTAATATTTACAATATCGCTTCCAATCTTTTCACCAAGTTTTTCCTTCAATGGTGACATATTTTTCTGTGCGTTTTCAGCTGAAATCATAGGAATAAGCATAGTTGCCAATAAACTGGTAAATTCGTCACTTCTAATAATAACTCTATATTTCCCGCTTTTCACCGATTTTGAACCTATTTTGGCTATAGCCTCTTCAGCTGCTCTTTTTCCAATTGCCTCAAGGTCTAATTTTTCAGGTTTTGGAGCAATTCCAAACCAGAATCCTGATCTTGGTGATTCGTCTTTTGCCACAACTGAAGCATATGCATATCCGCCATCGCCTTTATAACTCTTTTCCAATCCTAATGTATTTGCAATAATAATTTCAGATGTTTGGTGAGCAAACATTGCCATTGGAACCATCACAATTCTTTCATCTTTACCTGCTGCTTCTGACATTTTATATAATCTATCCAATTTTTCCTTTACGCTTAACTTTTCAAATTCACCATAATATGATTCAAATTCAGGATACTTCCCAGAACCGTCATAAAAAAGATTTTCTTCTTCTGAATCTATTATTTCATAATTTGTAATTGCTTCTTCCACTAACTTTTCAGGAGTATCAAATATCGTTGTTGAAGCTGTTCCTATCTTTCCATCCTTTAATACCGTTAAAGAAATTGAATTGCTATTTGCATCTTTATACTCATCCAATTCTCCATTGCCCAATCTTAAAGAAAATTCATATGTTCCATTATATGAAATCTGTGCTTCAAAACCTTTTTCTTTTGCTAATTTAAATGCTTTATCTTTAAATTCATTGAATGTCATTTATTTCGCCCCCCAACGATAATTTCAGAAACCCTTATTGTTGGCTGTCCTACATCAGCAGGAATGCTTCCTGAAATGGAACCACACATTCCCTGACCACGTTTTATATCGTTTCCAACCATATCTATCTTTTGAATTATTTCATAACCTTTTCCTATTAAAGTTGCACCTCTAACTGGTTTTGTTATTTTACCGTTTTCTATTAAATATCCTTCATTAACTGCAAAATTAAATTCGCCTGTTGATGGATTTACAGAACCTCCACCAAGTCTTTTTGCATATAATCCATATTCTGTATTTGCTATTATTTCTTCTGGGTGATAATCACCTGGCAAAATAAATGTATTTGTCATTCTTGAAGTTGGTGCAAATGTATAATCCTGCCTTCTTGCGCTACCAGTGGATTTCATACCCATTTTTCTTGCACCAAGCTTATCTATCATATATCCTTTTAAAATACCATTTTCAATTAATACATTCCTCTGTGTTGGCGTTCCTTCATCATCTACATTTAAAGAACCCCATGCATTTGGAATTGTTCCATCATCAACTGCAGAAACGCATTCTGCTGCAACCTTTTCTCCCAATTTACCTGCAAATACAGATGCGCCTTTTGCTACAGCTGTTGCCTCTAAAGCATGTCCAACAGCTTCATGGAAAATAACACCACCAAATTCATTTGAAATAACAACAGGATATTTCCCAGCTGGTGCTGGTTCTGCCTTAACCATTCTTGCAGCTGTTCTCGCAGCTACCTTTCCAGCTTCTTCTACATCTATAACATTAAAAAATTCAAATCCCATTCCTGCTCCAGGGCCATAAAATCCTGATTCCATAACGCCATTATGTTCTGCAACAGCATTTATCATTAATCTTGTTCTTACCCTATTATCTTCAACAAAAACACCTTCTGAGTTTGCTATTAATACATTTTGATCATATTCCCAATAATATACAACTACCTGAGATATTAAGTCTGAGTAATTTTTTGCTGCATTATATGCTCTCTTCATTACAGCAACCTTTTTTCTTTTTGAAATATCTTCAGGATACAAAAATACAGGATGTTTATTTTCATATTCTGTTTTGTTTAAATTTAAAACAAGGTCTTCTACCTTTATTTCACCAAGAGCTTCTCCAACTCTTTTGGCTACACTTAATAATGACTCTCTTGAAAGATCATTGGTATATGCATATACTGCCTTTGTTCCTAAAAATCCTCTAACCCCAACTCCAAATCGATTCCCTGTTGTTGCACTTTCAAGACTTCCATTCTTCATAGTAAAGTTATTTGTATATCTTTTCTCAACAAATACTTCGGCAAAATCTCCGCCGTGTTTGAGAACGGTTCCTATAATATCCTGTACAAGCTCTTTACTTAACACCATTTCACCCCCGAATATTTTGTTATGATATCATTATAACATAAGAACCCATAATTCGCAAAGCGAATTATGGGTTCTTATTTTTGATTATAATCACATAACTCTTTTATTGGACAAATATCGCACTTCGGATTCCTCGCCTTACAAATATTTCTTCCATGATAAATTAACCAGTGATGCGCCTGTCCCCACAAATTCTTTGGAATTTCCTTCATTAAATCCTCTTCGGTTTTTTTAACATCCTTTGCATTTGCCAGTCCAATTCTATTTGCAACTCTAAAGACATGTGTATCAACCGCAATTGCATCTTTTCC
NZ_CP009471.1_gap33	1310009	1311474	1465	AACAGCCTCTTTTCGAAACATAATAGTAGAATGTGTAATTGGATTATTATAAGGTAAAACTTTTGATATAATTTTTGTATTAAAATACCTTTTTTGATATGATAATATATTACTATTTTCATCAATTGTAACAGTAAGTCCTGATACAAGAATACATTCAGGATTTTTATCTAAAAATTCTTTTTGTTTCTCTAAACGTTTAGGAAAGGAAACATCATCTCCATCCATTCGGGCAATATATTTTCCTTTTGCTATTTTCAATCCTTTATTAGCACTTTCAGCTGCACCTATATTTTTTTCATTGATTAAAAAAATTATTCTATTATCCATACTTTTATATTCATTAATTATATTTTTTAAAACTTCATTATCTGGATTATCCAGTATAATAATAAATTCAAAATTTTTATATGTTTGATTTAAAATCGATTCTATGGCCTCGCGTAAATGTTTTTCTTTTTCATTATAAACACATGTAACAACACTTATATCAACATTACTTTTCATTTTCAACTTTCACCACCATAATTTTTATTAATTTAAAATAAAAAAATCTTAGATAAAACACCCTCTGCTATTATGAAAAAACTAAATATTGCACTTACCCCAAAGTAGGGGACAGCCTAATTTTAACTAAAAAATAACATTCTAAACAATGTTACTTTTTCCTAGCAATTTTAGAGCTTCATCTTCTTTTTCCGTTTTTATTCTTGTAGTCAAATACAATTTATTATAGTATTTCTTTCTTAATTTTTCGTCATACATTTTTTATGATCAATTTTATTTTTTCATTAGAAAAATTTTTTAACCTATTAGTTTTAAATATCCCTCCTAATAAAAACCATGAAAAAACAGCTCCTTTTGGAATGTAAAAAGTTACAATTAAAATACCATATATAATAAAAAATAATCTATTATTTATTATGATTTTATCAAAAATTCGATAATTCATCAAAATTAAAAAGAAAAAAATATACATTATTCCCAAAAATCCAAAAATTATTATCGCACTCGAAAAAATATTAAATGTTGCTTCTAACCAACCATATCCATATTCTTCCCCTAATACTGATATTTTATATCTTATATTATATGGACTTCCTGGAAATAAAAAATATTTAGCATTGGAAAAAATTATTATATCAGGAACATTTCTCCAAGAATTTGTATACTTAGAAATTAGAAGTAAAATTTCTATAAATTTATAAGACTTTAAATTTGGAAATATATCAAATATTTTTTCTAACCTAGGATAAAAATTAATTGTTAAAATTATAAAAACAATAACAATAAAAAACATTATTATAAAAAATTGTTTTAATGATAACTTTTTTATAAGAGAAAAACTGAATATTGATATTAAAAAAACACTTATACTTTTTGTCATAATTATTGTTAACATACTTACTATAATTGTTTCATAAATCAGTTTATTTTTTTTGTTTTTTTCAAATAAAACTAATTG
NZ_CP009471.1_gap34	1315235	1319668	4433	ATAAATTTTAGATTTGTTCCGTGAACATATCCCGAATCCTCTATAATTGTTCCATCTCTATCTATAAATAATCCTGGTTTTCTTTCTTTTTTTATCCATTCTGGAATTATTTTTTGTGCTTTTTGATAATCTTCTGGTATTCCTATATCTATAAATTTTCCACCTGTTGGTAATCCATACAATTTATTTTCTTCTATTAATTTTGGAAATATATCGGTTTCTATTGAGATTTTCTGATTTTTATATTGTTCATAATATTTCTTTAAAATATCTTTTTTGAAATAATATATTCCTCCATTTATATATCCATCTATTCTATTTTCTGGTAATTTACCTTTTTCAATAAACTTCGTTATTTTATAGTTTTCATCTATTTCAACAAATCCATATCTTGATATATCTTCACTAAATCTCAAAACTATTAATGCATTTGCTTTTTTTTCATTTATGAAGTCAAATACAATTTCATATTGTATATCGAAAAATGTATCACCATTTAATAAAATAAATTTTTCATCTAATTTTTTCCACGCATTAAATACCGCTCCACCTGTTCCTAAAGGTTCTTGTTCCTTTGAATATTCTATTTTTATTCCAAATTCTTTTCCATCTTTGAAATAATCTTCTATTATTTCACTTTTATATCCTGTTAGTAATAATACTTTCTCAAATCCATTTTCTTTTAATATGTTTACTTGATGTTCTAAAAAAGGTTTATCTCCAATTAATGCCATTGGTTTAGGAATATCTCTTACAACACTTTTTAATCTTGTTCCTAATCCTCCAGCTAATATCACAGCTTGTTTTATCATTATTTTTCCTCTCCGAATATTTCTTTTTCTACTATTTCACAGATTATATGACCTATTGTTATATGTGATTCTTGTATTCTTGGTGTATCATTTGATGGAATATTTATTAGTATATCTGCATATTCTTTTATTTTTCCACCAGTTTCTCCTGTAAAGGCTATTATTTTTATATTATTTTCTTTTGCATATTTAAATGCTTTTATTATATTTTTTGAATTTCCACTTGTGCTTATTCCAACTATTATATCACCATTTTTTGCAATCCCCTCTAACTGTCTAACAAATACTTCATCATATCCAAAATCATTTCCGATTGCGGTTAATACTGAAGTATTAACTGTTAAAGATATCGCTGGCATTGGTTTTCTATTTAGATAAAATTTCCCCATTAATTCTGCTGCTAAATGCTGAGCATCTGCTGCACTTCCGCCATTTCCGCAAAAAATTACTTTGTTTCCTTTTTTTATTGCATCTATTATTATTTTACTTGCTGATTCTATTTTTTTTAATAATTTTTCATTTTCCAATATTTTATTTTTTATTTCTACTGATTGTTTGATTCTTTCTTTTATTAGATTTTCCATTTTTATTTCCTACCTTTCTACTTTCCAGGTGTGTAACCCTTTATCTTCAAAGGTATAGTTTATTATTTCTGCTCCTTCATTTTTTAATGCTTTTATTACTTCATATCTTTTATCTATATCTGCAAAGAAGAACATAAATCCTCCTCCGCCTGCTCCAGATATTTTTCCGCCTAATGCTCCGGATTTTTTTGCTTCTTCATATATTCTGTCAATTTTTTCATTTGTTATTCCATCTGCCATTTGCTTTTTATAATTCCATGCTTTGTCCATTAATAATCCAAATTTACCTAATTTTCCTATTACCAAAGCATTTTTCATTTCAACAGCTATTTCTTTTATTTCATGCATTGCTTCAACTGATTTTTCATTTTTATTTTTTACATTTTTTATTTGTTTTTCGAGTATTTCTGATGAATTATGACTTCCACCTACATATGCAATTACTAAACTATGATTTAATTCATTTATTATTTCTTCTCTTAATTTTAATGGATTTACTATTGTTTTTGAATCATAAAATTCCATGAAATTAAATCCACCAAATGCCGCTGCATATTGATCCTGTCTTCCACCTTTTATTTTTAAATCTATTCTTTCTATTTTAAAGGCTAATTCTGCTATATCATATGGAGTTAATGGCAAATTCAACCATTTTTGAAATGCGCCTATTAATGCAACACATATTGCTGATGATGATCCTAATCCAGAACCTGGAGGTGCATCATTTTGAATATATAATTCAAATCCTTGATTTATGTTATAATTTTCTTTCATATAATTGATTACACCTTTTATTAAATCCAATTGACCATCATATGCTAAAAATTGGTCTATATCAAATTTTATTGTTTTATCATAATCAATACTTTTTATGATTATATCTTTATTTTCAGTTGGTTTTAAGGTTACTGTTGCATATCTATTTATTGTGGTATTAATTACATATCCTCCATATTTATCACAATATGGTGAAACATCTGTTCCACCCCCACCAAAACTTATTCTTAATGGTACTCGGGATCGGATTTGCATTATTAATTCTCCCTTCATTTTTGTAATTATATATTGCTGTACATAGCCAAAAACTTCTCTCCTATTTTCTCAGCAGAAAAATTACTAAAACCATAATTATAAAATTCTTTACAGATTTTATTTTTTTCTTCTAAATTTTTTTTCAAATATTTATTTAAAACCCGATTAAAATCGTTCAAATCATCTTTTTTTATAAGAAATTCACTTTTTAAATGTTCTGGCATCTGTTCTGATAAAGCTCCAACATCAAAAGCTATTATAGGTCTCGAATGTCTATATGCTTCTAAAAGTACTCCTGATTGCGTTGCTGAATTATATGGTAAAATAACTATCTCACTTTCATAAAAAAATTGATGCATTTCATCTTCATCGACATATTTATCAATTAAATTTATATTTTTGCATTCTTTTATATGTTTTTTTATGAACTCCATTTCTTCAGAGACTTTTCCAACAATATTAAAAATTATATTAGGATTTAATTCTGCAAGTTTTATAACTTTCTCTATACCTTTGTAAGGCTGAATTCTCCCAAAAAAAAGAACTTTATTTGTACTTTTAACTCTTTTATATGGCAACCATTCATGCCATAATTTTAAAACAAGAACTTTTGATTTGTCTATATTATACTTTTTAGAAAATTTATCTTTAAATTTTTCATTATGCAATATAACATAATCAACATTTTTAGAAATAAATTTATTATAAAAACTAACATTTCTAGTATTTTTCTCATTTTCATGAGGAAAAGGATCATGTATAGAATGCAAAATTTTAATTTTCCCCTTAAATTTCATGATAATAGGAATATTCCAAACATGAGAAGAGTAAAAATATATATATTCACATTTTATTTTTTTTAACTGAGAAAGAATTTTTTTTATTTCAATAATATTAAAAGTTTTAAATTCAAATCCAGGTGTATCAGGAGTTTCAAAAATTAAATTATTTTTATCTAAAACTCTTTTAAAAGATATATCGGAACTCCCGAAAGTAAATAAACTTACATTTTTTGAATTTGATTTTAAGACATCATATAAAGAATACATATATTTTTGCAATCCATATTTTGTTGAAAAACTTATAATACATATTTTCTTCACTACATAGCTCCCCTCTTCCATAATACTGTCTCAATTGTTTGAAGTATTATTCTTAAATCGAAAAGTGTTGATCTGTTTTTTACGTAATAAAGATCATAACTAAGTTTTTTTCTAATTTCCTCTTCTGTTGAAGCGTATTTATACATTATCTGTGCCCAACCTGTGAGACCTGGTTTTACTTTATGTCTTGCATAATAATAAGGAATTTGTTTGTTAAATTGTTTTACAAAAGGGATTTGTTCTGGTCTTGGGCCGACTATTGACATATCACCTTTTAAGATATTTAAGAATTGCAATGTTTCATCAATTCTTATTGGTCTTATTATTTTTCCTACTTTTAATATTCTATCTTTCTCATCATCTGCAAATTTAGGACCATCTGTTTTTACGTTTTTCATACTTCTAAATTTATGCATTGTAAACGGTTGTTCATTTTTTCCAACTCTTTCCTGTTTAAAAACTATAGGTTTCCCATCTTCTAGATATATTAATATTGTAGTCAACAACATGAACGGTGAAAAAATGATTAAAGCTATTGATGAACCGATAATATCCAAGATTCTTTTAGCTGGCGATTCATGATCGTTTTCAAAGATTATAGAATAATATTCTTTGAACTTTTCTATCACTTCCAAAGGAATTCTTTTCAAATATTTTTCTGCTATGTTTGGCAAATGTTCTATAGGAATTCCAAGAGTTTTGTATTCTTCTAATTTATCTTTCACTATTTCTTCGAGTTTTGGGTCGGTTACGAGAATTGCATCGTATTTTGATGTGTTTTGTTTATAGGTGAAGTTTATTATTTTGTTTATTCTGTTTTTTTCTTTTTCTGAGAATCCATCTTTTACCAATTCTTCAAGTCTTATTGGTGATGGATTTATATAATCTACAAACTGTAATTT
NZ_CP009471.1_gap35	1324694	1327074	2380	TCTATGTGTCTTTTTATTTTCATTAGTAATTCATATGGTTGAACAGGTTTTTCCAGATAATCTGATGCCCCCATTTGAAATGCTTTTTCTTTTTGTTCTGGATCCTGTATTGCTGTGTGAAATATTATTGGGATTTTTTCAAGTCCTTTTAAAGCTTTAAATGCTTTACATATTTCAAGTCCTGACATTCCCTTTAATTTTTGTTCTAAAATAACAACATCTGGCTCATGTAACTGAGCCATTTTTATTCCTTCGATACCAGTTGAAGCTTTGTATATTTTAAACGGTTCATCGAATTTTAATTTTTTTATTATGTTTCTTTTTTCTGTGAATATTTGTTTTAAGAAATATACATGATCCTGATTGTCATCGATTATCAGAATTTTGATCATTTAAATCTTTCCCTGAAAAACCGTATGGAAGTAATTCCTCTACTGTCATTATTTTCAGGTCTTTTTTGAGGTTTGTGAGTATTATGTTTTCAACACCAAATTCCGCAATTACCTGTCTGCATGCACCACAAGGGCTAATTGGTTCATCGGTTTCTCCTATTACTACTAATGCTTCAAAGTTTTTTTCGCCTTCTGATACAGCTTTGAATATTGCTGTTCTTTCTGCACACATTGAAAGGCCATATGACGCATTTTCAATGTTTGTACCGGTATATATTTTTCCGTCTTTTGTGAGCAATGCAGCACCAACTTTGAAGTTTGAGTATGGTGAATATGAGTTTTGCATTGCATCTTTTGCTTTTTGGTATAACAGGTCAATCTTCTTTTGGTCTAATTTCATTAAAATCCTCCTTAACTGTTATTTTTACTTTGTCTATTTTGTTTTTCGAGACTGAGACTATTTCAAATGTAACTCCATCGAGGGTTAATTTTTCACCTGCTCTTGGGAATCTTTCGAATTCTTCGAGTAAAAGCCCGCCTATTGTTTCGAAATCTGTTTCTGGAAGTTCTAAGTCGAGCTCTCTTTCTATGTCGTTTATTGGTGTTGTTCCGTTTACGAGATAATTATTTTTGCCGAGTTTTACTATGTTTATTTCTTCGGAAACAACATCGTATTCATCGAGTATTTCACCTGTTAATTCTTCAAGTACGTCTTCGAGGGTTACTATTCCTGCTGTTCCACCGTATTCGTCCACAACCACGGCAAGATGTGTTCTTTTTTCAAGGAATAGTTTCATTACGTCTCTGAGTTTCATTGTCAATGGAATGAATTCCACTTTATGCATTATGTGTTTTATGTTTAGTTCTAATGTTTCTTCGTTGAGTCCTTCTTTTTCTATGATTTTAAATACGTCTTTGGCATAACATACGCCTATTATGTTGTCTATTGAGTCTTTGTAAACGGGAATTCTTGAGTATCCTTCTTCGTTGATTATTGTGATTAAGTCTCTTATTGATTCTTCTTCTGATATTGCAATTATATCAACTCTTGGTGTCATTATTTCTTTTACTGATATTTCTTTTAGTTCGAGTCCTCTTTTCATTATGAATTTTTCGTCTTTTTCTATTACCCCTTCTTCATGCCCTATATCAAGGTAATTTATGAGTTCATCTTCGGTGATAAACGGAGCCTCGCTTATTTTTTCTCCACCAAAAAGTCTTATGAAAAAGTTTGAAATGCTTACAAGCAACCATATTATTGGTTTTAATATATATGTGAGAAATGAAATCACAGGAAATACAAAATTAAAGAATTTTTCGGTGTTTTCTCTGGCGTATACTTTTGGTGTGATTTCACCAAATATGAGTATTGCCAATGTGAGTATTCCTGTTACTATTCCAACAACTTTTCCGGTGTTTCCTGGAATCATTTCAATTACAAATGCAGTGGTAATAGATGATACGAGTATGTTTACCAGATTGTTCATTACAAGGATTGTGGTGAGCAATTGGTTTGGATGTTGTAAGAAATGATGTAATTTGTCTCTTGCATGTTCATCTTCTTCGTTTTCTATCATGTCTTTTACTTTAAGCCTGCTCATGGATGTTAATGCTGTTTCTGATGCTGAAAAGAACGCTGACAGTGATAATAATCCCACAATCTCGAGTAACATTATTATGATGCTCTTATAACTGGTAGGGTCGTCCACTTTGCTTTTTCCTCCTCTGTTATCTTATTTTTTTGAATCCATACCCTAATGCCTCGGAGTTCTGGAGTATGGAAATGAATGCATTGCTGTCTTCTTCTCTGATTATTCTTCTGAAATCTCCAATTTCACGACGTGAAAGAACTATCATTAATACGTTTTTGTCCTGATATGTGTATCCGCCTTTTCCCTGAAGTATTGTTACTCCACGGTCGAGTTCTTTTAATACTCTTTCTTTTATTTTATCATATTTTTCGCTGATTACAAATACTGTTCTGGTTG
NZ_CP009471.1_gap36	1381160	1383941	2781	GAAGATGTTTTGGTTCATTCTGGATATTTAATCAATCTTGCTTCTCATAAGGATGAAAATTGGCAAAAATCTATTAATCTTATGATTGAAGAAATAAAGGTTACAGCAAAATTAGGAATTAAATATTTTAATGTTCATCCTGGTTCTCATCTTGGTAAAGGTGATGAATATGGTTATGATAGAATTGCAAAGGCTTTAGATATAATTTTCAATGAAGTAAAGGATCTTGATATTTATATACTTTTAGAAAATGTTGCAAAAAAAGGCGGAAATATTGGCTGGAAGATAGAACAATTGGGAGAAATTATTAATAGAACATCCTTTAAAGATAGAATTGGTATGACTTATGATACATGCCATGGTTTTGATTCTAATTATGATATTAGAAGTAAAGATGGAGTAAGAGCTTTGTTAGATGAAATTGAAAAATATTTAGGTTTAGATAAACTAAAAATGATTCATTTAAATGATTCAAAATTTCCTTTAGGAGCTGGAAAGGATAGACATGAATTTATTGGAAAAGGCGAAATTGGTATAGAAGGATTTAAAACGTTTTTCTCTTTTGAGGAAATTTTAAAAATTCCTATGCATTTAGAAACACCTGGCGATGATCAGGAACATGCTGAGGATATAATCACTGTTAGAAAAATTCTGGAAAACCTATAACGAGGGGAGTGGAAGGATGTCAGAAAACTTTGAAATTTTTGATGTTGAAGAAGAAAAACCCAGAAAAAATAAGCATATTTTTAGAAAGATTATCTGGGCTGTTGTAATTTTATTGGTTTTAGCCTACGCAGGAACAAGCGTATATCAGGTTGGACCATCTGAAATGGGATTGGTACTTACTTTTGGTAAGTATACTTCAAGTACAGGGCCAGGGATTCACTGGCATTTGCCATATCCATTTCAAACACATAGAATTGTGGATGTAAGAACTTTGAAAAAGATTGAAATTGGTTTTAGGACTGTAAATTATCGTGGAAAGATTGAGTATCAACCTGTAGATGAAGAATCATTAATGATTACAGGTGATGAAAATATTGTAAATCTCGAAGCTGTTGTACAATACAGAATTGCTGATCCTGTAAAATTTGAATTCAGGATACTCAATGGATTTGAAATGGTAAAATTTGCTACAGAAAGTGTTTTAAGAGAAATGGTTGCTATTAATCCAATTGATAATGTTTTGACCACTGAAAGGGATAGAATTGCTATGGAAACTGCAGCAAAGGTACAGAAAATTCTTGATAGCTATGGTGCAGGTATAAAAATTGAAAATGTTTATCTTCAGGAAGTCAGTCCACCAGCTGAAGTTGTAAAGGCTTTTGATGATGTTAATAGCGCCAAACAGGATAAGGAAAAATTCATAAATGAAGCAAATAGATATGCAAATGACGTTATTCCAAAAGCTCAGGGTGAAGCTCAAAAGATTATGAGAGAAGCTGAAGCTTATGCATATGAAAAGGTTGCGCTTGCTACAGGTGAAGCTAAAAGGTTTAAGGCTATGCTAAAAGAATATGAGATGACAAAGGATATTACAAAGAAACGTATTATTTTTGAAGCTATTGAAGGTTTGCTTAAAAATTCAAAGGAAAAGATTATTGTTGATAGTTCTGAAACTTTAAAATTGCTTAATTTGCCAGAAATAGGTGGTGGTACAAAATGAAGCTCACCAAAAATAAAATAATTATAATTGTATTATTAATTTTAGTTGGTTGGTTGATTTTATCTTCTATGTTCATTGTTAACCAGGAACAACAGGCAGTAGTTTTAAGATTTGGTCAAATACGAAAAGTTGTAACGAAACCGGGAATTAATTTTAAAACACCATTTGTTGATAATGTGGTAAAATTTGAAAAAAGGTTAATGTTATATGATATTGAACCAGAAAGAATAATAACTGCAGATAAAAAGACTATAGTTGTTGATACATACGCAATCTGGAGAATTAATGATCCAAAAACATTTATGGAAAGTATGCGTTCTGTACAGCTTGCTTTGACAAGAATTGATGATGTTGTATATTCAAATGTCAGGGATTTAGTTGCAAAATATACTTTTGAAGAGGTTTTATCTAAAAAAAGAGAAGAAATGTTAAAAGAAATTACTGAAAGAAGCAGTCATAACCTTAAGGATTTTGGTATTGAAATTGTAGATGTTAGGGTTAAAAGAACTGATTTGCCACCAGATATTTCAAAAGCTGTATATAATAGAATGATGGCAGAAAGATATAGTATTGCTGCCCAAATAAGGGCTGAAGGTCAAAGAGAATCAGAAATTATAAAAGCTGAAGCTGATAAGAAAGTTAAGATTATTATTTCCGAAGCCAAGAAAAATGCCGAGGTTATAAAAGGTACTGCAGATGCAAGTGTAATTACAATATATGCTGATGCATATAATCAAAGTCCAGAATTCTTTGAATTAAGAAGATTAGCTGATATATATAATTCTTCTATGGAAAATAATATATTATTACTATCACCAGATTCACCTATTTTAAAGTTCTTATATGAGGAGAAGTAATATTGATGAAAAAATTGTTAATACCTTTTTTGTTTTTAATATTGTTTATATTCATTTCATGTGATCAACAAAGCAAAATAAATATTACAATCGAAGGTGACATTGCGTCACCTTCTTTCCCTATTAAAATTCAAATTCCTCAAAGTTTAGATTATGAAGTAAAATTCTTCGAAGGAGAAAATGAAATTAAATATGAAAAAAATGGAAGCGAATATTATTTTAAAGATTTAAAAGAAGGAAAACATACATTAAGAATGG
NZ_CP009471.1_gap37	1451403	1455599	4196	CTTGTATATGATGGAAAGCTTGAATCTTTGAGACATTATAAGGATGAAGTAAAGAGAATAGAAGCTCCAAAGGAATGTGGTGTAAAAATCCTTAATTTTGATGATATTAACGAAGGAGACGAAATGGAATTCTATAAATTTATTCAGGTTGAAAGAACACTTGAATTTGGAAAAAAGGAAGAAGAATAAAAAAATTAATAAATGCAGGGAAGTGATTTTATGAAAAAGCTTCTTTTAACGCTAATTTTATTTGTAAATGTGATGTTTTTTGGTTTTGAAACATTATTGCCTTCAGGAGAGGTATTAGATGAAGGGATTTTGAAAATTGATACAATCACTCCCGGAGTTGCAGCTATTAGATATGGGTTATTTGGAATTATGGAAGTTGGTGTTTCAACAAGCAATGGAGGAGCCTATATTAAAGTTGGAAGTAATAAGATGGGAGATCTTCCTCTGGCAGGTTCTGTTTCTTTTGGTTTTGAAGGTGTGGAAAGTGCCCACATAATAGGAAATATTTCTTATATAAGCGATTCGTTAAAACTATCTGTGGGGACAGACTATACACAAAAAATGGAAACAGAATTTAATGAAACAACACAGGAGCCGAAAACTATTATCGATTCATATTTCAATATTTTCGGAGGGTTAAATTATTTAATAAGTAGCGACGAAAAGACGGATAAGTTTTTAAATATTGAAGTAACAACAGGATTTAAAAGCAATGGAACTGAATATGGTATAGCTGGTTATATTTATGGAATTCAGTCATTTAAAAAGTTCTGGTTGTTTAATAAGGTAAATGTTTTTGGTGGATTGGCTGTGGTAAATCCATCAATTCCTCCAAATATTCTGGAAAATTTCAGAGTAGTTTTTGGACTGAATACAGAAATAAATCTATTTGGAAATAAATAAGCTCGCATTCATGCGAGCTTCTTTTAGTATGAGGGGGTATTGTTTATGAATGTTCCACTTTCTGATGCAAGTTTAACAGAAGAAGAAAAAAAGATATTATTAAATGTTTTTAGAAGAAAAAGATTGGCTTTGGGGTCATTTTTAAATAAATTTGAGGAAAAGATGAAAGAGTATTTTAATGTTGATTATGCCGTTGCTGTAAACAGCGGAACATCTGCTTTACATTTGATTTTAAGGTCATTGGGAATAAAGGAAAATGAAGGAATGATAGTTACGCCGTTTACATTTATAGCTTCATCAAATGTTGCCATGTTTGAAAGAGCACATCCTGTGTTTATTGATATTGATCCAGAAAATTATAATATTGATATTGAAAAGATAGAATTAACCCTTAATGATATAGATCATCCATTATGGAAAAGGATTAAAGGTTTAAAGGATATAACTTTTTTTATGGGGGTTGATATTTTTGGTCAACCTCTCGATTGGGATAGATTTTTTGAGTTGAATAAAAAATATAATTGGAAGGTTGTTGAAGATTCTTGTGAAGCTATAGGGGCAAAATACAAGGATAGAATGGTTGGAACACTTGGTGAAGCGGGGACGTTTGCTTTTTATCCTAATAAGCAGATTACTACCGGTGAAGGTGGTATGATTATTACCAATAATGAAGAGATAGCGAAGCTTTCAAGGTCTATGGCAAATCAGGGTCGCGGTGATTCATATGAATGGCTGGAACATGTTAGATTGGGGTATAATTATAGAATGGATGAATTATCAGCAGCTTTGGGATATGTTCAAATGAAGAGACTTGATGAAATACTGGAAAAAAGGGAAAATGTAGCAAAGAATTATTATGAATTATTTAAGGAAGAGGATAGAGTAATATTACCTCATGTTGAGGAATATACAACAAAGCCAAGCTGGTTTGTATTTGTGGTTCGTCTTTCCCTGGATTGGATTTCAAATTTTATTGATATTCCAGAATATATGAAAAGTTTTGATTTACCTTTGTATATTCCAGATAATGAAAGGGAATTATGGAAGAGCAAGATTTTGGAAATAAGGGAAATTACTTATGATATAATAAAACAATTAAATGCAGTTGGAATTCAGGCAAAAAACTATTTTTCTCCTGTGCATTTACAGAAGTTTTATAGGGATTTATATGGTTATGAATATGGTGATTATCCTGTAACTGAATTAATTTCATCGTTAACGATAGCTATTCCTTTTTATACTGAGCTTGATTTTGAAAAGCAGCAATATGTTGTGGAGAATTTTAGAAATATACTTAATAATTATTGAGATTTATACATTTTGAAAATTTTTTGTGTTGTTGATTGTTTCTCTTTGAGAATTTTCACCTGCTTGAATGAACTTTTTTATGAATGTTTTCTTAACTAATTTTCCAATAATTATGTATGGTTATTGGAAAACCTGATGTATAATAATTGAAATAGTTTGTAATTTCAGAAAATAAAAAATTAAAAAGGTGGAGAGTATGAAAAGAAAAGCACTTTTGATGGTTCTTGATTATATTATATTTTTTGTAAGTTATATAATAGCCCTATTTTTCAGATTTCAAACTGACTATGTTGAAATGGAAAAGTATATATTGCCGATATTTTTGTTTCCGGCAATAATGATTCTGGTTATGTATGTGAATAAAATATATGACCAGATATGGAGATTTGCTACTTTAAAGGAAATAAAGCCTATTGTATATTCAGCATTTACGGGATATCTTTTAAATTTTCTTGTTGTTGAGGCAATTAGAAGACTATTTTTTAAATCTTTTTCATTGCCTCTTACAGTAGGGTTTATAACTGCCCTTTTAGGAAGTATTCTGGTTATTGGGAGCAGGACATGGTGGTTTTCAAAGAATAAACATATAGAAAATCATTATCCTGATAATAGAAAGAATATTCTTATTATTGGTGCTGGTGAAGCCGGGGTTGAATTGCTGGATGAGTTTTTAAGAAATCCAGAAAATGGTGTTGTTAAAGGATTTTTGGATGATGATGAAATTAAGATTGGAAGATTAATAAGAGGGATTCCTGTTTTAGGGAAAACAAATGAAGTAATGGATTATGTTGAAAAGCTAAAAATAAATGAGGTTATAATTGCTATTCCTTCCGCAACATCAGAGGAATTAAAGAAGATTATTAGTAATATTGATACAAAACGAGTTAGATTAAAAACATTACCAGGTTTGTTTGAGATATTAAATAATAAAGTATCGTTGGGATTTTTAAGGGATGTTAATATAGAGGATTTGCTTGGTAGAAAGGAAATAAAGGTTAATTTTGATGAAATAGGTTTTTATATAACCAATAAAACTGTTTTGGTTACAGGTGCTGGCGGTAGTATTGGTTCTGAAATTTGTCGTCAGGTTGCAGCGTTAAATCCTGAGAAATTATTGATTTTAGGTCGTGGTGAAAATAGCATATTTAAAATAAACAGGGAATTAAAAGAAAAGTTCCCTAATTTAAAAGTTGTTGAAATTATCAGCGATGTAACCAATGAAGATAGAATGGAAGAGGTATTTAAAAGATTTTCGCCAGATGTTGTTTTTCATGCTGCCGCACATAAGCATGTTCCCTTAATGGAAAAGAACCCTTCTGAGGCTTTTAGGGTTAATTCATATGGGACTTATATACTCGCCATGTTGTCAGATAAATATGATGTTTCACATTTTGTTTTTATTTCAACTGATAAGGCAATAAATCCAACATCTATTATGGGAAGTTCCAAACGACTTGGAGAAATAATAATCAGGTCTATTTCCAGAAGGTCAAAGACACATTTTGGAATTGTTAGATTTGGAAATGTTCTGGGAAGTAGAGGCAGCGTTGTGCCGATTTTTAAAGAACAAATAAAAAATGGTGGTCCTGTGACAGTTACACATCCAGATATGAAAAGATATTTTATGACTATACCTGAAGCTGTAGCATTGGTATTGCAAGCAGGAGCTTTTGCAAATAAGGGAGAAGTATTTGTGTTTGATATGGGAAAACCTATATCCATAGATTATCTTGCACGAGAGATGATAAGATTATCCGGGTATATTCCAGATCAGGATATTAAAATTGTCTATACAGGAATAAGGAATGGTGAAAAATTATATGAGGAATTATTTCTGGATTCTGAAGAGTTTTTAAAAACGCCAAATGATAGAATATATATTTTAAAAGAGAATAAGATTTTAAATGAGAAAGAATTAGATAATTTGATTTTAAAAATAGAAAGAACCTTTAAAGCTAATGATTTTAAACTTATGA
NZ_CP009471.1_gap38	1457352	1460608	3256	GATGATGTTGATATTGAAATATTTATAGACAATGAAGATGATGAGAATGAGAATTTATGGGAGATAATTGAAGAAATCGAAGAAGAAATAAAGAGTTTACTTGAAGCAGAAGAGACAAAAAGTCAATTGAGAAATGCTGATTATTCTAAATTAAATAGAGATGAAAAGATAGATGAAATTTATTCTGAAATAAAAAGAAGTTATTCTATATTTAATAATAAAATAGAAGTAAATAATCCAATAGAAAAAGAAGAAAAACTCTTAAAGAGTTTAATATTGATATATGGAATAGAGGCAATTGTTGAATTGAAGGATAGGCTTAAAGATGATTTTAAGCATATTTCGGTTGAAGAGATTCTGGATAATTATTTAAAAAATTCAGAAGAAGGCAAAATAATGGAGTATAAAAAATGGTATAAGGATGTATTAAAAAATCTTGGAAGAAATCTAAAACAAATAAAATAAACCCGTAAGGGTTTATTTTATTTGAATAATAAATTTTAAACAGGGGGTAATTAGAAAGTGGCAACTAAAAACTATTTTTCACCAGAAGAAATTAACCCACAAAATCCAGTATTTTCAAGGATCAGAACAACTATTGAAACAGCTTTTTTTAGAAACAACGTGGTAAAGGTAGATTCGCCAAAAGAAGCATATAAGCTTGCTAAAAATTCTCCCGGGACAATTATAACAGATTTAAATGTTTATAAACCTGAGTTATTGGCTCTTGATGAAGGCGCCAAGATTTTAATTTTTAATGATGGAGCTGTAACAGGTAGATATGCAGCTGGTAGAAGAATTGTTGGAGAGCCAGATGTTGATGTTGAAAAATATGCAGAAATAATTAGAGAGGCTGTATATAATACAAGATTTAGAAAAATGTATCATGCAATTTCATTTACAGGTTTACATGAAGATTTTATTATAAAAAATCATCTTTTAATTCCTGAGGGGCATGAAAATATATTATATAATTGGTTATTAAACTTCCAACCATTTACAGTAGAATTCATAAAAATATATGAAAATTCCGTTGTTTTAAATGAAGGAGATGTATATATCTTTTCAGATCCAGATTGGAAACATCCAGATTTTCCTCTTGGATTATCCTTCTTTGATCCTGAACATAATTGTGCAGCAATACTTGGTATGAGATACTTTGGTGAATTTAAGAAAGGAACTTTAACATTGGGTTGGGGCATTGCAAATAGAAATGGTTACGCTTCCTGTCATGGCGGATTGAAAAAATATACTTTAAAGGATAATGAAAGTTATGTTGCAGCATTTTTTGGACTCTCAGGTTCGGGAAAATCAACATTAACTCATGCAAAGCACAATGGAAAATATGATATAACAATATTACACGATGATGCTTTTGTAATTTCAATGGCTGATGGATCATCGATATCACTTGAACCTTCATATTTTGATAAAACAGCGGATTATCCTGTAAGTTCTGAAGATAATAAATATCTTTTAACTATACAGAACTGTGGTGCAACTATAGATAATCAGGGTAGAGTAATTCCTGTTATGGAAGATATTAGAAATGGCAATGGAAGAGCTTTAAAATCAAAATTATGGTCACCCAATAGAGTATATAAAATAGATGATCCTATAAATGCTATTTTCTGGTTAATGAAGGATCCTGTATTACCACCTATTTTGAAAGTAACAGATCCTGTTCTTGCATCAACGCTTGGAGCAACTCTTGCAACAAAGAGAACATCTGCGGAGAAATTAGCTGAAGGTGTAGATCCAGATGCATTGGTATTTGAACCATATGCAAATCCATTTAGAACATATCCATTATCCGACGATTATTATAGCTTTAAAAAATTATTTGAAAAGGGAGTAGATTGCTATATTCTCAATACAGGACATTTCCTTGATAAAAAGATAACCAAGGAAGTAACCCTATCCATTATTGAAAATATTGTTGATGGAAAGGCTGAATTCAAGGAATGGGCAAATGGAATAGAGATAATGGAAATTGAAGGGTATACCCCTGATATGACAGATAAGGAATATGTGGAAAACTTTATATCTTCAATGCAGAGAAGAATAGATTTTATTAATTCAAGGGAAACAGAAAAAGGTGGAAGGGATAAATTACCTTCAGAATGTAAGGAATCAATTGAAGATATTATAAATCAATGCAGAAGAAATAAAAAGGATATATTGGAGGGATAAATGGAACCGTTAGCAATATTTATTACGTTTACTAATTTTTTTGTAAGTTTTTTTAAGTCCTATTTTAAACCATTAATTCCATTTTTTATGGAGTATTTTAATATAAATGAACCAAAAATATTTGTGATGATGGCGTCAATTTTGACGCTATCATCTTCTTTTAGCCAGATATTTTTTGGATATATTTCTGATAAATCTGAAAGAAAGTTGATATTATTGTATATATCGGTTATAGTAACCATGACACCTATCTTCTTTTTGGGATATGTCAAATCAATATGGCTATTATTTTTAATATTTTTCCTTGGGTATATGGGAAGTGCAGCACAGGAACCTTTAGGAGCAGGTATAAGTGGAACAATTGGTAAAGGGAAAAGTACTACGCTTGCAATATTTATGGTTGGTGGAACATTTGGCTATGCGCTTGGACCTGTGTTTATAACATATTTTGTTACTCATTATAATTTAAAAAATTCATTGTATATAGGATTAATAGGGATTATTTTATACACAATACTCTTTTATTTTGCTTATAATTATTTTAAATCTCATCATCATTTAAAGCCTAAAAATAAAAAAACACGATTTTTTGAGAGTTTTAAAGGTTTTAAATATATTTATCCAATATGGTTATTAACAGTGCATAGGGCATTTATCAGTATAATGTTCAGGTCATATGTACCTATAAAGTCAAGAATGCTCGGTTATGATTTAACTGTTGGAGGATTGCTTGTAACTCTTGGATTTCTTGCAGGAACATTTTCCAATTTATTAGGAGCAAAATTAGAAGAAAAAACCAATGTAAGATTTGTTAATTTATTATATTTTTCAGCGTTTTCAATACTGGTATTTTTATTTTCAACATCTACAAATATATGGGTTTTATCAATATCTTATATATTGGCAGATGCTTTTATGTTTTTAACAATGTCTGTTAATGTGCATTATGCGCAACAGTTGTTGCCAGAAAACAAGAGTTTTGCTTCTGGTGCATTAATGGGGTTTACAAGAGCTGTTGGAAATGTATTAATTACAGTATATACCTTCTTTTTTGGTAATAATG
NZ_CP009471.1_gap39	1479410	1482051	2641	GGAAAAGATGTTTCACAAATAAAGAAATTTTTACAATGTTACAGTTTTTTTTATTCGAAAATTTTTGTTATAATCTTAGTGGATATTTTCAATGGAGGTGGGGATATTGAAAAGATTCTTTTTTTTATTTTTTTTAATAGTTCTGGCTATTGTATCCTTTTCTATTAATTACGGGAAAATTGATCAAAATCGTTTTGTTTTAAGAAATATTAAAGAATACGCTGATAAACACTGGTGTAAAATCGAAACAAAAAACATTATATTTCATTTTGAAAAGGACAGCGAATTTGCCAGGTATTCAAGAATAATAGCCGAAAGAGAACAACAAAATCTTGATAAATTATTTGATTTTTTTAAACTCAAAAATGTGAAAAATAAAGCAAATGTGTATATATTAAAGGATTTTGAAATGAATAATATCATAGATGTTGGGGGATTAAATACCGGTGGTAGTACAATTTATACTACCAGCTGGGCTTTACGTCATGAATTAATACATTTTGTTGAAGCACAATTTGAATATGAAAAATACCAAAATGAATATAAAAAGGATAAAATACATTCTGAAATACTTGTTGAGTCAATTCCTCAATATTTTACCTCAGGATATAATACTGCGTATTTAAAATTTATTTTTAAATACGGGAAAAAACTTGATTTTGATAATCCAGATAAAATGCTAAAAGAAATGGCAAAAAACGATAATATATACGCATATGGTTCTTCATTTTTTGAGTATATGTTGCAGCATTATACAATTGATGAAATAAAAAATCTTTACATAAATTACTTTACGAATATTGAAGATATTTCTGGAAAAAACTTTGATGAATTAATAGGCGATTGGCTTAAATGGGTTAAAAATTATTCTGGAAATTCATTTAATGGTATATATGCCGCAAATTATTTTTATTATTTATATTATGAAAATTATATTATAGGAAATATTCAGCTTCAAAATATATATAATCTTAAGGGGGAAATTGGTTTAAATTATAATAATCAAATAGTTGGAAGAATAAATAATTCTATTGCAGTATATGATCTTTTTAATAAAAGGTATTCTCTTTATAACGGAAGATTTTTATCCTATATTGATAATAATTATGTTATAACCTATAATTATTTGGCAGATTATATAATTATAAATATATATAATAAAAACACCGGTCTTTTAATTCATAAAATACCTTTAGAAGTTGATAAACCTGCGCTTATTAAAGGAGATATTTTAGATAATATATTTGTGTTTTCAACTGGATATGAAATATATAAGTACAACTTAAATACAGGAAAACTACAGAAAATAATAGATAATATAAATACCGATGTTGTAAAAAGAATTGGAAATAAATTACTCCTTGGAAATGAAGACGGAACGGTATCTATTTTTGAAAACAATAAAATTACAAAAAGTATTAAAATCTCAGACTGGTTTATAAAGCATATAATTCCTGCAGAAAATTATATTATAGTAACCTCCGGATTTAATAAAATAACCATTTTAGATAAAAACACTTTGAAAATAGTAAAAGAACTATTTTTAGAAAATGATTATCTCAGCCAGATTTCAAATAACAAAAATTATCTGTATGTATTATATCTTTCCGGTAAAATACTGAAAATAGATTTAAATACATTTAAAACTGTTAATATTATGCATGTTGGAAGGGTTGCATATCCTGAAATAGGATACCTTACAAAAAATCTATTTGCAAAAAATATCGATGGATATTTAAGGTTTTATGCTCTGGACTATACAATACCTGAAAATAAAGAATTATACAGAAAAATTCGTAGCTTAAAGGACTATCCAGATTATATCGAAAACGAAAAATTACTTTTTAAAACAGAAAATAATATAAATAATTACTGGAAAATAGGAGATTATGAAATAATAGAAAATGAATTTTGTGAAGTATCAATAAAAAAAGATGGAAATGAAATCTTAAATATAGAATTATTTGATTACCTTTCAAATTTAAAAATAATAAAGGATATTTTATTTATTTCATGTAATGACGGTGAAGTTAGACTATATAACTTAAAAAATGGCAAAGAACTATTTGAAGACCAGAAATTGCAATTATCTGCAGACTTTGATGGTGATTATATCTATTATGGAAATAAAAACAGAGAAATAGTAAAATATGACTATAAAAATAAAAAAATAGTTGAAAAATACTATGGAAATTGGGGATTGATTTCGGAAATCAAAAGAACACCTGACAATAAAACCATGATTTCATATTATTCAAAAGACAAATTTAAAAGATTCACAACCTCGCCATCAAACAGGATTATAATTCATTATAACGATAAACCAGAATATGATAGAACAATTGTAATTCGTTATCCAGTAAAAACAATAATTCCATACTCCAGCGATAAACTTCTTGTTGAAGATACAAAATCTAATTTATATATATATAATATTTTCACAGGCAATATGGAGAAAATAATATCTCATTCACTTAGAAAGATTATTTCGCTGGATATATATAATGGAAGGATAATATTTACAGATGGAAAGTTTATATTAATAAAGGATATAAATACAAATGAAACTATAGCGAAGTATATTACTGATTATGAACATATAACCTTTGTAAAATGGATTTCTAATACCACATTTATTTAC
NZ_CP009471.1_gap40	1499219	1500477	1258	TATTATGCTCAGGTTGAGGTAAAAGGCGAATTGACATATGGAGAAACAGTAGTTGATTACTGGCAATTTGAAAAACCAAATTCAAAATGGGCATTGAAGGTAAATAGAGAAGAATTTATAAAATTATTATTTGAAGAATTAAAAAAATATTAGTAAATATAATAAAAAACAACAAAAGCCTATATGGCTTTTGTTGTTTTTTATTATTCATATCTTAAAGAATCAACCGGGTTAAGTTTAGAAGCTTTTACAGCAGGAGACACTCCAAAAAATAGGCCTATACTCATAGAAATAAGAACAGTCATTATTATCTGATTAATATCAAAGAACGGAGTAATCTTTATTAATATACCAATACCTTTTGATACGTATAATCCTATAATAAGTCCAATTATTCCAGCCACTGTTGTTAAAAAGATTGATTCTGTTAAAAATTGCATAAGTATATTAGCGTTTGTAGCACCAATAGCTTTTTTTATACCAATTTCACGAGTTCGTTCAGTAACAGAAACGAGCATTATATTCATAATACCTATACCGCCAACAAGCAATGAAATTCCAGCCACAATACCAAAAACAAGATTTAACATATTTGTTATTTCATTAACAGTTCCCAGCATCTCTGTTTGACTGTATATTTCAAAGTATTTTTTATCTTTTATCTTGTTTTTTAGAAAAAATTGAATTTCTGCTTTTGCCTGTTCAATAACTGCTCCATTTTTGGCTTTGGCAAAAAATTCATTTATAGCATTGGTTTTTAAAATTCGTTCAATTAATGTAGTATAAGGTATAAAGATACTATTAGCGACATTGAGGAACATGTTAATGTCTTTTTTCTTTAAAACGCCTACAACTTTTAATTTTATAACTCTGTCTTTAATTTTTAATTTTATATATTTTCCTATTGGGAATTCATGTTTAAACAATTTTTGAGCTATATTTTCTCCTATCATAGCAACCATTAAACGTGCTTTATTATCGGCGTCATTTATTAATCGCCCTTGTAATATTTCCAATTTATATAATTTTATAAAATCATTTGTTGTTCCAAATGTTTGACCGGGAAATTTGTTTTTTCTGTATGATGCTTCTGCAAAACTTGATATATTAGGAGTTATTTCGGAAATATATTGAGAATTTTTTTTGAAAGTCTCTAATTCTTTTATAGTAATTTTTTCTTTAGGAGAATAAGCATATGCGATAATTATATTGGATCCAATGGATTCAATATCTTTTTTTACTGAATATGTAGCTCCAT
NZ_CP009471.1_gap41	1502427	1506927	4500	TCAAATATCCTTTCTCGTATTGTTTTTTTGCAGTTTCATAATTGATTTCAGAAATCTGCTTTTCAAGATCAATACTTTTAAGCTGTAATTCGTCGTTATTTATTTTCTCCTGGATGTTTTTTATTTCGGTGAAAATAGCATTTAATTTGTTCTTATATTTTTTTAATGAAATAATATAATCCATATCCATGCTTTTTTTCGTATTTTGTCGATAGTTGTTATCAAATATATTGTATGAAAAATTTAAAAATATTGTTGTATCTGTTTTATAGCTATTGGTTAAATCGTTTTTATTATAATTCATTAAAATTCCCATATTTATATCAGGAAGATCATAAACAAATTTTCTTTTGAGCTTTGCTTTGTTTTTTTCAACTTCAAGAAGAGCAGCTCTTATATCTTCTCTATTTAATGGAATTTCCGTTATTGTTGAGGGTATAGAGAGTTCAATTAATATAACATCGGGGATATTATATTCTTTAATTTTATTAATAGATATCTGCAGATTATTAATAGATATCTTTTCATTTAAATAATTTTTTTGAAGAGTTAGATATTCTATTTTTCCAATAATGCCTTTTACATACTTCTTTTTAGCCTCATAGAACAATTGTTTCCTTATTTCAAAAGCTTCTTTTTGAAGATTTAATAAATTACTATAATAATTATAATAATAAGCGTTTTTTAAAGTATTTATAAATAGAGAATTTTTTAAATTTTTTAATTCCCATTTTGTGGATAATAATAAAATCTTTTTATCTATATTATTTAAATCATCAAAAGAAAATAATTTTTTAGAAATGCTAACAGAGTAAGAATTATTATTGTTGTTAAAATCAGACGTATATTTGAGGGTTCCAATAATATCAAAACCATAAATTTTCATATTTAAAGATAAAGGAATTTCAAGTTGCTTAAAATTATTGTTGTCGTAAAATCTGCTTGTAAATACACCTTCATTGATACCTATATTTTTTAAGATAGATTCTTCCATTTTTAGATTATTCAAAGCATTATTATAAGAATTTAAAGCCATTAAATATTGAGTATCATTTTCTATTTTTTCAACTATTTTATCAACGAAATTTGCAAATATTGTAAGGGTCAATAATGTCCAGAATAAAATTAAAAAGCTTTTTTTCATAATCTACACCTCATTAATTTAAAGAGATGATTTCTTCAATACAACTCTCAAAATCGCTTCCTTCTAAGGATATAAGATCTATATAAACTGAAACAACTTCATTATATTTTAAGGTTATTTGATTTAATGTGGAAAGATAATCAATCTTTAATTGATTATACTGTGTTTTTTCAATAAGTCCATTTTTTAATTTCATTTCAGCATTTTTTAATTGTAATTTGATATATTCCTGTTGAAGTTTATTTATTCTAATTTCATTCAGCAAACTGTTAAATCTGTTTATTAAGTCATTTATTTGTTTTTCTTTTAAATTTTTAACTTTTAAAAGATTATATTGCCCTTTTTTAAATTCTATTTCTTTCTTTTTTAGTTCAAATCCGCTTAGAATATCTTTTGTGGCATTAAATTCTTCTTCCAGAATTTCATAATTTAGCATTTGCCTTTTTAAATCAATATCATTATTCATTAATGATTTAATATCAAAGTGTTTTTTGGTTATTTTATCCTCATTTACAACAATATTATTTAAATTTATTTGCGAAATTCCACAAAACTTTTTGAATTCATCTATTATATTGTTATATTTTTCATTTATCGTATCATATATGTACTTAGCGTTTTTTAGTTGATATTCAGCATTTAATAATTCTATTTTGCTTATGAGATTTTTATTGTATAATTTTTGAGATTTTTCATAGTTATATTTAGCATTTTCGTAGTTTAATTTTTTAATATTTAAATCTCTTGCAGTTACATCAAGATTGAATAGATAATTTAAAAATCTTTTGTATAAATCCTTTTGTGTATTTAAATAATACCCGGTTTTATCTAAATGCATTATTTCACTTTTTATTAATGCTATAGTACTATCTGCTGTGATTCTGGCATTTTCATATTCCATAAGTTGTTTTTCCCTGCTTAACTCATTTAACAGATAATCCACGTTATTTTCTTTGAAAGAAGAGATATAATCTTTAATTCCTTCTGCATAAACAATAACGGTACCAATTAAAAGTAAAATAACAAAAAACTTTTTCACAATCCCACTCCTTTCATAATGTGAATAAATTCTTTTTTCTCGATATAATATTATATCATTTTTTTCTATGGTTTCAACCATAAAAATAAAATTTAACTGAAAATTAACAAAAAAATTTAAAAATAATCTTGTAATTTACTTTTTATCGTATTATATGAATTTGTCAATATTAGTGTTTTTTAAATAAAGTAAAATTGAAACAGAATAATAAAAAGCCTGATTCATAATGAATCAGGCTTTTTGTTTATTAAACTTATAAATTATTTTTCTGATTTTAATACAGCAAGTGCAAGTGATGCAAGTTTTGACTCGGCTGTGTCAGCTCTTGATACAATAACTATAGGAGCTTTTGCACCTAAAACAAGACCAGCTATTTTACCGTTTGCCAGGTAAACAGCAGCTTTTCCAAGAACATTACCAGCATGAATATCTGGTACAACAAGGATATCTGCATGACCAGCAACATCGCTTTTAATCTTTTTGATTTTTGCTGCCATTTCGCTCAATGCATTGTCCAATGCCAAAGGTCCGTCAACTGTACAGCCTTTAATTTGACCTCTTTTGTTCATTTGTGTGATAATTGCTGCATCCATTGTCTCTGGCATATCTGGATTTACAACTTCAACAGCGGCTAATAATGCAACCTTTGGATTTTCAATTCCCATTGAATGAGCTAATTCAACAGCGTTGTTGATTATAGCAACCTTTTGATCTAATGTAGGTTTTATTATCATTCCACCGTCTGTTACTAATTTTAATGAATCAAGTGCATCTGTTTCAACTATTGCTACATGGCTTAATACGCTTCCTGTTCTAAGACCCCATTCTTTATTTAATACAGCTTTTAATAATTTTGATGTTTTTATTAAACCTTTCATTACAATATCTGCTGCACCTGAAGAAACTAATCTAACTCCCTGTTCTGCGGCTTCTTCTTCTGTTTTTGCGTCGATTATATCGAATTCTTTTCCTAATTCCTTTAAATTTTCTTCAATAATTTCTTTGTTACCAACTAATACAGGTTCTACAAAACCTTCGTCGTATGCGGCAGAAACAGCCTTTAAAGCCTCTTTATCTTCTGCACCAACTACTACAACCCTTTTTTTGTTTACTGTTTTTGCTTTTTCAATAACATCTTTTAAAGTTCTCAACCTGAATTCCCCCTTTATATAAGAGTTTTTATTGATCACCTATTGAAATATTAATTTGAACGGTGGCAGGTTCTAATTCAATATATCTTGCAAGATAGTAAGAATATCCCAGATCAGGATCATTCTCGTAATAAAAAGTAGCATTACTTTTTGCGACACCGATATTATAAATTCCTGGTCCAAGTTTTATTTTATTAAACTTAAAATATCCATCTTTATTGGTAATTGTTGAATATAATACAGTTGAATTATCTGTTGGAAGTATTAAAACAACTCTTCCAGGTTTTGGGGTTGCCAGTTCTCCTAAGTCTGAATTGTCATATACATGTCCTTCTATAGTTCTATAATCTGCTTCGGTATCTGCAACAGTCCATGCCCGTATTATTGGCGAAAACTCTTCAAGCGATGAATTATATGAATTTCCAATATCAAAATCAATGATTAGGTTATAAGTTCTTCCGGCACTTATAGAATCAATATTAACTGTAATATCCATTTCAGTTGATGAAATAGATATGTTCTTTGTTTTATCTTCTTCTACAATTGTTGCCGTTGGTGAAAGAATTACAGAAATTTTAGCGTTTTTTAAGTTTTTTTCGTTAATATTAAATTCTTTGATCTTTTCAAGAGTTCCAGCAAGTGTAAGAAAATTTTTTTCATAATTGCTTAATAATTCAATATTGGTGGAATCAGAGGTTAATTTCATTGATGCGACCTTTAAAGTTGCTTCTGAAATGCTTTCATCTGGTGCATCGGTTAGATAAACAATTATTTTGGTTAATTCTTCTGAGGGTTGAGGTTTTGGTTTAACGCATCCGGTTAATGAGAAAAGGAAAATAATGAGTATCATTGTGGTTATAAATACTTTTTTTAGCAAAATTTTTCACCTCTTTTTATTTTATTTATATAAGACTAAAGATTATTGCTAAAATAAGGATAATTACAATTATGATATTTGCATATTTTGTATAGAATGTAATTTCGTTATTTAATGGAACTGAAAATTGAGCACCTTTATATGTATGTGTTGGTAATGTGTTTATTATTCTTCCGTATTTATCTACTATTCCGGTAATACCGGTATTTGAAACCTGTATAAATGTTCTTCTGTTTTCTGCCGCTCGTAAAACAGATTTGGAAAAATGTTGTAGTAGAGCTGTTTTATG
NZ_CP009471.1_gap42	1523143	1525006	1863	TGTCAAAATGAAAGATCGCAGCATCAAAATAAGGCAACAGCCATGCAGATTTTAAAGGCAAGATTATATGAATTGGAAATGCAGAAGAAAATGGAAGAAAAGATGAAATTAATGGGAGATGTTAAGGATATTTCATGGGGTAATCAAATTAGATCTTATGTGCTTTATCCATATAAAATGGTAAAGGATCATAGAACTAATTATGAAACATCAAATTCAGATGCGGTTTTAGATGGAGAACTTGACGGATTTATAGAAGCAGAACTTTTATACTTTGCACAATTGAATAAAGAATAATATAAAAAATGCCCGATTTTTTCGGGCATTTTGTTTTATATAATGCTTTTTCGCCAGTTTCCAAATTTAACGAAAAGCCATGCTAATATCATGGCAAGTATATTGCTTATAATCATAGCATAGAATAAACCTAAAAACCCCCATTTTTGAGACATTAAAGCAATGAGCGGTATTCTAATTCCCCATAATCTGGTAATATTTATTATCATTGACTGCCCTGTTTTTCCAGCGCCTACAAGGGTATTTACAAAAACACTCATAGATGCAAAAAACGGAAGTGAAAAAGAAACATACTTAAAGAATATGTCCCCTATTTTTATAACCTCAGGTTCATTTATAAAGAACTTTGTTAAATGACCGCCAAAGAAAAATGTAAATGTACTCAATACTGTAATTATTAAAAAGTTAGTTATAAAAGCAGTTTTTACAGTTTTTTCAGCATTTTCTATTTCATTAGCCCCTAAAAATTGACCAACCATTGTGGTAACAGCGGAGCCAATACCAAAGGAGATCATGGTTATTAAATTTATTATTCTGTTTCCTATTCCATAAGCGCTTACTATAACAGGTCCAAATGAAGATACAAATTTCATAATAACAGCAAATCCAATTGAAGTGATAGTATAACTTAAAGAACCCGGGAAACCTATAAATAATATTTTCTTTATAATCTCAATATCAGGTTTTAAATCTTCTATATTAATTTTAAATCCTCTTTCTCCCTTGAATACAAGGTAGGATGAAACAACACCTGTAATAAACCTTGAAATTGTTGTTGCCCATGCAGCACCAGCAACGCCCATTTCCGGTATTAACCAGAATCCAAATATAAATATAGGGTCAAGTATTATATTAATAATAGTAGAGTAGAACATCATGTGCATTGAAAATTTTGAATCGCCCCAACCTCTTAATATAGAAGAAGAAATATTAAATAAAAATCCAAATGGCATACCAATCATAATTATATTAAAATATCTTATGGCATATGGAATAACTTCAGCACTTTTTTCACCTGTTATTGCATGTATTATTTGATTTGAAAACAGAATCCCAATTGTGGACAGGATTAATCCAAGGATTATTGATACAACATAAGCCTGTCCCGCAGTTTTTTGTGACATCTTTTTATTTTTTGCGCCGGTATATTGCGAAACAAGGGTTACAGTAGCATTTGAAAATCCTATTGTAAAAGAAATAAATACAAATACCAGAGGCCATGTGATGGTGGTTGCTGAAAATTCTACTTTTCCTAACTTGCCAAGAAAATATGCATCAACTATGTTATATAGTGTTTGCATTAAATTGGAAACAATCATTGGCCATGACAATAAAAATAAAGAACTTAATATGGATCTCGAGAATATATCAACCCTGTGATTTTTTTTAATAGTAGCTTTAGACAATTTCAAAACCTCCAGACAAACAGTTAGTCTTACGAACTATTATATCAGAATAATTTTTATTTGTCAATTAATCCCATTATTGCAGCCATTCTTCCGGAGGTTTTTTCTTTTCTATATGAGAAAAACAAGTCTGCTCTTTTATATGTATCAAGATTAGAAG
NZ_CP009471.1_gap43	1528544	1530024	1480	AAATTATAAAAAGGGGCGATACCACTTTTTTAATAAAATATAAAAATCTGGAATTGGAAGAAAGAGGATTTAAATATTTTAATGTTAGATATATAGAAAATGGAGTATTACTATCTTTTCCGGCTTTTTATATTAGAGGAATAAAAAATATCTATTTTTATAATAATAAAATATATGAATTTTATAAAGTGCCTATTGATTTGATAGATTGTTATGATGAACTTTTTACAAAGTTTCTGCTTGGGCAATATAAAAAGATAAATGAAAATGATTTACCTGAAGAGTTAAAAAATGGTTTAAAAGAAAATGTAATTTATATCAGTTCTAAGTATACCAATTTCGTAATTGAAGATATTGAAAACATCTATAAAATAGATGATTATAAATACCTATTCGAAAAGGAAACAGAGCTTTTCAAAGAATATTATATTATAAATATAGAACATAAAAACTATATTTTGAGGATATATTTAGTGGAAAAAAGGTGAAATAGTATGTATAAAAACCTGAAAAACAGCGTTTTAGAATCAAAAAAAACGCTAAAGGAGTTTATTATTAAAAACATAGAAAATTTTAAAAAGGAAAATTTAATAATCAGGGAATTTTTAGCAAAGGATAATAATAAAGAAAAATTTATAAATGAAATAACCTTCAACATATTAAGTAAGATTATATCTTCAAAATTATTATATAAAAAAGGCATATTAAAAAATGCGTATGATTACAATGAATTAAAACGATATATACCAGAATTATTTGATGAATTATATAATATAAAAATTGAAGAAAAATTATTAAAAAAAATACATAATAATTTTAGTAGTGTAGAAGATTGGGATAAAGATGATATTCTGGGATGGGCATATCAATATTACAATCTTGATGAAAATATTCCGAAGATACATAAACAATCTCAATTTTATACACCTGAGTGGATAATAGAATATCTTGTTGACAATACATTGACAAAATATTATTGCGAAATCTATGATGATTCTGAAATAGCTAATAAATACAAAATACAATATAAGAAACAAGAAAGAGAAATAAAACTTGAAAATATAAAAATTATAGATCCCGCTTGTGGAAGCGGACATTTTTTAATAAAAGTATATAACCGCTTAAAAGAATTTTATGAAAAACAGGGATATAAGAAAGAAGAATATATAAAGTTTATACTGGAAAAAAATATTTATGGTATAGATATAGATGAAAAAGGTGTTGAAATAGCAAAGACAATTCTGAAAATAAAAGCACTGGAAGATGGATATATTAAACCAATAAATTTTAATATAGTTTCTACAAACTTTGATATTGTAAAAGAAGAAGATATTGAAGATATAGAGTTTAAGGAGATATTAAAATCTATAAAAAATGAAATTTCTGGATATAAAGAATTAGGGAGTTTAATAACTCTTTCAAAAGAAAATAGAGAAAAGATAATAAAAAAATATGAAAAATATTCATTATTTACAGAAAA
NZ_CP009471.1_gap44	1562258	1565089	2831	TCAAAGGAGGGTTTTAGATGAAAAAGTTTGGTATTATTTTATTATTGGTAATTTTTGCAATTACATCATTTGCAGCATCTAACAAAATTGTTATATGGTGTTCAGAAAAACAGGCAGATTTCATAAAAACATATGGAGAAAAGTTTACAAGAGATACAGGAATATTAGTTGAAGTACAACAGGTAAACTTTGGAGATATAAAATCAAAATTCTTAACAGCAGCACAGGCAGGAGAAGGTCCAGACATTATTATAGGGGCTCATGACTGGGTTGGAGAATTAGCAGCAAATGGACTTATTGATTCAATTCCATTTTCAGCAATAGAAACAGATAAATTTGCAAAATCAGGACTAGATGCGTTCACAGTAAATGGAAAATTATATGGTGTTCCATATGCAATTGAAGCAGTTGCATTATTATACAATAAAGATTATGTTGAAGAACCACCAAAAACAATAGAAGAATTAAAAGAATTAGCAGCAGAATATACAACAGATGAAACATTAGGATTAGTATATGATGCAGGTAACTTCTATTTCTCATATGGATTTATAGCAGGAAATGGTGGATATGTATTTAAATGGACAAAAGAAAATGGATATGACACAACAGATATAGGGCTTGCAAATGAAGGTGCAGTTAAAGGGGCAGAATTAATAAAATCATTCTTTGATGAAGGATTAATTCCACAGGGTGCAAATTATGGAACAATGGATTCAATGTTTAAAGATGGTTTAGCAGCAATGATAATCAATGGACCATGGGCAGTAAAAGATTATATAAATGCTGGTATTGATTTTGGAGTATTACCATTAACAGAATTAGAATTATCAGATGGACATTATGGAAAACCATTTGTTGGAGTACAGGGATTAATGATAAATGCAAGAAGCGAAAACAAAGCATTGGCAAAAGAATTTGTAATTAATTATCTTGCAACAAAAGAAGGAGTATATCAGTTCTATCTTGCAGATCCAAGATTGCCAGCAAGAACAGATGTAGCAGCAATAATCGAAGAAAAAGGCGGACCAGTTCCAAAAGAAATAGTAGATGGATTTGTAAAGAGTGCAGCTGGCGGAGAACCAATGCCAAATGTTCCGGAAATGGGTGCAGTATGGGGACCAATGGGTGATGCTTTAAGCCAGATTATCAATGGTCAGGCAGAACCTGCACAGGCATTAAAAGAAGCAGTTGAAAAGATAAAAACAGCATTAAATAAGTAATAAATATATAAAAAATAATCGGGCGGTTAAAACCGTCCGATTATTTTATTTTAAGTCCATCAAAAGCAGTTATAATACCTTTAGTTGAGTATAATTTTTCTAATTCTGAGTGAATTGGATTGTGAAGATGAGAAAAATGTGTAGCGATAACTTTACTGTTATTATCGATAATTCCCATTTTTTCAAAAAAATCTTTTGTTGAAATAACTTCTTCAAAATCCATATGGAATTGATATTTTTTGTTAATTCCCATTGTGGCATCAAGAATAACTTTATTTATAATCTTTCCATTTAATTTTTCTTTTATAAATTCTATTGTTTCCGGGAGAAAAATGCCTGTATCCACTCCGTATAATAGCCAGTCATTATCTTTTTCAATAAGGAAGTTTAAAGGTGTTTCACCGTATTCTGAAGTGTGATTTGCTTTTAATGTATATACTATATATCCATTTATATGTAGTGTAATAAAAGGTTCTACTGACATAAGACTGATTTTATGTAATTCGGTTCTTTCTTTTATTATTGAACCCAATTTGTTTGGAACAATTAAATCAACATGATCTAATTGATCGAACGTTCCGGAAAAAACAGGATTTCTGTAATCGAGGTTTTTTATGAATAAATGATCTGAATGACCATGAGTTATAAGCATATGTTTTACCTTTGTTAAATCCTTTCCAAATCTATTTGCAGAAGCTACTATATCAGGTCCAAAATCAATTAATAGATTATCATCGATTAAAACACTTGAACGTAGTCTAATGCTTTTTTTACCTTCTTCACGTGCTTTCTGGCAGTTTTCACAGGAACAAAAAGGATTTGGATATCCTTCTGAAGCGGCTGTTCCAAGAAATAAAATTTCCATACCTTTTCCCCCTCAAATAGTTGATTTTTCTTAATTATATCATATTTTTATTTTTATTGTAAAATTATGATAAAATATAAATGTGCTAAATAAAAGTATTTTTTGGAGGTGCAAAAATGAAACTTGCTATAATAAGCGATACACATGGTTCTTTGTTTTATTTTGAAAAGGCGTATAAGTATTTAAAAGAAGCAGATAGAGTTATCCATCTTGGTGATTATTTATATCATGGACCAAGAAATCCTTTGCCTGAAGGTTATAATCCTATGGAATTATCTAAAAAATTAAATGAATTTAAAAGAAAAACGTTTATTACAGGTAATTGTGATTCTCAAATAGATATGAAATTATTAAATATACCTGAACCGGTTCCATATGCTGTGGAAAGTTATGGCTCATTTAATTTTTTCTTCACACATGGCTGGGATCCTACAATTGAGGATGCAGAAAATCTTGCTAAAAAATATAAATGCCAATTTTTAATACATGGACATACGCATATTCCTAAATTTGAAGAAAAAGAAGATATAACAATTATTAATCCGGGAAGTGTTTCTTTGCCAAAGAATAATACTCCACATAGTATTTTAATAGTTGAAATAAATGACTCAATAAAATTCGAATTTATAGATATAATTAAAGATGAAAAATATGAATTAAAATAAAAACAACACCCCTGAAAATCAGGGGTGTTGTTTTAATAAAGGGGGTAATGTAATTTTATCTATTAATCAATACTAATT
NZ_CP009471.1_gap45	1567448	1569595	2147	CCAATAATAATAGTTGAAGGTATTTTTGCCCTGTATTACGAAGAATTAAGAAAAATGTATGATCTTGCTATATATGTTGATACAGAAAACGATATAAGGTTTATTAGAAGGCTTGAAAGGGATATAAAAGAAAGAGGAAGAGATTTGGATTCTGTAATTAAGCAATATACAAATACAGTTAAACCAATGCATGATGCATATGTAGAACCCACTAAAAAGTATGCAGATATTATAATTCCCGAAGGTGGATTTAATGAAAAAGCAATTCAGGTTGTTGTAAATTATATATTTAGAAAAATGTTATAACTGTAAAAATAGCCCGAATTTTTTCGGGCTATTTTTTCTTTTTGGTAAGTGCAATACTTAGAGCTGTTGTTAGCTTTAAGATATTTTCGTTTAATCCTTCAATTCTATGTGATAAAACAGCTGCAATTTCTTTCATGATTTTGTATCCAATATCTGGATTCTCTTCTGCTAATTTTTCAAAATCCTCTTTTGACATCTCATATAACTCGCATTCTGTTAATGCCTTTATTGTTGCAGAACGTGGAGAACCAGTTACAAGAGACATTTCGCCAAAGAAATTAATTTTTTCGGCATCTAAAATGGCCATTGATTTTTCTCCCTCTTCCCAATGATTGGAACCGGTTCGAAGGGTTAATTGATGGGTTATTTGAACTTTTCCTTTTTTGAAAATATACATTGTATCTCCTTTTTCTCCTTCGGCGATTATAATTTCATCGGCTTTAAATTTTATAGGTTTTAGAATTTTTGCTACTTTTTTTATTTGGGAGTGGTTTAAATTTTTAAACAATTGTATTTTGCTTAAAAATTCTATATCAGCCATAATATCACCTACTTTATCACAAATACATGTGAATCATTTTCAGAAATAATATAATCGTCATTTGGATTGAGATTTAATTCATAATTTTCTTTCTTTTCTTCTTCTTCAAAGAAGTCTTCTTCTGCTTCTTCGAATTTCTGTCTTATGAAATTGTCAATAGAACTATCGGAATTTAAAAGATCATTAATGGTAAATTCTTTTTTGGTTGTTAATGTACCAATTACAAGCGCGTTTTCTTTCTGTTTGAAGTGTTCAAAAAGCTCTTTGAAAGTTTTTCCTATAAAAGAGCGTGGAATTGGCATTAATTTTACTCTCATATTTTCCAAAGAAACAATTTCCCTCATTAGCATATGATATGCTGGAGATATTAGTGCAGAAGATAATAGTACCGAATTAAATTCATTACTTAAAATTATATCATCTGCTCCTGCTCTTAGTATGTATTTTGCTTTTTCTTCTTTTATAACTTCAGCGAATATTTTAGCCTCACTATTTATAGTTCGTATAAGAAGGATGCTTATTAATGTCCTTTCATCACATTCTTCCAGGCTTCGTCCGCCATATGTGTCAGAAAGTATTATAATATATTTTGCATGGGCAATATTTGCTCTGTTTAAAACGTTTTCTTTTGTAAAATCTCCATGAATAAACTTTATATTTAAATCTGGAAATTTTGAACGAAAATCTTCATAATCCTCTTCTTCCGCCTGGTTTACCAATACAAGATTATAATCAGAGGCATTTATAAATTTTTTCATGGCTTCTACTGTTTTTTCAAGATGATTATTCCATCCCAATATTGCTATGTGATTCTTAAATTTCACGTAACCCAACCCCTTCCTTTCTCGAATACGTAGTTCAACAAGAATTGAAGCAATACTACCTGAAATAAGAGAGAATAAAGTTACACCGGTAATTATTGTAATCATTCCTATTGTTTTTCCTAAAGTAGTAGAAGGCACAATATCACCATATCCAACAGTGGCGATAGTAACAATTAACCACCAGAAAGCATCAAAAAGGCTATTAATTTCCGGGTTTTTACCAACTTCTGCAAAATATAAAACAAAACCTATAAGGATTATAAAAACAAATATTATACTTAATAATCTATTTCCAGGGTCTTTCCAGAGATTTCTAAAAAAGAATTTTACTTTTTTTAACATTAAAGCCACCTTCAATTATTATATTATTATATTTTGCCTATAGATATTATATCACACAATTATTTGAAGAAAGAATTTATATTTTCCAAAAAAAGAACAAAGATGCTATTTGAAAATTAATGTATCAGATGATA
NZ_CP009471.1_gap46	1603642	1608496	4854	AAGAAAATGTTCCATGTACCCTTCCAGTAATAGTTAACAAGCCACCATCGAGTATAATCCTGAATTTCATATTTTCCCTCCTTTAAATATTAAGCCTCTTCGTAAATTCCATCATATTCTATATCATTATCATCAAGTATATTAGAAACAGCATTAACATCCTTTAGAGATAGTTTTACAGAAATCATACGTCTGGTTTTATTTATTTTACATGTAGTCATGGAAAGTATATTTAAATTATTATTGCTGAAAGTTTCAACTATTTTTTTTAATTGTCCAGGTTTATCGTCGAGAGTAAGTATAACTTTTGTTCCAGCTTCATTTAATGCTGTAATATTCACCATTGCACTGATTATCTCATCAAATCCAAATAATCCCACAGGATTCATATCATAATCTACAACGGGTAAAACTTTGAATTTAGTTTCCATCATTGTAAGAAGTACGTCTTCAACTAAGTCATCTTCATATAAAAAATCTTCAATAGGATCAAAAACATTAATTAGAAATTCATCGCTATCATATTCTCTTAAAATAGCAATATCTTCCTTTCTAATTGAAGAAAAAAGAGTCCCGTTTTTTCTTAAAATAAGTATTATATCAATATCTTTTTCGAAAAAAAGTTTTATTGCATCATCAATGGTATCATCAATATTTAATGTTTTAAAATCATTCCTCATCCATAATTTGACATACATTCTTATATCCTCCTTAATACTCTTTTATTATAATTATACACCAAAATATATGTTTTTTATGTTATAATGATATTGCCGACTTTTATACAGTAATTTTAAGGAGGAAATTAAAAATGAGTGAAAAAGAAAAAATAGCTATTGTTGCTGATTCTGGTTGCGGTATTCCAAAAGACATTGTTGAGAAATACGATATAAAAATCATTCCTTTAAGAACTATCATCGATGGTAAGGAATATAATGAAGGTGAATTTTCTCAGGAATTTTTATACGAAAGAATGGATAATGGGGATGTGAAAACATCTCTTCCGAATCCTGATATTATAAGGAATACATTTGAAGAATTAATAAGAAACGGTAAAAAAAGAATAATTACATTTAATCTATCAGGGAGTATGAGTGGAACGTTTAATATATTTAGATTAGTTTCAAATGAAATTATGCAAAAATACGAAGATGTGGAGATAGTAAATATTGATACATTAAACATTTCTATTGGTGGAGGTTTGGTTGCATATAGAGCGGCGCAAATGATATTTGAGGAAGGAAAATCATTTGAAGAAGTTGCAAAGTGGGCTGATGAGTATAGATTTAAGTCAAAGATATTCTTCGTTATTCCAACATTGAAATATCTTGCCAAAGGCGGAAGAATAGGTAAGGTTTCAGCCAAAATAGGTGAAATGTTAAACATAAAACCCATTATTTCCAATAGTGATGAAGGAATATATTATACTGTTACAAAGGTTCGCGGATTAAAACGTTCATATGATAAAGTTTATCAGGAATTTTTAAAATTTGTAGATGGAAGAAAACATATGGCGGCAGTTTATATAAGTGGAACATCAAAAGAATTGGAAAAATTACAAAAAGATTTTGTAAAAAAGATTGAATCTTTGGAAAATAATATAGAAGTTCTTGTTGGTAAAGTTTCAAGCACTATTGGTGTTCATTCTGGACCGGATATGTTTGGAATAGCTGCATTAGTTCTTGAATAATTTGAAAGGGGTTTAATGTGAATAGGCCTTTATACGAAGAATTAAGACCAAAAAATCTGGAAGAGATAGAGGGAAATGATGAATTAAAAAAGATTTTAAAAAGATGGATAAAAACAAATAAATTAAAGTCGTTTGTTATATATGGACCACCGGGGTGCGGGAAAACCACGGTGGTTTCTGCGTTTTTAAATGAACTGGATAAAAATAAATACGAAATCCATAAAATTTCTGGAGCATTAGAAGGAGCAAAAACATTAAAAAATATAATTAATACAAAAAATCCCCTTTTCCAGAAACAAATTGTATTATTTGTTGATGAAATTCATCGCTTAAATAAGGCAGAACAGGATGTATTATTATTGCATGTGGAAAATGGAGACGTGGTTTTAATAGGCTCTACAACAGAAAATCCTTCTTTTTCCTTAAATCCTGCTTTGCGTTCGAGGGTATTGTTATTTGAAATAAAACCGTTAGATACAGGAGAAATAAAAAATATTTTGGAAAAAATAAAGAAGAAATATAATATGACCTATTCGGAACAATTGCCAGAAATTCTTAAAGAGATATTTGGTCATGATATAAGACAAATGATAAATATATTAGAAGCTTTAATTGACATAGGAGAAAAAAATATAACCCCTGAAACGTTAAGTAAAATAAACTCTTCGTACAGGGGATTTTCAAAAGAAAATAAATATGATGCTATTTCAGCTTTTATAAAGAGCATTCGTGGAAGTGATCCTGATGCGGCGGTTTTTTATCTTGCATATATGCTCGAAAATGGAGAGGACCCTGTATATATAGCAAGAAGATTAATGATTCTTGCAGGTGAGGATATAGGACTTGCGGATCCGATGGCATTAAATATAGCAGTTTCAGCATTTATTGCTACAAAAGAAATTGGCTATCCTGAATGTTTATATCCTTTAACAGAAGCAACGTTATATTTATCATCAGCGCCAAAATCCAATACTGTAATGAAGACATATTTTAATGCTAAAAATGCAATAAATGAAAAATTTGAAATTCCTTTGAAATTGAGAAATCCAGTAACTAAATTTATGAAAAATAAAGGGTATGGCAAAGAATATAAATATCCTCATGATTTTGGCGGTTTTATAAAAGATACGTATCTTCCTGATAAATTGGAAAATAAACAATTCTTTAATCCCAGAGAAATTGGTTTTGAAGGGAAAATAGCTCAAAGATTAAAAAAGTTATGGAAAGGTATTAAAGACTATTAATCTTTATTATCGTTAAAAATTTCATTTATAATTTCGATTTTATAGTTATCTGTTACTTTAAAAATTATTTTTTTGTTGTATAATATTATGCTGATTATGTCACCAGGTTTTACTTCGTACGAAGGTTTTAATGTTTTTTCATTTTTTAATATTTTACCAGCCTTTGCCAATTCATTGGCTACAGTTCTTCTTTTGATAATTCTATTTACCTTTAAAAATTTATCCAATCTCATAAAAACACCCCCAAAAATATATTAATTGAAAAAATTCCTTGACATAAAAGACTAAAATAATTATAATATATTTAGCGTGTAAAAATAATTAAAATATTTTAAAATATATATTATGAGGTGATAGAGTTGTCAGAGCCAGTTCTTATAGTCGAAAACTTAAAAACATATTTCGACATAGCTGAAGGAACAGTTAAAGCAGTAAACGGCGTATCCTTTACTTTAAATCCCAACGAATCATTAGGAGTTGTTGGGGAAACAGGTTCAGGAAAAAGTGTTACAATGAAGACCATTATGGGACTTATAAAAAAACCAGGCTATATTCCAGAAGGTAGAATTTTATTCTTAACTGATGAATTCAGTAAAGACGGTAAAAAAGAGTATGTTGATTTAACCAAACTTACCCCACAGCAATTTACACGCATTAGAGGAAGACATATTGCTATGATCTTCCAGGATCCAATGACATCCTTAAATCCGATGTATACTGTTGCTGATCAAATGATCGAAACTATTATGTATCATCAGAATGTTTCTGAATTAGAGGCAAGAAAAAGAGCTGTAGAATTATTAAGAAAAGTTGGAATTCCAAATGCAGACAAAAGAATAGATGATTATCCATTTCAATTCTCTGGAGGGCAAAGACAGAGAATCGTTATTGCTATAGGTTTATCATGTAATCCCGAATTATTGATTGCAGATGAACCTACAACAGCACTTGATGTTACAATTCAGGCTCAAATACTTGAGTTAATGAAAGATCTTCAAAATGAATTTAACACAGCAATGATATATATTACACATGACTTATCTGTTGTAGCTGAAATAGCAGATAAGGTTATGGTTATGTATGGTGGTAACCAGATGGAGGTTGCCGATGTAAATACAATCTTTGAAAAGCCAACACATCCATATACAAATATGTTGCTTAATTGTATTCCAAGACACGACGCAAAAAAAGATGAATTGGAACCAATTCCTGGGCAACCGCCAATAATGCTCGATCCTCCAGATTTGTGTCCATTCTTGCCAAGATGTCCAATGGCAACGGAAAAATGTAGAAAAGCAAAACCAGATTTAAACGAACTTGAACCAGGACATTTTGTAAGATGTTGGAATCCTGTATTGGACGCAAAAATGGGAGGAGATAAATAATGCTTTTAAGAGTTAATAATTTAAAAAAATATTTCCCTATAAAACACGGATTTATTGTTGAAAAAACTGTAGGATATGTAAAAGCAGTTGATGATGTTTCATTTACTCTTGATAAAAATGAAACATATGGTCTTGTTGGAGAATCTGGTTGTGGTAAGACAACTATCGGTAAAACAATTTTAAGATTATATAATCAAACAGATGGTGAAATCTTTATTGATGACGAAGATACAAGTTATTTCTTCATGAAAAGATCAGAAGCAAGAAAGTATCTTCAAAAACATTATATAGATGTATTACATGAAGGAATAAAGGAAAAATCAGAATCAGAATTCTTAAAATCAATTCCAGATTATAAAAGAAAGTATTTTGAATACATTATAAAAAATGGTGAAGCAAGATTTATAAATTACATGCTTTCAGATTTAAAGCAAAAAAGAATGCATTTTAGAAGAAAGGTACAGATTGTTTTCCAGGATCCAACATCCTCATTGAACCCAAGAATGGCTGTTGGACAGATACTTGCTGAACCGCT
NZ_CP009471.1_gap47	1614530	1616763	2233	GCCATAACAACTGCAAGATTAAATTCATCACCGCTTTTTACACCAATTAAATCGTAAGGAATTTTAAATTCAACAATGTTTCCTTTTACTGCGATTAGATCCTTTTTCTTTCCACCAATCATCCATCTTTCTGTTCCGCTTGCATTATAATAATATAAATCTGATAATTTAGGATATTTTTGTAAATTGAAAGAAAATCTCTTTGCCAGTGCGAAACCGAGATCGGTTACTTTTTCTCCTACTCCGGAATATGCAGTCCTTGTATTTAATTTTTGTGCTCCTGGTTTATCTGTGTAGATTTCTAATTTATAAGGTTTACCTTTTAAATCTTCAATGGATTTTTTCAATTCTACAGCTACATATAAATTAGCATTATCTCTTCCCACATAAATTCCTGAAATTAAATCTCCTTCTTTATACATTACGCCAGAATCATCATCAAGGTAATATGCGGATTTTTCCATTTCATTATCGGATATTTCGCCATCGAGAACAATTTCAACTTTTCCAATATTACCTTTACTTGCTGTTGAAGGGCGTTTGTTTGCTATATATAAATATCCAGGGATTTTTTCTTCAGGAACTCCTGCAAGTTTATATATTTGAATTAAAAGTTTCTTAAATTGCATATCAAATAATACTTCATTTGGTCCGGCATCCTGATCGCTTCCATACCACCAGAACCAGTCACTACCTTCTGCAGCGTATAATGTATTTAATGCCTTTTTGAAATCTTCTTTAGATATATTATCTTTATTACTCATTAAAACTTCTCTTGCTTTTGCCAGTCTATCCCATGCTTCATTTTCTTCCTTTTCTCCGTACCAGGTATCTAAGCTTCCACCAACCCATGAACCTTTTGGCAATTGATTTAATTCGTTATTTACTCCGTAATTTTCAATATATTCTTCAGGTGTAACAAGTTCTATATATGGATCATTTGATAATGCTTCATAGAATAATTTTCTGAAATCATTACCGTTATTTGGGTAATGTTCCCAGGCGTTTTCACCATCAAGAGCTACAGTTACAACCATATCACCTTCATCATTCATCTTTTGAATATTATGTAAAGCGCTTAGAAAATCTTTTACAGCTCCTTCTTTAGACATATTAGAATATTTAAAACCTATTCTGTCTGAAAGGTCTGTATCTCTAAAGAATACCACTACACTTTTTCCGTCTACTGTTACTTTATATGGTTTATATAATTGATGTGGATCGCCTGTATTTATTCCAGCTTTTTGAAGTATTTGTTTATCTGTAACTATCCATTTTACATTATTATCTGCAAACATTGGAACAAGTGGAGTGCTTACAGCCTGTTCAGAAGGCCACATACCTTCAGGTCTTTTTCCAAAAATTTCTTCGAAATAACTTAAACCTTTTTCTATTTGAGCTTTTGCGTCTTCTGGCCAACCCATATCTATTAATAATGGCAAAATTGGGTGATAATAAGGTGTTGTGGTTAATTCAATTTTTCCTTCTTCCCATAATTTTTGATATTTTTCAACTATACTATTCATTAATTCATAATGTTTTGAAATTACGTAATCAAGATCATCCTTTGTATAATTTCTATCTTTTTCCATAAGTGCTTTTAATCTTTTGTCAGCATTTATATATTCTATATTTATCCAGTATAAGTTCCACATTACTTTTAAATCAAGCCAATCCTGAGAATTGAATTCTTCATTTTTATCTCTTTTTTCCCTTAATTCAACATATCTTGGATGTGTATCTACAAATTGAGGATTTATATCAAAAAAGTGCCACTTTACAAAATCCTTTTCTTCATCTGTAAGATTATCTTTTAATGATAATTTAAGATATTTATCTTCTCCGCCGTTTTTTACATAATCCATTAATTGCATTAATAATACAGGTGTGATATTAAAGGTTACTCTTCCAGAGGTAAGGTATTTATCTACAAGATCAGCCATATATGGATAATCGTTTACGGCATGAGCTCTAACCCATGGCATTTCAGCATCCTTTTCGCCAGGTATTTTATAGGCAGGTTGATGATGATGCCAGATAATAACTACTTTTAAAGGTTCCTTATCTTCATTTCCTTTTGGAACTGAATTTAAAAATGCTTCTACGCTTTTTTCATTAATTTCATTAATTTCTGGTGCATTGGAATTATCAGAAGCTGTAGCTTGAGGAGGTAAATCTCTCCAGGAAGCAACAGAATCCTTTTGTTCCTGTTCAATATCTTTTACTATAACAA
NZ_CP009471.1_gap48	1661951	1662759	808	AAAATACGAAATAATTGAGCCATCACTTTTTTTCTGTTCTAAAGTATATTCAAGTTCAAAATTATTTATAACTTCAGAAATTCTAAAATACTTATAATATTTTTTGGTATATTTTGTATCTTCTTTTATAATGGTTAAATCCAATTCATAGCTTCCTTTTTCAAAAAACATGGTATTTGTTTCTAATTCTGTTGCATTGGAGGTTAATTCTATAGGTTCTTTGTAATCTTTTCCGTCTTTTTTTAATATAATCTGGTATTTCAAATCATTTGAAAAATCATAATTTTTATTTACTCTTATTTTAAAAAATATAGGATCCCTGGTTGTTAATGTAGTATCATCAGTAATTAAAATATTTTTATTCATATAATCCTTTTTATATATTTCAAGAGTTGCATCAAACTCATCAAATTGCTTAACCTTTAAAGGATAAATAATTTCTGTAGAATATTCCGTAACTTCATTTATTACTGAAATATTCAGATTAATATCTCCGTCTTTAAGATAAAATGGACCATACTTAAAACTTTTTTCTGCTAACATTGTTGATTCAATAGTTGTATCTTCTGTTGAAATCTTATATGTATACGAAGCTGGTAAATCATATTTTTCATTTAAGTTTATTAATGCATATAACGGTTCATTGGTGGTTAATGTGCTATTTTTTGAAACTAAGTCTCCGTTAAAAGAATCTTTATGTAATTCAAAGGAAAAATTAAAAGTAGTATCTATATTTTTAGGGTTAACCTCAACGGTTGTTCTTCCAAAACCGTTATTTTGTGTATCATAAACTTCAACGCTAATAGTG
NZ_CP009471.1_gap49	1768201	1770902	2701	TTATATATAGAATAAGAGTATCCAAGTAGTATAATACTGATAAGTAATGAGACAATAACACCAGAAAAAAAATATTTCAAAGCATATTCCTCCATATTTAAAGACTTTTTAATAAAAGTAGTATATAATAAAAACGCTATTAATATTATATCATATTGGGAGTGGGAACTTGAAATATCTTTTGAGATTTAAGAAATCCGGGAAATCTGCTTATATTTCGCATAATGATACACTGGAAGAAATAGAACGTATCTTTAGACGTGCTAAAATAAAAATGGAATTTACAAAAGGTTTTCATTCAAAACCAAAAATGAGTATAGCCCAGGCTATTCCTCTGGGATATGTAAATAGAAGCTTGTATGTAACCCTTAATACAATAGAAGAATATGATTTTTCCAGATTAAATGATTTTATGTCAGAAGGATTTAGATTATTAGATTATAAAAAGGTGGAGGATAACTTTAAAATAAAAATAAAATATTACAGTTTCAGGGTTTATCTTTCCAGAAATTTGTTCGATAAATTTATTGAAGAATATAACAAAATGAAAGAGCGATTTATTGATTTTGAATATTATATAAACAAAAAAGGGATTTATGTGTTAAAATATAAGCAGGAGTACAATAAAGTATATAATATATGGAAAACTTTTTCCGATACAAAAGAAGACTTTTTGTTTTATCCCATAGTATATGATGCGATTTGGGGGGAGAAAATTGAGTAAAAAAATCCTTATAGTAGATGATTCTGATGTGTTGAGAAAAATATTAAATTTTAATTTTAAAAAAGAAGGTTTTGAAGTTCACGAAGCAAGGGATGGTGAAGAAGGACTTCAAAAAATAAAAGAATTAAAACCTGATGCAGTATGTTTGGACATTATGATGCCCAAAATGGATGGTTTTACTGTTTTAAAAAAATTAAAAGAAGAAAATATATCCCTTCCAATACTTGTTCTTACAGCAAAAGGTGGGGAAGAAGATGAGGAATTAGCTCTTTCATTAGGAGCTTTTAAAGTTGCAACAAAACCATTTAGCCCTAAAAATATAGTGGATATAATAAAACAGGCGGTGGGGGGAAATGGATAAAAGTACCCAGTATGGACTTGAAATATATAACAAATTAAACGAAAAGCTGGCATATTATAAAAAAGAAGATCAACCCAAAGATTTAGAAGAAATAAAAAAACGTATAGAAGTTTTGATAGATGTGCTTTTTGAAGAAGGGGAAAGTTATAGAACGCAATTAGAGGAATTTTCGCTTCAACTTGAAGCACAGGTTGAAGAGTTATCCAAACTATATGAAGAATTAACCGCTGTTCTTGATATAGGTAAAATTTTAAATGAAACATTAGATCCACATGGTTCGATGGAAAGTATAATAAAAAGAATTAAAGATATAATAAGCTATAATGATATTATTGTGGGAGAATTTTCCGATTTTCCTCCACGAAAAGATTTTAGTATACTGCATGCTGATTTTACCATATTGGATTTTGAAAAAACAGTTCAAATAATAGATTACTTAAATGCCGAAGGTAAAATAAAACCTATAATTCTTGAAAAACATCCAATAACTCATGAAGAAGTACCTATAATGTTTATACCAATAGAATCCAGAATGAAAGTATGGGGATTCTTCCTTTTTTATGGTTCAAGTAAAGGATTATTTACAGCAGGTAATAGAAAAATAATGGAATCTGTTGCGGAACAAATAGCTTTTAGTTATGATACTTTAGATTTCTTAAACAAAAAAATTGAACAGGAAAAATTAGAAGAACAGTTGAGAATAGCTTCGGAGATTCAGCAATCATTACTTCCAAAAACTTTACCGGAATTTGAAAATGTGGATATTCATGCATTTTATAGACCAGCATATGATATAGGTGGAGATTATTATGATGTTGTAAAAATGGATGATGACAAGGCATTTTTAGTTCTTGCAGATGTTTCAGGTAAAAGCGTACCTGCAGCATTGATTATGACATCATTTAGATCTATTTTAAGGCACGAACTGGAGTCTAATAACGATCTAACAACTATAGTATATAAATTAAACAATTACATTTCAAAAGAAATTCCGCAGGATAGGTTTGTTACTGCAATATTCATTATTCTTGATTACAAAGAAAAGAAACTGGAAATGATAAATTGTGGGCATAATCCGACATTGATAATAAAAGACGGAGAATTACTTAGTTTTGAAGCTGAATATATGCCTGTTGGAATTATGGATGGTTTTTTCTTTGAAAGTCAAACATTAGAATATGAGAATGAAATTAATATAGCTATTTACACAGATGGTATAACTGAAGCAAGAAATATGGAAAAAGAAGAATTTGAATTAGAGAGACTCACGGAATTATTCGTTAAGTCGAGAGAATTAAGTTCTAAAGAAACGCTGGAACGAATTATAAAGAAACTCGATGAATTTGTTGGCGGGGCGCCACAACACGATGATACTACAATAATGATAGTTAAATCAAAAGTATAAGGAGGTTTTATTATGTCAGGTCACAACAAGTGGGCAAATATAAAGCATAGAAAAGCAGCTCAGGATGCAAAAAGGTCAAAGATCTTTACAAAATTAATCAGAGAATTAACAGTTGCTGCTAAAGAAGGTGGAGATGATCCAGAAGCAAATCCAAGATTGAGAACAGCTATTGAAAAAGCAAAAGATGCAAATATGCCAAAAGATAAGATTG
NZ_CP009471.1_gap50	1772526	1775531	3005	GATGAATTTCTTGATAAACTCACAATAAACGTTACAGAATTTTTCAGAAATCCAGAAAAATGGGAATATTTAAAGAAAAATGTTTTACCGCGTTTAATGAAAGAAAGTGGATCAAAAACCAAATTATGGAGTGCAGGTTGTTCAACAGGTGAAGAGCCGTACACATTATCCATAATACTTGAAGAATTAAAAGCGCCAAAAACCATAAAAGTTATGGCTACAGATCTTGATAAATTTGTTATTGCAAAAGCTAAAAGAGGAGTTTATTCTTCAAGATCGCTCGTGAATATTTCAGAAGATCTAAAGAATAAATACTTTAAAAAGGTTGGGCCTGATTCATATGAAGTATCTCCAATAATAAAATCAAGAGTTGTATTTAAACAACATAATTTATTAATGGATCCATTTGAAAAAAATCTTGATCTTATTGTATGTAGGAATGTTGTAATATATTTTGATATGGAAGCTAAAAATGGATTATATAAAAATTTTGCAGCTTCATTAAGAAAAGGTGGAGTGTTATTCGTTGGTTCAACAGAAAGAATTTTTAATTATAGAAGTCTTGGCCTCGAAGTAATTGAACCGTTCTTCTATCAAAAAGTGAGTGATTAAACTTGGACTGGTTAATACCTATAATCTTGTTTTTAGATCAAATTACAAAAGTACTTGCCAGAGAATATCTTATTGGAAAAAACATAGAGATAATAGGAGATTATATAACATTAACATATGTAACAAATACAGGAATGGCGTTTGGAATGTTAAAAGGCCATTCCTTTTATCTTGGATTAGTTTCAACGATAATTGTGACAATTATATATATTTATAGAAAAATTTATATGAATAATAACAAGTCGTTATTATTTGACATAGCCACGGTTTTTATTATAGGGGGAGCTATGGGAAACCTTTATGATAGAATAAGATTTGAATATGTTGTTGATATGTTTAGTGTAAAATACTTTTCAGTTTTTAATGTTGCTGACTCATTTGTTACAATTGGAGGTATTTTACTGGCAATATATTTTATAAAAAAGGAGAGAAATTATACGTGGAAGAAAACTTCCTGGTAACTAATAGAGAAGATGGGTGGAGACTTGATAAATTTGTAGTGGAAAAGGTTCCTGATTGGATATCAAGAACATATGTTCAAAAAGCTATTAAACAGGGGCAAATAATAGTAAATGGAGAACTGAAAAAACCATCATATAAAGTAAAAAATGGTGAAGTGGTTTCAATAGAAGTTCCAGATAAACCACCAACAATAGAGGTGTTACCTGAAAACATACCTTTAAATATTATATATGAAGACAAAGATATTATAGTAATAAATAAACCACCTTCAATGATAGTTCATCCAGTTGCAAATAAGGTTAGTGGAACACTTGTAAATGCTATACTTTATCATTGCAAAGATTTACAGGGAATAGGCGGAGAAATTAGACCGGGTATAGTTCATAGACTGGACAAAGATACCTCAGGTGCAATTGTAGTTGCTAAAAATGATAGAGCACATCAATCGCTAAGTGCTCAGTTTAAGGATAGAAAAACTAAAAAAACATATATAGCTTTGGTAAAAGGTATTTTAAAGAAAAAGCAGGGTGAAATAAATCAACCACTTGCGAGACATCCTCAAATAAGAATAAAAATGGCGGTTGTGCCGGGAGGAAAAGAATCAATTACGGTATATAAAATAATAAAAGAATTTGGAGATAAAGCGTCGCTTGCATGGATACACCTTAAAACAGGAAGGACGCATCAAATAAGAGTACATTTTAAATATATTGGGCATCCATTGTTTGGTGACGAAGTATATGGTAAAGCATATGAAGATTATAAATATGGAATAAAAAGACAGATGCTTCATGCATTAAAATTAGGTCTTTTTCATCCGAGAACCGGTGAATGGATGGAATTTGTGGCACCATTACCAGAAGATTTTAAAAAAGCTATTGTCAATATAGAAAAATTATAACAGAAAATTAACATACTCTTGTTATATATTAAAAGATATTGTCGTAAAATAAAGCGCGAGGTGTTATTTTATGTTAAATGATAAATTACATGACCAAAAATTAATATATGATCTTGATAAAATAGAAGAAAAAGAAGAATATACATTTGAAATAACATGGGAAAAATTAGATACACCAGAAGGTGTAGTGGATATAGTAAAACCTATAAAAATACAATTTGATATAACAAAAACATCTCAGGGATATATATTAAAAGGTAATCTAAAAACAACTGTAAAACTTGTCTGTTCAAGATGCTTAAAAGAATATGAGCAGGATATAAATGGTGAGATAGAAGCATATTATATAGACGATAGGCTTCAGGATATATTCACCAAAAATGAAAAATTGGAAACACTGGATAACATAATATTCTATTCTGATATGAAGGTTGATATAACCGATAGGATAATAGAAGCAATAATGATGGAAATTCCAGAAAAACCATTGTGTAAAGAAGATTGTAAAGGATTATGTCCAATATGCGGGATAGATTTAAACGAAAATCCAGATCATAAACATGAAGAGCAGTATATAGATCCAAGAATGGCTAAATTGCTTGATATATTTGGCGACGAAGAATAATAAAAATAAATAAATTTTAGGAGGGATTATAAATGGCTGTACCTAAGCAAAAAACATCAAGAGCAAGAACACACAGAAGAAGAGCAGCAAATTTATACAAAGCAGTAAAGGTTAATGTAGTAAAATGTCCAAACTGTGGCGAACCAAAACTCCCCCACAGAGTATGTTTAAACTGCGGATACTATAACGGAAAACAGATCTTAGAAATAGGAGAATAATAATGCCTGAAAAAGCCAGAATCGGCTTGGATTTATTTGGTGGAGATAACGCGCCCAACGCTACACTTGAGGGCGCGATTTTTGCATTAAAAAATAACTTTGTCGATTCTGTATACTTAATTGGGGGAGATCAAAGTTTAAAAGAAAAAATACCAGAAGAATTACATAAAAAATTTATATTTATAAA
NZ_CP009471.1_gap51	1950599	1953261	2662	TTACAACACATTTAAAGATTGATACACAGAGCGATGCAGAATTTGCAATAAGTGCTATAGATGCTTCAATATATAAAGTATCAGCATTCAGGGCAAAACTTGGTGCAGCTCAAAACAGACTTGAACATACAATTAAGAACTTAGGAGTAGCATCAGAAAACTTAACAGCAGCAGAATCACGTATCAGAGACGCAGATGTTGCAAAGGTAATGGCAGATTATACAAGACAGCAGATCTTGTTGCAGAGTGGAACAGCAATGTTATCACAGGCAAATCAATTACCACAACAGGCTTTACAATTATTGAGATAATAATATTTAATTTAATAATTCAATCCAGGCGTAATAAAAGGGCGAAGGGATTCGCCCTTTTTCTTTATATAATAAAAATAAAATAACCCTCCAATAGGAGGGTTTTTGTAATAAATATCAATATACCTTTGATTTTTTGATCCAGTTAATAACAATAGGACTTGCAATGTAAAGTGATGAATATGTACCAACTATAACACCTATTGCAAGACCAAATGCAAATGGAGCAATTGCCTTTCCGCCCCAGAGAAGAATTGGCAATACAACAAGGAATGTTGTAATAGATGTATTTAATGATCTAACAATAACTTCGTTTATACTAATATTAACTATTTCTTCTATATCTTTTTTACCTCTTAATTTCTTCATATTTTCTCTGATTTTATCATATACAACAATAGTATCGTTTAATGAATAACCTGCAAGTGTTAAGAATGCTGCAATGGCTGCTACATTAATTTCAATGCCGAATAATGAATAAAAACCAAGAGTAATTATTATATCATGTGCAAGAGCAATAATAGCACCTACACCAAATGAGAATTTAAATCTTAATGTGATGTAAGCCAATAATAATACTAAAGAAATAATAACAGCATACCATGCATATGACTTAATTTCTTCTGCAGCATAACCTGAAACATCGTTGAATTCAAGAAAATCTATTGTTATGCCTTTTTCTTTAAATGAATTTTTCATTGTTTTTATTAAGTTTTCCTTTAATGCTGTGGAACCTGATAATGATTCTTTTAAAACAATTGAATATTGAAATAAACTTGCATTTTCAACATTTAGGTTTTTGAGTTTTACTATCTTTGCTGTTGCGTAGTTAGAATTTATATCTGTTAATACATTTCTTATTTCATCTATTTTTAATTCTTTGTCAGCTGAAATAACAAATTCTGTTCCACCGGCAAAATCAACACCGAGATTAAAACCTTTTGTAAATACAAAAATTAAACTTGCCAATATTAATAATAGAGAGAGTGTTATAAATAGTTTTCTTTTTCCAACGAAATCAATCATTAGTTTCCCTCCTTTACAGCCGTTTTCTGGTACTTCTTCACGTTGATTAGATGACTTGTTGTTTCAAGAATAGACCTTGATACAACGAGGTTTGTAAACATACTACCAAGAACACCAATAATTAAAGTAATAGCAAATCCTCTTACTGTACCAGTTGCAAAGTAGTATAATACAACACCGGCTAATACTGTGGTTAAGTTAGCATCAAATAATGTCCAGAAAGCCTTATCAAAACCAAATCTAACGGCTGTTAGAGGAGGTCTTCCGTGTCTTAATTCTTCTTTAATTCTTTCATAAATAATAACATTACCATCAACTGTTGTACCAAAAGTTAAGATAATACCAGCAAGACCAGGTAATGTAAGAATTGCGTGTGTTCCGGCTAAAACACCGAGTAATAATACAGAGTTGAATATTAAAGCAATATCTGCAACTACACCCATCCAACCATAGAATACAATCATATAAACCATAACAACTGCAAGCCCTAATAAACCTGCTTTTACTATTGTTTCAACAACATCTTTACCCAATGTTGGTCCAGTTGTTCTTTCCTGGAATTTAACAAGATCTACAGGAAGATTTCCAGCTTTAATTAAAGCAGCAACATTTCTTGCTTCGTCAATAGTCTGAATTCCTTCAATAACAGCAGAACTGCTTGTTATTTTCTGGTTAACAACTGGAGCAATTATAACTCTGTTATCAAGAATAATAGCCAATCTTTTTCCTACGAGATTACCTGTAATTAATTCGAATTTTTTGCTTCCCTGTGAACTGAATTTTAAGTTAACAAGAAAACCTTTTTCTCTTGTGTTGATATCTGCATTTGCATCAACAACATCTGTTCCTGTAAATTCAAATGGTTCTTTACCAAATGTAAATATCTTCTGTACTTTATACCATGTTGTTTCATCATACATATCTCTTACATAATCATATAAAGGTTCATCTTTTCCATTTATGGTTACATATCTATTTCTTCTAATTTCAGGTTTTGCATCTGAGGTTTGAACATCAATAACTTCGGCAAAATATAATTTACCTCTACTACCAATTAATTTTTCTGCTGTTTCTATGTCTGTAATACCGGGGATTTCCACCCTAACCCTTATTTTGTTTCCACTAACAACTTTTGAAACAACTGCTTCTGTATATCCAGCTGCATCCAATCTTTTTCTTAATACGAGGATAACGTTGTCAATAATTTCGTTAGGATCTGTTCCTTCATCCAGCTTCATATCATATTCAAGCATACTTCCGCCTTTAATATCAAGCCCGAGCTTGATATTTGAAAAATACTTTAAAATACCTTCTTCGTTGTTGTT
NZ_CP009471.1_gap52	2036056	2038707	2651	CAAATTAACGAAGAAATGTTCTCTGCATATTTATATTTATCAATGTCAGCATATTTTGAAAAAATAGGATTAAAAGGTTTTGCAAACTGGATGAAGGTTCAGTATGAAGAAGAAATGTTTCATGCAATGAAGTTTTATAATTATTTACTTTCAAGAGGTGGAGAAGTAAAATTATATACTATAAAAGAACCTAAAAAGGACTGGGAATCACCATTAAATGCATTTGAGGAAACATTGGAACATGAAAAGCATATAACAAAATGTATAAATGAGTTAGTTGATTTAGCAGAAAAAGAGAAAGATAGAGCTACATTTAATTTCTTACAATGGTATATTGATGAACAGGTTGAAGAAGAAGCAAATGATGAAGAAATAATAGCTAAATTAAAAATGATTAAAGATAGTCCAAATGGATTATTTATGCTTGATAGAGAATTAGCAGGAAGAACATTTAATGAACCTGCCGCAGAATAAAATAAAAGGGGGATATCCCCCTTTTATTTATATATTATGGTATATCAATTATTAAAAGATATAAATTTTCATGATTTGTATTATTTTTTATATTTTCAAAAAAAGAATAATCGTCTATATGTTCAAAATCTCTACCATCATGAAAGACAAGCTTCCATTCTTCGGGATAAGCATAACTCCCTCTTTCATATCTTTCAAGATTTTCCTTTAAAGTATTAAAAATAAAATCATCTTCAGGGACCTTTCCTTCAAAACGCTTAATCATATTTTCAGATGCATTGTATAAACCTTTATATAAAGAAATTAATTCCTGGACGGTATCTTCAAATAATTTGCTTTCACTTGCATATGAAATACATGAAGATACATTATGATCACCATATCTTCCAGCGTATTTAGAAGCTTTTTTAATAGCATCTTCTTCAGAGTCTGCAATAACAATAAGACTATAAGTATACATCCAATCCCTCCTTAATATTTATAAAAAGCGGGGTAGAAATCCCCGCTTTTATTATATCATAACCATTCTCTTTCAAAATATCTTGTATGTAATAATTTATGTGATTTTTCACTGAGAGGTTTTTCAAGGAATTCATCGTATAATTTTTTAATAGATGGATTTTCATGTGATTTTCTAATAGGTTTGCTTTTATCGATTTTATTAATAGCTTCCATTCTCTTTTTGATGATATTAAAGTCTCCGTGATGATAAGGTTGTCCTCCACCACCAACACATCCGCCAGGACATGCCATTACTTCAATAAGATGTACCTCAACTTTACCTTCTCTGATATCTTCTAACAATTTTCTAACATTACCTAAACCATGAGCAACACCAATTCTGATTTTTTGACCTTTAATATCAACTTCAGCAATTCTTACTCCTTCATAACCTCTTAAAGCTTCAAAATCAACATCTTTTAATTCTTCTCCTGTAATCCATTCATAAGCAGTTCTTAATGCAGCTTCTGCAACACCACCTGTTCTACCGAATATATCAGCAGCACCTGTTGACTCGCCTAATGGATTATCGTATTCACCTTCGGGTAAATTCTGGAAGTTAATACCTGATTCTCTGATCATATCTGCCAATTCTCTTGTAGTAATTACATAATCAACATCTTTATAACCTGAATCTCTCATTTCTTCCCTGTTTGCTTCATATTTTTTAGCAAGACATGGCATAACTGAAACTACAACTATATCCTTTGGATCAATTCCTGCTTTTTGTGCATAATATGTTTTTGCTATTGCACCAAACATTTGCTGAGGTGATTTAGCACTTGATGGCATTTCTAATAAATCAGGGAACTGATGTTCTAAGAATTTAACCCAGCCTGGACAACAACTTGTAAGCATAGGCATATATCCACCATTTTCAAGTCTTTCTTTAAATTCAGAAGCTTCTTCCATTATAGTTAAATCAGCACTAAAATTAGTATCAAATACTTTATCAAAACCTAAAACCTTTAATGCAGAAACAAGTTTCCCTGTTGAAATTGTTCCAGGTTCATAACCAAATTCTTCACCAAGAGCAACCCTTACTGCAGGAGCTGTTTGAACTACAACATGTTTTGTTGGATCCTCAATTACATCCCAGACCTGATCAATATATGATTTTTCAACAAGAGCTCCTGTTGGACATACTGCAACACATTGACCACAGAAAGTACATGCGGTATTTTCCAAATTCCAGTCAAAAGTTGGTTTCACAACAGCATCAAATCCTCTATTAACTGCTGATAATACACCAACTGTCTGGAATTCATTACATACAGTTTCACATCTTCTACACATAATACATTTATTTGGATCTCTTATAATAGCAGCTGATTCGTCAATTCTGTGAGTTGACATCTTACCCATAAAAGGATTTGAAACAATATTTAATTCGTGAGCAAGGCTCTGTAATTCACAGTCACCATTTTTAGGACATTTTAAACAATCCTGAGGATGATCTGATAATAAAAGTTGAACAGCAGTTCTTCTTGCCTGAATAGCTCTTCTTGAATGTGTTTTAACAACCATTCCATCAAAAACTGGAGTAGCACATGCTGGAGCAAGGTTTCTTCTTCCTTCTACTTCAACCATACAAACCCTACATGAGGCAGGTTTATTTTCAATTCCTATATCTTCAAGTTTCATATAACATAATGTTGGAACATATGCACCTATTG
NZ_CP009471.1_gap53	2043296	2043859	563	AGATTTCACAGAAGGTATGCAATTTGATAGAGGATATATTTCACCATACTTTGTAACAGATACAGAAAAAATGGAAGCAATAATGAAAGAACCATATATCTTGATTACAGATAAAAAGATTTCAACAGTAAAGCCATTAATTCCTGTATTAGAAAAAGTTGCACAGGCTGGAAAACCATTAGTAATCATTGCAGAAGATGTTGAAGGTGAAGCATTATCAACATTAGTATTAAACAAATTAAGAGGAACATTAGAATCAGTTGCAGTTAAAGCACCTGGTTTTGGTGACAGAAGAAAAGCAATGTTACAGGATATAGCTATCTTAACAGGTGGCGTTGTAATCAGTGAAGAAGTTGGATTAACATTGGAAAATGTAACATTAAACGACCTTGGTAGAGCAGATATGGTAAAAGTAAGAAAAGATGACACAATTATCGTTGGTGGAAAAGGTGACGAAGAAAACATCAAAGAAAGAATTAAACAGATAAAAGCACAAATTGAAAATACAACTTCAGAATATGAAAAAGAAACATTACAGGAAAGACTTGCTAAAATGGCTGGTG
NZ_CP009471.1_gap54	2046406	2046961	555	GGTCTTGGAGGAACAACATATGGAATGGCAGAAGAAACAATAGCCTTTTATCCTTTAATTATACCGGTATTTATTGCAGCGGGTTTTGATGCTTTAACAGCTGTTGCGACAATAGCCTTGGGAGCTGGGCTTGGTGTTCTCGGTTCAACTGTTAACCCTTTTGCTACAGGAATAGCTTCCGGCTTTGCCAATATTTCTATTGGAGATGGTATAGGATTAAGGTTGATTATTTTAATAGCTTCTGAAATTATAGGAATTATATATGTAATGAGATATGCGGATAAGGTAAAAAAAGATCCAACAAAATCATTAGTATATCATTTAAAAGAAGAGCATGAAGAACATTTCAATAATGAAAATACAAATCTTGAAGTTGAATTAACAAAGGAAAGAAAAAAGGTATTATGGATATTTGGGTTAACATTTATTGTAATGGTATTGGGTGTAATTCCTTGGGCATGGAAATTTGATATCCATATATTTGAAAACTTTAATAACTTTTTAATGAATATACCTGTTTTGGGAAAAATAATAGGACATCCTATACCATTGGGT
NZ_CP009471.1_gap55	2053297	2054141	844	AGGAAGTAATTACGGTGAAGTTGAACTTGATGAAGTTGGTAATGTATTAAGATGGTCTAACTATCCAGGACATGTTGTTAGAGCCAATGCAACAAATGATTTTAACTCTTCATATCCTGCAGATTCAAGAATAGATATAGGTAAAAATGGAATAGATTGGCCATTAAGAGCATATGGAGATATTTCTGTAACAGATTCTAACGGTAATCCTGTTACATTAAGTTCTCAGGATTCAACAAGAGATAGCAGACCTGATATAGCGATATATAGAGATGCAACAAATCCAAATCAGGTAACAATCCAGGTTACAGATTCTGGAGGAACACAATATACAGGAACAATTTCTACAGACGGAACATTTTATGATTTAAACAGAAATTTTGCACAGGGAGTTACTCTTACCGATAGTGGAGGTAATGAAATAACATTAAAAAATCTTATTTTAGATTCAGGTGTTTCAGAATCAGTTGCATTATTACCAGTAGGTTCTACAAACGCATTATCCATAGAATTATATCAATCTTCATCTGATGATGCCACTGAGTGGGGACTTGATGGTATATACATGACAGATACAAAAGGAGAATTAATTCCAAAATATCAGGATGAAGATAATAGATTACAATTAACAGATGGTACAAATACAAGGAATGTGAAATTCTTAGGCGGTATTTCATTAAAAGACAGTCAGAACAATGAAGTATATTATGATCCAAGGGATATATCATTTAGTGTAGATAATAATGGAAATGTAACTATAACATTAAAAGTGGAAGAAAGTGGTTCATTAAAAACAGTAACCTTTACAGATGCAGATGGAGATAGCGCATCAGCAGATACAGTT
NZ_CP009471.1_gap56	2073140	2077947	4807	TTATTAAAATCAATTCCAAATACTAACATTGATGATAGAGAATTAAGGTATATTCCTGGAGATTTACCGAATCTTGTTAAACCACCAAAAGGATGCAGATTTGCAAATAGATGTCCATATGCTACAGAAAAATGTCATAATGAAGTTCCACCAGATTTTGAAGTTGATGGAACAAGAGTAAAATGTTGGTTATATGAGAAGGTGAAAGCATGAGTACTCCATTAATAGAAGTAAAGAATTTAAAAAAATATTTTCCATTAAAACGGTCTATATCAGAGGTTATAACGAGAAAACCGCAGAAATTTGTAAAGGCTGTTGATGATATTTCTTTTGTTATAAATAAAGGAGAGACATTGGGATTAGTTGGTGAGTCCGGTTCTGGAAAAACAACCACAGGGCGTTTAGTTTTAAGATTGCTCGATCCAACAGATGGAATAATAAAAATAGATGGTGTTGATATCACATCATTATCTCAGGAAGAATTAAGAAAATTCAGAAAAAAAATTCAGATAATTTTTCAGGATCCAATGGCAGCATTAAATCCGTATATGAAAATAGGTGAAGCAATACGGCATGGATTGCAAATACATAAAATAGGAAAAACATATAAAGAACAGAAAGAAATTGTATATAATATAATGGAAAGGGTTAATTTAAAGCCAGCTGAGGAATATTATGACAGATATCCTCGTGATTTATCAGGTGGTCAAAGACAGAGAGTTGTTATTGCAAGGGCATTGGCATTAAAGCCTGAATTTGTTGTTGCAGATGAAGCAATTGCCATGCTTGATGTTTCTGTTAGATCACAGCTTTTAAAATTAATGATAGATCTTAAAGAAGAATTTAATCTCACATATTTATTCATTACACATGATTTAGCAACTACAAAATATATTTGTGATAGGATTGCTGTTATGTATCTTGGAAAAATCGTAGAGATAGGAACATTTGAGGATATTTATAGAAATCCTGCGCATCCTTACACAAAAGCGTTAATTTCAGCGGTGCCAGAACCAGATCCAAAATTAAACAAAGAAAAGATTATACCAAAAGGTGAAGTGCCAAATGCTGTAAATCCGCCAAAAGGTTGTAGATTTCATCCAAGATGCCCATATGCAACAGAAAAATGTAGAACAGAAGAACCACCAGTAATAAAGATTGATGATCAACATGAAGTAAGCTGTCATTTATACGCAAAATAATAAAAATAAATCCCCTGTTAAACAGGGGATTTATTTTTATAACGTTTAAATTTTAAATTGTTTAATAAGAGTATTAAGTTCTTCACTTAAATCTTCAAGTCTATTAGCAACCTTTGTAATCTTTGCAAAGTCTTCGTTCTGTGCTTTTATTTCATTCTTGAAGTTAATTACATCTTCAGCAACGCTTGTAACAGCTTTATTTGCAGTATCTACAGCAGCTGCAATTTCCTCTGTTGATGCTGTTTGCTCTTCTGCTGATGATGCAGTGCTGTCAATCATCATTGAAATACCTTCAATTTCCTGTGTGATACTTTCAAATTGTTCTGCAATTTCAAATACCATCTTGTTTGCTTCATTTATACTTTCAACAACATTTTCTGTTTCTTTATCAACTTCTGAAGCGCTGTTTTGTATTTTTCCAAGTATATTTGCAATTTCTTCTGTGGCTTTTTTACTTTCTTCTGCAAGTTTTCTAATTTCATCAGCAACAACAGCAAATCCTTTTCCTGCTTCTCCAGCTCTTGCTGCTTCAATAGCTGCATTTAATGCAAGGAGGTTTGTCTGTTCTGTAATTGAGTTAATTGTTTCAACAATTTCCTGAATATTAGCAGTTTCACTTGCAAGTACCTTAACTGTTTTTGCGTTTTCCTTTGCCTTTTCATTAACGTCAATCATTTTTGTTTTAACTTCTTCAACGTTCTTTGAACCTTCTTTAGCAAGTCCTGAAACCTGAGTTGATCTTTCCATTATTTCCTGAGTTGATCTTGAAACGTTTTGTGCTGCAGCAGCAATTTCTTCAACACCGGCAGTTGTTTCTTCAAGTGAAGAAGAAGCGTCCTGAACCTTGGAGTTAATTTCTTCAATTTCATCGTATATTCTCAAGTTTAATTCATAATTCTTATCAATAGAATTAGAAACTTCTGAAGATGTTTCAATTAATGTTTTTGAAGATTCCTGAACCTTTTCAACAAGTGTTCTTAATGAAGCAATTGTTTGGTTCATAATTTTAGCAAGAACACCCAATTCATTATTTGCATCAACATGAACTTTAACGTTAAGATTACCCTTTCCAACCTCTTCCATTTCTTTTGTCATAATTAAAATAGGTTTTGTAATTGCTTTATTAACAAATACAATACCAATTACAAAAGCACCAATCATTATTACAAGGAATACAACAATTAATACTGAAGTTTCCTTCCATACTGCGTCTGTAATTGCTTTTTTAGGTATTGCTGTGTAAATCATCCAGTCAGTGTCAGCAATTTTAGAATAAAATGCATAAACAGTTTTTCCATTATAAGTATATTCAACCAATCCTTTCTTATCCGTTGCTTTCTTGAAAAATTCCATGTCTTTAACGCTTACACCCCATTTTTTAGGATCTGTGTGCATTAGAGTAATACCTTCGCTGTTTACAAGATATGAATATTCGTCTTTAAATACTTTATCATCGCCAAAGAATGTATCAACCAGTTCTTTTATTGATAAATCAATTGCAATTACACCAATAATTTCGTTTGTTTGTGGATCTGTAACTGTTTTTGATACGGTAATTAATATATCTCCACTTGAAGCATCTGCATATGGATCGGAAATAGCAACTTTACCGGGAGTTTTCATTGCAGCTTTGTACCATGGTCTTGATGTTGGATCATAATCATCTGGCAATTCTGCGTCTGGCTTCATAAGCATTGTTTTATCCCTTAATCCAATATATACCGCTGCATAATGATAATTATTAACAATGTTATCAAACATTTTGAGCATCCAGTTTCGTTCGTCATATTTATTGCTGTAAGAACCTCTTACATTTGCATCGTTTGAAAGCATGTTGGTAAGATTTATAATGGGTTTAAAATATGTTTCGAGTAATTTTGCATTGGTATCAGTAACCGAGCGAAGATGTTTTTTGTAATTTTCAAAACTTTTGTTGTAATTATTATATGTACTGATACCTGTAAATAATAACATTGGAAGAACAGAAATTAGGATAATAATAGCAATCATCTGCGCTTTTAATGACTTCATAAAGATTCCCCCTTTAAAAAATTTTTTATTGATTTTTATTATTAATATTGATGCCTTTATATGAGTGTATGTATTAATATTTTATCACATTTTCCGGTAAAATAAAAATCAAAAGAAATAATATAAATTTAAAAAACTCCCCTATTTTTTTAAAAAAACAGGGGAGTTTTGCAAAAGTATTAACATATAAATATATATCAGTACATTTATATCTTGAATTTTTTTATTAAATCTTCCAATTTCCTTACAGATTCTTCTAAGATTTGAGATGTTTTTAGCAGTTCTTCGCTGCTTTTTTCTATATAAACAAATTCGTCTTTTGATTCTCTAACATACTCGTTCACATGAAGAACATTTTTTGACGCCTGATCCATAGCTGCTGCCATTTCTTCTGAAGAAGCGCTCTGTTCTTCTGAACTTGAAGCAAGGCTATCAACCATACTTACAATATTTACAACAGAATTCTTAATTGCCTCAAATTCTTTTGAAACCTCTGAACTCTTTTCTGAAACCCTTTCTATAATTTTTGAAACATTTAATGATTTCTGGCTAACAGCATCTGCTTCGTCTTTTATGCCTTTTAATAAGTCAGAAATATTCTCTGTGGCGTTTCTTGTTTCTTCTGCAAGTTTTCTAATTTCATCGGCAACAACGGCAAATCCTTTTCCTGCTTCTCCAGCTCTTGCTGCTTCTATTGCAGCGTTTAAAGCAAGAAGATTTGTTTGTTCAGCGATACTTATAATAGTATCAACTATTTCTCCGATATTTGCAGATTTTTCCTGTAAATTTTTAACGCTTTTTGTATTTTCTACTGCCGCATTTCTGGCTTCAGTGGCTATTTCTAATATTTCTCCAATACTCTTTTCTCCTGATTTTACAGAATTTTCAACATCTGTACTCTTTTCGCTTAAATCCTGTGCTGCTGAACTTACCATTTGAGCCGCAGAAGCAACTTCTTCAACACCAGATGTTGTTTCTTCAATTGATGATGCAGCGTTATCAGATTCTGTAAGAGCGATATTTAAGGTTTCTTCGACCTTTTGTGTAACGTCCTTTAGTTTATTTGAGGCATTTAAAAGATTATTTTTTTCTTTAATCAAGTTGGAATTTTCTGAGATTATTGATTTTATTAATAATCTTAAGGATTTTCTCATATTTTCAAGTGAATGTTCAAGATGTCCAATTTCAGATTTTGATGTAATTTTTATTTCTTCGTTTAATATGCCGTTTTCAATTTTTTTGATGTTATCAACAAGTCTATTTATGGATTTTGTAACCAGTACTTTCATTATGTAGAATATAACAAATACAATAATAACAAGAATTAATAATAGAATAAGAATATTTTGTATAGTGGAGTTATATAATGATTCATAAATCTCATCTTCATAGGCTGTTATTACAACATATAAGTCGCCGCTCATTTTTTTCACATAAGCGATTTTTTTGTATAATTTATCAGAATTTGTAGATTTTGGAAAATAATATTCATAAAAACCATTTTCCTTTTCAATGGCAAGATCAACAATTTTTTTACCACTTTTTGGATCAACAGCAGTAGCTTCCTTTCCGAT
NZ_CP009471.1_gap57	2082782	2085143	2361	AGTTTTTCCAGCTTTTTTTGCTTCTTCTGCATATGGAACAAGCTTTCTAATAGGTGATGCCTGCATGTTTAAAACCCTTTGTGAGAAATTCATTTTTTTCCCTCCCGGTATTAAAAATTTTGATATTTTTTTCATAACTAATTTTACCATAAATGTTAAGCTTTTTTTCATATAAATTTGTAATAATTAAGTGTAGCATTTATTAAATCTTAAAACATAATAATATAAGAATGAAAGAGTGAGAGCAATGGATATTGAGTATTTAAAAAAATATGGTAAAATAATAGGGGTTGATGAAGCCGGGCGAGGGCCGCTGGCAGGACCTGTTGTTGCTGCTGCAATTGAAGTGGAAAATGAGAATCAACTTAAAATACTTGAAGAGATTTCAAATGATTCAAAAAAATTATCAGAAAAGAAAAGAGAAGAGATTTATGAAATATTAATAAAAAACTTTAATTATTCAATAGAAATTGCTACACCTGAAGAAATAGATATTTATAACATATTTTCAGCAACGACACTGGCAATTGAAAGGAATTTAAAAAAATATAATCTTTCAAATGCTTATGTTATAATAGATGGCAAGAATTTCAAATTAAGTATTGAAAATTATGAATGTATTGTTAAAGGAGATGCAAAGTCTAAAACAATAGGAGCTGCTTCAATACTTGCCAAGGTTTATAGGGATAGATTAATGGTAGAACTTGATAAACAATATCCGGAGTATAACATGAAAAAACATAAAGGATATCCAACAAAAGAACATATAAAACTAATAGAAGAAAATGGAATAAAAGAATTTCATAGAATAACCTTTAATCCAATAAAAAGAATGATTATTGAAAAAAACGTTTCAATTAATAAAAAAGAATTTTCCACCATGCGTTTAATGAGAATAGGAGTACTTTAATGAAAGGGGATAATATGAGGGATAAAGCCAGAGAAAAGTTTGAACAATTGCTTGAAATAATGGAAGAGTTACGTTCTGAACATGGTTGTCCGTGGGATAGAAAACAGACTCACGAAAGCTTAAAACCATATATGATTGAAGAAGCATATGAAGTGGTGCATGCAATAGACGAAAATAATATGGATGAATTAATTGAAGAATTAGGAGATGTAATGTTGCAGGTTGTATTTCATTCACAAATTGCAAGAGAAAATAATGAATTTACAATTGTTGATGTGCTTGAAAGAATTAATTCAAAAATGATACGTCGTCATCCACATGTTTTTAAAAATGAAGGGGAATATTCATATGAACAATGGGAAAAAATAAAGGCTAAAGAAAAAGGGAAAAAGCAATATTCAAAAATAGGTGAGATAAATAAAGGACTTCCACCATTAATGAATTTAAGAAGATTAATAGAAAATTCATTTGCAGTGGATTATGACCCATATAAAGAAAAAAATATATTTGAATTATTAAAGAGAGATTTGGAAAGTCTTGAAAATGAAGGTAACGAAAATAATGAAATAGAATTATTAACGCATTTAATCTATTATTTTGTAAAAAAAGAAAGAAATATAGATTCACTGTTATCAAAGGCTGCAAAGGAATATTTTGAAAAATATAAGAAATTTGAAAACGGGGAGGATAAGGAATGAAAAAAGGTTTGTTGATTTTGATGATGATTGTATTTGCTATTGTATCTGTTTTTGGTGTAGTTAGTTATCAGGAATTAGAGGATAAAACCATTGTGAAAATCAATGGTGAAGCTGTAAATTACGATTATTTCCAATCACAGGCAAAGACGCTTGAATTATTAAGAGGAATAAACAATTTAAATGGTGAATTTTACAAAGTGCTCGTTGGAAGCAAAGAAGGAAACCAAACAATTCAAAAATATGAAAAAATGAAATTGGATAAATTAAGTGGTGAAATATTATTTATTCAATTTACAGAAAAAGAAAAAGGGATAAATCTTGAAAAAGAAGAACTTTTTAATAGCATTTCAAATGATATAAATAATGTATTTAAAAGTTCAGGATTGTCAGAAGATAAAATAAAGCTTTATTTATTATCAAAGGGTTTCGAAAATAAAGAGCAATATATTTATAGTATATATCATGAAAAATTATATAAAAAAGCAATATCAGCGATTTATCAATATCTTCTTGAAAATGTAGAAGTATCAGATGAGGAAATAAAAGCGGAGTATGAAGCTAATAAAGATTCATATTATAGTCCTCAACGAGCAACATTGGATTTGATTCTTTTTAAAACAAGTGAAGAGGCTTCTCTTGTATATCAGAAAATAATAGATGGGTATTATACATATGATGATGTATATAAAACAAAATTGGAAAGTTCAGAAGCAACGTCTTTGACTATTTCTCTTGAAGATAATACAAATGATC
NZ_CP009471.1_gap58	2087805	2089321	1516	GAAAAAATTTAATTATAAAGGTCAGGTTTATTTTTATCCAATTAGTAAAAAAAATATGTATTATATAGGGCTTTCCAGAAAGAATGAATTCTCTGAAGAAATAATAAAAATGTTTAATGAAGAATTAAAAAGATTTAAGAAAACAGAAGAATACAGGGAAATATTGAAAAAATATAACATTACATATGAAGATTTATGGCAATAGAGGTGATTTAATGAAGTTAAAAACAATATTTATAAATCTTCTGATATTTTTACTATATATTATATTTATGCTTTATTATACCCAGAGAACAGAAAGTTATATAAATGATTTTTATAATTATATAAGCCTGTTATTTAAAAATTATCTGTGGGAATATAATGATAAGGCTATGGAAGATATATCTAATATAATTTTTAAGAATGTTGAATATAGAGAAATAGCTGTTTATGATGAGTCAGGAAATTTATTCTTTAAAATGGAAAATCCCAAAAAATTAAATAAAATAGATCTTTTTTTTGAAAAAATGAATTTTATTCATGAAGTTTCATTATCTAAATCACTGGACAACAATGGAATATATATAGGTGAAATGTATGTAAAAATGGTCAATAGAAGTTTTTATGTAAAATTGTTGGGGTTTTTAATTTATGTATTATTAGCCTTTTTATATAATCAGATGGTTGTTATAAATGAAACAAAAAGAAAGCTTGAAAAATCCAATAGAGAGCTTGAAGATACGCTTGAAGAACTGGAAAATACCATAGAAAATCTAAATAGAACGCAGGAATTGCTTATAAACTCAGAAAAAATGGCGTCATTGGGTAGACTTGTGGCGAATATTTCTCATGATTTAAATACACCTCTTGGAATTGCATATACATCGGTTACACAATTAATAAAAGATTTCAAAAAACTTGAAGAAGGATATATATCCGGGCAGGTATCTAAAAAACTGTTTGAAGATTATTTAAATTCAGGAAACGAATTATTGGATATTATACTTGCCAATTTAATGAGAATGTCTGATTTAATAAAAAGTCTTAAAAAAGTATCAGCGCAGGAAGTTTCCAACATAAAATTAAAAGTAAATCTAAAAGAGGAATTAGAAGCAATATTAAAATCATTAAACCCTGTTATCAGAAAAACATCACATAAAATAAGTTTAAAATGTCCTGATGATATAGAAATGGTTACATATCCTGGAGCTATTGCTCAAATAATAACCAATTTTATTGATAATTCTTTAAAGCATGGTTTTAAAAATTATAAAGAAAATGGTAGAATAAATATAGAGGTATTTAATGAAAAAGATAGTGTGAAAATTATATATTCAGATAATGGTAAGGGTATGGATGAAAAAACTAAAAGTGCCATATTTGAACCATTCTTTACCACTGACAATTCCGGTGAAAGCAGTGGTATAGGTATGAATGTCGTATATAACCTTGTAAACACTGTGTTGCAGGGCCAAATATATGTAGAAAGCGCTCCGGGAAAAGGTGTGAAATTTACAGTTATTCTTCCAAAGGT
NZ_CP009471.1_gap59	2096777	2101352	4575	ATTGGAAAAAGAATATGCTGAATTAACAGAAAAAATAAAAATCGCACTTGAAATATTAAACAACAGAGAAAAATTAATGGAAATAATAAAAGAAGAAACAGAGGAAATAAAACTAAAATTTGGTGATGAAAGAAGAACGGTAATAACAAATTCTGGGGCCAAAATAGAAGAATCAGACAACATTGAAGAAGAAGATCTTGTAATTGTCTTAACCCAATGGGGATACATAAAAGCAATGAAAAGCAGTGAATATAAAGTTCAAAATCGTGGCGGAAAAGGTGCTAAGGCTATAAAAAAATCAGATAATGATTTTATTATTCAGGTATTACAGACAAATAGTCTCTCAAAATTGTTATTTATCACCTCAAAAGGAAAGGCTTTTGAGTTAAATGCATATAAAATAGAAAAAAGCAGCAAAGATACAAAAGGAAAGCATATAAGCACATATCTATATCTTGAAAATGATGAAAAGATAAAAACAATAATTCCAATTGAAAACAAAAAAGATATAGAAAATAAATATATAATGCTCTTTACAAAAAAAGGAACGGTAAAAAGAACAGCGCTTGAAGAATTTTCTAATATAAGAAGAAATGGATTAAAAGCAATTACAATAAAAGAAGATGATACAGTGGTAGATGCGCTTATTGTAGAAGAAAAGGATGAAGTTCTTGTAATAAGTGCAAAAGGGATGAGTTTAAGATTCAGGGTTAGTGATGTAAGACCTATGGGAAGAAGTGCTGCAGGTGTAAGATCCATAAAATTAAGGGAAAATGATGAAGTGGTAAATGCAGTAATGGTTGATAATGAAAAAAGTCTTCTTCTAATTACAAAATATGGATTTGCCAAACGAGTAGATTTTAAAGATTTCAGGCTTCAAAATCGTGGTGGTGTAGGATTAAAATGTGTGAAAGAAACAAGTAGAATAGGTGATATAGTAAAAGCACTTGCAGTTACAGATGAAAGTCATGTAATAGTATTTACCAAGCTTGGAAAGGCTATAAGAGAAGAGGTGTCAACAATTTCCTCATTAAGTAGATATGCCATAGGTGTAAGAGCAATAAGGCTTGACAAAGAAGATATAGTAGCAGATGCAGCAGTGGTGATAGAAGATGAATAAAGAATTAGAACATCCAGCAGATATTATGTATGAAATTTCTGGTGAAGATATAAAAGAAATATTAGAAGATTTCGTTGAAGTATTAAATAAAATCTATAGTCCAGTTGTCGAAGGAATAAATAGAGAAAATGAATATACTATCAGCGAAAAAGAAATAGATGATATATTATTTGACCTTGGGAATGAATTTTTAAGAGCGATAATGGAAGGGGAATTTCCCTCAAAAATAGAAACTGATAATGAAATTATAAAAATTTCATATTCAAAAATATATAAAATAAATTCTGACATTGAAATTAAAGCTGTAGCATATCCAAAAATAATTGATGAAGAAAGCAAAAAAATCAGGGTAATATTTGACGTGTGATTATGAAAGGATTAACGGAGAAACAGAAGAGAATATATGAATATATCAATTTTTATATTAATGTAAAGGGATATCCACCGTCGATGAGGGAAATAGCGGAATATTTAAATTTAAAAAGCGTATCGACGGTATATTCTCAATTAAAATCCCTTGAAAAAAAAGGATATATAGAATTATCAGGAAAATCAAGAGGAATAAATATATTAAAGAACGAAAAAAGTGGATTTATAGAAGTTCATGGAGAAATTGCTGAAAATAAATTAAAACTTTATTCCACACCATTTTACCTTAAAACTATAAGTAGTTTAACAATAAGAAAAATCAATAATTTTTATAATGTTTTTGTAGTTGAAAAATATAAAGATTTTAGTAGCGATTTTATTCTAATTGTAAATGAAAATCTTGAAATAATAGGAACAATAAAAATTAGTGAGGTGATTTTAGATGAAAATAGCTATAGGTTCTGATCATGCAGCATTTAAAATGAAAGAACATTTAAAAGAATATTTATCAAAAAAAGGTATTGAAGTAATTGATATGGGACCGGAAACAGAAGAAAGAGTGGATTATCCTGTATATGCAAAAAAAGTTTGTGATAAGGTTGTAAATAATGAAGTTGATTATGGTATACTAATGTGTGGAACAGGTTTAGGAATGTCTATAGCAGCTAACAAAGTAAAAGGGATTAGAGCTACACTTGCATACTATCCAAAAATGGCAGAACTAGCAAGACAACATAATAATGCAAACGTATTGGTTCTTGGTGGAAGAACAATGGGTTTTGAACTGGCAGAATGGACAGTAGATACATTCTTATCAACAGATTTTGAAGGAGGGAGACACGAAAGAAGGATAAACCTTATATCCGAAATGGAGGAAAACTTATGAAAGTAATCTATGATCCCCGTCATGTATTTTATTCTCCCAAAAATGAATTTAATGGATTTGAAATAGTAGATAATAAAGATAAACCAGGAAGAGTTGAAGTAATAAAAGAAGTAATTCAATTAAAATATGGCAACATCATTAAAAGTACAAGGGATTTTTCAAGATCCTATTTATACTTTGTGCATTCTTCGGATTATGTAAGCTGGCTTAAAGAAAAACAATATACTTTAAATGAAAATCAGGAATATTTTTCAACAGTAGTTGGATATGACATGTGTATGGATTCAATTACACCAATAAGCAAAAATACATTTGAGATGGCCTGGATTAGTGCAAAATGTGCACTAACAGGCGCATCTTATCTTTTAGAAGACGAAGAACTTGTATATACACTTTCAAGGCCAATGGGGCATCATGCAGGTATTGCCCATTGTGGAAGATATTCATACTTCAATAATGCAGCATTGGCAGCAAGATATCTTCAAAAAAACGGAGATATATACGTGGCAATACTTGATCTGGATTTCTATCATGGCAATGGAACTCAGGAAATCTTCTATGAAGACAATACTGTATTAACAATAAGTATACATGGAAATCCTTCAAACCATTATCCGTATACTTCGGGTTATGAATGGGAAATTGGTGAAGGTGAAGGAAAAGGATATAATATAAATTTTCCATTAAAAGATGAAATAAATGGAAGAGTATATTTAAGAGTGCTTGAAAAAGCATTGCTGGAAATAGATGATTTTGATCCAGATTTTCTTATAATCTCTTTTGGAACAAATACACATTATGAAGATCCAGATACCACATTTAACTTAAAAGAAGAGGATTATAAAGAAATGGGAAATATGCTCTCGTATTTAAATGTACCAAAATTAATTGTACACGAAGGTGGTTTTAATATAAATATAAATGAAAAAGTTATAACCAGATTTATGGACGGATTAAAAACATGAGGTGGAAATGTTGAAAAGTATTTATTATAACCCTGGCACAGGAAAAAGTATTCCAATAATAATAAAAAAGGGGAAATACAAAGAATATATAAACGTCAAGAAAAGTAATATCATTATATATGATAAAAAAATAAAACTCATAGATGAATTAAATCTTTCTAACAGCATTTCTGTAATAGGTAATGAAAATTTGAAGAGTTTTGATAAATATCTGTCTTTAATAATGAAATTATCTGATAAAAATATAAAAAATGTTGTGATAGTAGGAGGATATAGCGTAATAGATTTACTTGGATATACCATGGAAAGCTTTGAAAGAAGAAATGAATATATATATTTTCCTTCAACATTACAATCAGCAATAATGCCACCGTTAAGAGGAAAATATTATTTAAATTTTAACTGGAAAAAGGATTTTTTAGTGCAGAAAGGATATCCTGATGCAATAATAATAGATACAACCTTTTTTGAAAGCTTATCTCCGCAGGAACTAAAAAAAGGATTTGTTATTCCTTATCTATTGGGAAGGGTTTTAAATTCCAGAATATCTAAAATAGCTCTAAATTATTCAAAATTAAACTTTTCCGATATAGATCTGGAGGAGTTTATATATTATTCTCTGAAACAATGGGTATATTATATAGAAAATGAGTCAAAAGTTTTTCCGGGGGAAAATATAATTAAATTATTTTATAATAAAAAAACAGGTATTAATAGAAATTTTCTTGATATTTTTGGATTGAGCTTTTTAATAGAGTTATACATGTCATGGTATTTTGGATTTTTAGAATATGAATTATTTGAAGAAATAAAAAAGGAATTAATAGAGAATTTTGATATACAATACAAAAATATAGAATATCTTAATTTTGACGAAGCAAATTTCAACAATGAGTTTGTTTTATTTACATCCTCAGGAAGAATAATAAATTATAAAACCACATATGATGAACTTAATATAGTTTTAAAAGAAATCAAGAACCATTTTAGAGGTGGATTTTTGTGATAAAAAAACAAAAAAATTATGCTCTTATATTTATAACAATAATGGTTATATTATTACCAACATTTGTCGCATTGCTTACTTCGTATACAATATATCTAAAATACAAAATAAAAAATCTCGAATTAAAAATTTATGAATTAAAAGATAAAGATATAATTTCCAGTAATGGAAGAAATAAAAAAATAGAAAATAATATGAACTACGAATTAAATATAGAAGAAATAGAAAA
NZ_CP009471.1_gap60	2111995	2114950	2955	AGTTAGATTTGAAGGTGTATTTGATAAAGAAAATAAATTTAAATGGGCATTTGGATTTGGTCCTGTATTTTAATAAAAAGAAAAAGGGTTGTTCGAAAGAACAACCCTTTTTAATTAAATATAAAGAATATTTTCCATTTTTCCATTAACTATTTTTGCCAGCATACCATTTTCAAAAGGGATAAATGAATTATCCATTTTTTCAGAAGCAACAATAAACCCTGTATCATTTTCTGTATACCACAGAGTAAAATAATCTTCTGTGCGTGTATAATTACAAAATACATATAATTCATTATTTCTAATCATTAAGAAATTTATACCCGAATAAGAATTTTTAGAAATAAACTCCTTAATCTTTTCCTTTAAATCATTGAAATTGTTAAAATCATACAAAGCCTTAAAATATTCAAAGCTATCTGTACCAAAAACATTATCTATCTTATCGAGATATATTGTCCCGTTATGTGAAAAAAAGGTATCTTTTATAAAATATGGATGCAACTGTAAAAAAGTTTTTTCAAGATTATCAGAAGCTTTCCTTGCATGAATCATACCAAGGTATGATTCTATATTTAAATCATCTTCATTAAAAACCGGTTGCATGGATTTATGAAAAACCACTTCCTTATCAGAAACAAAAGCTGCAATCCCCCAGCCATCATCATGAGGAGCTTTAATTCCATCCTTCGCCATAGTCTTCAAATGATTAAACAAAAAATTTATATTTTCATTTTTTTTAAATGAATAACCAATCATTCTACACAAAAAAATCCCCCCTTTTAGTTTTGAATTATACAACTTTATCTTCTCTTTACAAAATGTAAAAAAATAATAAATTATACGAAAATTTAAGAAAGTAAGAGTATTTTAATTTTTATTGGAAATATTGGATAAATTTCAGAGATTTTTGAGGTTGAATTAAAAATAAAATAAGGATATTATCATCTTAGGGAGATTTAATTAACCTTCTTTTAAATAAAAATTAAAATTATCATATAACTATTAATATTATTTGGGGGTTTCAAATGACTTATATTGAAAAGAAGATAAAAGAATTCAAGGGATTTTGTGGTATTTTAGTAAAAGATTTAAAAAAGAATGAAATAATTTATTCTTATAATGAGAATAAATTCTTTACACCTGCTTCTGTGACAAAGTTATTTACCACATTTGCGGTATTTGAAATTTTTAAAAAAGAATATATATTTAGCACAAAATTTTATTTCACAAATGGCGATCTTATAGTAAAGGGGTGTGGAGATCCAACTATTGATTTAAAGACATTTGATATGATTTTAAACAAAATAAAAGAAAGATCAGGAAAGGTTTTTTTTGACACCTTAGTAATAGATGATTCACTATTTAATAACAATGAATTTTTTGGATATGGATGGATGTATAACGATGAAGAAAATCCTTATATAAAGCCATTTAATATAAAAGACTTTGTTCCGGAAAATAACTATTATGCAGAATTACTGGAATTATTAAAACCGTTGTTTATAAAACATAGATTTCCAATTGAGTGTATTAACAGTGGTAATGTAGAAGAAAAAGAAACTCCTTTTTATATTCATAAATCTGCTGAAATAGATAAAATCACAGAAATTATGATGAAAAACAGTGATAATTATATTGCAGAAATGTTCTTTAGAATGTTATCTGTAAAAAAATATGGCAAGGGCGAAATTGAAAAAAGTATAGAAGTTTTAAAAGAAGAATTATATAAGAATCTTGGTCTCGAATATGAAGAAGATTATGTAATTACAGATGGAGCAGGATTATCAAGATACAATCTGATTTCACCATTAACAGCAGTAAAAGTATTTGAATATATGCTGGAAAGATACGGGGATAGATTTTTAAACATTCTTGCATATACCAAAAGTTATGGAACACTGGAAAATAGATTTAATTTTGATGTATGGGGAAAAACCGGGACCTTAACAGGTGTTTCAGGATTAACTGGATTACTGATTACCAAAAAAGGGAGAAAATTTATTTTTTCATTATTTGAAAATAATTATGTTTATGAAAAAACTTATGGAAAAACTTTTGAGAATGACATAATTAACTATTTATATAATACTTTTTAAATTTCGGGAGGGCTAACATGGAAGAAATATTAAAAAAGATTGAAAGTGAATATGGAACGCCTGTTTATGTATATTTTGAAAAGGAAATAAAAAATCGCATTAAAAATGTTAAGGAAATCTTTGAAGGAATAAACCTTATACCAACATTTGCATTAAAAGCAAACAATAATCCTGCTTTAATTAAAATTATGTACGAATCTGGTTTTGGGGCAGATATAGTTACAGTTGGTGAATACAAAGGAGCAGAAATAGCAGGAGTTCCAAAAGAAAAAATAGTATGGAATGGAAATGGTAAAAGCAAAGAAGATATGAAATTTCTAAAAGATAAGATAAAGTATGTAAATATAGATTCCTTTGAAGAAATGGAATTATGGAAAAACATTAAAACAGAAAATATTGAATTCTTTTTAAGAGTTAATCCAGATGTTGACGCAAAAACACATCCGCATATTTCTACAGGTTTAAAGAAAAATAAATTTGGTATTCCAGCTGTTAAACTGGAAGAATTTATGAACAAATATAACGATAATAGAATAAAAGGAATACATTTTCATATAGGATCTCAAATTACTGAAATTTCACCATTTATAGATGCGTTTAAAATCGGATTGGAAATTTCAAAAAAATATAATTTCAAAAAAATAAACATAGGCGGAGGCTGGGGAATAAATTATGATGGAAAAGAAATTAATTTAAATGAATACAAAGAAAAAGTTATTCCGATCTTAAAATATTATGATGAAGTAATACTGGAATTGGGAAGATATATAATGGGGCCATCAGGAATATTATTGCTCAATATTACACGCGTGAAACAGGGAATTGATAAGGTATTTGTTGTAACTAACGGTGGAAT
NZ_CP009471.1_gap61	2157781	2160479	2698	GATTATTTCTGTTCCAGCCTTTTCTCCGTTTACAACTATATTCCATTTTCCTTCAGGTAAATTAAAAGATACCTTTGAAGAATTAGCGTTGTAGATTACGAGTATATTTTTCCATTTATCTCCATTTGCATTGTTTTTTAAGATAAATGCAACCATTCTCTTTTTTGGAGTTTTTAAAAATTCAAGGTGTTGTTTAATCATTTCTGCATTGGTCATTCTAAATGCGGGATGTTCTTTTCTCAATTGAATTAATCCTTTGTAATATTCAAAAATATCATAATATTTTGCTTTGCGTGACCAGTCAAATTCATTTGGTAATTGTTTGTTATAAGGATTGTGTTCGCCCATTTTTGTTCTTGCAAAATCAACACCGCCATGTAAAAATGCAATTCCCTGTGAAGTTAAGATTATCGCATTTGAAAATTTCTGTGATTTTTTAAGTTTTTCTTCAATGTTTTCAGGAACTTTTTCCTTCCATGGCTCATATCCAAGTGCAATTGCATTTTTATCCCATAATGTGTGATTATCATGGTTTGAAACATAATTTATTGTTTCTTCTGGATCTGCAGCCCATAATCTAATTCTTGAATCATAAGTTATAGAGCCTACAACACCTCTTTTGATTTTTGTTTCCTTTCCAAGAGAACCTAATCCAAAACCTTTTTTCTTTGCATCAAAAACACTACCCCTAATAGCATTTCTTATGTCATCGTTGAATACTGCTATATGAAGATTTTTTTGATCTCCTTTTCCAAATAATAATTTTCCTCCTCCTGTCCATGGTTCACCATATAATAAAATATCAGGATCTATTTTATGTAATTCTTCAGAAATTTTAGCCATGGTTTTTTTATCTATTAATCCCATTAAATCAAATCTGAAACCGTCAATATGATACTCTTTTGCCCAGTATTTTACTGAGTCTACAATGAATTTTCTGACCATAGGTCTTTCTGTTGCAATTTCATTTCCAACACCTGATCCATTTGTATAATGTCCCATGTCATCTGTTCTATAATAATAGTAAGGAACAGTTTGATCAAATGCAGAACCTTCTCCTACAACTGCTGTGTGATTATATACAACATCAAGAACAACCCTTATACCGTTTTCATGGAATTTTTTAACCATTTCCTTTACTTCATATATTCTTGATTTTGGATCAAATGGATTTACTGAATAAAAGCCGTCAGGAACGTTATATAATTTTGGATCATATCCCCAACCGTATTGTTCGCTGAATTTCGTTTCATCGATAAAGTATATATCCTGAATTGGCATAATATGGACATGAGTTATTCCCAATTCTTTTAAATGAGATAAACCTGTTTTTACTCCATCGGGACCTTTAGTATTTTCTTCTACAAGTCCAAGGTATTTGCCTCTTAGCTTTTCGGAGACACCTGAATTTTCATTGATTGTAAAATCTTTTACATGTATTTCGTATACTATTGCATCTTCAGGGTTTACGAATGGAGGTTTAATGTCTTTATTCCAATTATCTGGATTAGTTTCATTTAAATCGATTATTGCTGACTTTTCAGAATTAATTGAAACAGCTTTTGAATAAGGATCTACAGTTTCTCTATATTTTCCGTATGAATAGAATCTATATTTATAGAACCAGCCTTGTAAATCTTTATTAATTGAGATGCTCCATACTCCGTTTTTGTCTTTCTTCATTTTATATCTTTCATCAGGAGTATTTGAATTATACTTTTTATATAATAATAATTCAGCGCTTTTTGAAACTGGAGACCAGACTTTAAATACAGATTTTTCATGAGTATAGGTAACTCCTAAATCATTTCCATCATAATAAAAATCATTTAATATATTTCTCATTATTACATTTTTCCCAACGTATCCATTTATATTTACTTCTATATTTGAATCTACTTCTTTAAAAGGATTTTTCAAAATAATCTTTATTTTATTGGTTTTTGAAATATCAGTAGGATCCAATTTTTCAACATTTTTTATTTCAAGTGATTTTCCATTTGAAATTACATTTATTTTCCCTTTCCAATCTTTTATATCAAAAGGAGTGGTTAATACACTTTTGATTTCAGTTGAAGAATCCATTATTGCGCTTAATACTCTTGGGCGTATATCAACGTCAGAAGCTTTCAAATACGGTTCTTCTACACTGGTAACAACCCAGATTTCGGCAATTCCAGATTCTGGAATTTTAACAAATCTGTCTTTTGCAACATCTTTTGCCTGCCATTCATTTAATCTTATGATATATCCAAGTTCTGTATATTTTTCATCAAAAGTTATAATTGCATATGGACCAAAATCATCTTTTCCTGTAAATTGATAGGCGTGTCCCTCAAGTGATTGTGGTTTATGTGGCCATATCCATAAATTCCATCCGTTGTAATTATTGTCAAAACGATGATAATGGATAATTAATACTGTTTTTGCATTGAAATCTTCAGCACTTTTTCCCTGAGAATAAGAAGGAAATGTAGCAAAAATAAAAACAGAGATAAGTAATGAAATGATTAAAAATGCTTTTTTTCTCATAAAAACCCTCCTATAATTAAATTTTTATATAAAAATTATATCAATTAATATAAATGAAAAAAGCGGTAATATCTGTTATTACATAAAGAAATAATGAGATAATTAATGATAATTCTGAAATAAACGCAAATAATTGACTTTTATTATAATGAAAACAAATTTTAAT
NZ_CP009471.1_gap62	2276863	2280375	3512	AAATAACCTATTATTATCGTCCAAATGGTCATATTCACTATATTTACTGCATAAAATGCAAAAAGTTTGAAAAACTTGATATGTGTTTTGAAAAAGAATACAGTAAATATATTGAAGAAATACTGAAATTTAAAATCACAGATCATATTCTTTATTTTGAAGGCATATGTTCTAATTGCCAGCATGAGGGGGAGGGTAAGCAATGAAAAAGGAAAAGGTTATAAGCGTTAATAACCTTAATTATTCTGTTGAAGATAATGAGATACTAAAATTCATTACCTTTGATATATATAAAAAAGATTTTGTTGGAATTATAGGTCCTAATGGTGCAGGAAAATCTACACTCATAAAAATTTTAATTGGAGAAATTGAAAATTATCAGGGTAAAGTAGAGATTAATGGAAAAATTGGATATGTTCCCCAAAAAGATGAATTTGATAGGACTTTTCCAATAAAGGCATATGAAGTTGTATTAATGGGAATGTACAAAAGCGTTGGATTATTAAAAAGATACAAAAAAAGCGATATTGAAAAGGTTAGAGAAACCATGAAAAAGTTAAATATAGAGTATCTTTTTGATAGAAATGTTGGAAAGTTATCTGGTGGTGAATATCAAAAAGTATCTCTTGCAAGAGCACTGGTAAGCGATCCAGATATATTAATACTTGATGAACCAGAAGCAGGAGTAGATAAAAAAGGACAAAATATGATTTATGATATTCTTGAACGATTAAATGATGAACTCGGCTTAACGATAATACTTGTGAGTCATGATATTTCAATGGTTGTAAAAAAGACAAATAAAGTTATGTGTTTAAATAGAACCTTACATTGTCATAAGAATGCAATTGATGTAACTGCTGATGATTTAAAGAATATATACGCTGAAGAGATGGAAATACTTGTACATATTAATCAGCCGTTGAAAGTGGTGAGCAAAAATGATTGAATTATTCAGTTATGATTTTATGGTATATGCAATTTTATCTGCAGTTTTGGCAGGTTTTAGTGCATCATTATTATCGAATTATATTGTTTTGAAAAAAATGGAGTTTATAGGCGAAGGTGCTGCTCATACAGCCTTTGGAGGAATTGCTTTAGCTATTTTAATTGGATTTAATATTGATATTATGAATATAATTGTAGCACTTCTTTTTGGAACGACTATATTTTTTATTGGTAAAAAAGGAAAAATAAATGAAAATAGTGTAATTGGTATGCTTCTTTCATTTTCAATGGCATTGGGAGTTATATTCTTATATTTAAAACCAGGATATACACCTGAAATTACCAGTTATCTATTTGGAGACATATTAATGGTAACCCAGAAAGATGTAATTATTTTATCCGTTGTGGCTATATTGATTTTATCCCTTGTAATATTGTTTAATAAAGAACTTAAATATTATGCGTTTAATCCGAGGATTGCCAAGATATATGGAGTGCCTATTGACTTAATTGGTTATATATTTTTAATAACAGTATCAATTGTAGTTGTTACTACCGTTAAAATTATAGGGATAATCCTTGTGACTTCATTGCTTATAACACCTGGCGTAATTGCCAAACTTTTTGCTAAAACACTAAACCAGATGTTAATTATTTCTTCTATAATCGGAATATTCTCTGGATTTTTTGGGATAGTAATTGCATATTATTTGAATATTCCGCCAGGACCATCAATAGTTGTAACATTATTCACCATTTTTGTAATCAGTTATTTATTGAAGAAATTAACAGAAAGGATTATAATACAAAAGAAATAGTTTTTTAGTAAGAAAATATGTTATAATTAAATGTATTTCAATTTAAAAATCGAAAGGGGTGAATTTTATGGATTATCTTAGTTGTAGCGAAGATCCTTTATCTAGACCGCCATAACAAAATAAAAAAAGGAGGAGATAAAAATGGTAAAATTTTACAAAAGAATTGAGCACAAATTAGTGGAGGCAAAAAGCTTTTCTCAAGATGCATTAATTAAGGTAGTAAATCCTTCACAGGATGAAATACACATGTTATCCAGCCTTTTGAACTTTGATCCTGATTTTATTACCGATTCAATGGACGAAGATGAAAGAGCACGTATTGAAATAGATGAAGATACAATATTGCTTATCTTAAAAGTTCCAATGAAAAATGAAGAAGACGATAAAATACCATATAAAACTGTTTCTTTAGGCATAATAATTGGAAAAAATTATACATTGCTTGCAATGAAACAGGAAATTGCATTTATTGAAAAAATGATAGAAACACATTTATTAAATCCACACAAAAAAAGCAGAATGATTTTTCAGATATTCTTTAAAAATGCAAAACTATTTTTGGATTATCTAAAAGAAATAAATAAAACTATAGATTTAATTGAGGAAGAACTACACAGATCTATGAAAAACAACGAATTAGAAACACTGATGTATCTTGAGAAAAGTTTAGTGTACTTCACTACTTCTTTGAGATCGAATGAAATAATGATGGAAAAACTGTTAAAAGGTAAAATTCTGGAATTATATGAAGATGATGAAGATTTGCTTGAAGATACATTAATTGAAAACAGACAGGCTATAGAAGTTACAAATATATATAGTAACATTCTTTCAGGAATGATGGATGCATATGCCTCTGTTATTTCCAATAACCTTAATATAGTAATGAAAATCTTAACTGTTGTTACTATATTAATGCAAATACCAACTATTATTACCAGTTTTTATGGAATGAATGTAAAGTTGCCGTTTCAGGAAAATCCATTAACATATGTAAATATAATTATTTCTTCTATAATAATAATGATTCTAACAGCCTTATTATTTAAAAGTAAAAAATGGATGTAATAAATTAAATGCAGAGAATTACTTCTCTGCATTTAATTTTTCATAGCAGTCTCTAGATAACTCTAAAGTAAAAGACAATTTTAAGGAAAATAGTTACCAAATTCAGAGAAATCTATCAATAATATCATCAAGCAAAATTCTTTCATCATCTTCAAAAGAGTAATAGCCTAAAACAACATGCTTTTGCCCGAAACCATATTTAATTGCAAAATCACGAACCTTCCCTTTTGGATAAGGAGTAATGGGCCATTTAATATCGTATCGAACACAATTTCTTAAAAACACATCAAAGATTTTCATTTCCTCATCACTGAGCTTAAAATAATTAAAAACAAACTCCTTAAAGTTCTTTGTTTTCTTAAAAAGCTCAGTGATGAGTTTTTTTCTTGCTAAATAAAATGGTGAAATATTATAATTCATGTCTTTTCCATCTTCAGAATTCAATAATCTTCTTTCGGCTTTCTTCAAATCAAAATCACTCATCATAACATTAAAAAAATACATCTTCTCATAATTAGCAGAGAAGAATTTAATAATCTTATCCTCCCTTGCTAATTCTCTTAACATTGTTGTTGTCGAAATAACTTTATTTGCATAAAATAAACCTTCTAAAATATTGATAAATAGCGAATTTTTATTTTTGAAAAAACACTTGCAAGTCGTGTTGGAAAGGATAAA
NZ_CP009471.1_gap63	2289681	2290181	500	CTGACAAAAATGAAAAAAATATATTAAAACTTGGTCCATATCTTGGCGAACCAACAGAACATGTAAAGATACCTTTTGGTGAAGGAATTTGTGGTCAGGCTGCTGCAACAAAAAATACCTTTGTTGTTCAGGATGTTTCTAAAGCAGAAAATTATCTTTCATGTAGTGAAAAAACAAAATCAGAAATAGTTATTCCTATTATTGATAATAACGGAAATGTATATGGAGAGCTGGATATAGACAGTCATAAGTTGGAACCATTTACTATTGAAGATTCCCAATTTTTAGAAGAAATTATTAATTTATTTGTTAAAAAATATGTTTAATTTAATTAATATTTAGTTTTTTAACCTATTCACAAAATCGAGAAAAAAAGCTTATTTAATAGATACAATTCTTAATGAAAGTAAAAAAATATTAAAGTGTAAATTTTTAGGATTTTTTTCTAATTGTCATGGGGTGCATATTTCTTTTTGATAATTCCTAAGTTCACTAAGTTT
