gap_id	start	end	length	sequence
NZ_CP007128.1_gap1	11103	15752	4649	GTGAGCGACGCCGCGGACGGGCGGCGCGATCGTTGGAGCGCGCGCGTCATGGCGGTCGCCGCGGCACGGCTCGAGCTGCTCGGCGCCGATCGCGACGCGCTGCGCGCCACGCCATGTGACGCGCTCGCGGCGGAGGCTGAGCGACTCGCCGCACTCGTGATCCTCGAGCATGGGCGCGACGCCGCACACGCGCTGCAGCTGCTCGACGTGTTGCGCGAGCTCGTGCACCGCCTCGCGACAGAACCGGCGCAGGCGGCACCCCTGCGCAGGAGCGCATGACGGCACCGCGCGCCGTCCCGTCTATCGGCTCCGCTGACGACGTGCTCCGCTACATGGCGCGCGCGCTCGAGGCGCGCGGTGAGCCGCTCGGTCTGAACGCGCGCGTGGACTTCGAGCCGCTATTCGCCGCGTTCCGTGCTGGCGATCTCCCGCACTTCATGGTGCATTTCGACAACGCGGAGCGAGCCCACGGGTGGATTCAGCACATCCCTGGCTCGGGTTTGCAGGTCCAGTTCACGCCGCGCGGATTCGAGCGCGTCGGCCATCTCGTCATGCCGGCGCGCGACGTTGAGATCGCGGCCCGCGTCGCCGCTGATCGGTTCGCTGAGGCGCTGGCGGCGCTGCCGGCTGAGCTAAAGGCGCTGCAGGCGAGCGAGACGCGTGTAGGCATGTTGCATAGCGGCCGACACACGCTTGGTGCCACGAGACTGGTCGAGGAGGCTGCCGAGCGTGGGTTTCGGGCCGCCCTGGAGGCGTGGCTGCAGGTGCTGCGGCGGCGATCGATCGAGCCATCCGCCGAACTCGTGGCGACGATCGTCGCGTCGATCGGCGACGCGTTCGATGCGTCGGAACCGACACTCCGCCATCCCTTCGTCTCACTGGAACGTCTCGGACGGTTGCTGCGCGCCCCCGACGCGATCCTCGCCGACGCGAAGGCGAAAGGCCTCGCGTTCATTCAGTCGGAACTCTCGCTCGAGGCGATCGCGCCCGGTGCGCCGGCTGAGAGTCACCGGGCGCCAAACGCGTCGCTGAGCGCCGGAGACCACAACATCAGCCTCGTGATTCACGGTGACGTCGGCGTCGTGCAAGCCGGCGCCGGCGCACAGGCGTCCGTGACTATGCAGCCGGACGCGCTCGATGCGCTGCGCGACTCGCTCGAGCAACTGCGCGGCCTACTCGAGGCGCAGGAGTCGGACGCGGGATCCGAAGGCTCTACGTCGATGGTGGGCCCGATCAAGGAGACCGTCGACGCCGCGATCGTGGAGTCACGCAAGCCGACACCCAATCCGATCACGATGCGCGGCCTCCTTGTCGGCATCGCGACGGCCGTGCAGACCATCGGGGCGGCGCCGCAAGCGTACGAGCTCGCTCGCCTGGCCGCTCGGCACTTCGGCGTTGAACTGCCGCAGCTGCACTGAGCGCGTGACTCCGGCCGAGTCGGTCGCCTAACGCAGCACGGCCCCGGGGCTGCACCGGGGCCGTGCTCGTCTCCGACAGCGGCCGTTAGGCGCGGCTATCCGCGGCCCCGTCGTCGCTCATGCCGAGGTAGCGGCGCGCGGCACGACGATACAGCTCGCCATAGCTCGAGCCGCGGATCACCTGCTTCGTGCCGCGGTGGTCGGTGAACTCGGCCGCGAACGCTCGCCCGTCCCGGCGCGTCTTGAAGTCGCGATACACGTTCCACAGCGCCGCGCCAGCGGCGTTCAGCTCCGGGGCGTGCACCTCGGGAGGGTCCGTCGCGATGCGCTGCAGCTCGTGGCGCACGTGGTCCGGTAGATCGGCTACGTCGGGTACGTTGGGCGTCGGCATTCCTCGATTGGGAGCGGGTGTGGTCTCGCGTTAGGCCTCGCGCCGCGTGATCGGCAGCACCTTCGCCGGCGTCAGGTCCGCGTCGAGCAGCGCTGCGATCTCGCGCGCGACGTCGTCGGCCGCCTTCCGCACCAGCACGTCTGGGACCGCGCCGTAGCGGCTGGTCATCGTGCTGCCGACGGTGTGGCCGATCAGCACCGCGATCACGTGGTCGCCGTACCCGAGGCCTCGCGCGACGGTCGTGAAGCCGTGGCGCAGGCCGTGGAGCGTCAGCGCGCCGTCCTTCGCCATGCCGAGGCCCGCCGCGTGGCGCACGATCGCCCACTCGGTCCCGGGGCGGCTGCGCGGCCTGGCGGGCCTGGCGGGCGTGACGGGCCGCGCGCCGGGGAACACGTACGGCGAGCCCGCGTCGGCCTCGAGGCCGCGCAGCACCGCGATCGCCGCCGCGCCTAACGGGCGCACGCTCTTTCCCGACTTCGTCTCCTGGAGCGTGGCCACGCCGCGCGCGAGGTCGACGTCGGCCCAGCGCAGCGCGCGCGCCTCGCTCTCGCGCCAGCCTGAGAGCGCGAGGAAGCGGAACAGCGCGACGAGCCGCGGATCCCACGGCGTCGGGCGGACCGGGCGCACCTTCAGCCCCGCGGCCTCGCGCGCCGCGCGCTTCGCCACCGCCGGCCGCTGGCTCGGCGCGCGCAGCTCCGGCGGCAGGCGCAGCCCGTCCGCGGCCGCGCGCCGCAGCGCGGTGCCGATCGCGGCGTACTGCGCGTCGGGCACGCCGCGCGCGCGCGAGCGCTCCGGGTACCGCTCGATGTGCGCCGCGGGGTTCGTGTGCGCCGGCCGGAGCTCCTCGCGCTCGGCGTACGCGAACATCGCATGCAGCACCGTCAGCACGCGGTTCGCCATGTACGGCCGGTCGCCGAGCTCGTGGTGCAGCTGCGCGACGTCGCGGCGCGTGACGTCCTGCAGCTTCCGCGCGCCGAGCTTGGGCGCGATGAGCCGCTCGACGATGTCGGTGAACTGCGCGATCGTGCGCGCACGCTTCCCCTTCCGCGCGCGGTCCTCGAGGTAGCGTGTCGCGAGGTCGCGCACCGTCGGCGCGAGCCGCTCGGCGCGCGCCTCCACCTTCGCCGCCTTCGCGCGCGTGGCGGGATCGCGCACGGCCGGATCGCGCCGCGCCGCCACCGCGGCGGCGTACGCGTCGCGCGCGGCCGCGCGCGCCTGGTCAACCGTCATCGGCCCGAACTCGCCGAGCGTGAGGCGCCGCGTGCGGCCGCCGACGTCGTCGTACTGGAAGACGAACGTCTTCCGCCCGCTCGGCCGCACGCGGAGGCCGAAGCCCTTCACGGCGCCGTCGCCGCCGTCCCACAGGAACACGTCGCGCGACGGCTGCGGGGCCGTCGCGTCGATGGTGCGCTTCGTCAGCGGGCGCGCGAGCGTCGGCATGGTGGGCAGGTCGAGCGTGGGAAGGTCATGGGAAGGTCCAGAACCCGACTACGCCCAATCTCGGCCGACGCCAACCGCGCTGCAAGTCGTTGCGCCCCAACGATCCCCGACACCGACCCCAACAGGCCCGGCGTGCCTAACGCTATTGCTGATGGATCGTCTTCAGCTCCACGACCTTCAGCCGCCGCGTGACCGTGGGCAGCTTCAGCACCACCAGGTCCCCCACGCCCTTGCCGACGAGCGCGCGCCCGATCGGGGAGCCCATGCTGACGTGTCCCTCCTGGAACTCGACGGCATCGCCGAACACGAGGCTGTAGGTCTCGCGCGCGCTCGTCCGCTCGTCCTCGACGACGACGACCGAGCCGAGGCCCACCTTGTCTTCCGGGATCTGCGACGGGTCGATCGACGAGAGCTTGCTGAGCCGCTGCGTCAGGTGACCGAGTCGCGCCTGCACGAACTGCTGGCGCTCGAGCGCGGCCTTGTACTCGCTGTTCTCGCGCAGGTCGCCGTGCTCGACGGCTTTCCGGATCTCCTGCGGGAGCGTGACGTTCAGCTCGTGCCGGAGCCGGTCGACTTCCTCGCTCAGCGTTCGCTTCAGTTCCTCGATCATCGTCCTGAGGCCTGGGACAACAAAAGGGAGCGCCCGACCCATCCGAGGCCGGGCGCCTTCCCGACTTCAATCTAAGGGCAAGAGGGCAAGAGGGCAGGAGGGCAGGAGCTATCGTCTCTCTTGCCCTCCTGCCCTCTTGCCCTCCTGCCCTCTTGCCCTCCTGCCCTCGCCCGTCAGGCGCGCGACTGCGCCGTGATGATCTGCGCGTGATACGCCTGCACCACCGCGTCCACCGCCTCGCGCGGGTCGTCGGTGAGGACCATGAGATCGATGTCGCCGGGGGAGATCTTCCCCTCGCTCAGCACCCGCGTCTGCAGCCAGCGGATGAGCCCCGCCCAGTAGTGGCGGCCGAACAGCACGACCGGGAACTGGTAGATCTTCCCCGTCTGGATCAGCGTCACCGCCTCGAACAGCTCGTCGAGCGTGCCGAAGCCGCCGGGGAAGATGATGAACGCCACGGAGTACTTGATGAACATCGTCTTCCGCACGAAGAAGTAGCGGAAGTTGACGAGCGTATCGACGTACGGGTTGGCGCCCTGCTCGAACGGCAGCTCGATGTTGCACCCCACGGAGCGGCCGCCGGCGAGCTTCGCGCCCTTGTTCGCCGCCTCCATGATCCCCGGCCCGGCGCCCGTGACGACGGTGAACCCCGCGTCGGCGAGCAGGCGGCCCACCTCCACGGCGGCCTCGTACTGCGGGTCGTCGGGACCGGTGCGGGCCGAGCCGAACACGGTGACGCCGCGCTCCACCGACGAGAGCGTGTCGAAGCCCTCGATGAACTCGCCCATGA
NZ_CP007128.1_gap2	125776	127624	1848	ACAGCCCGAGCTTCGTGGCGTTGCGCAGCGCCGCGACGACGTCCGAGTCGAAGCTCGACGTGGCGCTCGCCGCCGCGGTCACGGCGCGCTCGGTCGTCTCCGGCGGGGCCGACGGCTCGGCGAGAGGGGCGACGGTCGCGCTCACTGGAGGTCTGTCGTGGGAGGGATGGAGCGCAGCTGCGACCAGCCGTAACCGACACCGAGCGTGACTCGCCGGCCGTCGACCGTGAGGACATCGGCGCGCCGGCTCGTGAGTACGCTGAGGTTGTAGACGAGTCCCCGGCGCGCGAGGTAACGCAGCTCGGCGAGACCTTCGGTCGTCTGGAGTCGGTGGTCGGCGGCACCACGCTGCACCCCCCACACCTGCCGCGCCAGCGCGCGCAGATGCAGGCCCGTCGTCACGGCGCGGTCGTACGCCAGCGAGACGGCGTCGGTGGTGAAGAGCTCCGGCGTCTCACGTCCGAACAGCTGGCCGATGCTGCGCTGGTACTCGGCGTCCAGTCGATCACGCGTGCGGTGCAGCCGCAGCACGGCTCCGCCCACGGTGGCGACGTCGCGCGTCGTCGGCACGTCCGGCGCGTCGATCGCGACCGCGCCGATTCCCTCGAGATCGGCCACTGCGACGCCGCCCGTGAACCGCGCGTCGACGCGCTCGCCGAGCCGCAGCTCCCATGCGCCGCTCGCGCGATACGACGACGACGCCCGCGCCGCGATCTCGCTGCGACGGGCCTCGTAATCGAGCTGGAGGACCGACCCCCGGCCCGCGCGGCGGCCGAACTGCCCACCCGCCGTCGCCGACCAGCCGCCGAGGAGCCCGGGCGTGTCGTAGGCGACGTGCTGGTAGCCGCCCCGGAAGCCGACCGTGGTCGCGCGCGAGCTGCGATAGACGAGTGTGCTCACCGCGCTCTGCGTGCGGATCCCGGCCATGCCAGCGAGCAATGGCCCGTCACCGCCCACACCGATGGTGCGATTCGTCAGCGCCGATTCGCCGCGGAAGTCGAACGTGCCAGTAGCGCGACGGCTGAGGCGCCGCGTCGCCTGGAGGAGCGCGGTGTAGCTGTCGCGGTCGAGATCTCTCGAAGTGCGGTACCGGACGACCGCGCCGTCGAGCGCGAGCGTCACGCGCGTCCGCGGGGTCTGCCACAGTCGCGCCGCCTCCGCGCCGAGCCACGACCCGACGTCCGCGTCGCCGCCCGGCCCGGCGAGCCGCACGTTGCTGTCCCACGTGCCCGACGAGCGCACGGACGCGCGCCACCCGCTGAGCGTCTTGTCACCGAACAGGTCCGACGGCTGCGCCGCCGCGACGACAGGAACGGCCCCTCCCATCGTCGCGAACATCACCACCGCGGCACAGCGATACGATCTCACGCGCCCGCCTCCTTCGTTCGCCACGCCTGCAGCGCGGTTCGCAGCACCACCAGCACGAACACGGGATCTCGAAGCAGGTATCGTCGCCACATTCGTCGCGGCTCCTGGCAGAGCCGGAAGAGCCACTCGAGCCCCGCACGGGACATCCACGCCGGCGCGCGTCGCACGTGCCCCGCGAGGAAGTCGAACGTCGCGCCGACGCCGATCGCGACCGCAGGACCGATCGCGGCGCGAGCGCGGTCGATCCAGACCTCCTGCTTGGGCGACCCGAATGCGACGAGCACGAGATCCGGCCGCGCGGCGCGCGCACGCGCGAACGACGCGGCGCAAGACTCGGCGTCGCTCAGGTCGACGGTGCCGTCGTCGACGCCGACCACGTTCAGCCCGTGCTCGCGCTGCGCGCGGCGCGCGACCTCCGCCGCGGCGCCCGGGCGACCGCCGACGAGATAGACACGCCAGCCGTGCTGCGCGGCGCGCTCG
NZ_CP007128.1_gap3	129485	131666	2181	CGGCGCACGCGCCCGCCCTCGCCGGCATGCACGTATTCCTTCGTGCCCGCGGGACTCGTCTCGAACGCGAGCAGGTTGCGCAGCATGCTGCCGTCGCTCGCCGCGCCGCCCACGAGATCGCGCAGCGGGAGTCCCTCGACCGGGTAGCACTCCGGCGCGATCACGAGCAGGTGGTCCGACGGCTCCCACCGCGCGAGCGGGTCCCGGAACGCCTGCGTCGGCACGACGTCGACGTCGGGGTGCACCGCGCGCACGGCGGCGGCGTACGCCGCATCGGGGGCGAAGCGCGGCACCACCACCAGGCGGTGCGACGTCACCGCCGCGATGGCGAGCGAGATCTCCTCCATCAGAACGCCCACGCCAGTCGGCGCAGCAGCAGCGCGACTGCGTCGACTCCGCACCGAGGTACGGAGGGCGCGTGTCGAGCAGGATGGGGATGATCGTCAAAGGGAGGACGGCACGTCGCGGCGGGGGGCCGGCGACGCGGGAGTGGGGGTGACCATCAGGGGGGAGCCGGGTCGGCGGCGTCGCCGACACGGGTGGCTACTGCAGCGGGAGGTGTGGCGGGGTGGAGAGCGCGGCGCGGCGCACCGAAGCTTCGACCGACAGCGAGGGGACGACTGGGACGACGACCGACGAGGGGACGTGCGAGGAGGCGCGCGCCGAGGGGACGCGCGTGCCGTTAGGCACCGGCGTGACGCGCGGCGATGCGGTGAGGACGGCGCCGGAGACGTGTCGACGCGCGCCGACGGCGGCGCCATCGGCCAAGAGCGAGCCATCGACGTTCGCGCCGGTGCCGACGTGTGCATCGGCCCATAGCTCGCTCCGCGAGACGACGGCGCCGGCGTCGATGATCGCACCGGGCCCGATGCTCGTCGGGCCGACGACCACGGCGCGCTCGTCGACGAACGCGTTCGGGCCCACGAGCACGGGACCGATCAGGCGCGCCGTCGGGTGCACGAAGGCGGTCGGGTGCACGAGCGTGTCGCCGTCCTCTGACCATTCGGCGAACGGCACGTACGTGCCGCCGTCGTCCGGCGTCGCCTGGCGGCGGGGGCCGGACTCGCGCGCCGGCGCGTCGACGCGCGAGCCGTCGAAGCGCGTCGTCTCGTGCGTCGACGTCTCGAGCCACAGCGTCTCGATGGCCGACCCGATCACCTCGTCGAGCGCGGCGGCGCGACGGTCGACCGCGCTGGCGATGAGCCACGAGCTCACGCCGGCATAGGAGTGCAGGTCGAGGACGCGCGGGGACAGCCCCGCCACCTCGTGCACCGCGACGTGCTCGCCGTGCGCGTAGAGCCGCTCCAGAAGTCCCTGCTTGATGTCCTGGAAACCGGTCGCGGGGACGCGCTCGAGCACGTGGCGCTCGAACACGTAGACGCCGCCGGGCATCGCGGGCCACGACTGGCGCATCGCGTTGCGGCGGCGGTCGATCTCGACGACCGTCGTCGCCGCGGCGCCCGACTCGCGATGCGCGGCGAGCAGCGCGCGGAGATCGAGCGTGGGAATGAACGCACCTTCGACGACGACGAAGCGCTCCGCGGTCGTCGCGAGCGCGGCATCGCGCGCGCACCCGGCCGGGCCGCGCGGCGCGGCGTCCTCGTAGTAGCTCAACGTCATGCGCAGCGACGAGCCACCGCCGAACCGCTCGCGCACCGCGCCGGTCGCGGCGCCCGCGCACACCGCGGCGCCGCGCACGCCGCCCGCGCGCAGCCATCGCAGCGGATAACTGAGGAGCGGCTCCTGCGCGACGGGGAGGAGCGGCCCGCGCAACGTGCGCTCGAACGCGCCGCCTCCCCACGCCGACACGCCGGCGAGCACGACACCCGCCACGGCGGCGCTCGCGTCCGGGTTGCGATCGACGGGCGCGCCGAGCGTGAGCCGCTCGTTACGGCGCTCGCGGTCGGACGTCATGAGGTGCGGTGACGAGCGATGCGCCGCGGTGCTCACGTGCGACGTGCTGGCGGCGTTCGGTTCGTTCATCGACGGCCACGGCGAGGGGGGAACCGTTGGTGCAGCCTCGCCATCGCGTCCGGCTCGCCCGGTGAAGGCACGAGGACGGACTCGCGCTCGCCGGAAAGGCGAGCGCCGGGGGCGAGCCGACGGGGGGTCACGGGAACTGGTGGCGGGACTCGCGACGAGATACGACGCGAGGGGCCGAGGTGGATTGCGACGAGCGTG
NZ_CP007128.1_gap4	174627	178316	3689	GCGCCGGGTACGGCGCCGGGCACGGCGCCGCGCCGGGCGAGCTGTACGACCCGTCGACGGGCCGGCCGCTCATCGAGGGCGGCGAGCACCAGACGGTCTACATCACCGGCGGCGCCAACACGAACGAGCCGATGGTGCTGCACGAGGTGCCGAACCCGGTGCGCGACCAGGCGCTCGCGATCATCGACCAGCGCCCCGAGGCGGCGACGCGCGTCGTCCGCTCGTGGTTGAAGCAGGACTGACCGACTCATGACGACCGCCGTCGCCCACACGAAGCCCACGACCGTCCACGGTCGTCTCATCAGCGGCCGCCAGAAGATCGCCATCGTCTGCATGGCGGTCGGCGCCGAGGCCGCCGCGAAGCTCACGTCGGGGCTGAGCCCCGACGAGGCCGAGCTGGTCACGTACGAGATCGCGCGGATGGATCGCGTCGCCCCCGAGACGATGGAGGCGGTGCTCACCGAGTGGCTCGAGTCCACGTTGGGCGTCGCGTCGCTCACGACGGGCGGTCTCGAGTACGCGAAGGAGGTGCTGGAGAAGGCCTACGGCCGCCAGCGCGCCGACTCGATCATGCGCCGCATCTCGTCGCAGATCGCCGACACCGCGGGGCTGCACCGCCTGCGCAAGGCCGATCCGCAGCAGCTCGCGACGACGCTGCGCGGCGAGCATCCGCAGACCGCGGCGCTCGTGCTCGCGCACCTCGACACGCAGCACACCGCGGCGATCCTGCGCGAGCTGCCGACGTCGTTCGGCGGCGAGGTGATCTTCCGCATGGCGCGCATGGAGAAGGTCGCGCCGGAGATGCTGCAGCTCATCGAACGCGCGCTGTCGAGCGAGGCGGACCTCAACTTCTCGCAGGGCATGAGCGCCGCCGGTGGTCCGGCCGCCGTGGCGAACGTGCTGAACCTCGTGAGCGGCACGCTGGAGAAGGAGCTGCTCGAGGGCGTGAGCGAGCGCGACGCGTCGCTCTGCGAGCAAATCAAGAACCTCATGTTCGTCTTCGAGGACCTCGCGGGGCTCGACGACAAGTCGCTGCAGCGCCTGCTGCGCGAGATCGAGGCGAAGCAGCTCGCGCTCGCGCTGAAGGCGGCGAGCGACGACCTGCGCGACAAGATCATGAGCGCGATGTCGCAGCGCGCGGTCGGTGCGCTGAAGGAAGAGATGGAGTTCATGGGCCCCGTGAAGATGCGCGACGTCGAGGCGGCGCAGGCGGTGATCGTGACGCAGGTGCGCAAGCTCGAGGAGTCGGGCGAGATCGTGCTGACCTCGGGGAATGGCGACGATGTTCTCGTCTGATCGCGGCCGCGCGGCGGCCTGGATGCCGGAGCAGATCCCGGTGGAGGCGTTCGAGCTCCCCGAGCTCGAGATGCCGGAGCTGGAGCCGACCTACGACGCCGACACCCCGGTCACCGCGCGGGATCTCGAGGACGCGGTGCGCGCGGCGCTCGCGCGGCGCGAGGAGGAGGCGCTCGTCGAGCGCGAGCAGCTGCAGGCGGACGCGTACGCGGCCGGCGTGGCGCAGGGACGCGCGGAGGCTCAGGAAGCCGGACGCCTCGCGCTCGCGAGCGCGCTGGAGGCGCTGTGGCTCGCCGCCGAAGCGGTGCGCGAGGGCGAGGCGCGGTGGTTAGGCACGCTGCAGGACAACGTCGCGGCGCTCGCCTCGGCCGCCGCGCGCGTCGTCGTCGGGCGCGAGGTGCGCGACGACGACGGGCTGGTGCGCGATCTCGCGGCGCGGGCCACGGCGGAGTTCCCGCAGGACCAGTCGCTGCAGGTGCGCGTGCATCCGTCGGACCTCGACACGCTGAAGTCGACGCTCACCGAGTCGCGGCGCGCCGGCGAGGTGCGGTGGATCCCCGACCCGCGCGTGGAGCGCGGCGGCGTGGTGGTGGAAGGGCGCGAGCGCATCGTGGACGGGCGCGTGGACACGGCGCTCGAGCGCGTGTACCGCCGGCTGAGCGGCCACCATGCCTAACGCGAATCGGTCCGCGCGCACGGCGCGCCTCACCCCGCCCGGCGGCATCCTCACGGTGTCGCCCGGCGAGGATCCGACCACGGCGCTCCTCGGCCTGCTCGACGACTGTCCGCGCTTCGGCACGTACGGCAAGGTGACGCGCGTCGTCGGCCTCGTGATCGAGGCCGCGGGGCTCGACGTCGGGCTCGGGGAGCTGTGCCGCATCACGTCGCTCGCCGGCGACCAGTCGGTGCTGGCCGAGGTCGTGGGCTTCCACGAGCGCGGCGTGCTGCTCATGCCGCTCGGGGAGATGGACGGGCTGCACCCCGGCAGCTCGGTGCTGCCGTTAGGCCGCTCGTTCGGGGTCGACGTCGGTCCGGGGCTGCTCGGCCGCATCCTGAACGGCCTCGGCCACCCGATCGACGGCAAGGGGAAGCTCGACGTGGAGGAGCGCGTGCCGCTCGCCGCCGAGCCCCCGAATCCGCTCGTGCGCGAGATGGTGAGCGAGCCGATGGAGACGGGCGTGCGCGCGATCGACGGCACGCTGACGTTCGGGCGCGGCCAGCGCGTCGGCATCTTCGCCGGCTCGGGCGTCGGCAAGAGCACGCTGCTGGGCATGATCGCCCGCCAGGCGCGCGCCGACGTGAACGTGATCGCGCTGCTCGGCGAGCGTGGCCGCGAGGTGCGCGAGTTCATCGAGCACTCGTTAGGCCCGGAGGGGCTCGCCCGCTCGGTGCTCGTCGTCGCCACCGGCGACCAGGCGGCGCTCGTGCGGGCCCGCGGCGCGCTCGTCGCCACGGCGATCGCCGAGTACTTCCGCGACCAGGGGAAGCAGGTGCTGCTCATGGTCGACTCGGTGACGCGCGTCGCGATGGCGTGGCGCGAGATCGGCCTCGCCGTCGGCGAGCCGCCGACGACGAAGGGTTATCCGCCGTCGGTGTTCGCCGCCCTGCCCCGGCTCCTGGAGCGCGCGGGCAACGGTGAGCGCGGCGGGATCACCGGCATCTACACCGTCCTCGTGGACGGCGACGACTTCAACGAGCCCGTGGCCGACGCCGCGCGCTCGATCCTCGACGGCCACGTCGTGCTCACGCGCAAGCTCGCCGCCGCGGGCCACTTTCCCGCGATCGACGTGCTCGACTCGAAGAGCCGCGTGCGCGACCAGATCATCACCCCCGAGCACAAGGGCGCGGCGAACGCGCTGCTGAAGCTCGAGGCGGCGTATCGCGAGAAGGAGGACCTCATCCTCGTCGGCGCGTACCAGCGCGGGAGCGACCCGATGGTCGACGCGTCGATCGCGCTGCGCGAGCAGGCGCTCGGCTTCCTGCAGCAGCGCCCCGACGAGGCGAGCAAGTACGACATGACGCGCGCGACGCTCGCGCACCTCGGCAAGCAGATCGCCGCGCAGTCGCGGCGGGGAGCCTAACGGGTGTTCCGGTTCCGACTGCAGCGCGTGCTCGACCTGCGCGAGCGCAAGGAGCGCGACGCCGCCACGGCGCTCGTCGCCGCGGAGGAGATCGCGGCGGCCGCGCGCGCCGAGCAGGAGCGGCTGGAGGCCGCGCGCGCCGCGCTCGCCCGACAGGCGGCGCCCACCGAGGTGGCGGAGACGGGAGAGTTGAGCGTGGGCGCGCTGCGCACGCTGCAGTTCCTGCTCGGGCGGCTCGACGAGCGCGTCGAGGAAGCGGCGTCGGCGACGACGTCGGCGGAGGACGTCGTGGCGCAGCGGCAGGACGACCTG
NZ_CP007128.1_gap5	232956	234963	2007	CGTCGCCGATGCGGTACGCGGTCTCCTCGCCGGCGCGGAAGTCGGGGCCGAGCATGTGCGCGATCACGTCGACGCCGTCGCGCACCGCGACCTCGAAGTCGCGAGCCGTCTCGATGTGCGCCGCGACGCGTAGCCCCGCCGCATGTGCGCGCGACACCACCGCGCGCACGACCGCCTCCGAGAGCCCGCGCATGAACCACATGCGCTCCGGCCACGACGGCCGCTGCCCCGACGCGTCGGGCGTGCCGATGATCGTGATCTTGATGAGGTCCGGCTTCGCGGCGAGGATGCGCGGCCACTTCGCCTCCACGTCCGCGACGTCGTCGAGCCGCCAGTACTGGTCGTCCTCGGCGAGACGGCTCCGCCGCACGGTGTCGGCGCGCGCGTCGTAGATCGCGGCCCACGGGTCGCGGTAGCCTAACGCGAGCGCCTCGGCCACCTCGATCCCGTGGCCGTCGGTCGGCGTGAGGATGCCGTTCGCGGCGACGATGTCGATCGCGCACGGCGTGTTGTAGTGGTCGCGCACCGCGGCGAGCTTGCTCGCGCTGTTGCCGAGGATCTGCACGTAGAACGTGCCCTCGCGCACGTACGCGTCGCGCACCGAGTCCATGCGCGCGCGGGCGAAGTACAGATTGTGGCTGTGCGCGTCGCCGAACGGCGGAACGACCCAGCGCCCCGCGAGGTCGATCGTGCTGTCGACGCGCGCGGGTCGCGCCTCGCGCAGGATCCCCTCCACCGCGTAGAACGTGCGCGGCACGAACCGCGCGCCGTCCCACCACCGCCCGTTGACGAGCGCGTACGTCGGTGCGCCGCGATTCACGCGCGCGTACGATGCGGGCGCGGCGAGCGGGCGCGCCTCCATCCGCAGCGGCGGGCGCGCCGACGTCTGCGCCGACGCGGCCGACGTGCACGCGATCGCGGTCGCGATCACCGGGAGCAGTCGGCGGAACCGAGTCATGGGAGGGTTCTCCTGGCCGGGACGGCCGTTCGCGGACGCGCCTCCGGCGAGACGCCGCGAGGCGCCGGGTGTGATCGGGATCGGCGCGGGCTACTTGATCTGCCCGAGCGCCCAGGCGGCGGCCTGCCGCACGAGCGGATCCGCGTCGTCGCGCAGCGCGGCGACGAGCGCGTCCACGGCGGCCGCGTCCTCCAGGCTGCCTAACGCGACCGCGACGGCGCGCCGCACCGCCGCGTCGCGGTCGCGCAGCGCCGCCACGAGCAGCGGCGTCGTACCGGGCACGCGGAGCTGCCCGAGCGCCCACGCCGACGCCGCGCGCACGCCCGCGTCGGCGTCGCGCAGCGCAGCGACGAGCGGGTCGCGCGCCGCCGCCGCGCGACGACGGCCGCCGTACGCGAGCCCGGTCGCCCCGGCGACCCGCGTCGGTGCCGACGCGTCGCGGAGCGCGGCGAGCAGCGCGTCCGTCGCCGCCTGGTCGTCGACGCGGCCGAGCAGCGGCGCGGCGACGCGCCGCACGCAGGCGTCGGCGTCGCCGAGCGCGGCGCGCAGCGACGGCACCGACGACGCGTCGGCGTTCATCGTGACGACATCGTCGACGAGCGACCGCGCCGCGGTGTCGGCGCTCGTCGGATCGCCGCCGCGCCCGTTCCAGTTGCGGCCGGAGACGGTGCGCACCGCGAGCTCGCACGCCACCGGCCCGGTGCCGCGCACCGCGGCGAGCAACGCGTCGACGCGGCGCGGGTCGAGGGCGCCGTTAGGCAGCGCGCCCTCCGCCGTGACGACCGCGGCGCGCGCGCGTGGCGTGCGCGCCAGCACGACGAGGAGCACCGACGCCAGCACCGCTGCGACGGCGAGCGCGCCGGGGGCGAGGCGGGCGCGCCTGCGCCCGCCGGATTGCGGCTCGGACATGTCGGCCTCGAGGAAGGAGTCCCGGAGTCGGCCGGTGTTAGGCAGTCCCTTCGGTCGGCGTCAGCGGCGGCCGAGGGCCGCCACCGCCGCGCGCCGAACTTCCGGATCGGGGTCCTTCAGGAGCGCGACGAGCGCCTCCA
NZ_CP007128.1_gap6	262621	265851	3230	CGCCGGTGACGGGTCCCTTCGGCGGCGTCGGCGTGACGATCCATCCGGGATCCGCGGCGACGAGCAGGTCGCCGGCGCGCGCGGTCGCGCGCACGTGCCACCGCTCCGGCGTCTCCGTGCGGCGGTACACGCGCGCGTGAGCGCCGCTCGCCGCGAGCCCGCGCGCGAGCGCCGCGTACGCCGAATCGCGGCGCGCCGTGTCGGCGCCGAACCAGAGCGACAGCACGGGCCCGGGATCGGCGGTGCGCACGCCGTCGAGCGAGACCCAGCGCGACAGGTCGACCACGCGGTCGCTCGCGACGTCCATCATGCCGTGGTCGGCGACGACGACGAGGTTCACGCGCCCCGCGGTCGGCGACACGGCGAGCGAATCGAGCAGCCGGGCGAGGATGCGGTCGGCCTCGCGCAGCGTGCTGTCGGTGGCGGCGGCGCCGGGACCGTGCTCGTGCCCCGTCTTGTCGACGATGGAGACGTACATCGTCACGAGATGCGGCCGCGACGCCGCGGGCCGGCGGAGCCACGCCGCCACGCTGTCGACGCGCGCGTCGTTCGGCAGCGACTCGTCGTACGGCATCCAGGTGCTCGGCCGCACGCCGCCGATCGCCGCGTCGGAGCCCGGCCAGAAGCACGACGCCGCGCGCACGCCCTGCCGCTCGGCGGTCACCCAGATCGGCTCCCCGCCGTACCACGTGCCGTCGGTGGACGCGGCGCGATCGCTGATGCGGAAGCCGGCGCCGCGCACGGGATCCCAGAACGTGTTCGCGACGATGCCGTGATCGCCGGGATAGAGCCCGGTGACGATGGTGTAATGGTTCGGGAACGTCTTCGACGGAAAGCTCGGCCACATCGCGCGCGCGCGCACGCCGGCGTCGGCGACGCGGCGAAACGCGGGGAGCGAGACGCGGTCGAGGTAGTCGGCGCGGAAGCCGTCGAACGAGACGAGGACGACGTAGGGGCGCGCGTCGTCGGGCTGCGCCTCGACGGTCGGGCCGGCGAGGGTGGCGAGGAGTGCCGTGAACAGCGTGAGAAGACGCATGCGAGAGTCGGCGGACGGAAATCGGGGATGCGCACCGTGGCTGGCTTCCGCGTGCGGACGGCTCCTCCTGGAACGCGGATCACGCGGATGCCGCGGATAGGCTGAAGGCGCGAGCCTATCCGCGGCATCCGCGTGATCCGCGTTCCAACTCACGGGGAGCCGTACGTGGCGGCGAGCCGTCCCCACCACGCCCCATACCAAACCTCGCCCATCGCGCGCGCCCCAACCAGATGTCGTCCCAACCGGACGGCCCGTCGTCCCCGCGGAGTGACGCGCCGGCTCCCGCGACCCGCGCGCAAGTCGTTGCGCGCCGGGTCGTTAGGCGGCGGGGCCCGGCTGGCCCGCCGGGTGCCTCAGCGAGCGGGCGACGTTCCCGCCTGGAGTCCCCGATGCACCGCCGCGCGCTCGCCGCCGTCCCCGCCCTGCTCGTCCCCGCCGTGGCCACGGCCCAGGGCTCCGCCTCCGTCGGCCCGTACGCCGCCTATCCGCTCGGCACCGCGCCGTCCGCCGGACCGACGGGGCTCGTCGTCGGGCTGCAGGGGACGATGTCGAGCGGCGCGGTCGGCGTCCGACTCGGCGGCGGCACGTCGCTCGAGCGCGAGTCGAGCGTGGACGCGTCGTCGTCGATGCACGCCGCGGGATGGACGGCGGACGGCGACCTGCTCGTGCTGCCGCAGGCACTCGGCGGGCGACGCGCGGCGGGGACGCCGATGCTCTACGGGCTCGCCGGCATCGGCATGTCGACCGGCGGTGACGGCTCGTCGGCGACGACGTGGAGCTACGGCGCGGGGCTGCTCGTGCCGTTAGGCACCCTGGAGCTCTCGGCGGAGTCGCGCACGCGTACACCGCTCTCGTCGAGCGGCGGGTCGACACGATGGAGCGAGATGCGGGTGGGCCTCGCGCTGCGATTCGGCGCGGCCGGGCGAGCACGCACGGGCGGCCGCGTGATCTCGATGCCCGCGCCGAGCGGCGGACGCGGAGGCGGCACCGTCGCGAGCGCGTCGGCGGCGCGCGTGCTGTCGTCGGCGGAGCGCTACCTCGGCGTGCCGTACAAGTGGGGCGGCACGTCGCCGACGACGGGATTCGACTGCTCGGGCTACGTGCAGTACGTCTACGCGCGCAACGGCGTGGAGCTGCCGCGCACGTCGCGTCAGCAGGCGCAGGTGGGGCTCGCGCTTCCCGCCTCGTGGGACGCGGTGGCGCCGGGCGACCTCGTGATGTTCGCCGAGCCGGGCGAGGCGATCAGCCACGTCGCGATCTATGCCGGCGGACGCCGCATCATCCACGCGTCGTCGAGCGGCGGCGGCGTGCGGTACGACGATCTCGACACGCGGCGCGGGCAGTGGTACGTGCAGCGGATGGTGGCGGCGCGGCGCGTGACGTCGGACGGGCGCTCACTGGTGCGGGCCCTGCTCGGCCGCGTGGGGACGGCCGCGGACGCGGTGCTGGACCCACCGGATCGGGCGCCGAAGCCGTTGTGATACCGCGGTGCTGATGCGGCGGTTCTGATACCGCGGTTCTGATACCGCGGTTCTGATACCGCGGTTCTGGAACGGCGGGAGGGGCTGATGCGGCGGGGCGGGTACGGCGGGGCTGACACCGCGGTGCTGATACAGCGGGCAGCCGCCGTACCAGAACCGACCATCGGCCGCGCGGTATGAGCCCCGCCGTATCAGCCCCTCCCGCTTCATCGGAACCGAGGCGTCGGAACCGCCGCATCAGAACCGCCGCTGGTAGCTTTGAGTCATGCCACCGCAACTCCCGCCCGTCGCGAGCGACGAACTCGCGGCGGCGCTGCTGCAGGCCGTCATCACGGCGGCGCTCGCGACGCTCTGCATCTTCCTGTTCCAGCGCCACCGCAAGGCGTACTTCGCGTGGTTCGCCGCGGCGTGGACGCTGTACCTGCTGCGGCTCGGCGCGATCGGCTCGTTCCTGTTGAGCGGGAAGCGCCCGTGGCTGTACGTGCATCAGGTCATCACGGGGCTCACCGCGCTCGCACTGCTGTGGGCGGCGCTGGTGTTCTCGCGGCAGCTCGCGTGGCGGTGGCGCTACCTGCTCGTCGCGCTGTTCCCGCCGGTGTGGTCGGTCGTCGCGATCTACCGGCTCGACTCGTTCCTGCTCGCCGCGGCGCCGATGGTGACGTTCCTCAGCCTCGCGACGCTGTGGAGCGGATGGACGTTCCTCGACTACCATC
NZ_CP007128.1_gap7	435542	440012	4470	GGCTGCGCCGGATCGAGCAGCGCCGGGTCGTGCGACGACACGATGCGGTACGGCCGGTCGCCGTTGGGCAGCCGGATCACGAGGTCGTGTCGACGATCGAGCACCGCGAACAGCCGATCGCGCGGCGCGCGCGCCGGCACGATCACCGTGTTCAGCCGCCCCACGAGCGGCACGCGCGTGCCGCCCTCCTCCACCACCACGCCGAGCCGCAGCAGCTCCTGGCGCGACGCCGCGATCACGAACACCGAATCGGCGCGCGCGGTGAGCCGCTGCACCGAGTCGGCGAGCGCGCCACGCTCCGCCGTGAGCTGCGCCTTCTCGCTCTCCAGCGTGTCGACGCGCGCGAGCAGCGACGCGATCTGCTCCTGCTGCCCCTGCACGATCTCGCGGAAGCGCACCACGCTCGAGTCGAGCTCCGCGACGCGCGCCTCGAGCACGTCGTTGCGCCGCGCGAGGTCGCGCAGGCGCTCGGCCCGCTCGCGCGCCTCGGCCTCGTTGCGCGCGAGCCGCTCGGCGACGAGCTGGATGCGGCGCCGCATCAGCTCGCGCACCGGTGGCTCGGAGTCGACGCCCTCGCCGGCGAGACGGAGCTGCAGCGTGTCGGGGCCGGCGAGGCGCGTGAGGTCCGTGTCGACGCTGTCGATGAAGTCCTGGGTCTCGCGCACCTGCTGCAGCAGCGTGTCGCGCTCCGCCGACGCCGCGCGCAGATACTCCACCTCGTTGCGCAGCGCGATGAGCGAGTCGACCGCGGCGCGCGACCCCTCGGCCCCGACCAGCCGGCGCACGGTGTCGCGCGCGCGACAGCCGGCCGCCGCGGGAAGCGCGGCGAGGGCGACCAACGTCGTTAGGCGTGTCAGCGCGCGCGGGTACACGGCGTGCCTCCCCATCCGAACTCCTCCCGCAGCGACGGCGCGACGGCATCGGCGAACAGCTTCGCGGCGCGCAGCCGCTCGGCGGCGCCGGGCTCGAGCTCCACGACGACGATCCCCGCCGCGGCGCACAGGGCGGCGCCCTTCGCCGACGAACGGCCCGCCCACAGGAACGCCGACAGCGGCTCCAGCGCGTCGCTCTCCAGCGTCCCGGTCTTGCCGACGAGGTCGAGCGTCGGCGCGGCGAACAGCGGCGCGACGTCGCGCGCGGTGCCGCGGTGCACGACGCCGCGCATCCCTTCCAGCACCGCGTCGCGGCCCGGCCCGAACGGCAGCGTGTCGAACGCCGGCGCCGGCAGCGACACCGCGCCCATGCGGCGCACGATGCGCAGCTCCACGGCGCGCCCCGTCGCGATGCGGCTCACCGCCTGCGCGAGCGCCGCGTTGCTCCACCGGTTGTCGGTCTCGCCGATGAGGAATCCCGCGACGTGCCGCAGGTCGGCGAACGCGCGGTCGTCGAGCGGCATCTCGGGGAGCGCCGGCGACACGCGCTGCCACGCCGCGCCGCCGCGGACGAGCCCCGAGTCGCGCGCCGCGCGCCACAGCGCGTCGTCGAACGCGCCCGGCGTCTGCCGGCCGGCGCGCGCGCCGAACAGCAGCGCGAGATTGCGCGCCAGCGGCGACGCGAGATACGCCGCCGGCCGTTTCGCGGGGAGCGCCGGACGCCGATCGAGCCGCGTGCCGCGCACCGTCATCGGCGGGCCTTCGGCCGCCGCGCCCAGCACCGGCAGCCCGCCCGTCGCCGGCTCCTCGGCGAGACCGAACAGGCCTAACGTCACCGCGAAGCGGTTGTTCGAGTTCGGGAGGAAGCAATGCCAGGTGATGACGGGATCGTCGCAGCCGTTGCGCGCGGCGTGCATGGCGCGCCCGCCGAGCGGCCACCCCGCCGCGTCGGAGAACGTGTCCGACGGCTGCGCGACTTCGAGCGTGGTGAGCGCGGGATAGCGCGCGAGCACCGCGCTGGCGAGGATCGGCTTGATGACGGAACCGGGCCGGTGCGCACGCAAGTTCGCGTCGATCGGCTCGTACGGCGGCCGCGCGAGCCCTGGCCGCTGCCACGACGCGACCGCGAGCACGTCGCCGCGCTCGGGATCGACGACGATCGCGCTGCACCGTCGCACCTCGCCGGCCGGCGCGCCGAGCGCCGCGCACCGCTCGGCGAGGCGGGCCGACAGGGCGTGCGAGAGCGACGGGTCGAGCGTGAGCGCGACGTCGGCGTCGTCCCCGGCGCGCGCGGTGACGATCGTGCGCGCGAGCACCGAGTCGAGCGCGGCGAGCAGCGGCGGCGCGCCGTCGGTCACGCGCTCCACGGCGCCGTTGCGCCACCGCGCGAAGCCCAGCGCGCCGCCCGGCAGCGAGTCCACGACGAGCGTCGCCGTGGCGCCCAACGAGAGCACGGCACCGCGAGCGAGCGCCCGGTGCGCGCGGCCGAGCGGCGTGCCGTCGAGCGACGCGAGCGATCCGGCCGTGAGCCGCGCCGTTGGATGCGCGCCGCCCTGCACCTCCACCGCCACGTCGCCGCACGTCAGCTCGACGGCGAGCGCGCGGATCGTATCGGCGGGACCGCCGCAGCGCGCGACGGCGCGCGCCGCACCCCCCGGGCCGAGCACGATCGGCGCGGCGAGGCCGGTGAGGACGATCTGTCCCGACGCCGCGCCGGCGACGAGCGCGCCGCGCCACCGCTCGCCGGCCGCGGGCCCACCGAGCCGACAGCCGGCGTCGTTCACGCGCACCGCGGCCTCGCCGCTCCACGTGAGCCACGGCACGCGGTCCAGGCACGTCGCGCGGGGCGCCGCCGTGCCGCGCGCGAACGCGTTGCTGCGCTGCACGAGCGCGCGCACGAGGTCCCCGTCGCGCAGCCCGGCCTTGCCTGACGACGCCGTCGCCACCGCGAGCGTGTCGCCCTGCCGCACGAGATCACCGCGCCGCACCAGCTCGCGCAGGTCGTCGGCCAGCGCGTCGAGCCCGAACGTCGGCACTTCCGCGTGCGTCGCGCGCCACGCCGCGGCGGAGACGCTCACCGCGGCCGCGACGACGAGCGCCCCCACGGTGCCTAACGTGAGCCGCAGCCGCCGCAGGTCGCCGCGCCGCACCTCCTCGCGCTCCGGATCGTCGTCGCGCGGCGCGGCGGGCAGCGCCACGACGGCGAGCGCGGCGAGCCACGACACGAACGCGACGTCGGCGCCCGAGCGGAGGCCGAGCAGCGGGAAGTTCTGTCCGGTGAGCGGGAGCAGCTCCACGTTCGCCGCCGCCATGTACAGCGCGGGCAGCACGACGTACGCGGCGATGCCGGCGAGCAGCAGCGCGAGGTGCGCCGTCTCCACGCGACGCGCCGCGACGCGCGCGGCGAGCAGCAGCACGAGCCCGAACGCGACGAACGCGGCGAGCACCGCGACCCCGCCGACGAAGCCGTGCTCGCCGAGCACGAACACCGAGAACGCGTTGTCGGTGAGCGCGACTTCCTCGGGGATCGCCGCGCCGTCGAACGGCAGCGAGAACAGCCCGCCGCCCGCGGTGCCGCCGTTCGCCGCGTGGGCGCGCATGCCCCACGTCTGCTGCAGCGTGTTCACGGTCTCGCGCCCCGTCTCCTCGCGGGCGAGCGCGAGCTGGTGGCCGAGCGCGTCCGGCGCGCGCACCGCGGCGTAGCGGATCTGCGGCGTGGCGAGCGACATCGGCCGCGTCGCCAGCGCGCTCGCGTCGACCGACACCGCGCGCGGCACGAGCACGCCGAGCACGAGGACGACTGCCGTCGCCGCCGCGGCGAGCGCCGCGCGTCCCACGGTCGCCGCGGCCACGGTCCCGGCGACGAGCACCGCCGCGAGCAGCAGGAGCAGCAGACCGCGGTCGACCACGCCGTACGCGAGGTACACGACGAGCGGCGCGAGCAGCGGCCCGAAAAGCAGCATGCGCGACAGCCGCTCCGGCGCGGCGCCGAGCTGCTGCCGCACGCGCAGTCCCGTCTCGCGGTGCCACCACGCGGCGAACACGCGCACGACGAGCAGCAGCGCGGCGACGGCGAGCGCGTAGCCCACGGTGATCGCGACGCGCCGCAGCCCGGTCCATCCGGCGACGAAGATGAGCCCCACCGGCAGCAGCGCGAAGCCTAACGGCGGCAGCACGTCGGCGCGGCGATACGGCCACCCGCGCAGCGGACGCGCGAGCGGCAGCAGCGCCGCCGCACCCGCCGCCGCCGTCGCCGCGCCGACCATGCCGGCGACGAGCAGCGGCAGCGCCACGGCGTGCGGTCGCACCACGCTCGTCGCGAGGAACGCGACCACCGCCGCGCCGAGCGACGCGCCGCCCACCCACGTCGCGAGCCGACGCGGCTCGACGCGCGGACGCACCCGCTCGCGCGCCCACACGAACGCGTACGCGAGCGCGGCCCCCGCGGCGTAGCCGACGGCGAGCAGCGGCGACGGCACGCCGCGGATCGACCACGCGAGCGCGACGTAGAGCCCGAGCACGACGAGCAGCGCGGTGAAGGCGCGCCACATCTGCCGCGCGCCGAAGCCGCGCTCCGCGCGCGGCGACAGCATCCCCA
NZ_CP007128.1_gap8	441707	442517	810	CTCGCGCCGCATCGGCGGCGGGCCTAACAGCGCCCACGTGAAGTCGGCGCGCACGTCGGCGAGCGGGCACGCGAGCCCGCCGTCGACGCACGCGACGCCGCGCGCGAAGCGGAGACCGACGAGCCGGCGGCTCCCTGCCGGCCCGCGCCGCACGGCGTCGGTCGCCCGCGCGCGCGCCGCCTCGCGCAGCCCGCGCGCCACCGTCGCGTCGCTCTCGTCGGCCGCGGCCTGCAGCGCGGCGACGACGTACAGCGAGTCCCACGCGAAGCGCAGCGCCGGCGGCGGCACCCGGTTGGCGAGCGCGTCGACCGCGTCGCGCCACTCGCCACGGTTCGCGGCGCCGCGCGCGTCGCGGAGTCGCGCGAGCGCCTGGCCGTCGGGAAGCGCCGCGCGCGCGACTTCGCCCGTCGCGGTGCGTGCGACCGCGCCGCCCGCACTGTCACGCGGCAGCGACTCGAGCGCGCGTACCGGCCGCGCGAGCATGTGCTTCGCCACCGGCACGAGCTGCACGGCGGCCGCGCCGACCGTCACCGCCGCGGCGGCGACGAGCACGACCTGCACGACGCGGTTCCGCAGGGCGAGCGCGACCGACGCGCGCACGACGGGACGAGCGGTGCCTAACAGTTCCTTCGCGCGCGCGACACGGTCGCGCACCGTCGGATGCGGCGTCGACAGCTCGGCGAGCCAGTCGAACACCGGATCGAGCCCCTCGGGCTGGACGCGGCCCTCCACGCTTCCCGCGGAGGTGACGGCGAAGCACCGCATCGCGGGACACGCCGCCTCGAACCACGTGAACGTCGTCTCGCCGAG
NZ_CP007128.1_gap9	447456	451536	4080	GAGCGGCAGCATCGCGCCGTCGGCCGCGGCTTTCACGGGATTCGGGGGCACGAGATCCACGAGCCACTGCGCGGCCGTAGGGATCTTCGTCGCGCCCTCGCGCGCGACCGCGGCCGTCGACGCGGCGCTCGCCCGCAGCGCCGACGTCGCGGCCGGCGACAACGGCACGAGCCGCAGCAGCGGCGTGGCGACAAGCACCGCGTACACGCCGCCGACGAGCAGCGCGACGACGAACACCACGAGCGCGCGCCCTCCGATCCGTCCCACCGACCGCGTGTCCGACGACGACGCCACGCCCACCACGAGGCTCGCGACGACGAGCGGGATCACGACCATCCGGATGGCGTTGATCCACAACGTGCCGAGCGGCTCGATCGCCCCCGCCGCGCGCACGAGCGCCGGCGAGCCCACCGCGGAGACGAGGACGCCGAGCGCGAGACCGAGGACGAGCGCGACGAGCACGCGGGTCGTGAGCGACATGGCTGTCAACTTACGACCTGACAGCGGGAGTCGGGACTCGGGACTCGGGACTCGGAACTCGTCCCCCCCGAGTCCCGAGTCCCGAGTCCCGAGTCCCGAGTCCCGAGTCCCGAGTCCCGCCGTCAGGTCTCGCGAATGACCGCCGCCGGATCCGTGCGTGCCGCGCGCATCGCCGGCACGAGCGCCGCCACCACGGCCACAGCGGCGAGCAGCACCGCCACCGCGACGAACACCGGCGGGTCGGTCGGACGCACCTCGTAGAGCAGCGACGCGAGGACGCGCCCCGACGCGTACGCCGCCGCCGCGCCGATCGCGATGCCGACGACCGTCAGCCGGAGCGACTGGCCGACCACCCACCGCACCACGCTGCGCGGGCGCGCGCCGAGCGCGATACGCACGCTGATCTCGCGCTGCCGCTGCGCGACGCCGGTCGCGATCACGCCGTACAGCCCCACCGCGGCGAGCAGCAGCGCGGCGCCGGCGAAGATCGTGAGCATGAGCATCGAGAAGCGCGGCTGCGACACCGTGCGCGACAGCGCGTCCTCCAGCGTCTGCACCTCCGACAGCGGCAGGTCCCGGTCGATCGCCGCGAGCTCGCGCCGCAGCGCCGGCACCACGCGCCCCGCCGGCAGCGTCGTGCGCACGATGACCCACGACGAGCTCCCGGGCGACTGATCGAACGGGAAGTACAGCGTGCCGCGCGGCTCCGTCGCGAGGCCGTCGTTGCGCACGTCGTCCACCACGCCGACGATCGTGATCCACGGCGCGTCCGACTCGCGTGGCCCCTGCTTGATGCGACGCCCCACCGCGCTCGATGCGCCGAACACCCGCCGCGCCACGCGCGCGCTCACCACCGCGACGCGCGGGTGCGACGCATCGTCGGCCGGCTCGAACGTGCGGCCCTCGAGCAGCTTCACCCGGAGCGCGCGGAAGAAGCCCGTCGACGCCAGCGTCGCGTCGAGCAGCGGCGGGTTCCCCTCGCGGAACGTCACGCCCTCGAACGTCACCGTCGTCTGCCACCCGCTGTTCACCGGGAGGTCGCTGCCTAACGCCGCCACCTCCACGCCCGGCACCGCGGCCGCGCGCCGCAGCAGCTCGTCGAACGCGCGACGCCGCGACGCGTCGTCGGGATAGCGCGCCTTCGGCAGCTCCACGAGCCCGGCCACGACGTGCCGCGGGTCGAATCCCGGCGCGACGCCGGTGAGCTTCGCGAAGCTGCGGAGCAGCAGCCCCGCGCCCACGAGCAGCACGAGCGCGAGCGCCACCTCGGTCACCGTGAGCCCCGCGGCGAGCCCGCGCCGCCGGCCGGTGCCCACCGCGCCGCGCCCCGCCTCGCGCAGCGTGCCGATCGGATCGCTCCGCGCCAGCATGCGCGCCGGCACCACGCCGAACAGCAGCCCCGTGACGAGCGACACGCCGAGCGCGAACGCGAGCACCACGCCGTCCACGCGGATCGCGGAGAGCCGCGGCAGGTTCGCGGGCTCCAGCGCGAGCAGCAGCTTCACGCCGGCCCACGCGAGCGCGACGCCGAGCGCGCCGCCCAACAGCGCGAGCACCACGCTCTCCGTGAGCGCCTGCCGCACGAGCCGCCGCCGCCCCGCGCCGATCGCCGCGCGCAGCGCGAAGTCGTGCCGCCGCTCGGCCACGCGGCCGAGCATCAGGTTCGCGACGTTCGCGCAGGCGATGAGCAGCACGAGCCCGACGGCCGCCCACAGCATGCGCAGCGCGGGGCGCACGCCGCCGACGGTGATCTCCTCGAGCGACGTGCCGGCGGCGCCGATGCCGTCCGTCTCGGGATGCTCCTTGTGGATCTGCGCCGACACGCGCGCCAGGTCGGCGTTCATCGCGTCGAGCGTGACGCCCGGCCGCAGCCGCCCGATGCCGGTGAGCCCCGGGTGGTTGCTGCGCGACGCGAAGCGCTCCTCGTGCGCGAACTGCCCGATCGGCACCCACACGTCGACGCCGCCGAAGCGGAACGACGGCGGCATCACGCCGACGATCGTGTAGCTCCGCCCGTCGAGCAGGATGGTGCGGCCGACGACGCGCTCGTCGCCGGCGAAGCGACGCCGCCAGAACTTGTCGGTGAGCACCGCGACCGGCTCGGCCCCCGCGGCCTCGTCAGCCGGCGTGAGCGTGCGGCCATGCGCGGCGCTCACGCCGAGCACGCGGAACATGTTCCCCGTCGTCAGCGCGCCCGAGAGGCGCTCCGGCTCGGCCACGCCGGTGAGCGTGAACGACTCGTAGCCGTTCACGGCGGCGAGGCCCGCGCCACCGCCCTCGAAGCTCCGCGTGCGCTGCTGCCAGTCGAGGAAGTCCTGATACGACACCGCGATCTGCGGCACGTCGCGCGCCGTCTGCCAGAGCAGCACGAGCCGGTCGGGATCACGGTAGCCCGGGTCGCTCAGCAGCACGCCGTTCACGACGCTGAAGATCGCGGTGTTCGCGCCGATGCCGATGGCGAGCGTGAGCACCGCGGCGGCGAGGAAGCGCGGGCGCCGTCGGAACGACCGCCACGTGTGCTTCACGTCCTGGCGCAGCACGTCGAGCGACGCGGCCCGTTGGGCGCGCGCCTCGCGCCGCTCGTCCGACGCGCGGCAATCGGCGCGCGCCGCTTCCACGTCGCCGAACTTCGCGAGCGCGGCGGCCCGCGCGCGCTCCGGCGACATCCCGGCCGCGACCAGCTCCTCGATCTCGGTGTCGAGGTGGAAGCGGAACTCGTCGTCGAGATCCTGCGCCGGGTTCGCGCCCCAGAAGCGGAGATAGCGTCGCCAGAGCGGCGGCTTGGGCGTGGGCATGGCGGGCTCCCGTTAGGCGGGTTGGGCGACGGCGCCGAGCATCTTGCCCACGGCGACCGCGTACTTCTGCCACGCCGAGACCTCGGCCCGGAGCTGCTGCCGGCCGGACGCGGTGAGGCGGTAGAACTTCGCGCGCTTTCCCCGGTCGCTGAGTCCCCACTCCGCCTCCACCCACCCGCGCTCCTCCATGCGGTGGAGCGCGGCGTAGAGCGAGCCGTCGAGCACCTCGAACGCGCCGTCGGTGGAGCTGCGGATCAGGCGCGCGACGGCGTGGCCGTGCTGCGGGCCCCACGACAGCGCCTTGAGCACGAGCACGTCGAGCGTGCCCTGGAGGAGGCCGAGCTGGGTGGCGGTGGTCGGCATGCGTCATTCCCTAGAAGTTTGAGGACACGATGCGACGCATTTCCTCGAATGTCAAGGGAATGACCGTCCTGGACGCGGGCTGTCGCGGCACCGCCGCCCGGTGCAGCTTTCGGATCGCACCCGCGATCGGATCCACCATGCGCATCGCCCCGCTCGACCTCGACCACGCGCCCACCGACGCCCGCGCCGCCGCGGACGACCACGCGGCCCACGTCGGACGCATCACGAACATGAAGCGTACGCTGCTCCACTCCGTGCCGGCGTTCCGCGCGCTCATGACGTGGTACGACCTCCGCGACACCGTGCGCCCGTTCCTCGGCGACCGCCTCACGACGATCTTCGCGCACGCCGTGTCGGCGGAGACCGACTGCCTGATCTGCTCCACGTTCTTCCGCCGCATCCTCATCGACTCCGGCGAGGATCCCGACCGGCTCGCGCTCTC
NZ_CP007128.1_gap10	455801	457107	1306	GCCCCGTCGCGCTCGCCCATGCCGCATGCCGATGTGCGGAACGCGCGTCCGGGAAACCCGCACGGGATTTCCACCGTTCCGCCGACGGAGCAAGCCACGGCCACCGACGAAACTCATATGCACATGAGAAACTCGTCTGGAGGTCGTCCCGGTGCTCTCGCACACGGCTGACTACGCGCTCCGCGCCATCCTCGTCCTCGCTCGCGCGTCGAGCGAGCAGCGCGCGACCGCCCTGCACGCCGACGAGACGATCGCGCAGCTCCTCGGCGCTCCCGGCCAGCCGGCATCGGCCGCCGCCTGAGCATCCCCCAACCGGACTCCTATCATGACTCGCTCGACGCTCTCCGTCGCCGTCGTCGCCACACCGACCCGCCGCGTGCTGTTCGGCTCCCTGCTCGCCGGCGCCGCCGTGCTCGCGTCGGCGACGCTCACCGGCTGCGGCACGCCGTCGGCCGACGCCGCCGAAGCGCCGGGCGCGGTGCCGGTGCGGACGCCCGCCGAGCGCATCGTCGGCGAGGAGGTCGCGGTGCTCACCGACGCGCCTAACGTTCCGCCGCCGATCACCCGCCGCCACGCGACGAAGGTGATCGTGAACCTCGAGGTGATCGAGAAGGTCGCGCGCATCGCCGACAGCGTCGACTACCCGATCTGGACGTTCGGCGGCTCGGTGCCCGGGAAGTTCATCCGCGTCCGCGAGGGTGACCTCGTCGAGCTGCACCTCAAGGTCGATCCGAAGGCGACCATGCCGCACAACATCGACCTGCACGCGGTGACCGGCCCCGGCGGCGGCGCGAAGGCGTCGCTCACGATCCCCGGCCACGAGTCGGTGTTCACGTTCACGGCGATGAACGCGGGCCTCTTCGTCTATCACTGCGCGACGTCGCCGGTGCCGATGCACATGGCGAACGGCATGTACGGCATGATCCTCGTCGAGCCCAAGGGCGGGCTGCCGAAGGTCGACCGCGAGTTCTACGTCATGCAGTCCGAGTTCTACACGAAAGGCAAGTTCGGCGAGCACGGGCTGCAGACGCTCGACATGGACAAGGGCGTCGACGAGCGCCCGACGTACGTGGTCTTCAACGGCGCGGTCGGCGCGCTCACCGGCGACGGGGCGCTCCAAGCGAACGTCGGCCAGCGCGTGCGCATCTTCTTCGGCGACGCGGGCCCGAACCTCACGAGCTCCTTCCACGTGATCGGCGAGGTGTTCGACAACGTCTACGCCGACGGCGGCACCGAGGTCACGCAGCACGGCGTGCAGACGACGGCGGTGCCGGCGGGCGGCTCGGTGATCGTGGAGTTCGGCGTC
NZ_CP007128.1_gap11	465225	466141	916	CGCAGCGCGTTCGCCGAGATGTGCTGCACGATCGGCGTGCTCGCGCACGCGAGGACGCAGCGGCCCGGCGCGCCTAACGCGGCAGCGCGCACGTCGTCGGGAAAACGCTCCGCGGCGGCGAGCAGCGGCGCGCACCGCTCGTGCAGCGCGCGTCCCGCCGCCGTCGGCGCCACGCCGCGCGCGCCACGCGCGAGCAGCGGTACGCCGACGGCGCGCTCCAGCGCCCGGATCTGCCGCGAGAGCGCCGGCTGCGTCAGGCCGAGCCACGCGGCGGCGCCGCTCGTGCTTCCCTGCTCGACGATGGCCCGGAAGTACCGAAAGTGGCGCAGCTCCGTCTCGCGCAGCGTGCGCTCCGGTGCGTCCTCGTCGGCGAGCGCCGCGTCGCTCGCGGCCGGGCCGTTAGGCGCCGACGAGGTGCCCGTGTGCGTCACCGGCGCACGGGCTTCCTGCGCGATGAGGGCGATCACCGCGCGGACCGTCTCGTCCCGCTCGTCGACACGATGCGCCGCCCACAGCGGCATCGGCGCGCGGCAGTCGGCGAGCGGGACGAGGACCATGCCGGGCAGCGTCCAGTGCGTCCAGTGCGTGGAGAACGGCAGCCATCCACGCCCCAGCGTGAGCTGCGTGCGCGCGTCCTCGTACGTCCGCACGCTGAGCGACTCGTGCCATGCCGCGCGGAGCGGCGACCGGCCGAAGGCGCGTCGCGCCGCCGGCTCCAGCCACTCGACGAGCACCATCGGATACGGGCGAAGCTCGTGCGCCGCGATCGCGGTCCGCCCGGCGAGGGGGTGCTCGGCGCCGAGCAGCACGCCGTCGATCTCGCTGCATGGGCCCGCGATCATCTCGAGCCCGTCGTCGCCGGAGGCGTCGCCGGGCGGGTGTGCGAACCCGAGCGCGATGTCCGCCTTTCCCTCGC
NZ_CP007128.1_gap12	469395	470271	876	GCTTGCGCGCACAGCCTGTGCCGCGCTCGTCGCGATCCGCGTCGCCCGTCACACTCGAGGCCGATCAGAACCCGTGCAGCGCCTCGTCGTCCTCGTCGCCGAACGGGATCACGCGCGCCGGATCCGGGCGCCACCGCGACACCCGCGGAGCGGGCGTGGGGCGCGGCCGCACGATCGGCGCGACCGGCGCGACCGGCGCCTCCGGGGTGGAGGCCTGCGGCGGCCCGTCGAGCGCGTCGCCGAGTCGGAACGTCGCCACCAGCTCGCGCATCTGCTCCGCCTGCCCGGAGAGCTCCACCGACGCGCTCGACGACTGCTGCGCGTTCGCCGCGACCTGCTGCGTGATCGCGTTCATCTCCTCGAGCCCGACGTTGATGTGCGACACGCTGCCGTCCTGCTGCTCGCTCGCCGCCGCGATCTCCGCCATCACGTCGCTCACGCGCTCGATGTCGCCGTGGATCCCCTCGAGCTGCTTCAGCACTTCGGCGTTCGCCGTGACGCCGCGCTCCGCGTTCTGCACGCCGTCCTCGATGAGCGCCGCGGTCTCGCGCGCCGCGGCGGCCGAGCGCTGCGCGAGCGCGCGCACCTCGTCGGCGACGACGGCGAAGCCGCGGCCCGCGTCGCCGGCGCGCGCCGCTTCCACGGCCGCGTTCAGCGCGAGGAGGTTCGTCTGGAACGCGATCTCGTCGATCGTCTTCACGATCCTCGCCGTCGCGTCGCTCGACTGCTTGATGCGCGTCACCGCGTCGCTCAGGCGCGACATCCCCGCGACGCCCAACGCGGCGCCGGCGCGCGCGCGCTCCGCCATGCCCTGCGCGCGCCGCGCGTGCGCCGCGTTCTGCTTCGCCGTCGCGGCTAGCTCGTGCAGGCTCGCCG
NZ_CP007128.1_gap13	501062	502768	1706	GCGTCGCAGCTGCAGCCGAGCGACATCCACCAGATCGCGGTCATCGCCACGCCGCCGGGCAACACGCCGACGTCGTTCCGGTACGTCTTCACGTACCTGCGCACGGCCGGCGCCCAGACCGTGACGCTCGGGCCGTCGCTCGGCGCGACCTCGGTGACGAGCCTCGCGACGACGCCGTACCTGCGGCTGCGCGCGCAGGTGCCATCGCAGAGCAACTACAACGGGCTTGCCACCGCGTCGTTCCAGCAGACCGGACACACCGTGACGGTGACGCAGACCGCGGCGTACACCGGCACCGCTCCCGCGAACTGGACGCTCGACATCCCCGATCTGTCGGCCGCCGGCTACGACCCGACGTGGGGGCTGCGCACCGGCGCGCAGACGACGTGGACGGTGACGGCCGTCGGCGGCGACTTCCTCACCTTCGCCGGCGGCACGCCGCAGAACAACGCGCAGATCGTCGCCGCCGGCGCGACCGGCTCGTCGAGCGCGTTCATCCAGTTCCTGCGGTCGAAGAGCGTGGTGTGGATGCGGAAGCCGTGACCTCGTAGCTGCGTGGCTGCGTGGCTGCGTGGTCGCCTGAGGGCCCACGTAGCCACGCAGCGACGCAGCCACACCGCATCACTTCTCCCGCGACGCGGTGGTGGGCTCCAGGCCGCGCCACCGCTCCACGAGGCGCACGAAGTCGGCGCGGTATCCGCCGTCGTCGTCGCCTAACGCGCCACGGGCGAGCGTCAGCACCTGCTCGCCCGTGGCGCGGCCCTTGTGCTCGGAGTCGCGCAGCAGCATCCCGAACTCGGCCACCGCGGCGGCGAAGCGGAAGTCGGTCGACGCGTCGCGAGCCACCGTCGTCGGCACGGGGTGCGTCATGAGCCGGCTCGTCGACTCCCCGGGGCGCTTGTAGCGCAGTTGCACGTAGAGCAGCTCGTCGCGCCCGCGGCCGTTAGGCGCCGGCGCCGCGCCGTAGCGCAGCGGGTCCACGCCGCGCAGCGACACGGTGCCCGTCACGCCCGCCGGCACCACCTCGTACAGCGCCGTCACCGCGTGCCCCGCCCCGACGTCGCCGGCGTCCTTCTTGTCGTCGGCGAAGTCCTCGTCGCGCAGCAGGCGGTCCTCGTAGCCGATGAGCCGATAGCCGCGCACCGCGGCGGGATTGAACTCCACCTGCAGCTTCACGTCGTCGGCCACGGTGTGCAGCGTGGCGCCCAGCTCGCGGACGAGCACCTTGCGCGCCTCGGCCAGGTCGTCGACGTACGCGTAGTTGCCGTTCCCGCGCTTCGCGAGCTTCTCCATCTTCGCGTCCTGGAAGTTGCCCGTTCCGAAGCCGAGCACGGTGAGGTACGTGCCCTCCGCGCGCTTCGCCTCGACGAGCCGCTCCATCTCGGCGTCGCTCGACGGGCCCACGTTGAAGTCGCCGTCGGTGGCGAGGATCACGCGATTCGTTCCGTTGGGCACCCGGTTGTCGCGCGCGACCTTGTAGGCGAGCAGCAGTCCCTCGCCGCCCGCCGTCGAGCCGCCGGCCTCGAGCCGGTCGATCGCTTCGGCGATGCGCGCCTTGTCCTCGCCGCTGGTGGACGGGAGCACGAGCCCCGCGGCCCCCGCGTACACGACGATCGCCACGCGGTCCTGCGGGCGGAGCTGGTCGACGAGCAGGCGCAGCGCACGCTTCACGAGCGGCAGCTTGTTCGGCTCGTCCATCGACCCCG
NZ_CP007128.1_gap14	510468	513551	3083	GCGCTCGACCACCGCGGTGCGGCGCTCGACCACGCGATGCGCTTCGCGCGCGGGCTCGAGAAGGGCGAGGCCGACGAGTTCGTGGGGATGTACGTCAACGACTGGACGCTGGACTACGGCCCGCGCGGGCGCGAGGCGGTGAAGCTGTTCCTGAAGCGCGGCGTCGATGCGGGGGTGATCCCACACGCGGTCGACGTGACCTTCGTCGACTAGAGCGGAGGATGTTGTTACCCGCGGGTCTCTCCCGGAGTCGCTAAACCGCGCCCCCGTCCGCAGTCCCCTCGTGCCTCAGCCGTCCTCCGACACACTCCGCCCCTCCTCGACCGACGCGCCCACCATGGGCGAGCCGGCGTCCGCGCGTACCTCCGGGCGGCCGGGGGAAGAGGCGGACCGGGCGACCGGTGGGGAGGCGCGCGACGCGGTGATGCGGCTCGACGCGACCGGTCGCGTGGTGTACGCGAACCTCGGCGCGGCGCAGCTGCTCGGCGCCGAGTCGCCGCTCGGCATCGTGGGGATGGAGCTCGCGGCGCTGCTGCGCCAGGGCGGCCAGGAGATCGCCGCGCTCGCGCTGCAGTCGGCGGCGGACGCGGTGCGCGGGCGCACGGTGCCCGACGCGTCGTTCACGGTGCACGACACCCGCGGCGCGCCGCGCGCGCTGTGGCACGTGTCGCCGCACGGGACCGGCGTGTCGGTGATGGTGCGCCCGACCGGCGAGCCGCTGCGTGGCGCCGCGCCGTCGCCGAACGCCGCGCTCGACGCGCCGCCTAACGCGCTGTTCGTGCGTCCTCCGGCGCGGCCGGTCGAGCCGCCGCGTGCGGAGCCGGCGCGTGCGGAGCCTCCGCGTGTCGAGCCGTCGCGTGTCGAGCCGTCGCGCGTCGAGCCCGCGCGCGTCGAGCCCTCGAAGGCGACGCCGCCCATCGACGACGAGTGGGGCGACCTGTGGCCGAACGAGGCGCCTAACGCGACGACGGCGACGGACGAGACGGCGACGAACCCCGTTGCTGCGAGCGAGACGCCGCACGAGACGCCGAGCGAGACGCCGAGCGAGACGCCGAGCGAGACGCCGAGCGAGACGCCGAGCACGCCGGCGACGGCGGAGCGCGAGACGAGCGAGGCGCTCGTCGACCTGACGCGCGAGATCGCCGGTGCCGCCGATCAGGTGGACCGGGCGCTGGAGCAGCTCGCCGCCGCGGGCCGAGCGCTGCTGGGCGGCGACGGCGCGTGCATCGTGGTCCTCGACGGCGACGCGCGCATCGCGGCCGCGAACGGCACGCTCGGCGCACTCGCCGGACAGCGCACCGAGCTGCACGAGCCGCCGTCGCCGCTGCACGAGGCGATCGCCGCGCGGCAGGTCGTCGTGAGCCGGTTCGACGACCCGGCGGCGGGGAGCGCGCCGCGGCAGGTGCTCGTCGCGCCGCTCGCCGTCGGCGAGCAGGTGCTCGCCGCCCTGTGCGTCGTCACCGGCGGAGCCGAGGGCTTCACCGCGCACGACCGCGCGCTGGCCGAAAAGCTGGCCGAGCACGGAGCGCTCGCGGTGCGGAACAACCGGCTGTACCGCACGGTGGAGCGCGGCGCGCGCGCGACGCGCGGCTGCTCGCCGACGCGGCGCGCATCCTCGCGCGGCACGTCACGCCGCAGACGCTCTACCCCGCGCTCGCCGGCGTGGTGCGCGAGGCGTTAGGCGCGTGCGGCTTCACCGTCGTGCTCACCGATCCGGGGACGCGCACCGTCGAGCGGCTGTACAGCGAGGGCACCGGCGCCGCCGTCGCCGGCGCGGTGGATGCCGCGACGTTCTGGGAGACGGCCGGCGGCCGCGCCGTGCGCGACGGAGAGCCGAGCTTCGTCGACGGCACGCTTCCCGAGTCGCCGTCGACCGGCGACCGCCGCATCGCCGACCGGCTGCGCGGCACGCCGGCGCGTGCGCTCGCCATCCTGCCGCTCGTCGCCGACGAGACGCGCGGCGTGCTGTCGCTGCAGTTCGCCGAGCGCCACGCGTTCGACGAGCCGGAGCGTCGACTGCTCGCCGACTTCGCGGCGCACGTCGCGGTCGCGGTGCGCAACGCGACGCTGCTCGTGGCGCGCGAGCGGGAGCGCGACCGCGCGGCGGCGGCGGCCGAGATCGCGCGCGTCGCGCTCGACGCGTCGTCGCTCGACGCCGGCGCGGCGGCGATCCTCGGCGTGCTCGACCGCCTCGTGCCGTCGGCCGGCAAGGCGCTCAGCGTGCTGCGCGACCAGGGCGCGGGCGCGGCCTACGTCGAGTGCGCGGCGGCGGTCGGCACGATCACGTTCCTGCGCGGGCTGCGCTCGGCGACGAGCGCGCGCGCCGCGCGGCGCGCCTCCGACGCGCGCGTGCGTCCGGTGATCGTCGACGACCTGCGCACGGTGCTCACCCCCGAGCGATGCCCCGACGCCACCGGGCAGCCGGGGACGGCGGCGGCAGCCGTGATGGTGCCGCTCGTCGCGCGCGGGCGCACGCTCGGCGATCTCGCCGTGACCACGCCGTTAGGCATCCCGCTCGCCGAGGCGGCGCGCGACACGCTCGCGCAGCTCGCCGCGCCGATCGCGCTCGCGCTCGACGCGCTGCTGCTCGGCGAGGAGCGGCGCCGCCGCCTCGTCGAGGAGCGGCAGATGACCGAGCAGCTCCGGCAGGCGGAGAAGATGGCGGCGCTCGGCGAGCTGGTGGCCGGCGTGGCGCACGAGATCAACAACCCGCTCACCGGCATCTCCGCGTTCGCCGAGCTGCTGGCCGACGACGTGCTCACCGACGACCAGCGCGAGAGCGTGCGCCTCATCAAGCGCGAGGCCGACCGCGTGGTGGGGGTCGTGCGCGACCTGCTCGTGTTCTCGCGCAAGACGGAGCCGGCGTACGCGGAGCTCGATCTGAACGAGCTCGTGGAGCGCACGCTGCGGCTGCGCAGCTACGCGCTGCGCGCCGCCGGCATCGACGTGCGTCTCGCGCTCGACCCGAGCCTGCCGGTGGTGTACGGCGACGAGGCGAAGCTGCAGCAGGTGATCCTGAACGTGGTGCTGAACGCCGAGCATGCGATGCGCGAGACACCGCTGCGTCGGATCGAGGCCGCGAC
NZ_CP007128.1_gap15	708913	711244	2331	CGCAGGGCGTGTCGCACGCGCGCGCGGCGGTGGACCAGTGGCGCGTGCTCGCCGCGGCGGACACGTCGCGCGTGCGTGCACGCTACGCCGTCGCGATGAGCCGCGTGAAGCTCGGCGACTTCCTCGGCAACCCGAACCTGCCCAACGTCGGCGATCGCGCGGGCGCCACGGCGCAGTATCGCGAAGGGCTCGCGCTCATGCACGCCGCACCGCCGGACAGCCTCGCCGAGTGGAGCACGCGGCGGCTGCTCGCGCTGCTGCACGAGCGGCTCGGCGCGATGCTCGCCGCGGACGGTCGCCACGCGGCGGCGATCGCGGAGCTGGAGCAGGCGCTCGCCATCCGCGACGGCCTCGTGAAGGAGCGCGCGGCCAGCGTGGACGCGCGTCGCGATCTCGCGGTCGTGCACCAGCTGCTGTGCGAGGCGCAGCTCGCGGGCGGCGACGACACCGGCGCGCTCGCGCGGTGCGAGCGCGGGCTGGCCCTGTACGAGTCGCTCCGCGCGGCCGACCCGCGCAACGCGCAGAGCGCGCGCGACCTCGCGTTGGGCCTGCAGTCGATGCACAAGGTGCTCGCCGCGCGCGGCGCGCTCGCCGAGGCGCTCGCGCAGCTCGACCGGAGCGCGGAGCTGTCGCGCGCGCTGCTGCGATCGCAGCGCGACAACGTGCCCGCGCGCCGCGATCTCGCGCACGCGCTGCTGTTCGCGAGCCGCGTGCACGCGACGCTCGCCGCACGGTCGACCGACGCTGCCGGCGCGAGCGCGCACCGCGCGCGCGCCGCCGTGTCGTACGCCGAGGCCGAGGGCGTGCTCGGCGAGCTGCGCGCGCGCGGGCCGCTGTCGCGCGAGGACTCGACGCTCCTCGCGGAGACGCGTGTGAAGCTCGCCGCCGCGCATCGTCGCTGACACGAAGCATTACAGCCTCTGGCGCGTCACGACGCGCGCGCGAAGCAGCCGACGCACGCGCGGCGGCGAGGTATGGCAAATGCCCTCCTGCGCGACCGCACGGCCTGCGGGCCCAGGCGGAAAGCAGACGACGTAGACGTCGAAGTCGAGGGACACACCATGCGGAAACTGACCACCCTGATGGCGCTGACGATGCTCGCCGCGTGCGGCTCGAGCTACTCCAGCGACATCACCGGCACCACGCTCTCGAATCTGGCCGGCACGTACGACCTGATGACGGTGAACGGCTCCGGCCTGCCGATGATGGTGCAGGCGTCGAACCCGAAGATCGAGCTCGTGAGCGAGCGGATCGTCGTGAACGCGAACGGCACGTTCACCGTGACGACGAACCGTCGGAACACCACGACGGCCGGCGCGGTCACCACGAACACGCTCACCGACGCCGGCACGTTCGGCTCCTCCGGCTCGGCGACGACGTTCCACTTCAACTCGGGCACCACCGCGACGGCGACGATGAGCGGCAACACGCTCACGCTCGTCGCGCCGACCAGCACGTCGGTCTACACGAAGTGAGGCGCGGGCGGCCGGCGGATCCTCATCGCCGGCCGCCCAACCACAGCAGCCCGTCGACGATCAGCCGGTCCTGCACCGCGTTCGTCAACGTGTACGACAGCGTCCGCGTCTCGGTCGTCGAGTAGCGGTGCTCGTAGTCCATGTCGTTGTGGCCCACGTTGAGGTAGAGCATCCGGTAGTTCCGGTTCGTCCACACGACGGGATAGTCGCCCTCGTGCCAGATCTCCGACGGCTTCGGGCCAGTGCCGAGCGGGAAGCTGCTCGGGTCGATGGAGAGCAGCACGCGGATGTCGGGGTTGCGGCGGAGATCGCGCTCCCAGCGGTACCACTCGTTCGGCGCGGAGCGGAACGTCGCGGGCAGGTCGCGTGTCGCGGGGTGATCGCGGTCCTCGACGCGCAGCACCGCCGACGTCGGCCGCCACGTGTTGCTGCGATAGGAGCCGGCGCCGAGGAACGTGTCGTGGTACCAGTCCCAGTTCGCCGGGACGGCGGACGGCGTGAGCGCGAACCCCGCGAAGTGAAAGCCCATCCACGCGCCGCCGTGCTCCATGTAGGTCTGGAACGCCGAGCGCTGCGCCGGGTCCTCGGGGCGCGTGTCGAGGAAGACCACGACGTCGACGTGCGAGAGGAACTCGGCGTTGAGGTTGCGCCAGTCGGACGTCGTGTCGAAGCGGAAGCCGTGCGAGGCCGCGATCGTCGGGAACCAGCGCACGGCCTCGTGCACGAAGCTGATGTGCGCCGGGTCCTGCTTCGCGGTGAAGAACGCGACGACGCGGAACTCGGGCGCGGGCCGGCGCGCGGGATGGGCGCAAGCGGCCGCCAGTACGACGACGCTCGCGACGATGCGAACGATCGG
NZ_CP007128.1_gap16	878812	880045	1233	CCGAGCCGGTTGTCGCGCCCCGGCGCCACCGCGACCACGTTCGCCGACGGGTAGACGAAGCTCTCCGCGCGCAGCGTGAGCGCGAGCCGGCCGGCGCGGGCGACGCGGTCGCGCATCGCGTTAGGCGCCCACAGCACCGGTGCACGCGCGGGCACGCGGGCGGCGCCCGTCGTGTCGACGTTGAACGTCCCGCGCCGGTTCTGCACGGCGAGCGTCGGGAAGACGTCGTTCGCCGAGTCGTCGGCGACGAGCAGCACCGCGGCGGCGCCCGCGGCGGTGAGCGCGGCCGCGCGCTCGCGGATCGCGAGCCCGCCGTAGCGCCACGGACGGAGGCTGATCCACGACACCGGCGGCCGCGCCGGCGGGACGATCATCGCCGCCACCGCCTTGCCGCGCAGGTCGAGCCGGCGGAGCGAGTCGGCGCCGGCGGTGCCGACCCAGACGAGCGACAGGTCGAGCGTCGTGTCGACGGCGGCGGTGATCGACACGTCGCGCCAGAGCACGAGCGGCGCTCCGTCGAGCAGCACGCGCGACTCGTCGGACGGGCGCACGCGGCGCATCGGCCACCACTGGAAGTACGTGCCGTCGTCGCCGGCCGGCCGCAGCCCGGCCTCGCGGGCGCGCTCGGCCACCCACGCCGCGGCGCGCAGCTCGTCGGGCGTCCCCGCCTCGCGGCCGCGCATCGAGTCGGACGCCATCGCGAACAGGTCGCGCCGGAGATCCGATTCCGTGATGGCACTCATGCCGGGCACGTCGCCGGTCGTGTTGCCGACGTTCACGCTGACGTGGCAGGCGGCGAGCGTCGCGAGCACGAGCGATGACGCGAGCCCGGTGATGACCGGATGAACGTTAGGCATGGGACGTCGATTCGAGGCGTGTGATCGAACGCCTCGAAGTGTAGCGCGTCACGCCGCCGCTGACGCCGGTCGCCCGACCTGCCGGATCCACGTCGAGAACTGGGCGAGGAACGCCGCCAGGAACTGGCGCGTCGGCTCGTGCACGAGCTCTCCCGCCGCGTCGAACTTCTCGGCCACCATCGCCACCGACACGCCGGGGTGCGGGAGGACGTGGGCGAGCGTCGACATCAGCACGAGCTTCAGCTGCTGCTGCGCGCGGGCGGCGCCGAGCGCGCCGGGGGAGGCGCCCATGATCGCGACCGGCTTGCCGGCGAGCGGCGACCGCATCGCGGGACGCGACACCCAATCGATCGCGTTCTGGAGCACGCCGGGGACG
NZ_CP007128.1_gap17	884171	886531	2360	GGCGACCCGCTGCCCGAGCCCGACGCGGCGCGGGTCGCACCTGGGGAATCGGCAGCCCGCGCATCGCGATCGCCTCGGCGTACAGGGCCTCGTGGCGGGCGAGGACGGCGTCCCACGTCTCCGCCGGGATGGTGCTGCGATTGTGGCGCGTGATGGCGCGGCGCAGCTGCTCGTCCGTCGCGAGTCGGACGATCTGCGCGGCCATGTCCGCGTCGTCCTCCGCGAGCAGGCCCTCGCGCTCGTGGCGCACGAATCCCGCGACCCCGGCGCGCCGCATGGCCACGACGGGCAGCCCGGCGCACCGCGCCTCGAGCGCGGCGATGCCGAACGATTCCAGCACCGACGGCAGCACGAACAGATCGCTCGCGGCGTACAGCGCCCGTAACGCGGCACGAGGGCGCCACCCCAGCAGCTCCACCACGTTCTCCAGCCCCGCGCGGCGGATCTGCCGCTCGACGATCGATCGCGCCGGCCCGTCGCCGGCGATGCGGAACCGCACCCGCAGCCCCGGCGGGAGCTCGGCCACCACTCGCTCGGCGATGCCGACGAGCGCGCGCGGGCGCTTCCGGTGGGCGAGGCGCATGACCGACGCGACGTGGACCACGCCGGGCTCGCGATCCGCCGGCGACGGGCTCCGCGGCGGCACCGCCCAGACCTGCGGCCGGATGGCGTTCGGCAGCACCCGCACGTCGAGCGCGGGGGCGAGCTCGCGGATCTCGTCCGCGACGAGCGGGCTGACGGCCGAGTACAGTACCGGCCAGCGCGACCATCCGACGAACCGGTCGACGGCCGAGAGCACGCGGGCCGAGCGCGCGAGCACCGAGTGGTGGGTGACGACGCAGGGAAGCCCCAGCGCCTGGGCGCGGTACGCGGCGGCGAACGCGAGTGGGGAGAGGACACTCGTGTGGCAATGCACCACGTCGTAGCCGCCGGCGGCGAGCGCGGCGCCGACCGCGTCGCGGATCCCGGGTCCGCAGGCGATCTCGACGCGCGGGAGCAGGGGCACGTCGAGCCGCACCACGCGGACGCCGGCCGGCGAGCGGAGCGCCGCACCCCCGCGCACGTCGACGCGGGAGCCGGTGCGCCGTCCGGCCGCCGTCGTGACGATGTCCACCGCGTGGCCGGCGCTCGCGAGCTGGCGCGCGAGGTCCGAGACGTGGGTCTCGATGCCGCCGACGCGGGGGAGATACCAGTCGCACACGAGCGCCACGCGCAGCGGGCGGTTCCGTCTCAAGCAGTGCTCCTCGTACTGGCGTGGCGACTGACGACCTCTCGGCGGGCGCTCTATCTTGCCCTCTCTGGACGGGCGCCGGAAGCGCCTGCCGAGCGACCTCTCCCATGACTACCGTTCTTACCCCGCACGAGGCCGGCCAGCGCCTGGAGCGGCAGCTCGCCTTCGTCCGCGAGATCGACCGGCTGAAGGGGGTGCTGCGCCGCACCACGCTCCACGACGGCTCGCGCCCGGAGAACAGCGCCGAGCACTCGTGGCACCTCGCGGCGATGGCGCTCGTGCTCAGCGAGTACGCGCCGTCGGGCGCGGAGGTGTCGCGCGCCGTGCAGATGTGTCTGGTGCACGACGTCGTGGAGATCGACGCGGGCGACACGTTCGCGTACGACACCGCGGGCTACGTCGACAAGGCGGAGCGGGAGCAGGCCGCCGCCGCGCGGGTGTTCGGCCTCCTGCCGACCGACCAGGGGATCGCGCTGCGGGCGCTGTGGGACGAGTTCGAGGAGGGGGAGACGCCGACGGCGCGGTTCGCGAACGCGCTCGACCGGCTGCAGCCGTTGCTCGCGAACCTCGCGACGGGGGGCGGGAGCTGGCAGGCGGCGGGGGTGACGCGGAGCCGCGTGGAGCGGCGCATGGGTCCGATCGAGCGCGGCTGCCCGAACCTCTGGCCGTGGGTCTGCGCGGCGATCGAGCGGGCGACGCGCGAGGGGTTGATCCGCGACGACGCGATCGGGGTATGAGTGGCCGCGTCGAGGGCATCTGGCTCAAGCGGATGCGCCGCGGGCCGATGGATGCGGTGGCCGAGGCCAGTCTGGTGGCCGGGCGCGGGCTCGTCGGGAACGCGAACCAGGGCGGCAAGCGGCAGGTCACGCTCATCGAGCGCGAGGCCTGGGACGCGATGATGCGCGAGCTCGGCGCCGCGCTGCCGCCGACGACGCGCCGCGCGAACGTGATGGTGAGCGGCTTCCCGCTCGCGCGGTCGCGCGGCCGGGTGCTCCGCGTCGGCGGCTGTCGTCTCCGCGTCTATGGGGAGACGAAGCCGTGCGAGCGGATGGAGGAGGCGCTTCCGGGGCTGCGCGCGACGATGTTCCCGGAATGGCGCGGCGGCGCGTTCGCCGAGGTGCTCGACGAC
NZ_CP007128.1_gap18	889228	893189	3961	CGGCGTTCGATTGGTACGGCGGTCCTTCGCGCGCATAGCACCTTGGGCGAAGGGGGGGGAGCCCCCCTGGGACCTAGGTACGCGCCGGCAGTGGATCGTCCCGCAGTGGATCGTCCCGCAGTGAATCGTCCCGCAGTGGATCGTCCCGCCGTCGCTCGTCCCGCCGTCGGTCGTCCCGCCGTCGGTCGTCCCGCCGTTCCGCGCTACGGCTGCCGCCCCACCACCCCACTCGTATCCACCCCCATCGTCGGCACGAACCGCCGCCGCCCCCCCTCCACCGTGTACGTGCCGCGCGTCAGCACGCGCGTCCCGTCCACCACCGCATAGTCGGAGCTGAAGATCCACCATCCCCGCGCCAGCTCGTCCACGCGCTGCCCCACGGTCACGATCAGCGCGCGCCGGGCATCGAGGGGGCTCGGCTGCGCGCCGACGAAGACGAGTCCCTCGCCGCGGTACGCCGAGTCGGTGACGATCCGCTCGCGGTCCACGGCGACCGGCAGCTCCGCGGCGTGCGCGCGCAGCCACGCGTTGCCGTCGAGCGTGCCGATCGCCCACAGCGTCCAGCCGCGGAAGTCGCGCGCGAGCGCCTCGCGGTCGGTGACGATCGTCGCGTGTCGCACGAAGCGGTCGCGCATGCGCTCCACGTGCGCGCGCAGCGAGTCCTGCAGCGCGGCGTCGCGTTCCTCCGTCGGCAGGATGATGAGCACCGAGTCCGGCGCCGCCGCGATGAGCGCGTGCGCCATGCCCGCGTCGAACGGCGGGTCGCTCAGCTCGTCCCGATGCGGCGACGCGGCCGCGCGGTCGAGCATGGCGACGACGCGGCGCATCGCGCCGGGCCACCACCGCGCGTCGTGCGCCGAGACGTTAGGCGCGGTCCCGTTAGGCGGCGCGTCGGGGCGCCGCGCGGTCCGCAGCGTCGCCGCCACCGAGTCGACGAAGGAGAAGCCGAGCGTGCGTTGCTCGCGCAGCTCGTCGCGCTCGGCCGCGTCGCCCGCCGCGTCGCCGCGCATCTCGGCCACCGCGGCGCGCACGACGGTCTCCGTCACCGCACCGGGCCACGACGCGACGTGGTCGGCGCGCCAGAGTCGCGCGCGCACCGGGGCGAGCAACGTGCGCGACCGCGCCAGCGACGACGCCGCGCCGTACACCGCGGAGTTCACGTGCTGGTGCGCGAACTCGTGCAGCACCACGCGCTCGATCGACCACCCGGTGCGGAACACCGGATCACCGCCGTCGCGCCCGCCCGCGGGGCCGACGTACGCCGTGAGCGTCGCGCGCGGCCCCGCGCGCACGCCGGGGGGCGCGACGCCGAGCCGCGGCACGAGCGGCATGAGCACCAGCTCGTACGCGGCCGACGACAGACCGAAGAACCGCGCCACGCGCGTCGGCGCCGTGGCGAGCACGCTGTCGGCGAGCACCCGGTCGCACAGCGTGCGATACAGCGCCGCGTGCTCCCGGTAGAAGTCCATGAAGCTCGTGCGGCGCGCGAAGTCGCGGGCCGCCGCGACGAGCGCGCGGATCGTGTCCGCCGAGACCGATACCGGGCCGTCGCCGACGGCGTAGATCGGCGGCCGCTCGACGAGCCCTGGCGGCGGGCCGACGCGCGCCGCGACCTGCGCCACGAAGTCCTCGAGGCCGCGGTCGGCGATGGCGGCGGCGCGGCGCACCGCGAGGTGGTCGGCGTACGGCCCGAACCGGTCCAGCGCCTCGCGCGCGTACGCGTGGGCGAGCGGCGGGCGGTCGCCGCGCGGACCGGCGAGCGTCGTGAGCACCGACAGCAGCTCGACCGCCGGGTCTACACGGCAGGTCAGCGTGGCGGCGGGCCGGGGCGGCGCGTCCTGTCCGAGCGCGATGCGCGCGGCGCCCACGTACCCGCAGCACGCGGCGAACGCGCAGAGCGCGGCGACGCGCAGCGGTCGCCCGAGGCTGCGAAGGGAACTGCGGGGAAAGGAGAGGAAACCGCTCGTCACCGCGCGCCGGCGTCTCGTCACCCGACGCGGCGCATCACCCGTGCACGCCACGTCGTACCGTAGCATCTTGCGCCGCCGACCGTCGCCGCGCCACGGCATGGTGATCGTCGTTCGATGTCGCCGCTCCCCCGCCCGCGTCTCGCTTCACGATGTCCCACCCCGCGTCCACGACCCTCGCCGCTTCCCCGCCCCGGCAGCTCGCCGCCGTGGCCGCCGCGAGCCGCGCGGCGCAGGCGGCGCGTCCCGCGTTCGGGCGGGGGTGGCGGCGGTACGGGCTCGCCTTCGCGGGGTGGACGCTCGCCGGCGTGGTGCTCATGCAGCAGGCACGCCTCACCGGCGGCGGGCAGGAGGCGGGATGGGTGATCAAGATGTTCGTGGACATGTGGATCTGGGCGCTGTTCACGCCCGCCATCATGGACCTCGGACGCGACTACCCGGTGGACCGCGCGCGGTGGGTGAGCCGGGGGCTGCTGCACGTGGCGTCGGCGCTGGCGTTCGCGCTGCTCGACGCCGTGCTGATGTGGAGCCTCCAGCCGTACCTCGGCGGGAGCGCGCCGCAGCTCGGCCTCGCCACCGAGTTCGCGCGGCGGCTGTTCGCGAACGAGGCGAGCTATCTGGTGCTCGTGGCGATCGGCATCGCCGCGCGCCACGCGGAGGAGGCGCGCGACCGGCAGCTCGCCGCGGCGGCGCTCGCCACGGAGCTCGCCGACGCGAAGCTCGCCGCGCTCAACGCACAGCTGCGCCCGCACTTCCTGTTCAACACGCTGAACGCGATCGCGGAGCTCGTGCACGTCGACGCGCAGGCGGCGGACCGCACGGTGACGGCGCTCGGCGGGCTGCTCCGCCGCTCGCTCGCCGCCGGCGACCGGCAGGAGGTGCCGCTGCGCGAGGAGCTGGCGTGCGTGGACGAGTACCTCGCGATCGTCGCCACGCGGCTCGACGAGCGTCTGACGGTGTCGACCGCGATCGCGCCGGACGTGCTCGACGCGAAGGTGCCGTCGTTCCTGCTGCAGCCGCTCGTGGAGAACGCGGTGCGCCACGGCGTCGAGCGGACGGCCGACGGCGGCCGCGTGGAGATCGCCGCGTGGCGCGACGGCGAGTGGCTGCGCGTCGAGGTGCGCGACGACGGCGCGGGGCTGCGGCACACGTCCAACGGGCCTAACGGGCCTAACGGCCCGAACGGCGCGCGCCCGGGCGGCGTGGGGCTCCGCACGACGCGCGAGCGGCTGCGGCACCTCTACGGCGACGCGCAGGCGTTCGAGCTGCGCGCGGCGAGCGCCGACGGCGGCCGGCGCGGCGCGGTCGCGGCGGTGCGTCTTCCCTTCTCACCGACGGTGTCCTGATGATCTCGGCTCCCGTGGACGTCACGGCCAGCGTGCCCGCGGCGGCGACCGCCGCGCGGACGCACGCGGCGCTGCGCGTGCTCGTGGTCGACGACGAGCGCCTCGCGCGCCAGCGGCTGCGCCGTCTGCTCGGCGCCGTGCCGGGCGTCACCGTGATCGCCGAAGCCAGCTCCGGCGGCGAGGCGCTCGATCTCGTGCCGCGGCTCGCGCCCGACCTGCTGCTGCTCGACGTGCAGATGCCGGAGCTCGACGGCTTCGGGGTCTTGGCGCGGCTGGCCGACGTGGCGCGGCAGGCGCCCAACGTCGCGCCGCCGCTCGTCGTGTTCGTGACGGCGTTCGACGAGTACGCGGTGCGCGCGTTCGAGGTGCACGCGGTGGACTACGTGCTGAAGCCGGTCGACCCCGCGCGGCTCGTCGCGGCGGTGGAGCGCGCCCGCGAGACGCGACGCACCGCGGCGCTCGCCGACGCGCACGTGCGGCTGCTCGCGCTCGCGACGTCGCTCGCGCCGGGCGCCGACGCGCCGCCCGCCGCGGACCCGATGGCCGACCGCATCTACGTGAAGGACCGCGGCAAGGGGATCTTCGTGCGCATCCCCGACATCGACTACGTCGAGGCGCTCGGCAACTACGCGCGCATCCACGCAGCGG
NZ_CP007128.1_gap19	894514	898419	3905	GCTTGCCGGCGGCGACGTCCTCGGCCGGGTAGAGCGTGGCGAGCGGCTGGCCGACGATCTCCGCCGCCGTGTAGCCCATGACGCGCTCGGCCCCCTCGTTCCAGCTCGCGATGCGGCCGTCCGGGTCGAGCATGATGATGCCGTAATCGCGCACCGCCTCGACGAGGAGCCGGAAGTGCTCCTCGCTGACGCGCAGCGCCTCCTCCGCCCGGCGCCGATCGGTCAGGTCGCGCGTGACCTTCGCGAAGCCGACCAGCTGCCCCGTCGCGTCGCGCAGCGCGGTGATGACGACGTTCGCCCAGAACTGCGTGCCGTCCTTCCGCACGCGCCATCCTTCGTCCTCGAACCGCCCCTCGCGGCCCGCGACCTCGAGCTCCTTCCACGGGAACCGCTCGTCGATCTTCTCCTGGGGATAGAAGATCGAGAAGTGCTTGCCGAGGATCTCGTGCGCCTTGTAGCCTTTGAACCGCTCCGCGCCGGGGTTCCAGCTCAGGACGTGCCCCTGCGGGTCGAGCGCGAAGATGGCGTAGTCGCGGACGCTCTCGACGAGGAGCCGATAGAGGTCCGACAGCCCCGACGGGGTCGCGGAGAGCCCGCCGGGCGCGTTCTTCTCGCCGGAGGCGTTCGGGTCGGCGGACTGCGGCGGGGCGTCGTTCACGTCGATGGCGGGCGACGGCGGGTGAAGCTCTTACCCTATCGGAGGGATCCCCCGAGCGCTAGCGGCGGAGCCCGATCGAGCGCCGCACGGAACGAGCCAGGGCAGGAGGGCAGGAGGGCAGGAGGGCAGGAGCATTCGCCTCTCGTGCCCTCCTGCCCTCCTGGCCTCTTGCCCTTCGATTCGCCCTCCTGCCCTCCTGCCCTCGCTCGCAGTACCTTCGGCGCGAGCGCGCCCCTCGGCGATCGTTAGGCGCGCGGCCAAGCCCGCGTCCGCATGCGCCTGACCGTCACGCCTCTCATCGGACTCGCTCTCACCGCGGCGCTCGCCGCACCCTCCGCCGCGCAGCAGGCACAGGGGGGCGCGGACACGCTGCGCGCGCCGGCCGGCGGCTGCACCGGCCTGCGCGCGCTCCGCCTCCCCGACGTGCGCCTCACCGCGGTCGACGACGTGCGCGCGCCGAGCCGCGACGACGACGCGCGCGTGCCGCACTGCCGGGTCGCCGGCGTCGTCGGCAAGGCGATCCGGTTCGTCGTCGTGCTCCCGGACGCGTGGACGGGGCGACTGTACATGGGCGGCAACGGTGGATTCGCCGGCTCGCTCAACCGCGGCGCGCTCGCGACCGCGAACCAGGGCTACGTCGCGGTCACGACCGACACCGGCCACGACGACGACGGCGGCAGCGCGCGATGGGCGCTGAACGACGTGGAGCGGCAGCTCGACTACGCGTACGTCGGCGTGCACCGCACCGTGGAGGTCGCGAAGGTGCTCGCGAAGGCGTACTACGGCGTGGAGCCGCGCTACGCCTACTTCGCCGGCTGCTCCAACGGCGGGCGGCAGGCGCTCATGGAGGTACAGCGCTACCCGGACGACTTCGACGGCGTCATCGCCGGCGCGCCCGCCGCGCAGTTCACGCGCATCGGGATCTCGTTCGTGAAGAACCTCCAGGCGACGTATCCCACGCCGCGCACGTTCCGCACGCCGGTCGTGACGCAGGCGAGCCTCGACCTGCTGTCGCGCAAGGTGCTCGACGCGTGCGACGCGATCGACGGCGTCACCGACGGCGTCATCGACGATCCGCGCGACTGCCACTTCGCGGTCGCGTCGATCAAGGCCTGCCCGTCGGACCGCGCGGCGCCCGACTGCCTCACGCGGGCACAGCGCGCGGCGATCGTCACGATCTACGCGCCGACCACCGACGCGCGCGGCGCCGTGATCTATCCCGGACAGCCGTTCGGCGGCGAGGCGTTCGCCGAGGGATGGCCGGCGTGGATCACGGGCAGCGACACCGCGCTGATCCGGTCGCTCGGCGCGCCGAACGCGCAGGCGATGTTCGCGATCCAGGGCGCGCGCTACCTCACGTTCGGCGACTCGACGTGGGACTACAGCCGCTACGACCGCGCGCGCATGCTCGCCGACACGCGTCGCACGGCGTCGTTCCTCGACGCGGTGGATCCCGACCTGTCGCGCTTCGCCGCGCGGAAGGGGAAGCTGCTGCTCTACCACGGATGGGCCGATCCCGCGCTCAACCCGCTCGCCACGATCGACTACTACGACCAGGTGCGCGCGCGCGACCCGGCGGCGCCGGACTACGCGCGGCTGTTCCTCATGCCGGGCGTGCTCCACTGCGCCGGCGGCGCGGGGCCCGACCAGGCGCCGTGGCTGCGCACCGTCGTGGACTGGGTGGAGCACGGGCGCGCGCCGGAGCGCATCGTGGCGGTCAAGCGCGACACCACGGGCCGCGTGACGCGCTCGCGGCCGCTGTGCGCCTACCCGCAGCGCGCCGTGTACACGGGCTCGGGCAGCACGGACGCGGAAGCGAGCTTCGCGTGCCGCGCGCGTTAGGCACCGTGGAGGGCGCGTGACGAGCTTCCGCGCGCAGCTGCGCGACCGCTTGCAGGAGGCGCTCGGCGAGCGCTACACGGTCGACCGCGAGCTGCGCGGCGCGGGGATGTCGCGCGTGTTCGTCGCCACCGAGACGACGCTCGGCCGCTCCGTCGTCGTGAAGGTGCTGCCGCCGGAGATGAGCGGAGGGCTGAGCGGCGCGCGCTTCCGCCGCGAGGTGCAGCTCATCGCCCAGCTGCGCCACCCGCACGTCGTGCCGCTGCTCACGGCCGGCGAGCACCGGCGGCTGCTCTACTACACGATGCCGCTCGTCGAGGGCGAGTCGCTGCGCGCGCGCATCGACCGCGAGGGGGCGTTCCCGCTGACGCCGGCCGTGAAGCTGCTGCGCGAGATCGCCGACGCGCTCGCGTACGCGCACGGCCGCGGCATCGTGCACCGCGACCTCAAGCCGGACAACATCCTCATCGCCGACGGGCACGCGCACGTCGTGGACTTCGGCATCGCGAAGGCCGTCGCCGCGTCGCACGACGGCGGCGCGTCGGAGGGGCGGCCGTTCACGTCGGCGGGCGTGGCGTTGGGCACCCCGTCGTACATGTCGCCCGAGCAGGCGGCCGCGGACCCGAGCGTGGACCACCGCGCGGATCTCTACGCGCTCGGCGTGCTCGCCTACGAGATCCTCGCCGGCCGCCACCCGTTCGCCGGCCGGGCGCCGCAGGCGATGCTCGCCGCGCACGTCACCGAGAAGCCGGAGCCGGTCGCGCGGCGTCGCGCGGATCTGCCTAACGCGCTCGCCGCGCTCGTCGGCCGGCTCCTCGAGAAGCGCCCGACCGATCGCCCGCAGTCGGCGGCGGAGGTGATCCAGGCGCTCGACGCGATCCCGCTCGGCGCGACGCAGGAAGCCCCCGCCGCGTCGGCCGCCGCGCCGAGTGCGGCCACCGCGCCGGAGCGCGCGGCGGCCGGGGGCGTCGGGCCGTGGCTGGTCGTCGCGCTGTGTGTCGCGACGCTCGCGCTCGGCCTCGCGCTCGGTCTCTGGTTCGGGCGGCGCTGAGCGCGCGCCGCCGCCCTGCTGGAAGGCGCCCGTGCGCGCCCGTAGCTTCTCGGAGTCCGGGAACGTCATCCCCTCTTCGAGAACACCCATGCAGCTCCGCATCCCGCTCCTCCTCGCCGTCGCCGCGTCGTCGTTAGGCGCGCAGGCCAAGCGCCCGATGACCTGGCTCGACGTGCAGCAGATCCGCCAGGTGGGCGGCGCCGCGCCGAGCCCCGACGGCCGCTGGGTGCTCTACACGGTGTCGTTCCCGGACTGGCAGAACGCGCGGCGGCAGAGCGACGTGTTCGTGGTGAGCGCCGAGCAGGGGCTGTCGTCGACGCGGCAGCTCACGTTCACGAAGGACAAGAACGAGACGAA
NZ_CP007128.1_gap20	970202	974828	4626	GCGACGGGTCCGCGGGCGCGCGGCGCCGCGGCCGCGGCGTGGACCGAGTCGAGCAGTTGCCGCGCCGAGCGCTCCCACGTGAACGCGGCGGCGCGCGCGAGCCCCGCGTCGCGCATCGCCGCGGCGCGCCGCTCGTCGAGCGCGATCGCGTCGATCGCCGCGGCGATGGCCGCGTCGTCGGTCGGGTTCACGAGCGTCGCAGCGCCGCCGCACGTCTCGGCCAGCGCCGGCACGTTCGACACGATCACCGGCGCGCCCGCGGCCATCGCCTCGAGCGGCGTGAGCCCGAATCCCTCGTCGAGCGACGGGCAGCAGAACACCGTCGCCGTCGCGTACAGCACGCGCAGCGTCTCGTCGTCCACCGCGCCGACGAGCGACACGCGGTCGGCGACGCCGGCGCGCGCCGCGGCGTCGGCGAGATCCTCGCCCGTGCCGTCGGACGCGCCGGCCACGACGAGCCGCAGGTCGCGCGCGCGCAGTCGCGCCATCCCGCGCACGAGCGACGCCACGTTCTTGCGCGCGCTCACCCGCCCCGCGTACAGCACGAACCGCTCGTGCAGCCCGAGCGCGAGCCACACGCGCGCGATCGCGGCGGGCGACAGCCGCTCGCGCGGCACGAACGCGGCGTCGACCGCGTTGGGCACGACGTCCACGCGCTCCGGCGTCGCGTAGCCGAGCGTGACGAGGCGAGCGCGTTCGCTCGCCGACACCGTGCATACGCGGTCGGCGCCGGCCGTGAGGCGACGGAGCGGCGCGAAGTACAGCCGCTCGCTCCACGTGAACAGATCCGGCCGCGTCTCGAAGATCGCGTCGTGCACGAACGCCACGCGCGCATGGCGTGCCGCGCGCGCCGGCGGCACGAAGTTCTGGTAGACCACCGCGTCGAGCCGCAGCGCGTCGGCCGCCCACGGCACCACGCACACGTTCGACACGCCGTTGTTCCCCGCCCACACGTAGTGCCGTCGCTCCGGCGGCACGAGCTCCGCGCCGGCGCTCGGCGCGCGCTCGCCGCGCGACCGGCCGTCGAGGAAGAGGTGCAGCTCGTCCTCGGGGCCGGTGACGGCGGTCAGCGCGGTCACGAGGTTGCGCACGACCCGCCTGCCGCTCGGCGGTCCGCGGTGCAGCCACTTCGCCTCGACGCCGATCCGCACGCGTCGCCCGCGCTCAGGCGCGTCGCCGCTCGCCGACGAGCGCGACGCCGGCCGCGGCGACGAGCCCCACGACGAACGCGCCCAACGCGATCGCCGCCGTGTGCCGCGGGCGCGCCTCCACGAGCCCCTCCGGCGCGTCGAGCACCGTCACGACCGGCGTGTTGCGCACCGCCTCGATGCTCGCCACCTCGTAGCGCTGCGCGATCGTCGTGTAGATCTGCTGCGCGAGCGACACGCGCCGCTCCAGCTCCGTCTCGCGCGCGGCGAGACGCGGCGACCTGGAGAAGTCGATGTTCCCCGTCCGGAACTCGGCGAGCGCCGACTCCGCGGCGCGCAGCGTGTCGAGCGCGGCCCCCGCGCGGCGCGCGTCGAACTCGCGCTCGGCGCCCGCCTGCGTCTGCCGCCGCCGCAGGTTGAACTCGTTTACGAGATCGAGCAGCCGGCGGGCGAGCAGCGCCGAGAGCTGCCGGTTGCGCGTCCGCACCTCGAGGCGCACGACACCGGTCGGCCGGTCGACGGTGACGGTGAGGATCTTCTTCGCGAGCCCGCGCATCGCCTCCAGCTCGCGGTCCGTCTCCGTCTTTCCGCCGGGATCGAGGTAGTCGAGCAGCGTGCCGCGGAACGCGCGGCCGCCGTGCTCACCCGGCGCGCTCGCGTCGTAGCGCGTGACGACCGCCTCGTGCAGCAGCGCGTTCGAGGTCAGCAGGTCGCCGTAGAACTGCGCCGACAGGCTCGCCGACCCCGAGGCCGCCGCGGCGAGCGCCGGGATGCCGAGCTGCGAGGCCACCGCGCCTAACGAGCCGAGCGCGGAGCTTCCCGGCGACGGCTCCGACGCGAGGAACGCGGCGTGCGCGGCGTACAGTCGCGGGCGCATCATCGAAAGCGCGCCGGCGACGAGCGCGAGCGCGGCGGGCACCACGGCGAGCAGCCGCCACCGGCGCCGCAGCGCGTCGAGGTACGGGCCGAGCGCGTCGGGGTCGGGCGGAGCCTGGCGCGGCGGCAGCGCCGGGGGCGTGTACCGCACCGGCGCCGCGCCTAACGATGCCCGCTCGCTTGGCGTCATCGACGCAGCACCACGGCGATCGTCGTCAGGGCGCCGAGGATCTGCGCGAGCACGGCGAGCTTCTGCACCGACTCCACGCTGTGGTCCGCCGGGTCGCGCTCCGTCACGTACACCACGCTCCCCGGCTTCGGCGTCGGCACCACGTCGGGCATCATCCGCCGCGCGACCGCGCTCTCCACTGCGCCGTCCGGCTGCGTCACGTACGCGCGCCGCATCTCGCCGGTCCGCGTCGTGCCGCCGGCGGCGCGCACGTAGTAGTCGAGCGACTTGCCCGGCACCCACGCCACCGCCCGCGGCGCGTTCACCGCGCCCTGCACTTCCACCACGCCGCTGTACGCCGGCAGGTGCACCGAGTCGCCGTCCTGCAGCAACAGGTTGTCGCGATAGTGCGCGTCGCGCAGCACGCTCGGCAGGTCGACGCCGATGCGACCCACGTTCCCATGTGCGCGGTAGAACACGATGCCGCCCGCGTACGCCGTCTTCGTCGGCCCGCCGGCGCGCTGCAGCAGATCGCTCAGCCGCTCGTCCTTCGCCAGCAGCGTGTAGGTGCCGGGGAACCGCACCTCGCCCGTGAGCGTCACGCGCCGCGCGCGCTCCGCCGCGCCGTCGGGCTGCGCGAACACGAGCACGTTCGCGTACGGCTCCAGTGCGACCTCCGGCGCCGCGCGCGGCCCGGCCTGTCCGTCGTTCTGCGCGCCGCGGTCGGCGACGAGCAGGTACGTCGAGTCGAGCGGCACGCGTCGCGCGACGGCGAGGCGCGCGCTGCCGTCCGCCGGGGGCGTCGCGATCTCGGCCTCGCCGAGGTACGCGCGGCGGTCGAGCCCTCCCGCGACGAGCACGAGGTCGCGCAGCGTCATCCCCTCGCGGTACGCGTACCGCCCGGGACGCCGCACCGCGCCAGTGATGGCGACGAACGTCGCCGGTCGCATGTCGCCCACCGCGAACACGCGCACCTCGTCGTCGTCCTGGAGCACGACGTCCTCGCTCGTCGCGCCGCTCGCGTCCTTGAACGCGGTGCGCAGCTGCACGCGCGACGAGTCGGCGGGGCGCAGTCGCGACACGAGCACCTGCCCGAGATACGCGTCGGGCTTCAGCCCACCGGCCATGCGCACCGCGTCCGCGAGCTTCATCCCCGGCGTGAACCCCACCATGCCGGGGCTCCACACGTCGCCCTTCACCGTCACGCGCCGCGCGACGCGGTCGCTCACCGGGAAGACGCGCAGGACGTCCCCATCCTCGAGTGGGAAGGCTGGAACTCGGGACTCGGGACTCGGGACTCGGGACTCGGGAACCGCTCCCTCCCGAGTCCCGAGTCCCGAGTCCCGAGTCCCGACGCTCGCTACGTCGATCACCACGCGCCCCGCGTCGCCGCCGGCGCGCTCGTTAGGCGGCAGGATGCGCGACACCTGCACGCGACGGCGCACCGCGGCAGCCGTGAAACCGCCGGCGGCGCGCATCACGTCGGCCATCGTCTCGCCGGGGCGCAGCTCGTAGGTCGCCGGGCGCACGATCTCGCCGTGCACGCGCACGCGCGCGCCGTGCACCGGCACGAACACCACGTCGCCCGACTGCAGCCGCGGGTCGTGCGAGCCGTCGGCGCGCAGCAGGTAGTCATAGAGATCCAGCGTGTCCACGATGCGCCCGCCGCGCCGCACCTCGACGCGCCGCAGGCTGCCGTTCTCCGTCGGGCCGCCGGCCGCGTACAGCGCGGTGAGTGCCGTGCCCGCGCTCGACACGCGATAGCTCCCCGGCTCCGCGACGTCGCCGAGGACGTAGATCTGGTTCGTGTGCAGCCGCGCGACGTTGATCGAGAAGCGCGTCGTCGCGCCCGGACCGCGCCGCAGCCCGGAGTACAGTCGCCCGAGCCGCTGGTACAGCACGTCGTCGAGCTGCGCGAGCGTGAGGTTCGCCACCGGCAGCTCGCCCACGCCGGGAATGACGACGAATCCCTCGCGCGTGACGTCGAGCGTGAACGCGCGCTCGGTGTCGCCGGTGATGAGCAGCACGAGGCGGTCGCCGGGGCCCAGGCGGTAGTTCGCGTCCACCGGACCGGCGAGGTTCGGATCGAACTGCGTCGTCGCGCCGGCGAACACGTTGAGCCCGAAGATGGCCATGCCGCTGTCGACGACCGTCCGCGCACCCGGGCGGCGACGCGCCGGCGTTAGGCGGGGCAGCGTGTCGTCGGCGAGCGAGTCCCGTGCGTCGACGAGCGAGTCCAGGCGGTTCGCGTCGCGCGGATCGCGCGCGAGGCGGCGCCGACGGAGCGCGCTGCGCAGCGAGTCGCGTCCGGCGAGCGTGTCGGTCGAATCGGCGAGGCCGAGCGCGGCGACGGCGTCCAGCACGTCGTCGCTCGGCAGGCCGCCCGCGACGCTGTCTCGCGCGGAGCGCGGCGCGCGGAGATACGTGTCGAGC
NZ_CP007128.1_gap21	1118501	1121954	3453	CGCGTGGGCGGCGGGCTTCCGCGCGTTCGAGCTCATGGCCACGTTGCCAGGCGAGCCGTTCTACCGCGCGCTCGGCTTCGAGGTGGTCGAGCGCGTGACCACCCCACTCCCCGGCGGCGTCGACGTGCCGTTCGCGCGCATGCGGCGGCCGATCGACCCGCCGGACGATTCACCGTGAGCCCGCCATGTCACTCCCCCCACCCGACCCGCGATCGCTCGAGGGAACGCTCCGCACGTGGGCGCTCGCCTACCCCACCGCCACGGAGGATTTCCCGTGGGGGGAGCGCGCCATCAAGGTCGGCGGCAAGGCGTTCCTGTTCCTCCGCGGCGCCGGCCCGACGGTGAGCTTCTCCGTGAAGCTCCCGCACTCCGCGGCCGAGGCGCTCGAGCTGCCGTACGTGGAGCCCACCGGGTACGGGCTCGGGCGGCACGGCTGGGTGACGGCCACCGTCGACGCGGGGCGCGACGCGCCGCTGGACACGTTCCGCGCGTGGATCGACGAGAGCTTCCGCGCCGTCGCGCCGAAGCGGGTCATCGCCTCGCTGCCGCCGGCGTCTCGTTAGGCACGGCGTTGGCCGCGCATCTCCTCCTCGTCCGCCACGGCCGCTCGGCGCACGTGCACGGCGGAGCGCTGCTCGACCGGGAGGGGATGGAGCGATGGCGCACCGCGTACGACGCGGCGGGGATCGCCGACGCGCCGCCGGCCGCGCTCGTGCACGAGGCGGCGCTCGCCGACCGCATCGTGGCGAGCGACATGCCGCGCGCCGTGGCGTCGGCCGAGCGGCTGGCGGGCGGCCGCGCGGTGACGGCGTCGCCGCTGCTCCGCGAGGTGCCGCTGCCGATCCCGACGTGGCTCCCCGGGCGGGCGCCGCTCGTGGTGTGGGGCGCGCTCATCTCGCTGCGCTGGGGGATCGACATCGCGCGCGGCCGCGACGCGCTGCCCGAGTGGCTCGAGCAGGCGCGCGCCGCGGCCGCGTGGTGCGACGACGCGTGCGGCGCCGACGGCACGGTGGTCGTGGTCACGCACGGCGTCTTTCGCCGGCTGCTGGCGCGCCGGCTCGCCGCCACCGGGTGGCGCGCGGCGCCGGGGCGGCGGAGCTACGCGCCGTGGAGCGTCTGGCGCCTATCGCGCCCGAGTGCGGCCTAGTGCGCGCCCGCCAGCTCGTCGACCTCCGCCCCGCAGATCTCGAGGATCACGCGGTGGAACCGCTCCTCCCTCTCGCCGAGCCACGGCTGGAGCTGGAGCTGCCGGGCGTGCGCGATGGTCTGCGCCGCGCGCCGGAAGAAGTGGCGGTACCGCGGATCGTTCCAGATGTGGGCGGTGGTCGGCATGACGGGAGCCGCTGGGGGTAGGCGGTGCGGCTCGCGAACACGAGGTCCGCGAACGGTTCGGCGGGGCCTCGGTAGCACCATATGTGCCGGCGCCCCGTGGCGCTGTGGCGAGCGACACGGCAACCCCGAGGTGGCGTACGTCCCGCACATTCCTGTCGGCCGAGTGGCGGCAGCTCGTCATGCTCGACTACGACGTCGATCCGGGGATCCTGCGGCCGCTGGTCCCGGCGGGCGTCGCGCTCGACCTGCTGGACGGGCGCGCGCTCGTCACCGTCGTCGGCTTCCGCTTCCTGCGCACCCGCGTGCTCGGCGTCCCGATCCCGCTGCACCGCGACTTCGACGAGGTGAACCTGCGGTTCTACGTGCGGCGCGAGCTGGCGGGGGGCGAGGTGCGCCACGGCGTCACGTTCGTGCGCGAGCTCGTCCCCCGGCTCGCGATCGCGCTCGTCGCGCGGGCTTTGTTCAACGAGCCCTATCGCGCGGTGCCGATGCGCAGCTCGACGACCGGCCGACTGTCGTACGAGTGGCGCAGCGATGGCCTCTGGCAGTCGGTGTCGGCGACGCCGAGTGGCGAGCCGGCGGAGCCGCCGGCGGGGTCGCAGGCGGCGTTCGTCACGCGGCGTCACTGGGGGTACACCCGCCAGCGCGACGGCCGCACGATCGAGTACGAGGTGCGGCACCCGGTCTGGCGGGTGTGGCGCGCCGAGGCGCCGCGGCTCTCGGCCGACGTCGCCGGGCTGTGGGGCGAGGCGTTCGTGGCGCCGCTCGCCGGCGCGCCGTCGGGGGCATCGATCGCCGACGGGTCGGCGGTGACCGTGTCGGCGCCGCGGTGGATCCGGTAGCGCTAGGCAGGCGGCCCGAACCACGTGGTCAGCGCGTCGACGAGCCCCGCCGCGGTCCGGTCTCCGACCCACGCCACGTGTCCGTCGGGCCGCACGAGCACGGCCGCGGGCGCCGGGACCGTCCCGATCGCGGGCAGCTCCCAGGGGCCGGCGTACGTGCCCCGGATCGACCGGACGCGATCCGCCCACGGTGCGATGTCCAGGCCGTCGGCATCGCCGAGGTCGAGCAGCACCGGCCGGGCATCGTGCAGGAGGGTGAAGACCCGCTGTGGCCCATCGGCGGTCGTCAGGTCGAGGTCGGGCATCCGGCGGCCGAGCAGGGGATGGCCGTCGCCGAGGTCGTAGTGAATGTCGAGCCCGGACATCCGCGCGCCGAGTCGTCTGCGCGGCTCGTCCATCGCGAGGAGCTCGGCCACGACGTCGCGCAGCGCCTCGGTGCGGTCGTCCGGACGGAGCAGCGCGACCTGCGCCATGGTGTGGCGCAGCACCCGCGCGGCGACGGGGTGTCGCTCCGCGTGGTAGGTGTCGAGGAGGCTCTCCGGCGACGTCTTCCGGACGACCTGGGCGAGCTTCCATCCCAGGTTCACCGCGTCCTGCACGCCGGTGTTGAGCCCCTGCCCGCCGATCGGGGAGTGCACGTGCGCGGCGTCGCCGGCGAGCAGCACGCGCCGGTCGCGGTAGGTCGCGGCCTGCCGGGCCATGTCGGTGAACCTGGAGAGCCAGGTCAGGCTGTGGACCCCGAAGTCGGTCCCGCACGCGGCGACGAGCGCCTCGCTGAGATCGCGCAGCGTCGGCTCACCGGCCGCCCCGACGCGCGGCTCGGGGACCATGACCCGGATCGGTCCCTCGTCCTTGAACACCACCTGGCCGTCACGGATCTCGTAGTGCTCCCGGCCGAACGCATGGGTGCCGAGCGCGGAGCGGTGGATGCCGAGCGGGGGCGTCTCGGTCATCTCGACCGCGGCGATCAGGCTGCTCTGCGTCGCGTCCCAGCCGGGGAAGTCGATGCCGGCCGTCTTGCGGACCACGCTGCGTCCCCCGTCGCACCCGACGAGGTACTCCGCCCGCAGCGCGGTGCCGTCGGACAGCTCGACGGTCACGCCGCCGTCGTCCTGGGTGAAGCCGGTGACGTCGCGCTCGCGATGGAACGGCACGCCCAGCTCGGCGACCCAGCCGGCCAGGATGCGCTCGATGTGGTTCTGCCACAGACCGAGGCCATAGGGGTGCCGCGTGGGGAAGTCGCTGATGTCCAGGCGGATCTGCGCGAACCCGCCGACCT
NZ_CP007128.1_gap22	1129599	1130203	604	AGAAGTCCTCGGCCCGGAGGAAGAAGCCGCGCCGCGTACGCACCGACCAGGCGAGGCGCAGCACGGCGGCGAGCGCGCGCGGGCCGGCGAGCGTCGCGTCGTCGACCGCGTCGGCGGCGCCCAACGTCGGCAGCTCCGCGGCGACCGCGATCGCCTCGAGCAGCGTCGACTTGCCCGACCCGTTCTCGCCGACGAAGCAGACGACCGGCGCGTCGAGGTCGAGCGCGTCGAGCGCGCGGACGGCGGGCACGTCGAACGGGTAGACGCCCGACGCGCGCGCGGCGTCCGCGGTCGGCTTCCACGAGAGGCGCAGGAGGTGGGGCGCGCGCGGCACGCCCGCAAGCTCGCGCCGCGCCGCGCGCCGCGGCAGCCCCCGCGGCACTCGGGCGCCGCCTAACGACCGCCCAACGGCTCCCCGTGCGGCGGCGTTCATGCCGCAGTTGGGCCGACCGCGTGCCGCCGTTGGGCACCCGTTGGGCACCCGTTGGGCACCCGTAGGGCACCTGTTAGGCCCCCCCGTTGCAAATTGGACGCATTCGAGTACGTTTTCCGGCACGGAAGCGACGACGCGCCCTACACACAGGAGACCGACCCATGCCCACCG
NZ_CP007128.1_gap23	1162237	1166540	4303	GTCCTCCGTCGGCACGAGCCGACCGAGATCACGGTCGTCAACCGCTCGCACGCGATGGCGGGCATCCACTGGCACGGGCTCGAGATCGAGAGCTACTACGACGGCGTCGTCGGCTGGAGCGGGTGGCAGCAGCGCGTCGCGCCGGCGATCGCGCCGAACGACTCGTTCGTCGTCCGCGTCACGCCGCCGCGGGCCGGCACGTTCATGTACCACACGCACATGAGCGAGGCGGGACAGCTCACGTCGGGCCAGTCCGGCGCACTGCTCGTCACGCCGGAGCGCGCGCGCCTGGACACGACCGACCGCGTCTTCCTCATGACCTACGGCGGGCCGAACGCCGATTCGCCGGCGACGGTGAATGGTCTGGAGACGCCGCCGCCCGTGGAGCTGCGCGCCGGTGTGGCGTACCGCTTCCGGTTCATCAACATCTCGCCGATCGAGTACCGCCTCGTGCAGCTCCTCCGCGACAGCACGGTGCAGACGTGGCGCGCGGTCGCGAAGGACGGCGCCGACCTCCCGCCGCAGCAGGCGGCCGTCCGGCGCGCGGTGCTCAGCTTCCGCCCGGGGGAGACGTACGACTTCGAGGTGCGGCGCGACCGCCCCGACTCGCTCACGCTCGTGATCACCGCGCCGCGCACGCTCTCGGTGCCGCTCGAGACCGTGCGGCGCGGCGTGACCGCCGCGACGATCCCGCTCCAGGTCACGCGCATCCCGGTCGTCGTGCGTTAGGCACCCTCATGCCCGGAGGATTGATGTCCGCACCGACGGCACACCGCCGCGCGCTGCTCGCGCTCGCGCTCGTCGCCTGCGGGCGCGCGCCGAGCGCCATGCCGAACGAGGGGGCGAGCGTGAGCCCGGCGCGGAGCGGCCCGTTCGGCACCCCGCTCGTCCTCGCCGTCGACGAGGGCGAGCGCCGCGTCCGGCGCGCCGCGACGGCGGGCGGCGCGCCGTTCATCATCAAGGTCGACCGGCGGAACGGCGGCGCGCCGAACTTCATGATGGGCTACGAGGAGATCCGCCCGGGCGCCTCGATCTCGCCGCACGTCCACCCGGACGCGGACGAGATCATCTTCGTGCACAAGGGCGCCGGCGCAGCCGACGCCGGCGATCACACGGGCACGATCGGGCCCGGCTCGACGATCTACATCCCGCGCCGCACGCGCATCACGCTGCGCAACACCGGCGGCGAGCCGCTCGCGATCGCCTTCTTCTTCGATCACCCCGGGTTCGAGGAGTATCTGCGCGACACGTCCACGCCGGAGCGGCAGCCGGCGTCGCCGCTCTCGCCGGCGGAGCTCGCGGCGATCCGCGTCAGGCACCATGCGCACGTCGTGTACGAGCGGCCGTAGCGCGGTGGCACACGTCCAACGATACCGCCCATGACGCACAGGACATGGGCCGCGAGGCTCGCTCTTCTCGCTGCCCTCTGCGCGGCCGGTGCGCGCGCCGCGGCGCAGGCGCGCGTGACGCTCACCTACCTCGGCACCGCCGGCTGGGAGATCAGCGACGGCCGGATCGTCGTCCTCGTCGACCCGTACCTCTCGCGGCTGCGCAGCGTCGCGCCGAACGACGACACGCTGCCGGGCGACTCGCGGCGGTTCTTCGCGCGTGAGGACACGGCACGGTCCGACACGGCCGTCATCGACGCGCACGTCCGGCGCGCCGATTTCATCCTCGTCACGCACTCGCACGTCGACCACGTGCTCGACGTGCCGTACATCGCGCGCCGGACCGGCGCGACGATCATCGGGACGGAGACCACGCGCAGCATCGCGCGCGCGTACGGCGTGCCGGGGCGCCAGATCCTCGCCGTGCGCGGCGGCGAGGACTACCAGCTCGGCGCGCTGTCCGTGCGCGTGATCCCGAGCCTGCACGGCGTGCTCCGCAACGCGCCGTACGTCCGACCGAACCTCGACGGGCCGCCGCCCACGCCGATCGGGAGCGACGCCCGGGCGCCGCTCCGCGTCGCCGACTTCCGCGCCGACGGCGGCACGCTCGCGTTTCTGATCCGGCTCGGCGGCCGCGAGATCCTCGCGTTCGGCTCGATGAACTACGTGGAGCGCGAGGTCGACGGCCTCCGCCCCGACGTCGCGCTCGTCGGCGCGATGCCGGAGCGCGCCGCCATTCACGACTACACGCCGCGGCTGCTGCGCGCGCTCGGCCACCCGCCGCTCGTGCTGCCGACGCACTGGGACGCGTTCAACGTCCCGTACGACGCGAGTCAGGCGTCCGCCGTGGCGCGCGTGCAGTCGTTCGTCGCCGAGGTGCGGGCCGCATCGCCGCGCACGCGGGTGATCGTGCCGACGTACTTCGTGCCGATCGCTTTGCCGCCCGACTGATCACGGCACCATCGCGCGCGGGCCCGCGGGCCGCGCCTAACGGAGGAGGACCGACATGCCAGGGCTGGACGCCGTACGCAGCAAGCAGTCGCCGACGAAGCTGTATCGCGGCATCGACATGTACAATCCGTCGAACCTCTCGGCACCGCTCCGCGGGAAGGTCACCGGGAAGCTGGAGTACGTCACCGAGCGCGAGGGCGGCACACCGGCGTTCGTCGGCCGCTACATCAAGAACCCCGCGAGCGCCGCGCAGGTGACCGACAAGGAGATCGAGTTCATTCGCGGGCAGGGCTGCAGCCTGCTGCCGATCTACTGCCCGACGCAGGCACACACGGGCATGAAGGGGCCGGACGGCCAGAAGTGGGGACGCGAGGCCGCGAAGAACGCCGTCGGCCTCGCGCGCGGGCTGCACATCCCCGACGACGTGTTCGTCTACGCCAACATCGAGCCGCACTGGGTCCTCACGCCCGACTGGGTGGTGGGCTGGTGCGAGGGCTACGACGCGCTGACGCGCCAGGGCTTCGGGGGACTGTACTGCGGCCAGCTCCACATCGCCCCCGGCGGACCGATCGTGCAGGCGATGAAGACGCTCGGCGGGCGCGCGCCGGCGGTGTGGCTCACCCGCGCCATGGGCGACGGGCGGGACCCCGGCCTGCTCCCGGCGGCCGCGCAGGAGATCGGCGACGTCGACATCTGGCAGTACGCCGTCGGGGTCGTCGGGCAGGGGCTCGACTCGCGGGCCTGGGGCTACGACCGCGACCTCGCGAGCAGCTACGCGTTCGACCACATGTGGGCGCCCGACTGACAGGCTAGCGAGCGGCGTGGGACGGATGGCATATACCGGCAGCACGCACCATCCGCCCTCCGTCCCACGCCATCGATGACCGAGATCCTCACCGAGCCGCTGGCCGAACAGGTCGCGCTCGACGCGCTGTGGATGCCGTTCACGGCGAACCGCGCGTTCAAGCAGGCGCCGCGGCTGCTCGCCGCCGCGAAGGACATGCACTACACCACCGACGACGGCCGCCGGATCCTCGACGGCACGGCGGGGCTGTGGTGCGTGAACGCGGGCCACTGCCGCGAGCCGATCGTGCACGCGATCGCCGCCGAGGCCGGACGGCTCGACTACGCCCCCGCGTTCCAGATGGGGCACCCGCTCCAGTTCCGGCTGGCCGAGCGCCTAACGGAGATCACGCCGGCGGGGCTCGACCGCGTGTTCTTCACGAACTCCGGCTCCGAGGCCGTCGACACCGCGCTGAAGATCGCGCTCGCCTACCACCGCGCGCGCGGCGAGCCCGATCGCGCGCGCTTCGTGGGGCGCGCGCGCGGCTACCACGGCGTCGGCTTCGGCGGCATCTCCGTCGGCGGCATCGAGACGAACCGCCGCGCGTTCGCCGCGCAGCTCCTGCCGCAAGTGGACCACCTGCCGCACACGCACGACCTCGCGCGCAACGCGTTCTCGCGCGGCCAGCCCACCCACGGCGCCGAGCTGGCGGAGGAGCTCGAGCGCGTGGTGCACGAGCGCGGCGCGGAGACGATCGCCGCGGTGATCGTCGAGCCGATGGCGGGGTCCACCGGCGTGCTGCTCCCGCCGGCGGGCTACCTCGAGCGGCTGCGCGCGATCTGCGACCAGCACGACATCCTCCTCATCTTCGACGAGGTGATCACGGGCTTCGGTCGACTCGGGGCGCCGTTCGCCGCGCAGCGGTTCGGCGTCACGCCCGACGTGCTCACGGTGGCGAAGGGGATCACGAACGGCGCGGTGCCGATGGGCGCCGCCGTCGTGAAGCGCGAGATCCACGACGCGATCATGGACGCCGCGCAGCAGGCGGGCGGCGGCATCGAGCTGTTCCACGGCTACACGTACTCCGGTCATCCGCTCGCCTGCGCCGCGGGGCTGGCGACGCTGGAGCTGTACGAGCGCGAGGATCTGTTCGCGCGCGCCGCGTCGCTCGAGGGCGCGT
NZ_CP007128.1_gap24	1178000	1179034	1034	TCGAGGTCGGCTTCGAGAGTGCGCTCCTCGGCGACCGCGTGGACGTGGACGTGAGCTACTACGACAAGACCACGCGTGACGCGCTCATCGGCGTGCCCGTTCCGCCGTCCACCGGATTCGCGGACCAGTTGCTCACCAACCTCGGCGAGATCTCGAACCGCGGGGTCGAGGTGCTCGTGCGCGCCGTTCCCGTGCGGCGGAAGTCGCTGACCGTCGACGCGGCGCTCTCGCTGGCGACCAACCGCAACCGGCTGGTCTCGTTCGGCGACGGCCGCGCGCCGGTCGTCTTCGGCTTCAACGCGCCGTCGCAGCGCTACCAGGAGGGCTTCCCGCTCGGCGCGATGTGGGCGCAGCGGGTGCGGTACAACGCGGACGGCACGCTGCTCAAGGTCGGCGGCCGGCCGGTGCTCGACACGGCGAGCGTGTACATGGGACCGTCCGCGCCCACGCGCGATCTGTCGCTCACCGGCGGGGCGCTGTTGTTAGGCAGGCTGCGCGTGCGCGCGCTCGCCGACTACAAGGGCGGCCACTATCAGTTCAACGTGAAGGACAGCCGGCGCGACCGCGACGGCGTGTCGTGGGAGACGGTGAACCCCGCGGCGGACCCCGACGAGGTCCTCGCCCGCCAGTTCCAGTTCCAGACGTTCCTCCACATCCAGCGGGCCGACTTCGTCAAGCTGCGTGACGTGTCGATCGGCTACGACGTGCCGCTCGGCGGCGTGCACGGCGCGGCGCGGCGCGCGACGCTCACGCTCGCGGGCCACAACCTGAAGATCTGGACCCGGTACGGCGGCGCCGACCCCGAGGTGAACTACAGCGGCGCGGCCCGGTTCAACCGCGACGACGCGTGGGTCGTGCCGCAGACGCGCCGGTACTCCGCGACCGTCGCGGTCGCGTTCTGATGGCCGCCCGATCCGCCCGGACGGCGCGCGGCGCGATCGCGCTGGGCCTAACGGTGTTAGGTCTGACCGCGTGCGACGACGTGCTCAAGGTGAGCGACCCGGGTTCGGTCCACGAGCCGCAGCTCTCCGACC
NZ_CP007128.1_gap25	1331334	1333350	2016	ACACGTACTTCGGCGTGCCGTACTCGGAGGCGCGGCTGGTGTGCGACAGCGGCGTGGTGGAGTACCGCGTGTTCCGCTCGCGCGGCGCGGGCGCGGGCGCCGGCGCGGCCTCGGTGGCGCCGGCGGTGGATCTGCGCGGGAGCGACTGACGCCGACGCGCGACGCGGTGCTCGACCCCGCGCCTGCCAGGGCGCCCGACGCCATGTCCAACGCGCTCCGGCGCGCGGCGTTCGCTCTCGCGGCCGCGCTCACCGCGGCGGGCGTGCTCGCTCTCCTGCTGGCCGCCGGCGGCTACGACGCGCGCGCCGCGTTCGACGCGCTGTGGCGTGGCTCGTTAGGCACGTCGTACGCGATCGTCTCGGCGACGCTCGTGCGCGCGACGCCGCTCGTGCTGTCGGGACTCGCGGTCGCGGTCGCGTTCGGGGCCGGCGTGTTGAACATCGGCGCCGAGGGGCAGCTGCTGGCCGGCGGGACGGCGGCCGCCGCGGTGGGGGTGCGGTGGGCGGCCTCGTTAGGCGGCCTGGCCGTGCCGACGGAGCTGCTCGCGGGCGCGGCGGCCGGCGCGGCGTGGGCGGGGATCGCCGCCGTGCTGCGCCGACGCTTCGGCGTGCTCGAGGTGATCAGCACGCTCATGCTGAACTTCGTCGCGCTGAACGCGGTGGGGTGGCTCGTGCGCGGTCCGCTGCAGGAGCCGACGCGCATCTACCCGCAGTCGTCGTCGCTCGCGTCGGGGGCACGGCTGCCGCTGCTCGTGCAGGGGTCGCGACTGCACGTCGGGTTCGCGCTCGCGCTCGCGTGCGCGGTGGCGCTGTGGTGGATGCTGCGCACGACGGCGGCGGGGTTCCGGCTGCGCGCGGTGGGGCTCAACCCGTTCGCCGCGGCGACGAGCGGCGGCGTGCGCGTGGGACGCGTGGAGGCGGGCGCGTTCCTCGTCAGCGGCGCGCTGGCGGGGCTCGCCGGCGCGGTGGAGGTGACGGGGGTGACCTACGCGCTGTACGAGAGCCTGTCGCCGGGCTACGGCTACACGGCGATCGCGGTGGCGCTGCTCGCGCGGCTGCATCCGTTAGGCGTGGTGGGGACCGGGATCCTGTTCGGTGCGCTGGAGGCGGGCGCCGCGGCGATGCAGCGCGACGCGGGTGTGCCGTCGGTGCTCGCGTCGGTGGTGGAGGCGGCGATGATCCTGCTCGCGCTGCTCGCGACGTCGCGGGCCACGGGGCGGAGGGACTGACGCGGTGCCCGACTCGGCCCTCGGCGGCTTCCTCGAGGCGACCGTGCGCACCGCGACGCCGCTCGCGTACGCCGCGTTAGGCGAGGCGGTGGTGGAGCGCGCGGGGCTCATCAACATCGGCGTGGAGGGCGCGATCATCGCCGGGGCGTTGGCGGCGCTCGTCGGCGCCGGCGCGGCGGGGACGCTGGCAGGGTTCGCGGCCGCGGCGCTCGCCGGCGCCGCGATCGCCGCGGTGTTCGCCGTGTTCGCCGTGGCGCGCGGCAGCGACCAGATCATCACCGGCACCGCGGTGACGCTGTTGGGACTCGGCCTGACGGGCGCCCTGTATCGCATGCTGTACGGCGACGTCGGCGCGGCGCTGTCGACGCCGACCACGCCGCCGCGCGCGGTGCCGGGGCTCGCCGCGCTGCCGGTGGTGGGACGCGCGTTGTTCGCGCAGCCGCCCGCGACGTACGCGCTGTACGCGCTCGTGCCCGCGGTGTGGTGGTGGATGTACCGCACGCACGCGGGACTCGCGCTGCGCGCCGTGGGCGAGCGACCGGAGGCGGCGGAGGCGGCGGGGATCCGGGTGCGGCGCGTGCGATTCGGCGCCGTGCTGTTCGGCGGCGCGATGGGCGGCGTGGCCGGCGCGACGCTCGTGCTCGCGCAGGCGGGAACGTTCGCGGAAGGGATGAGCGCGGGGCGCGGCTTCATCGCGGTGGCGATCGTGGTGCTGGGGCGATGGCATCCGTTAGGCGTCGCCGCGGGTGCGCTGCTGTTCGGTGCGGCGAGCGCGCTCCAGTACCTGT
NZ_CP007128.1_gap26	1341459	1346018	4559	ACCTCAGCTCGCCGTTCTTCTCTCTCGTCGCCCACGCCGCGCAGCAGCGCGCCGACGCCGTCGGCTACGGGCTGCTGCTCGCGTCCAGCTCGAACCGGCTCGACCGCGAGGAGGAGCAGATCCGCCGCCTCCTCGGGCTCGGCGTGCAGGGGCTCATCGTCGTCTCCATGAGCCGCACGTACCGTCTCAGCGACACGCTGCGGTCGCTGCACGACGCCGACTTCCCCTACGTCATGGTGTCGTACACCGAGGGGGAGGACGTGCCGTTCGTCGGCACCGACTACGCGCGCGTCGGGCGGCTCGCCGCCGAGCACCTGTACGCGTTAGGCAGGCGCCGCATCGGGTACATCTGCGACAAGTTCGGCAGCGCGGCGGGCGAGCTGCGCGGCCGCGGCTACCGCGAGGTGCTGCAGGAGCGCGGGCTCTCGGTCGACCCGGCCTTCCAGTACCAGTACCCGCTCGAAGGGGAGTGGAACGACTACGAGTCGGGGTACGCGATCGGCGAGCACGTCGCGCGCCTGACGCGCCGCCCCGACGCGATGTTCGCGTTCAACGACCTCGGCGCGCTCGGCTTCGAGGACGCACTGCTCGACCACGGCGTCCGCGTGCCCGACGACATCGCGCTCGTGGGGCTCGACGACATCGAGCTCGCCGGGCGCGCGCGCGTGCCGCTGACGACGGTGCGTCAGCCCGCGGACCGCATCGGCGCGCTGGCCGTGGACACGCTGCTCGCCCGCCTCGCCGGCCAGCGTCCGCCGGCGCACCAGCTGCTCGACCCGGAGCTCGTCGTGCGCCGCTCGTGCGGCGCGTCGCCGAGCGCCGCGGATCCCAATCCCGACGCGGGGGGCGCGCGCGCCGAAGCCCGGCGCGCGCTCGCCGCTCAGCGACGATCGTGACCCGCCCAACACCGTTAGGCCCCTTGTCTTCCAACCGCACTACCCGTCCTTCCCGGAGAGTCCAGATGAAGTGGGCGAAAGGCCTCGGCTTGGCCGCCTCGCTGTTCATCCCCGTCGCCACGCTCACGCGGCCCGTGGCCGTGTACGGGCAGGGCGCGCAGCAGCCGGCCCAGCCGGCCACGGGGCGCGTCACCGGCACCGTCGTCGACGCCGCGACGGGGACTCCGGTTCCCGGCGTGAACGTCCTCGTCGTCGGCACACAGAACGGCGCGTCGACCGACGCCGCCGGCCGGTTCACGGTGCGTGGGCTGCCCAACAGCGGCACCGTGCAGCTCCGCGCGCAGCGCATCGGCTTCGCGCCGGCGACGCAGACGGTGACGATCGCGAACGGCGCGGCGACGGCGAGCTTCCAGCTCACCGCGCAGGCCGTGCAGCTCAGCGAGGTCGTGAGCATCGGCTACGGCACGCAGAATCGCCGCGACGTGGCCGGCGCCGTCTCGACGGTGACGACCGAGGCGCTCGAGAAGGCGCCGGTGGCGTCGATCGATCAGGTGCTGCAGGGCACCGCGCCCGGCGTGCAGGTGACGACGGCGTCGAACGAGCCCGGTGGGGCGATGACGATCCGCATCCGCGGCATGTCGTCGATCACCGGCAGCGGCGAGCCGCTGTACGTCATCGACGGCTTCCCGATCGAGAACGACATCGAGGGATCGAGCCCGGGCAACGGCGGGCGCACGCGCACCACGCCGCCGAACCCGCTCTCCACGCTCAACCCGAGCGACATCGAGTCGATCTCGATCCTGAAGGACGCGTCGAGCACCGCGATCTACGGCGCGCGCGGCGCGAACGGCGTCGTGATCATCACGACGAAGCAGGGGAAGGGGCTCAAGCCGCAGTTCACGCTCGACTACTACACGGGCGCGTCGACGATCTCGAAGAAGTACGACCTGCTCGACGCGGCCGGCTACATGGACTACGCCAACGCGTTCGGCCAGGCGTCGAGCCAGGCCTTCACGCCGTTCCCCGACTCCGTGAAGACGCGGCTCCTCGCCAGCGGGATCAACACCGACTGGCAGGACCAGATCTTCCGCACGGGCGCGATGCGCAACTTCCAGCTCGGCGTGCGCGGCGCGACGCAGGGGACGAACATCACGCGCTACAACGTCTCGGGCGGCTACTTCGACCAGGACGGCATCGTGCTCGGCTCGGGGCTGCGGCGGCTCTCGTCGCGCCTGAACATCGACCAGGCGATCGGGTCGCGCGTGCAGCTCGGCGGCTCGTTCACGGCGAGCCAGACGCGCAGCAAGGCGACGCCGACGAGCGGTCAGCAGAACGCGAACGCCGGCGCGGTGTCGGGCGCGCTGCAGTACGTGCCGATCCTGCCGGTGTACCGCGCGGACGGGACGTACTCGTACATCAACACCGATCTCAACGCGTACAACGCGCTGCTCGACGCGCCGCAGACGCCGAACCCGGTGTCGCTCGCGCGCGAGGTGAAGGACTCGCTCAGCGACTCGCGGCTGCTCGGCAACCTGTTCGGCCAGGCGAAGCTGCTGAAGGATCTCACGCTGCGCGTGAGCCTCGGCGCCGACTACGCGGACCGCTGGCGCAACACGTACTACCCGCGCACGACGCTGCGCGGCCAGCAGGCGAACGGCGAGGCGCTGCGCGGCACGAGCACGACGTCGTCGTGGGTGAACGAGAACACGCTCACCTACCAGAAGGAGATGGGCGTGCACGACCTCACGGTGCTCGGCGGCTACAGCCGTCAGAAGACCGACGTCGACCGCTCGAACATGTCGAACTCGAACTTCGCGAACGACATCACGAGCTACTTCGACATCGGCGCGGGCACGCGCGAGGGCGGCCCGGGCGTGGGGAGCGCGCACACGACGCAGACGCTCGAGTCGTGGCTGAGCCGCGTGAACTACACGCTGATGGACCGCTACCTGTTCACGTTCACGTACCGCGCGGACGGCTCGAGCCGCTTCGCGGCGAACAAGAAGTGGGGCGGCTTCCCGTCGGCGGCGATCGGCTGGCGCGTGTCGGACGAGCCGTTCATGAAGCACGTGAGCGCGGTGGACGAGCTGAAGCTCCGCGTGTCGTACGGTCTCGCGGGCAACCCGTCGATCCGCCCGTACAACTCGCTCGCGCGCCTGGACAACCAGGGCTACAGCTTCGGCGGCACGCCGACGTCGGGCTACTTCCCGTCGAGCATCGCGAACCCGGACCTCACCTGGGAGACGACGCGGCAGACGGACGTCGGCCTCGACCTCGGGCTGTTCAACCGCGTGTCGGTGACCGCGGACTACTACGCGAAGCGCACGAGCAACCTGCTGCTGTTCATCAACCTGCCGTTCGAGACGGGCTTCGAGCAGGCGCTCGCGAACCGCGGCGTGGTGGACAACAAGGGCTTCGAGCTCGGGCTCGACCTGCACCTCGTCGACGCGGGCAAGAAGAAGGGCGGCTTCGACTGGCGCGCGAACTTCAACTACGCGACGAACAAGAACCGCGTGGTGGACCTCGGCGGCGCGGCGCGCATCGACGCGGATCTCATCACGACGGACTACAACCTGCCGGGCACGTTCATCGAGGTCGGCAAGCCGATCGGCCGGTTCTACGGCTTCAAGAGCCTCGGCGTGATCAAGGACTCGGCGCAGGCGAACACGATCTACTGGAAGAACTTCAACAACGCGAAGTTCCAGCCGGGGAGCATGCTGATCGCGGATCTCGACGGCGACAGCGTGATCACGCTGAACGACCGCACGGACATCGGCGATCCGACGCCGAAGTTCACGCTGGGCCTGACGAACACGTTCGCGTTCCGGGGCTTCCAGCTCACCGGGCTGCTCCAGGGCTCGTACGGCGGCAAGGTGCTGAACGTGAACCGCATCCGCACCGAGAGCTCGCCGCGCGTCAACATCCTCGCCGACCGCTACTACGACGCGTGGACGCCGACGCACACCGACGCGAAGTACCCGAAGATCGGTGAGAACCCGAACCAGGTCGGCACGAACAACTTCACCGACAACCTGCTCGAGGACGGCTCGTTCCTGCGTCTGCGCACGCTGACGCTCTCGTACGGGCTGCCGAGCCGTCTGCTGCGCCGCGGCAACCTGTCGGGCGCGAGCGTCTACGTGACGGGCACGAACCTGTTCACGATCACGGACTACTCGGGCTTCGACCCCGACGTGAGCGGCCAGTCGGTCGGCGCGACGAACCGCGGCATCGACATCGGCGCGTATCCGCTCGCGCGCACGGTGACGTTCGGCCTCACGCTCAACTACTGACCACGGCGATGTACACGCGCATCAAGATTTCGACGGCCGCGAAGGCCGTCGCGACTGCCGTCCTCGCGGTGAGCGCGGTGGCGTGCAAGGACGACTTCCTCACCGAGAAGCCGGTCGACTTCGTGTCGCCGGTGAACTTCTACCAGAACGCCGGCGACGCGATCGCCGCGGTGAACGCCGCCTACGCGACGTTCGTCACGGTGCCGGACGCGGGCAACGACTCGTACGTCGGCCGCAACTTCGTGATGCTCACGGAGTATCCGACCGAGGTGACGACGAGCCGCCTCAGCGCCTCGAACGAGCGCTCGATGATCGGCAACTTCCACCCGCAGTTCACGTCGACGCACCCGTACCTCGAGGGCGTGTGGCAGGC
NZ_CP007128.1_gap27	1373441	1377480	4039	GTGGTGGCGACGCTGTGGCAGATCGGCGACCGCGCGGCGGCGCCGTTCGTGGAGCGCTTCTACCGGGAGCTGGCGCGCGGCGCGCGGGTGGACGACGCGCTGCACCGCGCGAAGGTCGCCGCGCGCGCCGACGGCACGTCGCCGGCCGTGTGGGCGGCGTTCACGCTCACCGGCGACGGCCGCTCGCGCACCGCGCTGCGCGAGCCGGGGCCCGACGTCGCCGTGGCGGGCGCGCTGCTCGCGCCGCTCGCGTTAGGCGCCGTGATCGTGCGGCTCGTCTACCGCTCGCGCACGCGGAGCCGGCGGAACGGCGAGCGGCGCTGAGTACCGTCGGCCATCTCCGCGGCGACCCACCAGCGATGCTCGACGGCGGGCGCGAGCCGCACGTCGACGGGGAGCGTGACGGTCGTGTCGGCGACGCGCGTGGTGAAGACCGGCGTGCCGGCGGCGGTGAGGATCTCCACCGCGTAGCGCTGCGCGCCGGGGACGGCGTGCCAGCGGAACGTGCGACTCGCCGCGGCGGTCGCGTCGACCGGCGGGTCGATGAGCACGGCCCCCTGCGCGACCTCGCGCACGACGTCGGGTCCGGCGTCGCGGCCGCCGTTGCCCAGCATCGTGCGCGCCGCGGGGAGCGCGACGACGGCGAGCACCGCCGCCGCGGCGAGCGAGGCGGCGGCGTAGGTCGTCCACCACCGCGCGGTGAACGTCGTGGTAGTGGTGGCCGGTCGGTTCGCGGCGACCGCGCGCAGCAGCTCGAACTCGCGCGCGCTCGCCTCGTCGGCCATCACGGCGTCGAGCGTCGCGAGCCGCTCCGACTCGGCGCCGCGTCCCTCGACGAGCGCGAGGATGTGGTCGAGCGGGACGGCGGGCGCCGCGTGCGTCGTGCGTCTCGCTCGCAGGAGCGCGTCGTACTCGCGTCGCAGGCGATCGTCGGTGAAGTCGTGAGTCATGGATGGATCCCCCGCGCGAGGAGGCGCCGCCGCAGATCGTCGAGCCCGCGGTACAGCAGGTTGCGGGTCTTCGCCTCGCTCCAGCCGAGCAGCGCGGCGACCTCCTCGCGGTCGTAGCCCTTGAGGTACATGCGCACCACCGCCCGCCGGTTCGGCACGAGCTCGAGGAGACACGCCTCGACGGCCCGCGCGACCTCGCCGGCGACGAGCGCGTCGTCGCCCGATTGGTCGGTGGACAACGCGAGCCGCAGCGACGTGGTGGTCGCGTCGTCGTCGATCCGCTCCTCGCGGCGCGCTCGGCGGCGGCGGAGCAGGTCGATCGCCGCCGATGCGGCGGCGCGATAGACGTACGACGGCGTCAGCGTCTCGAGCTTCCCGATCGCGGCGCCGGCGCGCCAGAGACGGATACGCACCTCCTGCAGCACCTCGTCGAGGTCGTCCCCGCTCAACCCGTGCGCCGAACCCGCCCGCCGCGCGACCTCACCGAAGCGCGCGAGCACGCGCTCGATGGCGGTCGACGCCGTCCCCGCGTCGTCGGGCCCCGGCAGCGCATAGGCCCCGGTGCCGAGTCGCGTCGTCATGGCCACGCTCTCGTTCGGTGAGAAGGCATCGCGTGTCCCTGCGTTCTCCACGTGGTCGACGCCGTCAACCGTACCCCCCGCATTCCCGGACGGCCAGTCCATGGAACGCACGGCCCGCACGTTCCTTCTCACCCCCCTGTGCCTCGCCGCGGTGCGCGCGCAGGCGCCCGCCGAGCTGGCGGTGCGCGAGGTGGTACCGGTGCGTGCCGGCGCGCCGGCGCGGCTCTGTCCCGGCGACAACGCGCTGCGCGTGACGCTCGCCTGGAGCGGCGCGGCGCCCCCGCCGCGTGCCGCGATCGCGACGCTCCGTCTCGCGCTCGTGCTGCCGGGCGGCCCGCCGGCGGGGACGCTGATCGCCGAGGGGAGCGCGCCGATGCCGGCGACCGGCGCGACGACGACGTTCACGTTCCTGCACGTGGAGGTCGCGGAGCGGCTGCGCGGGCGGGGGGCGCAGCTGGTGGTGCGGGTGACGAACGGGGTGGGCGGGGTGGAGCGGGAGCGCGGGGTGTCGGTGGACGCGGTGGCGGACTGGGGGTGCCGGAGGGACTGAAAGGGCGCGACGCGCTTACGAGTGACGGCGGGACGATCTACGGCGGGACGCCTGACGGCGGGACGCCTGACGGCGGGACGCCTGACGGCGGGACGCCTGACGGCGGGACGCCTGACGGCGGGACGCCTGACGGCGGGACGCCTGACGGCGGGACGCCTGACGGCGGGACGCCTGACGGCGGGACGCCTGACGGCGGGACGCCTGACGGCGGGACGCCTGACGGCGGGACGCCTGACGGCGGGACGCCTGACGGCGGGACGCCTGACGGCGGGACGCCTGACGGCGGGACGCCTGACGGCGGGACGCCTGACGGCGGGACGCCTGACGGCGGGACGCCTGACGGCGGGACGCCTGACGGCGGGACGCCTGACGGCGGGACGCCTGACGGCGGGACGCCTGACGGCGGGACGCCTGACGGCGGGACGCCTGACGGCGGGACGCCTGACGGCGGGACGATCGACTGCGGACGCGGTACCTAGGTCCCAGGGGGCTCCCCCCCCCTTCGCCCAAGGTGCTACACGCGCAACCGACCGCCGTACCAATCCGACGCGCATCGGATCCCTCCGAACGCGCCCCGATCCCGCCGTAGATCGTCCCGCCGTAGGTCGTCCCGCCGTAGATCGTCCCGCCGTAGATCGTCCCGCAGTACATCGTCCCGCAGTACATCGCCCCGCCGTCCCAGCACTGGTGCGAAACTTGGATCTTCGCGCCGCATGGCCCCGCACGAGAGCCGTTCCACGCCCATTTCCGAGCCCGACGACGACGAGCGCGAGCGGCACGACGAGCGCCGGGCGGCGAACCGGCGGGACATCGACCGCCGGGTCACCGCCGTCATCGAGGGGATGTCCGACGCGTTCCTCGCCCTCGACGCCGAGTGGCGCATCACGTACGCGAACCGCGAGGTCGCGCGGCTGAACGGCGTCACCTCCGCGCAGCTCGTCGGCCGCGTGCACTGGGACGTGTGGCCCGAGACCGTCGGCAGCGAGGTGGAGCGGCAGTACCGACGCGTCGTCGCCGAGCGCGTGCCCGTGCAGTTCGAGCACTACTACGAGGACGCGGACGTCTGGCACGACATCCGGGCGTACCCCGCCGACGACGGCGGGCTCGCGGTGTTCTACCGCGACGTCTCGGCGCAGAAGCGCCTCGAGGGCGAGCGCGTCGAGCGCGTGCGCGAGGTCGCCGACGCGCACGAGCGCGCGCTCGCGGCGGAGGTGCAGTTCCGACTCCTCGTCGAGCGCGTGCGCGACTACGCGGTGTTCCTGCTCGACCCCGACGGCATCGTCACGCAGTGGGGGCAGGGCGCCGAGCGCATCACGGGATGGACGGCGGGCCAGGCGATCGGCGAGCACCTGCGCTTCCTGTACCCGGACGGGGGCTCGGCGGAGGACGGCACCCCCGCGGAGCACCTCGCGCACGCCGCCGCGCACGGCGAGTACATCGGCGAGGGGATGCGCGTTAGGCGCGGAGGGGCCGCGTTCCCGGCGCGCGTGGTGCTCACCGCGCTGCGCCGCGGCGGCCAGCTCGTCGGCTTCTCGAACATCGCGCAGGACCTCACCGGGGAGCGCGAGCGCGAGGCCGCGCTGTCGCACGCGATGGCCGCGGCCGAGGCGGCGAACACCGCGAAGTCGCAGTTCCTCGCGAACACGAGCCACGAGATCCGCACGCCGCTGAACGCGGTGATCGGCTACGCGGAGCTGCTCGCGTTAGGCATGGGCGGCGCGCTGACCGACCAGGCGCGCCGCTACGTCGAGCGCATCCAGGCGACGAGCCGCCACCTGCTCGGCATCGTGAACGACGTGCTCGATCTGGCGAAGATCGAGGCCGGGCAGATGCACACCGCGCGCGAGCCGGGGCTCGTCGCGCCCGCCATCGCCGCGGCGCTGCAGATCGTCGAGGAGCAGGCGCGCGCGCGCGCGGTCGCGGTGACCAACGCGTGCGGCCGCGAGCCTCGCGCGTTC
NZ_CP007128.1_gap28	1379180	1382447	3267	ACACGATCGGCAACTTCGGCCTGCGCGCGCTGCTGCCGTTAGGCCGCCTCATGCTCGACGTGTACGTGACGATGGCGCTGTTCGTCTTCGTCGTGCTGAACCTGATCGCGCGCGCGTCGGGGTTCAGCCTGCGGAAGCTGCTCGCCTACATCAAGGAGGAGATCCTCCTCGTGCTGGGCACCTCGTCGAGCGAGGCCGCGCTGCCGAGCCTCATCGCGAAGCTCGAAGCGTACGGCTGCTCGCGGTCGGTCGTGGGGCTCGTCGTGCCGACCGGCTACTCGTTCAACCTCGACGGCACCTCGATCTACCTCGCGATGGCGACGCTGTTCATCGCGCAGGCGATGCGCGTGGACCTGTCGCTCGGCCAGCAGCTCTCGGTGCTCGCCGTGCTCATGGTGACGTCGAAGGGCGCCGCCGGCGTCACCGGCTCGGGGTTCATCGTGCTCGCGAGCACGCTCTCCGCCATGCGCGTCGTGCCGGTCGAGGGGATCGCGCTCGTCCTCGGCGTCGACCGCTTCATGAGCGAGGCGCGCGCGATCACGAACCTCATCGGCAACGCCGTCGCCACCGTCGTCATCTCGCGCCACGAGCGGGCGTTCGACGACGCGAAGCGCCTCGTCGCCGAGTCGCCGGCGCACGAGGACACGATGGAAGCGCTGGACGAGGCGGCGCACGCTGAAGTCTGACACGGCGGGTCTGATGCCGCGGTTCGGAACCTCCCGCCGTACCAGAACCGCCCCATCAGAACCGCCGTTCCAGAACCGCCGTATCAGAACCGCCGCACCATGATCTTCACCATCGACGACCTGTACGCGATCGCCGCCGAGCGCCTGCCGAAGATGGCGTTCGACTACTACGACAGCGGCGCGGACGGGGAGCACACGCTCCGCGACAACCAGGACGCGTGGCGGCGCATCCGGCTCCGGCCGAAGTGCCTCGTCGACGTGTCGTCGTGCGACCTCGCGACGACCGTGTTAGGCACCCCGGTGTCGATGCCGCTGCTCGTCGCGCCGACCGCGTTCCAGAAGCTCGCGCACCCCGATGGCGAGTGCGCCACGGCGCGCGCGGCCGCGGCGGCGGGGACGATCATGACGTTGAGCACGCTGTCGACGTGCCTCATGGAGGACGTCGCGCGCGAGAACGGTGACGGCGGCCGGTGGTTCCAGCTCTACGTGTACCGCGATCGCGGCATCACGCGCGCGTTCCTCGAGCGCGCGGAGGCCGCCGGGTACTCGGCCATCGCGCTCACCGTCGACGCGCCGTACTTCGGGCGGCGGCTGCGCGACGTCCGCAACGGCTTCGCGCTCCCCGACGGGATGACCGTCGCGAACCTCACGGCGGGGATGGGCACCGTCGGCGCGGTCGACGGCAACTCGGGGCTCTCCGCGTACATCGCATCGATGCTCGACCAGCGCATCACCTGGCGCGACGTGGAGTGGCTCCGCGCGTCGACGCGCCTGCCGATCGTCGTGAAGGGCGTGGTGCGCGGCGACGACGCGGCGCGCGCGGTCGACCACGGCGCCTCGGCCGTGATCGTCTCCAACCATGGCGGCCGCCAGCTCGACACCACGATCGCCACCGCCGACGCGCTCCCCGCGGTCGTCGACGCGGTCGCTGGGCGGGGCGAGGTCTACGTCGACGGCGGCATCCGGCGCGGCACCGACGTGCTGAAGGCGCTCGCGTTGGGCGCCCGCGCGGTGCTCGTCGGGCGGCCGGTGCTGTGGGGGCTCGCCGCCGACGGCGAGGCGGGCGTCTCCACCGCGCTCCGCATCCTGCGCGACGAGCTCGCGCTCGCGCTGGCGCTCGCGGGGTGCGGCGGCGTGGGCGACGTGGCGCGGGATCTCGTGGTGTGACGCGCCCGTCACGACTCCACGGACTTGGTTTTCAATTCAGGGAATTCCTTGAACTCACGAAGTTCCTCGAATTGAAAACGCCGTAGCGGAGCCATGCCGGGCGCGCCGTACTGGGCACATCGAACGCTTCGGGGGGCTCACCCGTAAGCAGGGTGCCGGCGGGACGGGTCCGAGAGGATCCCCGTCCCGCCGGCGTGTCTTTGTCCGCCCCTGCCCTACGGAGGTCCGATGTCTCGCCCGCGCGCTCGCGCGCTCCTGCCCCTCGCCGTCGTCGCGGCCGGCGCCGCCGTGGCGGCGCCGCCGCTCGCCACGCCCGCCGCCGCGCAGCCGGCCACGACGCCCGCGTCGACCGGCCGCATCAGCGGCACCGTCACCGATTCCGCCACCGGCCGGCCGCTCGCCGCCGCTCAGGTCAGCGTCTCCGGCACGCGCTTCGGCGCCGCCACCGACGACGCCGGCCGCTACACCATCAACGGCGTTCCCGCCGGCACGCACATCCTCGAGGTGCGGCGGCTCGGCTACCGCCCGGCGACGACCGCGGCCGTGCGCGTGAGCGCCGGCGCCGTCGCCACGCTCGACGTGCGGCTCGGCGCCGTCACGCTGAACCTGCAGGCCGTCGTCGTCACCGGCCTCGTCGACCCGACCAGCGGCACCCGCGTGCCGTTCACCGTCGGCCGCGTCGACGCCGAGAATGCGCCCGTGCCGGCGTCGAACGCGGTGGAGACCATCCAGGGCAAGATCGCCGGCGTCACGATCGTGCCGAGCGGCCAGCCGGGGAGCGGCACGAACATCCTCCTCCGCTCGCCGACGAGCATCAACAAGTCCACGAGCCCGCTCATCGTCGTCGACGGCGTGATCCTGAGCCAGTCGTTCGACGGCTCGACGGCGGACCTCGAGTCGATGGACATCGAGAGCATGGAGGTCGTGAAGGGCGCCGCGGCCGCATCGCTGTACGGCTCGCGCGCGTCGAGCGGTGTGATCCAGATCCGCACGCGCCGCGGCTCCAACCTCGCGAACGGCGCCACGCGCATCACCGTGCGCTCCGAGTTCGGCTCGAACGAGCTCGGTGGCAAGATGCACTGGGCGCAGGACCACTACTACCTGACGAACGCGCAGGGGCAGTACGTCGACGCCGCCGGCAACGTCACCGACCGCGCGCACCGCGTCGCGCGCCCCGTGTACCAGCGCTTCCAGGACGTCGCGTACGCGGACCCGGTGTTCGACCAGGTGAACCGCTTCTTCCACCCGGGCAACACGTACCGCAACTCCGTCAACCTCGCGCAGAACACGGGGAAGACGAACTGGTTCCTCTCGTTCGTGAACTCGCGCGAGGGGGGCGTGGTGCTGAACAGCGGGCAGTACGCGCAGAACGACATCCGCCTCAACCTCGACCACCGGCCGCTCGACAACCTGC
NZ_CP007128.1_gap29	1399388	1402868	3480	ACCCGCACATCCTCCCGCTGCACGACTCCGGCGAGGCGTCGGGGCTGCTGTACTACGTGATGCCGTACGTCGCGGGCGAGACGCTGCGACATCGGCTGCGTCGCGACGAGCGGCTTCCGGTCGTCGACGCGGTGCGCATCGCGCGCGAGATCGCGCTCGCGCTCGACTATGCGCACCGTGAGGGCGTCGTACACCGCGACGTGAAACCGGAGAACGTGCTGCTCGCCGACGGTCAGGCGGTCGTCGCCGACTTCGGGATCGCGCACGCGCTGTCCCGCACCGCGCTCGACACGCGCGCGGCCACGGGCCCCGTGATCGGGACGCCGGCGTACATGAGCCCCGAGCAGGCGCTCGGTCGGCGCGACCTGGACGGGCGGAGCGACGTCTACGCGCTCGGCTGCGTGCTGCACGAGATGCTGACGGGCGCGCTCCCGACACGCGCGGCAGGCTCGCCGGGGCCCCGCGTGCCCGCCGCGCTCGCATCGCTGGTCGCGCGCGCGACGGCCGACGATCCCGCCGACCGGTTCGCGACGGCCGGCGCGATGGCGGACGCGCTCGACGCGTCGCGGGCGACGGCGGCCGACGCCCCGGTCCGCGGCAGTCGGCGGCGCCGGGTGGGCGCGTGGATCGCGGCGGGAGCGACCGTGGCCGCGGCGGTCGCGGCCGTCCTCGCGTTAGGCAGTCGCGCCGCCCCCGTCGCGCTCGACGCCGACGTCATCGCCGTTGCGCCGTTCGACGTGCTCGACCCGTCGCTCGCGCTGTGGAAGGAAGGCATGGTCGACGTGCTGTCGCGCACGCTCGACGGCGCTGGCCCACTGCGCGCCGCCGCACCGACGACGGTAGTGCGCCGCTGGGCCGGGCGGGGCGATGCCGCGTCGGCGCGCGCGCTCGCGACGCGCACCGGGGCGGGGCTCGTCGTCTACGGCGGCGTCGTTCGCGCCGGCGACTCGGCGCGGGCCAGGGTGACCATCTACGACGCGCGCGCCGGCCGAGCGTTAGGCGAGGCCGAGCGCGTCGACGTCGCGGCGCGCATGGACCGCCTCGCCGACTCCCTCGCCGTCGCGATCCTCACGGAGCTCGGGCGCACGCGGCCGATCGCCGCGACGCGGCACACCGCCATCCGCGCGGCGTCGCTCCCGGCGCTGCGTGCGTTCCTGCAGGGCGAGCAGTTCCTGCGCCGCACGGCGTGGGACTCGGCGCGTGCGGCCTACGGGCGGGCGGTGGCGCTCGACTCCACGTTCGCGCTCGCCTACCTGCGCCTCGCGCGCGCCGACGAGTGGCTCGAGCGCACCGACCCGTCGATCGGCGACGCGCCGGTGACGTACCTGCGCCGCGCCCAGGCGTACGCCGCGCAGCTCGCGCCGCGCGACAGCGCGCAGCTCGACGTCGCGCTGCGCGAGCGCGCGGCGATGGCCGCTCCGACACGAGCGCGGTGGTATGGGGTCGTGGCACCGTACGTCGCCGCCGCCGACTCGCTCGTGCAGCGTTACCCGGACGACCCCGACGCGTGGATGGCGCGGGCCGAGGCCTGGTACCACGACGGGATGTGGGCGATGCCGAAGAGCGACCGCGAGGTCCAGCGCATGTTCGACCGCGTGATCGCGCTCGACTCGTCGTTCGCGCCGGCCTACGTCCACACGATCGCTCTCGCCGCGGCCGACGGCGCGCGGGCCGCGCGCCCGTACATGCGAGCGTATCTCGCACAGACGCACGGCGGCGGTGACGTGGCCGACGTCTCGCGCCTGACGCTCGCGCTGCTCGACGACCCGCGGCCGAGCGACCGCGTGCTGCATGCCCTCACCGACGCGCTCCCGGTACGCACCGTCATGTTCGGCGTGCAGCTGTTCAGCCGCACGCTCGATTCCGCGGAGACGGCCGTGCGGCTCGGGCGCCTGGTGCGCGCCCGCGTCGAGGCCGACGCGGGCGTGAAGCTCGACGTCGCCATGCGACGCACGCTCACGTACCCGCTCATGGTACGTGGCCACCTGCGCGAGGCGCTGCGCGCCGCGGAGCCACGCGACGAGCTGCGGGCGCCGTTCACCGAGCTGGCGGTGTTGGGCATCGTGCCGCTGGACACCGCGCGATCCACGTTCGCGCGGTGGCTGGCGCGGCGCGAGCTCACGGGCCACGGCAGCGAGATGCTGACGTTCTGGGCGGCGCGCGGCGAGCTGGCGTCGCTCGAGGCGTTCGCCACGGCGGCGGACTCGATGGCGCGCGCCGCCGGCTCGGAGCCGGAGCGCGCGGCCGCCCGCTCGCGGGCCGCGGCTGCGTCGGCGCTCCGATCGCTCGCCCGCGGCGACAGCGCCGACGCGCTGCGGCGCCTGCTCGCGCTCGACGACGCCCGCTGCCGCTGCGCGCTCGCCGCGGTCGCGCGTGCGGAGCTCCTCCTGGCGACGGGGCGCGCCGCCGAGGCGGCGCGGCGCCTCGACGAGCCGTTGGGCGTCGCGCTCGCGACCCGCGGCTTCGCCGACGTCTACTGGATGCTGCTGCGTGCGCGCGCCGCCGAGCGGTTGGGCCGCCGAAGCGCGGCGGCCGACGCGTACGCGTCCGTCGCGGCCGCGTGGCGAAACGCGGACCCCGAGCTCGCTCCGTACGCCGCGGAAGCGCGCGCCGCGCTCGCCCGACTCGGCGCGGAGCACACGGGCATCCCCGTGGCGCGTTAGGCGCCGGAGGGGCGGCGAGTCCGGACGCCGGTCCCGCCCCAGTCCCGCTCGTCCCCGGTTCGTCGATCCGGCGGGCCGCGCGCGCCAGCTTGCCGCGTGACCCCCGCCCACACGCTCATGCGCGCACCCTCGCTCTATCTCGCCCTCCTGCTGCCGTGCGCGGCCGCCGCCGCGCAGGACTGGCCCGTCTACGGCGGCGATCCGGGCGGCGCCCGCTACTCGCCGCTCGCGCAGATCGACCGCGCGAACGTCTCGCGTCTCGCCGTCGCGTGGCGCTTCCGCACCGGCGAGGCCGACGTCCCGCTGCGTCCGGGGCGGCGCATCTCGCTCGAGGCGACGCCGCTCGTCGTGCGCGGCACCATGTTCGTCTCCACGCCGTTAGGCAAGGTGTTCGCGCTCGACGCCGCCACGGGGCGCGAGCGGTGGCGCTTCGATGCGGCCGTCGATCCCGCGACGGGGTTCGGCGACTTCACGAGCCGCGGCGTGTCGTACTGGGTCGACGCGCGCGCCGCGCGCGCCGCGGACGGCACCGAATGCGCCGCGCGCGTCGTCGTCGCGACGATCGACGGTCGGCTCATCGCGCTCGATGCGTCGCACGGCACGCCGTGCGCCGGCTTCGGCGCGCACGGCACCGTGGATCTGCGCCGCGGCCTGCGCAACGCGCCGGGCGAGTTCGCCGAATACGAGGTGACGTCGCCACCGGCGGTCGTCGGCGACGTGCTCGTCGTCGGGTCGGCGGTGGCGGACAACGGGCGCGTCGACATGGCGAGCGGCGAGGTGCGCGGCTACGACGCGCGCACCGGTGCCCTGCGCTGGA
NZ_CP007128.1_gap30	1404219	1407443	3224	GTGTCCTCCGTGGTTCAACACGAAGAGGCAGTCCTCTGCGGCCCTCCGCGACCCTCTGCGGCTCAAATGTCGTCCCATGGGACCCACGACTCGACGCGCGGCCTAACCGAATCGCTCCATCCCGAACCCCAGAGCCCACGACGGTAGCGCCCCATCGAGCACGAGCGCGGTGATCGCCTCCGCGGTGACGGGCGTGAGCAGGATCCCGTTGCGCCCGTGCCCCGTCGCGACGACGATGCGCTCGGTGAGCCTGCCTAACAGCGGCGCCCCGTCGAGCGTCATCGGCCGCACGCCGGCCCACGCGTCGTCGAGTGGGGCGTCGTCGAGCGTGGGCACGGCGCGGCGTGCGCCATCCAGCAGCAAACGCACACTCCCCGCCGTGACCGTCGTGTCGAACCCGCGCGCCTCCGACGTCGCGCCGACGAGCAGCCGGCCGGGACGCGGCACGAGATAGACGTCGCGGGTGAACACGACGTGGCGCAGCGGCGTCACGCCCGGCGTCGGACGGAGCGCGACCATCTGCCCCTTGAGCGGCGCGATGGGAATCGACGGCGCGCCCGGCACGCTGCCCGACCACGCGCCCGCCGCGAGCACGACGACGTCCGCGTCGACGCGTTCGACGTCCACCTCCGTGTGCTCGCGCACCGCCCCGCCGGCGCGCCGCACGGCCTCGGCGAGCGCCGCGACGAGCCGGCGCGCATCGACCTGGCGGTCGTTCGGGCAGAGCCGGGCGGCGACGACGGTGCCCGCGAGTGCGGGCTCCAGACGCGCCACCACGTCGCGCGCGAGCCACCGCTGCGCGTCGTCGCCCGCCGCGCGCCACGCCTCGTACGCGGTGCCTAACCGCTCGGCTTCCGCGGCGTCGAGCGCGACGACGAGCGTCCCCTCGGAGCGCGGCACGACGTCGATGCCCGCGGCATCCGTGAGCTCGCGCGCGAACGCGTCCCATCGCCCGAGCGCGCGCCGGCACAGCGCGTCGAGCGGCGTCCCCGCGGGGCCGCCGTGCCCCGCCGTCGCCGCGAGCAGCCCCGCCGACGCCCAGGAGGCGCCGCGGCCCAACGGCCCGCGGTCGTAGACCGTGACGCGGGCGCCGCGCTGGAGGAGCCGCCACGCGATCGAGAGCCCGATCGCGCCGGCGCCGACGATCGCGACCCGACGTGGAGACACTGTCATGCGCGCAATCTGCGCGGGCCATTGTGTCCGCGGCACCGGCGTGGCGCCGCGCACGACTCCACGTACGTGTCTCTGGAGGACTGAAGAAGGACTGAAGAGGGACTGTCCTCCTTCAGTCCTGCCGAAACTCGTACGTGGAGTCGTGCCCGTGCACACCGAGCCGCCGCTCCACGCCGACCGCGTCGAGGAACGTCGCGTCGTGCGACACCACGACGAGCGCGCCGTCGTACGCGGCGAGCATCTCCTCCACCGCGCGCAGCGAGTCGAGGTCGAGATGGTTCGTCGGCTCGTCGACGAGCAGCAGCTGCGGCGGACGCGCGGCGTGCAGGGCGATGGCGAGCGCGGCGCGCACGCGCTCGCCGCCGCTCAGCGCGCGCACCGGCGTGAGCGCCGCGTCGCCGCGGAACAGGTGCCGTGCGAGCGCGTGCCGACTCGCCTCCTCCTCGAGCTCGGGGTTCGCCTCGCGCATCGCGTCGAGCACGGTGAGCTCGGTCGGCAGTCGCGACCCCGCATGCTGGTCCACGTACGCCACGCGGTCGCGCTCGACGCCGAGCCGCACGGTGCCGGCGTCCGGCGCGAGCTCGCCGGCGAGCAGGCGCAGCAGCGTCGTCTTCCCGCTTCCGTTAGGCCCGACGATCGCGAGGCGCTCCGGCCCCACCACGGCGAGCGACACGCCGTCGAGCAGCGGCCGGCCGGCTCCTGGATGCGCGTAGCGCAGCGCGGTCGCCTCGACGACGAGCTTGCCGTCACGCAAGCCCGCGGGCGGCAGGCCGAGCGCCAGGCGCTCCCGGATCTCCACGCGGGTTCGCGCCCGCTCCACGCGCTCGCGCGCCTCGGCGATCGCGCGCTCGCCCGCCGCGTCGAGCCGCCCCGAGGTGCGCTCGCTCGTCTCGCGACGGATGCCGAGCATCACCTTCGGCATGTTCGCCGTCGCCGCGTCCTTGCGCCCACGGCTCGCGCGCCGCTGCTGCCGCTCCCGCGTCTCGCGCGCGGTGCGCTCGGCCCCCCGCAGCGAGCGGCGGGCGTCGGAGAGCGCGCGCTCGGCGGCGGCGGCTTCCGCGGCGCGCTGCGCGTCGTAGAGCGCCCACCCGCCGCCGTAGACGCGGGCGCCTAACGGTCCGAGCTCCACGATCCGGTCGACCCGCTCGAGCAGCGCGCGGTCGTGCGTGACCACGACGAGGCCCCCGCTCCACGAGTCCACGAACGCGTACAGCGCGTCGCGGCTCGGTGCGTCGAGGTCGTTCGTCGGCTCGTCGAGCGCGAGCAGCTCGGCGCCGGCCAGCAGCAGCGCGGCGAACGCGAGGCGCGTCGTCTCGCCGCCGCTCAGCGTCGCCACGGCGCGCCGCGCGTCGAGGCGCGCGAGCCCGAACCGGTCGAGCGCGGCCGCGATCTCGTCGTGCAGCGTCCACCGTCCGCCGACGTGGTCGAGGTCCGCCGCCGTTCCCTCGCCGGCGAGCACGCGGTCGAGCGCGTCGAGCACGTCGGCGACGCCGAGCGCGTGTGCGACCGTCGCATCCGCGGGGAGCGCGCGTCCCGGGTGCTGCGGCAGGTACCCCACGCGCGCGCGACGCTCGACGTGCCCGCGCGTCGGACGCAGCTCGCCGACGAGCAGCCGCAGCAGCGTGCTCTTGCCGACGCCGTTCGCGCCGACGAGCCCCGTGCGCTCGCGTCCGAAACCGAGCGTCACGCCGTCGAACAGCGTGCGGCCATCGGGGAGCGTGTAGGCGAGATCTTCGGCGGAGAGCAGGGTGGTGGAGGAAGGCACGGGAAGGTGCGCTGGTTCAGGACTCCACGTACGTGTTTCTGGAGGACTGAAGAAGGACTGAAGGAGGACTGAAGAAGGAGAACAACGAAAACTGGTGTCGGTCCTTCTTCAGTCTCTCTTCAGTCCTTCTTCAGTCCTACGAGAGCTCGTACGTGGAGTCCCGGACAGCATCTCCGGCAACCGCGTCATGTCGTCGAACGTCGTAGCGCCCAGCTCGGCCAGCGTGCCTGGATCCGTGCGCGCCGCGAAGCCGAGCACCGTCATCCCGGCCGCGACGGCCGCCCGC
NZ_CP007128.1_gap31	1422143	1424326	2183	CGGCTCGCCGCGCGCCGCGGCGCATGCCTCGGCGCGAGCGAGCGCCGTGAGGCCGCGCCGGATCAGCAGCCGGTCCCAGCGCGCGCGGTCCTGGTCGAGCAGCAGCACCGGCTCCCCCGACGGCCCCACGCGCGCGCGCAGCCGCGACGCCTGGATCTCCATCAGCGCGACGAGGCCGTGCACCTCCGGCTCTTCCGGCGTGAGCCCGGCGAGCACGCGCCCGAGCCGCAGCGCGTCCTCGCACAGCTGCGGCCGCACCCAGTCGTCGCCCGCGGTGGCCGAGTAGCCCTCGTTGAACACGAGGTAGATCACCTGCAGCACGGACGCGAGCCGCGCGTGGAACTCCTCGCCGCGCGGCACCTCGAACGGCACGCGCTTGTCGGCGAGCGTCTTCTTCGCGCGCACGATGCGCTGCGCCACGGTGGGCTCCGGCACGAGGAACGCGCGCGCGATCTCCTCGGTCGTGAGCCCGCCTAACAGACGCAGCGTGAGCGCGACGCGCGCCTCCGTCGACAGCACCGGGTGGCACGCGACGAAGATGAGCCGCAGCAGGTCGTCCCCCACGTGATCGTCGAGCGCGGCGTCGAGCTCCGGCACGGCCGCCTCCTGTCTCGCCTCGAGCTCCGGCGCGAGCTCCGCGTGCTTGCGGTCGAGCAGCTTGTCGCGGCGCAGGAGGTCGATGGCCCGCCGCTTCGCGGTGGCCATGAGCCACGCGCCCGGGTTCGTCGGGATGCCCGTCTCGGGCCACTTCTCCAGCGCCGCGACCAGCGCGTCCTGCGCGAGATCCTCGGCCACGCCCACGTCGCGCACCATGCGCGCGAGTCCCGCGATGAGCTTCGCCGACTCGATGCGCCAGACGGCGTCGATGGTTCGGTGGATGTCGGCGACGGTCACGTCGAGAAATCAGCGCGACCGCGTCGCCGACGGCAAGATCGGCGCGCCTGCTGGACTCCACGTACGAGATCTGATCGGACTGAAGAAGGACTGAAGGACGACTGAAGAGGGACCAACACAAAACGTGTTGTGGGTCCTTCTTCAGTCGCTCTTCAGTCCTCCTTCAGTCCTCCACGGAATTCGTACGTGGAGTCCAGGACCGGCGCGACGCGAGCACCGCGCGCACTCGCGCGTCGCGCAGCCACAGCCCGCCCCACAGCAGCGCCGCGACGTACGTGGGGAACAGCACGTGGCTGAACAGCGGGTTCTCCACGCGCACGTGCGTCGCGATCGCGCCGCCGAGGTAGCCGGTAAGCAGCACCGCGCCGATCACCGACGTGCGCGGCACCAGGTAGACGGCGAGACACGCGAGCTCCAGCACGCCCACCGTCGTCGCGAGGTGCACCGGCCAGCCGAGCTGCGCGAACGACTGCACCACCGGCGCGATCACGACCAGCTTGATGACCGCGTCGAACGCGAGGAACGACACCGCGAGCGCGCTCAGCACGCGTCCCACCCACCGCCGGCTCGCGGTGGCCGCGCCGGCCGCGCCGGCCGCGTGGAGGCCGATGGACGTCATGGTCGGATCTCCGATGAAGGCGTTAGGCGGGCTGCGCCGCGTCGGATGCGGGCATCTCGTAGAGCTGCCGCAGCTCGCACTCCCCGTCGCCGGCCACGGACAGGAAGCGCCGGCACAGCTCCACCGCTTCCTCCTTGCTGCCCGCCCGGATGAGCGCGAAGCCGCCGACGACTTCCTTCGCCTCGGTGAACGGGCCGTCGCTCACCGTCACCCGGCCGTTCGTCTTCCGCACGCGCGCGCCTAACGCGCTCGGCAGGCATCCCTCGGTGCCGAGCAGCCAGCCCGACTTGAACCCCTCCTCGATGAGGGCGCCCATCGTCGCCATCTCCTCGGCCGTGGGCGGCGTGTTGCGCTCGGCGTGCTTGTAGATCGACAGGAATCGCATGGCGTGGGTCCTCGCGGTCAGCGGTTCGTGGGCTGCTGCGACTCGATCTGCGCGCGGAGCCGCTCTTCCTGCTCGCGCAGCTCGGGCGTGAATTCGGCGCCGAAGTCCTCGGCCTCGAACACGGGGCGGATCTCGAGCTCCGCCTCGGTCCCCGGCATCGGGTTCGGGCAGCGCTTCGCCCACTCGATCGCCTCCGCCATCGACCGCACCTGCCACAGCCAGAAGCCGGCGACGAGCTCCTTCGTCTCGGCGAACGGCCCGTCGATCACCGTGCGCTCGCCGCTG
NZ_CP007128.1_gap32	1427309	1428248	939	TTCCCCGATCATCCCGATCTCGGTCTCCAGCCGCTGCCCGAACTTCTCCTCGACCGCTCGCTGGGCGATCGCGATCAGCTCGCGCACATCGGTCGCCGTGGCCGTGCCGGCGCGGTTCACGATGATGTTCGCGTGCATCGGCGAGATCTGGGCGCCGCCGTGGCGGAAGCCCTTCAGGCCGGCCTGGTCGATGAGCCGCCCGGCGCCGACGCCCTCGATCTTCTTGAAGATCGATCCCGCGCTCGGGTGGACCTGCAGCCATGGATGCCGCGCGCCGCGCCACGACAGGTTCTCGTGGAGGATGCGGTTCATCCGGTCGGGGTCGCCCCGCTCGAGGCGGAACGTCGCGGTCAGCACGATGTCGCGCCGGTGATGGAACACGGTGTCGTCGTAGCCGAACTGCACGTAGTCCGCGTCGACCGTCTTCCGCTCGTTCTCCTCGCTGAGGATGTCGCACCGCTCGAACACCTCGGCGATGAACATCGTCCGCTCGCGCTCGGGCGCCGGCGACAGGAAGTGCAGGTTCTGCCAGACCGCCCCGCCAACGGTGCTCGGGATCCCGATGTAATGTTCGAGCCCGCTCCACCCGCGCTCGACCGCCTCGAGGATGAGGTCCTGCATGACGGCGCCGCTCTCCGTCCAGAGCTCGCACGTGGTCTTCGCGGCATCGGGAAGGAAGCGGTGGCGGCGGGCGACGTTGTGGATGACGAGGCCGCGGTACCCCTTGTCGCCGACCAGGATGTTGGCGCCGAGTCCGAGGACGAAGTACGGGACCTGCAATGCCCGGGCGGCGAGGACCGCGTCCGCCAGCTCGTCGGCGGTGGTGACGTCGACGAACGCGTCCGCCGGACCCCCGATCCTGAAGGTGGTGTATTGCGCGAGCGGCTCGGCTCGGCGGATGCGTCCGCCGAGGGCGGGCCCGAGGCGTACGACCAGCTC
NZ_CP007128.1_gap33	1429343	1432989	3646	ACGGTCCCATCTCGATCAGCGGCCAGACGAGCCCCGACAAGCTGCGCCGCGCGCTCGCCGCGCTCTACGACGAGATCGCGAAGACGGACGACCCCGGATACTTCTCGGCCGATGAGCTGAAGCGCGTGAAGGCGCAGCGCGCGGTGGAGAGCGCGTTCGGCGCGGAGCGCACGAGCGGGCTGACGCACACCGTCGGCTTCTGGTGGGCGGTGGCGGATCTCGACTACTTCATGGGGTACGTGGACAACATGGCGATGCAGACGCCGGAGGATCTGCGCCGGTACGCGGCGCGCTACATCGTCGGCAAGCCGCGCATCGCCGGCGTGCTCCTGTCGCCGCAGGCGCGCGCGTCGTTAGGCCTGAAGGAGACGGACCTCGTGGGGCCGGCCTCCACGTCGAGGACGACGCCGTGACGCGCCATCTACTCGCCGCCCTCATCGCGCTGACGGGCTCCGTCGCGCACGCGCAGCGAGCGTGGAGCGTGGAGCGTGGAGCGTGGCAGGTTCGCGAAAGCGCTCCACGCTCCACGCTCCACGCTCCACGCTCGGCCGTCGCGGCCGATACGAGCACGCAGTCGTTCGACGTCGGCGGCGTGAACGTCATCCTCCGCCGCGTCACGGCGAACGACGTCGTCGCGGCGAACCTCTATCTGTTAGGCGGCACGCGGCTCGTCGGGTTCGACAAGGCGGGGATCGAGCCGTTCCTGCTGCTGGCGAGCGAGCGCGGGACGACGGGCTATCCGCGCGACCTGCTGCGCCGCCGCATGGCGGAGCTCGGGACGCAGGTGGGGCCCTCGGCGGACCAGGACTGGACCACGTTCGCGCTCCGCGCCACGGGCGAGACGTTCGATTCCACGTGGGCGATCTTCGCCGACCGCGTCATGCGCCCGACGCTCGACTCGGGCGAGGTGGAGCTCGTGCGGTCGCAGCTGCTGAACGGCGTTAGGCAGCGCCGCGACGACCCCGACGCGCTGCTCGAGTACCTCGCCGACTCGGTCGCGTACGCCGGCCACCCGTACGGCGTGGAGCCGAACGGCACCGAGCAGTCCATCGCGCGCATCACGCTCGCCGACCTGCGCCAGTTCCAGCGCGAGCGCATGGTGACGTCGCGCATGCTGCTCGTCGTCGTCGGCAACGTCAGTCGGCCGCAGGTGGAGCGGCTCGTCGGCGCGACGCTCGCGAAGCTGCCGCGCGGCGACTTCCGGTGGGCGCCGCCGCCGCCGCCCGCGGCGTTCACGCCGACGCTCGTCACCGAGACGCGCTCGCTGCCGACGAACTACATCCTCGGCTACTACGCCGGGCCGCCGGCCACGGGACGCGACTACCACGCGCTGCGCATCGCGACGGCGGTGCTCACCGGTCGGTTGTTCAGCGAGATCCGCGCGAAGCGCAACCTCACCTACGCCGTGGACGCGCCGTTCATCGACCGCGCGCAGACGGCGGGCGGGCTCTACGTCACGACGGTGGATCCGAACACGACGCTGCGCGTGATGCGCCAGCAGATCGCGGAGCTGCAGAACGGCTGGGTCACGCCGCGCGGGCTCGAGCAGGTCGTGCAGCAGTTCATCACCGAGTACTTCCTGAAGAACGAGACGAACGCCGACCAGGCGAACCAGCTCGCGCGCGCCCAGCTCTACCAGGGCGACTGGCGCCACGCCGTGCAGTTCGCCGACGAGCTGCGCCAGGTCACCCCCGACGACGTGCGCCGAGTGCTGCGCACGTACATCAAGAACGTGCGGTTCGTGTACGTGGGGGATCCCAGCAAGCTGGATCGCAGCGTCGTCGCGGGCTTCTGAGTCGGGGTCGTCTTCTGCTCGGCCCGCCGGCGGGTAGATTCGTGCCCGCCGCCGGGCGGCCGCCCCACGGAGGGACGGGGCGCCCGCGGACGACGACCCACGCGGAGCTCCGACCGTGTCCATCGACAAGAAGTGGCAGGCCACCGTCGACGGCGGCATCACCGACGCCGCGTGGGACGAGTACGACCAGACCATCCAGAGCGCGGTCGCCACGTACAACCAGAAGTTCGCCGGCACGGCCCAGTTCCAGGCGGTCGACTGGCGGTGGGTCAAGGCCATGCTCTGGACCGAGAGCGGCGGCCCGACGAACGAGTCGTGGAAGACCCGCCCACTGCAGATCGGCAACGCCGGCGACCCTGCGTTCCGGGTGCTGCAGACCGGCGCCGAAGGGTCGACGGAGGTCATGGAGGCCGATCTGTTCCAGGCCCTGAAGGCCGGGCGGATCAACGAGCCCGCGATCAACGTCCGCGCGGCCGTCGCGTACCTCTTCACCCGCCTCGCCAAGTTCGCCGAGCAGTCCGTGCTCGATCCCACCGACAAGACGGTGCGCGAGTACACCGTCGCCCCCGGCGACACGCTGTGGTCGATCGCGCGCCGGCTGGGCACGACCCAGGAGGAGCTGCAGGACAGCAACCCGGCGGCGCGCGGCGGCATCAAGCCCAAGCAGGTGCTCAAGTACCGCAAGGCGGCCAAGAAGCTCGTGATCGTCGGCTGGCGCCCCGCGACCGCGGGAGAGATCGCGGCGCGCTACAACGGCGGCGGCGACGCCGCGTACGCCGAGAAGCTGACGTACGTCAAGGACGAGCTCTTCCCCAAGCTGGTGCGCAAGAACGCCGCGGTCGTACCGTGATGCCGTTAGGCAGCGGGCGGCGCCTCGCGGCCGTGCTCGTCGCCGCGTCCGCGGCGTGCGCCGCGTGCACCGGCGGCTCGAGGACGCCGGCCGGCGCCGGCGAGCCCGGAGCGGGCGACCGGGCAGCGCTGCACGACGCGCTGCGCGCGGCGGGCGTGCTCGACTCCGCGCGGCAGCTCGTGCATCTCACCCACGTCTGCGACCTCGTGATCGGCGGCGCACGCTACCCGGTCGCCGACGTGATGGAGCTCGTGCGCGGCGCCACGACGCCGCGCGGCGTCAACCGGATCGTGGTGCTCGACGGCGCGCGGCGACCGGTACGGACCGTCGCGTACACGACGGAGCGACCGCTGTACTGCGTCGGCGACCGGCTCGTGGTGTACGGCGACCTCGCCGTCGACGGGGTCGAGCCGTCGGGCAACGTGCTCCGGTTCGCCGACGCGGGGCGGTCGGTCACCGTCGAGCACGTGGATCCGAACGCGCTGCCGGGCTCCGCGTTCTGACCGTCCGGACCAGGCGCGACCTCCGGCGGCCCCGCGACGCGAGCGCACGCGTCCTGCACTAAGGCACCCTCCCAAACGACGTACACGCGGAGGCTGCATGCGCTCTCGACAGAATACAGTCCCTCATCCGGTGCCGGGCGACGCGGCGGGGCGGGCGACGCGCCGGGCGCCGGCCCGCGGTCGCGGCGGACGCCGACGGACCCGGGCGGTCGATCTCGTCCCGCACCCGCCGCTGCTGCACGGCTCGCCGGAGGCGCTCTACCGGGCCGAGAAGGCACGCCGCGCGCACGCCCCCGACGACGCGGTCATGATCGAGGCGAAGCGCCTTTACGACGAGGCCATCGCCGAGACGGGGAAGAAGCGCGCCGGCATGCGGAGCGCCGTCGTCCCACCGTCGCAGCGCCGCGGCGCCACGGCCGCCGAACCGGCCGGCGAGGGCTGACCGGAGCGCGGGCAGCACCGACGACGTCGTCGGTGCTGCCGTCAGCGCTGCCGTCA
NZ_CP007128.1_gap34	1524229	1528206	3977	TCCAAGTCGACGTTCAACCAGGCGTTCAAGAAGCTCACCGGGCAGACGCCGTCCGCCTACCGCAAGGTGCTGGAGGCGCGTCCTTCGCTCCGCTCGGGCTGACCGTCACCCCCAGCGCGGCGAAGTGGTCCGATCCGATCGGCCCGGACGACCCGGACGGCCCGCGGGCCGAGCTTCACCCCCGTCGCAGTCACTCGACTCACCCACGGGGGTTACCCATATGAAGCGCCATCACCTCATCGCACGCGCGGCGGTCATCTCCATCGCGTTCGCCGTCGTCCACACCCCGGCCGCCGCGCAGGAGCAGCTCCACGGCAGCGGCCACGACGACGGCCGGCCCCACCTGCACGGCAACGGGAGGTGGAAGGAGTGCTCGATCCAGCTGGACCCGTCGCTCACCCAGGGCGCGTGGCGCCAGTTCACGAAGGAAGCCGGGCTGGTCGCCTACTTCCGGCCGCTCGCCGACGCCGAGCCACTCGGCAGGGGACGGTTCGAGGTCTCGGCGGTGCAGTGGGACACCGGGATCGACGACGCGGACGACGCCTGGAACGACACGTTCGTGCACCCGGACTCGACGCACTACCTCACCGAGGGGAAAGGGCTGAAGTTCCCCGGCCTCATGGGCCGCGTCGGGGTGTCGGCGAACACGGACGTCGGCGTGTACTTCACGAAGAACCCGAACGCGAACTACGGCTTCTACGGCGCTCAGGTGCAGCGCCGCCTCCTCGGAGGGGCCGACCGGCGCTGGGCCGCCTCCGCGCGGGGGAGCTTCGTGTCGCTGTACGGGCCGGCCGACGCGAACCTCACGGTGTACGGGATGGACCTGGTCGCGAGCCGGAAGCTCACGCTGACGCGATGGGTCGCGGTCTCGCCGTACGTCGGCGTCTCCGGCTACGTGTCGACGTCGCACGAGAAGTCGGCGGTCGTGGCGCTGTCGGACGAGCACGTGGGCGGCGGCCAGGCGATGGCGGGCGCGGTGCTGCAGCTGTCGAAGGCGCGGATCGCGGCGGAGTACAACGCGGCGACGGTGCGGACCATCTCGCTCAAGGTGGCCATCGGGCGGTAGCCGCGCGGGCAGACCTCACCCTCGCTGCCGCGTGTAGTGCAGTCCCACGACCCCGCTCGGATACGGCCTCGCCGACACCAGCCCGAACGTCGCGTGCACGCCCTCCGGCAGCAGACGCTTGCCGCCGCCGAGCATGAGCGGGTACAGGAGCAGGTGCAGCTCGTCGACGAGATCGTGCGCGAGCAGCGCGTGGACGAGCTGACTGCTCCCGTCGGTGAGGATGTTCTTTCCCGGCTCCGCCTTCAACGCGCGCACCGCGTCCATCGGGTCGTCGCGGATGATCGTCGTGTTGCGCCACGTCGGCTGCTGCAGCGTGCGCGACACGACGTACTTCCGCGGCGCGTTCATCATGTCGCCGAACGGGTCGCCGGCGGGCATCGGCTCGAACGCGGCGGCGTGCGTCTCGTACGTGCGGCGGCCGAGCAGCAGGGCGTCGCAGTCGGCCATGAGCGCGCCGAAGCTCCGGCCGATGTCGTCGTGCCAGTACGGCCACGTCCAGCCGCCGTGCTCGAACCCGCCGTCGCGATCCTCGTCCTTCCCGCCTGGCGCCTGCATCACGCCGTCCAGCGACACGAACTCCGACACGATGAGCTTGCGCATGCGGTCTCTCCGGTGATGGTCGTGCGTCGTCGGGGCTCCCCTCCGTCCACACGACGAACGAGCGGACTCTGGTTCGACACGCGCCGCGACGACAAGATATCCCGGTGACCAACGCACCCCGCCGGTTCACCGGCACGCTCACCGAGTCCGGCAGCCGCGCGTTCGTCGAGCTCCCGTTCGACCCCGACGACGCGTGGGGCCCGAAGGACCGGCACTACGTCGCCGGCCACGTCGGCGGCCGTCGCTTCCGCGGCGTGCTCGATCGCACCGCGCTCGGCTTCGTGCTGCCGTTAGGCCCGGCGTGGCGCCGCGACAACGGCATCGTGCCCGGCGCGACGATCGACGTCGAGCTCGTGCCGGAGGGGCCGCTCGTGGAATCGCTCGACGCCGACATCGCGACGGCGCTCGACGCGGCGCCGAAGGCGGGGTCGCTGTTCCGCTCCATCGCGCCGTTCTACCGCAAGAACTTCGTGCGGTGGATCACGAGCGCGAAGCGTCCCGAGACGCGCTCCGCGCGCATCGCGGAGATGGTGAACCTGCTCGCCACGGGGAAGATCGAGCGATGAGCCGACCGACGACCGGAGCGATTGCCATGGAGAAGCCGCCCCGCGACACGCGCGCGCCGCTGGCCACGTACCTCGCCCTCACGTTCGGCCTCAGCGCCGTCTTCTGGTGGCTCATCATCGCCGCCGGATCGTTAGGCGCCCAGGGCGGGCTGTACGTCCTCGCGCTCATGTGGTGCCCGGGCGTGAGCGCGCTCGTCACGCGGCTCGCGTTCCAGCGCGACGTGCGCGGCGAGGGCTGGGGATGGGGCGGCACGCGGTGGAACGTGCTGGCGTACCTGCTGCCGCTGGCGTACGCGGGCGTCGCGTACGGCCTCGTGTGGCTCACGGGGCAGGGCGCGGTCGACCTCACGCGGTTCAAGACCCCGGTCGTGCTGTTCGTCGTCGTCGGCTCGCTGCAGAGCCTCCTCTCGGCCACGGGCGAGGAGCTCGGGTGGCGCGGGTTCCTGGTGCCGACGCTCGCGCGCACGCAGACGTTCGGGCGCACGGCGGTCGTGAGCGGCGCGATCTGGGCGGCGTGGCACATGCCGCTCATCTTCTTCGCCGACTACAACGGCGGCACGCCCACGTGGTACTCGGCGCTCTGGTTCGCGGTGATGGTCGTGTCGCTCGGCGTGCCGTTCGCGTGGCTGCGGCTGCGCTCGGGGAGCGTGTGGCCGGCGGCGATCCTGCACGCGTCGCACAACCTGTTCGTGCAGGGCTTCTTCGACCGCGTGACGGTGGACACCGGACACACGCGGTGGCTCACGACGGAGTTCGGGGCGGCGCTCGCGCTCGCGGTGGTGGCGACGTCGTGGATCTTCTGGCGCGCGCGCGACGCGCTCCCCGGACACGACACGGTGCGCGCGGTGCGCGCGGCCGAGCCGCGGCGCGTGGAGCCGGTGCCGTCGGCGTGAGCAGCGACGTGAGCAGCGACGTGAGCAGCGACGTGAGCACCGGCGTGCCGCGCGCCCGTCTTCGAGCGGCCATCGCCGCCGCGGCGCTCGTCGCGTCGCCGCTGGCCGCGCAGACCGCGCGCACCGCACACGCCGCGCGCACCGCGCCCGTGATCGACATGCACATGCACGCGCGTACGGCGGCGCACTACGGCGCGAGGGGGATGCCGCTCTGCGCGCCGGTCGAGCGCATGCCGTGGTGCGGCGGCCCTGCGAAGCCGAACACCGGATCGCCCGCGTTCCGCGCCCTTCTGGCGGACGCCCAGAAAGCCGTCATCGCGCAGACGCCGCCGTGGGCGGCGGCGATCGACTCCCTCATGGCGGGCGAGCTCGCCCGCGCGCGCGCGCCGGGGGCGCAGATCGCCGTCGTGGAGCGCGGACGCCTCGCGTACGCGAAGGGCTACGGCGTCGCCGACGTCGAGACGGGGCGGCCCGTCACCGATCGCACGCTGTTCCTCACCGGCTCGGTGACGAAGCTCGTCACCGCGACGCTGCTCGCGCAGCTCGCGGCGTCGGGCGTCGTCGACCTGCACGCGCCGGTGTCGCGCTACGTCCCGGAGCTGGCGGGGCGGCGCACCGGGGCGGTGACCACGCACCACCTCCTCACGCACTCGTCCGGCTGGAGCGACGCCGGCACCCCGTTCGGCCGCCTCGACGAGACGGCGTTAGGCGACGTGTTCCGCGCCGTCGGTGACACGATCGTGGCGACCGACCCGGGACGGGTGGCGTCGTACTGCAACCCCTGCTTCTCGATGGCCGGCTACGTGGCCGAGCGCGCCACCGGGCGGCGGTACGCGGATCTCGTCGACAGCG
NZ_CP007128.1_gap35	1543140	1544867	1727	CGCCTGCTCCGGCGGCAGCGGCGTGCCGTCGAGCGGCCGGTTGCGCAGCACGTGGAAGTTGTCGTGGCAGTGGAACAGCCAGTTCCCCGCGCGCTCCGGCACCCAGCGCATGGTGAACGTGCGCCCGGGCGGCAGCCGCTCGGTCACGGCGAGGTGCGGCGAGCCCGCGGCGTCGTAGGTGCTGTCGCGCGTGCCGTCGCCGCGGCTCTCGACGTCGAAGTAGAAGCCGTGGAGGTGCATCGGATGCACCGCGGCGGACAGGTTCACGAGCCGGAAGCGCACCGTGTCGCCCTCGGTGTACGCGAGCCGCTCGGTGTTCGGCCACGACCGGCCGTTGATCGCGAAGCGCAGCACGTCGGACCGTCCGGTGATGCCCGCCGCGTCCGCGTCCTGCTGCCACAGCGTGATGACGAGCACGCGGTCGGCCGCCGGCGCGGTCCCGCGCGGGTCGACGACGAACGCGCCGCCGAGCTGCGAGTCGGCGCCCGATCGGCCGCCGATCGTGGGCGAGCTCGTCGCGGCCCAGTAGCGATACGTCCCCGGTGCGCCCGCGACGAACCGCGCCTCGCGCGTCTCGCCGGGGCCGACCCGCATCGTGTCCGCCGGGCCTAACGGCACGCCGCGCGTCGACAGGCCGTGCACGACGATGGCCGCGTCGAGCGCGTTGTGCACGAGCGCGCGGATCTCCGTCCCCTCCGGCACGCGCAGCAGCGGTCCCGGCACGCTGGCCGGCTTTCCCGCCTCGGCGAACACCCGCACGGCGATCCCCGGCGCGTCGTCGCCGTCGGGGCGCCACTCGATCGCGCGCGCCTCCAGGTTGACCGTCAGCACGCCCGAGCGCAGCGTGCCCGCGCTCGCGCGGTTGTCGTTCGGCGTCGCGCGCTCGGTCGGCGCGGCGGGGCGGAGGAGCGCGAGCGCGAGCAGCGCGGGGAACAGGCGCGGCATGGCAACCGGTCCGTGTGGAGGGCGCTCCATTATGGGGCCCGCGGGCGATCGTCGCGAGCGGCCCGGGCCGCGGTGTAAGTTCTCCGGCCTCACCGAGTGGAGCCGCCGATGACGACGCTCATCCAGCCCGACGCGCTGAAGGGGCCGGAGCCGTGGCCCTGGTCGCCCGGCGCGGGCGTCGACGTGTGGGCGATGTTCGTCGCCTGCATGCGCGGCGATCTCGACGCCGTACGCGCGCTGGTCGCGAGGGACCCGTCGCTCGTCCGCGCGCACTACGAGTACCGCACGCCGCTGTCGTTCGCCGTGCGCGAGAACCGCCTCGAGGTCGCGGCGTATCTCCTCGACCACGGTGCGAATCAGATCCTGCTCGGCGACGCGCTGGAGATGGCGCGCGACCGCGGCTACACGGAGATGGCCGCGCTGCTCGAGCGCGATCTGGCGCGGCACGGCGCCGATGCGAGGGGCGAGGCCGTCGCGGCCGCGATCCGGGCGTACGACCGGGCGGAGGTGCGACGGCTCCTCGACGCGTCGCCGGAGCTGCTGCACGCCGGTGATGGACGCGGCAACCAGCCGATCCACTGGGCGGTGATGACGCGCCAGCTCGACCTGATCGACGAGCTGCTCGCGCGCGGCGCCGACGTCGACGCGGCACGCACGGACCACGCGCGGCCGATCCAGCTCACGAACGGCGACTACTTCCATCGTGGGTGGCGCGACGTGCCGGATCACGTCACCACGACGCCCGACGACGTCTATCGCCATCTCGTCGCCCGCGGCGCGAC
NZ_CP007128.1_gap36	1558831	1561582	2751	CCTCGCGTCGAAGACGAGGAGCACCCTCGCCGGCGACGCCGCGGCCACGCCGGCCGGCCCCCCGCCGTTCCTCGGTCGCGGGGGCGGGGAGCCGATGCGCGGCTGCGGCGGCGCGATGCTCCCGCCGCCCGAGCGGGGGCGCCAGCGCCCGGTCGCCGCCTCGCCGGACGGCAAGCTCCTCGCCCACTACCGCGACCGCAACGTCTACGTCTGCGACGCGGCCGGCGCGAACGAGGTCGCGGTCACGACCGACGGCAGCGAGAAGACGCGCACCAAGTACGGCACCGCGTCGTGGGTCTACGGCGAGGAGCTCGGCCAGACCACGGCGATGTGGTGGAGCCCGTCGGGCGACCGGCTCGCGTACTTCCGGTTCGACGAGAGCCAGGTCCCCGACTTCTACATCACGCAGAACGAGACGAAGCTCCAGACGACGCTCGACGTCGAGGCGTACCCGAAGCCCGGCGTGCCGAACCCCGTCGTCGAGCTGTACGTGTACGACGTCGCCACGAAGCAGAGCCGCAAGATCGACGTGCGCGACGGCAAGCCGTTCACGAACGACGTCGTCGGCCACTACGTGTACGACGTGCGCTGGGCGCCTAACGGAAAGGATCTGCTCATCCACCGCACGAACCGCCGCCAGAACGTTCTCGAGCTCGCGGCCTGCTCCGCGGCGACCGGCGCGTGCCGCGCGATCATCCACGAGGAGTGGCCCACCGGGTGGCTCGAGAACCATCCCACGATGCGCTTCCTCGCCGACAGCAACCGGTTCATCTGGGAGTCGGAGCGCACCGGCTTCAAGAACTACTATCTGTACGATCTCGACGGCCGCCTGCTGAAGACGCTCACGCGCAACCCGTTCGAGGCCGCGGGCATCGTGCGCGTCGACGAGCGCGCGAACGCGCTCTGGTACCTCGCGCGCGACGGCGACAACTACCTGAAGACGCAGCTCCATCGCGTGAGGCTCGACGGCACCGGCGACCGCCGCCTCACCGATGCTGCCTTCGCGCACCAGGTCGACGTGTCGCCCGACGGCAGGTTCTTCGTCGACGTCGCGCAGACGCACGACCGGGCGCCGGTGTCGCGCCTCGTCGATGCCGCGTCCGGGAAGGCCGTCGCCGAGCTGGCGACGAGCGACGTATCGCAGATGGAGCAGCGCGGCATCCGCAAGGCGGAGCTGTACAGCTACCTCGCCGCCGACGGCAAGACGACGCTCTACGGCGAGATCTGGTTCCCGTCGAACTTCGATCCGTCGAAGCAGTACCCGGTGCTCACCGCGGTCTACGGCGGCCCGGAGTCGGGGAGCAACGTGCCCACCGAGACGTTCAGCGCCGGCAACCCGCTCACCGAGTACGGCTTCATCGTCGTCTCGCTGTCGTCGCGCGCCGCACCGGGGCTCGGCCGCCGCGCGCTCGACGCGATCTACATGAAGCTCGGCCAGACCGAGATCGACGACATGGCCGAGGGGATCAAGGCGCTCTACGGCCGCCCGTACGTCGACCGCAACCGCGTCGGCATCTACGGCACGTCGTACGGCGGCTACTCGGCGGTGATGTCGATCCTCCGCCACCCCGACGTGTTCGCCGTCGCCTCGTCGGAGTCGCCGCCGACCGACTGGCGCAACTACGACACGATCTACACCGAGCGGTACATGTGGATCCCGCAGGAGAACGCCGAGGGCTACGACAAGGGCGCGGCGATGACGTACGTGAAGAACCTGCGCGGTCGGCTCATGCTCTACTTCGGCACGCTCGACAACAACGTCCACACGAACAACACCATGCAGCTCGTGCGCGCGCTGCAGGCCGCCGGCAAGAGCTTCGAGCTGCAGGCCGGGCCGGACCTCGGCCACAGCAGCCTGAACGCGAACCGCCGCATGGAGTTCCTCGTCGAGAACCTGATCCAGCGCCCCGAGCGCATCCGCCAGGGCTACGATCGGGCGACGCCGTAGTCGTTAGGCATCTCCCGTGGCGCCGAACGTCGTCGTGCTCATGGGTCCGGCCGGCGCCGGCAAGACGACCGTGGGCGAGCGGCTGGCCGAGTCGTTGGGCTGGCCGTTCGCCGACGCCGACGCGTTCCATCCCGCGTCGAACGTCGAGAAGATGCGGCGGGGCGAGGGGCTCACCGACGCCGACCGCGCGCCGTGGCTCGCCGCGCTGCGCGAGGCCGTGCGCGCCACGCTCGCCCGCGGCGACCATCTCGTGCTCGCCTGCTCGGCGCTGCGCCGCAGCTACCGCGAGGCGCTCGTGCCGCCCGACGCGCCGAGCGGCGCCGTGCGCTTCGCGTATCTGCACGTGAGCCGCGCCGAGCTCGCGCGGCGGCTCGCCACGCGCGTCGGCCACTACGCGCCCCCATCGCTGCTCGACAGCCAGCTCGCGACGCTCGAGGAGCCGGCGCCGGAGGAGGGGATCGCCTGGATCGACGGCGAGCGTCCGGTGCCCGACGTCGTGGCCGCGCTGGTCGCCCTCTTGCGCGGATGATACGCTTGTATCATCGTGGGGGCCCCGCACCCGCGCTCGATGCCGCCCACGCAAGCGCACACGCTCGTCCTCACGCGCGCCGACGTCGTCGCCCTGCTCGACCTCGACGCGTGCATCGACGCCGTCGAGGACGCGTTCCGCGCCCACGCCGCGGGTTACGTGCTGCCGGCCGGTGTGCTCGGGACGCGCGCCGCCGAGGGCGGCTTCCACGTGAAGGTCGCCGGGCTGCGGCGCGGGCGGCCGTACTACGCCGCGAAGGTGAACGCGAACTTCC
NZ_CP007128.1_gap37	1639372	1642249	2877	CGCCGGCGGCGGCGGCGAGCAGCAGCGTCGTGCCGAGCGTGAGGCGCGGACGAGTCATGGCCGCCTCCCATGGATGGGGCCGGGGCGCCCAATGTTCCGCTCCCCGTCGTGCAGGTCAATGCCCGCGCGCTTGCACTCCGTGACGGCCGCGCCATCATTGGCCACGCGCGATGACGAATCGGCGCCTCACCGTCTTTCCGGGACTGTGAGCCTCCCATCCATGGAGCACCTGCCGCCCGACGGCGCGATCGAGGAGAGCGCGCGACCGACCTGGCCGCGCCTCGCCGGTCCCGAGCGCCCTGCGCCCGCCGCCGACCCGGTCGCCGACGCGGTCGCCGACGCGGTCGCCGACGCGGACGCCGCGCGCCACGTGCGCGGGCGGCCGCTCGGCGAGCTGCTCCTGCTGATGCAGTCGACGCGCGCGGCGATGCGCGAGGCGGCGTGGGCGGAGTGCTACCGGCGCTATCACGAGGTCGTGTGGACGCGCGTGTTCTACGTCATCCGCTCCATCTCGTGGCTCCCCGAGCCGCGCGAGGTGGCGGCCGACGTGGCGAGCGACGTGTTCGTCGGCCTGCCCGACGCGGCGCGGCACTACCGCGAGCAGGGGCGCGCCGAGTGGTGGCTGAAGCAGGTCGCGGTGCGCACGGCGCTGCGACGCAAGGCCGCGCTCACCGGGCGATGGGCGTCCGACGCCGCCGGCCGCCGCTCCGTGTCGCTCGACGACGCGGCCGACGAGGTCGTGCAGGAGCTGGACGCCGTGGAGCCCGAGGAGCTGATGGAGCTCGAGCGCCGCCTGGAGCTCCTGCGCGCCAGCCCCGAGCCGACGAAGCGCCGGTGGGCGGAGTTCATCGCGCTGTACGTGGACGGCTGCAGCTTCCAGGAGATCGGCGCGCGGCTCGGCCTCTCCGACGGCACCGTCCGCAACTGGCTGTGCCAGATCCGGAAGTTCCTCGCCCAGCCGCTGACCGCGGAGTGATGCAGATGCCCGACCGGCTCCCCCCGTCCACCGGCGATTCGCACCCGATGCCCGACGACGAGACGCCGACCCGCGTCGATGCCGCGCTGTCGCTCGCGAGCCGGCCGCCCGCGGATCTGCTGGCGCGCATCCAGGCGCGTCGACGGGCCGGCGACCAGGTGGAACTGCCCGTCGTCGACGACGAGACCGAGACGCCGGCCGATGCGCACCTGCGCGCGGCGCTCAGCCTCATGAGCCGCCCGCCGGACGACGTGCTCGGGCGCGCCGCCGCGCGCCGTGCCGCGGGCGAGCGCGTGCTGCTGCCCACGGTGCCCGCGCCGCGCCGCCGCTGGCGCTGGATCGCCGGCCCGCTCGGCGTCGCCGCGGTCGCGCTGCTCACGGTACGCGTCGCCCGCGACCCCGCCATCGACCGGTCCGCCGCGCAGCAGCGTCGGGCCGACGTGGCGTCCCCGAGCCTCCCGCCGTCAGGCATCCCGAAGTCGAACGTCCCGCCGTCGATCGTCCCGCCGTCCGTCGTCCCGCCGTCGATCGTCCCGCCGTCCGTCGTCCCGCGTCCGGCCCGCTCCCGCGCCGTCACGCTGCCCGTCGACTCGGCCGCCGCCGACTCGTCCACCGTCGCCGTCGCGCTCGACTCGACGGAGACGCAGCTCGTCGACTCCATCGCGCGCGCGCTGCGGGGCGACGATGCGCTGCGCGTCGAGATCCGATACACGGATCCATCGTTCCGTCGCACGTCGTCGTCGTGGAGGCTGCTGCAGCTCGCGAAGGACCGCCTGCTCGCGGCCGGTGTGGCCGAGGAGCGCATCCGTGCCGTGCGCGTGCCGGCGACGCGCGGCCCGATCGAGGTGGTGACCCGCACGCGTTAGGCAGCCGGCGGAGGACACCCCCAATGTCAGCCCTCGCGACGTTCGTCCTGCTCGGCGGCGCGCTCTCCCTCCGCGCGCCTAACGTTGCGCCTGACGTCGCGCAGCCCGCGCCCGAGGGCGCGGAGACGCTCGCCGCGCGCGCCGACAGCGCCGCGCGGCGCCAGACCGAAGCCGGGCTGCGCGACGCGATCGCGCTCTGGGACCGCGCGGCGGCGCTGTATCTCGTCGCCGGTCGGCGCGCCGACGAAGGACAGATGCTCCACAACGTGGGGCGCACCCTCGGCAACCTGGGGCGCCCCGACTCCGCGCTGCTCTACTTCCAGCGGGCGCTCGACGCGCGCCGCGCGGCGGGCGACCGGCGCGGCGAGGGCGCGACGTTGGGCGCGCTCGGCACCGCGTACCAGCGCCTCCGCCGCGCCGACTCGGCGCTGAGCTACTACCGGCAGGCGCTCGTCGTCCAGCGCGAGACGCGCGACCGTCCGGCGGAGGCCACGACGCTCGCCAACGTCGGCCGGCTGTACGAAGGGCTCGCGCTCCCCGACTCCGCGCTCCGCTACTACCGGCAGGCGCTCCCGATCCAGCGCGAGGCCGGCAACAAGCAGGGCGAGGGACGCACGCTCATCAACCTCGGCACGGTCTACCGCGTGCTCGGAAGACTCGACTCCGCGGTGAGCTACTACCGCCGCGCGCTTCCCATCGCGCGCGAGGCGCGCGATCGGCCCGCCGAAGGCTCGGCGCTCGCGAACGTCGGCGCGTTCTGGGCCGACGCGGGACGCCCCGACTCGGCGCTCGCGTACTACCGCGCGGCGCTTCCCATCACGCAGCAGGTGGGCGATCGCTCGGCGGAGGGCGCCACGCTCGCGAACGTGGGGCGCTCGTTCCAGGACCTCGCGCGCCCGGACTCCGCGCTGAGCTACTACCGGCTCGCGCTCGCGCTGCAGCACGACGTCGGCGACGCGACGGGCGAGGGAACGACGCTGAACAACGTCGGCGCGATCTACGCGGACCTCGACCAGGGCGACTCGGCGCTGGGCT
NZ_CP007128.1_gap38	1786007	1790366	4359	ACGCGTGCGCCGCCGGGGCCGCCGGTCACGAACCACGCCGCGCCGCGCGGACCCGCGGTGAGCGCCGCGCCGCCGGCGGCGTACGCGCCCTCGCCCTCCCGCGCCGCCGGGACCTCGACGGCGCGGCGCCACGTCCGGCCCCCGTCGTCGGTCGCCACGACGTGCATCCGGCCGCCGACCGGGTCGCTCAGCGCGAGGGCGTGCGCGGCGTCCCCCGCCCAGAGCGCGAGCGCGTCGAAGAACGCGCCCCTCGTCGTGTCGGCAAGGACGAGCGTCCACGTCGCGCCGCCGTCGGTCGTGCGATAGATGCGCGCCTGCCCCGCCGCGCCGTCGCCGGCGCTCGCGACGAACGCGGTGCGCTCGTCGGTCGCGCGGATGGAGCGGAAGTCGAGCGAGTCCGCGCCGGGGACCGGACGCCGCTCCCACGTCGCGCCGCCGTCGAGCGTGCGCAGCACCGTGTTGCGCGCCCCGCTCGCCCATGCCACGCGCGCGCTCACCGCGCTCACGCCGCGCAGCGACGTGGTCACGCCGCTCGACTGCTCGTCCCAGCCCGCGGCCGGGGAGAGCGGCGCGTTCACGCGCGTGCAGGCGGCGAGGAGGACGAGCGCGGCGAGCGGGCGGGCGGTGTTAGGCATGATGGAAAGTACTCGAAGGGCGGATGGTTCACGGTGGGCGCATGCCGTCGCGCGCGGCTATCTTCCGTCGAGCCTCCTCCCTCGTCAACGATGCCACGTCTGCGCACCGTCACGCTGCTCGCCACGCTCGTCGCGGCCCCACTCCACTCGCAGCCCGTGCGGAAGGACGCGGCGTCCGACGGGGTCGTGCCGGGGATCGAGGTACTCCTCCGCGACTCGCTGCACCTCGTGCGCGGCAAGCGCGTGGGGCTCGTCACGAACCACTCGGGGCGCGACCGGAGCGGCACGAGCACGATCGACCGGCTCGCCCACACGCCCGGCGTGACGCTCACCGCGCTGTTCGCGCTGGAGCACGGCATCCGCGGCGCGATCGAGGCCGGCGGGAACGTGTCGTCGACGCGCGACTCGGCCACCGGCGTCCCGATCTACTCGCTGTACGGCGCGTCGCACGTGCCGACGGCGGAGATGCTGCGCGACGTCGACGTCATCCTGTACGACATCCAGGACGTCGGCGCGCGCGTCTACACGTACCAGTGGGGGATGGCGATCGCCGCCGACTCGGCCGACAAGCCGTTCATCGTGCTCGACCGGCCCGACCCGGTGCGCGCCGATCTGGTGCAGGGCGGCGTGCTCGATCCGAAGTTCCGCTCGTACGTCGGCGCGTATCCGGTGGCGCTGCGCTACGGGCTCACGCCCGGGGAGCTTCTCCGCTATCTGAACGGCACGGGGCAGATCCACGCCGACGTGAAGGTGGTGCCGATGGCCGGCTACCGTCGCGCGATGTGGTACGACGACACGAAGCTCGCGTGGGTGAACCCGTCGCCGAACCTGCGCGACCTCGACGCGACGATCGTGTACACGGGCACGGTGTTCTTCGAGGGGACGAACGTGAGCGAGGGGCGCGGCACCGACCAGCCGTTCCGCCTCGTCGGCGCGTCGTGGCTCACGGACGCCGGTGCGATCGCCGCGGAGCTGAACGCGATGCGGATCCCGGGCGTGCGCTTCGACTCGGTGTCGCGCACCATGGAGCCCGGCTTCAAGTTCCCCGGCCAGACGATCCCGATGCTCCACGTCTCGGTGACCGATCGCGACCGCGTGAACGCGCCCGAGGTCGGGCTGCGCATGCTTCGCGCGATCTACGCGCGCCACAAGCCCGACTTCCAGTGGCGCCCGTCGATCGACCGCCTCGCCGGCGGCACGCGCGTGCGCGAGGCCGTGGAGAACGACACAGTGGACGCGCTGCTCGCCGCGTGGGCCGCCGAGTCGCGCCGCTTCCAGGACGAGACCCGCAGATACTGGATCTACAAGTAGACCTCACGCGGAGGCGCGGAGCACGCGGAGAACGCCAACGTGCTCGGTAGCTCTCCGCGTCCTCCGCGCCTCCGCGTGAGACACACCCAGCAGCAGAGTCCCCATGCATCGAGCGACCCTTCTTCTGACACTCCTCGTCGCCGCGCCGCCGGCGTGGAAGACCGTCGGCCACACCGGCGACGGCAACCCGGTGCAGGTCGACCCGAAGAGCGTGAAGCGCAAGGGCACCACCGTCGACGCGACGGTGCGCGTGCCGTTCCTGAAGCCGAAGAAGATGGCGGGCGGGAACGTCACGAGCTCGATCACGAAGGTCACGTTCGACTGCGCGAAGGAGACCGTCGCGATCAAGGAGTACACGTACTACTTCGACGAGAAGACGCGAAAGATCTTCCAGCACCAGGTCGCGCAGACGCCCGGCTTCGCGCCCGTCATGGGCGGGTCGATGACGAAGGTGGCGTACGACGAGCTGTGCAAGAGGTAGGGCAGGAGGGCGGGAGGGCAGGAGGGCAGGAGGGCAGGCGGGCCTAACGACTTTCCTGCCCTCCTGCCCTCCTGCCCTCCTGCCCTCCTGCCCTCCTGCCCTCCTGCCCTCCTGCCCTCTCACTTCGGCGCGAGCACCGTCCGCGACTCCGCCGCGCGCTCCACGGCGCCGCTCGTGTACGGCACGTGGAAGTAGTGCCCCACGGCCCACGCGCCGAACAGGTCGCGATAGTGCGGGTCGCGCGGGTCGCCGCTCTGGCCGGGGGTGTTCGTGCCTAACGACGCGTCCCAGTCGGCGAGATCGGCGACGAGGCGGAAGCTCGCGCCGTGCGTCTGGTTGTCGGTGTTGCCGGTCGCGTTCACGGTGCTCGCGTAGCCGCCGCGCGGCGCCGGGCCGACGTCGAGCGCGCCGCGCGACTCCTCGTCCAGCGCGCCGCTCAGCGGGTGCCGGATGAGCGCGTGATGGTACGCGGGCTGGCCGTAGCGCCACCGCTGCGGGTCGGGGCCCAGTCGCGTACGCAGGTCGCCTAACGCGGCCGTCAGCGCGGCGGCGAGCAGCGAGTCGCGCGCCGCCGTCAGGCCGGCACCGCCGCCGAACACGCCGGTCGGCGCCGACGCGGGGCGCGTGAGCCACCCGACGGCGCGCGAGACCGGCACGGCGCGCAGATACGAGCGCGCCGCCGCCGGCACCGCGCGCTCGTGCAGCCGACGCAGGAGCTGCCGCTCCCACGCCACGTACACCGCCGCGGGAACGCTCGACGCCGCGAGCACGCGGTCCCATGCGAGCAGCGTGTCGCGCGCCCACCGCGCCGTGGGATCGGACGGGGCGAGCGCGCGCAGTAGCGGCACCAGCGCGCGCGCCGGCAGCGCGAGCTCGTCGTGCTGCAGCGCGGCCATCGCGACCGCGGTCGCGTGGCGCGTCGTGTCCAGCACCTCGCGCACGCGGTCCACGCGCCACGGGTCGGCCCATCCGCCGCGCCCCACGGCGTCGACGCGGGCATAGCCGGCCGGGACGTTGTTCTCGTTCGCCGTCGCGACGAAGCCGTTAGGCGGGTTCACGACGTGCGGCAGCTCCGCGATCGGCAGGAAGCCGCTCCACTCGTAGCGGCCATCACCGGGCACGGGCACGAGGCCCGTCCAGCCGTGCCGCACCGGCGCGATGCCGGCCGCCTGCCATGCGATCGTGCCGCCGGTGTCGGCCCAGATGAGGTTCTCCGCCGGCATGAGGTGCCGCACCGCGCCGGCGTGGAACTCGGCCCACGTCCGCGCCTGATCGAGGCGCAGGCTCGCGAGGTACGGCGCGGTGCCCGGCTCGAGCCACGCGGCGCGCAGCGCGTACGCGAGATGCCGCGCCGGATCCTCCATGACGACGGGCCCGTGGCGCGTGAAGCGCAGCACGACGACCTGCGGCGCCGCGCCGCGCACGCGGATCGTGTCGCGGATCTCGCGCATCCGCTCCCACCCGGTGCGGTAGCGGTAGCGCCGCGCATCGGTCGGGTCGGTGCGGTAGACGTACACGTCCTCCATGTCGAGCCCGAAGATCGTGAGCCCCCACGCGCCCGCTCGGTTGTGGCCCACCGACACGCCGGGCAGCGCCGGCTCGCCCGCGCCCACGACGTCCCACCCGGGCGCGGTGAGGTGCACCCAGTAGCGGAGCGACGGCACCTGGATCGTGCGGTGCGGATCGTTCGCGAGCAGCGGCTTGCCGCTCGCCGTGCGCGTCCCCGCCACGACCCAGTTGTTCGACCCGTCGCGCTGCTCGTCGGGCACCGGGGCCGCGGCCACCAGCTCCCCGGCGACGAACGACACCGGCGCGCGCCACAGCCGGTACGGCGCGAGCACGGAATCGGAGAGCGCGTCGACGTCGATGGCGCTGTCGGGCGCGAGCACCACCGGGTCGGGCTCGAACGTGCCGACCGCGCGCACGGCGTCG
NZ_CP007128.1_gap39	1799785	1802151	2366	TCGCCAGCCATGCGGGATCCCCCTCGACCGTGAACGTCGCCGCCGTCGGTCGGCCGGCTTCGGTGGCCCGCAGCTCCACGCGATCGCCGGCCACGCACGTCACCGCCGCCGGGTCGACGCGCAGCGCACCCGCGTCCGCGGTCGTGCCATCGCGGCACGCGATCGCGGCGAGAGCGGCGGCGAGGAGCGGGGGGCGCATCGGCATCAAGATAGGTGCAAAGAATTCTTGATTGGCGCCGTCGAGCCTGCCGAGGCATTCATCTTCGCGTAGGATCGGCGCGGCTCTCCCGGGACGCGTCCGACGTCGAGGCGCCCGACGCGGCCGTGACCCGCGTTCGGGCGTTTCGTCGTTCTCAACTCGCCCCGGCGATGATCTCCAGCGCGAGCGCGTCGTCCGACGCGGGAAGTCGGAGCGTGAACACGCTGCCGCCCTCCGCCGGTGTGTAGGTGACCGTGCCGCGCTGTGCCTCGGCGAGCGCGCGTGCGACGGCGAGGCCGAGCCCCGTGCCGCCGACGTCGGGGGCCGCCCCCGGGGCGCGGTGGAACGGCACGAACACCCGCTCGCGCTCCTCGGCCGGGATGCCGGGCCCACGGTCGGCGACGGTGAAGACGAGCGCCCCGCCGTCGCGCACCACCTCGAGGCGGATCGGCTCCGTCGCGGGCGAGTACTTCGCCGCGTTCTCGATCAGGTTGCCGAGGATGCGCAGCGTCGCCACGAAGTCGAAGTGGCCGACGAGCGCGCCCCCCGCGTCGTCCAGCCGCGTCTCCACCGCGCGCCCGCGCAGCGCGCCCGCGGCGTGACGCAGCGTCGCGCCGACGACGTCTTCCGCGGTGTTCAGCTCCGGCGCGAGTGGCAGCGCGCCGGCCCGCGCGCGCGACAGGTCGAGCAGGTCGGTGACCATGCGCGTCAGGCGGTCCGCCTGCTCCTCGATGACGAGCGCGCTCGCGTCGCCGTCGCGCGCGCGCTCGTGGGCGAGCGCCTTGATCGTGGTCAGCGGCGTGCGCAGGTCGTGCGAGACGGTGGCGAACAGGAAGTCGCGCGCGCGCTCGGCCTCGCGCTCCAGCTCCGCGCGCCGCACGTCGGCGGCGAGCCGCGCGCGCTCGACGCCTAACGCGGCGTAGTGTGCGAGCGCCTGCAGGAACGTGCGCTCCGACTCGTCGAGCGCGAGCGGGCGCGAGCGCCGCAGCCGCAGCGCGCCGACCGCGCGGTCGTGGGCGCTCAGCGGCACGAGCGCGTCGGTCGGCGCGGCCGCGAGGATCTCATCGAACGCGCGCGCGCGCTCGTCGGCCCCCTGCCGGGCCGCCGTCGACGCGCTCTCGCGCAGCCGCGCGAGCAGCGCCGGGTCCACGGCCGTCGATTCCGCGGCCGGTGCCGGCGGGCTCGCGGCGACGCGCCGCGCCGCGCCGTCGGCCGCCACGTCCCACAGCTCGCACCAGTCGAGATGCAGCGTGGTCGCGACGACGTCCGCGACGGCCTGCAGCGCCTGCACCGACGTCCCCGCGGCGAGCGTCTCCGCGCCGAGGTCGGCGAGCCGCTGCACCTCCGCGGCGCGCCGCTGCGCCGCGGCGGTCTGCCGCTGCGCGCGGGCGAGCAGCCGCGACGCGACGTCGGCGGTGACGACGAACGTCACGAGCACGAGCCAGTCGGCCGGGTCGTGCACCGCGATGTCGAAGTACGGGAACTGGAAGAAGTAGTTGATGATGAGGAAGCCGCCGAGCGCGATCGCGAGGCCGAGCGCGCGTCCGCCCAGCACGCTGCCGAACAGCACCACCATGAGCAGCGTGAGCGCGACCGGTGCCTGCCGCTGGTTCAGCAGCGCGCGGTTCGCGATGAACAGCGCGCTGATGGCGAAGAGCAGCCCGAACGAGACCACCCACGCGCGCACGCCGCTGACGTGCAGCAGGCGGCGCGGCATCACCCCGAGAGCTCGAGCCGGTAGCCGACGCCGGGCTCGGTCACGATGTACACGGGGAGCGACGGGTTCGGCTCCACCTTGCGACGCAGGTTGGTGACGTGGACGCGCAGGTACTGCGCGGCGTTGCCGTACTCGCGCCGCCACACCGCGTCGAACAGCTGCTGATGCGTGAGCGTGCGCCCCGGCTCCGCGGCGAGCGCGCGCAGCAGCCCCCACTCGATCGGCGTGAGGTGCACCGGCATCCCCGCGCGCGTCGCGACGCGGTTCACGACGTCGAGCTCCAGGTCGCCGAGCCGGAGCGCGCGCGGCGCGGCCGGCGTGTCGGCGCGTTGGGCACGCCGCAGGTGCGCGCGCACGCGGGCCGCGAGCTCCGCCGGCCCGAACGGCTTCGTGAGATAGTCGTCGGCGCCGGCGTCGAGCAGCCGCACCTTCTCCTCCTCCGAGTGCCGC
NZ_CP007128.1_gap40	1807552	1808702	1150	ACCTTCGCGCCGTGGTAGGCGAGCTCGCCGGCCTCGCGCGCGTGCAGCGCGGGGATCACGCGCGCACCGGGCACGACGCGCGGATCGGCGGTCAGCAGCCCCGGCACATCCTTCCACAGGATCACCTCGCGCGCGCCGAGCGCGCGGCCGAGCGTCGTCGCCGTGAGATCGGAGCCGCCGCGGCCGAGCGTGACGAGCGCCGGCGCGTGGTGTGTCGGATCGGCCGGATCGTCCGGCGCCGAGCCGATGAAGCCGGGGAGCACTGGGACGACGCCGGCGCGGACGAGCGGCAGCAGCACGCGGCGCGCGGCCTCGGTCGTGCGCGCGAGGTCGGGGAACGCGTTACCCGCGCGCCCGTCGGTCGCGATGACGTCCACCGCGTCGACGTACTTCGCGCGCACGCCCGCCTCGGCGAGCGCGGCGACCATGCACCAGGCGGCGAGCCGCTCGCCGCGCGACACGACGACGTCGGTGATCGCGGGCGAGAGCTGGCGCAGCGCGGTGAGCCCGACGACGACGCGCGACAGCTCGTCGAACGCCTCCTCCACCGTGTGCTCGAGCGCCTCGTCGCCGAACGCGCGCGCGACCTCGTGGTGGCGCAGCGAGAGCGCGGTGGCGCCGCGGCTCGCTCCCTCGCCGTCCCCGGCGGCGGCGCGCCGCGCGACGTCCAGCAGCGCGTCGGTCGCGCCGCGGAGCGCGGAGACGACGACCACGGGTGTGCCGCCCCCCGCGGACATGACGACGCGCGCGGCGCGCCGCACGGCCTCGGCGTCGGCGAGGATGGAGCCGCCGACCTTGTGGACGACGAGGGACATCGGCCTGTCCTGACGGGGAGGGACACGAAGCGCGGCCACCCGGGTTCGGGAGGTCGCGCGAGTCCGATGGATGCCAGGACCGGGAGCCGCCGTCAAGTGAGAGGGCAGGAGGGCAGGAGCGCGGGAGGGCAGGAGAATCCGAAGATCTCCTGCCCTCCTGCGCTCCTGCCCTCCTGCCCTGTCTTACTCCCTCGGTTTCCCGCCTTCGCCCCCGTACCCGCCCTTGTGCTCGTGCGTGCGGTCGAGCGGCTCGGAGCCGCTGCGGTCCGTGCCCTGTCCGCTCGCCGGGCGCGCGTCGGCGTTCTCGGCCTGCTGCGCGCCGCCCCCGCTGGTGC
NZ_CP007128.1_gap41	1815757	1817998	2241	GCGCGAGCCCGCGCCGCCGGCGCTCCTCGGCGACCTGCACGTCGAACGCGATCGCTTCGCGCAACATGGCGTCAGGTGCGGGCGCGCCGCCGAGCAGTGCGCGCACCGGCACGAACGCCGAGTCGCCCAGCAGCCGCGCGAGGTGCGCCGCCGCGCGCCGGCGCGTCGAGTCGCGCGACACCGGGCCGTCGTCGTAGCGGCCGTACAGCGCGGTCGACCAGTCGGCGCGGTGGTACACGCTGTCGTTGCGCACGATGCGCAGCGCGACGCGCAGCGAGTCGGGCGCCGGGCCGCGCGCGTCGATCTCGATGCGGAACGGCCGTCCGTCGCCGGCGAAGTCGTGCGACCGCGAGCCGACGAAGCAAAGCGAGTCGCCGCCGGCCGGCGTCGCGCACGGACCGAGCGTGGCCGGTCGATCGGGCGCCGGCGCGGCGGTGGTGTCGTGCCGCGCCGGCGTGCCGCGATCGGAGGCGCCGCCGCACGCGTCGAGCGCGACGAGCGCGAGCAGCAGCAAAGGAAGTCGAGCCATGCGCATGGGCGGGAGACGGTGATCCGTCGACGACAGGCACACCGCGCGCCGCGACGCCGCGACTAGATTCCGCGCATGACGCGAGTGCGCATGTTCCGTCAGACCGACCTCGGCACCGAGTGCGACGCGTGCGGGGTGCGGATCGATCTCGTGAGCGGCGGCGTGTGCGAGCGCTGCCAGCGCATCCTCTGCGCGCGCCATCTGCACGGATCGTGGCTGCGTCGTCTGCGCCACGAGCTCGGAGGCGCGGCGATCTGCGTGCGCTGTCGGGACAAGGGCGCGTCGTGAACGGCACTTGAACCGCAGAGGACGCAGAGGGCCGCAGAGGACTGCCTCTTCGAACGGCAAGAGATCTGGGGATGAGAGGATCCTTAGGGATCCTGGGATCCTTTCATCCCCAGGTATTTGCTGTCGATGTTCTCTGCGGCCCTCTGCGTCCTCCGCGGTTCGATCCGACAGGCACCAGCCCGCGCTCACGCCGGCACTCGGTGCTCCCCCGTCGCGACGATCTCGTGCCGGCGGCCGTGCTTGCGCTCGTGACGGTCGCGCAGCGCGCGCAGCACGGTGCGGCCCGCGGCGAGCGCACCGAGCGGCAGGTACGCGTAGAACGTGTAGAAGCGCCACCAGATGAGCGACGCGCCGAAGATCCGACCCGGGATCGCGTGACGCAGCGTCGCGCCGAACGCCGCTTCCACGACGCCGCCGCCGCCGGGCGCCGGCGCGACGCCCGCGCCGTACTGCAGCGCGAGCGGCCACACGACGAGCGGCGCGAGCGACGCGAGCGTGAGTGGCATGTCGGTGTGCGCGCCGAAGACGAGCCCCGGCAGCACGCACATGCGCGCGACGACGTGCAGCACCGACATCACGAGCGCGGCGGTCATCGCGCCGAGTCGCGCGCGCCGCACCGCATCGACGCTTCCGCGCAGCTGACGCAATGACCGCTGCACGCCGCGCCATCGGCCCGCGTGCAGCCCGATGGAGGCGGCCCACGGCGGCGGCGGGCCGTGCGCGTTGCGGCGCGAGAGCGCGAGCCCGAGCGCGCCGACGCCGATGACGAGCGCCGAGTAGCCGCCCACGAGCGCCAGCAGGCCGGCGAGCGCGGTACCCATGCCGCGGAACGTGAGCGCGAGCGCGATCGCCACGATCCCGAGCGAGAACATCTCGAGCAGGATCTCGGTGAACAGGATCAGCAGCCGGCCGAGCGGGTCGACGCGCGACTCCGCGAGCACGAGGTAGCGCGCCGGCTCGGCCCCCGAGCGCGACGGCGTGATCGAGGCCGCGAAGTCGCCGCCGAGCGACACGCGCACCGCGGCGCCGAAGCGGAGCGGGATGCGCAGCGCGTGCGCGCTGAGCTGGATCTTCCACGACCGGAACAGCACCTCGGCGACGAGCGCGCCGGCGCCGAGCAGGTGCGCGAGCGGCGGGAGCGTGACGGTGGCCCCTTCCTCGGGCCACGTTCTCCAGACGATGAACGCCGACGCTCCGAGGGCGGCGGCGAAGGAGATCAGTGTGATGAACCAGCGGGTGCGCGACACCGGGGGGAACCTAATCGCTGCGTGGCTACGCGGCTGCGTGGCGCGTCGGAGGCCCACGCAGCCGCGCAGCCACGCAGCTACTCGCTCCCGTCCAGCAGCGCCTCCAGCCGCCCCACCAGCTCCGCCTGCGCAGGGTTGAGCTTCGCGCGCGCGGTGTCGGGGTCGAACCACGCGCAG
NZ_CP007128.1_gap42	1894302	1898711	4409	CGCCCCCGACCGCGTGGACGGCGCGGGCAAGACGTTCCAGGCGGGCGCGCTGCCCGCGCAGAACATCAACGTCTTCATCGACGGCGCGAGCTACAAGAACGACATCATCAACGGCGGCGTCGCGGGACAGGATGCGAGCCGGGGCAATCCGTTCCCGCGCAACGCGGTGCAGGAGTTCCGCATCACGACGGCGAACTTCAAGGCGGAGTACCAGAAGGCGTCGAGCGCGATCATCACCGCGGTCACGAAGAGCGGCACGAACACGTGGAGCGGGAACGCGTTCGTGAACGTGCAGAACCAGAGCTTCGTGGCGCTCGACACGTTCTCTCGCGCCGCCCGCGCGACGGCGCAGAAGGCGGGGACGTACACGCGGCCCGACTACTCGCGCTACTTGCTCGGGCTGAGCGCGGGCGGGCCGATCGTCGAGGACAAGCTGTTCTTCTTCGGCTCGTACGAGGGGAACATCCAGAACCGGCAGGGGCGATTCCGCGCGCAGGGGAACGCCGCGCAGCTGCCGGCGAGCGTGACCGCGCTGAACGGACAGACCAACACGTCGCCGTTCCGCTCCCACCTCGGCTTCGCGAAGCTCACCTACAGCCCGTCGCAGCAGCAGCAGTGGGAGTTCACCGGCGATCTGCGCGCCGAGACGGACAAGCGTCGATTCGGCGGGCAGTTCGGTGAGGTGCAGCGCGCCTACTCGGCGGGGGAGAACTTCAAGAACACCGTCGCCACCGGGCGGGTGAAGCAGTCGCTCTACGGCTCCGAGCACGTGAACGAGGCGCAGCTCAGCTACCAGCTGTACCGCTACAACCCCGACCCGCTCGACTTCACCACCGTCGGTCTGGCGTACGACGGCGGCAACCGGCTCGGCGGGGCCGACACGCGGCAGGATCTGCGGCAGGGGCGCCTCTCGCTGCGCGACGACTTCACGTACACGGGCTTCAAGTCCGGCGGCTCGCACGCGTTCAAGTTCGGCGGGAACGTCGATCGGGTGACGTACGACATCAACAAGCAGCTGAACGAGAACCCCGTGTTCACGTTCAGCGCGTCGAACAACAACGCATTCCCGGTGCGTGCGCTGATCGGCGCGGGCGACCCGCGGCTGAAGACGAACAACGCGCAGCTCGGCCTCTACGCGCAGGACGACTGGTCGCCGACGCCGCGACTCACGCTCAACGTCGGCGTGCGCTGGGACTACGAGACGAAGATGTTCAACACCGACTACGTCACGCCGCAGCCGGTGCGCGACTCGCTGTTCGCCTACCGCGACTCGCTGCCGCTGAAGTTCGACGTGTCGCGCTACGTGACTGGCGGCAGCGACCGGAAGAACTTCTACGGCGCCGTGCAGCCGCGCTTCGGCCTCTCGTATGCCGTCGACAAGAGCCAGCGCACGATCCTGTTCGGCGGCGTCGGCGTGTTCTACGACCGGCAGACGTTCAACTCGCTGATCGACGAGACGTTCACCCGGCAGCACCCCAATTACGAGTTCCAGTTCGCGGCGACGGCGAACCCCGCGCAGCACGTGCTGGCGTGGGACCAGAAGTACTTCAGCCGCGCCGGGTTGCTCTCCGCGCTGCAGAGCGGCAACGCGCCCCCCACCGAGGTGTTCCTCCTCCCCAACGACCTCAAGCCGCCGCGCTCCAACCAGTTCAACGTGGGCGTGCGGCACGACTTCGGGAGCGTGAACGCGGCGCTGACGTACACCGGCACGCGCAGCTACAACGGGCTGTCGTTCGAGTGGGCCAACTTCGGGTTGAACCCCGACGGGGGCTGCTGCACCAACAAGAACATCCCGGCGTACCGCAACGTGCTCGTGGCCAACAACACCGTGCACTCGTGGTACAACGCGCTGTTCGTGCAGGTGGACCGTCCGTACCGTCGCATCGAGCGGGGGTACGGGTGGGGCGCCGGTCTCGCGTACACGCTGGCGAAGGCGGAGAGCGAGGGAGTGGACCTGTTCAGCTTCCCGCGGCTGTCGGCGTTCGGCTTCGGGCGCCACGAGATCCCGGGCAGCGAGCGGCACCACGTCGTGATGAACGGCCTCGTCGACGTGCCGTGGGCGTGGGGGATCCAGGCGAGCACGCTCATCACGCTCGGCAGCGGCGGTCGGTTCGCGGCGCAGGACTTCTCGGGGCCGCAGCCGGTGTTCAATCGCGGTGGTGCGGAGCCGGAGAAGTTCGGCTTCCTCATCCCGAACGCGTTCGCCTACCGCAACGTCGACCTCCGCCTGCGCAAGGACCTGATCAGCCGTGGCCAGCGCGTGGGGATCACGGCGGATCTGTTCAACGCGTTCAACTACGACAATTTCGGCTGCTTCAACGACACGGCGTTCACGAACGACAACGGCGCGCGGAAGGCGAATCCGGACTTCGGTAAGCCCGGCTGCGTGATCGCCGACGGCCGCCGGCTGCAGCTGGGCGCCCAGGTCGACTTCTGATGCGCGGCCACGGGCCGAGGTGGCGTGCGGCGCCGCGCCTCGCGCTCGTCGCCGTCGCCCTCGCTGGATGCGCGCCGACGGTTCCGCCGACGGCGGCGCCACCGTCGGCGACATCGTCGGCACCCGCGTACGTGCCTAACGCGACCGAGTCGTCGTTCCTCGACACGCTGTCGCGGCGGACGTTCGACTGGTTCTGGGAGACGACGAACCCGCGCAACGGGCTCACCCCGGATCGCTGGCCGACGAAGTCGTTCTCCAGCGTCGCCGCGGTGGGGTTCGCGCTCACCGCGTACACCATCGGCGTGGAGCGCGGGTGGGTGACGCGCGAGGCGGCCCGCGACCGCGCGCTCACCACGCTGCGATTCTTCTGGACCGCGCCGCAGGGGGACGCGCCGACGGGTGTCACGGGATACCGCGGCTTCTTCTACCACTTCCTCGACATGGAGACCGGCCTGCGCTTCCAGCGCGTCGAGCTCTCCACGATCGACACGGCGCTGCTGCTCGGCGGCGTCCTCGTGTGCCGCGAATACTTCGACCGCGGCGACGCGGCCGAGTCGGAGGTGCGCGCGCTCGCGGACTCGATCTACCAGCGCGTGGACTGGCGGTGGGCGGAGAACGGGCGCCCGCTCGTGAGCATGGGGTGGCATCCGGAGCCGGGGCTCGGCGATCACGACGCGCAGGGCTTCATCCGGACGAACTGGTTCGGCTACACGGAGGCGATGCTGCTCTACGCACTCGCGTTCGGCTCGCCGACGCATCCCGTGGATCCGAGCGCGTGGACCGCGTGGACCGCGACGTACAGGTGGGACACGTTCCACGGCCAGGAGTTCGTGCAGTTCGCGCCGCTGTTCGGCCACCAGTACTCGCAGCTGTTCATCGATTTCCGCGGCATCCGCGACGCGTACATGCGCGGCAAGGGCATCGACTACTTCGAGAACTCGCGGCGCGCGGCACTGTCGCAGCGTGCCTACGCGATCGCGAACCCGAACGGCTGGCGCGACTACTCGGCCGACGTGTGGGGGCTCACGGCGAGCGACGGGCCACTCGACTCGACGTTCATGCTCGACGGCCGCACGCGCACGTTCCACACGTACTGGGCGCGCGGCGCGGGCGCCGACGAGATCAACGACGACGGCACGATCGCGCCGACGGCGATCGGCGGCGCGGTGCCGTTCGCGCCGGAGGTCACCATCCCGTCGCTGCTCGCGATGCGCCGCCGCTACGGCGACGACGTGTTCGGCCGCTATGGCTTCGTCGACGCGTTCAACCCGACGCTGCGCGAGCCGGGGCCGCGCTTCACGCAGGGGCGGCTCGTACCCGGCAAGGGGTGGGTCGACGTCGACCACCTCGGCATCGACCAGGGGCCGATCCTCGCGATGGTGGAGAACTGGCGCTCCGATTTCGTGTGGCGGCTGATGCGGAAGGACCCGTACATCGTGCGCGGGCTCTGTCGGGCGGGATTCACCGGCGGCTGGCTGGCGGGCCGGTGTTGAGCGCGCTCGACATGGCTCCACGTACGAGTTTCCATAGGACTGAAGAAGGACTGAAGGAGGACAGTCCCTCTTCAGTCCTCCTTCAGTCCTGCAAGGACACGTACGTGGAGCCGCGCCCGCCACGTCGACACTCGCCAAAGGACCACTCCCGTGCCCAGGATCAAAACCTTCCTCGCACTCGCCTGCCTAACGACGACCCTGGGTGCGCAGCCGACCGACCGAGCGTCGCGCATCGCCGACAGCGTCCTGAAGCTCATGACGCTCGACGAGAAGATCGGCCAGCTCGTGCAGGCGCCGGGGCAGTGGAACCAGACCGGCCCCGCGGCGCCCGCCGGCGGCGAGCAGGGGATCCGCGAGGGGAAGATCGGCTCGTTCCTCAGCCTGTGGGGCGCGGCGGAGACGCGGAAGCTGCAGCGCATCGCGGTGAACGAGTCGCGGCTGCACGTGCCGCTGCTGTTCGCGATGGACGTCATCCATGG
NZ_CP007128.1_gap43	1900050	1902379	2329	GTGCTGTTCGGCGACTACAACCCGGCGGGGCGACTGCCGAGCACCTTCCCGCGCGCCACGGGGCAGCTCCCGATGTACTACGACCACAAGAACACCGGGCGGCCGCCGGAGGAGAGCAACCACTACACGTCGAAGTACCTCGACATCCCGTGGACGCCGCAGTTCGTGTTCGGGCACGGGTTGAGCTACACGACGTTCCGCTACAGCGTGCCGCGCCTCTCGGCGACCAGCGTGCGCGCGGGCGACAGCGTCGTCGTGGAGGTCGACGTGACGAACACCGGCCGCCGCGCCGGTGACGAGGTCGCACAGCTGTACCTGCGCGACGACGTCGCGACCACGGCGCGCCCGGTGCGCGAGCTGCGCGGCTTCCGGCGGCTCACGATCCAGCCGGGCGAGACACGGCACCTGCGCTTCGTGCTGAACCGCGAGGCCATGGCGATGCTCGACGTGGATCTGCGACGCGTCGTCGAGCCGGGGACGTTCACCGTGTGGGTGGGCGGGAGCTCGGCGGCGACGAACGAGGCGCGCTTCACGCTCACCGGCGACGTGGTGTTCCTCGCGCCGGCGCCGCCGCGGTACCACTGAGCGTGTCGCTGGCGGGTGGGGCGGAGCCGAGCGTATGCTAGGGGCATCCACCGCGAAGGGACGAGACCCGATGGAGAGCCCGGAAGAGCGGTACTACACGCCGGAGGAATACCTGGCGCTGGAGGACGCGGCGCTGGAGAAGCACGAGTACTTCGACGGGCGCATCTACGCGATGACGGGCTCGAGCCTGAATCACGCGCAGATCACGATGAACGTCCACGTCCTGCTGGCGAACCAGCTCCGCGGCCGTTCGTGCCGCGTCTTCAACATGGACGTGAAGGTGCTCGTGTCGGAGACCGGGTTGTTCACGTATCCCGATGCCTCGGCGCTCTGCGGCGAGCCCCGGTTCAAGGACGCCAAGTCGGCGATCCTGCTGAACCCGTCCACGATCGTGGAGGTCCTCTCGTCGTCGACGGAGCGTTACGACCGCGGACGGAAGTTCGAGCATTACGCGCGCATCCGCTCGATGCGCGAGTACGTGCTGATCGCGCAGGACTATCGACACGTCGAACGGTTCAGGCGCGCCGACGCGAGCACGGAATGGGGGTACCTCGCCGTCGACGATCTCCAGGCGTCGGTCGAGCTGCCGTCCATCGGTTGCACGCTCGCGGTGCGTGACGTGTACGAGCACGTCGACGTGCCGCCGCGTCCGCCCCTGCGCGCGCTGTACGAGATCCCTCCCGACTACGCCACATGCGACTGACCGCTCTCCTCCTTCTCGCGTCCGCGCCCGCGCTCGCGCAGCCCCGTCCCCCGCGCACCCCCGGCGACACGCTGAAGTCCCCCGTCGTCGGCGAGAACGGCGTCGTCACGTTCCAGCTCTACGCGCCGAAGGCGACGGAGGTCTCGCTGCGCACCGAGGGCCCGGCGCCGTTCGCGAACCAGAAGCTCGTGAGGAACGAGCAGGGCGTGTGGAGCGCGACCGACACCGTGCCGGCGGATCTCTACATCTACTGGTACGACGTCGACGGCGTGCCGGTCGCCGACCCGCGCAACAACGCCACGCGCCTCAACCTGAGCACCGTGCGCAGCCTGCTCGAGGTGCCGGGCGCGGCGAGCGACTTCTTCGCCGAGCGCGACGTGCCGCACGGGCAGGTGGCGACCGTGTGGTACCGGTCGACCGTGTTGGGCATGCCGCGGCGCATGCAGATCTACACGCCGCCGGGCTACGCGACGAGCGGTGCGCGGTACCCGGTGTTCTACCTGCTGCACGGCGCGGGCGACGACGACCGGTCGTGGCTCATGGCGGGGCGCGCGAACTTCATCCTCGACAACCTCATCGCGGCGGGGAAGGCGAAGCCGATGATCGTCGTGATGCCGAACGGCAGCGTGTCGCGCGCGCCGGGCACCCGCGATCCGTACCCCGAGTCGTTCGCGCAGGAGATCGTGCCGTACGTCGAGCGGAACTTCCGCGTGCTGCCGGGGCGCGACGCCCGCGCCATCGCCGGACTGTCGATGGGCGGCGGCCACACGCTCGCCATCGCGCTGCCGAACCTCGACAGGTACGCGTACGTCGGCGTGTTCAGCTCCGGCTTCCTCGGCCCGGGCGGCGCCGATTCCGTGGCGAAGGCGTACCAGGGCGCGATGAGCGACCCGCGCATCAACCGTCTCAAGCTGCTCTGGCTCGCGACGGGGAAGGAGGACTTCATCCTGCCGACGACGAAGGCGACGCTCGCCGCGTTCGATCGCAACCACGTGCGCTACACGTACAAGGAGAGCGAGGGCGGGCACACGTGGCCCAACT
NZ_CP007128.1_gap44	2042963	2045430	2467	CAGCGCGACGCGGTGCTCGTCGCGCGCGAGCCGGGCGGCGAGCAGCTCCGCCTCGCGGCTCGCGTACTCCGCGGCCGTCACCACCCCCTCGCCGAGCCGAGCGCGCGTCTCGCGCTCGACGCCCTCGCGCAGCGCGACGATGCCGTCGTCGAGCGCCATGGTGGCGGCGACCCGGTCGATCGTCGCGAGGTCGCCCTCCACGGCGCGGCGCAGCTGACGCGTGAGCGCGGCCTCGTTCGCGTCGACCACCTCGCGCTGGAGCGTGATCGCCTCGCGCTCGCGCGCCGCCGTGCCCCACGTCCATGGCGTCCACCGGAGCTGCACGCCGCCGAGCCAGTACGTGTCGAACGCGGTGGCGAGCGGATTGAGCCCCGGACGGCCGTAGCCGGCGCGCGCGAACGCCGAGATCTGCGGCCGCTCGCGCGCCGTCTGCAGCTCCGCCTGTCGCGCGAGCCGCTCGCGCGTCGCCTCGAGCTGCGCGTACTCGGGTCGCGCGCGCACCGAGTCGAGCGACGCACGCGCCCGCGCCGCCGCCGCGGCGAGGTCGGGGAGGGCGAGCGGCGCATTCGTGTCGGGCGCTGCGTCGGTGAGCTCGGCCAGCCGGGCGAGCGCGGCGCGCCGGTCGGCATCGGCCTGCAGGAGATCCTGCCGCCGCTGCAGCAGCGTGGCCGCGATCGACGCCGTGTCGCTCGGCAGCGCCGCGCCGCCGCGCACGCGGACGACTGCGTCGCGCAGCCGCGCCTCCAGCTCGACGAGCGTCGCGGCGAGCGTCGCATGGCGGGCGTCGAGGGCGGCCGCGGCGAAGAACGACTCCACCACCTCCTGCCGCAGCGCGAACAGCGACGCCCGCACGCCGGCCTGCGTCTCCGCGAGCTGCGCGCGCTCCGCGCCACGCCGCGCGGCGCGCGTGGGATCGAGGAGCGAGAGCTGGGCCTCCGCGTGCGCGTCATACGTGTCGTGCGGCGGCGACGGAACGCGGACGTTCGGCAGCGCGAGTGGCACGCGCGGCACGTCGGACTGGTACTGCGCCTGCCCGGCGGCGGCGAGCTGCGGCAGCCGCTCCGCGTCGAGGTTGCGCAGCCGCAGCGCCGACTGCTCCGCCGCGATGTCGATCTGCCGCCGCCGCGGGTCGGCGGCGAGGGCGGCCCGCATCACGACCGGAAGGCGAAGCGTGTCCGCCGGCTGGGCGGCGAGGGGAGCGCCTAACGACAGGCAAAACAATGAAACCGCAGAGGACGCAGAGAACGCAGAGGAGAACCAATCCCGTTGGTGTCCTCTGCGTCCTGTGCGTCCTCCGCGGTTCAGCGAAGGCCGTCTCATGGCCGCAGCGCGTCGAGGAAGAAGGCGGGGAGCGCGGTCTTGCGCTCCTCGATCAGGCGCCGGAACCCCGCGGCGTCGAGCTGCAGCGCGGCGCACAGCAGCGGCCGCGCCGCGAACGGGAAGATGCACAGCGAGATCAGGTTCACCACGAACTGCTCGGCCGCGATCGGACGCAGCGTGCGCGCGGCCACCCGCGCGTCGATCTGCTTCTGCAGCGTCGCGCGGACCTTCGGCACGACGCCGCCGAGCTCCAGCCCGGTGAGCGACTTCACGAGCTGCGGCACGCGGTCCGGGTGCTGGTTCATCTCGGCGATGAGGTACGCCGGCACGTACGGGTTCTTCGCGAGCGCGTCGAGCTCGAACGCGACGAACCGGCGGACCTTCTCCTCGATCTCCATGTCGGAGCCGAGCAGCGCGATGAGCGGCGGGAAGAGGCCGCGCATGATGCGCGCGAACACCGCCTCGGCCAGGCGGTCCTTGGAGCGGAAGTAGTAGTGGAGCAGCGCCTTGTTGACCCCGGCCTCGTCGGCGATCTCCTGCGTGCGCGCGCCGGCGGTGCCGCGGCGGAGGAACACCGCGTGGGCCGCATCGAGGATGCGCTGCTCGGTGTCGCGGTCGCGCGGGTTAGCCACCTGGTTTGACTATCTGGTTAACTCCAACATGCGACGCGCCCGCCGGCCGCGCAAGGGCGGATCCGACGGGCGGCCCTTACCGCTGGCGGCTAGCGACTCACTGCCGCGCGACGAGCGACGTGAGACCCACGAGATACTCCCGCACCTGCGGGTCGTACGTCACGCGATACGCGGTCGGATAGTCGCCCGGCTGCGCGTACCGCTGCGGCACCGAGATCGACGCCACGTCGTCCGGGTGCGTCAGCAGGTACTCGCGCGTCACCATCGGCTCGAGGAACGTGAATGCGCCGTTCCACGAGCCGTAGATGAACGTCTTCGTGAACGGGTGATACGCCTCGGGATGGCCGAGCATCCCCTGCAGCTCCGGCGAGCGCGTGTCGAACCAGTGCACGCCCATCATCGGCACCGCCTGCTCGGCCGGCACGCCCGGCACCACGTAGAACGGCGGCACGACGTCGCCGGTGGGCAGGTCGTTCGCCTTCGCCGCGAACTGCGGATCGCTCGGCAGGATCGCG
NZ_CP007128.1_gap45	2069342	2071753	2411	TTCCGCCGCGATGCTCGCTCTCGGACTCGCCCTCGCGGCGCTCATCGGCCTGTCGCTCGGCCTCCTCGGCGGCGGCGGGTCGATCCTCACGGTCCCGGTGTTCGTCTACGTCCTCGGCTACGCGGCGAAGCCGGCGATCGCGATGAGCCTTCCGGTCGTCGGCACGACGAGCCTCGTCGGCGCCGTGCGCCACTGGCGCGAGGGGAACGTGAACCTGCGCGTCGCGCTGCTGTTCGGCGTGGTGGCGATGCTCGGCTCGTTCACCGGTGCGCGATTCGCCGCGCGCGTGCGGGGACCGCTCCAGCTGCTGCTGCTCGGCGCCGTGATGCTCGCCGCGGCGGCGTCGATGCTGCGCCGTCCGCGCGCGCTGCGCGACGCCGAAGCGGTCGACGCCGTGGATGGATCGGCGCACGTGCGTCCGCTCGTCTACGCCGTGGGGCTCGGCGTCGGCTTCCTCACGGGGCTCGTCGGCATCGGCGGCGGATTCCTCATCGTCCCCGCGCTCGTCGTGCTCGCGCACGTGCCGATGAAGCAGGCCGTGGGCACGTCGCTCGTCGTCATCGCCATGAACTCCGCGTCGGGCTACGCGGGCTACGCGGGGCGCGTGCACGTCCCATGGCCGCTCGTCGCCGCGTTCACCGCCGTGGCGATCGTCGGCATCGTGATCGGCACGCGCCTCGTGCGCCACATCCCCGCGCTCACGCTGCGCCGCGCGTTCGGCGTGTTTCTCGTGCTCCTCGGCGCGCTCGTCGTGTGGCAGAACCGCGGCGCGTTCGGGGGCTGACTTGGCGCACGCGGAGACGCGGAGAACGCGGAGAACACCTTTCGACCGCAGAGGGCCGCAGAGGGCCGCAGAGGACTCCCTCTTTGAATTGAACCACAGAGGACACTGAGGACACGGAGGAAAACCCTTCAAGAAAGGTGGTTTCTCTGCGTCCTCTGTGTCCTCTGTGGTAAGAAAGCAGTTGAAGCAGTTGCCGTTCTCTGCGGCCCTCTGCGGCCCTCTGCGGTTCGTTCACACCGCCAAGGCAGTTCCCCGGCGTTCTCCGCGGCTCCGCGTGAGACCGATCAGCCGACCTGCAGGTACGAGATCCCTCGCTCCTGCATGTGCCCGATGGCGATGTAGAGATCCGGCACGAGCACCACGTCCGGCAGCAGCCCGCCCGCGAGGTCCTGGCGGATCGCGGGCTCGGCGCCGAGTCCCGCGGCGGCGAGTCGGCGCGACGTGTTGATGATCGTGTTGTTGCACGCGAGGAACAGCACGCCGCGCTTCTGCAGCGCTTCGACCGTCTGTGCCGCGGTCACCGGCATGCGCGCGCCGCCGTTCGCCGCGGTGAACAGGTTGCGCGTCGAGGCGCTCTGGCTCTGCGGGTCGGCGATCGTGTACTGCTCGCCGAGCCGGTACTTCGACCACATCGCGTCGGAGAGCACGAGCGGCAGCGACGTGCCGTGGAAGCCGAGCACGAGGTTCACGTCGTGCGGCGACGCCGCGTAGTCGCGCTCGTACGCGTCGAGGAAGTTCGCCGCCTGCATCAGCGCGCGCCCGTTGTTGTGCGACGGGATGTCGAACACCGTGCGGTGCTTCGCCGTCAGTCCGCGCAGCCACGCCTCGTCGGCCATGGCGCGCGGCTGCGCACCGGCCGGGCGCGCGGCGAGCGCCGCGGCCGCGAGCGTGAGTCGTCCGAGAAAGCCACGGCGCGGAATTCCTTCGTCGACGTGTCGCATGTCTCCTCCCGGCCTGGGTCGCGTCGAAGAGACATTCTCCGGGGAGCGACGGCAAGCCCGCTCGCCGGCGCGCGTTCCCCCGTGTACTTTCGCCGCATGCCGCGCCACCTCGTCGCCGCGCTCGTCGTCGCGTCGCTCGCCGCCTGTCGGGCAGGCGAGCCCGGCGACGCGCCCGCGGCGAAGGGCGGCGCCGACCGGCCGGCCGCGACCGAGGTGCGGGCGGCGTCGTTCGATCCGGCGGCGTGGCGCGCCCCCGCCGACTCCGAGATCCCGACCGACTCGCTCGGCGCGTCGATCCGGCGCGGGCTCGCGCTGCTGCAGCACACGCCGGACAGCCTGCCGCACTACGCGCCGGGACGCATCGCGTGCCGCAACTGTCACCTGGACGGCGGACGGAACGTCGACGCGGCACCGCTCGCCGGCTCGCACGCGCGCTTCCCGAAGTACATGGAGCGCACCGGGGCGACGATCACGCTCGCCGACCGCGTGAACTACTGCTTCACGCGGTCGCTCGCCGGGCGGCGGCTGCCGGTGGAGAGCCGCGAGATGAGCGACATCCTCGCGTACCTCGCGTTCATCTCGCGCGGCGTGCCGGTCGGCGCGAAGCTGCCCGGCGCCGGCGGCCTGGTGGCGATGAAGGACACGCTCGTCGGCGACACGCTGCGCGGCGCGTCCGTCTTCCGCGG
NZ_CP007128.1_gap46	2072823	2076164	3341	TGGGCGTGCAGCGCGGGGCGTCGTGGGTGCTCGCCGAGGGCGGCGACGCGTCCATGCTCACGCGCTCGGTGCCGATGGCGAAGCTGCTCGACGACGCGATCGTCGCCTACGCGCAGAACGGCGAAGCGCTGCGCGCGGCGAACGGCTACCCGGTGCGGCTCCTGCTCCCGGGGTTCGAGGGCAACATGTGCATCAAGTGGCTGCGGCGCCTCGAGGTGAAGACGGTGCCGAGCATGACGCGCAACGAGACCGCGAAGTACACCGACCCGCTGCCTAACGGCACGTCGCGGCAGTTCAGCTTCGAGATGGACGCGAAGTCGATCATCACGTCGCCGGCGTATCCCGAGCGGCTCGCGGGCCCCGGCTGGTGGCAGATCACGGGGCTCGCCTGGTCGGGGCGCGGACGCATCACGCGGGTCGAGGTGAGCACCGACGGCGGCCGCTCGTGGGCCGCCGCCGAGCTGCAGGGGCCCGTGCTGCCGAAGGCGTACACGCGCTTCAGCCACATGTGGCGATGGGACGGGCGCGCCACGCGCCTCATGAGCCGCGCCGTCGACGAGACGGGCTACACGCAGCCCACGCTCGCCGAGTTCCGGCGCGTGCGCGGGCCCGGCACCGACTACCACTACAACCACATCCGGGCGTGGGACGTGACGGCCGACGGACACGTGTTCTACGGGGTGAGCTGATGCGCGCCCGCATCGTTAGGCACCTCGCCGCGCTCGCGGCGGTCGCACCGGTGGCGTGCGCGCGCGACGCCTCGCCCGCGGCCGAGCGCTACGGCGTGGGACGCGCGGCGACGGCGCAGGAAGTCGCCGCGTGGGACATCGACGTCGACACCACGGGCCACGGGCTGCCCGCGGGGCGCGGCACCGCGGCCGAGGGCGCGCAGGTGTACGCGGCGAAGTGCGCGAGCTGCCACGGCGCGAAGGGCGAGGGGCAGGGCGCCTTCCCGAAGCTCGTGCAGCCGGCGGCGCTCGACCCGGTGACGCGCGACTCGTTCCCGTTCGATCGCGACTTCAAGATCGCGAAGACGGTGGGCAACTACTGGCCGTACGCGACGACGCTCTACGACTACGTGCGCCACGCGATGCCGTACACGCAGCCCGGATCGCTGACCCCCGACGAGACGTACGCCGTGGTCGCGTATCTCCTGGCGGAGAACCACGTGATCCCCGGCGACGCCGTGATGGACGCGCGCTCGCTGCCCCGCGTGGTGATGCCCGCGCGCCGACACTTCGTCCCCGACGACCGGAAGGGGGCGACGGTGCGCTGACCGACGGCCGCGCGACGCGTCACCGGCGCGACGCTTGCGCAACGGGCGAGCGGCGTCGTGGTTCGCGGAGCAGTCGTCGGAGGTCGGCGAGATGGCGCGGAACGGTGGTCTGCCCGGCCACGTGGAGCGTGCGTCCGGCTCGGTGGTGCGGGTGCTCCGGTCTCCCGCGCTCGGAGCGCGCGCGCGGGCCCTCGTCGTGCCGCGCGCGGCGCCCTCGCCGCCGCGGCGGCGTCGGCTCGCGCCGTGGCTGTGGGTGCTCGTGACGCCGCTGGTCGTGCTGCTTCCCGCCGCCTCGTCCGACGAGGACGTGCCCTCGGGGCAGGTAGCCGGGGCCCCGATCGCCGTAGCGTCGGGGGGCGAGGTCGCGCTGGACGCGGTGGCGCTGGACGCGGTGGCGGCGAACCGCTTCGCCGACTGGGAGGCACGGCAGCGCGACGGCGCGGTCGATGGGCTGGCGCGGCGCGAGTCGGTGGCCGAGGGGATCCGCCTGCTCGCCGCGGCGCTCGAGGAGGCGACCGCGGGGCGGGGCGAGCGGTTGCGGGAGACGCTCGATCTCATGCGGTGGCACGGCGAGCAGCTCCTCGTCCCGGCCGGCGACGCCGCGACGGCCGACTACGCCGATGCCGGGCACGCGCACGCCGCGTTTGCCCACGCCGCGCGCCTGCTCGCCGCGGTTCCCGACGGGCCCGGAGGCGTCGCGGGGGAGCTCGGTCGGTCGGCGGACGCGGTCGGGCCGCTGCCCCTCGGTCAGCAGGCCGGCGCCGTGCGCGCGTTCTTCCACCGCGCGGCGACGGTGCTCGCGGCATCGCAGGCGCCGTGACGCGACCGCCGGGATAGCGAGCGCGAGGGTGTACGGCGATTTCTGCCGTACGTGCACGGAACGGATGTCACGATCGCGTAATGGCCCATCTTGGAGCGTTCCACGATTCAGACGTTCTGCGTTTCGGGCACACGGAAGATTGACGGACCCGGTGCGGCGGCGTACATTCGCGAAGCAGCCGGCATTCGGTCCGCCGCGTCACCACGGCTCCCCGACCATGCTCCGCACCCGTCGCTTCGTAAATCAGCCGCTTCCGACCCGTGCCTCCCTTCTCGGAGTCGCGCGTGACCGGACGCGGATGCGAATGCGCTGAGTGAGACACCGCTCTGCAATCGCGCCCCCGCTCCGGTCCGGATGCGGGGGCGTCGTCGTGTGGGGTGTCGGAGGTTCGGGGGGCTCGCGCAGGAGGGAGGAAACGCTGATGGGGAGTTCCGAGAGTCCGAGGCACGTCCGCCGTGAGACGGAGGAGCGCTGAATGCGGAAGATCAACACTCGCAACTTCCACCGGGCCAGCCGCTCGACCTCGCGCGAGGTCAACCGCCAGATCGTGCTGAACCTGATCCGCGAGCAGCAGCCGATCTCGCGGGCGGATCTCGCGCGGCGCATGGAGGTCGCGCGTTCCGCGCTGACGCTCATCGTACGCGAGCTCGTCGCGTCGGGCTCGATCTACGAGAGCGTGGACGACTCGGGCACGCACGGGCTCGGGCGACGCCCGACGCTCCTGCGCGTGCGCACGAACGCGCAGCTCGCCATCGCGGTCGACGTCCGCTCGACGGACACGACGATCGCGCTCGCCGACTTCTCCGGGCAGGTGCTCGCGCGCGACACGTTCGCGACGCCCGACACCCCCGAGGCGCTCATCGACGAGCTGGCCGAGCGCATCCCGGTGCTGCACCCGCCGCCGGCCGGCGGCCTCGGCGCCGGCCACGGCGAGCGGCGCGGCGTGGCGATCGTCGTGCCGGGGATGGTCGACGGACGCACCGGCCGCGTGCTGTACGCGCCGCGGCTGCGCTGGCGTGACGTGGATCTCTGCGCGCCGCTCTCCCGACGGCTCGGATTGCCGGTGTACCTCGAGAACGCCCCGATCGCGTGCGCGCTGGCGCGACTCTGGCTCGCACCGGAGGAGACGGCAGCCGTGCGCAACTTCGCGTATGTCAGCATCTCCGAGGGGGTCGGCGTGGGGCTCGTGGCGAACGGGGAGGCATTGCGGGGCGAGGCGCACACCGCCGGCGAGTTCGGTCACGT
NZ_CP007128.1_gap47	2270237	2273578	3341	CTCCGCGGAGGCCTCGCCGTGCGTGACGAACGCGTTACTTCGCGGCGACCTTCGCCCAGGAATCGCGCAGTGTGACGGTTCTGTTGAACACGAGCCGCTCCGGCGTCGCGTCGACCGGATCGCTCACAAAGTAGCCCGTGCGCTCGAACTGGTAGCGTGTGCCGATCGGATCGCGCGCGACGCTCGGCTCCACCTTCGCGTGCGGCACCACGACGAGCGACTCGGGGTTCAGGAAGCGGAGGAAGTCGGCCGGCGTGTCGTCGTCCGACTCCATGACCGAGCCGTCACCGTGATCGGGGTTAGGCACCGTGAACAGCTTGTCATACAGCCGCACCTCGCAGTCCACCGCGTGCGCCGCCGACACCCAGTGGATGGTGCCCTGCACGCGTCGTCCGTCGGGCGCGTCGCCGCCGCGCGTCGCCGGATCGTACGTGCAGCGCAGCTCCACGATCTCGCCGGCGGCGTCCTTCACGACCTCCTGGCACGTGATGAGGTAGCCGTAGCGCAGCCGCACCTCGCGTCCCGGCGCGAGGCGGAAGAACTTCTTCGGCGGATCCTCCATGAAGTCGTCGCGCTCGATCCACAGCTCGCCCGAGAACGGCACCGTGCGTGAGCCCTCGAGCGGCACGTCGTGCGGGTAGTACGGCGCCTCCAGCTCGTCGACCTGCCCCGCCGGCCAGTTCGTCAGCACGACCTTCAACGGCTTCAGCACGCACATCACGCGCGGCACGCGCATGTTCAGGTCGTCGCGCACGTAGTGCTCGAACGTCGCCAGCTCGGTGCGCGCCGGCTTGCGTGCGACGCCCACCGCTTCGGCGAAGTTCCGCAGCGCCTCGGGCGTGACACCGCGGCGACGGATCCCCGAGATCGTCGGCATGCGCGGGTCGTCCCAGCCGCTCACGAGTCCCTCGTTCACGAGGCGGAGCAGCTTGCGCTTGCTGAGCAGCGTGTAGTCCAGCTCCAGCCGCGCGAACTCGATCTGCGTCGGCGGATGGTCGGTGAACCCACACTCCCGCACGAGCCAGTCGTAGATGTCGCGGTTGTCCTTGAACTCCAGCGTGCAGAGCGACCGCGTGATGCCCTCGATCGCGTCGGAGAGGCCGTGCGCGAAGTCGTACAGCGGGAACACGCACCACGCGTCGCCGCGCCGGTAGTGGTGCGCGTGGCGGATCCGCAGCAGCAGCGGATCGCGCATGATCATGTTCGGGTGCGCCATGTCGATCCTGGCGCGCAGCACGTGTGCCCCGTCGGGGAACTCGCCCGCCTTCATGCGGCGCAGCAGGTCGAGGTTCTCGTCCGGCGTGCGGTCGCGATACGGGCTGTTCGTGCCCGGCGTCGTCACGGTGCCACGGTTGGCGCGGATCTCCTCGTCGGTCTGCGAGTCGACGTACGCCTTCCCCTTCGTCACGAGCAGCTCGGCGAACTCGTACAGCTGCTCGAAGTAGTCGCTCGCGTAGTACACCGCGTCGGGCTCGTAGCCGAGCCACGCGATGTCGCGCCTCATCGCCTCGACGTACTTGATGTCCTCCGTGAACGGATTGGTGTCGTCGAAACGCAGGTTGCACCGCCCGCCGAACTCGCGCGCGAGCCCGAAGTTCAGCACGATCGACTTCACGTGCCCGATGTGCGGGAATCCGTTAGGCTCGGGCGGGAACCGGGTCGTCACGGGCCGGCCGAACCGGTTGGTCGCGACGTCTTCCTCGACGAGGTCGCGGATGAAGTTGGAGCGGGGGGTGGTATCGTTCGACACGGTCTTCTTGGGGCTGGCGTGGTCCCTCAAACCTAGCGGCGTTAGCTTCGCGCCATGAACCTCTCCAAGCTCCGCGAGTGGTGGTGGAACCGCGCGGGCCTCGACGGCTCGCTGCGCGAGCGGTCACCGGCGGAGGTCCTCGAGCGCGCGGGCTGGGCGCGTTCCGTCGGCGGCGTCGGTCCGTACCTCACGCTCTTCGCCCGCGCCGGCACCTCGCGCGCCGATGCCGAGGCGGCCGTCGCGGCGCAGCGGATCCACGAGCTGCCCGCGGCGCGCGGCTGCACGTACGTCGTACCCGCGCGCGACTTCGCGCTCGCGCTCCGCGTCGGCGCCGGCTTCGGCGACGCGGAGATGAAGACCGCCGCGAAGCTCGGCGTCACCGACGACGAGATCGACCGGTTGTGCGCGGCGGTCGTGCAGTCGCTCGCCAAGAGCGGCCCGCTCGACCCCGACGGCATCCGCGCCGCCACCGGCGACGCCTCCCGCAGCCTCGGCGAGGAGGGGAAGAAGAAGGGGCTCACCACCACGCTCCCCATCGCGCTCGGCCGGCTGCAGGCGCGCGGCGACATTCGCCGCGTGCCGGTGAACGGTCGGCTCGACCAGCAGCGCTACGCGTACGTCGCCTGGTCGCCGAACCCGCTCGCCGACGGCGACTCGGTCGAGGATCCGTTCGTGACGCTCGGCCGGCGCTTCTTCGCCTGGCACGGGCCGGCCACCGTGGCCGAGTTCCAGTGGTTCTCCGGGCTCGGCGTGAAGGCGACGAAGGCGGCCGTCGAGCCGCTCGGCCTGGTGCCGGCGGAGGAGGGGAGCGACCGCCTGCTGCTCCCGGAGGACGCCGACGCGTGGCGCCGGTTCGAGCCGGGCGGCGACAAGCGCTACGCCCTCGTCAGCTCGCTCGACCCGATCAGCGCGAACCGCCGCGACGTGCAGATGCTGCTCGACCCGTCCGACGTCGAGCGGTTCACCGCGTTCGTCGGCACCGATCGCGCGAACAGCGGGCTGATGGATCTGCCGAGCCACGCCATCCTCGAGCGCGGCCGTCTCGTCGGGCTCTGGGAGTACTCGCCCGACGAGGGCGCGATCGTGTGGGGCGCGTTCGACCGCCGCCGCGATCGGGCCCTCGACGCCGCGATCGAGGAGACGACCGCGTTCGTCCGCGACCAGCTCGGCGACGCGCGGTCGTTCAGCCTCGACAGCCCGAAGAGCCGCAGCCCGCGCATCGAGGCGCTGCGCGGGCTGGGCGGCTGATCAGGCGCGGCGCCGGCGCAGGGTGCCGATCGCGACCAGTCCGGCGGCCAGGAGCGTCCACGTCGCGGGCTCGGGGGTCGTCGTTGCCGGCGAGGCGAAGCTCTGCGTCCAGTCCGTGCCGGAGAGCGACGTCACCGAGAAGGCGACCGGGGCGCCCCCGAAGTTCACGCTCTGGATGCCGCCCCAGAAACCCGTGTTGAGGAAGTTCGCCGTCGCGTCGCCCGGGCCCACGAAGTCGAACGCCGCCTGCGCCGAGATCGTGAACTCGGCGTCGATCTGGGTCGGAACTCCGATCTGCACGGTCGCGAGGCCGAGGTACAGGCCGAGCGGGTCACCCGTGTAC
NZ_CP007128.1_gap48	2293865	2297136	3271	CAGATCCTTGCCGTCGCCGCCGCGATGGAGCAGGTCTTCCCAGCTCCCCTCGCGCGCCTCGGGCACCTGCATGCGCCGCATCGGCTCGCCCCACTCGTCGCCGGCGATCACCGAACCGCGGTGCGTGCCGAACCCGACGAGCACCACGCCGTCGCGCTCGTCGGGCCGCTCGCCGTGCGCCTCGCGCACGAGCTGCCCCACGTTCACCATGCCGGCGCGGCGCATGTCGGTGTAGCGCGCGTCGCCGATGTGGGTGTTGTGCTCCCACACGATCGCCTTCGTGCGCCCGGCGCCTAACGCCTCGTCGTGGAACGCGACGAGGCGCTCCAGCGTCTCCACCATGTGGTGGTCGCGCACGTTCCACGACGTCGGCCCGCCGCGGATCATGGTGCGGTAGTACAGCTCGGCGTTCTTCGCGACGAGCGCGTTCTGCTCGGCGTCGAAGTACGCCTCGCGGCCGTCCTCCTTGTACTCGGGGGCGCGGGTGCGCAGCGCGCGGAGCATGAGCACCGCCTCGTCCTCGCACGACGTCGGCACGAGCGCCGTCGCGCGCGCGTACTCGTGCTCGTCGTCGTGGTACGGATCGAAGCACGCGTATGCGCGGCGCGCCGAGCGCGCCGCGGCGGGGTCCACGCGCTCCAGGTACTCCACCACGCCGCGCATCGAGTCCCACAGCGAGTACACGTCCATGCCGTAGAAGCCGACCTTCCGCTCGTCGGGGAAGCGCCGGTTGTGGTCGCGCATCCATTCCGCGAGCTCCGCCACCTCGCGGTTCGCCCACATCCACGTCGGCCACCGGTCGAACGCGTGCAGCACGTCGGTCGCGTGCGGCTCGTCGGAACGTCCCTTCACCCACCGGTTCACCCGGTAGCAGTCGGGCCAGTCGCCCTCCACCGCGACGAACGCGAACCCTTTCTCCTCGACGAGCCGCCGCGTGAGCCGCGTGCGCCACGTGTAGAACTCCGAGGTCCCGTGTGTCGCCTCGCCGAGCAGCACGAAGCGCGCGTCGCCGATGCGCTCGAGCAGCGGGTCGAGGCCCGCGTCCGACGCGAGCGGCCGCGCCATGCGCCGCACGCCGTCCACCAGCCGCCCGTCGTCGGCGCCCTCGAGACGATCACGCCAGCGGTGTTTCATGCGGGCGTCAGGCCGCACGGAGCAGGCCAGAGGGACTGCGACGGATTCAGTCCGTAGCGATCGCGTACGTGTCCGACGGGCTCGGCACCGCGGCGACGTTCACGTCGATCGGCAGCCGCACGCCGTTGTTGCTCTCCATGACGTCGAGCATCCCCTGCCACACGTCGGCGAACGTGTGCCCCACGTCGGTCGGCGCCTTGTCGCGCGAGAAGTTGTGGCCGCTCGCCACCCAGATCGTCGGCTCCTCCGTGTTGCGCGCGGAGGCGAAGACCTGCTGCAGATCGTCGTGCACGTCCTCGGCGTTGTGCGCGTGCACGTACACGCCCACGCGATACCGACCGTCGGCGAGGACCCGCTCGGCCCACGCGCGATAGTAGTCGCGCATCGCCTGCGGCATCTTCTCCATGCGCTCGACGTCGAGGAAGATGACCGTCCCCTTCGGGAAGCCGTCGGTGGCCGCCTTCGCCACGGCGTCGTCGCCGTCGATGCGGCCGCGCGCCGCGCTCACGAGGTCGGCGTTGCAGCTCGCCCCCGACTTCAGCGCCTTCTGCGCCGCCTTCGAGCTCGGTCGCGGCGTGCGACCCCACGTCTGCTGGCCGACGTAGATGACCGCCATGCCCCACTTCATGTCCACGAGGCGCTCGCGCTTGCCCGCCCACGAGTTGTCCTTGTGGCAGGGCGCGGGCAGGTAGTAGCCCACCCACTCGTACTTCCCGGACTCGCGCCAGGCGCGCATCGCCTTGTCGCCCGGGTAGACGTTCGTGTCGAAGCCCATGTGACGCCCGGTCGTCGACGCCGTCTTCGCCGCGACCTCGACCGGGATCTCGGCCACGCGCTCGGTGGCCGAGATCACCACCTCCGGCAGCACCTGCGGCTCGACCGTCCACATGTGTGGCACGGCCAGCGCGGCGGACACCGCCGCGAGCCCGGTCACGGCCGCGGAGTGCCGCCACTTCTCGCGCAGGGTCTGGAGGATGTGATTCATGTCACGGTGCATCGGCTCGATGAATCCTACGCCATCTGCTTCCCCACGATCCCGCCGCCCGGCGGTCTTCTCGGCCCGTCGCTGACTCGACGGTCAGCGCCCGCTCTACGGGCACGCGACGGGCCGTCGCGCCGTGCGTTTACGGGTTTCTCGTTAGGCGGGTGCGCGGCGCGCCCCACCACCGTGCGAGTCCGCCTCTTGCACTTCCGCCCGCTGGACTCCCACTCACCGGAGGCAGCGGATGCGTCTCGTCGGACGCTTCAGTACGGCATTCCTCGTCGGCGCCACGGCCGCGCTCGGCGCGTGCGCGCGGGGCGACACCAGGGCGGATTCGGCCGCGTCGGCGCCCGTCACCACCGACTCGAGCGCCGGCGCGGCCGTGCGCGACTCCGCGCAGACCGGCGCGAACGGGGCGAGCGCGAACCTCACGCCGGCCAACATGACGTCGCTCATCGGCCTCACGAACGCGAGCGAGATCGGCCAGGCGAAGATCGCCGAGGGCAAGGCGACGAACCGCGACGTGAAGGCGTTCGCGCGGCTCATGATCTCCGACCACGAGGCGATGCAGAAGTCGCTCGACTCGCTCGCGAAGGCGAAGAGCCTCACGCCCACCCCGCCGCAGCAGGCCGACCAGCTCCGCCAGAGCGACTCCCAGACGCTGGCCTCGCTGAACGCCGCCGCGCAGGGCCCGGCGTTCGACAAGGCGTACGTCGACGCGCAGGTCGCCGCGCACCAGAAGGCACTGAACGACCTCCAGACGATGGCCGGCGCCACGTCGGACCAGGACCTGCGCGCGCTCATCCAGCAGGCGATCCCGAAGGTGCAGGCGCACCTCGACAGGGCGCAGCAGCTCCAGTCGGCCGGCGCAGCCGGCAAGCCGTGAGGGCCCGCTGGACGGCGTTCGGCGCGGCGCTCTGCCTGCTCGCGCAGGCGTGCGGCGGCGACGCGAGCAGGGCGCGGTCGGACAGCGCCGCGGCGCGCGTCGCCGCGAGCCCCGCCGCCACGCCGCTCGCCGATACCCCCCGGGCCGCGCCGAGCGAAGCGGCGCTGGACTCGGCGCGGCGCAAGGCGCGGCACATCCACGGGCCGCTCGCCCGGCCCGCCGGGGAGCTGTCGGAGGAGTCGGTCGAGGGGATGGTCGATGCGATCAAC
NZ_CP007128.1_gap49	2406219	2409796	3577	GCCGCTTCGCGCGCATCCACCGCTCGGCCATCGTGAACCTCGAGCGCGTACGCGAGCTGCGCCCCACGTTCAACGGCGAATACGTCGTGGTGCTCGCGACGGGCACCCGCCTGACGCTGAGCCGCGGCTACCGTGACGCGTTCTTCGATCGGATGGGAAAGGGCTGATGCGGCGGCGCTGATGCGGCGGCGCTGGAACCGCGGCGCTCGGACGGCGCGCCTCTTCTAGTTGGCGCTAAGTGTCGGGCGGTTGCTCCAGGCGGGCGATGAGGGCGAGGAGGAGACGTCCCGTGTGGCAGATGCGGGTGCCCAGCGAGGCGATCTGGGCAGGCGTGGCCAAGTCGCTGTCTGCGAGCTCCTCGATGTCGGACTCGAGCTCCTGAAGCGAGCCGCGAGAGAAGTAGAGGAAGCGGAGATAGTCGGCCCTCGTGGCCCGGCCGCTGCCTTCCGCGATGTGCGCGTGGATCGACCGTGCCGAGCCCCGGAGCTGCGCCGCGAGCGAGAGCTCGCATCTCGGCAGTTGGCGCGCGAAGCCGCGAACTTCCTTCGAGAGCGCGATCGCCTCCTGCCACACCCGCAGTCCGCGGAACGACCGCCAGCTGTCGTCGCCGTCTATCATGCCCCACACTGCAACCCGGCCGCGGCGCCGACTGCACCTTCGGAACGCGGCTCGGGCCCAGGAAACGCAGTATCAGAGCCGCCGTTCCAGCGCCGCCGCATCAGCGCCGCCGCATCAGCGCCGCCGCATCAGCGCCGCCGCATCAGGTCCCCGGCAGACACGTCTCGCGCAGATCCTTCGCGAACCGCTTCGTGTCCTTCGCGTCGGCGAAGAAGTCGTCGATGTAGCCCACGGCGCGCTTGGCGTAGCCCTTGTCGAGCGCGGGCACCGACTCGTACAGCGCGCGGATCGCGTCGCGCTTCGCGGTGAAGCGCGCCACCGCGTCGGCGACCTGCGGATCCGTGAGGCACGGGCCGCGGTACAGCCGCTCGCGCACCGTCTTGATCGGCAGCCGCGGGTCGGGGGACGAGTAGCGCGTGTCGACGAGCCCCGAGAAGTCGAAGTCGTACGGCACCGCCGTCATCCCCTGCGGCGTCGTGACGAGCCGCACGTTGTGCAGCGCGCCGAGCGAGAAGTCGGTGTTGCCGATGAAGTACTCCCAGATGCCGAGCAGCGCGGCCGACGAATCGGACACGTCGTTGTACCGCCCGCCCCTCGCGGTGAGCACGTCGCCACCGAGTCGGTCGCCGAGCTCGCGCTCGCTCTCGAGGAACATCCCCCATCGCTCCACGACCTTCGTCGTGTCGCGCACGTCGACGTAGCGCATGCGCGCGAGGCGCGGCCGGAAGCTCACCGGCGTCAGGAGGTTGTGCGCGCGGTAGGCCAGGTACTCGCGCAGCACGTACTGCTCGTAGAGGTTCGAGTCGTTGCAGTGCGTGCCGAGCTTCAGCGCCTTCTGCCCGGCGAACAGCGTGTGCTTCGTGCCGGAGTCGAACACGACGCGGAGCGGCGGGAAGCTGCACGTCCCGCGCGAGAGCCGGAAATGCCCGCGCGTCGAGAGCTGCACGGGGATGCGCACCACGCGACCCGCGGAGTCCGTGTAGGCGAGCGTCGCCGCGCGCAGCTTCGGGCGGAGCGTGTCGCGATCGCCGCCGAGGGCCTTCCAGTCGCCGGTGAGCGTCACGTGGATGACGCTGTCGGTGGCGAACAGCGGCGACGCCACGTACGGCTTCGGCGTGCGCTCCGTCTTCGGCGGCTTGTCCGCCTTCGACTTGCCGGCCTTCGGCTGCTTCGGCTGCGCGAGCACCGCGGCGCCGGCGAGCGCGAGCCCGGCGAGAACGTTGAGCATCACGAGACCTCCGCGTGGACGACGAACGGCGCCCCCTCGCTGCACACCGCGGCGACGACGTCGCTCGGCGTGTTCCCCTTGCGCCACCGGACGTTGTACGCGACGACCGGGTCGCCGCCGTCGGTGTCCACCAGATCGAGCCGCCACCGCTTCACGCGCGCGTCGAGCACCGGCTCCACGAGCGGGCGCAACGCGTCGGGGTCGGTGGTCACGATGCGCAGCCGCGCGTCGAACTCCGCCTCCGGCGTCGTCACGGGCAGGTTCGGCGCGCCCTCCTCGCGGCGCTTCCGCACGCGAGACGCGAGCGCCTCGAGCTGCGCCGGCGCCATCGAGCGCAGCACCTCGTCGTCGATGCGCGCCACGAACTGGCTCGTGCGGTTCGCGATGGCGAGCGCGCGCTCCATCTGCTTCTGCGCGCGCTCGCCCTCGAGCGCGGGCGGCGTGCGCCCGAAGTCGGAGTAGAACAGCGCGAGCGCCATCGCGTTGAACAGCACCGAGATGACGACCGCGACCTCGATCTCCACGCCGCACGCGAGCCCCACGCCGGTCACGAGGAACAGAAAGACCGCGTCCTTGCTGTCCTCGAGCGAGTTGCGGAAGCGCACCGCGGCCACGATCCCCGCGAGGCTGAACGCGAGCGCGACGCTCGTCTTCACGAGCACCACCACGCCGGCGACGACGACTGGCAGCAGCACGAGCGTGTGCACCACGGACTGCCGGTACCCCTTCCGCTCGCGCGTCAGCATGTAGATCCACGCCACGGGCAGCGCGAGCAGGAACGCGGCGACGACGGCGCCCGCCACCGACAGCGCCACCGGCTCGGCGAGGCGCGCCGCGACGACGTCGCGCTTCGAGGGCACGGCGCCGAACACCGCGCCGACGTCCAGGTTCGGCGCGTACGACTTCAGCAGCGCGTCGCGCATGTGCGGTGGCACGTGCGGCCACGCGAGCGCTACTGCGCCGAACAGCAGCGCGTAGTACAGCACCACGCGCCGCACGATGTTGTCCGTGAGCGCGGTGGTGACGCGGTGGAGGGGCGAGTGGCGCGACGAGGACATGGACGCGGGGAGCGTCTCGGGGAGAGCGCCGGCAGGGCGCCGGCGCGTCGCGATGATAACGCCGCCGGAGGATCATGGCGAGATTCGGGGGGCGTCGTACATTGCCGCCATGCGCGCGCTCCTCTCGCTGTCGCTGTTCGCCGCGTTCGTGTCGGCCGCCGTGCCACTCGGTCGGCATGGCGCCGCCCCCGCACGGGCGACGGCCGCACCGGAGCGCGTCGCCGCGCAGGCACCGGCGCCCACGCTCGTCGTGGTCGTGACGGTGGACCAGATGCGCGCCGACTACCTCACGCGCTTCGGGCCGCAGCTCCGTGGCGGGCTCGCGCGGCTGCTGCGCGACGGCACGGTGTTCGACAGCGCGTTCCACGACCACGCCATCACCGAGACCGCGCCCGGGCACGCGACCATCCTGAGCGGCCGCTTCCCGCGCAGCACCGGCATCACCGCGAACGTCATCGGCGTCGAGGACGACGCGATGCCGCTCGTCGGCCGCGACAGCGGCGCGCTGCCGGGCGCGTCGCCGCGCCGCTTCCGCGGCACCGTGCTGTTCGACTGGATGGCGGCCCGCGATCGCGACGCGCGCGCGCTGTCGATCTCCATGAAGGACCGCGCCGCGATCCTCCCGTTAGGCCGCGCGCGGCAGACGGTGCTCTGGTACGCGCCGACCGGCCGC
NZ_CP007128.1_gap50	2433774	2437803	4029	GGGGACGTGCACGCCCTCCATGAGCAGCGGGATGGAGCCGGAGGCGAGGAGCGCGGCGTGGAGGTTGGCGCGGCGGAGCGGGACGTGCGTCGTCGGCAGGTCGGCGAGATGGCGGAACGGCGTCTCGTCGCCGCACGAGTGGAACACGACGCGCCGCATCTGGAGCGCGAGCGTGCGGCGGCTCACGAGGTTGCCCGCGGCGGCGAGCGCGATGCCGGCGGACAGCGCGAGGCGCCGGGTGCTCGCGACGAGCCCGCGCGCCGCCGCGGTGAGGACGTGCAGGCGCGCCCACGGGTGGGTGAGGATCTCGTCGACGCCGGTGGTGCCTAACAGCCGGTCGAGCGCGCGCGTGAGCACGGCGCTCACCTCGCTCGGCGACGGCTTCGGCGAATAGCGCTGTTCGTGCACGTACGCGTGGTGACCGCGCGCGAGCGCCGCGGCGGGGTCGCGCTGCGCGAGGCACGCCATGCGCCAGCTGCCGATCGAGGAGCCGATGAGGTGCATCGGGCGCGTGCGGGGCGCGCGGAGGAAGTCGCCGAACAGCCACGTATCGAGCCCGGCGAGGGCGAGCCACTTCGCGCCCCCGGACGCGGCGGGGAGGACGTCGACGTCCTCGGCGCGCAGGCCGCGCGCGCGGACGAGGGCGAGCGCGTCGGGGCCGGCGCGGAGCGTGAGCGACGAGGGCACGGGCGGAAGGTAGCGGCGCGCCCGGCCGAGTGCCTAACGATTCAGCGTGACGCGCGACACAGTCGGGGCGTGGGCGGGAACACGGCTTGCGGCCGCCGGTCCCGCCGCGCCGGAGCGCGGCGAACACACCCGGAGGGAGTCACATGGCACATGATGACCGCATCCGCGACATCGACGCGTCCTCGACCGGCGCACTCGTCCACGCCAAGGACCTCAAGGACTTCAAGCTGCCGGAGGGTCGTCCCGATCCCCGAGGCTGGGACGTGCTGCTCGCCGACGGCACGAAGGTGGGGAAGGTGGAGGACCTGCTCGTCGACACGAGCTCGCGCCAGGTGCGCTACCTCGAGTTCGACGTGGCCGACGCGGTCGTGAAGGCGGGTGGGCGCGAGTACGCGCTCGTGCCGATCGGGGCGGCGCGGCTCGACGACGACCGCGACGACGTGATCGTGAACCTGTCGCTCGCGGATCTGCGCGACGTGCCGCTGTACGACCGGCGTGAGCTGTCGCGCGACTACGAGCAGCGGCTGCACGAGTTCCTCGACGAGCGGCCGCACGCGGCGCGGCGCGACGTGGAGACGACGCGCGGCGTGGAGCGGCCCGTCGTGGCGGCCGACCGCGCGGCGGACTTCTACGCGAACCCGTACTACGACGAGAAGTCGTTCTTCGGCGCACGGCGCGCGGCTGCGCCCGGCGCCGGCGCCGCCGACCGCGCGACGACGAGCGGGCTCGCCGACCGCGTGGTCGACGCGGCGGACAACGTCAAGGACCGGATCGACGGCAACCCGGCGTCGCGGCCGGGTCCGGATCCGACGGACCGGCAGATCGGGCGGCGGTGAACCGTCGGAACTCGGGACTCGGGACTCGGGACTCGGGACTCGGGACTCGGGACTCGGGACTCGGGACTCGGGACTCGGGGGGGCTCCGGGCGTCATGCCCGGGGCCCCTTTCGCGTCAGGAGCGCCCGCTCGGTGGCAGGCCCTTCGCCGCGACGCGCTCCACGGCGTCGCAGAACGCGTCGAGGTCGGCCGGCGACGTGTAGACGTTGGGCGTGACACGGACGCCGCGGAACGACGCGCGATCGTAGCGGATGCTCTGCACGAGGATGCCGAGCCGGTCGCGCAGGAAGCGCTGCAGGGCGTCGTCGTCCACGCCGTCGAGCGAGAAGCTCGCCAGCCCGCAGCTCATCTCGGGCGACGCGAAGCTCGTGGAGAAGCGCACCTTCGGCACCTTCGCGAGGCGGTCGGCCCAGGTGCGCGTGAGGAAGCGCAGACGCGCTTCCTTGCGCGCGGCGCCCAACGTCTCGTGGAAGTGCATCGCGTCGCCGATCGCGACGAACGGCGCCATGGAGCGTGTGCCGATGTCCATGAACTTCCACGCGACGTCCTTCGGCGCGGCCGGCGCGGTGGGGAGGAGCGGCCACACCTTCGCGAGCTTGTCGCGCCGCCCGTAGAGCAGCCCGGTGCCGATGGGCGCCATGAGCCACTTGTGGAGGCTGGCCGCGTAGTAGTCGCACCCGAGGTCGGCGATCTTGAAGTCGACGTGCGCGAACCCCTGCGCGCCGTCGACGACCACGTCGGCGCCGCGCGCGTGCGCCATCTCGCAGATCTGCTTCACGGGAAAGAACTGCCCGGTGAGGTTCACCGGCTGCGACACGAGCACGAGACGGGTGCGCGGTGTCATGCCGCCTTCGATCGTCTCGCGGAGCTGCTCCATGGATGCCGCGGGCACCGGCACGGCGACGCGCTTCACGACGATGCCATCGCGCGCGGCGCGCTGGTCGAGCGCGTTCTGCATGGCCCAGTAGTCGTGCGTCGTCGTGAGCACCTCGTCGCCGGGGCGCAGGTCGTAGCCGAGCAGCACGGTGTGCAGCGCCTCGGTGGCGTTGCGGGTGACGGCCACCTCCTCCGGCGCGCAGCCGAGCAGCGCGGCGAGCTCGCGGGCGAGGTTGGCGGTGCCGGGGCCGAGCATGTCGCGCACCAGCACCGGCGCGTCCTGCTCCATCTCGAGGTGACGGACGAGCGACTCGGTGACGACGCGCGGCGACGGCGAGACGTTGCCGTTATCGAGGTTCACGATGGACGGCGCGACCGTGAACGCGGCACGCACCTCGCGCCAGAACTGCTCATCGTCGGCCGCGTCGGCGGGCGCGCCGTGGCGCAGCCGGTCCGCCGCGGCGGCGATGGCGCGCCGGCGAGGCGTTCCAAAGTCGGCCACCACCGCGGTGCCTAACGTGGTGCCGAGCGCGCCGGCGGCGCGTCCCACGAACGCGCGCCGCGAGAGCGGGTGTCGGGAGCGCGGGAGCACGGTCTCTCCTCCGGTGACCGGGAGAATGCGAGAGGGGGGGCGCCCATGACATAGGCGCCCCGTGCCGCTCCCGCAACCGTCCGCGATCGCGCTCGACGTCGGCTACGCCAGCTTCGTCGCGTTCGTCGCCGCCTTCTGCGCCTTCAGCGTGAGCTCGGTCGCGAGGAAGCAGTGCGCCTGCGACATCGCCGTCTCCGTGCGATTCAGCACGTCGTCGACGAGCTGGCGACCGAACGGGAGCTCGACCTTCGAGCAGTCGATGCGCTGGATGCCCTTGCCGTCGACGAGGAAGAGGTGGTTGCCGCCGGGCAGGCCGCCGATGTCGACGTACTTGCGCGCCTCGATGTAGCCGTCGGTGCCGAGGATCGTGAGGCGGCCGTCGCCCCACGTCGGGAGGCCGGCGGGGGTGAACCAGTCGACGCGCACGTAGCCCGTGCCGCCGTCGCCGCGCAGCATCACGTCGCCGAAGTCCTGGAACTTCGGGTGCTCGGGGTGGTGCATGTTGCCGACCTGCGCGGCGACGACCTCGCCCTTCGTGGAGCCGGTGTAGAACAGGAACTGGTCGATCTGGTGCGAGCCGATGTCGGTGAGGATGCCGCCGTACTGCGCGGGATCCCAGAACCACTCGGGGCGCGACGGGGGGTTGATGCGGTGCGGCGCGAGATTCACGGTCTGCACGACGTCGCCGATCGCGCCGGCCTTCACGAGCTCGCCCGCCTTCACCGCGGCCGGGACCTCGAGGCGCTCGCTGTACAGGATGGAGTAGATGCGCTTCGTCTGCGCCTGCACGCGGCGCACCTCGGCGAGCTGGTCGAGCGTCGTGATGCCGGGCTTGTCGGAGAGATAGTCCTTGCCGGCCTTCATGACGCGAATGCCTAACGGCGCGCGCTCCACCGGGATGATCGACGAGAGGACGAGCTTGATGCTCGGGTCGTCGAGCACCGCGCGCTCGTCGGCGACGGCCTTCGCCTGCGGGTAGCGGCGCGCGAACGCCGCGGCGATCTCGGGCTCGCGGATGTGGTACGACACGAGCTCGCC
NZ_CP007128.1_gap51	2444275	2448751	4476	CGTGGAGAAGCTCTGCAGGTCGCCGACCCACGCGCCCTCCTCGGAGAAGCGGAGGATGGACTCGTTGCCGTTCGCGTCGACGGAGTACCACCGGAAGAGGCCGCGCACGACGAACGCGCCATGCGTGGTGACCTCGCCGGCGCGCTGGTAGGCCTGCCCCTTCCGGAACGAGCGGGGGACGAAGAGCGTGCGCATCCTGGCGGCCGTCTCCGGCGGCACCCGGTCGCTCGGTGCGAGCGTCGCGAGGAGAAACTCGTACGGGTCGCGCTGCGCCGGTCGCTTCGCGTCAGGCGCCGCGGGGCCGGGGCGGGCGGTCGCCGCCGCCGACTCCTCCAGCGCGCGCAGCACCTCGCGCGCCGACGCCGGCCGCGCCGAGGGCTCGCGCTGCAGCAGCCGCGCGACGAGCGTCGCGAGCGCGGCCGGAACCTCGGGCCGCAGCTCGTCGAGCGGGCGCGGGATCTCGGTGAGCTGCGCCGCGAGGACGCGCATCGGCGTGGATCCCGCGAACGGCTGCGTGCCGGCGAGCATCTCGTAGCCCATGACGCCGAGCGCGTAGAGATCCGCGCGCGCGTCGACCTCGCGCTCGCCGGCGACCTGCTCCGGCGCCATGTAGCCGAGCGTGCCGATCCCGAGCCCGGTGGACGTTAGGCGGTCGCCGCCGCTGGACGGCTCGAGCGCACGCGCGACGCCGAAGTCGGCGAGGACGGCGTGGCCGTGCTGCAGGAGCACGTTCTCCGGCTTCACGTCGCGATGCACGACGCCCGCCTCGTGCGCGCACGCGAGCGCGTCGGCGACCTCGCCGAGGATGCGCACCGCGTCGGCGATCGGCACGGGGCGCTCGCGCTCGAGCCGCGCGCGCAGCGATTCGCCGCGCACGAACGGCATCACGTAGAAGTGCAGCCCGTCCTGCGCGCCGGCGTGCAGCACGGGGAGGATGTGCGGGTGCTGCAGCCGCGCCGTGACGAGCATCTCGCGCCGGAACCGTTCCGCGCTCACGTCGTTCGCGAGCTCGGGCGGGAGCAGCTTCACGACGACCGGCCGCTCGAGCGCGCGCTCGGTGGCGAGGAAGAGTCGGCTCATGCCGCCAGGCGTCAGCTCGCGCTCGAGAGCGTAGCCGTCGCCGAGCGCGTGCTCGAGGCGAGCCTGAAGCGGCATCTCCAAGGGCGCTCCTCCCCTCGCGGTGTGCGGCCCAACCTAGGGCGCGGCGCCCGGCCGCGATAGCTTGCCGTCGCCCCGCGCCCAACCCGCTCCCGACATGCGACTCTACCGCACCGCCGGAACGCCGGTCCTCGAGATCGAGGGCCGATTCCATCCCCTCGCCGAAGCGTGGGACGCGCTGATCGCGCGCGAAGATCTCGTCGCCCATCTGCGTGCGGTGGCGTCGCGCGGCCGCGGCGGCGTGCGGCTCGACGAGGAGATCCTCGCGCCGGTGGACGGGCAGGAGGTGTGGGCCGCCGGCGTGACGTACTGGCGCAGCCGCACGGCGCGCATGGAGGAATCGAAGGACGCCGGCGGCGGCACGTTCTACGACCGCGTGTACGAGGCCGAGCGGCCGGAGCTCTTCTTCAAGGCCGCCGGGTGGCGCGTGCGCGGGCCGGGCGACGCGATCCGCGTGCGGCGCGACGCGCGATGGAGCGTGCCGGAGCCGGAGCTCGCGCTCGTCATCGGCCCGCGCGGCACGATCGTCGGCTACACGGCGGGCAACGACGTCAGCTCGCGCGACATCGAGGGCGAGAACCCGCTGTACCTGCCGCAGGCGAAGGTGTACGACGGCTCGTGCGCGCTGGGCCCCGCGATGCTCGTGGCCGAGCAGCCGTTAGGCAGCGAGACGCGCATCGCGGTGCGGATCGCGCGCGGCGGCGCGGCGGTGTTCGCGGGGGAGACGACGCTGGCGCAGATGCGGCGCACGCCGGAGGAGCTGGCGGCGTGGCTGTTCCGCGAGACGAGCTTTCCGCGCGGCGCGGTGCTGCTCACGGGGACCGGTATCGTGCCGCCCGACGACTTCACGCTGGCGAGCGGCGACGAGGTGCGGATCGAGATCGACGGGATCGGCGCGCTCGTGAACAGGGTGGAGTGAGGTGCGAGGGGCGAGACGAGTACTGAATGGGGATCGCGGGATCTTGAAGGATCCGAAGATCCCCATTTCGTGCTCGTCTCACAGCTCCTAACGAGCCTAACGCGATCGAGTCCGCGGCTCGCAGCTCGACGCCCGTGCCTCGCCCGGCGGGCCGAGCACGCGATAGATCGCGCGACAGGCGTCGAACCGCGCGCGCGCGCCTCCGCCGTGTCGCCGCGCGCGCGCTCGGTCTCGCCGAGGTGGCCGAGGATGGACGCGCGCTGTGCCGTCGGGAACGACGTCACGCGCCCGAGCGAGTCCAGCGCCGTGCGCAGCACCGCGCGCGCCGAGTCGACGCGTCCGCGGCGCAGCAGCAGCTCGCCGAGGACGTCGAGCGCGGGGACCATGCGCCAGAACGGGACGGTGCCGGCGGCCACGTAGCGCGCGAGCACGTCGCGAGCGCCGCGCTCGGCGACGTCGACGCGGCCGCGAAGCAGCGCGATCCGCGCGATGCCCAACAGATCGTCCGCGACGTCGGGGTGCCGGTCGTCGAGCGCGGCACGCTTGATGGCGAGCGACCGCGTGAACAGCGTGTCCGCCTCGTCGAGTCGACCCGCGGCCGTCGCGGTGGCCCCGAGATCGGCGTAGCCGTTGGCGATCTCCGCGGCGCCGAGATCGGAGCGCACGCGCACGTCGAGCGCGCGACGATAGTGCCATTCCGCGCCCGCGATGTCGCCGCGGGCCAGCCGGACGTGGCCGATCGTCTCGTGCGCGTTCGCGAGCTGGGCGCGGTGCACGGCGCTGTCGCGAAGAATGTCGATCGCCTGCGCCGCGGCGCTCTCCGCGCCGGCGAGGTCGCCGAGCCGCTGCAGCGCGCGCGCGCGCCCGTGGAGGAAGACGGCCACGGCGGTGCTGCGCGGGCCCACTCGCGCGCGGATCACCGGCAGCGCGGAGTCGAGCTGCGCGAGCGCCGCCGACAGGTCGCCCGCGAGGCTCAGCGTCTCCGCATAGTCGGAGCGCATGTCGGCGACGGCGTATGCGTCGGGATGGTCGGCGATGCGCTGCGCCATCGCCTGGCCGGCGAGCCGTGTCGCCATGCGGAAGTCGCCGAGCCCACTGTAGCCCCGCGAGAGCGCGAACAGCACGTCGGAGCGCAGCGTGCCGCCGGCCGGGTCGGGTTTGACGAGGTACGAGCGGGCGACGCCGCTGTCGAGCAGACTGCGGAGCGAGCGGTCGTGTCCCGCACCCGCCTCGTACGGGTACGGGAGGTCGAGGAGGCCGAGGAGGAAGTTCGCCACCTCCGCGGTGCGCCGCGTCTCGCGTTCGGCACGACGGGCCTGCACCACCGCGGTGACGGTCGCGCCGACGAGCGTCGCGATCGCGAGCGCGCCGAGCGCCACGCCGCCGCGGTGGCGCCTAACGAACTTGCCGGCGCGGTACGTCCAGCCGTCGGGGCGCGCGCTCACCGGCAGGCCGCCGAGCCAGCGCGCGAGATCCGCGTCGAGCGCCTCGACGGAGCCGTAGCGGCGCGCGGGGTCGGTGCGCAGGCCGGCGAGCGCGATCGTGTCGAGGTCACCGCGCAGCTGTCGGCGGTGCGACTCGGGCGCGGCGTCGGATGGACGCACGGGCTCCGTCTCGAGCACCGCGCGCTCGAGGTCTCGCCACGATCGCGCCGCGCCGTGCGGCGGCCGGCCGGCGAGCAGGCGGTACAGCACGGCGGCGAGCGAGTACACGTCGCTCGTCACCGTCGGCGCCTCGCCGCGGAACTGCTCCGGGCTGGCGTAGGCCGGGGTGAGCATGCGCGACGTCGCCAGCCCCGAGGCGTCGGCGCGGTCGCGTGCGAGCGCGTCGTCGGCGAGCGGCCGCGCGATGCCGAAGTCGACGAGCTTCACGACCCCGTCGTCGGTCACGAGCACGTTCGACGGCTTGAGGTCGCGGTGGACGACGAGCCGCTGGTGCGCGTAGCGCACCGCGCCGCACACCTGGCGCAGCAGCGCGACGCGTCCGCGCACGTCCAGCCGCCGCGCGTCGCACCACGCGTCGATCGGCACGCCGTCGACGAACTCCATGGCGTAGTACGGGCTTCCGTCGGCGGTGACGCCGCCGTCGAGCAGGCGCGCGATGCCCGGGTGGTCGAGCCCCGCGAGGAGCTCGCGCTCGCGGCGGAAGCGGCCCGACAGTCGCGCGCGGTCGACCGAGTCGCGGACGATCTTCAGCGCGGCGCGTCGCGCGAACGCCCCGTCGGCGCGCTCCGCCTCGTACACCTCGCCCATGCCGCCGGCACCGACGAAGCGGACCACGCGCCACGGCCCGACGTGCGTGCCTTCCGTCAGGCCGACGCGTGGCGGCGACAGGCCGCCGGGCGGCAGCGGCGGCGCGTCGAACATCGACGCCGGCTCGTCGGCCGCGGCGAGCCACCG
NZ_CP007128.1_gap52	2452022	2454799	2777	TACCCGGCCGCGTGGCCGTCCTTGCGCGGGTCGGAGCCGGCGGCGTAGCCCTTCGGCAGCTTGATGATGGCCTGCGCGCCGCCGAACGCGGTGCGGCGCTCGTCGGCGATCTCGTGGCCCATCGCGGCGAGCGCGGCGCGCACGCTGTCGCCGATCGCCGGCTCGAGCGCGACGCTCAACCCGTTCAGGTGCCGGAAGCGCGGTGCGTCGATCGCCTGCTGCACGTCCATGCCGAAGACGAACATGTTGATCAGGAACTGCGCGTGCCCCTGCGCCTGCATCGCGCCGCCCATGAGGCCGAAGCTCATGTACGGCTGATCGTCCTTCGTGACGAATCCCGGGATGAGCGTGTGGAACGGCCGCTTGCCCGGCGCGACGGTGTTCGGCAGCCCGGGATCCATCGTGAAGCCGGCGCCGCGATCGTGCAGCGCGAAGCCGGTGCCGGGCACCACGATCCCCGACCCGAACTCGTCGAACAGCGAGTTGATGAACGACACCATGTTGCCGGCGCTGTCGGCGACGGTGAGGTAGATCGTCTCGCTCGCCGTCTGCGCGGGGCCGGCCTCGACGCGGCTCTGCGCACGGTGCTCGTCGAGATGGCTCCGCCGCTCGGCGATGAACGCGTCCGACAGCATGCGTTCGGCGGGCATGGTGAGGTGCTCCGCGTCGCCGACGTAGCGCGCGAGGTCCGCGTACGCGAGCTTCTTCGCCTCGATGAGGTGGTGCAGGTAGGTGGGCGAGTTGTGCCCCATCGCCTTCAGGTCGTACGCGTCGAGGATGCGGAGCATCTCGAGCGCGGCGATCCCCTGGTTGTTCGGCGGCAGCTCCCACACGCGGTAGCCCTTGAACGTGGTGGAGATCGGCGTCACCCACGTGGGCTTGTTCGCCTTCAGGTCGTCGAGCGTGATGAAGCCGCCGAGCTCCTGCACGCGCGCGACGATGCGCTGACCGAGCGTGCCGCCGTAGAGCGCGTCGGGCCCCTCGGCGGCGATCTGCCGCAGCGTGCGCGCGAGGTCGGGGTTGCGGAACCAGTCGCCGGCCTTCGGCGTCTTGCCGTTCACGAGGAACGTCGCGCGCGCGCCCTCGTCGCGCGCGAGGACGTCGGCCTGTCCCGCCCAGTCGTTCGAGATGACCGGGGTGACGACGAACCCCTCGTCGGCGTAGTGGATCGCGGGCTGCACGGCCTGGGCGAGCGTGATGGTGCCGTACTTGGAGAGCAGCTCCTGCCATCCCGCGAGCGCGCCGGGCACGGTGACGGTCTCGATGCCGCGCGACGGCATGCGCGTGCGACCGCGCTTCACCAGCTCGTCGCGCGACATGAGCGAGCCCGCGCGTCCGCTCGCGTTCAGCGCGACGAGGCGGTGCTCCTTCGCGATCCACACGAGCGCGAACATGTCGCCGCCGACGCCGGTCATCATCGGCTCGACGACGGCCAGCGTCGCCGCCGCCGTGACGGCGGCGTCGATGGCGTTGCCGCCCTTCTGCAGCACGTTCAGCGCGGCCGTCGTGGCGAGCGGCTGGCTCGTGGCGGCGACGCCGTGCGGCGCGTAGACCACCGAGCGGCCGGCCATGGTGAGCGGGCGCTGGGCGGGCAGGGTGAGCGGCGCCGCGAGCAGCGCGGCGAGGAGGACGGTCGGTCGACGCATGGAGGCTGTTGGTGGGGAGACGACGCAAGCTACCGCGGGGACCGCACGCCGCCATCGGTCGCGGACGTGGCGGGAGCGGCGCCCGGCCGGGACTCCACGTACGAGTTTCTGGAGGACTGAAGGAGGACTGAAGAAGGAGAACACCAACAGAGTTGTTGGTCCTTCTTCAGTCCTCCTTCAGTCCTTCTTCAGTCCCACGAACACTCGTACGTGGAGTCCAGGACGGGCCACACCACGCCTAACGGACGCGTCGCAGCTCGATCGCGTCGATCCCGACGAGGTACCCGTCGGAGTAGCCGTGCGCGCGCGGGTCCTTGCCGACGATCTCCAGCACGAGCGCGTTGTCGCCCGCGCGCAGCGGCACGCGGCCGAGCGACACCGGCCCCATCGCCTCGACGTGCGGCGCGTAGCCGTGCACCACGGGCGAGAGCGTGTGGCCGTTCACGCTGAGCCGCACGTCGCCGTAGTCGGGAGCGCGCGTGAAGCGGCCCACGAGCTCGTAGGTGCCGGCGGCGGGCGCGCGGAGCGGCAGCGTGAGGCGGGCGCCGGGGCGCGCCTCGACCCACCAGAGCTGCGAAGCGCCGCTCCACCCCGCGGAGTCGCCCTCCCACGCCATCATGTCCTGCGCCTGCACCCGGCCCGCGGTGGCGCGCGCGGCGCCTAACAGCGACTCCGCCTCGATCGCGCCGGGCACGCGCATCGGCGGCACGGGCTCGTACGGCAGCAGCTCCGCGGGGAGCGGCGGGAACGCGCGGTGCGGGTGCGTCTGGTACCAGAACGCCACCGAGCTGTAGTCGGTGCCGGGCGCGTCGTTCGTGCCGCCATGCTCGATCGTGAATCGGAGCGAGCGCGCGAACGGGATCGGATCCTCGATGTGCCAGCGGTACGCGCTCACGCGGCCCGAGAGCGAGTCCTTGATCGTGAGCCCGTGGTAGAGCGACGAGTACGGGCCGCGATCGAAGTACCAGCCCGACGAGAAGTAGTCCTCGGTGCCCGTACCGATCACGCTCGGTGTCGTCTCGCCGTCGACGAACACGCGCTCGTCGCCCTCGAGGTACCAGAGCGCGCGGCCGCGACGCGGCTGCATCGAGAGCACCGTGCCGACGTACTGCCCGCGTCCCTCGGCCTCCA
NZ_CP007128.1_gap53	2511156	2512669	1513	CGCGCTCGTCGCCGATGTGGGAGGGCGTCGTCGATCGCACGGGACGGAACTGGGGCTTTCACTACAACGTCATCGGCATCGGCCCGCGCTTCCAGACGGACAACGGCTTCGTGCCGCGCACCGGCTACGTGCAGCCGAGCTTCTCGAACCGCTTCACCGTGTACGGCCGTCCCGGCGGGCTGTTCGAGCGCTACAACGTGTTCGCCACGACCGCGGGGCTGTGGCGCTACGCCGACTTCTTCGCCGGCCGCAGCGTGCTCGAGGACCGCGTGTCCGCGTCGAACCAGATCACGCTGCGCGGCGGGTGGAGCGTGAACGTCAACCCCACGCTCGCGAGCTTCGCGTTCGACCCGGCGAGCTACGGGGGACTGTTCGTGAACAGGAACGCGAACGACGCCGGCATCGTGCCGTTCGTGCCGTCGGCGCGCATCGCGACGCTCACGAGCGCGTACAGCATCTCCACGCCGCAGTTCCGCCGCTTCTTCGCGTCGGTCGGCGGATCGATCGGGAACGACGTCGACTTCGCGGAGACGTCGCGCGCGCGCGGCGGCGCGACTACAACGCCACGCTCGACCTGCGCCCGAGCGACCGGCTGCGCGTGAGCGCGACGTACGTGAGCTCGCGCTTCACGCGCCGGAGCGACGGCGAGGCGACGCTCGTGACGCGCATCCCGCGCCTCAAGATGGAGTACCAGCTCGCGCGGCCGGTGTTCGTGCGCGTGGTGTCGCAGTACGAGTCGAGCCGCCGCGCACCGCTCCGCGACCCGGCGACCGGCGGCGTGCTGCTTGTCCCCGGCTCGAGTCCGGGCACGTTCGTGGCCTCCGCCGAGCGGGCGAGCAACGCGCTGCGCACCGACTGGCTGTTCTCGTACCGGCCGGCGCCGGGCACCGTGTTCTTCGTCGGCTACGGCAACACGCTCACCGAGCCGCAGGCGCTCGCGTTCTCGGGGCTGCGCCGCACGGGCGACGCGCTGTTCGTGAAGGCGAGCTACGTGTTCCGGGCGACGCGACAGGAGTGACAGGACCCGGGCTCGGTCTGGACAGGATGACAGGATGGACAGGATGAGAACCAACGACAAAGGCACTGCACTAGTCGTTTGGTTCACGTCCTGTCCGTCCTGTCATCGTGTCCGCTTTTCGTTCCTTCGGTTCGTCATCCTGTCCGAGCCGTTCCCCCGTCGATCCTGTCGCGCCGCCGCCACTGTGGCGCGCGTCACACCGGGCGCTCGTGTCGAGCGTCACGCGGGAGGGACCGCGCGATGTTGACCGGTGTGCGGCCCGGTCGTCCTGTGAGGGACAGGCGCCGGCGATTCGGCGCGCCGTGCCCCCACGCAGTGAGGACGCAACGATGTTCAGGCGCCGCAAGCCGCAGGTCGCGGGAGACGGGCTGGTGGTCGGCAGCGAGGACGCGGTGCGCGGCACGCTCGCCGCGCGCACGGTGACCGTCGCCGGCCACGTGGACGGCACGCTCGACGTCGCGGGCGCGCTGTTCGTGCTGGAGTCGGGACGCGTGA
NZ_CP007128.1_gap54	2532068	2534994	2926	ACGCGGTCACGCGCGCGACGTTCTCCATCACGAGGTCGGGGCGGGGAAAGACGTGCGTGTTCAGCCGCTGCAGCACGTAGCGCGCGCCGCCCGCGGTCACGATCCACGACGCATTGATGTGTCCCCCGCCGAGCGGCGACACGGCCACGTCGTCCGACGGGAGCGCGAACGCGCGCGCCGCCTCGGCAGCGCTCACGCCCACACGGGACTCGGGTACTCGCCGCGCGCGACGAGCGCCGCCAGCGCGGCGGCGACGCGCGGCCGCTCCCCGGGGTACGTCATCCCGATCCACGGGCCGGCGCCGGCGAGCACGCGCACGCTCGCGCGGCCGGCCGCCACGACGTCGTCGACGAGCGACGGGAGATAGAACTCCGCGCGCGCGTCGTCTCCGTGCGCGTCCCGAAACGCGCGGAACCCGTCGGCGAGCTGCGGCAGCACGGCACGCGTGAAGCCCCACATGCCCATCGACACCGGCGCGTCGCGCCGGATCGTGCGCGTGCGGCCCTCCACGTCGCGTCCCACGCCGTCGCCGCGGGCGTCGGCGACGACCTCGCGGATCTCCTCGGTGCAGCGGAGCCGCCCGTCGGCCGTCGCGTCGAGCACCGCGCGGCTCACGCCGCCGGCGTCGGTGAGCGTGTCGCCGAGCGGGAAGCCGACCGCCGCGTAGGTCGCGGCGTCGTCGGGTACGCCGCGGAGAAAGTCGCCGAGCACGCCGTACGCGTCCCGGCCGTAGAAGTCGTCCGCGTTCACGACCGCGAACGGCCCGCCTAACGCGGGCGCGGCGCTGAGCACGGCGTGGCCCGTTCCCCACGGCTTCGTGCGCGGCGGCTCGGTGCGCTGCACCACGAGCTCCACCGGCATCCTGCCGCGCCAGCGGGCCACGAGGCCGCCCGTGAACGCGTCGCGGTGCTCCTCTCGAATCACGAGCACGGTGCGCTCGAAGCCCGCGCGGATCGCGTCGTACACCGAGAAGTCGAGGATCGTCTCGCCGCCGGGTCCGAGCGCCTCGAGCTGCTTCGGCCCGCCGAACCGGGTGCCGAGTCCGGCGGCGAGGCCTAACAGCGTCGGCGCCATGTGCGCGAGGGTGCCATGCAGGGAACGTAACACACCTGGCCCTGCGCCTGGCCCCGCGCCGGCCCGCGGCGTATGGTAGCCGCGCCATGTCCACGCGGCTCGACGTCCGCCCGCCCGCGTACAGCCCCGCCGCCGACGACGAGGCGGCGGTCGCGCGCGAGACCATGCGGCGGGTGAACCGGCGGCTCCTCCCGCTGCTGTTCGCGCTGTTCGTCTGCAACTACGTCGACCGCACGAACGTCGCCATGGCCGCGCTGCAGATGAACCGCGACCTGCACTTCAGCGGCACCGCATACGGGCTCGGCACCGGGATCTTCTTCCTCGGCTACGCACTGTTCGAGGTGCCGAGCAACCTGATGCTCGCGCGGATGGGGGCGCGGCGGTGGATCGCGCGGATCGTGATCTCGTGGGGCGTGGTGGCGTCGGCCATGATGCTGGTGCGCACGCCCGCGCAGTTCTACGCGTTCCGCTTCCTGCTCGGCGTCGCCGAGGCGGGGTTCTTCCCCGGGATCGTGTACTACCTGAGCCTCTGGTACCCCGCGGCGCAGCGCGGGCGCGCGCTGTCGCGGTTCGTGATCGCCGCGCCGCTCGCCGCCGCGTTCGGGAACCCGGCGAGTGCCGCGCTCCTCGCGCTCGACGGCCGGCTCGGGCTGCGCGGCTGGGAGTGGGTGTTTCTCGTCGAGGGGATCCCGTCGGTGGTGCTCGGCGTCGTCGTGCTCGTCGTGCTCACCGACCGGCCGGAGCAGGCGCGCTGGCTCGACGACGCGCAGCGTGCGTGGCTCGCCGAGCAGCTGCGGCGCGACGACGAGGGATCCACCGCGCCGCACGCGACGTCGCCGCTGCGCGCGCTGATGCACCCGGTGGTGTGGTCGCTCGCGGTGGTGTACCTGCTGCGCCTCACGACCGGCTACGCGTACCTGTTCTGGGCGCCGACGATCGTGCGCGACGCGCTCGGCGCGAGCGCGGCCGCGACGGGCCTCATCACCGCGGGCGTCGCCTGCCTCGCGGCGGGCGGGCAGCTCGTGGTGGGGCTCAGCTCCGACCGCACGGGCGAGCGGTGGCTCCACGCGGCCGGCTGCGTGGTGGTGAGCGCGATGGGGTGCCTCGGCGCCGCGCTGCTGCCGTCGCCGCTGCTGCAGGTGGCGGCGCTCGCGCTCGTGCACGTCGGCGAGCAGTCGTTCAGCGTCGCGTTCTGGTGCCTGCCATCGACGCTCCTGCGCGGCGCGGCGGCAGCGGCGGGCATCGCGGCGATCAACTCGTTCGGGAACCTCGGCGGCTTCTTCGGCCCGTACCTCACCGGTGCGATCCGCGACGCGACGGGCAGCGCGCGCGGCGCCTTTCTGGTGCTGGCGCTCCCCGCGCTGCTCGCCGCGGCGCTGTGCATGGTGCTGCGCCGACGCCTCGCACCGGCGCCGCGTTAGGCGGCCGCCGGGTCAAGACCGCGCGACGAGCCGGGCGCCTAACAGGAACGCCAGGGCCCCCGCCGCGCACACGCCGCCCACGATGAGCGACGCGCGGAAGCGTCCCTCCGCGTCACCCGTCACGCGCCCGTCGGCCGGCGACGTCCGCGGGTAGCGCACGGCGAGATGCGCGCCCACCCGCCGCGGCCGATCGGATGTCGTCGTCTCGCGCGCCTCGTACGACTGCCTGCCGACCTCGTACGCGACCACCGCTCTGTAGACCGTATCGTCGCCGCGTCCCTCGGAGTCGACACGCACGACGCGTCCGTCGACGGAGGGCCAGCCGGCCATCGATCGCATCGCGCGCCGCTCGGCCAGCGCGCCGCGGAAGCCGCCGAGCGCGAGGAGCGCGAGGAACAGCGTCGCGCCGGCGAGGAGGACCACGGCGACGC
NZ_CP007128.1_gap55	2573976	2578252	4276	CGGCGTTCCCGTGCCACCACGTGCGCACGTACACGATCTTGCCGAGCCGCTTCGTGTCGATGTACTCCTGCTTCGCCTGCAGGTAGTGCGGCCCGCTGCGCTGCTGCAGCCCGACCTGCACCACGCGCCCCGTCTCCTTCTGCGCGCGCACGATGCGGCGGCCTTCCTCGGCCGAGTGCGCGAGCGGCTTCTCGACGTACACGTCCTTGCCGGCGCGCATCGCGTCGACGGCGATCGGCGCGTGCCAGTGGTCGGGCGTCGCGATCAGCACCGCGTCCACGTCCTTCGCGTCCAGCAGCTGCCGGTAGTCGCCGTACGGCCGCGCGCCGGGCGCCTTCGCGATCGCCTGGTCGCGGTTCGCATCGTACACGTCGCACACGGCGACGACGTCGAGCTCCGGATCCTTCTGGAAGAAGCTCATGACGTACCGCCCGCGGCCGCCCGCGCCGATGAGGCCGAGCCGCAGCCGCGCGTTCGCGCGCGGCACGCGGGCCCACGACATCGCGGGGAGTGGTGCGGCGGCGGCGAGCGCGCCGGCCGAGCCGACGACGAACGCGCGGCGCGTGAGCGGATTGTCATGCGGCATGCAGGCCTCCGTTCGGGGTCGCGGGTAATCGACGGCGTGGCGTCGGCCGAGGCAAGGGCGCCATTCGTTCTCACGCGGAGCCGCGGAGAACGCGGCGACCTACCAATATTGTGGGTGTTCTCCGCGTTCTCCGCGCCTCCGCGTGAGCCAGCCGAGCCCACATGTCCCGCCGCATCGCCTTCCTTCTCGCGCTACCGGCCACCGTGGCCGCCCAGCCCACCGTCGACTGGCCCGTCTACGGCGGCTCCGACGACCACACGCACTACACGACGTTAGGCCAGATCTCGCCCGCGAACGTGAAGCGGCTGCGCGTGGCGTGGACGTACGACACGCACGACGCGTTCGCCGGATCCGAGATGCAGGCGAACCCCATCGTCGTCGACGGCGTGCTGTACGCGACGTCGCCGAAGCTGCGCGTCTTCGCGCTCGACGCGGCGACGGGCAAGGAGCTGTGGTCGTTCGACCCGACGCACGGCGCCGGCCCCGGATCGCGGCTGCGCCACCGCGGCGTCGTCGTGACCGGCGACCGCGTGCTCGTGAACTTCCGCAACCGGCTCTACGCGCTCGACCGGCGCACGGGCAAGCCGATCCCCACGTTCGGCGACAGCGGCTGGGTCGACCTGCGCGCGGGGCTCGGCCGCCCGGTCGACGGGCTCTCGGTCGGCGCGAGCACGCCGGGCGTCGTGTTCGAGGACCTGCTCATCATGGGGAGCACCGTGCCCGAGCAGCTCCCGAGCGCGCCCGGCGACATCCGCGCCTACGACGTGAAGACCGGCGCGCTGCGGTGGAGCTTCCACACGATCCCGCATCCCGGAGAGCCCGGGTACGACACGTGGCCCACCGACGCGTGGCAGACCGCCGGCGGCGCGAACGCGTGGGCGGGCGTCACGCTCGACGCGGGTCGCGGCATCGTGTTCGCCGCCACCGGCTCCGCGTCGTACGACTTCTGGGGCGGCGCGCGGCTCGGCGACGATCTGTTCGCGAACAGCGTCATCGCGCTCGACGCGCGCACGGGGCGCCGGGTGTGGCACCAGCAGATCCTGAAGCACGACCTGTGGGACCGCGACCTCCCCGCGGCGCCGGTGCTCGTCACCGTTAGGCGCGGCGGCCGACGCGTCGACGCCGTGGCGCAGATCACGAAGACGGGGCACGTCTGGGTGCTCGACCGCGACACCGGCGCGCCGCTGTTCCCGGTCGAGGAGCGCGCGATGCCGACGGCGACGCTCCCCGGCGACCGCGCCGCGCCGACGCAGCGCTTTCCCGTCTCGCCGCCGCCGTTCACGCGGCAGGCGCTCACGGAGCGCGACCTCACCACGCGCACGCCGGCCGCGCATGCCGCGGCGCTGCGGACGTTCCGCGCCTACGGCACCGCGCACCCGTTCGACCCGCCTAACGAGCGGGGCACCATCATCTACCCCGGCGTCGACGGCGGCGGCGAGTGGGGCGGCCCGGCGTTCGATCCCGAGACCGGGCTGCTCTACGTGAACGCGAACGAGATGGCGTGGGTGCTGAAGCTCGTGCCGCGCAGCGACCGGTCGCTCTACGCCGCGAACTGCGCCGGCTGCCACGGCGACCGCCGCCAGGGCTCCGCGATGGCGCCGTCCCTCGTCGACGTCGGCGCGCGGCGCACGCGCGAGCAGATCCTGCAGATCGTGCGCGAGGGCACCGGCCGCATGCCGGCGTTCGGCGCGGCGATGGACGGCCGCGCGATGAACGACATCGTGAGCTACCTGCTCACCGGCCACGATGCGTCGGCCGCCGCGGGCCCGGATCCGTTCGGCGTGCCGTGGCGCACGGCGTACTTCGACATCTTCCTCGACCCCGACGGCTATCCCGCCATCGCGCCGCCGTGGGGCACGCTCACGGCGATCGATCTGAACGCGGGCACGATCCGCTGGCGGATCCCGTTCGGCACGTACCCCAAGCTCGCCGCGCACGGCCTGACGAGCACCGGCACCGACAACTACGGCGGCGCGATCGTCACGGCGAACGGCCTGCTGCTCATCGGCGCGACGACGTACGACGACACGTTCCGCGCGTTCGACAAGCGCACCGGAAAGCTCCTCTGGTCGGCGACGCTGCCCGCGGCGGGGAACGCGACCCCGTCGACGTACGTGGTGAACGGCAGGCAGTACGTCGTCATCGCCTGCGGCGGCGGCAAGAACGGCGCGCCGAGCGGCGGCACGTACGTCGCGTTCGTGCTGCCGGACCGTTAGGCCCGCGGCGCCGCGCGCGGGCCGTTCGGACGAGGGGCACCGCGCCGCCAGCCCGAACGGCTCGTAAACGAATGTCGCCGGTGGAACGAGGGTTGCCCTACGACGGGGCATGCATCTCCACCGCCCGACGTTCGCCCTCACGCTCCTCGCCGCGGCCACGATCGCCGGCTCCGCGGCCTTCACGCGCCCGGATGCGCCCGACGATGGCGGGCTCGCGCTCAGTGCGAGCCTGGCCGAGCGCAAGCTCTACATCCACGACGGCGCGGGCACGCTCGCGTTCGACGTCGCCGTCGGGAAGGACGCCAAGCCGACGCCGACCGGCACGTTCACGATCCGCAAGATCGTGTGGAATCCCGCGTGGGTGCCGCCCGACGAGAAGTGGGCGCGTGGCAGGGCCCCGCAGCCGCCCGGGGCGGCGAAGAACCCCATGAAGGTCGTGAAGATCTTCTTCCAGGAGCCGGACTACTACATCCACGGCACCGACGACGTGGAGAGCCTCGGCGCCGCCGCCTCGCACGGGTGCCTGCGCATGCACCCCGACGACGCGTACCGCGTCGCGCGCTACCTCATGGAGCACGGCGGGCAGCCGCGCGACGAGAGCTGGTTCGCGCGCGTCTGGCACCTCCGCAGCGAGACGAAGACGGTCTATCTCGACAACCCCGTCCCGCTGACGATCGGCGACTGAGCGGGCAGGAGCGCTTGGCCCGGCGTGTAGCTTTCGCCGGCCATGCCGCACTTCCCGCCGATCGTCCTCGCCATCGCGTTCGCGGCCGTCGTCGTCGCGGTCACCGCGATCGCGCGCCGCCTCCCCGTGCCGGTGCCGATCCTGCAGGTCGGCGCCGGCTTCCTCGTCGGGCTGCTCGCGCCGGAGATGTCGGTTCCGCAGCTCGAGCCGGACCTCGTCTTCTTCGTCTTCCTGCCGCCGGTGCTGTGGGCGGCCGCGTTCTTCACGTCGCTGCGCGACTTCAACCGCGCGCGCCGGCCGATCGCCCTGCTCGCGATCGGCCTCGTGCTCGCGACGTCGGTGGCCGTCGCCGTCGCGGCCCGCTCGCTCTTCCCGGGGATGCCGTGGGCGGTCGCCGTCGCGTTAGGCGCGATCGTGTCGCCGCCCGACGCCGTGGCCGCCGCGGCCATCGTCTCGCGCCTGCCGGTGCCGCGCCGCGTCGTCGTCATCCTCGAGGGCGAGAGCCTCGTCAACGACGCGTCGGCGCTCATCCTCTATCGCTCGGCCGTCGCGGCGGCGGTGACGGGCGCGTTCAGCTGGGGCGAGTCCGTCGTGCGCTTCTTCGTCGACGCGGCGGTCGGCGTCGCGATCGGCGTGCTCGTCGCGTGGCTCGTGCTGCGCGCCATGAAGCTCACGCGCGACGTGCTCGCGGAGACGCTGCTCACGCTCGCCGCGCCGTACGTCGCGTGGCTCACCGCGGAGACGCTGCACGTCTCGGCCGTGCTCGCGTGCGTGGCGGGCGGCGTGTAC
NZ_CP007128.1_gap56	2634881	2637312	2431	GGCGACCCGCGAGAGCGAGATCATCGTTCGGAGCGCCCTCGGCGCGAGCCGCCGCCGGATCGTGCTGCAGCTGTTCGCCGAGGCGCTCGTGCTCGGTGGGGTGGCGGCCGGCGTCGGGCTCGCGGCCGCCCAGATCACGCTGCGGCAATGGGCGCTGCCGTTCCTGAAGATGAACTACGATCAGCTCCCGTTCTGGTTCGACCCGCGTGTCACACCCGCCACCGTGCTCTACGCTGGCGTGCTCACCGTCCTCGGCGCCGCGATCGCGGGCGGGCTCCCCGGGCTCAAGGTCACACGCGGCATCGGCTCGCGCCTGCGAGCCGGCACGACCGGCGGCGGCGGCCTACAGTTCGGCGGTGTCTGGACGGCGGTGATCGTCGCGCAGGTCGCGGTGACCGTCGCCTTCCCGGGGCTCGTCCTGGTGGAGGGGCGGGAGCAACAGCGGATCCGCTCGTACGACGCCGGGTTCGCGGCCGACGAGTACCTGACCGTGAAGCTCGACCGGGAGGCGACGCCCGGGGTGGACGCGGCGGGCGACGCGGCGGCCGCCGCTGCCTACCGCGCGCGACTCGGGATGCTGGTCGAGACGCTGCGTCAGCGCGTCGCGGCCGAGCCGGGGGTTGTCGGCGTCACGTTCGTGGACCAGCTCCCGCGCACGAACTACGACTACTACCGCATCGGCCTGGACGACTCGGCGTCCGCCCCGGCGGGTGCAGCCGCAGCACGGCAGCCGCGGCGCTATACGAAGGTCGCGTTCGTGGATCCGTCGTACTTCGACGTGCTGCGGGCGCCGATCCTCGCGGGCCGGGGCTTCCAGGCGGCCGACCTCGCCCCCGGCGCGAGGGTGGCGATCGTGGACCAGGGCTTCGTGGACCAGGCGCTCCAGGGGCGCAACCCGATCGGTCGGCGGGTGCGGGTCGCCGAGAACGGCATCCAGCCCGATGGCCCGGGCGCCGACTCGCTCCCCTGGCTCCAGATCGTGGGCGTCGTGAAGAACCTCGGCATGATCGGCGCGGCGGAGACCACCCGCGAGATCGGGCTCTACCGGCCGGCCACGCCGGGGAGCGGCTTCCCGCCGCAGATGATGATCCACACGCAGGGCGAACCCATGGCACTCGTGCCGCGCGTCCGCGCGATCGCCGGCGCGCTGGATCCGACGCTGCGGCTCTCGCAGATCCAGCGCGCGGACCAGGTCGCCGACGACCTGCTGTGGATGCTCGGGATGTGGCTGCGCACGACGCTCGCCATGACGGCCGTCGCCCTGTTGCTGTCGCTCGCGGGCATCTACGCGGTGCTGTCGTTCACCGTCGCCCGACGCACGCGCGAGATCGGCGTGCGCGTCGCGCTCGGCGCGCCCCAGCGCACCGTCCTCGCAGCGATCTTCCGGCGGCCGCTCACGCAGGTCGGCCTCGGCATCGCCGCCGGTGCCACCCTCGTCGCGCTCGGGGCACTGGGGCTGGCTCGCACCTACCAGTTCCAGGACTGGCCGAAGGGACTCTCGTTAGGCCAGATCGCGCTGCTCGTCGTCTACGCGGCGTTCATGCTGGGGGTGTGCCTGCTCGCCTGCGTCGTTCCCACGCGGCGCGCGCTGCGGGTCGAGCCGATCGTGGCGATGCGGGTCGACTAGGCCGACCCGAGGATCGTCGAAGCCGACCTCCGCACGACCTGACCGGCCACTCTCGGACCCTCGCATGAGACTGATCCACGCCGCGCGCGCGCGCGCCTGCATCTCCTGTTCGCCCGGCGCGACGCGGAGTCGCGCATGAACGAGGAGTTCCGCTTCCACCTCGAGATGGAGGCCGACCGGCTCGTGCGCGAGGAGGCGCTCGAGCCGCAGGAGGCGCGGCGCCGGGCGCGCCTGGCGTTCGGGTACATGGAGCGGCACAAGGAAGAGATGCGCGACGGCCGCGGCCTCAGGTGGCTCGGCGGCCTGTCGCTCGATCTGAAGCTCGGGGTCCGTCTGCTCGTGAAGTACCCCGGGCTGACGATCGTCGGCGGACTCGCGATGGCGTTCGCCATCTGGGTCGGCGCCGTCGCCTTCGAGATGGTGATGCTGTTCGTCAGTCCCACGCTGCCGCTGCCTGGGGGCGACCGCATCGTGCACCTGCGAAACTGGGACGTGCAGGCGAACCAGGCGGAGCCGCGCGCGCTGCACGACTTCGTCGTCTGGCGCCAGGCGATGCGGTCGGTGACCGACTTCGGGGCCTGGCAGGACGTCGTGCGCAACCTGAAGGGGCGTGACGGCGAGGCCCGGCCGGTGCAGGTCGCGGCGATCACCGCGTCGGGGTTCCGCGTCGCCGCGACGCGGCCGCTGCTGGGGCGCGTCCTCGTGCCGGCGGACGAGCACATCGGCGCGCCGCCGGTGGTGGTCCTCGGCCACGCCGTGTGGCGGGCGCGATTCGGGGCTGACTCGGCGATCGTCGGACAGACG
NZ_CP007128.1_gap57	2664231	2669170	4939	TCATGCGCACGGTGCGCAGCCGCACGCTGTTCGAGCAGATGAAGGGGCGCGGCGTCCGCGTGGTCTCGCCCGACGACCTGCGCGCGGTGACCCCCGACGCCGCGGCCAAGACGCGCTACGTGATCGTGGACTGCGTGGGCGTCTGCGAGGAGCCGATGGCCGACACGCGCCCGATGGACGTGCAGCCCACGGTGTCGCTGGAGCGGCTGCTCCAGGCGGTGGCGATGGGGAACGTGGACCCGGAGGTCGCCTCGACGCTCGCCAGCCGCCTCGTCCGCCTCGACGCCCGGCTCGGCCGCGACGAGCGGGCGAGCGTGGCCGCGACCACGGGCGGGCCCACGCTCCGCGACCTGGCGCACGGGATCGTCGATGCGCTCGACCCCGACCGGCAGCGCGCGGCGGCCCGCGAGGCGGCGGCCGCCGCGCCGGGCGCGCGGGTGGCCGAGCCGGGGTGGGAGCCGGGCGAGGCCGCAGTGGCGCGAGCCCGCGCCGCGCTGCTCCGGGCCGCTCTCGCTCCCCTGGCCGGCGACCCGCAGCTCCGCGAGCGTCTGCTCGACCTCAAGCGCGCGAAGGAGCAGACCATCGACACGGCGAGCGCCGACACCCTCCTCGGCGCCGGCCTCTCCCCCGAGGCGCGCGACCGGGCGCTCGGCCTGACCACGAGCTTCGAGGCGTTCCTCACCGAGCACCGCGACGAGCTCTCGGCGCTCCGACTCCTCTACGGCTCGCGCGGGCCCGGACAGGCGCGGCTCACCCGGGCGGCGGTCGAGGAGCTGCGCCGGGCGCTGCTCGACCGGCAGCCGCCGCTCGCGCTCGACGCCGTGTGGCGCGCCTACGAGACGCTCGACCGGTCGCGCGTGCGCGGCGGACCGGCGCGGCTGCTGACCGACGTCGTGGCGCTGGTGCGCTTCGCTACGCACCGTGACGACGCGCTGGCCCCGCTGCCGTCGGTGGCGCGGGCGCGGCTCGACACGTGGCTCGCGCGAATGGAGGCGGGCGGGCGCCGCTTCACCGACGAGCAGCGCGTGTGGCTCGCGATGATGGTCGACCATGTGGCGGCGGACGTGGAGATTGAGGCGGAGGACTTCGACGACCCACCGTTCACGCAGCGCGGCGGGTTGGCGGGGGCGCACCGGGTGTTCGGGACGGAGCTGCCGCGGGTGCTAGAGGAGATCGGGGAGGTGATCGCGGCATGAGCTTCACTGCTTCACTCTCTGAGTTAGTCGCCGAGAACCGAAGCGGTCTGCTCGCGTGCGCGCCCTCTTGGGAACGTGTACGCCTGGGCGACGTCGCGACGGTCCTCAACGGATTTCCGTTCCCCTCTTCGCGTTTCACCAGAGACACGGGCACGCCGCTCCTCCGAATCCGGGACGTGGCGCGGTCGTCTACCGAGGCGTACTTCGACGGGTTCGTTGACCCGGAGTTCCTGGTCCAGCCCGGGGAGCTTGTCGTCGGCATGGACGGCGACTTCAGTGCGACGCTGTGGCGAGGGCCGGTGGCGGCGCTGAACCAGCGGGTGTGCAAGCTCTCGCCCGATGAGCGGTGGTACGACCAGCGTCTGCTCGCGCTTGTCCTTCCGGGCTACCTCGACGCGATCAACGGCGCGACGTCGTCGATCACGGTGAAGCACCTGTCTTCCCGCACGGTCGCTGACATCCCGCTCCCGCTTCCTCCGCTCGCCGAGCAGCGCCGCATCGTCGCCGCGCTCGAGGAGCACCTGTCGGACCTCGACGCGGCAGTGGCGGGGCTTGAGCGGGCGCGGGCCAACGTGCGTCGCTTCGCGGACGCGGCCATCGCGACGGGCACGAACCCGCGGGCCGACTGGCCTATCGTGCCTCTTCGCGAGCTAGGCTCGCTCAAGGGTGGCGTCACGAAGGGGCAGAAGCGGCGTGCTGGCGACGTCACGCGCGCCGTGCCCTACCTCCGGGTCGCGAACGTCCAGCGCGGCCGACTGGATCTGAGCGACGTGCGCACCATCGAGGCGACCGAGCGGGAGATCGCGGAACTGCGGCTGCTCCCTGGCGACGTGCTGTTCAACGAGGGTGGCGACCGTGACAAGCTCGGACGCGGCTGGGTGTGGAACGGCGAGTTGAGCGAGTGCATCCACCAGAACCACGTCTTCCGGGCACGTTTCGATGGGAGTCGCGTGGAGTCACGGTTCGTGTCGCACTACGCGAACAGCCACGGACAACGCTACTTCCTCGACCAGGGGAAGCAGACCACCAACCTGGCCTCGATCAGCATGACGAAGCTCGGCGAGCTCCCCGTCCCGGTGCCGCCGCTTGACGAGCAGCGGGCGATCCTCTCCGAGATCGAGGAGCGTCTCGGCGTCGCGGAGCGCACCGCCGCCGACATCGACGTCCAGCTCGCCCGCGCTGCGCGCCTGCGCCAGGCCATCCTCCAGCGCGCCTTCTCTGGCCGCCTCGTCCCGCAGGACCCGACCGACGAGCCGGCGTCTGCGTTGCTCGCCCGCGTCCGCGCCGAGCGCCCGGCGCCTTCCGCGGGCCGTCGCCCCCGCGCGTCCACGCGCGCCTGACACCACTGCACATGGCCGAGATCACCCGGAAGCGCACGGGCGAGTTGCTGCGCGCCCTCTTCGAGCTGCTGATGCCGCAGGCGGACGGCATGCCCGCCGGCGAGGCCCTGCGGGCCCTCGAGAAGAAGGCACCGCCGACACCCTTCGAGCAGAGCAGCACCGAGTCGGGCGCCAGGCGGTACGAGAAGATCGTGCGCTTCGCCACCGTCGACTGCGTGAAGGCGCAGTGGATGATCAAGGCGCACGGGCGGTGGACCATCACCGACGAGGGGAGGAAGGCGTACGCGGCCTACCCCGATCCGGAGGCGTTCTACAAGCGCGCCGTGTACTTGTACCACGAGTGGCGCAAGAGCACGCCCAAGGCGACCGGGGGAGAGGAGCCGGTCGACGGCGCGGACCCGGGCACCGGCAAGGCGGCCCGCATCACGTTCGAGCAGGCCGAGGAGCAGGCGTGGAGCGAGATCGAGAAGTACCTCGCCTCGATGCAGCCCTACGAGTTCCAGGAGCTGGTCGCCGCGCTGCTTCGTGGCATGGGGTACCACGTCGGCTGGGTTGCCCCGCCCGGCAAGGACGGCGGGGTGGACATCGTAGCGTACAACGACCCGCTCGGCACGCGACCGCCGCGCATCAAGGTCCAGGTCAAGCGCCAGCAGCAGAAGGTCGCGGTCGACGGCCTCCGCTCCTTCATGGCGGTGGTCGGCGTCGACGAGGTGGGCATCTTCGTGAACGCGGGGGGCTTCACCCGCGACGCCGAGGACGAGGCGCGGTCGCAGCACGCGCGGCGCGTCACGCTCGTGGACCTGGAGCGGCTCGTCGACCTGTGGGTCGAGCACTACGCGCGGCTCGACGAGGCCGCGCGCCGCCGGTTGCCCCTGCAGCCGATCTACTTCCTCGCGCCCGAGAGCTGACCGTGGCCCTAAATGCCCACGGAGGGCTGACCGGGGAGGAGCCGCCGACCAACGCGCGCGTGCGGCGCGCGCTCAACCTGCTCAAGCCGGTCCTGGATGCGTTCATCCGGCAGAAGCTCGCTGGGGTCCCGGGCGCGCGGGTACCGCGCGACGCGGACCTTCAAGGGCTGCTGCGGGCGATGCTCGACAACCGGGGGACGTTCTTCTCGGGCCGCTCCGGCGAGGCGCTGAAGCACAACGTGAACCTGCTCCGGGGCGCCCGGAACTGGAACGCTCACGACGTGGTGCTCGACGAGCGCGAGGCGCGCCAGGTCATCGAGACGGTAGCCATCGTCGCGGAGCGGATCGGCGCTCCTCACGAGGTGATCGCTGCCACCGACGCGCTGAACGCGCCGCCGCAAGCGTTGAGCGTTCCACCGGCTGCACCCTCCGGAGCGCGCGTCCCGCCCCCCAGCCCGCCCCCGGGGACGGCCGCGGCAGGGGCGGGTGGGTCCTCCGACCGGCGCCCACCGAGGGTGCAGCCGCGCCGCGACGCGGCGGGCGTGATCGTCAACGCCGACGAGCTGACGGCCGACGAGGTGGCCCTGCAGCGCGTCCTCTGCCCGGGCTGCCGTGAGAAGGTGTTCGAGGAGTGGTCGGCAGGGTGGGACGCGCACGCGGCGCACCGCTGTGCAGGAATGACGGCCGACACCACGGAGGAGCGGAAGAGCGAGTTCCGCCGCCGGTTCGGCCACCTGTTCCGAGCACCCGCGCGCGGCGAGAGCCAGCGTGCGGTGATGCGCCACATCTGGGAGCGCTGCTGCCCCGACGACGAGCGCGCGATCCGCGAGTACGCCGATGCCGAGCAGCGCGGCGAGGTTCGCCGGACGAACAACGCCTCCGGGCTCCTGCCAGAGGGGTACGCCCGTGCGCTGCTCGCCGACGGACTGCGGAAGGGATGGCTACGTCCGTGCGGCTGACGCCCAGAAGATCCGACAGCATGGCCGCCGCCCCGGCCGTGCCCCTGCCGCAAGCGTGCCCGGCGTCCCGGCCGGCCGCGCCCCCCCATCGCGATCAACCCGCCGCGCCCGTGACGTCCGACCGCATCGTTGCCAAGCTCTGGAACTACTGCACCGTCCTCCGCGACGACGGGCTGTCGTACGGCGACTACGTCGAGCAGCTCACCTATCTGCTGTTCCTGAAGATGGCCCACGAGCGCACGCAGGCGCCGTGGTCGCAGCCGTCCGTCATCCCGGCCGGCTACGACTGGCCCGCGCTCAAGGCGAAGGAGGGTGACGCGCTCGAGGTCCAGTACCGCCACACACTGGAGGCGCTGGGCCGGCAGCCGGGCATGCTCGGCCTGATCTTCCGCAAGGCGCAGAACAAGGTGCAGGACCCGGCCAAGCTGCGCCGCCTCATCGCGGATCTCATCGACCGCGAGCAGTGGCTCGCGCTCGACGCCGACGTGAAGGGCGACGCGTACGAGGGGCTGCTCGAGAAGAACGCGCAGGACACC
NZ_CP007128.1_gap58	2682509	2686698	4189	CACGGCGTCATCTCCCCGGCGTACCCCTCGGCGAGCCACGCGTCGAACGCGGCGGCGGTTTCCGCCGGCCCGAGCCGCGCGATGCCGACGAGGTCGAAGCCGAGCCCGTAGGCCTGTGCCTTGACGAGGGATTCGAGCGAGGGAAGGGCCGCCGTGATCATCTTTGTCGTCCGATCCACCGCGCGTACCGGATCACGTCCTCGGCCGGCGGCACGGCCTCCTCGTCGCCGTAGGCCGTGTACATGCGCCACCGCACGTACTCGGACGGCGGCAGCGGCAGGAACGGCAGCCGACGCCACCAGTCGCGCGCCCGGAACCGCCACGCGACCCGCAGGAGGTCGGCAGCGAGGCCGGGGCGCACGGCGGCGCGCGGCGCGAGGGCGAGCACGAGACGGAACCAGCGCATCTCTCGAATCTCACGGCACCGGCATGCTCTATCAACTCGTCTCCCTGGTCGGCGCGGCGATGATCCTCGCCGCCTACGTCGCCTACCAGCGCGGCCGCATGGGCCGGGAGGACACGCTCTACAACCTCCTCAACTTCGCGGGCAGCGGGCTGCTGACCTGGATCGCGGCCGTCGACCGGCGGTGGGGGTTCATCATCCTCGAGGGAAGCTGGGCGCTGCTCTCGCTCTGGCCGCTGCTCCGGCCCGCCGGAAACGCGAAGCGGTGAGAGCCGCATCCGCCGCCCCACCACCCGTCGATCCGTTCGTGCGCGCCGATCGAGACCTTCACACGTCGGTCGCGCCCCATCCGCCATACCGCCAGCGCAGTACCGCCAGCGCCGTGCACGGCGCCTTTCCCACCGCCTTCAGCTCTCCCGCGCCCCCGATGACCCTCGACGAGTACCAGCAGCTCGCCGCCCGCACACTCAGCCCCGCGCAGACTCCCGACGAGCGGCTGGCGAACGCCGCGCTCGGCCTCACCGGCGAGGCCGGGGAGGTGGCGGAGCACGTGAAGAAGCATCTCTTCCACGCCACGCCGCTCGACCGCGACGCGGTCGTGAAGGAGCTGGGCGACTGTCTCTGGTACGTCGCCGCGCTGGCGGGCGTCCTCGGCGTCAGCCTCGACGAGGTCGGCGCGACGAACATCGACAAGCTCCGCCGGCGCTACCCGGACGGGTTCTCCTCGGAACGGAGCCGGACGCGCGTGGAGTGAGCGCCGTTACGACGTCGCGGTCGTCAGTGCTTCGCGTACGACTCCAGATCGAGGCCGAGCAGGAGCGTCGATGCGACGAGCACCGCGGAGATGAAGAACGGCACGCCGACGCCGAGCCGGTCGAACGTGAAGCCCGCGATCATCGGGTAGATCGCGCGCGACAGGCCGCCGAACGTCTGCTGCACGCCCATGTACAGCCCGCGCTCCTCGTTCGAGATCACGCGCGAGAGCAGCGCCGTCACGCACGGGAACGTGAACGCCGCGCCGAGCGGCATGAGCGCGACGGCGAGCGCGAGCTGCCAGTAGTGCACCGTCAGCGGCAGCGTGGCGAGGCCGATCGCCATGATGACGAGCCCCATGCGCGAGAGCTTCGCCTCGCCGAGCCAGTCCACGAGGCGGCCGAGGATGAGCGCGCGCGTGACGACCGAGATCACGCCGACGTACATGAAGAAGTAGCCGATCGTGCTCGCCGTCACGCCGTAGCGCACGGCGAGGAACAGCGCGAGGATCGAGTTCACGCCTTGGAACGCGCCGATCCCCACCGCGTAGATCCAGATCAGCCGCGACGCCGGCTCCGACGAGTGCGTGACGACGCGCGCCACCGCGGTCCCCGAGCGACGCGGCTTCGGCTTCCCGGCGTGCGCGCGCACGTCGTGCGACTCGGTGAGGTAGATGCCGCAGAAGATGATGTTGATCACGCACAGCGCCGCCGCGACGAGGCCCGGCCCGCCGATCTTGAGGCCCAGCGTCCACGAGCCGAACACCGGGCCTAACGCGACGCCGGCGTTCGTCGCCGCGGAGAGCCAGCCGAGGCTCTTCGCGCGGTCCTGCGGCCGCGTCGCGTCGGCGACGTAGGCCTGGATCACGCCGACCGTGCCGCCGCCGGCGCCCTGCACGAGCCGCGACAGGAACAGCAGCCACAGCGTGTTCGCGAACCCGAAGATGACGTACGCCACCGCCGACGCGCCGAGTGCGATCATGAGCGCCGGCCGCCGTCCGAACTTGTCCGAGAATCGCCCCCACATCGGCGCGCTGAGGAGCTGCGCGACGGTGAACGCGGAGACGAGCAGCGCCGTGATCTGGCCGATGCCGACGTGGTAGCCGCCTAACGCGGCGACGTCGAAGCCGTTCCCGCCGAGCCGCTTCGCGTAGAACGGCAGCTGCGGGATGATCATGAGGACGCCCACCATGTCGATGAACGCCGTGATCATGAGGACCACGAGCTTCCCGACGCCCTGCGGCGCCTCGCTCGCCGCGGCCTGCGCCGCGGGCGGGGGCGGCGGCGCGACGGCGCCCGTCACTCCGCCCTCCCGAGCGCCGCGGGCGGCGTCGCGCGCCCGACGACGCCGGCCAGCGCGACGATCGTGAGCACGTACGGGATCATCTCCACGAACTGCGACGGGATGAGCTGCGCGCCCTGCAGCTGGATCTGGAACGTCTCCGCCGCCGCGAACAGCAGGCAGGCCGCGGCCACGCGCTTCGGGTCCCAACGGCCGAAGATCACCGCGGCGAGCGCGATGAACCCGCGCCCCGCCGTCATCCCGTCGGTGAACTGGTGCTGGTCGAGCGCGAGGTACGCGCCGCCGAGCCCCGCCAGCATCCCCGACAGCGCGACGCCGAGCACCTTCACGCGCGGCACCGACACGCCCAACGACGTCGCCGCCTCCGGCTTCTCGCCCACGGCGCGCGCCCGCAGCCCGAACGGCGTGCGGTAGAGCACCCACGCCACCGCCGGGATCGTGACGAGCCCGATCCACACGAGCGGGTTCGCGAGCGAGTCGAGCAGCGACCCGAGCGCCGCGCTCCCCGTGTGCTCGCGCCCGAAGCCCGGCACGCGCGGCGAGTTCGACGAGCTGTCGAACGCGAAGCGCAGGAAGAAGCGCGTCACGCCGGTGGCGAGCAGGTTGAGCGCGACGCCCACCACGACCTGGTCGGCGCGGAAGCGCACCGCGGCGAGCGCGTAGAGCAGCGACAGCGCGAGCCCGCCGAGCAGCCCGCACGCGAGCCCTACCCACGGCGACCCCGCGAAGTAGCTCCCCACCGCCGCGGTGAACGCGCCGGTGAGCATGAACCCCTCGAGCGTGAGCGCGATGACGCCCACGCGCTCGCTCATCACGCCCCCCGCCGCCGCGAGCAGGTACGGGATCACGATGCGCAGCGTCTGCGCGAGGAAGACGAGCACGATCATGCCGCTTCTCCCGTCGCCGAGCGTCGCCGAGCCGACGCGCGCAGCAGCCGCTGCACCTCGGGCACCGACGTCGCCATCGCGAGGATCACGACGGCCTGCAGCACCTCCACCATCTGCTTCGGCACGAGCGCGTTCACCGCGAGGCCGCCCTGCGACAGCGTGGCGAACAGCAGCGCGGCGAGCACCACGCCTAACGGATGGTTGCGGCCGACGAGCGCCACCGCGATGCCGAGGAAGCCGGAGCCGGTGGCGAATCCCTCCTCGTAGTAGTGCTTGTACCCGAGCACGTAGTTCAGTCCCCCGAGCCCGGCGAGCGCCCCCGAGAGCGCCATGGCGCGGATCCACACGCGGCCCACGCGCACGCCGCCGTACTCCGCGGCGTCCGGCTGCAGCCCCACCGCGCGCAGCTCGTAGCCGCCCCGCGTGCGGAACAGCAGCCACCACAGCGCCGCCGCCGCGGCCAGGGCGACGAGCAGCACCGTGTTCGCCGCCGATCCGGCGAACGCCGGGATCATCGCCGAGAGCCGCGGCATCGCGCCGACCGTGGTCTCCGGCGTGTGCAGCGTCTCCGGCACGTGCAGGTGCGACGCGACGACGTAGTTGAGCGCCGCGAGCACGACGAAGTTCATCATGATCGTGACGATCACCTCGCTCGCGCCGAACCGCGCGCGCAGCCATCCCGGGATCGCGCCCACCACGCCGCCGGCGAGCGCCGCCGCGACGAGGCACAGCGGCACGGCGAGGATCCCCGGCGTGCCGTTAGGCAGGCCGAGCGCGACGAGCGCCGCGGCGAAGCCGCCGGTCGCGAGCTGGCTCTCCGCGCCGACGTTGAACAGCCCCGCGC
NZ_CP007128.1_gap59	2692835	2696141	3306	CTGCTTCTGCGCCGCGCCGGTCGCCGACTCCACGGCCTGCGCCTTCGTCACGGCGATGTTGTACATCGCGCTGTTGCGTATGTCGCGGTACGTGGTGTCGGTGCCCGCCGTCTCGACGACCTTCTGCCAGTAGCGCGTCGCGGCGGCGTCGTCGTTCTTGTTCTGCGCGACGGCGGAGAGGACGTGGTACGCGTACGGGCTCCCCTGGTACATGAGGAGCGAGCGGTTCGCGTAGTACTCCGCGGAGTCGGCCTTGCCGCCGTTCAGCGCCGCGATCGCGGCGTTGATCTGGTTCAGCCATGCTTGGTTCTGGCGCATCTGGGCGACCTGCTGCGCGCATCCCGGCGCCGCCTCGGCGAGCCGCTTCAGCGCCGAGTCGGCCGCCGCGAGCACGTCGATCGTCGCCGACGGATCGGTGGCGTAGCCGAGCGACGAACGCGGCACGGTGCCGCCCATCCCCGGCTCCGCGGCCCACGCGATGAGCGCCTGCGCGAGCATGTAGTTGCGCCCCGCCGGATTGTCCTGCGACTTCTCGGCGCTGAGCTGCTTGATCACGTCCGTCAGGATGCGGCCACGCGCCTCAGGCGTGGTCGCGCCCTGCAGGCGGACGAGGCTCAGCGTCGCGTTCTTCACGGACCCCGGCTTGTTCTGATCGATGTTGCAGGCGCCAGCCGCCACCTGGGCGTAGGCCGGGGCGGCGAGCGTCGACAGCAGGCCCAGCATGGGCACGGCGCGACGGAACTTCATGCGGATCTCCAAGGCACGGGACGCGTCGTGCGCCGACGAGCTCGAGGCCCGCAGCGCGGTAATCGGGACAAGACAGGAATATACTAGAGTTTTGTGGCCGGGTTCCTAGGGGCGGACGCCTCGCGCGCACGGCGGCGTGGGGCACGTGACCGAGGTCACCGCTGGGCCTGGCCCACATCCCGCATCACCGGGCGCCCACATGGTCGAACGCCTTCGCACCCGCATCCTCGTCGTCGGCACCGGCATCGCCGGCCTGCACACCGCCTGGCGCTCCGCCGAGGCGGGCGACGTCCTCCTGCTCACGAAGCGCTCGCTGTTCGACTCCTCGACCGCCTACGCGCAGGGCGGCATCGCCGCGGCCCTCGGCGCCGGGGACTCGCCGGCGCTGCACCGCGAGGACACGCTCGCCGCGGGCGCCGCGCTGTGCGACGCCGAGGCCGTGCAGGTGCTCGTCGAGGAGGGACCGGCGCGGGTGAAGGAGCTGCAGCTCGCCGGCGCGCGCTTCGACCTCACCCCGTCGGGTGACTTCAAGCTCGGTCGCGAGGCCGCGCACTCGCGCCGCCGCATCGTCCACGCGCAGGGCGACCAGACCGGCGCCGAGGTCGCGCGCACGCTCATCGCGCGCGTGCGCGAGAGCGCGCGGGTGACGGTGCTGGAGCGCGCGCGCGTGCTCGACCTCATCGTCGAGGACGTGGACGGCGAGCCCACGGTCGTCGGTGCGCGCGCGAGCCTGGCCGGCAAGGCGACGGAGATCGTCGCCGACGCGACGGTGCTCGCCACCGGCGGCTGCGGGCAGGTGTTCCGCTACACCACCAACCCGCTCGTCGCCACCGGCGACGGGTTCGCGATCGCGCATCGTGCCGGCGCGCGGCTCTCCGACATGGAGTTCGTGCAGTTCCACCCGACCGCGCTCGACACGCCGGAGAACCCGCTGTCGCTCGTCAGCGAGGCGGTGCGCGGCGAGGGCGCGACGCTCGTGAACGCGCTCGGCGAGCGCTTCATGCCGAAGCGCCACCGGCTCGCCGAGCTGGCGCCGCGCGACGTGGTGGCGCGCGAGATCTTCCGCGAGCAGCAGCGCCACGGCAAGGTGTGGCTCGATGCGCGCGCGATCGGCGCGAAGGACGGCGTGCGCTTCGCCGAGCGGTTTCCCGGCATCACGGCGCTCTGCCGCGCGCGCGGCATCGACCCGCAGACGGATCTCATCCCGGTGACGCCGGCCGCGCACTACATGATGGGCGGCATCGTGACGGACCTCTGCGGCCGCTCGAGCCTCCCGCGGCTCTACGCGGCCGGCGAGGTGGCGCGCACCGGCGTGCACGGCGCGAACCGTCTCGCGTCGAACTCCCTGCTCGAGGGACTCGTGTTCGCCGAGCGTGTGGCGCGCGATCTGGAGGCCACGCCGCGATTGAAGAGCTACCCCCGCCGCCGCGCCACGTGGGAGGTGCCGCCGCTCGAGGACCGCGGCGCGGCCCAGGTGGCGTCCGACGCGATCCGCTCGGTGATGTGGGAGCACGCGGGCATCGACCGCACCGCGCGCGGGCTGCGCGCGGGGCTCGCCCGCCTCGAGGACATCGAGGCGCGCCTCACGCCGGGCATGACGGAGGAGCGCAACATGCTCGACACCGCGCGGCTGATCGCCGAGGCCGCGCTGCTGCGCCGCGAGTCGCGTGGAGGGCACTTCCGCAGCGACTTCCCGAAGGACCGGCGGAAGTGGCAGGGGAAGCACATCGAATGGTGACGCGGCGCTGATACGTCGGCGCTGGTACGGCGGCGCCGAAAGGGGCGGCCCCGATACCACGCGTCACCAGCGCCGCGGGCTCAGTGCCGCACCACTAGCGCCGCCGTACCCGCGCCGCCGCATTAGGATTCACCCCATGACCGTACTACAGGCCAACTACGACCAGGCGTTACACGAGGAGATCCGCGCGCTCGCCGAGGAGCGCAACGCGGTCATCCTTGCGCACAACTACGAGCGCCCGGAGATCCAGGACGTCGCGCACTTCGTCGGCGACTCGCTCGGCCTCTCGCGCGAGGCGGCGAGCACCGACGCCGACGTCATCGTGTTCTGCGGCGTGCACTTCATGGCGGAGACGGCGGCGATCCTGTCGCCGGAGAAGATCGTGCTGCTGCCCGATCTCGCCGCGGGATGCTCGCTCGCCGCGACGATCGACGGCGCGCAGCTCCGCGCGTGGAAGGCGGAGCATCCCGGCGCCGTGGTGGTCGCGTACGTCAACACCACCGCCGAGGTGAAGGCGGAGAGCGACTACTGCTGCACGTCGGGGAACGCGGTGGAGATCGTGCAGTCGATCCCCGAGGACCAGGAGATCCTGTTCCTCCCCGACATGTTCCTCGGCGCGCACGTTAGGCGGGTGACGGGGCGCAAGAACATCCACGTGTGGATGGGCGAGTGCCACGTGCACGCCGGCATCGACCCGGAGCACATCAACCTCCAGCGCGCGGCGCATCCGGGCGCGGAGTTCCTCATCCACCCCGAGTGCGGCTGCGCGACCCCGGTGGTGGAGGCCATCTCGGCGGGCGCGATCGACGCGCGCGACGTCC
NZ_CP007128.1_gap60	2697806	2701429	3623	TGCTCAACGCCGCGCACACGCAGTTGTCGTTCAACGCGACCGTGTTCGGACTCGACTTCACGCACTCGCAGTCCGCCGACCCGAACGACGATCTGCTCAACGCGCACATCCACTCGGGACCGAACGGACCGGGGAGTGGATTGAACAATCCGGTCGCGTGGGGCTTCCACGGGTCGCCGTTCAACGATCTGTTCCTCGACAACGCCAACACCGTTCCGAGCGGGTTGACGGACGACTGCACGGCGTTCGCCACGGGGGTCGGCGGCACGTGCTCCGGCGTCTGGAACCTGCTCGAGGGGAACAACACGACGCTGCAGGCGCAGTTGCCGAACATCCTCGCCGGCAACGCGTACATCAACTTCCACACGGTGCAGTTCGCGGGCGGCGAGATTCGCGGCTATCTCACCGCCGTTCCCGAGCCGAGCGCGTACGCGCTGGTGGGGACGGGGCTCGTGGGGCTGGCGGCGCTCCGCATGCGGCGGCGCCGCGCCTGACGACGGCCAGCGCAGCGCGTAGGGCGTGATGCGTAGCGGTGTTCTGCTCGGCGGAGAACAGGACACCGCTACGCACTTCGCATTACCTAGCGCGCCGTCACGGCATCGCCATCGTCGAATCCATCCGCTCGGGCTGCGGCGGCAGATCGGACAGGTGCTCCTGCACGATCACCCACCGGTCGTCGCGGCGCACGAACAGCGCGGTCCACGCGCCGCCGAGCGTGTGCGGACGTCCCTCCGGCGTGTGGTGCGGGATGACGTACGCGATCGTGAGCACGGCGGCGGCCGGGCCTAACGCCGTCGCGTGGCGCTCGCGGATCAGGAAGCGCGGGCCCTGCATGTTGCGGCCGACGCGGTCCCAGAAGCTCGCGATCGATTGCACCACCGCGGCGCGCGTCGTCGTCACCCGGCCGGCGGCGGCGGAGATCACGGGGCCCGTCGGCGCGTAGAGGCTCGTCGCGCGCTCCACGAAGCCCGGGCGCGAGAAGTCGTACGCGCGCACGATGAGCGCGGTGAGCGTGTCGGAGAGCGCGGCGTCGCGGCGCGGGTCGCTCGCCGGCGGCGCGGTGCACGCGCACAGCGCGCCGAGGAGCGCGGCGGCGAGCAGCGCGGGAAGCAGCAACGCGCGCGGACGACTGGGCGACGACGGTGCGATCACGGGTGGGGGACGATGGGTGCGGCGTGGTGGAGGAGCCGCGGAGCGTGCGAACGGTGCGTAACTTCCTGCACGGCGCGGTCCGACGAGTCGTCATCCCGACACGGACGGTGCTGCCCTCTCGCGGGGACGGCGGTTCGTCCTCCGCGACGGACGCTCTCGAGCGGGACCGCGACGCTTTCCCTGGGAAATCGCGCGCCGAACGGTTCGGTCCGCGACATGCTTTGCGGTATGGGCCCGGCATGGGGCCGGACCCTGAAATGAAGTAGGAGGACACGGTGCGTCTCAACTCCACGAGGCTGGCCGGGCGTGTCGCGCTGCTCTCGCTGTCCGTCGGCGGAGCGTGCCGGAATGCGTCGCGCGACGTCACGGCGAACGACGCGCTGCAACGCGATCTCGAGCTCGCGCAGGCGAGCACCGTCGCCCTCGCCCAGAGCGGGCGCGACCTCCCCGCGACGCGCTTCGTCTCGGCGATCGAGTCGGGGGAGCGCGCGACGAAGGGCGCCGGAAAGGCGGGCGCGCCGTCGCGGAAGTCGCCGAGCAAGGCGCCCCGGTCGCACGTGGACCACGCGCCCCCCGCTCCGGCGCCCGTCGCGGCGCAGACCCAGTCGGTCGCGCAGGCCGCCGACGCGCCGGTGGAAGCGCCGGCGCCCGCCGCGGCGCCTGCCGTGACCGAGGAGCCGATGCCCGCGCGGAGCGAGAACCCGTCCATGTCGGGGTCGAGCGGTGACGGCGTGATCAGCGTGTCGCCCACCGACGGCGGCGACGCGGGCGGCATCACGGTGTCGCGCCGCGGGCGCGGCGGCGGCCTCGGTGGAGTGCTCGGCGGCATCGGCGGCGTCATCGGCGTCGTGATCCGCGGCGGCGCGATCGGCGACGACGACCATTGCGAGCGCGACCATCCGCGCCGCGGCGGCATCCCGACCGGGATCGGCGGCATGCCCGTCGGCTTCCCGGGGAACGGCGGCTACGGCGTGCCGCGCAGCGGCGTCGGGCGCGTCGGCCGGCCGACGTTCTATCGCATCCGTTAGGCGAGCCCGATAGCACACGCAGCGACGCGGAGTCCGCGGAGCACTGCCACGTAACGGTGCAGTGCTCCGCGGACTCCGCGTCTCCGCGTGCGACCCCTGCGGCATCCGATCTGAGGAAACCGCCGCGATCGACGTGGGTACGACACGTCATCACGACGACTCGGAGATTTGCGATGCAGCGATTCATGGTGCGGCAGTGGCGTTCTCGGGCGACGATCCTCGCGGCGCTCGCCGTCGCGGGAATGACGCTCGACGCGTGCGCGTCGCTGAACAACAAGGAGCGGGGCGCCATCATCGGCGCGGCGACGGGCGCCGCGGCGGGCGGCGCGGTCGGCAGCAAGAACGGCGGCACGGCGCGCGGCGCGATCATCGGTGCAGCGGTCGGCGGGGCGGCGGGCGCGATCATCGGCCACCAGATGGACCAGCGCGCGAAGGAGATCCAGCAGAACATCAAGGGCGCGCGCGTCGAGCGAGTGGGCGAGGGGATCCTCGTGACGTTCGAGAGCGGCCTGCTGTTCGACTTCGACTCCGACGTGCTGCGCGAGCCGGCGCGCGCGAACCTGCGCGAGCTCGCCGCGAGCTACGACAAGTATCCGGACACCGACCTCACGATCGTCGGCCACACCGACGCGGTCGGCGACGATGCCTACAATCTCCGACTCTCCGAGCGTCGCGCCGCCGCGGCTGCCGCGTACCTCGTGCAGCAGGGCGTGCCAAGCGCGCACGTGAAGCCCGCGGGTCGGGGCGAGACGGAGCCGGTGGCCCCGAACGACACCGAGGCCGGCCGGCAGCAGAACCGCCGCGTCGAGGTCGCGATCTACGCCAGCGACAAGCTGAAGGCGACCGCGCGGCAGCAGGCGCTTCGCTGAGCCGTGACGCGTGACGGGGTGACGCGAGCCCCCGTCACGCGCCACTATGTTATCCGCATGACCGCCCTGGAGATCCTGCTCGCGCGCGTCGTCGACTACGCGGGGCTGTTCCCGCCCGCGGCGCTCGATCTCGCCGCGGCGGTGCGGCAGTTCGGCGAGCACCGCGCGAGCGCCGAGCGGTGGATGCTCGGGCGGTTGGTGGTGCCGGCGGCGCGGCTCGGCGACCTCGCGGAAGCGATGACGACCGAGGTGCCTAACGGATCGGCGGCGTGGCGGCTCGCCGTGCTCGCGACCGCGCCGCTCGACCCGGCCGGAGGGCTCGGCATCGCGTGGGGGATCGACCTCGCGCGCATCACGGCGTTCCGCGTCGCGTGCGACGCGCCGGTGAACGCGCTCGAGCTCCGCGGCGGCGACGCGGACGCGCTGGCGCTCGCGCGGCGCGCGGCGGCCGATGCAGGCGTGGCACCGGCGGCGACGTTCGTCGAGGTGCCGTGGGGCGCCGATCACGACGCGCTCGCCCGTGCCGCGCACGCGCACGGCGTGTCGCTGAAGCTGCGCACCGGCGGCGTCACCG
NZ_CP007128.1_gap61	2829129	2832400	3271	GGCCCGCACCGCCGCCATGATCGTCGCCTCGAAGCCGTCCCAGTAGTTCTCCGCCGGCGGCGCGTACAGCGAGCGCAGCCGACCGGTGAGCGCCGGGTCCTCCTGGTCCTCCGGTGGCTCCTGGACGTCGTGCGTGTCGGTCGGTGGGCGATCGAGTCCGCCGCGAATGACGCGGAAGCGTCGCATCAGAGGTCCTCTCGCACGTCGCCGAGCAGCCGGCGGAGCTGGGCGCGGGCGTGGTGTAGGTCCGACCGAGCGGTGCCCTCGGGAATCCCGAGCGCGGCACCGATCTCGGCGTGCTTGAACCCCTCGATGTCGTGCAGGACGATCACCGCACGCTGCCGCGCCCCGAGCTGCGCCATCGCAGCCTGCAGACGCGCCCGCAGCTCCTGCGACTCCGCCGGATCGCGCGACGGGCGCGGCGAGGCGACGGTCTCCGGCAGCTCGTCGGCGTCGCGCACCTTGCGGCGGCGCGCGATGTCGAGCGCGGCGTTGGCGACGATGCGATGGAGCCACGCGCCGAACGCCTGCTCCGGGCGGAATCGATCGAGCGCCCGGTACGAGTGCAGGAAGCCCTCCTGGACCGCGTCCTCCGCGTCCTCGTGCGTCAGCACGATCGCGCGGGCCACGGCGTACGCGCGCCGTTGGTGCATCCGGACGAGCCCGGCGAACGCGTGCGTGTCTCCCGCCTGGGCGGCGAGGACCAGCTCGCGCTCCGCGAGCGCGGCGTCCGAGACCGGTGCCGGCAGCGGCACCTGGGTCTCGACGCGCGCAGCGGGACGGACGGCGGCAGCCCTATCGGGGAGTCCGAAGGGCACGGCGAGCGCGGGTGAAGTCATCCTGGGGGGGCAGGAGAGGAGTTCGCACGGTCTACGCGCCGCTCACGAGGAGCGTTGGCGGGGGAAATCGAAGAGCTGTATCGGGAAATCAGAGACCGAGCGCTGCGGATTCCGCGCGCATGGCCTCGATGACGAACGCGATGTGCTCGTCGAGCGGAACGCCGAGCTCCTCCGCCCCACGTAGAACGTCCTCCCGGCTCACTCCGCGGGCGAACGCCTTGTCTTTCATCTTCTTCCGAACGCCGCCAGCGTCGACGTCGTGGACGCTGCGGGACGGCTTCACCAGAGCGGTGGCCGTGATCAATCCCGTCAGCTCGTCGACCGCGAACAGGGTCTTCGCCATGCGGGTCGTACGGGGTGTCCCGGTGTACTCGGCGTGGCCGAGGATCGCCTCGAGGACATCCTCAGGATAGCCGGTCCGGCGGAGGATATGCACCCCCGCTGACGGGTGTTCTTCGGTCGGCGAGCGCGCCGCGTTCGGCCACCGCTCGTAGTCGAAGTCATGGAGCAGGCCGGCGAGTCCCCACCGCTCCTCGTCCTCACCGAACCGCCGCGCGTAGGCCCGCATCGCCGCCTCGACCGCGAGCATGTGCTTCCGCAGCGATTCCGACTTCGTGTACTCGTGGACCAGCGCGAGCGCGTCCTGGCGGGAAGGGAGGGGCATGTTGGATACGATAACGCCTGGCGGGCTCTTGCGCGCCAGGCGTCGGCCAGGGTTCGTCGCGCCGGTCCCCGGGAGTTCCGGGGCCGCGGGGCGGCGTCGGCTAACCGTCGTAGAAGTACTCGCGCAGCTCGGCGGGAAAGGCACCGTCGGCGAACAGCCTGAAGATCATCCCCTGGCGCTCGGCGAACAGCACCGCGTTGAGCGCCGCGAGGGTGGGAGTCGAAGGGGCGGGCGGCTCGACTCTGCCGTCGCGAGCCGGGATCGTCGGCTGTGTCGCCTGGAAGTACTCGATGAAAGCGATCGTCTGTGGACCGCAGACACCGTCGATGACGATCGGCGACGTGTCGGGGAGCGGCGGCCGAGCCGGCGGCGGCGGGTGCGGCGTGTGCCGTGGTGCCACCCCGATCGCCGCGCGGAGACCACCCGGGGGAGGCGGCGTGTACGACCCCGCCAGTACCGTGTCGGCCTGCATTGGCGCCGGCTGGGCGAATGCTTTCTCCGTCGCCACGCGGAGCAGGTACTGCACGAGCAGCACGTCCGCTCGGTCGTTCGGCGCCGCGCGGCCCACGGCCTGGTCGATCACGTACACCGGAGGAGGGCCACCTCCGACGCGTCTGATGTGAACGACGGGGACGATGCCGGGCAGCAGGAGACGGGGCATGGCGCACCTCCGCGTGTGTGCGCCATCATGGCGAGGCCCACGGCGCGTGACAAGGGCGTGCCCCACCGCTTGCGGAGCGGCGCGCCGGTCGCGACTCCACGTACGAGTGTTCGTTGGACCACGGCGGACTGAAGGAGGACTGAAGAAGGAAACACCAACAAGAAGTGTTGGTCCTTCTTCAGTCCTCCTTCAGTCCTTCTTCAGTCCTTCTTCAGTCCTACAGAAACGCGTACGTGGACCCCAGGCCGCGCGCACCAGCCCTCAGTGCGCGTCCACCGCCACCCGCCCCTTCGGCCGCCGGAGGATGAACACCGCCGGGATCACGCACAGGAACGACAGCAGGATGAACATCCACGCGTCGTTGTAGGCGAGCATCGCCGCCTGCTTCATCAGTGACCCCTCAAGGATCTTCAGCGCCTGCGTCCGCGCGTCGATCAGCGAGCCGCCCTTCGCCAGCATCCCCCCGACGAGCGCCTGATAGCGCTGCTCGAACGCCGGATTGCCGGGATAGAGGTTCGTCACGAGGTCGGCGCGGTGGAACGCGATGTGGCGCGTGAGATACGTGGTCAGCACCGCGATGCCGAACGACCCGCCGAGCTGCCGCGAGAGGTTGATGAGCCCCGACGCCTGCTGCGCCTCGTGCGGCTTCAGGCTCCCGAACGCGACGTTGTTGATCGGCGTGAACAGGAAGCCGAGCGACAGGCCGCGGATGATGAGCGCCATGCGCGCATCGCGCTCGCCGGCCACGGTCGTGAGGTGGCCGAGGTCCCACATCGCCCACAGCATGAGCGCCATGCCGACGAGGATCAGCACGCGCGCGTCGGCCTTCGGCTTGTCGCCGTTCAGCATGAAGCCGCAGAACAGCGCGACGCATGCCGTGGCGATGCCGCCCGGCATCATCGACAGCCCCGTGGCCGTCGGCGTGAAGCCGAGAATGGTCTGCGTGAACAGCGGGAACAGGATCGCGCCGCCGTACAGGCCGAAGCCGAGGACGATGAACAGGAAGATCGACGCCGACAGCTGACGGTTCTTCAGCACCCGCAGCTCGATCACGGGGTGCTTGTTGCGCGACGAGAGCTGCCACCAGAGCAGCGTGGCGAGCGACAC
NZ_CP007128.1_gap62	2919026	2920533	1507	TGCGCGGACCCCTCACTCCGCTTACATGTCGCTCGGCAGCCGCGGGTGGAGCATCACCTCCGCCATGCAACGTCGTCTGGTGCCGGACCTGCGCTACTCCCAGACGCACTTCGAGGAGTTCCTCACGGGCCAAGCGCTCCGCGCCTCGGCGTGGCTGGACCTCGGCTGCGGACACCAACTGCTTCCGGAGTGGCGTGCGGAGGCGGAGCGGATGCTGCTGAAGCGGGTCCCGCTCGTCGTCGGCGTGGACTACGACTTGGAGTCGCTCCTGAAGCACCGCACAATCCACGAGCTGGCGCGGGCCGACGCGCGCCAGCTTCCGTTCGCCGACGACACGTTCGACCTCGTCACCGCGAACATGGTCGTCGAGCATCTCGACGACCCGGCCGCGCAGTTCGCCGAGGTGCGTCGCGTGCTGCGGCCCGGCGGGGCGTTCCTGTTCCACACGCCTAACGCTCGGTCGTACTTCGTCGCCACCGCTCGTCTCCTGCCCGACGGGTTGAAGCGGCGGGTCGCCAAGTTCCTCGACGGGCGCGACGAGTCGGACGTCTTCCCGACGCTCTACCGGGCGAACCGCCCGGAGGACGTCGCTGAGGTGGCAGCGAGCGCCGGCCTCGAAGTCGCGGACGTCACGCTCGTCTCGTCGGCGCCGGTGTTGGGCGCCATCCCGCCGGTCGCGGCGGTGGAGCTGGTCGTGCTCCGAGCGCTGCAACGCCCGTCGCTCGCGCGCTACCGCTCCAACATGATCTGCACCCTCCGGAAGCCCGCGGCCGTGTCGGCGCCGCGCCGCGTTCCGGTCGCCGCCGCGAGCTGACGGCGCGTCACTCGTCGGGCATGCCGTCCGTGCCCGGCACGCGCTTCACCACGCGCGCCGGGTTGCCGACGATGATGGAGTGGGCCGGGTACGTCCCCGCGCACACGGCGCCGTACCCCACGACGCAGTTCCGGCCGATGCGCGTGCCGGGCAGGATGCCGACCGAGCCTGCGATCCACACGTTGTCGCCGATCGTCACGGGGCGCACGCGCACGGGCGCGGTCGGCGAGTGTCGGTCGACGTGGGTGCTGTGCTGGTCGGTGTCGGCGATGGACGCGTCGCTGATGATCGCGCGCTCGCCGATGACGATCGACTGCTGGCACCCGAAGCGCGTGCCGTTCAGATAGCTCCGGCTGCCGACCTCGATGACCGCGTCGGGCGCGTGCGTCCACGGCGTGACGACGCGATCGACGACGACGTCGTCGCCGAACACGACGCGACCCGGGCCACGAAACACGATCCGTCCGACGACGCGGAAGTTGCGTCCGACGGTGAAGTCGATGCCGCGCACGCGGCACCACACGCGGACCCAGTGGCCGCGCAGGAGCGACGTGGCCCAGAGCCACGCCGCGCCGGGCTCGCGGACCGCGCGCCGCACCTTCTGGCCGAGCGACATGACGCGAAGCTAGCTGCTGCGGTGTCGGGCGGGGAGCGGCACCTCGGCCGCGAACGTCGCGCAGTGCGCGCGCACCG
NZ_CP007128.1_gap63	2921618	2926178	4560	GTGGCCGCGCGCGGCCAGCTCACGGACGTCCGCCTCGGTCACGAAGCCCGGCTGGCCGATGCGGTCGGTGGTGACGAAGAAGTGACCGCGCCAACCGTGCGCCTCCAGCGCCGGCGCGGCGTGACGCAGCGCGCCGACGCCGCCGTCGTCGAACGTGAGCACCACGCAGGGCGTGCCGTCGGCCGGGCGCGCCAGCACATCGGTGACGAGGCCCGGGAACGGGGCCGTCGCGCTCAGCGCCGCCATGTGTCGGTCGAAGCGCTCGCGCGTCAGCTTGTAGATGTGCGCGTCGCCGCCCGCGAACCCGCTCGACTCGAACCCCTCGGGGCCGACGACGTCGTGATACATCAACGAGATCAGCTTCATCGACCGGAACCTCGCCGACCGCGTGCGCGCCCACAAGAGGAGTGCGCGGTGGGACGTTCGCCGCACGTCCGTGGCTCGCGGTGCCGGTGACCGCTTACCTTCCGCCGATGACGACGCCTTCCGCGCGCCGGACGTCCAAGACCTTCGAGCTGGTGCCGTACGACCCGGCACTCGGCGACGCGATCACCGCGTTCAATGCGCGGCTCGACGCCGGCGGGGCGCCGCCGGAGTATCGGCTCCACGCGGGGCCGGGGCCGATCTACATCCGCAACCAGCAGCACGGCATCGTCGAGGAGCGGCTGTTCGTCGTCGACGAGGGACAGGTGCGTGGCGGCGTGCATCTGCAGGTGCAGCCGTTCTGGGTCGACGGCGCCGTGCAGACGGTGGCGAACATCCAGCTGCCGCTGTCCGAGGGGATCGTGGACCGCCAGTTCGCGTTCCTCGGCATGTGGATCATCAAGCAGGTCGTCCGCCGCTACCCGCGCTGCTTCGCCCTCGGCATGGGCGGTACCGACCGGCCGCTGCCGCAGCTGCTGCACGCCATGCAGTGGGCGGTGTGGCCGGTGCCATTCCAGTTCCGGCTGGCGAACGTGGGGCGCTGCGTCCGCGAGCTGCGCGCGCTCGGGCCGGCGTGGCGCCGCCGGCTCGCGGGCGGCGCGCTGACGGCGACCGGCGGGTCGCTCGTCGGACGCGCGGCGTGGGCTGCGCTCGCGGCCGCGCGCACGCGCGGCGTCGCCCGCCTAACGACGCGCCCGGTGACCGCCTGGGAGCCGTGGGCGGACGCGATCTGGGAAAGCGCTCGCGGTGCGTACGCGGTGATCGGCGTGCGCGATGCGACCACCCTGCGCGCGCTGTACCCGACCGACGAGACGCGTGTCCGCGCGCACGCCCTGCTCGACGGCGGACGCCACGTCGGCTGGGTGGCGCTCTCCGTGCGGCAGATGTCGGGCAACGTACACTTCGGGAACCTGCGGGTCGGCGCGGTGATCGATGCGCTCACGCCGCCGGGGTACGAGACGGCGGCCGCCCTCGCCGCCACGCGGCTCCTGCTCGACGAGGACGTGGACCTCGTCGTGACGAACCAGTCGCATCCCGCGTGGCGCGCCGCGTTCCACCGGGCCGCGTACCGCAGCGCGCGGTCCAACTACATCCTCGCGCCGTCGCCGCAGCTCGTGCCGAGAACGGCGGACTTCGAGCGGCGCATGCTGCAGTTCACGCGCGGCGACGGCGACGGCCGGATTCACCTGTGAGCGTTAGGCGCGGCCACGCCGCGCCTCAGCGGACGTTCGGCTCGCTCTGAAGATGATCGAGCAGCAGCGAGAACGACGCGAGCTCCGCGAGCTCCTCCATCGGCAGCTCGACGCCGAACTCCTCCTCGATCACGGAGACGAGCGTCGCGTTCGCGAGCGAGTCCCACGCCTCCACCGTGGCGGGGCTCGCGTCCGGGATCTCGGCGGGCGTCAGATCGGGAAAGACGGCGAGAAAGCACTGCTCGAGCCGAGCACGAACGTCATCCATTGGCGGTCTCCTGGAGCGCCGAGCGCTCGACGCGATGATAGAGCGGCGGGCACGCGGCCTCGAACCGGGCGCGCGAGATCACGACGTCGCCAGGGCCGTCCGGCAGCTCGACGAGCGACGCGAGGAACTCGCGCGCCGGCGTGTTGCGCGCGGTGGGCGCATAGTCGACCACGACCTCGTTCACGTCGTACGTGTCGAACAGCGTGCGCAGCGTGGCGTGCTCGATGCGCCGCGCGAAGGCCCGGCAGCTCATCACCCACCGCTCGACGCGCACGCGGTTCGACTCGAGCGTGCCGGTGAGCACGGCGATCTTGCCGAGCGACCCGAACTTGTCGCCGTAGCTCACGGTCATCACCAGCGAGTCGGCGCGCGCGCGGAGCGCCGCCCAATCCGCCTCGAGATACCGTCCGCCGTTCGTGTTGAACTGGTTCGTCTTGTTGATCAACTCGAAGGCGCGCGTGTCGGCCGCGCCGTCGCCGACCGCGAACGACACAGTCGCCCCGAGGCTCGCCGCGAACGCCTCGTCGTCCTGTTCGCCGGCGGACTGCTCGAACGCCTGCGCGTTGCGCAGGCTCTCGCGGCGCAGCGCGTCCTCGGCCTGCAGCGCGGGCCGGCCGAACAGATCGCGCAGCTCGTGCAGCAGGGCGAGCACCGCGTCCGGATCGTCCTTCGGGAACAGCCGGCACTCCACGTCGGGATGCCGGCTCTGCACCTCGGCGATCTCGAGCGGGCTGTCGTCGACGAACACCAGGCTGTCGGCGCCCACGTTCCACGCGCGCAGCACCGCGTCGATCGACTTCGACTTCGAGCCCCAGTTGGCGAGCAACGGGAACACCCGGTCGCGCGGCAGCGCGATGTCGGCGCGCCGGAACGCCTCCTCGACGATCGATTCGTCGTTCTTCGTCGCCACCGCGACGAGCACCCCGCTGTCGGCGAGCGACGCGACGAACTGCTGATAGAGGCCGTGCACCTGCGCGTGATGCTCGAGGTCCCACGCGACGCCGGCGACGCCCACGTCGCCGAGGATCCCGAGCCACACCGTGTCGTCGAGATCCGTGACGAGCCCCTTCTTCGGCGCGCGCGGAAGCAGCAGCGTCGCGAGGCTCGCCGCGACGGCGTCGGCGTGCGGCTGCGCGTACGGCAGGCCCGTGGCGAGCTCCGACTTCACGCTGAGGCGGTCGCCCATCGGCGACGTGGTGGCCAGCGCGCGCTCGCTCACCACGCGGATGGCGGGGCTCGACGACAGCGCGGCGGCGAACTGCGCGAGCGCCGCCCGCAGCTGCAGCTCGAACGCGCTGGCCTGCTGCCCGACGGTGAACGCGATCGGCGGCAGCGGCAGCGTGGGGAGGCACACCGCGACCGGCGTGCGCTCGCTCGCCGCGGCGAGCTCCGTGCCGAGCCGACCGAATGCGGCGCGGGCCGTCTGGAGCACGTCGTCGAGCACCGCCGGGGCCCAGCCGCCGCTCTCGCGCAGCCCGAGGCGGCGGTCGAGATCCTGCCACTCGATCACCACCGCGAGGCCCGCGCTCCGCGCGCCGCCGTCCGCGGCTCGGCGCACGTTGCCCAGCAGGTCGCCGTAGCGCCCGACCTCCAGCTCCACACGCGCGGTGGAGAGCCGCTGCTGGAGGTGCGCCGTGAGGAACGTCGCGAGATGGAGCGGCGTGAACCCAGTGGCCAGGCCGAACGGGCGAGCGTCCGGGAGCTCCCGGCGGGATCGGATGACTTGGAGTGCCTCGATCAGCTTCATGGCGCGCGCTGGGGGGCGTCTCCCCGACGGACGGCACGTGCGCCAGCGCGGGGGTGACAGGAGGGACGTCGAGCGGCCTCGCTGGAATGTACTCGACCGCCGGAACTCCCGAAAATCGCCGAGCCGGCCGCCGTCTCCCGACCGTCAGCCCCCGAGCACCACGCTCTCGTTCACCGGTCGGAAGCGATACGCCTCGCCGGCCTGGTTGAAGAACCCCTCGTTGGACGCCGGCGGCAGGTCCGCGCCGAAGTAGTGGCGCAACACGTTGCGGAAGATGTTGACGTGCGTGGTCGAATCCTCGAACATGGCCGCGCCACCGTCCGGCATGTAGAACGCCGCGAATGCGCCGAGCCGCTCGGCGGCGATGCTGTCGGTGGGCAGCTTGGCGTCCACTGCCCACCCGCGGCTCAGCGTGCCGTGGTCGCCGATCACGATGACGATCGGCGCCACGGGAGAGCGGCGGAAGAGCGCCTCGACGAGCGCGAGCACCTGCGCGTTGCTGCACTGCAGCACGCCGAGGAAACCGGCCCGCGGCCCGGGCATCCCCATACGCTCGCCGATCACCACGCCGCCGGGGTTGACCGGTCGGCATGCGCTGTCCAGCACGATCGGCTGATGCGGCAGCATGAAGTGCGCGAAGGTGAACGTCGGCGCGCTGTCCCCCGGCACGTCGCGCAGTCGGCGGAACTCGTCCAGCACGAAGCGCCCACCGTAGCCGCCGTGCAGCGCGCGGAACTTCGAGAGCAGCGTGGACTCGAACATCACGCGCCGCAGCTCGCTGCGTTGGAACTCGGCCCGCACGTCGATGCGGGGCGGTCCCGGGTACACGTAGTCGGCGAGCGGGCTGTCGCGCGTGAACTCCACCCATTCCGTGGGGAAGAGCAGAAAGCGGTAGCCGCGCTCCTTCAGAAAGCGCGCGACGCGATTCT
NZ_CP007128.1_gap64	2927798	2930347	2549	ACGTATCGAGCATCAGCACCGTCGCACAGCTCGATCGATACTCTGCCTGCCGCACCATGAGATCCGGGTAGTCGAGGTCCATCGGCACCTCGATCTTGCCCGTGCGGGCGAGGGAGTTCATGAGCGTCGCGTTCACGTCGAGGTTCAGCACGTCGCCGAACTCGTACGCCTTCGACACGCCGTCGGCCTCGATGCCGGTGGCGAGGTACGGCGTGTCGTGGCTGCCGACGCTCGACTTGCCCACCGCGCCGAGGATGTGGCGCAGCGTCTTGTAGCCGAGGAAGTCGATTCCCTTGTCGGTGAGCTGGAACTGCACGTCCTTGCTCGCCTTGTGACTCAGGCTGCCGCGCCCGGTGACCGGCTGCTGCGTGCTCGGCATCTGCGGCGGCGCCTGCACGTTGAGGTAGCCTTCGGCGGTGAGCCGCTGCACGATCTGGTCGAGGAGCTGCGCGAGGCTCGCCTCCGCGTCGCTCCCCTCCTGCGCGTCGCCGCGCAGTGCCTCGAGCATCTCGGGCGTGAACTGCCCGCTCTCCATGAGCGCCTCGAGGATCGCCTGACGCAGCGCGTCGAGCGAGCGGTCGGCCTCGTCGCCCGTCTCCCCCCAGTACGGGTGGTAGTGCGGGCCACCCGCGAATCCCGAGTCGAGCAGGAAGTCGGCGAGCTTGTCGAGCAGCGACTGCAGGTCGACCGCGTCGGCGAGCTCCGGGCTGTACTTCGTGTACGTGTGAAATCGCATGGCCGGAAGTTGGCAGCGATGGGGGCGCCGTGCAGGCGATACTGCATGGTGGGCTGATACACTTCGGGGGGCAAGGTCCCGGCCCCGGCATCCCGAGCGCAGCGAAGGACGCGACCTCCATTTCTCGATCGCCTTGAACCCGTTCGCGCCGCTCGTACGCCACCGCAACTTCCGCATCTTCTGGTCCGGGCAGACGCTGTCGCTCGTCGGCACGTGGATGCAGGTGATGGCCGAAGGATGGCTCGCGCTGGAGCTGACGAACAACGCGTTCCTCGTCGGCGTCGTCGCCTCCGCCGCGTCGCTCCCCGTGCTGCTGCTCTCGTTCATCGCCGGCGTGGTGATCGATCGCGTGAACCGCCTGCGGGTGGTGCAGGCGATGCAGGCGCTCATGCTCTGCCAGGCGACGGCGCTGTGGGTGCTCACGCTCACCGGGCACCTTACGATCGGCTGGCTCATCGGGCTCGCGTTCGCGAACGGCGTGTTCAGCGCGTTCGAGATCCCGTCGCGGCAGTCGCTCGTCGTGGAGCTCGTCGGCCGCGAGGATCTCGGCTCGGCGATCGCGCTGAACTCGAGTGGGTTCAACCTCGCCCGCGTGGTGGGGCCGGCGTTGGGCGCGGCCGTCATCGCGGCGTTAGGCATCGCGTGGTGCTTCGCGGTGAATGCGGCGAGCTACCTGGCGGTGCTCGTCGGGCTCTTCATGGTGCGGCTGCCGGAGCGCGAGCGCGCCGCTCCGAAGGGCTCACCGCTGGCCGGGCTGCAGGAGGGGTTCGCCTACATCTGGCACACGCCGGACGTGCGCGCCCTCATGACGATGGTGCTCGTCTTCTCGGTGTTCGGCGTGCCATACCTCACGCTCATGCCCGTGGTTGCACGCGATCTGCTCGGCCTCGGCGCGAGCGGGTACGGGGTGCTGCTCGCGGCGGTCGGCGTCGGTGGGTTCGCGGGGGCACTCTTCATCGCCGGCGCGGGCACGCGGTTGCCGCGCACACGGACGCTGGTGGCGGCGTCGGCCCTGTACGCGATCCTGCTCGCCGTGTTCTCGTTCGTGCGGTGGGTGCCGGCGGCGCGCGCGCTGCTGCTGGCGATCGGATTCGCGATGATCTGCAACGGCGCGTTGGCGAACGGGCTGCTCCAGTCGCGCGTGCCCGACGTGCTTCGAGGCCGGCTGATGGCCGCGTACTCGTTCGCCGTCGTCGGTATGGCGCAGGTGGCAGGCTCCCTCATGGCCGGTGCCGTCGCTCGCGCCGCCGGGGCGGCGTGGGCGATTCGTGGCGGCAGCGCCGTCATGCTCGGCTACGGCTTGTGGGAGTACGCGCATCGTGCGCGGCGGTGGTCCATCGACCAGTGACCTGTCGCGAGGACGTTGCGCGCCGTCGGGCGCCCGCGCCTTGGCCAATCGGCGGCGCGGGCCTAATCTAGGAGGCGTCGCTCGCTTTCCCCCTCGCTCCCGTAATGGCAGAACGCAGCACCGCAAACGCCCCCGGCTCGGACGAGGCAGTGATGACGCGTGATTTGCCCTCGTCTGGCCTGACTCCCGCGGTCGGAGCGGAGGTCGACGTGCCGTTGCGGGCCACTGGGGCCGAGGGCGTCATGCCGGCCCCGGTGGCCGTGGCGCTGCCGGCCGCCTGGCGGCGTTTCTTCACGGTCCCGATCGACGACGTGAAGGGGATTCCCGCGCTGGAAGCGGTGCGCGGAATCGCCGCGAGCCTCGTCTTCCTGGTGCACTTCCAGGCGGCGTTCGGCCGCCTACTGCTGCCGCGCGGCTCGTCGCCGATGCGCGTCGGAGCGTACCTGGCGCAGGTCGGCTACCACG
NZ_CP007128.1_gap65	2954954	2959422	4468	TCCGGCGCCCACGAGCAGCGCGACGGCCATCGCGACCTCGGCGCCGATGAGCAGCCCGCGCGCGCGGAGCCGCGCGCCCTGGATGCCCGCGCGCCCGCCCGCGCCGATCGCGCCGCGCAGATCGCCGGTGATGCGCAGCGCCGGGGCGAGGCTCACGAGGATGCCGGTGACGACCGACGCCGCGGCGGCGAACGCGAGCACGCGTCCATCGACCGCGACGATGGCGAAGCGTGGGAGCGCCGCGCCGGCGAGGGCGACGAGCGCGCGCGTGAGCCCCCACGCGAGCGCGCAGCCGAGCGCGCCGCCCGCCGCGGCGAGGAGGATGTTCTCGGTGAGCACCTGTCGCACGATGCGCCCCGGGCGCGCGCCCATCGCCGTGCGCACCGCGTACTCGCGCTGGCGCGTCTCGCCGCGGGCGAGGTTCGCGCTGGCGAGGTTCACGCACGCGACGAGCAGCACGAGGCCCACCGCGCCGAGCAGGATGAGCAGCGTGCGACGCACGTCGTGCGCGAGATCCTCGTGCAGCCCGACGACGCGCGCGCGCTCGGCGTCCATCTCCTTCCCGAGCTGCGCCTTCAGCCGGCCGAGTATCGCGCTGACCTCGCGCTGCGCGTCGCCGGCCGAGGCGCCCGGCGCGAGCCGCGCGACCATCGCCCAGTTGTGCGCGGTGCGCGACGGCGTGTCGTCGGCCGTCGTGTACCACACGTCGGTGCGCGCGGGGAAGTTGAACGACGGCGGCATCACGCCGACGACGGGGATGAGCTCTCCCTCGATGCGCAGCGCGCGGCGCGAGAACGCGACGTCGCCGCCTAACGACTCGCGCCAGAAGCGGTCGCTCACGATGGCCACCTGCGGGCCATGGAGCACGCCCTCGCCGGCGCCGACGAGGCGGCCGCGCGCGGCGGGTACGCGGAACACGTCGAAGAACTCGCGCGACACGGCGGCGACGCGCACGCGCAGCGGCTCGTCGGCACCGAGCACCGTCGACTCGAAGCCGGCGACGTAGGCCGCCTGCTGGAGCGTGCGCGCCTCGCGCTGCACGTCGAGCGCGTTCGCGCCGGCGAACGCGACGTGGTCGCTGCCGCGCGTGTGCTCGTAGAGCCGCACGAGCCGATCGGGCGCGGGATACGGCAGCGGCCGCAGGAGCACGCCGTCGACCGCGGAGTAGACGGCGGTCGTGACGCCGATGCCGAGCGCGATGGTGAGGACGGCGACGACGCTGAACGCGGGCGCGCGGAGGAGCGCGCGCGCGGACTGGCGCACGTCGCGCACGAGCGACTCGAGCGCCGCGGTGCGCGGCGGCGCGTCGTCATTCGTTGCGCTCCCCGGCGCGCGGCCGCGCCACTCGCCGTGCGCGCCGAGCTCGCGAAGCGCCTTCGCGCGCGCGGCCTCGGGCGAGAGCCCGGAGCGGACGTTGTGATCGATCTCCATCTCGAGATGAAATTTCAGCTCGTCGTTCAGCTCCTCGGCGTGCGCCTGCGGAGTGACGACGCGATGCAGGCGACGGCGCAGCCGGTACGACCAGGACGCGAGGGACATGGCGCGGGCCTCAGGCGGGAGCGAACTGCATGACGGCGTGGACGGCGCGCACGAAGTCGAGCCAGCCCTCGCTCTCGCGGGCGAGCTGGCGTCGCCCGGCGGCGGTGAGGGCGTAGAAGCGCGCGCGTCGGTTGTTCTCGGAGACCCCCCACTCGGCGGCGACCCAGCCGCGCTCCTCGAGGCGGTGCAGGGCGGGGTAGAGCGCGCCCTGGTTCACGCGCAGCACGTCGCCCGAGGTCTGTCGGATGTGGAACGAGATCCCCCACCCGTGCAGGCGGCCGAGGGACAGCGTCTTCAGGATCAGCATGTCGAGGGTGCCGGGGAGCCGGTCGAGCGGGGGAGCGGGCATGGCGCGGGAGCTCGGGTCGGGGTTCCTGTCAGTCGCTGACAGGAGTGAGACGGTACGCACGCGCGAAAGGTTTCTCTACGCTCCGCGCTCCGCGCTCCACGCTCCACGCTCGCTCGGTGCCGCGAACTGGCCGAGCGTGGAGCGTGGAGCGTGGAGCGTGGAGCGTGGAGCGTGGAGGGGTTTAGGTTGTTCGGATGACGACGCATCCCATCACCGACATCACCATCATCGGCGGCGGCCCGACGGGCCTCTTCGGCGCGTTCTACGCCGGCATGCGCGGCGCGACGGCGCAGATCGTCGACGCCCTGCCGCAGCTCGGCGGACAGCTCACCGCGCTCTATCCCGAGAAGTACATCTTCGACGTCGCCGGCTTTCCGCAGGTGCTCGCGAAGGACCTCGTGAAGGCGCTCGCCGAGCAGACCGCGCGCTGGAACTTCCCCACGCACCTGAACCAGCGCGTCACCGGGCTCGAGGACGGCACCGGCGCCGACGGCAAGCGCGAGTTCGTGCTCGTCACCGAGACCGACCGCTTCCCCACGCGCTCGATCGTGGTCGCCGCCGGCATCGGCGCGTTCTCGCCGCGCCGGCTTCCGCAGTCGTGCGCCGAAGGGTGGTACGGCCGCGGGATCTACGACGTCGTCACGGACCCGGATGAGTACCGCGGGCGGCGCGTCGTCATCATCGGCGGCGGCGACTCGGCGTTCGACTGGGGCACGCAGCTCGTCGAGCGCGCGCGCCACGTCACGCTGGTGCACCGCTCCGACCGATTCCGCGCCCACGGCGCGACCGTTGCCGAGTTCCAGGCCGCGGTGAGCGCGGGGCGCGCGACGCTGCACACGTTCCACGAGCTCGCGGACATCCGCCCCGCGGACGACGGCGAGCGGTTCAGCCACATCGTGCTGAAGGACATCAAGGCCAAGAGCACGCGCGAGGTGGAGGCGGACGTCGTGCTCCCGATGCTCGGCTTCGTGAGCGATCTCGGCCCGCTCGGCGACTGGGGGCTCACGCTCGACAAGGACGAGATCGTGGTGAACTCGCAGATGGAGACCGGGCGCGAGGGGCTGTGGGCGGCGGGCGACATCACGACGTACCCGGGGAAGCTCAAGCTCATCGCCGCGGGGTTCTCCGAGGCGGCGATCGCGGTGAACCAGGCGGTGCACTGGATCTACCCGGAGAAGAAGGTCGCGCCGGGGCACTCCTCGAACCTCGCGATCTTCGGGCAGAAGGACGACTAGCGGAGCGGACGATGCGGCGAGCGACGATGTGGGCGGTGGCAGCAGCAGCGGTGTTAGGCACGGAGCGGGTCGGCGCGCAGGACGCGGCCGACGATGCGGGGCGGCTGTTCCCGCTGCTCGACATCGGCGTCGCGCGCGCATTCGGCGCGACGCTCGCCGACCGCAGCGTCACCGGCACGAGCGGGGGCCAGGCGTACCACGAGTCGATGCGGCTGCGCCTCGACGGCCAGTGGGGGATCATCGCCGAGGGACGCGTGCCGTTAGGCCGCGCGAAGGTGTGGGGGATCGAGGCGTACGGGGCGCGGTTCCGTGGGCGCGGCCGGCTCGATGCGGCGCGGCAGGTGGCGAGTCCCGTCACGACCGCGGTGCTCGACACGCTGAACGCCCCGCTGCGCGGCGTGACGAGCTGGCGCGGCACCCTCGGCGTGGTGCGCGCGGTGCCGCTGCCCGCGCGGCTCACCGGCGCGCTGCTCGTCGGCGGGACCTACGGCACCGTACGCAGCGGCGGCCAGGCGTGTCAGAGCGTCGTCGTCGCGCCGGCGCTGGTGTTCCCGCCGCCGGGGCAGCCGTGCGCGCCCGCGCTCGACCTCACGACGCCGGGGGCGACGTTAGGCGCCGACGTGTTCACGCCGGAGTGGCGCGGGCTGCGGCTGCGCGCGGCGCTGAAGGGCGACGTGCTGCGGGTCGACGAGGCGGAGGTGCGCCGATCGATGCACTGGGGCGCGTTCGCCGCGTCGCCGTTGGGCGAGGGGGCGGCGCGGTGGCACGTGCTCCCGTCGTTCACCGTCGGCGTGGAGTTCCGGATCCCGCTGTGAGCGGGGCGTCTCAGGTCGCGCGTCAGTTCGCGCGCGCCGGGCGCTCGGGGAGCTTGCGGACGGTGAGCCGCTTCTGCTTGTACGGCTCGAGCCAGTCGTCGACCGGCGTGCAGTTGTACCCCGACGGCTCGCTCGCCTTGAACTCGTACACGTTGCCGCCGGACACGAGCACGATGTGTCCACCCGACCACATCAGATAGTCGTCGGGCGCGGTGCCGGCGAAGAACTCCTTCACGTACTTCGGCTCCGCCTGCTCGAGCTGCACCGTGGTCGTGACGTCCTTCCCCTTCTTGTCCTTCTCGGTGTGCTGGACGCTCACCGTCGTCGCGTTGAGGGACGCCGCGAGGTCCGCCGACTCCGCCATGTGGAAGTTCGACGCGCCGCACGTGGTGCCGACGTAGGTGATGCAGTCGAAGCCGCGGTTCTCGTTCCGCGTCTCGAACTGGCCGGCCCACACGAACAGGTTCTTCGAGAAGCCGGGCACCTGCACGAACATGCGGCCGTGGAAGTCCGCCGCCGCCGGGTCGCCC
NZ_CP007128.1_gap66	3088915	3089799	884	CGTACGGTCGCGTTCAGCGGCATCGCAGCGGTCGCGGCGTTCCTCATCGGCAACAGCCTGCGCGGCCAGAGCGGCTCGGGCGGCGTCCGCGGCGGGGAGCCCCAGCAGGGCAAGTGAGAGGGCAGGAGGGCGAGAGGGCAGGAGGGCAGGAGAGTCAGCGGCCCTCCTGCCCTCCTGCCCTCCTGCCCTCTCGCCCTCCTGCCCTCCCCGTTAGGCCGGGCGCGGGAACAGCGGGGCGCCCTTCGTCACGCGCCACGCCGTGGGGTCGAGCGACGCCAGCTCGTCGAAGCGGACGTCGGCGGCGCGGGCGCGGCCGGCGGCGGGCGCACCGAGCTGCGTCCACAGCTCCTCCGCCTTCGCGGGCATGAACGGCGCGACGCACACCGTCTGACGCGCGAGCTGCCGGACGAGCGACGCCATCACGCTCGCCAGCTCGGCGCGCCGCGCCGGGTCCTTCGCCAGCGCCCACGGCGCCGCGCTCTGCACGAACTCGTTCGCGCGCGCGACCGTGCGCCACACCGCGGCGAGCGCCTCGTGCGGCAGGTAGCCGCGCGTGCCGTCCATCGCGGCGTGGAAGTCGGCGAGATCGGCGAAGTCGGCGTCGTCGACCACGGTGCGCGCGGCGGCCGGCACCTCGCCGTCGAAGTACTTCTCGACCATCGAGATCACGCGGCTCGCCAGGTTGCCGAACGCGTTCGCGAGATCGCTCGTGTAGCGATCGTCGAACCGCTCCCACGAGAAGTTGCCGTCGCCGTCGAACGGCACCTCGCGCAGCAGGAAGTAGCGGAGCGCGTCCACGCCGTAGCGGTCCATCGCCTCGCCGAGGTCGAGCCGCACGCCGGAGCTCTTGCTGAACCGCTCGCCGCCCAACAGCACGAAGCCGT
NZ_CP007128.1_gap67	3125843	3129909	4066	CGTGACGCACAGCCCGGGCGCGAAGTTCGACGTGATCGTCTCCAATCGCGACCTCACGCGGCTGTTCTGGCGCGAGCCGCGAGACATTCAACGCGCACGCGAGCAGGCCGTGCCCGCGTCGGTCTTCACTTGGCCGTGACGGCGCCGCCGCCTCGGCGCCGTCGTCCTACGCTTTGACGTCCCCCACGTTCGCCATCATGCGGCGAATGGGGATGATGAGCGCGCCGAGCACCGCGGCGGAGGCCAGGAGGGCGATCGTCGTGCCGGTGAACAGCACCGGCGTCTGCTCGAGCTTCTCGGGATCCACGCTGCCGCCGACGAGTCCCGCGATCAGGTTGCCGACCGACGCGGCGAGGAACCAGATGCCCATCATCTGACCGACGTACTTGCGCGGCGAGAGCTTCGTCATCGACGACAGCCCGACGGGGCTCAGCGACAGCTCGCCGAGCGTCTGCAGCAGGTAGCTGATCGTCAGCCACCACGCCGAGACCTTCAGCGTGCCGCCGCTCGCGACGATCATGTTCGCGGCGGGGATCATGATCGCGAAGCCGGCGGCGGCGAGCAGCAGGCCGAGCGTGAACTTCGAGGGGCTCGAGAGCTCCATGCCGCGCTTCGCCATGCCGACCCACACCGCGGCGAACACCGGCGCGAAGATGATGATGAACAGCGAGTTGATCGACTGGAACCAGAGCGCGGGGACCTCCCAGCCGAAGAACGTGCGGTTCGTGAAGTCCTTCGCGAACAGGTTGAGCGACGTCGGCGCCTGCTCGAACGCGCCCCAGAACGCGGAGGCGAACACGAACAGCACGAAGATCACCGCGATGCGCTTCTTCTCGTCGCTCGAGAGGTTGCCCGTCGCGTAGATGCCGGCGAAGTACACGACCGCGAGGCCGACGAGCACGTACGTCATGCTCCTGCCGATCGCCTGCGCGTCGATGGTGACCGCGCCGGTGGCGGCAAGCGCGAAGACGAGGGCGAGCACGCCGAGTCCACCGAACAGGATCATCCTGCCGCGGCTCTTCTGCCGCGCATCGATCACGGGATCCGGGTGGCGCGACGGCTCGGTGCCGAGGTTGCCGAGCGTGGAGCGCTGCCGCGCGGCGAACGTGAGGAGACCGGCGAGCATGCCGACGCCCGCGGCGCCGAAGCCCCAGTGCCAGCCCACCTTCTCGCCGAGCGCGCCGGTGACGATCTGGCCGAAGAACGCGCCGAGGTTGATCCCCATGTAGAAGATCGAGAAGCCCGCGTCGCGCCGCGCGCCGCCTTCCGGATACAGATCGCCGACGATGGCCGAGATGTTCGGCTTCAGCAGGCCGGTGCCTAACACGATCAGCACGAGGCCGAGGAAGAACGGCACCTTGCTCACCGCGAAGCCGGACAGCCCGATCGACAGGTGGCCGCAGGTGATCAGCACCGCGCCGAGCATGATCGCGCGCCGCAGCCCGAGCAGCCGGTCCGCGACCCATCCGCCGGGAAGCGACGCGAGATACACGCACGCCGCGTAGATGCCGACGATGGCCGACGCCTGGCTGCGCTCGAAGCCGAAGCCGCCGTCCGCGAGCGCAGCGGACATGAACAGGATGAGCAGCGGCCGCAGCCCGTAGTACGAGAACCGCTCCCACATCTCCGTGAAGAAGACGGTGGGCAGCCCTCGCGGGTGGCCGAAGAAGCTGCGGTCGGCGCTGGGGAGCGGCGGCGGGCTGTCGGTGGCGACGCCGGTCTCTTGCGCGGCGCGGCGGGGCGGGCGCTCGCTGACGGGTGCGGACACGGCGATGCGGGGTGAGGGGGGGCTAGGTGGTCTCGACGACCGGGAGGTAGCGCGCTGGAGGGTGCGTACCCCCGGCCGTCTGCTGTTGTGCCCAGTCGACCGTCGTGGGAGGCTGCTTGATGCATGCCGCCCAGTGGCCGGGCGCCTTCTCCTCGAGCGGCGGCACGATCTTCTGACACGCCGCGTCCTTCGCCGGGTGGAAGCAGCGCGGGTGGAACACGCAGCCCGACGGCGGGTTCGCCGGCGACGGTGGATCGCCCGCCAGCACGATGCGCTGACGCCGTCCTCCGGGCCGCGCGATCGGGATGGCCGAGAGCAGCGCCTGCGTGTACGGCATCAGCGGCTCGGTGTACAGCCGCTCCGACGGCGCGAGCTCCACGATGCGGCCGAGGTACATCACCGCGACGCGGTCGGCCATGTGCTCCACGACGCTCAAGTCGTGGGCGATGAACAGATACGACAGCCCGCGCTGCCGCTGCAGGTCGCGCAGCAGGTTGATGACCTGCGCCTGCACGCTCACATCGAGCGCGGACACCGGCTCGTCGCACACGATGAGCTTCGGCTCCACGGCGAGCGCGCGCGCGATGCCGACGCGCTGACGCTGGCCGCCGGAGAACTCGTGCGGGTAGCGCGACGCGTACTCGGGACGCAGGCCGACCTCGTCGAGGAGCTCGCGCACGCGGCGGTCGGCCGCGGCACCCTCGGCGAGGCCGTGGATCGTTAGGCCCTCGCGCACCGTCGCGCCGATCGTCATGCGCGGGTTGAGCGACGAGAACGGATCCTGGAAGATGATCTGCATCTGCCGGCGCATGCGCCGCAGCTCGCGCGCGCCCAACCCGAGCACGTCGACGCCGTCGAACTTCACGGTGCCGCCGGTCGGCTCGATGAGACGCAGGATGCAGCGACCCGTCGTCGTCTTGCCGCAGCCACTCTCGCCGACGACGCCGAGCGTCTCGCCCGGCATGACGTCGAACGACACGCTCTCCACCGCGCGCACCGCGCCGCCGCCGCGACCGAGGAAGCTCTTGCGGATGGGGAAGTGCTTCGAGAGATCGCGCACCTCGAGCAGCGGCCGGCCAGGCGTCGCGACGCGTAGGAGCAGCTCGGGGGTCCCGGACGTCGCGGTCATGCGGACTGCTGCGCGGCGAGCGGGAGGTGCCGCTGTCCGCGGCGCTCGGGCTCTTCGGCGAGATGGCAGCGCGAGACGTGGCCGTCGCCGAGCGCGTAGAGCGGCGGGTGCTCGCGCACGCAGCGCTCCCACGCGTACGGGCAGCGGTCGTGGAAGCGGCACCCCACGGGCCACGCGGTGGGCGGCGGCACGGTGCCGGGGATCACGTTGAGCCGGTCCATGCCGCCGCCGAGCTGCGGCATCGCCGCCATGAGCCCTTCGGTGTACGGGTGGTGCGGCGTCTCGAACAGCGTGGCGACCGTCGCCTGCTCGACGACCTCGCCGGCGTACATCACCACGACGCGACGCGCGATCTCGGCGATGACGCCGAGGTCGTGGGTGATCATCACGATCGCGGTGCCGAGGCGCGCCTGCAGATCGGCGAGCAGCTCGAGGATCTGCGCCTGGATCGTGACGTCGAGCGCGGTGGTCGGCTCGTCGGCGAGGACGACGGCGGGGTTCAGCACGAGCGCCATGGCGATCATCACGCGCTGGCGCATGCCGCCGGAGAGCTCGTGCGGATACTGCTTCGCGCGGCGCGCGGGGTCGGGGATGCCGACGCTCTCCAGCATCTCGACGGCGCGGTCCTGCGCCTCGCGGCGCGAGCCCTTGCCGTGCACGCGCACGACCTCGGCGATCTGCTCCCCAACCTGGAACACCGGGTTGAGCGCCGTCATCGGCTCCTGGAAGATCATCGACACGCGGTCGCCGCGCACCTCGCGCAGCTCGCGCTCGCCGAGCGCCAGCAGGTCGCGCCCCTCGAACTCGATGCGGCTCCCGGGCTCGATGCGCCCCGGCGGCCGCACGAGGCGGAGCACGGACAGCGCGGTGACCGACTTGCCGCAGCCGCTCTCGCCCACGAGTCCGAGCGTCTCTCCCGGCATCACGTCGAACGACACGCCGTCCACGGAGCGCGCCGCGCCCGCACCCGTGTAGAAGTAGGTGCGCAGGTCGTGGACGGACAGGATGGGCTCGGCCATTTCGTGAGGCTAAAGGCTCGCGCGGTCAGTGTCTAGCTGCATCACTCGCGGGGGTCCAGAGCATCCCGCAGGCCATCGCCCAGCACGTTCACCGCGAGCACCGTGACGACGATGAGGATCCCGGGCGCGGCGGTGGTCCACCATGCGGTG
NZ_CP007128.1_gap68	3148910	3150068	1158	CGCGCGACTCCATCCGCTTCGTGCGTGCGGCGCCGCGCTCCAGCGTGCGCGTGGAGCTGGAGTTCGACCTCGCGGGGCACCGCTACCGCGTGGTGCGCGGCCTCACGAGCGCCGAGGTGTTCCTCGACGGCGCGTCGCAGGCGATCGCGAACTCCATCACCGGCGTCGGCGAGCTGCTGCAGCGCCGGCTCGGGATGTCGCGCGGGGAGTTCTTCAACACGTACTTCACGGGGCAGAAGGAGCTGAACGTGATGGCGGCCATGGGGCCGTCGGAGCGCGCGCAGTTCCTCTCCCGCGTGCTGGGCTACGAGAAGCTGCGCGCCGCGCAGACGCTCGTGCGCGAGCGGCGGCGCCTCGTCGTCGCCGAGATCGCCGGGCTGCAGAGCGGCATGCCCGACGCCGACGCGGTGTGGCGCCAGATCTCCGACGCGGAGGCGCGCCTCGCGGCGGCGCGCGCCCGCGCCGAGGAGAGCGAGGCGCGGCGCAACGAGACCGCCGCACGCCTCGCCGAGCTCGCGCCGCGGTGGACGCGCGCCCAGGGCGAGCGCGAGCGGCTGCAGGAGCTGCTGGGCGAGATCCGCATCGCCGAGGGCGAGGAGGCGACGCTCGCCCGCGACCACGACCGCGCGACGCGCGCGCTCGCCGAGGTGGCCGCCGCGCGCGCGGACCTCGAGCGGCTCACGACGGCGCTCGCGCCGCTCGACGGCCTGCGCGCGGAGCTCAAGCGCCTCGATGCCCTGTGCAACGCCGAGGGGCGCCGCGCCGCGCTCGCCGACTCCGAGCGCGCGCTCGCCGAGGACGTCGCGCGCCTCGTCGACCGCGCGGCGAAGCTCGCGACCGCGCAGGACTACGAGCGCGAGACGCTCGCCGGGCTGGAGGCGAAGCGCGCCGAATCGGAGAGCGTGCAGGCGTCGCACGAGACGTCGCGCACGGCGTGGGTGCGCGACCAGCAGGAGGCGAGCACGCGGCTCGACCAGCTCCGCGCGCAGTTCGCCGACGTGCAGGAGCAGAAGAACAAGCTCGTCGCGTTGGGCCCGGAGAGCCCGTGCCCGACGTGCACCCGGCCGTTAGGCGCGAACTACACCACGGTGCTCGAGTCGCTGGAAGGGCAGCTCGACACGCTGAAGGCCGACGGCAACTACTACCGCCAGCGCACGA
NZ_CP007128.1_gap69	3154527	3155212	685	CGCCACTTCGTCGAGGCGGAGCGCGTCGCCGAGTCGCACGTCGACGCCGTGCTGCTCGCCGAGACGACGCACGAGCGCGCGGCGATGTACCGCCGGCAGGGGCGCAGCCGCGAGGCGCTGCAGTACCTGAACCGCGCCCACAAGCTGTTCACGCAGCTCCGCGCGCGTCGCCACCTCGCCGACATCGACGGCCGCCTCGACGAGCTCGAGTCGGAGTTCGAGACCGTGGCGCGCCGCTGGTCGGAGTCGATCGAGGCGAAGGACGAGTACACGCAGGGTCACTGCGTGCGCGTGGCCGACCTCGCGTGCCTCATCGCGGCGCGCGCGGGCTTCGGCGCGCGCGACCTCGTGTGGTTCCGCATCGGCGCGCTGCTGCACGACGTCGGGAAGCTCGTCATCCCGTCGGACGTGCTGAACAAGGCCGGGCGCCTGACGGAAGAGGAGTGGGCGCTCATGCGGCGCCACCCCGAGGCCGGCGTCGAGATGCTCGCCGGCATCGACTTCCCGTGGGACGTGCGGCCGATGATCGAGTCGCACCACGAGCGGTGGGACGGCACCGGCTACCCGAGGGCGGCCGCCGGCGAGGCGATCCCGCTCACGGCGCGCATGCTCGCCATTGCCGACGTGTACGACGCGCTCACCACGCACCGCAGCTACAAGCCGGCGCTGTCGCACGACGCGGCGG
NZ_CP007128.1_gap70	3158350	3160379	2029	CGGCGTGGCTGCTCGCGACGTGCGCGCGTCCGCTCGTCGCCGCCGGCCCCGCGATGCGCGCCGCGCTCGAGCCGCTCGCGCAGCGCCACCTCGTGCGCGTGCGCGCCCGCGGCTACGCGCCGCTGCTCGAGCGCTTCGCCGGCGCCGAGCTGCTGACCGTCAGCGCCGCGGAGTAGCGCTCGGCGGCGAGTCGGGCGGCGTCGGCGTGCCGCGCACGACGATGCGCCAGATCAGCACGAACACCGCCACCGTGAGCAGCACGTGGATCCACCCGCCGGCGGCGAGCGCGAACGTGCCCACGGCCCACAGCACGAGCAGGACGAGGGCGGCGACGGTCCAGAGATCCATGGGCGCGAGCGGGGCGCGAGAGGACGGAGAGAGTCGGCGGCGCCTCGCGTCGTACCCGTGGCGCCCCCCGGGTGGCTCCGGGTAACTTACCACGTGCCCGCCGAGGATGCGCCCCGCGCCCACCCGCGCGGGGCGCGTCGCGTTCGGCCTGGACGGAATAGGCTGCCGATGCCCCACGTCACCGTAACGAGGCGGATGCGCTTCAACGCCGCGCACCGCGTGCACAACCCCGAGCTCTCCGACGAGGAGAACCGGCGACTGTTCGGCAAGTGCAACAACCCGAACTGGCACGGGCACAACTACGTGCTCGAGGTGTCGGTCGCCGGCGAGGTCGATCCGCGCACCGGCTACGTCATGGACCTCGGCGCGTTGCGCGACGTGGTCGAGCGCGAGGTGATCGAGCGGGCCGACCACCGGAACATGAACATCGACGTCGACTTCATGCGCGGCGTCATCCCGACGGCGGAGAACATCGTCGTCCAGTGCTGGCGCGTGATCGAGTCCCACGTCGCGCCGGCGCGGCTCACGAGGCTGCGGTTGTGGGAGACGGAGAACAACTATGTCGAGTACGAAGGACGGTAGCATCGCGCTGTTCGCGTCGGACACCGTCGCGGCGGGCGAGGCGTGCGCGAACATGGCCGCGGTCGTGCGGCGTCAGCTCGAGCTGCTCGGCGAGGACCCCGAGCGCGACGGGCTGCTGAAGACGCCGGAGCGCGTGGCGAAGTCGCTCACCTGGCTCACGCGCGGCTACTCGCTCAACGTGCACGACGCCATCGGCGACGCGCTGTTCGAGGTGGACAGCGAGAGCATGGTGATGGTGCGCGACATCGAGCTGTACTCGCTGTGCGAGCACCACATGCTGCCGTTCTTCGGCAAGGCGCACATCGCCTACCTGCCCAACGGCAAGGTGGTCGGCCTCTCCAAGCTCGCTCGCGTCGTCGAGGTGTTCTCGCGCCGGCTGCAGGTGCAGGAGCGGCTCACCGAGGAGATCGCCGACGCGCTCGAGGACGTGCTGCGCCCGGCCGGCGTCGGCGTGGTGATCGAGGCGGTGCACCTGTGCATGATGATGCGCGGCGTGGAGAAGCAGAACTCGCAGACGATCACGAGCGCGCTCCGCGGCGCGTTCCGCGACGACGGGCGCACGCGCGACGAGTTCCTGCGCCTCGCGCACAACGGCGGATCCTACCACCGGTGAGCGGCGCGCTCGCCGGACGCTCGGCCGTCGTCACCGGCGCGTCGCGCGGCATCGGACGCGCGGTGGCGCAGTCGCTCGCCGCGGCCGGCGCGCGCGTCGCGCTCGTCGCGCGGAGCGAGGCGCGGCTCGCGGTGCTCGCCGACGAGCTCGCGCGGCACGGCGAAGCGCCGCTCGTGCTGCCGTGCGACGTGCACGACGCGGTGCAGGTGCGCGCGACCGCGGAGCGTGCGGCGGCCGCGTTCGGCGGCGTACCGGACGTGCTCGTGAACGCGGCGGGCGTGTTCGCGCTCGCGCCGATCGACGCGACGGATCCCGACGACTTCGCGCGTGCGGTCGACGCGAACCTCGTGGGGCCGTTCCGCATGCTGCACGCGTTCGTCGGCGGCATGCGCGCTCGGGGGACCGGCCACGTCGTGACGATCGGCTCCATCGCCGACCATGCGACGTTCCCGGAGAACGGCGCATACGCGGCGAGCAAGTTCGGGC
NZ_CP007128.1_gap71	3162534	3166903	4369	AGATGATCGTCGCGAGGTCGTCGGGCTGCACCGCGTCGGCGACGCGCCGATACTCCGCCGCGCGCTCCGGCGTGTCCAGCGCGGTGCCGCGCGCCTCGAGCTCGGCGAGCGTACCGTCGCAGCCGTCGCCCGCCGTCGCGTCGATGCCGATGACGTGGCGCAGGGCGGGGCACTGCGCGCGCACCGCGGCGAGCTTCTGCGCCTGCGCGGCGGTGGACACGAACGCGAGCACGGCCCCTGAGTCGACGAACAGGTAGGGCAGCTGCTCGGCCGGGAGCGTCGGGTACACGGGCACGTCGGTGACGCCGATCGTGAGGCACGCGTAGTCGGCGATCGCCCACTCGGGACGGTTCTCCGACAGGATCGCCACGCGGTCGCCGGGCTTCACGCCGAGGTCGAGCAGCGCGAGCGCGAGCCGGCGGACGCGCTGCTCCACCGTGCGATGCGAGATCGGCACCCACGCGCCCTCGACCTGGTGCTGCAGCGCGTCGGCGCGGTCGTGGTCGCGCACCGCGTCGAAGAACATGCGCGTGAGCGTCCCCGGCTCGGGGCGCGGGCCGCCGCGGGCGACGGCGGCGGACATGGTGCGGGGAGCCTCGGTGAGCATGGGTGCCTAACGGCCGCAGCCGGTGCCGGTGAGCGCGCCGGAAGTCGGAAGGGACGTGACCCGGCGCAGCCGCACGACGAACTCGACGGGGCTGCGGACGACGCTGTCGGGCCGCGTGCGCGCCGTCGCACGCACCCGCACGCTGACGATGCTGTCGGCGAACGCGCCGCTCGGCGGCAGTCCGCTCGGGACCACGCGGAGATATGCCGTCGCCGTGCCGCTGCTGGACGTCGTGTCGTTGTTCGTCGGCCGGTCGGTGCCGAGGTCCGCGATGATGCTGATCGCCGGACGCGTCACGCCGCGGTACTGCGTCGTCGGGATCGACGTCGGCGACACGATCTCCCACCGCACGAAGTAGTCGGGCACCGCGACCCGCAGCGTGCCCGTGGAGTCGGCGGTGAGCGTCACGGCCATCGGCTGCGCGTTGCCGACGGGAATGGTCGACGTATCCGGCGCCTGGCCGACCCTGAGGCTGATCGGCGCCGCCGCGCGCGCCGTGTCCTGGTTGCACACGAAGCCCATCAGCAGCACGCTGTCCTCGCCCTCGCGCGCGAGCCGCGTCGGCCGCTTCACGAGCGTGATCGTGTCGAGCACCTGCAGCCGGTCGCCGACGCGCACCGCGAGGCGCGCGCGCGCGAGTTCGCAGCGGTCGGCTTCGCGACCACGAAGCCCGTGAGCGAGTCGACGACGAGCGGGATCGCGCGCTGCGCCTCGGTCGTGTCGCGCGGCAGCGCGAGCGCGGTGAAGCGGAACGGCGCGTCGCCGATGGTGTCCCCGCGCTCGCCGAACGCGACGGCGCGCAGCCTCACCACCGCGCCCGTCGAGTCGCGCAGCGTGTCGCCGAGGATGATCGACGGCGGCACGCCGAGCAGGCGGATCGACGCGATGCCGCTCGGTCCCACGGCGATCTCCACGCACGCGCCGATGGCGAGCGCGATCGCGAGCGGCAGCAGACGACGCACCCTCACCGGAAGCGCTCCGCGAGCAGCGTGGCGAGGTTCACGTACGCCTGGCTCGCCGCGTCGCCGGGCTCGCGCACGACGACGGGCTGTCCGGCGGCGAATGCGTCGGCGGCGGCGGGAGAGCGGGGAACCACGAGATCGAACACCATGTTGTGAGGCAGATGACGTCGCACGTACTGCACCGTGCGCTCCGCGGCCGGATTGCCCGGCTCGAACATCGTGAGCAGGATCCCGTCCAGCGTGAGCTCCTCGTTCACGCGCACGACGTCCTGGATACCCCGCAGGATCTGCGGGGTTGTCTGGAGCGCGAGCGGCTCCGCCTGCAGCGGCACGATGACGTGCTGGCTCGACTCCAGCGCGCGGCGCGTGATGGGGCCGAGCCCCGGCGGCGTGTCGACGATCACCACGTTCGCGCGCTCGCGCGCCATCCCGAGCAGGTCGCGCAGGATGGTCGTCTCCGCCACGAGCTGCTGGTAGAACGCGTGCTCCGCCTCGTCGCTCACCGTGCCGGCGAGGATGACGCGCAGCCACGGCAGCGACGTCGGGAGGATGACGTCACGCAGCTGGCGCGAGCCGTTCAGGTAGTCCGCGAAGCCGAACGTCTCGTGGCCGCGCCGCAGCCCGGCGCCGTAGCGCACGGAGCCCTGCGGATCGACGTCGACGAGCAGCGTCTTCAGCCCTCGGCGGGCGAACGCCGCGGCGAGATTCACCGCCGTCGTCGTCTTGCCGACGCCCCCCTTCTGGCTGACGATCGAGAGAACGTGGCCCACGGGTTACGCCGCGTGGTCGCGCGTCACCCGCGCGGCCCGCCGTCGGGCCACTCGTTCCGAACGTCGGTCTCGTCCTCCAGCCGCAGCTGCTCGAGCGTGCTCGACGCGTGCTCCACCCACCGCTGCGCCTCGGGCGAGCGCGGCGCGCGCGCGAGGAACTCCTCGAGATGCCGCTGCGCCTCGCCGCGGTCGCCGCGCTTCAGCAGCAGGAACGCCAGCCCGTAGTGCGCGCCGGACAGCGACGGATCGAGGTCGAGCGCCCGTCGATAGCAGCGGATCGCCTCGTCCTGCTGGCCGAGCTTGCTGTACGCGATCGCCATGTTCTGGAGCACGCGCTGGTCGTTCGGGCGATCGCGCAGCGCGAGCCGGTACGAAGTCAGCGCGGCGTCGTAGTCGCCCTGCCGCTCGAGGGCGAGCGCCTCGTTCAGGTAGTCGACGCGCCCCGACTTCGAGGACTTCGCATCGCTCTCCGACTTCCCGCCCGTGAGGCGACTCCACCAGGACATGCGGTCGAGGGTGCGCGAGGATGAGGCTGGGCCCACGCTGCGGCCGCGCTGGCGCGGCCGCGAACCGGTCGCCCGTGATCCGTTCGCCGGTCGTCGGGGGCGCTCCCAGGGAGGGCAAGCTATCGGGTGCGTTCGACGCCAACAAGCCGATTCGCGGGGTACCGCTCCACGGTCGCGCGGCTACCTTACGCCCTCATGCCGGCGCGCAGGAGCATCGATCCGAACAAGGGAATTCTCGTCGTCGAGTGGCCGCTCTTCGGCGAGCTGTCGCGCGCCCTCGCGCTGAAGGTCGCGCGCGAGTACGACCCCGAGATCGTCGTCGGCGTGGCGACGGCCGGCGTCGTTCCCGGTGCGGTGATCGCCGCGATCCTCGACCGCCCGTTCGCGGCGATCACCGTGAGTCGCCGCTTTCGCGCCGAGACGGTGCGCCAGACGCCCGCCGTCATCGGCGCGGCGCCGCAGGAGGTGCGCGGCAAGCGTGTGCTCATCGTCGACGAGACGTGCGACTCGGGCGACACGCTGCGTCTCGCCGTCGGCGCGATCGTGAACGCCGGCGCGCACACCGTCCGCACCGCCGTCGGCTTCAAGACGGGGAGCTACGTGCCCGACTTCCACGCGCTCGCCACCGAGAGCACGATCGTGCTGCCGTGGGACCGCGAGGTGCTCGTGCGCGGCGAGCTGCTGCCTAACCCGGCGTACGAAGGGCTGATCGCCTGACCGCGTCGGCGCTGCCGACGACGAACTCGCACCGCGGCGCCCCGGTCGATCGGCACGCGACCTCCTCGACGGCGAGTGCCGTCCCCGCCGCGCGGCCGAAGAACCCGGCGAGCAGGCCGGTGGAGAAGTGGCACGCGGGCGACTCGGCGTCGGCGTCGGGCTCGCCCTCCACCCAGTCGGCCGACGTGAGGCGCATCACGTCCGCGTCGCGGCGCGCGTCGATCGTCACGTCGCCCCAGCCGCCGCGCGCGAGGTGCTCGGCGAGCGCCGCGGTGAACTCGTCGAGCGGCATCGCCTCCGGCTCGGCGCCGGTGCGCTCGCGCACGCGCGCCGCGAAGTCGTCGTAGAGCGCGAGCCCGGCGACCGATCCCGCCTCGCGCAGCCGCTCGGCGCCGCGCGGCGTGTCGAGCACCGCGGCGCGCAGCGACTGCAGCGCGCCGGCCGGCAGCACGAGTCGGCTCATTCGGATCCCGCCTCCACGCGGCGCAGCAGCTCCGCCTCGTCGATGATCTCCACGCCGTACTCCGTGGCCTTCGTGAGCTTGCTGCCCGCGTCGGCGCCGGCGAGCAGGAAGCTCGTCTTGCGCGACACGGAGCTCGTCACGCGTCCACCGTGCGCCTCCACGAGCTCCGTCGCCTGCTCGCGCGTCAGCGTCGGCAGCGTGCCGGTGATGACGACGGTGCAGCCCTTCAGCGCCGTCCCCGCCGCGGCCGACGGCTCGTGCATCGTGAGTCCGCGCTCGGCGAGCCGCGCGACGAGCTGTCGCGCCTCCGGGTCCGCGAACCAGTCCACCACCGAGCGCGCCAT
NZ_CP007128.1_gap72	3170491	3173158	2667	CGAGGTCGACTGGCGCGCGGTCGGCCTGTTCGGCGCCGGTGTCGCGCTCGGGGCGCTGCTCGGTGCCGGTGCCGCGCTCCTGATGGCGCCGGCGAGCGGCTTCGAGACGCGCATGCGGCTGGCCCGCGGCGCGCGCCGCGCGCGGCACCAGGCCGCCGATCGCTGGGAGTCGCTCGAGGACCGCGCCCGCCACGCCGCCCGCCAGGGCAAGCGTCGGCTGGCCCGGCGCCTCACCATGGCCCGCTGGCGGGCCCAGGACGCCTGGGAGCGGAAACGCTACGGCGACGCCTGATCGCGGCCGGCCTTCAGCGAAGCTTCGCCATCAGCGCGGAGGCTTCGCGCTTGAACGCGGGATCGCTCGACTCGGTGATGGGCGCGCGGAGGATGTAGTCGATCTGCTCGCGCGCCTTCGCCTTGTCGCCGCGGTCCGCGTACACCTCGGCGAGATCGATCCGGTGCGTGAGACGCGTCGGCGCGATCTGCACGGCTTCCTCGAGGTAGCGCTGCGCGTCGTTCCAGCTCGCGGAGTTGAAGATCTTCCCGCCGAGGAAGTTCTTCGCCATGAAGCGCTCGATGCCGCTGATGCGCATGACCTCCGCGTTCCACACGCCCATGACGTGCAGCGCGCCGTCGTGCCGCGGGTTCAGACGCAGCGCCTCGAGCGCCTGCGCGCGCACCTCGCCGGCGTACTTCACCTTGTCGCGCGCGCCCATCGTCTGCGCGTTGCGGCCGACCGCGCGCGCGAGCTGGAAGTGGCCTTCCGCGCTGTCGGGGCTCACCTGCACGGCGCGCCGCGCGTACTGCTCGGCCCTGTGGTACATCGCCGTGCGCGCGTCGCGGTCGTTCGTCGACAGCTGTCCCGCCTCCACCGCCGCGTCGGCGGCCTTGATCAGCGCGTCGAAGTTGTTCGGCTCCGCCGCGAGCGCGGCGTCGAAGTGCGCGAGCGCACTCGCGGGGTTCGTGTCCCGGTCGCGGTCCCCGGCCGCGATGTGCTCCGCCACCGACTGCGCGCGCGCGACGGACGCATGCAGCGCCGGGACGGTCCAGAGGGCGAGCGCCAGCAGCGCGGCTCGAAGCGTCATGGTGGAACTCCGGCGGTGCGTCGGGGTGGGTAGCGGGTGACGCGCCGACTAGCATAGAGGCACGTCTCAACCCGGGTCAATGCTCGCAAAACAGCTCATCGAGCGGAAACGCGACGGCGGTCGGATCTCCCCCGACGAGTTCCGCACGTTCGCGCGCGCGTACGCCGCCGGCGACGTCCCCGACTACCAGATGGCCGCGTTCCTCATGGCGGTCTTCTGGCGCGGGCTCGATCGCACGGAGACCGCCGCGCTCACCGACGCGATGCTGACGAGCGGGGAGACGCTGCGCCTCGATCACCTGCACGTCGGCCGCGTCGACAAGCACTCCACGGGCGGCGTCGGCGACAAGGTGTCGCTCGTGCTCGCGCCGCTCGTCGCCTGTCTCGGCGTCGCCGTGCCGATGATGTCGGGCCGCGGACTCGGTCACACCGGTGGTACCCTCGACAAGCTCGAGTCGATCCCCGGCTTCCGCACGAGCATCCCGCTCGACGAGGCGACGCAGCAGCTCGAGCACATCGGCTGCGTGCTGATCGGACAGTCGCGCGAGATCGCGCCCGCCGACCGCAAGATGTACGCGCTGCGCGACGCCACGTGCACCGTCGAATCGATCCCGCTCATCTCGGCGAGCATCATGAGCAAGAAGCTCGCGGAGGGACTGACGGGGCTCGTGCTCGACGTGAAGAACGGATCGGGCGCGTTCATGCCGCAGCTCGATCGCGCGCTCGAGCTGGCGCGCACCATGGTCGCGTTGGGCGACGATCACGGCTGCCCCGTCGTCGCGCTGCTCACCGCGATGGACCGCCCGCTCGGCCGCGCGTGCGGCAACGCGCTCGAGGTGGAGGAGTCGATCGCCGCGCTCCGTGGCGAGGGCCCGGACGATCTCATGGACGTGACCTACGCGCTCGGCGCCGAGATGCTGGTGCTCGGCGGCGCGGCGCGCGACCACCGCGAGGCGCGCGGCGCGATGGAGCGCGCGATCGCCGACGGGCGCGCCGCCGAGAAGTTCCGCGAGATCGTCGACGCGCAGGGAGGCAACCCGTCGGTGCTCGACGACCCGTCGATCCTTCCGCAGGCGCCAGCGCGCGAGGTCTATGTCGCATCGCGCGCCGGCGTCGTCGCGCGGATCGAGCCGAAGACGATCGGGCGCGGCGTCATCGCGCTCGGCGGCGGCCGCACGCGCGTCGAGGACACGGTGGACCCGGCCGTCGGCTTCGTCATCACCGCACGACCGGGCGACGTCGTGCGCGCCGGCACCCCGCTCGCCACGACGTACGCCCGTGACGCCGCGGGGCTCGCGGCCGGCCGTGCCGCGCTCGACGAGGCGATCGTGCTCGCCGACGCGATGGCCGATCCGCCGCTGCCGCTCGTGTCGCACCGCGTCACGCTCGCCGGCGTCGAGACCCTGGCCTGAGACCGCTGGCGTGCGCCGCGTCGCCCGTTAGACTTTTCCTGGTTCCCGATCCCGTCACGTCACGAAGAGGCAAGCGTCGCATGCCGTCTCCCCGTCTTCCCTCCAAGGTCGCCCGGCTGCTCGCCGCGCAGATGGTCGTCGTCATCGGCGTCCTCGTGGTGCTGTGGGCCTTCC
NZ_CP007128.1_gap73	3181466	3181989	523	TGGCCATCGCGACGCAGGGCGCGCTCGTCGCGTTCACGCTCCGCTGATCCGAGCGGTCGCACGGCGCGGAATGCGCGCCGATTGCGACGTGGCGCACAGTCGAGCGTCGTTCCGGCGCCTATCGTCGAGGACGTATGCGGTGCGGCGACCGCGCAGGCCGGTCGCCGCCACCCAGCGTCCGTCCACGTCGCCAGGAGCTACGCGAGCCGTGAACGTCATGTTCCACAGCAGCACTTACTCCGCCCTGCGCACCGTGCTCCTGGAGCACGGCGCCCACGCGACGGCCCTCACCGGCCTCGCGGAGCTCGCGGGGCTGCTCGGCGGACGCCACCGACTCTCGGCGAGCGCCGCGACGCGGTGGATGCTCGGGCCTAACGCGCGGCTCGGCGACCGCTCGCCGCTCGAGGTGTGGCTCAGCGACGGCGCCGGGCACGTGATCGACGCCGCGCGCGCCGAGTCCACGCACCGGATCTGACCGCGCCGCGCGCCGTCAGACGCACGTCGGCAGATCGCCGGGTACGCT
NZ_CP007128.1_gap74	3356732	3358228	1496	CCTCCACCGGATCGAGGCGCGCGGCGCGGATCGCCGGCACCATGCCGAACGCGATGCCCGTCACCGCCGCCGCGACGAGCGCGGAGATCACCGCCGACGGCGGCACCGAGGCAGGGATCGGCGTCGTCGAGTTGATGAGCAGCGCCGCGCCCGCCCCGAGGACCAGCCCCGCGGCCGAGCCGAGGCTCGTGAGCGTCGCCGCCTCGACGAGGAACTGCCAGAGGATCGTCCCCTTCGTCGCGCCGAGCGCCTTCCGCACGCCGATCTCGCGTGTGCGCTCCGTCACGGAGATCATCATGATCGCCACCACGCCCACCCCGCCGACGAGGAGGCCGACCGCGGAGAGCGCGAGGCCGATGATGAAGAGGGTGCCGAACAGCTTGTTGAACACCTCCATCATGCGGTCCTGCGTCACGAGCGCGAAGTTGTTGCGCTGCGACGGGCGCAGGCCGCGCCGCGAGCGGAGCAGAGCGGTGACGTCGTCCATCACGTCGGCCTGATTCACGCCGTCGCGCGGCTTCACCATGAGCACCACGCCGTAGCGCCACAGGTTCAGGTGCCGGCGTGCGGTCTCGATCGGGATCACCGCACGCGGACGGTCGGGGCCTCGGCCGTCCATCGTCTTCAGGAAGCCGCCCTTCGTGTGGTAGACGCCGATGACCGTGAACGGCTGCCGCTCGATCGTGATCTGCTTGCCGATCGGATCGGAGTCGCCGAACAACCGCGCCTGCAGCGTGTCGTTGATGATGACGACGCGCGCCGCGGCCTTGTTCTCCTGCTCCGAAAAGCTGCGTCCCGGGGAGATGTCGCCGCGGTCGGTCTGCAGCCACTGGTCGCTGAGCGCGTCGTAGCCGACGGAGGAGAGGAAGCGGTCGCGGTACTGGAACGGCTTCTGGTCGCCCCAGATCTCGGTCACCGCCTGCACGTTGGGCAGCGCGCGGATCGCGGCGGCCTCCTCGGGGCTGATCGCCGGGTTGCGCCGGTCGGGGCAGTTCTCGTCGGTGCCGTCGCACCCACCGAGGCTGATGTCGCGGCGGCGCACCTGGAACGACGTCGCGCCGAAGTCCTCGACGTCGCTCTGGAAGCTCTTCGTGATGCCGTGTACCGCGGCGGCCATGGCGACGACGACGAACACGCCGATCGCGACGCCGCCCATCGTCAGGAACGCGCGGAACTTGTTCGAGCGGATCGCCTCGAGCGCGATCAGAACGCCCTCGAGCGACTGGACGATACGAGCGAGGAAGTTCACGGCGTCACTCCTGGCGCAGCGCGGCGATCGGGTCGAGCCGCGACGCGCGGCTCGCCGGGTACGCGCCGGAGATGACGCCCACCGTGGCGCCTAACGCGAGCGCGAAGCCGATCGACCACGGCGCGATGCCCGCGGGAAGGAAGGGGAAGGCGATCGACAGCAGCTTGGCGCCGACGAGGCCGAGCGAGATCCCCATGGCCGCGCCGATCACGCTGAGCGTGGCCGCCTCCACGAGGAACTGCGTCAT
NZ_CP007128.1_gap75	3372329	3373001	672	GGTTCCGCCGCGAGGCGCAGCTCGCCGCGCAGCTCGCGCATCCTGCCATCGTGCCCATCTACGACTTCGACACGCGCGGCGCCGTGTCGTGGTACACGATGGAGCTCGCGGAAGGTGGGTCGGTCGCCGACCTCGTTAGGCGCAGCGGCGCGCGCAAGCTCGCCGAGCTGGCGCCGCAGGTGGAGGCGGCACTCGAGGGACTCGCCGCCGCGCACGCCATCGGCGTGATCCACCGCGACCTCAAGCCGGAGAACGTGCTCATCGACCGCTACCGTCGCTGGCGCCTCGCCGACTTCGGCATCGCGAACGCGCTCGGCGAGGATAGTGTGGGGTCGTCGGGCACGCCGGCGTTCGCGCCGCCCGAGCAGCTGTTGGGCGAGCCGCAGGGACCGGCGGCCGACTGCTTCGCGCTCGCCGCGATCGTGTACTACGCGCTCACCGCGCAGCCGCCGTTCGGTGAGGCGGGGGGCCCCGCGGTGCTCGCGCGTCAGCTCGAGGGGCGCGTGGACCTCGACGGGTTCGAGCCGGCGGTGGCCGACTGGCTCCGGCGCGGCCTCGCCGCCGACGCCGAAGCGCGCTTCTCCGACGCGACCGAGATGCAGAACGCGTGGCGCGCCGTCGTCGACGAGGTGTCGCGCGCGTCGGCGCGCCGCGGGCTGCTGAGCCGCATCT
NZ_CP007128.1_gap76	3390080	3391106	1026	GCGACGGTGTTCTTCCACACCGGCACGACGGGCACGGGCCCGGGCACGCAGCAGACGGCGACGATCCAGCAGATCCTGACGGTCAACAACGCGTCGGGCTTCTTCGTCAACGTCGCGAACACGCCGTCGGCCTCGCAGGCCGCGGTGAACGCGACCGGTCAGGCGACCGGTCCGCAGGGCGTGCTGTGGCGCGCCGGTGACATCACGGTCACGGTTCTCCCGGTGAACTTCACGCCGGTCGTGAACCCGGGCACGCAGTCGTTCACGATCTCGCTGCAGGACGCGAACGGGATCGTGGAGCAGCGCACCGCTTCGGCCACGTCGGGCGCCGCGTCGTACTCGGTCACCTTCCCGGGTGGCTCGGGCGACGTCTTCAACCCGAACGGTGACCCGCTCGGCCAGCGCTCGCTCGCCGGCTACACGTCGCCGAACGCCGGCATCGCGCCGGCCTTCAACCCGCAGGGTATCTACACGGGCGGCGGTACGCTGGTCGTCGTCGGCACGCAGGCGGGCACGGGCAACACGACCGTCCTGAACGCCGCCGGTCAGCCGGCCGGCTTCAACGGCGGCTTCGGCAACACCGTCGCCTCGCCGATCTTCATCGACAACCAGAACCCGCAGCCGGCGATCAACTTCGGCAACCCGACCGCGGGCCCGCCGTCGGCGAACTTCGCCAACACGGGTACCTCGTTCGTCGGCTTCATCAACGGTGGGTTCAACTTCCAGAACTCGCTGACGCCGCAGTTCCTCGTCACCGCGAACAACATCCTGAGCGGCACGACGACGGCGAACCCTGACTTCGGCGGCGTGGATCGCGTGTCGGTGCAGTTCTTCGCCGGCAGCTCGACCAGCGCGACGACGCTGACGGGCGGCACGGCGATCACGACCGGCTCGCAGCTCGCCCCGAACGCCTCGAACACGGCGTTCAACGTCGCCATCTCGCTCGTCGACGCGCTCGGCAACCGCCGGAACCAGCGCGTGGGCAGCGGTGTGGGCGGCGGTCCGCTCACGATCAACGCGACGGGT
NZ_CP007128.1_gap77	3400797	3405089	4292	GCCTGGAGCTGGCCGGCGACGTGTCGTTCGGGCTCGACGTGTCGTGGTCGTACGTCGGCGACGAGGAGCGGTCGTGGTTCGAGGTGATGCTGTCGCGCGGGAGCGCGCGCCTCGCGCCGCTGCGCGTGGTGAAGGAGCTGAACGGGCGCGCGGTCGACGTGTCGCCGTCGGGCGCCGCGGCGCGCGAGAGCCCGTTCCTGCAGTCGTATCGCGCGCAGCTCGCGCACTTCGTCGCCGTGGCGACGGGTACGACGCCGTACGAGGCGCCCACCGACCAGGTGCGCGTGATGCGCGTGCTGGAGGCGATCTACAAGGCGGCCGACGAGCGGCGCGAGATCCGACTGTGAGTCTGCTCCGCCGCCTGACGACGGCGCTCGCCGTCGCGTGCTGCACGCGCGCGGCCGTCGCGCAGACGCCGCCGACACTCCCGCAGCGACCGCTGCTCTCCGCGCCGGCGCCGGGGCCGCAGCAGCGCATGCAGGCCGGGCAGGGCGCCCAGAGCGCTCCGCCCGCGGTGGCCGAGCCGGGGAGCGAGCTGCGGGTGATGCTGCTCACGGTCGGCGCGGGGAGCGCGGTGTGGGAGCGGTTCGGGCACAACGCGATCTGGATCTCCGATCCGCGGCGCGGGATCGACGTCGCCTACAACTGGGGGATGTTCGACTTCAACCAGCCGCGGTTCCTCCAGCGGTTCCTCACGGGCGACACGCGCTACTGGATGGAGGGGTTCGACGCGAACGCGCTGGTGGAGCACTATGCGCGGGAGGAGAACCGCTCCGTGTGGGCGCAGGAGCTGAACCTGACGCCCGCGCAGCGGCTCGCGCTGCTGCAGTACATCGAGTGGAACGCGCGCGAGGAGAACAAGTTCTACCGGTACGACTACTACCTCGACAACTGCTCGACCCGCGTCCGCGACGCGCTCGACCGCGCTCTCGGCGGCGCGATCCGCCGCGCGACCGCGACGCGACTCACCGGCACGACGTACCGCTCGCACACGCGCCGCCTAACGGACGGCGATCCCGCCGTGTACACCGGGATCCAGCTGGCGCTCGGCCGGCCGGCCGACCGCGAGCTCACGGCCTGGGAGGAATCGTTTCTGCCCGTGCGGCTCATGCGCCACCTGCGCGGGGTGCGCGTCACGATGCCGGACGGGTCGAGCGCGCCGCTCGTGCTGCAGGAGCGACAGCTCTACGCGGCGACGAGGGCTCCCGAGCCGGAACGCCCGACATCGCACCTGCTCGCCTACCTGCTCGGCGGCCTCGCGCTCGGCGCAACGCTCGCGGTGCTCGGGCGCGCCAGCGCGGCCGGGCGGCGCGGGGCCGATGCGGGCTTCGGCGTCGTGGCGGGCGTGTGGACGCTGGTCGCGGGCCTCGCCGGCACCGCGGTGCTTCTCGCGGGGACGGTCACGCGGCACGTGTTCATGGGACGCAACCTGAACCTCGGGGCGTTCAGCCCGCTCGTGCTCATCGCGCTGGTGCTCGTCGTTCCCGCTGTGGGCAGCCGGCTGCGGGCGACGCGCGCGCGCTGGGCCGGGCGCGCCGAGCGGGTCGCGGCGCTGCTGCTCGCGCTGAGCGTGGTCGGGTGGCTCGTCGCGTTAGGCGTGGGGCAGAAGAGCGGGGAGATCTTCGCGCTCGCGCTGCCCGCGCACACGGGGCTGTGGTGGGGGCTGCGGCGCATGTCCCGCGCATGACCTGGCACGTCGGCGTCGACGTCGGCGGGACGTTCACCGACCTCGCCGCGCTCGACGCGGAGGGGCGCGTGACGACGGCGAAGGTCCTCTCCGATCCCGCAGACCAGAGCAACGGCGTGCTCGCCTCGCTGGACGCGTTCGGTGCATCCGGCGAGTCGGTCGCGCGCGTGGTGCACGGCACGACCGTGGTGACGAACCTCCTGCTCGAGCGCACCGGCGCGCGCGTGGCACTCTGCGCGACCGAAGGACACACCGACGTGCTCCGGCTGCGCCGTCAGGCGCGGGCGCGGCTCTACGATCTCACGGCGCATCATCCGCCACCGCTCGTGCCGGTGGAGCGCACGGTGGCGGTGCCGGAGCGCATCGAGCCGCACGGCATCGTGCGCGCGCTCACGCCGGAGGCCGCGGCGGAGGTGGCCGACGCGGTCGCGGCGCTCGCGCCGGAGGCGGTGGCGGTGTCGCTGCTGCACGCGTACCGCGACGAGGGGCACGAACGGCTGTTAGGCGCGGCGCTGGCCCGCCGGCTTCCCGGGGTGGACATTGTGCTGTCGTCGGACGTGCTGCCGGAGATCCGCGAGTACGAGCGGGCGGCGACGACGTCGGCCGAGGCGTACGCGCGCCCGCGCGTGGCGCGCTACCTCGCGCGGCTTTCGGCGCGGCTGGCGGAGCGCGGCGTTCCCGCGCCGATGGTGATGACGTCCAGCGGCGGGGTGCGCGAGGCGCGCGAGGCGGAGCGCGGCGCGGCATCGCTCGCGCTCTCGGGACCCGCGGGCGGCGTCGCCGGTGCGGCGGCCGTGCTGCGCGCGTTAGGCGCCGACCGCTACCCGCTCGCGCTCACGATCGACATCGGCGGCACGAGCGCGGACGTGGGACTGATCGTCGACGGCGAGCCGCTCGTGGAGGCGGGCGGCACGGTGGCGGGCGTGCCGATCGCGCTGCCGCGGGTGCTCGTGGAGACCGTGTCGGCCGGCGGCGGCAGCGTCGGGTGGGTGGACGACGCGGGCGCGCTGCGCGCGGGGCCGCGGAGCGCGGGCGCGGTGCCCGGACCCGCGGCCTTCGCGCGCGGCGGCACGGAAGCGACGATCACCGACGCACACCTCGCGCTCGGCCACATCGGGCGCGGGCAGTTCCAGGGCGGCGTCGCGATCGATCCCGATCTCGCGGTGCGGGCCGTCGCGTCGCTCGCCGAGCGGGTCGGGCTGGGCGGCGCGCGCGACGGCGTGGAGCGGGTGGCGCGTGCGCTGCTCGGCGCGGCGGACGCGGAGATGGCGCGCGCGCTGCGCCGCGTGAGCGTGGAGCGGGGGCTCGACCCCCGCGCGTGCGTGCTCGTCGCGTTCGGCGGCGGCGGCCCGCTGCACGCGTGCGCGCTGGCCGAACAGCTCGGCGTGCGCACCGTGCTCGTCCCGCCGCACGCGGGGGTGCTGAGCGCGGTGGGGCTCGCGCTCGCGCCGGCGCGCCGCGAGGCGATCGGCTCGGTGATGCGGCGCGCGTCCGAGCTCGCCGCGACGGACGTCGCCGCCCTCGTCGCGTCGTTAGGCAGCCGCGCCGGCGCCGCGGCGCGCGAGTCGCGCACATGGGTGCGGGCGCGCTACGCGGGGCAGGGGCACGAGCTGGAGGTGCCGCTCGTGGACGGCGACGACGGCGCGGCGATCGCGCGTCGGTTCGCCGAGACGCATCGCGCGCGGATGGGGTTCACGCTCGCGCACGACGTGGAGCTGGTGAGCGCGCGGCACGCGGTCTCGGACCCGGGGCACGCGGTGCGGTTCGCGCGGCGCGAGCGGGCGGCGCCGGCGACGTTCGTGCAGGGCGCGATGGTCGACGACGGTGCGGCGCTCGACGCGACGGTGCACGGCGCGGCGACGGTGGCGCTGCCCGACGCGACGCTGCGCGTCGCCGACGGGTGGACGGCGCGCGCGCTGCCGACCGGCGGGTGGCTCGTGGAGGTCGCATGAGCGAGCAGCGCGCGACGTTCGATCCGCTGGAGCTCACGGTGTGGTCGAACGCGGTGGCGATGATCGCCGAGGAGATGGGCAGCGTGCTCGTGCGCGCGTCGCTGTCGCCGAACATCCGCGAGCGCCGCGACGCATCGGCGGCGCTGTTCGACGGCGACGGCCGCATGGTGGCGCAGGCCGCGCACATCCCCGTGCACCTCGGCGCGATGCCGGACTCGGTGGCCGCGGTGCGCGCACGTCGACCGGAGCCGGGCGACGTGTTCCTGCTGAACGATCCGTTCCGCGGCGGCTCGCATCTCCCCGACCTCACGACGGTGGAGGCGATCGGCGACCCCGCGCGGCCTAACGATCGCACGCACGACGCCGTGATCGGCTACGCCGCCGTGCGCGCGCACCACGCGGACGTGGGCGGCATGAGCCCGGGAAGCATGCCGCAGGGGGCCACGGAGCTCGTGCAGGAAGGGCTGGTGGTGCCGCCGGTGCGGCTCGTGCGCGCGGGCGAGATCGTCGACGACGTGCTCGCGCTGCTGCTGGCGAACGTGCGCACGCCCGACGAGCGGCTCGGCGACGTGCGCGCGCAGCTCGCGGCGTGCGCGGCGGGGCGCGACGGGTGGCGCGCGCTGTGGGCGCGGTCGGGCGAGGCGCGCGTGCGT
NZ_CP007128.1_gap78	3420486	3424127	3641	CCAACGGCGCCACGCCGGATCGCCGGCCGGCGCGGTGGGCGCGGGCTCGGGCCGCGCGGCCGACGCCGTCGGCTCCGTCGTCGACGTGCGCACCGGACGGCGGCGCGTCGGCGCGATCACTGCGAGCGGCGGCGGCGCGTCGGCGAGGGCGCCCGATGCGTCGCCCACCACCACGCTGCCGTCGACCATCGTCGCGAGCGTGTCGAGCCCCGGCGTGTCGGCGTGCGCGACGAGGAGGAGCAGGGCACCGACCTCGCGGAAGCCGCTCGCGAGCCGCCGCCACCGATCGCTCGTGAACACCTCCTCGACCGCGACAGCCTCGCTGCCGCTCGGGAGCACGAACAGGTTGCCGGTCGCGTCGGCCGGATGCGCGATCTTGTTGAGCGACACGCCGTACAGGAAGCTGTCGGAGATCCCGTGCGGGTCGCTCTCCGGGTCGACGAGCGCCTGCAGCGGCGCCAACTCGCCGACGAGATCCGCGATCGCGACGCGACGCCGATCGGCCTGCGCGCGCGCCATGCCGAGCGCCACCCACGCCGCCGCGTCCGCATCGCGTCCGACGACGACCGCCGACGCGACCGCATCGAGCACGGGCGCCGCGCGGCGTCCCTCCTCGAGCCACGCGTCGCCGGCGGCGACCGGAGGACTCGCGCTCACGGGGCGCCCTCGTACAGCCAGTAGTCGTGTCCCGTCGCTCGGCCGATGCGCTCCGCCTGCGCGCGCGTCGCGAACGGACCGACGACGACGCGATACACGAGTCGACCGCGCCGCGTCGACGGGATGATGCGCGCGGCGATGTCGCGCGGCAGCTTGAGCCGGCGCAGCGTCGCCTTGGCTTCGCTTTCCGTGCGTGCCGCCGCGAACTGCACGGTGAAGCCCTTCGCCGTCGTCTCCGCCGCCTCGGCCTGCGGCACGATCGGCCGCGGCGCGTGCGTCGTGTCCGGTGCGTGTGCGGTGGTGTCCGGGTGCGGCGCCGTGCTGTCGGTCGCCGCCGCGGTGTCGGTCGGCGCGCTGTCGACGGGCGCCTCCGACTGGAACTCCACCGGCTTGTCGAGCCCCGCGGCGCGCGGACGGAAGCCGTTCCACACGACGAGGTGCCAGAGATCCGCGCCGCCGCCGTCGATCTTGCGCAGCTGCTTCAGCGACTGCCCGTCGACGAGCACCGCGTCGTCGCCGACCACGGTGAGGATCGCGCCGTCGGGGAGCACGAGCGGCAGGTCGGTGCGCCACGCGGTGCGCACCGTGCCCACGACCTTGTCGGTGCCGACCGCCACCACCCAGCTCGAGTCGCCGCGTGCCGCGCGCGCGAGCACGTAGCGGCCGAGCGGGTCCATGCGCAGCTCGGACGGTGTGCCCGGCAGCTCCACCGTGCCGGCGACGCTGTTGCTGTACCGATCGAGCACCTTCAGCGCGGGCTGGTCCTGCAGCGCGACGTAGAAGCGGTCGCCGCTCGGCGTCGCCGCGATCGCGCGCACCGGCGCGTCGAATCGCACGACCTGCAGCGGCTGCAGCGTTCGACTCTGCACGCCGCCGAGATCGCGTCCCGCCTGGAAGAACACGCGCTCCGGCGTGCGCGCGCTGATCGCCTGGTCCGCGTGCTCGACGACGACGGAGTCGGTGATGCGCGTGCCCGGGGGACGCAGACGCCACACGATGCCCGCGCTCCCGCGCCGCGCGGCGACGAGGATGCCCCCGTCGCGCTGCGGCTCGATCGCCTGCACCGGCGCGGGCAGCTTCACCGCCCACGACTCGCCGCTCGGTGTGAGCCGCGTCACATCGTTGGGCGGCGCGACGCCGAAGATGTCGACGCCGTTCAGCGACGCGAGCGACGCGAGCGGTGTCTTGTTCGCCTGGCGCACGGTGCCGAGCCGGAGGTCGACACGGACCGGGATCCCGCGCGCGTCGACGGCCGCGAGCAGCCCGCTCTCGCCGTCGAACGCGAGCACGTGGTCGAGCGCCGGCGCCGCCTCACTCGAGCGCCACACCGCGGAGTCGAGCTTCGGGTACACGTACGCCGAGACCCGGCCGCCGGCGCGCGGCACGCGCAGCAGGACGGCGTCGGGACCGCGACGGGCGGCGGACGAGGCGGCGCCGGTGTCGGTGGTGGCGGAGCGGCGGTCGGACCCGCACGCGGCGAGCACGAGCGCCGTGAGGAGAACGGTCGAACGCACGCTACAAGCTAATCAGTCGGCGCCTCAGAACGACGGCCCGAACGACCACGTGCCGAACGCCTTCCGGTTCGCCGCGTCGAGCGGCTTCGCGTAGTCCCACCGCAGGACGACGAACCCGAACAGGTTGATGCGCATCCCGAAGCCGTAGCTCCGCAGCGGGAAGCGCATCGTGTTCTGGTCGTAGTTCGCCGGGCGCCGGGCGGTCACCTTCATGCCGCCGTCCCACGCGAGCCCGGCATCGTAGAAGAACGCGCCCTCCACCGGCGGCAGCGCGATCGGCAGCAGGCCGAGGTCCAGCCGACGCACGAGCGGGAAGCGCAGCTCCGCGTTCGCGAACGCGACGCGGCTGCCGAACAGCTGCAGCGCGCCGCACGCGTCGCCCGCGTTCGCCGGCGCGTTCTCGCCGCTGCAGAAGTACGTGTCGTACGCCTGTCGGTCGTAGCCGCGCACGAAGTCGGCCCGTCCGATGTACTTCCGGAAGCGCGTCTCGTCGCGCCCCGCCGTGATGCTCGTCGTGAAGCGCGTCGCGACCGTGAGGAAGTTGAACAGGATCGGGTCGTAGCGGCGCGCGTCCACGAGGTAGTCGAGCCACCGCCAGCTGCCCACCGACGGCTCGAACTGCACGCGGTACCGGTGTCCCATGAGCGGGCTGGTCCAGCCGTACAGCGCGTTGTCGCTCACGTACGCCACCGACGGCGAGAGCATCCACGCCGACCCGATCTTCTGCGGCTTGCCGAGCTTCTGGCCGGTGATGAAGCCGCCCTGCAGCGTCGACGTCACCGTGATCTGCGACTGCGACACGCTCGATGCGCGCATGCCGAACTCGATGCGGCGGAACCGGTCGAGCGGGTAGAGGCCCGTCGCGAACACGTCGCGCTGCACGTAGCGGAGGTACCGGTCCTCGACCGCGTTCTGTCCCTGGTCGTCGGTGATCGGCACGCGCTCGCCGAGCAGATAGTACGGCATCTGCGAGACGCCCGTCTGATACTGCATGCGGCGGCTCAGGTTCGCGTAGCTCGCGAACACCATCGCGTCGCTGATGCGGCCGTTGATCGCGCCGGAGAACGCGAGCTGCTGGTTGCCTAACAGGTCGCTCAGCACGATCGTCGTGCCGCCGAACACGCCCTGGCCGAAGTTGTTCGCGCCGTAGCCCACCTGCGGCTGCGACACGTACTCCGGCTGGAACCCCCCCGCGTACTTGTAGTCCTTGAACCGCGTCGTGTCGGGGAGCGCGAGCGCGGCGCTGTCGAGCATCGCCGTCACGGTGAGCGGCGTCCCCGACCCCGCGGCGCCGAGCGTCGCCGACGGCCGCAGCTCGGCGCTCGGCGCGCGATAGATCGACCGGCTGCCGTCGCTCGTGTCGGGCGCGACGGCGGTGGCCGGCGTCGTGTCGCGCGTCGCGACGACGGCGGGCGTCGTCGCGTGGTCGCGGAACGGCGCGCGCTTCAGCAGCCGCGGGTTCTTGATCGA
NZ_CP007128.1_gap79	3436180	3440780	4600	ACGCGCACCGCGCCGGTGCCGTTGGTCCCGGCGACGCGCAGCGCTTCGGCGCCGTCGCGTGCCTCGAGCACCTGGTAGCCGGCCTGCTCGAGAATGCGGCGCGCGGCGCGGCGTACCGTTTCGTCGTCCTCCACGAGGAGAATCGTTCCGGACCCACGCGCCACGGCGGGGTAGGGGCCACTGCGCGGTCGCGTGAGCGGCGCGGAGACCCGCGGCAGATACACCTTGAACGTCGTGCCCACACCCGGCTCGCTATACACCCAGACGTGACCACCGGACTGCTTCACGATTCCGTACACGGTCGCGAGCCCGAGCCCGGTGCCATGGCCTAACGGCTTCGTCGTGAAGAACGGCTCGAAGATCCGCGCCTGCGTGGCCGCGTCCATTCCCACGCCGGTGTCGCTCACGGCGAGCATGACGTAGTGGCCGGGCGTCACGCCGGCGTGCGTCAGCGCGTACTCGCCGTCGAGATCCACGTCCGCCGTCTCGACCGTGAGCGTGCCGCCGGTCGGCATCGCGTCGCGAGCGTTGACGGCGAGGTTGACGATCACCTGCTCGAGCTGTCCGGCGTCGGCGTACACGCGCCCGAGCCGCGCCGCGAGCACGGTCACCAGCCGCACGTCCTCGCGCAGCACGCGGTGCAGCATCCTCTGCAGGTCGCGCACGACGACGTTCACGTCGAGCACCTGCGGCTCGAGCAGCTGCTGGCGACTGAACGCGAGCAGTTGCCGCGTGAGTGCGCTGGCGCGCTCCGCTGCGCGGCGGATCTCCTGCACGTCCGCGCGCACCGGGTCACTGGCGGGGAGCTCCGTGAGGAGCATGCCGCTGTAGCTGATGATGACGGTGAGCAGGTTGTTGAAGTCGTGGGCCACGCCTCCGGCAAGCTGGCCGACCGCCTCCATCTTCTGCGCCTGGCGAAACTGGGCCTCGAGCCGCTTCCGGCCGCTCGCGTCGCGGAGGACCACCTGCACGGCGGGCGCGCCGTCGTGCATGAGCGGGATGCCCACGGTCTCCACCTCCACGGTCGTGCCGTCCGGGCGGAGCATCCGTAGCTCCGCGAGCGGCGTCGCCGCCCCGGTGTCGAGATTCTGACGGACGCGATCGCGCACCTGTCCACGATCGTCGGGGTGCACTAGGCCGTAGACGTCGCGCCGCAGGAGATCGTCCGCCTGCTCGAACCCGAGGATGTGGGCGGCCGCGGCGTTCGCGAAGACGATCTGCCCGTCGCGGTGCACCAGCATCCCATACGGCGCCGAGTCGACGAGCCGCCGATAGCGGTCCTGCGACTCCGTGAGCGAGGCGTTGGCGGCGGTGAGCTCGGTTGTCTGCAACTCCATCTCGACAGCCTGCTGCTCGAGCGTGTGGTTCGCTTCGCGCAGCTCCTCGGTCTGCACCTCGAGCTCCACGGCCTGCTCCTCGAGCTGCTGCTGCTTCGCGACCAGCCCCGCGGTCTGCGCCGCCACGCGGTTGCGCAGCCACACGAGCACGAGGACGAGCGCCATGAGCTCGAGCAGGATCGCGGCGCCGCTCGCCAGACGGAGCACGCTGTTCCGGCGCACCTGGGTCGCGTAGACCGCATCCTCCGCTCGCACGAACGCGTCGAACGCCGCGCGCACCTCGTCGAAGAGCGGCTTCCCGGCGAGCCGTGCACGGACGTCGGCTTGCGACGGCGTCGACGGCGTCGACGGCGGCGAGGACGCGGCCCCGCGCGCGAGCGCGGGCTCGGCGAACTCGCGATCCCATCGCGCGATGGCCCCGCGGATGGCGGCGAGCCGCCGCTGCTGGCCGGCATCGTCGCGCGTCATCTCGCCGAGCGAGTCAAGGAGCTCCGGCAGGGCGCGGCGCGCGGCCAGCTCCGGGGCGAGCGTGAGCGCGTTGCCCGTGAGCAGGAATCCGCGGACCGCAGTCTCGCGGTCGACAGCGAGCCGCTCGGCCTGGCGCGCGCCGCGTGCCACCTCGCGGCTGTGCCGCACCCAACTCTCGCTGCGACGCTGCGCGCCCTGCATGGCGGCGACTGTGGCACCAGCCAGCACGATCGCGGCAATGCCGGCCCCGAACGCTCGATGGACCGCTGGCGTCGCGGCGACGGCTTCCGCCGCGTGAGGCCTCACTGCACCCATCCGCCTACGCGGCGGCGCGTCTGTCCCGGCATCGTCCCCCGTCTCGCAATGGCCCGCGTGACGGCGGCCGCGACGTCGCGGCAGACACGGCACGGTTGGCTCGGCCGTTCAACCTAACACGATGTCGCAGTCGATCTGAGGGACTGGTGACAGTAGTGCGTGGACTGTCACAGTTACTGCTACAGCGGCGCTGGCACCGGACAGTGGACTGTGGGGCCGGGTCGGCGCGGGATCGCTCAGACGTTCAACTTGAACGTGTGCATGGCCACTTGACTCGTCACCGGATCGCTACCTCACTCAGCGGTGTGACCGGAGCGTGCCCGCGCGGGCGGCCTTCGGGCCCGCTTCGAGCGGCCACCGTTAGGCGCGCGGGCGGGGCCCGTTAGGCGGTGGCAGCGCGCAGACCGTCGCCGGGTGGCTGTGCCGGTACGCGGTCCGCATCACCGGCGATGACCGCGGAGGATGGCGCGGCGCGCGTAGCGGCAGCGCGGGGCCCGTACGAGGGCCGACCTCACAGATCTGGGTGGCTCGTCGCGTCTTGCCGACGCCCAACGGCAGCACGCCGAGACCTCCTCCTCCAGTTGCCTGAGCATCGCGGCCGCGTCAGACCGGGGCACACGCGACAATGCTGCCACGACGGGAATGGCCTTTGCCGAGCTCTCACGCGTCCCTGGTCCGATCTCGATCCAGCTACCCGATACTTCCGAGCAACCATGCGCCTCCGCATACCTGGTTGGGCGCGACCGTCCCGCGGCGGTGCCGCGCACGTGACGGCGGAGGCGCACAGGACAGCCGCCCTGCTCTCCGCGCTCGCCCTTGGTCCCACCGCGTTAGCCACAGCGGCGTACCCCGCCGGCGCGCAGACGAGTCCCCTGTACCTCACGGCGTACGATGCGCGGCTCAACTACCCGAACCCGGGGCCGTTCTACGCACCGATCTACGTGGTGCAGGGAGGCGCGGTCACGCGCGTGATGCCGACGACGCCCGGGACCATTGCGTACGACCTGGTCGTCGACGAGACGATCCACACGATGGGATATGAGCCGGGTCGCCTGGGCCAGGAGTACACGCTCACCGGGACGGCGATCGGGACGCCCTACGACCGGGCACCGATCACGCCGCAGCCTCCGGGCTGGCCACCGCCGTGCTGCTTCTATGACGGTGCCAATGACGGGAGGTACAGCTACACGGTCCCGTGGCGCCCCGCCTACGAGCTCAACATGGTCTACCGTGGGAATCTCGACTGGACGGGGCTGACGCCGCTCTTCCCGCTCGCGGTGATGTCGATGGGGATCGCCTACGACCCGACGAACAATGGGTTGTGGGTCGCCAGCTTCGCCTGGCCCCGTCCGGCGGTCTACCTCTACTCCCTGACGGGAACAATCCTTTCGTCGTTCAGCATCGCGGGCATTCCGAACGCGACGGGGGTGACAGGACTCGCGTTCGATCCGGCGGACAATACGCTCTGGCTGACCATGGGCGGCGCGGACCCGGGCATGCTCTACCAGTTCTCGCGCGACGGCACCCTGCTCGACGCCGTACGCGTGCTGGGCGGCCCGGGTCAGCCGCCACCAGTGGAGCTCATGGGCGCGGAGTTCCAGTACCCCGGGTCGCTCGCCACGGCGGTGCCGGAGCCGTCGATCGAGTGGCTCACCGCGACCGGGCTCGTCGTGGTCGGGCTAACGACAAGACGGCGGCGCCGCCTCGCACCGCGACACCGCCCAGGAGCGTGATCCTCTGCAGGAGCGCTGCCCACGCCGAAAATGATCGACGGCTCCGGGCCATTGCGGTCGACGCGAGGCGCCATGGCTGCGGGTCAGGACCTTCGAAGAGCGCAGTGTCTCCTCGTAGGTGAGACCAAAGTGGGTCCGCGGGAACGCGAAAACCCGGCGGAATCGCTCCGCCGGGTGTGAACTCGACGCCGTATGTCGTTGAAGAACGACGCCCGGTGTCAACGCCGAGCAGCGCTAGACATTGAACTTGAACAGCATCACGTCCCCGTCCTGCACCACGTACTCCTTCCCCTCGCTCCGCACCACGCCCTTCTCGCGCGCCCCCTTCCACCCGCCGTTCGTCACGAACTCGTCGTAGCTCACCGTGTCCGCCTTGATGAACCCGCGCTCGAAGTCCGTGTGGATCACGCCCGCCGCCTTCGGCGCGGTGTCGCCGCCGTGGATCGTCCACGCGCGCACCTCCTGCTCGCCGGCCGTGAAGTACGTCTGCAGGCCGAGCAGGTGATAGCCGGCGCGGATCAGCCGGTCGAGGCCCGCGCTCTCCAGGCCTAACGACGCGAGGAAGTCGCCGCGATCCTCCGGCGGAAGCTCGGCGAGCTCCGCCTCGATCTTCGCGGAGAAGGGAACGATCTCCGCCGGCTCGCCGCTCGACTCCACCGCCGCGCGCAGCGCGCGCAGGTGCTCGCCCTCCGTGCCGGTGAGCTCCGCGTCGGTCACGTTCGCGGCGTAGAGGATCGGCTTCGACGT
NZ_CP007128.1_gap80	3506114	3509580	3466	CGCTTCGGCGCTCGCCGAGCTGAACGACCTGCTCGCCCTCGACCACGACGCGGCGGAGGCGTACACGATAGCCATCGGTGCGCTCACGAACGTCGGTCGGCGCGAGACGGTGATGCGGTTCCGCGCCGATCACGAGCGGCACATCGCTGACCTCACCCGCGTCATTCTTCGCCTCGGCGGCACGCCGGTCGAGCGCGCGCACATCGCCTCGGGCCCGTTCAAGCTCGCGATGCAGGCGCTCGGCGCGATGGGGAGCGACCGCGCGGTGATGCTCGCGTTCAAGACGAACGAGGCGCAGGTGTGCGAGAAGTACACGCGGGCCGCGACGCACGCGACGGAGTGGCCCGAGGCGATCTCGGAGATCGTGAGCGGCGCGGCGGACGACGAGGCGCGCCACTACGAGTGGGCGGCCGACCAGCTCGCGACGCTCGGCGTGGCGCCGGAGAGCGTGGCCGGCCGTGCGACGCGCGCGGCGGAGACGGTGCAGGCGCGGCTCGCCGACGGTGTCGAGGCGGCGGAGCGTCACGGGCGGCGCGGCCTCGAGGCCGCGCGCCGTGGGGCGGCGGCGCTGCGCGAGCGGCTCCCCGAGCGGATGCCGCAGCGGCCGTCGAACCGCGTGCTGGCGGTGGGCGCGATCGCGGCCGGCGTCGGCTTCCTCGTCACGACTGCCGTCGCGAGGGCGCTGCGCGCCCGGCGCTGAGCCACGTGGGGCGCCGGGCGCCGGCTCCAAGCGGCGCCCCGCGGTAGGTAGATTGGGGCATGGAAGCGAAACGAACCCCCGCCAAGGCGCTGCGCGACGCGTCGAGCGTGGCCGGCGGCACGCTGAGCGGCGCGCGTCTGCTGGAGCCGCGTCCGACGTTGGAGCGCCCGGCACCGGCCCGCGACCCGCACCACGACGGCTCGCTGGAGCGCAACCCGGGCACGGCACTCGACCTGGACGTGGTGCGCGCGCTCCGCGTGAACCGGAGCGCCGTCGAGCGCCGGGCCGCGACGATCCCGACGCGGCGCACGGTGAAGAAGCAGTGGCAGGCCGCGTGGCTGCTGCGCGCGATCACCTGCATCGACCTCACGACGCTGTCGGGCGACGATACGCCGAGCAACGTGCTGCGGCTGTGTGCGAAGGCCCGCCGCCCCGTGCGCCCGGACCTGCTCGAGGCGCTCGGCGTCGCGCAGCTGAACATCACCGTGGGCGCGGTGTGCGTGTACCACCGCTACGTCGCCACGGCCGTGGAGGCGCTGCGCGGCACGAGCATCCCGGTCGCCGCGGTGTCGACGGGCTTTCCGGCGGGGCTGTCGCCGCTGCGCGAGCGCATCGCCGAGATCCGCGCCTCGGTGGACGACGGCGCGACCGAGATCGACATCGTCGTCACGCGCGCGCACGTGCTGCGCGGCGAGTGGAACGCGCTCTACGACGAGGTGGCCGCGTTCCGCGAGGCGTGCGGCGACGCGCACCTGAAGGCGATCCTCGCCACCGGCGAGCTGGCGACGCTCACGAACGTGGCGCGCGCGAGCGAGGTCGCGATGATGGCCGGCGCGGACTTCATCAAGACGTCGACGGGCAAGGAGCCGATGAACGCGACGCTGCCCTACGGCGTCGTGATGTGCCGCGCGATCCGGGCGTACGAGGAGCGCACCGGCTACAAGGTCGGGTTCAAGCCCGCCGGCGGCATTCGCGCGGCGAAGCAGGCGCTCGAGTACGAGTACCTCATGAAGGAGGAGCTCGGCGATCGCTGGCTCAAGCCGGACCTGTTCCGCCTGGGCGCGAGCGCGCTGCTCACCGACATCGAGCGGCAGCTCGAGCACTTCGTCACCGGGCGCTACTCGGCGGCGCATCGTCATCCCATGGTCTAACGACCGCTGCGTGGCTGCGTCGCTGCGTAACGGCACGCAGCAGACGCAGCGACGCAGCCACGCAGCGAACACGACATGACTACGGTCGCAGAGATCTTCGAGACCATGGAGTACGGGCCGGCGCCCGAGGCGGACGCGCCCGTTAGGCAGTGGCTCCAGGCGCACGACGGGAAGTTCGGGCAGTACGTGAACGGCCGCTGGACCGACGTCGACGACGCGCGGCTGTTCGACGTGCAGGAGCCGGCGAACGGCAAGCGGCTCGCACGCGTGTCGCAGGGCAACGAGGCCGACGTGGACGCGGCGGTGCAGGCGGCGCGCGCCGCGCTGCCGAAGTGGAAGGCGTTGGGCGGCCATGCGCGCGCCCGCTACCTGTACGCGCTCGCCCGCGCGGTGCAGAAGCACTCGCGGCTGCTCGCCGTGCTGGAGACGATGGACAACGGGAAGTCCATCCGCGAGACGCGCGACATCGACATCCCGCTCGTGGCGCGGCACTTCTACCACCACGCCGGGTGGGCGCAGCTGCTGGAGTCGGAGTTCGCGGGCTACGAGGGCGCGGGCGTCGTGGGGCAGATCATCCCGTGGAACTTCCCGCTGCTCATGCTCGCGTGGAAGGTCGCGCCCGCGCTCGCCGCCGGCTGCACGGTGGTGCTGAAGCCGGCCGAGTTCACGCCGATGACGGCGCTCGCGTTCGCCGAGCTGGCGCACGAGGTGGGGCTGCCTAACGGCGTGCTGAACATCGTCACCGGCGACGGCGAGACGGGCAAGCTGCTCGTCGCGCACGAGGGCGTCGACAAGCTCGCGTTCACCGGATCGACCGAGGTGGGACGCATCATCCGGAAGGCGACGGCGGGGAGCGGCAAGAAGCTGTCGCTGGAGCTGGGCGGCAAAAGCCCGTTCATCGTGTTCGACGACGCGGACCTCGACAGCGTCGTCGAGGGCGTGGTCGACGCGATCTGGTTCAACCAGGGGCAGGTGTGCTGCGCCGGCTCGCGGCTGCTGGTGCAGGAGGGCGTCGCCGACCGCCTGTACGAGAAGCTGCGCGCGCGCATGGAGCGCCTGCGGCTCGGCAACCCGCTCGACAAGGCGGTGGACATCGGCGCCATCGTCGCCCCGGTGCAGCTCGAGCGCATCCGCGGACTCGTTGAGCAGGGACGCGAGGAGGGCGCGCAGATGTGGCAGCCGTCGTGGGCGTGCCCGGCGGAAGGATGCTTCTACCCGCCGACGCTGTTCACCGACGTGAGCCCGTCGGCGACGATCGCCCAGGTGGAGATCTTCGGCCCCGTGCTCGTCGCGATGACGTTCCGCACGCCCGGCGAGGCGGTGTCGCTGGCGAACAACACGCCGTACGGGCTCGCCGCGAGCGTGTGGAGCGAGAACATCAACCTCGCGCTCGACGTCGCGCCGAAGCTGAAGTGCGGCGTGGTCTGGGTGAACTCCACGAACCTGTTCGACGCCGCGGCGGGATTCGGCGGCTATCGCGAGTCGGGCTTCGGGCGCGAGGGCGGGCGGGAAGGGATGTGGGAGTATCTGAAGCCTGCCGGGACTCGGGACCCGGGACCCGGGACTCGGGAGTCCGCAGCCCCGAGTCCCGAGTCCCGAGTCCCGAGTCCCGACG
NZ_CP007128.1_gap81	3512160	3516571	4411	CGCGCGGCTCGCCGGCATACGCGACGTCGTTCGATGCGGCGCAGGCGTTCTGGGCGGCGCGCGACGGGTGCGCCGGCGCCACGGTCCGCGATTCCACGCCGCTCGCCGCCATCGTGCGATCGGCCGACTGCCCGACGGGCGTCGGGGTCGAGCAGGTCATCGTGCGCGGACAGGGGCACGCGTGGCCCGGCGGCGCGAAGCCGTGGTGGTTCTCGCCCGCGCCGTCGCCGCTCGACGGCGCGTCGTTGATGCTCGAGCTCTTCTCGCGCGCGGCGGCGCGCTGACGCCGGGCCGGCGCCTACTCGACGCGCACGACCGCGGGCCGACCCGTCACGCCGGTCGGGCTCACCGGAACGACCGCCGCGGCGCGCGCCCGCTCGCCGTTAGGCAGCAGCACCGGCAGCAGCGTCAGATCGCCGGGCAGCGTCGTGGTCGACCAGCGGCCGGCCGCGTCGCGGAGCTGCAGCACCCACCACCGCACCGGTGCCGCGCCCGTGTCCGCGTGCACGCGCACCGCGGGCCCCGCGACGAGCGTGCGCGGCGTCGGCGCCATCTCACCACGCGACCGCGGCGCGGCGGCGTCCTTCGTCACGCGCAGGCCGGACGCGGGGGCGGGCTCCGGCGGCTCCGCGGCGGCGTCGGACGCGCAGCCGGCGAGCACCGGCGCCGACGGTGCCGCCGCGCCGAGCCACGGGCTGGCGGGCGGCAGCGCGGGCTCCGCGTAGGTGTCGCGCAGCCGCTGCCCGAGCGGACCGTCGGGCGCCATGGCGGCGAGGCGGAAGTGGAAGTGGCCTAACGATTCGGGCGTGCCCGCGCGCGCCTGCCGCAGCCATGCGATCTCCGCCGGGATCTCGGCCGCCGGCCACGGCGAGCCGCGCGACTCCACGCGCATGGTGAACAGTCCCGGCCAGATGTGCCGACCGGCGACGTTCTCGCCGCGCCACCACGCGTCGAGCCGCGTGAAGCGCCGCTCCTCGCCGTCGAGCTGCCAGTAGAGCTGCGGCGCGAGGTAGTCGAGCCATCCCTCACGCAGCCACTGGCGCGAGTCGGCGAAGATCTCCGTGTACGCGTCGAGCCCCGAGAGCCCCGGCGGATTGCCCGGGCGCCAGATGCCGAACGGGCTGATGCCGACGAGCACCCATGGCTTGCGCTCCTTCACCCCGCGGTAGAGCGACGCGATGAAGTCGCTCACGTTCGCGCGGCGGAAGGCCCCGCGCGTGTCGTACTTGTCGCGGCCGTAGCGCGCCCAGCTCGTCGCGTCCGGGAACTCGATCGTGCGGTGCGTGACGACGGTGTGGCGCCGCTTGCCGCGCCCGACGCGGTGGCGGATCGTCTCCGTCTCCTGATACGGGTAGAAGTAGTCGTCGAGGTGCACCGCATCGATGTCGTAGCGGTCCACGACCTCGAGGATCGCGTCGAGCACGTTGCGCCGCGCGTCCGGGTAGCCGGGGTCGATCCACGTCTGCGAGCCGTAGCGCACGATCCACCGCGGATGCTCGCGCCGCAGGAACGTGGCGCCGGGCCGATAGTCGCCGTCGGGCGGCGCGGCGCGGAACGGGTTGAACCACGCGTGCAGCTGCAGGCCGCGCCGGTGCGCCTCGGCGACCGCGAACGCGAGCGGGTCGTAGCCGGGCGACGCGGCCTCGCCGCGCGCACGCGTGAGGTAGCTCGACCACGGCGCGCGCCGCGTCGGATACATGGCGTCGGCGGCGACGCGCACGTGCAGCACGACCGCGTTCAGGCCGAGCGCGACCGCGCGGTCGAGCACCGCGAGCAGCTCGGCGCGCTGCGCGTCGGGGGACATGTCGGAGCGCGACGGCCACTCGCCGCCCTCCACCGGCGACACCCACGCGGCCCGCATCTCGCGCGTGACCGGCGGCAGTTGCAGCGACGCGACTTCCTCGTCCGGGAGCGGGTCCCCGCACGCGGCGGCCGATGCGGCGCGGTCCGGCTTCCACTGCGCGGCGCCGACGCCGACGCCCATCGCGGCGACGACGAGCATCGCCGCGGTCGCGGCCCGCACGAAAACGTCACGCGCCGCACGGTCGCGCCGTGCACGTGGAACCGGGCGGGGTATTCTTCGATCGCTGCCGTGCCGCTCGTGCATGCGCCGCTCCATGCCTCCGTCGCCGCCGCTCCGTCAGCGCGGCGAGCACGTTCATACTCCACGATGCCGTCGAAGATTCCCGCACGTGTCGCACCGTCATGCCTGGCCACGCTCGTCGCCGTCCTGCTCGGCGCCTGTGGTGGACAGGGACGGGCGGCGAAGTCCGAGTTCCTCACGCCGACGACGCTGCCGCCGAGCGAGCCGGCGGTGATCGCGCTGCCGGTCACGATCGTGACGAGCGCCGTGCAGACGCACCTCGAGCGTACGCTGCCGCGCGCCGACAGCCTGGACCAGGCGCGCTGTCAATCGCTCGGCGGCGCCGTGTGTCACCAGTACGTGTTCCGCCGCGATACGTTGGCGCTGCACGTCGCCGGCGATCGCATCGACGTGCTCGCGCGGCTGCGCTACCGCGGGCGCGTGTCGCTGCCCACCGGCGGCAGCGTGGGGAGCTGCGGCTACCCGCCGGAGCCGATGCCGCGCGCCGAGCTGCGCTTCACGACGTCGCTGTACTGGACCACCGCCTGGCGGCTCGCGTCGCGCAACACGTCGCTCACGTCGTCGCTTCCCGACCCGTGCCGCGTGACGCTGCTCGGCATCGACGCGACGCCGATCATGCGCCGCATCGCCGACGCGCAGCTCGCGCGCGTGGCGCAGGAGGTGGACTCCGCGCTCCCCACGCTCGCCGACCTGCGCCGCCCCGCCGACTCGCTGTGGCGCGCGATGCAGGAGCCGATGCCGCTCGACTCCACGGGCTCGCTGTGGCTGCTCATGAACCCCGAGCGCGTGGGGCTCGCCGCGCTCGACGGGCAGGGCACGACGATCCGCACCGGGCTCACGCTCGTCGCGCGTCCGCGCGTGGTGACGGGGGCGCGGCCGGACATCACGGTGCGGCCGCTGCCGTCACTCGCGCTCGCGCCCCTCGCGCGGGGCCTCCGCGTGCCGGTGCAGGTGGAGATGCCGTTCGCCGCGGTGAGTCGACGCGCGACGGAGCTGCTCGCCGCGGAGACGGCGCGCGAGCCGCTGAAGGTGACGCGCGTGGACGTCGCGGGAGCGGGCGATTCGGCCGTCGTGCGCCTCGCGCTCGCCGGCCGCATGAACGCGTCGCTCACGCTCGCCGGCCGGCCGCGGTTCGACGTCGGCACGCGCACGCTCGTCGTCGACGACCTGCACTACAGCGTGGAGAGCCGCGACTTCCTGTCGCGCGTGAAGGCGACGCTCGGCGCGCCGCTCATCCGGCACGCGATCGAGCAGGCGACGAACGGGGGCCGCCTCGCGCTCGGCCCGCAGCTCGACTCGGCGCGCGCGCAGCTCACGGCGCAGATGAACCGCCCGCTCGCGCCCGACGTCGTCGTCGGCGGCGGCGTCACGAGCCTGCGCCTAACGGGCCTCTACCTCACGAACGACGCGTTCGTCGTGCGCGTGCTGCTCGAAGGGGAGGCGGGGCTGTGGGCGAAGTGAGCGCTACGGTGCCTTCGGCGGCACGCGCGTGACGGGCGCCGGGATGCCGAGCGAGTCGCCGGGCGGCATGGTGTGGTCCCGTGCCCAGCGCGAGCGCACGTCGTTCAGGCGGTCGATGCGGCGCACCCAGAGCTGCGTCGCCTCGTCGTAGCGCGCGAGCACGTTGCGGAGCCAGTACGGGCGATTCTCGCGCAGCCACGCCGCCTCGTACAGGTCGCGCGTCTGCGAGAACAGGTCGCGGAGATCCTGCAGCCGGCCGTTGATGCCCGTCACGTCGGCCAGGTCGTACCAGCGGAGGTCGCGGGCCCGCGCGGTGTCGCGGTTCATCGCGTAGACGCGCGCGTAGATGCGCTGCACGTCGTCGGCGAGCTGGAACTTCAGGCCGATCGCGTCGACGCGACGCGCGCCGAGCTCGATCGCGTCGAGCGCGTCGGGCTCGCGCGTGGCGCCGGCCCGGCGCGCCGCGATCACGTGCTCGATCGCGTCCTCGGCGGCGAGCCGCAGATCGCGCGCGACCGGCAGCAGCCGCGCGGCGACGAGCTGCCCCTCGGGCGACAGCGGGTCGACCCAGAACAGTCGGTCGCTCGCGTCGCCGAGTCCCGCGGTGCGCAGCAGCGCGTGCGCGGCGATGAGCCGTCGCTCCGCTTCCGCGACGTGGCCCGTGGTGTCGCCGTGGAAGTCGCGCGCGTAGGCGGCGAGCGCCGGCGCAGGATCGCTGTCGCCCGCCTGCCACGACGCGGCGGCGCCGAAGATCACGCCGAGCCACTGCTGGTTGAACAGCCCCTCGCCGAAGTCGTCCCACGACGTGTTCAACACGCCCGTGGCACCGGCCTTCTGCCCCTCGCG
NZ_CP007128.1_gap82	3517613	3521342	3729	GCGAGCTGACCGCGCTCGCGCAGCACGTCGCTCAGATCCGTCGCCGTGCCGCGGTCGCCCGCATCGGCGGGCGCGTCCACGGCGACCCCGCCGGGCGCGGCGAACGGCGCACCCGCCGTAGCCTCGCGCGGCGCGGGGACGAGCGGGAGTGGGGACTGCGCGGCGGCCCGGCAGGGAAGCGCGCCGCCTAACGCGAGCGCCGCGACCGGCGCGAGCGCGCGACGAACGATCGACACGTCGGGCCGGCGCCTAACGGCCTGACGGCTCAGCGCCCGCGCAGCGCGTCGCGCACGCGGTCGGCCACGAAGCCCGGGGCGACGGTGATCCGCGCGTACGGGCGGCGGCGCAGGCCGGGGCTCGCGGCGACGGGGACCATCCAGTCGAGGCGCATCGTCGCGCGCGTCGCGGCGATCGGCGCCGTGTGCACGCCGATGCCGACGACCGCCGCGCTGATGCTCTGCGTCTCCGTCCCGCACGGCTGGTTGCGCAGCGATCCCGACGCGAACGCCGCGACGTCGAATGCCGTGCGCCCCCCGACCGGCGCGTCGAAGCGGAACGAGCGCTCCAGCGTCGCCGCGACGGCGCGTCCGGCGAGCCGGTCGCCGGTGCTGAGCATCGGGGCCGTGGGGTCGAGCCCCACGAGCGGCCGCACGTCGGGATCGGTGCGCAGCAGCCGCTCGCCCGCCACGCGCACCATCCAGTTGCCGTGCGGCGCCGCCGCGAGCAGCGTGGCCGCGGTGCGCAGCACGCCCGCCTCGACCTGCCGGCTGTAGAGGAAGCCCGAGCTCCACACGTCGGTGGCGAGGAGCGCGCGGTCGCCCGGATGCCAGATGCGCCCCACCCACGCGTCCAGATGCGCCGCCGGTGCCCGCAGCAGCAGCTTCTCGCCCACGCCGACCACCGCGGAGTACTCGAAGCCCATCGGCACGTCGAACACCGCGTCGTGCGGCAGCAGCCATGTCGTCGGCGCGTAGCGCGTCGCCACGCGATCCACGCCGACGTCGGCGCCGACGAAGCGGCGCGCGACCGTCTCGGGCCCCGGCGTGCGCATCCCGTCGAAGCGCGTCATGCGCGCGCTCGCGAGCTCCGCGCCCGCGCTCACGTAGAGCGCGGCGCCCGCCGCGTCGTCCGTCACGCGTCGCCCGACGAGCCCCTGCACGCCGCCGCGCGAGAAGTGGCCAGCCGCGCCGAACATCGGCCACCGCGACGCGCTCGTCGCCGTGAACGAGCCGCGCCACGGACGGGCGACGTCGCGCTCGTCGCTGCGCAGCGTGAGGCTCGACAGCCGCTCGTTAGGCAGCCGCGACAGCCGCACGCGGCCGACTATGGGCGAACCGAGTACGAATGGGTCAACGAGCGAGACGCTGCCGCCGACGCGACCGCTCCGGGTCTCGATCCCCGCGCGCACCTCGCGCCCGCTGCCGAGGAAGTTGCGTTCCTCGACGCCGAGCAGACCGTTAGGCAGCCGCAGGCCGCGCGACGGCTCCAGCTCCTCCGCCCCCGGCGGCGGTGGCGCGGCGGCGCGCAGCTCGGGGGAGATGCTCCACGCGTCGCGCGTCGCCACGGTGAGCGCGACGCCATCGGTCCCCTCGCACCGCTCGGCCACGATCGACGCGTCGTCGAGGAAGCGCAGGCGGCGCAGACGACGCAGCGACTCCGCCACGCGCGCCGTGTCCGCCACGTCGCCCGGCGCGATGAGCAGCCGCTGCCGGACGGCGCCGGCGCGCGTGCGCACGTGCACCAGGCCGGTCACCGCGCCCACGATGCCGTGCTCCGCCGGGTTCTCGGTGGAGACGTCGACGCTCAGCACCCGCTCGCCGGCGACCGCCGCGAGGTTCGTGCGGCTCTCGATGCGCTCGCACCGCTGCGCCGCGAGACGCGTCCCGCACAGCGGAAGCGCCGCGACCGCGAGAGCGGCCATCGAGGACGTCGGATGCTTCAAAGGTCGCGGCTGACGGATGGACTGCCGGACTGGTGTACCGGCCTCGAGCGGCCGGCGGGGACGGCGTAGGCTACGCGGAGTGCATGGACGGCGCCAGCGCGTCGAGCTCGACTCGACGGGCGGAATTTGTTTGACGCTCCAGTCCGGGAGCCCGATAGTGAAGCTGCTGCGTTGCAAATGCTGCCGGCCTCTCCCTCACCCGGAGGTAGCCATGCAAACGCACCTTCCCACCTGGCTTCGGCGAGCCTCGCTCGCCGCCGTGTACCTCGGCGCCGCGACCGCGGCCGCGCAGCCTCCGCCGGGGACGCCGATCGGTGCCTTCCGCGGCCAGCGCTTCGTCATGCGGGTCTCGGAGAACCCCGCGCTCGATGGCATCGGCCAGCTCTTTCCGATCATGGGGCAGCGCCGCAACGCGGCGGGGCGACCGGCCGGTCCCATCGTTCCGTTCGCGGTCCAGTCGGGGTTCGCCGAGCTGTTCGACGACGTCGCCCAGACCGTGCGCAGCGACGACCTGTGGTTCTACAGCAACGGGAACCGCCCCGTGGGCATACCGGTCGCCGCGCCCGCCTGCCCGGTGCTCTCCTGCATCTGGCTGGTCTCCGACAACAACGTCGCCAGCCCCGGTGGCAACGAGGCGCCCGAGACGTACGTGGCGTCGTTCGTGTTCAGCGCCAGCCTCCCGCAGGGATCCGTCGACGCGACGTCCCAGCTGTCTGAGGCGGAATACACGTTCGAGGAGCCGCCGGACGTGGACACCGTGGTGCCCGAGCCGGCAGAGCCGCTGCTCGTCGGCGCCGGGCTGCTCGGCATCACCGCCGGCGTGCGGTCGAAGAAGTAGCAGCTAGGGCAGGACCGCCCACTCGAGAGGCCGGACGCCAGAAGCCCCCCTCCGACCCGTCATCGGAGAGGGGCTTCTCGCATGGTCGACTTCGGGTACTACCCGACCCGCACCACGCTCCGGCTTCCGATCCTCGGTCACCGGCGGTAACTGACTGGCTTACCGGCAGTTACCGGTGACCTTGGACGTACGGGAAGACGTAGACAAAGGATCACCTCCTTGATGCGGGTTCGACATGTTCCGGATAGGAAGGGACGACGCGGATCGGAGCTTTGGAGGTTCGACCCGCGCATCCGCCCACGTGCCTCCGAAGCCACGCGACAGCGGACGTTGCAGGATACCCGTTAGTGATGGTGAGGTTCCAGTCCCCGTCCCAATCTTTCGGCCCATGCGCATCACCGCGTCCCTCCTCGGCCTCGTCGCACTTCCTGCCGCGCTCGGCGCGCAGGCGACCCCCGCCCGCCACGCCTTCCGGCTCGCCGACTGGTACCGCGTCGCGACGGTCGGCTCGCCGGCGGTCTCGCCCGACGGCAAGCGCGTGGCGTTCACCGTCACCACCGTGCGCGAGTCGGAGAACAAGCGACACAGCGAGGTCTGGGTCGCGCCGGTCGCCGGTGGCGCGCCGGCGCGGTACACGTCGCCGAGCACCGAGAGCACGAGTCCGCGCTGGTCGCCCGACGGGCGGTACCTGTACTTCGCGTCGACGCGACCGGGCGTGAAGGCGACCACGTGGCGGCTGCGGATGGACGCGGCGGGCGGCGAGGCGGAGCCGGTCGAGGGACCGATCGCGACGAGCTGGTCGCGCGACGGACGCGTGCTCGTCTTCGGCGACACGAGCACCGGCCCGGCGCGCGACACGACGGCGCGCGACCCGTTCGGCCGCATGCAGGCCATGGCGCGTCCGCCCTACGGCGCGATCACCCGGCCGGCCGACCCCGCGCGCTTCGAC
NZ_CP007128.1_gap83	3663931	3667158	3227	CGGTGCGCAACAACGACCGCGTGGGCGCGCTGCTGTTCACCGACCGCATCGAACACGTCGTGCGCCCGCGGAAGGGACGCCGCCATGCGCTGCGGCTGCTGCGCGACGTGCTGGTGTTCGAGCCGCAGGGCCGCCGCACGAGCATCGCCGTCGCCGCCGACTACCTCGGCCGGCTGCTCACCCACAAGGCGATCCTGTTCCTCATCTCCGACTTCCAGGATCCGGACCTCGAGCGGCCGCTGAAGCGCCTCGCGCTGCGGCACGACGTCGTCGCGGTGACGGTGGAGGATCCGGGCGAGCTGGCGCTCCCCGACGTCGGCCTCGCGCGCTTCCTCGATCCGGAGACGGGCGTCGTGGTCGAGCGCGACACGGCCGATCCGGCGCTGCGCGCGTGGTTCGCCGAGCGGGTGATGGCGGACCGCGAGGAGCGCCGCCGGCTGCTGCGGCGCCTGGCGATCGACGAGGTGGCGGTGCGCACCGGCGAGGGGTACGTGGAGCCGCTGCTCCACTTCTTCCGCTCGCGCGAGACGCGGGCGCGCCGCGGGTGACGGCGGTGCGCGCGCCCCGCCACCTGCTCGCGGCGATCGCGCTCGCGTTAGGCGCCTCGCGCGCGTCCGCGCAGGGCGCCACGCCCGGGCTGCGCGCAGGCGTGTCGGTGACGCCCGACACGGTCGCCGTCGGCGACCCGTTCGTGGTGAAGGTGCGCGTGCAGGCGGCCGCGGGCACGGTCGTCACGTTCCCGGCGCCGCCGGACACGTCGGGGCCGGTGCAGGCGCGCGACCCGCGCCGCGTCGACAGCGTGCGCGCGCCGGCGGGCGAGATCGACGTCGTCGCGACCTATCGCGTCTCGGCGTGGGACGTGGGGCCGCTGCCGTTAGGCCTCGCCGACGTCGTGGTCCGCGACGCGGCGGGAGAGCGACGGGTCCCGTTAGGCGCGTACCGCGTGTACGTGCGCTCCGTGCTGCCCACGGACTCGGCGCTCCGCGTGCCGAAGCCGGCGCGCGCGCCGCTGCCGGATGCGCCATCGGTGCTGCTGCAGTGGTGGCCGTGGATCCTCGCCGCGGCGATCGTGCTCGCGCTCATCGGCTGGCTCGTCTCGCGGTGGCTGCAGAAGCGCCGCTCGCGCCGCGGGGTGGACGACCCGTACGGCCACGCGGTGCGCGAGTTCGCGCGGCTGGAGAAGCTCGGTCTCGTCGAGGCTGGCGAGCACGGACGCCTCGTCGCGCTCGCCGCCGACGTGGTGCGCGACTACCTCGCCGCGCGGCTGCCCGACGCGGCGCGCTCGCTCACGTCGACCGAGGTGCAGCGCGCGCTCGGCGGCCGCGAGGAGGTGCCGCACGAGCGGCTCGCCGCGCTGCTCGAGTTCGCGGACCTCGTGAAGTTCGCCGCCGTCCGCATCGGGCCGGACGCCGCGCGGCAGGCGTTCGCCGAGGCGCGCGGCGTGGTGGACGACGTGGAGCGCGGCGTGAAGGCGCGCGAGGAGCGCGAGGCCGCCGAGGCCGAGGCGCGTGCGCGGCGCGCGAGCGACGAGCAGCGGCGCTACGAGGAGGAGCGGCGACGCGCCTCGCGGAGGGACGCGGCATGACGTGGCTCCGGTACTTCCAGGCGCCGTGGCTCCTCGTGCTCGCGATCGTGCTGCCGCTCGCGGCGCTCGCGCTCGCATACGTGTGGGCACGGCGGCGCCGCGCGCGCGTGACGCGGCTCGGCGCCGAGCCGCTCGTCTCACGGCTCGCGCCGTCGATCTCGGGGACCGGCGCACGGTGGCGTGCGCTGCGGCTCGGCGGCGCGGTGCTGTTCGGCGCGATCGCGCTCGCCGGGCCGCGGTGGGGCAACGAGCGGTCGGAGATGCAGTCGTCGGGCGTCGACGTCGTGCTCGCGCTCGACGCGTCGCTCTCGATGCTCGCCACCGACGAGCGCCCCGACCGCCTCACGCGGATGAAGCAGGAGGTGCGGCGGCTGCGCGCGATGACGCCCGGCGACCGCGTCGCCCTGCTCGCGTTCGCGGGGCGCAGCTACATCCTCACGCCGCTCACCACCGACGAGGGCGCGATCGACCTGTTCCTCGACAACCTCGACCCGAGCGTCGTGGGGCAGGCCGGCAGCTCGCTCGCGCGCGCGATCCGCCAGGGAACGGAGCTGCTCCAGAGCACGCGTGGACGCGGCGGCGACCGCGCGATCGTCGTCATGAGCGACGGCGAGGCGTTCGAGGCGGAGGACGACGTACGCGAGGCCGCGCGTCAGGCGGCGGACGCGGGGATCATCGTCGTCACCGTGGGCTTCGGCACCGCGCAGGGCACGACGATCCCGGTGCACGAGGGGAACACGACGACGCTGAAGCGCGACGAGTCGGGCAACGTCGTCGTGACGCACTACGTGCCCGACCTGCTGCGCGCGGCCGCCGAGATGGGGCGCGGCACGTTCATCCCGGCCGAGGCGACCGACAAGGCCGCCCGGGTGCGCGCCGCGCTCGGCAACCTGCGCGCGCAGCGCCGCGCCGTCGCCGCTGGCAACGATCTCACACCGCGCTTCCAGCTGTTCGTCGCGCCCGCGCTGCTGCTGGTGCTGCTCGACGCGTGGCTCTCCACGCGGCGACGGGCGTCGCGGCGCGAGGCGCCGGCCGCCGCGCGAGCCGCGGCGCTGCTGCTGTTCGCGCTGCTCCCCATGCTCTCCGGCTGCACGCGCCGCGAACTCGACGACGATGCGCTCGGGCTCTACCAGCACGGCGACTTCCCGCGCGCGCTCGCCGCGTATCGCGAGCGCGTGAAGGCCGGCGGCACGCCGCGCGCCGTCTACAACTTCGGCACCGCGCTGCTCGCCGCGGACTCCGCGGAGCCGGCGCGCGACGCGCTCGACCGCGCGCGCCAGGCGCCGGACACCGGCGTGCGCTGGCGTGCGCAGTTCAATCTCGGGCTGCTGCATCTCCGCCGCGGGCTCGAGACGAAGGGCGACGGCGCGACGGAGGATCTCGACGCCGCGCTCGCGCTGTACAAGCAGGTGCTCCTCGCGCATCCCGCGGACAGCGACGCGAAGTGGAACTACGAGCTCGCGCTGCACAAGAAGAAGCAGCAGTCGGGGGGCGGGGGCGGCGGGGGCGGCGGTGGCGGGCAGGGCGCGCCGCCGCAGGCGCAGCCGCAGCCGCGGCCGGCCGGAGGCCTCGGCGAGCGGCAGGCGGAGGAGCTGCTGAACGCGGCGGCCCGCGACGAGCGCGACGTGCAGGGGAAGAAGCA
NZ_CP007128.1_gap84	3673328	3675552	2224	AGCGAGTCGTTCGGCCTGAGCGCGCTCGAGGCGCTCGCGTCCGGCGTGCCGGTCGTCGGCAGCCGGGCGGGCGGCCTCCTCGAGGTCATCCGCGAGGGCGAGACCGGAGAGCTGTGCCCCGTCGGCGACGTCGACGCGATGGCCGAGGCGGCGCTCGGCATCCTGCGCGATGGCGACAAGTGGCGCACGATGAGCGACGCGGCCGCCGCCGACGCGCGCGCGCGCTTCTCCCAGGACGCCGTCGTCAGCCAGTACGAGAAGCTCTACGAGCGCGCCGTCGGCGCCTGACGCTCAAACCCCACCGCGTCCCGCATGTCGTTTCTCGAAGCGCTGATCCTCGGCATCGTCGAAGGGATCACCGAGTTCCTCCCGATCTCCTCCACCGCGCACCTCGTTCTCGCCAGCACGCTGCTCGGCATCGCGGACGACCCGTTCGCGAAGAGCTTCGAGATCATCATCCAGCTCGGCGCGATCCTGTCGGTGGTGGTGCTGTACTGGCGCAAGCTGCTCGACGTCGAGCTGCTGAAGAAGACGATCGTCGCGTTCATCCCGACGGGCATACTCGGCCTGACGGTCTACAAGATCGTGAAGGGCTACCTGCTCGGGAACGTATACGTCGTGCTCGGCGCGCTGCTCGTGGGCGGTCTGGTGCTCATCGCGTTCGAGCGGTTCCGGCCGAGCGACGAACGCGAGGTGGACTTCGGCGAGATCACCTACAAGCGCGCGCTGCTCATCGGGCTGTTCCAGTCGATCGCCATGATCCCCGGCGTCTCGCGCTCCGCGGCGACGATCGTCGGCGGCTCCGCGATCGGCGTGTCGAAGCGCACGATCGTGGAGTTCTCGTTCATCCTCGCCATCCCGACCATGGCGGCGGCGACTGGGCTCGAGCTGCTGAAGGGATACAAGGATCTGCTCGGCCACTTCGACGTGCTCGCGGTCGGCTTCGTCGTCAGCTTCGTGACGGCGCTGCTCGCGATCAAGTCGTTCCTCGGCTACATCAAGCGGCACAGCTTCGCGGCGTTCGGCTGGTATCGCATCGTGCTCGCCGTCGCGTACTTCCTTGTCTTCCTCCGCTGACGTCGTCGCGCCGTCGTACGACGGCGAGTCGGCGGACGCGCTCGCGCGGAGCCTCGACGTCCCGCGGCTCCTGCTCTTCTCCGACGTCTCGTCGACGATGGACGTCGCGCACGCGGCCGCGGCGCGCGGTGCCCCGGCCGGCACGCTGGTCCTCGCCGACGCGCAGAGTGCCGGACGCGGGCGGGCCGGACGACGGTGGGCGTCGCGCGCCGGTGGCGGCATCTGGCTCACGCTCGTCGAGCGCCCGGACGACGCGTCCGCGATCGAGGTGCTGTCGCTGCGGTTGGGGCTCGCCGCCGCCGCCGCGGTCGAGCCGTTCGCCGATGGACGCGTGTGCCTGAAGTGGCCGAACGACCTGTACGTCGCCGCCGGCAAGCTCGCCGGCCTGCTCGTCGAGGCCCGCTGGCGCGATGGGCGGCCGGAATGGGTGGCGATCGGGTTCGGCATGAACGTCCGCCCGCCCGAGGACGTACCCGGTGCGGGGCACTTGCGCGGCGGGACCCGGCGGCCGAGCGTGCTGCGGGCGCTCGTGCCGGCGCTGCGGCAGGCTGCTGCCCGGCGTGGGCCGCTCGACTCGGCGGAGCTGGAGGCGTTCGCGAATCGCGACGTGGCGGTCGGCCGTACGGTGAGCGCGCCGCTCGCCGGGCGGGTGGTCGGCATCTCGGCGGCCGGCGAGCTCCGGGTGGAGACGGCGGCGGGGCGGGTGGAGGCGGTCCGGCACGGCTCTCTCGTCCTCGCGGACGGGTCTTCCTTCAGCGGGTGTGACGCTCCGTCGCCCCGACGAGTTACTCCGGCATGACGACGACAGACGCGGACGCCGTACGGCTCGTCCTCGAGGGCGACGCGGAGGCGTTCAAGATCCTGGTCGACCGGTACTACGACCGCTGTCTGCGGCTCGCCACGCACCTGCTGGGTGCGGGCGGCGACGCCGAGGACGCGGTCCAGGACGCGCTGTTGCGCGCCTACCGGCACCTCGGCGCCTACCAGGAGCGCGACAAGTTCAGCGCGTGGCTGTTCCGCATCGTGGTCAACCAGTGCCGCACGCTGGGTGCGCGGCGGCGCGGGGTGCAGGCGCTCCACGAGCGCGCCTGGATCGAGCAGGGTGACGGCGAGCCGGCCGAGGAGCATCCGGCCGACCGCGAGGCGA
NZ_CP007128.1_gap85	3680975	3682021	1046	GACGAACATCGTGACCTCGGGCTCGTAAGCCACGGTAACCGGCGGCGTGAGGTGCGACGCGGGGCCGGTGTACGGGTCGTCGCAGCAGGCCGCCGCGACGGCGAGGGCGATGGCGGTGGGAACGACGAGGCGGGACCGGCGCAGTGAGCTGGACATGGGGCCTCCGGGCGGTTGGGGATCAGCGGGGGTGAGCAGCTGGACCCAAACCTTCGGAAGCCCCGTACGGGCGGCGTAGCCGCCGCGTGCCCTCCAGCGTTCTTCCCGCGTTCCTCGCGGATTCGTCGCGCGAACGCTCAGAACAGCGTGAGCTGTCCCCCGGGGCCGCCGCCATCGCCGAACGGCCCCACGACGCCGTGCTGCGGCGCGACGGCCAGCTCGCCCTTGTAGCGCGTGCGGCGCAGCACGCGCTGCATCGACTCGTGGGCGACCGCCGGCGAGTTGTTCGTCTCGCTGAGGTGCGCGAGGACGATCTGCTTCAGCCCCTTGTGCAGGCAGTGCATCGAGAGCTCGCCCGCCGCGCGGTTGCTGAGGTGCCCGTGCTTGCCGCCAACGCGCCGCTTCAGGTGCCAGGGGTACGGCCCCGACTCCAGCAGCCCCTCGTCGTGATTCGACTCGAGCACCAGCACGTCGACGCGCTGGACGGCGGTGCGCACCTCGTCGGTCACGCAGCCGAGGTCCGTGACGACCGCCGTGCGGGCGCCCGAGCACACGGACGTGGCGACGAAGCCGACCGGATCGGCCGCGTCGTGCGAGGTGCCGAACGGCTCGATCCGCAGGTCGCCCACCGTGAACGGCACGCCGCGCGCGATCACGTGCGTCGACGCGCCCTCCAGCAGCTCGCCTGCGCCCCGCAGCGTGCCCTCGGTGGCGTGCACGGGCCACTTCCACCGCTTCACGGCGCGCTGCACGGCGGAGACGTGGTCACTGTGCTCGTGCGTGAGCAGCAGCGCCTGCACCGACGCCGGCGCGATGCCGATCGCCGTCAGCCGCTCGGCGAGCCGGCGCGCCGAGAATCCGGCGTCGACGAGCACACGCGTGTCGCCGCT
NZ_CP007128.1_gap86	3794968	3796158	1190	GCCCGGCCATCTGCACGAAGTGCGACCGGTCGGTGAGCACGGCCTCGGTGAACGGCACCGTCGCGCCGCCGCTCGGGCGCCACAGCAGCTCGGCCAGCGTGCCGTCGCTGCGGATGAAGCTCGACAGGATCCCCTTGTGGTGCTTGGAGCGCTTCAGCACCGTCGCACCCGCGCCGTCGCCGAACAGGACGCAGGTGGACCGGTCCTGCCAGTCGACGATGGAGCTCATCTTCTCCGATCCGACGACGAGCACGGTCTCGGCGCTGCCGGAGGCGATGAGCCCCTCACCGGCGGCGAGGGCGTAGATCCACCCGGTGCAGGCGGCGCCCACGTCCATCGCCGCCGCACGGGTAGCGCCGAGCAGCGCCTGAACGTCGACGGCGGTGGACGGCAGCAGCCGGTCCGGGGTCGCCGTGGAGAGCATGATCGTGTCGAGCTCCCCGGCGGTGACGCCGGCGCGGGCCATCGCGACGCGGGCCGCTTCGGCGGCGAGGTGCGCGGTGGACTCGGTCTCCGTCGCGATGTGGCGCTGATGGATCCCGGTGCGCTCCACGATCCACTCGTGCGAGGTCTCGATGCCCCGCGACGCGAAGTCGTGGTTGGTGAGGATGCCCGGCGGCACGTAGTGGCCGGTGCCGGCGAAGTAGGCGACGGGGCGCTTCACGCGACCGAGGAGGAGGTGGACTCGGCTTCCGCACGCTCGGCGGCCGCGGCGGCGTCCTCCAGGCGGCGGCCGATGTGCTCGCTCATGCGTGACTCCACCGCCCGGAGGCCGACGCCGATCGCGTTCTTGATCGCGCGGGGGGAGCTGGAGCCGTGGGAGATGATGCTGACGCCCTTCACCCCAAGGAGCGGCGCACCACCGTGCTCCGCGTGATCGAGCTCCTTGAACGCCGACCGCAGCGTCTCGCGCTCGGCGCCGAGCGCCTTCGCGAACACCGCCATGAGCGTGGGCGCGAGCGCCTCGTAGAACTTCAGCAGCACGTTGCCGACGAATCCGTCGCAGACGACGACGTCGAGCGGCTCGTCGTCGCGGCGCCCGAGCGGGATGTCGCGCCCCTCGACGTTGCCGACGAAGTGGATCCCGGGCTCGGCACGGAGCCGCTGGTGCGCCTCCTTCACGGCGGCGTTCCCCTTCTCCGGCTCCTCGCCGATGCTGAGCAGGCCGACCGCGGGATTCCGCCGGCCGA
NZ_CP007128.1_gap87	3799273	3800952	1679	CGTACGTGAGCGTGCCCGAGCGGCTGACGACGCCGACGTTGCCCGGCGTGCAGATGCGGCCGGGGATGATGCCGACCTTCGCCTGTCCCGGCGTGATGAGCCCCGGACAGTTCGGGCCGACCAGTCGCGCGCCCTTCGCGATCACGTACGGGCGCACCTTCAGCATGTCGATGACCGGCACGCCCTCGGTGATGCAGACGACGAGCTGCACGCCCGCGGCCGCGGCCTCCATCATCGCGTCGGCGGCGAACGGCGGCGGCACGTAGATCACCGACGTGTTCGCGCCGGTCTCCTTCACCGCCTGCTCCACGGTGTTGAAGATCGGCACCGTGCCCTCGAACCTCTGCCCCCCCTTCCCGGGCGTGACGCCGGCCACGACGTTCGTGCCGTACTCGATCATCTGCTTGGCGTGGAACGAGCCGTCGCGGCCCGTGATCCCCTGCACCAGCAGGCGCGTGTTGCTGTCGACGAAGACGCTCACTTGGCCGCCTCCCCGCTGTTCGCGGTCGCGAGCTGCACGGCCTTCTTCACCGCCTCGTCCATGTCGGTCATCGCGGCGAACCCGTTCTCCTCGAGAATCTTCACCGCAATCTCCTCGTTCGTGCCCGTTAGGCGGATCACGATGGGCACCTGCAGCGGGTTCTGCTTCGTGGCGGTCACGATGCCGTTCGCCACGTCGTCCGTGCGCGTGATGCCGCCGAAGATGTTGAACAGGATCGCCTTCACGCTCGGATCCGACGTGATGATGCGCAGCGCGTTGACGACCTTCTCGGGGTTCGACGAGCCGCCGATGTCGAGGAAGTTCGCGGGCTCGCCGCCGTAGTACTTCACGAGGTCCATCGTCGCCATCGCGAGGCCGGCGCCGTTCACCACGCAGCCGACGTTGCCATCGAGCTTGATGAACGTGAGGTTCGCCTTGCGCGCGTCCACCTCGCTCGGCGCCTCGGAGCTCTCGTCCCGCAGCTCCTCGAGGTCGTGGCGGCGCTCCAGCTCGTTGTCGTCGATCACCATCTTCGCGTCGACGGCGATCACCTCGCCGTTAGGCGTCACGACGAGCGGGTTGATCTCGGCGAGCGAGCAGCCGTTCTCCACGAACGCCTTGTACAGCTGCTGCATGATCTTCGCGGCCGCGCGCGCCTGCTTCGCGTCGCCGTACAGGAAGAACCCGAGCTGCTGCGCCTCGAACGGCTGCAGGCCGAACACGGGATCGACCGCGTAGTACTTGATCTTCTCCGGCGTCGACGCGGCGACTTCCTCGATGTCGATGCCGCCCGCCGCGCTGACCATGAACACCGGCTTCTTCGTCGCGCGGTCGACGATGATGCCGACGTACGCCTCGGTTCCGATGTCGGCGGCCTCGGCGACGAGCACCTTCTCCACCGTGAGCCCCTTGATGTCCATGCCGAGGATCGCCTGCGCCTTCTCGCGCGCGACCTCGGGCGTCGGGCAGTACTTCACGCCGCCCGCCTTACCGCGCCCGCCGGCGTGCACCTGGGCCTTCACCATCACCGGCTTTCCGATGCGGCGCGCGATCGCCTCGGCCTCGTCGGGCGTGGTGGCGACCTCGCCCGGCGGGATCGGCACACCGTAACGACGAAGGATCTCCTTCGCCTGGTACTCGTGAATGTTCACTGGTGACTCCGAGAGTGTTAGGCGCTGCCATGATGGCAGAAGACGGG
NZ_CP007128.1_gap88	3805708	3810095	4387	TCGCGTAGGCGGGCGAGAGCGCCTCGACGAACACGCGCAGGAATGCCGCGAACGCCGCCGCCTTCACGGACGCGGCCATGAACGCGGTGTACGGCGTCGGGGCGCCGTCGTACGCGTCGGGCGCCCACATGTGGAAGGGCGCCGCCGCGACCTTGAAGCCGAAGCCGACGACGAGCAGCCCGATGCCGATCTTCAGCATCGGCGAGTTCAGCGTCGCAGGATTCGCGAGCGCCGCCGAGATGGCGTCGAAGCGCGTCGCGCCGGACGCCCCGTAGACGAGCGCCATGCCGTACAGCAGGAACGCGGAGGAGAACGCGCCGAGCAGGAAGTACTTCAGCGCGGCCTCCGCCGACCGCGCGCTCCGCCGGTTGATCGCCGCGAGCGCGTACACGGCGATCGACATCACCTCGATTCCGAGGAAGACCAGGATCAGGTCGCGCGCCGCGGCCAGCAGCATCATCCCCTGGGTCGCGAACAGCACGAGCACGTGGGTCTCGGGCGACGTGATCGCGGCGCGCCGCTGGGCCTCGATGGCGAGCGGGATGGTGAAGATCGCGCCGACGAGGAGGATCGCGTCGACCGCCCACCGGAAGTTGTCGGTCGCGATGATCCCCTGATCGATGCTCGGCGTCGCCCACGCCGACCAGCCGACGACGGCGAGCGTGATCGCGAGCAGCGCGACGCTCAACGCGCCAACGCGGTACTGGTGCTCGTCGCTCTGTCGCCGCCATCCCGCGAGCAGGACGATGAGCAGCGTGCCGGCGCCGAGCACCAGGTCCGGGATCAGCGCGCTCGCGAGCGACCGCGGATCGAGTAGCGTGGCGCCCACGTCAGCGCCCTCCGTCCGTCGCGCCCGACGTCCGCGCGACGGCCTGGACTTTCACCGGAGCCGTGCCGAGCGCCTGCTCGGCCGCGCGCGACTCGACCTGATGCACCAGGCGCGCGAGCGTCGGCTCCATTCGCCGGAGGAACGGCGCCGGGAACACGCCCATCACCACGATGAACCCGCAGAGCGGGATCAGCATGATCGCCTCGCGGAAGTTCAGATCCGGCAGCCCGCGGTTGCGCGCGTTGTTCAGCGGATTGAACAGCACCCGCTGCACGCACCAGAGCATGTAGCACGCGGAGAGGATCACGCCGAGCGACGCGACGAGCGCGAGCACCGGGTAGCGGGCGAACGAGCCGAGGAGGACGAGGAACTCGCCGACGAACCCGAACGTCCCCGGCACCGCGATGCTGCTCAGCGTCGCCGCCATCAGGCAGGCGCCGTAGAGCGGCATGACGCGGGCGATGCCGCCGAACTGCGACAGGTCGCGCGTGTGGCGCCGGTCGTAGAGCATGCCGACCATGAGGAACAGCCCCGCCGACGACAACCCGTGCGCGAGCTGCACCATCATCGCGCCCTGCAGGCTCTCCGTGGTGAGCGCGAAGATGCCGAGCGTGACGAACCCCATGTGACTGACCGAGGAGTACGCCACCAATCGCTTGAAGTCGGTCTGCACGAGCGCCACGAGCGCGCCGACGATGATGCTGATGATGCCGAGCGCGAGGACGATGTTGCGGACCGTCGAGTTGAGCACGACCCCCGGGAACAGCGGGAGGATGATCCGCATGAAGCCGTACGATCCCATCTTCAGCAGGATGGCCGCGAGGTCCACGGATCCCTCGGTCGGCGCCTGCACGTGCGCGTCGGGGAGCCACGTGTGGAACGGCCACATCGGGATCTTCACGGCGAAGGCGGCGAAGAAGCCGAGGAACAGCCAGAACGACTCGCGCGCCGTCGGGCGGAAGTACTGGAGCGCGTTCTCGAACAGGAAGCTCGGCCGATCGACCGACTGGGCGCCGGCCGCGAGCATCGCGTCGCCGGTCTTGAAGCCGATGTAGAGGATCGCCACGAGCATGAACAGCGATCCGATGAACGTGTAGAGGAAGAACTTCAGTCCCGCGTACACGCGCCGTTCCCCGCCCCACACCCCGATGATGATGAACATCGGGATGAGCACCAGCTCCCAGAAGAAGTAGAACATCACGAAGTCGCGCGCCATGAACACGCCGAGCATCCCGGTGGTCAGCACCAGGAACAGGGCGTGGTAGCTGTGCACGGCGCGGTCAATGTTCGTCCAGCTCGCGAACGCGGCGATCGGGAGCAGGAACGTCACGAGCAGCACGAGGAACAGCGAGATGCCGTCGATGCCGAGCGACATCGACACGCCCCACTCCGGGATCCACGCCCACGTGCTCGTGAACTGGAACGCGGCGCCGTTCGGCTCGTAGGTGAACCACATCCCGAGCGAGAGCAGGAACTCGAGCTCGAAGATGACGAACGGCAGCCACCGCGCGAACGCCTCGAACTGTCGCCCGAAGTGCCGCGTGCGGTACTCGTAGATGCCGTGCAGCCACGTCAGGATCGCGCCGATCGCCGGGAGGAACAGCAGCGTCGGCAGGATCCACTTGTCGTAGCCGATGGACAGCAGGAAGTCGCGGATCGCGTTGAACATCAGGGTGTCGATCGCGTTACCGGAGGGTGAAGGCGCCGAGCACCACGATGACGCCGATCAGCAGAACCCACGCGTAGTTGCCCACCTGCCCCGACTGGAACCGCGAGCCCATGAACGCGAGGAGCTGCGGCAGCTTCGCGCCGATGCCGTTCACGAACAGGCGATCGATGATCCCCATGTCGAGCCCCTGATACAGCACCTTGCTCGACGTCTCGAGCGTGGGGCGGACGATGGCACGGTCGTACAGCTCGTCGACGTAGAACTTGTCGCGGAGCACGCGCTCCACGCCCTGCTCCTCGGGCGCCTCGTCCTTCGGCACGAGCCGCTGCGGCTTCAGCACGACCGCGGCGATCGCGATGCCGACGAGCGCGATGAGGACCGCGAACCCGACGAGCGCGTACTCGGTGCCGTGCGGGATCTCCGGCGAGTCCGCCGCGATGCGCCGCGTCGCCGCGCCGACGACGGGCTCCAGCCAGTGCTCGAGCCCCTCGACCGGTCCGAGCGGCAGCAGCGCCGGGAGGTTGAGCCACCCGCCCACGACGCTCGCCACCGCGAGCACCACGAGCGGCAGCGTCATCGTCCATCCCGACTCGTGCAGGTGGTGGCGTACGAGATCCCCGCCGGTGCGGTTCGGCCCGAAGAACGTGTAGATCATCATCCGCGACATGTAGATCGCGGTGAGCAGCGCCGTGACGATCCCGAACGCATAGACCAGGTACAGCCACGCCGAGCCCGAGACGCCGAGCAGCGACGCCTGCGCGAGCAGCGACCCGTCCGCGCGCGCGAACGCGCTGGAGAGGATCTCGTCCTTCGAGAAGAACCCCGCGAACGGCGGCACGCCGGCGATGGCGAGCGTCGCGATCCCCATGGTCGCGAACGTGATGGGCATGTAGCGCCGCAGCCCGCCCATGTTGCGCATGTCCTGCGCGTCCTCGTCGACGCCCTCCTCGTGGAAGGCGTGGTGCACCGCGTGGATCACCGAGCCCGCCCCGAGGAACAGGAGCGCCTTGAAGAACGCGTGCGTCACAAGGTGGAAGATGCCCGCGGTGTACGCGCCCACGCCGACGGCGACGAACATGTAGCCGAGCTGCGAGACGGTGGAGTACGCGAGCACCTTCTTGATGTCCCACTGCTTCAGCCCGATGAGCGCCGCGAACAGCGCCGTCAGCGCCCCGACGAGCGCGACGACGAGGCTCGCGACGGGGGCCGCCGCGAAGATGGCCGAGCTGCGCGCGACGAGGTACACACCGGCCGTCACCATCGTCGCCGCGTGGATCAGCGCGGACACGGGCGTCGGGCCGGCCATGGCGTCCGGCAGCCACACGTAGAGCGGGATCTGCGCGCTCTTGCCGGTGCAGCCGAGGAACAGGAACAGCGCGATCGCGGTGACGACCGCCGTCCCGACCGGCTGTGCCGCGACCGCCGCCGAGACCGTGCCGAAGTCGAGCGCCCGGAAGTTCCAGAACATCATGAACATCGCGATCAGGAACCCGAAGTCGCCGATGCGGTTCACGACGAACGCTTTCTTGCCCGCGTCCGCGTTCGCCTTTTCGGTGAACCAGAACCCGATGAGGAAGTACGAGCAGAGCCCGACGCCCTCCCACCCCACGAACATCAGTGGGTAGTTCGCGCCGAGCACCAGCACGAGCATGAAGAAGACGAACAGGTTGAGGTACGCGAAGTATCTCGCGTACGCCCCGTCGTCGCGCATGTAGCCGACGCTGAACAGGTGAATGAGCGTCCCGACGCCGGTGATGACGAGCGTCATCACCATCGACAGCTGATCGAGCTGCAGCGTCACGCCGACGTCGAGCGTCCCGGCCGACATCCAGTCCCAGTAGCGCGCGAGGAACGGCGTCTCCGGGTGCGTGCGCAGCATGGCGAAGAAG
NZ_CP007128.1_gap89	3822244	3825672	3428	TTCGTCGAGCCGAAGTAGTTGCCGATCGTGTTCGGCAGGATGAAGTAGCCGTCGCTGAGCCCCTGCATGAGCGCCGACGCGCCTAACCGATTCGCCCCGTGGTCGGAGAAGTTCGCCTCGCCGCCGACGAACAGGCCGGGCACGGTGCTCATCAGGTTGTAGTCGACCCACAGGCCGCCCATCGTGTAGTGCACGGCGGGGTAGATGCGCATCGGCACCTTGTACGGATCCTCGGCGGTGATCCGCTCGTACATCTCGAACAGGTTGCCGTAGCGCTCCTCGATCTTCTTCCGGCCGAGTCGCTGGATGGCGTCGCGGAAGTCGAGGTACACGCCGCGGCCGCCCTCGCCGACGCCGCGTCCCTCGTCGCACACCTGCTTCGCGGCGCGGCTCGCGATGTCGCGCGGCGACAGGTTGCCGAAGCTCGGATACTTCCGCTCGAGGTAGTAGTCGCGATCCTGCTCCGCGATGTCCTCGGGGCGCTTGCCGCAGTCCTCGCGGCGCTTCGGCACCCACACGCGGCCGTCGTTGCGGAGCGACTCCGACATCAGCGTGAGCTTCGACTGATACTCGCCGTGCACCGGGATGCACGTCGGGTGGATCTGCGTGTAGCACGGGTTGCCGAACGCGGCGCCCTTCTTGTACGCGCGCCAGATCGCCGTCGTGTTGCACCCCTTCGCGTTCGTGGAGAGGTAGAACACGTTGCCGTAGCCGCCCGTGCACAGGATCACCGCGTCGGCGACGTGCGCCCGCACCTCGCCGGTCATCTGGTCGCGCACGACGATGCCGCGGGCGCGCCCGTTGACCACGATGAGGTCGATCATGTCGGTGCGCGGGATCATCGTCACGCCGCCCTTCGCCACCTCCTTCTCGAGCGCCTGGTAGCAGCCGAGCAGGAGCTGCTGGCCAGTCTGCCCGCGCGCGTAGAACGTCCGAGAGACCTGCGCGCCGCCGAACGAGCGGTTGTCGAGCAGCCCGCTGTACTCGCGGGCGAACGGCACACCCTGCGCGACCGCCTGGTCGATGATGTTCAGCGAGTTCTGCGACAGGCGGTACACGTTCGCCTCGCGCGCGCGGAAGTCGCCGCCCTTGATCGTGTCGTAGAACAGGCGGAAGACGGAGTCGCCGTCGTTGTGGTAGTTCTTCGCCGCGTTGATGCCGCCCTGCGCGGCGATGGAGTGCGCGCGGCGCGGCGAGTCCTGGTAGCAGAAGCAGGTGACGTTGTAGCCCAGCTCACTCAGCGACGCCGCCGCCGCCCCGCCGGCGAGCCCGCTGCCGACGACGATGACGTGATATTTCCGCTTGTTGGCCGGGTTCACGAGCTTCATGTCGAAGCGGGCCTTGTCCCACTTCTGCTCGATCGGTCCGTCGGGGATCCGTGCGTTCAGTTCCATGAGGTCACCGCGGTGCGGCAGGCGCCGCGGAAGTTGGGGCATCGGCGGGCGCCTGCGCTGCCGGCGCGAGCACCGTCATCGCGCCGCCCGGGGCCGTGTCGCGCACGGCGCCGAAGAACACCGCGAGCGGCACGATCGTGAACCCGGCCCACACGATGAGCGCGACGACGAGCGCCGCCGTGCGGTGCAGCGGCACGCGCGACGGCTTCGCGGCGCCGAGCGTGCGGAACGAGCTCCAGAAGCCGTGATACAGGTGCAGCCCGAGGAACACCATCGACACCACGTAGAACAGCGTCCACAGCGGGTTGCGGAAGGCCAGCAGCAGGTTGCGGTACACGTCCACGCCGCCTAACGGGTCGGTCTGGTCGTAGCCCGGGAACGCGCGGACGGTGAAGTGCAGGATGTGCAGGATGATGAACGCGAGGAGCAGGAACCCGCCCACCCGCATGGTGCGCGACGCGAGCGTCGAGACCTGCGGCTCGCGTCGGTGATACGCCTGCGGCCGAGAGGCGCGCGCCTGGGCCGTGAGCTGGGTCGCCGCCACGACGTGCAGCACGACCGCGGCGAGCAGTCCCGCCCGCACCAGCCACAGCTCGGTGCCCACGGTGTGGTGCAGGAAGCGGCCGTACGCGTTGATCTTCTCCGCTCCCTCGAACACCTGCAGGTTGCCGATCATGTGGCCGAGGACGAAGGCCACGCCGATCAGCCCCGTCACCGCCATCACGATCTTCTTGCCGATCTGCGACCGCCAGAATCTGCCGACGATGTTCATGTCGCGTGTCTGATTGCCCGTTCTTCTTTCGTGAGACGAGCCACGAACGAGACGCCGCCGGTGAGCCTGTCGCTCCCGGCGGCGCTCCGTCGCGGCTCAGAGGCTGATCGCGGCCATCGGCTCGCGAACCGCCTGCGCGCTCTTCTCGAGCGCTGCCCGCTCCGCGTCGGTGAGCTCCACCTCGATCACCTGCTGCAGCCCGCCCTTCCCGAGCTTGCACGGCACGCCGAGGTAGAGGTCCGACATCCCGTACTCGCCCTGCAGCCACGCCGCGCACGGCAGGATGCGGCGCTGGTCGAGCACGATCGCCTCCACCATCTGCACGGCGCCCGCCGACGGCGCGTAGTACGCGGAGCCGGTCTTCAGGTGCTTCACGATCTCCGCGCCGCCGTTGCGCGTGCGGTCGACGATCGCGTCGAGCTTGTCCTTCGCGAGCAGCTGCGTGACCGGGATGCCGCTCACCGTCGTGTAGCTGATGAGCGGAACCATCGTGTCGCCGTGGCCGCCTAACACCATCGCCTGGATGTCGCGCACCGACACGTCCATCGCCTCGGCCAGGAACGCGCGGTAGCGCGCGGTGTCCAGCACGCCGGCCATGCCGAGCACGCGCTCGCGCGGGAAGCCCGTCACCTGCTTCGCGACGTAACACATCACGTCGAGCGGGTTCGACACGACGATCACGATCGCGTTCGGCGACGAGCGCGCGATCTGCTCGCTCACCTGCTTCACGATGCCCGCGTTCGTGTTCAGCAGATCGTCGCGCGACATGCCCGGCTTGCGCGCGATGCCGGCCGTGATGACGACGACGTCGGAGCCGGCCGTCTCCTCGTAGCCGTTGGAGCCGATCACGCGCGCGTCGAAGCCCTCGATCGGCGCCGACTGCCACTGGTCGAGCCCCTTCCCCTGGGGAATGCCCTCGGCCACGTCGACCATCACGACGGTGCCGGCGAGCTCCTTCTCCGCGATACGCTGCGCGGTAGTCGCGCCGACGTTGCCGGCGCCGACCACCGTGATCTTGTTGACCATGTGGTCCGCTTGGTGGAGTGAAGTGGGGACAGCCCCGTCAAGGTATTTTGACGGGGAGGTCACTTCAACCGCCCACCTGCGACAGCGCGCGGAGTCCGCCGACGCGGCGCGAGAGCAGCGCGTGCTCGAGCGGCTTCGCGGCCAGCGCCGCGCGCACGAGCGGCGCGAGCGGCGCCCCCGCGCGCAGCGCCTCGCGCAGCGGCACCTCGTGATCGCCGTACAGACAGGTGCGGAGC
NZ_CP007128.1_gap90	3836016	3838891	2875	GACGATCACCACGCCGACGTCACGCGGGGCGCCGTCGTGGGTGCGCGGCTCGGCGCCGGGCCGCGACGTGATCGCGGGCGGCGGCACGACGCGCCGCGGTGGGATGGTGCCGCCTAACGGATCGGTCATCCGCCGAACACGCGCTCGAACAGCTCGCGCACGGTGCGCACGCCGACGGCGCGGATGTCGCGCGGTCCGCGCTTCGGCACGCCGCGCTCCGCGACGTAGGCGGTCGTCATCCCCATCTTCGCCGCTTCGGCGAGGCGCCGCTCGGTCTGCGACACGGGGCGGATCTCGCCGCCTAACCCCACCTCGCCGATGAACGCCGCCTCGTGCGGGAGCGGGCGGTCGTACACGCTCGACGCGAGCGCCGCGGCGACCGCGAGGTCGCCGGCCGGCTCCTGCAGCCGCATGCCACCGACGACGTTCAGGAACACGTCGAGCTGCGAGAAGTTGAGTCCCGCGCGCTTGTCGAGCACCGCGAGCAGCAGCGCGAGCCGGCGGCCGTCGTAGCCGGTGGCGACGCGCTGTGGCGTGCCGTATCCCGCCTTCGCGGCGAGCGCCTGGATCTCGACGAGCACCGGCCGCGTTCCTTCGAGCAGCGCCGTCACCGCGCTCCCCGAGGCGGTGTTCGTGCGGTCGCCGAGGAAGAGCTCCGACGGGTTCTCGACGGCGACGAGGCCGCCCTCCGTCATGCGAAACACACCGATCTCGTCGACGGAGCCGAAGCGGTTCTTCGTCGCGCGCAGCACGCGGTGATCGAGCGTGCTCTCGCCCTCGAAGTAGAGCACCGTGTCGACGATGTGCTCGAGCGTCTTTGGTCCCGCGATGCCCCCGCCCTTCGTGACGTGCCCGACGACGAACGTCGCGGTGCCCGTCTCCTTCGCGAAGCGCATGAGGCGCGCGGCGCACTCGCGCACCTGCCCGACGTTGCCCGGCGCACCCTCGAGGTCCTGCGTGAACACGGTCTGGATGGAGTCGACGATCATGACGTCGGGCTGCTGCGCCGCGCCGGTCGCGATGACGGTCTCCAGCAGCGTCTCGCTGAGCAGCGACACGTCGCCCGCGCTCTCGGCCATGCGATCGGCGCGCAGCTTCACCTGCAGCGGCGACTCCTCGCCGGAGACGTAGAGCGCGCGCTGGCCGAGCGCCTGCACGCGCGCCGCGATCTGGAGGAGCAGCGTGGACTTGCCGATCCCCGGCTCGCCGCCGACGAGCACCATGGATCCCGGCACGATGCCGCCGCCGAGCACGAAGTCGAACTCGCCGAGGCCCGTGCGCCAGCGCCTCGCCTCGGAGCCGCTGACGTCGCGCAGGCGGGGCGTGACGGCGACGTTGCCGCCTTCGGCCATCGACGAGTGTCCGCCCATGCGGCGCGCGGCGCCGCCGCCCTTCGCCGCCACCGGCTTCGGGGCGGCCATCTCCTCGACGAGCGTGTTCCATTCGCCGCACGTGTCGCAGCGCCCCTGCCACTTCGCGTACTCGGCGCCGCACTCCGTGCAGCGGTACACGGTCTTGGTCTTCGTCGCCATGCCTCAAGATACCCCGAGGACGGCCCGAAGGTACACCGTAGGAACGCGAGGGGTGCTGGGAGAACGCGTGAGAATGAAGCGCCCGCCCTACTCGCCTCCGCCCTGCCAGGCCCCGCGCGCCACGCTCTCGAAGCGCGTGTACTGCTTGTGGAAGTACAGCGGCACCGACCCGATCGGGCCGTTGCGCTGCTTGCCGATGATCACCTCGGCCTTCCCCTCGATCGACGGGTCCTTGAGCTGGCCGTTCTCGCGCTCCGCGTAGACCTCCTCGCGGAACAGGAACATGATGAGGTCCGCGTCCTGCTCGATGGCGCCGGACTCGCGGAGGTCGGAGAGCACCGGGCGTCCCTTCTCCGAGCCCGCGCGCTGCTCGACGGCGCGCGAGAGCTGCGACAGCGCGACCACGGGGACGCTCAGCTCCTTCGCGAGCGCCTTGAGACCGCGCGAGATCGTGCTGACCTCCTGCTGCCGGTTCTCCATGCCGTTAGGCACGGTCATCAGCTGCAGGTAGTCCACCACGACGAGGTCGAGGCCGTGGTCGGCCTTCAGGCGCCGCGCCTTCGAGCGCATCTCCATGATCGAGATGCCGGGCGTGTCGTCGATGAACACCGGCGCGTGCGACAGGATGCCCGCCGCGCGCGCGAGCCGCGGGAAGTCGTCGTCGCGCAGGCGGCCCTTGCGCAGGGTCTGCGCGTCGATGCGCGCCTCGCTCGTGAGCATGCGCTGCACGAGCGAGTCCTTCGACATCTCGAGGGAGAAGAACGCGACGGTCTTCCGCTCGGTGATCGCGACGTGCTGGGCGATGTTGAGCGTGAACGCGGTGTTGTGCACGCACACGTCGTTCGCCACGAAATTGTGCGTGTCGGGGATCGTGAGGTCGTAGACCTGCTTCTCGCCGACCGACTCGATCGAGACGATCTCGTCCCAGTAGACGTCGCCCGCCGACAGCTCGCGCAGCTCGTCGTCGTGGAGCGCGAGCGCGAGCGCCGCGAGCCGCTCGCGCGTGGGAGCGCGAACGCCCGCGTGGACGTTGCTGGTCCCGCGCAGTCCCGCACGTCGCGCGAGCGACGCCCAGCTCTCGCGGCCCTTCGAGACGGCGATCCGGTCCCACACTTCCACCGGGACGAGGTCGCGGTTCGTCTGGTATCGCCGCCCATCGATGGCGGACACCGCGGCCGCGAGTGCCTCCTCCTTTCCGAAGATCCCGATCTCGCCAGCGAAGGTGCGGATCGCGCGCGCGTCGGTGATGTCGAGCTGCCACGCGCTGCGCCGCTCGTCGCCGTACTTCACCGCGCGCCGCCGCAGCGCCGCCACGACGCCGAAGCGGAGCAGCACGTGCTGCA
NZ_CP007128.1_gap91	3846437	3849739	3302	CGGCCGGCGCGGCGACGGTCACCGAGTCGCGCTTCGTGCGCACCGTGTCGGGCCTCGCCGGACGCCGCAGCGTGTCGCCGGGCTGCTGCGGGCGGCGCACCGTGTCGGCGGGCACCGGCGGCTGCGGCCGCGTGGGCTGGGCGACGAGCCCGACGGCGATGATCACCTGCAAAACGGCCCCGGCCACGAGGCCGAGGCCGGAGCGTGCGAGTCGTGCGAACGTGCCCGTCAGCGCACCCTCCCGCGCACGAACTCCACGAACGTGCCGGTGGGCGTCCCCGTGGGTCCCTTCGGCAGCGCGACGAGGTCCGATTCCGAGTACGCCGTGCCCGCGACGTCGAGGTGCACCCACGGGTAGTCGGTGAACTCACGGAGGAACCACCCGGCGGTGATGGAGCCCGCGGCGCGGCCGCCGGTGTTCTTGATGTCGGCGACGTCGGACTTGATCTGCTCGCGGTACTCGTCCCAGAGCGGCAGCTCCCAACCCGGCTCCGACGCGCGGCGGCCGGCGGCGAGCACCTCCTGCACGAGCCCCGCATCCGACCCCATCACGCCGACGGCGTTGTGGCCCAACGCGATCACGATCGCGCCGGTGAGCGTCGCGGCGTCGATGACGGCCGTCGGCTCGAAGCGCTTCACGTACGCGAGGCAGTCCGCGAGCACCAGCCGCCCCTCGGCGTCGGTGTTGATGATCTCGATCGTCTTCCCCGTCGACGCGCGCACGACGTCGCCCGGCTTCACCGCGGTGCCGCTCGGCATGTTCGTCGTCGCGCCGATCACGCCGACGACGTTCACGGGCAGCTTCATGCGCGCGATCGCCTCGATGGCGCCGAGCACGCCCGCGGCCCCGCACATGTCGAACTTCATCCACTCCATCCGCTCGGCCGGCTTGATCGAGATGCCGCCCGTGTCGAAGCAGAGTCCCTTCCCGACGAGCGCGACCGGCTTCGCGTCGCCGGCGCCGCGGTACTGGAGCGTGACGAGCTTCGGGTCTTCGGGCGTCGCCTGCGCGACGCACAGGAACGAGCCCATCCCCTCCTTCTCCATCTCGGCCCGGCCCATTGCCGACGCGGTCACGCTGTCGAAGCGCGACGCGATGTCGTTCGCCGTCTCCACGAACGTGTCGGGTGTGCAGACGTTGCCCGGCATCATCGCGAGCCGACGCGCGACCGCGTAGCCGTGCGCGAGCGCGATGCCGTCGTCGAGCCCGCGCTGCGCCGCGCGGTCGGCGAGGATCGTCGCCCGCTCGAGTGTCGCGCGCCGCTCGCTCTCCGGCGGCTGCGTCTGCATGTCGGTGTAGCGCCAGGCGCCCATGTCGAGCCCCACGGCGATGCTCTCGACCGCGCGCGCGTCGGCGTCGGGGGCGACGAACGCGAGCTCGCTCACGCCGATCTTGCTCGCGAAGCGCGCGGCGATCGACGCGGCGCGCCGCAGCGCGACGGCGCGGTCCGTCGCCTTGCCGGTGCCGACGAGCAGCACGCGCTGCACGCCGCGCTCGCCGCCGCCGAGGTGCAGCGACTCGTCGCGGCCGCCGCGAAAGTCGCGGCGGGCCAGCGCGCGCCCGACGACGCCGTGCAGCGTGCCGTCGAGCTCCGTCAGTGTCGCGGGGAGCGGCTCGTCGGCGCCGAGCGCGACGACGAGCAGCGGGGTGTCGAGCGCGTTAGGCGCGGCCTGCGAGAGCGACAGCGTCAGCGGCATGGGAGTGTGCGGAAGAAGGTCGCGGCGTGGCGCGAAGTCAGGCGCGCATCCCGGCGATGATCTCGTCGCCGAAGCCGGAGCACGAGACCTCGGTGGCGCCCGACATCTGCCGCGCGAGATCGTACGTCACGCGCTTGCGGCCGATCGCGTCCTCCATCCCCGCCACGATGAGCTTCGCGGCCTCGTCCCAGCCCATGTACTCGAGCATCATGACGCCGGACAGGATCACCGAGCCCGGATTCACCTTGTCGAGCCCCGCGTACTTCGGCGCCGTGCCGTGCGTCGCCTCGAACACCGCGAGCCCGTCGCCGACGTTGCCGCCCGGCGCGATGCCGAGTCCGCCCACCTGCGCGGCCGCGGCGTCGGAGAGGTAGTCGCCGTTCAGGTTCGGCGTCGCGATCACCGAGTACTCGTCGGGGCGCAGCAGCAGCTGCTGGAACATCGCGTCGGCGATGACGTCGTTCACGAGCGGGCCGCCGTTCGGCAGCTGCGTCCACGGACCCTTGTCGACGACGGTGCCGCCGAAGTCCTTCGCGACCTCGTAGCCCCAGTCGCGGAACGCGCCCTCGGTGAACTTCATGATGTTGCCCTTGTGCACGAGCGTCACCTTCGGACGCTTCGTCTTCAGCGCGTACTCGATCGCCATCTTCACGAGCCGCTTGGAGCCGAACGCCGAGATGGGCTTGATGCCGATGCCCGAGCCCTCGCGCACGTCCTTGCCGAACTGCTCCTTCAGCAGCCCGCGCAGCTTCTCCACCTCGGGTGTACCCGCCTTGAACTCGATCCCCGAGTACACGTCCTCGGTGTTCTCGCGGAAGATCACGACGTCGACCTTCTGCGGCTCCTTCACCGGCGCACCGACGCCCTCGAAGTAGCGCACGGGACGAATGCACGCGTACAGGTCGAGGATCTGACGCAGCGCGACGTTCAGCGACCGGATCCCGCCGCCGACCGGCGTCGTGAGCGGCCCCTTGATCGACACGCGGAACTCGCGCATCGCGTCGATGGTCTCCTCGGGGAGCCACTCGGTGGTCTTCTGGACCGACTTCTCGCCCGCGTACACCTCCATCCACGCGATCTTGCGCTCGCCGCCGTACGCCTTCTCCACCGCGGCGTCGAACACCTTCTGCGACGCGCGCCAGATGTCGGGACCGGTGCCGTCGCCCTCGATGAACGGCACGATCGGCCGGGCGGGTACGTGCAGCGTGCCGTTGGCGAACTCGATGCGGTCGCCGGAGGGAATCTGCGCGAAGCGGTACGTCGCCATGATCGACTCGTATACGGAACGGGCGGGCGGCGCTCGTGGCGCGCCCGCCGGAATGGAAGACCCGACGTGCAGACGTCGGCGCCCGCTCACCGGCGCGACGCGCCGGAGCGGCCGGAAACCTAGCGGGCTGGCCACGGCGGCGGCAAGCGAACGCGGGACGTCCGTTTCGCCGCGTTCCGTCCGCGTGGCCGTGCGCCGCTCGTCGACCTGCTGGCCGTCGCGATGGCTGTCGCGCGCCCCCGCGCCGGCGGCCGGGGACGTGATGATCTCCTCGCCCGCGCTCGGCGCGAGGATCTGCACCTCTCGGCGCCGCGGCACGAGGCCGAACGCGACCGCG
NZ_CP007128.1_gap92	4043494	4046908	3414	GCACACCGCGACGAGCCGGCCGAACCCGAACGCGACGATCACCACGCCCACGATCCCCGCGCTGAAGTAGCCGAGGCTCACGACGTCCACCGGGATGCCGCCGAGCAGGTCGCCGAACAGCGACGTGTTCACCGTCGACACCGACGGCGTGTGGCGGATGTTGAACAGCCGCTGCGGGATCAGGTACACCACGGCGAGCGGGAAGTCGAGGAACCAGCGATAGGCCTCGCGCGTCGGCACCGACACGATCACGTTCGCCAGCGTCACGTCCGGGAACGCGAACTCCAGCAGGAACAGGTTCAGCGCGTAGAAGCTGTCGGTGCGCAGCGACGCCCACTGCCGCGCGAGCAGCCCCGGATCGGACACGACGAGGAAGAGCTGACGGCCGAACAGCACGAGGGCCGCGAACCCGAGAAGCCCCAGCACGACCGTGCGCGCGCGGATGCCGCCACGCCGCACCGCGCCCGCCGTCGGGAACGAGACGAGGTACGCGACGAGCTGCAGTCGCCCGGCGTGGTGGAACAGGATCGCGAGCGACATCACCACGGTGACGGCAAGCATCACCATCGCCGCCGCGCGCCGAGCACGCCGACGCTCGTCGATCGTGACGGCGTAGAAGCAGAACGATGCGCTGAGCGAGAACAGCGCGACGTTCTTCAGGAACGCGAACGCGGATTCCGTCGGCGGCTCGCCGCCGCGCGCCGCGACGCCGGAGATGAGGAACACGAGCCAGCCGCCGATCTGACTGACGTACAGCAGCAGCGCGCCGCCGCCGACGATCGCGAGCACCACGCCGGCGAACATGACGTAGCCGGGCGACAACGACGCGAGCCCTGCGCCCTTCGGCCGGCCGTTCGACACGGGCGCGGCCGGCGCGCGCCGCGGACGCCGCATGCCGCGGTGGTAGCCGGCGACGATGCACAGGTACGCGACGAGCGACGTCGTCGACGCGAGCGCGAACGGCTCCGAGCCGAACGGGTTCGTGAACACCCAGTCGAAGCTGCGCTCCGGGAACGAGCGCAGGTCCACCGTGGACAGGTAGAGCGGCACGACGACGAACGCCATGAAGTACACGGCGCTCGTGAAGCGCATGAAGTCGAGCGCGAGCCACCGCGGCTGCCGCCACCGCTCGGCCACGAGGATCACGATGCCGAGCACGATCGGCATCACCATCGACAGCGCGTCGCTCATCGCGTGTCGGCGGACACGACCTTCTGTCCCGTCGCGCCGAGCACCATCGCGCGTACGCGCGCGCGCACGCCCATGACGTCGAGGGCAACGAGCGCGGCGCCGTAGACCGCCGTGCCCACCGCGGCCTGCAACAGCAGTCCGACGACGCCGTCGATCGACCGCAGCGGAAGGATCGCGGCCGCCATCGCCGCCGTGGCGAGCACGATGCGCCCGAGCTGACTCCACGGCACCGGCAGCCGGCACTCGCGCCGACCGAGCCACCAGCTCACGGTGAGCCCGACCAGATAGCCGGCGAGCGTGGAGTACGCGGCGCCGAGCACGCCGCGCGTCGGGATCCAGAGGAGATTGAGCGCGAGGTTCACCACCGCACCGCAGGCCACCGCCGCGACCTGGAGCCGCGTCTTGCGCGAGAGCTGGAACGCGATGTCGAAGTAGTAGCTCTTGAGTCCCAGCACGAGCGCGGCGAACGCGATCCACGGGAGGATCTCCCGCCCCGTCTCGCGGTACGCCGTCGCGAGCAGCGTCGTCGTGAGCGCCGGCGCGCACAGCGCGAGCCCCATGGCGGCGGGCATCGCGAGGGCGGCGAGCAGCGTGCAGTGCCGCTCGAGCTGCCCGCGCGCGCCGTGCATGCCGCCGCGCTCGAACGCGCGCACCGTGATCGGATACGCGGCGAGGTTCACCACGATCATCAGCATGCCGAGCGACTGCTGCGCGAGGTCGTAGCTCACCGCGTACACGCCGACCGTCGACGCGCCGTGATACGCGCCGAGGAACAGCCGGTCCGACGTGCTGACGATGTACTCGAACGCGAACGTGAGCGTGAACGGCAGCCCGAACACGAGCAGCTCACGCACGATGTGCCGGTCGGCGCGCCGCACCGACACGCCGCTCCACTGCCGCAGCGCGGCCCACGCGCCGGGGAGCACGAAGCTCGCGGCGAGCGCGATCACGAGCCCCTCGGCGCCGAGGCCGAGCCGCGTCAGCAGCACGCCGCCGGAGATCAGCAGCGCAGCCTTCGCGAGCGACATCATCCCGTACGTGACCGGATGCGCCGACGCGGTCGCGAACTCGAGGTTCAGCTCGAACCATCCCTGCGCGACGAGCATCGCGACGCCGGCGACGACGAGCCACGGCCCCACGACCATGCCGTTGCGCGCGAGCACGATGCCCACCGCGACCGCGCTCGGCACCACCGCGCCGACGAAGCCGAGCAGCACGCTCGAGCGCCACCGCACCGGATCCTCGCCGTGCACCGCGTTCATGCGCAGCAGCCCGAGACGCAGCCAGTAGAACCCGAGCGAGTTGACGAGCGCGGCGACCGCCACGACGAGCGCGTAGCGGCCGTACTGGTCCGGCGTCACCAGCCGCGCGAACAGCACCAGCGCCGCGAAGTTCAGCAGCCCCGGGCCCCCGCGGGCCACGAGATAGAGCAGCGTGTTGCGGATCAGCATGCGCGCTCGCCCGTCGCGCACATGGTCACGGTGCCGCGTCTCGGCGCTTGACCATGAAGATCGAGTTCCCGAACTGCAGCAGCGCCATGGCGCGGAGCCACGGCGACTTCCGCACGCGCTCCAGCACCGCGTGGCGCACACGCGAGCGCATGCCGTTCGGGGGCGGCGGCTCCAGCACGTCCAGCCGCGAGTAGAAGTACGCGAAGCCGGCCAGCCGCCCGAGACGGCACAGGTCCGCGTAGGACCACCAGTGCACCGCAGGCCGCACGGAGTAGTTCGCCAGGCGCGGATCGAAGTGCAGGTGGTGGTGCACGTACGCTTCCTTCAGCGTCTCGGGGAACCAGTTGTAGAACGGCACCCGGTACTCGAAGTTCTTGCCGGTGAGCGAGAGCCGGTACCGGTTCGTCGTGTAGATGTAGCAGACGCCGCCGGGCTCCAGGACGCGGTACGCCTCGTTGATCGTCGCGAGCGGCGAGTCCACGTGCTCCAGCACGTTCTCCAGCAGCACCACCCGGCACGACCCGTCCGGGTACGGCAGCGCCTCGGCCGCGGCCGTGGCGACACGCGACGGATCGCCGAGAAACCGGCGCGCGTCCTCCGCCATGAGCGGCACGGGCTCCACGCCGACCGCGTCGTAGCCCGCCTCGAGGAGCTGTTGCATGGCGATCGGCTTCGGGCCGCAGCCGACGACGACGACGCGCCGGCTCCCCGTCGACAGGTCGACGAGGCGGTCGATCCACCGGATGACGGCGAGCGCCTCGCTGCCGACTTC
NZ_CP007128.1_gap93	4049519	4053906	4387	GAAGCCGAGCGGGTCGTTCACGATCGTCAGCGTGCTGTGCGTGCCGCCGAGCCGCCAGCGGATCGCGCCCGTCGCGGGATCGAGCTTCGTGACCTCGCCCATGTTGCGCCACGAGACGACGATGTCACCGTCCGGCGCGACGTCGATCGCGTTCGGGTGCGCGAGGTCGTACGGCGGCAGCGCCGGCGGGTCGATGCGGTCGGCGAGCGTGAACAGCTTCGTGTCGTCGAGCGCGATGGCGCTCGCGCCGGCGGGCGTCCACGCGAAGATGCGGTGCGACGCGAACAGCGTGTCGCGCGGCCCGCCGATCGACGACAGATCGGTCGGCGATGCGGTGAAGCCGGTGAAGTACGCGTGCGATCCCGTCGTGTCGTACTGGCTGAACACCAGCTCGTGGTTGTCGGTCGTGTACGGCGCCGGCGCGGCGATGTTGCGGACGAACGACCCGTCGGGACGCAGCTCGACGTAGTAGCCCTCGGCCGGGTTCCAGCCGCTGGTGCCGCCGGTGTACACGGTGAAGTCGCCGTTAGGCTGGAGCGCCGCGGCGCCGACGCCGCCCCGGTCCTCCACGCCGCGGTACCACGCGAGCCGTCCCGTGGAGTCGAACGCGACCACCCACACCGAGTCGCCGCCCCGGTAGCCGCTGACCGCGTAGCCGGCCGTCGGCGTTCCCTGATAGTCCACGTGCAGCGACGCGAGCGCCGCGGGGAGCGCGCCCGTCGTCACGCTGAAGCTGTCCGACGCGACGAGCTGCGCACCGACCATCGTCTCCACGACGCCGCGGTACACGGTCGATGGTGCGAGGCCGAGCAGCGGCAGCCGCTGCGCGCCGCCCGTGGCGAGCCGCGTGAAGGGCGACGTGCGCGCGTCGGTCGGCGTCGCTTCGGTCCAGTAGCGCAGGCGGGCGGAGTCGGCGCGCGCCACGGTGAACGTGACCGCGGCGCCGAGCGCGTTGTTAGGCAGCCGCGCCGCGGCGATGCCGTTCGCGCGCGCGCCGGCGACGAGCTGCGCGTTCGACGCGAGCGGGCCGTCGTCGCTGCACGCGACGGCGGTGGCACAAACGACGAGAGCCGCGGAGAGAAGTCCGCGGCTCGGGCTGGAAGGCATCACTCTCGTGAACATGGGGCCTAATCAGGGGGCACGGTCTCGCTGTCACGCGTGAGACGACGAGCCAGCGCATCCGTAACACGTGCCCGCACCACCAGCGCATCCCCATCCACCCGCTGCTCCAGGACCTCGCCGTCGCGGTGGATGGTCGCAAGCATCTTGCCGTCGCTCGCCGGGATGCGCAGTTCCACGATCGGCCGCTCGCGGCGCGCCCGGTCGGCGAGCGCGCGCGCGAGCGGCTCCAGCCCGTCGGATGTGACGGCCGACACGAAAACGGCGGGCAGCTTCTCGTTGCGCGCGCGCTCCCGCAGCGCGTCGAGCATCGCCGGATCCACCGCGTCGATCTTGTTGAACACGTAGAGCACCGGCGTGTCCTGCACGCCGATGTCGGCGAGCACCTCCTCCACGACCTGCCGCTGCTCCTCCCACGCCGGGTGGCTCACGTCGATCACGTGGAGCAGCAGGTCGGCCTCGCGCGTCTCCTCGAGCGTGGCGCGGAACGAGGCCACCAGATGGTGGGGCAGCTTGCGGATGAACCCGACCGTGTCGGTCACGAGCACGCTCGTGTGCTCGCCGACCCGCGCCTCGCGCGTGAGCGGGTCGAGCGTCGCGAACAGTCGATTCTCCACGAAAACGTCACGAGCGCCGGAGAGCGCGCGGAGGATCGACGACTTGCCGGCGTTCGTGTAGCCGACGAGCGCGGCGCGGAACTCCCGCCGCCGCGACGCGCGCTGCACCTCGCGCGACCGCAGCACGTCCTGCAGCCGCTCCTTCAACACCTTGATGCGGTGGTTGATGAGCCGACGGTCGGTCTCGAGCTGCGTCTCGCCGGGGCCGCGCATGCCGATGCCGCCGCGCGTCTTCTCGAGGTGGGTCCACATGCGCGTTAGGCGCGGGAGCATGTACTCGAGCTGCGCGAGCTCCACCTGCATCTTCGCCTCGTTCGTGCGCGCGCGCGTCGCGAAGATGTCGAGGATCAGCTCCGCGCGGTCCATCACGCGCACGCCGACGGTCTGCTCGATGTTGCGTCCCTGCGCGGGACTCAGCTCGTCGTCGAAGATGACGAGCGACGCGCCGCGGTCGCCGGCCCGCTGCCGCAGCTCGTCGAGCTTTCCGGTACCGAGATACGTGGCCGGATGCGGGCGGTCGATCTGCTGGGTCAGCGTGTCCACCACCTCGGCCCCCGCCGTGTCGGCGAGGCGCGCCAGCTCCTCGAGGTGCTCCCCGACCTGGTGCCGGTCGTTCGACCGCTTCAGCGGCGCGCCGACGAGCAGGGCGCGCTCCACGGGCGGCGCGAGGTCGATCAGATCGCGTGCGATGGCTCGACTCCGTCGAACGGGGTGAAACGGGGCCGGGCGACCGCCCGACCCCGCATTCTAACGCGACGTCCGCCCGAACGACGAGAAGCTGCCCGTGCGGTCGTACGGCCGCGTGAAGTTGCCGAGCGGTGTGGCGACCGTCACATCGCCGAGCACCCGGTAGCGCACGGAGCCCGACTGCATGAGCTGCCGCCCCGCGGCCCCGAGGCCCGCGTACGTGAACGAGACCGGCAGCCGCACCTCGGTCGACTCGCCCTTCTGCACCGTGAACCGGTCGTCGAGCGCGCCGTTGCCCACCGGCGTCGAGTCGACCATCAGGTTGTACGTCAGCCGCACGCCCTCGAGCTTGAAGCCGTTCGGGTTGTACACGCTCAGCACGACGTCCGCGCTGCCGCCCGCGACCCCCAGGCCGTTGATGCGCACGTCGCGGAACGTGACGATGGGGTCCTTGAAGCCCCCCATGCCGAGCGCCGCGCACCCCACCGTGCCGGCCGTCGCGACGGCCAGCCCGACTCCCAGCACTCCGACGAATCTGCGAATCATGGTGCCTCCTCTGGTGAACGCTCGGCGTCGCCGGGAGAGGACGGCGGCGCGGTCGTCCGCGCCTTCAGCTCCGCCCACCACGCCAGTCGCTTCGCGATCTCACGCTCGAAGCCGAACGAACCGGGTTCGTAGAACGTCTGCCCACGCAGCCGCTCGGGCAGGTACTCTTGCGGGATGTATGCCTCGGGGACGGCGTGCGCATACTGGTACCCTTCGTGGTAGCCCAGTTCCTTCATGAGCTTCGTCGGGGCGTTCCGGATGTGCAGTGGCACCGGCTCGGCGGGCGTCTCGCGCGCGGCGTCGAGCGCCGCCTCCAGCGCCATGTACGACCGGTTCGACTTCGGCGCGGTCGCCAGGTAGATCGTCATCTGCGACAGCGCGAGATACCCCTCCGGCGGCCCGAGCATGCGGTACGCCTCGCGCGCCGCGATCGCCAGCTTCAGCGCCTCCGGATCCGCGAGGCCCACGTCCTCCGACGCCATCGCGATCGCGCGGCGGAACATCACGAGCGGATCCTCGCCCCCCTCGATCATGCGCGCCATCCAGTACAGCGCGCCGTTCGGATCGCTCCCGCGCAGCGACTTGTGGTAGGCGGAGAGCATGTTGAAGTGCTCCTCGCCCGCGTTGTCGTAGTGCGCGACGCGCCGCTGCAGCGCGTCCTGCGCCGCGGCGCGGTCGATCTCACCGCCGTCGCCGACCGCGTCGGCCGCCGCCTCCAGCGCCGTCAGCGCGCGCCGCGCGTCGCCGTCCGCGTGCTCGGCGAGGAACGCGAGCGCCTCGTCGGTCGCGCGCAGCGCGCGCGTGCCGAGGCCGCGCTCCGGGTCGGCGAGCGCGCGGCGCAGCAGGCCGTTGAGGTCCTCCGCCGACAGCGGCTCAAGCACGAACACGCGTGTGCGCGACAGCAGCGCGCCCGTGAGCGCGAAGCTCGGGTTCTCCGTCGTCGCGCCGATCAGCGTGATCGTGCCGGCCTCCACGTGCGGCAGGAAGGCGTCCTGCTGCGCGCGGTTGAAGCGATGGATCTCGTCGACGAACAGGATCGTCCCGCGCCCCTCGCGCTGCAGCCGCCCTTCCGCCTCGGCGACGATCTCGCGGACGCGCGGCACGCCCTCCGTCACCGCGGAGAACGGCGCGAAGTAGCGGTCGGTGTACTGCGCGACGAGCCGGGCGAGCGTCGTCTTGCCGGTGCCCGGCGGGCCCCAGAAGATCATCGACAGCACGCGCCCCTGCTCGATCGCGTCGCGCAGCGGCTTGCCGGTGCCTAACAGGTGCAGCTGTCCCACGAACTCGTCGAGCGTGCGCGGGCGCATGCGCGCGGCGAGCGGCGTGGCCGAGGCGCGGCGCGCCGCGGCGAACAACGAATCGGGTCCCCGCCCCACCGGCGGGTCTCGGCGCTTGGGCGTCACGCGAGTCCCTCCCGC
NZ_CP007128.1_gap94	4055070	4059075	4005	CGCGCGCCTCGAAGTACTCGGCCTCCTGCACGAACGTGAAGTCGTCGGCGCCCGATCGGAATCGTCGCCACACCGACGACTCGGGCTGCTTCCCTCGAAAGAGCACCGGCATCGCTCCTAATCGCGGTGAGCGAGCAGCGGCTCCGTGTCGGGCGCGCCCGCGCCCCCGAGCTGCTCGTCCAGGGTCTCGGCCAGCTGCGACTGCCACGACGCCGGCGCCACGCGGAACGTGCGCGCGGCCCGGCTGGTGTCGAGCACCGAGTACGCGGGGCGCGTCGCGCGCGTCGGATACGCCGACGACGGGATCGCCTGCAGCGGCGGCACCACGCCGCCGCGCGCGGCCAGGTTGGCGAAGATCGCCCCCGCGAACGCGTGCCAGGTCGCCTCGCCCGACGCGGCGACGTGATACGTGCCCCACGCGCCGAAGGTCGCGCTCCGGCACACGTGCGTCACCATGTGCGTCGTCGCCTGCGCCACCCATCGCGCCGACGTCGGCGTGCCGCGCCGGTCGTCGACGACACGCACGGGCGTGTCGCGCATCTCGGCGTCGGCCGCGCGGCGCAGCATCGACTGCAGGAACCCATGGCCGTGCGCGGCGAACAGCCAGCCCGTACGGATCACGAGCGAGCGCGGCGCCGCGTCGCGCACCGCGCGCTCGCCCGCGAGCTTCGACGCGCCGTACACGCCGAGCGGATTCGTCGGCGCGTCCTCCGTGTACGGCGTGCGCGCCTCGCCGTCGAACACGTAGTCCGTCGAGTAGTGCACCATCACCGCGTCGAGCCGCGCCGCTTCCTCGGCGAGGATGCCCGGCGCGATCGCGTTCACCGCCCACGCCTCGTCGCGCCGGTCCTCGGCTGCGTCGACGGCGGTGAACGCGGCGGCGTTCACGATCGCGTCCGGGCGCAGCGTGCGGAGCGTCCGGCGCACCGCGTCGGCGTCGGTCACGTCGAGCGCGGCGCGCGGCGCGGCGATCACGCGCGTCGTACCGTGGAGCGCACGACAGAGCGCGCGGCCGAGCTGTCCGTCGGCTCCGGTGACGAGGACAGCGATCGGCGTCACGCGCGCGCCTCCGTCAGCCCCACGAGCAGCGCCGTCGCCGCGTCGTACGTCGGCAGTCGATCGGTCAGCTCGGCGAGCGTCGGTGCGGCCGCATCGCGATCGGAGAGGATCGGCGCACCGTCCAGCGGCCACGTGATCCCGATCGCCGCGTCGTTCCACGCGACGGTGATCTCGTCCTCGGGATGGTAGCCTTCGGTCACTTTGTAGCCGACGACCGCGGAATCGCTGCGCACGAGAAAGCCGTGCGCGTAGCCCGCGGGAATGAAGATCTGCCGCCCCGTCTCCGCCTCGAGCCGCACCGCGCACCACCGGCCGAACGTCGGGCTCCCGCGTCGCACGTCGACGGCGACGTCGTGGATCTCGCCGTGCAGCACCGAGAGCAGCTTCCCCTGGCCGTGCGGATGCTGCAGGTGCAGCCCGCGCAGCACGCCGCGGCGCGAGCACGAGACGTTGTCCTGCACGAACCGGTGGCCCAGCCCGAGCTGCGCGAAACGTCCGCCGCTCCAGCTCTCGTAGAACCAACCGCGGGCGTCACGCGCCACGCGCGGCTCGATGAGCAGGACGTCCGGCAGGTCGAGCGGAGTCACTCGCACCGCGGAGACCGAGAGACGAAGCGGACGGCGATCGATGGCACGGGCCGGGGTTTCACGGGCGGACGAACCGACGCGCGCGTCGGGTGACGGAGTCGACCGTCGAGCATAACGTAATCGGCGGGGATGCCGGGCGCGAAAGCTCGGAGCGCGCGTCCCGGGCAAGCTCTGCGCCTAGCCGCCGAGCTCCGACAGCAACTCGCGCGCGATCGCGAGCAGCGCGTCGCGCGTGTTGAGTCGCGGATCCTCCACCACGCGCTCCAGCAGGCGCCGCAGCAGCTCGCCCACGAGCGGCCCGCGCACCCCCGGAATGGACAGCAGGTCGCCGCCGCTCACCGCGAGGTCGGCGACGTCCACGGGATCGCGGTACGCGATGCGCACCGCGCGCCGGTACAGCGCCCGCAGCGACGACGGCTCCGGCGCGACCTCGCCGAGCAGGCGCTCCGCCGCGAAGCGCGCGGCGGCGAGCCGCAGCAGCATGGGAAGGCGCGTGCGGCCCGTGGCCGCCGCCCATCGACGGATGTCGGCGTCGCGCGGCGGTGTGTCCGCGAGCAGCGCGTCGCGCACCGCGCCGCCGATCCGCCGCCAGCGGTCGGCCAGCTCGGTCGTCGCGCGCACCTTCGCGTTCGATGCGCGCAGCCGCCGCAGCGCCTCGTCCACCGCGCGGGGCTCGGCGTCGAGCCACAACGACGCGAGCCGGAGATCGAGCCGCTGCGGGCGCGCGGCGAGCGTCGGCATCGGCAGGCAGTCGGCGGTCGCGAACCGCTCGGGCTGCGCGTCGGCCAGCTCGGGCACGAGCACCCCGAGCGCGCCGCTCGCCCGCCATCGCTCGAGGGCGAGCGACGGCCGCGCGACCTGCTTCATCGTCTTCTCCAGCTCCTCGCGCACCCGCTCGGCCGACAATCGCACGAGGTGCGGTGCGCTGTCGACGATCGCGCCCCACGTCGCGTCGTCGATCGCGAAGCCGAAGCGGCCGGCGAAGCGGATCGCGCGCAGCGCGCGCAGCCGGTCCTCGCGCATGCGCGTCGCCGGGTCGCCCACCGCGCGCACGACGCCGCGCACGAGGTCGTGCCGCCCGCCGAACGGGTCGTGCACCACGTGACGCTCGGGCGAGTACGCGATCGCATTGATCGTGAAGTCGCGCCGCGCGAGATCGTCGTCGAGCGACGCGCCGAACTCCACGACGGCATGCCGTCCGTCCGTGCGCACGTCGCGCCGGAACGTCGTCACCTCGTGCATCTCGCCGTCGGAGTCGAAGATGCCTAACGTGCCGAACTCGACCCCCTTCGGGACGGTGCGGCGGAACAGCCGCCGCATCTCGTCCGGCGTCGCCGCGGTGGCGAGGTCCCAGTCGAGCTGGGGATGGTCGAGCAGCGCGTCCCGCACCGCACCGCCCACGCACCACGTCTCGAACCCCGCCTTCTCCAGCCGGCGCGCGATCTCCAGCACGCCGCGCGGCGGCGCGAGGCGCGCGGGAACGTCCGCGTCCAGGGCCGTGCGGTCGCTCACGCCGCGTCGGCCGAACGGTAGCCGACCGCGCACCAGCAGACCGGCCCGTCCTCGTCGATGCGCACACGCTCCAGCCCCGCGCGCGCCATCATGTCGCGGATCTCGGCGCGCGTGAACCGCTGCTCCAGGCGCGTCCCGAAGCGGTCCAGCGCATCCGTGCGCATCACGTACATGCTGCGGTCGCGATACGCGGCGAGCGGGAACGACCCCGGCACGCGGCCCGTCGTGCGTTCGATCAGCTTCGCGGTGCGCGCGAGCGGCCAGTACACGCCGAACGCGATCGCCTGCGACGTCAGGAGCCGCAGCCGGAACGGCATGCGCGCGATGCCGCGCCGCAGCGCGTCGCTCGCGCCCCACAGCGCACGGAACCACGCCGGCCGGTTGTCGAAGCGGTAGTAGAGGTACAGCAGCATCGGCGCACCGGGCTTCAGCGTGCGCGCGCAGGCGCGGATCGCCCCGGCCGTGTCGGGCACGTGATGCAGCACGCCTAACGAGTACAGGAAGTCGAGCGATCCGGGCGCGAACGGCAGCGCGTCGACCGAGGCGTGGTGGAACTCGACGTTCGGCGCTCCGGCGAGATTGCGCCGCGCCACGGCGAGCGCATCGTCGCTCGCGTCCACGCAGTGCAGCTTCCCCACGCGCGGCGCGGCGAGCCGCGCCCACCGCCCGGTGCCGCAGCCGATGTCGGCGCCCACGGCGTTAGGCGGCAGCTCGTCCCACGGGAACAGCCGGAAGTACGCGTCGAACATCTCCTGCAGCTCGGCACGGTCGGCCTCCTCGTACGTGAACGCCGACCACTCCGCGCCGAAACCTTCCACCGTGCGTTCGTCTACGTTCGACACGATCA
NZ_CP007128.1_gap95	4226971	4230518	3547	GCACGTTCGTGCCGTACGCGCGCACGACGGATCCGGTGGAGTCCACGATCTCGAGCGTCACCGGAGCGGCGGCCGCTGCGCGGAGCCAGTAGTCGATCGCGACGCCGTTAGGCGGGTTCGCGGCCTGCGGCTCGTCCTTCTGCAGCGGCGTGCCGTTGTCGCTCGTCGCGACGTAGTTGATCGCGTCGCTCGGCTTGAACAGGAACGCATCGGCGGAGAGCAGCGCCGGATCGAACTGCCGCAGCGGCGCGATGTCGTCGATCACCCAGAAGCCGCGCCCGTGCGTCGCGACGATCAGGTCGTCCTCGTAGATCTCGAGGTCGCGCATCGACGTCGTGGGAAGGTTGAGCTGCAGCGGGAGCCACTGCTCGCCGTCGTCGAACGACACGAACAGCGCGCGCTCGGTGCCGCAGAACAGCAGCCCGCGACGTACCCGGTCCTCCTTCACGGTGTGCACCCAGCCCTCGGCGGGGAGGCCGTTCGTGATGCGCTGCCACGTCTTGCCGCCGTCGCGCGTGCGGTAGACGTACGGCGCGAAGTCCTGCAGCTGGTGACGGTCGACGCTCGCGTACGCGGTGCCGGCGTCGAAGTGCGACGCGTCGATCATCGTCACGCGACTCCACGCGCTGACGGCCTTCGGCGTCACGTCCTGCCACGTCGCACCGTCGTCGGAGGTGACGTGGATCCGCCCGTCGTCGGTGCCGGCCCAGACGAGCGGCGCGCGCAGCGGGGACGGCGCGATGGTGTACACGACGCCGCGCTTGCCGTTGCGGTCCACGTGCTTCGCCGCGGTCTCGTCGAGGTTCGGCGGCGGCGGACCCTCGGGACGGGTGAGATCGGGGCTGATGCGCGTCCACGACTTCGCGCCGTCGGTGGTCTTGAACACGAACTGGCTTCCGTAGTACAGCGCGTGCGGGTCCGCCTTCGAGAACACGAGCGGCTGCGTCCAGTCGGCGCGCATGGTCTCGTCGGCGCGCGGCGGCACGGTGCCGTTGATCGGCACGTTCTGCGCGAGATCGTAGCGACCGCCCATGCCGCCGAAGATGATGCCGGGGTGCAGCGGGTCGCCGGCGGTGTAGCCGCTCTCGCCGCCGGCGCCGATCGGCTCCCAGTCGCGCGTGGAGATCTCGGCGAACTTGCCGCGCGACCGCACGGCGACCGCGCCGCTGTCCTGCTGCGCGCCGGTGACCCAGTACGGGAAGCGGTAGTCGACCGACAGGTGGTAGAGCTGCGCGGTGGGCTGGTTCAGCCACGACGTCCACGTCACCTCGCGCGGATCGGCGGCGCGCGCCTGACGCGTGATGACGGCGCCCTGGTCGCTCGCCACGATCGCGGTGTTCGGATCGTCCGGCGACACCCAGAACTGGTGATAGTCGTCGCCGCCCGGCGAGCCGCGGAGCACCTGCCACGTGTGCCCACCGTCCATCGACCGGTTGACGGCGACGTTAGGCACGTAGACGGTGTCCGGATCTTTCGGGTCGACCGTCACCTTCTCGAAGTACCAGCCGCGTCCCCACAGCGCGGTGTCGCCGGAGAGCTTCGTCCACGTCGCGCCGGCGTCGTCGGAGCGGAAGAATCCGCCCTGGCCCGGCGGCTGCGGCGCGGCGCCCGGCGCGTTAGGCGCGGCGGGCGCCGACGCGTTCGGGTCGGGCACGAGGCAGTCGACGACCGCGTAGACGCGGCGCGGGTTCGTCGGCGACACGGCGATGCCGGTGCGGCCGATGCCCTGCGCCGGCAGCCCGTTCGTGAGCTGCGTCCACGTGCTGCCGCCATCGGTCGACTTGAAGATGCCGCCGCCCGGGCCGTTCGTCGGCGCGTACGTGTACCAGGGCGGGCGGCGCGTATTCCACAGCCCCGCGTAGACGACCCGGGAGTCGGTGGGGTCGATCACCACCTCCACCGCGCCGACGTCGGGGCCCTTGTAGAGCACCTTCTCCCACGTGCGGCCGCCGTCGCGCGTGCGGAAGACACCGCGCGTGGGATTCGCCGCGTAGAGGTGCCCGATGGCGGCGACGAACGCGACGTTCGGGTCGCGCGGGTCGATCGCGATCTTGCCGATGTGCTGCGTGTCGTCGAGGCCGAGGTGCGTCCACGTGCGGCCCGCGTCGGTCGACTTGTAGACGCCGTTGCCGTAGCCGGCCGAGTCGCGGAGCGTGGACTCGCCGGTGCCGACGTAGACGACGTCGGGCGCCGACGGCGCGACGGCGAGCGCGCCGATCGACGGGACGGGCTGATCGTCGAACACGGGGTCCCACGTGCGGCCGCCGTCGACGGTCTTCCAGACGCCGCCGTTGACGTGCCCGAAGTAGAACTCGTGCGGTCGCCCCGGCACTCCGCTCACGGCGTCGACGCGGCCGCCGCGGAACGGCCCGAGCATCCGCCACCGGAGCCCGCCGTAGAGCCGCGCGAGCTCCGCCGCGGTCGGGGGCGCGTCGGGCGCCGAGTGCGAGCCGAGCGCGCGGGTGACCCGCGGCCCGAGGAGCGAGAGCGCGGCACCGAGCTGGCCGGCGCGCAGCACGAAGTCGCGGCGGGAGACGCCGGGAAGGTCCGGGGGCGTGGTCATGGCCGTGGGGCGATCGTGGGACGACGAGCTGCGGGCGGCGACCTGGAGCGAGCGACTCTCAAGGTAGTGGCGCGCGCCTCATTCTTGCTCCGCCTCCCCCACCCCGCCCGCCGTCGCCCCGGTCCGACGGCGGGCACGGCCGCGCCCGCTGCCGGGCGCAACCTTTGCGAGACGATCGACCCGATGGGCTCCCACGTGCTCCCCCCCGCGTCCGTTCAGGCCGTGCGCTCCACCGAGCCGCTGCGCCAGAAGATCGAGGCGATCGAGGCGCGCTCGCGGCCGAAGGCGCTCGCCGTCGCGATGCGCGACCTCGGCACGGGGCTGACGTTCGACCACCACGCGGACCGGTGGTTCCACGCCGCGAGCACCATCAAGGTCGGCATCCTGCTCGGCGTGTACGGCGCGATCCACGAGGGGCGGCTCGTCGCGCAGTCGCGCGTACACGTGCGCAATCGCTTCAGCAGCGCGTGGGACGGGAGCCCGTTTCGCGTGGCGAGCGAGCGCGACGCGAACTCGGAGGTGCATCAGCACATCGGGTCGACGATGCGCGTGAGCGAGCTCGCGCTGCACATGATCGCGACGAGCAGCAATCTCGCGACCAACCTGCTGCTCGACCTCGTGGGGCTCGACACGGTGCAGCGCTGCCTGGAGTCGCTGCACATCCACGGCGTCGACGTGCGGCGCGGCGTGGAGGACGAGCGCGCGTTCGAGCATCACGTCAACAACCGCGTCACGGCCGACGGCCTCGCCGCGCTGCTGCGCGCGATCGCGGAGGAGCGCGCATTCTCGCCGGAGATCTCGCGGCAGATGGTGGACGTGCTGCACGCGCAGGAGTTCAAGAGCGGCATTCCGGCGCGGCTGCCGAAGGCCGTGCGCGTCGCCCACAAGACGGGAGAGATCTCGACGGTCGCGCACGACGCCGGGATCGTCTATCCGCCCGACTGTCCGCCGTACGTGCTCGTCGTGCTCACGGAGTGGGAGCCG
NZ_CP007128.1_gap96	4246259	4246759	500	CTGTTGCGACGAGACGCTCTCATCCGTTGACGTGGCGGTCCAGGACGACGGCGCCGGCGCACGTGCCGGCCGCGCTGCCGACCGACCGCGCGTACCGCCGATCCGTCGTGGTGGGACATTGCGGCGGCCGACGAGGAAAGCTACCTCCGTGGCTATGCGATACCGAACACGGGCACGAAGGCGTGGTGGGCGCTGCCGAAAGGGCTGCCCGAGCACCATTGGACGACCGCCCCGGGCATCTTCGACGCCGTGCGCCGCGGGTACGTCGACGAGCCGTCGCTGAAAAGCTCCCGCTCTGCAACGCGGCGTGGCTCGCGGCGCGCACCGAGCGCGCACCGAGCGAATCCGGCGCCGACGCCTCCCCTCGCTGTCGCCTTCCGCTTCGAGGCTCCCGACATGGCCACGGTATTCAACACGATCACGAAGAACACGATGCTCGACAGCATCGACGCGGCCTTCAACGGCGGCACGCTGGAGATTCGCACCGGCGCGCCGCCGGG
NZ_CP007128.1_gap97	4251148	4251911	763	TGGTCTTTCGAGAGCGGGAGACGGGGTTCGAACCCGCGACATCCAGCTTGGGAAGCTGGCGCTCTACCAACTGAGCTACTCCCGCAGAGCCTGCATCGAGATGCCTCAACAATCTGCGCCTCTTGCGGGCGAGGCCGCAAGAGGCGCTGGAGAGAGCCACAGGTCGGGATTGAACCGACGACCGCCCGATTACGAATCGGGTGCTCTACCACTGAGCTACTGTGGCAATGGGACGTTCAGACGTTCCGCGCTGCGAAGAATGCTTGCATGCCCTGGCGCGGACTCGAACCGCGACGCCTTTCGGCACCACCCCCTCAAGATGGCGTGTCTACCAATTTCACCACCAGGGCGCGAACAAGCGATCCAGCGTTTTCAAGCAACGGGGCCGACGGGGCTCGAACCCGCGACCTCTCGAGTGACAGTCGAGTGCTCTAACCAAACTGAGCTACGGCCCCTTTCCAACGACGGCCGCGAGGCCGTTGCCACATCCTGCTGATAGCCCCAACGGGAGTCGAACCCGTCTCTCCACCTTGAAAGGGTAGCGTCCTAAACCGATAGACGATGGGGCCGACTCGTGTCGAGCAAGCACCCTTTCGAAGGGGGGTTCCCGAGGGAGCCGATAGCGGTAACGGGATTCGAACCCGTGTTCCAGCCTTGAGAGGGCTGTGTCCTAGGCCTCTAGACGATACCGCCGTGTTCGTCGCGCAACGCGCTGTGCGAACGAGACTTGAAACCTAATCGGCCCCGTTTCGCATTTCAACCG
NZ_CP007128.1_gap98	4254851	4258129	3278	GGGCATCGCGGCGGTGCTCGGGCCGCGCGTGTACATCCCGGAGCGCTACCTCGCGGAGACGCATCTGCTGGGCTTCGGCGCGCGCGCGCGCAGTACGAGTCGTTCGTGGCGATGCCGGAGGCGCAGGCGCGCGCGATCGTGCGCGACGTGCGCAAGCGCTTCGATCCGCTCGGCGTGCGCACGCGCACGGTGGCCGACGAGGAGCGTGGTCTCACGCGCGCGATCGATCGGCTCACCGACTTCCTGTCGATCGTCGGCCTCATCGCGCTGCTGCTGGGCGGCGTGGGTGTGGCGAGCGGCGTGAGCGCGTTCGTGACACGGAAGATCGACACGGTCGCGGTGCTGCGCTGTCTCGGCGCGACGAGCCGACAGGTGCTGGCGATCTACGTCACGCAGGCGGCGGCGATGGGACTCGTGGGCGCGGCGTTCGGCGCGCTGCTCGGCGTCGGGCTGCAGCTCGCTCTGCCGCACGCGGTCGGCGAGTTCCTGCCGGTGGACGTGCAGGTGACGCTCGCGCCGGCGGCGATCACGACGGGGCTCGCGGTGGGCGTGTGGGTGGCGCTCGTGTTCGCGCTGCGCCCGCTGCTCGCGCTCCGGCGCGTGTCGCCGCTGCAGGCGATTCGCCGCGACGTGGACCCCGGCGCGCTGCGGCGGCGCGGCATCGATTGGCCGCGACGGCTCGTGGAGCTCGGGATCGTCGCGAGCGTGGTCGCGCTCACGGTGACGCGCACCGGCCGCGTGCGCGAGGGCGTGTGGCTCAGCGTCGGCATCGGCGGGGCGCTCGTCGTGCTGTGGCTGTCGGCGTTCGCGACGACGTGGGCGGCGCGCCGGCTGCTGCGCGCCGGGTGGCCGTACGTCGTCCGCCAGGGGATCGCGAACCTGTACCGCCCCGGCAACCAGACGCGCGCGGTGACCCTGGCGCTGGGCTTCGGCGCGTTCCTCGTGTCGACCGTGTTTCTCGTGCAGACCAACCTGCTGCGTCAGTTCAGCGGCGCGGGGTTCACGTCGCGCGCGAACGTGATCCTGTTCGACATCCAGGAGGACCAGATCGCGTCGGTGACGGAGCGCGTGCGGGCGAACGGCGAGCTGCTGCAGGCGACGCCGATCGTGACCATGCGCATCGCCGAGATCAACGGCCGGCCGGTCGCGTCGCTCGTCGGCGACACGACGCGGCGGCAGGGGATGTGGGCGCTCCGCCGCGAGTACCGGTCGACGTACCGCGACACGCTCACGAGCACCGAGCGTCTCGCGGGCGGACGGTGGTCGACCGCGCCGACGCGAGACGAGAGGGGCGCCACGGTGTACGGCGTGTCGCTCGACCGCAACCTCGCGAACGACCTGCGCGTGAAGCTCGGCGATCGAATCACCTGGGACGTCCAGGGCGTGAAGGTGCCGACGCGCGTGAACAGTCTGCGCGAGATCGACTGGGAGCGCTTCGAGCTGAACTTCTTCGCGCTGTTCCCGACCGCGGCGATCGACCGCGCGCCGAAGCAGTTCGCGGTGCTCGCACGCGTGCCGGATCCCACGCGCGTCGCGCGGCTGCAGCGCGACGTCGTCACGGCGCACCCGAACGTGTCGAGCGTGGACCTGTCGCTCGTGCAGGCGACGATCGGACGCATCATCGATCGCGTGAGCATGGCGGTGCGCTTCCTCGCGCTGTTCTCGCTCGCGAGCGGGCTGCCGGTGCTGTTCAGCGCCGTCGCGGCGACGCGGCGCGATCGGCTGCGCGAGGCGGTGCTGCTGAAGACGCTCGGCGCGACGCGCCGTCAGATCCTGCGCATCCTCCTCTCGGAGTACGGGGTGCTCGGCGCGTTAGGCGCGGCGGCGGGGATGGTGCTCGCGTTCGGCGGCGCGTGGGGATTGGTGCACTTCGTGTTCGAGGGGCGCTTCCAGCCGGACTGGCTCGCGGCCGCGGGCATCGCGGCGCTGATGATGGCGATCACGGTCACCATCGGTCTGCTGACGGCGCGGGACGGCTATCGGGAGACGCCGATGGCGTCGCTGAGGGAGTCCTGACGCGGAAAGGGCTCAAGGGACGTCAGGCTCGCGGCGCTCATGCCGATCGGCTCGGGAGGTCCTCGCGATCGTCGTCGGATCCCCATCGGTGTGCTCTCGCCTTCCATCGAGCCCCTCGCGCCGTCGCCTCCGTCACGGCACGCGCGCGATCGCGATGCCCAACGGCGGCGCGGCGGCACCGGGCGTGAGGGAGCGGACCTCGAGGAGCTGACGCGCGACGGTGGGTCCGCTCAGCTCGAAGAACACGGCGCCGCCGCCGCGCACCCCGTTAGGCACGTCGACGACGAAGTCGCCGAACGAGAGCGCACGCGGCTGCAGTGGGAAGGCGCGCGGGAAGCGCGGGTCGCCGGTCGCGCTCGCGCCGGCGAGCACGTCGCGCAGCCGCCAGCTCGGCTCGCCGAGCGTCGCGCGCTGCGGCACGAATCCCGGCCGATCGTCGAGGGCGGTGGCGAGCCACCACTCGCCGAGCAGATCGGGCCACGGGCGGCCGACGCGGGCCGCGACGTTGTCGGCGCCCGTCTGCGGGCCCGCGACGAGCGCGCGGAAGAACGGCGGGTCGGTCGGGCCGGCGTGGTCGGCGGCCCAGCGCAGCAGCCACCACGCGCCGCCGTAGAACGCGCCACCGGGATCGAGCGCGGGATCGGTCACCACCGGCGTGAGCGCCGCCGGATCGACCAGCATGGCGTGCAGGCGCGCGAACGCGTCGGAGAACGCGACGGGGATCAGGTCGCACCCGCCTAACGTCGGTCGCAGCTCGCACTCCAGGCTCTCGGCGTAGCCCGTCTCGCGCCGAGTCGGCAGCGCGCGTACGGCGCGCGCGAACAGCTCCTCGGCGACGAGCGCGCTTCCCTCCTCGACCCACGGCTCCTCGAACGGCGCGGACCGCGCGAGCCGCTCGGCGTACGACGCGACGTGCTTCGTCTCGTGGGCGGCGATGGCGCGGATGCGGCGGCGCCACGCGGCGCGCGTGCCCGTGAAGCGGCCGTCGCCGAAGCCGGGTGCCGAGGACGTGGGCACGGCGAGGTAGACGATCTGCTGCTCGTTGCTCGCGCGCGCCGTCGACGACGGCAGCAGGTCGCAGTTGAACGACATGCCCAACACCCCGCGCGCGTTCACCTCCGGCGTGAAGAGCAACGCGATGCGCCCCGTGCGTCCGAGCCGCGCGTCGACGGCGAGCGGATTGCCGAACGTCGATTCGACGAGCGGGAACGTGACGTCGTCGTACTCCTGCGCGATAGCGCGGTAGTCGTCGTCCATGGTGC
NZ_CP007128.1_gap99	4265806	4269072	3266	CGCGTCGTTCCCAACGAGGTCCCCGAGCGGCGTGCCGAGGTCCGCGGCCATCCGCTCGACGAGCGCGTACCGCTCCGGGTGCACCGCCGACGCGTCGAGCGGGTGCGCGCCACCGCGCACGCGCAGGAAGCCGGCCGACTGCTCGAACGCCTTCGCGCCGAGCCGCGGCACGTCGGCCAGCTCGCGCCGCGACCGGAAGCCTCCGCGCTCGTCGCGCGTCCTCACGACATTCTGCGCGAGCGTGGGCCCGATGCCGGCGACGTACGAGAGCAGGGCGGGCGACGCCGTGTTCACCTCGACGCCGACGCGGTTCACGCAGCTCTCGACGATCTCGTCGAGCCGCTTCTTGAGCTGCGTCTGATTGACGTCGTGCTGGTACTGACCGACGCCGATGGACTTCGGGTCGATCTTCACGAGCTCCGCGAGCGGATCCTGCAGCCGGCGCGCGATGGACACGGCGCCGCGCAGCGACACGTCCAGGTCGGGCAGCTCGTCGCGCGCGACGTCGCAGGCGGAGTAGACCGACGCGCCGCTCTCGTTCACGACGACGACGCGCGGCGGGGTGACATCGCCCGTTAGGCCGGCGAGGACCTCGCGCGCGAGCTTCTCCGTCTCGCGCGACGCGGTGCCGTTGCCGATCGCGATGAGCTCCGGGCGGTGCCGCGCCACGGCGCGCGCGAGCTGCTCGGCGAACCGATCCGGCTGATGGAGGTACCAGGCGTCGGTGTCGATCACGGCGCCGGTGCGCGACAGGACGGCGACCTTCACGCCGGTGCGGAAGCCGGGATCGAGGCCAATCACGACGCGCTCGCCGGCGGGCGCGGCGAGCAGCAGCTCCTCGAGGTTGCGGCCGAAGATCCGGATCGCCTCCTCGTCGGCGCGCGCCTTCAGCTCCAGACGCAGCTCCACCGTGATGGACGGCGCGAGCAGGCGCTTGTACGCGTCCTGCGCGACCAGCTCGAGCTGCTTCGACGCGCGGCGGTCGCCGACGACGTGGCGGCGCATGGCGCCCATGACGTCGTCCACCGGCGCGTCGATCTGCCACGTCAGGAACCCTTCCTCCTCGCCGCGCCGGATGGCGAGCACGCGGTGCGACGGCAGGTCGCCGAGCTTCTGGGAGAAGTCGTAGTAGTCCTGGAATTTCGACACCTCCTCGCCCTTCCCCGCGACCACCGCGCAGCGCACGACGCCGCGGGCGCGCGTGAGCTCGCGCACGGTGCCGCGCAGCGTCGCGTCCTCCGCGGCGCGCTCGGCGAGGATGTCGCGCGCACCCTGCAGCGCGTCGCTCGCGGCGGGGACCTCCTTGGCGGCGTCGACGAACGTCGCGGCCTCGCGCTCGGCGGTCGCGTCGTCGACGTCGCCGCTCCACAGCCGGTCGGCGAGCGGCTCGAGGCCGCGCTCGCGGGCGATCATGGCGCGCGTCCGCCGCTTCGGCTTGAACGGGAGGTACAGGTCCTCGAGCGCCTGCTTCGTGTCGACGGCGTCGATGCGCGCGCGCAGGTCGTCGGTGAGCTTGCCCTGCTCCTCGATGGACTTCAGCACGGCCGCGCGGCGCGCCTCGAGCTCCTCGAGGTACTCGGCGCGATCGCGCACGTCGCGCAGCTGCACCTCGTCGAGGCCACCGGTGGCCTCCTTGCGGTAGCGCGCGATGAACGGGAGCGTGTTGCCCTCGGCGAACAGCGCGAGGGCCGCGGCGACGGGGCGCGCGTTGAGCGAGAGCTCGCGCGCGATCTGATCGACCAGGCGGAGGGACGTCATCGGTGCGGCGGGTAACGGGGGACCACAAGGTCGCCCGCCGAGCGGCTCCCGACAACGGCTTGCGTGTGACGTCGCCACGCGATAAGCCGGTATTCTCACGCGGAGACGCGGAGAACGCGGAGACCACCAAGTGCGAAGCCGTGGTGGTCTCCGCGTTCTCCGCGTCTCCGCGTGGGCCGGACTAGCTCTCGTCCCTCGCGTGCGCGTGCGCCGGAGGCGACGTGGCCTCGACGGCGGAGAACGTCTCGAGAATGCGGTAGGTGTGGCTGGCGCCTTGCGGCACCACCCAGGAGTCGCCCGGCTCCAGGCGCACCATCTGGCCCTCGAGGTGGAGCTCGGCGCGGCCGCTCAGCACGTAGCCGACCGTCTCGTAGTCGCGGCTCGTCGGCGGCTTCGGCTCGGCCGGCGCCTCGTTCTCCCACAGCCGCATCGCGACGCGCTTGCCGGACGCGAGGTACCGCTGCCCCATCGCGCCGACCGGCGACTCGCGCGAATCGATCTTCGTGACCGTCGTGTCAGCCATCCCTTCCTCCGGATCCGTGTGACCCGGAGGCGTACAGGGATCGTGCCGCGGTCAGCTCTTGTGGCGGAAGGTGATGCGCCCGCGGGTCAGGTCGTACGGCGACACCTCGAGCGTGACGCGGTCGCCCTGAAGGACGCGGATACGAAACCGGCGCATGTTGCCGGCGAGCGTCGAGAGCACCTCGTGACCGCCCTTCGTGACGACCCGGAACGTGGCGTTCGGGAGCACCTCGGTCACGGTGCCTTCGAGCTCGATCGCGTCTTGCTTCGCCATACGGTGGGAGAACTGGATACAGGTCGGTGGCGTGCGGCGGGCCACCCCGTCGCAGCAACGCAAGATAGCCGCGCCGGTCCGGCCGCGCACGGTTCGCCGAGCCGGGCGGCTCGCCAGACGTTGCGGACCCGGGCGACCGCCGCCCCGTCACCGGGCAGGCGTGACGCGCGACACGCGGCGGAGCGTGGTTAACCTTCCCGACGCCATGGATCCCGCCCCTGCCCCGACCGCGCCGTACGGCCCGAACACGCCGGCCATCCGCCGCTTCCTCCAGCGCTTCGCCGCCCTCGGCGAGGCCGAGTGGGACGCGGCGGCGGCGACGTTCGCGACGCTGGAGCCGACGCGCCGCTTCGCGGCCGCCGACCGCGCGCTCGCCGACGTAGTGGAGCGGCTCGACCGCACCCGCGAGCGCGACGCGGTCGTCGGACCGATCCTGCAGATCACGCGGCCGCGCGGCGCCTCCGGCGAGCCGCACCCGGTGGCGGCAGCGGCGCTCGCCGCGGCGCTCGGGCTGCTCGTGCGCGACGCGCTGCCGGAGCCCGATTTCGCGACGCTCTACGCGCCGTTCGCGTCGCTGATCTGGGTCGACGCGCTCTGACGACATCGAACCGCAGAGGACGCGGAGGACGCGGAGAAAACCAGTCTCAGTGGTTCTCCTCCGCGGCCCTCTGCGTCCGCTGCGGTTCGATCCGACCAGGCCCCGAGCATCCAT
NZ_CP007128.1_gap100	4271475	4272539	1064	GCACCGGCTGATCGGGCGCGTGCATGAACGCGAGCTCGCTCGGATCGCGCCCTTCGGGCATCGACGGAAGGCCGCGCTCCCAGAAGCGGCTGCGGAAGCGGAGCACGAAGCGCGCGACATCGCCCGGCTGCATACCCGCGATCGCGTCGCGCCTCGCGTCCAGCGGCGGCTCGAACACCACCGCGCCGTCATCGACCGCCCCGAGCACGCTCGCCGCGAGCACGCCTAACGGCAGCGTGACGATGCAGGCGCGCGCGTCGAACGACTCCTCCGCCCGGGGACCGCGCGCCGTGACGCGGACGCCGGCGTCGCTCCACTCCACGCGGTGCACGACGGTCCGGAGCCGCACGTCGAGCGGGGCGCCGGCGCCGCGCGCGAGCCAGTCGACCACGGCGCCCCACCCGTCGACGATGCGGAACGCCTGCTCGTTCCCGGATGCGTCGTCCTCGGCGACGCCGAGCGCGCGCACGCTCACGCGCTCGCTCACGGCGGCGTGGAAGCCCTCGACGTAGTTGCGCGCCAGCGTGCGCGCCTCGGCGAACCGCTCGGCGGAGAACCGATCGCGCAGCAGCTGCTCGAACGACTCGTCGGGGCGGGCCGGCTGCTCGCGCCAGTCGTCGAGCGCGGCGAGCACCTCGCCGATCTCGCCGCTGAACAGGTCGCGCTCGCCGAGCCGCCCGTCGTGCAGCGCGAGATGCTCCTCGATCGCGTCGCAGACGCGGAGCTGCGCGGCGTCGACGAGGCGCCACACCGCGTCCGACGTGCCGTGCACGAACTCCGCGCCCAGCTCGATCGGCGGCGCGAAGCCCGGGAGGTGCTGCGTCCAGATCCGACCGCCTAACCGATCGCGCGCCTCGAGCACCACGACGCGCCGGCCGGCGTCGGAGACCGCGCGCGCCGCGGCGAGTCCCGCGGCGCCGGCCCCGATCACCACCACCTCCTCGCGCGTCACGCGTCGGTCGTCACGAGCATGCTGGCGAGCACGCGTCCGGCGCGGTGCGCCGCTTCGGCCATGCGATCGGGCGGGACGATGAACGACACGCGGAAGAAGCCCTCGCCGCCGG
NZ_CP007128.1_gap101	4331116	4332416	1300	AGCTCGGTGTGGTGCTCGAGCACCGCCAGCCGGCGCTCCGCGTCCTCGTCGATCGAATCGGGGACGAGCAGGTAGCAGTACGCGCGTCGGTGCGAGCGGCCGACGCGGCCGCGGAGCTGATAGAGCTGCGCGAGGCCGAAGTGGTCGGCGCGGTTCACGAACATCGTGTTCGCGTTAGGCACGTCGAGCCCCGTCTCGACGATGAGCGTCGAGACGAGGACGTCGACCTCGCCGCTCGCGAACTTGTGCATCACGTCCTCGAGGTCGCGCTCGCGCATCTGCCCGTGGCCGACGGCGACGCGGGCGCGCGGGGCGAGGCGCCTGACGTGATCGGCGATCGCCTCGATGGTCTCGATGCGGTTGTGGACGAAGAAGACCTGCCCGCCGCGGTCGAGCTCCCGCGCGATTCCCTCCTCCAGCAGCCCGTCGTCCCACGGCTCGACGAACGTGAGCACCGGTGAGCGGTCGCGCGGCGGCGTCTGCATCAGCGTCATGTCGCGCAGCCCGGCGAGCGACTGGTGCAGCGTCCGCGGGATGGGCGTCGCGGTGAGCGTCAGCACGTCGGTCTCGAGCTTGAGCTGCTTGAGCCGCTCCTTGTGCTTCACGCCGAAGCGGTGCTCCTCGTCGACGATGATGAGGCCGAGGTCCGAGAAGTGAACGTCCGGGCTGAGAAGGCGGTGCGTGCCGATGACGACGTCCACCTTCTTCGCCTTCAGGTCCGCGAGCAGGACGGTCTGCTGCGACGCCGTCTGGAAGCGCGACATGACGTCGACGCGGATCGGGAAGTCCGCGAAGCGCTCGCTGAACGTGCGATGGTGCTGGTCGGCGAGAATGGTCGTCGGCACGAGCACCGCGACCTGGCGACCGCTCTGCACCGCCTTGAACGCGGCGCGCACCGCGATCTCGGTCTTGCCGTAGCCGACGTCGCCGACGAGCAGACGATCCATGGGGCGCGCGCCTTCCATGTCGCTCTTCACGTCGACGGTGGCCTTGCGCTGGTCGGGCGTGTCTTCGAACAGGAACGAGCTCTCGAGCTGCCGCTGCCACGGCGTGTCGGGAAAGTGCGGCGGGCGCGTCGCGACGCGACGCCGCGCGTAGAGCTGCAGCAGCTCGACGGTCATCTCCTGGATCGCCGCGCGCGTCTTCTCGCGCTGCTGCGACCAGCGCTTGCCTCCGAGCTTGTGCAGCCGCGGCGCGGGCGCGTCCTCGCCGACGTCGCCGGCGCCGCGGTAGCGCTCGAGCAGGTCGAGCCGGTAGAGCGGCAGATTGAGCTTGTCGCCGCCTTCGTACTCGATGACCG
NZ_CP007128.1_gap102	4378423	4382283	3860	CGCTCGGCATCGCGGAGGAGCTCGACGTCGTGGGGCTGCTCGCGGTGGAGATGTTCGTGACCACCGACGACCGTGTGCTCGTGAACGAGCTCGCGCCGCGCCCGCACAACACGTATCACGCGTCGGAGCGCGCGTGCGCGACGAGCCAGTTCGAGCAGCTCGTGCGCGCGGTGTGCGACCTGCCGTTAGGCGCCCCCGCGCCGCTCGCCGCCGGCGCGATCGCGAACCTGCTCGGCGACCTGTGGCTCGCGCCCGAGCCGCCGTCGGCGGTGGACGCGCTGTCCGAGCCGGCGGCGCGGCTGCACCTGTACGGCAAGCGCGAGGCCCGCGGCGGCCGCAAGATGGGGCACCTGTCCGCCACCGGCGCGTCGCCCGACGAGGCACTCCGCCGCGTGTGGGACGCCTACGACCGGTTCAAGCCGGCGTCCGCCCCACCGATCGAACGCATGGATCCCTCCACGCTCCACGCTCCACGCTCCACGCTCGGCATCCTCGCGGAACGCAGCGAGGGTGGAGCGTGGAGCGCGGAGCGTGGAGGCGAGCGATGAACGTCCTCGTCCTCAACGTCGGCTCGTCGTCGCTGAAGTTCCAGCTCGTGCGCACCGACGCCGAGCGAATGAGCGCGAACACCGACGAGAAGCTCGCGCGCGGCACGATCGAGCGGCTCGGCGGCGAGTCGGTCATCTCGCTGAAGGCGGGCGACGGTCCGTCGACGAAGACGACCGCCCCGCTGCGCGATCACCGCGCGGCGGTCGAGTTCATCATGCGCTGGCTCGTGAGCGACGAGTCGGGCGGCGCGCTCGGCGGCCGCGCGGACGTCGAGGCGGTCGGCCATCGCGTGGTGCACGGCGGCGAGCACTTCACGCGCTCGGTGCTCATCGACGACACGGTCCTGCGCGGCATCGAGGAGAACATCGACCTCGCGCCGCTGCACAATCCGGCGAACCTGAAGGGGATCGCCGCGGCGCGCGCGGTGCTCGGCGCCGGCACGCCGCAGGTCGCGGTGTTCGACACGGCGTTCCATCAGACGCTCCCCGATCACGCGTATCTGTACGCGATCCCGTACCAGTTCTACCGTCGGTACAAGGTGCGGCGGTACGGCTTCCACGGCACGTCGCACCGCTACGTCGCGCACCGCTGGCGTCAGCTCACGGGAACGGCCCGCGACGATACGCGGCTCGTCACGCTGCATCTCGGCAACGGCTGCTCGGCGTGCGCCATCAGCGGCGGCGACTCGGTCGACACGAGCATGGGGTTCACGCCGCTCGAGGGGTTGGTGATGGGAACGCGCTCGGGCGACGTCGATCCCGCGGTGCTCGAGTACCTCTCGTCCAAGGAGGGCATGACGATGAGCGAGGCGGAGACGATGCTGAACAAGTCGTCCGGCCTGCTCGGCGTCTCCGGCCTCACGCACGACATGCGCGAGCTGCTCGCCGAAGCCGAGGAGCACGACGATCGCCGCGCGCGGCTCGCGATCGAGATCTTCTGCCACCGCGCGCGCAAGTACATCGGCGCGTACCTCGCGGAGATGGGCGGCGCCGATGCCGTGGTGTTCGCGGGCGGTATCGGCGAGAACGCGCCGACGGTGCGCGCGCGCATCGTCGCGGGACTCGACTGGCTCGGCCTCACGCTCGACGCCGAGCGCAACGCGGCGGCGGTCGGACGCGAGGGTAAGATCTCGACCGACGATGCGCGGCTCGCCGCGTGGGTCATCCCGACCGACGAGGAGCTGCTCATCGCCCGCGACACCGTGCGCGTCGTGACCGGCGCGCCGGCGCGGTTCTGACGTCGTCCGGCCCCGCGTTTGCGACCTCCGGGCGCGCGGCTCTCGCGCGCCGCTCACCACGCTCCAGTCAGACAACCATGCGATCGCCCGCTCTCCTCTTCCGCCTGTCGCTCTCGCTTGGCGCGGCGCTGCTCGCCGCGTGTGCCTCGAACCAGTCAGGCCCGCCCCCCGGCCCGGCCGGACGCGGGGGCCCCGGGGGGATGCGCGGCCAGCGCATGCCCGGCGACACGCTGCCGATGGCGGCGCCGAACACGACGGCGCGCGCCGACCTGCGCGACGTGAACGGCGCGTCGGTCGGCACGGTGACGCTGACGCAGACCGCGCACGGCGTGCTGATCACCGGTGACCTGTCCTCGCTGCCGCCGGGCGTGCACGCCATCCACGTGCACGACAGCGGGCGCTGCGAGCCGCCGTTCACGAGCGCGGGCGGGCACTACAACCCGGCGATGCGCTCGCACGGCTTCCGCGCGAACACGGGCAACCACGCCGGCGACCTGCCGAACTTCTCGGTTGGCACGAACGGCACCGGGCACGTCGAGACGATCAGCCGCGACCTCACGCTGGCCCAGGGCGGCGGCCTGTTCGACGGCGACGGCTCGTCGATCGTCATCCACGGCGGCCCCGACGATTACCAGAGCGACCCGGCCGGCAACTCCGGTCCGCGCATCGCCTGCGGGCTGATCACGCACTGACTGGACCAGGGCAAGAGGGCAGGAGGGCAAGAGGGCAGGAGTGGCGATAGCTCCTGCCCTCCTGCCCTCCTGCCCTCTTGCCCTGGTCCGATTGCTGCGCACGAGGCGGCATCAGAGAACCTCATCCGGAGAGGAACGACAATGGCCGCAACGGCAGCGGGCGCCGGCCAGGCGCCCCGGACTCGGTCGTCCGTCACGCGTCACGGCGGGAGCGAGCGGAAGAACGTCAACGACATCGAGCGCATGCTGTCGGTCGCCGCGGGGGGCGCGCTCGCGGCGTACGCGCTGAAGAAGCGCGACCTCGGCGGACTGCTCGTCGCGCTGGTCGGCGGCGCGCTCGTGGAGCGCGGCGTCACGGGACACTGCCGCGTGTACGGCGCGCTCGGCATGAGCACCGCCGAGCCGACCGACGAGCCGGTGCAGCAGCACGGGCCGAATGCCGTGATCGACGCGAGCACCGCGCAGCGCGTGGAGCACGCGGTCACGATCCACGGCCGCTCGCCGGCCGAGCTGTACGCGTTCTGGCGCGACTTCGAGAACCTGCCGCGCATCATGGAGCGCCTCGAGAGCGTGCAGGTCATCGACGAGACGCGCTCGCGGTGGACGGCGACGGCGCCCGCCGGTCAAACCGTGGAGTGGGAGGCGGAGGTCTACAACGAGATCCCGGGCAAGCTGATCGCGTGGCGCACGCTGCACGACGCCGACATCGCGCACGCGGGGTCGGTGCACTTCGAGCCGGCGCCGGCGGGGCGCGGCACCGAGGTGCGCGTCATCGTCGAGTACGCGCCGCCGGCGGGCGCGTTAGGCACCGCCGTCGCGAAGCTGTTCGGCGAGGAGCCGGACGCGCAGGTGCGCGAGGAGCTGCGGCGCTTCAAGCAGCTCATGGAGACCGGCGAGCTGACGGTGGGCGAGAATCCCGGCCAGGGGCCGCGCGCCGGCAGCTCGTTCAACGCGCGCGCGAGCAACGACGACACCGTGCGCATGACGACCCCTCCGCTCGACGCGCCGCACGGGTCATGAAGGCGCTCTGCTGGCACGGCGTGGAGGACCTGCGGTGCGAGCGCGTGCCCGATCCGGAGATCGTCAATCCGCGCGACGCGATCGTGCGCGTCACGTCGACGGCCATCTGCGGATCCGACCTGCACCTGTACGACGGCATGGTGCCGTCGATGATGAAGGGCGACATCCTCGGCCACGAGTTCATGGGCGTGGTCGAGGAGGTCGGTCGCGACGTGCGCAACCTGCGCCCCGGCGACCGCGTGCTCGTGCCGTTCGCGATCGCGTGCGGCAACTGCTGGTACTGTCACCACGACCTCTGGTCGCTGTGTGACAACTCCAACCCGAACGCCGCGGCGCTCGAGGCGCTGAACGGCTACAGCACG
NZ_CP007128.1_gap103	4385619	4389187	3568	GCCGAGTCGACGCGCGTGGGGTGCAGATGCAGCAGCAGATCGTGGCTCGGATCCGCGACCACGAAGGCGTGCATCAGCTTCCCGTGGTCCGGCATGATCGGCGTCGAGCGCGCGCTGAACAGCAGCGAGTCGGTGACCACGATGCGCAGCGTCGCCGGCCCGCCCGGCGTCGTCGGCGCGCGCAGCTCGCCGCGCGTCGCGAGCGGACGGAACATGCCGCGCAGGTAGCGACGATCGACCGCGTTCCACCACGTGTTGCCGCCGACGAGCGCGAGCGCGACGATCCCCGCCGCGACCGCGACGCCGACGCGTCCCGTCCGACGCCGCCTCGCATCCGGCGCCTCGCCCGGCGGCACCACGCTCTCGCGCACGGCCGCGCCGACGAGCGACAGCAGCCCGACGATGAGCGCGCCGCCGAGCGCGACGAGGATCCAGCCGAGCCCACTGCCTAACCGCAGCCGCGACGTCGCGTACGCGTTCACCGGCACCGTCACCGCGCCGACGCCGCGCATGCCCTCCACGGTCACGTTCACCGCGTACGCGCCGCCGGTCATGAGCCACAGCGGCGCCGCGAACGTGCCCGCCGCCCCGGCGACCGGCTCCGCCACGTCGGGCGTCGGCGCGCCCTTCCTGCCGACCTGCCACTGTGCCACCTGCACGAGCACGCGACGCGCCTCGCCGCTCGTGACGCGCACCGTGATCTGCGCCTGGCCCGGGATGACCCCCGGCATGCGCACCGCGACGCGCACGCCGTACGGTCCCGCGGGGCCGTCGTAGAACGCGTCGTTCGTCCCCACGTGCGCCGAGAGCGACAGCGCCGCGCCCGCGATCGCGGCGGCGCGTGCCGCGCGTCGGAGGGCGGTGCCTAACGCGGCGCGCACGCTCATCGGCGCACCCGGCGCATCCAGTCGCCGAACGCGAGGCCGAGCCGCGACGTGACGATCGCGATGCCGACGGCCCACGCCATGCCCCGCCAGAACTCCGCGCCCGGCGCGTCCGCGTCGAAGAACAGCCCGCGGTACCAGCGCGACGTCGGCGGCAGATTGTAGTTGTAGTTGCCGCCGGCGAAGAACCAGTTGTGCGACGCCGGCGACATGAGGAACGCGCCGAACCACCAGTACACCGCGAGCAGCGACGCGATGAACGCGGTGCCCAGCACCGCCGCGAGCAGCCACCGGTTGGCCTCACGGGCGCGCTGGTACGCGAGGTCGAACAGGACCGCCGGCACGACGAGCAGCAGCGGGAAGCCCATCGGCACGAAGTGCGTGATCGGCTGGAAGATCGGGCCGAGCTTCGGCGTCGCCGGGAACAGCGGCAGGGTCCACGTCATCGCCGCGAAGATCGCGGTGTACACGAGCGCCGTCGCCGTCGCGGGCCAGCGCACGCGGAGCGACGGCAGCGCCGCGCACAGCACGAACGGCAGCGGGTACGCGGCCGCGCGGTAGAAGTGCGCGCCGTGCGAGAAGCCCGGGTGCATGTCCTGCCACACGCCGATGAACACGATCGTGAGCACGACGCCTAACGCGTACGCGTAGATGGCGCGGAACAAGCCCGCGCGCGCCGCCATCGCCGCGCCGCCGTCGCCCGACTCGGCGCGGTTCTGCGCGGTGAGCGCGGTGATCGCGGCGCCGAACACCACGCCGAGGATGCCGGCGATCAGCACGCTGTGCGGAGGGCTCAGTACCTGCACGTCGAGCCCGTACGCGTTGTGCCACCAGTCGTCGAACGGCGCGGAGGTCAGCATCGCACCGGCGCCCCAGATCGCGACCCACGCGCCGAGCGGCCCGCGCATCCCCCAGATGCGCACCGAGCGCGCGCGCTGCGCCTCCGAGCCGGCGAACGTCGTGTGCAGCACGAGGAACCCGTTCGCGCCGCCGGCCACCAGCCCGCCGACGTAGATGCCCATGTGCGCCGGCGTCCAGAACGTGTCGCGGCCGATCGACATGTGCCACGAGATGTCCCAGATGATGCCGACGACGATGCTGGTGGCGGCGAACAGCGTCGCGACGAGCGGCCACGGAACGACGGCCGCGGCGCTCTGCTCATGGGCACGCGAGAGAGGCGCCGCCGCGGCGGGGATCGCGCGGGCTTCCATAGGGGCGGGGTCGAGGGGAGGAAAGCCGACCCGCAGATAATAGGGCAGGAGGGCAGGAGGGCGAGAGGGCAGGAGAGCTTCGGACTCTCCTGCCCTCCCGCCCTCCTGCCCTCCTGCCCTCGCCGTCAGGCGGGCGGTGCAGCCTCGTCGCGCGGGCGGCTGCGACGCTCGTTCATCGCCCCCGCCGACGCGGGCACCTGGAACGACGTCGGATCGCTCGCCGGGAACGTCTGCTCGATCGCGCGGTCGACGAGCGACTCCTCCACCGCGCTCGACATCAGCGACACCAGCTTCTCGCAGAACGCGGGCAGATCGGCCGGCTTGCGGCTCGTGACCAGCTTCTGGTCGACGACGACCTCGCGATCCACCCACTCGCCGCCCGCGTTGCGGATGTCGGTCTGCAGGCTCGGCCACGACGTCAGCGTGCGGCCACGCACCACGTTGGCCTCGACGAGCAGCCACGGGCCGTGGCAGATCGACGCCACCGGCTTGTCGTGCTCCACGAAGTCGCGCACGAGCTTCACGGCCGCCGGATCCGCGCGCAGCCGGTCCGGGTTCGCGACGCCGCCCGGGATCACGAGCCCCTGATAGTCGGCGATCTTCACCTCGTCGACCGAGCGGTCCACCGGGAACGTGTCCGCCTTGTCGTCGTGGTTCATCGCCTGGATCGACTCGCACGCCAGCGAGACGAGATGCACTTCGGCACCCGCCGCGCGCAGCGCCTCCATCGGCTGCACCAGCTCCACCTGCTCCACGCCGTCGGTCGCCAGCACCGCGACGCGGCGGCCCCTCAGCGGATTCTCGTTCGTGCTCGCGGCCGCGCGGTCGGCGAGCATCGGCTTCTCCGGTGCGTTAGGCATCGCTCGTGACGGTCGGGGTTGCGGGATCCCACCTCACTCCGGGCGCTCGGCGTCGTCCGCGTCGCGCGTGCCCTCCTCCGCCCGGCCGCCCTGCCGACCGGACGCCGAGTGCGCGCCGCCGTGCAGCCCGCCCTCGCGGTGATGCTCGCCGCGCGCCTCCTCCGCGTCGCGCTCGTTGCGCGCGCGCAGCTCGGCCAGCGCGGGGTTCACGCCGCCCTGCGGGATCAGGTTGTCGCTCTGCTTCGCCGGGTCGGACGACTCGACGTAGTGCTCCTTGTGCTCGGGGATGAACTCCTGCTGCCGACGGTCCTTGTAGTCGGTCGCGCCGGCCTCGCCGGGATCGATCGCGTACTGGTCGGGACGCTTGCCACCCATGTGCTCCTCCTGTCGTGGGTCCGGGGCGGTCGAAGGTCATTAACCGTGCCGGGCGGCCCGCCTCTCGCACGGTTCTGCCGTATGGCGAACCCGACCGAGAAGTACGACGCGTATGCCCGGACCATTCTCGAGCTGCCCGGCGTCCCCGACGGACGCATCGACCTCCGCCGTCCGCTGGACGACGCCGCACGGGCGGCGCTCGCGGCGGTCGGACTCGATCGACCGTTCGCGGTGCTGA
NZ_CP007128.1_gap104	4390440	4393801	3361	GATGCGGTTCGCGTTCTCCCGCGGTGCCGCGGGGGCACGGGGCGCGTTCAGCGACATGCTCGACGAGCTCACCGTGGCGCTCCACGACCTCGCCCGCGAGGCGAGCGGACGCCCCGGCGAGCCCGCCCCGGACCCCGCCACCGCGCTCGGCGCCAGCCGGGCCGTGGCGGCGGTGGAGCAGGCCAAGGTGCGCGCGGAGGGGAACGTCAGCCCGCAGCTCGTCACCGCGTGGCTGCTCGGCGAGCTCACCGGAGCGCTGCGATGACCCGACGACCCGCGGAGGGGCGCGCGCTGTCGCACGTCGACGCGTCCGGGGCGGCGCGCATGGTGGACGTGTCCGCGAAGGCGGAGACCGCGCGCACCGCGCGCGCCGCCGGCGCGATCCGCATGTCGGGCGACGCGCTCGCGCTCGTCCGCGAGAACCGGGTCGCGAAGGGGGACGTCCTGAGCGTCGCCCGCATCGCCGGGATCATGGCCGCGAAGCGCACGTCGGAGCTCGTTCCGCTCTGCCATCCGCTGCCGCTGTCCTCCGTGGTGGTCGATCTCCAGCTCGACGAGGCCTTGCCCGGCGTCCGCGTGGAGGCCACAGTAGCGACGACCGCCCGCACCGGCGTGGAGATGGAGGCCCTGACGGCGGTGAGCGTGGCGCTTCTGACGGTCTACGACATGGTCAAGGCCGTAGATCGGGGCATGGAGATCGGCCCGGTGATGCTGCTGGAGAAGGCCGGCGGCGCCGGTGGACCGTGGAGCCGAGCATGAGCGCCTGCCAATGGCCGAGCCCGGCACAGACGTTGCTCCTAGTCGAGAACCGTCCATGACTCACACGACCAGCACGCCGTACGCTCGTCGCGGCGAACAGGCACGGAAGCGCCGTCGGAACCGCCGCCTGCTCCTCGCGAGCGGTCTCACGGCCACGGTGATGGTCTCGGCCCGGCATCCGGAGCCGAAGCTCGCCACGGCCGCCCCGGTGAAGCCGCTCGCCTCGCTCGTGCGCGGCCACCGGCTGGCTGCCCCGGAGCCGGCGTCCGAGCGGCTGTACGCGCCGTCGCCGGCCCTGCTCCGCGCGCCGGTCGCCGTCCGTGGCCTCGCCGCGGTGGCGGACAGCATCGGCACGGCGCAGCGGCTGCGCCGGTGGCACCGCGTCTACCGCCTCGCGGGGCACTACGGCGTGGCGCCCGACCTGGCCGTCGCGATCCACGACATCGCGCTCGCCGAGGGGATCGAGCCCGACCTCGGCTTCCGGCTCGTGCGCGCGGAGAGCGAGTTCAACGAGCGGGCGACGAGCCCGGTCGGGGCGGTCGGCCTCACGCAGGTGATGCCGGCGACCGCGCGCTTCTTCGTGACCGGCAAGCTGACGCGCCGCCGCCTGTACGACCGGCACCTGAACCTGCACGTCGGCTTCCGGTACCTGCGCGGCCTCATTCGCGAGTACAAGAGCCTGCGCCTCGCGCTGCTCGTCTACAACCGCGGCCCCGCCGCGGTGGACCGCGCGCTGAAGAACGGCGACGACCCGGCGAACGGCTACGAGGAAGTCGTCGCGAAGGGCTACGAGGGCCGCGGCGTCGTCGGGCGTTAGGCCTTTCCGGCTTTCGACGTCGACGACTTCGACGAGTTCGACTTCGACGGGTTCGACTTCGACGCCTTCGACGGCGACCCCTTCGACGGCGACGCCTTCGACGGCGTCGCCTTCTTCCCCGTCGCGTTAGGCTCCTTCGCCTTCGCCGTCTTCGCCGCCTTGGTGGCCACGGCACGCGCGCGGTCGGTGCTCTTGCGCGGCGATGCGGCCGATGCGTCATCCGTGGAGTCGCGCTTCTTCCCGGACGCCGCGTGCGCCGCGTGCGCCACGTGGGCCACGGTGTCGCGCGTGGCGGGCGCCGCGGGCATCGGCAGGCCGGCGATCGGGGCGTCGTCGTAGCTCGGCACGTCGCGCGAGAAGTCGAGCACCGCGCGCGTCGGGACGCGCACCGGCTGCCCCGACACGAGGCGCCCCTTCCACTTGCCGTGCGTGACCACGTCGAGCCCGGGGTTGTAGCGGCGCAGCAGCGCCGCGGCCGGCACGCCGGCGCGGTCGCTCAGCGCGTCGAACGACTCGCGCTTCTTCGTCGTGAGTCGGCGGAACGCACGGCGCTCGCTCGCCGGCAGCTCATCGAGCGCGCGCGCCGTCGCCGCCGCCCGGCCGACCGGCACGCGCACGACCGTCGACGCGCCGGGAGGCGTGAGTCCACGCAGCAGGTGCGGGTTCAGCTCCAGCAGCTGCGCGCGCGACACGTCGGCCGCCGACGCCACGGCGGCGAGCGGCGTGAGCGCCGGGACGCGTACGCTGTCGTAGGCGTACGCCGGGAGCGACCGCACGGTGATGCCGTAGCGCGCGGGCTCCTTCGCCACGAGCGTCGCCGCGATCAGCTGCGGCACGTAGTTCTTCGTCTCGGAGCGCAGATAGCCGGCCGACGACAGCGCGAAGAACCGCGCGTCGGCCGACGACCTCGCCTCCGCGGGCGCCGGCGCGATCGGTGCGCTGTCGTCGGGGGCCTGCAGCACCGCGGTCGAAGCCTCCGCCGCGTCGGCCGTGTCGTTAGGCATCTCGGCGATGATGGCCTGCGACATCGAGTCGAGACGCGCGGCGCTCACGCGCAGGCTGTCGTCCATCGCGAGCTGGGCGAGACCCTTCGCGACGCGCGTCTCGCCGCCGTTGTATGCCGCCGCCGCGAGGAACGGGGAGCCGAAGTGCGAACGCAGCCAGCGAAGGTTGCGCGCCGCGGCATCGGTCGAGCGCACGGGGTCGCGCCGCTCGTCCACCCACCAGTCCACGCGCAGCCCGACGTCGCGCGCGGTGCCGAGCATGAACTGCCACATGCCCACCGCCTGCACCCGCGACGTCGCCTGCGGGTCGTAGCCGCTCTCGATCAGCGCGAGGTAGCGCATGTCCTCGGGCACGCCGGCCGCGCGCAGCTTCGCGCGGATCATCGTCTCGTAGCGCGTGCCGCGCTCGAGCTGTGCGGTGAAGTCCTCTCGGTCGCGACCGGAGAACAGCGATACGTAGCGCCGCACGCGCTCGTCGCTCTCGAAGTCGTGCACCGGGAGGTCGAACGTCACGCCAGGCGCGTGCACGTGCGACGGCACCACGGAGTCCGTCGCTGCCTTGTTGCGCGCGGCGCGAGCGGGGCGTGCGGCGCGCTTCGCGTCGCTCGTCGGCGGCGTCGCGCCCGCGAACGTCTCCCCCGCGTCCGCCTGGCGGACGGTCGGCGCCGGCGTGGGCGCGGTCACCGGATGCGGCGCGGTCGCGCAGGCGGTCGTCGCGGCGAGCAACGCGCCGAGCAGGGGCGCGGGACGGCGACGAGTGACGAGCGCGGCGCGGAGCGGG
NZ_CP007128.1_gap105	4395309	4398387	3078	CGACCTCGCGGCGCTGCTCGAGGCGATCGAGCGCGGGCGCGCGGCGTCGGCCGGCGCCTGCGCGGAGATGCGGCGCGTGCTGCTCGGCCAGGAGCTCGACGCCGGGTCGATTCCCGCAGGGGTGCCGCCGGGCACGCGGGTCGCCCACAAGAGCGGGCAGATCACCGGCGTGCTCCACGACGCGGCGATCGTCTATCCGCGGGGCCGGCCACCGTACGTGCTCGTCGTGCTCACGCGCGGCATCCCCGACGAGAAGCTCGCCGCGGCCGCGATCGCCGACGTGTCGCGGCTGGTGTACGCGTACGCGGCGCCGAACGAGGCGACGACGTCACGTCGTTAGGCGGGCCTTCCGGCGGCACTTCTCCTCGTACAGCGCGGCGTCCGCGTTGGCGAGCAGGTCCTCCAGCGTGGGCGGCGCCGAGCCGTCGGCGCGCCGCGCGTGCGACTCGCTCGCCACGCCGACGCTGAGGCTCAGCACGTACGACTGGCCGTGCGCGGCGTTCGCCGCGGCGAGCCGCTGCTCGATGCGAGCGGTCACGGCGCGGGCGATCGCCGCCGCGTCCATCCCCCACGCCGTGCACCGCGAACGCGACGAACTCGTCGCCGCCCAGCCGTCCGATGACGTCCGACTCGCGGAACGTGGCGCGCAGCACGTCGGCGACGGTGCGCAGCGCGACGTCGCCCTCGGCGTGGCCGTGGCCGTCGTTGATGCGCTTGAAGTCGTCCATGTCCATGTAGAAGACGAGCACCGGCGCGCCGCGCTCGCGCGCGCGGTCGAGCGCCTGCCCGGCGACGGTGAGGAACCCGCGCCGGTTGTACAGCGTCGTCAGCTCGTCGACCAAGGACAGCGAGCGCAGCGCGGCCTCGGCCTGCTTGCGGTCGGTGATGTCGCGCATGACCGACGAGTAGTACGTCGGCCGGCCGTCGGCGCCGAAGTGCGCGATGAGCACCTGCTCCACCGGCACGTCGCGGCCGTCGCGCTTGCGGAGCACGGTCTCGCCGCGCCACGTGCCCTCGCGCGCCGCGATGCGCGTCGCCTCCTCCAGCGCGCCGCCGGGCATCAGCTGCGGCTGGACGTCGGCCATCGAGAGGTCGTACGCGCCGTCGGCCGAGCGCTGCGGCGGAAGGCCGAGCATCGCGCGGCCGGCGCCGTTCAGGTACTGCAGGCGGCCATCGATGTCGCTCACCGTGACGACGTCCGGCGTCTCCTCGAGGATCGCCGCGAGCCGCGCGCGCGCCGACTCCGCGCGGCGCCTGTCGCTGATGTCGCGCGTGAACAGCGCGAGCCCGCCGGGGATCGGCACGGCGCGGACGTGCAGCCACTGCTCCTCCCCCGCCTCGGTATACACGCACCGCTCGTCGTCGAACGACACGCGGCCCTCGGCGACGGCGACGTACGTGTCGTGGAGGTCGAGGCGCACCTGCACCGGGAAGCATTCGCGGAGCCGCGTGCCGATCACCGCCGCGCGCGGTCGGCCGGCGAGCCGCTCGGCGGCCGCGTTCATGTCGATGACCGCGAAGTCCACGACCCGCCGCCCGTCGCGCAGCGAGCGCAGGAACACCCACGCCTCCGGGATCGCGTCGAGCGCCGCTCGCTGGTACCGCTCGGTGGCGAGCGCCAGCTCGCCCGTCGGTGAATCGGCGGGACGGGGTGCGAGGGCGACCGGCGCGTCCAACGGCGCCGTGGCGTCTGCCATGTCGGGGGGATGGGGCGGAGGCGGGAGCGCGACCGACGTACCGTCGCGCCGGCAACTCGTGGAGCGGCCGCCTCCTATGACGAGCCGGTCATGGTGACGTCACCGCGCTCGCGGCCGGGCCGCCGGCAGGAATGGCGAGCGATGCGCGGGGTGGGACTCGAACCCACGACCTTGCGGTTAAAAGCCGCTTGCTCTACCGACTGAGCTACCCGCGCCATCCCGACCCAGGGCGCCGGGGAATCTAACCGGTGTCCCCCGGCGCGGCGCGGACGTTGCGGCGTTTAACTGTGTCAGTGGCGGCGTGGTCCCCCGCGACCGGCCGTGCCCACCGACCTCATTCTCCGCATCCGGAGGGCAGCTCGGTATGGAAACCTGGAGCGACAGCGCGTCCACCGAGTCCGGCGCGGGCCGACGATCGGCCGGCGATCGGCTGCATGCCGCACTGGACGCCGTGCTCCAGGCCTTGGGCACCCCTGCCGCCCCGCTCGACATCCTGCGGCGCGTGGTCGTGCGCTACGGAGCGCTCGCCCACGAGCAGGCGGTCCAGCTCGAGGACATGCTCGCGGCGCTCACCCGCGGGGTGCGCGGGGTCCTCGCCTCGCACCCCACGACCGCCGAAGCCGAGCTGCTGGCGTTCGTACAATGGTGGGCCGTTCACGGCTACCATCGCGCGGACTGATCCTCAGACCGCCTCGAGCTCCCGCTCCTCCAGCGACGACAGGATGCTCGACGCCGCACGCTCGGCGTGCACGCGGAGCTCGGGGACGGCGGTCGCCTCCCAGTAGCGCGCCTTCAGCAGCGGCCCGACGTGGTGCAGCACCCGCGACGGCACGCCGTGCCGGTCGAGCAGCGCGCCGTCGTCCGCCGTCTCGACGCCGAGGCCGAGCGTGTCGGGCATGAGCAGACCGCGGTCGCGCAGCGAGGCGATGAGCGGCTCTGCGAGGCGCCGCACGTCGGCGTCGGGGCCGGTGCAGTTCAGCACCCGTGCCACGCGCACGAGCTCGGGGCTCGACGCGCCGCGCCGCTGCAGCGTGACCGTGACGCCGTCCTCGTCGGCGGCGTAGCGCAGGACCCGTCCGGCGACGACGGCGAGCCGACCAGCAGCGGCGTGCCCGCGCAGCGCGGCGTCCAGCTCCGGCGCGGTACGGTGGCGGTGGACGTCCCAGTAGACGCGCAGGTGCCGGAGGAAGCGGGCCCGCTCGCGCACGCCGAGCCGCGCCCAGAGCTGCGGCGTTATCGGACGGAGCGACCCGATCACCTCGCGCCAGTCGACGCCGGCGGCGGCCAACCGGGCGACGTGGGCGCGGACCGCCTTGAGGTAGGCGAGCGCCGTCGGCGGTCCGGTCAGGATGTCGGGCGGCCGATGATCCGACGCAGGTGG
NZ_CP007128.1_gap106	4597870	4601767	3897	AGACGCAGCGCGACGGTCTGCACGCGGCCCGCGGAGAGCCCCTTCTTCACCGTCTTCCAGAGGATGGGGCTCGCCTTGTAGCCGACGAGGCGATCGAGAACGCGGCGCGCCTGCTGCGCCTCGACCTTCTTCTCGTTGATCTCGGTGGCGTGCGCCATGGCGCGCTGCACGCCGTCCTTCGTGATCTCGTGGAACAGCACGCGCCGGATGGGCGCGCCGCCCTTGCGCTTGATCACGCTGACGACGTGCGCCCCGATCGCCTCGCCCTCGCGGTCCGGGTCGGTGGCGATGAACACCTCGCGGGCGTCCTTCGCGTTCTTCTTGAGATCCGCGATGACCGGCTCCTTGCCGGGGATCGGCACGAGCTCGGGCTCGAACCCGCCCTCGATGTCGATGCCGAGCTTCTTCTCGGGCAGGTCGAGGACGTGGCCGACCGTCGCCCGCACCTTGTAGCCGCGGCCGAGGTACTTGCCGATCGTCTTCGCCTTCGCGGGCGACTCGACGATGACGAGCGACGTGGAGCCCGGCTCCGACGGCTCGTCGTCGTCTGCGGGCTGATACTTGAGCGTCCGCTTGGCGGCGGCCTTCTTCGCCGTCGCCTTCTTCGCGGTCGCCTTCGCGGGCGTCGCCTTCGCGGGCGCCGCCTTCCTGGCCGCCGCCTTCGTGGGCTCGGTGTCCTTCTTCTTCGTGGGCATCGCTAGTGGATCGTCGTCGCGGTCGAGCCGCCGTCGTCGATGCCGGCGCTCTCGAGGAGGGCCCGCAGCTCGGCGAGGCCGACGCGGCCGTCGGTGCTCTGGAGTGCGCGCTCGATGAGCCCCTCGCGGTCCGCCGGCGACAGCGCGCCGGTGGCGGAGAGGGCGAGAATCCGACCCCACGCCTCGGGGGCGAAGCGTCCCCGCTCGTGGCTGCCGGGGACGCGGAACAGCGGGCCCTCGGGCCGACGTCCCGCCGGGGGACGCGAGGTCCCTCCGTCCGTCGGGACGCCGGAGAGATGGGGGGCGAACACCTCCAGGATCTCACCGATCTGACGCGCGTCGTACCCGCGCGACGCGAGCCAGACCTCGACCTCGCGCGGGTCGGCGCCTGGCGCGAATCGCTCGCGCATCTCGGAGAGCAAGTTGTTCAGGGAGGCGTCGCTCATGGTCATCCGTCGGCGCGCTCGAACTCGCGGGTGAGAACCGCCAGCGTGTCCGCCACCTCGTCGACCGACAGCGCCTCGGTGTCGAGGACGAAGTCGGCCATGGCGTAGAGGGCCTCGCGGCGGCGGAGCAGGCCCTCGAGGGCCTGCCGTGGGTCGGCTCCGGCGAGCAACGGTCGGGCCGCGAGCGCCGGTCCCATGCGGTCGAGCGCGGCCGCGGGACTCACCCGAAGGTAGATGATACGCGCCGCGGGGCGCAAAGTTGCCGCGGCGAGCGGGTTCGCCATCCAGCCGCCGCCGGGGGCGATGACCATGGCCGGCCGGCCCGCGAGCTCGACCGAGAGGTCGACCTCCCGCTCGCGGAACGCCGCCTCGCCGTCGCGGGCGAACAGCTCGGTCACCGAGCAGCCCGCACGGCGCTCCAGCTCCTCGTCGAAGTCGAGGAACGGGCGGGCGAGGCGGTCGGCGACGAGGCGGCCGGCGCTCGTCTTTCCGGCGCCCGGAAGACCGACGAGCACCAGGTGTCGACCGGCCACCGCGCTCACCCGATCCGCTCGCCGACCCGCGTCAGGTACCCGTCGTAGTTGCGTCGCATCTCGCCGAGTGAGTCGCCGCCGAACTTCTCCAGGAACGCCTGCGCGAGGACGAAGGCCGCCATCGCCTCGGCTATGACCCCCATGGCCGGTACGGCGGTCACGTCGCTGCGCTCCGCGGCGGCCGAGGCCGGCTCCGACTTCGCGACGTCGATCGTCTCGAGCGGGCGCATGAGGGTGCTGATCGGCTTCATGGCGACGCGGACGACGAGCGGCTCGCCGGTCGTCATGCCGCCCTCCAGGCCGCCCGCGCGGTTCGTCCGGCGGCGGGTGTGGCCGGTGAGCGGCCGGCCGGGGGCCAACTCGATCTCGTCGTGGACGTCGGCTCCCGTGCGGCGCGACGTCTCGAAGCCGAGGCCGATCTCGACGCCCTTCACGGCCGGAATCGACAGCATGGCCTGCCCCAGCCGGCCGTCGAGCTTCCGGTCCCAGCTCACGTGCGAGCCGAGGCCGACGGGGAGCCCGTCGACGACGACCTCGCAGATGCCGCCGAGCGTGTTGCCGGCGCGCTTGGTCTCGTCGATGAGCGTGATCATGCGCGCCTCGGCCGACGCATCGAGCGTGCGGAGCGGACTGGCGTCGGCGGCGGCGTTCAGGTCCTCCGGAAGCGTGTCCGGCCGCGCGGCGTCGATGCCGCCGAGGTGGACGAGGTGGCTGCCGATGCGGACGTCGAACTCGGCCAGCAGCCGACGGCAGATCGCGGCGGCGGCGACGCGGGCCGTGGTCTCGCGGGCGGAGGCGCGCTCAAGGATGTCGCGCGCGTCGGCGCGGTCGTACTTCAGGACCCCGGTGAGGTCGGCGTGGCCGGGACGGACGCGGGTCACGGCTCGGCGGCGCGGGTCGGGGTCGCCCTCGCGCGGCGCGGCGTCCATGACGTCCTGCCAGTTCTTCCAATCGTTGTTCCGGATCAACATCGCGATCGGCGACCCGACGGTCTCGCCCGCGCGCACGCCGCTCAGGAACTCGACGTGGTCCTTCTCGATCTGCATCCGGCGCCCGCGCCCGTAGCCCTGCTGGCGGCGGGCGAGCTCCGCGTCGACGTGCTCGGCCAGCAGCGGGACGCCGGCGGGCATGCCCTCGAGGACGGAGACGAGCGCGGGGCCGTGGGACTCGCCGGCGGTGGTGAAGCGGAGCTGGGACATCGGGCGGGACGGGTGAGCGGGACCGGCAACCTAACGTGCCCGAAGGGCAGGAGGGCAGGAGGGCGCGCGCGAAACGCGCGAGGGCAGGAGAGCCGATGGCCCTCCTGCCCTCTTGCCCTCCTACCCTCCTGCCCTCCTGCCCTCGCCTGGCTACCGCGCCGCGCGCATCCCTCCGGCGCAGCTCGAGGCGAACGGCCGGTCCACCGTGACGACGATGACGCCGGTGGCGGAGGCGCCGACGAGGACGAGGCGGCCGTCCGGGCGAACCGAGGCCTTGATCGGGCCGACGATGGGATCGCGGACCTCGATCGTCCCCACCTTCTGATAGCAGTAGGTGTCGAACACCTCGATCTGCGGACCCGTGGACGCCGAGAAGGCGAGGCGGGTGTTCGAGATCGGGGAGTTGAGCCCCGTGTTCATCGGGTGGAAGTCGAAGCCGGCGTTGCTACCGCCGTTCGTCTGCATGAGCCCCTGCAGGCGGAGCGTCGGGTCGATGATGTACGTCGAGTCGGCGCGGATGGCGGAGAGCTCGCCGTCGAAGTTGGTCGACACGCCGAGCACGCGGGCGTTCGAGTTCACGACGTAATCGGAGACGTCGAAGTAGCGCGAGATGCCGCGGTCCATCATCGGCTGGTCGAAGTACCAGACGCCGGAGAGCCCGAGGTCGATGGCCATCTGCATGCCGCGCGACGCGTCGTACATCATGGAGCGGCTCCCCTTCACCGGCCCGCCCTCGCCGATGATGGCGCGGCGGAAGTTGCCCGAGTTGCGGAGGAACGTGGTGTCGCGGAACGCGAGGTTGCCGACGTCGACGACGACGGAGTAGAGGCCCTGGTCGCCGTTGTCGTTCGTGAGGCGCGTCTGGTACGGCACGAGCACCGAGTCGCTGCCGACGCCCTGCGCCGCGTAGCGGGTGATCTCGAGCGTGTCGGCACGCTTCGCCTGCTGGCCGATGGCCTGCTCGAAGAAGAAGTGCGACGCGTGGGTGATGAGGTTCTCCCACCGCACGGTGCCGCGGTTCGGG
NZ_CP007128.1_gap107	4605331	4606953	1622	AGTCCTGCACCTCGACCTGCCGGTCGACGCGCACGGCGATCTCGGCTCCGGCGGTGCCGGCCGGCGCGACGCGCACGGCGGTGACGGCGCCCCGGGCGGCGTCGGGCGCGGGCGCCTCGGCCACCGCGCTACGCCGCACGCCGGCGGCGAGCCAGGCGCTCGCGGCGTGCGCCGGAGTGACGGGCGCGGTCGCGTGCAGCGCGGCCGCGGCGGTGATCAGCGTCCCTACCTTCATTTGCCCCTCACTGCGGTGGAATCGTTCAGCCCCAGCGTCTCCTGACGGCTGTAGCCCAGCTCCTCGATCGTGAACACGACCGCCTTCTTCTGAATCGCCGCGACGCGCATCCGGCCGAGGACCGAGCCGACACGCACGCGGTGCTGCGTCTTCGCGTTGACGTCGCGGAGGATCGCGACGGAGCCGCCGTTCGTGGGATCGAACGCGACGGCGACGAGCCGCAGCTCCGCCAGCATCGGGCGAAGATCGGCCGTCGTGAGCAGCGACTTGAACGGATCGCGCCGGCCGTCGCTCGTGTAGCTGTACGTCTCGCGCTCGATGGTGACGATCGCCGGCGGCGTGTTCGCCTTCGCGTCCGCCTTGCCGGCCTTCGCGTTCGGCTTCGCGCTGGGCTTCGCGCTGGGCTTCGCGTCAGGCTTCGCGTTAGGCGCGGCGTGACGGACGGCGCCGCGCGGCGCGGCGGCCTTCGCGGGCACGACGTCCGCCGCCGGATGCACCACGCGCGACTGTGCGCGCAGCGCGGCGGCGCCGCCGCCGGCGAGCACGCCGGCGAGCGCGCTCAGAAGCAGGCCTCTCGGCGTCATGGCAGGATCTCCCCGGTGTTGGCGACCGGCCGCACGGCGACGGTGTCGGCGGGCGCCGTCGCGATGCCGTGCGCGACGTACGTCTGCAGCGTGACCGAGGCGGCGAGCTGCGGCGGGCGCGTCACGCCCGGCTTCACCGGCGCCTGGGCGGCGTCGGGCGCGGGCGTGAGCGTGAACGCGACCGGCGCGACGATGCGCGGCAGCGAGCCGACGTTCGCGAGGAACGTCGAGAGCCGGTGGTAGCCGCCGACGACGGTGATCTTGTAGCGGTACGTGTCGAACTCGTCGCCCTTCAGCACGGGATCCGGCACGACGCCGCTGACCTCGAGCCCCGCGCGACGCGCGGCGGTGGAGATCTCCTCGAGCAGCGCGGGGACCTCACGCTCGGTCGGCACGAGCCGGCGCATCGCCTCGAGGCCGGCGCCGGTGCGGGCGGCCTCGTCGCGCAGCTTCGTCATGTCGGCGTGCGACGCCTGCGCGCGCGCGCCTTCGCGTTCTGCCCGTCGAGCGTCTCGACGTGCGCGCGCACGGTCTCGAGCTCCGCGGCCTTGGCCGTGTACGGGTACGAGTAGTAGTAGCCGGCGAGGGCGACCCCGATCAGGCCCATGGCGACCTTGATCTGGTCCTTCTGGTTCGACGGGAGGAGTCCCACGGTCACCTCACCGGGACGGAGATGGTCACGGTGCGCAGCACGTCGCGCGTCGGGCGCTCGTACTCCGCGTCGAGCGTGAACTCGGTGAGCTCGCGCGAGCTGCCCTGCACCTGCTGCGCGGCGGGCGCGGAGTTCACGAGCTGCACGTTGC
NZ_CP007128.1_gap108	4724848	4729167	4319	CCGATGATCTGCTCCGGCGCCATGTACGCCGGCGTCCCCACCGACGTCCCGACCACGGTGAGGATCGTCTCCGCGTCGAGCTGCCGCGCGACGCCGAAGTCGGCGAGCAGCGCGCGTCCGGTGTGCAGCTCGAGGACGATGTTCTCCGGCTTCACGTCGCGGTGCACGATGCGCCGGTCGTGCGCGTAGGCCAGCGCCGATGCGATCTCGCGGAGGATCTGCGTCGCGCGCTCGTACGGCAGCGGCCCGCGCCGCAGCAGGTCGCGCAGCGTCTCGCCTGGGATGTAGACGCTGATGATCGCCGGCGCCGGCCCGTCGAGGTCCTCGACGCGCAGCACGCGCACGATGTTGGGGTGCTCGAGCGCCGAGACCGTCTCCGCCTCGCGCGCGAACCGCCGAGCCGCCTCCGTGCTTCCGCCCTGCAGCGCGCCGAGCAGCTTGATGGCGACGATCTGTCCGGTGGCGAGCTCCCGCGCCAGATACACGATGGCCATCCCGCCTCGGCCGAGCTCCCGCAGGAACTCGTACCGCTCGGTCAGCCGGCGTGCCGCGGGGGCGATCGCATCGTTGGGCAGCGGAGACGTAAGGACCTCCTCGGTGGATGGGTCCGGCTATAACGAGCATCCTCCATGCCTTGCCGGGACTCGGGACTCGGGACTCGGGACTCGGGACTCGGGAGCTCAGCCGTTACGAGTCCCGAGTCCCGAGTCCCGAGTCCCGACCCGCGCGCCCAGCCGCTCGGCGTCGAACGGCGCGTGGACCTTGGCGTCGTTGTCGAAGTAGACGTAGACGTCCGCGCCGCCGTGCTGCCACGCGCGGATCTTCCCGGCCCACGCGTCGAGCTCCGCGTCGGTGTAGCCGCTCGCGTAGAGCACCTGTGACCCGTGCAGCCGCACGTAGACGAAGTCCGCGGTCACCTCCTCGGCGTACGGGAACTTCCCCGCGGTGTCGGCGACGACGAACGCGTAGCCGTGGGCGCGCAGGATCGCGTAGAACTCGTCGTGGAAGTACGACGGATGCCGCACCTCGAACGCGTGGCGGAACGGCACGTCGGCGGGTGCCTCGACGAGCGCACCGCGGCGCAGCCGCTCGTCGTGCCACAGTGCCACGCTCTCCGCCTCGCGGGCGGTGCGCGGCAGCATCGCCATGAACGCGTCCATCCGCTCGGCGTCGAACCGGTACGTGCCGGGCAGCTGCCAGAGGAACGGGCCGGTCTTCGCGCCGAGCGCCAGCACGCCGCTCGCGAAGAAGTTGCCTAACGACGACTCGGCGTTGCGGAGCTTCAGGTTGTGCGTGATGAATCGCCCACCCTTCACCGCGAACACGAAGTCGTCGGGCACCTCGCTGGCCCACCGCTCGAACACGGCGGGCGACTTCAGGCTGTAGAACGTGCCGTTCAGCTCCACGCTGTCGAACTTCCGGCTCGCGTACTCCAGCCACCGCCGCGCCGGCAGCTCGTCCGGATAGAAGCGGCCGCGCCACGGCTTGTAGTCGTAGCCGCTGATGCCGATCCATGCGCGTCCGGGCATGCGGGTCGAGGAGAGAGGGTCGCGCCGGCTGGACTCCACGTACGTGTTTGACCAGGACTGAGGAAGGACTGAAGAGCGACTGAAGAAGGACCAAACACGACGTCTTTGTTGTTGGTCCTTCTTCAGTCCTCCTTCAGTCCTTCCTCAGTCCTACCAGAACTCGTACGTGGAGCCGTGAAGACGACGCTTCACGTGATGACCGTCGGAGCCTCGCGCCCCGTGCGCTCCCGCAGCTCGGCGAGCGACAGCGCGGTGTCGATGAGCGGCCGCAGCGCGTCCTGCGCGTCGAGGTCGTGGCGCGCGGGCTCGGGCTCGTACGACTCGATGTAGATGCGGAGCGTCGCGCCCTCGGTGCCGGTGCCGGAGAGGCGGTACACGATACGCGCGCCGTTCTCGAACAGCACGCGCAGCCCCTGCCGCGCGCTCGTGCTCCCGTCCACCGGATCGTGGTACGCGAAGTCGTCCGCCGCCGCGACGCGCAGGCCGCCTAACGTCGTGCCGGGAAGCGTCGCCAGCCGCTCGCGCAGCAGCGCCATCACGCCGTTCGCGGCGTCGGTGGGGATCGCCTCGTAGTCGTGCCGCGTGTAGTAGTTGCGGCCGTACGTCCGCCAGTGGTCGCGGACGATCGCCTCCACCGTCTCGCCGCGCGCCGCGACGACGTTGAGCCAGAACAGCACCGCCCACAGCCCGTCCTTCTCGCGCACGTGGTCGCTGCCGGTGCCGAAGCTCTCCTCGCCGCAGAGCGTGATGCGCCCGGCGTCGAGCAGGTTGCCGAAGAACTTCCACCCGGTGGGCGTCTCGTAGCAGTCGATGCCTAACGCCCTCGCCACCTGGTCGACGGCCTGGCTCGTCGGCATCGAGCGGGCGACGCCGGCGAGGCCGCGCGCGTAGCCAGGCGCGAGCGTCGCGTTCGCCGCGAGCACCGCGAGGCTGTCCGACGGCGTCACGAAGAAGCGGCGACCGAGGACCATATTGCGGTCGCCGTCGCCGTCCGACGCCGCGCCGAAGTCGGGCGCGTCGGGGCCGAACATCTCCTCCACGAGATCGTGCGCGTACGTGAGGTTCGGATCCGGATGCCCGCCGCCGAAGTCGGGGAGCGGCGTGCCGTTGATCACCGTGCCGGCCGGCGCGCCCAACCGCCGCTCGAGGATCTCCGTCGCGTACGGCCCGGTGATCGCGTGCATCGCGTCGAACCGCATGCGGAATTCGCCGCCGCCAAGCAGCGCGCGCAGCGCGGCGAAATCGAACAGCGTCTCCATGAGCGCCGCGTAGTCGGCCACCGGATCCACGACGTCGACGCGCATGCCGTCGAGCGTCGTCGTGCCGATGGCGTCGAGCGCCACGTCGGGGGCGTCGGCGATGCGGTAGGCCGAGAGCTCGCGGGCGCGCGCCGCGATCGCCGCCGTGACGCCCTCGGGTGCCGGCCCGCCGTTGCCGGTGTTGTACTTGATGCCGAAGTCGCCGTCCGGACCGCCGGGGTTGTGGCTCGCGGAGAGGATGATCCCGCCCGCCGCGCCCTGTCGGATGAGGTGCGACGCCGCCGGCGTCGAGAGCAGCCCGCCCTGCCCCACGACGACTCGGCCGACGTCGTTCGCCGCCGCCATCTTCAGGATGGTCTGCACCGCCTCGCGGTTCAGGTAGCGGCCGTCGCCGCCGACGACGAGCGTGGCGCCTGCGGGCAGCGCGGCGACGTCGAGGATCGCCTGCACGAAGTTCTCGAGGTAGCGCGGCTGCTGGAACACCGGCACGCGCTTGCGCAGGCCGGAGGTGCCGGGCACCTGGTCGGAGAACGGGGACGTCGGGACGCTGAGCGTGTTCATGGCGCGGGCTCTCGTGTGCGGGCTGGTCGGGCGTGCGGCCGCGGCGCACGTGTCATACCAGCGTCAGCGCTCGAGCGACAGGGTGCGCAGCGCGGGGTCGGCGTGCGCCCAGGCCCGCCGCACGTACGCGGCGTACAGCGCCGCGCTGTCGGCCATCCCGGCGCGCCGGAACGCGAGCGCCATGTAATGGTCGATCTCGGTCCGCGGCACGTAGCGGCCCACGGCGTCGGGGCGGATGGCGTACGCGTCGCGCAGCGTCGCCACCGCGTCGAGCGGCCGGCCGAGCGCGAGCTGGGTGCGCGCGAGCGCGATCGACGTGCTCGTCCACCCGTCGGCGACGCGCCAGCGGGCCCGCCGCAGCTGCCGCTCCGCTTCCGGCCAGTCGCCGGCGCGCATCGCGACGAGGCCGCGCACGTGGTGGTGCAGCACCCAGTCGCGCCCGAAGTAGCTCCGCGCCCCGATGCGCTCGATGCTGTCGGCGAGCGCGCGCAGCCACCCGTCGCGGGCGCACGGCGTATCGGCGACCGCGTCGGCGAGCAGCGCGTGGTGCCAGGCGAACGCGCGCGACGGGCCGCCGGGGGGCGGCTCCGCGGCGCCGGCGCCGTGCACGCGCTCGTACGCGCGGACCGCGGCCGCGCAGTCGCCGGCGCGCGCGAGCCCGTTCGCGCGCACGAGCTCGAGATACGCGAGCTCCGGATACGTGGCCTCGGCCCGCGCGATCGCCTCCGTCGACGCGCGGAACTGGCCGCGCTCGCGCAGCACGACGCTCGCGAGGTCTTCCGCCTGCACCTGCAGCGCGCGCACGCCGCTCGCCCGCCAGCTCGCGATCGCGGTGTCGGCGTCGTCGAGTCGACGCGCCATGACGAGCACCCAGCCCCACGCCATGCGCACGCCCGGCTCGTCGGGCGCGAGCGAGATCGCGCGGCGCATCGCCTCGAGCGCGAGATCGTGTCGGCCGCGGTACGCGTGC
NZ_CP007128.1_gap109	4791961	4795306	3345	CTGCGGCAGGCGTGGGAGGAGACGGACTCCGCGATGCGTGAGGCGTGAGGACGCATCATCTCGATTCTGGCCCATCGGCGACGGGGACGCCGAAGTCGGGCGTGCCGTCCGGGCGCCAGCGAATGTGCTGGATGCGGGTGTGGCGATTCGGGTCGCGCAGCGGATCGCCGACGATGTCGCGGTAGCTCCGCGCGTGGTAGACCAGCACGTCGGCACCGCTCGCGTCGGCGGTGAACGCGTTGTGCCCCGGCCCGTACTGCCGCGTCGAGTCGCTGCTCGCGAAGACCGGCGCGCGCGACTTCGTCCACGACCGCGGCTCCAGGAGGTCGCTCGTGTCGCTCGCGGTGAGCATCCCCATGCAGTAGCTCGCGTCCGTCGCGCTGGCCGAGTACGTGAGGAAGACGCGGCCGTGGCGCACGAGGACGGCCGGGGCCTCGTTCACCCAGTAGCCACGCGTCTCCCAATCGTACTCCGGCCGCGAGAGCAGGACGGGCGTGCCGCGGATCGTCCACGGGTTCTCCATGGCCGCGATGTACAGGTTGCTGTTGCCGCGGATCGCCGGGTCCTTCTGTGCCCACACCAGATAGCGGACCCCGCGATGCTCGAACGTGGTGGCGTCGAGCGCGAACGACTCGCGGCCGGTGCGGATCTGCCCGCGCTCGACCCACTCGCCGGCGAGCGGGTTCGCCGACGCGTTCTCGAGCGCGTAGAGGCGGATGTTCCACACCGAGTCCGCGCGCCCGGCGGCGAAGTAGACGTACCACTTGCCGCCGATGCGGTGGATCTCCGGCGCCCAGATGTGCGCGCCCATCGGCCCCTGCGCGTGCTCGCGCCAGACCACCACCGGCTCGGCGCTGCCTAACGCCTGGAGCGAGCGGGCGTGGCGCAGCTCGATGCGGTCGTACTCGGGGACGGTCGCGGTATACCAGTACGTCCCGTCGGTGTCGCGGAAGACGTGCGGGTCGGCGCGCTGCCGCACGAGCGGGTTCACGAACGACTCGCGCGCGGCGGGCGCGGCACGCGGTGCGCCTCGATGGCACGCGACGAGCAGCGCGAGCACGAGCAGCGTTCTCCGCATCACATCTCCGGTGGGGGACGACATCTCGGTGACCTGACGCTAGAAGACGCGCCGAGGGCGAGCAAGCGATTGCCGGGGCGGCGGCCCGGCGGTACACTAGCCGCCCGACCACCCCGGTCGGAGAGCCGGACGCCGACGCAGGAGGACGCGTGTCGAGCAACTCACTCCACGGGCCGCGCGCGCGGCCAACCAGAGTCATCGTGCTGGCGACCGTGCTGGCGCTCGCCGCGCCGACGCACGCCCACGCGCAGCGCACGGCGACGACATTGCGCCGCGGCGCGCCCGGCGCACCGCGCGGCCCCCTCACCGACGTCACCGTCTCGTTAGGCGGCACGCGCTACACCGCGCAGGTCGACGCGGACTGTCACGTCGATCCACGGGCGACGGCGGGCGGCCCGCGCGCGTACTTCGTGATGATGTACCCGTGGTTCGGGCAGCGGCCGGCGCCCGACCAGCCGCAGTGGCACGTCAACCTCGAGATCCGGCGCGGCGCCGCGTCGGAAGCGTCGAACGAGTTCGTGTTCGCGTTCGGCGACGGCGCGCGCGCGGCGACGATCCAGACCGTGTCCGGCTCGCAGCGGATGGGATCGGGCACGGTGCGAGTGACGCGGCACGGCGACGGCGCGCGGTTCGACGTCGCGGGGCGCAGCCACGAAGGTGAGGAGATCCACGCCACGATCGACTGCTCGGCCTTCCAGAAGAGCGAGGGCGCGGGCGGATGATGCACACGCACGCATGAACTCCCGCCGACAGTTCCTCATCCGCGCGCCGCTCGGGCTCGCGGGCGCACTCGCCGCATGCCGCGGCAACGACCAGCCGCCGTCCACGTCGACCACGGCGACGCCCGGCGCGCCGCCCGCGTTCAACACCGCGCCGCCCGTCGGCCCCGAGGTGTCGGCGACGACGTTCGCCGAGGCGGAGAAGCTCGCGCAGGTCTCGATGACCGACGCGCAGCGCGAGATGATGGCCCGCAGCTGGCGCACGTCGATGGCGGCGCTGCTCGAGCGGCGCACGGGGCCGCGCAAGCTCGCGCTCGAGCCGACGCTCGCGCCGGCATCGCGCTGGGAGCCCGCGTCGGTCGCGGCGACGACGATGCCGGCGAGCGATCGCTTCGTGCGCACCACCGACGACCCCGGCCCGCTGCCGGCGAGCGACGACGAGATCGCGTACGCCACCGTCGCGCGGCTGTCGCGGTGGATCGAGACGCGGAAGCTGACCGCCGATCGACTCACGCGGATCTACCTCGACCGCGTGCGCCGCTTCGACCCGAAGCTGCGCGCGATCATCACCGCGGTGCCCGACGCCGCGCTCGCCGACGCCGCGCGCGCCGATGGCGAGATCGCCGGCGGACGCTATCGCGGGCCGCTGCACGGCATCCCGTACGGCGTGAAGGACCTGCTCGACACGGCGGGCGTCGCGACGACGTACGGCGCGGAGCCCTGGCGAGATCGGGTGCCTAACGCGGATTCCGCGGTCGTCGCGCGGCTGCGGTCGGCCGGCGCGGTACTGCTCGCGAAGCTGAGCATGGGCGCGCTCGCGCTGAACGACATCTGGTTCGGCGGGCAGACGATGAACCCGTGGCTGCTCGAGGAGGGGGCATCGGGATCGAGCGCCGGGCCCGGCGCGGCGACGGCTGCGGCGCTCGTCGGCTTCTCCATCGGCAGCGAGACGGGCGGCAGCATCGTGAGCCCGAGCATGCGCTGCGGCGTGACGGGGCTGCGCCCGACGTACGGCCGCGTGCCGCGCTCGGGCGCGATGACGCTCTGCTGGTCGCTCGACAAGCTCGGCCCGATGACGCGCGGCGTGGAGGACGCGATGCTCGTGCTCCAGGCGATCGGCGGGCCCGACGCGGGCGACGTGGCGAGCGTGCCGGCGCATCTCGAGTTCGACGCGGCGGCGCCGGTGCGCGGTCTGCGCGTGGGCTACGTCGACGCGTGGATGAAGGAAGCGCCGGCGACCGATGTCGATCGCGCGACGCTCGACGCGATGACGCGTCTCGGCATGACGCCGACGCCGATCACGCTGCCCGACTGGCCGTACGATTCGCTGAACCTGATCCTGTTCGCCGAGGCGGCCGCGGCGTTCGAGGATCTGACGCTGAGCGGCGCGGCGGACCGGCTCAAGGTGCAGGTGCCCGACGCGTGGCCGAACCTGTTCCGCGAGGCGCGCTTCCTCTCCGCGGTGGACTTCGTGCAGGCGGACCGCTTGCGGCGCAAGGTGGCCGCGGAGATGGGACGCGTGATGTCGCAGGTCGATCTGCTGCTCGT
NZ_CP007128.1_gap110	4796552	4797269	717	CGCCACGAATCCGCGGTCGCCGCGCGAGAACGCGATGGCGTTCGCGCCGTCGCTCCACCAGTCGGTGACGTCGGTGCCGGCGACGGTGCGACGGAAGCGGACCATGTTGCGGATGTACGGGTCACGGTGCTCGCACACCCACTGGCCGAGCGTCGCCGTCTCGAGGCTCGACGCGCAGCGCACGGGCAGCGTCCACCCGTCGGCGTCGGAGGGCGGGCCGGCGGCGTTCCCGGCCGGGCAGACGAACGCGTAGCTCGAGAGCACCGACGGATACCCGTACGGCTGCGCGAGCATCCACACGTTCGCGAGCCGGAAGACCTGCGCGTCGCGATATCCGATGCCGCAGTCGTGCTGCGTGTCGTGGTTCTGCAGGAACACCACGGCCTTGTCCGCCGGCATGAGGCCCCACGCGGTCGCGGAGAACTGGCCACCCGGGGCCCCGTTCGGGTCGAGCTGCGACACGTGCTCGCCGTTCACGCCGCGGAACTTGTTGCCGACGCCGACGAACGTGAACTCGGTGATGTCCGCGGCGCCGCCGGAGCGATACGCCTCGCCGAAGTAGTCGCGTGGCGAGAGCGCCTCCCCCGCCCCGCCCGAGACCTCGAGAAACCAGTACGGGATCGGGCGCGCCTCGGCGACCGCGGTGGAATCGACGATCGACAGGATGCCGTCGAGCTCCACCTGCTGGATGTGCTTCGCCGCATCGATGCGGAAGCC
NZ_CP007128.1_gap111	4982954	4987744	4790	GGTCGCTCGGGCGAGGATCGGAGTGCATCGGCAGAACGTACATCCACCCCGAGCCCCCACCCATCCGGGGTCGCTCGTCCGTACGCCGGTGGAGCGCCCTACGTAGTGGTACGGGCGGCGGTGGGCTCGGCGGCGGGCGCCGACACGCTCTCCGCACGCGGCCGGCGGGCGCGGTCGACGATGCGGTCGGCGAACCGGTCGGCGAGCGCGGCGATCGTGAGCGACGGATTCGCTCCCACCGGTCCGGGCATGATGGAGCCGTCGGCGACGTACAGGCCATCGTGGCCATACACCTCGCCGTACGGGTCCACGACGCCCTCGTCCTTCGAGACGCCCATCGGGCAGCCGCCGAGCGGGTGCACCGTGATGACGCGGCGCAGGTACCAGAGCGGGTCGTCCTGGAAGTGCTCCGCGCCCCACGAGTCGGCCATCTGCTTCATGACCTCGCGCACGCGCGTGAAGTACCGCCACGACGCGTCGGTGCTCCAGTCGTTCTCGAGCCACCCCTTCTCGTCGAGCCACATGCGGCCGTCCGGCACGTCGCGCCCCATGCCGAGCAGCGGGATGGTCGTGGACGAGCGCGTGCCGGGGCCGAGCATCCCCGCGAGCTCGCCGCCGAGCTCCGTGTCGGCGCCGGCGTGGAAGACGCGCTGGAGCTGGTGCCACGCGAAGCGCAGCCCGCGCCGCGCCGAGTCGCCCATGGCGGTCATCTGCAGCATCACGGCCATGAACGCGGGCACGCCGGCGTCCTCGACGTAGAAGCCGCGTCCCGCGGCGCCGTCGCCGTCGAGCGTGTCGCCCACGCGCAGCGCGCTCGTGATGACCGGTCCGTAGCTCGGCTCCATCGCGCGCGGCACGCGCTTGCCGTCGCGCTCCTCGTGGCAGTCGAACGCGAACGTGAGCAGGTCGCCGTTGCCGCAGAAGCGGGTGCCCAACGCGGGGCTCAGCGCGGGCAGCGCGTGGCGGTTGCGCAGCAGCAAGTACGTCGAGCCGTACGTGCCCGCGGCGAGGACCACGCGGTCCGCGGTCAGCGTGAGCCGTGGCTGATCCTCGACGCGCGGCGCCGACGTGTCGTGACGTACGTACTGGATCTCGTAGCCGCCTCGCGCGTACGGCGTGATGCGCTTCACCTCGGCGAGCGTGCGCACGTCGGCGCCCTGCTCCACCGCGCGGCTGAGGTAGTTGTGGTCGAGCGTGTTCTTGCTGCCGTAGTTGCACCCCGCGTCGCACTCGCCGCACAGCTGACACGTCACGCGCGCCTTGCCGTGCAGGTTGTGCGAGCCGTCGTCGACGAGCTCACCGGGCGACGGCGGCGCGCCGTCGCGCGCGAACGTGATCGCGAGCCGCGGGAGCAGCCAGTCGTTCGCGCGCCCCATCGCCTTCGCGGCCTCAAACATCGCGCGCGTCTTCGGCGTGTCGCGGTACGGCGCCTCGCCGAACGGGTACGGCATCGCGTTCATCATCCGCTCCACGCGGTCGTAGTGCTCGTCGAGCGCGGCGCGGTCGACCGGCCACTTGCGGTAGCCGCCCGGGTAGTGCCCCTGCGGGTCATCGTCCACGAACCACTTCTCGTCCTTGCGCAGCAGCACATTCGCGTAGATGAGCGATCCGCCGCCCAGCCCACTCGACACGAGGCTCTCGACGCCGCGGAACGACCAGACGTCGTACAACCCGTACAGCCCCTCGCTCGGATCCCAGAAGTTCTTCGCGAAGCCGGCCGGCGTGCGCGGGAACGACCCGGGCGGGTACGCCTTCCCGCGCTCCAGGACGCACACGCGCAGCCCCGCCTCGGCCAGGCGGTAGGCCATCACGGATCCGCCGAAGCCGGAGCCGACGATCACGACGTCGAAGTGGGTATCGGTGGAGAGCGTCATATGAACGTCATCCTCGGCTGGAGCTCGTGCGTCTCACGCGGAGGCGCGGAGAACGCGGAGAACTGCTCTTGCTGTGTGATCGAACCGCAGAGGACGCAGAGGGTCGCAGAGAACCCCAGCGGTCCTCTGCGTCCTATTCGGTTCAATGGTGTTCTCCGCGTGCTCCGCGGCTCCGCGTGAGCCATCAGGAGATCGTCAGGCCCGGCGCCGCGGCCGCGGCGTAGCCGCCGGAGCCGGGGCGCACGATGCCCGGAATGACGATCGGCGATTCGATCAGCTCGGGCGCCGTCGCGTGCGGGTCGTCGGGCACCAGCAGCGACGGCGTGGCGTCGCGCGGCTCGGCGGGGCGCCACTTGCGCGCGACCCGGTGGAGCTTGATCGGGTAGATGCGCAGCGCGCCGTCGGGCGTGACCTGCAGCCGCAGCCAGCTCTTGTAGTCCTCGATCCGCATCGAGGAGAACGCTTCCGTGTTGTGGCGGTGGAACAGGTTGAGCGAGATCAGGAGGTAGAGCCCCATGATCACCGAGCCGACCACGTAGCCGCCGACGAGCAGGAAGCCGCCGACCGTGAGCCACTGCAGCCACTGCGGACGGCCGGCGAGCACGTTCGCCGCGAATGCCGCGCCGATCCACCCCGAGAAGAACGCCGCCAGCAGATGCGCCAGGGCGTGCAGCGTGCCGCCGAGTCGCTTCTGCGTCGGCGAGTGGGAGTCGGTGAACGTGACGAAGCCGAACACGACGAGCACGCCCCACACCATCGCCGTGGGGCTGAGCAGCACGGCGTCGCGCAGCGCGGCGAGCGCGCGCGTCGGCTCCCTGAGCGACACGGCGCCTAACGGCACCTTCACCGACCAGCCGAGCAGCAGGTACAGCACCGCGGTCAGGATCCCGAACTTCGGGTTGTGCCTGATGAACAGCAGGTTCCCCCACGACAGCCGCTTCGACTCCTCGACGCTCGGGAACGACGCCTTCAGCGTGTAGCCCTCCGGAAGCGTCGCGACCTCGGACACGTCGTGGTGCGTCGGCGACAGGTACGCGCCGCCGCCGCCGGCGGTGATCTTCTGCCGGCCGTCGCGCGCCTCGTGGCGCCGGTAGTGGTGCAGGTCGCCCGAGAGGAACACCTCGATGCGCCGCCCGAACACCTCGCGCTCGAGGTAGTTGAGGTTTCGCTGGGTGAGCGACGGGTCGAACTTCGCGTAGCGCGCTTCCTCGATCCAGTGCGGCTCCGCGGTGCAGAGGATCACGCGCGCGTCGTCCTCCATCTGCTTCGCGACGCCGCGGAAGTACTCGAGCTGCGGGTCGTCGATGTCGGAGTCGAGCTGCACGTCGGTGCCGACGAGCCACCAGTGGTGCGGCAGCCGCACCGCGAAGTAGCTCACCGACTGGCGTGCCTGCCACCCGCCGAGCGCGCGGTCGCGCGTGCCGCAGAACAGCCGCGTGAACGACACCAGGCTGTCGTACCAGTCGTGGTTGCCCGGCACCGCGAAGACCGACGGCTGCGGCTTCGCGCTGTTGGGCAGCGCGGTGCGGTACGGCGCGACGAGCTTCTGCTCGTACCACTCGCGGCTGGGCGTCGGGTACACCTCGTCGCCGCCGAACACGAGCACCTGGCCGCGCCGCGTGAGGTGCGTCGTGCCGCGCGGGTCGTCGACGCTCAGCGTCGGCTGCGCCACCTGGTGGGCGATGCCGTACGTCGCGTTCCAGCCGTCGCCGGTGTCGGAGACGTAGTCGAGCCACAGCTCGTCCCACGTCGAGTAGTCGCAGACGCCGATGTCGCGGTGCGCGATCGAGTCGAGGATGCGGCGGTCGGCGTTCTGGCCGAACAGCTCCGAGACCAGCACGCGCATGCCCGTGCGCATCAGCTGGGCGGGATCGAACCAGCCGGTCATCGTCGCCCGCTCGCTCTTCGCCGGCACGCGCGGCGCCGGCGCCGATCCGGTCACGCCCCGCCTCCCATCATGCGCCCGACCGCGCCGCCGTAGGAGTCGATGAGCTGACCGGCGAAGAAGCGGCTGAACGTCATCACGGCCTCCGCGCCCTCGGTCATCGACCGCGCGCCGACGGGCCGGATGGTCGACATCAGCTTCGCGAAGTCGCCCATGTCGAGGTGCAGCACGCCGGCGCCCACGACCGGCCCGTTCGCGTCGTCGCCCTCGTGGAGCCGCGTGAACAGCGTCGTCGTGTCGCTCAGCATGTCCAGCCCGGCGTCGTTCCGCACCTCCTTCTTGCCGGCGAGGTAGTAGCGGCGGCCGTCGTGCTGGAACCCGAGCTCGTACACCATGTACTTGAGCCCCGGCGTGCCGCCCGCCGAGAACAGGCGGAACACGCCCGCGCGCGCCGGGATGCCGGTGCCGAGCGGCGGGAAGTCGATCTCGCCCACCAGCTCTCCGGTGTGCGTGGGATCGGCGACGAAGCGCTGCACGTCGTGCACGGTGACCGTCGCGTGCATGGTGAGCGTCGTCGCCGCGCGCTCGCCCGCCGCGGCCCCCGCCTTCGGGTCGTCGACGCCTAACGCGAACGGGCCGGCCATGGTCTCGCGGAACGTGATGCCGAGGGGCTCGTCCTGCATCTGGGTGGCCTCCGGTGTGAGGGGGACGCCCTCGGCGCGCATGGCGTCGAGGTAGCGTACGGCGTCGAGGTAGCCGAGGGCGACGAGCGTGCGCGCGTCGACGCGGCCGAAGAAGAAGTCGGGGTCGAGCGGGAGCGCGGTGCGCGGCTTGATCACGTGCAGCACCACCGGCCGCGTGCGGCCGTACGGGCGCTCGCCGAACGCGACGTCCTGATTGATCTCGGCGATGCGCCGCAGCTCCTCGTGCAGCACGCCGCACGCCGACATCTCGATCATGTGCACGTACTGGCGGAACGCGCCGGGATAGTACGTCGGCGTGTTGCCGATGCACCACACGAGCCAGATCTC
NZ_CP007128.1_gap112	5126998	5131583	4585	GGGCTTTATCGCGAATCGGCTCGGCGTGTACGGCATGGTGCACACGATCCAGCTCATGGAGCGCTTCGGCCTCACGATCGACGAGGTGGATGCGCTCACCGGTCCCGTGCTCGGCCGCCCGAAGTCGGCGACGTTCCGCACCGCCGACCTGTCCGGTGTCGACGTCATCAAGCACGTGAGCGCGGGGCTCGCCGAGTCCACTGGCGAGGACTTCGCGCTGCCCGCGTGGGTGCACCGCATGGTCGACGAGAAGAAGCTCGGCGACAAGACCGGCGGTGGGTTCTACAAGAAGGTCGGCAAGGACATCCTCACGTTCGACCGCGAGACGAACGACTACGCGCCGCAGCAGAAGGTCGAGTCGCCGGAGCTGAAGGCGGCGGGCAAGACGCCGCTCGCGCAGCGCGGCGCGGCGCTGAAGGAGCTCCCGGGCAAGTACGGCGATTTCCTCCGCACGCTCCTCGTCGACAGCGCGCACTACACGCTGGAGCGATCGCCCGAGCTCGCGTTCGACGTGCCGAGCGTGGACCGCGCGATGGAGTGGGGCTACGGCCACGAGGCGGGCCCGTTCCGGCTCATGGACGCGCTGGGCCTCGACTGGCTGAAGCAGGAGTTCATCAAGGCCGGCTACTCGGTGCCCGCGCTGCTCACGCAGGCGCACGGGAGCTTCTATCGGCAGACGCCTAACGGCGAGGAGGTGCTCGGCTTCGACGGCCGATATGCGCCGGTGCCGGAGATCGCTGGCAACCTCCGCCTCGCCGCCGTCGCTGCGCGGCCGAACGCGATCCTCGAGCAGAACGACGGCGCGCGGCTGCTCGACCTCGGCGACGGCGTCGCGCTGCTCGAGTTCCGCGGCAAGGCGAACGCGATCTCGTCGAAGGTGCTCGACCTGCTGTGGACGTCGCTCGAGCGCATCGACCGCGACGGCATGGCGGGCCTCGTGATCGGCAACGACGACCCGCGCACGTTCAGCGCCGGCGCCGACCTCGCCGAGTCGAGCGGCGCCGTGATCGCGGGCATGTGGGACGTCATCGACCAGGCGATCGCGCGCTTCCAGAACAGCACGCAGGCCATTCGCTACGCGCCGTTCCCCGTCGTCGTCGCGCCGGCCGGGCTCACGCTGGGCGGCGGATGCGAGTTCGCGCTGCACAGCGATCTCGTGCAGGCGCACGCGGAGCTGTACATGGGGCTCGTCGAGGCGGGCGTCGGGCTGCTGCCGGGCGGCGGCGGGTGCAAGGAGCTGCTGTTCCGCTTCATGGGCGACCTCGCGCCGTACGAGGAGGCCGACCCGTTCGAGGCCGTCAAGCGCGCGTTCAAGCTCATCGCCACCGCGCAAACGTCGACGAGCGCGCTCGAGGCCCGGAAGCTCGGCCTGCTGCGCGCGAGCGACCGCATCTCCATGAACCGCGACCATCAGATCGCCGACGCGAAGCAGCGCGTGCTCGACCTCGCGCCCGGCTACGTGCCGCCGGCGCCGCGCACGGTGCGCGCGTTAGGCACCGAGGGGCTCGGCAATCTCCGCTACGCGCTGTTCTCGTTCCGCGAGGGCGGCTACGCGTCGGAGCACGATGCCGTGATCGGGGAGCGCATCGCGCGCGTGCTGTGCGGCGGCGACGGTCCGCCCCGCGTGGTGAGCGAGCAGGACATCCTCGACCTCGAGCGCGAGGCGTTCCTGTCGCTGCTCGGCAACGAGAAGACGCAGGAGCGGATCATGTACACGCTCAAGACCGGGAAGCCCCTTCGCAATTGATATCGAGCGGGGAGCGTGGAGCGTGGAGCGGGGAGCGCGCATTCCTCCACGTTCCACGCTCCACACTCCCCGCTCCACGCTCACTTGGAGGAACGACGATGGACGCAGTGATCCTCTCCGCGGTGCGTACCGCGGTGGCGAAGGGCAAGGCCGATGGGGCGCTGGCAAAGGCGGGCGTGCTGCCGATCGACATCTCGGCGCTCGTCATGCGCGAGGCCGTCGGGCGCGCCGGCGTCGACGTCGCCGCGGTGGACGACGTGATCTGGGGGTGCGCGATGCCCGAGGCGTCGCAGGGGCTCAACGTGGCACGCAACGCCGCGCTCGCGGCCGGCCTCCCCGTCGACGCATCGGCGGCGACCATCAATCGCTTCTGCTCCTCCGGGCTGCAGAGCGTCGCGTCGGCCGCGCAGGCGGTGCTGAGCGGCATGCAGGACGTCGTGCTCGCCGGGGGCGTGGAGATGATGTCGCAGGTGCCGATGTCGGGCTACCACACGCGCCTCCACCCCGAGCTCACCGAGAGCTACATCGGCATGGGCTACACGGCGGAGCGCGTGGCCGAGCGCTACGGCGTGAGCCGCGAGGACCAGGATCGCTTCGCGTACGAGAGCCAGCAGAAGGCCGCGCGCGCGCTCGCCGCGAACGCGTTCGGCGACCAGATCGTGCCGGTGCCGGTGAAGCACGTCGCGTGGCGCGGCGCGGAGAAGACGGTCACGGAGAGCACGTTCGACCGCGACGAGCTGCCACGCACCGACACGACGCTGGACGGGCTCGCGAAGCTCAAGCCGGCGTTCAAGAACGGCGGCACCGTCACCGCCGGCAACGCGAGCCCGTACTCCGACGGCGCCGCGGCGCTCGTCGTGACGTCGCGCGCCAAGGCCGAGCAGCTCGGGGCCCGCCCGCTCGCGCGGCTCGTGACGTTCGCCGTGGCCGGCATCGACCCCGACGTCATGGGCGTGGGCCCGATCAACGCGATCCCGAAGGCGCTGAAGAAGGCCGGGATGACGCTCGCCGACATCGACCTCATCGAGTTCAACGAGGCGTTCGCCGCGCAGGCGGTGGCGGTCGCGCGGCACGTCGGCATGGACATGGACCGCGTGAACGTGAACGGCGGCGCGATCGCGCTCGGCCATCCGTTAGGCGCCACGGGATCGAAGCTCTCGGTGCAACTCATTCACGAGCTGCGCAGGCGCGGCGGCGGCGTGGGGATGGTGACGATGTGCGTCGGCGGCGGCATGGGCGCCGCCGGGATCTACGAGGTGTATCCGGCCTGACCGTCGGGAGCTACGGCCGCCGGCGACCGAGCGCGTCGGCGGCCCGCGTCACCGCCGCCTCCGGCGCCACGCCCGCGAGGATCTCCCGGTCCACCGCCGCGGTGAGCGCCACGTAGTCCGCCGCCGGCACGCCGCGGGCCGCGAGTCGACGCACCGCGCCCACCGCGACGTCGGGCGGCGCGCCGCGCGACACGAGGTCGGCCACCGCGCCTAACGGCACCGCCAGCGGCTGCGCGCCGCCGTGCGCCGCGTGGGCCTCGGCGACCCGGCGCAGCGCGTCGCGGTCCACGCCGAGCCTGAGGGCCGCAGCGCCGGCGACGAGCGCATCGGCCGACGCGCCGGCGCCGAGCACCCCGCGCGCCGTCCCCAGCTCGCCGACGAGCTTGCGCACCGCGGCGACGATCCGCGCGTCGTCGGCGCCCTTCAGCACGCCCTCCGCCGCCTTGTCGTAGAGCGGCGCGAGCGGGAGCCCGACGGCGCGCGCCGAGTCGCCGAGCGCCGCGAGCGCGGCGCGTGCCGCCGGCTGCACGCGCGCCGGCCACTCGCTCGACGGTGCGGGCTGCGCCGCGGCGGTGGAGCACGCGACCAGCAGCGCGAGGCCTAACGCGCGCCTCACGACGACCCCCCGACGAGCACCACGGAGCTCGGCGCGCCGAAGTCGTCGTCGGCCGTGCGCGGCGCCGCCGGATCCGCGCGCAGCCCGCCGTCGACGACGAACCCGTAGACGTGGCGGCCCGGCGACAGCGGCACGCGCACCTCCCACGTCCGCCCATCGGGGCTCGCGCGCAGCGGCGTCGCGGCAGGGTCCCACCGGTTGAAGTCGCCCACGAGCGCCACCCGCGTCGCGCCGGGCGCGATCAGCGCGAAGCGCACCACCGTCGGTGCGGCGGCGGCGGCGGCCGGTACGCGCGCCACGGTCGGTGCCGCGTCGCGGCGCAGCGCCCACCATGCGGCGCCCGCGCCTAACGCCATGCATGCGAGCCCCGCCGCGACCGCCGCGAGCGGCGCCACGCTCCACCGGCGTGCTCGGCGCGGCGCCCGCGTCGCCACGATCTCGCGCAGCAGCGCCTCGCGCCACGCCGCGCGCACAGGCGGCGGCTCGCGCAGGGCGCGCACGTGCGCGCGCAGCGCCGCGGGCAGCTCGTCGCCGTCGTCGTGCTCAGTCCACACCGGACACCTCCCGGAGCAACCGTTGCAGCCGCTCGCACGCCCGCTTCACGCGCATCTTCAGCGCCGACACGCCGACCCCCGTCGCTGCGGCCATCTCGTCGTAGCTCAGTTGCTCCACGTGCTTCAGCAGGAACGCCTCGCGCTGCGCCGGCTCGAGCGCCTCGAGCGCGAGCTCCAGCTCGAGCCGCGCCTCGCTCGCGCCGGCGTCCGGCTCCACGAACGCCATGTCCATCGCCACCGCGTCGTGCACGAACCGGCGGCGTCGACGCCCGCGCCGCATCGCGGCGGTGCGGCAGCGGTTCACGAGGATCGCGAACAGCCACGCGCGGAACGTCTCGCGCGGCTCGTAGCGGTCGAGCGAACGATACGCGCGCACGAACGCCTCCTGTACCGCGTC
NZ_CP007128.1_gap113	5133401	5136526	3125	CGCGCAGCGTGTACCAGCCGTCGGCGAGCTTCGCGCTGTGGATCTGCCCGGTCGCGTCGCTCGCCAGCGTCGCCAGCAGCGTCTCCGTCGGCCGGGTCGCGCTCGTCGAGTCGGGACGCGTCGTGGCGTAGATGGCGATGCTCGCTCCCGCGACGCCGCGGAAGCCGACGCTGTCGTGCGCCACGCCCGCGGCGTCCTTCCACTGAAGCACGAAGTTCTGCACGGCGACCGCCCACAGCGTGCCCGGGCCCGGGCGCACCGAGTCCGGGGAGAGGCGGACGGAGTCGGAGTGAGTCGGCGCCGTCGCGGCGCTGTCGGCGAGCGACGCGCTCTTGCCCAGGACCGTGGACGGCGGGGTGGGCTCGACGGTGGCGTCGTCGCAGGCGGCCACGGCGGCCGCGGCGACGGCGATCGCGAGCAGAGCCGTTAGGCGTGGTGTCGGTCTCGCAGGCATGTGAGCGTCGGGTGAGAGTGACGGTTCACACCGCGTGGCCGGCCGGCTGGAGCGATGTACGCGTGCAACCCCCGGCATTCCCGTCCACGTCACACGCGAAAAGACCACGCGGCCCGCTCAGCTGTCGCCGAGCGGGCCGCGTGGTCGTTGTTGGCCGGAGGGAAGGTTGTTTTGAAGCCCCGATGGTGAATCGGTGGGTGTCCGCGCTTCCGTTTTCCGCCTTCCCCGCACTGGGGCATGACGTCCGCGAAATGAACGGCACCCGGCTTCAAAAAGTGTCGGGTCAAAACAGGAGTCTTCCCGACCGACCGACTAACGGGACTAAGTATAGGCAAATGAACGCTTTATTCAACCTCTTGCGGAACGCGGAACCGTCGTTCCCGTGCGCCGCCGACGACGGCCGCCACGCCGGCGACGAGCGCGGGCACCAGCGGCGCGGCCACCGTCGCGAGCGCCGCGAGCCGCACGTCGAGATGCGCGCTCGCCAGCCGCGGCCAGTTGAAGATGAACAGGTCCGACGTGAGGTGCGACGTGACGACGGTGAGCGCGTCGTAGCGCAGCAGCGCCCATCCCCACACGCAGCCCACCGCCGTCATCACCACCGCGCGCCCCCAGAACGGCTCGGCCGGCGGAAGGAAGTCGAGCCCCGTGTGCGTGAGCCCGTACACCGCCGCCGGCAGCACGATCGCAACCCACCGCCTCCGCGTCGCCGCGAGGAGCCACGGCCCGGCGAAGAAGCGGTAGCCGAGCTCCTCGAGCAGCGCGATGTTCGCGAAGAACAGCAGCGTGGCGACCGACGGCGCGCTCGAGTTCAGCGCGTAGAAGAAGAACCCCCGCGGCTGCAGCGCGGTGAAGCCGCCGCCTAACGCCGTCACGGCGAGCACCGCCGCGGTGAGCACCGCGCCGCACACGAGCCCGATCGCGAACCCGCGCACCGACGCGAGCCCCACCGCCGGGTCGGCGACGCCGCCGCGCCCGAGCCGCCACAGCGTGTCGCCCCGCCCTGCCCCCGCCTCGCGGTCGAGCGCGTCGCCCGCCGCGATGAGCGCGAACAGCACGACGAACATCCACGTGAGCCCTGCCGCGAGGTCGCCGAGCCGCACGAGCGTGGCGATCCACCGCGGCCACAGCGGGTCCCAGTGCGCGAGCAGGTCGTACGCGGCGAACGCGTTCGTGAGGAACGCGCACGCGAACACGATCGCGCTCCAGTACGCCGCGCGCGCCAGCCGCGCGGTGCCGGCGCGCAGCCGCAGCAGGAACACGGCGAGCGCGCCGAGCGCCCCGGCGGCGAGCAGCGCGAAGCCGACGGTCTGCAGCGCGCGCACCGGCGCCGCGCGTGCCCGCGCCGCGCGCTCCCCCGCCGCCGGCACGACGAGGTATCGGCGCGCGCCCGTCACCAGGTCGCCGCTCACCGTGGCCACGGCGCGCTCGCGCAGCTCGGGCCGCGCCGACAGCAGCCGCTCGTACGTGAACGTGTGGTCGGTGCGCCGCGGACGCACTCGGCTCGCGGCGCCCGTCTCGTGCCACTGCGCCGGCGTGCCGTCGCCTAACGACAGGCCCAGGTCGAGCGAGAGCGCACGCTGCACCAGCACGCGCCCGCTGTCGACGGGAAGCGCGGCCCCGGGGGCGTCGTCCTGCACGCCGCGGCTCCACCCGATCGTGCGCCCGACGCCGTCGAACGTCGCCGCCAGGCCGTCGGGATCGCCCGCGCGCTTGAGCAGCACGTCGTACGTCACGAGCGGCACGCCCTGTCGCACGAGCGCCTGCGCGCGGTCGCGGCCGAGGGCGCGCTCCGCGTAGTCGAGCGCGGCCTCGTCCACGTCGAGCTGGGACGCGCGGACGTAGTCGCCGAGCGCGCGTCCCGACGGCAGCAGCGCGCGCCGCGCGAGCACCTCCGTCGCGCGCCGGTCGAGCGTCGCGCGCGGCACGGTGAGGTCGGTGTCGGCGAGCGGCCAGAGCCTGCCTAACGACGCGAAGAACAGCAGCCCGCCGACGGCGGCGAGCGGCCACAACCAGCGGTCGCGGCCCGCCGTCACATCGCGAGGGCTCTGACGGTTCGACGCATCATGTCCGTCTCGTTTCCATCATTCCCACGGGAGCGAGCAATCCATGGAGATGATGATAACGCAATGCAAATGATGCGTTCCAGACGAGTCAGATCGACGCCACCTTCCCGGCGAACAGCACGGCCCCCGTCACCTTCTCGCGGATCACGACCACGAACGCGCGGTCGACGCGCACCGGCGGCGGCAGCGACACGAGCCCGATCCCCACCGTCGTCACGGCGCCCGCCTCGGTCCCCTTCTCGTTCACGGCCACGAACGTGTTCTGCTTCACGAAGTCGATGTACACCTCGCGCCCGCGCGTCGACATGCGCGTGAAGTCGGCCTGCCCCGGCGTGAACGCGACGCCCATCCCCATCGCGGTGAGCACGTCCTTCCACTCGTCCTCGTAGCGCATCGTGAAGCGCGGCAGGTAGAGCTGCATGTCCTGCGGCTTCAGCGAGTCGACCACCTGCTGCCACTTCGCGGGGCCGAGCGACGCGACGAGATCGTCCACCGAGCGGCCGGTCGCGGGCACGAGCACCACCATGGAGAACGCGCCCGTGCCGTACGGCAGCTCGACCGCGGTGAGGTCGCTCGCGCGCCAGACGGGGTGGACGCTGCGGTGC
NZ_CP007128.1_gap114	5144188	5145060	872	CGAGGTCCAGCCGCAGCGGCGCCGCGCGGAAGTCGTGCAGCGAGCCCACGCCCGAGAGCTGCGCCTCGTACAGGTCCGCCAGCTCGCGCATCCCGAGCCGCGGCGTGCGGCCGCCCGAGCGTCGCCACACCTCGCGCACCGCCTCGATCGCGTCGCGGTTGCGCTTCACCGCGACGTGCCGCGCCTCGCCGCGGGCGAGCGCCTCGGCGAGCACGCGCCGCGCCTGCGCCGCGAGCTCCGGCGGGAACGCCTCCACGTCCTCCAGCTCGTGCTCCAGCTCGAAGCCGTAGTACTCCACGCGTCGCTGCAGCACGAGCGGGTTGTGCTTGCGCCGCGGCTCGTACGTCAGCTCCGCCTCGCCGCGCGTCGCGTACTTGCGCACGAGATCGATCGGGATCTGCGTCCCCTCGATCGACGCGCGCGGCACCCCGAAACGGTCGGCGAAGTATCGCAGCGTCCCCGCGATCGGGCCCCAGCTGCCGCACACGCTCGTCTTCGACACGCGCGCTTCCTCGCCCCACGCCGTCTCCTCGTCGATCACGAGGTCGAAGGGCATGAAGCGCGCGAGCAGGTCGGCGAAGCGACGATGCACGCGCTCACCGGCCCACGGCATGTGGTCGGGCAGCGGCACGCCTAACGAGCGATACACGCTCGCCATCGCCAGCGCGGCATCCTCCACCGCCTTCACCAGCACGCCGCGCCGCTCCGCCCAGTGCGTGATGCGCTCGGCGTCGAACAGGTGCCGCGGCAGGCCGTACACCTCGCCCATGTACCCCGCCTCGCGCCACGCCTCGGCGTACAGGTTGTACGCCGTGAGGTGATCGCTCCCCGGCACGAGCACGCCGTCCAGGTCGCGCTCCTCGCGCGTCATG
NZ_CP007128.1_gap115	5274856	5279609	4753	GGTGCAGAGCATCGCCGCCGCCAGCCGCGAGCTCCCCATGGTCCTCGTCGCCCGCCGGTCCGACGTCCCGCGCGTCGACTCGGTGACGAACGACGACCCGACCGGCGCCCGTCTCGTCATGGAGCACCTCGCCAATCTCGGGCACCGCCGCATCGCGCACATCGACGGCGGCCGCGGCGCCGGCGCCGCCGAGCGCCGCGAGGGCTACGAGCGCAGCATGGCCGAGCGCGGGCTCGCCGAGTTCGTGCACGTCGTGCCCGGCAGCTACACCGAGGAGGGCGGACGCCACGGCGTGGAGGCGCTGCTCGCCGCCGGTGGCCCCCGCCCCACCGCGATCTTCGTCGCGAACGACCTCGCGGCACTCGGCGCCCTCGCCGTGCTCGCCGAGCGCGGCATCCGCGTCCCGCAGGACGTGTCGATCGTCGGCTACGACAACACGTCGCTCGCCGCGCTGCGCCACATCAACCTCACCACCGTGGACCAGCCGCGCCCCGACATGGGACGCGAGGCCGTCGCCCTGCTGCTCGAGCGCCTCGCCGGCCGCCGCGAGGCCGCCCGCCACGTGCTGGTCACGCCCACGCTCGTCGTCCGGGGGACGACCGCGCCGCCCAACGAGGGCTGAGCGCGGCGCGTCGGGAGATCCCGGCGCGCTCAACGCACGATCGGTTTGGAACGTTCCCGTACGAACCCCGTCTCATGGAGACGCCGTGAAGCCGCTCCTCTCGCTCGTCCTCGCGCTCGCGGCGACGACCCCCGCCGCGCAGCCGCCCGCCATCGACCGCCAGGCCCTCGAGCAGGACCATCGGAACATGATGGACCAGCTCGGGATCCGACGGCTCCGGCCCGGCCCGAGCGGCAACGAGCAGGCGCCGAACCACGCGAACTACGACACGGCGCTCGCGAACCCGTTCCCGAAGCTCCCCGACGTCCTCACGCTGAGGAACGGGCGCAAGGTCACGACGCCCGCGCTCTGGGCGAAGCGGCGCGCCGAGATCGTCGACGACTTCGAGCGCGAGGTGTACGGGCGCATCCCGAAGAACGTGCCGAAGGTCACGTGGTCGGTCGCGGAGACCGACACCGGGACCGTCGGCGGACGACGGGTCGTCGGCCGGCAGCTCCTCGCGCACGTCGACAACTCCGCCTACCCGGCGATCACCGTCGACTTCCCGGTGACGCTCGTGCTGCCGGCGGACGCGAAAGGGCCCGTGCCCGTGATGATCATGTTCCGCGGCGGATCGCTGGCGCAGGTGCTCGGGACTCGGGACTCGGGACTCGGGACTCGGGGGGGACGAGTCCCGAGTCCCGAGTCCCGAGTCCCGAGCGCCGACGCGCCGCCCACCGAGCAACTCGTCGTCGACGGCTGGGGCTTCGCGTTCGTGAACCCGAACACCATCCAGGCCGACAACGGCGCCGGGCTCACGCGGGGCATCATCGGCCTCGTGAACAAGGGACAGCCGCGCAAGCCGGACGACTGGGGCGCGCTGCGCGCGTGGGCGTGGGGCGCGTCGCGCACGCTCGACTACCTCGAGACCGACCGCGCGGTGAACGCGAAGCAGGTCAGCGTCGAGGGCGTGTCGCGCTACGGCAAGGCGGCGCTCGTGACGATGGCGTTCGACCCGCGCTTCGCCGCGGTGCTCATCGGCTCGTCGGGCAAGGGGGGCGCGACGCTGCACCGCCGCAACTGGGGCGAGGCGGTCGAGAGCCTGACGGGCTCCGGCGAGTACCACTGGATGGCGGGCAACTACCTGAAGTACGGCGCCGACTCGGCCGCGTTCGGGCACGGCGACCCGAGCCAGCTCTCCGTCGACTCGCACGAGCTGCTCGCGCTGTGCGCGCCGCGCCTCACGTTCGTCAGCTACGGCGTCCCCGAGAAGGGCGACGCGAAGTGGCTCGACCACCAGGGAAGCTTCATGGCGGCGATCGCCGCGCAGCCGGTGTTCCGACTGTTGGGCGCGAAGGACCTCGGCCGCTCCGACGACTACACGACGGAGCGGATGCCGCCGGTGAACGTCGGCCTGCTCGACGGCCAGCTCGCGTGGCGCCAGCACGATGGCGGCCACACGGACGCCCCGAACGTGAAGTACTTCCTGAGCTGGGCGGACCGCTTCTACGGGCGCTCGTACACGCCCGCGCCGCCGGTTCGGGACTCGGGACTCGGGACGCGGGACTCGTCCGCCCCGAGTCCCCAGTCCCGAGTCCCGAGTCCCGCGATTCAGCCGTGGCCCGCCGACCGCCCGCGCGCCCGCACGGACTCGAACTCGATGATCGCGCACCGGCAGCTGCTCGCCAAGCGCACGCAGGGGAAGATCGACGTCTACTACGAGGGTGACTCGATCACGCGGCGGTGGGGCGCCACCGACTACCCGCAGTTCCTCGAGAACTGGAAGCAGAACTTCTTCGGCTGGAACGCGGCCGACTTCGGGTGGGGGGCCGACCGCATCGAGAACATGCTGTGGCGGATCGACGAGGGAGAGCTCGACGGCGTGAACCCGAAGGTGATCGTGCTGCTCGCCGGCACGAACAACCTCCCGGGCCCGGGAACCGAGGACGAGAAGGTCGCCGACATCACGCGCGGGCTGCGCGCGCTCGTCGGCCGCTTCCGGCAGAAGGCGCCCGGCGCCACGGTGGTGCTCACGGGCATCACTCCGCGCACCGGATCACCGGAGATGGCGCACGCGATCGTGCGCATCAACGAGAACCTCGCGCGCATGGCCGACGGCCGGACCATCCGTTACGTGAACGTGAACGACAAGCTCGGCGACGCCGACGGCAAGCCGCTCGACGGGATGACCATGGACGGCCTGCATCCCACGGTGAAGGGCTACCAGATCTGGGCCGACGCGCTGAAGCCGATCCTGCGCGAGATCCTCGGCCCGCCGAAGGCGACGGACCAGGCGCCGCCGCCGACCGGCGATCCGAGCGCGAAGAAGCCGTGACGCTCGCTCGTCGGGTGCGCTCTCAGGGCTCCACGTACGAGTTCGTATGGGACTGAAGAAGGACTGAAGGAGGACTGAAGAAGGAAACACCAACGAGAAGCGTTGGTCCTTTCTTCAGTCCTCCTTCAGTCCTTCTTCAGTCCAACGAACACTCGTACGTGGAGTCCAGCCAGGCGTTGTCACTCGCGCCGCACAGCGGCTGGCGCGTTCGAGTCTGCCTCGCGGACCGACGTCACCCGGCCTTGCGCGTCGCGCGTCAGCACGAGCTCCCCGGTGCGCACGGTGAGCCACAACCGGTCGGGCGCGGTGGGGATGGCGCGCACGGCAGGCGTGCTGCCGCCGAAGCCGCCGGTCGACACCCAGATCTCGCTCCCCTTCACGATAATGGTGTAGGTGGGCGACGCGGGCCGGTTCGCGGCGTTCGCCGGCGCGGGCGCGTTCGCCGCGCGCTCGCGATAGAACTCGCCCGCCGTGCCGTTCAGCAGCGCGGCCGAGAGCGCGACGGCGTTAGGCACGTAGCCCGCCGGCGGCTCCGGCCGCGGCTCGATGCGCCGCACCCAGATGTTGCGGAAGCGGATCGCCTGCCCGTGGTCCTGGATGGTGAGCGGCAGCTCGTCGGCGTGCTGCACGTAGCCCGACGGCGGGATCGGCGACGTGGGCCCGGTGATGATCTCGTTGTTCTGTACCAGCACACCGTTCTGCACCACGGTCACGCGCGCCGGCTCCTGCAGCGTGCCGTCGGCCCGGAATCGCGGACGCCGGAAGTAGATGTCGTACGTCTGCCACTGCCCGGGTGGACGGCTCGCGTTCGCCAGCGGCGGATACTGCCCGTAGATCGCGCCCACCGTGCCGTCGGCATACGTGTCGGTGCGACCGTACGAGTCGAGCACCTGGACCTCGTACTGACCCATGAGGATCATCCCGCTGTTGCCGCGGTTCTGCCCCGTGAGCTGCGGCGGGTCGGGCTCCGCCCACTCGGCGTGCAGCTGCACGTCGCCGAACGCTTCCTTCGTGCGGATGGAGCCCGTGCGCGGCACGACCTCCACGTAGCCGTTCTCCACCTTCCAGCGCGGCGCAACCGTCGAGTCGCCGCGGCCGCCGACGAACGCGGAGAGATCGCGGCCGTCGAACAGCACCGTCGCGTCGGACGGCGGCGCGCCCGGCGTGCTCGCCGGCGTCACGGGCTTCGCGTGTGGTCGATTCAGCTCGTGCTGCCGCCAGGCGGACGGATAGGCCGGCTGCTGCGCGTCGGCCGCACTCGACAGGAGCAATGCGGCGATCGCAGGGACGACGACGCGCAGACGGGCGGAGCGTGGGCGAAACGTCATGGAGTGGGTGCGAGTCGAGGTGGTTCTTGCAGGCGACGGATGCGACAGGATCCCGGTGCTCTTCGCTTCGACAGGATGAACGGCGACGGCTCCTCTCGGGCCTGTCGAAGGAGCAGGCTCACAGCGTCCACCCCGCGCGGTACTCGCGCTGCAGGTACTGGTTCGCGTCGTCGCGGTTGGTGACGCGCATGTTCGCCGCGTCGTACGCGATCTTCACCCCCTGCCCCGTGCGCAGCGCGACGATGCCGAGCAGCATGGTCTCGGTGAGCCGCGACGCGTACGCGAGGTCGCTGCTCGGCTCCGCCTTGCCCATGATCGCGTTCGCCCAGTTGATCTCGTGCGACACGGTGATGCGCTTCACCGAATGGGGGATCTTCGCGGCCTGCTCCGTGAGGCTCGCCGGGTAGAGCCGCGGATTGTTGCCGTACGTCGCGTAGAGGATGATCCCCTTCGTGCCGACGAAGTAGCCGCCACCGCTGCGATCGAGCA
NZ_CP007128.1_gap116	5311027	5311527	500	TGCGCCTGCGCCGCGATCGTGCCGCGCAGATGCGCCATTGCGTCGCGTGCGTACGCCACCACGCGAGCGGCCGGGGTGGTGCGCAGCTGCTTCGCCAGCTGGTGCGGCACCTGGGAATCGCCGGGGCGCGAGCCGATGATGCGCGCGAGCTCGGCGACGTGCGCGTCGACGGCGCCGAGCGCCGCGTCGAGTGCCGCCATCGCGTCGGCCACGTGCGCCGCGTCGGCGAGGATCGCCTCGCCCACCTGGGCGGCGCGCGCGTAGACGGCCGCCTGCTCGACGCGCGTCTGGTACGTGGCCGCGCGCTCGACGGCGACGCGCGCCTGCTCGACGGTGCGGGCGAGCGTGGTGTGCCGCGCCTGCGCGGCCGCGAGCTCCGAGACCGCGGCGTGATCGGTGCTCGGATCGAGCACCGCGACGTCGGCGCGCCGCTCGGCGGCGCCGACGGCGGCCGCGGCCTGCTTCAGCAACAGCTCGCGGCGTGCGAGCTCCGCGCGGGC
