gap_id	start	end	length	sequence
NZ_CP029494.1_gap1	33156	36115	2959	GCGTGAGCGGGATGTCGGCCGGGCCGTTGGTGCGGGTGCTGTTGGTCGAGGACGACGTGCGGGTGGCCCGCGTCAACCGCGAGTGGCTGGAGCGCGACGAGGCCGTGCACGTGATCGGCACCGCCGCCACCTGCGCCCAGGCCCACGAACTGCTGCGGGCTTTGAAGCCCGACCTGGTGCTGCTCGACGTGCATCTGCCGGACGGCAGCGGCGCCGAATTACTGCGGGCGTGGCGAACGGCGGGCGAGTGGGTCAATGTGGTGATGGTCACGGCGGCCGGCGACGAGGCCACTGTGCGCGCCACCCTGGCCTTCGGGGTGCTCGATTACCTGATCAAGCCGTTCGGCGGCTCGCGGCTGGCCGAAGCGGTGGCCCGGCACCGGCTGCGGGCACGCTTCTCGCAGGGCCGCTTCACCCAGGCCGATCTCGACCGCTTCCGGGGGGTGGCGGCCAGCGAGGAAGCGCTCCCCAAGGGGGTGGACGCCCACACCCTCGAGCGGGTGGCGGCGGCGCTGCTGAGCGCCCTACCCGAAGCGCTCAGCGCCGAGGACCTGGGCAGCCGGGTGGGCCTGAGCCGCGTGACCGCCTGGCGCTACCTGGAGTTCCTGGTTCGCAGCGGTCAAGCTGAACTGGCCCACCTCTACGGCGCGGCGGGGCGGCCTGCCAAGCTCTACCGGGCGCGAACGTGAGCCCTGGCGTCAGCGCCACCGTTCTGGACTCCCCTCTTTATTCCTCCAGCTGACCGATCGTTCTACTCACATCGGCGGTGGACGTACCACTGATCAGGGTCTGCTTGCTCGCCGTACTGGTCCACGCTTTTGAGATGTCGTTGCAGCTCGACGGGGTTGATTTTGGCCCTGTTTTTGCCTCTTAAAGCGGGTATCGGTTCGTGCCAACGCGCTGCTATTTACGCCGGCTTAAAAGCTCTTGCAGAAAAGGTGTTGGTGCGGCCCAGCCCTAATGTGTGAGCACTTCCAGCAAGCCTTGATCCACCACGATGCCCAGCGCCAGGGTCTGGTAGCCCTGGTCGTCAACAGCACCGTGATCTTGTCGTCCTCTTAGTGCTTGACCTGACCTTCGCTGAACGTCCCGTGAACCACCCGGCTGCCGATCGGGAAGGGCCGCGACGCTTCGCTTGCCCGGGCACCTCCGCTCTCTGGCCCGCCTCGCAGTTGTCGCAGCGGTGGCAGGGCGGCGTGTACGCTTCATCGCAATACAGCAAAAAGGCCTGGCGGCACCCCGGCGTCTCGGCGTAGCCGCGCAGCATCTCCAGCTGCGAACGCTCGAAGGCGCGGCGGCGTTCATGCGCCAGGGTGGCCTCGGCCACCACGTCCGGCGGGTAGCGATGACTTCCCGGCCCGGCAGCACTTCCAGAGCGCTCACAGCTTCCAGCAGGCTGAGGACCATTCGCACCCGAGCCCGCTCGTGTGCGAGAGGCGCAAGTGAAGATCGCCGGGTGAAAAAAACAGTGTGGCCTGCGCGCTTCGCCTTCCCATCTGGCCTGCCTGATCTCCTGGGTGTCGGCGTCGAGCGAACCATCGCGGTCGAGGTGGCATACAAAGCGCACGTTCGGTTTGTCGATGCCCATCCCTAAGGCGGTGGTCGCCATGATCACGTCCAGTTGATCGGCCATGAACGCCCTCTGGACTGCTTCTGCCCCGACGTGGTAAGCCGTCGCCGTCAACCTGCGCGCCGCGAACTCGGCTGCAAGTTCCTCAGCTGCCGGTTCACGGTGCCAGAGCGCTTCAGTCTGCAGCCCTCACCGCAGATCTCTAAGAGGTAGATCTATTTATCTGCTGCTTAGAAATGAATCTTTTCCTCCAATCTTCTCAGGCAAAGACCTGACAGAGCGTGCACAATCTGCTTGTCCTTACAGGGATGCTTCATCCGACAAGCACGACGCCTGTTTTGAATTCAAGGAGTGATCTGAATGAATAAAGCTCTTCTTTTAAGTTTGGCCCTGGTCTCTTTTCCTATGGCTGCTGCCCAGGACACCACCGATACGACCACCACCGACACTACGACCAACACCACGCTCGATCCCAACGGCGACGGTGTGGTCGACACCAACAATAATGGCACTGCCGATACCCGTGAATTTCCCTGGGGTCTTCTGGGCCTGATCGGCCTGGCCGGCTTGGCCGGGCTCAACCGCCGCCCGCCCCCGGTGGTCCGCACCGACAACGAGCGGACCGTCGGGCGCTGAACTGTCTCGACATTCCCGGCCCTGATCGAATCCCGGTCAGGGCTTTTTGCCGCACCCAGCTACTGTTTTCTGACATGTCCCCACCGCATGGCAACGCGGCGAAGGGGGAGGTGTTGACATAAGTAGGGTGGGGGTGTATTGTTTCTGAGCCTCCGAGCGAGGCGGGAAGAATGACAGACGAACGGTAAGTGACGATGACGGCCCTTCCGACAGGAAGGCGTAAGCGGTTCTTTCCCCCGAAAGAACTCCAGACTTACAAACGAATCTTCGGATTCACCAAAACGAGGTCTACGGACTTCAAGCCATTGCGAAACTGGCAAGGCAAACTGATCAACTTCACCGCTGCTTGCAGCGGTGTGATTGAACCATTACATGGAGAGTTTGATCCTGGCTCAGGGTGAACGCTGGCGGCGTGCTTAAGACATGCAAGTCGAACGAGGGCTTTCGGGCTCTAGTGGCGCACGGGTGAGTAACGCGTAACTGACCTACCTCCAAGTCCGGCATAACTGCTCGAAAGAGCAGCTAATTCCGGATGTGATCCCACCTCGTGTGGTGTGATTAAAGAACTTCGCTTGGAGATGGGGTTGCGTTCCATCAGCTTGTTGGTGGGGTAAAGGCCTACCAAGGCGACGACGGATAACCGGCCTGAGAGGGTGGCCGGTCACAGGGGCACTGAGACACGGGTCCCACTCCTACGGGAGGCAGCAGTTAGGAATCTTCCACAATGGGCGCAAGCCTGATGGAGCGACGCCG
NZ_CP029494.1_gap2	41591	46008	4417	ACGCCGTTCTGACGCTCAGCTGACGAACGCTCTTCACAGCACCTGCAAAGATGAATTTGCGCTCAATACTGGCTGGCTGCCGCCTTTTGGGCGCGCTATACTCGCGGCAGTTCCGTGCCGGGATGGCGGAATCGGTAGACGCACTCGACTTAAAATCGAACGCTTCACGGCGTACGGGTTCAAGTCCCGTTCTCGGCACCAAACACCTCGTCTCAGACGGGGTTTTTTGTTGATGCTTCAGGCAACATCGGCGTGTCGGAATAAACCGCGCCGCTGAAATACAGCCCGTGAGCCGGCACGTTGGCCCCCGCCTGCGAGCGCTGCCGCGAGGCCAGGATGCCCACCACCGCCTCAGGGCGCTGCTGACCTTCGCCCACCCGCAGGAGGGTGCCGATCAGGCCGCGCACCATGTGGCGCAAGAAGCTCTCCCCCGCCACCTGAAATTCGAGCAGGGGGCCGTCCTCGACGATCTCCAGCCGGTCGAGCCGCCGCACCGTCTGGCGCTCCTCCTGGGTGGCGAAGGCGGCGAAATCGTGCTCGCCCAGCAGGGAAGCGGCGGCCAGGCGCATGGCCGTCACGTCCAGCGGCCCGCTGCGGCGCAGCGCCCGGCCTTCCCACAGCGGCAGGCGCTGCTCGGCGCGCACCACCCGGTAGACGTAAGCCCGCTGAAGGCAGGAAAAGCGGGCGTGAAAGCCAGGCGCGGCCGGAGAAAAGCGCGTCACCGCCACGTCCGGCGGCAGGTGAGCGTTGATGGCCCGCGCCAGTCGGTGGGGCGGCGGCCGCAGCTGGCCGGCCCGCACGTCCACATGCGTCGTCATCGCCTCGGCGTGAACGCCCGCGTCGGTGCGTCCCGCCGCCACCGGCCGGGCAACGTCCTCCGGCGCCGTGGCGAGGGCTTGCAGCGCGGCCCAGAGGCTGTCCTGCACGCTGCGCTGGCCCGGCTGCGACTGCCAGCCGACAAATCCCGCGCCGTTCCAGCTGAGTTCCAGGCGCCAGCGCCCGAAGCCCTCGGGCGGGCGGTAACGCTGGCCCGCCGCGCTTTGTTCTCCGCCCGCACTTTCACCAAACATCCTGCGATTTTAGCCAGAATGCTGAGTCGTGAGCCTCGCAGTCAAACCCCGTCCGACGCGCCGAGCGGCCCCGAAGTTCTCCCGGTTGATCGTCGCCGCCGCGCTGCTGCCGACGCTGCTGTGGTGTCCCGCGCAGGCGGCCGGCAGCTACCGGGTCCAGAGCGGCGACAACCTGACCGTGATCGCCCGGCGCTACGGCCTGACGGTGGCGCAGCTGCGCGCCGCCAATCCGCAACTGGGCAACCCCAGCGCGCTGCGGGCCAGCGCCACCCTGCACCTGCCCGACGCCCACAAGCCGGCCACCAGCCACCGGGTCCGGAGCGGCGAGAACCTCAGCGGCATCGCCGCCCAGTACCACCTCAGCCTGGGTCAGCTGATCAGGGCCAATTCCGGCCTGAGCGCCAGCAAACTGGTGCAGATCGGCAAGCTGCTCTATATCCCAGCCCGGCGGGTGGTCACAGCGGCCAAAGTCAAATCGGCTCCGGCCCGGGCGCACCGCTCGGGCGCGGTGGTGCGCGCCGCCAGCGTGCGTCCGCCGTCCGGGAGCAGCTGGCTGTGGCCGGTGCAGGGCTGGATCAGCAGCGGCTTCGGCGAGCGCAGCCTCGACGGCGACAGCGAAATGCACTACGGCCTGGACATCGTGGTGCCAGAGAACACGGCGGTGCGGGCGGCGAGGGCCGGCAAGGTCATCGAGTCGCGGGCCGACTTCGCGCGCGGCTGGGGCTGGACCATCATCGTGGACCACGGCGACGGCTGGAAGACCCGCTACGCCCACCTCAGCCGCAATCTCGCCCGGGTGGGCGACACGGTGGTGCGCGGCCAGATCATCGCCCGCAGCGGCAACAGCGGGCGCTCCACCGGGCCGCACCTGCACTACGGCACCTACCTGTGGGACGTGCCGAAAAATCCGCTCTCGCTGATGGACTGAAGTCGGCCCCGGTCCGTCCGGTTCTGGCGCACGACTTCCAAGATTGACAGCCCAGAGTGGTGAATGGGCGGCTTAACCGTGTGCTTTCAACCTTCGGCTCCCCGGCCCCCGGCGTAGACTGCACAGCATGACGGACGCTTCGTCCCCTTCCTCCTTTCAAGTGCTCGACCTCGGCCTGATGGACTACCACGCGGCCTGGGACCTGCAAAAGCAGCACCATGCGCGGGTGGCGCAGGGCGGTCAGCCCACCCTGCTGCTGGTCGAGCACCCGGCCGTGCTGACGCTGGGCCGCAAAGCGGCGGGCGGCGAGAACATCGTCGTGACCCGCGAATATCTGGCGGCGCAGGGCATCCAGGTGTACGAGATCGAGCGCGGCGGTGACGTGACCTACCACGGCCCCGGACAGCTGGTGATGTACGCGATTTTTCCGGTGGGCCGCAAGGTGCGCGATTTTTTGCGGCTCCTGGAACAGGCCACCCTGCGGATTCTGGACCTCGCCGGCCTGCACGACGCCCGCCCCAACCCCGGCTACGCGGGCGTGTATATTCCCGACCGTGAAATCAACGGCCTGGCGCGCCACCAGAAGATCGCCAGCATCGGCGTGGCGATCAAGCGCCATGTGGCGCTGCACGGGGTGGGCCTCAACGTCGCCACCCATCTCGATCACTTCGACCTGATCGTGCCGTGCGGCCTGAGCGACATCCAGATGACCAGCATCGAACGCGAGTACCAGTTGCGCGGCCTGGGCGCGGCCCCCGACATGGAAGCGGTGAAACGCGCCGCCGCGCAGGCCTTTACCGAGGTGTTCGCCGACTACGACTGGACGCTGCCCGCCTTGCCGCCCCACCCTGCTCCTCAACCCCTCATCCCCGCCGTGGGAGGCCCCGCATGACCCAGAACGCCGCACCCCAACCCCCCACCTCCAGCCTCGACCAGGCCCCCGAACCGCGCTTCGTCAAGAACGGCATCTACCGCAAGGGCAGCACCCCGGTGCGCGAGCAGAAACCCGCCTGGCTCAAGGTGACCATTCCCACCGGCGAGACCTTCAAGGAGGTCCGCAAGGTCGTCAAGGAGCACCGCCTGCACACCGTGTGCGAGGAAGCGATGTGCCCCAACATCGGCGAGTGCTGGTCGCGCGGCACCGCCACCTTCATGCTGATGGGCCACATCTGCACCCGCGCCTGCCGCTTCTGCGCGGTGGACACCGGCAACCCCGGCGGGCGCCTCGACCTCGACGAACCGGCCGGTGTGGCCGACAGCGTGCGCCTGATGGGACTGAAGTACGTGGTCCTGACTTCGGTGGACCGTGACGATCTGCCGGACGGCGGCGCCTACCACTTCGCCAAGACTGTCACCGCCATTAAGAAGGTCAATCCCGACACGCGCGTCGAGTCGCTGACCCCGGATTTCGGCGGCAATCTCAACTGCGTGGACCTGGTGCTGGAAAGCGGCGTGGACGTGTACGCCCAGAACATCGAAACGGTGCGCCGCCTGACCCACCCGGTGCGTGACATCCGTGCCAGCTACGACCAGACCCTCAGGGTGCTGGCCCACGCCAAGCAGAGCCGCCCTGACGTGATCACCAAGACCAGCGTGATGCTGGGCCTGGGCGAAACGAAAGAGGAAGTCGTCGAGACGATGCGCGATCTTCGCGAAGCGAACGTGGACGTGGTGACGTTCGGGCAGTACCTGCGCCCCACCATGCACCACCTGCCGGTCGAGCGCTACGTGACGCCCGAGGAGTTCGACGAGTTCCGCGAGATCGGCTTGTCGCTGGGCTTTCTGGAAGTGGTGTCGGGGCCGCTGGTACGCAGCAGCTACAAAGCCGAGCAGATCGTGATGGACCACCCGCGCGGCGTGCCGGCCCACCTGGAGCACCTCAGCGACACTGACGGCCTGACGCTGCTCTGAGCGCCTGCCCCCAGCGCTGTATGAGCATGCCGCGCAGGCCCGCTAGAATGCCGGATATGGCTTCTGAGCGGGCCGCTTCATGAACTACGCCGCCTCGCTGGCGACGGTGGTGGTGCTGGCATTCTTCTTTCCGCTGCTGGTGCGCCTCGCCAGCGTCTACGGTGTGTCGCGCTCGCTGAGCGCCTCGACGCTGGCGGTGGTGCTGACCTTCGTCACCGCCACCTACCTGATCCGTTTTCAGGTGACCCGCTTCCGGCAGTCGACCACCAAACTCGACGCCGCCCGCGCCCAGGTGGCCCAGCACCCCGACCAGGCCCGCGCCTACTTTGTGGACGACGAACACCTGGCGACCATGTTGCTGCGGCTGGGGCGCCGGCGCGAGGCGGCCGACGTGGTGGACCGCTATGCCCGGCTGGCCGGGGCGCGCGAGGTGGAGATCACGGCGCTGCGAGAAGCGCTTGCCAAAGCCGAACGGCGCCAGCGCGGCGAGGGCTGAGCGGCGGCTGAG
NZ_CP029494.1_gap3	51722	52511	789	AGGACTACATCCCCGAAGACACCATGCGCCGGGGCTACGTCGGGGCCACCGAACTCTACTCGGCCGGCAAGCTCGCCATGTTGATCACCGGGCCGCAGTTCATCCTGCGCGTCGCCAACGACAACAAAGCGGTCTACACCCTCACCAGGGTCGCGCCGTATCCGATCAACCTGGCCGGCAACGTGATTCACACCCCGTTGATGGGCATGGCGGTGCCCAAGGGCGTCAAGGACAAGGACCTGGCCCAGAAGCTGGCCCTCTTCCTCACCAACGACACCAACCAGCTGGCATTTTCCAAGGTCACCCAGACGACCTTTCCCTCGACCGTCAAGGCCAGCAAGGACGCCTACTTCAAGGCCGGGGGCAACAACGCCACCGACCAGGGCCGGCTGGTGAGCAGCAAGGAACTGAGTAAGGCCAAAGACCTGACGCTGAGTTACCCCGACGCGTCCAAGCTCAACAAAGTCTTCAAGGACAACGTCGAGGCGGCCATGCTGGGCCAGAAAACCGCCAAGCAGGCGCTCGACGACATCGTCAAGGCCTGGAACGCCAGCTTGTAACGTGACGCGCCGCCTGCTCCTCACCGCCGCCCTGCTGCTCTTCCCCGCCCTGGCCGCGCCCGCCGCCCTGACCCCGGTACCGGACGCCCTGGCCGCCGTACCCGGCAACGTGCTGATTCCTGCGCCGCAAAAGGCCGAGTTTCCATCCGGCACCCTGCCGCTGAAGGGCCTGGGCCTCCAGCTCGTCGGCAGCGCTCCGGAACTCGGCTGGGCGGCCCGTGATGTGAAA
NZ_CP029494.1_gap4	83868	84951	1083	GACCGCTCCAGACTCCTTTCTTCCCGGCGCTGCTCCCCGTGGGCCGTGGAACGTCATCGTGATCGGCGGCGGCCACGCGGGCATCGAAGCGGCCTGGGCCGCCGCCAAGTTCGGTTCGGTGGCCTTGCTGGTCAGCAACCCGGCCACCATCGGCCGGATGCCCTGCAACCCGGCGGTGGGAGGCCCCGGCAAGAGCCAGATCGTCTTCGAGCTTCAGGCGCTCGGCGGGCTGATGCCGCGATTGGCCGACGACACCGCCATCCATACCCGCGTGCTGAACGCCAGCAAAGGCCCGGCGGTGCAGTCGCTGCGGGTGCAGAACGAGCGCGACGCCTACGCCGAGCGCGCCCAGAGCGTGCTGCTCGGCGCGAACAATCTGGAGATCGTGCGCGGCGAGGCCGCCGACCTCGAACCCGACGGCGAGGGCTGGAAGGTCGTGACCACCGATGGCCGACGCCTTTCGGCCCGCAGCGTGGTCGTGGCCGCCGGCACGTTCCTGTGCGGCCTGACCTGGTACGGGCGGCAATCGCGCGCCGAGGGACGGCAGGGCGAGCCACCCTCACGCTTTCTCTCGGCGCCGCTGGCCCGCGCCGGGCACGTGCTCAAGCGTTACAAAACTGGCACTCCGCCGCGCGTCCGTGCCGACTCGGTGGAGTTCGACGCTCTGCTGGAAATTCCCGCCGATCCCCAGCCGCGCGGCTTTACCGGCACGCCGGGGCCGCAGGCCAGCGTCTCCCCCACCTGGCAGACCCACACCACCCCCGACACGCACCGCCTGATTCAGGAAAACCTGCACGAATCGCCGATGTTCGCCGGCGACATCGAGGGCCTGGGGCCGCGTTACTGCCCCAGCATCGAGGACAAGGTCGTGCGCTTCTCGCACCACGACCGCCACCTGCTGTTTGTCGAGCCCGAAGGGGTCCGTACCAGCGAGGTGTACCTGCAGGGCTTTTCCAGCAGCTTGCCGCCGCGCCTGCAAGACCAGCTGGTGCGCACCTTGCCGGGCTTCGAGCGGGCGGTGATCCACCGTTACGCCTACGCCGTGGAATATGACGTGGTCGATTCGACCGAGCTGACCCTGCA
NZ_CP029494.1_gap5	90059	91237	1178	GTCGCTGATGTCGCCCACGCCCAGGCCGTCCACGTACACCGCCCCCGCCGGCACGGTGCCGACCACTTTGAAGTCGTCGGGGGTCAGGCGCACGATGTCACCGTTCTTGGCGACCAGGGTGCGCTGCGGCGGGCGCTTGGCGCTCTGGGCCAGCCGGGCGTGGTTGATCTGGTGGCGCGGTTCGCCGTGCCAAGGCAGGAAGTACTTGGGCCGCGCCAGGTTCAAGAGTTCGAGCTGCTCGTCGCGGCTGCCGTGGCCCGAAGCGTGCACCTTGTGGGTGGGCGGGTAGAGCACATCCACGCCGATCTCGTAGAGGCGGTTGATCACGGTGTTGACCGCTTCCTCGTTGCCGGGAATCGGGCTGCTCGACAGAATCACGGTGTCGCCGCGCTTGAGGGCGATCTTGGCGTGGTTGCCGAAGGCCAGGCGCGACAGCACGCTCATCGGCTGGCCCTGCGAGCCGGTGCACATGTACAGTACCTGCGAGTCCTGCATGCTGCTGACCTCGTCGTTGGTGACCAGCGGCTCCTTGAACTCCATGTAGCCGAGCTGCTGGGCCACCTGGGCGTACTTGAGCATGCTACGCCCTTCCATCACCACCCGGCGGCCGAGCTTCTCGGCGCTTCTGATGATGTTCTGCACCCGGTGCGTCTGCGAGGCGAAGGTGGTGATAAAGACCCGCCCCTTGGCCGCCTTGATCAGTTCCTCGATGTTCTCGGCCACTTCCGCTTCGCTGACCGACCAGCCGGGCCGCTCGGCGTTGGTGCTGTCGGAAATCAGCAGCAGCACGCCCTCGTCGCCGGCCTTCTCGATGCGGTCGAGCTGGCTGAGCTTGCCGTCGGTGGGGGTGCGGTCGATCTTGAAGTCGCCGGTGTGGACAACCTTGCCCACCGGGGTGGTCAGGACGTAGCCGAGGTTGTCGGGAATCGAGTGGGTGATGCGGAAGCAGTCGAGCACGAAGTTGCGCCCCACCCGCACCTGCGCGTCGAGTTCGATCTCGCGCAGGTCGGTGTCGGCGTCCTTGATCCCGAACTCGCTGAGCTTCTCGCGCAGCAGGCCCAGCGTCAGGCGGCCGCTGTAGATCGGCACGCGTGGCAATCTCGGCAGGATGTACGGCAGCGAGCCGATGTGGTCCTCGTGGCCGTGCGTCAGAATCCAGCCTTTGATCAGGCCGGCGT
NZ_CP029494.1_gap6	97207	101602	4395	GACACCGGCAAGATCTTGCCCCGCCGCCGCACTGGCCTCTCGGCCAAGCACCAGCGCCGCATCGCCCAGACCATCAAGCTGGCGCGTCAGATGGCCCTGTTGCCCTACACCGAGAAACTGGTTCGGAAGTAAGGATAGCCATGCAGATTATTTTGCTCGAACCCGGCCGTTTGGGGCAGGTGGGTGAAGTCGTAGACGTCAAGGCCGGCTACGCCCGCAACTTCCTGATTCCCCAGGGCATGGCGCTGCCCGCCAACCAAAGCAACCTCAAGAGCCTGGAAGCGCGCATCAAGTCGCGCAACAAAGTGCTCGCGCAGGAAAAGAAAGACGCCGAGAACCTCGCCGAGCGCATGAAGGACCTCAGCGTGGAGCTGAGTGTCAAGGCCGGCGAAGGCAAGATCTACGGCGCCGTGACCCACGCCGACGTGGCCGACGCCCTTGCCAAGCAGGGCTTCGACGTCGACCGCCGCAAACTCGACATGCCCAAGGCGGTCAAGGACATCGGCGAGTACGAGGTGAGCTACCGCGCCCACCCCGAAGTCAGCGTGCCGTTCAAGCTGATCGTTCACGCCCAGAAGTAACCTTCAAACGTTTTTTTCGAGGCACTTCACCCGTTCAGGGTGAAGTGCTTTTTTGATGCCTCGCCCGCTTTTGAACAGCGCCTAGGGCCTCCCCGGCTCAATGCAGCCGGGCGATCAGGGCCAGCAGTTTGTCCTGGAACGCCCGTACGTCGAGGGTATTGCCCTTGGCCTGATCCACCATGATGGCAAAGGCCAGCACATGCCCCGATTTGCCGCGCACGTACCCGGCCAAACTCGACACGCCCGGCAGGGTGCCGGTTTTGGCGCGCACATCCAGACCGCTGCCCACGAAGCGCGACGCCAGGGTGCCGCCGAGGTCGCGGGCCTGGACGCTGGCCTCGCCGGTCCCGCCGCGCGGCAGGGCCTCGATGAAGAGGTTCTTGCGCTGGGCGAAGGCATCACTGGGTGACAGCGGCGTCTTGAGTCCGGTGAACGGCAGGTCGTACATCCGCTGCAATACCGTGACCAGCGTGCGCGGCGTCAGGCGGTCGGCCGAGGACAGGCCCGAGGCGTCGTTGAGTTTCAGCGGCGCCGCCTGGACCCCGGCCCGGGTCAGAAAGGTCCGCATGCCCGCCAGCATGCCGGCGTGGGTGGCGACCTCGCGGCCGCCTTCGGTGCCCAGAGCGGCGGCCAGTTGCTCGGCCCAGACGTTGTCGCTGGGCTTGAGGGTGCGCCGGATCAGCGCGATCAGCGGCTGGCTGCGAACGGTGGCGACCGGAGCCTCGTCCAGCAGCGCAGGGCCGGGCGTTCCGGCGCCCTCCAGCACCTGGCCGAACCCCTCGGACACGGCCTGACCCACCCGGCGGCCTAGCGTGCCGCCCGGCTTCACCTGGATGCCCACCGCCCGCAGCTGGCCCTCGAAAGCTCGGATCACCCGCTGGTCGTACCCGTCCGGGGTGTCGTTCCAGCCGGGTTCCTCGCTCAGCCGTACCGAGACGACCGGTGTGCCGAGCGGCAGGGCCGGCCAGGTCGCGCTGTCGAGCCGGCCGCTTAGGCGCACCTCGCCGACTTCCTTGACGCCCCGCGCCGCCAGTTGCCGGGCCAGCGCCGCCAGCGAGTAGGCGCCGCTCACGCTGAAACTCGGATCGCCGCCGCCGCGCAGGGTCAGGTGGCTGAGCACCGCCGACTTCGCGGCGACTGCCTGGGCCGGGGCCGTCACGTCCACCCGGTGAGTCTCATCGGGACCGCCCTGGGTCAGGCGGGCGGCCATGCTGACGAGCTTCATGGTGGAGGCCGGCACGAACAGTTCGTCGGGGCGCGAGGCTTCCAGAATCTGCCCGCTGCTCAGGTCGCGCACCAGCAGGCCCAGGCGCAGGCTGCTGGGCGGCCGCTGGAGCAGCGCCGAGACTTTGGGGCTGATGACCGGGCTGAGCGTGACCTCCGCGCCGGCCGCCGGGGGAGAAGCGAGCAGCAAGGTCATCAGAAGAAAAGAACGCACCGGCACAGGGTAACAAAAAACGCCCGCCGGGCGAGGTCTCCCGGCGGTGGACAAGCTGAACAGACGTTCGAGCGGCGGCGTTTTACTTGGTGCTGAGGATGGGACTTGAACCCACACAGGTTGCCCTACACGCCCCTCAAACGTGCGCGTCTACCAATTCCGCCACCCCAGCAAGGAAGCGAAGTAGAGTTTAGTGGCCCGGCGCAAGCTTGTCAACGTCCGGCGCGGCCGGTGGTCGCTTGCCGGCGAGCATTTCGCCGATGCTGGTCAGCGTCACGCCGCGCTTTTTGGCAAAGGCCAGGAAGCTGCCAAACACGTCGAGGGTCTGCTGGGCATTGTCGTGCAGCAGCACGATGCCGCCGGGGTGCAGCTTGCTGTCGAACCGGCTTTCGAGCACCGTATCGCCGGGATTCTGAAAATCGGCCGGGTCGTCGGTCCAGAACACGGTGCTCAGGCCCAGCGCCCGCGCCGCGTCGAGGGTCTGCGGGGTGTAGTCGCCGCCGGGCGGGCGGAAATACTTCACCGGCTGCCCGGTAATCGAGCGCAGCACCTGGTTGGTGAGGTCGAGCTCCGTGATCGCCTGGCTCAGCGGCAGCGGCGGCAGCCGGACATGGTGGTAGGTGTGGTTGCCGACCTCGTGGCCCTGCTGCACCATGTCGCGCACGAAATACGGGTAAGCGCGGGCGTTGCGCCCGATCACGAAGAAGGTGGCCTTGACCTGTCCCCGGCGCAGCAGATCGAGCAGCAGCGGCTCGAACATCGGGTGCGGCGCGTCGTCGAAGGTCAGGGCGGCGACGGGTCGCAGGGCGCTGCCGCCGTAGAGCAGGCCATCCTGGAGGCCGCCCGCTGCCCGGCTGGCGGCGCGCAAGCGACCGTCCTCGAGGCGCTGGTTGACGTCGCCGAAGAAGTTGATGGTCCGTTCCAGCACTTTATCGGCGATGCTGTCGCCGCTGCCCACCGTCGGCGGCGCGCTGCCCTGCGCTTCCCAGGCCCGCTCGTAGCGGCCGCCGGCCGCCCAGGCCGCCACGTCCTGCAAGCGGGCGCGCGGCGCGCTGAGGGTCAGGATTGGCAGCGGGCCGCCGAAGCCGCCGTAGCCGGCCTTGTTGTAGACGCTGACGTCCACCTCGTTCAAGCTGGGGCGGGCGAGCAGCGCGCGGGACACCACCGTCGCGGCGAGTTTGCGCGCCTGCGGCACTTCCGCCGCCGAGAGCAGCACCACCGCCCCGGCCACCTCGATATGGCCGTTGCTGAGGTACTGGATGCGGCGCACCTGCGGCATCGGCGGCACCAGGGTCAGCTCCGGGATCGGCCGGGCGCGGCGGGTGCCGGGCGCGATCGGCTGCACCTCGCCGGGCAGCCGCAGCGGATGGGCCGGCACCGGCGTGGGCGTCTGCGCCGCCGCTCCGCCGAGCAGCGCGGCCCAGACCAGAACGGCCCCGCGCTTTCTCACGGGTTGGAACGCCTTCACTTCACTGTCCCTGGGCCCAGGTCAGGGCGCCGGCGGGGCCGGCCGGCAGGTGCCCCTGCGCCTTATAGAGCTGCGCGCCGGCCAGCAAGTGAACCTTGGCCTGGGCCAGTTGGCCCTGCTTGCGCTCGACCAGGCCCAGCACGTAAGTCGCCAGCGCGTTGTGGGGATTGTCCTCCACCGCCCGGCGCAAAAACGCGGCGCTGCGGCTGAGCCCGGCGGCGTCACTCTTGCCGCTGTTGTTGCCGCCGGCCCCCATGAAGCCGCCGGGAGCGCGCTCGCCCCGGTAGTAGTTGACCTGCGAGCGCAGGTAAGCCAGGTCCAAGGGCCGCGCCGCGCCGAGGGCCACCTTGGCCTGGGTGTCGGCGCGCAGGAAGGCGTTGATCTTCTGGCCGTCGTACACCGGATGCACGAAGCGGTACTCGCTGCCCTCGCGCACCAGCAGGCCCTGGTGGGTGATGAACGGCTGCGGGTCGCTGGCGTCGTCGAGCAGGGCGGCCTGGCCGGACGGCAATCTCAGCAGCGCCACCACGTGCCCCAGGTTGCTTTCCTGACCCTTGTCGTTTTGCCAGACCATCACCGCGCCGGCGTCCAGGCCGGTGCGCTGCAGCAGGGCGGCGATCAGCAGGCTTTGCAGCAGACACTGGCGCTCGCCGTTTTGCACGGCGAAGGCGAATTCGTAGCCGCGTTCCAGGCTGAAGGTGGGCAGAATCTTCTTGATGAAGGTATGCGCCCACTGGGCGGTGTCCTGGGCCAGTTCGTCACGCTTGGCGCCGCTGGCCGCCGCAATGGCCGCCTGCCGGGCCGTCAGACCGGCCAGCAAGGTCTTGCCGCCGCTGAGCGGCAGATTGGCGCTCTGGTACTTGCCCTCCAGCCACGCCGCGAACGCGGGTGTGCTGAGCCCCCGCAGG
NZ_CP029494.1_gap7	130667	134220	3553	CGTGGCCGAACTGCTGGTCGAGGCGCCCGGCGTGCGCGTCCTGACGACCAGCCGCGCGCCGCTGCAGCTCACCGGCGAGTACGAGGTGCCGCTCGGCCCGCTGGCGCTGCCCGAAGCCGCCGACCGCGCCTCGCAGGAAGCCCTCCTGGCGGTGCCTGCGGTGGCCCTGTTCGTGGCGCGCGCCTCGAAGGTGCAGCCGCAGCAACGCTGGGACCTGCCGGCGCTGGACATCGTCGCCGACATCGTCATTCGGCTGGGCGGCTGGCCGCTGAGCCTCGAACTCGCCGCCGCCCGGCTGCGCCTGTTTGCGCTGCCAGCGCTCAGAAGCGCCCTGGACGCGCCGCTGCGGGTGCTCACGCGCGGCGCACGCGACCGGCCACCCCGGCAGCAGACCCTGCGCGCCACCCTGGACTGGAGCCACGCGCTGCTCGGCCAGGAGGAGCGGGCGCTGCTGGCGCGGCTGGGGGTGTTTCCCGGCACCTTCACGCCCGCCGAGGTGGAAGGCGCGCTGGGCGAGCTGGGCCGGCTCGACGTGCTGGCGGCGCTGGTCGAGCACAGCTGGGTGGTGCGCCTGGGGGCCGAGTCCGGGGCGTTTACCCTGCTCGAACCGGTGCGCGAGTACGCGCTCGAGCAGCTCTCGGCGCAGGAAGCGGTGGACGCGGCGCGCGGAGCGCACGCCCAGTTCTACCTCCGGCAGCTCGAAGCGCTGTCGGCCTCCGGCGAAGCCACCCGGGAGTATTTCGCCTGGGTGGACCGCCGCTACCCGCACCTGAGATCGGCGATGAACTGGGCCCTGTCGGCGGGCGCGCTCGACCTGGCCCTGCGGCTCGAACGTGGCCTGCTGCCTTTCTGGAGCATGAGCGGCAGCGGCCTGGTGGCCGAGGGGCGGGTGTGGGCCGAGTCGCTGCTGGCGCAGGTGCCGGCCAGCGACGAGCGCGCCGTGGCCCACCTGTGCACCACCGCCGGGCTCTTTGCCGGACGCCAGGGCGAATTCGCGGCGGCCCGGCAGCAGTTCGAGCGTGCCCTGGCGCTGGCCCGGCGCCTCAATGACCCAGTGGCCGAAGCCGACAGCCTGCTGAAAATCGCCGACGCGGCGCGCATGGGCGCCGGCACGCCCGCCGAGGCCGAGGCGATGATGCGCGGCGTCGTCCAGCGTTTTCTGGAACTCGGTGACATGGGCCGCTGGCTGCACGCGACCACCCAGCTCGCGGTGCACCTCGACAGCCTGGGCCGCTACAGCGAGGCGCTGCTGCTGCTGGAAGACATTCGCGACGAAGCGCGCCGTTATCCCGACCCCCGGGTGGCCGTGAGGCTCCTGATCTACTCGGCGTGGCTGCTCATTCGCCTGGGCCGGGCCGGGGAAGCCCGCGCGCCGCTGGACGAAGCGCAGGCGCGGCTGCACGGCCTGCCGCTTCCCTCGCTGCAGCAGGCCGTGCAGCACGCGCTGGGCGAGTGGGCGATGGCGACCGGGCGCGACGCCGAGGCCGAGGCGTATCTGGCCCGCGCCCAGGCCATCATGCTCGAGCTGCGCGCGCCCTACCTGCTGGCCGGCCTGCTCGAAACGCAGGCCCGCCTCGCCGAGCGCCGGGGAGAGACGGCCCGCGCCGCCGACCTCTACCGCCAGATGCTCGCCCAGGTCGGTCCCGGCGGGGCCCATTATCTGCTGGAGGACGCCCGCAAGGGCCTCGCCCGCTCAGAGGGAAAGCTGGAGGAAGAGGCCGCCGCGCCTCCTCGGCCGCGCGTGGCGGCGCGCTCCGGGCCGGGCCTGACCGACCTGACGCTCCGCGAAACCGAGGTGCTGGCCCTGCTCGCCCGGGGAAACACCAACGCGGGCATCGCCGCCGCGCTGGGCATCAGCCTGCCCAGCGTGAACGCGCACCTGCGGACCATCTTCTCGAAGCTGGGGGTGGGCAGCCGGGTGCTGGCCGCCCGCCTCGCCGTCGAACGCGGCCTGGTGGACCCGGCGAAGTCGCCCCGGCCCTGATGCACCGGCCGCCTGCTACTGCACCCGCCCCAGAATCAGCGCCGGCACCTCGGGCCGCCCGGCGCCCACCTGCAGGCCGCTGCGCAGCAGGGTCAGGGCCGTGTCCAGGCCGCGCCCGTCGCGGTGGTAGAGCCGGGCCAGCACCTCGCCGGCCCGCACCGCCTCGCCGGGTTTCTTGACCAGTTCCACCCCGACGCCGTGGTCGATCGGCTCGTTCTTGCGCGCGCGCCCGCCGCCCAGCACCAGCACCGCCTGACCCACCGCCAGGGCGTCCACCCCCTGCACGAAGCCGCCGCTTTCGGCCAGGACTTCGGCGCGCCCTGGGGCCACGTCCAGCTTGTCCGGCTCGTCGATATAGCTGGGGTCGCCGCCCTGGGCCGCCACGAAGGCCCGCAGTTTGGCGAGTGCCGAGCCGTCGGTGAGGGTGCGGCGGGCGCGCGCCTCGGCCTGCACCGGGTCCTCGCCGTGGGCCGAGAGGGCTTCCACCGCCAGCGCCACGCACAACCCGGTGAGGTCTTCGGGGCCCTGGCCGCGCAATGTCGCCACCGCTTCCTGCACTTCCAGGCTGTTGCCGGCGAGGTGGCCCAGCGGGGCGTCCATGTCGGTCAGCACGGCGCGCACCCTCCGCCCGGCGTGGGTGCCGATGTCCACCATGGCGCGGGCGAGGTCCAGGCCGTCGTCCACCGTCTTCATGAACGCCCCGGCGCCCACCTTGACGTCCAGCACGATGGTCTGGGCGCCGCTGGCGAGCTTCTTGGACATGATGCTGCTGGCGATCAGCGGCAGGCAGGCCACCGTCGCCGTCACGTCGCGCAGGGCGTAGAGCAGGCCGTCGGCCGGAGCCAGGTCCTTGCTCTGGCCCACCAGCGCCAGCCCGATCTCGCGCGCCTGCTTGAGAAAGGCCGCGTCCGACAGCTCGCCGCTCCAGCCGGGAATACTCTCGAGCTTGTCGATGGTGCCGCCGGTATGGGCCAGCCCGCGCCCGCTCATCTTGGCGACGGTGAGGCCCAGCGCCGCCAGCATCGGCGTCAGGATCAAGCTGGTCTTGTCGCCCACCCCGCCGGTCGAGTGCTTGTCCACGGTGTGCTCGAGGCTGCTGAGGTCGAACTGCTCGCCGCTGCCGGCCATCACCAGCGTCAGGTCGGCCACCTCGCGGGGCGTCATGCCGCGCAGGTAGATGGCCATCAGCCAGGCGCTGATCTGGTAGTCGGGCACCTCGCCGCGGGTATAGCCCAGCACCAGGGCTTCGAGTTCGGCGCGGGAGTGTTCCAGGCCGTCGCGCTTGCGGGCAATCAGATCGGGGATATGAACGCGGTGGGTCATGCTGGCAGTGTAGTTGCTGCCGTGTCCCCCGGCGCGTTCTCGCCGGCGTCACGTTCTGCGCCGGGCCGCCCCGCTATACTGCGAGGCTGATGTGCGGCTCCCCCAACGCTGGGCCGAGCGGCCCAGAGGAGAAAGAGCCAGCATGACCTTACTTGACTTTCCCACACGTGAAGCGGGTACGCCGCTTCACGAACAAAAAAACCGGGTGGGCTTCATCAGCCTGGGCTGTCCCAAGGCCCTGGTCGA
NZ_CP029494.1_gap8	185107	189176	4069	TCAAGACGCAGCTGCTGCACTGCCATGACGTTCAGTACCACGCCGCCGCGTTCTCGCGCCTGCTGGTCGATCCGCGTCTGGGCGGCGCGGCGGCCGACCTGATCGGCCCGAACGTGCAGCTGCACCACAACAAGATGTTCATCAAGCCGCCCGAGAAGGGCTCGCCCTTTCCGCTGCACCAGGACCACCCGTTTTTTCCGCACGAGCAACACAGCATGCTGGCCGTGGTCCTGCATTTCGACGACGCGCCCGAGGAAAAAGGCTGCCTGCGGGTGGTGCCGGGGTCGCACAAGCGCGGGCCGATCGAACATATCGAGACCGGCAGCTGGCATCTGTCGCCGGAAGAGTACCCGCTGGAAAGCGCCGTGGCCGTGCCGGCCAGAGCCGGTGACGCCCTGTTCTTCTCGTACCTCACCATTCACGGCTCGGGCGTGAACGTCAGCCAGGAAGCCCGCACGACCTGGCTGATTCAGCTGCGCCGCGCCGACGACCGCCCGGTGGTCGACAGCCATCCTTCGCCGGGCCAAGGCATGATGCTGTGGGGCAATAGCTGAGACCAAGGCGCGGCGCTCACAAAGGAGAGCGCGGCACCGAGGCGGCGGTGCGCACCGGCGTCCTGGACACGGCGACCAGGCCGTCGCGGCGCAGCTCAGTCGGCGTGCGGCCTAGCGCCGAGCGGATGACGCGGCTGAGCAGCCGGGGGTCGTCGATCCCGACCTGCTCGGCGATGGTGCGAATCGGCAGCGTGGTGTTCGTCAGCAGGTGCCGGGCGCGCTCGACCCGCCGGCTGCGGATGTAAGCGATCACCGTCAGGCCCAGCGAGCGGCGAAACTGGCGGGTGAGGTGATTGTGCGAGACGTTCACGGCGGCGGCCAGGGCCGGCACGCTCAGCGGTTCGTTGAGGTGCAGTTCGATCAGCTCGCGTGCCCGCACGACGCAGGGCGGGTGCGCGTTGACGGTCACGGCGCCGCTGCCGGGCAGGGGTTCGGAAAGCTGCCACAACACGTCCCACAGCCGCACGCAGGCGCGCAGCGGATGAATGGCGAAGGCGCGCGAAGCGTCCTCGAGCGCGCTGTTGATGCCGAGAAACCGCCCGGCGAGGTCCTGCATGGCCGGCACCAGCACGCCGGGGGTCAGCGGGCCGGCCTCGGGAAAATGAAAATGGGCGCAGAGGTGCTCGGAGCGGTCGGGAAAGTGGTAGACCGTTTCGGTGCCCGGTGGAAAGAGGCTGACGTGGCCGGGTCTGATGGGGTGGGTGGTGCCGTGCGCCGTGACGCTTCCGTAATAGCGGTAGACGTGAACGGCCCAGTCGGCGTGCAGGATGTGCCGTTCGGTGCGGCTCGGGCCATGCCGGCCGAGGCCGATGAACACGGCCCTGGGCTGGTGCTGCAGGGGCATGGCGTACTGGGGGTGGAGGTGGGGACCGGGCGTCATCGGTGCGCCTCAGCTCGGCGCGGCCGTAGGAAGGTAGCTTGACGGATCGGGGACCACGCTGCCCATCCTGCCACGCCGGGCTGGGCGAGGGCGCAAATGACGGCTGCTCGGCAGAACACCCCGCCCGTGCCGGTTCACCCGCTGACCGGCTGCCGATCCTCCAGCGACCCGAGAAACGCCTGGACCACGGCGGCGAGCCGTTCCGGTTGATCGTAGGGCAGGCCGTGACCGGCCTCCGGAATCTGTTCGCAGCGCAGACGCGGGTTGAGCGCTTGCAGTTCCTGGGCGGTGTCGAGCGAAACGACGCCCTGAGTGCCGATCACCAGCAGCACCGGGGCCTGAATGCGGCCAATCAGCTCGCGGTGGTCGGGGCTGGGCGGCCTCAGCACCTCGCACGCCTGAATCCGGGTCTGCCAGCGGGCCTGGGCCAGCAAGCCGAGCATTTCCGGCGAACGCTGCGGATGCCGGCGCTGCAAGTCGGCCAGCACCTCGCGCTTGTTCGAGCGCAGGCGCTGGCGGTGTTGTGCGGCCACATCGCTGGCGTAGACCTCGCGCTGCTGCTCGGGGCTCAGGAAGGTGGGATCGACGAGCACCACGCCGCGAACCCCGGCGCCGGGCCGGGCCGCCACCACGGCGGCCGTCATGCCGCCCATCGAATGCCCCAGTAGCACCGGCGCGTTCAGGTGCAGCGCTTCGGTGAGCCCCACCACGTCGAGCGCGTGGTCTCGGTAGTGGTACCCCTGCGGCGGCGCGCCCGAGGCGCCGTGCCCGCGCGCGTCGGGCATCACCACGTCGTGGTCTGGGGCGAATTTCCGGGCCAGGGGCATCCAGCAGGCGCCGCTGCCCATCAAACCGTGGAGGGCCACCACGGGCAGCTGGCCCTGCCCGGTTCGCCAGTAATGCAGGTCGGTGTCGTTGACCCGGCACCGGCCCGTTCGCCAGGCCGCCTGGCGAGGAGCGCGGTCCATCACGGCCACGCCTCGACCTGGAGCAGAAAGCCGGGACAGACCACGACGTGGTGATGCCCCAGAAACTGCTGAAGGGCGCGGTTGGACGCGCTTGGGTTTTGCAGTATGGCGAAGTGGCTGACGTTCGGCAAGATGACCAGCCGCGCTCCAGGAATGGCCCTGGCCATCATGACGGTGTGGGCCGGCAGAATGGCCCGTCGTGCTGACCGTCGGCGATGGTCACCGGCACAGTGATGGTTTTCAGGGCCGCCGTGATGTGCGGCTCGCTGGCCCACATCTGACCGATGGCGTTCACGAAGGCGCCAAAGTCGTTGTGGGTCGGCGACAGGCGCCGGTAGTCGGCCTCGGTGCGGGCGATGTAGCGGTTGAAAGTCGCGTTCTGGCCCACCTTCGGATTCGCGCCGCTGGGATCGGCATTGGCGCCGAAGGCGAAGATGCCGCTCAAGCGCTCGGGGTGCCGGATCGCCATCACCAGGCCGATGATGCCGCCGTCACTCCAGCCGATCAGCTTGGCGCGTTTGATGCGGAGCTGGTCCATCAGGCCGGTCACGTCGGATTCCATCAATTCATAAGTGTAGGGCTGCGCGTCGCGGGTCGAGCGTCCATGGCCGCGGCTGTCGACCACCACGACCGCGTGGTGACGGGCCAGCACCGGCGCTTAGTTGCCCCAGTAATCTCTGTTGCCCAGACCGCCGTGCAGGAGCACCGGTTGACCGTGCCCGTAGACGGCGTAGTAGAGCCGCACCCTATTGACCTGGGCATACCCGCTGGCAACCGCCCGGGGCATCGGCGCGGGCCGCGACAACTGTTGCCAGACCGGCCGGCTGGCCAGGGCCGAGGAGAGCAGGGCGAAGGCGAGCGTGGCCTGAGCGCGGTGCCAGAGCTTCATGGTCTCTCCTGAATGCTGCTGGAAAAGGGCGGTTTGGACAACCCGACCAAGCAGACGAAGGCGCGCCCATTGGTACGTGAAAAAGGGCAAAGACCTTCACCGGAAATGAAACACCTTTGCATCAGAGGAGTGTGCAATCAGGACGACCAGCCTTGATGGACCGTTCTGGAGCGCGCCCACTGGCCGTGGGAGGTTCGTCGGTTGATCTGCTTCAACACCAGGTGCCGAAAAGATGGGACCAGAAATAAAACCCAGAGGCAGGGAAGGCCTGCTTCTGGGTCCGCCGCGCTTCAGCGCACCTAATTCGGGAGCCATGAGGCGCGTTCGGAACTGACCGATGGGGCGGCCAGCGCCCCGCTAGTCGTCTTGCGAGGCCTCGACGACTTTGTCGACTTCCATCGAAACGGCGCTGGTGGTGTCCTCGTAGTGTGTGGAGGTGTCGCCCGCTACCGACGGGGCCTGACCGCTGGCGCCAATCACATTGCCGGACTGCAACTCGCTGGTGCCGTTGGGGGTGGGAATGTCGGGCGTGGTCTTTGTAGCCGTGTCGCCGGTGACGCTCCGGTTCTGGTTGTCCTGGGACTTGGTCATGTTCGGCCCTCCTGTGGTGAGGGGTTCAGTGTATCGGCGCTCGCCTGAACTTTAGGCCCGGAAACGATGAAGCGGCATTGTTGGAGAAGGCTTTCGGCGTGCCTCGACCACCCCTGCGGGCCAACCAGAGTGCCTCGCCGTTTCTCAAGTTTTCGCCAAGGCTCGTTTCGGGCGCGCTGGGTGGGCA
NZ_CP029494.1_gap9	195715	199805	4090	TGGCTGGCCTGAGGCTGCAACTGTTCGGATTCGGTTGTGCTGGACATGGGCGCTACTTTAGGAAACCTGCGTGCCGAAACGGTGTGTCACTCGTGTACAAAGTGGGGGCGGTAACATCTCAACAGGTCGGAATGGCCGAGTTTCCCTACGTGCCGAAAGCGCACCGCACCCTCGGGCTGGACGAGTTTCACGGCCTGATCCTGCTTGCCGGCTTCCTGGCCGTTGGGATCAGAGATGTACCCGACCGTCCTCGCGACTTCTAAATAAAAGGCTTACAAAGTACCGATGCTGAGGTATTTGGTGGCGAGGTATTCCTGAATGCCCCAGATGCCGCCCTCGTGGCCGTAGCCGCTCTGTTTGACCTCATTGAACGGGGCCTGTAGGCGTTCTCGAAGGGCTTTCCTGGACGGTTGAAGTGTTGAATGATGCTGTCTCGTGGGCTCACTGGTCCAGCGCCTTGCTGATGAATTCTGGGCCATTGTCGATTGATCGAGGTGCCGGCGTGCATGAGCAAGCACTCTCGCATGAAGTCGTCCACGACGTTTAGGACGCGAGGGCCGCTGACCTGAAGCCAACTGGGCCGACATAAAATCCATGCTCCAGCGCTGATTGGCTGCAGAAACCAGCGGTTTTGCAGCCAATCACCCGCAGCCAGTTTCCTGCGCGTCTTGCGACGAACAGCCAGGCCTTCAGCACGGTAAATCCGGTACTCCCGGTTTGTGGTTGACCCTCAGTCCCTCGCGTTTTAACAGAACGTGGAGCCGCCGATAGCCAAAACGAGGCCGTTCCAGAGCCAGACAATGCAGCCGCGCTTTCAAGACCGGGTCTTTTCCCTCTCCAGGGCTGTGGTGCCGTTGTGTTGAGCGCCAGAAGCCCAACTGGCGACATACCCGCCGTTCGGTGACCCCGAAGCGCAGCTGTACAAACCCCACCATTTCCCGCTTCAATGGCGTCTGGGATTGCAGCGTCGCCGTCGGGTCTACCACTTTTTGCGACCACCTCTTTGAGAACCTGGTCATCCAGCGACAGATCCGCTGCCAGCTTCTTCAGATGGCGATTTTCCTCTTCTAACAGACGAAACCAAACGGTTTCGTCTGTTGTCATACCACCGTACTTCGCCTTCCAAAGCTGGCTGGTACTGACCGCGATCCCGTGGAGCCGCGTGATCGCGGCCCAAGGCTGGCCTGCATCGACCTGCAAGGACAGCCGCACCGTTGGATGCCTTGTAGCTCTGGTCGGTCCTGGCGCTGCCAAGCCTCTGAAATAAACCTATTCAGTCGCCGAGGCCGACTTCACGACGCGGGATCAGTCGGCCGGCGCTGTTTTGGGAAAGAGCCACTCGCCCAGGGCCATCAGATTTTCCTGCGCCCGTAGGAGGTGCTGGTGCACCGCCGTTTTAGTAGCGAGCGGATCGTGATTTTTTAGTCCCTCGTAGATGGCCCAGTGCATCGACTGGGCCTGCTGGGGCGCGCCCGGCTGCCGGATGGTCTGCTGGAACCCAGCCTTGAGCAGTTCGTGGACCGGCTCAATCAGTTTGGCGAGGATGGTGTTCTTGGCAGCCTTGACCAGCGCGATGTGAAATTCAGCGTCGCAGACGTGAAAGCGCTCCGGGTCGTGCATGTGCTGGTCCATCAGCCGCAGCAGCGCCTCCATATGGCCGAGTTCACGGGCGCTGATGCGGGTGGCGGCCATCTCGGCCAGCTGCACCTCGAACACGATCCGGGCTTCGAGCAACTCGGACTGCACCGTGTAGAAAGACGCGTCGTGCCCCAAGTGCATCAGCACCAACGGGTCCATCGGGTTCCAGCGTTCCGCCGGATTGACGGTGGTGCCGCGCCCCTGCTGAATCTCGATGAGCCCCTTTTCAGCCAGGACTTTCATGGCCTCGCGGATGACCACCCGGCTGACCTCGAACTGTTCGGCCAGTTCCGCTTCGGTGGGAAGGCGGCTCAGCGGCGCGATCTGGCCCGACACGATGCGCTGGATCAGTTCCGCTTGAACGGTCTGCCGCAAATTGCTGCTCTTGGTGGTCACGGTTCAACTCTACGCTGAGCCGGTGAATTCTGCAAGATAGATATGATGTTTTCCTTTCTGAAACTGCGGACCAGGGCGCGCCGAATCTCCTCCTGCGCCGTGGTAAGAGATTTTGTTGCTGAAGAAGCGGGTCTGGGGCTTTCCTGCCGAGTCGTTAGTTGACATCAAGCGTTGACTCACGTATATAAAGGTAGTACGTTTCAATCGATCCGTGAATTTCGCTGCTGGCGTCACCCGCCTGCTTCACGTCTTTCGTTGTCTCTGGAGGTTGTATGGTCCGTTTCGCGCTCCCCGTTCTCGGTTTGTCCCTTGCCCTCGTCACCGGCGCCCAGGCGCAGTCGTTCAACTGGAAGGCCCAGAGCGGCAAGAGCATCACCGTCAGCGTGGTCAAAAGCCCCTGGTCCGACATTCTGCAAGACAAGCTTCCGGAGTTCGAGAAGCTCAGCGGCATTCAGGTCAGCCTCAGCGTGCTGCCAGAGCAGCAGGCGCGGCAAAAACTGGCCATCGACTTTGCTTCGGGTGGGCGCACCGTGGACGTGTTCGACTCCAGCCTCACTGTCGAAAAAACCCGCTTTTCGCAGGCCGGCTGGTACGAGCCCTTGAACAAGTACATGGTGGCCGGCAAGATCGACCCCAGCTACAGCTTCAGTGACTTCTTCACCTCGGCACGTAACGCCGTGAAAACCAAGGACGGCACCATCATCGGCTTTCCCTGGAAGGCCGACGTGCAGGTGCTCTACTACCGCAAGGACCTCTTCGCCCAGGCGGGCCTGAAAGCGCCCACCAGCCTGGCCGAGCTCGAAGCCGCCGCCGCCAAGCTCAACGTGCCGGGCAAGATGTACGGCTATGCCGCGCGCGGGCTCAAGAACGCCAACGCTTACACCTTCACTTTCCCGCTGCAGGCCTTCAAGGGCCGCTGGGTGGATGGCAGCGGCGACGCCACTGTCAACAATGCCCAGGCGATCAAGGCACTGGACTGGTACGCCGGGATGCTCAAGAAATACGCGCCGCCCAGCGTGGTGAGCTACAACTGGAGCGAAGTCCTGGGCCTGTTCCAGCAGGACCAGCTCGCCATGTTCAACGACGGCATCGGCTTCGCGGTCCAGGTCGAGGACAAGGCCAGCTCGAAGGTCGCCGGCAAGGTCGGCTATGCGGTGCTGCCCGGCAAGCTCGCTCCGGCCACCTTCAACGCGCTGGCGATCTCGTCGCGCGCCGCCAACAAGGACGCCGCCTTCCTCTTTATTCAGTGGGCCACCAACAAGGCCTTCGACAAGTACCTGGTGGAAAACGGCGTGACCTCGCCCCGGCAGTCGAGCTGGCAGCTCGCCACCAACAAGCCGCTCGACACCATTCCCTGGGCCAAGACCTACTTCGACGCCCTCAAGGTCGCCAAGCCCGCCTTCCCTGATGTGGCGCCAATTCAGGAAATGCGCGACATCGTGGGCATCGCCATCGTGCAGGCCCTGCAGGGCAGCAACAGCAAGACGGCGCTCGATCAGGCCCAGAAAGACTTCCAGACGGCGCTGACCAACGCCAAGCAGTGAGATGACCACGCCTCCGCTGCACGCCCGGCCCCGCCCCGTTCCGCTGAGTCGCCGCCTGACGCCGATGCTCTTCGTGCTGCCCGCGCTGCTGCTCACGGTGGTGGTGATCGCCTTCCCGCTGGCCTACACCCTCTACCAGTCCTTCACCAACTGGGTGATCACCAGTCCCAACCCGCCCAAATTCATCGGGCTGGCCAACTATATCGAGCTGCTCAGCGACCGGCGGGCCTTGCAGTCGCTGGGGCGTACAGTGCTGATCACGGTGTTCTCGGTGGGCCTGCAGATGGTGCTGGGCGTGATGATGGCCCTGGTGATGAACAAACACTTCTTCGGGCGGGGCCTGTTCCGCACCCTGGCACTCTTTCCGGTGGTCGCCACGCCGGTCGCCATTTCGCTGATCTTCGTCACCATGATGAATCCGCAGAGCGGGGTGCTCAACCACTTCCTGCAGGGGGCGGGCCTCGGCCCCCTGCAGTGGATCTACTCGGAAAAAAGCGTGCTGCCTTCCCTGA
NZ_CP029494.1_gap10	201071	203763	2692	AAGGTTCCCGCATGACGCCGATTCAAGGCCTGATCGTTCCGACCGTCACCCCCTACACCTCCGGCGGGCAGCCCGACTACGCCACCGCCGAGCGGCTGACCCACTTCTACGGCGAGCAGGGTGTGGCGGCCCTCTTTCCCGGCGGCACCACCGGCGAGTTCGCGCTGCTGAGTATCAGCGAGCGCAAGGCCCTGCTGGAAGCGGTGATGAACGCCGCCCGCCCGCACCAGCTCAAGGTGATCGCCCACACCGGGGCCGCCACCCTCGCCGAGGTGCTCGACCTCAGTCGCCACGCCCAGCAGGCCGGAGCCGACGCGGTGGCGGTGGTCACGCCCTTTTATTACGGCTACGAGGAAACCGAGCTCGAAGACTTCTACCGGCAGGTGTGCCGGGCGCTGCCGGACCTCGGCGTGTACGCATACACCATTCCGCAGCGGGCCGGAAACAACTTCGCGCCGGCCGCCGTCGGACGGCTGCTGAGCGAACCCAACTTCCGCGGCATCAAGGATTCCAGCGGCGACATGCACCGCCTGCTGCACCTGATCGACGTGCCGGGCCTGAGCGTCTTGGCGGGCGCTGACGACTTGGCTTACCCGTTCCTGCTCAGCGGCGGTCACGGGCTGGTGTCGGGGCCCGGTGGGGTGGTGCCGGAGCTGTTCCAGGCTTTTTTCGAGGCGCTGCCCAGAGATTTGCTGCGTGCCCAGCGCCTGGTCAAACACATTCGGACCTTCAGCCGCATTATCCGCGGCGGCGGGCGCATCGATTACCTGAAAGCGGGCCTGGACTGGCGCGGTTTTGCCAACGGCCCCTCGCGCTTTCCGTTGCCCAACCTGAGCGAGACTGAACGCCGTGCCCTCTACGCCGAACTCGACACCTTCGCCTCGGCAATGGAGCGCGAGGGCATAGGCCTGCGGCAACTGATCGCCTGATCACCACAGCCTGAGGAGGTCAATCGGAACGCACCGGAAGTGCGCCTGACCTCCTTTTTTCCTGTCTACTCCAAGGAGAACCCTGATGTCGGATTTCACCCTTCCCATGACCCAGGCTTATCTGGTGGCCAGCGGCGACCTTCGCCTCGCAGCCAACCAAGAGTGCTGGCCCGCCCAGCAACAGCTCGAACAGCAGCTGAACGCGGCGTTCGGCGCGCTGGGCGTCGAGGTCATTCGCGCCCATCCCTTCGATGACGTGGAAGGCCACGGCTTTATCAGCTCGCAGCGCATGGGCATGAACGTCTTCAGAAGCATTCCCAGAGGCGCCCCACTGATCGTGGCCGAAGCGGTCTGGCAGTACAGCCACCACGTGCTGGCGGGGCTGCGCGATCACGAGGGGCCGATCCTGACCGTCGCCAACTGGAGCGGTGAGTGGCCGGGCCTGGTCGGCCTGCTCAACCTCAACGGCAGCCTCACCAAGATGCGGGTGCGCTACAGCAGCCTGTGGAGCCGGGCATTTGAGGACGCCTTTTTTAAAGAAAAATTGCAGGAGTGGGCCGAGACGGGAACGGTCACGCACGATCTGAGCCATGTTCACGCGCTGAACCTGGAGCAGCTCGGGCGCGGCAATCAGGCGCTGGGTGAGCAACTGGCCGGCGCCCTGCGGCGTGACAAGGCCATCCTGGGCATCTTCGACGAGGGCTGCATGGGGATGTACAACGCCATCATCGACGACGAACTGCTCAATCCGCTGGGGGTCTACAAGGAGCGCCTGAGTCAGTCGGCCCTCTACGCCGAGATGCAGAGGGTTTCCGACACCGAAGCGCAGACGGCCCTGAACTGGCTTTTGGAGCGCGGCCTGCGCTTCGAGTGGGGTGACGTGCCCGCCACGCAGCTCACGCAGAAGCAGACCCTGGAGCAACTCAAGATGTACATCGCCGCCGTTCGCCTCGCCGAGCGCTTCGGTTGCGACGCGGTGGGCATTCAGTACCAGCAGGGCCTCAAGGATCTGGTGCCGGCCAGCGATCTGGCCGAGGGACTTCTCAACAATCCTGAACGTCCGCCCGTTTTTCACTCAGACAGCGGCGAAGAACTGTATGCCGGTCTGGCCCTGCCCCACTTCAACGAAGTGGACGAGGGATCGGCGCTTGACGCCCTCGTCACCAACCGGATCTGGCGGTCGCTGGGCTTCGACGAATCCACCACCCTGCACGACGTGCGCTGGGGAGAAACGTACGGCGGCGAATTCGTGTGGGTCTTCATGATTTCCGGCGCCGCTCCAGCGTCACACTTCACCGGTGGCTACGCCGGGGCCAGCAGCGAACGGCAACCGCCGATGTTCTTTGCCAAAGGCGGCGGCACGCTCAAGGGGGTGAGCAAGCCCGGCGATTTCGTCTGGTCGAGGGTGTATCTGCAGGCGGGAGCTTTACACGTCGATCTGGGAATGGGGCGTGCGGTGGATCTGCCTGAAGCGGAGGTGCAGCGCCGCTGGAGGATGACCAATCCGCAGTGGCCGATCATGAACGCGGTGCTCGAGGGCGTGAGCCGCGATCAGATGATGGCCAAGCATCAGGCCAACCATCTGCAAGTCGCTTATGCGCCCGACGCTCAGGCCGCACGTCAGGCGCTGGAGGTCAAAGCGGCCATGTTTGCGGCGCTGGGCGTGCAGGTTCACCTGTGCGGAGTGCAGTAAGCCCAAGAGCGGTGGGCCGCAGCTTGCTGGTACACCCCAAGGTGGCGCAGCGCTGCCTGACTCAAATGCC
NZ_CP029494.1_gap11	218169	221566	3397	TTGCGCTTCATCCCAGCTGCCAGTCACAGCGTCATCCGGCCTGCCTTTGGGTGGACTGAAGATCGAAATGCAACATTCCCCGGTAGTTGCCGAGAGGCGAGCTTGAGGGCCGTTCTATAAACCCTCTCGCAGCAACGATATAAAAATGAAAAAACCTCGTCCTAGACGAGGTTTCTTTTGGTGTGCCTGAAGGGATTCGAACCCCTGGCCTTCTGATCCGTAGTCAGACGCTCTATCCAGCTGAGCTACAGGCACATGTGGCGGAGAGGGAGAGATTTGAACTCTCGGTACCTTTTGAGTACGCAGTCTTAGCAGGACTGTGGTTTAAGCCACTCACCCACCTCTCCAGCAAGGTTTGCAGTGCTGAGCCGACTCGTTGGCGGAGGGTGAGGGATTCGAACCCCCGGTAGGTTGCCCTACTGCAGTTTTCAAGACTGCTGCCTTCAACCACTCGGCCAACCCCCCACGCTCGGCGGCGGGGCGCATCAGACGGCTGTCCCAGATGCGTAAGGGAGTATAGGGGTCGTTCCCGGAGTTGTCAAATTAACGCCGCCGCAGAGACCACCACGCCGCGCCCAGGCCCAGCAGCCACCACAGCCAGCGCCCGGCTGAGGGCGGCAAAGTCGCCTGCCCGGCCAGCAGAGCACCGAGCGCCTGCTCATGCGGAGTCGGGGGCGGCGGCGGCAGGGTCTGCGGCGGCAACGTCAGATCGGCCTGCAGCACGCCGCTGAGGTAGGCATTCTCGCGTGGATGTCCCGAACGGGCCGCGAGTTGCCGCCCCACCTCGCGCAGATGCGCTGGTGACCCGCGTTCCACCCAGGGCAGCAGGGCCAGAAACCCCCGGCGCGGCGGCGTCATGACGTAGCTCACCGGGGGCAGGCCTTCCTCCTGGGGACCGGTGATGGCGCTCTGGCCGTCGAAGGTCATATCCAGCAGGTTGCCCACCACCATCGGATTGACGGCGTAGCGAATCTGCCCCGCAGCCGTCACCTGCCAGCTGCTCTCCAGCCAGGCCAGCGGCTGATCGCGCGGCAGGGTGCCCGGCGGGTAGATGCCTTCCAGGCCGGTCCAGGGGCTGCCGTTGGCGTCGGGTTGCAGCAAGACGGTGCAGCCCTGCGCGGCCAGCTTCCCGGTCACGTCGGCCCGGAAAGCGTCGAGGCTGATCGCCACCCCCAGGTCGCCGGCCGGCGTCGGAAACACCCGCAGCTCCGCGAGGTCGCCGGGGCTCAGGTCCACGCCGCCCTGCTCCTCGTCAGGGGTGAGGTGCACCTTGTCGGCGGTGCCGATCAGGGTGCCGTCGGGGCCAAGAATCACCGTCTGGTTGTAGAGGGCGCTGCCCTCGCGCCGCAATGTCCAGCCATGCAGGCGGTAATGCGGCATCGGCGTGCTGCCGCAGACCAGGTACACGCCGTACTCGCGCGCCAGCTGCTGGCACACCCTCAGGTACAGTGCGGCGTTCTCGTTCGCGCGGGCCAGTTGCAGGGCGCGGATGGGCGAGACCCGTTCTCGCAGCAAAATCGGTAGGGCCGACGGCAGGTGCTGAAGCAGCAGCAGGGCCGCCGCCCACTCGAAGCGCCCGGTGGCCGCCGCCAGATACCCGCCGCGCAGCACCAGCGGCAGACCGTTGAGTTCGGTGAGCACCACCAGATTGGGCTGCGTGGCCGAGAGGTGGGGCCGCGCCGCTTCGAGTTGGGCGCGCATCCAGCGCCGGAAGGCGGCGGCGCTCAGGAAATCCTCGGCGTGCCAGTGGGGCTGCACGGCGACGGCGCGAACACGGCGGGGAGTCATGCCGTTCAGGATAAAGGGTGGGCAACAGGCGGCCAAAAAAGCCGCCCCAGCTTTCACCGGGGCGGCGCTTTGCGGCGGAAATTCAGCGAACGATGCGCTGGCCGCGGCGAATGCCGAGCTTATCGGTCAGGGCGATGTAGGCGTCGTAGTCCTTGCCTTCCAGGTACTTGAGCAGGCGGCGGCGCTGGCCGTTGAGCAGCTGCAGGCCGCGCTGGCCGGCCTTGTCTTTCTTGTTGGTGGCGAGGTGACGGCTGAGGTTGCTGATGCGGTCGGAGAGCAGCGCGATCTGCACGCTGGTGCTGCCGGTGTCCTGCTCGCTCTTGCCGTAGGCGGTGATGATTTCTTTGCGGTGCGCTGCGTCCATGAAAATACCTTCTTCTGTTTGGTGTCCGGTCCGCTTCAGCTCGGAGAAGTCCTCCACCGTCGCGGCGGCAAAGTGGAGTGTAGCAGCTTCTTGCCGCCGGCAGCAAGGCCGGGCCTTACGCTATCTTCGGCGGCATGTACGTGGTTGTCGAAGGCCCCATCGGTGTCGGGAAAACGAGTCTGTCGAGCCGGTTGGCCGAGCGCTACGCTGCCGAGCTGCATCTGGAAGTGGTAGAGGAAAACCCGTTCCTGGCACGCTTCTACGAGTCGCCGGAAACCTACGCTTTTCAGGTGCAGGTGTTTTTCCTGCTGTTCCGGTTCAAGCAGCTCTCCGGCATCAGCCAGGCCGGGCTGTTCAGCCAGAACGTGGTCGGCGATTACCTGTTCGACAAGGACTTCATCTTCGCCTCGATGAACCTCAAGGACGCCGAGTTCGCGCTGTACCAGGACCTCTACAGCCACCTCAGCCCCCGCCTGCCGGTGCCGGACCTGGTGGTGTACCTGCGTGCCGAGCCGCAGGAACTGCTCCGGCGCATCGCCCGGCGCCGCCGCCCCTTCGAGGAGGAGATGCCGGCCGCGTATCTGGCCGAGCTGACCCGGCGCTACGACGAGTACTTCCGCAGCTATCCCGGCCCGGTGCTGACTGTCGGCGCCGACGAGCTGGATTTTGTCGGCAACCCCGAGCACGAACGCGACCTGCTGCGTCGCATCGACGCGGCCCTGGGCACGCCCGTGCCGGCCCGCTGATGTACGTCGCGGTCAGCGGCAACATCGGCAGCGGCAAGAGCAGCCTGACCCGGATGCTCTCGGAGCGCTACGGTCTGCGCCCGGTGTACGAGCCGTACGCCGAGAACCCCTACCTCGAAGATTTCTACCGCGACATGCGGCGCTACTCGTTTCATTCGCAGATCTACTTTCTCAGCAAGCGGCTCGAGCAGCACCTGACGCTGGTCAACGGCGCGATGTACGTCATCCAGGACCGCACCGTGTTCGAGGACGCCGGGGTGTTCGCGCGCAACCTCTACGAGGGGGGCCAGATGGAACCGCGCGACTGGCAGACCTACCTGGGCCTCTACCGGGGCATTCTGCCGGCGCTGCGGGTGCCGGACCTGCTCATTCACATCGACGCCTCGCTGCCCACCTTGCAGCGCCGCATCACCCAGCGTGGGCGCGACTACGAGCAGGGCATTCCCGAAACGTACCTCGCCAACCTGAACGTCCTCTACGGTCGCTGGGCCAGCAGCTA
NZ_CP029494.1_gap12	231521	232896	1375	GCTCGGCCCTGGAAAGCGAGCGCCAGCGCCTGATGGCCGAGCTGGGCCGGCCCGGTGACGAGGCCCGCCGGCCCGAACTGGAACGCCGCGCCGCCCGCACCCTCAGGGCGCTGGACGCCCTGCCGGGTGCGCCAAGGCCGCTGAAGCCGCTCTGGCCGCTGCTGGGGGTGGCCCTGGCACTGGTGCTGGTGGGGGTGGGGGCCTTCACCTTCGTGCCGAGGTGGCAGCTGGCGGCGCTGAACCCGGCCGAGGGCACGGCGGTGCAGAGCGCCCTCACCCTGCCGGGCCTGCAAGCGCGGGCGCAGCGTACCCGTGACCAGGCCGACTACCTGGCCTGGGGCGACGCGGCCTTCACCGCCGGGCAGTACGATCAGGCCAGCGCGGCGTATGCCAGCGCCCTCAAGCTCGACCCCAAGCAGCCGCGGGCGCTGCGGCGGCTGGGCATCCTGCTGCTGAGCGGGCAAGGGCAGGCGGCGGTGAAAAACGAGCAGCAGGCCTCGCAGGCGTTCCTGCTGGTGCGTACGGCGGCGCAGCTGGCCCCCGACGATCCGGAAAGCCAGTTGCTGCTCGGCTACGCCCTCAACAATTTCGGCGAGTCCAAGCTGGCGCTGGCCGCTTTGGAGCGCTACCGCAGCCTCGATCCCACCGGCCGCGAGGCCGACGACCTGATCGCCACCCTGCGGGCCAGCACCGCCCAGAGCGATCCCGGCTCGAAGGTGTACGCCGCCAACTGCGCCAGCTGTCACGGCGCGGCCGGGCGCGGCGGCATCGGGCCCAGCCTGCGCGAGAGCCGCCTGAGCCGCGCGGCGCTGCAAGCCGTCATCCAGAACGGCAAGGGCAGCATGCCGGCCTTTCCGAACATCAAGGGGGCCGATTTGGAAGCGCTCTTGAACAAGCTCGAAGGCTGGGAGAACTGAGGCATGCCCACCCGTAGGCAACTGCTCGAACGCTGGTGGGTGCTGCCGGTCGGCGCCACCCTGGGGGTGTTCGGCTACATGGGCTACTACGCCAGCCGGGTGACTTTCGGCAAGGAAAGGCCCGGCCCGCCGGAGTTCGTGGCCGGGCCGGCCGTGAGGGTGGCGGCGCTGGACGAGTTGAGCGGCGAGTGGGCGCAGCAGACCTTCACTTACCAGGGCCGGCCCTGCACCGCCCTGCACCTGCCCGCCGCCACGTCCGGCAGCCTGGAAGCAGGGGGGCAGCACTACGCCGCCTACAGTCGCATCTGCACCCACCTGGGCTGCACCGTCAACCTGGTGCGCGACACCGAGGTGCTGGCCTTCAGCTTCAATTACCGCCCGCCGGACGGCCAGCCCAAGCTCGGCTGTCCGTGCCACTTCAGCGTGTTCGATCCGCTGCGGGCCGGCGAGGCGGTGTT
NZ_CP029494.1_gap13	243192	244941	1749	TGGGCGAGGACAACGATCCCAGCGACCTGACCACCACCAGCGTGGCCGGACACGGCACCGCCAGCGCCGGCCTCCTTGGCGCGGCCACCAACAACGGTCTGGGGCTGGCGGGCCTGACCTGGAGCGGGCGCACCATTCTGCCCATCAAGGTGATCGGTGTAGGCGGCTCGGTGGCCGGCGCGACCACTGCCAGCCTCACCGCCGGAGTGAACTACGCGGTGGCCCAGGGCGCCAGGGTCATCAACCTGAGCCTGGGCCTCACCGGCCCGAACACCGATCCGGCGCTCGCAGTAGCCATTGGCAGTGCGGCGGCGGCTGACGTGGTGCTGGTAGCGGCGGCGGGCAACACTCCCGGCGACGGCCTGTACTACCCGGCCAGCGATCCCCACGTGCTGGCGGTGGGGGCGCTGGGCCGCAGCGACGCGCTGGCCTGCTACAGCGCCCGGCCCCAGCCGGGGCAGAAGGCGCTCGATCTGGTCGCGCCCGGCGGCAACGCGGGCACGGGCACGTCCACCTGCAACCAGTTCGGCCCCGACGACCTGCTGGTGCTGGGCCCCAACGGCGGTTACCGTCTCGACGCCGGCACCAGTTTCGCCGCGCCCCAGGTCAGCGGCGCGGCGGCCCTGATCCGTGCCCTGCGCCCCGACTTGACGGCCAGCCAGGTGGGTCAGGTGCTGACCGGCAGCGCCCGCACGGTGCCCGGCGGCAAGCTGCTGGACGTGGGCGCGGCCATCGCGGCGGCCGAGGTGACCGATCCCCCGGTGACGCCGCCCGAACCGCACCCGACGCCGGAGGTCCGCTACACCTTGCAGGTCGAAGCCCTGCAGGGCGGAACGGTGGTGGGGCAGTACCGCACGTCCGGCGTCCGCTTGACCACCCCGCAGCGCTTGCCCTACACCATCGCCGATCTGCCGGCGGGCCGCTATGTCCTGAGCGCCACCCTGACGGTCGGCAGCCGCACCAGCAGCGGTCAGGTCAACGTGACGCTCGGCGGCGACACCACCCTGGACATCCCCACCGAGTAGTCAGCCCGCACCGAGCGCTTCGGCCAGCGCTTGCAAATTGGCGGGCCGGAAGCCGTGCGTGATCACGGCGGGCAGCGCCAGCGCGGCGGCGTGTTCGGGATTCCACAACGCCAAGTGCAGGGCTGGCCGCTGGCGTAGATCTTCGGCGAGGCGGCGCAGCACCTGCGGCACCGCCCAGCGTCCGGTGGTGGCGAGCAGCACCGGGGCTTCCGGAAAGCGGGCCAGCAGGTCGAGGCCGGGTTGCGGATCATCATCTTGCAGCGCCACCCACAGCTGCGGAAAGACGCGCCGCAACTGGGCCGCCAGGGCCTCGCCGCCCAGGAAATCCCCGTAGGGACCGCCCACCTCCGCCGTCAGCGTGGCGAGCAGCAGCACCGGCCCCTGCGGATCGAGGCGCGGCGGCGTCCCGACCCACTCCAGCGACTGCCGCGCCCAGGTTGCGGCGCGGAGGTCGTCGGCGGTCCGCTGCCCCGCCGTGTACGGCCTCGGCGTGCCGGGAAAGCGCTGGGCCGCTGACACCAGGCGGCGTTGGGCCTCGGCCAGCCGCCCGGATGCCAGCTGACCGCTCTGAAGGGCGCGGCCCAGCGCGTCGGCGTGCTCGGCATGCGTGGTCAGGTCACCGTGCCCGCAGCTCAGCACCGCGTCGGCTCCGGCGGCCAGGGCCAGCGGCGCGGCCTCGCCGTGCGGGTAGGCGTCGGCGATGGCCCGCATGTCGGTGGCGTCG
NZ_CP029494.1_gap14	310794	315480	4686	GCAGGCCACCATCTTCTCGTTGTTTGTCAGCAGCAGCCCGGCCAACATCGCGGTGGGCTGGACGCCGGGGCTGTTTACCCTGCTGGTGATGGTGCTGACCCAGGTGGCGGGCATCGCCTTCACCATGTGGATCGGCGAGCGCATCACCGAGGTGGGGCTGGGCAACGGCATCAGCCTCATCATCACTGCCGGCATCATCGCCCGCTATCCGACGGAAGTGGGCGCCACCGCCGAGCTGTTCCGGCAGGGCAACCTCAGCGTGCTGAGCATCCTGGCGTTCATCGCCATCACGGTGCTGGTGATCGTGGCAATCGTCTACGTCTACCAGGCCGAGCGGCGGGTACCGGTGCAGTACGCCCGCGCGCGCGGCGGCACGCCGCAGGGTGGCTCGGGGCGCAACTACAGCGGCCAGGCCACCTACCTGCCGATCAAGCTCAACCAGGCCGGCGTGATTCCGGTGATCTTCGCCTCGGCGATGCTGATCTTGCCTAACTTGATTCAGCAGGCCACCAGCAAGCGGGCGCCGGGCGTGGCGACCTTCATCCAGCAGTACCTCTCGGCCGGTGGGGTGTGGTACACCGGTCTGGAAGTGCTGCTGATCATCGGCTTCACCTTCCTCTACAACAGCGTGCAGTTCGATCCCAAGCGGATCGCCGAGCAGCTGCGCGAAGCGGGAGGCTTCATTCCAGGGGTGCGCCCGGGCACGCCGACGGCCGGGTTCCTCGGCACCATCAGCACCCGCATCTCGCTATGGGGCGCGCTGTTCCTGGCGCTGCTGGTGGTTATTCCGCAGCTGATTCAGCGCTGGACCGGCGTGACCACCTTTCAGTTCTCCGGCACAGGGCTGCTGATCATCGTGGGCGTGGCGCTCGAAACGCTCAAGCAGCTCGAAGCGCAGCTGACCGTGCGGCGCTACGACGGTTTCATCAGCAAAGGCCGCATTCGCGGTCGCCTCTGAGGGCCGTTGCCGGGCGCCTTCACCACTAGACTTGTAGGGCGCACCTCACCGTGCGCCCTGTTCTGTATGAGCGGGTAGGGGCAACGTCAGGCGCAAAACCGGCCGACCAGAAGCGGACATTCACATCGAGGCACGAAAGGACAGCCATGACCCACAACACATCGCTTCACGGCGCAGCTCACCACAACCAGGTGGTGATTTTCCTCGGCCCGCCCGGCGCGGGCAAAGGCACCCAGGCCGAGCGGCTGGCTGCCGAACACGGCCTGACCAAGATCAGCACCGGCGACATTCTGCGTGACCATGTGGCGCGCGGCACCGAGCTCGGCCAGCAGGTCGCGCCGATTCTGGAATCCGGCAAGCTGGTGCCCGACGACCTGCTGATCGCCCTGATCCGCGACCAGCTGTCCAAGATGGAAACGGTGCGGGTGATTTTCGACGGTTTCCCGCGCACCACTGCCCAGGCGCAGGAACTCGAAATGCTGCTCGAACAGCTCGGAGCGCCGATCAGTGCTGTGCCGCTGCTCGAAGTACCGGACGACGTGCTGATCGCCCGCATCGTGGAGCGCGGCAAGTCCTCGGGCCGCAACGACGACAACGAGCAGGTGGCCCGCCACCGCCAGGAAGTCTACCGACAGCAGACCCAGCCGCTGATCGATTACTACGCCGCGCGCGGCCACCTCAAGCCCATCAACGGGGTGGGCAGCATGGACGAGGTGTACCAGCGCCTGCAACAGGTGATCGGCTGAGTCTTGTTCCCCGGCGACACAAATGTAGCAGCCTGCCTCTTGCCTGTTGACAAGCGGCATGCTAACTTTACGTTTGGCTTGTTCCAAGCCTGGAGGTTTCGTGGCGAGAAGAAGAGCACCAGACGGGCGTGAATCCAAACGCAAGAAGGAAGACGCCGATACCGTACGCGCCGAAGGCGTGGTCGAGGAAGCGTTGCCCAACACCACCTTCCGCGTGAAGTTGGACACCGGGCATGACATCTTGGCGTACATCAGTGGCAAGATGCGGATTCACTACATTCGCATTCTGCCGGGAGACCGCGTCGTTCTGGAGATCTCGCCGTACGACACTTCGCGCGGACGCATCGTTTACCGGCGCTGAGCCGGAAAGGTGCCCGCGCCGACTGCCTAGAGGCGGTCACACCCCAGATTCCCCACGCCCCAAGGGTGCTGGGGGGTCGAGCGTCGGCCACGGCTGAAACCAGCACGGCGGCGCGAGGAGGAAGGACATGAAGGTTCGCAGCAGTGTCAAGAAAATGTGCGACAAGTGCAAAGTCATTCGTCGCCACGGACGCGTTGTCGTGATTTGCGAGAACGTGAAACACAAGCAGAGGCAAGGTTAATGGCCCGTATTGCCGGCGTTGACCTGCCCCGCGAGAAGCGCATCCAGATCGGTCTGCGCTACATCTACGGCATCGGGCCCACCCGCGCCGATCAGGTGCTGGCCGCCACGGGCGTGAGCCCCGATACCCGCGTCAAGAACCTGACCGAAGCCGAGACCACCAAGCTTCGCGAGGCCATCGAGCGCGTGTACAAGGTCGAGGGCGATTTGCGCAGCGAAGTCGGGCAGAACATCAAGCGCCTGATGGACATCGGCGCTTACCGCGGCCTGCGTCACCGCCGCGGCCTGCCAGTGCGCGGTCAGCGCACCAAGACCAACGCCCGGACCCGCAAAGGACCGCGCAAGACCGTTGCTGGCAAGAAAAAGGCCGCGAGGAAGTAAGCCATGGCGAAAACCACCAAGAGAGCGCCCCGCGCCAAACGCCGCAACATCAGCGCTGGCCGCGCCTACATCCACGCCAGCTACAACAACACCATCGTCACCATCACCGACGTCGAGGGCAACTCGGTGGCCTGGTCGTCGGGCGGCACCATCGGCTACAAAGGCAGCAAGAAGGGCACCCCCTATGCGGCCCAGCTGGCCGCCGCCGACGCCGTGAAGAAAGCCCAAGGCTTCGGCATGAACATCGTCGACGTGGTGGTGCGCGGCAGTGGAAGCGGCCGCGAGCAGGCCATCCGCGCCATTCAGGCCTCGGGCATCGAAGTCAAGTCCATCATGGACGACACCCCGGTGCCGCACAACGGCTGCCGCCCCAAGAAGAAGTTCCGCGCCTAAAACCTGCTGCTGCGTTCTGGCCCGTCAGGCCCTGTGAAGTTCATTTTTGTTCTTCCTTTTTGACAGACCCGGCATTCGCGCCACGCGAAGGCGGTGTCCAGAGCGCAAGCCTATTGGTCGCCTTGAGTAAGGCTTGACCACACCCTGAGGAGAAAAATGGGTCGTTTCCGTGGTTCTATCACCAAACAAAGCCGCCGCGAAGGCATCAACCTTGCGGAGACCGAGAAAGTTCAAAAGTACCTCGACAAGCGCCCCTACGCGCCCGGCCAGCACGGCCAGCGCCGCAAGGGCCGTCCCAGCGACTACAGCGTGCGTCTGCGTGAAAAGCAGAAGCTCTCGCGTCTGTACGGCATGGGCGAGAAGCAGTTTCGCAACCTCTTTGAAGAAGCCTCCAATGTTCCCGGCGTGACCGGCACGGTGTTCTTGCAGCTGCTCGAGCGCCGCCTCGACAACGTGGTGTTCCGGATGGGCTTTGCCAGCACCCGCCGCCAGGCCCGCCAGTTCGTGGGTCACGGTCACATCCTGGTCAACGGCAAGAAGGTCGACATCGCCTCGTACCGGGTCAAGATCGGCGACCAGATCAGCGTGGACGAAAAGAGCCGCTCGATGGGCTTTATTCAGGAAAACATGGAAGCCCTCAAGCGCCGCCGCGTCAGCCCCTGGATCGAGATGAATCCGGAGACCTTCACCGGCACCTTCTCGCGTTTGCCGGCGCGCGAGGATCTGGCGCTGCCGATCAACGAGAACTTCATCATCGAGTACTACTCGCGTTAACCCGGAGGTTATGCGTGGATCAAAAGCGTCCCCAGCTCAAGGCCCGCGTCGACGGCGACTACGGCGAATTTACCCTGGAACCGCTGCGGCGGGGCTACGGCGTCACGGTGGGCAACCCCCTGCGCCGCATCCTGCTCTCCAGCATTCCCGGCAGCGCCGTGACCAGCGTCTACATCGAGGACGTGCTGCATGAATTCAGCACCATCCCCGGCGTCAAAGAAGATGTCATTCGTATTATCCTCAACCTCAAGGAACTGGTGGTGCGGTTTCACGCCCCCGGCCCCAAAACCCTGACGCTGCGCGCCCAGGGCCAAGGCGCCGTGAAAGCCAGCGCCTTCGAAGTGCCCTCCGACGCCGAGATCGTCAATCCCGATCTGGTGATCGCCAACCTCGCCGAGGACGGCAAGCTGGTGATGGAAGTGCGCGTCGAGGAAGGCGAAGGCTACGTGCCCGCCGACAAGCACTCCACCAAAGACCGCATCAACAGCATTCCGGTGGACGCGGTGTTCACCCCGGTGCGCCGGGTGGCCTACCACGTCGAGAACACCCGCGTGGGTCAGCAGACTGACTTGGACCGCCTGATCCTGCGGGTCTGGACCGACGGCTCGACCAGCCCCCAGGACGCCCTCGACAAGGCCGTGGACATTCTGCGCGACGAGTTGATGGTGTTCGGCAACGTCGAAAATGTGCCGGCCGAAGCGGCCCCCGCGCCGGTGATGGCCGCGCCGATGCCGGCGAGCACCAGCCTGTCCTACGACGCGCCGGTGACCACCCCGGCCGCTTCGATCGGTCTGGGTGACTACAACGGCATGGGCGGCGAGATCAGCAGCCCC
NZ_CP029494.1_gap15	323274	325742	2468	TCAGCGCCCACCTGCCCGCCACCCTGCTGAAAATCCTCAAAGGCCTGTGGCTGGCGACTGGAATCGTCGGTGCGGCGGCCGTCACCGTCTACGCCGTGTACGTTCCGGTGCCGATTCTCTTCGACGCCGGGCAGCTCATCACCTCCTGGTTCCGGGCCAGCGCCGGGCAACTGGTGGTGATCGTGGCGCTGGCGCTGATCAGCTGGAACCTGATCGGGTTGCTGTCGTCGCGGATCGTGCCGGGCGACGACTTCAACCGCCGGGCGGTACGGCTGGGCACGCTGCGCGGGGTGGTCGAGAGCACCCTGCGGGTGGTCATCTTCGTGATCGCCACCATCAGCGTGCTGCAGGCCATCGGCATCAACGCCACCACCCTGCTGGCCGGCGTGTCGGTGTTCGGACTGGCGGTGGGCTTCGGTGCCCAGAGCCTGATCAAGGACGTGTTCAACGGCTTTTTCATCCTGCTCGAAGACCAGTACGGCGTCGGCGACGTGATCAGCGTCAACGGCGGCTCACTCGGCGGCGGGGTCGAGAAGCTCAATCTGCGCGTCACGGCGCTGCGGGCGCTCGACGGCACCATGCACATCATTCCCAACGGTCAGATTCAGACGGTCAGTGTGAGCAGCAAGGACTGGTCGCGGGTGGTCGCCACCGTGGACGTAACCTACGCCGCCAACGTCAACGACGCCCTACGGGTGCTGCAGCGCGTCAGCGACGAGCTCTACGCCGACCCGGAATGGAGTGGATTTTTCCTTGAGAAGCCCGAGATGCAGGGCGTCACCAACCTGGCCGCCGACGGCGTGGAACTGCGGGCGCTGTTCAAGGTGCATCCCAAGACCCAGTACGCGCTGGGGCGCGAGTTCAACCGCCGCATCAAGATCGCCATGGACCAGGCCGGCATCGAGATTCCTTACCCGCAGCGCACCATCAGCATGGGCGATACGCCGATCTCGATCCGGCTGGTGCGCGAGGAGCGCGGGCCCAACCTCGAAAAGCAGGAGGTCAAGGCCCCCGGTCTGCGCCCGGCCGAGAGCCGCGATCCGGAAGTCGAGGACAACCAGACCTGAAGCGGCGGCGTTAGAACGTCTGCAGGGCCGCCGTCATCAGCTGCTGCAATTTCTGGCGCACCACCACCTGATCCTCGCGCAGCTTCACCACGCAGCCGAGCGTTTCGTCCACCACCTGCGGGGTGAGCGCTTCGCGGTGCAGCGCCGCCAGCGCTTCGACCCAGTCGAGCGTCTCGGCGATGCCGGGGGTCTTGGTCAGTGGCAGGCCGCGCAGGTACGCCGCCGCGCCCACCACCTGCTCGGCCAGCCGCGCCTCGATGCCCGGCAGGCGGGTGCGCACGATTTCCAGCTCGGCCTGCGGGGTGGGGTAGTCCACCCACAGGTACAGGCAGCGCCGCCGCAGGGCGTCACTCAGGTCGCGTTCGCGGTTGCTGGTCAGGATGACGTGCGGGCGGCTCTCGGCGCGCACGGTGCCGAGTTCGGGAATGCTGATCTGCCACTCGGCCAGCAACTCCAGCAAAAAGGCCTCGAAGGCCTCGTCGGCCCGGTCGACCTCGTCGATCAGGAGGACCGGCGGGGTGGCGTGACTGATCGCTTCCAGCAACGGGCGGCGCAGCAGGAACTCGGGGCGGTAGAGGTCGCGCTCGCGCTCGCCGGCCTCCTGGGGATCGCGGGTGCCTTCGAGCAGGCGCAGGTGCAGCAACTGGCGCGGGTAATTCCACTCGTAGAGCGCCGCCTGCGCGTCCAGGCCCTCGTAGCACTGCAAGCGGATCAGCGGCGTGCCCAGCGCCTCGGAGAGCGCCTTGGCCGCCTGCGTCTTGCCGACGCCCGCCGGACCTTCGAGCAGCAGCGGCTTGCCCAGCAAGGTGACGAGTTGCAGGGCGGTGGACAGCGCCGGCGAGGGCAGGTAGCCGGTGGCCTGCAGCGCGGCGGCGAGGTCGGAAGGTAAGGTCATGGTTGCTGCCCAGGCTAGCAGGAGTCCGGGCCGTAGACTGAGACAATGAAGGAATTCGCGCCGGTCTGGGGCGTCGTGCTGGCGGCAGGACAAAGCCGCCGCCTCGGGCAGCCCAAACAACTGCTGCGCCTCGGCGGCGAAGCGCTGGTGCGCCGTGCCGCCCGGCAGGTCCTCGAAGCGGGCTTCGACGGGGTGGTGGTGGTGGTGCCGCCGGGCGCGCTGGGCGAGCACGTCCGCGCCGAGCTGGCCGGGCTGCCGCTGACCCTCAGCGTGTGCCCGCATCCCGAACTCGGCTTGTCCGAGAGCTTCCGTGCCGGGCTGCTGGCCCTGCCGCCGGGCGTGGCCGCCGCGCACTTCGCCCTGGCCGACATGCCGTTCGTGACCGCCGAACACCACCGCACTCTGCTCGACGCCTTCCGGGCCAGCCAGCCGCCGCTGGTGCTGGCCCGCTTCGGCGACGAGGGCGTGCGGGCGCCGCCGCATCTGTTCCGGGCCGATCTGTTCGG
NZ_CP029494.1_gap16	328256	332257	4001	GAGGGTCCCGCCGCCGCTGCCGAAATCCTTTTGCCCGATCTGAAAGGCGCGGGCTGGATCGGTGATGGTAAAGCGCATGGCCCGCTGGGCGGCGCGCACCACCTTCTTGGCGAGGTCGCCGCCGAGGTTTTTCTCGGTGGTGATGATGCCCACCCCGACCATCGGGTAGGCCTTGGTTACGTCGAGGGTATTCACCGGCACGCCCGCCGCCTTGAGGTTCACCACCTCGTTGTTGACGTAGCCCACCGCCGCGTCCACCCGGCCGCCGCGCACCGCTTCGAGCTGGGTAAAGCCGATCGAGGCCAGCTTGACGTCGCTTTCCTTGAGCCCGGCCGAATCGAGTAGCGCGCCGAGGGCGAAGTAGGTGCTGCCAAAGGTGCCGGGCAGCCCAATGATCTTGCCCTTCAAATCCGCCGCCGTGCGGATGTTCTTGCCCGCCAAGCTGAAGACCGTCACCGGCACCTGCTGGTACATCGCCATGATGTACTTGACCGGCTGGCCGGCGGCGCGCGCGAAGATGGCGTCTTCCGGGTCGCCCACCACGAAGTCGAGCTTGCCCTGCAGCAGCAGCGGAATCAGGGCCGAGACGTAGCCGTGCTGGTACTCGACGTCCAACCCCTCGGCCTTGAAGTAACCCAGGCGGTTGGCGACGTAAAACGGCGTGAACTGCACGTTGGGAATGTAGCCCAGGCCGATGTGAACGGTGCGGGTGGTCGCCTGGGCGCCGGCGACGCCGGAAGCGACCAGACCCAGGCTGAGCAGCGCGGCAGGGAAGAAGCGTGACATGCCGGGTACTTTATCCCAGCCGCCAGCGGTGAACTGTCGCTTAACTGCCGGGCCGCTTCAAGCGGCGGGGCTTCAGGCCCGCGTCCGCGCCTGCGGCTGCAGCCGCCTGGAAACGCCCTGGGCGTAGTCGGAGAGTTCGGCGAGCAGCGCCGGCACGTCCGAGCGCAGGTAGAACTGTCCGCCCGGCAGCGGCAACAGGGCCATGAACGGCGCGCGGCAGAGCGTTTCGAGAATCGATTGCAACTCGGCCTTGTTGACGCCGCTGCCCAGGCGCTCGGCCAGCCGGGCCGGGTCGACCAGGCTGTGGGCCGGCTGCTGCGCCAGGGTGCCCAGCACGTAGGTAAAGGTGCCGCGCTGCACCAGGTGGGCGCTGACCAGTTCGGCCAGGCTCGCCACGCTGTCGAGGTCGAAGCTGGCGGTGTTCCAGTATCCGCGCAGATCGATCGGGGTCAGCGGCGCCAGCCGGGCGTGCTCCAGCAGGGCGCCGAGCGCTTCGCGGGTAAAGCGGGCGCCGGACACGCTGTCTTTTTCCCAGCTCAGCAGCGCCCGGTAGGTGCCCTTGGCGAAGGCCGGGTGCTGCCGCTCGGCCTCGCTGAGGGCCAGCATCACGTCGTAGCCGTGCGTGCCCAGATCGGCGCGCAGCCGCACCGGGCCGCTCTCGGCACCGCCCAGGTATTCGAGTTGGTAGCCGGTGAGCCGGGCGAGTTCGCTGAGCTGCTCGTCCACCGTTTCCAGCAGGGGAGGCAGGCTTTCTGGCGCGGACGACCTGGGGGTGGCCGGTGCCGTGCCGGGGCGCGGCGGCTCGCTGCGCGGCAGGCTGCCGGGACGGCGCAGGGCGGCTTCTGCCGGCAGTGCCGCTTCGCGGACTTCAGCTGGACGTGTGGCCCGGACGCTGGCGACGCGCGGCGCGGGCGCGGGGCTTACGGCCACCTGCGCTTCGGGCAGGCGGCGGCTCTCGGTGATTGTGGCGTCGCGTTCCTCGCGGGTCTCGTCGGACCGGCTCTCGCTGACGCGCGGTGCGGGCGTTTCCGGCGGCGCGGCGCGCTCCAGGCGCACTTCGCGCACGTGCGGCGTGGCGTTGACCACCACCCGGCGGGTCAGCTCGGCCGGTTTCTCGCGCTGCAGGGTGCCCAGGCGCTCGGTGTGCGGCTTGACCACGCAGCTGACCCGGTAGCGCCCCTCGCTGATGGGCGAGAGCAGCAGCACGTCGTTGACGTCGAGATTATGGTCGTGGTAGAGCAGGCCCAGGCCGCTCAGCCGCTTGCCGTCATCACTCAGCTTGACCGGATAATCGCGCTCGTGCTCGTCACTCAGGTGCAGCGTTTGCCCCGCGAGCGATTCGGGAAACAGCCCTCTCAGGTATTTGGCAACCGTCAGGGTGCCTTCGGACAAGCACGGACGGGTGATGATGTAGCGCAAAGCGTTCACGTTGGCGTCCTCCAGTTCAAACATGCTCTTGGCACGGTCAGGGTGAAAATCGGGGCGGCCCTACCAAAAAACGCCGCGTGTTTTGCTTAAAAACAGCGGCTCAACGCGGTGAATCTTGATGGCCCCTTTAATCTTGAGTGAAGCGCCTACCCAATTGCAAGTGCGCCCGCTGGCAGGCACACATTGATAAGTTAAAGGCTTATTTATAAAGGTTTATTTCGCTTGAAGCAGATCAAATGGTGTTCCCGCAGACCGGCGCCTTTGCGGGGGAAGTACTAGGCGACCCCGGCAACATCCGGCGGCTTGCGGGCTGCCCTAGAATGCCGGGCGTGATTGTCTTTCTGGTGCTGCTGGCGGCGTATCTGCTCGGCTCGGTCGTCTTCGGCGTGATTTACTCGCACTGGCGCGGCGATGAGGTGCGCGGGCGCGACATGCCCGGCGGCAGCGGGATGTTCCGGCAGTACGGTCTGGGGCCGGCCCTGGCCATTTCGCTGCTCGATATTCTCAAAGGTGTACTGGCGGCGTATCTGGCGCTGCGCTTCGCACCGGAATGGGCCTGGGCGGCGATGTTTCTGGTGATCATCGGTCACTGTTACCCGGTGTTCTTTCATTTCAGCGGCGGCGGCGGCATCGCGCCGATGCTGGGCGCGCTCCTGATCGTCGCGCCGCGCACCCTGCTGGTGATGGTGCTGCTCTCCTTGATCGTGATGCCGCTGTACAAGTTCACGCTGCAAAAGAAAATCGGCCTCAACGTGATTCCCTTCATGTCGGCGGTGGTCTTGCCGCTGAGCGTGATCGCCTCGCTGTGGCTGGGCGGCACCCTGGCGCTGGTCGCCGGCGGCATCGGCATGGCGGTGCGCTCGGTGCAGCTCCTGATCGAGGACGGCAAGCTGGGGAGAAAAGCGGCGTGAACGGGCGCCGGGCCCTGTGGCTGGGCGCACTGGGGCTGACGCTGTTGGGCCTGTGCAGTGGAGCGCAGGCCGCCGCTGTTCTCGACGGCCGCACCCTCACCTTCGCGCAAGGCGGCCAGACGCTCTCGGCGCTGAGGTTTCCCGAGAGCGCCGGTGAACTCAGCGGCCCCGTGACCCAGGGCGAGATGACCTGGCTGGGCGTCGGTCCGGCGTTGTACGGCTTCGACGCTTCCGGAACAGCCTCGACGCGGCTGGACTTTTCCGACATGATCAGCAGCCTGGACGCCAGCGGCGGCGTGCTGCGGGTCACCGCCGGGCCGAGCGGCGCGCAGGACACCTACACCGTCAGCGGCGGAGAGATTCAGGAACGGGTGGTGTTCGTGCCGGACCCGCAGGTCACCGGCTGGCTGCGGCGGGTGGCCGAGCAGGTGCCGCAGGCGCAGGTGGCGCAGGCCGCGGCCCAGGACCCCACCAATCCGTTCCTGGCGCTGCGGCTGGCGGCCCTGGCCCGGCAGCGCGGCGACCGCTTCACCGCCCTGAACCAGACCCAGCGGGCGGCCAGCTTGCCGCTGGCGTTTCCGGCGTTGTTGCAGCTCGCCGCGCAGATGGAAACGCTCAACTCGCCCAGCGCCGCCAACCTGCTGCTGAGCCGGGCAGGGCGCGACTACGCCGCGCGCGGTTACGACCCGGCCCTGCCCATCAGCCGCGCGGCCCTGCGCGCTTACGGCGATCCGCTGGGCGAACTCGAACAGCTGCTCGGCGAAAACAAACTCGAGCGCGCCGACGTCTGGATTCGCTACCTGCGCCAGACCTCGCCGCGCTTCGAGGGCGGGCCGGCACTGTACGCGCGCTACGCCGAACTGCTCGACGCCCAGG
NZ_CP029494.1_gap17	470488	471257	769	GCCACCTTCACGGTCCTGCAGATCGGCCGGATGTATCACAACCTTGAGAATCAAGCCGAGTGTGTCCACCAGGATGTGGCGCTTGCGTCCACTGACCTTCTTCGCACCATCAAATCCCCGGAGGCCGCCCGCTTCGGTTGTTTTTGCACTCTGACTGTCAATGATCCCTGCAGTGGGTTGTGGATCACGGCCAGCGGCGATGCGAACACGTTCGCGAAGCACGTCATGAACATGCTTGAACACCCCGCGCATGCGCCATTTACGATATTGCGCGTAGACCGTGGTCCAGAGTGGAAAATTCAAGGGAAGAAGCCGCCAGGCACACCCGGTCTTCAGTACATACAGCATGGCGTTCCCCAAGACGCGTGGGGAATGCTTGCGTTTGCGCCCTGTCGGCCGAGGGCCAGGCAGTAAGACTTCCAACAGCGCCCATTCCTGTTCCGTTAGATCCGACCTGTATCCTGTGCCGGTTATGCCCCACAGTAAGCTGAAAACTGCGTCTGGGAGCACTTCAGGGCGTTAACATACGCACTTTAGGCACCTCCAGCAGCGGCGGCATGCTCGATGCCCATGACAGCCAGGAACGCCCAGTGGATCACCAGGCCCACCACCCATTCCTCCATGAAGTCGGCCACCGGAGAACCCATCCACTGACCCAACACGAGAATACGGTTGTCGAACGCTTTGAGAATGATCAGCGCCTGCTTCGTGGCGTACGCTTCCTGTTCCTCGATCGTCTGGCCAGGAAGCAAGTCTTTGATGTGAACGG
NZ_CP029494.1_gap18	541016	543440	2424	CTGCTGATCAGCGCCACGCGGGCCTTCATCGGGCTCGGCGCGGGGCTGGTGTTCGGCTACGTGACGGTCTGGATCGCCCGCACCGTGCTGCGGCTGTGGCACAGCTACGGCGGCTGGAACGGGGGCCGGCCGGCCCTGGAAAAGAGCGGCGCGTGAAGCAGGCCGCTTCAGAGCAGGTAACTCAGTGTAACGTCGCGGTAAGTGGGTTCTACGGCTTCGGCAACACCGGCGACGAGGCCATCGCCCTGGCGATCTCCAGAGAACTCAAGGCGCTGGGCCACGCACCGCTGCTGCTGTCACAGACGCCCGCCCAGACCGCCGGGCTGTACGGCTGCAGCAGCGCGGCGCGGATGAATCCCCTCGCGCTGCTGCGGGCGCTGGCCGGCAGCGACGTGCTGCTCTCCGGCGGCGGCGGCCTGCTGCAGGACAAGACCAGCCGGCGCACCCTGACCTACTACCTTGGCGTGATCCGGCTGGCCCGGTTGCTGGGCAAGCGGCCGGTGGTGTTCAACCAGAGCATCGGTCCGCTCAGCGAAGCGGGCGCCAAGCAGGTGGCCCGCGCCCTTAAAGGCGTGCGCCTGATCGTGCGCGACCGGCGCAGCCTCGACACGCTGGCGGGCCTGAACCTGAAGGCCGAACTCGGCGGCGATCCGGCGCTGCTGCTGCGGCCCACTGGGGGCGTGCAGCGCGGCGAGAACGTGGTGGTGCTGGCCCCGCGCGGCGACGTGCCGGACGCCACCGCCCGCCTGCAAGCGCTCGCCGGCCAGTTGAGGAGCCAGGGGCGGCGCGTCGTGGCGCTGAGCTTCTACCCGCACGAGGACGACGCGGCGGCCCACTCGCTGGGCGCCGACGAGGTGGTCAGCACCCAGCAGCCGCAGGTGGCGCTGGACACCGTCGCGGCGGCGGGCGTGGTGGCGGGGGTGCGCCTGCACGCCCTGATTCTGGCGGCGGCGGCGGGTACCCCGTTCGTGGGCCTGAGCTACGATCCCAAGGTGGCGGGCTTTTGCTCGGACGCCGGGGCCGTCAGCCTGCCCACCGATGTGGACACGGCTACGCTGCTGCCGCTGCTGCTGGAGCGCCGGGCGCCCGACTGGAACGAGGTGAAGGCCATGCAGGCGCGGGCACGCCAGAGTTTTACCTGGGCGCTGGCGAAATAGGGAGGCGGTCAGGAGCAGGGTAAGATCAACCATGCCGCTGACCCTCAACTATGTGTCGTTCGTGGTGGGCGAGATGGAGCGCAGCCTGGACTTCTACCGCACCCTGGGCCTGCCTGTTCCTGATGGCGCGCACATGAACGCGGCCGGTCAGGCCGAAGACCACGTGGAACTCAGTGCGGGCGGGCTGCGGATCGCCTGGGAAACCGAAAAGCTGGTGGGGGAAGTGTACCCCGGCTGGACCGCCCCGCCTCCGGGTCAGACCCGCCTGGGCGTGGCCTTCGAGGCCGCCAGCCCCGCCGAGGTGGATGCGGCGTGTCAGCGCCTTCAGGCCGCCGGCTTCGTCGTCAAGGCGGCGCCCTACGACGCCTTCTGGGGCCAGCGCTATGCCACCATCACCGACCCGGACGGCAACAACGTGGACGTGTTCGCCGGGCTGGGGAACGGCTAGCCCGCCGCCGTGACGTCCACCTCGCCGTCCTGAAAAGCCAGGGTCAGCGCCTGGCCCGCTTCGACCTGCGCCGCCCGCGTGAGCACCTGGCCCTGCACGTCCCTGACCACCGCGTAACCGCGGGCCAGGGTGCGTTCCGGCGTCAGGCCCAGCACCTGCCGCATGGTGGCGTCCAGGCGGGCGCTCTCGCGTTCCAGCTGGCTGCGGGCGGCGCGGCGCACGGCTTCGTGCAGGCGTCCGGCGCCGTCCTCGGCCTGCCGCAGCGCTTCGCGGCCCAACATCCGGGCGCTCTGGTAGGCGCCGAGGGTGTCCTGGACCCGCTGGAGAATGCTGCCGACGATCAGGGCCGCCGCCTTGCTGGGGGTGTCGGTTCGCACGTTGGCGATTTCGTCGAGAATGGTGTCGTCGCGGGCGTGCCCGATGCCGGTGATGATCGGCAGCGGCAGATTCGCGGCGGCGCGGGCCACCGCCTCGTTGTTGAGCCAGGCCAGGTCGAGGCTGGCCCCCCCGCCCCGGATGATGATCAGCGCGTCGGCGGCCTCGCGCCCGTGGGCGGCGCGGACCTGCTCCAGGGCGCCGAGCAGGCTCGCCTCGGCGCCCTGGCCCTGAAAGGTGGCCTCGAAATACTCGGTGTCCAGCACCCCGGCCCGCTGCAACCGGTCGAGCTCGCCCCGGAAATCGCCCAGGCCCGCCGCGCCGGTGGGGCTGAGCACCAGCACGCGGGTAAAGTCCTGCGGGGTGGGCAGGTTGCGGTTTTTGTCGAGCAGCTTTTCGCGGGCGAGCTGCTTGCGCAGGGCGTCGAGGTGCAGCGCCGCGTCG
NZ_CP029494.1_gap19	586635	591039	4404	CGAATGCCCGCTGTGCCCGCACCGGGTAGAGCCCGACGGCGGCCCAGCCTTCTGCACCCTCAGACCTCGGGGCGCGGCCCACCCGTTCGCGGCGCTGGCCGGGCTGAAGTTTCCGGAATGACGCCCGAGGAACGCGGCCTGGCGTTCGCGGCCCAGCTGCGCGACCTCGGCCATCCCGGCGAGGTGGGGCTGTACGTCTGTGCCCTGGACGGCACCGTGCTGACGACCCTCAACGCCGAACAGGTCTTTCCGGCGGCCAGCACCATCAAGGTGCCGCTGCTGCTGCTGGCCCTGGAACGGGCGCAGGCCGGAACCCTCGACCTCGCCGAGCGCCTGACCGTGCACAGCGGGGACCGGGTGGGCGGCGCCGGGGTGCTGCACGAGCTCGGCGCGGGCCTGCAACCCAGCCTCCAGGACCTGCTCACCCTGATGATCATCGTCAGCGACAACACCGCCACCAACATGGTGATCGAGCGGCTGGGCGTGGAAGCGGTCAACGCTTGGCTCGCGGCAGGCGGCTATGAGCACACCCACCTGGTGGGCAAGCTGCAGCTGCCGCCCGAACAGCACAACGCCGCCCAGCGCCGGGGCGAGCGCAACCGCACCACCGCCGGCGAGCAGGTGCGCCTGCTGCTGGACCTGTGGCGCGGTGCGGCGCTGGACGAAACGCACCGGGCGCTGGCGCTCTCGATCCTGGGGCGGCAGCAGTACCGCGACATCCTGGCCCGCCGGTGGCCGCTGGACGCGGATGGCGCGCCGCTGTATGCCGCCCACACCAAGAGCGGCGAACTCGTCGGCGTTCACCACGACGTGGGCCTGCTGATGCTGCCGCGCCCACTGTGCGTGGCCCTGCTCAGCCGGGGCGGCACCGACCGCGCCGGCCACCCGGTCAACCGCGACGCGATTGCGCTCTCCGATACTCTTTTCCCTCTCCTGGCCGCACTCGGCGGCCTTTATGAGCGTAAAAACGGGGACATTTAGACCGCCTCCGGCTCCGTACACTAAGTGGACGTCAGGTTGCGTTTTTCCAGGGCCGTGAAGGATGTACAAACGGCCGCTGGGCGCGTCGCCAACGCCAGAGTGTCAGGCCGGTGCGTGGTATGCTGACGCGGAATCAGGGCGCAACAGTGCCACTTCACGCATGAGGGAGAAAGAACGTGGAACGGAACGACGCAGTGATGCCCTCGGTCGCGATTGTGATCGCGGCGATTTTGTGGATTATTCTTCTGTTTTTGTTCAACAAAGATACTGCTCCGGAGCCGGTCAAGCTCGATCCGGCGCTGGCCGCCGCTGCCGCCAAGGAGTGGCCGACGCTGGGCAAGCAGATTTTTGAACAGGGCAAACCTGCCGCCGGGGCCACCGCCTGCGCCGGCTGTCACGGCCTGAACGGTCAGGGCGGCGTGGGGCCCAAGCTGGCCGGCGACCAGACCATCCTGCAAGACCCGGTGCTGGTGCACACCCGCGTGATCAAGGGCAAGGGCGCCATGCCGGCCTTCGAGGGCAGCCTCAAGGACAACGAAGTGTACGCCGTGGTCAACTACGTGCTCAATTCGTGGGGCAACAAGGCCGATCTGGTGACGCCCGCCACCGTGGCCGCCGCCGCCAGCACCGTCAGCCCGGAGCTGCTCAAGAACCGCTCGCGCTTCGTGCCGGAAGAAATCAAGCTGCCGGAAATCACCATCGTGACCTTCATGCTGCTGTGCCTCACCTACGGCATCATCGGGCTCTACAGCGTCTGGGCCGAGGGCGAGCGGCTGCACCCCGGCATCCACAAGACCCGCAGCAGCCCGCTGTCGATGCTGGCGATGCTCGCCACCCTGCTGGGCATCATGGTGTTCGGCGTGCTGTTCGCCCGCCAGATCTTGATGGACCTGCACGGCTGGTCCGCCGACCCGATCGTCAAACCCGACGTGACGTCCGAAGGCTTCTACTCGGCGATGGTCGTGATTTTGCTGGGCGTGGCGGCGGGCCTGTACAAGAAGTACTTCATGGACAGCGAAGTGCTGATCGAGGATTCCAGCGGTGAGTTCCCGTGGTAATCCTCCCGGCCCAGGCTGTCGACGCAAACGAGCAACGGTGACTTTCCTATGACCAAATACAGACGAGCAGATCCTGAAATCAGCCGGCGCAAGTTCATCAACGTGGCGCTCGGCACCGCCGGCGCGGTGGGCGGGCTGGGGCTGGTGACGGCCCTGGCCGGCGTGCGCCCGCCCAACCGCATCACCTTTTCCAAGTTGCCGGCCGTCGGCGGCGACACCCTGGTTCACGCCGAGGGTGACCAGAGTGGCCAGCCGATCAAGGTGGCCGACCTCAGTGACAAGATCACCCGCGCCTGGCCCCAGGGCAAGGACAAGAACGGCAACGTGGTGATCAAGAAAGACGAGCCCAACAACCTCCTGATCGTCTACAAGTTCGCTCCCGACCAGCTGGTGGCGCCGACCAACCTGCAGGCCACCCAGCAGGGCGTGGTGGCCTACAGCGGCATCTGCCAGCACCTCGGCTGTCAGGTGGGCGACAACGCCTCCAAACCCGAGACCATCCTGTGCCCCTGCCACTCCGGCGCCTATGATCCGCGCGCCGGCTGCAAAGTCATCGGCGGGCCACCCCCCAAACCGCTGCCGCAGTTGCCGATCAAGCTCGACGGCGAGGGCGTGACGGCGACCGGACCACTGGAAGCGCCGTATTTCGGTTTGACCGAGAGCGATTGGAAAGCCCTGCTTGAGGAGGCGAAGACACTATGAACCAGTGGCTCGACGAACGGCTTCACATCTCGCGCTTGAACGACAAGTTCCTGCGCAAGGCCTTCCCGGTTCACCACAGTTTTTTCCTGGGTGAAATCACGCTCTTCGCCCTCATCGTGCTGATTCTGACCGGCGCGATTCTGGCGCTGTTCTACGAGCCCAGCACCGTGCTGGTCAAGAACCCGCTCGATCCCACCGGCGCCACCGTGCCGGCGGCCTGGGCCAGCGCCATCAACATCAACGCCATGCCGTTCGGCGACATGCTGCGCCGGATGCACCACTGGATGGCCAACCTGATGGTAGGCGCAGGCCTGATGCACATGATGCGCGTCTACTTCACCGGCGCCTACAAGAAGCCGCGCGAGATCAACTGGTGGATCGGGCTGCTGCTGATCATCTTCAGCGCCCTGACCGCCGTGACCGGCTACACCCTGCCGTACGACAACTTCGCCTTCACCACCCTGAAGGTGGTCGTGGGTATCGCCTCGAGCATTCCCTGGATCGGCGAGTGGGTGGGTCAGGCGGCCTTCGCCGGCAAGTTCCCCGGCCCCGGCATCATCTCGCGGGTCTACGGCTACCACATCATGCTGCTGCCGGGCATTCTGCTGGCCCTGACCGGCGCGCACATGCTGATCATGATCAAGCAGAAGCACACCCAGCCGCGCTACGCCAAAGAGCTGGCCTACAAGAAGATCGTCGGCGTGCCGCTGATCACCCAGCAGACCCCCATCATGCTGATGCTGGCGCTGGTGTTCACCGGCCTGGTGATGCTGTTCGCCGCCTTTATCCCGGTGCACCCGGTAGAAGTCTTCGGGCCGCCCAGCAACCAGTCGCCGATCGTCAAGCCGGACTTCTACCTGCTGTGGGTCTTCGGCATCCTGGCGATCCTGCCGGGCAGTCTGGAATTCAATTTGTGGGGCGGGGTGTTCAACGCCGAGTTCTTCGGCGCCATCGTGACGCCCGGCATCATCATCGGGCTGCTGTTCGCCATTCCGCTGATCGACCGGAGCAACGAGAACCAGTACTACGCCGAAAATCCCACCGACTATCCGGTGAGGCTGGCGCTGGGCATCGCCTTCTTCGTGATGATCGCGGTGTTCAGCGTGGCGGGGTATAGGCCGGAACTGGTGCTTTCGGGCGTGCTCACCGAAGGCAACGCCAACACCATCCTGTGGATTCTGGCGGTGGTGTTGCCGATCGTGGCCTACTTCGTGACCATCGGCATCGTGCGCGGCATCCGCTCGCTGCGTGAAGCCGACGAGCGCGAGATGCGTCAGGCTGCCGCCGACGACTGATTTTTAACCCCCCAACAGTCAGGGCCGGACAGGGAAACTTGTCCGGCCCTGACTGTTGGGTGTGTCATGCTGCGCTATGCCCAGCGACTTGGAACACTACCTCGCCGACGAAGCCCGCGCCCTGGGGCTCTCGCCCCTCACGCTCGGCGTGGCCAGCCCCGATACCCTTCACGCCTACTGCGCGGCGGTGCTGCGGGAACTGGCCGCGCGGGGCCTGCTGGAAGGCGAAACGGAGCTGGGCTGTTACGCCCGGCCCCGTTTCAGCGGTCACTGACTTACGCCTGCTGCGGTTCGAGCTCCACCTTGATCCAGCCGGGCTGGCGCTTGTCGAAGGCCTGATAGGCGCTGATCGCGTCCTGAATGCTCTC
NZ_CP029494.1_gap20	596512	601134	4622	GAAGGCGATGCCGAAGAACATCTGCGACGCGTCGCGGGCCGCCGAGCAGTACTCGAACAGGCCGTCGCGGGCCAGCACCTCGGCGTTCTGGAAGCACAGGTTCAGGTAGGCCCGGTTGAGTTCTTCCCACATCTCGCTGGGAATCCGGTCGCGCAGGCCGCGGGCGTTCTCGCGGGCGCGCGCCAGGCTCGAAGCGATGCTTGACGGGTTGTTGCGGTCGAAGGCCAGCCAGGCCGCCACGCTGTGGGCGTCGGCGCGGCCGTACTGCTCGGCGAAGCCGTTTTTGGTGCCGGAGATTTCCAGCAGCGGCCGCCACTCCTCGCTGACCCGGCCGCCGGCTTCGAGGGTGGCGTAGTAGTTGACATTGAGCAGCCGGGCGGTGTTCTCGGCGCGCTCGACATAGCGGCCAATCCAGTACAGCGATTCGGCGAGGCGCGAGAGCATTACACGTCTCCTTGCTGGTCGGGGTGCTCGATGCCCGGCACCACGCTGGGGTCGGGCTCGGCTTCTTCGGCGGCATCGTGGGAGCCGTGCTGCAACTGCTCGGGCAATTCGGCTCCGGCCACGAAACGGTGGGCGGCCTGCCCCTCGTCCTCGGCCGGCGTGTCCCGGTGGCCCAGCGGCGGTTCCTGGTCGGGCGGCTGGCCCTGCATCTGGCTTTGGGTCTGGCCGCCGCCACTCTGGCTTTGCGACTGGCTCTGGGTCTGGCCTGGCGCTTCCAGCGGCGCATTCTGAAAATAGCGCTGCGCCGCGCCCTCCGCCGGTCCGCCCGGCGAGGCGGTGCCCTGCAACTGACTCTGAATCTGCGGGTGCAGCGGGCCGTCGTGGTCGAGCACCCAGGTGTCCTTGCTGCCGCCGCCCTGCGAGGAATTCACCACCAGCGAGCCGCGCTTGAGCGCCACCCGCGTCAGGCCGCCCGGCACGATGGTCACCTCCTGGCCCACCAGGATGTAGGGCCGCAAATCCACGTGCGCGGCCTCGAAGTCGCCGGAATCCGGGTAGAAGGTGGGGTGGCGCGACAGGCCGATCACCGGCTGGGCGATGTAGTTGCGCGGGTTTTCGCGCACCTGCACCAGAAAGTCGTCGATCTCCTGCCGGGTGGCGGCCGGGCCGATCAGCATGCCGTAGCCGCCCGCCTCGCCCACCGCCTTGATCACCATTTCGGCGGCGTTGCCGAGCATATACGCCAGGTGGTCGGCGTCCCAGCCGAGGTAGGTCGGCACGTTGCCGAGAATCGGCGTTTCGTTCAGGTAGTACTCGATCATCTGTGGCACGTAGGCGTAGACCGCCTTGTCGTCGGCCACCCCCGCGCCGATGGCGTTGGCGATCGCCACCCGGCCCTGGCGGTAGACCTCGACGAGTCCCGGCACGCCCAGCGCCGAATCGCGCCGGAAGGTCAGCGGATCGAGGAAGTCGTCGTCCACCCGGCGGTAGATCACGTCCACCTGGGTGCGTCCGGCGGTGGTTCTCATCCAGACCCGGCCGTTGTCCACGAACAGATCGCGCCCCTCGACGAGTTCCACGCCCATCTGCTGGGCGAGGTAGGCGTGCTCGAAGTAGGCGCTGTTGTACATCCCCGGGGTCAGCAGCACCACCGTCGCTTCCGGCGCGCGCGGGCTGAGCGAACTCAGCACGTTCAGCAGGGCGGTGGTGTAGTGCTGCACGGTGCGCACGCCCTGCGAATCGAACATGCCGGGATAGATGCGGGTCATGGCGGCGCGGTTGGCCAGCAGGTACGACACGCCGCTGGGCGAGCGCAGGTTGTCTTCCAGCACCAGGTACTTGCCCTGCTCGTCGCGGATCAGGTCGCTGCCGACGATGTGGGTGTAGATGCCCAGCGGCACCTGCAGGCCGTGGACCTCGCGCCGGAAATGCGCCGAGGTGTAGACCAGTTCGCTGGGAATCACCCCGTCTTTGAGAATCTGGGCCTCGCTGTAGATGTCGCGCAAAAAAGCGTTGAGCGCTCCCACGCGCTGGGTCAGCCCGGCTTCCAGGGTGGCCCACTCGCCAGCCGGAATGATGCGCGGCACCGGGTCGAAGGGAAAGGTGCGCTCGGTGCCGGCGCTGTCGCCGTAGACGGTGAAGGTGATGCCCTGGTTGCGAAAGGCCAGGTCGAGCAGCGAGCGCCGGCGCTCGAACTCCGGCACACCGAGGCGCTCGAGGTAGGCCTGAACGCCCTGGTAGTGGGGCCTGACCGCGCCGTCCGGGGTGAACATCTCGTCAAAAAACCGCTGGCCTTGCTGGTAATTTTGCATGCCCTACCTCCCCAAACGTGCGCTCAGGATAGCGGAAAGCCGCGCGGACGTGAGTTTTTATGCAAACGCTTCAGAAGCTCATCGGTAGCGCCCGATCCGTTCGGTGAGCAGGGCGAAAAAGCCGTCGGCGTCCACCTTGAGCGCGGCGTCCACATTCGGCGGCCGGCCGGTCACGCGCCACACGTCGCCGATGGTGCGCCCGGCGCTCGGCCCCGCCGAGATGTCGATGTCCACCAGCAGCGGCCGCACCTCGAACAGTTCCGGGGCCAGCAGGTAGGCGGCCGTCATCGGGTCGTGCAGGGCGCCGCCGTCCCAGCCGTAGCGCTCGCGGTGGTGCTCGGCGAAGAACTCCAGCAGCACCGCCGTGAACTCGCCCACCGGGGTGCCCAGCGCCCGGAAGGCTGCCACCCGCCGGGAGTCGGCAATCGCCTGGTGGGTGACGTTGAGGCCGAACATGGTCAGCTTGAGGCCCGTCTCGGCGGCCGTTTCGAAGACGATCTGAGCGGCGTGCGGATCGCACAGGGCGTTGAACTCGGCGCTGGGCGACCAGTTGCCAGCCTCCAGGCTGCCGCCCATCCACACCACCTCGCGGATCAGCGTGGCGATGTCCGGGGCCAGCCGCAGCGCCAGGGCCAGGTTGGTCAGCGGGCCGGTGGGCAGCAGCGTCACCTCGCCGGGCCGGGCCCGCACCGTGTCGATGATGAACTGCGCGGCGTGCAGCGCTTCGGCGCCGCGGGTGGGCGTGGGCAGGTGCGGACCGTCGAGGCCGCTTTCGCCGTGCACCGCCTCGGCGCTGAGGCGCGGGACCACCAGCGGCCGGTCGGCGCCGGGGTACACCGGAAAGTCGCCGCCGATGAGTTCGCGCACCACCAGGGCGTTGTGGGTGGTGCGCTCCAGACCCACGTTGCCGTAGGTGGTGGTCACGCCCAGCACGTCGAGTTCGGGGCTCGAGCAGGCCAGCAGGATGTTGACGGCGTCGTCGTGGCCGGGGTCGCCGTCGAGGATGACCGGGCGGGAAGAAGAAGTCACAGGCGATGATGGCATGCCCGCCGGGCGATCGTCCGCTAAACTCCGGGCATGACTTCCGCCGCCCTCCGCCGCGTGCAGCAGCGCGCCGTGCCCGCCCGGCAGCTGCTGTGCGCCGTCAACCACCTGCGCCCGGCCCACCTGAGCAACTTCGTGAACGGCGCGACCCTGGCCCTGCCCAACGTCCTGACCGAACAGGGGCTCGAGCAGCTCGGCCCGGTGGCGGTGATCTACCACAACCCCGTCACCGAGGAGAGCAGCGGCCCGGTGGAGGTCTGCGTGCCGTACCAGGGCGAGCTGAAGCTGCCGCACGGCCTGACGCAGCGCCACGACCTGCCGCACCGCGAAGCGTACCTGCCGCTCACCAAGCGCGAATTCACCGACAGCGCCCTGTTCAACCGCGCCCGCAGCGAAGTGGAGCGCTACGCCCGGGCCAACGGCGACGTGCTGGGGCCGCTGCGGCAGATCGATTATGGCGTCTGGAACACCCGGGGCGAGACCGAAGTGGTCGGCGAACTGGCCCTGCCGCTGCGCTGGTTCAACCAGTTGCGGCCCGAAACGCGCGGACGTCTGTTTCCCTAAAAATCGCCGGGGCTTTCCCCTTGACTCTTCCCCTGGGGCAGGGCGCAGACTGCGCTTACCTCCGGAGGAAGCAGGACATGGCCGAGTTTTCCACCCGCACCACCATGACCATCGGCGCCTTCTCGCGCCTCAGCCGCCTGAGTCTCAAGGCGCTGCGGCTCTACGACGCCCTGGGCCTCTTGTCGCCGGTGCAGACCGACGAGCATAGCGGCTACCGCTACTACGATCCGGCCCAACTCGCCCGCGCCCGGCAGATCAGCTTGCTGCGTCAGCTCGACGTGCCGCTTCAGGGCATCGCCGAACTGCTCGACGCCCCGAGTGCCGAGCGCCCGGCCCGCTTCCGAGCGCTGTGGGAGGGCCTCGAAATGGCCCACCGGCAGCGGCGCGCCCTGGCCGAGTACCTGATGACCCAGGTGTTTCCCGAACAGAGGAGTTCCAGCATGACCCAGCCCTCCACTTCTCCCACCTTCACGGCGCAGCAGCGCTTCGTGCCCGAGCAGCGCGTCGCCACCCTCACCCGGCGCGTGTTCGTCGGCGAGCTTCAGGCCTTCTTCGAGGACTCGGCCCGGGTGCCGCAGCTGCTCAGGGCCCAGGGCGCCGAGCCCGCCGGGCCGATGTTCGCCCTGTATCACGGCGAGGTCAACCAGGACAGCGACGGCCCGGTGGAGATCTGTTTTCCCTACCGCGGCGAGGCGCAGGCCGAAGGCGACGTGCAGCTCAGAAGCGAGCCAGCCCACCATGAAGCGTATATCACCCTGA
NZ_CP029494.1_gap21	606437	607876	1439	TCTGGGGCGTGCTCGACGACCTCGACACCTACGCGGGTCCGCTGGGCGTGAGCTGGCAGGGCGGCGTTCCCTCACTGACCGTCTGGGCGCCCACCGCCCAGGACGTCAAGGTGCATGTCATGATCGGCAGCCAGGAAAAAGTGTTGCCGATGCGCGCCGGACCGCAGGGCAGCTGGAGCATCACCGGCGATCCCAGCTGGAAGAACGCTCCCTACCGCTATGAGGTCAAGGTCTACGCGCCCAGCACCGGCAAGATCGAAACCAATCTGGTGACCGATCCCTACTCGGTGGGCCTGACCAAAGACAGCCGCATGTCGGTGATGCTCGACCTCAGCGACGCCGCCCAGAAACCCGCCGGCTGGGACAGCCTCAAGAAGCCGCCGCTGGGCTCGGTGGGCGACCTGAACTTCTACGAACTGCACCTGCGCGATTTCAGCGTGATGGACGCCAGCGTGCCGCAGCCGCAGCGCGGCACCTACCTGGCCTTCACCCAGACGCAGAGCGACGGCATGAAGCACCTGCGGGCGCTGGCCGCCTCGGGGCTCAAGGCCGTGCACCTGCTACCCACCTTCGACATCGCCTCGCTGCCCAAGGACAAGGCCACCTGGAAGACGCCCGGCGACCTGGGCAAGCTGCCGCCCGCCAGCGAGGAGCAGCAGGCCGCCGTGAACGCCGTCAAGGAGCAGGACGGCTTCAACTGGGGTTACGATCCCTACCACTACATGACGCCGGAAGCCACCTACGCCGTCAACCCCGACGAGCGCACCAAGGAGTACCGGCAGATGGTGATGGCGCTCAACGCGGCGGGCCTGAGGGTGGTGCAGGACGTGGTGTTCAACCACACTGCCGCCAGCGGCGAAGCCGACAAATCGGTGCTCGATCAGGTGGTGCCGGGCTACTACCACCGCCTGGACGTCAACGGGGCCGTGACCAACTCGACCTGCTGCTCGAACACCGCCACCGAGCACACCATGATGCGCCGCCTGATGGTGGACACGCTGGTGCTCCAGGCCCGGCAGTACAAGGTCGACGGCTTCCGCTTCGATCTGATGGGGCACCACATGGTGGCCGACATCCAGGCGGTGCGCGCCGCCCTCGACGCCCTGACCCTGGCCAAGGACGGCGTGGACGGTAAGCAGATCTACCTCTACGGCGAGGGCTGGGACTTCGGCGAGGTCGCCGGCAACGCGCGCGGCGTCAATGCCACCCAGGTCAACATGTACGGCCAGGGCGTGGGCACCTTCAATGACCGGATTCGCGACGCGGTGCGCGGCGGCAACCCCTTCGGCGGTCTGCAGGAGCAGGGCTTTGCCACCGGCCTCTTCACCCTGCCCAACGGTCTGCCGGCCAACGCCGCCACGCCCGAGAACAAAGCCAAGCTGCTCAAGCTCACCGACCAGATCCGGGTGGCGCTGAGCGGCAATTTGCGCGACTTCAAG
NZ_CP029494.1_gap22	608970	612749	3779	GCGGCGCGTGGGGACCGGCCGCGCTGGTGCTGGCCCCGGCCTTCGGCGAGGCGCTCAGCGTCGGGCTGGTGCGCCGCGCCGCGCCGAGCGCCTCGGGCAGCGGCATTCCGCAGCTCAAGGCGGTGCTGCACCTGCTGCGCTTCTTTCCCTGGCCCCGCGTGCTGCCGGTGAAATTCGTGGGCGGCTTGATCGCGATGGGGTCGGGCGTGCCGCTGGGCCGCGAGGGACCGAGCGTGCAGATGGGCGGCAGCCTTGGCGCGGCGGCGGCGCAGCTGACCCGCGCCCGCCCGCAGCGCCGCCTGACCCTGATCGCCGCCGGGGCCGGAGCCGGGCTGGCCGCCGCCTTCAACGCGCCGCTGGCCGGCGTGACCTTCGTGCTCGAGGAATTGCAGCGCGACTTCACGCCGATGGTCTTCACGGCGGCCTTGATCGCTTCCACCGTGGCCGACACGGTGACCCGCAGCCTGGCCGGACAGACCCCGGTGTTCACCCTGCCGTTTTTCTCCGCACCCAGCCTCACCGCCCTGCCGCTGTTCTTACTGCTGGGCCTGATCTGCGGGCTGGCCGGGGTGCTGTTCAACAAAGCGCTGCTGCGCTCGCTCGATCTGGCCTCAAAGGTGCGCTCGCCGCTGCTGCTCGCCGGGCTGTGCGGCTTGGGCATCGGCGCGCTGGGCTGGCTGGTGCCGGGGGTGCGCGGCAGCGGGCACGCGGTGGTCGAAGCGGCGGCGCAGGGGCAGGTGCTGCCGCTGACCGCCCTGGGCTGGCTTCTCCTGCGCTTCGTGGTCACGCTGGCCGGTTATGCGCCCGGCACGCCCGGCGGCATCTTCGCGCCGCTACTGGTGATGGGCGCGCTGCTGGGCGCGGCCTTCGGGCAGGCGGCGGCGACCCTGAGCCCCGACACGCCCAGCGGCCTGTTCGCGGTGGTGGGCATGGCGGCGCTGTTCAGCGGGGTGGTGCGCGCGCCGCTGACGGCAGTGGTGCTGATCGTCGAGATGACCGGCAGCTACCCCTTGATGCTGCCGCTGCTCGCGGCGTGTTTCGTGGCCTACGCGGTGGCCGAGCGCCTGCGCGACGCGCCGATCTACGACGCGCTGCTCTCGCGCGACCTGAAGTTGCGCTCGCCCGACGCCGTGATGCTGCCGGAAATCATGGACGTCAGCCTGCGCCTGCAGTCCGGCGCGCCGTTCGAGGGCCGTCAGGTGCGCGACCTGGGCTTGCCGCCGGGCTGCGTGATCACCGAGGTGGGGCGCGGGGGCCGGGTGCTGTTGCCGCGCAGCGACTTCGAACTCCAGGCCGGCGATGTGCTGCACGTCCGGCTGGCCCCCGAAGCGGCCGACGCTTACGGGCGGCTGCGAAGCGGCACCGGCCACCACGCCTCGGGTCACTGAGAGCGTCCCGGCCCCCCTGCGGTTTGGGTTGGACTGCCGAACGAAATCGTTTTCCGTCTTAGGTTTTTATGGTATCTTCAGGTTACCGACAATGAATCCGTTTCATGAATTGCACTACTCGCAGAGTCGTTCAGGTTCGTGGTCACCGCAGCGTTGCCGGCGGGCAAAGCGGTGAGCGCGCCGATACAGTACGCCGCCGAATTCCGGAACATCACCAAGGTCTTCGGGCCGGTGGAAGTGCTGCACGGCGTGAGTTTCGGCATTCCCGCCGGGGAAGTGCAGGCGCTGATCGGCGAGAACGGGGCCGGCAAAAGCACCCTGATGAAAATTCTGGGCGGCTACCAGCCGCCGACGTCCGGCGAGCTGCTGGTCGGCGGCCAGCCGGTCCGCTTTCACAGCAGCCGCGACGCCGAGGCGCAGGGCGTGGTCCTGATTCACCAGGAATTCAACCTGGCCGACGATCTCACCGTCGCGCAGAACATTTTTCTGGGGCGCGAACTCGGCGGCGCGCTGCTCGACGACGCGGCGATGAACCGGGCGGCGGAGGCGGCCCTGGCGCGGCTGGGGGTCAGCCTCGACCCGCGCTTGAGGGTGCGCGGCCTGAGCGTGCCGCAAAAGCAGCTGGTCGAGATCGCCAAGGCACTGTCGCGCGACGCCCGTATCCTGATCATGGACGAGCCGACGGCGGCGCTCACCGTGCGCGAAACCGAGGTGCTGTTTGACCTGATCCGCAAGCTGAGAAGCGAGGGTGTGACTATTCTCTACATCAGCCACAAGCTCGAAGAAGTCAAGGCGCTGGCCGATACGGTCACGGTGCTGCGCGACGGCGCGGTGGTCTCGACCGACCCGGCCTCGGCGCTGACGCCGCACGAGATGGCCAACCGGATGGTCGGGCGCGAACTCGAGGACATGTTCCCCGACAAAGGGCAGGCCGGCGCGGAGGAACTGCTGCACGTCGAGCACCTCAGCGTGCCGGGCTGGGCGCAGGACATCACCTTCACCCTGCGCGCCGGGGAGGTGCTGGGCTTTGCCGGACTGGTGGGCGCCGGGCGCACCGAACTGTTCGAGGGACTGCTGGGCCTACGCCCGCACAGCGTGGGGCAGGTGCGGCTCTCGGGCAAAGCGGTGCGGCTCCGGTCGCCGGGTGACGCCGCCCGCGCCGGACTGGTGTACCTCAGCGAGGACCGCAAGGGCAAGGGCCTGCTCGTCGACTTCCAGTTGCGCCCCAACCTGACCCTGATGACGCTGGAACACTACGCCCACCCGTTGCTCGATCCCCGCGCCGAGCAGCAGGCGCTCAAAAAAGCCGTCGGCGACTACGGCATCCGCAGCGGGCGGCTGGACGTGGCGGCCAGCGCCCTTTCCGGCGGCAACCAGCAGAAGCTGGCCCTGGCGCGCATTCTGGAAGTCAACCCGCAGGTGATCGTCCTCGACGAGCCGACGCGCGGGGTGGACGTGGGCGCCAAGCGCGAGATCTACCTGCTGATTCAGCGCCTGGCCCAGAGCGGCAAGGGCGTGATCGTGGTGTCGAGCGAACTCAGCGAACTGCTGGGGCTGTGTCAGCGCCTCCTGATCGTGCGCGAGGGCCGCCTCGTCGGCGAACTCGGCGCCGGGGAGATGAACGAGCAGGAAGTCATACAGTACGCCACCGGCCTCAAGGCCGCGCCCCTGAGGGAGACCGCGTGACCACCCAGCCCCGAGAAGCCCAGACCGCGCCTCGTCCGTCCGCCCTCGCCCGCCTGGGCTCGCTGGGGCCGCTGCTGGGCCTGCTGGCCCTGATGGTCGTGGCGACGCTGCTCAACCACGACTTCCTGACGATTTCCAATTTGTCCAACGTGCTGACCCGCGCCGCCTTCATCGGCATCATCGCGGTGGGGGCCACCTTCGTGATCATCTCCGGCGGCATCGATCTGTCGGTCGGCTCGATGGCGGCCCTGATCGCCGGCTCGATGATCCTAGTCATGAACGCGCTGGGCCCCAGCCTGGGCAGCGTGGCGATCATCGCCATCGGGATGCTGTGCGCCCTGGCGATCGGTGCGGCGGCGGGCCTCCTGCACGGCACGGTGATCACGCGCGGGCGCATCGAGCCGTTTATCGTCACGCTCGGCACGCTGGGCATCTTCCGCTCGGTGCTGACCTACCTCTCGCAGGGCGGCAGCATCTCGCTGAACAACGACCTCAGCGACGCCTACAGCCCGGTGTTCTACGGCCAGCTGCTCGGCATTCCGATTCCGATTCTGGTGTTCGCCGCCGTCGCGCTGCTGGGCGGCCTGATTCTCAACCGCACCCGCTACGGCCGCTACGTGCAGGCCACCGGCAGCAACGAGCAGGTGGCCCGCTACGCCGCGGTGAACGTCGCCCAGGTCAAGGTCGTCACCTACGTGATCCAGG
NZ_CP029494.1_gap23	638994	642682	3688	GTTGGCGCGGCGCGGCCCGCGCTGGGCGCTGGGGGCCGCCGTGCTCACCGGATTGGCCGGCCTGAGCCTGACGCTGGCCCGGCCGCTGCCACTGCTGGTGCTGGGGCTGGCGCTGGCCGCCTGCGGGGTGTTCCTGGCCCAGGCGGCGGCGCTCAGCGCCGTACAGCAGAGCATTGCTAGCGGGCGCAGCCTCGCCAACGGGCTGTACAACCTCGCCTACTACGGCGGCGCGTCGGTCGCCAGTGTGGTGGCCGGGCTGGCCTACGACTGGCGCGGCTGGAACGCGGTGGCGGCGCTGTGCATGGCGGCGCTGCTGACGGCCGGCGGGGTGGGCCGGCGGGGCTGGCGCGGGCTGGGCGTCAAATCTTAGTGGCCCTTCAGATGGTCGGCATCACGTTGCCGCCCGACACCGAGATGTACTGCCCGGAAATGAAGTTCGCCAGATCGGACGCCAGATAGGCCACCAGATTGGCGATGTCCTGATCGGTGCCGCGCCGGCGCAGCGGCACCCCGGCCTTGTAGGGGTCGGCGGCCTCGCTGTCGGGGTGGTCCTGGCTGATCATCCACCCCGGCGCCACCTGGTTGACGGTGATCTGGTGTTCGCCGATTTCGCGGGCCAGCACCCGCAGCACCCCGTCCATGCCGCGCTTGCCGGCCACGTAGGCGCTCTGGCTCGGTGCGGCCTGCATGGCGCACTCGGTGTTGATGCCGATGAAGCGTCCCCAGCGCCGTTCGATCATGGCTGGCACGAACGTCTGGGCCATCAGGACGTTGTGCAGCACCGTCGAGCGGAACTGGCTTTCGTAATCGGCCAGCGGCTGCTCCAGCACCGTGGTCCAGGCGTACTGGATCACCGCGTTGTTGACCAGGATGTCCGGCGCGCCGAGTTCGTCTTGCACCTCCGAACGCATCCGCTCCACGTCGGCGGCCTGGGTCACGTCGGCCTGCACTTTCATGGCCTGCACGCCGAGCTGCCGGGCCGCGTCCACCACCGCCTGCGCGCTGGACTCGTCCCGGTGGTAATGCACCGCCACATTGGCCCCGCATTCGGCCAGCGTGCGGCACATCACCCGCCCGAGCTGTCCTGAACCGCCGGTAATGAGGGCGAGGTGCCCCTGAAGATCAATCTGCATGGTCGTTGCCTCCTGGCCGGGATGTTCTCACTGCAAAGCCTGCGCCGCCAGTTCAGGAATGATCCGGCGGTGGTTGGGATGCCCGGACACCCGACCGGTCATCGCCACCACCAGCTCCAGCGCGGGAAACACGGCGATGTACTGCCCACCGTAGCCGGTGGCGTAGAACCCCGCCGGTTCGTCCGGTCCCGGCTGCCACCACAGCCAGCCGTAGGTCAGCAGCCCCTCCATGAACAGGTAGCCGGGACGCCGGGGCCGGGTGGAGCGGGCCAGCCAGACCGCCGGCACGAGCGGCTGGCCCTGCCACTGGCCGTGCTGTAAGGCCAGCTGCCCCACCGCCAGCATCTCGCGCGGGGTCAGAAACAGGCCGCCCGAGCCCCAGGCCCGGCCCTGCGGGTCGGTCGGCCAGGGGTGGGTGCCGATGCCCAGCGGCGTCAGCAGGGCGCGCTGCATCAGGGCAGCCAGCGGCTCTCGGGCCACTTCAGCCAGCACGGCGCCGAGCAGGTGGACCCCGGCATTCGAGTAGTGAAAGACCTGGCCCGGCTCGGCCAGCAGCGGCTGGGCCAGCGTGAATTTCAGCGGGTCGGCGCTGAAATACCAGGCGTCGTCGTAGGCGGGGTCGGTAAGTTCGGACGGCAGACCGGAAGTCATGCCCAGCAGGTGGCGCACCGTCACGGCGGGCCAGCGGGCGTCGCCGAGCCCGGCCGGGTCGTGCGGCAGATAGGCCAGCACCGGCCGGTCCACGTCCAGCCGGCCGCGTTCGACCAGCATGCCGGTCAGCAGCGACACCAGGCTCTTGGTGACCGACTGGGTGTCCTGCGGCTCGTCCGCCCCGATGCCGAAGTACCGCTCGAACACCAGCTGACCGCGCCGGGCCACCAGCAAGCTGGTCGCGTCGGGGAAATGGGCGAGGAGGTCCGCTTCAGCACGGTCCAGCCCAGCTGGATCGAGACCGGCGACGCTCGGGGCCGCGGTGGGCCAGGGCAGGGGAGAAGGCATGTCGAGGTTCATTGTGGAGCAGGGAGCACGAAAAAAGCGCCCCCGCAGGAGCGCCTTTTCTTTGCTCAGTGTTCAGTTCAGCGGTTGACGATGTGAATGGCCTGCTTGTGTACCGCTTCGGCCGCTTCCAGCACGCTCTCGCCGAGGGTGGGGTGGGCGTGGATCGTCAGGGCGATGTCGCTGGCGGTGGCGGCCATTTCCAGGCCCAGGCTGGCCTCGCCGAGCATGTCCGAGGCGTGGGGTCCCACGATGTGCACGCCCAGCACCAGGTCGCTGCCTTCCTCGGTGATCATCTTGACGAAGCCCTCGGTGGACTGCAGGGTCATGGCCCGGCCTGAAGCGGCGAAGGGAAACTGCCCGGTCTTGATCTTGTAGCCCTTGGCCTTGGCTTCTTCCTCGGTGAGGCCCACCCAGGCGAGTTCCGGCGAGGTGTACACGACGCCGGGAATCGCCACCGGATCCATCTCGGCCGGTTCTCCGGCGATCACCTCGGCGGCCACCAGCCCTTCTTTCATGGCCTTGTGCGCCAGCATCGGGTTGCCGGCCACGTCGCCGATGGCGTAGATGTGCGGTACGTTGGTCTGCATCCTGCTGTTGACGGTGATGAAGCCGCGCTCGGTGGCGATGCCCAGCCCTTCGAGGTTCAGCCCGGCGCTGCGCGGACGGCGGCCCACCGCGACCAGCACCCGGTCGTAGGTCTCGCTGCGCTTCTCGCCGGTTTTGACGTCTTCGAGTTCCACCTTGAGGGTGCCGTCCGGCTGCTTCTCGGCCTTATTGGCCTTGGTCTGGGTCTGCACCTCGATGCCCTGTTTTTCCATCGCCTTGCGAAACGCGGCCACCGCGCCCGCGTCGGCCCCCGGAATCACGTTCGGCAGGAACTCGATGATTTTGACCTTGCTGCCCAGGTTGTTGTAGATATGCGCGAATTCGAAGCCGATCACGCCGCCGCCCACGCACAGCATCCGCGCCGGAAGAGGGTCCGGCACCACCAGTGCGCCGGTGCTGTCCACGATGCTGCTCTGGTCCACGTCCAGCCCCGGCAAGCGGGCCGGTTCCGAGCCGGTGGCGATGATGAAGTTGGCCGCTCGGTAGGTCTTGTCGCCGACCTTGAGGGTGTGGGCATCCACGAAGCTGGCCTCGCCCACCAGGTGGGTGACCTTGTTGGCCTTGAACAGCCCGCCCACCCCGCCGGTCAGCTTGGTGACGATGCCTTCTTTCCATTTGTTGAGCTTGCCGATGTCGAGCTTGGTGTCGGCGAAGGTCAGGCCGAATTCCGAGGCGTGTTTGCTGGCGGCCAGTTCGTCACCCGCGTGCAAGAGCGCCTTGGTGGGAATGCAGCCCACGTTGAGGCACACCCCGCCGAGGTACTCCTTCTCCACGCACGCCACCTTGAGCCCCAGCTGCGCGGCGCGGATGGCGGCGTGATACCCGCCGGGTCCGGCACCGATCACCAGCACGTCAAAATCCATGTTGTTGGTCATGAAGGCAGTCTAGCGCGGCGCTCCCCGTTGAGAAGTGACGCATTTGGGAAGTCATTGGCGGGGCATTGACAAGCC
NZ_CP029494.1_gap24	671143	673050	1907	GAAGCCCAGGCCCCACAACTCGGCCAGGTAGGTTTCGTGCTTGGGCGAATCGATCTTGTTGGCGGCCACGATCACCGGCTTGCCGAGTTTACGCAGCCAGTCGGCCACCTCGTAATCGGCGGTGGTCAGGCCCTCGCGCGGGTCGGTCAGGAAGATGACGCTCTGGGCGCCTTCCATGGCCCACTCGGCCTTCTCGCGAATGGCCTGCTCCCACTCGTCACCGCTCCACAGCCCGCCGGTATCGATCAAGATGATGCGGTGGTTCTGGTACATCATCAGGCCTTCCTTGGCGTCGCGGGTCACGCCGGGGAAGTCGGCGACGACGGCTTCGCGCCGGCCCACCAGACGGTTGAACAAACTGGACTTGCCCACGTTGGGGCGTCCCACGATGGCGACTTTATGCATATTCAGACTCTCCTTTGCGGTGTCGCGCTTCCAGCGGAGTCGTGCCGGAAGTGCGCCGAAGTCGGTGGTGATCCGGGCTGAATTGGCCTGGTACCACCTCGGGCGTTCCTGAAGCGGAACGCAAAGCAAATAAGTCTACAGGTTGCGTCTAGAAGTGTTTGTAAGGCAAGCCTTGTCGGAGAACCGTCGGGCGGCAGAATGGTGGAGGTGGAGGACGTGCTCACCTTGCTCAACGACCATGCCTGAGGAGCGGCTAAAGCGGATGCCCTGGCCCATCTCTAAGGTCTGAATGTGTTCTGGAGGGTATAGCTGGTGGGGAAGACCCCCACCTTCGTCACAACGGCCGAGTGTCCTGCATCCGGTGGTTCTGAGTTCGGAGCAGCCTCGGAGTTCCTTAACCTGTGGGGGAGTCTCGACGAAAGGTGCGCCATATGATCAACCGCAGCCCTTATCACTAGGGTGAGCTCGTCCCGTTCCTGCCGCAGCTTGGCTACCCAGCTCCGAACACCGATTTGATCAGCTTCTCTCGTCATTGTGATCAGGCCCAAAATCACCGAACCGTGCTGCGCCTTCCCAACCGTCCACTGACGTTCTGTTAGACTGCCGCGTTTGGGGCCAGCCCGCCGGCAGAAGTTTAAGCAGGTCAGCGGCGGCAGAGGTGGCCCACCAAGGAGTCTGACTTGACGGCCACAGCGTTTCCCACCAGAAAAGACAGTGAAGAAGTGTTTCCGGCCCCGATCAAATCGGTGGAAGTCGGCAGCCCCGCCGAGCGTGCCGGCGTGCGGCCCGGCGATCAACTCCTGCGCGTCAATGGCCAAGCTGTGACCGATGTGCTGGCTTACCGCCACCTGCTCTCGCAGGGTAAGGCCAGCCTGGAAATCAGCCGGCCGGTCAGCTTGCCGTTTTTCGCCACGCCGCAGGACCACCACACCGTCAAGGCCGATACCCAGGCCCAGACCTTCACCTTCGAGGTCGAGTGGGAAGACCCCGGCCTGGACTTCGAGGAAGTGCTGTTCGACGGCATCAAGAAATGCGCCAACAAGTGTGACTTCTGCTACGTCCACCAGATGCCGCGCGGCTTTCGCAAGAGCCTCTACATCATGGACGACGATTACCGCCTGTCGTTTCTGTACGGCTCTTTCGTTACCCTGACCAATCTCACCGAGCACGACATCAACCGGATTCTCGACGAGAACCTCTCGCCCTTGTACGTCTCGGTGCACGCTGCCAACCAGGAACTGCGTCAGGACATGATGAAGTGGTGGCGCCTGAAGGTCAAAGACCCGCAGGCCACCCAGATTCAGGGCATGATCGAGCGCCTTTCGAGCATCGACCTGTACACCCAGATCGTGCTGCTGCCGGGCCGCAACGACGGCGACCACTTCGACGAAACGCTCGACTACCTCACCTCGCGGCCCAACGTGATCTCGGCGGCGGTGGTGCCAATCGGCCTGACCTCCCACCGCACCAATCTGCCGGACGTGCGCACCTTCACGTCCGAG
NZ_CP029494.1_gap25	691015	694948	3933	GCACCTGCTGGCGCAGGCGGTCTCGCTCGGCGACAAACTGCTCAACCCGCTCGTCGCCGCCCAAGTGTTCGCGCTGCTGCTGGGCCTGCCCGGCGAGCCCCGCCCCGCGCCGCGCCCGGCCTTCGAGAGCAGGAACCCGGCACATACCAAGGACCGCGATGCGAGCGCCATCCGCTACCACTACGACGTGGGCAACGACTTCTACGCCACCTGGCTCGACGAAAAGATGGTGTATTCCTGCGCCTATTTCGCCACCGGAGAGGAAACGCTCGAAGAAGCCCAGACCATCAAGCTCGACCGGATCTGCCGCAAGTTGCGCCTCAAGGAAGGCGAGCATCTGCTCGATATCGGCTGCGGCTGGGGCGGGCTGGCGATCTACGCTGCCAAAAACTACGGCGTGCGGGTCACCGGCATTACCCTCAGCCCAGCGCAGGCCGAGGTGGCGCGGGCGCGGGCCGAGGCGGCCGGCGTCGGCGACAAGGTCAGCATCGAGATTCGCGATTACCGCGACCTGGAGCCGACCACCCGCTACGACAAGGTGGCGAGCGTGGGCATGTTCGAGCACGTCGGCCTGGCCAAAATGCCGCAGTATTTCGCCCAGATCTACCGCCTGCTCAAGCCCGGCGGTCTGGTGCTCAATCACGGCATCGTCAAGGAGATCACCCCGGCCTTCGTGCACTGGGGCTTCGGTTTGCTGGAGCGCTACCTCAACAGCCGTTCGTTCATCCAGAACTACGTGTTTCCCGACGGCGAACTGAGCCGCCTGAGCGAAGTGAACCTGCGCGCCGAGCACGCCGGCTTCGAGATTCGCGACGCCGAGAACATGCGCGAGCACTACGCCCTGACCCTGCGCGAGTGGGTCCGGCGGCTCGAAACCCACCACCAGGAGCTGCTGGATCGCGGTCTGGTCGATGAAGTCACTTACCGCATCTGGCGCCTGTACATGTCCGGCAGCGCCCAGTCGTTCGCCGCCGGGCGCATCGGGGTGGTGCAGACGCTGCTCGCCAAGCCCTGGCCGGGCGGTGAGGCCGGGTTGCCGCTAAATCGCCGCGACATCGAGCTGGAGCGGGCCTAGTCAGGTTCTGACTCCAGCATCTTGCGCCAGCTCTCCGGGTCTTCGCCGACCGCCAGGACCTTGCCGCCGCGCACCAGCGGCAGCTTGAGGGCGGCGGGAAACTCGGCCAGCTTGCTCAGAAAGCCCTCTTCCGATAAGCGCAGGTACGGCAGGCCCGATTCCTCGTAGGCCTTGCCGGCCTTGTCGAGCACGCCGTCGGGACCGAACTTCTGCTGAAAGCGGGCCAGTTCGCCTTTGCTGATCGGCTTGCTGGCCAGGTCCACGAAATGCACCTTGACGCGCCGCTCCTTGAAAAAACGCTCGGCGGCGCGGGTGGCCGCCGATTTCTTGAGACCGAACATCTGCACCGTGACTTCAGGCATGCCCCGAGTGTAGGGCGGGGGCCGCCGCAGAGAAAGCAGAGAGCACTACCGCACTGTGCCGTCCAGCGCCGCGAGTTTGGCGCCGTCGGGGCTGCCCAGGCCGGTGCAGGCGTCCCAGCCCTGGCCGGCGGCGTAGGCGCCGTTGTTGCCGTCCACGATGTCGCGCACCGGGGTATTCAGGTACAGCAGAGGGTTGAGAAACCCCAGCGGGCGGCCCAGCCGGGCGTTCAGCCGCGCCACCAGCCCGGCCCACAGCGGCGACACGGCGCTGGTGCCGCCGATGACCATGTTCTGCCCGTCGACGCGGACCTGGTAGCCGGTGAGCGGATCGGCCACCGCCGAGATGTCCGGCACGCCGCGCCCGACCGGGTGGCCGGGATTGACCGAGGGCGGCACCCCGGCGCCCTGCTGGTAGTCGGGCAGGCCGAACACCTCGCTTACCCCGCCCCCGGTGGCGCCGTGCCCCGGCTCGTTCCAGACCACCTCGCGGGTAATCTGCCCGGCCGCCGCTTCCAGCCGGGTGCCGCCGCAGGCCGTGGCCCAGGGACTCGATGCCGGAAAGTCGGCGTGGGCCAGCCCGTCGCCCACCCGGTCGCCGGAGCCGTCGTCGCCGGCCGCGCACAGCACCGTGACGCCCAGCATGGCCGCTTCCTGAAAAGCGCTGTTCATCGCCTGCATCGCCTGCAGGGTCCACTGCGGTTCGGCCGCGCCCCAGCTGATCGACACGATGCTGGGTTTGCGCCGGGCGTCGTGCACGGCGGTGGTGAGGGCGTTGAGAAACCCGGCGTCGGTGTTGGGCGCGAAATACACCGCGATGTGCGCGCCGGGCGCGATGGCCCCCGCCACCTCGATGTCGAGCATCACCTCGCCGTCGGCGCTGCCGGGGTCGTGGCTGGGCGCGTTGCGGCCGCCGTCCACGCTCACGGCCGTGACCCGGGGCGTGGGCAGGCCCAGACCGGCGAAGTAGGCCTTGAGGTCGGCCTTGCGGTAACCGCCGCCGAGTTCGAGGATGGCGATGGTCTGCCCGGCCCCGTCGCCAGCCGGAAAGCCGTAGAGTTCGGCGAGTTCGGGCGGCGTGAAACTGCTGCTGGCGGCGTGTGGAAAGGCCACGCCCGGCTGGCCCACCGGCGCGGCCAGCCGAAACTGCGGATGCGCCTGCGGGCGGTTGTCGAGGCCGAACACGCCCTCCACCACGCCCTGAAGCTCCGGCGGCAGGTTCACCGGGCCGCTGCGCCCCCGGAACGTCACGCTGCCGGCGCCGTACAGGGTCAGCGACACGCCGAACGCGCCCTGAAGTTGCGCCGCCGTGCCGCGCAGAATGACGCTGCGGCGGGCGGCGCTGACTTCCACCACGCTCAGTTCGTGGTCATGGGCGAACTGCTCCACCCGGGCGATGTCGCTTTCCGAGGCGCCGTATTGGCGGGCAAACGCTTCGCGGCTCATCGGCGCGGCTTGCAGGCGCGGCTGCATCTGCGGTCCGCGCAGGCGCAAAGTCACGTCGAGTTCGCTTTCCGGCGGCGTCGGGCCGAGCGGCCGGGCGTTCTGGGGCAGCGTGCGGACGCTGCCGCCGAGCGGTTGTGGAGGCGGCGCAGTCTCTGTCTGATCGTCGGCCATAGGGTCCCCCCGGCAGCCCGGGCCGCCAATGACGTTCGGCCGGCCGCCGCCTCAAAGTGTAGGTCCGGTCAGATCAAAGCGGTGTCAAACAGAGCGGGAGCGCTTCAGCACGCTCCCGCCCTACCTGACTCGCCGGGCCTCAGGCGCCGTACTTTTGCAACTTCAGCGCGTTGGCCATCAGCAGCGGCATGATATCGGTGCCTTTCCTGAGGCCCAGGCTGCCCCGGAGCGCTTCGTCCTCGGTGTAGCGCTGGGCCAGGTCCTTGCGACCGTACGGGCTGCGAATCAGCAGCGGCACCGGATGCCACGAGTGGGTGGCGAGCTTGCTGGGGGTGCTGTGGTCGCCCACGATGCACAGCACGTCGGGCTCCAGCGCCAGCAGTTCGGGCAGCAGGGCGTCGAACAGCTCGACTTTCTTGACCTTGGCCTTGAAGTCGCCGTCCTCGCCGGTGGAATCGGTCTTCTTGATGTGGAAGTAAAAGAAGTCGTACTCGCCCCAGGCCTGCTTGAGCGCCTCGACCTTGCCGCTGAGGGCGTCTTCCTCGCCCTCGACCTCCAGCACGTCCATGCCGACCAGCGAGGCCAGTCCCTTGTACATCGGGTACGAAGCGATGCAGGCGGCGTTGAGCTGGTAGATGTCGTCGAAGCTGGGAAAGTGCGGCACGTCCGAGTAGCCCCGGAACAGCACGCCGTTGACCTGCGTTTCATCCTTGAGGAGGGCCTCGGCCTGCTGCACGAAGCGGTTGACCAGCTGGGCGGTGGTCTGGCTGGCCTCGTCGTGGGCCTCGGCGGTCATCGGCTGCACGCCGGTCGCCTGCGGGTCCACGTCGCTGAGGTTGGCGCCCAGCGGCGTGCCCTGCGCCCGGAACACCACCACGAAGC
NZ_CP029494.1_gap26	702498	703757	1259	GCAGTCTGGCGAGCGCCGTGACTTTGCAGGAACTGTTCGCGCAGGGGCGCTACATCACCAACGCCACCTACCGCCAGTTCGAGGTCTACGCGGTGCTGGCGGTGATTTATTTCCTGCTGACCTTTCTGCTCACCCGCGCGGTGCGCTGGCTGGAAATCCGCTTCTCGCGCGGTCAGGCGCTCCCACCCCGGCGGGTGATCTGAGAGGGCGCGCCCGCGTGAAACCTAGAATGCAGCGCAGGAGGCGACATGGCGAAGGTCTGGGAGTACCTCTTTCTCAACGGTGAATTCGCGCCGCGCGCCCATATCCTGGCTGGGCTGACCCTGGCGCAGGTCGGCGCCCGGCCGGCCGGAGCGCCCCACAGCATCTATGAGGAGCTGTGGCACACCGAGATGTGGCAGCGCATCGTTCTGGAGCGCGACGCTGCGGCCACCCGACTGTGGGAGGATGACGTGCTCTTTCCGCCTCAGGCGGCGCCCCCGGACCTGCCGAGCTGGCAGGAACTGGTCGGTGCGTTTCTGGCTTCTTCGGAACGCGCTGTCGAACTGAGCCAGGACGAGGCCTGGCTGGACACCCCGCAGGGCGCCGACAATCCAGGCTTCACCTGGAGAGATGCTTTGAGTCAGCTCGCGGTGCACAACGCCTATCACCTGGGCAGGATCGTTCTGCTGCGGCAACTGCTGGGGTGCTGGAGCCCGTTTCCCAAGCCGCCGCTTGCGGACGATGTCGACCCTTAAGCTGGGTAGATGACTGCTCCCGCGCCGCGACCTGTCCGCCCCTTTCTCGCCGGCTTTAGGGCCATCCTGCCGCTGTGGCTGGGCGTGGCGCCGTTTGCCGCCGCCTACGCGGTCACGGCCCGCGCCGCTGGGCTGAGCGTCTGGGAAACGCAGTGGATGAGCCTGAGCGTCTTTGCCGGCAGTTCCCAGCTCGCCGCCGCCGGCCTCTTCGGGCAGGCCGCCGCGCCGCTGGGCATTATCGCCACCACGGCGGTGCTCAATGTGCGCCACGTGCTCTATGGCCTGAGTCTGGCCCAGCGCCTGCCGCTCGGCTGGCCCCAGCGCCTGCTGGCCGCCCAGTTTCTCACCGACGAGGCTTACGGGGTGGCCCTCAATGCGCCGGCGCTGAGCTTCGGGTACCTGCTGGGCGCCGAACTCAGCCTGTACGCGGTCTGGAACCTCTTCACGCTGCTGGGCGCCTTGCTCGGCTCCCTGGTGCCGGACCCGCAGGCGCTGGGGGTGGGCATCATCTTTCCGCTGGCC
NZ_CP029494.1_gap27	774574	777378	2804	GCCTTGAGCGCTCCGCACTCGCGTCGCCTGGCGTGGAAACACCGTACCAGATGACTCGGAGGCAGGATGCTCACGGTTCGTTTACTCCTCCGGCGGATCGGCCTCGACGTGGTAGACCTCATCGTCGCACTCGGCGATCCACAACCCGTCTGGGCTGCGCGTCCAGGTCAGCATCTGATCGGCGTGCCGTGCGCAGGCGGTGCGGCCCTGAGCGGCCGTTTCGAAGAAGCCGAGGTCTTCCAGGAACTCGCCGGTCTGGGCATGGATCAGGTGCGCGCGAGGTATGCCGAGAGGATAAGGCAAGTGTCTCGCGACTTCGTGTCAAACTGACACCATCCCCCGAAACTGAATAACAAATAGCGCCCCGATCTCGACACGGGGCGCGCTTTTTTGCTTCCGCTTTCCTACGCCGCCACCCACCAACCTGCAGCCCCAGCTGCCCGTAGGCGTACTCACGGACAAAAGCGCGCTCCTCGTCGGTAATCATGGACAGGCTGTTGACCCGACAAGTGCGCGTAACCTCACCAGTTTGTCTTGGTTGCCTCACCCGGCACCCGGTGGCTGATAAAGCTGAAGGTGTCGTAGCTGACGTGAGTGACCAGGAAGCGCCAGGCACCGTACTCGGTATGCAGGATGACGTGATGGCCGAGGGCCGCCGAAATTTGCCGCTCCTCAAGGGCAGAGAAGGTACTGCGCGGGATGGTGAGCACCTGGGCAGGTGGCGTGAGGGTACCGACAGCGACTTCTGTCCGAATGAGGGTCACGGGCTATTTGAACACGACCATCGTTTCGGCTGGTTTTATGGTCTTCAGCATCAATTTATCCCTTGTTAGCAGTCTCCCAACCCCATCGTGCAGCCCAAAAAATAATCCACAGGCCTGAGCACAAGCCTGTGGATAAGTAGGGGAGAAGTGCAGCAACAGATGCAGCAGCAGGGAAATTCCCCAACATTCTCCAAATCCTCTAAGTTCAGGAATCACCCGCCCAGACGCGCTCTACATCTCCCAAAAAACTCCAAGATCTTCTGAAATCTGGTCTGGGATGAGATTGACACTGTAGGGGTCAGCAGTTCAAATCTGCTCGGATCTACCAACAAATAACCTCCGCTTTACGGGGGTTTTTCTTTTGGCTTCAGGCGGGGAGGCCAGGCCTGATCTGGCCTAGAGCTGAGCTGTTATGGTGACCTCAAGACGGCGCCGGCCACGACGAGCGGAGGAAACATGACGAAAGTGAGCATTGTGGGAGCAGGATACGTCGGTGCGGCGACCGCCTTCGCCATGGTGCTGCGGGGCACCTGTAGCGAGCTGGTTCTGGTCGACAAGAACGAAGCCAAAGCGCGCGCCGAGGCGGCCGATATCAGTCACGCCACCCCGATTTCCCACGCCACGCGCGTGTCGGCCGGGTCCTACGCCGACCTGAGCGGCGCGCACCTGGTGGTGTTGACGGCCGGGGCCAACCAGCGGCCCGGGGAATCGCGCCTCGAACTGCTCGCCCGCAACGCCGCCGTCTTCCGGGAGATGGTGCCGCAGGTGCTTGGCGCGGCGCCCGAGGCCACCCTGCTGATCGCCACCAATCCGGTCGACGTGATGACCCAGCTCAGCGCCCAGCTGGCAGGCCCCGAGCGGGCCGCGCGCGTCTTCGGCTCGGGCACGGTGCTGGACACCGCCCGGTTGCGCGCCCTGATCGCCGCCCAGGCCAATGTCGATCCGCAGCACGTTCACGGCTACGTGCTCGGCGAGCACGGCGATTCGGAGGTCGTGGCCTGGTCCGGCGTGACCATCGCCGGCCTCGGCCTGGAGAAGTTCATGGACGCCGCCCACAAGCCCTGGAACGCCGAGGTGCAGGCCCAGACCGAACATGCCGTGCGGCATGCCGCCGCCGAGATCATCGCCGTCAAGGGCATGACCGCCTACGGCATCGGCGCGGCGCTGGCCCGCATCACCGAAGCGGTGCTGCGAGACCGGCGCTCGGTGCTGACGGTCTCGGCGGTGCATGGGCGCTACGGCGCGGCTCTTTCGCTGCCGCGTGTCGTGGGAGGTGCCGGCCTCCTCGAAACCCTGACGCTGCCGCTCTCGGCCGCCGAGGAAGCGGCCCTGGAGCGCAGCGCCCAGGTGCTGCGGGAAGCGGGGCAGCAGGTGCTCTGAACAGGGTTGGGCCGTAATTGAGAGATTGCAGGTGCAGGTTGCGGACCTTGCTGGCATACTGCTTGACTGCCCGGTCCAGGCCCTGTCTGTGCTTGCCCGGCCTATTTTTCAACAGTGACAAGGAGCTGCCATGACCCGTGTTCTTCCGTTCGTTCGCCCCGCCGCCTCGCAAGACGTGCCGCAGGCGGTCCAGACCCTCGCCGCCGCGTTTGCCGACTACCCCTGGACGCGCCACACCGTGGCGGCCGACCGGCACGTCTGGCGTATAGAACGGCTGCAGGAACTTTTTCTTACCAGGTTCGGGCTGCCTTACGGACGGGTATGGGTGACAGGCGACGTGCGGGCGGTGGCGGTGTGGACCACGCCGGACACGGCGCCCCCCGCTTCCCTCGGCGAGGAGCTGGACCCGCTGGTCGCCGAGTTGACCGGCGACCGCGCCGACGTTTCGGCCCGCGCCGAAGCGCTGATGGCGCCGCACCGACCGGCGGGTCCGGCCTGGACCCTTCAGACGGTGGCGGTTCATCCTGAAGCCCAGGGGCGCGGACTGGGAAGCGCCGTGCTGCGACCGGGCCTGGAGGCCGCCGCGCAGGCCGGTTTGCCCGCCTACCTCGAAACGTCGAGTGAGCGCAACGTCCGCTTTTATGAGCGCCTCGGCTTTGC
NZ_CP029494.1_gap28	938516	940764	2248	CTGATGAAGTTGCTGGAAGGGGCGGTGTCCGAGACCACCGCGGCGGGCGGCGTGCAGAAAGACGAAGCGCTCAGCATGGTGGACCACAACACCGCGCCGCCCTCGGTGCGCGGACGCAAGGTGGCGCTGCTGGCCGCCGACGGCGTCAGCGCCGAGGACGTGGGCCGGATGCGGACGGCGCTCGAAGCCCAGGGGGCGCTGGCCGAAGTGGTGGGGACGCATCTGGGCAGCCTCCAGGGGCAGGGCGGCGAAGTCATGGTCGACAAGACCTTACTAACCACCCCCTCGGTCATCTACGACGCGGTGTACCTGCCGGGCGGTTCGGCCAGCCTGAAGGCCCTGGGGCAGCTGGGCGACGCGCTGAGGTTCGTGGCGCAGGCCTACAAACACGGCAAAGCGGTGGGCAGCAGTCCGGACGGCCTGGCGCTGCTCAAGCAGGCCGGGGTGGCGGTCAGCGCGGAGCAGGGCGTGCTCGATTTGTCCAAGCAGTCGGCCGACGACTTTGTGGAGGCGCTGGCGCAGCACCGGTTCTGGAACCGTTCCGGCGACCTCGTACCGGCCTGAGAGAAGCACATAGAGAAAGGCCAGCCCGTTTGAATGGGCTGGCCTTCTTGGTGTCGAAGCGGTGCTCAGGCTTGCTGGTACATCACCGCGCGCTTGACTTCCTCGATGAGCTGGGTCACCGGGATGTCGCGCGGGCAGGCGTCGGTGCAGTTGTAGGCGGTGCGGCAGCGCCACACGCCGGTGTTCTGGTTCATCACGTTGAGGCGCTGCTGGGTGGCGGCGTCACGGGTGTCGAAGATGAAGCGGTGCGCCTGCACGATGGCCGCTGGGCCGATGTAGCTGCCGTTGACCCAGAAGATCGGGCAGGAGGTGGTGCAGCAGGCGCACAGGATGCAGTTGCTGCCCTGGTCCATGCGCTCGGCGTCTTCCGGCGACTGAAGCCGCTCGCCGGCCGGCGGCGGGTTGTCGTTGATGAAGTAGGGCATGATCGAGCGGTAGGCGTCGAAGAACGGCTCCATGTCGACCAGCAGGTCTTTTTCGACCTTCAGGCCCCGGATCGGCTCGGCGGTGATGGTGCCGCCGTCCTTGACCACGTCTTGCAGCAGGGTCTTGCAGGCCAGGCGGTTGCGCCCGTTGATCAGCATGGCGTCCGAGCCGCAGATGCCGTGGGCGCACGAGCGCCGGAAGGTCAGCGAGGGGTCGATGTACCACTTGACGTGGTTGATGACATCGAGCACCCGGTCGCCGGGGCTGGCTTCCACCTGATAGGTTTCCCAGTGCTGCCGACGGTCCTTTTCCGGATCGAAGCGCAGAATTTTGACGTTGATTTTCATGAACACTCCAGCGGTGAAGCGCGTTAGAAGGTGCGCGGCTTGGGCGGGAACTTGAGGTCGGTGCTTTCCGAGGGGGTGTAGGTCGAGACGGTCTCGTAGCTCGAAGCGCCCTTGAAGACCACCGGCTTGTAGCCGATCTTCACCGAGCCGGGCCGGTCGAAGTCCTTGTAGGCCATGGTGTGCTTGAGCCAGTTCACGTCGTCGCGCTGGTGGTAATCCTCGCGGTCGTGCGCGCCGCGCGACTCGGTGCGGTTGAGCGCACTGTGGGTCATCGCCTCGGCGCAGTCGAGCATGAAGCCGAGTTCGAGCGCCTCGATGAGTTCGGAGTTGTAGCGCTGCGAGGGGTCCTGCACGTTGACGTGCTGGTAGCGCGCCTTGAGTTCGCGCAGGATCTCGACCTGCCGCTCCATGTCGGGGCCGTTGCGGAAGATGCCGACGTTGTTCATCATCGTTTCCTGCAACTCTTTGCGAATGCGCGCGGCGTTCTCAGTGCCGTCGGCGTTCTTGAGGCTCTCGATCAGGGCCAGCGACTCGACTTCCGGGTTTTCCGGCATCGGGGGCATCTCGGCGCTGCGGGCGTACTTGGCGGCGTTGATGCCCGAGCGCCGGCCGAAGACGATCAAATCACCCAGGCTGTTGGTGCCCAGGCGGTTGGCGCCGTGCAGCGACACGCAGGCCTGCTCGCCCGCCGCGTAGAGCCCCTCGATCAGGGTGCCCTGGTCGTCGGCGATGCACTCGCCGTCGATGGTGGTGGGAATGCCGCCCATGGCGTAGTGGGCGGTGGGCTGAATCGGCACCAGATCGCGCACCGGGTCGAGGCCCAGGTACGTGCGCGAGAGGTCGGTGATCTCGCTGAGCTTGTTCTCGATCACGTCTCGGGGCAGGTGGGTCAGGTCGATGTTGACCGCGTC
NZ_CP029494.1_gap29	942683	945867	3184	ACCGTCTCCGCCGCCGCGCTCAAAAGTGTTCCTGCTTGCCGGACAGGCCGGGTCCCTTCAGACCGGCGTGACCACCAGCGGCTGAAATCCCACCGCCACCCGCTCGCCCATGCGGATCATCGTCACCGCGCCCTGCGGCATCGGCAGCACCAGCAGGTCGCGCACCGGCATGGCCGTCAGGCCCGGCATCACGGCGCACAGATCCCCCTTGTAGTCGTTGCGCAGCGCCACCAGGCGGTCGTTGACCCGCACGGTGAGCGGCTCGCCCCGGAAGATCAGCAGCGTATACAGCCCGCTCTCGACTTCCGGCACGCTGCGCGTATCGTCTTTGATCGGCAGCGGCTCGACGTGCAGGCTCAGGCGCACCAGGTCGAGCAGCGCCTCGCTGTGCGGGCGGCTGAGCTGCAAGAAGGTGCGGGCCTCGGCAAAAGCGCGGCTCACGGCGTCGTCGCCCTGCGCGGCGTAGGCCAGCAGGGTCTGGGCCCCCTGCCGGGCGAAATTCAGCAGCGCTTCTGGCGGGGCCGAGGCGTAGCGCGCCGCGCTTTCCGGCGAGACCTTGTCGGGGTTGATGTCGTTGCCGCGCAGCTGCTGGGCCGCCGCCCGCGCCAGACGCAGGTGGGCGTAGTCGGCGCCGGGTTCGAGCAGGGCCGCCGTGAGACGCGCTTCCACCGACAGCGGAAAGAGGTCGGCGTGCGACACCGGACGCAGTTCCAGCGCCAGGTCCTCGCCGACCAGCACCAGGCGCACCGGCTGGCCGCCGAAGCGGCTCTCGGCCTCGGGGCGCTGGGCCGAGAGCCGCACGATGTTCATGCCGTCGTCCTCGCTGAGCCCGTCACCGTCACTGAGCTGCACTTCCCAGCCGGGGTGGGGGGTGGTTTTGCCCAGCGTGACGCGTTTCCAGCGCAGCAGGTGGCCGCGCCAGCGGGTTTCCTCGCCGCCGGGCAGGTGAATGGCGAGCGAGAGCGCCTGCGAATCCGGCTCGCTGAGGCGCAGCAGGTGGCTGCGCGAGAACAGCAGGCCGTCGAGCAGCGGCCATTCGAGGCCCTGCCCGCCGCTGCTGCGCGGCACCACCCGTTCCAGAAACCCCAGCAGGCGGCTGGCGGCGCTGCGCAGCGGCGGCTGCTCGGAAGCGCTGCGCGGCGCGTCGGGGCCCTGCTTGAGCGCCTGAATCAGCGCCTGCTTGACCTCGGCGCTGAGCTGCTCGTGTTCGGCGGCGCGCACCCGGGCCTCGATCAGGTCGCTGCCCGGCGTGCGCGGAAAGGGGTTGTCGGCCAGCTGGGTCAGCGCCGAGCGCACCTGCAGGTAGCGCCGGGGCAGTTCGTCGGCCGGCACGCTGAGCTGGGCCGCCAGGCTCGACAGCACCTGGGCGGCGATCTCGGGGCGGTGCAGCGAGGAAAAGGCGTCGTGCAGCGGCGGCACCGCCGTGCCGGGCGCGCCGCGCTCCAGATTCTCGGTCAGGGCGTAGGCCAGCCGGATGGTGGAGAGCCGGGGTTCTTTGAGCCAGATGCGGGTCTGCTGCTGCGCCTGCGCCCGCAGTTCGGCGTGAAAGAGCGCGGCGCGCAGCCGGCCGAGCACCGTCCACTCGTTGCGCGTCTGCGACTCGGCCTGCTCGCTGAGCTGGCTCAGCTGGGCCTTGAGCGCCTCCGGCACGGTGTTCAGGGTGCCGAGGTCCAGGCCGCCGACTTCCAGCGTGCCGAGCGCGCCGGACTCGTCGCTGCTGAGGGCCGGCAGGTTGCTCAGCGCGTCGGCGGCGTTTTTCTGGTGCTGCCGCCAGATCCGGTCGGCCACCCGCACCCGGCGCGACATGGCCGGATCGAGCGCCGCGCCGCGCAGGTACTCGCGCAGCTCGGCCAGCGACCGCCTGCCGCCTTTGGGATCGCGCCCGGCCTGGATGTCCGCCACTTTATATTCGAACAGCTCCACCAGTTCTGCGTCGCGGGTCACCTCCCCAGTATAATTGCCGGCTTCACGGCGGTCGCGCTGCCTTCACGGGGCAATGGGGGCAGGCGGGGGCCCTTGGGGCGGGTCATGTCAGGCCCGCGTGAGACTCCGTCCGTTATAACTGAGCGTACATGGCTGCCTTTTTTGTTCTTCGTCTCGCGCTTCGTGATGGACTGCCGGTCAGGGGCCGGCGATGAACGCCCTGATTACCATCACGCTGCTGTGCGCCCTGTTCGTGGTGGCGGCCCTGCTGCTGATTCGTCCCGGCGAGCGGGTGCTGGCGCTGGGCGTCGCGGCACTCTCGCTGCTGGCCGGAGCGCTCCTGGCCTTCAGCGGCAGTGTCGAGCGCGCCCAGGGCCTGCTGGTCTGCGCCCTGGCCCTCAGCGGCGGCGCGGCGCTGATGCTCGGCGGCGACCGCAGCGCCCGGCCGGTGAACGTGGCGCGCACCAGCGCGCCCAAGCGGCCCACCAACGTCACCCAGCAGCGCTACGCCACCAAGGCGCCCACCATGACCGACCTCAAGTTCGCCGACTACGACGTGCTCGACCGCATCGGTATCGGCGGCATGGGCAGCGTCTACCGTGCCCGGCGCAAGCAGGACGGGCGCACGGTGGCCCTCAAGGTGCCGCAGGAGAAGTACCTCGCCGACGCCAAGTTCGTCAAGCGCTTTTACCGCGAGGCCGAGGTGCTCAAGCGCTTCAACCACCCCAACATCGTGCGGGTCTACGATTACCGCTCGCAGGGTGACGAGTACTACATCGCCATGGAATTTCTCGACGGCGAGAGCTTGGAGACGGTGCTGGAAAACAAGCAGCTGTCGTTCGGCGAGACGGTGCAGATCATCCGCTCGCTGGCCGACGCCCTGCGCCACATCCATACCCAGAACGTCGTTCACCGCGACATCAAACCCGCCAACGTGATGGTGATGCGCGGCGCCTTGCACGACGGCAAGCTGCGCGAGGGCGGCGTGAAGCTGATGGATTTCGGCATCGCGGTGGGCAAGGTGCTCACCCGCCTGACCATGACCGGCGCGCGGGTCGGCACGCCGATCTACATGGCCCCCGAGCAGGCCAAAGGGAACCGGGTCGATGCCCGCAGCGACGTGTACTCGCTGGGTTTGCTGGCCTACGAGATGGTCACCGGCCAGACCGCCTTCCGGGGCAGTTACGAAGCGGTGGTGCACCAGCAGATTTTCGAGTCGCCCAAGCCGCCCAAGCAGGTGCGGCTGGAAGTGCCGGGCAAG
NZ_CP029494.1_gap30	1026072	1029655	3583	TCGCCGACCTGATCGAGCAGATCGGCTTCGCGCCGCTCGACAACGGCACCCTGGAAGACAGCAAATCGCAGCAGCCCGGCACGCCCATTTACGGCAAGGAAGCGAACCTGAAGCAGGCGCGCGACATCCTGGGACGCGGCTGAGCCCAAAGCAGCTTAAGCTCACCTGACCGCGCTTCTCAGTCCGGCCCGCCATGCTGAGGGCCGGAGGTGCTTTACCATGTCGGAACTCAGCAACCAGAAACGTGACGAGTTGAAGCGCAGCGACTTCGCCTATGTCGATCAGCAGGGCGAGCGGCATCTGCCCATTCACGACGAGGCGCACGTTCGCAACGCGGTGGCGCGTTTTTCGCAGACCCAGTTTGGCAGCAAGGAGGCTAAGCAGCACGCCGCCCGACAGATCGTCTCGGCAGCAAAGCACTACGGCATCGACCTCAGCGACGATGACGCCGTGGTTCACGCCGCCCATGCCCACGACTGACTGAACGTCAGCTGAAGGCTGGGTGGGCGCTCGGCCGGGGAGATTGATCTCCGCTTAAGAACCTTCACGACCGCGCTGGCACCACGCTGAATAAGCTCAGCTATGGATTCTCCGATTGCCGACCTGGCCGGCCTGACCCTGGAGGTCAATTCGCTCGACCGGGCGCTGGTGTTTTACCGAACGCTCTTCGGCCTGGAAGTCGGTGACCACGACGCCGAGCATGGCTGGGCCACCTTGCGGGTCGGCCGGTTCCAGACCCTGACCCTCTGGGAGCCGGTGACCCGGCGGCCGTACAAGCCGGAACTGGAGGGCCTTCATCCGCGCGGCGCGGCGCACCTGCACTACGCCTGGCAGATTCTGCCGGACGACTTCGACCTCTGCCGTCAGATTCTGGCCGCGCACGGCTGCACCTTCGAGGAAATCGACCTCGGCACTCCGGAGCGGCCGGATGTGGGGTTGTACTTCTTCGATCCGTTCGGGCATGGCCTCGAACTGCGGACCGTGAATCCGGACGATCCGCGCCGCCCCCGCCTGCCGCTGGGGCAACGGCCTGCGTCCCACTCGCCCGGCGACGCCCTGCCGGTGATCGGACTGCGCGAAGTAGCGCTGGCGTTCGGCGATTATCCGGCCATGCTGGAGCGGTTGCCGCGCGCTTACGGCTTTGCGCTGGCCAAGGAACAACCCGACCGCGACTTCGCCCAGTTTACCCTGGGGCCTCAGCCGGAAGAAGACGGCAACGGTACCCCCCGGCGCTGGCTCTACGCCTGGGACCCGCAGGTGGGCCTGGCGCAGATGCTGGGCGGCGACCACGCCCTGGTCGAGTTCTACGCCGACGTGCCGGCGGTGCTCGAACGGGTGCGCCGGGCCGGGTTGCCGCACCTGAGCCTTCCTTCTGGGCTGGCGGCGCGCGACCCGGAAGGCCACGTCTTTCTCTTTCGGGAGGTGCCGGAATGAACCGTTCGGCTGCACCTGCACATACCGAGTCCTCCGCTTCGCCTGCACGCCGCTCCGTGAACTGGCGCTGGCCGCTGGGTCTGGCCCTAGTGTTGCCGGTCGCCTACCAGACCCGTTTTCTGCGCTTCCCGGTGGACGGCTGGCGACTCACCCAGGTGGAAGACGGCGTCGGGCCGCTGACCTACCGCTCGTACTGGCTGGACATCCGGGGCAGCACCCTGACGCCCGAGTCGGTGGTCACGGACGTACTGCAGCGCCTGCCCGAGCACCTGCCCTCGGCGCTGGCCCACTTCCGGCGTGTTCGTCCCGGTCTTGAGCCGACCCGGACCGGTGACCGCTTCACCATTCTGATGTTCGGGCTGCGCCGCGCCCGGGTCGAGGTGGTGGAGCGCTCACCACGGCATTTCCGGCTGCAAACGCTGCGCCAGCACTCCGAGTCCGGCTGGGTCGAGTTCACCTGTGATCTCGAGGGCGACGTGGTGCGGATCACCGTGAAGTCACTGGTGCGGTCGAGCAGCTGGGGCGACCGCCTGGCCTACCTGTTCGGGGTGGCCTTCCTGCAGCGCCTGACCTGGGAATCGGGCATTCGCAGCGCCTGGAAAGCGGCGGGCGGCACCAAGGTGGCCCACGGCACCCTCACCGAGGAGTGGCCCTGATTTCGCGCTGGGCTAGGCCCGCCGCCGCTCGCTGAGCACCGTCAGCAGCGCCACGCCCGCGCTCACCTCGGCCGTCAGCGGTCCGCCCGCTGCCTCGTTGCTGACGGTCCAGCCGCTGCCCAGCGGCACCTCGGCGCCGTGCAGCGGCCAGCGTGCGCCGCGCAGGTTCAGGCCGCGCAGCGCCGAGGCCGCCAGGACGCTGAAAATCTGTCCTGCTTCCAATTCGAGCTGTACGGGCTCGCCCGGCAGCAACGGATACCCGGCCTCGTCGCCGCTGTGCAGCGTCACCGGCAGGCCCTCGGCGCTCAGGCGGCAGGCCCCCAGGGCCAGCGCGAAGGCGTGGTCGAAGCGGCCGCCGAAAGCGCCGAGCACCACCAGCTCGGTCGCGCCGCGCTGCCGGGCCACCTGCACGGCCAGCTCGGCGTCGGTGCTGTCCTTGGCCGCCGGATACACCTCGCGCGGCGCGTCGAGGGTCAAATCCTGCGACGAATCGAAATCGCCTACCCAGGCGTCGATGCGCACGCCCAGTGCGGCGGCGTGGCGCGCGCCGCCGTCGGCGGCGATCACGATATCGGGGCGGGGCAGGGCGGCCAGCGCCGGGGTCAGGGTCAGCCGCCCGCCCACCAGAATCCAGGCGAGCATGGCGGCCACTCTAGCGCCTGCTTCTGGTCAGACGTTCACGGCAGGTTCAGCGCTTTTCGCACGTCGGAGAGCAGCGTCTCCACATTCTTGCTGAGGGCGTCGAGCGCGGGCGTGCCGCTGCGCAGCGGATTGAAGGCCGAGAGGTACACGATGCGCGGGCCGCTGCGGGTGTTGAGGCTGCCGGGATTGCTGACCGCCAGCTGCGCGAAGTGCTCGCTGCCGTCGGGCAGGGTATAGGTCAGGCCCACCAGCCGGTACACCCCGGCGTCCTCGCCGGGCATGGCGCTGAACTTCATTCTGGCCGCTGCCGCGAGCGTGTCGGCGCTGGCCGCCGCGTTGATGGCCTTGACGTTCACCGGGTTGAGCGGGTCGCTGGTGAACAGGGCGTTGACGTCGTCGAAACTGAGGGCCTGGAGGGCGCCGCCCAGCAGCTGCACCACGCTGAGTGCCTGCTGATCGCTCAGGGCGCTGTTGGCCGCTGGGGTGGTCGGAGGGGCCGGGGTGCTCTGGGCGACCTGAACCGGAGCGGCGGTGCCGAGCGGCGCGCCGGGGGCCACCGTCAGGTAGGCTTTCAGCGCCGCGCTGCCGGTGAGTTTCTGCACCAGTTTTCCGGCGCAGTCAGCGGCGGCTTTGCTCTCGTCGCTGCTGAAATTGACGCTGCTCCAGCCGTACCCCCACGAACTGTAGCCGGTGCTGGCTCCCTCGCAGGTGTCCTGCCAGATCACCGTGCCGCTGGCCGCGTCGTCGACTTCCAGGCTGGCCTTGACCACCTTGGCGCTCAGGCAACCCACGATCGGCAGGCACACCCCGCCGCCGCCGGTCACGTCGTTGATGCCGGCCTTCATGACCAG
NZ_CP029494.1_gap31	1045544	1047679	2135	GGGCCAGCCGGTCATTCTCAATGGGGGTCCAGGGAGGACAAAGGACGTAGCGGGGGGCTGGACAAGGCCACGCCCTCTCCTTCCAGACAAGCAAGCACCCCAGCCACTTGGACTGGGGTGCTTTTCTTTGGTTGCAGGGACAGGATTTGAACCTGCGACCTCCGGGTTATGAGCCCGACGAGCTACCAGACTGCTCTACCCTGCGTTAACTGCTGGCCCCGGATTTCCGGCGCTCAGGAATAGTACCGCCAGCTTTGCGAACTGTCAACCCCGTGTGGTGCAAGGTCATGAACCTGGGCGAGGGCAGGTACTGGTCCGCCGCTTGATTCGCGCCCCCGCCACCCTGTATAGTTTCTTCTTGGCCGCAAGTGGGGCCGGGCACCAACAGCGCTCAGCCGAGCTGAGCGCGGCCCAGACCCCCAGACGGCGACGTTTCTAGCCACAAGGCAAGAAATTGTCGGCCGGGCTTCAAGGAGAACCATGCCGAAAGTAAAGACCAAGAAAAGCGCCTCGCGCCGCATCAAGATCACGGCGACGGGCAAAGTCATGGCGTTCAAGAGTGGCAAGCGCCACCAGAACACCGGCAAGAGCGGCGCGGACATCAGCAGCAAGGGCAAGGGCTTTGTGCTGGCCAAGAGCGAATGGGCGCGCATGAAGGCCATGCTGCCGAAGGGGAAGTGAACTAGATGCCACGCGCCAAGACCGGGATTATCCGCCGCCGCCGCCACAAGAAGGTGCTCAAGCGGGCCAAGGGCTTCTGGGGTTCACGCTCCAAGCAGTATAAGATGGCCTTCCAGACGCTGCTCAACGCGGCGACCTACGAGTACCGCGACCGCCGCAACAAGAAGCGCGATTTCCGCCGCCTGTGGATTCAGCGCATCAACGCCGGCGCCCGCCTGCACGGCATGAACTACTCGAACTTCATCTCGGGCCTCAAGCTCGCCGGCATCGACCTCAACCGCAAGGTGCTGGCCGATCTGGCCGCCCGCGAGCCGGAAGCCTTCGCCGCCCTGGTGGCGAGCGCCAAGACCGCTCAGGGCAACAAGAACGCCGCCTAAACCGCGCCGACCAAAGAGCCGCTCCTTCGGGGGCGGTTTTTTATTGCCCTGCGGTGGAGGAGGGGAGAGGGTAAGGCGACTATGGCGGCAAAAGCAGGCGGGGCCGCGCTTCAATGACGGCGCGGCCCACGTCCGAGCGCTGACGCGCCCTAAACACCCGCTATTTCCCGAAGTACTCCGGCAGGTCCTCGCGGTTGATCAGGACTTCCCTGGGCTTGCTGCCCTGGTGCTTGCTGACGATGCCCATCGCTTCGAGCAGGTCCATCAGCTTGCCGGCGCGGGCATGCCCAACCGAGAGGCGGCGTTGCAGGCGGCTGACGCTGCCCTGGCCTTCCTCGATGCAGATCTCGGCCGCCTGCCGAAGCAGCGGGTCGGAGAAGTCCAGGTTGGCCTTGTCGTGGCTGGGACCGCCGCTTTCCACCGCGCCGTCGAAGTCGGGGCCGTACAGTTCGACGAAGGCGTCCTCGAACACCTGCCGGCGCAGTTCCTCGGTGATGCGGTTGGATTCGTCCTCGCTGATGTAGGGGCCTTGCAGGCGAATCGGCTTGATCAGGCCCGGCTGGTAAAACAGCATGTCGCCCATGCCGGTGAGGCGCTCGGCGCCCATGCTGTCGAGGATGGTGCGCGAGTCGTGCGAACTGCTCACCGCGAAGGCGATGCGCGCCGGCACGTTCACCTTGATCAGCGAGGTCAGGATGTCCACGCTGGGGCGCTGGGTCGCCAGTACCAGGTGCATGCCGGTGGCGCGGGCCATCTGCGCCAGGCGCATGATCGCCGACTCGACTTCCTTGGGCGAGGTGATCATCAAATCGGCCAGCTCGTCAATGATGATCACCAGATGCGGCAGCTCGGTTTCGTTCACCTGGCGCATCTTGGCGTTGTACTGCTCCAGGTTCTTGGCGCCGATCTGCGACATCATCTTGTAGCGCCGCTCCATGTGCGCCACCGCCCCGAGCAGTACCCCGGCGGCGTCCATCGGGTTGGTGACCACCCCGCGCACCAGATGCGGAATACCGTCGTAGGGCGTGAGCTCCACCATCTTGGGATCGATCATCAGGAACCGGAGCTCGGTGGGCA
NZ_CP029494.1_gap32	1144610	1146775	2165	GCGGTCAAGAGCGGCAACGCCGTGATCCTGCGCGGCGGCAAGGAAACGGTGCGTAGCAACGCGGTGCTGGTGCGCCTGATCGGCGAGGCGCTTTCGCAGCACGGTCTGCCGCCCGCCGCCGTGCAGGTGATCAGTGACCCCGACCGGGCCCGAATGCTCGAACTGCTGCGCCTGGACGATCTGGTGGACGCCATCATTCCGCGCGGCGGGGCCGGGCTGCACCGCTTCTGCGTGGAGAATGCCACCGTGCCGGTGATCGTGGGCGGGGTGGGCGTGGTGCACCTGTACCTCGACGAGAGTTACGTGCAGGACGAGGCCGGGATAGAGAGCGCCTGCGAACTGATCGGCAACAGCAAGGTGCAGCGCCCCAGCGCCTGCAACGCCCTCGACACGCTGCTGCTGACGCCCACCTCGGCGCGGCTGGCCCTGCCCGACGTGGCCCGGCGGCTGGTGGCGGCGGGCGTGGAGCTGCGGGCCGATCCGCTGACCTACGAGCTGCTTCAGTCGCACGGGATCGCGGCGGTGCCGGCCCAGGAGGACGACTTCGGCCGCGAATTCCTGGCCCTGACGCTCAGCCTCAAGACGGTCGCGGGCCTCGGCGAGGCGCTGGACTTTATCGCCCTCCACGGCAACCACACCGACGCCATCCTGACCCGCGACCCGGTGCAGGCCGAGCTGTTCGTGCAGAACGTGGACAGCGCCGCCGTGATGGTCAACGCCTCGACCCGCTTCAACGACGGCGCCCAGCTCGGCCTGGGCGCCGAGGTGGCGGTGTCCACCCAGAAGCTGCACGCCCGCGGCCCGATGGCGCTCACCGAACTCACCACCACCAAGTGGGTGGTGCGCGGCGAGGGGCAGGTGCGCGGGTAGCTCAGGTTGAGGCGTTGACGAACTTCAGGGCGCCTTCCACGTCCTGCTCGGCGGCCAGCACCGGCACCACGGTGCTCTCTGAGACCTGCGCGGCGTAGCGCACGTCCTCGCCGAGGCCCAGCTTTTCGAGCGTCTGGCCGTGCACGCTGCTCGACAAGGCTTCGAGCGGGTTGCCGGCGCTGCGGCGCAGGGTCAGCGCGATGCGCGCGCCGTCGTCCACGCTGAGTTCGCCCAGGGCCAGCAGGTACTCGGCGATCACGCCCGCCGCGTACACGTCTTCCAGGCCCACCCGCTCGTCGGTGCCGGCGCAGACGATGGCGATTTCTTCGACCGCCAGCGCTTTGGCCCGCCGGGCGGCGGCGTGAGCGTTGGTGAGGGAAGCCAGCAGCACCCGGCTGCCGCTCTGCGCGGCGACGTGCGCGGCGGCCGTGCCGTTGGTGGTGTTCATTACGATGGTTTTGCCGGTGAAGTTCTGCTGGGCGGCTTCCACCGGGCTGTTGCCGAAGTCGAAGCCGGGAATCGCCAGCCCGCCGCGCTCGCCGCCCAGCAGGTAGCTGGGGTGGCGCAGCGGCTCGCCAGCTTCGCCCTCGGCGCCGAGCTGCCACTTGAGGCCCAGGGCGATGTCGGGGCTGGCGGTGAGCAGCAGGGCCTCGGCGCCGCGCTCCAGGTAGGTCACGGCGGTGGTGGTGGCCCGCAGCACGTCAATGACCAGCACCGTGTCGGAATACCCGCCGTGCGGCAGCAGATCGACCCGCAGTTTCACGCCTGCTCCTGGGTCAGGGCGGCGCGCAGGCGCGTCAACCCCAGCGCCGCGCCGCCCTCGCCGAATATGCTCGATCCGGCGACCAGCACGCTGGCCCCGGCGTCGGCCAGGGCGCGGGCATTCTCGGTGCTCACGCCGCCGTCCACCTGCAACTCGGCCGGGCTGCCGATGTCGTCCAGCCAGCCGCGCACGGTGCGCAGGCGGTCCAGCGCCTGCGGCAGGAACTGCTGGCCGCCGAAACCGGGATTGACGCTCATGATCAGCACCAGGTCCACGTCGGCGAGCACCGGGCGCAGGGTGTCCAGGGCGGTGCCGGGATTGAGGACTACCCCGGCCCGCTTGCCCAGGGCGCGAATCAGCTGCACGGCGCGGTGCAGGTGCGGCGTGGCCTCCACATGCACCGTGAGGCTGTCGGCGCCGGCCGAGGCGAAGTCGGCGAGGTAGCGCTCCGGCCGCTCGATCATCAGGTGAACGTCGATCAGCTGGGAGGGCCGGGCGGCGCGCTTGGCGGCCGCGAGAATCGGCAGGCCGA
NZ_CP029494.1_gap33	1149396	1151690	2294	TGGACATTCCCGAGGCCAACACCATCCTGATCGAGCGGGCCGACCGGCTGGGCCTGGCGCAGCTCTACCAATTGCGGGGCCGGGTAGGGCGGCGCAGCACCGACGCCTACGCCTACCTGTTCTACCCGCCGCGCATGACCGAGAACGCCTCGCGGCGGCTGTGGGCCATTGCCGATTTGCAGGACCTCGGTTCCGGGCACCTGCTGGCCGAAAAGGACATGGAGATTCGCGGGGTGGGCAACATTCTGGGCGAAGAGCAGCACGGACACGTCCAGGCGGTCAGCATCGACGTGTACACCGAGCTGCTGGCTGAAGCGGTCGCCAAGCTGAAGGGCGAGCCGATCAGCGCGCCGCCCACCGTCAGCATCGACCTGCCGATCAGCGCCCGGCTCGACCCCGAGTACTTCTCCGGCGACGAGGACGCCCGCATCAGCACTTATGGGCGGCTGTCCGAGGCGCGCACTTTGCAGGCGATCAGTCGGGTGGAGCGCGACCTGCGCAAGAAGTTCGGGCCGCCCAGCCCGGCGGTGCAGAACTTCATCGACCTTGCCAAGCTGCGCCTCACCGCGCTGGCCCGCCGGGTACTGAGCATCGGCGAAACGATGACCGACCTCCAGATCACCTTCGCATACAAATCGCTCGACTACGACGCCAGCGGCTTGAAGAAGTTCCCGCACAAAACCGAGGTGAGCACTTTCCCGCCCTCGGTGAAGATTCAGAAGCGCGGCATCAAACCCGACGACTACGCCCGGACCCTGATCGACGTGCTGGGATACTTCGGCTAGGAAGGCTCCTCAACCCGTGTTTGGCCGTTTTCTGTCACACTTTCCAATATGATTGCGGTGCTCATTCTCCTGGCGATCTTCGGCGGCGTGTCGCTCATCATCCATACCGAAGGGCAGAACAAACTGCGTCTTCTGAGAGAAAAACGCGTGCTGGCCGAGGCCCAGAAACCTCAGGCGCTCCCGGCGCCCGAACCGAGCGACCCCTACGCTGCTCCGGTGCTGGCCCTGAAGTTGCCGGAGCCCCAGCGCCAGCAGGCCCTGGCCCTGTTGTGTCAGTTGCAGGACGCCCCCTCCACCCTGGATGCCCGCAGCATGTATCTAGTGCGGCAGACCCAGGCCGACTACCTGCCGCAGACCCTGCGCGCCTACCTCGATCTGACCGACGGGGCCAGGGCACGGCTGGCGGCACAGGGCATGGATGCCCAGACACTGCTGGGTGAACAGCTCACCCTGATGGTGCAGGGCGTGCAGGAAGCCCTGCGCCTCGATCACGCCGCCGCCGACCGGATGCTCACCCAGGGTCGCTTTCTACGCGAACGTTTTCAGCTGCCGGCCCCTGGCGAGGCCGACCTGGCCCTGCGCGACGAAATGGTCGCCGCGCTTCCGACCCGCTCCTGAGCCTTGTTGTGCGCCAAGAGCGGTGAAAGCCTCAGTCGGCCAGCAGGGCCAGCGCCCCGCGTGCCGGGACGTTGAACGGCTGCGGGCCGTCGATGATGTAACGGTGGCCGCTCAGCGCGTCGCGGTACGTGCCGGTGTTCAGGCCGCCGAGGGGCAGATCGCTAGGCGCTTTGCCGGTGTTCATCAGGATATAAGCGCACTCGCCAGCGAACTCGCGGCGGAAGGCCAGCAACTCGCCCTGGGCGTGCAGCACCGTGAAGTCGCCGCGCCGCAGCGCCGCACTGTGCGAGCGGGCCTCGGTCAGCCGCTGCAGGTGCTGCATCACCTCGCGGTTCCAGCTTTCGGGCTTCTCCCAGGGAAAGGCCCGCCGGCAATCCGGGTCGGGGCCACCGGGCAGGGCGATCTCGTCGCCGTAGTAGATGCACGGGGCGCCCACGTAGGTCATCTGAAAGGTGGTCGCCAGCGTCAGGGCGCTGAGGTCTTCGCCCACGGCGCTCAGAAAGCGGGCGGTGTCGTGGCTGCCCAGCAGGTTCAGCTGCGCCTGCACCACTTCGGGGTGGTACATCCGGGTCACTTCGCTCATGCGCCGGGCAAAGGCGGCGGCGTCCATCGGCGCGACGTGGCCGGTGCCGGAGGCCTCGTTCATGGCGTTGTCGAGGGTTTGCGCGCCGAAATACGCCAGGCAGGGGCGGGTGAAGTGGTAGTTCATCACCGCGTCGAACTGGTCGCCCGCAAGCCAGCGGTGCGCGTCGCCCCAGATCTCGCCCACGATGTAGGCCTCGGGGTTGACGGCCTTGACCCGGCGGCGAAACTCCTGCCAGAACGAATCGTCGTCGATCTCGTTGGGCACGTCGAGCCGCCAGCCGTCGATGCCGAAATGCATCCAGTGCT
NZ_CP029494.1_gap34	1152976	1155735	2759	GCCTTGGCCCTCGGCGAGTTCCGGCAGGTAAAGGGGTAGTAAGTTCAGGTCGCGCAGCAGCGAGACGCCTGCCGCGGCGTTCTCGCTCAGGAGCAGGGCATTGAGTTCGGTGCCCAGGCGCTCGGCAGCCGGCAGCGGCCAGCCCTGCTGCGCGGCCTCGACGGCGAGGCGCTGCACGGTGGAGCGGGTCTGGGCTTCCAGGGTAAACCGCAGGGTGGCGCACAGCCGCACGGCCCTGAGGAGGCGCAGCGGATCGTCGCGCAGGTTCTGTTCGCTGACCATTCGCAGGGAGCGGCGTTTGAGGTCACGCTGCCCGCCGGTCGGATCGGTGACACGGCCGCGCTGATCGAGGGCCAGCGCGTTCACGGTGAAATCGCGCCTTCGCAGTTCGGCGCTCAGGTCGCCGGGCAGCGGTACGAAGTCGTGCTGCACGCCGTCAATGACGGCCCGCCAGTGCTGCCTACCCTCGTCGAGGGGAAAGGCCGCTCCGCGCTCGCCTGCCAGGTTGCGGGCCGCCAGCGCCGGATCGGGCGCGGCCCAGTCGTAATCCTTGGGAACCGCGCCGCGCAGCAGGTCGCGGGCCGCGCCGCCGACCAGCACCGCTCTCGGCGGAAAATCGGGCAGCTTGGGGCGGCCGAACATGTCCAGCAGCATAGCGCGGGCCTCTGCCTGCTGGACAAAGCGCGGAAGCGGGTGCTAGGCTGCCTTCCGCTGGGGGCATAGCTCAGCGGGAGAGCGCCTGCTTTGCAAGCAGGATGTCCACGGTTCGAATCCGTGTGCCTCCACCAGCCAGCACAGCAAAAACCCCACTCCGAAAAGTGGGGTTTTTGCTGTGCAGCGCACTTGTGCAGCGATGACCCGTTTTATACACCGTTATGCATAAGCTTAGGCCGTTGTTACAATTACGTCATGTCAAGAAATGTGCTGATTCGTTTTGTTCCACCCGCACCCATTGAGGTTTCCGTAAGCAAGGGCGTCACCTACACGCGGGAATGGGACGGCGAGAAGCTGGTCACATTCCTTCAAGAAGGGCTGGAGATCTGGGCAGGGGAGAAGCACCCTGACTTCGAGCTGCGGGTCTTGGTATCGCGTCAGGCTGAGATCCGCTTTGAGAACTGGAAGCCTGACAAGAAGATGGCCGAGTACTTGCGCCAGGAGATCGGTGACCAGATGAGCGTGGTCATGGAAGGGATCGAGGCCGAAGACTACCTGAGCGAATAAGATAAACCAAACACAAGGTCTTTGCTCGCTTGTCTTCTATGGGCTTTGTTGGCGACAAGCATGTGCGACACATAATGATGGAAGATGTTCCCTATAGGTCATAACTGATCGTTTCTAGCTAGGTTGATTGACTGTAAAAATACTGGAAAGGCCGTTTTGCCTCTTTAAACGACTTTTTTCTACTGAATAATTTAAGGGGCGATATATCCAATCCGTGTATCTTCGTACTCGTGTGTGGCATACCACAGTCCACCAGTTGGAATGGCAGAAAAAGTACCAAGAAAATCCGGCAGTTCCTTTAAGACGCTTCCACTAGAGCTGAGTCTTAAGAGTGCGGTATGTTCAATATTGGATTTATCAAAACCGCTTATCCAAGTGTTACCTTGTGCATCTAGACCGTAAAAATTTTTTATCGACCATTTTCCAGAATTGATTTGTAGTTTCATTTGCTGGATTGAAGAAAGACAGATGAGCATCTTTGATAAAATAGACTTTAGAGTTAAATGGCAGAGCTTCGTAAAAAAGAAATACCGGAGACGTTATACTGTTTGACAGCTAAGCTGTTTCTATCTATAACATAAAGTTTATTATTACTTGAGGCCCAAGCGAAACCATCTTTGAGGATGACGCCTCCAACATTCTCATCAACGCCTGGCACCAGCTCTGCTTTGCCGTTAGGCAAAGCAAATCGCTGAATGCCAAACCTGACTTCCCAATCTCGGTGCTTATCATCAAACTGATAATTACCTGCGCAACCGGAAAAACCACGAGGTGAAGAATACTTCTCAATCTGTTTTGTTTCCGGTTCAAGCCGCATAAATGGTTCGGCTTTTGCCCAAATACTGCAATCCTGTCCAGCTGTAACAGTCCCGCAGTCAATGTTAGCAGGACTGACAAGATTAATATTGAGATCCTGTGTGACTTGAGAAATCCTTTGGTACTACCGAGCCAGAGATTGCTTTGGGCATCTATGCTTTTACTGTCGAGATTGATGAAAGGTCGGGTTTCAGGTACTGGTATACTATGTGGATAAACGAGTATATCTAACTTTTCTTGAATTTTTGTGTGCTTACTTTGAGCAACAATATTAAAACTCTTCTTGATGAAAGGTGCGTTTTCACTAGCATGAAAGACTAGGCTAGTAGTAATTGAACTCCCCGAGCCGGTCAGCTCGATAGTCCTGGGCTCCGCTACCACGCCTTCAGGTAAATCACTCGCCGTCACTTCGACGGGGCCAGTGTAGTCTTTGGCAGTAAGCAGTGAAATGGTGATTTTAATTGTTGAGTCTGAATACATATCTGGTGTTTGATTATTGAGATTAGGGTGGAAACTAAGTATAAGATCATTGATTTTTGGTGTTACGTTTGAGGTTGTCTGGCAGGCGGTAAGGGTGAGGCCCAGGGCGATAATCAGGGATTGACTGATAGAATCTTCATACTATTTACATATATCACATTGAAACTTCATCTCATTTTTAGCAAATGGCGCTCTCGGCGGTTAATGAACATCTCGTCAGCAACGCTGCCTCCAAGCGCGAG
NZ_CP029494.1_gap35	1168767	1172328	3561	GCTATGTCCGCGGTTTGTTGGCGCCGTTGGAACGCAAGAGTATTCAGCCCATGGCTGAACACGTTTGCATACCGTATCAGCGATTGCACCATTTCCTGAATGTCAGTGCGTGGGATACAGGGGCATTCGAAGTTCTGTTGAGGCAGCAGGCACAGCAACTGTGTGGCGGCAAGAACGCGGTCCTGGTCATTGACGACACCGCATTGCCCAAGAGCGGGGAGGCCAGTGTCGGCGTGACTCATCAGTACTGTGGCGCTCTGGGCAAAATCGCCAATTGCCAATCCCTCATCACCCTGACCTTGTCCGATGGCCGTCTCTTTGCACCACTGGGCATGCGGCTCTTCCTTCCCACCTCATGGACCCAAGATCCAGAACGTTGTGGGCAAGCTGGCGTTCCTGCGGAACGCCAGCAGTACAAGTCCAAAAGCGAGATTGCCCTGGAAGAGCTGGACCGAGTACGCGAAGCCGGCGTGACTTTCAAAGTTGTGCTGGCCGATGCTGGGTACGGCATCGGCAAAGCGTTTCGCCAAGGGTTGACGCAGCGGGGCTTGACCTGGGCGGTGGGCATTGTGGGCATCCAGAAGGTCTTCAGCCTGCAGGTGACACTCACCGATCCCCCGCAGCAGACGGGAGGCCGACCCGGAAAACATGCCCTCACCAGTGAGACGGCACAGGCTGTCAAAGATGTGCTGCACGGCTTCCCGCCGTACCGCTGGCATACGGTCAAAGGGGGTAAGACCTCGCGCTGGGTGGCGATGCGCGTGCGCATCGCCGATGGCGTGCCGAACAAACGAGGTCTGCATCTCCCTGGTGAGGAGGTGTGGATTATTGGGGAGAAACGCCGTGGTGGTGTCGTCAAGTATTACGCCACCAACCACCCAGCTGGCACACCACTCACGCACCTCGTCCGTGACATCAAAGCCCGCTGGGCGTGCGAGATCCTCCATCTGCAATGTAAGGAAGAACTCGGGCTCGACCACTTTGAGGGACGCTCACTTCAGGGTCTGGAACATCATGTCGTCCTGGTTCTGCTGACCTTGTTATTTCTTCAGACCCTTCGTTCTCCTCGAGGAGAACGTTCCCAGCAGGATGTCACCGTGCCACAAGCAAGAAGAGCTGCAAGCCACGCTCTCGAGACTCTCCTCCCTGCTCGATGTCCACATTGCGGCGAACACATCAGATGCCCACCGCGCTCTTCAGTCAACCTTCCAAACGCTGCCTGAAAAGCGCAACCTTCTGCAGCAGTCCCGTCGCGTTTGGTCGTACACGAGGACGTCCCCACTCCAGCAGCCGCAGTGCTTGCTGCGGCTGACCATATGCCTCGCAAATCTGTGCGAATAACAGAAAATGGTGTTCAGCATGATACCCACGAATCGAAATGTCCTCAGGAGCAGTGGTCGGCATTTGCTCTACACCTGCCAGGATCTCCGCTCGGAAGACGGATTCGGTCTGGGAGAAGACCAGCCCAAGCTTCTCGTCCAACGGCTCTCGTAGCCAACGTTCACCAACACGGGTGCGAAATGCACACTCCCCCTCCTTCAACGACGACACGGATGAACTGTCCTGGAGCAGGCGGAGTGGATGGGCACCCAGATTGACGTAGAAATGGATGCCATCGTGGCTTCGCTGTACGTTTAAGACCCAGACAAACCCATCGCTTGTTGCGTGCATGGTTTGTCCGCTTCCCTGATATCCGGCGTGTCGTGCCGCATAACTCAAAGCTGGAGGGCAGCGGAACATCGCCATATGGCAGCAATCTAGCGCCACTCTGGTCGACTCTGACAAAGTCCTACTAGAAGAAGTCAGGTAAGAGAGAATAAAAATAGACGAAAACAAAAAATACAATCATTACTCTCGGAAAGTGTAGAGAGTTTAAAAATTTTGGCAACAAAAGATTTCAATAAAATGGTTATATTTGCTCATATGGATAAAAAGGGAAGGAGGAAATCGCAGCCGAATACGACGGCATCCATCTTGTCGTGGAAGTTAAAGTAATTGCCAAGGTGCAGCCGAAAAATACGCCTCTCAATTAGAAAATGGGCAATCAACTATAAATAATCAAGAGGTATAACCCCTAAGTCATTATTGACAGTCAATGCATTCAAGAAATTGCCCGTGCAAATGCGAGCCGATGTTGTTTTACCCTACCAGACGATTCCATACTCGACCGCTAAGGAGTATTGTCTAATCACCACTACACAGCTCTTCTGTATACTCATGGATCATATCAATGGCAATATTTCTAATAGAGAGATCGCAACATTACTAAATTCAACAATTGGGAGAGTAAGTGGTTGCGAAGATATAATAACTTACTTCAGTGCTGAAAATTCGTAGGCGATTTTGATAATTAGGTAGGTACGAAAATAGAAAAAAGTCCCCAGTGCTCTTTGGGGACTTTTGCTTGGGGAGGTGTTACTTGGCTTTGCTGGTTCTCTTGGCAGGTACTTTGGACGCCGCTTTCGTTCCAGCACGGCTGCTGCCGAGTTTCTGCCCCTTGTCGTGGCTGGCCTGCATTTTGCGGCGGGTTTCTTCGGCCATAGCCTTGAAGTCCACCAGGCCCGCTTCGATGTTCTCGGCGGTCGGTTTGATCTTGCCGCCCGTACGAGAAGCCGCCAGACCACGGTTGATCTCGTCAAACCAGGCATCGAATTCGGGCGAAGCTTCGAAGATCATCTCGCGCATGGATTTGGTCCGGGTTTCCTCGGAGTTGCGCACAGCAAATTTCTTAGGAAGCTCGAAACGATCCGGCACGGCGATGGCGTCGAACTGGCCTTCGCGCACGGCGTCACGAAAACGCTTGACGAACGTATCGCTGCGCTGGGGATTGGCCAGCTTGCCAACCTGCTCACTGAGTTTCAAATAAGGCAAGGCGAGGAGTATGGACATCAAATTGTGAAATAGCAAGATCCAGAAAAGATTCAAACCAAAGCCCTCAGCAGAAGCGAGGGCTTTTCCATAGGGAGGCGAGTATGTCCAAAGATGATCATTTCAGTAGCGGGTATACATTCCCTTCATTTCCCTGCGGTCGTCCTCCTACGTCCGCCCGACTGACTTAGACGCTTCACACGGCGAACAAGCCTAGTGAGGCTAAGTACAGCTCCCCCGATACCGTTGGGGCCATAGGGTTCGAATGCCTGTAGGCGCGTGATCTTCCCATTCCGCGTCTCAATCACGAACATCTGAGGAAAACGGAGGTTCATGCCCCCCTTTAAGACGTGGTGCGTGGCAACTTCCACGGCTGCGCTCTGTCTATCGGGGGCATCGAAGAACCGCACGATGGTGAAGCCAAACTGCTTCATCGATGAAAATCCCCAGCGTAGTCCAGCCTCGATCTCTGCTTTGCCCCGCATGACGGGATCAGGGTAGTGCGGATCGGTGAACACCGCATCATCGGCCAGCAAACTGAGAACCCCGTTCAGTTCTTTGCGCTCAACACTCCTAAAGGTCTGCTGGATCAAGTCATGTAACGGTGTGTCCATGTTCCTTGCCTCCTTGCGCGGTTCACTGGGGATGGAGAGCTGTATTTGGCGAGGTAAGAATGCCTAAATACGACATTTT
NZ_CP029494.1_gap36	1198306	1200045	1739	AGCGGTGAGAGGGCCGCCGGGTTGGTGGCTCCTTCGGGCGGATTGGCGGCCTGATTAGGCGCCGGCGCCGGCTGAGCGGACTGAGCGGGAACCCCGCTGAGGGCCTGCAGCAACAGGCTGTCGAGCTTGCCCAGCGAGGTGGCCGGTGAAGGTGGTCGCACCGGGCTGACCTTGATGACCAGTTCGTCGCTGGCGCGCAGCATGATGTTGAACGCCGCCTGACCGCGTTCGGTGGAGGTGGCCGCACTGGTCACGTCGTTGGCGCTCAGATCGATGTGCCCCAGCATCCGGCCGTCGGTGTGGGTCAGCAGCACCCGGTAGGCCTGCCGGCTGACGGCGAACAGTTGCAGGGCCTCCACCAGCGCGACTTCGCTGGAGCGGGTCAGAAAGGCGGTGCGGTGCTCCTCGGGCGGCAGGTCGTCGACCAGGGCCAGTTCGGCAGAGGTGTCGAAGGTGGTGCCCGAGAGTACCGCCGGCGCGCTGCGTTCGTCGTTGAGGGCCGCCATGCTGATCAGCAGCTCTTCGCCGCTGCCGCTCAAGCTGCGCCGGGTAATGCCTGGCGGTCCTCGGCGCACCGTGAACTGCCCGCCTTCCTGCTGAAAGAGGGTCTGCAGCGCCTTCAAGCCGACGTACGCGCCGATGTGCCGCACCGGCCGGAACATGATGTCGGCCGGCTGGCCCTGATCGAAACTCAGGGTAAAGGTGCCGGCCAGGGTGGTGAGTTGCCACAGCAGCGTTTCCTTGCGGCTGCACAGGTACATGAACAGGTCTTCCAGGGAGTCGTAGGTGAAGTGGCCCTCAATGATCGGCCGATGGCGCGAGGACGGCGACCGCGCGGCTCCTTCAGAAACGTGCTCGCTGTTCGGCAAGTCGCTGCCGGATGCTTCGTGTGCCGATTGCGCTGCTGAAATCTGAACCATCACCGCCTCCTCTTCCTGCGCTCAAAGTGCTGGACGCCTCGGCCTGACGCTGGCAACTCGGCCGAGGACTGTTCCGGTGAACCAAGCATGGCGCAGGCGTTCTGGCAAATTTGGCACAAGCCGCCTGGGCGAATAAATGCCCAAGGCAGCAGCCTGGAGCGCTTGCCCGGAGACTGGGCTGGGCCGGTCCGGAGCGCCCGGTTTTTGCCGGGATGTGTCCTTACAATGGGGTGGTGAGCATCGTCATCCTTGATTTCGGCAGCCAGTACACCCGCTTGATCGCCCGGCGCTTTCGCGAACTCGGCACCTACAGCGTCATCTTGCCGGGCAGCGCTTCGCTGGAGCGCATCGAGCAGGAACGTCCGGTGGGGCTGGTGCTCTCCGGCGGCCCCAGCAGCGTGTACGACGCCGCTGCCCCGCGCCCGGCCGAGGGCGTCCTCGACCTCGACGTGCCGATTCTGGGCGTGTGTTACGGCATGCAGTACCTGGCGCACCAGGCCGGCGGCGAAGTCAAGCGGGCCGGCAAGCGCGAGTACGGCAAGGCCGACCTGACCCGCTACGGCGGCCAGCTCTTTGAGGGCATCCAGGGCGAGTTCGTCGCCTGGATGAGCCACTCCGACAGCGTGACCCAGCTGCCGCAGGGCTACGAGGTGGTGGCCGCCACCGAGGACACCCCGGTCACCGCCATCGAGAACCCGCAGACCCGGCGCTACGGCGTGCAGTTTCACCCAGAAGTGGTGCATACCCCCAAAGGCGGGCAACTGCTCGCCAACTTCCTGGACATCTGCGGCGCGGCGCGCGACTGGACCGCCGAGCACA
NZ_CP029494.1_gap37	1237325	1240770	3445	GTCGTTGGCGAGCAGGTGGGCGGCGCGCATGTGACGCCGCTCGCGCCCGGCCCGCGCCAGGTGCAGCTCGATGCGCCGCGCTTCGGCTTCCTCGCGCACCCGCACCGCTTCCTCGTGTTGGTTGAGGCTGCGGCTGCCGTGCCGGATGGCCGAGAGCACGTTGAGGTTGTCGGTGTGCACCGTCAGGGCTTCTCCGGCGGGCGCGTGCCGCAGCGCCTCGACCACCGCCCGCAGTTCGGTGGCGTTGTTGTCGCCCGCCTCGATGCGGCCGTAGAGGTGTTGAGGCAACTGCCCCGGCACCATCAGCACGATGCCGAAGCCGCCGCGCCCGGCCTGGCCCGTCTGGGCGCCGTCGTCAAAACTGCCGTCGACAAAAGCGTGATTCACTGCGGTTCAAGGTAAAGCCTCTCGGGCGCCGCGTTCGTCAGCCAGATGACGGATGGCGCCGCAGAGTAAGAAAACGCCGGCTCCAGAGCGACGCGCCCGCCAGCCGCTCACGTATGATGCACTCGGAGGACTTTGCCTTGTTGCCACAACCCCAAGCGCCCACGCCGCCGCCGTTACCGTCCGGCAACGCTTTCCAGGTCATCTGGCGTAACCCCTACCTGCGTGCGGCCGTCTTCGTGCTGCTGCTCTATCTGGCCTACCGCGTCCTCGGCACGCTGACCCACGTGATTACCCTGGCCCTGATCGCCTACATCATCGCCTACCTGGCCCACCCGATGCTGGTGATGCTCGAGCGGCGCAAGATCAACCGCGCCGTGGGCGTGCTGGTCACGCTGGTGGTGCTGATCGGCTTGCTGGTGCTGGCCTCGGGACTGCTGGTCACGGTGGTCAACCAGATCGCCGATCTGGTCAAGCGCTTGCCGGACCTGACCCGCGAGTTCGTCGATCAACCCTGGTTCATCAGCTTGGTCAAGCGTTTTCCGCCGCTGGCGAGCCTGCGTGACCGCATCGCCGAGTTCAGCCAGAACGGCGCGGCCGGCGTGCAGCAGTACATTCAGCCGTACCTCAACAAGATTCTGCCTTACCTACAGGCCAACAGCGGCGCCTTCTTCGGCAGCGTGCTGAGTATCGCCGGCGTGGTCGGCGAGGGCTTCGCCGTGCTGATCATGAGCATCTACATGATGCTCGACTACGAAAAGATCGGCCTGAACTTCCTGCGCCTCTTTCCGCGGAACTGGCAGCCGTTCGTGCTCGACCTCTCGAAGAACGTCGGGCAGGCGGTGGGCGGCTACCTCAAGGGGCAGCTGATCATCGCCGCCTTTGTGGGCATTTTCATCGGGGTGGCACTGAGTTTTGCCGGTATACCCAGCGCGCCCGCCATCGGGTTTATCGCCGGGGCCTTCAACATCGTGCCGTACCTGGGCGTGGTGATCGGCATCGCGCCGGCGCTGCTGCTGGCGGCCTCGGCGGGCGGCCTGATCAAGATCATCATCGTGGTGGTGGTGTTCGTGGTCGCCAACCAGATCGAGGGCCACCTGCTCTCGCCGATGGTGCTGGGGCGCACCACCAACCTGCATCCGGTGACGGTGATCATCGCCATCCTGACCGGCCTCACCTTGATGGGCATCGTGGGCGCGCTGCTGGCCGTGCCGCTGGCGGCGCTGGGCAAGCTGCTCTTGCAGGAGTACTACTATCCCAGCCGGGTGTACAAAGAAGGCCCCTGAGGACCCCTCTGATCAGCCGGCGCGCTGGGGTCATCCCGGCGCGCCGCCTGCTGTTTGGCCTCAGCGTTGCAGCAGTTCGACCTGCCGGCCATCCGGGTCGAGCACGAAAGCCATCGGGTTGCCGCTGGGGCTGAGGCCCAACTCGCGTGAAAAGGTGGTCCCGCGCTGTTTGAGCAACCCGACGCTGCCCTTCAGGTCGTGCAGGTGCAGGGCGATGTGTTCCTGCCAGGCCGGGTGGGGGCGCGGCACTTCACCGGCCGCTTCGAAAAACTGCAGCTTGCCGCCGTCAAAGCCCAGCACCACCCGCCGAAAGCCCTCGGCGGTCTGGAGGTCTTTCTCGACCGCCGCGCCGAGCAGGGTATAAAAGGCGATCACCGCGTCCACGTCGGCGCTCAGAAAGGAAACGTGTTTGAGGCTGGCCGAGGAAGAGGACGTCATGGCGCTGAGTGTAATGTGCCGAAGCGGTGGGTGGCCCGCGTGCCGCGTGGCAACAAAAAAACCGCCTTTTCCAAGCGGTGATAGAAGAAGTATAGCGCGTTATACACGCTCCGTCAAACTTATGCTCTGGAACGTTCGCGGACGTGCAGGGCGGCTTTCTCCTGGCAGCGGCCGCTCGGTCCCTTCTTTCCCAGCACGCCTTCACATCCAAACCCGTGCGGGGCGCTTAAAACTTGTTGAGTCGCCCGCTCCCGGGGCACTCGGAAGGTCCTCGGGTCGCGGCCGTCTCCGGCGCAAAGGAAGAATCTGGTTCTGTGGGTCGTCTGTCGGCTGAATATCGTCATCGTTTTGCCCAACCGTGGGTTCTGGGTTGCTGGAGCGCAGGTAAAACGCCTGACTCCCCGCCCGAGCGCGTCCTCCTGTCGGCGGCCATCCCGGCACGCGGACCTTGAGAAGACCGGCGAGGTGCTACCTTGAGCGGGAGTGGAAGACACAGATGAAGTCCTGATGGCCCGGATGGCGGGCGGCGACGAAGCGGCCCTGGCTGAGCTGCACCGGCGCTACGCGCCTTACCTCTACGGTCTGGGCCGGCGGATGCTTCGTCAGCAAGACGACGTCGAAACCTGCGTGCAGGACGCTTTCTTCAACGCCTGGAAAGCGGCAGGGCGCTTCGATCCCAGCCGGGCCAGCGTCAAGACCTGGCTGGTCACCATCGCCCACAACCGCATGCTGCAGGCGCTGCGTGACCGGCCCGACACCGGCCTGGACCTCGAAGAATGGGACTCGCCCACCAGCGCGCCGGACCGTATCGAGCAGGTCATCGCCCAGCGGGCGGTCGATATTCTGGGCGAGCCGGAACGGACGCTGGTGGTGCTGGCCTTCTACAAGGGCTACTCGCACACCGAACTCACCGAGCAAACCGGCTTGCCGCTCGGCAGCATCAAGACCTACCTGCGCCGGGCGCTGGCCCAGATGCGCCTTCACCTCGAAACACCGATCGCCCCGTCGGCCACATCCTCATCAAATCCATCCAAAGGAGGTCAGCACGATGCCGAATGAATCCGAACAAGAGCGTCAGGAACAGCTCAGCTTATACGTCTTCGGCTTGCTGGAGCGCGACGAAGCGGCCAGCCTGGAGCAGCAACTGGCCTCCAATCCGGCCTGGCAAAGCGAACTGCGCGCCATGGAAGACACCCTCAGCGCCCTGGCCGAGCCGGTGGCCGTGCCGCCTGGAAGTGCCGAGCGCCTGCTGGCGCGCGTGCGGGCCGATCAAGCGGCGTCCGCGCCGGCCAATAGGTCGCTCGGCGCGTCTCCCGGGGGGAGCGGCCGCAGGTTGG
NZ_CP029494.1_gap38	1243203	1247577	4374	TGGCCGGCGCGGGCGCCGCCGGAATGGTGGCGGGCGCGCTCGGGGCCGGGGTCTGCTGCGCCGCACCGTGGCCCAGAGCCAGCGCCAGGGCCGACGTCAGCGCCAAGCTGAGGCGGCGCGGTCCAAAACGACCTCGTGGTCGAGCGGCGCGCAGCGTCCCGTTCGAATTCGGTTCACTCTTGCTGTTGGGCATCGCCCTTTATCATACGAAGTTTTTTCGCTGCAGACGTGAAGGCCTGTGGCTGGCCCCTCCCCTCATTTGCGGCGGGCCTCAACCGCTGGTCAAGGTGTTCGGCGCGAGGGAGTGGCGGCGCTGACACAAGCGGGTGGCGGCCTCGGCGCTCAGCGCCGCCGCGAACAGGTAGCCCTGCCCGGCCACGCAGTCGAGGGCCAGCAGGTCGCGGCGCTGCTGCTCGGTTTCGATGCCCTCGGCGATGACGCTCAAATTCAGCGCTTCGGCCAGCATCAGAATCGCCCGCACGATGCCGTGGCTGGCCTTGTCTTTGCCGAGGTTGTCCACGAAGCGGCGATCGATTTTCAGGGCGGTGAGTTCAAAGCGGTGCAGCGAGGCCAGCGAGGAGCAGCCGGTGCCGAAATCGTCGACCTGTACCCCGACGCCCAGGGCGCGCAGCGCGGCGATGGTCTGGGCGGCGCTGTCGTGCAGGATGGCGCCCTCGGTGATCTCGATGTTCAGGCCGCTGGCCCGGCAGCCGCTTTTGGAGATGGCCCGCTGCACCTGGCGAACCAGATCGGAATGCTGAAACTGTTGCGGCGAGATGTTGACGTTCAGGCTCAGCGCCGCGCCGGGTTGCTGGCGCTGCCACTCGCTGAGCATGGTGCAGGCTTCTTCCAGCACCCATTGTCCCAGCGGCCAGATCAGCCCGGTTTCCTCGGCCACGGTGAGAAATTCGGCGGGCGAAACCTGCCCGAGTTCCGGATGCTGCCAGCGGGCCAGCGCTTCGAAGCCCAGTAGCTGACCGTCTTCGAGCCGCACCACCGGCTGGTACATCAGCTTGAGCTGCCGGGCCTTGATCGCCGCGCTGAGTTCGGATTCGATATGCAGCCGCCGCATGGCCTGTTCGTGCAGGCTGCAGTCGAACACGGTATAGGTCGAGCTCAGCCGGCTGCGGCGCTGGTGCTTGCTGCTGTACATGCTCAGGTCGGCGTCGCGCAGCACGTCGCTGGCTTCGGGAGAACTGGTCAGGCCCGGCGCGATGCCGATGCTGATATTGACCTGCAGTTCGTACGGCCCCACCGACAGCGGCGCTTTGAGGCTCTTGATCAGGCGCCGGGCCAGGCGCTCGCCGTCGGCGGCGTTGCCGCACAGCAGCAACGCGAATTCGTCGCCGCCCATGCGCGCCAGCAAGGCGCCGGGCGGCACGTTGAGGGCCAGGCGCTCGGCCAGCGCCTGCAGCAGCTGGTCGCCCACCCGGTGGCCCAGGCTGTCGTTGATAATCTTGAAGCGGTCGAGGTCGAGAAACAGCACCGTGTACGGAGCCGCGCCGCGCCGGTTCTTTTCCCAGCATTCCTGCAACCGGCGCTCGAACAAGGTGCGGTTGGCCAGCCCGGTGAGCAGATCGTGCTGGGCTTCGTAGGCCAGGCGCTGCTCGATGAAGTGGCGCTCACTGATGTCGCGTGACGTGGATTGCCAGTGGCCGCTGCGCGAAGGCACCGGCGCGCTGCTGGTCTCGAACCACAGCCAGTGGCCCTGCCGATGGCGCAGGCGCAGGCGCAGGCGGTCGAGTTGCGGTTGATCGCCGAGCAGCTTCGGGCGGAGCGAGGCCTGCTCTTCAGGATGAACGAACGAGAGCGGCGGGTGCCCGATCAGCTCGGCCGGAGTGTAGCCGAGCAGCGCCGTGACCGACGGGCTCACGTAGGTCAGGTGGCCGTCGGGGGCATGCAGGCACACCAGATCGGTCATGCTCTCGGCCAGGAGGCGGTAGCGCTCCTCGCTGAGGCGCACGGCGTCGAGCAGCTGCGCCCGTTCCAGTGCCAGCCCCAGTTGCGCGGCGACCTCGTTCATCAGGTCGAGGTCGCGGGGGCCGAGCGCCACGCCGCCCACGCTCTCGACGTTGAGCATGCCCATCACCTCGCCGCCCACCCGCAGCGGCACCGTCACTTCGCTGGTGATGTCCTCCACCGCGCCCAGAAAGGCCGGCTCGGACCGGACATCGGCGATCAGTTCGCCCTGGCCGGTGTGCACCACCCGGCCCATCACGCCCTGCGAGACCGGAACGCGCTTCAGGGTCTGCGGGTAGCCGAGCTGATGCTGCAACACCAGCGTGCGCCCTTCGAGCAGGTAGATACTGACCAGGGTGTAGCCGAAGGCGGCCACGATGGCGCCGTTGACCGCCTGGATGATCTCCTGCACCCCGACCTCGCGGCTCAGGGCGTTGCGCACCTGGTGCAGCAGCGCCAGTTCGCTGGCCTGGCGCACGATGTCGGCGTAGAGCTGCTGCTCGCGATGCCGGGTGGCGCTGGATTCCAGATCCTGGCGCAGCCGGGCGACGGCGCTGCCCAGGTGCTGGCCCAGCAACTGCATCACGTCGAGGTCCACCTGATCGAGCGGCACGTCGAGCGTCTCGACGCTGAGCAGGCCGATCACCTGATCGCCGGCATGCAGCGGCACGCACAGCTGGCTGATCACGTCCGGGTGGTAGACCCGGTAATCCGGATCGCTGCGGACATCCAGCACCAGCGCGGCCTGACCGCTTTTCGCCACCCGGCCGACGACGCCGTACCCGAACGGAAAGCGCACGCCCTCGAGCTGATAGCCCACGCTGGTCTGCGGCAGAATCTGCTGGTCCTCGATCAGCGCCACGCCCACCAGCGGATACCCGAACACCTGATGGATGCCGCTGGTGATTTCCAGAAACAGCGCCGACAGGTCCGAGGCCGCCGTGAGACTCTGCCGGACCCGTTCCAGCAGCAGCAGCCCCTGCTGGTGGCGTGGCAGCGCCGCAGCGTCAGGCAGCGCCACCTCTTCGGCGTCCACGGTGACTGGGAATTCGGCAGACATGGGCTTCACTGCCGGCATTGTTTCGCATCGGCCCTCACATCTTTATGACGCGCGGGGGCGCTCTTCTAGAACGGCGCGGCCAGCGCAGGGCGGCGCGTTTTATGATGAAGCCATGACCACGCTGAACATGCCGCTGTCGCAGAAAGTCCGCAGCCTCAAACCCTCGGCCACGGTGGCGGTGTCCTCGCGGGCGCTGGAACTCAAGCGCAGCGGCGTGGACGTCATCTCGCTGTCGGTGGGTGAACCGGACTTCGACACCCCGCCGCATGTGGTGGCTGCCGCCAAGGCCGCGCTCGACGCCGGCAAGACCCGCTACACCCAGGTCGGCGGCATTCCCGAACTGCGCGAGGCGATCGCCGCCAAGTTGCAGCGCGAAAACGGCCTGAGCTACGCGCCGGAAGCGGTGATCGTCACCAGCGGCGCCAAGCAGGCGCTGTTCAACGCCCTGTTCGCGCTGATCGATCCCGGCGACGAGGTGCTGATCCCTTCGCCCTTCTGGGTCAGCTACCCGGAAATGGTGGCCTTTGCCGGCGGCGTGCCGGTCCCGGTGACGACCACGCCAGAAAGCGGGTACCAGCTCGACGTGGAGGCGCTGCGGGCCGCCGTCACGCCGCGCACCAAGCTGATCATGCTCAACAGCCCCAGCAACCCCACCGGGGCCGTGTACCCCGAGCAGACCCTGCGCGAGGTGGCGGCGCTGGCCCGCGAGCACGACCTGATCATCATCACCGACGAGATGTACGAGCACATCATTTACGACGCCGAGCACGTCAGCATTGCCCGCTTCGCGCCGGAGCGCACCCTGACCGTCAACGGCGCCAGCAAGGCCTACGCCATGACCGGCTGGCGCATCGGCTACGCGGCGGGGCCGCAGCCGCTGATCACCGCCATGAACGCCATCCAGAGCCAGAGCACCAGCAACGCCAACAGCATCGCCCAGTGGGCGGCGGTGACGGCCATCACCGACAGTTACGCCTTTATCGAGGCCAGTCGCGCTGAGTTTCACCGCCGCCGCGACCGCATCGTGGCGGGCCTCAACGACCTGGGCCTGAGTACCCCTACCCCGCAGGGCGCCTTCTACGTGATGGCCGACAGCACGCCCATTCACGCCAGCGACCTGGAAGCGGCCCGGGTAATTCTCGACGAAGCGCGGGTGGCGGTGGTGCCGGGCGCCGACTTCGGTGCGCCGGGCCGGGTGCGGCTGAGTTACGCGGTGAGTCTGGAGACCATCGAGGAAGTGCTGACGCGCTTCAAAGCGCTGCTGGACGGCCTCTGAACCTTTCCTCACCCAGGTGAAATGCGGTCCGGTACACCAAGTCCGGGCCGCTTTCCTGGTATCCTGACAACATGTCAAG
NZ_CP029494.1_gap39	1383135	1386626	3491	GAGAAGATGGAAGCGGTCCTGGAAGACCCCTACATCCTGATCAACGAGAAGAAGATCAGCAACCTCAAGGACCTGCTCCCGGTGCTGGAGAAGGTCGCCCAGACCGGCCGCCCGCTGCTGATCATCGCCGAGGACGTCGAAGGCGAAGCGCTGGCCACCCTGGTGGTCAACAAGCTGCGCGGCACCTTGAACATCGCTGCCGTGAAGGCGCCGGGCTTCGGTGATCGCCGCAAGGAAATGCTGCGCGACATCGCGGCCGTGACCGGCGGCCAGCTGGTGACCGAGGACCTCGGCTACAAGCTGGAGAACACCACCCTGGACATGCTGGGCAGCGCCAAGCGCATCCGCATCACCAAGGACGAGACCACCATCATCGACGGCCTGGGCGACCAGAGCGAGATCGAAGCGCGCGTCAACGCCATCAAGGGCGAACTCGACAACACCGACAGCGACTATGCCCGCGAGAAGCTCCAGGAGCGCCTCGCCAAGCTGGCCGGCGGTGTGGCCGTGATCCGTGTGGGCGCGGCGACCGAGACCGAACTCAAGGAAAAGAAGCACCGTTACGAGGACGCTCTCTCCACCGCCCGCTCGGCCGTGGAAGAAGGCATCGTCTCGGGCGGCGGCACCACCCTGCTGCGGATCATCCCGGCCGTACGCAAGGCGGCCGAGGGTCTGGTCGGTGACGAAGCCACCGGCGCACGCATCCTGATCCGCGCCCTGGAAGAGCCGGCCCGCCAGATCGCCATCAACGCCGGCGAGGAAGGCAGCGTCATCGTCAACGCCGTGATCAACAGCGACAAGCCGCGCTACGGCTTCAACGCCGCGACCGGCGAGTACGTGGACGACATGATCGCCGCCGGCATCGTCGACCCGGCCAAGGTGACCCGCACCGCCCTGCAGAACGCCGCCAGCATCGGCGCGCTGATCCTGACCACCGAGGCCATCGTGGCCGACCGTCCCGAGAAGCCTCAGCAAGGCGGCCAGAACGCCGGCGGCGGCATGGGCGGCGGCGACATGGGCGGCATGGACTTCTAAACCTAGTCAATCGAAGGCGGGCCGGGGGAAACCTCGGCCCGCTTTCGTTTCACTGGGCCGAAGGCTCCTTAATCTCTCCGGCCAAAAACGCTGCTTTCAGCCGCTGCCAGTCGTCCTGAATCAGCCGGACCGACAGGCGACCCAGCCAGCGGCCTCTGCCGCGCCGTGCCAGAATCTGCCCTTCGAGCCAGTCCGGGTCGAAACCGTTCCACACGCCAGCCACGCTCAGCAGGTTGCCGCCCAGGACCGGCGCCACTTCCGCACTGAGGAGGTGCTCCAGCTCGGTCAGAGTGAATCCTGAGGCGCGGAGCTGCTGCGCGAGTCGGCGGACGTCCGCCGACTCCAGTTCGCTGTCCAGAAACAGTTCCGAGAGGGCCAGCCAGGCGCGGCGGCGTGGCAAGTCGCGGCGGCTCAGGGAAAGGTCCGGCGTCATACCCAAAGGCTAACAAAAGTGGCCACCGACTTCGGCGGTGCTTTCTTCTATGTCACTCTGGCCCTGCTGCTCCGTGACCTGCGACAATGCACGGACATGCTCACGTTTTCTGTGCGTCCTGTGTTGGCCCGCGCCGTGCTGCTCACCACCCTCACCCTGCCCATGTCGCTGGCGGCGCAGGTCAACCCTTCCCTTCAGCCCATTCCCATCGACCCGGCCTGGACGCTGGTGTGGAGTGACGACTTCAACGGCAAGGCCGGAACACAGCCGGCCGAGACCTTCTGGAACTACGACATCGGCAACGAGGACGCCAGCGGCTGGGGCAACCGCGAGCTGGAGTACTACACTCGCGACGCGGCCAATGTGCGCCTGGACGGTCAGGGCAACCTCGAAATCCGCGCCCTCAAGAACACCGCCGATCTATGGTGCTTCAATGGAGACGCCTGCCCCTACACCTCGGCCCGGCTCAACACGCGCGGCAAGGTGGAGGCCCAGTACGGCAAGTTCGAAGCCCGGATTCAGGTCCCGGCCGGCGTGGGCTACTGGCCGGCCTTCTGGATGCTGGGCATGGGCGAGGGGTCATGGCCCGCCAACGGTGAAATCGACATCATGGAGTGGCTGGGCCGCACCCCGACCACCATCTACGGCACCCTGCACGGCCCCGGCTACGCCGCCGACAAGGGCCTGAGCACCCCGCACGAATTGCCCCAGCCGGCCTCGAACGCCTTTCATACCTTCACCGTCGTCAAGCGGCCCGACGAGATCGTCTGGCTGCTCGACGGCCAGCCCTACAAGCGGGTCACGCCGCAGGACATTCCGGCGGGCACGGCCTGGGTGTTCGACCGGCCCTTCTACCTGCTGCTCAACCTGGCGGTGGGCGGCAACTGGTCCGGCCCGGTGGGACCCAAGACGACTTTTCCCGGCGTGATGAAAGTCGATTACGTGCGAATCTGGAAAGCTGCGAACTGACGGGCGCTGGGGCCACCCCAGGCCGCGCTGCGGATTCTTAAGACCGCCGGCTTCAGCGCCGCCGCTCGCGCGTGCCAGAGTATCGGCATGGGCCGCACGACGCTGATCGTTCGCAGCGCTTTCGCCTTTGAAGGCGAGAAGTGGCGGCCGGTCACCGCCCTGCGCTGCGCCCTCGGGGTGGCGATTCCCATTGTGCTGGCCGCGCTCAGCGGCCACGCCGCCTGGGGCGTGCTGGCGTCCACCGGGGCGCTCAACGCGGGACTAGCCTCGTTCGGCGGTGTTTTTCGCAGCCGCCTGAGACTGATGATCGGCGCCAGCGTGATGATGGGGCTGGTGTCGGTGCTGGGCCTGCTGGTGGGCCAAAGTGTTCTGGCCCTCACCCTCAGCGCCGCCGCCCTGAGCTTCGTGCTGGTGCTGTACGGCTCGCTGAGCGCGGCGGCGCTGACCATCAGCATTCAGGGCACCATGGTGTTTCTGGTGCTGTCGGGCCTGGGGTTGCCGCCTTCGCTGGCCTGGCCCGGCGGCGGGATGGTGCTGGCCGGCGGGTTGTTGCAAACCCTGCTGCTGACCCTGATCTGGCCGGTCAGCCCGCATTTTCCCGAACGGCAGGCGGTGGCGCGGGCCTACCGACGACTCGAACGCCTGCTGCTGGCCTTGCCGCAGCAGGGGGACGTGCTGGCCGACCCCGCACCGTTTCAGGAAGCCTGGGACGTGCTGAACGACGCGGGCCGCCTGGCCTGGCGCGGTGAGCACGCGCAGCTGCGCCGGGCGCTGCGCACCGCCGAGGGCCTGCGGGCGGCCCTGGTGGGGTACGCCCGCGCCGACCGCGACTGGCGTGCCCAGGGCGCCTCGGGTGAGGCGCAGGCCCGGCAGATGGTTCAGGCACTGCTATCGGCGCTGCGCCAGATCGGGCGCGAAGTGGGACGCGGCGAGGCGGTGCTGGCCCCGGCCGCGCGGCTGGAACTGGAGACGGCCCTGCATGGCCTGAACCTCACCGGTGCCCAGCCGCTGCGCGAATGGGCCGGGCTGATGGTGCGTCTGCTGGGCGACCTGG
NZ_CP029494.1_gap40	1399777	1403704	3927	GCCGTCGATCCGGCCATCACCGTGATCAGCGTTCTGCCTTCGCGTCTGAGCGCCGACGAACTCGCCACCGAGACCCAGGCCGCCCAAGTGGCCGGCATGGTGGCTTCCGGCGAACTCAGCGAAGCGGCCGCCGAGTCGGTGCTGGAAGGCAGCGCCAGTCTGGAAGAAGTGCTGGAAAGCAGCGAGCAGGACGGCACCTCCGACGAGAACACCGCCCAGCAGTAAGGTCCAACCTGCAGTAGCAAGAACAGCGCGCGGCCCCTCGGGAGCCGCGCATTTATGGTTTATTGGATGTACCGGTCAGGACAGGGTGCTCCTCTCCTCAGCGTTTGAGCACGCCTTCCATCAGGAAGTTGAGGGTTAGGCGCATTTCCTCGGCCAGCGAACGCTCGGTGCCGTAAGCGCTCCAGCGCAGGGCGATGATCAGGTAGGTATCGGCGATGAGGTTGCTCATGCGCTGCAGGCTCAGGTCGCTTCGGAGCTGCCCGGCCTGCTGCATCGGTGCCAGGATCAGCTCGATCACCCGGCTCAGCGGCAGCGCCTGGTAAGCGGTGCGGGCGCGCTCGGGGCTGGGGTTCATCACCTCGTAGGCCAGCGGCGGAATCAAATCGCGTTCCTGGCCGCTTTCCTCGGCGAGCTTGGCCCAGATTTCCTCCAGCACGCGTACCGGCGCTTCGCCCTCGCGCAGCCGGGCCTCGGCGTGTTCGCGCAGCCGGCCCATGATCTGCGAGCCGTAATCGAGCAGCACCGCTTCCTTGTAAGGGTAGTAGTTGAAAAATGTTCCGCGCGAAACGTTCGAGGCCTTGGCGATGTCGGTGGCGGTGGTGGCCTGAAAGCCGTTGTGCTTGAACAGGTCGATGGCCACGTGATAGATCCGCGTGCGGCGCTTTTCTTTCTGACGTTCGCGCAGGGAAAGGGAATCCATAGAAGCTCAAACTACTGTATCGGAGTTCAAATTTGTACGGGGTACAGCGGGGTATGAGCCGGCCGACTACGGCTCGAAGCTGTCCTGAAAGGCGTAGCGGTCGCCGCGCACCCAGTAGTTGACATACGACACCCGCTTGGTGCCGCTGTAGGTGGTGCGGCGTAGCAAGAAGGCCGCCGTGCCCACCGGAACCCGCAGCAAATCGGCTTCTTCCTGGCGCAGGTTCACCGCTTCAAGCGCCTGCTCCACGCGGGTCAGCGGCACACCCATGCTGACCAGCACCTCGTGAATGCTCTCGGCGGCTAGGTTTTGCGAGAGCAGGTCGCCGGCCAGCGCCGCATTGATGTAGCGCTTCTCGATCACCAGCGCCTCGTCGCCAGCAGTTCTCAGGCGGTGAACGAACACCACCGGGTCACCGGACTGCACCTGCAAGACGATGGCGATTTCCGGGGTGGCCTGAATCTGCATGGCGTGCAGCACCCCGGTGCGGTGGTCGGGATGACGCGCCCAGTCCTTGAAGGGCCGCACCCGGAACATGCCCTGGCGAAAGCGCTTGCCGGTGGGGAAGGTGCCGGCCCCCTGCACCCGGTAGACGTAGCCCTCGCGCTCCAGCTCGTCGATGGCGCGCCGGGCGGTCATGCGCGAGACTTCGAATTCGCGGGCCAGCTGCGGCTCGCTGGGCAGCGGCAACCCCTCCTGATAATGGCCGCCGAGCAAGCGGTCTTTGAGCGTGGTCTTGATCAGTGGGTATTTCGCCATCCAGCCCTCCGGTGGAGATCACAAGATAAAGTTCGCCTCGGGCACTTCTCTAGACGAGTGCTGCGCTGACTTTATCTTAACCGAATTTGTGTACTTGTCACACCTGACGTTGAAGCGCGGAGCGAGTGACCTCAGCCGCCGATGTGCGACATCTCGATTTTCTGCACTTTTTTCTGGGTGGCAGCCGTGATCTCGCCGCGTTCCTCGCTGTAGCGGTCGCGCCGCCCCTGCCAGACGCCGCCCAGCAGATCGAGCAGGTCCTCGTCGCTGGCCCCGGCCCGCAGCGGCGCGCGCAGGTCGTGTCCCTCGCTGGCAAAGAGGCAGGTATAGAGTTGCCCCACCGCCGAGAGCCGCGCCCGCGAGCAGTCGCCGCAAAACGGCGCGGTGACGCTGCTGATCACGCCCAGCTCGTGTCCGGCGTCGTCGCCGTAGCGCGAAGCGACTTCGCCGGGATAGCGGGCTTCCAGTGGGCGCAGCGCTTCCCCGTCGCCCGACAGGCGGGCGATCACCTCGCGCGACGGCACCACCTGGCTCATGTCCCAGCCGTTGTGATTGCCCACATCCATGAACTCGATGAAGCGCACCACCGCCTTGCTCCGCAGCGCCTGCCAGACCTCGGCGAGCGCGTGATCGTTGACGCCGCGCTGCACCACTGTGTTGATCTTGACGCCCAGCCCGGCTGTCAGCGCCGCCTCGATGCCGGCCAGCACTTTGTCGGGCTGCACGCCCAAACCGTTCATGCGGCCGAACACCTCGGGGTCGAGGGCGTCCAGGCTGACGGTGACGCGCTGAAGGCCCGCCGCCTTGAGGTCGCCCGCCAGACGCGGCAGCAGCAGGCCGTTGGTGGTCATGGCGATGTCGTGCACCCCGCCGATCCGGCTGAGCTGCTCGACGAGCTGCGGCAGGTCGCGCCGCAGCAGCGGTTCGCCTCCGGTGAGGCGCAGCTTCTGCACCCCCAGCGACACGAACAGGCGCGCGAGCCGGGTGATCTCCTCGAAACTGAGCAGCGCTTCACGCGGCAAAAAAGCGTAGTCGGGGCCGAAGACCTCGGCCGGCATGCAGTAGGTGCAGCGCAGGTTGCAGCGGTCGGTCACGCTGATGCGCAGATCGCGCAGCGGGCGGCCCAGGGCGTCGCGCAGGGCAGGGGAGGAAGCGCTCACCTTCCGGTTATAGCCCACGCGCGGCGGCCATGTGGGGATTCAGGGTGCAATCGGGCTCTGGGGGAGGCGAAAGTAAATTGCGTTATACACTTGAACAGGAAATTAATTTTCAAAGTGTGTTGGCGGTTCGCCGGGCGGGTATAGCATGACGGCACCGACAACCGAGCGCGACGAAAGGGGAAACTTCGCATGACCGACCAAATTGACAACGTGCTTCACGAAACCCGCGTGATCGCTCCGCCCGAGACGTTCGCGGCGCAGGCCAACATCAGCCGCGAGGAGTACCAGCGGCGCTACCGCCAGAGCCTGGAAAGCCCCGATGCGTTCTGGAGCGGGGTGGCCGGCGAACTGAGCTGGATGAAGCCCTGGACCCAGGTGCTCGACTGGCAGGAGCCGCACGCCCGCTGGTTCGTGGGGGCCCAGACCAACATCGCCTACAACGCGCTGGACCGTCAGGTGGCGCTGGGGCATGGCGACAAGCGGGCCTTCATCTGGGAAGGCGAGGACGGCGAGGTCCGCACCTTCACCTACGCCGAACTGCTGCGCGAGGTCAAGAAGGTCGCCAACGCCCTGCAGGCGCTGGGGGTGCAGGCTGGCGACCGGGTCACGCTGTACCTGCCGCTGATTCCCGAAGCGGCGATGAGCATGCTGGCCTGCGCCCGTATCGGCGCGGTGCACAGCGTGGTGTTCGGCGGCTTCTCGGTTTCGGCATTGGCTGACCGCATCAATGACGCCCAGAGCAAACTGCTGATCACGGCGGACGCCGGCTTCCGCAAAGGTGCCCCCGTGCCGCTGAAAGCCAATGCCGACGCGGCCGCCGAAGCCGCGTCTTCGCTGGAAAAGATGCTGGTCGTCCGGCGTGCCGGTACGGACGCCGCGATGAAGGAAGGGCGCGACGTGTGGTGGCATGACGCGGTGGGCCAGGCCAGCGACGAGCACGAAGCGGTGGCCCTCGACAGCGAGCACCCGCTGTTCATCCTCTACACTTCCGGCAGCACCGGCAAGCCTAAAGGGGTGCTGCATACGACCGGTGGCTACATGGTCGGCGCCTACCTCACCATGCAGACGGCCTTTGACCTCAAG
NZ_CP029494.1_gap41	1414023	1416550	2527	GCTGTTGCCACTTTCGCCCGACAGTTGCCCCGGCGTGGAGCTTCTTTATTGGAGCAGTTCTCACGCTATTTCAATTATCCGAACATCAGCCGTTTGCGTGACGAGTCTGATATTGAGAGAATGGGTGTCAAAGCCTTCTTCTTCTCTAATGTTTGCTCGGCAGTGCAAGCTGACATATTCTGGAAAGTGGGCGGCTTTCCCGAACACGTCATTATGAACGAGGATATGACGCTGGCGGCTAAACTCTTGAGAGCAGGCTATAAGATCAAATATGTGGCGGAATCAGAAGTTATACACTCGCACGACTACACCCTCAAGCAGCAGTTCCGGCGCAACTTCGATGTGGGAGCCTTCTTTGCTGAGGCTGGCCAGTTGCTCTCAGGGGCAAGCGTAAGCGGCGAGGGTCTACGCTTCGTGCATGAGCAGATGCGGTATGTCCTGCGGCATGGCCGCGTTGAGTTGCTGCCGCTGGTGTTCATTGAGGCGGCCACCAAACTCACAGCTTTTCAACTCGGTAAGCGCCACCGCTTCTTACCAATTTCACTCAAGAAGAAATTGAGTATGCATAGCTATCACTGGGATCAGACCAAGGAGAAAAGATGACGTTCGGCAACCTGCTCATCACCGGCGGCTGCGGCTTTATCGGCAGCAACTTCGTCCGATACTGGTTAGAACAACACCCTGAAAGTAAGGTCGTGGTCTACGACAAGCTGACTTACGCGGGCCGCAAGGAAAACTTAGCCGATCTGTGGGACAGCCCCAACCTCAGCCTGGTGGTGGGCGACATCGGCGATATGGAAGCGGTGCGCCAAGCATGTACGGAGCACCAGATTGATCTGATCGTCAACTTCGCTGCCGAGACTCACGTGGACCAGAGCATCCTGGGACCGTTGGTGTTCACCGACACCAACGTGCGCGGCACCCATGTCCTGCTGGAAGTGGCCCGCGAACTGGGCCTGCGGCTGCATCACATCAGCACCGACGAGGTCTACGGCCACATCAGGGACAACCACCAGAGCATCGAGACCGACGAACTTTCTCCACGCAGCCCCTACGCCGCCAGCAAGGCCGCCGCCGACCAGCTGGTGCAGGCCTACGCCATCACCTATGGCCTGTCGGTAACCATCACGCGCGGCGCCAACAACGTCGGTCCCTACCAGTACCCAGAAAAGGCCGTGCCGCTGTTTTCCACCAACGCCATTCTGGGCGAGGCGATTCCGGTGTACGGTGACGGCCTGCAGATGCGCGACTACGCCCATGTCTACGACCACTGCACTGGCATCGAGACGGTGCTGCTCAAGGGCCAGATTGGCGAGGTCTACAACGTCGGCACCGGGCGTGAGATGACCAATCTGGAGATGGTAGACATCGTGCTGGACACGCTCAGCAAGGACCACAGCCTGGTGCGTCATGTGGCCGACCGCCCCGGCCACGACCGGCGCTACAGCATGAATGTGAACAAGCTCAGGGGGCTGGGCTGGCAGCCCCGTTACGACCCCAGGCGGGCGGTGGCTGAAGCGGCCCGCTGGTACGCGGACAACCGGGCCTGGTGGGAGCCGATTCGCAGCGGCGAATTCCGCGATTACTACGACCGGCAGTACGCCGAGCGCCTAGCCGGGGCCAAGCCGTGACGCTCAACGCTTCGCCGCGCCGGGGCATCATCCTGGCGGGCGGCAGCGGCACCCGGCTGTACCCGGCGACACTGGCGGTCAGCAAACAGCTGTTGCCGGTGTACGACAAGCCGATGATCTATTACCCACTGACCACCCTGATGCTCGGCGGTATCCGCGAGATTCTGGTGATTTCCACGCCCGAAGATACCCCGCGTTTCCGCCAATTGCTGGGCGACGGTTCGCAGTGGGGCATTCAGCTCGAATACGCCGTGCAGCCAAGGCCTGAGGGTCTGGCCCAGGCCTTCCTGATCGGCGAGGACTTCGTGCAGGGCGTCGAGAGTGCCCTGATTCTGGGTGACAACATCTTTTACGGCAACGACCTCTCGGACCTGATGCAGTTGGCCGATCAGAAACAGCGCGGCGCGACCGTCTTCGCCTATCAGGTGGGCGACCCGGAACGCTACGGCGTGGTGGAATTCGACGACGCCGGCAAGGTCATCTCGCTGGAAGAAAAACCGGCCCGCCCCAAATCCGACTTCGCCGTGACGGGGCTGTATTTCTACGACCAGCAGGTCGTGGACATCGTCAAGAGCCTGCGCCCCTCGGCGAGAGGCGAACTGGAGATCACCGACGTGAATCGTCACTACCTCAACGAAGGGCTTCTCGACGTACAGACGATGCGCCGGGGCTTTGCCTGGCTCGATACCGGCACGCACGAGAGCATGCTGGAAGCCAGCAGCTTCATTCAGACCATCGAGCACCGCCAGGGCCTGAAGATCGCCGCGCCGGAAGAGATCGCATGGAGACACGGCTGGATCAGCACCGAGATGCTCACCGAGCAGGCGCACAAGCTCGCCAAGAACCAGTACGGTCAGTACCTGCTCAAGGTCAGCCGGGAAAAGCGGGGCGCGCTG
NZ_CP029494.1_gap42	1460176	1463875	3699	CGCTTGGCGTCGTCGCCGGATTTGTGGCCTTTGGGCGGCGCGTCGCTGGGCGGGCCGTCAAGCAGATCGTCGTCGCCGGGACTGCCCTCGCCCTGGCCGTCCTCGCCTTCACCTTCGCCCAGGGCGGTGTACACCTCCTCCACGCTGAGCTGCTCCAGATGCTCGTCGCGGGCGGCGTCCGGCGGAATCGGCAACCCCGCCTGCGCCACCATGCCGTTGACGATCAGGTTGGCGGCGCGGTTCCATTTCTGCTTCTCGCGGGGGCCGCGCCGGGGCAGGTGCGAGAGGGCCGCGTGCAGCACCTCGTGCAGCAGCAGGCCGTCGAAGCTCTCCGGCGCGAGCTGGGCGGCGTTTTCCGGATTTACGTACACGCGCTCGCCGTCGGTGCCGGCCAGCAGCACCTCGCGGCTGGGCACGATGTCGGCGTGCAGCAGCAGGGTGGCGAAAAAAGCGCTCTTGCCGCGCAGCCGCAGCCGCGCCCCCGACACCAGGCGCTCGAACTGGGCGTCGCTGCGCGGCCCGCCGGGCAAACTCACCTCAGGCCTCGGCCAGCTCGGCGGCGCTGCCCACCAGCTCGGCGAGTTCCGGGTCGCGCTGCATCAGCTCGACCAGGTCCGCCAGGTGGCCCTGTGCCTGGAACTTGCTGACCAGGGTCGCGACGTAGAGCTGCAACCACTCCGGTCCGGCGCCCGACGCCAGCCAGCGAAAGGCGTTGTAGGCCTCGGCGGCGTTTCCGGCGCGGGCGGCCAGACCCACCACGGCGGCGTAGCGCACGCTCGGCTCGGGCGGGAGCCTCAGGCCCACGCCGCCGCCCTGCAACACGTCGCCCAGGTCGGGAAGCTGCTCGTAGAGGCGCACGAAGGCCGCGAACTCGGCGCCGGCCGCCTCGCCGATGGCTGGGGCGATGTCGAGCCCGGCTCTGTGCAGCCCCGAGGCCATTTCCCAGGCGCGCGGGCTGGGCCACGCCGGCTGGGTGGTGTCGAGGCGGTGGAGCAGTTCGGGCCGAAAGGTCAGGAAGGCGATGATCTGCTCGTGGAGGTTGCGGCCCAGCGCGTAGCTGCGCCACGAATCGAAGTCGCTGCGCACGCTGAGGTGCAAAAAGCGGTTGGCCAGCGGCGCGGGCATGTCGAACACGCTGGCGCGGTCTTCCTTGCGGTTGCCGGCGGCCCACACGAACCAGTGCGGCGGCAGCTCGTAGCTGCCCACCTTGCGGTCGAGGATGAGTTGCTGGGCCATGCCCTGCATGGTGGGCGGGGCCATGTTGACTTCGTCGAGAAAGAGGATGCCGCGCCCGCCGGTCGGCAGGAATTCCGGCGGATACCAGCGCGACACGCCGTGCTCGGCGACCGGCAGGCCGCGCAGATCGGTGGGCGCGAGCTGCGAGAGGCGCACGTCCACGAAGTCCAGATCGTTGGCCTGGGCGATCTGGGCCACGATGCTCGATTTGCCCACCCCCGGCGGTCCCCAGATCATGGTGGACAGCGGCAGGTTCTGCTCGACGAGGGCGGTGAGGTAGCGCTGAAGTTCGACAGGGGTCAGGGTCAAGGGTGGGTCCTCCGAAGAAGGCGGCCCGCTTGCGGTGGGGCCGCCAGAATCATCCTGAGCCTAGCGTCTGGCGAGGGCGTCAAAGGGGTGACGTGGCGCTTTGCCCATCTTCCCTACGCCCTGCGGTGAAGGAGAGCCTTTTGGCGGCGTCCGGGCCGGGCCGCTATGCTGGCCTGACTCACTCCTCCCCGCTCCGGCTGGGTATACTCTGGGCCTACTTCTTTTGACTCGGTTCAATTTTTCTGCTTACGTTCCCTGCACCCGGAGGTTGCCTGTGCTGCCGCTCAGTTCCAAGATTCTGTTTTTCGTGTATGCGCTGGTGTTCGGCGCCCTGGGTCTGTGGGGGTTCTACCGCCTCTACCTGCGTATTCATCGGGGCGCCGCCGCCGCCGAACCCCGCGCCGACGTGCTGGGCCGGCGCCTGATCGACGCGGCTATCAGCTCGCTGACGCAGGAGCGCACCTTCCGCCGCCGCAGCGCCATCAGCACCTTCCACGCCTTTATCTTCTACGGCTTCGTGTACTACCTGCTGGTCAATCTGGTGGACGCGCTGGAAGGTTACCTGCCCTTTGCCATCACCTCGGCGTCGCCGCTGGGGGCGGTGTACAACCTGCTGGCCGACGTGCTGAGTTTTCTGGTGCTGCTGGGCGTGGTGGCGCTGGTGATCCGGCGCCTGTTTTTGCCTTCCAAGCGCGATTTCCGCTTCAACGGCAAGAGCTTGCTGCACCCCTGGGTCAAGAACAACTACATCCTGCGCGATTCGCTGATCGTCAGCGCTTTCATCGTGTTCCACGTCGGCAGCCGGGTGCTGGGCCAGGGCGCCAAGGTGGCGCTGGAAGGCGGCGATTCGTTTCAGCCGTTCTCGACGCTCATAGGTCACACGCTGTTCGGCGGCCTCTCGGCGTCCGCGCTGGAAGGCTGGCGGGTCTTCGGGTACTGGGGCGCGCTCGGCTCGGTGCTGGCGTTCCTGGCTTACTTTCCCTACACCAAGCACATCCACATCTTCATGGCGCCGCTGAACTACACCTTCAAGCGCCCGGTCAATTCCGGCACCCTGCCGCCGATGAAGGGCCTGGACGCCATGATGGAGCAGGAAGACCCCAAGCTCGGCGCCGAGAAGCTCGAAGACCTGGAATGGCCCCGGCTGCTCGACGCCTACGCCTGCATCCAGTGCAACCGCTGTCAGGATGTCTGTCCGGCCAACGCCACCGGCAAGGCGCTCAGCCCGGCGGCGCTGGAAATCAACAAGCGCATGGCACTCAACGAGATCGCCGCGCACCCCAGCCCGTTTACCCTCAAAACCGCCGCCTTCGAGCAGGGCGGCATGACCGAACTCCCGCTGCTGGAGTTCGCCATCAGCGAGGAAGCGGTGTGGGCCTGCACCACCTGTGGGGCCTGCATGCAGGTCTGCCCGGTGCAGGACGAGCAGATGCTCGACATCATCGACATTCGCCGCCAGCAGGTGATGGTGGCCGGCGAGTTTCCGCCACAGCTTCAGAGCGCCTTCCGCGGCATGGAGCGGGCCCAGAACCCCTGGGGCCTCTCGCGTGACAAGCGTTTCGAGTGGGCCGACGGCCTCAAGGTGCCCACCATCGACGAGAACCCAGAACCCGACGTCCTGTACTGGGTCGGCTGCGCGGCCAGTTACGACCCCGGCGCCCAGAAGGTGGCGCGCAGCTTCGTGCAGCTGCTCGACAAGGCCGGCGTGAACTACGCCGTGCTGGGCAAGAAGGAAGCCTGTACCGGCGACAGCGCCCGGCGCGCCGGCAACGAGTTTCTGTACCAGACGCTGGCCGAGCAGAACATCGCCACCCTCAACGAGGTGCGGCCCAAGCTGATCGTGGCGACCTGCCCGCACTGCATGAACATGATCGGCAACGAGTATCCGCAACTCGGCGGCCATTACCAGACCATGCACCACACCACCTACCTCGAAACGCTGGTGGCGGGCGGGCAGCTTCAGATGGCGCCGCTCTCGGCGGCCGTGACGTACCACGACCCCTGTTACCTGGGCCGCCACAACGGCGTGTACGACGCGCCGCGCCACGTCATTCAGAGCATGGGCCTGGAGATTCTGGAACTCGAACGCACCCGCGAGAATTCGTTTTGCTGCGGTGCCGGCGGCGCGCAGTTCTGGAAAGAGGAAGAAGACGG
NZ_CP029494.1_gap43	1541533	1544364	2831	CCGCGACCTACCGGAGGTGCTGGCGCTTCAGGACGCGGTGGTGGTGGCGGTGGGGCGGGCTGGCCTGCTGCGTCCCGAGCACGTCCTGCCCCGGCACGTCGTCGTGGACGCGGGCATCAACGTGACGCCCGAAGGGGTGGTGGGCGACGTGGCGCCCGAGGTGGGGGGCATCGTCCGGGCCTTCACGCCGGTGCCCGGCGGCGTCGGCCCGCTCACCAGCGCCCTGATGTTTCAGAACCTGGTGCGGGCGGTGCGCCTGCAACGCGGCGAACAGGTGGAGTGAATCAGGCTTCTGCCTAGCCCGCCAGAAACTTCGCCACCACGTCGTTCATCGCCTTGCCGTCCATCAGGAAGGCGTCGTGGCCGTGCGGACTTTCGAGTTCCCAGTAGGTCGCGTTGGGCAGTTGCTCGGCCTGGGCCTTCACTTCCCAGGCCGGGTAGAGCTGATCGCTGGAAATGCCGATCACCAGCGCGGGCGTCTGCACGGTGCGGAGTTCCTCGTCGCTGAGCTGAAAGTTGTCCATCGCCTGCGTCAGCGCGAGGTAGCTGTGCTCGCAGAAGCGGTCGGCCAGTTTCTGGCCCTGGTATTCCAGATAGGTCGAGATGGCCGCCTTGCCGACCTGCTGCCGGCTAGGTCCGGCCTGGGTCTGGGCAAAGCTCTGCGGACTGCGGTAACTCAGCATGGCGATCTGGCGGGCCACCTTGAGACCCTCGCCGCCGGGCGCAGCCAGAATGGCGTTGCGGGCCGCCGTGTTGAGGCCGGTTGCCCACGGCGAGTGCCGCGCCGGAGCGCCGATGATCACCGCCCGCTTCACCAGATCGGGAAAGGTGGTCAGCCAGGCGTAGGCCTGCATGCCGCCCATGCTGCCCCCCACCACGGTGACCCGCTCGACACCGAGGTGGTGCAGCAGTTCGCGCTGAACACGCGCCATGTCGCGCAGGCTCAGCGTGCCGGTGCCGATCTCGGCGGGGCCGCTGCTGCCGGAGCAGCCGCCCAGCACGTTGCTGCACACCACGTAGTCGCGCTGCGGGTCGAGCGCCTTGCCCAGCCCGAACAGGCCCGGCCACCAGCGGTGCACGGCGCTGTCGCCGGTCAGGGCGTGCAGCACCAGCACCGCCTCTGGCTGCGGCGTGCCGTAGGCGTGGTAGGCCACCCGCACGTCGCTGAGCACCTGCCCCGAATCGAGCAGCAGCGGGCGCTCACGAAACAGCGTCGCCGTACATCGCGGCGTCTCGGGCGGCGGTGCTAAGCGGACCGGGACGGCCTCCACCGCCGTCACACCTGCTCCAGCACGCCGACCAGGGCCTGCGCGAAGTCTTCCTTGATGTCCTCGATGTGCTCGATGCCCACCGACACCCGCACCAGGCCCGGCGTGACGCCGCCGCGGGTCTGGGCCGCTTCGTCGAGCTGCGAGTGGGTGGTGCTGGCCGGGTGAATCACCAGCGTCTTGGTGTCGCCCACGTTGGCGACGTGCTGGGCCAGCTTGACCCGCCCGATGAACGCCTCGCCCGCCGCCCGCCCGCCGCTGAGCTCGAAGGTCAGCACGCCGCCCGCACCGCGCGGCAGGTACTTCCTGGCCCGCTCGAAGTGCGGGTGGCTTTCCAGGCCCGGATACGTCACCTTGCTGACTTCCGGCTGCTGACTGAGCCACTGCGCCAGGGCCAGGGCGTTCTGGGCGTGGCGCTCGCCACGCAAGGAGAGGGTCTCCAGCCCCTGAATAAAGTTCCAGGCCTGCTGCGGAGCCAGGGTCGCGCCCTGATCGCGCAGGCCCTCGGTGCGGGCGCGCAGGATGAAGGCCAGGTTCGGCAGGCCCAACCCGTTGCCTTCGCCGAACACTTCCCAGAAGTTCAGGCCGTGGTAGCTGGGGCTGGCCTCGGTCATCAGCGGGTAGCGTCCGTTACCCCAGTTGAACCTGCCGCCGTCCACGATCACGCCGCCGATGCCGTTGCCGTGCCCGCCGATCCATTTCGAGGCGCTCTCGACCAGGATGTCGGCGCCGTGCCTCAGCGGCTGGGCGAAGTAGCCGCCAGCCCCGAAGGTGTTGTCCACGATCACCGCCACCCCCTGGGCGTGGGCGGCTTCGGCAATCGCCTCGAAATCTGGGATGTTCAGCGCCGGGTTGCCGATGGTCTCCAGGTACACGGCGCGGGTCTTGTCGTCGATCAGGGCAGCGAACTCCTCGGCCCTTTCCTCGCCGGACGTGAAGCGCACCTCGATGCCCAGGCGCGCCAGCGTCACCTTGAACTGATTCACCGTGCCGCCGTAGAGGTTCGGCGTGCTCACGATGTTGTCGCCCGCCTGCGCCAGCGTGGTGATCGCCAGAAACTGCGCGGCGTGTCCGCTCGCCACCGCCAGCGCGCCCACCCCGCCTTCCAGGGCAGCGATGCGCTGCTCGAACACGTCGGTGGTGGGGTTCATAATCCGCGAGTAGATGTTGCCGAACGCCTGCAACCCGAACAGCTTGGCGGCGTGTTCCGGCGACTCGAACACGTAACTGTTGGTGGCGTAGATCGGCACGGCCTGCGCGCCGGTGGCGGCGTCGGGTTTCTGACCGGCATGGACCTGCAGGGTTTCGAAGCGTTGCTCGGACATGGGTAAGCCTCCGGGGATGCTCAGCGTTCGCGGCTGAGAAGAGTGTTTCCGGGGCCAACAAAAAGCCCCTCGCCTGACTGGAGGGAGGGACGCGGTATATGCGCGCTGAAAAACCCTGCCCTTATCGTTCCCATGCGCGGTCATCGTTAACGCTTGCGCTGGGTCTGGAAGAGCACCGAGTACCGTGATGAGGGCCGGTTGCTGCGCCGTCGTCGAGCCAGGTCTCTCGGGCGCTCTG
NZ_CP029494.1_gap44	1565632	1568346	2714	CACGGACGCGGGCCGCACCCTACGCTACCGCCGTCAGGGCCAGGGACCGCCGCTGGTGCTGATTCACGGCCTGAGCGGTTCGGGCCGCTGGTGGCGTTTCAACACCCCGGCCCTGAGCGCCGACCACGAAGTGCTGACCCTGGAACTCATCGGCGGGGTGGGGGTGCAGGCCGCCGCCCGCCTGATCGTGGCTTGGCTGGAGCACCTCGATCTGCCGCCCGCCGCCGTGGTGGGGCACAGCATGGGCGGCCAGATCGCTTTGTACGTGGCGGCCTTCGCGCCCGAGCGGGTCTCGAAGCTGGTGCTGGCCTGCGCCAGCGGTCTGTTGCGCGCCAGCTGGTGGAAGGTCGCGCTCAATCTGCCGCGCGCGGGATTTTCGGGTCGCCCGCGCTTCGTGCCGGTGGTGCTGCGCGACTCGCTGAGAACCGGGCTGCCCAACCTCTACCGCTCGGCCCGCGATTTGCTGCGCGACGACGTGGAAGCGCTGCTGCCCACCATCGCCGTGCCGACGTTGGTGATCTGGGGGGCGCGCGATCCGCTGGTGCCGCCCCGGCTCGGCCAGCATCTGGCCGGCAGCATTCCCGGCGCGCAGTACGTCGAGCTGCCGCGCGCCGGGCACGTCGTGATGGTGGACCAGCCAGCGGCCTTTAATGAGGCAGTGCTGGACTTTCTGGCTGAGAGAGCGTGAACAGCGCGGCGATGCGCCCCACCCGAGCGGGGAAGGCCCACTTCAGCATGATCCGGGGGCTGCGGACCCACGCCCGCGTCTACGGCGACGTGCAGGCCCAACCGATCGTGATCGTGCCGGGGCTGGGTTGCGCTTCGTGGATGTACCGCCGCCTGGCGCGGGTGCTCTCGCGCTGGCGCCGGGTGTGGGCCTACGATCCGCCGGGACACGGCTTCTCGCAGGGCCGCCTGGATTATCCCTGCCGCATCGAGCAGCTTACCGACCACCTGGCCCTGTGGCTGAGCGCCAACGGCCTTCAGCGCGCTCCGCTGCTGGGCCACTCGCTGGGCGGCGAGGTCATCATCGATCTGGCGGCGCGGTATCCGCAGCTGGGCGGCCCGCTGATCGCCTGCGCGCCCACCGGCATTCCCGAGAACCCCAGCGTGCTGGCCCAGCTGGCCCGGCTGACGCTCGACATTCCGCGTGAGCGCCCCTCGCTGTGGCCGCTGAGTGCGGCGGCCTACACCCGCGCCGGCCCGCTGCGCTTTTACCAGCTGGCCAGCGACCAGTCCCGCCACGACACCGGCCCGCTGCTCCCGCAGGTGCGCCGCCCGGTGCTGGTGCTCGACGGCACCGCCGATCCGGTGATCCGCTCCTGGACCGTCGAAACCCTCACCCGCGCCATTCCCGGAGCGCGCGCGGTGCAGGTGGCCGGCGGCACCCACGCCCTGACCGATTCGTACCCGATCGAGGTGGCGATGCACACCCTGGATTTTCTCGAAGACCTGGCCGGGCGCTGAGGCGGGCGGGCAGCGCTTTACACTGATCCCGATGACGCCGCCCGACGCTTCCGATCACGCGCCCGATCTACCCGAAGCTGTGCCGGCCGGCCGCCTGCACGGCCTGAGCGACGGCGTGTTCGCCATCGTGATGACCCTCCTGGTGCTCGAACTGCGCCTGCCGGAACTGGCCGGTGAGGTCGGGGCGCTGGGCCCAGCGGCCCAGAACGCCGAGGTGCTTCAGGGCTTGGCCGACCTCACCGGCAAGCTCTCGATCTACTTCATGACCTTCGTGGTCACCGGCCTCAGCTGGCTGGGCCACAGCCGCCTGTACGCCCAGATCCGGCAGATCGACCAGCGTCTGGGCTTTCTCAACGTGCTGTATCTGATGATGGTGTCCTTACTGCCGTTCAGCGCCGCGTTGATCGGCGAGCACGGCAACGTGCCGGCCGGCATCGCGCCCTACGCCCTCAACCAGATGCTGATCAGCGCCTCGTTTCTGGTGATGCTGCGCCGAACCCGTCAGCAGGAGATCAACGCCCGCCCGGAGGTTGCCTCACGCCTGCAGCAGCGCTCGGTGCTGAACTTGGCGGTGTTCACCGTGATGCTGGGGCTGGCCTTCATCTGGTCGCCGCTGGCCTGGTTCACGCCGTTTCTGCTGCTGCTGGCCCACCCGCTGCTGGGCCGCTGGCTCCGGCGCCGCCCGTCCTCAACCTTCCCCTCATAAAGTCGCCTGCTAGAATGCGGCCCGTGTATACCAACCGCCGCGCGCACTACGAATACGAACTGCTGGAGCGGTTCGAGGCGGGCATCAGTCTGACGGGCAGCGAAGTCAAGAGCATTCGCGCCGGGGGCGTGGATTTCCGCGACGCCTTTGCCCGCCTGCAAGGCCACAACCTTGACCTGGAAGGGCTCTACATTCCCGAATATAAAGATGCCAGCTACAACAACCACACGCCGCGGCGCACCCGCCGCCTCCTGCTCAACCGGGGCGAAATCGAGAAGATCGAGCGCCAGCTCAAGATCAAGGGCCTGACCCTGATCCCGACCCGCTTGTACCAGAAGGGGCGCTACTTCAAAGTCGAGGTGGCGCTGGCGCGCGGCAAGAAGCTCTACGACAAGCGCCGCGCCGAGGCCGACAAGGAAGCCCGCAAAGAGATGCGCAGCGCGTGATCGGGGCCGCCGTGTTCCGCGACCTGCGGCTGCGCGCCGCTTTGCTGGCCGCCTTACTCCTGCTCGGCGTGGCCGGCGCGCAGTACGCCTACAGC
NZ_CP029494.1_gap45	1599558	1601908	2350	AGGCGCTCTCGATCATCCGCCGGACCCTCGAGAGTGGCGAGCTGCCGCCCAACGTCTCGCCCGACACCCAGCCGGTCGAGTGGGGCGACGACCTCGGCGCGCCGCACGAAACCATCGTCGGCTCGAACTTCGACCGCCCGGTGATCATCGAGCGCTACCCGGCGGCGATCAAGGCCTTTTACATGCAGCCGGACCCGGCCGATTCCCGGCTGGCGCTGTGCGACGACATGATCGCGCCGGAGGGCTACGGCGAGATCATCGGCGGCTCGGAGCGCATCCACGACTACCAGCTGCTCAAAAACCGCATCGACGAGCAGGGCCTGCCGATGGACGCCTTCGAGTGGTACCTCGATCTGCGCCGTTACGGCAGCGTGCCGCACGCCGGCTATGGCATGGGCCTGGAGCGCCTGATCGCCTGGATCTGCGGCATCGACCACATCCGCGAGGCGATTCCCTTTCCCCGGATGCTGACCCGGATGTACCCCTAGGCCGCCTCAGGAGCAGCCATCAACGAAAGGACAGCGGCGAACCCTTTAAGGAGTTCGCCGCTGTTGCTGTTGCTTCGGGAGTGTGGGATTCCGGGGCTCATGCCGAAACGTGGCGCTGGGCAGGGCTCAGCTTCAAGGCGGCGAGCAGGCGGCCAAACCAGTTGTGGGCGATATGCTGGGCGCGGACCTCGCGCAGCAGTCGGGCGTGGCGGGCCTCGTCGCGAAGCGCTTGGAGGCGGGAAACGGCGTTGTACGAATCGGCGTTGGACATCATGGCTCGCTCTCCTTTCAGCGCGGGAAGGTGTTTCCTTTGCTGGTGAGTCCATGATGCGCCGCCGCACGACGTTACAAATCTGCCGGGTGGCGCAGGTGCGGCGCTGACCGTTTGGCTTAGCGCCGCTAGGCGTTCAGTCGGCGGCGACCGGCGCGTCGAGCCCGAAGGCGCCGTGCACCGTGCGGGTGGCGCGGTCGACATCCTGGCCCTCGATCGCCACACTGATGTTCAGCTCCGAGGACCCCTGCGAGATCATCAGGATGTTGATGTCGTCGCCGGCCAGCGCGCCGAACAGGCGGGCCGAGACGCCCTTGGTGCCGCGCATGCCCGCGCCCACGATCGCCAGCACCGCCACCCCGCGCTGCACGTCCACCTGCAGCTGCCGCCCGCCCATCGGCGGGGTCAGGGCCGCCAGGGTGCGCTCCTCGTCGCTGCCGAGAATCACCAGCGAGACGTTGCTCATGCTGCTCGACTGCGAGACCATCAGGAGGGTGATGTTCTCGCGGGCCAGCGCCGCGAAGAGGTCGGCCACCACGTCCGGCACGCCCAGGATGCCGGCGCCCGAGACGTTGATGATGCTGACGTTGCGAATGGCCGTCACCGCCTTGACCGGATGCACACCGTCGGTGTGGGCGTCGCCGGTCACCAGTGTACCGGGAAAGTCCGGGTCGGCGGCGCTCTTGACCCGCAGCGGAATGCCGGCGTCCTGCAACGGCGTCACCGCCAGCGGGTGCAGCACCTTGGCCCCGAAGTAGGCCAGTTCCATCACCTCGCCGTAACTCAGCTGGGCGATGTTCTGGGCGCCCGGCACGCTGCGCGGATCGGCCGACATCACCCCGTCGACGTCCTTCCAGGCCCACACTTCGCTGGCGTGCAGCGCTGCGCCGACGATGGTGGCCGAGAAATCGGTGCCGCCGCGTCCCAGGGTGGTCACCGCGCCCTTCTCGGTTTCGCCCATGAAACCGGAGATCACCGGGGTCACGCCCGCGTCGAGCAGGCCGCTGAGCCGGTCGCGGATTCGCCCGGCGGCGCTGGGCAGCGGCCTGGCGCTGCCGAAATGGCTGTCGGTGACGATCCCGGCCTGCCCGCCGGTGAGGTGGTGGGCGCGGTGGCCCCAGCGTTCCAGCGCCACCGTCATCAGCGGGGCCGAGAGGCGCTCGCCGAAGGCCACGATCAGGTCCTTGCTGCGCGGGGTGAGCTCGCGCAGCAGGTACACGCCATAGACCGCCTGCCGCAGCGTTTCGAGCAGTTCGCGGATCTCGCGCGAAACGCTGCTGTCCGGCGCGGCGCCGAGTTCCTGGGCCGCCGTGAAGTGGCGGGTACGCAGCGCGGCGATCTGGTCGTTGGCCAGGGCGATGTCGCCCTTTTCGGCGGCGTCGGCAATCGACAGCAGCTGGTTGGTCACGCCGGCCATCGCCGAGACCACCACCACCACCCGCACCCCGGCGGCGAGGCTGCGTCCGGCCAGGCTGGCCGAGTGGCGGATGGCGGCCGCGTCGCCCATGTTGGTGCCGCCGAATTTCATGACCAGGAGTTGAGGCGTCTCAGACATAGACAGCAGTGTACGTTGGCGCGATTTGAAGGCGAG
NZ_CP029494.1_gap46	1785879	1787777	1898	GTCTGAATGGTTTGCGTGCCGGGTTTTTCGATCATGGACGGTCTCCTCTTTCTGAACAGCGCCTGGGTGAGTTGCTTCAGAATACGCGCCGCACCGGTCAAGCGTTGCGGACTGCCAAGCGTCAAACACCAGCACGAAGCGCCCACCCGCTGGGGGAAGGCGCTGAGGAGTGGGCCGTAAACTTCAGGCGCTTAAGTACTGAGCGTATTCCTTACGGAACTTGACCACCTTGGGCGTGATCACGGCCGCGCAGTACGGCTGGGTGGGGTTGTTGGCGAAGTAGTTCTGGTGGTAGTCCTCGGCCACGTAAAAGGTGGTGGCCGGTTCCAGGGTGGTCACGATGGCCTTGTCGTAGATGTTGCGGGCGCGCAGATCGTCGATGAAGGCCTGCACCTCGGCCCGTTCCTGTTCGGACTGGTAGAACACCGCCGAGCGGTACTGGGTGCCGATGTCGTGGCCCTGGCGGTTGAGCTGGGTGGGGTCGTGGGTGGCGAAGAAGATGCCCAGGACATCGCGGTAGGGAATCACGCTGGGATCGAAGGTGAGGCGCACCGCCTCGGCGTGGCCGGTGCGGCCGCTGCACACCTGGTTGTAGGTGGGATTGGCGACCTGACCGCCGATGTAGCCGCTCTCGACGCTGTGAACACCCTTGACGCCCTGAAAGACAGCCTCGGTGCACCAGAAGCAGCCGCTGGCAAGAATGGCGGTTTGAAGTGAAGTGGAGTCGCTCATGCCGACAGTCTGCCGCGCACCTGCCAAAAACAAGGCGCGAAGCGGCACCATTGGGCTTGAGAAAACGTTGGGGGAGAGCGCCGGGCAAGCTGCTCCCTGACGCTCCCTTTCCGCCGCATGCTCAGCGGCCGGCGATCTTGATGCGCTTTTCGAGCTGATCGGTAAAGAGGGTCATCACGGTGGTGAGCGCCAGGTACACGGCAGCCACGGCGGTGAGCACCGGAATCGGCTGGAAGGTCTCACTGCTGACCCGCTGACCTGCCAGCGTCAGTTCGACCAGCGCGATGGCCGAGGCCAGCGAGGAGTCTTTGAGCAGGGCCACCAGGTTGTTGACCAGCGGCGGCACCACCACCCGCATCGCCTGCGGCAAGATGACGCTGCCCATCGTCTGCGCACCGCTCAGGCCCAGGCTGCGCGAGGCTTCGCTCTGCCCTCTGGGAATCGCCTGAATGCCGGCGCGGATCACCTCGGCGTTGTAGGCCCCGACGTTCAGCGACAGGGCCACCACCGCCGACCAGAATTCGTTGAGCTGCACGTTGATGCCGATGCTCTGCAAGATCGGCGGCACCGCGTTGTAGACGAAAAGAATCTGCACCAGCAGCGGCGTGCCGCGCACCAGCCAGATGAACACGCTGGCCGGCGCGCGCACCCAGCCGCTGACGCTGGTTCTCATCAGGCCCGCCGCCATGCCGACCACCAAGCCGATGATGCCCGAGACCACCGTCAGGTACAGGGTCGTTCGGGCGCCTTCCACGAACAGGTCGGCCCGCGAACCGATCGGTTCAGGCATCAAGCGCATCACCACGGTAATCAGCAAGAACAGCAGATAAAAGGCGACGCCGGCGCCCAGCAGCCACAGCACCAACGTCCAGCCGCCCAGCGGGGTCGATCTGGGCGCGGCCGTTTTGGGAGCTGGAGCGCTCAAGGCACCCTCCACATCGGTAAGTCGTTGAACATTTGGTCTATTGTCTCACAATTGAAACCGGAGATTGAAAAACGCCTGCGCTCCGGTGGGAGGCAGGCGTGCTCGCCAGTCGCTTCAGCGGCAGCGAATGTCCTGGCCGAAGTACTGGTTGCTCAGCTTGGCATAGCTGCCATTGGCTTCGAGCTGCGAGAGGGTCGCGTTGAGTTCCTTGAGCAGGCCCAAATTCCCCTTTTTCACGGCC
NZ_CP029494.1_gap47	1796373	1796955	582	CACCACCGCCAGAATGGCCCCGCCCTGAATCACCACTTCGAAGGTATCGATGACGTTTTTTTGCCACGGCACCCGCAGGAGGTCACCCGCCACGATCAGGTGGCCGGTCGAAGAAACGGGAAGGAATTCGGTGAGCCCTTCCACGATGCCGAGAATGATGCTGTAGAGCCAATCCATGTCGCCGGGCAGCTTAGAGTATTTACGTAACGTTTAAGTAAAGTGATGGGCCGCTAAGCTGGGGGCATGCCCGCCGCGCCGAAATCCGCTGCTCTCCAGCCGCCACCTGCCCCGCTTCTGCGCCGCGCCGGGGAGGTGCTGGCGCAGCTCAAAACCGCCTACCCCGGCGCGCGCACCGAGCTGGAGTACCGCAATCCGTTCGAACTGCTCATCGCCACGGTGCTCTCGGCCCAGGCCACCGACAAGAGCGTGAACGCCGCCACGCCAGCCCTCTTCGCCGCTTATCCCGACGCCGCCGCCCTTGGCGCGGCCAGCTCCGAGGACGTGGAGCCGCTGATCAAGAGCATCGGGCTCTACCGCACCAAGGCGAAGAATCTGGTGGCCCTCTCGGCGCTGCTCGTCGAG
NZ_CP029494.1_gap48	1871449	1874821	3372	TCTCCACTGACCGTCTCTGGTCCATCGCGGTACTGACGCCGTCGGTGATTTTGCTGGCGGTGTTCGTGTACGGCTTTATCTTCCGCACCGCCTACACCAGCCTCACCGACTGGGGCAACGATCCGGCCCAGGCTTTTAGCCTCACGCCGATCATCCGCTTCATCGGGCTGCAAAATTACCACGACCTGTTTACCAGCAGTCTCAACAGCCGCTTCCGGCAGGACCTGGTCAGCACCCTCTTTTTTACGGTCTTTTTCATCGCCGGTTGCCTGATCCTGGGCCTGGGCATGGCGCTGCTGCTCGACCGCAACCCCAAGGCCGAGGGCCTCTGGCGCACCATCTTCCTGTTTCCGATGAGCCTGTCGTTTATCGTCACCGGCACCATCTGGCGCTGGATGCTGCAGCCGCAGGGCGGCCTCAACCAGCTGTTTCACCTCGACCCGGCGACCAACGGCTGGCTGACCAGCCGCGAGTCGATCTGGAGTTTCGACTGGAACAAGATTCCGCTGATCACGGCGGTGGTCGTGGGCTTGGCCCTGCTGTGGGTGGCGTGGCGGGCCGTGCGTGATGGCCAGCGCACCCGCACCTGGGTGGCGGCGGGCTGTGCGGCGCTGCTGCTCCTCTGGGCGCTCGTGATCGGGCCGAACGTCAAGCTGCTGCCCTCGCCGGAACTGCACGGCTTCAACATCGCCTTCATCGGCATCATCATCGCGGCGGTGTGGCAGATGAGCGGCTACACCATGGCGCTGTATCTGGCCGGGCTGCGCGGCATTCCCGAGGAACTGCGCGAGGCTTCAAGAGTGGACGGAGCCAACGAGTGGAACACCTACCGCCACGTGATCTTTCCGCTGCTGGCCCCCATCACCTTGTCGGCCATGATCATCCTGGGCCACATCAGCCTCAAGATCTTCGATCTGGTGTTCGCCATGACCGGCCCCGACAACGGCCCCACCGACGTGCCGGCCCTGCTGATGTACATCACCTCGTTCAGGCAAAACGCGCTGGCGGTGGGCGCGGCCATCGGCACGGTGCTGCTGCTGCTGGTGGCGGTCATCATCATTCCTTACCTGGCCAGCCAGTTCCGCACCCAGGAGGGCCACGCATGACCTCGACCCCGCTGAGCCCGGTGCCGGCGAGCGCCACGTCCTCGCACAAATCCTCGCGCTTCTCGCTGGGCCGAATCCTGATGTACGTGGGGCTGAGCCTCGCGGCCCTGTTTTTCCTGCTGCCGATTTACCTGCTGATCGTCACCGCCTTCAAAACACCCGACGCCATCAACCTGGCGACCACCTGGCAACTGCCCAGCTTCCTGAACTGGGCCAGCTTCTCGAACGCCTGGGCCAAGGTCGGCGGCAACATGGGCAACAGCCTCTTTCTGGCGGTGGTCGCGACCGCCATCAGCGCCCTGCTCGGCAGCCTCAACGGCTACGCGCTGAGCAAGTGGAAGTTCCGGGGCGCCAACACCCTCTTCGCGCTGATGCTGTTCGGGATGTTCATTCCCTACCAGTCGGTGCTGATTCCGCTGTTTCAGTTCATCAAGTCGCTGGGGCTCTACGGCAACATCTGGGGCCTGATTCTGGCGCACGTCGTCTACGGCATTCCCATCACCACCCTGATTTTCCGCAATTTCTACGCCGACGTGCCCGACGCCCTGGTGGAAGCCGCCACCATCGACGGCGCGGGTTTCTGGAGCATCTACAGCAAGGTGATTTTCCCCATCAGCGTGCCGGGCTTCGTGGTGGTGATCATCTGGCAGTTCACGCAGGTGTGGAACGAGTTTCTTTTCGCCGCCACCCTGACCTCCTCCGGCAGCCAGCCGGTGACCTACGCCCTCTCGCAGCTGGCCGGCGGGCAGGCGGTCAGCTGGAACCTGCCGATGGCCGGCGCGATTCTGGCGGCGATTCCCACGCTGCTGGTCTACATCGTGCTGGGGCGCTACTTCGTGCGCGGTCTGCTGGCCGGGAGCGTCAAGGGTTAAGGCAAGTGGCAATTCAAAAGGCCCACCTTCTTCGGAAAGTGGGCCTTCCTTATTCCTTCAGCGCAGCGCCCGGCGCACTTTGCCCGGCAGGGCCAGCAGGTCGTCCACGTCCTCCACGCCGGCGAAGACGTCCAGATGCGGCAGCGCCGCCGCCATGCCGCGCGCCAGCGGCTGGTATCCTGGCTGGGCCGCCAGCGGATTGAGCCACACCACCCCGCCCACCCGCGCCCGCAGGTGCCTGAGCGCCTCGGCGAGGTGCTGCGGTTCGCCGGTTTCCAGGCCGTCACTCAGCACCACCAGCAGGGTGTCGGGGCGCAGGGCGGCCTTGCCGGCGCGCCGCAGCCGCTGCAGGTTTTCCCCGATGCGGGTGCCGCCGCCCCAGCCCTCGCCCGTCACCGCCGCCTGCCCGGCGCGCAGCAGCGGCGTCAGGCGAACGAGCGAGGTGCTGAACGAGTACACCTCGACCTTGCGGCTGCGGGCCGAGAGGGCCGCCGCGTAGCGCAGCAGCAGCGCGGCGTAGGGGGCCATGCTGCGGCTGCCGTCGAGAAGGAGCAGCACGCGCGGCGGCCGGGGCGGCCGGGCGCGGTAGCGCAGCCGCAGCGGCTCGCCCCCGGTGCGGCCCGCCGCCTGCAGGGTGGCCCGCACGTCCACCTGCCGGCCGAGAACTGTGGTGCGTCGCCGGCGCGAGCGGCCCAGCCGCACGCCACGCAGCAGGGCGCGGGCCGCCTCGGCGTAGGCCTGGGTTTCGTCCTGTCCGGGCAGCAGCGGCGCCCCCTGACCGGCGTGCGGGCTGAGCCGGGCGTGCAGGTTCTGGCCCGGCTCACCCGCCTCTTCGCCTTCTTCGGCCGACCGCTGCTCACCGGCAAGCGGCACGGCGTCGCCGCGCTCGGAAGCGCCGCTCTCCTCGCCCGGCGCTTCCTGGGACGGGCCGGGAGCCGGATCGGGGCGCGGCTCGGCGGCGGGGTCCAGGAAGTACGCCCGGAAGAGCGGCGGAAACTGCTGCGCCTGGTCGCGGGTGCGGGCAAACACCACGCCCCAGGCCGCTTCGAGCGGGCCGTACTCCAGAAGGCCCAGCCCCTCGGCGGCCCGCAGCGCGTCGGCCACTTCCGCCGGGCCGACCGTGAACCCGGCGCGGCGCAGCTCGGCAGCGAACCCCAGCAGGCGGGGCAGGAACGCGAGAGCGGCCACGAGGTTCAGGCCCGTTTGGCCCGCTTGATGGTCTCGATCCGGGCGCCACTTTCCAGCACCGAGACGTACAGCTTCCAGGTCTCCAGCGCCTGACCGGCCGGCACCAGGTTGGCAAAGCGGAAGTAGGCGGCGTGACCTTCCGGCAGCACGAAGGTCGGCGTGCCGAACACGCCCAGCTCGGCGGCGGCGGCCAGGTCGTCTCGCAG
NZ_CP029494.1_gap49	1883263	1886404	3141	GTGAACCGGGGCCTTGGGCGCGATGTCCTTGATGGCGATGTAGTTTTCGTCTTCGTAGACGATCTGGGCCGGAATCTCGCGGGCGATGATGCGCTCGAACAGGGTGGGAGCGGGGGCATTGGTCATGTCTTCACTCTAAACGCCGCCGGGCCGGCTTTCACGCAGACTGGAAGCATGAAGCCTGTGCTCAGCACCCGTGCCAGCCACCGCTCCAGCCCACATCCCCGCACCAAGCGGCGCAGCGCGCCGGGCGCCCTGCTGCTCACCGCCGTCGCCCTGATTGCCTTCCGACGGGTGCTGGTGGCGCCCTATGCGCTCGCCGGAAAATCGGTGCTGATCTCCGGCGGCTCACGCGGGCTGGGGCTGGCGCTGGCCCGCGAGTTTTTGCGCTACGGCGCCCACCTGACGCTGCTGGCCCGCGACGAGGCCGAGTTGCGCCGCGCCGAAGCGGCCCTGAAGCTGAGCGCCTCGCAGGGGCAGGTGCAGATCGTGGCCGGCGACGTGACCCAGGCAGAAGACATCGAGCGGGCCATCGCGGCGGCGGTGCGCGCCTACGGTCACCTCGACGTGGTGGCGAACGTGGCCGGCGTGATTCAGGGCGGGCCGCTCGACAACATCACCGACGAGGACTTTCGCGCCAGCATGGAACTCAACGCCTTCGCTCCGCTGCGGCTCACCCGCGCGGCCCTGCCGTACCTGCGGGTGCGTGGCGGGCGGGTGCTGATCGTGGCCTCGCTGGGCGGCAAGGTCGCCGTGCCGCACCTGAGCAGCTACAGCGTCAGCAAGTTCGCGGCGGTGGGCCTGGGGCAGGCGCTGCACGCCGAACTCGCCCAGGACGGCATCGTCGTCACGACCGTCTGTCCGGGGCTGATGCGCACCGGCAGCCCCCGGCAGGCCACCATCAAGGGGCAGCACAAGCGCGAGTACGCCCTGTTCGCCACACTCGACAACCTGCCGGTGATCTCGCTCGACGCCGACAAGGCCGCCCGGCGCACCGTGCAGGCCCTGATTCGCGGCGAAGCGGAGGTGCTGATCGGCGGCCCGGCCAAGCTGCTGGGGGCGGTTCAGTCGCTGGCGCCGCAGCTCACCGCCGACATGCTGGGCCTGCTCAACCGCTTCCTGCCGGGGCCGTCGAGCAGCGACCGGGCGGTGCTCGGCAAGGACGCCGAGAGCCGCCTGACCCGCGCCAACCCGATCAAGCGCGCCGCCGAACAAGCGCTCAACGAACTCACGTCCTGAACGCTCAGCGGATGATCCGGGCCGGTTCGATCCCGGCCGCCCGCCGGGCTGGGAGCAGGGCGGCCAGCAGGGTGGTGCCGATGCCCAGGGCGTTCACCCACAGCAAATCGCCCAGGCGCACCTGCACCGGCAGCGAGGTGATGAAGTACAGATCGCCGGGAATCTGAAAGGGCCGCCAGGTGAAGTACAGGCTGATGCCCAGCCCCAGCAGGTTGCCTAGCAGCAGCCCGGCGGCGCCCAGTGCCAGGCCCTGCCACACGAAGGCCCAGATGATGTGTGGTCTGGAAGCGCCCATCGCGCGCAGAATGGCGATTTCCTGGGTCTTTTCGAACACGGTGAGGGTCAGGACGTTGGCGATGCCGAAGGCCGCCACGATCACGATCAGAAAGACCACGAAGGCGATGACCTGTTTTTGCAGCTTGAGCTGGTCGAGCAGGGAGCCGTAGAGGTTTTGCCACGGCAGGCTGCTGTACGGCAGCGTGCGGCTGAGCTGATCGCCCACCTGCGGGGCCAGATCGGGGTTCCTGAGGCGCACCTGGTAGCCGGTGATGTCCTGACGGCCCTGCAGGCCTTGCAGGGTGGCGAGCGGCACGAAAGCGTAGGCGCTGTCGATCAGGTAGTTGCCGCTGCGAAACACCCCCGCCACCTTGAAGGTGCTGCGCCGCTGGGTGCTGCCCACCAGCACCCGCAGTTCCTGGCCCTGGTAGGCGCCCAGGCTCTGCGCCAGCGCGCTGCCCAGCATCACCTCGTCCGGCTGGAGGTGCGAGAGCAGGTCGGTTTCGTCGGGCGGCAGGGCCAGCACCTGCCCGGCCTGGGAAGTCACGCCGAACAGGGTGGCGAAATCCAGCCCGGCGCTGCGCCCCTGCGAAGCGGGCCGGGTCAGCAGGCCCTTGTCGGCCAGAAACGGCATGAAGGCCGTGACCTCGGGGTTGCCCCTGAGGGCCTGGGCCATCTGCGGGTCCTGGCCGCCCGGCGAGAAGCGGGTCAGGCTCAGGTGGGGGCTGGCGCGCAGGGTGGCGTCGATCAGCGCGCCGGTAAAGCCGTTGGTGAGGCTCAGGGCCGCGATCAGCACCATCACGCCCACAGCGATGCCCAGCACGGTGCTGAGGTTCTGGGTGCGTCGCCGCCGCAGGTGGGCGCGGGCCAAAGTCAGGGGCAGCGAGGGAGCGGGCACGTCCGGGTGAGGATAGCAGAGAACTCGTTTGGAGCGAGATGCCGCGCGGCGAGCAGGCAAAACGAAGCGGCGGGCACCTGAGCGCCCGCCGGAGTCCGTTGCTGATGTCTGCCCGCTTCAGCGCAGGGCGGTGATCCTGACGGTGCGCGAACCCCACTGGTAGGCCTGAGCGCGGCTGCCCATCCAGATGTCGATGGTGTTCGCCAGACGCACGTTCATGGTGTCTTCCACGATGAACACCCGGCCGGTCAGCAGGCCGGCGCTGTCCTGAATGGTCACACGGCTGCCGTACGGAAAAAGGCGCAGCAGATCGCGGCTCAGCGCGATCACGCCGGGCCGCACCCGCGTGCCGGTGGCGGTGATAAAGGGGCTGCTGTCTGTCTGGGCCACGTCGCTGCTGTAGGCGGTCGCCTTGACCACCCGGCTCAGGCCAGTGTTCTGCCGCCCGGTGGTGATGACCGCGGCCGCCGTTCGCGACGTTTGTACCACCGGCGCCCGAGGCCGGGGCGCCGGCGCTTTGACCACCGGCCTCACCACCGGTTTGGCAGCGGGCGTTTTCGCCACCGGCGCGGCGGGTTTGGGCGCGGGTTTGGCGGCGGCTGGCGCCTTCGGGGCCGCCTGCGCCACCGGTACAGTGGGCGCCGCGCCGGCCAGGGCCGCGCCCACCACCTGCTCGATCAGGGCGGCGCTCGGCAGCTGCGGCAAGCTCTCCGGCGTGCTGGCCGCGC
NZ_CP029494.1_gap50	1980967	1983859	2892	CCCCCCTCCGGTTTTCCGGTCATTACATCTTGCACTTGCTCTCGCTCAGCGGCATGAAGGCCTTGGAAGCGGGAATGGTCGCCACCTTGGTGAAGTAGTCGCCCGGCTCCTTGGCCTGCGACTTGGGCTTGACCTCCACGGTGTAGACGTTGAGCAGCACCCGGTGGTCCTGCGGGCGGATGCTGGCATTGCGGGCAAAGAAATCGCTGAAGCTGTAGCCTTCCAGCGCCTTCACCACCGCGTCACTGTCGTCGGTCTTGGCGCGCTTGACGGCGTTCATGTACTGCATGGCTGCCGAGTACACCCCGGCCTGTGCCCAGGTGGGTTTCTTGCCGAAGGCCTTCTCGAACTTGGCGGCCCAGTCGCGCGAGCGCTGATCGAGGTTCCAGTACCAGGGAATGGTGGCGAGCGCGCCGGCGTAGGCGTCCTGGCCCAGCGCGGCGATGTCGGTCTCGAACAGCAGCCCGATGCCCAGCCCGATGCCCTGGGCCTTGAGCCCGAACTCGTTGTACTGCTTGACCACGTTCACCAGATCGGCCCCGGCCTGCATGGTGCCGAAGATCTTGGGCCTCAGGCTCTGGGCCTTGAGCAGGTAGCTCGAGAAATCGGTGTTGGGAAAGGGGGTCGCCTCGCTGGGCGTGATCAGCTTGCCGCCGGTGGCCTGCACCGCCGCCGTCATCTGGCGGTTGAGGTCCTGCCCGAAAGCGTAGTTGGGGTAGATGATGTACCAGCTCTTGCCGCCCTTGCGGGTAGCGGCCACGCCGGTGCCGTTGGCGAGCATGTAGTTGTCGTAGGCGTAGTGGAAGGTGTACTTGTTGCAGTTCTCGTTGGTCAGCGCGGTGGTGCCGCCGGTGACGACCATCGCCACGGTCTTCTTCTGGCGGGCGATCTCGGTGGCGGCCAGGGCGGTGGAGCTCGTCGGCATGTCGAGCAGCACGTCCACGTTCTGGCGGTCGATCATCTCGGCGGCCTTGTTGCTGGCGACGTCGGCCTTGTTCTGGTGGTCCACGCCCAGCACCTGCACCTTGCCCTTGTAGCCGGGGTTGGCGGCCATAAAGTCGTCGGCGGCCATCTGGGCGGCCTTGACGCTGCCCGCGCCGGAAAGTTCGGAATACACGCCGGAGAGGTCGGTCAGCACGCCGAGCTTGATGATGCCGTCGCTGAGTTTGGCGGTCTGGGCCAGCGACATGGACGCGGTGGAAAGCAGCAGGGCGGTCAGGATACGTTTGTTCATACAGTCCTCCATAAAAACGGAACTTACACGCTGAGGTAACGCAGCAACGCCGAGCGGCGCTGGGCCACCTCGCTGCGGGCCACTTCGTCCATCACTTGGCCGTCCACCAGCACGTAATGGCGGTCGGCCAGTTTGGTGGCGAAGCCGAGGTTCTGCTCCACCAGAATCACCGCCAGGCCCTCCTCACGCAGCCGGGCGAGCATCTCGCCGATGCGCTGCACGATCACCGGGGCCAGGCCCTCGGACGGCTCGTCGAGCAGCAGCAGTTTGGGCGCGCTGCGCAGCACCCGCACGATCGCCAGCATCTGCTGTTCGCCGCCGGAGAGCTTGGCGCCGGAATGGTGGGCGCGCTCACGCAGCACCGGGAACGCCTCGTAAGCACGCTCGGTGGTCCAGCCGCCGGGGCGCAGCGGCGGCAACTCCAGGTTCTCGCGCACCGTCAGGTTGCCCAGAATGGCCCTTTCCTCCGGCACCCAGGCCACACCGCGCGCGGCGACGCGGTTGCTGCTGAGTTTCAGGAGGTCCTGGCCCTCGAACCTGACACTTCCGGTGCGGCTTTCCAGCACCCCCATGATGCTTTTCAGGGTGGTGGACTTGCCGGCCCCGTTGCGCCCGATCAGCGACACGATCTCGCCAGGCATGACCTTCAGGTGCACGCCGTGCAGCACGTGGCTCTGGCCGTAGTAGGCGTTGAGGTCGCGCACCTCGAGCAGCGGCGCTGTGCCCCCGGCGGCCGGGCGGCTCACGGCGGGCGCGGTCACTCGCTTTCCTCGCCGAGGTAGGCCTCGATGACGCGAGGATCGCGGCTGACATCCTGATAGCTGCCGCTGGCGAGCACCGAGCCGTATTGCAGCACGGTAATGCGGTCGGCCAGGGTCGAGACCACGCTCATGTTGTGCTCCACCAGCACCACCGTGCGCCCGGCGGCCACCTCGCGCACCAGCTGGGTCACGCGGGCGATGCCCTCGCTGCCCATGCCGGACGTCGGCTCGTCGAGCAGCAGCACCCTGGGGTTCTGGGTCAGCGAGATGCCGATTTCGAGTTGCCGCTTCTCGCCGTGCGAGAGGTCGGCGGCCAGCCGGTGCTGCAACGGCTCCAGACCCACCTGCGCCACGATCTCGTCCACCCGGCCCGACAGCGGAGCGAGCTTGCGGCGTGAACTCCAGAACTGCCCCGGCAAGGGCGTGGGCGACTGCAGGGCCGCCAGCAGGTTCTCGCGCACGCTGAGGCTGGAAAATACGCTGCTGATCTGAAACGACCTCGACAGGCCCCGGCGCACGATCTGGTGCGGCGCCAGGGTATCGATGCGCTCGCCGAACAGCCGCACCTCGCCGCGACTGGGCCGCAGAAAGCCGGAGAGCAGATTGAACAGGGTGGTTTTGCCGGCACCGTTGGGGCCGATCACCGCGTGAATTTCACCCTGGCGAATGTCGAGATTCACGTCTTTGGTGGCGCTGAAGCCGCGAAACTCCTTGGACAGGCCCACCGCCTGCAAGGCGGGCAACGCCGTCACGGAACACCCTTGTTACCGAACAAGCTTCACCTCCAGCGCCGAAACGCTGCTGCTTTGTTTAGAACTCAAATTGTAAGACTGTGCAAGGTTAGCAGATGCTCCGGCCCGCCGCCAAGCTGTTCCCCGGTGAGTTGCCAGGGGCGGC
NZ_CP029494.1_gap51	2094422	2095062	640	AGGACGACGTGCGCGAAGTGCAGCAGGGCTACGAGTGCGGGATTAACCTCGACTGGAACGATGTGGCGGTGGGCGACATCATCGAGGCCAGCGAGATGGTGGAAGTCCAGCAGTAAACCAGATCCCAATCAAGAAGGCCGCTTCCAGCGCTGGAAGCGGCCCTCTTTGTTGGGGTGTTGAGTATCTGGGCCTACGATTTCCCAGGTCTCTAAAACCGAATTCACACAAGTGCAGGCCGCTGGTTCACCCCTGCCCGGCACACTGCGGATGTCGGTTGTCCCCTCACCTCCCCCCTTCAAACCCAAGGAGAACGCCGTGCCTCAAAAAACCTTGTCCGATCTCTCGCAGGCCATGCGCCAGATCGACATCGCCATGCTTTCCACCCACGCCGAGAACGGCGCCATCGCCGGGCGGCCCATGAGCAACAACGGCGAGGTCGAGTACACCGGCACGTCGTATTACTTCACCTTCGAAGACGCCCACACCGTCGGCGAGATCGAGGCCGATCCCCAGGTGGGGCTCGCCTTTCAGGGCCAGAAGTCGTTTCAGGTCGCGGTGGAAGGCCGGGCGTCGATCATCCGAGACAAGGCCGCGATGAAAGACCACTGGACCCCCGACCTGGAGAAGTGGTTCAAGGAAG
NZ_CP029494.1_gap52	2096337	2100351	4014	AGGCCCGGCAGCGTCAGGGCACTCCAGCGCGGCGGTAAATGGCGTTTGGCCGGTGCACCGTGGGGGCGGCGGAGCGGCGGCAGCCGACCCGCGCTCGGCAGGGCGTCGACCTGCGCGGCGAAGTCGTCTCGCCAGCGGATGACCTGCGCCCGGCACAGCGGGCAGCCCAGAACGTGGCCCTCGGCGGCCTGCTGCGCCGGGAGCGGCAGATCGCCCAGCGCGTAGGCCCGCAGGGTCGCGTCGGCGAGGTGCGGCGCGCTCACGGGCCCTCCAGGTAGCGGCGCATGCTCGCCAGCGCCCGCCGCACCCGCGTTTTGACGGTGCCGAGCGGCATGGAGCGCTCCTCGGCAATTTCGCCGTGGCTCAGCCCCAGGAAAAAGGCGTCGTGCAGGAGCACCTGGTCGCGCTCCGGCAAGCGCTCCAGGGCGCCCTGCACCACCACCCGGGTATCGAGATCGTGGCTCAGGCCCGGCACGCTCAGTTCGCCGAGCAGCGCTTCGTCGTCGCTCGGCTGCGGCCGCGCTCCACGGGCCCGCAGGCGGCTGAGCGCTTCGTGGCGAGCCACGGTGTACACAAAGGCGCGCGGCGAACCGAGTTCGGGCCGGTACTGGTGCGCCCGGGCCATCAGCCGGGTGAAGGTGTCTTGCAGCACTTCCTCGGCCTCCTCGCGGTCGGAGAGCAGGCGCCAGGCCAGCGCCAGCACCTGCGGCCCCAGGCGCGCGTAGAGTTCTCCCAGGGCCGCTTCGTCCTGGCGGCGCAGGCGCAGCATCAAGGTGAGTTCGTCGGCCGACACGTCGTCTGGCATCCTCACTCAAGGATACGCGCCGCAGGGCGAACTGGATTCAACTTCCGGGAGCGCCGGCGGGCGGCTACGCCGGGGCGAGCAGCGCCCGCGCCGCCGCTTCCAGATCGCCGCTGCCGGCTAGGCTGCTGCCCACCAGCACCGCGTCGGCCGCGCTGCGCACGCTTTGCAGGTCCTGCGGGGTGCGGTAGCCGCTCTCGGCCACCAGCAGCCCCTCGTAGCCGCGGGCGCGGGCGTGGGCGATCATGCGGGGGCTGTTGCCCAGGTCTATTTCCAGGGTCCTCAGGTCGCGGTTGTTGACCCCGATGATCTCGGCGCCCGCCGCCAGCGCCAGGTCGAGCTCCGCTTCGTCGTGGACTTCCACCAGGGCGTCGAGGCCGAGGTGGTGCGCCAGCTGGAGGTACTCGCCGGTATCTTCGCCCAGTACGCTGACCATCAAGAGGGCGGCGCTGGCTCCCCAGTCGGCGGCTTCCTGGAGCATGGCCGGATGCACCACAAAGTCCTTGCGCAAGACCGGCACCTGCACGGCCGCCACCACGTCTATCAGCGCCTGCGGCGAGCCGTCGAAGTGCCTCGGCTCGGTCAGCACGCTCAGGCAGGCCGCGCCGCCGCGCTGGTAACTCAGGGCCGCCTGCACCGGGTCGAGCGCGGCGATGGCGCCCTGGCTGGGGCTGGCGCGCTTGACCTCGGCGATGAGTTGCAGGCCCCCTGCCGCCAGCGCAGCGTGGAAACGCCGGGCACGCGGGCGGGCGGCTGTCGGCACGAAGGCGGCCCCGGCATAGTCCTGGGCACGCTCGGCGACGATGCGGCCCAGCACACCCGGCGCGGTGTAGCGCCTGGAGGCCAGTGCGGCAGGCGAAAAGAAGGAAGCGGACGACATGGCGCTGAGTATAGAATGCCCCGCTGCCGGGCGCTCCCCCGGCGGCCCGGCTTCATGTTAGGCTGAATTTTATGACTGTGTTTCAGCAGAAACAACTTCGGCCCAGCGACGGCCCGGTGCAGATCAGCGAAGAGCAACTGATGGCCCGGGTCCACGAACTGGCCAACCAGATCCGTCAGGATTACGCCGGGCTCAACCCGCACCTGATCTGCCTCCTGAACGGCGCCTTTCTCTTTCACGCCGATCTGGTGCGCTCGCTGGACATCCCGCTCACCATCGACTTCATGCAGACCAGCAGTTACGGCGACGCCAAGCAGAGCAGCGGCGAGGTCAAGTTGGTCAAGGACCTCAGCTTTCCGATTTCCGGGCGCCACGTCCTGCTGGTCGAGGACATCATCGACACCGGCATCACCATGAACTACATCCTGCGCTACCTGGGCGAGCGCGGCCCGGCCAGCCTGAAGGTCGCCTCGCTGCTGAGTAAGCCCTCGCGGCGCAAGGTGGAAGTGCCGGTGGATTACCTGGGCTTTACCATTCCCGACGCCTTCGTCTTCGGCTACGGCCTCGACCGGGCGCAGCAGGACCGCAACCTGAGCTTTATCACCTCGCAGAAGTAAACGCGGGCAAGGCAGGGGCCGCTTCCGGTAGAAGAAGCGGCCCCCTGCCTTGCTGAACTTTGCCCTGGCTCTCAGCTACGGCTGAGGTTTTTCCACAGCACCCCGCCGGCAAAGCCGCGCATGGGGTTGTAGTTCTCCTGGCTGATGCCTTCCACCGAGCCGCGCACCGCCAGAATACCGGGATTGCTCGGCAGCAGGATGTAGTAGGCCTGGTCAAAGGCGCGCTGACCGACCTGGGCATACAGCCGGTTGCGGGCGGCCTGGTCGGTGGTGGCGCGGGCCTGCTCGAGCCAGCTGTCGATCTGCGGGTCTTTGAGGTGGGTGCGGTTGTAGTAAAAGCCCTGGCTGGAGAAGTAGGTGTAGAGGAAGTTGTCGGCGTCGGCGTAGTCCGGCGCCCAGCCGCTGAGCACCAGCACTTCCTTGCCGGCACCGAAGTCCTGCAACATGGTGCTCCAGGCTTTGGCCTTCAGGTTGATCTTGAACTTGGGGTTGAGCGCTTCGACATTCTTCTTCAGAATTTCCATGGCCGTCTGGCTCGGCACCGAACCGGCGCGGTACACCGCGTTGATGGTAAAGCCCTTTTCCCAGACCTGACCGTTCCAGGCCTGCTTGAGCGCGGCGGCGGCGGCCTTGGGATCGAAGTCGGCGCGGGGCAGCGAGGCGTCGTAGCCGGGAAAGGTATCCGGCAGCGGCATGGTGCGCGCCTCGCCCTTGCCCTGCTGCACGTCCTTGATGTAGGTGGCGGTGTCGAAGGCGGCCCGGAAGCCCCGGCGCACGTCCACGTCGCTGAAGAAATTGGCGGGAATGCCCTGACCGTCGAGCTTGCCGCTGCCCAGCACGCTGCTGCCCGGCTGCACCTGCTCGTTCATGAAAATGGCGAAGGCGCTGGTGTCGGGCAGTTCGTCGATCACCTTGATGCCGGACTGGTCCTTGAGCTGCTGCTCGATCGGCGCGCGGCCGCCGGTTTCCACCATGTCGGCGTCACCCTGCTTGATCGCCTCCAGGCGGGCGGCCTGCTCCGGCACCTTCTGAAACACGATGTTGCTGATGGTGGGCTTGCCGCCCCAATACCCGTCGAAGGCCTGAAACGCCAGCGCGTTGGCGTCGCGGTTGACCAGCTTGTAAGCGCCAGTGCCGCTGGGCTTGGCGCTCAGACCGCTGCCCTGCAGGTCCTTGCCGACCCAGTCTTTCCAGGTCGCCTCGGTGCCGTCCCACTCGCCCTGCTGGATGGCCCACTGCTTGTCCACGATGCTCTGGCCGGTGTAGGCCAGCTTGGCGAGCAGCGCCGGGTCCGGCTTGGGCAGCGTTAGCACCAGCTGACCGTCGTTGCACTTCACCGCGTCCTGAATGCGCTGCCAGGTGATGCTGGAATCGGTTTTGGCGTTGTCACTGGTCCCCAGCAGCGCATCGCTGAGAAACCAGTTGCCGGATTCCGGTGCGTTGGTCACCAGATTGCGCTGGAAGGTGTAGGCGGCGTCGTCACAGCTCAGGGTGTTGCCGGAGTGGAACTTAACGCCCGACCTCAGCGTGAAGGTGTACTGGGTGCCGGCGGCGTTGCTGCTCCATTGGGTCGCCAGCAGCGGCTGGAATTCGCGCAGGCTGCTGCCTTTGTAGGTCAGCAGCGTTTCGTAGAGGTTTTCCACCACCGCACTGCTGGCGTTGTCGTAGGTGCCGCCGGGATCGAGGGTGGGAATATCGGCCGACTGCTGGTACAC
