gap_id	start	end	length	sequence
NZ_CP089982.1_gap1	32712	36380	3668	TCCTCAAGCCGTTCTCGGACCGATTCGCCCAAGAGGGGGCGATGCTCGTGCTCATGGGCCACCCGCGCGAGGGCGACTTTGCGCAGGCCATGAACAAGGGCCTGGCGAGCATCGTTTCCGAGGAGCCCTCGCCCGACGAGCTCCACGTGGCCGTCTTCCGCGCGCTCGAGCTCCTCGAGGCCAAGGTGCACGCCGAAAGCCGCGCCCGCTCGCTGCGTCGCTACCGCTACGAGGTGGCCGAGCTCGTCGACATCGCCCGCGCGATGACCACCGAGCGCGACGTGAACAAGCTTCTCTCGGTCGTCCTGGAGAAGAGCCGCTTCATCACCGGCGCCGATGCGGGGAGCATTTACGTCGTCGAGGGCGAGGAGAAAAACCGGCGCCTGCGCTTCAAGCTCACGCAGAACGACTCGGTGCATTTCGATGCGCGCGAGTTCGTGATTCCGCTGTCCAACCGCAGCATCGCCGGCAGCGCGGCTCGCAGCAAAAAGCCCATCAACATTGCCGACGTTTACGAATTACCGCCGGGGTCGCCGTACGGATTCGACAAAAGCTTCGACCAGAAAATCGGATATTTGACCAAATCGATGCTCACCTATCCGCTGATTTCCCAGCGCGACGAGGTCATCGGGGTCATTTCGCTCATCAACAAGAAGAAAGAGCCGCACAAGCTCCTGCTCTCGCCGGAGGACTTCGAGGAGCAGGTCATCCCCTTCGACGAACGAAGCGAAGAGCTGCTCGGCATGCTCGCGGCGCAAGCCGGCGTTTCGCTGGAGAATACGCTGCTCTACGACGAAATTCGGATGCTCTTCGAGGGCTTCGTCAAGGCCAGCGTGGAGGCCATCGAGTCGCGCGATCCGACGACGAGCGGTCACTCGCGCCGCGTGGCCGATCTCACCGTGGAGCTGGCGAAGGCCGTCGACAAGGAGAGCACCGGACCGTATGCGGATGCGTTTTTCAGCCGCGAGGACATTCGCGAACTCGAATACGCGAGCCTGCTTCACGACTTCGGAAAAATCGGGGTTCGCGAACGCGTTCTGGTGAAGGCCAAAAAGCTCTTCGACGAGCAGCTCGACCTGATTCGCGCGCGCTTCGATTTCGTGGGCAAGTCCATCGAGGCGGACGTGCTACGGCGCAAGGTGCGCGCGCTGGAGCGCGGCGCGAAGTCGTCGGAGCTCGCGGATCTGGACCGGGAGCTTTCGTCGCGACTTGGCGAGCTCGAGGCTTCGTTTCAATCGATCGTCAACGCGAACGAGCCCACGGTTCTGGCAGCGGGCGACTTCGAAAAAATCGAGCAGCTGGCCCACGAGACGTACACGGATCTACGCGGCGACGTGCGGCGCCTGCTCGCGGACGACGAGGTGATTTCGCTTTCAGTGAAGCGCGGTTCGCTCACGCCGGCGGAATACGACGAGATCAAATCGCACGTGACGCACACCTTCAATTTTCTTTCCCAGATCCCGTGGGGAAAGATGTTTCGCCGCGTTCCTCTGATTGCGGGCGCGCACCACGAGCGGCTCAACGGTACGGGATATCCGAATCGCCTGCGCGCGGAAGAGATTCCAGTGCAATCGAAGATGATGAGTATTGCGGATATCTACGATGCGCTCACGGCGGCCGACCGACCTTACAAGAAGGCCATTCCGATCGACCGCGCGATCGACATCCTCGAATACGGCGTAAAAGATGGGCATCTCGACGCCGTGTTGGTGCGTGTGTTCAGGGAAGCGCGGATATGGGAACTCTGCGATCCCGTGCCGGCTTCGTTGATTTTCCGCTGACCGCTAGCGGAGCTGCGAGACTCACTGCGGCGCTGGCGGCGGTGCCGGTTTCAGCGGCTTGCGCACTTGTGCACTGAAGCGCGCGGAGATTTTGACGGAAGCGCCCTTGTCGTTGACGAGCGTGACGTTTTTGATCGTGCCCTTGACCGACGATGTGTCGCTGGCTTCGATTTTCAACGTGCACGAAGCCGACGGGTCCTTCTTTTTCGCGTTGTCGACCGAGTACGAGCCGTCGCCGTCGAAGGTCATGCTGATGCCTTCGCAGCCGTAATCACCAGGCGCCAAGACTGGAACCTGGACGGCGGAACTGCCCGGTATTTTCAGGCGAAGATCGCCCACGTTCGGGTCCGAAGACTGCGACGCGTTGACCCAGCTTTCCGTGCCTTTCCGGCGCGCTGCTGCGTCTCCGTACTGGATTTGCGAGTCGTTCACCATGGCATTGACGCCCCACTTGCCCGCCGGTACTTCGGGAAGTTGGACATCGTTGTTGTTGTTTTGCTCTTGTGGCGCGCCGCCCGCCGGAGCATTCCCGTCATCGCTCGATCCGCACCCTGGGAGTGCGAGAACGAGGATCACCCCAAGCGCCGCCGCGAGGGCCGCGCCCGATTTTGCTTCGATTGCCATTTTCCTCCTCCCAATGAAAAAGGGGGCGTTTTTTCCCAAGCGCAAGCGCCGCGTACACGACGCGAATTGCGCGCTACGAGGATCCTTATAGCGGTCGACGGCGATGCGCAACCCGCGATTCCGTCGGAAAGGGAAAAAGAAAATGCGAGTCATCGCTCGCATTTGCGACGACTCCGAAGAGCGCGTTACATGAGGGTTTGTCGAAATCTTAACTGTCGTTCAGGGAGGCCTCGCGGATGTCGAACTGCCGCGCTTCACAGGATGGCCAAAACGCGGGTGAAAAGGTGAGGCTTCGTGGACGTGCGTCACACGTCCGTCACTCATGTGCCTCAGCAACGCGACATTTGGGCAAAAAACCGCGTGTTATGAGCGCGGCAACATCATGAAGCTCATGTTTGCCTATCGCCGCTGCGCGCAACGGCGCGCGCTTTCTCTACTTCTTTCCGCGGTGTCGCTGACGGCAGCTTACGAGGCGACCGCACAGGAGTCCACGCAGACGGCTCCCCCCAATTCCCAATGGTCGAACGCTCCCACGTCGTCGAGCGGTTCGGATCTCGGTGCGCAGTCGGCGCGTCCGGCGGGCGAGGGCAGTGCCTCGGCCGCAGCGGGCTCCGACGTGGATGCGCGCATGCGCGCGCTCGAAACCAAGGTCGCTGCGATGACCGAGAAGGAAGAAAAGCGCAGCAAGGCCCTCGAGTGGCTCGAGAAGATCAAGTTCAGCGGCTACGTTCAGCCGCAGTTGATCTGGCAGTGGTACAACGACGCGGCCTCGCCCAACGTCGGCGCCGGTGGCGCGAGCGGGCTTCCGCAAGGGGTCTCGGCCAATCAGACGATCGCGCGTTCGGACGGCTACACGACGAACCCCGACACGTTTCGCATCCGTCGCGCGCGCCTCAAGGTGGAGGCTACGCCGACCGAGTACGCGAAGGTCATCTTCGAAATCGATCCGTTCCCCGCCGGTGGAACGGCCTCGGGCACGGGAACCATCGCGCGTCAGATCGAGGCCGTCGCCGTGATTCCGTGGTCGAAAGACGTGAAAACGGAAATCGGGCTGGGCATCTTCAAGATTCCCTTCGGCTGGGAGGTCCTTCAATCCGACTCGGATCGGCCGTTCATCGAGCGGAGCTGGTCCGAGCAGAACCTGATACCAGGCGAGTTCGACACCGGTGTGCGCGCGTACACGACCGCGCTGGACAAGAAGCTCGATATCCGCGCCGCGGTGGTGAACGGCGCGACGGAGTCGGAGCGGAACTTCGTCATCGT
NZ_CP089982.1_gap2	38223	38947	724	TGCGCGAGCGCGGTTCCCATGGCTTGGTAGCGCTGCTTCGCGGGCGTGCCGTCGTGGTTGCAGTTGTCGTATTTGAGGTAGTCGACGCCCCACGACGCGAAGCTGTTCGCGTCTTGTTGCTCGTGCCCCAACGCGCCGGGCATGGTGCGCGCACAGGTTTGGCTGCCCGCGCTGGTGTAGATGCCGAGCTTGAGGCCTTTGCCGTGCACGTAGTCCGCGAGCGCCTTGATGCCGCCGGGAAACCGTGTGCGATGTGGAACGAGGTTGCCGCTGGCATCGCGGTTCAACTCGGCCCAGCAATCGTCGATGTTCACGTATTGGTAGCCCGCGTCCTTCATCCCCGAGGAGACCAGGGCATCGGCCGCCGCCTTGATCTTCGCCTCGTTGATGTCGCAGCCGTACTTGTTCCAACTGTTCCAACCGAGCGGCGGCTTCGGTGCGAGGCTCCCGAAATCGGCGTGGACAGCGCTCGATTGTGACGAGGCCTCCTCGCTGGAGGGCGCGCTCGAACACGCGATCGCGAGGAGGCTCGTGGTGGTGATGAGGCTGCGCAGTGCGGCGCGGCGAATGGTATTCCGGTGGCTCATGGTCACCTGCCCTTTCGGGCGCCGCACTATACGGAACTAGAGTGGGGAGAGGGCACTCGGTTGCGGCCACTCGGTGCCGGTCGCAAAGTGATCGTGCCATTTGTTGGCATTGCCCACGAACGCGCTACCGTTCGAGA
NZ_CP089982.1_gap3	70087	74830	4743	GAGGGGCCGCGTGCATGCACGGTCACGCGATCGCCCTCTTTGGTGCCGAGCCCCATGAGCGCCACGACGCTGCGCGCATTCACGGTGCGGCCGCCGAAGGTCACGGTCACTTCGCCGCCGAAACGGCGAGCTGCTGCCTGCACCAGCGCTGCTGGGCGCGCGTGCAAGCCGCCGTGGTGCGCGACCACGGCCTCGGTCTGTTTCTCCGCAACGGCGGCCCCGGTCGCATGGCGCGTGGCCGCGACCTCACCCGACGTGCGCGTGAGCGGCGCATCCTTGGGATCGCGCCGGCGCACGTTGATCAGCCGCGACTTGCCGGCATCCACGGCACCGGATTGTCGCCATGAAATCGCGTATTCGTCGCTGTTGGCGATTAACATCAACGTCAACAGCGAGGGCACCGCACGGGCTACCTCGTCGACATCGAAGGTGATGAGCAGATCACCCGCGGATACGCGTGCGCCCTCTTGGACGTGCGACGTGAAGCCGCGCCCCTCCAGGTGCACGGTGTCGATGCCCACGTGAATCAGCACCTCCGCGCCGTTTTCTGCGGTGATGGTCACGGCGTGTCCCGCGCGATGGCGGTGCGTGACCACGCCATCACACGGAGACAGCACGCGGTTCGACAGCGGCTCGATGGCCAATCCGTCGCCCATCATTCGCGTGGAAAAGACCGGATCGGGAACGTCCTCCAACGGCACCACGATGCCGCTGAGCGGGGAAGTCAGGGGCAGCTCGGCGAGCTTGGCCCCACTCTCTGGCCAGCGAAGCATACGGTCCATCGAGGGATCACTCCTCGGAGACTCGAGTTCTATCGGCAAACGAGGCTCGACCTTCGGCATGGTGCCCCTCCATGGGAAAACTCAACGGGTGTGGGTCACTTTGGAAAGATGGCGTGGTACGTCCGGATTCAGACCGCGCATCTCCGCCACGCGCGCGGCAATAAGATAAAAAGTTTGGATTGCCAATATCGGATCGAGAACTTCGTTTTCAGATACTGCAAGTGTTACGTCGCGCTCTTTGACGTCGGCCGGTGCCGCGAGGATCACGCGCGCACCGCGTCCGCGCATCTCGGTGGCCAATTCGAGCAGGCCTTTCTGCTCCGGGCCGCGCAGCGCGAAAATGAACAGGGGATATCCCTGTTCGATGAGGGCCATCGGGCCGTGTTTGATCTCGGCGCCGCTGAACGCCTCGGCCTGAATGGACGACGTCTCCTTCAATTTGAGCGCGGCTTCCGCGGCCACGGCAAAACCGAGCCCGCGTCCCACCACCATGGCCCGGTCGGTCACCGCCAATGCATCCACGGCGAGCGAGCCATCGATTTGCGTCGCTTGCTCCAAATGCGTCGGCAATGCGGCGAGCGCTTTGAGCAATTTGGGATCGCGCCGCCAATGGCCTACGAGCCGTGCCAGTGCGGCGAGCGCGCCGATGTAGCTCTTCGTCGCAGCCACGCTTTGCTCGGGCCCCGCACAGAGCGGCACCGTCCATTTGCATGCGTGCGCGAGCGGCGATTCGGTGCGGTTCACGAAGGCCACGGTGGTCGCACCGCGTTGGCCCAACGCCGCCATGGTCTCTACCAAATCGGGACTCTGCCCGGATTGCGATACTGCGACCGCGAGTTGCCCATTCACCGCGAGCGGCGCATGGTGCAATGTGGCCAAGGACATGGGGAGCGACACCACGGGCACGCCCACGGTGAGCATCGTCAAGTAGCCGAAGTAGTTCGCCGCATGGTCCGAGCTGCCGCGCGCCACCGTGAGGACGACCTGCGGAGGCTTCTCCACCAGGGTTCGCCCGAGCACGGCGAGGCCTTCGTCGGCTTGAAGACGCTGCGCACTCACCACCGAGGCCGAGGCCAATGCCTCTTTCAACATCAACGAGCCCACAAGCATTCTCCTTCGCCAAAAACGGTGACGACCTTCAATTCACGATCGACCACGACCACGTCTGCCCAGGCGCCCTGCTCGAGACGGCCGCGGTCTTTCAAATTCAAATATTCGGCTGGATAAAAGGACAATCGGCGCGAGGCATCTTCAATGCGCAGACCCACGGACTGCACCAGGTTGCGCAGCGCCTGATCCATCGTCAGGGCGCTACCCGCGATTGTACCATCAGAGAGGCGAACCGCGCCTAGACATTTCGTCACCGTGTTCGATCCAAGTCGATATTCGCCATCGGGCATGCCGGCGGCGGCCGTGGAATCCGTCACGGCGAACAATCGCGGGATGGTGCGGAATGCGGCGCGCATCGCACCTGGGTGCACGTGGCGCAAGTCAGGAATCAATTCTGCATATTCCGCATGAGCCAATGCGGCGCCGACGGCACCCGGTTCGCGATGGTGCAAACCCGTCATCGCATTGAACAAGTGGGTGAAACCGGCCGCACCTGCTTCGAGGGCGGCCACGCTGTCTTCGTAGCTTCCCGCGGTGTGGCCGACCTGCACACGCACGCCCATCGCCGATATCGCCCGAATGGCATCGAGGTGCCCGGTGATTTCCGGCGCCAATGTGAGCACGCGAATGGGGGCCATGGCGTGATAGCGATACAATTCGTCCATCACCGCGACGCGCACATTGCTCGGTTGCGCGCCCAGCTTGCCCGAATTGATGTACGGCCCCTCGAGGTGCACACCGAGCACTCGGGCGCCGAGTGAAATGTGCTCGCGGCAAACCGGACCGACGGCGGTGAGTGCCTTCTCGATTTCCGCCGAGGGTGCGGTCATCGTGGTGGCGAGCATCGACGTCGTGCCGTGGCGCGCGTGCATCTTCGCGATGGTGCGCGCGGCATCTCCGCCCTCCATCACGTCACGGCCGCCGCCTCCGTGCACGTGCAGGTCGATGAAGCCCGGCAGCACGTACAAGTCGCCGTTGTTCGGCAGCTGGTTTTCCTGCTGCTGCTGATCGAGCGGCTCGCCCTCGACGACCTCGATGTGGTCGTTGAAGACGATGCGCCCGCGCAGCCAACCGGACGGCGTGAGGACATTGCCCACCAGCGAATGCGATCGTGCGCTCGCCGTCATCGCCGCAGCTCCGCGACGAAGTCGTAATAGTCGTTGCGGCAATAGCTATCGGTGACTTCAATCGCCACATTGTTGGCGGTGAAGCCGATACGGGTGACCAAGAGCATCGCTTGTCCCGGGGTTACGTTGGCCAATCTTGCGATTTTCTTCGACGCGTTCACTGCGCGAAAGTGCTGCAAGGCGCGCACGATGGGATGCCCCAGCGCATCGAGGTGCGCATAGAGCGAGGTTCCCACCGCACGCGGGTCCGGCAAGTAGGTGACAGGAATGGCGGTCATCTCGATGGCCATCACCACGCCATCGGCGAGTCGCTGTCGCTCCAGCCGGGCGACCTGCGACGTGGGCGAGAGACCCAGCTTCAAGATCTCGTCGTGGTTGGGCGTGTCGATGCGGCGATCGAGCCAGACCGTCGATGGCTCGAAGCCCTTGCGCTTCAGGGTCTCGGTGAAGTGCGTCAGCCTCGAGAGGGAGTGCTCGAGGCGGGGCGCGATGAAGGTCCCGGACCCTTGGCGGCGGTGCACGAGCTGCTGTTCGACCAACACGTCGAGTGCCTTACGCGCCGTGACCCGCGACACACCCAGCTTCTCCGAGAGCACCCGTTCCGACGGCAAGGCCTCCTCTGCCTGCCACTGGCCCGAGTGGATCGCATCCGCAAGGTTGTGGGCGAGCTGCACGTAGAGCGGCGTGGGGTCGTCGCTATTCGGCTTCAGCACGTTCCACCGCTTGTTCATGGACACGCCATTGGTGACTCTCGCTCCGTTGTCCACGCCTGGTGGGATAGTACCACTATAATACCATGTCAATACCAGCCGTGGCAGGCCGAAGCAGGACTGCGATGTGTTACGTCAACAACCGGTGGTCACTTTCGCCGGCGTATTTCGCAGTGCGTCAAGGCGATCGTTCGGAGATCGAAAAGAGGTCGGATGACTTTCTGGTATTGACCTGGTCTTTAACTGGTAGTATCTCCGGCTGACCTTGCATACTTGCAAGCTACGACGTCGCTCACGTTTCATAAGCAGTTGATTCCGTCGTATCCATGCCGCGCGCGGCGTGATACGGACTGGAAACCTCGTTGTAGCGTCGTCCTCCTCAGACCTCACCGATCAACGTTCACCGTTCACGATTCAACAGGGAGCAAACGGATGATGTTATTGGGCCGGAGTATTCCATCGTTCGGCGCCGGGTCGTCCCGGTGCACTTCACCCCGCGCGCGCAGGCGCGCTGTTAAAGCATGTTTAGCGGGGTTCGCGGCACTCGCGGGACTTGGCTTGGTCGCGCCCAAAACGGCGTCCGCTGACATTACCTCGGATCGAATCGAATTTTTCCAATACGGCCGTATGGGTATTGGATGGACGAAGAGCGGGCAGGTGATTCAGGGCCAGACCATGAACCTGGCTGGCGGCGGTCAAGGCGGTCGTCTCGAGGAGGGCGACTACATCCAGCCGGGCGTCCGTTTCCACCTGAAAAAGGGCGAAAGCGCGACGGATACGACGGTCGATGTCGTCAACGACTACGAGATCTTCTCCAACGGCGCCGGCATCCTTTCCGACCTTGCGAACGGTGAAGTCGGCAAATTGAGCATTTTGCCGCAGCAATTCTATGTTCAGGCGAAGAACATCTTCACGCCGGGTCTCGAGATTTGGCTCGGATCTCGCCTGTATCGTAAAAACGACATCCACATCGCCGACTACTTCTATTTCAATCGATTGAACGGTCAGGGTGTT
NZ_CP089982.1_gap4	154888	155719	831	CTCCCCAGCTCGTTCAGGGCAATTTCCGAGGTGATGAGGTCCTCGTGGTTTTGCGCGAGCCACTTGGCGCCGGCCAGGCCGCCGGTCTCCTCGCCCGCGGTCAAGGCGAAGATCACATCGCGCGAGAGCACCGGCTTGCTGTGCGCGAGCTCCAGGGCAATGGCCACGATGGCGGCCGCCATGGCTTTGTCGTCGTTGATGCCGCGGCCCCAGAGAAAGCCGTCCTTCTCGGTGACTTGAAACGGAGGCACGGTCCAGGGCTGGCCCTCGACGGGGACGACATCGACGTGGGCAATCAAGAGCAGCGGCCGCTTCGTGCCATTTCCCTTGTAGCGAGCGACCAGGTTGCCGCGTCCAGGGGCGCTCTCCAGAAGCTGCACGCCGCTGAGACCCGCCGCGCGAAAGCGCTCGGCGATGGGCTTGAGGGCAGCGCTTTCATTGCCGTGGCTCGTGTCGACGGCCACGAGCTGCTCGAGCACGGCGCGCGTCTCTTCGGCGAGCGGTCGCGGAGGCTCGGGTTTCGCCGGCGGCGGTGGTGCGGGTGCTGGTGGCTCTTGGGCCGGCGCGGTCGAGGCGGTGACCTTCGCCGGCGGCGGTGAGGAGCTCGATCCCGCGCACGCGGCGCACCCGAGGAGTGAGAGGAGGCCCAGGAAAGCGCAGCGCGTCATGGGCGCGAGGGTAGCCCAATGCCGCGCAGGCTACGATGATTATCGGAAATGCTCGCGCTATTCGAAGTACGGTAAAGGACCGTGCACCTTTTTCCGAATCGTCGTGAATGGGCTGAGGCCGGAAGCAATGTTCGCGAGCGGCTCTTTCGCGGGCACATCGCCG
NZ_CP089982.1_gap5	159702	162591	2889	AGCGCGCCGGCCGTGGCAACATCGTATTCATCGGTGCTACGGCCTCGCGCCGGGGCGTGGCCAAAACGGCGGTCTTCGCACCGGCCAAGGCCGCGCAACGCAGCCTTGCCGAATCCATGGCGCGCCATTTGTGGCCCGCGGGCATTCACGTGTCGCTCGTGGTGATCGACGGCGTGATCGACTCGCCGCGTGTGCGGGCGCGCATGCCGAACCAGCCGGCGGACTTCTTCTTGAATCCCGACGACATCGCCGATGCCGTGGTCCGCCTCACCGAGCAGCCGAAATCGGCCTGGTCGTTCGAGATCGAGGTTCGCCCCTTCGGCGAGAAGTGGTAATGGCCGAGCGCCGCCGCGCCTGAGCTGCGTCTCGCGCAGTTCAATGGGCCGCCGCGTAAGGTGCCTTCCTTCTTCACGAGCATCGCCTCGCGGGGTAGGATATTTGGCGCTGGGGTGAGATATAAAATGATCGATCGATTCAAGATTTCCAGAAGTTTGGTTGTGTATCCGCACTAGCCCGGGTCGATTACGGACCTGGGAGAGTCATATGTCGAAAATTCGCTTTGCGAGGCACCTCGTATTTCCGGTGCTGGTCGCCGCCGTTGGTTGCGCGAGTGAAAGCTCGCCCCAAAGCAACGATTCGGAGGCCCTTCAACAGGGGCAAGCCTTCGTTCCCATCTCGCGCACCCTCGCGAGCGCGGACACGACGAGCGTGACGGGGCTGAAGCTGCAGTCCGTCCCGAATGGGAGCGGCAAAGAATCGTTTTACCTGGCCATCAACAAAAAGGAGCTGAATCGCCGGTATTTCCTGTCCGCGTACATGAAGCAGGCGTACCCGGGATCCGTCGGCGCGGGGGCCGCAAGCTCGCTGGGAACGCGCGTGGTCACGTTCCGCGAGCAGAATGGAAAGCTCTTCGTGTTCGACGCCCAGGATGGCCGCGCGTCCAGTGACACGTTCGACCCCTCACTGATCATCGAGGCGTATCCGGTCGTCGACCATTATGCACCCTTCCTCGGCCTTTCGGGACACGACGATTACCTGCTTTTCGATCCCGCGGCCGGTCTGAATCGATTTGGCGTGGTATCGGATTTTTATGCAAGTAGTACGGAGACCCCTCTCCATTTCCAGGTAGACCTTTCGTACCTGCAGAATTTCCGGCGTATCAACGACGGCACGACCTTCGAGCAGGTATTCACCGGTGCAGTGAACGATACCTTACAGGCAGATCAACCTGGGCCCGCGAACTGGTATACGGCTTCCGGCACCTTGGGGATTGCCTTGCGGCGCTACGCCGAGGGCGAAGGGTTTCAGCCTTTCGATGCCAACAGCACGTCGCGTGAATACTATTTCCGCGCGGATCCTCTTCTGGAGAAGAACACGGGGGAGACGCTCAGCCGCGCCATCAAGTGGAACATCCACCCGGGCATGAAGCCCATCAAGTGGGTCATTTCCGACCAATTTGCCGAGGTGGCCAAGCAGTATCCGAAATACGATATCGTCGGCGCCATCAAGGCGGGCATCGAGAACTGGAACGCGGTCTTCGGGTTCAAGGCCTTCGAGGCCAGCGTCGCCACCCCACAGGACTCGTACGCGGACGACGACAAGAATTACTTCATTTACGATGGGGATCCCACCTACGGGTATGCCTTCGCCAACTGGCGGCTCAACCCGAACAGCGGAGAAATCCGCGGGGCGAGCGTTTACTTCAACGCGATTTGGCTGCAAGGGGCCATCGACGAGTTCGACCCGCAGCCCGATTCTGCATCCCGCGCGGCAGCGCGTGCGTCGCAGACCCGTCCCCACGTTCCGCAGATCACCTGGGGGCAGTTCCGATCGAAGCCCTTGTGCACGCTCTGGGAGCCGGGTGCGGGCTCGGCGCGGGATGCCCTTCGGGCCGAGGGCGTGCAGCCAGCGGCAGACGGGGCGCGCAACGTGGAGAAGTTCCTCACGCACGTGGCGGTTCACGAGGTTGGCCACACCCTCGGCCTTCGCCACAACTTCAAGGGCTCGCTCCTGCCGTTGCCGCAGCAAAGCTCCGTGATGGAGTATATCCTCGATCCGGACGCGGTGGCCGGCGGTCGCGACCTTCCCGGGCCCTACGACTACGATGCGATCCGTCTGCTGTATGGGCTCTCGACGAGTGAGCCGTCGCAGGCTTTCTGCACCGACGACGACACCACAGTTGACCCCGATTGCGCGACGTTCGACCGCAGCGACGACCCGTTGGGCAAGTACTGGGGCCCCGCCTACAACACGCTGCTCGGGCGCGTGCTGCGCAATGAGGACCCGGAGGGCGCGTACCTGCGCAGCATCAATCGGTTCTACCTCGGCGGTGCAGCGGGCTTCCTTCGCGCGGGCACGCCGGTCGAGCAGGCGCGCGGATGGTCGCAGCTCGACCAGCTCTTGGCCGTCGGCGTCGATCACACCGCGGACAACTCGAAGTACCCGGGTTACACGGATCGGTTGAGCGCGTTTCAGAATTACTTGCTCAATCGCCTCTTCTTCGACCCGGAGAACGTGCGCGGCGACATCACGAACGATCCCGTCCTGACCGGCGATGCCCTGGCCGCCGTCATCACCTCGCTGAAAGGCGTCATCGTCAACAGCGACGGCTATCGCGCATGGGCGACGCGCCGCACCTCGGTCGACGTGCTGAAGAAGCTGCAAGTGCAGCCGGCGTACGACGCGTTGCTCGCCTCCCGGGCCTCACTCGCGGCGTCGCGTCCGAGCCTGCCGGCGGGCAGCAGCGAAGCGGCGTTGGCCGACGACCTGATCGCACGGATCGATAACGCCACGCACCCGTACTACAAGTAAGAACCGCCCCGTAAGGCGACGCTCCACCCCCGGTGGCCGATGTTTCGTCGGGCATCGGGGGTGTTGCATTTAAGTGGT
NZ_CP089982.1_gap6	269832	274400	4568	GATCCCACGGACGCGGGCGGTCAGCCCATTGGCAAACAGCGCCTGTCGCCGAGCGGCATCTGGTACACGGCGGCCTCGGGCATTTGGCAGACGGTGTGGCTCGAGCCCACTGCGCCGGCGCACATCACGCGGCTCGAGGCGACGCCGGACGTGGCGCAGCAGCGGTTGAAGCTCACCGTGCGGGGTACGGGGATTTCCGGCCAGACCGTGCAAGCCGTGGTGACCGATGGCGGCGCCGAGGTCGCGCGTGCGAATGGTGCGGTGGATGCCGAGATTTCCCTGCCGGTGCCCAATCCCAAACTTTGGTCGCCGGATCGGCCGTTTCTGTACGATCTCACCGTGTCCCTGGTGTCTCCCAACGGCACCGTCGATCGGGTGACGAGCTATTTCGGCATGCGATCCATCGCCTTGGCCACCGTCGATGGGGTGCTCCGGCCGGTGCTCAATGGTCAATTCGTCTTTCAAATTGGCACCCTCGACCAAGGGTACTGGCCCGACGGCATCTACACCGCCCCGACGGACGCGGCGTTGAAGTTCGATATTCAGCAGCACAAGGATTTCGGCTTCAACACGATTCGCAAGCACATCAAGGTGGAGCGTCCGCGTTGGTTCTATTGGGCGGACAAGCTCGGCATCTTGGTCTGGCAGGACATGCCGGCGATGAACACCGTGGCGCCGTCGGATGCGGCCAAGGCGCAGTTCGAGCGGGAGCTCCGCGAGATGATCGACGAGCACCGCAACGCGCCGTCGGTGATCACGTGGGTGGTGCAGAACGAAGGATGGGGCCAATACGATCAAGCGCGCCTGGCCAATCTGGTCAAACAGCTCGACCCGACCCGGCTCGTGGACAACATGAGCGGCATCAATTGCTGCGGCGCCGTCGATGGCGGCAATGGCGATTTGGCCGATTGGCACACGTACGTGGGGCCCTCCTCGCCGCGCCCATCGGCGACCCGCGCGGCGGTTCTCGGAGAGTACGGAGGCCTGGGGCTGCGCGTGGAAGGCCACGAGTGGAGCCCCGGAAATGGCTTTAGTTACGAGATGCAGCCCAACGCCGCCGCCTTGAACGACCGCTACATCGGCTTGATTCAGATGAATGCGTCGTTGATGAAGTTCACGGGGCTGAGCGCGGCCATCTACACGGAAATTACGGACGTCGAAAACGAGATCAACGGCCTGGTGACCTACGACCGCCGCGTGATCAAAGTGGATACGGCGCGCATCCGTGCCGCGCACGAAGGCTTGATCCGCGCCTCGCGCGATCGAAACTCCGGCGAAGGCCCCGGGGGGATCCGCTCGGGGCAGCCTCGCTCGTTGCAGGTGACCACCGCCGGTCTGACGAACCGCTACCTGCGCCACCGCGATGGGCTCGTGTACACGGACGTCGTGACCGATGCCGATGGCGATCTGCCCAAGCGCGATGCCTCGTTCAAGGTCGTGCGCGGCCTCGCACGCGACGCGTGCTATTCGTTCGAGTCGCGCAATTTTCCCGGGCACTATCTGCGTCATCGGGGCGCACGCCTCTACAAAGATGCGCGCGATGGGACATCGGGGTTCGATGCCGATGCGACATTTTGCGCGAAGGCGGGGCTCTCGGGCACCGGCGTGTCGCTCGAGTCGTACAACGAGCCGGGGAAGCATTTGCGCCACTTCAATGCGGAGGTGTACATCGCCAGCAATGGCGGGCCCAATGCGTGGGACACCTCGGCCAACTATACCGCGGATGCGACCTGGAACCTGGTCGACCCATGGTGGAGAAGCTCGGCGGACCTGCCGCTGGGCGCGAACGAGTCCTTCCGCGTGATGACCACGGGCTTCACCAATCGGTACATTCGGCACCGCGACGGCTTGGGCTTCACCGAGGTGGTCGATGGCAATAGCCCGACGTTGCTGAAGCAGGATGCCACCTTCAAAGTGGTACGCGGCCTTGCGAACCCCACGTGCTACTCGCTGGAGTCGCGCAATTTCCCCGGGCAATACCTGCGCCACAAGAACTACCGCATTTACAAAGAGGCCCGCGACAACACCCCCTTGTTCGACGCCGACGCCACCTTCTGCGCCCAAGCCGACGTGGGCGGCCCCGGCGTCGTCCTGGAGTCGTACAACATGAAGGAGCACTACATCCGGCACATCAATGGCGAATTGTGGATGGCCCACCCCGGCGGCACCAATTCATGGGACAACCCCGAACTGCTCGGCGTGGACATCTACTGGAACGTCTCTCCACCCTGGGCGCCCTAATCTTCTACATCAGCGAGCGCGATCCTGGAACAGCGTCACGAAGAGAAGAAGAAACCGCCGTTCTTGGCGGTTTCCTTCTTCATAGTCGAGAATCGTGCTCACCATTTAGCGTAATACCTTCTTCAAAATCCGAAACGCTTGCTCCAGTTTTTCGGGAGGGCTGTTGCCATAACCGAAGGTGAGGCCCGGGCGGATGGATTCGACGGAGAACTTTGCTAGGCCCGAGATGTTCAAGCCGGCATCCAGGGCGCGGGTGCAGAGGGTGCGTTCGTCCCATGAGTCGTGAAGTTCGGCGGCGAGGTGGAGGCCGGCGTCGATGGCAATCAGCTTTCCCAAGGTGCGACCGGGGCCGGCGAACCAGTCGACGATGAATTGATGGCGCGCGCGGTAGAGTTTGCGCGTGCGGCGCAGGTGGCGGTCCATGCTGCCGTCGTCGAGGAAGCGCGCCAGGGTGCGCTGGAGAATCGCCGGGGAGTGGCAGTCGAGAAGGGCGCGCACGCTGGCCAAGGTGGAGGCGACTTCGCGGGGGGCGACGACGAAGCCCGTGCGAAGCGACGGGGATAGCGACTTGGAAAACGAGCCGATGTAGAGGACGCGCGCGCCCGTATCGAGTCGCTGCATCGGCTCGAGCGGGCGATCGCTGAAGCGGAATTCGCTGTCGTAATCGTCCTCCAGAATGAAGGCGCCGGTGGCCTGTGCCCAATCGAGCAAGAGGCGCCGGCGCACCAACGACAACACCGAACCGAGCGGAAACTGGTGCGATGGCGTCACGTAAACGAGCCGCGCGCGGGGAGGCAGCGACTCCACGACCAGGCCATGGTGGTCGGCCTGCACCGGAACGACCTTCACACCCCGCAATTCGGCCAATTGCCGAAAGGGCGGATAGCCCGGATCCTCGACGGCCACGGTATCGCCCGGCCGCGCCAGCGCGCTCAGAACGAGGTCGAACGCTTGCTGCGCGCCCGCCGTGACGACCACTTCCTCCGGCGCCGCGCGAACGCCGCGCGAGCGATGGATCCATGTCGCGATGGCCCTGCGCAGCGAAGGCTCGCCCGCCGCGTCACCATATTGCGTGCCCCCGTGCGTGCGGAGCTCGCGCATGGCGCGCCACGTTTGCGTGCGAAATTCCGTGTACGGAAAGGACTCCGCGTCGGGCACGCCGAGCTCCATTTGCATGGCGGCCGGCTCGTTCGGCGGTGCAGGGGACGCCGGCGCATGGCGACCGCGAAGCAACGGGGGCGTGACGCGCTGCAATTGGCTGCGGCGCGCCGGCAGGGTGACACGCGTGCCCGCCGCGCTCGCGCCCTCGAGAAAGCCCTCTGCGACGAGGTAGCCGTAGGCAGTCGTGACGGTGAAGCGCGAAATCGCCAATTGCTTGGCCAGCTCGCGCGACGGCGGCAACCGGTCCCCCGGCCGAATGCGTCCCTCCGCAATGGCCTGGCGAATCTGCTCGTAAAGAGCCCTGGCCAGGCCCCGCCGGTGATCGTCCGCGTTCAGATAGAAGTCCACTTGGTCTGGTCAAATTAACGCATTTTTGGTCATCGACCAAGTCCAAGCGGATCACTAAAACAAGGGCTGCAACATTGAACTGGGAGCCAAGAGTCATGAACAAGAAGACCAACGCCCGTCGTGAGACGAAGCCCCTGGACACCACGGAGTTGGACTGGGTGCCCATCGTTCCCGGCCTCTCCTTCAAGCCCATCACGTACTTTCCCGACAACTCCGGCTGGCAGCTGCTCCTGCGGCTCGAGCCCGGCACCGTGGTTCCGCCGCATCGCCATACCGGCGAGGTGCACGCGTTCAATGTGCAAGGTTCGCGTTACCTCATCAACACGAAGGAAGTCATTGGCCCCGGCACCTACGTTTACGAGCCGCCGGGCAACTGCGACACCTGGAGGCAGCATGGCGACGAGGCGTGCGTCGTGCACATAGAGGTGAATGGATCCATCGAATACATCGACGAGAAGGGCAACGTGACCCGCGTGTCCGATGCGCGCGAGAGCCAGACAATGTACCTCGAATGGTGTGAGAAACATGGACAGCCCGCACGTGTTGCAACGTACCTCTAAGGCGCAGCTACCCGTGCTCTACGCACGCGTGGCGCTCGGTCTGGCCTTTCTTTCGCCGGTGGCGAGCCGATTGGGGCTTTTGGGCAATGGCTCGAACTTCAAGAAGTTCATCGAGTTCACCGCCGAGGTGAACTCCTTCATGCCCGCGGCCACCATCCCTTTTCTCGCCGTCGCCGCCACCATTTGCGAGGCCTCGTTCGGGATTTCGCTCATCGTGGGATTTCGCCTGCGCTGGGTGGCCTTCGGGTCGGCGGGGTT
NZ_CP089982.1_gap7	277236	278150	914	GTGAGAGTGGATACGATCTCATTCGAAAAGTGCGCGAGCTGCCCAAAGAACGAGGTGGCGACATTCCCGCCGCGGCGCTCACGGCCTATGCCGAGCCAGAAGACCGCGAAGACGCGCTGCGCTCGGGCTTCATGATGCACATTCCGAAGCCCGTCGATCCCGTCGAGTTGCTCACGCTCGTTTCCGAGCTTGCGCGCATGGCGGCGTAGCTCGTGGCCTCTCGGTCACGTGGCCGCGTCGAGGCGCGAGAGCAATACGGGGAGCTCGGCGAGCGAGTCGATGTGATGAAACCTGGGGCGCTTGCGAACGGCCTCCTCGTCCTCCACCCGCTCCGCGGCCCATGTCGTGTGATAGGGCACGTGCACGCCGACCCCGCCGATGTCGAGCACCGGCACCACGTCGGACTTGAGTGAGTTGCCCACCATCAGGAACTTCTCGGGCGCGATGCCCAGCCGCGTGAGAATGCGCTCGTACGTGGCAGGCCGCTTTTCCGAGACGATTTCCACGGCGGAGAATCGATCGCCCAACCCCGAGCGGGCGAGTTTCGACTCCTGATCCAAGATATCTCCCTTGGTGATGAGCATGACTTTGTGCGTCTCGCTCACCTTGGCCACGGCATCGGCCGCGCCGGGCAACAGGTCCACGGGGTGCGATAGCATGGCGCGACCCGCGTCGATGATCTCCTGAATCTGCCGGGCGCCGACCCGTTCCTCCGAGAGCTCGATGGCCGTCTCGATCATCGAGAGCATGAACGCCTTGATCCCATAGCCGAACAGCTTCGAGTTCTTGATCTCGGTGGCCACGAGCCGCTCCTCGATTCCCTCCGAGGAAACGAACGGCTTCATCAACGCGAGGAATTTCTCTTGCGTGACGGTGAAAATGGACTCGTTATGCCACAGCGTATCGTCCGCATC
NZ_CP089982.1_gap8	372627	373969	1342	CTTCGCGCACAATCCCATCGTCCTTCACATCTCGCTGCGGGACCTTGGCGCGGACATCATCGCCGGGGCTCAGAATTTCGTGGACAGTGCCGAGCACGCGCTGTCGAACAACACGTCGCTGCACCTGGCGCAGATGGAGATGGGGCACGCGGACTTTTTGACCGGCACCATTTCCGATCTGATCGAGGGCCGGCGTGTGGCCGATCCGGAGAGGCTGCGGATCTTCTCGCCCTTCGGTCTCGGCGTGCTCGATCTCGCCCTCGGCAACCTGGTCTACCGCCGGGCCGTCGAGACGCGCCGCTTCGTCGCAGTGGACGACTTTTTTTACGAGAGAGAGCGCTGAGGCCCCTCATGATCCCAAATATCATTGCACCGTATCTCCAAGAGCACCACGGCGTGTTGCACGTCGGCGATCATTCGGTGATGGACCTGCGCGAGCGCTTTGGCTCGAATCTATTCGTGTTCTCCGAGTCGCAAATCACCGAAAACGTGCGCCACCTCCAGCGCGCCTATCAGGCGCACTATCCGCGATTTCGCATCATGTACGCGAGCAAGGCGTGCTCGAATCTGGAGATTCTGCGGCATATGGTATCCCTCGATTGCGGCATCGACGCCAACAGCGGTGGCGAGCTTTTCAAGGCTCGCCACATCGGCGTAAACCCCGAGCGCGTCGTCTACAACGGTACGTCCAAATCCGTCGACGAAGTCACCCAGGGCGTGCTCGCGGGCATTCGGGCCTTCAATGTCGATTCGATTTCGGAATTGAAGCGCATCGGGGACGTTGCCCGCCGACTCGGGCTCACCGCCAACGTCATGCCGCGGGTAATTCCGGGGGTGCTCGGCGGTACGGTGGCAGGCTTCGAGACGGGGCACGTGGGCTCGAAGTTCGGGATGCCCTTCGAAGATCTTCCCGAGGTGGCCCGGGTTCTCCGCGAGTACCCTTGTTTGAAGTTCCGAGGCTTCCACTGTCACGTCGGCTCGCAGGTCGTCCGCACGGAGGCCTTTTCCTCCGCCATGCGCAACGTGGTGGCGGAGATGGTGCGGTTTGGTCGCGAGACCGGATTCATGGCCGATACGATGAACATGGGCGGAGGCCTTCCCATCCCTCTGGTTCCCGAGGGGACGATGCCCGCGCATCGCGATGGAAGCCCGCTTCCCGAGGACGTGCAGGCGTTGATGCGCGGGACCATTTCGATTCCCGACGTGGCGGCGGAGACGGCGGCCGCTTGGAGGGCCGCGGGCGCGGATCCGGCGGATTTCGATGTTTTCATCGAGCCCGGTCGCAGCGTCATCGGCACGGCCGGTATTCTATTGAGCACCATCGAAGCAAGGAAAACGCGAC
NZ_CP089982.1_gap9	376057	380545	4488	CGTTCTCATCGGATTACCGCATTCCGAGGACGTCGTCGGCCGCACGGATTTCGACATGCCCTGTGAGACGGTGGCATGTGCTCCGATGTTTCAGAAGCAAGATCAGGAAGTGCTGCGCTCACGCCAGCCGCTGCGAATCCTGGATGTGCATCGCTTCGCCGACGGCAAGTGGCGCGCATTTCTCGTGACGAAGACACCTCTTTTCGGAGGTTCTTCGGAGAACGACGAGCCCATCGGCACGATGTTTTACGGGGTGGACATCACGTCGCCGGGCATCATCGAGTTGGGCTCGGTGCTCGGCCGGATCCACGCGGGCGCGGATCCCAAAGCGCTGGTCGGTGCCGGGAGCCATCTCGTCGAAGGATTCTCGGCCGATACGGGCACCTTGACGCGTCGGGAGGCGGAGATCCTCTTTTTTCTTCTTCGCGGAAAGAGCGCGAAGGAGACCGCGGTCATTCTGTCGATGTCACGGCGCACGGTGGAGCAGCACATCGACAAAATGAAGCAAAAGCTCGGCGCGCGAAGCAAATTCGAGCTCATCGAGGTGGCCATCGAAGCGGGGTACATGCACCGCATCCCGGATTCGCTCTTCTCGAGGCAGCTGTCGATAACCTTGGGTTGAGCAATCCTGACACGATGCTGTCATCGCCCCTGGGTAGCGTCGGGGCCATGACAGAGAACATCGCAGCGAAGTTGGTGGCGACGTATTTCGAGTCCTGGCGGAGCAGGGATTTCGACACATTGCGGTCGATTCTCGCGGACGACGCGAACTTCGTCGGTCCATTGGGCACGGCGGAGACCGGGGATGCTTGCCGGCAGGGGCTCGAGGGTTTGTCGAAGATCACGACGGACATCGTGATCCGGAAGATGGTGACCGATGGCAACGACGTGATCACGTGGTTCGAGCTCCACACGACCCAGGCGCCACCCATGGCCGTCGCCAACTGGAGTCACATCGAGAACGGCAAGATCAAGCGAATCCGCGTGACCTTCGACCCACGCCCCCTCACGGGCGGGAAGAAATGAATGACCCTTTGGCGACGGTGGCGTTCGTTACAACCCGAAGAGCAGTGTCAGCAGTTCGTCGATGTTCTCCATCTCTTGGACTTCGGCGCGTCCAACACGGCAACGACCAGTGTGTGCAGGTCGAGCTCTCCACTCTGGAGAACGATGAAATTCGCTGGCTTGCCGCCGGAAAATCCGGTTGCCGACGGTGATTTTAGGATGTCCCCTTTTCGTGGCTCTCACTTGCACATCCGATCGAGGAGTTCATTCGCAAGTCGCAGGCGCTCACGCGTTTGTGGCGACATCTTCGCGAGTGCCCCGTTGAGAGCTCGAATTCGGTCCTCTCGAAGTGCGCGCAGCCGTAGTTCTCGACAATATTCCGCTTCCGAACGGTCGCCAGCAAGCTGGCGCAAAAGGGCCCGATCCTTGGCAGGGATGTTGAGATTGATGCGCTCCATGCATCCTATTCTAAGGATGCGCTAGCGGGATGCAGAAAGGTACATCCCTTGCGCAGGCAGCAGCTGTACCGCTCAGCGGCGAGACGTGATCCGCGCGAGAAGTTCCGCGTTCTCGGGGACCCCACTGAGGAAGCGCTCGCGATCCGCCGTGTCGTGGAACGTGGCGGCGCGTGCCATCAATCGAGCGTGCGCCTGCTGCAGTGCCTCCGTGGGGGACTCGCGGGTCTTGGCGTAGACGAGGCGGATGCGCGATTCGGCGTCTTCGAAGGTGCCGATGCTGGTCAGGATCTCGTGGGACGAAGTGGCGGCTTCGCGGGCTTCGTCGAGGCGGCCGCCGTCGAGTAGGACCTCGGCCAGCACCGCGAGGGCGTGCGCGCGGTAGGGCGGGGACGCGATCAGCGTGCCCGCGGCCTCGCGTGCCGTCGATTCGGCTTTTTCGAGCGCGCCCGCGGAGCGGTGCACGTGGGCCAGCGCGGTGAGCGCAAAGCCCGCGAGGACGCGGTTGTGCGAAACGAGGGATGTCGCCGCGATGCTCGCCTCGTGCGCGGCCTCGTCGAACAGACCACGCTGCGCGATCGCCAGGGCCAGGATGGCCCGTGCGGTGTCACCTGCGTAGGCGAGCCCGATGCGCTCGGTCAGCGGGATCATCTCGCGCATCATCTCCTCCGCGTCGCCGGCGGCGCCCGCGAGAAGCGTCGCATGGCCCCACCACGCGCGCGCCAAAAGCGCATTGCGCGTATCGCCCGCGCTCTCGAAGGACCGAACGCAGGCTTCGCCGAGTTCCTTGTAGCTGCAAGGATTTCCGCCCAAGAAGCGCGCGCACTGACGTTGCGCGAGGAGCGCCCAGCCCCACGCCACCGGATCGGCCTTCGTCGGCTCGTCGCAGAAGGAAAGGAGCCGCTGCAGGAAGGCGCCCGCCATCGGGTAAATCCCCAGCGCACACGCGAACGACACCACGAACGACGCGGGCATCACGTACGCCGCGCGCGCCTCGGGCAGCGGATCGATGCTCTGCAGCTCGCCGACGACCCCGGCCAGCGCCGGCACGTTGCCGTGGTGCGCGTGCACCACCAGCTTGCCGGCCATCGTTTTGCACCACAGCGCACTTCCGCGCGGCAAATTCGCCGATGCCTCGTCCAGCCATGGCGCGACCGGCTCGTGATCGTTGCGCCAGATGTACGTCTCGGCTTGCACCAGGCGAAGCGCCCCGAGGCGCTCGCCGGTGACACCTTTGGCGATGGCCCGCTCCGCATCGCGAAGCGCCGCGTCCAGGTGATTCGCCTCGAAAGCTTGCTCGGCCGCGCGGCACCACCAATCGAGCGCCCGAACCGGATCGCCGGCGAGCTCGTAGTGCTCGGCCAGGTACCCGGCGTCGTCCTCCCCGCTGCGTTCGAGCCACGCGCCTGCCACTCGATGCGCCGCCGCGCGATCCTCGTCCGTCAGCATGGCGTACGCCCCATCACGAAGCAGCGCATGCCGAAAGCCGTATTCGTCCTCGCCCGCGAATTTCCCGGCCCCGCGGCGCACGATGATCTCCTCCTCGAGCAGCAGCGACAGCTCGCGCGACAGCGTCGCCGCCCGCTGCTGTCCGCCGAGGAGCTCGGCCACGCCACCCCGCCAGAAGACCTCGCCGAACACACTCGCCGCGCGCAGCACGCGCCGGGTGCGCGGTTGCAGCCGCTCCAGATGCGTGTGCACCATCGCCAGAATCGTATCCGGCAGGCCCTCGTGGTTTTTGCCCTGTGCGATGGCCCGGATCAACTCCTCCAGATAAAAGGCATTGCCCTCCGCGCGTTCCACCAGGCGCGCAATCAACTCCGCGCCGACCTTTTCCCCCAACGCATCGCGCACGAAGCGCTCCGCCGCCGTTCGCGACAGCGGCGACAGAGAAATCTCCTGCATCTTGCGCCGCTGCCGCAGATCCGGAAATTGCTCGTGCACCTCCGGCCGCGCCAGCGCGAGCAGCATCCACGGGCGCGCGTGCAGATCGCGCAGCGCCTCGCCGAGGCACTGCACCGACGGAAGATCTGCCCAGTGCATGTCCTCGATGACCACGATGACCGAGCCCGACGCCGTCTCCGCGGCAAGCAGCTCCTGCCACGCCCGGCGGATCTGCTCGAACATCACCGACGGATCGCGCCGCGCGGCAGGAAGCTCGGGGCTCGCGTCGTCGGGGAACGGCACAGTGGCCAGCTCGCCCACGAACGCCGCCACCCGCGCGACATTCTTTCGCGGCACCCGCTCCGCCACGCGTGCCACGATCTTCTGCTGGCTCAATTGCGCAGGCTCCCCGCGCACCAGGCCCGCGTGCCGCCGCACGGCCGGTGCGAGCAGCGAAAACGGCGAGCCTTGTCGCATCGAATCGCCCGAACCGAGCCACACGCGCGTGTTCGGCGCACGCGCTTCCAGGCGATGGAGAAACTCTTCCCGTAATCGCGACTTGCCCATGCCCGCCGGCGCCGTGACCAACACGCTCTGCGCGGACTTCTCCGAGACGCACTCGTCGAACGTCGCATCCAGCAGCGAGAGCTCGCGCTCACGCCCCACGAACGCCGCAGGCCGGCCGAGCAACGTGCGCGCTGGCACGACGTGCTCCCGCTCGCCGTGCAGCTCCAGGTGGTCGCCCGTTCCGGCCACCTCGAACCGAGCATCGAGCAGCGCCGCCGTCACCTCGTCGATGCGTATGGGCAGCGACCGCAAGCTCGGGCGCGGCGTCGCTCCTGAACGCGGCATGCGACTCTCGGGCGGCCGATCGAGCTCGCGCTCGAAGAGCCGCGCCGCGCGCTCGATGGCTTCGTCGATCGTGTCCGGCCCCGTGCGCGTTCGCCCGAGCTCGCGCCTCCCCGTGGCCAGCGCCATCGGCACCCAAGGCATCGCCGCGCGCAGCACCAGCGCACACCGCGCCGCGCGCATGGCTTGATCCGTGGCCGCCGTCTCACTGGCCGCCGCCCACAGCGTCATCACCAGCGCGCCGTTGCCGAGCCGATCCACCTTGGCCCCAAAGGGCCGCACCAGATCGGCGAGC
NZ_CP089982.1_gap10	393885	395850	1965	TGCTGCTGGCCGCGTGGGCATGGATCGGATTGCCCCGGGTCGACGAGGGCACGTTCGGCGCAGTGTTGTGTGTGGTCCTCGTCGGACTTGTCCTTCACGGCCTTTTGACCGGAGCGCAATCGGCCTTCTTCGCCGAGCTGTTCCCGAGCACCGTGCGCTACACCGGCGCGTCGCTTGGCTACCAATTGGCATCCGTCGTCGGAGGCTCGGCGGTACCGCTGCTCGGCGTCGCGTTGCTACGGCGCTACCATTCGACGGCGCCCATTGCGTGGCTGCTCATGGGCACACTCTCCTTGACGTTTCTCGCATTCATCTTCGCGGGGGAAACTCGCAAGTACGATTTGCGAACGATTGCCGACTGAATCCCTCACGCTCCCACGTGCGACGTCGGTCGGTGCCTGCTGTCGCCGTCAAAAAAATAGAGGGCCGTCGTTTTCCTGACCAAGAGTCAACAGCGAGGGCCATGGGGAAGATGAGGCAACACCGCGAGCGCGGAGATCCGCAGCGCGCGTCAACTACTACACAATGGAGGCCTGCCATGAGGAAGCTGGCGAGGACATGGGGCATGGTTGCGTTGATTCTCGGGACGAGTTTGGGCATGGGCTGCTCGTCCGGAGATTCCGAGAATACCGGGAAAGACGATTCGGCCCTTTCGACGATTTCAGGGCACGTCACCGCGCAGGGATCGGGGAGCGTGGGTGCGGGGTTGGCAGGGCAGGGCACACTAGGGGTTACGAAGTCGGTCCGAGCGTCGGCTTTCGCCGATGGCAAATTTTCCGTGGTGGCCAATGCATCTTTGGACGCCAATGGTTCCTATTCGCTCAGCGTACCGGCCAATTTGAAGGCCGATATCGTGCTCGTCGAGGCGCTCGATGCGTCGGGTAAGGTCGTGGGGTCCGCCATTTTGGAGGCGACGGCGCACGTGGCCGGTGGGGCCGTGATCGCGGCGCCCATTTCGACGGAAAGCTCGATCGAAGCCAAGGCGCTCGCCGACCTCGCGGTCTCCGGATCCATCTCCGGCGAGGCATGCGTGTCGCTGGCGGCCGAATTGCACGGGTTCGTCGATGCCACCGTGGAGGCTCAGATTGCGGCGGCGGCCAATGCGGGCATCAGCGTGGATGCCCTGGTGCATTCCGTGGCCAAAGCCGCCTTCATCGCCCATTCGGCCCACGCGCGCGCGCTGGCCAATGCGCACGCGAGCCTCGATGCGCACGCCGTGGCGCAGGCCCGAATCGATGCAGCGGCCAGCTTGAGCAAATCCCTCGACGCCACCATCGGCCTCGATGCGCAAGGTGCGGCGACCGCGTCGCTCCAGGCCAACATCGATTTCAATGCCAGCGTCGACGCCGCCATCGCTGCTTCGGTGGCGGCCGACGTGCACGCGAATGCCAAGGCGGCTGCGGCACTCGCCTTCAACGCCGCATTCTCCGCGTCGCTCGAGGCGAGCATCGACGCGCACGCCGACGTGAAGGTCGAGGCGAAGAAGAGCATTTTCCTCTCCGTGCAAAAGTCGGCCAAGCTCGAGGCGGATGCGACGGTTCGCACCATTCTCGATGCCCTCGTCACCAAGAAGGCCCCGGCGGCCTCCATCGCCATCGTGGAAAGCGCGGCCCTGAAGCTGCAGACGGACATCAACGTGGCCGTCGACGCGCAGGCCATCGTGAAAGCGCGGGCGGAGTTCCTCGCGAAGATCAACTCGAATTGCAACTTGGGGTTCCTCGGATTCGCCTTGGATCTGGCCCTGAGCATCCAGGCGAGCTTCGAGGCGGCCATCGGCTTCTGCCTGCAGGTGCAGGCGGGGGTGGGCGTCGACCTCAACGCCTCGCTCGAAGTGGTGAAGAGCATCGCCGTCGATCTCGACAAGGGCAAAATCGATATCGACGCACGACTCAATGCCGCCTTCGACGGTGTCGTTTCGGGCTACTTGAAGGTGTCCAATTCGTGCCCCAACGGCGGTGGCGGAAG
NZ_CP089982.1_gap11	439445	441890	2445	CGTCCCCGCGGCCATCGAAATGATGGACCGCTTGGCCATCGTGGCCATCAAAGCGGCCACCGGCGTCGACTGGCCCGATGTTGGCGCGGCGTTGTTGATGGATGTGGATGGCCCCGTTGCGGAGGTGGAGCACACCGCGGCGGAGGCCACGCGTCTCACGCGGCAGGCGGGCGCCCTCGAGATCCGCGTGCCCCGCGATGCCGCGGAGCGCGACGTGATGTGGCGAGGTCGCAAGAGCGCCTTTGCCGCGATGGGGCGTATTAGCCCGAATTACGTGGTGCAGGACGGGGTAATTCCGCGCTCGGAAATCGCGCCGGTGCTGCGCGAGATCGAGCGGCTCTCGGCGTCGTCGGGGCTTCGCATCGCGAATGTCTTCCACGCCGGCGATGGGAATTTGCATCCCCTGGTGCTCTACGATGCGGCGGTGCCGGGGCAGGAGAAGCTCGCGGAGGAGACGGCGGGCGAGATCCTCAAGATATGCGTGCGCACCGGCGGTTCCATCACCGGTGAACACGGCGTGGGGGCGGACAAGGCCCCGTACATGACCGAGATGTTCTCCGAGGACGATTTGGCGACGATGAACATGGTGCGCTGCGCCTTCGATCCCGAGGTGCGCATGAACCCTGGCAAAGTCTTTCCCACGCCGCGTCTCTGCGGGGACAAACCCGGCAAGTACGTTCCGCATGAAACGGAGACCGCAGGCCTCGCGGGGCGCGGCTGATGGACCTCGAAGCGCGGGTGGAGCGAGCGCCGGCGAGTGCGGACGAGTGCGCGCACGTGATGGCGGAGTGCGCGCGCGAGCGATGGCGTGTCGGCTTCGTGGGCGGTGGGACGGAGCTTTCGCTGGGCCATCCGCCGTCGGATCTCGATGCAGTGGTTCGCACGCGCGGCATGGCGCGCGTGCTCGATTACGCGCCCGCCGACATGGTCATCAGCGTCGAGGCGGGCGTGACGCTCGCCGAGGTGCAAGCGGTGGCGCGCGCCGAGCGGCAGATGCTGGCGCTCGATGCTCCGCACCCTGCGCGGGCGACCATGGGCGGTATCATCTCCACGGGAGCCTTCGGTCCGCGGCGTGCGCGCTACGGGGCGGTGCGCGATCTCATCATCGGAGTGACTTTGGTGCGCGCCGATGGAGTGGTGGCCCGCGGTGGCGGCAAGGTCGTGAAGAACGTCGCGGGCTTCGACCTGCCCAAGGTCGTATGCGGTTCTCTGGGGACTTTGGGGCTCGTTGCTACGGCAACATTTCGCCTGCACCCCTTGCCGGATGCCGCGACGACGGTGATCTTTCCTGGTGTTTCCGCGGACGAGGTGGTGACGAAGGTGGGGCAGCTCTGGCAGGCCCAGCTCGAGCCCACCGGTGTGGTGGCTTTGGGAACGCTCTCCAGGATGGATCTCGGGGTGCGTTTCGAGGGGTTCGAAAAAGCCATCGACGCCCAGGCGCTGCGCGCGTGCGGCCTCGGCGCGGAGCGGCTCTCGGAGGAGGCTGCGGCCGCATTTTGGACGCGGCACGATGAGGCGCGCACGCGTGGGGCGTTGCGCATCAAGGTGGCCACCTTGCCCTCGCGCCTCGCGCCGCTGGTAAAGACGCTCGAGCCGCTGATGCACGCGCTCCACGGTGGTGCCTTCGTGGGTTACGCGAGCCTGGGGCTCGGTTTCATCACCGGAGATGTCGGCGATGCGCCGGCCGTGATCGCGGCCCTGCGTTCGGCGCGCGAAGCGTTGGTCTCGGTGCCGGGGGCGGCGGGCTCGCTCGTCCTCGAGGACGCGCCCGCGGAGGTTCGCGCGGGCATCGATCCCTGGGGGCCGGCGGCGGCGGGATCCTTTGCGGTGATGTCCGAGCTCAAACTGCGCTTCGATCCGGAGCGGCGTCTCAACCCGGGTCGTTTCATCGGAGGCCTCTGACATGGCAGAGCGGAAGCTCATCGACGAGTGCGTCCACTGCGGTTTCTGCCTCCCTACGTGCCCCACGTACCAATCGTGGGGCGAGGAGATGGACTCGCCGCGCGGGCGCATCTACCTCATGAAATCGCTCACCGAGGGCAATGTGCTTTCGCCCACGGTGGTGCGCCATTTCGATCAATGCCTCGGGTGCATGGCCTGCGTGACGGCGTGCCCTTCGGGCGTGAAGTACGACGCGCTCATCGAACAGACCCGCGCCGAGGTGGAGCGCTCCCCGGCACGCACCGCCTCCGAGCGCTGGTTTCGCGGCATGATCTTCGCGCTGTTCCCGCATCCGAGTCGCCTCAAAGTGATGGTGGCGCTGCAGCTTCTCTACGTCAAAACGGGGCTGCGCTGGCTGGTGCACAAGCTGGGCATCTTGCGGCTCCTGCCTGCGCGGTGGCGCAACCTGGAGACTTTGATGCCCGCCGTCTCGGCGCATCAACTGCTCGCGCGGCTTCCGGCATTCACGGCAGCGCAGGGGGCCCGGCGCGCGAAGGTCGCGCT
NZ_CP089982.1_gap12	460421	464417	3996	CGGCGTCATCTTTTCGAGGTACCCGCTCAATCGCTCGTTGGTAAAGGCGTGTTGCAGAATGCGCCGGTGGTGCAGGTGCTCCTCGAAATCGAGAAGCATGATGCCGCGGTGGAAGAAAGGGCCAATCCAATAGCCCCAACCCGGGCCGTTCGCGAAGGCCTTGTCTCGATTCTGAAGGACGACCTCGGAGGCTTTGGGACCCAAAGGAAAAACCCAGTACTGGCCGAGGATGCGGCCCCACGATACCGGACCGAATTGCTCGTAGCGGTAACGCAGAAAGGGCATGGGATCGCGGAGAAAAACCATGGCCAGCGTATGTCCGAGCCACGGAAGCCCGTCGTCGCCGGGCACGGGCTCGAGATCGCTGTCCTCGGGGATCCTCGAGAGCGGGCGCAGGACCAAAAGACGGCGGTTCGTGGCGATGAGGATCCGATCCGTCAAACTGGCACGTGGCATGACGAGCTCCTCAGACATGGGCGGGATGCGAGGTGTCCGGCTTGATGATGCCACCCGCGCTGCGTGCCCCCTCATGGAAGATCTCGATGAGACGCAATTGCTCCTGACGGCCTCGTTCGATGAGGCGCCGGTATCCGCCCGGCAAGGCGCGATGCACCGCCTGCCAGACGAAGCGGCCTGGAATGGTCAACATGGGATACCACGGCAGAATGGTGGGCACTCCGAGCTTGGCCAATCCCTTTTTGCCAACGAGAAACCGACTCATGCTCAGGTGTTTCGAATGCTCGAAACGCCGTCGTAGCCATTGAAAGTGCGCGTAGTGGCGTGTGAGCGGCTCGGCAGCCAGCGATTGCGCCAAAAGGCGCGCGCTTTCACCGCCGCGCGGATGGGTGCTGACGGCGTGCATCAACAGGCGAATGGCATCGTGTACCGAATCGAAGAGAAACTCGTCTTTGACGCCAAGGAGCCAGGCCACATAGCGGCCGTGGTGAATGACGGCGTCGCATTCGTCGCGCGTGATGGGTACACCCAGGAGGCGACTGGCAAAAGCCACCAGCGCGATGCCCAGAATGGTGGCCAGCATGTCCGTTTGGTTGATGGGCAATCCCCACATGGCAGCATCCCATTTGGGATTGCGCTCGAGGGCGCGGTTCACCAATGCGTGCACCATGCGGACGCGAATGGTGCTCTTGAATCCCGCGCCGAAGCGCTCGAGGCCGTCCGGCGATACCGTGTCCGCTCCCCAGGTGGCGGTTTCCGCGAAGCGGCGGCCGCTGCCCTTGTGCAGGGCACCGGTCATCATGAGTTGCTCGTTGAAGCCGGCGAGGAGGTAACCGCCCATGATGGACATGTCGCGGCCGATGTACACGGCCATGGGGCCGATCGCGTTGACCGCACGCGCGCCGCGGCGCACCTTCGCCATGTCGACCCATTTGGGGCGGCGATCGATGCGCGCGAAGAAGGCGCGCAGCTCCTCGGGTGCGTCGGGCACGGACTCGATGCCCTGCTCGAGGGCCTGCTCGAACAGCGCCTTGCCCTGCTTCGCATCGGTGGCGAACATCCAATCGACGAGGCGGCCCATCGGCTCGTCGCGTTCCCAGAGACCGTCGATCATGCGCTCACGCAGGGCCGCGTCCCAATGGACGGGGCCGCCGACGACGGCGTGCATGATCCGGTCGTGCAGCGCGCGCGGTAGCCCGGAAATCAGCGCGGGTTCGCGCCGCGGGAAGGGTGGCACACGACGGGGAACGCGCTGACCATCCATGGGTCAAGAGATACATGATATGCTCCTCGTGTTCCACATGTTCCATTCTCGGCCGAGAAGCCCTAGGCTCATTTCCGAATGATCCCGCGCCTTTCCGGGCTGCTCGCCCGAGCCATCGAACCTACGCCCGAGTCCGATGCCTTCGCGGAGCGCATTCTGGATGCGGCGCTGCTCGAAATTGCGGCGGTGGGCATTCAGCGGCTGACCCTCGTCGACGTGGCCCGGCGCGCGGGCGTGGGGCGCGTGACCGTGTACCGTCGCTTCGCCGATCGCGAGAGCCTGCTCGAGGCCCTCGCGCAGCGTGAGTCGCGGCGGTTCTACATCGCGGTGAGCGAGGCCGCGGCCCGTGCGGCGACGATAGAGGAGCGCCTCACGGAGGGATTCGTCACATTCGTGCGGTTCGCGCGCACGCATCCGGTGCTGCAGCGTCTCACGCGAACGGAGCCGCACGCCCTTCTCGAGTACGTACTCGGCGACGATGCGGCGGCGTTTCGCGTGGGCTGCAGCTTCATGGCCACGCAGCTTCGCAGCGTGAACGCCGTCGAGCCGGAGCGGCTCGAGTGGGTGGCGGAAACCCTGGTGCGCATCGCGCTGTCCTTCGTGCTGCCGCTGCCGAGCGTGGTGCGGTTGGACGACGATGCAGCAGCCCGCGCCTATGCGCGCGATTGCATTCTGCCGCTGGTGGCCTTTCGCCAGCGAAGCGGCGTGGTGCCCTCCCAGCCGTGAAAGGCGCGGGTGAACGAATTGACCTCCTCGAAGCCAAGGAGGTACGCGACCTCGTTGGGCTCGAGGTTCGTGTGGGCCAAGAGCCGGAGTGAGGTGTCGCGGCGCACGTCGTCGAGCAGCTTTTGATACGTCGTCCCGAGTTCCTCGAGGCGCCGCTGCAGGGTGCGCGGGCTGATGTGCATGTCCTCGGCGATCTTCTCCACGCTCGGTCGCTCGCCGTGCATGCGCCGCCCGAGCGCGGTTCGGACGTCGTCGGCGAGGGAGCGCGAGGTGAGGCGCTCGCGCAATTGCGATTCGAGCGTCGGGAGCATCAGCTCGAGCAGATCGGCGTTGTGGGTGAGGAAGGGACGCGCGAGATCTTTCTCGTCGAACACGAGCCGATCGAGCGATGCATCGAAGTGGATCTCGCAGCCGAAATGGCGGTGAAAGAGCGCCTCTTCGGCCCGCCGGCGCGCGAGCTCGACGCGCACCGGTATGATCGGCGCCCCCGAGCCGCGGCGCCCTACGACGACCAACGTCGAGAAGGTGGCATCCACGAGGAGCATGGGCATCGACTCCTCGAGGTGCATCCAGTGAAAGGAGATCCGCGCCTCGCCGCCGGCCACCTCGACGGACACGCGCTCCGAGCAGACGAGCCGCTTGTAGCGTGCGAACTTCTTCAACGCCTCACCGAGGCTCGGCGAGTGCAGCGCGGTCATCGTCACGATGTCGAGCTGGTGGGGCAGGGCCTCCGACCCGACACGCAGGCCGATGTCGCGCGCCGGCATCACCTCCTCGACGGCGCGCCAGAACGCGAACAGCTCGGCCGGCGAGATGCGCGCCCGCGAAGTCTGGAACCGCGAAGGCAGGATGCCCGCGCGGTCCAAGACGCGGCGCACGTCGACGCCCAGCTCGGTCAAGCGATCGAGCAGGGCGCTCGGCACCGGGACCAGATCCGCAGGCAAATCAGCCCCCGCGTTGCTGCGAGGCGAGGAATTTGGCAATCGGCGTGTCGGCAAAGTCTCCCATCCCCTCGAAGTCGGTCGAGACGCTGAGAGTTTTCCATTTCGCGTCCTCGGCTGCACGCGCCTTGAGCACGAGATCTGCGCAGAACGCGGCATCGGACCCGGCCAAGAACCGAAGCGGCGGCTCTTTTTCCGCGGCGATGCGCAGGATGGCTTGGGCCACCTTGCTGGGGTCGCCGCGCATGATGGCCGGGCCGCGGTTCTGGAACATGGCGCCCACCGTCGCTTGGTAGTCGGGATCGATGTCGTCGATGCGCATCGACGGGCCGGCCCAATCCGTGCGCATGCCGCCCGGCTCGATGACGGTGACGCGGATGCCCAGCGGGCCGACCTCCTTGGCGAGCACCTCGGAGAACTGGGCGACGGCAGCCTTCGAGGCTTGGTACGCCGCGATACCCGGCGATCCCATTCGGCTGCCGACGGACGAGACTTGGATGATGTGCCCATCGCGCTGGGCGCGGAGCACGGGAAGTGCGGCGCGTGTGACGTTCACCACGCCGAAGAAGTTCGTCTCGACCTGCGCGCGGAAGTCGTCTTCCGCCATGT
NZ_CP089982.1_gap13	466829	470705	3876	CTTCATCACGCACCAGCATTCCGATCACAACTTGGAGTTCGGCAATCTGGCCCTCTCCGCGTGGAACGCGAACCTGTCGGAGACGATGACCTTTTACGGTCCGCCACCGATGGCGGCGATGCTTCGCTCCTACCTGGAGACGAACGCCTTCGACATCGACACGCGCATCGCGGACCAGGGCCTGCCGGACGTGCGCCGTCTGGTCGCTGCACGCGAAATCGCGGAACCGGGGCTCGTTCTCGACGATGGGCGCGTTCGCGTTTCCGCGGCGCGGGTGAACCATCCGCCGATCGAGCAGAGTTACGCCTTCCGCTTCGACACGCGCCATGGCTCCGTGGTCTTCTCGGGCGACACGACCCCGTCGGACGCGCTCGTGAAGCTTGCGCGCGGGGCGGATTGGCTCGTGCACGAGGTGCTGCACCTGCCCTCGTTGGATGGGTTGGTCGCAACAGGCCGCACGGAGCCAAAGCTGCGGGCGCATTTGCTCGCGTCGCACACCACGAACGAGCAAGTCGGCAAAGTCGCAGCGGATGCGGGGGTGAAGCACCTGGTGCTGTCGCACCTCGTGTCGTTCGGAACCGTCACCGACGAACAATGGCTGGCATCGTGCAGGGGCCCTTACGAGGGCCCCATTTTCGTTGCGCACGATGGTCAAATGATCATTTGAGACCCGTATCCACGGCCGTCATCAAGGTGCCGGTGTCTCCGGACATCTCCCAGGCCATGGCGCCGAGCAGGCCCTTGCTCTTGATCCACGCCGTCTTCTTCTGAATCGACCATGCGTCGTCGAATGTCCACCATTGGCCGCCGTTGCCGGTGAAGCAATACGTGGCCACGGAGGCCTCGTCATGGCGCACGGTGCAATTGGGCACGCTGGAAATCAAATTGGCATAGCCGCGTGTTCCCGCCTCCTCTTGGAACTGCCCCGGCGCCGCGCCGTTGGCCGCTTGCCATTCACCGAATTTGCCTCCATCGGTGACGCTCTGCCATCCGCGTCCGTAAAAGGCCAACCCCACGGTGAGCTTGCGCGGGCTCACCCCGGCGGACGTGTACGCATTGATGGCGTTCTCCACGCTGAAGTGGAACGAATACGGATCCTCGGCATCCGCATAAAGATTGCCTTGGTGCCCCGTGCGATTGGGCTCCCAGGAATTGTCGCTGCCGGCGCCGTGGAAGTCGTAACCTTGCACATTGAAGATGTCGAGCGACGTCGCATCCTGCGCCAGGTCCCACCCCGCGGCAATCTTCGCCGGATCGGCCGGGGTGAACGCGGTGAGCTGGTAACGCTTTCCGGTTTGCGTGCCCAATGCATCGAGCTGGCGGCGGAATTCGGCCAGGAGCAGCGCGAGGTTCGCCTTGTCGTTGGGGCTCACATGGTTGCCTGCGTGGCCTTCCGCGCCCGGCCACTCCCAATCGATGTCGATGCCATCGAAGATGCCCGCCGCCGTTCCCGGCCCACCCGCGCTGTTGTACACGGGCAAATTGCCCTTGATGTACATGTCCACGCACGAGCTCACGAACTTCTTCCGCGCCGCATCGGTCGCCGACACGTCGGAGAAGTACTTCGAATACGTCCACCCGCCGAGGGAAATGAGCACCTTCAAGTTGGGGTATTTGGCCTTCAGCTTCTTGAGCTGGTTATAATTGCCGCGGAGGCTCTCCCATCCCGTGTCGGCCACGCCATCCACGGATTGCGCCGCCGAGAAGGGCCGGCTGTAATCCGCTTCCGCATCGCCGGCACCATCGCCTTGATTCGGATCTTGCGGATTCGACGTTGTAGCCTTGGTCACCCCGTGGAGGCACGTCAGATTGACCGGATCGATGTTGCCGAATGCATAATTGAGGTGGGTCAGCTTGGCCGCGGCACCGGTCGTGTCCAAATTGCGCACGAAATATTGTCGCCCGTAAATGCCCCACTGGACGAAATAGCCCACCCGCGCATACCCGTTTACGATGTCGCTGGTGGTGACACTCAATGCGGTGCTCGCCGCCGAGGTATTGTCGTAGCCATCGCGTGCGCGAACGGTGAAGGTGTATTTCGTCGACGGGGCAAGCCCGCTCACCTTGGCCGACGTTCCCGTCACCGTGGCGGCGAGGGTGCTGCCCGAGTACACGTCGTAGGCGACGACCCCCGTGTTGTCCGTCGAGGCATTCCATGCAAGCGATACGCTGCCAGCATCGACGGCGGTGCTGCGCAGGTTGCCCGGCGCCGTGGGCGCCTGCGTGTCGTCGGACGGGTTGTTCGTGCGCACCGTGAGCGGGGCGCTCGCCGGCGAGGCGGTGCCTTTGCGATCTTTGGCGCGCACCGTAAACGTGTAATCGGTATTCGGCGTGAGCCCGGTCACGGTGGCCGTGGTATCGGTCACCGACGCGGCGAGGGTGCTGCCGCGGTAAACCTCGTAGCCAACCACCGGCAGCGATCCGGGTTGTGCGGCATTCCACGCCAGGGTCACCGTCTTCGTCGTTTTCACGGTGGCCCGGAAATTCGTGGGCGCGGCCGGCGGCGCGTCGGCCGACCCATCGCAATTGGCATCATCGATGCGGCAACTCGTCGGCGTCGCCGTGGAGCTGAGTCGGAAGGTCGGGCTGTACGGGTACGTGGAGCGGCCCGGCTGCAGCGTGTTGATGTAATACGCCGGGGTCAGGGTCACATGGGTCCCACTCTGGCTCACCGTACCGTGTTCGCCCGAGGTGACGGTCACCCCCGAGGGCACGTCGAAGGTGATCGTCCACCCCGTCACCGCCTCGGTGCTCTTGTTCGTCACCGTGTATTCGCCGGTGGTGCCGTTCAGCGCGAGGGCCGCGGTCAGTCGCCCCGCGGCCAGCACCGGTGATGCCGTCGTGCCCAGCACGAGCTCGTTCTCGGCCGTGCATCCGGCCCCTTCGAAGGTCGCGGTGAGCGTCACCGCGACCGTCAATCCGTAAGCCCATCGACTGAATTGAAATTTGGACACGGGATTTCCTCCTGCTAAGCCGCCAACGCGGAATGCGCGCGCGGCTACGCAAGGAGCATTCCCTCCTAGGAAATCCCGTTGGGTCCTGTCGCGATGATCGATCGGATCATGGCGAACCCGATCACGGCCGGAAATGATGCAGCACGGCGTCGTTCATCCATTTGCCCTCCGCGAACTTGCGCCGCATCTCGGGCGTGTCGTTCATGACCAAGATGAGCTCCCAGTACCGCCCCACACGAGCGTCGCTGTCGAAGCGATCGTAGAGATCGCGCCGCACCGCATCGCTGAGGGGAACGCCACGCGCCTCCGCGAGGTTTGCTGCATACCGTTCCAAGATGGCGCGGGCTTCGTCCGAGTCGGGCGCGATGCCGCGTGTTGCGGCGTCCGTCAGATCGTCCGCGATGGCTTCGCAGGCGCGTTTCATCGCGGCCATTTCGGACGGTTCCAATGCATTTTTGGCCTGCTTTTGCAGATTCGCCACGAACGTGCGATCGGCGAGCAGCTCGGAGAGCTCGATCCATGCATCGTGCTGCTCGGACGTGGGATTCTCCGGCAGTTGGGGCATGGTGCTTTCGATCACCTGGCGCTTCCAGGCCTCCTCCACGTTGGCACCTTGGAATGCATTTTCGAAGAATCCTTCGATGACGGCTTTTCGTTGTTCTGTGGACAATCGGGTCACGGCACATATCCTCCTTACGTCGTCGGCGGAGGGCTCGGAGCGGAGGGCTGCACGCAACGCGGCCCCGATGCGCTGCAGGGAAGCGATGTGCGCTTCCACGGCGGCGAGCCGGAGCCGGAGTGCATCCGCGAGCGACGCCTCGCGTTGCAGCACTTTCTTGATGGAATCGAGACCAAGGCCCGCTTCGCGCAGCGTTCGCACGAGGTCGAGGCGCACGAGTGCCTCCTCCCCGTACAAGCGATA
NZ_CP089982.1_gap14	476257	478027	1770	GAGGGGAACTCGTCCACCGAGCACGAGGTCACCGTCACCGAGGCCGACATCCAGCGTTACGCCCCGGGCGCGACGCCCGAGCACCTGCTCGAAGCGTCGTTCGAGTTCCTGCTCGAGCGCGAGCCCAAGGAGTCGATCCTCTCGAGCTTCGCGCTGCCCGTCATCGAGCGGTACTTCCCCGAGTACCCTCGGCAAATCCGCACCGCCGTCCGCACATCCTGACGCCGGCGCTAGATATCGCCGGTCATCTTTAGATAGTAGGCACGGCCCGGTCGCTGCAACCCGAAGACGTCGAAGACTCGTTCGTCGGTGACGTTCTGCACTTCGAAGGTGGTGGTGACCGTGGCCGGGCCCGCGAGAATGTACGAGATGCCAACGTTGTGGGTGATCTGCGATGGGATCACGTCCTTGTAGACGGTGAGGCCCTGGCTTCCCCAGGTGCGGTAGAAGTCGTGCACGTACCGGCCCGTGTAAAAAGGTTCGATGCGGTCAGTAGGGGTCACGATGTTGCGGAACCGCAGCTCGGCGCCCCAGCTCCCGTACATCCACGGCCGGTTGGCAATGCGATCGCCGTCGAAGGCGCGAAAGGGACCCTCCGTGGACACGTTTCGCAGATTCTGAAACGTGAAGCTCCCGTCGAGGCGCAGCCAGCGGCCCGGCAGATCCCACGAAACCGCATTCTCGATCCCGTAGTTCCGCGTCCGATAGACGTTCTGATACGTAATGAACTTGTCCGAGGGCAGCGGCGTAATGAGATTGTCGCCGCTTCTGAAGAAGAAATTCACGTCCACGACGAACGAACCCACTGGCGTCCGTTTCAGCTCCACACGCGGGCCCAGGTTGAAGTTGTGGCTCGTTTCCGGTTGCAAATCCAAATTAGGTCGAATCAATACACCATTGCCGAACATCTCGAAAGCACTCGGGAGCCGTGTGGCATATTCGTACGATGTCTTGGCATACAGCCACGGCGTGAATCGATAACGGAGCGAATCGCCTGCCCCCAACGTGTGCGAGCTTCGTGAAACCGAGTTGAAGCTCGTCGTCCCGGCGACCTCGCCTTCCATCCGCATCACGTAATCCTTGGCCAGGACCACGTTCTCCAGGCGGTCGCCAAACCAATGGCTCTCGTACTCCATGCCGGTGACCAATTTGAAAAGGTCCCGTTTCCCGCCCTGCGGATCGGGCGCACCGGGATTGGGCAGAATGCGCTCCTCGCCCGTGCGAAAAGTGGCTTGGGGCGTAACGCTCAACCGAACGACGTGGGAGGGGTGAATGGCCCAGGAGAGCACGGCATTGCCATACGCATTGTTTTGCCAGAACGTCTGGTCGTGCGGAATCTGCTCGATTTCACCGCGCGGAAAGCGCTCCCTGGTTCGGCGTCCGAACCAATCGTATACCCATTCCGAGTCGTCCACGAAATCGATGATGCGCCGGGAAAAACTGGCGGTCGCCTTCAATTCGAAATTTCGTGCGAAGGGCTGCTCGTAGCGCAAGGTGGCGCCGTAAATGGTTTCTCCGTAGGTGACCTCGCCGTAGGGCACGGTCATCGCGATGTTGTTCTGCAGATCCTTGTCGTAGGTCGATGCGAACGCCTTGAGGATCAGCAGACGCGCCCACGGGCGATCGACCACGCCCACTTCGGCGAAGCCGCCGTAGGCCATGTAGCGATCGTGAAAGCGCTTCACCGTGGCCGTACTGCTGCGGCCGAGCGCGTCGGCCACCTCGGCGTCCACGGGATAATTGTTCTTCGCGTGATCCAAAAAGAGCGAC
NZ_CP089982.1_gap15	498199	503125	4926	GCGACCAAAGACGATCCTCCGTTCATTCCGTCGAACGATGGTGATCCCTGGCGGAACACCACGGGCTGGGAAGTGCTCTCGAGTGCCCCCACGGCCTTCCGCCTCGAAGTCTCCAATGATGGAACGTCTTGGCGAAGCGTGTACGAAACGACGTCGACCGCGGGCGGTGTCGTTCCGATTGCCTTGCCATCTCCGGTGACCGCGCGGTGGGTGCGTCTGCTGGTGACCCATCGGCTGCACGAGAACAACCCCGTGGGCCTGAACGGGTTCCAAGTGTATGGCACCTGCGATCGCGATCGCCCGCCGGCCAAAGGCTGGACTTCGTGGGGCACGCACCGCACCGAGGTCTTGCCCTTGGCCGCCGCGGCCGACGGCTCCGTGCCGCTCGAATCGGGGTGGGTGCTCACCTTGGACGATTGGGCGGGAAGCAGCGATGGCGCGGTGCTGTCGGGTGCGAACGTGGACGCCTCGGGGTGGCTGCCCGCGATCGTGCCGGGCACCGTGCTCGCCGCTTTGGTGGAAGAGGGACACCTGCCCGATCCCGTATCGGGCATGAACAATTTTCACGTGCCGGAGATGCTCTCGCGGCATGCCTGGTGGTACCGCAGGGCCTTCACCTTGCCACGCGAGCTCGACGCGCGTTCGGGCCGTCGCATTTGGCTCGAGCTGGACGGCATCAATCACAAGGCCGAAATCTGGCTCAATGGTGCAGCCATTGGCACCTTGTTGCATCCGTTCGCGCGGGCGTCGTTCGATATTACCTCCGCGCTTCGCTCGGCGCGGGAGCTGCAGGCGCTGGCCGTGCGGGTTACGCCCATGCCGACGCCGGGCAACCCCGGCGACAAGGGGGAGGACGGCAATGCCTTCGTCAACTCGGCGCGCCTGTACCTCGATTCGCCCACGTACCTGTCGGCCTCCGGGTGGGACTGGATGCCTTCGGTGCGCGATCGGGCGGCGGGCATCTGGAACCACGTGCGACTGCGATCGACCGGCGATGCGGTCATCGGCGATCCTCGGGTCAAGTCGGTGCTGCCGTACCTTCCCGATACGAGCGCGGCGGAGCTTACCTTGACGATTCCCGTCCGCAATGCGGGAAGCTCCAGTGCGTCGGTGATGGTGCGCGCGGAATTCGACGGTATTTCGGTGAGCAAGACCGTGTCCGTCGATGCCGGGGCCACGGTGAACGCGGTCTTCAGCCCCGCGGATCACCCCGAGCTGCGCCTCGAGGATCCCGAGCTATGGTGGCCCAACGGCTACGGCGATCCCGCGCTTCACGATCTTACGATTACGGCGTTCATGGGCGGCGAGCCAAGCGATCGCCGCACCACTCGATTTGGCATTCGGCAATTCGATTACAGCTACGATCTGCCCATCGTCATCGACCCGGCGACGAGCTCCGCCCGGCAGGTCGTCGATTTTCCGAAGCGCACGGCGCGCCATGTGCGCATTCAATGCGGACGGCGTGCCACGGGGTGGGGCAATTCGTTATGGACTCTATCGGTCCTCGACAGCGCATCGCCCGACGTCGATCTGGCGTTGCACGGCGCCGCCACCGCGTCCTCGACCGACAACCAGTGGAACGTCCCAGGCAATGCCGTCGATGGCGATCCGCGCACGCGTTGGTCGTCGGCCTACGAGGACAACCAATGGATTCAAGTCGACATGGGGCGAAGTGTGTCCTTCGACCGGGTCGTGTTGCTCTGGGAGACGGCCTATGCGGCGACCTTCACCGTGCAGGTGTCGGACGACGGCAATACGTGGACCGACGTGAAATCGGTGAGCAATGCGCCGGTTCCTCTGCGCATCAGCGTGAACGGTGTGCCCGTGTTCTGCCGGGGTGGCAACTGGGGCTGGGACGAGCTTCTCCGCCGCATGGTGCCCGATCGGATGAACGCCGTCATGCGGATGCACAAGGATATGAACTTCACCATGATCCGCAATTGGATCGGGTCGAGTACGCGCGAAGAGTTTTACGCGCGCTGCGACGAAAACGGCATTCTGGTGTGGAACGATTTCTGGCAGGCGGGCCCCTTCCTCGAGGATCCACCGGGGTATGGCGCCATCGCGCGGGATACGATTCTGCGTTACCGCATTCACCCCTGCATCGTGGTGTGGTGTGCCGCGAACGAGACGGATCCTCCGCCGGTGGTCGATACGGCCATTCGCAAGGCGGTGGCCGAAGAAGATGACGAGATTCTCTATCTCGGCAATTCCGCGGCCGGCTTCGTGTCGGGGCATGGTCCCTATTATTGGGTCGACCCTGCGAGGTATTTCGATCCGAGTACGTATGACACCGGTAACTTCGGTTTTCACACCGAGATAGGCATTCCCACGGTGCCCGTGGCCGAGAGCATGCGCAATCTGGTGGGCGACGCGCCGGCCTGGCCCATTGGCGCGGCCTGGTACCATCACGATTGGTCGACGAAAGGCAACCAGGGGCCGCAGCATTACTTGAGCGCCATCGACGAGCGCCTCGGTGCTTCGGAGAGCCTCGACGAGTTTTGCCTCAAGGCGCAATTCATCAATTACGAGAACATGCGCGCCATGTTCGAGGCGTGGAATGCCCACTTGTGGCAAGATGCCAATGCGCTCCTTCTATGGATGTCGCACCCTGCATGGCATAGCACCGTTTGGCAGACCTACGATTACGATCTCGACGTCAATGGCAGCTATTACGGCGCACGCAAGGGTTGCGAGCCTTTGCACATACAGGCCGATCTTTCGAAATGGCAAGTGATCGCGGTCAATCACACGCGGGTCGCAGTCGAAGGGGCCACCGCCATTGCCGAGTTGTACGATCTCGCCGGGCGTGCCCTCCCGGGTGCCCAGTCGCAGACGGTGAACGTGGGACCCTCGGCGACCGCGCCGGCCTTTACCGTGCCCTTTACGGACTCGTTGCCGTCGCTGCACCTCTTGCGATTGACCTTGATGGACGCCGAAGGCAGCGTCCTCGCCGAAAATACGTATTGGCGTCACCGCACGGCCGCGGACATGCGTGCGCTGAATGACGTCCCCCGCACCAAGGTCTCCGTGCGGGCCAGTGGCGTGCGCAAGGCGGGCGGCCGCCGCGAACTCGTGGCGACGGTGCGCAATCAAGGCAAGAGCGTGGCCGTCATGGTGCGCCTTTCCCTTCGCGATCGCCGCACGGGCGCCCGTGTTCTGCCCACGCAATACAGTGACAATTACCTATGGCTCCTCCCCGACGAAACCCGCACCATTGCGCTTTCTTGGGAGGACAAGGCCTTCCCCTCCAACGCCGTCCGCGTTCTCGTCGAAGGCTACAACGTGCCCCCCACGGAAGATTGACGCTTCCGGCCCGTGTGCCGCAAAATGGCATCGATGATGCGATCCCACGCGCTGCGGGGCACCTCGTGGCCGACGTGCTCGAGAACGAGGAGTTCGGCAACGGGGATCGCACGGGCGAGTGCCCGTCCATGCTCCAAATGAAATAACGGATCTTCGTCGCCGTGCATCACCAACGTGGGAACGGTGATCTCACCGAGCCTCGGCCACCATGGCCCCTCACCGTCGTCCCGCATCGCGTCGTGATTCAGCATCGCCGACGCAATGTCGAGATCGCGGTCCACTGCGTGTGCCGCAATGTCGCGCACGCCGGCCTCGTCGAAGGGATGCGCGGCGAAGGGCCGTGCACCCTCCACGATGAAATCGATGACCGCGGCACGGTCCGACCAATCCGGGAGCGGGGCTTGCGCGGCGTGCTCGAAATAGGCACGAAGCTCGTCGCTCATTTTCGGTAGACCAGGATGAAGCGCGCTGGTCGACATCAACGTCAGGGACGCCAGCTTGCCGGGATGATTCAGCGCGAAGAGCTGCGCGATGGCTCCGCCGCTCGACATGCCCACGACGTGGGCGCGCGCTAGCCCGAGAGCGTCGAGCAAACCCGCGGCGTCATCCACCAAATCGCGCGACCCATATTGCGGAGCGCCCGGTGCATCGTGCATCGAGCGCCCCGTATCGCGTTGGTCGTAACGAACGACGAAATGGTGCCCTGCCGCAAGCCGCTCGCAGAAAGCGGGCTCCCACCAATCCATGGACGCGGCCCTGCCCATGATGAGCAAAATGGGTGAATCCCCGGCATCGCCAAAGGTCTCCACACAAATATCGACCCCATTGGCGCGAACGACTCGTTCTCCGGATCGCGTGCTCATCGAACGGAGATAGCACGCGGACAGGCTCAGGGGAGTTCGTTGACGCCAACGGGCTGCACGTTGTCGACGAGGGAAGGATCATGGCTTCCCGTTTCGCCGGGCTTCGCCTCGGCTGCAACCGAACTTGCGGCGATGAAACCGCTTGGGCCACCCTTGACCGCGGTCACCGGGATCTCGATCGTTTGCTCATCGCCCGACCATAGCGGTTCGGCGAGCACGCACTCGACGATCTGCGGCATCAGTGGATCCTCGTCGGCAAGGAGCAGTTTGCAGCCGCGGGGAATCTCATCCTCGATCACATTGATGAAAAAGGGTGAGACGTACACGAGACGTACGGGATCGCGCGTTTTGTCGGGGCCTTGATTGCCCACGACGAGCTTTTGCGGTTTGATCTCGCCCGGCGCTATCGAAGGCACATCCCACGACAGATACACGTTGGCACTGTATTCGGAGGCCGCTGCCTTTTCCTGGCTCGTGGATTCGAGAAATGCCACGAAGGGTGCGGTGAAATTCGTCGTGAAGTTCACCTCCGTATCGACCCGTTCGTCCGGTGCGACGATGGCCGCGCCATAGGCCATGCCAACGAGTGTGCTGTTGCTCGTCGTCATGTGGAACGTAAACGTCACGCTGTCGCCTTCGCGAAGATCGGCGGGTATCGTGCAGTCCACGATCTCGGGCACGAGCGGGTCCAAGTTCTGGTACGCATACTCGCAGCCCTCCGGAAGCTCTTCGCTTCGATCGAAGTTGACGAAGGTCG
NZ_CP089982.1_gap16	528868	529934	1066	CTCGAGGCAAACGAGATCGTCGGCTTCGTTGCGAAGGGACTGGAACACGTCGTACGCCGCCACCGGCAGGGCAAGGATTCTCTTCTGCGCGCCGCAGCGTTTGAGGGCCCGAAGCGCCGCGGGCGCCGTGTTGCCGGTCGCAACGCCGTCATCGACCAGGATCACGGTTTTCCCCCGCACGACAGGTCGCTCGCGTCCCATCTCGAGCCGACGTCGCTGATCGGCCACCTCGTCCCTCGTCTTTGCGACGAGGGCATCGATTTGCAGCCTCGACGCCCGTAGGGCTGCCACCATCGCAAGGTCGAGAAAGACCTCATCGCCTTCCGCGACCGCACCGATTCCAAGCTCGGGCTCCAAGGGAACCCGAACCTTGGATGCCGCCCACACGTCGAGCGGCGCGCCAAGCGCCCGCGCCACCTCGAACGCCACGGGTACACCTCCCGGCGGTATACCGAGCACCAGCGGCGACGCCGCCTCATACGCGCGCAACGCGAAGCCGAGCTCGCGTCCTGCATTTTGCCGGGTCCGAAACAGGCGAGGGGAAGCCATGATGCGGATCTCCATTCAAAAACGGCGCCAATCCGAAGCCCGCGGCCGCCACGTCGCCCTAGAGAGATTCACAGGGAGGCGGGGAGGCGGGGAGTTTTTGTTGTTTTGGCAACTGTGTTCTCATTGAGAACACAGGGTTCAAACCAAAAAAACTCCCCGCCTCCCCGCCTCCCTGTTCAAAATTCTCCGGAGTCAGAGGGCTACGCGGGTTTTACTTTTGCGTCAGCTTGAAATCCTGTGAGGTGACGCCGGTGCAGGGCATTTGGACGAGTTGGACGCCGTCGGCGGTGGAGCCGTTGGGGACGGTGAGGCACTTGGAGCTGTGTTTGCTCACGATGCGGTAGTACCCGTTGAATTGATTGACCAGCCGCCATTGCTGGTTGTTTCCATTGCTGTACGACCAGAGCTGCACCGGCGCATTGTCGGCTTGGGAGACGCCTGCCACGTCCAGGGATTGGGCCGCATTGAGGCGATTGTTGATGCGGCTGAAGCTCTTGCCGGTGTTTTGGATCTGAAA
NZ_CP089982.1_gap17	537905	538600	695	ACGCGGAAGTCGCCGGCGTATTCGTTGACGCGCCACCCTTCGCCCTCCACGAACCAGCGCCGTTTGGTCTCAGGGTTGGCGAAGGCGGCAAAGACGCGGGCAGGTGCCGCTTTGTACTGACGCTCGAGGCTGAAGGTGCTGTGCACGACGGACATGATGATTACCCCTTTCTTCCTTTGTTCGAAGGCTCGAGGTCTTCCTCGTCGAGAATGTCGCCGAGGCGATCGAGCCGGCGTTCCCAAAGCGATCGGCGCTCTGAAATCCATTGCTCGGCGAGCCGTAGCCCGCCCGGTTCGAGCCGGCACGTGCGCACGCGGCCGACCTTCTCCGTACGAATGATGCCGCTTTCCTCGAGCACCTGCAGGTGCTGGACGACCGCGGCCAAAGTGATCTCCAGCCGTTTGACGAGATCGCTCGCCGAGGCCGGCGAACGACTCAACCTCTCCACCAACGCGCGCCGCGTAGGATCGGCCAAGGCGTAAAAGACACGGTCGACGGCCTGTTGCTTAAGCATTGACTTAAGTATGGGCGCGCCCGAAAAATTGTCAAGCGATGGCTTAAGTATCCAGGGTGGGCGCTAGAGCGGGGCGCGTTTCAGCAAGTTGGACACTCGTACTGCTTGTGCTGTCCGCCCCACGAGCGACTGGGTGGCGGCTCGAGCTGCAGCGGCTTGATTGCCCGTTTTATCTTGAATA
NZ_CP089982.1_gap18	733331	735360	2029	TTGCGGAAAATCGCTCCGATGTCATGCCCGATACCGTGCTGGCGATGCTCCAGGCCCGATTGCAGGGCCTGACCCCGGAATTGCGAAGGGTGCTCCGGGCCGCGAGCGTTTATGGCACCACGTTTTGGCGTGGCGGTGTCCTCGCCCTGCTGGGCAACGATCGGGTCTCCGCGGCCAACATCGATGAATGGCTGGACGAGCTGCTCCAACGCGAGCTCATTGCCCAGAGCCACACGAGCCATCTGCTGGGTGATACCGAATATGCCTTTCGCCACGCCCTGGTGCGCGAGGCGGCGCACAGCCTGCTGACCAACGAGGACCGCGCGGCGGGGCATCGCGCTGCAGCCGCGTTCCTCGAATCGATGGGCGAACGCGAACCGCACGTCTTGGCCGAGCATTACGCGTTCGCCAACGATCTGGCGCAAGCTGCAGGGCTTTACGCGCTTGCGGCCAAGAAGGCTCTCGACTTCGGGAATCTCCGAGAGGCCGTCCACCTCGCGGAGTACGGAATCGAGTGCAGCCCGCAGGGCGCCCTTCTGGGAATCCTTCTTGGCATCGAGGGGAGAGCGCGCATGTGGGAATGCGATTACGTAAACGCCTACGCGTGCGTCTCCGAAGCGCTCACGCTACTGCGCCGCGGTAGCGCCCATTGGTGCTACGCCGTGGGAACGACGATCACGGCGGTGGGAGCGCCGCTCAATCGATACGACGAGATGATTGCCTGGGGCAACGCCCTGCGTGTGATGGATCCCGAGCCCGGCACCAGCGCCCTTTATATGGAAGCGTTGCGCCTGGTGGCGGCCATGCTGACCTTCCTCGGGCGCCGGACGCAGGCCGAGACCTACTTGGCACGAATGGACGAAGTCACCGGCACGACCGACAACGTCTTGGTCCGAGGTCTGCGCGAGTATTCGCACGCCCACGTAGGCTGGTTTCTTTCCCGCGATCCCTGGGCCGCATCGCTCGCCGTCGCGCGCGCCGAGGAACTGCTCGAAATGGCGAATTGCCGGCGCAGTCTCACGTTCACGCGGATTTACCGCGGTGCCGTGCTTGCGCATTTGGGAAGCGTCGACACGCGCGAACAACAGTTCCGAACCGCCCTCAGCGACGCTCTGCAAGATGGTGACCGCTGGACGAGCGGTGTGGCCACGACCATGTTGGCCATGACCCTGGTCGACAAAGAAACCCCCGAAGCCATCGCCGAAGCCGAGCAAATGGCACGAAGCTTCGCGGCCGATGACCACGCCGGCGATCAAGACCTCAAGGGTTTCGCGAATGCGATCCTTGCCCGGATTCTCCTGGACCGCGGTGAGCTCGATTCGGCGGAGCGGCACGTCTTGAAGTCGCTTCGCATGCTGACGTACCTGGTCGTGACCTATCCTTACGCCGAGGCTGCGCGCGTGACGATCTTGGTGCGCCAGGAAAAGTTCGCCGAGGCGCGCGATTATGCCGAGGAAGCTCTGGCTCGCCTCGAGCAGCGCGGGGGCGGTGGATTCAGCGAGGTACGCCTGCGATTTGCGGCGTTCCAGGCGTACGAAGCGGCAGGCGATCCCGAGGCGGCTGGGATCCTCGAAGGCACCCTCGAACAGATTGCCATTCGCGCCGCGGCCATCGACGACCCGGACGCGCGAACGCGATTTCTCTCGAAGAATGGCGTCAATCGACGCGTGCTCGAGGAAGCGCGCAAGCGCCTGCCGCAAGAGAGGCTCGATTCGTTCCCCTGTTATCTATGATACGTGACGGAGAACGAAAGGATCATCGCGTGAAGTTGGTAATCCCCCGGGGTTACGCTCGGATTGTCGCGATTGGCGTCGATGTGTGCGCTCGCAAGGCTGTACAAGGCGCCGAGGTCGAGGTCCACGCGTTCGAAGCGTAACCCCGCCCCCAAGTGAATCGAGTGCAGCCACCCCGGGGGCGTGGCGAAGAAGCTCGGCCTGCTCGACGGCACGGCGGATTGTGTCGCGGAGTAACCCGCCCGCAGCGCGATCCTGCGCTCCGGCGTCACTTCCACGCCTGCCCCGGCGCCAAG
NZ_CP089982.1_gap19	737125	741125	4000	CTCCACCAGCGCGGCCAGCGAATGCGGCCCGGCGGATGCGGGCGGCGCAAACACCGTACCGACGGGGATATCGACCCAGCTTTCGCAGCGGACGCGCGCGTTGCTCGCCACCTGCAGGGTCACTTCGGTGACGAAGGTCCGTCCGAGGTGAACCAGAAATGCGCGCATGTCGGGATGATCCCGCCCGAACGTGCGCAACACGTATTGCTTCTGCGCATCGTCCCAGACGACGGCCGTGAGCGACAGAATCGCATTCGAGAGCGAGCCATAGCCCACGCCCGGAACCAGCGCTTCACCCCGCGCGCGAATCGCCGCGCCGTGAGCGCCGACCGCCAGAACGCCGCCCACGGTGAGATCGCCGGCCGATGGGATCGCCGCGAAGCCGAGCCCGCGTGCCTCGAGCTGTTCGAGCAGTCGGTCCATCGTGGTTCCCGCGCCCGCCGTCACCGTCTTCACGGCACCTGCCGTGTTCACGCGGACCTCCGTGAGGTGCACCGTCGTATCGACGAGAACCGTCTTGGCCACGTCCGCATGGTTCGGGAGAAGGAGCGGCGACCAATTGTGCCCCATCCCTTTGGCACGGAGCCGGTACCCATTCTGGTGGGCCCAATTGACGATGGTCACGACGTCCGTGGCGTCGGCCGGAGCGCACGTCCACACGCGCTCGACGAAGATTTGCCCCGACCAATTTTCGAAGGCCCGCTGATAGAGCGGAATGGATCGCGGAAAACCCGGGGGCACCGCGAGCGTGGACTGTGCGCTGGCGGCGGGAATGCGGAACAGCGAGGCCCATCCGAGGGTGCCTGCCGTGATCCCCGCGGTTGCCGAGAGAAAGCGCCGTCGAGACTTGGACTTCACGCCTCGCCCCTCGATGCTTCAGACTCATCGATGGCCAGTGACACTGCCATTCCGGTCCTTGGATGATGCGCTTGTACGCAGTGGGTCGTCGGCAGCGCAACGATGGCCGCGGGCCTAGACGGTAGGTAGGCGGCCGGCTGCCACAAGCGGCGACGCTCCGCGTCCAGCACGGCTTCACATGCTAGGATCGCGTCGTGTGAGCGCCGTGTAACTTGGGAATGCCATGAGCCACTCGGAATTCGCTCCGAAAATGGTCTTCGCGGATCGGTTCACGGTCGAGAGCGTGGCCGGGCGAGGCGCCATGGGCGTGGTGTATTGCGCGCGCGATGGGCGTCGCGACGGTGCGAAAGTTGCGCTCAAAGTTCTTCGCACGGTGGGGCAGCGTCAGCAATTTCGGGAACGATTTTCGCGTGAGGCGTACATGCTGTCGGAGCTCCGGCATCCCGGCATCGTGGCGTACGTCGACCATGGCGTTACCCCCGCAGGCGAGCCGTTTCTCGCCATGGAGTGGCTCGAAGGGGAAGATCTCGGGCAACGCCTCGACCACGGCGGTCTCACGTTGGTCGAGACCGTGCGCCTGTTTCATGCCGTGGCGGATGCTCTTTCCGCGGCCCACCGGCGCGGGTTCGTGCACCGTGACCTCAAGCCGGAAAACATCTTTCTGCGCGATGGCCGTCCCGATGTGCCCATCCTGGTCGACTTCGGGGTGGGACGCGTTCCCGCCTCGGAGCTGACGGCTGCGGGTGTTGCCATCGGTACGCCTCTGTACATGGCGCCCGAGCAGGCACGCGGCGAGCAAGACATCGGACCGAGCGCGGATGTCTTCGCGCTGGGGTGCGTGATGTACAAGTGCCTCATCGGGCGAACGCCGTTTCCCGACGAAGGGCATCCCACCGTCTTGTTGGCCCGCATCCTGCGAGGCGATGTTCCGCAATTGCGCGCCCTCCGGCCGACCATGCCGGCGACCCTGGACGTCCTCCTGCAGCGGATGCTCGCCAAAGAGCCCTCGCGGCGGCCCAAGGATGCCACGGCGCTTCTCGAGGAACTGCAAGCGCTGGGATCGTTTTCGGACGAGCCGGCGCCCGAGAGAATCGTGCGCGTTGCCGCGCCCCTGTCCATCGAGCAGCAGCTCGTCAGCGTCATCTTGGTCGTCGAGGAGGTGGTGCAGCAAGAGGTGCACGAGATGCAGGAAGTCCCGGTCCGATGGGACTTGAGGGCGCGGCGCCAGGGCCTTGCCGATGCGCTTCGGGGACGCTTCGACGCGTCGGTCGAGATTCTGCTCGACGGTTCGATGATTGTGACCTTGGCGCAAACGGAGCGCATGACGGCCACCGATCAGGCCGCGCAGGCTGCGCGGTGTGCCCTCTATCTGCGCGAGAATCTGGCCTCCGGCAGCTCGGGGGAACGCATCGCCATCACGACGGGCCGCGGCGTCGTCTCGGAAGAGCAGCTCCCGAGCGGCGAGGTCTTCGATCGCGCCAACGGATTGCTCCATCGCGAGACGACGAAGTTTCAGTTGGACTCCGGCGACACCTCACCCGGCATCTTGCTCGATGACATGACGGCGCACCTCTTGGATTCGCGCTTTCAATTGAGACAAACGGACGCCGGTGTCTTCGTCCTGGATTCGGAGCTAGGCATCGACGAAGCGCGTCCTCTGCTCGGCAAGCCCACGCCGTGCGTCGGTCGCGAGCGCGAACTGACCGCGCTGCAGTTGCTTCTCGATGACTGCTGCGAAGAATCCCTGGCCCGGCTCGCCGTGGTGATCGCGGCACCCGGAATCGGCAAATCGCGGTTGCGCCACGAGTTCTTGCGCCGCATCCAGCACGACAACGTGCACGGGGTCGACGTCTGGTTCGGGCGGGGCGACCCGACCCGCGCGGGAGCCCCGTACGATTTGCTCACCGATGCATTGCGACGCCTCATCGACGTGCGCGATGGCGAAGCCCTCGCCGAGCAGCAGCGCAAGCTCGCCGAGCGCGTGCGATGGCACGTGCCGCCCGAAGATGCGCAATTCGTCACGGAGTTTCTCGGGGAGCTTTGCGGCATTCCATTCGATTCGGACACGAGCCCGAAGCTCCTGCTCGCGCGCGCGGATCCGCGCGCGATGGTCGCCCAGATCATGGGCGCATTCATCTGCTTTCTGCGTGCGGAATGCGACGCCCATCCGGTGCTCATCGTCCTCGAAGATCTGCATTGGAGTGACGCGCTCACCGTGCGCGTGATCGATGCGTCGCTGCGGGATTGCCACGACAAGCGCGTGATGCTTCTCGCGCTGGCCAGACCCGAGGTCAAAGAGCTGTATCCGAAGCTGTGGGCCGAGCGAAAGCGCCGTGACTTCGTGCTCGACGGCTTGAGCAAGCGCGCCAGCGAGCAGCTCGTCACCCGAGCCCTCGGCCCCGACGTCGCACCGGAAACGGTGGCGAGAATCGTCGAGCAGGCGGGGGGCAACGCGCTCTTTCTCGAGGAGTTGATCCGCTTCGTCGTCGAGAACCAATCCGACAGCATGCCCGACACCGTGCTGGCGATGATCCAGGCGAGGCTGCAGCGCCTCGAGCCCGAAGTGCGGCGCGTGCTTCGCGCGGCATGCGTCTATGGCACTACCTTCTGGCGTGGTGGTGTTCTCGCCTTGCTGGGCAATTCGGTTTCCGCCGCCAGCCTCGACGAGCGGCTGGAGGAGCTCGTCCATCGCGAGCTCATCACGCAGAACAGCACCACGCGGCTGCTCGGCGACACCGAATATGCCTTTCGCCATGCGCTGGTGCGCGAGGCTGCACATGGCCTTTTGACCGACGAGGATCGGGAAGCAGGGCATCGCGCGGCGGCGGCGTTCCTCCAATCCATGGGCGAGCGCGATCCGTCCGTTTTGGCCGAGCACTACGCGCTGGGCAACGAGATGGAGGAAGCGGCCAAGCTTTACGCGCGTGCGGCCCGCAAAGCCGCGGATTTTGCCAGTCTTCGCGAGGCGACCCAGCTCGCGGAACGAGGCATTGCCTGCGGTGCGAAGGGGGAGCTCCTGGCCCTTTTGCGCAGTGCCCTGGCGCGTGCGCTCCTCTTCGAGTGCGATTTCGCAAAAGCGTACGTGCACAGCTCCCAAGCCCTCCCGCTCTTGCGCCGCGGGAGCGACGACTGGTGTTACACG
NZ_CP089982.1_gap20	778765	781289	2524	GCCTGCGTCGGTCATCTCGCGTGCGACATACGTCGCAATCTCGCGTGCCGTTTCGGCATACCGCGGCTCCTCGAGCCCGCGTGCGCCATCGGTGTAGAGCCGGAGCAAGAGCGCGTTGTCGTAGAGCATCTTCTCGAAGTGCGGAACGAGCCAGCGCTCGTCCGTCGAGTAGCGATGGAACCCACCGCCGAGATGGTCGTAGATACCGCCCGCCCGCATCGCATCCAAGGTGATGGACACGTGCGCACGCGACGGCACGTCCCCGTCGAGCGCCGCGTAGCGCAGGAGCAAATCCACGGACATCGTGTTGGGGAACTTGGGCCGCGAGCCAAAGCCACCGTGGCGCGCATCGAAACGCGGCGAAAGCTTGGCCACCGCCCGCGCGAGCCGCTCCTTGGCCGACAGGGCATGCACTGCCGCGGCCTCGGCGCCTTCCTTCTCGGTGGCGGTTGCCTGGGCAATGGCCCGCGTCAGCTCGGCGGCCTGCAGATCCACCTCACCGCGCCGTTCACGGTACGCCGACGAAATCGCCTGCAGCACCTTGGGGAAGCCCGGCATCCCGTAGCGGTCGTGCGGCGGGAAGTACGTGCCGCCGAAGAACGGCTTTTTGTCCGGCGTGAGGAACACCGTGAGTGGCCAGCCGCCGTTCTGCCCCATCAACTGCACCACCAGTTGGTAGATCTGATCGAGATCCGGCCGCTCCTCGCGGTCCACTTTGATGTTCACGAAGAGCTCGTTCATCGCCTGCGCGATGTCCGGATCCTCGAAGCTTTCGCGCTCCATCACGTGGCACCAGTGGCAGGCGGAGTAGCCGATCGACAGCAGGATCGGCCGGTCCTCGCGGGCCGCGCGCTCGAGCGCCTCGGGGCCCCACGGATACCAGTCGACCGGATTTTTCGCATGTTGAAGCAGGTACGGTGACGCTTCCTTCGCGAGCCGATTTTCGTGCGATCCCATGTGAAGACGCTAGCACCACAGGCTCCCGAAGATCCCCTGGCCGGAGTACTGTGCAGGGACATGCCTCGGGCAGCTCGCTCTTCTCGCGAATCCCAAGACCAGGATGCGGTCGCGCTGGCCCAGCGGACCCTGCTCGAAGGTGTCGGTGCCGAGGTCGCTGCAAGCTTTCCCGGCGTCACGCGCCTCGGCGGGCAAATCGTGGCGGCGCTTTACTTGGCCGAAGGCCCCGTCTCGATGGACGAACTGAGCCTTACGCTCGGTCGCTCCAAGAGCAACATCTTCGGCAACCTGAAGAACCTCGAGGCGGCCGGCATCGTGGAGCGCCAGCGCATCTCCGGCGAGCGCTTCGATGCCTACTCGCTTCGCGGCAAGTACCCCGATGTCATCATCGGCGCCTACCTCGCGCGCCTGCGCCGGGTCGTCGCCGACAAGCGCGCCCTCTCCCAGCGCGCGCTTTCGCTGCTAGGCGATGCCCGCGGCAAGGAGGCCGAGGCCCTCCGCACGCGCCTTCACGATCTCTCGCGCAAGTACGACCGCTTCGGTGTTCTCTTCGAAGCGCTGCTGCCCGGCATCGATGGCCCGTTCGATCTGGAGTCGCTCCTCGACGCCGTTCCGGTCAACGTCATCTCGGTGTTGGCGAGCCTCACCCGCCGCGCCGCCGGCCTCACGGCGGGTCTCACCCCCCCACGCGAGAAACGCAACGGCAAGAAATAAGCTTACGCTGCCGTGATCTCGACGCGCAGCAGCTTGCGCCCGATGAACAGGTAATCCCCGTGCGTGAGCTCGCGCTCGCCCTTGAGACGGACGTACGTCCCATTGCGGCTGTTGAGATCCGTCAGCGTCAGCCGCCCGGTGTTCTCCTCCAGCTTGCAGTGCGAGGCGCTCATGTAGAGATCCGTCGGGAAGTTCAAATCCCCGCCTTCGCGCCCGATCTGCAATCCCTGGTTGCGCGCACACACCGTCATGCCCGTGGCGCCGCCTTGCAGCAGCTGCGTGATGCGGAAGGGGCTCTGGTGCTTCGGGGACGAATAGAAGTACGTGCCATCGGGTGCGGGGCCGTCGGCCTGTTTCGGCGTGGCGTCGATGCGAAAGAGCTGCTCACCCGCGAGGAAGTGATCGCCCACCGCGATGTCGACGGTGCCGCGCACGCGCAGGAACACGCCGTTGAGCGAGCCCTCGTCGCGCACCACCAATTTGCCGCTTCGGTAGAACAGGTTCGCGTGCTTCGGCGACACGAAGGGATCGTCGGGGAAGACGAGCTGCCCGTTGCGACCCACGATGTGTTGCTCGGCGTTGAGCTGGTACGAGAGCCCTTCGACCCCTTCGCCGCGGATCAAAATGAGCTTGGCTTTGCCCGGAACCTGGAGCTGACCGAAAAACTGCGTCCGCGCATTCAAGATCTCGGGAGGAACCGCGGCACCGCACCGACCGCAGAACTTGTGCCCCATCGGCACGGGGGTCGAGCACGACCTGCAGACGAAGTTTTTCGCTTGATCCATGAGTTCCTCCAGACTCAATCCGGATGCAACTTGTCCAAGAGCGCCTTTGGCTTGCGCACGCTCACCTG
NZ_CP089982.1_gap21	787734	788516	782	CTTCCGGCGGAGGTGCGGCGAGGTGCCGTTCGTTCCGGAGGTCTTCTCGATCGACACCTGCTCGCGCGCGGGCGTGGGCCGCCGGCCTGGATCGATCGCACCCGGGCGGCCGTGCGCACGCGCATCGATGCGACGTTCCCCGCCGATACCGCGCCCATGGCACGAGCCATGGTGCTCGGCGAAAACGATCTCACCTCGGACGACGCCGCGGCCTTCCGCGGGAGCGGGCTGTCGCACCTTCTTGCCGTTTCGGGCATGCACCTCGTTCTCGTGGTGCTGGGGCTGACGCGCCTCCTGCGCGCGTGCTTCATTCGCATCGAGGGCATCTCGGCGCGCATCGATGCCGGTCGCCTCGCCGATGCCGTGGGCATCGTCGTCTCGTTTCTCTATGCCGATTTCGCCGGCTCGAGTGGCTCGGCGCTTCGCGCGGCGTGGATGACCAGTGTGATCCTTTTGGCGCGGCTTCTCGCCCGCCGAGGTGATGGTGCGCGTGCCCTCGGCCTCTCCATCGTCGGGATGGCCTGGCTGGACCCGCTCGTGGCGTACGATCTGTCCTTCGTGCTCTCCGTTTTGGCGACGGCGGGTCTGTTCGTCTTTCGTCCGGCCATGGCCAATGCGTTCTCGAGCGCGCTGCGCCTTCCGGGAAAGCTTGCGCAGCCGCTGGCCGCGACCTTGGGCGCCACGGTGGCATGTGCACCGGTGACGTCCCTGCTTTCGACGACGCTGCCCCTCGGCGGCGTGCTCGCGAACCTTCTTGCCGTTCCGGTGGGGGAAATCGTGTC
NZ_CP089982.1_gap22	979244	982317	3073	GGTCGACTGCGTGATGGACGGCGGCGCCTACGCCACGCTCACCTCCGTCGTCCTTTCGCGTGGATTGCTCCACGCCGCCGGCGCGTACGAGTGGAAGCACGCGCGGGTGGCCGCACAGGCCGTGGCGACCAACACGCCGCCCAACGGTGCCTTCCGCGGCTTTGGCGCACCGCAGACCATCTGGGGCATCGAACGGCACATGGATCGCCTGGCCGAGAAGCTCGGCGTGGATCCGCTCGATTTGCGAAAGAAGAACCTGCTCAAGATTGGCTCGTCCACGGTGACGGGGCAGATCCTCAAGGAGAGCGTCGGCGTCGAGGAGTGCATCGAGCGCGCGGTCAAAGAGAGCGGCTACTACGAAAAGCGCGCCGCCTACGCGAAGCAGGCGACCACGGGCACCAGCCGGCGCGGCATCGGTGTCTGCGTGTTCATGCACGGGGCGGGATTCACCGGCTCCGGGGAGCGGCGCCTCAAGGGCAAGGTGCAGATCGATCTGGAGCGCGGCGGAAAGCTGCGCATCCGCACGGCCTCGACGGATATCGGTCAAGGCACGGAAACGGTGTTCCGGCAGATCGCCGCCACCGCCGCGGGCGTTCCGCTCGAGGCCATCGAGTTCGAGGTTCCGTGCACCACGCACGTGCCCGACTCGGGACCCACGGTGGCATCGCGCACCGTCATGGTCGTCGGCTCCATCGTGGGCACGGCCGCCAAAGAGGTCGCCGAGAAGGTGCGGCGCTCCGGGCACTATCAGGGGGGAGATTACGCGGCGTTCACCGCCGCCGCCGATCGCCTGCTCGATGCCTCGAAGGAACCCGTGACGTCGCTCGTGCAATACGAGCCGCCCGTCGCCAACCAATGGGACGACGATACGTACCAAGGCGATGCCTACCCCACGTTCTCGTGGGGCTGCGACATCGCGGAGGTCGAAGTCGATCAGGAGACCTTCGAGACGAAGATCCTGGGTTTTTGGGCCGCTCAAGACGTAGGCAAAGCCATCCATCCCGTGCTTTGCGCCGGGCAGGTGGAGGGCGGCACCTTGCAGGCCATCGGCTGGGCGCTCTACGAGGCCGTCGTGTGGAAGGACGGCCGCATCATGAACCCGCGAATGACCAACTACGTCATCCCCACGAGCAAAGACGCCCCCGCGTTCAAGACGATCCTCGTCGAGCATCCGTTCTCCGGTGGTCCGAACGGCGCCAAGGGCGTGGGCGAACTTCCCATGGACGGAGGCGCCCCCGCGGTGGCCGCTGCCGTGGAGCAGGCGATCGGTGCAAAGTGCAACCATCTCCCGCTCCTTCCCGAGAACCTCTTCGCCTATGCGAAGAATGCCAAGGCGAGTAACATTCAATGATGCTTCGAATGACTGTCAACGGAGTGGCCCGCGAGGTGGAGGCTCCGCCGCTCGCGCGCTTGCTCGATGTGCTGCGCGGCCCCATGGGCCTCACGGGAACGAAGGAAGGCTGTGGCGAGGGTGAGTGCGGCGCCTGCACCGTGCTTCTCGACGGCGTTCCGGTGAACTCGTGCCTGGTGGCCGCCGGCCAATGCGAGGGCCAGGCCCTCACCACCGTCGAGGGCCTTCACGATCCCAGCGGCGCGCTTTCCACGTTGCAGCGCTGTTTCGTCGAAGACGGCGGCGCGCAATGCGGTATTTGCACGCCGGGCATGCTCGTCGCGGCCGAGGCGCTCTTGCGCGCCAATCGCAATCCGACGGAAGACCAGGTGCGCGATGCCATTGCCGGCAACATCTGCCGGTGCACGGGCTATCAGCGCATCGTCGATGCGATCTTGCATGCGGCGAAGGTGGCCACGCAGCACTCGAGCACGGGGGCAACCTGATGCTTCAGTCCACGGCAAAGCTTCCGCGCGCGGCGCATGCTCCAGCGGGGCTCGAGGCAACGGAGCTCATTCGACCGAAGACCGCCGTCGAGGCGGTGAAGGCACTGGCAGAGGCCGCGGCGAACCATCGCTCGACGATGGTGCTCGCGGGCGGTACGGACGTGATCGTCGACCGGCATCTGCTCCCGGTGGATCGCGCCCACGCGGTGGATCTCGTGGTGGACGTCACGCGCATCGAGGGGTTTCGCACCATCGAGCGCGAGTTTTCCGTCGACCGCGATCGGCTCGTATTCGCCGGTGGCGTAACGTATTGGGACCTTCGGCAGGACCCACTGGTGCTGCAGAAGATCCCGATGCTCGCGGAGATGTCCAAGGACGTGGGCGCGGTGCAGATTCAAACGCGCGGCACCCTCGCGGGGAACATCGCCACTGCATCGCCTGCGGCCGACGGGGTCGCGGCGCTGATGGCGCTCGACGCGAATGTGCACCTTTTGTCGGCGCCGAAGGTGGGCGGTTCGGCGAAGGGCGAGGAGCGCATCGTGCCGCTCACGCAGTTCTTCACGGGGTACCGCAAGACGGTGATGCGCGCGGAGGAGCTCATTGTTCGCATGGATGTGCGCGTGCCCGATCCGGCGACGGCAAGCGTCATCTGGCGCAAGGTCGGCACGCGGCAGGCGCAGTCCATCTCCAAGGTGGCGCTGGCCAGCGTCATCGAGGTGCAGGACGGCACGATCCGTCACGCCCGTTTCGGCATGGCATCCGTGGCAGCGACGACGCACCCGCTCTCGCAGGTGCAGGCTTACCTCGAGGGCCGTGCGCTCGCATCGGTGAAGGCCGACGAGGTGGACGCGGCGCTCGCGCGAGACATCCGCCCCATCGACGACGTGCGCAGCACCGGCGAGTACCGCATGCACGTTGCGCGCAGTGTGGTGCGCCGCGCCTTGAGCCAGGCCAAGTGAAAACGAGCCTCGCGGAGGAAGCGCTGGCCCCGATTCGTTCGAGGCTGCACCAGGCCAACCAAGCCTTTGCGCAGCGCTACCCCGGCGAGCGAAATGCGCGCCAGCCCGTGCACACGGTGTACGGTGGCGCGCACCTCTTTCGTGCGGGCACGGCGCCGCGCCTGGGTGAGTTGGCCCTTGGGGCGCTGGCCAAGCATGCGCCGGATGCGGGGGCCTTTGCGCGCGCCATTGGTTTGCAAGAGGCGCTCGCCGAAACGGTGTATGCGCGCGTGCAGGAA
NZ_CP089982.1_gap23	1000318	1002805	2487	CGAGGAACACCCAAGCGCGATAGTTGCCGTGACAATGCCCGCATATGCAAGCAGTGACTCCCCCCGGAGATTCAACTTCATATCTTCGCAGCTCCTTGCGGCTAAATGACGGCGAGCAAGGTGGACGGCGTAATCACACGTCCGACCCTGTAAGCGCCCGGGAGTGACTCACGGACTCGGAGCAGAGGGTAAGAAACACCTCCCAGCTCCTATGTAGGGGAACATCTTCAAGGTCGCGCACGACCTTCGAAGGAGGCCCCCTCCGGACCGCTCGCAGTCCGTTAGATTTGGGAAAGCACCGACTTATAGCCGACGCTGCCCCGTGGGTTCGTTCCAAGCATTCTGGAACGGCCTTTCATAAGCAAGAGAGGGTAACCTGGGAGCTCGGGTTACATTATCCCACGAAACATATACCCTCCTACAAGTATTCTGCATCGATTTTTCGAGAATTTGACGACGTCTCACCAAGATGCGATGCCTCGAACCATGCTCCGACGCGGAAGATTTTTTTTCCATCCGCTCGTCGTTTTTGTCAGCGCACTCGGGCCCACGTTCGTGCCCACGTTAGCTTCGACAGTTTCGGCAGCCCCCCCCGCGGTGACCAAGACCCCCCAGAAGAAGCCGGGGAATGCTGCCAAGGCACCAGGGAAGGGCAGCGCGGGGTCGTCTCGGGTCAAATCTTCCACTCGCAATCCCGATGCGAATGCGAGGCGACAAGTTGCTGGTGGTTCTACCAACGACGATGTAGCCGCGGGCTACGAGAGCGCGGAGCTGCGCAGCTTGCACGAAGCGGAACGAGAGCTGTTTCCGCCTGCATCGCCGGTCCCCGGACAGACCTGGCCGACGGAGTTGCCGTCGCCTCTGAGCTCCTCGCCGGATCGGCCGCACGTGCATGCGTCGGGGCTTCCGCCGGCGCCGGTGGCGAGTGCGCCTCCTGCCGCAGAAGGTGGGAGAAACTTGGGATGGATGGCCGACCTGAAGCTGCCGGATTTCCCCATCCGCTGGGACCCGCGCTTGGTGCGTTACCTGGAGTTCTTCAAGGATGATCCGCGCGGCCGGTCGATGCTGGCGATCTGGCACCGTCGCTCGGGGCGCTATCGCACGATGGTGAGCACGATCCTGCGGCGAAAATCGGTGCCGGAGGATCTTTTTTGGATCGCGATGGTGGAGAGCGGTTTCGACCCGGCGGCCCGTTCGCCCGTCGGGGCGTTGGGGCTATGGCAGTTCATGCCCGAGACGGGCAAGCAGTATGGGCTTCTGCAAGACCGCTGGGTCGATCATCGGTTGAACCCGCAGCTTGCGACGGAGGCGGCCACGGAGTTCCTCGCGGATCTGCAACGCCGCTTCGGAAGCTGGGAGCTCGCCATCGCGTCGTACAACATGGGGTACGCGGGGATGCTGGGGGTCGTGCGAAAGTTCAACACGAACGACTTCTGGACGCTGGCGCGTCTGGAGGGCGCGCTTCCCTGGGAGACGACGCTCTACGTGCCGAAGATCATGGCGGCGGCCATCGTGGGAAAGAACCTCTCGGCGTTCGGCCTCTCCGAAGACAAGATGGAGCCGCCGGTGGAATACGACGAGGTCGTGGTTCCGCCGGGCACGGCGCTTTCGCAGGTGGCCTCGGCGATTGGGCTCTCCACGAAGGAGATCGTGGACCTCAATCTGGAGCTTCGCGCACAGCGCACGCCGCCGATCGATCCGAACGACAAGGCCGAGCAAAAGGCGAAGGGCGCGCCTTCTTCGGAGGGTGAGGCCGCGGTCGGCTATCCGGTGAAGGTGCCCGTCGGCAAGGGTGCATTGCTCACGCAGAACATGAGCAAGATCAAGAAGAACTACGTGGCGTCGGAGCGCTACGTGGTGCGCTTCGGGGAGACGGTCGAGCAGATTGCCAACGCGCGTGGGGTGGCGTCGTCGAAGGTGGCGGAGCTCAATGGCATCGGGCCGGGCGAGGTCGTGCGCGGCGGGACGGTGCTTCTCGTGCCGGCCGCGAAAGGTGGAACGGTGGCCGCTCCCACGACGAGCGACAAGCCGGTGGCGATCGTGCCATCGGACGTGTTCGTCTACCCGGATCGAAAGCGCGTGTTTTACCGCGTGGTGACGGGCGACACGCTGAGGGACGTGGCGACGACGTTTCATGTCACGGTGGACGAGATCCGCCGGTGGAACGAGATCGATCCGGCGGGGCGGCTGCAGGAGGGGATGACGTTGCAGTTGTTCGTGCCGCCCGATACCGATCTGAGCAAAGTGCTCTCGCTGTCGGAGAACCAGGTGCGCACCATCGCGGTGGGGACCGAGGACTTTTTCACGTACTGGGAAGGCCAAAAGGGGCGGCGGCGGATCACCGTGCCGGCCAAGCTCGGGGAAACCATCGAGATTGTCGGCAAGCGCTACGGCGTGACCCCGGCGTCGATGGAGCGCATCAATCGGAAGAACCGCAACGAGGTGCTCAAGGAAGGCGACGTGGTGGTCGTTTACCTGCCGGCCAAC
NZ_CP089982.1_gap24	1088724	1090980	2256	GAGGTCGCCCAGGCACCGATACGCTCGGCAAACGATGTTCGCGACGGTCACTTGCTTCATCTCGAACCCCCCTTTCTTGAGTTGCCGCACCGCAATCGATCATTGCCCGCGAGTGACCCATGATGGCAACGATGTTCGTGTCACGCCATGGGCAAAATTTGAAATGAAGATCGTCCCAATTGGACCTCCGATCAATCGCCATCCTCGAGCGCGGAGCTTCGTCTCGAAGTGCAGGGCATCTGCAGCCGTTGGTCGGCAACGACGAGGTGCCGAAGCTCGATCAATGGTCCGACGAAAATCGATGCGCACCGCCGCGGTAGTCACCGCTCTTCGAGCAGCGCGGCCGTCGGCGCCCGATGCGTATGCACGCGGGAGGCTGCGGCCCCAGCGGTACGACGTGCTCCGCGGATATCCAGCATTCGACGGGATCGTATTCTGCCTCGTGACCCTCAGCGTGGCGGCGATCTCGCCTGGCGTGCAGCCGTCTCGTTCCCAAAGTACGGCCAGCGTTCCGATCTTGAGATGAATTGCCCTGCGCCTCAACGAAATCGCGACTTCATCTCCTCGGCGGTCATGAATCGACGATAAACTCGAAAATCGTCAATCGAACAGTTGCGACAATCGTTCAAGAGCCGTACCTGCTGGGCGTCCGGGCGAAACTGTGAGATATCCGCAGTTGGCGCGCAGATCTTGTCCCCAATGCGAAGCACAAGCGCGGATTGGATACTGCTCCAACTCGCCGCGACATGGACCCATTCACCCCCGGAAACGGCGCGTGAGCATTCCAAGGGTGCCGCGTGAGCATCCGAAGATGATGTCACCAGGTCGACGTCAATAACGTGTTCCCCGCCCACCAACCTGCTGTGGACGTAAACGTTGTGTCGATTTGGATCCGGCCTGTCGAAAATTTCCGCGCTTGCGATACCGATGCCGTCGCCGAGCTTTACGAGGAAGGACACGGTTCCTTCGGATTGGGGGAAAGCCTGGCCGGAGAGTGTTGCGATATCGATGTACCCCGAACTGAGCGTGACCGCGGAACCTCCGTCCAGGCCAGGGCTCCAGCTGGACGTGGACGGGAGGACGGCATTGTTTCCGTTGCCCGTAACGTCGGACGCGAGGAGGCCCGCCCCCTCATCGAAGGGGACGAGCGCCACGAGATCTCGGGGCGGCGGCTTACTGGAATCCTGCAACGCATCGGAGATGCTGAAAGCGTCGAATCCCGCATCTTCGACCGGGGCGGGTTCATCGGGGCCGGTACCATACGCGTCGAGCCCCGTGATGGCTGCACAGCCCATGGCCACATCACAGAGCAACGCACAAATGACCATCGTTCGACGTTCCAACATGTGCATGCAGACTCCACTATTGTCAATTGGTCAACGACAATCAGCGGCGAGGCGGCTGCGATTGATTTAAAATTAGCCTCCGTTGTCGTGTTTGCAAATTTGATTTTGCCGCGCGCGCCAGTTTTCTTGGAAAATGACATCAAATGATTGAAGTCGTGCAACAGGCGACCGTTCGTGTACGGCGTGCCAATTCACGACGCGAAATTTGCGCTTGCCGGTGCGCGCCATAGCTAAGCAGGTCGCCAAGTTCCCCCGTGGTTCGCGAAGTCATATCCGCAAATAGGCTCGCGTTCTATCGAGGAATTGTCGATCGTGCGAGAGGCTATCCGAAGCGACCGATTGGTTGTGGCGGTTGTCCCATTTATGTTTTCGATACAAGGGCCATTTGCAATCCAAATATCGTGTCTCGGACATCCACCAAATCGCCGCGCCGAACGTTTCGGCGGGCAGTGGCCTGCTGCATAGCGGATTTCCGTTTTTCACACGATAGACAGTTATGCGCGCGTCACTCGTTGCGAAACGATACGGGCGTGTTGGGCGCCGGGGCAGCATAAAGAATCAGCTGATGTTGCCCATCGCCTTCGACGATGGCGGAATCGTCCGGCTTCGCGTCCCTGGCGAAGGTACGAAGTGCTTCGAGGTCGCCTCCGCAGATGGGAAGGGCTGTTGGAGGCGTGAGCGTCGGTGCGGGCGTCTGGCCACGAAGCATGGACTGTTGGCGCGACCGCATATCGTTGGCTGCGGCTCGGCAGGCGGCTTCGGCGACCGCATCGTCTTTCGCCGGGTCGAAGGTCTGCATGATGGGGATCCCAGAAGCCTTGTCCGCTCCCGGGCCAAGCAGCGCGGCCATGGATTGGGCCGTGGCGGCGTCCATCGAGGGGGCGGAGGAGCGGCGTCTCAGAATTTCCTG
NZ_CP089982.1_gap25	1119917	1121792	1875	CGGCGCGCGCGTCCGTCAGCAGCGCAGTGGCGGTCAAGCTGGCGTAGAACGGCAGCTCGGTCTTGAAGAAGTGCCCCGTGCTGCTCGCCTTGTTCGACTCTGCGAGCTCGGCCATCTCGAGGGCGCCGGCGTAATCCTCGTAGAGGAACCGCAATTGCAACTTGACGATGTAATACCAAAGTACGACGAGCAGAAAGCCCGATTCGATCATGCGCGCGGCAAATCCCTCTTCGCGGAACGACGCGTCGTCGAGCGCATCGGGCGCGGAGCCGTGGGTCTCTCCGCGCAAATTGGCGAGCATCTGCCGGCCTGCGCGCAGGAACGCGGTGGCCATCGCATCCTTCGTGCGCCCCATGAGCGTGAGGAATCGGTCGGTCTCCGGGACCAGCTCCTCGAGCGGCACACCGAGCCCCAGCTTGCCCATGAGCAGGCTGTAACACGTATAGGACAAATACGGAAAATCACCCGACTCGAGCCCCGCGGCGTAGGCACGCTGCGAGTATTCCAGCGACGTTCGCAGCGGTTGCCGGAAGAACAGGAATACGCCGTACATGAAATTCAATTTGCACGTCAGGTCGACGTTCTTGAATCGCTCGTTCAGCGCGAGGGCCAGTCGACCGAACTCCTGCGCCTGCTCGTAGCGGCCCATGACGCCCGCCAAAACGAGGCCGTGCATCATGTATCCGCACGAGGATACGTCGGAGTGTCCATATCGAAGTGAGATGTTGACCTGTTTGACGATGACCCATCCCAGCAATGCGGGGTGGGTCAAATAGGCGGCCGATATTTGGCTCATCAAGAGCCGCAGCACCGCCTGTCGATCCGGATCCGTGAGGAGCGGCGCGTCCACCAGATCGGCAATGCGGCGGGGTCCGAGGTTGGTCTCCACGTCGGCCAATTCGGCGCCGAGGGCGGTGTCCAGCTCGGGGCCAATCTGGGGCATGTCGATGCCGAAGACGGCGAGGCCCGCCCGCCCGACGTCGATGGCGTCCGCGAACTTGCCCAGGGTCGTGTAGAGCACGATGCGCAGGTTGTGCACGCGGGCGCGCTCGAGCTTGGCGTTCGCGCGCTCGAGGAGACGGTCGAACAGCGGTTCGGCAACATCGAATTGGCCAATCAGGTATTCGCATTCGGCGCGCTCGGTGTGCAGCGCAAAGGCCAAGTCGTAATCGCTTTTCCAGCTCGATTCGGTGAGCATCGCCATGCCCGACGCGGCGAAGGCGGCCGCCGCGGCGTATGCGGTGGCGGCTTTGGCCCGGCGTGCGGCCGTCAGGTTCAAACGCCCCAAGTCGACGCGCTCGCCCTCGGACGTGATATCGCCGGCTGCGAAATTGAGGTGGCGCACGACCTCGAAGAGATCTTCGTCGGCGCGCTGCCGTTCGAGCTTGCCGCGCAGCAGGCGCCCGAGTTTCAAGTGATGCGCGCGGCGCACTTCGTCTCCGACGAGCGAGTCGGCGGCCTGTTGCACGCGGTCGTGCAAAAAGCGATAGCGCACGTCGAGCGTGCCATCGGCGGTCTCCGCCCGCACGAGGGCGGTCGCCGGTCCGTCGAAAAAGCGGTATTCGGCGTCCTGCGGTAACACGAGCCCCTCGCGCAGCGCATCCCAGAGATCCGCTGCGACGTCGGCCGGCGGACGCTCGTCGAGTTCGGCGAGCAGCGCGAGGGAGAAGCTATGGCCAATGCAGGCGGCGTAGGTGAGCACGCGCTGCGTCTCCGGGCCCAGCCGGCGGAGCTTTTCGACGATGAAGTCGACGACGTTGTCCGTCACCATCATGCGATCGATGGCGCCGAGATCCCACGTCCACTGGCGTGCCTTGGCGTCGAACACCACGAGGCCGCGCTCGTGGAGCGAGCGAATGAATTGCGTCAAAAAGA
NZ_CP089982.1_gap26	1127135	1128014	879	AAGCCGTACGAGGTAATCGCGCATATCGGTGTTGTCGTCCGCCACGAGGATGCGTTCCAGCGGTCCGTCCGTCGCCGGTCTCTCTCGGCCTGTCGTGAATGCGGAAGGCTCCGCGCTGGGGCTCGATACCCAGCGCAGCGCCTCCTCGACGTATGCGCCCGCGGTAACCGCCGTGGATTGGAGCGTGCGGGCGGCGCGAAGGCGATCTTTGGGCAAATGCGCCGCGCCGAACGGAAGACGAATGCAAAACGTCGTTCCCTTGCCCAGCTGGCTCCGCACTTCGATTTGGCCGCCGTGCAGCTGCACGAGTTCTTGCACGAGCGCAAGCCCGATGCCCGAGCCCTCGTAGCTGCGCGAACGGGCCCCTTCGATCCGGTGAAAGCGTTCGAAGAGGCGCGGCAATTCGTCCTCGGCGATGCCAATGCCGGTGTCGCTCACCTCGAGTTCGGCGGCACCGGAGACCGCGCGCACCTGCACCCGAATGGTGCCGGCGAACGTAAACTTGAAGGCGTTCGAAAGCAGATTCAGGACGATCTTTTCCCACATGCCGTGGTCGACGTAGATCGCCTCGGGCAACGGTGGACAATCGATGCCCAGCTCCAAGCCGGCCCGTTCCAGTGCCGAACGAAAGTTGCTCGCGAGTTCGACGGTCAGCGCGGAGAGATCCGTTGGCTCGTAAGAAGCTTCGATACGGCCCGCTTCGATGCGCGAGAAATCCAAAAGCGTATTGACCAACTTCAAGAGGCGGAGCGCGTTCCGGTGAAGAAGATCGATGCGCTCACGCCCTTCCTCCGTCTGGTGCCTCTGATCGGTGCGCATGTCTTCGATGGGCGCGAACATGAGCGTCAGCGGGGTACGAAACTCGTGGCTGATGTTGCT
NZ_CP089982.1_gap27	1131506	1132045	539	CCCTGGTTGAAATGGCTCGCCCGAGCCGGTCCTTTTTCATTGAAAGGTCGAAATAACGACTACGTATCCGTCTTACGACACGACGCGGGGTTGCGCGTCGTCGTGAATCGAGGCTTCATGGGGTCATGAGCTACCTTGGCTGGTCTCGCTGGGCTCCGCTCGCGCTCACGGTGCAGCTCTTCTCCTTGTCGGTCACCTCGACCGCAGCCGCGGAACCAACCGCACGTGGGCCCGCGTACAAGGTCCATCTCGAGCTCGATTTGCCCATCGTTCTCGTGGCCGGGGCGATCGCGTCGAGCTTCTTTTTCTTGCCCGAGGCGCGGGGTGTCGCGTGCGCGCCGAACTGCGATCGTTCGCGGATCAACGGCTTCGACCGGGCGGCCGCGGGGCTCTACGATCCAACGTGGTCCGTCGTGGGGGATATCGCCACGGCAGCCACGCTGATCGGTCCCCTCGTCGTCATCGTGGTCGATGAAGGGCTCGCGAATGGCTTGCGCGACGACCTCGTCGTGGCGGAAGCGATGTTGGTTACCAGCGCG
NZ_CP089982.1_gap28	1192032	1196003	3971	ACATCGGAGTGCAAGCTTTTGGGCAAGAGCCCGTGCTGCATCGCGAGCACCATCTTGATGACCCCCGCGACGCCGGCCGCCGCTTGCGTGTGCCCGAGGTTGGCTTTGATGCTGCCGAGCCAGAGCGGCTGCTCCTTCGGGCGATGACGCCCATACGTCGCGAGCAGGGCCTGCGCCTCGATGGGATCGCCCAGGGTGGTGCCCGTGCCGTGCGCCTCGACGACGTCGATGTCGCCGGGTGCGAGCTGCGCATTGAGAAGCGCCTGCCGAATGACCCGCTGCTGCGCGGGGCCATTGGGCGCGGTGAGGCCCTGGCTTCGCCCATCCTGGTTCAGCGCCGAAGCACGAAGGACGGCCAGCACGGGGTGCCCGTTTCGCTGCGCATCGGAAAGGCGCTCGAGCAAGAGCATCCCGATGCCCTCGCCCCAGCTCGCGCCATCCGCCTTTTCGGAGAACGGTTTGCACCGTCCGTCGGTGGAGAGCACGCGTTGGCGGCTGAATTCGACGAAGGACGTGGGCGTCGCCATGATGGTGACCCCGCCGGCAAGGGCGAGGGTGCATTCGCCGTTGCGCAGGGCCTGGCATGCGAGATGGATGGCGGTCAGCGACGAGCTGCACGCGGTATCGACGGTGACGGCGGGGCCGTGCAAACCGAGGGTGTAGGCCACGCGGCCCGAGGCGATGCTGCCGCCGCTTCCGATGGCCACGTACCCTTCGGAGCTTTCCGCGGCCTGCATCAAGTTGGCGCTGTAGTCCTGGTACATGATGCCGACGAAGACGCCGGTCGCACTGCCCTGCAGCGAGGTGGGCGCGATGCCCGCGCGCTCGATGGTCTCCCACGAGGTCTCGAGCAGCAGTCGCTGTTGCGGATCCATCGAGGCCGCCTCGCGCGGTCCAATCCCGAAGAAGGCGGCGTCGAAGCGATCGGCGTCGTAGAGAAAGCCGCCCTCGCGCACGTAGCTTTTCCCATGGGCATCGGGATCGGGATCGTAGAGCCCGTCCACGTCCCATCCGCGGTTGGTGGGGAAGCCGGAAATGGCATCCTTGCCTCCCTCGAGGAGCTTCCAGAATGCCTCGGGGCTGTCGGCGCCACCTGGGAAGCGGCAGCCCATGGCCACGATGGCCACGGGTTCCTTCGTTGCGGCCTCGATGTCACGATTGCGCTTCTTGAGGCGCTCGACTTCGCGCAGGGAGGTACGAAGGGCTTCGGTGATTTTGTCCTGGGAGATGGTCATGCAGGTTCCTCGGCGAGAGCAAGTTGAACGAGGGCGTCGAGGTTCATCGACTCGAGGGCATCGGGTTCCTCCTCCGTCGCGAGCGCCTCGACCTTCGGCGCCTCGCTCTCGGGAACGAGTTCGGCGCGAAGGAATTGGGTGAGCGCGTCGGGGGTCGGATAATCGAAGAGGAGCGTGGCCGAGAAGCGGAGGCCGGACGCGGACGCGAGTCGATTGCGAAGTTCGACGGCCATGAGGGAATCGAGGCCGAGCTCTTGGAGAGGACGCTGCGGTTCGATGGATGAAGGATGGGCATCGAGGACAGCGCCCACGTGCTCTCGAACGAAGTCGAGGAGCAGGCGTCGCTGGGCGGCCTCGTCGAGGGTGCGAAGCCGCGCGGCGAGCGGATCGACCTGCATGACGCCATGGCGCGCACCGCGTGCTGACGTTGCACGAACGAGGCCGCGGAAAAGCGGCGGCAGGGAATCGCCGCGGGCCGCGAGGGCTGCCGCATCGAAGCGAACGGGAACGAGCAGAGGCTCGGCGCGCGCGAGCGAGGCATCGAAGAGCGCGAGCCCCTCCGCGGAGGCAAGGGGAACGAGGCCCTGCCGGCGGATGCGCGCGCGGTCTTGCTCGGCAAGACGAGCGGCCATGCCGATGCCGTCCCAAGGTCCCCATGCGAGGGAGCTCGCCGGGAGGTCGCGGGCCAGGCGATGCGCCGCCAGCGCATCGAGTGCCGCATTGGCCGCCGCGTAGCTGGCTTGCCCCGGGCTGCCGAGCACCCCGGAAAGCGAGGAGAAGAGGACGAAGGCTCGCAGATCGAGGAGGCGGGTGAGTCGGTGCAGATGCCACGCCGCATCCAGCTTGGGCCGAAGGACCGCGTCGATGCGCTCGGGTGAAAGGGAGTCGAGGAGGCCATCGTCGAGGACCCCCGCCGTGTGCACGACGGCGGTCAGTGGATGTTCGGGCGCGATGCGGGCGAGCATTCGCGCGAGCGCGTCGGGATCGGCCACATCGCAGGGGCAAAGGTCGACGTGCGCGCCCGCGGCTTGCAGCTCGGCGACGAGATCGGGGGCGCCGGGAGCGTCGGGACCTTGGCGCGAGGTGAGGAGCAAGTGCCGCACGGCGTGCTGGTTCACGAGATGACGCGCCAGCTCGGCACCAAGGGCTCCGGTGGCGCCGGTGATCAAGACGGTGCCGTTCGGATCGAGGGCGCGCGTCGTGCCTGCGACCGGCCTGGCGCGCGCAAGGCGTGGAACGCGAAGGGTGCCCTGCCGAATCGCAACCTGAGGCTCGGCGAGGGCAACGGCCGCGTGGAGCGTGGGCATGTCCGCCTCGTCGGCATCGATGAGGACGATGCCGCGCGACGGGTTCTCGATTTGCGCGGATCGGGTCAGGCCCCAAAGCGGGGAATGAACGAGGTCGAGGACGTCTTCATCGGGCTGCGTGGCGATGGCGCGACGGGTGAGCACGACGAGCCGGCACGGCCCCAGGGCATCGTCGGCGAGCCACGCCTGCAGCCGCGCGAGCAAGCGGTGCGCGGCTCGATGGGCGCGGGCGGGGACGTCGGTGTCGCGTTCATCGCCGAGGAAGCCGAGCGCGACGACGTTCGGCAAGGGCGCGCCGTGCGCGATGGCATGACGGAGCGCATCGAGATCGGGGTACGCAGGGACCGTGTCGACGCCGGGTGGGGTGTCCCCGACGAAGGCCCACGTCGGGCTGGGGGAGGGCGCGGGAGCAGGCAGCTCGTTCCAGAGGACGGCGTGCAGCGGGGTTGCGGCGTTGTCCGCGAAGAACTGCGCCGCGGGCGCCCGCCGCGTGGAGAAGCCTTCGATGTGGGCGACCGGGACACCGTCCCTGTCCCAGAATGCAAGATCCGATATACTGACATCCGCGTCGGTGTCGATCGCGCCGCGCAACGCGTGCTCGGTCCACGCCGGAATCGAGGCGCGTCCGTACCAAACGAGGCGCTCGACGGCGAAGGGCACGCGGGCGATCTGGTTCGACGACGAGGGATGCTCCCCGCCCAGTGCGGCGGACGCGGTCCAAAAGCCGAGCCCGAAGGCGCTGTCGATGAGCCCACCGGGAAGGGGCGCATCGATGGGGCTGCCCTCCGGCACCGCCAATTGACCGAGCCCCGTGCGTTCACGGGTATATCCGACCTCGCGGAGCCAGCACCACTGGGGCCCCCAATCGATGTTCATCGATTGAAAGAGACGAATGACGGCATCGTGCGACGCTCGGCTCGAAGTCTCGCGCAGATCCGTCTGCAGGGAAGCGCGCTCCGGCACCGCACTGGGAGCGATGGTGGCCGTCACGTGCGTCGACCAGCCTTCTTCCCCGCGGGTGGAGAGCGTGGCCGAAAACCCCGTCGGGACCAGCGGTGAAAGTTGTACATGCAAGGTCGTCGGCTCGAGCGCGCCCTCGAACGTCAACGCTTTGACGAATTGGAGATCGCGCACCTCGAGGGGCTGGTCGGGCCAATGCGACGCCGCAACCGCGAGAAGCACGGCAACGTAGAAGGCACCGGGGACGACGATCTGTCCGTAGACGACGTGGTCGTGAAGGTACGACTGCACCGTCGGCCCGATGTCGAGCAGGTGCAGCCCCGACCCATCGGGCAGATCGATGCGCCGTCCCGCCAGCGGGTAGCGCCCACTCGAAGCGTCGCGGGCCTGCGCGGGACGGCGCGCGTTGCGCTCGAGCCAAAAGCTCTCCTGCTGGAAGGGATACGTGGGCAGTGCCACGCGCGATGGC
NZ_CP089982.1_gap29	1202399	1204275	1876	GGCTCCGGAGCCGCCATGACTTGAACGCCGCCCGCCAGCGCAAGCTGGCACTCGCCGCGTCGCAAGGCCTGACACGCGAGGTGCAGCGCCACGAGCGACGAACTGCACGCGGTATCCACGGAAAGCGCGGGGCCTTGGAGGCCCAAGGTGAACGCCAAGCGGCCCGCCGCAAACGACGTGTGCGTGCCGGTGACGGCGTACGCCTCCGCATCGTTTCGTCGAAGGCGCAACTCGTAATCACTGGGCCCGATGCCCACGAAAACACCGGTCCGCGAATCACGCAGCGTCCCAGGAACGATGCTCGCATCCTCGAGTGCCTCCCAACTCACCTCGAGCAGCAGCCGATGCTGCGGATCGATGTGCGCCGCCTCGCGCGGACTGATACCGAAGAACGCGGCATCGAACGCGTCCACGCGGTCCAGAAAGGCGCCTTCCCGCACATAGGATTTGTCCTTGGCGTCGGGATCGGGATCGTACACATCCTCTGCGTTCCACCGATCCTCCGGGACGCCGGAGACGGCATCCACGCCGTGTTCGAGCAGCTTCCAGAAGCCGTCCAGGTCGACGACCCCACCCGGAAGCCGCAAGCCGACACCCACGATGGCAATCGCACCGTGCTCCGCACCGGCGTTCTCGCTTGGCGCCGACGCCGCGATCTGCACGGCACGGTCGAGGCCGAGGGCCTGGAGCACGAAGCCGGCAACGTGACGGGGGGAGGGAAAATCGAAGGCGAGGGTGGCCGGCAGGGCTACGCGCGTCGCCCGTTGCAATCGCCGCCGAAGTTCCACGGCCATGAGCGAATCGAGCCCGAGGTCCGCGAATCCCGTTTGCGGATCGAGCCGCGCGGGCTCGGCGTGTCCGAGAACCGCCGCGGTTTCGGATCGCACCAGGCCCACGAGGTGCTCGAGCCTCTCCGCGGCGGATAGGCCGCGCAGCTGGGCGAGAAGCGCATGGTCCTCTCCGGACACGGGGCCCGCGGCTTCGAGCGCGTGGACGGCCTCGGGCAGGGCGCGCAGCAACGGGCGAGGCCGCGCCGCCGCGAAGGATGGAGCAAAGCGGCTCCAGTCGACATCGGCCACCGTGATGGCCGTCTCCTCGGGATCCTCTGCGAAGGCGAGCATCGCGCGGGAAGGCGCCATGGGTGACAGGCCGCGCCGGCGCAGGTGCTCGTGTGCGCCCTCGGCATCGGCCATTCCGCCGTCGGCCCAGGGGCCCCAGGCGATGGCGGTGGCGGCGAGCCCGCGTGCGCGCCGATGTTCGGCAAGCGCATCGAGGTACGCGTTGGCCGCGGCATAGGCCGACTGCCCCGCGCTGCCCCAAACGCCGGCCACCGAGGAGAAGAGGATGAAGGCATCGAGTGCTTTCTCGCCAAGGAGCCGATCGAGGTGGAAGGCCCCCGCGACCTTCGCCGCAACCACACGGTGCATGTCCTCCACCGAGGTCTGGGTGAGTGGCCGTTGTTCGACGACACCCGCGGTGTGCACGACCGCGTTCACCTCGCCGATTCTCTTCAAGAGCGCTTCGAGCGCATCGGCATCGGAGGTGTCGCACGCTTCGATCGAGACGCGGGACCCCAATGCCGTGAGCTCGTCATGCAATGCGCGTGCACCCGGGGCATCGGCCCCGCGCCGGCTGACGAGCACGAGGTGCTCGGCGCCACGATGGGCGAGCCACCGCGCGACATGCGCCCCGAGCGCACCCGTACCTCCGGTGATCAAGGTGGTGCCGCGCGGATTCCACGTTCGCGCAGTGTCCTTCGGCACCGCCCGGACAAGCCGCCGTGCGAACAGGCCCGAGGCGCGAAATGCGAGCTGGTCTTCGTCGTGCCCCAGCGCGAACACGAGCCGTGCGAGCGCCGCCGCATCGGGCGTCGCGG
NZ_CP089982.1_gap30	1223779	1227342	3563	CCGGATGCGCGCGCGGTCTTGCTCCGGCAAGCGCGCGGCCATGCCGATGCCGTCCCAAGGTCCCCAGGCGAGCGAGCACGCCGGATACCCTTGGGCGATCCGGTGCGCCGCCAACGCATCGAGCGCACAATTGGCCGCCGCGTAATTGGCTTGCCCTGCGCTGCCGAGGACACCGGAGAGCGAGGAGAAAAGGACGAACGCGCGCAGATCGAGCGGGCGTGTGAGCTCGTGCAGATGCCACGCCGCATCGAGCTTGGGCCGAAGGACGGCATCGAGCCGATCCTCGGTGAGGGATGCGAGCAGGCCATCCTCGAGCACGCCCGCCGTGTGCACGACGGCCGTGAGCGGATGCTCGGGCGCGACGTGCTCGAGCAGCTGCGCGAGGTCGTCGCGGTTGGCGACGTCGCAGGCGTGGAGTACGACCCGCGCACCGGCCGCGCGCAGATCGGCGAGGAGCGTATCGGCCCCGGGGGCGGCAGGTCCCTGGCGCGACGTGAGGAGCAGATCGCGCACGCCATGGTTGACCACGAGGTGTCGCGCGATTTCGGCGCCGAGCGCACCCGTGGCACCGGTGATCAGGACGGTGCCGTTCGGATCGAGGGACCGCGTCTCCGCCTCCGCCTTGACCCGCGCGATCCGAGCTGCGTGCAGCTTGCCTTGCCTCAGGGCGAGCTGCGGCTCGGCGACGGTGGCCGCGGCGCGGATGGCCGGAGCATCGATGGCGTCGACGTCGAGCAGCACGATGGGCCGCGTCGGGTGCTCGAGTTGCGCCGAGCGCACGAGGCCCCCAATCGGCGCCTGCGCAGGATCGAGCGCCTCACCAGGGTGCACGGCGACGGCATTGCGGGTGATCACGAGGAGACGGCAGGGGGCGAAGTCGTCGTGGGCGAGCCACGGCTGCAGAAGAGCAAGCAGGCGATGCAGCACGCGATGGGCGCGCAGGGGTGCGTCGGCATCGGGCGCGTCGCTCTCGTCGGGCGCGAGGACGAGCGCCACCACCGCGGGCAATGGATCGCCCTGCGCGATGGCATCGCGGAGCGCATTCGGATCGGGGTAGGCGCGTGCATCGAGCGCGGTGCCGAGACGAAGGGCGTCATCGCCGACGACCGCCCACGTTTCCTGGGGCGCGGAGGGGGCCGGCAGCTCGCTCCAGGCAACGGAATACAGGTTGGACTGCACCTGGTCGGCGAAGAACTGCGTCGCCGGTGCGCGCCGGGAGGAGAATCCCTCGATGTGCGCAAGCGGCGTGCCCTCGGCGTCCCAGAAGGTCATCTCGGAGAAACTGACGTCGCCATCGGCCGTCTCGCCACGGAGCGCGTGCTCGGCCCACACGGGAACGGCATGCCGTCCGTACCAAACGAGTCGCTCGACGGCAAACGGCAGACGCGGCGTCGGGTTTTCGACCTCGCGCCCGCCCGCCTCCGAGCGAATCCAAAGCGCCAGGGCAAAGACACTGTCGACGAGACCACCGGGCATGGGCGCATCGTCCGACGGAACCTCCTCGGGCGCGTGCAGCCGCGCAAGGCCCGTACGCTCGCGGGTGCCATCGATCTGGTGCAGCCACCGCCACCGAGGACCAAAGTCGACCTGCAGTGCGCGCAGCAGTGTGTCGAGGCGCGAGGTGGCCTCGGGCGTTTCATCCGATGCGGGTGCCCGAAGGGGAGCGCGCTGCGAGTCGGGCGTAAGGCTCGAAGCATCGATGACCGCCGTCACATGGGTCGTCCACTCGTCGGCGTGGCGGGTGCAGAGGCGCACGGAGAACCCCTGCGGCGCGCGGGAGAGTTGAAGATGCAAGGTGACGCGCTCGCTGGTTCGCTCGAACGAGATGGGGCGTAGGAACTCCACCTGGCGCAGCTCCAGGGGTTGGTCCGGCCAATGCGCCTCCGCCACGGCGAGAAGGACCGCGACGTAGAAAGCGCCCGGCACCACGATGCGGCCGTAGACCAGGTGGTCCTGGAGATACGATTGGACCGCCGGTCCAATGTCGAGGGTGTGCAAAACGGTGCCATCGGGAAGATCGAACCGCTGTCCCGCGAGCGGGTAGCGCCCGGCCTGCGCGCCGCGGCGTTCGGCGCGCTCGATCCAAAAGCGCTCGGGCTGGAAGGAATAGGTAGGAAGGGCCACGCGCGATGGACGAAGAGGCTCGAAGAAGGCCTCCCAGTCGATGCGATGCCCACGGGCGTGGAGCGCGCCCACGGCGGAGGCGAGCGTCTCGACGCCGCGCGACTTGTGCAGGGTCGGCACGAACGCGAGGTCATCGTCGGGATCGAGGCAAGCCTGGGCGAGGGGAGAAAGCACCCCATGCGGGCCGAGCTCGAGAAACGTGCTCACACCCTCGGCACGAAGCGCACGGACACCATCGAGAAAGCGAACTGCGTGCCGCGCGTGCCGCACCCAATAATCGGGCGAGGCGATGTCGGACGCCTGGGCGTGAAGCCCCGTGAGGTTGGAAACGATGGGAATGCGTGGAGGCTCGTAGGAGAGCGTTTCGGCCACGCGTCGGAAGTCGTCGAGCATGGGCTCGACGAGCGGCGAGTGAAAGGCGTGGCTGACGCGCAGTCGCGAGGTCTTTCGGCCAAGGGCCTCGAAGTGGAGGGCGACGGCGCGAACGGCGTCGTCATCGCCGGCGATGACGGTGGAGTGCGGCGCATTGAGCCCGGCAATGTCGACGCGCGGGTCGAGCCGAGGCCGTACTTCCTCCTCCGAAGCTTGCACCGCGATCATGGCACCCCCGGGTGGAAGTGCCTGCATGAGGCGCGCGCGCGCCGCGACCAAGGTGCATGCATCGTCGAGGGAGAGCACGCCCGCGACATGAGCGGCGACGATCTCGCCGATGGAGTGCCCGAGGAGCAGATCGGGCCGAAGGCCCCACGATTCGAGAAGCCGAAAGAGGGCGACCTCCAGCGCAAACAGCGCGGGCTGCGCGACACCGGTCTCGTGAATGCGCTCGTCGTCGAGCCACTCGAAACGTGAGCGAACGTGATCGAAGACCTCGCGAAAAAGCGGAAAGCCGTCTCGAAGAACGACGCCCATGCCGGCGTACTGACTGCCTTGCCCCGTGAAGAGCACCGCCAGCTTCCTTCCGCGCTTCGCGTGCGAAGGCACCAGCGACGCAAGTCCCTGCCGCACCTGCTCGCGATTGCCCGCCGCAAAGGCCGCGCGCCACTCGAAATGCGACCGCGTGGTGGCAAGCGAATACGCCACATCGCCCAAGTTCACATTGGGATTCGCCTCGAGGTAGTCGCCCAATCGCTGGCCTTGCGCCCGCAACGCTCCCTCCGTCTTCGCCGACAAGACAAAGGTGGTGGCAACCGACGACGCAACGGATGGTTCTTCATGCTCTGGCCGCCCTGGCCCCTCCTCGATAATGACGTGAGCATTCGTCCCACTGAGTCCGAATGCCGAAACACCTGCCCGGCGCGCCCGATCCCCATTCGCCCAAGGCACCATCGCATCCACCACGCGTACGGGCAACGCATCCCAATCGATATGCCGATTGCGCGGCGTCGTGTGCAACGTCGGCGGCAGTGCCCCATGCTGCAAGCACGCAATGACCTTGGCCA
NZ_CP089982.1_gap31	1228660	1231180	2520	CTCACCGCGCACGCGCTCGAGGAGGTACTCGAGCCGCTCGCCCTCGCCAAGGCCGCGCAGCCGCGCCGCGAGGCCGTCGTTGGCGTCGCCCGGCGCGGATGCCTCGCTCGCCTCGAGGGCACGGAACGCATCGGGGAGCGCGTGAAGGAGCGGACGCGCTCGCCCCGAGGCAAACGCCGGTGCAAATCGAGGCCAATCGACGTCGGCCACGGTGCGCGTCGCCGCGCCCTCGGAGAGCGCGCGATGCAGGGCTTCGAGCGCACGGGAAGGTGACATGAGCCGGAGGCCGCGCCGCTGCAGGAAGCTTTGCGCATCGGCGTCCGCCGCCATGCCGCCGTCCGCCCAAGGCCCCCATGCGATGGCGGTGGCGGCGAGCCCGCGGGCCCGCCGGTTCTCGGCCAGCGCGTCCAGGTAAGCGTTGGCCGCGGCGTAGGCCGATTGCCGCGCACTGCCCCAGACGCCCGCAATGGAGGAAAACAGCACGAAGGCATCGAGCGGCGCATCGCCGAGAAGGCGATCCAGATGAAACGCGCCGGAGACCTTGGCCGCGAGCACGTCGTGCAGATCGCCGATGGTCAGCGCGTCGAGCTCCTGCTGCCGAACGATCCCCGCCGCATGCACGACGGCACGCAGTCCCTGAAGCCGCCCGAGCAGCGCCGCGAGCGCCTCGGGATCGGCGCTGTCGCATGCTTCGATGGAGGCGCGAACGCCCAGCTCCTCCAGTTCGCGGCGCAGGACGCCGGCCCCCAGCGCCTCGGGACCGCTTCGGCTGGTGAGCACGAGATGCTCGGCACCCTGCCGCGCGAGCCACCGCGCCACATGGGCACCGAGCGCCCCCGTACCCCCCGTGATCAAGACGGTTCCGCGCGGTTTCCATGTAGGTGCAATGGATGCCTCCTGATGCCGCACGAGGCGACGCGACAGCAGGCCGGACGCGCGAAGTGCGATCTGGTCCTCGTCACCCGCCAGGGCGCCGACGATGGATGCGGCCAAACCGGCATCGAGGTGGGCGGGTAGGTCGAGCAATCCGCCCCACCGTTCCGGGTGCTCGAGCGCGATGACCCGTCCTATGCCCCATGTCAACGCTTGCCGCGGCGACGTCAGCGCGTCGTTCGCTCCGGCGGAGACGGCGCCTTGCGTGAGCATCCAGAGCGGCGCGCGAAGATCGACATCGCCCATCGCCTGCGCGAACCCGAGCGTCGCGGCGAGTCCGCGCGGCACGGTCTCGTGCCCCGGCAACGACTCCGTATCCAATGCCAGCAAGGAAACGATGCCGCGCGGCGCCGCCTCGCGGGCAAGCGCTTCACGAAGGCGTTCGACGATCCGCGCGCGGTCGTGCTCGTCGATCTGCAATGGCACGACATGGGCACCACGCTCCACGAGCGCGCGCGACAATGCCTCGACGAGCGCCTCGTCGACGATGCGCGTGGGGGTGACGAGCCACCACGCACCCTCGAGGGAACCCCCGACGGGTACCGTGGGCATCGACTGCCAGGAGATGCGATACCCCCACGCGTTCTCGGCGTTCTGCGGCACGTCGACCCAGAAGCGTTCGCGCTGGAAGGGATACGTGGGCAGCGCGACCTGCGAGGGCTGCTGGGGTGCAAAGAATGCGTCCCAATCGACGTGATGGCCGTGGGCATGGAGAGCTCCGACGGCGGCGAGGAGGCTCTCGTGGCCGTGGTCTTTGTGGAGCGAGTGCAGGAAGGCGAGATGGTCGGAGGAGCCCAGGCAGGCCTCGGCCAAAGGAGCGAGGACGCCGTGGGGCCCGATTTCGAGAAAGGTGGTGACGCCTTCGGCGTGCAACGTGCGGACGCCATCGAGAAAGCGGACGGCGTGCCGGACATGGCGCACCCAGTAATCGGGGGAGGCGATGTCGTGGGTTTCGGCGCGCCTGCCCGTGAGGTTGGAGACGATGGGAATGCGGGGAGGCTGGTAAGAGAGCGTCTCGGCCACGCGACGGAAGTCGTCGAGCATGGGGTCGATGCGGGGAGAGTGGAAGGCGTGGCTGACGCGCAGTCGCGAGGTCTTTCGACCAAGGGCCTCGAAGTGACGTGCCAGGTCGAGAACGGGTTCCTCGTCGCCGGCGACGACAATGGACTGCGGCGCATTGATGGCGGCAATATCGATGCGTGCGTCGAGCAAGGGGCGCACTTCGTCCTCGGAGGCCTGGAGCGCCACCATGGCGCCGCCCGGAGGAAGAGCCTGCATGAGGCGGGCGCGCGCGGCGACCAAGGTGCATGCATCGTCGAGGGAGAGCACGCCTGCGACATGAGCGGCGACAATCTCGCCAATGGAGTGCCCGAGGAGCAAATCGGGGTGAAGGCCCCAGGACTCCAGGAGCCTGAAGAGCGCGACCTCGAGGGCAAAGAGCGCGGGCTGCGCGACACCCGTTTCGTGAATGCGCTCCATATCGAGCGGGTCAAAGCGCGCAGTCACGTCATCGAAGACCTCGCGAAAGCGCGGAAAGGCGTCATAGAGCGCCCGCCCCATGCCTGCATACTGACTACCTTGCCCGGT
NZ_CP089982.1_gap32	1277898	1282777	4879	GCGTTCCGGAATCGGTATTGACGAATCCGAAAAGCGCATTCAGATCCTCCAAGCTACTTCGAACGATCGCCTCGTCTCCGCGCAGCCTTCCGGCGAAATAGTCGTTGAAGAATGCAGGGCCGCCACGGGCGAGCAACAAGTCCTCCCACATCATGAGAATGGGCCAGGGATATTTCGTGGCCAGCGCGAAGGGCGTTACCCCTCGCGCCTGGAGCGTTGTGGCGGCAGTTTTCAGCTCTTCCACGGTTTTCGGCACACGAATGCCATGCTTCGCAAAAACGTGAACGTTGTAGAATACACCATTGCCTCGATGGATGGTGAGCGGGACGGAGTAAATCCGTTGTCGGAAGCTCACGATATCGAGTAGTCGCGGTGGAAAGGCCCTCCTCCAGCCCTCCTCGTCGAAGAGAAAGGTCAGGTCCTCCATCTTGTTCGCCGAGTCGTCGGAGATGCCCTTGGGCTGGACCCACACCCCAATCAACTCGCGCCCGCCGTGAACCTGAAAGACATCTGGCGGCAGGTTGTCGGTCATGCGCTTTCGCAATTCGAGTTCGCGCGCCATGGTTCCGCCGGACGTGGCCCCGTTGATGACGGTGACGCTGGGGAATTTCCGCTCGTAGGCATCGACGATGACCCGCAGCGCTTCTTCTTCGCCTCCCGCCGTCCAGTTCGAGAATATCTCGACTTGCCCGTGATGCTGTTGGTCCGCATCGCGACCCGGCTGCTCGGTGCAGCTCACCGCCATCGAGAGAAGCGTCGTGATGACGAGCTTCGAGAAATGCCTTCGCGAAAAAAACATCTGCCTACTCCTCGGGTGCTCCTCGACCGGTCAGCTCCTTCAGAAGCTGCCGGCTACGTCGAGTCGCCCCAAACCGAGGCCCACCCGCATCCGAACATGGCCGGCTTTTGGATGTTGTCGTCTTCTTTCGTCTCGGCCCTCCTCTTTTTCGTCGCGCGGTACCTCCGGTCGGACGGCGAACCATAACGTCGCCCCCACGAGTGCTCCGATCCCAATGCCGAGCGAGATGTCGGCCAGCAAATAATCGGTTCGGACGGCCTGCATTCGATCGGCCGAGCAGAATGGTGCACACGTATCCGCGAGCTCTTGTTTCTTTCTTCCCGCCAGCACCGCGAACGTGGCGAAGCCACCGATGCCGGCGAGACCCAGGCCGCCCAACACGAATACAGGGGCAGGGATGGGCCGAACCCAATCGCCCTGTACCGGCGAATGCGGCTCCGTGGGGGCAATTGGGGGCGGGCGCCAGTTTGCCACGAGGGTTCGGCTCTTCTCGCCTTCGCGCACGAGGATCTTCTGCTCGATGCTGGGCTTTCCCTCCCTGGAGAATCGTACCGTGTGCAATCCAGGATCGAGCTCGATGGGGCGCCCGTCCAAGCTACTTGCGATAGGGCGACCGTCGAGTGCAACGGCAACGTCGAAGACGTCCCCCTCGTCGGATTTCGCCTCGACCAGAATCGAGGGGATGGCGTGATCGACCTGTCCGAGCCATTCGATGCAATCCGTACGCACGATGCCGGGGCACGTTTCCCCCGCACAAATGCGAAGTTTGGCCCGTGCGGAGAGCAGCTCCCCATTTTTGCGGGCCACTTGCGATTCCTCGTACGCATCGCGACACGCGACTTTGCTTTCTTGTGCCGCGCACGGAATCGCGGTCACGAGAAGGGTGAAACTCGTGAACAGAGAAATAGTAGCGTACATGGACTCCTCCTCAGACCCACGCGAGGCAATGAACGATGCTCGTAGGCTCGCGCGTGGGGATCTCCCTCACATACGCGACATTTCGGAGCATTCGCGCGATTTGGGTGACGAGAAGCAGGAATGCACGGCGAAAATAAGGAATCGTGGCCAGCGTGCACCCGACGTATTCCACGCGCGCATCCTTCGGACCCTCTTGGTAAATGGCAACGCCACCCCCGACGAAATACCGTCTCCAGAGGTGGGGAAGCTGACCGAGAACGGGCCACGGCGAAAATGTGAATCGTTTCGAAACCTGACTTGCGGTCGTCAGCAATAGGTTTTTCATCGGCCGCGCGAGTAGGAGCTCGACGGAGGCGTGCTCGTTTCTCGACATGCCCAAACGGTCGCATGCTCTGTAATGGACGGCCGCGATGTCGATGGGAAGCCACGCGCCAACCAGCAAGTTCAGAAGGGTTTCACGATGAGGATCGTTTCGGATTTGTGCCGTATACCGCGGATAGTGCCCGCAATCGCGCAAGGCGTTTTGGGAGGAAACGAGCAAGGTGCTCCATACTTGGGTCGTGGAAGGTATGCGTTCGCGGGGGCATTCGAACGGGATGACGGTCTGCTGCATGCAGCGTAATGGCTGCGCGTTGGACATCTCGTGAATGAAATTCGGCACGATCGGGATGGCCGAGTGCAGCCTGCGTGCGCTCATTTGATGCCAATCGAAGCATCGTTGGCCATTGCCATCATGATTGAGATTGGGCGCTATTGACAGGGCCCAATCGATTGGTCGCGGCGGAGCGCTGCGTCAGAAATTGAACCCCAATATCGCAAATGCCCCAACGATGGAGGTGGACATGATTCGTTATAATGGTGCCCCGGTGTCATTTCTCAGTGTGCTCGGCGTCGCGTTCATGATCATGGGGTGTGCCGAAAGTACGGAAAACCTCGATCGGCAAGCGGAGACGATGGATCGTTCCGCCACCCCCATCATCAACGGTGCCGCGGACAATCACGACGAAGTCGTTTCCCTCGCGGAGACCGAAAGCGGTGCGGGACTGTGCACGGGCACCATCGTCGCCACCAAAGGAAGCACGGGCTACGTGCTGACCGCGGCCCATTGCTGCGAACCCGGTGCGCTTCCCACGATCGTCGGGGTGGGGGCCGCCTTTCGGACTGCCGTAAAGCACCCGATCACGGACGTTTTGGCACATCCTTCGTACTCGGGGGAGGCCAGCTCGCCCTATGATTTCTGCATGGTCTCCTTCACGGGGGCTGACGCAAGCACGAAGACCATCCCGCCCATTCCGCCCGAATTGGACGCAGTCGAAGCCGGTGCGGCGTTGGATGCCGTCGGTTTCGGGCGAACGAATACCAATCCACAGGTCCCACTCACCGATCCAAGGCGACTTCACGTTATGTACCGTGTCATCGACTTCCCGAGCGATCGCCTGATCACGCGTTTCGACGGGCGTGAGGGCGGAATCTGCCCCGGCGACAGCGGCGGGCCCGATCTCCTTACCCTCGGCGAGAAGACGTATGTCTTCGGCGTGCACTCGACCGTCAGCACGGCCCACTGCAACGGGACCAGCAAGAGCGGCACGGTGTCCAAGGTTTATCCGTGGATCATGGCGTATATTCGAAGACCATGACGAATCGTATCTGCTGAAGAACGAAAAGCGGCGTCCTGCGCGCGTGGGCTCGTCAGGACGTCGTTTTCGCAGAACCGATCGCGATGGGGCTGAACCTTATGTGCCATCCGGTTGGTTCCTGGGCACCAGGTTTCCGATTCGTCCTGCGAAAACGACCGCTCGTCGGCCTTTGGTGGTCCGAGAAGTGTGCGCTCGTAGGTTTTCGCGATGAACGACCTCCAGCGGTACCTCGTCTCGGAAGTGGCCACCGATCACGTCGATGGCTTGATCACGCGTCGCGAGGCGATGCGCCGGCTGCTGCTCATGGGGATGACGGCCGCCGCCGCCTCCAGCCTCATTGCGGCATGCTCGGATTCGAAAGATCCCAACGCCCCGCCCAATGCACCTCCCTCGGACGCAAGCTTCGATGCGGGGCTGGACGCGGGCTCCGACGCGACGCTTGCCACACAAGAAATTACATTCGGCCCGCAGGGCAACCTGCTCGGTGCATGGGCGCAGGCCGCGAGCCCGCGCGGTGCGGTTCTCGTCATTCACGAGAATCGCGGATTGCTGGACCACTTTCGCGCGGTGGCCACGCGCTTTGCGTCGGCCGGCTATTCGGCCCTCGCCCTCGATTTGCTCTCCGAAGAAGGAGGCACCGCCGCGGTGGCACGCGAAAATGACGGCGGCGACGCGGCGGTCACTGCGGCGCTCAACAAAGTTGCAGGCGAGAACCCCGGGCGATTCGTCACGGATATGCGCGCGGCGTTGGACGAGCTCGCGCGCCGCACCCCCGGCGTCAAGCTCGGTGCCATTGGCTTTTGCTTCGGTGGAGGCATGATATGGCGACTCGTGGCTGCCAAAGATCCACGCCTTGCGGCCGCCGCGCCCTTCTACGGCCCGCTGCCCGACGGTGCCGACTTCACGGGCGCGGTCACCGCCGTTCTCGGCGTTTACGGCGCACTCGACACGCGCGTGAATGCCTCACAATCCGCCGCTCGAACCGCCCTGGAGAAAGCGTCGCTCCCGCACGAGATCGTGACCTATGAGGGGGCCGATCATGCTTTTTACAACGATACAGGTGCACGCTACAACGCCGATGCCGCGGCCAAGGCGTGGGCCAAAGTCCTTGACTGGTACGGCCAATACATCGGCTAACTTCGCCATCGGTGAAAGTAGAGCATCGCCAGGAACGTGATGACGCTCGTTCCCACGAGGAGGCCCAAAAGGAGCGACGATATGCCCTGCGTGGTGAATATGAACAACGACGCAGCGATGCCCGCGGCCAGCATGATGCGGAATGCGACGCGCGCCTCTTCCCATTGAACGGAGCTCAAGTGCTTCATGCGACACCTCCCACGAACCAAATTTGGATCGAACGAGGGGACTTCTCACGGCCTGTTTGCGATGACCTTCGGCCGTCCGGCTCAGGGGGAAGGCGACTCCGTCCGGCGTCCAATGCTTTCGAGGATTCGGTAGCCTTCGGCCAAGGTCGCGTACGTCAACGAGAGTAGGTCGCGCAGCCGCTCGAGCTCACGGTGCTGAT
NZ_CP089982.1_gap33	1285722	1289259	3537	GCGTCGTAGATGCCGTCGCCATCGCGATCCCGCTGGCCCGTCGTCGCGTAGGGCCGTCCTGCCGGACCGTCGTAGATATGTTGCCATCCTTGCTCCACGACGTCGTTCATGTAACCGCGAACCGAGGTGTCGTCGATTCCCGCGTTGTTATTCACTCGAAAGCCCGTCACGCTGTTTTCGTCGGCGGTCATTCCCAGGTGAAGGTTCGTCGCCGTATCCAGGAGATCGGCGTGAGCGTCTTTGAAAACTTTCACGTACAAAGGGCCCCAGTTGGCATGAGGGCTTGCCAGGCACGTTTGCATGGGCGCGCCGCTGAGGGAGTTGTTCACGAGCTCGTTGCATCCGTTGGCGTTATCGTTGCTGATCGAATACACGGGCCACGGGAGTTTTGGATGCGTGCGCAACCTTTCGACCAGCCTCACCGATCTTCCCGTATCCGAGGAGTGAGCAATGACGTCGGCACCGTCCTCGATGAGGCGATAGGTCAGCAGCTCCTCGCGGTACACCATGCCGTCGCCGAATTTCCCGTGGTACGGAAAAATGGGATCCTTGATGTAGTCGGACCAAAAGCCGAGCCATTGGATTTCCACCTTGATATCGGGCTGGAGGCCGCGCGCCCCCAAGGTGAATGCGGCGGCGTCACGCACGACCTCCGGCGTCACGAACGAGGCGATGAAGCCAAGGCGGCGCTTGTTCGTTTTCATCGCGGCCACCCGCCCGGCGAGCCACCAGGCTACCTCCGGTCTGTACCCGATCGAGAGGACGTTGCCTCCCGACTTGTTTCCGAGAACATTGATGAATTTTACGTTGGGATAGCGTTTAGCGCGTAGCAGCATTTCGTCGCGCTGGCTGAAGGAATTCAATACGACGACGTTTGCTCCGCGCTGGTTTACGGCAATGTCGATCTTTTGCGCAATCGCCCCGTGCTCGGGATCGGTCGGGTTCGGTAGTACATTTTCTTCCTCGTAGGCATTCACCCAGGGGAGCTTCTTTCTCGCGTATTCGAGTCCCTCGTGGTGCGTCAATGTCCAGCCTTCACCGGCCGTGTTCAATCCCACGTACAGCATGGCAACCGTGAGTGGCGGATGGCATTCACCGACGAAGCATTTCGTCGACCCGGGACAATCGGCGTTCACCGCGCAGCTTGCCACGCAAACGCGCTCGTTGCATCGCCCCGCGTGGCAGTCGTCATTGGTCGTGCACGTCGAGCCGATGCCGCGGCCGCGGATATCGCTTTCGACGAGCAGCGTGCACCCCACGGAGAAAGCGGCAACGCCGAGAATCCACAATCGTTTGGATAACATGAAAGGACCCTCCCAAGGATCGTATGGGAGCGAGCGATTGGTCGATGAACGACACCGATCGCGCTCGCAGTGACTACAGGTCTGCAAGTGCATCATGGCCGCGCTTCGCGCGAGCGTGTGACCAAATGATGGTGATGAACATTTCGATACGAAATGTCTGTCCAATCATTTGCATTGGAGTATAACCGTCGCCCCAATGACGGTGATTGTCCAAAAGGGCATTCGCCGCGGGCGGAGGACGAGGGGCCATGCGACGCGATTTTCCAACGGAGTTGGCTCGCCTCAGGGCGTTGGAACGATGGGCCGACCCCACGTCGAAAGCCCTGATCGAAGGCCTTGCCATTCGTCCGGAGTGGCATTGCCTGGAAATGGGGGCAGGCGCCGGGGCCCTATCGTATTGGTTGGCCGAGCGGTGCCCACGCGGTCGCGTCATCGCCGCCGAGATCGACCCGCGTTATCTCGACCCCTTTCCCGTACGCGAAAGGCGCATGCCCAATTTGGAGGTGACGCAGGTCGACCTCGTGAAAGACGATTTTCCGAGCGGCTCGTTCGACTTCATTCACGCCCGTTTTCTATTGTCGCACCTGCCGGACCGCGACGCGATTCTGCAGCGCGCCGTCGGGTGGCTCAAGCCGGAGGGCAGCATCCTCGTGGAGGACGCGTACATCCTTCCGCGCGACGAGCTAGCCCGTAAGGAGATCACGGCCGTGCATCACGCCTTTCTCGACAAGATGAGCGGGGAAGGTTTCGATGGCCGATGGATCCGCCGGGTGCCTTCGAAGCTGGCGAATCTCGAGGTCATGGACCTGCAAGTGGTCGCAACGCCCGTAACGTTTGGAATCGGTGATTCGATCGAGGAAAGCTGGAGCCTCGGCTTCGAACAGCACCTTCTCGCTTTTCTCCGTACGGGCGTTTTGACCTTGGACCAAATTACAACATATCAGAATATGCCACGGGCGGATGCGGTCTACATGCCGTGGCTACTCGTTTCGGTCTCGGGACACCGCTGATTTCGTGCGGGCGGTGATCATCAATAGCCAGGCGGCATCATGACCGTCCACAGAGGCACGGTGCGGCCGCGGCACGTGGCGGGCGACGGATCCTCTGCATCGGGGCACCAGGCGATGGGGCCGTTCAGATAATCCATGTACAAATCGTGGTATCCAGGGAATCCCGGCACGCTCGACCGATCGGCGCGCACGGTACCCCATGAATTTTTGACACGCAGGAACTGCACCGTGGTCGACGGCAAAAGCGCGGCTTCGAGCTTGGCCCGATCGGCCGCCTGGTTCGGATCGAGCGTCGTTCCGGCGGCCAAGAGTCCGAAGTTCTGCGTCATGGCCTGGTAATCCTCGAGCACGACCATGTGCCCGCCCTGATGTCCCGGGCCTCCGCTTGCACCGAGCGTCGTCATATTGAACGAGCCGCGCCGTGCGTTCGTGCTCTGCTCCAGCGCGTTGAAATCCACCGCCCACGACAAGACGACGGGTTGCCGATCGTGCAGCGCACGCTGCACGCGAATCATGAAGTTGCGCCGATTCGTCGCACTCGATGGATACTGTTCGCTATGCCAATCTCGAATGGCCTGTGACAAATTCGTGTCCTTGGGGACGCTCGGGCGCGAGCTGGCGGTGCGCTCCGTATAACGGACGCGAAATGCCGCGGGGGACAGAATGGGCGTGCCCTCGATTTCGGCGCCGTCGTCCAGCGTGCGGGAGGCATCGTCGCCGAAGGCGGTATCGAGCCACGTGCGCGTCGCCGTGGGGAGGCCCCACGCCTTGTCGAGCACACTTCGGACGAGCTTGCGGTCCGCACGTGCGCTCGCCGTCGAGAGCCGGCCGGAGCGAAGTTCCGCGTTGACCGCATCGAGGGCCTTTTTCTGCTGTGTCGACATCTCGACGCCATTGTCCGCGAGGACGAAGTCCGCCTGGCGAACCAGGCCTCGCATCGTGATGATCCGATGGGCCGTGGCCTCCCACCCACCGGTCTGGACCTCCGTCGCATCGTCTTCGGCGATCTGATCGAACCAATGCCAGTACGTCCAGTAGGACTCGGACGCTGTAAAGGACTCACCCGTTGCCGAAAGGTGCATCGACTCGACCCAGGCTGCCTCGGCGTAAAGCCAGCAGTTGCCGATGGACTGACGCTCCACGGGCGTCTGCGGCACATCGACGATTTCGTCCGAACGGGAGGCTACTTCGGAATCTTGATGGGGAATGCTGCACGCGGGGAT
NZ_CP089982.1_gap34	1487163	1487811	648	GCATGGGCCAAGGCGCAGCCATGGTGCGATGGCGAGCGCGTGGTCGTTTGGGGCGGAAGTTATGGCGGCTACACGACATTGATGGCCCTCACGCGGCAGCCATCCATCTGGCGCCTTGGGGTCGACCTCTTCGGGATTGCGGACTTGAAGGCCTTCTTGCGCACGACCTCTGCCGAGATCCGCAGCGCCTTCGTCGATGAATTCGGCGATCTCGAAAAGGACTCTGCGCTGCTCGACCAATTCAGCCCGATGCGCGATGTCGACAAAATCGTCGCGCCCCTTTTCGTGTACGCAGGGCAAAACGATCCACGCGTACCCCGCTCGGAGTCGGATGCCATCGTTCGCGCGCTGCGGACGCGTCGGATCCCCGTCGAGTACATGCTCGCCGCCAACGAGGGGCACAGCTTGGACCGCCGCGAGACCAAAGTCGAACTGTTCACCCGCGTAGCCCGCTTCCTCGAGGACAACCTGAAGCCCTGAATCAATGCGGGCATCACCCCCTTGCCACTTCCTCGATCGGGTTGTATATACAACGCGTGTCCACTCGGAGCGTGGCGAAAAGCATCGCGGAGCAGTGCCTTGCGATGCGCATGCGGCGTTTGAATCGCGTGATTACGCGAATCTATGACGAGGAGCTGCGGCCGTACG
NZ_CP089982.1_gap35	1490171	1493704	3533	TCGTTTGAAAGCGCTCGGGTTGTTTCGTCGTGTCGACGTCAAGTACGACCGAATTGAAGGGCACGACGACCGGGTGGCCCTCACCATCCAGGTGGAGGCGAAATAGGCGCGGAGGATGGCGTCAGAAATGAGGGTCCACGGGAGCTGGGAAACCCCTCCGATGTTCACGGTCCGGCTGGTGAGTTGCAGGTGGAGCGGCTGCGCTTCCAACGGAATCGGCCCGGCCGTGACCGCGATTTTTCTCGGTTTTTTGCACGATGTCGGATCCGCACGCCCTTGAGGATGGCATACTAAAATGGACCGATGCCCTATGTGCGCCAAGCTTCGTGGTTTCTCTTGCCGCTTGGGCTCGCCGTGGTCTTCCTCGGCGCCTATGCAGTTTCCGGCGAAGACCGTGCTGCGACCATCGCCAATGGGATTCTCCTGATGAAGCTCTTCGCCTTGGTGGGCTTCACCATGGCGACCACCCGGTTTTCCTGGGGCGATCGCATGCACACCGTCTGGATTCTCTTCGTGCTCAACATGGTGCTGCTTCTTTCGAAGGATCTTTTGTTCGGCTATTCGCAGCAAGGCCTGGGACTGCATCTTTCGCGCGAGTGGCAGAAGGCGATGTACGCCATCATGGTGTCCATCGCCAACATCGCGTCCACGGCCGCCACCGTGCTGCTCGCGCGAACCTGGCGCGAGGCGGGGCTGGAGATCTCTCCCTCGAGAAGCCGCCAGATCGCCAAGTTGGCAGTCGTGCCCTTTGCCGCCCTGCTCTTCGTGGTCGGCCTGCGCGCAAACCTGCAGCGGCTTCCGCCCGACGATATGTGGAAGACCACACTCCTGGTGCTCGTCCCCTTTGGAGACTTGCTCTGTTTTAGCCTGATTGGCCCGCTCGCCGTGACGGCCTTCTCCTTGCGAGGTGGAGCCCTGGCGACACCTTGGGCCATGTATGCCTTGGGCGCGGGCCTCTGGCTCGTTTGGGACATGGCCAATGCCTTCGCGCACCTGTCGGGTGTCATCGTCGAAGTGAACCGCGTGTTGGCCCTCGGCTACACGGGTGGCGCGGGCATTGCGCAATGGTGGGTCCTCCGCCACGTCAAATCGACGGCACCCGTCAGCGGTTGACCGGCGCCTGGCCGCGGCGAGCAATTTTTTGGCCGCAGCCCGGAAGCCGGAAATCGTGAAGCGGTGCATCTTCCTCGCGCTGTTCGCGTTTCAGCGAATCGAGGGAGAATCATCATGGGTTCACGTTTTCGAGTCATCGCGGCGAGCGCGATGTTTGCAGTTTCGACAATGGTCGCAGGGGTTGGCTCTTCGGGGTGTGGGGCGTCGGAGGCTGCGCATTCCCGACCGGCGTCGAGCCAATTGGGAGTCTTTACGTCGGATGCGGCCGGCTTCGAGACGCACTCGTTCTGGTACGACACGGGGCGCGAGGTCGTCGTGTTCGATGCGCAATTCACCGAGGCGTTGGCGCGCAAGGTGATTGCCGAGATTCACGCGGCCACGGCGTCGCCGATACGGTATGTGGTGGTCACGCACCCCAACCCGGACAAATTCAACGGGGCATCGGCATTTCGCGCGGAGGGTGCACGCATCGTGGCGAGCAAGGCGACGGCCGCCGCCATTCCCGACGTGCACGCGTACAAGAAGCATTACTTCGTCGAAGTTGCCAAAATGTTCACCGCGGAAACGTACCCCGCACAGGCCACCATCGACGAGACCTTCGAGGGAGATTTCTCCCTTCCGTTGACCGGAGAGGGGCGTGTGGAGTTGCACGAGTTGAAACACGCGGGCGTCTCCTCCACGCAAACGGTGGCCTATGTGCCAGGCATCGGCGCACTGGTGGTCGGCGATCTGGTGCACGTGGGCGCGCACGCATGGCTCGAGGGTGGAATCGTGCACGGTGCGCCGCAGCCGCGGGTGGACGATTGGAAGCTGGCCCTGGACGAGCTTCTCGCATACCCCGGTGCCACCGTTTACGGAGGACGAGGGGCGAGCGCCAAAGTCGAAGACGCCGTCGCAGCCCAAAAGCGGTATCTCGATGGCATGCACCGATTGGTGGCGGATTATGTGAAAAGCCTCGGACCCCGCAAAAGCGAGCTCCTGGGCGACGGCGGCGCGCCGCATTACCAGGCATTGACGCAAAAAGCCGAAAAGGCGTTTCCCGAGCTTTCTCTCTCGTATTTGATTGCGTATGGCGTTTACGGCCTCGCGGGACAAATTGCGAGTGGTTCTTGAATGCCATGAATGATGGCTCGAACCGTCACTCGATTGCGGATCGGCGCTGTCGGTAGTCCTTTGGCGTCTCGCCGGCAAATTCGGTGAAGGCCGCGGTGAAGGCCCCTAGGCTGTTGAACCCTACCGCGTAGGCCGTTTCCGTCACACGCACCTTGGGCGATGACAAGAGCTCCATGGCGCGCAGCATCCGTGCAGTATGCACGAAAGCGCGCCACGAGGTGCCTGTCTCCTCGGCAAAGCGACGCGTCAGCGTTCGCACCGACACGCCCGCCGCGCGCGCGCCGTCCTCGGCGGAAAGCTCGCCCTCGAGATGATCGAGCGCAAAGCGCATGGCGCGCGCCAGCTCGGGACTTTTGGCCACGGGCAGCCGATACGGCTTTTCGTCGGCGATCCACCCAGGTACGAGCGCCGCGAGCGCGGCGAAGAACGGTTTGGCAACGGGATCGTCGGGCCGCGTCCCCGGCCCCCACTGCATGGAATGAAGAATCATTTCCCGCGCGAGCGACGTTACCCCAAAGACGCAGCACGCCGCAGGCGCCGAGCGCACGAGCGACCGCGCCATGTAAATGGTGCGCAGCCGAATCGGCACCCGCGTGCGCACGACGTGGACGACGCCTGCGGGAATCCACGCCGCGCGCTCCGGGGGCAGCACCCATTGCGAGGACTCCGCCTCCAGCGAAAGGACACCCGAAACGGCATAGAGGATCTGATGCCGCGCATGCGCATGCGGCGCCGAGTGAAACGGCGCATGATCGTCCTTCAACCCGAACGCGGGCGCCCGTGCCGTGTCGACGTCGACGATCGAGCCCATGGGCGTGAGCTTACGGTGATGGCACCGTTTGGCAATCAGACCCGCGATGGGCCGAGGGTGGCGAGGAGGTCGGCAAAGGTTGCCAGAATCGTGGGGAAGCCGCGACCGTCGGGATCGGCGATGGTACGGGGGAGGGCGGGGAGCTCGGATTCGGGGAGGCCGGACCAGAGGGGTTCGATGAGGCCGTCGCCGCCGCGGGCGAGTATCTCGGAGACCAAGGTGAAGGCGGTGCGGGGATCTCGGGTGCGGACCCAGGAGGCGTTGGCCGTGGTGGCGCCCGTAGGGGCGGAGAGAGAAAGCGTGCGTGCCATGGCGCGGCGGCGGAGATCGCGGATGGCGACGGAGGCACCCTCGTGGAAGGCGCGGTCGGTGAGGACTGCGTCGATGCTGCCGTCCAGGGTGAGGCCTCGGCGGCTCACCGAAGAGGATCCGACGAGCGCCCACACGTCGTCGATGACGGCGACGGTGCCGCGGATCACTTCGGGGCGGCCAGGAA
NZ_CP089982.1_gap36	1574980	1576878	1898	GTAGTCGCGGTTCAAATTGAGATTCTGCGCCGTCGTGCGAAATCCCATCTCCTCGGGGCCGCGTTGGTTCGGCCTGTGGTTCGGCCCGAAGCGCTCGTGTCCATCGATGTTGAGCACGGGCACGAATACGGCGGTGGTCTTCGCCAGCGCCCCGGGCACCAGCTTGTCCTCGAGCAGCTCGCGCAGGGCCCAGAAGCCGCCGTCTTTGCCGTCGATCTCCCCCGCGTGAATCCCGCCCTGGAACAGGATCACCGGGCGGTGCTTCGCGCGCGCTTGTTCCTGGGTCAGCACCCCGTCGGACGAGGCCACGATGGCCAGCATGGGCCGACCCTCTGGGGTCGTGCCAAAACTGACGCAGCGCGCACGTTGCGGATAGGCGCGCTCGAAGGCTGGGCACAATCGCTCGACCTCCTCGTACCGTGCGGTGCGCCGGAAGCCGCTGCGCTCGGCCTCGGCGACGAGATCCTGCGGGCGACCTGCCGGCGAGGCCGAGGTGCGCACCTCGCTCGAAGGGGTTTGCGCCGGCTGGCATGCACCGAGGACGCCGGGAATCGCTGTGAGGATGGCTACGCAAAAGGTGCTCTTGAATGTGCGGTGATTGAAACGCATGGCTGGCTCGGTTTGAAAAAAAGGACTGCGAGCATGGCGTTATAGGGCCTGGCTTCGAAGCGTGTAGCCCTTGAGCCGCGTACAGTGGCTCCATCTGGCACATCACGTGCCCCTTTTTTGGCGCGTCAGGTTATTGTCACGGCGGGGCCGCGAAAGCGAGCATCGAATGCGGGAGGGCGTGCAGCCTGATGACGTCGGACGATTCCCCGCTATCGTCTCGGATTTCCGGACCCGCAGCAGCGTCCGAGTTGGTATCCTTGTTCGTTTTCGTGCGTCTCGTGGAAACGGGCTCGTTTTCGCGTGCGGCGCAGGAGCTTGCGACCAGCCCCGCCACGGTGAGCCGGCGATTGTCTCGATTGGAGGAGCACCTCGAGGTGCACCTGGTTCATCGAACGACGCGTCACTTTGCCCTCACCGAGGCCGGCTGGCTCTTTTACGAGCGGGCGCGCGAGATCTTGCGGGCCGTGGAGAACGCCGAGCGCTCCATCAAAACGATGAACAACGTGGCCGCGGGCAGTCTGCGCGTCAGCGCATCGACGGCATTCGGGGCCATGCACCTCGGGCCCTTGCTGCCCGAGTTCATCGACCGGCACCCCGGATTGAGGGTGGAGCTCATTCTGGAGGACCGCTACGTCGACCTCGTCGCCGAAGGCTTCGACGTGGCCGTCCGCATCGGCGGGGAGTGGGCCTCCAATCTGCGAAGCCGCCGACTTTCACGCGAGCGCGCCATCGTCTGCGCCGCCCCCGCGTACCTCGATCGCCGTGGGATCCCCAGCACGCCCGCCGAATTGGAAGGGCACACGCTTCTGCGTCACACCGTCGTTCCGCGGTGGCTGTTTCGCGTGGACGGCAGCATCGTCGAGGTCGAATCGGGCACCAACATCGTTTGCAACAACGTGACGGTTCTTCGCGAGGCTGCAATTCGGGGGCTCGGCTTGGCCTACCTGCCGCACTTTGCCCTCATCGATTCGCTGGCGAAAGGGGAGCTCGTGGGGGTGCTCGAGAATTACGCGGCGCATGAAATCGCCATCGATGCACTCTATGCACCGACGCCGTTCAGCGCCGCGAAAGTACGCGCCTACATCGATTTTCTGGTGGAGAAGGTCCCCGAACGCCTCGGTGTGCTCGATGGCGCCTCCACCCCGACGACTAACGCCTATCCTTTGCCATGATCATATGAAAATAGCGGCGGGTCATTCCCGAGGCCATAGCCGCCCTGCTCACGTTGCCGTTGTGATCGCGCACTGCGCGATCGACGAAGCGCTTCTCGAATTCGCGAATGAGAAGTT
NZ_CP089982.1_gap37	1602135	1605588	3453	CGCCCAGGCCCAGCGTCTCTCGCCGAATCTGCGTGATGCGATTGCCGCAGTCCGCAAGCTCACCAGCGACGTGCAGGAAGTCTCCATGGATAGCCTGGCCACCCCGATTCTCGAGGTGATGGCCCAGTATTGCCTCATCGAGACCTGCTCGATTTACGCCGTGCACGACGGCGTCCTCGCGGCCCGTCCCTCCGTGTGCATGGGCGGCACGCAGGGCCTGGTCATCGCGAACGACCTTCTGGTCGCCGAAGCCTTGCGCACCAAGAAGCTGACGACGTTGACCGAGGCCGGGCGCGACTCCGCCAAGGCCAAGATGCAAACGAGCCTTCTCGCGGCCGTGCCCTTCGTCGACACGGCGGGCAATGTGCACGGTGTGCTCTGCATCGAGGCGATGCCCTTCGTCGCCTTCGACCGAAAGCACCTCGAGACGCTGTTCATCTTGGGCGGGCACTTCGGCGACATCTTGGCCGCGCGGGGCTCGACGAGCCACCTGGAGCTCGGCCGCCGTTACGAGTTCGAAGTGCGCATGCGCCGCGCACTGAAGGACCTCAAGGATTACGACATTCCGTGCAGCGTGTTCGGCCTCGTCGTGCAGCGAAAGAGCGCGGTGAAGGAGCTCGTGAACACCGTTCTCGGCGACGCCCTGCGCGTGCTCGATTTCCCGCTCGTCGAGCGCACGCCGGATGGCAACTACGCCGTCTTCAACTTATTGCCGATGACCGACGAGGCGAATGCCCAATCACTGGTTGCGCACTTCGCCCACCTCGTCGAGAGCGAGCTTCACACCACATTGCTGATGGCTGGCGCCGATCCCTTCATTCACGTGCTTCACAAGGAGCAGTCCGTGGACGACGTGATGGCCCTTCTCTTGCACAAGGCGCAGCCGGGTCGACATGTCTCGTTCGAACATACTGCGGTGGGTTAGCGTCGCGACCCTCGCGGCGTTCTCGGTGCTCGATCTCGCATTGATCGGTGCCGCGCTTGCCTATCCGTTCCTCACCTTCATGTTCGTGGCGCTCCTCGCAGTGAGGGGCGCCTTGTCGGCGTTGGGGAGCGTGGTGCATCTGCTGGGCGCCCCTCAACAGGTGTCGTCGGCGAAGGTGCCGTTTCTGCTCTTCGCCACCTTGATGCACTTCTTCGTCCCGGTGGTGGGCTTCGTCGGCATGTCCGCGGTGCTGCGCCTCGGGCTCGGCGCGCAGCGCGTGGAGGAGGCCCCCGCGTGGACCTCGTTCAGCTTCGAGGGCGAGGCCTTGCCCAAGCGCACCTCGCCGAAGCAGCGCAGCATCACCCCCGCCGCGCTGGAAGATCTTCTTCGCTCGCAGCGGACGACGCCGGACAAGCGTTTTCAAACCGTACTTCAGATTCGCCACTTGCCGCAGAAGCAGGGTATCGCCCTGTTGAAACTTGCGCTCAAGGACACCTCCGACGAGGTGCGCCTCTTTGCCTTTTCGCGCCTGGAGCGCTTTCGGAACGACTTGGAAATGCAATCGCGCGAGCTGACGGAAAAGCTCACCATCACCGATGGGCCGGGAAAGCCGCTTTTGCATCTGCGCCTGGCCGAGGCCTATTGGGAAATTGCTTATCTCGGGCTGGCCGAGGGCGCGGTGCTCACGCACGCATTGAAGAACGCGCAGGACCATGCGACCGCCGCGTGCAAATTGCGGCCGGGAAGCGCGCCCGCGGAGTTTCTCTCGGGGCGAATTGCGCTTTTGCAGAAAGACTACGGTGACGCATTCGGAGCTTTCGAGCGCGCGGTGCATGCAGGGTACACGCGTTTGAAGGCGCTGCCCTACATGGCCGAATGCGCATTTCATCAGCAGCGTTACGACGACGTTCGCACGATGCTCCACGAGGTGGAAGCGTCGGGTCGCGAGGCGGCTCAATTCCAATCGGTGGTGGAGTTCTGGCGATGAAGACGGGTCGAGGTCCCAAACTCCGTCCCGGCGAGGTGGCGGACGTGACCTTGCTGCTCGAAGGAACGTACCCCTTCGTGAGCGGCGGCGTTTCGAGCTGGGTGCATCAGATCATCCGCGGGCTGCCGGAGATTCGCTTTTCCCTGGTGTTCATCGGCGGCTCGCCCGACAAGACGGAGAAGCTGCGCTACGAGCTGCCGCCCAACGTGGTGCACCTCGAAGAGCATTACCTCTCCGATGTTCCCAAAGAGCAGCGCGTCGTCGCCCGTCGCGGCGACGAGGCGTTCCATCAGCATGCGCGCGCGCTGCACGACATGCTGGCGACCGTCGGAACCGTGGCCTCGCCCCCATCGTCGTCGTGGAGCGGAGGTTGGCCATCGTTGGGCCAGCAGCCCGTAACGCAACAACGTGTTCCGCGACGCGTGAGCGGCTTCGTGGCCTCGGGTTCCACGTTCGAGAGCTTGGCCCAAGCTGCGCGTGAGGTCCTCTCGCCCGGTCCGGCGAGGGGTGGTGCGCTGGCCGAGGTCTTGACGCCCGTGGTTGCGGACATGATGAAGAACCCGCACGGCTGCGAGCGCGACTTCCTCTTCAGCGAGCGCTCTTGGGAGATGATCACCGAGCGCTACGAATCTGGCGCACGCGAGCGCTCCTTCCTCGAATATTTCTGGTGCGTGCGCTCGATGCACACGCCCCTTTTCGTCATGGCCCGCGCCGCGGAGAGCATCCCGCCGTCGCGCGCGTTCCACGTCATTTCCACGGGTTTTGCCGGCTTCCTCGGCATGCTCCTCAACCGCGCGCGCAACGTCCCGCTCATTCTGACGGAGCACGGCATCTACACGAAGGAGCGCCGCATCGAGCTCCTTCAAGCCTCGTGGATCAAAGACGAAGACCTGCCCAGCGAGACGTTCGGCGGCATGAGCGGCATCGGCCACTTTCGGCAGATGTGGATCCGCTTCTTCGAAGCGCTCGGCACCATGACGTACGCGGCGTCGAATCCCATCATCTCGCTCTACGAAGGCAATCGCGCGCGGCAGGTTCAAGACGGCGCCGACCCCTCGCGCACGCGGGTGCTGGTCAACGGCATCGACATCGCCCGCTTTGCGCCGCTCCGCGCGAAGCGCACGCAGGGCGTGCCGCGCGTGCTCGGTTTGATCGGCCGCGTGGTGCCCATCAAAGACATCAAGACCTTCATCCGCACCATGCGCGTCGTCTCGACCGAGCTCCCCGGCACCGAAGGCTGGATCATCGGCCCGGAGGAAGAGGACCCGAATTACGCTGCCGAGTGCCACGACTTGGTCAAAGGCCTGGGCCTCACCGGGGTGGTGAAGTTCCTCGGCTTCCAAAAGGTGGAGGACATTCTCCCCAAACTCGGGCTCAACGTGCTCACCTCGATCAGCGAGGCGCAGCCCCTGGTCGTGCTTGAGGCGTTTGCCGCCGGTGTGCCTTGCGTCTCCTCCGACGTGGGCTGCTGCCGCGAGCTCATCGAAGGCTCCTCCGAGCAAGACCGCGCCATCGGCACCGCGGGAACGGTGGTCAAAAT
NZ_CP089982.1_gap38	1609667	1613161	3494	GCAGCGCCATCAACCAGAGGAAACGCGGCCGACGTTCTCTCATCGCAACGCCTCGTCGATGACCTGCCGAAATGTCTCGAACGGAAACGCGCCCGGCATCAAGCGTCCATTCACGAACACCGTCGGTGTTCCACTCGGCCCGGCCAAGCTCACGCCATATTCGGTTTCCTCGCGAATCGCCGCCTCGAATTTCCCGCTATCCATGTCGCGACGAAATCGATCCATGTCCAGCCCGAGCCGCTCGGCATGCCGTTCCAGCATGGCGCGCCCGAGCACGTAAGGCCGGCTGAAAATCGCATCGTGCATTTCCCAAAAGCGCCCCTGCTCGCCGGCCGCACGCGCAGCAACGTGCGCCCCCATCGCGTCCGGGTGGATATCCGTCCCTGGTGCGTCCTTCCACACGATGCGGACTTTGTCGCCGTAATGCGCCCGCACCTTGTCGAGCGTCTTTTCCAATTTTGCACAATAGGGACACTGGAAATCGGAAAACGTGACAATCGTCACCGGCGCATCCTTCGGCCCGCGCATGGGCGAGGTTCCCACGTCCACCGGATAATGCCCTTTGGGGAGCGGCGGCAGCTCGGCCGCGCGCAACCCCAGTCCTTCTTGTCCCTGCGCGATGATGCTCTCGTATGGGCGTGCGGCGCCTTTCAGTTCCTCCCTTACGCGCGCACGAATCGCGTCCACCGTCGCCTCGGCCATCCGCTTGCCATTGATGAAGAACGTCGGCAGATTGCGAATGACCAAATCCTCCGAGAGCGCCAGGTCTTTCGCGACCGATTCGGAATACGGCCGATCGTCCAGCGCTTCCCGAAAGCGCGCGCCATCGAGGTTCAGCTTTTTCGCATAGCCCTCCAGTTTTGCACGCCCCTCCACCGGCCCCAAAAAGAGCAAATCGTGCATCTCCCAGAATTTTCCCTCGCGTCCGGCGGCGAGCGCGGTCTCGGCGGCCAACATCGCTGCGGGATGATCGGGAATCGGCCGGAATTTCCACACCACACGAACATCGCGCTCGTAAGGTGCCAGGGCCGCGTCCAACTCCTTTTCGAACGCTCCACACCGCGCGCACTCGAAGTCCGACCACAACACGATGGTCACCTTCGCATTCGCCGGACCTTTCGCCGGTGAATCACCCGTCTCCACCTTGTAGACGATGTTCGGATCGAGCGGCGGCGGCGTATTGTCCGCCGGCACCGGTTCTTCCTTCACCGGACCTGCATCCACCGGCCCGCTTCCGTCGTGCGCGATGCGGCGATACAGCGCCGCCGGCTCCGTGCCGGATTTCAGCAGAGCATCCGCCGCGGCCCATTCTTCATCGAAGATGCGCTTGTACGTCGCATAATCCCGAAGACCGCGAATGCCTCTCCCGTTCACGAAGAACACGGGCGCCCCGCGCACCTGGAGTTGCGCCGCCAAAATCGAATCACCGTCGACCTTTTTCCGAGCCCGCTCGGACTCGAGCGCCTCCCGGAACCGATTCATGTCGAGCCCTAGCTCCGTCGCATACCGATCGAGCGACGCGCGATCCAACGCCTCGCGATGCTCGGTGAGCCGATCGTGGTACGCCCAGAATTTCCCCTGTTCGGCCGCCGCCGCCACGGCTTCCGCCGCCGATTGCGAATGCTCGTAAATGGGCAATGGATTGTGCCGATATTGAATCCGAAGTGCGTCCCCGTACTCACGCCGCAATCCACGCAGATGCTCGAAAGCACGGGCGCAGTACGGGGACTCGTAGTCGCAAAACACCACCAAGGTGAGGGCTGCCGTGGCAGGCCCGCGCAGCGGTGTTTCGTCGAGTGGAACCCAGGTGCGTGCCTCACTCGACGCGCCCGCACCCGCCGCCCCGGTCTTGGAGTCCGGTGCCCTGGCTTTGCACCCCGCGCAAACGAGCGTGCAAACGATGAAACAGCCGAACAGAAATCGTTCTACGGCGGAAGAAGGTCGCGCGACGAACATGGGGTCATCGCCTAGAAGTAAAAGGTGGCCGACTTTTGGCCGTAGCCGTAGGTGAAATGGCCTTTGCTGGTGCACGTGCCATCACCGTGCGGGATGGCCAATGCATCGAGCATTCCGTCGGTTCCTTCGAATCGACTGCAGCACGACTGATCCCACACTTTGGCATTCACGCTTTTACCATTTGCGGTGACTTTGACGACCGTCCCGCAGCTGGCCCGTGACGCGTAATCGCGCGCAAAACGCGGCTGGGAGTCCGAACAGCCGTATCCGCACGCGCCCGTGGCATTGTTGCCATTGGCACATTTGAGCCACCAACACGCGCCTTCGTAATAGAGGGTTTTCGTTACGGCCGCCGCCGCCGAAACGGCGGCCTGATTTTCGCCTTCGTTCGGTTGGCTCTCCGTATCGGTGTCGCCATTGTTGGCCGCACACCCTCCGAGCATGGCCCAAAGCACGGTTGCAAAGGCCACCTTGCCATACGTATTCATCCTATCGCCTCCTCTCACACACTCGAAAACTGCGTGAAAAATCGATAAGGACTACGGGCCGGTGGATCGTGAATTGTTTAAGCGGTGATCCACCCGAGGGATCACGTCGTTCTATTTCGGGATCGAGGACAAGGCAGATCGCAGCGGCCCAATCGCGGATTCGAACTTCGAATACGATGAACGACGGTCACGTGAACCGTCGCCGCCGATAAAGCAGCAAGGTGCGGTCCATAAGGGCGCAAAACGCAAAAAAGGGCCGGAGGTGATAGCCTCCGACCCTTTGAAGTCACGCAAATCCCAAACGACGATCAGAACTCGCCCTTGGCGTCGTTCGCCGCGCCCTTGACGGCCTTGCCGAGCTTCTTGTAGGCGCCAGCAACGATGAGGAGGATGGCGACGAGGAGCAGACCGTACTCGATCGCGGTCGCGCCTTTTTCATCCTTCACGAGCTTCATGATGTCTTTGTTCATAGGAATTCTCCTGGTTGTTATCGTTCTTTAGGGGGGTGTTGCTGCATCGCCCTATTACACGGCCCGTGCCACGCTCGAAGCGCACGTTTGCGCACAGGTCGTTCGAGCACCTGGGTTGCGTGATCTGCTGGAAATACCGCGGGATTCACGCTCGATGGGCATTCCACTGTCGACGGAAGAGAGAAGGTGCGACTGGACCGTGACGGGTTCAATGACCGGAACCGGAGTCCAGTTCGAAGAAATCGCGAAACCTCGGCGATTGTGCGGTCGATAGGTGAGGGAACAAGGGGAATCGCATGAAGGGGATGGGACAACGTTGGTCGTGGGCCGTCGTGGTGTGGACCCTGTCCGTGGCTCTCTTGGGCGTGGTGCCGCGGGCGCGTGCCGACGCGGCGAGTGACGCGGCCTTCGAGAAAAAGGTGCTGGACGACATTCGGGCAGAGAACCCCGACGCAGTCCCGGTGTTCACGGAGGCCATGGCGGCGTCCAAGAGAAGAGACCTGCCCGCCGCCATCGCTGCGATGGGGCGCGTCGTTCAATTGGCGCCCAAGAGCGACCATGCGCATCGGCGATTGTGCAA
NZ_CP089982.1_gap39	1649364	1651772	2408	GGCCTTCGTGGCCGCGTATCCCGAGCGCCCCGGGCCGGCGTTGAATACGACTTCCGAGGAAACGCCCACGAATACCCCAGGTTGCGCGCTTCGCAGGGCTGGCAGCGAGGTCGATAACGTCAGCCATAGACCGTGCAAGTTGACGTCGATCTGTCTGCGCCACTCGGCTTCTGCCGTTTCGCCCAAGCTGCACCGGCGCTCCCCGTAGAACACGGCGGAGAAGCACACGAAGTCGAGCGGCTTCGCGGCCGCTTGCAGGAGCCGCGTTCGCGCAGCCGTGGGCTCGCTGAGGTCGAGGGCGGCCCATTTCAGCTTTTCTGCCGCTGGACCCACGGGAGCCGTGCGGCTGAGAACGAGTACCCGTGCGCCTGCGGACGCCCATGCGTCGGCAATACCACGCCCAATTCCGGTGGAGCCACCGACGACCAGGGCACGACAATTGGAAAATTCGGACATTACGATGCTTCCTCGATATGTGACGATGGGAATCGCACCGCCAGCTTAATGAGCCGGCGGCCGTCGACGACACGCTCCTGACACTGTGCAAGATGGGTCATGATGCGCGCCGCATCGTGCAGATCCACCACGTGGGTTACCAGATTGCGATAATGGTCTGGATGAGCGACGAGCTCCTCTGCTGCCCATCGAAGGTGGTCATTGGAAACACCGCGATGGCCCGTGACGTGAACACGTCCACTCCGTCGGAGCGCTCGCGTTTCGATGTTGGGTCGGAGGGGCCTTCCCGCGCAGTTGGACGCTCGCAGTGCGGTGAGGTCCAGGCCCGGAAGATACCTGCTCGCCGCACCTGCAGGGAGCCCTCCAACGACGTCGATGACCACGTCACCGATGGCAGTGCGCAACACCTCGTCCAACCTCGACAGCGTTTGGTCGCGAGGCGTGGCGATCAAAACGGCGGTAGGGCCGTCCGCGAATGCAATCCGCGGGTCGAATGGACCTATGCAGGATACATCGATGCCGAGGGCGTGCGCTCCGCTGAAGCGGAGCCCCGCTTCGGTGTGGTGCACGAGAATGGTGCGGAGGCCAGCGCGATGGGCACAGCGCACGGCGAGATGCCCTATCGTGCCGTCGCCGATCGCAAGTAGTGTACGCGGTTTGAACTCTTGGAGGATGGAGAGCGCGTAGTGTGCAGCGGCAAGCGGCTCGATGAGGGTCGCCAACTCCGTTGCTGGCGCGTGAGGGGCTAGCAGCACCAGGCCATCGGACACCGCGGACTCGGGAATCAGAACCATCTCCTGCAATAACCCATCGACGTTGTGACCCAGGAGGAAACCGGCGTTCGTCGGGTGCGTGGGATTGACCAGCACCCGCGCTCCAGGGGCAAACCGCGCATCGGCACGCGCACCTCTGGCCAGCACGCGGCCAACACCTTCGTGGCCGATCACCGAAGCGCGTTCGGCTCGCAGTCCTCGCAATATTTGGATATCCGTACCGCATAGACCGGCATTCTCCGGTGCGATGAGCAGCTCGCCATCTCCGACCGCCGGTGCTTCGCGCGTTGCAACGACAACGCGCGTCCCGGTACGAACCAAAGCACGATAGATCATCGCCGGGCGCTCTTTCTCTGTAATACCGCAAGGCCGGCGCCGATGAGATTGTTCGCGCTACCTTGGCCGCAAACCACGATGCGCGCAAGAGGCCACGGCCGCCCTAATTCCGACGTCAAATAGAGTGATTGCCGCTCGAGCTGACCGAGCACTGCGCGGACATAGTGCTCGGATAGTGCGTTGGCGACACCCCCCGCGAGGGCAACGATATCCATCTCCGGGTCGACGCACAGTGCAGTGCGCAGGATCGTTGCGATGGGGGACGTTGCAGTCTCGAGTAGCTCGCCGGCCAGTGCATCGCTCGCGTCGAGCGCCGCGCGAAATGCCCGTTCGAATGGTATGCCGTGACTCACGTGTACGCTCAGCAGCGATGCATTCCACCGTTCGGGCGACCGTCGTTCCAGTAGGTCGGCGAGGCGTCGAATCCCTGGGCCGGAGGAGAACGCTGACACGTGATTCGGCTGGCCACAATCGCAGAGCAGTACCGCGGGAGAACCTGCGAGCGTTGCGCTCGCGGGGAGGTGGCCAATCTCTCCTTGCAACCCCAGCTCATCGACGGGAATGGCCCCTGTGCGTCTATCAATGATGCGGCACGCGATGCCCGTGCTGATCGTCACTAAGAGCACTTTGCGTGCGTTCTCGCAAAGTGCTGTCGATTCAACGTGAAGTAACGCGGCCGTAACATCGTTCACGACGGTCCATTCGACATCGGGTCGATGGGTGGAGAGCGCGCCCGCGAGATCGTATCGATCGACGAGAGGACCCCAGAGTGGCGCGGAGGCATATACCGTGCTGTTACGGTGATCGAGCGCCGCGCCAAATGACACCCCGGCGACGTGTACA
NZ_CP089982.1_gap40	1653365	1656972	3607	TCTCTCGAGTGAAAGTAGATAATCTTTCTGATGCAAGCGTCAAGGTCTTGCTACGGGTTTGTTTGTTTGGAATTGCGTTTATTTGACGCAACAATGGTGTGAGTCGTGCGAGCTCCTGTGTGACTTTGAGATAAGTTTGTTCTGGCTGATGTTGTTTTCGCTCATTCCCGGCCATGATGCCTTAAACAACACGAATTCATTATTGAGATTTTGCGACCGCGTCGCTCGCCAGAGACGTGCAAAATTAAGTGTGTTGCTGTGTCTAGTTTGATTTGGCGCGCCGTGGAATAGAGGATTTGTTTGAAAATGCGACCAATTTCGCTTTGTTTCGTTGTGTTTCGTGAGCGCGAAATGATGGTGCAAGGTTTTCTGGGCAACATTTGACCGTTTCGGTCGACGTTCGTTGTAGGTGCCGAGTGGGTCGTAATGACAACTTGGCGTCTACTGTTGAGCGCCTGCTTGCCGGGAGGAATAACCCTCCGACCTGCTATTTCACGCGCGACGGCCGCGGGTCGAATCCGAGTTCGCGATTCAGTTGCACGTCGAAGGCGCCGGCTTGGGGGTTGCCCGGCCAAGTGACTTTGAGGGTTTCTCGGTCGTGGTTGGACGAGCCATAATCGGGTAAGACGAATCCGATGGTTGCGGCGGAGCGGCCCTCGACGAGGATGTTGCCGTGTGCGGGGTAGCTTCGCTCGAAGACGTGACCGCGGCCGTCTTCGACACGCACCGTGAGGCTCATTTCCACGCTGCGCCAAGGGGCGGCGGGCGCGTAGGGCAGGGGAGCGGCGGGCACCATGGATCCCAGGGTGGCCGATGCGCGGACGTGCAGCCCGGCGATGTCGCCTTCGGTGGTGCCTCGCGTTTGGCCGCCAGGTTCGACGGTGTCGCGCCACTGCAATGGAATATCGAGTTCGAGCCGGGGATTGGGATTGTTTCCCGGTTTTCGCAGCCATGCGAGGACGCTCAGTTTGACGTGGACCGGTACGCTGTATCCCTCCGGCAGCGAAGTGTCGATGCCCGCCGCGAGGAGCGGGGCCATGGTCGGCACGGGCTTGCCCGAGGCAATATCTCGGGCGATGGACAGTGCGCGTTCCAGGTATGTGCGCGGCGTGCCTGCGCGGCCAGTCAAGATGGACTGCGGATCGGCACTCATCATGGCGTCCGTGATCAAGGACTTGCCATTCTCGTTCGACGGCGCCTTGACGTCGAGTCGTGCCGCCGACGCGGGGATCTCCACCGCGCCGAATCCGCTTTCGCCGTCTCGAACTTTATCGACGAAGCGCGTGAGTCCCGGGTCGGCGCGCAAATGAAGCTTCCCGTACCAGCCCGATAGGCCATTGGGGACCGCGACCATGGGAATGAACTCGCTGACGACGAGCTCGCGAAAGACTCCTTCGTACCGAATGGCGAAGTCTTTGGCATCGGGCTCCTCTTCGCGCACGGCGTCCTGCGCGGCCTCGCCCAGTGCGTGCACGTTGGCCGGCACCGGCGGAATCGACGATGGCCTCACCGACATGCCGCCCCACATGCACCCGCTTGTCTTGGCCGTGTTCGCATCGAGAACCACCACGCGGCAGTGGGCGGGCTCGATCTTTCGGTACCAAACCGTGAAATGGTGCGCCGGAATGCCAACCCGCTCGAGCGCAAAATAGCTGCGGAACAATCCGAGCCGTTCGGCGGAGGCCGGGCTCGGCCCCGCGTCCAAGCCCAAGACCGCCGCAGGCCGTATCGGCACGGTGTCCACGATGGCCGCTTGCGGAGTTCGGGACCGATGGCCCGCGCATGCCGCGAGAATCACGGCCAGCGCGGTGCCTACAAGACCAGCTTTCGTCATTCCAGAAAAGAATCGAGGTTCAGGACAGACTCACGCGCACCAAGCCCAGGGCGTGCATCGCGATGTCGAACGACACGACGCCGTCTTTGTGCTCGAACGGGAGCTCCCGATCGACGGCGCGCTCCGTGGGCTCGGAAAAGAGAACCTTGGTGGGCACCTTTCCCTCGTCCGGAATCGACACGCGGAAGGTCGAATTCTGCTCCGAATAGGGCCCGCCGCCATTGACTCCGCTGGTGGCGCCCAATCCGAACATGTTTGCGCACACGAGCACGATGCCGTCCGGCGCCCGGCGCAGATCCAGCAAAAGCTCCTTGGGTCCGGTGGTAGCCACCTGCGCGTTCGCGGCTGCCGCGACATTGGCGAATTGGGTGAGGAGCGCCGGATTCGTCGATTGGAAATAATCCCGTCCTGCGCGCGACGAGACGTAAACCACTTTGCCTTTGCCGCTGGCATTCGTGACCCACGAGGCCTCGCCCGCCGGCAGCCCGAGCGTCGAGCCCAAGGCCGGCTGGCTGCGGACGGTGCCGTTTTCGTCGTAGGTGCCGCCGTCGTTGCCCGTTACGAGCACGGTGCCGCCTTGGGTCACGAAGGCCTGAATCGCCTGGAGCACGTCGTTCGAAAGCGAGACGGCGCTGGGAATCGCCAAAAGCTTGTATCCTGCAAGTGCAGCCGCCGTGACGCCTGCAACCGGCACCACGTCGAACGGAACGTGGGCATGAAGCAGCGCTTTGCACGTGCCGCGGTAGTCGGCCAAATACTGCGTGGTGAGCGACGAGTCCTGCTCTTCGCTGGACCACCAAAGGCTATCGACGGAGTTGAGCGAGGCGTAGAGGCCGACGCCCGAGTTGCGATCGAGAAAGTCGCGGCTGGCCGAGGAAAAGAGCACGGCGGCGTGGTTGGCGCCAGGCAGGATGTACAAATCTTGTTGCCGCGTCATCCAATCGTACATGCGCTGGCGGAAGCCATTGCCGACGGTGGTGCACATGAGCGGGATCTTCGTCTCGTACGGATTGTTGCGCGTGGCAATGGCCAATGCCATCACGCGCTCGGCGTCGTCCTCGTTGTAGCCGTAGCTGAAGATCCACGAGGGGCGCCCGAACGACGCGCCGGTTCCATGGCGCATCATCACGGCCATGCAGTTCCAGTCGTCGGCGGTGGCTCCGCGCATCGCTTGGCCGTCGCTCACCGCGTCGACCTCCCAAACGCGCACCAGATCGCCCGGCTTGGCGTGAGCGCCATCGAGCCCTTGGATGGTCCCGCCGTTGTAGTCCATGGTGACGGTTTCGATGATGCATTCGGCGGCGGGCTTGGTCGCCTTGATGGCTTGGAGAATCCGTTGTTCGAATTCCCAAATGAGCTGGTGGCGCCAGATCACCCAGCGACGAAACTCGGGGCTCTCCCAATTGACCTCGGCGGGCAGGGTCATGCCCGTGTCCTTGAGGAACTTGTCGCGGCATGCGGCGTTGGTGCACGGCCAATTGCCTTCGATGTCCGACAAAAGCGGGACGTCGCCCCACAGGCCATCGAGGCGGCTGGACACGAGGCGTTTGACCCGGCCCAGGAAGTAATCGACGTAGCCGCTGGCGGGGCACATCCACGCGCTTTCGACGCCGGGATCGACCCAGAAGACGCGTCCTCCGCCACCGACGAACATGTTCGGCTTGCCGTCGATGCTGATTTGCATCCAATCGGGATGCTCTTTGCTCATCACGTGCTCGGCGGTGGCCGCCTCGGCGCTGAGCACTTCGAGCGTGGGGTAATAGGCGACGCAGC
NZ_CP089982.1_gap41	1800744	1805283	4539	GGCCGCCGCAGGCGAGGATGACGAGGTAGCCGGAGAGGCTCTGCGTGAGCACGTCGAAGTATCCGGGCCACTGCAGGTTGAGGATGTAAATCAGCCCGCCCGGTAGCAGCGCCATGACCCAGAGCTGCGCTTTGCCTTCGGCCGTCTTGGTGCGCACGACGCCTTCGAGGCGGGCCATTTCACGCAGCGACGATGCCGTCTGCTCGAGCACCTTGGGGAGATTTCCACCGACCTGCCGCCCGATGAGCACCGCGGAGAGCGCCGAGTCGACCTGCCGCGACCCAATGCGTGCGGCCATGTGCAAGAGCGCCTGATCGAGCGTGCTGCCGACCTTCATCTCTTTCACGGCAAGCTCGATCTCCTGCCGCGTGGGATCTTGCACGACGAGAACGACGGACTGAAATGCCGCGCCGATGCTCGGGATGGATTTGAGCGCGTTGGCCAGCGCCAAGATGGTTCCATCGAGCTGCGTCTCGATGAGCGTGACCCGGTCGCGCCGCATCTTCTCGACCCACACGGTGGGCCCGATGATGGTGGCGATCGACCCGAGGAGCAGGACGATGTTCGGCAGCTGGATGAGGACGTGGATGAAGAAGAGAGAAAACAGGGCCGCCGCTTGCCCCGCGGCGATGGTCGAGCCTTTGGTCCAGATGAACTGCGGGCGCAGCTTTCGCTCGAGCGAGGAGGTGTAACGCGCCCAGTAACGCCAGACGAAGCTTTGCGGATCCGCGGTGGTCGCCCACACGGCCACGAAGAGGCCTGCACCGGTGAGGGCCAAGCCACCGCCGCTGAGCAGGCTATTGGTGAGCGTGAGCCCCAGTTTCGGAATGCTCATAGATAGGCCTCGCCGCGCTTCACCAGGCCCATGACGATGAAGTCGTTCAAGTACGACGGCAGGTAACCCGTCGCGCGGAACTCGCCGATGACTTTTCCGCCCGGGCCGGTGCCGGTGCGGATGAATTCGAAGATGGGACGCATCTCGATGGTGCCTTCGTCGCCGACGCCCGTGACCTCGCTGATGGCGCTCACGCGGCGTGAGCCGTCGGAGAAGCGCGTCTGCTGGACGATGACGTGGACGGCGCCTGCGATCTGGTCACGGATGGCGCGCACGGGAAGATCGACACCGGCCATGAGCACCAGCGTCTCGATGCGGGAGATGGCCTCTTCCGGCGAGTTCGCGTGGGTCGTGGTGAGCGATCCGTCGTGGCCCGTGTTCATGGCCTGGAGCATGTCGAGCGCTTCGCCACCGCGGCACTCTCCGACGACGATGCGGTCGGGGCGCATACGCAGCGAGTTTTTCACCAGGTCGCGGATGGTGTACTCGCCCTTGCCTTCCAAGTTGGCCGGGCGCGTTTCCAGCGAGACGACGTGCGGCTGCGCGAGCTGGAGCTCGGCGGCGTCCTCGATGGTGACGATGCGCTCCTCCGACGGGATGGCGCCCGAGAGCACGTTGAGCAAGGTGGTCTTGCCGCTACCCGTACCGCCGGAGATTACGATGTTGCGCTTGGCGATGACGCTACGGGTGAGAAAGAGGCCCATCTGCGGCGTGAGCGCGCCGAAGCCGATGAGCTTTTCCAAGGTGAGCGGCGTCTTGGAGAACTTACGAATCGTGATGCACGAGCCGCGCAGCGCGAGGGGCTTGATGACGGCGTTCACGCGGGAGCCGTCCTTCAAGCGGGCGTCGACCAGCGGCGACGATTCGTCGATGCGGCGTCCGAGCGGGGTGACGATGCGCTCGATGACGGCGCGAACGCGTTCGTCGTCGGTGAAGCGCGTTTCGGACAAGGTGAGCTTGCCGCTGCGCTCGATGTAGATCGTGTTCGGGTCGACGACCATGATCTCGGTGATCTGCGGGTCGGCCAGAAAGCGCTCAAGCGGCCCGAGGCCGAGGGCTTCGTCGGTGAGCTCGCCGATGAGTTGATCGCGGTCGGTGTCCGCCGGAAGACGCGACTCGAGGTTCGCGATGATGCGTCGAAGCGCGTTGAGCACCTTGGGACGCATCGACGGGTCGTCGACCTTCGACGGATCCATGGCTGCGAGATCGAGGTGCTCCAAGAGCAGCTTGTGGATCTCACGGCGAAGCGCGACCTGCTTCTCGCGCTTCTGCAGCGCTTCCGGCGTGGTGATCGCACCTTGCGAGAGCACGCGCGGCTGCTGCGGACGATCGCCACCCGGAGCAGGCGCCGCGCCCGGCGGAGCGGCCACCGGCGGGGTGGGCTGTCCTCCGTGCGCTGCGGGCACCGCGGCGAGCGGCGGGCGTCCGTGCCCGCCGGGAATCTGCGGCAGCTGCCCAGGCATCTGGTGCGAGGGCTGCGCGCGCGGGGCCGGCGCCGGGGCGGCCCCGGCCGGCGGCATGAAGTAAACCGTGAAGTTGCCCAACACGACGGGCGTGCCGAAGGGCACATCCACCGCCTGACGGCGCAGGAGCATCTCGCCGGCGATGGTGCCGTTGGTCGAGACGTCCTCCACGCGCATCGACGCGGGGCCAATCTCGACCACGGCATGCTGGCGGGAGACCAAGTCACTGTCGAGACGCAGCACGCAGTTGACGTGGCGCCCGATGGTGATGGGTGCCCCGATGGGGACCATCTCCGTGCGTTCGCTGCCGTCGTCCGTGTGAATGACGACTTGAACTTGGTTGGAGCTTGGTCGTGCCGCCACGTGCTGCCTCTCGTCGCTCTTTGCGTTTGGCGCTTATTTCGCCGATGGTGGGGTCTTGTTGTAGCTGTCGACCCGATCGATATCGCCCGAGTAGTCCTCGTACGCCGTCAGCGCGTTCTTGATGACTTCCACCGCGGACTTGGGAACGGTTTCAATGACGCTGGGGATGATGAAAATAGCACCTTCTACTTCGTGCTGATCATCCTGGTGCGTTCCGAATAGGAGTCCCAAGATCGGAATCGAGCTGAGCCCGGGCAGGCCGGAGACGTTGTGGCGCTGGTCGCGTGTGCGGATGCCCGAGAGTACGAGTGCCTGACCGAGCTTCAGGTTGACCAACGTGTTCAGCTTCGTGGTGTTGCGCCCGGGCAACCCGGCCGACGACGACGGCGGGGTGAGATCGGACACTTCCGAGTCGAGTTTGACCTCGACCTCCTTGCTCGCCGCGTCGTAACGCGAGAGCACGGACACATTGGTGCCGAACGGAATCTTGACCAGGGACGCCGTGAGGCCGTTGGCGGCCGTGAAGTTCGACTCGCCGCCGGACTGGAACGTGGCTTCCGTTCCGTTGGCCGCGATGACCGTGGACTGCTTGAGCACCTTCAACCAACCGTGCTGCGAGCCAATGTCCAACTTGGGAAGCGGCTGGTTCACGATGGACGCCTGCGCGGCCGTCGTCGTGTTGTTGAGCAAGTCGCGATCGATGCGGGTCTGGAAGACGGGCTGCCCGTCCTGACCCAAGCCGCCGATCGTGGTGGGCCACCCGAGGCCGACGACGTAGCTCGAAGTCTTCTCGTACTGCACGAAGAAGAAGTCCATGCGCACGAGGAGCTTGCGGTCCGTGCCGCCCTGGCCCACGACGACGAGGTTGTCGACCTGGCCCGGGTAGCCCGCGGCAATCTGCTGGATGCGCCGGAGCTCGCCCTCGGTGGTCACGCCGCCCTCGATGAAGAAGCGACTGCCAACGCGACGCAGCTTCACGCCCGGGGTGCCCTCCAGAGCCTGCTGCAACTCCTTCTCGACCTGCGCCATCGACCGAGTCGTGACGGTGATGGGAATGGTAATCTGCGATTGATCGTTCTTGATCAGGAGCAGGGTGGTGGACCCGGCTTTTTTACCTGCAATGACGAACTGGGATTTGTCGCCGGTGAGCGAAACGGAGATGATGCCCTCGGCACCCAACGAGTAGTTCGCAACGTCCTTCGTGGGCAGCGTCTTGGTTTCGCCGATGGCGAGGACGATTTCGTCGTTCGCATGATCGTCGGCAGCCGCTGGCTTGCCGCGACCTTGTGCGAATGCCGGATTGCTCGATGAAACGACTGCAACGCCGGCAAAGGTGGTCGCAAGGGCAATTGCGACCGCGTTAAGCGTGAGCCTCATTTGTTCTCCGTGCCTCCAATGACTTGGGGTCCGCTGGTGTTGCTACGTCGAATGTTGAGGTTGGCGCGCTCTTTCGCTTCGAAGAGCTGCTTCGAGGACACGTCGTTCACCGTGGCCGCCACGCGCTGATCGTTGGGCGGCCGGAGAATGACGGCGAGGCGTCCTTTCTCGGCAGCGAGCGCCAACACCTGCGCCTCCTGCAATGTCACGCTCAACGTGAGGAGCGTGCTGTCTGCATTGTTGAATTTGATGCTGCCCGTCGACGGATCCACCGGATCTTGCGGGGAGACGTTCAACCCCGACGCGAGGACCAGCACGCGCTGCATGAGCACCACGGACGACAGGTGCTCGCTTTGCCCGCCGCCGCTGCCCTCGGGCATGACGCTGATGACGTCGACGTAATCGCCCGGGCGAATCAGCGCGGCATTGGAGTCGTCGCGTGAGGTGCGGATGGTGACCGCACGGCTGCCCGGTTGAATCAATCCGCTCAAGTCGCGTGCT
NZ_CP089982.1_gap42	1834035	1838089	4054	CGGAGCTGGTGAACGCGCGCCGCGCGCGGCTGGAGGCGCTGGCGGGGCTGAGCGGCGAACAGGCGCGGCAAACGCTCATGTCCGAGGTGATGCACGACGTGCGCGAGGACATGGCCCGCGAGGTGAAGGCCATCGAGGAGGCCGCGCGCACGGAGGCAGAGTCCCGCGCCAAGCGCGTTTTGGGCATCGCCATCCAGCGCTACGCGGGCGAGAGCGTGCAAGAGCGCGCGGTCACCACCGTGCATTTGCCCAGCGACGACATGAAGGGCCGGATCATTGGCCGCGAAGGTCGCAACATCCGCGCGCTGCAAGAGGCTTGCGGGCTGGACATCATCATCGACGAAACGCCCGAGACGATTCTCATCAGCGGCTTCGATCCCGTGCGGCGTGAAGTCGCGCGCGTGGCACTCGAGCGCCTCGTTCAGGACGGCCGCATCCAGCCTTCGCGCATCGAGGAAGAGGTCGCGCGCGCGCAGCAAGAAGTGGAGAAGATGCTCGAGCAGATGGCCGAGCGCGCGATGATCGACCTGGGCGTTCTCCAGGTGCATCCGGAGATTCAAAAGCTGCTCGGGCGTCTGCACCACCGGTATTCGCTGGGGCAGAACGTTTTGCGGCATTCGTCCGAGACGGGTTTTCTCACGGGCATGATGGCCGTCGAGTTGGGACTCGACGAGCGGATCGCGCGCCGGGCGGGCTTTCTGCACGACATCGGCAAGGCCCTGAGCCACGAGCAGGAGGGCGGACACGCGGTCATCGGCGGTAAGTTCGCGCGCAAATACGGCGAGGACCCCATCGTGATCAACGCCATTGCGGCGCACCACGAAGACGAGCCGGTCACCAGCGTGTACACGCATTTGGTGACCGCGGCCGACGCCCTGAGCGGCGCCCGCCCCGGCGCCCGCCGCGAAGTCCTCGAGGGCTACATGAAGCGCCTCCACGATCTAGAACAGATCTCCTCCCGCTTCATCGGGGTAGAACGCGCCTACGCGCTGCAAGCCGGCAGAGAGGTGCGCGTCATCGTCGAACCCAGCGAGGTAAGCGACGCCGAAGCTGTGCTCTTGGCCCGCGAGATCTCGAAGAGAATTGAGAAAGAGATGAGTTACCCCGGCCAGATTCGGGTAACCGTCATTCGAGAGACAAGAGCGATCGATTACGCGAAATAGAGGCGGCGGCTAGAAGAACGCGCACGCGCACGTGTCACGATCACGTGCCACGATCACGTGTCACGATCACGATCACGTGTACGACGCACGTGCGCGTGCGCGTGCGCGTGCGCGTGCACGAAGACGATCACGATCACGATCACGATCACGTGTCACGATCACGTGGTCGTGCTCGTCTCACATGGTCGTGGTCGTGGTCGTGGTCGTGCACGCGCACGCGCTCGTTTCTCGTGATCGTGGTCGTGACTCGTGCGCGTGCGCGAAGAGGATCACGATCACGTGTCACGATCACGATCACGTTCACGATCACGAAGCGCCCCAACTCCCCCCGCACGCCATTGAGCCCCCACTATTTGCACTTCCACCCTTCCTTTTCCCCTCTTCTCAGAATGAGTGGTCGCATCAAATAATTCTTCATCCCGCAAATCTTGGCGCGTGCGGCCTCCATCGAAGTTTTGTCGCCCCCCGCCTCGTAAGCCAATTGAAAGACATACAGATCCTGCACGTCCTCGCGCTTCGCGATGTCCACCTTCCTCGCGAAGGCGATGGCCTCTTTCGTCTTTCCCTGGCGCGCGGCGAAAAAGGTCTCCAAGGCCGCGAGGCCGTCGTGATCGTTTTCCTGTTTGGCCAGTGTCTCGTACGAGGTACGTGCTTCGTTGGCCGCGGCCAGCGCCTTTGCACGCTTGTCGCGAGGGGCGGTCAAGGCCATCTCCAGCAGGATGTATGCGCGATCCCAGCGCTCGTGTAGCCGGAGCGCGGTCGTGTGCTTGGCGGGCAACGTCGCATGATCCAAGGTCGCGCGCATGGCGTCGACCTCGGCGAGTGCGCCCGGTAAGTCATCCTGCGCCCATTTCACCCACGTGAGCTCGTTGTGCAGCCAGAACTCGAGATCGTCGTCGGGGTGCGACTTTGCCTCGGGCACGAAGGCCGCGAGAAGCTTCTCCGCCTCGGCCACGTTCTCCAGCGCCACCGCGCTCGCCTTTTGGTACGCCGCATCGTAGCGATCGCGCAGCTTGACCGGCGGCGGCGCCGCGATGCGCTCCACGATGTCCTTCACGCGCTCGTTGGGAATGGGAATCGACAGATCGTAGTGGGCAATCTTCCATCTCCCTTCCTCGCGCACGACCACCCCGCTTCCGCGCGAGGGACCCAGGTTTCCGGTGTGCAAATCCTCGTCGAACCAGGCTGTCCGTCCGTCGGTCGCGATCGTGATTCCGCGGCGCGTCGCGCGAAAGCTCCACGCTTTTCCCTTTGCGAAATAAGGGTGCGCGAAGGCGCGAAAGGCGGCGACATCCCATCGCTCCGTGGCGTCGGTGCCGAGAAAGATCGCGTCGTTCGTGAAGTGCCCGAAGTACCGGGCCTCGTCGGCCTTTGCGGCTGCGTCATGCCAATCGTCGAGCATCGCACCGATGGCCCGCCTCTCCGTTTCGGCATCCACGGGAGTCGCAGGCGCCCTGGGCGGAGGCGCCTCTGCGCAGGCCGTGAGCAACAGAGAGAACGAAAGCCCGAGGACGTAAGTCAGCCGCACCCGTCCACTCTATCGGCAAACGAACGCGTAGAGCACGAATCGATCCGGTGGTTGCGGCGGGGCCTCGCCCAGAGGGACGAAGCATGCATCGGTGATTGCCGGATCGCCCGCGTGCCGCACGAAGGCTTCGCGGTTCCATGTCCAATCGGCGAAGTGCGTCATGCCGCGGGCACGCGCGAAGGCGGCCAGGCGGTGGGCATGGAACGCGGCCTTGGCCTCGTCGTCCACCACTCCGTCGAGGTTCACCACACGCACGTTCCGACCATCGGCGAAGTACGAGAGCGCCCCGCTTTGCAGCGCACCCACCACCGCCCCCGGTGGCGTCATGTCCAAAACGGCCAGCGCGGCCTCGCGGTAGCCTTTGGCTCCGTGCAGATCCTCGTCGGGGGTTCGCTCGGGGCGTGCGAGCACGTAGCCCACGTCGACGGCGCATGACACGGCGAGCACCAGGGCCGCGGCGTTGCGCGTCCAAGGCCATGCCCGATGCCGCATTTCCGCCAGATGCGCGAGCCCCACGGCCGCGAGCAGCGCGAGAGCCGCGTGGACTGGCGCGAGGTAGCGCGGGAAAAACCACAGGGCCGGCACGTAGAGCGCGTAAAAAGGAAACAGCAAAAGCGCCCCCGTGACGAATCCGGCGATGGGACGCGCCACGCGCGCACGCCACACGGCCGCGAGCAGGGCCGCGGTCCCTACGGGGGCCACCACCGCGGTCAGCCAGGTTTGCCGGTAGAAGAAGAGGCGCAGATCCAAGAGCCGCGCGCCCCATGGCTCCAGCACGGCACCGAGCGCCCACCCCATCTGGCCCAAGGTCGTCAAATACCGCGCCCGATGCTCGGCGACCTGCGCCCGCACCGCTTGTCCGCTCGTGGGCACGATGGTTCCGAGCCGCACGGCCTCGTACGCCCACCACGGCGCCAGCACCAGCCCGGCGCCCAGCGCCGCCCAGCCCAGCGCACGCACATCGCGCACACTCGTGAGCGCGAGCACCCCGAGAACGATGACCGCGTCCACGCGCGCGAGCAGTGCCAAGCCCGCCAATGCGCCGGTGAGGAGCCATGCCCCGCGGGTCGATCGCTCACGGGCCGCGCACCACGCCTCGACGCACGCGAGCTCACAGGCCACCGCGAGCGACGCCTCCAGCCCGCCCATCGCGTTCGCAATGGCCACCGGCGACAACGCCCAGAATGCACACGCACAGCATGCAGCTACTTCGCGCCCCGTCGCACGCCAGGCAAGGCGTGCGAGCAAGAGCGCACTCGCCACATCGGCGAGGATCAACAGGAACCACGCCCAGCGCAACGGCCCGATCGGATCGGCGGTCACCCAATAGGCGGGCGCGACCAAAAAGGCGATCAGCGGCTGG
NZ_CP089982.1_gap43	1839297	1843141	3844	AGGTGGGAACGGATTGAACGCGCAGCTCGCGCGCGAGCATCGGCGAGCGGTCGATGTCGACCTTCACCACTTTGACCTTGCCGGCGTTCTCGCGTGCGAATGCCTCGACTTGCGGGGCGATTTGCTTGCAGGGTGCACACCAGTCGGCGGAAAATTCGATGAGCACGGGCAGCTCGCTGGTGAGCACCTCCCGTTCGAACTCGCGCTCGCTCACCTGCACGATGGCCGAGTCGCCCGCCGGCGCTCGCCCACCTGCAGGCCCCGCAGGCCCACCTGCAGGTCGCGCTGGCGCTGCGCCACGCGCGCCGAGCTGAACCGCACCACCGACTGACTTCTTCCCACCGAGAATCGACATGGGCCCCACGATAACCACCGCGGCCCGAGAATTCATCTCCTTGTTAGACGCGCAGCCGCGGATCCAGTGTGTCGCGCAGGGCCTCGCCCACGAGATTGAGCGAGGAGACGACGGCGAAGACCGCGAGCCCGGGCACGACCAGGAGCCACCATGCACCGCTGTAGTCGCGGAGCTCGCTCAGCATCTCGCCCCACGAGGCGGTGCCCGGGGGAACGCCGACCCGAAGGAACGAAAGGGATGCCTCGATGAGGACGACCTGGGCAATGCCGAACATGGCGGCCACGACGATGGGCGCACGCGCATTCGGGATGATGTGACGAAGCAGGACCCGCCACGGAGAGGCTCCGAGGGCACGTGCCGCGGTGACGTAGTCGTTCGACAGCACGACGAGCACCTCGGCGCGAACGAGGCGGGCAATCTCCGGCCAGCGCGCGAGCGCGATGGCGACGAACAAGGTGGTGCGCGTGGGGTGGGGGAGGAGCGCCTGCACCACCAGGACGAGCACCAACGTGGGAAACGAGCTCAAAATTTCGATGGTGCGCGACACCAGCCCGTCCACGATGCCGCCGAGAAAGCCCCCCAGGGCACCGAGCACGCTCCCCACCGCGAGAAACGCGACCACCGCGAAGAGCGCCACGCCGAACGAGGTGCGCGTGCCATGAATGACCCGCGCGAGCACGTCGCGCCCGCGACCATCCGTTCCGAGCGGGTGCGCACGCCGCGCGAACGGTGGAAGGAGCGCATCGCCCTTCGACTCCTGCGCAGCACCGTAGGGAACGAGCGGCCCGAAGGCCCAATCGTCGGGAGCCATTTGCCCGGACGCGCGCGCCTCGACGAAGGGGCGAAGCTCCGATGGGTGCGTGATGTTGGGCAGGATGTACGTCGTGCCAGAGACGCGGCAAAGTATGGGAAATTCACTGGCGACGAGATCCGCGACCACCGCGAGAAACGCGAAGAACGCGAGCACGATGGCGCCGGCGAACGCCAGGCGCGATTGCCGGAGCCGCGCCATGGCCGCACGCGCACCGCCCCCCGGCGCGAGCATGCTGGACGGCGGTCCCGATGACGGAGGTGCGCCGCTCGCGGCGCCCGACTTTCCACGCAGCGGTGTGGCGCCCTTCCTCACGCGTGCGATCCTTCGCGCCGCAGAAAGAGCTCGCGCACGCGCGGGTCGAGCAGCGCGTAGGCGAGATCGCTCACGATGAGGCCGACCGTGGAGACCACCGCAGTGAGCAAGATGGTGGCGATGAGCCACGCATTGTCGTGCCCATCGACCGCGCGCAGCGATTGATAACCGAGCCCCGGCACGGCGAAGACCTCCTCGACGATGAAGGCGCCGCCGATGAGCACGGGCAGCTGCAGCCCGGCCAAGGTGACCGTGGGCATCATCGCATTGCGCAGGGCATGCACCACGAGGACGCGCAGCTCCGACACGCCTTTTGCGCGGGCGGTGCGCACGTAGTCGAGCCCGAGCACCTCGAGCATCGCCGTGCGCTGGTAACGCGAGAGGCTCGCCAGCGACGCCACGGTGAGCGCCAGCGCCGGCCATACGATGCGGCCCGCCGAGCCGGGCGGCATCACGCGGACGAAGATCTCCGCGACCCAGAACGTGGGCAGCGAATACAAGACGAAGAGCACCAACGCGAGCGTGCGATCGACGGCCCTGTTGTGGCGCCACGCGCTGAGCAGGGCGAGCGGCAGCGCGATGAGGTAGCTCGCGAGCATGGCCAGCCCGGTGAGCGAAAAGGTGATCTCCGCGCCGGCCATCAGCTTGGGAAAAATGGGCCGGTTGTCGATGGGGCTCACGCCGAACTGCCCCAGCGCGGCCCGCGCGAGCCACTTGCCGTAGCGCGTCTCGCTCACCGCCGCCGTGATGCGCTCCGGCCCGGTGAACGCGACGTAGTCGCTCTTGTGCACGTACCACCACGCGAGCCACGCGTCCGCCGTTTGCCGAGGATCGGCCTGCGCCTCTCGCGTTACGTCGGGCGTCTCGACGGAGCGGCCCGTGGCGTGGGCAGCGAGCTCGGAGAGCCTCAGGATGGTGCTCTTGTCGCGGAGATCCTTCAGGGCAAGCATGATCTCGCTGAGCGCGAAGGTGTCGATCTCGATGATGTCGCGCTCGCGCAGCTCGCTGGTGTGGCGCAAGAGGCGTGAAACGGTGCGTCGCACCGAGGGCTCGGTGAAGTCGAGCGAGCGATCCTCCCAGAAGCGCGTCCAAAACGCCGCCGCCCGCTCGGGATCGCGCAGTTCGGAAGCCTGCCCCACGCCCATGCGCTCGCCGATGGGCGCCAGCGCGAGGGCGACTTTGGTTCGTGCGGCGGGCGCGAGCCGATCGAACTTGGGCAACACGTGCGGAAGCGCCGCGCCACCGAGGCGGGCCAGGGTGTGGGCGGCCAGAAGCGCGTGCGGATCGTCCGCGGCGATGTGCGTGACGGCGTCTTCCGTGCGCGAGCGCACGTCGGCCGGGTGCTCGTTGACGAAGCGGGGAAGGTCCAGAAAGCGCTCGCGCCGCTCTTCGTCGAGCGCATCGTACACGGCGGGGTCGAGCGCGACCAGCGCCTCGGGCGAGGCGATGGCGGGGGGCTCCGGGATGAGGCTCGTCAACAAAAAGACGATGACGCTGATCCCGAACAACGTCGGAATCGCCCAGAGAAGCCGCCGGGTCGAAAACCTTAGCATCGCCTCGTCGAAGCCCCTTGCGCGTGTCTTCGCATTGGGAAAACACTTCTTATCATGAGCTCTGCAACCTTCGAGGATCTGAAAACCGTCGTGCAGGCGTGGATCGAGGCAGACCCCGATCTCGAGACCCAAGCCGAGCTCCGCGCCCTTTTGGCCGCGGCCGATCCAAAGGGGACGGATCTGGCCGACCGATTCGCGGGTGCGCTCGAATTTGGTACCGCGGGGCTTCGCGGCGTGCTGGGCGCGGGGCCGAATCGCATGAACCGCGCGGTCGTGATCCGCACCACGTGGGCGCTGGCGCAGTACCTGTTGGCGCAAAAGGTCGACGCGGAGAAACGCGGCGTGGTCATCGGCTTCGATGGACGGAAGATGAGCCGCGAGTTTGCATCCGAGGTGGCCAGCGTTTTGGCGGCCGAGGGCATTCCGTCGCACGTGTTCGAGGGCCTCGTGCCCACGCCGCTCGCGGCCTTCGCCGTGACGCACCTTTCGGCGGCCGCGGGCGTGATGATCACGGCGAGCCACAACCCGCCCGAGTTCAACGGGTACAAGCTCTACTGGGGCGACGGTGCGCAGATCGTGCCGCCCATCGACGTGGATATCGCCAACTTGATCCTGCGCGCACCCGCCGCCCGGAACGTCCGCCGTGTGCCGCGCGCCGAGGCCGAAAAGAGCGGTCTTTACCGCGCCCTGGATGGCACCGTCGAGCGCGCCTACCTCGACGCCGTGCGCGGCTTGGAGGTGAACCCCGGGGGCGCCCGCGATTTGCGCATCGTCTACACGCCGCTTCACGGCGTGGGCGATCATCTGCTC
NZ_CP089982.1_gap44	1846277	1847006	729	ACGATGTACTGGATCTCCGTGGCCGACGAGGTGGCATACACGCCGGCGGCGGCGCCCCCCACGGCCATGGTGGCCAGATTCATGATGACCCACTCGGGCCGGTTGAAGCCCAGAATGGAGACGGTGCCTCCTGGCGAAAGACCCAAGGCTATCAAAGACTTACCAGCGGTTTTCACCTGCTCGGCATAGGTCTTCCAGCTCGAGGGTTGGTAGACGCCCCCCTTCTTCTCATAGTAGGCGGGTGCGTCGGGTCGGATTCTCGCTTGGTTGAAAAGTCTGTCGACGACGGTCTCTGCCACGCGTCCACCTTACGAGAAGTTTGGAAGCCCGCCTTGACAAAGTGCTCGCTGTTGAGGATAAACCCGCCTCCCGCATCCTCGTAGCGTTCTAAACGTCGAACCTGCTTTCTACCTCGGCCTTACTAGCCGGCGCCTGGGGCAGGTACCTACGGGAGCGATTCTAAAGGTGACGGCCATGCCGAAGATGAAGACCAATAAAGCTGCCTCCAAGCGATTCCGCGTCAGCGGAACGGGACGCGTTCGTCGTCCCAAGCAGGGCGGCAACCACGGGATGCAGGAAAAATCACGCAAGCGTCTGCGCCGCCTTCGCAAGAACGACATGGTGGACAAGACGCTCCAGAAGAAGATCCGCAGTCTTCTTCCCTACGGCTGATTCTGGCAGCAGCAAGTTTTAGCCATCAGTCAATCAGTCACGTAGGCCGCTGATTTC
NZ_CP089982.1_gap45	1860237	1861342	1105	TGGAGCGATACGATCTAGCCATCGTGGCGGACGATCCATTCCGCGACGAGACCTTGCGCCTGCCGTTGCGCACCGCGCACGTGCCGTCCATCACCCTGACGGAGCCCGCGGACGCGGAGAATCGGGATGCCGCACGGGCACGGTTCGGTGTGCCGCAAGATGCGTTCGCCGTGTTGGTGGCAGCCGGAGGCGGGGCCGATCAAGAGGCGGCGCAGTGCGCCTCCCGCATCGTCAAGGCATTGCCGCAGGGCGTGTTCCCCGTGGTCGCGGCGGGCCCGCTCGCTCCGGGCGCAGGCGGCACGCGCGTTGCGCCGATGGCTCCGTGGCTGGCTGCGTTCGACGCGGCGTTCTCCGCGGCGGGGTACAACACCGCGCACGAATTGGTGAAGGCGGGCATCCCGTCGGCGCTGTTCGCGATGCCGCGGCCGTTCGACGATCAGGCCGCGCGCGTTCGGCGCTTTGCCGATGCCTCACTGGCGTTCGCACTGGAGCGGTTCGACGAGGAGGGCTTGCGCGAGGCCATGGCATGGTTCGAGGCCGGACCACGCGTGGAGCTGCCCTCGGGCGGTGCCGACGAGGCGGCGCGAGCGCTGTTGGACCTGGTGGGGGCGACGTGAAGATCGCGTTTCATGCGATCAACGGCGTGGGGCTCGGGCACCTCGTGCGCGTCCTGGCCCTGGCCAACGAGGTGCGGGCGTTGGTGCCCGGGGCGCGCATCCTGGTGGTGACCAACGCGCGCGATCCATCGATGCTCACGCGCGCCGGAATCGACTTCGTGGCTTTTCCTCCGAGGCTACACGAACCGCACGCCGATCCCCGGCGGGTCGATTCGGCGCTGCCGCCCGCGCTGGAGGAGGCGGCCCTTCTCGCCGTGTTCGAGACGTTCGCGCCGGACCTGGTGGTCTTCGACACCCATGCACCCATGGGCGTGGTTCGGCAGCTCCGCGGCCCGCGTGCGGTGCTCGTGTTGCGTGAATTGCGTCCCGATGCCCTGCGCGCCTTCCTCGCGAGCGGCGCACCCGCGTGGTTCGACCGCATCGTGGTGCCGCACGATGCGGACGAGGTGAACATGCCGCTCGAAAGCGCGCCCCTGTCCATCGTGGGC
NZ_CP089982.1_gap46	1886150	1888753	2603	ATCCGTTCACCCCCGAGGGGCTCGATATGCCTTGGTACTGGGTGTCGGGCAACCACGATGTATTGATTCAGGGGACGTTGGTGGTCGACGCGAATTCGATCGCGCAGTCGAAGGGGTCGAAGCCGGGGGTGTACGGGACGCGCGATTACCGATTGCCCGGAAGTCCGATCGCAAGCGATGGAGAGATCCCCGCCGATCCGAATCGCGCCGCGATGCCGCGCGCCGACTTGATCGACCGGGTGCTCGCGCACAAAGGGAAGTCCGGGCCGCTGGCCCATGGGTTGGGGGACTACGCCAAGTCGGCGAAAAAGGCTTTTTACGAGCAAGATCTCGGTGAGTCGGGGATTCGGCTCATCACCATCGATACGGCGGCGGAGACCGGGGGAGCCGAGGGACTGCTGCGCAAAGGGGATATCGATGCCTTCGTGAAGCCGGCCCTGGAGCGGGCGAAGCAGGACAAGAAGATGGTGCTCTTTGCTTCGCACCATGCGGCGGAGAATCTCTCGGACGGCGGATCGCTCGGTGGGAAGCAGCAGCCGGATGCGTTTTTGAGGCCCGAGTGGGAGGCGTTGCTGACCGCGAATCCGCACGTCATCGGGCACATTGCGGGGCATTCGCACATTCACAAGGTGCGGCACGTGGCGGCGGCCGCGCCGGCGACCAATGGCTATTGGGAAGTGCGGACTTCGGCGATTGCCGATTATCCGCACCAGTTCCGGACCATCGAAGTATGGGACGAGGACAATGGCTATTTGTCGATTCGCTCCGTCGCCGTGGACTACTCGACGGAGAACGATTCCGTGGCGGAAATGGGCCGCACGTTGGGGATTCTCGATTATACGACCCACGGGGTGGGGGCAGGGCAGGGGACGGCGAAGGATCGGAATGTGATCCTTTGGATCAAGAAGCCGACTTTTTGATCGCTCTCCCATTGATATCGCGCGCCTTCGATAACGAAAGAATCGTGGCGTCCCTCATCGAGCAAGCCGCGACGGCTCAGGGCAAGTAGCTACGAAGTCCGCGACGCTTCGGACGCGAAAGCGGCCTTCCACGTCTCGAGCGAGAGGTCCACGGGGGGCTCGACGGCGGATCCGGTGACGACGCTGTCGATGAAGTCTCGGAACCGTCCGCCAAAGTTGGGCCGCGCGATCCTCCAAGCGGCCCGCCAGCCCGGGCTTCTCGCCATGAGCCGAACGCCCGCAACGACGGTTTCGAACGCGTCGTCGTTCAACAGCCCTTCCTCACGTTGATAGAACGAGTCTTCGAAATGGAAGAAGAGCGCGCGGCATAGGTGGATGTACTGGCGTAGCTCCGTTTGCGTGATGTCCTGGGGGCTCTCCGAACCGTGAAGCCATGCATCCGCCACGGCGGGGTCTGCGAGCGCCAGATGCAACTCGACGATGCGCGAGGCGCGACTGTGCCTGATCGAGATTTGCTGATTGCGCTCTGTCTGCCTCACTTGAAGCGCGAGGTAGATGACCGAGACCAGTACAGCAACGCCGCTAATGAGGGTTCCGAAAGACGCGAGATCGGAAAGTGACATGGAGGTTCCCGCAGTCTCGCAAGACTCCGACGTGGGCGCCACGCTCCAGTAGCATTGCCCCTTAGGAGGCTTTTCGTGTCTTTCGGGACTTGGGGGATTTCGGGGACTTGCGTGACTCGCCCGAGAGGCCGTGGTTCTCGTGCCATTTGGCAATGGATAGCTTGGGGTAGCGCTTGAAGGTGGGGCCCTCGCCCGGGGCGGGGACCCACTTGGGCTTGAAGGCCAGCATGATGCGCACCTGCTCGGGGGGCTCGGGCAGCTCGGTGTCGACGGCGGCCGCGTTGGGCCAGATGCCCTCGGGCCAGCGGTCGTCGGCGACGAAGAGGTGCGTGCCGCATTCGCCGCAGAACCAGCGTTCACCCTCGCTGCGGTGAGGGCGCTGGCCTTTTTCGCGCATCACCGCGTGGTACTTCTTCACATAGCGCTCGCCGCGGATCTTCAACGTGTCGCGCTTGCCCATGATGTTGCACGTGAGCGCGCCCGAGGTCTTGCGGCAGATGGAACAGAAGCAATACATGTACGGATACGGCGTATCCGAATCGATGCGATAGGTGACCTTGCCACACTGGCACGAGCCTTCGAGTTTCATGCCCCGCAGTTTGGCACGGGCCAACATCCCTCGTAAGCTTGTGTGGACATGGCCCGCGACTACAGCCTTCTCGAACCCGGCGAAGAGCCGTGGGATGTTCGCATCCTAAATCTTCTTCCTAGCGGGGTCGACGAAACCCAAATCCGCGAGAATCTCACACTCACGCCCGAGCAGCGGCTCCGCAAAATGCTTGCGGTCCTTCGCTCCCTCGATGCTTTGCGAGCCACTCGATGACCGACCTGGAACAGCTCGTCCGGATATTTTCCGAGAACGGAGTTCGCTATGTGGTCATTGGCGGCGTCGCCCTGGTGCTGCAGGGGTCGTCCCGCGTGACACAGGATCTCGACATCTGCTACGCGCGGACGCGAGACAATCTCGACGCGCTTGCACGCAGTCTGGGGCCGTTTCACCCGCGTCTTCGCGGCGCCCCACCCGAGCTCCCCTTTCTTTGGGACGCGCAGACCTTACGGA
NZ_CP089982.1_gap47	1991490	1996251	4761	CCGCCGCCGCGCAAGTCGCGTCGCGAAGGCTGGAGAAACGATGGGCCGGGTGCCAGCCGGCGCGCAGCAGCGTGGTGCGCTTCTCCTAAAAACACTGAAGCTCACCGAACGGACGCGCGGCTTCGGTCACAAGCTCCCCCGCGACGAATGCGCGTGCCTTCGCCATCTGCTCGAAGAGACCAAGGTTATCGTGCCTGTTGCGATCGAAGATCGCCTTATCCATCCGGTATGGGAAGCCGTACTCGTACTCGTCGCCCGCGAGGAGAACCCTGCGAGCGCCGGCGTTCGCCGTGTTCCCGACCCTCGTGCGGAAGAGCCAGGTCGTTCCTTTCGACCTCGCCTCGACCTTCGTGCCGATGACGGTGCCGGGCTCCTGCACCACCAGCCCTGGGACCTCGACCTCGATGTACCAATCGTCGACCCGCTTCGTGCCAATGTTCTTCAGCACGACGACGAGTGCGTAGCGGTGAAGCTCACCCATAATGAGCGTCTTCTTGTAATCGAGCGTGAGCTCGACACGGGGCCGCCCCGACGCGGCCCCGATCAGCGCAGGCTTGCCAATCTGCTCCCTGGCCTCGTGCTCCGCTAGCGCCTTCCACGCCCTCAGCAGAGAAGCCGGAAATCGCGCGGGGTCACTGTCAATCAGCGCGCCGCAGTTCGAGCAAAGCCAGATGCCATTATGGATCGAGCGCCGCTCGGCCGCTGTCTGAGCGCTGTCGTATCGCGCCCCGCCTGCCGCCGCAGCGTGGATGTGGCAGGCCTTGCCGACATTCGCGGCCTTATCGTCGGTCTCATGCGCGGACTTTGTCGGCGCCCGGCACTTGGGATTCGAGCAGTGCAAGTTCACTCGCTCACCCAGCTTACGGATCGTGTCGGAGGAGAAGTCGTCACGCATCGCAAAGAGTTTACACCGCTGACCCGAGACCGGAGCAGCGCGTCGGTGAGCGCATGTCCGACGGAGGTCACGTCCACGTCCACGCATGCGCGGCCACCAAGCAGGCAACCGCGGCGGCGTGCACCGACGCAAGGCTCCGCGCCCGGCCATAAGCGCAAGAGCCGAGGCGCGCGATGGAAAAAGTTGCCCACCCGTCCTCCCCCCTCTCCAGCTCATCCGACGTCGTTTACAGATCACTGCTGCAGACCGACTGCTTCCCGTTCGCGTACGCTTCCACTTCAGCGCAGCGCGGGGTGAACATGGACCGAATCACGAAGGGTATCGTCGACGAGTTCCGAGAGAGTCAGTCGTTACAAAAGCTTCCTGACGATAAGGCGTTCGAACGCCTTTGCAACCATTGCATCGTCAGTCGAGAAATCGAGGAGTTCAACGTTGAAGACGTGTCTACCGGCGGCGGCGGCGACGGGGGCATCGATGGACTTGCTATTATAGTAAACAACGCAATCATCACAACCATCGATGAAATCGAGGACGCAGCGGCGCGCAGTAAGTATTTGGATGTGACGTTTATATTTGTTCAAGCAAAAACAAGTGACCGCTTCAGTGCCAGTGATGTCGGTACCTTTGCCTTTGGTGTAAAAGACTTCTTTAGCGAGACACCAAAGCTCATACACAATGACTTCATCACGCGTGCGCACAAGGTCCAGATGGCAGTCTTCGGCCGCGGAAGCCTCTTCAGCCGTGGGAAGCCGCATTGCAAACTATTCTACGTCACGACCGGGAAGTGGCTCAACGATGCGAACGTATCCGCTCGCCTTCAACAAGGAAAAGCCGACCTCGAACAGCTGCAACTATTCAAGACCGTGGAAGTGTCGGCCCTCGGAGCAGATGAACTCCACGGCCTCTATCAGCGAACGAAGCACCATTTTAGCGTAGAGTTTACATTCCAAAACCGCGTAGTTCTCCCGGAAATCGCGGACGTCTCCCAGGCGCACATTGGAGTGCTTCCCGCCAAAGAATTCCTGCGCCTGATTGTCGACGAGGGAGGCGCCCTTCGCAGGTCCTTGTTTTACGACAACGTTCGCGACTATCAAGGCAATACCAATATTGTCAACGAGCAGATTGCCCTTACGCTCGACTCCAAGTCTGAGCGGGGAAGATTTCACGTCCTAAACAACGGAGTAACAGTAGTTAGCAAGTCGTTGCGAAACATCGGCGGTCACAAATTTGTCATAGAAGACTATCAAATTGTCAACGGCTGCCAGACGAGTCATGTCGTCTATGCAATGTGCGCCGGTAACGAGCTGGCAGCGGACGCGGTCCACGTTCCGGTGAAAATCATCGAAACTACCAACGATTCGATTACCACTGCTATTATTAAGGCGACAAACAGCCAAACTGAAGTGCGGCGCGAACAACTTGAAGCGTTGTCGGGCTTTCAAAAGAAGTTAGAGGCGTTCTTTGAAACGTTCAAGGGCGACCAACGCCTATTTTACGAACGTCGATTAGGGCAATATGGCGCTGATTCGTCGGTAAGAAAAGTGCGTGTCATAACGATGCTGCAGCTTGTAAAAGCGTTCGGCTCAATGTTTCTCGATGAACCGCATCGGGTTACTCGCTCTCCGTCCGCCGTTATCGACAAGTTGGGTAAAGATATATTCTCGCCAGATCACCATCCGCTTCCGTACTATGTAAGCGCCTTCGCTCATTACAAGATTGAGTCGCTATTTCGAAACCAAGTACTTGAGCCTCGATACAAGTCGGCACGCTACCACATACTCATGGCAGTAAGACACATGGCCGCGAAAGTGGAGATGCCCTACCTCAACTCCAAGAAAATGGAGAGCTACTGCGGGCCCATTCTGAACGTCCTTTGGGACGAGGAGTCCGCCGTCGACACCTTCGTGAAGGCGGCGCGGAAAGTCGATCGATTGTCCGGCGGCGATCTGGACAATGATGAATTGCGAACGCAACCATTCGTGGTGAAGCTGCTGGATCGTCTCGGGACATAATGATGTCCGTTGACCATGACGTAGACGATGGCAGCGACTCGTCTTTGCGTTATTAGGCGTACATTCACCCACCAATTTGTTAGCCCGAACGATTTGTCGGCGCGCGTCGCCCAGCGTCAGCCGATCCGTAGCCCCTCCTTAATAGGGCGAGCACGCACGCGCAGAGAACCTCCCCCCGACTCTGCGCGTGCGGGCAACCCCTATTAGCCGGCGCTTCGGGCCGACTCAGCCATTACTTTTGGCGGAGTCAGGAATGACACGTCATTCCTCTGTGCGCCAAGGGAGCGCACATTGGCAAAGCTTCGACATTCGTATCGACCCAAGGGGTCGGTCACCGCGGACGCGCGGGCGTTGGCAGCACGCCAGCGCCAAACCCGTGTCGTCGAACTTCGGATTCAGGGAAAGACGTACGACGAAATCGCAAAGGAACTCGGGTACGCGAGTCACACCGGCGCGATAAACGCATTTGCCAGCGCCCTCGCTGCCGTCCCGGCGGAGGATGTCGCCCACTTGCGGCACATCGAGGGCGACCGACTCGACGCGATCGTCAAAGCCCACCTGCCAAAGGCGATGGCGGGCGACGTGGACTCCGCATACGTGTGCATTGAAATATCGAAACAGCGCTCTCGACTTTTCGGACTCGACACGCCGAAGGTCGCGCCAGTCGCGAATCCGGACGGCGGTCCCTCCGCGAGCTCCTCGCAGGACGCCATTCTCGATCGTCTAGCCCGCCTCGCAGCGGTTGCGCGGGCGACGGTGGTGCTCGAATGACGGCGCCGTTCTTCCAGTCGCCGGATCGATCGCGCGCTCACGTTCTTTTCGTCTATCGAAATTTCGCGGCCATCGAAAATCCGAATTGCCAGTCGCACGTCGGGCTCGGTGTCAACGTTCTTCACTCGATTCGCGTCCTGCGGCGGCATGGCGTCGACGCCTACGGGCGCGGCGTGTGGACGGTGGAACACGTCCGTGCCGCGCTGGCAGCATATCCGCAGACGACGCACCTGGTGTGCGAGGCGCCGTGGATCGAGGCGCCAGATGTGGCACGTCTTATAAGTGAGTATCCGGACGTGCACTTTCTGATTCGCTCTCATAGCCAAATTGGATTTCTGCAAGTGGAGGCCGGCGCAATTCATACCATCCGCGACTTGATGCTTTTGCAGGATGGTGCGTTAAACCTCTCTGTTGCGAGCAACAGCAAGCGTTTGAAGCATTATCTCGAACGCACTTACAACGGGGGCTGCGTATTCTTGCCCAATCTCTACGACATCGAGAGAGTCCATCGCAAGCGTGACCTGTCGCACACCCGCGGCCTTGTAAGGATCGGAAGTTTTGGCGCTATTCGTATATTGAAAAATCATTCGTCGGCAGCTGCCGCAGCGATGTTGATTGCCAAGTCACGCGGCGTTGATCTCGAATTTCACATTTCCGTCAATCGCGAAGAGGGCGGCAATGGAGTGGTTGACGCTTTGCGTGCGATGTTTAAAGACGTTCCATGGGCCAGATTGATCGAGTCGCCTTGGCAAGACTGGGCAAAATTTCGTCGACTAGTCGCTTATATGGACTTGAACCTTCAGGCGTCTCTCACCGAAACATTCAATATTGTGAGCGCCGATTCGACCGCCGAGGGCGTGCCATGTGTTGTGACGCCAATGATAGAATGGGCGCCGCGGTATTGGCAAGTTGATCCGGACGATATTGAGCAAATGGCACGTGTGGGCAATCAGCTCCTATCCTCGATCGACGGGGCGGAAGACGGGCTTGAGGCATTGACCTGCTACGTCCGCGACGCTGTCCGGCGCTGGCTTGCCTATCTGGACGGTGCGCCGAGTGCATTCAAGATCGACGTTTGAATGA
NZ_CP089982.1_gap48	1999050	2003062	4012	TGCCGCGCTGGCGGCACTCGGCGTGGGCTCGCTCGCAGGCGCCGTCCTGCCGAATTCGGTGCAAGTCCACCTGATGGGCCCGGCCTTCTCCTCGGGCCGGATTGGTATGTCGCACGAGCATTGGCTTGCGATATGCAATTCCGAAATTAGCAAGTGCGTTCGAGGCCAGACGTTTACGACCGAAAGCACGAACTATGGCTCCCGCTCGACGGCTGATGTCGGGCAGTCAGGGGAGCTTCGGCTGGCCGCATATGATGCCGATTGCATCGCGGAGACACTGCGGCGCGACCTGATCACGCCGATGATGCGATTGAACCACCCCGACGAAGTCCGACTTTGCCCGCGCATCATCGTGCATGTGGAGGACGAGCCCGACCCTGCGCAGCGACTCGAGCTGGCCGTGAAAGGGGCGCAAGCGAATCTCCCAATCGACGCTGACGCGATGGCCGATGAAGTCGGCCTGCCGCTGGTTGCGAAACCGGAGGGCGAGGAAAGCAAGCCACGCCGCATGGTGCCGCTGTCCGCCATGAAGCCGGCGGACGCCCTCGTTATGAGCGAGCCGCAGCTCCTTCGCGTGCGGCTCCCGTCCGAACAGGATAACGACGAGCAGGAGCGCGGAGCGCCGCGCGGCGAGGGAGACGGCGAAGGCACCGAGCAGGGGCAGGGGGGGCATCCGCGGAGGCCCGACGGAACTTGGGCGAACGCGGTCGCAGACTCCTAGACCTCGGCGTGAGCGACGTCCACATCGACCGCCCTCTCGCGGGTGTGCAGCGCCACAAGCCGAAGGAAGCTCCCATGGCAGAAATATCAGCAGAGCGACGAAACGCGCTGCCGTCTTCGGCATTTGCGTGGCCTGAAAAGCGCAAATTTCCCATCCATGACAAAGCCCACGCGGATAATGCCTTGGCTCGTTTGGAGCAGCAGAAAGGCCGCATGCCTCCAGCAACGTATGCTCGCGTGAAAGCGCGCATTCGCGCGGCGCAACGCCGATTCGGCGAGACACCGAAATCCAAGCAGCGTGGAATGCGGCTCCATGGGCACCTCGGCCCAGGCTCGGAGCTGCACGTGCGGCATCTGGCCGACGTCATCCACTCGTTCAGTGAGCTGGAGCTTAAGGAAGTCCCCGATGAAGCGGGCCCTGTCTGGATCCAGGTCGCGCGCACCGGCTCGTTCAGGGGGCACCACGCCGGGCCCTTCGAGCTGAATGAAAAAGTCTTCAGCGAGATCATCCGGAATTTCAAAGAGGCCAAACAGCCCATTCCAATCGACTTCGAACACGCCTCCGAGTCCGACCCGACGTCGGGTGAAATACCCACGAAGGGGGCTCCGGCGCAAGGTTGGATTCACGACCTTCGAATCGAAAACGGCAATCTATACGGGCTTGTCGAGTGGGGGGAGCTCGCAAAGCAGTACATCCGCGCAGGCCAGTATCGGTACTTTTCGCCGGCAATTCGATTTAATTCCCGTGACCGCATCAGCGGAGAACCGATTGGCGCGCGCATGACGACGGGCGCCCTAACCAATCTGCCGTATCTGCCGCATATGCAACGGCTTGTGGCACGCGACGATGAGGTAGGCGCCGTGCTCGCGACCTACGCGTACTCCAGCGCCGAGACGATGCCGGTGGTGCGCGCGGCACTTCGGCTGCCCGAGCTTGCAACCGCCGCCGAGTGCGCGGACGCCCTTGGGCGTCTCCGCGAACTGCACGAAATTGGCGGCGGTGCCGATGTTCAGGGCGTCGCGGTGCGGTCGTACATCACGGCCATTCGGGACGCGCTGCACGCGCCGCTCTCCTCCACGGTCGAAGACGTGTTTCAGGCGCTCGCCGAGATGATTGGTGCGGCGATGGACGAGGCGTGCGCAGGCGACGAAGCCAGCGACGTCGAGCTCGACGATGACGTGGGCGACGGGGATGATGACGGCGTCGCGATGACGTCGATGGAGACCGACATGAATGAACAACAGCGGGTGACGGAGCTCGAGGCGGATGTGGCCCGCGCGAATGCATCCCTTGCCGAAGAACGGGCGGCCCGCGATGCCGCGGAGACCGAACTTAAGGCGTTGCGCGCGTGGAGACAGGAGCACGAGACCGCAGCCGAGAAAATGGCCGCGGACGTGAAGGAACTCCGCGAGTGGCGCGCGGCCCGCGAGGAGCGAGACACTCGCGATGAGGTCGAGGTGGCGTTCTCGACGTACAAGGACAGCAAGCGGCTCGTTGAATCGGACAAGGCCGATATGTTGGCCATGTGCAAGGCGGTGCCGGATTCCTTCCGCCGAATGTACCCTCCTGTGCCCCCGGATCAGCGCCACCTGCTGCGACAGATCGTCACTCCGCGCGGCGGTCCGCCCGCGACAACGTTCGAGGCTCCGACGGAGCGCCCCACGGTCGTCCAACTTGCCGAGCGGCTCCGGGCGCAGAATCCGAAATTGTCTGAGGAAGAGTCGTACATCGCGGCGGAAAAGCAGCTCCGCCAGCACGCATCGCGCTGAGATTTGAAATCGACGCGCGGACTGTATGCGCGCGCAGTGGAGACGCTCCCAAATGGCTATTACGTCACAGATTGGCGGATTTCCCGTCGAGGGCGGAGACTTGCCCTTCCGGAACTACGGCACCAACGACATCGCGAGCAACATCGCGGTCCTAATCGATGCTAACCCGGCGAACATCATGGGCGTCACCGTCCCGCAGACGGATGCGCCTGTCACTCGCGGCATCGGCATCACCCTGGAACGGATCCCTGCCGGTAAAACGGGACGCGTCCGGTGCATCGGCGCCGCGGTCGCGACTGCGTCCGCTGCGATCACCGCGGGCGATCCCGTGCAGATCGATTCGGCCGTGTTTCAGGAGGGGCATGTCAAATTGGCGGCGGCGGGCGCACCGAAGATCGGCATTGCGCTCACCACTGCGGGCGCCCTCGACGCTGTTTGCGTGCTGCTGACGCACGCACCGTAATCGTAAAACTTCAAAACATCCACTCAAGAATGGCGCACGCGCAGGGAGGTCGTGGGGCGTCGGCGGCGAGGACCACCTCTGTCCGCCGGAAAGTGCACCATGTTCCAGGACCCCGGGGTCCAAGTACGGGACGTCGAGACTGGCGAGCTCACGACCCTCAACCTCTCTTCGAATTCGATGCGCCTTCCCGATGGGCGCCTGGTCACGATGGATCTGGGCGTCGCGGACGTGCATCTCGACGCTGCACTGGCCAACGTTGCCTTTGGGTATCGTCTCGCGCAGGGCATTGCCGACGAAGCGGCCCCGGTCGTTCCCTCGGCGAAAGCGTCCGACCGGTATTTCGTGTGGGACAAGGACGATGCCCTGCAGCCGGTGAACAATCTGCAGGTTGCCCCGTCGGGTGCCGTGTCGGAGGTGAGCCCGCGCCTGTCGAATGCTCCATTCTCCACGATGCCGTATGCCCTTCAGTCGGCGATTTCGACCGAGACGGAGGCAAACGCGGACTCGCCGTTGCGCCCTCGCATTCAGGCGATGCGTCGCCTGATGAACGCGTTGCTGATCGGGCGCGAAGTTCGCGTCGCGACCATGCTACGGAATCCGGCCAATTACGGCGATCCATTCAAATCGATACTGGGCGCAACCGCAAAATGGAACGGCGGTGCGACGTCAAATCCGGTGCAGGACCTCTACACCAGGATCGAAGACGCACTGATGCCCATCACCGATATCGTGATGAGTGAGCGCACGTGGCACGATTTCGTGCAGAACAGCGCCGTCCAGAAGTACATTGCGTCGAAAATCAACGTTCCAGGCACGCCGACCCCGGACCAGATGGTCGGCGACCTCGCCCTACTCGGCTTGCCCCCTATCCGTGTCGCGGCAATGAAGTACAAGGACGTTGGGGGCGGCTATTCCTATGTCTGGGGCGACGATGTCGTTCTTCTGCACCGCCCCGCGAATCTGCCGAGCGATGGCCAAGACATTGCCACCGCCTATACGTACCGATGGACCGGCGTCCCCGCGCCCGAGGGAACCATGCAAGGTGGGTTCTTCGTGAGG
NZ_CP089982.1_gap49	2081726	2085683	3957	GCTCGTGCCCCTGATGTTCGTCGACTACGCGAGCATCCACGCTGATCCAAAAAGCGGCAAACGCTATTTCGTATTTGCCACCCATCTGGGCGCGCCCGAGCTCATCGAGGACGACGCTGGGAATGTCGTCTGGCGCGCGCGATACGAGGCTTATGGGACCGCCCACGTCGAAATGGGAGCAGATTTTCATCAGCCGATCAGGTGGCCGGGCCATTACTTCGATGAGGCCACGCGGCTTCACTACGTTCGCTTTCGCTATTACAGCCCGGAGCTGGGGCAATTTCTACAATCGGATCCGCAGGGGGTTCAGGGGGGATGGAACCTCCACGCGTACGGCCAGGGCAATCCGCTGAAGTACGTCGACGTTCGGGGGTTCAACGACTGCCCCGAACGCGAGGGCCCGAACAAGAAGAAGAAAGGGAACGCGGACGAGGAAGGGGCACACGCGCCTCCGGCGCCCGACGGGCACGCGGCAAAGCCGCCGGCGAAGAAGGCTCTGAAGGATATGAGCCATGAGGAGCTTCGGGCTCATTGCGAAGAGCGGGCAAAAGCCCTAAAGAAAGCGTTTGCGGCGGCAAACCCAGAGGCCGAAGAGAAGACCACGCTCTCGGTGGGGATCGTGGAGAAAAACGGCGATCCTTCCACACGCAAGGTGGTGGTCACGACGAGCGCGGACAACCAGAAACTCCCGAGACCGGTCGTGAAGGCCATGGAACCCGGCGAGGAGCCACGCCAAGCACCGCCGCACATTGCGCGCAGCCCTCGCCGAGACAACCCGAATTACGACGAGAACGGACCGAAAAATCGGGTGACCAACCCGAAGAGGACAACGGAGCCGCAGATCGTCGATTCCGACGGGAGTAGGGAGTCCTATACTAAGGCGAATCGCGGCGAACCGGTCGAGGGTACCCAACATCACGCAGAGCAGAGAATGGAAAATGGGGCAGCAGAAAACGGCGAAAACCTCTTGGCACAACAACCCACCAAGCCATGCTGCCCGGGGTGCACAACCGTGCTGGGTGAAGGCGGCAATCTCTCGAAGGTTCCGAATCCCACACTTGCTGGATGGTAGGAAGTCATAGGAAAGGCAAACATGGATCTCATAGCTTCTTTATCAGCGCGACTCCGACCAACCGACGCCCACGCTCGAATCGCCCTCGCAGCGGAGCTGGCGGACAGGGTATTCCCGCTCTACCAGGAGTACTGGACAGGCACCTACTCTGAAGAAGTCCGCCGATCCATTGAGCTTGTATGGGCTCGCGCATGCGATGAGCCTGTCGACGACCATGAGTTGCAAGCTTGCCTAAAGGAAGTTCGCGAGACCAATTCCTATTATTTGGATGAAGGCATCGATGTCCTCGCAAACGCGGTCACAGTGGTTCTCCGAGCAATTGAAGCAGTGGTAGCGAGCGAAGATGACTCGATCCTGGCAGTCGCGAGAGCGCTCACCACGGCGATAGATGCCGCGGTTGCGGCCGAAGCAATGGCGAATCAAGAGTCGTCGAACGACCAGCAGAAGGAGTTGGCGGAGGCTGAAGAGGAGAGCTGGCAGGAGCGCGCGCTTGCCCTTGTTGATGGTTGGAAGGGGGTAGCACGGCGCGATATGTTCGCATCACTCGGAGGTAAGCCCCCGGCCTGGCTCGACGACTGGAAAGTGCGCACTGCAAACGTGCGATGACGGAACGACCAGCACTCGAAACCTCGTCGAGCGGCCAAGCGTTGGCGATGAGCTGTGACCTGGGGCCGGCGACACCGTCTGGCTTGCGCGAGAAGAGGCCTATGGGACCGACACTCATCCAAGGCGTAGACGCTCTCCAGCAAGTCGGATGGAAGGTGAAACATCTTGCAGCACCGCAAGGGCTCCCCCTGGCCATCACGGCGCGCTACAAGTGGCTCCCGCCTGATGTGGCAGCTCTTATGGAGTCACTGGAGGAGGTGGCGAGCCCCGACGACAAGTCCTGGCTTTTGACCGTGAACGACTTCAGTGGCGCGTCGCCCTCCGCGTACGCTTGGAATGAGTGGGAGGTGCAATCCTTGGCGGGCGCGGCCGCCGCAGATCAGGATCAGGGGCGGGCAACCCGCATCGAGAACTTCTGGGCTCAACACTTCCCAATTGTGATGTCGCTCAAATCGGGATACGCCTACTTCGCCATCGAATCAGAGTCGCTCGAAATCGTCGTAGGAGAAGAGCCCGAATTCGAGGAAGTGAGCAAGGTTGCGTCAAACATTTCCGATTTCTTGGAAATGATTCTCCGCCAAGATCTGAAGATAGCACGCTGGATTTGATCAATATGGCGCGCCAGAGCCCGTAGCCAAAGGAGTGCGTGAGTCGCGACCCACGGTCGGTCGCAGCCATCGCCGAGACACGTGCCTGAAGTGCTACACGAAAGGACGAACGATGGATGCTATTGACTCAGCGATCGCACGACTTCAACGGATAAGCGCGACCGCTCGCATTGCACTGGCGGCGGAGATCGGCGATCGGGTCTATCCCATTTATGAGGAGTACTGGATTGGAACTTATTCGAACCATGTCCGGCGTTCAATCGACCTGGCCTGGTCGCGTGCGGAGGGCGGTGTTGTCGACCAGAACGACTTGCGCTCTTGCCAGGCAGATATCGAGGATCTCGTTGCGTTTTACGGCGAAGAAGAAGAGAACGACCTACTTCGGGCTGTCGTGACGGTTGTCCTCCGAGTCCTGCAATCTCTTTCGTCTGACTCCAGTGAATCGGACCTCGCGGTCGCGAGAGCGCTCTTGGAAGCTCAAAACGTCGCCCAGGCCGCGGAGGCCATGGCCGATGAGGCGCAGCCGTCGGGCAAGGAGATCGCCGCATTGGAGGAAGAGGAATGGCAAGATCGCGCGCTGGCGTTCCTCGACTCATGGAAAGGGCCCCCTCACCGGCACATGTTCGATGCCGTCGGCGGCAGACCCGCGAAATGGCTTGAGGACTGGAGGGCGCGCACCGCCAACACGCGATGACGTCGTCTCTCGACGAACTTCAAGCATGCGTTCGAGGCGCCAGGCGGCAATGGACATCTTCGATTCGTTGATTGCCCGACTTCGCCCAGTGGCCTCACGGCATGGGCCCATGGGTCCGGCGCGCGGGTGCAAGGTCAAGGAGCACGAAATGAACTCAGTGGAAGCGCCGGCACGGGCTGTTCGGAATGTGGTCCGTTTGCGAAGGATTGCGCTCGCTGCGGAGATGGCTACGAGGACACACTGGAACAGGTTCTCCGGCACATAGGCCGGGCGCGGAACCCCTTGTGCCCCCGGAGCTCCGCCACCGGCTCACGGCCGTACGCAAATCCACGCCGCGGGGCTACCGAGATCCTTCATGCAGAGGGACGTGGAGTCGTCTTCGCGGCGGCGACCGGCTGCGAGCTCAGCGAATTGGCGCTCAGTCGAAAGAAAATGCGCCCCGCTGGCTGGCGCGGGTGGCTGTCGGCAGCGGCAGCGCCTAGCTTTGCCGTCATGACCACAAAAAGCAAAGACCGCAGGGACGACCGCAAGCCGCGCGTCATCGCGGCCGTCGGCGCGAACCTGGCGGGCCCCGTTCTCGACCTGCTCGAGCTCACCGAGCTCGCATGGCATAACCTCGTCGGCGAAGAAGTGCTGCCGGATGACATCATTGACGATATTTTGGCAGTCTCCGAAGGCAATCTGGCCACGATGATGATGGCCGCGCGCCATGCTCTCCTGGATCGAAAAGACTTGAAAGTATGGGCGGAGGATGCCAGTTTGCAGGGGGATGGGGCCAGGTTTCGGCGTTTTGTGCAGGGTCATGGGGCCAGCCACAAAGCAGGATGATGGGGCCACCCGCACGGGGGACGTGACGGAGTTTTTTGCAGGGTCATGGGGCCAGCCTTTTGGGGAATTAAGCAGGGGGAAGGGGCCAGCCCGGGATGATAGCGATCGGGACGTGAGACAGCCTTGTTCCGACGACGGCGCGGGTCGCC
NZ_CP089982.1_gap50	2094027	2097945	3918	GCCCGCCAATGGCCGCTGTGCAGCTCGTTCCTTGGGCTCGTCGGGCGATAGCTTCCCCTTCGTCGGCAGACGTTGCTCGGCGTGCTGCGCGCTCTTGGGACCCCGCGAGTTCGGCTTCACCACGTCCAGCACCCTAACAGATGTTAGCCAATTCGTTCTCTCGATCTGCTCGGGACCTTGATTTGTTCGCGAACGTTCATTATTTGTTCGCTCATGCTGTCGCACGGCGCGTTGGCCTTCGGAGCGTTCCTTCGAAGGCATGGAATTTCACAAGCCGCGGCTGCGCGGGCGCTCGGCGTGACCGACGTGGCCATTCACGAATGGCTGGCGGGCTCGCGTCGTCCGCGTGGGCATCGCGCTGCCATTGCCATCTGGACTCGGGGGGAGGTTCCAGAGGACCTGTGGCTTCTTCCGGGAGAGCGGCGCGCGCTCGCTCGAATTCGGCCGTTTGCAAGTGATCGACATGCGCGCTCCCTCGCTGGATGGTGCTACGTGGCGGCACCGCTTCATCAGTCTGCGCGTGCCGCCGAAGCCGCGCAAGTGCTGCGAGCGCGGGGGGTGCGCGTGTGTTCACGGTGGCACGATCTCGTCGATGCGTCCGGGGCCGACCCGCGAGATGAGGACGAGCGTCGCGTTCTGATGCAGGAAAACCTGCATGATCTCTCGAAGGCGAGCGTCATTCTTGCCCTCACCGACCGCGGCACTCCGCGAGCGACCTACGCCGAGCTTGGGTGGGCGCTGGCTCGTGACATTCGCGTCGTGTGGCTCCAGACGCCTCAAGGCGAAGGGGGCAACATTTTCGACGCGCATCCACGAGTCTCCCGCGTCTTCGATTTCAGGGACGCAATCGAGATCGTGGCCTCGAGCAGCGACCCGATCATGAACGTGCCTCTTGGAACTCCAGCCCTTGGAGCTATGACGGACGCAGGGAGCTGCTCATGAGCGAAACCAACGAAGACGTCGTCGCCTGCGACGCTCCGACGCTGAAGGTGCTCGATATGGAAGCGCTGGCCGAAGCCGCGGAGCGCTTGCTCCAAGACGAAGAGGGAGCATCGAAATGAGAGTGTACGTCGCAAGTCCCTATACGAACGCGTCTGGGGTGCGAGACGTTCACGTCCGCCTAGTCGAGAAGGGGATCACTCCTACCTCCGCATGGGCGGAAGCAGCGACCGGCCGCGAACGCCTCAGCGCGTTTTTCGCATCTGAGTTTCGAGCCCTCGCAGAGGCGAACGATCGCGCACTGCGCGTAAGTGACGCCGTCCTGGTGTGGTCCCTGCCCGAAGGCGGAGGGGAGATGTACGCGGAGGCCCGCTTCGCGCTCGTGCTCGAGATCCCTGTCTATTGGGTGGGCCGCCCAATCCTGTCTGCTTATCGGCGTGGCGTTCGACTGTTCGACGACATCGATGCCGCAATCGCTGCGCTGAGCGAAAAGGCACATGCAAGAGCGGTGACTTCGTGAATCGGGAGGAACTTATGAACCAGGAAGAGACTTTGGTCGATGAGAAGAAGGTCCCCACCCTGCGCGAATCGGCGGAGCGGTATCTCGCAGTCCGCAAACGCCAGGTCAGCCCCCGAGCCTGGCTCGAGGAATGGCAATATCTCAACGTGGATATTCTGCCCAAGCTCGGAGACCTTCGATTGGCGGAGTTGCTCGACAACACGGAACTCATTCCGGAATTGTTTCGCGAGCTGGGGACGCGTCGCCCCACACCGTATTGCCTTGCGTGCCACACGGTCTTGCGCCAGCTCATCGAAGCCTCGATATTCGGGGCCGAGTCTCCGTTGACCGTGGCAGGGGGGCGGGCGCATGAGCAGCGCCCACGACAAATCATTCCGATCGCAACTGCCCAACGGCTCCTCACCTCATCCTCCGTTCCGCTCGAACGCCGAGCGGAGTACGCCGTGATGGTCGGCACCGGAGCACGAATCGGCGAGATGCACAGCGCGTGTTGGGGGCATCGCCACACGGCGGCGCCAATCCCTTATTGGGTGGTGGGGGACGGTCATTCGCATTACTGGCGCGTGTCGCGGCGCATTCCGCTCGCGCCCTTCGTTCTTGCAGCTCTCGAGGTGCTGCACGACAGCGCGCGGCTCGCATTGTGCCGCGACCCTCGGCCCGAAGACCTCATGCTCCGGGAGATCCGTCGCCCCGTGCGCCCCGAGGTTCTGCGCGCTGACCTCCAGGCTGCGGGCCTGCCCTCCGACCTGCATGCTTTTCCATTCGTGCTTCACGATGTTCGTCGTTCTGTAAACAAGTGGCTCGAGGACGCCGGCGTCGACGGCGAGACACGTGATGCCTTCCTCGGGCACTCCATCGTTGCGTTCGGGATGGAGACCGAAACCATTTCGCTCGAGCGCATGGCGGCGGCGGTTGCACAGCTCCCGTTCCAGTTCTCGGCGGAGGGTGGGTAGGCCCATGGCTACCGCAAAGCAGAGGGCGAGACACGTCATCCCAGTCGCGAGTGCGCAAGCGCTCCTCGCGTCGCCGCAGGTTCGACTCGTACGTCAGGCGCAATACGCGGTCATGTTTGGCACGGCGGCTTCGATTGGTGAGCTTCTCGCTGTTCGTTGGAAGCATCGGTGCCTCAATACAGCCATTCCCAATTTGGTCGTTGGGAACCGTATTTGCGAGCGCCACATTCCGATCGCCACGTTCGTGGCTGCCGCACTCGATGTTCTTCATGAGGACGGGCGTCGCGAACTAGGACGCGAGCCTCTGCCCGAAGACCCGATATTCGCCGAGAGCCAGCGTTCGATCGATGCAGCCCGCCTCCGCGCCGACCTCCGGGTCGCAGGCGGCTTGCCGAGCGATCTCGAAAATCATCCATTCAGGCTGTCCGACATTCGGCGATCGTTCTGCCTGTGGCTCCGCGCGGCTGGAGTTGACCGCTTGACATGCATGGTGCTCTTGGGTCACCGAATCACGGACTCCGGCATCAAGGCCCCCATGCCGCTGGAACGCGTGGCGGACGCCGTTGCGCGCCTTCCTCTTAGGTTCTCAAAGGATGGTGGGTAATGATGGGCGCTACGAGACCGTTTTCCTCGTCGTCGGGAGCGGAGGAGGTGGCGTCGTGACCGAGCCCGCCCAGGTGACGGTCCTGCCCATGAGCGCGGACGCGTTGCGGTCGCTCGTCAGGGAGGCCGTGCGCGAGGAGCTCAAGACCAATGCGTCTGACGACGACGTTCTCGATCTAGAGGACGTCGCGCGGCTTCTAAAGATATCCACGAAAACGGTGGTGAAATACATCAATAAGAGGGGATTGCCCGCAACGCGTTTTGGTCAGAATTGGCGCTTTCGGCGTGACAATGTTCGTAGCTGGTTGCAAGAGCAAGCGGTGAAGTTCGGCGCTCCGAGCGAGCGCTATGGGGACAAACTGCGCGCGGTGAAAGGGGAAGGCTGATGTCCGTTGAAACCAAGAAGAGGAAAAAAGGCGCCACCCATTACGCAGTATTCAGTTGGCAAGGGGGGCGTGTATGGGAGAAGGCTGGTAGCGAAAAGCGCGAAGCGGAACGTCTCGAGAAGCGTCGACGAGCGGAGGTTGCAAACGGTACGTACGTGCCTCCGGCGATGAGCAAGGTTACGACGGTGGGGCAGTACCTGCGGGCTTGGCTTCTAACGCGAGAGAATCGTACGGCGACGAACGACCGAAGCCGGATGAAGTACTACGTGCTCCCGAAGGAGTGGTTCGTCGAGATGCCCATCGCCGATGTGCGGCCACGCCACATCATCCAGTTGATCCAGGAGCTGAAGAAAACGATTGGCCATCGCACGCGCAAGCCGCTGCGACCCAAGACAGTGGCAAACACGTACACTGCCCTGCGGACGATGTTCCGTGATGCTCGCATCGCTGAGCTCACGAACGTTGACCCGTGCGTGATTCCCAAGGGGCTCGTTACGCACAAGACGGTTTCACGTCG
NZ_CP089982.1_gap51	2115504	2118263	2759	AGTATTCCAAGGAGCGAAAGAGCTTCGGCGTCCCCATCTCGCAGCACCAGGCCATCGCGTTCATGCTGGCCAACATGGCCACCGAGCTCGATGCCGCGCGGCTGCTCACGTGGCGCGCTGCGTCCATGAAGGAAAAAGGCGTGCGCCATTCCCCGGAGAGCGCCATGGCCAAGCTGTACGCGAGCGAAATGGCCACGCGCGTCGCGCACAAGGCCATCCAGGTGCACGGCGGATACGGCTACTCGACGGAATTCCCGGTGGAGCGTCACTACCGCGACGCGCGCATCACCGAGATCTACGAGGGCACGAGCGAGATCCAGCGCATCGTCATCGCCGCGAGCGTGCTTGCCTGATGCGCGCAGGATCGTGGGCGAGTGTTTGGCTGATGCTGGTCATCGGCTGCGGCGGCGCCCAAAAAGAAGCGCAGTCGCCGGAGACGGATACGGAGACGACGGCCCAACGCGTGCGGCCGCAGGGCTCGGGCATGCAGGTTTCGACCGAGCTCGGGTCGATCGATTCGCGCGCGGTGGAGCAGACCTTCTGGCGTCTGCAGAACAAGCTGCAAGCCTGTTACCGAAAGGGCCTCCAGCGCGTCGAATACCTGGAGGGCGACGTCAAAGTCTTCCTCCGCGTCGGCCAAGACGGCACCGCACGATACGGATACATGGAGGAGTCCACCCTGGGCGATCGCGAAAGCGAGCGATGCATGATGGACGTGCTCACCGGGAGCGCATGGCCCAAGCCGCAAGGTGGCGAGGCCGAGGTGCGAAACAGCTTTGGCTTCGACGGCCCCGGCGACGTGCGCCCGCCGGTGAGCTGGGGTGCGGACCGCATCTCCGACGCGATTGCCAAACAATCCGACGCCCTCGGTAAATGCAAAGAGGGCGTGAGCGGCCGCTTCCACGTCACCGCCTACGTCGAACCCGACGGCCGCCAAGGTAAATTCCAAGCCATCGGCATCACCCCCCCGAGCAAAGAGGGCATCGACAAACTCGACTGCCTCGCCGACGCCCTCAAAGGCGCCGCCCTCCCCAGCCCGGGCAGCTACGCCGCCAAGGTGAGCTTCGATTTGTAATGACTGCTAGGATGTAGGTATGCAGGATATTGCTCATGTTCTCGGAGAATTGCGGAGGTTTGCGCGGTTCGCGAGGCCCGAGGTGAGCGAGGTCGACGTCGCATACGAGGCACTTCGGCCTCTACTTGCGGAGCTCACGTCCCCGTACAAGCTCGTTGGTGGTCTCGCGGTCATCCACCACGGCTACGAAAGATTTACGGTCGCTATCGACTTGCTGGTCAGCCCGGACGCGCGTCGAGAACTGACGGAACGCGCGCCCGCGCACGGGTTTGCGGTGGTTACGCCTCGCCGTCTTCGTCATGAGCCGACCGGAGTGCTCGTTGATCTTTTGGTCGAAGGGCAGCCGATCCCGCGGGGAGGGGCAGGCGTGACCTTCCCCTCCCCTGGTAGCGTCGGTGAAAGTCCAGGCGATGCGACGTTTGTCGGCCTGCGAGGTCTCCTCGAGCTCAAACTGCATTCACGACGCAATAAGGACGTGGCCGACGTCACCGAGCTTCTGAAGAAAGTCGACGATGGCCGTTATCTCGTCTTGGAATCCGAGATGCCACGAGAATTACGGAGTGAACTCGCTCGACTTCGAAACGATGCGCTCGAGGAACTCGAATGGGCGCGGCGCGACGCGGAGCAGGACGCGAAATACGACGCAGAATACGAGAAAAAAGACGATGGAACTTGAACTCAACGAAACGCAAAAGCTCGTTCAACAGACGGCGCGGGATTACGCACGGCGGGTGATTCTTCCGCAGGCGGCGGACCTCGACAAGCACGAGCAGTTTCCGCGGGAGATCTTGCGCGGGTTGGGCGAGCTCGGGTTGCTCGCTGTGAACGTGCCCGAGGAGCTCGGGGGTTCGGCGGCGGGCGCGGTCTCCTATGCGCTGGCCATGCAGGAGATCGCGTATGCCTGTGCGTCGACCGCGGTGACCATGGCGGTGACCAACATGGTGGGCGAGGTCATTGCGGCCTTCGGCACCGAAGAACAGCGACAGCACTGTTGCACCAAGCTGGCCAGCGCGGAGTGGATCGCGGGAGCCTTCGCGCTCAGCGAGACGGGGGCGGGCAGCGATCCGGGCGGCATGCGCACCACCGCACGGCGCGATGGCGATGACTGGGTCATCGATGGCGACAAGCAGTGGATCACCAGCGGCGCGCACGCGGGCGTCTTCGTCGTGTGGGCGCGCACGGGCGATGCCACGAGCTTGCCCGGTACGCGCGGCATCTCGTGTTTCCTCGTGGAGGGCGGCACCCCCGGCCTCACCGTGGGCAAGCCCGAGGACAAAATGGGCCTGCGCGCATCCAACACCGTGCCGCTCCACTTCGAGGGGTGCCGCGTTCCCGGCAGCGCGTTGCTGGGCAGCCTCAATGGCGGCTTCAAAATCGCCATGATGGCCCTCGACGGAGGCCGCATCGGCATCAGCTCGCAGGCCATCGGCATCGCGCGCGCCGCGCTCGACGAAAGCGTGACCTACGCGAAAGATCGCCGCGCCTTCGACCAGCCGATCTCCGACTTCCAGGCCATCAAGTGGAAGCTCGCCGACATGAAAACGGAGCTCGACGCCGCCCATCTCCTGTCGATGCGCGCCGCCTTCCTCAAGGAAAAGGGCCGGCCGTTCTCGCGTGAAGCATCCATGGCCAAGCTGTTCGCGAGCGAAGCGGCCAACCGCATTTGCAACGAGGCCGTGCAGAT
NZ_CP089982.1_gap52	2122664	2126707	4043	GGCAATGCCGCCGATGACCACCGTCGCGAGCGGCCGCTGCACCTCGGCGCCTGCGCCCTCGGCGAGGGCCATGGGCAAGAACCCCAACGAGGCCACCAGCGCCGTCGTCAGCACCGGGCGCAAGCGGCCTTCTGCTCCGAGCCGCACTGACTCGGCCAGCGGCATGCCTCGGGCGCGCAGCTTCTCGATGCTCGAAACGAGCACCAGGCCGTTCAGCACCGCCACGCCGAACAAAGCAATGAAACCGACCCCCGCGGAAATGCTGAAGGGCATCCCGCGCAAGGCCAGGGCCAGCACGCCGCCGCTCACCGACATGGGGACGTTGGAAAAGATGAGCAGCGCCTGTTTCACCTTGCCGAAGGTCGCCACCAGCAGAACGACGATGAGCAGCAGCGCCACCGGCACCACGACGAGAAGCCGCGCCGTGGCGCTCTGCAGCCGCTCGTACTCGCCGGCCCATGCCAGGAAGTAGCCCGCGGGCATCTTCACATCGCGCTCCAGGGCCACCTTCGCGGTCTCGACGAACGACGCCAGATCGCGCCCGCGCACGTTGGCCTGCACGGAAATGCGCCGCGACAGCCGCTCGCGGCTGATCTCCGACGCGCCGGGCGCGACCTTCACGTCCGCGAGCTGCCCCAGGGGCAACAGCGCACCATTTTCGGTGCGGATCGGCAGCGCGGAAATGCTTTCTGCGCTTTTGCGCGCGTCGGGCGAGAGGCGAACCTGGATGGGGTAACGCTCCGCACCGGCGGCAATCTCGCCGACCTCGATGCCGCCCAAGGCTTGCACCGTGTCCAGGACCTCCTTCGCATCGAGCCCCTGCCGCGCGATGGCCGGCCGATCGATGTGCACCGTGAGCGCGTTCAAGCCCGCGACCATCTCCGCGCGCACGTCCTTGGCCCCGGGAATGGCGCGCAGCACCTGCACCGCCTGGTCGCCCAGTTGCTTCAATTGTGCGAGATCGCGGCCGTAGATCTGCACCGCGACATCGGAGTCGATGCCCGCGAGAAGATCGTTCGTGTTCATCTCGATGGGCTGCGAATACGAAAGCCCGATGCCGGGAATGTTGTTCGACAGCTTCTCGTCGACGGCAGCGATGAACGATTCTCGATCGTGCGCCGTGGTCCATTCGTCACGCGGTTTGAGCATGACGTAGATGTCCGTCATGTTGATGCCCATCGGATCGATGGCAATCTCCGCGCGGCCCGTGCGGCAGATGACGCTGGTCACCTCGGGGAACGACTCCTTGAGCAGCTTCTCCACCTGCGTGGTCTGCGCCACGGAGGCCTCGAGCGACACCGAGGGTAGGCGGATGCTCGGGATGACCAAGGTCCCTTCGTCGAGCTTCGGCAGGAACTCGCGCCCGAGCTGGCTGCCCACGACGAGGCTCCCCGCGAACGCCGCCACCGCGATGGCCGCCGTCACCTTCGGCCAGACCAGCACCTTGTTCAGAATCGGCTCGTAGATGCGCGATGCCGCCCGCACCAGCGGGCTCGGATGGTCCGTGGCATCGCGCGAGAGAAGCATCGAGGCGAGGGCAGGGACCAACGTCAGCGACAACACGAAGGCCGCGGCCAGTGCGAAAAGCACGGTCAGGGCCATCGGGCGGAACATGCGCCCCTCGACGCTGGAAAGCGCCAGAATGGGCACGTACACCAGCGCGATGATCGCTTCGCCGAATGCCGTGGCCCCCCGAACCTCGCGCGCCGCCGCCACCACCGTTTCTTGCCGTTCGGCATCGGTGAGCGTGCGCCCTAGCTCCGCGCGCTTTTCGGCCAGGTGCCGCTGCGCATTCTCGATGATGATGACCGCGCCGTCGACGACGAGACCGAAGTCGATGGCCCCAAGGCTGAGCAGGTTGCCCGACACCCCGCCGAGCCACATGCCGATGAACACCCCGACCAAGGCCAGCGGAATGGAAAGCGCCACCACCGTGCCCGCGCGCCAGTTGGCCAAGGTGACGAAGAGCACCACGATGACCAGGACGCTCGCCTCGAGCAGGTTCTTCGACACCGTGTGGATCGTCTTGTGAACGAGCTCCGTGCGGTCGTAGTACGTGTCGATCGTCACGCCCTCGGGCAGCGATTTCTGAATCTCCGCGAGCTCCCGTTTCGTGTCGTCGACGACCTCGCCCGAATTGGCCCCGCGTCGCATGAGCGCCACGCCCACGACGATTTCACCGCGCCCATCACGGGTGACCGCGCCATAGCGCACGCGGGGCGCATAGTGCACCTGCCCGAGGTCCTTCAGATAGAGCGGCGTCCGATCTCCGCGCGTCTCGATGACGACGTTGCCGAAGTCCTCCACCGTGGTCACGCGGCCTTCGCCCCGCAACGTGATGTTCTCGCGGCCATCGACCATGTAGGCGCCGCCCACCGCCAAGTGGTTGCGCTCGATGGCCTCGACGACCTGTGTCACCCCCACGCGCGCCGCCGCAAGCCGCTGCGGATCGAGCTCCGCCTCCAGCGTTTTCGCCTCGCCGCCGAAGGTGTTCACCTCGACCACGCCGGGCACGAGCCGAAGCCGCGGGGCAATCTGCCAATCCAAAATGGTGCGCAGCTCCATCAAGGAGCGCCCCTTGCCGCCCACCTCGAAGTGCAGCACCTCCCCGAGCCCGCTCGACATGGGCCCGATTTCGGGCTCGCCGTAGCCCGCTGGGATGGCGTCGCGCGCCTTGGGGATGCGCTCGGCCACGAGCTGGCGCGCCTCGAGCAGGTTCGTATCGTCGTCGAACACGAGCGTCACCACCGAGATGCCTGCGCGCGAATTGCTGCGCACCTGCGTGAGCCCCGGGGTGCCGGCCATGGTCATTTCCACGGGAAACGTGACGTACGTCTCCACGTCGAGCGGCCCGAGGGCAGGCGCCTGCGTCAGCACCTGGACCTGCACGTTGGTCACGTCGGGCACCGCATCGATGGGCACCCGCGTCGAGGCGAATGCGCCGAGCAGCACGAAGACGAAGGATAGAAGAATGATCAGGACCCGATTGCGAACGGAGAGCTCGATCAATCGGTCAATCACGTCAGTCGTTCTTTCCCATCTGCTCGCGCAGGGCTTCGCTCTTCAGCACGAAGGTCCCGTCGGTCACGATGGTTTCGTCCTGCTTCAATCCCCGACGGACCTCGACGTCGCGGCCGATGTCCGCGCCTCGTTCGATGGGGCGCAGGTTGAACTTGCCGCCGCCTTTTTCGACGAACACGAACTCCTGCCCGTCGATCATCTGAATGGCACCCTTCGGCACCACGAGCACCATCTGCGTTCCGGCATCCGCCGCCCCCGGCACCACGCCGAAAATGTGCGCCGACGCGCTCATGCCCGGACGCAGCGCACCGTCGGGGTTGTCCAGCACGATGCGCGCCGGAACCGCTCGCCGCACCGGATCGACGATGCCGCCGACGTAGTCGACCTTTCCCGAGAACACCCGGTCCGGGTAGGCGATGACCGTGGCCTTGGCCTCGTCGCCCACGTGCACCTTGGCCAAATCGCGCTCGTACACGTCGACGATGAGCCACACCTTGTCGATCTCGCCGACCACGAACAGCGTGTCCGTCGAGCTCACCGCCTGGCCCACGCGTGCGTTCACGTCCAGCACGAGCCCGCCCAGCGGCGTGCGCAACGTCATCGCCGTCGAGGGGCGTCCCGAGCCGGCGCCCGCATCGGCCTGGGTGAGGTCCTCCAGGCGCACCCCTACCGCGTGCAGCCGCTCCGCCGCCGCGCGGATTTCCAGGTTCGCGAGCTCCCGATCCGTCTCGGCGTTGATCACGTTTTGGCCCGTGGTGACGCCGGCGTCGGCGAGGCGGTACTGCCGCAAACGCTCGCGCTCGGCGTACTGCATTTTCACCTGCGACGATAGAAAATCGGACCGCGCCTTGCCGATCTCCACGCTCTCCACGGTGGCGAGCACCGTGCCCGGGGCCACGTGCTGGCCCGGGTCGACCCGGATGGCCACGACGCGGCCCTCGATGATGGGTCCCACGCGCGCCACGCGGTTGGGGACGAACTCGAGAACGCCGGCGACGGCCACGCTGGCACGCCGCTCCACG
NZ_CP089982.1_gap53	2255589	2259531	3942	CATCGCGGCGGGTGCTTCGGACTACATCACGAAGCCCGTCGATCCGGACCAGCTCATCTCACTGATGCGGGTGTGGATGTATCGATGAGCCGAGCAGCACCCGCCTCGTCGTCCGGCACGTACCGAGCCCTCAAGGAGAAAGACACCGAGGTCGAACGCGTCGAGGTCGAGCTGTTGCTCGAGGCGATCTTCCGCGTCTACGGCTTCGACTTCCGCTCGTATGCGTACGCGTCCATCAAGCGACGTTTGTGGCGGCGGGCTCAGGCCGAGGGGGTGGCGTCGTTCAGCGCGCTACAAGAGAGGGTGCTGCACGACCCCACGTGCATGGACCGGTTGATGCTCGACTTGAGCATCCAGGTCACGTCCATGTTTCGTGATCCGAGCTTCTTCCTGGCCCTGCGGCGCAAGGTGGTCCCGAGTTTGCGGACCTATCCGTTCATCCGCGTGTGGCACGCCGGTTGTTCCTCCGGCGAAGAGGTCTTCTCCCTGGCGATGCTGCTCAAGGAAGAAGGCCTGTACGCGCGCACACGCATCTATGCGACGGACCTCAACGAGACGGTCATCAAAGTCGCCAAGAACGGAATTTTTCCTCTGTCGAAGATGCAGGAGTACACGATCAACTACCAGCGGGCGGGTGGGCTGCGCTCGTTCTCCGAGTACTACACGGCCCGCTACGACGGCGCGCGTTTCGATCCGTCGCTCATGGAGAACGTGCTCTTCTCACAGCACAACCTCGTGACCGACGGCAGCTTCAGCGAGTTTCATCTCATCTTGTGCCGCAACGTCATGATCTACTTCGACCGAAATTTGCAGAACCGCGTGCTCGATCTCTTTCATTCGAGCCTGGCCAATTTCGGCTTCCTTGCGCTGGGGCGAAAGGAAAACCTGCGCCAGACGGAAAGCGAGCCGAAGTTCATACCCTTCGTGGCGGAGGAGAAAATCTTTCGGAGGGCGGACAAGAAGTAAAACGGCGGACGCAAAGGGCTGGCATTTGGGCTTTCAGCACGAACTCATCGTGGTGGGGACGTCGTGGGGCGGTTTGCGGGCCCTGGAAGTGCTTTTGTCGACCTTGCCTGCCGACTTCGACCGGCCCATCGCCGTCGTGCAGCACCGCCGGCCCGATTCCGATGACACACTGGCGCGTGTGCTCCAGCGCCACACCAAGATGCGGGTGCGCGAGGCCGAGGACAAAGAGCCGATCGTTCCTGGACGCGTGTACATTGCACCCGCCGACTACCACTTGCTCGTCGACGATCAGTCGGTGGCCCTGTCGACGGACCCGCCGGTGCGTTTCAGCCGGCCCTCCATCGACGTGCTCTTCGAGTCGGCCGCCGATGCATTTCGACATCGTCTGATCGGAATCGTGCTCACCGGACGAAACCATGACGGTGCCATCGGTCTCTCGCGCATCAAACAGCGTGGTGGCCTCACGATTGTCCAGGACCCCGCCTCAGCCGAAAGCCCCGAGATGCCCGCGGGAGCCATCGAGCGAGCCTGCGTCGATCGAGTCCTCGCCCTCGACCGCATCGGGCCCTTCTTGGGTCAGCTCAGGCAGAGATGAGCGTCCTCCGACATTGAATGCATGGATTGACGGTGATAAATCGAAACAGGTGTCCGGTGTAGGGACTCGATCGGGGGAATTTCAGCTAGCGCTGGCCGCGATCAAGCCCGCGGTCCTGCTTGTCGACGACCAGCCGAAGAACCTGCTTGCGCTCGAGGCCATTTTGGAACCGCTCGGTACCGAATTGGTCATGGCGCACTCGGGGCAGGAGGCGTTGAAGCATCTGCTCACGCGCGAGTTCGCCGTGATCTTGCTCGACGTGCAGATGCCCACGATGGACGGCTTCGAGACGGCGACGCTCATCAAGGAGCGCGAGAGGTCGCGGCATATCCCGATTATCTTTTTGACGGCGATAAGCAAAGACGAAGCCTTCGTCTTCAAGGGCTACACGGTCGGCGCCGTCGACTACATGTTCAAGCCCTTCGATCCGGACATTTTGCGATCGAAGGTGCAGGTCTTCCTCGATATTTACCGGAAGACCGAGCAGCTCAAACTGCAGGACAAGGTGCTGCGCGAGCGCGAGCTCGCCGAGCTTCGCCGCTCGAGCGAACGGCGCTACCGCGAGCTGGCCGAATCGATGCCGCAGATCGTGTGGACGGCCACGCCCGAGGGCGAGCTCGCCTATGGCAATCGCCGCTGGTTCGATTGCGCGCGCACGTCGCTGACCGATCCTCAGGGGCTGCGCTGGGAAGCGATATTGCACCCCGACGACGTCGAGGCGTTCTCGCGGGGCTGGCGCCTAGCGCTGGAGCAGGGCGAGGCGTGGGGCGGGGAATTCCGTCTCGGATCGTGGGTGGAGTCGGACTACCGCTGGCACTTGGTGCGGGCGGTGCCGTTGCGAAGCGATCGCGGGCCGCTCACGTCGTGGGTGGGCACATGCACCGACATCGACGATCGCAAGCGCGCGGAAGATTCGCTGCGTTTCCTCGCCGAGGCGAGCAAGGTGCTGGGTGCCACCATCGAGTGCCGCGAATCGTTCGAGCAGGTGGCGCAGTTGATCGTGAAGACGCAGGCCGATGCGTGCATCGTCGACTGCGTGGCGGCGGATGGCACCTTCACCCATCGCATCGTGGCGGCGGCGCCGCACGAATCGGCGGTGACCGTACGCGCCATGTCGGAGCGCTTTCCGCCGGAGCAGGATGCGCCGTACGGGCCCGGCAAGGTGGTGCGCACGCGCGAGCCCGAGCTTTTGCCCGAGGTGACCGACGCCATCAAGGTCATCATTTCGCAAGATGCGGTGCACCTGGCCGAGTTGCGATCGATTCCGGCGCTGTCGTGGATGTGTGTGCCGCTGGTGTCGCAAGGGCGCGCGTTCGGTGCGGTGACGTTGGTGGCGAGCCAGTCGCGCCGTCGCTTCGACGAGGCGGACTTGGTCACGGCAGAGGACCTGGCGCGGAGGATGGCGTCGGCCGCGCACGTGGCGGACCTCTACGACATTGCGCAGGCCGAGCGAAAGAAGCTCGAAGAAGCGCACAAAGCGAAGGACGAATTTTTGGCGACCTTGTCGCACGAATTGCGAACGCCGCTCAACGCGATGCTGGGCTGGACGCAGCTTCTTCGCGGCGGCGATCTCGAAGAGAACGAGTTCGACCGGGCCCTGGAGACCATCGAGCGAAACGCCAAGGCGCAGGCCCAGCTCATTGCCGACTTGCTGGACGTCTCGCGCATCGTGACGGGCAAGCTCCACTTGAACATGGGTCGCGTGCAGCTTCCCGCGCTCATCGAGGGCGCGCTCGATGCCGTGCGCATCCAGGCCGACGACAAGGGCATCGCGCTGGAGTCGAGCATCGATCCGTTCGTGCCGGAGATCCGGGGCGATCCGAATCGGCTGACGCAGGTGCTGTCGAACCTTCTGTCCAACGCGCTGAAGTTCACCGGGTCGTCGGGGAAGATCGAGGTGCGTCTCGAGTCGGACGGATCGACCGCGCGCATCGTGGTGAGCGACACCGGGCAGGGGATTGCGCCGGAGTTCATGCCCCACGTGTTCGAGCGCTTTCGGCAAGCGGATAGCACGAGCACGCGCTCGCAAGGCGGGTTGGGGCTGGGGCTGGCCATCGTGCGGCACATCGTGCAGCTTCACGGTGGCGTGGTGAAGGTGACCAGCGACGGGAAGGACCGCGGCTCGACGTTCGCGGTGGAGCTTCCGATTCTGCCGTTCGTGTCGGAGGCGCCGGAGCCCGAATCGGATACGCGGCCCGCGGGGTCGAATCCGCCGTCGCGCGATCTCGACGAGCTTCACGTGCTCTTGGTGGAGGACGAGCCCGACGGGCGCGGGATGGCGCGGCGGGTGCTCGAGGGCGCAGGTGCGCGTGTGACGGCGGTGCCCACGGCATCGGCGGCGTTGAGCGCGCTCGAGGAGTCGAAGCCCGACGTTCTCGTTT
NZ_CP089982.1_gap54	2266095	2268674	2579	GCACCCGTACCGGGTGAGGCGTATCCGCCTCCGCCGGCGGTGGTCCCGCCGGCCGCTCCAAAGGAGGAGCCCCCGAAAGAGGAAAAGCAGCTCCTGCGCTTCTACGCGTGGATCAAGCCCACCATCGGTGTGGCCTCGGCGGCGGTCGAGTCGTTTTCGCAACCCAATGCGTCGGCGATCAGTGCGGCGGGGAACCCGGCGCTGGCATCGGTGCCCGACGATGCGCGGGCCACCTTTCAAGTGGCGCAATCCCGCTTTGGCGTCTGGATCAATGAAAAAGAGCCCGTACGCGGGCAGCTCGAATTCGACTTGGTCGATTTCACCAAGGCCTCGCCCACGGTGGCATCGGTTCCGCGCATTCGCATTGCAAAAGGCGAGTGGGCGCCGTCGAAGGAGGTGCTCCTGATTGCCGGTCAGGATTGGGACCTTCACGCGCCCATGGCGCCGCACGGCTACAACTTGGTGGGCGCCGCATACCTCGCCGGCAACACGGGGTTCATGCGCCAACAGGTGAAGCTTCTATACACGTTGCCCAACCTGGAGCTCGGCGCGGCCGTCGGCCTGCAGGGAAACAACAATACGAACCGCGACGCGGGCATCGAGCTTTCACGCATGCCCACCTTTGCGGTGCGCGCCGCGTACCTGGCCGGCGACGTGGGGCGCGTCGGTGTGAGCGGTATCGTCAGCCAATTTCGATTTGGCCCGGGCACGGACAATGACCATTACGTCACCGCGGGTGGCGGCGCACTCTATTTCGATTTGACGCCGGTCAAAGCTTTGAACGTGCGCGCGGAAGGTTACGTCGGTCGCAATTTGGCCAACCTCAGTCTCCTGGCGCTCGGCCAACGCGTCGGGGAGGACGACATCGACGAAATCGGCGGCTTCCTCTCGGCCAAGTTCAAAATCACCGACAGCCACGCCATCTACGCGCACGGCGGCACGGCGCAGACGTTGAAGCCCTCGAAGGTGTCTCCGTCGTACGCCTATCCCGCCGCAGGCGGGGCCGCCGCGTTGAGCGGCACCGGGCCGGGGCTCAAGTACAACATCACCACGCGGGTGGGCTACGAGATCCGGATATCCAAGTTCGCGGCGTTCTTCCTCGAGGGCTCGTACTACCGGTCCAAGTTTGCATTGGTTGCGGCCGATGACGGAAAGTTCGACTCTCTGCGGCAGGCGTTCGTGGGCGAGCTGGGAATGATGTTTACGTTGTAAACCGTGGAGTGGGGTGCGATCGCGCGGATCGCACCTGGCGGTACACTGCCGGTTGGTTCGTGGTGAAAGGCCTCCTACGTTTCGAATTGCGCGCGCACGCGCTGCATTCGCCCGGCACGGAGACCTTTCTCGCGGTATATGGCCTTGGTGAATCGGAGCCCGAAAGCCTGAATGGCAATCGGCCGGAATCGTTCACGAAGGCAGGTTTCACACTCGTGCAAGAATTACGACGATTGCTCACGGAACGGCACCTCGTTCGCGCCGGCAGCTCGCGCACGACGATCGTGCGTTGTACGCCCCACGACAGGTTTTTGCGGCGGCTCGCCGTTCCCGTCGCATTCTTCTATTCCAAGCCGCTCGATGCCCCGGCCCTGATCGAGGGGCTTGCGCGCGCGCTCGGGCAAGTGCCCATCTTCGCGGGCCGTCTTCGCACGACGGCCGGCGGTCTCGCCATCGTATGCGACGATGCGGGAGTGGCCTTTTCCACGGCCGACGTCAATCTCACATGTTCCGGCGCCATGGCGGCAGCGATGCAAACGGACGCGCCCTGGTTGTTCGAGCCGCTCGATGCCGAGGAAGCTTGCGCCGGGCGTCAACCGCTTTTGACCATTCGACTCTGTCGCTTCACCGATGGTGGGGCGGCGCTCGGCTGTTCATGGCATCACGCGGTTGGCGACATGCACACGTTCATGATCCTCATGCGCGCGTGGTCGGCCGCGGTGGCCGGTATGCCCATGCCCGAACCGCTCATCGTGGAAAATCGCACTTCGTACCTCCTCGAGCATCTTCCCGAGGAGGGCGCCGTTCGCCTTGCGTTTCGCATGTTGGAGGCACACGAGCTTTCGGCCCTCGAGCGTCGAGCCGCGGAGCCGGAAGGCGACGCGATGGTGCATATTCACTTTTCCAATACGGAGATTCAGCGCATGCGCGAGGCGTTCGGCGCGGCCACGGGGGAGCGGATCTCGGCCAATGACGCGATATGCGCACATCTGACGAGCGTGCTTCGTCATTGGGACGAGGAGCCATGCGAGCGGCGCGTGTCCATCACCGTCAACTTGCGTTCGCGGTTTGGGCTCGATCCAGCGCTCCTCGGAAATGTGCTCACCTGGATGCACCTGGCCTCGCCGGCCGGGGAGGAGCCGCCGCAATTGGCCGGGCGGATTCGGAATGCGCTCGCGCGCTTCGCAGAACGGCACATGGATTATCGAACTTCGTCACGCTTCCTCGGGGACCTTTCGGACGCTCGCCTCGCGCAATGCACGTTCCGGGCGCCCGGACATTTCGAGAGCACACTCCTCATCACCAACTGGAGCCACTTCGGTATGTACGATGTGGCGTTCGGCGAGCAGAAACCGGTTTTCTTCGCG
NZ_CP089982.1_gap55	2328519	2329469	950	CTGTTTGAACCGGTTTGCATCATGGTAGCGACAGCCTCGGATGAACTTGTGGCGTGCCAAGAGAGCCGAGGCCAGAATGCCGACAAGAGCAATTCCGATTCCAATCACGACAACCAAGCTCGCCGTAGATGTCCACGCGAAGCGCGAGTCTGCACGGCGACGGAATGCAGCGAGAAAATTCTCCATTGGAGGCGGCGCCGCTTTGGCATCGGCATTCTTGCGCGGTTCTACGAGGGCGTGCCCATCGCCCGAGACCACGAATACTCCGTTCTTCTCACGAATCTGGATTTCCTCGCGATGACGCTCGTACTGCGTGAGGAAGTCAAGGGATGTATCGTCGAGGACGATCCCTGCGCGCGGGCACACCTCGTCGTCGTCCAGACGGGTTGTCTCCCTGATGGGCTTGGAATTCCACGTCCGCACAGCGACTGAAATGCCGTAGCCACCGTCCTGGGGCGCGACGGGCCATGTCCGCCACCCGTCGGGCTCCGGAAGCGGCTCGAGCGTGGCGTGACATCGCACGACGGATCGAGAAGCCATGATGACAATGACGCCGATGAGCAGCATTGCCAATACGCATGTGCTCATGGCCCAGCGGCGAAGCTCGGTTTCTGCGTCGGTTCGTGGTTCCATCATCGCTCAAGAGGCTTCGGCCAGAGTCGCCCGAAGTTGCGTCCATTTGCGGTAGCCATCGGAGATTCGGACACTTCAAAATCGAGCGCCCCAACGACCTACCATTCGTGCCATCATCCCAACGGCACCTGGGAACCCTAACGTTCGAGCGCTTCTCTCTCTCGCAAAGACGCGGACCTTCGACTGGGATACGCTGCGAAGGAATGCGGTAGCAGCATTTCAAGCTCCCGCCTCTGCTCTGGGGTCAATAACGCCATGGTTAAACGATTTGTCGCGTCGAGGACGAAATTTCCAAAACGGCGCAGTGACGGCTCGTT
NZ_CP089982.1_gap56	2336979	2338021	1042	CGCGCCACGTTCGGATTCGGTGCTTTGGAGATTGACGAGCACCGCTTCGATGGCTTGCGCGCGGTCCTGATGCTCATTTGGCACGAGGCGAAAGAGGATGATCGCGGCATTTGCGCCGGTTGTTACACACATCCTTTTAACCTGTGTGATGAGAATGTCTTTTGAGACCTCTTCGCCTGTCGAAAAGGCGAATTTGCCTAGCAACTGATGCTTGTAGCCTGGCTCTACTTCGAGCGTGGACTGCGAGATGCGGATGCCCGGTGGCAACGACTCCTGAAATAGTCGGATCGGTGCCGCGTCTGGATTCGCCGTGGCGGCCCTTCTTACGACCTCTTCGTCCACGGCTACCGGATGATACTCTCCGTAAGCGCGATATGAATTGATGGGGTCTATGTGCATGAAAGGGCGGCCGCACCCAAAGGCCAAGCTCAGGGCGGCGACCAGGCACACGACAAAGGTCCGGCGCCCAGATGCCGCGCGGACGAATCCAAACGAATCGATGCTTGCTGATGAGGACGGACGGCTCATGCCTCGACCATCGGCCGGGTCCGCACGTTCGTTGCCTGCCGTCGATCGTATATCGCTTCTTTGCGTATCGCTTCAGCCATGAAGAATCTGCTCGAGGTGAAGCTATTCGTCCCGATCCTCAGCGCGAGCAACGGTACCTGTGCCGTCGATTACCAACAGATGCGGCAGCGTAGGCGCGAACCGCTGCTAACCCTGCATCAACACCGATAAGAACCCCTCGCCATAATCGGCAATGCGCGAGGGCCCGAATCCGTGGATGCCCGATAGCTCGCCCAGTGTTCTAGGCTTGATGTACGCCAATTCAACCAGGCTGCGGTTCGGTGCCACCACATAGGCCGGCACTCCGCGCTCTTTGGCAATCTCGCTGCGATGTGCGCGCAGTCGCTCGAAAAGGGGGCGCGCGGCGTCGTCCACTTCCGCCACATCCGCCGCGGCCGCAACTCCGCGTGACGGCTCCTTCGCCTTCCGCGCTTTGCGACCCACCGGTGCCGTCTCCGGTGGAAGCGCGATCCTC
NZ_CP089982.1_gap57	2339778	2342164	2386	CGGGCACGCCAAACCCGAAGCATGCGCCCAGGTGTTCTCGATAGAACGCAAACCGTTGCCGAAATCCCATGCGCCGCAGCCCGAACGGATAATCCAGGAGATTCCACGACGCGAGCAGCGCCGAGGCCACGAGCTTCAGCGGCCACGTCACCACGACGGCCGGTGGAAAGAGCAGCTCCACCAGCGACAGCGTGACGAAGACCGGCACGCCGATCGCCAACGTGACCAGCGTGATCTTCAGCGACCGCCGCACGGATTCGAAAAACGGCGCATCGGCCAACGGCGCACGCCCCGAGGCTGCCTCTTGCGCCCGCACGATTCGATCCAATGCAGGCCCCGAAAGCGGCTGCGCGAGGCTGCTCGACAACAGCATCGCTGCGCCCACCACGAGCACGTACACGATGATCCGCGTCGCAACGTAACCGCCGCCCTCGTGCGCGCTGCCGAAGGCGTCGAAGATCGCATCCACGAGGTCCCCTGCTGCCCAAATTCCGAGCACGGCGAGCACCACGGTCAGTGCGCACGCGGCCAGCATGGGCACGGCGGCGTACGGCCACACCGAGGGCCGCGTGACGATGAACCCGAACCCCTGAAAAAAGGTTCGAAACCCATCGGCCCATCCCAATCGCTCCACGCGCTCCACGGTGCCCAACGTAGCCACCTTCACCGCGAAGGTAAGGTCGCCCGCAGCTTCCCCTTCTCGAAGACCCACATTTCGCCGGAATTTCCCTGCACCCAGACTTCATCCCGGGTCAGCGGCTGCGTCGCGATCACGGCGACGCGATCGCTCGGCGTCGTCACCTGCGAGAAGTCCACGCACAGGTCGTCGTCGGCCAAGGTGGCCTGCCGAAACGGTGCCTTGCGGATGATGTAACTCAGCTTGGTCGCGCAGCGCGCGTACAGATGGCGGCCGTCGCCGAGCAAAAAGTTGAACGTGCCCTCGCGACCAATGCGTCCGCCGAGCTCCGCCACCTTTTCCCAGAGCGCGTGCTGCGAGCGCGGATACCCCTCCGGAAAGGCCCGATCGAGCAAATGCAGCAGCGCGCAGAACGCGTACTCGCTGTCCGTGTCGCCGATGGGCCGGAATCGCCCGATGGGGTGCTTGCGCACGCCGCGCACAGTTCCATTGTGCGCGAACACCATGTGGCGGCCCCAGAGCTCGCGCACGAACGGGTGCGTGTTCTCGAGCGAGACCCGCCCGCGCGTCTTCTTGCGCACGTGGGCGATGGCCAGGAGCGTCTTGATTGGATTTTTGCGCACGAAGGTGGCCAGCGGCGAGTTGGCCGCGGCGGTGGGCTCCAAAAAGCTGCGCACCGCCTTGCCCTCGTAGAGCACCAGCCCCCACCCGTCGGCGTGGGGCCCTTTCAAACCGCCACGAAGCGCAAGACCCGAGAACGAAAAAACGATGTCGGTGGGGACGTTGCACTCCATCCCGAGAAGTTCGCACATACCGGACGAGGAGGACTTTACCGCAATCATCGTGCTAAATGCGCACCGTGGTCGCATCCCGGCAGAAAGACGCGGAGGTCGCTCGTTCGGCGCCGCCGTCGAGCCCCGCGGGGGCCGTTTCGCCGCGGGATCGGCGGGCCGTGGTTCCGCTGTCGGATGTCGAGCTGCCCCGGCTGTCCATGGCCCCGGTGGCGCCCGAAACGGCACGGGGAAGGCGCATTGCCCTCACCGTCGTGGTGGTGCTCACCTTCCTCACGGTCGCCTGGATCGCCTCGCCCCTCTGGGTCGGCATCGCCCTGGGCACGGTGATGGCCTTTACCGCCCAACCCGCTTACCGCCGCCTGGCCGTCGCCATCGGCGATCGCCGCGCCATCGCCGCCGCCCTCACCACGGTCATCACGGGCATCGTCAGCGCCATCGCGCTCAGCGCGGTCGTGTACATCCTCGTGCGGGAGCTCTTTTTCCTCGTCTCCATCTTCCAGCACAAACTGGGCAGCGACTCCTTGACGGAGCTGATCGGCGAACGCGCGACCCGGCTGTTCGACCGCCTCGGCATCGACCGCGGCGTCGCCATCACGCGCCTCCGGCACGAGCTCACCGCCGCCAGCGAATACGCCGCGCGCGCGGCCGGCACCCTGGTCCAGGCCACCACCAGCGCCATGCTCGGCTTGGTCGTGGCGGTGATGACCATGTATTACGTGCTCCTCGAGTGGCCCAACATCGCCATCCGCCTCGAGCGCGTGCTCCCGCTCGATCCGCGGCACACGCGGGCCTTGGTGCTCGAATTTCGCGACGTCGGGCGCAGCTCCTTCGTCGGCACCATCGCCACGGCGGCCGTGCAAGGGCTGCTCGGCGGCATCGGGTACGCGTGGGCGGGGCTCTCCAGCGCCGTCACCTTGGGCTTGCTCACGTCCATCGCGTCGTTCGTGCCGCTGGT
NZ_CP089982.1_gap58	2424889	2426423	1534	GGCCACCGAAACCGGCCTGGTGACCTTGGCGAATCCGCAGGATCTGCGGGCTGCGCCCGGCACCATCGGACAGCCCATCCCCGGCAACGACATTCGGCTGCTCGACGACGCCGGGGTCGAGGTTGCACGTGGGGAAGTGGGGGAGCTTTACGTCAAGAACAAGCTGCTCGTGGCCGGCTACCACAAAGACGACGACGCCACGGCCGCGAGCTTGCGCGACGGCTTCTTCAGCGTGGGCGATCTTGCGCGAAAAGACCGCGACGGCCGCTATTTCATCGAAGGGCGCAAGCGCGACATGATCATTTCCGGCGGCGTGAACATTTACCCGGCCGAGGTGGAATCCGCGCTGGAGGCACACCCCGATGTCGCCGAGGTGGCGGTCGTCGGGGTCGAAGATGCCGAGTGGGGCGAGAGGGTGCGTGCATTCGTCGTGGCCAGGCCCGGCAGCCAGCTCGATGACGCGTACTTGAAAACGTGGACGCGCGAGCGCCTCGCAGGGCCCAAAGTTCCGCGCGATTTCGTGTTTCTCGACGCGCTTCCGCGCAACGCCACCGGCAAGGTGATGAAGCGCGACCTCCGCGTTTGGCGCGCGTAACGTCAAAACAGGGTAAGCTCGTACCTGCCGTATGCAGGTGGGCGCCGTTCTAGGTGACAAGTACCAACTCCTGGCCACCATCGGCCGAGGAGGGATGGGCGAGGTGTTCCACGCGCTGCACATTGCCTCGGGCACGAACGTCGCCATCAAGGTGGTGAGCCGCGCCATGATCGGCGATTTGCTCATGGCCCGCCTGGAGCGCGAGGCGGCGGCGGTTGCACGGATCCGCAGCGACTACATCCCGCAGCTGCTCGACGTGGACGGCACCGAAGAGGGCGAGCTTTTCCTGGTGATGGAGCTGCTTCACGGCGAATCGCTGTCGGAGCGCATGAAGCGCGCGGGCGGGCCGCTCCCCTGGGACGAAGTGCACGCGATGGGCGACAACGTGCTGCGCGCGCTCATCGACGCGCACGCGGCGGGGGTCGTGCATCGCGATTTGAAGCCGGGAAATATTTTCATCGAGTATGCAAACGACGGTACCCAGCATGCCAAGGTGCTCGACTTCGGCGTCTGCAAGCTGGATCTCCAGGACGCGGAAAAGCTGACGGTAACCGGCGAGTCCGTGGGGACCATCGCGTACATGGCCCCGGAGCAGATTCGCGGCGCCTCCCGCGTCGACGAGCGCGCCGATCTGTATTCCTTTGGCATGGTCATTTTCGAGGCGCTCTCGGGCCGCATCGCCTACGACGCCGCGGGTCAAATGGCCATTTTGGCGAGCAAGCTGGAACGCCCCGCGCGCAGCCTGAAAACGGTGACGCAGGTGGCCATTCCGTTGGAGCTCGATGCGCTCATCGCGCGGTGCCTCGCGCGCAAGCCCGCGGATCGCTTCGGCAATGCCGTGGAGCTTTTGCATGCGTGGCATGCCATGGGCCCTCCATTGCAGCCGCCGGCGTCGTTGCCTTCGGTGTCCGTAGGCTCCACGGGCTCGCTGGCCTTGCC
NZ_CP089982.1_gap59	2536640	2540422	3782	TCGTGATTGCCCACCAGCGCGATGAACTCGCCCCCTGCTTTCTTCGCGTCGCCTTTCAGCTTCTCCACGAGATCGAGAATCTTGCGGTCGTCGTCCCCGCGGTCGATCTCGTCGCCGGTCTGGACGATGGTCAGCTTTCCACCGATCCACACGTCGTTCGCATCGATGGCGCCCGCGAGGCGCAGCACGCGACGCGTCTTGTCCAAGTCGCCATGGAGATCGCCAATGGCCACGATGCGCGCGGGAGCCTCCCGCGAGATGCGGCTCGAAAGCGGCTTCGGTGCGGCGTTCGCCGGGGCCGCGTGCGTCGATGCCGCCGCCGACGCGACCTGCTGCGCCGGCTCCGGCTCGTGCACCTTGCTGCGATCGCAGCCGGCCGTTAACGCCAGCGCCGCAAAAACGAGGGCCCCTAGGCCGGGTTGGCGCGTCCGTTCAATTTGTTGGCGGCGCGCTCCTGCGGCTTCGGCTTGCCCTTCACCAGATGAAGGCCCTTCTGGCCGAGCTCGTAATCGGCAGGTTCGAAGCGGCGGGTGCGGGCGCGGAACGCGAAGGTGAAACTTGGCCACAATGTCGTATTTTTGCCGTTCTCGTTCAGGTACCAGCTTGCGCATCCCGTGCTCCAGACGGATCCCTTGAGTCGATTCTGGAGGCTCTCATTGTATTTCTTCTGCAAATCTTCACGTACGTCGACGAAGGATAGAGAGCGCTCTCGCATCAGTTTGATGCACTCCATGACGTAGTGCACCTGGGACTCGATCATATAGACCATCGAGTTGTGACCCAGGCCGGTATTGGGGCCCGTGAGGATGAATAAATTCGGGAAGCCCGAAATGGTCGTCCCCAAGTAAGCTTCCGCTCCATCTTTCCATGCGGTGGCCAGATCGATGCCGTTGCGCCCGCGGATGTCGACCGGGCCGATGTACTCGTGGACCGCGAAGCCGGTGCCGTAGATGATGGCATCCACGGGGATTTCGCGGCCGTCATCGGTGACGATGGAGTGCTCCTTCACCTCGGCGATGCCGTTGGTGAGCACGTCGACGTTGGGCTGGTCGAGGGACTGGTAGTAATCGTTCGACATCAAGATGCGCTTGCAACCGGGGGTGAAGGCGGGGGTGACCTTCTTGCGCAACTCGGGGTTCTTGATGCTGCGGCGAATGTGCGCCTTGCCCATGCGGGCCGCGACCTTCAGCATCGGCGGATAGATCGTGAAGCCGAAGGCGCGCCACTCGTGCTGCCAGTAAATCTTTTGGCGATAGAGCCAGCGGATGGCCGGCACCTTTTCGAAAAGGAACTTCTCCGCGGGATGAAACGCCCGGTCGGGCCGGCGCAGCACCCATGGGGCGGTGCGTTGGAAGAGCGTGAGCTTCCCGACCTTGGGTTGGATCTCCGGAATGAACTGGATGGCGCTGGCGCCCGTGCCAATCACGGCGACGCGCTTGCCGGTCAAGTCGTAGTCATGATTCCACGTGGCCGAGTGGAACTGCTCGCCGCGGAAGCGCTCGCGCCCGCGCAGTTTGGGGTACGCCGGATTGCTGAGCCCACCGGCGCCGGCCACGAGAACATCTGCGGTGATTTCGTGGCCGCCCTCGATTCGGATGCGCCATCGGTCGTCCTCGAACGCGGCGCCCACCACCTTGGTGTGGAAACGAACGTGCGGACGGACTGCGTACTTATCGAAGCATCGCTCGAGGTAGGAGCGGATCTCCGGCTGCTGGGCGTAAACGCGCGACCACCGGGCGCTCGGCTCGAACGAGAGCGAGTACAAGTGCGAGGGCACATCGCAGGCGCAACCGGGGTATGTGTTGTCGCGCCAGGTTCCACCGATGGCGCCGGCGCGTTCGAGCAGCACGAAATCGTCGATCCCCGCTTCTTTGAGCTTGATGGCCATGCACAAGCCCGAAAAACCAGTGCCAATGATCGCAACGGTGACATGCTGACCCATGTCCATGAGTGTACGTCCTATTGACATGGAGTCAATAAAGCGTAGGAAAGCTCTATGAAAACGGGTATTTCTGCTGGTTCTGCCGGTTCCTCTGGCTCGGCGGCCAAGACGAGTGGCCGCGCCCGTCCGGCGAAGGGAAAGCGCGAGGCGAAGGCAGCGCGCCCCCGCGAGCGCATGAGCGTCGACGAGCGGCGCGAGCAGCTCGTCGCATTGGGCCTCGCGGCCTTTTCCGCGCAGCCCTACGACGAGGTTTCCCTCGACGAAATTGCACGCGCCGCCGGCGTCTCCCGCGCGCTCATTTTTCATTACTTCCCCACGAAGCGCGACTTCTACATCGCCACGATGCAGGCCGCGGCGTCGGAGTTTCTCGCGGCCACGGTGGAGGAGGCGGGCACGCCGCTCGAGCGGTTGCACCTCGGCCTCGAGGGTCACTTCCGCTACGTCGAGGAGCACGCCTCCGGGTACTCCGCGCTTTTGCGCGGCGGCATCGGCAGCGATCCGGAGATTCTGAAGATCGTCGAGCTGACGCGAACGCACATTCTCAAGGTGATTCTCGCAGAGCTCCCCGAGGGCGTGCGCTCCACCCCCGTGATGCGCTCCGCACTCCGCGGTTGGATCGGTTTCGTCGAGGCCATCGCCCTCGACTGGATCGACCACCGCGACGTCTCCAGCGCCGAGCTAAAGACCGTCGCGCTGAAAACGCTGGCCAACCTGCTGGGCGAGCACGCCGCCCGTTTTTCGTGAGCAGAGATTGAACAGGGAGGCGGGGAGGCGGGGAGTTTTTTTTGTTGGTTCCCGTGGTTTTCAATGAAACCAACCGTTGCCGAAACAACAAAAATCTCCCCGTCTCCCCGCCTCCCTGTGAATTCTCTTACTTTGCGGCGCCGGCGAAGCGCTTTTTCATCTTCGTGAAGATGCCGCCGGAGGCCCAGTGGAAGGTTTCGGGGGCGGTGCGTTTCATGCGCCAGAGCCAGCGGCCGTTGGCCATGGGGACGGCGTAGAGATGCTTCTTTTCCACGGCGTCGAGCGCGCGGAGTGCAACGTCGTTGGCGTTGAGTTTTTCGCGGTCGAGAAGGCGCTGGCCGAGGTCGCGTTCTTGCGGGTTGGTGAGGCGTGAGTTCTCGATGATGCCGGTCTTGAAGAACATCGGACAGAGAACGGTGACGCCGATGTCGAACGACCCCAGCTCGGCATAGAGCGTCTCGGAGAGGGCCACCACGCCCGCCTTGGTCACGTTGTACGGGCCCATTTGCGGGGCGCAGAGCAAACCCGCGGCCGAGGCAACATTGAGGATGTGGCCCGAGCGGCGCTCTTTCATCTTCGGCACGAAGTGATGGCAGCCGTAGACGACGCCCCACAAATTGATGCCGACGATCCACTCCCAATCGGCCAGCGGCACTTCGCCCGTCGCGCCTGCGGTGGCCACGCCCGCGTTGTTCACGAGCAAGTCCGTCCCGCCGAAGCGCGACTCGGCCTCGGCGGCGAGCTTCTCGACCTCGTCCGACTTCGCCACGTCGACAGCCACGGCGATGACTTCCGAGGCGCCCGCATCGCGGGCCAAAATCGCGGTTTCCTCCGCGGTATCTTTGCGTAGATCCGCGACGAGGAGGCGCGCGCCGCGTTTGGCCAATTCGATACAGAGCGCGCGACCAAGGCCGCTGCCGCCACCAGTGACGACCGATCGAGGTTGTTGGGGAAGGCTCATCGTGGAGCCGATGCTACGCACGCCTCTTCGTGCTGGTCATTAGAAAATTTCAGGGAGCCCCGGCCGCCCCAGGACCCGCTTGCGGGGCCGCTCCTCCTGACAGTACGCGAAGACGCTGTTTTACCCCGGGATTTT
NZ_CP089982.1_gap60	2602937	2604962	2025	GCGATGCCGAGCGACTCGCGAAAGCGCTGGTGGCGTTCGCGCGCGCCGGGGTGCTCGATGTCGCGCAGAAGCACGCGTTCGACGAGTGCGAGGGCTGCGCTCATGTCGCTGCGCTCGGCCTCGAGATCCGCGCGCAGCATGAGTGCGGCCGCCGACGTGGCATCGCGCAGGAACGCGATGGCGGCCGTGGTCTCGCCGCGATCGATCATCGCGGAGGCGGCGGCCACCAGGAGCGGCTCGGGCAGCGGCAACGCGGCCTGGCGAAAGGTGAGCTCTTCGAGCGCGCGCGATTCGTGCGGCGATCGGCGGATCCTCTGGAAGAGGGACATCGCTTCCTCGAGCGAGGGCCCGTTGGGCCGGCCGACGTCGAGCAAGCGCGTGACGTCGGGGTGCGGGTAGGGGCGGCGGTTCACGTCTCCCCCGCGATCTCGAGCACGCAAGGCCCGCCGCGCGTGCGCGCGATGCGATCGCCCGCGAGCAAGCTGGCGCGCGAGGCGAGGGCGGCGTCGCCCAAAAAGGCATTGGCCCCGCTACTGACCAACTCGAGCCATCCGCCCGGGCCCATGTCGAGCTGCCAATCGGCGACGGGAAGGGGCGCGGCGCCGAAGGGCGCGATGTAGCGCCGGCCCGCGACCTCGATGACGATGGCGCCGGCGATCTGCGTGCTCGGTGTCAGGCGCACGGGCACCTCGTTGCCCAGGTGCAGCTCGAGGCCGGCGCCCATGGATAGCTTCCCCGCGGCGCGCATTCCGCGAAGGTACGTGCCGTTGCGGCTTCCCAGGTCCATGGCGAACGTCTCACCATGCTTGCCACCCTCGCGCACGATGCGCAGGTGGCGGCGGCTCACGGCGTGCGAGGCCACGGCGATGTGCCCCGTCTCGGGCCCGGTGGCGCTCATGGTGGGCTCGGTGCGTCCGAGTACGATCTCCTGGCCGAACGCAAAGAGGAGATCGCGCCCTTCGAGGACCACGCGCAGCACCGAGCCGCGCGTGCGGCGAGCGCGAAGGGCATCGCACCGCTCGCGCAGAAGGCGGTCGTCGGGATCCGTCTCCAGCCAGGCTTGGCCGGTGGCCAGCGCTTCACGGCGGCGGCCGCCCGCGATCAGCATTTCCACCTCGGCGGCGGTTTGCTGGCGCGCGCGTTCGCGGCGCTGGCGATCTTGTTCGCTGGTGAGCAAGCTCTCGAGCTTGTCGATTTCGCCGGCTTGGGTGAGCGCCCGGGCTTCGCCCTCTTCGTCGTGGGCGAGGCGGTAGCCGTCGGCGGCCTTGAGGGGCTCGCCCAGCTCCTCGAGCTCGCGTGCGGCCGCGAGCAGCTCCTGCCGCAGCGCGGTCGAGAGTGCGCCGTCTTTGGCCATGGCCAAGGTGAGGAGCGCATGCTTGCGCCGCGCCTCCTCGCGCACGGAATGCCCTTCGGGGGCGATGCTCTTGGCCTGGAGATAATGCTGCCGACGCGCCGTCGGCTCGAGCTCGGCATCGCCGCGAAGCAGCATGACGCGCGCCGTCTCTTCCGGCTGGCCCGCGAGATCCCAGAGCTCCGCCGCACGGGCCAAATCCCCGCGCAATTCCGCGCGGCGCGCCACCTGCGCATAGCCACCCTTGCCAAAGATCCGATCGAAGACGCCCACGGTCAGACGACTATACCGTCCACGCGCACAAACCCCCCACAGCGAACACCCTTACCGATGAATCGGCGCTCAATCTGCGCCGTCTCGGCCTCCCTCGGCATCAGCGTAGGTTGCAAGCAGCACCAGGGGGCGGAAAAAGCATGATTGGGTTCGAGACGATTGGAAACGCAACCGTCACGTGCATCGACGACAAGCCAATTTTGACGACGGATCCGTGGATTTGCGGCGACCCCTACTTTGGGAGCTGGGGTATGCGCAACGAGATACCGCGTGCGCAATTGGAGCACATCTACCAGGCGGAATACATGTGGCTCTCCCACGGCCACCCCGATCACGTGCATGCGGCCGCGCTGGATCGATTGGCCAACAAGAAGATCCTGCTGCCGAACCACGAAGGCGGC
NZ_CP089982.1_gap61	2610486	2615405	4919	CTTGTGGTGCGCGATGGCCGACTCCAGGCGCTCCAAGCTGTCTTCGCGCTGGCCGCCGCCGATGATCTCGCCGTAGCCCTCGGGCGCGAGGATGTCCATGTTGAGAACGAGCGACTCGTCCTCCGGTGCGCGCTTGAAATAGAAGGCTTTGATGTCTGCCGGGTAGCGGTGCACGATCAGCGGGCGATCGAACTTGTTCGAGATGATCGTCTCCTCGTCGCCGCCGAAGTCGTCGCCGACCTTGGCCTCGGGGTGACCGTTCTCTTGCAAGATCTTGATCGCTTCGCCGTAGGTGATGCGCGGGAAGGGCGTCTTCACCTTTTCCAGGAACGTGGTGTCGCGCTCGCAGATCTTGAGCTCTTCGCGCCGCGTCTCCAGAACGCGCTCGACGATATAGGTGATGAAGTCCTCGCCCAGCCTCATGTCGCCTTCCAAATCGAGGAAGGCCACCTCGGGCTCGACCATCCAGAACTCCGCCAGGTGGCGGCGCGTCTTCGACTTCTCCGCGCGGAAGGTGGGGCCGAAGCAGTACGCCTTTCCGAAGGCCGCGGCCGCAGCCTCCATGTAGAGCTGCCCGGACTGCGTCAGGTACGCAGGCTCGCCGTGGTAGTCGGTTTCGAAGAGCGTGCTCGTGCCCTCGCAGGCATTGGGCGTGAAGATGGGCGCGTCCACCAAGGTAAAGCCGCGGCCATCGAAGAAGTCGCGCACGGCTTTGATGATCGTGTGCCGGATGCGCAAGATGGCGTGCTGGCGCTTGCTGCGGAGCCAGAGGTGCCGATGATCCATGAGGAAGTCGGTGCCGTGCTCCTTCGGCGAGATGGGGTACTGCCGCGCCACGTGGGCGACCACGCGCACGTCCTTGCCGTCGATCTCGTAGGTGCCCTTGATCTTGCCGTGCTCTTTGACCAGGCCCACCACCTCGAGGCTCGACTCCTGCGCGAGGCCTTCGGCGAGCGCGAACAGCTCGGGGGTGACGTTGCCCTTGAAGACGACCGCCTGCACGATGCCCGAGCCATCGCGCATCTCGAGGAAGTGCACGTTTTTACTCGAGCGCTTGTTGTAGAGCCATCCGCGGACGGTGACGTCCTGCCCGACGTGGGAGGAAAGATCGGCAATGGCAACGATGGGCGTGGCGCTGGGCGACATGGTGCGCGCATTATAAGGAGCGAGCATGCCGCCCGCGCAAGGGCCGAAGCTATGTCGGCTATGACTCGGCGCGTTCGAGCCGGGCGCGGCGCCGGGCCTCGCCTTCGGCTTGCGACTTTTTTACTTCTTCTGTATCGAGCAGCAGCGGTACCACCGGCGTGGGGGTCCCCGCATCGTCGATGGCCACGAACACGAGGCGTGCACGTACGCAGGGCCAGCGGCGCAGGGTGCGCGAATCCTCGCCCTCGACCGAGACCTCGATTTCCATCGAGGTGCGGAACGTCGCCGTCAGCCGCGCGCGCAGACGCACCACCTCGCCGACCTTCACCGGCTGGTGGAACTTCATGTCGTCGATGAAGGCCGTGACCGCCATGCATCCCGAGTGGCGTTGCGCGCAGATGGCTGCGCACAAGTCAATCCAGGCCATGATTTGCCCGCCGAACACGTTGCCCAGGGCATTGGCGTGCTGCGGAAGGACGTATTCGGTCATATCGGTGACGGAATCACTCTGCGACTTGGACGAGATCACGCTAGGTTCGCCTTTCTGATTTGAACCGCACGATGCCTTCGAAGCCGCTCTCTGGCAAACGCTTGGTGCTCCTCGGCGCCGGCGTGATTGCCGTTCTTGCACTGGGAATCTTTCTCGCGTTCGCCTTCATCGGGCGGAAGCAGCTCGTACGCGCCTCGTTTCTTTCGGAAGGACGAAGGCGCCTGGGCGATTTCGGCGAAGGGCTGGCCCATTGCGCGGTCACCGCGGGACTTCCGCCGAGCTCGCCGCTGGTGCCTGCCGAGTTCGACCAGCTCAAAGGACCTGGCTACCAGTCGACGCCGCAGGATTGGGCCGCGGAGGCATTTCGCTGCGCGCATTTCGCACCGACGGATGCCACGAGCCATTTCCAAATCGGTTGGAAGCGTCACGATGCCGAGTCGGGCGAGGTGCAGGCCTTCGGCGACGTCGATCAGGATGGCCGCGTCGACACGCGCATGACGGCACCCGTGAAGTGCACGTTCAAAGAGCCCTCGGTCATCGAGAAGTGCGGCATCGGCCCCGTGCAAGAAGAGGCCATCGGCGCGGTGGAGCGATAGCTACAGCCGATACTCGAGGGTCTGCGGCTCCTCGGGACTCGTCGTAGGAGGCCCTGCGTCGGCTGCGATCTTGACGCTGGCCTTCTCCGCTTTCGGCCGGTGCGCCGGCTCCTTTTTCGCCACCGGCTCCGCCGATGCGATGGCCGCCGGCGGCGGCTCGACGATGGGCTCCACCACGACGGGTTCCGCTGTCACCGGTGTCGACGCCGTGGCCATCACCGGGGCGCGGTGCTCCGAAACCGAGGGGCGCACCAGGCCCATGATGGCCACCGCCGTGAGCACCGAAATGGCGCCCCCCACCGCCGCGAGAAGCACGTGCGGCGAGAGGCCCGGGCGCTTGCGCTCCCCGCTGTCCGTCAGACCGAAGGTGCCCACCGTCGAGCGCAAGTGCGGCTCCACCTCGGGCAACGTCGCCACCATGCGATGATCGCGGTACGAGCGCCGGCTCCTGCGCAGGAAATCCGACGTCTCTTCCGGCGCAGCGGCCGAAGGCGCCGGAGCGCGTAAGCTGCGGCGTTCGATCACGCGCGAGGTGCGCTTCACCGAGATTGCCCCTTGCTCGGGCGCGAACGGTGCCAACGCCTGCGCAAGCTCGGCCACATCGGCAAAGCGCAAGGTGGCCTCCTTCTCCAGGCAGCGCAGCACCACCTCCTCGAGCCCCTTCGGAAGATCCGGCCGGTGCGCCGCGAGCGATTGCGGCGGATCGGCCACGATGGCCGCGCACACCTCCGTCAATGTCTCCCCTTCGAACGGGGCCACGCCCGCGAGCAGCTCGTACAGAATGATGCCCAGCGACCAGATGTCCGCGCGAAGGTCGGCCGCCTTTGCCCCGCGCATCAACTCCGGGGCCATGTACAGCGGTGAGCCCATGAGCGACATCGTCCGCGTCACCCGCGGATCGTCGTCCCTTCCCATGCCGCGGGGCAGAAGCTTCGATACGCCGAAGTCGAGAATCTTGATGCGCAGCGACCCATCGGCACGCTCCGCGACGAAGAGGTTCGCCGGCTTGAGATCGCGATGCACGATGCCGTTCGTGTGCGCCTCGGCCAACGCCTCGCAGGCTTGCAGCACGTAGGTCACCGCATCCGCCGCGGGCAGCGGGCCCTCTTCGCGAAGGGTTTGCTCCAGATCGCGCCCCTCGAGGTACTCCATCACCAGGTAGGGTGCGCCGTTGTCGAGTGTAGAAACGTCGAACACCCGCACCACGTGCTCGCTCTGAATGCGCGCCGCCGCCCGCGCCTCGCGCGCGAAACGGGCCACGGCTTCTTCGCTCTTCAGGGCTTCACCGGCCAGCACCTTGATGGCCACCCGCTGTTCGAGCTGCAGGTGCATCGCTTCGAGGACGAGTCCCATCCCGCCTTCGCCGATGACCCGATCCATTCGATACTTTCCGTCGATTGTCTCGCCGAGAAGTTGGCTCATGGCACGCACACTTGCGGAGTCACTTCACCGTCGCCCGCGTCCATGGGCGCGGCGCAATGTCCATTGCAACAAGCTTTGGCCCCCGGCGCCAGATCGCAAGGCTGGCCTTCCTTGAGGCAGCACTTATCATTTTTGCACTCTTCGGTCGCCGGGCATTGATTGACCGTGGAGCAATCATAGATGCGACCGTTGCATGCGTCGATGACGAGTCCATCGCACTTGCCGGCGCAGAGCTGCTCGCGCGTCCCGGGTGTGCAGCAATTACCGGCGGTATCGCCGGACTTTGCCAATCTGCAAAACTGATTCGCACCACACGTCCCGCAGGACTGCTTGGCGCATCCATTGTCCGCATATCCGCAATTCTTGCCATTGCACGCTAGAGGATTGGGAACGCAGTTGCCGCAAAAGCCAGAGAGTGTGTTGCATACAGTTCCCGTGGGGCAGGTACACGTCTGCTCCACGCCGCAGTAGTCGATGCTCTTGCCGCAGCGACCGGTGCACCAGTTGGGGGCCGTGCATTCACAAAGGTGCTTCGGTTCATTGCACACGCCGTTGCCTGCGCACGTCTTCCCGCAGTCGACCTCATTTCCGCAGCTGTCCATGAGTTTCCCGCAACGGCCGTTGCAGAGATTCGGATCGGGCTTGCCCGCATCGCAGCCCGCGTCGGAGCTGCCCATGACGTCTTCCACCGGCGTCGCATCCTCGGACGAGCCAGCATCTTCGTACGGCTCGCCCTTTTCGACCCCCAGGATGGTCGAACAAGCTGCCAGGACGACCAGCGCCATGCAGCCACACGTTGCATACGTGCCCCACGTGAGGCGCGCTGTCACGAGACGCCTCCGGCGCAGATGGAAACATCAGGAAAGATCGGTAAGTTCGCCCCGGACTCGGCTGAGCACTTGCGAGAAGGTCCCCTCGTCGACATAAGCTTTCTCCGCCTCGACAAGGCGCAGAAGCAATTTCTCGTCCGCGCGCCCGGTCACGATGCGGAGCGTGTGTGCGTGCTTGCTAACGCGCGCGCTTGAGGATGCGGGTGAGCGCATCGCCTGCGGCGCGCGCGAGCTCGTCGATGCGCTTCGTGCCGAGGGCGGTGTCCCCGAGCTCGTCCGCCAGGACCAACATCGTCGATTGCCCCTTGAGACGTACGGCGGTGATGGCCACGTCGCGCGTGGACTTGCCCATGACCTGCAGCAGCGGAGCGTGCGCCTCGTTGTTGTAGATGGGCCCGAGGTAGCGCCCCGATGCGGCTGCGTTGGAGAGGGCAC
NZ_CP089982.1_gap62	2704876	2706478	1602	CCAGGGAAGCCGCCGACTTCACGCGCCATGTCCTTGTAGAAGACGGCGCCGCGGCGGGTGAGAAGGTCGCGGATGCGCGCGTGGACTTTGCCCTCGCACGGCTTCGACGGCAACGCGAGCAGCGATTCGTTCTCCGCGAGGTAGAGCGCGATGCGGCCGTCGCTCTGGCTCTGGCCGGAGGCCTCGATGCCCGCCCAGGTGACCTCGCCCGAGGCGCAGAGTGCATCGAGATCCCACGGGCGGAAGCCTTCCACGCGCGCGGGAAGGATTTCGCTCTCGAGCACCGACGCCGGAAGCGGGCAGCCTTCGAGCTGCGCAATGGCGGAGAGCAGTGCCTCCGGTCCGCGGCGCCGGCGCCCCACGCCCTGCCATGCGGGAAGGAAGCGCCCGAGCGCATCGGTGTCGACCGGCTCCACCTCGCGCCGGAGCCGCGCGAGTGCTTTGCGCCGCAAGGTGCGCAGGACCTCGGCGTCGCAAAACTCGTTCGTGTCTTCGCGCCCCACAGTGAAGGCGCCCTGCACGATGCGCCCTTCGGCGATGAGCCGCTCCAAGGTCACGATGGCGACGGCGGGCCCCCAGCCGAGTCGCTCGGCCACGGCCTCCGCGGTGAAGGGGCCGTGCGTGCGCGCGTAGCGGGCCACGAGATCGCCCACGGGATCACCCACCGACTCGAGCAGCTCGAATGCGATGCCCCGCGGCAATTGCGCGCCCACGGCATCGCGCAGGCGCGGCGCATCTTCGATGGCCGCGTAGCGCTTCTGGCCTGCGATTTCCACGGAGATCACGCGGCGCGTGTTCACCAGCTCATCGAGCCAATCGGCGGCGGGTGCATCCGGATCGAGTCGGGCGTTCACCTCGTCGAGCGTGAGATCGCCCACGGCGAGGAAGAGATCGTGCAGCCCATCGAGATGGCGCACCGGGTAGGTGAGGTGCTGCAAGAAGCGCTCGTGCTCGCGCACCAGCTCCGGATCGAGCAGCTTGCGCAGCTCGTCGTCGCCGAGCAGCTCGCGAAGCTGCGCATGGTCGATGGTGAGCGCTTGCGCGCGGCGCTCGGCCACGGGCGCATCATTCTCGTACATGAAGTTGCCCACGAACATGAACAGCAGCGACGCCGCAAAGGGCGACGGCCGGTTCGTGTCGATGGTTGCAACATGCATCTTCCGTGTTTCGATGCGGCGGAGCACGTCGATGAGGCCCGGTAGGTCGAACACGTCGCGCAGGCACTCTCGGTACGTCTCGAGCAAAATGGGAAAGCTCGGAAAGCGCGAGGCGACGCTGAGCAGATCGCGCGCGCGGCGGCGTTGCGCCCAGAGCGGGGTGCGCTTGCCGACTTGGCGGCGCGGAAGGAGCAACGCGCGCGCGGCGTTCTCGCGGAAGCGCGCGGCGAAGAGTGCGCTCTGCGCGAGGGCGCCGGTGACCAGCTCCTCCACGCTTTCCGACGGCGGGAGAAAGAGCTCCGTCTTGGGCGGCTCGTCGGTTCCGGTTACGCGAAAGACGATGCCGTCGTCGTTGAAGATGACGTCCGCCTCGCCGCCATGTTCCGCGCGCAGCCGCGCGATGACGCACGTGGCCCAGGGGGCGTGCACGCGCGAGCCGAAGGGG
NZ_CP089982.1_gap63	2710350	2712984	2634	GCCTTTTCCGTCGTAGGCCTCCACGGTGAAGCGCGGCACCGGATCGATCATGAAGTCGAGCGCCAGGGGCAATTGCCCTTTGTTGGTGTACGTGACGACCACGTCGACGTGCGAACCCGGCGTGATCTTTTTTGAGCCGAGGTTCACCTTCACCTCGAGCACCTTGGCCACGTCTTTGTACGGGGCGTCCTTCTCCGTTTCGATCTCGCAAACCTTTTGAATCAGCGCCGTGTCGAGATCGATGTCGCGTCCCGTGCACACCGCGCGGTTCGTGGTGACCTCCGGCTCTCCCTGCGGCGGTGCCGGCGCGCCCGCATCCCCGACTTGCGCGATGGCCGACGACGGCTCCGAAGTCGCCCCGGCCGAAGATGCAGGAGGAGCCTCGTTCGAGCCTCCGCAGCCGATCATGGCGACGACGCCGGACGAGAGCAGGAGAACAGTGGCGGCTCGGTTCATGGCGCTCATCCTAAGGTAACTTTCGAGGCGGCGTTAACGAATGCAGTTCTGAAACTCCTCCATGGCCCGGGCTTTCATGGCGCAACTGTATTGCCCTTTGGTCAGATCGCGGAGGCACGCTTCCTTCATGCCTTTGTAGTTGGGATCCGACGCCACGGTGGATTTGATCATGTTGCGGGCATCGTCGAGTTCCTTGCCGCTCATCCCCTTGAGCGGTGCGCCCTCGCCGGTGACCACCACGTCGATGTACCTGTCCATCAGCTGGTCGCATTCGGCCTTGTTGAGCGGACCGCCACCTTTGGCGCTGCCCTTCGGTGCACTGGCCGAAGCCACGCTGCCCTTCGAGCCGGCTTTGGAGGCGCCCTTGGAGCTGCCTTTGGACGGTGTCGAGGCGGCGGGTGCGGTGGGGAAGGCCGGCTCGGCGTCCTCATCGCTGCGCGTGGAGGATGCGGCGGCGGGGGCCGGGGCCCCGGCGGTGACGTCCTCGCCTTGCTCCGGATCGGGGCGGCGGGCCTCACGTTTCGTCGACTCGGTGCCCATGGGCACCTCTTCGGATCGGGGCGGCGGGGTGGACTTGCCGCAAGCGGCGAGAAAACCGGCCACGAGGGCGATGGGCAAAAGACGCGACATCATCGCCGGACAGTTTAGCTTTTTTTCGGCCCAGCCGACAGCCCACCGAGGGCTTCAGTCGAGGCAGGCTTCCCAGTCGTTGGGGGTCTTCGCTTGCATGGCGCAGTCGTACTCGTGGCGGCGCACCTCCGCCTCGCACTTGCCTTGCACCTGGGCGAAGCTTTTCTCGCCCTTGCGGATCGCGCGTTTCATTTCGCGGGCGGCCTCGCGCTGGGCGGGGGTGAGGCGGGCGAGCTCGGGATCGGCCTCGATGGTCATGTCGATGTACCGGTCCAGCATTTCCGTGCATTGCGCGCGGGTTGCGGAGCGGTCGCGCAGAAGCAGGACGAGACCAACGAGCAGCACCAGGGCGGAGGCCCCTGCGGCCATGACGACCAGGCGGCTGCGGGGGCGGTTGCGCGAGCGGAGCATCATCATCGAGCAGGAAAAAATGGCGCGAGCGCGAAGGCAAACTGCATGGCCACGAGCTTCTTTCCGCGCACCGTCACGTGCGAGTCCGCGATCGCTTCGTCCGGCCCGAGTTTGCCGGCGAGGAGCTTCTCGAACACCTCCACGCGGGTCTCGATGACGGCGTCGGAGTCGGTGTCTTTGAAGGCGTGCTTCTTGGCACCGGCGGCGGATAGGACGAGGTTGCCCGCGCCCCCTTCGAAGTCGATCAGGCCGAGTTCGATCTTGCCGGTGGCCTGGGCGAGGCGTTTGAGCACCCGCGGATCGGTGATGAGCTTGACACCTTGGGCAGGCTCGAAGCTCGGGGCAAAGCGGCGCGGGCCGCTCCAATCCTCCAGGAAAAAGGTGAGGGCCGCGTGCTCGCCGGCGATCCACAAATGCGCCGCGGACTGCGCAGGCGAGTCCGCACCCCGTGCGATGGATATTTCGCGCCCGCGAATGGTGTACGCATAGCGCGTGGTGCCCGTGCCGGGGCCTTCCATGCGAATGGAGACGATGTACTCGCCTGCGCTCGCGTCCGCCGGAACGAGCTGGCGGTGGGCCTCGGGCAGGATGTCCTCGAAGAACGACTCGACGGTCGTGCCGGCGGGGAGGTTTTGAGGTAGCATCGCGCTCCTTCCATAGCGCCCTCACATGCCCTCCGACCAGCCATTGCTCGACCCCCAACCGTTTAATCCGTTTTCTGGTTCGAAAGAACCTCTCCGCGTTCTGCTCTGCGAAAACGTTCACTCGAGTTCGCACGAGGCTTTCTCCGCGGCCGGCCTCCAAATCGAGAGCATTTCCTACGCTCCGAGCGAGGAAGAGCTGCGTGAGCGCCTGCGGGACGTGCACGTCCTCGGCATCCGCAGCAAGACGCACGTGCGTTCTTCCAGCTTGGCGTATGCGGACAAGCTCCTTTCGATCGGATGCTTCTGCATCGGCACCAACCAGGTCGACCTGGCGGATGCCAACCGCCGCGGCCTGCCTGTCTTCAATGCCCCGTTCAGCAATACGCGCAGCGTGGCCGAGATGATCCTGGCGGAGGTGGTGATGCTAGCCCGCCAACTCGGCGACCGTTCCCGTGAGGTGCACGAGGGCCGGTGGCGCAAGGTTTCCAGCGGC
NZ_CP089982.1_gap64	2714862	2715943	1081	AGCACGACCTGGAGGCCGAGCACCCATTGGCGGGTGAGGCCATAGCGGATCACTTTGACGCCGCCGGCGTTGGTGGCGATGTTGCCGCCCACTTGGCTCGAGCCTTTCGACGCGAAGTCGACCGGCCACGTCAGACCGTGCGGCTCGCAATGGGCATGCACGGCCTCGGTGATCGCGCCCGCCTGCACGCGCACGGTGTTGCCCACGGTGTCGACCGGATCCATGCGGCGCATGCGCGAAAGTGAGAGCACGAGTTCCTTTTTCGCAGCGACGGCGCCACCTGCCAGACCGGTGCGTCCGCCGGAGGGCACCACGGGGAGGCCGTGTTCATTGCAGAACGCAAGGATCGCGGAGACGTCCTCCGTGGTGCGCGGGAGCGCCAGCGCAGAGGGATCCGGCGCATGAACCTTGGTGAAATCGCGGCCGTACTCCAAGAGCTCCGCGCGTTCGCGGGTGACGATGCCGGGAAAGCGTTGCTCGAGCTCGCTCCAAAGATCGGACATGGCGCGCATGATAGCGCTCTCCCGCGTAAGCCCGTAGCATCGCGTTCATGGAACGCGCCATCAACTTCAATGCTGGTCCCGCCGCCCTACCACTAGCCGCGCTGGAACGCGCCCGCGAGGAGTTGCTCGACTTCGCGGGCACGGGCATGAGCGTGATGGAGCACAGTCACCGCGGCAAAGACTACGAACGCGTCCACGATGAGGCTATCGCGCTATTGCGCGAGACGGCCAGCATCGGTGACGACACCGAAGTGCTCTTCATTCAGGGCGGTGCCTCGCAGCAGTTTGCGCAGATACCGCTGAATTTTCTGCCCGATGGTGGCTCGGCCGACTACGTCGTGCATGGCGCGTGGGGCGAGAAGGCGGTGTCCGAGGCGCAAGCGGCCACGAAGTGGTCCGGCGGCAAGGTGCGCGTGGCGGCGACGACGGCGCAAGGTAAGCAGTACACGCGCGTGCCGACGCCCTCGGAGATCCAGTTGGATCCCAAGGCGGCCTACCTGCACCTGACGAGCAACGAGACCATCCACGGCGTGCAGTTCCACGAGTTCCCCGACGCGGGGAAGGTGCCGCTCGTATGC
NZ_CP089982.1_gap65	2720259	2724507	4248	GGTCCGAGCAAGAGATCCGCGGCATCCACCAGGTACCGCGCCCGCGCTGCCGGCACGCTCGCCAGATCGGCCAGCGAGATGGCCGCCATCACCGCGGCCTCCACATTGGCCAGACGCGGCGCAATGCGCGCGATGCCCGTGGCCGCTGCCACGCTGAGCGCATCGGCGTGGAGGATCGACAGGTACCGATCGAGCGACTCTTTGAGCAGCGCCTGCTGCGCCGCATCGTTCACGCCCTCGACGACCACGGTGGCCCCGCCCGAATCGCTCGCCGCATTCTCCAGGAGCATCGCGAGCTTCAACTGCAGCGAGCGTCGCGTTCCCTCGTCCGACGCGAGCGCATGCAGCGCGCGCAGGGCGGTCAGGGCCAGCTTGCGCGCACGCCGATCGCCCTTGCGTGCACTCGGAAGCTCGCGCCGCTCGCTGGCGTACAGCGCACCCGGCTCGGTGGGATCGAGGTGCAGAATGCGCTGGTACGTGTGCAGCGGATCGCCCCCCGCCTTTTGCCACTCTTCCAAACTGGCCAGCTGCCAGAGCGCCCCCAGGCGCGCGCGAATGTCGGAGAACACCTCGCCCTGTTGCGAGAGCACGTGCGCGAGGCGCGCCCAATCGTTGGTGCGCCGCGAGACGCCCTCCATGGTGCGCAGCGCCGGAATGTGGTGCTTGTCGTATTCGAGCACCGCCTCCAAGAGCCGCGTGGCCGTGGGGATGTCGCGGCCCGTTCGCAGATAGAGCTGGGCCAGCGAGAACGAAAGGCGCACCGCCGACGCGGTGGTCATCTTCGTCTCCAGCCGTTTGAGCTGCAGGTTCAGCACGTTGTTCGTGCCGAACGAAAGCGGTTTGCCCTTCGCCGTCATCGACACGGCATGCCGCATGAGAACGCGCTCCAGGCGCTCGGCAATGAGCTCGTCCTCCGGCGTTTCCGACAGCGCACGTGCGTAGGTGGCCGCGGCGCGCTCGTCGTTCCCCAGGCGGTGCTCGTCGATTTCGGCGGCGCGCGCCAGATAGCGTGCGCGATCTTCGAGGCCCGAGCAGTCGTTGGCCAAGGTCTCCATGGCGTCGCGCAACATCACGTGGTCGCCGGCAGCCTCCAGCATGCGCACGATCTCGTCCGGCGGAACGGGATGGTTCGGATCGATGGCCCGCGCCGCGGTGAGCGACACCATCGCATCTTTGGGCGAGCGCAGACGCAGCTCTTGGATCTGCGCCAGCTCCAGCCAATAATTCAGCTGGTCTTTCGGCGATTTCGCAATTTGAATGCGCGCTTTGAGCGAAGAGGCCGCACGCTCCCAGCGCCCGGCCTCGGCGTGGAACCGTGTCTCCAGCGCGCGAGCCGCTTCGTTCGCCGGATCCATGGTGAGCACTTCGTCGAGCAGCGACAGCGCCCGCTCGCGATCTACCCGCGCGAGCACGTCGATGGCGCGCACGCGCAGTGCCATCGCTTCCCCGCGCTCGCTCGAAAGGCGCGCTTCGTCGAGCAGTGCACGCGAAAGCACGCGGTCGTCGCCAATTTTCGTCGCCGTGCGTGCGAGTCCGAGAACGGCACCGCGCCGATCTGGTTCGAGGCGCAAAATCTGCTCGTACGTGCGCGCGGCCCGGCGCACGTCACCGAGCAGCTCTTCGCAGAGAAGCGCAATCTTCTCCAGGCTCGCCACTTTGCGGCCCGGATCGGTGGTCAGCTCCGCGGCCTGCGCGTACAGGTCGATGACCGCGCGGGCCTCGCGATCCGTCTTTTCCGACGTTGCAGGCGAAAGAAGCCGCGCGAGCGCCTCGAGCACCTCGGGATCGCCCGGGGCCACCACCCACGCCGCGCGCAGATGCTCCACCGCGGCGCCGGGCTTCGCCAGTTCGTGCTCGGCGATCTGCGCGGCCTTCATCAGCGCGCGGGCGCGTTGGGCATTGTCCTCCGCCTTGGCGGCCTCGTTGACCCAAAGCTCGACGCGGCGCTCGTGCAGGTTCGAGGCGGACAGAAGCCGGTCGAGCGTCTCGTGCAAGGTGAGATCGCGCGGTTCGATGGCCAGGGCCGCCTGCGTGTGCTCGATGGCCGATCCAATCTCGCCGAGCTGTTCGTCGATGCGCGCCAGCATGCGCAGCTCGTGGGTGAGCACCAGCGGGTCGGCCAAAAAGCGCAACCGCGCGCGCCGTGCATGCGCCACCTCGGCCCACTCGTTGAAGTGCTCGTGCAGCCGCACCAGCTCGTCGAGCACGCGCCGGTCGACGCTGTTGGTCGTCGGCGCACGCGCGGCGGCACGCCCGAGAAAGGCGATGGCCCGCTCCGCCTCGCCCAGCCGGTGGTATGCGATGCACGCTGCATCGAGCTCCAGGCGCGCGGCGCGGTTGGGATCCGTCTCGAGCTCGGCCTCCTCCTGCAAGAGCAGGCAGAGCGCCGCCGGATCATCGTGCGAGGCCACGTGGCGCACGGCCTCGTCGCGCACGGGCCCCACGCTCGAGTCGAGGGCCACCGCACGCTCCAGAGCCGCGCGCGCCTCCTCCGACTTGTGCAGCTTGAACTCGAGGATCTGCGCCCGCTCCGCGTGCAGCCACGCCGCGAGCTTCGGCTCCGCGACATAGGCGTCGGCCATGTTGGCCAGATGCCTCGCCAGCGCGTCGTACGCCTCGGCGTAGCCGCTCGGATCCTCCGCAGCGCGGCTGTTGGCGGCGTAGGTGCGCGTGGCCAGATCCGCCTCGAGGCCTTTGAGCGCCGCCGGGTGGTGCGGTGCCCGCGTGCGCGCCTGCTCCCAAATGGAGCGAACGAAGTCGGGGCTCTCGCCGCGCGCGTCCAAAAGTCGCGCCTTTTCGACGAGCAGCTCGATGGTCGAGCCTTCCTCCGTCGATGCCGCCAGCTCGTGCTCGAGGTGCTCGAGCATCGCCGGCAGCGCCCCGCGCCCGTGACACTTCCGCCGCAGGATCGCGTGGGCCGCGGCAAGCCGCGGATTCACCCGCAGCGCGGCCTGCGCGTTGGCGATGACCTGTGCGTCGTCGCCGAGCAGCATTTCGCAAGCTACCGCGAGCTCGATGTACGCACGCGCCAGCCCGACCTTGTCGGCCTCGGTCTGAAGGATCTCGATGCGCGCGCGCAGTAGCTCGATGAGCCCTTCGGGGTGCGCAGCATCCTGCGCGGCGCGCCGGGCCACCGTCCGTTGCGTCAGATCCGGATTGGACCCGTGCGTTCCATTCTCGAGGGTCGGGGGGCGCGCCGGCGCGAGCTCGAAGGGAGCCGGCAGCACGATGGCCATTTTGCGCGGCGCCGCCTCGGGCTCGTGGCGCACCATGGGGAGTGCTGCTGCGCGCAGCACATGCACTTCACGATCGATGTCCCACGCCTCGTTCGCCGTCGTTGCGAGGAGATGGTCTATGGAAGAGACGCCACTTACAGAGTCCACGGATCGTTGCAACCTTCACGCTGGCACGAAAGGCCTCATCGTTGCACGATTTCGTCTCGGATAAGATGGCCTTGTGCCGATCCACCCCACCCGTTTCCATGGCCGCCTCTTGCAGGTCCTGCGCATCGCGGCGGGATGCCTGGCCACGACCCTTCTTGCGCTTGGCTGCACTTTTTTGGCCACGTTCGACGATCCGCCCCCGCGCGTGGTGCATTGCGCCGGCTACACCGCCGATCCTGCTGCGGAGCCCTGTTCGTTTCAACGCGGACGCGGCACTGGAACGTATTGCGCATGCGACCCATTGGTGCGCAATTACCAGGCGTCCGCGAACGACCTCGTCACCTGTTCGAACGACGGGACCATCGTCCAATCGACATCGTGCACGCAAGGCTGCGCTTTTTACCCGGCACCGCTGCCAGGCATCTGCGATCCCTGTCCGGGACGCGCCGATGGAACGTGGTGCGGGCGCGAGCTGGGCATCGACTCGGGAACGGTCATTTTGACCTGCCGCAAGGGAAAGCAGGAGGCTGAAACCGCCTTCCATTGCCCCACGGCGTGCAGCGGTACCGGCCCCGCGGCGGAGTGTCGATGAAGGACGTGCCGCAAAGGCTGCTGCTCGTCGAGGACGATGCGCGCTTGGCCGAGTTAGTACGTGCACACTTAAGCGAGCACGGCTTCGAGGTGGAGGTCGTGGATCGCGGGGACGTCGCCATCGAGCGCATCCGGACGTCGCCGCCCGATGCGGTCCTTCTCGACATTGGTCTGCCCGGAAAAGACGGATTGTCGGTCTGCCGTGCCGTTCGCCGCGACTATGCGGGCGTCATCGTCATGATGACCGCGCGTGGCGACGAGATCGACGAGGTGC
NZ_CP089982.1_gap66	2788421	2793019	4598	ACCGCCGAGCAGCGCAGACCAGTGATAGAGCGCACCGGCCGTTGGGAAGGCGCTGGCGAGCTCTCCCATCGCCATGGCGACGATCAGCGTTCCCACACTAACGATCGGCCAACCGTAGCCCAGCGCAGCAGGACCGCCGCCTCCCAGCGCGACGGCGTACGTCGTCATGATGCCTGTGAGAATGCTGATGATGGAGAAGCTGATCGCAAAACTCGAAAAGCCTCCCATCGCACGCAGGAGCTCTTGCGCATAACCGAGGCGCGAGAGCATGTGAGCGTCTGCGTCATCGCGCGGGTGATCCGCGCCCGGCGGGATGGGCACCGCGTGGGGCCGGGATGCAGTGTCCTGCAAGGCGCTCGTGGAGCCCTGCGTCAAAGCGGCGTCGGGGCGATTGGACGGGGTGGCCATGATGATCCGGTTAGCTTACGCCCTTGACACGATAAGCTCTGTCGGTTTCTCGTTTGCGCCCCCGTAATGAGTCAAATCGCCAATTCCGACCCCGTAACCTTGCCCGCTGAAACCTCGCCGCAAACTTCGGCGCCCACCGCGGAGAGCACGGCTACGCTGAAGCATCCGCTTGGTCTCTACGTGCTGTTCGGCACCGAGATGTGGGAACGCTTTTGCTATTACGGCATGCGCGCGCTCCTCGTGCTTTTCCTGGTCGAGCACCATGGTTGGCAACCGTCGGAGGCGAACGGTGTGTTCAAGTGGTACACGAGTCTCGTCTACCTCACGCCGTTGATGGGCGGATTTTTGGCCGATCGCTACCTCGGGCTGCGCCCCTCGATTGCGTTGGGCGGCACGCTGATGGGCATCGGGGCGTTCCTCCTTACGCAAGAGCCGCTCTCGATCTTCTACATCGGACTCGGTCTGCTCATTCTGGGCAATGGCTTTTTCAAGCCGAACATCACCACCTTGGTCGGGCGCATGTACGTGCCGGGGGACGCGCGGCGCGATCGTGCGTTCACCATCTTCTACATGGGCATCAACCTCGGAGGCCTATTGGGGCCGATCATCTGCGGCCAATGGCTGCGTGCCCACTACGGCTTCAACTACGGGTTCGGTGCCACGGGCGTGGCCATGGTGTTCAGCCTTTTGATCTTCGTCGGCTTCCGCAAGCAGGTGGAGCGCGACGTGCTCGCGGCAGGGAACACGCTTGGCAAGGGCGCGACCGTGTCGCGGGAGTCGGTGAAGGCACGGCAAGATCAACGCGACGAAGCACAGCCCGCAGCGAAGGGGCTTACTCCCGCGATCGGGCGCGCCTTCATGATGTCGATGGGGGTTCTCTTCGGGATGCTCATTCCCGTGTACTTCATTTTCGGCTTCGTGAACGGCACCGTGCCCTTGTCGGGGCTCTTCATGCCGGTGGCGGTGGCGGTGATCTCGGTGTTGATGACCGTGAACCTGCTGCGCATCAAGGGTGCCGCGCGCGACAAGAGCCTCGTCATCTTCATCTTGTTCGTCTTCCAGCTCTTGTTTTGGATGGCCTTCGAGCAGGCCGGCAATTCGCTGACCTTGTGGGCCGCGTTCCACACGCAGCGCAAGATGGCGTTCTTCAATTTCGAGCCGGAGCTGTATCAGTCGGTGAACGGTGTCTTCATCGTCATCTTCGCGCCCGTGCTCGCGTGGATCTGGCTGCGGCTGAATCGCGTAGGCCGCGAGCCTTCGACGCCGATGAAGATGGCCATCTCCATGGTGTTCATCGGCCTCTCGTCGCTCGCGATGATTGGCGCGACGGCATCGGAGAATGCCACCGTGTCCCGCATCCCCGTCCGCGAGGTGCCGGCCGGGATCGATCTCGCGAAGTTCGACGCAGGGCGCTTGTCGTTCGACGCCGAGAAGCACGAGATCGTGGTGAAAGGCGTCCTTCCGTCGTTCGTGGTGAACGACTTGCTCAAGCAGAGCTCCGATCCGAAGTACGTGGAGTCCGTCGAAGCCTTCGTTCGGGCGTCGTCCAGCGCATCGACGGAGCATCCCGTGAGCGGGAAAATCGAAGGCACCCCGGCCGACTATGCGCCGCTCGGAGCATTCGCGGCCGGCGACGCCACCTGGGATTCTGGGACGCTCACCGTCAAGAAGGCGATCGACCCGCCCGCGAGGGTCGCGCTCCTGAGCGAAGGCGCGCCCTCCGAATGGCGAAGGGCGCTTCGTTCCCTGGCAGGCGAAAGCGATGCCGCGCGCGTGGCCGGTTACTGGCTTCTTTTGAGCTATCTTTTGGCGACCTTCGGCGAGTTGTGCATCTCCCCGGTGGGTTACTCCATGGTGACGAAGCTGGCGCCGACTCGGTTCGCTTCGTTGTTCATGGCGGTGTGGCTCCTGTCGAACTCCGTCGCTCAATACATCGGCGGAAGCATCGGCGAGTCGTGGGGCAAGGTCACCCCGACGGACTACTTCGGGATCTTCGTCGCCAGCTCCGCAGTCGGCGCCATGCTGCTCTTCCTCCTGGTGCGCCCCGTCCGCAAACTGATGCACGAAGTGCGATGAGGTCACGCCAGGATCGCCAACTGAACCAACAACAAACCCCAAAAAATGAGAGTTTATTGTTGGTTCACCTGGCGATCCTGGCGCCTCTCTTTTGGCGTCCTGGCGGTTTCCTCTTCTATTCGTGACGCTGTTCGAGGATCGCGCGCGTTGCTTTAGGGCGTCATGGGCCGCGGGTTCGTCGTCGGCGTCAGTCGCTCGCGCATGGGCACGGCGTCGTCGACGGATGCCTTGAGGTCTTCCCATGCCTTTTGCGTGCGCGCCTTGGCATCGTCCCAAGTTTGCGACGTCGCATGCTCGAGGCCGTCCATGCTCGATTGGTAGGCATCGCGCTTGGCGCGAATGTCTTGGAGCTTCTGATCCAATTGAGCCTTGGCCGCGCCCGTGCGCTTGCGGCCATCGTTTTCGAGCTGGTCGATGCGCTTGTTGATGTCGGTGGCGTCGCTTTGAACCTTCTGCAGCGTCTCGGCGCGTAGCTTCACGAAGTTCGCATTCGCCTCGGCGACTTTCTTCTCGGCCTCGAGCTGCGCGGAGGTGATCTTCGTCGTCGATTCGCGCCGCGTTTGGTCGATTTTCTGCTCCGCTTCGCGCTTGGCCTCGGATGCCTTGTCCTGCTCCGATTGAGCGGACTTGTTGTCACATGCCGCGCTCATCGCGCCGGAAACGGCAAGCAGCGAAGCCATAGCGATAAGAAGGGTTCGTTTCATGTTTGCCTCCTCGATTCAGGAGGCTGCAACCGACGTACCTTCTCTGGTTTAGCTCTGGTTTAGCCTTTGACCAACGTGAGGCGTGGACCGACGGCGAAGGAGACGAGGTGCCCGCTTTCCTCGGCGACGTAGACGTTGCACTGCTCGTCCACGCGCAGAAGATCCGGGATGGCGTCGCAGGGCCCGATGGTCGCGATCTCGGTGCCGTCGTGCGGTCGAAAGACATGCACGTCGGTGTGCGGGACGAAGAGCGCCCCCGAGCGAAGCACCGGTTCGAGGCGGCGCGGTACGTCGGAGTCGACCATGCGACCGAGCACGTGGCGGTAGCGAAGCGCACCGGACTCGGCCTCCACCGCGACGAGTTCGCCGGTGGGGCAATTTCCGATGAAGAGCCCGTCGACGGCGAGCCAAGACGTCCCCACGGGGGCTACGGATCCCTCGCTTTTCCAGAGCTCGCGCCCGGTCTCGCGGCAAAACGCGGCAAGACGCAACCCGTGGCGCATGCGCACGGCGCAAGCGACAACCCGGCCCGCGATCAGCGGAGCTCCTTCCACGGTGGCAGCGGACGGAGCAATGGGGCACTGAAAGCGCACGTGGCCCGAGTACGGATCGATGGCCAAGAGCTCCGCCGCCGAATTGGCCCCGCCGGCGACGGCCATGAGCACGTCGTGATCGAGGGTGGGGCTCGCGCGGAAGCGAAGACGGTTGCGCACGCGCCAGACGACGCTGCCCGACTGCACGTCGACGGCCGTGAGGGCGCTGTCGCCGCTCGCGATGTAGAGGAGCCGGCCCGCACGCCGCATGCGAAGCGCACCACCGCGTCCCCACGTGAATCGCCAGCGCGGCTCGCCGTTGGTCAGATCGATGGCCGACAGATGCCGCTCGCCCTCGGTGACGATGAGCAGCCGCGGAAGGCCGGGGAGGCTCACCACCGCGCCCGCGGGCGGTGCACCGAGGCGCGGATCGATCTGCGTGCGCATGGTGACCTCGCCATTGCCGAAGTCGTGCACGCGAATGTCTCCGTCGCCGGAGATGCGCGCGAGCCCGCCCGGGGTGACCACGCTGGTTGCGCGCGTGGTGGGGACGCGCCACAGCACGCTGCCGGTGGTGCGATCGAGGCAAAACGTCTCCGCGGCCGCCGAGGCGATGACCCGGTCGCCGCAGAGGAACGTCGCGCGCAGGTCGATGCCCGGCACGAGGGCGCGCCATCGTTCGCTGTAACGCAGTCGTGCCGGCGGGGCCTGCGAGGTGCCCTGCACTTCGGGCGATCGCGAAGGACGCGAGGCGGCGACGAAAGCCCGGTACGGCTCGGGGGTGGGGTTCGTCTTGGCGTCGTCGCGGCAGACGTCGCGCAGGCAATCGGCGGTCTCGCGGAGCTGGCGGCGGAAGGCGCTGAGCCGCAAGTTCGTG
NZ_CP089982.1_gap67	2829007	2833056	4049	TGGTTCCTGGGGAAACGGCGGCGCGAGGTGCGCGATCGCTTCTTCGAGCTGCGGCAGCGTTTCGGCTTCACCATCCACCCCGAGGAGCGTGTGGGGCGTCTCTCCATGGGCGAGCGGCAGCAGCTCGAGCTTCTCGGGTTGCTTTCGCTCGGGGTGCGCACGCTCATTCTGGACGAGCCTACGACCGGCATTTCCGACGAACAGCGCGATGCGTTGTTCGGGGCGCTCAAGCAGCTGGCCAAGGATGGGTGCTCCATCCTGCTCGTGTCGCACAAGCTTCCGGACGTCCTCGCGCTCTGCGATCGGGTGAGCATTCTGCGGCAGGGCAAATTGGTGGGCGAGGCGGAACTGCCCATCACCGCCGATCGCCTCGTGGAGATGATGTTCGGCTCCTCGGCGGCGGCGCGTCCCGAGAAGCCCGCGGGCGTGGCACGCGAGAAGGTGGCCGTGCGGCTCGAGCGCGCCCTCGTGGCGCGCGGCCGATTGCAGCTGGCGATGAACGACTTCACCGCGCACGAAGGCGAAATCGTGGGGCTGGCCGGGCTCGAGGGGAGCGGGCAGGCGCTGCTTCTGCAACTGTGCGCGGGGCTGTTGCCGGTGAAAGGGGACGCGCGCCTCGTGGTGGGCGATGCCTCCCTCGCGGGACTGCCGTACCGGGATTTCCTACGGGCCGGCGTGAGCTACGTGCCCGCGGATCGGGCACGGGAAGGGCTCATCGGCGGCTTCACCATCGAGGAGCACGTGGCGTTGCGCGCGCCCGCGCAGGGGCTTTTTCTTCGCGCCAAAGAGACGCTCGAGGCCGCCGAGCGAGCCATCGAGACGTTCCGCATCCGCGGGCGGCCCGGCACCCGCGCCGAGCAGCTCTCGGGCGGTAACCAGCAGAGGACGCAGTTGGCGCTGCTCCCCGCGCAATTGAAATTGCTCTTGATGGAGCATCCCACCCGCGGGCTGGACATCGAGTCCACGCAGTGGGTATGGCAGCAGTTGATCGCGCGCTGCAAGACGGGGACGGCCATCGTCTTCGCCTCGTCGGACCTGGACGAGCTGCTGACGTACAGCGATCGCGTCATCGTTTTCAGCGGCGGGCACGCCTCGCGACCGGTGCGCGCTGCGGAATTGAGCATGGATCGACTGGGGCGCATGATCGGTGGCCACTTGGAAGAGGCATCGTGAAGTCGTGGCTCGTTCGCGTGGGTGCCATAGGGCTGTCGCTCGCGTTCGTCGCGTTGATCTGCGTCGTCATGGGCGCCTCGCCCCTCGATGTGGCGCTGTCGTTTTGGGACGGGGCCTTCGGCACGCTCGACCAAACGGCACGCGTGCTCAGCACGCTTTCGCCGCTCCTTCTCTGTGCGTCGGGGCTTCTCTTCACCTTTCGGGCGGGGCTCTACAACTTGGGTGTCGAGGGGCAGCTCGTGGCGGGCGCCATCGCGGCCACCGGCGTCGCACATTTTTTCCCATCGGGCTCGCCCGGGTGGCTCGTCATCGGGCTGGCGCTCCTCGGCGGAATGGTGGCCGGGGCGCTTTGGGGTGTGCTCACCGGTGCGCTCCACGTGTTCGGGCGGGTCAATGAGATCTTCGCGGGGCTGGGCATGAACTTCATGGCCCAGGGCGCGGCGATTTACCTGATTTTCGGCCCATGGAAGCGTCCCGGTGTGGCCTCCATGGCCGGCACCGAGCCCATGGATCGCTCGCTCTGGATGGAGACCCTGGGGAGCACCGACGCAAGCCCCACGGCATTGATCCTGGCGCTGCTGGCCGCGCTCTTCACGGCGGTGGTCATCCAGCGCACGTACTTCGGTTTGCGCACGCGCGCCGTGGGGCAGAACTTGCGCGCCGCGGGGGTGCTGGGTGTGCCGGCCGTGCGGCAGTTGCTCATCGTGTTTGCCGCGTGCGGGCTCTTTGCCGGGCTCGCGGGCGCCCTGCAGGTCATGGCCGTCTTTCACCGTCTGATTCCCAATGTTTCGAGCAACTTGGGATATCTGGCGCTCCTGGTGGTCATGCTCGCCAGCTTCGACATGCGGTTCGTCGTGCCGATTGCCATCTTCTTCAGCGTGCTCAATGTAGGGAGCCTTCGTTTGCCGCTCACCCTGGGCCTCGAATCGTCTCTTTCCGGCGTGCTTCAGGGGGCGTTGGCGCTCGTGGTGCTTCTTTTGCCGAAGCGCATGCCCGAGCCGGGGCGGGGAGCGTAGCGGCCATGGATTTCGTTCCCATTCTGGCCACCGCCATCGCCACATCGACGCCGCTGGTCTTCGCGTCCGTCGGGGAGACGTTTTCCGAGCGCGCCGGCGTGATCAATCTGTCGGCCGAGGGGACGATCATGCTCTCCGCCATGACGGGATTCGCCGCGGCGCGCGCGACGGAGAGCCTTCTCGTGGGCTTCGCGGCCGCGGCTTTGACGGGGATGGCGCTGGCCATCATCGTGGCCTTCGGGAGCATCACCCTGAAAAAGTCGCAAATTGCGATTGGCTTCGTGCTGGCGCTGCTCGGGGCGGATCTGTCGTCCGTGTTGGGCAATCCGTTCGTGCGCGTGCCGGGGCCCACGGTGCCGGAGCTTTCGATTCCAGTGCTGCGCGACATTCCGGTGTTCGGGCCGCTGCTTTTCCGAGGCGACGCGCTGGTCTACGCGAGCTACCTGCTGGTCATCGGCTCCACGATTTACTTCTACGGCACACGCGCCGGGTTGCTTCTGCGGGCCACGGGCGAAAAGCCCACCTCGGCGTATGTTCGCGGCGCCAACGTATCGCGCATTCGCTATGCCTACACGCTTTTCGGCGGCGCGCTGATGGGCATTGCCGGCGCCGCCTTCTCGCTGGACTTCAAAGCCGGCTGGAGCCACCGCCACACCGCCGGGTACGGCTGGATTGCGCTGGCCATCGTGATTTTCGGCGGCTGGCACCCCGCCAAGGTTGCCGCTGGCGCCTACCTTTTCGGCATTCTGCAATCCGTGGCCACACTCGCGCAAAGCGCGATCCCGCAGGTGCCAACGCAGGTCTTCGGCGTGGCACCCTTTGCATTGATGATCGGCGTGCTCGTGGTGACGTCTCGACGGCGCGCTGCGGGGAACTCGGAGTAAACCCGAGGAAGAAGGAAACCGCCAGGGCGCCAGGGTCGCCAGTGGGGCCAACGGAAACGGCGCTGGGCCATGTTTTTTTTTGTTTTTCAAACAAACAAAAAAAGTCGTTCACCCCTGGCGATCCTGGCGTCCTGGCGGTTTCCTTCTTCTGTGCCGTTACAAAACGCTACCGGCTACAAGCGCCAGACGACGAGGGCTTGGGGGTTGAACTCGTTCAAGTCTTTGAAGCCGTACTTGTTGACCCAGTATTGGACTTCGGTACCGATGAAGATGCGGTCTTGTTTGCCGAAGAAATTGCCAACGTCGATGCGGAGTTGCGGCTGGGTGAGAACTTGGTATTCGCACGCCCCATGTCCGCCGATGATGTCGACGAAGCCCTGAAAATCCATACGGACCGGGCCGAGCTCGAAGGGCGCGTCCCACGCTGGCGTGATTTGGAATGTCGCGGGCTGGCATTGGTTGCTTCGACCGGCGAAGCGTCCTTGATCGATGTACGCCAGGACGTCGACATGGAAGAAGGTGAAACCGGGGATTTTCCAATCGGTCGTTATGCCCGGAAGGAGAATGAACGGGGCCGCGCCATTGCTTTTGGCCCCGGCATTGACGCCCATGGTGACGTTGATGTCGTCGAAAATCGCGGCAGAAAGTGACGTTCCCAGGATTTTGCTGGCGCTGAGCGATGTGTATGCCTCGCCGTAAACTTCGTTGGCATCGTTGTCGGCGGAATCCGACTTGATCAAGTCGAAAAAGAAGAAATTGCGACCCAGCGCCCACTCACTGTAGTGCTGAAACGTCAGGATGTTCTTCTGAACATGGTCGCCCGTGGGATCCGACGACGGCTCTTTGTATCGCCAGCCATGCAGATATTGAACTTCGGTTGCATGGAAATACTTGGGATTTTCGGCTGGCGGAGGCCCGGGCGGCGTATGGTGTTGCGGCTGGGCAGCCGGCGGCGACATGGCCTCCGGCGCTTCGA
NZ_CP089982.1_gap68	2835511	2837114	1603	AATTGATAAAGCTCCGTGCGTGAATAAGCCTGATCGGGGCGGCCATCCGCGTCGTGCGTTTTCGGAAAATCGTGATGCACGAAGGCGTACTCTTGGCCGCCTCCGTCGGGCGCACGCGCGAATGCGGCAATCGCGTTGCGCCGCTCCGGCGTGCCGAACGTGGCATATCCCTGGAGCGTGAACGCGGGTGCGGCCGAAAGGGTGGCCATGAAGGCGCGGCTACCTTGAAGGATGCTCCCGGTCTCGGCTTGGCGAGTGCCCACCTCGCCACCCGCGATCCATCGCCCATCGGGCGCCACATCGAGCGCCGAAATGCGGACTTGCTCGGTGCCCAGGTCGAAGGTGCTCTCGGCCTCGCGCACCAACCGCGCGCCTTGCGCCAGTGTCCAAGAGCGCACGAAAAGCGAATTGTCGTTCAGCGTGTGCTCCACGGATCCCGTGATGGCGATGCGCGTGCCGTCGACGCGCACGGCACCCAATGCCGCGCGGGCATCGAAGCCCGTCGTCTGCGCCTCGACGAAATTTCCCGACGCATCGAAGGAGAGCACCGCCACTTGTTCCGCCCCCTTGCGCGACGCGGGCACGCCGAACCGCGCCTCCACGTCCGCCGAACTCGTGACGACGGCAAACCCATCGCGCAGACCCACGATGCGACTGCGGAGGTCCACGCTCGTCCGTGCGGCAATGGGAATCTTGGTGACCGGCGCATTTTTGCCGAGTCCATAGAGCATCAGTGCCAAATCGGAATTCACGCCGAGGCACCAAAGCCGCCCATCGGTCCCGCGATGAATGGCTTCCGCGAGCGGCAGGTTCAGCATCGGCTCGGGCATCATTTCGTCGTCCTGCAACGCCCCGTCGGCGAGTGCCATGCGGCGGATGCGGACCTTCGAAAAGAATTCATCGATGACCTCCGCGGCCTCGCTCACGAAAACCGATCCATCCTCCACCTCGCTCAGCCGGCCCGATACCGTATCGGCACGGTACGCATGATCGTACGCGGCTTTTCCGTCGACCCCGACGAGCCGTACATGCTGCCGCGCCTCTTCCCCCGCAGAGGCGCGCACGGTGAACGACCCGAGAAGGCCGCGCTCCGTCGCGCGTATTTCTCCCGCATAGACGGCAAAGCCCTCCAACGTCGTTTGCGGCATCAGCGTCCACGACGTCGGCCCGCCCCCACCATTCGAATTACCCTCGCAATGTGCTGCCCATAGCAAAATAAGAAAAGCGTGCTTCCGCATGACCTCGTTCTACATTTCGGGCGGCGTGTCGTCGAAAGGTAGAATCCATCGCTTTGCGCCAAAGCCCTCTTTCTCTTTCGCCAAGTCGACACGTGTGTCCACCAGAGGTCGCGCGGGGCGCCCATTCATGGCGACCAGCGCCTCCACGTGGACCTCGACCCTGGGGTGCCCTCGGCGTGCGAAATCGTCGGCTACGACATGTGAGAACTCGAGGATCATATCGGGCTGTGTGGACATCATTTTGCTCTGATAGCGCGTGAGGTAATCGGTGGGATACACCGTCCATTTGCGCCCGCTCGAAGGGTCCACCACCGTCGCGTCGACAGCGCCATTCTTTTCCATGAGCATCACGTTCCAGGCAAAGC
NZ_CP089982.1_gap69	2839323	2843681	4358	CGCAGGCCCATGTTCATCGTGTATGCGAAGAGCAGCGTCTTCAGCTTGGTGTGTTCGCCGAGGCGCTGTTCGTGGTGCAGCGAGGCCTCGTAGCGCCGAATGCCAAATGTGTCGTCCGGTGCGACGGTGTCCTGCCGCGGGTCGGCCCGGTACATCGGTTCCGTGAGGCCCACGTAGGTCGTGTGCGAAAGCTCGTCGTAGGCAACCAGCTTCAATGTGGCCTCGCCATCCCGGCCGGTGGCGAAGGCCACCTTGCCCATGACGTCGGTCACCTCGAATGGCATGTTGCGGAAGCCGTCACCTTGCTTGCGAAATGCCTGCACGACATAGCGCACGTTGCCGTCCGCCGCGGAATTCCCGTAGCGCGCGAGCGCTTTGGCGAAATTGCGCTCACCGTACGTTCCCTCGACATTCCACTCTTCGCGCGTCGGCGGCTGCCACGTGTGAAACTGCACCACGCCGCCCACCGTTTGCGGGCCGTAGAGCAGAACGTCGTGCCCTTTGATGACATCGATATTCTGAATTCGCTCCACCGGCGTCGAGTAATAGAGCTCGGGCTCGCCGTAGGGACTCACCACCACGGGCACGCCGTCTTCCTCGACCAATACGAGGCGCCCGCGCGTCGGGCTCAAACCGCGTACACCCAAGTTGAGGCGCAGCCCCATGGGGTCTTCCTGACGGATCACCAGGCCGGGCACACGGCGCAACATCTCGCCCGCGCTCTGCGGCTGCGCGCGCCGCATATCCGTTTCCGACACGCGCGATCCCGAGCCGGAGGCGCGCTCCAAATTGTCCGCGGCATCGCCGCGCACGCGGACCTCCTCGGTGGGTGGGGTTGCTTGCGCATGCAAGGACCCGGACCACACGAAGTGCACCGCGGCGATCCCAACGCCGGCGATGCGTTTCTCAATCGCCATCGTTGTCGTTGAACTGGAGCGTCGTCCCCAGCGCGCCGGCCACCTCGGTGCCCATCAGGTTCTTCATCCCACGGACGGCCTCGTACGACGCATCGACTGCGGCGGCCTGCGCGGTGAGCGACGTGCGGAAGGGCGCCGGAACGGCCTGCACCTTGGCCTGCGCATCGGTCAGCGCAGCATGCATCCGATCATCGAGGGCCGCGTTCTTGGCCTTCACCAGATCGGTGATGCCCTTTCCGTTGGTCCCATCGTACACGGCCTGCACACCCTCGAGGGTGGCCAACATGTCGGCCAGCGAGTTGTCGCTGCGCGGCGTCTCCTCCAGATCGGGCTGGACGGCGCCCCCATTCTTCTTGCCGAACGGCTTCGCAATTTTGTTGCCGGCGACGGCGTCACCCGCGAACACGGCTTTGTTCACCAATTGATCGACGGCGGCCTTCGCCGACGGATAGGACGCACTACCGGAACCCGCGGTGGTGACCTGCGCCGCAAAGTTCTCCCCGGCTGGGTCCCACGATTTGTAAAGCTCCTCCGTCTTCGCCTTCAAGTTGGCCGCCGCCGTGGCCACGTACAGACGTCGCCTCTCGGCCCCGGCGTCGCTGGTCAACTTGGTAAGGATGCCTGGATCCCCGGCGCCCGCGTTGTCGAAGAGCAGGTATTCGAGCGCCATGAATCCTTTCACGTTGGCCCCGAGCTTCTCGAACCACTCGGGCGTGATCGCGTCGGTGCCGCTGAGCAGCGTTTCGATGGTCGCGGGTCTCGCCGGCCAAAAATCGACGGCGGCCGTAATCTCCTTCGCCTCCACGGGACCGAAGCGGAACGCGTCGGACTTTCGCCACGACTTGCGCGCCGCCCGCCACGCCGCCTGCGTTTTCGCCAACGTATCCGCGCTGGGCGCCGTGCGCAGGGCTTCGGCGGCATCGCGCAGGTTGCCCGCTTCCGTGTCGAGTGTGCGGTACGTCGGAAGGATGACGTCGTTGGTCAAGTCCGCGAGGACCGGCTTCGTCTCCGCGGGCGGCGTGTTCGAGTTGTTGCCGCTGCCGCTGCTGCCGCACGCGGAAAGCATCAAGGCGAGGGCGAAGTAAGCGCTTCTATGCATGGCTGATGCCCTTTTACAGCGATTCGAGGAATTTGATGAGAGCTTCTCGTCGATCTTTCGGCATGGTTCGGAACGCCTCCCGCGAGGCCGTCGCCTCGCCCCCATGCCAGAGAATCGCCTCCGCGAAACCGCGGGCCCGGCCATCGTGCAGAAAAAAGGAGTGCTTGCTCACCACCTGCGTCAGGCCGATGCCCCAAAGCGGAGGCGTTCGCCACTCCGCGCCAGTGGCCTCGAAATCGGGCCGACCATCGGCCAGGTCTGGCCCCATGTCGTGGAGCAGCAAGTCCGTGAACGGCCGAATGGTCTGGTTCGAGAGCGCCGGGAAGCCGTCGAGCACACCGGTTTGAATCTTGGTCACGTGGCACGATGTGCACTTCGCCTGCGCAAAGGCCTGCTCGCCCTGGCGCACGAGCGGATCGGTCCAATTGCGGCGGGCGGGCACAGCAACGGTCATTCCGTAGCGCGTGACCGCGTCGAGCTTTTGTGCCGAAAGCTCCGGTTCATGCACGCCTGCGTCCGACGTGGTACCGCCTGAGGGGGCGGCTTTGCAATCCGTCTGCACGGCGGGGCAATTCTCGTTGGGATTGAGCTCGGACGTGATGCCGATGTCGCCTTGAAAGGCGCCGGCGCTCTGCTGCTCGATGGTCGGCTGGTTTGCCTTCCACCCGAAGCGTCCCATCGTCGCCTTCTGCGCGCGGATGTTCCAGACGTGGTTGGGCCTACCCGAGATGCCATCGCCGTCGCGATCGTTCTCGTCCGCCAGCGCGGTGAGCGTCTCCTCCGAGATGGCCTGCAAGAGCCCGAGGCCGATCATCGCCGGGGCAACGCGCGGGGACATCATCATTTTGGGTGCGAAGGGCCCGAACGCTCCATCGAGTTTGTACGTCGGCCGGCGTAGGCTGTACGCCTCCCCATCGGCGTATGTGCCCGCAATCTCGGCGTACGAAACACTGGAAGTGCCCTCCGACGGCACGTTGAGAATGGCCTGGTGATTGAACTGCCCCCCGTAATTCGGCTCGTCGAGAGGACCCCCGTGCGCGTCCTGTCCCGGGATGCTCAATCGGATCAACAGGCCGAGGAATTTCTCGTCATTCGACGTGGGCGGCCGGCCCGGGCCATCCTTGAAGTGGCACGCCGAGCACGAGGTCGCGTTGAAGGTGGGGCCTAGGCCGTCGTTTCCCGATGCCGATGCGGGCGCGGTCACCCAGTTGCGATTGAAAAAGTGATCCCCGAGCGCGAAGGCACCGCGCGCCTCGTCGTCCAGATTTTTCGCGGCGAACGTGAACGCGTTGGCTGTCTGGTCAAAAATCGTCGTTCCGCCGCCCAGCAGCTCGACCTCGGGCTCGATGCCGGCGTCGGTTCCCGCATCGACGAGAGGCGGCAGGTCGCCACTGGAGGACGAGCTGCACGCCCATGCGAAGGAAACGGCCGAGAGCACGCCAAGTCCAATCCAAGAGCGGCGGCGATCCGGAAAGCGCATCATCTCGGCCATTCACCTACCCCAACTACTTCACGCGAACACGCAGAATCCGTAGCATCAACCTACTCGAGGTTGATCTGAAGCCCCAGCGCTGTAGCGGCGCTTACGAGGGATTCGGCCGCCTTGTCGACGGAATCGATGGCTGCCTTGATCTTCGTGTGGCCCTCATCGCTCAAGATTGCCTGGTCGAACGGCGCCGGGATGGCGGCGATTGCGCTCAACGAGGCGGCGATGTTTTGCTTCACCTCGGCATCGAGCGCTGGATTCTTGGCCTTGACGAGATCATCGATGCCAGCGCCGTCCACGTTGCCGTACCGGCCGAGGTACACATTTTCGATGCCTTTGGCATTTGCAGTCAAATCTTGGAGCGTCGTGTCGCTGAAGCAGGAATGCTCCTCCTCCTGATCCTTCGTCTGGTACGCGTTGTTCATGCGCTCGTTGGCGAGCTCTTTCTTGGCCAGGCTTCCGATGCCATTGAGGATGTTCCGGATGGCGGTGTTCTGATCCCCGGCAATGAACTTGGACGCGTACGTGTCCGCGGTGTCGGTATGCCATTGCACTTCGACGCTCTCCAGGTCGTCGACGAGCAGATCGACTGCAGCCTTGAGGTAATCGCGACGGCGCTGCTGGTTGTGATTCGTCCCGCCCGTCGTCAGGTAATCGGTGTAGGGGCGGTTGCCGGGGCCCGTCGTGCTCCGGTCCTGACCCCAAAGGAGAAATTCGATCGCGTGCCAGCCCGTGGAGATGTTCGCTTCTCCCCCTTGCTCGTTCTTCGCCGCGATCGATTCCTTGGTGATCGCCTCGCTGGTGCTCGTGTTGATGATCCCCCCTTCGAGGATGATCTCCTTGTTCGGGTCGTTGG
NZ_CP089982.1_gap70	2857420	2860289	2869	TCCACTCCCTCCCAGCGCGGGGAGCACGTTGTCGATATCACGGGCTGTACCGCCCGATCGGCCGAGGAGCAAAGGAATTGCGGTCTCCGAACCGTGAGCCGGGTCGATGAATGTCCCGTTGTACGTTACTTGTGGACCCCCTGGCGTCCCATATCCGGCGCCCCCGGCGCCACAATTCCACGCGGCTTGTTCGCCGGCTTCGCCCAGGCCCATGTTGGTGGGTGCCGAGGGGGCCGAGCCCAATTGCATGGAGTCCGTCGCCACGATGGCCGTGATTCGCGGAAAGAAGCCGCTCAGGTCCCCCGAGACATGGGCGAACTTGTAGAGGTAGATGTCCGGTCCGCCAATCTGGTGGATGATGGCATCGGGGTCCCAGCGTAGATCACCGCCCGTAAAATCCTTGGTGCCCGGCGTGTCACAGATGTCCGGCGGAAGGTTCGACGGCGTGAGGACCAAGCAACGCCCCGCGCGACAACCGAGAGGGCATTCCCTTCCGGCGTCGCAAGGCTCTTCGGTGCCGGCATCGGATGCGTCGCTCGCGTTGGACGCATCGACCGTTGCCGGCGCATCCATTGTCGCGCCGCTGTCCAGCGCCGCGTCGGACGTGTGCGCGCGGTCCGCCTGCTGCCCTTTGTTCTCGTCGTTCGACGAAGTGCATGCGCTGACGATGGCCCATGCGACCACGCCGGCCCCAACCGCGAGTCTCACGTTCATACCTCGAATTGGCGCGATGGCGCCCGTTCCGTCACATCGATCGTCAATGCGTCGAGACCACGCCAATCGACGGTGCCGGACTCACATTCCCGAGCAACTCGGGCTGCGTTCCCGCGGGCACGTTGATGCGGATGCGCCCCACGGCGCCGCCCGCACCGCCGCCCGGTCCGCAGGTTGCGGCACCCGGCGGCGAGCCGGCCGATCCGCCCGACGCCCCCGTTCCGCCGGTGCGGCTCCAACCGCCCTCACCGCCGTTCGCGCGCAGGACGCTGCCCGTGCGGGCCGTCACCTGGGCAGCCTCGATCAAAATCGTTCCGCCGGCGCCGCCGCCTCCACCGCCAGCTCCGGCGGCCATCCCGAATCCGCCTTGTTCGCCGTCGGCCACGATGGAGCCTGAAATCTCCATCGTCCCGCACGATACGAATTGAACGGCGGAGGCGCCCTTTCCGCCGTCCACGATGTACTGACAGCCATCGCCGCAGGCATAGCCGCCGTATCCTCCCGTGTGCAGCGGGATCGCGGTCTCCGCGCCGAAGGCTGCGCCTCCGCCCGGGCCACCTCCGGCCGTGCCGTAGCCACCGCCGCTGCCGCCGCAGAACATCTCGCCGCGTTGTCCCCAGCCGAGGCCTTCACGCTGGCCGAATGCGAACGGCACCGTGTACGAGCCCAATTGCATCGAGTGGGTCGCCACCACCGCGATGAGCTCGTACTCGTAGTTCCCCCGCTCGATGTCCCCCGCGACATGGGCGAACTTGTAGACGCAAATGTCGGGCGCCCCATTCTGATGCACCACGGCATCGCATGCCTCGGGGAGGCGGCCGCCCGTGAAGTCCCTCGTTCCTGGTGTATCGCACGTGTCCGCGGGCAGATTGGACGGCGTCAGCGTTGCTGCAACGCTGGTGAGCGCGTCGGACCGAGACCCGGTCCGCTCGCTCTCCGAGGGTGCACCGCATGCCGACACCAAGCCCAACGCGAGGAGGGCACCCCCAAGGAAGAATGATTTGACCATGCCCATGATTTGGGATGGCCACCTCACGTCCGTCACAACATTTCCGAGTGATGGTCCATTGGCGCCTTCGTTACGGCGAGCTAGGTGGCCTGTCCCGGACAGGGCATCATTTGTCCCGGACAGGGGGGCCGCTGCGCAGTGGGCTCATTTTCCGATGAATGCGGTTGGCACTACGTTGGCAAGGCATCGGGGCAGACCTTCGTGCGCGGCGCTCCGGACTCCGCGCTCTCCAGGTCGCCGATCAAGATGATGGGTTGCGACAGGTACGAGTGGGACGCAACAGCCCTCCACGTGCCCGTTGATAGCGAGGAACCACTCCTACGGGAGCCTCGCCAGCGGGAACAACATGCGGAGCGGTGACGGGAGGCGCTGCGGGCGCGGACCGGTAGCCGAATACCTCGTTGGGGAAGCAGCGAAAAATCTGCTCGCATCTACCGGAACTTTTCCTACCCTCATTTTCATCTGGCAGAGAGAAGGCCAGCGGAAGAACGTCTGAGATTGCGCGGATGCGCGATCACGCCGCCGTTTGTGCCCGCGACGCCGGTGGAGGGGGAGGGCCACCTGAAGCGCTAGTATCCCTCCCCCGGCGAGACGGCGACACCCTCTACGAACGCATGCCAGGCGCTTCGCGCCCCGTTTGCGCGACGTATTCCGTATATCCACCACCGTACTTGTGCACACCTTCGGGCGTCAGCTCGAGCACGCGATTCGAGATGGCGCGCAGCACGTGGCGGTCGTGCGAGACGAAGAGCATCGTGCCGGCGTAGTCCGACAGTGCATCGATGAGCATCTCCTTCGTATCGATGTCGAGATGGTTCGTCGGCTCGTCGAGCACCAGGAAGTTCGGCGGATCGTAGAGCATTTGCGCGAGCACGAGCCGCGCTTTCTCGCCACCGGAGAGGATGCGGCAAGGCTTCTCCACGTCATCGCCCGAAAATCCGAAAACACCGGCCAGCGTGCGCAGCGACCCGATGGACGCATGCGGAAACTTGCTTACGAGCGAATCCCAAACCGTGTCCGTCGGCTGCAGAAGCTCCATCGTGTGCTGGGCGAAGTATCCGAGTTTGACACTCGGCGGAATCGTGACTTTCCCCCCATCGGGCGTCGACGCACCGGCCACCAACTTGAGCAAGGTCGATTTGCCCG
NZ_CP089982.1_gap71	2882432	2885611	3179	CCAGACGGACGAAGTGCGTGCTCAGCTGGACGGACCGTGGGCCGTGGACTTGCACAGGCAGGGCACTCTTGAAGGTAAAAGTGGCAATGGTGAGACCGCGGTGCTCATCGGTGAACTCGCTAATGAGAACCGGAATGGTGGAGCGAGCTTCAATACCACAGAACCTTACGCATTTGGCTTCGACGTTGTTCCCGCAACTGCGAATGCAAAAAAGCTGAATCTTGACGATGCGGCATCTCAAACCGATTACCAAGAAATGATCCAGAACGGATACACGACGCTGTTCGTAGGCACGGCGACGTTCAGAGGGACGGACTGCAAATCGAGTAGGGCGAACTACGATTTCGAACAGCTTCCTAAGGTGGTCAATTTCCGATTCGGATTCAAAACGCCCGCAAGGTACATCAATTGCCAGAACCCCGAACAAACTGGTGGTGCACTAGGAACTGAGGAACATCAGCGTGGCGTTCAGGTTCTACAGAATAAGACCGTCACTGCCCAGCTGACGCTTCACACGGACCACATCTTTTGGGACTCGACGTTGCACGACTCGCCCCTCCACTTCGACCACATCGCCGCACGTTACGTCGGCCAAGCCTCCCCCGGTGATGTCCCCACCGCCAGCCTGGCGGACTTCGAGAACCGAGCGATCAATCCAGTGGTGGACGGTAAGGGGAATCCAGTTCCCTGGCGTTCGTGCGTCGGGGACAATGAGTATAAGCTTCCTAGTGGTAACGTAACATTCGAAGACAATATCGGTCTCCAGAGCCTCGCAGACTTCCTGAGCTATAACGAGCGGAATATGGGCCATCTAAATGCAGACGGCCTCTGCGCGGTTAAGGCCAATTAACGTTGCTTGGAAAGCCGGAACATACCGAACTTCGGTTCGTTCCGGCGCCAGCCCTAGCAAAGATTCGGAACGCGGAAAGGTTAACTCGTTAAGTGATCCCAAAACTCTGCCAAATTGACTCCCAACTCCTGAACCTCGAAGTTGGGGTCGTGATAAAGTATAGCTACTGGCCCTTCGTCTGACCGGCAGTCGACGAGAAAGTCGTTGCCGCCGGAATCATATGCAAACGGCAAGTAGTAATTTGGCGCAGCTTTCTTTGACAAGATTAGAAGGTCGTAGGCCCACCAAATGCTACCTCGGCCGTCGCGCAGCGTTAAACACGCCGATACATCTGTACATACATTTGGGCTGCGAAAGGTCGACGGCTCCGGTCGGCCCCCATTGGCATTGGTCAAGAGATGTCGGACCCCGCGTGGGACACGAAACCCTAACCGTCGCTCAAGCTCGTCCACATCTGCTTGTGTCGCAGGCGGGTCGCATTCTACGAACTTTACCGTGCCCATCGCCTTCTCCCTAGACTATCGACGACGATACTTGTTCCCAGTTGCTTTCTCGTACTGGTTGACGCCGCCTGTGTGCGGCTTGTTGGCATTGTGCGTATCCTTATGTACGAGCTGCATGGTTCCCCTGTTTGTAGTCTCGTCATAATCGTGGAGGTGATGCCAGACGTAATCCTTCGGTTGCTTGTCGAATCCCCCCTTCTTGTTAGCCGCCGCAAAGTCTTCGGCGTAAGAACCAGTATACTCAATCTCGACGATGTTGGTTTGTCCAGGTTGGACTGGATAGAGCTCTCTCGACTTGGAAAAATCTACCCCGACCCCGTCCCAGATTACCTCATCGACAGCCCAGGCATCCTCGGTCGCATGAGGGATGAAACTGCCCAGGCTATCTGGTACGGGTAACCTACGCGCAGCCGGTCCCGCAGCCTCGGGTATACCTTCGAGTGCAAAAGGTGATGCGGCTACGACCGTGGGCGGAAGCGCTTTCGCGAATTCATAATTCTCATGAAGTTGATAACTCTTTAGGTCATCGTAGTTTTTGCCGGGGTCGGCCGGTTTAGGCAATTCTACAGTCTGGGCTGTTACTGGGTCAACTCCGTGCTCTTGCATTGCAATTGCGAGGATAAAAAAGTTGACGACGTCTTCAGCGATTTGGACAAGACTTGCCTTCATGCCAGCCTGTGCAGCCTCATATCGCTCTTGGGTCGTAGCAAAGGGAATCGGAGCCGAATTCCCCACTGCCGAATAAACGGACGTTGCCTTGGGATGCGCCGCCGTGATCCGATCAACCATGTCGAACTTAACGTATGACCCCTCCAGATCTCTCCAGTAAGCGTTCCCATCCGCAAGGCAAGATACCCTCGTGCAGTCGGCTCCAGGGGCGCCGCCATCAAGACCGAGCGGATCGACATGACGATACACTCGTCCTTCGAGATAGCTGTACGGATTGAGGGCTGCTCCGAGAGCGTGAATGGTAAGGGGGTCCGGACTAATCCATCGCGCTAGCGGTGCGCTGTAGTACCTTTCGCCAAAGTAGGTTAGACCAACCTGGACGTCATCCTCCTTTCCCGTGAAACGATACTCCTCGCGAAACCGCCTCCACCTAGCGGGGCGATAGTCGGTCTCGGGAGCGCCGTATGCCACGTAAGTGCTCTGCTCAACAAGTTCTCCAGTTTCCTTGTCAATCACCGTGGAGGTCGAGCCAAGTTCGTCACCAATTTCGAGAAAGACGTGCAGACTGGCGCGCGTTATCGTTGGTAAGTTCGGATCATAGACGATACGTGCCAGCCGCGCTCCCCCGAGGGCCAAGTAGATCTTTTCTGTTTCGTCGGTTCTTTCATATTCATCGTTCCAAACATCCCAATGGGCATGATCAAGTCGTAAAGAATCAAATATTTCGATAGAGTATTCGGTTTCAATTAGTGGCCCGGTGTACTCTCTGATTTGTTTTACCACTCGAGCGTTATTTGCGTCATAGAGGAAAGTGAGATCGGCGTCCGGCTGCTCGTTTGGAACAGCTGGATATGGGGGGGCGCTCGGTGAGTACGGGCCGCTGTAGTCCCATCGTCGGGCCCGCGCAAGACGTCCAACTTCGTCCCAGTCATAGGCGAAACGTTGGGTGCAGCCCGCCGAACTCCCGCATCGGGCCGCATCTCGCTGCAGGACCAACGCTCCGAGGTTGCCTCCGGCGTCATAGGCTGCCTCTAAGTAATCGGTGCCGCTGCCGTCTACACGTGGCCCAGCCTGTGATATTTGATTGGGATGGGCCGCATCCATCTGTACCTTCCCTAGGGAGCGGTCATACAGAAGGTTCGCATCGTCGGTCGTTC
NZ_CP089982.1_gap72	2956905	2958667	1762	GATTGCGCTCGAGCCAGGCCACGCGCTCTCCCATGCCGAGTTGGCCGAGGCGTACCGCAAACTCGGATACGGCGCGCGCGCCGCCGCCGAGGCAAAAACCGCGTACGAGCTGGCCGGGCCGCTCTCGCGGGAGGAGGCGCTCCTGATCGAGGGCCGTTACGACGATGCCATCGGCGAATGGCAGAAGGCCGCCGACGTCTATCGAACCTTGTTCGAGTTTTTCCCGAGCAGCGTCGAATACGGTTTGGCACTGGCACGCTCGCAGGAACGCGCGGGCAAGCTCGACGAGGCCCTCGCCACGATTGCCAAGTTGCGCGCGGTGCCGCACGCCAGCGCGCCGGACGTGGACATCGACGAGGCCGAGGCGGCCATGGCCATTTCCCTCTCGGATTTTCGGCGCGCCGAGGTGGCGCGGCTGCGCGCGGCCACCATGGCCGAGGCGCGCGGTGCATGGCGGAGCGCGGGCCAGAATCAGTACATCCTGGCCGGCATTCTGGCGGCCCAGGGAAAAATGGAGGCGGCGAAAGACCACCAGCGCGACGCCATTGCGCTGTTCGAGCGCGCCGGCGACCAAACGAGCCGCGCGGCCGCGCTCCTTGTCTCCGCGCGCGCGTACGAAGAAGAAGGCGACTTCGATCTCGCGCTGGACATGTACCGCGCGCTCGAGGAAGAACACCGGCAAGCCGGCGACATCCGCGAGGTCGCGCTGTCCGCGTACGATGCATTCCGCGTCTTGTGGAAGCAGGGCCGGCTCCACGAGGCGCTCGATGCGGTGGAGGAGTCCGTGGCCATCGGGCGCGGCATCGGCGATCCCGACTTGGGCAATCGCTTGATCGACGTCGCCGATGCGCTCCTCAATACGGGAGACCTCGCGGGGGCGGCCGCGTACGTGCAAGATGCCATGGATCTCGCGGAGCGGTTTCACAATCCGGGACTTTCCGCCCTTGCCATGGAGGTGCGCGGCGACATCCTGCGCCAACAGGGCGACGTCCCGGGTGCGATGCGCATGCAGAAAAAGGCATTCGACATCGCCCAGCGTGCGGGCCGCCGCAGCGCCATTCTCTGGCTGGAGCTCGACATGACCGAGCTGCTGCTCGACCATGGCACCCTGGAGTCGGCGGAGCGCGCGGCCTCGGCACTTCTCGCGCGGACGCCTCCGTACAAGAGCCTGCAGCTGGCCAGTGCGCAGTTGCTCCGCGCCCGCGCGTTCCTTGGCTTGGGGCACATCGATCGCGCGAAGGCCGCGCTCGATCGCTCCAAGGACGTTGCACCCGGCGGTCGCCGCGGCGACCTCGTGCTCACCCAGCGCCTCCTCGACGCGCGGCTTTTGGCCATTTCCTCACCGAGTCAGATCCAATCGGCCCTGGCCAGCGTCGAGGAAGTGATCGCACGCGCCCACGCCCGCGGCTTCTTCTCGATGGAGCTGCAGGCCCGTTTCACCGCCGGCGAACTCGAACGCCAGGCGGGCTTCGCCGAGCGAGCGCGCACCCGCATGCGCGAACTGGAGCACGACGCCCGCGCCCGCGGTTACCTGTACTGGGCCAACCTCGCGACTACCGGGGTGGGCCGCCGGGGCGGTTGAAGTCCCACGGTGTTGCGAGTACGTCGCAGTCACCGGTGAAGACCTGCATGGCGCCGTCGGCGGGGCCTTGCGTGGCCGTGCTGATCGTTCCCACGAAGGCGACCGGCGATTCCATGTAGCCGAGCGTCTGGCACATCTCGTCGCTCCACCCCCAGCCCAGCGTCTGATCGGTGTTGTTCT
NZ_CP089982.1_gap73	2965631	2967349	1718	ACGGTTTGGCGTCCAGGAAAAGACGCCGCAAGTTGGAGCCATCACGTTTTGCCGCCTCGTCTTCGAGTGCGACGGCCAAAGCGAGATTCGCTGGCCCGAGCCCGATTCCTACGACGTCATAGACGTCGCCTTTTTCGAGAATAAGCGACATGGAGCAACCCTTCTCTTGTTGTCCTGCTCGTGCTTCGCGTTGGTTCGATCGTCGGAAGCACGATCCCGCGGCATGAACCCGCTCGCGTGCTCCCTTCTCGCTCGGGTGCACGTCGGCCCCCCGAGCACTTCGTTACGTCGGCTTGGATTGGAGCGGGTCGAATGCTGGTAACCCTGACCGCTGGCAGTCGGGTGGCGGATCGGTCCGCCGCTCCAATCCAACTTGGTAAGGAGCGCATTTAGCGGCCGCAAGAGGACACAATCGCGTCCACCAACACATCATCAAACCGCGTTTTTTCGCAGGTTCGAGGATGTTTATCATACATCCAACAAGATTGCCTAGGCAACTTTGCACACAATGTCCACACAAATGCGTTGGCGCAATCGGATGCTCGGAGCGTTGGGGATGTCAGCCGAGGCGCGCTATACCTAGAAAGATGAGGAGGCCCGGCGCGACGCTCGGCCGTAGGGTCCGATCGTTTCGAGGGAACGTATGAGCAGGAGCGGGAAGGGCGACGCGTGCCAGTCGGAAGAGCTGGATGGTGCTGCGTCGGAACCGCGCAATGCGTTGGATCCCACCCTGACGGCGGTCGGCTCGTTGCATTCGAGCGGGCGCGTGTCCGTTCGGAGCAAGAACGGGCCCGAAAGCGTGCCCTCGGGCGCGCATCGCATCTTCGCCGAGGACGAGTTGATCGCCTTTCGCTATCGGATCGTTCGCGCCATCGCCCGCGGTGGCATGGGCGAGGTGTACGAGGCGGAGGATCTCGAGCTGCGCCAGCGCATCGCGCTCAAAGTGCTGCGCCGCGAGCGGGCCCTGCGCGATGGCGGGTTCGAGCAGGTCAAACGCGAGATGTACCTCGCGCGCAAGGTGACGCATCCCAACGTTTGCCGCATCTTCGACGTCGGCTTCCACATGCAGCCGGGAAAGCCGAAATCCGAGCGCATTCCCTTCATCACGATGGAGCTGATCGAGGGCGAGACCCTCGCGGAGCGGCTGCTTCGTACGGGGCCGTTGCCGCTCGAAGAAGCGCTTCCCTACATCCGGCAGATGATCGATGCGCTCGGTGCGGCGCACGCGGTCGGCATCGTGCATCGCGATTTCAAGAGTGCGAACGTCTTTCTCGGGCCGCGCGTCGTCGTGGCGGACTTCGGGCTGGCCACGCGCTCGCGCGATGCGGCGCAGGTGAGGCGCTCGGCGGATAGCCCCGAGGGGACACCAGGGTACATGGCCCCCGAGCAGCTCGAGGGCGGCCGCATCACCCCCGCGACGGACATTTATGCGCTCGGCGTGGTCATGTGCGAGATGCTCACGGGCGTGCGGCCGCGGGGCCCTGTCGCGGTGCGCGAGTTGGGGCCGGCGTGGGAAGCCGTCCTTTCGCATTGCCTGGCGACCGATCCCGAGCATCGCTTTTCCAGCGTTCACGCCGTGGCTCGGGCGCTGCCGGGCGAGGCGGCGCGTCCGCGCGCAGGGCAGAAGTCGCCCATGCACTACGTGCGCACGTGGACGATCATCTCGGCCCTGATGGCCTGCGCCTTTCTGGGAGGCCGCCTCGCCCGTACGCAGCTGC
NZ_CP089982.1_gap74	2972258	2975090	2832	GCCGCGTGTTGGCCTTTGGCCTGCAGCGCATAGCCTTCGTGCATCAACTGCCGCGCGGTCTCGCGCTCCATCGCCGATTGTGCCTGTGCGTCGGGGGTGCACACCAGCACCCCGCCTGCGATTGCACATGCGGCCATCCACCTAAAAGCCAAGGTCCCTCTCCTTCGGAGAGGAGGAGGATACCGCCTTTGCCGGAGGAGCAGGGGCCCGCGCGGGGGGCTTTTTCGTTCCAACGTTCGCGTTGGACTTTTTGCTCGGGGCCGATGCGGCCGCCGTCGCAACCGGGTGGTCTGCCTGTACGACGCTCGTCGTGGTCGCCGTTGCAACGGGGGGCTCTGTGTTCAACGTCGAGGTTCCGTCGGCGTGGACGTCACTCGAACGGGAGGCCGTGCGCTCCCGCGAGAACATCATGACGCCAGCCATCGCGCTCACGATCAGGAGAAGAACCAGCGCCAGTACGCCGCGCATCCCCCGCGTTGGCTGCGTCACCACCTCGGCACCCAGTGCGGGGCCGGTGATCGCGGGGGCCGGTATCGGTGGGCTCAAGGCATCGTCGATGAAGGCGCGCCGCTCTTCGGCGAGCCCGGGAAGCTCCCGTGCGAGGAACGTTGCGACGTCCCGCTCCGTGACCCCACCCCCGTGCTCCTCGAGCAGTGACTCGATGGCGCGCTGCATTTCCAGCGCCGTGGCGAAGCGGTCCTCGGGATGATGCGCCAGCGAGCGGCACAAAATTTCGTCCACGTCCGGATCGCCATCGAACGACGGCGGCGCACCCTCGGAGACGATTTTCTGCATCACCTCCTCGGAGTCCTTGCCCGTGAACGGCAGCGTCCCGGCGACCAGCTCGTACAGGCATACGCCCGCCGCCCACACGTCGGATCGCCGATCCAGCGGCGTGCGCCGGTGGATCTGCTCCGGCGCCAAGTAGTTGATCTTGCCCCGCACGATCCCCAGCGTCGTCTCGGGGCTGCTGCGATCGCGCGCGGTGGCGATGCCGAAGTCGATCAACTTCACCGCGCCGTTCGACGTCACGATCACGTTGTTCGGCGACACGTCGCGGTGGACGATGTGCAGGCCTTCGCCGCGTTCGTCGGTCAGCTCGTGCGCCGCGTGCAGGCCCTTGCACATGTCGGCCACGATGCGCAGCGCGATGGGAAGCGGCAGCGGCTTGCCCGAGGCTCGGTGGTATGCCCGCCGCACGCGACCGAGCGAATCCCCATCGATCCACTCCATCACTAGGAACAGCGAGCCATGTTCCTCGCCCAGATCGAGCGTCGTGGCCACGTTGGTGTGGAAGATCCGCTGGGCGATCTTCGCTTCGTCCAGGAACCATCGTTCGAACAGGGCATCGTCGGCCAATTGCGCCTTGATCATCTTCAGCGCGACCAGCTTCTCGAAGCCGCGGAGGCCGTGCGAGCGCGCGAGCCAAACCGAGGCCATTCCACCTTCGCCTACTTGGGCGAGAAGCTCGTAACGCCCGAGCCTCTGCCCCCGCCGAAGGAGCGGCGGCACGGCTATCCGCCTTGCTCGTGGGCCATGACGTCGCGCGCACCGCGGAAGTGCTGCTGCGGCGAGTACGCGAGAAAGTTCGACACGCGCGAGGTGTACACGCAGGCATACTCCTCCACCTGCGCACCGAAGCTGGATTCCTCGGTTCCTTCCTTGAGGAGCGAGCCCCAGAAGGGATGGAACCGCGAATCGATGCGCCGCTCGAGCACGGATAGCTCCGACTCCACCGTGCGGAGCAGGCCCCGCACCCGCTCGACCGAGCGCTTCACCCGGCCTCGCTCCGCCTCGAGCTCCGTGAGCCGCGTGCCGTTGCCCGTCTTTGCGTCGATCAGCCTCGACAGCTCTTTGTAGCGCGCTTGGTAGAAGCGCAAATCATCCTCGAGGTGCTCGCGCGTATCCTCCAGGTGCAAGGTTTGCTCGAAGTCGTCCGCGCAGGCTTGGTGCGCATGCACCTCGGTCTCGAGCTCCTGGATGATCATCGCCGTGCGCCACACGCTCTCCTTTTTGGAGCGCAGGATGTCGCCGTAGATGTGATCGCCCACGTACAGCACCTGATCGCCGCTCACCCCGAGCGCCCGCTCGAAGTCGTGCAGGTTGCCGCCTTCGTAGACCTTGCCGCGCTCCAGCGGGAACGTGGCCGGACGCACCTTCTCTTCGCGCTCCGTGATGATGCGCTCGAGCAGCGGACGCCGCTCTTGGAAGAACGCCGGCTTCGTCGCCGCGACCACCACGATGTCGAAGTAGTTGCGCCACGACGGGTACTCGACCATCGCGCCACCGAGCAGGTACGTCATCATCTTCTCGGTGTACGGCCAGCGCGAGTTGGTCAGCAGAAAGAGCTTCTTTCCCGCACTTCGCAGCTTGTGCAAGGTCAGCGCGAGATCCGGATCGCGGTTCACGTAGCGCGGCAGATCGCTGACCACGGCATCGAGAATGGTGCCATCGCGGTGCGCTTCGTCGATGCACTCGCGGATGTCGGTGAAGAGCTTCGCGTAATCCACCGCCTGCCCGCGCTTTTCCAGCGCATCGACCAGCGCCGCGTAGAGCGAAGCCTCGCTCAGGGCATACAGCGTGTCGATCCAGTGGTAGCGCGGCGTGGCCGGGCGGAGCTTTTTCGCGTGGTAGAGCGCGCGCAGCTCGTCTTTCGTGAGCTGGCGGAAGCCGTGGTAGCCCTTCGAGACGTGCTTGTAGCGGTCCATCTTGAGGATGTGACCGAACCGCTTGTCGATGAGCAGACCGCGCACGGCAAAGTCGACCTCTTGCGGGATGTCGACGATGAAGTGCGGGTAGCCGCGCCGCACGAGCTTGTCGACGGTGGCATCG
NZ_CP089982.1_gap75	3072185	3076727	4542	AGGGCAGGACCGTGGAGCAAAAGTGGACGACGTTGGTCCACGCGTCGCGGGGCGGCAATGCGAAGTGCACGACGTGATCGGTTACGACGGCACCGTCGCGAAGTCGAATGTCGGCCGGCTCGTTTTCGCCGCCGAGGCGCACGTGAATGGTGGCATTGGGCGCGGCCAAAACGGCAATCCCGAATGCGCACCACATGCACGGTGCCCACCAGCCTCGCGCATCGTCGGCGGCGACCCAGACCGCGGTGGGCGAGGCCGAGAAGGGATGCGCCATCCAGACATCGAGCGATCCCGGGTGAAGCACGACACCGTGCCCTTCGTGCAGGCGCTGAAGCGCTTCGGCGGCGCGCTCGCGCGGAATGCCCGACGCCGCGGCGATTTCGTCGACCGTGGGCGGATACCCGCGCCGGACGAAGGCGTCGATGACGTGGTGGTGAACGAGGCCTTCCATGCTCACGTGCCTCCCTTCTGCAACTCGGCCAATTCTGCCTCGACCTGCTCCCATTCGGCGAGCCACGTCTCGATGGAACCATCGAGCTCCGTGCTTTCGAGCTCGAGGCGTTCCACATCGGCTTTGGGCGTCCGCTCGAAGAACCCCGCCTCGGCGTACAGACCGAGGATCTCCTTTTTGCGCGCCTCCGCGGTTTCGATCGAGGCAAGCAGCTTGTCGCGGCGGTTGGACAGCGAATTGACGCGGCTACGGCGTTTGCGTTGCTCCTCCCAGCTCACCGCGTTGGTGCTGGCACCGTCCTCGCGGCGCTCGGCCGCATTGGCCGCTTTGGCCTTGAGCACGACCGTGTCGGCATCGAGGTGATCATCGCCCAGCGCGGCGAGGTATTCGGCGTACGTGCCCGGAAAATCACGCAAACCATTGGCCGTCACCTCGACGATGCGCGTTGCCAGGCGCGAGACGAAGTAGCGGTCGTGGGACACGAAGAGCACCGTGCCATCGAAGGCGAGCAGACCGTCCACCAGCGCGTCGATCGCCTCCAGATCGAGATGGTTCGTCGGCTCGTCGAGGACGAGCACATTGGGCTTCTCCACGATGACGCGCGCGAAAACGAGCCGCGCGGCCTCGCCGCCGGAGAGCATGCCCACGCGCTTGTCGACGCTCTCGCCGGAAAAGAGCATGCGCCCCAGCTGTCCGCGGACGTAGGTCGTCGCCTCGGACGGGCACGTGTTCCAAAGGTAATCGAGCGCCGTCACCGCCGGATCGGGCAGCACCTCGTGGTGATCCTGCGGAAAGTAGCCCACGCGCGCCTCGTGGCCGAACTTGGCGCTTCCCGTATCCGCCTCGAGGCGGGCCATCACGATCTTCAGCAAGGTGGATTTGCCCAGGCCGTTCGCGCCGATGATGCCGACCTTCTCCCCGCGCCGCACGGTGAGGGAAACGTCGCGCAGGACCTCCTTCGTCCCGTAGGCCTTGGACACGCGCTCCACGGTGAGGACGTCGCGCCCGCTCGGCCTTTCGGGCTCGAAGCGAAAGAGCGGCGTACGGCGCGAGCTCGTTTTCAGCTCCTCGACTTCGATTTTCTCGATTTGCTTCAAACGGCTTTGGGCCTGCCGGGCCTTGCTGGCCTTGTAGCGGAATCGCTCGACATAGGCGCGCTTGTGGGCAATCTCGGCCTCGGCCTGGGCGATTTCGGTCTCCTTGCGCTCGCGCGTGAGTCGCTTGTTCTCGACGAACGCGGCGTAGTTTCCCACGTACGGCGTGATGGTGTCGTAGTCGACGTCGAGGATGTGCGTGGCCACGTTGTCGAGAAAGCGCTGGTCGTGCGAAATGACCAACGCCACGCCGCGGTAGCCCACGAGGAACTTCTCGAGCCAGCGAATGGACAGGATGTCCAAATGGTTCGTCGGCTCGTCGAGCAAGAGGACGTCGGGGCCTCCGACGAGCACCTGCGCGAGGAGCACCCGCAACTTGAACCCGCCCGACAGGGTGGATAGCGGCATGCGGTGGACCGCCAGCGGGATGCCCAGGCCCTCGAGGATGGCCGAGGCACGCGCCTCCAGCGTGTAGCCGCCGGCAAGTCCAACGGCCTCCTCCAAGTCGGCCAGGCGGGCCGGATCGCCTTCGCCGTGGTCGATGATGCGCGAGCGCTCCTGCAGCATGCGCCAAACGGTGGCGTCGCCCATCATGGCCAAGCTCAGGATGATTTGCGCGTCGTCGAGAAAATGGTCCTGCCGCAACACCCCGACCCGGTCGCGCGGCGGCATGGTCGCGCTGCCATCGGTGGCGGGTTCATCCCCGGCGAGAATTTTGAGAAAGGTGGTTTTTCCCGAGCCGTTGGCCCCGACGAGGCCGTAACGCGAGCCTTCGACCAGCTTGAGCGTGACGTCTTCGAAGAGGGTGCGGCCTCCGTAGGCCTTGGCGAGTCGTGCGGTGGCGATCATGTTCTGCTCGAGGTCACGTTAGAATGAACGCCGCCATGGATTTCAAGAATCTGCTCGAGACCCGAGAGCTGCCCGATCTCGGCCCCGGCCCGCGCGCCGGCGTGACATCGCAGGACGAATTGAATCGGCATCTCGATGGCTTGCTTCGCGATGCCAAGCTGCCGGCCCGCGCCGCGTCGCTCGTTCGGGCGCTGGTGCTCCTCTGGCACGACCACTTGGACGCGTCGCACGAGATTTCGCAGACCTTGGGCACGTCCGACGCGAGCCTTCTCCACGGCATGATGCACCGGCGCGAGCCCGACTATGGGAATGCGAAATACTGGTTCGGCCAGGCGGGCGACCATGCGAGCTTCCGCGCATTGGCCAAACGCGCCGGTGCGCTCTTGGAGCAGGAAAAAGAGCTCGCGGACAAGCTGCTTCCGCGCGGGGAATGGGATGCACGCGCCTTCGTGGACGCGTGTGAAGCGGTGGCGCGCCGGCCCGATGAAGCGCGTGTGCGCTTGCTCCGCGAGGTGCAGCGCCTCGAATTCCACGCGGTGCTGGAGCACCTGCTTCAGCGGTCGCCCAAGATGGGGCAGTAATCGCTCGTGGGCTCGCGTGCCCAGTAGGCTCCGGTGGCCGCGCGTTCGGCGCGGGTGGTGAAGCGGTACATGTCGGAGCGGCTGCGGATGTAGCGCGGCCTGCGCCCGGCGAAGGGATCGCGGGCGAGCAGGCCGGAAACCGCGGGGGAGCCATCGAGCAGGCGCGCGACGAAGGCGATGTACACCGGCTCCTCGCCGCAGTCTTCGGAAAGGGCGAAGAACCACATTTGCCAATCGAGCCGCGGCAAGTGCATCGGGATGAACCGAGGCGACGTGCGCGGGTCGTCCGGTTTGTAGCGGAAGGTGTAGGGCTGCCAGGTCACACCGTCGTCGCTTCCCTCGAGGTGGATCTCGCGCCGCGTGGTGGTCATGACGGCGAACAACCCGTACGCGTGCACCAGCGAAAGCTGCGCGAGCGAGTGCCCCATCGCGCGGAAGGTCGCCGGCTCCTCCTGCAAACCGCGCACGGCGTACCAGGTTCGCTCGGCGCTGAAGAAGAGCAGGGCACCGGCCAGCCCGGCCACGATGGAGACCCGCCGCAGCGGTTGCGCGGTGGTGCGCACCCGTTCGAGGGTGCGCCGGAACCGAGCGGGCAGGGCACCCAGGATCTGCGCGTCGTCGAGGAGGACGACGGCGAGGGCCATGGTGAGTGCGTTGAAAAATCCGTAATTGCCTGTCGCCGCAATGGCCAATTGCAAAAGGACGAATCCGAGGAACGCGAGCCACCGCCCGCGCCGCGGGACGAAGACGAGGAGCGGCAGGTAAAGCTCGATGAAGAACATGCCGCGCGCCGAAAGCGCGTGCACCCACGGAGGAAGCTGCGTCACGTACCAGCTCGTCGATGCCGGCAGCGGCTGCGTCCAATAGTGGTATTCGAGCGCGGTAAGATCGCGCCAGCTGGGATCGCCGCTGAGTCGTTTGACGGCGCCGGAGAGGAATACCAACTTGAAGATGAGAAACCGAAGGAGCCACAGGGCCGTGCGGGCGGGAGGCCGTTCTCGGTCGAGCGAGGGCCAGAGGCGCCGCCATGGCGCGAGGAAGAGCGCCGCGACCATGGTCTCCAGAAGGAGCGCGTCCCATTGGTATTGCAGAAATGGTCCCGAGACGTTGGCCAGTGCAAGATAAAGCAGCCACGCGACGAGAAGCGCCCACCCCGTGGCCACGTCGAAGGCGACCAGTGCCGAGGCGATCGCGCCGGTCCATGCGATTGCCACGAGCGCACCGTCACCCAGGGCCATGCCGAGGAGCGGCGGCGCGGGCGCGATGCCGCGCGAGCCAATGAGGCCCTCGATCTGCGTGGCCAGTGATACGAATGCGGCGAGCGCGCAGAGCCCCAGGAGGCGAAGGAAGATCCAGCGGGTAAGGACGAAGGTCGCGGGTCGCACGTCGCGACCGATGAAGACCGTCGTCAGCCACGAGGCCGCGCTCCGGTGGGACGCGACCCACGCGTAGACGATTTCGCTCGCTCGCGCGAAGCCTGGCGAACCGCCGTAGAGCATGGCCAGCCATTTCCCGCCCGGGGCATGCGCCAGCGCGGAGAAGACAGCATCGGCGCCGCGGTGCACGA
NZ_CP089982.1_gap76	3118610	3121355	2745	TTCTCCCCTTCGCCGGCAGCGCCACCCCGAGTCGGTGACGCGCCCGCAGAAGAAGGAAATCGCCAGGATCGCCAGAAGATCCGCCAGGATCGCCAGATGAACCAACAATAAACCCTCATTTTGGGTTTATTGCCGATTCAGCTGGCGATCCTGGCGGCATTGGCGTCTTGGCGATTTCCTTCTTCTGCGGTTCTTTCTCGAGTCACTTCTTCCAGGTCACGAATTCCGCGGCCAGCAGGACTTCCACCGCGCGCAGCACGTCCCCGGAGCCCAGCGTTCCGCCGCATGTTTTCGTCAGGAGATCGCGCACGCTGATGCCCTCGGGGCGGTTCGCGCACAGATTCAGCACCCCGCCGACGAGCGGCGGCCATTTGATGGCTTTCACGAGGCCGCGGCGGCTTGGTTCGCAGCGCACCAGCGTATCGTCGAAGCGGCCCTGGTAGCGCTCGAGCGGGCTGTCGTCGGGCCACGAGGCCTCGAGGCCGGCGATCATCAGATCGGCTAGCTCCACGTCGAGCGGGAACTCCACGTGCGGCGGCGTTTGCCCGCGGTAGAAGGACACGGTGCCCTTTTGCCAGCGGAAAATGTCGGCCACGCGATCGCGGCCTTGCTCGCGGATCGCGCGGAAGATGTCCACCGGGCCGACCAAGCCGAGGGCAATCAAGGTGTCGCCCATCCGCCCGCCGTAGCGCGGAAGAACGTCGAGCGCGATGTCCAGCTGGTCGCGCCGCAAGGTGCCGCGGCGAACGAGGTACTCGCCGAAAAGCTCGCTCGCGTTCGTCGATGACACGTGCAGAAGCTTCCCGTTCTTGAAATAGAGCTCCTTGCGCCCGCTCGTCGTCTTGCCGTCGTCCCCCTTTCCCGTCTCAATGCTGCCCTCGGCGAAAAGCACCCCGGTGTCCTGCACCTCCAGGATGCGCAGCAGCACGTCCACCATCGTGGTCGTGTGCAGATCATCGTGAAAATCCGGGGCGCCCGGCCCTTTGACCTGGCTCGTCGTGGTCGTCGTCTTCGCGGGAAGGAAGCGCACCAGCTCTTCCACCTCGTCGACGCGCGCAAGCTCGCGCCCCATGAACGCCACGCGATCGCGCGCGCCCACATCGCCGGTGGCGATGGCTTCGACCAGCCGCGCGAACGACCACGGCCCCCGTCGCGTGCCATCGGCGGCCACGACCAGCGATGGAAGCGGCGCGTATTGCGCCGTCGTCTGCTCACTGGGGTTCCCGTCCTCGTCGGCCCGGCGCTGGCCGTTCTGCACCATCGTCTGGCTCGTTCGCTCCGACGCCTGTTCCTGGACGTGCTCCGGCACCTGCGACGAGCGCGAGACCGGGGCCTCTTCCTCGAAGGGATCCCGCAGCGGCGACCGAAGCGGTGGCGGCGTGCGCTTGCGCACCCCGCCGGCGGAAGGCGGCAGGGGCGGGGGAACGCCCTTTGGCCGATTCGAAACCGGCCCGCGCCCTCCATCGGACGGAACGCCCATTTGCGCGCGCGTCACGTACACCCCGAGCTCCGTCGCCGTCGCCTCCGGCGTCGGATCGAGCGAGGCGATGGCCCGCGCAAAGGCCGCTGCCGACTGAAAACGCGCCTTGGGATCGCGGCTGAGCGCGCAAAGCAGCGCGTCGAACAGCAGCGGCGGCATCAGGTCCCGCGCCTCGCGCAGCGGATCGATCCGGCAATCGCGGATGGCCAGCAAAATGGCGAGTTGCCCGCCGCCTGGAAACAGCGGCTTGCCGATGGCCATCTCCGTCAGCACTGTCGCGACGCTGAAAAGATCGGCGCGGTAATCGAAGGGCTCACCGGCCACCTGCTCGGGCGCCAGATACGCGATTTTCCCCTTCAACATCGCGCTCGCGGCGTTGCGCATGGTCGCCCGCTGCGTCGAACGCGCGATGCCGAAGTCCCCGAGCTTCACCCGGCCGTCCTTCGACAGGTACAAATTCGACGGCGTCACGTCCCGATGGATGATGCCCAGCGGCGTGCCCGCCTCGTCCTTTGCAGTATGCACGCTTTCCAGCGCCGCGAGCACCTTGCTCACGACGTGCACGGCCACGTGCGTGGGCAACAGCTTGCCTTCGCTGCGAAAGCGGCGCAGAAGCCGGTACGTATCGACGCCGTCCACGTACTCCATGGCCAAGTACGGTTCGCCGGTGTCGCTCAGGCCGGAGCCGAACACCTTCACCACGTTCTCGTGGTTCACCGCCGTGTGGAGCGCGGCCTCGCGCTCGAACATGGTGCGACCCTCGGGATCGATGAGAAAGTGAGGCAGTAAGCGCTTAATGATGAGCAGGGGCGCCGGGCTGGCAGCCTCGACACCTTCCGGCAGGGGCCGTGCGAGGTACACTTCCGCCGTTCCACCTACGGCAATGCGGGCTTCGAGGAGGTAGCGTCCGAACTTGATCGGGCCTCCTCGAATGGGCTGGGGCACCCCTCGTTTGGGCACACTCTCGCCTTGCACGATGGATAGACTACCTTTCGCCCTCACGTTCACAAATGAAACACGATCCCATCAAGCCGACTTCCCATCCTTTGTCTTTGGTTTGGGCCCGCTCCGCACTCGTACGAGGGCTCCTGCCCGCGATGGCGATTTGCATCGGTGGCGTGGCTGCGTGTCAAGGTTGCCGAACGACCTCGGCGACCGGAAGCGCCGTAGCCCCGGAGCCCGCGTCGCCGACACTCCGTATCTATATCGTGTCGGATCTCGCCGGCGCACTCGAACCGTGCGGCTGCGTGAAAGATCAGCTCGGG
NZ_CP089982.1_gap77	3166029	3168797	2768	ATTGGGTCCTGCGGAGTTCGGCGAGAGCGAGCTGTGTCGCACGCGGCAACGGATACGCGTGACCTCGTGCGTTCGCTCCTTCGCTGCAAGGAGCGAGCTCGTCGGCCAAGCTGCACAAATGCTCGACGATTTTGGGGCTCAAGGTGCGAAGAAGAGGAAGCACTTCGTGCCGCACACGCGCTCGTGCGAAGCGTGGGTTCGCGTTCGAAGGGTCATTCGCAAACGAGATGACGTGACGCGTCACATGCGCGTCAATCGCCGCGCGGCTGGCCCGAATGAGGGGACGAATCCGCGGTAATTTCGCGTCGTTCGTCGCGGGAGCCTTGGCCGGGAGCACGGCGAGACCCGCGGCGTGCGACCCTTGGAGCAGGCGAAGAAGAAATGTTTCTGCGCGGTCCTCTGCGTGGTGCGCGGTCGCGATGACGGATGCGCCAAACGCCGCGGCGGCATCCTCCAGCGCGAGGTAGCGAGCGTCGCGCGCGCGTGCCTGCAAATTGCCGCCCGGCGCGACATCGACCGAGGTGCGCCGAAACGGGACACCGAGCTCGCGTGCGAAGGATTCGCTCAAATCGAGCTCACGCGCGGCGTCCGGTCGCAGGCCATGATCGACGCCGAAGGCGAAGAGTCGGTAGGCGGTTTTTTTCGCGAGAAGACTCATCACGTGCAGAAGAGCCATCGAGTCGCGCCCGCCGCTCACCGCGAGAAGAACCGCGTCGCCGGGCGTGAGGAGCGATTCCTCGACGATGGTGCGGCGCGCGATGGTGAGCAAGGTCGGCGGGTGCGAGGGGCGGCTCATCGGAGCTCGAATTCCTTGCAGAAAGTGATCTCGATCTGCGCAGATTCAAGCTGGTCACGGCGTGGACCGGGCGGGTAGCCGTGTGCACATCGACCCGGCGGGCCTGGGTCGAAGTGGACGCAGTCCTCGCAGGCGAAGCGAAAGGCGAAGCGCTCGGCCTCCTGCAACAAGCGCGCGTCGAGCTTCGTCTTCATCGCACCCGCTCGAGCAGAACCACGGTTTCGAGATGGCTCGTCTGGGGAAACAGCTCGAAGGCCTCGATGGTGCGCGGCCGGTAGAGCGGCGACAGCGTGTGCAGATCGCGTCCGAGGGTCGCCAGATCGCACGACACATAGAGGAGGAAGCGCGGCGGATGTCGAAGGCCGGCCACCTGCTCGCACACGGCGCGGGCGCCTGTCCGCGGGGGATCGAGGACGAGAAGGTGCAGCGACTTGGGAAGTGCGTACGTGCTGGCGTCGGCCTCGACGACCTTGGTGCCCTCGAGGGCGCGGTCGCGCAAGTTCACCTGGGCCGCACGGCACGCACCGGCGTGCGACTCGACGGCCACGACTTGGCCGTGCCGCGCCAGGAGCACCGTGAAGTTGCCCGCGCCGGCGTAGAGCTCGACGATGTGTGCATTCTGCACGGAGGAGACCACGCTCTCGGCGAGCTCGCCCACGCGGCGGGCCAAGAGGAGGTTGCCCTCCTCCGAGGCCTGGGCGAAGCCGCCGACGGCGAGTTGAAGCGGCGTTCCATCGGCGCCGGTCATCCAGGGCGTGGGATCGCCGATGACAGCCGGTCGCGTGGCCTCGCCGCACACGATGCTGACGCCCCGCAAGCTGGTCTCGCCGCCCTGGCTGAGCGCGCGCTCGAAGCGCGCGTACACCTCTGCGGGAAGGGGCCCGCTCCAGCGCACCGCGAGCACGTGGCCGCGCTCGCCCTCGTTTTCGCAGGGCGGGCCCAGCGCGATTTCCACGTCGCCGGTGCCGTGGGCGCGCTCGAACTGCGCCTCGAGCTCGAGCCGCGCGCGCTCGATGGTCGGGTGGAGCACGGCGCAGGCGTCGACCTCGATGGGCTCATGGCTCGAGGGCGCGTGCATCCCGACGATGGCGCGCCCGCCCGATGCACGCACGTGCACCCGCGCTCGCGTGCGGTAGCGCAGGGCGGTCGTGGCGCGCACGGACTCCACGGGATGCTCGCGCCACGCCTCGGGAAGCACGGCGCGAAGGTGCTCCACGTGGATGCGCGTCTGCGCATCGCTTGCAATCTGCATCCAATTGCAGCCGCCACATCGCAGCGTGTGCGGGCACGCTGGCTCGACGCGATCGGGCCCTGCGCCCACCACGTTGCGCAGGTTCCCGCGCGCCGGACGCGAGCGAAAGTCGACGAGGGCCTCGATGCGATCGCCGGGGGCGGCCCCGCGCACGAACACCGCGCGGCGTTCGCCCTGGTGCGTGACGATGGCGACGCCGTCCCCGCCGGGCGCGACCTCGGCGATCTCGAGCGTCATGTCGTTCGAAGGCCGCGGTTTTTCCTTACGGGGTCGGGACATCGTCGCCGTTCATAGCGCGCGCCCTACCTGCATGCCAACACGGCATAGCCGCCCGTGGGATCGTGCTCGGTCAGGGTGCGGGCCGTGGCCCAAACCACCGCGACCCGTGTATCGGTGGCGGCGATGGCAATACGCCCATCGCGGACCTGGGCGAGCGCGGGCACGCGCGGGTTGAGTGCGAGCTGCTCTTCCCGCAGGAAAACGGGCGTGTCCGTGGCCATCTGGTCGTAGGCCACGATGGTGATGGCGCCGGGCTGCTCCACCGCGAAAAAGGCGTGCGCTTTGTTGTATGCGACGTCGGCGAACGAGACCTTGCCGAGCGCCTCCGTGTTGAAGCCGTCCTCGACGGTGGGGACGTTCTTGCCCAAATCGAAGACGCGAAACACGACCGATCGCCCGGCCGTGTTGCCATTGCTGGCCACGACGAGCCGCGTTCCCTGC
NZ_CP089982.1_gap78	3170547	3174642	4095	GAAGGGCCCTGCGCTCGTCGAGGCGGCCGGCGACTTCTCCACCTTGGCCTCGGGCTTCTCGGTGAGCGTGCCCGAGAGAAGCAGGTAAATCGCACCGACGAAGAGAAGCGCGAGGAGGCCCGACCCGAGCGCGACGACCCACATCGGGATGCCCTGCTTCAGCGAGCGTGCCGTCATGGTGCGGTTGTCGAGATCCGGCGGCAGCAGCATGGGGCTCTGCCCCGTCGTTGCCGCCGGTATGCCCACCGACGCGTTCCAGCGCGGATCCGGTGCGGGCGCCAGCGGGCTGGCCATGAATGGATTGGGCTGCGCCGGCGCCGCCCCAGGCCCGGCTTGGGGGGCCGCTCCTGGCCGCAGATGGGCGAACTCGTTCGCGACGTTGTTCGGCACCGGCAGAGGAGCGAACGGCGAGGGAATGGGGACCGGCACCGCCTCCATTGCCAAGGTGTGCACCTCGGCGGGGGGCGGAGGAGGAAACGGCTCCACGGGCCGCCCTGCCGCCGGCAATGGCACAGCGGGCTTTTGACCCGTGTTGTTGAGCGGAGGTGCTCCCTGCGGTGTCGCCGCCCCCTTCTCTCGTGAAGCGTCCCGCGGGGCCTCGCGGCTCATGCTGGCGGCGCCCTCTTTGCCCTTGGCCACGAGCGTGTCGTCGTTGTCGTCGAAGTCCTCGCCGCCGTGGTAGCCGAAGTCGGGCAGCGAACCCTGGAGCGTCGGACCGTCGTCGTACGGCCGCACGCCCGTGGGCGGCGTCTCCAGCGACGGCGTCTCCTGGCTTCGCAGCATCGGCTGATCGCCGCGCCTCGGTGCGAGGGCAGGCATACCGGCGGCGGGCCTCGGCGTCGGCAGGCGCGCATTCGGGGGCGCGGCCGCCTTCGCGTCAGGGTGGAAAGGCATTTCGCGCCCCGCGCTCGGCCAGCCCGGATCCACCGGGTGCGTGATGGCCTCGGTGGCGCGGAGCCCCTCGACGTTGATGGTCTGCGTGACCTCCGCGGCCCAGCGCAGGTGCGCCTCGCGCTTTTGAATGCGCTCGGCGAAGATCGACTGCACGTAGCTCGCGACCTCGTCGCTCGCGATGAAGAGCCCGCGCCGCATCAGCAGCGATTGCAGCGCCCGCGAGAGCTCGCGCGCGGTTTTGTAGCGCTCGTTGCGGTTGCGCGCGAGCACCTTCATGACGATCTTCTCGAGGTCGATCGGGTAGCCGCGCACCAACGTGCTCGGGCGCGGCACGTTGCACTCCTGGACCTTCGCCAAGGTGTCCAGGTCATTGTCCATGCGGAAAAGACGCTGCCCGGTGGTCAGCTCCCAGAGCACAACGCCGAGCGCGAACAAGTCCGTGCGGCGGTCGATTGGCTCGCCGTGCACCTGCTCCGGCGACATGTACGCGAGCTTGCCCTTGAGCGTGCCCGCGCGCGTGTTGGAAATGCGCGAGGCGAACTTCGCGATGCCGAAGTCCACGACCTTGGTCGTCCCGTCGTAGGTGACGAACAGGTTGTGCGGCGTCACGTCGCGGTGCACGAGCTGCAGCTTCTCGCCGTTCTTTCCCACCAATTCGTGCGCGGCGTGCAATCCCTCGGCGGCATCGGCGATGACGCGGCAGGCGATTTCCGGCGGCATGGGCGTGCCGATTTCCTCGGTGCGGCGCATCAACTCGCGCAGCGGCTCGCCGTGCAGGTACTCCATCGCGATCCAGTAGCAGTCCTCGTGCTTGCCCAGCTCGAAGACGGTGGCCACGTTGGAGTGCGAGATGCGCGCGACGATGCGTGCTTCGTCGAGGAACATCTGGACGAAGGATTCGTCCTCGAGCAAGTGCGCGTGGATCTTCTTGATGGCGACCCACTTCTGGAAGCCACCCAGACCATCCATGCGCGCGAGGTGCACGGTGGCCATGCCGCCGATGCCGATTTCGTCGACGACGCGGTATCGGCCCAGAAAATACGTGCCCGCGCGTGGTTCCGTGGACGAGCCGCTGCCGCCACCGCCCGAGGAGGCGCTACCAGTGATGTCGGGGCGGTGGACGCGATCTTGGGGCAACGTCTGGGATCTCCTTCACCGGATGGCTTGAACTTGGACGGGAGCGACGGTGACGTCGTCCGAAGGTCGGAGGAGGAAGTACGCGCCTGCACCCGCGCCTGCGAGTACGGCGCCGCCGATGATGTACGGCCAGGGGCTGGACCAGAAGCCCCCGCTCTTCGAATCGTGGTCGTCTTTGGTGGCCGGCGCGGCGCTCACACGGAACGCGGACGACTTCGCCGATTCGTTCGTCAGCGGCGGTGGCACCGAGGCGATGGGCAGTGGCGTGGGGCCTTGGGTTTCCGTCTCCACGCGCACGTTCGATTCGCTCGAGACCCACTCGTTGCCCCGGGCATCGAGCCCGCTCACGCGCACCAAGAGTGCGGCGCCGTCGGTGGCGATGCGGCCCGGCACGTCGAAGGCGACGTGCGCGCTCGCCGCTTGCTCGGTCCTGTACGACGACGTTGCGCTGTCGCCGACGGCGAGCACCACCCGGGTGATGGGCGACTGCGAGCCTACCAGCGAGACCTCGACCCGAAACGGGCGGCCCACCCCCACGTCGGCAGGGGCCTCCGCCTGTAGAGTGACGGGCTGCGATCGCTGCCGGCGTGCGGTGTCCGCGATCAGCGTGGCCTTTTTGCCGGCCTCCGAGGGAACCTTGAACGATGGATCGAGCGTGGCGGCGATGCGGAAGGCTGCGAGGGCGCGATCGCGCTTGCCGAGGACTGCGCGTGCGGCGCCCAAGTAGACGTGTGCCTTGAGTACGTCCTTGCGGGGTAGGCCGCCTTGTTCGAGGGCCTCCGCGAACTGCTGCTCGGCGACGTCGAAGTCACCGCGTCCCCACGCGGCCTGTGCGTGCTCGAAGGCGGGCCCGCCGCGCGGCGGGTCGGCGTTCCGGATCCGTTCCGAGGCGGCGCCGCCACCGGGACCGCCGGCGGACTGAGCGTAGAGGGGTTCGCCGGTCCCGAGCAGACAGACCGCAAGGACCGCTCCCGCGCCGCGCGCAAAGAACGTCTGAAAATCTCGCACGATTGAAATCTCTAGGGCGAAGGTTATCGATCCCGCCCCAAGCGCGCAAGGCTAGGAAAAACGCCAAAATACCAGCGCGACCCGAGAGAGAGGCTCGCTTGTGCTACGGAAACGGCTGCCCGGGACGCCCGCGCTCGAAGTAGAAGCGGAAATTCCCGGTGAGATGACCGCGGCAGCGGGGCGGGGGACCCAGGCCTCCTGGGCAGATTTCCCGAGGATCGACGAGGTACACGTCGAACCGTCCCTCGCTCAGGCGCTGGGCGGCGTTCGTCTCCTCCGGCACGGCGTTGTACAGGTGGTCGAATGTGATTGTGCTGTAGCCAACCCTGGGAGGCGTCGAGGTACCGCCATCGCCGCCGTCGGCACCCGCGTCCCCACCAGCACCCGCATCGGCACCGGGAGGGGATGCGCTGCCTTGGCACGGGCCGATGAAGGGCTCCCCGCTGTCGATGGCGTCGCAGGTCCCGTTGGCGTTGAGGCTCGCCGCGGAGACCGCGTGCAGGGCCACGTTCTGCGTGCGGCAAGTGCGCTGCAAGTACAAGGTGAGGTGCACCAGGCCGGGATCCGGATCGGGCGTGATGGGAACGCCCGGCGGAAAGACGCCCACCGGGAGCGAGACCTTGAGCGGCTGGCCGAGGCGTGAGGGCAGGCCATTGTCGCCGCGGATGGCGTGCACGTCGTCGACGAGGATCATGATGCCGTCGCTGAACGTCTCGAAGTCGCCGCCGTGTTGGATGCGCAGCTGCACGCTGTCGCGGTACGGGACACCCGCGTAGAAGTCCGGCGCGAGCCGGAAGTCGCCCGACCAGCAATTGGGGACGTTGAGTGTGCCCCCGATGCTTCCTTCGCCGTCGCCCAGCGAGCCGCATGCGGGAACGAGCACGGCGCCCAACAACGCGGTGGCGACGATGGCGGGAGCGAGTCCGCGCGTGAGGCCCATGCCTCGCATCCTAGCGCCCATTCGAGGCGCCGCGCACTCACGAAGCGAGGTCGCGCGAGCGCAATCGTCCGCCGCCGAGGACGCGGTCGCCATCGTAGAAGACCGCGATCTGCCCC
NZ_CP089982.1_gap79	3176446	3181323	4877	GTTCCGCGCAACAGCTGTCAAGAGTCTCGCGGAGGCTGAAGAGGAATGGGAGTTTAGCTAGGAACTTGACCTCTGACGTACTACGCTCTTCGCCCTTCTTCGATGTGCGCCGCACATGCACCCGAAGAGCACACCCTTTTCCTAGGGAAGAGTCGCGTTTTGCCTCCGATTGACCCACAAGAACCGTCGCTGGGCGCCTGGCGCGTGTGGCTCGAGGCGCTGGCCAGTGATGCGGAAGCCGCTTGGGCGGCGGCCCTCACGTATGGGGAGTTGCCTCGCGCCATTCGCCAAGATTGGCTCGACGCGCTCGATGCGGATCTTCCGACCCTGGGTGTGCCCAAGGTGGCCGTTTACGCGCCGCTGCTCGCTGTGGAGGCCGACGAGGAGCTGCGTCTGCGCATGGTGCACGCCATGGGGCCGCTCGAGGGAAAATCCGCCTGGCAAGCGTGGCGTGCGGACTCGGCGCAGGCCGGCGCGCCCGAGGGAACGATGACCCTGGTGCTGGTGCGTTCGCTGTACCTGCACTTCGTCGAGCTCCTGGTTTGCAACGTGGCCCCGGACGACGTGCTCGTATCGGCGGTGCACGAGCCGCTCTCCGACGGGCGGGCGTTCGAGGCGGGCCAAGCCGTCGATGGAGAGCCCTTTTCCGCGGGGCCGCTGCAGCCCGTTCCTCTGGAGGACGCGGTGGAAACCTTGGCCCACGCGGTGGTGGCGGAGCGACGAAAAGGCCACACGCTGCCGGACGTGATGGCTCGTTTCTCCGATCTGTTCACGCCCGTGTATCCTGGGCGCACGTGAGCGAAGAAAACGACGTCCCGCCCGAACTCGTGAAGCGATGCGGCAGCTGTGCGCGCTTCGTGCGCGTCGTCGAGGCCATCGATGCCAACGGCGAGGTGCACCGCACCGGCGAGTGCCTGCTCGGCGTATGGCCTTCGCCGATACGCGAGACCAACACGTGTTCGCAGTACGTGCTGCGCGGGACCTTCGCCAAGACGGTGCAAGCGAACCGCCGTCCGTCGCAGGCAAGCCGCCGTCCCCGCGTCCCGCGCGAGCGTTCGGAGTCGGTCGACGAGACCATCGAGCCTTTCGAACTGGAGATCCCAGAGGAGCTTTTGGACATGGACGCAGAGGAATTTCGACGGGTACTCCGATACGTCATCCGCGACGAACTCGGGGTGAGCGAGGTGAAGCTCGGCGGGCGCTGGAGCGGCGGCGAAATGATCCTGAAGCCGGGCAAGGAAGGCACCGCCGAAAAGCGCATCCCCATCGAGTCGCTGTTTCACAAGATCGTGATGATCCGCGACAAGCTGCGCGTGCTCGAACAAAAGCTGAATGCCCATCCGCAGCTTTCCGACGAGGAAAAGGTGCAGATGCAACAGTACGTCACGCAGTGCTACGGCTCGCTGACGACGTTCAACGTGTTGTTTGCCGAGCGCGACGACGGATTCAGCGGACAAAAAGGCGCGAAAGACGATTGATGCGGGTCGGGTACGTTCTTGCTTTTGCTTGCGGGCTCGTAGGTCTTCTCGGGTGTGGTTCGTCGAAGCCGCCGCCGCCGGTGGGCGTCTCCACGGTGCAGAGCACCGAGCGCAAGGCGCCGGTCAAATTCGAGTACGACTCGCTCGACGAGCGCCCGGTGAGTTCCGCTGCGATGAAGGGCAAGATTGGCGTCATCGCGTTCATCACCACGTGGGATCTCTCGAGCCAGGCCCAAGTCGACTACCTCGTGGCGATGTCCAAGCGCGATGGCGATCAGGTGTCCTACGCGCTGGTGGCCCTGCAACCGCGCCGGGATCGCGAGCTCATCGAGCTCTATCGCACCAAATTGGGCGTGACCTTTCCCGTTGCGTTGGGGGATGCCGAGACCATTTCGGGCAGCGGCTCCTTCGGTGACGTGCACTCGGTGCCCACGGTGGTGATCCTGGATCGCGAGGGGCGCATGGTTTGGCGCAATGTCGGCTTGGTGAAAGCGGACGAGATTCGGCGCGAGATTCGCGGCGCAAAGTAGAACACCATCTACCCGTGCCCGTGCCCGTGCCCGAATTTGCTTTCCTTCGAAAATGGCGTACGAATTGATGTATGCCTTTGAATCGTAAGCTGGACAAGCTTGATGCTGTTGATACGAAGGTGTTGAGCCTTCTGGCGGCGCAGGGGCGGATGAGTTGGGCCGAGCTAGGGAACGAGCTCGGGCTCTCGGCGCCGGCGGCGGCGGATCGGGTGAAGAAGCTCGAGCAGCTCGGGTTCATTCGCGGCTATACGGCGGTGCTCGATGCGGAGGGGCTCGGGTTGGGCGTGACGGCGTTCATCGCGGTGCGGCTCGATCGGCCGACGCATCGTGCGGCGTTCTTGAAACGCGTGCGCCGTGAGGCGGAGGTGGTCGAGTGCCATCACATGGCGGGCGATGACGATTACCTGCTCAAGGTGCATGTGACGGATCTCAAGACGCTCGAAACCTTAGTCAGCGAGACGCTGAAGGGCATCGAGGGCGTCATCGGGACGCGCACGTTGATTGCGCTCTCCACCTTGAAAGATGCGCCGCATCTGCCCCTCGAACACCTCGCGCCGGATGAATGACCATGGTGGTTCCCGTCTTTCTCAAAGCCGTGTTTCTCGGCCTCTCGGTGGCCGCTCCCGTGGGGCCCATCGGCATCTTGTGCATTCGGCGCACGCTCACCGACGGCCGCAAGCTCGGCTTCGCGTGCGGCATGGGCGCGGCCACGGCCGACGCGATTTACGGGCTGGTCGCAGGCATTGGCGTCAGCGCCATCGCACGCGCCTTTGCCGAGCATCAAGCCGTGTTTCGCATCGCGGGTGCGCTGTACCTGGCGTACCTTGCGTTTCGCATCTGGACCGCCGAGGTGCCGGAGGAGGGGGCCAAGGTGGCAGGCGGCAACGCGTTTTCTGCATGGCTGTCGACCTTGGCGCTCACCGTCACGAACCCCATGACCATTGCAGCCTTCCTGGCGATGTTCTCCTCGTTCGGCATCGAGCCGGGGGAGAGCCCGTGGATCGACACGGGCACCCTCGTGGGGGGCGTCTTCGTCGGGTCGGCGGCGTGGTGGTTCGCACTCAGCGGCGGCGTCAGCCTGATGCGCCAGCGATTGCGCCGGGCGCACTTGGTCTGGATCAACCGCGTGTCGGCGACGGGGCTATTCGCCTTTGCGCTCAGCGCCGCGTTGTTCGTTCGCTAGGAGAAGCTTCGTGAGCTCGGGCTTCTGCACCTTGCCCATGGCGTTGCGCGGTAGCTCGGGAAAGAGCACCACCTGCTTGGGAACCTTGTACGGTGCGAGACTTTGCTTGGCGAAGGTGCGCACGAGCTCCGTCGCGCACTCGTCGGTGCGGCCCTCGTGCGCAACGACGCAGGCGACGACCCGGTCGCCCCAATTTTCGTCGGGCACGCCGACGACGGCCACCTCGCGGATGGCCGGATGCTCGCGCAGCGCTTCTTCGATTTCGAGCGCGCTCAGTTTGTAGCCGCCGCTCTTCAAGATATCGACGCTCGTGCGGCCCAGTATTTTGAAGTAGCCGTCGGCGTCGCGCGTGACCGTATCGCCGGTGCGGAACCAGCGCTCGCCCGTCGCGTCGGTCACGAAGGCGTCGCGCGTGGCCTCGGCGCGCTTGTAGTACCCGGAAAAGACGCTGGGGCCCGCGATCCAGAGCTCGCCGACCTCGGCATCTCGGCCCTGGTCGTCCACGATGCGCGTGCGCACGGTGGGCAAGGGAAGCCCCACGTGCGCTGGCTTGCGCGGGCCCCGTACCGGGTTGGTCGTCCCGACGCCGATCTCGGTCATGCCGAAGCGCTCCACCGGGATGGCGCCCGCGATGACCTGCCAGCGCTCGGCGAGGGTCGCGGGCAAGGCCGCGCTGCCGCTGGTGGCGAGGCGCAGGCCGCGTGCGCCGCGCTGCCACTCGGCGCGAACCTCGGGGGCGGCCTCGTCGAAGGCGTTGAAAAGGCGCGTGTACATCGTGGGGACCGCCATGAGGACCGTGGCGTTCGGAAGCTCGTTCCAGATGCGCTTCGCATCGAAGCCCGGGAGCATCCGCACCGCGGCCCCCGCCCCGAGCGCGGTCAGCAGGGCGATGGCCAGCCCGTGCATATGATGCAGCGGCAGCGCGTGAAGCAGCGTGTCACGCTCGGTGAACTCCCATGCCTCGGCCAGGAGCCGCTGCTGCGTCTCCAGATTGCCATGGGTCAGCACGGCGCCCTTGGGCTTTCCCGTGGTCCCGCTCGTGTACAGCTGCAACGCCGGCGTATCGGGCCCGAGGATCGGAGGTCGCTCGAGCTGCGGCCCATCCGAGAACACGGGATCGTGGGTCGAAAGGACGCGGCGGCCTTCCGCGGCTTGCTCGAGCCGGGGCCGCAGATCCGGCGAGACCAGGATGGTACGCACCTCGGCGTCCTCGCAGAAGTAGGCCATCTCGCGCGCCGGATGCAGCGGCGACAGCACCGTCACGACGCCGCCGGCCATGAGCACGCCAAAAAAAGATGCCACGAAGTGTCCGCCGGGCGAAACGAAGATGGCGACCCGTTCGCCTGCCAGCGAATCTTTCCCTGCACCCGCACCACCTGCACCAGAAAGCAGCGCGGCCGCGATGCGCCCCGCCCGAGCATGAAGATCGGCATAAGTCCAGGTGCCTTCGTCATCCGCGATGGCGATGCGAGCGTCGCTTCGGAGGTTCATGCCAAGGTTCATGACAGGTACCGCCGTACCTAGCACGAGAGGTCCGGATCTTGCGCCGTTGACGCATCGATTCGGATTCCTATGATGGGTTGTTGTTCCCTCTGCCCGGTTCGAGAAGAGACGGTTTATTTTTGATCCCTACAGGCGTGATTTCGGAGGATTAGCGAACGCTCTGTGTGCACGCCGGGCCGCGCG
NZ_CP089982.1_gap80	3183057	3187424	4367	GCCATTTGTTGCTGCGTGAGCCCGCGCGCTTCCCGCAGCTGCCGAATATTCTTGCCCAGTCGCGTGGCCAGCTCGTCGCCCATGACGACAGGTTGGATCGCTGCCAATAGATTGGCAAGCATGTCAACGAAAGGGAGAAGGCGCCCCACTCTGTCGGTCAGATGGAGGACACCATGGAATGGTCAGGACGAGGGGTGCTGGTCACGGGGGCGAGCCGTGGGCTCGGAGAGCAGCTGGCCCGTTGGTTTGCAAAGCGGGGCGCGCGCGTCGGCCTCGTAGCGCGCGGCCGCGAGGAGCTCGAGCGCGTCAAAGAATCGATTATGGCCGAGGATGGAACGGCGGCGGCGATCATCGCCGACGTTGGGGACAAGGACGCAACGTACGCCATCGCCGGCACGGCGGCGGAGCTGATCGGCCCCGTCGATGTGGTGGTGCACTGCGCCAGTGCACTCGGGCCGCTGCCGATGCCGCTGTTGCTGGATACGGCGTGTGAAGATCTGGCGAGCGTGCTCGAGACGAACCTGATCGGGCCGTTTCGTTTGACGAAGGCGCTGGCCGGGCCAATGATTTTGCGAGGCAACGGCGTCGTCGTGTTCATCAGCTCGGACGCGGCGGTGAATGGTTACCCGGGTTGGGGTGCGTACGGTGTGTCGAAGGCGGCGCAGGACCATCTCGCGCGCGTCTGGGCGGCGGAGCTTACGGAGGCGGGCGTGCAGTTTTTGAGCATCGATCCCGGCGACATGAACACCAAGATGCACGCCGACGCGCTTCCGGACGCCGATCCGGCGACGTTGCTCGATCCCGCGGTGGTGGCGGCGCGCATCGGCACCATCCTCGAGCACCGGGCGCGGATCCCCAGCGGTACGCGGCTCGAGGCCTCCAGTGCGGCAAAGGAGGTGGGCGCGTGAATGCGGCGACGTTTCCGCGCGATCGCCCGCTCGAGGAGCGGCTCCTTCATGTCGACCCGCGCGCGGGCACGCTGCGCGATGCGCGGATAGGGGATCTCGCATCGCTGATTCGCGCGGGCGATCTCCTGGTGCTCAACGACGCCGCGACCTTGCCCGGTGCGATTGCCGCACGCACGGCATCGGGCGCGCCGCTCGAGGTGCGGGTGCTTGCGCGTACGGGAGGTGCGCCGCTTGCGGCGCCCGACTTTCAACGCAGCCCGACCTGGCAAGCGGTGCTCTTCGGCCCGGGCGATTGGCGAACGAAGACCGAGGATCGCCTTCCGCCGCCCGAGGTGCGCGTCGGGGATCGCCTTGCGCTTGGTGCGCTTGCCGCGTGCGAGGCGGTCGTCGAGGCGGTGGATGCGCGCTCGCCGCGGCTGGTGACCCTGCGAACCGAGGCGACCGTGCAGGAGCTCTATCGGATCGGCAAACCGGTGCAATATGCATACATCGAGCGCGATCTGGCGCTTTGGCAGGTGCAGACAGCCTACGCGTCGCGGCCTTGGGCGGCGGAGATGCCCTCGGGGGGACGGCCGCTCACGTGGGGACTCTTGCTCGCGCTGCGCCGGCGCGGTGTGGGCTTGGCGTCGCTCACGCACGCTGCCGGGCTCTCGTCGACGGGCGACGCCGAGCTCGATGCGCGTCTTCCCTTGGCCGAGCGGTACGAGATCCCCGTCGAGACGGCACGGGTCATTGCGAAGACCCGACGGGAAGGGGGCCGCATCGTGGCGGTGGGGACCACGGTGGTGCGCGCGTTGGAGGGATCGGCCCTCGATGGCGCGGAAGAAGCAGAAGAAGGAGAAGAAGCAGAAGAAGGAGAGACCAACCTGCGCATCGGCCCCGGTTTCCGGCCGTGTCTGACGGATGGCATCCTCACCGGGGTTCACGACCCTGCGGCCAGCCATTTTTCCTTGCTGCAGGCCTTCGCGCCGAAGGCGCTGCTCGAACGGGCCTACGCCCACGCCGAGCGGGAGGGGTACCTGGGGCACGAATTCGGTGATTCGTCGCTGATTCTGCCGGACTGAGCCTCGTACCCCCTTGCATCAGAAGCGAAAGTGAGGTTCTTTTCGCCCGCAACCATGGCGACGACCTCGAAAGAATCCGCACCTCCCGTTCGTACCCTGGCCGATCTCCGCAAGGACGACCTCGTGCCGGAAGAGGGCGACTGGTCTGGGCCGAAGCTCGCCGTGCTCGGCGTCATCTCGCTCGGCATCGCGCTGGCCTTCCTCTACGTCATCAGCCCGTACAGCGGCGTCATTCTTCCCTAAGGAAAGAACAACACCGCCGCCTCGCCGCGCTCGGCGATCTTCTTGTCGATGATCGACAGGACGGTCGCGCGCCGTGCGGCGACGCCTTTGAGGACGGCAGCCGAGAGCAGAGGCTCCCCCGACTCGTCGCCGAAGGCGCGGGAGAGTGCATCGCCATCGAGCTTGCGCAGCGCTTCGACGAAGCTTCGTGAAAAGCGCTCCGTGCGCTGCAAGAGGGCGGTCTGCTTGGCCAAAGGGCCCGGTGGGACCGGATCGAAGAATGCGCCATCGTTGTCGATGAAGAGCAGGTGCCCGCCGGGCCCGTTGGCCCCGAGGTTGGCGCCGCTCCACCGGTCCCAGTTGCCGGTGATGAGGTCGAACGCGATCAGCGTGGAAATGTCCGCCGCGATGATTCGGTCCTTCTCGGGAATTTCGGCGCCCTTGAAGAGCCAGGGCTCCCACTCGGCGCGGCTCTTTTCCGTCTCCACCGGGTAGAACTCGAGCTTCGGAATCCACGGAATGAGCGCGCCGCGCACACTGCCGTCGGCCTCCGCGATGACCTCTTCGTCGAGCAGGCTCGCGTCCTTGCCCTTCGTCGCCTTGTTCAAATCCTCTTTCGCGACATGGAACGGGAAGGCGAGCGGCACGTTGGGAAGCCCGAGCGCGCGCCCCAACCGATACGCCGCGATCTCACCCTTGTAGCGAACTTTCCCTCGCTTCGAGCGCGGCTTCCACGCGGCCCGCTGGCCGTTGGAAAAATCGATCTTGAACACCACCGACGTGTGCCCGATCGATTTGGCGCTCGCCGGCGTCGCGTCAGCAAACGCCGCTTCGTCGACGACCAACTTCGCCGCCGACGTTTCCACGTTGGCCGGGGCGGCATCCGAGGCCGCAGGTGCCGGCGCCGCCACGGGCGTTTCCACCTTGGGCGCCTCCGCCTTGGCCGGTTCCTCCTGCCGCGGTGCCTTGTTGCACGCGACCAGTGCCGCAAGCACCATCCACAACGCTGCGCGCTTCATGCGCGCCGACTCTAGATCAGCACGCGCGTCTGGACGAATTCGCGGATCTTCGCGTTGACCAGCTCGTGCTGCTCGAGTGCGGCGACGTGGGTGCCGTTCTTCACCACCATGAGCTCTGCGTCGGGGATGGTCTTGGCCATCGACTCGGCGAGAAAGGCCGGTGTGAAGGTGTCGCGCTCGCCCGTGATGATCAGCGTGGGCACATTGATCTGCGCCAGAAAATCGCCCGCGGTGTGTTCGCCCGCGGCGCGCAGCATGCGCAAAAACAACGGAAGCTCGACGTGCGGCACGTGCTGCAGGTACGGCATGATGTCCTCGCGCGACACCTGCCCGAGGTCGATCTCGCCGATTTTCGCAGCCACGTTGAAGGCTAGCTCCGGAGGGATGCGCGACCAAAGGGCACGCACCAACTCGGGGCGCTTGAGCGCCAGGTCGAGCAGCTTGGGCAGCACCATGTCGAGTACAGGTAGCCCCTTGAAGGTGCTCGTCAGCTTCCCAAAGGTCCCGCAGATGAGAACCAACCCGCGGACATTGTTGGGATGACGCCGATATCCTTCGAGAACCACCTGGCAACCCATGGAGTGGCCCACGAGCACCGCCGGAGGATCACCAACTTTACGCCGAACGGCCATCAGATCGTCCGCGTGCGCGGCCACGTCGATCCGATCCGGATCGTGCGGGGCCCCACTGCGACCGTGGCCTCGGTAATGCCAATGCGTAAGGGGCACGATCTCGCCGAGATCGTTCCATAAGTACTTCCAGATGAAGCCGTCGCAGAGGATTCCGTCGCAGAGGAAGACACGAAGATCGGGGATCCCGCCGCCCACACCAATACCAGGGGTGAGGGCTTCAGAAGAGGGGGATGCCACCGTCCGCGAACGGACAAAAAGCTTCGTGTCGTCGTCGGCTACGGCGATAGTCTGCTCCTCCATGCTGCTTTGACCGGATTGGCCTGTCTGCGCGGCTTCGATATGCACGGGAGCGAGTTACACTCGACCAGGACTACTTACTCGTCGGTGTCGTCATCTTCGCCCCCCTCCACGTCGTTGACGCTGGGGAGCTTCTTGATTTCAAGACGAGAGATTTTCCACGCCCGTTGCACGACCCAGGAGAGTGACCGGTCGAGGCGGGCGGCCTCTTCCTTGATCTCCTGG
NZ_CP089982.1_gap81	3195914	3200603	4689	TCCACGCAGCCGAATTTCCATTCATCTGGAATACGACGGACGCGTTCCTCTATCCGCAAACGTCGGCCGAGCAGCTTCTCGGCACGCGGGCCCGCACGTATTGGACGCACCTGGTGGACGGCAATCCCAATCTTGCCGGTTTGCCGGAGTGGCCGAAATACGATCTGAAGGACGAAAAGACGCTGGTGCTCGATACCAGCGTTTCCACCGTGAACAATCCGCGCGGTGCGTACTGCGATTATTTCGACAAGGCGCTCAATCAATATTGAGCACAGGAGCAGGGAGAAGCGTGCCATGTTCGATGGGAATGCGATCGCCAAGAACCCGGCGACACCGCTCGCCGCGAGCTGCAAGACGTTGCCGGAGCTGTTTCTCCAGCGCGTCTTGCGCACGCCGAAGCGATTGGCCTGGAAGCGGAAGTCGGGCCAGCAGTGGGTCGAGTCCAACTGGAGTGAGTTTTACGAATCCGCAGCCGCGGTGGCCACGTGGCTCATCGACGCCGGCCTCTCGGTGGGCGACAAGATCACCATCATCGGTAGCACGCGCCCCGAATGGTGCATCGCGGACATGGCCGGGCTCTTGGCCGGTGCGGTGACGGTCGGCGCCTACCCGACGCTGTCCGTCCCGCAACTTGGGCACATCCTGGAGCACTCGGATTCGAGGTTCGTGTTCGTCGAGGACGCGGAGCAGCTCGAGAAAGTGCTCGCTTTGCTGCCCGGCCTGCCCAAGGTGGAGGCGGTGCTGGTTTGGGAAACGCGCGGGCTGGAATCGGTGTTCGCCGTGGAGCCCAAGGTGCGGCCTTTCACCGAGGCGCTGATCACCTCGGTGGACGTGGTGGGCGTGCAGATGCGCGCATCGCAGGTCGACGAAAAGAACACCGCGATCATCGTCTACACGAGCGGCACGACGGGGCCGCCCAAGGGGGCGATGCTTTCGCACCGCAACATCATGACGCTGCTTCGGGGCGTCGGTTTCGTTCCCCTCGAGGAGGGGGACGTTTGCCTGAGTTTTCTGCCCATGGCCCATGCGGCCGAGCGGATCGTCGCGCACTATTTGCGAATCAATTACGGGACGGGGACGGCGTACGCGACGAGTACGTCCGCGGTCATTCACGAATTGCGCGAGGTGCAGCCGACGCACTTCGGCAGCGTGCCGCGCATCTTCGAGAAGGCGTACGCGCGCATTCAGAACGAGCTGACCAAGGCGCCGCCGCTCAAGCAGGGGATCTTCCGTTGGGCCGAGGGCGTGGCGCAGCATGCGGTGCACCATTGGCAAGAAGGCAAACCCATTCCGCGGGCGCTGCGCCTTCAATACAAGGTGGCCGATCGGCTGGTGTACTCCAAGTTGCGCGCGCACTTCGGTGGCAAGGTGCGGTTCCTTCTCACGGGGGCGGCGCCCACGCCCAAGAAGATCATCGAGTTCTTCTGGGGAATCGGCTTCCCGGTGTTCGAGGTGTACGGCATGACGGAGGCCACGGCGATCACGCACATGAACCGGCCCGGCGCCGTTCGCCTCGGATCGGTGGGAAAGGTGGTCGACTTCTGCGAGGAAAAGCTCGCCGAAGACGGCGAAATTCTGGTGCGCGGCGACGTCGTCTTCCAGGGCTACTACAAGGACCCGCAGGCCACGGCGGAGATGATCGATGCCGATGGATGGCTGCACACCGGCGACATCGGCAAGCACGATGGCGATGGGTACCTCTACATCGTCGACCGGAAGAAGCATTTGATCATTACCGCCGGTGGAAAGAACCTGACGCCGAGCAACATCGAAAACGAGATCAAGGCCGAGGATGCGATCATCAGTCAGGTGCATGCCCACGGCGATCGACGGGCTTACGTGACCGCGTTGGTTTCGATCAGCCCGATGGAGGGTATCGACTGGGCGCTGAAGAAGGGGCTCGTCGAACGACCCGACGTGTCGGATCGCATGAAACGGGCGCTGATGGAGAATCCATTGGCCCAGCCCGAGGGGCTGGACGCGCTCATGAAGCGTCTGGCGCTGGAGGCCGACGTTCGCGAGCGCATCGCCGAGGCCGTGCGACGCGGGAACCAAAAGCTCTCGCGCGTCGAGCAAGTCAAACGCGTGTACATCTTGGACCGCGAGTTCTCGCTCGAACATGACGAGATCACGCCCACGTTGAAGATCAAGCGCAAGATCGTCGAGAAGTCGTTCGGGCGGGTGTTCGACCAGCTCTACACGGATCCGTCGTTCGGGATCACGGTGGAAGCGGAGAGGTGATAGCCTCGTTTCGCTTTGCGCGAACAAGGACGATTCATTCACGTCGAGGTCGAAGAGCACGAGGCGCTGCCCGATGGGTGCAGCATGCGCTTCCACGGTACGGGGCAACCGTTCACCGTGGAGCGTGTGCGCTACGAGTCGGAGGATGGCCGCGAGGGCATTTGGCTGGTGCATGCCGCGCACGCGGACGGGACACGGGGGGCCGCCATGGGCAGCACCGTGGAAGACTCCAGCGCGGGGTCGTCGACGTTGGTCTATGGCGGCGCGCACGGGCTGCGACTCGTGCACGAGGACGGCGGCGACGAGGTCGCCGAGCCGTATCTCCTTCTCGCGCCGAGCGCGATCATCTAGCTGTCGACCATGGCGTGGCGGCATGGATTTTCCATGCGAGGAGGCCGCGGCTCCCGGCGGCGTGCGGAGTACACACGGCGGCGTGATCACGCATTCCGCGCAACCTCAGACGTCCTTCCGCTGGCCTTCTCTCTGCCAGACAAAATGAGGGGCAAAAGAAATCCGGTAGATGCGAGCAGTTTTTTGCGCTGCTTCCCCAACGAGGTCCTCGGCTACCGGTCCGCGCCCGCAGCGCCTCCCGTAGATTGGATGAACCGGCGGCAGTAAAACCTGACGCGTCGCCGCCGCCGGACGTCACGCCCACTGCAACGCCGAGATCGATGGAAGGTCTCAGCCGCAGCGGGCGCGCCGTCCGGCTTTCCTCGCGAAGAAAAACGATCGACCTCCCGCCGATCGCCGAAGCTATCGGCACCCCCGCGTGGTCAGAGCCACAAAGAGAAGTGGGGGCCCAAGGGAGGTCGATCATGCGTAGCGTAGGCCTGGATTTAGGAGCGCGCCACATCGCTTATTGCGAGGTGTGCGATGGGAAAGTCGTGGAGCGGACGAGCGTGCAACAGATCGAACAGCTCAAGGGTCGATTGGGGCCCGGGACGCTTCCGGCCATTGTCGCCTTCGAGGCAGCGCGAGAGGCTTGGTTCGTCCATGATCTCCTCCGAACCTGGGGACACGAGCCGAAGATCGTCGACACCACGCGACTCAAGACGATCGGGATAGGACACCACAAACGCAAGAACGATGCGCTCGATGCCGAGCACCTCGCCATCGCGGTCGAACAGGGGCGCATTCCCGAAGCCCACGTCCTATCGGTGGAAGGTCGAGAGCTTCGCGAGCAGTTGAGTGTCCGACAAGCGCTGGTTGAGACCCGCGCGGGTTACGTGACCACGATCCGCGGCCTCGCGCGTGCACATGGGAAACGTGTTGCTACGTGCGATATCAGCAACTTCGTGACGCACTTGGAAGCAACCGAGATGAATCCTGGCTTGCAGAAGCTTGTTGCGCCGTTAGCCGCCATGCTGAAAGTACTCGACGAGCAGCTCGTGAGAGTGGAAGAGAAGTTGCAGAACTTGGCAGGGCGAGATCCTCGGATACGTCTTTGCGCCACAGCCCCCGGTGTAGGGCTCATCGTCGGGGCCACGTTCATGTCCGTCATGGACGATGCCCACCGTTTCAAGAATGCCCATGCGGTGAGCGCCTATCTCGGACTCGTTCCGTCCGAATCGACCACGGGAGGACCGAGCAAGCGTCGTCTCGGAGGCATCACCAAACAGGGAAACCCTCACGCGCGAGCCATGCTCGTGCAAGCAGCCCACAGCCTACTGCGCACGCGCAAGCATGCCGGGGACCCCATTCGTCTTTGGGGAATGAACATCGCCAAGAAAAAAGGAAGATCGATCGCGGCTGTCGCCGTGGCCCGACGTCTTGCTGGTGTGCTCTGGGCGATGTGTCGTGATGGGGCTTTCTACGACCCGAATACGGCCACAAAGGGGACTTTCCAGAAAAAGAGCATGCGTGGAAGCGATGAAACTCAGCGCACCGTTGCGCTCCGGCGCGCGACCAAGAAACTTCAGCGGCGATACACTCGCCGTAAGACTTCGGAGGTCACCATGACGTGACCCACCCGATGCGCCGCAGAGCGCGCGACGTTTTGAGAACCCATTGGAGGACGATGAACGCGGGGAGAGCGGTGTGAGCACGACCGAGGTAACGCCAAGGTCGAGAGCTCGCCCCGTAAATTGCGTCTCGCTCCGCCCTACGAATCCCATACTGCGTCCCGGGGCTACCCGCGACCATCGCTGCCCGGTGAACGCGAAGAGTCAATTGACGGCAAACTCGAAACACACGTCTGGCGGCCCATCTTTTTCAAAACGCAGCGGGCTCGTCTCGAGTCACAGGAGAGCTCCATGCTTCGCCAAAACACCTCCTCCCGGACGACGAAGAAAAATCCGAAGAAGAAGAAAATCGCCTTGCATAAACCGCCGGTACAGAGTCACCACTCCGCGTGTTGTTCCCGCTGGCGAGGCTCCCGTAGGAGTGGCTCCTCGCTATCAACGGGCACGTGGAGGGCTGTTACCTCCCGCTCATACCAATGGCAACCCA
NZ_CP089982.1_gap82	3205505	3209506	4001	CTCGTCGGGGGTGAGCGTCTTCACGCTGCCTTGCGTGCCCACCGGCATGAACGTGGGCAGATCGACCTCGCCGTGCGGCGTGGTGAGCACACTGCGTCGCGCGTTTCCATCCTGCGCGAGCACGCGAAAGGCGAACCCCGAAGCGCGCGGCTTCATGTGGCGCGGGTCAGGAGCATGGCATCTCCGTAGGAAAAGAATCGGTAGTCTTCACGCACGGCGTGACGGTAGGCGGCGAGCACGCGTTCATATCCACCGAAGGCGCAGACCAGCGCAAGCAGGGTCGAGCGGGGCAGGTGAAAATTCGTGACAAGCATGTCCACCACGCGAAACTGGTAGCCTGGCTGAATCAAGAGCCGCGTTTCGCCGTGTGTGGGAATCACGTGCCCATCGCGATCCGGGCTCGCGGCACTTTCCAGTGCGCGCACCACCGTGGTGCCGATGGCCACCACGGGCTTGCCGCGCTCGCGTGCACGGGCGATGGCGCTGGCCGTGGTGCGGGAGATCTCGAACGTCTCCGAGTGCATGGGATGCTGATCGAGATCTTCCACCTGCACGGGCTGGAACGTGCCCAGGCCCACGTGCAAGGTCACGCTCGCGAGCTCACAGCCCCGCACGGCGAGACGCCCGAGCAATGCGCGCGAAAGGTGCAGTCCCGCCGTCGGCGCGGCGAGGGCACCCGGCACGCGCGCGAACACCGTTTGATACCGCTCTTGATCGAGCGGCTCGTCGCCGCGCTTGATATAAGGCGGCAAAGGCACGTGTCCTTCGGCCTCGATTGCACTGCGGATGGGCGCCGGCGCCATCGTGCTCACGCCCACCTCGAGCAGGCCATCTTCGCCGCGCCCGAGGAGGCGGATGATCACGTTGCCCGCGATCACGTCCGATCCGAAGCGCAGGGGCTTCGATGCTTTGCCCAGCGCGAGCCACACTTCCGCCTCGCGCGGATCGCCGCCGGGGATTTCCAAAGTGCGCGCTTCGACGAAACGCACGAGAAAGATTTCCACCTTGCCGCCCGTGTCGGCCTTCACTCCGAGCAGGCGCGCAGGGATCACGCGCGTGTCGTTCACCACCACGAGGGCGCCCTCGGGGATCAGCTCGGCGAGTTCGGCGACGCCGCGATTCTCGAGTGCATCGCTGTCGGGGGGCACCACGAGCAAGCGCGCTTGCTCGCGTTCCGGCGTGGGATACTGAGCAATGCGATCCGGCGGAAGGTCGTAATCAAAAGCTTCGATACGCAAGGCCGGCGGACACTATCTCATTCGCGTTAGTCGCGTTAGTCCGCGCAATCAGTGGCTTGCGACTTTGCGAAACTGACGAGCGCTCTCCGGACCGGACGCGAGCTTGGCGCGCAGGAAATCGGCGAGCTCGTCGAGTCGGTACGGCTTGGGAACGAAGCCGACGACCCCGCAGTCGGCACGCACCAGCTGCCGTTCGCTCAGATGGTATGCGCTGGTCAGCACCAGGAGCATTTTCGGATAGAGGCGTGAGAGGCGCCGCGCGAGCTCGATGCCGTTGATGCCCGGGAGCATCAAATCCAGGATGGCAACGTCGGCGGCGGAAAGCGCGAGCGAGGCGAGCGCCGATTCGGCGTCCAGCACGGTCGTGACTTCGAAGCCTTCGAGCCGGAGACCCAGCGCAAGTGCGCGTCCTTGATTGACCTCGTCATCGACGACAAGAACTTTTGCACTCAAGGACACCTCTCATCCTTCCTCTATCGATCGCTGTCGAATCCGTGCACGTGATCCGGAGGTCCCCCGCTTGCGGCGGCGGACGTTCGACGCGGAGGTCTGCCGCTTGCGGCAAACCGACTTTCAACGCAGCGGAGGCCGCTGATTTACCCGCGCTAAAGCAAATTCAGTGCCGACGGCAAACCGCACAAAATTGGCGCTGAACACCATGCTTCAGCGTGCATGCGTGAAATGCGGTCGCAAAAATGAAACCCGTTGCGAAGGTCGAGTGCGCTTACTTCGTATCGAAGACGATGCCCAGACGGGTCATCTTGCGCCAGAGTGTCGTGGGCGAGATCGCCAGGAGTTCTGCGGCTTTTTCGCGGTTTCCATCGCTCTCGCGGAGTGCTCCTTCGATGGCCGTGCGCTCCGCCGTGTCGACGACATCCGCCAAGGCTCGGCCGCCGTGGTTCGAGCCTGAGCGCGCTTCCTCGCCGATGGGCGGGGGCAGAAGGTCATCTGCCGTGATGGTGCCGCTCTGCACCAGCGCAACGGCTTGCTCAATCATGTGCTCGAGCTCGCGGATGTTGCCCGGGAAGTCGTAATGCGCCAGCGCGTCGAGCACGCCGTCGTGCAGGCGGGCGCGTACGCCCATCTTCTTGTTGTACTTTTCGAGGAAGTGCATCATCAGCTCGGGCACGTCCTCGCGGCGTTCGCGCAGGGCAGGGAGCTGGAAGCGCGCCACGTTCAAGCGGTAGTAGAGATCTTGCCGGAAGCGCTTCTCCTGCACGGCGCGCAAGAGATCCTGATTCGTCGCGGCGATGATGCGAACGTCCACGCGGATCGGTTTGTTCTCACCGACGCGGCGCACTTCGTTCTCTTGGATGACGCGCAGGAGCTTCGCTTGGAACGACAGCGGCGTCTCCGCGATCTCGTCGAAGAAGAAGGTGCCGCCGTGGGCCTCTTCGAAGAGGCCCTTGCGCGCGCTCACTGCGCCGGTGAACGAACCGCGCGCGTGGCCGAACAATTCGCTCTCGAGCAAGGTCTCGGTGATGGCTGCGCAGTTGACCGGCACGAACATGCGATCGCACCGCCGCGAGTTCGCATGGATGGCTTTGGCGACGAGCTCCTTGCCGGTGCCGCTCTCGCCCGTGATGAGGACGATGGCGTCCGTCGGGGCGATGCGCACGATGCGGCCGAGCAGATCGCGGATGGCGCCCGAGCGCCCGACGATGTTCTCGAAGCGGTAACGATCTTTGAATTCGCTGGCCAGGAACGCGACTTCGCCTGCGAGGCGGCGGTTCTCCAGGGCCTTGTCGACCTTCACCAGCAGCTCCTGCTCGGTGAACGGCTTTTGAATGTAATCGAATGCGCCGAGCCGCATGGCCTCCACGGCGCTTTCGATGGTGCCGTAGGCGGTCATCACGATGACTTCGGTCATCGGCTGCGCCTCTTTGATGGCGCCGAGCACCTCCATGCCGTCTTTCGTGCCCATACGCAGGTCGGTGAGCACCAGATCGAACGCGCCCGTGGCGCCACGCTCGGCACCTTCATCGCCGTCGGCGGCCTCGTCTACTTCGTATCCAACCCCCTTGAGCATCATTGCCAGGGTGGTGCGCATGTTGCGCTGATCATCGACGATCAGAATCTTCGGCATGGTCAGAGGCAGTCTAGTACGTGGCTGGATGGATCTCGTCTAACTTTACCGCCGAGGTGGTGGCGCTTCGAATCGAAACCTACCTGCAGCGACGCCGGACGTGGTTGCGATTCTTTTTCGTAAGGTCGAGAGATTCAGGTCAGGGGGGTTTAATTGTCAGGAGCGCCCGCCCGGATCCAGTTGGCGATGCGCTTCATGTCGACCTCGTCGAAAGCGCACACGGGAGCCTTTGGCATGGTGCCGCCGCCTGTGCTCTTTCGAAGCACGAGGTAGAGAGGTGAGTGTTCGGGTGCCGTCTGATCGGCCTCCGCAACGAGCCCCGCATCTCGAAGGTGCTGATAACACGTATCTTTTCCATCCGGTTCGTTTTCAGCAGGGCAGATGAAGCCGTTGCTGCCGAGCGCGCCCGGTTGATCGCTCGAACCGTGGCATCGTCCGTTGCCGGCGCAACCACCGGGACCGACATGTCCAAAGTAGTCTTTGTAGAGCTCCGTAAACGTGAAGCCAGTGCCGCGCGCGCCTGTCTCTACGCACAATGGCGCGACAGTCACGTCGCGATCGGCTGCCCCCGCGTCGGCCATGGGCCGCAATTTTTGCGGCGGGCTCTCTTCGGAGGTCCCGCCGCAGGCGAGGAGGGCGTGGCAGGCGTAAACGGCGAAGCCCGCGACGAAACCGAA
NZ_CP089982.1_gap83	3367501	3368438	937	TCCGTGCCGAGCCACATGCCTGCGTGGCACCTCGATGCGCCGGTCAAAGGCACGTTCGAAGATCTCGCGTTCGTGGCGCACCCCGATGCCGATGTCCCTCTCGCGCCGGGGCAGGTCCGCATTGCCGTGCGTGCGACCGGTCTCAATTTTCGAGACGTCCTGACCACGCTCGGAATGTACCCCGGGGAGGCGGGACCGCTCGGGCTCGAGGGCGCCGGCATCGTCACGGAGGTCGGGCCCGACGTGCCATCGCTGGCCGTGGGCGATCGCGTGATGGGGCTATTCCGACGCGCGTTCGGCCCCATGGCCGTCGCCGACCATCGCTTGATGGCGCGCATGCCCGCCCAATGGACGTTCGCGCAAGCTGCGAGCGTTCCCGTGGTCTTTCTGACCGCCTATTACGGATTGGTCGATCTCGGTCGTCTCGAAGCGGGCGATCGCGTGCTCGTCCACGCGGCGGCGGGTGGGGTCGGGATGGCCGCCGTCCAACTCGCGCGGCACCTGGGCGCGGAGGTGTTCGGCACCGCGAGTCCGAGCAAGTGGGCCACCCTGCGCGCGCTCGGCCTGGACGATGCGCACATCGCGTCGTCGCGCACGCTCGACTTCGAGGGGCAGTTCCTGCAGGTCACCGGCGGCGCCGGCGTCGACGTCGTGCTGGATTGCCTCGCGCGCGAATTCGTCGATGCCTCGCTGCGGCTTCTGCCTCGCGGGGGACGCTTCGTCGAAATGGGCAAGACGGACATGCGCGATCCCGCGGCCGTTGCCGCGACCCATGCGGGCGTCGTCTACACCGCGTTCGAGCTGATGGACGCGGGGCCCGAGCGCATTCGTCGCATGCTGGCGGAGCTCTTGGCCCTTTTCGAAAGGGGCGTGCTGCAACCCTTGCCGATGACCGCGTGGGACGTGCGTCAGGCGCCCGAGGCGTTTCGCTTCGTCG
NZ_CP089982.1_gap84	3427028	3431023	3995	GATCTATCTTCCCCTTCCACCCGAGTGCAAACTCGGGCACCGCCTCGCGACGTCGCGAAATTCTGTTTGCCTGCTTCGTCCTGCAAGCCTAAGGGCGAGACTCGAGGTGCGCGATCATGCGAACGACGCGCCGGCGCAGTGCACGCGTCTGCGCGATGTGTACATCGATTTCCTCGAGCTTGGCATTCAACCGGCGAACCATCTCGTGGCAGCGTAGCCGCTTGCGGCCGCCTGCCTCGACCAGGGCGCGCGATATCTCGTCCAGCGTGAAGCCCAAAGATTGCGCCTGGAGGACGAACTCCAGGTGCTCGAAGGCGCCCTCGTCGTATTCGCGGTATTTGCTGGGCCTGCGTGTCGAGCGAACCAGGCCTTTGGCCTCGAGAAACCTGATCTTCGACGTGGCCACGCCGAGGCGATTCGCAAGCTCTCCGATTCTCATCTTGACCTTGAAGTTAACTTGAAGGTGTACACTTCCGAAAGATGAGAGTTCGACGCATGTTGGTGCAAGGCTCGAAGTTCGTGGCGGCGATGCTGATGGGCCTGGTCATCGCATTGCTCGTCAATACCCTTCGGCAGGGCAGGCGAGGGCGCTCCGCACCCCGCGCGCAGACCGCAGGCACCGTCGATGCCGCACGCGTGGCGGAGCATCTTGCCCGCACGCTCCAGTTCAAGACGGTGTCGCACGCGGATTCGAGCGAGGACGACGGCGCTCCGTTCGAGGGCTTGCAGCGATATCTTGCGGAGACGTATCCGAAGGTTCATGCGAGCCTCGCACGCGAGGTCATCGGCGGGCGCGCGCTCGTTTACACGTGGCGCGGTAGCGATCCGTCGCTCCGCCCCGTTTTATTGGCCGCGCACCAGGACGTGGTTCCCGTGGAGCCCGGGACGGAGGGCACGTGGACGCACCCGCCGTTCGAGGGGGTGGTCGCAGACGGCTTCGTGTGGGGCCGCGGTGCGATCGACGACAAGGGCTCCGTGGTGGCGATCCTGGAAGCCGTCGAGGCGCTTCTTGCGGAGCATGTCGTGCCGAGGAGGTCGGTGGTCATTGCCCTCGGCTGCGATGAAGAAGTCGGCGGCATGGCAGGGGCCAAAGCCATCGCCGCGAGCTTCGAGGCGAAGGGGATGCGCTTCGAGTACGTGCTCGACGAGGGCAGCATGGTCACGCGAGGCATCGTGCCGGAGGCTCCCTTGCCGGTGGCCCTCATCGGTCTGACCGAAAAGGGAATGGCCACCATCGAGCTTGCCGTGGACACGGCCACGGGGCATTCGTCGATGCCTCCGCCGCAAACGTCGGTGGGCATCGTCGCGCGTGCGATCGACCAGCTCGAGGCTCACCCCATGCCGCCGCGCCTTACGCCGATGACGCGGCAGCTTCTCGAGGCGATTGCGCCCGATCTGCCGTTTGGCAAGCGGGTCGTCGCCTCGAATCTATGGCTCCTCAGCCCCCTCATCGTGTCGGCCATGACTGCACACGAAGCGAGCAATGCGGCGGTGCGCACGACCACGGCCCCCACCGTTTTCCACGCCGGTGTGCGCCCCAACGTGTTGCCGGCCAGCGCACGTGCCCTGGTGAATTTCCGCATCCTGCCCGGCGACACGGTCGAAGGCGTTCTCGCCCACGTGAAGCAAACGGTGGCCGATCCTCGAATCCAGGTGAAACTGCACGACGCCTTTGCGAACGATCCGCCGCCCGTATCGTCCGCGGATTCGCGCGCATTCCGCGCCATCGAAGCCACGGTGCGTGAGCTCTTTCCCGAGGCGGTGGTCGCTCCGACCCTCGTGCTGGGCGCGACCGATGCGCGCCACTACACATCGCTCGCCGACGGCGTCTATCACTTCAGCCCCTTCGTGGTGGGCCCGCAGGATCTCCCGAGGGTCCACGGCACGGACGAGCGCCTTCCCGTGGATGGCTTGGCCACCGCGGTTCTCTTTTACGAGCGGCTCCTCCGTGAGTGACGAGAGGAGCGCCTAGGCGCGATTCGTCGGATTCCGGTTTCGCTAGTCGGAAATCACGCATTGCTGCACCGCCGCCTCGTCGTTACGCTCATTGATTGATGAAAGCTTATCGATGGAGTCTTGTCTTGGCGTTGCTGGTTGCGGTGCTGGCATGGGCGTTCGCCGTACGCCCGGCGTACGCTTTCACGCCGCCGAAAATCGCGGGGCACGTGACCGATGCGGCGGGAAAGCTTTCCGATGGCGACCGCCGCGCATTGAATGAAAAGCTCGCAGCCTATCGGGCGAAGACCAAGAACGAGATTGCCGTTTTCATCGTGCGCTCGCTGGAAGGCGAAACCATCGACGATGTCGCGTACGCCACGTTCAATGCGTGGAAAATCGGAGTTGCCGGCAAGGACAATGGCGTGCTGCTGGTCATCGCTCCGAACGAGCGCCGTGTGCGCATCGAAACCGGAAAGGGAATCGGCGACAAGGTTACCGATTTGCAGGCGAACGACATCATTCGTTCACGCATCGGGCCTCGATTGAAGCAGGAGCAATTTCGCGAGGCGATTGACGATGGCACGTCGGCGCTCATGGCCTTGCTCGATGGCAAGTCCGCGCCTTCGGCCGCGCCCACGGCGTCGGCGACATCGACGTCGACGGCATCGACGGCGGCCGCGGAGACTCCGCCTGCGGCCGCCCCGACACCACCGCCGCTCAACGAGAAAGCGAAGTATCGATTGACGTCGTATTTCACCGATGAAAACTCGCTGCTCGAAGGGGCTCTGCGCGCGTCCTACGATGCGGAGACGGCGGCATCGGTAAAGGCGGGGAAAAAGGCCATCGGTGTGCTCGTTCTGCCCCGCACCGAGGAGGAGCCCATCGGACGGATTCACGTCGATGCTTCCACCCCCGACGGAGTCATTGCCGTTTTGCTGGTGCGGCCATCGACCAACGAGGTTTACGTTCGTGATATCGCGTTTCCGGCATACGACGAGTATCGAACCGCGATGGTTGGGGTGGAGGGTGCGATCGAAGAGCAGCTGCGTGCCGGGCGTGCGGAGGAAGGCATCCGCACGGGGGTACGCAGTCTTTTGGAGCTTTCCACCCGCGATGCAGAGAAGCGTGCGCGCCGCGCTGCGGCCGTGGCGGAGCGCGCCCACAAGGAGAATGTGAGCGATGGGATCTTCCTGGGGACCCTCGCGACGTTGTTTCTAGGCATCACGGTATTGGGCATCCGTGCGAGCCGTCGCAAGCCCCAAACGAACAGCCGCGAATCCACATCGTCCTCATCCTCGAGCGAATCGTCGTCCGGCTTTTCGACCTATACGCCGCCGACACCGCCCACCTTCACGAGCGCATTCGACAGCTTTCCGTCGTCCACTTCGCCGGCCCCCACCGTCGATACTTCGCCCCGCGTCGACACCAGCTACAGCGGTGGCGGCGGGACCTCCGGCGGCGGAGGCTCGAGCGACAGCTATTGAGCTACCAGCTTTGAAGGCCCGCGCCGTATGGAAAAAGCGGATTCCCATACGTGCTCGGCACCGTTTGCCCGGCGTTGATTCGCGTGCGAATGTCCGTCCGCTCGGCGGCGGTGGCGCCAAGATCGTAGGGTAGATCCCAGCCCTCGTTCGCGTCGGCCAGCACGTCCGTACCTCCGGGCTTCAGCACTTGATCGAGGCTGCGAGGAAGTTGCCAAGGCAGCTTTCCGCGAGGCGTGTAATCGCCGAAGAGAAGGCTGGCGGCGGCCGGCCCCATTTCTTCACCGCCGCGGTAGGTGACGACGATGGCACTGGCCAGACCTTGCCAGTCGGTAATGACGTAAGGGCGGGGGAGGACCAGAAGAACGATCACCGGGATCCCTTGATTTCGGAAATTCTGGATGATCGACAATTGATCTGCCGGCAGATACGGCTGCTCTTTCACCCAATTCGTGGCGTGCGTGTACGAGGCCTCCCCCACGGCCACCACGGCCAACTTTGGCGCTGGGCCGGTGTCCTGATACACATTCACACCGGCGCGTGTGGCGCGGGCCTTGATGGCGTCGAAAATCGTCA
NZ_CP089982.1_gap85	3487357	3489600	2243	CGTAGCGCCGCGCTCGGTCGTGGAGACCAACGTCGTGGGCACCTTGAACGTGCTCGAGGCGGCGCGCCGCTGGGGTATCTCGCGCGTGGTGCACACGTCCACCAGCGAGGTCTATGGCACGCCCGCGGAGCTTCCCATTCGGGAGACGCATCCGCTCAATGCGCAATCGCCGTATGCGGCATCCAAAGTCGCCGCCGACCAACTGGCGCTCTCGTACCAAAAGAGCTTCGGCGTGCCCGTGGTGGTGCTGCGCCCCTTCAACACCTATGGCCCGCGCCAATCGGCCCGTGCGGTGCTTCCGGCCATGCTGACGCAGCTGCTCGCCGGCAAAAAGGAGATCAAGCTGGGGCGCCTCGACACCCGGCGCGATCTCACCTTCGTATCGGACACGGTCGATGGCTTCGTGCGCGCGGCCGTAACGCCGGGCATCGAGGGCGAGACCATCCAGCTGGGCACCGGCACGCCGTACTCCATCGAGGAGCTGTTCACGATGTCGTGCCGCGTAACCGGCGTGGACGCCAAGGTCATCACCGACGAGCGCCGCCTGCGGCCCGACGCGAGCGAGGTCCTCGTTCTGCAGTCCGATCCGGCCGTGGCCGGTGCGCGGCTGGGATGGAGCGCACGCACCTCCTTGGAAGAGGGCCTGCGCCGCACATGCGACTTTTTGAGGCAAAATCTCGGATCGTACAAACCCAATGAGCTCCACCTCTAATAAACGAATCGCCCTTTCGGAGCCGTCGCTGGTCGGCAACGTTCGCAGCTACCTCGAGGAGTGCGTCGCGACGAACTTCGTTTCGTCGGTGGGGCCCTTCGTGGAGCGCTTCGAGCGTGCCTTTGCCGACTTCGTGGGATCGCGCTATGCGGTGGCGTGTGCCACGGGGACGGCGGCCATCCATGTGGCGCTGCGCCTTCTGGATGTGACGCCCGAGGACGAGATCTTCGTGCCGACGCTGACGTTCATCGCATCGGCGAACCCCATTGCCTACGAGCGCGCGCAGCCGGTGTTCGTCGACTCCGAGCGACAGACCTTCAATTTGAACCCCGTGTCGGTCGTCGCCGAAATCGAGCGCCGGGCGAGCGCGGGCGAGCGCATGCCGCGCGCGGTCGAGGTGGTGCACCTGCTGGGACACCCTGCCAACATCGAGCCCATCGTCGACGTGTGCGCGCGGCACGGCATCCCCGTGATCGAAGATGCGGCGGAGGCGTTGGGCGCGACGTACACCGAAGGGCGCTTCGCGGGCAAGCAGGTGGGAAGCATCGGCCTGCTGGGGTGCTTCTCGTTCAACGGCAACAAGATCCTCACGTGCGGTGGCGGCGGCATGATCACCACCGACGACGAGAAGCTCGCACGGCGCGCAAAGCATTTGACCACGCAGGCGCGCCTTCCCGGGGCGGAATATCGCCACGACGAAGTTGGATACAATTATCGAATGACCAATGTGGCCGCCGCCATTGGTCTCGCGCAGCTCGAATGCATGCCGGATTTCCTCGCGCGCAAACGCGCCATTGCCGCGCGCTACGATGCGGCGTTGGCCAATCATCCGGTGCTCATGCCGGCGGTGCATGCCAGTTGGGCCCATCCGTCGTTCTGGCTTTATTCGGTGATGGCGCGAACCGGTGGCAAGGCCACGCGCGATAGGATCCTCGCGAACCTGGCCGAGGTGGGCATCGAAGCGCGCCCCATTTGGAGCCCGCTGCACACCATGCCGATGTACGAGAAGGCTGCCCGCCTGAGCGATGGCTCGGTGGCCGAATCGCTCGCCGCCTCGAGCTTCAGCCTACCGTGCTCGGTGGGGCTGTCGGACGAGGATCAAGAGCGCGTGATCGCGGTGCTGAAGAAGGAGCTTACGTAGGCCCTGTCCGCCAGGGCAGGTTCAAGAGTCCGTGCTCGATTTGTAGCTCGAGCAACCGGAACTCCCGCTCGTCATCCAGCGAGAAGGCGCGCGCCTCGGGGATCTCGAGCAACAGGTGCTTGCCCGACGTGAGCCACGAGGCGTCCGCGCCAAGGACGAAGTCCCGTCGCCAAAGATAGAGTGCCCCGTTCACACGGTAGAACGTGGGTACGTCCTGGCGGCGGCCGTACACCTGGGTCGCATCGAAGGCGCGCTCGAGCAAGCCGTCCTTCGCGGTGACGCCGACCCAGAATGGATTGAACGAGGGGCGGGAGCACGCCACGATGCCATCGACATGGGGCGGTGCCGCCGCGAGCATTTCGACCGCCCGCGCAATGTCCTCGGGCAAAC
NZ_CP089982.1_gap86	3669954	3674148	4194	CGCGCCAAGGATGGGGAAGTGCGCGCTCTCCATGCGCGCCAGCACCGTGTGCCCCAGATCGGAGAAAATCTTCGCCTCCGACGTGCCCATGGTGGACATGGCCGCAATGTCGGCGCCGGCGGCAAAGGCCTTGCCCGCACCCGTGAGCACGGCGCAGAGCACCGTTGGATCGTGATCCAGATCGCTCCACGTCCCGTACAACGCCGCGAGCAGCTCTTGATTGAGCGCATTCAGCTTGTCCGGGCGATTCAGCGTGACGATGGCAACCCCACCGACCCGCTCGACGAGAACGACGGAGCTCACTTCTTCGCCTCGCTGTAGTCGTGAAAGCCGCGGCCCGATTTGCGACCGAGCCAGCCTGCGTTGACCAGATTGCGCAACAACGTCGGCGGGCGGTACTTGTCGTCGCCCAAATCGCGGTGGAGCACCTCGGCGATGAAGAGCACCGTGTCGAGGCCAATGAGGTCCGCCAACTCGAGCGGGCCCATGGGATGGTTCAACCCGAGTTTGGCCCCCGTATCGATGTCCGCCGCCGTACCGATGCCTTCCTGAAGCGTAAAACAGGCCTCGTTCAGCATCGGGATGAGCATGCGGTTCACCAGGAAGCCGGGGGCGTCTTTGCTGGTGATGACCGTTTTGCCCATCTTTTCCGCCAGGGCGAAAATGACGCTGTACGTCTCTTCCGACGTCTGCACCGCGCGGACGATTTCCACGAGCTTCATCAGGGGAGGGGGATTCATGAAATGCATGCCGATGACCTTGTCCGGCCGCGAGGTGAGCCCGGCGAGCTTGGTCAGCGAAATGGACGATGTGTTGCTGGCGAGGTAGGCGCCCGGGGCGAGGGCCTCGTCGCAGCGGCGAAAGAGCTGGCTCTTCAGATCGAGGTTCTCGGTGGCTGCCTCGATGACGAGATCGCAGCCTTTGAAGCCCTCGGGGCCGCCGATCGGCGTGATGCGCCCGACCAGCGCATTCTTGTCCTCCGCCGACATTTTCCCTTTTTCCACCTGCTTGGAGAGGATCTTCTCGATCTTGCCCTTGCCCTTTTCGGCGACATCGAGCGAAACGTCGGCGAGCTTAACGTCGAACCCCGCGGCCGCAGCCACTTGGGCGATGCCGCTTCCCATCTGTCCTGCGCCGAGGACACCGATGAGCCGAATCTCTGACATGGGTCATGCTCCTTTTGGTCGAAGTGGTCTCCGCCGGGTGTACCACACCCTCTTCAGCGTGTGCTTCCTGGCGTGCTTCGTCGCATCCTGCGCACGTCCCTCCGCCGTGGACCGTGCCCGGGCCCTCTCGCGGCAACACAATGATGACGAGGCCGTCCGCGTTCTGGTGGCGCGGCTCAACGAGAAGCCCGACGACCGCGCCGCGCGTCGCCTGCTCATTCGTGTGTACGCGTCCCAGGGCGATCTCGGACGCGCGCGTGCCGAGATCGACGAGTTGCAACGCCGCTCCCCGGCGGGCGATCCGGCGCCGCTCATCGAGCTCGGCCACGCCTACGAGCTCGCGCACCGTTTCGAAGAGGCCCTCGGCGCGTACGACGAGGCCGCGAAGATCGCGCCGGCTTCCCCCGACGGTCCGCGCGAAGGCGGCATGCGCGCTGCACGTTGGGGCGAGGTGGAGGAGGCGCGCCCGCGGCTCGAGGAAGCCATCGCGCGCGGGGCACGCGATGCCGAGACATGGCACGCGCTCGGTCTCGTCTGCGTGCACCTTCGCGATCTCCCCGCCGCCGAAAGCGCGTACCAAAAGGGACTCGCCGCCGATCGCACCGGCTCCGCGAACGCCCTCGGCCTCGCGACGGTCGCCGTGATGCGCGGCGAAGCGGCGGCCGCCCTGGCGGCGTACGACATCGTGCTCGCACGCAGCCCGCGTTATGCCCCAGCGCAACTCGGCCGCGCCTGGGCGCTCATCCAATTGAAGCGCCGCGACGACGCCGAGCGCGCCCTCGACCGCGCCGCCGAACTCGGTGCCTCGGCGGCGCAAATCGAGAAGCTTCGATCCCTCAACGTTGGAGGGAAATGATGGCTTCAGTCGTGCGCGGGCGCTGAAGTCGAGCCGCGGCAGCGGGAAAGACCCGGCGAGGCCGGCGCGCTAGTCCGGTTTGCCCGCGACAATCGCCAGACCTCATGGCGTCCTTTGGTCGAGGCACCGGGCATTGCGCCGGTCCCGCCGGTTTCGTCCCGCTGCCGCGTTCAGGCATGACCGAGTTTGCAGCCTGGTTCGTCGAGTCATTCCGTTAGCTCAGCGCCCTGAGCACCTCCTGCGCCGCGCGCTGGCCGGATTCGACGGCGCCGTCCATGAAGCCCGTCCAGCGCGTGGCGGTCTCCGTGCCGGACCAGTGAATCAGCCCGATGGGATCGCTCACCGCGGAGCGGTATTGAATCAGCCCGCCGGGTGCCTGATTGCACGTGGGCCCGCCGCCGGCCCACTCGTCCAAGTTCCAGAGGCCCTCGTAATAGCCCTGCAGGCCGCCCAACGGTGCACGCGCCCGCGCGCCGAAAAGGCGGCCCATGTCGTCGAGCACCTTCGCGTACCGCTCCTCGCGCGTGCGCGCCGACCAGATGCGCGCCTCGTCGCCCTCGATGAATCCCATGAGCACACCGGGTGAACCCGATTCGGGGTACGGCGTATTGTCGAAGGTGACCCGCACCGCGCCCGAATCGCTGGTGGCCTGCCCCGCGAGCCCGTCGTCGCGCCAGAACGGTCGCTCGTAGACGAGATTCACCTTGATGACGCTGGCCATGGGAAACCGCTGCGTGAGCTGATCGCGCAAAAAGCCGCGCGGATGCAGCGCCGCCAGCGGCGGATCGTATGCAATGCGCCCCGCGAGCGACGGCGGAATGGCCACGATCACGCGCTTCGCGGTGACGGTGTATCCATCGCCCGCGACCTTCACCTTGCCATCGGCGTGCTGGATCCGGCGCACGGGCGCATTCAAGTGCAGCCGATCCCCGAGTGCCTCCGCCATCGCGATGGAAATCCTCTGGGAGCCGCCCACGAAGCGACTATCCTGCCCGCCGCCCGCCGTGGTGAGCAGGTTGTCCAACCCGCCCGCCGAGGCTACGTAAAAGAGCCATCGCAACAGCGACACCTCGCGCGGCTCCGTCGAAAGCACCGACTGCACGGCCAATTGCACCGCGTGGTTCGTCGGCACGTCCGGCCCGAGCCCCGGCGGCAGCAGCGATTGGCGCATCCACGATTCGACCGTCATCGAGTCCCACTCGGCGGCCTTCGGCGCATTCCACGGTGCATCGAGCGGCACCTGTTTGGCCAGCTCATTGAAGGCGGTGAGCGCAATGATCAAATTCGGTGTTCCCAAATCGAGCGGGACGCGCGCCGCACTGCTGTACGTGGTGCGCAAACCCTGCCCGTAATTGACGTAGTTCCCCTCGTTGTACGTCTTGAAGGTCCCAATCCCGAGTTCCGCGGCCAAGTTGTAAATCTTGTCTTGCGGCCACGCGCCCTGGCCGGGCAATGGCCCGACGAATTGCCCGCCCAATTCGATCACGCGATCCGCATGACCATTTCGCGCGAGGCTCTGATTGAGCGTGCGTCCGCCGACCCGCCCGCGCGCTTCGAGCACCAACACCGAAAGCCCCTGCGCCACGAGAGCGCGTGCGGCCACGAGCCCCGCGATGCCCGCGCCCACCACGACGACGTCACACTGAAGGTCCCCGCTTGCGAGGCGCGATGCCTGCGCGAGGGCAGCATCGTCCGAGTCCGATGATGAATTGTCATCACTGCAACCAAAACCGAATGCACCCGCCGCTGCCGCCATCCCTCCGAGGATTGCGCGCCGGCTCACGTCCCTCTTCGTGCCCATGCTGCCTCCCGTTCAAGAAGCTCGCCGCAAAATAAGCGACTAGATGACCACGGCTCCGTTACGAGCGTCGACTTATCTTTGTGTGCACGTGCAACTATCCAATTCGCGACCGGACGAGCTCACGAACGCGCTGCACGTCGAAGGGCTTCTCCAGCATCCGTTGTGCGATGGTTTCCGTGGCCGCGAAGTCCGTGCTGCGTCGCGTGAAGCTCCCGCCGGTGACGAAGATCATGCGGTCGGCAAGTTCCTGCCGTTGCTCGCGCAGGCGCTCGTAGACGTCCATCCCGGTCACGTCGGGCATCATCAGATCGCACAGAATCAAATCGAAGCGGTCGTCCTGCGCGAGCAAATCCAGGGCTTCGCGGCCGCTG
NZ_CP089982.1_gap87	3688440	3691877	3437	CGTGGCCATCTTCGCCGACGTGGCCTTCCCGCTTGGGGGCATTCTCCTCCGCGTGTGGACGGTGCTGAATGCGCTGGTGTGCGTGTGGGTTGCACGCATCACGCTGGACAAGAAGGCCGCCTGAGCGAGGCTTTCTCCCCGTACACGTTCCCGTTCCCGTTCCCGTCCACGAAAAATCCGGGCTCGGGAATGGGCCGAAAGAGCGGGAACGAGAACGGGAACGTGTACATGTACGGGAAGAGTGAGCCGCTTCGGTTTGATCGAACCCCCGCCATGTGAAAAGCTCTACTCATACATGTCGCTCAAAATCGACCAGGATCACTCGCGTTTTCGCAACATCGTGCGCGGGCGGATCCGGCAAAATCTACGGAAGTATATTTCGCAGGGTGAGCTGATTGGTCGAAAGGGAAAGGATCTCGTCTCGATCCCCATCCCCCAGATCGAAATCCCACGCTTTCGCTACAGCGATCGGCAACAGGGAGGCGCCGGGCAGGGCGACGGCAACCCTGGTGATCCCGTCGGCGGCGATCAGGGGGACGAGCAGGGCGAGGGCGGGCGCAAAGCGGGAGAAGGCGCCGGCGAACACGTCCTCGAGGTCGACGTCACCCTCGACGAGCTGGCCGCCATCCTGGGCGAGGAGCTCGAGCTCCCGGACATCCGGGACAAGGGCAAGTCGAAGATCATCAACGAGAAGGAGCGCTACACCGGCATCCGCCGCGTTGGCCCCGAGTCGCTGCGCCACTTCCGGCGCACGTACCGCGAGGCGCTTAAACGGCAGATCTCGATGGGCGCCTATTCACCGGAGCGCCCCATCGTCGTGCCCATCCCGGACGACAAGCGATTCCGCAGCTGGAAAACCGAGGCCGAACCCGTCGCCAACGCGGTCATCATCTACATGATGGACGTTTCCGGCTCGATGGGTGACGAGCAAAAGGAAATCGTCCGCATCGAGAGCTTCTGGATCGATACGTGGCTCCAGCGCCAATACAAAGGCCTGGAGAGCCGCTACATCATCCACGACGCCGTCGCGCGCGAGGTCGATCGCGAGACCTTCTTCCACACGCGCGAATCGGGCGGCACCATGATCTCGAGTGCCTACAAGCTTTGCGCGCAGCTCATCGACGACCACTATCCGCCCGAAGAATGGAACATCTACCCGTTCCATTTCTCCGACGGCGACAATTGGTCGATGGATGACACGCTCCACTGCGTCGAATTGCTCAAGCAGAAAGTGCTGCCCAGGGTGAACATGTTCGCCTACGGCCAGGTGGAGAGCCCCTATGGATCGGGGCAATTCATCAAAGATCTGCGGGATCACTTCTCCAAGGACGAGCGGGTCATCACCAGCGAAATTCGCGACAAGGATGCCATCGTAGGAAGCATCAAAGAATTTTTGGGCAAGGGAGCCTAAGGAAAGGCGCACGAGACATTCATGAGCGAATTTGCCCTCAAGACGGCCCTGCCTCAGTACCTGCGCGTCGAACAAGAGAAGATTCAGAACCTCGCCGCTGCGCAGGGGCTCGACTTCTTCCCCATCGTTTTCGAAATCCTCACGTACGACCAGATGAACGAAATCGCGGCGTACATGGGATTCCCCAATCGCTTTCCCCATTGGCGATTTGGAATGGAATACGAGCGACTGGCGAAAAGCTACGAATATGGCCTTTCGAAGATTTACGAAATGGTCATCAACAACAACCCCTCGTATGCCTATTTGCTGGAGGGTAATTCGCTCGTCGACCAAAAGCTGGTCATGGCCCACGTGTGCGGCCACGTCGACTTCTTCAAGAACAACTACGCCTTCCGCTCCACCGATCTGGATACCGGCGGAAAAACCACCGATCCGGCGAGCCGGCCCAAGGATTACGATCCCAATCGCCGCTGGATCGACAAGATGGCCAACCACGGCGCGCGCATTCGCCGGCACGTGGCGCGGCAGGGCATCAACAAGATCGAGGAGTACATCGATCATTGCCTCTCTTTGGAGAATTTGATCGACCCGCACGCGCCGTTCAAAGGCTCGGGCCCTTCGCGCGATCCCGATGCGGAGGACAAAGCGACGGAAATTCCGAGGCTGCGCGCCAAGGAATACATGGAGTCGTTCATCAACCCCGAGGAATACCTCGAGCAACAGCGCATCAAGATCGAGGCCGAGAAGGAAAAGGAGAAGAAATTCCCCGTCCGGCCCGAGCGCGATATTTTGAAGTTCCTATTGGACCACGCGCCCCTGGATCGGTGGGAGCACGACGTGCTCGAGGTGGTGCGCGAGGAAGCGTATTACTTCCAGCCGCAGATGCAGACGAAGATCATGAACGAGGGGTGGGCCAGCTATTGGCACTCCAAGTTGATGACCGAGAAGATCCTCGATGCCTCGGAGATCATCGATTACGCGGACCATGCGGCGGGCGTTTTGGCCACCAGCAAGGGCCAGCTCAATCCGTACAAATTGGGTATCGAGCTGTTCCGCAACATCGAAGAGCGCTGGGATCGCGGGCAATTCGGCAAAGAGTGGGAAGAGTGCGACGACCTCGCGGCGAAGAAGAATTGGAACCTTCGTCTGGGGCTGGGCAAAAAGAAGATCTTCGAAGTGCGTGCGCTCTACAACGACGTCACGTTCATCGACGAGTTTCTCACGCCGGACTTCGTGCGCGACGCCAAGATGTTCTCGTACGCCTGGTCCAACCGCAACGAGCGGTACGAGATCGAGACGCGCGAATTCAAGGCCGTCAAAGAGAAGCTTTTGTTCCAGCTCACCAATGCCGGCAATCCGTTCATCTACGTGGACGATGCCAACTTCGAGAACCGTGGCGAGTTGCTCCTGCGCCACGACCACCAAGGGCTCGATCTTCGGGCGGACTGGGCGCGTGAGGTGTTGCGCAGCCTGGTGCGCATTTGGAAGCGGCCGGTGAACTTGACCACGCAGGTCGAGGCCAAGCCGGTGATGATGCGCTACGACGGCCGAGAGCACACGACCCGTCATCTTAGGCGTGAGTGAGGGGGGGCGCGAATGAAGGGCGCGAATGAAGGGTTCGCGGGCGTGTTCTATCCGACCGATGGTTGCTCTATAACTTCGCACGTGGGCTCCTTCGTCCGCGACCCTGCGCATTGGCTGTACAAGTTCTCGCCGGACCAGTGGATCGCGGCGTCCTTGCACGAGGTGCGTGCGGCGGAGGCGGCTTTCAAGATGCACAACAGCCGTGCGGGCCTGGCGGGAGCCAAACGCGCGGCTGGCATGGCCCTGAACGCGGCGCTCATCCTCGAGCCGAACGCGAGCTGGGGCCGCACCTACTTGGACCATCTGATGGCCCTGTCGCGCGATGCGACCGTGCCGGAGGCGGTGCGCGCGGCATGCTTGGTGCTGCTCGAAACTCCGCTGCCGGGCGGCCACGTCGTCGCGCTGCGAACGGCGCGTTCGAACGAGCGCGCGCTCGAGGCCG
NZ_CP089982.1_gap88	3754058	3758483	4425	GCGCCCGGCAAAGGCCGCAAAGGCGTCCACGAAGGTGCTGGCCGCGGCGTAGCTCCCCTGTGCCATGGCCTTCAGGTAGGAGTTGATGGACGAAAGGAACAACGCGAAATCGAGCGATGGTCCTTGGAATTCCTCCGTCGCCCGGACGGCCGCATCCATCTTGGCGCGCAGAACTTCGTGGAGCTGCGCCTCGCTGGATTTGGCAAGACTCCCGCTGGAAAGCGAAAGACTCGCGTGAATCAGCCCGTTCACGGCCCCGAAGCGCCGCGTGATCTCCTGGTGTGCGCGCCGCAGGGAGGCGGCATCGGAGGCATCGGCCTGCACGTAGCAGGGCGCCGCCCCCAAGGCTGCGAGCGCACGCGAGGATGCCTCGATGCGCGCGTCCTTCTCCCTTCGACCGAGCCAGACGATCCGAGCACCGTACCGGCGCATCATGTGCTCGCTGATGGCAACGCCCAGGCCACCGGCGCCGCCCGTGATGACGATGACGGCTCCCTTGCGCACGGCGGCCTTCGACGTGGCCGGCGATGTCACCGTCGCAAAACGCTGCGCATACCACTGGTTGTTTCGATGAAGTCGCGTATTCCCATTCGGCTCTGGGCCAAGCGTCAGCACGGCGCGCAGCGACGCATCGTCATAGTCGCCGAGATCCGCAATACGCAATTGCCAATTGGGATATTCCTTGGCCAGCGACCCTGCGAGGCCGGCAATCCCCGCGTGGGTCGGGTCGGTTCGCTCGCCGTCGCGCAGTGCGTGGGCGCGGTGGGTGAGCACGGTCCAGCCGAGCGTGCGCGCGCCATGACCCGCGCCGAGGAGCGCTTTCAGAATGCGAAAGACCTGCAGCACACCGCGGGATTGGCCACCGAGCAAGGCTTCCGCAGTGGGAGCCTCCGCGGCTTCCGGTGCCAGCCAAATGAGATGATCGAGCACCGGCATCGCTCGGAGGGTCCGTTCGACGGCGTCCACGCTGTCATCGTCTCCGAGCGGAAGAACGCGGGCGTTGGGAAGCATCTGGGCCAGAGCATCCCGCGCCGCGCGCGTCCCGCCGAGGATCGCAATGGATTGGGAGGGCTCGGGCCAGCTGGCAACGATCGGCTCCGGTGAGGCCTCCCACACGGGCAACAACGTCACGGCCGGCGATGCGCTGGGTTTCGCCTCGGCGGCAACGGGCCGGCCGACCGCACCGCGGATCATCACGCACACCACGCCTTGCTCGTCGGCGATGTCGATGTCGATGGACTCGCCGGCGCCGTGCCGGATCCAGGCCCACATGGTCGACGCGCAGGGCCGCACGATGGTCACCTTCTTGAAGGCGAAGAGCATCTTGCCCGGAATCGGTTCCCCATCCACGCTCGTCAGCAGACGCACACATTGCATGGCCGAGTCGACGAGGACCGGATGCACGGTGAAGGTTCGCAGCGTGCTCGTTGCCGCATCGGGCAGGCGCAGTCGCGCGAGAACGGCACCCTTCGTCGTGTAGAGCTCCGCGCATCCGTGGAAGCTGGGCCCGTAGTCGATGCCCAGCGCGCGGTAATCTTCGTAGAATCGGTCGATGCTTGGTGCGGCGGGCCGGAAGGCTTTCCGCATCTCGGGGATATCGAGCCGGATGGAGTCGACCTTTTCCGCGGCGGCAATGGTGCCTTGGCAATGGGGCGTGTCCGCGCGGCCCGCCTCGCGGCTCAACACCTCGAACCGGGTTGCCCCCGAGGTGCTCCGAAGCTCGGTGCGCACCTCCACCTCGTTCATCGAGACTCCAAGGGGACGCATGAAAACGACGTCCTCCAAGGAGACAGCGCCCTCGCGGGTGCCACCGCCCCATGCGGTGCAGGCCAGCTCGAGGTACATCGCGCCGGGCAGAATGGCGGAGCCTTGCACGCGATGATCCCGCAGGAAGAACTCGTTGCCCGTGAGGGTCATCGTTGCTGGCTCGCTCGGAAGCGGGGAGGCCTTCACGGCAACGTGGCCTTCGGGCAACCAATACGAGGTCCTCTCGAAGGGATACGTAGGCAGCGACACCCGGTGATGGTTCTCACCCGAAAACAGGTCCGCAAAGCGCGGCGTCTGGCCCTCGAGGTAGCGAGCGGCGTATGCCTGGAGCTCCGACGGCGCATTCGACGTATCGCCCATGGCCTCGCCCGTGAGGCGTTCGCCGAGCTCGCGCAGATCCATGACGATGGCCGCCCAACGATGCTCGAAGTGCGCTCGTCCGAGCAGGAGCGTGTAGCTCACGTCTGCGAGCTCGGCGTCGGGATTTCGACGGCAGTACTCGGCGAGACGAACCCTTTGGTCGCGGAGCGCGGCGCTCGTTCGCGCCGAAAGCGCGATCAAGTAAGGCCGTGGCGCGCGGGGAGCGCGGCGCCGTGCGGGGGCTTCTTCGATCACCGCGTGAGCGTTGGTTCCGCTCGCACCGAGGGATGTGATGGCCGCGCGGCGCTTGCCTCCGCCGTCGGCCGGCCAATCCCTCACGTCCGTGTGCACGAAGAAGGGGCTGCCCTCGAGCAGGATGCTCTTGTTGGTCGCCTGGTGGTGAAGCAGCGGCGGCATCTTCGCGTGCTTCATGGCCAGCAGAATCTTGATGATTCCGAGGACCCCCGCCGCCGTCTGCGCGTGGCCGATGTTGGCTTTGCTCGATCCCAACGAGCAGAATCCGCGCTTGTCGGTAAAGTGGCGAAACGCACGCGTGAGCGCTTTGAACTCGACCGGATCACCCAGCTTCGTTCCCGTGCCGTGCGCCTCGATCATCTGAATGCCCTCGCAGTCGATGGCGAACTCCTCGTAGATTTCGCGAATCAGCTGCTCCTGCGCGCCGGCGTTCGGGGCGGTGATGCCGTTGCTCGTTCCATCCTGGTTGATCCCGATCCCGCGGACGACACCATGGACGTTGTCACCGTCGGCTTCTGCCTCGCCGAGCCGTTTCAGAATCAGCGAGCCCACGCCCTCTGCCGGTACGAAGCCATCGGCAGCGTCATCGAACGAGCGGCATCGTCCCGATGGCGAGAGCATGCCCGCACGCGAGCCGGAGACGTAGCCCTTCGGCGTGCATTGAACGAAAACCCCGCCGGCAATTGCCATATCGATATCGCCATTCCATAGCGCCTGGCAGGCCAGATGAATGGCAACCAGAGAGCTCGAGCACGCGGTATCCACGGTCAATGCGGGACCGTGCAAATCCAAATAGTAGGCAATGCGCGAGGGCACCAGGGAGCCCATGTTGCCCCACAGGGCCTGCGCGGGATAATCGGTACGCGAGCCCACATCGAAGTAATCGCCGGTGGTGCACCCTGCATAAACCCCGCAGCGCGGGCCCTTGATGGCCTCTCCCGCGTATCCGGCGTCCTCGAGAGCTTTCCACGTTTCTTCGAGGAAGAGCCGCTGCTGAGGCTCCATGTACTCCGCTTCGAGGCCGGAAATATTGAAGAACAAGGGATCGAAGGATGCAATGTCCTTCATGAAGCCGCCGTGAACGCACCGGCTCCCGAGCGCGGTGAGATCCCATCGCTCGGCCTCGGTCACGAGATCCGTGCCCGCCTCCAGGTGTTGCCAAAAGGCTTCCGCGTCATCCGCGCCGGGAAAGCGCCCGCTCATGCCGATGATGGCAATCGGCTCCTTGCTCCGCGGGCGCTCCTGCACCGGCTCGACCGCGATGGCGGGCGCGCTTTCCTGCGCCGTGCCGGTCGAAATCGAAGGCCGGTGCTCGGCGAGGATGAACGCCGTCAAGCGATCCACCGTCGGGTGATCGAACAGCACGGTCGTATCCAAGTCGATGCCGAGCGCCCGATTGAGCTCCTCCACCAGATTGACGCCGGTGAGCGAGTCCAGCCCATAATCGGCAAATGGCCCATCGTTCTGCAGCTCGTCTCTGCCAAGCTTGAGTGCGGCGATCAGCGCTTCGACCACCGTCCTTCGAACGACGCCGTCGACGCCGTCCCCCGTTTCGAGCACGGAGCGGCTCTTCGCCGGCGCACGATGCTCTCGTTGCGGTGCTTCGCGAAGTGAACCGTCGGCCCGGCCTACGATGATTTGCCATCCCAAGGCGTGGGCGCGCTCGGCGGGAAACTCTGCGTGCTGGAATCCCGCATCACGCAGCACCTTCGACCACGAGGCGGGGGAAAGCGCCGGACCGCCGGCGAGGCGCTCGCCATCGGTGAATCGCCACCAGCCTTCGAGGAGCCCGAACGTCAGATGCGCGAACAGCCCATTTTGCGCGAGCTCGTTGAGCACGATCACGCCGCCGGGCGAGAGCAGCGCCCGGGCATGCTCGACCGTCTCGACGATGTTCGTCGTGGCATGCAACACGTTGTTGGCGAGAACGATGTCGTAGCATCCCGTCGCAATGCCTTGCGCCGAAGGGGCCTTCTCCGCATCGAAGCGCTGGAATGTGAGGTACGGCAGGCGCGCGCCGAAGCGTTTTTCGGCGGCGATCAG
NZ_CP089982.1_gap89	3783923	3788006	4083	ACGATGTTGGGAGGTGCCGTCGTAATTCTCGGAACGGCGAGCCTCATCGCGCTCTTCGCCACCAAGTTGGCGGTGGGCAGTAGCCCCACGGCGCAAGCCACGCCCGCGGCGCAAGCCGCTGCAGGCGATGGGAAAGTTGGTTCCGCAGGGGCAGCCGGTGTACTTCGGAACAAGCCCCAAAAAGCCCCGAGTGCGGGTAACGAGATCTGAAATTCCATCGAGATGAGAAAAAGACTTTCCCTCCTTGCGGCGGTATCCCTAGGTACGCTCATTTCGGGCGCGGTTCGTGACGTTCGCGGTCAAACTCCGCCTACTCCTCCGCCGCCAACCAGAGCGCAGCCTCCTGCTGCCACCGCGGCTCCTGCGGCGCCTCCTGCAGCCGCTGCGCCTCCAGGTGCAGGCCGTGCGGCGCTCCCCACGGCTCCTGCGGCTGGCGCGAAGGGAAAGCCGACCGAGTCGCCGGCTGGTAAAGCGCAGGGCGACACGGACAAGCTTCCGCAGTTCGATTCGGCGATGGAGTTCGAGCCGCGGAGCCCCAACTACCGCGTGTCCTTCTCACTGGAAGATGCGGACCTGCCGGAGCTCGTGCGCGTCATCGGGCAGCTCACGGGCAAGCGGTTCATCTTTGGCGGCAAGGTGCGCAACATCAAGGCGAGCGTCTACTCGCCGCAAAAAGTCACCGTGGCCGAGGCCTACCAGGCGTTCCTGTCCATCCTGGAGACCAATGGCCTCACCGTCATTCCGCACGGCCGCTTTCTGAAGATCGTCGAGACGGCGGGCATCGCGTCGCAGTCCACACCCACGGTCGGCCCGCAGCAGGGCGCCCCGGTGGAGGATCGCTACGTCACGCGCATGCACCGTCTGCGCAACGTCAACGCCGACGAGGTGGCGAACCTGCTCGGCAAATTCAAGAGCAAGGACGCGGACGTCTCCTCGTACAGCGCCGGCAACATGCTCATCCTCACGGACACGGGGACGAACATCCGCCGCATGATGTCCATCGTGGAGGAGATCGACGTCGGGGGCGCGGGCGATCAAATCTGGATGGAGACCATCAATTACGCGTCCGCGGCGGACATCGCCCAGCGCGTGAACGAGCTGTTCGACATCAAGAGCGGCTCGAGTTCTCCGCCACCTCCGGGCCCGCGCGGCGCACCACCCCCGGCGGCAGCCAGCAGCGGTGGCGGCGGTGCGGGAGGGGGGGATCTCCACATTTCGAAGATCCTCCCGGACGAGCGCACCAACAAGATCATCATCGTCGCGACCGAGAAGGCGTACCTGCGCATCCTCGAGATCATCAAGAAGATGGACGTGCCGCAAACGACGGAGGGCGAAATCCACGTCCTTCCATTGCAGCACGCCGACGCCGTCGAGCTCACCAAGACCTTGAACGAGATCATCACCGGCACCGGCGGCAGCTCCGGTGGTGGCGGCGGCGGTCAGCAGGGGCGGCGGGGCCAGGAGCAAAGTGGTGCGCAGCAACAGGGCATCTTCGAAGGTGGTGTCAAAGTCAGCGCCGACAAGGCCACCAACTCGATTGTCGTCACATCGTCGATGCGTGACTACGCGTCACTGCGCGCGGTGGTCGACAGGCTCGACCTTCCGCGTCGCTCCGTGTTCATCGAGGCCGTCATCCTCGACCTTTCGATCACGCGTTCGAACCAACTCGGGTTCAACTTCCACGGTGGCGACACCTTCGGCGAGAACAGCGACGGTCTCGTTTACGGCGGTTTGAATCCCATCAAATCGATCGGCCTGCCCACCGCCAGCCCCGAGCTGCTCCAAGGCCTCGCACTCGGCGTTCGCGGACCGGCGATTCCGGGCTCGGAAAACCTGCTCGGTACCGGCATCACCATTCCGTCGTTCGGCCTCGTCGTTCAAGCGCTCGCCACGGCGACGGACACCGACGTTCTCTCGACGCCGCACATCCTGGCCACGGACAACCAGAAGGCGATCATCAACATCGGCGAGAACATCCCGCTGCAGCAAAACCTGAGCCTCCCGTCGTTCCCTGGCCTCGGCGGCACCAATCCGCAGCAGCAGGCCGGCGCGCTCGGTGCCTTGGGTGGTTTGGGCGGATTCGGTGGCTTCGGTGGTACCGGCGCCCGTCAGGACGTCGGCACCAAGCTGACCATCACGCCGCACTTGAACGACTCGAACGAGGTGCGCCTCGAGCTGAACGAGGAAATCAGCGAGGCGAAGTCCGCCGTCGGTACCGCCGGCGTGGTTCCCATCACCAAGCGCAATGCCGAGACCATGCTGGTCGTGCAGGATCAGCAGACGGTGGTCATCGGTGGTTTGATGCGAAATCGCCTGACCCACTCGGAGGAAAAAATCCCGGTGTTGGGCGACATACCCGTACTGGGTGCGCTGTTTCGCTCCACGAAGAACGGGATGGAAAAGACGAACCTCATCCTCATTTTGACGCCGTACATCATCCGCGAGCAGGCGGATTTGCGTACGATTTACGAGCGCAAGATGGAAGAGCGTCAACAATTCCTGGATCGCTATTTCGTATTCAGCGACGACTCGGATTACCAGCCGCCCAAGGACTATTCGCGCACCAACGGGCTCGTCGAATTCATTCGTCAAAGCTACCGCGGTGTCGAAGAGCGCAAGAAGCTCGACGATCTGTTGAAGCCGAAGGAGCTCATCACGCACGAGCCGAGTGAGCCGCTGGAGATGCCCGCCTCGCCGCGCACGCCCTCCACCAACCCGGCGCCCGCCACGGCTCCGGCGCCCTCCGGTCCGATTCACCCGGGCCCCGTTCGCAGTGTGCCGCCGGCCACGCCCACACCTTCGCCGGGTGTGACGGTCACGCCGCCGACCCGGCAGATCAACCAGGTGGAGCGCTAATGGCCGAAGAGCGCTTCATGGGCGAGCTCCTCGCACGGCGCGGTGTGGTTCCGCCCGAGCGCCTCGAGGGCATTTTCGCCATTCAAAAGGAAAAGGGCGGCTCGCTCATCGACTTGCTCGTCGATGCGCAGATCACCGACGAAGCCACGGTGGCGCGCACCTTGGCCGACGAGGCGGAGCTCCCGTACGTCGACCGCATCGAGTCGGAGAAGATCCCGACGCAGCTCGCCACGCGCGTGCCCATCACCTTCGCCAAGCAGCACAAGATCGTGGTCATCCACGAGGACGAGCGCGTGATGCACGCCATCTGCGCCGATCCGTTCGACACCGCGGCTCTGGACGATCTGCGCTTGCTCTTCGGCAAGCCCGTGGAGGCGCAGGTCGCGCCCGGTGAGCAGGTCGTCGATGCCATCAACCGCGTCTACGAGCGCGTCGCCGGCGGCGGCGAGCTCGAGACGGACGAAGCCGACGTGTCCGAGGACGACGCGGCGAGCGACATTCTCGACAGCGACGACGAGGCGCCGGTCATTCGTTGGGTCAACTCCCTCTTTCTCCACGCGATGAAGGAGAGGGCCAGCGATATTCATATCGAGCCGGAAGAAAAAGAAGTCTTGGTCCGCTATCGCATCGACGGCGACCTTTACATCAAGCGCCGCGCCCCGCGTGCCTTCATGAACGCCATCGTCTCGCGCATCAAAATCGAGAGTGCGCTCAACATCGCGGAAAAGCGCCTTCCGCAAGACGGCCGCATCGCCAAAAAGATCGCCGGAAAGAGCTTCGACATCCGCGTCAGCACCATCCCCACGAGCCGCTCCTACGAGCGCATCGTCATGCGTCTATTGAACAAATCGAGCGTGCTCCTCGATTTGCCGGACCTGGGATTCTCCCCGCGCGATTACGCGCTGATGGACGGGCTCATTCGACGTCCGGACGGCATCATTCTCGTTACGGGACCCACGGGTTCCGGAAAGACGACCACGCTCTACGCGTGCATCAACCGCATCAACCGGCCCGACTTGAACATCCTCACCGCGGAGGATCCGGTCGAGTACGAGATTGGCGGCATCCACCAGGTGCACGTGAACCCGAAAATCGGGCTCACCTTCGCCAGCGCGCTGCGCGCCTTTCTCCGCCAGGATCCGGACGTGGTCATGGTCGGTGAGATCCGTGACAAGGAAACGGTGGAAATTGCGATCAACGCATCGCTCACCGGTCACTTGGTGCTCT
NZ_CP089982.1_gap90	3909226	3913494	4268	TGCTGTGCTTCGACAACAATTGTGGAAGGTGCCGCTCGGAAAACTCCAATCCTTGGCGGACGAGCCGACGGCGGAAGGTGACGCTATCCGGAAGGCGCTGAAGACGAAAGAAACGCGCGCGCTGATGCGTTACATCGTTTCGTGCGCGCTCCCGTCCGACGAAGTCCTGAAGTACGATCCGCACGATGGAACGAACGTCGTTTGGCGGGGTGGCCTCGGTCTTTGCTCCGAGTGGCTGACCAATGATGGTCCTTCGTGTCGAGATACGGTTTCTTCATGCGTGGTCGCTCGGACGAATGCCTTGGCGGCCCACGTTCCCGTCTCCATTCGTGGTCCCGCAGGATTCCCGTTGGAGCTTTCCAAACGAGTCGGCACGCAACGCAATTATCGCGAGAAGGTCGATGCATACGACGAGAATGGCATTCCGATCGAGAGCTTTCAGGCCTGCTCTGGCGGTGAGAGCTACGGAGATGTAACTCGAAAGTGCGGCTGGCAATCGCTCTACGTGGGGCGGTGCCAGGCTGGGAGCACGCTCACGATCACGACGCCTGACAGTTATTGCGCAACGGAACCCGCCGTAATGGTGCGCGCTTGCAAAGGTATCTACGGTTGCCAAAGCGGCGCGCCGAACCCCGCCCACCCCTATAGCGCGGCATACCCCGATGCATCGCCGGGATGCGCGAACGGTAAGGGGTCGAAGCTCTCGTTCAAGTGCGAGCCGAATGGTCCCAAGATTGCTGGGGTTCAGACAGGCTACTTCAGCTTGATGCTGGCTCCACAGGATCCCAAGGAAGCGGTTGACGCAACGTCGGTTCCTCTTGAAATCAATGTCGCGGGCGCCCCGTCCTCGTCACTTGCCTATCCCGCGACCGAGGAGCAGGTATTCACATGGCCCGAGGGCGGCTTCTATGGGGATCTCTCGTACAACGCGACGGAGAATGAAAAGAAGCGCCGGCTGGGAACGGAGACCCTCCACGGGAAGATGTATGCATGCTTTAGCGGTATTTGGCAGAACGGCACTGCGCAGCTCAATGAACGCATGTGTGCCAATCCATTCCCGCCCGCGAACCAAAAATGCTTCCAATATGCACCTGGTGCCTGTTACGCGTCAGCGGGTGATCGTTGCGCGGCCGGTGCGCCCGTTCCGGGGCCGGCGTACGACGATTGCAAGGAAACGCAGCCCATTGCGAGCGTTTGGAAGGAGCCGATTACCATCTTCCTCAATGCACCGTGCGATCTCGCCAGCAAGCGAGGTGACGGGTGCGCGGTGAAGCAGCGCTAAACTCGAGCGGCCGTTCACCGAGTGCGGGCTAGAAGCTTTCGCATTTCGGTAACGGCCGGCACGGTTTCGTCGGCGACCGACCACGCTTCGATCACCTTTCGAGCGAGCTGCCTTGCTCGCTCGAAATCGCCGTGGGCGGCTGCGCGTCGCGCGGCACGAACGTCGGCAGGCGCGGCTCCGTTGTAACGGTTGCCACCCGATTCCGCTGCGACGGACTCCAACCGTTGCACGAGTTCCTCATCCCCGGAGCGCTCCAAGGCGTCTTCCATGGCTCCGGAAAATACTCTTGCGAAAAGACCAGGATCGCGAAGGAGTGGCTTCCACACCTTTGCGGCGGCTAGAAAGTCGCCGCGGGCATAGCGTTCCGCTCCCTCGGTCGCCGCATCCGTCAACGGAAGGATCCCTCCGGACAAGTGACTACGGAGGGCGCGAAATCGTGTGAAGCATCGCTGCGACACGCGTGGCGATGCGCGCATGCAGATGGCCGGAATCCGCAAAGGCACTGTCACATTGTCGTCGAGTGGCGACGGGTCGGGATCCAGGAATCGCTCGACAATAAGATCCGCGGTCTCCGCGGCCCTGCCCAGCACGTCGCCGATTTCGAGGGCATGCCAAGCGATCTCGAACCGCTGGACATGGACCCACCCCGTATCGTCCGGTCTAATGTCCATGGCACGTCGCGCACGGGCCAAGGCTGCCCCAAAGCGGGCTTCACTTGCGTCGACCTGCACGAGGAGAAGATCGCTTTCGACTTTGAGAACGGGGTAGCTGCCGGTCCCCATGGAAAGCGCCATCGTGCGGACTTCTTCGCGCTCACCTTGTGTAAGCAAGTTGTTCGCAAGAACGTCCGCGACATAAGCGTTGTATGGCGCCAATGCATAGGCTCGCCGCGCGTATCTCGTTGCAAGTTTAGGATCGCTGCCTCCAAAGGCCGACGCAATCCAGCCGTTCTCTTCCCAAGGGACCCAGGCTTGTCTCGCATCGATGACACTATCGATGCTGGCGGTATCCCGAGCCACCGACAGAAGCTGTCCCCACGGTGCGCAAAAGCCACCGAGAGGATTTTTCGGGTCGGCCTGGACCGCCAGGTGCGCGAGATCCGATGCTTGTTTGGGATCCGAGCCCTGTACGAGACATGACAATGTTGCGGCGAGAACTGAGCGCCCTAGCGAAGTTCGCTCGTGCTCGAAGTCGGCGCGTAACCGGGACATCAGATCCGGATCGGCGATGCGAAGGGCCGCGTGCTGGTACCGCGCACGTGCCGCCAGCGCACCGGATGAGAGCGTCCCGCCGTCAATGGGGGGTAGGGCTACCGCCTGCGACGGAATGCCAAGCGTGTAGGCGCATCGCCATCGTTCGCTGGCTGCCATTTCCGAGGCACCGCTACTCGGTATTGCGAGCTTCGCGCATTCGTCAGACAGTGAGCCGGCGTTCTGATGGATCGCCATCGTAACATCGAGAAGGCCGAGTGCGGAGTCGACGTCTTTGGCGCGCGACCATTCGACGAACGAGGTATCCAGCTCGCGTGCTTTCGGGAGCAGGCCAGGCGAAACCAGCGGCTCCATAGCCTGGCGCACGGCCTCGTAGAGCGCGCGCCCCTTTCCATCGGAGTGCCCGAGTTCGGAGCCATCAGGACGTCGCAGGACCAGCGTGATGTGGAACCCTGCCGGTTCCTTCGTCACCGCGCCGTCGACGGCGCGGTGGCGCGCTGCTTCGAGAGAGCGTTCCCGCGCGTCGGCCTGCCCATACGGATCCTTTGGAAAGTGATCCACAGGTTGGGCCGGCAGCGACAAGAGCTCCGCCGGCACCAGCGTGCGCGACGCGCTTCCACCCAGGATGATTCTTGCTCGTTCGCAGACGGTTGCAGCGGCCGCGGCGCCTAGCCAACCCGAGGGTTCTGGAACGCCTGATGCCTCGAGAACCGGACACGCGAGCACCGATGTCTGCGCCGCGAGCGGCGATGAGGCAGCCGGCGGCTCGGGCGCGCGGTGCAATGCGAAGGTCAAACCCGCGGCGCTGGCAATCGCCGCAGCGCTTGCGATCCATACCCATCGACCTTTTCTTCGGACATCGACGGTGGTGCTTGGGCGGTGCGGTTTTGCCGTATCCGTGACATGAGGGGCGGCCGAAAGCTGTGAGGCATGTGCACTCACGGCGGGATCGCTCGGCACGATGCTAGCGGTCGCCGTGGGCGCCATCCACTCGGCGTCGTCGCCGGCGACCTGGGTCGGATCACCCACGGAGTCCGGCGGCGCGTCGCCTGTGGGGGATACCGCCGCGGGCGGCATGGAAGTCATGGCGTCGGGCAGAGGCTCGAGCCCCAAGGCAATCGCGAGGGTGCGCACGGCTTCACCGGCGCTCGCGAAGCGGCGGTCCGGATCGACGTTCGTCACCGTGGCGAACCACGCATCGAACGACTTCGGGAGCTGCACTTGATGATTCGAAGCGCGGACGGTGGCCGGATCGATGGGCCCGTTTATCGTTGCTAGCGCGAACGCGACCAAGTTGCTCGTGTGCGCAAATTCATCGGAGAAGTACGCCTCGCCGACGAGCAACGTGTACGCAATCATCCCGAAGGCATAGACGTCGGCTGCCGCGGTGACCTTACCGCCGCGGCACTGTTCCGGGGACATGTAGAGCGGCGTACCCGCGATGGCTGTCGTTGCTCCAGCGCCGGCCTCGCTGATGAACTTTGCAACGCCGAAATCGAGCACCTTGACCCGCGGCTTGCCGTCGGGGCCTTCGGTCAAGAAGAGATTCGCAGGCTTCAAGTCGCGATGTACGATGGACGCGTGGTGCGTCCGATCGAGCGCCATCGAGACCTGGTGCAAGTACCGCAGCGCCTCATCGGGCTCGAGCCGCCCGACCCGCTTTAGGCGACGGCTCAAGTCCTCGCCGCGGAGCCGTTCCATCACGAAGAAGGGAATGCCCGTTGGCTCGTCCACGCCGGCGTCGAGGACATCGACGATGTATTCGCTACCGACGC
NZ_CP089982.1_gap91	3927647	3928948	1301	GCAAAGCGCGGCATCGCCAAAGGCTACAAATGGGGCGAGCTTTCGTGGACGCGCGAAGACGATGGCCCCATCAACGTGGGAATAAAAGCGATGGGGGCGACGCCGTACAAGAAGTATCGCGTTTACGAGAAAGCCATCGTCTAAGGTCGAACGAGGTAAAAGGGATTGAGTGTCCCCGAGGGAGAATCGCGCCATGTCGAAGTCGTTTTCGTATCTAGTTTGTTTGCCATTGGCCTTGGCCATCACTTCGACCGCTTGCAGCAGCAGCGACGACGATTCCCCTTCGGGTCCCGTGTCGTTCCGAAACAACGTGGCACCCATCCTCCAAAATAGCTGCGCCTTCTCCTCGTGCCACGCGGCGGGCACGACGAACGGAGTTGTGTTTGCGGGCGATCCCGCGGCCGTCCGCACCAGTTTGGTGAACGTGAAAGCGCCGCAGCTTCCCACGATGAACTTCGTGACCCCGGGCGATCCGGGCCAAAGCTACATCATGCACAAGCTCGACGGCGATCAGAAGCAGTTTGCCGCGGGATGCAGCAGCGAGCCCGATTGCGGTTCGCAAATGCCCCTCGGCCAGCCGCAGCTCCCCGAGTCCACCCGCAATACGATCCGCCGCTGGATCTCCGAGGGCGCCGCGGACAATTAGTCTTCGGCGGGGGGCGTGCTGCGGCCTGTAACCAAGGTGAGGTGGTAGCTGTCCGGTACGCGATCGCCGATGGGCTCTCGCGAGAGGAGCCAGGCCGAGGGGATCGCCGGCGCGCAAAGGCAGACGATGGAGCCCACGATCGCGCACAAGGTGTCGCGATCGCCCTGGGCGGAGACGGTGGACCACAAAGCCTCGACGTAATCGTCGAGGTGCCGTGCGGCGCAGAAAAGGGCGAGGGGAACGGTGTCGGCGGACAACGTTTGCGCGCCGTTGCCCAGCTTGCGCACGGCGAAATCGATCGAAGCGTTGGGGGCGAGTTGCGCGGCTTGCGCGATACCCCGCGCGGTGTCGCCCTCCGGGGTGTAGCGGAGAACGGCTTCGAAAAGCGCATCGCGCTTGGGGGCTTTGCGCATGCGCCAGGCGGTGGCCGCGGCGACGGCGACGGCGATGGCACCGGCTTGGCCCTCCGGGTGGGCGTGCGTCACCTCGGCGGAGGCACGCGCCTCGGCGACCACGGTTTCCAGATCGTCGGCGAAGTAGGCGCCGACCACCCCCGCACGGGATGCAGCCCCATTGCCCATGGAGCCGAGGCCCTCGAAGGGCTCACGCACGACCCGACGCCAGGGCATTCCTTCACCGATGGCGCGCAAGATAC
NZ_CP089982.1_gap92	3947472	3950318	2846	GGTGAGGGCACGATGGAAGCTGCGACCGAGGGAGCCCTCGCGCGCGCGCTGTCTCCGGTAGAAAGTACGGAAAGCGAACAGGTCACCCGCGAGCAACGTCGCTCGCGTCGCAAGCGCGCGGTGCGTGCGCGCACGATCAGCGTGAAGCGCATGACGAAGCGCGAGCTCGAGATCGGGCGCCTTCTCTATCCGGAGACGGAATCCGTTCCGCATCCGACGACCCGCGCGGAGTGCGCCAGCGGCATGCGCCCGTGCCCGTTCGTCTCGTGCAAGCACCACTTGTACTTGGACGTGTCGGCCAAGACGGGCGCGATCAAGCTGAATTTCCCCGATCTCGAGGTCTGGGACATGACCGAGACGTGCGCGCTCGACGTCGCCGATCGCGGCGGCACCACCCTCGAAGAGGTCGGCGCGATCATGAACCTGACCCGCGAGCGCATTCGCCAGGTCGAGGTCAAAGGCCTGGCCAAGCTGGAAGCGCTGCGCGAGATGTCCGCGCTCCGCGACTACGTGGACGAAGGTCCCGTCGGCAAGCGCCGCCTTCCCGTGCTCGCCAACCGCGAGGAGGAAGAGACCGAGGAAGAAGAGGACATGGACGAGGACGACGACGTCAGCGATCAGGCAGACGCGGACTCGTCGAGCTCCGAATCGGACGACTTCGACGTGGAAGCGTTCGCCAGCGCCGACGCCGAATAACCCCGAATATCGTGATTAATCACGGCTTGTCGCGATAAGCGGACGGCGACCATTGACCGGGGCGGTGAGAGACGATAACGGGCGGGCATGCCCGTCCGAACCGCCCTTCTCTCCGTTTCCGACAAAACCGGTCTCGTCCCCTTCGCGCGCGCCCTGGCCGATCGCGGGGTGACGCTTCTCTCGAGCGGGGGCACGGCCCGTTCGCTGGCCGACGCCGGCATCCCCGTCGAGACGGTGGAGAACTACACGGGATCGCCCGAGGTGATGGACGGCCGCGTGAAGACGCTGCATCCGCGCGTCCACGGCGGCATCCTCTCCCGCGGAGAGCGCGACCGCGGCGATCTCGAGCGGCTCGGGGCCCGCGAGATCGACCTGGTGGTCGTCAACTTGTACCCCTTCGAGCGCGTCGCCCAGTCGAGCGGCTCGAGCCACGAGGAAATCGTGGAAAACATCGACATTGGCGGCCCGTCGATGGTGCGCTCCGCGGCGAAGAACCATGCCCGCGTCACCATCGTGTGCGATCCGCAGGACTACGAGCGCATCCTGGCGGAGCTTGCCGCCCACGGCGATGTGAGCCAAGCCGTTCGCTCGGAGCTCGCGGCGAAAGCGTTCGCCCACACGGCGGCCTACGACGCGGCCATCAGCGGCTACCTGTCATCGCGGCAGGCCGACGGTTCGCGCGAGCCATTCCCGCGCTACCTCACGTTGCCGTACGAGCGGGCGTATTCGCTGCGCTACGGCGAAAACCCGCATCAGAAGGGCGCTTTTTACGTGGAGCGCGGTGCGGCGGCCGGCTCACTCGCACGTGCCGAGAGCCTCGGCGCCGGTGGGAAAGAGCTGAGCTTCAACAATTTGGTCGACGTCGAGGCGGCGCTCGATGCCGTTCGCGAGTTCGACGCGCCGGCGGCCGTGGTCGTGAAGCACACGAACCCGTGCGGCGTGGCCGAGGCCGATTCCTTGGTCGCGGCCTACCGTGAGGCGCGCGAGGCCGATGCGGTGAGCGCCTTCGGTGGCATCGTGGCACTGAACCGCCCCGTCGATGCCGACACCGCGGCCGCGCTGGCCGAGACCTTCCTCGAGTGCATCGTGGCCCCCTCGTTCGAGCCGCGCGCCCTCGAAGTCCTGCGGGCGAAGAAGAACCTGCGTCTTTTGGCCACGGGCGCCTGGCTCGGGGCCGATCACGAAGCACTTCAATACAAGCGCGTCGGCGGCGGCCTGGTCGTGCAGAGCCGCGATGCCAGCGCCAAGGGCGAGGTGGAGAACGGCAAGGTGGTCAGCCGCCGCGCCCCCACCGCGGAGGAGCTCCGCGGTTTGAGCTTCGGCTGGCGCGTGTGCAAGCACGTGAAGTCCAACGCCATCGTCCTCACGCGCGGCACGCGCACGGTGGGCGTGGGCGCCGGTCAGATGTCCCGGGTCATTTCCGTGCAAATTGCATGTGAAAAGGCCGGCGACGGCGCCCGCGGAACGGTGCTCTCGTCCGACGCGTTCTTCCCGTTCCCCGACGGGGTGGAGGCTGCGGCGAAGGCTGGCATCACCGCCATCGCCCAGCCGGGTGGCAGCGTGAAAGATCCCGACGTCATCGCCGCCGCCGACGCACTGGGCCTCGCGATGGTGTTCACGGGCGTGCGTCACTTCCGTCACTGAGCACCTCGGTTTCGGGCCTCGCAGCCTCAGCCTCAGCCTCTGCCTCGATCTCGCACTCTGCCTCGCACCCGCACTCGCACTTAACCTCGCACTCGTAACTATGGGCTGCGAGGGACCGCCACGAATACAACCTCCAGTTGTCGTCGGCTTGTCGCACCCGCGAGTGCGAGTGCGAGTGCGAGTGCGAGTGCGAGTTAGAGATTGAGGTCTGAGGTTTGAGGTTTGAGGTCTGAGGTCTGAGGTCTGAGGTTTGAGGTTTGAGGTGGCTCGCTCACACCTTCACGGCGCGGGCGAGGCGCTCGAAGCTTCCGCGCGTTTCGGTGTCGAGGTAGCGCCGCACCCATTCGCGGAGGCCCTCGTCGGCGAGAACGTCGAAGCCATGACGCTGGAGCAATTGGCCCATCGTCTCGGGCGTGTAGAGTGCACGGAATGGCTCGCCGCTACGGCGTACGAGCCAGCGCACGGCCTGTGCGCCCGGACCTCGCTTGTAACGTTGGCCGTAGGTG
NZ_CP089982.1_gap93	3957099	3959356	2257	TGGCGCACTCCGTACAAGGCGAGGCCGGCGAAAAGCCCGACCATCGCGACGACGACGAGCATCTTGATCAGCGTGAAACCATTGTGGATGTGGCGCATGGTCGTTACTCGCGGAGCTTACCAATGACCGGTTTGGTATCACCTGCGGCAACACTCACTTGAACGGATTTGCGAAGGCCCTGTTCGGCATTCACGAAGACGACGGTGTGGTTGCCCGGTGGTACGGAGATACGAACCTTGGGTGTACTCCCAATCGGCTTTCCGTCGAGGACCACAGACGATGCCGGGATCGAATTGATGTTGAGGAACGCCTCACCCCCAGACCCCGCTTGCTGCCCTGGCGAGCTGTCGGACGCTGCGCTCGCAGCCGCATTCCTGTCGGGCAGCATCGTCGGCCCCTCGAATCGCTCCTTCGCGGGCGGTGACGCGGGCGCGGGGCGCGGATTGGCGGCGGCGAATTGCGGAAGCGGCACCTTGGGCTCGAGTTGGACGTTGAATGTCTTCTCGGCCTGGCCATCGGCAAAGCTAATGGGCTGTCGGTAATCGGAGAACCCGAAGCGAGACGCTTCCAAGTTCCATGCCTTGTTCGACGTATCGATGTCGACCGAAATGGGGAACGTCGGCAAATCCCGTCGATCGGCTCCCGAGACCAAATAGACTTTGGCCCCTGGCGTGCCGAGCGTAATCGTCACTTTGCCGCGAAGGACTTTGAGCGACAGCGAGCCAAGATCCTGCATTTCATCTTTGGCGAGCGTGACCGTGCGTTCGAGCGGCTCGTAGCGTTCGTTGCCGATGATGCGGATTTTGTGCTCGCCCGGCGTGAGGTCCCGCACCTCTTGAGGGAGCAGTCCCGCCTCGCGCCCATCGACGAACAGCTTCATCCCGGGCTGGTTGGCCGCCACACGGACGCCCGTCGTGGGGCGCGATGCATTCGATGCGAGCACCACGTCGACGGGCACCTCTTTGCGTGACTCGGCAACGACCGCGCGCTCGCTCACCGAGCCGTCGGCGCCCAGCACCTTGACGTTGTGCGTGCCCGCGCTCACCCCCTCGACGAGGCAGGGCGAGGTGTCGCACTGCTTCTTGCCGTCGAGAAAGATCTCCACGCGGTTGTACATCATGCCATGGGGATCACTCACACGAACCGCGACCTTGCCCGTGCGCGGGAACAGCACGATGAGCAAGGTGGTGCCGCTCACGACGAGCAACGCCGCGGCGAGCAATACGAAGAGCCATGTGCGGTTTGGCGGCGGACGCACCAGCGCCGTTGGCTCGTAGCGGCTCGTGGGCGGAGGATACGGCGGCGCACCGTACGTGGGTGCGGGGTTCGTCGAAATGGGCCCGGAACTCGAGGCGTGCTGCGGAATCGCCTGAATCGGCAGGGGCGTCGCACGCACACGCGGAAAGCCCGACGATGGCGGCGGCGCCTCGCTCGGCAAAGGCTGCGAGAAGGGGCCCGGCGTGCTGTACCGGCGCGAGGGCGGCGGCGTCATGTAACCCGACGTGACGGGCACCGCGCCTGCGGCTGATCCTGCTGATCCTGCTGAGGCATAGGGCATCGGCGGAGGCGGCGCCGTCGTCGGTGGCGTCTGATGGAACCCACCGCGCTGCGTGACGGGCGGCGGAACTGGAGGCGGCGGTGCCGGCGTGAGCCGTGGAACCGCGCTGCGACGTTGCGACGGCGGGCCCTGCACTTGTCCGCTCGGGCGATCGGCGTTGTCGAGCACGTTGCTCGCCTCGTGCTCATCGTCCCAGTCGAGGGGCAACGTCACGCCTGCCTGCAGTGCCTGCCGCTGCTGCGTGGAATAGGCCGAGGCCGGATACGCGACATTGGTGAGCGGCGTCGATGCGGAAAACGGAACCGCAACAGGGGTGAGATCCGACGACGTCAACTCACCTGGTGCTCCAGCAGCATGCACGCCGAGCAACGTCCGCTTGCCGATCGCCGGCGTGAGCGGCAGATCGCGCGCCGGCGAACGCATCACCACGGGATTGGACGGGCGCGGCGCATCGCTGCGCGTGCGGCCCAGCGGCGGTGACGGAGGAGTCGGAGGAGGTCCGCTCGGGGCCGATCGTCGCGGTGGCTCCTGCTTTACGACGAGCTTTCCGCCCACGGTCTCCATCGGAGGGAGTCGCCCAGCGGCGATGGTCTCGTCCTCCGAATTATCGTCCTCGACTTCTGATGACATCTCCGTGATCTCCTGGGACCCAGTGGACATGGTACCGCCCTGGGCTTTCTCAGGCCATCCGATGCGCTT
NZ_CP089982.1_gap94	3960466	3963349	2883	CGGACGATGGGCGTTGTCGCGAATTGCGGGTGCGCACCCGCAGTTTCGCCGCGAACGAGGCGTGCCGTGGCAGCAATTTCCGCCGTGGGCTCGCCTGCGATATCCAGGTGACCACCTGGAAACGCATGTGCGTCACCGGCGATGGCGAAGCGTGTCCCGCATCCGAGTCTTGCAAGAAGTGCATCGATTGCGGCTGTCGTTTCCGCATCGGGAGGCCGTGCCGGATCGAGCTCGATCCACACGAGCATTCCTTCTTCGTCATCGATGCCGGCGAACGTCCGCGCGTCCGTCGATGGCGTGATCGATTCGCCGCTCGCAATGAGCACGCCGTCGGAGGGTGCATTCGGCAGAGCCTGAAAGAGTCCTTGCGAAAGCCAAATGCCCGTATGGGATGACGGCGATGAGGGCGATGAGGGCGTGCGCGCGGGGTGTGCACCTGAAAAGGACACCACGGTGGGGGTCTGTTCGGTGGTGCCTGCGCTCGCGGCGGCACGCACGGTGCGCGGATCGATGCGGAGTACACGCACCTTGACGTCCGGCCGGTTCGCGAGGGGCCGCACCCACGTGGTGGCCATCGCATATGGAAAGCCGTGCTGCGGTAGGCCTTTCACGCGCCATGTGCCTTCGCCAGCGGCGGCGGGTGTGATCGCCGGCGCAACATCGGGCCCTGGCAAGAGCGGGCGTCGCGTCAGGTAGAAGAAGTCGCGCTCGTCGCGGTGGATGTAGCGCGGGAAGTTCATATGGCCCATGCCTTTGACCATGCGCCGCGCGCGCACGCGGAAATCCGGCATCGATTTGAGCGAGCCCTCGAATTCCCAATCTTGCTGGAGCGGCCGCCCGAGTGGCGTCAGCGCATCCTTGGGCTGCGCATTGTAAAACTCGAAGCCCGCGTGGCCGGTGTTCATATCGAGGTGCATTCCGAATGCACAGCGCGCGGCCAACATGCCATTGGCCAGCACGTCGGCCGAAATGTCGTTGCCCCAGAAATAACCGACGAAGTTTTCCTTGGTGAGACACAGTCCGCTGCGCGTGGTGTGCACCTCGTCCGCCCAGCCTTTGGGCGTGCCGCCCCACCAGGTGCGTCCCCACGGGTTGAACCGATCGTCCTGCACCAGCGCGGTGAGGTTCTGCCGGAATGAGAGCACATCGTCGCCCACCTCGGCGTTCTCCGGCCAGGCGCCGAAGGCCGTCGAGCCGTCCTTCATCTCGAGAACGGTGGCCGCATAGGGCTTGGGCGGGAGATAGAGCGCGCCGTCGGCCTGCATGCCGTACTCGCCGTGCATCGCTTGGAAGCCGCCGTTGAAGCCCGCCACGAGGTGGTTCCACACCTCGGGGGTGCGCGGCACTTCGCCGGTGCCTGCTTCGCCGGTTGCGCTCACCGGCTCGACGGTGCCGGCCTGCATGTGCAGCGCAATCTGCCGCGGGTCCCACAAGGTGACGTACACCCGCGTCTCATGGCGCGTCTTGTCGGCGCGCACGAACGAAGTGACGAAGGGCGAGGGCACGCCGGGGCTCTGGTGGATGAACGGGTCGCGTTCGAGCGAGATCCACTGGCCCTCGCCGGGAATGGGTGGCGTGATGATGGGCTTCATCGGCGTGGGCGGCCACCCGAGCTCGGGATCGGTGAACACCGGCTGGTGCTGCCCCTGGTTGATGCCCGCGAGATCGCGTGCGACCTCTTGCTCCGTGGCATCGGGCGAGATGCGGGAGCGCACGCGCATGACCCAGTCGAGGGCGGTGAAGGCGACGGCCTTCACGACTTGCATCTTTTCCTCGCCGAACCAGGGCATGGCGCGCACGCGGTCGACCGTCCACGTGAGAAGCCTGCCCGGTGCGGCCTTCACGTCGGGGCGGGTGCGGATCCATCCCGCGCCCTCGACCGTAGCGCCGTGAAGGGCATCGATGACGATGCGCCGCTTGTCGGCGACGGCGGTGAGCTTTCCATCGCCTGCGAACGACAGATCGATCTGACCCGCCGGAGGATCCAGCTCGAAAACTTGGTGCACGACCCCTGACGTTTGCCCCGTTTGCTGCAGATTGCTCAGGGAGAGCTGCCAACGCTGCAGTCGGGTGAAGTCCGTGTATTCTGCAGGCGATTGACCAGCGAGATCGAAGACGTGCACGTCTTTGACGACACCATCGAGCGACGTGGAGGTGGCGGCGAAGGTGCGTCCGGAAAACCGCGCGAGGACCGGGCGCGATTCATCCACGCCCATCGAATGCGTCAGATTCCAGAGCGAGCCTACGTCGAGCAGGGCACCCTCGGGCGAGAGCCGAGCCTCGACGAGGTACAGATCATTGGGCTCTTTGGCGAGGTGCGCGCGGACGAGCGCACGTGCGCCCCCGAGCATGGCGCCCTCGATGCCATCTGCACCGGTGACCCACGCGATGTCCGCCTCTTCGCATGCCAGCCCGCGCGTCGACAGAACAGTGATGAGCGCCGCCGAGCGGCTCACCGCCTTGGGATCGATGGTCTCGCCACGCGTGGACGCGAGCAAGGCGGCGAGCGCAAGCGCGTACGGAATGGGGCGCGCGTACGCTTTCGTGAAGCCGATGCGATTGCGCTGCCGAGGGCGAACGGCGGGCGCGGAGTCCGGACCAGATAGAGGCGGTTTGGAGAGCGACGCGACCAACCCCTCTTCTTCTAGCCCGCGAGCGCGTGCATTGGCAATTGAGCCAACTTAGTTGGCAAGGCTGGGAACTTTGGGTGCGATCGCCACCGTTCCCAGGGAAAACAAGGCTCGATCTGCAAAGAATGCCCGGGCTCGAAATGTGCTACCTAGTTTGCACCATGGCGAGGCTTTCTTTGCAGCGAATCGTGCGTCGGTTCTCGGCCGCGTTTTTCGCACTCCTCGTCGTTCTGGCCTTGGTCGCGTGCGCGAG
NZ_CP089982.1_gap95	3968157	3970750	2593	GAGCTTCGTCGACACGGAGCCTTCGTGCATCTGCGAGCCCTCGGTGAGGGCGTGATCTTCGGCGTGCTGAATGACCGGCATGTCGAACACGCTGGCGTATTCGAGCGCGCGGCGCATGACCGAGCTGCTGGTGACGCAGCGGCCGTCATCGGAGACCGCCACCGCGCCGGCCTCGCGCAGATCGCCCATTTCCGTGAGCGCTTCGCCGCGCTGGCCCATGGTGATGGCGCCGATGGGGTGCAGGCGCGGGCCGCCGACCTCGTGGGCGCGCGAGAGCATCGCCTCGGTGACCATGCGGCTATCGTTCACCGGCACGGTGTTCGGCATCGCGCAGACGTCGGTGAAGCCACCGGCGGCGGCGGCACCGAGGCCGCTGCGGATGTCCTCCTTGGATTCCTGGCCGGGCTCGCGCAGGTGCGCGTGCAGGTCGACCAGGCCGGGCAGGAGCCACGCGCCGGGCGGCGGGGCGATGACCTGGGCCCAATCGGCCTTGGCTGCCTCGGCGCCGACGTTCGGGCCGAGGCGAACGATGCGGTCGTTCTCGATGACGACGTCGATGATCGCATCGAGAGACGACGAGGGATCGATGGCGCGCACATGACGAAAGACGATGAGGCGTTCCACGTGGTTCCTTTGGCTCGGCGCCGTCATATCACGTCTCGTTATGGACGCGAGTCGCTCCCCACGTGGAATCTTCGCTCGATGAGCCCGGTGCGGCAACTCCGCACGCGAACCGTCAGGAAACCGCGTCCGGAGACGACCCAGGAGACGGTCCGGCGGGAGACATTTCCGCGCGCATGCTGCTGGACCACGAAGCCGAGCGACGCGTCGAGGCCGCGGCCCCATCCTTCGAGATGGCCGACGTCGCGGCGTGCCTCGTGGGGCGGGGTGACCTGCAGGCCCTCTTCGGCGACGGCCTCGGCGTCGAGCGGTGCATTGAACGGGAGGCCCTTGGCCGACGCGAGCACGAAGGTGGGCAAGTATCCGCGGTTTTCCACGGTGATTTCCACGCGGTAGGTGTCCTCGCCGAGGCGCGTGATCTGGGGCTCGCCAAGGACGATGCGCGGCGCGAGGGCGGCCACGCGGAAAAGGGCGGCCGCCTGGTTGGTGCAGATTTCCGCAAGGCGCTCGTACGGTGGATTCTGGATGCCCACACGCGGATCGCGCCCGCCGATTTCCACCTCGCCGAGCTGCGGATGCTGGAAGGTGCGCCATGGCCGCAGGATGCGCGACTGATTGTGCTCGCGATCCCAGCGCGCAATCTGGACGAACTCCTCGCGCGAGATCTGCGAATAGCGCAGGATGAAGGGCCGTTTGCGCTCCAGGCCGACCTGCGCGAAAAAGTCCCAGAGCTCGCAGACGTACGCAATGGCGCCGCGCTGGTGGTAGCCGAATGCGGCGAGGTCGCCGTGCAGAACGGTGTCGGGCGAGTAGAGGAACTCCTCGAACACCGACACCATGGGGTAGCCCGTGAACTTTTCGCACCACGCACCGATCTGCTGGTAAACCGCCAGATCGGAAGGGTTCATCTTCTTGTCCGGGGCCGTGCCCAACGGACGCAGGAAGGCGCCTCCAAAGGTATGGAGGTTGAGCCAGGCGAAGATCTCCGGGTGCTCCGAGGCGAAGGCGACGATGGCGCGCGATTCGGGCTCGCTGGTGGGAAAGGCGCCAGCCCCCGCCTGTTCGGCATCCGGCACCCACGACCAGGGGAAGTTCCGATTGAGATCCGTGTCGGTGTCCGTCAGGTAGCCGGGATCGGGGATGGTGACACCGTCGAAGGGCTCGATGATGCCCTCGGGGTACATCTTGTAGAAGGGGCCCTCGTCTTCGAGCTGGCGCGGGAGCATCAGGCCGGGGAAATCCTTCGACTCGACGAATTCACCGGTTTCGTCGCGCTGGCGCATGGCCAAGGTGAGACCATCGCCGTCGAGATCGCGGTAGACCCAGTGCGGGATTTGGTGCCGCTCGGGCCGGCGGTTGCGCGGGTTGGAGCGGACGTAGCGCCCTTCGGTGAGCACGGCCTCGGCGCCGTCGGGCGACATGCGCGGGAGCACGTAGAAGAGAACATCGGTCGCAATGGCTCGGAGGTGCGGGGGCAGGCCATGCGGATCGCGCTGATCCGGTGGGGTGAGGTGCATGCGGATCACGTCCTCGGCGATGGCGAGCGCCACGCTGGAGCCGCACACCTCGCCCGCGTGCATGTTCCCATCGACCCACACGGCGGGGCGCACGCGATCGGGATCGGGGCCGATGATGAGAAGCCAGAGATCGCGGCCCTCGAGCGATTTGCCGATGGATTGCACGCGAACCAACTCCGGAAAGCGGAAGGCCCACGCGTGCACCTGCGCGGTCAAAAAGGTGTAGCGAAGGTAGCTCTCGCGAAAACCTCGATAGAGCGAATCGAGAATCTGCAGCGGGTTGTCGTCCACGGCCGCGGACTATAGCGCCGGTTTCTGTCTACGCGGCGAGAGGCCTTTCTCACGCGTGAGACACTTCGGATCGGCGCGTCGCGTTTTTCGTCGAGGTTTCGGCTGGCCTTGAACGTGCGTAGGGGCCGGTCAGGAGGCCTCATGACCGACTCTTCGTTTTCGAT
NZ_CP089982.1_gap96	3997080	3998502	1422	CAACCAAGTTGTCCCTTGGCCCAGCCGTCGAGGGCCGCCTCGAGCTCCGCAACGCTGACTGCGCCGCCGATGGCGCTGTTGAGCGCGAATACGGCTGCGAGGCCTCGCACGTCGGTGGCCTGGCCGCTGAGCAGGGCGGGCAGGTTGATCGTCGTCCCGTGGTAGTCGTGGATGCTCGGGAGCTCGGCTTCACCCGAGGTGCCGGCCACGACGATCACCGTTTCACCCACGACGATGGGCTCACCGATTCCAACTTCCGCCTCGAACACCTCGCGATCGTGTACGAGGAGGGGGGTCGCACCGTCGCAGACGCGCACGTAGGCGCCACCCTGCGTTGCGTGCACGTGGAAGTGATGTCGCGACACACTGCGGTCGCTGAGTACGAGGTGGGCCTCGCGCGACCTCCCGACCGTCTTTACCTGCTCATGAATGATAGCCTGCGTTCCGGCATCCGGGCCGCGGGCCACCACCAAACGTGCACTTGGACCAGCTTTCACGAGGCTGGGATACCACACAGTCGTGTCTCACTCGAATTCCGGCCCGCTTAATGGCGGTTCCGGCACCTGCGTCGAAACCCACCGCCAGCCGCCTTGACGCACCTACCTTGGTCCTGTGAAGTTCTGCGAGGGCCGATGCCGACGCCGCCTTCCCGTTCCGCGAGTTCTCACCGTGCGCTCGCACGCATTGGGACAATCGTCCAGAAATGCCGCATCGAGCGGGTGATCGGGATGGGCGGCATGGCCGTTGTGTACGCTGCGACACGGGACGACGGAGTGCGCGTCGCGATTAAGTTTCTTCTCGAGCACGCTCGCGACAACCCGGACATGGTGCGGCTGCTTCGTAGGGAGGCGAACGTGGCCAACCAAGTCGGGCATCCTGGCGCGGTACCGGTGCTGGACTGCAACGTGGACGAGGAGGGCTGCGTGTTCCTCATCATGCCGTTGCTCGAGGGTGAGAGCGTGCGTGCACGGTGGGAGCGTGCGGCCTTTCGCATGCCGCTCATGGAAGTCGGGGCGCTTGTGTCAGATGTGCTCGACGTGCTCGCGAGTGCGCATGTGCGCGAGATCGTTCACTGCGATATAAAGCCGGAGAATCTCTTCATTGCTTCGGAGGGCGATACGCGTGTGCTGGACTTCGGGATCGCCCGGCGCACCGATCGCGATGGAAGTGCCACAGCGACGGGTCAGATGATCGGCACGCCCGCGTTCATGTCGCCCGAGCAGGTTCTCGGAACGCGCGATAAACTTGGTCCCGCAAGCGATTGCTGGGCCGTCGGAGCGACCATCTTCTCGCTGCTGTCCGGTGAGCTCGTCCATGGCGCGGAAGGTCCATCCGCGCAGATTGCCGCCGTCGCAACGCAACGCGCGCGCTCAATTGGCGATGTGCTCCCGAGCCTTCCGCCATCCGTGGTGCGGTTCATCG
NZ_CP089982.1_gap97	4001105	4005484	4379	CAGAAGGCTCCGATGTCAGTGTTTTCTCGCTCGCAGCGTGCACTCGCACGCATTGGAACGGTGGTCCACAAGTGCCGAATCGAGCGGCTGATCGGCATTGGCGGAATGGCCGCGGTCTATGCGGCGACCCGAGACGATGGCCAGCACGTGGCGATCAAGTTCCTCCTGGAGCGCTTTCACGAAGACGCCAATATGGTGCGGCTCTTCAGCCAAGAGGCCAATGTCGCCAACCAGGTGCAGCATCGCGGTGCCGTGCCGGTGCTCGATTGCAGCGTGGATGAAGAGGGCTGCGCGTTCCTCATCATGCCGCTGCTGGACGGCGAAACGGTGCGTGCGCGATGGGAGCGCTGCGACCAGCGCATGCCGCTGGCCGAGGTCGGTGTGATCGTGTCGGATACGCTCGACGTGCTCGCGAGCGCGCACGCACGTGGCATCGTTCATCGCGATATCAAACCCGATAATCTGTTCATTGTCTCGGACGGAGAGCTGCGCGTTCTCGACTTCGGAATCGCTCGGCGGAGCGATCGCGATGGGAGCGTCACCTTGACCGGTCACATGATCGGTACACCCGCGTTCATGTCACCCGAGCAGGCCATTGGCGATCGCCGAGCCGTCGGGCCTGCGAGCGATGCATGGTCGGTGGGCGCCACGATGTTCACCCTTCTGTCGGGCCAATTCGTGCACGAGACCGAGAGCAGCGCCGGGCAGCTTGCCGCGGCAGCGACCCGTCAGGCCCGTTCACTGGGAGACGTGGCTCCGCATTTGCCGCTTTCGATCGCGCGCTTCGTCGACAAGGCCCTCGCGTTCGATCCCAAGGACCGATGGCCTTCGGCGCATTCGATGCGCGAGGGATTGCACGCGAGCCTGGAAGGCATTCTCAACGAGCCAATGGCGACGATTGCCAGCCGCGTGCATGCGAAGTTCGCAGCCGATTTGGCGCACCAGACCGAGGCGACCTATGCCAAACAGTCGTTGCGGCAGCAGGACCTGAAATCGCATGTGCGGACTCCGGTTCGCCCCTGGATGCGATTCGTTCATTCGGATCTCGAGGTGAGCGCTTACCTGCCGAAGTTCTTCGGCGCCATGACGGGAACGGCGAGCCGTATCCTTGCCGACCACGGACTGGGTCAATTTGCCGACACCGGCTGGTTCGTTCCCGATACGCGTCCCTGGTGGCCCATGGAGCCCTACGTTCTGGTGCTCCACGAATTGATGGACGCGGTGGGTCCCATCAAGGCCATCGATATTGGCAAGCAAAAGGTGCAATACGTCCACCTCCCGCCCGATCTCGGAGTGCACGATATTCACGCGATGATGGCCGCGGTCGATGCCGCATACCATTTGAACCATCGCCGAAACGGTGAGCCTTTGTTCGACATCGCCTCAGGTCGCATGGTCGACATCATTGGCCACTATCATTACCGCGGTCGATTCGATACGGAGCAGTCCATCGCGATGGAGTGCGAAAACCCGTACCCGTGCGAGCTCGATCTGGGCATCCTCCTGGGCTTCGCGCGCCGCTTCGAACCGCGCGCCGTCGTCGAGCATGCTCCAGGGCCTTGCCGCAAAGAAGGCGCCGAAAGCTGCACGTACCACGTCACCTGGTGGTGAGCGATGGAAAGTCTTTGGGCTCCAATACCGGGCCGTCGCACAAAATGAGCGCGTGCTCGATGACCACGCGCAGCTCGCGGACGTTGCCCGGCCACGCGTAACGACGGAGTGCGTCGATGGCTCCCTCGGAGAAGCCGCATGCGCGGCCGGCGCCGCTCGCCGCGAGATCGTCCACGATCTGCCGAGCGATCATGGCGATGTCCTCGGGGCGCTCGCGCAAGGGCGGAATCCTGTGCGTCACGGACGAAATGTGAAAATACAAATCACGACGGAACGACCCTTCGTCGATCAACACGGCGAGGTCGCGCTTCGTCGTGCCGATGATTCGCGCTTGCAATGGGGTCGAGTGTTCCAGTGCGTGAAGCAGTTTTGCCTGATCGGCCAATGGTAAATCGCCAATCTCGTCCAAAACGAGGGTGCCACCCTCCAAGGCATTTTCCAAAATGCCGTCCCTCACGGCGGCGCAATCGACGATTCGCAATGGCTCGTTCTTGCGTGGTCCCGATTCGTGAATGAGGCGCGCGACGAAGCTTTTGCCGGTGCCGCTCTCGCCAAACAAAAGAACGGCATAATCCGAGATCGACAGTTTCGAAATGGCTCGGGCGACCTCGCGCGCGCCGGTCGATACACCGGCGAACGTGCGTGCGGTGCCCTCGACCCTCCGTCGGTAGGTGTCCCGTTCTTCCTCTCGCTCCCGCAGCACGGCCATTTGCGCAAACCGAGATGCACACAGCGCGCCGGCAAGGACGAGCAATCGATGCATCGAGTCTCGGACGCGATCCGCGGATTCGTTCGTCGTAAACACTATCCAGCCGGTTGGTGCTCCGGGGCATGGGACGAGGAGCGCCAATCCGCCATCGCGTGACTCGATAATGGGCTCCTCCGCCATGCTCGCAGAAGGAGGCGGCCTGTCCGCTTCGTTCGCGTCACCCGCCGTGCCAAAGGTCGCGCCCGTGCATGCCAGATGCACGCGCGCCCACCCATCCAATGCCGTTTCCAGCTGCGAATGGCTCTCCACATTCGCGATCGCGCGATTGAGGGCAAACACCGCCGCGAGCCCTCGCGCCTCGGCGGCATCCCCATCGAAAACGGCGGGGAGATTCATCGTTGTCCCGCGGTACGAGACGGGGCCTGCCGCGGCGTCCTCGTCGAGAGCGCGAACGACGACCATTACGGTATCCCCGACGACGATGGCATCGCCGATGCTCACGTCGGCCTCGAGAACCTCCTGCTCGTGAATCAGCAGCGGTGCCGCGCCTTCGCAAGCACGCACGTACACGCCATGTTCGGTGGCGTGAACGTGAAAATGATGCCGCGATACCGTGGCATCCGTGAGCACGAGATGTGCCTCGCGCGAGCGGCCGACGATTTTGACGTGCTGATTCACCACGAGCTGCGCGCCCGCATCCGGACCGCGGGCCACCACGAGCCGTGCACTTGGACCCATGCTCATGCCCATACTCGGGACAGTGGAATAGCACATAAAGGACGACAACCGAATGGTCCGTCCGAAGAAACGGACTAGCGCGCCCCTTTCACGGGCCGTACAAGATGGGATTCAATGGCCCCTTCGTCGTCAGGCTCGTCGGCGTCCAAACGTGCACTGGCGCGCATTGGATCCATTGTTCATGAGTGCCGCATCGAGCGGCTGATTGGCATCGGCGGGATGGCCGCCGTGTATGCCGGTACGCGCGAGGACGGCGAGCGTGTGGCCATCAAATTCCTCCTCGAGCGCTTCCAGGACGACCCCAACATGGTGCGTCTTTTCAGCCAGGAGGCGAACATTGCGAACCAGGTGGACCACCCCGGCGCCGTCCCGGTTCTCGATTGCAGTGTGGACGACGATGGTTGCGCCTTTCTCATCATGCCGTTGCTTCAGGGCGAGACTGTGCGCGCCCGATGGGAGCGTGCGAACCTTTGTCTGCCGGTCGCCGATGCCGGCGTGATCGTCTCCGATGCGCTCGACGTGCTGGCCAGCGCGCATGCACGGGGCATCGTCCACCGCGACATCAAACCGGAAAACCTGTTCATCTCCACCTCGGGCAACCTTCGCGTGCTCGACTTTGGAATCGCGCGCCGTTGCGATCGCGATGGCAGCGTCACCATGACCGGATACATGATTGGCACCCCCGCCTTCATGTCGCCCGAGCAGGCGCTGGGGGCACCGAATGGCGTCGGGCCAGCCAGTGACTGCTGGTCCGCAGGGGCCACGCTCTTTTCGCTCTTGTCGGGTCAGTTCGTCCACGATGCCGCGACCGCCGGAGCCCAATTGGCATCGGCCACCCGGCCGCCGCGGTCCCTCGCCGATGCCGCGCCGCATTTGCCGCTATCCATCGTGCGCTTCGTCGACAAGGCGCTTGCCCTCGATCCAAAGGACCGATGGCCGTCGGCGCGCGACATGCGGGAAGCCTTGCACGAGGCCTTCGAGGGCGCGCTCAACGAGCCCATGGAGGTCACGGCACCCCGCGTGCGCGGGAAGTTCGTCGCCGAGCTCGCGCAGAAGACCGAGGCCACGCGCGTGAAGCTGCCGTCGCGCCAGAGCACGCGATCGCGCGGGCCCGCGTCGCAGCCTCTCTGGATGAAGTACTTGCAGCCTGACGTCGAGGTGAGTGCGTTTTTGCCCAAGTTTTTCGACACCATGAATGCCACGGTGAGGCGAATCCTCACCGAGCATGGGCTGGGGTATTACGTCGAGACGGGCTGGTTCATTCCGGACGCGCGGCCGTGGTGGCCCATGGAGGCGTACGTCCTCGCGTTGAATGCGATTG
NZ_CP089982.1_gap98	4011510	4012207	697	CGGGGCGAAGAACCACATGGTGGTGCTGCCGGACGCGGACATGGATCTCGCCGCCGATGCAGCGGTGAGCGCGGGCTATGGCTCGGCGGGCGAGCGGTGCATGGCCATCAGCGTGCTGGTCACGGTGGGCGACGCCGCCGACAAGTTGCTGCCGAAGATCCGCGAGCGCATGGCGGCGCTCAAGGTTGGCAACGGCCTGGATCCGGCGAGCGAGATGGGGCCGCTGGTCACGAAAGAGCATCTCTCGCGCGTCGTTTCCTACGTGGAAAAGGGCGTGGCCGAGGGCGCGAAGCTCGTCGCCGACGGACGCACCTTGAAGGTCAAAGGCCACGAGAAGGGGTTCTTCCTCGGCCCGTGCCTCTTCGACGACGTGCGTCCCGAGATGAGCATCTACCAGGACGAGATCTTCGGCCCGGTTCTCTCGGTGGTGCGCGTGCCCACGTACGCCGATGCGGTGAAGCTGATTCACGAGCACGTCTTTGCCAACGGCGTGGCCATCTTCACCAACGACGGCGGCGCCGCGCGCAAGTTCCAGAGCGACGTGCAAGTCGGCATGGTCGGCGTGAACGTGCCGATCCCCGTGCCCATGGCGTACTACTCCTTCGGCGGGTGGAAGAAGTCGCTCTTCGGCGATCTGCACATCTACGGCCGCGACGGCGTGCGCTTCTACACGCGCAACAAGGTGGTCATCGCGCGC
NZ_CP089982.1_gap99	4015231	4016993	1762	TCGACGAAGAACGGCTCGTGCCGGTCGGCCCGGAGCGGATGCCGCTCGGAAAGAAAATTCGGGTTGGACGGATGTGCTCCGTACAGCAAGGTCTGAGACCACATCACGACCTTGCGGACCTGCGCATGCCGCGCGGCCACCAGGACGTGCATCGTCCCGACGCTCTCGAGCTCGTGAGCCCAGGCGCTCGCCGGCGTTGGGTTCGCCAGAAACGCCAGGTGAACCACAATGTCGGCACGTTCGGCAGCGAGCACTTCCGCAAGCCGGGCTTCGGCCGTGGGCTGGGTGAAGTCGACCTCGTAACTACGGGTCTTTTTCCCGGCTGTGGAAGGCGCCTTGATGTCGATGGCGACGATGCGCTCGACGCGCTCGTCCTCCTCCAACAAGCCAATGACGTTCGTGCCCAAGAAAGATGCTGCGCCGGTCAGAGCCACGACCGGACCGCCTCGGCTGTCACGCAGAGCGGTCTTGCGGCCGCTTTCCCGCGGGCGGGTAGCAGCGGAAAGCTGTCCAGATTTCGAATCGGAGGCCATCGATTGGAGCGCCATCGGTTGGTGGGGGGTGGTCCGAAAGTCGCGGAACGACAGTAGTACGCCGCGGCCGAAGTTGGTACTTCGTTGCATAGCCCGTGGTGCGATAATCTTCCCGGGAACGTGGGCAACTCGAGCCATGCCGTGCCGCCCCGGCTCGGGCCGTACGAGCTCATTGAACGCCTTGCCACGGGTGGCATGGCCGAGGTGTATCTGGCGCGCCGGGCTGGACCGCGCGGTTTCCAGAAGCTCGTCGCGGTCAAGCGCATCCTTCCGCAGCTGGCGCGCGATCCCGACTTCGTCGCGATGTTCGTGGACGAGGCGCGGGTGTGTGCCAACCTCTCGCACCCGAACATCGTCCAAGTGTTCGACTTCGGCGAGCAGGACGAAGAGCTGTACATGGCCATGGAGTACGTGGACGGCACGACGGGCGCCCGCCTGATTCGCGCCGCCGCGGCCCGCGGGGAGGAGCTCCCGCTGGAGGTGTCGCTCCACGTGGCCCTCAGCATTTTGCGCGGCCTGGAATACGCCCATGCGGCACGCGATCGCAAAGGCCGGCCCCTCAACCTGGTGCACCGCGATGTGTCGCCGGGCAATGTGCTCATCGATCGGTCGGGCGCGGTGAAGCTGACGGACTTCGGCATTGCGCGCGCCTCGGACTTCGAGCGGCGCACCGACCAGGGGCAGCTCAAAGGCAAGCTCGGTTACATGTCGCCGGAGCAGGTGACGGGGCGCGAGCTCGACGCGCGGAGCGATCTGTTCACCGTGGGCATCGTCCTCGCGGAGCTGGTGACCTTGCGCCCTCTTTTCTCGGGCGGCCGGGAGCTCGATGTGCTTCTGCGCATCCGCGACGCGGATCTCGGGCCCATCGATCGAGCGGGCTCGCTTTTGCCCGACGATGTGAAATCGGTGCTTCTGCGCGCGCTCGCGCGGGACAAGCTGCTGCGCTACTCCAACGCGGCCGTCTTCGCGGAGGCCATCGAGGAAATCATCCGCCGTCGCCGTCTGCAGGTCGGCCCCGCGCGGCTCTCGGCATGGATCGAACGGCTCGGTTTGATCGATGGCCCCGATGTCTCCAGCGACAACGAGCCAAGCCGTCCGGGCACCGCCATCCTCGAGCCCGACGAGGTGGTTCGCAACGATCCGCGTGGCGATGGCTCCTACGACAGCGGCGGCTCCTACGAGGTGGCACCGCAGATTTACCGGGTCGACTTGGGCGACGGCACAGCGAG
NZ_CP089982.1_gap100	4209887	4212472	2585	ATCGACGGCAGCGCGTGCCATTCCTGTCGGCCCGCGAGCCGATGCGCCATTACGATCTCGCGGTATCCCCCTTCCGTTTCGCAAGGGCCTTGAGCGCTCCGGGCGACGTGCCCGAGTTGATCGCGATCAACTGCTTCGCCGATGGTGGGACGAATGCACACGTGATCGTCGAGGGATGGCGAAAAGATCCCGCAAACGCGGCGCGCACGCCGATGGCGCCTCCGGCGTTGCACAGGGTCGAATGCCGAACGCCGGCACCGAAATCCGAGCGGCCGGCAGCCGCGGTGGTGCACGGTATTTGGGGACAACTCGTCAGCTCCAAGCCCATGGCCAATGGCGTCTGACAACTTCGAAACATGGATTTCTCGATTCAATGAAATTGCGCGTTCCGTGTAACCAGAACGGAGGACATCCTTTTCGACAATGTCATTGGACGGTCCGTCTAATTTAAGGACGAAATAACCCAATTCATTCGTCCTGAACTCATTGCCGTCCACCCGAAGAACATCGCAACTAACGTAAGTAAACTCATTGCAAACGTTTTCTCAAAGTCGTTGACGCGTTCCGATCCCGTGCGCTACCGAATGATCGTGGCGATTTCCGAATCGCCGTCCAGCCACCTCGAGTTCAGGCACATACCATCCGACGCCGGTCGCCGATGAACCGCGCGCGGAGCGCACATGGTCGGCCGAGTTGGGAAGTTACGTCATGGAAGAATTTCTGAGTCTCACCCTCGACAACCCCGTCGTCCGAGATCATCAGGTTCTCGACCAGCACCTGTTGCCGGGTCTCGCATACATCGATTTGCTGTATGCGGTTTTCCGTAAGTACGGCCATGACTTCCGTTCGCTCGAATTGCGGAACGTGTCGATTTATCATCCACTCGCAATTGCGAAAGACCAAACGTTGCTCCTGCACATTCGTTGCACGGAGCATCGAGCGGATCGCTGGCGGATTGAAATCGAAGGTAAATTGCAGAGCGAAGCGAGCAAGCGTTATCTCTCCGCGGAAATGCACCAGCTGGATTCACCCGACTTCGATGAGTCCATCGATGTGGGCGCGATAGGGCATGGCGAGTGCCAAGCGTTCTCGTTGGACGAGATGTATGCGGAATACCGCAAGCAGGAGTTGGTGCACGGGCCTTTCATGCAAGCGCGCGGGCGCCTGGTTCGCACGGACGAGGCCATTCACATCGAGTGCGCCTTGAGCGAGGCGGCTCGGGAGAGTGCCGAGCACGTGATGTTCCATCCGGCCCTCATCGATGGCAGCGCCGTGTGCGGCGGGCTGGCCATGCTCGCGTGGTTGGAGCCACGTCGCGACGGGCAGCTGGCATTGCCCTTGGTGTACGAGTCGTTCCGCGCCCGGGAGTTGCTCCAAGAGCACTGCGTGGCGCGCATTCGCCGGAGTTCGATCCGGGAGGTGCAGGAGCTCCGTCAGTGCACCTTGGAGTTTTTCGACGCGGCCGGGCGCAAGGTCGCCGAGCTGAAAAATGTGACCAGCAAGGCGATTCGCGATCCTGGGTTGATCGACGGCCGCAGGGCGCAGCCCGCCGTGGCGGATGCGCGGCCCACCGTTGAAACGTTTCTGCGGGAGCTCCTCGCATCGAGGTTGCGCCGCCCCGTGCAGCAAATAGACCGCACCGCGCGATTCTACGAGCTTGGATTGCAATCGTCGGAGCTGCTGGAGCTCGCCCACGCCATCGAGGAAAAGGCCGGCACGTCGCTCTCGCCCACGCTGTTTTTCGAGTACGTGACGATTGCCGATCTGGCCGCGCACCTGGCCGATCTCGGGCATTTCTCCGCGGCAATCGAGACTCCGAAGGCCGCGCTGGGCACTTATGTGTTCCGGGGGGAAGATCCGTATTTGCAGGATCATCTGGTGTTGGGCGAGCCCGCTCTGATGGGCGTGACCCATCCGTGCTTGGCGGTGGAGTCGTATCGCGAGCGGGCGCGCAACTCGGGGCCCGTGGAGCTGCGAAATATCCGATTTCGCGGCGGCCCCATCACCTTGAAGAAGGGCGAAAGCGTCACGATTTCCGTGGGCTTTCACCCCGCCGATCGAGGCAGCTCGTTCAAGGTGGAATACGCCTCGGCGACCGAGGGAACGAAGATCTGCTGCGAGGGAGACTTCATTGGCGAGGCCACCACGGCGGCCGGTACCGTCGATGTGCCGTCCTTGCTCGCGAACGCAAGGCGCCTGAGTCAAACGGACATTGACCAGATCTATCGGCGCACGCGCGACTTCACCATCGGGCCGCTGCTCCGGACGGCCGAAGCCGTTTGGGTGGTGAACGAGAGCGTTCAAGTCATTCAGGTGAGCGTGGATCACGCGAGCGCACCGAGCTATGCGCTCGATCCGGTTGCGCTCTGCTCTTGCTATTTCTATTACAGCAACGACGCGGCGGCCTCGCGCATCTCCGTTCCGCTGGCCATCGAGAAACTGGTGGTGCACCGCCCGACGCCGCCGCGCTTCTACATCGTCTTTCGTACACGCATCCACCGAGCCGACTACGTATCGTTCGATGCGCAGCTCGTGTCGGAGTCGGGTGAGGTCGTCGCCTCGGTCGTCAATGCCTCGATCAAGGA
NZ_CP089982.1_gap101	4213935	4216579	2644	CGACGTCCGCCCGCGACGTTGCCCTTGGGGACATCGCCTACACCTTGCTGCGACGGGAGCAGCTGCCCGCACGCCTCGCGTTCGTGGCGGCGAGCCTGGACGAATTGCGCACGCGATTGTCCACGTACCTGGAGTCTCCGTCACGGGAGGAACTCGCCCGGTCGTGGATGGCGGGCCTGGAGATCCCCGCGGAGCCGCCGCACGATCCGGGCGCCCGCATCGTTGCGCTGCCCACGTATCCGTTTCAGCGGCGGCGCTATTGGATGGATCCCGAGCCGCAAAAGCACCCGCTGCTGCATCGCGAGGTGTCCGCGCGCGAGTTTGCGAGCACGTTCCGCGGATCGGAATGGTTCCTCGAGGATCACGATCGGCTGTTCCCGGCGGTGGCGTACCTCGAGATGGCCAAGGCCGCGGGCGAAGCTGCCGAGGGCCAGAAGATCGCGGGCATTCGCAACGCGCTTTGGGTCTCTCCGAAGGTGATCGCGAACGGTGATGCCGAAATGCGCATCGCGCTCTCGGACGAGCACAATGGTTGCGGTTACACGGTGACCTCGGGGCAGGCGACCCACGCGCAGGGATTGCTCGTGTTCGAAGGCTCGCCGGACCGACCTGCAAGGCCACCGGCGCTGGACATCGAGGCACTCCAATTGCGCTGCGCGAGCCGTGTGGACGAGCGGACGCGCAACGAAGTGATGGGCATGCCCGCTTCCTACGACAAATCGTGGATCGAATCCCTGGCCCATTCCGATCAGGAAGCACTGGCAAAACTGCAGGCCCCAGGTGAACCCGAGGCGGGCAGCGGAGCGTTCTTCCTGCATCCGAACCTTGGGAATTCGGCGCTGATGGCCGCGATTTTTCTATCGCTCATCCAGGACGGCCAGCGTCAATGGCGATTCCCGTACACCTTGGAGGCGTTTTGGATTTACGCGGATATCCCGCGTACGGCCTACGTGTACGCGCGCCGAAGTCCGGGCGGAGCCTCGGGCGGTATCGGGAAATACGATATCGACGTGGTGGATGCGGGCGGTGAATGCGTCGTCGCGTTCCGAGGTTTTACGGCCGTTCCTGGTGTGTACGGCGCGAAAGAAAAGGAGCCTTCTGCGGAGATCGCCCCGGAGCAGTCGCTGCGCGATCGCGCGCTTCACGAGCTGACGCGGATGGCCTCGGGCGTGATCAAGTTGGAGGCGAGCCGGCTCGATCCGCGGGCGGAGCTTGCGCGTTATGGCTTCGATTCGATGGCGCTCACCGAGTTCACCAATCGGTTGAACAAGCGCTACGCACTCGAATTGATGCCCACGGTGTTCTTCGAGTGCTCCACATTTGGAGCCCTTGTCGATTACCTGGTGAAGCGTCACGAGCCGCAATTGCGCGCGGTCCACGCAAAGGCGGAGCCAAATCGCCGCGAGACCGTCCCCAAAGCCGTCACGCCCATGGCTCGTGCGGAGCGTCGAATCGAGGCGGTCGCGTCAGGCAACGAGCCGATTGCCGTGGTGGGCATGGTCGGGCGATTCCCGGGATCGCCCAGCGTCGACGACCTTTGGGAGAACATCGTCGCAAACCGCGATCTCATCGGCGAGGTCCCCGCGGATCGGTGGGATTGGCAGAAGTACTACGGCGATCCGAAGTCGGGGCCGGACAAGACGCTCGTCAAAACGGGCGGCTTCATGGCGGACGTCGATTGTTTCGACCCGTTGTTCTTCGGAATATCGCCGCTGGAGGCGCAGGGCATGGACCCGCAGCTGCGCCTGTTCATCGAGTGCGCGTGGGCGTGCATCGAGGACGCGGGCTACCGGCCCGGCAGCCTATCGGGCAGCAAAACCGGCGTGTTCATCGGTGTCTCCACGCTGGATTACAAGGACTTGGTCCACGGGCTGCACGGGCAGGGCGTAACCCAAGGCTTGTTCCATTTCTTGGTGGCCAATCGCGTTTCCTATCTTTTGGATCTGCACGGTCCGAGTGAGCCCATCGACACCGCGTGCTCCAGTTCCTTGGTGGCCATTCACCGCGCGGCGGGCTGCTTGCGCTCCGGCGAAATCGACGCCGCCGTGGTCGGCGGTGTCAACGTGCTGGCAAGCCCGGACGTCACCATTGGCGCGAGCCAAATGGGCATGCTCAGCGAAGATGGCCGGTGCAAGACCTTCGACCGCGGCGCCGACGGTTACGGACGCGGGGAAGGGGTGGCCGCGCTCTTTCTGAAGACATTGAGCCGCGCGCGCGCGGATGGCGACCGCATTTACGGGCTCGTTCGCGGCAGCGCGGAAAACCACGGCGGCAAAGCCACGTCGCCCACGGCGCCGAATCCATTGGCGCAGCAGGAGCTCATCGTCACGGCGTACACCAATGCTGGCATCGACGTGCGCACCATGGGATACATCGAGGCGCACGGCACGGGCACCGTGTTGGGCGATCCCGTCGAGCTCAATGGCCTCAAAGGCGCGTTTGCGCAATTGCAAGCGGCCCAGGGGATCACCGGTGCAATCGAACCGCATTGCGGTGTGGGATCGCTGAAGACGAACATCGGACACCTCGAGGCGGCGGCCGGAATTGCCGGTGTCGTCAAGGTGCTCATGATGCTCCGGCATGGGCGGATTCCCGGCAATCCGCATTTGCGGGAGCCAAATCCGTATTTGCAGCTGGAGGGCAC
NZ_CP089982.1_gap102	4257521	4258243	722	GGACCTCGCCCGCGAGTACGCGGCGGCCAACATCGAAAACGGTTGCCTACGCGGTGGCTTCCTCCAGGAGATCGAGCACTTCGATCACCTGTTTTTCAACATCTCGGGCATCGAAGCGACCTACATGGACCCGCAGCAGCGGTTGTTCCTGCAGGAGGGCTGGCGGGCCTTGGAGGACGCAGGCTACGCGGGTCTAAGCATCGAGGGCCACCGTTGCGGCGTGTACGTCGGCTGCAACGGCGGCGACTATTCGCAGCTTTTCAAAGACGATGCCTCGACGCCCCCGGAGGCGATGATGGGGAGCGCCGCGTCGATACTCTCGGCGCGCATTGCCTACAGCCTCGACCTACGGGGCCCGGCCATGACCATCGACTCGGCCTGCTCCAGCTCCCTGGTGGCGATGCACCTCGCTTGCCAGGCTTTGCGCGCCGGGGAAGTCGACTTGGCACTGGCCGGTGGCGTCTACTTGCAGTGCACCCCCAGCTTTTATGTGATGGCGTCGCGCACGGGAATGCTCTCCCCGAATGGCCGCTGCCACACCTTCGACGATCGCGCGGATGGCTTCGTGCCCGGTGAGGGCGTGGGCGCCGTGCTGCTCAAGCGCCTGAGCGATGCGATCGCCGACGGCGATCCCGTGCGGGCGATCATCCGCGGCTCGGCGATCAACCAGGATGGCACGACGAATGGCATCACCGCCCCGAGCGCCCTGTCCCAGGAGCGGT
NZ_CP089982.1_gap103	4349849	4354141	4292	GCGGGGATCCACGGAGAGCTTTGCGCCGTGCTCATGGCTCCCCCGTCGGGCCGCTCGGCGCGGGTTGCTTCGGCGCCTTGTCCTGCCGCGCGCGCCGGAAGGAACCGAGCACCGCCTCGAGCCGGCGTTGATCCAATCCGGCCACCGGGAAGTCCGACGGCGAATAGGCGCCGGCACCTTCGCTCGTACAGTGCGCAATCAGGGCGCGCAAGGCTCCGACGTAAGCGTCAGCCAACGCCGAGGCGCTTGCCGGATCGTGGCGGTGAGGGTCATGCGTGATGGCGATTTCGAAGCGGCCGTGTCGCACGTGGCAATTGATCTCCAGAGGGTAGGGGCGAGGATTGGCGGCGCCTCGCCAGGGGTCGGCTGCCTCGGGGGCGAGGCGGAAGGTGGAATTTCCGACGCGATCGAGCTGTCCGAGGTAGTTGAATCCGATGTTCGCGGCGGGGAGCTCGCCCAAGGCGCGCTTGCCAGCGTCGTCGAGGTAGCGCAAAAGCCCGAAGTCGGCGGGCCCACCGGGCACGGCGCGGCGCTGCTCTTTCAAGGCGGTGAGTGCGCGCCCGGGCTCGGTCCAAGGGTCGATGCCGTGCAGGTCGAGCCGCAGCGGCGTGATGGTGGTGAACCAGCCGACCGTGCTCGATGCGTCGGGCATGCTCGACGGATCCATTTCACGGCCATGCCCCTCGAGATCGATGCGTACGCGGCGAATACCGGCCCAACGATGCAGCGCGCCCGCGAGCGCGGTGAGGAGAAGCTCGTCGGTGTGCGTGCGGTACGCGGTGTTCGCCCGGGTGAGCAGGCTCTCGGTCTCCGCCTCCCCGAGGGCGCGTCGCTCGGTGCGGGCCGCCCCTTCCGTGTTCGGACCATGTTGCCCCGGCAACGGATCCACCGGCCCCGAGAGCAGGCGCGCCCACTCCGGAATCTGGCGCGCGAGCTCGGGCCGCGCCGCCGTGCGCGTCAGTGCCTTGGCCCATCGGCGGAAAGAGGCCGGCGGAGCCGCGTTCTCGGTGCCACGCAGGGCCGAGCCCAGTTGATCCAGCAGCACCCACCACGAGACTCCATCGATGGCGAGGTGGTGCACGACGACGAGCAGCCGCCGGCACGATCCTTCGGCGGTATGAAACAGCACCACCCGGGCCAGCGGCCCATCGACCACATCGAGCTTGGCATTGTACTCGGCCGCGAGTGCCCGCACGTCCGCCGGCTCGAGTGCGCGATCGATGACGACGGGCAGCGCGTGCGGATCGTAGCGCGTGTGCCACCCCTCGCGATCCTGCCAGTAGCGCATGCGCAGGGCATCGTGCTGGCCGAAGACCTGCTGGACCGCGCGCTCGAGGCGCTCGACAGAGAAGTCCCCCGTCGCTTCGACGACGAAGGACTGATTGAAGTGCCCTGGCTGCGGCAGCTCCAGCCCGAAGAACCAATGCTGTATCGGTGTGAGCGGCAGCTCGCCTGCCTCGGTCTCGGTCTCCAGCGCATCGGTGCGAAGCCGCGCGCGATCCGCGGCCGCTGCGAGTTCCGCGATCGTCTGATGCTGAAAGAGATCCCGCGGAACCAAGCGGACGCCATGCCGGGCTGCCTTGGCGACGACCTGGATTCCAAGTATGGAGTCGCCGCCCAGCTCGAAGAAGCGATCGTGCACGCCCACTTGGGCGACCCCGAGGACTTCGCTCCAGATCTTCGCGAGCAAGGCTTGCGTGGGGTTCGTAGCCTGCACGAACTCCGTGTCCACGGCCGCGCGCGCGTCGTCGGGCTCGGGCAAAGCCTGCCGATCCAGCTTGCCGTTGCGCGTGACCGGGAGGCCATTGGGCAGAAGGACGAACGCGGAAGGAATCATGTATTCGGGCAGGCGCTCGCGCAGGTACTCACGCAAGGCCGCGACGAGTGTGTCCTTTTCGCGGTGCGCCGGCACGTTCGCGAGGGCGGACCAATCCAGTCCGGAGCCGATTCTCCTTTCGAGGAGAGCGCCCGCGGGGGCGCGTCGATCCGCCACCACGAGGTCGAACCGACCCGCGGCGCCCGACTCCGGCCAATGCGCCTCGGCGGACCACGACTCCGCACCGCCGGGCAGATGCTCCACCAGCCGACAGGCCGTCTCCGGATCGATGCCGGATGCGGCACGCATCGCGGCACGCAACCCCCCAACGGTCGCGGGCCGCTCCGCCTGGAGAACGTGCCGCGCGTGGCTCAATGTGGCGAGGCGATCGTCGGGCAGATCCGTGATGCGCACCTTTGCCGGCCGCTCCGAGGCAATTCGGGCTGCCATGTCGGTCAGCGCCTCGCCGTGCCACGCCCAGCGGGTCGGGGCCGGCGTCTCGCATGTCGACAGGATCGCATCGACACGGAACCGCGTGAGCTCGTTGCGGCTCGCGCCGCGTTTGAGCAGCACCTTGGCGGATGCAAGCCCGGGCAGGCGCACCGTCAGCTCGGAGAACAACGCCGGATGCAGGAGCAGCTCGCGCTCGCGTTCTTCGGCGGCCGTCGCATGCCGCAGCAGCGATTCGACGGGCATCGCATCGTCTGCGCGATGGAGTTGCACGGACAGGCGAAGTGCTTCTGCCAAAGCGAGATTGCGGACGTCGCCCAGGAAAATAGCGCCTCCCGGGGCCAGCATGGCCGCCGCCGCGCGCACAACGTCGACGAGGTAATCGAGGCTCGGGAAGTACTGCGCCACCGAGTTGATCACGACCAGATCGAAACGGCGCTCGCCGAGCGCACCCAATTGGTCCGCACCGAGTTGCTGCAGTTCGACGCGGGCTGCGAGCTCGGGGGTCAGGACGCGCTCGCGGACATGCGCCAGCGCGGTCGCCGATACGTCCGTGGCGAGGTAATGGCGACAGTGCGGGGCCACGCGCGCGAGCAAGAGGCCCGTGCCGCAGCCGATCTCCAGCACGCGCTGCGGTGCCAGCTCGAGGATCCGCGCGACCGTGGTATCGACCCATTCGCGCATGTCTTCGGAAGGAAAGGGCAGTCCCGTGTGTCCGTCGACCCACCCGGCCAAGTTGAACGATGGGTCCTCGACATCGGGTGCGCTGGCGTAGACGTCGTCGAAGACCTTCGTCCACTCATCGATCCGTGCCGCGGACGGACCTTCCGTCGTTTCCGCAGCGGGTGTGACGTAGGCGACTAGCTTGCTGTCCGTGCGCTCGCCCCGGGCCATGACCGCGGCCTCGCGCACGCGCGGATGCTGGTTCAGCAACGTCTCGATTTCGCCGGGTTCCACGCGGTAGCCGCGCACCTTCACCATGGCGTCGACGCGGCCGAGAAACTCGATGGTCCCATCGGCCCAGAAGCGCGCGCGATCGCCCGTGCGGTACATGATCGCATCGGGACGCAGGCCGTACGGATCGGGCACGAACTTCGCCGCGCTCAAGTCGGGATCGCCGGCGTAGCCCAGGGCGAGGCACTCGCCGCCGATGTACAACTCGCCGGGCACGCCGATCGGACACGGATGCCGATCGGCATCGAGCACATAGTAGCGCGCATTCTGGATCGGGCGGCCGTAGGGGATGCTCGGCCACGCAGGGTCGACGCGCTCGATGTCGTGGAAGTTCGACCAGATGGCGGCCTCCGTGGCACCGCCCAGGCCGACCACGCGGGCCTTGGGGAAGCGCGCGGCGATCTGGCCGGGCAAGGTGACGGGGATCCAATCGCCGGAAAGGAACACGAGCCGCAAACGGCTTTTGCTCCAGTCGTAATCTGCAGTCTCGAGGAAGGGCGCCAGTTGGCGCAAGGCGGCGGGCGCCGAATCCCAGAAGGTGATTTCACCGGAACAGAGCCAGTCGAGCAATCGCGTCGGATCGGTGACATCGCGCGCCGATGCGATTCGGATCGATCCTCCCGCCGCGAGCAAACCGAAAACGTCGTAGACCGACAGATCGAAACAGAGCGACGTGAGAAAGAGGACTCGGTCCCGCGCGCCGATGCCGTAGCGCCGATTGACCCAGTCGATGGTGTTGACCACCGGGCGGTGTTGCAGGACCACGCCTTTGGGCGTTCCCGTCGAGCCGGAGGTGAGGATGACGTAGGCTCGGTCTTCGGGACGCACGGGACATCCCGGGCTGGTCGCAGGGCGCCCCGCCAATGCGGCGCGGTCGTCGAGGCAAAGGATGCCGCATGGCTCGAGCAAGGCGCCCAGCCTGGGGGCGTGTTCGATCTGGGTGAGCACATAGCCCACGTCGAGCGCGCGGCAGGTGTCGGCGATGCGCACGTCAGGATAGGACGGCTCGATGGGCACGTAGGTGCCGCCGGCCTTCAAAATGCCGAGAAGGGCGGGCACCATCTCGAGGCTG
NZ_CP089982.1_gap104	4355412	4356374	962	GATCAAGTCGAAGGGGCGATGCGTCTCCTCGGCAAGCTTGGCCTCGACGCGCGCTTCGTCCCAGGTGCGACCGTCCACGTGGGTGAAGGCCACCGGCAGCCGTTCGTGTACGCGTTGGAAGGGCTTACCTTCGCGTTCGCCGTAGGTGGTGCGCAGCACCGCGTGCCTCGAAACGAGGCGATCCAGCGCCGCGTGCAGCGCCTGCACATCGAGCGCGCTGCGGACGTTGGCCGCGAAGATCTGGTTGTACGAAGGGCTCTCGGGCTCGAGCTGGTGCAGGAACCAAAGCGCGCGCTGCCCCGGGGACAAGTCCGCCTCCGGCGTGGCTTCCATCGCCGCGACGGGGACGGCGGGCGCGCTCGCTTCCGTGCTCGTGCCGACGCGCGCCATCAGCGCGGCCAGGGTCATGCGATCCAACAGGTCGACCTGCTCGATGTGCATGCCGAATTCCGCGGCCAGCGCATTGCACACCTCGATCGACGTCAGCGAATCCAGACCCAACGCGACGAGGGGCGTCTGCGCATCGATCTCCGCCGTTTCCGCGCGCAGGGCTTGGCCAACGACACGGCGCACGCGCGACTCGATGGGGAGCTCGGGCGGAGCCGCCACCTCTTCGTCTGAAGACTCCTCCGTGTCCAGCGACTGCACGGCGAGCACCCGCAGTGCGCCCTCCAGGTAGCGGCTGCGGCACAAACGGCGCTGAATTTTGCCGCTGGACGTCTTGAACAATTCGCCGCGCGCGACCAGGGCCACCTCCGCCAGCCGCACCTCGCACTCTTCCGCGACGGCGATGCGAATGGCCTGCATCGCACGGGCGTAGTCCGCGTCGGTGCCTTCCTCGCGCACCTCCTGCAGGACGATCACGCGCGCATCGTCCTCGGTGGCAAAGGCGGCCACGCAGCCCAGACGCAGCATCGGATCGCTGTTTTCCGAGGCGCGCTCGAGGTCCTGCGGATAATGAT
NZ_CP089982.1_gap105	4518817	4521125	2308	GCACGGGCACGGGCACGGGCACGGGCACGGGGTGGCGCGGCTTCTTGGACACCGTGCGGAGTATTGGGCGCGGCGAGGTAGGGCCGATTGCCCATCGCATCGAGCGGCAGATCCGGCGCGTCGAGGAGCACGCACCCGGGCAGCGCGATGTCGCCGTGATCGCGGGCATGGCGCTCACCATGTTGGGGGTGAAGGCGCTGAAAATTCTGCCCAGCATTCCCTTTGCGCCCGGCCATAAGTTGGTCATCCTCACGCCGCTCTACATCGCAGCCACCGTGCTCTCGACATCGCGCTTCGGTGCGACGATGACGGGCCTCACCATGGGAACCGTCGCCTTCCTCTTGGGCGACGGACGCTATGGCATCTTCGAGATCGTCAAGCACGTCACCCCGGGCATCCTTTGCGATCTGCTCGTGCCCTGGGTGATGCGCATGGCGTCTCCCGGTCGCTTCGTATGGTCCGCCTTGGGCGGGGTCATTGGTGCGGGTCGATTTGCGACCATCTTTTGCGTCACCCTCGCCGTGCAGGCACCGGCGGTGGCTTATGCGATGCTTGTACCCGGATTCGCCATCCACACCGGATTCGGCATTCTCTCGGGTTACGTGAGCTACCACCTCGTGAACGCCCTGGAGGGCTTCTCATGAAAGCGTTGAAAAACCTGGTGACCGGCGACGGCCGCACCCATATCGCGTCCAAATTGATGCGCGAATCGCTCGTCGATCGCCGCACCGTCGCCACCACGGCCTCCGAGCAAGAATTCCGAATCTTGCCCGACGTCACCTTGGTCGGACTGGGCGGTCACTCCATCTTCGATCGCGGCAAGGAGGCCCTCGTCCCGCTCGCGAACGAGCTCGCCGCCATCCGCCAGCATCACAAACTCGTCCTCGGTGTGGGCGGTGGCACCCGCGTGCGGCATACGGTGGCCATCGCGCTCGACCTCGGCCTGCCCACCGGAGGTATCGCGCAGTTGGTGGGCGCCATGGAGGAGGCCAACGCCGTCTTCCTGAATGCGCTTCTCGCCAAACATGGCTCCATCGTCATGCAGCGCGAACACTTTTGGGAGCTACCCCTCTACCTCGAGGGCGGCATGCTCCCCATCGTCATCTCCATCCCGCCGTACCACTTTTGGGAGCCCCCGCCGGAGAACGGCCCGCTCCCGGCGCATGGCTCGGACTTCGGCCTCTTCATCCACGCCGAGGTGCTGGGCATGGAGCGCATCATCTTCGTCAAAGACGAAGATGGCCTCTACGACGCCGACCCCAAGTCGCACGAGAACGCCCGCTTCATCCGCCACATCAAATTGGACGAGCTCCTGGCGAACATGCCCCAGGAGCTCATTTTGGATCGCCAGCTCTTCGAAGCGTGGCGCACCGCACGACACGTGCGCAAAGTGCAAATCGTCAATGGCCTCCGGCGCGGGGAGCTCACGCGCGCACTCGCCGGCGAACCTTGTGGAACGGTGATCGAAAAATGAGCCTCGAACGACGCACCATCGACTCGCCGCTCGCGAACTCCCCCCTCACGCAAACCGAGGCGCCGTCGCTCTCGTACGATCCGGTGGCGCTCATGCCGGACGTCAAGGTCCTCAAGGTCGGTGGTCAATCCATCATGGACCGGGGACGAACGGCGCTCTTTCCCATCCTGGATGAACTCGCCGCGGCCAAAGATCGCCACAAGCTTCTCCTCTGCTGCGGCGGCGGCACGCGGGCGCGCCACATCTACGCCGTGGCCTCCGATCTCGAGCTGCCCACGGGCCTTCTTGCCGCGCTCGGTGGCTACGTTCCGCGCCAGAATGCGCGCATGTTGCAAATGCTCCTCGCGCGGCATGGTGGCATCTTCATCCTGCACGATGACTTCGAGAAGCTGCCCCTCTACTTTCGACTCGGTTGCATCCCCATCATGACGGGCATGCCCCCCTTCGGCTATTGGGAAAAGCCCACCGAGAACGGCCGCATTCCCCAACACCGCACCGACGCCGGCGTCTTCCTTTCCGCCGAAGTACTCGGCGTCAAGCGCGCCATCTTCATCAAAGACGAAGACGGCCTCTTCACGGATGACCCCAAAAAGAACCCCAACGCCGCCCGTATCCCAAGTATCGGCGCCCGCGAGCTGATCAAGCGCGATCTCGCGGATCTGGTCCTCGAGCGCGTGGTCATCGAATATTTGACCCGCGCCCGGTTTTGCCACGAACTCCAAATCATCAACGGCCTCGAACCGGGTATGGTGACCCGCGCCCTCGAGGGAGAAAATGTCGGCACGATCATTTACAAAGATTGATGCGCCACTCTTGTTGGCCGTGATGGGCGGC
NZ_CP089982.1_gap106	4524402	4525677	1275	CTTCACGTTTTAACTGTAAGCCCTCCGCACCTTCTGCTAAAGGCACCGCCTCTTAGCTGCATCCACACGAGTCATTCCGGGAGATACGTACGATCATGAGCGCGGCCACCACCTCCGATTCTTCCACCTCGGCGATCGCCCAGCTTTCCGTTTCGGCACGCCTCGTAGCGGGCAAGGGAGAGGCGAAGCGCCTGCGCCGCAGCGGCCAAGTTCCGGCCGTGGCCTACGGCAAGACGCTGGCCGCGACGCCGATTGCGGTCGCCCCGAAAGAGGTCATCAACATCCTCAAGAGCGAGCACGGGAAGAACACCGTCATTCGCGTTCAGGTTGCGGGCAGCGAGCGCCTCGTGATGATCCGTGACTACTCGTACCATCCGGTGCGCCGTGATCTGGAGCACGTGGACTTCGTCGAGGTGAAGCTCGACGAGGAGATCGACGTGGACATCCCGCTCTTCACCACCGGCAAAGCCGAAGGCGTCGTCAAGGGCGGCATCCTTCGCCAGGTTTACCGCACGCTTCCCGTGCGCTGCCGGCCGGACCGCATCCCCCTCAAGATCGAGGTCGACGTCACCTCGCTCGAGCTCAACGGCCACATCTCGACGCAGCAGTTGCAGCTCGCCGAGGGCGTGAGCGTTCGTCTCCCGGCCGAGCAGACCCTCGTGTCGGTCGTCGCGCCGGAGAAGGATCGCTCCGCCGAAGAAGCTGCCGCGGCCGCCCCGGGCGCCGCTGGTGCAGCCCCGGCCGCCGCCGCGGGTGGCAAGGCCGCTCCGGCCGCCAAGGACGCGAAGGCCGCTGCTCCCGCCAAAGACGCGAAGAAGAAGTAAGCCCTTTTTACCAGCAGATTCGATGTGATCCTCGTCGTCGGCCTCGGGAATCCGGGGAAAAAATACGCGGAAACGCGTCACAACATCGGCTTCATGGTGGCCGACGAGATCCATCGGCAGGGCAGCTTCCCCGAATGGCGGGAGAAGTTCTCCGGCGTTTTCACCAAGGGCACGCACAACGCGTTGCTCAAGCCGCAGACCTTCATGAACCTGTCGGGCGACAGCGTTCAGCCCTGCGCGGCCTTCCTCAAGGCGGAGCCCGCCGAAATCATCGTCATCCACGACGAGCTGGATCTGCCCTGGGGCGATGTTCGCCTCAAATTCGGTGGCGGCCACGCCGGCCACAACGGCTTGCGCAGCATCATCGGCCGCCTGGGCACCCCAGACTTCGTCCGCGTGCGCGTCGGCATCGGCCGCCCCCCACCTGACTTCCGCGGCGACGTGGCCGACT
NZ_CP089982.1_gap107	4536462	4541024	4562	GCGCATCGGCCTATCGGTGAGCGTGTCCGCTTCGTAGAGCAGCTCGTCCTCGGGGAGGTGCTTCTTCACCTCGGCGAGCACCCGATCGAGCCCGTCGCGTTTTTTGGCGCTGATGGGCACCAAGGCCGCGAAGTCGAAGGCCTTCGCATACGCTTCCAGCACCGCAAACAGCGCGCCCTTGTCCGCCGCGCGATCCACCTTGTTGATCGCGAGCACGACCGGCACGTTCGCGGCCTTCAATTGCTCGAGCAGCGACGCATCGAACCGCCCCACCGACGGTGCCGGCTCCACGCCGACGGAGGTCACGAAGACCACCACGTTGGCTTCGCGCGCCGCCTGGCGCGCTTCGTGGTTCATGCGGGCGCCAAGTTTCGTCTTGGCGGCGTGCATGCCGGGCGTATCGATGAAGACGTACTGCGCGTCCTTCTGCGTGAGGACACCGAGAATACGATCGCGGGTCGTCTGCGGGTGGTGGCTGACGATCGCAATGCGCTCGCCGAGGAGCGCATTGAGCAGGGTGCTCTTTCCAACATTGGGCCGGCCCACCAGGGCTACGGTCCCGACATGAATCTTCGACATGGCTGAGGGGCGGCGCACCGTATCACGGCTTTACCGTCTTCCCCATCCCGACTACCCTCCGGGCCGGTTTTTGCGATGAGCGAAGAATCCGACGACAAGCTTGCTTTGGAATCGAAAACGGCCGAAAAAACCGAGGAGAAACGGGAGCCTGCGCCCGAAAAGGCGCCATTCCGATTCCCGCCCTGGACCGCGACGGCCCTGGCGGTGGCCATTCCCGTCCTCGTCTTGCTCCTCCTCCCGCCGCTTTCCAAGAGCGGGCTCTGGGACCCGTACGAGCTCAACATCGCGGACTTGGGCCGCCGGCTGGCGCTCAATCTGTTCCACGCGGACGCCCTGGCGCTCTCCGGCGCGGACAATTCGCTGCCGCACTTGAACGACCTGGGGCGGCCCGAGCTGCCGTTCACGTCGATTGCGCTCGGGTTCAAGCTTTTCAAGCTGCACGAGTGGTCGGGCCGCCTGCCCCTGGCGCTTTGGGGCGTTGGCGGGGCCCTCGCCCTGTACGCCGCCGTCGCGCGCCTGGTGGACCGGCGCGCGGGCCTTTATTCGGTGCTCGCCCTGGTGACGATGCCGCTCTACTTCGTGCAGGCCCGCTCGATGCTGGGCGACATCGTCACGATGAGCGGCATCTCCATGGCCTTTTCGGGGCTGTCCGTCGCTATTTTCGATCGCCGCCGGGAATCGGGCGCCGGCGTCCGCTACGCGTTTCTCGCGCTCGGTCTGCTGGGGCTCGTGGTCGGCTACTACAGCCGCGGTGCGCTTTTTGGGCTCGCCGTGCCGCTCGCCGCCGTGGGCATTGCATGGTTCGTCGTCGTCGCGGCCGGCCGCCGCGATACCTTGGACTCGCTCTCCGACACGATTGCCGTTCTCGGGCTGGCCCTGGCTGCCTACGCCATCGTGGCGGCCGTTCGGGCCATCGACAAGGGCGACACGAAGAATCTGAGCCCCGCCATCGGCGCGATGCTCCGCACGCCGAGCCGTTACCCCACGTTCGACTTGATGATCGGCCACCTCGGGCACGCGCTCGCACCGTGGAGCGCCTTCATTCCGTTTGCGATCGGCCGTCTCTTCATCGCGCCGCCGCGTGCAAGCGAGACAGGCGACACAGCTGAAAAAAGCGACAAGGAAGCGCTCGATCGCGAGAGCATTTTTCGCGTCGCCATCCTCGTCGGCGCCGCCGTGGCCTTCACCGTGCACGGCTTCATCGTCGCCAAGACGGACCTCGTGGCCTTCTGCGCGCCCGCCATTTTGGCGGCGGCTTGCGGCATCGCCATCCGCGACTTCGAGCGCGGCGCACACGCGTCGGTCGCCTTGGGCGTGGGCACGGCCGTGTTTCTCGGCGTCTTCCACCACGACTTCCACGAGCTCCCGGACAAGGCCTACCAAGCCTTCGCCGTCGTTGGAGCGAGCTTCCCCGAGACCTTCAAAGACCACGCGCTCGCGCTGTGGACCGTCGCCCTCGTGGGCTTTGCCGGCATCGCCTTTCTATCGTGGTGCGAGCGCACCGATCGCGACGTGAAACGCCGCCCGTTCGACGTCGACAATTACCTCCACATCGCCAATTCGCTGCGCGATGCATGGGATGGCCTCCTCGCCCTCGTCTACTTCGCCCTCGTGGCCGGTGCCTCGCTCGCGGGGCTCCTCATCTGGGTGGCCACGCGCTTTCACTTGAAGATGCTCACCTCCATCTCGATGCAGATGCGCGAGGGGGCACTCAATGCGTGGTGGGTTACCGCCCTCGTTCCGCTCGTGGCCATCTTCGGCGTCTTCTTCGCGACGGACGTGTGGCTCTGGATGTTCGGCTCCGGCAAACCCCTCACCGTGGGTTCACTGACCCGCGGCTTCGAGCCCTTCGAGGAGTTGTTCGGCGCCCTCAAGCGGGAAGAGGATCGCACGCGCAGGGTCGGCTACCTGGTCATCCTTCTTCCGCTGATGGTGCTCGCCGTGCCGCTCGGGGTGTTCGGCGTTCTGATGTCGCGCCACGCGAACCCGCTGGTGGCCTTGGCCTTCGCCGTGCCGTCGGGCATCGCGATGTTCCTCGCCCTCGGTTTCCTCGGCGAGCTTCTTCAGGGACGCCGCGCGGCGGGCTTCGTTGCGCTGGGCACCGCCCTCGGCGTGGTTCTCTCGGGCGCGTACTACCCGGCGCTCGCAAACCAGCTGTCGCCGAAGGAAGTGTTCGAAAGCTACGAGCGCACGCACAAGAACGGAGAGCCGCTGGCCCTCTTCGGCGTGGGCGGTCGCACGGCCGCGTACTACGCGGGAGGGGAGCCTCCTTCGTTCTCGGATGCCCATGGCGCTTACCAATGGCTGATGGGCGGGGGCGAAGGTCGCCGCTTCGTGGCCATGAAGGCCGACGAGCTGGCGCGCCTCAATCAAATGTACCGCGAGCGCGTGAGCCCGCGACAGAACCTCCCCGTGCTCGATGCTCGCTCGAGTCAGATTCTCCTCGTGGCGTCGCGCCTTCAAGGTTCGGAGAAGAATCAGAATCCGCTCGACAAGATTCTGCTCGGCGCACCGCCATCCCCGCAGCATCCACTCGACGTGAACATGGATGACAAACTCCAGGTTCTCGGATTCGACCTCACCGACAAGAATGGCGACGCCGTCAAATCCGTCGCTCCGGGTCGCAAATATCGGATGAGGACGTATTACAAAGTGCTGGCGCCCGTCACCACCGAATGGGAAGCCTTCATTCATATCGACGGATATCGCCGCCGCCACAACGGCGATCACAAGCCGGTGGAGGGCAAGTATCCATTCTCCCTCTGGCTGCGCGACGATCTCGTCGTGGACGATTACGAGTTCTCGCTCGAACCGAATTTCTCGCCGGGCACGTATACAATCTATTTCGGCCTATTCGTCGGCGATACCAGACTCAAGATCAAGAGCGGTCCGAGCGACGGAGACAATCGCATCAACGGTGGACCGCTGCTCGTCCAATAGTCGGTTCGCCAGGAACGAACGAGTCGGCTGCCAGGAACGTCGGGTTACCACCCAACGAGCCAACGAAATAGATTCCTTTAGGGTTGCGTCCGGCGCGATTGAGTGCCAAGGCGGTCAGATGGCAATGCGCGACGACGCGTCCCGGCCCCACAGCTCTGCCCCACCTTCGGACGAGCGCCGGCGCAACGACCGTTTCGAGGTGATCTGGGCGGTGGACTGCGTGACGGACGAAACTTTTCTCTACGCGTCGATCACGAACATCAGTGAGATGGGCATTTTCGTGAAGACGTTGGAGCCGCTCCCCATTGGCACGCGTCTTCTACTTTCCTTCTCACCCCCGGGCTACGAGCCGTTCAAACTCGCCGGGGTGGTGGCGTGGCAAAATCGCATCAAGCTTCAAGCCGACAATCCGAACCCCGGAATGGGCGTGCGCTTCACGGAGCTGGGAATCCAAGAACGCGAACGGTTGGTCGAGGTCATTCGCACCATCGCCTATCTCCGCGGCGCAAACTAACCGCCAAGACGCCAAGGTCGCCAAGACCTTGGATCTGCACACGCATCACACGATGCCGAATCGAATCAAGGCATCGGCACGCGACTCATCCTCGTTAGCTTGGCGTTCTTGGCGCCTTGGCGGTTCATTCTACTCGCCAACTGGGAAACGGCGGCCGTAGATGCCGGCGCGGGGATCGTTCGTCGTGTCTTCCCAGCCGATGGCCACGTAGGCGCCCGCACCGCCGACGGCCACCGTGGGATTGGCCCGGCCTCGCCCCGAGACGATGCTGGCCTGGAATTCCGATTCTTGCCCATCGACATGGTTGAACAAAGCGCCGGCATCGCCGCCTAGGAAGCGTGCGCGCACGTGGCCGCTGGGGAAGTCGACCCATGCGGCCACGTAGGAGCCACCCACTGCGGAGGAGCTGGCGATGACCGGCGCGTTTTGCTCGCCGTCGCTCACCACGTCGTTGATGGCATCGCGCTGATCGCCCGCGACGGCTTGCGCCCCCGTGGCGGTTACCTTGTAGCGCTGGATGAAGATGTCG
NZ_CP089982.1_gap108	4601934	4606861	4927	CATGCGCACCGACGAGGGCACCCGGGCCGCGCTGGGCGGGCTCTATCCGGCGAGCGCGTTGTACATGAATTGCGAATACGTGGCGCTGCACAAGCTGGTGGTGCAAAAGCTGGCCAATGCATTGGTAAAGGGATTGCGCTTCATTCGCGATCACGCGGCGGAGGAAATCGCCGCGAAGATGCCCGCGGACTTCGGCGGCGGAAACCCCGCGATTTACGTCAAAGCAATCCACGATAGCAAATCGATGTTCAATGCCGACGGGCGCATGTCCAAAGAGGGCGCACAGAACGTGCTCGAGGTGTTGAGCCACTGTTCGCCCTCCGTCCGAGGCAAACGGAATTACATCGATCTGGGCAAGACGTACACGACCGAATTCGTCGACAAAGCGGGGGCGGCGCCATGAAGCTGTACCTCTTGTCATACATGATGTGTGTACTCATGTTCATTGCAGGAACGAGCGTGGCACAGCCTCCCGGGCGGGCACCGGAGTTCGTGCGGTCGCCGTACACCGTCACCATTGGCAATCCCGACTCCAATTGGCGAATCACGCCCTACGGCCAAGTGGAGCTCCGTCTCCACCACGATTCCACGCGCAGCTATGCGGACTCCATCGGCGGCGCGGTGCTCGTGCACGACGACAGCCTCGGGAGCAAACGCGGGCGCATGCAGTTCAGCGCGCGCGGAAGCCGCATTGGCTTCAAAATGGAGGCGCCCACGTACCGCGGCATCCGGCCATTGGCGCTGGTCGAGGGCGATTTCGAGGGGAATCAGCCGTCGGACGTCTCCGAGGCATCGTTCTACAACAATGCGACGTTTCGCTTGCGCCACGCGTACATCAAGCTGCTCTCGGATCCCATCGACGTCCTCGCCGGGCAGACGTGGGGGCTTTTCGGACACCAGCCCTTTTTCTTTCCTAGCTCCTCGCAGTCGCTGTTCTATTTGCCCATTCCGAATGCGGTGCTCGTGCGCACGATGCAAGTGCGCATTTCGCACGCGTTCAAATCGAAGCTCGTCGACGTCGAGTTGGCCGCCGCCGTGGTGCGGCCTCCGCAGCGCGATGCGGCGCTACCGGAGGGGCAGGCGGGCGTGCGCGTGCGCTTCAATCGCATTCGCGGCGTTCCTTCCTGCGACGCGGGCACCGATGGGACGCCCACCGACGCGTTGACCATCGGCTTTTCGGGCCTGGTGCGCGCCTTCAGCGTGGACGAGCCCTCTGCCCGGCCCAACGCCACGCGCGAGGCCACGGGGTGGGGCGCGTCCATCGATGCGCTGGTGCCGATCATCCCGGTGAAGAGCGTGGAGAATCGCGGCAATGCCCTGACATTCACCGGGTCGTTCGTGCACGGCCGCGGCATTGCCGATCAGACGCGCACCCAGGCCGGGGCGACATTTCCTCCGCTCCCGGGCTACACGCCCAACGTGGACAATGGCCTCGTGACCTACGACGCCAACGGCAACCTGCGCACCATCGATTGGCGCACGTTCGTGGTCACCTTGCAATATTACCTGCCGCCCACCGGCCGACTCTTTCTCGCGACGAACTACACGCAGGCGCAGTCGAGCAACGTGGCCAGTTTGACCGACTCGAGCCAAGCGGCCCGCGTGTACAAGCTTGCGCGCTACTTCGATGCCAACGTTTTCTTCGACGTGACGCCCGCCCTGCGCGTGGGGCTCTCGTACCACCTCACCGTGCAGCGATTCGTCGACGAGGCGACGGCGCGCAACCACCGCTGGATGCTGAGCGCGTACTATTTCTTCTAAGCCGCGCCATCAGCGTCGATGCGTGCGGATGCGGGCGTTTGTAAGAGCCTGGAATTTCCCGCACGGACGCTTGCAGAGCCTGCGGCTCAAGCCATATTATGGCATCCGAAAATACCGTTATCACTGACATCCGATGTTCGGGGTGGCGTAAGCGGAACGATGAGTCGAAGGCTGTTCGAGGAAATTGTGACCCGCACCGGGCTGGCGCCGATCATTGGCCCGGGCACCGTCCAGCGCGCCTTGCACGCCGTGGGGATCACGTCGCCCGAGCACGCGCAGACCCACGATTACCTGCGGGCATTGCCGGAGCTTCGCGTTCGCATGGCCATCTACCTCGACCCGGCCGCGGTCGAGCAGCGGCTGCGTCAGATCGAAGCGCATTTGAAGCATGTTTCGGGCGCTTAAGGACACATGCTAGAAGCCTGGACCGCCATGAGACTCTTGCGATGCGTGTTGCCGGCGGCGTTGGCCGCCGCGGTTTCGATGTCGTTGCCCGCGTGTTCGAAGAAGGTGGACGAGCCCGAGAAATCGAGCTTCAAGCCGTCGGCTGCCCCGCCCGAACCGCCTGCGCCCACCAAGCTGGAAATCGTCGACGAGGTCGTGGGCACCGGCCGCGAGGCGAAGTCCGGGGACAAGGTCAAGGTGCACTACACGGGCACGTTGATGAACGGGAAGAAGTTCGACAGCTCGCGCGACCGCGGCGATCCCTTCGAGTTCAAGCTGGGCGCCGGCAGCGTCATCAAAGGCTGGGACCAAGGCGTCGTGGGCATGAAGATCGGCGGCAAGCGAAAGCTGACCATCCCGTACGACTTGGCCTACGGCGAAGCGGGGCACCCGCCGGACATCCCGGCAAAAGCGGCCTTGAAGTTCGACGTCGAGCTCATTGCGATCGAATGAAGGACGACAGGCAGGCGGCGAGGGTCGTCGTGGCATCGTCGCTTCCGGGGCCGATGCGCAACGGGCCCTTGGACGAATGGACGACGATCTCGTACGCCTCGCCGACGACGCCCAAAGAGAGTGGCGCGCGGTAGCGGTCGAAGCTGCGGATCTCGTCCCACGAGCGGCTCGCCCCGCCGAAGGTGACGCCGTGTTCGTCGACCACGGCCTCGAGCGGCAAGGTCGCCACGAGGCCGTGCGCCGCCACCGCGAACAGAATGAGAAGGCCGGTGCCCGCCGTCAGAAAGGCGAGGTTCACGCTCTGGCTGCGCGCGTCGAAGTAGAGGCCCAAGGCGACGATGGCCACCGCCACCAGGTGGAGCGAAATCGCCCACACGGCGAAAATCTTCCGCGAGCCCAGCGCAAACGAGAGCCGCCGTGATGACTCGGGCACCTCGCCGCCCGGCACGATCACGCCGCGGCGGAGCGCACGCCGCAGGAGCACGACGAACAGCGTCGTGAGGACGAGGTGCAGCAGCAAGGTCGCGTACTCGAGGCGGTGCACCGAGAGGAACGTGTCGTACGCCCCGTGCAAAAGGGCTGCGAGCAGCACGAACTTCAGCGTGCTCGTGCGGGGTGCCACGAGCTTGCGCCCGAGCGCGTAACCCCAGATGGCGCCGAAGAACATGTGCGCCGGAAGGCTGGTGAAGGCGCGCAGCACCACGAGCCCCGTGGCGAGCCGCCCCAGGGCGAAATAGCGAATGTTCTCCACCGCGGCGAACCCCAGCGACGACGCCACGGCGTAGACGATGCCGTCGACCGGCTCGTCGAACTCGCGCCGGTGCCGCGCGAACGACCACACGCCGAGCCATTTGGAGCCTTCCTCGGTGAGCCCGACCACGGCGGTGAAGACGAGCAGGGCCAGCGGCGCAGCCACGAGCTGGCCGCCGAAGGTCATGGTCGTGGGGTGCAGATAGGGACTTAGATGGATAAGTCCATATTGAAGCACCCCCGCGAGAAGGGCGCTCACGCCGCCCAGCGCGAAGGTGACGCCGACGAGCCACCCCGGCTCGGGGCGCGCACGATCGAAGCGGCGCACGAACGAGAGCCACCCGACGGAGAGCAGGATTGGCAGCACGAGCCCCAAGAGGCCAACGCCCCAGCGCGGTGGAACCTCCCGGGTCGCAACTTGCGTGAGCCCGGGCAGGGGCGGGCTGCTCAGGAGCATGCGCGCACGGTCGGCGCGCGCGTAGGAATCGAGGTCGTCGCCGAACGAGACGGTGAACGAAGGGGCATTCTCGATCCGCTGCGTCGCGAGAGTCTTGCCCGCGAGTACGATGGCCAACGGCTCCTTCGGCGGCACGCGCATCGTCACCGTGGTGAAGATCGTCAGATCGTGCCCGTGGCGCGACGTCTCCACGCGTGCGATCCGGTGTGCGAAGTCGACCAGCGGCGGCTCGAGTGGCTTTCCCTCCTCGTCGATGCGGTGCAGGGTCACGCCCCCGCGCCAACGCAGATAGGTGTCGGCCGTCTCGGCGAAATCGCGGTCCACCGTGACGCGGATCTCGCCGTCCTTTTCGCGAACATCGGCCGCGACCCGTGCCGCTCCGAGCCGGGCCCGCACCCGCGCGACGGTATCCGTCGTGGCGGCCGGCGCCGTGTAAACGAGCTCCACGTCGTTGGTCTGCGCGAGCTGAAGCTCCCCGCAGCCGGCGCAGAAAAGACAAAGCATCCACGCAGTGGAAAGCCAAAGTAACCAGCGGTAGGGTGCGTGATTCATGTCAGCCGATCCCCGCCCGCTTCTCTACGTGGCAGCGTTCGTCATAACGGCGCTTGCCGTCTGGGTCATCTCCATTCTTGCGCGGAAGGGCGAACCTTGGGCACGGCCTCGCGTCGCCGCCGCCCCGGTCCCCGCGGCGGAGCAAAAGCCGCCAGTCGAGAGCTAGAAGATTCACAGGGAGACGGGGAGGCGGGGAGTTTTTGAGGTTTTCCAGTTGGCGCCATGTGCCAAATGGAAATCCCAAAAAATCTCCCCGCCTCCCCGTCTCCCTGTGAATCTCTCACTCCGAAAGACCGAAGAAGTCGCGGATTTTGCTCAGAATGCGCTGTTGCTCCCGGGCTTCGCGTTCACGTTTGGTCGCGTGATCGAGCCCCTCGCGAGAGGCTCCGAGCGCCACGCGCCGGCGCGCCATGGTTTGACTCATGCCCTCGGCGACCTCGGGTCGCTTCTGCAGAATGTCCTCGAAGGCGCCCCGATCGAGTCGGTAGCACTCCACGTCGGTGACGGCGA
NZ_CP089982.1_gap109	4609847	4612587	2740	TCGAGGCCCGCGAGGTTCAACGTTTCGGGAACGACGCCTTGGCCCATGAAGGAGGCGTCGCCGTGGATGAGGAGCGGCAGGACGTGCTTGCGCTTCGCGCGATCTTGCTTGGCGCGCACGCGGCCTTCGACGACCGGATTCACGAACTCGAGGTGGCTCGGGTTGAAGGCGAGCGAGAGGTGCACCGTTGCGCCCGACGAGGTGACGCGGTCCGTGGAGTAGCCGAGGTGGTACTTCACGTCGCCGCCGCCGAGGAAGCGCTCGGGCTTCTTGTCGTCGAACGCGGCGAAGAGCTCGCGCACGTCCTTCTCCATGATGTTCGCGAGCACGTTGAGGCGGCCGCGGTGCGCCATGCCGAGAACGATCTCGCCGACGCCGTGCGTTCCCGCCTCGTCGACCAACATGGCCAAGAGGGCAATCACGCTTTCGGCGCCCTCGACCGAGAAGCGGCGTGCACCGAGGTAGTTCTTCGCGATGAAGTTCTCGAAGACCTCCGCATCCGTCAGCTTGGTCAGGATGCGCACGACCTGCTTGTGATCGAGCGCGGCGCGGTTGCGCGTCGACTCCATGCGGTGCTCGAGCCAGTCGCGCATCTCCGGCTCTTCGATGTGCGTGTACTCCACGCCAATCGAGCCGCAGTACGTCTCGCTCATGTGCGCGACGATCTGGCGAAGCGTGGTGCGCTCGGGCAAACCGGAGATGCCGCCGGTGGCGAACGTGTTCTCCAGATCTTGCGGCGCGAGATCGAAGTTTTCCAGATCGAGCTCGGGCGAGGCGGCGGGCGGCGCTCCGGCGACCGTGGGATCGATGCTGGGATCTTTCACCAGCGGATCGACCCGCGCGAACAAGTGTCCGCGCGAGCGGTACATGTTCACGAGCTGATAGACTCGACCTTGGACGGCCACCGCATTGACGAGTTGTTCCTCGGCGCGGCTGATTGTAAGCGGGGGCGGCACGTACGAAGCGCGCGCGCTGCCATTGAGCCCTGCGGACGCCGCTGCACCGTTACCGTTCTTCACGGCCGTCGGCGGCGCACCACCGGGCGCGGCCCCACCAGCACTGGAAGCCCCGGAGACCACAGCAGGCGAGACCGTCGCAATGGGCGCAATGGATGCACCGTTTCCATTCGAGGCCCCATTCAGGGACTCGAAAAACTTGCGCCATTTAGCGTCTACAGCCTGCGGGTTCTGTTGGAATTTTGCGTGAAGCTCCTCAACAAGACCTGCATTGATTCCGAACTCGTCGAACATTCGGCGGCTACGATACTCCATCTTCGCGGGTGTGCCGCAAAGACTAACCGTAAAAAACCGGTTACTTGTTCGTCAGCCAGGCGAACAGATCCGCGGACGGGTCGAGCGCGACGAGAAGGGCGTCGACGGAAATGGCCGTTACGGTCGTACCGTGGGGAGCGACGTGAACCCCATCGGGATCACGCCACACGACGACCCGCACCGCCTGAGAAGGCTTTTGCACCGGACCGCGTGCCGCAATGCGGCTTTCATTGGTGTACGACGGGCGCGAAGCGCGCGGTTCTTGCTCCAGATTGGGCCGCGAACCACGCGGCTGCGTATCGGCGGCAGCGACCGTTTCGTCCGGCGAAGCGGCGAGAACCTCTTCGCTGTAAGCCGGCGTACCAATACGGGTTTTCGTCGCGTCGTCAAACGAGAAATTGGGCAGTTCGTTTCCGGCAACGGCCTCCGTCGGCCACGATTCGATGTCCTCGGGCGAGCCGAAGTTCGTATTTCGGAGAATGTTCTCGATGGCTTGCGACGATGCCGGCGGCGACGTCAGGTGGCTGTCGCTCTCGACCGCCGGCGGGGCCGCGGTGGGCGTCTCCATCACCTGGCTCGTATCGGGCCTAGCCCCGGGCGCCACGAAGGTGATGCTCTCGGGCCCCGACGGGTACACTTGCGTGGACGCAAAGCTGACGTCCTCCTGGCTCGAGATCGATGAGGTGGACGAGTCGTCCCAGGCCCCGGCCGGGCGCGTGGTGCGCTGGCCTTCGCGACCGGCCAGATTCTGCGACACGATGACTTGAGACACCTCGGAGCTCGCATCCATCTGCGGCGGCGGGGCAGCCGGCGTGTCGTGCTTGCTCGCGAGCGGAAACGGCTCCGCGCTGATCGGCTGCGTGGTGCTGGTCGTCCCCGACGAGGGGCGATCGGGCAGGCTTTCTTGGCGCGGGCTGGAACCGGGAATCGCCGAGACGGAGACGAGGTTCTTCGACGAAATCGCCTCGATGACCGCGGGAGCCTCGACCCGCGGCGGCGGAGGCGGCGGCGTGGGGGCCCGCGCCGGCGCCGGCGGCGGCTTCGAAGGAACGCGCGGTGATTGCGAGGCCCGCGGCGGCAGCGGCGGCGGTGTCGCATCGGAGATGCGCGGACGGGGTCCGAGAAGACCCAGGCTGGGATGCTTGGGGCGCGCCGACTTGCCCGCCGCATTGTTCAAGAGCGCCGCCCCGGTGGCCGAGCGCGGTGGTGTGGGGAGCGTCTTCGGCGGAGCTGGAGACGCGCCCGACGGGGTCGAGGTCCGCGTCGATCCCGACGACGCCGTGGGCGGTGCTGGCGACCGCTCCTGCGGTGCCGATGGACGCAGCGCGCGCGGGGAGGGGGCTGGCGGCGGAAGCGGAACAGCGGGGCGCACCGGCTGCTGAGAAGGGGGCGGCGCCGGCGGGACGAGCGGGCTCAGACGCACGGTGGCCTTTGGAAACGTGCCTCCGCCGCCTTGAGGTGTGGGCGGC
NZ_CP089982.1_gap110	4616127	4621047	4920	GGGAAGTTCCCGCATGATCGCGTGCTCTTTCGGCCGCGAGCATCGCAAACCCGGCGCCGAGGCCCGAGTCCGACTCCACCTCGGGCACCGTTCCGCAGGGCGATGCCAGGAGCAACCACAGGTCCGATTGGCCGCGCTCCACGCGAATGCGGGGCTCCACCACGGGATCTTTCCACGCCGCGAGCGCGCGATCGACTTCGGTGCGCACGGCCTCGGCGCTCGGCATCGCCGTCGCATCGCGCGAGCCTGCGAAGCCGACGGCGACGAGCATGCGCGGCTCTTTCGCCGCGGGCGCCGCGCGCTGATAGAGCGTCCACCATGCTCCGCGTTCGGCCGCTTCCCGCGGATCGCCCGCGCGCCGGGCAAGCGCCAACGGCTGCGCAGAGTCGTCCGTGTCGGCCAGCTCGGCGAGCACCTCTTGCCGGACCAGCGCGATGGCCGTGGCGAGGCGCGCAGTCGGATTGGGCCCGAGATCGCGCGCATCCAAGGTCACCGTAAGGCAGCCTCCCTGTGCGTGCGCCGTGGCGGTGACGTCGCGCACCGTCGCGCCGGACTCCGTCGCCTCCAGCCGCGAGGCGAGGGGACCCCGCGGATCGCCCAGGCTCGGCGCAATGGCGGCCGCGCGCGTCGCATCGCCCGTGCGAAAGGCCAGAATGGCGCGCGCTTCGGCGACGCCTTCGCTGCGCGCGTCGTACACCACGGGCGGCGGCGCCTCCTCCGGCCAACCAGAGACCGGCAGTTGCGCGGCCCGCGGCCACGCCGGCAAGCCATTGAGCGCTGCGATGACGTCGTTGGTCGCACGCGGGATGCCCGCGACCGACAGCGCCACGCGGCCCAGGCCATGCGCCGCGCGCCGCCAGGCCTCCACGTCGGCGAGGGTGGGCTCCGCGGGGGCGGGGATCGCGCCAAACGGCTCCCCCCGGCAGCGCGCCACCTCGGCGAGCCCGGGATCGTGCAGCGGCTTGTTGGCCAGCGCGCGAAGCTTCTTGACCACCGCGGGCATCTCCGCCGCGGTCACCGGCGCGAGCAGCGCACGCTGCACCGCCGTGACCTGCTCCGAGGGTCGCTCGCCCAAAAGCCCTCGCACGCGGTAGCCCTCCCAGGCCGGCGTCACCACCGCCGCAGGCCAACGCGGGGCAAGCCGCGCTTGCGTCAGCGCCGCCAGTGCCACCGCCGCCTGCGCGCCGCGTTCCGCCGCGACCCCGTAGGTCCACACCGCCACCGCGAGCCCGGCGCCGGGATCGCCGTCACGAACGATGGCCGCCACCGGCGGGCGATCCCCGGCTACGCCGCCCGCTTTCGGAACTGCGGGAGGCGGCTCGGCCGCACCACCGCATGCCGCCACCGCGGTCAGACAGAGGATCCAAGGAACGAGACGACGAGAAACTCCATCCACAGCGGAACCGTTATCATCAAAATCGGCCCACCCCTCAACTTGCTGGCGCCTGCCCAAAAAAGGACATCCATCGAGGGGTGAAACACTTGGTCCCGAGCGTAACAACTTCCGTAACGTTTCTCCCGAGTGTTACGCCCGAGGCCGACTGTTACGCGTAACACTTGCTTTGGACGGGCCCGTCGGGGGCCAAAATCTCCGTATTTCTCGATGATTGTTGCCCTTTTTGAGGCTGGCACGCGCGCTGCATTGCACGACGCCGACCGGTCGCACGGCGCGCCGGAACTTGGAGGGCCGTCGAGAGATGATGATGCAAGGGCGAGATGCTTATCGAGAGGATGCAAATGCGTGTCGAATGGCGTGCGGCAAACAGGACCGCGAGCTGGTCGACGCGATGCTGCGCAACGAGGCGCAGGCGTGGACCGAGTTTCAGAGCCGTTACGATCGTTTGATTCACCGCTGCATCACCAAGGTCACCCGCCGCTTCCCCTCGATGGTGTCGGGCGACGATGTGTTCGAGATTCAGGCCCAGCTTTTCTTATCCCTTCTTGCGAACGAGATGCACAAGCTTCGGACGTTCGACCCGGAGCGCGGCAATCGCTTTTCGAGCTGGCTTGGCTTGCTTGCCATTCACTGTGCTTACGATCACTTGCGCAGCCTGCGCCGGGAGCCGAACAAGGCATCGCTGGCCGAGGCCACGGACTTGGCCTGTCAGCTCCCCGATCCCTTCGAGTGCGTCGCCGAGCGGCAGCGCGCCGCGATGGCCGCCGAAATGCTCGATGGCTTCAGCGAAAAGGACCGCGCATTCGCCACGCTGTACTTCGACGAGGAGCTCGAGCCGAACGAGATTGCCGCGCGCATGAACATCAGCGTCAAAACCGTTTACTCGAAGAAGCATAAAATTCAGTCCCGCCTCGAATCGGCTCTTTCCACGGCGGTCGAACACGCCGCTTGAGGGGGCCGCACACGGTGGTATAAGCCTGGCACCGTGGCGTTCTCTTCATCTCGTACCGGTTTATTCTTGTTTGCGGCCTCTCTCGTATGCGCCATGTGCGGCGTGGCCTGTTCGTCCGAAGACGGAGACCCGCCGAGCCATCGAGAGCCCGACCCGCTGGGTGCCGGAAAGCGCATTCGCGAAGTCGTGAATCCGTCGCTGAAGTTTCGAGGCGACGTGACGGTCACGGGGGCCGAGGTCATCTACATCGATACTTTCGACGAGACGAAGGACGGCAAGAGCCGCGGCACGATTTACGTGCAGGATGTCGGCTCGCAGAATCCGTACTCCGGTATTTCGCTGTATTCGCCATCGTTCATTCCATCGAGCCTGCGGGTTTCCCCGGGCGACGTGCTCGATTTGCGCGGGCCCTACGTCGAGGAGGCGCGCATTGGCGGGGCCATTTTCGACGAAGGGGAATTCTTGCCCCAGCTCTCCAAGCCCATCGCGACCTTCCGCTACGAGACGCCGCTGCCGGCGCCGGTGGAGATCGTCGATGTGAACGATTTGAACGACTACACCAAGGGCCGCAAGTGGCTGAACATGCTCGTCACGATCAAGAACGTGACGATGACGGACAATCCGTATCTCAATAAGTCAGGCCGGCGCAGCGTGCACTTTACGTCGGATACGACCCTCAACGGCGTGACCATCACCAACGAGTTTTACGACCTGCAGGACGCCGAGGTCGCGAAGGACACGAAGTTCGCTTCGGTCACGGGCGTCGTGACGTGGTTCTTCAATTACCACGTCGTTCCGCGTTCCCCCGACGACCTCGTGAGGCCCTAGCCGCCATCGCGGTTTGCGAGTGGCGCACCTCTTCTTCTTCGAGCAAGCCTTTGGCGCGCACGAACGCGGCCACCTTTTGCATCGGCACGCGCGCCGGGCAGCGTCGTTCGAGCTCCGCGAGGCGCTCCTCGGGAACAGCCGCGAACGAGCGCATGGCCGCGTCGAAGTCCGGCATGCTGCGCGACGAGGCGAGCATCAGATCCATCGTGCCAGCATAGACGCCGGCCGATCTGGCCACGCGTAGGCCCTCGCCGAGATCGCACAAACCGCACGCGATGCATCCGCTCAAGATGGGCAAGGTGCGCCGCTCCTCCGGTGTGAGCGGGGGAAGCCGATCGAGCGCGTAGCTCTCTTGAAAGGCGCGAAGCCCGCGTCGCTTGCCTGTCAGCGGTGCGAAGAGCGACTCGAACAGCGTGGCGAGTAGACACGTGGCCAAGAGCCAGATGGCGTGAAGGCGCTCCAAGTCCCCGAATGTGCTCGCGCTTGGCTCGAAGCGCAACGTCACAATTCAGTCCGTTGTTTCAGTTCGGTGGGGGCGCTGCCGCCGTCCTCGCAAAAGGACGACGCGAGACGGGTGCATTCCATTGAAGGATGCCGTACCTGTTGGAATAGCGTCATGCCTCCGCCCCCTTTGCTCGCCCAGGTCGCTTACCTCTTTGCGCTTGCGACTTCCCTCGGTTCCATCTCCGGTTGCGGCGGTGGCCACGGCTCCGAGCGCGCCTTCAACGCGCCGGGCACCACGCAAATCGAGACCGCGAGCAACGATTACTCGTTCATCGATCGCAGCCGGCAGCAGCCCGGCAAGCCGGACGAAGTGGGAATCGCGAGCTGGTACGGCAAAAAGTTCCAAGGCAAGAAGACCGCGAGCGGCGAGCGGTACGATGCGCGGGCCATGACGGCGGCGCATCGCAAGCTGCCCTTCGGCACATGGGTCGAGGTGCGCCGCGTCGATACGGGATCGACCGTCCGCGTGCGCATCACCGATCGGGGCCCCTTCGACGACTCGCACAAGATCATCGACCTATCGCGCGCTGCGGCGGAGAAAATCGGGTTGGTCCAAATTGGAGCGACCCGCGTCGAACTGCGCATCGTGCGCGGGCCGGAATAGATCCTACCCTTCGACCAGCTTGAGGCTCGTCCCGAACCGTCGCGCGTACTCCACGTAATGCTGCGCCGAGGCCGAGATCCAGAGCAGATCGTTCTCGGTTACCTCCCGCACGACCTTCGCCGGTCGCCCCAGGACGAAGGAGCGCGCTGGGATGACCGTGCCCGGTGTCACGAGGGAGCCTGCCGCAATGAAGCAATCGTCCCCGATCGTCGCGTTATCGAGCACGATGCTTCCCATGCCCACCAGCACCCGGTTGCCGATGGTGCAACCGTGCAGCAGAGCCAAATGGCCGATGGTGACATCGCCGCCGACGACGGTGTTGTTCTGACCTCCCGTCACGTGGATCACCGCGTTGTCCTGCACATTGGTGCGCGCGCCGATGCGGATCGAGCCCACGTCGCCGCGCAAAACGGCTCCAAACCACACGCTGGCCTGCGTCTCGAGTTGGACGTCGCCGATGACCGTAGCTTGGGGGCTGACGTACGCGCCTTCCCGGAGGATGGGGCGCGTCCCGTCGTATTCGTAGAGGGGCATTTCTCTTTTCGTCCTGCTTCAGTTTTGTCGGCCGAATCACTCACGCACGATGTCGCATCGTACGAAGTAGCAAGGGCACGGGAGGCCGCGAAGGAAGGGAGG
NZ_CP089982.1_gap111	4732594	4734134	1540	CGAGCGCAAGCGCGAAGTTTCCAGATGAAGATTCTGTCACAGTTGTGAAAGGCGTGACCTCTCCGCGCTCGACGGCGCGTTGCAGGATAAAGAGAGCTGGGATGTCCTTGATGCTGCCGATGGGATTGAACAGATCCATCTTGACGTACAGCTGGATCCCGGAGCATTCGAGCTTCACAAAGGGGACCGGTCGAAGCGCCGCGCGCAGCGGTGCCAACTTTTCGAGAAGCCTAAGGGAAGGATTGGCCTGGATCATATTTCACGAGTACCGAGGGATCGGTGAGATGTCGGGGACAAGCTTTTCACGCTCCCGGTTGCGTCACGAAAGTTGTTTGCGAAAGAATATGCCAAGAAGATTAACGAGACGTTCTGGGAGCTGTCAAACCTGGGAACCGCAAGCGCCGAGATTTTACCCACGAGATCCACGTCAAGTTTACATTGCCGCACGCCCGGAGGCGGGTGCGGTCGGCAAGCTTGCAATGTCGGTGGCGGACCGGCTGCGTGGTCCCCACCGGTCCTTGCTCACCATCCCCGGATTTCTCGATGTCTGAGCTGAACAGGGATCATGGCGCCGCCTCGGTCCTGGACGTGTAAGTTCTCAATGGTAGTTTACGGCGCGTCGGAGAACCCAATGCCGATTGCCCGAGACATATCAATGCTCGTTGACGTTGCGCACCTGCGTGCGCGCGATGATGCCACGAGGATAACCTATACGTTCTATTCGCCCAACTCAGGCGAAACATGCATCACGCGTGGAACGCTAGAGACCAGTGCGCCGGCAATCGCGAGCGGGCCGCAGACGCGGCTGACGCCGGGAACGGTGCCTTGTTCGTCCGCCCGCCGGAACTTGACTTCGTACCCGCTTTCTTCGGGTGTCTATGCGGGAGTTGTCGCGGCGCCCGTAGTGCCGCCAACACCGGGGAAGTCGCTCGGGCCAATCGAGAAGATGGTGAGCAATAGCGGCGCGAAGGTGGATGTGACAGTGGTTCCGCTCGCCGAGATCGGCCCCTCGCTGCCCACCGTCTCCGGTGCCCTATGCCCACTTGGGTGGTGGAGCACCGAAGCATCCGCCTTAGGAAATGACAACAACTGGACGTCACCACCGTACAGTCCGGAGGACGTCGCATTCCTCCAGTACCCGTCCGGCTCGACGTATGCGTCGTCGCATGACGTGAGGGTCACGCACCGAAATTCTGATCGCGCAGCAGCAGGTCATTACCGAAAGCTTCGTGCACGCCTCAGGCTGCGACATCGTTGGATGGGTGCCGCAGTTTATTACAACATGGGCCTCATCCAAAACGCGATTCAGCAGCTCTTCGTCGTCGATGCTTGCTCCTTCTCCGACCGTTCGACTTGTTTCCCCCACTGCTCGAGCGGCTGCGTCTCATCTCAAAGCGCCGGGCGACAACATCCGGTGGCCCGAACTTCGGACGCGAGCTGTGCATCCGACGTCACCGGCCCGAGCGCCAAGGGGCTGGATTTGAGCTCGTGGCGCCTGGACTTCACCGACGCCGAACACCTCCGATACGACACCGTCGAG
NZ_CP089982.1_gap112	4737822	4738567	745	TCCGCGTCCTCGCGGAGCGAGGCGAATGGCGGCAGGATCACGTGCGTGGCAGGAGTTCGAGCGAGACCCCAGTCGTCTGACAGGCGTGGGCGCGCTTCACGGAGCGTTGAGGTTCTGCAGCTTCTCTTTCCAGGTTTTGGGACTGAGCGCGAGGACGTCGTGGGCGGCGTGCGAGTCGATGCGGACGAGCACGTCGCGCAAGTAATTGAAGGGGTTGACGCCGTGCAGCTTGCAGGTGGCGAGCAAGGAGTACAGCACGCATCCCCGCTCGGCTCCGTCCTCACTGCCGGCAAAGAGCCAGTTCTTGCGGCCGACCGCGACCCGGCGGAGTTGTCTCTCGGCGACGTTGTTGTCGAGTCGAAGTCGCGCGTCCTCGACGAAGCGCCTGAGCGCAGACCATTGGTTGCGGGCGTAGCCGATGGCGTCGGCGATAGGCGCCTTCGGAAGCACGACAAGGGCTTCGGCATCGAGCCACACCTTGAAAGCTTCGAGTACCGGCATGCAGAGCCGCGCGCGCTCAGCGGTCCGCCGACTTGGCGCCAGTTTCATGGCCGCGCGGTCGGCCTCGTACAGCTTTTTGATGAAGCCCAATCCGATCAGAGCCCGATCTCGATCGGGTGGCTTGCGCTTCGAAGAAGCGACGCCGGGAGTGCGCCCAGCATCCCACTTCCTTTGCTGCCGCCCCTTCGGTATCATCCCGAAGAGGCGAGCGTAGAGATTGGCGGCATCCGCCTGGATATACCCC
NZ_CP089982.1_gap113	4741800	4746563	4763	CTTGCGGGTAGACGAGGCGCGACCACCTCTCTTCGAGAATGGCGCGCACGGCGGACGTACGGTGGCTGCGCCCAAACTCCGCGCGTGCCAAGTATCGGTAGCCTTCCGGCGATGCATGATCGATGCCTATGAGGCGTCGCGCGGCGCTAGCGGAATTGTCGCAGCGGCCCTCGTTCGCTTCGACCTGCGCGAGTCGTACGAGACAGTCGATGCCGCTTTGGGGCTTGGCTGACGCGCATGCCTGGAGCGACTTGCGTGCACCGTCAACATCTCCGCGGAGGATTAGGGCTCGCGCGCGATACGAGTGAGAAATGGTGCCGGGAATGCGATCGACGAAGGAGAGAAGATTCGATGCCTCCTTCGTACGAAGGGCATGCGCGCCACGCGCGAACCACGCAATCTCGTCGTTCGAAAATTTTGTGGTCAGTGCTTCAAGCCGCGTCGTTACGGCTCTGAGATCGGGTGGGTCCTGCACGACGGGCTCTAACGCTTCAAGCAAGCCCAGCTGAACGGGGGTCAATCTGCGACGCAGAGATTGAGCTTCGACGAAATGGGTCCGTACATCCGGCGTCACCCATTCCGAGACCGCGGCGAAGTACAAATGAGCGGCTGCCAGGCCCGAGTCGTGTTGTGCAGCCTCCGCGAATTTCGCACGCGCCGCCTCTGTAGAGGCATCCCTCCAAAGTTGAAGGCCTGCTTCGAGCGCAGCCTGGGCGGAAGGGTTCGTCGAGGCGACGGCGCCGCCAATCGAAGCGGTGAGCCCTGTCCCATCGCCGACGCCTCCGCACTTGCGCATGGCGCCTGCGCCCGTTAGGCCGGCGAGTCCGATCAGCACCACCCAGGTCGCGGCGGTGGCAAGCCAACCCCGACGGCGGCCGACGACGGCGTCCTCTGCGCTCAATGGTTCAACGCGTGGAGAGACGATGCCTCGGTTCGAGCGACCGGAGCCCGTGTCGTGGACCACGGGATGCACTTCGCCGTCGGCGGCGTGGGCGCCCGAACCGCTATCGCCCGTATCGAGCGTCGCGTCGTTCACGACATTTCTTCGCCCCGATCCCACCTCGCGCGCTCGCGGATCCGAGCCCTCGAGGGCCGTGGCGCCCACGGAATCGGGGGCTAGCTCCGGGGAAGGCCCGCCGTGTGGCGTCCGCGGCGTCTCGGCGCGTGGCGTCCGCGGCGTTTCGGCGCGTGGGGTGCGCCGGGCGGGGCCCGAGCGCAGCTCCGGGACGGGCTCCATTTCCGTCACTTCGCCGCTCGCGGCTTCGGCGGCGGCTTTGGTGGCGAATTCGGCGACGATGGTCTCGCGCACGCGGGCGGCGATGGTGTCGCACTTTTCGCCGAGGGCCTCCTCCAGGGCGAGGCACAAGGCTTCGCGCATGCACAATGCCGAGGGCCATCGATCCAATGCTTCGAATTGCAGCGCCTTGTCGATGAATTGCACCATCGACGGGTGCAAATCGGGGAGCACCTTCGCAATGGACCGCGCGTGTTGCGTGGCGGCGGCGGCCAGTTGCGCGCCGCTGTGTTCTGCGAGGTGGACGGTTTCGCCCGAGAGCAAGGCGAACATGGTGGCGCCGACGGCCCACAAGTCGCTGTGGGGGCCAATGGCGGCGCGGTTGCCCAAGGCTTGCTCGGGCGGCATGAAGGCCGGGGTGCCGATGAAGCGCCCCGTCATGGTCAGCGTGGATTCGGTGCCGGCGCGGCGTGCGATTCCGAAGTCGAGCACACGCACCTGGGCCGCCGTGTTGACGAACAGGTTCTCTGGCTTGATGTCGCGATGAACGACACCTTTGGCGTGTGCGGTTGCGAGCACGTCGAGGAGGTCTGCAATGAGCACGCCGGCCTCGGCCAGGGGCAACTTTTTGCTGCAACGCTCCCAGCGCGCCCGCAATGTCTCGCCCTCGATGAGCGGCATGATGAGGAAGACGCACCCGTCGATATCTTCGTCATCGTCCAAAACTTGGACGGCACCGGGGTGGCCTACGCGATTGGCGACGTACGCCTCGCGGCTGAAGAGGTGATACATGTCCGAATCGTCCAGCAAGTGATCAAGAAGGAACTTGATCGCCACGCGATGGCCATTTCGGTGCGTCGCTGCATAGACCGCGGCCGTGCCGCCGATGCCTAGCAGCCGGTCAATACGGTACTTCCCCTGGACGGTGGTCCCGACACGCGCCAACGCACGTTCGGAAACGGACTGGCGCGTAAACGGCGCTGGCATTTGCTTTTCTTCCCCGCAAGGATTCTGGGCCAGCACGCATCATGGGGGGCTCGTTTTTGCCCTGTCAAGGATCTAGTTTCCCTCCTTCGTGAAATATTCTTCCCTTGGTACATAGCGGTGGATCGCGACCGCACGGCTCGGGCGCGCGCAAAGGGGAACGATGGATGTCCGTTCGCGATCGGACGCCGGGCGGGGCAGGGCGATGCGCGTTGCACGGTGCAACGATGACGTCGCGTGTTGCGACACACTGCGACGTCGCAAGCGGCTAGCAGGTGGGCCGCAACTCGCGCCTCGTGCAGGCCGAACGGATCTGGGCAAGAACATGAACGCCCAAATTGCTTCCACTCGCACGGGCTCGGGCCAGCCGGTCGCCGGCCGAGAACGCATCGAAGACATCGACGTCATCCGCGGGTTCGCGCTGTTCGGCGTACTCATGATGAATCTCGCGTTCTCCCTGCGCGTGCACCACGCGGCCCCTTGGGAGAACCACCCGCCTTGGCTGCCCGATCACATCGTTCTCCGGGCCGAATCCGTGCTGCTGGCCAACAAGGCTATGACCTTGTTTTCTACGCTTTTCGGCGTCGGTTTGGCCATCTTCCTCGAGCGGGCGAGCGCCTCACGCGGCGACTCTGCAGCGTGGCGCCTACTGGTGCGCCGGCTCCTCGCCCTGCTCGCCTTCGGCGTCGCCCACGCCATCCTGATTTGGAATGGCGACATTCTCGTCCCGTACGCCGTCACGGGCCTCCTGGCGCTTCCGTTGATGCGGTGCCGCACCTCGGTGCTCGCGGCGCTCATCGGCTTGGGCTACGTCCTGCCGCCCCTCGTCCTTTTGTGGCCTCCCGCGGGCGACTTTTGGAACGCGGCGGATCCGGTGCCCTTCAGCGAGACCATGCGCATCTACACGGGCCCCAGCTACCTCCGCATCGTCCAATTGCGCGCCCACGAGATGGTTTGGAGCTGGACTCATCATTACACGGTGTACCTGCCGCGTTGCCTAGGCAACATGTTGATCGGGGTATTGCTGTGGCGCTCGGGCATCTTTCGCGCGGATCTCTCCGAGCGGATGCGCCGCATGCTGCGTTGGGTCGCCACGGGCGGTATTGCCATCGGCGCGGGATACGCCCTTTACCGGGTCATCCTTTTCGATGTCTTTCATGCGCCCACACCGACCCGAGGCACCCCATTGCGCCTCTTCTTGCAGGTGGTGACCGTCATGCCCTTTGCACTGGGCTACGGCGCCATCCTCCTCTTGTTGCTCCGTGGCCGTTTTCGACCTTGGCTTTTGCACTTGGCGCCGCTCGGACGCATGGCATTTACCAATTACCTTACCGAATCCATCTTCTTTACCGCGGTGTTCTACGGGTATGGGCTAAACCTGCTCGGTAAGGTCGGATATGCGGCGGCCGCGCTCATGGGCATCATTTTCTTCGCGGCGCAGGGAATTCTGAGCGCGATTTGGCTGCGGCACTTCCGATTCGGTCCCTTCGAATGGGCATGGCGCACGATGACCTACGGTGCCTGGCAGCCATTTCGGAAGCGTCCGAGCGACGGGATGAACTTTTCGCCCGTGGCGGTGAAATTTCGAGACCCCTCCTGACGAAGGGCCCAAAGCATGAACCGCGATGCCGCGATGGAAACCGGCGCCGAGCCCATTGCACGGCAGGCGCGCATCGAGGACATCGATGTGATCCGCGGCCTGGCGTTGTTCGGCGTGTTGATGATGAACCTCGTGACGGCCTTCCGCGTGCCGTTCTGGAACAGCTCATCACCGCCGGGGCAGGGGCTCGATTATGTGGTGCATCGTCTTCTCGTCGTGCTGCTCGCGAACAAGGCGATGACGCTTTTTTCGATTTTGTTCGGGGCGGGACTCGCCATCTTTCTCGAGCGGGCGAGCGCGCGCGAAGCGCACCCGATGCGGCTCTTGTGTCGCCGTCTCTTCTTCCTGCTCGCGTTCGGCCTCGCCCATTTGTTCCTGGTGTGGGACGGCGACATCCTCATTTCGTACGCCCTGTTCGGCATGGTGGCGCTCCTCTTCATCCGCCGGAGCACGACCGTGATCCTGGTCGCCATTGCGGCGTGCTTGGCGATTCCCTCATTGGAGGTGCTCTCGCCATGGGTCGTCAGCGTGATGAACCCTCCCGCTTCGGCGCCGAACGACGAGGCCCTTCGCATCTACCAAGGAATCAGCTATCTCGACATCTTTCATTACCGCGCCCATGAAGCGGTAACGCATATTTGGCGCGGCTACGTGACGTATTGGCCGCACGAACTGAAGAACATGCTCATCGGCATTCTCGTGTGGCGCTCCGGTATTTTGCGCGCGCCCCTGGAACGCCTTCGCCTGCTGCGGTGGACCGCGCTGGTCGGAATCGTCGCGGGCAGCACGTTTCCCATTTATCGCATCGTGGTGTTCGAGCTGTACCATCCGCCGCCCGGGCCTCCGGCACCGGGACGCCTGCTTGCGCATTGGTTCACCGTCACGATTTTTGCACTCGGGTACGGGGCCGGCATTCTCTTGCTGCTGCGGCGAACCCGCCTCGGC
NZ_CP089982.1_gap114	4808801	4813533	4732	CCATTTTTCCAGGTCGACGGCTCGCCGACGCGCGCGCATGGCGGCGTCGGCGTTGGCCTCGCCATCGTGCGCCGGGTCGCACGCGGACTCGGCGGCGACGTGCGCATCCAGGCCGGTGCCCAGCTCGGTCACACCGTCTTTCAGGGCGCGGTGTTCGTGCTCTCGGTGGCCCGACACGCACCGACTGTGGTAGCTGACGCGCGAATTTGATGAACCGCGTTTATCTGGATTGGAACGCGACCACGCCGCCGCTGCCCGAGGTCGTCGAAGCAATGGGCGCGGCGCTGCGCGGTGCATGGGCGAACCCGTCGAGCATCCACGCCGAAGGGCGCGGGGCACGCGCCTACGTGGAGAATGCGCGGGCCGCGGTGGCCGAGCTCGCGGGGATCGATCCGCGCGACATCGTGCTCACGTCCGGCGGGACGGAGGCGAACAACTTGGCGCTGCGTTCGGCCTTCGCGCGTGCGCCGGGGACGCTGGTGACGAGCCGCCTGGAGCACCCGTCGATCACGCGGGTCGCGGAGGCGCTCGAGGCCGAGGGCAAGGCGCGCGTGCGATGGTTGCGCGTGGGCGCGTCGGGTCGCATCGACCTCGACGATTTGGAGCGCGCGTTGGGCGAAGACGACGTGCGCATCGTGGCGCTGCAGGCGGTGAACCACGAGACGGGGGTCGTGCAGCCGACGGCGGAGGCCATCGGCATGGCCTCGGCGCGTGGCGTTTGGGTGCACGTGGATGCGGTGCAGGCCTTCGGTCGCATCGACGTGGCCGGGATCAACCCGGCATGCGGCGACGGTATCAAAGTGACGCGGAGCCTCGCGGCCCATAAAATGCGCGGGCCCAAGGGCATTGGGGCGCTGGTCACGCGCGCGGATATTCTGCTGGAACCGCTGCTGCGCGGCGGCGCACAAGAGCGCGGGATTCGGCCGGGGACACTCGATCCGGTGGCCGCGGCAGGCTTTGCGGTGGCGGCGAAGCACGCGCGCTCGGGCCCGGAGCGCTACGCCGGCGTGGCCGCCTTGCGGGATCGTCTCGAGGCGGGGCTCGTGCGCCTCGATCCGGGCTGCGAGGTGAATGGCGCGAAGGAGACGCGTGCACCGCACGTCACCAACGTGGCGTTCTCCACGTGGAACGGGCCGGAGCTCGTGGCGGCGCTCGATTTGGAAGGGGTAAGCATCTCCAGCGGCAGCGCGTGCAGTGCAGGGACCATCGAGCCCTCGCCGGTCATCACGGCCATGCACGACGAGGCGCGCGCACGACGGTCCGCACGCTTTTCGCTGGGAGAAGCGACGACCGAGGAGGCCATCGACATGGCGCTCGAGGCCATTGGTCGCGTGTTCGCGCGCGCGAGTGCTCGGTGATCGCGGCCATCATTTTCGCCTTCACCTACGTGGCCTTCTCCGTGGGCCGCGTACCCGGACTGCGCTCGGATCGGGTGGCCGCCTCCATCATTGGCGCGGTGCTTCTCGTTGCGTTCCGCGTGCTGTCGGTCTCCGAAGCGCAGGCCTCCGTCGACGGTGCGACCCTCGGGCTCTTGTTCGGCATGATGGTCCTCTCGGCAGCGCTGGAGGTCTCGGGCGCCTTTTCGATGATTGGCTTCTGGGTCACGCGGCGCGCGCGCAACCCGCTGGCCTTGCTCATCGCGGTGTCGGTGTCGTCGGCGTTGCTGTCGGCGTTCCTGATCAACGACGTGGTGTGCATCGCCTTCACGCCGCTGGTGCTGCAGATCGCCGACGCGCTCGAGCGCGATCCGCGGCCATATTTGCTGGCGCTGGCCACGTCATCGAACATTGGCAGCGTGGCCACCATCACGGGCAACCCGCAGAACATCCTCATTGGGTCCCTGTCGCAGATTTCCTATGGCCGCTTCGCGTTCTTCCTGGCGCCGGTGGCGGTGCTCGCGCTGATCGTGAACGGCGTGATCATTTGGCTGCTGTACCGGCGCGAGCTCGGGGGCGCCTTCACTGCGCGCTCGGCGACGAACAAGCCCCATGTGTACCGTCGCTGGATCCGCAAGAGCAGCATCGTGACGGCGGGTGTCCTGCTGGCCTTCGTGCTCGGGATCCCGCCCGCCGTGGTGGCGCTGCTCGGTGCGTCGGCCATGCTCCTCACGCGCGCGGTCAATCCGAAGCGCCTTTACGTGCGCATCGATTGGACGTTGCTCGCGCTCTTCACGGGATTGTTCGTCGTGGTGGCGGGCGTCGAAAAGGCGGGGCTCGCCGAGCGGCTGCTCGATGCGCTGCAGCCGCTTCACCCGCAAAGCGTGTGGGGCCTCACGTTGATTTCGGCCATTCTCTCCAACGTGGTCAGCAACGTGCCCGCCGTCATGGTGCTCAAATCCCTCGTTCCGCACCTGCCCAACGCGGAGTCGGCGTGGCTAACCTTGGCGATGGCGTCGACGTTGGCGGGCAATCTGACGCTTCCGGGCTCGCTCGCGACGATCATCGTGGTGGAGCGCGCCAAGAACCGCGCGGACATCTCCTTCCTCGATTTTCTGAAGGTGGGCATCCCTTCGGGCGTGGCGAGCTTGCTCATCGGCGCGGCGTGGCTCGCCTGGCACGCGTGAGAGCCTAGGCCGGAACGCGCTGCCGTTGCCCCGTCGAGGATGCGGAGGCAATCGTGTCGAGCAAGCGGTGGCGGGCCAGGGCATCGCGGAAGCTCGGGGCGAGCGATGTGCCCTCGGCGATATCGCGCGCGAGTGCGTCGTACACCTGGGCAAGCGCGTACGAGGAGCCGCGAAGGTCCGAGCCATGCGGGCCGAAATAGCGGTCGGGTACGGTGTACTTCTCGAGGGATGTGGCCTCGCCGCGCGCGCCGAAGAGCACGAGATCGCGCGGATCGAGGTGCGCGGGTTCGCTGCGGAGCTCGAGAACGCCTTCGGTGCCCGTGATGCGCAGCAGCAGGTCGGTGCCGCCGCGCTCTTTGCCGGCCTCGAAGTGCGCGGCGAGAACGGCGTTGCCGTCGAACGTACCGCTCACCAGCACTTGGTGCGGGGCGGTGACCGGGAGAACGGCGCCCGTTTCGATGACGGTGGTCGTGTCGAACTGCCTCGTCACGACGGCGGACAGCTCGCGGATGTCGCCCAGCGCGAAGCTCACCACGTCGAGGAAGTGGCCTCCCATGATGCTGAGGAGGGTGGCCCCGTTGGCGGCGTCCGAGACGTACGCGTTGAACGCGGGCGTCTTCGCGCCCATGTGCGGCACGGGGTAGCTGATGTTGCACGAGCGAAGCCGGCCAATGGCGCCCTCGCGCACGAGATCGCGCACATAGCGAACGGTGGGCCAGAAGCGGCGCTGCAGCCCGATGGCCGTGCGAACGCCTTTGGCCTCGGCGCGTGCCGTCAATTCTTCCGCCTCGGCGGTGCTCGTGCCGAGGGGCCACTCGCAGAAGACGTGCTTGCCGGCATCGATGGCCGCGCGCACGGCGGGCCCGTGACCGGGCGTCTTCACGGCCACCGTCACCACGTCGACTTCCGGATGCGCGGCGAGCGCCTCCGCGCTGTCGAAGGCATGCGCCGCACCGAACTGGCGGGCGGCCTCTTCCGCGCTTTGCCGCCGCGTCGTGCTGACCGCCGTGATCTCGAACTGCGGGAGCGCTTTCAACGCCGGTACGTGCGCGACCTTTGCCCAGCCGCGCTCCGGATTGGCTCCAATGATGCCTACACGGATCTTCTTCACGCGATGACCTCCAAGGTTATCTCGACGTCGAGATAATTTGAGTCAGTTTATCTCGACGTCAAGATATATAAAGAATGGCGCCATGACGAAGGCGAAGCGGGACTTGGTGGGGGCACTGGCCGCGACCTGCGGGGAACGGTTTCCCGAGTGGGACACCGAGGCGTTGATTCTCTCGATGCGCCTGGGCCACATCGCGCGGCAGCAGCAGGCGCGGTGCGAGGAGATCTCCGATCGCCACGGTATGGGCCCCGCCGGCTTTCTCACCATGGCTCTTCTGGCCACGGCGCCGGAGGGGGAAGGGCTGACGCCGGGGGATCTCATGGACTGCATGGACTGCCCGAGCGGCACCGTCACGCACCGTCTCAACTTGCTGGAGCGCGCAGGGCTCCTACGCCGTCAGGTGGATCCGGCGGATCGTCGCAGCTTTCGTCTTCACATCACGCCGCTCGGTTTGGAAAAACTGGAAGCCTCGGCCGGCGAGTACTTTGCCGCCTTGCGCGAGCCGTTCGGCAAGCTCACGCGCGCCGAACGGCAGACGCTGGAGGCGCTCTTGCGTAAGGCGGGCGGCGGGTTGAAGTGTCAGCCGACGTAGCGGCCGAACCAGTCGAGTACTTTGCTCCAGGCTTGGGTGGCCGCGGCGGAGTTGTAGCGTGGCCCGGTGTCGTTGAAGAAGGCGTGGTCCGCGCCCGGATACGTCACGATTTCGTGGGTGAGCCCCGCTTTCTCCAGGGCCGCTTTGGCCGCGGGCTGCGAGGCGTTGACGCGGCCGTCGAGCTCCGCGTACACGCCGAGAACGGCGGTCTTCGCGCCGGTGAAGTCGGCGCCCTCGGGGAGGGGACCGTAGAACGGTGCGGCGGCCGCGAGCCTCGGATCCTTCGTCCCGACGAGGCGCCAAGTCATGCCGCCGCCGAAGCAAAAGCCGATGGCCCCGAGTTTGACTCCGGGGGTGCGCTTTGCCAGCTCGTCGAGGCCCGCCTTCATGTCGGCGACGAAGCGTTCCGGCGGCGTCTTGGAGAGCGCCGCCGTTGCATTGGCCGGCTCGCCGAGTGCGGCGGTGC
NZ_CP089982.1_gap115	4814630	4815431	801	GCCGCAATCGCGCCCCGGAATGTTGTAGGCCACTAGGATCGGCCATTTTTTGGCCGTGGCCGCCGCGCCCACGAAATTGGAAACGTCTTTCGCAATGTCGTTGTTCCAATTGCCGAACCAGCGTGCGCCGGCCTTGCTCGACAATTTCGACTTGATGGTCGCTGCGCGGGAATCGCCGCCGTTGTTCTTTACCCAATTGGCCGCATTGGAGTTGGGGTCCACGTAAAAGCCATTGGCCGCACTCAGCTCCAATTCGGCGTTGGAACCGTCCTCGGCTTGATCTTCCGCCGCGTCACGCGTGATCTCATCGTTCTCGCTGCCGGCGACGTCGGCATCCGTGCCGCTGCAACCCACGCCGAACATGGTGAACAATATTGCGACCATGGATAATCTTTGTATGCGCATTATCGCTCCTTCTTGCGACGATTTTCGTATCCATGGTTGCATGTGCAGGTTTCAGGCCCGCGCGCGATATCCAAATAGCGCGAAATGCGAGTTCACACTCTCAAGTGCCATTGATCAATCGACTTGCGAGATCCGGGCTGAAGGTGCCCGCGGGCGTGTTGGGGGCGCTGCCGCAGGGGCCGTCGGAATCGCCGGGTACCTTGACCCACAAGAGGGCATCGGTGTTGCCGTTCGCGAACTTCGAAGCCTCACCCAGCTTGCGGCCGGCCGGGTTGCACCATTCGCCATTTGCGGAGCCGTTGCCATTTCGGCTGGTGTCGATGGCGAACTTCGTCGTGTATCCGAATTGGCTCGACAGGGCCGCGTTCACGTCGTTCCCGTAGGTGGTCGATTCGG
NZ_CP089982.1_gap116	4848873	4852454	3581	CGTCAAAATCGAATACGCCGAGGGCGATCCCGATACGTACGTCCTGCCCCTCTCGGTCTGGACCGAGGTGCTCACCAGCGATGCGACGCGGGTGCCGCACAATGCGATCATCGCGACCTTGCGCGCATCGGCCACGGAGAGTTCGCGCACGCTCCTGGTCGATGCCCTGGAGCTGCCGGTGCCGGCGCAGGCGCTCGCGGAGGCCATCGTCCGCAGCGAGCGAAAGCGCGGGCGGCTCGGCGAGCTGGTGACGTCGTTCTCCGAGCAGGGGACCGACGCGGGCGAGCCGCGCCCGGTGAGCGTCGACAGCCCGAATGCCACGTGGCGTTTCGACGATCGCTTCGTGCTCAAGTTCTTCCGCCGCCTCGAGGAGGGTGTGAGCCCCGAGATCGAGGTGGGGCGCTTCGTCGGTGCGCACACGACCGAGCTTGTGCCGCGCGTCGCGGGCGATCTCGAGTACCGCACCGGCCGGAGCGATCGCACCACACTGGCCGTGCTGCAATATTTCGTGCAGCACGAAGGCACGATGTGGTCTCACGCGCGCGAGGAGCTGCGCCGCTTTTACGAGCGCGCGCTCACCCTCGGGCGCGAGATCGACACCCTCGAGGCGCCCACGCGCCCGCTGCTCGAGATTGCGTTCGAGAGCATGCCGCAGAACGTCGGTGAGCTCATTGGTGCCTACAAAGATGTCGGTGCGCACCTCGGCAAGCGCACGGCGGAGTTGCATCTCGCGCTCGCGTCGTCGCCCGACGATCCGGCGTTCGCACCGGAGCCGTTTTCGTCCTTCGATCGGCGCTCGGTTTACCAGAGCTTGCGCAACCTCTCGGGCACGGTTCTGCGCACGATGCGGGCGGAGCTCTCGCACCTCACGCCATACCAAGCGCAGACCGCCGCCGCCATTTTGGCGCGCGAAAGCGATTTGCTAAAGCGCTTCGAGCCGGTGCTTTCGCGCAAGCTCACCAGCCTGCGGATCCGATGCCATGGCGACTACCACCTTGCCCAAGTGCTCAACACCGGCAAGGACGTTGTCATTGTGGATTTCGAGGGCGACCGATCGCGCGCGCTGTCCGAGCGACGCCGCAAGCGCACACCTCTGCGCGATGTGGCGAGCATGGTTCACTCGTTCCACCACGCCGCATTCACTACATTGCATGACACGAGTGTCGTGCGCGAAGCCGATCGCGGGACCGTCTTTCCGTGGGCCATTCAATGGTACACGTGGGTCTCCGCCGCGTTCATGCGCGCGTATCTCGAGAACACGGCCGCAGCGTCGTTCTTGCGCGCCGATATTGCGGAGGTCGCGCTCCTACTGGATGTTTTCATGCTGAGCAAAGCGCTGCATGAATTCGACGCGGAACTGAAGAGACCCGAGAGGCGCCTGGATATCGTGCTTCACGAGCTCGCGCAGTTGCTTGGCGTCGCGGTTTCGTAGTCTCCGATCACCCACGCGATAACGTATTCCGATTCCTGCTGCGTCCTACATTGGGGACGCAGCATCGGACGGAGGAGTGGGTTGCACTCGTTCAGCGAGCCAACCCATTCGTTACGCGCAAAGGCGCGGTTGTGAACAGGGGGCGAGGGGCCCGGCGAAGGCCACATAAGGAGCCAGCGGAGCGGCGCGAGATCGCGTCCTTTCGGGGCGGGGGAATAAAATGGCAGAGAGCGCGGAGAAGGGGAAAATCGCGATCGTCGCCATGCTCGCGGCAGGGGGCATCGTCGCCTCCTGTGGGTCATCCGGGGATGACTCGTCGGGCAATGGTCCGACTGGCCCGGGTGGTCCTGGCGTGACGCAGGACAGCGGCGGAGGCGGAGGGATGAACCCAGGCGGAGGTTGGAACGGCGGCGGTGGCGATGGAGGCGGAGGATACGACTCCGGCTTCACCGCATGCGCAGCCGACACCCAACGAGCCAAACCCGTTCCACTTAGCATGGCCGTTATGCTCGATTCGTCGGGGTCCATGTGGCTTCGCACCCAGGCGGGCGAATTCAAATGGGATGCGGCGAAAAGGGCACTTGGAGCCTTCGTCGGCGACGCCAAGTCGGTCGGCATGAGCATCGGGCTCCAATATTTCCCGCTTTTCCTGCAGGACACGCCCAATCGATGTACCGATAGCGCTCAGTGCGGTGCGCAGGGACCCTGCGTTCTCAAAGCATGCAACGACGCCAAGGGCGACTATTGCACGAGCGATGCGGATTGTCCCCAAGGGGTCACCTGCAGCGTTCCGCTCGGGCAATGCCACGAAGAAGGCGAATTCAAATGCAAGACGGATGCGGATTGCAAAACCGCCACATACGATTACGGCGCCTGCGATCCCATGGTGGCAAGTTATTGCTACCGCTCGGAAGATAGCTGCAACGTTCCGGACTATACGAAACCCGCGATTGATTTCGCGGAATTGCCCGGGGCAGCGGCGGCGGTTCAACAATCGCTGAGCGGGCGTTTCCCGAATGGATACACGCCCACGTCGGCGGCGCTCCAAGGCCTGGAGAACATGGCCAAGGCGCAGCACGAAGCGCATCCGGAGCACAAGATCGTGTCGGTCTTCGTGACGGACGGTCTACCGACGCGGTGCGATCAGAATATGACCAATATCTCGGCGATTGCTGCGGCGGCGCTCGAGGGGGGCATCAAGACGTACGTCATCGGTGTGTTCGCCCAAAGCGAGGAAGCGCAGGCGAAACCGAATCTCGACCTGATTGCCAAAGCAGGCGGGTCGGACACGGCATTCATCATCAATACCGATCAATCGAATGCATCGCAGGCTCTGCTCCAAGCGTTGAGTACGATTCGCGGTAATTCGCTTCCGTGCGAATTCGTCTTGCCGACACCGGAGGCGGGCGTCGCCGACTACAGCAAGGTGAACGTGAAATCGACGTCTGGCGCGGGGACCGAACAAATCGTGCCCAACGTGCCCAATGAAGCGGCATGCGCGACGGCGCCCGGCTGGTTCTACGACGCCGATCCCAATGCCGGTCAGACGCCGAGCAAGGTGAAGTTGTGTCCGGCGACCTGCGATTCGATCAAGACCGATACGGGGGCAGTGATCGACATCTTGCAGGGCTGCAAGGACATCGTCGTGAAGTGAACTCTCGCAATGCATCGAACATGGGAGAACGCAAGAGCCGCTGGGTGATCGTCACACCGACTGGAGACCAATTGGTTTTCAGTTCCTTGTCCGAGCTGCAGGAAGCGCTCATGGGCAACGAGCAGGGCGAGGATGACCAAGAGCACATGCGTGTCTCGACCTGCGACCTCGAGCCGAGCCAGGCGTTCGCCGCCGCGCAAAGGCACGTGGTCGCAGGCCGCGCGGGCGTGGCGATGGGCGTGGGCGTCGCTGGGAGGGGGACGCCTTCGCCGTATCAAAATACGCTGGCGGGGATTCCGCTTCCGCAGCATGTGATGGCCGCGGCCGGTGTGCGGACGACGAACCTGGGCGGCTTTTCGCCCGCCGGTCAGGGTGCGCACGAGATGAGGGCGAAATCGGTGGCGGCGAGCGGGGATGCTCCGAGCGGCGCGGCGCTGCTGCGCAATACGCCGGTCCCGTCTTCGGGGCCGCGCGGGCGCGTGCGGCTACGGCGAA
NZ_CP089982.1_gap117	4947639	4951980	4341	CTCTCCACGTCGTCGAGGGCGCTGGCGGTGGCGTCGTGGGGTTCGTCGGGCAGCAGCCGCTCGAGCAAGACCTTGGCCAGGGCCGCGGGCGTGGGATGGTCGAAGAGGAGCGTGGCCAGAAGACGCAACCCCGTCGCCGCGGAGAGGCGGTTGCGCAGCTCGATGGCCATGAGCGAGTCGAGGCCGAGCTCCTGCAACGGGCGATGCGAATCGAGGGCCTCCGGCGATGCGAGGCCGAGCACCGTGGCGACTTCACCGCGAACGAGGTCGAGCAAGGTGCGGCTGCGCGCCTCGGGCGTGAGGGCGCCGAGTCGCTGCCGCAACGAGGAGGCGTCGGCGATGCGCCCCGCGAGGCGGCGTGAGGCCCGGGCGCGCACGAGGCCTCGGAGCAACGGGCTGAGCGCGTCGCCCTGCCGGCCGAGTGCCACCGCATCGAAGCGCGCCGGGACGATGACCGCGTCGGGGGAGGCGAGCGCACCGTCGAAGAGCAAGAGCCCTTCACCGGATTCGAGCGAGCGCAGTCCACCGCGGGCCATGCGCTGGAGATCGGCGCGGGTGAGGTGCGCGGTCATCCCGGTTTCGTTCGCCCAGTGGCCCCAGTCCAGGGAGAGCGCGGCGCGTCCGCGGCCCCGGCGATGGTGCGCCAGCGCGTCGAGAAACGCGTTCGCCGCCGCATAGTTGCCCTGGCCTGGGCTTCCCAACACGCCGGAAAGCGAGGAGAAGAGAACGAAGGCCGCCAGATCGAGCGATGCGGTGAGCTCGTGCAGGTTCACGGCACCATCGAGCTTCGTGCGCAGAACGGAATGGACCTTCGCCGGGGCGAGCGAGCCGACGACCCCGTCGTCCAGGGTGCCCGCGGCATGCACCACCGCGCTCAGCGGCCGCTCGCGGGGAACCGCCGCGAGGAGCGCTTGCAGCGCCGAGCGATCGGCCACGTCGCACGCGGCCAGCGTGACGGACGCGCCTGCGGCTTCGAGCTCGCGTTGCAGCTCCTCGGCGCCGGGGGCGCGCGCGCCCTGGCGTGACGTGAGCAGAAGATGCTTCACACCGTGGGCTTCGACGAGATGGCGCGCCAAAAGGGACCCGAGCGTGCCGGTGCCGCCGGTGACGAGCACGGTGCCGTCGCGGTTCCAGGCCTGCGGAATGGTCAGAACGAGTTTGCCGATGTGGCGCGCCTGCGCGATGGTGCGGAAGGCACGAGGCGCGTGACCCACGTCCTGCACCGTGATGGGCAGGGGATGCAAGGTGCCGCGCTGGAACCACGCGAGAAGGGTGGACAGCATCCGTCCGATGCGCTCGGGGCCCGCCTCGGCGAGGTCGAAGGCGCGGTAGGCCACGCCGGGGTGCGTTTGGGCGACGGCGTCTGGATCGCGAATGTCGCTCCGGCCCATTTCGATGAAGCGACCGCCGCGCGGAAGAAGGCGGAGCGATGCATCGACGAACTCGCGTGCGAGGCTGTCGAGCACGACGTCCATCCCGCGCCCTTGGGTGGCGTCGAGGAATTGCGCCTCGAAGTCGAGCGTGCGCGACGAGGCAATGTGCGCGTCGTCGAATCCGAGCGCGCGCAAGGTTTCCCATTTGCCCGGGCTCGCGGTGGCGAATACCTCGGCGCCGATGTGGCGCGCGATCTGCGTGGCGGCCATGCCCACGCCGCCGGTGGCCGCATGAACGAGAAGGCGCTCGCCGGGTTGAAGCCGCCCGAGCTCCACCAACGCGTAGTAGGCGGTGAGAAAGACTGCCGGCACGCTGGCCGCCTGGGCGAAGGTCCACCCCTCGGGGATCGGCGCGAGGACGCGATGATCCGTGACGGCGACGGGCGCGAATGCCGCGGGAACGAGGCCCATGACGCGATCGCCCGGCGCAAACGTCGCGACGTCCGGGGCGACTTCGAGCACCACGCCGGCGCCCTCTCCGCCGAGCGGCCCCGCGCCCGGGTACATGCCCAGTGCATTGAGCGCATCGCGGAAATTGAGCCCTGCCGCACGCACGGCGATGCGCACCTGGCCTTCACGCAGCGGCTCGAGGGCCTCGGGGTGCGCCACCAGCGTGAGGCTGTCCAGGGTTCCACGGGTCGGGGCATCAAGGCGCCACGCCGGTTCGGGAGGCACCGTGAGAACGTCCTTGCTGCGCGCGGGCTCGAGCCGGGGCACGAGGATGCGACCCTGACGCAACGCGAGTTGCAACTCCGGCGCCTCGAGGGCGGCGGGCAGAGAAAGACGCGACGCTTCCGTGCCGTCGGTGTCGACGAGGCGAATGACGCGGTCCGCGTTCTCGATCTGCGCGGAGCGGACCAGTCCCCAAAGGGGCGCGTGGACGAGATCCACGTCGTCCTGCGGCGAGGTGGCGATGGCACCGTGGGTGAGCACCACGAGCTGCGTGGCGGCGAGGCGCTCGTCGGTGAGCCACGTCTGCAGCACGGAGAGCGCCCGCACCGTCGCTTCGTGGGCTGCTGGGATGACCTCCGTCGCCGCGCTCCGCGGGAACGACACCACGAGCACGCGGGGCGGATCCTGGAGGCCGGCGAGATCGCCCACGATGGCGAAGTCCGCGCGCGGCGGCGTCTCCTGCGCGAGGGGCATGGCGGTTTCGGTCCACGCGAGGCGAAGCAGTGCATCGTCACGGACCGCGCCCGCAGTGCGAAGCTGCCCGGGCGACACGGGGCGCGTGGTGAAGGCCTCGATGTGCCCCACGGGCTCGCCCGCAGGATCGGCCAGATCGATCGCGAAGGAGTCGGCGCTCCGCACGAAGCGCACGCGCAGCGAGGTGGCACCGACGGCGTCCAGCGAAACGCCGCTCCATGCGAAGGGGAGCACGACGCCGTTCGAGGCATCACCGAGCCCCTGCGCGCCCAGGGCGTGAAGCGCCGCATCGAGCAGCGCGGGGTGCAAGGCAAAGCGCTCCGCGTCCTTGGCGGCGGACTCGGGGAGCGCAACCTCGGCAAAGAGCTCGCCGCCGCGTACCCATGCCGCGCGTAGACCCTGAAAATCGGCGCCGTAAGCAAGGCCGGCTTCGGCGAATCGATCGTAGAGCCCTTCGATCGCGATGGCGGTGGCACCGGGCGGCGGCCAGGCATGCAGGTCGCTTGGTGCGCCTGTTGCGCTTGGTGCGCTCTTCGCAAGCGTGCCGCTCGCGTGTTTCGTCCACGCGCTGTCCTCCGCCGCGTTCTCCGGCCGCGCATGGACGGCGAAGGGGCGGAGGCCGCCTTCGTCCGGGGCGCCCACGGAGAGTTGGAGCGTCACCGCGGCCTGCGCGCTGAGCACGAGGGGTACCTCCAAGGTAAGCTCCTCGAGGTGCGCGAAGCCCACGTGGTGGCCTGCGGCGAGCGCGAGCTCCACGAAGGCCGTACCGGGGAAGAGCACCGCGCCGAAGGCGGCGTGGCCTTCGAGCCAGCGGTGCTCGGCCAACGACACGCGCGAGGTGAAGAGGAACCCATCGCTGTCGGCCAGCGCGATGGCCGTTCCCAGCAGCGGATGCCCGGAGTTCGGCAACGAGGGCGCCGGGCTGGCATCCAGCCAGTAGCGTTCGCGCTGGAAGGCGTACGTGGGCAGGTCCACCCTCTGCGCACCGCGGGCCTGGAAGAACGCGTTCCAATCGACCGCGAGTCCGCGGACGTACAAGTCGCCCAGGGAAAGGAGCACGCGTTCGAGGTCTCCTTCGTCTTGCCAGAGCGAGCCCGTGGCGGTTGGCGAGGCCGTCTGCATCGCATCGAAGTTCTCCTCGAGCGGCAGCATGAGCACGGGATGCGGGCTCACCTCGACGAAGAAGCGATGCCCCGACTCGAGCAATGCCCGCGTGGTGTCGCCGAAGAGGACGGGCCGGCGGATGTTTTCGAACCAGTACGCGGCATCGAGCGCGGAACCGTCGAGGGCGTTGGCCGTGACGGTGGAGTAAAAGGGGACGCTGCCGCGCCTTGGCTGGATGCGCGCGAGCTCGCTCAGGAGCTGCTCGCGCATCTCGTCGATCTGGACGCAATGCGATGCGACGTCGACACGCAGTTTGAGCGCGAAGACTCCGCGCGACTCGAGCTCGCGCAGCAGGGTGTCGATCGCCTCGGGCTCGCCCGCGACGGTGGTGGCGCGCGGGCTGTTGACTGCGGCCACGGAGATGCGCTCGCCGAAGGGCGCGAGGTGGGCAGCGAGTTCGCTGCGCGGGAGTTCGATGGCGGCCATGCTGCCGCGACCTGCGAACTGCGCGAGGGCGCGGCTGCGCAGGGCGACGATGGCGACGGCTTCGTCCCGGGAAAGGGCGCCCGCGACGTAGGCGGCCGCGATTTCGCCCTGGCTATGGCCGATGACGGCGTCGGGGTGCACGCCGAAGGAGCGCCAGAGTGCGGCCAGGGAC
NZ_CP089982.1_gap118	4964218	4967818	3600	AGGCTTTCCATTCCTCGGCCACGGGACGGCCTCATTCAAAAGCCGCACACTCCCCGAGGCCCAATCGACATGCGGCGAGGGGGTCTCGGCGTGCAGCGTCTTGGGCAAGAGCCCATGCTGCAAGGAGAGCACCATCTTGATCACACCCCCGACCCCGGCGGCGGCCTGCGTATGCCCGATGTTGGACTTCAGGCTCCCCAGCCAGACCGGTTCTCCGTCGGCACGATCCTGCCCATACGTGGCGAGAAGCGCCTGGGCCTCGATGGGATCGCCCAGCGCCGTCCCCGTGCCATGCGCCTCGATGGCGTCGACATCGCGCGGGGCAAGCCGCGCATGTTCGAGTGCCTGGCGAATGACACGCTCTTGCGCAGGACCATTTGGCGCCGTGAGGCCTTGGCTCTTGCCGTCTTGATTGACGGCCGACCCGCGCACGAGCGCGAGCACCGGGTGGCCGTGCCGCGTGGCATCGGACAGGCGCTCGAGCAGGAGCATGCCCGCGCCCTCGCCCCAGCCCGCGCCATCGGCCTGGGCCGAGAACGACTTGCATCGGCCGTCCGGCGCCATACCTCGCTGGCGGCTGAACGCGATGAAGACACCCGGTGTGGCCATGACGGTGACGCCGCCCGCGAGCGCGAGGGAGCATTCGCCCTGACGCAGTGCCTGGCAGGCGAGATGAATGGCCACCAGCGACGAACTGCACGACGTATCCACCGTGACCGTGGGCCCGTGCACGCCGAGCGTGTACGCGATGCGCCCGGAGGCCACGCTGGCGGAGCTGCCCATGCCCACATAACCCTCGAGCTCCTCGGGCGCCGGCCGGGCATCGTACGCATTGTACATGACGCCGACGAAGACCCCGGTCTGCGAGCCGGCGAGCGACGCCGGATCGATGCCTGCGCGCTCGAGCGCCTCCCATGACGTCTCGAGCAACAGCCGCTGCTGTGGATCGATGGCCAGTGCCTCGCGCGGGCTGATGCCGAAGAAGCCCGGATCGAACAGGTCCGCGTCGTACACGAACCCGCCCTCCCGCGCGTAGCTCTTGCCCGCAGCATGGGGATCCGGATCGTAAAGCGAGCCCAGGTCCCACCCGCGGTTGTCGGGAAGGCCGGCGATCGCATCGCGTCCGTCGACCAAAAGCTGCCAGAGATCGTCCGGCGTGCGCACGCCGCCGGGGTAACGGCAGCCCATGCCGATGATGGCAATCGGATCGTCGCCTTTGCCGTTCGCCGTCCGGCGCACCCGGATGGGCGAACGCTGGCCACCGAGCAGTCTCTCGATGAGAAAGCGCGCGAGTGCAGCCGGGGTTGGATGATCGAACAACAGGGTGACCGGCAGCTTCGAACCGGTCATGGCCGAAAGACGATTTCGCAACTCGACGGCGGTGAGCGAATCGAGCCCCAGCTCGCGCAATGGACGGTGCGGGGACAGCGAGCTGGCATCGGCGATGCCCAAAACAGCCGCGATCTCGGGGCGCACCAGCTCGACGAGGGCGCGCTCGCGGGCCTCGGGCGGCATGGCGAGAAGCCGCTCTTCGAGCGACGTACCTTGGACCTCATTGCGGGCCAGCCGTCGCGACGCCCGGACCCGCACGATGCCCCGCAACAAGGGATGAACGTCGCCCGCCGGCTTCGCGAGCTTCCCCGTGTCCAGGCTCGCCGCGACCACCGCGGCATCACTCCCCGCGAGGGCGGCGTCGAAGAGGGCGAGCCCTTCCTGGATGGCCAGCGGTAGGAGACCACCGCGCTCGATGCGCCGCAAGTCGGCCTCGGTGAGGTGGGCGGTCATGGTGCTCTTGCCGGCCCAGAACCCCCAATCGATGGAGAGCGCCGCGAGGCCCCGCGCCCGGCGGTGGTGCGCGAGGGCATCGAGGAAGACGTTGGCCGCCGCATAATTGGCCTGCCCCGGCCCTCCGAGCACGCCGGCCAGCGAGGAGAAGAGCACGAAGGCCGCGAGGTTGCGCGACTGCGTGAGCTCGTGCAGATGCATCGCCGCATCCGCCTTCGCCCGCAGAACGGGGCGCAGCCGTTCCGGCGTCAACGAGCCGAGCACACCATCGTCGAGCGCACCGGCCGCATGAACGATGGCCGTGAGGGGCTGCTCGGCAGGTATGGAAGAGAGCAGCGTCTCGAGCGCTGCGCGATCCCCGGCATCGCAGGCGGCCACCGTGACGTGGGCACCGGCCTTGGTGAGCTCCCGGGCGAGTTCTTCTGCACCTTGGGCGCATCGTCCTTGGCGCGACGTGAGAAGAAGGTGCCGCACGCCGTGGGCCTTCACCAGGTGGCGCGCGAACAGCGCCCCGAGGGTGCCGGTGCCGCCCGTGATGAGAACCGTGCCCTCGGAGAGCGAGACGGGGCTCGGTTCGGAGGCGGCGCGTGCCAGCCTCGGGATGATGGCGCCGCCGTTGCGCAGCGCGAGTTGCGGCTCGCGCGCAGCGAGAATCGCGGGAAGGGCGCGGCGGGAGTCCTCGGAGTCGTCCGTATCGAGAAGGACGATGGCCGCGTCGGGATTTTCCGCCTGGGCGGAGCGCACCAGTCCCCAGATGGGGGCGTGGACCAGATCGGGAACGTCCTCGCGCGCATGGGTGGCGACGGCGCCGCGGGTGAGAAGCACGAGGCGTGTCGATGCCCAGCGCTCGTCGGCGAGCCACGCTTGAAGCAGCGCGAGTGCGCGCGCCGTCGCCTCGTGAGCCTCGGAGACGAGGTCGCCCCGCGCGCTCGCCACGAAGGGCACCACCACGGCATCGGGCACGGGTTCGCCGCGGTCGAGCGCGTTCGCGAGCGCGGCGAGGCTCTCGTAGCGCTCGCCCGGCCCGAGGCGCACCCAATGCTCGGGGGTCGGTGCGTCGACCTGCAACGGCGCCCACTCCACGCGCAACAGCCCATCGCGCACCGAGGAGCGCGCACCGGCGATTTGCTCCGACGAGACGGGCCGGCTGGTGAGCGTCTCGACGGAGGCCACCGCCTGGCCCGCAGCATCGACGGCCTCGATGGCGAAGCCGCCCTCCTCGGACCGAGCGAACCGCACCCGCACGACCGACGCCCCGCGGGCATGGAGCGACACACCGCCCCACGAGAAGGGCAGCACGACGTCGGCCGCCCCGTGAATGCTCTCCACCGCGAGCGCATGCAACGCCGCATCGAGGAGCGCAGGGTGCACGCCATACCGGGCGCCATCCTTGGCCGGAAGGTGCACCTCGGCGAACAGCTCGTCACCATGCTTGTAAACCGCACGCAGTCCCTGGAAGACCTCACCGTAGGTCAGGCCCGCCTGCTCGAGCCGCTCGTAGAAGCCCTGGAGCGGAACCTCGGTGGCGCCCTCCGGTGGCCAAACGCGCGCATCGAAGCCGGGCGAAGCCACCGCCGCGGGGGCGAGCACGCCGCTGGCATGCCGGGTCCACGAAGCATCGCGCTCCGCCCGCGCATGGACGGACAGCGGCCGTCGGCCGGCGCCATCCGGTGCACCGACGGCGAGCTGCAGCAAGGTAGCCCCTCGTGCCGGCAGAACGAGCGGGGCCTCCAGGGTGAGCTCCTCGATCTGCTCGAGACCTGCATGATGGGCCGCCACGAGGCCCAGTTCCACGAAGGCGGTGCCAGGCAAGAT
NZ_CP089982.1_gap119	4974452	4978406	3954	ATTGGGCGCAACGGAGAGCGATTGCAAAGTGCCGAGCAACTCGAGCCGATCGCGCACGACGAAGGCGGAGCGATGCTCGAAGTGGGGGCGGGAGGTGGCGAGGGAGAAGGCGACATCGGCGAGCTGCAGCTCGGGATGGTTCTCCAGATGCACACGTAACCGCGCTGCCTGTGCCTGCAACGCCGGCTCGCTCTTGGCGGAGAGTACGACGGGCACGGGCACGGGCACGGGCACGGGCATGGGGGCGGGGGCGGGGGTGGGGCCCTCTTCCAACACGAGATGGGCATTGGTCCCACTTGCCCCGAAGGACGAAATCCCGGCCCGCCGAGGCTCTCCACTCCTCGCCCACGGAACGGCCTCATTCAAAAGCCGCACACTCCCGGAAGCCCAATCGATATGCGGCGACGGCGTCTCGGCGTGCAGCGTCTTGGGCAAGAGCCCATGTTGCAGGGCGAGCACCATCTTGATGACCCCCCCGACCCCAGCGGCCGCCTGCGTATGCCCGATGTTGGACTTCAGGCTCCCCAGCCAGAGCGGCCTATCCTCACGGCGGCCCTGCCCATAGGTGGCAAGGAGCGCGTGCGCTTCGATGGGATCGCCCAATGTCGTGCCGGTGCCGTGCGCCTCGACGGCGTCGACGTCGCGCGGAGCGAGCCGCGCATTCTCGAGCGCCTGGCGAATGACGCGCTCTTGGGCAGGACCATTCGGCGCCGTGAGGCCTTGGCTCTTGCCGTCTTGGTTGACGGCGGACCCGCGCACGAGCGCGAGCACGGGGTGCCCGTGGCGCGTGGCATCGGAGAGGCGCTCGAGCAGGAGCATGCCCGCGCCCTCGCCCCACCCTGCGCCATCGGCCTGGGCCGAGAACGACTTGCATCGGCCGTCGGGGGCGAGGCCTCGCTGCCGGCTGAACACGATGAACGCGCCCGGCGTGGCCATGACGGTGACGCCGCCCGCGAGCGCGAGGGAGCATTCGCCCTGACGCAGTGCCTGGCAGGCGAGGTGAATGGCCACCAGCGACGAACTGCACGCCGTGTCCACGGTGATGGTCGGTCCATGGAAGCCGAACGTGTACGCGATGCGCCCGGAGGCCACGCCGCCGGAGCTGCCCGTGCCCACGTAGCCTTCGAGTTCGCCCGGTGCGTGCAGCAGGCTGTAGTCGTTGTACATGACGCCAACGAAGACCCCCGTCTGCGAGCCAGCGAGCGACGCCGGATCGATGCCGGCACGCTCGAGCGCCTCCCACGACGTCTCGAGCAAGAGCCGCTGCTGCGGATCGATGGCCAGGGCCTCGCGCGGGCTGATGCCGAAGAAGCCCGGATCGAACAGGTCGGCGTCATAGAGGAACCCACCCTCGCGCGCGTAGCTCTTGCCGGGCGATTCGGGATCCGGATCGTAGAGGGCCTCGACCTCCCAGCCTCGGTTCTCGGGCAGGTGCGCGATGACATCGCGGCCGTCGCACAAGAGCTTCCACAGCTCCTCCGGCGTCCGCGCACCACCGGGGAAGCGGCACGCCATGGAGACGATGGCGATGGGCTCGTCCGCGACGGGCGATACCTTGGCCGCCCGCGGTGCCGGCACCGGCGGCTCGTGACCCACGACCTGCGCCGTCAGGAAGCGCGCCAGTGCGGCAGGTGTCGGGTGGTCGAACGAAAGCGTCACCCGCAGTCGCAGGCCCGTGACGGCGGAGAGCCTGTTTCGAAGCTCCACGGCCATGAGCGAGTCGAGTCCCAGCTCTTGCAGCGGCCGTTGGGGATCCAGTGCCCGGGGCGACGAAATGCCCAGCACCGCCGCAATCTCGGGCCGCACGAGATCGAGCAACGTCGCTTCGCGCGCCTCGGGCGCGAGTGCAAGAAGGCGCTGCTGCAGGGAGGAAGCCTCGGCCGTGTTCGTGGCGAGCCGTCGCGCAGCCCGAACGCGAACCAGCCCACGGAGCAATGGATGGACGGCCGCGGCATCCGCGGTGTGCCGCGCAGCCCGTGCGGCATCGAAGCCCGCGGCGACCAAGGCGGCATCGGCCCCGGCGAGGGCGGCATCGAAAAGGGCGAGCCCCTCGTGTGCGGCCAGCGGCTCCAGACCGCCGCGCGCCATGCGCCGCCGATCGGCCTCCGTGAGGTGCGCGGTCATGGCGCTCGTGTCGGCCCAGAAGCCCCAATCGAGCGAGAGTGCCGCGAGCCCTCGCGCCCGTCGGTGGTGGGCGAGCGCGTCGAGGAAGACGTTCGCCGCGGCATAGTTGCCTTGCCCCGGCCCGCCGATCACCCCGGCCAGCGAGGAAAAGAGAACGAACGCTCGGAGGTTGCACGACTGCGTGAGCTCGTGCAGGTGCATCGCTGCATCGAGCTTGGTACGAAGGACGCGGTGCAACCGTTCCGGCGTGAGGGCCGTGAGCACGCCATCGTCGAGCGTGCCCGCCGTGTGAACGACACCGGTGAGCGGGTGCTCGGCGGGGACGGACGCCAGGAGCCTTTCGAGGGCCGCGCGATCGCCGACGTCGCAGGCGGCGACCGTGACTCGGGCGCCGGCCTCGGTGAGTTCGCGCGCGAGTTCTTCTGCGCCTTGGGCGCGTGGCCCTTGGCGCGACGTGAGAAGAAGGTGCCGCACGCCGTGGGCCTTCACCAGGTGGCGCGCGAACAGCGATCCGAGTGTGCCGGTGCCACCCGTGACGAGGACCGTGCCCTCGGAGAGCGAAACGGCGGCCCCTTCGGAAGAAGTCGCCACGCGCGCGAGCCTCGGCACGACGGCGCTGCCTTGGCGAAGGGCCAGCTGCGGCTCTTTGGTGGAGAGAAGCGCCGGAAGCGCGCGGCGGGAGGCGTCGGAATCATCGGTGTCCAGAAGGACGATGGCGGCATCGGGATTCTCGGCCTGGGCGGAGCGGACGAGTCCCCAGATGGGGGCGTGGACGAGATCGGGAACGTCCTCGCGCGGATCGGTGGCGATGGCCCCGTGCGTGAGGAGCACGAGGCGCGCGGAGGCAAAGCGCTCGTCGGCGAGCCAAGTCTGAAGCAATGCGAGCGCGCGGGCGCTGGCCTCGTGGGCATCGGAAATGACGTCCGCCCGTGGACTCGCCACGAAGGGGACGACGACGGTATCGGGCAAACGATCGCCTCGGCCGAGGGAATCCGCCAGCGCGGCGAGGCTCTCGTAGCGTTCACCCGGTCCGAGCCGCACCCAGTGATCGGGCACGGGCGCCGTAGCCTGCAAGGGCACCCAATCGACCCGCAACAGGCCATCGTGCCGGTGAAAGCGCTCCGGCGAGACGGGGCGGGTGGCGAACGCCTCGATGCGGGCCACGGGCTCTCCGGCTACATCGGCCACGTCGATCGATGCCGAGTCCGCGCCGTTTCGAGCGATACGCACGCGCAAGGTCGATGCGCCCACGGCATGGAGCGACACACCACCCCACGAGAAGGGAAGCCCCACATCGCTCTCCTCCCGCAGATCGACGGCGAGGACGTGCAGCGCCGCGTCGAGCAGTCCGGGATGGATCCCGAAGCTTCCCGATGCAGGGCTCGCACGCCGTTCGCCTTCACGGCCCGCCGTCTCGGGCAGCCGCACCTCCGCGAACAGTTCGTCGCCGCGGCGGTAGGCATGGCGCAGTCGGAAGTCCGCGTCGTAGGTGAGGCCCGCCTGGGCGAGGCGCTCGTAGAAGCCATCGAGCGGCAGTTCCGTCGCTCCTTCGGGAGGCCAAACGTGTGCGTCGAAGCCGGTCGAACCCACGGCCGCGGGCGCGAGGGTGCCGCTGGCGTGTCGGTTCCAGGTGGCCTCACCTTCGGGGCGCGCATGCACCGTGATCGATCGCCGCCCCGCCTCATCGGGCGCGCCGAGCGCCAGTTGCAGCGAGGTCGTTCCGCGGGGCGGAAGCACGAGGGGCGCCTCCAATGTGAGCTCCTCGATCTGCTCGAGGCCCGCGTGATGCCCCGCGGCGAGGGCCAGCTCCAGGAAGGCCGTGCCGGGCAC
NZ_CP089982.1_gap120	5038233	5043077	4844	TGATCCGCCGCGCGCTCGAGAACGCGCAACTCGAGCCCCGAGACATCGACGCCATCGAGGCGCACGGCACGGGCACGTCGCTGGGCGATCCCATCGAGGCGCAGGCGCTGCTGGCCACGTACGGACACGCGCACTCTCAGGAGAAGCCGCTTTGGCTGGGCAGCCTCAAGTCCAACCTGGGCCATACGCAAGCAGCGGCGGGCGTTGCCGGCATCATCAAGATGGTGCTGGCGATGAAGCATGGCGTGCTGCCGAAGACGCTGCACGCGGAGAACCCGTCGGCGCACATCGATTGGTCGTCGGGGGCGATGCGGCTGCTGCAAGCTCCCGCGCCTTGGCTCGCCGGCTCCGAAACGCGCCGCGCGGCCGTTTCTTCCTTTGGTGTCTCGGGCACCAATGCGCATGTCATTCTCGAGGAGGTCCCTCGCTCCGCGCCCGCAGAAGCGGAGACGCCCGCGAACGCCGCGGCGATGCCGGCGGTACCGGTGATGCTGTCGGCCAAGGGCGAGGTGGCCTTGCGCGCGCAAGCGGCCGTGCTCCGCGGGTATCTGTGGGCACACCCGGAGCTCTCGCTCACCGACGTGGCGTACTCGCTTGCCACGAGCCGCGCGCACCTCGAAGACCGCGCGGTGATCGTGGCCGGCGAGCGTGCGGCGTTGATGACAGCGCTGGATGCGCTGGCCGCCGACGATGGCGCGGCGGCGCATGCAGTCATCGGCCGAATGGCGCACGCGGGCAAGCTTGCGCTGCTCTTCACGGGGCAGGGGAGCCAGCGGCCTGGAATGGCCCGCGGGCTGTACGACGCGTTTCCCGTGTTCCGGGAGGCTTTCGATGCGATCGACGAGCGCCTTGCGCGCGAGCTCGGTGAAGAGCGCCTCCTGCGCGACATCGTGTTCGCGGCGGAAGGCACCGAGGAAGCCGCACTGCTCGATCGAACGGTGTTCGCGCAGTCGGGGCTCTTCGCCCTGGAGGTTGCACTCTTCCGACTGTTGGAAAGCTGGGGGCTCATCCCGGACCTTCTCGCCGGCCACTCGATCGGCGAGCTGTCGGCTGCCCACGTCTCGGGCGTTCTCTCGCTCGACGATGCGTGCACCCTCGTGGGGGCACGGGCGCGTCTGATGCAAGCGCTGCCGAGCCGCGGTGCGATGATCGGTGTGCGCGCGACCGAAGGCGAGGTGCTCGCCCTCCTTGCCGATCATCCCGGGGCCGACATCGCCGCGGTCAACGGCCCCGAGTCGACGGTCGTCAGCGGTGTGCGCGAGGCCGTGGAGGCCATGGCGAAACACTTCGAGGCGGCGGGCCGCAAGACGGTGCGCCTCCGCGTGAGCCACGCGTTCCACTCCGTCGAGATGGACGGAATGCTCGAGGCCTTCGCCGCGGTGGCGCGAACGCTGACTTACCATGCACCGCGCATCCCCATCGTCTCGAACGTCACGGGACGGATCGCGAGCGAGGGCGAACTCGGTTCGCCCGAATACTGGGTGCGGCACGTGCGTCAGACCGTGCGCTTCCTGGACTCCGTGCGCGTGCTTTGCGCCGAGGGCGTGACGACGTTCCTCGAGCTCGGTCCTCACGGTGTGCTGTCGGCACTGGCCCGCGAGGGTGCGCCGGAGGAGACGCAAGCGGCGTTCGTGCCCGCGCTTCGAAAGGATCGCGCCGACGTGGAGGCCCTGCTGGGCGCCATCGGCGAGCTTCATACGCGCGGCCTTTCCCTGGATTGGCCCGCGTTCTTCCGCCCGGCGAACCCGCGGCGTGTCGACCTGCCCACGTACGCGTTCCAGAGGGAGCGGTTCTGGCTTGCCTCGAAACCGGCCCGCGGCGACATCGCGGAGCTCGGGGCGCCGGAGAAAGAGTTCTGGGGCGTCGTCGAAAGCGGCGACATCGAGGCGCTCAGCGGTGCCCTGCAGGTGGAGGACGACGGACACCGCAACGCGATTGCCGCGCTTCTTCCGCGCCTTTCGCAATGGCGGCGCCGGCAGCAGGAGCGAGGCATCCTCGAAGGGTGGCGCTACCGGGTCGTCTGGAAGACGCTCGCGCGGAGTGAATCGGCCCACGAGCCTCTCGGTGCATGGCTGCTGATCGTGCCCGCGCGGTTCGACGAAGACGTCGCGACCGTGCAGCGCGCGCTGGTGGAACATGGCGCCTCCGTTCACGTCGTTACGGTCTCCGAGGAACACGTGGACCGCGCAGCACTGGCCGCGACCTTGCGCGAACACGCGGGTGATTGGCGCGGGGTGTTGTCGCTGTTGTCGCTCGACGAGATGCCGCTGCCCGGGCACGAGCACGTGCCCGCGGGGTTGGGGCTCACACTCTCGCTGGTTCAAGCCCTGGGCGATGCCGGCATCGAGGCGCCGCTCTGGCTTCTCACGTGCGGCGCGGCCACGAGGCCCGTTGCATCGATGGTCTGGGGCCTCGGACGCGTGGTGGGGCTCGAGCATCCATCGCGGTGGGGCGGGCTCGTCGACATCGACGGTGCGCTCGATGCGGCCGCGTTGGAGTCATTGGCCGCGGTTTTGCGCGGCCTTGGCGACGAAGATCAACTGACGCTTCGCGATGGGCAGATCCTCGCGCGGCGGCTGGTGCGTGCTCCCTCCGACGAAGGCACCGCGCCGTCCGCCTTCGCGGCGCGCGGGGCGGTGCTCATCACGGGCGGTACCGGGGCGCTGGGTGGTCACGTGGCGCGCTGGTTCGCCGAGCACGGGGCCGAGCACTTGATGCTCGTGAGCCGGCGCGGTCCGGGTGCCCCGGGCGCCGAAGAGCTGCAAAAGGAGCTCGCCGATCGCGGGATCGGCGTCACCATCGCGGCGTGCGACGTGTCGGATCGAACCGCCGTGGACGCACTGCTCGGCGAGTTGCGCGCGCGCGGGATCCCATTGCGGAACGTCGTTCACACGGGCGGCGTGGCGCGCGAGCTCGCATTGGGCGCGACGAGCCTGGACGATTTGGCCGAGTCCCTCGCCGGCAAGGCGCATGGCGCGCAGCACCTGCACGATGCGCTGAAGGATGAACCGCTCGACACGTTCGTACTCTTTTCCTCGGGCGCCGGCGTTTGGGGCGGGGGCGGGCAAGGAGCCTATGCCGCCGCCAATGCCTACCTCGACGCGCTGGCGGAGCATCGCCGAGCCCATGGCCTGCCGGCCACGTCCATCGCCTGGGGCGCCTGGGCAGGCGGCGGCATGGTCGATGCGCGCGCCGCGGCCGAGTTCCGCCGCCGCGGCCTGCCGCCCATGTCCCCCGCGCTGGCCCTGACGGCGCTCGGCCATGCGCTTGCGCAGCGCGAGACGCAGCTCACCGTCGCCGACATCGAGTGGGCCCGTTTCGCACCGGCCTTCGCAGCGAGCCGGGTTCGCCCCCTGCTTCACGATCTTGCCGACGCGCGCCGCGCGCTCGAAGCCGCGGGTGACGCGCCCGATCGGATGTTCGCGGAGAGTGAACTCGTCACCAAACTGCGGCCTCTGTCGCCGGAGCAGCGATTGCGCCATCTCGTCGCCATGGTGCAGGCGGAGTCGGCCGCGGTGCTGGGGCACGCCGATGCGTCGCGGGTCGATGCCCGCAAAGGGTTCTTCGACGCGGGCCTCGATTCGCTGACCGCCGTGGAGCTTCGACAGCGCCTGCAAAAGGCCACGGGAATCAAACTGAAGGCCACGGTGACGTTCGATCACCCGACGCCCGAGCGCCTGGGCGCACACCTGCGTGATGCACTGGCGCCTGCATTGGGTGAAGCCGTGGCGCAGGAGCAGACGGCGCGGGCGCGTGCTTCGAGCGACGAGCCGGTGGCCATCGTCGGCATGGCGCTGCGCCTACCGGGCGGCGCCAACGATGCCGAGAGCTTCTGGAAGCTCTTGGAAGAGGGGCGCGACGCAGTCGGGCCCATCCCTTCGAGCCGCTGGGATAGCTCCGCGATCTACGACCCGGATCCCGAAACGCCGAACAAGAGCTACGTGCGCGAGGCCGCCATGCTCGACGGTGTCGACCTGTTCGACGCGGCGTTCTTCGGCATCAGTCCGCGCGAAGCCAAGTACGTCGATCCGCAGCATCGCTTGCTCCTGGAGACCAGCTGGCAAGCCCTCGAGCGCGCGAACATCGTCCCCGCATCGCTTCGGGATTCGCGCACGGGCGTCTTCGTGGGCGTGGCCAGCGGTGACTACCTTTCGCCGTATGCGGGCACCGAGGAGCTCGAGGCGTACGCGATTCAGGGCTCGCATTCCTCGTTCGCGGCGGGCCGTTTGGCCTTCACACTGGGCCTGCAGGGACCGGCGCTGTCGGTGGACACGGCGTGCTCCTCGTCGCTGGTGGCGCTGCACTTGGCCTGCCAGGCGCTGCGCCGGGGCGAGTGCGAGCTCGCGCTGGCAGCCGGTGTACAAGTCATGTCCTCGCCGGAGTCGTTCGTGGTCCTGTCGCGGGCACGTGCGCTGGCGGCCGACGGGCGCTCGAAGACGTTCTCGGCGAACGCCGACGGCTACGGGCGTGGCGAAGGTGTGGTGGTGCTCGCGTTGGAGCGCCTCGGCGATGCGCGCGCGCGTGGCCGCCAGGTGCTCGCCGTCGTTCGCGGCAGCGCCACGAACCACGACGGCGCCTCGAGCGGCATCACCGTGCCGAATGGTGCGGCGCAGGAAAAGGTGCTCCGCGCGGCGCTGCGAGACGCCGGCTTGGGACCGAACGATGTCGATGTCGTGGAGTGCCATGGCACCGGGACTTCCCTCGGCGATCCCATCGAGGTTCAAGCCGTCGCCGCCGTTTATGGACTAGGTCGAAGCGCCTCGAACCCCTTGCGGGTCGGCACCGTGAAGACGAACGTGGGGCACCTGGAGTCGGCCGCGGGCCTGGCGGGCGTGGCCAAGATG
NZ_CP089982.1_gap121	5044096	5047739	3643	CGCCGTGCTCGAGCTCGCGAAGCACTTCGAAGCGCTGGGCCGCAAGACCACGCGGTTGCGCGTGAGCCATGCGTTTCACTCGCACCACATGGATGGCATGCTCCAGGCGTTCGGCCGGGTGGCCCGTAGCCTCACGTACCACGCGCCGCGCATCGCCATCGTGTCCAACGTGACCGGGGCGGTGGCCCGCAAGGACGAGCTCTGCTCGTGGGAGTACTGGGTCCGGCACGTGCGCGAAGCCGTCCTGTTCGCACAGGGCATCCGCACGCTCGAGCGTGAAGGCGTGCGCACCTTCCTGGAGCTCGGCCCGCACGGCGTGCTGTCGGCGCTGGGCCAAGACGTGCTCGGTGGCGACGACGGGACCGATTTCGTCGCGATGCTGCGCAACGGGCGCGACGAAGTGGAAACGCTGAGCGCGGCCATCGCGGCGCTGCACGATCGCGGGCAGGACGTCGGTTGGGGCGCGTTCTTCGCACCGCTGGGGGCCCGTCGCATCGAGCTCCCGACCTATGCCTTCCAGCGCGAGCGATTCTGGCTTGATGCGCCGAAGAAGGCGCCCGCCATCCAGGGGACGGACGATACCGAGTTCTGGACCGCCGTCGAACGAGGCGACGCGCGTTCGCTGGGCGACGCGCTGCAGGTCGAGGACGAGGCGCACCGCAGCGCTCTCGCCGAGCTGCTTCCCCGGCTATCGCAGTGGCGTCGTCGCCGTCAGCAAGAGAGCACCATCGACGGGTGGCGCTACCGCATCGTGTGGAAACCTCTCGACCGGGGCGAGACGATCCCGCTCGCGGGCACGTGGCTCCTCGTGGTTCCCGCGCGTCTCGCCGATGACCCGGGTGTCGACGCCTTGCGCGCAGCCCTGATCGAGCGCGGCGCCTCCGTGGTGACCGTCACCGACGACGCCGTGGATCGCAAGGTCCTCGAGGCGGCGTTGCAGCAAGCCCCGCGCGAGCTCGACGGCGTACTCTCGCTTTTGGCGCTCGACGAAACGCCCTTGGCCGACCGAGTGCCCGTCGGACTCGCCCTGACGGTGGCCCTCGTGCAGGCGCTCGGCGACGCAGGCATCGGCGCGCCCTTGTGGCTGCTCACCCGCGGTGCGGTGGCACCGCAGGCACCTGAGCGCGCGACGGTCGAGCGCCCGCTTCAATCCATGATCTGGGGCCTGGGGCGCGTGGTGGGTCTCGAGCACCCCGAGCGATGGGGCGGCATCGTCGATGCGGGCGATGCACTCGATGCGAAGGTGCTCGACGTCCTCGCGGCATCGGCACGCACCGGCGAGAATCAACTGGCGCTGCGCAACGGCAGCGTGTACGCACGCCGTCTCGTTCGCGCGCCCGGAACCGAGCCCGCCTCGGCCCAGGCCTTCGCGATGCGGGGCACCGTGCTGATCACCGGCGGCACCGGTGCGCTCGGTGGTCACGTCGCGCGCTGGTTCGCGGCCCGTGGCGCGGAACACGTGCTGCTGGTGAGCCGGCGCGGCCCCGACGCCCCGGGCGCCGCCGACTTGCAGGCGGAGCTCGGCGCGCTCGGTGTTCGCGTGACCCTCGCATCGTGCGATGCATCGGATCGATCGTCGCTCGAGGCCGTGCTGGCATCCATCCCCGCCGAGTACCCGCTGACCGTGGTGGTGCACGCGGCGGGGACGCTCGACGACGGGCTGCTCGGCTCCCTCACCCCGGAGCGACTCGCATTCGTGGTCCGTGCGAAGGTCGATGCAGCCGTGCACTTGGACGCGCTCACGCAGGCGCACCCCGTCTCGGCGTTCATCCTGTTTTCGTCCGTATCCGGCGTGATCGGCAGCCCCGGGCAGGCCAACTATGCTGCGGCCAATGCCTTCCTCGACGCCCTGGCCGAGCATCGCCGGGCGCGCGGGTTGCCGGCGACGTCGGTCGCCTGGGGCGCGTGGGCCGGCGGTGGCATGCTCAACGAGCGGGCCGCGGCCGAGGTGCGGCGGCGAGGCATGTCGCCCATGGATCCCTCGCTCGCGATGGCCGCACTCGGCCGCGCCCTCGAGCGGGACGAGACGAACCTCACCGTGGCCGACATCGCATGGGCACGCGCCGGCGCGGCCCTCGCGGCTCCGCTTTTCCGCGACCTGCCCGACGCGCGCCGGGAGGCCTCGAGCGCATCGGCACAAGCCTCGGAAGGGGAGCTCCTCGCGCGGCTGCGATCGCTGCCGGCCGACGAGCAATTGCGCCATCTCGTCACCCTGGTCCAGTCGGAGACGGCGGCGGTCCTCGGCCACGGCGAGCCGGCGAAGCTCGACGTGCACAAGGGCTTCTTCGACCTGGGCCTCGACTCGCTGACCGCGCTGGAGCTGCGCCGGCGGTTGCAAAAGGCAACGGGCGTCAAGCTGCCGAAGACCCTGACGTTCGATCACCCGACACCGGAACACGTCGCGCGCCTTTTGCTGGGCGGCGTCGAGGCCCACGTTCGCAGCGCCCGGCCGGTGGTCCTCGTCTCGGGCAACGAGCCTGTGGCCATCGTGGGCATGGCCCTGCGGCTGCCGGGCGGCGCCGACGACGCGCAGACCTTCTGGAAGCTGTTGGAAGAGGGACGCGACACCGTGGGTCCCATTCCGGAGAGCCGCTGGGACAACCTCGCGGTCTACGATCCGAATCCCGAAGCGCCGAACAAGAGCTACGTCCGCGAAGCCGCCATGCTCGACGGCGTGGACCTCTTCGACGCGGCGTTCTTCGGCATCAGCCCGCGCGAAGCCAAGTACGTCGACCCGCAGCATCGGCTGCTCCTCGAGGCGAGCTGGGAGGCACTCGAGCGCGCGAGCATCGTGCCCGGTTCGCTGAAAGACTCACGGACGGGGGTGTTCGTCGGCGTGGGCGCAGGCGAGTACACCCCGCCGCAGGATTCCCCCGAGGAGGTGTACGCTATCCAAGGGACGCGGTCATCGTTCGCCGCGGGCCGATTGGCCTTCACCTTGGGCCTACAAGGCCCTGCGCTGTCGCTCGACACGGCGTGCTCCTCGTCGTTGGTGGCGCTTCATCTGGCCTGCCAGGCGTTGCGCCGTGGCGAGTGCGATCTCGCCCTCGCAGCCGGTGTGCAAGTCATGGCCGCCCCCGAGGCGTTCGTGGCCCTCTCCCGCGTGCGGGCGCTCTCGCCCGACGGTCGCTCGAAGACGTTCTCGGCCAACGCCGATGGCTATGGCCGCGGCGAAGGCGTGGTGGTTCTCGCGTTGGAACGGCAGGCGGACGCGCGTGCGCGCGGGCACCACGTGCTCGCACTCGTGCGTGGAAGCGCCACCAACCACGACGGCGCATCGAGCGGCATCACCGTGCCGAACGGAACCTCGCAGCAGAAGGTGTTGCGCGCCGCGCTGGGCGATGCAGGCCTCGAGCCGCGCGACGTCGATGTCGTGGAGTGCCACGGCACCGGCACGGCCCTGGGCGATCCCATCGAGGTGCAGGCGCTTGCCGCGGTCTACGGCGAGGGTCGAAGCGCCGAGCGTCCGCTGCTGCTCGGTGCCGTCAAGACGAACGTGGGCCATTTGGAGGCCGCGGCCGGCCTCGTGGGCGTCGCGAAGATGCTCGTCTCGCTGCAACACGGCCACCTGCCCGCGACCTTGCACACGACGCCGCGCAACCCGAACGTCGAGTGGGATGCACTTCCGATTCGCATCGTGGAT
NZ_CP089982.1_gap122	5060878	5062229	1351	CCTTCGAGCGCGAACTCATCGCGTCCCTCCGCATCATGTCGGAGGGCGAGCGCCTGCGCCACCTGGTGTCGATGGTCCGCGGCGAAACCGCGGCTGTGCTCGGCCACGCGGAGGCGAGCCGCATCGAGGCCGAGAAGGGCTTCTTCGACCTGGGCCTCGATTCGCTGACCGCGCTGGAACTGCGGCGCCGGCTGCAGAACGCGACGGGCATCAAGCTGCCGACGACGCTGACGTTCGACTATCCGACGCCCGAGCACGTGGGGCGCTTCCTCCGCGAAGCGTTGGCCCCGGCGCTGGGCGATCTGGCCCCGAAGGGCGAGACTCGCATGCGGGTCGCCGCGGCGAGCGACGAGCCCGTGGCCATCGTGGGTATGGCACTGCGTCTGCCGGGTGGGGTGTCCGATGCCGACTCCTTCTGGAGCCTGCTCGAACAGGAGCGCGATGCCATCGGACCGATCCCCGAGAGCCGTTGGGATACGGGCGCCTTCTACGATCCGGATCCCGATGTCGCGAGCAAGAGCTACGTGCGTGATGCGGCCATGCTCGACGGGGTGGATCTGTTCGATGCCGCCTTTTTCAGCATCAGCCCGCGCGAGGCGAAGCACCTCGACCCACAGCATCGTTTGCTGCTCGAGGCGAGTTGGGAGGCGCTCGAACGCGCGAGCATCGTTCCCACCGCGCTGAAGGATTCGCCGACGGGCGTGTTCGTGGGCATCGGCGCCAGCGAATACACCTGGCTCGAAGGCAGTGCGGCCGAGCGCGAGGTGTACACCATCCAGGGATCCGGTGCCTCGTTCGCCGCAGGCCGTCTCGCCTTCACCTTGGGGCTGCAGGGTCCCACGCTCTCGGTGGACACGGCATGCTCGTCGTCGCTGGTGGCTCTTCACCTCGCGTGCCAATCGTTGCGCCGCGGCGAGTGCGATCTGGCGCTGGCCGCCGGTGTGCAGGTCCTGGCCTCGTCCGAGTTTTTCGTTCTCCTTTCGCGCGCACGCGCCCTGGCCCCCGATGGTCGATCGAAGACGTTCTCCGCGAACGCCGACGGTTATGGGCGTGGCGAGGGCGTGGTGGTCCTCGCCCTCGAGCGCCTCGACGACGCGCGCGCGCTCGGTCACGAGGTGCTGGCCTTGGTTCGCGGAAGCGCGGTGAATCACGATGGCTCGTCGAGCGGGATCACCGTCCCCAATGGGACGTCCCAGCAAAAGGTGGTGCGCGCGGCGTTGCAGGATGCAGGGCTCGAGCCCAACGACGTGGACGTGGTGGAGTGCCACGGTACCGGCACGTCGCTGGGCGATCCCATCGAGGTGCGGGCCCTGGCCGCCGTGTATGGCCAGGGGCGGACTGCACCGCTGCT
NZ_CP089982.1_gap123	5066685	5069170	2485	CCCATCGAGGTTCAGGCCCTCTCCGCCGTTTACGGTCAAGATCGACGTAGCTCCGGCCCCTTGCAGATCGGCACCGTGAAGACGAATGTCGGGCACCTGGAGTCGGCCGCGGGGCTGGCCGGTGTGGCCAAGATGATCGTCTCGCTGCAGCACCAAGCGCTGCCCGCGACATTGCACACCACACCGCGCAATCCCCACCTCGAGTGGGACACGCTCGGTGTCGAGGTGGTGGATGGCCTGCGGCCCTGGACGCGCAACGACGGTGGACGGCCGCGTCGTGCTGGCGTTTCCGCGTTCGGCCTTTCGGGGACGAATGCGCACGTCATCCTGGAAGAGGCGCCCCACACGGAGGCTGAAAAGCCGGCCGCGGTCGCGTCTGGCGCGCCTGTCGCGTCTGTCGCGTCTGGCGCGCTTCCGGTCCTTCTTTCCGGCCGGAGCGAGGACGCACTGCACGCGCAAGCGGCCCGGCTCGCCGAGCACCTGGCGGCCCATCCCGAGCTGGAGTTCGCCGACGTCGCCTACTCGCTGGCGACGGGCCGCACGCACTTCGAGCAGCGCGCGTCCTTCGTCGCGCGCGATCGGAACGAGTGCATCGACGCGCTGACGAACCTCGCCGCCGGGCAGCTGGCCCATGGCGAAACGGCGCACGGCGACGGCGGCAAACTGGCCATGCTCTTCACGGGGCAGGGGAGCCAGCGCGCTGGCATGGGGCGCGCGCTCTACGACGCATTCCCCACGTACCGTGAGGCCCTCGAGGAAATTTGCACGCACCTTCAGCGCGAGCTCGGCTCCTTCGGGCCCAAGTTTCGCGAGGTGCTCTTTGCGGCTGCCGGAACCGAAGGCGCTCCGTTCCTGGAGGAGACGCTCTACACGCAAACGACCCTGTTCGCCGTCGAGGTTGCACTCCATCGGCTGGTGGAAAGCTGGGGCGTTCGCGCCGATATCCTGCTCGGTCATTCCGTCGGCGAGCTCGTGGCCGCGCACATTGCAGGCGTCTTCTCCCTGGAGGATGCGTGCAAACTCGTGGCGGCACGCGCGCTCCTGATGCAGGAGCTGCCGGACATCGGAGCCATGATCACGGTGCGCGCCACCGAGGACGAAGTTCTCGCAGCCTTGGCGCAGCTCGACGTGCGTGCCTGCATCGCAGGGCTCAACGCGCCGTCGTCCACCGTGGTCTCCGGGGACGAGGCGGCCGTACGCGAGGTGGCGAAGCACTTCGAGGACCTCGGACGAAAGGTCACGCGCCTGCGCGTCAGCCACGCCTTCCACTCGCACCACATGGACGGCATGCTCGCGAAGTTCGGCCGGGTGGCGCAGGGGCTCACCTACCACGCGCCGCGCATTCCCGTGATCTCCAACGTCACCGGCCGCGTGGCCAGCGACGATGACCTTTGCTCGTGGGAATACTGGGTGCGCCAGGTGCGGGAGCCCGTGCGCTTTGCCCAGGGCATCGCGACCCTCCATGCCGAGGGCACGACCACGTTCTTGGAGCTCGGCCCGCACGGAGTGCTCTCGGCCCTGGGGCAGGAGTGCCTGCCCGAGGGCGCCTTCGTGGCCTCGCTGCGCAAAGATCGCGACGAGGTGGACGTGCTCCGCTCGGCGCTGGCCGCGTTGCACACCCATGGCGTGCACGTGGACTGGAGCGCCGTCTTCGAGCCCTTGCAGGCGCGACGGGTCGACCTGCCCACGTATGCCTTCCAGCGCGAGCGATTCTGGCTCGACGGGGCGCGTGCAGGCCGGGGCCCGATCGCCTCGGAGGAGACCGAGTTCTGGGCGACCGTCGAGCGCGGAGACGTCGATGCCTTCCAAGGCATGATGCTCGCCAAAGACGAAGACGACCGCAGCACGCTGGCGTCGCTTCTGCCGCGGCTGTCCGATTGGCGCCGCCGCAGGCACGAACGAAGCGCGCTTGACGGCTTGCGCTACCGCATCGTCTGGGAGCTTCTCGCCCAACCCGCCGCGGCACCTGCCGTAACCGGCACGTGGCTGTTGCTCGTGCCCATGTCGCTCGCATCCGATGCCCTGGTCGGCGCGCTGCAGGTAGCGCTCTCGAAGCAGGGAGCCCGCGTGGACGTCGCGCCCGTGGCCAACGACGCCGATCGCGACCGCCTCGCGGCCGAGTTGCGCGACCGCGCCGCCGGTCCGGACGGCCTGCACGGTGTCCTGTCGCTTCTCGCGATGGACGAAACAGCGCGCGACGATGGATTGCCCGCGGGGCTCGCGTGGACGATGTTGCTCACGCAAGCGTGGGTCGACGCCGACGTCGAGGCGCCGTTGTGGCTATTGACGCGCGGTGCGGTGGGCCCGGCGCTTTCGCGCCCCGTTCAATCGATGGCGTGGGGCCTGGGTCGCGTGGCGGCGCTGGAGCATCCGTCGCGTTGGGGTGGTCTCATCGATCTGGGCGACACGCTCGACCCCGCGGAGCTCGAGGCCTTGCTGCCCGCGCTTTCGCTTCGCACCGAAGACCAGCTGGCCTTGCGCGACG
NZ_CP089982.1_gap124	5070392	5071186	794	CAACGATCCGGACGCCTTCTGGGCCCTGCTCGAACAGAATCGCGACGGCATCGTTCCCATCCCCAAGAGCCGCTGGGACAACGATGCGATTTACGATCCCGAGACGGCCACGCCGAACAAGACGTACGTGCAGCACGCCGGAATGCTCGATCGCGTGGACCTGTTCGACGCGTCGTTCTTCGGCATCAGCCCGCGCGAGGCCAAAAACATCGACCCGCAGCATCGCCTCCTCATCGAGGCGAGCTGGCAGGCGCTCGAACGCGCCGGCATCGTTCCGGGGTTGCTCAAGGACTCGTCGACGGGCGTCTTCGTGGGCGTCGGGCCCGGTGACTACGCCACCCTGCCGAGCGAGACGGACGAGACGACCTACGCCATTCAAGGCGGCAGCCCTGCGTTTGCCGCAGGCCGGCTGGCGTTCACCCTGGGCCTTCAGGGGGCCGCGCTGTCCGTGGACACCGCGTGCTCTTCCTCGTTGGTGGCGCTGCACCTGGCTTGCCAAGCGCTGCGTCGCGGCGAGTGCGATCTCGCCCTCGCGGGTGGTGTGCAAGTCATCGCCACACCCGACTTGTTCATCGTCCTCTCGAGCACGCGCGCCCTGGCGCCCAACGGTCGCTCGAAGACGTTCTCCGCCGACGCCGATGGCTACGGCCGAGGGGAGGGCGTGGTCGTCGTGGCGTTGGAGCGCTTGAGTGACGCGCAGGCACGCGGGCGCGAAATCCTGGCGGTGGTTCGCGGCACGGCGGTCAACCACGATGGAGCCTCGAGCGGCATCACGGCGCCGAACGGCACGTCGC
NZ_CP089982.1_gap125	5085108	5086034	926	GACAACTCAAGGTGTCCAAGGAGCAGGCCATCCTCAAGATTGGCCATGGCCTGCACGATTGCGATCCGGTGTTCGACACGTTCTCGCGCCAACCGCGGTTCAAGGCGCTCGTGGAGAGCTTGGGCCTGCGCAAGCCGCTGCTCGCCGAGAGCATGTACATGTTCAAACACCCGAAGGTGGGCGGCAAAATCGACATTCACCAGGACGGCACCTTCCTCTTCACGGAGCCGAGCAGCGTGATCGGCCTGTGGACGGCCCTCGAAGATGCCACCGTCGACAATGGGTGCCTCTGGGCGCTGCCGGGCGGCCACAAAGGCGGATTGCGATCGCGATACATTCGCACGGAGCAGGGCGACAAGTTCGACGTGTACGATGCGACGCCGTTCCCGGAGAACGAGTTCGTGCCGCTGGAGGCGAAAAAAGGCTCCGTCGTGGTGCTGCATGGCGCGGTGCCCCACATGAGCCGCGCCAACGTCTCGCCGCGCTCGCGGCAGGCGTACAGCGTGCATTTGATCGATGGCACGCTGCCCTGGCCGGCGGGGAACTGGCTTCAGCGGTCGGCGTCCAATCCGTTCCGAGGCTTCTAGACCATGCCCGCCTCTACGCAGCCGGCTCGGCGGACGCTGTCGCCGAGTGAAGCCGTTTATATCCGACTACGAACCTTCATCGTATACAGCGTATGCGTAGATGGTGACATCGACCTTTCGGCCATGCGCCGCGCCTTCGTGGCGCTCCGGGAGGCGCATCCGCTCCTCGGATGCACGCTGAAGCAAAACGGCGAAGAGGCCTATTTCGAATCGGACGACATTGGGCAGCCGACGGTGCTCGTCTCGGAGCGCGAGCCGGATCCGCTGGCCCTTCCGGGGCTCGAGCTCGATCAAGCCAGGGCCCTCAGCGGGCTCGAGATCGTTCGCCGCGGGCACCGT
NZ_CP089982.1_gap126	5089013	5092313	3300	GGCTCCAGCGACACTTTCTTCCAGCCCACGAGGCGATTCGGGGGCTCTCCCAAGCCCGCGGGCAGCTTGGCATACACTTGGGCCACTTCGGCTCCTGCGCGCGTGCCGTCGTTGGTGACCGTGAACGTCACCGTCACGTCTCCCTTGGCCTCACGGCGGGCGTCCAAGTTCGAATACGAGAACGTGGTGTACGACAATCCGTGGCCGAACGGGAAAAGCGGCTCGAGCTGCTTCGCGTCGTACCATCGATACCCGATCAGCAGGCCTTCGCGGTAGACCACGTTGGGATCGCTCGGCGAGATGACCGGCTGCGGCAAATCCGCATCTTGCTTGGGAAAGGAGAGGGGAAGCTTGCCCGACGGATTGGCATCGCCGAACAGCAAATCGGCCACCGCCTGACCGCCGCGCACGCCCGGATACCAAACTTCGAGAACCGCGTGGACGCGATCGATCCAAGGCATCAGAACGGGGCTTCCCGTTTGCAGAACCACCACCACGCGTTTGCCCTTGGCCGCGATGGCCTCGATGAGGGCATTCTGATCGTAGCTTTGATTGTACGGATCCGTACGCGTATCGGGCAGGGCCAGACTGGCGAGATCGTTTCCTTCGGTTTCCCACTGGGTCGCGAAGACGATGGCGACATCCGCCTGGGCCGCCGCATTGGCCGCGGCCACCGAGTCGTTTCCATCGAAATACGTGACCTTCGCCCCCGGCGCCTTGGCCTGGATTGCCGCAAGTGGCGCCGATTTGTACCACGTTGCACAATGCGGAATGAACACGGGGCCGGGCGGCTCTTGGCATCCGCTGACGGCATTGCCATCGGCCGCCGGAACCGCGCCCGAGCCACCCCCGGACAGAACGCCGGCGTCGGCATGGCCGCCAATCACGACGATGGACGACACGCCCGTCGCGTTAGTCGCGTTAGTCGCGGCGAGCGGCAGGGCCGCGGATGCATTCTTCAACAGCACCGCCGATTGGCGCGCGACAGCGAGGGCCGACGCATTGCCGGCGTCCTGGTCGATGGCGCCGGAGGGGAGCGGCGGCGCATCCATGATCCCTACGCGCGCCAAGGTGCGCAATTTCCGGTGAACCATGTCGTCGAGCCGCGACATGGGCACCGAACCGTCGTCGACGGCCGCCCGAAGCTTCGTATTGAAGTGGGAGCCGAGCATTTTGAAGATGGGGTGGGTGCTGGCGTCGTTGGAAAAGCCGGGTTGCTCCTCATCGAGCCCGGCGAGGGCTGCCGGTGCCGTGCTGTGCGTGGCGCCCCAATCCGATTGAACGACACCCCGAAAGCCCCACTCTTTCTTGAGAACGTCGGTCAAAATATACGGGTTTTCGCAAGCATACGTGCCGTTCACTTTGTTGTACGCGCACATGACGCTACCGGGTTGGCCTTCTTTGATGGCGATTTCGAAGGCGAGCAGCTCCGTTTCGCGCATCGTGCGCTCGTCGACCTGCGAATCCGAGGTCATGCGGCTCGTCTCGTGGTCGTTCATGGCATAATGCTTGACGGTGGCAATGACCTTTTGCCCCTGCGTGCCGATGGTGCGCGCGGCGAGCATGGTGCCGCTCAATACCGGGTCTTCGCCCATGTTTTCGAAGGTGCGGCCGCTGCGCGGTTCGCGGGCCAGATTGGTCGCGCCACCGAGCCCTTCGGTATATCCAAGTGTGCGCAATTCGATGGCAATGCGTTTGCCATATTCTTGGGCAAGATCCGGATCCCAACTGGCCGCCAGCGCGAGGGGCGCAGGCAGGGCCGTGGCATGCGTGTCCTTGAGATTGACCCCGCAGGCGGAATCCGCACTGGTCACTTGGGGAATACCGAGCCGCGGAATTCCAGGGATGTAGCTCGCCCCGAGCAAGGCCTCGGGAGGAAACGTGCCATATCCCGCAATGGGCATTCCCGTGCCATGCACGAGCGCGATTTTCTCGTCGCTCGTCAGTTGCGCAACGAGCTTCGTGGCCCGCCGCTCGGCCACCGAGTCGGGGTCGTTTGTCGCCGGCGGCGCATCGCCGTCGTTGCTCGTACACGCTGGCGCGATCATGGCACTGCATGCGAGCGCAACGGCCGTGCGGCGGAAATACATACGACTCATGATTCCTCCATAAGATGTCATCTTCACTTCATGAATGGACCCATCGCGCCAAAATGAATCTCGATGGGATGGGACCCTGAGTTGAAATCGAATATGCCGTATATAGCTTAGCGAGAGATCATTACGAACATTGAATGTGGGAACGACTTCAAAGTAGACGAAAATCATTCACGACCGCAGCGGCGCGCCTGCTCGGGGTCGGCACGTCGCATGAACGGCTCGCCGCGCAGCACACCGTGGCACCATGGGACTCAACGCTGCGCCCCCATGTGCGCGGGGAACCGTCCTCGTCCTCGATGCCGAGCACTCGAACGCCGTCGCGTCGCAGGCAAACCATCGGCTGGACCGCCCCCTACGTGGACGACGGCGCAACCTATGCTTTGGCAAGCAGCCAAACCGTTGGCTGCCGTTCATGACGGCGTGGAGCGAGACCTGCCATGTCCTACGAAGAGAAGTTCGCTGACTTGATCAAGCTGTGCCAAAACGCGACGCGCGACGGTGCGAACCTCGTGCTGCTCCCCGAACCCGAGATCCTCGGCGATACGTACGAGGAGCTTGTCGAGAGTTTGAACCGAATTGCCGACGCCGACTTGAAGGTGTCGATTGTGCCGCGCCGGCAGCGTGCCAGCATCAACTTGACCATCAATTAGTGCGTGTCGACCACGGTCGGAGCGTGGTCGCTACCGCCTCGATCACGTGGGTCGTCGAGAATCGACGCCGAGCGCACGTGAGGGACCAGGTCCTCCGAGACGAGGATATAGTCCACACGCGCCGCATCCAGACGGCCAGGACGAGCCCGGCGATTGAACCAGGTATAGCGACGCTCCTCGGGATGGAGATGCCGGTAGATGTCCACCATTCCGCTCCGCGCCAGGAGCTCCGCGAGCGCGGCCCGAGCTCGCACGTGGGGTTCTTCGGTTCGCAAACGCGGGTACGTGTCGAGCTTCGTCGGAGAGACGTTCCAGTCACCCGCCAGGATCACTCCGCCGGAGGCGCGGAGCTCGTGCGCGCGATGGATCACCCGCTCTTGAAATCGTCGTTTGAAGGCGTGTCGATCGCCATTCATCATCCCGAGCTCGTGATCGAAGTACGGTTTATCGGTGCCGTTGACGGCATAAACGTTCCCGATGACGCGGCCGCGCAAATGCGTAAAAACGATTCGCCCTTCGAGATCCCACTCGGGCCTCTCCATGTTCGCCGG
NZ_CP089982.1_gap127	5094568	5097575	3007	GCGAGCAGGAGCTCGCCCCCCGCGGCATCGCGCACAACCTGCTGCGAGACCCACGCGCCGTAGTGTAGTGCGATGGACTGCAATGACGTTTCCCCGCAGTACCCGTGTCCGTTGCGCCACTGCTCGCGGGGTGGAATATCGAGCTGGACCGAGCCGATTTTTTCCTCTTCGATCGAGGCATCCCCGCATGCGCACGCGCCGACTAGGAGAGCGCCCGCCGTCACGGCCGGACCGAATATCCGCGCACCCAATATCCGAATGAAAATCGGGATGCCGTTACACAGGTTGATTGTCATGCGAAATTTTACTCGTCATTGCAAGAAAAATTGCCTCGAATGATACGGTTCGATACCGTGACTTTTGTTCGATATGTCGGATTAGTAACGGTCATTTCGTGTAATACGGACGCGTGGCGGCATCGATTCGAGCCAGGAGGTCGTCCATCAGCATCGCCTCCGGGCTGCCGGCCGGCAAGCTGGTGCGCACTTCCGCCAAGTTGGTGCGTGCGCTCAGGAGAGCCTCGTACGCCGACTGCGTTTGCAGTTTCTTCAAAACGTCCACTGAGGTGCGACGCGTGTTCCATCCGCGGTATTTGTCGCTGTTGACGGTCACGCCTCGGAGCTCGGTCACGATCGCCTTCAAGGTGTCGCCAACGAGGACGGGGATCGCCGGAATACCGCCGTTCGGAGTGGGGGGTGGCTCGAGGAACACACGGTTGAGCATCCAATTTTGGAATTCGCTCAATCGATCCGTGTAGCCGGGGTACTTGGCATTGTCGGCTGCATGATCGATCCCGACCGCCAGAAGCTCATTGAGCTGTTGCCACGCTCGGCCCTGGTCGATCGTGGAGCCGGCGCGTAGGAACGCTGCCGTACCGTCAAGATAGCGCTGCTCGATGTTACGCTGGTGTTCGGTTGCACCCTCGCCGCGCAGAATGAACTTCAGGTGCTCGTTGTAGTTGGCTCCCCAGTATTTCATCAGTGGATCTTCGGTGCGATCGAACGTCGCGCATGTGGGATCGATGGACGGGATCCGGTCGGTGCAGAAGGGCTGCGTAGGCTCGCTCTTCGACAAGCCATACAGGAGCTTGACGGCGGCATGATCGTAGGGGCCCGGGGGCGCGGGGTCGGTCGCGGCAGCGTCAGAAACCTCGATGTAATCCATCACCGAGCTCTGTTGAGGAGGCGGCACCAGCGAGCCCTTGAAATTGTGCCGGAGGCCCAAGGCGTGGCCAATTTCATGCAGCGCGATGTGGGTAATGTACTTATTCACCGCTTGCGCCCCCGTCAACTTGGCCGCTCGTGGCCCATCCTCATCGTTGCGTTCATCCGAGGCCCCAGCCCACAGCGCGCACAATCGGGTGGGCCGGAAACTACCCCAAGTCATCTCCCGAATGCGCGGCGGTGTCTTAGGCTGGATCGTGCGTTTGAAGGCTCGCGTGGGCGGGTCCAATTTCTCGATGGCATCCCTGAAAAAGCCGGCGGAAAAGTAGACACTGGCGCCTCGGATTTCACCCGTATTCGGATTCAGTCGCCAATCGGCGTACGCGATACCGTTCGGATTGGGATCGTAGATGAAGTAGTTCTTGTCGTCGTCGCCAAACGAGTCGCCGGGTCCAGCTACGCTGGCCTCGAAGACCTTGAAGCCGAACACCTGGTTCCAGTTCTCGATGCCCGCCTTGATGGCGCCGACGATATCGTATTTCGGGTGTTCCTTTGCGACCTGCAACACTGGGTCGGAAATGAACCACTTGATCGGCGCCATCCCCGAGTTGATGTTCCATTTGATCGCGCGCTCCAAAGTGCCCCCGGTGTTCTTCACGAGAAGGGGCGGTGACCGGTAGTAGTACTCCTGTGAGACCTTACCGGCATCGAACGGCGTGAAGCCCTTCCCTTCGGTGTACCTCCGCAAAGCGACGCCAAGTGTGCCAGATATCCTGTACCAATTCTCGTCATAGTCTGGAGAGCCCGTCGTCGTGTCGTTGAGCGCGCCGGTAAACACCTGCTCGAACGTGGCTCCGTCGTTGACGCGGCGGAAGTTTTGCAAGTACGAGAGATCGACTTGGAAGTGCAGTGGTTTGTCGCCCTTCGCGTAGGCATCGGAGACGATGCCAAATCGATTGAGACCGCCCGCCGGGTCGAAGAGTACGTAATCGTCGTGCCCGCGGAGTGAGAGGAATGGTTCGTAATCGCCCACCAGCGGGTAGGCTTCGATGATCGACGACGGATCGAAGATGTCGCTGGAGGCGAGTCCGTCCTGAGCGTCGAACACGAACAGCTTTCCATTTTGCACGCGAAACGTGACCACCCGTGTCCCAAGCGATGTCGCTGGAAACGGGCCAGGTTGCGGGTTCGCTAGAAGCTGCTTCGCGTAGGCCGATAGGAAGTAGCGGCGATTTAGTTCTTTCTTGTTGATGGCGACATAAAATGAATCTTTGGCATGGGACGATGGGACCGACAGCGCGGCGCCGCCCGATGTTGCGTCGGCCTTTTGGGTCAGTTCCTTCGAGAGTGTCCGCGCGATGGAGACGAATGCTTGATCGCGCGCCAGCAGGTCGGCGTCGCCGGAAGGTGGCGCACTCTCGCTGGCACACCCTGCGGCTGCGGCGAAAGGAAGAAGAACGACACCCCATACCGTTGCGCCGAAGTTGAATGTAAACATAAAGACCCTCCAGGACATAGCCCCGCCCCAAAAAGCGGAGTTGTCCTCATACAAGCAATCACCAAGTCGTCTTGAAATAGAGACGCGCGGCGAACGGGGGTGGCGCAAATTAAATTCGTACCACGAGAACGTCGGCACTTGGACCTCCGCGCCGTAGGCTTGCTCACGTAGCTGAAACATCCTTGCAAGCCGCCGTCGAGTCGCTCGGTGTCATAAGGCGAGCCAGTCTGCGGCCGGTGCGCCGAAACTCCGCGCATAGCGAACAGTGCACATGGTTAGAATGAAATAGATCCGACCTTCATGCATCAACATCGATCCCGCCGTGCCAATGGGAGGGCCGGGTTTA
NZ_CP089982.1_gap128	5160105	5164382	4277	TTGTTCCCGTCGCAATCACGACGTTGTTCGGCGCGATCGCCATGGCGAGTCCCTCGCCGCACTCCGATGCGTTGGCGGCGCGATCACTCACCTCGGGCATGGCCGTCAGCTCGGTGCCCGTCCTTGTACGCGACGGCGGGCCTGGCCCGGACGCTGCCCTTCGGGGGCTGCTCACTCGGCTCGGCGTGTCCGCGAGCACCCAAGCCGCACAACCCGGTCGCACGCGCGCCGCGGGCCAGGGGTGGCACCTCGACGTGTTCGCGGATGGATCGGCGGCGGAGTTCGTCGACGAGGGCGCCACGACCCGCCTACGCGCGCAAGGCACCGACCCTGCGGTGGCCATGGCCCCGCTCGACCTCGAGGCGCGGGCGCGGGCGTTCATCGCGGCGCATTTGGCGGACGTCATCACCCTCGGGTCGGGCGAGAGCCTCCTCGTCGACGCCACGTCCACCCAACAGCAGGGCGGCATGCGCGCTGACGGTACGGCGCTGCCGACGACGATCCTGGCGAACCGGATTGTCTTCCGCCGGGAGATCGACGGCATTCCCGTGGTCGGAGCCGGCTCCAAAGTGATCGTCACGTTCTTGAACGACGGGACCGTGCAGTCATTTCGGTACGACTGGCCCCGCTATGCAAAGACGGGCAGTACGCAAGACGCGGTCCCACCCGGCGACATTCTTCAGCGCGTGCGGCACGTCGTTGGCGCGCGGACGGGCAGCAAGACGCTTGCGCAGGTGGAGGTGCCCTCGGTCGCGACGGGGACGACGACCATGGACCTCGGCAGCGATGTGATGCTCCAGCGCCTCGAATGTGGCTACTACGACCCAGGTGTGCTCGTTCGCGATGCCCGCGCTCCCATTCAGGCCGGCTGCTACTACCGAGCTCTCCACGTCGTCGCACCGCAGGGCGCGCCGATGCGGGCCGGCGTGGCTGGCGCGGTTCCCGCCGGCGCGATCCCGGAGCCCGACCCGAGGTGGCCCGAGGAGGCCCTGCTTCGTGGGGTTCGCTCGAGTGGCCCAGTGCCCGCGCCGACGGCGACAAGGGCATCTGCCGCCTCCCCGGCGTCCCGCTCCAAGTAGCGACGCCGCACGGCACGGCGTTCACGCGGTCGCGGTGGGCTCGTCCTGATCGATCGGGCCATCCTCCAGGGGCTCGGCCTCTGCCCTCGCTTGCGCGACCTTCGCCGCCGTGAAGGTGGCCCACGCCGTGGCATTCTCCTCGACCGTTACGGACCATGAGAACCGCGCGTTGTGACCGTCCGATTCCAAATCGGACGAGTCCCAGTGGTAGCCGTCCACGATGGCGTTGAGCTTGTTGAGCACGAGCAGCGCCTGCGTCGTGTACTTCGTGACGTAGTTCCTTCGGTCGAACGTAAGGTCCGCGTCCCCCTCGCGCACCACGAAGGCCTCGCGCAAGAGCACGTCGAAGGGGAGGTTCGTCGCCGTCACGGTGATGGCCGCGTGGGTCGTGTTCACACGGGCTCGGACAGAGTACCGGGCGCGGGGCAGCTTCCCGGAGGCCACCGCCTCGCCGATCTCCCGACGGATCTCGCGGGCCACCTGGGGGGTATCGAGCCCGATCCCCTTCGTCTGCAGCCGCTCCTCCACCGACCGGCTCCGTGCTGCCTCGCGCACCAGGGCGATGGCGACGGACGCTGCGTCGTATTCGGGCTCGCCGGGGGGCAGGTACGCTCCCAGGGGCAGCTTCGCGCCGTTCTCGCTTTGGACGAGAAGGTCGCGAATTTCTCCGAGCGTGTCCGATGTGAAGGCGGCCCCCACGCGTCGATGGCTTCGGCCGAGGGTGTTGCGGCCGAGCAACCAAGCGACCCATTCGGCGAGCACCGGATCCGCGGGCAGCCCTTCCGCCGCGGCCAGGATCTCCGGGGACGTGCAGAGGCGCTGCTCCTCGTCGGTGCGGACCCCACGCGCCTGGATTTGCTCGGTCCGTGCCTCCATGTTGATGAACGAGATTCGCTGAAGCCGGTCGGCCGCATACCCCCGGACCTCGGGGGGAACGACGGCCACGATGCTCGCCAGGTCGGCTGCCCCGAGCCGTACGACGGTGTCCGTTGCGAGCCCGACCGCCAGCCGGAGAAGCCGAAGGCCTCGTGCCGATTCGGGATGTAGAAACCGCCTACCGTCCTCCAGCCTCGTATTTCCCTCAAGCCGCTCGACATCCCCGACGGCTCCCTCCGGGTGAAGGACAACGAAGCGCGTTGCTTCGAGGATGCTCTCGGTCCCATGCGGCATCTTCGTGCGGTCCCGCCGCTCATGCCGGACCGCGAGGGCATTGGCGAGTGAGCAACGGGCCAAAACGCCCGCGGCTGGAAGATGCGCCTCAGAGGGAAGGGCCATCACGACATTGGCGAGAAACCCTCGGCTGACCATCACGACGCCCATGACACCGCCTCCTCGATGCGGATGCCGAGCCAAGTCCGCTCGTCCTCGTCGGTGAGGGAGACGACCTTCTGCCCGGGGGCCAGGCGCACCAAGAGAAGGGGACCGATGAGCAACGCGTCCTGGAACTCGAGGAACTCCTCGGGGGTATGCCCGTTCCAGTCTCGCCGCTGCCTCACCGCATGGGGATTGCGCCAGATCTCCAGGCCGGACCCAATCCGGCCAAGCCGCTCGAGGTGGCCCCCCATGAGCACCATGAGGCGGAGAAGGTCCGAGCGCTCACGGAGCTCCTCGATGCGCACCGCGCCGTCGACGGGAAGGAGGAGGACCCGAATGCAGATGCCTTGTGCGGCCATTCCTGTTTCTCCTGTCTGCAAGGGCACGGCGCCGCCTCCGTGGTGGCGACCGGCCAGCAGTTCTTATGCGTCCGGCGAGAGGCACGCCGGCGCGCAGCGGGGCTCTACGAAGCCTGGACGGTCATCGAGGCCCGCCGGTTGGCGGGGCGAGAGGTCTTCCTAGTCTCCCAGCGGCCCGGATGGGGGCCTCGGATGGTGCCGCGAAGGAAGGCTCGCGGCGGGGCCTGTTCGATGGCAACGTCGGCAACTACGCGACCGACGCGCTAAAACACTCGGTGCGCGAGTCTCTCAGCGAGCTCGCTGGGCACGCCCTTCACGATGCCGTTCACCCACGAACCAGGCGGTGCGGGTTTCCGCCGCGGCCATTTCGATGGGATCGGGGACATAGCCGCGGCCCAAAACGCGGCACATCGTGAACTCGATGATCCGAATGCCGTTCTCGAAAAGCACGGAGACCTGAGGTGCGTGGGCTCGTTTCGCGGCCTGGCTCAATCCGGCGCCGCGGTCGGGAGCCTGGAACGTAAAACAACCCGATAGAAACTCCGCCAAGCTCATATCCGGGTCGTCATCGAGGGCGAGCTCGATCTCGTACCCGTTGGCGACGTGGTATTGATTGAGCTCATTCACCGTCTTGTTCATAGAGATAACCTAATACGTATACCGGCCCGTGCCATATCAATAGCCCCGCTGAAGCCTTATTTTGCCGCGTCCAGCGCGTCAAACCGAATTGGACGCGACGCCGCTTGATGCGGCATCCTGCCGAATGCCACCCCGCCCGAGCCGAGCGCGAAAGCGCTTTAGGACCTCGCGGGTGACGTCGTAATCGGGGTCTCCTGCGACGACCGAAAGCCGTCGTTCCGGCCCGAGTCTCGAGTGCCAGAGCGAATACACGGCAAAGATGCGGCCCTCGAAGCCCACGGCCACATGACAGGCGCGGGCGTACTTCGTCTCGCACCACGGGCTTGCCGCGACTTGAAACCGCTCTCCGTTCACCGTCTCGAGCGTCTCTTCGCGCAGATGCGCGGCTTCCGCTTGCCGGCGATGAAGCTCAAAGGCGAGGGCAGCGCTCATCTGATCACCAGTCCTTTGCTGATATGGCCGAATACCTATTGCTGATGAGTACGTCAGCGGCGCCTTTCGCATTCATTGCGAATGTTGCGACTTAAAAAAGGGGCGCTCTGAGCAGCTCAAGCCGCCATGGGCTGGGCGATGCCTGCTCGACCGAGCCAATTTCGAACGAAGGGGATGGGGCGTCGACGCCCGATCCGGCCTTCTCTCACGCTTTCCGAACGCGCTAGGCGAAGACGGGGATCTCGTTGTGGGAACGCTGCCAACTGGAGAGCATCACGCGCTCGAGGCGCTCCAACGGTTCCGCAAGAGGCGAAAGACCGAGGCCCCGCCAAACCGCAAGGGCGGCCGCCACCGCGACCATTGTCGGGTTGGTATCCGTGCTGAAACCCGATATCCGACGAACCGTCACGCGAGAGGTGGCACCCACGGCCCCGAGGGCGAACACGATTCCGGC
NZ_CP089982.1_gap129	5165542	5166167	625	GCGACATCGCCAGTTGGAACGTGTCGCCCTGGGCGGTGGACAGGGTCCTCTCCCGAAGGTGCTCGCGCTCGCGCATCCGAAGCCGGCGCTCGAATGTGCGGCCACGCGGAGTGGGAGGCGGCGGGCTGGCCGTCAGCGGCGCCATGAAGCTCCCGTTGCGCGCGCAAGGAAGCCGGCGGCTTCCGCCGTGGTTTGATCGAATTCGGCGGCGATGGCGAAGAGCTCCTCGGGGATCGTTCCGTCGTCATCCTCGTAGAGCTCGAGCTTCTCGGCCGCGACCTCGGCCAGCCGCGTGTGATCGATTTCACTCGTCCTGCGGTCGATGCACCGGGCGAGACTGCGCCGCATCACCCTCATGACGGCCTCGCGGTCGATGTCCATTGGAAACCTCCTGCCGCGCGCAGGGCGCGGTCACGTTGACGTATAGGCGTCCAGAACGCCGAGTTCTTCGAACGCGCGGGATCCTCGTTGCCCCCGGCGCTCAGTACCCCGCTCGACGGCGGCCGCTGGCCTGCATCGCTTGCGGGACGCGGATCATCCAGGCCCCATGATGGAAAGCGGAAACAAGCCAAGTGGATCAAACGATCCGGCCATTCGCACGCATTCTATATTGCTGGCCTAGGGC
NZ_CP089982.1_gap130	5172578	5174503	1925	CACTAGCCCTCGTCGATGAACTCCGCTCGGAAACTTGCGAGCGCGTCAAGAGAGGCCGAAAAGCGGGCGCACGCGAGGTCGATGTCCAGGCCTTGCCCGCGCACGGCGCCGTCGCTGGCGACGCGCCATTGCACACCATGCGTTTGGAGGCTCGCCGCCAGCCGGGAGAGCTGCCGCGCGAGCCCCTCCACGCGGATGAGGAGCGTCTCGTACTCTCGATGGACCTGCTTCTCCAGGTGGCGAAGGTGCCGTTGCTCGGCCGAGAGCGGGCTCGGGCTCGCCAATGGGGGAGCAGCCGCTGCGGTGAGTGCATGAATCTCATTGTTCATGAGATAAAACCTAATCCACCTACCGGCCTAAGCCATGAAATAGCCCTTCGCCTCCGAAATTTAATGCGAAAGGTCCGCCCCTCGAACCGCGGAATCCCCGCGTGAACGGCGCGTAATTTCTATTCCAATGTTGATAACGCTCGGCTGATATCGAGCGAGGTGCGGCGCGCTGTTCATCGGGACAATCTCTAGTTCCGCACTATTCGGATGTACCGCGGTCATCGGCGGAATCGGACGCGGCACCTGCGTCGACGTTCGGATTCGAGGCATCGGTCGATGGGCCGGCGGATGCCCCGTCCACCCGTTGGCAGGCGATGGAATACGGGTCCAGCCCGACGAGGCGCAGGGCCTTGTCCCAGGCGAGCGCGGAGGCATGGCGCTGCCACGCGCCGACCGTGGGCGAGTAGATGAATCCTTCGCGGCGAAGCCGCTTGCGCATGGCCTCGTCGGGTTTTGCGTCGAAGTAGATCCGCACCCGATTGTCGTCTTCCTCGACCTGCGCGCCATCGCCTCTCACCGGCGGACGCGGTCCTCGTTCGGCCTGCGCCTCGAGCTCGGCGATGCGCTTGCGGAGCCTGCGAATATTCGCGCTCGAGTGACTCAAGGAGAATCCCTTGTTCCCCATAGGGTCCGGAGCGATGGCGCGTGCAATCTCGTGGACCGAAAAGCCGAGGGCGCGAAGGTCGGCGACCGGCGAGGTGCTGCATCGGATGATGCGGTTTCCCTTGACCATGAGGGCGTGGGCTCGCTCAAGCTCGAGCACACGTTCCCGGAGTTTGGGTAACGCGTCGGGATCGTCCGAAAAGATCGCCCGATTGTCCTCGGCGCTGTCCGCTCGCCGTCGGAGGTGCTTCGCCTGCTTGTCCAATTCGTAGGCTTTTCGCAGTCCGTTGTCGGCGCGTGCAAGGTCGCGTCGGTGGCGTTTCTCCGAGTGGTGTCCTACAAGAATTGGCTGCCCAGCCGGGATTCCATCGAGGATGGTGTGCGCCCGCGCGTGGGCGACTTGAGCTTCTGCCTCGCGTCGGTCGGCCCGCTGCCGCAGGCGCTCGATGCGGACCGCCCGCTTGCGCTCGTAGGCATTGAGGATGGCCGCCCCCGAGGTCTCGCGGGACACACATTCCGCGACTGTGCTCTCCGCGGGCACGTCGACGCCGACTGCGGGGGAAGTCTCCTCGGCGCTCACACGATCATCGTGTGGGCTGGTCGCCACCGGCGACTGTGTCTCTTGCGGAAGTTCGTTGTTGCTCATGAAGGTACCTCCTCGCGGACGCGCTGTTCAATTTCATGTTGGGGAGCTGGTTGCTATCGAATGAACGCGTCGTGCCCGACTGAAAAAATGCAGAAGGTCCGCCCCTCGATCCCAAAAATCCCCTCGCGAACGGGGGCGGCGACCGAATCGCCCGTTTGACCGTTCTCGGTTCCTGCGAGGGGAAGGGGGTGCTTCGTGCTCGTGTCCGAATCAGACGGAGCTCGGGGCGATCGGGGCGGAACTCGAGGCGCCTCCAACCGTTTCGAGGCCTCTCTAAGCGGGGTTGCTCTCTTCGCTCGAGGCCATGGTCATCGGGGTAGCCTCGAACTCCGGCGGCGCCGGCGTGT
NZ_CP089982.1_gap131	5180638	5184775	4137	TCACCGGCGAGGCGTGAACGGCGCCCAGCGGGTGCCGACGGGCAATCCTCGCGAGCCACCGGCCCGCGAGCACGCGACGTCCCTCCTGTTCTTCCGCAACCCTCGCGGGCGTCCAAGGTCGCAGAGCCTCCAGCTTTTGGCGAAGCTCGGATTCGTAGCCGTGAGGCTCGATATCGATGGGGAAGAAGTGGCCTCGTCGGTCGACGAGCACGGTTAGCGTATCCAACTTTCGTCGACCAACCCACACCCCGTGTCGGAACGTGAGGATCGTAAAGACACTCGCCGTAGGCCGTGCGATGACGACCGAGTATCGGGCGGGGAGATCCGTCCATGTTCGTCGTGAGCCGACGTGAAGACCTTGGGTGAGCGTGCGCAGAATGGCCTGCTCTTTGTGCGCGAAGCGACGCGAAGGCATCGTTTCGATTCCTTTCGTGGGTGGCGACGATGGTGTCGCAGATGCCTAGAGGTCTTGCAGCCAATGTGCCTGTACTGGCACGTATCTGGCTCTGAATTGATAAGTACGATGATGCATTTACGCGCCTCGCGCGATTGCGTCGGCGTCGGAGTAGGATCCTACCGTCATGGTTTTGCGCGAGATCGTTGCGTGAATATTCCTAAGTCGATATGTGCATTGTCGAAATAGCTATACCGTTGGGTATGCCATCACCGTCATAGCGATGCAGGATTTGCATGTTGTTCGTCGGCGCCATTCCACGCCCGTTTGCCGAGCAGGCCCTGCGCGTCTTCGATCTCCAGGGATCGACCGAGGTCTTTGTCTGCTGCTCCGGCAGCTTTCGGTTCGAGCAGGGGCTGATGGCGCGAAGCCCCGACGCGGTGGTCCATTCGAACGACGTCAGCCTTCTTTCGTGCGCCATCGGCAGCCTCGCAACGGGCGAGCCCCTTGCGTACCACTTCAAGAATGACCTCGAGTTCCTCGAGGAAGCCGTCTGCGGTGGCAGCCCGCTCGAGCGCCTCGCGGCCCTCAGCTTGGCCGTACGGATGTCGCATTTCCACGGTGCAAGCGACCATGCGCGGCGGCATCGCGAGCATTTCCGCGTCAACGTCGGCTACTACCTCGGGCTCTCGAAGGACCGCGTCGCCAAGTACATGGAGACCATCCGTGTCCGGCACTTCTTTGCGGGGGACTTTCGGGATCACGCCGCCCAGGCGGTGCAGAAGGGGGCAACCCTTTTCGCCTGGCCGCCGACGTACCGCGGCGGCTACGAGCGCCTCTACAAGTTCGTGGACCAGAACACCGAGTGGTCGCCGCCCTCGTACCGGGTCTTCGATCCGAAGGATCTGGAGGGCTGGGTCTCTACCTTGCGCGAGCTCGGCGCGCGCTTCGCAGTGTGCGCCGACCAGCGGCTCGAAGGGCTGCGCCCGGTCGGCATGTATTCCGCCGGCCGGAGCAAGCCCCTCTACCTCTACGCATCGAGCGGGAGAAACCCTTCGTTGCGCAAGCGGCCGGAGACGTCCGACGCCATCCGCTACGAGCCCTGCGATCCGTGCAAGCTGACGGAGACCTCGCGGGTGACGGTCGCCCTGGCCGACAACCGGGTAATGAATGCCCTGAAGGACAAGTACTTGCTCGCGGGGCTCGTGCACGTGACCGGGCAGATGGGTTTCGTCGTCTTTCTCGATGGGGCCCTCGCCGGCGGATACCTCTACTCGGACCTTCGCAGCCTTTCCGGGTTTCGCGACCCACGCCTGCAGCGCAACACGGGCATCTACCTTCTTTCGGACTTCGCCGTTTCCCGGAAGCGCCGTCTCTCCAAGCTCGTGTGCATGCTGGCATCGGGCCAGGAGTCCGTCGACGTCTACGACCGCCGACGCCTGCAGCGCACGGTGGCGCTGGTCACGACGGCGTTCACGGAAAGGCCCGTGAGCATGAAGTACCGCGGCGTGTTCGACCTTTTGACCCGCCGCCCTGGGGTTCTCAACTACATCTCCGAGGTGCGCCGTGCCGACAACCAAGCCATCTACCGCGAGTGGTGGCGACGATACGCTCTCCACCCGGATCGTCCGGCGACCGGTTCGCTCGCTGCGGAAAGCTGAGGTCAACGCGCGGTACATGACCGCGGCCCAGTTCCAGCTGCTCGTCGACAACGTGCGGCGCGATGGTGGGCTCACGAGCCTGCCTCTGGTCCACGGTGACGAGATCCTCAGCGGCAACCACCGCGTGGCCGCGGCGGAGAAGGCGGGACTCGAGGAAATCGACGTCCTGGAGGTGCTCGGCCCGCTCGATGAGGCGCGGCGCACGGCCATTCAGCTGTCGCACAACGCCATCGTGGGGCAGGACGATCTGTCCATCCTGGTCCAGCAGTACAAGTCCCTCGACTTCGACAACAAGCTCTACTCGGGCCTCAACGACGATGTCCTGAAGCAATTCGATGACTTGAAGGTTGCGTCGCTGGCCACAGGGCAGACGGCCTATCAAGACATTGTCCTGACGTTTCTTCCCGAGGACGCCGCGCAGTTTCTCGCCATGCTCGAGCGGCTCGGCAAGCACGCGAAGAAGAACACCGTCCTGGTCAATGCGCTCTCGTCGTTCGACGCGGTGTTCGACGCCGTGGTGCGCGTGAAGAAAGATCTCAACATCGTGAACACGGCCCTCGCCGTCCGCGCGATGGCCGAACTTGCGCTCGAGCGCCTAGGTCAGCTCGAGAAGCAGCATCAGCAAGAGCAACCGGAAGGGGCGGCCCATGAATCCGAGTCTCAAGGTGACGGTGGCCGAGGAAGTCCTTGATGAGTTTGGGGTCATTGGCCACGAGCTCCGACTCGCCATCGCGCGATGGAAGGACGTCTGCCGCGAACTCTGGTCTTGGGCCCCCACAGAGCGACGCACCCGGTTGATCGAGGAGCGCGAGCGGCTCGTTTTCCGAATCAGCAGGATGGTCGAGTGCTACCGCAGGTGCGCCGTCGACATCAGGCGCGATCTCCGCGGCCACATCGCGAACGACGTGTGGAATCGAACCGACGAGGCCTTCGCCGTACCCAACAAGGACTACTTCCTGGCCACGGTCATCCGCATGCGCGGAGACGATACGGGCGAAGGGACGCCGGCGCTGCACGAGTGGCGCATGTTCATGTACGGGCCGGCGCGCCGGGTGGCGGATGGCGGCTAGACGGGGCGGGCCCGAACGCTTTCGCGTCGAGCAGGTCGCGGAGGCACTGCGCATGTCCGCCGGTATCTTCACGGCCGCCGCCAACAAGCTCGGATGCGCCCCCAACACCATCAAGAACTATGTGCAGCGCCACCCGTCCCTGCAGGCCGTGTGCGACGAGGCGCAGTTCAAGACGCTGGACCTCGCCGAGTCGAAGCTGCTCGCCGCGATCGGGGAGGGGAACCTCACAGCGGTGATCTTCTATCTGAAGTGCCGAGGCAAGGCGCGAGGCTACGTTGAGCGTGCGGAGATCTCGGGTCCCGATGGAGGCGCCGTGCCGGTGCTCGATGTGACGCGCCTGACCGATGAGCAGCTCGAGAGACTCGCAGCGGGGGAAGACCCCGCTCGCGTTGTCGGCGGAGGCGGAACTTGAACGACGAAGCCGGGCACGTGCCCAGCTCCCGCTGCTCGAATTCGTCCCCGCACTCACCCCGCGTTGGTCATCGCCCGCGCATCTCGGGCCGATCTGCGAGTTCTTCGAGCGCATCGAGCATGAGCCTGTCCGCGCGCTCTTCAGCGTACCGCCGCAGCACGGAAAGACCGAGGCGCTTCTCCATGGTGCGGCCCGATACCTTCGCCGTCACGGCGCGAACACCGTGGCGTATGCGAGTTACGCGGCAAGGTTCGCGCACTCGAAGAGCCGCCTGGCGCGTGACTACGCGCGCCAGGCCGGCGTGCGGCTTCGGACGGACACGCAGGCCGTCGACGAATGGCGAACCACCGAGGGCGGCGGCTTTCTGGCCGCCGGCATCGACGGGCCGCTCACGGGCTACGGCGCGCAGCTCATCATCGTCGACGATCCGCACAAAAACCGTGCGGAGGCCGAGAGTGAGGTCCTTCGAGACGGCGTTCAGAGCTGGTTCCGATCGACGGCGCTGTCCCGGTTGCATCCCGGCGGCTCCGTCATCATCGTGCACACGCGGTGGGTGGAGGACGACCTTATTGGTCGCCTGTCGGCGGAGGCGCGTGCCGA
NZ_CP089982.1_gap132	5316260	5318839	2579	TCTGCTACTTCGAGCTTGGCCAGCACGTCGAGGCGCTCCAGGCGTGGGAACAAGGAAGCGCTGTCGCGCGAACGTTCGAAGCCTACGAACACTTGCACCGTCTCCTCGTGCGTCAACGCGACGCATGCGGCGCCCTGCGCGCCGCCGAACGGTACGAAGCCGTGAGCGCTGAGTTGCACCAACTTGATGCCCATCTCGCGAAGGCGCGGAGGGCATCATGAGCTGGCAGTCCTTCACCGAATCGGCGATGCCCGCGCTCACCCAAAACGTGGAAAGCGCGATCGCACCGTTCAAGTTGGCCAGTCCGTCGCCGGCGGCAGGCGGAGCTGCCGGCGCGGGTGGTGGTGGTGCTGGCGGTGGCGGAGGAGGGGCTGGTAGTGGCGCAGGGGGAGGGGGTGGTGCCGGCTCCGGAGGCGGCGAGCAGACGCCGCCGCGACCCCCGAATGCACTGCGCAAGGCGCAGGATGTGGCGGGGGCAGCCATGGGGCTTCTGAGCCTCCCCATCGAAATGATCAACACGGGCGTGGCGATGGCCACGGCCCAAGTGGCGGCTCTTTTCCCTCATCTCCCCGCAGCCACTATGGGCTCGATGTACGTCGCGCCTCCTCACGGCCATACGCACCCACCGAGCTTTACACCGCCGGCGACGCCGGCGCCGGTGCCTCTCCCCAGCTTTGGGGTCGTCCTCTTGGGATGCACGATCAAGGTGCTCATCAACTACATCCCGGCGGCCCGGGCAGGGGACATTGGCCTTGCTCTGACGTGCGTGGGGCTCCTACCCATGTTCGAAATAAAGACCGGCTCCTCGCAAGTCTTCATCGGAGGTATGCGCGCGGCGCGCATGCTGGATTTCGCGCAGGCGTGTTTCCCATCGGAGGGCGGCCCGGTACGCGCGGCGTTGAAGGGTATGCTCAGCGTCGGTACCGCCGTGGGGGTCCTCGGCATCGCCGCCGATATCGCGGACGCCAAGGAAGAACCCGATCCCGAGATGCAGAAGGCCGACGCGATCGCGGCTGCCATTGACGCTGCTGCAATGGCCGTCGATACCGCAGCCATGGCGATCAGCGCATCGATGGGCAGCGACATGGCAGTGCCGCCGACGCGCGGCGTCCTACTCACGGGTGCTCCGAACGTGCTTATCGGCGGATTCCCCATGCCCAACATCCCCGACCCTATGCAGAAATTGATTCGAAAGATTAAGGGCAAGTTCAAAAAGAAGACAGGCGAGGAGGGCGGGGGAGCCGACATGCCGGGTGGATGCCGCTGCAGGGCTGGATGACGATGACCTGTCGCTTTCGCGAGGACGCGCTTCGCTACGTCGGCGATCCGGTCGACGTCATTACCGGTGCTCTCATCGACGCCACTTACGATTTTCGGCTCGAGGTGCCGTTCCCGTTCGAGTTCGTCCGGCACTACAACAGCAACAATTGCGAGGAGAACCGGGGCCTCGGCTGGGGACATCGACACGACTTCGACCACGAGCTCCAATTCACCTACGACAACACCGTCGGGTACGTCGGCCCCGACGGTACGCGCATCTCGTTTCGTTTCCCACAGGAGGACGGAGCCCGAACGACGCACGCTGGCTATCAACTCGAACGTGTCCGGCTGAACGCCTACAACGTACACCTTCCGGACGAACGCATTCTCGAGTTCGAAATGTGGCGCGCGGACTGCCCCGCGCGCCTGGTAGCGATGGCGAATTCGGCCGGCAAGACGCACATCTACTACGACGGGACGACGGCACTGATTTCGTCGTTCTCGGACTCTCTCGGACGAACGATCCGAGTTGATTGGGTCCAGGTGCCGGACCCATTTCGCCCGGGTGTGACGCGCGCACAGATGGCTGCGTTCGTTCTGTTGCACACTTCACAGCCATCGGGGCCCAGCGAAGAAGTACTCCTCTGGTACAAGTACGACCCCAATGGGCACCTCGTTGGGGGAGCCGACCGATATCGTGGGTCGTTTGCCTTCGAGTACGACGCCACGGGGCGAATGTCGAAACTCGTCGACCGTCGCGGCTACGCATTCCATTACGCGTACGACAATCGAGGACGGTGCATCTACTCCGGCGCGGAGGACCAGGTTGAAGAGGTCCGGCTCCAGTACCTGGATGGCGCCACGGTCGTCTTTCTCGCCGACGGTGGTCAGTGGCTATACGAGCACCACGATGGCTATCTGGCCCGAATGGTGGATCCATACGGCGGCGAATATCGCCGTGAACTCGATGACGCTGGCAAACTTGCAGCGGAGACCGACGCGTCCGGCCGACGCTTCGAAATAGTCCGGGATGCAACAGGGAAAGCGATTGGTCGCGCCGATTCCGCCGGACACATCTGGCCGCTCGACAGCTGGCCAGGGCCCCCCGCGCACTACGTCGCGGCGACCGCTAGAGAATGGGAATACGGTTCGCTCCTGTCTGGCAACCACGGACTTCCCATCCGGCGACATCTCGAGCTTGATCTCTTGCCGGCGTTCATTATCGACGCCCTCACTCCCCCCGCGACCGGCAAATTCTCGGTGGACTTTGCCGAAAGGTGGCAAGAAACGACGGTCCACGATCCGCAAGGCCTTCGCCT
NZ_CP089982.1_gap133	5322188	5323289	1101	GGTGAAGGAGTGTCAAGCAACGCTCGAAGATCTGAACGATTACTATTCCGAAAAGGAAATTAGCATTTTGCAGCAAGCGGTATCGGCGGTCCTCTTCCTACTGCGCTCCCTCACAACGGATGAAGAATCTTCGATTCAGGCCATCGAAGGCGCGATCTGGGTCGGGCAAGGCGTAGCGCAGGCAGCAGAAGATATGGCCAACGAGTTCGAACATTCGCCACCTCCCGAGGTCGCGGTTGACGAGGAAAAGGCGTGGCAGCAGCGCGCTCTGAATCTGGCCGAGACGTGGGAGGGTCCTCCCCACCGTCGAATGTTCGAGCCCCTGAGCCCCAAGCCTCCCACGTGGCTATCGGATTGGCTAACTCGAACGGCGGATAGTCGCGGGACGATCGAGTAGTAAATCGCGCGCAACGCGCCCGCGTCGGCCGGAGCCGAAAGCCGATGGCGTTGACGTGCCGCCGATGAAATTCGGCCTGAAGCACAACGCTGGCAGCGAGCTCTAAGGAGCAGGCGTTCCAACACCGTGGTCACCGGCTCCTTGCGGGGCGACGACGGTGGATGGGGCCAGCGAGCTTGGGCTCCCCGGCAAGATCTGACGAGTGCAACAGGCGACGCCGATCATAACGAAAGATCATGCCGCCGTGACCCCGTGATTACCCGGAAAAAGTTGCAACACTCCGATCACCAGGGGCGAAATTGTTGTCGGAATCTCCAGGCCGGCATTGTCATCGCCTCCCGCGCGGCGTTTGCAATATCGGGGTAGGGGAGCTGACCGATGTGCGAAAGAATCGGCTGCACCTCAGGCCACCTGGCGTGCTCGCACAGTCCGTAGATGATGGGCCAAAGATCGTCCTCTCCGCGCGCCTGCGCGAGACACTGCCCATAGTAGGCGGCCGCCTCTTTCGGCTGCATGAGGGCTCCCATGGATCCGAGAGCTCTACGCCGCACTTTGGGTGACGGATCATGTTGGGCCATGTATTGGACGACCGGCAGCAGCTGCGGCGTGTCGCTCATGTCGGCAAATTCTTCGGCGAGCGCATCGCGCACCGATTCCTCAGGATCCTGTGCGAGACGCTGGACGATGGCAGCCGTGCGCTGTAC
NZ_CP089982.1_gap134	5338403	5341287	2884	CGAATGACCGAGGGACAACTTCCCGCGAGCGCTTGGTCGACGCTGGGGCCGACCGATTACGAGCGTGTCGACGAGTTCCTCCGCCGCCTGGCAGGTCGCCCCGACGTCGAGGAGGATTCATGCATGACAACGTAACGCCCATTGAGGCTGCCAAGCGCAAGAGGGGCCGGCCGAAGAAATCGGCCGTAGCGAAGTCCGATCCCACCACGAGCTCACCGTCACGCCCCAGCCGCTGGACGGAATCACTCGCCGTGCGGTTGACGGAAGAAGAGAGGACGGAGAAGTCTACGCGGCTCGCCCAGACCGTGAGCCGCATTGAAGACCTCGAGCTCGAGCGCAGGGAGTGGATGGCATCCCAACGGACGGTCATTCGGGAGGCGCGGAGCGATCTACGTGCGCTCGCGCGCGCTGTGCGCCTGGGCGAGGAGACCCGGGACGTCGAGGTGGCGGAGCGCCCGGAGTTCAGCGCCAACGTGGTGCGGATCGTGCGCGTCGACACCGGTGAGTGCATTCGGACGAGGCCGATGGATCCCGGCGAGCGGCAGGTGCAGCTTGCTCTCGGAGCTCCCGTTCGGACGCCACTGGAGACGCCGCACGACGCCGAAGGCGACCGGGAAGGCACCACGGAGCCTGCCGAGCGATCCGACATCGCATCGACACTGATCCGCTTCGACTTGTCCTCGGCTTCGCCAAAAGACAAGGGCGACGTGAGCGCGGAAATCGAGGATCCCCAGGCCGTTCTCGATGCGGCCGATCAGGGATTGAAGCCGGAGATCTGATCCAACGAATGGTCCACACCGATGAAGCTCGCGGCGCGGGCTTGGGAAGCACGGGAGTCACCGATGAGTCGTAGTACAAAGAGCAAAGTCGCCCCTCTCGCCGACTACCACCTCGTCAAGGACGCGGTGGGAAACGTCACCCTGCAGCCGCCGACGGACGAACAACAGCGCGCGGCCGCGTTCCGGCGCGAGCTCGAGACGTGGATCGAGCTCGCCAAGGACGCGCCGGACCCGATCCGTGAATGGTTCAACGTCGGCCCCATCGAGGCGCAGGTCCTCTTGTCGTTCTCGAAAGGGAATCGCAAAGAACCGAGGTCGGTCGTCGCCATGTATGGGCGGGACAGCCTCGCGGCTTGGCGACAAACGCACCAAGGCATGGCGTTCGCGCGATCCGGGTGGCTGGGGGATGGGCATCATCGATGCTACGGCCTCATCGAAAGCGGGGCAGTGATTCGTGTCGCTATCGACTTCGGCGTGGACGATGCGGCCTTCGATGCGGTGGACATGGGGCGGAGCCGCACGCTCGCGGACCAGCTTTCGCTCGTGCACGGCATCAAGTGCACGTCGAAGTTCGTGGCCGCCGTGCGGATGTGCATGGCGCTCGCCGAAGAGAAGCTCTTCGTTCCGAAGTGGTCACTCCCCGAGGTGCGCGCAGGATACGAGCGCCACAAGTCATCCATCGAAGCTCTCAAGGGACTCTCCCGCGCCAAGTACCCGGCCGCCTTCTGGGGCGCCATGGTGTTCGCTCATCCGAGGGCTACGCACAAGATCGAGAGCATGACCCATTTGATCCTCCGGGGCGAAGGGCTGGTTGGTCCCGCGTACACCTTGCGCGAGTACGTGGCGCACGCCGACGGCCGAAGGCGGCCGTTCGAAGTGGCCGTCCGGACGCTCTACGCCGCGCGAGCCTTCATCGAGGAAAGACCGCTGGCGAGGTTCAGTCCTCGTGATGAGCACGCCATCATCCGTTGGTTTCTTTCGGAGAAGGCGGCATGATCGACCTCTATGCGCTGCCGTTGCATCCGGCCGCAAGCATCTTCCCAATGCTCTTTGGAAAGGAGCTCGAGGAACTCGCGCACGACATCCAAGCCAACGGATTGCGAGATCCCGTCGTCGTGCAAGAGCAGGCCGGAAAGAGAAGCATCCTCGACGGGCGTAGCCGCCTCGCGGCGTGCAAGAAGGCCGGAGTCGAACCGAGGTTTATCATCGTTACGAGTAGCGACCCGATCGGGTACGCGACGTCCGCGAATCTCCATCGAAGGCATCTGAACGAAACCCAGCGGAGCTTCCTGGCCCTCGAGATTGAGAGGCTCTATGGGTTGGAGGAAAGGCGACGCGGACGACCAAAGAAGGCCGCGAGGAAAAATCCCCACGCGCGAGGGGAAATTCCGTCCGAGCAGGGTCAGGCGGGCGACTTGCAAAATCCCCTCACGCGAGGGGAAATCTCTTCGCGGGATCGTCACGCGAGAGAATCCAGTGCGAGGGCGGGCGCACACGTTGGAGTCTCGCGCGCGCTGGTGGAGCGTGCGAAGAAGGTCCAGGCCGGGGCCGCGCCGGCGGTCGTCGCGGCTGCACGCGCGGGCAGAATCACCGTCAACGACGCCCTCCGGGCGCTGCACTATCCAGAAGAACGCCAAGTCGAGGCAGTCGCTCGGGTTGAAGGGGGTGAAGTTCGAACGCTGAAGGAGGCGTTCTGCGCGACCGACGGAGGCTCGTTCGTCCATTCGGGGCCCCCCGCGTCGAACGGGGCCGTAGCGAAAACGCGTGAGCACTTTCCGCCTCAAGATCACGAGCGTGACGCGGTACCCGTGGGGCCGGCTCTCGCGCGAGTTCCCACTCGCTATCTGCCCTCGCCGCCGGCGGACGACGTCAGGGAAGACCGGCAGCTTCTTGAAGAGATTTGGAAACGCGCGAACCGCCTCTCTCGCGTGGCCAAGATCATGTTGCACCGCGATCTCGGCCGGCACCTGGCCGACCTCGAGGCGAGCAACACCCCGACGACCTCCCCACGGCCCCTCGCGGGATCCCGCGCGCCGGGCGGGGCTACTCCCGCAACCTTGGAGAGAACCGCATGACGCGCCGGCCTCGCGTGTACGTCGCCGCGC
NZ_CP089982.1_gap135	5383563	5386774	3211	TCGCGGCGGGCGAGACCTTGCTCGATCCCGCGGGGCACGAAGTGCAGGTGACCAAGGTCGTGCGCATCGCGCAGGAGGCCGAGGTTTACAACTTCGAGGTCGACGTCGACCACACGTACTTCGTGGGCAGCCATACGAAGGTGCTCGTCCACAATGCGTGCGGCGATCCCGACTTCAAGGATTACCCGCGTCCCACCGGCACCACGGGAACCGATGCCGTCAAAGCAGAGAGCGATGCCGTGAAGGCTGCGCAGAAGGCCGCGGCCGACGCGAAGAAGGCGGCGGACAAAGCCAAGGCCGAGCAAAACAAGGCGGACCGCATGGACGCCAGCGTGGCGGCGGGCGCCAAGATTCCCCCGGAAAGGGTCCAGAAGGTCAAGGACGACGCGGCCGCGGCGCAGACGACGGCGGACAAGGCGAAGCAGGATGCGGAGGACGCGAAGAAGCACGCGGAGAGTTTGGCCCCCGCCGCGGAGAACCAGCATATCCACGATACGCTCGACAAAATTCCCGGGAAGGGCTCGACGGATTGGGGAGCCAATGCGCCGCCCGGCAAGATGGGGGACAACTGGGGCGTGCAGTACGGCAACAACGGCGGAGACCTTCCGCCCCCGGCGAAGGCCGACCCAAGTCCGTACCGCGAGTACCGCGTCGATCCGGGCGGGACGGCCATCGACGGAAAAGCCGGCAATCGGCGCATCGTCATCGACACGCGCAATGGCGATGCGTACTACACGTGGACGCACTACGGCTCGCACGGCGATCCGGCGTTCGTGAAGATCCGCAACGGGTGGCCGTGAAACTCGATCTCAAGGTGAGCGGGGTCGTGCACGTGCCGGACTTGGACCTGGACGCGGTGCGCGCAGCCGCCAAGGTGCACGGTGCCATCGTCTACGCGTTGCCGGATACGGGCATCACCGATCGGGAATCGTTCTTCGGGTGGTTTCGCGCGAACGTGCCGCAGGATCCGCCGCTGGTGAGCGCGCGGAGTTGGGACGCCTTCCGCGACTCCATCCGCAGCGGTCTGCTCGACGAAAAACCGCGCCGCTTCGTCATCGTGTGGCCCAACTCCGCCGCGATGGGCCCTGCGGAGGAGCGCCAGAACGCGCTCGACGTCCTCGCCCAAATCGTGAGCGATCTGGCCGACACGCGCGCAACCCGCGGCCGCACGAAGCACGTTAGCGTTCTCGTCGGGTAAAGCGCCCGGCGATGGGCGATGCGATCGGTCGAATGCGCGACTCGCACGCGCGTTCGACCGATTTTGTCATTCCATCATCGAAAGATTGAACGGAGTGACCGAAGGGGGGCACTGCCTTCGCTGAGGGCCTTTCGGCCGCGGATTCGGGTCGAAAAATCTTTGCAATTATTAATGGCGATGATCGCAACTTCTAGTTGCGGTCCGTATGGCCCGCCTCTAACAAAATCGCAATGCAACTGCGCCTCACAGCCGCTTTTCTTTTGCCGCTTGTCTTCACCGCATCCAAGCCCGCGAAAGCACAGATGGCCGACTCGCTCGCGTCCGTCAGCTACGAGCACTACCCGAACGTGGACTCGCCCAGGGACTCGGGCTCGACGATCGGTCTCGAGGTCTTTCGCTTTCGAGCCGGACTTCCCATCCCGCTCACCGAATCGAAAAAAACGATTCTCCTTCCCGGCCTTTCGTACGAACTGCTCGGTTTTCACGGGGAAGGGGCCAACAAGCCGAACATCGGCACCTTGCATGCACCTTCCGCCTCGCTCGGACTCCTGCAGGTCTTCGGCGATCGGTTCATCGGCATGGCCATGGTGGGCGCCGGCTTTGCCTCGGACTTTCGCGACCCCGTTTCGGCCGACGATCTTCTCTTCACCGTCACCGGGATGTTTCTCTACAAGTTCGACAAGAATTTTACCCTCGGCGCGGGCGTCACCTACGACCGCCGCTCCGGCAATTTGCTGCCGCTGCCCGCCATCGGCGTCAATTGGCAGATCAACAACGAGTTTCGCATCCGCGGCTTCATCCCGGCGAGGCTCGACGTGGAGTACCGCGCGCTGCCATGGCTCACGGTGGGCTTGCGCGGCACCTTCGAAGGCAATCGCTTCCATCTCAGTGAGAAGCAGTATGGCGCCTCGGATCTCCAGCTCGCGTACTCGATCATCACCGTCGGGCCCAAGGTCACCTTCCGCCTCGCGGACATGATGCATCTCGATGTGTACTCGTCCGTTGCCGTCATGCGCCGCTACGAAGCTTTGCGGGATGGCGACTCGCTGGGCAGCGCCTACCTGCATCCCACGGTGCTCAGCGGGATTCGGCTTTGGTTCGGTCCCTCGGGTTGGCGCACCGACCAAGACCCCGCGCCCATCCCCCCCAAGGAGGGAGAATCGAAGTAAGTCGTTGGACGACTACCGATTCGCGGTTCGACGGCGTGGCCTCGCGCTACCGGCGCGTTTCTCTGGCGGAAGGAGGCCCGTAAGCAGGGCGTCCACGAGCCGCACGATGTCATCGCGCGCCGGCGCTTCCCGTTTGGCGAGGCTCCTGAACATGAGGGTGCCCCGCACGGCTTCGCGGAAGGTCACCCAATCGAAGGTCCTCGGGATGTCGCCCCGAGCGATGGCGCGGTTCACGATGGCGTCGATGCCGCGGGTCTCTTCGTAGGCCATCCATGCGGCGCGCACGCTCGGGAACACGGGGGTCCTCTCGCGATCGTCGAGCAGCGCGACCCGCAGCATCGCCTTGCCGCCCACGGTGTCGACGAAGCGGGCCATCCCACTGAGCCACTCGATGACATCGGCCCGGAACGAGCCCGCGTTGGGCAGGGGGCCAAACTGCGCGGGCAGCGATGCGAGCGCTGCGGCCACCAAGGCGTCTTTGGTGGGCCAGCGCCGGTACACGGTGGTCTTGTTCACGCCCGCGCGCGTGGCCACCTCTTCGATGCCGAGCCCCGCGTACCCCACGCGCACGACTTCCTCGAGGGTCGCCTGAAAGATAGCCTCCACCACCGGGGCGCCGCGCAGGGCAGCGGCCTTCGCCTTCTTCGTCATTCGGAAGCTCTCGTTCCCCGTCTTCGCATGGATTTTCGCCCGCCGGAAGCCTCCAGCGCCCGCAGCTCGTCACGCAGCCGATCGCACCATGCGAGCTCGTTTTGCCAGAGACTTTCCAGGTGCCCGAACGTGGAGGCAAAGAGCACCCTCTGCGGCGCATCGATGGCGTACTGCTCGGCGTTGCGCGCGAGCT
NZ_CP089982.1_gap136	5394798	5395502	704	CCATCGACGACAGGTATGTTGCGGCGCGCCAGATCGGCCCGGATATCGGGTGGAATGTCGTGACCATCGGCGAAGAGCGTCAACGTGTCGGTCCAATCGTGGTACAGCCTGATATAATTGTGCGACTGCGGGCCGGACCAGATAAGGCCCCAATGCTGGCCGGCGACTTCAAAGCCATCGCAATAGGGACAGGGCACGATGGACGTGCCCCAGCTTTCGGCAAAGCCCGGAACATCAGGCATCTGGTCGGCGACGCCATAGCTCAGGATCAGGCGGCGCGCGCCAAGGCTTTCGCCATCGGCAGTGAGGACGGAGAAATCGTCGATAGCCCCGGAGACGCGGTCGGCCCGGGCACTGACCAGCCTGATCGTGGGATAACGCGCCAGCTGCTGCCGTGCCTCGGCCAGGATGTCCAGCGGTGGCTTGTGATCGTGACCGAGCAGGCCATGCGAGTGGCCCGCAAAGCGATTGCGCGGCAGGCCGGTATCGAGAACGGTGACCTTGCGGCGGGCACGGCCTAGCTGCAGGGCGCCGGCGAGACCGGCAAAGCTGCCGCCGATGATGATGACGTCATCCAAGGTGATAAGCTCCGTGTTGTGGATGGAGGGGGTTGGGCTGGGCCTGGCGCGAAATATCGTCCAAGCGATACGCGCCGGAGACGAGCAGCCAGCAGGGCTTCGGCATCGACGAGAAAGTCGCCCATC
NZ_CP089982.1_gap137	5398469	5400321	1852	TTCAATTGGTTGCGTAAAATTTGTTCGTGGCTCACCGCTTGCTGAAAGGGTGGGCCATGAGGAAGACCCATTCGCTTTTTTGGACGGCTTGTTTCGCAGCAGCCGGCTCGCTGACCATCGGCGGTTGCGGAAGTAGCTCGGGGGGCCAGGCGGAGGAGGAGACGGGCGAGATCAACGCCTCCCTTCACCGCGCGCAGGGATGCGGCGATCTCCTCGACGACTTGAAACGCGACACGCGCCTGAAGATGGAGAAATCCATCGACCAGCAGATTGCATCGCTCCAGCGCTGCTTGCTCACGGACTGCAACGGCTCCGGCGGCGTGGGCATGGACTCGGGCTCGAACGGTGCCCCGACGGACGCCGGCGGCGCCGGGGGAGGCCGCGGCGGTGAATCGGCCAAGTCCTACTCGCAGACGAACACGCAGGTGAAGGGCGTCGACGAAGCGGACTTCGTCAAGAACGATGGCAAGTACATCTACATCCTTCACGGGCGCGCCTTCAAAGTGCTGAATGCGTGGCCTTCCAAGGAATTGAAGGAGTCCTCCACGTTCGACATCGAAGGCAACCCGTCCGAGATGTTCGTGGCCGACGGCAAGGTGGTGATTTACTCGTACGTGAACGGCGTCGATGTGTTCACCGCCGCCGGCGTGTCGCCGAAGAATCGCATGCCCAACTACTATGGCTACGGCTTCGCCGGCGATGGGCGCGCAACGGACGTGGCCGGGGCTCCTGCGCAGGGCGGAGGCTCCAGCACGCCCTACGTGCCGCTCACCAAGATGACGGTGCTCGCCCTCGAGGGGACGACGCCCAAGGTGGCACGCGAGGTCTACTTCGAGGGAAGCTACCTCGATGCACGCCGCGTGGGCCCGCACGTGCGCACCGTGCTGCAGGGGTACGCGTATGGCCCGCGACTCAAATACAGCTATTACGATTTGGTTCCGCCGACGGCGCAAGGCCAAAGCAATTATCCGAAGACGATCCCCGAGCAAATTGCGGTGCTCCAGCAGATTCGCGCGGACAACGAGGCCATCATCGATGCGAGCACCTTGGCGGATTATTTGCCGTACACCTTCGTGAAGAGCGCCGAGGGGACGAAGGCGCAAAGCGTGGCGTGCGAGGACTTCTACGTGCCCACCGTGGGAAGCACGGAAAGCGGCGTTTCCGAGGTGGTTTCCCTCGATTTGAACGATCCCCATGCGGTCCCCAAAGAGACCGCGATCCTCGGCCGCGCCGATACGGTTTACGGCGGGACCGATACGTTGTACCTCGCTGCGCGCGCGTGGAGCTGGCCTTCCTTCGCGTGGCGATCGGGGAGTGTGCCGTGGGGCGAGCAGCCCGCGCTGCCGGTGAGGGCCATTTCGTCGGCGCGCACGCACATTCACAAATTCGAATTCAAGACGGATGCGAAGTTCCCAAATTACCAAGCATCCGGCACGGTCAAAGGAGCCATCAAGGATCAGTTCTCGCTCGATGACCAAGATGGCTACCTGCGCGTCGCCACGACGGAGTCGCGCACGTACATCGATGGGAAGGGCCGGTATTTCTGGCCCAGGGCCACCCTCGATGCGAACGGCGAGCCCACACCCGATTCGCAGACCAACCAATGGCCCACCGCGATGAATCAGCTCGCCGTGCTCCAGCAAAAGGACGGGCTTCTTCTGCCAGCGGGCAAGGTGGAAAACCTGGCCCCGAACGAGTCGATCTACAGCGTGCGCTTCGTCGGCTCGCGCGGGTACGTGGTGACGTTTCGCCGCGTCGATCCGCTGTTCGTGTTCGACTTGTCGTCGCCGCAGAATCCCAAGGTGCTGGCTGCGCTCAAGATTCCGGGCTTCAGCGAGTACATGCACCCCAT
NZ_CP089982.1_gap138	5404692	5406535	1843	CGCGCTCACGCCGCACAACTTGTTGCTCACGCCCAAAGGGTCCGTCCGCCTTTGTGACTTTGCGATGACCCCATCGGTGGGCATCGATCGCCCATCGAACCGCGCGAGCCACGCCGAGGTCCGCGATCGCGTGTCCGAAATGCGCGCGGGCCCGTACACCGCGCCCGAGCGGACGAGCTGGACCGGCGGACGCGCCACCGAGGCAGGCGACGTGTGGTCCGTCGGCGCATGCATGTACTTTGCACTTTGCAAGCGATCGCCCAAGGGCGAGCGGACGTCGCAGAACCTACTGAACGAGCTGCCGCACATCTCCAAAGCGACGCTTGCCATTTTGAACCACGCGCTCAACCCCAATCCGGACGATCGCTACGAGAGCGCCTACGCGATGCTCGGTGACGTGCGCCGCGCCATGCAGGGGCGCCGGCCGAAGCTCTCGTTTGCCGAAAAGCCCATCCCGTCCGGCGGCTACCGCGCCCTGTCGGTGGTCACGGGCGAGCACGTGGGCGCGGCGCTGACGCGCATCGGCCGCCCATCGATGACCGACCTCGACGTCCGCGCCCAATGGCGCGGCAACGCCGCCCTGATTCTCGCCATCGTCGCCCTCGTCGGCGTCGCCACCGCGGTGATGGTCCACGAAAAACTCACCGACCCCCCCTCGGACCCTGCGTCGAGCGAGTCGAGGTAGCTCCCAGAAGAAGATTCACAGGGAGGCGGGGAGGCGGGGAGGACTGACGGCAAGGGCGGCACAGAAGGCTTTTTTGGGGTTTCCAGTTGGCCCATTGGCCCGATCGGGAACCAAAAAAACTCCCCGCCTCCCCGCCTCCCTGTTCAATCCTCTCGAGCCGTTAGCCCTCGCCGCGCTTGATGGAGAAGGCGCGGATTTTTTTGTGGAGGTTCGTGCGCTCGACGCCGAGGATGACCGCGGTGCGTGAGATGTTCCAGCCGGTGAGCTTCAAGGTGTCGACGATGTACTTGCGCTCGGAGAACTCGCGGAATTCGCGCAAGGTCATGTAGGTACCTGGGGCGGGGGGGCTCGAGAGGGTGCCTTCGTCGTGGTCGCCGTCGGGCGGGGAGGGGAGGATCGACGGGCTCTCCGTGCCCGGTGCATCGCGCTCGTCCTCCTCGCCGAAGGGGCTCTCGTGCGGGTCCTCGGGTAGATCGGCGATGGTGACGCGGTCGCCGGACAGAATGGCCATGCGCTCGACCACGTTTTTCAGCTCGCGCACGTTGCCGGGCCACTTGCGTGCGATGAGCGCCTTCACCACCTCGGGGTCGATCGGCTTTTTCTTCGTGCCGTTCTCCCGCGCGAAGGCCTCCATGAACGCCTCGGCCAAGAGCGGAATGTCCTCCACGCGCTCGCGCAGCGCCGGGCTGCGGATGGGGAACACGTTGAGTCGGAAGAAGAGGTCCTCGCGGAAGGTCTGACGCTCGACCGCCTTGGAGAGATCCTTGTTCGTCGCCGCGAGAACGCGCACGTCGACGTGCATCACGTGCTCGCTGCCCACGCGGGAGATTTCACCCGACTGCAGCGCGCGGAGCACCTTGGCCTGCGCGACCAGGTCCATGTCGCCAATTTCGTCGAGGAACAAGGTCCCGCCGTGCGCCTGCTCGAAGAAGCCGCGCTTGCGCGCCTGGGCGCCGGTGAAGGCGCCGCGCTCGTGGCCGAATAGCTCGCTCTCGATGAGTTCGCGCGGGATGGCCGCGCAATTCACCTTCACGAACGGCCCGTCGGTGCGGGGGCTGAGTCGGTGGATGGCGCGGGAGATGAGCTCTTTGCCCGTCCCGCTTTCGCCCGTGATGAGCACGCTCGCCTTGGTCGGCGCCACCTTCTCGATGTCGTGGA
NZ_CP089982.1_gap139	5418590	5422135	3545	CGCAGAAAGTCCGCCTGGTCCTTGGGTGCACCGTACCGATTGGCGAGCGCGGTGGAGAACACGGCCAGCTTGGAGAACACTTCCTTCTTGGCCAGGTGGTAATGCGCCTGATTCGGCTTGCTCCAGAGGTCCTCGATTTCCGTCGGCGTGAGGAATCGCCGTAGGCTATCCAGCTCGGGAATCGTGGGCCCGGAGCCCACCTCGGATGCGAATCCGTAGGCGCCACCCAGCTTGTCCTCGTACCAGTAATGCGGCGGGATCCACCAGTACGGGCCATCCATTTTCATGCCCGAAGCCCCGAGCTGCGGCGTGGATTTCGCGGCCGCCGACGGGATGATCGGTGCCTGGAAATCGGCCGCGCGCAAGGCATCGATGTACGTCTGCTCGACGCGTGCGGTGGCGGCGTTGTCGCTGCCGATGAAGAAGCCGAGCACGCTCGGGTGGTTGACCATACGTTGCGCCTCGGCCAACGTCGATGCACCGGCCACGCGGTAATCCTGCTCGCTCCACGTGCTGTACTTTTCCCACTTGGTACAGCACTCCCAGCCCGGCAAAAGCATGATGCCCAGGCGGTCTGCGAGCTCGAGGAGCTCGTGGTCTTCTTCTTTGCCCTCCATGCGGATCGTGTTCAGCCCGAGATCGCGCGCGTAACGGAGTTCGTCGGCGAGCCGTTCGGGCTGCGGGCGCAGGAACAGATCGGACGCCCATCCGCCGCCGCGCACGCCAAAGGGTTTGCCATTGACCAGGAAGCGCCGGTAGCCCTGGGGGGTCAGCTCCGAGCGAACATCGCGGATGCCGAACTGCGTCGTGGCACGGTCGGAGCCGTACGAGGTGTCCGCGGAGACGGTCATCGCGAGCTCGTAGAGCGGTTGGTCGCCGAACTGCGCCGGCCACCAGATGCGCGGGTGCTCCAGCCGCAAGCCGGCATGGGTTTCCGGTGCGAATGTGACGGTCTTCGTTTCGTGGGGACCGAGTGCGATGCGTTGCTGGATGCGGATCGGGCGGTCGGCACCGGTGATGATGGCGGCCACGGTGGTTTCGGTGGCCGTGTCGCCGTGGTTCGAGACTTCCGCCTTGATGGTCAAGCTGGCGCGGCCGAGGCCCGGGAGTTCGAGCGACGGGAGTGCGCGCGGGTTGGCGACGGACACGGGGCCGGTACGTACAAGGCTGACGTCGCGCCAGATGCCCATGTTGTTGTCCGGCGCCAGCGGGCTCCAGTCGAGAAAGCTGACCGTGAGATCGCGGAACGGGTCGGCCGGCATGGCCTTGATGGCGATGGCGTTGCGGCCGGGCCTCAGGAGATGCGTGATTTCGAACTCGTACCTGGGGTACGCGCCCGCGATGTCGTCGGTGCCTGAGGCGCCCGAGACGCCGGAGACCTTGGTGCCGTTGACCCAGAGCTCACCCCGCGAGATGACGCCGCCGGCGAAGCGCAGGAACGTGTGGCCTGCGGTGCCTGCCGGGGGCGCGACGAACTCCTTGCGGTACCACCAGGGCACCTTGAAGTCGGCCGGGTCGACCGAGTCGCGCAAGTTGGTCGAGAAGTTCGGATCCGGGTAGCGGCCGTTGGCCACGAGGCCGGCCATCACGGTGGAGCGCGCCGGCACGGTGAGCCAGGTGCGGTCGTCGAACCGGGGTGCGGAGAGCACGTCGCCATCGACGTCGAGCGACGCCGAGGATTGCATGCGCCAGTTCTGGATGACGTGGGTGCCATCGCGCAGCGTGATGATGTCCAGTGCGTCGGTCCGAGCGTCCGCTGTCTCGGCCGGCGTCCCAGACGTCGACTCACAGGCCGGCAGCGAGGCGCCGAGCACACCGAAGATCAATCCGCCCGCAATCAAGGATCGATGTCGTCGCATGAGGGCACGCTAATGCCATCATCACGACGACGACATCCGGAACGTCTCGAAACGGATCACGATGTCGCTGCGTCTTCGCGATGACATCCCACGCGGCGCACGTGGCCATGGTTCGACGTGCGCGTAACGCCGTGACGCGATCTCGGTGGCACCGGGGGCGGTGAGCGTGGGCCGTACGAACCGGCAGAAAACCCCGGGCTTTGCCCCGCTCGAATGTCGCATAAGATGCATTATGTAAACTTTTCGAAACCCCGTGGAGAAGCCCGCCGGAAGCCTGACGGAAGCCTGACAGAACCTAGCGGGAGCCGCCCGCGGAGGCCCTGGGAAGACATGTTTCGCTCTCTCGCTTTCGAGGGAGCGCCGGCATCATGACCGCCGATGAACGTGCATGATCCGATTGCGGTCGTCGGTATGGGGTGCCGGCTGCCCGGCGGTGTGTCGTCGCCCGATGCGTATTGGCGATTGCTCTGCGACGGGGTCGATGCGACCTGCGAAGTCCCGAACGGACGCTGGCCGGAACTCGAGGCCTTGTACGATCCGAACCCGGGTGCCGTCGGCAAGATCTACACGACGCGCGGAGGCTTCCTGGTGGCGGACGTCGAGGCGTTCGACGCCGGCTTCTTCGGCATCTCGCCTCGTGAGGCCATGGCCATGGACCCGCAGCAACGCTTGTTGCTCGAGGTCGCGTGGGAGGCGCTCGAGGACGCGGGCCTGCCGCCCCGAGGCCTCGCCGGCGGACGCACCGGTGTCTTCGTGGGCATCTGCGCGAGCGACTACGCCGAGACCAAGGACCCGGCCGACGTCTACTCGGGCACGGGAAACTACTTCAGCGTCGCCGCAGGCCGGATGGCGTACGTGTTCGACTTCCGGGGGCCGGCCATCGCCATCGACACCGCATGTTCGTCGTCGCTGGTGGCGGTGCATTTGGCCTGCCAGAGCCTCCGACTCGGCGAGTGCAACGTGGCGCTGGTGGGTGGCGTCAACTTGCTCCTGTCGCCGAGCAACACGACGTACTTTTGCGCACTGAAGACCATGGCCCCGGATGGGCGCTGCAAGACGTTCGACGCCGCGGCCGACGGATACGCCCGCGGCGAAGGATGCGTGGTCCTCGTGCTCGAGCGGCTCTCGGATGCCGTGGCGAACGGCCACGACGCGGTCGGGCTCATTCGCGGTTCGGCGGTGAATCAAGACGGCCGAAGCAACGGCTTGACCGCGCCGAATGGCCTTGCGCAGCGGGACGTCATTCGCGACGCGCTTCGGGCGGCGGGCCTGGAACCTGGCGATGTCGCGGCCGTCGAGGCGCATGGAACGGGCACGCCGCTGGGCGATCCGATCGAGATGGAGGCGCTGGCGACGGCGCTGGGCGAAGGACGCCGGAGCCCGCTCGTGGTGGGCTCCGTGAAGACGAACTTCGGTCATCTCGAGGGTGCGGCGGGCCTGGCGGGCCTGCTCAAAATGCTGCTGGCCGTTCGTCATGGTCGGATCCCGCGGCATCTGCATTTCCGCGATCCGAGCCCGGACATCGCGTGGGACGAGCTTCCGGTCGTGGTCCCGACGCAGACGATTTCGTGGCCGCCGGGCCGTCGCATCGGCGGCGTGAGCTCGTTCGGGCTCAGTGGCACGAATGCCCACGTCATCGTGGAGGCTCCGCCGGAGGTGGCGATCCCGGACCGCCACGAAGGGCCT
NZ_CP089982.1_gap140	5435144	5437141	1997	GTCGAGCGTGAACGTTTGGGCGTCGGCGAGAACGGGAACCAGCAGCGCATCGTTCGTTTGCACGGCGACGCCGACGTGGACATCGTCGTACGCCAGCAGCTCGTTCCGCCCTTCGTCGAAGACGGCATTCGCCAGCGGCGTTTCTCCAAATGACGCAATAGCAGCCTGGATCAGGAATGGGATGTAGCCAACCCCCGAGGCCCCTTGAATGCGATCGAGCGTCGTGAGGTCGGCCTCCTCGACCACGGTGACCGAGGGAATGCGCTGGGCGAAGGTCAGATGCTCCGCGGCCGCCCGTCGCGCTCCGCTCAAAGGGATGCGCTGGTGAGTGCCCTTCGGGGGCATGAACGACAGCGGCTGGACCGACGACGGTGGCGGCGGCGGCGGCGGAAAGCTCGAGAGAAGCCCGGCGTACTCGCCCTCGTTGTGGGACGCAAACCGCACCGTCTCCTCGAAACGAGCCTCGTTTGCCTGGTCCGCCGCACCAATGTCGACGAGGATGCTACCCACCGCAACGACTTGCTCGGGCGCGGCAAAGATGCGCCGGACGATGCCGCCGCATGGCGCCGGAATGTCCACCGTGGCCTTGTCGGTCAGCACGGCGAGCATCGGCGTCTCGGGCTCGATGTGTTCTCCCTCGCGCACGTACCAATTTACGATGGATGCCCGGCTGATGCCCTCACCGAGATCGGGCAGACGATACAACGTTCCCATCTTTCCATTCTCCCAAAGCGCGTTTGACGGCATGAACGACGCGCGCCACGTTCGGCCGGTGATGTTCTTCGAGTTCGGGAAAGGGGTACGGCACATCGAAGCCGCAGACCCGTTGAATGGGAGCACGCAGGCGGACGTCCCTGCTTTCGGCGATGCGTGCCACCACTTCGCTGGCCACGCTGCACGATCGCGCGGCCTCCTGAATGACGATGATCCTCCCCGATGCGCACGCCCGCAACATCCCGATTTCGTCGAGGGGTGAGAGCGTGCGCAAATCGCATACGTGGCATTCGATACCGCGCTGGGCCACGAGCTCCGCCGTGTTGACGGCTACGTCGACCATGCCGCCCCACGCAATCAAGGTAACGTCTTTGCCGGTTCGTACCGTGCGCACCCTGCCCAGCGGCGTCGTATGATCGCCATCGGGCACCTCGCCCTCGAGCGAGCGATAGAGCTTCTTGGGCTCCAAGAAAACGACGGGATCCGGATCGCGAATGGCGGATGCCAGGAGGCCTTTGGCATCGGCCGGGGTGGAAGGAACGACGACCTTGAGGCCCGCGGTATGGCAAAAATAGGCTTCGGGCGACTCCGAGTGGAGCTCCGGCGCGCGAACGCCGCCGCCGCTGGGCATGCGCAGCACCATGGGCATGCTCACCTTGCCCCGCGTTCGCCAGCGATAGCGACTCACGTGCGCGATGATCTGATTCATCGCCGGATACGAGAACGAATCGAATTGTATCTCGCAGACGGGACGCAGCCCGGCCATGCAAAGTCCCACCGCGGTGCCCACCATGCCCGCCTCGGAAACCGGGGTGTCGAAAACCCGCTCCGCGCCGAATTCGCGCTGCAGGCCTGCCGTCGCTCGAAAGACGCCGCCCGAGCGCCCGATGTCCTGTCCCAATAGAACGATGCTCGGATCGCGCGACATCTCTTCGCGCAACGCCGCGTTGATGGCTCGAACGAAGGTGAGAACGCTCATCGTGCCCGCCTTGTCGCCTTGTCGGCCAAGCGGCGCACGAGCTCACGATCGAGCGCGAGTGCGGGTGGAACCTCCGCCAGGGTGTTCTCGAAGAGCAGATCCACGTCAGCGGCGGGCATGGCCTCCGCCTCGGCGATGGCCTCGTTCATGCGGTCGCGCGCCTCACCGTGGAATGCGGCGAGTTGCTCGTGAAGGGCAATGCCATCGCGCACGAGTCGTGCTGCGAACGCCTCGACGGGATCGTGCTCGCGTGCCCGTGCCATTTGTGCTTCGTCGCGGTACTCGCCCGCGTCGTCCGAGACGG
NZ_CP089982.1_gap141	5441937	5444690	2753	CCGCCGCGTCCGAGCTCGAAGATGAGGCGGTACCGCCCAACGACGCCCCCTCCGGCGGCACGCGCCGGGGCTGCCGCGCTCGAAAGCATGGCGACCGGCCGAATTGGCGATTCAGGGTTTTGCGCAATCTCGATCGGGATATCCACCGACTGATTGTTCAAGTGATCATCCAAGCACGGTGAGCCTAGCACCGTCGACGTTGCTTTCAGGCGCCGGAGAGCCACATTTCGACCGAGAAGGCGCAGATCTCCAATGCGTAAACAGGAAATCTTCCAATCGAGAGAATAATCCGTTCCACATCGTATTTCAGCTCACCGGTAGGGCGTCCGTGCGATATCTCCGCGCCACCGAAGCCTAGCGACGCGCATGAGATGCAATGAGATGCCATGAGGCCGAGCGTGACAGAGCGCCCCAGCGGTGCGAAACAGCGCCATGTTCGCACGCGCCATTCACGCGCCCGCGCGCGAAGCTGCGGCGTCTCGTCGTGGTGCCCGGCATTGGGTCCACAAGATGCAGCGCGCACGTCATCATGATGCGCACAATCTTTGGATGCCTATTGGGATTGGCCGGGCTCGTTGGTGTGGCGTCGTGCTCCTCGCAACATCGCAACACCGCGGCCGTCGGAACGACGCAAACCACCAGCGGTACCATCGTTCCGAGCAAGGTCGCCGTCCAGTACGTCGCGGCGACGCGATGCAACCGCGAACACGTGTGCAATCAGATTGGGGCCGGCAAGCGTTACGACTCCGTCGAAACGTGCACGCGCGAATCTTGGCGTGACACCCACGCCGAATTGGGCGTCGAACGATGCCCCAACGGTGTCCACGAGTCCGCCCTCGACAAATGCCTCTACGACATTGGGACGGAAGTGTGCTCGACCTCCGTCGCCAACGTGCAACGCGTGGCTACGTGCCGCCGCGAGATGCTCTGCCCTTGACGTCTACCACCAGGTAATGTGGTACGTGCAGCTCGCATCGCCCCGTTTGCGGCACGAGCCCGACGCGTGTTCCACCAACGCATGGGGCTCGTAGCGGCGCGCGATGAAGAATTGCGCGCCGCGCTGCATGTCGCACGGCACCCAATTGTCGCATTCGAGGGCGATGAAATTCTCGCCGGGCTCGCCGTGGTATCGGATATGCCCGATTCCCTCGAGCATCCGCCCCGAGGTGGGATCGTACATCGGCTGCCCCCCCTTTCGGTGGGAAGCGTGAAAGCGGGCATCCGCCATGGCAAAGGCCGTGTGAATGTCTTCCCCGCCCGGATCGCCTTTTCGGGAACTCACGTGTCGATAGATGAGCTTCTGGAGCTCGAAGGTCTTCGTGGAGCCATCCACCGCCGCAATCTCATGGAGCGCGCGGGCGTAGGGCACCACGGGCCACCACGGGCCGGGATTGAGGACGAGCCCTTGCTCCGTGAATCGACCCAACCCGTGATCGGCATAGATTCGACGAGCCTTCTCCGTGAGCAAAGGCACGACGCGTCCGATATCGCGAACCTTGACCTCGACGTCGGCCAACTCCAGCCGATAGACGCTCGCAAGGCCAGGACGCACGGCCTCGTCGCCCGTTCCCTCGCCTGCCCCGCGCGTTTTTTGCTCCGTGGGGTGGGCTTCGGCTGCCCATGTTGCGACGAACTCGATGCGCGCGCGCCTTGCGACGTCGGTGACCGGTTGGCCAAGCACGTTCTCGAAGGCGGCGCGCATCGCGTCGCGCATGGCACGTGCGGAAGGCCATCGGTCGGCGGGATCGAACGCGAGCGCCTTGTCGATGAAGGCCACGACGGGAGCCGGTATGTTGGGCGCCGCCTCGGCGAGGGATCGCGCGGGCCGTGTGGCGGCGGCCGCGAGTTGTGCGCCTGCGCTGTCCGCCGGATGGACGAATTCTCCCGAAAGAAGCGCAAACATCGTGGCTCCGACCGCCCAACAATCGCTGGCGGGGCCGACGGCATCGCGATTTCCGATCGCTTGCTCGGGGGGCATGAACGCAGGCGTGCCGATCATCATGCCGGTGATGGTGGGGCTGCCTTGGCGGTCGATGCGGCGTGCAATGCCGAAGTCGAGAACGCGCACGTCGCCCGCCGCAGTCAAAAAGAGATTCTCCGGCTTGATGTCGCGATGGATGATGCCGCGGTCGTGCGCGCTCGTGAGAACGTCGAGCACGTCCGACATGAATACACCGACCTCGGCGATGGGAAGCCGCTTGTTCGCACGTTGCCAGCGTGCGTGCAGCGTCTCGCCTTCGAGCAGCGGCATGACCAGAAACGGAGAACCATCGTCGTCCACGTCGTGGGAGAGCACGGGAACGGCCCCGGGATGTCCAACTTGATTCGCGATCAAGGCCTCGCGCCCGAACAGTTGTTCGATGTTGGGATCGTCGCGAAAGTGCTCCAGCATGAACTTCACGGCGACGCGATGGCCGTCCCGATGGGTCGCCGCATAGACCGCCGCCATCCCGCCCACGCCGATCACGCGTTCGAGTCGATACTTCCCCACGATGCGCCCCACCCGCGCCAGCGCGCGCTGCCCCGCGGAGCTCATCAGAGCAGGTGCTTGCGCACCAGCCGGTGCATGTACGTGCGATCGAGCCCGGCCTGGCGTGCCGCCGCGGCGATGCTTCGCGAGTGCTGCGCCAGCACGCGCGAGAGGTATTCGCGTTCCCCCACCTCCAGCCATTGATCACGGAATTCGCGAAACGACTGCTGAAACGATATCGCTTTGAGCGATGCCGGATTGATCGCGGCCGTCGTATTCGAGC
NZ_CP089982.1_gap142	5452645	5454579	1934	CCCAAAGTATCCGCGCTCCTGAACCATATCGCGCGCGAGGGGACCCTTCGCCCCTTGGGACGCCTCGACCCTGCCAGCGTCACGCAAATTCTGACCGAGGTGCTCGGTGACGAGCCGGCCTCCGATCTCGCCGCAGCGGTGTTTGCTGCGACCGAGGGCAACCCGCTTTTCGTCGATGCCTTGGGCCAACTTCTCGCATCGCGCGGACGAGTTTCACTGCAAGACGGCTTTATTTTGCCCGACAGCATCCGCGAGACCGTCCACGAGATGCTGCGGCGTCTCTCGGACGAGAGCCGGCGCATCCTCGATGCGGCCGCGGTGCTGGGCCGCGAGTTCTCCGTGGTCACGTTGCAGCTCGTGTGCGGGCAGCCGGCCGAGGACGTACTCACGGCCGTGAGCGAAGGGCTCGCGGCCGGTGTGCTGGGGGGTGAGACGAAACCGGTCCGCCCCGTGCGGTTTGCGCACGTGCTCATCCGCGAAACGCTGTACCAGGACCTCTCGCCCACGGAGCGTATGGGGTTGCACGCCAGCGCCGCGCAAGCCCTGGAGAGAATGCATGGGGCCGATCTCGATGCGCACCTCGCCGAGCTCGCGCATCACAAATTCGAAGGCGCGCCACTTGGCTCGTGGCTCGATGCGGCGGATTTTGCGATCAAGGCGGGACACCATGCGATGAACCTCTGCGCCTTCGACGACGCGGCCCGGCACTTCGAGCGTGCGTTGACGGCACTGGAGCACGGCCAAAGTCGCGACGATGCGCAGCGCGCGGATCTGCTCTGGCGGCTCGGTATCGCGCGCATTCGCGTGGGCCAGGCGCAGGTGGGAAGGGAGCTTTGCGAGCGCGCCGCGGTCCTTGCCGAGCAGGCGATGCAGCCTCGCATCTACGCGAGAGCCGCCTTGGCCTACGGCTTCGAGAGCCAGCGGGGTCGCGTCGATCCTCGCATGGTCGAGTTGCTCGAAACGGCGCTGCAGCTCAATCCCGAGAAGGACGCGCTCCACGCGCAGATCATGGCGCGGCTCGCGACGGCGATGACCCCAACCTTGCATCGCGAGAGGCCGTTGAGACTCGCCCGCGAGGCAATGTCCGTGGCTCGCTTACTGGGAGATAGGCGCGCGTTGCTCACGGTGCTCGCCACGGCGCGCGGTACGTTCGGTGCGCCTGACGAGCTGACCGAGCTCGTGCCCATCGATCGAGAAATCGCAACTCTCGCAGCTGAGTTCGGGGATAAGCCTCTGGAGTTTCACGCGCACCACCGATTGGCCTTCGCCGCGATGTACCTAGGCGATCGGGATACAGGGGAACTCGAGATTGCAATACAACAGCGGCTTGCCAACGAGACTCGCGTCCCGCAGCACCAACTGCAAGCCGCCGGCATCCGCCTTCTCTGGGCAATCGCCTGCGACAATGCGCCCGACATCGTGACGGCCGAGGCCGATCTGCGCGAGCTTGGCGAACGTCTTGGGGATCCGTTGGCGCTTGCCTTGATCGAAGCCAATCGGTTCGTTTGCGCCGAGCGTCAAGCCGACGCGGCCGGCGAGGCCGCGGCCATGAGAGGGCTGCAGGCCTTGGAAGCAGCGCACCCATCGTTTGCCTCGTGGAGTCTGCTGGGAGTGCCCGTGATGGGGTGGTGGCGCATGTTCCGCGATAAGGCGTCGATGGACGACCCGCGTTTGCGCGAGGAGCACCGCATCTGGCTCGAGCAACTGACCCCCGAGCGCACCAAGGTGATGCTCGGCCCTTTCACCGCTTTTATGGCTCCTAGGTTCATCCGTCTTCGCGATCGAGATGGGATGGGGGCGCTTTACCGGACGCTGCTTCCCTTCGAGCTGTGGATGACGGGAGCTCCCGGGCTGTGGGCGGTCCTCGGACCGGTCTCCCACGTGTTGGGCGCTCTGGCGGCCGCCCTCGATCGAACCGACCGCGCCGGCGCTCA
NZ_CP089982.1_gap143	5494552	5498817	4265	GGTGAATCATTATCAGCAGGTGTACGGCGGAGGGGCGTACGACGGGGCGTTCAACGTGTCGCTGGTGGACGACAAGAATTTCATCGAGCGCGCGTTCGCCGTTTCCGCGATTCACCCGAGTCCGAAAAATGTGCTCATGGTGGGGCTCTCATCCGGTTCGTGGGCGCAGGTGGTGGCCCATTTGCCGGGGGTGGAGCATCTGACGGTGGTCGAGATCAACCCGGGTTATCTGGAGCTGATTGCGAAGCACCCGCACGTGGCGAGCTTGCTGAAGAACCCCAAGGTCGACATCGTGATCGACGATGGGCGCCGTTGGCTTTTGCGCCACCCGGAACGCAAGTTCGACTTCATCGTGATGAACACGACGTACCACTTCCGGGCGCACGCGACGAATCTGCTCTCGGCCGAGTTCATGGAGGTGGCGCGCTCGCATCTTCTGCCGGGCGGCATCCACTACTTCAATACGACGTCGTCGGATGACGTGCAGCGCACCGCGGCCACGTTGTTTCCCCACGCGATGCGCATCGTGAACTTCATGGCGGTGAGCGACTCGCCGCTCGTGTTCGATCACGCGCGCTGGGAGCAGACGCTCCGCGAGGTCTCCATCGACGGCGTCCCCGCCTTGGACCTGAACGCGCCGCACCAGCGCAACGTTCTGACGCGGCTGCTGGCCATGGGTCATTCGATCGAGCAGCACGCCTACGACAAATACGGCCTCGAGGGTCGCGACGATCTGCTGGCCCGCACCGCCGGCGCCCGCATGGTCACCGACGACAACATGCTTTGCGAGTGGGAAGACTTACTGAAGTTCCCGAAGGGCGCCGATTTGTGACTAGCCCACGGAGCGGAGGTGTAACGGCTAGAGGATCGAGCACGAGCGCGTGCACGTAGACGATCACGATCACGATCACGATCGCGTGATCGTGCTCGTTCACGTGTTCGTGATCGTGTTCGTCTACGTGCACGTGCACGCGCACGCGCACGCGCTCGTGCTCGATCTTCTAGCGTCCCCACCGCCGCTAATTGATGGCCCCGCCAACGAAGAGGGCTATATTACCCTGAAACGGCGGCAACGTCAGGATGGCGCCTCCCTCTCCGTAGCGGTGGTAGTCGCCCCAGTAGGCGCCGGTGGCGCGGGCGCCCAACAAGGCCCAGCGGGCGATGGTGGCGGAGAGGCCGAGGGAGAGCTCGGCCGCGGGGTAGTTGCGCGAGATATCGACTGGGGGAAGGCCGTTCCACCAACCGCCCGTGATGGTGGTGATGTGCAGGGCCCCTCCGATCCCCGGCTCCAGGGCCAAAATGGAGCCGAGCGGGATGCGGCCGCGCAGGGCCGCGGAAACGGTGTGGTCGGCGAAGCGCCCGAGGTAGCTCGGCACCGCGTCGAGGCACCAGCCCGGCCCATCTTCATAGCGGACGGCTAGGCCGAGCCGGTCCTCGAGGAAACGAGGCCAGAAGGAAACGGCGAAGCCCACGCGCGACTCGAAAAAGGTGCCCGTGGAAGCGTTGAGGCGCGAGCCGCCATCCAGCTCGAGGCGGAAGACCCCGGGGCCGCGGATGCGCGACTCGGCGCGCCCGCCCAACCGCTCTTGCGGAGGCGCCACCGTGCTGGCGCGAAGCAGCGTCTTGAGCGACAGCGCGATGGACGCGGCGGAGGCGTCGTCGATTTCGCCGGGGATGACCGTGCGGGTGACCGTCTGATCGTCGCGCACGTCGTAGAGCCAGATGGCGCGATCGCCTTCGTTCTCGACGAGCCACGCGATGGCGTCGACCTCCTTGGCGACGGCAATGGCGCGCGCATCGCGTGTGGCCAGGTAGCGCGAGTCGGGGGCTGTCTCCAAGGAGACCGTGTCGATTTCCCACGGCGAGAGCGCGATGGAAACGGCGTGCGCGAGCCGCTCGGGGGCACGGATGAAGCCGAGCCGCCGCCGCTCCGCCCACGCTGTGTTCGTGAGCAGGAGCACGACGGAGACGATCAGCGTGCGCAGGGCGAACGGCATCGCGGGGCTACTTTACGGTAGCTTCGGTTTTCCTTTGAGCCGATTCAGAAGATCGCGTGCATCGGCTGCGTTCGCGCCACGCGGAAAGCGTGCGAGGTACTCCTCCAGCGTCCGGCGCGCCGCTTCGTGCATCCCGCGATCGGCCTCGAGGCGCCCCGCGGCGAAAAGCGCGTTCGCGGCCCATGGATCCGAGCCACGCGCCAGCTCCCCGTACTGCGAAAGCGACGTCGCCGGATGGCTCGACTCGAGGCGCGCCGCCGACTCGAACAGGGCGCGGCGTGAAAGCGCTTGCGTTGCCGCCGGCGACGCGGGCTCCGGGGGCGGCTCGGCCTGCGGCGGCGTGGCCGCACGCGTTTCGGGCATTTCGCGCATGCCGCCCGAGACGAAGTCGTCCGGCTCGACCTCCGCAGGACGCGTCGACGACGCGGCGCTACGCCGATCGCGGGGGCTCGCTGGCGCCGGCGGCTCCACCTGCGACGGCGACGGCGTCAAGGGCGAGACGACCGCGGTCTCCAGTTTTTCACGAGAAGGCCACTGCTCGCCCGCGTGCACGTTCACGATTTCACCCGGCGTCCGCACCTCGACGGAGCCGCTCGCCACCTCGACGCGAACGCCGCCGCCGCGATCGACGGTGAAATGCGTGCCCGTGACGCTCACGCGTGCCTCGCCCGCCTGAACCACGAACGACGGCCGACCGTGGCGCGGTGCCACCTCGAACTCGACGTGCCCTCGCTCCAGGACGACCAGCACCCCGCGCGCATCGTCGCCGTTGACGACCAACGCCGTTCGGGGCCCCACGTCGAGCGCCGCCTCGCCGATGACCAGATGGGTGCCGCTCGCGCCGGTTTCCACCTGCGAGGTGATGGCCGGCGGCGGATCGGGGTGCCACACCGCGTGCGTCACCAGCGCGCCGATGGCGGCTGCAACCGCCCCAGCTACCACGAACGCCGCACTCGCGCGCCATCGCGTGCTCGGGGGCGCCTCGATGAAGTGCGGCACCGCCACGCGCTGGTCGTGCTCCAGTTCATGGAAGATGGCGCCCTCGATCCGTGCCCAGCGCGACTCGCTGAGCGGCTCGACGTCGATGCGAGGCTCGCTGGCCATCACCCGTCCTCCTTGCCACTCACGCGACCGATGCGCCCGGCCGAAACGAAATCGACCAGCGCTGCGTCTTTTCCGGCCTTCGCGGAAAGAGCGCGCCGCGCGCGCCATACGCGCGTCTGCGTTGCGACCACCGATGCGTCCATCAACTCGGCCACCTCGGCCAAGGACCGGCCATCGATCGCGTGCAGTGTGAACGCGGTGCGCTGCTTGGGATCCATCGCATCGAGCGCCGCGTAAAGGTGCCGCGCCGCCTCACGCGCCAAGGCGCGCTGCTCCGCCGAAGGATCCCCCGCCGGGATCTCGGGCACGAGCTCGAGCGACGGCATCCGCGCCCTGCGCTGCGCAATGTGCGCGTAGGCGACGCGCACGGCGCATCGATCGATCCACGTCGCGAGCAGTGCCTCCCCGCGGTACGTGGCGAGCGAGCGAAAGACGTTGATGAACGTCTCCTGCAGCAGGTCGTCCATGCTCGCGTTCGATCCCACGATGCGGTACAGCGTGGCATGAACGCGACGCCGGTGCGCGTGAAAAAGCTGGTGCTGCGCGGCCCGATCCCCCGCGACGCAGCGCTGCGCGAGCACGTGATCGTCGAGACGAACGCGCTCTTGCGATGGCGGCTGCGGTGGAATCGAGAGGCGCAAACCCATGCTAACCCTCGTTTTCGGCTCGTTCGGTGCGAGCGTTCCGCCGGCGGCGGAGGAAGATCGCCCCGATGGCCATCAGCGTACCCGAAAGAATCACGGACGCATCCGGCAACGCACGCCGAGGACTCACCGGGCTGATAGAGCTGCCGCAGCCATAGCTCGGGGTCTCCTCACCTGCCCCATTCGGATCCGTTCCCAGTCGCAACTCCTGGATGTCCGGCACGCCGTCGTTGTCGACGTCCGAGCCTTCGGCCTGCAGCGCGGTGAGCGCCGTCTGCAGTGAGCCCTCGTCCTCCGGCACCAGACCGCGCGAGCGCATCTTCATGCCGAACGGCTGCGTCACCGTGCCCGTCCCGCCCGCGGGGTTGTTGTGGCAAAGGGTGCATTGCGGCGGCGCATTCAGTTGGAGATCCCGCTGGATGGCCGATGGAAAGTTCGGTGTCGCCGACGCGGGCAGCGCGGCCGAAACCACCACGACGAACGAGGCGAGGCGAAGGCTCCAGGGTTTCATCGTGTGGCT
NZ_CP089982.1_gap144	5505574	5508013	2439	ATCATCGTTCGTGTGGCGCAAGCTACCTTCGGCAAGAAAGCGGGGCCGGTCGATTGGGAGTCGCTCCTCGATCATGACCGCGTTCGTGAGCGCATCTCGCGCGTGGTTCCAGGGTTCGAACGCTTCAACGAGCGGTTGCGCGAGGGCTTCTTCTACTTGCCCAACGCCGCACGCGAGCGAACGTTCCGCACGTCGACGGGCAAGGCGAAGTTTTCCTCCTGCGGGATCCCCAAACACGATCTCGCGTCCGGGGAGCTGCTCATGACGACGGTGCGAAGCCACGACCAGTTCAACACGGTCGTGTACGGCCTCGACGATCGCTATCGAGGCGTGTGGGGCGGGCGCCGTGTCATCTTCGTGAATCCCGACGATTTGAACGAGCTCGGTCTCGCCGATGGGCAGTGGGTCGACATCACCAGCCACTTCGACGGCGAGACGCGCACGGCGCACGGCTTCCGCGCCATCGCGTATCCGATCGCGAGGAAGAGTGCCGCGAGCTATTACCCGGAAGCCAACGTCCTGGTCTCGGTGCGCGCGGTCAATGAGTCCAATCAGCCGGCCCACAAGTGTGTACGCGTCACGCTGCGCGCCTCGGTGGCGCCTCCCGCCCTGGCCGCGAACGAGCCTCGAAGGCTTGCTTAACGGCCAATCCGCTCCGGGCTGGTGTAGATGGTCATCGCCTCGTCGCGGACGAAGCCGACGAGCGTGATGTTCGCGCGCTTCGCGAGGTCGATGGCCAGAGATGACGGTGCCGAGACCGAGGCCACGATCGCGATGCCGGCGGAGAACGCCTTCTGCACGATCTCGAAACTCGAGCGACCGCTGACCACCAGAACGCGGTTCGAACAGGGCACCTCGCCCGCGAGCACCCGCGAGCCGAGTACCTTGTCGACGGCGTTGTGCCGGCCGACGTCCTCGAACGTCGCGATCACGCGTCCGTCGAAGTCCACGAGCGACGCCGCGTGGCAGCCCCCGGTCCGACCGAAGATCCGTTGATGGTCGCGGAGGGCGCGCACAGCGCTGGCGAGCGTGCTTCGCTCCATCCCGAGGTCCGTCTGCGCGAGTGGACGGATGCTCTCCACGAGATCATCGATGGAGCGGCGCCCGCAAACCCCGCACGCACTCGTCGTGAGGGTTCCACGGCGGGTGAGGAGTCCCGTCTCGGGATCGACTGGCGGCTTCACACCCGGCACGAGCTTCACGTCGATCGTGTTCTCGCGCGCTTCGTCGCCGATGCGCCCGCAATAGGTTGCCGAGATGACGTCCATCGCCGACGTGATGACGCCTTCGGCGAGCAAAAAGCCCAGCACGAGCTCGCGATCATGGCCTGGCGTTCGCATCGTCACCGCAATCGTCTCGCCGGCGATGCGGATCTCGAGCGGCTCCTCGACGACGACGTCGTCGCGTTCGTTGATGGGGGGCGCGTCGCCGTTGAGTCGACGTGCCTCGATCGATCGAATACCAGGGATCACCATCGGATCTCGCGCGCCCTCGGCGAACAGTTAGCACAAAGCCGACGGGAGAAAGCCTGACGCCGCGCGGCGTCGGTAGCGGCGGTTGGCGCACGCCGTCGTGGCGCGGGTCGGCCCAGCCGCAGCGATGGTCACCAGCTCGCTTCGCGCTCGCGAGGGAGAGCTCTCACGGCTCGTTCGGGCAGTGCAAACTCGCACGCCGCGCACGCGCGGTTTTCGCGGAGACACTGCGCGGTTCCTTGCCCCACCGTTTCAGCACCACGTCGTAGGCGGCGCACGCACCTGCCGTGTCGCCGGTACGTTCGAGCGCCATGCCGAGGTGCAGATGAAGCCATGTGTGCTCGAAAGGCCGCCGCAGGGCCTGGCACCGGCGCGCCCCATGTCGAAAATATCGAACGGCCGTGTCCGTATCACCCGCGAGAAAGTACACCTTCCCCGCAGCGAGTTCGTCCTCGGGCTCCTGCCGAATGACATCCCAAACGGGCGGATTTTGCGGCAGAGCGCGAAGTGCGGCCAGGGCGTCGGCCTGCGTGACCGCTGCATGCGCGTACGCCTCGGTCCAGCGCGAGTTGAGCTCCTCGATGCGCGGCGGGCCGTTGCTCACGCGGTCCAGCCACGCTTGCCGGCGCGTTTCGAACGCTTGCCGCGACAACCCGCCGGCCAGGTATTGCGTGCGAAGCGGCACGATTTCCCAATCGTACATCGAGGCGAGCAACGAATCGCGTTGCGAGAGGTACTGCGCGGCGAGCTGCGCGGCACGACGGCGATCGCCGAGCTCCATGGCCAGGTTGAATCGCAGGCTCTCGACCGGCACATGGTCGATTTCGTACTTCTTGCCCGCGAGCAACTTGTTCCACGCATCGAGCACCCGCTCCAGCTCGGCGAAGTTGCCTGTCAGCACATCGAATCGGGCCTCGCCCCTCAACCGGGTCGCCTCACGTTCCGCGGGTGCTGCGGAGCGCCATTG
NZ_CP089982.1_gap145	5642050	5646566	4516	GGAGCCGGTCATCGATGCCTCGCGCATTGGTGCCATCCGGGATTTGCTCGGGCCCCGACTCGAGATTGTCGTCTGTGTGGAGGACACCATCGTCGAAGCCGTCCGTGCGGGTGCCAGTGGATGGATCGCCTGCCTGGTCAATGCCTTCCCCGCCGAGTCGGTCGCGCTCTATCGTTACGCGCAGGAGCGCCGCGAGCGGGAAACGTCGGAGCTTTACAGCTGGTTCGCTCCGCTGTTGCGGATGGATACGCTTCCCAAGTTCGTTCAGCTCATCAAACTGACGCAGGAGCGCGTCGGCCGCGGCACCTCCCGCGTGCGGCCTCCCCGGCTTCCCCTCGAGGGCGACGAACTTCGCGAGGCGCTCGCCACGATTGAAAACGCCCTCGCCACGCGCCCTCGCCTCGCCGTGTAAGACGGCACATCGTCAAGTCCAGATGGCAGGCCAGATGTCGAGGGCCCCGAGAAGGCCCTAGACTCGGCCCATGACGAAGCACGAGCGCATCACCGTCGACAGCGACATCACGCCTCAGTTCACCGCCTGTTACCTCCGCATTGCCGGCGACGAGTGCGCTTTCATCGAGGCGCACACGGCGCACGCGCTCCCAAAACTGCTCGCAGCGCTGCGCACCCAGGGAAAAAAGCCCGAGGATGTGCGCTGGATCCTGGTCACGCACGCCCACCTCGATCACGCCGCCGGTGCCAGTGCACTCGTGGCGGCGTGTCCAAATGCCATCTTGCTCGCGCACCCGCGGGCGGCGCGGCACCTCATCGACCCGGAAAAGCTCGTACAGAGCGCCACCGCGGTCTACGGCGAAGAACGCTTTCGCCAGCTCTATGGAGAGATCGCTCCGATTCCCAAGGAGCGGGTCCGCACCCTCGAGGACGGTGAGAGCGTGCCACTCGGCGACGCCACCTTGACCGTGTTTCACACCTCGGGGCACGCGAATCACCACTTCATCGTCGACGATCCGCGGCTCGAGACCGTCTACACCGGCGACACCTTCGGGGTCATCTACCCTGCCCTGCAGAAGCACGGCCTGTTCGCCATCCCCTCCACCAGCCCCACGAACTTCGACGCCGCGGCCGCGAAAGCCAGCATCGAGCGCGTCCTCTCGCTCGGAGAGCGCTACGTCTGCCCGACGCACTTCGGCCCGTTCGAAAACCCGCCCGCCATCGCCCCGCAGCTCCTTCGCTTCGTGGAGCGCGCGGGGGCTTGGGTCGAAGAGGCATCACGCGGCGACGAGTCGCTCGAACAGATGACCGCCCGGCTCGCGCGGGCCTGGGAGAACGCCATTGCCGAGGAGGCCCCCGCCTTTGGCGAGGCGGAAAAGAAGCATTTGGCCCTCGATGTGGAGCTGAATGCCCAAGGGCTCGCTTTCGTTGCAAATGCCCAGCGCGCCAAGCGGCTTGCCAAAACGTGAGGCTCCCCTCATATTGTGGCGCACCATGGATGACGTTCTGGATGCGAGCGCGCTCGAGCAAGTCGAACTCCTTCGAGACGGCAAGGTCTCCAGCGAGGAACTGGTCCGCGGCTATTTGAAACGGATCGAGCGGCTCGATCCGAAGATCAACGCCTTCGTCAGCGTCCAGGCGCGCCGCGCGATCGCATCCGCGCGGTGGAAAGATTGGCTCCTGCGCCGCAATGGCCGGCGCGATCTGCCCGTCTTTCACGGCGTGCCCATCGGCATCAAAGATTTGAACATCGTGCGGGGCACGGTCACGCGATGGGGCTCGCGTGGATCGCTGCCCGTGGTGCTTCCCGTGGACGACTACACCGTGCAGCCGCTACGGCGCGCGGGGTTCGTCTTCCTGGGCAAGCTGGCCACCTCGGAAATCGGTGCCATGCCGGTCACCGAGCCGGATATCCACCCGCCCACGCGCAATCCCTGGTCACTCGACCACAGCGCCGGCGGCTCCAGCGGCGGATCGGGCGCGGCCCTCGCCGCGGGCATGCTCCCCGTCGCACAAGGTTCGGACGGCGGGGGCTCCATTCGTATCCCCTCGGCCTTTTGCCATCTGGTGGGGCTCAAACCGTCGCGCGGGCGTTTGCGCAACGCGTTCGGCGCCCCCGATGAGCGGATCCTGTACACCTCCGGGCCCATGGCCCACACCGTGGACGACGTCGCCGCGATGCTCGACGTGATGTCCGAGGTCTCCTTCGGACGCCCGCATTGGGCGCCTCCCCCACCGCGTCCCTTCGCGGAGCTCGCGCGCGAGCGCCCGTCGGGGCTGCAGATCCGCGTGCTCACGCGCACGCCCCTCGCCGACACGCACCCCGAGATCGTCGCCGCGGTCGAACGCATTGCCAAAGAACTCCAGGCCCTCGGCCACCACGTCGAGCCCGGCCCCCAACTCGAGGGCACGGTGGAGGAGTTCGCGCCGCTCTGGCAAACCTTGGTCAGCACCTTTCCGTTCGCGCGATGGAAGAACACGCAGCCCATCACGCGATGGCTCGTCGAGTCGAGTCGAAAGCACCCGCGCACCGCCATGAAGGAGCTTCACGCCTCCCTCGACGCGCGCTGGCGCCCCACGCTCGAGAGCGTGGATCTCTGGCTCACGCCCACCGTGCCACAGCCCGCCCCGCGCGTCGGTGCCTTCCGCGATCTGCCGCCCGAGCAGGCCTTCGCCGCCGCCGCCCAAATCGCCGGCTACACGGCGATCTTCAACCTGACGGGGCTACCCGCGATCAGCCTTCCCATCGGCCTCACGCAAGATGGGCGCCCCATCGGCCTTCAGATCGCCGGCCGCATGTTCTCCGAGGGCCTGCTGCTCGCCGTCGCCCGCCAGATCGAAGAACGCTTCCCCTGGCGCCACCGCCGAGCCCCGGCGCTTTCCTGAAGCGTCGTAGAAGAGGGAACCGCCAGGACGCCAGGGTCGCCAGTTTGAACCGACCCTGGCCTCTGATTTTTTGTTCTTAAAACAAAAAAAAGCCGTTTCCCCTGGCGATCCTGGCGTCCTGGCGGTTTCCTTCTTCTGCGGGTCCGACGCAGGACAAAATAAAAAAGGCACCGCGCAGGGCCCGGGGGGGGAAGGCCGTCAACGCGATGCCGTCCGCCTATAGAGCGAAGGCCGTGCCAGGAGCGCATGCGCGAATTTCTCGAGGTTTAGCGATTGCGCTCGCCTTGAATCCTTTCAAAAGTGAGATTTTGCCTTCCAACTTTGCGAAACGGAACGACGGCTTGGAGCATCGCCCGTTGCATCTACGCAAGAGTCGGCAAACGTCACCCTTGCCCCCTTTGAGGAGACTTCATCCATGATTCGGATCCGAGAAATCGATCACCTCGTCGTGCGCGTCGTCGACCTGGACGCGTCGTTGCGTTTCTACTGCGACGTGCTCGGCTGTCGCATCGAACGGCGGCAGGACGAAATCGGTCTCATCCAGCTCCGCGCCGGCACCTCCATGGTCGATCTCGTGCCGCTCGACGGAAAGCTCGGTCGCGCCGGCGGTGCGCCGCCCGGCGAGGAAGGGCGCAACATCGACCATTTCTGCTTCCGCATCGATCCCTGGGACGAAAAGGGCATCGTGAAGCACCTGGCCACGTTCGGCATCGATGCCGGCGAGGTCGCGCCCCGCTTCGGCGCCGAGGGCGAAGGTCCCTCGATCTACGTGCGCGATCCCGACGGCAACGTCGTCGAGCTCAAAGGCCCTCCCTATCGCAAGTGAATTGCGGTCTCGCCTTGACGCTACGCAACTCGTTTGCTACGAAGTTCGTAGTATCGAGATGGCCAAAGTCGATCGCGACGTCGAAGAGCTGAACGAGGCCGTGCATGCGCTGCTTCTGCGCATGCACGTGGCGCGTTTGGACCTGTGGTCCGAAAAGCTCGCCGGCATTGGCTACCTCGACTTGCACGCACTGTCCTTCGCCGAGGAAAAACCCGACCACACCTTGGCCGAGATGCGGGAGTTTCTCCAGGTCCCGCAAAGCACCCTCACGAGCATCATCGACCGGCTCGAAAAGCGGGACCTGCTGCGCCGGGCCATCCACCCGACGGACAAGAGGTCCTACCGCATCGAGCTCACCGACAAAGGCGTGGAGCTCCAGCAGGAGCACCATCGTGTCGAGCGCATGATCATGCGCCGCATCCTGGACGCGCTGCCCAACGGGGACGATCGCGGCGCGTTCATCAAGTTGTTTCGCAAGATCGCGAGCAAAGTCTGAGCGCGCTGCATGCGCAAGAAGGTGAATCCATGTCGGGCAATAAAACGAATTTCGTACCTTCCGAATCTAGTGCGAATGAGCTGTCCTTCATCGAAACGACCGCCCTGATCGTCGCGTACCACCGCTCTTTGGAGCATGCGCGACCCGATCGCCTCTTCGATGATCCGTTCGCGGGGGCCTTCGTGGCAGCTGCGCAGGCCGAGGGCATGGCCAGCGACACGATGCCGGCGGCCCCCACGGATTACTTCGCCGTGCGCACGCGGTTCTTCGATGAGTACCTATTGAAGGCGTGCCGTGCGGGCTGCCGGCAGATCGTGACCCTGGCGGCGGGCCTCGATGCGCGGGCGTTTCGCCTG
NZ_CP089982.1_gap146	5647650	5651341	3691	GTGAATGCCATGCCCGCGGCGCGAATGAAAGTGCTCGGTCCACGCGCCTTGAACCGCGCCCTCCTCGATCGACAAATGCTGCTCGAACGCCACGCGATCACCGCCTCGAAGGCGATCGAGCGGCTCGCCGGCATGCAGGCGCAGTCGCCGTACGCGCCCTATTTCGGCTTGTGGACCCGCCTGGCCGGCTTTCGCCCCGACGCTTTGTCGGTGCTGATCGAAAAGCGCCGCGCCGTGCGCATCGCCCTCATGCGTTCCACGGTGCACCTGGTCACCGCGCGCGATTGCCTCGCGTTCCGGCCCGTCGTGGCCGCCGTGCAGGAGCGCGCGCTCAGCGTCGGCACGACGTACGGCCGCGACATTGCGGGCATCGACGAGCGCGAGCTCGTGGCCACCGCGCGATCCTTGCTCGAGCAACAACCGCGCACCTTGGCGGAATTGGGCGAGCTTTTGCGCGCGCGCTGGCCGAAGTACGACGCCCACGCGCTCGCCTACGCCGTTCGCCTGCTCGTGCCGCTCATTCAGGTGCCGCCGCGCGGCGTCTGGGGAAAGGGCGGGCAGGCCCTGAGCACGACGGCCGAGTCGTGGCTCGCCCGCAGCTTCGACAGCGCATCCTCCGAGCCCGACGCGATGATTCTGCGTTATCTTGCCGCCTTCGGGCCCGCCAGCGTGCGCGATGCCCAGATCTGGTCGGGGCTCACCAAGCTGCAGGACGCCTTCGAGCGGCTGCGCCCGCGACTGCGCGTCTTCCATGACGAGGCAGGTCGCGAGCTGTTCGACCTTCCCGACGCGCCTCGGCCGGATCCCGAGATCCCTGCCCCGCCGCGCTTTTTGCCGGAGTACGACAATTTGCTCTTGTCGCACGCGGTTCGCACGCATCTCATCGCCGAAGAACACCGCCCGCACGTCTACGTGGCCAACGGCATGCGCCCCGCGGTCCTCGTCGACGGCATGGTGAGCGCGACCTGGAAGCTCACCCAAACGCGCCGCCGCGCCTCGCTGGCCATCGGGCCCTTCGTGCGGCTCTCCAAAAAGGACCAAGCCGCCCTCGAACGCGAAGGTAAGGCCTTACTCGCCTTCGCCGCCCCAGACACCGAACACGACGTCCGATTCACGGAGGTGTAGTGCCCGCGGCGCTCTCGGTGGCCGGTTTGATTTGAACAGGGAGATCGGGAGATCGGGAGCAGTGATTTTTGATCAAAAACTCCCGATCTCCCGATCTCCCGATCTCCCTGTCCATTCCTCAGGTGGACGTTTCCTACTCGACGACTGCGAGCACGAAGCCGTCGTAGCCTTTGACGCCGACGGTCTGCAGCGCGGTTGCGTTCACCCGTTTTTCGTTGGAGAGGCGCTCGTAGAGGCGACGGACTCCGCGAACGGCGGCGTCCTTGCTCGATGCATCCACCACGGCGCCGTGGCGCACCACGTTGTCGACCACGATGATGCTGCCGCTGCGGGCGAGCTTGAGCGCCCAGTCGAAGTAGCCCACGTTGTTCGTCTTGTCGGCGTCGATGAACACCAGATCGAACGGGCCGCGGTTCTCGGCCGCGATTTTCGGCAATGTTTCCAACGCCAGCCCAAGCCGCAGGTCGATGACCTTGTCGAGGCCGGCGCGTGCAAAATTCGCGCGAGCCACCTCGGCATGCTTCGGATCCGCCTCCAACGTGACGAGGCGCCCATTCGGGGGAAGCGCACGCGCGAGCCAGATCGTGCTGTACCCGCCGAGCGTGCCAATTTCCAAGATGGACTTCGCCCCCGCGATGCGTGCGAGGAGATGCAGAAACTTACCTTGTGCCGGCGAGACCTGGATCGCCGGCAAACCGGCCGCAACACTTGCTTCGAGCGTGGCCTCGAGCGCGTCATCCGCAGGAATGAGCGCGTTCGCGATGTAGTCATCCACCACAGCCCACGAGTCGTTCGTCATGTTCGGGATGCTAGGGTCGGCCCGATGCTCTATGGAAGATGCATGCATCCGATGGTCATCGACGATCCGCAGGGGATCGAAGAGCTGCTCGCACGCACGCACCGCATCGCGGTGCTCGGCATCAAGACGGAAGCGCAGGCCAATCAGCCAGCTTTTTACGTGCCGCAGTACATGCTGAACGCGGGCTTCGACGTCATACCCGTCCCCGTTTATTACCCGGATGCAAAGATCATCCTTGGCCGCCCCGTCTTCCGCCGTGTTGCGGATGTGCCGCCACCGGTCGACATGGTGAACGTCTTCCGCCGCCCGGAAGATCTGATGCCCCATCTCGACGACATCCTCGCTGCCAAGCCCGCAAGCGTGTGGCTCCAACAAGGCATCCGCCACGATGCTTTCGCCGAGCGCCTCGCGGAGAGCGGAATCACCGTCGTGCAGGATCGCTGCCTGATGGTGGAGGCCAGGATGCGCGGGACGCGGCTGCGCCGATGATCGATTCGGTTCAAGCCCTCCTCGATGCCGCCGGCCAACATGGTCTCGAGCTCACGGCGGATCACGACGATTTCGACAAGACCGGGCTCGATTTCCTGGTGGTGCACGCCAAGGACGCATCGGGCACGTGCTGGGTCGTGCGCACGCCCCGCCGCCCGGAGCTCCTCGAGACCGCCCGCATCGAAGCGCGCGCGCTCGAGCTCCTCGCGCCCAAGCTGCCGGTGGCCATTCCCGAATGGCGAATCCACGCCGACGACGTGATCGCGTATCCGCGGCTTCCCGGCACCCCGGCGGTCACGCTCGATGGATCCGGTGCGCCACAATGGCATCTGGATCCAACGGCCCCATCGGAGTTGTTCCTCGATTCGTTCGCCGGCGCACTCGCCGCGCTGCAAAGTGTCGAGGAGGCCTCCGCCCGAGAGGCCGGCATTCCGACCAAGCCCATCGAGGCTGCCCGCATCGCCCTCGCCCGATCCATGGATGAAACGCGGGCCGCTCTCGCACCGAGCGATGCCATTTGGTCACGCTGGCATCGCTGGCTCGAGAACGATGGCTTATGGCCGGATTACTTGACCTTGGTTCATGGCGATCTCCATCCGGGTCACATGCTGCTGGACGCGGAAGGACGGCTTTCGGGTATCCTGGATTGGACCGAGGCGTGCGTCACCGATCCCTGCATCGACTTTGCGATGTTCTTCGGCTGCTTCGGACGCAGGCCCCTCGAACGGCTCGTCGAACGATTTGCGATGTGGGGTGGGAGAACGTGGCCTGGGCTCGTAGCCCACGCCGCAGAGCGTTGGGCATCGTTTCCTGCATTGGTGGCGGAGTGGGCATTACGAACCGACAACGAAGCCATCTTGGAGCACGCCCGAGCGCACCTCGCATCGGTGACGCAAAATCTGGAAAACCTGCAGAACCAGCAAGACCTGCAAGGCCAGGCCGACTTCGCAGACGAGATGCCAAACGAACCTTTGCCAATCGACTGACGGCAACTCGAGTGACCATCCGTGCGACATGCAGCCTGTTTTTCGAGGGTCCTGCGGTTCGGCTGCTCTCGATGCGCGTGGGCGACGGCCTTGGCCCGCCTCGGTCCGCCTCCCACCTCGAAAAAACTTTGGGGGTAGTCTGCTCAGCTTTTGAGCGTTACGGCGAATGTCGTGTTAGCCTAATGTCGAAGTTTTTTATGGGAAGTATCCCGAGCAGCTCCGTTCTAAGCGTTCTAGCGGCAGTGGAGAGGTGGCATGGGGGAGCCCAACCGGGCCAGTAGCAGCATGGTGC
NZ_CP089982.1_gap147	5660031	5662745	2714	CGGTTCGAACGATGGGTTTTCCCTTGGAGTCGCCTACTTCCGTGGTGGAAACGACCAGATCGAAGCCCGAGATTTTGCTTTCCACTTCCGAGGCTTTGCATTGCTCGATTCGAACGAACAACCCGCGCGCACGAAGAAGCTCGCCCAGCTTTTGAACGACCACCGTGGAGGTTGCGATCCCCGAGCCGCAAGCAACCAAGATTTTCTTCACGCTCCAAGAATCGCCGAGCATGGATGCCGCAGCAAGGGGTTGTCACCGATTCCGTGGACCTTCGGTTTCACCCAAAGCCACCTTGACCGACGCGATGCGTTCACATGCCACGCTGAGAGCGTCTACGCCGAGGCCGACGAGCTGCCGTGCCATCTCCGGATGTCCTGCGAGTTCTCCACAAACCGTGACCTTTCGGCCCGTTGCATGGGCTCCGTCGACGATGGTGCGAATGACGACGAGGAGGCGCCCATCGTGCAACGACAACTCCGGCGATACTGCACGATCGACGCCAAGCACACTTGAGGCAAGATCGTTCGTGCCAACGGAGATGAAATCGGATACGCGCGCGATGGACTCGATGGCGCCTGCGGCCTCGTGTGTCTCGATCATCGCGCCCACCGGTGCATCGCTTTCCAAACCTGCGCGCACGCGCGCAATGTCCTGCGCCGATCGCGCCATGGGAACGAGAACCTGAACGTCTCCATGTTCACGCGCGCGATCGATGGCCCGCAGCTGCACCTCGAGCACGCGTGGGTGCGCGAGCAAAAGCTCCACGCCCCGGGCATCTCCGGGCAGCCACGGCAGCGGCTTGTCGCCGCCCGCATCGAAGAGGCGCACGATGCACGGCTTGCCCGAGACCCGGTTCGCCAAGGCCGCGTACACGCTGGCCTGCTCCGTTTCGCCCGGTGGGGAACGGCGGCCGCTGAAGAGGAGTTCCGTTCGCACGAGGCCAACGCCATCGGCGATGGACGGGATGTGCTCGTTCAAGGTGCCGACGTTGGCCCGCACCGGCGTGACCAGCCCCGTCGAGCACACGGCGTGCGCGATGGATTCGTCGCGGCGCTTCTGCGCGACCCATGCATCGTGCCGTGCGCGCGCGGCCTCGAGGAATTCTGCACTGGGGCTGCTCCAGAATTGGCACGATGTCTCGGTGCACTCGATGACGATGGTCTCGTCGCGCCGGATGGCCGAGACCACGTGCGCGGGCGCGAACACCAGCGGAAGCCCTCGCCCGCGTGCCAAGATGGCCGCGTGCGAGGTGTAGCCCGGGCCGGTGTCGCCTTCCGCGATGATTCCGCGAAAGGAACGCGGCAGGCCGACGAGCAGCGACGGCGTCAGAACGCGGGTGACGAGGATGCGATCGCCCTCGCCCGCGAGCAGCTCGGCGGTGACGAGATCGACACCGAGAAGCACCGCGCGCACGCGCTCCAGTGCATCGCGAACGAGATCGCTCCGCTCGGTGCTCGCCGAGGCCGCGGCCGCGTCGAGCGCGAGCACGGCGCTCATGCCCGCCTCCAGGTTCGGCAAGGTGGCGTTCATCAGCTCCGTCAAGATGACGAAGAGCGGTTCGAAGAGCTGCGCCTCGGGCGGCGGCAAGCCCGCGATCATGCGATGCAGTTCGCTCTGCGCGCGCGCGAAGGCAGCATGCACGCGGCGCCGGCTCGAGGGAATGTCGTCCGAGATGCTGTAACCGGGCATCGACTCCGGCGCGGCCTCGGCCACGGTGGTGAGGAGCAGCGAGGCGCGTCCGATGGCCATGCCTGGCGCGGCCGCCGTGGCGATTTCGGGCAGCGCATCGGTGGAGAATCCGTGGTGGATCAGATCGGACAGGCGCTCCAGCGCCAGGGCGGCATGTTCTCCGCGTGCGACGAGGCGCACGGTGCTGCCTCGAACGGCGCCCAGCTTGAGCACCTCGAGGATCTTTTTGGCATTGGCGCGCCGCTCCTCGAAGACGATCTCGATGGCAGCGCTCTGACGCGACGCGAGCCGCACGAGCATGCTCGCGGGGCGCGCGTGCAGTGGCTCGGGGAGCTCGATGTCGATCGCCTGCTCGTCCGTCACGAGTCCTCGTCTGTTTCGTCGATATCGTTCGTGCCGCCCAACTCGTCGATCTCGTTTCTGTATTGTGCGCGCATCTCCCCGCGTACCCAATACCAGGCGCCGGCGTAAATCACGCCGACGGCGAGGGCGCGCCAAAAGCCGGGTGTGCCCGGCTGAAAGAGGTTGAGCACGATCCAGGGCAGGATGTGGCTTCCCAGATCCAAGGCGGACCATTCTTGGTACTGCGAGGCCAGCTGCGTCGTGGCCTCGGGACGAACCCCGGCCGTGTGCGCCAGCTCGGTGGTCAACGGGCCCAGGCTGGTGCCAATCCAGAGAATGGGCACCATGACCAGGATGGCGTTCACCAGCCCGCGCACCATGTTCCCGCGCGAAGCGGCCACCGCCCAGAGGACGAAACATGGGAGCGTGGCCAAGTCGGCGAACGGAAGCAGGCGATTGCCCGGCAGGAGCACCGCAACGACGAGCATGATGGGCACGCAAAGCAGTGCCACGGCCATGTTGGCGGGGTGCCCGAAGACGACGGCCGCATCGAGACCGATGAACAAGTCGTGCCCGGGGAGCCGCTTGCGCAGGTATTCGCGCGCGCCCTCGGAAACCGGGATGAGCCCCTCCATGAGGATGGCCACGACCTTGGGCAGCACGATGAGCACCGCCGCCATGG
NZ_CP089982.1_gap148	5698047	5702270	4223	CACTCTCCCCGTATGCCACGGCCCGAAGGAGCAGTGCCTCCGTTTGAATCGCCTTCACGCGGGGAAAGTTTACGCCTTATTTGGCCGCACCAAAGGTGGCGAGTTAGCCTCGTTTTACGTGCACGATTTCGCTGGATGCGTCGTCCATCTGTAGGAACGACAGCTCCTTGGGCATGTCATGCCCACGCGGCTTCAGCACGATGGAGAGGGCCAGCGTAAACAGGATGAGCAGCAGCACGAACGCGATGGCCACGCCAAAACGGCGCCCCTGCCCTTCCCGTGCGGCATGCACCGGGCTCGGCGTGGGAAGCGGCGTCACGAAGACGACACGCCGGCTGGACGTGTATCGAGCAAGAACCTCGTTGGGAACGACTCCTACCGCTTGCGCGTACGACCTCAGGAACCCGCGGACGAAGACTTCTCCCGGCAAGTCGTCGAAGTGGTCGCTCTCGATGGCGGAAAGTGTGGCAGCGGGGATACGCGTAACGCGCGACACCTCCGCGATGCTCATCGCTTTGAGCTCCCTTTGACGTTTTAGAAAACTGCCGATCGATTCCGTGGTCACGCAAACCTCCGGTACTTCGGACGCATCATCCTGATAATGGCCAACCGCAACTCGGGAGCTCCCTTGTTTTTTGCGGGTTCCGGATTAGTCGAGCGGCCACGGCGCGTCAATCGCGAAAACTCCGAGTTAATATTCGCGTAAGCCCTTGTATTTGCAGGACAAAGTACCGTTTTTGGTCCGTAAGGTCAGGCAGAGACCGTGAAATTCTCGCCACACGAAGAGATGGAACGCAGGTTTCTCACAAGAAACTACGCGCACTTAGCGCTGCGTACTCTCTCCGTGGATCTCGTCTTTGGTGCCCAGAAGCACGTACAAACGCCGTAGGGCCTCCACATCGGGGATCTCGATGCGCTCGCCTACGATGCGCACGTACTGCTGCTCACGAAGTCGCTGAACGGTGCGCTTCACGGTGTCGACGTCCAACCCGACGCGCGAGGAGAGCTCCACGGGCGACATGGCAATCTCCGCCGAGCCCATGGCCCGTTGGGCGAGCTTCAACAAAGCGCTCACGACTTTGAGCTGCGTGTCGCGCAGCAGCATGATCTCGATTTGGTCTTCCGCGTCGCGCACCCGGAAAATGAGCTGCTCGATGACCCGGGTGGCAATCCCCGGGTAGTTCTCGAACATGCCGCGAAAGGCGCTGCGACTGAGGACCAGCAAGGTCGCGTCGGTCAATGCCACCGCCGTGGAATTGCGCGCGACCGCCCCCTCCGCGTGGCGGCGAATCATCGCGTCCTCGAGGCCGCCCGCCGCGGAAAGCGTGCCGGATTGCCGCAAGGACACCTCGCCAATGGGCATCGCCGAAAGCGGGGTGTCGCCGAGGAGCGCGGCCTCGCCAAAGAGATCGCCCGGCTTGAGGAGCAGCAAGCTCCGCTCGACCATGCGCACCCGTTTGAGGAGGCGAATGCGTCCGTCCTGGACCAAAAAGGCCTCGGTGGCGGGTTCGCCTTCGCGAAAAATCGTCTCGCCGGCCGAAACACGACGGCCATAGCGGCTAATGAGGCGGGCCTGTTCGGCTGGTCCAAGCTCCCCATCGACGGCGGGCACGCGCTCGCTGTAGCGCGGTCGACTGCTCTCCAACCTGCGATCCATACCAAGCGATAGACTACAAGATTCGGTTGGGGTTGGCACTGTGCGCATTACCCCAAATGAACGGAGATGGACTTTGCGGCCCTAAGTCTCCAGGGAGAGAGCGATGGCAACCAAACTTTATGAAGGCAGCATATCCCCCAACTCGCGCAAGGTGCGATTGCTAGCCGCCGAGCTGGACATTCCCATCGATTGCGTGACGCTGAATTTCGCGAAACGCGAATTCCGCTCGCCCGAGTACCTCGCCCGGAACCCCAACGGGAAGGTGCCCACCTTGGAGGAGGATGACGGCTTCGTGCTCTGGGAATCCGGCGCCATCTTGAAGTACCTGGCGTCGAAACGTCCCGATCGCGAGATGGTCCCCACCGACCCACGCGAGCAAGCGATGCTCGACCAATGGTTGCTATGGTGGACCGCCCATCCCGAGGCCGCACTGTACCGTTTGATCATGGAGCGGCTGGTGAAGCCGTTCCGCGGTGTGCGCGGAAATGATCCGACGATTGTCGCAGACGCCGAGGAAGATCTCGCCCGGTTCCTGCCCATTCTCGATCAGCACCTGCAGGTGCATGAGTACATCGTTAAGCGCCTCTCCGTGGTCGACTACGCCGTCGCTCCATGGCTCGAGGCCGCCCAAGGGCCACTCCACGTCGATCTCCGCGGCTATGGGGCGATTGCTGCATGGCTCTCGCGCATGCAAGCGCGACCGCGCTGGATCTCCCTCGAGGCCCGTTAGACGACAGTCCCTCACTTGCGCCGAATGGATCGATCTGATTGCCTAAATCAGAGAGAACACCGCGGGCGGGGAGGAGCAACGGGTGTATTCGGTCACCAATCGAGTAGGTCGTCTCATCGAGGCGTGGGTGGTAACGCCGGTGTCGCAAGAGGAAGCCAACCGGCAATTTCTAGAAACGCGAACGATGGTCAGCACCATCGCCGCCTCGGGGCGCAAAGTCGTCATCGTCGTCGACTTCACCCAGGTGCAGCTGTTCGGGCCGGAAGTATCGGAGAAGCTGCTTCAAATCATGCGCGGCGACACGCCCCACATCGATCGGGTCGGCTTCTGGATCAACGATGCGCAGCCGATGTTCAACCTGCAGCTCCAGCGCATGATCCGCGAGGCGGGCAGTCCCGCACGGCGCGCGTTTCCCCGTCGACTGGCCCTCGAATCGTGGCTCGCCGAGCGCCTCTCGCCGCCCGAACGCGAACGCCTGCACGCGTTCCTCGACGAGCGCGAGAGGGTGTTCGCGTCCTTTGCGGCGGGCGCTTCGTAGCGTCGTTTACTTCTTGGTGCTCTTCTTGAGGAGATCGGCGAACGTACCGAGCGATGCCGGGGCCGCCGCCTTGCCGCGCGCGGCTTCGTAATCGCCGCGTTCCTGATCGGCCAGGGCGCCCTTGATGGAGAGGCGTAGCCGCCCGTCGCCGGTCTCGAGCACCTTGGCGGTGACCTTCGTGCCCTCGGGGAAGGACTTTCGCAGATCCGTTCCACGCGGGACGCCGATCTCGGCCACGGGAACGAGGCCGCGCCCGGCCTTGCCCTTGGTGCCGTCGATTTGGACGAAGAGGCCGTACTGCTCGATGCGCTCCACCGCGCCCGAGACGATGGCGCCGACCTTCACCGTGCCCGTCGCCACCACGCCGCCGACCTGAGCATCGTCCGGTGCGGGCACGAGCGAGATCTTTCGCGACGCGCGATCGATCTTCTTCACGACGACGCGGATCTCCTGTCCTTCGGCGGGCTTGGTGCCGCGGCCCAATTCCGAGACGTGCACCAGGCCTTCGACGCCGGGACCGAGTCGCACGAAGAGGCCGAACTCGGTCTCGCGCGTGACGGTTCCCAGGGCGACGCGCCCTTCGACGAGCGCAAGCTCGGCCCACGGATCTGCGGTGAGCGCTTTGAGCGACAGCGTGATCTTCTTGGTCGCGCCTCGGGCAGTTGAAGCCTTGGCCGGCTCGACGTCCTTCACCTCGCGGACTTGCACCTCCACGGTGTCGCCCGGCTTGAGGGCGTCGTCGACGGAGACACTGCGGTCGTGTGCGATTTCCGAGCGCGGAATCAGGCCTTCGATGCCGCCCAGATCCACGAAGGCGCCGAAGTCGCGCACGCTCGAGACGGTGCCCGTAAGAACCGCGCCGGGAACGATGTCGACCAGCGCGCGGGCCGCCGCTTCGGAGGACTCTTGCTGCAAGAACGCGCGGCGCGAGACGACGATGTTTTTCCCGCCGTCGCGGATGTCCGTGACCACGAAGCGAAGCAGTTGGCCGATGAGCGCTTTGGCGTCGGCGTCTTCTACGCGGCGCACGTCGATCTGGGACATGGGGCAGAAGGCGCGCATGCCGCCCACGTCGACGTCGAGACCGCCCTTGTTGACGCCGGTGACCTTGCCCTCGACACCGAGGCCCGATTCTCTGGCCTGCTCGAGTGCGGCCAGGCTGCCGGGTTTGCCCATCGAGCGCCCGAGGCGGATGATCCCTTTGGCGTCGTCGGATTCCACGACCTGCGCGGTGACGCGGTCGCCCTCTTTGACGGAGATGGTGCCGTCCGGCGCGCGAAGTTCCGCGGCGTCGAAGA
NZ_CP089982.1_gap149	5712743	5717230	4487	TCCTGCTTTTTCTCGAGGATGCGCTGCTCGGCGGCGAAGGGATCCTTCACGCGCGTGAGCTGCACCTGGCTGATCATCAGCGGCGGATCGATCTCGGCCTGGAAGCCGCCGCCGCTGCGAATCATCTTGGCGGCGTTGGAGGCCGCGGCGACGACGCTGGGCTCCTCGACGACCATGGGGACGACGTAGTCCTTGCCGTTGACGCGCACGTTGAGCGCGACGCCGAAGGGCAGCGCGTAGGTCCCGAGGACGTTCTCGACGAATTTGTCGGCCGTCTCGGCCTCGAGCCCTCCCGCCTCGAGGGAGCGTTCGATTTCACCGATCTCGGTTCCCGTGACGTCGGCGACGAGGGCGCGGCGCTCGGGGACGGTAACTTTGTAGAAGCCGGGCAAGCGGGAGGTTCGGGCCATGGCGGGGGGGTTCCTTGTTTCAGTGGTCAGACGGGTACTTCGGCGGGAAGAACGCGCACGCCGTCCCGGTCGATGCCGAGCGTGAGCGCGTGCATGCCGAGTTGCGAGGCACGTTTGAGGAAATTTTCCGAGGGGGGCGCCTCCCCGAGGAAGACGCCAATGTCACCGCCCCCGGCCCCCGATGGTAGAAACGTCGCGCGCTCTTCGGCGGCTGCAACGGTGAGGCGCTTGAACGACAGGGGCACGATGACGCCATCGCCCGCATCGCTGGTGGCCTCGCTGAGCTCCTCCAGGGTTTGACCGAAGTAGCGCACCGCCGCGATGAACTCGGCCGCGGTTCCCGCCTCACATTGGCGCACGGCGTGCTCCGAGGCTTGCCCGAGCGCGAGGATGCAGCGTCGGTGGGCGTCGGGATCGCGCTCTTTGAAGGTGCGAACCTGGCCGAGAAGATCGCTCGTGCGAGCGCTCTGACCGCTGAAAAAAACCGAGAAGTGCAGCTTTTCGGGCAGCTCCGTGGTGAGGACGCACGGCACGCCGGACAGCAAGGAATACCGAAGGACGCCGCCGTACGTGCTCGCGGCCACGTCGAAGCCGCTGCCACCGCCCTGCACCTCGCGATGCACGTCGCGGGCGCGGCTGAAGATGCTCGAGCGGACCTCGGAATCGGCGAGATCCTGTCCGCGCGCCGCGTAGACGGCGCCGAGGGAGGCCACGAGCACCGCGGCGCTGGAGCCGAGGCCGATCTTCGTGCCCTCGTGAAACAGGTGACCGCGATCGCACGCCGGAGCGCGATCGCCCAGCGCGTGGGCGACCTCCGCGGTGGGATCCTCTTCTTTGCGCGCCGTATCGGCCTGCGCGTAGCGATCCACCGCCACGACGAGCGCCGGGGCGCCCTCGAGGACGGCGTAGGCGCCCGTGAGCAGGACCTTCCCCGGCGCGCGCGCTTTCATCGCACGATCACCGCGCCGCCGCCGGGGCGCGTTTCGATGATCCGGAGAACGCCGGGCACTTGGGAAAGCGCCCCTTTGACGCGCGCCAGGTCGGCCGAGCGCACGAGCACCTTCACGTGCGGGCCCGCGTCGGCGGTGAAGTACGCCAGCGTCCCCTCCTGACGGAGCTTTCGAACGGCCGCGAAGAGATCCAAGGTGATGCCGCGGATGTACACGAGCCCCGCGGCCATCGCCGCCGCATGCATGGCCAGCGCGCTTCGCTCGGTGAGATCGCCCAGCTTTTCCCAATCGCGGGCCTCGAGGGCCAGCTTCATGGCGGCGAAGATCGCCGGCGCGGCATCGAGCCATGCGGGATAATACGGGCTGGTAAGCGCTGTCGTTTGCATGCCCGACGTGGAGCCCACGTTCTTCGACGCCTCGGTGACGACGCACACGAGCACGTGCAGATCGAGATGGTCCGGCGGCGCGATGGGCCGCGCACCGGAGATGCCCTCGCCCGCGGGAAGCTCGACGAAGCCGCCGAACAGGCTGCGCGCCGCGCTGGCCGAGCTTTGCCGCGCGAGATCGCTCACGCGCTCGATGCTCAGATCGAGACCCGGCATGGCGTGGACGGCGGCGAGGGCGAGCGCCGCGAAACCGGAGGCGCTGGAGGCCAAGCCGCTGGCCGTGGGAAAATCATTGGCCGATTCGACCGAGGCCCGCAGGCTTTGGCCCGCGAGGGCGCGAACGCGATCGAGCAAGGTGACGACGCGTCCATGCACGTCGCCGGTGGCGACCGCGCCGTTGAGCACCACGTGATCGGCCTCGAGGCCCGCATCGAAGCGCACCGTGGTGCGTGTCGACATGCCCTCCAAGGTGATCGAGAGACTCGGTACGGCGGGGTAGTTTCCGGGAACGGGCTTCTTGCCCCAGTATTTGGCGAGTGCGAAGTTCGTGTGGGCGATGGCGGTGGCCGCGGTCACGGCGACCTCTCTAGCTCACCGAGGTCTCGGACGCTCGCCCGCGCAGGCGTTTCTCCACGTTCGGCCGGACGGTTCCTGTCCGGCGTTTCGGCCAAAAAGCCTTCGAAGCCCGCTTCTTTCCAGGCGCGGAGAATGCGATCGGCGACCTCCCGATTTTCGACCAAGGCCGCCACGCACCCTCCCCCACCGGCCCCCGTCAGCTTGGCGCCCAGCGCACCGGCATCCCGTGCGAGCCCGCACATCCGCTCGATTTCCTGCGTGGAAAGGAACAGACCGCTCAGGAGCATTTGATTCAGGTCCATCAATTGGCCGAGCGCGCGCACGTCGCCGGCCTCGATGGCCAGCCGCGCGTTGCGAACGAGGGAGCGAATGCCCTCGAACGACTTTTCGACCATCTCGGGGCGGCGTTCGCGCAGGCGCGCAACGGCCTCGACCATGGACTTGGTGCTCGAGATGGTGCCCGTGTGACCCACGCACAAGAGGAGCGGCGCGCTGGACTCCACGCGCTCGAAGCCACGCCCGCGTTCGAAGTAGATGCAGCCGCCCTCCGCGGACACGGCGGTGTCGACGCCCGAAGGGTTCCCGTGAAAGACGCGTTCCCAGGCCATCGCCCGCTCGGCGGTGAGTGCCGCGTTGGCCGCCGGATCGAGCGCTCGCGCAAGGGCGACGCCCAGCGCCGCGGAGCAACCCAGGCCTGCGCCCGGTGGCAAATCCGTGCGTGCCTCCACGACGAACGAGCCATGGACGCCCGCGGCCTCGAGCACCGCGCGAAAACCGCGCGCGAGATCGCGTTCTTCATCGTCGGCCCGCAGGTCGACGGGCAGCCCTTCGAGCCGCAACACGCTGGTGCTCTCGTCGCACGGGATCGCCCGCGCCATGGCTCCGCGGGAGATCCCCACAGCAATGGCGGGCACGCCGTACACCACCGCGTGCTCGCCCAGAAGAATCACTTTGCCCGATGCATGCGACCACGGCCTCGATTGCGTCATCGTCATCTTTCGCGCTCCCCCAACGCCGAAACGGCACCTGCGAGTATCGTTCGTGCTTCCTCCCGCAAGTCCATTCGCGCCAGGTGCGCGCGCGATTCGTCCAGCAGCGCGGAGAGGCGAGCCTCCACGCGCGGCCGGGCCGTCGCCAGGCGCTCGAGCACGCGCGCCACGTCGGCGGCCGGCGCATCTTTGATGCCCAGCACACGCTCGACCAGCGCGCGATCTTCGCCACTGCGATCGGCGGCGAGCAGCTCTTGAACGAGCGCCGTGCGCTTGCCCTGCTGCAGGTCGCCCGCGGCCGACTTTCCCGTCTTCCGCGGGTCGCCAAAGGTACCGAGTAGATCGTCGCGAACTTGAAACGCGAGCCCCAGCGGCTGCGCGAAAGCTTCGAGCTCCGCCTTCTGCGAGGCGCTGGCCCCGGCGAGCGAGGCTCCGAGAAGGAGCGGCCCGCGGACCGTGTAGCTCGTTGTTTTGAGGTCGTGCACCGTTTCGACTTTGCCGTCGTGGTACACGTCGAGGACTTGCCCTGCCACCACTTCCACTTGCATACGCGCGAGCTCGCGGGTTGCTTCCGCAAGACGGTCCGGTGTGGTGCGGGTTTCCAGCAAGGCCGTGAGCGAGTAGCCCATGGCCAGATCCCCCGCCAAAACGGCGCCAATTTCACCGGCGCGGGACGACGCAAAATGCTCACGAAGCGCCACGTGCACCGTCGGTCCGCCACGACGGACCTCGTCTTCGTCCATCCAATCGTCGTGGATCAGCAAGTAGGCCTGAAGAAGCTCGACGCTGAGCAGCGCCGGTAGGATCTCCATCGCCGATTGTCCGCCGTAGGCTTCGAACGCCGCGCCCATGAGCACCGGGCGCACGCGCTTGCCACCGCGCGTCACGAATTGCGCAATCGCGTCAGATACGGCGAAGGCGGTCCCGCCGAGCTCTTTCGCTTTGGCCACGTGGGGTGCAAGCCACCGCGGCAACTCCCGGTCGACGGCCTCCTTGATGGTATGGGCAAAGTCCCCAAAACTTCGGGACACGGAGGAGCCGACAACCACCTCTTTCATAGGCGCACCATCATCTATTGCCGGGCGGAGCGTAGGGCGGTAGAAAAAGACTGTCAAGCCGGACTTCCACGGATTTCTCGTTTCAAAACAATAACTTTCATGTTTCTCTGAAAATCCA
NZ_CP089982.1_gap150	5718582	5719517	935	GCGAGCTGCTCCGCAAGATCGAGTACTTGGAGCGGGAAAAGGAGCAGCTCCTTTCCCACGTCCGGGAGGCCGAGCGCAATTCGTCGCATCTCTTCACACGGTATTCCGAAGTGGAAGAGGAGCTGTCGAACCTCGCGCACCTTTATGTGGCGAGCTACCAGCTCCACTCGACATTGCACCTGCGCGAGGTGCTGCGGCACCTGAAAGAGCTCCTCACGCAACTGGTCGGTTCCCGTGCGCACGCCTTCTACTTGAAGGACGGCTCCGACCTCGTCCCCATCTCGAGCGATGGCATCGAGCTATCGCGCCTGCCCCGCCTGGCCATCCACGCGGGATCTCGAAAAGAGGAAGATCGCGGCTCGCGCGATCGTACGGGGGATTTGATCGAGCGGGTTTTCATGACGGGCGTGGCGCACATCGAGGAGGGGGAGCTCAGTACGGCGCCGCGAGACCAACCGGCCGCGTGCGTTCCGATGCGCATCGACGATGCCGTCGTGGGGGTGATCGTGATTTATTCTCTGTTGGATCAGAAAGAGCAGTTCTTACCCGTAGATTACGCGCTCTTCAAAATGTTGGGGGCACACGCGGCCACGGCACTCATGGGGGCGCTCCTTTTCGCAAACTCGAACGGCAAGTTTCCTGGCCTCGAAGCCATCGATGCGATCACACGTAACGTCGGAGACGACTTGAAATGAGCGCCGAGTACACGTGCCTGGTGGTGGAAGACTCCCCCATGATGCGGCAGCTTCTCGTCTTCGCGCTCTCGCGAGTAAAGAACCTGCGCGTGACCGAAGCCGACGACGGCGTCGACGGCCTCCGCAAATTGGCCGCTGGCCGTTTCGACATCATCCTGACCGACATCAATATGCCGATCATGGACGGTCTGAAATTGGTGAAGCGCGTGCGCTCCGATCCGATGCACAAAGACACCCCGG
NZ_CP089982.1_gap151	5903803	5907316	3513	GCGTGTCGCCCGATCTCGCGCACCCTCCTTCCGGTGCCCAGTTCGTGAGCGGCGTCGAGGAAACGCGGCGAGCCGCCCGTGAACAGATTCAGCATGGCGCGGACTTGCTCAAGCTTTATGCGGATTTTCCCGAGGGCTGGGGTACCTTCACCGTCCACCCCACGCTCACCGTCGACGAGATGAAGGCCGCCGTCGATATCGCCCACACCGCTGGCCACAAAGTCGCGGCGCACGCCACCTCGAAACAAGGGATCCGCAACGCCATCGCAGCAGGCGTCGACTCCATCGAGCACGGAGAGAACGCCGATCCGGAGATCCTCCGACTCATGCGCGATCGCGGCGTCGTCCTCGTTCCCACGGTCGCCGCCCTGGCAAACCTCCTCGCCGACGCCCCCGCCAGCGGCCTACGACGCGAGCGCTACCTCAAACGCATCGCCAATAGCCCGCGCCTCGTGCGCGACGCACGCGATGCTGGCGTCAAGATCGCGGCAGGTTTCGATGCCAGCGAATCCGCCGACGACGGTCACAACGCCATGGAGGCCATCATGCTCGTGGCCTACGGCCTCTCACCCGTGGAAGCCCTCCGCGCCGCCACGTTGCGCGGCGCGGAGCTCATTGGGTGGGATGACCGCATCGGCTCGATCGAGAAAGGCAAAATCGCCGACTTGGTCGCCGTCGAAGGCGACCCGACCAAGGACATCCACGCCCTTGGTCACGTCACCTTCGTCATGAAAGACGGCGCCGTCGCTTGGGACGTGCGCGACGTCAGTGGAGCGTCCCTATCTCCGACTCGACCGCGCGGGCCAGCTCGCCCGACGCGATGAGCGCCGACACCGCCGCGATGTCCTTGTAGAGCGGCCGATCCTCGGTCAGAGGCGCCACCAATTCGCGCACCTTGGCATGCGCCGCGCGCACACCGCGGCTCGGCGTCAGCGGCTTTCGCTGGTCGAGCCCCGCCGAGGCGACCATCGTCTCGATGGCAATCGCGTTGCGCACGTTGGCCACGATCTCCCGCAGCTTGCGCGCGCTCACGCTCCCCATGCTCACGTGGTCTTCCTTGCCCGCCGACGACGGAATCGAATCCACGCTCGCCGGATGGCACAGCACCTTGTTCTCACTCACCAGCGACGCCGAGGCCACCTGCGCGATCATGAAGCCCGAGTGAAGGCCGCTGCCCGGCGCCAAAAACGGCGTCAGCCCCGTCGAAAACGCCGGGTTCACCAGCTGCTCCACCCGGCGCTCGCTGATGTTCGCCAGCTCGGCCACCGCCATCGCCGCGAGATCCAGCGCCAGCGCCAGCGGCTGCCCGTGGAAGTTGCCGCCGCTGATGATGTCCGGCTCCCCCTTCTCGTCCAAAAAGACGCTCGGGTTGTCGGTGACGCTGTTCACCTCCCGCTCGAGCACCGAGCGCACCCAGCCGAGTGCGTCGCGCGTTGCACCGTGGACCTGCGGCATACAGCGAAGGCTGTAGGCGTCCTGCACCTTGCCGCAATCGCGGTGGCTCTCCATGATTTCGCTGTCCGTGAGCAGCGCGCGCAAATTGCTCGCCACCGAGGCTTGCCCCGGGTGCGGACGCGCCACCTGCAGCCGCTCGTCGAAGGGACGTTTCGTCCCCTTCAGCGCCTCCAGGCTCATCGCACCCGCGATGTCCGATGCCGTGCACAGGCGCTCGGCCTCGAGCAACATCAAGGTGCCCAGCGATGCCATGTACTGGGTGCCGTTGATGAGCGCGAGCCCCTCCTTGGCCTCCAGCGAAAGCGGCGCAATGCCCACCATGCCCAGCGCATCGGCGCCCGGAATGTGCACGGGGCGGTAGCCGGCCTTGGGGTCGGCGCTCGCCCGCACCGAGGCTTCGACCGACGCCTCGCCTTCCCCGATCATGGCCAGCGCGAGATGCGCGAGCGGGGCGAGATCGCCCGAGGCGCCCACCGATCCCTGGGACGGAATGCGCGGGTGCACACCTTTATTGAGCATCTCGATCAGCTGCTCGACCAGCACCGGGCGCACGCCGGAGTGCCCGATGGCCAGCACCTGCGCGCGCAGCAGCATCATCCCGCGCACCTCGGCAATCGACAGATCGGGGCCGACGCCGGTCGCGTGGGAGCGCACCAGGTTTCGCTGCAGCGCACGAATGTCGTTGGCACCGATGCGCGTTTCGCTCAGCGCACCGAAGCCGGTGTTGACGCCGTAGATGCTCGGCGCATCATCGCCTTGGAGGGCGACGCGATCGATGGCCGCGCGCGATGCAACGACTTTTGCGCGGGCTTCGGGGTGGAACTCCACGGCGCGCCCCCGGAGGGCGACGTCTTCGAGGTCTCGCAGAGAAAAGGGTTTGCCGACGAGGACAGCGGACATGGATAGCCCAATAGCGCAGGCAACGCTGGCCGACAAAGACTCCTTCGGGTAACGTCCGTCCGCGCCATGCGTTATTACGTCTCCCTCGATTCTGCGGCGTCCCCCGACAGCCAACCCGTCGAGGTCGACGTCACCGAGTTGCCCAGCGGCGAGCTGCAGGTTCGCATCGGAGGCGAGCTCGTCGACGTCGACCGGGTCTCGCTCCCTGGACGCGGGCTCATTTCCGTGCGCGTCGACGGCCAGGTCGTCGATCTCACGACGGAAGGCACCCCGCCCGACGTCGGCGTCGTCGCCAGCGGGCACCGCTCCTACGTGCGCGTCGTGAGCGAACGCCAGCGCGCCGCCGACGCTGCGAAGAAAGCTGGTGGCGGCGCCGGAGAGAAAATCGTCAAGTCGCCCATGCCCGGCCGCGTCGTAAAAGTGCTGGTCCAAAAAGGCGACGAGGTCGCCGCAGGGCAACCGCTCCTGATCATCGAGGCCATGAAAATGGAAAACGAGCTTCGCGCCAAAGCGCCCGGCACGGTGGCCGAGGTGCACGTCACCCCCGGAACCGCCGTCGAAGGCAGCGCCAAATTGGTCACGTTCGCGTGAGGCCCCGCATCCCTCTGGTTCATGCGCCGACCCCCATCGTGCGCTCCAAAGCGCTCTCGTCGATGCTTGGCGTGGAGCTGTACATCAAACGCGACGACATCACCGGCGGCGCCGAGTCGGGCAACAAGCTGCGCAAGCTCGAGTACCTCTTGGGCGACGCCCTCGAGCGGCGCACCACCTGCGTACTCACCTGCGGCGGCGCCCAATCGAACCACGCCCGCAGCACGGCCATCGCCAGCGCGATGCTCGGCTTGCGCAGCATCCTCTTTCTGCGCACGGGCGAAAACCCCGACGCGCTCCGCCGCGACTACACGGGCAACGTCTTGCTCGATCGCCTCGCCGGCGCGGAAATTCGTCCCGTTTCGGCCGATGAATACCGCGATCGCACGCGCATCATGGGCGAAGCCGCCGAAGCGTTGGTCGAGGTGGGTGAACGCCCGTACGTCATCCCCGAGGGCGGCTCCAACGGGCTCGGTGCCTTCGGGTACGTCGAGGCCATGCGCGAAACGCGCATGCAGCTCGAGCACGGAATCGCGGGCGGCGCAGCGGCCTTCGACCTGGTGGCCC
NZ_CP089982.1_gap152	5910032	5914521	4489	TGCCGCGGGACATCAAAGAGCAACGAAAGGAACACCGCCGCACCCTCGCCCAGGACGCGGTGAACCTTCCGAACCTCCTCACGATGGCCCGCATCGTGATGATCCCCGTCTTTCTCGTGCTGCTGGATCGTCAGACGCCGCTCGACTGCTTTTGGGCCGCCATCGTCTACACCCTGGCCGCCCTGACCGACGCGCTCGACGGCTACTTGGCCCGCAAAATGGGCGTGGTCAGCGTCCTCGGAAAGTTTCTCGACCCGCTTGCCGACAAGCTCATCGTCATGGCCGGCCTGGTCTGGATGGTCCCCATGGGCCGAATCCCCGCCTGGGTGGTCGTCGTGCTCCTCGGCCGCGAAATCAGCGTCACCGGGCTGCGCAGCGTCGCCGCCAATTCGGGCGTGGTCATCTCCGCCGGTCGCGAAGGCAAAACGAAAACGGCGCTGCAAATGATTGGGATCATCGCCCTCGTCCTGGGTTACCCCTATCATCTGGCGTACTTGGGTATCGATCTCGGCGTGGTCGACCTGGTCCACGTCGGGCGCTTGCTCGTGTATCTTTCGCTTGTCTTTTCGGTCGCCAGCGCCGCCCAGTACTTGCAGCTTTTCGGGCAGGCGGTCGAAGCCAAAGAAAGCAACCTACGCGACCATTGAAGCCCAAAAACCCGGATATGCGCGCACAGTCTTTGCTCTGGCTTGCGCTCCGTTGCGAGCTACACTCGCGTCCGCGTTGAACCAATGACGACGCACGCCACACCGCAAGCCTCCGCAGTCCCCAAGTCCGGCCTCGATGCTGCGGATCTGGGCGCTTCTGCGCGCTCGTCGAGTCCGGCGGCGGAGCCAGCCGCGCGAAGCCGTTGGTCATGGATGGGCTTGGGGTTCGTCGGGGCGCTCGGCATCCTCGTTTTCTGGGCGTTCGACGCACTTCCCTTCCAGGACCTGCCGGCGCACGCAGGCCTCATTGCATTGCGTCATCGCTTCGCGGAGTCGCCCTTCGACCAGCGCTTCTTCGTGTTGGCGCCGCACCTGGGGCCGTACTCGCTGTTTCGGTTCATCGGCGAGCAGGTCACCTCGATGTTCGGGCCGATTGCCGCGGTGCGCACGCTCGGAACCTTGCCCCTCGTGGTGACACCCGCGGCGCTCCTTTTCGCGCGTAGGCGGTTGCACGGCGACATGTCGCCGACCATGGGGTTCATGGGCATCGTCCTCTCGTTCGGGCTGATGACCCTTCTCGGCTTCGCCAGCTACCTGCTCGGTCTGGCGGTCATGCTGTTCGGCCTGACCTTGTGGCTCGAGCTTTTGCTCGCCGCCGATCGCGGGGAAAACACGATCGCCAAAGAGCTGGTCATGCTGGCGGCGGCGCCGCTCATCTTCATCGCGCACGGCCACGCCTTCATTCTGTTCCTGGTGTTGGCAGGGATTGCCACCATCGTGACGGGCCGCCGGCGCCAGCGTCTACTGCGGCTGCGCACCCTCGTTCCGGCGCTTTCCCTCGCGGCGTACGTCGCTTGGTTGGAGCGTGCCTCGACGACGCCGCCGGGCTCCGTGCACGTGAGCGCCGCGAGCCTGGAGCCCCATTTTCAAGGGCCGTACGACAAGTTCACCTTGCTCATCACGCCCACGTTGATGACGCGAACCGGCATCGACTTCGTGATCGGCTGTGTGGTTTGGCTGCTGGTGATCCTCTGTACCGTTGCCACGGTACGGAAGCTATCGAAGCCGGATGCCGCGGCGTTCGCGACCGAAGGTGACGGCAGCAGCATCCACACGCGCGCCCTCGTGGCCGGGGCCGTGGTCATTGGCGCCATGTTCCTCGTGCTTCCGCATGCCATCGGCTGGTTCGGCTTCGTCGATGGCCGCCTGGTGCCGCTGGTTCTCTTTCTCTGCCTGATGGCGATTCGGCGGCCCTCGCTGGATCGTTGGCTCGCAAGCTCGCTGGACCGGATGGCGCCGGCCCTCGCCTACGGCGTGGCGGTGGTGGCCCTGGTGGCGTCGTACCGCTTTCAAAACGAAGCGCGCGGCTACCACGAGATCCTGGCGGCCGTGCCCAGTGAGGCGCGGGTCCTCAATGTGCCGCTCGATCCGAACAGCGACATTTTCACGGCCCACCCCTTTACGCATTACGACAAGCTGCTCTTGGCCGAGCGTCCCACCGTCGTGAGCGACATCTGGTTCCACCAAGGTTCCGCGCTCTACCCGACGAAGGAGAACCCCGCCTTGCGGTTGCCTTCGACCTACAGCGAGAGCGATCTCCACGGGGTCGACTGGGCGGCCTATCACCTCGAGGACTGGGACTACGTGCTCATTCGCACGCGCCCCGAAGCCTCCACCCCCGCCACGCCGGACCGGCTTTCCCTCGCCGAACACCGCGGCGGCTGGTGGCTTTACAAGTCACTGTAGACGCGAAGCAGACGCGAAGCAGACGCGAAGCGTGCGCCGGCATGGAGCGCCGGCATCCTGCCGGCGGTTAGCCGGCTTCCAGCCGGCGCCGCGATCGCCGCGAAAAAGAGCCACCTGGAAGGTGGCGGACCGCCGGCAAGATGCCGGCGATCCATACCTAGCGGTTCCTTCGTTTCGCGGACTTGCTCAGGTGCTGATCTGCGGGTGCTTCACGGTCTTCTTCTGCTTCTCGCTCTCCTTCGCGGGGCGAAGGTGGCCGAACAGGTACAGACCGCCCATGAACGTCGTCCACGGCCGGAAGTAGCGGAAGGTCGTGTACCACTGCAGCGCCTTCGGGCGCTCGGCCACCGGGCGAAGCCCGCATGCGGCCGCGTGGTCCTGCGCATGCTGGAAAGCATCCGCGATACGCTCCTCGACGACGCGGGGATGCGCGCGCTCCCGCGCCACCTTCGCGGCCGTTTGACCGAGACGGCCACGCCGCTTCGGATCGCGGATCAAGCCGAGCGTCGCCCGGGCGAAGGCCTCGTCGGCCTCGTCGACGCCCGCACCGCGGTTGCCCGGGGCGAGGAGCACGCCGTTGACGCCGTCCTGGATTTGCGCGCTGACGCCCATTCCGTCGGCAAAGGCAACGGTCGGCGTGCCGCACCAGAGCGCCTCGCCCATGACGTTGCCGTAGGTTTCGCTGAGCGACGCGTGCAAGAACAAATCGGCGTACGCGTAGTAATCCGCCATCTTCGAGAACGGCACCTCGCCCGGGAAGAACACCCGATCGGCCACGCCCTGTTCAACGGCGACGCGCTTGTAGTACTCCGTGTCGGGTCCCTGCCCGAGCAAGGTCAACGTCGCATCCGGCTCCGCCTTGGCAATGTGCCTCGCGAAGATGCGAATCAGCCGGTCCTGCGATTTTTCACGGGTGTGGCGCCCGGCGCACAGGAGGCGCGGGCCGCGGGAGAGCCGGCCATTGCCGAGGTGCTCGTAGGGGTCCGCCCCGAGCGGCTTGTCGAACATCTCCGGCTGTACGGCGCGCGGAATCACGTGGATGGGCGCGGTCACCCCACGCTCACGCCAGTAGCGGCGCAGCCCCTCGGACAGCACCACGAGGCCATCGCTCTCGTTGTAAATGCTGGCGAAAAGCTCCTCGTACGGCCGGCGCAGGAACATCTCCAAGCCGCCGTGGACCGCCTCGATCTTCGAGAGCTTCTCGGGCAGCAGCACGTCGTAGGCGGCCGCGAGGTGCGTCGTGTTCACGATGAGGAGCGGGATGCCCTTCATGCGGCGCAGCCATAGGCCGAATTCGACCAACAGCGACGTCGTCTGCGCGAAGACGATGTCGAAGTTCCAACGATCGGCGTCGTACACCCACGATGCAAGTGGAAGTGGGATGTGCACGCCTGGATACGTCTTCAGTGGGAGACTCGGAAGCGACACCGTACCCGGTGCGAGTTCCTCCGGTCTGGCATCCGGATCGTGTGGACCGATGACTGTGACTTCGTGACCACACCGACGCAATTCCTGATACAGAAAGCGTGTCTGAAACGCTGCACCGTTGGCGTACGGGATCCGAGTGAAGTCACTGAGAATCGCCACCCTCAAAGGCCGCCCCTGTCGCGCGGCCAAACGCGCGAACGGCGGGAGCTCCTCGAGGACCGATTCCTCCTGCTTTCTCGGGGAAATCTGGGAGGCCGGCGCCTTGGATGTTTCACCCTTGGCTACCGTTTTTCCGTGCAATCGCACGACGGTTGCGCTCGCATCGACCGGACGGACTTGCGCCGAATCCGGCATTTCACTTGCGGAGTCGCGGGCATGAAGGTCATCGACGTGACCGAGTTCTACTCGATAAGGGGAGGCGGGGTTCGAAGCCATCTCTCGGAGAAGGGTCATATTTCGTGCCAGCTGGGCCATGACCACTGGGTGGTCGCGCCGGGGGAGAAAACCACGCTCCAGGTAGTGGAGAAAGATGAAAATGCAACCGGGCAGAGCAGAGTAAACTATGTAGGTGGACCTGCGCTACCTTACGACCCCACGTACCATTTGTTGTGGCGCGTGGATGCGGTCCACCGTCTCGTTCGTCAAGAGCGGCCGGACGTTTTGGAGAT
NZ_CP089982.1_gap153	5916175	5917501	1326	GACGGCGTTGGTCTGAGCGGGGGCGGCTAAAAGACGTGCACGAGCGCGTGCGCGTGCACGAAGACGAACACGTCCACGATCACGATCACGATCACGCGAAGGTCGTGGTCGTTCTCGTGTTCGTGCACGCGCCCGACGACGAACACGGTCACGTGCACGAAACCACGATCACGCGAACCTCTTGTTCGTCCACGTGATCGTGTTCGTTCTCGTGTTCGTGCACGCGCTCGTGCACGATCCTCTAGCCGTTACCCCGCCGCCTCCCTCGCAACCGGAGCCTCTTCTCCCTTTTTCTGCCGCCAGATGTGCAAAATCGATGGCAGCACCAAGAGCGCAGCGACGAGGCAGAGGATTTCGCCGGACATGGCGAGCTTGCCGAAGGATTGGAGCGCCTGGTTGTCGTTGAAGAGCAGGGCGCCGTAGCCGACGGTGGTCGTGTAGCTGCAGAGGGCGACGGCGCCGCCGGTGCGTTTGACGGCGGAGGTGACGTCGCCACCAAGGAGACGGGAGCGGTCGAAGACGTTGAACGGATACTCCGAACCGATGCCGAAGGTGATGGGCAGCGCGATGAAGTTCAAGAAATTGAGCTTCATGTCGATGAGCGCCGCGCCACCGATGGTCCAGAGGACACCCATCACCAGCGAACCGATGACCACGATGAACCCGCGGAAACTGCTCGTGGCCACCAGCACCACCAGGCAGACCGCCAAGAACGATGCGCCCGTGGCGAGCGGACCGTCGCGCTCCATCGCGTGGATGATCTCCGCGAAGATCGTCGAACGGCTCGCCGTCTGCACCACCGTACCGTTGGGCAATTTGACGTTGTCCGTGGTCTTGGCGATGCGCAGCGCGATGTAGCCGTCGGAGAGCGAGATGTTCTGCGGCTTCACGTAGAACACGGTGCCCAGCGTCCCGTTCGACTCCTCGAAACGGCGGCGCAGCAGCGCAGGCAGATCTTTCGCGGCAACCGGCGCGAGATCCTCGGGAGGCTTCACCTCCAGCACGCGCTTGCGCTCGTCCTCTTGCATCGATGCGAGCACCGCGGGCGTAAGGCGATCGCGAATGCGCTCGAGCACCTCGAGCTTCTTCTTCTGCTCCTCGGCGTTGCCCGGGAGCAAATCGTCCACCGTCGTGATGTCCGCAATGAGCTTGCCCTGCGGATCGGCGGCGTCGTTCTTGAAGATCTGCTCCTTGAGCATCGGCACCTGCTCGGGCGAGTCCGCGAGCATCAGCGCGCCAGCAATGTTCATCTTGCCGCCGAAGACGTGCTCCGCCTTCGTGGACCAGCTTCCTGCACCGCTCGACTTCGACCCGCGTGAGCCCAGT
NZ_CP089982.1_gap154	5921052	5923991	2939	CGGTTGAGGCATCCCATGCTCCCCAGGGCGGCGAGGAGCACGAACGACGAGGGCACGAGGCAAGAAGCGAATGCGAGGCGGTGCATAAACGCAACACAATAGCCGAGCGGCCGGACTCGACCAATAGGTTCGTGCAGTCCGCTTATAGATTTGTATCGCCCTCACACGTGCCCACACTGTGGGTCTACGAAAGCTCCGAAAGCGGCATCCTGGGGAGCATCTCGGGCACGAGGGATGGGTCGCGGAGCGCCGCGGCGATGGCTTCGTCGAGCGGTGCGTCGCTCGGAGGGAGAACGAGGGCACGCGCGATCATGGCGCGGCCTTCGAGGACGAGCCCCTCGTACAGAGCATGGCCGAAGATGAACGGGCGGCCGCCGTGGGGGGCGATGACGCCGCCCTCGTCGATCAAGGCGAGCGCGTCCAGCTCGCGCGTGCGCGCGTTGGGCAAGCGCGTGGCCTCGGTCGGAATTCGCGCGGAGATGGCCGCGTACTGGCGTGCGTGGAGCGCCGCTTTGGCCGCAGGAAACGCGGCCCAAACGAGCGCGTTCAGAAAGTCGTGCCACTGGCGAGGGCGCGTCGGCACCCGCTTGGTGAGCGTGATCTTCCCGTCGTAGAGCGCCTGCACGTCGACGGTGTCGTTGTCGCCGCGTGCCTCCCGGCGCTTGCGGCGCGTCTTCTTGGGGATCTGCACCTCGAACGTGATCGGCGGGGGCGTCTCGCCGAAGGCCCGCACGTACGTTTCCACGGCGGGCCAATCCGGCTCGTCGCGAAAGGCCGACGCCGCCTGGGCAATGGGCCAAAAGAGTGGGTCCCGCTCGTAAAAGCGCGGCGCGAAGCACTTGGCATCGGGATCCGTGCGGCGCGCGCGGAGCGTTCTCGGCGTGCTACGGTCGTCCTCCCGGCGAAGCATGGCCCCAATCTATCTCATTGTTTCCATCGACTGCGAATGCGACAAAGGCCCAAAATGGCGCTCGCAGAGTCCCCTCGCCTTCACCGGCGTCACCGAGGGCATCGCGCGCCGGCTGCAGCCGCTTTTTTCGCGCTATGGCGCCAAGCCCACGTATCTCCTTTCGGCCGAGGTGATGCGCGATCCGGCGAGCGCGGACGCCCTGCTGCACCTCCAAGGTGACCACGAGCTCGGCACGCACCTCCACGGCGAATACGCCGAGCCGGACGCCTTCGAGCCGGAGGTGACCTCGGCCTTCCAGCGCGACTACCCGCGCGACGTCGAGGCGGCGAAGTTGCGCTACCTGACCGAGCTTTTCACGCGCACCTTCGGCCGCAAGCCCACGAGCTTTCGCGCCGGCCGCTTCGGCATCGGGCCGCATTCCGTGCCCATCCTCGAGGAGCTCGATTACCTCGTGGAGTCCAGCGTCACACCGCACATGGACTGGACCGCGAACGGCGCGCCGGGCCTCACGTTCCGTGATGCGCCCACGCAGCCGTACCACCCCGATCCGCGCGAGCCCGGGCGCCCGGGAACGAGCCGCATGCTCGAGGTGCCCGTGACGATCCGCCCTCACCGCGTCGGCCGGGTTCTTCCCCACCTGGGTTGGCTGGGCTCGCGCCTCGCGCAGATGGTCGAACCGCGCTGGCTGCGTCCGACGCGCAACAGCGCCGAGGCCATGGCCGACGTCGCCCGGGAAGAAATCGCGAGCGCCCCGCGCGGCAAGCCGGTGGTGCTCAATGCCATGTTCCACAACGTGGAAATCATCGCGAACGGCAGCCCCTATGCGAAAAACGAGCGCGAGGCCCAAGCGATTCTCGCGCGCCTCGAAGGGCTGCTCGCCTTCGCGCGGGCAGAAGGCATTAAGGTCGTGGGCCTCTCGGACGTGATGGGCATCTGGTCGGGGACGGCGTGAGCGGACGCGCCATCGTCCGCACGACCTTGCTCCTGCTGCCGATGCAGATCGTCTTTCGGGCAGGCGAGGCCATTCTCCCTTGGCTGCTCGCGGTTTGGTTCGGCAGCAGCCACGCGACCGACATTTACAACCTCACCTTTGCGGCCTTCACCTTGGCCGCCTCGCTCATCTTCGGCATTTTCCAGGACTCGGCGTTGGTGCCCATCCTGGCCGAGATCAAGCTGACCGATCGCGCCTCCATCCCTCGCATCACGGGCTCGATCCTCGCGCACACGTTGCTCTTCGGCAGCGTGCTGGCCGTGGTGGTGGCGCTTCTCGGATTCGGCTGGTTCTCCCTGCATTACGAGGGTGACGATTGGCTTCTCGGTGCGCGCATGGTGCCCTTTTTCGGCGTCTTGCTCGTGGCGATGTCGGTCAAGACCTTCTTCTGGGCCATCCTCAACGCCGACCATCGCTACTTCGCACAGCCGGTCGCGAGCTCGATCAGCATCGTCGCCACCATCAGCATCATGGCCGCGTTTCGCCACTCGCTGGGCGTGCTCTCCATTCCAATCGGTACCTTGGTCGGTGACTGCCTCGCGATCTTGGTGCTCAGCATCATCGCGGTGAAGTTCGCCGGCATGCGCATCCAGCTCACCTTGGAGCGCCCCGAGCCGGTGCTTCGGTTCGCACGGCTCGTGGCCGCCGAGGTGGGCGGCAGCGCGGTCACACGCATCAATCCGGTGGTCGACCAATTCATGGCGGGGCTCGCGGCCGTGGCCGGGGGCGGCACGCTGCTGCGTTTTTCGGGCGACGTGGCGTCGCTGCCCACGTCGCTGCTGCAGGCGGCGCTCCTTCCGGTGCTTCTCTCGCACCTCTCCGAGTACTTTGCCGCCGGCGACATCACGAAACTGCGCGCCACCGTGGCGCGCGCGCTGCTCATCGTGGGCGGGCTGCTCCTGGGCATCTCGTTGCTGCTCTACGCCGTGCGCGAGCCGCTCTTGAAGTTCGTCTTCCTGCGGGGCGAGATGGATGCGGCGGGCGTCGATCGGATGATCCGCATTTTGCCCTATCATCTCGTGGGGCTTGCACCGTTCG
NZ_CP089982.1_gap155	5961427	5966426	4999	CATGGGCGGCACCATCGACAAGGAGACCGGCCGCCGGGTGCTCGTGCGGGCGAAGCTCAAGGTGCAGGTGAAGGTCAAAGACACCATTCACGAGGATGCCGACTTCTACGTGACCACGCAGGGCGTGCTCGGTGAGCAATTCCTGCAGATCGAACCGGGCACGCCCACCCGTCCCATTCTGCGCGAAGGCGCCGTCGTCAAAGGCATCGACCCGCCGCGACTCGACTTGTTCCTGGCCAAGGCCTACGAGCTGCTCGACACCGCGGTGACGGGCATCCGCAACAACCGCGAATTGCTCGGCGACATCGCGGTGAACACCTTGGGCGTGCTGAAAGGCCTCAACATGGCCATCTCCGACAACCGCGAACGCGTCAACCGCACCATGGAGAACCTCGAGAAGCTCTCGGCCGAAGCCAACGCTCTCACGCAAGACGCGCACAAGACCATCAACGATCCGAAGATCCGCCGCACCATCGACAACATCGACAAGCTCTCCGCGGATCTGCAGCGTGACTCCGGCCCCATGCTCAAAGACGCGCGCGAAGCGTTGGGGAACATCAACCGGGCCTCCGCCACCGTCGGCGCCCCCGAAGAGCAGGCAAAGCTGAAAAAGACCCTCAACGACGTCGCCGAACTGGCCTCCCGCGCCAACGCCGCCGCCGCCGACGCCCAAGCCATCGTCGCCCACGTGAAGAAAGGCCAAGGCACCGTCGGCGCCCTCATGATGGACGAAGAGGTCTACGACGACGTCCAAGAGATGGTGCGCGACCTAAAGCACAACCCCTGGAAATTCCTCTGGCGGGAGTAGGACCAACCGAAGAGGAAAACCGCCAAGGCGCCAAGAACGGGCGGCAGACTTGACTAAGTGGACTAAGCTTATGAAATAGTGGGATGAAGGTCGTTACCGTCCACGAGGCCAAGACGCATCTTTCGCGCCTTATCGAAGAGGTTCTCGAAGGCGAGGAGGTAGCGATTGCGCGCGGAACGAAAGGCCATCCCATCGTTCGCCTTTGTTCGAGAACCAGCCCCCAAACGAAAGCTTGGGATCTGGAAAGGCCAACTCGAAATCAAGGATGAGTTCTTCGATCCTCTTCCTGAAGACGAGCTCCGTGCCTGGGAAGGGCGATGAAGGTCTTACTCGACACCCATGCTCTGCTCTGGGCATTGGTCGACGATCAACGGAGGCTCAGCAAGGCCGCGCGCGATCTTCTTTCGGATCCGGAGCACCGGATTCTCGTGAGCGCCGCCTCGGCATGGGAAATCGGTACCAAACAGCGCATCGGAAAGCTGCCACCACTTCCAGGTGATCTCGCGAGCGCCATCGCAACCGCGGGCTTCGAGCCGCTCGCCATCACGATGGAACACGCGGAGCTCGCGGTAAGCTTGCCAGGAGAACACCGAGATCCGTTCGATCGAATGCTCGCCGCTCAAGCGCGTGTCGAAGGCGTAGGCATCGTCAGCGCGGACGAAGCGCTCGATGCCTTCGGGGTCGAACGACTCTGGTAATTCGCGCCAGCGTTACGTGTCGCTACCCGTGTCCGCACCGCTGTCCTGGGGCGGTTGCGTGTCGGGGACGTTGGTGTCGGGGACGTTGGTGTCCGGTCGATTGACATCGCGCACGGCGGCGTCTGCATCACGCGATGCATCGCCGGGATTTGCGTCGCGCGCGCCGGCGTCTTTTTGGGGCGACGGCTGGGTGCCGGAGAGATCGCTCTTGCAGACGCGGCGGCCATCATCGAGGGGAACGCAGGCGAGGCCGGGTTCACAGTCGGTGGCCTGCAAACAGTCAGAGCCTTCGCCGGAGAGTTTGCTCTCGCTGCACGAAGCCAAGGCCAGCAGAATGCACGGAGCGGCGGCGCCCAGCACGAGCGCGATTCGGACCCTTATTCCAGCGTGATGAGGACGGCTCCCTCGTCGACGGCCTGCGACTCGGAGACACGAATTTCCTTCACGGTGCCAGCTTCCGGAGCCTCGACCGGCATCTCCATTTTCATCGACTCCAGGATCACACACGTTTGGCCCTCTTCGACTTTGTCTCCTACTTTGACCTCGATCTTCCAGACTGTGCCGGTGATGTGCGCGGTGACTTCGATCGGCTTCGCTGACATGTTGGGTGGCCGGACACTAGCTTTTTTCGCAACGATCAACAACTCGGCCGTATCGTTCACCTGGCGGAGCCGCGGGGCGTTCGTGCGGTTGCGTAGGAGATCTTAAACCTGTAACTTTTGTTATAGGAAACGAGACCCATGGCGGAACAGAAAGAGAGTTCGGTCCTCTTCTCGCTCAAAGAACTCATGAGCCTCGAGGAAGATCGAATCAGGCAGGAAGAATCAGATCGCCGTCGTCAGGAAGAAGAGGCGGTCAATGCGCGCCTCGAGGCGGAGCGTCGTGCCCGTGAGGAAGAGGAGGCGCGGCTGCGTGCCATCGAGAACGAGCGCCTCGCCGACGAGCAAAGGCAACGCGAGGAAGCCGCCCGGCTCGAAGCCATTCACAAGGCCGAGATCGAGCGTGCCCGGCTCGAGGCAGAAAACGCCGCGCGTCTGCAGCAGCTTCGCAGCCAACAAGAGCACGCCGAGCGCGTGGCGGCCCTCTCGCAGGACCGCAGCAAGAAGAAGCTGCTCTACATCGCTGTCGGTTCCGGCGTCGTCCTGCTCCTCGTGCTGGTCTTCGGTGGCATGGCCATCAAGAGCTCCCTCGATCGGCAGAAGGTCCTCGAGGACACCATCTCCACGCTCAACAACGACGCCGAAAAGCTCCGGGCCGATATCTCACAAGCCACCACGCCCGAAGAGCGTGCCCGCTTGGAGCGTGAACTTGCCGAGAATCAAAAGGCCATGGCCGACCTGAAGGCCAACCCGGGCAATGCCCCGCAAGCCGCCCCGCGGCCCCGCGTCGCGCGGCCGTCGCAGGGCAGCGGCGCCTCCGGTTCCACCGGCGGTTCGGCCCCCGAGAAGCAGAAGCCCTGCGACTGCAAACCGGGCGACCCGCTTTGCTCGTGTCTTTAGTTTGTGGGGGGCTCCGCCGCCCCACCCCCCCGAGAGCTGGTTGGGGGGGCGCTTCGCGGGTCGTTGGACGTTAGGGGCGTGGCAGAGCGCGAAATCTTCGCGTGATCTCTCGAAGGAATGTGATAGGCGACCCGTCATGAGCACGGGTCGTCTCATTTTTGCAGCGGACTTCGCGGATGTCGACGAGGCTCGCCGCGCGAGCCTCGCACTCCAGCCTCACCTGGGGTTGGTCAAAATCGGGCTGGAGCTGTTCGTCGGCGCGGGGCCGCAGGCGCTCTCCTGGGCGCGTGAGGCCGGCCTGCCGGTGTTTCTCGATTTGAAACTGCACGACATTCCCGCCACCGTGGAACGGGCGGTCGATCGCGCCGTTGCCCTGGGGGCTCGCATGCTCACCGTGCATGCCGGTGGCGGCAAGGAGATGCTCGCCCGTGCCGTCCGGCGCGCCGAGGCAGCAGGCGACACGTGCACCATCGTGGCGGTCACCGTTCTCACCTCGCTCGACGACGCCGACCTCACGCAGCTCGGCATCGATGCCAAGCCCGACGCGCACGCGCGCAGGCTGGCGCGATTGGCCTTCGACCAGGGGGTGCGCGCCTTCGTGTGCTCGCCCGAGGAGGTGGCCACCTTGCGCGTGGAGCTCGGTCCGATGGCCACGCTCATCACGCCGGGTGTTCGTCCGGAGATCCCCGGCTTGCCGGGGGCGACTTTCAACGCAGGCTCTGCGAAGGGCAGCGACGACCAGAAGCGTGTCGCCACCGCCCGCGATGCCATTGCGCGCGGTGCGGATTACGTCGTGGTGGGCCGCCCCATCCGCGACGCGGCCGATCCCGTCGCGGCGGCGGCAAGCCTCGATCAGAGCGTTCGTGAAGCGCTCGCCGGTCGCGCATGAAGCCGCCCGTGAAGCCGCGCTTTCAAGACAAGGCTCGCTACCGCGAAAATCCGCAGCCCCCGGCGCCGTCGCTGCCGCCGGGCACGCGCCTCATCGTGGGCATTCAGCCGGTGCGCGAGGCCATCCGCGCCGAGGAACGCGGCCGCAAGCCGCCCATCAAGGTCCTCGTCGACGACAAGAGCTCCCCGCAGCTCGATGCGCTCGCGCGCTTTGCGCACGACCGCGGCATCCCCGTCGAGCGCATCTCGCGCTCCGAGCTCGATCGGCACACGCGCGGGGCGCACCATCAAGGCGTCGCCGCCCTCGCGCCCGAGCTCGAGATCCTCGGCCTGGCGGATCTCACCCTGGGCCCGAGCGCCCTCGTACTCGCCCTGGACGAGCTTCAGGATCCCCAGAACTTCGGCGCAGTTCTCCGCTCGGCGGTCGCGCTGGGGACCGACGCGGTGCTCTGGCCGGAGCACAGCTCGGCGCCTCTTAGCCCGGCCACGTTCCGTGCCTCCGCGGGGGCCGTGGAGCATGCGACGTTGTGCCGCGTGCAAAGCCTACCCTCGGCGCTGACCGAGCTCGCCGAACGCGGGCTCGATGTCGTCGGCCTCGATGCCCAAGGCGACGAATTGCTGCAAGATGCGCACTTGGACCTTCCGCTCGTCCTCGTTCTGGGCGCGGAAGGCAAAGGATTGCGCAAGTCCGTCAAGCAGGCGTGCCGCCGCTTGGTGCGTCTACCGATGCGGGCTGGCGCCGTCGACTCGCTCAACGCGTCGGTCGCCGTGGCCATCGCGCTCTATGAAGTCGCGCGACGCCACGGCATCCGTAACAACGACGCCTAGCCCTTGGAGCCGGTCAGTGGCCCAACGAGGGGGAGGCAGTCTCCCCTTCCGGCGTGGCCGGCGTTTCCGTGGCCTCGGTTGCGGGCGCTGCGGCAGCCGGTGCCGGCGCTGCCGCCTGCGGGGCTGCTGCGACTTGCACAACGTAGCCGGGGCGCAGCAACATCGCGTGGAGCTGGGTGCGCAATTGCTTCTTCCGCTCCTCGATGAAGTCGGGGGCAAAGCAATCGCTGCTCGCGAATTGCTCGACCACGCCGCCGATAGCGAACGTTGTCATATAG
NZ_CP089982.1_gap156	5982762	5984900	2138	CCACCCCTCGGCTGCGCGCTGCGAAGCCTGCGGCAGAATGGGATCCGTCTTGAGGCGGGTGAAGTAGCTCTGGAAGTCGCGCGCGAGATCTTGCACGAAAAAGACGACCCGGTGCGGCTCACGCAACACAGCGGCCGTGCGCACCAGATCGGGAAACTCCGCCAAGCGCGAGGCAATGGCCAATTCGTCCGGGTGGACCAGCGATGCCCACTCTTCCGGTGAAAGCTGCGTGCGCAATGGAATGCCCATGCTTTCGGCTTTGCGCAGAATCGAGCACAGGCGCGCGTGCCCGTATTGAACGTAGAACACCGGATTGTCGAGGCTCTTCTTCTTCGCCAAGTCGATATCGAAGTCGACATTGGAATTCGCATTGCGCGATAGGAAGAAAAAGCGAATCGCATCGCTGCCGGCGCCCTTGCGGCCTGCCGCCTCGTCGATTTCGTCGGCCACTTCCTCGATGGTGACGAAATTCCCCGCCCGCTTGGACGAGCGAACCATTTCACCATTCCGGTAAATGAATACCAATTGATAGAAGAGGCATTCGAGCCGATCGGCGCCGAAACCGAGCGCCTCGATGGCGTTGCGCATCCGCGGCTTGTAACCGTGGTGGTCGGCCCCCAATACGATGATCATATGGTCGTAGCCGCGACCGATTTTGTCTTTGGCGTAACCAATGTCGCTGGCGAAATAAGAATAATCGCCATTGGACTTTTGCACGACGCGGTCTTTGTCTTCCTGATCGCCTTTGGCGACGAAGAAGAGTGCGCCGTCTTTGCGCACGAGGTGACCGTCGCGCTCGAGTTGAGCCAGCGCCATGGGCACGGCCCCCCAACGATGGAGCGATTCCTCACTGAACCACACGTCGAAGTAAACGCCGAGGCTGGCCAGCGAGGTCGAAATGCCGGGAAGAACTTTGGAGCCTGGGATGCCGCGCAGCATCCAGGTGACGCAGGTGCGGCCGAGGGCTTCCGTGTCGCCCGAGATGGCGGCGGGGTCGACCTGAGCGAGGTGGTGCGCCAGCTCTTTGACGTACTCGCCTTGGTAGCCGTCCTCGGGCACGTCGCGTCCGGCGTGGATGGCTTTCACGCTTTCCGCGAAGAGGCGGATCTGATTGCCGCGGTCGTTGATGTAGTACTCGCGCGTGACCCGCCATCCCGTGGCCTCGAGCAGGCGGCCGACGGCGTCGCCATAGATGGCGTTGCGGCCGGATGCCACGTTGATGGGACCGGTGGGGTTCGCGCTCACGAACTCGAGGTTCACGCGCTGCGGGCCGGCGGGCACGCGGCCGAAAGCGGTGCCGGCACGGAGGAGCGCATCGAGCTCCGCATGAAAGGCGCGCGGATGCAGGCGCAAGTTGATGAAGCCCGGGCCCGCGATCTCCGCGGACGCCATGATGGGGTCGGCCCCGAGGGCGCGGACGATGGCCTCGGCCAGCGCACGCGGCGCGAGCTTGACCCGCTTGTTGAGGACGAGGGCGATGTTGGTCGCGAAATCACCGTGCTCGGGGCGCTTCGGCCGCTCGACGGTCCACGAGGCCTCGCCGCCGAGCACATCGGCGCCTGCGGGGAAGGCGCCTTCCTGCGCAAGCCGGCTCAGCGCATGCTGCAACGATTCGCGGACTCGATCGATCAAGCTCATTTCTCGACTCTTTCGGTAGCGCTGTCGCGCAAATTGGGCAATTTTTCTGCCATTCCACTGAAATTCACCATGAATCGGGAACAATCCGCCGGCGTTTGCGGTAGGGAGTCGCTGTGCTTATTCCTCTTGTCGGGCCGCGTAAATTCGTCGTCGCGGCGGTTCTCTTGGTGGCCGGCAGCTCGTGCAGCTCTACGCCGGAGGCAACGCTGGCGCTCTCGGTGGGCGGCGAGGCCGATGCCTTCACCCGGGCGCCGGCCCCTACGACGTTGGTGGTCGACTCCATCGACGTGAACTCGGGCGCGGTGTCGAACCTGGCGCGCGCCGCCCTTCCCGCGTCCAACATCGACTTGGGGGACCATAGTTCGTCGAATCTGGTGCGCATTCGCGCGAACGGCGTCGATGCGAACGGGCTCGTGCTCGTCACGGGAACGTCGGTGAAGCTCCAATTGGGCGCGCTGGAGAATGCCTCGCTCCCCATTTTCGTCCAGCGCACGTCGGAG
NZ_CP089982.1_gap157	5994475	5996119	1644	TGGCCGGTGATTTAGAGTTCACATGAAGGCGGGAAGTTTTTTCGGTTTCAATCGGCCCATCGGGCCAACTGCAAACCCAAAAAAGCGTTCCGCGCGTCCGTGCCGTAAGTCCTTCCCGCCTTCCCGCCTTCCCGCCTTCATGTAAATTCTCCTGCCGCGACCGGGCCCCGCGCCTACCCCAGTTGCTTCAACAGCCACGCGCGGCTCTTCTCGAGCACCTTCGGCGACACGTCCGCATCGAGCTGCGCGTGGATGTCTGCGATGGTGGTCCGCTGGAGAACCGCGCGCCAGGCGCTTTCGGCGCGGTACATCACCGAGGCGATGACGCAGGGCCCATCGGGGAGGACCTTCGGCGTGCCCGGGATGTTGCGACGGATCTCCGTGCAGCGGAAAGAATGCGCATTGCCTTCGACCGCCTCCACGACGTCGAGAAACGTGATGCGGTCGGCGGGCCGGGCGAGGCGGTAACCGCCCTTCGGCCCGAGCTTGCCCTCCACGATGCCCGCCTTGGCCAGCTCCTGGAGGGCCTTGGAGAGGTACTCCTTGGGGATTCGGTGAAACTCGGAGAGCACCTGCGCGGGGACGAAGATCCCCTCGGGTGCCGAGGCGAGGACGCTCAGGCAGTGGAGCGCCCACTCGACTTGGTTACCGAGGTTCACATGCGGCACTATACCAAACCGCTGTTTGTGATGCCGAGCAGTTGGTCCCTCGAGCCCGGCACGGCGCGGAAGGCGACCGAAAGGCGGTTCCACGTGTTGATGATCCCGATGAGGAGCGTGAGATCGGACAGCTCCTTCTCGGAAAAGACGGTGCGTGCCTTCTCGTAGAGCGCGTCGGGCACGGCATCCGGGGTGGAGATGTTCGTCACCGCCTCGGTCCATTCCAGAGCCATTTTCTCGCGCTCCGAGAACAGCGGCGACTCCCGCCACGTCGCGATGTGGTGCAGCCGCAGAGCCCTCTCCCCTTCGATGGTCGCTTCCTTGACGTGCATGTCGACGCAGAACGCGCACCCGTTGATCTGCGAGGCACGGATGTCGATCAGGTGGCGCAGCCCCGAGTCGATGGACTCCTTCTGGGCAGCCTGAGAAAACTCGAAGAGCTTGCGGTAGGCGGCCTTGGACAGTTCGAAATAGGGCAAACGTTCGGACATGGTGAGGTTCCTTTCGAGCGAATATATTACGGATAATATTAGTCCGTAATATGGACCCGACAAGTCCCCTGCCCCGGCTTCCGCAGTTTCCGCGGTCTATCCGCGCTTGCGCGCGCTGCTGGGGCCGTGGGTCGCCATGCGGCGCACGTTGGTGGTCATGAGCCGCAGCGCCGGTAGCGCGGTGCCGCGTTTCTGCTCGAGCCACGCGAGCCCCTGCTCCACCGTATCGAACAGGTTCTTCTCGTAAATCGGATGAACACCGGCCCAACGCATGGCGAGCTGCACGCCGCGCAACTGCGGATCGCGCGTGACGCACGCGATGTACGGGTTGTAGTTCGGGTCGTCGGCCAGCTCGGCGAGCTGCTTGCGGCGGATGGCATCGGGACGATCCGTGTCCAAGTACAAAAGCACGGCAATGCGCACCGGAAGCCGCGGGCCATGGATGGCGACCTGCCGCATGTCATTGAACGCAAGCTCCCAATCGTCGTCGCTCA
NZ_CP089982.1_gap158	6002665	6007265	4600	CGCTGGCCGCGAGATCGGACGTGGCCAGCGCCGGGCCTCCGAGGCCCAAGTAAATCGAGACGTGCCCCACCGGAGAGCTGGGCACCAGATTGGGAAAGTCCGCGGGACTCGCCAGCCGCGGTCCCTTCTCGAACAAGCGATGCATGAACGCCGCCGACGCCGAGATGGTCCCGAAGGAGCTGCCCAGAATGACGCCGAGCTCCTCGCGCGGGCCATGGGATAGCGCGCCCGATTCCTGGTACGCGCGTTCGACGACCAGCGCGGCCATGCGCGAGGATCGATCCAGCCGGCGCGCGCGCCCCAAATCCAGGTGCGCCGCGAGATCCAACGTCACTTCGCGCGACCCCTCCCCGTCCGCGCGCTGCAAAAGCTCACCGCAATCCGCCGTCCCGTGAAGGCCGCGCGGCGTGAGGGCGGCGGCGCCGGTCACCACGACTTTGCGCCCGCGGCGATGGCGCGCGGCCACGAGCCCCGGCTCGGTGAAGACCAGGGCGCTGTCCATCCCTCCGAAGCCGAACGAGTTCGTGATCACCGCCCGCACCCGCGCATCGCGTCCCACGCTGGGAACGTGCACCAACGAGCACGCGGGATCCGGCTCCTCGAGGCCGGCCGTGGGCACGAGGGATTGCTTGTGCACCGTCAACGCGGCGATGCCCGCTTCGATGGCGCCGGCGGCGGCCAGCGTATGGCCAATTTGCCCCTTGGAGCTCGAGACCGGAATGCGAGAGAGCTCGTCGCCCAGCGCAAGCCGCAACGCCGCGGTCTCCATCGCGTCGTTCAGCGGCGTGCCGGTGCCGTGCGCGTTGACGTAGTCGACGAGGCTCGCGTCGAGTCCCGCTTCGCGCATCGCCGCGCGGATGATGCGGCCCGCGGCCACGCCCGATGGCTCGGGGTTCGTGATGTGGTGCGCTTCCGCGCCCATGGCCCAGCCCGCGAGCTCCGCCAGCGGCTCCGCCCCGCGCGCGAGCGCACGTGTGGAGCGTTCCAGCACGAGAAAGCCCGAGCCCTCGCCCAAGTTCAAACCGCGGCGGCGTCGATCGAACGGGCGACACGGTTCCGGATCGATCGCAGCCAGCGCATTGAAGCCGCTCAACGTCAGCCGGCAAAGGCCATCGGTGCCACCCGCCACCACGGCATCGACCCGGCCCGACAGAAGCCAATTGGCCGCGACCAAAAGTGCATTCGCGCCGCTGGAGCAAGCGCTGGCCACGGTGCGAATCTGCCAGAAGGGCCCGATGGCCTCGTCGAGGCAATCGCCCGTGGACGTCAGCGGGTGCGCGAGCATCTCGAGCTGCGCCTGCTGCGAATCCGGGTGCACGTGAAGCTCGGCAAGGCGCGCCTCGGTCTCGAACATGCCGCCGGTGGTCGCACCGACCACGAGCCCGACACGCAGGCGCCGCGGATCGAGCCGCGCCTGCGCCATGGCCTCGCGTGCCGCATGAAGCGCGAGCAACGTCGAACGCGACCACGCGCCGCCGCGGTACTCTTTGGGGGCGGTCTCCAACGTGAGGCCGCGCACGGCGCCTCCGAGCGAGGCGCGCTGACCCGTCGTATCGAAGAGCTCGATCGGGAAAATCCCGCGCTCGCCCCTTCGGAGCGCGGCCCACGTGGTCTCCCGCGTCTCGCCCACGGAGGTGACCAGACCGACGCCGGTCACCGAAATCCGAAGCGGCTCGGTCACGGAATCCTCGTTAGGTTGCCGGGATGGCGCTGGGATCGCCACCGGAAACGCCGTCCTGCGCGGCCTGGGAGCGCACGATGTACTCGGCCAGCGACGCAACGGAGCGGAAAATGGGGCGCGCCTCGTCCCCTTCCGGGATGCGCACGCCAAAGGTCTCTTCGATGCTCATGGCGAGCTGCAAGGCATCCAGCGAGTCCAGCCCCAGCCCTTCCCCGAAAAGCGGCGCCTCGTCCTGGATGCTTGCCGGATCTTTGCCCTCCAGGTTGAGCTCGCGAACGATAAGCTGTTTAATCTGGGTCCGGATAGTCGACTCTGCCATGAAGACGCGCAGCATAGCGCGTCTTCCTCGAAACGGGGACCTCCTAAACCGGTACCCTTTCGGACGGGTCGATCGTGCGCTCCTGCGATTTCGGCGCGGGTGCGGGCTCCGCAGGAGCCGATGGCGCACCGGGCCCTAGCTCATTTCCCGAGCCGCCGGGTCGTTTGAAGGCAACGCCGTCGATCGTGAAGACCACGAAGGCGCCCGCCAGAGCCCAGGGAACGAGCACCAACGCCACGCGCTTGCCCAGGTGCATATTCCGATCATAGGTGGTGATCCCCTGGTGCGCTACCCCGGCCCCCTCGGCGGAGTCTACTTTCCCGGATCTTTTGTACGTGGACGGCGGCTCCCGTTGCATTTTCTCGCGTGCGTGGCGCTGGCGTAACGGGTTAGCTTCCATGCATGGGCACACTCGTCCACTACGCTACCGACAAAGGCGTCGCATTCCTGACGCTCACCGATCCACCGGTGAACGCCTACACCTATGAAATGTTCAAGGAGCTCGACGCCGCCATTTTGGAGGCGCGCTTCGACGACGACGTGCACGTCATCGTGCTCACCGGCCACGGCGAGAAGTACTTTTGCGCCGGCGCGAACATCAACATGCTTCGCGAGGCCGACGAGAGCTTCAAATACTATTTCTGCCTGCACGCCAACGAGACGCTCTGCAGGCTCGAGCAGACGCCGAAGCTGGTCATCGCCGCGCTCAACGGTCACGCGGTGGGCGGCGGGCTCGAAGTTGCCCTCGCCTGCGATCTGCGCGTGGCGCGCACGGGCCCCTTTCTCGTGGGCCTTCCCGAGGTAAACCTCGGCGTGCTCCCGGGCACGGGCGGCACGCAGCGCCTTGCGCGCCTCATCGGCCGCTCCAAAGCCATCGAGATGATGGCCGAGGGCCAGAACGTACCCTTCGAGGAGGGCGTGCGCCTGGGCATCATCAACAAATACTGGGAGTGCACGAAAATCGAAGACTTCCGCCGCAAGGTCGACGAGTACGCCCACGAATTCACCCCGCCGCACAAGGCGGCGTTCGCCGTGGGCCGCATCAAGCGCAGCGTGCAGAGCGGCCTCGAAATGAGCCTGCTCGAGGGACTCGCCTTCGAACGCGAGCTGCAGGCGGAGCTTTTCGCGAGCTCCGACGCCAAAGAAGGGCTCACCGCTTATACTGCCAAGCGGAAGCCCTCCTTCAAAGCGCGATGATTACTGGCCGCCGGGCAGGCAGAAGCCCGTCTGCGGGTTGCACTGCGCGCCTTGGATGCAGTCGACGGCGCTCTGCTGGCAGGGGAACGCGCACTTCTGGTACTGCGTGTTGCAGCGCGCGAGGCCGCAGGCCGAGTCATTCTGACATGGAAACGCGAGCGCCCCGGGGACGGCCATCTGGCCCGGCTGCGAGGGCTGCGTCGGCGTGGGGCTTGCACCCGTGGGGGCGGGCTGCGGGTACTGCTGCTGCGGATACTGGCCCTGCGGCTGCTGCCCTTGCGGGTATTGCCCTTGCGGGTATTGACCCTGCGGATACTGCTGGTACTGACCTTGCGGCGCAACCGGCTGAGGAGAGTCCTCTTCCTTCTTGCACGCAGCGATGATGACGATGCCCATGGCGACGGCGCCGAGAGTTCCCAAAGCCTTCATGAAAGTCCTCCGCAAAGTGAGGCACTAGGTAATCGTTGCGACGGCCATCGGTCAATCTTCGTTACAAATGTCACCTAAGCCACGGCTGCGTCGGCAGGGCCGTGCAGCTTGCTTTCATGGCGACTCTCATCGGGCCGTTGGCGTGCCTCGTGGCATGCCGGCAAGGTGATCCGCCCACCGCGGGTGTCTCGAGCGCAGCGCCCATCGCGACGATGGCGTTGGCCACACCGCCGCGGGCGCGGACCGACAAGGACGCATCCGCACCGCGCGATGCGGCGGCTCCGTCCCCTGCCCCCGATGCCGCGGTGTCCGACGATCCAAGCCTTCCGCAAACGCACGACCGCCCCAACACGGATGCGGCGTTCGATGCGCGGGTGCGTGCGCTGTTCGACGGGATCGTGAACGACGATCCCGATCGGGCCATGCCCTTCTTCTTCCCCTTGGCCGCCTACCAACAGGTCAAGGCCATCGCCACACCCGAACGCGATTGGAAGCGGCGCCTCGTGGCCAACTACGTGCGTGACATCCATGCCCTTGCGCAAAACCTGAAAGAGCTCGGCCCCGATGCGCGTTTCGCGCGCGTCGAGGTCCCGCGTCAGGCACGCTGGGTGGAGCCCGACGAGGAGTACAACCGCATCGGGTACTACCGCGTGTATGGCACACAGATCTTCTGGACCTCCCGCGATGGCAAGGAGCACGCGGTGCGTATCAGCTCGATGATCTCCTGGCGCGGCCAGTGGTACGTCGTGCACTTGACCGGCTTCAAGTAGCCGGTAAAGGCGCTAGGGAAACGCCACCTCCAAGCGGCCGATATCGAGCGTCCCGCCGTGGCTGCAATTCGGGGATCCGGAGCCCTTCCACTCCGTGACGAAGCTCCGGTCCGCGCGCGAGGGCTTTGCTTCGATCCATGCGGCATCGCCCTCGCCGCACCCCACCAAGAAACGCGTGCAGCTCGGCACCTCCGAGGCGCCCAC
NZ_CP089982.1_gap159	6011435	6013080	1645	AATCGTGCGCGGTGGACGTGCTACCCGCGTTAACGGCAAAGGTCGATTTTTCCAGGCTACGTTGGTCGCCGACGTTCCGCGAACCGCGAAGTTGATGACGGCGGAATCCTTCGGTCCGATTCTTCCCATTTGCGCGGTGGATTCCGACGAAGAAGCCCTGGAGCGCATGAACGATTCGCAATTGGGCCTCACGGCGAGCGTCTGGACGACCGATCGCGAACGCGCCGCACGTTTGTCACGCAAACTTGAATTCGGGACGGTTTACATGAACAGGTGCGACGCTCTCGACCCAGCGCTACCGTGGATCGGTGTGAAGCAATCAGGACGCGGACACAGCTTGAGCGCGCTCGGTTTCGATCAACTGACGCGGCCGAAAGCGATTCATTTTCGCCTGAAATTCTAGGGTTTTTCTCCTGCGGGCAGCGCGTGAGTAAGCACGCGCTGCTCGCGCGCGTGCGATGCGCGCGTTCATCGAAATGTTGCAGCGACGAGAAAACTTCCGCGCTTCGGTCGTTTTCTTTGCGAAGGTCTCGCTGGGTGGCCATTCACATGTTTGAAGGCCGACGACGAATCCTGCTAGACAGCACGACGCGTAATTGGCATTGTGCGAATCATTCAGAAGCACCGCTTCATTCTGAAGCACCATAGGCGCACCGCGATAATACGATGTTAGGTATGTCAACCAACATCCGCGCGTCGTGCGGCCCATTACTACACAAGGAGACCTCCCATGAGGAAGATGTCAGCGAAGTTGGGGTTGGTGGCGTTGATTCTTGGCTCGTCCCTCGCGATGGGATGCTCTTCCAGCGACGATTCGCCGGGCAACACCGGATCGAGCAATGCAGCGCTGGTGAAGGGGCATGTAACCGCGAACGGTAACGGCCAGATCGCGTTGGGCCTCGCAGGTACGGCGACGGTCAACGCAGCGGTCAATGTGAATATCTCGGCAGTCGTCGACGGCGCCCTCAAGGTCGTTGCGACGGCGAAGGTGGACGCGGGTGGGGCATTCACCCTCACGCTCCCGGCTGATCTCAATGCGAAAATCCTGATTGTCACTGCGCTCGACGTGAACGGCAACGTCATTGGCTCCTCGATCCTCGAGGCCAAGGCTGACATCGCCGCCGCGGGCAACATCACCTTCGCCGCCCCGATCTCGACGGAGACGTCGCTCGAGGCGAAGGCCCTCCTCGACCTCCTCATCAACGCCAAGATCGACGCGAACCTCGCGGTGCAGGTTGCCGCGCAGCTCCACGCCGCGATCGACGCGAACCTGTCGGCCAAGCTCTGCGCCGCCATCAACGCGGGCGCCAACATCGACGTCGTCGCTCACGCCGTTGCCAAGGCTGCGGTCATCGCGAACGCGGCGCTCGTTGGTGAGCTCCAGGCCAAGGCGAACATCGACATCGACGCGCTCGTCAAGGCGCAGATCGACGCCGCCGCCTCGCTCAACGCGTCGCTCGACGCGAACGTGAACGCCGACGCGAAGGTCGATGCGACCATCCAGGCGAACCTCCAGGCCAGCCTCGACGCGGCCGCGAAGCTCGATGCGGCGCTCAACGCGGATCTGAAGATCGACGCCAAGGTCATCGCCGATGCGAAGGCCCACGCGAACCTCGTGCTCAATGCGGCCCTCGGCGCGGCGCTC
NZ_CP089982.1_gap160	6170841	6175303	4462	AAATCGGCGCGAAATACGGACTTCATCGAGTCCACAGACCGGTAAACGATGATCCATGCGCGTTGAAGTTCGCGAGATCTGGCTCGATTTCGCGAGCGCGCAGCCTCGTTTGGATCATCGCTTACCCTCCAATGAACGAGGGTCGGTCCAGCCTTTTGCCGCACATTTCGGCATCCGCGCGCCATTCAAGAACCAAACAATTTCAAACACTTACGCAAATCGCTCCTTTGACCGCGCGTTCGCAGCGAGCTTGGCACGGAGCGTGTACTAGTGCCCTCACGAAGCAGCGGACAACGCGGCTTCCCCAAATCCCCCCAAGTTACGAAATCAATCCAGGAGAATTCCTATGAACAAAGACATCATGAAGCTGGTCAAAGACGAGAAGGGTGCAACCGCGATCGAGTACGGTCTCCTCCTCGTTGCGATCCTCCTGATCGTCGCCGGCGCGTACAAGAAGCTCGGCAAGGCCGTCAAAGGCGCTGCGAACGACGCCAAGGGCGAGTTCTGAGAAGCTCCGCTCTCGTCGTTCGAGAGCACAATCGAATCGCGGGTCGGAGGTTTCTCCGGCCCGCTTTTCGTTTAAGCGCTGCGAATCACCGAACCGCGGCGAGAACGCGCTGGACGAGTTCCTCACGGCTCGAGGCGCGGAGCGTTTGCCCGTTCAACTCGACGGCTTCGCCGTTCGCGCCGTCGGCGTCGACGCCGGCCACGATGGCCAGCAGCCCGCCGCGCGCACATGCTTCCGCGGCATCGCGTGCGTCGCGCGCCTCGTCGACCACGGTGGCAATGCGCCCGCCGTCGAACAGCGCCCGCTCCAGCGCATAGCCCAGTTCGAACGCGCCTGCGAGCGAGGACGCCAGCACGCGCAACACCGCGCCCGATTGGCCCAAACGCGCCCGGCGCTCCTCGTCACCCACCAAGGTGCGCGACGTTCCACGCTCCGCGCCTTCCAGTGCCTTCGTGATCATCCCCGCGGCCACCGTGTCGTTGGTGACGGAGTCGATCAGAATGAACGCGCCCGTGGCCCGCTGCGCCGCGTATGCATCGAAGAAGATAGGCGCCCTACAGCGCACCTGCACGCGCGCGATGTCATTGAGCACCAAGGTGGATTTGGCCACCGGCTCCAGCGTCTCGGCATCCGTGCCATACACGATGGACGCCACTTCGGCGCGCACGGTGCGCGTGGTGTGCTTCAAGAGGTACGACTTCGCCCGGTCCAGCGGGCGCTCGCTCATCCACACCAGATCGGCCTCCACGTCCGACGCCACCGCCAGCGGCGCATCGGCATGCACCAGGACGTCACCCCGGCTGATGTCGATCTCGTCGGCAAGACGCAGCGCGATGCTCATCGGCGCAAACGCCACGTCCACGGGTTTGCCCGCCACGTCGACGCTCGTCACCCGCGAGGACTTGCCCGAGGGCAGCACGACCACCTCGTCGCCCGGCTTCACCGAGCCCGAAACGATCTGCCCCGCGAAGCCTCGGTAGCCGATGCCCGGACGCAACACGAGCTGCACCGGCAAGCGAAACGCGCCCGCCCGCGCGCCATTTTCGACCGGCAACGTCTCCAGGTGCTCGAGCAGCGTCGTCCCCGCCCACCAAGGCGTGCGCTCGCTCTTGCTCACCACGTTGTCACCCGCGAGCGCGCTCACGGGGATCGCGTGAAGGCTGCGCAACCCGAGCTTCTCGCCGATGGCCCGAAGATCGCGCACGATCGAATCGAACACCGCGCGGTCGAAGTCCACGAGATCCATCTTGTTCACGCACGCCACCACGTGCGAAATCCCGAGCAGCGCGGCAATCTGCGCGTGACGCCGCGTCTGCGGCAGCACACCGAGACGCGCATCGACGAGGATCAACGCGGCATCCGCCGTCGAGGCCCCGGTGGCCATGTTACGTGTATACTGCACGTGGCCCGGCGTGTCCGCGATGATGAACTTGCGGCGCGCCGTCGTGAAGTACCGGTAGGCCACGTCGATGGTGATGCCCTGTTCGCGCTCGGCCTGCAGGCCGTCGGTGAACAGCGAAAAGTCGATTTCCGAGGTCGAGCCCTCGCCGCGCGTGGAACCGCGCACCGATGCGCGCCGCACGGCGTGCAATTGGTCCTCGTAAAGGCCGTGCGCATCGTGCAAAAGGCGCCCGATGAGGGTGGATTTTCCGTCGTCCACCGAGCCGATGGTCACGAAACGGAGCAAATCTTTTTGCTCCTGCGCCCGCAGCCAGCCTGCGAGCCCGTTCGTCATTTCCGTTGCCGCCGCCATGTCAGAAGTACCCTTCGCGCTTTTTCGCTTCCATCGACGCTGCCTCGTCGTGGTCGATGAGGCGTCCCTGGCGCTCGGACGTGGTGGCCTCCACCATCTCGCGCAAAATGTCCGGCAAGGTCGTCGCGTTGCTGCGCACCGCGCCCGTCAGCGGATAACAGCCCAGGGTGCGGAAGCGAACGACTTCCGTGCGGGGCTCCTCACCGGGCAAGAGCGGGAAGCGCTCGTCGTCGACCATGAGCAAGGTGCCCTCGCGCTCCACCACCCGCCGCGGCGCGGCGAAATAAAGCGGCACGATGGGGATGTCCTCCTGCCAGATGTACTGCCACACATCGAGCTCGGTCCAATTGGACATCGGGAAGGCGCGGATGCTTTCGCCTTTGCGAATCTTGCCGTTGTAAAGGTTCCACAGCTCGGGGCGCTGGTTCTTCGGATCCCATTGGCCGTACGAGTCGCGGAACGAGAGCACGCGTTCCTTGGCGCGCGAGCGCTCCTCGTCGCGGCGGGCGCCGCCGAAGGCCGCGTCGTATCCACCTTCGCGCAACGCCTCGAGCAGGGCGTGCGTCTTCATCACCTGCGTGTACTTGTTGCTGCCCCACGCGAAGGGACTCGCGCCCTCGGCCAGGGCGCGGCGGTTGGTGTGAACCCGCAAATCGAGCCCATTTTCCCGGGCGAAGCGGTCGCGAAACTCGATCATCGCGCGGAATTTCCACGTCGTGTCGATGTGCAGCAGCGGAAACGGGAGCGGCGCCGGCGCGAAAGCTTTCTGCGCGAGGCGGACCAGAACCGACGAGTCCTTGCCAATGGAATAGAGCATCACGGGTCGATCGAACTCGGCGACGACCTCCCGCAGGATGTGAATGCTCTCAGCTTCGAGTTGCTCCAGATGCGATAGACGGCCTGGCTTCATGTCCAAAATACCGAACCTGCCGTCTAGCATACCGAAGTTCTTCACGGTAGCCCATCGCGTTACGGATTTTGGCCCTTCAGCAGAGCGAACCGCCAAGGCGCCAAGGACGCCAAAAGGAATTTTTCCTAAAAATCCCAACCTCTTGGCGTCTTGGCGGTTCCATTTTCTCGGCGCGGACTAGCTCAGCTCAACCAGAATGACGGTGATGTTGTCCTTGCCACCACGCTGGTTGGCCAAGTCCACGAACTGGCGCACGGCACTCTCGCCACCGATGCTCACGGTGGGGACGATGTCGCCTGAACGCAGGTAGCCGTGCAGGCCGTCGCTGCAAAGCAGAAAGCGCGAGTTTCGCTCGACCGGAAACACCACGGTGTCGACCTCGACATGGTCACGATTGCCCACAGCCCGCGTGATGACGTTGCGGTAAGGCGAGACCATGGCCTCCTCTTCGCTGATGAGACCCTGTTTGAGCTGCCACGCGATGAGCGAGTGGTCTTCGGTGAGCTGCTCGAATTTCTCCGCGGTGACGTGATAGATGCGACTATCGCCCACGTGTCCAATGATCCCGTATTCGCCGGAAAGCAGCAGGGCGCTGATGGTCGTGCCCATGCCCGCCTTCTGCCGATCGAGCTCCGCCATCGAATAAATGATGGACGTCGCCGCCTGAATGGCGCTTTCCATGAGCTGACAGGCTGCCCGGGTGCGAGACTCGGTCAGCGGGCTCTTGAGCTCTCCGAACTCGCGGACCGCCTGCTTGATCATGCTGTAAATGGTGGCGGTCGCTTCACGGCTGGCAATTTCCCCCGCGGCGTGCCCGCCCATGCCATCGGCCACGATGTACAAGCCCAATTCGTCGTCGACGAACAGCGCGTCCTCGTTCGTCTTCCGCTTTCGGCCCACGTCGGACATACCCCAGCTGGATCTCTCCCCCGGGGATTTTCGTGAAACCTTCATGGATGCCCAGTTTTGCACTGTAACTCTTTAGGCTTGTGCTTGCACAGGAGGGAGCCAACATTTAATGGCGGGAAACACACTGTTGCGGGCGCGGCACTCGGGCGGAGTGGCGGGTCGGATGGATAGACGGTCGCAGCCGCAATCGGGCAAGGGCTCGGGCTGGAGCGCGTCAGGAGTTGGCGCGCTTTGGACGACGGGCACCCGGGCTATGCGCGCGGAAGCTGTCCTTGCGCTGATGGTCGTGGCCGTCGTGGCCATGATGATTGTCCCGCTTCCAACGTGGCTTCTGGACATCCTTCTCTCCGCAAACCTTTCTCTTTCGGTGGCGATTCTTCTC
NZ_CP089982.1_gap161	6177057	6178562	1505	CGTGGTGAGCTTCGCCGAGCTTTTGCCGGAGGTGACATTGCGCCCCATCGCGCGCGCCACCTTGACCGGCATCGGCTAGCGAGAAGTCACATCTTCTGGCGGACCATTTTGCGCGGGACCGCGCCGGTGCTCATGAGGATCTTCTTCGCCTCGCGCTCGAGCAGCGGGTGGGTCTTCTTTGCGCTGACGAACATGCCCAGAAGCTGCGGACTCGTCTCGGCGAGGCGGCGCAGGGTGCGGGCGAGACCCTTGATGTCGTTCGCGTGAGCATAGGCGAAGGCGCGGGCGCGGAGCATCTGCACGCGGATTTCGGCGAGCTCGTCGTCGTCGGGATTGAAAAGCTCCAGGGTCTCCAGGGCCTTCTTCGCTTGGCCGGTGCGGGCCCACGCCTCCGCGGAAACGGTGGCGAACATGGCGCGCTGCTTGCGGTCCTGCGTCTTGCCCAAGTCGATCTTGTCGACGAGCCCGCGCGCTTCGTTCGGCTCGCCCAAGGTCAGATGGAGCATGCCGCGCAGCGAGCGCACTTGGTCGGCGACGGGCTGCAACGCCTTGTCGAGGTTGATGGTCTCCAGGGTCGTGAGCGCCTTGCGCGGGTCTTCCTGCATCTCGAGCTGCGCGCGCGCGAGGACGGCCTGGGTGTCGCCCTTCTTGAAGTCCTTATCGAGCTTCTCCAGCGCTTCCTTGCGGCCCTCGGCGGTGTCCGCGCCGCGGAGGAGATCGCCCAGCGCTTCGTTCTTTTTGACGAAGCGCACGAACCAGATGCCAAATCCGATGGCCACCAACGTCAGCGCGCCGGCAACGGCCTTCGCAATCCACGACGGGATGATGAACGCAATGACCCAGATGACCGCGAGGATGATGGCGATGCGTCCGAAGGTCTTCTTGTAGTCGATGGGCGTCTTGGGCTGCCCCTCGCCTCCGCCACCAGATTGAGCCGCGCGCAGCGCCTTCTGCAGATCGGCCGCGTTTTGCTTCTTTTTCTTCAGGGGTTTCTCATCGGCCATGGTTCTACTCTCCCAGATCCCGCACCGACGCGACGGGCTCGTGGGAGAGCTCGGGATCGGTCTTTTGGACGATCTGTCTGAAATGAATGAATACGCTCTGTGCGATGGACATGCACGGCACCGCGAGAAGCGCGCCGGTCACGTGGAAGAAGTGCTCCCCGACGAGGAGCGAAAAGATGACCAGCACGGGGTGAATCTTCGCCGCATCGCCCATGATCTTCGGGTTGAGGATGTTCGCCTCCAGCTGATGGATCCCGATGATCCACAGCAAAACGAAGACCCCCGTCCCGAACGACTGCGTCAGCCCCAGCGCCACGGCGGGCACCGAGCTGATGATCGAGCCGAAGATCGGAATGAGCGAAAACACCGTGGCGATGATGGCCAGAATCGGCCAGTACTTCAGCCCGACGATAGCCAGGCCAATGGCGCTGAGCACACCGTTGATGAGGCAGATGATGATCTGCCCGCGCACCACGCCGGAGAGCCCCTGATCGATGCGCA
NZ_CP089982.1_gap162	6180326	6185118	4792	CTCCAGCTCCACGAAGGCGCCGTAGTCGGTGATCGACATGACCTTGCCGTGCACGCGCTTGCCCGGCGGGTACGCCTCTTCGGCGTGGTTCCACGGGTCTTCCTGCGTCTGCTTGAGACCGAGCGAAACGCGCTCCGTCTCCGCATTGTACTTGAGGACCTTGACGGTGACTTCGTCGCCCACCTGGAACACTTCGCTCGGGTGGTTGACGCGGCCCCACGACATATCCGTGATGTGGAGCAGGCCGTCGATGCCACCGAGATCGACGAAGGCGCCGTACTCGGTGATGTTCTTGATGACGCCGCGCACGATCTTGCCCTCCTCGAGGGTCTGCAAGGTCTGCGTCTTGATTTGATCGCGCTCCTTCTCGAGGAGCACGCGGCGCGAGAGCACGATGTTGCCGCGCTTCTTGTTGAACTTGATGACCTTGAATTGGTAGGTCTGGCCGATCAACTTGTCCAAGTTGCGGATCGGACGGAGATCGACTTGCGAGCCCGGAAGGAACGCCTTCACGCCGCCGCGAATGGTGACCGAGAGGCCGCCCTTCACGCGCTGGCTGATGGTGCCTTCGATGAGCTCATCGCGCTCGCAGGCGCTCGAGATCTCGTCCCACACCTTCATCTTGTCCGCTTTCTCCTTGGAAAGCGTGACCAAGCCGTCGTCGTTCTCGCGGCTCTCGATGTAGACGTCGACGCGATCGCCCGCCTTGACCGTCAGCTGCCCGGTGGCGTCGGTGAACTCGCTCGCGGGAATGATGCCTTCGCTCTTCCCGCCGATGTCGATGACGACGTTGTCGCGCTGGACGGCGACGACGGTGCCCTGGACGATCTCTCCCTCTTTGGCGAATTCGCCAGTCTGAAGACTCTCTTCGAAGAGGGCCGCGAAGGTGTCGGCGGCGGGGCCGGCGACGGTCTCGGTCTTTTTCCCTGCCGAGGACAGGGCTTGGGGTTCGGTGGTCATGTGGTGGTTGGGTTGCCTTGCCTCACGTTTGCGCGTGATAAAATGGATTGGATTGAGGAATAGAGTGCGCGACGGACCCGTTCCGTTGCGCGCTCGGTGAAACTTCTTGAGACGAGCTTGAGACGAGAGTGGTGCGCCTAAACGAAAACGCGCCAATCCGGCCGGGGTATCTACCTTGCATAGCCCCCCGTGTCAAAGGACGACTTGCAGGGGCCTGAACAGGTACCGGGAGCCGAGCGCGGGCAGGCAGGCTACGACAGGCTAGAAGGTTCCCTCGAGGGAAACGCCCCCACGTTGCAAGCTCAACGATGGAACGACGCGCAATGTCGCGGACTTCTCGACGGACGGCGGCTTCGACGTGAGGATCAGGATGGTTCCTGCGGCCAAGCCGACGATGCCGACGCCAAAGGCCGCGGTGGAGATCCACCCCGCCGTCTGGGCGGAGCTTTTTTGGTCCTGGTCGGCCTGCTCGCTGCCTCCGCAGAAGCCGTTGCACTTGTTGTAGTCGTCCTTCTTGCCCAGGTAGATGACACCGAACACGGTGCCGGCGGCGAGGCCTGCGATACCGACGCCCCCGAGGACGAAGCCGAGGGTGCGCTTGCTGGACGAGGGCGATCGCGTGGGTTCCTTGGGAGCCGGCTCCTCGGTGCGGGCGCTCGCGACGGAGGTGTCTTCCAGGGCGGGGACTTGGATTTCCGTGGTGCTCGGCCCCTGCGGGACTTCGAAGGTGACGTCGCGCGATTTTTTGCCCGACGCGCTGACCTCGATGCGATGCGTGCCCGGATCCATCGGAATGGACGTGCCGAGGGTGCCGGCGCCGATGGTCTTGCCGTCGATCTTGATGGTGGCCGCGGCGGAAGACGGCGGCGCGGAGACGAACTTCACGCGCGAGAGCTTCGCTTCGACGGCGGCGGCGTGTTGCTTGGCGAAGTCGACGCGGCTGCTCTGGCCGGCGCGGGCGGCTTGGGCCATGACCTCGTTGAATTCACCCCACGCGCTGGCGGTTTTGCCGGTGATCTCGTGGCAGGCGGCGAGGTTCAAGAGGGTGCCCATCTGCGGGTCGAGGCGCATGCTCTCGCCGAATTTGGAGCACGCTTCTTCGTAGCGCTTCTCGCGCATGGCGGCTTTGCCTTCGCGGAACAGCGATTCGGCGACGGCGAGATCGGAGCCCGCTTTTTGCTCTCTTACGGGAGGATTCGCGGGTGGACTCGTGGTCGGTTGTTGCGCCAGCGCGTCGGCCGAAAAGGAGAGCACGGAGAGCACTGCGACGCTGATGCAGGCAACGACTCGAGACTTTACGAACATTCGACCCCCACCCACCTTTATTAATGACGTTCGTCCAGGACTCCGTCGACCGGTTTCGCGGCCGCGACATCGTTCGGGGTGTTTGCTGGCTTGGGCGCCGCGGCTTTGGCGGGCGCTTTGCGCGGGCGGTTCCCCGGAGGCGCAGCACCGGCGTCGATTTGCGCTGAAACGACGCTCGCTTGCGCAGGCGGCGTGGCCACGGCCAAGGATTGCACTTTCGGCGGAGGCTCGGTGGCGAGCGGATCGACGGCGGAGGCCGCCGGGCGATCGGAACCGTTGCGGTCGACGATTTTGACGATGGCGATGCCGCCCAGGAAGAGCAACGCGGCAGCGCCCAGGCCGGTGATGAGTTGCCAGCGGGGCCGGCGCGGCGTGAGGTGCGAGGCACTGGTCCCCCACCCTCCGCTGGTGTGGCGCACCGCCGGGAGCGAAACGGCGACCTTCGGCGCGACGCCGCTCACGCCGGGCCCCACGACCATGGCGTTGTGGCTCGAGGGCGGGCCCTCGGTCATCAGGCGCGAGAGCGATTTGCCAGCAAGGAGCCGGCGCGCGCGGTGGACGCAGCGATCCCACTCGCCCGAACCAAACGGCGCGAGCGCTTGGGCGAGCTCCGCGACATCGGCGTAGCGGTCCTCCGGCTTTTTGCGCAGGCAGCGGAGGATCACCTCCTCCAGGCCCTCCGGTGCATCGGGGCGGAGATCGCGAACGCTGGTGGGCTCGTTCTGCAGGACAATCTCGAACACCTCGCCGACGGTCTCGCCGATGAAGGGCACCTCGTGGCAGACGAGCTCGTAGAGGATCACGCCGAGGGCCCAGATGTCCGTGCGCCAGTCGACGCGTTTCGAAGAGCGGAATTGCTCCGGCGACATGTAGAGCGGCGAACCCATGACGGCGGCCGTGCGCGTGAGGGCGGCCTTGTCGATGCCGGAGGAGAACGCGTCCGATTTCGAAATACCGAAATCGAGCACCTTGATGACGTTGCTGCCATCGTCTCGCCGGGTGACGAAGAGGTTCGACGGCTTGAGATCGCGATGGACGATGCCGCGCGCATGCGCCTCGGCAATGGCATCGATGGCTTGAATCACGTAATCGACGGCGACCGAAACGGGCACGGTGAGGCCGTCCTCGAGGATGTCGCCGAGATCGCGTCCATCGAGGAACTCCATGACCATGTAGGGCGAGCCCGTTTCGAGCATGCCCACGTCGGTCACCTTGGCCACATGTTCACTGTGCAGTTTGACGGCGGCGCGCGCCTCGCGAAGAAATCGCTCGACGGCTTCGCGCTGCCGGATGGCGTCGCCCACGAGGAACTTCAGGGCAACTCGTTGCTCCAATGCGGCGTGCCACGCAGAGATGACCACGCCCATCCCGCCTTGCCCCAGCACGCGTTCGACACGGTACTTCTTGAGGAGAACTGCACCTGGCTCGGGTACCCCGTCGATCTCCGGCGCCACGGTCATGCGTTCTCCCCTCGTGTTGGTGAAAGAAGATAACATAAGGATTCCGAGAGTCAGGCATTTCGCGCGCAAAGTCCGAACACCTGCGCGAACACGAGAGTACGAGCACGTGTACGCGCACCGTCACGTGTACGCGCACGTGATCTCGATGGAAGCTCTGCGCTTCTACTTCTTATTCTTCTTTTTCGGCATCAGCTAAACCGCGCAAAAGCTGGGACGGCAACTTAGCTGTAACTTGCACCGATCGTCCGGAGCGCTGAATCGTCGCGTTGCGCAGGAATGCCAAGTTCGGGGAGATCTTCTCGGGGACGATGGTGATGAGCTCTTGCGCACGGCCGCTTGCACGCTCGGCGGCTTTGTCTTGTTCGTAAAGGAAGACGGCTTCGAGGTTGCCTTGGTCGCCCGAGGCCAGCGCCAGGCGCACGTAGCTGAGTTGATCGAAAATCGGTCGCAGGCCGCTGCGTGCGACGCCGCGCAGGGAGTCGAGCAGCTCACCTTGCAGCTTGATGGAGAGCGGCACGTCCTTCTGGTTGCCACTCGGCGCGAGGGTCGCTGGCGCGCGGGGCATCGAGCGGCCGCCCCGTTCGACGAGGCGCTCGCGCACACGTTCCGCCGCGGGACCGACGCCGAGCACCCACGTGCGCTCGCCCACGACGTAGAGCGTGCCCGGTGGATTGCCTTCGCGCGACGAGAGCGCGAGAAGGCCGTTGGGCATGCGCGTGGCATCCTTCCAGGGCGAGCGCCCGTCGTCGTCGCGCACCTTCTCCACGTCGACACCGGCCGGGACGCCCGAGACGATGACGACGGCATCGAGCGGCCGCGAGGAGCGCACCGCGAGCAGGACCTCGTCGGATTGCTCCAGGACCTCGAGGGTCGTGCTGCCCAGGTACGAAGAGCGACTTTCCCCGGCAGCGAGCCGGCTCGCCTTGCGCACAAGCGGGCCGTAAATCGGATCGTGCGAGAGCTTTTTCGGGTGAAGGTTCACCGTCAGATCGCGCGAGCCATCGACGATGTCGCGGACCCATGCCGTGTCGTCCGCGGCCGCGACCGAAGGGCGAGGCTCCGGCCCC
NZ_CP089982.1_gap163	6374897	6376549	1652	ACGACGGAGAAGATCATCGTCGTGGCACCGACCACGGCGGTGCCGATGAGCACCGGCTTGGCCGTCGCCTTGAAGGTGTTGCCGGCGCCGTCGTTCTCCTCGAGGAAGTGCTTCGCCTTCTCGAATTGAACGTCGAACCCGAACTTCTTCTTCACCTCGTCTTTGACGTCGGGAATCTGCTCGATGACCGACAGCTCGTAGACCGACTGCGCGTTGTCCGTCACCGGACCGTACGAGTCGACCGCGATGGTGACCGGCCCCATGCCCAAGAACCCGAAGGCCACGAGCCCGAACGCGAAGACCGCCGACGCATCCACCGCGCCGATGGTCATGAGCGCGCCGAGGCCCTGCATGCTGACCCACCAGGCCGTGCCCATCAGTGCGACCAACACGAAGCCGAGCCAGTACGCGCTGTAATTGCCCGCCGTCAGGCCCGATAGAATGTTCAGCGAGGGCCCGCCTTCACGCGACGACGTGACGACCTCACGCACGTGCCCCGATTCCGTCGACGTGAAGACCTTCACGAACTCCGGAATGATGGCGCCCGCGAGCGTGCCGCACGTGATGATGATCGAAAGCTTCCACCAGAGGGTGCCGTCGCCCAGATTCGGAATGAGCGCGTTCGACACGATGAAAGTGAGAATCACGCTCACGATCGACGTGATCCACACGAGCATCGTCAGCGGGTGCTCGAAGTTCATCTTGTCGGCGTTGGCGTAGCGACCTTTGGCGATCGCGTCGTTGATGAAGTACGACACCACGCTGGCCACCACCATGACGATGCGCATGGCGAAGATCCACACCAGGAGCTGAACCTGAACGGGGATGTTCGCATGCTGGCCGGTCGGGTCTTTGACGGCCAGTAGGATGAACGAGATGAGCGCGACGCCGGTGACGCCGTACGTCTCGAAGCCGTCGGCGCTGGGGCCGACCGAGTCGCCGGCGTTGTCGCCCGTGCAGTCGGCAATGACGCCCGGATTTCGCGCGTCGTCTTCCTTGATCTTGAAGACGATCTTCATCAAGTCCGAACCGATGTCGGCAATTTTGGTGAAGATGCCGCCGGCGATGCGCAACGCCGAGGCGCCGAGCGATTCACCGATGGCGAAACCAATGAAACATGGGCCGGCGTAGTCGCCCGGGATCACCAGGAGGATGCCGAGCATGATCAAGAGCTCGACACTGATGAGCAACATGCCGATGCTCATGCCGGCCTTGAGGGGAATGGCGTAGCAGGGGAACGGCTTTCCGCGCAGCGCGGCAAACGCAGTGCGCGAATTGGCAAACGTGTTCACCCGTATGCCGAACCAAGCAACGGCCGAGCTGCCGGCGATGCCAACGATGGAAAACAGCAGAATGATGATGACTTGCAGCGTCTTTCCCTCGGCGAAGTAGTTCTGCATGACGCCGAAGTACACGACGATGATCGCGCCAATGAAGGCCTCGAGGATGAGGATGAACTTCATCTGCGTGACGAGGTACGTCTTGCACGTCTCGTAGATGAGCTCCGAGATGTCCTTCATCGACACATGGACATCTGCATTCTTGAGCTGTGTGAAAACAATGAGTCCAAAGACCAGGCCAAGGATGGCCACCCCCACACCGACAGCGAGCAGACTCGCCCCGGATAATCCGAAAAAGGAAGCGATGTGAAC
NZ_CP089982.1_gap164	6390300	6391945	1645	CCTCGAACATGACGTCTTCGCCCCCCGTCCACGAGTTGCAGTGGCCCCAGGCGTACGTGTGCGCGTTGCGCTTGCCCCAGTTGTGCCCGAGCAGGGCCGGCCAGCCCTCGACGTTCACCGATTCGCCGCCCACGTCGATGGTGCCGTAAACGCGCGCATCGGGAAGCAGCGAGACGAGCTTGGAGCTGGGAAACGGCCCCTCGTACATGAACGTGCGCGGGAAGTGCAAAAGCGGCGGCCCGTTCGAGGCGAGCGTGAGATCCCAGCCCACGGAGCGATTGCCGCCCTCGAGGCGCCCCCGGGCGATGCGCGCGTCGAGGGTGACGCCGTCGATGCAGATATCGAGCTCGCTGCGCGAAAAGCGGGCGCGCTGCAAAGGCACCTGCTGCTTGACGGCGACGTGGCCGCGATCGCGGTCGAAAAAGATGGCCCACGCCTCGGCGACGGCCCGCGAAGCATCGTGGCGCCCGGCGTAGATCGTGTGGCGAACCCACAGGGCGCGCCGGCCGCTGGGCTCGTTGGCCTTGAGGAAATAGCTTTCGACGTGCGGGCGAGGCAACGCAGGATCGAAGCGCGCGCCGGAGTAGTCCTTCTGCATGGGGGCGGATTTAGGCATCGGTGCGCCGCTCAGTCACTCCGTCACTCGATGGGGGCCGCGCTGCAAGCGCTGGAGGGCATCGGCTCGCAGCTCGGGATCGACCGCGTCGTCGGGCAGCGCGGCGATGGTTTCGCGCAAGTCGACCAGGCGGGCGCGCCCGGCGGCCACCACCGCGGCCGAACGCGTTTCGCGCTTTCCGGCGCCGAGATCGCGCGTGATCTCGGCCTGCGCGCGCGGGTGGCTCATGCGGGCCAGCGCGATCTTCGCGTGGAAGGCGCAGGTGTCGCGCAGCCATTTTCCCGCGCCCCACGCGCGGCGTTCGAGGTGCGGAACGAGCTCGCGCAGCTCGAGTTCTCCCGCGATTTCGACGGCCTCGCGCTCGTCTTCCTTGTCCGCGCGGAGCTGCCCGCGCACCACGCGCTCGATGATCTCGTGCCCCGTGTCGTCGCCCGTCTTGGCGAGGAAGATGGCCGCCACCACACGGACTTGGCGCGCCGGATCGTGCAGCATCTCACGGGCGCGCGGACCGAGCTTCGTCCACGACGCCGCCCGCGCCGAGCGGGTGCCGTTGCACGACGGCGGCGGCAAGTGCTTCGCCGTCGTGTCGATGCGCTCTTCGGCGATGCGCAGCGCGATGTAGCGAACCGCCGCGTCCTCGTCCGACGTCGCCTTCTCCAGGGCCTCGAGCGTGTCGTCTTCTTCCTGCGAAACGCGGCAGAACGCGATGATGCCTTGGTAGCGCACCTCGGGCCGGCCGTCGCCGAGCGCACGTCGCAAGCGGGGCAATGCGCGCACGTCGCCGATTTCGCCCAGGGCGTTCAGAGCCATCTGCCGCACGTGGAGATCGGCATCTTCCACCGCGACGAGCAACGCGCTCAACGCCTCGTTTGCACCGAGATCGCCCAGCGCCACGGCGGCGGCCGAGCGCACCTCCGGCGCCGCATCCGAGGCAAGCGCTTTCTCGAGCAGCGGAATCGCCCGGGTGCGCACGGCCGCATCGCCCTGGGCATGGCGCACCAGATCGGCAATCGAGGATGCACGCGTGGA
NZ_CP089982.1_gap165	6393099	6393708	609	AGAAACGGCGCGCCGCTCACGTCCTGAAGGGCCGCACGCCCGATGCGCGCCACGTGCGCGGAGAGCGGCACGGCCAGCAGCGCGCTGGCAAAGACGAGCCCGAGAAAGCCCGCATCGGGATCCCCCGGCAGCGGAAGTACGCGCCAGCGCACGGCGAACACGTAGGTCAGGAGCGGCGCAAACGCGAGCAGCGGGGTCGATGCCACGACGACGAACGCGCGCTCTACGTGACGCCGCCCCGCACCGAGCCAGGGCCCTACGGCGAGCACCGCGGAGGTGATTCCCACGACCGATCCCATGGCCACGGCCAGCCCGGCCAGCTCGCCGGTGGGCCCCAGGGCCTCGAAGACGCGGGCCGCCGCACGCACGCCGGGCCGGCGAAGGGAGTCGCCGAAATCGAGCGTCAGCAGGCCGCGCAAATAATGTGCATACTGCACATAGAGCGGCCGATCGAAGCCCAGACGCGCACGCAGCGCAGAAAGCTCCGCGGCGCTCGCCTGGTCACCGAGGATCAGCGCTGCGGGATCGCCCGGCAAGGTGCGCAGGGCCAAGAAGACCAGCGACGCGAGGACCACGAGCAGCGCCACGGCTTCGGCGCCGCGCCAAGCC
NZ_CP089982.1_gap166	6398925	6400685	1760	CCACGGCTTGGGGCGGGCGCTGGACATGATCGTGCCGGGCGCCAGCGACGAAGAGGTGGCGAAGTTCGCGCGCGAGCTCGGCTTCGTCGGCATCGGCGTCTACCCTGCGAGCGGGTTCGTGCACGTCGACGTGCGCTCGCGCAGCTATTTCTGGGTCGATCGCAGCGGCCCTGGCCGGCGAAACCGCGAACGCGGCATCCTCGGCGATCTCGCGGCCCGCAGCGATTCGCAGGCCGTCACGCGCGGCGAGCGCCCTTCCCCGCCCTTCGCGCCGTTCGGCGACGTCGATGCATGGCTTCGCACGCGCCCCTCGCAGGCGGCGCCGGCGACGCCCGACGAGGACGACGACGAAGAGACGATGGAGAACGGCAACGGCTCGCCCGACGGCGCGGAGTTCTGAGGCGGTGCGCGATGGATGACGACATCGCGAGGTTGATCCGAGAACAACGCATCGCCGACGCCGCCGCCCTGGCGAGTGCACGCGGAGATGCCACCACGGCGAGTGCCCTGTTCGAGCGCGCCTGTGAGTGGCACCTCGCCGCGACCGAGGCTCTGCGCACGTCGGATGCCGGACGGGCCATGCGGCTTTCGGTCCTGTCGCGCGACGATGCGCTCATCGAGCGGGCGCTCGCGAACTTGGTGGCTTCGCCGCAGATCGCAGAGCACGTGGCCGTGTCGCTGGAGGCCCACGGCGATCATGCGTGGGCCGCGCGCATCTTCGAGAGCGTGGGCCGATCCGCCGAGGCCGCGCGTGCATGGGATCGCGCCGGCAATGCGGTGCGCGCCGCCGAGCTGCTCGAGGCAGCACACGACGTGGTGGGCGCCGCGCGCGTGCTGGAGACGGCGGCGCGGCGGGCGCCGTTGCATTGGCCGAACCACCTTGCGCTGGGCGGGCTTCTCGTTCGATACGGCAAGGCCCAGGCCGCCGCGCGCACCCTGCAAGGCATCCCGCCCGACGCGGCCGAACGCCTGCCCGCGCTGCGCCTGCTCGTGCGCGCGCTCGAGCAGCTCGGACTCGAGCAGGCTGCCGCGGAGGCCAGACGCGAGCTCGCCGCGATGGGCGAAGTGCCCGCGCCCGAGGAGCCCGCGGCGCCGCTCCGTCCATCGCGCCCGCCCGCGACGCGGATCTACGGACGTTACGAAGTGGTGCGCGAGATCGCCTCGACGCCGAGCTCGCGCGTGCTCGAGTGCATCGACACGGTGCGAGGCGAGCGCGTGGCCATCAAGATTTACGCAGGCTACAGCGCACGCGGCGCAGGGCGCGACGTGCTCGCGCGCTTCGAGCGCGAGCAGCGCGTTCTGGCGTCGATCGATCATCCCAACGTGGTGCCGCTTCGCGACTACTTTCCCGATGGCCCCGCGCTGGTGCTCGACTGGATGCCCGGCGGCACCTTGGAGGAGATGCTCGCCCGCGGGCCCATTGCACCGGCCCGCGCCGTCGAAATCGCGTGCGCCCTTCTCGGCGCCCTCGAGGAAGCGCACCGCGTGGGCGTTTTGCACCGCGACATCAAGCCGTCGAACGTGCTCTTCGACGGCGCCGGAACCGCCCGCCTCGCCGACTTCGGCGCCGCACACTTGGGCGATCTCTCCGCCACGGCCACGGCGGGCGTCATCGGCACCCTTTCGTACATGAGCCCCGAGCAGCGCGCCGGCGAGCCCGCCTCCCTCGCGAGCGATCTGTACGGCGTCGGGGCGGTGCTCTTGGAAATGCTCACCGGTGAGCTCGGGGATATCGCCCGGCTGCCCAGCGCGAACCACCG
NZ_CP089982.1_gap167	6404441	6407341	2900	ACTTTGGCGTGGCGAAGACGCTGGAGCGCACCGCCGAGGAGACGGCCACCGGTGTGCTCAAGGGCAAGCTCGCGTACATGGCCCCCGAGTACATCGAGCGGCACTACGTGGACGCGCGCAGCGATCTCTTTTCGCTGGGGATCATCGCCTGGGAGGTGATGACCGGCGAGCGGCTGTTCAAAGCCGCCACCGAGCTGGAGACGCTCAAGCGGGTCGCGGCGCAGAACATCCCGCCGCCCTCGGCGTACCACGCACATCTCGCGATGCTCGATCCGGCGATCTTGCGTGCGCTCGCGCGGCAGCCGGATTACCGCTTTCCCACGGCGGGTGACTTCGCGCGCGAGCTCGAGCTGCGGGCGCGCGCCTCGAATTTGGTTGGCTCGCACATCGAGGTGGCAAAGCTCGTGGAGAGCGCCTTCGGGGCGGAGCTCACCGAGCGCCGGCGTCGCTTCGTCAGCGAGAACTCGTCGCCGAAGCAGGAAACCGCGGTGCCGCCGGCAGCCATTTCGCAAGCGCATCCCGTCGTGGACGCGCCGAGCTTCACGCAGTCGGCCCCCGCCCAGAGCGTGACGCAGAGCGTCCTGCACACGGCACGCGCACGGTTTGGCACTGCGGTTCCGCTCTCGGTGCTCGCAGGCGTGCTTCTCGTGGCCACCGCCGTCTCCACGGGCGCGTGGATCGCACATCGCGTGAAGGGAAATGCGCGTACCGCCTCCAGCGTGCATACGGTGGCCTCGGCACCACCTACTCCGGCAACGGCACAACCTGCGGCGGAGATGTATCCGTCGACCGCTCAGGAGACAGAGTCCACCCTTGGCTCTACTTTCAAGGACGTGCCGACGACTCCAAGCGCGTCGGCTTCGGCCTCCCCCTCTGCAAAACCCGCAGCAAAGACAGCTCCGCCACGGCGCACGGGAAAAACGGAATCGGCTCCGCCTTCTCCACCTTCTCCTCCTACTCCACGCATCATCCCAGCAAAGCCGCCGCCCAATCCTTACGGCCCGTGAGTCGCTCTTGACGGCGTAGTCGCCGGCGCGTGACAGTCGCGGCATGAAAAAGCTCGCCATCGTGGCCTTGGCCGCGGTTCTCGGTGGTTCGACGCTCATGTGCAGCGAGACCGAGCTCGTATCGGACATCCCTCCCGATGCCGATGCGTCGCCCGATGGAAATGCCCGCCGCGACCGGGATGCCCGCACCGAGGGGCCCCGGTCCGAGCAGTGGCCTTCTTTCGCAACCGATCCCACGGCGTTGGTCGACACCTCGATTGGCAACAACGAAAGTGGCACCACCTTCCCCGGGGCAGCGATGCCATTCGGCATGGTGCAATTGAGTCCCGACACGGGCGTAAACCGATATGCCTCGTATCAATACAAGGATACGAAGATATGGGGTTTCAGTCATACGCACCTCTCGGGCGTCGGCTGTCAGACCATGGGCAATTTCCGTTTCATGCCCACCACGGGTCTGCTCTCATCCGATCCGACGCAGTACGCGACGACGTTCTCCCATTCGAACGAAAGCGCTTCCCCGGGTTCCTACGACGTCGCGCTCGGTGATACGGGACAAGGCGTGAAGGTGTCGCTCACGGCCACCGAGCGCACGGGATGGCACCGATACGTCTACCCCGATTCGGCCACGGGGATGAACGTGCTGGTGGAGGTCGGCGAAAGCAACGGCAATGTCTACGATGCCGATGTCTCCGTCGTGGGCAACGACACCATCGAGGGTTCGCTCACCGGCGGCAACTTTTGCGGCGAAACCGGCAAAGAGCGTTACCGCATCTTCTTCAGCGCGAAGTTCGATCGCGCGGCGAGGCTGTTCGGCACCTGGGTGGGAAGCACGTTCACACCCAACAGCCGCACGGCGAAGCGTACCAACGGGCGCATGGGCGCGTGGCTCTCCTTCGACCCGGCGGCGGGAAGGACCGTGAACGCCGTGGTGGGGCTCTCCTACGTCTCCGTGGAAGGGGCGCGCACCAATCGGAACAAGGAGAGCCAAGGGCAGTCGTTCGAATCCGTGCGCGCTCGCGCCCATGGCACCTGGCAGAGCGAGTTGCTGCGCATGCCGGTGGCGGGTGGCTCGCCTGCCGACCAGCGCACCTATTACAGCGCGCTTTACCGCTCCCTGCTTCACCCCTCCATCGGCTCCGACGTGGATGGGCAATACCGCGATTTCAAAAACGGCATCCACACGAGCGACCGGCCCTATTATCAAATGCTCTCACTCTGGGATACGTACCGCTCCCAGAATCAATTGGTGGCATTGCTCCACCCCGAGCGCGCCGCAGACATGGCCCGTTCGGTGCTGCGCATTTACAACGATGCCGGGTGGGTGCCGCGTTGGGCGCTGGGCAACGGCGAGACCAACGTGATGAGCGGCGATCCCATCACGCCGTGGATCGTGACGATTTACCGCCGCGGCCTCCTCGATCGAGATACGGCGAAAAAGCTATTCGATGCGCTCTGGCGCAACGTCAACGAGGTGCCGGCGGATACTTCGATATTCCGCGGGCGCGATGGGAATCCCACGTACAAGGCGCGTGGACACGTCGATTACAGCACCACCTCGGGCTACACCTACGGCGATCGCCGGCAGGCGGGTTCGGCGACGTTGGAGTACGCATTCGCGGATTGCGCGCTCGCGGTGATGGCCCGCGGCCTGGGCGAGAAGGAGAAAGCCAAACAACTCGATGCGCGGTGCCGCAACTTCGAAAAGCAGTGGGACGCGAACGCGCAGTCGAAGGGCTATACGGGCTTTCCGCGCGCACGCAACGCCGACGACACCAACGCGGAGCCCGACCCGTACGATCCCATGAAGGGGCACGGCTTCCACGAGGGCACGGCGTGGCAGTACCAATGGCTCGTGCAGCAGGATGCGCCTGCCCTCTTTGCCAAGATGGG
NZ_CP089982.1_gap168	6415119	6416676	1557	CGTGCGATCGGGCCGGCGCACGCGGATACCCCGCGCGCGCAAACCGGCAAAGGCTTGGGGCGAGGTCACCTCGTGGATCAGATGCAGGTCGATGTACACGAGCGCCGGGCGGCCTTCTTCTTCGGCCACCACGTGCGCATTCCAAATTTTCTCGAAGAGCGTTTGCGGCATCTTGTCTCTTACCTAGGGTCAGGAGGCGCGCGAGGACGCGACCGCCGCCTGGACGGCCTCGGAATGTACCACCACGTCACGCGAGGAGGGTGCATCCCATTCTCCGCCCGTCGCCTGGACGAGCTTGTTCTGCGCGCGCAGGTACGCCTTCACGCTGGCCACGATGATGTCCGTATCGGCACCGGTGCCGTGGAAAACGCGCTTCTCCGGCCCCTCGTGCTGAGCCCGCACGCCCTCGTGCACGTCGCGCTCTCGAATGCGCACCGCGACCTCACCGAGCGCATCGATGCCCTCCGTCACGGAGCGGATGGTGAACTCGAGAAGATCGGCGTTGGTCGAGACGATGGCGTCGACCGCCTTGTACGCCGCGTCCACCGGCCCCGTGCCGACGGCCGCGTGCACGCGCACTTTCCCGTCCGGGCAACGCAGACGCACCGTCGCGGTGGGCATGCCCATCGTGCCGCAACCCACGAGAAGCCCCTCGAGCTGGAAGGACTCCACATCCGGCTCCACCTCGTCGTGGATGAGCGCCTCGAGGTCGGCATCGTGCACTTGCTTGCGACGATCGGCGAGCGCCTTGAAGCGGGCGAACACGCGGTCGAGCGCCGGGCCATCGAACGAGTACCCCATCGAATTCAACCGCGCCGACAGCGCCGCGCGGCCCGAGTGCTTACCCAAAACGAGGTTCGTCTGGGTGACGCCCACCGATTCGGGGCGCATGATCTCGTACGTCGCCTCGTGCTTCAGCATTCCATCCTGGTGAATGCCCGACTCGTGCGCGAAGGCGTTGGCGCCGACGACGGCCTTGTTCGGCTGGACGACGATGCCCGTCGCCGTGCTCACCATGCGGCTGACGCGGGCGAGCTGCGTCGTATCGATGCCCGTCGTCAAATTGAACTTGGGCGCGCGCGTGGCGAGGGTCATCACCACTTCTTCGAGCGAGGTATTGCCCGCGCGCTCGCCGATACCATTGATGGTCACTTCCGCCTGCCGCGCACCGGCGCGGATGCCCGCCAAGGTGTTCGCCGTGGCCAGGCCCAGGTCGTTGTGGCAATGCACCGACACAATCACACTGTCGATGTTCGGCACGTTGGCGAAAATGCCCGAGATGATGCCGCCGAACTCGTCCGGCGTGGTGTATCCCACGGTGTCGGGAATGTTGAGCACCGTCGCACCGGCGCGGATGGCCGTGTCGAGAACCTGATAGAGGAACTCCGGATCCGTGCGGCCCGCATCCTCGGGGCTGAACTCGATTTCCTTGCAGAGCGACTTCGCGTAGGCCACCTGCTCCGCGATCTTCGCGAGGACCTGTTCGCGCGACATCCGCAATTTGTGCTTCATGTGCAAATCGGACGTCGAAAGGAAGGTGTGCAGGCACGGGTGCTT
NZ_CP089982.1_gap169	6419841	6422516	2675	GCCGAGGCAATCATCTCGGCGGCGCGCTCGAGATCTTCCACGCTGGTTCGGTGATCGGGGCGATAGCCCGGTAGCCGCACCGGCTCGTCGCTCCAAACGGGGACCGTAGTGGCCTGTTGTGCGTCCTTGGTGATATCGACCAACACGGGGCCCGGACGGCCCGATCGCGCGATGTAGAAAGCTTCGCGAATGGTCGAAGCAATCTTGTTTACGTCACTGACGACGTAATTATGTTTCGTAATTGGAAGCGTCACACCGGTGATATCCGTCTCCTGGAAGGCGTCGCTCCCAATGAGTTTCGAATTCACCTGCCCGGTGATGCACACCATGGGCACGGAATCGAGCATGGCGGTGGCGATTCCGGTCACCAGGTTCGTGGCACCCGGTCCCGACGTCGCAATCGCAACGCCCACTTCTCCCGATGCACGCGCGTATCCGTCGGCCATGTGAGCTGCGCCCTGCTCGTGGCGCACCAACACGTGATGGATGGGATACTGAAGGATCGAGTCGTACGCCGGCATGATGGCGCCGCCGGGGTAGCCGAATACGACTTTGACCTCTTCGCGGATCAATGCTTCCCAAATGATTTGTGCACCCGTGCGCCGGGCATCGGCGCCCACACGACCGTCTGCGCTCATGCCACTCCTCGCATTTGTGTCCAATATCGCACTGCAACGTCCGTCGCCGAGGTCGGGGCGGAGGTGATGGCGCGACGTGAGTCCGCCGTGGGCTGTCGCGTCGCGACGCAGGCGCGCAGGCGCTCGTAGTACGAGAGCTTCGCTTCGTCGGGTTCGTGCGCCCCACCGCGAACGAGGATTTGATCCAATTCCGCGACGAACGCCTCGTGACCGCCGGCGCGTGCTTCGCGGGCAGCCAGATCGGCCTCCACTTCGTCGGAGACGGTGGTCGTGCCCAAGCTCACCTTCGCCTCGGGGAAGGCGGCGCGCGCATAGGCGATGGCCCGCTCCAGTGCGCGGCCGGTGGCATCGCGGTAGACGGCGACGCGACAGCCCGGGCGCTCGCTGGTGCCGGATGCACCGGCGGTGACCAACACGACATCGACGTCGGCCTTCGGCTCCAGCATGCCGAGGTACAGGGCGTGTCCGCGCTCGACGACGAGCAGCGCGCCCGGTGTGATGTGCGGCGCAACGTTGCGCCAATAGACCGCGGGTTGTTCCTCGTCGGGGACGAGCAAGACGACCACTTCCGCCGAAGCCACCGCTTCATCGGCAGGTGCGGGGGCGAACTTGTCGGCGTTCGCACGTACCCAGCTCAATCCGCCGGGTCGCATGCTCACCGAGACGTCGCAGCCCGCGTGGCGGAGACGAACAGCTCGATCGCGCGCTTCCGTTCCGTAGCCGAGAACGGCAATGCGCGTGGCTCCTGGGTTTTGTTTTTGCTGCTGATTCGCTCCGCTCTTCTTGCCATCTGGATCGGTCATGACTCCCCTGCTCCTTTTCCCTTTTGCATCCCTTGGTCTTGCGACGGAGGGGTCACGGCCCCTTCCGACACAGACGAAACCCGTGCTGCGGACTGCGCGACGACGCCACGCGAACAACGAGGCGAGCGCGTTCGTATTCCTTGGACGTCGATCCTTCGCATGGCCGCGTTCTTCGGCACTTCGCGATAGAGATCCGGCTCTTCCCGCTGGGTGCGCCCAGTGCTCGCATCGAGCATCCACTTGGTCAGACGGCGCACGCCGCTGCGCTGGGACATGAAGCCGGGCGCTTTAAAGGCGACGGGGGTGCCGCCTGCAGCGTACACCCCCTGATTCACCTTCTCCGCAAAGCGGCGCTGGTGAGCATTGCAAGGCTTGGCTTCGGTCCACGTGTAGGCGGTGCCAGCCTGCGGTTTTTCTTGGTCTTCATCGGTATACCTAGACCCTCGCATGGCGCGCGCGGGTGCCCTGGCACTCCCTTTTTTCAATGTATCGCTGCGCATGCTCCGAATCTCCGACGACGACCAAACCAAAAAAAAACCCCCGCGACCTTCTCTGGGTGCGGGGGCCGAATCAGGATTTTTTCTCCTTATATCGGCGGCCCGCACCCGATGGTAATGAGCCGAAGGGCACCAAGAAGGAGCCCAAGAAGAATGAGGCCCGAAATGAGGAGTTCCGATACGAGGACGCAGGCTACCAACGCGAACAACGAGGGTACGCGCCCGCCGACGGCTACGTTTGCTACGGCAGTCGACTCCGCCGCGGGCGCGCTGCTCTCGAAAGAGCGCGTCTCCAGACCGGCTGCGGGGACGATTGCAAACGTCACAGTCTGATTGTTACCTCGATTAGCGCTTCGCGTCAAACGAAGCGTGAAACAAAAGCGAAAAAAGAATTGGTGAAAGGGACATCGACTAAACCGCAATTGGCTGACCCACACGCGCCAACGACGCACCTACACGGGCCAACCGGTCGTAACTCCCGCAAAAAACCGCCTCTCTCCTCTTATAGGCAACCCCGGCTGAGGCTCTTCACCGCCCCGGTAAAATCTTGCCGTGGTCGAGATGAACCTGCTTAAGTCGCCGCCATGAAACGACGACACATCCTGGGGGCTCTGTTTGGCTCGGTCTTTTCGCTCACGATGTTCACGAAGAGCGCTCACGCCGTCGAACCCTGGCTCGATCGTCCCTTAACGCTTCCATCACTTCACGCCTCGGCGGACGTAGGCCTCGGCTTCGGG
NZ_CP089982.1_gap170	6436494	6437768	1274	GCGTTAGATTGCGATGTCCTTCATGGGTTCCGGCCTCGGCGATAGTCAATCCACGAAATCTCGGCATTCTGGCCCGGCTCCATTTTGGGGTCTGGTCAATCGATCGGCCATCACCCTCGGGGCGATTCTCGCCGCGCATACCATGCTGGAAACGGCGCGCGACACGCTCTTTCTCGAAAAAGTTCCGCTTCGGCATTTGCCGTGGATGTACATGGCCATCGCTGCGCTCTCGGTGGTCCTGGTGGTGTTTCCCCGGAGCGGCGGCAGGTCGGAGAGCAAGTCGGAGGCCAAGCGGGCGTGGCTCGGGGCAGGCCTTGGTGCGGCGGCGCTCGGCACCGCGGTCTTCGGGGTTTTCGCCTCCGGATCGGTGCGTGGATTCTATTACGCGCTGTACCTGTGGTCGGGGCTCGTAGGGGCCACCGCGGTCACCCAATTTTGGTCGACGATGGCGCGCCTTTTCACCATGGGCGAGGCCAAGCGCGTGTACGCCCGTATCAATCTGGGCGGAATTCTCGGCGGGGTCTCCGGCGCAGCGCTCGCGCGGGGGCTCTTTTTGGTCGCGCCCGCCCGCGCGCTGCTTTTTCTCTCGGCGGCGACGTTCGCGGGGGCGGGCATTCTCTCGGTCCTTTCGGCAACGCGCGCGGCGGCTGCCGTGGCGCCCGAGCCGGAGACGCAGACCAGCCAAAAGGCCGTGCAGCCGGCGCTGTTTCGCGACGTGTTCGACAACATGTACCTGCGGCGCATCGGGGCGATGGCGCTCACCGCGACCATCACGCTCACCCTGCTCGACTACGTCTTCAAGCGGGGCCTCGTCGCGCGCGTGCCCCCGGAAAATTTGGGCGGGACGCTGGCCAGCGTGGCGTTGGCCACGAATGTGTGCAGTGCGATCGGTCAGAGCTTTCTCGTTCCCCGCATCATCCGCACGCACGGTGCGGTGGGCTCGCTCACCGTGTTTCCCGTGCTTTTGCTCGCCGGCGCGGTGGGCGGCACGCTCGGGCCTGCGGTGGCCCTGTCGGTGGCCATGCGCCTCGTGGACGGCACCTTGCGATTTTCGCTGCACCGCACGGCCGTGGAGCTGCTCTTCGTGCCGGTGAAAGAGTCGATTCGCACCCGCGCGAAAACCCTGATGGACGTGGTCACCCAACGCGGAGGGCAGGCCTTGGCCTCGGTGGCGATCTTGCTCCTGCCCACGCAAATCCCGCTCCGCGTCCTGACCGCGGTGCTTGCGGTGGGGTCGGCCATCTGGATCTACCTCGTGCAGCGACTGCGCGCAC
NZ_CP089982.1_gap171	6462129	6465744	3615	CACCGACGTGCTCGCACGCATGGAGGATTCCGCGGCCGAAGCCCTCATGAACTGGGTCATCTCCGGGGGCACCCTCGCGCTCGTTCCTGCGCGCGCGGACGATCTGCGCGGGCCACGGGTGACCGCCCTCGTTGGCGGCACCGCGGCGCCGGCGCCGCCGCCACCGGTGCTGCTCAGCCTTCCCACGCGAACGCGGCCCACCGATCCGGGGCTCTTTCCGACGAATCCCGTGGAGCCGGACGACGATCCGCCGGCGCCGCTGCACTTCGTTCCCATTCGGACCACGGAGCCTTCGGGGCGCGCGGCACCGGGTCCGAGCCCGGCCATCCGCAGCCGGCTGCAGGGGTACGCGGGAGGAAACCTCGCCCCCAGCGTCTACGGCGCGAGCGCGGCCTACGGAACCGGCGAAGTGCACCTCTTGGCCTTCGACCCGACGGAGGCCCCCATGCTGGACGATGCATGGGCGCAAGGGCGGCTGATCGATTTGCTCGAGCACGCGTGGGACCGGCGCGCGATCAACGTCGTGGCGCACGGCGGCGGCGAGTACGACAGCATGAACTTCGACGGCGTGCGGCGCGCGCTCGACCCGAACGAGAACTTCCGCCTCGCGCTGGGCGTCGCGGCGATTTTGCTCGTGCTCTACTCCATCGTGTGCGGGCCGTTGGTCTTTTTGCGCGCGGCCCGCAAGGGCAAGCCGCTCGCGCCGCTCGTCTGGGCCCCGATTTTCAGCTTGGTGACGTTCTTCACCATCGTGGCGGTGGGCTTTCTCGTCAAAGGGTGGCACGGGCGGGCACGCCATTTGGCCATCGTCGAGACGGGCGCCGGCGTGAGCCGCGGGGCCATCCGGCGCTTCCGTGGATTCTTCACCAGCGAAAGCCGCGCCCTGAGCGTCGGCTCGAGCGATGCCGCCTCCGTTCTCTCCGTGGCCAGCGCCGATTCGTCCTCGTCGCAGGAACGAAGCGCGCTTTCGGTGGACCGCAACGGCGTGACCTTGGAAGACATCAACGCGCTGCCTTGGCAAACCATCGTGGTGCAGGAAGACGGCTTTCACGATTTCAAAGGCGGCGTGAGCATCATCGCGGCGAAGGATGGAAGCCTGGACGTGAGCAACCACACGGGGCGGATCTTGAAGAACGTGCTCGTGTCGGTCCCCGGCGATGGGATCCACTTCGTCGATCGAATCGCCGATGGTGCCAGCGTGCACGCGGCCGATACGCAGAAGTTGAGCGGGGTGCTGACGACGGGAAGCGCCACCAAGAGCGCGACGCATACACTGTCGCTGGAGCACATTTTAACGGGATTTCCCGGCAAGAATGATAAACACGGCGAGGCGCTCCGGAGCGCGTGGGGCGTGATGGAGACGGCGCTCGGCGGGTTCGTCGATTGGTGGCCGGACCAGGTGCCGGTGGTGCTCGCCGAGGTGGACGGCGGCGAGGGTGGCACCGCGCGCGATGCAAATCTTCCAGTGGAGAGCGATCGGCTGCTGCTCCGGGTGATCGGCAAGGGAGGTGCGCCGTGACGGCAGCTCCGGCGATCCGGGTGCGGCATCTGTGGCATCGGTTCGGGCGGTTCGACGTGCTGCGCGATGTGAGCTTCGACGTGGCGCATGGCGAGATTTTCGGCTTCATCGGGCCGAACGGTGCGGGCAAGACCACCACGATCCGCGTGATGTCGACGTTGCTCGAGCCGCTCGCAGGGCGTGTGGAGATCGACGGGTACGATGTGACCATCGATCCGGACGCGGTGCGGAAGATCATCGGCTACATGCCGGACCACGCGGGGGTGTACGAGCGCGTGACGGTGCGCGAATACCTGGAGTTCTTCGCCGATGCGTACCGCGTGCCGACGGCGGGGACGAGCTACGCCGTGGTCGATGCCGTGATGGAGCTGACCGATTTGACGAAGCTGCGCGACAAGCTGGTCGCGACCATGTCGAAGGGCATGAAGCAGCGCCTGCAGCTGGCGCGGACGCTGCTCCACGATCCCAAGGTGCTCATTTTGGACGAGCCGGCGAGCGATCTCGATCCGCGTGCGCGCATCGAGATTCGCGACCTGCTCGTGGAGCTGCGCAACCTCGGGAAGACGATTTTCCTGTCGAGTCACATTTTGACGGAGCTCGCCGACGTGTGCACCTCGGTGGCCATTTTGGAACGGGGCCGCCTCGTCGTCTCGGGCCCCATCTCCGAAATCGCGCGCCGCCTCGAACCGCAGGCGCCGCAGCATGCCCCTGCACAGCCCGAGGCGCCAGCACCGCCGCCTCCCGTCTTGACCCGCACCGTGAAACTTCGCGTTCTGGCGCCCGGTGAGGCCGTCGCCGCGGCCCTCACGGGCATGCCCGGCATCCACCGCGTGGCCCCCGGTCCAGCGCATACCGTGCTGGTGACCTATGCCGGGGACGAAACCATGGTCGCGTACATCGTCCGCGCCTTGGTCATGGCCAACATCGGCGTCAGCGGCGTCGAGCCGGAGAGAAACGAGCTCGAACGCATCTTCCTCGAAGTCACCAAAGGTGAAGTCCAATGAAGCTCCTCGAGCGCTGGCTCGCCGAGCCCAATGCCATCTGGATGCGGGAGATGCGCCAATCGGCGCGTCTCGGGCGCACGCCGTGGATCCTGTTCGCGCTCACCTTGAGCATCTCGCTGCTCATGTGCTCCATCGGTGGCATCGCCGCCGCGCGCAACACGAGCCCCGCCAACCTGGGGAGCTGGCTCTTTCAGGTCTTCTTCTCGCTCGCGTACCTCGTCGTGGTCGTCGTGGGGCCGGCTGTCGCGGCCAACAGCATCGCCTCCGAGCGCGAAGGGCGCACGTGGGAGGCCGTCCTGCTCACGGGCCTCACGCCCGCCGACATCGCGCGCGGAAAATTCCTCGCGGCGTACACCACCATTGCGCTCTACATCGTGGTGCTCGCGCCGGTGGGGGCGCTCTCGTTCCTCTTTGGCGGCGTCACCGCCACGGAGGTCATCATTGCCTTCTTCTTCCTCTTCTTGCTCGCGGCGCTGGGCGTCGCGTTCGGGCTGGCCATCAGCTCGCTCATGTCGAGCCTGCGCGGCGCCATCGTCGTCACCTTGATCCTGGCCATTTGCATCGGTCCCCTCGCCTATTCGATGTTCGGCTTCGGGAGCTCCTTCGCCGTGCATCAAATCTGGAACGACGTGCCCGAGGCCCACCCCATTTGGCTCCCCCTCGCCTATTCGCGTGCGCCGTTCGGGCTGAACTACATCGCGCTGCTTCTCGGGGTGCCGCTCCTGTTGGTGCTCGTGCCCGCGTGGTTCCTGTACGAGACGACCATCGCCAACCTGACCGGCGAGGCCGAGGATCGCTCGAGCGGCGTAAAGCGTTGGTTTCTCGTGTGCACGCCGCTCCTGGCCATCGCGGCGGCCATTCCCAGCGCGGCGGCCACCAGCGTGGACCGGGCCGCCATGTGGGCCATTTGGGGGCTCGCACTGTTTTCGCTGCATGCGGGCTTCTGCGTTTTGCGCTTCGGCGCCGAGCCGCCCGGCCCCTCGCGACGCGTGCGCATCCATTGGGAGCGCAGCGACGCGGGCATCGTTCGGCGCTTTCTCGGCCCGGGGCTGGTGAAGACGCAGGTGCTGGCCACCTTGCTCGGGCTCTTGG
NZ_CP089982.1_gap172	6540869	6545074	4205	AAACCGCGCCGCTGGGGCCAATACCGACCTTGTCGTCCATGCACTTTGCAGGATGATCCGCGGTCAGACCATGCAATCCGCCTCCTCGTCGTGGCGAGGCAACGGCGGCACGAAGATTCGATAAAAGACGGGGACCACGAACAACGTGAGAAGCGTGGAGCTCGAGAGGCCCCAGATGATGACCGTGGCCAGCGGCCGCTGCACGTCGGAGCCCAATCCCCCCGCGAGCGATGCGGGGAGCAAGCCCAGAATGGCCACGGTCGACGTCATCAAGATCGGCCGTAGGCGCGTCAGCCGTCCGAGCACGATCGCCTCGTCGATGGAATGCCCTTTTTGCCGATAGCCGAGGATGCCCCGCACCATGAGCACGCCGTCCATGATCGAGACGGCAAACACCGTGGCGAAGCCGACCCCGGTCGATACATCGATGTTCATCCCACGCACGTACAGGGCCAGGGTGGCGCCCATCAGCGCGAACGGAATGGGCAGCAGCAGAATCAGCGCCGTCTGGATCGAGCGGAACGACATCAACAGAATGACGAAAATGGCAGCCACCGTCATGGGAATGAGCCGCGTGAAGTGTCCGCGTGCCCGCGACAGATTCTCGAACATGCCCAGCCACTCGACCGAGTAGGGCGATGGCACGGAGATCTCCTTGGAAAAGCGTGCCTGGGCCTCCTTCACGAAGCCGCCCTGATCGCGCCCCACGATGTCGGTGCGCACCGTGATCCTTCGCCGGCCGTTCTCGCGCGCGATGATCGTCTGACCGTCCACGATGTCGATGCGGGCGACCTGCGCGAGGGGGATCGGGGTGCCATCCTGCGCGTACACGGGCAAGCGCCCGATGGCCTGCGGCGAGTGAAGCGCCTCGCGATCGAACTTCGCGGTGATGTCGAACCGCCTTTCGCCTTCGTAGAGTGCACCAATCGGACTGCCGCCCAGCGCGGTGGTGATCATCCGGTTCAAGCCGTCGATGTTCACGCCATATCGGGCACATAGCGCCCGATCGGGTTCGATGACGAGCTGCGGTTGCGGCCCCTCCTGCTCGATGGCCACGTCGGTAGCACCCGGCACCTTTTTCAGGAGATCGCGCGTCTTGCGGGCGAGGTCCAGGAGCACCGCAGGGTCGTCGCCCAAGAGCTCGACGGCCAGATTGGCCGACGTGCCATTGGTGTCTTCCGTGACGCTGTCGATGATCGGCTGGGTGAAGTTGAATCGGATGGTGGGAAACTCCTCGCGAAAGCGATTTCTCAGCGCTGCGAGGAGCTCTTGCTTGGTGTGAAATCGCTTCCAGAGCGCACGGGGCTTGGGGCCGATCATCATTTCCATGCGGCTCGGGGGAAACGGATCGGTGCCGCTGTCGTTGCGGCCCGTCTGCACGACGACGAAGTCCACCTCGGGGAACTCGAGCGCGAGCTCGCGCAAGCGACCGCCGTAGGCCGATGTTTGCGTCAAGGACGTCCCCTCCGGGCAATTCACCCGAACCCAGATGACGCCTTCATCCATGTACGGCAAGAACTGCGTGCCGAGGCGCGGGGCCACGAAGGCCATGAGCACGAGGAACACGCCCACGGTCCCCACCGCAACTTGGTAACGCCATCGAAGGAGCACCTCGACCCAATGGGCGTAGCGGGGTTTGAACCATTTCAAAATAGGATTTTCCCATTCATCGTACCCAAATCGAAGTAGAAACGTCGCCAGCACGGGTGTGACCACCAGCGCGAAGAACAGGGCGCCCACCAGCGCGAAGATGATCGTGAGCGCCAGGGGCCGAAACAACAGGCCCTCGATGCTCCGCAAGGTGAGCAGCGGCAGGTAGGCCGCGATGATGAGAAAAATGGACGCGAAGAGAGGTTTCTCCACTTCGAGCGCGGCCTCACCGATGCATCGCACGATGCTTTGCCGGGTCACCGGCTTGGGCAGCTCCCCCACCCTGCGCGCGATGTTTTCGGCCATGATGACCGAGCCATCGACGATGATGCCGAAGTCGATCGCGCCAATGGATAGAAGGCCCACGGGAATGTCCGCGATGCGCATCAGGGCCATGGCCACCAAGAGCGAAAATGGAATGGTGAGCGCCACCAGCAGCGCCACCGTGGGACGTCCCAGGAAGAAGACGAGCACCAGGACGACGAGCGTAATTCCCATGAGCACGCTGTGCGTGACCGTGTACATGGTGCTGCGCACGAGCAAGGTGCGGTCGTAGTACGGTTTGATGCGTGCGCCCTCGGGCAAGCGCGATGCATTCAACTCGGCGACGGCGTCGTTGACGCCCGCGAGCACTTCGGAGGGATTTTCCCCTTTGCGCATCAGCACGATGCCCTCCACCGATTCGTCGACGCGGTCCTTGCTGAAAATGCCGGAGGGGACCGGACTGCCGAGTTGCACATCGGCGACGTCGCGCACATAAACGGGGGTACCCGCGACGGATTTCGCGAAGACGCGCTGGATCTCGTCGATGCTCTGCAAAGCGCCTTTGCCGCGAATGACGAAGGACATGCTGCCGCGGGGTATGACGCTCCCGCCGGCGCTCGCATTGTTCGATTGCACGGCATCGACCACGTCTTGGACCGACAGCCCATAGCGCTGGAGCTGCGCCGGCTTGAACACGATGGCGTATTCTTTGGCATATCCGCCGAAGTTGGAGACGTCGGCCACGCCCGGAACGCGCAAAAGCCGCGGGATGACCACCCAATCGTCGAGCGTGCGCAGATCCATCGTATTCTGGCTGCCGTCGGTGATGATTTCGTATCGAAAGATCTCGCCGTACGCCGTGGCCAGTGGCCCGAGATCGGGGTGCGCGTCGTCGGGAAGCCCCAACGTTCCGAGCTTTTCCTGGACGCGCTGCCGTGCCCAGTAATTCTCGACGCCCTCCTCGAAGATCATCTGCACGACCGACAATCCAAAGATGGTGCGGGACCGAATGGTCACGACGCGCGGTACGTTGCGCATTGCGATTTCGACGGGGATGGTCACCTGCCGCTCGACGTCTTCCGAGGCGCGACCAGGATACGTCGTAATGACTTGGACCATTTGCGCGGAGATATCCGGATAGGCATCGACCTTCTGCTGCGTCGTTGCCCAAACGCCCCAACCGGCGATGGCGATGGTCAGAATCACGACGTGGACCCGGAAGCGCAGCGCCTGCCGGATGATGAACGGAATCATGGATTTCTCGCTGCCTCGACCACGAAGGGTTTGAGCAAAATGGCGCCAGCCCCGATGACGCGCGCGTCTGCGGGGAGCCCGTCGAGAACCTCGATCTCGGAATCCCGCTGGTCGCCGACCACGACCGGCGTCACCTTCCAGAGATCCGCGCCGGAGGCGACGAGCACGTAATCGGCGCGGCCTACGTGAAGGACGGCGTCTGCGGGGACTCGAAGCGCGGTCCGCTCATCGGTGCCCAGCCCCACGTCGGCGAACATCCCCGGACGGAGCCGCGCGTCGCGATCTTCGAGCACCGCGAGAACGCGCAGGGTCCGTTGCTCCTTCGAGACCGTGGGCGAGATGCGCCGCACGTGACCGATGAAGGGCACGCCGGGGACGCCATAGAAGCTCGCCGTGATCGCCTGCCCCTCGCGCGCACACTCGGCCTTCGACTCGGGGACCTCCGCCACGAGGACCGCGCTCCTGTTGGCGATGGTTGCGAGAAGCTCGGGATCGAGCCCCGCCTGTTCGAGCTGCCGCGCGAGGGCGGCTCGGCTCCGCTCGGCCGTGCGCAGCGCGATCTCGGCTTCGTGGACGCTCTTTTGTCCCTCGAGGCGCGTCTGGACCAAGGCGGTCTCCTCGACGGCCAAGTCCTTGGGCGAGTCGGATCCGGCTTGAACCAGCTTGCTCAGACGCTCGACGACCTTCGTCTGCGCCTCCACCTTGGCACCGTCGAGCCTGCGCGTGGTGTCGAGCTGCTGGGCGGCAAACGAGATCTCGTGGCCCGACTTGCTCCATTCCGCGTAGGCACCGAGCAGCTCCGAGCTGGCGAACTGCCAGCGCATCTCCGAAGGACCGCGCCCCTGCTCGAGACGCGCGACCACGGAACCGGTCACCTCGAGCAACGGAGCCCTCGAGCGTTCGCTCTTCACCTCGCGCATCGTGAGCTTGGCAGCCATGGGACTCGATGCCGCGATATGGATATACCCTGGGCCGGCGCGGACGGCGTCGAGCGCATTCGACGGTGACCGGTCGAGCGCGGGCGGTTTGCTCCGCGC
NZ_CP089982.1_gap173	6557679	6561921	4242	GCGTAGTCGATGGCCTCCGATTCATCGGGGTGAACGTCCCGCTCCCCGAAGGGAGAAGGGATGCGTGGGGTGCCATCGGTGTCGGAAAGAATGCTGCCGACCAAGTCGGTGGCGACGGCTTTCATCTGCTTGGCGCCACGGCCTCCCAGCTGCGTCGTCGTACGCAATACGGCAACCGTATGGCTGCCGATGGCGACGGGCTCCGTGATGGACGTCTCGTCCACGAATGCGCCGCCATCGAGGTACGCCGCCACCGGCTGGCCGCCAACCCGCTTGGCGATGCGTCCCCCTGTCTCGTCGTACAGGTAGCTCCACGATTTCGTCGACGTGGAGGCAGAGGCCACTTGGCCGTTCGCCCCATACGTGAGGATGACGTCATCGCGTTGCACGACCCTCCCGAGCGAGTCCAACGTGTGAAAATGCCGCCCCGCCGACAGCACACTCCCGCGTCGCTCGAGCGTGCGCACGTCGCTCGTGCCATGTGCATCGTGTTGAATGCGCGCCGGCAGCCCCGTCGCATCATAGGCGTAGGAATAAGCATCGCCAGCGTCCTTCGACGAAGCGAGAAAGCCTTGCGGGGAATAACCGAATGCTCGGCGCAACGACGTCGCGCCGATGGAGATATCTTGGTAGTCGAGAAAGCCGCGCGCGTTCATGCGCGTTCCCAACGTGGACGTCCAACTGGGGGTCTGCGTGCGAACTCCGGTGCGCGCGCGGGTCAGGGGATCGTAGGTGAACGCTACGCTTTCGCCGTGCGCGTACGGGCCTGAAAACCGCGCAGACGCCATTTGGCCATTGCCGTTGAAGGCGTACGTCGCGAAGGCATTGCCATCGACATCGAGAGAAACTTGCCGGCCGTAGGCGTCATAGGCGAACGCGCCGTCGGCCGTGGCCAGCAGCCGCCCTTGGCCGTCACGCAGTGTCGTGACCCGGCGGCGCACGGCCCCGCGCTCGTCGTACGTGAGGTCGACGTCGACCTGCCGCCAGCCCGCGATGGACGTCGAGCGATGCGTCTCGACGCCGTCGAGCCGATACGCCATCGTCTTCGCGTATCCATCGCCGGTGACTGCCGTCACGAGCCCGCGAGCATTGCGTGCGTCCGGCGTCTTCGGAGTAGCGCCGTCGCGGTAATATTGGAACGACTGCGTCTCGTCGCCGGGCACGTCCGTGTGCGTTTCCTTCGCGACGCGCCCGATCCCGTCGTATTCGTAGACGACTTTGCGCACGATGCTTTCGGGCGCCGCACCGGGCGGAAAGAAATCGCGCTCTCGAAGCAGTCCGGTGCGCGCGTCGTAGCCGTACGTGATGGTCGCCACGCCGCTACGGTCGATGCGGCTCGGCCGGCCATAGCTGTCGTAGTCGATCTTGTGAACCGATCCGTCCGCGAGGCGAATGCGACGCACGCGACCACTGACGTCGTACGTGTACTGGCTTTGGGCGCCCGCCTGATCGCGGTACGCCACCATGTGCATCTGCTCGTCGAGCGATGTCAGGGTGGACGTCGCGCCGTTCTCCACGTCGGTCCGCGTCAGGTCATCGCCGAGGCCCAAGGTGGTGGCGATGTCGCGCTGAACGTCGGCGTGAAGCTTGTGCGACTGGGAGATGGGTGCGCCGAACAACCCGGATTGTTCGACGCCGACGGCTTGTGCGGAGCTGTACAGAGCCGATACGTCGAAGGTCGCCACGTCGACGTTGGTCGTCGGTTTGACGAGGGCGGTATTCCGCCGCGCGGCGCGTTCGCGCTGCGTGAGCGAATCGAAAACCCAGCCTTCCGGCACCAAATGGAGCTTGGCCAGCTCCTGGCCACCGCCCGAGAAGATCTCCGCATGGTTCGTGTAAATGCCATTTGCAGCATCGACCAGCAATTTCGATTGAACCAGCGCAGGAATGACCCCACTCGCGTAACGGTACGTGTACGACTCGAGCGGGACCTGCTGCGAGTTCGTTCCCAAGTTGTCCCACGACGCCGACAGCCGCTCGAGCGCGTCTAAGGCGAAGCTTCGCACGTAGGGCCCACTTCCGCGGTCCACGGCGAGCGACACCATGGCATCCGTGAGCGGATCACGCGCCGCCGTCGTGATGACGCCATCGGGGCCGGTGATGCCCGAGAGCATGCGGGTCTTCGGATCGTAGGCAAACGTCGTGGTGCCGCCGGTCGGCGTCGTGATGCTCGTTGGCAGCCCATCGATGTCGTAAATGAGCGACTGATCCACGAACGCCGCGCCATTCGTGCCGAACAGTGTCAGCCTCTCCAGGAGACCTTCGTGCGTGCGGGACATCTCGGCTTCATGCCGAAAGTCGAGTGTCGGATCGGAATGGCTACCGGTTGCGATGACGTGCTTGTCGAGGCATGCCATCGACTCGGCGAATGGCGGCAAGTCGTGAAATGTCTTCGTCGTCAGGAGCTGCCCGGCGCGCGTCGTTTTGCGTACGCTGGAAGGACAGATATCGCGCTCGTACGCTAGATACTCCGTTTGCTCGAAAAACGGATTCGGTCTCTGCGGATCGGTGCTGCGCCATCCCCCTCCGTCCCGTTTGACGCGCTTCCAATGCACCCCGTGGGTGACGGCGTCTTCGTACTCCTTGAAGGCGAATCGCTCGAGCGCCGGCGAAAGCTCGTCGCGCTCGGTGTGTTGAAGCAGCAGCCCCGCCCAGTCGTCGCCGTTGAGAAACGACTCCGTCGTCCAATCGAGCTCGCCGCGCCGCTGAACCTGCGCATACCCCACGAGAAACTTTCCCGCGGTGTGAAGCTGCGGTTGCGTGTACGCGTACGCGTTGACGACCGGATCGACACCGGTGGTGGTCAGCTGCACTTGGGTGAGCAAGCTGTTGCGGTATCGGACACCTGCCTCGGGGGCCGCACGGCCATACGTAAATTGTGCGACGGTACCGCGGCCGTCGTTGGCGCTCGACATGAGCCCGACACCGGGGGCATCCAGATCGAAAATGTATCCGAGGCCGTCCTTCGCGTAAGCCAATCCAGTATTGCCCGTGCCACCGAGGTCGAGCACCACGGGCTTGACCCCCTGCAGGTGCGCGCTGCGGAATGCCGGCATATCCATCTGGCGAAACATCGAACCGTTGTTCGTGAACAGCATCGGCGTGGTGCCGCCGGAAAGCAGCATGTCGGCCAAACCGTCATTGTTCGCGTCGAGGAAGGATACCTGGTAAGGCGACATATCGCCGATCGACTGCCCAAGCGTATTGACGACGGGAAACGATTTGCCGGCCCGCTCGAAGGTGTAATTGCCCTTCCCGAACCAGACGACAATCGACGTTTGGGTGCCCGCAATGAGATCAGGTATTCCATCTCCGTTGAAGTCATTGACCCACGCGACGCTTGGGGTGAAGGATGGCGTCAACACGCCGGAAATCGGAGCGCCGAACGCAACCCCCGACGCCGTGCTCTGGTTGGGAAGAACCTTGTATCCGCCCGTCTGCACCAACACGAAATCGGGCTGATGATCCCGATTCAGGTCGACCAGCCGGGTCGTCGGCCCCGGATCCCATTTGCCCGAGAGCTGCATTTGTTGCAGGAGCGTGCCATCGCGCTCGCACACGAAAAGCGCCGTGAGCGACGGGCTCGCGACGAATCCGAGCACATTCAGGGCATCGGAGTCCGCGTGCAACCGCGCCAGAGTACGCGGCGCATTGGCGGGCGCTGGCGCAGGCCGGCACGTCGAATTGGCCGATGGGGATGCCGGTGGCAGGGCCTCGCTGACCCAGCCATCGTTGGTCTGCCGCAGAAGACGCTGATCGAATGCGAGCTCGAGATCGGGCCGGCCGTCGAGATCGATGTCGGCAGAGCCCGAGCGATTCGGCTGAATGGAATCCGCCCCGTTCTTCGCGAGCACGGCGTCGATACCTGCCGCGCGCTGCTCACGCGCCTGTGTCAGATAGTCGGTCCCCATCGTGTACGTGTACGCGATCGCGGGCATGCGCCCATTGGGGAACACCTGCTGAAGGCCCGTCAGGAAGAAGGCCAGTCCGCGGGACTCCTCGGTGTACGAAATCTCGTAACGATAGCGCTCGACGAACGCGCCGCCCTGCGCCACCTTCGCATGAACCGCGGTGATGCGCCGGTCCAGCGTTCTCGGTTCTCCGGAGCGATAATCCACCGTGGAGACGGACAGCGGCGAATAGTCGAACGTGAGTTGATACTGCCTCGGCACGAGGCTCGTGCCGCCATACGTCACCGTTGTGAGAAAGGGCCGTCCCGACGGATTTTTCTCGTATGTAAAG
NZ_CP089982.1_gap174	6703501	6704094	593	TCTCGATCCAAGCCGTGCCATGCGGTCGATGCGGAAGAGGGAGAGCCGTTGGTGGCAACCGCGTGCAGGCTCGGCGCGTGCGCGGCCCCCGCACGCAAGGCCAGCTCATTTTTTCCGGTGGCCGCGACCGCTCGGCGCAGAAGCTCTCGCTGCTCCTGCCAATCTTCCGGGCCGGCGTCCACCGCACGGATCGCGCGCTCCGGGTGCTCCATGCGGGCGCTCCGCAGAAGGCCCCACACGGCCGCGGCGGCGACGCCGGCCATCGGATCGTCGGGCATGGCTTGCACCGCTCCGCGCGTCACCACCACCAGCTCGGTTTTCTCCAGCGACGGATCGGCGAGCCAGTGCTGAAGCCGCGAAACGGTTTGGCCCACGATGCGGTGCGCGCTTGCGACGATGCCGTCTTGCGATGGCTCCGTCAGGTCCAGGACGAGCCGGCGCAAGGGCGTGGCGTTCGGGTGCACGCCCAGCACGGCGGCCAACTCGCCATTGCCGCCGAGCACGACCTGCCCATGAGCCGCATCGTGCACGGCCTCCAGGGGCGTCTCGTTCCATACGGTGCGGTGGAGCGAGCACCCGCGTCCGGCAACACC
NZ_CP089982.1_gap175	6780504	6782158	1654	GCTCGAGGCAGCGCTGCATCGCGGTCAGCACGCGCTCGGCGGGGGAGCGCACGTTCGCCGGCTTGCCATAGGCCTCCGCCGACGGTGCCGATTGCGCTTTCATGTCGAAGATCCAGTTACCGTCGTCCTTCCCCTTCCCGCGCGCCAGAACGGCGATGCGCAAGGTGCCCAGGCTGCCTGTGCCCGCGATGCGGAAGGCGGTGTCGACCACCTCGAAGTGCTGGGGCGTGAGGCCATAGGTCTCTTGCACACCGCGCGCGTAGATCTCGAATGCCTTGCGCGCGGCCGCGTCGGTGGCCGGTGCGAGCTCGGCATAGCGGAGGCCATCGCGCACGAAGCGGCGACCGCGCGAGGTGCGCGTGGTGCGGGCATCGAGCAAGGCGCGCCGGGTGCGTGCGCTCGCCCGCGTGAGAAGGCTCATCACCGGCGCCGGCACCTCGAGAGACTGCGGCGCCCGATCGAACGCGCGCGAGGTGTACGCATCGAGCAGGGCCTCCGTCCACGATGCGGCCCGCGCACCACTCGCGCCGAATCCACGCGCGGCAAGCAGCAAACTCGTGAGTAGCCGCAACACATCGAGCCGCCAAGGTCCGACGAGGGCATCGTCGAAGTCGTTGAGATCGAAGGTGACGTTCGCCGCTCGCCCACGTTGGAGCAGATCCACGGGCGCCGTCCGATAGACGCCGAAATTTTCGACGTGGAGATCGCCTGCAATCCATCCATCGCCCGCCGGACCATCGTGGCAGTCCTCCGCATAGTGCTCGTACAGCTCGTAAAAGAGTGGCGCCGCACCGCGCAGAAAACCTACGGCGGAGGCACGCATTCGGGACACCTTGCGCACGAAAAGCGCGGGCATGTGCCGTGTGCGTGCTTCGTCCCGCGCAATCTGCTCTTTGGCAAAGGCCATTGGATCGAAGGAGCGCATCGGGTGCAGAGTACATCCTTCCGGCTAAGGTGTGGTGGTGCAACACAGATGTGCAAACTGCAAGGTTGGGCTAAAAACACGTTGGTCCATATATGGGTGATCGTCATCGTTATTTGCTACCAGCACGTGATTTCACGATGCGCGTGCGGTTACCATCTGAGAATGGCGCGTATCCTGATTGTGGAAGACGACGCTCCCATCGCCATTCTACTTGCCGATCATCTGCGCAAAGTTGGACACGTGGTGCGGATCGTTGGAAACGGTCTCGAAGCAATTGCCTTGTATCGGGCGGAGCGTGCAGACCTGGTCATATTGGACGTGATGATTCCGGGGGCGAATGGCTACGACGTTTGTCGTGCGCTGCGCGCCGAACAAGGGCGGCAGCCGATCGTGTTGATGCTGACCGCGCGGGTCACCGAGGAAGATGCCATTCTGGGCTACAAGGTCGGGGCGGATGACTACGTGCGCAAGCCCTTCGGCGTGCGTGAGCTTCTCGCGCGCATCAAGGCCCTTTTGCGCTTCGAGCGGCGCGATCACGATTCGCAGAAGCTTCGCGCGGAAGACGATGCCGAGGCCCTCACCGTAGGCCAGCTGCGTCTCGATCCCGCGGGAAGGCACGCGCAGATCGGCGCGCGCGCGGTGGATTTGACGCCCATGGAGTTCGATATGCTCATCTGCTTCGCGCGGCGCGCGGGCGAAGTTTTGAGCCGCGAGCAGCTTCTCTCCGAT
NZ_CP089982.1_gap176	6785136	6786875	1739	GCTCGTGACCGAATTCCTCCGCGATACCGAGCCGCCCGAGGCCTTTTTTTCGGGCTTGGCCGAGCGCGCATCGCAGTACAACGGCTTCAACCTGATTGGCGGCGACCGCACGGGGCTCTTTTACCTCGGCAGCCTCGAGGGCCGCGTGCATGCCATCGCGCCAGGCGTTCACGGCTTGTCGAACCACACGCTCGACGAACCGTGGCCCAAAGTGCGGCGCGCCCGCGAGGCCATGGAGTCTGCGCTGCGGGACACGGATCCCGCAGCGCGCCTCTTCGCCATGCTCGCGGACAGCACCGTCGCCCCCGACGAAGAGCTGCCCAACACCGGTGTCGGCCTCGAATGGGAACGTCGCCTCTCGCCGCCGCTCATCACGGGCAACGTCTACGGCTCCCGCACCTCGAGCGTTCTCACGATCTCTCGCGACGCAACGACTTTCTTCGAGGAGCGCACGCTCGACGGCGACGGCAAGGTGACCGCGTCGAACGTGTTTCGCTTCGAGGCGGAACTTCGCTGATCCGTACAAAACGATTCGGCGCCCCGAGTGTCGTCTCATGACACCTGGAGCGCCGAACGTTTACGCGAGGCGCGGATCAGAAGAAGTTGACGTGCATCGTCCCGGTCACGCGGTGCTGCGTGCCCTTTTGGGACGCGCACGGTCCGACGCTGGCCGCATCGCACGAGTTGCTCGGAGCATCGTCGTTGCCGAACGTATTGCGCTCCGAGAACGCGTATTCGACACCGAACTCCACCTGCTTGTTCACCGTGAAGAACGTATTGATGAACAGCTGGTCGAGGCGCTTGTTGAAGCCGGGATCGTGAACGTAACCCGTCTGCGGATCGAACGACGGAAGTGCGCCGATTTCCGCGAGCGACTGGCTGCCGTTCCACTTCATGTACGTCTGGCTCCACACCACGTTGGAGCGGACGACCGGGCTCCAAACGCGCGTGTAGTTGACGTGGTACGCAATGACCTGCCAGAGCTGCCAGTCATCATCCGCCGCATTCGGCCTTGCGCCTTGGCCCTGCAGACCTGCGTTGAAGATGTAACGACCGATACCGTTGCCGCCCGCACCGTAGGCACGGAAGCGGTCACCCCACGGCAGGTTGAGCGCAGCGCCCGCGCGGACGCCCCAGCCTTCCTTCGAGTACCCATCGCGCTCCGCCGTGGGCGTCGCGCCGCCCGTTGCCGGGGAGCCGGCCTGCTTGTACTGCAAGGCCACACCGCCGATGGATGCGGTACCCCAATCGCCCTTGAAACCGAGGACGGCGATGAGATCCGGAATCTGCTGCATGCGGCGCGTGGGGCCGGTCGAATCGGTGACGCCGTTTCGATCGGTGCCGGGTCCGTTTTCCGCAGCGAGGGCCAAGCTCACCGCGTCGCCAATCGGAATCGTGTAGCGGATCTGCGGCTGCCGAATCAGCGGAATGGAACCGGGACCGTTGAAGTCCACGGTTTCCGCGTACGACGGCAGATCGAGCATCGTCGACCAGCTCTGGCCGAAGAGGAACGTACCGTACTTGCCGCTCAAGGTGCCGTAAGCGTGGCGAAGGCGGAAGAGCACGGAGTTGGTGAACGTCTGGCCCGAGAGCAGGTTGCCGGCGTTGAAGTCACCTTCGACCTTGGCCCCGATGTCGGCAATCTCGCTCTTCGTCATCGTCGAGATGCCGACCCGGCTCGTGCGCGCGGTCAGGTAAAGCTGGCCGGATTTCTGCCGCGTTTCGTAGCTCTGGTTGAG
NZ_CP089982.1_gap177	6788072	6789708	1636	GACCTACGACTCGCAAGGCAAGCCGGAAGAAGCGGCCGTCGCCGCGACGCGACTCGTGACCCAAGACAAGGTCCTCACGTTCCTGGGTGAAGTCGCGTCGAGCCGCTCGATCGCGATGGCCCCCATCGCGGACTCCAACAAGATCCCGATGATCTCGAACGCCTCGACCAATCCGAAGGTCACGAAGGACGGCGACAAGACCCGCCCCTACGTCTTCCGCGTTTGCTACATCGACCCGTTCCAGGGAACGGTCATGGCGAAGTTCGCCGTCGAGAACAAGAAGTTCAAGAAGGTCGCCATCCTGCGTGACGTGGGGAACGACTACTCCGTGGGCCTCGCCAACTTCTTCACCGAGACGTTCAAGAAGCTCGGTGGCGAGATCACGGACGACGTCAGCTTCAAGGCCGGCGATCAGGACTTCAAAGCGCAGCTCACGAAGGTCAAGGGCAAGAACCCCGACGCGCTCTACGTCCCCGGTTACTACACCGACGTGGCGCTTCTCGCGCGCCAGGCTCGTGAGCTCGGCCTCAAGCAACCGCTGATGGGCGGCGACGGCTGGGACTCTCCCAAGCTGTTCGAGATTGCGAAGGGCTCGCTCGATGGTTCGTACTTCTCGAACCACTACAGCCCCGAGGACAAGTCACCGGTCGTTCAGGACTTCATCACGAAGTACAAGGCCGCCTACGGTGGAGCTACTCCGGATGCGCTCGCCGTTCTCGGTTATGACGCAGCCAGTGTCGCCCTCGCCGCAATCGAAAAGGCCAAGGAACTCACCGGCCCGGCCATTCGTGATGAAATCGAGAAAACCAAGGACTTCAAGGGAGTCAGCGGCAACATTACCCTCGACGCCGACCACAACCCTGTGAAGTCGTCGGTCGTCATCGGTATCGAGAAGAACGCTCAGAAGTACGCTGCGACGATCAACCCGTGAGGGAACGACCCGTGAAAGAGGCCCTGACGCAGCTGCGTCATAAGCGTCAAAGCCTCTTTCAAATACGCGGCGTTGTGTAGCGTACATGGTGGGTTCGTTTGTGGAACGCGACGTTGACAACACAGTGTGCGGGCGTGCTAAGGGACGTCCTCACGCGAAAAGTACGCGCGTTCCAAAACGATTTTCCCACAGGTCGATATCGGAGGTTTCGATGCGCTACGCACGTGCGTTGGTGATGGCTCTATTGGCGATCGGCGGTGCGGCAGGCGCGGGCTGCAAGGACAAGGAGCCCGAGAAAGCCGCGCCGCAGACCGCTGAGACCAAAACATCAGCAGCGCCCGCCAGTGACACGATCGTGATCGGTCACGTCGGATCAATGACGGGTAATGAGGCCACCTTCGGCCAGTCGAGCGACAATGGGATGAAGCTCGCCGTCGAAGAGCAGAACAAAAAGAACGGCATCAAAGGCAAGAAGATCGTCCTCAAGACATACGACGACCAGGGAAAGCCCGAAGAGGCCGCCGTTGCGGCAACCCGACTCGTCACGCAGGACAAGGTCCTCACGTTTCTCGGAGAAGTCTCGTCGAGTCGTTCCATCGCGATGGGCCCCGTCGCGGACTCGAATAAGATCCCGATGATTTCCAATTCGTCGACCAACCCGAAGGTCACGAAGGACGGCGACAAGACGCGCCCGTTCGTCTTCCG
NZ_CP089982.1_gap178	6793858	6795880	2022	CTCGCGGTGGCCCGTGCGCTGATGTCCCGCCCCAAGCTTTTGCTCTTGGACGAGCCGTCATTGGGTCTTGCGCCGCAGGTCGTGGACAAGATTTTCACGGTCTTGCGTGAGGTGTCGCAAGCCGGCGTGGCGCTTCTCCTGGTCGAGCAGAACGCCCACAAGGCACTGCAACTCGCCTCGCGTGCGTACGTGCTCGAGACGGGCGAAATCGTCATGTCGGGCACGGGCCAAGAGCTCCTGAAATCACCCGAAGTGCGCAAAGCCTATCTCGGCGAGTAGGCGCTACCTGATTGGATTGAACATGAAGGCGGGGAAGGCGGGAAGGTTTTTTGGTTTTGCTCACGGTCGTCCAAGTTGGACGACCGTTGCCAAAACAACAAAACCTTCCCGCCTTCATGTAAATTCTCTCTAGCCGTTACAATGCCGGGGGCGTGTCGCCCCAGCAGGCGATTTGCCCGGAGACCAGCATGCCGCAGGCGTGGTTCCCGCCCGTCGAGACTTGCTGGTAGATACCTGGCGGGGGCGAGGTGCGGCCGTTCTTGTCGTATCCCCAGCACGTCACCGAGCCGTTCTCGCGCCGTGCGCATGAGAAGTTCCCGCGGTTGGACACTTCTTTGAAGCCCGCGGCTTTGGGCGCGTCGAGCTGGTGCCATTGGTTGTCGCCCCAGCACTCGACGGAGCCGTCCAGGTGAAGCCCGCAGGTGTGGTTCCACCCTGCGGCGACGCTTGCAAAGAGGGCGTCGGAGTGTCCGCTCACCTTCTTGTACATGTTGTTGCCCGCGCACTGGACGTGCTGGTTCACGTCGACCGCGCACACGTAGTCGACGCCGACGGAGATTTGCGTGAATCCCGTCCCGAACGAAAGGAGCGCAGGGGGTGGGGACGAGGCCGTGAGCTCGCTCGTGAGGCCCCAGCACACGAGCTCCGTCGTGTCGAGCAGCCCGCACGTGATTCGGAGTCCCGGCTCGATTTCCAAAAAGATGCGGTCGCGCAAGGACGCCGGGATCGTGGACTCTTGGTACTCATTGCTGCCCCAGCATGCGGCCGTGCCGTCCGCTCGAATGCCGCACGTGTGGTCGCTCGCGCCGGCGGTCACGTCGATGAAAGGGACGTTTTCGGGCGGCGTGGCGCGTCCTCGCGTGTCGTCCCCCCAGCAGGACACGGTGCCATTCGGCCTGATGCTGCACGTGTAGTCGATGCCCGCGCTCACCGTTTGCGCCGACACGCAATGTCCGTCCTTTTTGCGGTACCCGGGGTCGCACGCGATCTCGCACGAGCCCTTCACGCAGCTCGCCCTGCCGTTGTCCGAAGGGCAAACATTGCCGCATTGTCCGCAGTGCGCGACGTTCGAGAGCAGCGGCTGCTCGCAGCCGTCTTCTGCGCGGCCGTTGCAATTGCCGTAGTCCGCCGTGCATTGCCCGAGGGCGCACTTGTCCGCGACACACGTGGCCGTCGCGTGATCATACGAGCACCTGCTCGTGTCGGCGGTCGTGCACTCTGGACGCGATCCAGCGTCGGGCTCCGGCTCGGGCCCGCCGTCGGGTCGCTCCCCCGAATCTGGGCGCGATCCAGCATCGGGCTCCGGCCCGGGCCCGCCGTCGGGGCGCTCCCCCGAATCAGGATGATCCTCCGGGAGAGTCGACGACTCCGACGAACACCCGGCCATCGCCCCACCCCACACCAAACCCACGACCGCAACCCACGTGCTGCGCGCAATGAAAGACATTCAAGTAGCTCCAAAGTAAGCTGGCAATGTACGAACTCTCTTCGCGCAAGAGCCCAAAGAAGCAGCGCGGCAGAGAATCGCGTCGCTTCCTCATGTAACCTGCGCCCGTACACTGTCAAGCACGCGCACGTGAATGCACGCGTCCTTTGGTGCCTATGGCCCCACTTCCCAACTGCGTCGGCCATCCCGCATCTTCGTTGCGAGATTACGACATTTTCATTCGCTCACCGGCGAGTAACGGTCCCTGATTGGATTGAACGGGGAGAGCGGGAGTTTTTACTAAAAATCTCCCGATC
NZ_CP089982.1_gap179	6968148	6972296	4148	TACGGTTTACCAAGGCCGCGGCGTCGGAGGCGGATCGCTGGTCAACGGTGGAATGGCCGTGACGCCGAAGCGGGAGAACTTCCGCGCCATCCTCCCATCGGTGAACCCCGACGAGATGTACAACGTCTACTATCCTCGCGCGAACGCGGAGCTCGGCGTCCACACAATCGACCCTGCGTGGTTCGAAGTTGCCGAGTGCTACCAGTACGCACGGGTCGGTCGCAAACAGGCGCAGCGATCCGGTTTCCCGTTCGTCTTCGTGCCGAACGTGTACGACTGGGACTACATGAAGCAGGAACAAGCCGGCACCGCGCCAAGGTCGGCGGTTGCCGGGGAACTTCTCTATGGGAACAACTACGGCAAGAAATCACTGCAGAAGACATATCTCAAGCAGATCGCGGCGACGGGGCGGGTCACCATTTCGCCATTGCACCGGGTAACCTCGGTCACGCCTGCGCCGCGCGGCGGCTATACGGTGGAGATCGAACAGCTCACCACCGCCGGTGCGGTATCCACCACCAAAACCATTACGGCGGACACGGTGTTCTTCGCCGCGGGCAGCGTCGGCACGAGCAAGCTGCTGGTGAAATTGAAGGCCACCGGCGCGCTGCCGAACCTGAATAGCGAGATCGGAAAGGGCTGGGGCGACAACGGAAACGTGATGTGCGGACGTGCCAACCACATCTGGGATCCGACGGGCACCCTTCAAGCGTCCGTCCCCACCGGCGGCATCGACAACTGGGCCGCGGGTGGTGCATTCGCCGAGGTTGCGCCTCTGCCGACTGGGATCGAGACGTGGGCATCCTTCTACCTGACGCTCACGAACAATCCGCACCGGGCTCGATTTCATTGGAATCCGTCGACCAAACAGGTGGATCTCGACTGGCAAAAGGTGTGGAAGCAGCCGTCGATCGAGATGGCGAAAACCATCTTCCACAAGATCAATGCAACGGAGGGGACCATTTACCGATCTGACCTCTTCGGCGTGAATACGATTTGGGGCGATCATCTCACCTATCACCCTCTCGGGGGTGCGGTGCTCAACAAGGCGACCGACAATTACGGGAGGCTCGTCGAGTACCCCGGCCTTTACGTGATGGATGGGTCGCTGATCCCCGGCAACACCAGCGTCAATCCATTCGTCACCATCACGGCGCTGGCCGAACGGAACATCGAGGAGATCATCGCCTCCGACTTCTAATCCCAGCTCCAAAATGGGACCTTGATTGGCAAAGCCGATGTGGCATGTTCGCGCTATTGCGCAAATGCCACGTCGGCTCGATGTCCGCTTCGCGGCTTGCCCCAGCCATATCGGGCGGCCGATTCGAACATCATGCGGCATCGAACGATTTTGCATTCTTTGCCATCGACTCCCGTCCACGGCTCGTGCAATCGTCCGCACATGCGCACGTTAATCACGCTCGCCGTCGTGTGTGGTACCGCCGCGGCGTTCGCGGGTTGCGATTTCTCGACCTGGGCCGGTCCCGGCTCCGACATGAGCGTTCCTCCCAGGTCCGGCGGCGACCCTGCAGCGCCCGGTGCCCGTTTTGGCGCGTGGGTGAACAATGCCTGGGGCCCCGCCTCCACGCTCCTGCCGCTCAACAAGGAGCATCCGCCGCTGCAAGGCGTGCAAGCCTGCGTCGTCGAGTACCCCGCCCTTCCCTGCGCCATCAGCGATGCGTCGGGCCGCATCGACATCCACGGGATCCCCGTGTCCAAGCCCGTCCACATCTCGTTCCGTCTCGCCGGCTATTACGGCCTCCTTCTCCCGTTCGATCCGACGGCCGGCGATTTCGATCAGCCCGCGATCGAGATGCCGTCGCTCGGTCTGCAGGCCGCGCTCTATCGACAGCTGCTGATCTCCGAGAAACCCGGCACCGGCGGCATCAATGTCTTTGCCGTCGACAGCGCCGACCTGCGCCCCGGCGACGCGCCGGACCATTCAGAAGCCAACGGAAAGCGCGCCGGCGTGGGATTCAAGTACCGCCGCGTCTACGTCGACGCGAGCGGTGCCGAGACGTACGGAGAATGGAGCAACCCAGCGAGCTGGGCCCTCAGCCATCACAGTGTCGTCTACCTGAACGACGACGAATCGCCGGACCTGCTGGCCATGCACACCTCGGAAAGCGGTTTGGCGCTCGCCGTCAACCTCGAGCCCGGCCTTTACGAAGCGATCACCGACGACACCAATTTCACCAATGGCCTGCAAACCCTGTGGACCCGTTACCACTGGAACTGCGGCCCCATAAATCACGCGCCGAGCACCCCCGGAGCGCCGCGCATCGCCCGCACCCTCGTGCAACCCGGCCAGCTCTCCGACGTCCGCGTGGGCTGCGTCAGCGAATGATGCGGCCCGGCGGCGCGTGACGCCGGTCGGAGCGAACGTCTCGAGAGGAGGATACTCGATTCGAAAAAATGGATCATTCCCGCCGCCTGCCCCTTGCGACCGTCAATGGCGCCCATCCCCTAGGTCATCCTCAATGGCCTCTCTCTTGCTTATAGAGAGCGCGACGCAGCCCTCCGTAGGCTGTCCACGTGAGGGCAAAACTTGATGACGACGCGTTGGCTTTGGATGCCTTTTTTCGTCGAAATGATCGTCGGATGCGGTCGGAGTAAGGAAAAGCCCTATTCAACTCCGGCGTACGAACCTGGCCAGCCGTTCACGGTTTGTCCCATGCGGTTCGTCCCGAATCCTGGCACCACCGCCGATCCCTGGATGGACCTCGAGGCCGATGGCACCATTGTCATTCCTCGCGCCTCGGTCCCGCGCGACGCTATTCTGAAGATCAGCGGGGATACGGTCTTCAACACGGAGCCCGCGGGCACGGTGTTCGTTCATGTGGCGCCGGACGGATGCTTCGAGGGCGAATACGTCAATCCGGGATTTCGCTACATTGGAGACGAACTGGCAACACCCTTCGGAACACTCGGAATCACGGACACGGGAACCGTCACTCGGACAGCGGCAACTCGAGTCGGGACGCTCGGCCAGATAATCGGTGAACCCAACTGCATTCGCTCCGCCAAGCGCGCGGCACTGATGCTCGTCAGTTCGGAATTCGGACGCCCCGCGAAGTTCGAGTACTCACCTTAGCTGGGGCGTTGCCTAGTTCGGATATTTTCGGGCGCCCGCGGGCTCGCGCACACCGCGGGCGACGTTCGCGTGGAAGCTTACAAGCCGCTGACGGTCCCTTTTACTCTCTCGCCGGTGCGACCGGCAACGACCTCGAGGGAGTAATACCCTGCGGGCATGTTGTAACACATCCAATCTTGCTCCGGCGCCTCGGCGGGGAATCCCTGCCGACACACTTGAACGCCATCGCGAAAGAGGTACCAGTGAGCGATTTCGGGGCCTCCCCATGCATCGGCCCGAATCGTGATGGTGCCCGTTCTCGTAGTACGGAGTCGGGGCGTCGTGCACTGCGTGACGCCCGAACAAGACTGGGACGCTTGAATCTCGAAGTCACTGCCCGGATCTGCCGGGACGGCGCCTTCGTCATCGGTTTCCGATGCCATGGCCGCACTGTCGACAACGAGACCCGCAACCGCGATAACTGCAAGCGCGATGAACTTGTGATGGATACGATTCATTGAGAAGGAACCTCCATTGGCTCGCCGCACACGCCGCGAGCGACCGGTCCCTCAGCAGAACCCGTGCCGTACGTCATCCGAGAGCACGCGGAGCTTTCACGCTGCATGAACCACCGCCCAAAGAACGCCCATCTCCGGCACGAGGCGAACTCCACGGGTTACGCGGCGATCCATCCATGATCTCGCGCGGCACCCCACGATGCGCTGAGAGCGCACCCCCGGGCCCGTGGCATTCTCATTCTGGAACGGCATCCGCTTCGTGTTCGGCCTCCGGGTCGGACCAGGCGCGTACCCTCTTGGGCGGCCCGAGGTTTTTCGTGGGCCAAAGCTGAATGCGCCATTGATCGCCCGGCGTCGTCGAGCCGGGCCAACCATGAGCGACGAAGCCGCGCCCCGCGATTCGGACGGCGTACATTCCCGGGGGTGGTGTCTCGAGGACCTTCCCCTCGAGCGTCGGCGATTCGTAGTAAAGCCCGAAATCGTCTATCTTCAACGAAGCCTCGAACGCCTCTTGCCATTGCTCGAGATCCGTGGGCGGCTCGGAGGACCAACGTTCG
NZ_CP089982.1_gap180	7031897	7036277	4380	TCAATCTTAGGAATAGCTTTCGATCAATGAGCACGACGCAATCATTTTTCATTGGGAGAGATCATCCGACCTTGTCGTCTGTACGATGAGACTCCACATGATCATGAGACCATGTCCATGTCGAATTCCCCCCTTGCGTCACGAACCCTCGGGAACCAGGGGGATGTGCTGGTGTTCGTGCACGGCGGGGCGGGGCCGGACCTCACGTGGGCGCGGCAAGCACCGCTCGCGGAGCGCTGGCGGCTCGTCATCCCGTGGCGGCGGTGTTTCGAGCCGAGCCCGCGCGGGCCGCGCCAGGATTGGGAAATCGATGCGGAGGACTTGCTCGCGCTTCTCGCGCGCGTTGCGCCGCGGGCGCATGTGGTCGCGCATTCCTATGGGGGCCTCGGTGCTGCGGTGGCCGCCGCGAAGGAGCCGCATCGCTTTGCATCGCTCACCTTGATCGAGGTGCCCCTTTGGTTCCTGGCGGAGCACGATCCGGAGGTCGTGCGCGTCATGCACATCGCCAAAAGCGTCTCCGATCCGCAGGCCGATCCCGAGCTTCGCCAGCATTTCATGCGCCTCGCGGGCCTGCCTGCGAAACACCCCGATACCCTCGAGCTCGAGCGGCTTGCCCGCAATTTACGCGACCCCGGGGAGGCGCGCCCCGATCTGGCGGCCATCCGAGCGGCGCACGTCCCCGTGGCGGTCGTATCGGGCGATCACGATGCAGGCATCGAGCGCACCTGCGATGCGTTGGCACGTGCGCTGGGTGGTGAACGCGTGATCCTCCGCGGCGCGGGGCACGCCGTGGCACGCGCTCCGAAGTTCAACGACTGGCTCGCTTCATTTCTTGAATCCATTGACCCGATTCTCGCGTTTCTCCGCGTTCACGGCGCCGACACGATCGAGCATCCTGGTGGCACCTTGCTCGGGCACCTCGTTCGCACCGCACGGCGGCTCGAATCGTGGGGCGCATCCCCGACTTGGGTTACCGCGGGACTATGCCATGCTACGTACGGCACCGACGGCTTTCCGAGGGCTCTCCTCACGCCGGATCGACGCCACGAGTTGGCCGATCTCATCGGGCCCGAGGCCGAGACCATCGTTTATGCATACGGCTGCTGCGATCGCCGTCATGGGCTGCCCCTCGGCGATCCCCGCGGCGAAATGCGTGACCGATTCACGGGCACGCTGTTTCGGCCGGGCGAAGAGACCTTGCGCGCCATCGTGGAGCTCACGTGTGCCAACGAGATCGATGTCCTCGAGCATAGCCCCGCCCTGCGCGAGGCGGTCGGGCGGGACATTGCAGCGCTCCTGCGCGCATGCTGCACCATCGCCAGCCCCGCGGCGTGCAGGGCCGTCGATGAAACGCTGCGGAGCACCGGCCTGGCGTAGGCCGACCCGCCGTCACAAAGCCTTATTGAGCTTGATCCCCTCGCGACCGGAAACCCACTCGCGCAAGTACGCATTGAGCTCCCCGAAGAACGACACCGACACCAGATCGGCCACGGCAAAGAATTCACGGAGCAATGAATCGACGTGGTTGTTATGTGCTTCGGCCGCGTCGGCGTCGACGTACTCCTCGATAATCGAATAATGACCAGGTTGCTGGGTGACGAACCACTGATACCGCAGCGTTCCCGGTTCGGTCGCGGCGGCGGAGGCCAATGCCCGCGCCACCCGCAGGAACTCGGCTTCGTCCGTTCGTACTTTGAATTCACATAGCACCAGAAGACTCATGGGAAGATCCTAGGGCCTCCCGCGCCGGACGACATCGTTGGCCATGGCAAAATCCTACGGCGTGGCTTTCTCGTCTTTCTTCGCCTCCTGCGCGAGCCACTCGAGTGCGCTCGCCTCGGTGTGGAAGGCACGTTGCTCCACGTGCTGCTCGCGGGCGATCCGGCGCCACTGAAGCAATGTGGTGGCGCTGTCGACGAGGACGGCGGCGCGCACCCGGCCGGCCGCGGTGGCGCGGCTCATCACATCGGCCACGATGTTCGCCACCTCTTCGGATTGCACGGTGGATCCGGTGCGATCGGCAAGAATTGCCCAGGGCTTGCCCCGCAGACGGGCGAAAGCGCGGATCATGTCCTCGCGGTAGGCGCTGGCCAGGGCAACTGTCCAGACGCCCCAGCCGCGAACCCGCAAGATGCGCGCCTCCTCATCGACGTCGATCTGGTAACCCGGCTCCACCGACGAAACATGACAGTGCAGCCGGCGGGCCGCAAGGGCGCGTCACCCCTCATCGTACGCGCGCTGCAGCGCAGCCAGATCCAGTTTCCTCATTTGAAGCATGGCTTCGAAGACGCGCTTCGCTTTGGCAGGATGCTCCTTGTCCTGCATCATTTCCATGAGCCGCACGGGAACGACCTGCCAAGACAGTCCATATTTGTCTTTGACCCAGCCACACGGGCCTTCTTCTCCCCCTGCGGAGAGCTCGCGCCAAAAGGTGTCCACTTCCTCCTGCGTTTCACAGTTCACGAACAGTGAAACGGCCTCGGTGAACTTGTATTGCGGCCCGCCGTTCAGGGCGATGAAGCGCTGCCCCTCGAGCTCGAACGTCACGGTCATGACCTTGCCTTTCGGCCCCGGCCCCCCCTCGGGATAGCGGCTTATGTCCAGGATCTTCGAAGCCTTGAAGATGGATGTGTAATGATTCACCGCCTCTTCGGCGTTGGAATCGAACCACAAGAACGTCACGATCTTTTGCTTTGCGGACATGGTCGCAGAGCATAGCGCGGCGTTCATCGGGATTGTCAAGGTACGCAGCCGGCGAAGGGCAATACGCTGAATCCGCCGCCGGCAACGAGAAGATCGAGCCGGCCGTCGCCCGTCAAATCGGCCGCCACCACCGAGTCCGGGGAGTACCCCGCAGCATAATCGATTGGGGCGCCGAAGGTGCCATTGCCCTGATTGAGCAGCACGCTCACGCGGCTTCGGGCATACCCCGATTGGTAGCCGGGCACCACGAGATCCAGCTTTCCGTCGCCCGATAGATCGGCCGCCGCCAACGATGCGACGGGGCTCCCAAGGACGTAATCGACCTTGGGGCCGAAGGTTCCGTCGCCTTGGTTGACCACCACGCTCACGATGCCGTCGGACCGGAGGGTCGCGAGATCGGGTTTGCCGTCGCCGGTCAGATCGGCCGCCACCACGGGGCCATGATCGTTGCCCACGGCATAATCGACTTTGGCGCCGAAGGTGCCGTCGCCCCGATTGGGCATGACGCTCAACATCCCGTACGAGGCAAGAATGAGGTCCGTCTTGCCATCGCCCGTCACATCGGCCGCTGCGAACCCGCTCGGGCTGTTGTAACCCACCTGGTAAACGACGGGGGGTGCAAAGGTGCCATCGCCCTTGTTGACCAACACGGTCACGACATCGCGCACGTTGCTGTCTGGCTCCGCTGCCAGGGCGATATCGATCTTGCCGTCGCCGGTCAGGTCGGCTGCGACCATGAATTGAGAATACGCGTTGTAATTGAAGTTGGAAAAGGTGCCGTCACCCCGATTGAGCATCACGGTCACGCCGCCGGGGATCCCGTAAGCGAGATCGTTTTTGCCGTCGCCGCTGAAATCCGCGGCGGTCATCGGGCCGGCGAAAAACGATCCCCCCGATACGGGATAATAGATCTCGGGGCCAAAGGCGCCGTTTCCGAGATTCGTTCGAACCCGAAAGCTGGTGCCGTTGCGGCCGATGATTTCGGGCTTACCGTCCCCCGTCAAATCCGCCACCACAGGCGACGCATCGCTGCCGTCGAACATCGGGTACAGTGTGGGGGCGGCAAAGGTGCCGCTGCCCTGGTTCACGAAAAGGCTCGTGCCGCTGGTCCCCGAATAGGCCACCACCAGATCGCTCTTTCCGTCGCCCGTCATCTCCCCAGCCGCAACCGACACGGGATAGTCGGCCCCCTCGTAGGTGACCGGCGAGGCGGCGAAGGTGCCGCCTCCCTGGTTGGTCAGAACATTGACGAAACCATTGACGGTCACGAGCTCGGGTTTGCCATCGCCCGTCAGATCGGCGGCCGCCAACGACTGGACGTAGACATTGCTGTCACCCACTTTGTAATCGACGCCATAGTCGAATTTGGCTCGCCCCTTGTTGACCCAAACGGTCACCGTGCCGCTGTGGGTGTTGGCCACTGCAATATCGGGTTTCCCGTCCCCGGACAGGTCGGTGCCGATGACCGACCTTGGATCGACGGGTTCATCGAATTCGAGGAGCGGGATGTTGTCTTCGAATGGCTTGAAGGTTCCAAGGTGGTTGGGGTGGACCGTGATGTAGCCTTTGTAGTGATAGCTGGATGTGAGCACGAGATCGGGCCAGCCATCGCCGGTGAAATCTGCCACGGCGACGCTCGTCGGGTTGTTCGCAAAGCTGTAGTCGACTTTGGCGGCG
NZ_CP089982.1_gap181	7040917	7043423	2506	CGCGCGTTGCTCGAAGACTCCGAGCACCCCGGCGAGTTCGCGCGCACTCTGGGGGCTTACAACCTGCGCGACACGCGGAGCATGCTGCGCACCTGGGACACCACCATTCCGAGCGCCGACAAGACGACCTGGCGCGATCCCCAGGTCGCCGAGGCGTACGCATCGGGCGCCATCGCGAGCGATCCGACGTCGTCGCAGCGCACACCGCCCAGCGTGCGCCTTCCAAACGGGCCCCTGCGCGACAGCTACCAGCTCGCCGGTGGCACCAAGTTCTGGCAGGCCGGTGACATTCGCGCGGCAACGCTGATTGTGCGCAGTGAACTCGATCATTGGTCGCGCCCCGAAGACGTGACGGCATTGCAGCGCGAACTCGTGCACGCGCGCCGCGTCGAAACGCTGCAGGTGCCGCAGGCCACCCATTTCGTCTTTCTCGATCGCCCCGAACATGGCCGCCAACAGTTCGTCGACGCGCTGACACGATTCCTCGCGAAGCCATGAGCGCCACCGCCGAGGTGCAGCCGCCCTCCCGGTCGTTTTCCCGCGCAAAGGAGTTCGTGATTGAGCAGATTTTGCTCAAGACGATTTCACAGGACCAACGGGCTATTACTGAGTAAGCCTCATACATGACCAAATGCCGTTTCGGCGCGATGTCGCCTTTGCGCGTGGGTTCATACGTATTCGCCCTGCTGAGCGGCGCGCTCATGGCCTGTGCCGCCGGCGATCCCGCGCAGGAAGGTGCAGCCATCGCGCCCGTCGAGGGGGAGCTGACCGCGGCGTATCCGGGTCAAGCGCCCGCGGGAAAGCTGGTGTGGGGTGCCAGCATCGATGGCAATGGCGATCCTGTGGCGAGGCACGAAAGTGTGGCGGGGCACCCGCTCGCGGTGCGGCGTACCTTTTGGCAGTGGTCCCAACGAACAGGGGCCCTCGTCAATACGGCGAAGGACGACCTCGCGCATAGTCGTCTTCCCTGGGTCTCGGTCAAGACGCCGTCGTGGGCCGAAATGGGCGCGGGAAAGCACGACGCCGAAATCGATCAAATGCTCACGGCCTTGAAGGCCGCCCACGGACCGGTATGGCTCACGATTCACCACGAGCCCGAAGGCGGTGGCGGGTCGAGCGATCCGGACGATCCCGCGGGCCCCTCGGGCCATGTTGCAATGAACCGGCGCGTGCGCCAACGAATGACCGCGCTCGGCGTCACCAATGTGGCATTGGCGCCCATCCTCATGACATGGACCTGGAACGCGGCGTCGCATCGGAACCCGAATGATTGGTGGGCATCCGGCATTTACGACTTCGTGGGCGTGGATCATTACATCGAAACAGAAACGACCTTGGTCGACGCCACATGGCTCAAAGTGCGAACATGGGGCAAAGACCACAATGTGGATATCGCGGTCGCCGAATGGGGCATGCGCGGCACGAACGCCGCCGCCGGCAATCGTGTGCGCGCCTGGTACAACCACGCCGCCGGCTCGAACCAAGACGGCAAGGGCGCCCGGGTCGTGGGCCTTGCCGCCTTTGATTCAGGGCTGAATTCCCCGACGGGCTCGTGGGAACTCAAAGGCGAACAGCTCACGGCATTCCGCACCCTCCTGAAGGATCCACGCACCGCCGACGTCGTTCCCTGAGGGTCGAGCTTACAGCGCGGCGACGATGGCTTTGCGAGCGCGCAAGGTGGCAGCAAAGCGCTCGTTCACGACCGCGTCCACTGCGGCCGGCGCCGCGGTGTCCGGAGTGCCGGCCGCGAATGGCGGCTCGGGTGCATATTCGAGGGCGAGTTGGATGATCTCGGCCTCCGCGCGCCCTGCGATCTCCGCGAGCACCGTCAGGCCCAAATCGATTCCGGCGGTCACGCCGCCACCCGTGAAGAGATTCCCGTCGCGAACGATGCGTGCGCGCTCCGGAATGGCGCCCAGCGGCTCGAGAAAATCATGAGATGCCCAATGCGTGGTGGCGCGCCGGCCTTTCAAGACGCCCGCGGCACCCAACACGAGAGCGCCCGTGCACACGGACGCGACATAGCGTGAGCTCGCCGCGCGCGAGCGGACGAAGTCGAGCACCTCGGCATCTTGCATGAGCGCGTTGACACCCGACCCGCCCGGAATGCACAGAAGATCGAGCGCGGGGCAGTCGACGAACGTCTTGGTCGGGGTGAAGTCGAGCCCCGTGGTGGAGCGCACGGGCTCGAGGTTCTTCCAGACGAGGTGCACATCGCATGACGTGGCCTCGGAGAAGACCTCGTAAGGCCCCGTCAAATCGAGCTGCTGCACCTTGGGGAAAACGATAAAACCAACTTGGATGGTCACGGGCGGGCTCCTGGTTGGCCGGGATTACCGGTTTGACCTCGGAAACCTAATGCGCCACCCTTGGGTGGATATGCCAATCACCCCTCGATTTACGCCAAAGTCGCCGCGCCGGATCGAGATCCTCGCCTTTCCCAACGTGCAACTGCTCGACGTGGCTGGGCCACTGCAAGTCTTCGCCACCGCGAATGATTTCGCGC
NZ_CP089982.1_gap182	7180579	7182756	2177	TCTTTTGGTATTCACGCCGGATCGGCCCAAGATCCATTGGCTGAATGCCAAGGCGTGGCTGATTTTCGAACTCTGCGAGAACACGCCGGAGGACGAAATCTTTTTGGAGTATGCATCCGCGTGCGCGCCTGGCGAAGGGCCCGCACCGTCGAGGGGGGAGCTTCGCGCAGGAATCGACGACCTCTTACGCAGCGGGATCGTTCGAGAAGCTCTCTCTCCGTATCGTTCATTTCAACATTCAAACAAGGAGTCAGACGTATGAACAGCAAGTCGCTCGACAAGAAGAACACCATCGAAACGCTGAAGAAGATTGTCGCGAGCAAAGGCATCGCGGAGCCGAGGGTGACGGCGGACTCCGGACAGGAGCGCCGTTGGTACCCGCCATTCATCGTTGCAGAGTGATCTAGAAGCTTGAAGGAACGGAGGGCTGTTCGGAAGCATCGGGCGGCCCTCCGTGATTGAGTCCCACCCTTGGAATGGTGACCATCATGTCGACCCATGTCACGGAATCCATGATCCGCGCGGCGGACCGCGCGCTGGCCCAACATCCGGAATTCGGGGACTCATCGGCCATTTCGACATTGGTGACGGAGCGCTACAAGTTCGGGCTCGATCTTTTCGCTCCCGCACTTCCCGGCGTGGCGCGGGCCCTGCCAATCCTGGAGACCTGGGAGGAGTCCACCACGAACGCGCTCTTCGCCGATCCGCTGATCCAATTTTCCATCGAGCGCGCATTCGAGAGCCTTGCGAATGGCGAGCCGGCCACATCGCCCCACGAGCTGGAGAGGTGGCTGGGGGTTGCGACAGCCTCGTTTGCGCGGGGCGGGCGGCTCGGTTTGGTGCAGGATCAAATGAATCGTCCGTGGCCGGTCGCAAAGGGAAAGACGTACCTATGGGATCTCCCAGCGGCCAACCCGGTGACCTCGGAGCTCGAACGAAATTTCCGTGAGCACTTCATGACGGGACGCGACGTGCAGGTCGAATTCGTCGCGCCCGACGAACGCACCGCTGGAGCGGTCGACCGTGCCTGTTCGCTATTTGGGGAACTCCTTCCAGAGACGGCGGACAGCGTGTTCCGCCACGTATCCGCCATGGCGTTGGCCGTCATGCGCGCGGGTGGCGGCCGGCTTCTCACGGGCTCCGCGGGGGACGGTGTTCCCGGTACGGTCATCCTTTCGTCCGAGGAAATCGACAATCCGTGGGATACCGCGGCGCATCTGCTCCACGAGGGATTGCACGAAAAATTCGCAGACATTACGCGCTTTGCCAGCTTGATTCGGGACAACGTCCCCGTCGGGTTCCCGTGGCGCGCCGACGAAGAAGGCTTCACCTTGGCTCGGGCGCTTTCCGCGTTTCACGTTTATGTTCACTTCGTCCTCTACGAGTCCGCGGTGCGATGCTACGGCGCGCGGCTCACGGGCCGTTATGGTTCACTCGATGCCCACCCCGTGAGTGCCCACGCCATGTCGGTCGTACGAACGGGATCGGGCCCCTACGCGCGCGGGGCCGAGCGATGTCGGTATCTCGGGAAGCAGCTTTCCACGACGTGGGCGGCCCATTTGACGTCCGCAGGGCAGCGCTTCGTGCATTGGCTCTTGGAGTGCATCGAACCCATCGGCGTCACCGAATCGCCGCCGGTGCGGCTTACGGGCGAGGCGCCGCCCATCGTGCGGGTGTCGAGAGCCGTTGGCTATCGAAAGAATCCCCATTTGAAGGAGCGGCCCCTGGAGAACGAAGGTCTCTTGTTCGCGTTTGCGCCCGAAATGCCGAGGGTTCAACTGCTGACGCTCAACTCGTGGATCATTTCCGAATTGTGCGACGGGAGCACGATGGAGGCCATCGGCGAGCGATACTTCGATATCGTCGGGGCCAGGCTCACACCCGCCGAGGCGCAGCAGCAGCTCGCGCTCGGGTTGCAGCAACTCGAGCGCGGCCGCGTCATTGAAAAGGTTCCCTAGGGTGCACGCGAATGCCGGGCCAGGCCATAGCTCGTGGCCAATGAGGCGAAGAGCAGCGCGAAGCCCAGCGCGATGACCGTCGAACCCCACGCGACGAGCGAGTGCGGTATTGGAACGAGGCCCGCGGCGAGCACGCCATGCACGATGCACGCAAGGGCTGGTAGCACGGATATTCGCATGCGCGCGCGCCATGCGAGCAGGATCATGGTGAGGATCAGC
NZ_CP089982.1_gap183	7184238	7188836	4598	CATGCGATCGCGCACGGCCAGCTCCACGGAAAGATCGGGATGCTGCTCGAGGAACGGCTCCAGGCGGGGCGTCAGCACGAATTGCCCGATGCCCTCGTCGATGAGCACCCGCAGGCGGCCGCGGACCTTGGTCGAGGAGCCGCCGGCTTCGATTGCGGCATCCTCGATGGCGGCCAGGTGCGGTGCGACCGACTCGTAGAAGCGAAGCCCCTCGTCGGTCAGCGAGATGGATCGGGGCGTGCGACGGAACATGCGCACGCCGACCCGATCCTCGACGCGTGCCACCGCGCGGCTGACCGCGGATTGCGTGAGGCCGAGCGCCTCGCCTGCCCGCACGAAGCTCCCCGACTCCACCACCGTGCGCAGGATGCCGAGACCATCGAGTGCGTGCCTGTCGAATCCGCGAGACCTACTTTTGCTCATGCTTAGTCTTCCCAATATGCACGTGCAGAAGGCTCAGGGAAACGCCAATCTCTCCCCATGGATGCCGCAGCGTTGCGGCGGACCAGCTTTTCACAAGGGGATTGAACCATGCGTGTCTTCGTTACGGGGGCTACGGGATTCATTGGCTCGGCCATCGTTCAGGAACTCATTGGCGCCGGCCATCAGGTGCTCGGCCTGGCTCGCTCGGAGGCAGCCGCCGAGCGCCTTGCGGCGATTGGCGCCGAGGTGCATCGAGGGAGTCTCGAGGATCATGACAGCCTAAAACGCGGGGTGGCGGCATCGGAAGGCGTGATCCACACCGGGTTCATTCACGACTTCCGCAACATTGCGGCTTCGGGCGAGACGGACCGGTCCGCGATCGAAACCATGGGCAAGGCCCTCGAGGGTTCGGGCCGACCTTTCGTCGTCACCTCCGTCACGGTGCTCCTCGCGCCCGGCTACCTCGGTACGGAGGACGATGTGCTCGATCCCGAGCGGCCCATGGGCGCGCATCGCCGGGGCTCGGACCAAGCAGCGTTCGCGCTGGCATCGCGCGGCATGCGCGTGTCGTTGGTGCGCCTCCCACCCTCCGTCCACGGAGATGGCGATTACGGTTTCGTTCCCGCGCTCATCCGCATCGCCCGCGAAAAGGGGATTTCGGCGTACATCGGCGATGGACGCAACCGGTGGCCTGCGGTGCACCGGCTCGACGTCGCTCGCCTTTACCGGCTGGCGCTGGAGAAAGGGCCCGCGGGGGCGACCTTTCACGGGGTTGCCGAAGAGGGCATGCCGACACGTGACATCGCGGAGGTCATCGGGCGGCGCTTGAACGTCCCCGTCGTGTCGAAATCGCGCGACGAGGCCGCCGCGCACTTCGGCTGGCTTGCGCACTTCTTCGGGTACGACAACCCAACGTCGAGCACGCGAACGCAGAAGCAGCTGGCATGGGTCCCACGGCAGCCAGGACTCATCTCGGACCTCGAGCAAGGCCGGTATTTCGAGCCAGTTTGACGGCGCCTGCTGCTAGTGATAGAAATATCACTATGCGGATGGAGGTCGGCGCGACGGGCGGAGGGGTGCACGTGGCCGGGGTCGATATCGCGTACGACGACGCGGGGCCGAAGTCGGCGAGGACGACGCTGGTGTGCACGCACGCCATCGGCCATGGGGCGCGCGATTTCGAACTGCTGCGCGATCGCCTCGGCGGGGATCATCGGGTGGTGGCATTCGATTGGCCGGGGCAAGGAGGCTCCGGCCCGGATGACGCGCCCCCGTCGAGCGCGCGGTATGCGGAGATCCTCGCGGCGTTCCTCGCCAAGCTTGGAATCGAACGCCCCATTCTCGTGGGCAACTCGATTGGTGGCGCCGCGGCATTCGAATTGGTTGCCACCCGACCCGAGGCGGCGCGGGCGCTGGTCGTCGCCAACCTCGGGGGCCTCTTCCAACGAAATGCGATGTCGCGCCTGGTCACCCGCTCGTTTGCGCGCTTCTTCGAGGCGGGCGCACGCGGAGCGTGGTGGTATCCGCGCGCCTTTGCTGCGTATTACCGCATGGTGCTGCCGCAGCCACCCGCGCATGCACAACGCGCGCGCATCGTGGCCAGCGCACGAGAGATTGCGCCGATCCTCGCCGCCGCTTGGCGTGGGTTCGGCGACACGACGAGCGATCTGCGTCCGCTCGCCCCTCGCGTGCAGGTCCCCGTGCTCGTCGCATGGGCCATGGGCGACGTGTTCAATCCGCTCTGGGGAAGCCTCGATGCGATTCGCTCCATACCGCACGCGCGCGTCGTGAAGCTTCGGGCCGGGCACAACCCGTTTCTCGAGTGCGCCGACGAGGCGGCGGCGGCCGTGCGCGACTTCGAAGCGGACTTGCCCTCGTGAAGGAGCGCCTACCCCGAATGGGACGCCGGCCCCGGCGGGGCCATCCGGAGGACACCGCATTGCGCCTCACCGTGGCCGCAGCGCGCATGTTCGAGGAACATGGATACTTCGCGACCGACTCCAACGCCATTGCGCGCGCCGCCGGATATGCACCAGGCACGTTCTACAAGCACTTCCGCGACAAGACGGACGCATTCGTTGCAGTATACACATGGTGGGTAGAGAACGTCTGGGCCGAGGTGGACGCATCGTGGTCGGCGCCGCTCGAACGCGAAGATCGGGCGCGCACGGCCATTGCGCACGTGGTCCGCGTGCACGCAGCCTGGCCGCGGTTTCGCCGCGATCTCCGTCACCTCGCGGAGAGCGATCCCCGCGTGCAGAAGGCCTTCACGGAGAATCGCCGCGCCCAGCTCGCCCGCCTGGTGGCGATGGCCGGTAAGCCGCGCCGTGCATCCTGTTTCGGGCTGCTGCTCGCCATCGAGCGCACGGCGGACGCCATCGCCATGGGCGAGGCATCGCGCATGGGCATCTCGCCCGAAGTCCTGGAGGCCGAGCTCGTGACCGCCGTGCGGGCCTTGCTGGCCCCCTGAGCAAGACGAGCAGCGAGCTCCGGATTTCACCGGGCACGATCGCAGAGGGCGTGCTCCGCCAGCTGGAATGCGGCGGCGTTGGTCGATTCTTCGTCGATGGTGCTGGTCAGCGAGAGGACGATGCTTCGGGCACCATCGGCCGTGACCCCGGTGCGCGTATGCGGGGCCACGGGGCTATCGCCTGCATGATGCCAATAGCCGCCGCATACCGTGGGGGTCCAAAAGATGCCGAGGCCGGCGCGCGTCCCCTCCGGCCCTACGCCCTCGGGCATCGGTACCGTGCGTTGCATTTCCGTGAGCTCTTGGGCGCGAAGCAGCTTTCCCGTCATGAGCGCACGGTAAAACCGATTCAGATCCGCCGTGGTGCTGACAATGGCCGAATCGGCCGTATGCTCGAGGGTATTTTCCGTCGTATCGATGGGGTCCGCCCCCGCGGTGACTCTGAAGTACGCCTGGGCGTGCGGAGTCGGGAGCACGGGATCGGTGGTCGTCACGAACGTGTGTTTCAATTCGAGCGGCACCACGATTCGTCGGACGACCTCCTCGGACCAATCGCGGCCGGTGATGGTCTTGATGATCATGCCGGCAAGCAAATAGTTGGTATTCGAATAACCCCAACGTTGGCCCGGCGCGAACGCCGGCGGATGTTTCATGGCCATGGCGACGAGGGTTTCGGGCGGTGTCTGATCGGAAAGGGCGCGCGCGAAGTCTTCGGACAAATATTTCTGCAGCTGCTCGTCTCGGACATAATCGAAGATTCCGCTGGTATGTTGCAGCAATTGACGCACCGTGATCGCGTTGCCGTCGTAGCCCTGCCCCGCTACGACGCCGGGTAGCCATCGCTCGACGGAATCTTCCAGCGACAGCTCGGCCTCGCCGACGAGCTGCAGGACGACGATGGCGACGAAGGATTTCGTGACGCTGGCCACGCGAAATTGTGCGTCCCACGGCACCGGCTCCTCTTTTCCGAGGGTGCCGACGCCGGCGCGCGCGCGGATCACGCCCTCCGGCGTCATGACTTCGGCCAGCGCACCGACGATGTCGGCGCTTCGCCGCACGCTTTCGAGTTCCGCGCGAAGGGATGCTTCATCGAACCGTGCCGGGGCTTCGTTCTTGTCGTCCGAGCAGCCGAAGGCAGCGATTCCAAAGACGAGTACAGGCCAAGGGAAACGAAGGGTCATGCGTCAAGGTGCCCGAACGCGCCTCGGACGTTCATGGGCTCGCGATTCGGTTCGGGACCGCGGAGTTGACAGTGACAACATCGGGTCTATATTGACACTGCCAACATGCCGCTCCTATCCCTCGTCATCATCACGGGCCTCGCGCGACTCGCGGGCTGGCGCCGCCTCGGCGGAAATCGATTCAACTCGCTGTCCGGCGCACTTCAGGCCGGGGTGGCCGCCCTGTTCGTGCTCACCGGCACGGTCCATTTCGTCGGGCTTCGTGCAGAGCTCATGAAAATGGTGCCGCCCATGTTCGGCGATCCCGGATTCTGGGTGACCGTCACCGGAATCGCGGAACTCGCAGGGGCCATTGGCCTCTTGCTACCGACGACACGCCGCCCGGCAGCCGCCGGTCTCCTTCTGCTGCTCCTCGCGGTGCTTCCGGCCAACGTGTACGCGGCAACCCACCACGTCACCTTCGACGGCGCGCCCGCCACGCCCCTGCTTCCAAGGTTGCTCGAGCAACTTCTGTATTTGGCCGC
