gap_id	start	end	length	sequence
NZ_CP175953.1_gap1	121419	122828	1409	AGTCTGCCCGGCCAGGCTGGTTCCCGCACTTCTGGCTGTAATAGTGAACTTATCTTCGTTGGCTTTTATTACCAGTCGCCGGATATCCTCGCCGGATTTGGGAAAAGAAACTCCTTCCGGAAATTCCTGATACATGGAAGCATCCTGTGCATACAGCTGGCGGGTAAGGTTGTCGCGTTGAATCAAAAAAACTCCTGCTTTGTTAGGGCAGAAGTTTGAGGTTAATTCAGGATAATATCAATACTAAGTTCAGTAAACTTTTGTGATTTAAGCAAACACTAAATCATAAACTTCTGCATGTCGAAACCTATCAGTAAATTCATAGCAAATCTAATCAGGAAACAAATAACTTAGGCTGAGGTTTAAAATTAGCTTCCACCCTTTTCACGATTTCATCACCTATAGCAAGGCCGGCTGTAGCGGCCGGACTCGGAGCATTAAGCACATGGATTTGGCGATCAACCACTTCAAAGTAGAAGTCGTCCAGGATTTCTCCGTTCGGTTGAAGTGCCATAGCCCGGATTCCTGCCGGGGATACTTTAAGGTGTTCTTCCCGTACGTCCGGGATTAATTTTTGCAGTCCTTTTACAAAGGCTTTTTTGGAGAAGGAGCGCTTATACTCATCCAAACCCATTCGCCAGTGTTCTTTAGCCATTTTCCAGAAGCCGGGGAAGTTGAAGGTTTCAGTTGTTTCCTTCAGATTGAAGGAAAGCTTTTTATACCCTTCTCTCTTGAAGGCAAACACTGCGTTGGGTCCGCATTCAATTCCACCAAGAGCCATTCGCGTAAAGTGCACCCCCAAAAACGGAAACTCAGGGTTGGGCAGCGGGTAAATCAAATCATTTACAAGATATTCGGCTTCGGGTTTGAGCTCGTAATACTCTCCCTTAAACGGAACAATTTTTACCGGGGAATGAACGCCTGCAAAGCGAGCCACGTGATCAGAATATAACCCTGCACAATTGATTAAGAACCGGGTGCTGATTTTATCGCCGCCGGCTTCGATTATAACTTCATCCCCTTTATTCGAAATATTCGAAACAGCACTGTTAAACCTGACTTTGCCATTTCCCTCTTCCAAAAGCCCCATCAGCTTGCGGCACATGCCTGCGTAATCTACAATACCGGAGCACGGCACATGGATAGCTGCTACTCCCTGCACATAGGGCTCCAGCTCGTTCAGCCGGTCAGCATCAATAAGCTCGATGCCTTCGATTTCATTTTGAAGTCCGCGCTCATAAATCTCTTTAAGTTTGGGTACTTCACTCTCATCAGCAGCAACAATTACCTTGCCGCATATTTCTATGGCCACGCCATGCTTTTTGCAGAAGTCAACCAGCTGATGACGACCATCCACGCAGTTCTTAGCTTTATAACTGCCGGGCTTGTAGTAGATACCCGAATGAATA
NZ_CP175953.1_gap2	202743	204740	1997	AAATTCAGCTTGACGGTTGACGACCACAACTCATCTTATTATTGATGTAGATTAACCTCTAAATCTTATCAATCGCCAGCTTGTAGGTGGGGTCTTCCATCACATTCACGTCAATGATGGCATCCGCATCCTGAAGGAGTTTTCGACAGTCTTTGCTCAGGTGTTTCAGGTGAACGGTCTTCCCAACTTTGTTATATCGTTCAGTGATTTTATTCAATGCCTCAATGGCTGACATATCTACTACCCGGCTTTCCTCAAAATCGATGATCACTTCGTCCGGGTCGTTCAGTACATCAAACTTTGAATTGAAAACGGTTACGGAACCAAAGAAAAGTGGCCCGTAAATTTCGTAATGCTTAATACCGTCTTCGTCGATATGCTTGCGGGCACGAATTCGCTTGGCATTATCCCAGGCAAAAACGAGAGCAGCGATAATCACCCCAACAATAACGGCCAGCGCCAGGTTATGCAGAACTGCTGTTACTAACGTCACCGTTACCATCACAAATATATCGGAAGCCGGCATTCGGTTGAAGGTCCGAAAACTTGCCCATTCAAAAGTACCGATAGCAACCATAATCATCAGTCCTGTAAGAGCTGCCATTGGCATCAACTCAATTACCGGCGCTCCAAACATGATAAAAACAAGCAGCATCAGCGAGGCAACAATACCCGAGATTCGGGTTCGGGCTCCGGAAGACACGTTAATCAAGCTCTGGCCGATCATGGCGCAACCGCCCATTCCAGAAAACAATCCGGACAGAATATTTGCTGATCCCTGAGCGATGGCTTCCTGATTTCCGCTTCCACGGGTTTCGGTGATTTCATCAATGATGTTCAGCGTTAGCAAACTTTCAATTAAGCCAACCCCGGCAATGATAGCTGAGTAAGGAAGAATGACCATAAAGGCCTCCCAGGTGAAAGGAATTTCAGGTATATGAAACGGAGGAAATCCACCTGAGATAGAAGCAATATCGCCCACGGTCCGGGTTTCTATTCCGAGAACTACCACCACTCCGAAAACGGTTAAAATGGCAACAAGAGATGCAGGCACCGCTTTGGTTAATTTCGGCAGCCCCCAGATAATGAGCATGGTTAAAGCAACCAGACCTAATAACACATACATGCTTTGTCCGGTCATCCATTCCCCTGAAGGTGTTTTAAACTGAGCCAGCTGCGACATAAAAATGATAACTGCCAGTCCGTTTACAAACCCAAAGATTACGGGGTGAGGGACAAGTCGCATCAGTTTACCGAGCTTCAATGCTCCGGCAGCTATCTGAATGATACCGGCTAAAATTACTGCCCCGAATATATATTCCACTCCATGAGATTGTGCAAGTGCAACCAATACCACGGCAATAGCTCCGGTTGCTCCGGAAATCATTCCCGGCCGGCCACCAATAATGGAGGTTACCAACCCCATCATAAAGGCAGCGTACAAGCCCGTTAAAGGAGAAAGGCCGGCAATCATCGCGAATGCCACGGCTTCGGGAATCAGTGCCATAGACACCGTGATACCCGCTAAAATTTCAGTCTTATAGTCTATTTTATCGTTGAGACCGAACAGGTCTAAATACTTCTTCATCTATTTTTTTGGAATACTAAATGGGTTAACTAAATCGATTTTATTGTAGATGTCCGTGCGAAAAGAAAGGCGTATTGGGAAAGGAAAATGCCGGACTGATTCTTTATTTGAAGCAAGTTAAACTACGGACTTTAACTTTCCGAGAGTACCACTTTCTAAACTTTTCGTGTTATGAAATCATGAACTTAGTTGTATCTGTTCGTTTTGAACATGGAAGCGGTTTTCTGAAGAGATAGCCCAGTTCTTTAAAAACCCTGATTCGATTTCATCCTCAAATCGTGACATTAATTCCAAAGTTTCACGACTGTTTTCCTGCTCACCGACTTTCTTTTTCCTGTCTTTTGTGCGAGCCCGCTCCTATGTGTCTATCAAAATTACCGACCAGTTTTCATTGGCACAGAATTTGATA
NZ_CP175953.1_gap3	212843	216689	3846	CAAATAATTGAGCAGCCTGAACTGCTTAAATTAGGCGGGGAGAAAAAAGAACTTACTGTTTTATTCAGCGATTTAGCCGGATTCACTTCGATTTCTGAAGATACCCCTCCCGAAGAGCTGGTTACCTTCCTGAATGAGTATTTAAGTGAAATGACCGATATCGTTTTTAGAAACAAAGGCACGCTGGATAAATATATTGGCGATGCCATCATGGCTTTTTGGGGAGCTCCGGTTCCGGAAGAAGATCACGCTTACTACGCCTGTAAATGTGCCCTGGAGATGGAAGAAAAACTGGCCGAATTACAGGCAAAATGGACGGGTGAAGGGTTACCTGCTCCCCATGTGCGCTATGGTTTAAATTCCGGGCCTATGGTTGTGGGAAATATGGGCTCCAAAGACCGGTTCAGCTATACGGTTTTAGGTGATAATGTGAACCTTGGCGCCCGCCTCGAACCTGCCAACAAGGATTTTGGCACCCGGATTTTAATTTCACAATCAACCCGAGAACAGGTAAAAGACCGCCTTTTGACGCGTGAAGTCGCCCTAATGAAGGCAAAGGGTAAAACAAAACCCATCCGGATTTTTGAACTTATTTGCGAAAAAGGTACAGAAGAGTCCTCAAAATGGGAATCGTTTGTAGAGCTTTTCCATGGTGCGTTAAATCATTATTATAATCGTGAATGGGAAGCGGCAGAAGTTAAGTTCGAAAAAGCACTGGAGCTTAAAGACGGGGACATGCTCTGCCGAATTTATTCAAAAAATATCGAGGTATTTAAAAAGAATCCGCCCGGCGCCAACTGGGAGGGTAGCTATCAACAAACAAATAAATGATGAAAAAACTACTTTCTTCTTTTGGGGTGCTATTGTTTTGCACAGTTATGTTCGGCCAATCTGCTTTGGCCCAGGTAAAATACACGAACCAAACGGCAGATATGCGTAAAGGCCCTGCGGCCTATCATGAGTTTTTACTGCGTCTCTACATCAACAATAAAGTTGAGCTGGATTCCACACAGGGATACTGGGATCGCATCTGGTTCAAAGAAACGTTGGGATGGGTGCCAAGCTACACGCTTTCTGACACTAAGATTAGTGAAGACAAACTTCAGTCCGATTCCCTCCAAAGCCGGATGAACCTGATGTTCTCCCAAATTGACGGTGACGATGCAGACGTAGAAGAGGAACTGGTGGCTTCACCAACTCAGGTGTCGGCTGCAGTAAAAGGCTTTGCTGAAAAATGGCGACGCGCTCGAAACATCGAATACACCGTTGATTTCGAGAAATTTCAGATCGAACCTGCTTCTCCTACTGAGTTTCAAAACTTTATTGGTGTGAGAGAACGGAAAATGAATCCCCAGCAAGAACGAAGACTCTTGTACCCGGATGCTATTTTTGTTCCTTATACCGACCCTGCCATCGACCAGGTGGGCTATGCGGTTGCCAGTGCGGTAGCTCAACGAGGGCTGGTGAGCAACTACCAGCTGCAACGGTATCTGGATCTTCTTTCCGGGCTGATTGTAGAGAACAGCCACAAGCCGGAACTGGACTTTAAAGTCTTTATTCTTGATTCGGAAGCCGTTCAGGGATATTCACTGCCCGGTAACTACATTTTTGTTTCCAAAGGAGCCCTCAAACAAATGCGCTCTGAAGCGGAATTGGTTCACTTCCTGGCTCACGAAATCGCCCACCTTGTATTCAGTCATGGCATGGTTGAGTATAAAGAGCAGGAGCCACGGGTAAAACGCGAGAGCCTGCTGGACGAGATGCGTCGCAAACTGGCTGAAGAAGGAGCTGAAGACCAAGCCACTGAGGAAGAGCGGGAAAATGAGCAGCGCATCACCGATTGGACCGATGGTTTTTATGATGCTGCCAACAGCGAGCGGCTGGAGTCCTATGAGTTTGACGCCGACTACTGGGGTATCATTTATACCTACCTTTCCGGCTACAATCCCAATGAGGCGATTAAATACCTGGACCGAATTCAGATTTCAGAAACCGAAGCCATTACCGAATGGAGCGGTCTTTCCCTGGAACGAAGGATTGAAGCCATTAACGAGCAAATTGATGATCTCAACCTCGGAAGCGGTAACACCAGCAGTGAATTGTTTCAGCGCCTGATGAATTCATTGGATTAACGTAGAAACATATTTGTACCATCTTCTTTACGGGGTAGATAAAAAGTTTTATAACGTCATTGTTTCTTACTTTTTATTTACCCTTTTTTTTGTGTGAAACTTAAACCTTAGTCCTGTAACCATGCCACGCACTCTTCGATTAGCTGTTAGCATCAACAGCCTGTTTCTGTTCTCTGTTTTCTTCGTTTTTTCTGCTTCTTTACAGGCTCAATCTTCAAGCTGGAATCAATCAACCTTAAAAGAAGACCGGGCTTTGTTTTCTGAACACTTCACCCCGGCTGAATTTGCAGAACGGCGAGACAAGGTTTACGAGGCCATCGGAGAAGAGAGCATCGCTATTTTACAGGGTGCCCCAAGCCCGGAAGGATATCTTGATTTCAGACAAAACAACGAGTTCTACTATTTATCCGGTATAGAATCGCCCGATGCCTTCCTGATCCTGAATGGGCAAACCCGGGAGGCCACCGTTTATTTGTATAATCGTAAAGAGCGCCGGGAGTATGGGGAGGGCAAAATACTTTCTTTCGAAGACGCTGAATTAGTAACAGAACTTTCCGGTATTGAGAATGTGGGATCGTACTCAGATTTAATGACCGACCTGGAGTCACTGAATCAATCTGCGGAAATTACCACTATATATACACCTCACAGTCCTTACGAGGAAGTGGCCATGACGCGCAGTATGGCCAACCGCCACATTGAGGATATGAAAGCCAATCCGCTTGACACACGCTTACCCCGTCATCAAAACTTCATTCAGGAAATACAGGAAGCAGCACCGAATTTAGAAATTGAAGATTTAGATTCCGTTATCGACGAACTTCGGAAAATAAAGAGTGTGAAAGAGCTTGAACTTATACGCCGCTCCACCCGCTTGCAGGCAGAAGTTATTATCGAATCGATGAAATCGACCGAACCGGGAGTAAAGCCCTATGAACTGGAGGCTGTCTCAAAATACATTTACTGGAAGCATAATATTCAGGATGATGCCTACTACCCGCTTATCCATGTTGGTCCCGACGCGTACATGAACCACTATCACAACAGCGAGCGAACGGCAAAAGCCGGAGATATGATATTGATGGATTACGGAGCATATGACCGGTACTACTCCAGCGACCTTGGTCGGATGTGGCCCGTTAATGGCACATTCAATCCTGTACAAAGGGAGTTGTACTCATTTTATCTGAAGTTTTACGAGGCTATTCTCTACCATATTAAACTCGGGCTTACACCACAGCAAGTGATGCAAAACGCCCTTAAAGAAATAGACGTCATTTTAGAAGAACACAAGTTTTCCAAACCGCTATATCGAAATGCTGCCGAGCAGTTTGTAGCCGGCTATCATGAAAGAGCCAAAGACCCGGACATGCGATTGGGGCACGGAGTGGGGATGTCCGTTCATGATGTTGGGGACTATGCCGTTCCCATTGAGCCCGGAATGGTATTTGTGATTGAACCTCAGTTTCGGGTACCAGAAGAACGAATTTACATCCGCCTGGAAGACATGATTATTGCTACTGAAGATGGAGTCGAGATTTACAGCGACTTTCTCCCGCGCGATATTGAAAGCATCGAAAAGCTTGTCCGGGAAGATGGGCTGCTTCAGAAAAACCCTATTTCAATCGATAATTAATCTAACGTTAAACTCTTTTTTCATGCATATTGATCACATTGGCATTGCCGTAAAAGACATAAAGAAAGCCACGGAAAC
NZ_CP175953.1_gap4	241481	244965	3484	GTTGGGTTAAGTGGTAAAAATCAGCAGAAGGCCGAGGATAATGTAGTCCGAAATTATGAGCTGTCACCCAACGGTAATCACGTCCTTTACACCAAAGACGGAGACTTGGTGCTGGCGGATAAAAGCTTCGAGAATGAACGAGTAATTGTGGCCTCAAAAGGTTTTGATTACGATCCCGTTTGGAGTGCCGATGGCTCACGCTTTGCTTTTGTTCAGAACGGAGACGTCTGGGTTTCCGGTGTTGAACAGGCTTTTATGAAGCAAATCACCAATCGTAAAGAAGGCCGGCCTTCTTATAATGTGGAACACTGGGCCGGCAACAAATTAGTACTCACACAAACCGACCGTTCAGATTACCGGGAGGTGTTCTTTCCCGAATACGCGGACACCTTCGTAGAGCCCGGAGGTGATGGCCGCGGCATCCCAACCCGAATGGTATCTATTGCCGGTGTTGATTCGGGAGATGTTGAAATCATTTTTACTCATAAAGGATATCTGGATACCGATGTAAGTTCATCAGGAAACCATCTCGCCATCGACTACCTGGATCCCGCCATGAAAAACCGAACCATCACTGTGTATAACGTGAACACCCTGGAGGCCAAGACGCTTTTTGAGGATGAAACAGAAGGCTGGATGTACAACACCAACATGGAATTTGCCCCCATTACCGACCGGCTGATGTTTCAAAGTGAGCAGGACGGCTGGAATCATATCTACACCGTTAACCCGGACGGTACCGGATTTGAACAGCATACGTTTGGCCAATATGATATCCCGTGGGCAACCTGGATTGATGAGCGCACCATTGTGATGGCCTCTTCTGAAATGGATCCCGGCGAGCGACAGCTATACAAGCTGGACATCATCACCAACCTGCCAACTAAACTCACCACAGAAGAAGGCTACCGAAGAGATTTCGAAATCAGCCACGACCGCAGGTATGTAGTGTATGAAAAAACCTTTTTCAACGAGCCCTTCGATTTGTACGTGGTAGATACCATGATTCCCCAAAGAGAAACTCAGCTTACCAACACCGTTCCCGATTCTTTTTATGAATATGACTGGCAGCAAGAGGATTATGTGCGATTTAACGGCCGAGATGGAGAAACCCGGCTGTCTATGTCGGTATTGAAACCGGCCAAAAGAAATCCGGACGGCAACCCGGTGGTAGTTTTTGTACACGGTGCCGGATCACTTCAAAATGTGTACAAAGGCTGGTCAAATAATTACTGGCGGGAGTATATGTTTCATCAATATTTAACCCTGCAGGGGTATTATGTGATTGAAGTGGACTACCGACACAGCACCGGATATGGACGCAAATTCCGCGAAGACGTCACCAACTGGATGGGCAAATACGAAACCGAAGACATCGAAGACGGACTCGCATTCCTGGCTGATAATTATGACAAAGCTGATACCTCGCGCGTAGGAATTTATGGCGGAAGTTACGGCGGCTTCATGGCGCTGTATGCGGTGGGCGTTTCTCCTGAACGCTTTGACGCAGCAGCCGGATTGCGGTCGGTCACCAATTGGGAAAATTATTATTACGCCAACCCCTGGTACACCCTGCCGAGATTAGGAACTCCGGAAGACCATCCCGAGAACTACGCCCGAAGCTCGCCCATCACCTATGCAGATTCGCTGGAACAACCGGTTATACTGTTACATGGGTTGATTGATGATAATGTAGGTTTCCAGGATGCCGTGCATTACATTGAGATCCTCATCCAAAGTGGAAATGAAGAATTCGAGATGATGATGTACCCAACCGAGCGACACAGCTTCCGGGATGAAGATGCCTGGTATGACGAATACCGCCGCATTTATGAATTCTTTGAAAAACATTTGAAGTAAGCGGAACCGTTCTGAAATTTATTTCGGGTAATTAAAGTTATCATCCGGAGAATCACTTATTACTGCCATGAACCTATTTAAGAAAATAATGCTCTGGATTGCCGGCCTTCTGATTACCGCCTCCTTGTTTATAACCATTGTTGGCTGGGCGGTTTCCAAACCCGGGTATCAGGGGCCGGAATCGGACCATTTCAATGGAACTACCTTTGAGAATCCCGGCGATGTACCCTCCAAAGACTTTTTCGATGTAATGAAGTGGTATTTCCAGCGGGAGCAGGGTGAATGGAATGAAGTTCCTGAAGAAGAAATCACCTTTGCCGAGCGCCCTGATGATAATGTCACATCAGGCTTGAAAATCACTTATGTCAACCATTCCACTTTTCTGATTCAAACAGCCGGGGTTAATATTCTCACCGACCCTGTTTGGAGTAAGAGGGTAAGCCCGATGTCGTTTACAGGCCCAAAAAGATTTCGCCCACCCGGAGTACGGTTCGAAGACCTTCCGCCCATCGACCTGATCATTATCAGTCATAATCATTATGATCACTTGGATATCAGCACCCTGAAGAAGCTGAATGAAAAATTTGAACCACGAGTGATTGTACCGCTTGGCGTCGATGTTTACCTGAATCAGGAAGGCATTCAAAATACCATTCCCCTGGATTGGGAAGAGAATCAGCCCATCGACAGCGACATTACTGTTCACTCCGTTCAGGCACAGCACTTTTCAGCACGCGGTTTATTCGACCGGGATAAAACCCTTTGGTCTGGTTATGTAATCGACACTCCCTCAGGCAGCGTGTACTTTGCCGGAGATACCGGTTATGGAGACTTTTTCACCAATATCGGGGAGAAACACCCGGAAATTAAAGTTGGGCTGATACCCATAGGGGCCTACAAACCCCGCTGGTTTATGAAGCCGATGCATGTAAACCCGGAAGAAGCCATCCAAATCCATAAAGATGTTGGAGCTGAAATATCCTTTGGTATGCACTTCGGCACCTTTCCCCTTGCCGACGATGGCATGAAAGATCCCGAAAATGATTTTGCCAAAGCCATGCAACAACCCGAAAACAGCGGAGTGAACTTTAAGTTACTTACTGAGGGGGATAGTTTTCAGGTTCAATAACCCACGCGAATGGTCTATATATGACTCGAAATGATTCAACATTTCCACCTAATTTTTAGTCGATCATTTTGTACATTGTCGCAGAGTCAAAGCGACCTTTAGAATGTCAGAAACGTACCGCGCACTTACCCGAAAATATCGACCGCATACCTTTGAGGATATTGTCTCGCAAGAGCATGTGAGCAATACCATAAAGAATGCCATTAAGCAAAACAGGCTGTCTCATGCCTATATGTTTTGCGGTCCCCGAGGTGTTGGGAAAACCACCATGGCGCGTGTGCTTGCCCGAACGATTAACGAAATTGACACCAGTGTTGATGGCGAGTCGCTGAACCAGACGCTCAACATCGTGGAGATGGATGCCGCTTCCAACAACAAGGTTGATGACGTTCATCACCTTCGGGAAAGCGTTCGTATTCCTCCTCAAAATGGCCGCTACAAAGTTTTTATTGTGGATGAGGTTCATATGCTCAGTAAAGCAGCTTTTAATGCGCT
NZ_CP175953.1_gap5	250366	252692	2326	CCGGACAGCTGAAAGATGCCATTTCGGGCAGTGATGTATTTATAGGAGTTTCGGTGCCGGGTGTGTTAACACAGGATATGGTGAAAACCATGAATAAGGACCCGATGATTTTTGCGATGTCGAACCCCATCCCCGAAATTATGCCCGAAGACGCTAAAGCCGCCGGTGCCGCTATCGTAGCAACAGGGCGATCCGACTTCCCTAATCAAATTAACAACGTTCTGGCTTTCCCAGGAATTTTTCGCGGAGCCCTGGATGCACGAATCACCAACCTGACGACCAAGATGTTCATCACCGCAGCCAAAGCCATTGCTGATTGTGTGGATGATCTCTCAGCTGATAAAATCATCCCCAGTCCATTTGATGAACGGGTTCCTCAGCAGGTAGCAAATGCTATTCGGGAAAATCAATAATATTCTTTATGTGTGATGAACAAATCTCATAACCTTGGGCTTCCCTTTTCCATACTTTTAATAATAATTGCTCTTGGCAGCTGTGCTATAAATTCAGAAAAAGAGGATCATTTTGAACCTATATTCAAAGCCGAAATAAATGGTGAATCTTTCGATGGTACCGATTTTGAGGAAAGTGCTAAAGCAAGCATGACTCAACAAGGAGATTATCATTATTTGACTATAGCTGCTTACCAATATAATAAAAACCTTTTCCCATACAACGAGTACATAGGGATTTCTTTGATATACCAGCAAAGTAAAAACAGCTTTCCTACAAAAAAGGATACAATTAAAGTAAATGAATACTATGACAGATATCCTGGTGGAAAATATTCTGAAAGTGACGGGGACGCCAAAATTTCCTGGTATGAAGCCTTTGATGAAAACGGTTATATCACGGTAGAGATGAAAGAATTGGAAAATGGAGAAATAGTAGTTTATGGAACCTTTGAAATGAAGGTGGCCGTTCAATCCAGGGCTGATCAATACAGCCAGCGTGTTAATCAGGATACTTTATCTATTACTAATGGAGAATACCGTTTAATGTTAGAAGACCGGAGGTAAAACTACATTTTCTGAATATTTTTACCACTAATATAAAACCCTACGACCCTTTATACTTTTTAACACCCTGACTATTGGTTAAATCAGTAATTTCCGGCTCTCGCTCAACGAGTTACAAATAAATAACCGGGTCGGAATGAGATCGATATTATCAGCACTTACTATATCTGTATTATGTGGAATTGGAAACGGACATGTTCTGGGGCAAACACCGGATGAGCTGGTTCCCCCGCCAACCAACAATGAAGTAACCGCCGTTTTTGCTGAAGAAGCTCCTTACATCGATGGTAACCTGGATGATGAAGTTTGGGAAGATATCCCTCCCATCACCACCTTTACACAGGTTTGGCCGAATGATGGTGCCTCAGCAACCGAAGATTCGGAAGTAAAAATTGCCTACGACCGCGACCACCTATACTTCGCTTTCCGTTTTTATGATGATAACCCGGAATTAATCCGTGCCAAGAATCTCGAGCGCGGAGGTCGAAATAACCGCGATGATCACGCTTACATCGGCATCGACACCTACCGGGATGGCCGGAATGCTTACCTGTTTGAAATGAATGCACTGGGCACTCAGGATGATGCCCTGATCATCGATGAAAGCATCAGCTACGACAGCTTTTCCTGGAATGCCGTATTCATAAGCGAAACAAAAATTGACGATGATGGCTGGACCATGGAAGTCTCGATCCCCTTTCGACAGCTTCGGTTTCCGGAGGGAGAAGAACTCGAGTTTGGACTGATGATTTCCCGGATGATCAACCGCAAAAACGAGCGGGTACTATGGCCGGCCATCGGAATGGAGTACGGAGGCAGCTTTGGAGCATTAGCTGCCGTCTCTCAGTATGGAATCCTCAAAGGAATTAAGAACATCCGCCGGGGAAATAATATCGAGATTAAGCCCTATGTAATTTCCGGGGCACAGGAAGTCCGACCAGATCTTCAGAATGAACAAACCGACGTTGAATATACCTATGATATCGGTGGGGATATGAAATGGGGTATCACGTCAAACCTCACCCTCGACCTGACCGTTAACACAGATTTTGCACAGGTTGAAGCCGATAATGTACAGTTAAACCTCTCCCGTTTTAATCTTTTCTTTCCGGAAAAACGGGAATTCTTTCTGGAGCGCGCCGGACTTTTTGAACACGGAAATACCCGTTCCACACAAACTTTTTTCTCACGCCGAATCGGCCTCACCAATGATATCCTGACCGGTGCCCGCATGACCGGGCAGTTGGGGCGTTTTTCCGTTGGCGCGATGAACATCGAAACCGGAAATGAAATGGGAGATGTTTTTG
NZ_CP175953.1_gap6	310148	311565	1417	GCAGCTTTCTGCGCAGTTCAGCTTGTGCCTCCGGGTTTCCGGTTGAATAGCTGCTTCCCGGATTCTCTGCAAAATTGAAGTAGTTCTGCTTCACGGCATCCGGGATATATTTCAGCTCATCATACTGCTTCATGGCTTCGTAATCTGCCGCCCCGATGATGGTTTCCCAAAGCGCCTGTGTCGGCACTATCCAGACACCAGCTTCTTTCGTCATCTGAATAATATCTGCCATTCGCTGATCCCGTTCCTGCTCCTCAAAAGCATTCAGGTAGGCTACGTATCCGTCAATATGATCCATGGTAAGCTGACCCATTTCTATGGCGTGAACAATACCCACCTCTTGCGGCACATGTCCTCCAAAATGAATCCCGATCTCATTCGCAGTTTCGGCCATCGCATCGTATTCCGGCCGGGTTAATCCGGGGTGAACTTTTAACAGATCCCACCTTTCTTCTTTTTGCTGCTTTACTCTTTCTCTGGCTTGAGCCGGGGATGAAACGGTATTGCCGTTAAAACTGGGTCCGGCCAGATATAAATTCGGGCCTATCAGCTCGCCGTTATTCACTTTGTCTTTCAGCTTAAGCTGATTGGGATAACCCAGCATTCCGCGAACGGTTGTTATACCGGCCGACACATACAGGAAGAGCGTATGTTCTACATATTTATCATTAAAATAAGATGGAGCCGTTGGCCCCGGATCGGTTGGCGGAACATGACCGTGCATTTCAGCCAAACCGGGCATCAGGTATTTCCCTTCAGAATCAATCACATGAGCATCACCGGGAATTTTCACTTCATCGGCTGGTCCAAGCTTTACAATTCGGTCTTCCTCGGTAATAACAGTATAATTCTCCCACACCCCTTCAGATTCCATTGAAATAACATGAACATTGGTAAAAGCATAGGGAGCGTGATGGGATTGCGGGCTAATGGGTTGACCGGCATCGAAATAAACGGCAAAAACAAATAAAGGCAGGCACAGGAGAGGCAGTATTTTTTTCATAATCAGTTTATGAATTACAGGATGCCTTAATTAAATAGAATGTATGGATATAAACCAACTGATTTTATCTTTATTTAGATACTAAAACGTATTAGCCATTATTTGCTTATAATAGTCTTAAGGGTGCATACGCTAAACCATAAAACCATGGTTTTTAAACCACTTTTTTTAAAACTGGCCATACGTAATATTCGAAAATTTTGGGGTATTACCGTTATCAATGTTTTGGGGTTAATTATTGGCCTGACTTGTACAACATTGATTTTTATTTTTGTGTATGACGAGTATTCTTTTGACCGCTTCCACGAAAACAAAGACAAAATCTATCGCCTGGGTTGGAATATTAAAACTCCTTCCGAAACAACGTATCTGGCACCCACTCCGGGACCACTCGGACCTGCTTTAATTAACGAC
NZ_CP175953.1_gap7	333713	336441	2728	CCCGGTGGACCAGAAAGAATGACGTGATCCAGCGCATCGCCCCGCTGTTTAGCTGCCTTTATAAAAACTGAAAGATTAGAAATGGCCTTTTTCTGGCCAATAAATTCCTGAAGCGATCCCGGACGAACCGTCTGTTCAAATGCTTCTTCTTTTTCTTCAGGATTTAATAGTGGATTATTCACGTTATAGAGATAGTCTAATTGTTAACGCTAAGTTTACAGAATTATACTTAGTTTTATAGCGAATTGCGCATGCTAATTAATGAATGCCCTTTATGAAAAAGACGTCCTTATCGCCCGATGAAGTTAACTTCGACCCATCGGTTACAGAAAAATCGAAGATTGCCAAGAAAAGGGCCAATCCCAAAAAGAACGAAATCCTTAAACAGAAAGGTATGCATAAGGATTTGCGATCCAGCAACCTGAAAATTTTCGGGAGCGATTACTTTTTCAATTACGAGTTGAGCTGGCTAAAATTCAACGAGCGTGTGCTGGCCGAAGCCCAAAATGACAAGAATAAAATCCTGGAGCGGGTAAAGTTTCTTTCTATCGTCTGCTCTAACCTTGATGAGTTTTTCCAAAAGCGGGTAGGTGGACTCAAACGACAGTTGCTGGCCGGAGTCAAAGAATTATCAGTAGATGGCATGACCCCTTCCGATCAGCTTAAATCGGTTCGGCATGAAGTACAGAATATGATTGAAGCTTATCGGAGCTGTTTTTTTGAGGATCTCGTTCCCAAACTTTCCCAGAAAGGTATTCAGATAAAATCCTATTCCGACCTCACCGACTATCAGCAAAGCGTAAGCGACCGGTATTTTCAAAAACAGGTTTACCCAATCGTTACCCCGCTGGCGGTTGATGAATCCCACCCCTTTCCATTCATCTCGAACAAGAGCCTCTCTTTTGCTATCGAGTTGGTAAACCCCAGAACCAAAGAAAAATCGTTTGCCCGACTTAAGATTCCTGCTAACAGGAATCGTTTTGTGCAGGTGCACCGAAAAGGAAACAAGGTGATTCTTGTGCCTATCGAGGATATCATCCGCGAGAAAATGGATCATTTTTTCCCGGGAATGAAGGTGCTTTCCGCGCACATGTTTCGGGTAACCCGGAATGCCTCTGTTGACCGCAATGAGGAAGAAGCCGAAGATCTGCTTGAGACCATTGAGGATGAGCTGAGAGAACGAAAGTTTGCCGAAATTGTGCGGCTCGAAATTGATGCCGAGATGCCCAAACATCTGAAAAAATATCTCATCAAAAACCTGAACATCAACTGGCAGGATGTGTATGAGATGAAAGGAACGATCGGTCTGGCTGATTCTATGGAAATAGCCAAGCTCAGTGGGTTCAACAGACTTAAAGAGCGGGTATGGACTCCGGTTTTACATCCTTCCCTCAAACATAACCCTGAAGAAGAGATCCCTAGCATTTTTGAGGTCATCAAGAAAGGTGATTTTATGGTACACCATCCCTACCACAGTTTTGAACTTTCAACGCAGCGGTTTGTAGAAGAGGCAGCACGAGACCCCAAAGTACTTGCCATAAAACAAACTTTATACAGAACCTCGAAAGACTCTCCATTAATGCACTCCCTGATGAATGCCGCTGAGGAGGGAAAACAGGTTGCTGTATTGGTTGAAATTAAAGCCCGGTTTGATGAAGAACGAAACATCAATTGGGCACAAAAGCTGGAGAACTTTGGTGTGCACGTGGCCTATGGCATTCCCGGGTTAAAAATTCACACCAAGCTCACCATGGTTGTTCGTGAAGAAAGCGACGGCCTCAGAACCTATTGCCACATCGGAACCGGGAACTACCACCCTGACACGGCTCAACTCTATGAAGATCTGGCTCTTTTCACCTGTGATGAAAAACTCTGTTCCGATGTTACCGACATCTTCAACCTGCTAACAGGCTACGCTCCCGAACAAACTTTTGAAAAGTTATTGGTTGCTCCCAACCATATGCGTAAGCAGATGAACGAACTGATTGAAAAAGAGGTGAAAGAAGCACGGAAAGGGAATCCTGCTCGTATCATCGCCAAAATGAACAGTCTGGAAGACCCGATGATTATCCAAAAGCTGTATGAAGCCTCTCAGATTGGGGTTAAAATAGATCTGATTGTCCGTGGAGTCTGCCGACTTGTTCCGGGTAAAGCAGGAATGAGTGAGAACATAACCGTACACTCTATCATTGGACGGTACCTGGAGCATTCCCGTGTCTACTATTTCCACCATGGTGGGGAGCATAAGTACTTTATCGGTTCAGCTGACTGGATGCACCGCAACCTGGATGCCCGTGTGGAAGCCATTACCCCTATCGAGAAAACCGAGTTAAAAAAATACCTGCAGTTTGTGATCAATATCTATTTTAATGATAACAAGCAGCGATGGCTATTAATGGAAGACGGAAGCTATCAGCGGGCTCAAAAAGAAAAAGGCGATTCCAAGCTGAGTGCTCATGATTTCCTGATGAATCATATGAAGGAAGGAGCCGAACCTATTCCTCAGGTACACAGTGAGTAATTGCTGGAAATTACTCTAACTGCTGGGCATCAAAGCCTTCGTAGTCTGAACTGCCAAGGTCGTCGTTAAGCTTCTTCAGCAAACGGAAAGCCGGCTGACGAAACATGCCATCCAGTTGATAGGCTTCGAATACTGCTTTTTGAGCTTCCTCGAGTTCTCCTACATTCACAAGGGCATTGCCCATATACCAATACGCTTTTTCGAGAA
NZ_CP175953.1_gap8	360841	364620	3779	AAGACAAAACCATCACCGATGACTATTTCTACAATATCGGCAACTACCTGCCGGATGATACCACTATGGTGGTTAATAACAGCAAAGTTGAGAAGTGCCGGCTGCTATTTGATGATGGAAAGAAGGAGCTTTTTGTAACCTCCGTAAGTAACAATAATACTATTGAAGCAATGGTCCGGCCCGGCAAGAAGTTTAAGCAGGGTAAAGAACTTCAATTGGCTGAAGGCTTCTCTGCAAAAGTAATCAATATTGCCGAAGACGGGTTACGAACCCTGATGCTGTCCTGTAATATGGACGACCCAAAGCTGGATCCATATAAACACACGCCCTTTCCTCCTTACATTGAGCAGGATGAATCTCTTTCCGATGAGTATCAAACCGTTTATGCAAAGGATTTGGGAAGTAAGGCAGCCCCTACGGCCGGACTTCATTTCACTGATGAATTGCTTGCCAAACTGAAAGAAAGTGGGATAAAGAAAACGGAAGTCACCCTGCATGTAGGCTTGGGTACCTTCGCCCCGGTAAAAACGGAAAACCTGGACGAACACAACATGCACAGCGAATGGTTTCAGCTAACCGAGTCAACCTGTGAAGAGCTGAATGCAGCCCGTCATATAACCGCGGTGGGGACCACCAGCATCCGCGTGCTGGAGACTGCATCCAACTCCGAACGAGAATTCACCCCGGAAAGCAGGGAAACTGATATTTTTATCACTCCGGGCTATTCCTTTAAAGCGGTAGATGCTTTGATCACCAATTTTCACCTTCCCAAAAGCACCCTCCTGATGCTGGTGGCTGCTTTTATGGGATTCGATGAAATGAAACGGGTTTATGAACACGCCATCAGCGAGGAATACCGTTTCTACTCCTTCGGCGATGCCATACTGATTCTTTAATAAATTCAGACTTGTTTTTTGCTGTTTCTGAACCCTACTCTTCTTATATTTGATGCCCTTTTGAAAATATCACTCGATGTTCACCCTTCGGTGTTCCTTGTTCGATATTCAAATGCGCCCGTAGCTCAACCGGATAGAGCGTCTGACTTCGGATCAGAAGGCTGAGGGTTCGAATCCTTCCGGGCGTACTTTTATTTATATGCTTTTCCTTCTATTCTACAATTTTCCCACACCTATTATTAAAGGTTTCTAATATTATTATATTACTTAAAGTGTAATAACCCTCTTTAGGTTTTATAAAAGCTTTAACAACCTAATCCACATCAACTTTGTGTGGTTAATTAACCCTGTAAATAATGGGAAGTAACTTTACGGAACTTGAGCGTTCAGAGAATTCAACGTTGAATCTCGCGATGAAATTAATTCACGAGATCACCCAACTCAATGATTATGAGCTTTCGGTTTCTGACCTCATTCGCAACGCTTCTCATCTTATATCTAAATTCTGGCCTGAACAGGCAGGCGTTTTAGTAAGCGTAAGTTTTGATGACATTTCTCATCATTCAGGGCACGAATCCTCAAACACTGAATTTTATAAAACCGGTTATGAAGCAGGCGGGCTTCCTGTGGTGGTTTCAGTTTCTGCGGAGAGCGACCATCACTTCAATGAAGATGATACCTATTTCATTGAGACTGCATGCATGCTTGTAGCATCAAAAATAGACCGTATTCTATCGAAACAGAGAATACAGGAAGAGCAGGAGCTCATTGATAAGGCTTACCAACTCGCTCACATTGGTACCTGGGAATATGATATGATTAACCATGAGCTACACTGGTCCGATATCACCAAACAAGTTCATGGTTTTGAAGCGGATTACCACCCCGATGTAGAAAGTACGATTCAATTGTTTAAGGAAGGTTACCATCGCGAAACCTTTGCCAAAGCCGCCTATGACGCTATTGAACATGAGATCCCATTTGATGTTGAATTAAAAATTATAAGCGGCAAAGGTGATGAACGATGGATAAGAGCTACCGGTGAGCCTGAATACGCTGACGGACAGTGTATCAGGTTTTATGGTATCAGCCAGAATGTAACGGGGCGCAGAAAAGCCGAGGAAGATCTTGAACTTAATGAGAGAAGGTTTAAAGCTTTAGTACAAAACGGGATGGATATGATTGCCATCCTTGATGAAGAAGGCAACTATACGTACGCCAGTCCGGCATCAAAGAACGTACTAAATCTTCCTCCGGAATACTTCATGGATAAAAATGCATTCGACCTTATCCATCAAGATGATAAAGACAGACTCTACACATTATTTACTTCTCTATCTAACAACGAAACAGTTCAGATTAACCCTTTTCGTTTTTTGAATAATGAGAAACAATGGAGGTGGCTGGAAGGCACGATCACAAACCTTAGCAATGACCCTGCTGTTAAGGGATACGTTGTGAATACCAGGGATATAACGGAACGGCAGATTAAACACGAGCAAATTCTGGATTCGCTCAGGGAAAAGGAAACCCTGCTTTCAGAAATCCACCATCGTATTAAGAACAACCTTTCCGTCTTAGTCACCATGCTTCATTTACAAGCTTCTGATGAACAGAATGAAGCTGTTTTAGACCGGTTACTTGACAGCATAGCCAGAATCCATACCATGGCCAGCATTCATGAACAACTTTACCAAACCAAAAACTATGCGGCCTTAGATTTTAGTGAACGCCTTAAGCTTCTGGCTCAAACAATTAAAAAAACATTACAGACAGATGTTGAGGTTGAATTAGTGTTTAATTGTCAACCACTCTCCATCCCCGTTGAGTATGCTTTAACTTGTTCGTTAGTTGTTAATGAAGTACTTACTAATGTTTTCAAACATGCTTTCAGTGGCATGGAGAAGGGCCGTGTGAATTTGGATTTAAACCCTGAAGCAGCCGAGGATAAACCTCACCTTAAAATTTCAGATAATGGTGTCGGGTTACCCAGTAATTTCAATCCCACTGAAAGTGACTCATTAGGACTGTCACTAATAGATATGTTATCTGAACAAATAGCCGAAGACTATTCTTTTAGCTCTTCAGATAAAGGCACCGTTTTTACTCTTACCTTTAGCAAAGAGGTGCTGGAGTCGGATTAATTATTTTCGCCTTAAAGCATTCACTTACAATCTCGGGTTCACCACATTGTTGTAAATAGAACCAAAGCTTAGCTCCAGGCCAAAGCTGAGTTCATAAGAATAGGAGGTTGCCCGTTCTCGCAGGTTCAGCAGCTGCTCCTGTTCGGTAATACCTCCGGCCGGGATAGAAAGTTGATTGTTAATCCAGTCATATTCTCCCCTGAAATAGACCGACAAGCCACGAAAAATTCTGAAGTCCAGTTGCAGATCGGTTCCTATCCTGTTTTTGGTAAAATCATGCAGAAATGCGGAGCCAACAATCCGGGCCTCAAATTCACCCCAGGGTTGCGTAAACCTGATTTGGGAACTTAGTTGTTGCTGTAATAATTTCTCAGAGGTTTTACCGTACACCGTTACTTCATTGTAATCATAATACCCACCTGTAAAGCGATACATAAAAGTAATTTCCCGTTTGGTAAATTCGCTGTACGGGAATACGCTGTACTCTATCGCCGGACTTCCTTCCAGTAATAAATCATAGTTACTTCTTGTAGAATGGCGAGCTTGTGATGAAATACCGGCCGACCAATGGTCTCCCAGGCTTTTAACTACTAGTGCTTCGGCGTCTCTGCTTTCGCGGGTAAAGGTGTCGGTTTCTCCGTCATCTTCAAACGTTTGCTTTTCGTAGTACTGCTGTACCTCAAGCTCAAACTTCCATTCCGGAGTTACCCTTTCTGCACTTAGCCGACCGTTTAGCGAA
NZ_CP175953.1_gap9	365714	369535	3821	ATCCGAGACATCACCAAAGAAGTGACCCTGAACGCTGAGCACGGCGGAACTGTGGACGATCCCTACGGACAAACCAAAGCCGGGTTTGAAATTAATGGCTCCATCAACCGAAAGGAATTCGGGCTTAAATGGAGTGCAGTAACCGAAGCCGGCAGCGTGGTTGTGGCTGATGAAGTTAAGTTGCACCTGAATGTACAGGTCGTAGAAAGTGAACCCGTGGAAGCATAGGCTCGCTTAGTTATTATTTATTTAGGTATAGAGGGCGGTCTTTGCTGAGGCCGCCTTTTTTTATGCAATCACGCGATGTACTTCTCCAGAAAGGCTTCTTTGTATGCCTTCCCAACCGGCAGGGAATGATTTCCCAATTTGATGAGGCTCCCTTCCAAATATTCAATTTTTGAAAGGGAAACCACATAGGATTTATGAACACGACTGAACAGCGATTCAGGCAGCTGGCTGTAAAAGTCCTTGAGTGTTTGATTGAAGGTGAGTTTCTTTTCGTTGGTGTGAACCGTGATGTAATCGCCCTGGCTTTCTGCAAACATAATATCATTCACCCCAACCCTGTATAACTTCCCATCCGCTTTGATGGTGATGACCTGACCGGCTGCTTGACTTATCTCCGTTTTATCCCACGCTTTATCCACTGCTTTCAAAAACCGCTCAAATGAAAACGGTTTAAGCAGGTAATCCACCACATCCAGTTCATACCCTTCCAGCGCATATTCTGAGTAAGCAGTGGTCAGAATTACCCGCGGTGCGTTATTCAGCGTTTTAAGAAACTCAATGCCGGACAAACGCGGCATATTGACGTCCAGAAACAGTAAGTCTACTTCCTTTTCCTTTACCACTTTCCGGGCCTCTAAGGCATTTTTACACGATTCTGTCAGCTGCAGTTCAGGAGTGTCGGCAATGTATTGTTCCAGAACGGATCGAGCGGCCGGTTCATCATCGATTATTACACAACGCATCATCCTGTCCCCAGTTTTAATGTAAGTTCATACAGGTTTTCCTGTTGGTTAATGTCGAGGCTGTAACTTCCACCGTAGGCGAGATCTAATCTTCTTTTGGCATTCTGAAGGCCGGTTCCTGAAGTCTTTTCCTCCTTATTTCCCTTTTCATAAACGGTGTTATTACAGTGCAGAATTAGTTCCTGTGCATCCTGTTTTATCTGAATAGATATCAGAGCTTCCTTATCCGTGAGGTCTGCATGTTTGAAACAGTTTTCAACAAAAATGATTAACAGCAGCGGGGCAATTTTCTTCCCAGAAAAATCACCCTCTGTGATAAAATGTACTTTTTCAGGCTCATTCAACCGCTCTTTATGTAAATCTACAAAGTGAGTAAGATATTCTATCTCTTCTTCCAGCAAAACCTGCTCCTGGTCCATCTTATCAACCACATGGCGTAGCATATCCGATAATTTCAGAATCAGCGCCGGCGCTTTATCGCTTTTTTTGAGGGCTTCACTGTAAATCGTATTCAACGAGTTAAATAAAAAGTGCGGATTTACCTGTGCCCTCAGGGCTTTCAATTCTGATACCCGTTTCTCGGATTCCAGCTCAGCAATTTTATTTCTGCTCCTCAATACCTCAAACCAACTTCTTCCGAACTCAAGCGTTGAACTTAAAATCAAATAAAGGACAGCGAAACCTGTTACCTCGATAAAGCCATAAACCCCGACCAAATAGTATCCGGGAAACAGCCAATCAGAAAGCAGCAAAAAAGAGAAATTATAAGCGGGGTATGCCATCCCTAATAATACTATAAGGGTTAGCCCGTACAACCAAAAGCGAGACTTAGCCAGGTAGTTCGGAATTAGAAGAAAGGCATGCAATGAAACGATGATAACCAAGGGAACATGGAACAGAAAGGTGTAAATAACATCGATGGTTCGGATGTCGCCTGTACGGCTGAACACTTCCAATCCGGCATAAAAAGAAACTGCCCAGAACACCAGGTACATAAGCAGTTTCTTATTAAACAGTTTACTGAACCGCATTTGGCACCCTTTTCAGTGTTAACGGCTCCTGGTAAGCATCTTCTTCTTCCCCATATTTCTCTACAAACTGTTGCAGTTCAGGGGTTGAAGCTGTGATTAATATCTCCGTAGAATCATCATAATCGGCTTGTACCACTTCGTGCTTTATACGAACACGGTTATTCAGAATTTGATCTTTGATCCAGCTGCTTTCAAGGTGCTCCATCACCAACTTCGAGTCCTGCACATCAATCCTCGAGAAAGTATTAATGTTAAACCTGTGAGTAATAACCGGGGAAGCAGACATCCCCAAATCAACATCAAAAAGCTTAAGATTAAGATAATAGTGGCCATTCAGCTTGCCCACCTTTCCTAAAAATAACACCGGTGTAATGTTAGGTTCATCAGTCTCCTCAAATAAAATCAGGTATGCGTTCATTTTTAGCGAGTCTTCATCTCCGGGATCAAAACTTATATCTTCATCAGGATATTTCCGAATCAACTCCGCGAGCATTTTCGGGTTATTATCTGAAGCGAATGTCCACCGCTGATCTCCATTTTCAAAAGTACCATCCAATCCTTCTAACAGGATGGCTTCTTCAGCTGTAAATAAGGGGTGAACCGATTTCAGAAAACATCCGGACAGGCTGAGCACCACCAACGGAAGGATCAAAACTTTAGTTATCGTCTTTTTCATAATTTCAGTGATTAATTAAGATTGCACACCAAAGAAATAAAGCTTTTAACCGGCATTTAAATTTATTCGATGAACGCACATGATATCTCGATGAACGTTTTGTTTGCTGTGGTTTTTTATCTGCTAAAATAGGTAAATGAAACAAACGGCACTTTAAAATGGAATTTATGTGAGTTATAATCCCTCTTAAATCTAACTAACTACCTGTTATGAAAAACATTTTCTTTGCTCTTCTTTCACTATTAGTACTTAGCAGCTGTACACAACCTCAGAACACTAATGCTCCTCAACCTGAACAAAAAGAGTGGGCTATCGCTTTACATGGCGGGGCGGGATATGTTTCTAAAGATATGCCCGAAGACCGCAAGCAAGCTTACATGGAATCCCTGGAGGAGGCGCTGAACATCGGTGCCGAAATTTTGGAGAATGGTGGCTCAGCCCTCGATGCTATTGAGAAAACGGTTAACTACCTGGAAGACAACGAATTGTATAATGCCGGAAAAGGTGCCGTTTTCACCTCGGAAGGAAAGAATGAGCTGGACGCCGCAATCATGGACGGCGCAACACTGAATGCCGGAGCCATCACGGGAGTTACAACGGTTAAAAACCCGGTTTCACTGGCTCGCAAAGTAATGACTGACTCCAAGCACGTATTCTTTTCTGCGGATGGAGCCGAAACCTTCGCCGATGAAACAGATGTGGAACGTGTAAACCCCGAGTATTTCTACACTGAGCGCCGCCTACAGTCTCTGAAAAGAGCCCAAGCCGCCGAGCAGGAATCGAACCTGATTGAAACCAACCAACAAAAAGCATGGAAATACGGTACCGTTGGCGCTGTTGCCCTTGACAAAAACGGTAAACTTGCGGCCGCAACCTCTACCGGCGGCATGACTAATAAAAAGTATGGGCGTGTAGGTGATGTTCCTATCATCGGGTCCGGAACCTATGCAAACGACCTTGTTGCCGTTTCTGCTACCGGATGGGGAGAAAAGATTATGCTGAATGTATCGGCACACACATTGGCGGCCTACATGGAATTTAAAAATGCCACATTACAGCAATCTATGGATTACCTGGTGGATGATGTACTTGAACCGGGTGATGCGGGCTTCATTGCCGTTGATAAGTATGGGAATTTCTCCA
NZ_CP175953.1_gap10	435300	438326	3026	AATATGAAAAGCTGATTCTTACTCTAAAAAAAGGACAGGAAATCCCGCGTAATACCATCCTGTATGATTTAGTAGATCTGCATTACAACCGAAATGACCTGGATTTTAAAAGGGGTACTTTTCGGGTGCGGGGTGATGTCATTGATGTGTACCCGGCTTATTCGGATGAAGGATTGCGCATCACTCAATGGGGAGATGAAATTGAATCCCTCCAGCTTTTTGATGTAAATGACGGCACGGTCCATGATTCGGTTGATGAATTCCGGGTTTACCCGGCTTCCCATTATGTAACGTCCAAGTCCCGTCTTGAGCAGTCTATAGAACAGATCAGGGAAGAACTTGAATGGCGCCGGCAGGTTTTAATTGATGAAGAAAAATTTTTGGAAGCCAAGCGCATCGAACAGCGCACCTTGTTTGATATTGAAATGATTCAGGAGATTGGCTATTGCTCAGGTATCGAGAACTACTCCCGTTATTTGAGTGCCCGAAAACCCGGCGAGCGCCCATATTGCCTGCTCGATTATTTCCCAGACGATTTTCTTGTAGTTGTGGATGAAAGCCACCAGACCATCCCTCAAATTTCCGCTATGTATGGGGGTGACCGATCCCGTAAAGTAGAATTGGTTGAACATGGATTCCGACTTCCTTCTGCTCTTGATAACCGCCCCCTTACTTTTGATGAGTGGGAAGGGTTGATCAATCAAGCCATATTTGTAAGTGCTACCCCCAGCGATTATGAGCTGGAGAAATCCGGAGGGGTTTACACCGAACAAATCATTCGTCCAACCGGACTTATGGAACCTGAAATCGAAATCCGGCCACTCGGTAATCAGGTGGATGATCTGCTGGCTGAAATTCAGGAGAAGGTTGAGAAAAAAGAGCGTGTACTTGTAATCACGCTTACTAAACGATTAAGTGAAGAGCTCAGTGAATACCTTAAAAACCTGGGCATCAGTGCGGCTTATATGCACAGTGAGTTAAATGCTCTTGAAAGAATCGAAGTTTTATATAAATTCCGCCGCGGAGATTTTGATGTTCTTGTGGGCATTAACCTGCTTCGGGAGGGAATTGATATTCCTGAACTGAGTCTGGTAGCCATCATGGATGCGGATAAGGAAGGATTCCTGAGATCAGAAACTTCGTTGTTCCAGATAGTTGGCCGCGCAGCACGTAATGTAGGTGGCAAAGCTATTCTGTATGCAGATAAAATCACAAACAGCATTCAGAAAGTAGTGGATGAAACCAGACGGCGGCGCAAACTGCAGGAAGAGTACAATGAGAAGCATGGAATTACTCCCGAAACCATTAAGAAAGAACTGAAACCATTGGTTGATCCGGCGTTGATTTCAAATCAAAGTTTTGACTTTGCCGGCAAGGACGAGGAAGCGGATAAAGACGCACTCGAGGTGGTGAAAGTTGCTGAGGATGGCATTCAGTATAAAGCCAGCCCGGCAATGAAGGAAGTAACTTTCGAAAGTAAGGACAAGCTTATTGAACATCTTCGCGAAACCATGGTTCATGCAGCCAAGAACATGGAGTTCGAGGAAGCGGCTCGTATTCGGGACCAAATAGCACAATTAGAACAAGAATTATAGTTACCAATGAAGAACACGCTTACGTTTTTGAAATCATTTGCAACAGATAAAGACGTTGCTTCTATAACTCCTTCTTCCAAATACTGTGTGCGAAAACTCTGTGAGCATATCAACTTCACCACTACAAAAACCATCGTAGAATATGGTGGCGGTACCGGTGTTTTTACCAAGCATTTCCTCAAAAAAATGAGCCCCGATGCTCGCCTTTTTGTATTCGAAACCAATGATAACTTCTACAAGAAGCTGAGTGAAATTCAGGATGAACGTATCACCGTTTTTCATGAAAGCGTGGAAGAGATCATGAACCTGCTTCCGGAAGAAGTAGTCGGTGCTGTTGACCATGTGGTTTCCGGTATACCCTTTTCCTTTTTTGATTGGGAGATGAAAATCGACATCCTCGGGAAAACTCAACAAGTTTTGAGAAATGAAGGCTCTTTTCTGGCTTACCAAACCTCGGGTCATCTGAAAAAACCCCTAACCGAAGTCTTCGATAATTATACCACCGATTTCTGCTGGAAGAACATACCGCCTTATTTCATTTATGAGTCAGTTAAGGACTAACCTGCTGGATTACAGATCACAATAAACGGTTGCTAAGATAAAAACCCCTATTCCGGTTTTTGGCCCAGCTTTTTACAGATGCCGGCCAGCTGTTCTTTTTCTTTAATGCTTAGGCAGCTAAACTCTTCTTTGATTTTATCCAGATGCTGAGGAAAGAATTCTTCAATAAAAGAACGCCCTTTTTTAGTTAAGTTGATGATCACCGCCCGGCGATCATTGGGATCTGTTTTCTTTTCAACCAGGCCATTCTTTTGGAGGTTATCTATTACCAGCGTAATGTTGCCCCCGCTTTTTAACAACTTTTGGCCAAGTTCTCTCTGGTTTAACGGGCCAAGGTGTAGCAGGGCTTCGAGGGTTCCGAACTGACTGACGGTTAGATTGCCATCTGATAAGTGACGGGAAAGACGGCCATTCAAGCTTTCTGAAGCTCGCATCAATTTGATAAACGCGTTAAGCGTCGACTTTTCTTCGTCCGTACCGTCGTAATGTGTTCCCATAGTGTCTCACCTGTTTCGTGAAGTCAAAACTTTATGCAGGTTGGCATCGTTCGCTCATACATCATATACAACACTGACAGGAGCATGATCCGAAATATCCCACTTTTTTTCTATTTCAGCCACCGTTGCTTTTTCTGCTAATTCATTGGTCGCCAGATGATAATCAATTCTCCAGCCTTTATTCCTTTCTTTGGAAGCGGCGCGATAACTCCACCAGCTATACAGGTCTGTTTTTCCGGGGTGAATTTCCCTGAATACATCATTGTAACCAACCTCCAGGAAGTCGGTTACCCAAGCCCGTTCTTCGGGCAAAAACCCGGACGTTTTGTGTTGTTTATCCGGATTATGAATATCTATTTCGGTGTGGCAAATA
NZ_CP175953.1_gap11	444612	447324	2712	TCCAACAGCCGGTATCATCTATGGATATGAGGGGGTTAAAGAAGCTTACGAAACCGGACGGGGAAAAATCACCCTCCGTGCCCGTGCTAATACTGAAGAGCTCCGTGGCAACCGTGAGCAGATTGTAATTACAGAGATCCCATATCAGGTTAACAAGAGCACGCTAATTCAAAAGATTGCATCGCTTGTTAATGATGAGAAAATTACTGAAATATCTGAAGTTAGAGATGAATCTGACCGTGAGGGTATTCGCATTGTTATCATTTTAAAACGTTCTGCTAACGCCGGCGTTGTACTCAATCAGTTATACAAGTACACGCAAATGCAGACCACCTTTGGTGTGATTAACCTGGCTCTTGTTAAGGGCCGCCCTAAAGTGATGGACCTTAAAGAGCTTATTCATCACTTTGTTGAGCATCGCGTTGATATCATTATTCGTCGTACCATGTATGATCTCGATCAGGCGGAAGCCAGAGCTCATATTCTGGAAGGGCTTAAGATTGCTCTTGATAACCTGGATGAAGTAATCAAGACCATCCGGGCTTCTAACAGTCCTCAAGAAGCGAATATTGAGTTACGCAAGAAATTTGCTCTCACCGACATTCAGGCCAAAGCCATTCTGGACATGCGTCTTCAGAAGCTTACAGGATTGGAGCGAGAAAAGATTGATGGTGAGTACAGAGAGATTATCGACAAGATTTCTGATTACCGCGAAATTCTAACTAACCGCGATAAGCAAACAGCCATCATTAAAGAAGAGCTTGCAGACCTGAAGAAACGCTATGGTGATGAGCGAAGAACACAAGTTGTTCACTCTGCCGACGACTTCAGCATCGAAGACATGATTGCTGATGAAGATGTGGTTGTAACCATTTCCAATAAAGGCTTTATCAAACGGATGCCGGTAAGCGGCTATCGCAGACAGCGCCGTGGCGGTAAAGGAATGAAAGGAACAACCACGCGAGATGAGGAATATGTAGAACATTTATTTGTAGCCACAACCCATAATTACATTCTGTTTTTCACAGAAAAAGGAATGTGTTACTGGTTGAAGGTCTATGAAATTCCGGAGGGTGGCCGACTCGCAAGGGGCCGCGCTATTGTGAATCTCATTGAGCTTGACAAAGACGACTCCATCAAAGCTTTTGTTCCGGTTAAAACCCTTGATGAAGAAGACTACATTAACAACCACTCCATCATCATGGCGACCAAGGACGGGCTTGTTAAGAAAACAACCCTCGAGGCTTATAGCCGCCCTCGACGTGATGGTATTATTGCCATCAACATAAAAGAAGGTGACAGTTTACTTGCCGCCGAACTTACCGATGGCGACAGCCAAATTATTCTTGCCAACAAAAACGGCCGAGCCATCAGGTTCCACGAAGAGGACGTCCGGGATATGGGCCGAAACACTTCCGGTGTGAAAGGAATGAGCCTCGGCAAAAATGGTGAGATCGTTGATATGGTTGTGATCCGAAACGCTCACGAAGCCACCGTGCTCGCAATGTCTGAGAATGGATATGGCAAACGTTCTCTTGTTGATGATTACAGGGAACAATCCAGAGGTGGTAAAGGCGTGATTACACTCAAGATAACTCCGAAGACAGGAGACCTGATTGCGCTTAAAGAAGTAACCGATCAGGATGATCTTATGATTATCACGGAGCGAGGTAAAGTTATCCGAATGAATTGCGGAGGCATTCGAACCATGGGTAGAAATACTCAGGGAGTTCGCATCATGCGTCTCGATTCTGATGGCGCCATTGCAGCTGTAACGCGAGTGGTTAATGAAGAGGAAGGAGACGAAGAGGATGAAGATTAATTCTTAATCCTTTCTCAAAATAATTAAAAGAAAAGGGCTTCAAAATTGAAGCCCTTTTTTATTATCTGAATTTTCTTGGCCAGTTAGTTGTCCACCATTTCCCGGAGTAACTTCTCTCTTTTTTCGATAAGCTCTTTGGGCTGTTCAATTTTAACTTTTTTTCCAAACTGAAGAAGCCATTCGTTTATAAAGTCCAAATTATCGAAATCAAAACTCACCTTAAAAATTTTAGAATTTAAGCTGGTTTTCTTAATTATTTTAGCCGGTAAATTTGTCTCCAGACGCGTTATCTCTTCTTTTTTGACCTGTAGTATTATTGATTGAGAACTCTCCTCAGATCGGAAGATAAGGGCCTCTATGTCCAAATCGCTGTTAAGGTGGTAGTTTTCGTCTAAGATTTTCACTTCTTCTACCTTTTCAAGAATAAAATTCCTGATTTCACCCCGAAGATGAGATTTTCCAATTACGTTCCAATGATCCTGGTAAAAAACCAAAATGTAGGGATCGATTTTTCGAATTCCCGTTTCCCCTGATTTTGTGGTGTACTCAAATTGCAATCTTTTTTGCTGAGCGATGGCACTACTAATGAGATACCAACTCCCCCCTTTCTTTTTTTCTCCTCCAAATCTCAAATAAGGATCGACGATTGTTCTTCCCTCTAATGAAGTCATGAATTCTTTTAATTCATCCGGAAGAACATTTTTGATTTTTACCTCCACCCCTTTAGCATCTTCCACCAGCCCCTGGTCAACCTGAGACTTCACAAAATTCAGCCCAACCATGATGGTTGCTAGCTCTTTGGAAGTGAACATGAGCGGCGGCACCTTATAACCCTCGATTAATCCATAGCCTGAATAACGATCCCAGGTTACCGGCACGTTAATTTCCTG
NZ_CP175953.1_gap12	449900	454139	4239	AGGGTTTTTGCTCCCATTTGAGCTGCGGCTCCGGCCGCCTCGCTACCGGCATGGCCTCCACCAACCACGATTACATCATATGTAGGATCTAAAACGGACATTACTCTCTGTTTTTTAAGTATTTATAAAAACTAATTAATCCTTAGCTATAATAAAGATAAGAAATTGTAGCCCGCTGAACTATAACCTGCATTGGGTTGATTTGCCGAAGATTCGCGAATACGGGAAATCACATTTACATAGTGGCTACAAACAAAAAAAGCTTCCAACTATGTGGAAGCTTTATTGCGATCCGGAAGGGACTCGAACCCTCGACCTCCTGCGTGACAGGCAGGCGTTCTAACCAACTGAACTACCGGACCTTTTTGAGAGCATCAAATATACAGACCATATCGATTGGAAGTCAAGCCTTTTTCCGAAAAAGATTAATTAAAAAAATGAGGATCACGAACTCAATCGTGATCCTCTTATCGGGATGGTGATGGGATAAAGTTCTTAACGATTCAATTCCTTTTCAATGGCTGCAACAAGAGTTTCGCTCTGTGGCTCTACGCTGCTTCTGAATCTCCTCTTTAGTAAACCATTTTTATCGATCAAAAATTTCTCAAAATTCCATTTAATCTCTCCGTCAAAGTCATCATTCGGTACTGAGGTCAAATATGAAAACAAGTCAGCCTGATCTTCACCTTTAACGGATACCTTCGAGAACATCGGAAATTCCACTCCGTACTCAAGCGTACAAAATTGTTTTATTTCCTGATCTGTTCCCGGCTCCTGCCCATTAAAGTTATTAGCGGGAAACCCCAATATCACAAACCCATCATCTTTATAGGTTTCGTATATCTTTTGAAGTCCTTCGTATTGAGGGGTGTATCCGCATTTTGAGGCCACGTTGACCACTAAAACAACTTGTCCTTTATATTGTTCCAGCGAAATCTCCTCTCCGTCAATATCCTGAACGGTAAAATCGTATAATGATGTTTGGTCTGATGTTCCCATAGTGGCTGTGAGTGATAGAAGCAGAGCTGTAAATAAAATTTTCATTGAAATATTTTTTTCTTCGGTCGTTAGTCTTTAAACTGATTCACTTAATAAAATCATTCCCCATGATACAATCTCTTTTTAAGCGGTTTCTGTTGTTGGTTCTTATTGCCTCCCCTGCCTTCTGTTATGCACAAATGTTTTCCGTAGGTGATGAAGTGGAACAGAGGTCTAATCCTTTTGCCCCATACATCCGGGTTGGCATACAGCCTATCGACTTTAGTTATACCGGAAACCCGGCCGCCCTCAACTCACATCAATCATTGGCATTTACCGGGACGGCTGCTCACATCTCTTTTGAATCGGGTGGATTTAATATTGGTGCAAGCCTGGGTAACGACATGACCGGCCTGGACGACAGAAACTACTTTGACCTGAACATCAACTTTACAAATCCTTTCTATTTTGTGAGAAGACCTAACTTTGGTCTAGGGGTACCCATTCAATTAGGTTCAAAGATAACCAGCGTTCGGAGTGATGATATAAGTGAAGAGTTTTCTCAAACCAACCTGCATGCCGGAGCAGGAGGAATAGCACAACTCTACTTTCCTGATAAGCTTGGTGTAACGGCTCAATTTATACCCAGCTTTGGTTTCAGTACTGCGAGTGGGGGGTTAATTGGAGGTAATGTTTTTTCAATGAGAGGGAAAGCAAGGGTGAATTTCTACAACCTGATTTTTGGAAGAAACATAAGTTTGGGCTATGATTACATATTCGACTCCTACGATATTGACGGTGACGAATTTGATTACGATTTTTCAGGACATATACTAACACTCGGAATTTCCCTTTGAAGCCAGAAAAATTTCTTCTCGAACTCGAACAAATCCTTGAACAGGCGGGCTACACCCTCCGCAAAGAGCGGGGTTCGTTTCGCGGGGATGAGTGTATAATTGAAGGACAGAAGCTGGTGATGGTTAATAAGAACAAGCCGGTAGCTTCGCAGCTTGGAACTATGGGGCGGGTGCTTGGCCAAATTGATTTGACGGGTGTGTACATTAAACCGGCCGTCCGTAAAAAACTGGAAGAACTTTGGGATCAGTTGGCGGTAACCCCTGAAGAAACTTCTGAGGATTTTGAGTTAGAATGAAAATTACTTTTCTGGGTACGGGTACGTCTATGGGAGTTCCTGTTGCGGGAGGCTTTAGGCGCGAAGAACTTTCACATGATCCAAGAAATGAACGCACTCGCTGTTCCGTATGGATTCAGGTTCACGGAAAATCGATCCTGATTGATGCCGGGCCCGAATTCAGAGTACAAAGCATTCGCTCGCGCATCAAAAAGATTGATCATTTTCTCATTACCCACGAACACATGGATCATGTTTCCGGGATCGATGATCTCAGAGTTTACTCCTATATAAATAAAGCCCCCATTCCCGCATACACTTCCGGGCAATGCATCGAGTCTATCCACAAGCGCTTTGATTATATGTTTGGGGAGAACAAGTATCCCGGATCTACTTCTCTTGACCTGAACGAAGTAACCTCTTCTTTTAAATTAGATGAAGAAATCGAGGTTACTCCTTTACCGGTACAACACGGCGATTTGGATATTCTGGGATTTCGGGTAAATGACTTCTCGTACCTGACGGATGTAAAACATATCCCTGACGAGACACTTGAGCTCATAAAAGGCTCCAAAGTGATTGCGCTGAGTGCGCTGCGATGGGAACCGGAACACCCCACTCACTTAACCATTCCTGAGGCTGTTGAGGTGTTGGAGAGTCTGAATATCCCCGAAGCTTACCTCATTCATATGAACAGTTATGTGGACCACGAGCCTACCAATAAAAAGCTGCCGGATCATATCAAGTTGGCATACGACCAGCTTTCGATTCAGGTGCCGGATTAAAGAAACTTCCGATAATCTTCGTTCTCTTTTAACTGCTGAACGATCTCCTTCACATTTTGAGCTTTATCCAGCTTGCACACCAGAATAGCATCCTCCGTTTCAACTACAGCCACACCTTCCAGTCCAACAACCGAAATCATTTTTCCGCTTTCTGTAGAAATGTAATTTTTTGATGATTCACTGAACGTTGCCTGCTTGGCATTAATAACATTTCCATTGCTGTCCTTATCCCCCAAATCATAGGCGGCTGTCCAGCTACCCACATCATTCCACCCAAACTCACCGGGTACTACAAAAACCTGCTGCGCATGTTCCATAATTCCGTAATCTATGGAAACAGATTCACATGCACGGTAAAACGTATTGATAGATTCCTCGTGATCAACTCCATAAACTTCCTTGCCGGCTTGCTTAACCTGCTCGTACATGTCAGGTAAATGCTTATCAAATTCTTCCAGAATAGTTTTGGCCGACCAAATGAACATTCCGCTGTTCCAATAATAATCTCCTGAATCTAAAAACTCCCTGGCTGTTTCTATATCCGGCTTCTCTTTGAAGGCCTTAACCGGATGAACCGTTTTATGCGCAAAAACTTCTTCTGATTCATCATCACCGTGGATGTACCCATACCCTGTTTCCGACCGGTCCGGATGAATTCCTATAGTAACCAGGTTCGATCCTTGTTTCGCCTTTTCTATGGCCGCCTTTAAGTATTTATTGAATGCTTCCGGATTTGTGATGTGATGATCGGCCGGCAGAACCACCATAACGGCTTCCGGGTCTTTTTTATAAAGCATTTCTGCAGCAATGGCCACACAAGGAGCCGTATTCTTAGCAACCGGTTCACCAACAATATTCTCAGCCGGAACTTTGGGCAGTTGCTCTTTAACGATGTCCACATAGCTGTCGTTAGTAACCACCATCACATGCTCCTGAGGAATAAGCCCCTCTATACGTTTGGCCGTATTCTGGATCATAGTTCCTTCCCCAAAAAGAGAAAGAAATTGTTTAGGAAGCTTTTTTGTGCTTTTTGGCCAGAACCGTGTACCCGACCCGCCGGCCATTATTACTGCATATACCATAAATTTTATACTTGTGTCACTGTTGGTTTAGGAAGGAAAGTACGATTTATATAATCAAACCTGAACCGGATCCAGGCGCCGAAGACTGATGGTGAAGGTTGAGCCTTTGTTAGGTTCACTTTCAATGCTGAACTTTTCTCCGTGCGCTTCCATAATATGCTTGACAATAGCCAGGCCGAGCCCTGTTCCGCCCCGCTCTCTGGATCGGGATTTATCAACCCGGAAAAATCGCTCCGTTACCCTTGGGATATCTTTTTCATCG
NZ_CP175953.1_gap13	464440	469388	4948	CGAAACCGATTTCGTCTATTACTTCCCAATTATTGGTATGTGGACTATACCATTTCCACCGGTGCAATACATCTTTTCTGAAATCAGATGGAGCAAAAATAGACGTAAATACATACACATTAGATCCCGGTTCATATTCAAACTGGTGCCGGTTATCCTTCCAGATTTTATACCAGGGCTCGCGCTCATAGGTCACAACATACGTGTCATCGCTGCGCTCAACATGATGAGCAACCAAGCCTTCATCCAGTGCAAGAGGAACCGGAGGAATTAAGTTGAAGAAGTAAAACGTATGGATAAGCAGGTATATCCCAAAAATGAAGCCCAGCATCTTACCAAAACTTATTTCTTTTCGGGTTGATGGGCTGGCGTTGTAGATATAAATAATGAGCCCAAGCGTGATCCCTAAACTAATGGCACCCGACAGCATAAAAATAAACTGATTCATGGTTCCAACTACCATCGGTACAAAGAAGGTGAAGAAGGTAAAGTTCACAAAAAAGTACGCGCTGAACTGAAGGTACTTGTTAGAGATCCGTTTCTTGAGCAACTCATTTGCAAATAACAACACCACAAGGATGATGAAGAAAATGACCGTTTTGGAAAAGGATACGCTTCGGGAAAAGTAAATCACGTATGCGCTGCATAATCCTCCCAAAAAAAACTGAATGGCTAACGGCAGATAATCCTGATATTTCTCAAAAAAGGTACCTTCCCATTTTCCATCATCAGCAAGATTGAATAGGTACAGACAAACGGTAAGTGAACTAAGGTATGTACATAAAATGATGCGATCGTATAAGCGATCAATTCGTCCAAGAGTCAGCGAATCCCACACAAAACCGGCCATAAAAAAGACCACCGGTAAATACCGCTGGTTAGCACGCGCAAAAGCCCGAAACCTGTTGATCATGTAAGATGCATTAATACTTCATTTAGAATTGACATCCAAGATAGGGCAGAAGGATGTTTTTATCAGAAAATATGTTGAACCATGATTAGAAGGATTATGAGATTACCTTGATTTGACCTTTACAATCCTGGTCATTCTTTTATCCCGTAAATTGTGGTTCAAAGATAGTTGGCTTTCCCTATTTTTTTTACTTAATCAGTGTCATCTTTTTTCTTTCTACAAAAGAGGATGTTTTCAACTCGTAGAAGTAGATACCGCCGGAAAGTTGGGAGGCATCGAAGGTGATAGTATGATTTCCTGTCGATTTTAGTCCGCTATACAATTGATCCACTTTTCTACCCAGAATATTATAGACAGAAATCACAACGCTGGAAGGTTGTAATAAAGTAAACCTAATATTTGTGGTAGGATTAAAAGGATTGGGATAGTTCTGTTCTAAACTGATACCGTGAGCTTGGGTTGGGTCTTTATCCTCAGAAGAGGTTATCACTCTAAATCGGTTGTTTCTGTAAATCCGTTGATTGGTAACCAGGTACCCTGTTCTATTTTTTGTGAAAAGAACATCATTAATTTGCGTGTCGGGGTCGATAACCGTTTTGGTCCAGCTGTTAAATCCATTTGTTGTTTCCAGCAACACACCCTTATCCCCGGAAACAAATACCGTATCCTCACTGATTCCATTAATGGATATATAATCATTAAGAGGGAGCTCGATAACCTGCCAGGTATTTCCTAAATCATGAGACTTAAAAAGCTTTTTTGGATATCCACGGGAATTTGACAGAACATACACCGAATTTCCCTCTATATAAGAATCCACAAAATAATGGGAGAGTATATTTTTCTCTTTTACCGGAAGGGGAAGTGGATTTAAATTCTCGCCGTCATCCGAAGTTCTGTACACAAAATAATTAGTTATAAACAAGTTTCTCTGTCCGCCCCCTAATTTGAAATCGATCAGGGTTTCCCGCTCATACATGGTTTCTCCATGGTTACCGAACAAAGTGCTATAATCAGCTATGGTTTCCCACGATTCTCCACCATTGGTCGATCTCAGTAATTTTCTACCACCCACATAAATGGTTTCCCGGCCTATGGTGAACATAGACTCCAGGTAAAGTGGCTCATCCACCCCAAGCAGATCTACCGACCATGATTGTCCCCCATCTTTGGTTCTATGGAGATTGTCTTCCGGGCCTAAAGCCAGTCCGTTTAAAGAATCATAAAAAGTGAATTCTTCAATGTTATATACTTCCGGTATTTGAAGAAATTCGCTGGTCTCAAAGCCATCATTTGTTTTGTAGAAATGATCGTACCCGTTGTAAAGGGCAAAACCCAGGTCATCATCCAGAAAGTAGAGTCCGCCAAAAACGTACGAATCAGTTCTATACACCTCTTCCCATTGAGCAAAGGCCGTGCTTGTACTGAAAAGACATAAAAAGAAAAGCAGAAATTTTTTCATACAGACTGAATTTTTTATCGGCTTCTCTCAATAACAGCACATTCAGCCAAATAGTTTAACAGCCTTAGAAATGAAATATAAGTGGTTTTTTTAAGGCAGAGCCACCTCTGCTTCAAAATTTCCCTTTATCGAAATCTCATCACCCGGTTCATAACTGTTGAAAGAACGCTCTACAACCACTCTAAAATTAAAACTTCCCCTGATTTTATTAGATGAAGTATTGTAATTGGTAACCGTGACGGAGGGAACCACACTATCGTAATCAAGGCCGGCATAAGTTCCGATAGCATCACCACCGGTAACAAAATAATAAGAAGGTTTTCTAACCTGGTATTTACCTAAGCTTCCATCAAAATCAACAATAGAAAACTCAAGGTTTTCTGAATTTTCCCATTCTCCTTTTCTGCCAATGATAACAATGTCTGCATTCCCCACATCATTCTGATAGGCAAGAGCCTCAGCTGAAAAGGATTTAGATCCTATATTCGCTTCAAAACTTTTACCGTCTGAATCGGCATTAAATATGGAACACCCGCTAATGAGTACAACAGTAAATAGTAAAAGTAGTTTTTTCATGAGGTTGGTAATTATAGTTCGTTTTAAGTTAAACTAATCATTAACCGATTTATTATCTCACAGTTCCAATCTTAAAAACCTCTTCTCCCAAATCTTCCGCTCTTTTAGTAACAGCATCCACCTGATCTTCAGAAACCACGGCAATCAGTCCAATTCCTAAATTGAAGGTAGCTTGCATATCCTCTTCCGGTACGTTCCCGATTTCCTGGATCAGGTTATATACCGGAGGACGTTCCCAGCTGTCCCAGTTTATATCCAGTTTGAGTCCTTCCGGGAGAATACGCTTGGTGTTCCCTACAATTCCGCCGCCGGTGATATGGGAGAAACCATTCACCCCGTTCATTTCTTTCAACTCAGTAATTAATGGCAAATAGGACTTGTGAACTTTGAGCAGTTCATCCCCTACCGTACTTCCCAACTCTTCTACATAGTTTTCTACTTTATACTTACTGAAAAGCACTTTTCGGGCAAGAGAATATCCATTGGTGTGCAGCCCGGTGCTTTTGAAGCCCAACAGTACGTCATCTTTTTCAATGTCGGATCCATTGATCACTTTGTCTTCATCCACGATACCTACGATAGTGCCGGCCAGGTCAAATTCACCGGAATCGTAAATATCCGGCATTTCGGCTGTTTCACCTCCAATCAGAGCTACACCATTTTCTTTGCAGGCTTTGGCAAATCCTTTTACCACATCCACACCTACATGCTGCTCCAGCTTACCGGTCGAAAAATAATCCAGAAAGAATAAAGGCTTGGCTCCGCAAACAGCAATGTCATTTACGCAGTGATTTACTAAATCCTGCCCAACGGTATCATACTTACCGGCTTTAAAAGCCACAATGAGTTTAGTCCCTACACCATCAACAGAACTCACAAAAACCGGTTTCTTGTAAGAGCCTAAATCCGGTTTAAAAAATCCTCCAAAGCCACCAATGTTAGAAAGCACTTCCGGTCCGTGAGTATCTTTAACCACGCCTTTAATGGACTCTACCATTTCTTCCCCGGCTTTGATATCTACTCCGGAATCTTTGTATGTAATTTGTTTCTTGTCACTCATGTAATCGTTTATTTGAATTTGCCATGAAGGCTCTAAAACACTAAAGGTTAAGTATTACTCATTCCTCACTTTGGGTAACCAATCGGATATGTGCTAAATGATGATTGGAATGCCAGGCATAGTGATAAGCAGATCTTGCCAGCGTAAATGTTTCTCCGGATTCTGGGTTCGTATAGGTTCGCTCCCATTGGTTTTCATTCAGGCTTTGATAAATACGAACTATCATTTCATGGGTATTTTCAAGCATATCCAGCGTGAGTTCCAATGGAATTTCGAACTGAAAATCTACATGGGCCCATCCATCCTGTTTGTAAGGTCGAATCGTGGGGTTATCTTCCGTCAGGGCTGTTTTTAAACGAACTATGGTGTTTAAATGACTATCAAGCAAATGACTGATTACTTGCCTGACTGTCCAGCCGTTCTCCCGATACGGAGTAAGTAATACATCATCCGAACATCCATCAATTTCTTCTCGGATACGCTCTGGCAATAAAGCAATATCATCAAGCCATTGATCCAGATCTTCCTGAGTGTAGTCCTCAGAAAAAGAAGGTTTACCTATGGGAAATTGGTTATTCATTTTGGAAGAATATATTGCTTAAAGAACAATCTAAATATAGAATCTTTAAGAGAGTGTTTTAAGAACTTTTTGGCTTTCTTTTCCACAGCATAATACAATAAGTATGAGATTTATAGTTTTTGTAGTAGTAGTAGAGACTGTGGATAAGTGGATAACTTTTTTATCCTGAATTTTACCGGCCACCTTAAAAACATGTGGATATTTTTGTGGGAAACCTGCTGATAAAAATCAATAAGTTAAACCGGTTATGAAATTGTTGTTCACATACGCATATATTTTTTACATAAAACCGTGTTCACAACCGTCAACACCAAAAGTTATTCTTTTTGAATGTTGATTATCCGGTTTGATTGTGGA
NZ_CP175953.1_gap14	479576	480384	808	TTCCCGGAAAAAGTATCCATTCAGTGTAATGATACCCACCCAAACCTGGCGATACCGGAACTAATGCGTTACCTGCTGGACGAAGAACACATGGATTGGGATAAAGCCTGGGATATCACCGTAGATACCATGGCGTACACCAACCACACGTTACTTCCGGAGGCGCTCGAAAAATGGCCGGTTTCCTTAGTAAGGAACCTGCTGCCCCGCCACCTGAATATTATTTACGAAATTAACCGTCGCTTCCTCGACGATGTTAAGATTAAGCTGGGGGACGATAAAAACCGTCAGAGTCGCATGAGTATTGTGGGCGAAGGCGAACAGCCGGTGGTTCATATGGCGCACCTGGGAATTGTAGGATCTCACAAAGTAAACGGCGTGGCGGCGATGCACTCCCGCCTGCTGAAAGATTCCATGTTCCGTGATTTTGACGAGATGTATCCGGATAAATTCACCAACAAGACCAACGGGATTACACCCCGCCGCTGGCTGAAGCAATGCAATCCCGCCCTGTCTGATCTCATTTCAGACAAAATCGGGGACGACTGGATTACGGCACTCGATGAGCTGAAAAAAATCAACAAGTTTGCCGACGACAAGAAATTCAGGAAGAAGTTCGCAGAGATTAAGCTGGAGAACAAAAAGCATCTGGCTGAATACATTAAAGAGCATAATGACCTGGATGTAGATCCTGAGTCGATGTTCGATATTCAGATTAAGCGGATTCATGAGTACAAACGTCAGCTGATGGCTGCCCTGCATGTAATTACGTTGTACAATCGCCTGAAAGAAAATCCGGACCTGGATA
NZ_CP175953.1_gap15	482746	484840	2094	CATCACCGCTTTCTTTTGCACCATCGGTAGATGTCTCATTCTCTTTGGCTACAGGCGGCACTTCCACCTCTTCTTCCTCAGGTTTGTTTTCTTCCTGATTTGGGTCAATCTTTTCTGTTTCCGGGGTTGAAACCGGATCTTCCTGAACGTCTTCTACCTGGTCAGACAGGTCAACGGCCTTAGTTTGTTCTTCGGTTGTTTCCTGCGGGGTTACTTCCGGTTCCGGCGCTTCTTCAACCGGCTCTTCGGGTTCTGTTTCGGAGGGATTGGGACGCTGTGCAACCTGCTCATTCTTCACTTCTGAGTACTCGGCAAGCTGGCCGGTTTTAAACTCTCCGAATTCCACTTCAATGTAAGACGGGCGCGCATTTCGGTTCATATCTAAGGTGAACCAAAGGGAGAACAGCAATAAAGCCGTATTTAACCCGAAGGTTACGTACAATGCTAAGCGATCGTCTTCCGTGAAATTCATGGGGTGATTATGAGCCTTGTTCGGTGGCCATTATAATTTTAAGATTCAAAGCCTTGCTTACATTCATAACGCGAACGGCATCATCAACTTTGGCATCTTTGTCAGCTCTCAATACAACGGTTCCCTGGGGCTTATTATTTCGGGCGTTTCGGATAGCCGTTGCCAGCGATCCGCGGGCGGTTAAATCACCGTCCACATAAAACTCACCGTCTTTAGTAACGGCTACCGATATGAATTGAGCCTCTGTTGCCGCGCTGCTTTCTGCCTTGGGTACTTCAACACGAATACCAAAATTGGTAACGAAAGAGGAGGTCAACAAAAAGAAAATAAGCAGCAACAGTACAATATCCGTCAGCGACGACTGTGAGAACAGCGACAGCGGCGGCAGCTTTTTATCTCCACGTCTGAAATCGCGCGACATAATTAGTTATTCTCTTTTTTTGCTGGTGATTGAAGCAGATCAAGGAAATCAGCCGAAGCATTTTCCAATTCAAAGATAGAACGGTTTATTTTGCCCAGCAGAAAGTTGTAGAAGCCGTAGGCAATCAAACCAACAATCAGTCCTGCAGCGGTGGTAATCAAGGCTTCCCATATACCTCCGGCCAGCACGCTCGGGTTTACATTTCCCTGAAGCGACTGAATATCCATAAAGGCTTCGATCATACCGGTTACGGTACCGGTGAATCCCAGCAGCGGCGCCACACCGGCAACGGTAGCCAGCCAGTTCATGCGTTTTTCCAGGAAGAAAATCTCTTTCTTTCCGGCATTATCAATAGCATCCTCGATATCACGAAGGGGCCTTCCCAGCCGTTTAATACCCGCTTTAATAATTCGGGCAATGGGCTTATCAAACTCATCACAATAATCCATAGCGTTAGAGGCACCCCCTTTTCCGGATTTAAGCATGCTTTCGATGGTGGAAAGAAATTTTTCCGGTTCTACATGAGACCGGTTCACCGCGCTCCAGCGTTCAACGATTACATAAACCGAGATGGCGAACAGAAGAAAGATGGGGATCATTAAAACGCCACCCTCGATCAAAAGGTCGAAAAAGGTGACGGTCTCTTCCTGCATGGCCATCAGAGAATCAACCGAGGCCGTGTCTTGCAAAAAAATCAGCAATAAGTGCATGTAGATGATATTCGTTTAGTTAATTTTGGTTATGAAATAATTTTCTGAAAGGGGTGAATCGAGGGTTTCTGCGGCAATGGCAGCATTACGCATCGATTCGAACTGCCCTAAACTTACGCGCCAAAGTCGTCCATATTGTTGTGAAGTTATGGTGGCCAAAAGCACACGATAACCGTCATCGCTTAACTCTTTCTCTATGGACTTGGCATTGCGTTCGCTGCTCAATGAGTAAACCACGATGGTATAGCCGTCATTAGCATTCGGGTTTACGACACCATTCAACCCATACATAGGTTGTCCGGCAGGAACCGCTTCACTTTGTGATACCTGATTATCAGTTGCTTGTTCCTGAGGTGGATTTTGAGCTTCCTGTGGGGCGGGTTCGTCATCAGACGATGTTTCAGAATCACCCTGCCCCTGGTTGGTTTGATTGTTTTGTTGAGCGGGCTGAGTCGGGGTTTCATCAGCAGGAGGAAGTGGAACCGGATCAG
NZ_CP175953.1_gap16	485989	489849	3860	TTTCAATTCCCGAAGTTTCGGTGAGCAGCTCTACCAGTTTTTGATGATCTATATGCATGACTTACCCCTTATTTTCTGCTGTAAATTCAACGGTGTCTTTTGGGGGGATCATCACATTGGTACCATCGGCCTGTTTTTCTTGTTTTTGATTGTGATGAACGGCTTTAAATGTACCCAAGCCTTTTATTTCTACGGAATTCTTCATGATTATTTGATCACGAATCACAATTCCCAACGCTTCTAAAAACTCGTTTGTCATGTTATTAGAATTTTATGGTTAAACCTCCGAAAACCTGGAATGGTCGTTCCTGATATCCATTCCAAATTTCATATTCCTGTCCCAAAAGATTTAATAGTTTGGCATAAACGCCAAAGGTATCATTAATTTGATATTCAACTCCGGCATTAAGCAGTACGTAAGCACTTAAATCTGAGTTTGCCGCCGGCGCTTCCCGTGAGCCAATATATTCTGCCCAACCGTTAATTGTAAGTTCTTTTATCACTTTATATGAAATAGCTCCTTCTACCCCAAGCTTCTCTTCATAAGGTATAAATCCGCCCCCGCTTAACTTTGGGCTGCGAACATACACTTTCCCGTCAAACCAGAATTTCTCAGGAAGTAATTGCTGGCTGGCTCCGGCGTAGAGTTCAAAGATGTTAGCTTCTGCATAGTTAATTTCATAAAAGCCTGCGGTATTGGATGGCGGGAGTGTCTGACGCCGGTAATATGCATAATCTTTAACGTGACGGTAATTAACTCCTCCAAAAATCCGGTTGCCATCAAACAGCTGGAAATTGACTTCGCCGGTAGTCCCAAGGTGATAAGCATGACGAAGTTGATTCTGAACATTCAGGAATCGATTGTACTGGTGGTGTGATTGCTGAGTATGCATTTCAGGTTTAGCAAAGACTGTTCCTGAAATAGAAAGAGCGTTGCTAAAGTTATGTTTAATTCGGATCTCAGGAGTAAAATAGATCTTGCTGGTGGTTGGATCTGAGATATACTCAATTCCTCCTTTTCCACTGATTCTGGTACTGAAGTTCAACAATCGCTCATACTCAAAAGAAGCTTCGGCATCTACCCAGCTTTGATCGGATGATACAGGGTTGGAATAGTTTCCGGCTTCAATAGAGGCGCTAATATCAAAGGTTTCATAAAGGCGATTACCCGGCCAGTAGTAAGAAAATGTAGCATGACCAATCTGCTCATCCAAATCTCCTGAAAGGCCGGAGTTTCCGGCATCTAATGAAGTATTAAATACATTTCCTCCTAAAGCGGCTCGCCATCCGGTCAGTGTATTCCTGGACTGTTGAAGCGAAATCTGCGCAGAGCCTCCGGTATAACTTTTGTTGGATGTTTTACCAATAAAATTCTGCTGTAAATTATCGGAGAGGTTAAACAGATCATTATAATCGCTTAGCCCTCCCACATCAATGGTAAGCCTGAGATCATCCTGAACCCTGGTTATGTAACTTACATTGGCATCCAAATATCGAAAGGAGCTTACCTGATTGTCTAAGTGTCCATCTGAAGCCCGCATGTTTACATCGGCAGAAATCAGGCTTTTTTCATTCAGCTTATAAAACCCATACCCATTCAGCTCCGGCGTGATAAAACTGCCAAAACCACCTCTTATGTAAGCATTTATGCGATCCGGATTGGTGAGAACAGATCGTTGAGGGGGTGCTGGGCGGCCGAGTTGAGTGATAGAGATATCGGCTACGGCTTCTTCCCTCGTCTCCATAAAAGGCATGCGGTTGGGATCGATCTGGAAAACCCGCGGCTTTGGGTTGAAGCCCAAAATCGGCTGTCGTCTGAGGCCCGGAAAGCGTGCCTGGAATTCACTTCGAATCTCAATATCCTGAGGGTTAATTTCCGGTAAAAGGGAATTATCAGCCCCTTGTTGTCCGCCCTGTGCAAAGGCGAAAATCGGGCAAAAAAGAATAAATAGGGTAAATAATAGCGGTCTTGATCTCATCATGGAACTGCGTTTCCTGAATGTACTAATTTTTATAGGAAGGATTAAGCGTTTACTAACGAAAAGATGTACCGTGAAATGTTGGTTTGTGTTCCTCATAAAACGCGAATGGAAGTCTCAAAGACTACTATTCCCTGATTGAAAACAAAATGATCTTAGCTCAGAGATTCCTCATCAAGTGTGGAATGACGGGGTTGATATCAAGACCGCTCCAGCATTCGGTTTAATGCAAGCACCGCATTTTTTGCCACGGCTTCAGGCACGGTTATTTGATTAACCACTTCTCCCTCTTCCAGCTTCTCCAGCGCCCACAGTAAATGTGGAAGATCAATGCGATTCATCGTCAGGCAGGGACACATAAACGGGTTCAGGGAAACAATCTCTTTATCCGGGTTTTCCTGTGCCAGCCGGTTCACCAGGTTCATTTCGGTGCCGATGGCCCATTTTGTACCGGGCTCAGCATTTTCAACGGTATCAATGATAAAACTGGTGGAGCCGTTGAAGTCGGAAGCCTGAACCACATCATAGGTGCATTCGGGATGAACCAGAATTTTTGTGTCAGGTTCCTGCTTGCGAAGATTTTCGATGTGCTTAATATTAAACTTCTCATGAACAGAGCAGTGCCCTTTCCAGAGAATAACTTTCACATCTTCAAAATCGCCGTCATAGATGAACTCCCCTTCAATGGGAGCCCAAATGGCCATCTGATCGAGAGGAACTCCCAGGTCGAAAGCCGTATTTCGGCCCAAATGTTGATCTGGTAAAAACAGAATGCGCTCTTTTTGGGTGAAGGCCCATTCCAGCATTTTTTTGGCGTTAGAGGAGGTCACCGTGGCTCCGCCATGTTTGCCTACAAAGCCCTTGATGGCTGCGGTAGAGTTGACGTAGGTAAGTGGCAAGATGGTATCACCCCAAATTTCCTGCATTTTCACCCAGCCCAGCTCGGTTTGATCGATATCGGCCATATCTGCCATCGAACAACCGGCGCGCATGTCAGGGAGAATTACTTTTTGATCTGGTCCGGTGAGCATATCAGCCGTTTCGGCCATAAAGTGAACGCCACAGAATGCAATAAATTCAGCATTGGGCATTTCGGCACAGATTTGAGCAAGTTTCAGGGAATCGCCCCGGGCATCCGCAAACTGTATCACTTCATCCTTTTGGTAATGATGACCCGGAATAAACAGCCGTTCGCCGAATTTGGCTTTTATTTCCAGGATACGAGCTTCCATTTCTTCCTGGGAAAGCTCACTGTATCGCTTGGGAAGGGATACTTCGGATTCAATCTCTAAAACATCTAAAACTTCCATAAAACTCACATTCGCTGCGATGTCACAAAACCCGAAGGCATGATAAAGTCGAGCTGATTTAATTCAAGTTATTGAACAACCACAAAGTTAAGAAAAAATTCAATGAATTCGCGTTTTCGCCAAGCCACTCACTCGAGGTTAAAACTGATATCCAGGGCCTTAACAGAATGTGTCAGCCAGCCCAGAGAAATTACATCTGCACCACAATCTTTATAACCGGCGATGTTCTCCGGGTTGATGCCGCCGGAGACTTCAACAACAATCTCGTCAGGGATTAATTGCATCAGTTCTTTTACTTCTTCCGGAGAGCGGTTGTCGAGCATGATAACATCTGCTTTTGCTTTTACTGCCTCCAGCACCTGCTTTTTATTTTCCGTTTCTACTTCAATTTTAACCATATGTCCAATCTGGGCTCGTACCAGCTCAACCGCACTTTTTATGTTACCCGCAGCTTTAATGTGATTGTCTTTGATCATGACCCCGTCATCCAGCCTGAAGCGGTGATTTTTGCCCCCGCCGCAGCGTACGGCATACTTCTGCAATGAGCGCAGGCCCGGCAATGTTTTTCGGG
NZ_CP175953.1_gap17	495173	498672	3499	ACGGTGTGGAAAGGGTGGAAACTTCATCAGGGATGGAAATGCCTGCTCGTTCATCTATGGGGGAGCGTAATTCAAGAGTCATAAAAACCAATCATTTTTTGTGGTGAATACGCTTAATCACCGCTCGTGTTACAGGTTCTTTCTATGCCTTAGTAACTTTTCCAAAGTTATTAAGGAAAAGTAGTTGGCGTTGCTTCCTGTTAACTTTGGAAAAGTTAATTAGGGTTCCACTACCGACTACTTCTGAAGCACGATTGAGATTTGCGCACCCTTATCAACACTTAACATCTGTCCGGCATTTCCTTTATTGATACCAATTTCGAGCATCCCCGAACTGCCTATAAATGCGGCAGGTTCTCCTTCTTCAACATCTCCAAAAGTAGATACGATCTTTTTGAGCATGGTATTACCCACATAAATTTTCACGTCTTTCTTTTTAATGTGTTCTTCAAAAAGTTGCTCAGAAATATTGGTAATCAGGTTGCCAAAACGGTCGATGTGAACAACCCAGCCCTGAAGGCCATCCTTATCAGCGATGGGAACGGCCCAATGATAAGTAACCAGCTCTTCTATCGGCTCCCCGATTTCGTCAAAGGAAACGCCGTTGCTGAGGTGAGCAGTAACCGGGGCAAAAACATCCCGTCCATGAAAGGTTTTGGATAAGCCTTCCTGCCGCCAATAATCTTTGTTGTTAATCTTTACGGCTTCGTATTCAAATTCATCAAAGAATAGAGAAAAGATGCCGTTATCGGGCCCCACAAAATATTGATCACCCACTTTTAATGCGATGGGATGGCGGGGAGTGCCTACACCGGGATCTACAACAACAAGGTGAACCGTGCCGGGCGGGAAAAGAAAGGCTGCATTACGAACAACCCATGCTCCGGCCATTATATCCTGCGGGGGAATGTCATGAGAGATGTCGATGAGTCGGGCATCGGGAGCAATTCCAAGGATGACCGCCTTCATAGCGCTCACATAATGGTCTTGCAGACCAAAATCAGATGTGAGAGTAATTATTTGACTCATCAGGCATAGCTGTTGAGCATCACCGGCATAACCAGCATTAGAATATCTTCGTTTTCATTCTCTTCCGAAGGCTTTACAATACCGGCGCGATTAGGTGAAGAAAATTCAAAAGTTACCTCTTCATCATCGATGTTGCTGAGAACATCACCCAGGTATTTTGCATTAAAGCCGATTTCCATCTCCTCGTTGGAATACTCGCATTCGATGGTTTCTTTCGCCTCGCTGCTCATATCAAGGTCTTCGGCGCGAATGGTGAGTTTGTCGGAGCCCAGCTGTAAACGGATTTGTCGGGTAGTTGTGCTTGAGAAGATAGCCACCCTTTTTACGGTAGAAAGCATCTGCTCTTTGCTGATGGTCAGGAATTTGTCGTTATCGCGCGGGATAACGGAATCATAATTTGGATACTGCTCATTAATCAGTCGGGTAATAACGATGGTGCCACCGCTTTTAAATCGGGCATGATCTTCGGTTACGGTCAGGTCGCACTCATCACCGTCAATGGTTTTCTGTATGAGGCTCAATGCTTTATCAGGAACAATGAAATTCACGTCATTGTCGGCAGTAATTTCTTTGTTGGTGTATTTAACCAGGCGGTGCCCGTCGGTGGCTACAAATTTGCTTTCATCGGTTCCGATCTGAAAATATACACCCATCATGGCCGGGCGAAGGTCGTCACTGGAAACAGCAAATAATGTTTTATGGATGGCATTATTCATCAACTCCGTGGTGGTATTGATGCTGGTTCCCTCATCAAGGTTGGGCACTTCCGGGAACTCATCCGCATCATCACCTACCAGCTTATAGGTACCTTTATCGGTGCGGAAGTTGATGTTTTTTCGGTCGTCCACATCAAAGAAAACCGGGATGTTGGGCAGCTGACGTAAGGTTTCGAGCAACCTGCGTGCCGGGATGGCAACCGCTCCGTCTTCTTCTATATCTGCATCGATGTACTCGATGATTGAAATCTCGAGGTCGGTAGCGGTGAGTTTGAGTTTTCCATCTTCGCTTTCAAAAAGGATGGTTTCCAAAATAGGAAGCGTAGCTTTTGAAGGCACGGCTCCAATCACGGCCGAAAGCCCTTTATTGAGTTCGTTGCTCGATACAGAAAATTTCATAAATGCATTATTTAAATGGGTTAAAAGGCAATTTTCAACCAACAGTTGCCCTTTCAGTGGAGTGTGCTTATACTAAGAAATACTGGCTCTCTCTGCAACCGCAGAAAGCGCAATTTTCATCCCAAATAAGTCACAGAATATATCGTTTAAAGCGCTACAGTAACTCTTAATATATCGCTGTTTTTTTGATGAACCGATCCTTCCCCGCGCTTTTACTTTTTGTGATGATTCCTGCCCTCACCTTTGCACAAGCTACACAAGCGAAGTATGGAAATGATTTCCTTACAACAGGAAGCGGATCCCGCGCCCTTGGAATGGGGAGCGCTCATGCAGCTCTAACCGCCGATGTGACCTCTGCATACTGGAATGTAGCAGGATTGGCAGAAGTCGAAACTCCGCAAATCATGTATATGCACTCCGAGCGATTTAGCGGTATTGTGGGGTATGACTATGGTGCAGCTGCTCTTCCGCTGAAGTCAAACAACGGGGTGGTTTCAATCAGTTTTTTCCGTCAGGGAGTGGATAACATTGCCAACACGCTGAATGCCTGGGACCGTGAACGGGATCAGCCCAAGCAGGATGTGGAATCTTATATTACCCGGTTCAGCGCGGCCGATATGGCACTTCTTTTTTCGTTTGCTACACAGAAAAGCGAGAAGTTGTCTTATGGTGCTTCAGCTAAAATCATCAATCAGAAACTAGGCCCCTTTGCTGAAGCGTGGGGATACAGCCTGGACATTGGCGCAAAGTACCGTGCCGATTTTGCCAGTTTTGGGGTCACGGTTCACGACATTACCACCATGCAGAAGATGTGGGATGTGAACGAGTCAGCCTTTGGTGATTATGAAGCTCAATTCGACAGTCTCGGAGCCTCTCTTCCAACCGGACAAAACGAGTTCGTGCTTCCGTCAGTGAAATTGGGTGTAGCAAAATTATTCCCAATCGGGGCTGATTTTTTGGTTTCGGCAGCAGCAGATGTGGACTTGCTTTTTGAAAACAGGCAGGCTTATTACCTCAACCTGGGCAGAATGAGTATTGAACCACATGTGGGCAGTGAAGTTTCATATAAAGATGTAATTGCCTTTCGTGCGGGCGTTACCGACTTCATCACGGATCCGGTTTCAGGTTTTTCCGTTTCTCCTACTCTCGGGCTTGGCCTTAAGCTTTCCTCCTTTGTGCTTGACTACGGCTTTAGCAGTTTTGCCGGCGCTTCCAGCGATTTAGGCTTCACCCATCGCATTTCTCTGCGGTTTGATATTTGATGTTTTTTGAATAACTGAACAGGTAATCATCAATTTACATCAGTCCATTTTTTTAGAACCTGGAATGTTTGCTCAACGGTTACTGGCTTAGTT
NZ_CP175953.1_gap18	515558	519727	4169	GAAGGGATCGCCGTGGGACCCATCTGATATTGATGCAATAATTTCTTTTGTAAGCGTTGAACCCATTGGTGTTTTTGAATTCGAAAAGGGCGCTAAAGATACTAAAACTTTAACAAATGTCTGTCTTCATTTAAAGTGCTTTCAATTGCTTGATTCTATATTTTGTGTCTATGAAGAATTCCGGATTTATTGCAAGGCGGTACCTGTTTTCCCGAAAACATATTTCGCTGATTTCCACCCTTACCTTTATCAGTATCACCGGCATTACCATTGGCACGGCTCTTTTAATTGTGGTTTTGTCGGTTTTCAATGGGTTTTTTGATGTGATCAAAAACTTCCTGCTCTCCTACGATCCGGATGTAAGAATAGAAGCTTCAGGGGCGGCTACCTTCGCACAAAATCAGGAGATGATGGAGCAAATAAAGGCACTTCCTGAGGTGCGGGTACTCTCTCCTTATGTTGAAGGAAAGGCGCTGCTGGCATTGGAGGGGGTTCAAAATGAAGTGGTGGATGTGAAAGGCGTGGAGCGGGACCTTTTCTTTCAGCTGGTGGATATAGAAGAAAGCATTACAACCGGTGTTTTTGATATTTCTGTTCGGGATCGCACCCCGGGCATTATCGTGCATGAAGAACTTAAAAACCGGCTGCGGCTGAATATCGGGGAAGATATTGCCCTGCTGAGTGCCGCCGGGATGAAGAATGCACTCACGCAAATCACGGTTCCGCAAACGTATCGTTTTGACCTTCGCGGGGCGTACTTTTTACAGCAAGTAGCGGGCGGACCAAAAGTGTTCGTAGATATTGAAGCAGCAAAGCGATTATTCCGCGCCCGTAACGAGATTACCGGCATCGATATTAAACTTCATAGCAATGAGAAAGCCGAGGGTGTTAAGAAAGAACTTCAGGCTATGCTGGGGGATGATTTTGAGATTTCAACCTGGTACGATCTTCAAAAACCGCTGTATGATGTAATGTACCTGGAGAAGTGGGGCTCCTTTGTAATCTTGATTCTTATTGTGATTGTGGCCGTGCTGAATATCATCGGCTCCCTTACCATGATTGTGATTCAAAAACAGCGGGATATCGGCATCCTTATGTCGATGGGATACAGCAAAGCAGGCATCAAATCAATTTTCAGAAAACAGGGATTATACATCGGACTAATTGGCTGTGGAATTGGTGGGGCGCTGGGCTTGCTGCTGAGCTGGCTGCAAATGAATTATGGATTGGTGAAGCTTTCCTCTGCATTTATCATTGATGCTTATCCCGTGCAGGTCAGTCCTTTGGACGTGATTATTATTTTAGTTGCCAGTTTGTTGCTGTGCATTTTGGCGAGCTGGTATCCGGCGCACCGGGCGTCGCAGGTTCAGCCCGCGGATGCGGTTAGGTATGAGTGATGTGGTGATGAAGTGATATGGTGATCTTAGTGATTCCTTTAACATCGCCATTGTCAGTGCTTTTTGGATGCGCTATACTTTACTCGGTACTATAAAGAAAAAAGGAAGCCCTTTTAGGCGGCTACCGGTAAATGGGCAAAAGAGTCACCTCATCACCTCATCACCATATCACTTTATCACTCATTATACACATCAGGGAGGTCGTTTTCGTAGAGGATGATATCACCGGAGCGGGCATGTTTTTGGACGAGTTCGTTCGCCTCAAACAGGGTGTTTACCACGCGGACATTCATGGCGTTGCTGTCAAAGTTTTTGATACCTTCCAGAATGGGTTTGGCTCTTTCTTCCCCCACCAAAACAACCAAATCCAGGTTAGCCTTACCAATGGTTTCTCCGAACTTCCTGTTTTCCTCTTCTTCAATCTCACCCAGTTCCACCATTCCCGGCGTGATGATAATGCGCTGGCCGGAATTAAACTGACTCAGGATTTCCACCGCATTTTTTGCCCCAACCGGATTTGAATTAAAAGCATCATCAATCACATAAAGGTCGCCCTGTTTTTTGAGCTCAAGGCGATGTTCTACGGGTTCAATCTTTGCTGCTGCCAGGGCCATGGTTTTCAGGCGCAGGCCAAAGTGATGCGCCACTCCTACAGCCAATAATAAGTTTTGAGCATTGTGGGCACCCAGCAGTTGGGTTTGAAAGCGCTCGGTCTCTCCATCTATTTCAACATCAAATTCCATTCCTGAGGTGTCGTACGAAATATTGGAGCCACGAATTTTACCGCTGTTCAATCCGGCTAAAATACGAGTGATTTCAGCCCGCCCGGCCCCCATTTTGGAAACACGAGGGTCGTCGGCGTTCAGAATGGCGGTATCGCCTTCAATCAGATTATCCACCAGTGTTCCTTTTTCGCTGGCAATAACATCCTGAGAGCCAAAAGTTTCTAAGTGGGCAACACCGACATTGGTGACTACAGAAATATCAGGCTTGGCAATATCACACAGCTCCTGAATATTCCCTTCGTACCGCGCCCCCATTTCAAGTATAAGTATCTGGTGATGCGATTGAAGGTCGTTATTAATGACTTTGCAAATTCCCATCGGGGTGTTGTAGCTGCCGGGTGTTGAGCAGACGTTGAAGCGCTCTTTCAGTAAATCCCGAATCATGAACTTGGTGCTGGTTTTTCCATAGCTCCCGGTGATGGCAATCACTTTTAGATCGGGCATGGAAGCCAGTTTACGGCGGGCCTGTTTTTTGAAGCCGTTTTGAATAAAAAGCTCGATGGGTTTGGTAAGCAGTCCGGCCATGAAAATAAAAAAGGGAACGATCATAGCGCCAAAAGCCCAGCCGAATACGAGGATGGTCAGGTCAAAACGCTGAAGACCGGAAAAATAATTGGGCAGCTGAATGTCCAGAAAAGGAAGCATTCCTGTAAAACCCAGGTAGGTGAAAAGCACCGGGAAAAAACTGCAAAAAAGCACGTATGGAATCATCAGCCGGATAACTCTTGGGGTAAACACCAGGGGCTTCTTCACCTTTTCGGGCTTGTAGTTAGAAACCGACCCAAACCAAAAATAGCTGACCACAAAAAAGAAAACAGCTAGCGAAGAGTGGGTGAACGTGTCGAGAAACCATCCATCAAACCAGATAAAAATAAAGATGATTACATTGAGAACGGCGATGTTTGCCGGGATCACTTTTTCGTCCCAATGACTTTTCAGCCACTGCCAGAACTCGTTGTTTTTATATCCCACCTGTTGATAAGTGTGCAGGAAAAAGCGCATCCGATACCAGGTATATCGCAAAAAAATGAGGCAAAACAGAACAGCGCCGGCATCAAGAAGTGTATAGTACCAGTTCAATATGTTTGGTTTTAGTTAGTTATGCAGATGATATGATATTCAGGGGCGTTAATAAGAGGTTATCATCAAAACAGAAAGTCGAAATTGGTCGATAACCCCCCTATATTCACCGCCACTAAATTAAATTGTTTCAAGTAACGCAGCCAAATATATGAAATTAATTATCCCAATGGCCGGACGTGGAACTCGTGTTCGTCCTCATTCTCATACTGTGCCCAAGCCCCTTCTGCCTGTTGCGGGAACCATGATTATAGAACGCATTATAGAGACGTTTAATCGTACCCTGGATCGTGATATCACCGAGATTGTGTTTATTCTGGGGCCTGATTTTGGGGAAGATATTAAGCAGCCGCTCCGCGAAATGAGTGCCCGCCACAAAGCGAAGCCCATTTTTGAAGTACAGGCCGAGGCTTTAGGAACCGCCCATGCCGTTGCCTGTGCAAGCGATCACCTGGATGGTGAGGTTATCATCGCCTTTGCAGATACGATTTTTGACAGCGAAGAACCCTTTGAGTTGGGTGATGCCGACAGTGTGATCTGGCTTAAGAAAGTTGAAGATCCATCCCGTTTCGGTGTAGCCGTGTATGAAGGGGATACCATCACCGGTTTTGTGGAGAAGCCGAAAGAGTTTATCTCAGATTTAGCCATTATCGGGGTGTATTATTTTAAGAGCGGTAAAGCCCTGAAAGAGAAAATCGATAAGGTTATCGGCGATGATATGCGCGGCCCGGGCGGTGAGTATTTCCTGACCGCTGCCCTTGATATGATGATTAAAGAAGGCAAAGTATTTAAAACAGCCACGGTTGATGAATGGCTGGATTGCGGAACACTGCCGGCCTGGCTGGAAACTACAGGCATCATCACCGAAAAAGAATTTGACGGTGTTGATGAAAGCAAGTATCCCGGA
NZ_CP175953.1_gap19	524139	528974	4835	TTACTACAATACTTCAAATGCCTTTTTTGGAGCGACTTATGAAGAAGTAAGCGGCGGGTTCAATCAGCCCTCAAGAAGATTGACAGAGTCTGTCTCTTATCGCCATGAATTCGGACACTTGTTTGGACTGGTAAATATTCCCGGATCAGGAACTGAAATGCAGACCAACCATCAGGATACGGAGCACGGACGTCACTGTGATAACGACAGCTGCCTGATGTATTATGCCATGGAAAATGCAGGTGTATTCGGTCAGTTTTTAGGAGAACAAATTCCTCCGCTTGATGAAAACTGCATTGCCGACTTACAAGCTAACGGTGGCAAGTAAGTTGTAGAGAACATCGAACAAGGAACATCCAACTTCTAACATGATAAGTTGGGTGTTCGGCGTTCGAAGTTCTTAGCCTTGTTTGAATTTGTAGAGGTTTTCGGCTCCTGCTTTTTCTTCGCCTTGCGAAAGGGCGTATTGGGAATCGAAAAGCACGATGGGATTTTCTTCCATGTCTTTGGTGACGTGGGTGGAATAGCTGGCTTCCAGTTTTTCAATCACATCATCCCGGTCGTTGGGCAACCAGCGGGCACAATGATAGGATACCGGGGTTTTGATGAGCTCAACCCCATATTCAGTCAGCATGCGGTGTTCTACCACTTCAAATTGAAGTACACCCACTGTTCCCAGCAGCAGCTCATTTCCTACTCCGTTTGGCACTTCAAAGACGTGAACCACCCCTTCTTCAGAAAGCTGTTTCAGACCTTCTCTAAGCTGCTTTCGCTTGAAGGGGTCTTTGGTGGCTACTTTTTGAAAATGCTCGGGGGTGAAAAGGGGGATTACATCAAACTTAACTTCATTCTTCTCAAAAATGGTGGTTCCGATACGGAATGAACCGGGATTGAAAATAGAGACAATATCACCGGGATAAGCATCTTCCAGCAGCTGGCGGTCATCACCCATCAAAGTATGGGGGGTCGACATCTTCACTTTCTTGCCGTTTCCGGCGATGGTTACCTGCTGTCCGCGCTCAAATCTACCGGAAGCCACACGGATAAAAGCGGCACAGTCGCGGTGATCTGGATTCATGTTGGCTTGCATCTTAAAGATGAAGCCGGAGAAGCCGTCGTTTAAATCACGGGCCACACCGTCGGGTGTTTTGTATTGCTGTGGGTGCGGGGCAAGCTGATGGAAGTAGTTAAGAAACACATCCAGCCCGAAGTTGTGCAGGGCCGATCCAAAAAATACCGGCGTTACTTTACCGGTTGCATATGCTTCCCGATCCATGTTTTCATACATGTCGTCAATCAGCATCACCTCTTCTTCGAAGGCTTCCTTTTCCACGCTCGACATGGACGAAGCTTCAATAGCATCTTCCAGATCAAGAACTTCCGTGACGGCCTTTTTGGCTCCGTGTTCCGTCTTTTGATACATGTGTACTTTCTTCTCAATCACATCATAGATGCCCTGGAATTTCTGTCCGTAGCCCATAGGCCAGCTGGCGGGCACGGCTTCAATCCCCAGCTTATTCTCGATGTTACTGAGAATTTCCAATGGCTCCATCCCGGGGCGGTCACATTTATTCACAAAGGTGATGACCGGCACTTCACGGAGCTTACATACTTCAAATAATTTCTCGGTTTGCTCCTCCACGCCTTTGGCTACGTCAATCACCATCAGGCCGGAGTCGGCAGCTACTAAAGTTCGGAGCGTATCTTCAGAAAAGTCTTTGTGACCCGGTGTATCCAGCAGGTTGTACTTGATCCCTTCTTTCTCAAACCGAAGTACGGATGATGTCACTGAGATACCACGCTCTTGCTCTATCGACATCCAGTCGGAGGCGGCGTGCCGGGTAGCTTTTCTCGCGCGGATAGATCCAGCCTCGTGCAGCGCTCCGCCATACAGCAACAGCTTTTCCGTGAGGGTGGTTTTACCAGCATCCGGGTGAGATATAATGGCGAAGGTTCGTCGCTTTTTCGCCTCTTTGATGATGTTTGATTCGGCTGTGGCCGTGCTCATAGTACTTTTTGACTGCTTGATTAAGCTTTAAAGATACGGCCTTTTGCTTGAAGTTTGTAGTGAATGATTTTCGGAATAAGTGATATGGTGAAATGGTGATGTTGTGATGTGGTGGAGGGGATGATAAGTATGCCCGTGATTGAGACTGATTGAACCTCGTGCCGGACGCTCTGCGTCGGCACGAAGACTTACCGGGCAGGATTTGCTTTCCTTTTCCAACGGGTGGCTGGGAAAGTGGTGAAAATTTTAAACCTGTAATACAAGTTCAATATAGGGTCAATCAATTCAGATAATCACTCAAATCAAGAGTAATAGTTTTACCAAAAGTTCTTCCTTCTGCTATTATTTCTATGTAGCCGTGATACAGGCTTTGCAGCGTATCATTTTCAGGTACAAAGTAAAATTCGTTTCTAGGTCCGAGATGAGTTATCAGATCATAGATATATTTGTTTTGTTTACGAAGAACTGTTAGATCCAAAGTAGGGGTAAGCGTGACCCAAGAGCTAAAGTTTGTGTAGTTCATATTTTCCACCAATGGTGAATAATGGGTCAGCAATCTAACCCGGGGGAATTCAGGGTCAACATCTAAGATTTCAAGACGTTCAATTCTTCCGGTTTTAGGAAAAACGGCTCTTTGTCGGCCACGCTCAACCGGCTCTTCAACTACATGTATATTAAAAGGAAGAAAAACGGTGTGAAGGTCATTTGAGTCATTTCTTCTAATATCAGCACTGCCAACAATAGCCCCTTCAAATTGTCCTGTTTTTTTCCCGATTATAAAGACATAGTCTTCCTGTCGATGAAATTCGACATTCTGAGAATTGGTAATAAAAGTTTCTAAATAGGGCTCTGTTCTGCGGTTTCCTTCACAATCATAGTCGTATTCCCAATAGGGATCGGTGTTAAAGAATACCGTATCTCCCAAAGTAACATATTGATCGGGTATTGGAGAAGTAGAGACGGAACCTATATCCGGGCTCAAAAAAGGAAATCCGCATTCTATACCCTCTACTATAAAACACCCCGGAAGAAAAAGCACAATCAGCAGTAAATAGACAGCTCTCAACATCTTTTACCTCTCTGTTTTTTTCAGAATGTAATTAAAATGAGGTAAATAAGGAACTTAGACCGTAATTATCTCAGCTCCCAAACGCCGGTTGTTTTTCCTGGCACTTCGAAATCTCCGGAAACGTCTATTTTTTCTCCTGAAACCACATTTACCCCATGTTCAAAACCATTTAGAATTTCGGCAAAACGAGTGCTGTTTAAAGTATAAGACCCTTCATTGGCATTCATGACCACCATCACGGTTTGCTTTTCGTGAACCCGAAAATAGACATAGGTATTATTTTCTGGCACAAAGTGAACCAGCCGCCCTTCATGAATTGCTGCAGCATTTTTGCGCCAAGTGGTTAGTTCACTGATCCAATCCAGGATCTCGTTCTCCTTGTCGGTGCGACCTTTTTCGGTAAATACGCTGCGGTCGTCATCAGGCCAGCCGCCGGGCATGGTTTGTCGCCAGGCCTCATCATCACCACCCCGGTTTTCGTGCCCCATCATCAGTTCTGTGCCATAGTAAACCTGTGGAATTCCACGTGTGGTCATCAAAAAAGCATAGGCCATTTTGAAGTAGTCTTCGTCTTTGCCCACCGTTTCGTAGATGCGGCCCATATCGTGGTTATCCAGGAAGTTTACGTTCAGCATGGGGTCGGCATACACAAAATCCTGAGACAGCACGTAATACAATTTGCTTAGTCCGTTCAGCCAGCCAAAGTCTTCATTAAAGGCCTGACGGATAGCATTGGCAATTTGGAAATCGGTTACGCTGGGAAGGTTTGAATCATAGCCATCATCAACTCCGGGCTTATCGTATTGCCAGTAGGCTTCAGCAGGAACGGTGTTCACCCATGATTCTCCCACAATGTTAAAATTGGGATAGGCTTCCAGCACTTCTTTCGCCCAGCGCGCCATATACTGCTGGTCGGGATACACGTAGGTATCCATGCGGATGCCATCGATTCCGGAGTACTCAATCCACCAGATGGTGTTTTGAATCAGGTAATCAGCAAGCAACTCATTCTTCTGATTCAGGTCGGGCATTTCCTTCACAAACCATCCATTCATCAGTTTGTCGGAGTCGTATTCCGAGGCATAAGGGTCGGAGGCCACGGCTCCCCGAAAATTCGTGGTTCCATATTCTTCGATATCATGTACCCAGTCGGAAGTCGGCAAATCATCCATCCACCAGTGCCGGTCGCCGATGTGATTATGAATCATATCCATGATCACTTTCATGTCTTTTTGGTGAGCTTCTTCCACCAGCTTTTTATACTCCTCGTTGCTTCCATAACGGCGGTCAACCCGGTACAAGTCGGTGGCGGCATAACCGTGATAAGCCCCATAATCAGCGCTCATATCATTTTCGATAATCGGCGTGAACCAAATGGCGGTCATTCCTAGATCTTTGATGTAATCCAGATGATCCATCACCCCCTGAATATCCCCGCCCTGTCTCCGTTCGGGGTTAGATCGGTCGGCTGCTTCCAGCATTCCTTCTACGCTGTCGTTGGATGGGTCTCCATTGGCAAAACGGTCGGGCATCATCAGGTAAATTACATCGGAGGCATCAAAGCCCTGATGGCGACCTTCCTGAAATTCCCGGGTTTTTAGCTCGTAATTCAAGGTGATGCTTTTTCCACCCCGGGTTAAAGTGATGGGCATGGTTCCGGCTCTGGCATCCTTCGAAATATCAAAATAGAGGAACAGGTAATTGGGAGAATCAACAGCATACTGAGCGGTAATTTCCACGCCGGGATATTCAACGGAT
NZ_CP175953.1_gap20	557203	559553	2350	TTGACGAAAACTTTATCAACCGTGAGGTTTTTGATTTAAAGGAAATTATTGACGAAGTGATGATGGTGTATGAGCCGATTGCACAGGAAAAAGGACTTCAGCTAAAAGCAGCTAACCTGCAGTCATTTATGGTAAATGCCGACCCAAATAAAATGGAGCAGGTGGTAGATAACCTGATTTCGAATGCCATCAAATACACCCAGGAAGGCGAGGTGGAAGTGGGACTGAAGCAAATGGATGAGCGGGTAGAAGTGTACGTAAAAGATACCGGACCCGGAATTGGCAAGGAGCACCTGGATCGTTTATTCGATCGCTTTTATCGCACGGATAAGGCGCGGTCAAGGGATAAAGGCGGGACAGGTTTAGGCTTATCGGTTGTTAAGGGAATCCTCAATGCACATCAAAGTGATATCAAGGTAGAGAGTGAAGAAGGAGTTGGAAGCCGGTTCTATTTCAGAATTCCGATCTATGAAAATAGCTGAACGCAAAAGCAGCCAATGCTCCGCCGGTTAATGGAGCCAGTGTATAAAGCAGAGAGTGAATAATAGAATTTCCTCCATTGATAAGATCGAAGCTGGCTGTGCCTATGGAGGTTGCCGGATTTAAAATACCGCCTGAAACGGGGGTAGCCACCATCAGCATTCCGCCAAAAGTAAGTCCAACAGCTAAACCGGATAGGGAGTTTTTACGGAAGCTTTTAGTGAATGTGAGGGTAAGCATCACCAGTACAAAAATGAAGGTGAATACAACTTCGGCAAATACCTGTTGATATAAATTAGTAGTTGACGGAGGTTCAATGTAAAAAACAGAAGTGGAGAGAAAGAAAATAGCTGCTGCTGCCAGAAATGCTCCGAAAAGCTGTGCGATCAGGTAGCCTGCCAATTCAGCTCCGGAAAGCCTTCTTTTCAAAAAAAATGCGAGGGAAACGGCAGGGTTATAGTGAGCTCCCGAAACGCGGGAACCAATATAAACCAAAGCCATTAAGGTTAAGCCGATAGCGAGCGGATCTCCTGTAAAGCCAAAAACCAATACAAGAAAAAAGGCACCAATCGCCTCCATTACATATGAATGCATACCCTGATTGTAAGTCTTCAAATAAACTCCGAGTGTCCTTCCTTTCAGCTGAAACTACCTGCCGGAAGAAGGAATTGCAAGAAAGCACATTAGTATTTTTGTAAAAATTTCCTACAAATAAATCTAACTATTTAACTTCATATAGGTTTAGAAAAAGGATATTTTTTGACAAATAAAACTTTTGTGATGAAAATACTTCAACAATTAAAATCCCGGTGGGGAATAACCAGCAACTGGCAAGTGCTGGTGATACTCATCGTTTTTGCTTGCACCGGCTTTACGGCACTTTACGCCAGACGTTTCGTTTTTAACCTGATAGGGATTATCGACACGGATCCGTTCTGGCTTAAGGCGGTTGTTTGGCTGGTAACTATCCTTCCGCTGTACAATATTTTCCTGCTGATCTATGGAGCCTTGTTTGGCCAATTTGAATTTTTCTGGGCTTTCTTTAAGAAGATGATGAGCCGCATGGTGCCAGGTAAATCGGGCTCAGGGGGATAGAGCTTCACGATCTTTTTTGGGAAGCCTGGCTACTACTAAGTCATAAGAATGTTTAATCAGCTCAAACAGTAGCTCATCTCCTAAAGCACCGGTAGTACTCACCGTGTTCCAGTGCTTTTTGTTCATATGATAACCGGGCTTAACCTCTTTATAGGATGCTCGAAGTTCGAGTGCTCTCACCGGGTCACACTTAAGGTTAATGCTTTCAAAGCTCTCAATGTCGGTAAGGGCAAACATCTTGCCCATGACTTTAAAAACCAGGGTTTGTTCTCCGAAAGGAAAGTCCTCGGAAACCCCGGGCAATGACAGGCAATAATCGTAGAAAGCCTCAATATGCATATCGGATTATCTAAGTGAAGGTTTTCGGCATTCCAAAAACTAAAACAAATCGATAGTCTCTGAATCTCCATTACCCTGACAGTCGGTCCACATAAACCAGGCCGTTTCAGCGTCTTTATTAAAACCGAGTATTTGCTCATAAGGGAGGGTGAGTGTGCTTCCAACTGGCAAGTTGGGCTGGAAGTTTTCGCATGGATCAGCTAAATCAACAAAAGCTAAAGTGTTGGATTCAATCAGAAAATAAAAAATGGGTTTCTCCGTGCCATTATAAATTTCTATAACCGGAGGGTTTGTGGTGGCAGAGACAAAACCGGGGGTTTCAGAATCGCATCCAAAAAGAAATAAAGAAACCAATAAGAACGGTAAGAAAGTCTTCATGAGTATAACGGTTAGTGAACTCCTGAAGCAAATATTATGGATTTATTTCATTGAAAAC
NZ_CP175953.1_gap21	561759	566322	4563	CTTTTTCAGGAATGTCTTTGGCTGGGAGTTCACGGATTATGGCCCGGAGTACTGTGATTTTTCGAACGAGGGGATTAACGGAGGGTTTTATAAGTCGGAAATGAAATCAACAACGGAAACCGGTGCAGCCCTGGTTATTTTTTATAGCGAAGATTTGGAAGCCACATTGGAAAAAGTCAAAAATGCAGGGGCAGAAATTGTAAAAGACACCTTTCCCTTTCCCGGCGGCCGGCGCTTTCATTTTACCGAACCCAGTGGCAACGAGTTCGCGGTGTGGTCAGATAAATAGGATTAATGACCTCGCACCAAATCTCAATGACCAATATCCTTGAGCTTGGAATTTGGTGCTTGGTACTTGAGGTTTTAAATTTACCTTGATGCTATGGAAAAAATGACGCTGCATATAAAAAACATGGTTTGCGACCGCTGCGAGATGGTCATAGAAACCGCGCTTACGGCACTGGGGCTTAAAGTAGATCATGTTCAGCTTGGAAAGGCTGAAGTAACCCGTCAGGGCGATCATCCCACCCTTAAAGAGATTGAAAAAGAACTGGAGCGCTTCAACTTTGGCCTGATTAAGGATGAAGATTCCATTTTAGTGGAAAAGGTGAAAACAACACTGATTCAATGGGTAGATTCGGGAGAGCTGAAAACGGATGAGACTTCATTATCAGACTACCTGGCTAAGAAACTCACCAAAAGCTATGCAAGCATATCCCGCGTTTTTTCCCGGAAAGAAGAAATTACGATCGAAAAATATTTTATCCGCCTGAAGATTGAAAAGGCCAAAGAACTGGTGGAGTATGAGAATCTCAGCTTCAGCGAAATTGCGTATCAGTTAGGATATAAGAACCTTCAACACTTATCGCGACAGTTTAAAGAAATAACCGGGATGAGCATGAGTGAATACCAAAAACTGCAAAACCCGGAGCGCAAATTGCTTGATAAAATTTAGAACTACCATGAATGGGTTAAAACTGAAAATCCCCCCGGCTCTTCTGTTCCTGCTGTGTGTGGTATTGATGTGGTTGACAGATCGCTGGCTTACTCTTGAGCCATTAGTTCTAAAAACTCCGGAATGGGTGTATGGCTTGCTCATTTCTTCAGGTGGTCTGGTAGTTCTTTTGGGGGTGATTGAGTTTAGTAAAAAATCAACCACCGTAAACCCGCATAAACCACAGGATACTTCTGCATTTGTGAAGTCAGGGATCTATCGCCTTACAAGAAACCCGATGTATCTGGGGATGGTTCTTATTCTTTGTGCGGCTGTGTTTAAATTAGGGAATTTACTTACAGTGCTGTTCATTCCATGCTTCATCTGGTATATGAACGAGTTTCAGATAAAGTCTGAAGAAGAGGTAATGGAGCAAAAGTTTGGGGATGAGTTTCTGGATTACAAGAAGAAAGTACGGCGCTGGGTGTGATGAAATCTGAAATTGTGCAAGCTTCATAAAATAGTGCAAGCGTCCGCTTGTAAGATGTATGATTTTAAAAATGAAGTGTGGTTTCATTCTGGTCCAAGCGGACGCTTGAACCAGATATGAATTTAAAGATGAACCAGGGCATGGTCGTTATAGCCAGATTTTAGCAGGCATCACAACAGGAAGCGGCAGCCATCTTTGGTTCCGACACCTCATCGCTTTTCCTGAACAAATCTAAAATGGAGCCCCCTTCAGAAAAAGTGTTTTGAATACGAATGGCATTGGCTATAGCAATAAGGGCCACACCCACATCAGCAAAAATGGCTTCCCACATAGAGGCCAGGCCTATGGCGGCAAGTCCCATCACCAGCACTTTAATACCCAGCGCAAACACGATATTTTGCCAGACCACCTTGTGGGTGAACCGGGAGATGTCGATAGCTTTGGCAACTTTGGAAGGCTGATCGGTTTGAATAACGATATCGGCAGTGTCAACGGTTGCATCTGATCCGATTCCTCCCATGGCAATACCTACATCAGCCAGGGTAATTACCGGCGCATCATTCACCCCGTCACCTATAAAGCCGACGGTATTCCCTTTGCCCAGAGCCTGCTCAACAAGGCTGTATTTTTCATCGGGAAGCAATCCGCCGTGGGATTCATCAAGCCCCAGCTCGTTAGCAATAAACGAAACAACATCCGGATTATCACCGGATAGCATCACCAGTCGCTGAATTCCCCTTTCCCTGAGCTCCTGAATAGCCTGTTTACTGTCCTCCTTAATTCTATCGGAAATCCGGATGGTTCCCGCATGTTCTCCGTCCACCGCTACATGGACAAAGGTATAAGGCTCAGAAAGGTTGTCTTGAGTTACCATTACTCCCCGTTCTTTCAGCAATTCTGCATTTCCGACTAAAACCTCTTTCTGTTTAATGAACCCCTTAAGTCCCTTTCCGGAAATCTCTTGTTGCTGCTCAACTTCAAACAGTTCCTGCCCGTTTTTAAATGCGAGAATGGCCTTGCCAATCGGGTGTGTGGAATGTTGTTCAAGCGAGGCGGCATAGGCAACGACCTCTGCTTCAGTTAATCCATTATGGGTGGTCACCGATTGCACTTCAAAAGTTCCTTCAGTGAGCGTTCCGGTTTTATCCATAAACAGGATATTCATTTTTCGAAGTTGGTCCAGGTAATCCGAGCCTTTCAGCAAAATACCGTTTCTGGAGGCGGCCCCGATTCCCCCGAAATAACCGAGCGGTATAGAGATTACGAGTCCACAAGGGCAAGAAACCACTAGAAAAACGAGGGCTTTATAGAACCACTCCTGAAATACATACTGTTCCACAAATAAATAAGGGACAAAGGTGACGGCAACTGCCAGCCATACAACGATAGGGGTGTACACTTTGGCGAATTTTGTCATAAAGCGCTGAGTGGGGGCTTTTCGCTGGGCGGCCTCCTGTACCATTTCAAGAATGTGGGAGAGCTTGGTGTCCTCAAATACACTGTTTACCCGGATGCGAACAAGCCTGTCCTGATTAATGGAGCCGGCCCAGACTTCTTCGCCAGAAGTTCGGTTTACAGGTTTGGATTCTCCGGTAAGGGCTGCAGTGTTAAAGGATGCCTTCTCGGTGAGCAATTCACCATCCAGCGGTACTTTTTCTCCGGGCCGCACCTGAATGATATCCCCAACTTCAACCTGACCGGGATGAACCATGATGGTTGCTCCATTCCGCTCTACCGTTGCAATATCAGGCTGCTGCTCAATCAGCTTTTGGATGGAATGGCGGGCCTTGGTAACCGCACCGTGTTGTGCATATTCTCCAATCATGTAAAAGAGCATGACCGCCACGCCTTCTGCGTATTCTCCCAAAGCAAAAGCTCCAACGGTGGCAATACCCATCAGGAAAAACTCACTGAACAGGGTTCCTTTTTTTATGGACCGATAAGCTTTCATCCAAACGGGCCCGCCTACAAACAGGTATGAAATAACAAAGAGGGATATGAATACATATTCCTGTCCGGTAAAAGTAAAAGCGTGCTGGGCAATCAGTGCGGCAATAAGGAAAACGGAGGCAATAGCAACCTCCCGGTATTTTTTTAGGAACGAGATCATAGCATATCTGTTAATTTGATCTCAAGATAGCGGTATCTGCATCGGGTGGATTGCAGTATTGTGTAATTCTTGTGCAGGATTTTGTCAGAGCTTGTCGATGGAGATGCGTTTGTTCTCCTTCACGTCCTTAAAGTGAGAGGGTGACAGTCCGGTTTCTTTCTTGAACTGTCGGGAGAAGTGCTGCTGACTGCTATATCCAAGCTCATAGGCGATTTCAGTGAGGCTTTGTTCGCCATAAACAATAAGCTCTTTGGCCCGCTCAATTTTCTGCAGGATGTAATACCGCTCAATGGATTTCCCCTCCACATTGGAAAATAACCGACTGAGCTGCTGATAATCTTTATTAATTTTTTTGGAAAGATAGGCAGATAGGTTACCCTCCAGCTCCTTGTCGGTGCGGATCAACTGAATGATAAGCTGTTTAATTTGCTCTACAATCCGGCTGCCTTTGTCGTTAATCAGCTCAAACCCGTTGTTGCGCACTACCTGAATCAGGCGTTCGTATTCATCTGCGGTAACCGGGTGTGATAAGGTCAGCTGTCCGAGTTCGATTTTCTGAATCTCAAAATCAGCAGCCAGCAGCTTTTCTTCCAGAACTTCCGCGCAGTGACTGCACACCATATTTTTTATGTGAAAATGTTTTTCATCCATATGCCCTAAAATTAGTAAAGCCGTAAGATCGTTCAAAGAAACCTGAAATATAAAGTGAGAAAACCTCGAAAGACCCACACAGCAAATCCATAATATTTCAGCTTTGGATATATTTTAGTTATTTGTAGTGAGGTGTTATAAAACCAAATCAATGAATAACGAAAAATGAAACCATGCTGATTGGAATCATATCTGACACGCACGATCATATCCCTAACTTGCAAAAAGCCATCAGGATCTTCAAAGATCGAAAGGCAGAGTTGGTTTTACATGCCGGAGACTATTGCAGTCCGTTTATGATTCCGCATTTTGAAGGGCTGAACCTGAAAGGGATTTTCGGCAATAATGATGGCGACAAATATCTTCTGATGTCGAAAT
NZ_CP175953.1_gap22	590935	594260	3325	TCTTCGCCAACATAACCGGCTTCCGTTAATACGGTGGCATCGGCGATAGTGAAGGGAACATCGATAATGCGAGCTAGGGTACGGGCCAAAAGCGTTTTACCGCTACCGGTAGGCCCAAGCAACATGATGTTAGATTTCTCAATCTGAGTATCATCAATTTCCGCTGTTTCAGCAGAAATCCTCTTGTAGTGATTGTAAACCGCTACTGAAAGTGTCTTTTTGGCAAGCTCCTGACCGATTACGTAATCATCAAGTTTGTTCTTGATCTCGACCGGCTTAAGCATAGGCTTATAGCTCTTTTCCCGTCGGCGGGCTAAAGAAGCTAAATCACTTTGGATGATGCTGGATGCATCTTCCACGCAACGGTCGCAAATATAAACACCGGGACCGGCTACCATACTGTTCACTTCCAGGCTCGAACGGCTGCAAAATGAGCAGTGTACTATGTCACTATTTTTCTCTTTATCGCTCATAACAAGCTAAATTTAATGAAAATGCCGCTTATTTGGAATCTTCAGACTTGGACAACACATTATCGACCAATCCGTAGTCTTTCGCTTCCTGAGCCGTCATCCACTTGTTACGGTCAGAATCTTCCATAACCTGCTCAACAGACTTTCCACTGTGGTCGGCAAGAATCTGGCTTAACTCCTTCTTAACACGGATAATCTCTTTGGCTTCAATCTCAATATCACTGGCCTGTCCGCGGGTTCCACCCAAAGGCTGGTGAATCATGACCCGGGAGTGTGGAAGGCAGCTTCTTTTTCCGGTAGTGCCTGCTGTCAGTAATACGGCACCCATACTTGCGGCCATACCCATACAGGTAGTGGCAACATCACACTTGATGTGCTGAATGGTGTCGTAGATTGCTAATCCCGCAGAAACAACTCCGCCCGGGCTATTTATATAAAAGTTGATGTCTTTCTCAGGATCTTCAGACTCAAGGAACAACAGCTGAGCCATGATTGAACTGGCCACGGTGTCGTTAACCGGCGAACCCAAAATCACAATCCGGTCTTTAAGCAGCCGTGAATAAATATCATAAGCACGTTCGCCACGGCTGGTGGTTTCCACAACCATTGGTACAAGGTTGTTCTGTACAGGTTGAACGGAATTTAAATTCGGGTCTTCAAATAGCGGTTGATCAGATATCATAATGTCCTGGATGATCGGTTATTTTTTCTTCTTCTTGTCGTCTTTCTTTTCCTGCTGTTCGCGGTACTTCTCTTTGCTGATTTCTTTGGTTTTCACCTTGTCTTGCAAAATATCGAACACTTTTTCTTCGCGGATGCTGCTGCGAAGTTGCTCAAGCATCTGTGGTTGCTGTGCATAATACTGCTTCAGTTGATCCACAGGCATGCCGTATTGGGCTGCCTGACCTGCGAGATGCTCGTCGATATCTTCGGGTTTTATTTCGATATCTTCAAATGTTTCTTGCAGTTTTTGGCTGATGAACGACCACTTGGCTTCACGCACGGCACGGTCTTTCATGCCGGCCTTATACTCTTCTGCATCAAAGTGATCCGGCAACTCTCCGCCTTGCTGCTGCTTCAGCTGATCCACATAGGACCCCTGAATTTGAGCCACAAATGTTTCCGGTACTTCAAAGTCATGTGCTTCAACAAGAGCATCGGCTACATCATTCTTGAATAAATCATCGGATGTTTGATCGTAATACTGTTGCATGCGGCTCTTGATGTAACTCTTGAACTCATCCAGGTTTTCCGCTTCGCCGTTGCTTTGGTCTTTGATGATGTCATCAGTAAGCTCAGCTTTGTGCATTTTCTGCACTTTCTTAAGGGTAATTTCGAGCTCATCTTCATGATCGCCATGCGGGATAGTCATCTCAACAACATCACCGGCTTTTTTACCTTTGAGCGCTTCAAGAAACTCGGAAGCATCATCTTTTCTGAGGTCGATACGCTGATCTTTGTCTTCATCGCCGTGGGTTTTAGAAACAACATCCACCAATACCTGGGTTTCTTCAGAAGCGGCTTCGTCAACATCTTCCCAGTTTCCTTCCCGCTCCAGGGTTCTCTCAACTTCTTCCTCAACCTCTTCATCGGTAACATCGTGAACCATTTTGTTCACTTCAATTTTGGAAAGATCAGCAACTTCAATTTCCGGTTTTGAACCGATTTTGAATTTCACTTCCAGCTCATCATTCTCCCAGGTAAAATCAACCATCTCCGTTTCGCCAACCGGCTCATACTCAGGTACTACTTCTTTTTCAAATACCTTTTGGATGATGTTACTGATTTCCTCTTGTTCAATCTCTTTGCCAAACCGCTTTTTAACCAGTCCCATTGGTACTTTGCCCGGACGGAATCCCGGAAGCTGAATTTGGTCTTTATATTTTTTGTATGCTTTGTCGAAATCTTCCTGAAGGTCTTCTCTTTTTGCTTTCAGGGTGACTTCTTTATCTACAGATGTGAGCTCTTCTACAGAAATATCCACGTGTTCTCCGCTTTAATTACTTTTATTCAATAAATGAACAGGATTACAATTATGATTAGGAAGGAAGTACGAGAGGGGGGACTCGAACCCCCACATCGGTTAAGATACTAGATCCTAAATCTAGCGCGTCTACCAATTCCGCCACTCTCGCAAAATTCAGAGCTTGCAAAGATAAGGTTTTCAATTTCTGAATTCAACTCTTTACCCATATAAAGTGGTCATCGAACATACTTCGTAAGCTTTTACATGTTTAGCGTAAAAAAGCATTGGATATTGGAATTTGAAATACTGAATTTTGAATCACTATGTATAAAAACCTACGTCTCCTCTACATCACTACCCCAAATAAAGAAGAAGCTCAGAAAATAGGCCGAGCTCTGGTTGAAGAAAACCTTGCGGCCTGTGCCAATATTTTTGATGGCATGAATTCCATTTACAAATGGAAGGGTAAAATTCAGGAAGAAAACGAGTGCGTGCTGATTGTTAAAACGCATTACTCACGGGTTAAAAAAGTTACCCGCCGCGTGATAGAAATGCACAGCTACGAAGTACCGGCCGTAGTATCCTTTACCATTACCGAAGATGAAGGTAACCAGGAGTACCTGGAGTGGCTGGAGGACTCATCCAAACAGCCCTTTGAGCTTTAATAATTGCTGAAAGCAATTCTATTATTTAAGCAGCGTCATTTTTTTAACACGAACCTGCCCTCCCGCTTCCAGCCGGTAAAAATAGATTCCGCTTGATAACTGACCGGCATCAAAGTCAATTTGATACGATCCGGCAGATTGCCTTTCGTTAACCAAGGTGGAAATTTTTTGCCCCACCAGGTTATAAACGGTCAGGCGGACATCTCCTGCCTCGGGAATTG
NZ_CP175953.1_gap23	595865	596424	559	ATGTTCCATCTGATACATACACTTCATCAGAATGTTCTTCGGTTACGGCTGTAAATATGAGTTTATTACCTAAGGGAGTTAGTTCTTCGATATCAGGATAATCATCATCCGGAGCCAGGTCTGTAATTTTCTTGGTTCCTTCCGCCGTACCGTCTGTTATATACAGCTCGCCTTCATCTTCCTGATTGTCGGCCACAAAGTACATGGTGTCTCCGACCATAGTCATGTATTCAATATCCGCATCACTGATGCCGGGGTTTATGTCTTTTAGCACCGTGGTTTGCGCAGATAGCTTAGCTGGTGATAACAACAGCAGGATGATGGCAGAATAAGCAGAAATTCTGAGGGCAGAACGATAAGTGATTTTGGCGGTGGTTCTCATTTCTTTATATGGTTGGTACTTTTAAGAATAGTGTACCATTACCTACGGGAGCTGAATGAAAATGAGCTCAAATACCTGTAATTCTACATGCAGTCAATATTTTGTTCTACCGGTTTCACCCCAGCGGCCTTCACCTTTTTTTGTGCAATGGGTGAAGCGATAGAGTTAATCTTTTTT
NZ_CP175953.1_gap24	605552	607075	1523	TCAACGGTGAATTTCTGAACCATGTCGGTTACCCGTTGGTCGTTAACCATTCCGCCAACCAGGTAAAACTCGTCACCTGCTCTGGCAATGCTGCGGTGATCCATGCTGGCCGTTGGCATTTCACCTAACTCAACCCACGCTTCGGTATCCAAACGATAGGCGAAAACGGTACTTTCAGCGAATGCGGGTTTGGCATTATAGCCAATTCCGTTGTAGTTATAGGGGTTGGTTGATCCGCCCACAAACACAACCATTTCTACCGGAGATGATACACCGACAGCCGCCATACGGTAGCGTGCCTGCCCCGGGTGCTGTTTGATGCGTGTCCAGTTAATTTCTTCCGGGTTCTCGGCGTTAATCTCACCTTTGATACTGCCGGGAGACATCATGAAAATCTGTTCGCCCTCATCAACAACAGTTTGAACACCGTCAGAAAGAACCATCGTGTTGCCAACAATACCACCGGAATGCCCAAATACGGGAGGGCCGGGGTACGGTGTGGCGTGTGACCATGAATTTGTCTGGGTATCATACACCTGCACATTCGAAACGTTGTTGGTGTTATTCCATCCGCTAACCAGGTAGATGTAGCGGTCTAGGTAAACCAGGGAAACAGCGTCTTCAACAGGAAGCAGCATGTCGGCAACCTGCTCGTAAGAATTAGCATCAGGATCATACCTGAATACTTCTTGTGTTGATACTTCAGAACCATCTTCAGCTACGGTATATCCGCCAAAGATGTAAATCTGTCCGTTTACGGTTTCAGTGGTGCTGGCTAACCGGCCGGTTCCGTCAGGGACACCGGGAATTTGCTCCCAGATTCCTTTATTGACGTCGAATCTTGCAGCGAAATCACTTACATCGGCGTGTGTTTTGCCTTCTTCCAGTCCCAGAAAGGTGTACACAAACCAGTCACCGTCAACCTGAGCAGCTGTTACGGCATTGTTGGAAATTCCCATCGGTAATGACTCGGCTTCCTCCCAGTTGAGCGCAACCTTTTGAGGTGCTTGCTGGCAAGAGGCCAACAAAATTGAAAGGGTGAAGAGTAATAATATTCTTTTCATTGTATGAATAATTGACTTATAGTCTGATTTTTAATTTTGCCTGAACACTTGCACATTGGCAACAACATTTGCGTTCAGTATTTGTTTAATTTCAAGCTTTAAAGATACGGTTTTTATATGTCTTCTTTTAAAAATAAAATTGTTTTAATAACCGGCGGAGCCAGTGGTATTGGCTATCTGATGGGGGAAAAATCGTTGCAAAGAGAAGCACGTAAATTGATCATTTGGGATATAAATGAAGACAAATTGCTTGACGCCGCAAAACGTCTTTCCAAACAAGGGTATACTGTGGAGACGGGCGTTGTGGATGTAAGTGACCCTGAGCAGGTTCAGCAAGAGGCAAAAAAAGTTTTAGATGAGCACGGGTCCATCGATATGTTATTCAACAACGCAGGAATTGTAGTGGGTAAAAAGTTTGAAGAGCACTCGATAGAGCACATCAAAAAAACCATGAATATT
NZ_CP175953.1_gap25	608430	610820	2390	CTGGAAGGTTATCTGGATGATGGAAAGATCTATTGTGGGGGCAAAACAGACCGGAATGAACTATACATTGAGCCGACGGTTTTAGTGGATGTCAAAGAAGATGGCAGCGTAATGGAAGAGGAAGTTTTTGGCCCCATTCTTCCGGTGTTGACCTTCGAAAAAATCCCTGAAGCCATCAATGTGGTAAACTCAAAAAGCAAGCCATTGTCGCTGTACCTGTTTTCGAAAGACAGCGATGCAGAATCGATGATTACAGAGAAATGCTCCTTTGGGGGTGGTGCAATAAATGATGTGCTTGCTCATCTTGGAAACCATCACCTGCCATTCGGGGGCGTTGGCAATAGCGGAATGGGTGCGTATCACGGAAAGCAAAGCTTTGATACATTTTCGCATACCAAAAGCATTATGAAGAAACCATTTTGGCTGGATATCCCTTTTCGGTATGCCCCTTACAAAGGAAAATTAAAGTGGATTAAACGAGTATTAAAATGAGTGAAGAGAAATTCAGAGCATTTTATGTAGAAGAGAAATCGAAAGGGGAATTTGTGTCATCAGTAACGGACGTGCCACGCACCTTTTTGCCCGACCACGACGTGCTGATTCAAGTTCACTATTCATCACTTAATTATAAAGATGCCCTGTCAGCTTCGGGTAATAAAGGAGTGACCCGAGAATACCCACACATTCCCGGCATCGATGCTTCGGGTGTTGTTTTGGAAGATAGGTCCGGCGCGTTTTCCGAAGGACAAAAAATAGTGGTTACCGGTCGTGATTTAGGCTCCAATACCCCCGGTGGATTTGGAGAGCTTATTCGCGTGCCCAAAGATTGGGTAGTGGAGCTTCCGGCCGCTTTAAATATGGAAATGGCTATGAAGTATGGAACAGCCGGCTTTACTGCTATGTATGGGGTGAAGCGGCTGCAGCGCGAACTTATCAAGCCGGAGGGCGGAAAAGTACTCGTGACCGGAGCGACGGGTGGTGTGGGTTCACTTGCCGTTTTCTTTCTTTCACAATTAGGATATGAAGTTGTGGCAGCCACCGGTAAAATAGATAAAGAGGATTTTCTGAAAGAGCTTGGCGCGGCTGAAGTCATTCACCGGGATGAAGTTTCCGGGGTAAACGAGAATTTTTTGCTGAGCAGTGAATGGAATGGGGCTATAGAAACGGTTGGTGGGGAAATGCTGGATGCGGTGATCCGCCAAACCAATCATGACGGAGCGGTAGCCTGCTGTGGGAATATTTTGGGGCATGAACTGAAGACAAATATATACCCATTTATTCTGAGGGGGGTAAGCCTGTTGGGCATAGACTCCGCCATATGCAAAATGCCGATGCGGTTAAAAATTTGGAATAGCATCGCTGGAATGAACCACGGAAAACTACCGGATGATCTCGCCCGAATAGTCGGTCTGGAAAACCTTAAGCCCGAGATTGAAGCTATATTGGACGGGAAACAGGCCGGACGTGTAGTGGTGCAGCATCAAACCTCGGGATAAATAAAAAAGCCGACACAAAAAGGATGTGTCGGCTTCGGAAAACAATAAAGCAGCGGTCAAACTACTTTATGTGGGTTATGGGTATTTGTTTGATCTAAGTTCTTATGCTGCGTACTGAGATTTTGAATTAATCTTGTTCTCAGCTTTACCAAGTGAATTAGACAGATCAGATTTGGTTACAGGCTTCAATAAAAAATCGATGTAATCTACATCTTTAGCTTGATTCAATACCATCGGGCTGTCATCGCCAGAAAGAAAAATTACCGGGATATCAATTTGGTCGGAACGCAATTGTTTTGCTGTTTCAATGCCATCAAGGTCACCGGAAAGCTGAATGTCCATCAAAAGTATAGAAGGATTAATGTCGGCGATGATCCCGAGGACTTCTTCTCCACTGCGGGCCATGCCAACTACTTCATAGCCAAGCTTGGTAACCAGCTTCTTCTCTACTATAGATAGCAGCGGGTCATCTTCAACAATCATTACCTTTCGTGAAATCACGGTAGCCCTGTCCGATTCATATTAAAAACTTCTAATGTTAATATATTAGAATATTTTAATAGGGTCAATAAGCTTGCGAAACTTTTTTTACTGAGGGTGAATTAACAGATTCAGCATATATTGAAATACACAACTCATAACATTTGAACCATGATAAAACTACACAGGAAGCGACAAGATACGGCATCTGACCAGCTGGAGCAGCAGCTGAACAACCTCGTGATTTCTTTCAAAAAGGTGAACTATGAGGAGGAAGGGGAGCAGATAAAGCTCCCATATATTGAAGAAGACGGAGTGGAGTTTCATACTGAAGAGGAAATTGCCGGGTGGATGAGAGACTTGGAATCACAATTAAACTGGCAGCGGTCGTTAAGCGGAGATGGGTGTTTTATA
NZ_CP175953.1_gap26	616933	620889	3956	CTATATCGTATTACGTGTACGTAACCAAATTGAGATGAATGTTCGTCAGCCACTTTCGCGAATTATCCTTCCTATAAAGGATGAAAGTGAACGGCAGGCCATTGAATCGGTTCGCGACATAATATTAGAAGAGGTAAACATTAAAGATATCCAGTTTGTGGATGACGATTCCGGAATTGTTCGGAAATCGGCGAAACCAAACTACCCGGTTCTGGGTAAGAGGTTGGGCCCAAAAATGAAGCCCGTAGCCGCCCGGATTGGAGAACTGACCACGGAAGAAATCACCGAGTTTGAAAAGAACGGATGGATTGATCTCGAAGTTGAAGGTGAAACCATTCGTATTGACTCAGAAGGATTAGAGATTATCCGCACCGGACTTGAGGGTTGGACGGTAGAAACTGAAGGTGGTTTAAGCGTTGCTGTAGATACGGACCTCAGTGAAGAACTGATTCAGGAGGGTATAGCCCGTGAATTTGTAAACCGTGTGCAGAATATGCGAAAAGAAGCGAACTTTGACGTGACGGATCGCATTGCGATTGGTTTTACCGGAGCAGACAATATTAAGGAGGCCGTTGTTTCTATGAGTGATTATATTAAGAAGGAAACACTGGCGGAAGAAATTCAAATCTCAGAGCTGGAAGTATCAGACTTCACCAAGAGCTGGGAAATTGGAGAGGAAGAGTGCACCATCTCCATCCGAAGAAATATTAATTCATAACCAAGCAGCTATGGCTAAAGAAGAATCAAAAAACGAAGAAAGAGTATCTCCCTACAGTGATAAAGAACTGGAGTACTTCCGTGAGATTATTATCAAGAAGATGGAAGAAGCTGAAGAAGAGCTGAATGCTCTGCAGCGAACCCTTCGCGAAAGCATGGAAAATGCCTCGGATGAATCGGCCTATTCTTACCATATGGCGGATGCCGGAACAGATGCTCAGGAGCGGGAAAAAACCTACATGCTCTTTAACCGGACCCGTAAGTTTGTAAAATATCTGGACGACGCCCTCAAGCGCATCGACAATAAAACATACGGCGTGTGTAAGGTAACCGGGAAGAAGATATCCAAAGGCCGGCTGGAAGCTGTGCCCCATACTCAGTTGAGTATCGAAGCAAAACTGAAACGCAGATAACCCTACCGGTTTGACCCGAAAAAAACTGCTCGCTTTATTAGTACCGGCTGTTATTGTGCTGGTTATTGACCAGATTACGAAATGGCTGATCCGGACTACCCCTGAATTGCAGAATAAAGTCCTTATAGACGGGTGGCTGCAATTCTATTTCACCAAGAATCCCGGGATGGCTCTGGGTATAGACGTACTCTCTACGCCCGTTATCAGTGTCATAGCAATTCTGGCCGTCACCGGAATTATGATATACATAATTCGACACCTCGAACAGGCGAGCGTCGGCTACCTGGTGTGTATGGGGCTGATAGTAGGGGGGGCTTTCGGCAATATCACCGACCGGCTCTTTATGGGGTTAATTATGGATTACGGTGGTGTGCTGGAAGGTCACGTGGTTGATTTTATTTACTTCTCCCTTCAAATCGGGGACTGGACTGTTTTCCCTTATATCTTTAACGTGGCCGATATCGCCATTTCCTGTTCCATCATCCTGCTACTGATATTCAACAAGCGCTTCTTTATTACACAAAAAGCAGAAGATGGGTCCTCCGAAGTACCGGATGATGTAACAATGGATGAGCCTACCAAACAGGAAGGGATTATTTAGTTCGTTTCCTGATTACTACTCGTACAACTCGTTCCTAACGTCCCGTTAGGAACGCCTGCCTGAACCTCTGGTTCAACATATTTTAGTGAGATAGAATAGATTGACGGGCTGAAAATGGAATGGAACCAGTGGTTCCGTTATGCATCACAAACCGGAGGTTCGTGATGATGAGAGGTCGAGAAGTAGTGAGAAAGTATTTTAGCTATCTGGGTTGCCTTCTTCTTTCTCGAAAGGATACTTCTGAGCTGAGAAATCAAAGTTGTGCTCAATAGGAACCTGATCTACAATCTCGAGCCCAAAACTTTTGATTCCAATTCTTTTTACAGGATTATTCGTCATCAGCTTCAGCTTACGGATGCCGAGTGAGCGAAGAATTTGAGCGCCGACACCGTAATCCCGGGCATCACCTCGTGGGGAGATATCCTCTTCGTTGTCGTCCATCTTGCCTTGCTGTAAGGCTTTCAATGTTTTCAGCTGATTTACGAGTACAGAGCCGCGTTGATTCCGGTTCATGTATAAAACCACACCTTTTCCTTCACGCTCTACCTGAAGCATCGCCTGGTGAAGCTGTTCGCTGGTATCTTTATTGCGTGCTCCGAAAATATCCCCAATCAAATCGGAAGAGTGAACACGGGTAAGCACCGGTTCTTCTTTCGTCCAGCTGCCTTTGGTTAAGGCTAGGTGAATATCGCCTGTGAGCTTTTCTTTGAAAGCGCGTAAGCTGAAATCGCCATACATGGTGGGCAGGTTCACATCCATCACCTCGTGGACAAGCGTCTCGTTTTCGTTACGATAAGCGATAAGATCTTTTATCGTGATGATCTTCATCTCAAACTCATCGGCCATCTTGATGAGATCCGGAACGCGGGCCATCTCACCGTTTTCCTTCATAATTTCACAAATAATACCCACCGGTTTTAAACCGGCAAGTCGGGCAAGGTCGATGGCTGCTTCGGTATGGCCGGCTCTTCGCAGAACCCCGCCTTCTGCTGCAAGCAGCGGGAAAACATGTCCGGGGCGACGGAAGTCAACCGGCTTAGAATCGTCACTGGCTAATTCACGAATGGTGTTAGCGCGATCGGCAGCAGAAATTCCGGTTGTGGTCTGCCGTTTGTGATCGATAGAGATGGTGAAATTAGCTTCATCAGGATCGGCTCCCTCCTGCACCATATGCCGTAAATGCAGCTTATCGGCTTTTTCTTTGGTGATGGGAGCACAAACCAGCCCACGGCCGTGGGTTACCATCAGGTTAATGGCTTCGGTGGTAACCATTTCGGCCGCCATCAGGAAATCACCTTCATTCTCCCGGTCTTCATCATCCACAACGATGACCATTTTGCCATTTTTAATGTCTTCAATGGCTTCGGGGATGGTGTTAAAGTGAAATTCCTGATTCATGGTTTATTGAATTTGGGGTATGATATAACTAATTGTCATCCTGAGCGATTAGATGTTAAATATTGAACCAATGTTTAACGCGAAGGATCTCAAATTCAGAACAAGGATAGTTGTCAAAACTTGAGACTCTTCGCGATGACTTTTTTTCCAATAATATTCAAATTGAGTGCTCAGAGTGACAACAAAAATAGGATCAGTTAGTCCTTATCCTGTTTGTGTGGATTCACATCGGTTACGGCCGACTTCAACATGCGAAGTTTGGTGCCGCTGTCGATATCGAGCAGGAATTCATTCTCTTCGATTTTGTCCACAATACCGATGATGCCTGAAGACGTAACAACTTTGTCGCCCTTTTTCATGCCCTCAACTTGCTCTTTAATTTCCTTTTGTCGTTTACTTTGCGGGCGAATAATGAATAGGTAAAATACCAGGAAAATAGCACCAAGAAACACCAGGTTAATGATGCCGGCATTCGGGTCATCAGGATTACCCATTAAAAAAAGTGGTAAAAAATGCATAGTCATAGATTAATGTGCGATTAAATTATTGCGGGGTGAAGATACGAATTCCTGTATTCAATGACGATATTAAAACGGTTTGCCAATGTGCTGTCATTCCCGTGGGGTGCATTGTGAATATCATAAAAACAAACGAAGAGTTAGAGGTAGAGCCTCGCTTTGGTATTGCGGAGCAGAGCACCTTAACGAGGATAAAATGGAACCAGCGGTTCCGCTATGCATCACGAACCAGAGGTTCGTGACGAGAAGTATGAGGACAAGTGTGTTACTTACAGCAACCTCAAAGCGTCTGCAGGTCCTATGAGCGTA
NZ_CP175953.1_gap27	762324	764680	2356	AGAACTCAGAAAAGAGCCCTTGAACGACGCTATAATAACCTCATTAAAGGCTCGGGTGAAGGATTGGAAACGACCGACGGGCAATTTGATATTTTCCAGCCCGTGGAAAAAATGCCGGCCCTATTTGTTGAGTACTTAAGGAGATATCGTGAGGTCATGGTTCAGGAAGAGATTTATAAGGTGCTTTATCCGCAGTACGAGCAGCAAAAGCTCAGTTTTGAAGAAGCCACATCCGGACTGATGGTGATTGATAATGCCGTGAAGCCAACCTATAAGCACAGCCCCAAGCGAGCATATATCATGATTGCGGCTTTCCTATTTGGCTGTATAGTAGCATTCATAAAAGTTTACTTTGATAAATGGAAAGAAGAGAATCCCGAAGATTATGAGCGGTACCAAAAATTTACTTCGGCTTTAAGTTTTAGAAATGCTGACCATTGATCGGTTATTTAACGGGGTGGTACTTGTAGCGCCGCTTGTTGTAGGGGCTTTATTTACCGGCGTTTTTCTTGTGGCAGAGGACGGTAGTTCTGTGTTACCCATTACGTTTTTTCAAATTGCTCTCATCTTTTCATTGGTAATTTTTTTGGCAAAAAAGCTTATTCATGGAGACGTTACTATAGATGTTTATGGTCTTGAGGTTCTGTATGCGCTTTTTGTCGGTCTGATTTTTTTATCTATAGTTTATACCCCTGATCGGGAAGAAGCACTGTTTTACGTTTTCAGGTTTATTGCGTTGATAATAATGACATACATAGTTTATGGAAGCATCAACTCCTTTGAACAGCTTAAGAAAATATGCTTCATAATTATAGGAGCGGCTTTATTGGTTGGAGCCTATAATCTATTACAAGTCTATATAAACCCTGAAATAGCAGCCTTTAATTATGCCGGTCAGGGGCAGAAATTAATGCGTTCTTCTGGCGGTGCACTGGACCCTAATATTTTTGCAAGCAACTACTTCCTGCCTATAATGATTTTGATGGGCTTTTTTAGTAAAGAAAAATCATTTTTTAAAAGATTGGTTCTATTCGGGTTCATAGGTTTATTGATAGGCTCTGTATTACTAACCTATTCAAGAAGTTCTTGGGTAGCCATTGCTATCGGGACGTTTGTGATAATTTATTACACAAAGAACTACCGCATTTTAGTGTATATGATGGTAGCGTTTTTAATTGCAATAGCAGTAAGCGAGACAGTGCGACAGTTGGCTTTCAGTTTTTTAGAAAGATTTATAAATATTTTTGCCGGTTCTTCTGAAGACTCTTCAAAATACAGAATCTTACTTGGTGTAACAGCGATTTATATGATTTTGGACAGTTATTTAATGGGGGTTGGTTTTCAGGGATTTTCAACCGTTTTCAAAACTTATCATCCGCCAGAAACAACATTAGGTATTTATCAGCCACATAATCAATTTTATTCAGTTTTTGCAGAACTTGGGATCATTGGATTTATACTATTTATTGGCATTCTTTATGTGATATGGAAGACATCGACTCAAACAATAAATGATATGCCAAAAGGGTCAAGTAAAAGGATTATATCAGTTTCACTTTTTGCTACTTTCATTGCTTATCTTGTCTTTTACAACTTTTTGGGGGGTATGTATTATAACAGTATCCTTTTTATAGTAATTGGATTAATATTTGTATCAAATAAATTCATCGAAACTTCGGCAAGCACACAAACGAATTTAGAAACAACTTAGAAGGATCAGAGGCCCTTATCGAAGAAGAAAAGAATCATACTGAAGATTACACAATCTCTGGTGAGCTACCATCGGTAACGGTAGGAATACCGGTACTGAATGAAGAAGATCATATCGAGAGAGTCATATCAGGTTTCCAATCAACCGAATATCCTAATTTGATTGAAATATTAGTCGCCGATGGAGGGAGTTCCGACCGAACACAGGAAATTGTTAATAAAATGTCGGAAGGCGACAGTAGAATAAAATTGATGCAGAATCCAGAAAAGTATCAATCTTTTGCTCTTAATAGAATGATTGAGGAAGCAAAAGGAGATATTTTTGTTCGTGCTGATGGTCACTGTTTATATCAGGAAGATTATCTTGAAAAAAACATCAAGGTATTTCTAACTACCAAGTCAAAAAATGTGGGGGGCTCCCAGCGATATGTAGCTTCCAATAGAGCACAGGCCGGTACTACGCTGGCAGTGAAAAGTTTTTTGGGGAATGGTGGGGCAAAGTATATGAATGAAAATTATACAGGATATGCTGATACTGTTTTTCTTGGATGTTTTTGGACAAAAGACCTCAGGCAAATTGGTGGGTTTAGCACTAAAAACATTACCAATCAGGACTCGGAGCTTAATCTTAGGTTTATTGAAAAGT
NZ_CP175953.1_gap28	765817	766523	706	TGACTTTAGAACAGCTGAACCTATTAGATAAAAAGGTTCTGTTTCCGATGCATCCAAGGACGCAAAAGTCTATCAGCGATTCTATTATTTCAGTAGGTGATAACATAGAAATTATTGAGCCGGCGGGTTATTTAGACTTTTTGCAACTGATGAGCAACAGTTATAAGATTATTACTGATTCGGGGGGGATTCAAAAAGAAGCATACATTCTTGAAAAACCTTGTATCACGCTAAGATCTGAAACCGAATGGACAGAAACAGTTGATGCCGGTTGGAATTTGTTAATTAATATTGCAGAAACCAGTGATTTTCACCGTCAAATAATCGGTTTTAGTCCCAAAGAGTATCATCCTGACCTTTATGGAATTAATGTAGGGAGCAGGATGGCAAGAGAAATTGAAAACATACTATCTTAGATAAATGGATAGTTCGTTTCCTAAAATCGTTCAGTTAAGTTCGGTTCATACCCTGTATGACACCCGGATATTTTATAAGATCTGCCGTTCTTTGGTAGATGCCGGGTATAACGTGGATCTTTTAGTGCAGAATCCCGGAAATGAAGTGTTGGATGGTATAAAGGTTTTAGGGCTTCCTGTTGCTGAAAAGAAATGGGATCGATTTCTGAAAACAATACCGGCTTTATTCAGAAAGGTTATTCAGTATCCTCAGGGTACAATTTTTCATTTCCATGATCCGGAACTTATAC
NZ_CP175953.1_gap29	801221	804697	3476	GAATTGAGTGACCTGGGAGAAGGGTACGATGAAATGGAGAACGATCTCGTTCAGAAAGAAATCATCCTCAGGTTCAGAGACCAAAACGGACAGCTTCGGGAAGTAAGAATTGATGTGTTTGAGGAAAGTGATAATTAAATAGAGTTGTGCGTGGGTTTCGGATAGTTTAAGATTAATAAATACATATACAGTGATTGGGGTAGTAAAAAAAGGACTAATGCTATTGCTGTTTTTAACAGTATCAGGGGACGTGTGGGCACAATTCACCATTCAGCACCAGGCGCCGGTAGCCGTTGAAAGAAATGTGCAGAATAGGCTGGAATTTCGGGTTCCCGGGATTTCGGAAGCTGATTTTCAACGAGCAAATCTATTCTATAGGTATGATGGTGATTTTGGATATCAGCAGCAGGAAGTGGAGTACAGAAACGGGGTTTTTCAGGCCTTATTCACCGTCCGAAATTCCAATGCCAGTTCACTGGAATACTATTTTGAACTGACACTTAATTCCGGAGAGCAACTTTACTATCCCAACAACCTGCCATCAGAAAATCCGGTTGAGGTAGAAGTTGTTGAAAGCCTGGAGGAGCAAAAGCCAAAGCTGGAAGGGGTCGATTATACGATTCTTTCTCCCCGGCCGGGTAATGGTGTTACAAGAGATGATGTAGTAATTGCCATAGCCCTTTTTTATGAGAAGACGGACCTGGAGCCCGGAGAATTTCAGTTGCTGATAGACGGGCAAGACGTGACCTCAGAAGCCGACACTTCCGCATATTATATATCCTATGTGCCGAATGATTTATCCCCCGGTCCGCATACTATATCCCTTGAATATAAAACGGAAGATCAGAGCTATTCAGTTACCGACTGGAGGTTTGCAGTGGTAGCACCGGGGCAGGCTTCCTTTAGGGGATTTGGCCCGAGCCGGGTTCCGCAAGGTCAGGTTGAGCTGACGGCCAGAAACCAGGTGATAGCCGGTGATATAAACAATGCCTACACCGGAAGGTCAAGTATTTCCGGAGCGTATGGAAAATTCCGGTATTCAGTGAATGGGTATCTGACTTCGCAGGAGTCGGCGCGACTTCAACCCCAAAACCGGTATGGTATTGATTTAGCCTATGGAGACTGGTGGGACTTTGAAGCCGGACACGTATATCCGGTATTGAGTCAGTTTACTATTTCAGGCCGGCGGGTTCATGGGCTGAATACATCACTGCATTTGCTGAATGATAAACTGAATCTGCAATTTATCTACGGGGAACTGGATCGGGAAATTACCAATCAGTACGACAGTCTCGTTGTTGAAGAGGTAACCATCGGGGCTGATTCTGTAGTTGACCGTAATTATTTGCTGACCTATCAGGATGGTGGAAGAGGAACGTTTCAGCGAAGGGTTGTAGGGGGAAGAATTGGAATTGGAAACGAAGAAAAGTTCCAGCTTGGGTTCCACCTGCTGAAGGCACAGGATGACACCACATCCATATTTAATGTGCGGGATTACATGGACCTTGTTAACTCAAATGTGCTTCTGAACAGCAATCTCGATCAGCCTGCAAGGGATACACTCCTGGCTAACCCGGATCGGCTGGATGTACGTGGTGGAAATATCAAACCTCGCGATAACCTTGTGGTCGGAACTGATTTAAAATTAGGCTTCAACAATAACCGAATTCGGTTTGAGTCGGAAGCGGTGATCAGCGCACTGAATAACAATATTTATGACGGTCCGCTTACCGTGGAACGAGCGGAGGAATTAGGTTTTGATGTTGACCAGGGTATGGCGGATTTACTGGAACAGTTGTCCTGGCTTATCATCGTCAATGAGAATATGAACACGCTGCCCTTCAGAATTTCCGAAGATGAAAACGGGGATATTTCAGGAGATGCTTTTTTCCCAACCAGTATTTTGGCGGGCAACAGCGAGCTTTCATTCCGGTATCCCAATAACAATTTCAGAGCGCAATACCGATGGATTGGTCCCGGTTTTAATTCCCTGGCTAACTCTACCATCCGAAAAGATGTGGCGGGGTTCACCCTCACCGACCGGATGAACTTTTTGGCTAACCGCTTGTACCTGACGCTGGGATATGAAAACCTGAACGATAATGTGAGCGGCACCCGCGATGCCACCACCAACACAATCACCTACCGAACCAATGTAAGCTGGTACCCGGTTGACCGTAAGCTCCCGAGGGTTAGTGCCGGCGTACGGTATAGAACACGTGACAATGGCATTGAACGCCAGAATTTCTTACTCCCGGATGATTTAGTGAAAGCCGCCGTGCAAAATATACGGCAGGAAACCAGAACCATTAATGGTCAGGATACACTGATAACCCTGGTTACTCCAACCCCACGATCAAACTATACCGTGAATATCAATACATCGGTGACGCAGCAGTTTAACTGGATGAATGCCCGAAATGATGTATCTCTTAGCTTTTCGAACCTCAAAACCACGGACGAAGTATTTGCCTACGGAGATGTATTAAGTACGTCCTTTTCGTTGAGCCTGAACTCCCGCTTTTCTGAATTGCCGCTGGAAACACAGTTTGGTATCACCACCAACAGTACGGAAGCAGGCAGTGGCCAAAATGATATAAATATATTCGGAATTTATACCTCCGGTAACTACCGGCTGATGGAAGACAATCTGATCATAAACGGCCGGCTGGCCATCACCCAAAATAAGACAGCATCACGAATGATTGAAATTCGGGATGATCCTAATTCCGAAGTCCTCAACGACAATCCGCGCGACAACTATTTTGTGCTGAGTGATGATGTTACCAAAAACACCTATTCTACATTTGTTTTACAGGCTGGAGCACGCTATAATTTCAATGAGTATCATGCTTTGGTTTTTGATGCCAATCTTACCAATGTAAGCGGCCAAAACCGGGCAAACGATCGCATTGTACAGCTCAGATATGTATTCAGCTTTTAACTAAATGGCCCCCAAGAAGAAAAGACTTACTTCCGTTGCTCTTATTGCCATTGCTGCGTTTGTTGTGTCTTTTGTGCTCATGCTGATCAGGCCCATTCAGGTGACAGAGCTCAAGTATTATGATCAGCTTTTTGAGTGGCGCGGCCCTCTGGATGTGTCGGATTCTCCCATCGTTTTGGTAGCTATAAGTCAGAAAGCCGATGAGGATATCCCCCAGAAATTTCCATGGCCTACCAACCTTCATGCCCGGCTGGTTGAGAACCTGAACCGGGCCGGCGCCAAAGTGATCGCCTTTGATGTGGTATTTAATAATCGGGATTTATACGACTATAAAAATGATACCACCTTTGCGGAGGCTATCAAAAAGCATGGCAACGTGATTCTGGCCGGCGACCTGCAGCGAACGGTTTCTGAGTTCTCGGACGAAATATCCACCTTGTTTCCAACACCGGTGCTGCGTGTCAACAACCCAAACAGGGTAGCGTTGGTGAAAGTGCATCCGGACATAGACGGCGCTATCCGTTCCTATCGG
NZ_CP175953.1_gap30	809698	810986	1288	CAATTTTGCTGCTTTGTATGCTAACAGCGGGCAGTGGATTATATGCACAGGAAAAAGATAATGGAGAAAAGGAGTCCAAAACAGACTACACCGAAGCTATTGTTTTGGTGGAAGTGTGGATGGATGCCATGCAGAAGTTTGATGAAATACCGGGCATCAGTGCCATAGCGCTGGAAGACCAGGAAGTGATTTGGAAAGGGGCCTACGGAGAGGCAAATCCGGATGAAGATGTGAAAATGGAAACCAGCACCATTTGCAGCGTGTGTTCCATCTCCAAGCTATTTACGTCCATAGCAATTATGAATTTATATGAAGATGGAAAACTGAGGCTGGATGACCGGCTGGAAGACGTGATGCCCGGTTATGACCTTGAACAGCAATTCGAGCTGAGTGGCCCCATTACCATTCGTAATCTGCTCACCCACTCTTCGGGTTTACCCCGCGAAAATGCCTATTCGCACTGGACCGACCGCAGCCTTGAGTTCCCGACCAAAGAGGAAATACTCTCATCCCTGAATGAACAGGAGACACTATATCCCTCGTCCACTTACTTTCAGTATAGCAACCTGGCAATGACTTTACTGGGATATATTGTGGAAGAAGTATCCGGGCAGACTTATGATGAATATGTAACAGAACACATCCTGGAACCATTGGAGCTGGATGATACCCGACCCGATATGCCGGAAGATTTATGGGGAGGTCAGCTTGCTGTTGGATATACCGTTGAAACGATGGAAGGCAAGCAGCATAAGCTGGATTTATTTGATCCCAACGGGGTAACACCGGCAGCGGGATTCAGCTCAACAGTAGAAGACCTGGCAGATTTTGCTGCATGGCAGTTTCGCCTATATGATGCGGAAGAAGAGGAGATCCTGTATCCATCCACCATTAAAAACATGCACAACATTCACTGGATGGATAGCGATTTTGGAACCAGCTGGGGACTGGGGTTTTCTGTGTATAAAGGTCCCGGCGACAAGAAATGGGTTGGCCATGGAGGGTATTGCCCCGGTTACCGAAGCACACTGATGATGAATCCGGAATCAAAAAGAGCCTACTCGGTGATGACTAACAGCAATAATCCCAGTCCCGGAAAATACGCACGGGGCATCCATGCTATTTTATCCAAAGCAGGGAGTATAGAAGCGGCCGATGAAGAACTGGCTATGGAGCTGAAAGCATATGCCGGTTATTATGAGGGACAGGTTGGTCGAGGCATCAGCTATGTAGGCACCTGGGGAGATAAACTGGTGAGGATGGGACTTCCGGCCGATAACCCGGGTGA
NZ_CP175953.1_gap31	847246	848254	1008	AGTACATGCCTCATACTACCCGGTGCGTGAAGTGTGTGGGTTAGCCGTTCGGCTTTCTTACAATTTTTGAGTGATACTATTGCTAAATATTAGCCGGTTAAGTAACATCGGCAGCTTTGAAAAATGTAATTCTATATCTCATACCGGCCCTGATCTGGGGCTCCACCTGGTTTGCCATCACCTTTCAGGTTGGGGAAGTTGACCCTATTGTTTCGGTAAGCTACCGGTTTTTGTTGGCCGGATTGATATTGCTGGGATATGCTAAAATCAGGAGATTAAATCTTATCTACAGCCTGTCCGAACATAAGTTCATATTTCTTCAGGGTGTGTTTTTGTTTGGATTTAACTACTGGATGGTATATCTCGCCGAGCAGACACTTACAAGTGGGTTGGTAGCTCTTGTTTTCTCCACCATGCTGTTCATGAATATTTTCAACAGTCGTATCTTTCTGAAAAATGTTATCCCCTGGAAGGTATATGGCGGGGCAGTTCTCGGGTTAATGGGTATTGTGATGATTTTCTACCAGGACCTGCTGAGCTTTTCTTTCTCTGACTCCGCTTCCATTGCGCTGTTGCAAGCGGTTGGCGCAGCATATATTGCGTCTTTGGGTAATATCATTTCGGCAAGGAATCAGTCAGCGGGTTTGCCGGTAATCCAAACTAATGCTATAGGTATGACCTATGGCGCAATTGCAATGGCTGCGGTTGCTTTGTTAGCTGGATATGAATTTTCGTACAGTGCAGCCTTCTCCTTTAGTCTTTCTCTGCTGTATTTGGCGGTGTTTGGATCCGTTTTTGCATTCGGGGCTTATCTGAGTTTGATAGGTCGAATTGGTGCCAGCCGGGCGGGATATGTTCAGCTGGTAGTTCCTATCATCGCCCTCATATTATCCACCATATTTGAAAACTATAGCTGGACGATAACAGGCATCGTGGGGGTGGCTTTCATTATCTCCGGTAACTTTATTGTACTGGAACGCGGCAAAACGAAGCAGGCGCCTCTTGCCT
NZ_CP175953.1_gap32	860973	862696	1723	CTAAAACCCGTAGCAAGATTTAAGTAGGTTTCTTTGATTGTAATCAGAGGTTCTGCCTGTATGTTAGCTGGTAACATTCCAGAGCGGGTTTGTTCAATTACTGTTTGATTGATATTCAGCCCTGAATACACACCTAAAACCACCGGAGTGTCAACGGTTTGCAGTTTTATGGTTGACCCAATAGCATGTCCTTTAAAATTATATTGGGGGCAATCCAGACAGGCATAGGTGTTAAGTCGGTCAGTTTCTCTTCGTAATGAACCGTTTAGCCCGACACTTAGCTCCGATTTTTCAAAATTGAGAAAAGGGTAGAAGGCCTCAATCTCATACATCACTGTGTGATCTTGTTCATAGTCAGGATTAAAAGAATGGCCGCTAATTCTTTGTATGCCTGTTTTTAAATTTATCTCCGGAGAAAAAGACTGGGCGAGTACTTGCCCCGGAATCAAAAAGAACAGGATTATGGTTAAGTGCTTCATCTCAATCACCTGAGTTACCGTTTCTTCAAATATAAAAGAGATTATTTAGATAGCAACATCTTCTGTGTGAAGGTAACTTCACCGGCTCTCAGCTGATAGAAATACACTCCGCTGGATAAACCGGAAGCATCAAACGTGGCCATATGTGAACCGGCACTTTTCATTCCATCCACCAAAGTCACAACTTTTTGTCCAAGTACATTATAAACGGACAGGGTAACATCAACCGCATTTTTTAACTCATAACTAATGTTGGTAGTTGGGTTAAACGGATTTGGGTAGTTTTGGTGAAGGTTGAAATCGTCGGCGATGGTTGGGTTTTCGTCTTCATTGGAAGTAGGAGTTTCAAAGGTCTGATTGGTGTTCACCGAGCCTTTAGTGTTAGATTCGGTGAATGCCCAGCTAAAGTCCTTGTATGCTGAACCGGTTCCTTCAAGAGAAAGTGAACTGCCCACAGAACTGTTGCCGGGCTGTTCCACTCCAATGTCCGTACTTTCAACATCCTGGGCAGGGCCGTCAACCGCAGTAAAAGCACCTTCATAAGAAAGAAACTGAATGAGTTCGCCGCCAATATCCAGGCTCATGCCATCCGGGCTACCGTTTTGTAATCCGTTTACCGGAAGATCCACATAGAAAATGGAAATACCGTTTTCGGTATCGCCGGCGGTAAAATCGTTGCCGGAGTAGGTGGCATAAACGGAGCCGCCATTTCCGTTGTACAGGCTTAGGGTGACATCGGTGAGGTCAGCGAATTCCGAATTTACCGCAATTTCTACAAATTCCCCCTGATCACCGCCGTCATTATCATAATGCATTTCATTTATCCAGGCAGCTGAGGGTGTTTCCCCATCATTATCCCGAATGGTAATCTCAGTGGAGTTCGCAGACCCAATCACCGCTTGCTGTGGCCCGGAAACGTTTTCTAATCCCAATAAAATGGTTTCGTCTCCTTCTTCCAGGTCATCATCAATTAAGGTGAGAGTCACCGATTGTCGATCTAAGGATCCGGCCGGGAAGGTTACGCTTTGGCTGGTAAAGACCTGGAAGTCATCGCCGGAAGTAGCGGTTCCACCCGAGTAAATCACATCCACCGTAGTGGCTGTATCTGCATTTGGGTTGGTGATGGAAAGCTCGATTTCTATGGCTCCGTCTCCTTCACTGAAGTTCAAAACAGAAGCTGAAAATTCTACGTTAGTCTGGCTGATTTCACCTTCAAAATAAGCGCGCTCTACCAGGGATGGGTC
NZ_CP175953.1_gap33	868569	869800	1231	TAGCTAAAATTAAGGCGAATAAAAGCTGAAGTTCATCATGTCCGCTAGCAATTAGGGCTTTAATTAACAGCGGGCGGAAAAGGGGCAGAGCCAGTAAAGCCAAGCCCCATATGGAAGGCACGCCGCCACCGGTTAAAGCCAGCAAAGCGATGGCAACAATATCCTGCAAAATCAAAATACCGATAGAGACACGGGCGTGGAAAGCGCCGAGTTCGCCGCGGTCTTCCAGGGATTTGGCGGCCAGCACCGTACTTGAAAAGCCCAGAAGGATACCAATTATGACAGCTTCAACAAGCTCGTATCCGAAAAAGGAGGCAATCAGTCCGAATACTCCGGCAGTTAAGGCGAGATGGATACCACCCGCGCCCAAAACTTCCGGTCGCAGAATACTTTTAAGGCGCAGGTGAAGACCTACCGTAAACAGTAGAAATAAAACCCCGAGATGCCCGATCTCGTGAAGGGTGTCGGTGGTTTCAAATCCCAAAAGAGAGAGAATAATACCGGCACCGAGAAAACCGACCAGTGGCGGCAACTTAAGTCGCGATACAGCCATCCCCAGAACATAGGCTGCTGCCAGCCAAAGAATTTCCATGTTTGTGAATTAAAGATTCAAAATGAAAAATTAAAAATAGGTGTCCAACCAATTTTTAATTTTTCATCTTTCATTTTGAATTTAATAAGGCATTAATATGCTTGATCTCATCTTCATTCACAAGGTGTCCCATGCCCGTGTATAGTTTTTTGGTGACATCTGCGCCCAACTGCTTCAGAAGTTCTTCGGTTTCATTAACGCGTTCTTTGGGGATATGTGGATCAACATCACTGCAGCCTAAAAAAGCCGGAGTTTTTTGAAGGTCGCCGGTGTATTGGTCAAAATCCACAGATTCGCCGATCACACCTCCACTCAATGCAATCAAGCCGGCATACTTTGCAGGGTGACGCGCTATAAACTCAGAAGCAAGACACGCTCCCTGAGAAAACCCCAGAAGAAAGATTCGGTCTTTTGAGATGCCATCCGACTCGAGTTCCTCAATGATGTCATGAATTTTCTGAAGACCGGAAGACAGGCCGGGCTCGTTCCTTTCGGTTGGGGCCATAAAAGAATAGGGATACCAGGTGTGTCCATTTGCCTGAGGTGCCCGATAGGTGATTTTTTTATCGGTTTCGAATGCGGAACTCAGGTTGAGTATGCTGGGAGCGCTGGCTCCGCGACCGTGAATCATAATCATGG
NZ_CP175953.1_gap34	871745	875497	3752	GATGAAGGCGGAAACATAAAAGCAATTCAAACTGATTTTGAAATTGGGCAGCCATTTGAGCTTTCATATGGAGGAACGGCAACCAATACCAATGAATCCATTCGCATTGAGTTTACAAAGGTGGAAGACAGTCGTTGTCCTGCAAATGTAACGTGTGTTTGGGAGGGTAATGGTGAGGTTAAGCTGGTGACAACCATTGACGATGATGAACTGGAAGTTAAACTCAACACCCATTCCAATTATAAAAAGAGTGAACGGGTTAATGGAATTACCCTGAAGCTATTGGAATTAAATCCATATCCGGAATCGGCAGAAAAAGGGATCCCTAAAAAAGAATACAAAGCGATTCTGTTGGCTGAAAGAGAAGAATAGGCGGTTGTTTAACTCAGTAAAAACATCAGTATCTTTGGTCAGATTTTAATCAGCCTGAACCAAAAAGTTTCTTTACGTGAATATTTACGCCATCATTATTCTGGCAACCATTGCCATCGATTTTATTCTTGATATCACCTCCAACTACCTGAACCTGAAATCTCTATCAAAAGAACTTCCTGAAGAATTTGAAGGAGTATATGATGAAGATACCTACGCCAAATCTCAGGAATACACCAAAGTAAGAACCAAGTTTGGCTTTCTGACCGGCGGATTTGACCTGGCGCTGGTGTTGGGATTCTGGTTCTCGGGCGGATTCAACTGGCTGGATCAGATTGTTCGGGCCTGGGGGTTTGGAGAGCTGGTAACGGGTTTGATCTATATAGGGATTTTACTGCTGGCTAAAACCATTCTGAACCTTCCATTCAGTATTTATTCTACTTTTGTGATTGAAGAGCGATTCGGCTTCAACAAAACCACCCCGAAAACTTTTGTGTTGGATATGGTGAAAGGACTGGGGCTTGGATTATTAATCGGGATGCCTCTGCTTGCCGGAATTCTCTGGTTCTTTATGTATGCCGGAGATTTGGCCTGGCTGTATGCCTGGGGGGCGGTCACTGCCTTTACGTTGATTATGCAATATGTGGCCCCGACCTGGATCATGCCGCTGTTCAATAAATTCACCCCACTTGAAGAAGGGGAACTTAGAACCGCTATTGAAGAATATACTGAGAAGGTGAATTTCCCTCTGCAGGGTTTGTTTGTGATTGACGGCTCCCGGCGATCCAGTAAATCGAATGCCTTTTTTACCGGCTTCGGGAAGAATAAAAGAGTAGGACTTTATGATACGCTGGTCGAGAATCACACCGTACAAGAATTAGTGGCGGTCTTGGCTCATGAAATCGGTCATTACAAGAAAAAGCACATCATAAAAGGGATGATAACCAGCGTAGCGCAAACAGGAGTGTTGTTCTACTTGCTATCGGTATTTCTGAACGCCGGGGGATTATTCGATGCGTTTTATATGGAACAGATGTCGGTTTATGCCGGTCTCATCTTTTTTGGAATGCTGTATGCTCCCATCGATATGATTTTGTCTGTATTCATGCAAATGATTTCCCGCCGGCACGAATTTGAAGCTGATGCTTTTGCAGCAGAAACAACCGGTGAACCTGAAGATATGATTTCAACGCTTAAGCAACTTTCAAAGGATAACCTGAGTAACTTAACCCCTCACTCGTTCTATGTATTTCTGAATTATTCTCATCCGCCGGTACTGGAGCGTATCCGGGCAATCAGAAATGGTAATCAGGAAAGGTGACTTTCGTTTACATCCGAGAGTCTGAATGACAACCGAAAGAGTACGCCGGGTTCTGTTTCCCGGGATTTATATTCATAGTCTGCTTCCAGCTGATCTGCCAGCGTTTGAATCAGTACCATGCCGAGTGAATCCTTTGTTTCCGGCTGATCATCATCAGGAAAGCCAACCCCGTTGTCTGTTATCTGCAGGGTGATCTGCTGATCATTCTTTTGAAGCTGAACGGAAATCAGTCCTTTCTGCATATCCGAAAATGCGTGCTTAATGGAATTGGTCAGCACTTCATTTACAATCAAGCAGCAGGGCACCGCTTGGTTAATGTTCAGGTTGATGGGCTCAAGGTTGAATTCAGTCTCAATTTTAGAATGATCATCCATGGTATCGAGAATGGCATGAACCAGGTTTTTTAAACCGGCATCAAAATCCATATTCGAAAAGCTGTTGGATTGGTAAAGCTGCTCGTGAATATTGGCCATCGATTTAATGCGAAGAGTACTGTCCATCAGCTTTTTCTGAATACGTTCATCCGTTTCTTTGAACGACTGCATCTGAAGCATTCCCGATATTACTGCCAGGTTGTTTTTTACCCGATGGTGGATTTCAGCAAGAAGGGTGTTTTTCTCGCCCAGCGAATTCTCCAGTTCCCCCTGATAGCTCAACAGGTTTAGCTTGAGTTCTTTCTGGGATTCAATAGTTTCCTGAAGTCCGCTAAACAGCATGGGCATAAATACCACGGCGACTATACTCAAGAGAATAGAATTAGCCGAAATGGCAATCCATGAAGCTACCTCGTAGCTTTCGCGCAATGGGTAATCAACAAGGCGGTTGTGAATTAATAATGCCTGTATCACACAAATGAGGATATTGACGAAAATGGTAAGCACCCCGGCGCGGGTAGGCAGAATCAGCAGGGAAAAAACCGTGGCTCCAAATAAATAAGTAAGACCTGCCCCGAGTTCACCCATAAAGAAAATAAGGATGGCAGCTACCGAATAAATAAGGGTAAGGAAAAGATATTTGCGATAATTGATCTGCAACCCGCTATAGAGAGAAATGACTGTAATAGACAGCCCAAAAAAGATATAAGCGACGGTTAATGAAAGAATGTCGAGCGCAAACACAACTAATGCAGAGGGAAGTAAAACAATGATTCCAAGGGGGAAGAGGTATATAATGATGGTGGTAAAGAGCTTGTTTCTCCAATATTCCAATCCATCAGAACGGGTCAAACTGCCCATACAGTTCTCGCGAACCCTAAGTTTATAATTTTCCCAAAGCTTAGCCATTAAATTCTATTCTGTAGAAATGATAAGTACTGCCAACAGTTATTTTACTGTTCCGGCTAAAATAATATCAGTTGATAATACAATGAAACCACAAACCAAAATCAACCTAACCTAAAATTCAGTGATGTTTTCCTTATCGGCAAATTCGGTGTTAGCATTAGAAATTTACTCAGACTGAAACTTAGGTAGCTATTCAGCGAGTGAGTATCCATAGATTTTGTTTATTTTGGGGTGAATCAAATACGCACCGATTACCCATGAAAAAACACATTGAGACGATAGCCATCCATGGCAGCATGAAGGAACAGGTTGGAGAGAATGAGCCCATTGTTCCGGGAATAGAAATGTCCACCATTTACGAGCACCGGAAGTCGGGCAGGAAGGATGACGACTGGAAATACACCCGACATTCAAACCCCAACCGTGTACAGCTGGAAAATGTGATAAGAGATCTGGAAGGCGGAGATCATTGCGCGGCATTTTCATCAGGGATTGCGGCTATCTCCTCGGTATTTCAAACTATAGCATCCGGGGCACACGTGCTGGTTCCCGAGGATGTGTATTTTGGTACCCGAAAGCTGATCTGGGAGTTTGCCGAACGCTGGAACCTGGAGGTTGATTTCATTGACATGACGGATTTGAATACCGTTTCATCATCCCTGAAAGAGAACACCAAACTGGTTTGGATGGAAACCCCTTCAAACCCACGACTCCTCATTACCGATGTGGTGGAAGTAAGTAAAATCGCCCAAAAACACGGAGCCATAGCAGCCATC
NZ_CP175953.1_gap35	876988	879765	2777	TCGGAATTTTTCAAACCCATAAGGATGCCCCGCGTGTTTTAATCGCCAACTCCAACCTCGTTCCAAAATGGGCCAACTGGGACCACTTCAACGAACTCGACAAAAAAGGCCTGATGATGTACGGACAGATGACGGCAGGCTCATGGATTTATATCGGAAGCCAAGGCATCGTACAGGGAACCTATGAAACCTTTGTAGCTATGGGGAAAAAGCATTTTGACGGGGATTTATCCGGCAAGTGGGTTCTTACAGGCGGTCTCGGTGGCATGGGTGGCGCTCAGCCGCTGGCAGCCAAAATGGCCGGCGCAAGCATGCTGGCTGTGGAATGCCGGGAAGACCGGATTGATATGCGCATCCGAACAGGGTATGTAGATCAGAAAGCTACTTCTTTGAACGAGGCTCTGGAGATTATTGAACAGTCTGTTCAGGACAAAAAGCCGGTTACCGTTGGTCTTCATGGAAACGCAGCAGATATTTATCCCAAACTGCTAGACAGAAAAATTATGCCGGATGCGGTGACCGATCAAACCAGCGCCCACGATCCACTGAACGGGTATCTTCCGCTTGGTATGACGGTCGCCGAATGGGAAAGCAAACAGAAATCCAATCCCAAAGAAGTAGAGCAACGGGCCAAAGAATCTATTTCAGTACAGGTTCAGGCCATGTTGGGCTTTCAGCAGCAGGGTATTCCCGTTTTTGATTATGGCAATAACATCCGGCAGGAAGCTTATGATCAGGGTGTGGAAGATGCATTTAATATTCCGGGATTTGTGCCTGAGTATATTCGTCCATTGTTTTGTAAGGGAATTGGTCCTTTCCGGTGGGCGGCTCTGTCCGGTGATCCCGAGGATATCTATAAAACCGACCAAAAAGTAAAAGAACTCATTCCTGATGATCCTCACCTTCACAACTGGCTGGATATGGCCAGAGAACAAATTCACTTCCAGGGATTGCCCTCCCGTATTTGTTGGGTGGGACTAGGTCAGCGTCATAAACTGGGACTAGCCTTCAACGAAATGGTGAAAAACGGGGAACTGAAAGCCCCGGTCGTTATTGGCAGGGATCATCTGGATTCCGGTTCCGTTGCAAGTCCAAACCGGGAAACCGAAGGCATGAAAGACGGTTCAGATGCCGTATCCGACTGGCCGTTGCTGAACGCTTTGTTGAATACCTCATCCGGAGCCACCTGGGTTTCCTTCCATCATGGCGGGGGCGTGGGAATGGGTTTCTCTCAGCACGCCGGACTGGTCATTGTTGCCGATGGTACCGATGATGCCGCGGCACGACTAAACCGCGTGTTATGGAATGACCCGGCCAGTGGCGTTATGCGTCATGCCGATGCCGGTTATGAAATTGCCATCGATTGCGCCAAAGAATATCAATTGAAATTGCCGTTTTTGGAATAATCGGCAGAAATATCATCCGTGGGGACGTATCATGATACGTCCCCACGGATTGATGATCATATTTTAATCTAACATCCATGCCTGATTTATTAATCCAAAACATATCACAAATAGCCACGCCGAAACCGGGCGTGCTTCGTGGCTCAGAGCTTCGGAGTCTGAATGTTATTCAAAACGGAGCGATCTATATTTCGGATGGAGTTATTAAGTCCGTGGGATCTTTGTCAGAAGTGCTGGAGCAGGTAGAAGGGCATCCCACTATTTTAGATGCGGAAGGCAAAGCAGCCGTGCCGGGCTTTGTGGACTCCCATTCCCATTTGGTGTTTGGGGGAAATAGGGCCGATGAATTTGCCATGCGTTCGGCGGGTATGAGTTACGAAGAAATTGCCGAACAAGGCGGTGGCATTGTATCGACGGTAGAGGCCACCCAACTGGCAACCAAAGAAGAGTTAAAGAATGTTGCCCGCATTCATTTACAGAAAGCGTTGAAGCAAGGCATCACCACCATGGAAATTAAGAGTGGTTACGGGCTGAACCTCGATAACGAGCGGAAGATGCTGGAAGTAATCAACGAGCTGAAGGAAGAACAGCCTGTTGAACTGAAGGCCACCTTTTTGGGAGCTCATGCGGTTCCCAAAAATTCTACCAAAGAAGAGTATGTGGAAGAGGTGCTGAATATGATACCGGAAATTGCCGAACTGGCCGATTACTGCGATGTGTTTTGTGAAGACGGATATTTCACAACTGAGGAGTCAAGAAGCATACTTGACAAAGGAATGGAGCATGGACTCAAACCCAAGATTCACACCAATCAGTTCAATGATATCGGCGGGGTTGAAATGGCACTGGACTTAGATGCTGTCTCGGTAGATCACCTGGAAGTGCTGTCTGACGAAGATGTAGATCGCATCGCCGGGTCCGATACGGTAGCCACCATTCTGCCCGGAGTTTCCTACTTCCTCAACATCCCCTATTCCCCGGCGCGTAAGCTAATTGACAGGGGGGCGCTGGTAGCGCTGGCTACGGATTTCAACCCCGGTTCATCTATGACTATCTCCATGCAGCTGTTGATGAGCATGGCTTGTACGAAAATGGGGATGTCAGTAGAGGAAGCGCTAAGTTGCGCCACCCAAAACGGGGCCAAAGCCCTGGAAAGGAAGAAACTGGGCTGTATTGCTCCCGGTTTCCAGGCCGATATCCTGTTGCTCGATACGGATAATTACAAAGACCTGGCTTATTTCTTTGGGGAAAATCACGTGCATACGGTCATCAAAAAAGGAGAGAAAGTATGGGAATCGAAAGGCTGAAAGCTATTCTAAAACCGGTTTCCAATTCGCTTAAGTCGATGCGCTCTCATGACCCAAACGACCA
NZ_CP175953.1_gap36	884883	885874	991	ACTTGCCTTCCGTTTCAGTAACGCTCATTGGAAAAAGCGCAATGTTACGGCGTGCTTTTACCGGAAAATATTCTTCAATGGGTTTGTGGTTGACGAGAATGTCGCCTTTACCCGGTTTGATGTACAAACGGGCCGTTGCAGTTTTTCGTCGTCCTATGTAATTCGCTTGTGCCATTATTGATTAAAGCTCAATGATTTCTGGTTCTTGTGCAGTATGCGGATGTACGGGGCCTGCATAAACTCTCAAGTTAGTGGCAATTTTATTGCCCAACTTGGTTTTAGGAAGCATGCCCTTCACAGCAGTAGTTACCAAAGAGGTTGGATCTTTCTCCAACATCTCGGCTGCTGTTTCAAATCGCTCTCCGCCCGGGTAAAATGTGTGACGGAAGTATGTTTTGTCCGTCATTTTCTTACCAGTCAGCTTCACCTTCTCAGCATTGATAACGATGACGTTATCACCTGTATCCATATGTGGGGTGAAGGTAGGCTTGGTTTTACCTCTCAAAATTTTTGCTACTTCGCTACTCAGGCGCCCCAATGGCTGATCTTCAGCATCAATGAGTACCCAGTTCTTTTCAATATCGCTGGGTTTGGCCGAGTATGTTTTAAAACTTAATGTGTCCACGATTAAACTCTTTTATTTCGTCAAATTGGAAAGTCGAATAAGATAGAAGTAATTCTTGTAGATATCAATATTAGAATGCATAAAAGTTGCCTCCCGAAAAATATCAAATGAACAGGGTGCCTATCAACTATTTAAATTAATCTTTTCAAGAAAGAAGGCGGGAAATAGAAAAGCCTTCCCAAAATTACAGGAAGGCTTTAGCTTTGAAGTAAGTTAAGTTAAGTGTGAATTATTTAATCAGTGTCATTTGTTTGGTGATGACCGAGTTTACAGCCTGCAACCGGTAAATGTAAATACCCGATGAAAGCGTGCTTGCATCAAAAGTATAGGAGTATTGCCCGGGTGACTGCTGCTGGTCCACCAAGG
NZ_CP175953.1_gap37	889101	891045	1944	GCTTTGGGTGAAATCAATTGAATCAAATTTAATATGGAAGGAATCAAAACTTTCATACTCCCAACTAGTATCGCTATTTACAAAATTTGATGTTACATAACGGTCATAAATCCATTGGTTTCCCACTGCATTGGGCCAAAGGAAGTGAGAATAAGATTTTGCAATAACAGGATCTTTTGGGGCCACAATTTCATTTTTGCAACTAAAGATAAAGAGGCTGGTGAAACAACTTATCAATATAAATGAAGAAACACTTTTCATAATTGCATCCTTTATTTTGGTTCATAGCTTTTCAGCTAACCCACACCCATTCAAAAGATAAGCAAGGAGTAAAATAAGCCCCTGTTGTGCCGTTAGTTTTAGCATAAGATCTCTCTGGTTTTACCGGCGGATATTAATAAGAGTACATACACCGGCATTTGTTACAAAATTACTTTAATTATAACAATTGCTTATGAGTTTTGTTGCGCAGCGGGTAAGAGATGAGGTTGGAACCCGGCAAATATGTACGCACCAAGCTTGAGTTCCTGTATGAAGCAGAGATACACTGGGAAAAGCAGAAATGTTCACTTCTTTGAGTGAAATCCAAAAATAACCATTTTCCCGGCAGCACATCAAAATGAATAGTGCCTATACCCGCATATTCATGCTAAATTATTGTATCTCTGATTACAATTAAATACTATCACGGCAGTACGATTGATTATGAAGTTTAAGCGTCCAAAAAACATACATATGAATAAAGTCTCATCGGTTCTTTTTGCCGCCGTTTGCCTCTTCCTTTTTTGTACGGGCTGTGAGCAATCCTTCCAACCGCTGGATAAAACGGACGATGTGTTTACCATTTACGGAGTGCTTGATGTGCACAGCGACACGCAGTGGGTGCGGGTGATGCCCATCGGTGAAAGTTATCTTCCTCAGGATCCTTCGATCAGGTCAAGTGAGGTGCACCTTACCCGCGAAGCGACCGGAGAGACGGTAACCCTTAACGACTCGCTCTTTAAGTTTAGCGGGGACACCTACGTATGGAATTACTGGCTGCCCGATTCCGTCTTTACCAATGAAGTATATACTCTTGTAGCAGAAAACGAGGACGGCGAGCAAAGCAGGGTTACCCTGGAAACCCCCTCCTATTTAGAACCTCCGGAAATTGAAGAAAGAAACGGAGAAATCCGGGTTTCAGGTTTGGCAAATGACTCATTGGTGGTAGCTTCTGCGAATTACCTGGTTCAGCCGATTACAGATATGGGATGTGGACAAGAGGTTGAAATCTCAGTGTCACAGCTGGATCATACCTTATTAAATCCTGACGGAGGGTATTTCTTCATTGTTCGGGGGAGTAATGCTATTCGGGATGAGTTAGGGACAAGCAATTATATTGTAAACAGGTCAGCGGTAGAAGTGGTGACTGCCACCGATAGCTGGCCGGACGCGACAAGCCTGGAGGATATCGAAGTGGCCTTGCCGGAAGTGGTATCAAATGTTGAAAACGGAACGGGAGTGTTGGCCGGTGTTGCACGGCGTGAAGTAATTTTAACTCCCCGGAAGCCGCCATGTACAAATTAACTTTCAATGAATTTATCAGTTAGCGGGATAACTAATCATCTCAATAGATAATGTCGGAACTAAAAAAAAGTATTTTCCTACTACTTTTGTTATTACCCCTGAAAGAAGTATATGCCCAGAATAATGCGGTCAGGGGTATTATTTCAGACCAGGGAACCGGGGAGGCTCTGATAAGTGCCACCGTTTCAATCCAGACCTTCTCCGGGGAGATAGTGAAGGGTACGGTAACGGATAACAACGGGCATTACCAGATAAATAACATTGACCGGGGAGATTATATTTTCAAGGCGAGTTATGTGGGTTACCAATCCTACACCGATACCATTCGGGTAATTAATTACGGAGGAGCCATTCTTAAAAACATAACACTGAGTCCTT
NZ_CP175953.1_gap38	998664	1002187	3523	CTATTCGGAGGCCGAGACCACCCCGTTCGAGATCAAAGATGACATCAAGACCAACGAAGATACACGCCTTAAGTACCGGTACCTGGATTTACGCCGCCCGGAAGTACAGCAAAAGCTGATGCTGCGCTCTAAATTCTATCAGTCGGTGCGTTCTTTTTATCACGAGTGTGATTTTGCTGAAGTGGAAACCCCTGTTTTGATGCGCAGTACCCCGGAAGGCGCCCGCGACTATTTGGTGCCCAGCCGAGTAAATCCCGGTAAGTTTTTTGCCCTGCCTCAGAGTCCGCAGACCTATAAGCAGCTGCTGATGGTTTCCGGTTATGACCGGTATTTTCAGATTGTGAAGTGTTTCCGGGATGAGGACTTGCGTGCCGATCGTCAGCCTGAGTTTACCCAGATTGATGTGGAGATGAGCTTTGTGGATGAGGAGGATATCTACAGCCACCATGAGCAATTAATGAAAAAGGTATTCAAAGAAACTATTGGGGCAGAGATAGAGACGCCTTTTCCGCGAATGACCTATAACGAGGCTATGAACACCTATGGCAGCGATAAGCCGGACACCCGGTTTGGACTGGAGTTCGCCGATTTTTCTGAGATTGTGAAAGATGCTGAGTTCAAAGTGTTTTCCGGAACCGTAAAAAACGGCGGTGGCGTGGTTGGTATTACCGTGCCCGGACAAGGAGATATGGGCCGAGGAGCCATTGACCGACTCACCGATCGTGTGAAAGAGGAAACCGGTGCCGGAGGGCTGATCTACATCAAGATGCAGGAAGACGGTCCACTTTGCAGCGTAGCGAAATTCCTGACGGATGAAATTGTAGAGCAGATGGTGGAAGAAGCAGGAGCCGGGCAAGGGGATCTTGTGTTAATTCTTGCCGGACCGAAGCCGGATGTGCTCAAACAACTGGGCCAGCTTCGCCTGATGATGGGCAAAGAGTTTAACCTGATTGATGAATCAAAGTACAACTTCCTGTGGGTAACGGAATTTCCACTGCTGGAGTGGGATGAAGAGACTCGCCGCTACCACGCCATGCATCATCCGTTCACTTCTCCAAAAGCGGAAGATGTGGAGCTGATGGATTCTGATCCGGCTAAAGTACGAGCCCGAGCCTACGATCTGGTATTGAATGGGAATGAAATTGGCGGCGGATCGATTAGGATTCATGACCAAAAAATGCAGAGCAGAATGTTTGAGCTGCTGGGAATTGGCGACAAAGAAGCCCGGGAGAAATTCGGTTTCCTGCTGGATGCCTTTAAATACGGTGCACCACCACACGGCGGAATTGCTTTTGGCGTAGATCGTATTGTGATGTTGCTGACCGGCGCGAAGAGCCTCCGTGATGTAATCGCTTTCCCGAAAAACCAGAAAGCGCAAAGTATGATGGATAATTCACCGGATGTGGTGGACGAAGATCAGCTTGATGAACTGCATATTTCCATTAAGAAAAATATTAAGGACCAACTATTGTGAAAACCGCTGGAATTGATGGCTGTAAAGCAGGCTGGATCCTCATCACTTTTGATGAAGGGGAAGAAAAATACGAGGTACTTCGTGACCGGGAAGCACTGAAAGAAGCTTTTGAAACCTATGATCGGGTTTTCATCGATATGCCGATTGGCCTTGAAGATGAAGATTATACCCGGGAAGCCGATGCCCTGCTTCGGAAAAAACTAGGGGGCGAATATGCATCCAGTGTATTCAGTCCGCCTATACGTCCGGCATTAACTGCTCCTTCGTATGTGGAAGCCAATATGATCAGCCATGAATACACCGATAAAAAGCTGACCCTGCAGGCCTGGAACATCACTCCGAAAATTCAAATGGTGGATGAGCTGCTTAGGGCAGATAAAGAGTTGGTGGATAAGGTGTTGGAAGCTCACCCGGAGCTGCTGTTTCAGAAGTTAAACGGCGGGATGATTTATCAGAAGAAGAACCTGAAGAAGGGGATTAAGCATCGGTTAAAGCTTATCGAAGACCGGGAGCCTATAGCTGAGGACTTTTTCCGTGATATCAAGGAAGATTTCCGGCGCAATGAAGTGGAAGAAGACGATATTGTGGATGCTATGGTGCTCGCCTACTGCGCCAAGATTTCGGAGGAAGAAGGCATCAAAACACTGCCCGAGGAATTTGAACACGATTCCGAAGGCATGCGCAAAGCGGTACACTACGTGTAGAACATCCAATAAGGAACACCTAACTTTAAACTTTTAAGTTCGGCGTTCTGAAAATCAAACACTCAGTTGAATGTTCATCATTCGATGTTCCATGTTGGATGTTCTAATCTTTGCTTTTGAGGATTTTCTTGTACTTCACCCCCGCTTTGTACACGCGGTTGATTCCGTTGAAAGCAGCAATTCGATAAGCTTCACTGTAAGTCGGGTAGTTCAAAACGTGATTTATAAAGTATCGGATATCTCCGCCTAACGACATAACCGCTTGCCCGAGGTGAATCAGGTCGCTGGCACGCTCCCCTAAAATGTGAATTCCCACCAGTTTTAAGGTCTCGGTTTCAAAAACCAGTTTTAACAATCCATCCTGCTGGTTACTGATATCTCCCTGGGTAATATTTTTGTAATAAGCTCTTCCAACCGTTACATCCAGTCCTTCTGCTTTTGCTTCTTTTTCGGTGAGGCCAATGCTGGCAATTTCGGGAATCGAATAAATTGCTTGTGGAATCTCGGGGGGCACATCCAGCGCTTCAATGCCAAACATACGGCAAGAGGCAATCCGGCCTTCTGAAAAGGCAGAAGAGGCCATTGCGGGAAATCCTTTAACATCGCCGCCGGCATAGATATTAGGCACCGAAGATTGATTATCGTTGTTAACAATTACATACCCTTCCTCATCAAGTTCTACGCCTACTTCTCCAAGACCGAGGTTGTCGGTATTGGGAACTTTACCTCCAAGATAAAGCACGTGTTCAGTTTCGATTACTCTGTCACGGCCGCCTTCATTATCATTTCGCAGGTTGTATTTAACCTCGGTAGTGTTTCGAAGGGCGTTGGGGTTGATTTCAATATTCTCAGCATTTGAGAAAACTTCAATTTTCTGCGTTTCTAAAATTTGCTGGAGCTGTTCAGAGATCTCATTATCTAAAAAGGGGAGAAAACTGTCCTTTTCGTTTAGGATCGAAACCCGGCTTCCCAGGTTAGAAAATGTAGTGGCATATTCGAGCGCCCGAACTCCAGACCCCACAACAACCAGCCGGCGGGGAATATGAGAAAGCGTAAGGATGGAGGTATAGTCAAACACCTTGTCATGATCCAGGTCAAAGCCTGTTGGTTTTACAGGTTTGCTGCCGGTTGCAACCAATATATACTCGGCCGAATATGTTTTTTTGGTTCCATCGGTGGTTTCAACTTCCACTTCATGCTCGCTATTCAGCTTGCCGTGTCCACGAACAGTATCAATTTCATTTTTATCAAAATCGGTTTTAACCTTCGTATTCTTGCTTTCCAGAATCTGGTTTTTGTACATCAGCAGGTCGGCCATCTGGTGGTGCTGGTAGGCTTTTTCTTT
NZ_CP175953.1_gap39	1008464	1011297	2833	ATTCTTAAGGTTCCATTTATTGTAAGCAATCGATGGAAATAAACAAAGCCTATTCGCTGCGAATGGCGTTTACCGGATTGATCAGGGCAGCTTTAACGGAATGATAACCGACCGTTCCTAATGCGATAATAACAATGAGTAGTCCGGACCCTAAAAACAGCAGGGGAAGCGAAGCTAAAAAGTCGAACCGATAGGTGAAATTCTCCAGCCATTTTGAGCCTAAATAATAACTGACGGGCCAGGCAATGATATTCGCGATGCCTACAAGAATAAGGAAGTCTTTGGAAAGTAAACCCACAATATCGGTAACCGAGGCCCCCAGGCTTTTACGAATTCCAATTTCCTGTTTACGAAGCTGAGCAGAATACGAAGCGAGCCCAAGCAGACCAAGACAGGCAATCAAAATACAAAGGATTGAAAATGAAGTGGAAAGGGAGCTCATGGTTGTTTCAGTTTCATAGATCTCAGCCAGCCTCTCATCAAGAAAACGATACTCAAACGGGTCGATGGGGTTTACTTCTTTCCAGGTTTTTTCGAGGTGTTCCAATGCACCGGTTACATCACCGGGAGCAATTTCAACGGCGGTGTGCTCAATATATCCCAGAATAGGCCGTGTGCCCTCCACCAGGCGTAAAATCAAAGGTTCAATTTCTTTTTTGAGGGAAGTATAGTTGAAATCCTCCAGCACTCCGACGATAGTAAAAGCCTCTCGGTCTCCGCTTGGCGGATAATGGTAAATGGTTTCACCAAGGGCTTGCTCGGGGGTTTCGGCATCAAGTTGGGTAAGCATTTTCCGGTTGATGAGAACCGATTTTTCCGCATCGGTGGAAAAGTCATGAGAGAACGAACGGCCGGCTATTATTTCCAGGTCAAAAGTCTCGGTTACATCATGCGTAACATGAAGCACCAGGTTCAGTCCATCCTGGCTATCTCCGTTACCGGCGGGTACGTAACGGTAATATTCGGTGTGTTCAGATCCCGGAATTTTGCCCAGCCCGGTAACCGATTGAATTTGAGCATGATTCAGGCTCTGTTCTTTAAAGTTCTCAAATTCCCAGGCGATCAGGTTTTGCTTGGTGGGCAGCATAACCACAAAGTTCTTATCAAAACCGAGATCTTTCTCCTGAATAAAATCGAGCTGCAGGTACACAATCGCTGTTCCGATAATCAAGATTACAGACAGGGTAAACTGGAAAGTAACCAGTACTTTTCGGAATAGGGTGGTTCGTTTTCCGCGGGTCGAATTTCCTTTTAATACATCAACCGGTTCAAAGGAGGAAAGGTATAACGCAGGGTAAAGACCAGCTATTAATCCCACAAAAGCGGTGAGGAGAATCAGCCCCGGGATGATGTAAACATTTTCAAAAAGATTGAAGGTGAGTGATTTTGAGGTTAGCTCATTGAAGAAGGGCAGAGCTAAAATTAATATAACAACGCCAAGTATAATGGCTATGAATGTAACCAGGAACGACTCGCCTATAAATTGATAGAAAAGCTGCTTCTGGTGTCCGCCCAATACTTTTCTCATGCCTACCTCCCGGCTTCGCTCCATAGAGCGGGCGGTAGATAAATTCATAAAGTTGATACAAGCAAACATCAGGATAAAGCCTGCTACTACGAGCAAAATGTATATATATGTGATGGAGCTGTTCACTTCCATTTCCTGGTCACGATTAGAGGTAAGGTGAATGTCGGTTATGGGTTGAAGTTCAATATCGACAGATTCATCCTTTGGCCATCCGGAGTAAGCCCGGTAGTATTTGTCTTCCAGGGTGGCTAACTGGGAGTTGAGAGAGCCTGTATCAGCGCCATCTTTAACTAATATATATGTCCAAATAGGGTTCCACAGCCAGCTTCGGTCGTAGCCCGGGCTGCTGGCATAGATTTCATTTAAGCTGGTAAAAGAAGCTACCAGGTCAATTTTCATATGAGATTGTTCCGGCCATGATTTCATCACACCGGTGACGGTCATATCGCGAATGCCTTTGTAACTCAGGGATTGACCGATTGGGTTTTCATCTCCAAAATATTTTGAGGCAAGGTCTTCACTTATAACAAGAGAAAGGGGATTCTTAAGTGCTTCGGAAGGATTTCCCTGAATAAGTTCAGCCGAGAAAACATCGAAAAAAGTGGAATCCACAAAATAGAAATTGCTTTCACGGAAAGAGACCTGATCTTCCCGGTTCAGGAAGGTGTGGTTTTCTTCCTGCATGTCAAAAAAGCGAACGGTTTTCTCAATATGGTCAGGAAATTCAGCATCCAAAACAGGGCCTAACCGAAATGGGGTGGTGGCTTGTTCCTCAACCCGGTCTTCCGAAGTCATGGTTTGCACCACCCGGTAAATCCGGTCGGAGTTTGAATGGAATTTATCATAGCTCCATTCATTTAAAACATAAAGCACGATTAATAAACTGGTGGCTAAGCCGATAGCCAAACCCAAAATATTAATGAGTGAATAACCTTTCTTATTTAAAAGATTCCTTACAGAAATCTTGAGATAATTCTTAAACATCAGCGATTCCTTTCACTTTGCCAACAGACTAAAACATTCAACTATTGTACCGTAATTATTAACGAGCCGAAAATGGAGTGAGCTTTATCCGGCCCAACGTATCTTATTATTAGAGTGACTTAGACACGCATTGTTACAAAAAAGAAGAAATAAATTAACAATAACTTCAAATAGTATTAATAGGGGAAGAGAATGAACATGAATTTGCAGTTGATTCATTAGTTATATAAAAATAACTTCTTACAAATAATTATTCACAAATAACGGGTACAATATGCGAGTTCAATCAGTTCTTTTACTAACCATCCTGAGTTCAATCTT
NZ_CP175953.1_gap40	1012327	1016668	4341	GTGAGGTTCCCGTACTGTACACCATCTGTCCGCCGGGCTCTTCCACAAAATCCTGATCAAGTTGAAATTCCACCCAGTCATTGCTGACTACCCATGCCCCATAATTATAAAAACTGGTGGTTTCCAATCCGGATTGCATGGAAAGCAGGTTACGGATGGTGATATTCTCTTTCTTTTGGTTGGGGTTTGCTTCAAAATATTCAGGGAAATAATCTCCCAACGTTTCATTTAGAGAGATAAAACCGTTATCAACAGCAATTCCGGTTAAAAGGGAAATTATACTTTTGGAAGCGGATTTGATGTTGTAGGGATAATCGGGTGAGGCATTCCGGAAATATTCAGCACCTAACAGTTCGCCCTCTTGTTGAATGAGAACGCTTCTGAGTGAATGGATGGATTCTGCTTCCTCAAAAACAGCTTCAATGGAGGTTGGAGCTGAAGACTGAGCCTGCAGGCTTTGAAATCCTGTGATGAAGCAGAGAATAGATAAGAATAAAACTCGTTCGGAAAATAAACTCATTCAGCGCTTTTAAATTTGAAGGTAACGGGAATTTTATCATCAAACGGGGAGCCGATGTGGTAGAGTTCCCATTCGGAATCATAATTCATAATCCGGTCCCTCAGAATGGTAATCAAATCTTCGGAGCTTCCATTCTCAGAATGCCAGTCAAAGGTTTCGACACGGAACTTGAGATTCCGTTTTTCTCCATTCACATGAACATCGAGATTAACAACACTTTCTACATTGGGGACGGTAAATTGAACACGGACATTATGCATGATTACTCCAGTTAAAGTGAATAATGGGCGATTATACTGTATGAGGTACAAAAAAGATGCCATTTCCTTAAAACCGTTCGTTCCTTCACTCAGGAGACTGTTTTGGTGAGAAAACCGTTCGAAAACAAACAGCTACTGTGCGATTATGGACGGTAGCCGGCTATGAGTTCCCGAAGTAGAATCCTTTCAGCAAGTCATTGTCAGGTAAATGTGCAATGCTTGGGTTTTCTTTTAAAAATGAGATGATATCACGATAGGCTTTATCCAGTTTTTGCAGTTCCTGCTTGGTGACAAATATGGTAAAGCTGTAAACCCGTTCACTTCCCCTGAAAACGGTGATCCGATATTGATTTGTGATATCCCGGTCCAGTCGGAGTTCAAACAGGTCGTAATCGAATGCGTGAATTTTTCTTCCGGGTTGAATGTCCTGAGATTCTTCCGTCTTCCTAATTTTGTTGATAATCTCCGTGTAGTTGGGCTCCGGAGCAGGAATATCCGGTTCTTTTTCTCGCTGAAACAGGTTTCTTAGGAAATTTCGCATTGAATGAAGGCGGGGTTATGATGTGTTATAAACTTAAGTTAAACAGAAATAAAAGGGAGTACAGTTTATGTCTTTTTTAGCTTTTGATGAATTGAAGAAGAAAGTGTCTAACCTGATTCATGAAGATACGCAGCGCCATGATCATCACATGGACCTGACGGTGGCTGAGGTCCATCGCATTAACGGGGCCGGCTCGCTGGATTTCGGAGGTAGTGAATTTAAGCCTGCCACCACCCAGAAGTTGAACCCTGAAAAGCAAAAGGTGGACGATGACTACGGATGGTGGAAACTACAGCAGGGTCCGTATAGAATAATCTTTAACGAGAGCGTGGATTTTGAGGACGGCTCTGCCGCGTTGATTTCAGCTCATCCCCATGCCCGGCAAGCCGGACTAATCTCCGATTCTTATGTGATTTCTGATGACAGCTCCGACGCCCTTTCCCTGAACGTTACCGTTTCAGAAGCAGGGTGTAATATCAAAGAAAATGCCCGGATTGCAGAGTTAAGAATTATCAGCGGCTAACTTTCTACAGGCTGATTATAGGGGTCTTCTTTGACCAGTGTACCGTCCTTCAGGTTAATGATACGGTTGCCGTAAGCGGCCATTTTCTCGGAATGGGTAACCTGTATAATGGTAACCCCATCATCGTTCAGCTTTTTGAACATATCCATGATTTGTTCGCTTTGTTCGGAGTGAAGGTTTCCGGTAGGTTCATCGGCCAATAGCAGTTTTGGGCTTCCGATAATAGCACGGGCAACCCCAACCACCTGCTGCTGACCACCCGAAAGCTGGGGCGGGAATAAATCCTTCTTCGCTACAATATTAAAACGATCCAGTATATCGGCGACCATGGCTTTGCGCTGCTTGCTTTTTACTTTTCGGTACAGCAGTGGCATTTCGATGTTTTCATAAACGGTAAGTTCATCAATCAGATGATAGGCCTGGAACACAAAGCCGATGTGGGATTTATGATACTCTGATTTTTTCTTTTCGCTTAGGTTGTGAACCGTCTCACCCAAAAAAGTGTATTCGCCTTCTGAAGCATCATCCAGGAACCCAAGAATATTCAGCAGGGTTGATTTACCGGCACCACTCGGCCCCATGATGGTAACAAACTCCCCTTCCTCAATATCGAGGTTAATCCCCTTCAGGATGAAAGTCCGTTGAAACCGCTTGTCGATGTATTTGTCTATATCTCTTAGTTGGATCATGTTTTTTGTATTAAGCAATCAGCCGTCAGCTATCAGCTTTCAGTTTTTATTTGATACCGGTAAAACTGAAAGCTGAAGTCTGTTAGCTGGCAGCTATTATTATTCACTTCTTAAACTGTCGGTTGGGTTAATTAAGGTTGCTTTAACGGATTGATAACTTACCGTAAACCACGCAACGGCAAGAGTAAGTAATCCTGATAACAGGAAAATGCCAAATCCTAACTCGATTCGGTAGGCGAAATCCTGCAGCCAGGTACTCATGGCATACCAGGCAATCGGGGTCGCAATCACAAAAGCTATGGCTACCAATTTGGTAAATTCCTTGTTCACTAAGAAAACGATATTACCGGAAGAGGCTCCTAACACTTTTCGGACCCCAATTTCTTTGGTTCGCCGGATGACCATCAGCGAAGCAAGCCCGAACAGGCCAAGACAGGCAATAATGATAGCCAGTACTGATCCGGTAGTTACAATGCGACTGAGCCGGCGTTCTTCCCGGTACTGATCATCCAGTGATTGATCGACGAAGGTATAATCGAACGGAACGCCCGGCGCTACCTGTGCCCATACTTCTCTCAGCTGACTTACTGTTTGAGATAAATTTCCCGTGGATAAATTGAATGAGTATCGCGGGTCAAAAGAGTTTGAAATACCGAGGTCGGAAATTCCGCTAAACAGAATATCCGGGTTCATTACTATAGCAAGCGGCTCTACCGGGGTATGCAACGACTCATAATGGAAATTTTCCACAACGCCGATCACCTCATGCTGATCGAATTCAGGTCCGGGAAGGCGTTGGCCGATGGGGTTTTCCCAACCGAAATATTCAACGAGGGCTTCATTCACGATCATAGCCTGACGGGCATCAGAGGGATTTTCTTCAGAGAAATTACGCCCTTCCTTTACTTTAATGCCGAGAGTGGGGATGAAATCAGCATCCACAAAATTGCCGTGGAAGTTTTTGGGTTGATCCTGATTATCTCTGAACCCCATCTGAAACCAGCCCCCGGTTTGCACAGGAGTGAAGGAAGAAGTCGTTATTGAAGTAATTTCAGAGGTAGCTTTCAATTCATTGATAAGTATTTGCTTTCTCCGAATGCTTTGTTCAAAAATATCAGCCGGTGAGCTTTGAGGGGTATTGCTGATGCCGGATTCCAGCACCAAAACCTGATCTTTCTGATATCCGAGATTTTTATTCTGAACATAATTCAGCTGCTGATGGATAGTAATGGTTCCTATAATCAGGGCAATGGAAAGTGAAAACTGAAAGACGACCATCACTTTTTGGAATCCCCCCTTTTCAGCAGACAGATTTAGACGACCTTTCAGCACTTCAATCGGGCGAAAACCGGAAAGGACAAGAGCAGGGTAAATGCCTGCTACCAGACTCACAGCTAAAGCAGTAAGCAGTAACACTCCCAGTGTTCCTGCTCCATAAGAAATAGTAAGCTCGGTTCCGGAAAGATCATTGAAAAAGGGAAGAAGAAGTTCAGCAAAGGTGATCCCGATTAAAAAGGCAATCAGCGTCATCATCAAGGCTTCACCCCAAAACTGATACATCAGATGTTGCCGGATGGCTCCTATGGTTTTCCGGATTCCAACTTCCTTAGCTCTTGAGGTAGATTTACTGATCGAAAGGGTCATGAAATTAACGCAGGCTATCAGCAGAATCAGAAAGGCGATGGCTGCAAGGATGTAGGAATATACCGGATCGCTGACGCTGGCTTGGGCTGAAGGAAATTCGGTGTTAAGGTGAATGTCAATCAAAGGCTGGAGGCCTACTTTATAATCCTGATTGGTGAAGAAAT
NZ_CP175953.1_gap41	1018083	1022543	4460	ATGGGGACACGTTTTCGCGCAACGACTCAAAATTGAAGTCCCTGACTACGCCCACAATTTCATAAGACAGCGTTTTGGATTGATCGATTGATCCATCTTCGTGGTTCATTGCAAAGGTTGAAATACTCTTGCCAACCGGGTCTTGGAGGTCTAATCGCTGAACAGCTGTTTCATTGAGGATTACGGCTTGCTTGTCCATTGCCCGATTCTCAGAAAAGTTTCTTCCCTCCACGATCTCCATTTTCAGCGTTGGGATGTAGTTTTCATCCACCTCCCATGTTTGCATGCTCACGGTGTTATTCTGTGTGGGTGATTTTCCCTCCGGCCAATAAGCCAGGTCATTCAAGGAATATCCATCAACGGGAAAGAAACTGGAGATGGTGGCGGATTTAATGAATGAGTTTTTCAACACATCGTCTCTAAAAGAATCGACTCCGTTGCTGCTTCCGATAGCATAGGCGTCTTCAACGATTACTACCCGGTCTTTCTCAAATCCAATGTTTCTATTCTGAATAAATTGCAGCTGGTCGTTGATGACAAGAAGTCCGGCAATAATTACGATGGAAATGGAAAACTGAAATACCACCAATCCCTTTCTGAACAAACCATGGCCTTTGCGCTCCAGATGGGTGTCTTTAAGTACTTTTACGGGTTGAAATGAAGACAGCATCGCCGCAGGATATGCCCCTGCAAGCAAGCCGGTGATGATGACAATACCCAGCATGCCCAGGCTTAAGGGAAGGTTGGTGAAATACTGCGAACTTATGGTTCTCCCGGCTATATCGCTGAAATAGGGCAGGGTAAGTTCAACAAAAAACAGGGCGACAATTAAAGCCAGAAAACTGAGCAGAAGGGATTCCATCAAAAATTGGCCGGCCAATGTGGAACGGTCAGATCCCAGGCTTTTTCGAACACCGACTTCTTTTGCTCGTTTTGCTGATCGCGCAGTAGAAAGGTTCATGAAGTTGATGCAGGCCAGCAGCAGGATAAAAACGGCCAATCCGGAAAAAATATATACATAAGTAATGCTTCCGTTTGCCTTAAACTCTCTGGTGAGGCTGGAATGAAGGTGAATGTCCTCCAAAGCCTGTAATCTGTAATCGGCACGATTTCCGGCTTCTTCAAATTCTTTCATTGTAATTCCCATAAACTGAAGAAGCTGGGGCTCTATGTATGTTTTCTTGATGTACTCGAAGTTCTGTTCAAAAGCTTCTGGGGCGGTATTTTCGCTAAGCAGCAGGTAGGTTCTGAAGTTATTACTCAGCCACACATTGTTGTTGGCTTCATCGATTGTTGCCATCGAAATCAAAAAGTTGAAATGAAAGTGAGAGGTATTCGGCATGGTTTCGTACACGCCGGTAATTTCCATATCAAAATCATCCTGTATGGTAAGGGTCTCGCCCACCACATCGGCGCGGCCAAAATACTTCCGGGCCATTTCTTCACTAATGGCAACCGTTTGTGGCTGTGTCAAAGCATGATCCGGTTTCCCATAGAGAAAGGGGATGGTGAATACATCAAAAACGGAGGAATCGGCAAACACAAAGCCACTTTCACGATAGTTTTTTCCTTCTTTTTTGATCAGGTAAGAACCACGCGGACGGAAACGGGTCATAGCCTCAACTTCAGGATAAAGCTCCTTAAGGGTAGGTCCCATTGGTGCAGAGGTAGAGGCGAGTTCGATAAAGTTGCCACCGAAATCGATGTGGGAGGTTACCCGGTAAATACGATCTGAGTTTGAATGATGTTTATCGTAAGAAAGCTCATGCGTTACGTACAGCAAGATCACAATACAGGTCGCCAAGCCCACAGCCAATCCAATGATATTGACCGAGGAATAGACTTTATTTTTGAACAAGTTCCGGAATGCGATTTTGAAGTAGTTTTTTAGCATGGTATTTAATTTTGAGCTTTCAGCCGTCAGCCGTCAGCCGTCAGCCGTCAGCCGTCAGCCGTCAGCCGTCAGCTATCAGCTTTAAGTTTTATCGAGATTGATAAACTGTAAGCTGATGTCTGATAGCTGACAGCTATTTTCATTCACTTCTTAAACTTTTTACAGGGTTTGCAAGTGCTGCTTTTATTGTTTGATATGAAATAGTGCTTATGGCGATTACAAGAGAAACGAAACCGGCCAGCAGGAACACCCACCACGGGATAGGGACACGGTAGGCAAATTCCTGCAGCCAGTTTTGAATTGCGAAATAACATATGGGAATGCTTATCAGGAAAGCGATCCCGACCAGGAGTGAGAATTCCGAAGAAAGCAACCAAGTAATTTGTGAGGCCTTCGCTCCAAGTATTTTTCGCACTCCGATTTCTTTACTACGGCGCTGAATCATATAGGTGATTAGCCCATATAAGCCCATGCAGGCGACTATAATGGTTAAAATGGTAAAGACAGTTAGCAGCTTTAGAAAGCGCTGATCGGCCTGGTATAATTGATTGAGATGCTCATCAAGGAAAACGAAGCTAAAGGGGAAATCCGGGACCACGCTTTTCCAGCTTTCCTGTAAGGAGGCAACAGCTTGAGAAAGGTTGCCGGGTTGTAACCGGACAAATACTTTTTCCATGTTGGTTGGTGGAATGTACATGACCAGCGGCTGTATTTGACGGTGTAAGGAAGCAAAGTGGAAATCTTCAGCAACACCAATCACGTATCCGTCCATAATGTCGCTAACTCTGAGTTCTTTGCCAATGGGATTTCCCCAACCCAGTGCTTTAGCAGCCGATTGGTTGATGACGATACCGTCAGCAGAGTCGGTGGCAAAAGAAGGGTCGAACGAACGTCCCTCGGCCATTTTGATATCCATCGTTTCGAAATAATCGAAATGCACACCGTAGATATTCATGGGATAACCTTCAGGGTCATCCCCTGGAGAGAAAACAGGAACAGTTCCGTTTCTTCCATCCAGTAAGCCGGCTCCTAAACTGGCATTTATAACATGGCGGTTTTGCTGTAATTCATTTTTAATGGTTGGAAATCTGCGGGTCAGCTCCTCGCCATTCATATGTAAAACAACAACCTGCTCTTCATTAAACCCCAGGTCTTTTGATTGAATGAATTGAATTTGGTTTCGGATGATTAAACTTCCCGCAATTAGTACAATGGCGATTACAAACTGACCTACAACCAATATCTTTCGGATGGAGAACACCGAACTTCCGGTTTCTATCGAGCCCTTTAAAGCTTTTGAGGGGCGGAAGTTTGAAATCATGAAAGAGGGATAGAATCCTGCCAGTACTCCGACAATTACCGAAAGCGCTAAAAGGGTCGGAACCAGGTAAAGGTAGCTTCCAGCTTCCAGACTCAATTCCATATCTAATAACGAAGAGGCGGCTTGTAACACCGGTTCAAGAAAAAGAAGGGCTATGCAGATACTTAATAGCGTCAACAGAACCGATTCAAAAATAAATTGCCCCATCAGGGACGTGCGCTTAGCACCTAAAGTTTTGCGTACGCCCACTTCTTTACCTCTTCGGATAGCCTGAGCGGTTGAAAGGTTCATATAATTAAAACAGGCGATTATCAGTAGAAAGAGGGCGATGGCCGACAGCCCGAAAATATAGGCCCGGTTACCAACCCGCATATCTTCAGAAGCATTTCTGAGGTTTGAGGCAAGGTAGATTTCATCCAGGGGCTGCAGGTGTAAAATCCGGTTCTCACCAATATCTTCTCCCATGTTGGTGACCAAAAAATCGTCAAAATGGGCAGCTACTTGCTCAGGGTCAGCCTGTTGCGATAATTTCACGTAGGTGTAGAACGAAACCCATCCCCAGCTGTCAAGAGTAACAGGATAACCACGGGGGACTTCAAAAGTGTCGAAGGAGATGATGAAATCGAAATTGAGGTGGGTATTAGAGGGAATTTCTTCAAATACTCCTGTAACTGTTAGCGAGATTTGATTGTCCAAAAGCAAAGTCTTGCCCATCGGGTCTTCATCTCCAAAATACTTTTGGGCCATTGGAGCGGTAATCACTACGGAATTAATGTCTTTTAGTGCCTTGGCTGGATTGCCTTGAGAAAGAGAAAAATCGAATATGCTTAACAAGGTAGAGTCGGCATAGGCTACATTGTATTCATAAAACTGACGGTTTTTGTAGCTGAGAATGTTGGAGTCAGGGAATCGCAACCGCACGGCTTGTTCAATCTCCGGAAAACTCTCAACTAAAGCAGGACCCATAGGAGGCGAAGTAGTAGCAAAATGCCGGGCACCGGGACGGTTTATTTCCTGGAATGTAAGCCGATAAATCTGATCCGCATTGGTATGGAAATTATCTACACTCAGCTCAGCACGGACAAACAAAAAAATTACTATGCAGCAAAGAAGAGCCACACTCAGCCCGAAAATGTTGATGATCGAATTTTCTTTATTTCTGTAGAAATTCCGAAAGGCTATTTTAAAGTAATTCTTCAGCATGGTATAAAGTTTCTATGTGTGAACGTATTTAAGTGTTTATGC
NZ_CP175953.1_gap42	1025662	1027523	1861	CGTTCGGGTTAAATGCCATCACCTCCATTAACCAGAGGGCTCTTCAGGATGCTCGTGTTTTGGATGAGGAGTTTAGAAATACCGGGGAGCTGCGACCATTGCATGGTATTCCCGTTATTGTGAAGGAGAATATCAGCACGGCAGGACTTCAGACCACAGCCGGTTCGCTTGCAATGCAGGGATTTATGCCTAAAGAGGATGCCTACATTATTAAGAAATTAAAGGAGGCTGGAGCCATCGTTTTGGCTAAGTCTAATATGGCAGAATGGGGTATCAGCGCCAATATTACAGTAAGTTCGGTAGCTGGTGAAACGCTGAATCCCTACAATCTTGCATATACAACAGCGGGCTCAAGCGGAGGCCCAGCCGCAGCAATTGCTGCCAATTTTGGGATCATTGGAATAGGAACAGATACGGGTGGTTCTATCCGGGGTCCGGCTTCCCATAATGCTGTTGTAGGTGTAAGACCATCAATGGCGTTGACGAGCAGAAAGGGAATTATACCGCTTAATTTAAGGAATGATGTACCCGGTCCTATGACCAGAACAGCAGAAGACGCAGCTCGGGTACTTGAGGTAATAAATGGATATGATCCGGAAGACCCGCTAACCGAATATGGAAAAGAAAAATTGCCGGATAGTTATACTGAGTTTTTACAAAAAGATGCTTTAAAAGGAATTCGAATAGGTGTTTTTAGAAAGCTCAGTAATTATGCCAGTCCTCAGATAGATACTTTATTTCAACAAGCTATTTATGAGCTGGAGAAACTGGGTGCAATTATTATTGATCCTTTCGAGGTCCCCGGCTTTGATTCTCTGCGCCACAATCAATGGTGTGCGGTATTTCAGGAAGATTTGAATGAGTTTTTGGGTAGCCTTGGTGATGAAGTTCCGGTTAATAACTTACAAGAGGTTATAGCTTCGGGTAAATATTCGAAATACATAGAGAATGATCTGATTAATTATCAAAAATACATGAAAGTACAAGGAGAGACGGTTTGTGGCGGTCCTTTTTCGGATACTAAAAGAATTGCATTCAGGAATGCTATTGAACAGGCTATGAACCACCAACGGGTAGATGTATTAATCTACCCATCCTGGAATCGAGCGCCCATTAAAGCGGGAACGGTATATGCTATTACGGGAGATAATAACCACATTATAGCTCCACATACGGGGCAACCGGCAGTGACGGTTCCTATGGGATTTCTGCCTGAGAACCTGCCGGCAGGGATACAGTTTTTAGGTCGTATTTTTGACGACCATAAAATTCTGAGTTACGCATACGCCTATGAGAGAGCAACTCAGCATCGAAGAAAGCCCAAAATGTTCTCGAAGTAAATAAAGCTTATTGTTAATCGAGATGTTCAAAATTTTGAATGAAGGCCGAACTTTCAAATCCTAACCGGTCGATATAGGTAATATGAAGTTCCTTCAGCAGCGAAACCCTTCCTTTTCGAAGAGGTGAACTGGCAGGTGCATGGTTTATCCTGTAATAAGGGATAACGGCAGACTCCCGGGTTTTTGGGATGATAATTGTTTGCCAGGTGTTATCATATCGAGCATAAACAATCCATTTTGAAACACGGCTCATATCTTCCTCCAATACAAAAGAAAGGGCCCCCTTTTCACCGGTAAAAGAAATGTCAGGTGCTTTTAGCGGACGATGGTTGATCCAGTTCATGGAAGGAATCAGGGCTTCCCGTTTATAAGGTTTATCAAGCAGGGCTTGTTGGAGCGAGTCATTTTCAACTATTCCCGTCATACTCCAGTGGATGGTTCCGGGTGCTTCCGGCAGCATGCCGCGTGTTATCATAATTTGATTAATGACCTCGTCCACTTGTTGCTCTCCTTCATAGCGG
NZ_CP175953.1_gap43	1061503	1063124	1621	TCCTTCCGAGCAGCTTTTCTTCCCGGAAGAAGGCGAGTTTGAAGTGCGTATTAAAAAAGGAGGGCGTTTTCATCATTACACCTTTGATCATCACCCCTGTGATGTAGTCGGTTGGGATGGATATCTGTATCCGTGGATTTTCAACATTAAAGATTTTGAGCCGATCACCGGACGTATCCATCAGCCGCCACCGGTTCACCAAACCTTCCGTGGTCACAATTACGTGGTATGCAGTTTCTGTCCGCGTAAATTCGATTATCATCCCGAATCCATTCCGGCACCTTACAACCACTCCAATGTAGATTCTGATGAAATGATCTATTATGTGGAGGGGGATTTCATGAGCCGGGAAGGAATTGGCTATGCGGATATTACTTTACATCCCGGGGGCATCCCACATGGACCTCAACCCGGTAAAGCCGAAGCGAGTATTGGAGCCGAAGAAACCGATGAATATGCGGTTATGATAGACACTTTCCACCCGATGTATGTAACCGAAGAGGCCATGCGATTAGATGACCCGAGTTATCCGTATTCCTGGATTGAAGATAAGTAAAGTTCAATTCTGACTGGTGACGATCGCTCTGCGTGGTCACCAAATTTGCTCCGAGCAAATAAAAAATCCCGGTAATCCATAAATCCTGCGAATCAAGGTTCAAAATTAGCTTCTGAACCATGATTTCAATGATTAAAGGATTAGCAAGATTACTAAACTCAGACTCGAACTACTAACACCTAAAACCTAACACCTACACCTTGTAACTAATCCCTATCCTCTCCATATTCCCGCCCATCTATTTTTAAATTTCAAAACTCTGTCATGAGAAAAGTTTTTCTGCTATTCACGTTTTCACTCATCACTTTATCACTCTCCGCTCAAACGACAACCAGGTACGAAATTTCCTTCGAAAATGCGGTTCATCACGAAGCTGAAATTTCAGTGATTTATACCAACCTGGAGAATAAAGTACTGGAAGTGCGAATGAGCCGGACTTCTCCCGGTCGATATGCGCTCCACGAGTTTGCAAAGAATGTATATGGGGTAAAAGCCACCGACGGCAAGGGAAAGGAGTTGGAAGTGACCCGTCCAAATCCGCACCAATGGAATGTAAGCGGACACGATGGAACCGTGAAATTTGAGTACACCCTGTTTGCCAATCGGGGAGACGGTACCTATTCGCAGGTAGATGAAACCCATGCCCACCTCAACATACCGGCGACTTTCGCCTGGGCCAGGGATTACGAACACCGCCCGATTGAAATCACCTTTGATGTGCGTGAAGATCTGAACTGGAAAGTGGCAACGCAGCTAAAACCTCTCGAAGGAACGACTTATTACGCGCCCGACCTCTATTATTTCCTGGACAGCCCGGTGGAGATTGCGGATTTCCATGAGCGGCAGGAAGCCATTGATGGTCAGCTTATTAAAATGGCTTTGCATACCCCGGCAACGGATGAAGAAGTAGATGAATACTTTGGTAAAGTGATGGCCATCGTGAATGCACAGGTCAACCTATTCGGAGAGCTTCCTGAATTTGACTACGGTGAGTACGTATTTCTGAATTGCTTTATGCCCAATGCCAGCGGAGACGGGATGGAGCACCGCAATTCCACCATTGTA
NZ_CP175953.1_gap44	1089361	1094309	4948	TTCCGCTTATTCCATAACACACTAAAAAACGGGGTTTTATGGAAAAGGAAACAAAATTGCTAACCGGGGCAGTGGTGCTCGGGGCCATCGGCTTCTTCATTCCGCTTTATTTCGGCAAAGCCTGGATGGCACTGTTCATTGCGTTACTCATCGGCATCATATTCCTGGGAAGAATGGTCAGCCTGAGTAAAAACACATTCGAATCTCAAAATGCTTACCGGGTAGTTTACGGGTTGGTAATATTGGTCGTTTTATTTAATGCCATTGCTTTTGCCAACGACTATGGCCGGCGGGATTTTCAAAAAAACATTCTTCTTGAAATCAGGAAGACTATCGATACCGGTGTAACCAAAGCGGATGTTCAGGAGAAGCTGATTTACGTACTCGGCCAGTATCATCAAAACGACCGGGAATCGGTTGTGGAAACGTTCCGGGAGCTGATGCCTGAAAAATTAGGGGAAAACGGAGTATATATATCTGATTTCGATCTGCAAAACACTAAAATGGGGACTAATCCGGAACCGGGTGAAAGTGAGGGTATAAATCACTTCTATGAAATTGATGAGGAAGCCGATGAGATTAAAGTAATGGTGGTTGGTGAAATTTCTTTAGGAGAAGATCCGGAATATGAGAACTACGACGGACGAAAGGGAAAGTATGAAATGCTGTTCACACTGAACGAAGAGGGGGTACGATATGAAGTTCTCAATTAGAAGATTCAATGAATGGCTGATTGTGATAATGATAGTAATTCTGGTTCCTGCACTCTTCTATTATATTCGTGGCGAGCTAAAATTCCTGCCAAATGATCTACACTATGTATTCAATATTCAACCGGCTACCGTAATTCTAGGGCATAATACTATGTATGCTATCGATATATTTAGCGGTAATAGTCCTGTGGATTATTCATGGAGCTGGAGGTCAGTTTCAATGTATCTAAATGTCGTATTATATCTGATGCTGGGGCCTTATTTATTTCTGATGGGATATAAAAAAGCTAAACATCAGGAGAACCGGCCCAAACCCTGGTATTGGTATGTTGGGGCTTCCTTGTGTATCGGATCATTGTTAATTATTCCAAGCGAAATCATGAAGCAAAAGGTATTAGCGAATACCAAAACTAGTGCAGCCGAAAGCAGGCAGCGCGATATGATGAGAACGGAACTTGCCGAAGTAGGATTTGCTTTGGCTCAATATGAAATTTTGGAAGACGGCATAGACGAATCATTTCAGGTGGAAGACCTCAATTTGGAAGGACTTAAGTTTCAGTATACGGTTGAAAGTGTGCAGTTTGATACGCTCATAACATTAGTAGGATCAATACCTGACCAGCCGGAAGTTACCGTTACGATGGAGGTGCGTCCATATAACCAAAGTGTTATAAAACAACGGAATTAGTTGATCCTGAATTTGGTTTGCCCGAACAGAAAGCAAACCAATTATGAAAAACATCAACAGCTACCGAAAGTTTAAGCGCAACGACAAGGAAGTGAACCCGGAGGGAGAGTATATCTTGTATTGGATGCAGGTCAACCGCCGGTTTCAGTACAACTACGCCCTTGAGTATGCCGTCGCGCTTTCCAACAAATATGAAAAGCCCCTGCTAATTTACGAGGGATTGAATGTGGATTATCCCTGGGCATCCGACAGGCTGCATACCTTCATCATGCAAGGGATGAAGGAGAATCTCGACTATGCAGTGCAAAAAGATCTGAACTACTTCAGCTACCTGGAGCCTGAGGCCAAAGCCGGTAACGGACTTTTTTACGAACTGGCTGATCATGCCGCTGCCATTGTTTCGGATGAATACCCGGTTTTCATCATCCGGACACATAACGAGAAAGTAGCTGACAAGGTTGATGTGCCGTACGTTACCATCGATTCTAATGGTATAATCCCCTTGGGAATCACGGATAAAGATCCCTATTCAGCATACCTTTTCCGAAAGGTGATGCAGGAGCATTTTCTGGAAGCCTATACTCATCCACCCAGGCAAAATCCGGTGGATGATTTGGAGATTCAGAAGAATGTGGAGTTACCGGATTCCTTCCTGAAGAAATATCCCCCCGCAGATGAGAAGCTGGAAAATATTGAGCAAACGGTATCAGAACTGACTATTGACCATTCGGTTAAACCGGCTGATTTAGACGGCACCCGGCAGGCTGCTTTAGGGAAATTGGGGCATTTTGTAGCGCATAATCTCCATCAGTATGATGATAAACGTAACGACCCGGATGCAAAGGCTTCCAGTGGATTGAGTCCGTGGCTGCACTTTGGAAAAATCAGCGAGTATGAAATTGTGAAAACGGTGCTTGATCACCAGCCGGAAGGGTGGGACCTGGATTCCATCACCCCTAACAACGGAAAGAACTCGGGCTTTTTTAATGGAGACCCAAACATCGAAAGTTTTTTGGATGAAGTGATCACCTGGCGGGAAGTTGGCTTTCATTATGCGCATCACCGTCCGGATTATGATCAATTTGAAAGTTTACCGGATTGGGTTAAGAAAACCACCTCGAAACATGAAGGGGACAAACGGGAATGGATTTACAGCCTGGAAGAATTCGAGCAGTCCCAAACGCATGATGAAATCTGGAATGCAGCCCAAACCGAACTCCGTGAAACGGGGGTGATGCATAACTACTTACGGATGCTGTGGGGAAAGAAAATCATCGAATGGACACCGGATTACCGCACGGCTTTGGATTACATGATCGAGCTCAATAACAAATATGCGCTGGATGGACGAGACCCCAACAGCTATTCCGGAATTTTCTGGTGCTTTGGCCGCTTTGACCGCGCCTGGCAGGAACGGCCGATCTTCGGCAAGCTCCGCTACATGACCAGCGATTCAACCCGTAAAAAGGTGAAGCTGAAGCAGTATTTGGATAAGTTTGGGAATCAGAAGAGTTTGTTGTAGTGATTGGGGAGAAGAAGTAGTCAGGAGTCAGGACTCAGAATTCCGAATTACTTTTAGTGAGTGGGTTCAAGCATAGGACTTGATAGCTATCTCTATGAGCTGGGATCTATGCTTAAGCACGAATAATTCTGACTTCCTATTCAAGCCATAGATGAGATAAAGGGGTTTAACAATTTTGTTGTTACTGACTATATTTCTCGAAACACATATTTTGCAACAATTATAAGTTTTGGAATTTTTTGCAATGAACAACTTTTCTGAAATAGAATACTGTACCGCCATTAGCTCATCTCTTAATGGTAATTCCTTTGGAAAAGGTTGGTTGCTGCTGGTTGTGATTTGCTTATTCATTGCCGGTTGTGGAACCGATGCCATGAAAGAAGTTTCTATTTCCGGGGAATGGAATGTTGTCGGATTTGAAGGGGAAAATGTACAATTTGTCCGTTCAGGGAGTGAAGGTATTTTTCTTGCTACCGAAACCGAACTTTATGAAAGTGATGCTGCTGATCTTTCGAGCTGGACGTCAAAGAATATGAGCCAAGTATTGAAAGAGGGAGAACGTATCCGGGATTTTCTTGTATTTAATGAGGCAGAAATTTTAGGGGTTGTGTTGTACAAATATGACGAGTCACCTGAAGAACATGAAGATTATTGGGATAATTTTGTATCCTTGTTTCGAACTACAGATGGAGGGGAGACCTGGGAGCCGCTATATAATGAATTCACCGAAAACGGAGCTAATGTAGGAAATGTAGCAGCAGAACCGAACATGGAGACCATATATGCGGGCCACGCCGGTAACGTGGCTCAATCTAAAGACCGTGGCGTAAGCTGGTCGCCCTTACACTGGGGTAATGAAGATAAAAAATGGGAGCCTCAGACCAACGTATCCTTTATCAAAGTGAATCCATTTTATACCGATGTAATCTGGAGCATAGGCAGTGGTATTACTACCGGCCCCTTAATTATCAGGACGCTCAACAAAGGCGAAAGTTGGGAAATATATAACCCCATTTTTGCAGATGGATACGGCGGAGGGCCCTTGCGGGATGTGGAATTTGCTCAAAGCAATGATGATAAGGTAATGGTTGGGATGGCAGACTGTATACAATTAACCAAAAATTCCGGTGAAAGCTGGGAAAGAATATATGAGGACAAAGCTGTTTTTGCCCTGGAACGGGGAACAGTGACCGATGAAGCGGTGTACGCATCGGGGCGAATTTATTGGGGTGAACATAGCGGAAGGCTCTACATTGCATTCACACCTGATTTTGGAAAAAACTGGCAAACATTTTTCTACCAGGAAGGCCCCAATGATGCCATTGTTAACGACCTGGCGGTTACGGAAATAAATGGGCAGGAGACGGTACTATTAGCAACAAATCAGGGGCTGTATAGCTTTTCAGTTGATTGAAGAATCGTATCTCACCTTCGGCAAGCTCCGTTACATGACCAGCGATACAACCCGTAAGAAGGTAAAGCTGAAGCAGTATTTGGATACATTCGGAAATCAGAAATCATTATTGTGAAAACACCGTAGGGGTAATTCATGAATTACCCCTACGGTTGGTGGCTGCCCATATTAAGACCACTATATTCTTGATGGTTTCCACCTGTTAAAACACATATCTTACATATGATTTAATTCCCAAGCCCAATTCATGGATCTTTTCGAAGAAAAAAAGTCTGGTGGTTTTCAATCTTCTTCCCAAAAAGAAAATCCGCAGTTTAGCGAGCCGTTGGCAACCCGGATGCGTCCGCAGTCGCTGGATGAATTTGCCGGACAGGAGCATTTGGTTGGTGAGGGTAAAATGCTGCAGCGGATGATTGATACCGGCATTATTGGTTCGTTGATTTTTTACGGTCCTCCCAGTTCAGGTAAGACCACGCTCGCTCATGTAATTTCAAGAGAGATTAAAGCACAGTTTGAAGTGATCAATGCGGTGCTGGATGGGATTAAAGAGCTTCGTAATGTGGTGGATAAGGCGGAGAAATTGAGAAAGCTTAACGGACGGAAGACCATTC
NZ_CP175953.1_gap45	1137823	1139724	1901	ATACAGGGCGAAGAAGGTTCGGCTCTGGCTTCCGTACTCATAATTATCGTGATTGTCAGCCTTTTTATCGGGGTAGTTCTTTCAGGGATATATCTGCAGAATGGGTTCATTCAAAAAGACATTAATGAAGTAAAAGCCCGTTATGCTGCCGAAGCCGGTATTGCTTTTTTTCTCAGTGAAATTAAATATTCAGCTGTAAATAGGGATACTTCCATAATAGTTACAGTTCATGACTGCACAAAAGTAACCATTAATGCCAAGCCCTTCGGCGGTTTTTTGGATGTTGAATCTATGGCAATGGTAAAAGGAAAAGAGAAGAAAATTCGGGTACTTGCAGGAGCTTCAAAAACCTATCCATTCGAGTATGCAGTTGTTTTAGGGGACACCAGCTCAGTGCTTATGCTAACCGGTTCAACTCAATTGAAAGGAAACATACTAACAGGGCAAATCGGAACAAGAACCACGGATTTTAAAGGAATTTCCTTTAGCGGAAGTTTGGAAGGAGAACAAACTCAACAATCAGGGGAGCTTTTATCAAGCTTTAATGCCAGCTTCATTCAAAATCAGGAAGCAGTAATCAAAAACTCGTTTAAAGATGGGAAATTCAGCTCGTTTTCCAGTAACTATAATGGCGCTGGGAATTCAAATGCAGCGGCTGAGGACACGCTCTATTTTGACGGTGATATTTCCTGGTCTACCCGAGATTCTATTTCCTTCCCAAAAGATCTGATAATTGCCGTAAATGGAAACATGACACTAAACGGGAATTATCATTTTGGGGAGTTTACAAAGCTATTGGTTAGAGACACCTTAAGAGTTGGAGGCAGTGTTTCAGGGGAACATGTACTCATGTACGCTGGGCAGTCTCTTCAAGTTGGGGGTGCGGCTCAGTTTAGTGCTCAAGTCATTTCAGGAGGCGAAATCATTATTCGGGATAATGCCTGGCTAACTTACCCAAGCATGATCTATACGGACCAAGAGCTTTCTACGGATCGGCAGGAGATTATCATTGATATTAGAGATAATGCCAGATTAGATGGAACCATAGTTTACCCGGTTCCAACCACCAATTTTACATCTGGACTTTTTCGGTTCAGAGTATCTGATCAGGCGGTAGTCCGCGGAGGGGTATACACGCTGGGTCAAACCGAACTGGAGGGAACCGTATTAGGGAGTGTGTTAACCCAACAGTTTTATTTTTACGAGTCTCCTTCTTCCTATATCAATTGGCTAAAGGATGCAGAGGTAGACTTTTCGGGCAGGCCGGAAAACTATGTTGTGCCCTTAGGATTTTCTGAACACCCGAAATATCAAATGGTAGACTGGTCGGAGGTTCCATGATCAAAGAAGAGGATGGGTATAGTCTGGTAGAAACACTGGTGGCATTAGCTATACTGTTAGCTGTGCTGGTTCCGGCTGCTATGTTCCTGGGCGTGGCGGGAGGAAATACCCTCGCTAAAGATAAAATTACCTCGTTCAATCTGGCTAAAAATGTAATGGAAGAAGCACTTATTGCTCAGGACAGTACTTCCTCAGTAGTGCTGAAAGATTCCAAATGGTGGATAAAGACGGTGATATCACAAGAAAGTGAACACCTGTATTCCATAGGCGTTTCTGTGTTCAAAGACGATACGCTGCGATCACCAACGGTAACCTTACATACAAAGCGGTTATGGTACGACAAGTAGTACATGCTGAAGATGGGTACACGCTGGTCGAAATACTGTTAGCCATGGCGATCTTCTCGGTTGTCATGAGCCTGGTGTCTGTGACGTTTATATTTGTAAGTGGAAGAATGGTAGCCTGGAATGAGCAGATTTCGTTTTATAATGATGTTCAGATTTTGAATAACCAATTGTATAATGATGTCTTTAGGGCAGACGCTATTTCCTATACAGATT
NZ_CP175953.1_gap46	1144708	1147655	2947	TTCATAAAATCGAAGAACAGACGGATTCTGGATTGCAGTTTATCCCAATCAATTTCTTTGTTGTATTTGTTTCTTTTTAAATTCTCATAGAAATAAATTTTCTGCTGATCGATGGCTTTTGATGGGCTTCCTATAGTATTACTATAGGAAGCCCACGAGAAACCATTTTTTCGTAAAAATGCTGCTCCTGGCTTTTTAGGGTCAATCTTACGTAGCCTCCCACCGTTTTTAATCTTATCGGATTCTAAAACAGATAAAAACAGATCTAGTGGTAGTGCTTTAGAGTTTAATACTTGTCCCTGTTTATCGGTCCCGTAAAAAAAATGTGCAGGGTTTTTACAAGCCTTATCGGCTTCGGGAAACATTTCAAATAACGCGTCCATGAGGTAGTTGCGGGCGTGGATGTCGGTAATGAGGGTGTCCAGAAAAAATAGGAGCCTAAACTTCGGTTTTTCAGTGCTATTACCGAAGGTAGGGTACCAAGCATTAGGAGTGATTTCGTAGACCTGCATTCGGTCTATGGCAGCCTCGGGAGAAAGCCCGCCATCGAAGTCTAAGGCCATAATACACTGTCCCGTCCAATTGCCATTTGAGCGGGTTCCGTTAAAAGTAGATGGACTTCAAGAAATTCCTTGCTGGATATCCTCAATAAAATCTTCTACGCTCTCAATATAGACTGACTGTAGCTGAGCACTTATACTGGCAGCTTCTTTTTTTGAAGGTTTAGAACGGTAACCCTTTATGTGTGCACTGAAGTTGTATTTCATGAATATTGTAAATCTCTCGTTTTATTATGATTGAATAGGATAAAGAACATTTAAGGTGCTCTTTATCACTTAAAGAATATTCCCCCTCATTTAGAAAAGAAAGGAGCCCTCCAACGGAGTAGCTCATTATATTATTTTTATTTTCACAAGCTGACATTTGGGTCTTACCCTGGAAGCCCTTGAACTCTTTTTTTACTATTGGTATTAGGTCTCAGTTACTCTCTGTTACGATACGCTTCATTTACCAGCTTGACTTTATCAAAATGTCGGGGCTCAAAGTTATGAGAACTGGTCATTTTCATCGCTTTTATCAAATCCTCATAGGATTCAACCCAATCCATTTTTTTGTTCCCCTTAATCCACAGATAGATATCGCTGCAGTAACTTACGTCCAAATGTTGCAAGCACCATCCAATGAATGTTCCTTTCTTCCACAAACGATAGGCGTGTAACTGTATGCGCTCACTTTCCTGAAAGAATAAAGGGTCATCTGGGATTTCAAATTCCAATCTTGGATATTTCCAGGGATGAGATTCTCCACGAGCTACGGCTTTTAGAATGTTTGGGCAATACTCTAATGGACGAGTCCAATTAAACTTTTTCACGCAGTAAGAAATAGTAGGTTCTGGAACCCCAAAATAAATGGCTGTTTTCTTAGTGCCTTTTTCACACCAGTGGCTGTATATCTCTTCTTTTGTATACACTTCTAATAGCTTATTAAATCAGCCTCTTGAACCACTATGTGTTTCTCATATTTTTATATGTCTTGCCATTATAATCTCTTGGTTTATTTATAATTCTAATTGAGGACTTTTCTAACGTCCACTTATAATCTTAACCTTGCTGGGTAATTTGTCAAATCTAAAACAAATAAAATCAGCTGCAATAGGATTTTTATTTCAAAAAGCTTTAATAGGCACTGTTGAGCCCGCTTTTGTTTCCATATAAAAATCTAAAACTTCTAAATCAGTAGCGAATAAACAGGTTCCCCACTGCGATAGGTGTTAACTTTCATACTGTGAAATGCAATTAGTCCAAGACGTTTTAGATACTTTAGAATTTTAGAATCAGCCTCTTGTGGGTTTCTGGGGTGATTTACGGCTAAAAATCTCACCGATAGCAGTATTTTTAATTTTTAGATTGAGAGGAAATACAGTGCACCCACCGCCGCCGCCATAGCTAAAGTATGTTGATCCTTTTTTAACTCCGTTTAGATTATTGAACCACTTCAGTACCGCATCTTTAGAACCTAAATATTGCTCTAACTCTGTGTCATACCACTCATCATTGTGAATCCAAAGGAAACTAGAACTAACCTTATACCCTTTAAAGGATGAATCCTTATTCCATTTTTCTAAAAGTTCGTATAAAAGCTTTTCAGCTTTATTATGTATGGCGAATTGCTCATTCCATGAAATTTCTACAGCGGTAAGTAGCTCACCTTCAACACTAGTAGAATCCTGCCCTGTATCTAATAAACGGGCTATTGACAGCAGAGGGGCTACCAACTGGCGTTTTCTGGAACCAATTATCTTACCACTGGGAAGTTGTATATCAGGTGGGATACGATTGTAATTCCGCTTAATACTGCGAAAATGATTTAGCCCCAGAGCATACCCACCTCTTCTGATAACTTCTGTCGTCTTTTTAATTTCGGCTGATTGCATATCCCATAGGTTCAGGGAAACTCCAATAGGCTTTTCTGTAGTTTTGATCTGAAGAACTCTAGATTTAAGTGCATTATTACCAATTTCACTTTCCCCAGCAAGTGCTTTAGGGGAATACACATTCAGGGTAGATTCCTGTTTTTTACCGGCCATTCTGGAGTAATTTCCTCCTCTTCGGTATCCGGACTTTAACATTTGGATATATTGATCCTCTGTTCCGATAGAGTTTTTCTCAAATTCATCCAAACAAACTGTACCACCTATTTCATGTATCTTTTTTATTAGATTAGCCTTTGATGTTTGTGATTCGAGAATCCCGTTAAAACTACATTCGCAAATAATCTCTATTAAGGTAGTTTTTCCAGATCCTTTAATCCCTATCAAATGTAGATAGGGAAACTCTTGAAATAACTGATAGGAATATGTACCTAAAACCCATAAAGCGCATAAAGTAGACAACTGATCATATTCAAAGTAAACATGACGGTTGATTAGGTCTTTGATCTGAGAAAA
NZ_CP175953.1_gap47	1277356	1280441	3085	ACACCCAAGCGAAAATCTACGCCACCCACCAAGAAAACAGCCAGGAAAAAACCGGCAGCTAAAAACACCAAACCGGCAAGCGCGCCAAAAAAGAAAACCACTCCAAAGGCCGAAGTGGATCTGGAAGCTGCCCGAAAAAGCCAGGCCAAACTTGACGCCTTTTTAGAAAAAGTTCTTAGCTAAGCCATGCCCGAAGTTAAAACCAATATCGACCAGATTACTCACCTGTCTACCGGCGACTTTGATCACTGGCTGGGCGACTGGGACGCCGATGGCATTGTCAATATTGACGATCCCAATCCGCTGATTCCGGGCGATACCACCCCGGTTTCTGAGGCCGAACTGGCCCCGCAGATCAAAGCGGTTATTGAGGCGAAAAATAATTATATCCCCGCGCTAAAAAAGGTCATGAACGCCCTTATCGAGATGAATCTGGCGCTGGTGGTAAAGGGGCGCATTAAAGAAGTGTATTCCACTTTGGGTAAGCTCATTCGCAAACGGTTTCCGTTTACGGAAAAGATAGCCACCAAAGCTGGCGAAAAATACACCACCGGACTTACCGATGTGGCAGGCTGTATGGCCATTGCCGAAACGCAGGCGAAGGTCGATGAGATCGTGAAGCGCATACTTTCGGGTGAGCTGGGGGAAGTATGGGAACACGAAGATAAGTATAAAAACCCGACGGCAGGCTATCGCGCCCATCATTTTATCCTGGTTGTGGATGAGCAGTACCCGGTCGAGATCCAGGTTAAAACCAAACGGATGTCCATGATCTCAGCGGCCTCGCACCAGCCCTATAAAGTGGGCCAGTTAAACGGATCGCTGCTGGAAGAATTGACCCAACTCGCATGGAAAGCCGACCAAGGCGATACCGAATCGGCAGAAAAACTGAAGCCGTATTTGACCGATCTGGAAGCCCTGGAAACCCAGCTTACCCTTCGGGCTAATCCAGGCAGTGAACTCCACGAGTTGAAGCAGAATTTTGTGCAAACCATAGGCAAACTGGCGCTGGCGTTTCAGCTGGATAAGTTTCCCGCGGAATTCAAGCAGGAAGCTCTGGAACTATTTCGTGCACACGGGCGCATTATCGGCATCGATTTTGACGGGGTATTTAATCGAGCCTCTACCAAAGAATCGCAGCCACCAAAGCAACCCAAGAAGAAATCAACCCAATCAACCTTTAGGTTTAGCGACACCGAGCTTTCCGATTATTCGCCCATCAAGCTTACCGCCTCTGAGCGTCGCAAGGCTAACGAAGCGGCTATTGGAGTGCTTCAAAAAGAAGACCGCGCGATTACCAAATCCGATATCGACCTGCTACGCTCGTACACCGGGGCGGGTGGTTTGGGCTACACCGAATCCACCGAGCAGTCCAAGCGGGGGTTGTTAAATGAGCACTACACGTCCTACCCTGTGGTCAAACTCATCTGGGACAAACTTCAAAAGATGGGCGTTACGGGTGGTAATATCCTGGAGCCCGGTTCGGGCGTAGGCAACTTTGCCGGATTCCTTCCCGACCGCGAGAAATTCCGCATGGTGATGATCGAACGCTCGGCCATCAGCTCCCGCATTGCCCGTTTGTTATACCCGATGCAGACCGTGCGCCACGAGAACTTTGCGGACACCGATCTTTCTCTGTACAACCTGACCGGGGTAGTTGGAAACGTGCCGTTTGGCGACCTGAAAATTCACACCACCCGCGACCCACTCGCCCCGCTTAGCCCACGCATTCATGACTACTTTATCCTGAAATCCCTGGACGCTCTTAAGCCCGGCGGGTTTCAGGCCGTGATTACCTCAACCGGCACGATGGACAAAAAAGACCCGTCCATTCGGCAGGCTATGGTACAACGCGCCCGTTTTGTCGGGGCCTACCGGCTGCCATCCACGGCCTTTAAGGACAACGCCGATACCACGGTAACGACCGATATCCTCTTTTTCCAAAAATATGGGGAGCACCAGGGCGAGGTTCACCCGGATGTGGATTCCAAGATGAACCGCCTTTTTGCACAGGAGGATCTGATTGAAAGCACGGTGAATTACAACGGGGAAACTTTCGCCGCCTTTTATAACCCGTACTTCAAAGAACATCCTAACCACGTGTTGGGCGAACACATTCAGGGGCATCACGTACAGTTTTATTCCCGCATGGGCGTGAAAGGCGAGCTAACTGAAGCCCTCATTCAAAAAGTGCTTTCCGACGGACTCACTTTTCCATATGCACTTCCGGGTGAGATGCCGTTGTACAACATTCCCGATGATGGCATTATGCTCGAGCTGCCAAGGTCGTACCATCCGGGAAATATCGTTTTCCACGAGAACCATTTTTACGAGAAACAGCGACGGTTTTTTAAGCGGCTTACCCTCAAAGGCGGCTCCGGTCTGGAGGCCCGCATCGGATCGGCATGTCAGCTACTCGACAAATATGATGATTTCATTACTGCTTTAGCCCAAGAAACGAGCGAAAAAGACGCTCTCCGAGCTGAGTTCAAACAACTTCTTGCAGATCACATAGAGCAGTATGGAATTCCCGATGAAGACGAAGACATCCGCAAGGTGTTCAAGTTCGACAACCGGCTCTACAAGCTCACGACCCTTGTGAAACGAGATCCACTTAACGGGGAACTGGTGCATGCGGATATCATCGACGCCGATTCCATGTTCAACCGCAATTACGTGCCTGCGGTAAAGGACTCCGATGATCTGGCTGAACTGGCCATGTTTGGCCGAAGTATTGGCGAGTCCTTAGACCTTGACTTCTACCAGTCGGTGTACAAAGGGGGAACATCCAGCAAGCAGGAATTGGAACAGGCCTTGGAATCTCACCCCGATTTTTACTGGAATCCGGCAACCGGAAACCACGAGTTTCGCTACCAGTACCTTTCCGGCAACGTGCGAGAAAAACTGCAACTTGCCCAGGAACACGAGCTGGAAAAGAACATCGAAGCCTTGCAAGCGGTCGTGCCTGAATGGATCGACGTGTACAACATTACCGTGGACCCGCAGCACGTATTTACCTACCTGCCTGCCAAAGCCATCGAAGAGTGGATCAAGGACGAAATGAACTACGATAAGGTGGAAACTG
NZ_CP175953.1_gap48	1455590	1458728	3138	ATTCCAACCATACAAACAGAAACCAGATCCCAAAACCAATCCCACCAAGGCGTCCTCTTTCCCTTCCCAAAAAGGGAAAGAGACAGAGATAGGGTTCTGGTAGAGTTGGCAAAATTCCATTTTACGAACAAAATGCCCAAAAAAATTAGTTCTACGTTTAAGTCTACTGGAAGCAGGTATAATTTTTGGCAATAATTAATCACCATACTAACCCATCCTTGTTCCTTCCCTAACCTACAAGCACGCCAAGGAAGGAGACTTCTAAAAAGAGTGTTCACAGATTCCAGTCATAGAAACAGAAATCAGATCCCAAAACCACTCTCACCAAAGCGTCCTCTTTCCCTCCCAAAGGGAAAGAGACAGAGATAGGGTTTTGGTGGAGGGGCAGAAACTATTGCTTATCAGATAAATAAAGAATTTGAATTAATTCTAAACAGAAAGAGGCTTATCTTTGGCACGCTTTCATGAAATGTGAAGATCAAATTCAGCTTATACATCTATTCAGGAGCGTTTTTAAAGTTATGTGAATCATTTTCTTCACATAATCTTCACATTCGGAAACTACTTTGTCATTCAATGTGCCGGAAATTTTTTAGAAGCTATTTATGAGGTTTAGTGCAATAGGAATTTCTCACTGGAAAAGTGAGGTCTCTATTCGTGAATTATTTTATTTAGACAATCATCGCAGGGAGCTTTTGGATTTTCACACCAAAGATATCCCCGGAGGTGTGATGATGCTGGATACCTGTAACCGGACAGAGCTATATGCTTTTTGTGATGCGGAGGTGTTGATTTCTGCTCTTTGCAAATCAACCAATACCGATCGCGAGTTTTTTAAGGAGCACGGTTATGTTTATGAAGAGGAGGATGCCTACAATCACTTGTATAAAGTAGGCACGGGGCTCGATTCCCAGGTTTTGGGAGATGTGCAAATTATCCAGCAGGTAAAGCAGGCCTACAAAAAATCAAAAGACCAGCTTTCCGGTGAGTTTCACCAGCTGGTACAATCCGTTTTCCGAGCACACAAAAGAAGCCGTACTGAAACCGATTTCGGCCGAGGTACGGCTTCTGTGGGTTTTGCCGCCACCCAGCATGCCCTTGATCACTTTAAGGACCTGAGCACTATCAACATCCTGTTGGTGGGAGCCGGGAAAATGGGTAAGGTGTCCTGTAAAAACCTTGTTTCCAATGGCGCAGAACACATTTCTGTGGTGAACCGAACCATCGACAGGGCCAAAGAGCTGGCTTCCACATTCGACATAAAAGCTCATGCATTTTCAGAGCTGGATGAAGAAATCAAAAAAGCGGACCTCATCATTGCCGCTACCGGCGCTAATAAACCCATCTTGCTCCCCAAGCATTTTGAGGGGGTTGAAAAGTCCCAGCTGGTACTTGATTTAAGCGTTCCACGGAATGTAGATCCGGCCGTGGGTGAATTAGAGCAGGTTACACTGGTTGATATGGATTCCATTCATGAAGACAACCAAAAAGCGCTGGAAAAGAGAGAGAATGCCATTCCAAAAATCAAGGAAATCATAGAGGAAGAAAAATCAGATTTTCTCAAAGGTGTGAAACGCTCCAGGTATCTGTTACCCCGCATCAAAGAAATTGATCACCGCTTAAGTGATATTACCGATTCGGAACTGGACCGCGTAAAACATAAGATGGATGATGATTCTTATGCGAAGATGGAAGAAGTGACCCGGCGCATCAAAAAGAAAATCATGGCCATTCACATAGATCGAATCGACAAAGAATTCGAGAAGGCACAAAATGAAGCTTAAAATCGGTACCCGTAAAAGTACGCTCGCTCTTTGGCAGGCAGAATTAGTTAGCAAAAAGCTGAACGACCTTGGTGTGCAAACACAGCTGGTGGAAATTGAGTCGTTTGGCGACAAAGAGCAAGATATCCCCATTCACAAACTGGGCGATAAAGGGGTTTTTACCAAAGCACTTGATGATGCACTCATCAAAGAAGAGGTAGATCTTGCCGTACATTCTCTGAAAGATGTACCCACTGTATTGCTGAATGACCTCGATTTGGTTTCGGTATTGGAAAGAGGCAATCCCCGGGATGTACTGGTAAAGCCCAAAGAGGAAAAAGAAAATATCCAACGAACAATCGCAACCGGGAGCATACGCCGGACCGCCTTCTGGAAAAATCGTTTTCCGGGAGATGAAGTAGTTGGCCTGAGAGGAAATGTACCGACCCGCCTACAAAAAGTGGATGACAACGATTGGTACGGAGCGGTATTTGCCTATGCCGGTTTGGAGCGTATTGGTTTTGAAAACAGGATCAGCGAGGTATTGGATTGGATGATCCCGGCGCCATCGCAGGGAGCCGTAGGAGTAGTAGCAAGAAAAGATACCGCTCATCGTGCATTATTTAACAAGCTGAATCACAACGAAACCCGGATTTGTGTAGATATTGAACGGGCTTTTTTGAATGAATTGGAAGCGGGGTGTTCTTCACCGGTTGGGGCTCATGCCTACATCAAAAAAGATGTGCTTTATTTTACAGGAGCGGTTTTAGCTCTGGATGGTTCACGACGAATGGATGTAGAACGGGAGATTCCGGTCTCAGAAGCTACAGCTGAAAAAGGACATCAATGGGCTGATTTACTGAAGAAAGACGGAGCGGTTGAATTATTAACCCACCGAAATTCCAATGATTAATCAAAGCAAACCCAGAATTTTATTCACCACACGGCTTAAAAAGCAAAGGTTGGCAGCCTTACAATCGTCCGGGTTTTTAGTGGAAAGCGTGCCCTTTATTACTTTCGAATATGTAATTCCGGCTATGTGGATTAGCCAGCTTCCCGACCAAACTGATGCCTGGATATTCACCAGTAAGAAAGCAGTAAAGGCTATCAAACCGGCCTTTAAAGACCTGGAAGTACCCGACCACATTTTTGCCGTAGGTTCTAAAACGGCCGGGATGCTGGAGGAACTGAATCTTGAAGTTACCATTCCGGACGAGTACAATGTTGTCGCTCTCGCTAAAAAGATGAAAGAGCTTGAACTAAAAAACGTGACTCATTTCTGCGGAAATTTAAAAGCCGGAGACTTAAATAAACTGCTGGGTGAGGATGTAAATCTTACTTCCGTGGAAGTTTACCGAACTAAACTGGCTCCTCA
NZ_CP175953.1_gap49	1459929	1463512	3583	CGGTCGAAAATGCCAAACGATTCGTTGATACGGTTAAAAATTATCGATATTAATTAGAACCCATGTAGAGACACAAAATCTTGTGTCTCTACATGTGGTTGCCAATTTTTTCTTGATCAATCATGGATACAAAACTAACATCCAAAAAAGAAGAATTCAGCCGGTTCGTCAAGAATGTGCAACAGCATATTTGCGATGAATTAGAGGCTGTGGATGGAACCCAAAAATTCCGTATTGAGGATTGGGAGCGGGAAGGATTTGGAGGAGGCAGCACGCGCATAATTGCCGGTGGCAATGTGATAGAAAAAGGTGGGGTAAATGTGTCGGCCGTTGGCGGACCTCTGCCCGAAGCAATGCAGAAGAAATTTGAAGTACCGGAATCAGAGTTTTTTGCCACGGGTGTCTCACTGGTCATACATCCCCAAAATCCGTTTGTACCCACGGTTCACGCCAATTACCGGTATTTTGAACTGTATGATAAAGACACCGGAGAGCTGAAAGATCAGTGGTTTGGCGGCGGGGCCGACATGACGCCCTATTACCTGTTCGCGGAAGATGCTAATCATTTTCACCAGGTTCATAAAGAAGTATGTGACCGGTTCAACCCGGATTATTATCCTGATTTTAAAGCCGAGTGTGATGCCTATTTCTACAATCATCACCGGGAGGAAGCTCGTGGAATCGGAGGGCTGTTTTTTGATTATCAGCGCCCGGATAAGAACCGTTCTGCAGATGACTTATTCGAGTTTTGTAAGGCGGCCGGGTTTGCCTTCACCGATGCCTACGTTCCTATCATAAAAAAGCGGAAGGATGATGAGTTTAGCCAGGAACACCGGGACTGGCAGGAAATCCGCCGTGGCCGTTATGTGGAATTTAATTTAATTCACGATCGCGGTACTTTATTCGGGCTGAAGACCAAGGGCCGGATTGAATCTATTTTGATGAGCCTGCCACCGAAAGTGCAGTGGGTGTACGATCATCATCCGGAACCGGGCAGCCCCGAAGCCGAGCTGGTCGACCACCTGAAACCCATTGATTGGATTAATTATAGCTAAGTGAAAGGGGAAAAGTGAAAAGGCAAACGTAATTTTCACTTTTGCCTTTTCACTTTTCACAAGCAAAGAAATATGAAATACCCAACAACCCGATTACGACGAAACCGGCAATCAGATGCCATCCGTGAGATGGTGCAGGAGAACCGTTTACATCCATCCGATTTTATAGCTCCCATTTTCATCATGGAGGGAGAGAACAAGAAAGAGGAAATCCCCAGCATGCCGGAGTATTTTCGGTACTCGTTAGATTTGCTGAAGGATGAACTGGATGAATTGGTTGAAGTTGGGATTCAGTCGGTATTGTTATTTGTAAAGGTTCCGGACGAAAAGAAAGACAATAAAGGCACCGAGGCTTTAAACGATGACGGACTGATGCAAGAATCCGTTAGGTTTATCAAAAAGGATTACCCGGATTTGCTGGTTATGACCGATGTGGCGATGGATCCATATTCCTCATACGGACATGATGGCATTGTGGAAGATGGCGAAATTGTGAATGACCCTTCGGTGGAGGTGCTTGCACAGATGGCTGTGAGTCATGCCAAGGCCGGAGCTGATATGGTGGCGCCGTCCGACATGATGGATGGCCGGATTGGAGCCATGCGTGTAGCATTGGATGAAGCGGGATTTGAGAATACCAGCATCATGGCGTACAGTGCAAAATATGCTTCTTCTTACTACGGTCCATTTCGTGATGCCCTGGATTCTGCTCCGGGATTTGGGGACAAAAAAAGCTACCAGATGAATCCGGCTAATGTGGACGAAGCCCTGCGTGAAGTGGAGCTGGACATTCAGGAAGGAGCCGATATTGTAATGGTAAAGCCGGGAATGCCTTATCTGGATGTGGTGCGGGCCGTAAAGCAGAACTTCAACATTCCGGTTTCGGTTTATAACGTCTCCGGTGAATATGCCATGATTAAAGCAGCTGCTGAAAAAGGCTGGCTCAATGAAGAAGAGGCCATGATGGAAGCACTGTTAGGATTCAAAAGAGCCGGCGCTGATTTAATTGCCACTTATTTTGCGAAGGCTGCTGCCCGTATTATTCATAAATGGTGATCGTGAATTTTTCTTGATTCTAAGGGGAAGCTGGAGCTTCCGGACAGTTGTTGCGAAGCAGGAGCTTCGCAACGAGAAGAAAAAGCATCCTAGGGTGATGGAAATTCATTAAGGCACGAAAGAAATTTTTAATTGATAAACAGAAATATGGATTACCCAAAGAGCAAAGAACTTTACGAACGAGCATCAAAAGTGATTCCCGGCGGAGTAAATTCTCCGGTACGGGCTTTTAACAGTGTGGGGGGAACACCCTTGTTTATCACCCGCGCTCAGGGATCGTATCTCTGGGACGAAGAAGGCAATCGATATATCGATCTCATCAGTTCGTGGGGACCAATGCTGTTGGGTCATGCGGAGCCGGATGTTATTAAAGCAGTTCAGCAAACCGCAGAAAACTCGACTTCATTTGGAGCACCGACCCGACTGGAAGTGGAGATGGCCGAGCTGATTTGCAGCTCTGTTCCGGGAGTGGATAAAATCCGGATGGTGAATTCAGGAACCGAAGCTACCATGAGTGCCATCCGTGTTGCTCGTGGATATACCGGGAAGAACAAGATCATTAAGTTTAAAGGAAATTATCACGGCCATGGCGATTCCTTTTTGATTGAAGCCGGAAGCGGTGCCCTCACCATGGGCGAGCCAAGCAGTCCCGGTGTTACGGAAGGAACAGCCAAAGACACACTGAACGCCGAGTACAACAACCTGGATTCCGTGAAGAAATTGGTGGAGGTCAATAAGGATGACATGGCTGCGATCATCCTGGAACCCATTGCCGGAAATATGGGATGTATTCCTCCTAATGAAGGATTCCTGGAAGGATTGCGAGCACTTTGTGATGAACAAAATATCGTACTCATTTTTGATGAAGTGATGACCGGTTTTCGTGTGGATTTCCGGGGTGCCCAGAAAGTGTACGGGGTTACGGCCGATATGGTAACCTATGGTAAAATCATAGGTGCCGGATTGCCGGTGGGAGCCTATGGCGGAAAAGAAGAAATCATGGATTATGTGGCACCGACAGGCCCGGTTTATCAGGCGGGTACCTTGTCCGGAAACCCGCTGGCTATGGCGGCAGGATTTACTCTTCTGAAGAAGCTGAAAGATCACCCCGAAGTGTATGACGAGCTGGAGAAGAAATCACAAGTACTGGCTACCGGCATAACTAAAATACTTCAAGAGTATGACATCCCTCACGCGATGAACCGGGTAGGCTCCATGATCGGGGTGTTTTACTGTGAAGGTCCGGTTGAGACTTTCGACGACGCCAACCACACCGATAAGGAACTGTTTGGTAGGATCTTTCATGGCATGCTGAAGCGGGGTGTTCACTTGCCTCCGTCTCCCTTTGAGGCTTTCTTTCTGGCTAATTCGCTGACAACAGACGATATCAGCTTTATATTGACGGCTTTTGAGGAGACGATTTCAGAGATAAAATCTGATTAACAGATTACTGGAAACGGGTTCCCTCTTGC
NZ_CP175953.1_gap50	1464543	1468459	3916	CACCGGGTGGGGTGCAGGCTGTAAATGTTGAAGGTGAAACAATAGCAGAAGAAAAAAGAGCAGATTTCTACACAACTTTTCTGAATGAAAACACCGGCCTTGATCGCCTGACTGATAAGGTTACTTACATTTACATTCCTCACCGGCATGCATTGCTGGAGTTTAATTATGCCAGCTTCTCAGAATCCGTAAGCTACATTGATCTGGAAAATAAGAATGTAAAATGGATGGCTGATGACCTGAAATGGAGTCTTGAAAGGTATCAGGCATTTGCACGTTCCTTATCTAAAGGATTAAACTTTGGCGGGCAGTTAGCAACTGGTGCTGCAGCTGAAGTAATGTTACCGGAACGGTTTGTAGGAAACCTGACCCGGATAATACCGGAACTGGATGCTTTTATTTTTAAAACACTGGATGGACTTAAGCTTATTAGTTTAAAAGATGGAAGTGTAATATGGACTAATAATAAATTTGATGGGGGCTTGGTGGAGATTATTTATGATAAACCAAGTAATAGTCTGGTTGCCGTTAATAGAGATGATGATGCATTTGCAGTGAAAGGGCTTCAGTTTAATAAACAACTGATGCGCATTGATGCAAGTACGGGACAAACAATTTGGGAAAACTCATACGATGGTAATATCCGTGAAAAACTGGATGGTGTAGGAGTTTGGGCAGACCGTAGGACGGATATCCGGTTAAAGGATGGAAACATCATGATCAATTTTCTGAATGTGGAGGTCTATGATTTTGAGACTGGTGAAAAACACTGGCAGACAACAACAGGAAATGACAAACTTCTGGATATGGTAGCCCCCGAAATGCAAGTCATGAATTTGTTTGCGTTTCCGGAGATTGAGGACGGGAAATTATATTGCGTAACACATGAGAATACCAGTCTTGGCGGGGTTGATGTCGTGATCGAAGCCTATGATTATGATTCCGGTAATCTGCTTTGGAAAACGGATAAGATTACCCGCAACGACCCGGTTAATGATATGGTCGTGGAAGGAGATCATTTGATTGCTTCAACTACGGCCTCAGAAGGTATCATCGCTTTTGATCTCTCGACTGGGGAGGAAGTATGGCAATATACCGGCTTTGGAAAACATGGCATTCAGTTTAAGATGGAAAAAGCAAATGGAACTGTTATTGCCGCAGGCTTCGGGAATATAGTTTCGCTAAACACAGATAATGGAGAACCGATTTATAAGCTCTCAACTTCGGATATTGGATTGGGAGATCTCAACGATATGGATAAAAAAGGAAACGCATTACTGGTATCGGGAAGCAAAGGTTTTGGAAGTTTTGATCTGTCAGACGGTTCCGAAAAGGCTTCCATCCCAACTCCAAGCGGTGGCATTATGAACATACATGAAAGTCAGGGTTTGGTGCTCATTCAACCCAAACCAAATTATGGTGATGCAAAGTATCCGGTAGATGACGCCTATCATTTGGTTGACCTTCAGAATGAAATGTTACTGGGAACCCTTGGCAATGGCAACCGTCGGGGGGTACAAGTGTCTCCTGATTTTAGTCATTTGTATGTATTGACCAATGGTAAAATCATGATGTATTCTGCGAACTAACTCCATAAATCCTTTAGAAAATTACAGGAAAAGACCGGGTGAAAGGCAGGATTTAAAAGAGCTTGAGAATGATAGGATGAGTGTAAAATATTATTGCGTATCGATTTATTAGCTGATCTCATGTAACCTGGCTCACAACTAATCGTTTTACAATGAACTCTGAGAACAAAAAAAATAACGGGTTCATGAAGAAATTTCTTTATTTAGTGCCACTTCTTTTTCTGATGTTGTCAAATATAAGAATTGCCACTGCACATCCCTGGGGCGGATTGGTTATCGATCAACAGGGTAATATTTACTTCACCTTTATTTATCCTTTCGTAGATGACGATCACTACGCCTGTGTCTGGCAAATAGATGATCAGCAGAACCTGAAGCAAGTGCTGGAATCTTCTCATTCTCCCAGCGACATCATTCTTTCGCGAAGCCCGGATCGGGTGATTTATGGTGCAGAAAGAAATAATGCCGCGGGTGGTTTTCAGGCAAGGCTATGGAAGGTTAATGGTTCAGGTAATGAACTCTTCATTAATCCTACTACGAATGAAGATGTTTTTTTCATTCAGGCTTATGCCGTAGCTGAAGATGGAATGGTTTACTTTGCTCGGGAGAACCGGCTGTTCGAGCGGAGTGATGGTGGAGAGGTAACCGAAATTGAAATACCATCAGACATTGACCGCATTGATGACCTCGCTTGGGGATTGAGTAACAAGCTGTACATTCTGGACAGGAAAAGCATCAAGGTCATGGAAGAAGACGGATCTGTTTCGGTTTTAGCTACTGGTTTAAAGGATGATAATCCCGAAAATATCCCGTTCTCCGGAGCAAATATACTGTTCGATTTTACAGTAGACGAAACCGGAAATGTGTACCTGGCCTATTATGGAAACAGGAGAGTGTTGAAGGTGAATCCGGCGGGGGAGGTATCTGTATTTCTGGAATCGGAAGGACCATGGTCTCCACATGGAGTAGATGTCTTTAATGGGGAAGTGTACGTTTTGGAATCAACATTCGGTACTTCCAAATGGTGGGAGTTTTGGGAGGAGGATGTGATTATTCCCCGTGTCCGAAAGGTAGATGCGAATGGAGGTGTATACACTGTTTTTGAGTATAAACCGGACCGGAAGAAATAATCGATAATTAGAATAGCGGAAAAAAACGGAGTTCAACTTCAATCCTATAATGGTGCGCCCGGCAGGGTCGCTGTGTCGGGTCACTTCGTGCAAGGCATCCTCAGTTCGCATTCCTCTCCCTTCGATAGAAGGTTTCACCATTCGGTAGTCAGGCTATTGTCGCCCACCATGATGGACGAACGGGCTTTAGAGTTCTTCTTTTTCTGTTTTTCTACATCAACAAATTCTTGTGATGATTCCCGGTCTAAACCGATGCATGGGTGGGTACGTAAGTCTAACAAATACAGTAATTAATTATGAATATTTATTCTTTCTTTGTATTTAGGGTTGTCACAAAAGTGGCATAAATTATCGAGGTACAGAGGTAGTGCAAATGGGTATCTACTACTTACATAGGGACTATTTCTTATGCTCGGGGTAATTCAAATATAAAAGAGAAACTTAAAAACATGTTTACAAAGAGAAATAATATATTTAGTACTATCATTCTGTTTTTGCTTGGATCAACGATGCTATTCGCACAAACTGAGCAACAGAATAGTGATGTGATGTCCACCATCCAGCAGAAATACCAAGAGTTCGGACAGTATATGCAGTCGGGTGATACGGATGGTTTGGTTGCTAATTTATATACAGACGATGCTACCATCTATCCACCGAATGGTGGCGTTGTGTCAACCAGCAAAGGCATTTCAAAATTTGTGTCCGGGATGCTTTCATCGGGCATGGTGATACAGCTCGTACCTAAAGAAGTTGAAATGTTGGGAGATGCTATATATGATTACGGTGTAGCCAATGTATCCAATATGGAAGGGGAGAAACTGGGCATACAACGTTATATGGTGATATGGAAAAAAGTAGATGGTGAATGGAGGATCTATTGAGATATGATCAAGCCTTTAGAAGAAATATAGTCGCTATCATTCTATGATGGATGATTCAAGCCGAAGTGTACAGCTTCGGCTTTTTTAATATGGGTGCTTTAGCAGAAAAATCAGTGAAGTCTGTGCAATCCGTGAATCTGCTTCCCTACTTCAACTCCACGATCGTACAACCAGCCCCGCCACGCTCAATAGGTGCCGTTTCCACATTCTTGACATCTTTACGGGTGTTGAGATAAGATTGAATCTGGCTTCTCAAAATCCCATCACCTTTACCATGGATGATTTCCACCTGATTCATATTTCGGTACACGGC
NZ_CP175953.1_gap51	1511587	1515615	4028	GCTTCCAAGCATTTCATTTCAAATTATATGAAAGGGTACCGGCAAAAAGCGAAGCGGATGAATGCCGAAATAACGATCACGGAAATTCGTCCCGGCTACGTGTGGACGGAGATGACAGAGCGGGCGAAGGGGATGTTTTGGGTGGCACCGGTAGAAAAAGCTGTAAGCCAAATGGTGACCGGTATAGAAAAGAAGAAAAATTATGTATATGTAACCAAGCGCTGGCAGCTGTTGGCCTGGGTTGCCAAATTGGTACCCGAATGGGTGTGGGATCGACTTTAATTTTTATTTCTGCGACAGCGCTCGCTGCAGTATTTTACATTCTCCCAGTCATCTTCCCATTTCTTTCGCCATTTAAAAGGGCGGTTACAAACCGGACAAATCTTCTCAGGTAAGTCCGATTTCTTTCTCATCTTAGTCATCGCTTTTGACAAGGGATAATCGGGCGGACTTTTTAGTTTGATTCAGAACAACGGCTTTTGCTTTTCGGGTGATGCTTGCCAGCTTTTCACTTTGCAGCTCTCCTGCCATTGTTCGTACTTCGTCAACATGATCTTTCCATACATCGGTAAATAAGTTCTTAGTCACCTCTGTCGGTGATACGGAATCATCCTGACCTCGATTTCTCTTCATCGGAAGGATACGACTTCTATTCTCTTGCTTTGATTTCTTCATAACTTTCCTCAAGGTTTATCATCGGCTTTGGATATGAATCTCCAATCTCTACGGAATGTAACGTTTGTTGTTCGGGATTCATTTTATGCGGCTCATGAATAAATTCTTTAGGGACTTTTTCAAGCTCCGGTATCCAGTGCCGTATGTAATCACCTTTTTTATCGTATTTCTCAGCCTGATTGATAATGTTGAAATATCGGTTCCTCGGGTCGTGACCTACCGTTGAGTTGTAAGCCCAATTTCCATAATTGCTGCACGGATCGTAATCCAATAACAGCGATTCGAAATACTCGGCTCCCATCCTCCAATCTATATTCAGATTCTGGGCAAGGAAACTCGCTACATTCTGCCGGCCACGGTTACTCATGTAGCCGGTAGCGTTCAATTCACGCATGTTAGCATCAATAAAAGGAATTCCGGTGTTACCTTCAGCCCATTTTTTAAAATCTTTACGATCGGTTCTCCACGTTCTTTCTTTGGACTGAATCCCTGATTGCCAAAACAGTTTATCGCCGTATTTCCAGGCCGAAAACCGAAAGTAATCTCTCCAGATCAATTCAAATATCATCCAGTAGGTGGAAACATTGCTTGTACGCTCGTCCTCATATTTCTTTACCTGCCCATAAATTCTGCGGGGTGAAAGGCATCCGTTAGCAAGCCAGGGGGAGAACTTTGAGGAATAATCAGTTCCCAAAAGGCCGTTTCGGGTGTATTTATAGTTCTTCAACTGGTCCTTTTCCCAGAAATATTCTTGCAGTCGTTTTAGAGCTTCATCCTCACCACCTTTGAAATCCAATACGGCCCGGTCATCCTCTGGGATGGCTTTAAGACCTAAATCCTTTAGCGAAGGTAACGGGGCTGAGTCAACACCCGGAATCTGCTTTACTTCACTGCGAAATTCGAGTTCTTTTCTTACTTCCAATTGGTTTTCCGTTTTCTTTCGGAATTGAGTGAATACATCCGGGATTTCATTTTTTGAGAAAGGGATATCATTAATATGAAACAGCGTGCTTCCCCAAACAAAATTCAGTTTATCGCCAATTTCATTTTTGATGCCTTCTTCAACATCAATTTCCTCTCGGGTAATTTCTTTGTGGGTAAAAGCCAGATCAACCCTATGTTCTTTTACTAGCTGTGGTAAAATCTCTTCAGGCTTGCCCATTATGAAAATTAAATCAAGGGAATGTTTTTGGAGATTCGATTTAAGATTCTCCAGCGATTCCAGTAAAAACCTTGCCCGATGCGCACCGGTTTTTGAAAAGCCAAAGGAGGTCGTCTCAAAATGCCGGGGATCGAAAATATATACGGGTAAAATTTCCTCGGCTTGTGAAGCTTTAGCCAATGCTTCGTTATCGTGCAAACGAAGATCATTTCTAAACCAAATAAGAGATCTCTTCATATCCTTTTTGATTAGTAAAAGCTGAAGCGAACGTCTTTCATTCCAAAAAATAAGCAGGACTCACATTTGGGAGTATATATCGGTATATTTATGGTTCGAAAAATTTCAAGATAAAGACCGATCAATAAATGAAAAATGTTGTGCTAATCCCCGGTGATGGAATCGGGGCGGAGATCACTAATTCCGTAACTACTATTCTGAAAGAAGCAGGAGCTGAGATCAATTGGATTGAGTGCTCGGCAGGACTGAAAGCCTACGAAGAAACCGGAAATCCCCTTCCTGAAGAAACTATCGAAGCTCTGGATGAGCATCGGATATCACTGAAAGGACCCCTGACTACGCCCGTTGGATCAGGATTCAGGTCGGTGAATGTGGCACTTCGGCAAAAATTCAATTTGTATAGCAACATCCGGCCGGCTCGTACACTGCCAAGTATCGACAGCCCATTCCGGGGAGTGGATATGGTGCTCTTCCGGGAAAACACTCAGGGTTTATATATCGGCAAAGAGGAATGGATAGAAGAAGCAGATAACAAAAAGCATGCTGAAGCTATTGCGGTTGTAACAGAAGAAGCCAGTGAGAAAATTATCCGTGCGGCTTTTGAGTATGCCGTTAAGAATGAGCGAAAGAAAGTGACGCTGGTTCACAAAGCTAATATTTTAAAACTGACAACGGGTCTATTCCTTGAGGTTGGCAGAAAGATTGCTAAAGAATATAAAGACATCGAGTTTCAGGATCTGATTGTTGATAACATGGCCATGCAAATGGTTCTTCGTCCCCAGCAGTTTGATGTGGTAGTTACCACCAATCTGTTTGGAGATATTCTATCTGACCTGGCATCGGGACTGGTGGGTGGACTTGGAGTTACCGGAGCTGCTAATATCGGTGATGATGCTGCGATGTTTGAAGCTGTTCACGGTTCCGCTCCCGATATTGTTGGGAAGAACGTGGCCAACCCAATGGCGCTTTTGTTTTCTTCATTAATGATGCTGGAGCATATTGATCAAAAGCAGATTGCTGAAAACATTCGAAAAGCAGTTTATAAAACACTTGTAGAGAAGAAGGTGTATTGCACGCCGGATATTGGAGGTGAAGGTACTACTTCGACATTCACTCAGGCTGTGTGCGACAATATTTGATGAACGTTTAAATACAGTACACAAGAAAAGGCTGCCAGTAGGCAGCCTTTTTTATATCAGGTTGTTGGTAGGATTTGGTCTATCCAAAGAGCTTAAACAAAGCCCAGCTGATAATAGACATCACCAGCCCGAAAGCCAGCGCCCAGCCAAAGCTTTTAACTTTGAATCCTTCTACCATGGCATCCACCAGCATAATAAGGCCGGCGTTAATCACCCACACAAAGAGGCCGAATGTGAGAATAGTAATTGGTAAGCTCAGGATTAATAGAATCGGTTTCACAAATACATTTATAATCGCGAGCAGAGCGGCTACAAAAACAGCACTCCAAAAATTCTTAATTTCGACTCCTTTAAGTAAGCTTGCAGTGGCATAGATGGAAATACTGTTTAATAACCAGGCCCAAATCATAATGGTGGAATTTTGTTAAAAGTGGCCTTTCTGTACGAACCCGACTGCAAAATGGTTACATTTAACTAAAAATTGATTGGATGGAAACGATACATAAATCATTTGAAGAACTCAGCTCCGTTCAGCTGCAGGATATTTTCAGGCTCAGGCAAAACGTATTTATCATAGAGCAGCAATGTTTCTATGAGGATATTGATGGAGCTGATGCCAAAGCAGAACACCTGTTGATCTACGATGAAGAAAAGCTGGCGGCTTACCTGCGGATTTTTCCCTATGGAGTAAAGTATAAAAATGAAGCTAATATGGGTCGGATAGTCGTTGACCCGGAGTTCAGAGGTACTGGTTTAGGCGAAAGGCTTATCAAAAAGGGAATTGAGCTATGCGACAAAAAACCGATTCGGATTGA
NZ_CP175953.1_gap52	1521489	1524549	3060	ATTATTCGCATCAGCTAAATGCTGAAACAGAAAGTTGTCCTCATTGGAGGTGAAAACACCATCATTCAACGCATCATTAAATTCAGTTTCTGCTAATGATGCGTTAACCTCTGATAGCCGCAGGGCCATCAGCAAGCGCAGGGAATTGCTGAATTTCACCCATTTCCCCATATCACCTTCGTAAATGATGTCATTGCTCAGGCTTCCGGATTCATCAATTTGATCGGCTGCTGCTTTAAGTTCAGCAAACAGATCTTCATAGATGGATTCCTGAGTGTCATAAACGGGGGTGAATTCTTCGGTACCCTGCAAGGCCTCAGAATAGGGAATATCTCCCCAGCGGTCAGTTACGTTCCAGAAAATGTAAGCTTTCAGGATTCTGGCAACGGCTTTTTGGTTTTCGGTGGTAGCTACCTCTTCTGCGGTTTTAAGGTTAACCAGTGGCCCTTGGTACCATCCGTAAAAGCTGGTTCCGCCTTCAGGATATAAAGATGCGTCCACATATTGCGTTTCGGCCAAATACTGGGCCATGTATTGCGCGTTGGGTGATGAACTCAAACCCGGCAGCGAGAGCATTGCGTTTGCTATAAGCTGAGGTGCTGCCGCATCACTGGGCTGGTTTGGATTATTATTTATGTTGTTGAATTCGACGAGATCGCAACTGCTGAAAATCGCAAATGCAATCAGTGTAATAGGTATGAATAATTTTTTCATGGTTCTCTGATTTAAAAGGTTAGTTTTACATTCAAGCCATAAGAACGGACGGTATTTAACTGTCCGGATTCGTACCAGGTAATGTCCTGGCTGCCTGATGACAACTCTGAAGGATCGAGACCCTGAGGTGCTTTTTGCCAAATCATAAGCGGGTTATTTGCAAACACGGCTACATTAATCGATTTCACAGGGATTCTGGACATAACCTTGTCCCCAAATGAATAACCGAGTTTAACCTCGCTTAGCTTGATGTAGGAAGCGTCAATTACCCAGTCCTCATATACTTCATCACCAATAAGGTCGAAGTAGTCGTGGGCATCTACATAGGCTGTAACTTCCTGTCCTGTTGAAGCAGAGATACCTTGTACTTTCACGCCGCCACCTTCACTGACGGGATCACGCACGTTGTTTCCTTTATCGTTTTTAGCTGCAGTCTGGCTGTGTAAACCTGTTCGGGTTGCAAGCATTTCTGACCGGCTGAAAAATTGTCCGCCTACCTGGAAACTGATCATAGTGGACAGACTAAAGTTTTTGTAGAAGAATAAATTCTGAAACCCACCGGTAAAATCAGGCAGTACAGACCCAAAATTGTGGGTAGCATCTGTCCAGAGTGGGAGGTTATCATCATCAAGAAGGATCATTCCCGTTTCAGAATCACGCTGGTAGGCACGCCCAACCAGGCTTCCGTAGGTTTTGCCTTCATAGGAATTCAGGTAACTGGCTGTTGAAGAGTACACCGTGGAACCATGATTATATAAATCGATGTCGGGGTGTAATTTCACAACTTCATTGGTATTGCGGCTCAGGTTAAAGGTGGAATTCCAGACAAAATCTCTTTGCTGAATGGGAGTACCGTTTAAGCTGACCTCAATCCCTTTATTCTCGATAAGTCCGGCGTTGATAATAGCCGATCCATACCCGGTTGTTCCAGATATGTTAAGTGGGATAATTTGGTTCTTGTTCTGTTGCAGGTAATAGGTAAAGTTCATTCCTACACGATCAAAGAACCGGATGTCGAAACCTGCCTCGTACGATGTAGAGAACGACGGTTTTATGTCCGGATTATTAATATTAGACGGTACATCCAAGGTATTCTGTCCATCATAAACACTGCCCACATTATAGACGGGGGTTGTCAGATAAGGACTTAAATCGGAACCGGCTTGTGCAAAGCTGGCACGGAGTTTTCCAAATGAAAGTGCCTCCAGGTCTAATAACTCACTAAATACAAAACTACCTGAGACGGAAGGGTACAGGTATGAATTGTTGTCTTTAGGAAGGGTTGAAGATTTGTCGGATCTTAGACTTAAATCAAGGAAATAGGTATCTGAGAAGCCGAGCGAAACCAAGCCGTAGGCACTTACAATTTTCTTTTGCTCCAGGTAATTAAACACATTCGGTCGATCAACCGAAGCGTTGATGTTAAAATAACCCGGTGACGTAAGTCCACCCACTGTTGATTGGGAGATGTAAGAGTAATTACGATCGTATAAGTTGGTTCCAAGCGTGGCATCCAGGGATACATTTGCCCAGCTTTTTTGGTACTGAGCCGATAACTCGTAATTCATCTCCTTGTTTTCGTACTTACCAACCGAATATCCGGGGGTAGAAGTGCCACCAAAATCGGTTTTTCCTTCAATATTCTGGATATAAATATCTCCCCGGATGTTAGCACTTACAACGAGATTGGGCATGGCTTCAAAGTGAGCGCCTACATTACCAAATACCCGGTCGCGGCTATCGGTGCTTGTATTTTCATAAGCTTCGAAGTATGGATTGGCCCAGTATAAAGGGGATTTATTGGTGATTTCTCCGGTCGAAGAACTTGGAGATCTCATATTCCAGTGCATAACCGTTCCATCGGGATATCTGTAATCTTTCAGCCTTCCCATATCAAGGTTTCTTTGAAACCATTGCCGGAAGTACCGAGACCCAAACTGAGAGCCCTGTGGAGGCCGGCGGGCTTCGTTGGTAGCGTAGTTGATATTTGCAGAAAAATCCCATTTGTCGCTGGCCTCAATATTGGCGCTTAACCCCAGGTTATTTCTGTTTAAATACGTATTGGGATAGACACCGGTGATCTTGGTATCGTTGAAGCTGAGCCTGAAATTTGTGCGCTCTTCTCCACCGGAAATGGTAACGCCATTGTCGGCGGTATAACCGGTTTCAAAAAAGTTTTGAATGTTATTGGGGTGAGCATCGAAAGGGGTAAGCTGTCCGTATTGCGGATCCTGTGGATAGAAACTGAAATATTCACGAACCAGAGTCCCATCCATTTTTGGTCCCCAGCTCTCATCCACATTAACCTGAACATACTTGTCGCCATTAGGCAATGTTCTCCATGTT
NZ_CP175953.1_gap53	1536422	1536956	534	CCTGGCCATCGGTCACAATGGGAATCTTTCCAATGCCAAACAAATCCGAGAGCGGTTCCGCAAAGAAGGCGTCCTTTTTCAAAGTACCTCTGATACCGAATTAATTCTGCACCTTATTTCGCATAGTGATAAGGAAGACCAGATGGATCAGATTATGGACGCACTCGAACAAATTGAGGGAGCCTACTGTCTGGTTATTCTTACTGATGACAAACTGATCGCCGTCAGAGACCCCAACGGATTCCGGCCTCTTGCCTTGGGTAAAGTGGATGGTGCATACTGCGTGTCCAGCGAAACCTGCGCTTTTGATATTAACAATGCCGAATACATTCGGGATGTGCAGCCCGGCGAAGTGATTGTGATTGACAAGGATGCCGACGAAAACAACGAACCGAAGTCCTATTTTATATCTCCTCAAGAGGGAACGGGTACCAGTCAGTGCATTTTTGAGTACGTGTACTTCTCTCGTCCTGACAGTAAGATTTTTGGTGAGATGGTTGATAAGATCCGGCGTAATCTTGGTAAACAGTTGGC
NZ_CP175953.1_gap54	1551150	1553312	2162	GCCAATCGTTTGATATCGTATTCAGACAAATCTTGCCCGTAAGCAGACTTAACGCTGTCGTAAATGCCAAAAGTGCGAGCGTAATAGTGGGCAAAGTCACGTATTCCTGCTCGCTGGGCCTTCAGTGATTCTATGGTGAAAAAATTGAGGGAATCGGCCAAAGAAAAAACGTGCTCTCTGGCAGAATCAGCATCAAAACTTTCATTGAACCGCTGATTGTATTCAATAGACCGGACAGCAAATACAAGGTGCTCGCCGATTGCTTTCAGGTAATAATCATGCAGTGGCGTGCCGGAAAGGTGCTTTTCAGCAATTTGGTATTTTCTTTCACTCAGCTTAAGCAGGGTGTTTTCTTCTCCAACCTTAATCTTTTCTTCCTCAAGGGGAATTTGTGTCTCGATTTCTTCAGTCTCAGTCAGGTAGCGATTATATCGTTCACCCCAAGATTCGGGATAGCCTTCCACGCGTACATTTTCAGGGAATGCAGCGCGCTGTATGGTAATTTCTAAATCAGCTTCGGGGGATAAGACAAGGGGATAGGATTCATCGTTTATCTGCAAAGTGCGAAGGTGCCGGGAGGATACAGGAGTGGTAAACGAAAAAGAGCCTTGATCGGATACTTTCAGGGTATCTCTTATCATCGGGGAATATTTGTAATGAACAGGTTGTTGCTGAATGATGAGGTCGGCATCCCCGAGGTAATCGATGCTTCCCTGTATGGTTACTTGGTTATTCCCACAGGAGACAAAGACAAGTGCAATGATTGTTAAATATTTGAATGGATTGGCAGAGGGCATGGAAGTCCAATAATTAAAATCGTTTAATATTCTTACTGATTAAGGAAAATACTGTAACATTATTGTGTGAGATACTCTTCTAAATAAAAGAAGTAAAGAGCGAAATAACTTTTTTAAAAAAAAATTGAAAAAAATGTGTAACAAAGGACGATCAACTTACTCTTGTCAGAGATAATTTGATATGGGTAGTACAAATGACGGCAATTACGTGCTATATGAGGTATAAAGGCGGTAAATTTTCGAGTTATTTGTTGTTGAACGTTTCATTATCACATCACAGTTAGTAATCACAACTATTATAATAACGAAAATGATAGAAAGTAAGATTAATAAAGAATTAGAGAGGAAGATTGATCTGTATGTAAACGGTCGGCTTGATGCTGAGCAGGTTGATGAATTGTGGTCTGAGCTTATTCAGGATGAATATTACATGGACTACATGAAAAGCGTTGCCAATTTAAAGGCCGTCATCGACCGTAAGCAAGCAGCAAAACCATCTTCCAAAGTACACTCTTTCCGAAAAGTTGCCCAATATGCTGCGGCAGCTGCTGTAATTTTGATAGCATCGGTAGTAGGGGTGTTAAATATGAATCCTTCCGGTGACTTCTCGGTAAGCCCGATAGCACAGATTGGATTAGATGTTGTTAGGGATGCTGAAGGGGTTTCTGCTACTGTTACCAGCGATGTAATTCGAAGAGCTATTCGTTTGGCTACCGATGGGGAGGTTCAGGAAGCGATTTCATTACTCCAATCCGAACTGGAAGAAGTCAAAGAGCCACAACTAAAAGCTGAAATTGCACTGAGTTTAGGTTCAATTCAGTATAACAACGGCAATTATTCATCCTCTATCGAAAATTTCAAAATAGTTACTGCGCAAGAAAACATAGAAGTACTTACTCTTGAAAAAGGCTACTGGTTTTTAGGTAACACGTATTTCCAATTAGATCGTCTTGAGGAAGCGGGAGATGCCTTCCAAAAAGCCTATGAACTCAATGGCGCTTACAGCCGAGTCGCAAAAACATATGTGGATGCGCTGGAAAACGTGAGCAGATAACAAAAAACTTGTTAATGACCCTTTATAATTAGAAAAAGCTACTAAATAAAAAAGGCACTTGCATATAATGTAAGCGCCTTTTTTATGTTCAGAAGTAAACATAAGTTTACTGATTAACCGCTGCTCTCTTTTCTGTAAGTGATAAATCCGGTTAGCAGACCTGTAAGAGCTAACAGAGAAAAAATTAGGCCGGCATTTGTTGATTTGTTTGTAACCGGCGAAGGATTCCCGATCATCATATAGGCTCCCCAAAAATGCGGATTGGCATTGGCTCTTTTCAATTGGTTGAGTTTTGCTTGCCTGATAGCTTC
NZ_CP175953.1_gap55	1554715	1556048	1333	CAGATAAACTAAAGTAGTTCGACTTGACGGTTTGGTATTTAACCGATAATTGAAAATCCATGTTCTCAAGCGAATAGAGCTGTATATCTTCCAGGTTTTTGGCGGCATCTTTGATTTTATTCTGCTTTAAATCAATAGCTGTAAGATTGACTACGGCATCTAAATAATCAGGAGTATCTGAACGGGAAAGGGTTAGTTGCTTTACGTTTTGAAATGTTAGTCTCGCTTCTGTAAGAGAGTCAATTTTGCTCAAAATAATTCCCTTTTCAATAAGCAAATCAATGTAGGTCTCGTAATTCTTCTCCGGAGACAGTATTTGAGAAGCGGAATTTAAATTAGCCAGTGCTTTGTCAGCATCTTTATAGTTGGTCCAATAAAAAGTACCCAGATAGGAATTAATCAAAGCCAATTCAGATGTATCCTTTTTATCAGTTGCCAATTTACGAGCCTGTTCAATGTAATTCAGGGCCGTATTTATATCGTTGATGGAACTGTAGTAGATAAATAAATTCCGGTAGATTTTTAACCGGGTTGTATATTCCTCTATTTCTTGATCTAAAGCTCGTAATTGAAAAGATATATATTTGTTGGATTGACCGAGCTTTAAATAGGTTGCTCCTAAGTTGGTGAAAAGAGAGTATTGTTCTTCTAAGGTCTCTGACTCATTATAGAGCTCTTCATAAATGACTTTCGCCGCTTGATACTTCCCTAAAGAAATTAAGTAGGCTCCCTGCCTTACTTTGATGGAATTTATTTCAGTTTTATTTCCAATAAACATTGCAAGCGGTAAAGAATAATTCCGCTGAAGTTGTAGGGATTTATCATATTCTCCATAGATATAAAAAGTGTAATCAAAAGCACCTAACAGCTTTAATCTATGGATTGAATTTGGCAACCAATTCTGGTTAACAAATTTCTCAAAATTTTCTTGAATTACGCCGTACCTGTCAAGTATATAAGCAGTACGAATGACGTTGGAGAGAACGATAGCGTATTCAAGCCCATTGTTTGATGGTTCTGAATTTATATAACTCAGCCAGTTCTCTAATGCGTTTTTTAAATAATTTGTGGAATAATAATTATGTAAATCTTCCTCCATCAATATTCGAAAATGAATTAGGGGATGTTCATCATAGCCGATGATTTCTGTGGAGACCGTATCTTCACTGTTTATAATTTGCTTAAAGAGATCTGATTCTGTTTTATCCCAAAAAGATTGACTGAGTTCATCTAACTCGTCACAAGAAATTTTATCATAGAACGAAGCTTTTTCAGTCAGGCTTTGTACTGATGATTTTACTATATCAAGCCCCTCACAATTAAGTGAAGCAAT
NZ_CP175953.1_gap56	1626645	1631053	4408	CTGAAACCTGAATGCTGACAGCTTAAGTAGTCAGCTGATAGCAACACCTAAAATTTCTTAATCAACCCCTTCACCAGCTTCGCAAACACTCCTTTTTTCTGATCTGCCGCTTCCTTTACTTCTGCATGATCCAGTTTCTGGTCGGTGACTCCGGCAGCCGCATTGGTGATCAGCGAAACGGCGGCCGTCTTAACTCCCAGTTTGGCAGCTTCAATTAATTCCGGGGCCGTACTCATCCCAACTGCATCACCGCCCATTTTGCGGAAGGCCCTTATTTCGGCTTTGCTCTCGTAATTTGGCCCTTTCACGTAAAGATAAGTTCCTGTTTGGGTTTCAATATTCAGGTCGCGGGCAATAGCTTTTACTTCGCGGGCATACTCTTCAAACTTTGAGCTCCAGGTATTTACAGCCGGTTCGGAAACCATCATATACTGTTTGATAATACTGTCAATGATCATCAAATCTCCCACCCGATAACGCAGATTGATACCCCCGGCCGCATTTGAGATAATGAGTTTGTCCACACCAAAAGCTTTAGCCAATTGCACCGGAAGTACGGTTTTGGCAAAAGCATGCCCTTCATAATGATGAAAACGGCCGGAAAAGGCCAGTACGGTTTTGCCTTCCACTTCCCCACAAATCAGCGACCCGGAATGACCGACTACGGTAGATTGGGGGAAATCAGGAATCTCAGAATATTCAATAGAAAGTGCATCCTCAATGTGATCCCCAAATGTACCCAGTCCGGAGCCGAGAATGACGGCTGAGTCTATTTGTTCAGGGAAGTCATTATCGGTGAGGAAGTTTTTGATGTCAGTGATGTAATCAGGCAGGGACATAAGACTCGATGTTTTCGGTGCTGTACCCGGTTTTCTCATTGTAATCAGTCAGTTTAAACAAAGGGTTCTGATCTTCATGGTAGGCTAAAATAGTATATCCTTCATCAAATGCCAGTTTGGCCAATTCTTCGCGCTTCTGCTGGCTTACTTTGGGTTCAAAGTCATACTTGGCTGCATACTTTCGGTTGATGGCTCCTTTGGTTCCAATAACATCACCGGCCTGCAGGTATTTATGTTCGCCATCTTCAAAAAGCAAAACCTGGTGAAACTCAGTATGTCCGCCAATCTTCCGGACTTTCAATTCAGGATAGGGCTGGTCTTCCTCATCCAGAAAATGGAGGTCGGCTTTGGCATCGATAAAAGAGACAAACTCCGTTTTCTCTTCATCATAGTACTCATCTTTAGCCATCACCTTTTCCCAGCCTTTTTTGGAAACCCAAAGTTTGGCATCCGGGAAGGTAAGTTCCCAATACCCACTCTCGCGATGGGCTAATCCACCAATATGGTCGTAGTGCAGGTGACTCAAAAAGATATCGGTGATATCAAATTCGGTAAGTCCGTGGTCGTTCAAATTCTGCCGAATGGTTTCCGGTCCGGTATCTTCACCGAACTCCCCAATTCCGCAATCAAACAGATAATTCCGCTCCGGGGTGTGAATGAGCGCCGGATTCAAAGATAGTTTCAATGCGCCTTTAGCAGGAGGGTCATCCCGGTTTATTCGGACAAATTTCTTATCTAATCCAACGGAAAATGTGCCCTCATACAAAGTGGCAGCGTAGGTTTGCATAGTTTAGTTATGGTCGGTGGTTAATAATATGTGCAACAAGAAATCCAGTTTCATAAATAAAGCAGATTTAGCTGTCAGCAATCAGCAATCAGTTTATTAAGAGTGAAAAACTGATAGCTTACACCTGACAGCTGAGAGCTTCTATTTCTTCTTATCCTCAAACTTGTCGTAAGCTTTAATAATATCGCGGACCAACTTGTGGCGTACTACGTCCTCTTCGCCAAGATAAACGAAATCAATTCCATCAATATCCTGCAGGATCTTTTGAATAGAAATGAGTCCCGATTGCTGACGATGGGGGAGGTCAGTCTGGGTAATATCACCGGTGATAATGGCCCGGCTGTTGAACCCTATTCGGGTCAGGAACATCTTCATCTGCGTGTTTGTGGCATTCTGTGCTTCATCCAGAATCACGAATGCATTGTTGAGGGTACGTCCACGCATGTAGGCGAGCGGAGCAATTTCAATCACGTTCTTGGTCAGGTGTAGCTCCAGTCGATCCCGGTCGATCATATCTTCCAGGGCATCATATAACGGACGGAGATACGGGTCAATTTTCTCTTTAAGGTCGCCCGGAAGAAAACCAAGGTTTTCACCAGCTTCAACAGCAGGGCGGGCTAAAATAATTTTTCTTACCTGCCGGTTCTTCAGAGCCTGAACGGCTAAGGCAACAGAGGTATAAGTCTTTCCGGTACCGGCGGGACCAATAGCGAACACGATATCATGCTCAGCTGAAGAACTTACAATTCTTCGCTGCCCGGGAGTTTTAGCTGTGATAGCTTCCCCGTTATGGGTATGAATGATGGTATCACCTGTAGTCTCATCGAGCGTACGGATTTGAGGCCGGCCCGCTGTGGTTTCCCCACTTTTAAGAGCAACCAGGGTTTTAACATCGTCCTCGGCTACTTTGTTCTTACGATCCAGCAGCTCGATCATCCCTTCAATTACTTTAGTAGCGGTATCAACTTCCTCCTGCGGCCCGGTGAGTTTAACACGGTCGCCGCGGGTGTTGAATTTGGTTTCGGGAAAAGCCTTATCTAGAGCAATGATGTTGTGATCATGCAGTCCAAACAGGGCAACAGGATCCGCACCTTTGATTTCAATGACTTGTTCTGAAAGTGTTTTCTCGTCTTCTATAGCGGTATAAATTTTTGAATGAAAGAATTGCCCAAAGATAAGGATTTAGCAGAAGAAATGATGCAGGCTGCCGTGGAAGCTATCTTTCAGGAAATGGATTTACAGGGGTGAAGCCGGATGGATTGGATTACCCCAGTTTCTCCGTAAGCTCCTCAAACCGGACGGTAATATCTTCAGCGCTGAATACGCTGCTTCCCGCTACCAGGATATCTGCTCCGGACTCGACCACCTTTTTGGCGTTTTTGAGGTTCACGCCACCATCAACCTGAATCAGAAACCCGAGCTCTTGTTCTTCTCTGATTTCAGCCAATCGCTTCAGTTTGTCATAACTGCTCTCGATAAAACTCTGCCCGCCAAAGCCGGGGTTTACGCTCATAATCAGTACCAGGTCCACATCATTTAACACTGGTTCGATATTATGAAGTGAAGTAGCCGGGTTAACAACGACACCTGTCATAATCCCATACTTTTTAATGTTCTGCAGGGTTCGGTGGAGGTGAGGGCAGGTTTCGAAGTGGACGGAGATTAAATCGGCTCCGGCCTGTACGAATGCTTCCACATAGTCATCCGGGTTTTCAATCATCAGGTGTACATCGATGAATGCCTGGGGAGCAGCTGATTTTGCAGCTTTTACAACTCCTGGCCCATAACTAATGTTGGGCACAAAATGCCCGTCCATGATATCACAATGAATCCAGCTTGCTCCGCCTTTAACCGCATCATCTATATCTTGCCCAAGGCGTGTAAAGTTGGCCGCTAAAATGGATGGTGCAACGATAGGAAGTTCAAAATTCATTGATCAGGGTTGTTATTGGGTTGGTTCTGTTGATTGTTGAGGGAATCAGGGTTAGCACCTGAATTATTATCTGTAGAATCTATGATCACAGCTCCGCCTTCGCTTTGTTCGATAACTTCAAAACGTTCGGATATGACCAGTGTCAGGCTTTCTCCTTCGCGAAGTTCTTCTGCTTTGGGAGAAAAGTCGAGCACGGTATTGGGCACAACATCTTTGGTTGGCCGGAACTGGACTTCACCGACTCTGAATCCGGCTTCACGTAGTTTGAGCTGAGCTTCAGGAAGTCTGAGCCCAATTATTTCCGGGACTGTGATAATACGACTGCCAAATCCGTCACCTACCACAAGGTCTATAACCGTACCTTTCTGAACGGTGGTTCCGCCTGAAATAGATTGACGTATGATGGTCTTAAACCGGGACGATTCATAGCTGCGGCTGCCCACTTCCAGTCCATAATTCTGAAGCTGTATTTCTGCATTCCGAAGGGAGAGATCTACAACATTGGGGACCACTACCTGTGGTTTAACTTCGTTGTTTACCGTGAGATAGATTTTCCGATTCGGCTTCACGATGTTATCGGCGCTCGGGCTTTGGTCAATTACGTAATTCGCCGGATAGGCTGAATTGGCACGACGGTCTGCCACTTCAAAACGAAGCCCATAGTCGGTTAGCAAAGCTTCGGCTTCTTCTAAAGAAATCCGGGTTACATCAGGTACCGTTACCCCTTCATTATAGTTGGTGTAGTAGGGCATGATGAAGTTATCAGCCACATATAGAAAAGCGGCACCGAATAGCATCAGCGAGAAGGTGCCGATATAAAAATACTTGTTAGTCAGAATCTGCTTGAGC
NZ_CP175953.1_gap57	1700140	1701034	894	GTCAAAATACTTCCATTCAGCCAATGGTTTATCTGCTGATATTGTACCTGATGGTAAAAGCCATTGCGTTGAAGCAGGTAGTTATAGAAAGGATAATACTTTGACTTCAGTTTGGACTGATTAAAAAGAAAAGTTTTTTCCGGATCGTTTTGGTTGTAGGAATAAGACCAAACCATTTGATCTGAAAAACTGTCGCTATACCAGGGTGGACCAAATAAAATGTAGATCATCCCCGGGTCTGTTTTCCAGCCTTCCTTAAAATTAGAAAATTGCTTGTTGGCCTCCTCTACGCGTTCGTAATACAGAGAGATGACATTCCGTGCCATATTTGAGTTCTGAATATTGGAGAGCCAAAACCGATCGATAGCTTTTTTCATTTTTTCCGGATCTTCGATCGCCATTAGTTTTTCATACTCTTTCTCCTCCATTAAATAAGCAAGAGGTCGAGCCAGCTCTTTGGCCGTTTTCAAAGAAGGGTAGTTGGGGCTCTTGATACCGAAATCTCTGGCCTTATAAAGTTCATTCTCTTCCCCTTCATTGGCAGTAACCTCAAGTCTGTAATTTCCCCGGTCAAGATTTGCAAATTCAAATTCGATTAAAACGCTTCCGGTTTGGTCAAGCGTACGGGTTGAGGTTTGAATGACTTCATAATCATCATACTCGATACCACGGTACTGAATGCTGGAGGGCGAATAATTATTAAAGTGCATAGGGCGGGCAATGGTCGTGTCCGATTTAAACTTAATAAGCCGTGATTCTATATCCAGAGGGTCATCGGGTTTGTTGTTGGTAACCTGAAATACGAATTTCAAAGAATCGATCTTTGAGGGAATATCATAGGTGGTGGCCTGATTAAAGCTTTCCTGTGAGCTATCCGTATTTTTACCCAAAATT
NZ_CP175953.1_gap58	1703066	1705746	2680	CAATAACAAGCTGACTTCAAGTATCGCATTCAACTATGTGAACACACAAGGTAAAGGCCGACCTGCAACCGGATATTCAGCTGCTCAGGGTAACCCTGCTCAGTCTATGAATCAGTGGTTCCAGCGACAGCTGCGAATGGATTACCTGAAGCAGTACGAGCAGGATAACGGTACTAAGATGTCCTGGAATATTCGATCTAATACGAATACTCGTCCGCTTTATTGGGATAGCCCATATTTCTCTGTTTATGAAAACGTACAGCAGGATGACCGGGATCGTGTATATGGAAACTACAATCTTTCCTATAACGTGAATGAGAACATTGAACTGCTTGGTAAATTACACCTTGACCAGTATTCATTCACTGTAGAAGATCGTATTGGAAGTGGAGGTCTTGAAGAAGACTGGTACTACATTGCTCAGCGTTCTCGCCGAGAAGTGAACTATGAGCTTGGTGCTCGCTTCAACCAGGACTTTGAAGATATTTCTGTTTCCGGTTATTTAGGAAGTAATATTCTTACGCAGGACTACAGCTCTGTAATCCAGCAAACTGTTGGTGGTCTTTCCACTCCAAACTTCTTTAACATTGATGCTTCGGTTAACCGACCGGATGTAACCAGCTATAAAGAGCAGAAAGAAGTTCGCAGTTTATTTGGTACAGCTACACTTGGTTTCAGAGACTTTATTTATGTTGAAGGTTCTCTGAGAAATGACTGGTCTTCTGCACTGCCTGAAGACAATAACTCATATCTGTACTATGGACTTTCAGGAAGTTTAATCTTCACTGAATTTGATCTGTTCGACAATCAGGATATCCTGAGCTTTGGTAAGCTGAGAGCTTCTATTGCACAGGTAGGTAGTGATCTGGATCCTTACCGAATCCTGCAGACATTCAATAGTGCTACTCCATACGGAAGTCAGCCTACACAGTCTATCCCGAATGTGCTTTCTAACCCTGACTTGAAGCCGGCGATTTCTTCCGACTACGAGTTTGGTGTTGACTTGCGCTTCTTTAACGGGAGACTGCGCACAGACGTTAACTATTACAACTCTGTACGTGAAGATGAAATCATTCAGCTGGATGCACCCGGATCAAGTGGATATAACGCCACCTTGGTTAACGCCGGTGAATTTGAAACTACCGGTTGGGAAGTTGCTGTTGGAACCACTCCAATTGAGTCCAGAGATCTGTCTGTTGATATGACCGTTAACTGGTCAGCAAGTACATCCCGTGTTGTTAAACTTGCTGAAGGTATTGATACCCGACTGCTTGAAAGTGCATTCTTCGGTCTTCAGTTATATGCTGAAGAAGGCAAAGAGTGGGGTAGAGCCATTACTTCCGGTGGATACGGTGGAACACTCCGTCATGAGAACGGTAAGCCAATCGTTAATGCTTCCGGAACTGCTTATGAGCTGGAAACCAACAAAGACTTAGGAAATATTCTTCCTGATTGGAATGGTGGTTTCGACCTTGATGTAAACTACAAGAACTTCTCATTAGGAGCTTTTGTACAATTCCAGAAAGGCGGAAAATTCTATTCTATCTCAAGAATGTTCGGTGCTTACTCCGGTCTGACCCAGGAAACTGTTGGAAACAACAATTTGGGTAACCCTGTACGTGATCCGGTTCTTGACGCTAATGGAAATGAAGTGGTTTCCGTACCTGTAGGAAGTGCAAACTCTGCTTCAGGTGGTATGCTTCTGGAAGGAGTTGACTCCAATGGTAATGAGGTTGCTTATCTTGTAGATGCGCCAACTTACTGGCTGAACAAGTTCTTCAACAAAGAAGAATGGCTGGAAGATGCAAGCTACATTAAGCTTAGAGAAGTATCTCTAACGTACAACATTCCTGTTAGTACCATTGAGCGACTGCCTCTGTCTCGTGCAAGCGTTTCGCTTGTAGCTATGAATCCATTATTAATCTATTCAAGCGTTACCGGTGTTGATCCGTCAGCTATCCAGAACAACGCAAATGGATTTGGATTCTGGGAAGGTGGAACCATACCGGGAACACGCTCCTTCGGATTTAATATCAACGTAGGATTTTAAATCATAGGAGATAGATTATTATGAACTTTTTAAATAAAAATTATATGAAAGCCGTAAAAAGCATAGTTCTTGTTACATTAGTGACCGTTCTATTTGCGAGCTGTGATGATTTTGGAAACATTAATACGGATCCAAACAACCCATCACAGGTAAGAACTGAGTTATTGCTTACGAATGCTCAGAAAAGCATGGATAGTAAGGTTGGCGCCGTAATGGGAACTCTTTGGGTGCAGTATATTGGGGAAACTCAGTACACTGACGACCAGGAGTACCGTAACGTGAACGCCGACTTTAACGGATGGTACACAGGTCCACTACAGGATCTGCAGACCATTATTGATCTGAATTCTAACCCGGAAACAGCCGGTAGCGTACTTTCAGGTGGTAGCAATGCCAACCAGATCGCTGTAGCTCGTATTCTGAAGGCCTATTTCTACATGATGATCACTGATCGTTGGGGAATGGTTCCTTACTCTGAAGCACTTCAGGGTAGAGAAAACCTTCAGCCTGCTTACGATGCACAGGACGCTATCTACTCTGATCTTATTGCAGAGTTGAAAGCAGCGGCTGAGCAGATTGATCCGAATTCCGCAGCTGTTGTGGGAGATATCATCTTTGAAGGTGATATGG
NZ_CP175953.1_gap59	1707563	1711035	3472	AGCAAGTTCTTCTGCCGATTTAACGGATGGATAGTTGTTACTTTTAATGGAGAAGTCCCGGGCTTTGTACAGGGTTTCCTTATCGTTTAGGTTTGGGCTTACTTCAAACCGATAATTGCCCCTTGGAAGATTCTCAAAAGCAAACTCAATAGTCACATTGCCGGGCTGGCTAAGCTGGCGTTGAGTGCTTTGTATAACTTCGAAGTCACGATAGTCAATGCCTTTATATTTAATGCTCGAAGAAGATCTGTTCACAAAGCTCATGGGGGAGGAGTAGGAACTGTCTGAGCGGAATTTAATTAACCGGGCCTGTAGAGTAACAGGATCGGAGGTGGAATTGAATAACTGAAATTCAAATTTAAGGCTGTCGGCGGCAAGGCTTACATCGTAAGTCGTAACCGGGAAAAAGTTATTATTGAGCTCTTCCGCTTTAGCAAAAATCCGGATATTGGTAATATTCGTTACTTCTTCTTCTAAATCCGGCAGGTTTACTTCATCACTTCTTATGGTGGTTTTACCGGTGGCCTGATCAGTAGCTGCTACGGTTACGGCGTAATTGCCCGGGGATACATTAAACTCTTTGTTAAACAGGTAAATGTCGTCTTCAAAACCGCTGGTTGATAAGGATCGATCCAATTTGATGGGGTAGTTAAAAGACTCAGCCTTATTTTGGTCTGTGTTTCTAATCTCAATTTCAATGCTCACTTTAGCCTGTAAGTTGTCTTCGTCTTTTTTGAATACCAGGCTGTTTTTGGGGATACTTCCTGAAACCAATAATTTAAGTTGTTGACTGGAACTGATTACTCCGGCTATTTCAGTTCTCAATTCAGGGTGGCCGGGTTGGTATGCATAATCAGACCCTCGTTTAACATCTTCTATATAAGAACTGTTACAACCTGAAATCAGAAGTAGTAAACCTATGAGGGAAAGGGAGTAAAAAAAATCTCTGGGTAGTAATTTCATGGTGAGGCCTCTTTTTTAAAAAACAATTCACAATGATTGTAACATTTAACCTATCTTAACTATGTTAAAACACTTGCTCACTTTAAATAAACACTCTATATGATATCTGCAAGGCGCCGAACAAAAATTGTATGTACTATTGGCCCCAGCTGTAATACTCTTAACAAGATAGAAGAACTTTTATTACACGGTATGAACGTCGCCCGGGTGAATTTTTCACACGGCACCCATGAAGATCATGCCAAAGTGATTAAACATATCCGGAAAACAGCTAAGAAATATGAATACAGCGTTCCGGTTTTAATGGATTTGCAAGGCCCGAAAATCAGAGTCGGCCAGATGAAAAATGGTGGGGTTGAATTGGAAACCGGCTCTATCGTGAAAATTACCGGAGAAGATGTAACCGGAGACAGTTCCGTAATCCCCATCGATTATAAAAACCTGCTGCACGAAGCCGAAGTCGGTAATTCCATTCTTCTTGATGACGGCCTGCTTGAATTTAAGGTGATCGAGAAAAAGCCGGATTCCCTGCAGGCAAAGGTGGTAATTGGTGGCGAGCTGAAATCCCGAAAAGGTGTAAACCTACCGAATGTGAGGATTTCAATCCCGTCCTTAACAGAAAAAGACCTTAAGGACCTGGAATTCGGGATTAAGCAGGATGTGGACCTGATCGCCCTTTCGTTTGTTAGATCAGCGAAAGATGTGCGGGATATAATTTCCCGAGTGAGAGCTGCGGGAAGCCAGGCAGCTATTATTGCAAAAATTGAAAAACCGGAAGCTCTGGATGTAATCGATGAGATTATTGAGGAAGCAGATGGCATCATGGTAGCCCGTGGCGACTTGGGAATCGAGATACCTACAGAGCAGGTTCCCATCGTTCAGAAAATGATTATCGAGAAATGCCGGATGGCCGGTAAGCCGGTAATTACGGCTACACAAATGCTGGATTCAATGATCAATAATCCACGCCCAACTCGTGCTGAGAGTTCAGATGTTGCCAATGCGGTACTGGATGGAACCGACGCCGTAATGCTTTCCGGAGAAACAGCAGCCGGTAAATACCCGATGGAAGCTGTGAATGTGATGGACCGAATTTGCCGCTCGGTGGAGGAGAAGCGTCCGCAAATATATAATAGCCTGGGCTATCGAAAACCGGAATGGAAAGAAAAACAGATTATAGAATCTTTGGCTTATTCCTGTGTTACCATTGCTGACAATGTAGAGGCCAAGGCTATTAGTACTATTACCCATTCAGGGAATACGGCACGGAGAATAGCCAAGTTCCGTCCCAAAGTACCCATTGTAGCTTTTACCGAGAGTAAAAAGGTGCGCAGGCAACTCAACCTTGTTTGGGGAGTTTACTCAGTACGCCTGGACGAACTTTTTGATACCGACAGAAGCGTTCGGATGATGGAAAATTACCTCCACGAAAATGGAATGGTTAAAAATGGTGACCGGGTGATTGTAGCTACTGGCATGCCTATTGCCAAACGTGGCCGCACGAATATGATCAAAGTAAGTACGATTGAATAAAGCAGTGCGTTAAAGCAACAACATGATGATGCGCAAACTCCTTTTTATTTCTTTTGTTTTGATTCTAATGACAGGGTGCAAAACCTCATTTCAATCAAAATGGAAGAACTTCAACGCATATTATAATACCTATTACAATGCCCAGAAGAGTTACCAGTCGGGGCTTCAAAAAAACCTGGATCAGCAGCGCGAGTATAATCCTCTTCAGCCCATCCGGATTCACCCCAAACCGGTAAATGCCGGAGCTTCGGATTTTGATAAAGCCATCCAGAAAGGGGCGGATGTACTTCGGCGGTACGAAGAAACGAAATGGGTGGACGATGCCATCGGCTTAATCGGTAAGTCATATTATTTCAGGCAGGAATATTTCTCGGCAGATCAGAAGTTTAAAGAGCTGTTCGTGACTACCGAGAACCCTGATATGCAGCAAAAGTCCATTTTATGGCAGGGTAGGGTACTGCTGGATATGGAGCTCTACAATGAAGGAATCGCCTTTCTATCTGAACAGCTCACACTTCTTGAGGGGGAATGGAATGAAGGCTACCGTGCGGAAGCAAAGGCTTTACTTGCCCAGCATCACGTTAAGATGGAAAATTGGCAGGTGGCGGCAAACGTACTTTCGGAAGCTCTTCCAAACCTTGAAAAGAAAGAATACCGGGAGAGAGGATACTTTTTACTTGGGCAGGTTTACGAACGCTTGGGTAATCCCGAAGCTGCTTTTGATGCGTACAACAAAGTTCAGAATCATTATGTGGAATACCGGATTCAGTATTTGTCTCAGCGTAAAAAGGCGGAAGTGGCGCGCGTACTTGGTCGCAATGAAGTAGCCTTTCAGATTTTTGACGACATGGTTCGGGATGATAAGAATCTTGAATACAAGGCCGAGCTTGATTTCGAACTGGCCAGAACAGAGCATGAACGCAATAATTACAAGCGTGCGGAAAAGCTGTATAACAATGTGCTTCATAATAACCTT
NZ_CP175953.1_gap60	1834353	1835521	1168	GCAACGTCTTTAACCCGAATTGGCTTATTGTCGATAGTGGTGATTACGGTGTTGGCAATTTGCTCGATGGATTCATATTCACCCAGCGTACGAACATATAACTGCTGCAGTCCGGAATTAACATTACCTCCGGGAAGGTTGGTATTTTCCCTCGCGATAGCCTGTTGTACTTCAGCTGTCGACAAACCACTTGCAATAAGCCGGTCTCTTTTTATATCGATTTTTACTTCCCGGTTTATACCGCCCCAAATATCGATAGATCCAACTCCGTTTATCTGTTCAAAGCGTTTGGTTACCTCCCGTTCTAAAACAACAGTGAGTTTAGCAAGATCCATATCGGAGTTGGCGCCAACAATGACAATAGGAAAATTATTTGGGTCAAACTTCCAGATACGGGGAGGTTCTGCTTCGGGAGGGATGTTATCCCTGACCCGGTCAAGTGCAGCCCGTACATCATTGGAGGCTACGTCAACGTCAATGCTTTGGGCAAACTCCAGGGTAACCCTACTTCGTCCTTCACTGGAGCTCGAACGAACTCTTTCTACTCCGGGAACACCGGCAAGGGCATTTTCAATAGGTTCAGTAATGATTTGCTCAATTTCTTCGGGCCCCACGTTTGGATATTCAGTAGCAACGGTAAGCTGCGGATACTCAATAGGGGGAAGCAAATCTACGGGGAGGAACCTGAACCCGATTACTCCAAGGGTAATGATGATCAGGAAGACCATCGAGGTGGCAACGGGACGTTTAATCGAAGTTTCTGTAATAGGCATGATCGAAAGGCTTAAAGGGTAACGTTATTTTGTTGGTTGTCACGGTCACGCATGATTTCTTCAAGTAAATCCTCGCGTTGCAGTTGCTGAAGCTGAAAGATGCGGTCCCAGCTCATGGTACGAATTCGGGCTTGTGTTCTTCCTTCAGAGAGTAAGTCTTGACCAACAGTGACTACCCATTGACCGCTTTCCAAACCGTTCACCCCAAGCTCCATTCTACCCTCTGCTACAACATCAATAGGTTTAAACTGCACAGGTGTGGGTTGGGTCATAGCTCTCAGGCCCCCTGAATTATTATCACTGGAGTCACTGACCGGCTCTATTTCAGAACCAAGTGATGTAGCTACAAACACACCTTCTCTTCCTGTTGTGGGATCGGTATAAAGCGCACTGAC
NZ_CP175953.1_gap61	1837402	1840985	3583	CCCGAATTTAGTGCTTGCTTAGCACCTGAGCGCAGAGCAGAAGCCGCATCACTTACAGAACCGTTATCCATTCCGGAAATCAGAGCAGCCATGTGCTGTGCTTTGGCAGCTTTGTTTCTGTCTTGAGTTAAATTCCAGAATCGAATAAAAGCGACGATATCTTCAACGTTGAAATCGTTATCTGTATTCAGGCGTGCATTCGGGAAAGTTAAGCCACCACTAAAATCAAGAGGAGCAGTCTCAAACCCAAAGTCATTATCTCTCCAGCCATTGCTGAAGGAATTCAGGTCATCGAAGTCAACAGCGAAGTCATTGTTAAAATCGCCGATCATGGTGACGTAAAATTCAGGAGAGGAATAGGTGTCATCAGCTGATGTAAATTGTCCGTCTCCATCAACATCAACAAAATACTGACCGCCGCTGTTATCCTGCATGTTTTGTGATGAAATCTGAACAGTAAGAGTATCCAGACTGTAGAAGTTGTTGTTATCCAGAATCAGGCTGTTACCTTCTGCGTTCAGAGCACCGGGAGTAATAGTCTGGCCATCGTCATTGATAAAGGTAACAGCACCGGAAAATACCGTTGAGAAGTTATTAAGTGTATTAATGTCGGTATCAAAAACGATTTCTACGCCATTATTTACATACAGTACATTTCCATTTGGGTTGAAATCGTTGACACTCAGAGGAGTAATCAGGAAGTTTTTGCTTACGCCGATTGTACCACTGAATTGTCCCCGAATAGCGATGTCGAGATTACCGTTTCCATCCATGTCGTAAGGATGGATGCTGACGGCTCCATTGAAATCGCTGGTAAGCACTATTTCTGAAGAGAAGGAGTTGCCTCCATTATTTTGGAACCACATTCCCTGACCATCGTCCGGTGAGGTTGCGAGTATATCCGTCAGTCCGTCTCCGTTAAGATCACCAACCGAAACATCTACAACCTGGGTAATACCGGTGCCTATAACCGACTTACTTCCAAAGGTGCCGTCTCCATTGTTGATAAACGCCCCAACCTCGCTATCTCCCGATGAAGCATAAACCACATCGAGGTCGCCGTCATTATCGAGGTCGGCTGCTGTCACTCTTTCGGGATTGGTGATGTTGGACCCGATTACGGTTCGGGTAAATGAACCGTTTCCATTATTTTGATAATAAGCTACTTCATGGCCGCCATTCTCACCTGAAACGATATCGGTGAGGTTGTCGCTGTTAAAGTCTCCGGCAAAAACAGAATTGATCAGGTTGCTGTTATCAACTACTGAGTTCTCCGGGCCAAATGCGACTGCAGACTGGAAGCTCTGGTTTTCGTACCAGCTGATTTTACCATCACCGGAAGAAGCAATGACAACATCGGTAAACCCGTCGTTGTTCATATCTGCCGGGAATATATCAGAAATGCCGGTATGATTAACGGTAACCGTAGTTTCATCCAGGAATCCGGTAGTAGATGTACTTCCTCCGTTATTTTTCAGAACTCTGAACTCATTGTTCACATTCGAAGTAAATACAAGATCCGGGAAATCACTTCCATATACATTCATCGTCCTGATTATTGCCGGAGATACCGATCCCGGATAATTCAGACTTAGTACGCTGTTGAAAGGATTGTCACCATCAGAGAAAAGTAATGAAATTAGATTATCTGCGGGTCGGGTGGCAATCAAATCTTCAAAACCATCTCCGTTAATGTCAGCCGAGGTTATGTTACCTCTGCCTGAGAACCCACCTTGAGTTTCGAACAGGCCAAAGGTTCCTTCACTTTCATTGAGGTATAGATACTTGTGAGGATACGTGTATCCAATTCCATTGGTTGTTACCGAAACATTTACAAAACCGGATAAACCAGCCGGCGCTTCTACAACAATTGAAGCAGAGTCAGCGCTGATAACATTAGCGTTAGTACCACCAAACTGCACCTGATTTTCAGAGGATACGTTAGAAAACCCAATACCTGATAAGGTAACCTGAGTTCCTTCAACACCGGAAGTAGGGTAAATTCCGGAAATCTGGGTTGATATGGCTTTGATGCTTACGGTATCTGAGGCTACGCGGGTATTACTTGAGTCGATAGCCACCACCCGATAGTAGTAGGTTACACCGTTATTCAGGCCGGTATCTTCGTAGGTAGTTCCTGTTTGTGGTGTGCCGAGCAGGGAGGTGAATCCATCTACATCAGGATTGGTACTTCGAACTACATCATACCCCAGGAGATCTGTTTCAGTATTGGCATCCCAGCTTAATGAGGCCGAGCCAATATTTCCGGAAACCGTTACGCCGGTTGGAGGGGCGGGAGGGGTATCCACATTTTTCAATAAGAGCAATTGATTAGCTGTATAATCTCCAACAACTAAATCAAGTAAACCTGCTTCCGTTAAGTCTGCAGCAGCCACAGATCGCAATTCTCCGGCACCGGATAGGAGCGTATCTGCAGTATCAAAGCTGCCGGAACCGAGGTTTTTATACCAAACCAGGTCACCATTTAAGGTAGAAACAATGACGTCTTTGAGGTCATCACCGTTTAAGTCGGCAGCCGTAGCATTAAAAGGATCAGTCAGGTCGCTGGAAATAACACTTTGAGCTCCAAAGGTTCCGTTACCGGAACTGTTAGAGTACCAGGCCACTTTAGAATCGGTTTGTGAAATCGAAAGCACATCAACAAAACCGTCGTTATCCAGATCTGCAGTGATAACGTTTTGAGGATTATCAACTGAAGAGCTAATTACCGAAGCAGCAGCAAAGGTGCCGGCGTTATTAACATACTGCACAATTTGATTTGAAGCTTCAATCGATGCAACGAGGTCAAAATCACCATCCCCATCAAAATCGGCAGCTTTTACATCATTAGCCAGAGGAGCATTGCCGTCTATCAATTGCTGAAGCACAAAAGTACCGGTGCCGTTATTCTCATAATACGAGATATCGTCAGAAATGGTATGTACATGAATGATATCCGTATCCCCATCAAGGTTGACATCAAACGCTATCACGTCCTGGGAGTTATAGTTAGAGATAACCGGGAAGGTCTCAATTACGGAACCATCCACACTGGAAAAGTTAAAAGCACCATCATTTTTATACCAGCCCAGCACATTGTTATATGCCGCGGCGACATCTAAAATACCGTCACCATCAAAATCAGCGTAGGTAACGCTGCGTGCACGTGCATCGCCTGTTTCTCCCAAGGCCTCAGGAGCGGAAAAAGTCAGGCTACCGAGGTTTTCAAGGTAGTCTACATTGTTAGATGAATTCTCGTTGTAGGATGCGGTTAGGATATCGAGATCCTGGTCGTTATCCAGATTGGCAATCTGCACTTCAAGTATGCCCGACAGGGTAGCAAGGGATGTAGGATCCTGGAAAAAGCCGCTTTCCCCAGGAGTATCTTCCAATACGGTGTACATATCCGGCGCATTCAGGAATGTATTCCCGTTTATGACTACGGTAACCGGGTAGGTGCCCGGAGATACAGCCGGTATGGTGACGGAGATCTTAATTGAATCTGATGAGGTAATGGTGGCACTTTGTCCGCCAATCTGTACATCGAGAGAACTGTTGGTGAGGTTAGCACCGTAGATAGTTA
NZ_CP175953.1_gap62	1867577	1868249	672	GAAGCGCAGCTTTACAGGAGCCGAAACTGCAGGAGGTTCACCCATGGACTCAAATTGAACGCCTCAATAAGGAGCGTGATCTGATCGGGTTTTACCTGAGTGGACATCCCTTAAGCCGATTCAAAGAAGAAATTCGATTGTTCGGAAAACAGAACCTCAGTGATGAAGTTTTTGGTCAGATGAATGACCGGCAGGAAATCCGGTTCATCGCTATTATTACCGGTGTAAAAAGGGTGACTGATAAAAAAGGTCGTCCGTTTGCCTTCCTTCAGGTTGAAGACCTGAACAATTCCACCGAAGTCATCGCTTTTAGTTCAACCTATGATAAGTACATGGGGCTTCTTCAAACCGATAATGTGTTGTTTATCGATGGAACCGTGGATACGCGAAGCGGTCAGCCCAAAGTAATAGCGAATTCGTTTGAACGGGTTGAAAATCTGCGTGAGAAATTTCAGGAACAGCTGAATCTGAGGATCAGCCTGAAAACATCGGACTTGCAGAAAGACCATCTCAAGCAGATCGAAACTCTGTTTTCCATTAATAAGGGAAGCACCCAGGTTAAACTGGCCGTTTACAGTGAAGAGGCGAATGCGCCGATCAAAATGAACGTCCGGAATTTTGTGGTGGAACCGAATGATGACTTATTGCGGGGTTTACGCGATGTGTTGGGAG
NZ_CP175953.1_gap63	1963732	1964783	1051	TTTGATGAGGTAAAGCCAGAATTCATGCCGGATCAGTTTGTCCGCACGTACAGGGAGCCGGATATGGATGAAATCCGAAACGCTCTTCTGGAGGGTGATGAAGATGCAACAAAGTTTGCCACGCTACTTCCAAGAGGAACTCATTTACGAATTAAATAAGGAGACCAAACTATGTTTAACAAAGCCACACGAAAAGGAAAGCACATTAAACTTGCAATTACTGGTCCTGCTGGATCAGGTAAAACCTATTCAGCTTTACGACTGGCAAAGGGCTTGTCTGACAAAGGACGTATTGCCCTCATTGATACTGAAAACGAAAGTGCATCTCTGTATGCCACAGATTTTGATTTCGATGTTGTCAATGTGGAAGCCCCTTACGAGATCAATAAGCTGGTAGAACCCGTGAAAGCTGCTTTAGAGCAAGGCTATAACACCTTAGTTATTGATTCAGCTACGCATTTTTGGAATGGCATACTGGAGTATAAAACCAAATTGGACAAAAGAGGCGGTAACAGCTTTGCCAACTGGAGTGATGCGAACGTCCATTACGATCTATTTCTAAGGGCTATTCTGTTTTCAAAGATCCATGTCATTGTATGCATGAGGTCTAAAATGGAATACGTGCTTCAGGAAAACGAGAAAGGGAAAGCAGTACCTCAGAAGATTGGTATGGCTCCGGTAATGCGGGATGGCGTTGAGTACGAGTTCACTACCGTATTCGATTTGGATATGAATCACCAAGCTCAGGCGAGTAAAGATCGCACCAACATGTTTGGTGAGCGGATATTCCAGATCACAGAAGAAACGGGAGAGCTGTTTCATCACTGGCTGAATGAAAGTCAGGAAGCTCAGCAACTGGAAAAGGAGATCATGGAGCTGGAATAAAGAGAGAGCCAAAGCAGAGGGACGTTATGTCCTTCTGTTATTGGTTATTATTTGAATTCAATATGTTCTTCAACTTTCTTAACGATGTCGCTGGGTTTTACATCTAAAGCCAATGCTAATCTAATCAGGGTGACGAATTGAATTTGACGTGCCCCGGTTTCCACTT
NZ_CP175953.1_gap64	1966455	1971233	4778	TCAGCATGGAAGAAAGATCTTATATCCGACTGCTGATCTTTACGAGTTCTTTGATTCGCACAAAATCGAACAGAGAAATAGAGATTAAGATAAACAAAATAACACCGTTTGTATGGCTGACTGTAGACTCTGTAATGAAGATAGAAAACTTAGAAAATCGCATATCTATCCTGAGTTTCTCTATAAGCCACTATATGACGAGAAGCACAAATACTTTTCATTAACAACTGATACGGATAAATATATAAAACAGCCAAGCAAAGGAATTTATGAGGAGTTACTGTGTGCCGACTGTGAACAAAAGTTATCCGTTTATGAGGGGTACGCAAGAGATGTTATCTATGAAAAGATGAAAGAGGCTTTAAAGGAGAAGGGAAGGGTTCTAAAACTTACAGGTATAGATTATGCATTATATAAATTATTTCAACTGTCACTACTATGGAGATCATCAATACATAGCAGACCGGAATTACCTGTTTTAAACCTGGGTACTCATCAGGAAAGGCTTCGTAAAATGATTCTTGAAGAAGACCCGGGTGAATATTATCAATATGGTGTTATACATATAAGCCTTCAAATGCCGGAGGAGCTTGGTGATGACTTCCTATTTCCACTTGAAGCTGTTGAAGGCAGGTTTGAAGGACACCATATGTACAGAAGTATTATTGCTGGTTTATCTTGGTCATATATTGTATCGAATCATACCTATGAAGTTGGCTTTAAAGAGGCTTTTTTGAATTCCAAGGGAGAATTATTGATAGTAAGAGATTATGGACCAGGCAACAGGTTCTTAAACAGACTAATGAATGATTTTGCTTCACATCCGGGGATGAAAAGATTTAATCATCATTTTTAGTTTGGTCTTTAGCTTTCTTAATCGATAAAGAGGCATGGTAACTTTGAGCCATATCGAATAATATAATCACAATTTGATACAGAGAGTAAAGGGTAACTAAAAGTAGAAATAATAAGACCCAGTAGAAGAAAGCATTTAAGTAATTGGTATAGTGAAATGGTAAAAGGGAACTCGCTCCAACAATTAGTTTTGAAACAACTACAACGAATAAACTAATACTAATAGCAAGTAAACTGAATGTAAATGCATAGCTAATAAGTTGGAATAAACTTTTTTCATCCGGGTTGAAATACGAAATCTTCTCTATAAACTCTCTATCAGTGAAGCCCAAAAAAATTGCGAAGCCACCTAGCATGAAACCCAATAAATTAGGTAATATCTGCATTGATAAGTCAAGTATGCCTCTTATTTTATCCAAATAGTTCCAGTCATTAATATTTAAAAATACAATTGATAGTAGTAATGAAACAGCAAATGGAAGTTTTAAAGCACTATATAGTTTCTCCTTAGGGTATATGTTGACAAATCCCTTTAGACCCTGTCGATGATCTCCTCTAAATTTTTCCTGATTGTTTTTAATTATTTCCATTTGGTCTAAAAATACGAAGAATTTTATTAGCAACTTTTCTCATTGAGTCATCCTGATCATCCTCCTCCTCAACGGAATACCTTTCAGGATTGTCCTTTGTAATAATTGTTTCTCTGCCTTTTTCGGTATCAATAGTAGCTTTAGCGTCACCATTGCTTGCACTAAGTCCTAATGCACCTGATAAGATTTTGCTTTCTGATACATTAATGCTTCCTCCACTATGGGCTTTTCCTTTTAATGATAGCTTGGTTACTCCAGCTTCTCGAAGCTCATCATCAACAAACTTTGTAAACTCTTCATTAAGGTCGTTGTTACTGTAGGATATATTGACTTCTAATCTGTGAATGAATTTTGCATCAATTATCTTTTCAATCGCATCTCTTGATTTTTCAATATCAACAAACACCTCTTCATTGATGCCACAAACTTTGTTTAAGCCAACTGTAAGAAATTTCTCAGCAGCAGTCTTACTAACAGTACCAGAGTTTTCGATCAAGCAAAACCTATGGGCATCTGGAATGAAGACATACTCAGTCTCTCTTATATTTGGAAACAAATCTGAAGGGATTTCATATTCAACAATTTCACGCTTCTTATAATCTAACCACTCATTATTATCAATTCTATCAAATCTTGAAATCTTACCGGTAAGTATTTCACTATTATCTGAGTTTTCTGTCCTGTACTGAGTTCTTAAAAAAACATGGTCAGTACTTCTGGTATTTACGTCAACCATATCTTTATAGAGTTTTTCGAATAAGCTTGTATAAGAGGATGATGTGCTTTTTGTTTCACTTATCAGTTTTATGTTAAATACATAAAACCTCACTTCTTTCTTTCTTGGCATAGCCCCGATTTTTTATAACTTAAAGTTCAAGATTAATTATGTTTAGGAATAAACGTGTATAATGTATTATTAGCAAATGATCTTAGACAACAGAGATAACGGACGGGTACTCGATGCATTAAAAGAAGCTTTAGAGGGAGGGGAAAAGCTAAATATCATCACGAGAAAGTTCTCTTTGTTTGGCTTCCAAGCTCTGAAAGATGCACTTGAAAAGGTGGATGAAACTGCGCTCTTGTTTTCATTAAGAGCCATGTTCCCGGAGGATCAGAATGAATTGCCTCCAATACTGGGGGAGCCAGAGGATCGCAAGCTTAGAAACCAGTTAACCACCCAAGCAATTGCAAAGAGTCTGGATGACTGGATAAGTAAGAAAGTTACCCTGAAAGGCTCATACGACTCTCTGAATGCGAATCACTATGAAGTGAAACAGAAAGATGGCAAGCAGACCATCATCAATGGATCATCTACATTGACTACTTCTGGACTTGGAGTAATTCCTTCTCCAGGACATGAGATGAATACTCTGTTTGATGATGAAGACAATGTGAGCCGGTTACATAACTGGTATGATCAGATTTGGAGTAATACTGGAAACGGAGAAGAGGCAGAGAAGCTGATATCTGATCAATTACAGAAGATCTACAAGCCGAGGTCACCTCAAAACCTATACTTTCAAACGCTATATCACCTTTTTAAGGACTCTCTGGATCTGATTGACGAAGAACAGGTGATGAAAACACGCACCGGGATTAAAAGCACTTTAGTCTGGAATAAGCTCTACAAGTTCCAGAAAGATGGAGTTATCAGTGCTATCAGTAAGATTGAACAGCACAATGGCTGTATCATTGCCGACAGTGTAGGTCTGGGTAAAACCTTCGAAGCTCTGGCAGTTATTAAATACTATGAACTCCGTAATGATCGGGTATTGGTATTAGCTCCAAAGAAACTCCGGGATAATTGGACCCTGTATACACTGAATGACAAGCGTAATCTCTTTGCAGAAGATCGGTTCAACTATGATGTATTGAATCACACGGATCTAACCAGAGATGGAGGTATGTCTGGAGATATCAACTTGGAGACGGTGAATTGGGGTACTTATGACCTTATTGTGATTGATGAATCTCATAACTTCAGAAACAATCCTCCAAAGAAGGATGGGACTACTCGCTATGGTCAGTTGATGAATCAGATCATCAAGAGTGGGGTAAAGACGAAAGTATTAATGCTGTCTGCTACTCCGGTGAATAACCGGATGAATGACCTTAAAAATCAGGTAGCTTTTATTACAGAAGGTAAAGATGATGCTCTATACAACACGGGTATACATAGCATTGAATTAACCCTTAAGAAAGCACAAACGAAGTTTAACCAGTGGCAGAAGCTGGATAATGATCAACGTACCACGGAGCGATTGCTTGATACTCTGAACTTTGACTACTTCAAGCTTCTGGATTTGCTGACTATTGCTCGTTCCAGGAAACACATTACTAAGTATTTCAACAGCGATGATTTAGGGACATTTCCAGAGCGACTAAAGCCACTCAACCTAAAGCCGGATATTGACTTGGAAGATGGGTTTCCACCACTTCGCGAAATAAACAGAGAGATCCGCAAGCTCAACTTGGCGGCATATGCACCTCTAAAGTATTTACTGGCTGAGAAACGTGAAGAGTACGCAGCCAAATATGATACACAGGTCAAGGAAGGTTCTTCCGTATTCCGGCAGGTTGACCGTGAACAGAGTTTGATTCATTTGATGAGGGTAAACCTGTTAAAGAGATTGGAAAGCTCTGTGGTTTCTTTTGCTTCCACCTTGGGGAAACTTCTTGGCAAAGTGGAAGACCTTATCGACAAGATTGATACGATGGAGGAAGTAAATGAGCTATCCATTGAAGATGTGGACCTGGAAGATGAATCTATGGAGCCTTTCCTGATAGGGAATAAGATTAAAGTACTGATTCAGGATATGGATCTTATCCGTTGGAAAGAAGAGTTGGAAGAAGACCGGCAGAAACTGGTTAAGCTATACCGGATTGCTAATTCTGTGAAGGTACCCAATGATGCCAAGCTTAAGGAGCTAAAGGAACTACTACAGAATAAAGCAGAGAACCCGATTAATCCCGGAAACAAAAAAGCGCTGATATTCACGGCTTTCACTGATACCGCCGAATACCTGTTTGAGGACATCTCTCAGTGGGCTAAGGAAGAACTTGGCTTACACGTGGCTTTAGTTACAGGCGGAAATTCAGGGAATAAATGTACCATGCCCGGTGTACGGACAGATTTAGCTTCTATCATTACGGCTTTCTCTCCAATATCTAAAGAGCGCAATAAGATTGACGAAGAGGCTACCGATGAAATTGATATCCTGATTGCCACAGACTGTATCTCAGAAGGACAGAACCTTCAGGATTGTGATTTGGTAGTGAACTATGATATCCACTGGAACCCGGTGAGAATTATACAACGCTTTGGGCGTGTGG
NZ_CP175953.1_gap65	1984186	1985682	1496	TATCTTCTTCCTATAGAGGAGGCTATCTACGTTTTATCAATCAATATTTACAACAAATACCTATAAAAGAATCGAGTTTTGAAGATCGGAAAGAAATTGATGGACTAGTAACCCAAATCCTCACCGCCAAAAAAGAAAACCCCGAAGCCGACACCGGCACGTTGGAGGCGGAAATCGATCAGTTGGTGTACCAGCTCTACGGCCTCACCGAAGAAGAAATAGCCATCGTGGAAGAGAGTGTGGGGTAATTAACAAACCCACACCCCGCCCCCCACGTCATTGCGAGGAGCCCATAAATCCGAACGTAGGGCTGGGAGCATACCGACGAAGCAATCTCCCCGAATCGATATCCCAAGTAGCTTAAGGAGATCGCGTTGTCGCCCGGCAAGGGAGTCCTGCTTCACCTCACTCTACTCCTCGCGATGACCGGTTTTTTTCTACTCACTAACACACCGCGCGTCATTGCGAGGAGCCCCTTAATTCGAACGCCAGGTTGGGGAGCATAACGACGCGGCAATCTCCCTGAAATAACATCCCAAGTAACTCAAGGAGATCGCGTTGTCGCCAGGCAGGGGAGTTCTGCTTCACCACACTTTACTCCTCGCGATGACCGGGTTTTTTCTACTCATTAACGCCCCCCACGTCATTGCGAGGAGCCCGTAAATCCGAGTGCAGGGCAGGGATGCAAACCGACGCGGCAATCTCCCTGAAATAACATCCCAAGTGGCTTAAGGAGATCGCGTTGTCGTCCGGCAGGGGTATCCTGCTTCACCACACTTTACTCCTCGCGATGACCGAGTTTTTGCAATGGGTGTTGTAATTAATTAAGAGCGCTGCTACTGCCTTTCTTTTCAGACCTTGCAAAGCACAATTCAAATTTGGTGCCCTTTCCGGTTCCTTTGTAGGTGAAGGTGCCTTCCAATTGCTCGGTAAGGGCGCTAATAAGATTGAAACCCAGCGTATTATCGTCCGGTTCGAAATTATCGGGAATGCCTTTACCAAAATCTTCAATCACCAGCTGTATGTTGTCGCCCTCATTTGTGAGCGAAATATGCAAATCACCGGATTCGTCTTTCCCGTAGGCGTGCTTCATGGTATTGGTAATAACTTCATTGATGGTTAAAGAAAGGGGGATAGCCTGGTTGATATTCAGTTCCAGGTTCTTATCAATATTCAGATGAACATTGAGGTCGGTATCAGATTGAAATACAGAGGTAATGCCTGATACAAGCTTGTTCATACTTTCACTGAAGTCTAATCTCGAAAAAGTTTCCGACTTGTACAGGATTTCATGCACTGCTGCCATTGAGTTGATCCGACTCACACTGTCAAATAATTTACTCTGAAGCCGCTCATCATTTTCTCCGAAGGCTTGCAAATGCAACATTCCGGAAATTACAGCAAGATTATTCTTTACCCGGTGGTGAATTTCATTAAGAAGAGTGTTCTTTTCTTTGAGGGCTTCTTCCAGTTTCCCTTTTCTCAGCTTCTCGTCA
NZ_CP175953.1_gap66	2123725	2125097	1372	TCGTCGGTCATATAAGCAAGGCGAGTGGCTTCTCCGGCAAATATCTGCTGTCCCACCATGCCGTCATCAATAGCATTAAAGGCAAACTTGATCATCTTGATGGCCGTCGGACTTTTCGCCAGTATTTCCTGAGCCCATTCATAAGCCGTTTCTTCAAGGTCATCATGTGGAACTACTCGATTCACCATTCCCATTTCAAAAGCTTCCTGAGCGGAATAGTTAGCACCGAGGAAGAAAATTTCCCGGGCACGTTTTTGTCCAACCTGTCGGGCAAGCAGGGCAGAACCGAATCCGCCATCAAAGCTGGCAACATCGGCATCGGTTTGTTTGAAGATGGCGTGCTCTTTACTGGCCAGGGTAAGGTCGCAAACTACATGCAGGCTGTGTCCGCCACCCACGGCCCAGCCGGGAACCACGGCAATCACTACTTTGGGCATGAAGCGGATGAGTCGCTGCACTTCCAGGATATTGAGTCGGGCAATACCATCATCGGCTTTATATCCGGTTTTGGAACGCACATTTTGATCTCCTCCTGAACAGAATGCCCATTTGCCGTCTTTGGGAGAAGGGCCTTCACCGCTCAACAGCACCACACCGATGTCATTATCCTCTTTGGCATCACTTAAAGCCTCGTACAGCTCAAACACCGTTTTAGGACGAAATGCATTCCGGATTTCCGGCCGGTTAAATGCGATTCTCGCCACGCCATTCAATTTCTTATAGGTGATGTCTTCGTATTCTTTGACGGTTTGCCAGTTCATGACTAACGATGGTTTTGAATGAAATTTTTAAGTTGAGCTATCAGCTGTTCAGGATGATCCAAATGTACGCGGTGGCCGGCGTCTTTCACAACCGCTAATTCCGGTTCACGGAGCTCTTTCTCCATCTGCCGGTTGATGTGCAGGAACTTGGAATCTTTTTCCCCAACCAGTAACTGCACAGGAATAGGAATTTCACCCAGCCGGTTTCTTACACACGGCATGGTGCCGGTTCCGAACCCCTGCAAGCTGTTGGCCAGCCAAAACGGGTTTTGGTTTTGTTGAATCTCGTTCATCTTATCAATCAGTTCAGGAGCAGGATTTGCTGAATTAAACAGCGGCATCTTTGCCCAGTCTTCCAGGAACCCTTCAAAATTTCCGGTGATAGCATCGGAGCGGCGGGCATCCAGAGACTGCCGGGCTTGTTGCTCGGTTTCTCCTTCAATACCAAAGGTGCTGCTTTCGAGGATCAATCCTTTATACAAATCGGGGCGGTGGAGGGCAAGCTGAAGGGCTAACCGCCCACCCATGCTATACCCGTACAGAAAAAGGGGAAGTTGTAGCTGCTCACTGATGAGTTTGGTGAGATCGGCGACCTGTTCTTTGGTGGAAAA
NZ_CP175953.1_gap67	2137918	2141524	3606	CCGGCACGCCAAATTTGAATGCGGAATTCTGGCTGAATGAACTACGTGTTTCCGGTTTTGATAATGAAAAAGGATGGAAGGCAAACGCCAATGCCAGTTTCAAGCTTGCTGATTTTGCTACCTTCAATACCAATTTCAGCCGGACAACCACCGGTTTTGGCGGGTTGGAATCACGTTTGGGTAACCGAAGTGTGGCAGATGAAATCGGGTATGACCTAAGCTCAACTGTGAACCTGCATAAGTTAATCCCTGACCGCTATGGATGGAACTTCCCGGTAACCGTTTCAAGCCGTAAGAACATTTCTACGCCCAAGTACTTGCCCAATCAGGGGGATATTCGTCTGGATGATTTCATTAACGCCACCAACAGCAATGATGAACTTACCGAATCTGAAAAAGAGACCATTATTGACGAACGCATTGATGCGGTTGAAACCGTTCGGGATAATTTCTCGGTTAACGTTTCCAATATCTCGAAGCAGAACTCCAAGAGTAAGCTGGCTCAGTACACCATCGACAAAACCAAATTGAGTTACGTGTATAATGAAGGGAGTGCAAAGAACCCGGAGATTCAGTTTCAGGATGACTGGAACTATAATACATCCATTAATTACAGCTTGTCGTTTAATAATGTGAAGTTGTGGCAGCCATTTGGGTTTACTGAAGATGTGCCTGTTGTAGGGGCGCTATCCGGGATCAGGTTGGGATATATGCCTTCATCTATCAATGCCTCTGCAAACCTGAACCGATCTTATACAGAGAAGAGAAGACGACCGGAGTTTGATGATGAAGGAATGGAAGTGGTTCAATCTTTACAGCAAAGCCATACATTCAACCAACGTTCGGGCTTTGGGTTTAACTATAATTTCACGCCCAGTATCCCCATTTCATTCCGCACTACTACAAACTATGACCTGTCGAGTGCCGGCCGTGAGAACATCAACAAAACAGGCTTGCCGGCCGACAGTAACTCCTATCAGTTGACGCCCACCTTCGAGGTGCTTAACAATCTGCTTACCGATACGCTTTCGGCGAGAAGGTCGAATTATGAAGAAACGTACACGGCCAGCTGGCGTCCTCAATTCAATAAGATAGAGGCGTTGAAGTGGCTCACCTATTCCACTTCTTATGCGGGTGGCTACGGATGGACGAACAGCCCGAGCGGTTCCGGGTTGGGAGCGGGTGTTTCCAATCGTTTCCGGCTGGATCATACGGTTAAATTTGGTGTAGGCAGTCTTATTGACAAGATTGGGTTTTTCCAGCAACTGGAGGATGCAGATAAGAAAGAAACCACCGCCCGGAATAGAGCGAAGAACAGCGATGCAGAGAGTGAAGATTCGGCATCTCCGGATTTGATGAAAGACCTTCAGTACCTTGGCCGGAAAGCGCTATTGGCTATCTTCAGCATGGAAAATATTGACATCACCTATAATAAGAACAAGACTTCAAATCAGGCCGGATACAGGGGAGATTCCCAAATATTTTATGCATTAGCGGGCGAAGCAGATGATAATTTTTCTCCGCCATTTGGCTATCGGCTGGGTATTGATGAGGAGCTGCCGCGATCACAGTTAATTCAGCAGAGTCCATCGGGGAATTCTATAAACCTGCCCAAAAACAATACCTATACCGATAAGATTACGATGGGTACCAAGCTGAACCTGTTCAAAAACTTTACGGTGGACTTGAACTGGTCAACAAATTGGGATGAACGAGAGACGAATACGATTACCCTGACTCCGGCCGGTGATTTCTCCTCAACCGTTTCATCCAGCGGAAATATCAGCTCTTCGGTATGGGCCTTTGGCGGTGGATATCGTGACCTTTACGAGCGACAACTTAAAACCGCTTTTGCTGACGCCAACAGGGATGAGGGCATTATTTCTGATGATGTTAGCGAAGGAGGAAACGGAGATGGCCGGATTGTATTAAACCGGAATACCCTGGAAGAGGATTTTAGAAAAGCATATCTGGGAGGGGGAACCGGTGCGGTAGGTGAGAAAGGGTACACCCCAATCCCCAAACCAAACTGGAGGGTTACCTGGTCGGGAGTTCAGAGTTTTATACCCATTATTGGGGATAATATGCGAGCTGCAACACTGACCCACGGCTATACCGGAACGTACAGGCTGGGATGGAGTCTGAATACGCTTACGGGGATTCAGGACCCGCAGGGGCTGGGCAGTTTCAGCGTTATAGATCGAAAGGAGCTGTATGAACCGAATTCAATTAACGTAGAGCAGCGCTTTTCACCACTCATTCAGCTAAACATAACCTGGGAATCAGATCTTAGGACTCAGGTCAGCTTTGACCAAAGCAAAACAAGCAGCCTGGCACTTTCAAGCCGTACGGTTACGGAGCGAACTTCAAAGGGATTAAGTACCTCAATAAATTATACGTTTAAGAATTTGACGATACCGTTCTTCCCGAAGATTAAGAATAATGTCACGCTTACCATTAATGGGGGCTTTGCGGATGACACCGAGAGTAAGTACACGCTCAGTTCTGATATTGATGAGGTATTAAGTGATGTGAACTTTGTGCCTGATGTAAGCCAGTATGATTACACCGATCCATTTGTTACAGGTCAGCAGCGAATAAACGGTTCGGTCGTTATCGGGTATCGCTTCTCTCAAACGGTGACGTCTAACTTTGAATACACCTATACCAAAGTGAATCCGAAGTCATCGGCTTACTTCCCGAGAACCAATCACGAAATCCGGTTCAACTTCAAGATTTCCATTCAGTCCAGGTAGGCTACTCTTTTTTCCGGGAAGTGAATGTGAAGTAACCCCAACCGAAAAAAGTAGCCATCAGGCAGAGAAGAGAAAGCCAGTTTCCAAATCGGGTGAAGAAGGTTTGGGTAGTTAAATTTTCTACGGTTCCTGTGAACCCGGTACGTATCCAATAGTCTGTTTTTTGGACAATAGCTCCATTGGGAGCAATGATACCTGAAATCCCGTTATTGGCACTCCGGGCAATCCAGCGGTCAAACTCTATAGCTCTGAGCCGCGCATAAGCAAAATGTTGATGGTGTCCGCTGGTATCGCCCCACCAGCCATCGTTAGTGATGATGGTGAGAAAAGAGGCATTTTTCTGTACAAAAAGCCGAATCCAGGATGGATACACCGAATCATAACAGACCAGTCCCGGTGAGCTGAAGCTTTCCGTTTCAATCATATCCGGCCGGGAGCCTTTCCCGAAGCCGGCTATTTCTCCCCAGTTAACCCAGCCGAAGACATCCAGTGCACTCAGGGTTTCAACAAAAGGAATACGCTCTACAATGGGGACTAAGTTACCCTTCTCATAGTCAGAGATGGTACCCTCATCATCTACAAAAAGAGCGGCATTAAAAACGTTGTAGGGCTCGCCGGTTCGCAGCGTTCCCCGGTGCAAAAGCTCAGTATCTTCCGGGTAGGTCTTATAAAGTCCGGTTCCAACTATGAAATTCTTATTCCAGGCTTTGGCAGAGTCAGCAATGCGAATGGCCGTGCGAGAGTCGGCAAAGATAAACCCGTCAATGGCATTTTCGGGCCAGATTATGAGCTCTGTATCGGGAGTAATAGTCCGCTCGGTGAGGGTGAACAGGCTGTCAACTACCTCTCT
NZ_CP175953.1_gap68	2142852	2145311	2459	GGGTGAAAAATCCTGCAAGTTTCCAATTGGCGTAGCTACGATGTAGAGTGTGGACACGGTTTACCTCATTGATTAAAGTGCACAAATATCAAACTACCTCACTCCAAAAACAACTGTGATGGGGGTGATTAATGGGATGTTCTGTGATGGTTTAGTTTTATATAGAAACGAAAGAGCAAATAAAAGGATCCTATCCCATCAATATCACAAACATCACACTCATCACAGCCCGCTTTGGAATTTAAAAAGAGGGTTGTATGTTTGTGGCGTTATAATTGAATGTAAACACTTATCATAAATACGAATATGAATTTTCAACCATCCGGATTAAACCACATCACCATAAGAGTAAACAGAATTGATGCCTCCAAAGAATTTTATGGTGACATTCTGGGCCTTGAACTCGTAAAAACCATGGGGCAGAGCATGGCTGTGTACCGAATAGGAAAAGAAGACACGTTGGTGATTGTGGAAGCGGAAACGAGTTATGACCCGACCTCTCGGGACTTTCGGGTCGATCACTTTGGCTTTTATGTGGATGAACCTGAACAAGTGGATGAACTTGCCAAATACTTCCGCGAGAAAGAAGTAACTATCATGAGTGGCCCGGCTAACCGTAAAAAAGGCCGGTTTCTATTTGTGGCCGATCCTGATGGGAACATGATCGAATACTTTTATGAAGAGAAAGAATGAAATAGAGCAGGAGCTGGACCGGAAAGAGTTTGAAAATGAGATTGGGAAAGACTTAGCCCAGCAATACCGCAGGCTGAACATTGAAGAAAAGCTGCGTGGGGATGCCAATAAGTACGTGGTGGGTGTTCTTTACTTTACTTCAACCTTGGTATTTTTTGAAGTTCTCTGGTGGTTGCTTTCCTCAATATTAGGTCCCATTTCATTAGGTATTCTGGTTGCATTTTTTGAGACCATGACACCCTTCATGCATGTTGTATTCCTGATTATGGCTATCAGCTCGGCCATTACCTGGAAATCACCGATCATATATATCCTGAAGTTAACGCCCAATGGCTGGTATGAATGAAACCCTACCGATTCAGGTAATAGGATGTACTTACAAGGAAAAGATGGCTGATTCCGCCATCGCTAAAGATATCCTGGGTTCGGTACTGAAGTCCCAATTCAAATTTTTGTTTTGAATTGAAGTACCAGCCCAAACCAACGGAAGCACGGTTTTCAGCATCGGCTTCATCTTTATTGAAGGCAGTCATCATTTCGTCCTTCAGAATCAGGTATTTCTCGCCGGGATCCAGCTTTTCACCTTCCAGTGGGAAGTCATAACTCAACCTATAACGCAACCTGTTTTGGTAGGAACTGGATCGAACGCGCTGTTCCAGTCGCAATCGGTGAGCAAGTCGCCGATCCCCCAAATAAGAAACAAAACCTACCTGTTGCAGAAACCGGTGCTCGTATTGGTAGCCATCAACCATTGGAGTGGAGAGCCGGTAATAATAACCACCGCCGATTTTAGTGCCGGCTGAAAGTCCGTAGGAAAAACTAAACTGAGGCTCGATATACCGAATGGCGGCTTCGTTGTCAAAATCCCTGATGGAGTTGAAGACCGAAAGCTTGGTATTGAAGCCCAGCCGGTCAGAGGACTTCCAGGAATACGAAAGTTCCGGATTCCAGATAAGATCCGCTTGCTGCGAGAAGGCACAAACCGGCAGCAGAATGACTACAGCCAGGAGTGCCTTGAATTTCATAAAGTTCATGTATTACCAAATGTTATCCAGCGAACGTCTCACAATTCTACGTTTCTGAATGAGATTACAGTTTACATCAAACAGCATTTCAAATGAACCGAGTTCTGTCTTGTTTTGTCCGTCAATCTCAATTTCGTAACGAATCAACAGGTCTTCAAAATCCTCTTCGAGAATTTTTTCCAACACCTCTTCATCATCGTCGTTTTCGAAAGCAGAATATTGACGCTGAACACGGGTTAATCTGAATGTTGTGTACTGATTGTTTATTTCTTCTGTGATGGTGTTCTGTAAAGCACGGGGAAGCTCTTCGAACTCGATAAGCTGCTCAATGTCAATGAGCGAACCTGTAGCATCAAATTCGATACTGTACGGGTGATCTTCCCAATTCAGCTTTACTTCATAGCTGATCATTTCACCGTCCGATTGGCGGTAAAAATCTGCTTTTTTTGGCTCTTTCCAAAATTGATTTATCAGTGATAAAGCCCTGGCAGGCATGGCATCACGATCAATCGATTTTTCAACCTCATTTTTTGTGTGCTGAGCTGCACCAAAGCGGGTTGAGGAGAGGATAAGAATCGGCAGAAGTAATAATATTTGGTAATACGTTTTCATACCGGAATATGGAAAACAGGTATTACCAAATCTTTAATAGAGGGTTAAGCGTGGATAAAGGGTTGGTATGTTAAGGCAGATCACAAAAAGTCTTTATAAAAGAATGCATCCTCAAAACAGATGGGTTAA
NZ_CP175953.1_gap69	2147745	2149717	1972	CCACAACCAAACCCATTCCAGGCACACCATCTCGCATCAACGGACCAATATCTGCTCCGCCTCCGCCTTTGGTAACCTGTCCTGATTCAATAGGCCGCAGGGTAGTGCCGATTTCAGACAGAATATCATAAGCGCGTTCACTTCCGGAAAACCCAAACCCGATGGGGTCAAAAACCCCGGCATCAGATTCAATAGCCAGTACATGGTTTTCCAGAGATTTCTCTTCCTCTTTTACCCAGCGGTGATACTCTCCCGCACCGCGCAGTCCGTTTTCCTCATTGGTCCATAGTACTACCCGAATGGTTCGCTTGGGTTTGATACCCAATTCATTCATTAATCGAACGGCTTCCCATGCAGCTATACAACCTCCGCCATCGTCCATCACGCCCTGGCCCACATCCCAGGAATCAATATGTCCTCCCATCACTATAATTTCTTCCGGGAATTCGGTTCCTTTTATCTCGGCGATCACATTTCGGGATTCAGTATCCGGCAGTGTCCGGGCCTGTATGTTCAGGTTGATTTCAATCTTCTCGCCCCGGTCATATAATCGTTGTATCAGCATGGCATCTTCTATGGTGATGGCTGCATGGGGAATCTTCTTTACTTCATCGTCATAATACATTGTTCCGGTATGCGGAGTTTGCATGGAATAAGGGCCAACTGAACGAATGATACTTGCCACTGCGCCGTGCCTGGCTGCCTCGATGGCACCGTTTACCCGATATTGTACGGTACGGCCGTAGGACGTAAATTCAGCGTTATACAGAACAATCTTACCCTCTACCTGCTCTTTAACCTTATCGAGTTCGTCAAAACTCTTAACTACGATTACTTCGGCTGATATTCCGCCCTCCGGAGTGGCAACACTGCCCCCAAGGCTTAGCATTGGTAAATTCTTTTCCCGGGGTGAAAGCAACGTAGCCGACTCCTCGCCGCGTACCCAATGAGGAACCATCACCGGCTGTGTCCACACTTTATCAAAACCGTCTTCTTCCATAGTTTCCACAATCCAGTCGATGGAATTTTCCAGATTTTCAGAACCACTGAATCGTGCTCCAAAAGTATCGGCCATGTAGGTCAGGCGTTCCCAGGCTACATCACTGCCCATCGCTTTTTCAATAAGCTGTTGAGCATGTTCTTTGTGCTGATTGGTGAGCACCGATTGCGCCTTCGTTAAGTTGGGAGACAGGAGGAATACAGAGAGGAGAATGGGTAGGATGTATTTCATGGCATTGAGTGATTCATTTTTGTGAACGAATCAAAGAAAGGGAAAAGCGATGTTCAATGCCACAAAAAACCCCGGATATAAATTATAAGCGGGGCTGGTTAGGTCGTTTAGTCAAGGGAGTTTTTATTCGTCTCCGATATCTCTTTAAACATTGCATATTCTTCCGGGGAAGTATCGGCAAAGAGATAATAGATCGGATCTACCGGCTCGCCTTTGAAATGAACTTCGTAATGAAGGTGAGGTCCTTCAGATAGTCCGGAATCGCCGGCCATGCCGATTTGCTCACCACGTTCTACTTCACTTCCGTTTTTAATGCCTTTAGCCAGGCCGGAGAGGTGTGCGTATAACGTTTCGAAGCCAAAGCCATGATCTACAATTACTACAAGGCCAAGGGTTCCTTTACGACCTGCAAATCGGATTTTACCGTTTCCGGTTGTAAATACGGGATCCCCTATATCTGCCCGGAAGTCTAATCCATTGTGCCGGCGGTTGTATTTCAGAATTGGGTGGTAGCGAACGCCATAACCACTCAATAAAATTCCAGAGGTGGGTTTGATAGCCGGGATATGGCTCATCTTCTCTTTATTCACGTTGTACTGGCTTTTAATTTCTTCAAAGCTCAATTTCTGAATGCCAATACGCCGCTCGAGGTTATCTACTTTGGAAGCCGTCCATTTCAATAATTCCGAAGTGGATTCATTATATACGTCAAATTCGTTATAAGGATCAGAGCCACCCACA
NZ_CP175953.1_gap70	2150952	2155634	4682	CCGATAATCTGAATTCGTTGGTAGGTAAAAAGCTTTTTATACCCGGCAAGCGCCAATCCCGGTCGGTGCAAATCGGCTTCCACCACATAATGGTCTTCAGCACAATTTTCAGATACGCACGCTTCTAAATTAATATTTACGCGCTCTCGCAGCTTTTTAACAAGGTAAGCCACGCTAATCTTGTCTTTGCGCGGAATTGGTGCTTGGGGCGAAAATGGCATAGATTTTAAATTATATGGTTAGTTGACAGCATGCATTTTTTCCTTGTACTTCTTCAGCTGTCGGCTTACGGTTTCTACCGCATTATGCACAGCCTGTTCGTAGGAGCCGGCCGATTCTTTCGCCGTTAAAACTTTACGGGGTACTTTTACAATAATTTCAGCCTGCTGTGGATTCTCGTCGGAGGGAGTAGGTTGCAAAATAATATCGCACATTACAATCCGGTCATAAAACTGTTCCAGTTTCTCCACACTGTCTCTGCAGTATTGTTGAAGGTCAGCGCTGGCTTCAAAATGGCGTGCTGTGAATGTAGTTTTCATATTCTACTCCTTAATTTATAGTTATGTAATTATTACGTTTTTGCTCTTGGGTGGGCTTGCTCATACACATTCTTAAGCCTTTCCATGCTTGTGTGCGTGTAAACCTGCGTTGCCGCTAAGTTGGCATGCCCTAAAAACTCTTTGATGATTCTTATATCCGCTCCGTTGTCGAGCATGTGAGTTGCAAAACTATGCCTTAAAACGTGTGGACTTTTCTGAGTGACCTCACTGGTCTGTTTTAAATAATTTTCAACCATCGACTGAACAGCCCGGTCATAAATCCGCTGACCGCTTGCGGCAAGGAACAGTGCTTTTTTTGCGTCGCTATCGGTGCGTTCTCCGTATAATTCCGGTCTTCGTTTAATGAATTGTTTTAGGATGGAAGCCACTGTGTTACCCAATGGAATAATCCGTTGTTTATTGCCCTTACCGTGAACGGTAACTTGCCGTTGCTTTAAGTCGATGTCTGTAATGTTCAGTCCGGTCAATTCACTCAGCCGCATTCCGGTTCCATAAAAAAGCTCAAGGATCGCTCTGTCCTGCAGTCCGCTTATGGTGTCGGTATTCACATTGTCCATCATGCGGGAGATGTCTTCAACAGTAGCTGTTTTGGGCAGTGTTTGTTCTTTCTTGGGTACAACCAGCAGGTGGGCGGGATTTTTATCAATGTGTCCCCGCTTAAAGCAGTATTTAAAAAAAGATCGGAGTGCGGCAACCTTGCGGGCAATGGATGTTTTTGCCAATCCCTTTTCGGAAAGATCTCCCAACCATAACCGGATGTTTAAGCGGGTGATCGATGAAATATCAACCTGTTCATTCGTCTGTTCATTTACATGAGCTGTGAATTCGAGAAAAGAATTCAGATCATTTTGATAAGAGGCAATGGTATGTTCCGAAGCATTTCGTTCTACACTCAGGTATTTCAGATATTTCTCGATCAATGCTTTCATACACCTCAAATATGTCTATGTATCTGCAAAAAAGAAAACACTTATTAGTGAAGAACGGATAAATTTTTAACCGACTTCACGACCTTTCCAGCGGGCTCTTTTTCCGGTAAAGTGGTCCCATAAGCATCGAATACCAAGCACTTCATACCAAAGTATGGTTACAGGCTGCAAAAGGCTCATAATTGGATTCCAGCTAAACCTGAAGTCAAGAAGCCAGCGCTGGATCACAAAAACTCCAATCAGTATAGCTGCAAGTTGTTGAGAGCCGGAAGCTCCGAAGAACAAAGCCAAAAACGGGATCACAAACACGATGAACTGCATTGAAGCCATGAAAAGAAAGAGGGGGACGTTTCTGCCAAATCCCACAAAGAAATTCTTGCGGAGTCCCTCAAATATTTCTTTATGAGAGCGATACATCCGGCAATTCACCGTTCCAACTCCGTCAAACATAGTTATGGTGAGGCCTTTTCGCTTTACGTTTTTTGCCAGCTCCACATCCTCCACAATTTCTTGTTTTACGGATGAATGTCCGCCAATCGCCGAGTAGGCTTTTTTATTGAAGGCGATAAACTGTCCACAGGCGGCTGCAAATTGAGGGGCCATTTTCTGCCGAAGATTCCGGGGAAGCCATCTGGGATTTTGTTCCACATACTTTGCAGGCAGCAGGGTAAAGAGTCCGTAATATATCATCGGGATAATCAGCTTTTCCCAGAAGGTGACGACCTGCTGTTTCGGCCAAACGGTGATTACATCGGATGTTTGAAGCACCTGAACAGCTTTTGAGACCGCATCTTCTTCCAGCCACACATCGGCATCGATAAAGATGAGGTAAGAACCCTTTGCGTGTTCGCTCAACTGATGACAAGCCCAGGGTTTGCCCAGCCAGTCATCCGGTTTTGGCAGGCCTTTCAGGTGATGCAGGTTGTTAATGATTCCGCTTAGCTTGTCCAGTATCTCCGTGGTTTTGTCGGTGGAGTTGTCGTCCAGCACCAGCACCTCAAAGTTTGCATAATCCTGTTTCAGGGCCGAAGTGACACAATGCTCTATAACCGCCTCTTCGTTGCGTGCTGGAATGCAAATGCTTACCAACGGTGCTTCACTTGCTTTAACTGTTGAGGGAGACTGTTTTGAAAGGGAGCGGAATTCAAACCAGTTTCGTACAAAAACAAAAACCGTAAAACCGATATAAGTAGCTGCGATGTAAAGAAGTATGTCCATTGAACGAAAGTTAGCAAACAGTTCGTTGCCGTTCACCAATACGATTATTTTATTTGATCATGAATATATCTACAGACGTCAGGCATATAACTCCGGATTTTAACAAGTCGTTCGGCGGGTACGAGTGGTGGTATTTCGATGGTTTAAGTGAGGATGGCCGGCAGGGTTTCGTCATCATTCTGTACCAAACCAATCCTTTTTCCATTCAATATATCCGCGATTTAGAAGAAAACAGGGTTCGTGAGGTTTCCTATCCGGCCATTAGTGTTTCACTGTATAAGGATGGAGAGACGGTGTACTACAGCTTCCTCGAATTTGGAAGTGATGAGTTTAGCTGGGATGAAGACAAGAAAAAGCTTTCGGTTAAGAATGATTCTGTTATCTACCGGCTTGATCAGAATGAATCCGGCTTTGAAATCACTTTGAGACAGGAGCTGCCATTGGGGCATAAGGTTGAAGGAACGGTTGCCGGGAAAGCACCGGTAGCGGATAAAACTCTGATACAATCAACAAGCGAAGACCGCCACAGTTGGAATTTGTTGTTCCCTCAGGTATCAGTTGAGACAAAGCTGAATATCATTGGCAGGAATGGGGAAGAGGAGCTGAACTTTTCGGGTGCAGGATATCATGATCACAATACAGGACACGAACCGATGAAAGAGAGCTTCCGGGATTGGTACTGGGGAAGGTATCACTTCAAAGATTTCACTCTTGTTTATTACCTGATGCAAAAAAGGAACACCGAGCAATTTGAAGCCTGGCTAATCGACCGGGAAAGTCAGCAGGTGCTGGAGAAATTCAGCGATGCAGAAATGAGCTATTTCACCCGAAATTGGTTTGGATTGAAATCAGCCCGAAAAATTGAGTTAAAAGCAAGTGAAGCTACTGTAAATATTCAATGTAGCACTAAAATCGATGATGGGCCTTTTTATCAAAGATTTAAAGGTGAATCTATTTTAAGGTATAGCGATCAAGTCTATGCGGCACATGGTATTTCAGAGTATATATACCCCCTGAATATCTACAATCGGGTATTTTGGCCATTAGTGAAAATGAGGCTGAATGATAATCAACAGAACCCACACTGGGTGCAAAAATCCCGCCGTATGTATCCATGGACATGGTAACCTAAATTATTTAGGCTAGAATTGCGGTTTGAAGCCTTCATCCGAAAAGCCAGCAACAAGCCTGGTTTGCTCATTTAAACGCTGAATATCTGTTTCAAAAAGAGAGGTTAATTCATTTCTGCTCTTTGACTTAACATGATTAACTGATTCTCCTATTGATAAATAAAGCTCCGGTTTGCTGCTTCGAAGAAAATGGGCGTAAATATGGATGGGAACGTAGTCAACATTCTCCGTTTTAGTGTACAGCCAGGCCAGGCCATCTTTGAAATCAGGAGCTGAATCTGAAGCCGGAGTGATGGTTCCTTCCGGGTAAATAAACAGGCAGGAATTTTCTCGTTCCAAAGACTTTACCGCATAACGCAGCGATTGAATAGAGGCTCTCGGGTTTTCCAGGTTAATCGAGAAAGCTCCGATTTTACTAAAGAAGGTGTACTGCTGCATCTGCTTGTCTTCCATCAGGGCCCGTGCTTGTTGGTGAAAGAGGTTCTCGTTTAGATAAAGAGGGATCAGTCCGTCCCACCAGAGGTTATGATTTAAAAAATAAACAGTGCGGGAATCGGGTTCAGGATGGTATTCCTGCTTAATCCAGAGTTGTTTGAACCTTCGTTTAAGAGACCAGCGGGTGTAACGGTCAAAAAACCATATGAAAAAGCGGGATTCGTCAGCGGGGATGAAATTCAATGCGTTCTTTTTTTGGTGATAATAGGGGGTTGTGCCTTATCTTTCAATTATGAAGAAGCACAGAGATAAATCGATCGTTCAAATTACAGACGCAAAGATAGAAGAATATGCACGTGCGATGACTACACCGGAGTCAGAAGACGTTAAAGCTCTTGTAGCGTCTTCTG
NZ_CP175953.1_gap71	2181876	2183633	1757	AGGCTTACAAAATCCTATGCTGCGCGACAGATACTGGAGGTGTTAAAGAGGAATGGACATACCCGGTGGCTGCAGAAGTTGAAAGAATGCAAACGGTCTTATAAAAGACACCGCACCTTTCAAGTGTGGGAAGAGGGGCTGCATCCAAAGCAACTCAGTACGACGGTAATGATGGCTCAGAAGATTGCATACATTCATCAGAATCCTGTAAAGGCGGGTTGGGTGATTGCTCCGGATGACTGGAGGTATTCATCTGCAGGAAATTACCTGGGCTGGCAGGGATTGATTCCGGTTACCTTATTTGCTGGTTAAAGGTTTGGTTAGCTTACATGCTTTTGCACGGGCGGACCGGGTGGTCCACTATAGCATTCCCAACAGGGAAATATTATCCGAACGAGGGTATTATTAGGAAGAACGAGTCAAAACCGCTTTTGCAATCTTTTCTGACCCTTCTTATTCGGATAATACCCCGTTCAATTATAAGCGAAGGTGCGAAAAATCTTTCTAAAAGTACAAACCCATTATTTACAAGTGGCTGAAATGTAAAGGAGTAGGGTATGAGCAGTCTTTGATGGTAGGCAGGTGCTTTCGCTCGGAATGACTTTGGTGAAGCCGTAAGAGAAAGCTAATCTAATGTCATCCCGCGGCGAATGCCCGGGATCTGGTTGTATTACAAGTGCAGAAGCTTAAACATGATACCGGATTCCTGCCTTCGCAGGAATGACATGCTATTTATCCAAATGATACCGCAGCGCCATCTGTATGCAAATTCGAAGTTCTTTTTCTGGGAGTTCGGTATCGGCTGGTAAAAGAATGGCGCGGTTTCCCTCAAACTCAAGCTCATCACCAAACATGCTTCGGTAGGTTTCAATTAAAGAGGTATTACAGCTTACATACATCCCAATCTGATCCGGGCTTTTCTCTTTCCAGTCTATGCGTACGGTGGTTCCGCTCTTGGGTCGTTTGGTAAGGTAAGCCGGCTCACTCCATTTCAGCGTTTCCTCCAGTTCACCTACGCCCTCCGTGCTACCGGCCACCTCATAAATCAGCCCCCGCAACCGCTCCATCTTAACCCTGATATGCTCCGGGTACGCCTCAAACTTTTCCTTTACACCATTATCCATTTCCGGTCATTTTTAATCGCTAATCGTCACTGGTAACTGGTAACTGGTAACTGGTAACTGGTAACTGGTAACTGGTAACTGGTCACTGGTCACTGGTCACTGGTCCAACATCCCAAACTCATACTCCTTCGGCGGGTCCACACCCTTTAAATGTTCCACAAAATAATCCCAACGCTTTCGCATCATATAATCCTCGCTGTAATAGCCGTGTCCGCGGTTCGGAAACATGATCATGTCAAAGTCTTTGTTAGCTTCAATCAGAGCGTTTACGACCAGCAGTGTGTTGTAAGGAGGGACGTTACTGTCGAGCGTACCATGGGTGATCAGCAGCTTGCCTTCCAGGCTGTCGGCCAGTAATTGGTTGGCCTGATTGTCGTAGTTGGTGGACTGATCGTCAGTAGCTCCATCAATATTGGTGGCTTTAAGCAGTCCCTGCCATTTCTCTCCCCATGGATCGGCATAGTTTCGGTTGTCATGGTTACCGGCGCCTGAAACTGCGACATCATAAAAACCGGGATAGGCGAAAAGGGCACGGGTAGAGGCAAACCCACCTCCGGAATGACCGAAAATCCCCACACGGCTGATGTCCATCCAGGAATGACGATCACCAAGCTGTTCAATCATGGTAATTTG
NZ_CP175953.1_gap72	2190821	2193303	2482	TGACGCAACGTGCAGAAGATTTTCTCCTCAAATTATATCCAATGGAAAGCGCTCCGAAACTATCCGGCGATTCCAGCTCAAGTTCAGAAATAATATCCTCTGCTGTTTCCTCATCCGGGTTTCCAATGGTGAGTTGTATTTTCCCTTTTTCGATGAAGTACATGCCGGTGCCGGGATCGTTCTTGTAGAAAACGTATTCGCCCTCTTTGTAGCTTCGGCGGTGGCACAGTTGCAGAAACTCATAGCGTTCAGCCGGGTTGAGGTTTGCCAGGAACTTCGACTTGAAGACGATATTCGACTGATCTTTTAAGCGACTTAATTTATCAAACATAGCACCTTTGATTGAGGTTAAAAGGAGTGACCGATCCCAAAACTGAAATATAGCTGCTTGTTGTTTAACCAGCCATCCTGAAGGTCGTGCAGGCGGAAGGCAAAATCAAACCGAACTACCACATATTCCCAATCTAAACGTAAACCCGGTCCGCTGCCCACGGCAATTTGGTTATAAAAATTGTCAAAACGAAAACGACCTTGTTCCAGCCTGTCCTGGTTGTTTTCATCGCGGAAATCATTTTCAGGACCGTACCACACATTGCCGGCATCCACGAATAGGGCAGCCATCCAGTTGGCTCCCAAAAAATCACGGATGAAAGTCTGCCGTACTTCGCTAAAGGCAGCGAGTTTAATCTCACCGCCGGGAATGTTCACGTTGTCGGTAGAGATATCACCCGGCCCAAGCTGAAATGGAGCCCAGCCACGAATATCATTACTTCCTCCGGCAAAAAACCGACGGTTAAGCGGGATAGAGGTGGAGCCTCCGTAAGGTTGGGCAAAACCACCAAAAAGTCTCCAGGCAAAAACTCCGGAATTTGAGATGGTGATGTAGCGCCGATAATCCGCAGAAAGTTTTACAAAACGGCTGTAGCTTAAATCGTTATCACTCAAACCAAACAGGGAGGGGAGGTTGCCTTCCAGCGTGTCCGGTGTTGAAATATGATTGTCGATGAGGTAGGGGATATTTCCACCCACCGAAATGGAATACTCGCTGAAATACCCGCGATTTCTTTTTATAAGATCCGTGTTTTGGCTTCGGAATGTATATCGGATGATGGATGATACCTGCGGCTCAAAATCCTCCAGAATACGCTGCAGTTCAAAGGCATCCACGATAGTGCCATCCTGCAGGGTGTCGGTGCCAAATTCATTGCGAAGGTTTCGGATGTAGGCATCGGATGGGTTGGTATCCACCAAATCCAGCTCAATTAAGTCCAGGAAACTGGAATAATTAGGGGTGTGATTAACTTCATACCGCATGTTAAAACCCACGTCAGAGTTTATATCGAATAACAGCTGATCGGAACGGCTATAGGATAACAAGTATCGGGTTACACCACTGGTAAAGCCCGGGCGGTTATCAAGAGTTCGGAATGGGAAGTTCAAGCGGGGAACTGAGTACTCGGCTCTCAATTCGTAGCTTCGGAATACGGAAGATTGAGTGGCAGTGGTGTCAATTTCTTCCAAAACAGCCGGGCTCACAAACTCGAAACTGGCATTGGCACCAATAATCAGGTTCTCTGCATTTCCGAATACATTGTTGTTGTTGTAATCGATTCCAAAACCGGTACCGTAACCATATCGCTTCATCCCAAACAGCTCGGTAGAAATACTGTGTTTGGTAAGGGTTTGAAGGTCAAAGTAGACCGGTATTTCTTCACGGCTGAAGTCCGGCAGGGCCTGGTTTTCGTTCTGCCCGAAGCGTTGTATGTAAAGCATCCCAAGATTCTGAAACTCATTAACCGTCTCCAGGTACAAGGAATGATTATAAATAGACCCCGGCTTAAACAGCAGCTGACTGGAAAGCAAGCTAAAGTGAGATTGCGTGCCCGGTTCTTTCTGCAGATATATCACATTCGAAGAATCCACGGTATGCGGAGGGCCGATCAGGGTATCTTTTTGGGTATAGTTGACGGGAGGTTCTTCGTCGCTTAAACGAACTCTTATGTTCCCAAAGCGGTAGATCTCTCCGGGATTCACCTGGTACAATACATCCAGCGTGTTGGGGGTTGTAGTGTCGGGTTTGACCAAAGCAATGACGGAATCCCGCTGAACAGAGGCATACCCATTATTTTTCAGGAAGGTGATGATCCGTTGCTGCTCATTACTGAGCTCCTGTGAACTGTACTGACGGTTTACACGGTAAGTGTTTTCATCAATACGTCCTTTGGTAAGGATGCTTTGTTCCAGGAAGTTCACCCTCTTTTGAGGATCTGAAAATCCCGGTATTCCCCGGTACGAAATGGTATTGATGAAATAAGGCTCACCTTCATCTATAATAAAAGAGACCTCAATTTTATCGGTCCGGTACTCTACAATGGTTGTATCTACCGCCACGTCCAGAAAACCCAGTGATTCATAATACAGGGCAATCCGCTCCATATCGTTGCCCACGGTTTGCAGATTCAGGTAGGCGGGGTCTTCACCA
NZ_CP175953.1_gap73	2200401	2202864	2463	TGCCGGATGAAAGCTTTTCAACCGACACCCCGGTGATGAAGAAGGAGAGAAAAGCAATTGTTCAGCATGCAATCGAAAATCTCCCCGAAAAATATAAAGCCGTTATTGAAATGCGGCACATGGAAGAGAAGTTGTACCAGGAAATAGCGGACGTCCTGGATTTACCCCTCGGTACGGTTAAAGCCCATATCTTCAGAGCAAGGGAGCTGCTCTACAAAGCCCTGAAAGATAAAAGAGAGCAGTTCTAAATATTTCTGAGCCTTTTTCGGGCAATTTTACGCATAGGTAAGTGAACACCTAAACATAATTTCAGAACTATGCGTAATTCAAGAGTAATAACACTATTCTCGGTTGTACTTCTTTTTTCGTTTGCATTGATTTCCTGTGGGGACGATCCCGCTTCAGCGAATGAAGATCCCCCCACATTGCCTACATTTGAGAATATAGAGCCTGACCTTTCTTATTTCGAGTCAAACCAGCCTCAGCAAAGTAGTTCCAATTATTCAGAGGCCTATTACTACGGGCTGGGACTGGGTAGCATTGCCTTTACTTCACAAGCCTACGTCAGCTTCTTTTCGCTGGCAGATTCAGAAAATGCCGACTTTAAGAACGGTAAATGGGTTTGGGAATACAGCTATTCTTATGAAGGAGAGTCTGTATCTATAAAACTAACGGCCGAACCCGATGGTGACTTTATTAACTGGGAAATGCTTTGGTCTTTTGATGACGGGCAGGGTAATTCCATCACAGATTACTCAGTGGTAACCGGCCGTATAGCCTCTGATGGAAATTCAGGCAGCTGGACATTTAATACTCTAAACCCGGATACCAATGAAGAGGAGCCGATTCTTATTTCTGAATGGTCCACCTCCGGTGAGAATAATCTTGAAATCGAAACGGATTATTACGATTCGGGAAGTGTGGTAACTACCTATACCTATACTCAGAATGACAATGAATTCATGGTTTTCTTAAGCGATACGGATGAAGAAAACGACATCACTGTTTTCTGGGATGATGAGGCCATGACCGGTTACTACCAACTGGGATCGGACACTGCAAACAGATATTGCTGGGATAGTAATTATGAGGATGTTGCCTGTGGCAGCGTTGGGTATTAATGTACTTACCAGGTAGCTATAGGGCCGGCCGGTTTTTTAATCGGTCGGCTTTTTTAGTTTGAGATATTCCCCGAAACGATCTCCACGTTCGACTTAAACTTGTCATACTTGGCACGACGGATAGCGCTGCCTTCAAACGTCTCATCATATTGTTGGGGAGTCAGGTTTTCCCAGAAATCAAGATCTCTTTCTACCACATAATCTCTTGGGTACAGGTCTTCAAATTGCGCGGTTATCGATTTACTGTTCCAGGGACATACATCCTGACAGATATCACAGCCATACACCCAGTTTTCAATATCCGTTTGGTACTGCTTGTCTATTTCTTCTTTCAGCTCAATGGTCAGGTAGGAGATGCACTTAGTCGCATCCACTCTGTAAGGCTCATAAATTGCGTCTGTGGGGCAGGCATCAAGGCAGCGGGTACACGAGCCGCAATGATCGGTTACGGGGGAGTCGTAGCTCAATTCCGCATCAATGATCATTTCCCCAATAAATACAAACGAACCAATATCTTTATTCAGCAGGTTTGAATTTTTGCCGATCCAGCCCAGTCCGGCTCGTTTTGCCCAAACTTTATCCAGAACCGGGGCAGAGTCCACAAAAATACGTCCTTCAAGTCCGCCCAACAGTTCCTTACTGAAGTTAAAGAGTTTCTTGAGCTTCTTTTTCAGCACTTTGTGGTAATCACGTCCCTGAGCATATTTGGCAATCAGCGGTTCGTTCTTTTCCCCGATTTGTTGATGATGAGAAGGATGATAGTAGCTGGCTAAAACAGAAACTACGGTTTTTGAACCGGGAACCAACAGCGTGGGATCAACCCGTTTTTCAAAATAATTGCCCATCCAGTCCATGGTGCCATTACGATTCTGCTTGAGCCATTCTTCCAGCCGGCGGGCTTCGTGGGGGAGGTGTTGAGCTTCGGCAAATCCACAGGCATCAAACCCCAGTTGAAGGGCGTGCGAACGGATTTGTTCTGTGAATTTCTTCTGTTGAAGCATTCCGAATTATGTTTTTTCCGGAACCAGTTTCTCGCCTTTCCAGATTAAATTCTGAGTTTTACCATTTACCATCCTGACGGTTCGGGCGCGGTATTTCTTAACTACGGCATAATCGTGTGTTACCATTAAAACCGCCATTCCCCGGTTATTAATACTCCGAAGCAGCTCCATGATATCTTTGGTGGCTTTGGGGTCAAGATTTCCGGTGGGTTCGTCGGCAAGTAAAATTCGGGGTTCGTTAGCCAATGCTCTTGCAATAACAACGCGTTGTTGTTCACCTCCGGAAAGATCCTTCGGCATATGTTTTCTGCGGTGACTGAGCCCAACCATGGTTAGTACTT
NZ_CP175953.1_gap74	2205196	2209805	4609	TGATCGCTTTCGTGACCCATGGGGTTTTCCTGGCTTCCAAACTCTTTAAAAGCAAAATCGATTCGGCGGTAGTATTCAGCCATTAACTCATTGTAAACCGTGTTAAGAGTTGGATCTTTGCTTTCCCAGAATTCCCTGAATTTTCGTTCTCGTTCACGGTTATTTCCACTGTTTATTTGCTTGAGTTCTTTCTCAGAAATAATGTATTTCAGATTATTAATGGCTACATCTAAATTGTATAAACTGGCAGGCATATTTGGCCAGTAGGACCGGAAAAAGGATCTTGCCACCGGTTCCTCTTGCCCTTCTTTGGTCAGTTTCAATAAATAGGGAGCATTCTCAAAAGTGCTTCCGGGAATAGATACCAGGGCGTAGGTATAGGGCTGATTGCCCTGAACGAGATTTAACGCCGGGTTTTGGGATTTAACAAGCTTGATCGTAGAATTTTGGAATACATCGTCAGACTTAAGTTCTGCGGAATAGATATTCTCAATGGAGGAGGTATCCCGTCGGGAAGTTTTTGCCTTATCAACTTTTATGGAATAGTTAGCAGAGCCGTCATAGCCGGGAATGCGGATTAGGGCAAGGAAGTCTTCCCCGAACAGCACATTTTGTTCCATGTTCATGAGCTCTAACCTGTTTCCATTCCGCTTCTTCACTAAAATGACTTCCCCGGTTTCTTTTGTAGATAAATCGGGCACATAAATTTCACGCCGTCGTGTATTTCGCTCATTTACTTCCTGCATCATAGCGAGCTGAAGAATGAAGTTGTAGTGACCGGGATTCAGATTGGTGGAAACTGAACCCGAAGCATACATTTTTGAGGATTGTGTTTGCTCAAAGTTGGAAGTGAACAGGGTGTCTTTCCACACATCCCGGGAAGCTGAATTAGCTGATGGATCCTCGCGACGGTTTAATTTCCCCTCAAAGATTTCCGTACTAAGCCTGATAGTGGAATAGAATTCAGCATTCTCCGGAGCCTTCAGGTTATGATTGAGCGGGATCTTTTTGAATGGGATAAAATCATTATTAAACCTGAAAATAAAGGCCAGGGTTGTTTTACCGTCTTCTCCGGGAAGGATAATATCTTCAATAAAAATGGTTGGGCTTTGCGACTGCATGACCAGCTGTCGGTAATTAACCCGTTGTGCAAGTATGGAGGTAGAAAAACCTAAAAGGAGAAGGATGGCTAAAAGTCGCTTACTCATGGAAGTCATTTTTTTGAATGATTTAAATCAATATCGGGGTTTACACATTAAATATAATCCCTATTTTCAACGCAGCATTCGAATCAACATTATACAAACAAAAAAGATAACAGAATATGAGCAGTGAATCTGGAAGCGCTACCAAACATTGGTTACATAAAATCATCGAAGAATTTGGAGAAATTGAAGACGAGATAAAGCTAGGTGGCGGACAAAAACGAATCGATAAAGAGCATGGTAAAGGAAAACTGACCGCACGTGAGCGGATTGAAAAGCTCACTGATGAGGATTCCCGCTTTTATGAACTTGGGCTTTGGGCCGGATACGAAATGTATGAAGAGCAAGGCGGATGTCCCTCAGGTGGGGTGGTAACCGGAATCGGGATGGTAAGCGGAAGAAAGTGCATGATTGTAGCCAATGATGCTACTGTTAAAGCCGGTGCCTGGTTTCCGATCACGGCCAAGAAGAACCTGAGAGCTCAGGAAATTGCCATCGAAAATCATATTCCGTTGATCTATCTGGTTGACTCTGCCGGGGTTTACCTGCCTATGCAGGATCAAATATTTCCTGATAAAGATCACTTCGGGCGAATGTTCAGAAACAATGCCATCATATCCGCAAAAGGGATTCCGCAAATTGCGGCTATCATGGGAAGTTGTGTGGCCGGTGGAGCTTACCTGCCTATTATGAGCGATGAAGCCTTGATTGTAGATGGTACCGGAAGTGTGTTTTTGGCCGGAAGTTATCTGGTAAAAGCAGCCATCGGGGAAGATGTGGATAATGAAACGCTGGGAGGTGCTACCACGCACACCGAAATTTCGGGAGTAACCGATTACAAGATGGAAGACGATGAAGAATGCTTATCGACCATCCGGGATTTGGTAGATAAATTTGGTCCTTTTGAAACCGCCGGCTTCAACCGAAAAGAGAGTAAAGACCCCAAACGTCCGGTCAGCGATGTGTTCGATATTATCCCGGAATCCAGAACCAGTCCGTATGATATGAATGATGTTTTAGACTGCATTGTGGATGAGGATAGCTTCACTGAATTCAAAAAAGGATATGGGCAAACGCTTATCACCGGCTTTGCGAGGGTGGATGGCTGGAGTGTTGGTATTGTTGCCAATCAGCGAACCGTTAAGCGAACCAAGAAAGGAGAGATGCAGATCGGTGGTGTTATCTACTCGGACAGTGCTGATAAAGCCGCGCGGTTTATAATGAACTGTAATCAAAAGAAGATCCCTCTGATTTTTTTGCAGGATGTTACCGGGTTTATGATTGGGAAACGAAGTGAGCATGGCGGCATTATCAAAGACGGTGCCAAAATGGTAAATGCAATGAGCAACAGTACGGTTCCTAAAATAACCATTGTGGTAGGCAACAGTTACGGAGCCGGAAATTATGCCATGTGCGGCCGCGCTTATGATCCCCGCTTTATGTACGCCTGGCCAACGGCCAAGATTGCTGTGATGAGCGGAGCGTCGGCCTCAAAAACCCTGATGCAGATACAGGTTGCAGCGATGAAGAAGAAAGGAAAAGAGGTGAGTGAGGAAGAACAGGAGCGGATTATGAAAGAAATCAGCGACCGTTATGATACGCAAACAGATGTCCGCTATGCAGCCTCACGACTATGGGTAGATGGCATTATAAATCCACTTGATACGCGCGACCGAATTTCTAAAGCGATAGAATGCGCCAATCTGAACCCTGAGATTGAGGAGTTCAAAACAGGGGTCATGCAAACCTAAAAAGTAGCCCACCAACCGGCCACTATAGCCAAACTAAAGCTGAGCAGAGTTCCAATCATAATATATTCGGTTTGTTTTCTCTGCTCGGCCTTTTGAAGGTCGCTGAATCTGAAAACCGATTTAGCTGCCAGCAAAAACCCGATGCCGCTCCAGTTGTTGGTAAGTATAAAGCCCAAAATCAACAAGCGCTCCAGGATGCCGATATACTCACCGGCATTTTCCAGTCCATTGTCATCTTGCGAAGGTTTTATTTCTTTTGATCGGGGCTGTGGTCCCCAGTCATCAGGCAAAAGTTGAGTAATAAGTATAGAAGCAGGCTTTGTTACAAATACGAAAGCCACGATCACCTTCCATTCTACCGAACCCAGGGATATCTCAGGAAAGTTAAAATTACTAATGACGAGAGTGGTAAGTGCAATAACCAATAAGTGGATCAACTGATCAAGGAAAAAAGATAACCGCTTCTTTTTAGCAAACGCTTTGATGGGATCAATCAGAATGTGTGTACCCCCAATCAAAAAAGCCAGGTACCAGAAAACCGAAAACCCGGCCATCCATAAAGCGCCAAAGGCGAGGGCTATATGAACAAAGCCGTGAAGGTACAGAGGACCTGCCTTCCATTTCTTTTGCCGTCGCTCTTCTATCCAGCGGGAGGGTTGAAGAAGGAAATCTCCGAGCAGATGAGCTAGAACCAGCATCAAAAATAAATCATCCATTATCACATGTATTTGGTTTTGGTTTCAAACCGGTTCAACAATAGTTCAAACTCATCAATATGAGCTCTTTTTTTTCGTTTTGATACAGCCGGCTGTGAAATATTCAGCTCTTTGGCAATCTCAGATTGAGTCAAATCCTCCATCCAGATGTACCATGCAATTTCAGCATCAGCCTGCGACCAGTTTTTGATGAACATATCCGCAAAGGTAAGGCTTACGTACATTTCGCTGTCAAAGTCAGCACTGTCGGACGATAAAGCAAGCCGGTCATCCGTATTTTTCATTTCATCGAGGGCGTGACCGGAACGGGTAAAAGCATCTCCGAACGATTCATTTACACTATTCTCCAGATAAGCATATTCTCCGATACCAATGGCAATGCGGGTATCCATTTTGAGACCGGTTTTGGTTGATTTAATAAGTCCGGCTCTTATAATAAAGGCAACTCTTAGTGCCTGCCGGGGATCATGGAGTCCAAGCTGGAATCCGTCTCCACGATGCATTTCCGCACCATTTCCTGTTAATTCAAAACGATCTTCTATACGCGCAAAAATCTCTTTCAGATCAGGAAGCCAGGTTTCTGAGCTGTCAGCTGAAGTCGAATAGACAATATCTCCCGTTAGCACTGCGATCATATCATTCCAAGAATTAATTCGATAAACATTACTTAATTAAGTTATAAATAGCAAATATAACCTAATTAAGTTAAAATAGACTTGCTAACTAACAGCAAGGCCACTGTTGCAATCAGGTCAGGCAGATGATATTATCAAAGAGACAGAATTCAACTCAACAAACCATTTTTTGAACTACGAGTTAACCAAAGAGTATAACCTGATTTTTCTGGGTGTAGAAGCCAGCTTTACATTAATCGACTTTCTGCTATTCTTTTCCAGCTTTTTATTAGGCTTTGTGTTTGCTCTGTTCTTCCTGATTT
NZ_CP175953.1_gap75	2245071	2248152	3081	CTTGATTTCGCTCTTCAGGTTCATCAGCCAGAGCTACTTTCACCGTAGAAATCGCTTCACCCTCGGGGGTGAGAAAAGTAACCTCTTCCACTAAATCCAATTGCCTTCCCTGATTAGGAATTTCTTTCTTCTTGTTGGAATCTTTTTGGGAGCAGGAAAGCACAAATAGCGAGCAAAATATGGTGCAAAACAAGAGAGTTGACAATGAGTACTTCATGAATAATAATCAGGTTGGTGGATAAACTTGGTATGTGTCAGTTTTTAAGGCAGTCAGGAAATTAACTCCAAAAACATTGAATCAAAAATGAATCTATCTTCAATCGGTTTGTTTCATTGAAATTTAGACGAAATAGAGCTACCTTTGAAAAGCAGTGAGCGTCGCAAGGCACTCGCTTTTTTTTGTTTCAGAATTTGATAGAAATGCAAATAGATATCACCCAAAATATTATAGACTTAGCGGCTCCTCTTGCCGAGGAACACGATTTGTTTGTGGTGGATGTGGAATTAAAAACACATTCCGGTCAAACCGAAGTATGGGTTCTTTTGGACACTGAGAAAGGCGGAGTTAATATAGATCATTGCTCTGAAATTAGCCGCGAACTCGGATTTTTGATTGAAGCTCATGAGCTTTTTGATAAAAAATATCGGTTAAATGTTTCATCTCCGGGATTGAGTCGACCACTGAGCGATCTCCGGCAATACAAAAAAAATGAAGGCAGGGTGGCTACTATCAAATTTAAGAATACAGACGGTGAGTATAAAAAAATAGAAGGAGTCATCACCGGCATTGAAGACCAAGTGGTGGCTATAACGGATGAAGAAGAAGTAGAAACTCAGATCCCGTTCGACAACATCGTTGAAACCAAAATAATCCCCGTAATTTAATAAGCTATACTGATGCAGAACGAATTATCAAAACAGATTATCTCCTCGTTTGCTGAAATTGCACACGAGAAAGGCATTGAGCGTGATATGCTTCTTTCCATTCTGGAAGATGTTTTCCGTACCATGATTCGCAAGAAATATGAGTCGGATGATTCATTTGAGGTAATCCTGAATGCTGACCGGGGAGAGATACAGATCTTACACGTACAGGAAGTTGTTCCTGCCGATGAGCTCACCGATGAAGTTGCTGAAATTACCTTGGAAAATGCCCAAAAAGTAGATCCTGATATTGAGCTATACGACGAACTTGCTCAGGAAATTCAGATTACAGATTTCGGCCGCAGAGCCGTTACGATGGCCCGCCAGCAGCTGGCGCAGCGAATCCGCGAGATCGAGAAAGATAATATTTATGAAGATTACACCGATCGCGTTGGGGAAATTATTCTTGGTGATGTGTACCAGGTTCGCCACAATAAAGACATTCTTGTAAATCACAATGGAGTTGAGCTGCTGCTCCCCAAAAGTGAGCAGATTTATAAAGATCGATACCGCAAAGGTGATACAATCCGCGCAGTAGTGACGGGTGTTCATATGCGTAATGGTAACCCGACGGTGATTATTTCAAGGACTTCCGAATTATTCCTGGAGCGATTATTTGAAAACGAAATTCCTGAAGTATTTGACGGCATCATTGAATTGGTGCGAATTGCACGTGCACCGGGCGATCGTTCTAAAGTTGCTGTTCTCTCACATGATGAGCGCGTTGACCCTGTTGGCGCCTGTGTAGGGATGAAAGGAATTCGTATTCACGCTATTGTGCGTGAATTACAGAACGAAAATATTGACGTGATCAACTTCACCCCGGATAAGATTGACTTCATAAAACGTGCACTTCAGCCTGCAGAAGTATTGAAGGTTGAACTGAACGAAGAAGCCAAACACGCCAATGTACTGGTTCCGGCCGATGAAGTATCAAAAGCCATTGGTAAGGGAGGGGTTAACATTCGCCTTGCTTCCAAGCTGGCTGAGGTCGAAATCGATGTATATCGTGAAGTTGAAGCAGAAGATGATATCGATATCGACGAGTTTGAAGTTGATTTCGGAGCAGAAGTAATCCAGATGCTTCATGATATTGGCTGCGACACTGCACGCGCAGTTCTGGAGTTAGATGCAGATGAATTAGTAAGCAGAACGAACGAAGAAATAGATCCCGAGCTTGCTGAGAAGATTATGAGTGTAATTGCCTACGAATTCGAAGACGAGGCTTAAGTCGGCAATTCCATTTAAAAATTCTTAGTTTAACAAGCTCACATTCAAATATTCTATATGTCTAAAAGACCCAAACCATTATTTAAAGTAGCATCAGAGTTTAATGTATCTACACAAAGTATTGTGGATACCTTAAGTGAAGATGGTTTTGACGTAGCCAATCGTCCTAACTTCAAAATAACGCCTGAAATGTATGAGGCGCTGGATGAGGTGTATGGCGAAGACCGGGCAAAGAGTGCAGATCACGAAAAAGCCCGCGAAGAATATGAGAGTCGCCGAAGCCAGATGATGAACCAACGCAACGACAGCGTTACTCTGGACAACGTGTTGGAACCTATTGAAGATGAAGTAGGGTTGGAGCCGGAAGACGACGATACTGAAGACCTTGAGCCACAAGATGATGAAAGTGGTGATGAGCTTGATTTAGAGCCTATCGAAGAGGAAGATGAGGCGGATGAGCAAGCCGAAGAAGAAGCTGAAGCTAAGAAGAAAGCTGAAGCAGAAGCTAAGGCAAAGAAAGAGGAAGAAGAAGCAGAGGCCAAGAAGAAAGAAGAAGCTGAAGCTAAGAAAAAAGCTGAGGCAGAGGCTAAAGCCAAGAAAGAGGAAGAAGAGGCTGAGAAAGCTGAGAAGAAAGAAGCCGAAGCAGAAGCTAAAGAATCCGAGAAAGTGGAGGGTAAAGACGACGAGGACGACGAGGAAGATGAAGACACTGAATCCAAGAAGTCTGAAGATGATGAGGACGAAGAGGATGAAGATGTCATCCGCGGATCTGCCGGTAAACTAAAAGGAACTAAAGTATTAGGTAAAGCATCTTTCACTACCGAGCGTAAACCTCGTAAGAAGAGAAAGCGTCGTAAAGACCGTAAAGATGATTCTTCAAGCTCAAAATCTGATTCGGATAACAAATCCAAAAAGTCTCGCAAGAAG
NZ_CP175953.1_gap76	2257191	2261287	4096	GTATCGGTTGGAATTTGGGTAAAAACAGGAGGGAGACATGAAACAGCTAAACAAGCCGGAATTACTCACTTCCTTGAACACATGCTGTTTAAAGGAACTGATAAGCGTTCTTCTTTTGACATTGCGCTGAGTATGGAATCGGTAGGAGGATACCTTAACGCCTTTACTTCATCCGAATATACCTGCTATTACTCACGGTGTTTGAATACCCAATTAGATCGTGCACTGGATGTACTTTCCGATATGGTACTTCATCCCGCTTTCCCCGAAGAAGAAATTGAGAAGGAGAAGAAAGTGGTGATAGAAGAGATGAAGATGTACCGTGATTCTCCGGATGATTTCCTTTTTGAAGAATTCAATTCTAAGATCTTTAATGGACATGAATTAGGACGGCCGGTTTTGGGATACGAGGAAACGGTATCTGACTTTTCGCGCCAGGATCTTTACGATTATATGAAAGATCGATATTACCCGGGCAACTTACTGGTTTCAGTTGCCGGAAATGTAGATCACGACAAAGTAGTGCAGCTGGTTACTGAGTATTTCGAAAACCTTGAGGCCAAAGACCACGATGAATCGGAGCAACCACTGCCTGAGTTCAAACCGGAAGATGTCACGCTGACCAAAGCCATAGAACAAACCCATTACATTTATGGCCGCAGAGGGCTGAATTTTGATCACAAGGACAAATACCTGCTCCTTTTGGCGAATACTATTCTGGGTGGAGGAATGAGTTCCAGGCTGCATCAAAACGTCCGTGAGAAATACGGGTATTGCTACTCCATTCAAACTTTTAACCAGTCGTACACCGACACCGGGTTATGGGGAATTTATGTGGGAACCGATAAGGAATATGTTGATCACGTTCGTGAACTGATCAAGAAAGAACTCAAACAAATGCAGGATGAACAGGTTCCTGAAAAAGAGCTGGCCGAAGCCAAGTCGCAGTTAAAAGGGAAGTTGCTGCTGTCTCAGGAAAGTACCAGTAATCGCATGACCCGATTGGCTAAGAGCGAGCTATATTTTGGCCGATTTGTAACTTTGGACGAACTCGTTGAAAACATCGATTCGGTAACCGCAGAAGAAATTCAACGCTTCGTAAAAGACTTCTTCACTGAAGAAGATTTCATGGAAGCAATCCTGTTACCAGAGTAAGAATTACCTTTAGAATCACATTTAACATTTAGCATTTAATAATTCAAAATTTCCAATGACCTACATCAAGAAACTCGCAGATCACGTTGATAAAGAAGTAACCCTGAAAGGGTGGGTATATAATTTCAGAAGCAGCGGAAGTTTAGTTTTTATCGAGATGAGAGACGGAACCGGCATCACACAATGTGTGGTAGCTAAAGATGATGTTTCTGAATATGTATGGGAGGCAGCAACCTCTCTCAAACAAGAAAGCTCGCTGGAAGTGGTTGGAACCGTTAAAGCCGATGAAAGAAGTATTGGCGGCCACGAAATTCATGTATCAAATGTGAAGGTGTATCAGGTGGCGGAGAACTATCCCATCACCCCAAAAGAACACGGCGTTGAGTTTCTGATGAACAACCGCCACCTGTGGTTGAGAAGCCAGAAGCAGTGGGCGGCTATGCGTGTTCGGAATGAGATTATTTATGCTATCCATACTTTTTTCCAGAAACGGGATTTTGTGCAGATGGATTCTCCGATTTTTACCGGCAATGCAGCTGAGGGTAGTACAACCCTTTTTGAAACGGACTATTTTGAAGATAAAGCCTACCTGGCTCAAACCGGTCAGCTTTATGGCGAGGCCATGGCAATGGCTCACGGTCTGATTTATACTTTTGGCCCAACCTTCCGGGCAGAGAAGTCCAAAACACGCCGGCATTTAACAGAGTTCTGGATGATTGAGCCGGAAATGGCTTATTACGACCTGGATATGAATATGGATCTGGCCGAGGATATGATCAAAGCCATCGTATCTACCGTGCTGGAGAAGAGAAAGGATGAGCTGGAGATTCTGGAACGGGATACTTCATCCCTTGAAAAAACGGCCACTGAACCTTTCGAAAGAATGACTTATGACGAGGCAGTTAAAATCCTTAAGAGCGATGAAACTGCAGACATGCTGGATGAAATGGCTGAGTCGCGCAGACAGGAGCAGGTGGATCTCGAGAAAGAGTGGGAAGAAATTAAAAAAGAACACGGATCAGCTAAAAAGTGGCGTAAAGCCCAGATTGATCAGCGCATAAAAGAAATTTCAGCTCGCATTGATCAGATTGAAGAAGATCTTCGAAACATCCCAGGCTGGAAAGAATCGGCTCGTAACTTTGAGTGGGGCAATGATCTCGGTGGCAGTGATGAAACCGTTTTGATGATGCAATACGATGTACCCCTGATTGTAACACATTGGCCGGCTGAAATTAAAGCCTTCTATATGAAGCGAGATGACACCAATAAACTTGCTCTTGGAATGGATGTTCTGGCTCCTGAAGGATACGGAGAGATTATCGGGGGAAGTCAACGTGAGGACGATCTCGAAGTGATGGAAGAGCGCATCAAAGAAGAAGGGCTGGATAAAGAAGTATTTGAATGGTACCTCGACCTACGCCGCTTTGGCTCTGTTCCGCATTCCGGTTATGGTCTTGGTTTAGAGCGAACCGTAGCGTGGCTGTGTGGCTTATCTCACGTGCGTGAGACGATTCCATTCCCGAGAATGATGGGTCGGTTGACGCCTTAATTTCCTACATAAGAATAAACCCGGGCAGGACTGCTCACCAATTCTGCATCTTTCTTTAAAGCCGCTTGCAGCTGTTCGGGTACTATTTCTACGGCAATGCTTTGTACGTCGTCTTCTACCTGCTGAACCAGGACGATATTTCCCAGGATGACTGCAAACTCATCAAATTGCTTGAAAAACTGAACCAGATTATCTGCTGCGTTTTGCAGTGATGAGTTGGCATCAGTATTTCCTTTGTTGAGTAACGATGTTTCCAGGCTTTCTTTTCCTTTTATGTACAAATCCCTGATGTTATTTTCCGTGTCAGAGCTTTTTCTTACGTAAGTCAGTTTTTGGAAGAAGGAATCCAGTACCGGTTCGTCAAAGATTTCGAGTTCAAATCCAAGTTCCTGCATAAAGTTTTCGCAGGTTGACTTAATTTCATCAGCTTGATTTTTGTCCGTATCAGCAGAAGGAATTCCAATATATACGTTCCCTATAAAACGAGATTGAGGAGCTTTTTTCTCTTCCTGCCCAAAAGGAGAGGTGGTTTCAGATGCTTCTTTATCTTCACCGTTTGTCTCTGAATCCGAGATGGCTTCTTTTGCTTTCTTAACGGCCTGTTTGATTTCAGGACGCTTTGGCTCTTTGGTGAGCTTGGCGTTCATTACATCCACATCGGGCCCAACGCTTACAATCCCGATTACCTCAGCATCCTCGTTTACTGAAATTTTCTTGGAAAATATAAATCCATCAATCACAGCTGTGGATGTCACCTTAATATGATCTTTAATTCGGAGTTCTCCGGTAAAGCGCCCTTCAAGAATAGCTTCCTGTGCAACCACAGTCCCTGTTATTCGCCCGGTATCGGTTAGAATCAGTTTTCTCTTAGCATTAATATCGCCGTCTACAGTTCCGGCAATACGGATATCTGATTCTGTCTGAATGTTAGCTGAAACGCTGGTGCCCTTCGTAATATTAGTTACCGATCCCACCTTGTTTTGTTCGTCCACGAAATACCAATTAGTTAACCTTGATCGAATCCTTAAAATATTGAATACAGATCAATTTATTTATATAGAAAACAAAAAAATAAACCGGGTCTAAGTATTGGTTTCTTCTTTGTTTTTATCGCCAGCCCCTTCTTTTCTAACAATTTGTGAATCATTAGCAGGGATTGATACATTCGGGCCAACCTGAAAGGAACCTTTTACCTGTGCACCGTTCTCGATAGTGAGCTTTTGGGTAAATATTTTTCCATCAACAATGGCTGAGGCCCGCAGCACCAATGATTCAGTAGCTTTTACATCTCCGGATACGGAACCGGAAATATCGGCATAAGGGGAATGAATACTGCCATTCACTTTACCTGATTCAGTCAGCATCACTTTCTTTTTGGATTCAATCTTACCA
NZ_CP175953.1_gap77	2291518	2296347	4829	CTTTTTTATTTCCAACTAAATTCTACGATATGAATACTTCTGAAATCACTATAACAGAAAACGACTCCCTAGGAAAGGAGGAAAAGCAACGATCTCCATTTATAGAAGCAAATACTGAAGCTATTAAGCTCGAAACCATTCAGCAGGATCACATTATACCTGTGTTTATCAAAGATAATGAGCCACTGATCTCTACGCCTGACTTTATTGATATGGCAGTTGGTGTAACGCACCATGTATTTAATGGAGAGGATGTTAGAGAGCCACAAATTAGGGTAAGCCATCCTATAAAAGGACGCATCCCGGCAGCTAAGAATAAACCTGCAAAGGAGCTATTGGATCATGAACGTACCATCTATTACGAGCGAACTGCGTTTGTTATCCAGGTACCTTCCATCACTAAGCAAGTGAATGGTGATACATTGTATCTGACTGTAGGTGGGATAAAAGCCTATAACGAAGATAATCTCTACCGATGCAAAGGAGCACCGGAGCATTTCAAGATATTTGTGGGCTTCCTGAATAAGGTCTGCACCAATCTTTGCGTGTGGAATGAAGGCTTTTGCCAGTCGGTCAAAGTTGGGACATCAAGAGAACTGGAGGTTGCCATATTTGAGCTTGTTACAGACTTCTGTAACTCCGGCTTCTATGGGAAGTTCACCTTTTGGGAACAGCTGGCTGAACAGGAGCTTACCGAGCATCAATTCGCACAGGTAATAGGCAGGGCAAAGCTCTACCAACACCTTCCCAGAGAAGCGAAAGCCGCTATTCCTGAGCTTCTGCTAAACGACACGCAAATCTCTGCTATTGCCAAGGAGTATTATCAGGATACGCACTTCGGCAAGCCGGAGGGAGGAAGCATTCCCTTATGGGATTTTTACAATCTGTGCACCGGTGCTCTAAAGTCGTCCTATATCGACACCTTTTTGGAGCGCGGACTCAATGCACACGCTTTTGTAGAGCAGCTATCGGATGCACTTACCGGAGATCAGGAGTTCTGGTTTCTCAGCTAATCTAAACGTGAATATCAGGTGGTGGCTAAATAAGCAGTGAGACCCATGACTGCCGGCTATCATCTGTATTCACTTCTTATATAACACTAATGACATTTCACATTCAAATATGTATGAACCAATCTATTATACGGCTACCAGTCTGTTGATCTTTACAAGGTCACGAAAGCTGAAACGCCTTAAATGTCCATTCAGGGTTACAGCGGTGGAGGATACTGAAGACTTCCGCAAGGATGCGATTTACTTCGTGCATCGGGTGTATCCCTCAGAAGAGCATCGCCTCTTGTATGAGATCAATGGACAAACTTACCCATATAACACTTTTGAAATATTACTACTGGAGGATCTACCCACATGAAACCACCAAACAATATTACACTATCAGATGGAGTGCCGTATTGCAAAATACAGTACTCTGTAGAACCTGATATCGAACATCTACCCCAAATTACCTCAGATGAGCAGGCTTATGCATTTCTTATGGAGGTTTGGGATCAGGACGCTATCAGTTACAAAGAAGAATTTGCTGTAATTATGCTCAATCAAGCCAAAAAGGTCTTAGGGTGGGCAAAGACTAGTAGTGGAGGGTCTTCATCTACTGTTGTAGATCCATCTATGATCTTTCAGGTGGCGTTACTTGCTCACGCTGATTCTATTATCCTGGTACACAATCATCCATCCGGTAATCTCAAACCATCAAACGCAGATATTAATCTCACTAAACGAATTAGAGATGCTGGAAAGCTCCTGGGTATTCAGGTGATTGACCACTTGATTATTACTCCAAGTGCATACACTTCATTTATGGATCAGGGACTGCTTTAATCCTCCCATAAAGAATATTTAAACGGATCTGTAAAGCTTTTCTACACGGATCTGTCAACCAAATTTTTATAAATCGAAATACAAAACCATAGGAGAACTATGTCCAATTCACACATAAAATCACCACCAAAAACTAAAGAATCGCTATTTCAGATAGGAGAGCACTTTTATGCCCTTGAATCACTCCTGATCGACAACGATGGAGAAATTGATGACACCATAGATATGTGGCTCGAAGAGTATGTAGCCAAAGAATCTGAAAAGATGGATGCCTACTGCTACCTGATTCAGAAGTTTCAGGAGATATCCGAGGAAGCTAAACGCTTGGCAGAGCGCTCATCCACCTATTCCAAGAAAGCCAAGTCCATGAAGGATCGCTTGAAGCTATATCTGGAGCGCAGAGGTAGAGATAAAGTGGAAACCAACAAGTTCACAATTACCGTCTGCCAGAATGGAGGCAAGCAACCCATCAAAGTATTTGATGAAGTTGAGCCTGAATTCATGCCGGACCAGTTTGTACGCACTTACCGAGAGCCGGATATGGATGAAATCAGAAACGCCCTTCTACAAGGCGATGATCAAGCGGAAGCAATTGCTACGCTACTGCCAAGAGGAACACATTTAAGAATTAAATAAAGGAGAAATACCATGTTTAACAAAGCAACTCGGAAAGGAAAGTATATCAAACTTGCAATTACTGGTCCTGCGGGATCAGGTAAAACCTATTCAGCTTTACGGTTGGCAAAAGGCTTATCTGAAAATGGACGGATAGCACTCATTGACACGGAGAATGAAAGTGCGTCTCTATATGCCACGGATTTTGACTTTGACGTTGTGAACGTCGAAGCACCTTATGAAATCAACAAATTGGTTCAGCCAGTAAAAGCGGCTTTAGAGCAAGGTTATGATACATTAGTCATTGACTCCGCTACGCATTTCTGGAACGGGATCTTAGATTATAAGACAGCTTTAGACAAGAGAGGCGGTAACAGCTTTGCCAACTGGAGTGATGCGAACGTCCATTACGATCTATTTCTCAGGGCTATTCTGTTTTCTAAGATCCATGTGATTGTCTGCATGAGATCCAAGATGGAATACGTGCTTCAAGAAAACGAGAAAGGGAAGGCTGTACCTCAGAAGATTGGTATGGCTCCGGTAATGCGTGATGGTGTCGAGTATGAATTCACTACCGTATTCGACCTGGATATGAATCACCAAGCTCAAGCGAGTAAAGACCGCACCAACATGTTTGGAGAGCGGATATTCCAGATCACTGAAGAAACCGGAGAGCTGTTTCATCACTGGCTGAATGAAAGCCCGGATGACCAGCAACTGGAAAAGGAGATCATGGAGCTGGAGTAACAAGAGAGAACCAATGCAGGAGGGCTTTATGTCCTTCTGTTATTGGTATTATTCAATAGCCATCGAAGTGATTTTCGATCAGTTTCATTAACTGACTTGGTTTTGTTTCCAGAGCTACACAAAGTTTAAAGAGGGTAGTAACGGAAGCTGTTTTGATGCCATTCTCAATTTCAGATACAAATGAGCGATCCAAAGAGCTTAATTCAGCCAGCTTTTCCTGAGAAATATTCTTGGACGTCCGTAATTCTCTTACGGTGTCACCAGTAGCCTTTCGTATGTCGATTTCCTTCACCATTCGTTGCAGAAGTAAAGAGAAATCGTATCTTTACTCTACAGGCTATAGCCAACAAAAAAATGTTAATTATATTAGATATGTAAAACGATGAAACTCATAAAAATAACATTCATAACATTAACATTATCCTTGATTGCTGAGATTTGTTATTCGCAATCCGATGAAAAAATCACTTACACTGGTGGGGAATTGACGATGATATTAGCTGATGAGGAGACCAATGAACCACGCTCAGTAAAACCTATGGGTAAGAACGTGACAATTACATATGACACATATTTCAAGAGTTACCGGGTGAAATTTGTTGATGAAAATGGACGTACTATTTCGAATACCTACTCCTATATATCTGATTTAGAAGGTGGGTGGAAGCAATACAAAGATGATAGCAGAACATACTACATTAAAGATTTACTTGATGAAGAAGACCAGAACTTGCAGGTAGAGTTTGCTGAGTCTCCGGTAGATTGGGCAAAAACCTATTTTATTTATTCATTTGAATGATTCATAAAACGTTAAGCATATAATGCGATGGATAACATTTCAAAACAAGAGAGAAGCGGTTGTGGAATATCACTTGGAGGTGGGTTGAGTACTATTGGCTTGATACTACTGGTGGGATTATGGTCAGTTTTAGCAGAGTATATAATTATTGGGATAACAGTACTTGCACTTACTATCAGTTTGGGAGTAAAAGTATTCGGTCGCAGTAAAAGCTAAGACAGCTCTCCGTACACGTAAGCATGATAATCAATCTGAGAGAACCCCTCTGTTCCTTCCCTCTGTAGCTCTAAGGTTTTTTGCTCAATGTCATGAGGAATTTGTAGTCCTTCTTTAACTGTAGGAACATCAAGCCATTCCAGGTGATAATCTCCAAAGCCAGTACCGTACCAATAAATGCACCGGGGCTTTTGCAGGTGAATCATGCCCAGCTGAGTATCATCTTCGATATGGGCAAACTTAGCTGATTCTATATTCGATGATTTCATGGTGGTAAGTTGGTATCATTTTAAGTTACTTGTTGAATAATAACACCAACCGGTAATTAAATTAACTATGTGCGGAAGAGCAACGCTGACTTTTGAAACACTTCAGGATATTGACAGCTTTCTTAATTCTATTGATAGTGGAGAGCTACCTTCATTACTCAGCGGTAATGCAAATATAGATGGCTATGAATATGCCAATTTTAATGCACCTCCAACCTCTATACTTCCGGTATGCTATTTAAATGAGGAAGGAAAGCGAATGTTAGAGCCGATGTATTGGTGGTTCATGAAGTGGAAAACCAAAGACGGCAAACCCAACTTCAAATATAGCACGTTCAATGCACG
NZ_CP175953.1_gap78	2337871	2338921	1050	ATCCATCTGATCCTAACATTCAAAGTGTACTCAATAAGATTAATTTCAAGCAGACGGAGTTAGTCTATTGTAAATACGAGTCGATTGAAGACATCCTGTCTAAAGTTTACGAGCAAAAGAATGAATTCCTGGACCTGCTCGAAGAAATCGATTATGAAGAACCTGATTTAGATAAGAATCAGGAAGAGATTGACGAAGAAGAGATTGATGCCGAAATCAATCAGAGTATGCTTAATTCTTTGGTGGAAGGGATGTTAGTAGAATCAGTTCGCCAGGGAGTTAGTGATATGCACATCGTGCCAAGTTCCCCAACCACCACGGATATCCGGTTTCGTGTGGATGGTAAATTACAGCTTTGGTATCAACAGAAGAATGTGAAGCCGGAAGCTATTTCAGCCGTTATTAAAGATAAAACCCGTAATGTTGATCGTTTTGAGCGGGATGCCTCACAGGATGGTTTTATTCAGCGGCAAATTGATGGCGTTGGGATTCGGTACCGGGTTTCTATTATGCCCATTGTTGGGAAGCAGTACGATCGGAAGTTTGAGTCAATTGTAATTCGGGTTTTGGATGACCGAAATGTAATTCGTGACCTGGATAAATTGGGTTTACAGAAGCAGGCAAAAGAAAATTTCATAAAATCAATCCAGAAACCCTCCGGTATCGTAATTATTACGGGTCCTACGGGAAGTGGTAAATCAACTACGTTGGTAGCCGCCTTGTACTATGTAATTGATCCGACAAAAAATGTGCTTACCGTAGAGGAACCTGTGGAGTACATTATTGAAGGAGCTAGGCAGCTAAAGATCAGTAATCATATGACCTTTGATCAGTCGATCAGGGGTATTCTCCGGCATGACCCTGATATTGTACTTGTAGGGGAGATGAGGGATTTAAAGACCGCCGAAATTGCTATTAAACTGGCTAATACCGGTCACTTAACCTTTTCAACCCTTCACACCAATGATGCGCCCAGTGCAATTTCCCGTTTGTTTAAGATGGGGGTTGAGCCATTTTTGATTGCAAATGCCGTAAACCTGGTAGTTGCCC
NZ_CP175953.1_gap79	2342922	2347301	4379	TGTTGTTTCAGAGTTTTTTGAGGATGAAAGCATTTACACCCCACAAAGTGTGCAGGGAATTGAAGAATTAATACAAGGGAACTAATAGTCAATTGTCATACGCGGTCCGAAATACCATCATTCTGTTAGTAACACTTACGCTGTTTGTAGGTGCTGCTTTCTCTTATATCAAGTTTTTCCAAATGTCTGAATTGCAAGAGCTTCAGACTTCGGTAACGGAAAAGCAAAAGGATTTTAACAGCAAGAAGGCTACCAGTGACGCCTTTCCGGCTTTAAATCAAAGATACCAACAGGCGCTTTCTATCATTGAAAATGCAGATAAATCCCTTTTTAAATCGCCTAACCCGGATGATATTTACGATTACCTGAACTATATAAGTAATAGCAGTACATCATCTAAAGTGTTTTTTGATTTTGTTTTCGTTGACTCCACAGCTCAGGATCAGTATGGAATTGTGAATGCTGAAATAAACGGATACGGCTCTTATACTAACTTCGTGAACTTTGTGAATAAGATTGAGAACAGCCAGCTGTTGAATAAGATCTCTGAGATTACACTCACACCGCCCAGCTCTAATCCTGAAGAGCTCAATGACATTACTTTTACTTTTATTTTAGAAAGCTATTACGAGCGCATCCCCATCCAGGATGGTTTGACACTGACCAGCCAGCTCACAATGGATGAACGCGTTTCAACATTTAACCCATTTTACCCACTTATACAGGAAGTAATTCCTCCTAATGATGATAATCTCATTAATGTGGAACAAAGCAGATTAATAGGCCTTACTGCATCGCGAATATTTCTCGTAGATCAGGGAGGAAACATAAATTCACTTAGAAAAGGGGATGAAGTGTACCTTGGTGAATTAGAATCTATAGACCTTAAAAATAAATCCGCTACTTTTAATCTAAACAAAGGTGGCATCACGGAATTGGTTACCTTGGAGATAGAGCGATGAAACCCATGAAAGCAACATTCTACACAAAAGGTTTTTTGTCATTAGTCCTTTTCGGCTTGGTAAGTTTACTACAACCGCAGCTTGTACATGCTCAGGTAGTCGATCCTCTAAAAGAATACACCAATCCGGAAGAGATCGTAGCTTTCGACAAAAGCACGACCTACAACGAGGCTATTGAGATAATTAATACCTTTGCCCAGGAATTTGAAAACAGGTTTATTGTTGACAATTCTGCTTACAGCGGAACCATTGGTGTGACGTTGCCAGCCATGCACTGGAAAGATGCGCTTCAATACATCATGCGGTTTAATAACCTTGAGCTGGAAGAATACGAAGACTTTTATGAAATAAATGTTCCGGCACCTCCCACTACTGGAACTACAACTCAGGCTTCAGGTGGGGGTTCTAACGCATCTCAGGGCCAACCTCCAACAGCTACAACCCGAACGCAGGAAGTGCGTATTAATGCTACATTTTTTGAAGGGAATAAAAGAGCACTTCAGGAAATCGGGATAGACTGGTCCACACTGACAAGTGACGTACCTGCTAATTTGGGAGATTTTGTAGGTGCTGATGGGAATCAAGGCATCCCATCTACCGATTTTAACGATCAGTTCGTATCCGTTAACTCTTACAATGCGGCCAGTGTTTCTCAGAATGCCTTTAACGCCCTTGTTAATTTAGGCGAAGTCGGTCCCGGAATCAGTGTACAAGCGTTATTCAGTGCTTTTGAGGCTGATAACCTTGGTAAGGTTTTGGCTACTCCATCTATTAAAGTAGTGGATGGCGAAGAGGGAAATATCCAGGTAGGGCAGGATTTCTCTATTAAACAGCGTGATATAGCCGGTAACGTGACGGATAACTTTATTAGTACAGGAACCATTCTTACCGTAACTCCTGAAATTATCAGTCAGGGCGACACCTCTTTTATCTATCTCTCGCTGGAAGTAGAACGTTCTACCGTTCAGCCCGATGTAGTTAGTACCATTGTAAACAAACAGGAAGCAACAACTTCAGCTATCCTGCTGAATGGCGAAGCAACCTATGTTGCCGGATTGTATCGAACGGAAGAATCTTCAGTGCGAAGGGGAGTACCCATTCTCAAAGATTTACCGGGTTGGTTCTTTGGTCTCCGTTATTTATTTGGATATAACTCCAAAGACTATTCCGAGAATGAATTGATTATCATCGTGCAGGCTGAGTTGATTAAACCGGTTTCAGAACGAATTTCAGATCGCAAGCTTACTAAACGCGAAGTGCTGAACAATACCCGCGATGGTATGCGAACCGATTTAGACCGCGTGTTTACCACCGAAACGTTTGATATGCCCGTGGAGGAAGAAATAGCTGAAACTCAGCAGGAAGAACAACCGGCCATGGACGATTCAACCCTTGCGGAAACGGACATGGATAATACCCAGCCGGATACCATGACTGTTGAGGAACAACCGGTAGATGCCGAAGAAGAGGATGCACTTACGGATGAGCAACAGGAACTGGCTAAAGATTTAAGTATGCCTGTTGATAAGCCGGAATTAATGGTGGTTGTACCGAAGGCATTCAATTTGGATGAATATCTGGAGTACCAACAGAATGAGCAGCAAGTAGAGACCATGCAGGAAGAGACCTCCAATTTAAAATACTTTGTGATTGGCGGTTCATTTCTTGTTCCGGGTAATGCACAGAACTTTAAATCCACTCTTGAGCAAGAAGGCTATAACACACAAATCCTGTTTAACCCCGAAACCCGATTTAACTACGTAGCTTACGAAGGGTTTGCCGATTTCAATACGGCTGTTGAACGAACGCTTGAAATCAGGGACAGCTTTAACAGTGAAGCGTGGTTGTTTACTCTGAGAAACGGCAACAACCCGAATGCTGAGCGGGTTAACGGCAGCAGCGAATAAAAATAATCAGGAGTGAGCCTTCAGGTACTGAATTGAAACCCGGTTAAAAGCTCCGGGTCGCTCCACGTTGCAAACGTGCCCGCAATTTTCGATTACCTTGAGAGTAGAGTTCTTGTGCTTTTCCACGATCTGTTTAACAGGAGGGAGAAACATATAATCTTCACTGCCCATCACGTATAGCATTGGGGATTCAACCTCTTTTTCTTTGAAGTACCGAAGGAGCGGATTAACTTCATTGGTAAGCTTAAACCATCGCAAAAATTCCTTCTGATATAATTTCTTCGCTTCTCGGATAAACAAGTTTCTGGATTTGGCGTGATGTTTCTTAGGCATAATAATCCAGGTAAACAGCTTGTATAACCACATGTAGGGGATGAACCGTTTGAACATGTGCCCGACAAAGACAAGAATTCTGGAGCGGACATTAAGCCGTGTGATGGCCCCACAAAGAATAGAAGATTTGACGCGATTGGGTGCAATTTCGGCAATAGTACGGATGATAATTGTACCAAGGGAGACCCCTATAAAATGAGCCTTTTCAATGTTGAGGTGGTCCAGCACATCCAGAATGTCCTGACTTATAAACTCAAATGAATAGTTCTCTTCATAATACTTCTGAAGCAGATCTTTTGACTTTCCATGTCCGCGCAGATCAACCATAAGCACATTAAAATGCTTCTTGAAATCCCTTAGCTGACTAAACCAGATAGATGAGCTTCCGCCGGCACCGTGCACAAACACGACCCAGTCTCTCTTTTCAGATGATTTATATTCTTTGTAGTACAACATATTTAATGGTACAAATATATATCAATTAAGTAAATATCTAAGCAACTCAAGCTGGCATGCAATTGAAATTAATCCTAATCCAGCCAGTAGCTCTTTATACGTCAGGGAAGCTGTTGATATAATCATTTATGATACGGCTCCTTTCCATAAACTAATTTTGATGATGTAGAGTTTAGATTTCTACCCAAACTGATACCTATATCCACTAACTAAAATCAGCATGACAAAAAGCCCTGTTTTTCTGAAAGAAATTGTTAATTTCTGCCCATGAATTTTCTACGGGCTATTATAAAATTATTCAGCTTTCTGGTTTCAACCTTGTTTTTCTATTCCCTGATTATGCTGTGTCTGTTTGCTTCGGTTGTTGGGTTGAACTATGAAAAATGCCGGGGGTATCTTCTTAGGAGCTGGGGTAAGGTGTGTTGCCGGATAATAGGTATACATATTGAAGTTAAGAACGATGCTCCTGAACCGCCATTTTTGTTGGTTTCCAACCATCTGAGTTACATTGACATTTTCGTGCTATTTTCGCAGTTAAGATGCCTTTTTGTGGCAAAGAGTGATGTAAAAGCCTGGCCGTTAATCGGTTTTATTATTAGAACATGCGGTATTTTATTTATTGACAGGAACAGAAAACGGGATGTAACCAGGGTCAACAAACTCATCTCTAAAAATATAAATACCAATCAGGGCATTATCATTTTTCCGGAAGGGACCACCA
NZ_CP175953.1_gap80	2357464	2362459	4995	AAGCTTTAGTCATCACGAGATTGCTGATAATATTTTAAACTAAAAATATCTTCCTTTAGGTTTGAAGTTCTTTAACTACTTTCTGTTCCGCTTTTTACTTTTTGTATTGATGCTGTTTGGGCCCGTTAACCTGGCGGCCCAATTCTACCCGGCAAAAACATATTCCATTGTAGATGGATTGCCCTCCAATGCCATCTATGATGTTGTTCAGGCAGATAACAGCGTTATGTGGTTTGTTACATCCAAAGGTGTTACAACCTATGATGCACACGAATGGCAGGTATTTCCGGATAGTTTGCAGTTACCCACTTACCTGAGTACCAAAATTGTTAAAAGCAGTGACGGACATATTTGGGTTGCAGGCAAAAACGATACCGAATATGTCATTAAGCTTTTTGATGACCAGAAGTGGAGTACCATTGCATTTCCTGAAACCTGGAGAGAGAAACAGTCTGCTTTTTCGTTTGAAGTTATGACGACCGGAGATCAACATAAGATCGTATTGGCCGGTATGCGGGAAGTGCATCTATACTCTACAGAAACCAAACAGTGGAAGCAGCTTACATTTTCCGGAGGGATTAATCCTGCAATCAATTCTACAGTTAATATCGAAGACCGTGTCTATATAAACACTCGGAAAGGACAATTTGCTATAGAAAATTGGGAGATTGTCAGAAGTGAATACGCGCCTTATTTCCATGAATTTCAGGATGTACTCACGGTTACAAAGAAAGACAGCATTCTGTATGTATTAGGGTTCGATTGGCTGGCAAAAATTGAGGATGATAATTTTAAGCTGCTTTCAGACAACTTGGGTATAAAAGTTCGCTCTACCTATAACCGCCATTCTTTAGTGATTGATCAACGCAACAGGATTTTCTTCAGCAGTAACTCACGTGTAATGCAATTTAACAGCGTGACGGGCAAAACCATACCACTTGAAGTGAATGGGCGCACCAATAATATCTTCTCCAACAAACTGTACCTGGATAAAGAACAAAATATATGGTCGGTTGATAATCGGGGGTTGTTCAAGTTTAATATCCTGAATTTTAAAAGTTATAACAGAGATTCCGGACTTGCTGAAAATGAGGTAAGCGCCATTTTTGAAGCAACTGATGGTACGCTATATATAGCTAACCCTTCTCACCTTCATGTTTTGGAGGATGGGCAAATATCCAGGCAATATTCACTCAAAACAAATCAAGACAGGCCAACTCGGTTATCGCAAATAACAGAACATTATGATGGTTCTCTTTATTTAGCGGCTGGTGCTGCAGGTTTATACCAACTAAAGAACGGAGCATTATCGCCAGTATTTGAAAGTCATTCCATCCAATATGTTACGGGAGTACAAAGCTTTGATGGGCATATTTATTTCTCCAATTCGGAATTCATTTACCGAATAGAGGAGGATGGTACATTCTCAAAATTGAATGAAGAGGCCTTTTATTACATTCGCAACATTGTTGAATTAGATGAAGATAAATTGGCTTTTCTTAGTGCACGGGAAGGTTTGTACCTCTACAAAGATGGAGAAGTAACGAACTACAATTCAGGCCTGATTAACTACAATAACATCTACGATGCTGTTTATTGGCAAGATCGCCTGTTACTTGGTACTTCAGCCGGATTAGCCACTCTGGATGGAGATCAGATCACTCCATTTCAAATCAGTAATTTTGATGATGTGGTCTTTTCTTTACTGGTTGACCGAAAAAGTCAGTTGTGGATTGGTACTTTTAACGGAGTGTTTAAATGGGATGGCCAAACTCTGGAGCAATTTTCGGTGGCACAGGGACTGACAGGAAATGAAATCAACAGGAATGCTTTAATACAGGATAAAGAAGGCGATATTTGGATTGGCACCGAACTGGGAGTGAGCGCTTACGATGAGGACGAGGATATGTCGGCCGAGAAAGATCCGGACTTATACTTTACATCCGTTCGTACTGAAGATAATCGTGAATTGACTTTAGCTACTTCCCCTGAACTTGCATACACTCAGAATACGCTAACGTTCCGGTTCAAGGGAATCTCTTTCCTATATAATGACCGTATTTTTTACCGCTACCGGCTTTCGGGATTGGAGGACGACTGGAATTTCTCTAACAATTTTAGCAATCCCGGTGTCACCTACCGAAACCTCGATTCAGGCTTTTACACCTTTGAGGTGCAGGCACGGAATGAAATCAGCGACTGGAGTGAATCCAGGGAATTTACCTTCACCATTGCAAAGCCTTTTTACAGTACCTGGTGGTTTTTTGGTTTAGCCGTCATTTTGTTCGCTGTGATTATATACATAGCTCTTCGTTTGCGCTATCTGTATTTGATTACCAAGCAAAAAAAGCTGAAGGAAATGGTTGAAGATCGAACCCGAAGTATCACCGACAAGAACCTTCAGATCAAATCAAAAAATGAAGAACTGCTTCAGGTTAATAAAGAACTACATGAAAAGACGGACTCACTGAATTCGGCTTTAAATAAATTAGAAACAGCACAGGTTAAACTTGTTCAAAAAGAAAAAATGGCTGCTTTAGGGGTTTTAACAGCCGGTGTAGCTCATGAAATCAACAACCCTGTCAACTATATTAAATCTGCTTCAGAGCTCATCAGCCAGATGATAGAAGAGGAAGACGATAAACTGGTTATCGAAGAGAAAGAGGTTTTTCAGGAAGTGTTCAAAACCATTGAAATTGGTGTAGGGCGCATTGTGTCAATTGTAAGGAGTCTGAGTTCATTCAGCAGAACGAATGAGACTGACAAAGGTGACTGTGACATCAATAGTATTTTTGACGAGTGTTTGCTGATTTTGAAAAATGAGTACAAAGGCCGCGTAGATATTGTGAAAGACTACAGCGAGAAGGCGGTCACCATTCAGGGCAATGAAGGCAAGTTATATCAGCTGTTCACTAATATCATTATGAATGCCATCCAGGCCATAGAAGGAGAAGGGGTTGTTTCTATAAAAACTTGGAATAAAGATCATACCGTTTATATTGAAGTGAAGGATACCGGGAAAGGGTTTGACGAAACCGTAAAAGAGAAATTGTTCGATCCCTTTTTCACTACAAAAGAACCAGGAAAGGGTACCGGATTAGGTTTATCCATTGCTTATAACATTGTGGAAGAACACAACGGTGAAATTCATTATGATTCAGCTCCCGGTGCAGGGACTACCGTAACCGTTAAATTCCCTGAAAAGCAGGTTAATGATGTCGTCTAAACCGTCCATACTGTATGTAGATGATGAACACATCAATCTTTTCTTATTTGGCAGGTTGATGGATAAATACTTTAAAGTTATTACGGCTATATCAGGGCCCGAAGGTTTGCAAAAACTGGAGAATAACCCTGAAATTAAATTGGTTATTACCGATTTAAGAATGCCGAAAATGGATGGCTTGGAGTTTGTCAAAAAAGCAAAAAGCCATTTTGGAAACATCCCTTATGTGATTTTATCCGGCTTCGAGAAAAGCGATGAGGTCAAAGAAGCCATTGATGAAGGTTTGGTACAGGAATACATCCAAAAACCGTATAGTTCTGAAGTAGTAGCAAACCGGATCATGGAATGTATTTCAAACTGATGATCAGGGTTGCCCACCCAATTCATCGTATCTTTTTCTGAGCAATTGCACATCTTCCCAGGTAGGCCGCTTGTACTTTTGGTTATAGAGCAAGGCTGCCGGGTGATAGGTAACCATCAGTTCCCGCCCATGAAATTCATGGAATGTGCCTCTCAGATTACCCAAAGAAGTTTCTTTATCCAGCAGGGTTGTTGCTGAGATCCTTCCCACACATAAAATGAGCTTCGGATCTATCAGTTCAATCTGCTTAAGCAGGTAGGGCAGGCTTCGCTGACGTTCTTCCGGTTCCGGGTCCCGGTTATCAGGCGGGCGGTGTTTTAAAATGTTGGCAATATAAATATCAGACCGTTCGAAATTGATGGCTGCCATTATTTTATCCAACAGCTGCCCGGCCTGGCCCACAAAAGGCTCTCCTTGTTGGTCCTCGTTGTAACCAGGAGCTTCTCCAACAATCATCAGGTCGGCTTTAGGGTTGCCTACACCAAATACAAGATTGGTACCTTCCAGGTCTGTTTTCAGTTCTTCAGCTTCCTCACAAAGCGCTTTAAGTTCATCGAGCGTAGAGCATTCCTCAATGAGTTCTGCGGTTGATTTCTGAACCTCAATTTCCGCTTTGTTTTCTTCAGAAACTTCGGCCTGTTGCTGATTCTGTGGTTCAGATTTATAGGGCGTATCCGGCTCTTGAACCTGTTTATTTTCAATCTCGGATTTGTCCTCCACCTGCACGGAAAAATCACCATACATTTCCCGTTGTTGTTGAAGAAAACGGGTGGCTTTTTTTAAAAATTCTTTAGGGTCGTCCATGAATTAGCTGTTAAAACGATTTTTTACCATTGACTAAGATAAAGCCTGCTCACCACAATTTCTCCAACATTGCATACAGAACTACTCCGGCTGCCACCGATACATTCAGGGAATGCTTTTGCCCAAACTGTGGAATGGCCACAAAGCAGTCGATATGGGGAAGCAGTTCATCATCAATTCCGGTGACTTCATTCCCCAAAACAATACAGATTTTATCGTATGATTTCGGATCAAAATCAGGCAGGGAAACACTATCTGTGGTTTGTTCCAGTCCGGCTATATAGTATCCTTCTTTTTTCAGCTTTCTGATAGCCTCAGTGCCTTCCTCCACATACGACCACTCCACAAATTCCTCAGCTCCGATTGCTGTCTTATTGATTTCAGGCCGGGGTGGAGTGGGAGAATAACCGGAAAGCACAATCTCTGAAACCCCAAAAGCATCTGCTGAACGAAATATTGAACCCACATTGTGCAGGCTCCGGATATTATGAACCAGTACCTTTAAGCTGCTCAGCTTTTTGGGAGCTGTTCTGGAGAGGTTCTCCTTAAGAATTTCTTTCGTAGTTAGTTTGTTCAAAGCCAGTGAATAGTTTAAAATTTCTTC
NZ_CP175953.1_gap81	2396960	2400219	3259	GAAGATGAAATCCGACTTCTTGATCGTTTAACAGATGTTTATGCTACAAAAAAAGATCTTACTGTATATCGAACATGCTGCGATTATACTTTCGAAAATTATATAGATAATAATGACGTATTTACTTACCCAATGTTTATGTCCGTTAGTATTTACAAAGAATATGTAGCGAAAAAATTCAGTGAGCAAGATTGTAAGAATTGCTTGTTGGAAATTACTTTACCAAAAGAAACAAAATTAGCTCCATTAGAAGGACAACCAGGCGAAACAAAAGAAGAACAAGAGTTACTGTTACCGAGAAACACTAAGTTTAAAGTTATAAGCAAAGATAGAATTAGTGAAGATGAGGTTGAAATTCTAATTGGGAAATCACCATTTAAAATAGAATTCAGTTACTTTTTTAAACTACAGAAAATCAAGTAGTGTTTGCCTAACAACCGCATTAACGGCGGACGCAGACGTGGCTTTGATTAAATTTATTGCCAATGATTGTTCAAATGAGTAGCCTTTTAAAAAATCATAATCCCTGCGCCGGTTATGCGGCAGACCGTTATACACCTTTGACGCGATTATGACATTTTATTGTCATCTAGATGACGTATCAAATCAGCTGATAAATCATGATATTTACATAAAGTTGTAACCAGATAAATAATAGAGATCATGCAACTGGATAATGCCAAACTAAAACAGCTTAGAGAATCAAATGCCTGGAGTCAGTCCCACCTTGCTGAAGTAAGTGGAGTTAGTATGAGAACCATTCAAAGAATTGAAAAAACAGGGGCTGTATCACCAGAATCAGCTAAATGTATTTGTGCTGCTTTTGATATTCAATTTGATGAGCTTTCCGTAAATGATAATTATCAGAAATCAGAGCCTTCACTTGCAGATTTACTGAAATTTAAAGTCATGGATATAGATAAAAAAGCAGCTCTTGTACCATTTATAGTTGCGTTCATTATAGCTTATGGTTTTGCATTTTCTATGGGTGTTGAGATATAGGTGTATAACATCTTTAAAAAGGACATTGTCAAGAGCACATAGTTTTCCCACCGTAGATAGTACGTTCTTGTGATATCCATCAAAGGTCGTGTATTTGTTCCACCACTAATGGCATGGTCGGTTAGGCGGCTCAATAAATCGATTCTTCTTTAGTTGTATTGTAAGTACATTGTAATTATCTTTGTATAGATATTTACAAATAATCAAAGCTATGAAAACCAAGATAATTCGTATCGGTAATTCCCAGGGAGTTCGAATTCCCAAACCCCTGATCGAAGAAAGTGGGATTACTAAAGAAATTGAAATGATTCTCAGAGACAATGAAATTATTCTTCGGCCTGCTGATATGACTCGAAAGGATTGGGAAGCGTCTTTCCAAAAAATGGCGGAACAAGGTGATGATGTTTTATTAGATCAAAAAGAGATTGAAAAACCTTCAGACTGGGATGAAACTGAGTGGACATGGTAAAAGTAAAGCCAGTTAAAAGGTTTGAAGTTCATCTGATTTCACTTGATCCCACCAAAGGTTCTGAAATTAAAAAAACTCGTCCCTGTTTGATCATATCTCCTGATGAAATGAACAAGCATATCAGAACAGTGATCATTGCTCCAATGACATCTACCATTAAAAATTACCCAACGCGAGTCACTACTACATTTCAAGGCAAGAAAGGACAAATTGTATTAGATCAGATTCGAACAGTCGATAAAAGCAGATTGATTAAAAGCCTTGGGACAATTAGTTCTTCGGCCGAAGAAAAAGTATTGAGTACATTACAAGAAATGTTTGCCCCATAAATTCCCCACCTAACAAGGCGTTTTAAATCGGACGCGGACCTGCCTCAGCCGGCAGGCAGGCGGAATTCGATGGAGCTTGATTGCCAGAAATTAATTTCGCTACTTCAACCAAATCATAATCCCCGCGCCGCTTAAACGCCGGGTCGTTACACCCCAATTTTAAACCTTGCCAACTCTAAACCCAAATGAGGTAGTCATGCGAAATCCATTCTTACACGGTGTTGGGGGAGGTGGTTAAACCTTTTCGAGGTTCCTGCGTAGGCAGCCGTTTCTATCATCACAAAAGAAAGACATGAATAAAGCATTAGTATTAGGCGCCAGCGGTGCCACCGGTCGTTTATTGGTGAAATTGTTGCTGAACAAAGGGGTACAGGTAATCGCTTTAGTCCGGAAAGAGGGATCTCTCGCTAACATCATAGATTCCAATGGGCGATTAGATATTGTGGAAGCGGAAATATCAACCATGCAGGATCAGGAGTTAGCGCAATTACTTGCCGGATGCACTGCTGTATTTTCGTGCCTGGGCCATAATCTTACCCTGAAGGGCATATATGGGCATCCCCGGCGGTTAGTCACCGATGCGGTTGCTAAAGTGGCCAGGGCCGTGGAGCTGGTTCAGTCAGATCACCCAATCAAAATGGTTTTGATGAATACCACCGGCAACAGCAATCGGGATATACCGGAAAAGCCACCGTTTTCTCAAAGACTGGTTGTTGCCTTATTGCGGCTCATTCTGCCACCTCATGTGGATAATGAACAGGCAGCAGATTTCCTTCGAGTCCAGATTGGTCAGGATCACCATAAGCTGGAGTGGGTGGCTGTGCGACCCGATGGCCTGATTGATGAGGAGCAAGTCAGTGACTATGAAATTCATACTTCCCCGATCAGAAATCCCATTTTTGATGCCGGACAAACCAGCCGAATCAATGTAGCCAACTTCATGTCGGAGTTAAGCCTTGATACAGACTTATGGAATACCTGGAAAGGGCAGATGCCGGTTATTTATAATCGCACGCAGGTGTAGTATGATATGAATTGCGATTGATCGATGGACCGAATGATCGATTTGCGATCTGTATGACTGGAAGCTTGAGCTTTGGGACTTTGAAGGAGATTTTATACAAGTAAATAGTAGTAATCGTCTCAAAAAGCCAATCCTGAACATCCTTAAATCCCATAAATCAAGGTTCACAACCGAATGCATGAATAGGATAATAAAGTCTAATTACCGCCCATTTCCCCATTCATATGATCCATTACCTGACCAAAAAGATAAGCCCCGGCAACTATCCGGGGCTTTTACCATTTTAGAATTAGGATTGTACTTAGCTCATAGGTACAGTACCCGGAGCAATTTGACTTCGGAAAATGGCTTTTCCATTTGGAGTGGTTACAAGGGTCCCTGGTTTTGAAAAGTAGATCACACCCTCTATTAGAACAGGAACAACATAGGTTCTTA
NZ_CP175953.1_gap82	2401394	2402879	1485	AGGGCTTCTCTGCTTATTTTCTCAACTTCATCTTTAGACCGCGCCTTGTAGGTATGCCCGGCATGGCAATAGAACCCCGCCGGGTAGCAATGATCAGAACCTTCGATAGCATTAAGCAGTGACTTAATCTTTTCCAATTCTGAAACCGGGACACCGCTTCGTCCATAATCGGGATCAATTTCAATATAAAGGCCGAGTTCATTATCCAGTTTTTGGTCGATTTTTTGAACCACTTCCTCAGAAATAACCAGCGTTTTTATCGAACCATTGGCGGTGATTTTATTATAGTATTCATGAGCTAAGGCATTGGCAGGGAATGCAATAGTAATATCATCCCATCCATCATTTAGAAAGTATTCAGCCATTTTGATCGAGGAAACCGTGATTCCGCTTACCCCATATTCTCGAAATATTCTTCCGATAGCTTTGGATTGATGCGTCTTAAAGTGAGGACGAAACTCAACTCCGGCTTTTTCAGCTTTTGAAGCCATGCGGGCAATATTCGACCGAACGATGTCGAGGTCAACGTAGAGAGTAGGAAAAGGCTGCATCTGATAGGTGCTAGTTTTTTGAGTTGAGTCTTTTTTGGAGGATAGTTTTTCTTTCCGACTCACTCAAACCATCCTCAAAATCAAAAAGAGCCTGTTCCCAGGAACCATAAACAGGGTTTGGGAGGATAAACCAGCGTCGGCCAAACCAATCGCTGTTTTCCTGTACCAGGCCGGCTCGCTTTTTCTGTGTAATACCTTTTGCAGGGAGGAAATCATTTAAATCATCTCCTATAACCATTACCACACGGTAATTTTCTTCTACTTGCTGGCGGCGTTCGGTTTTAGAGGAGTTCCAGCCGGGTTCCTCACCGTTTGTCATGATGTTATCTATGGAATTAGAAACGGGGAATCCTTCTTCAATCAGGTTTTTGCGCGTTGCTTCTTCTACTTCATAATCACGGTTGGTGATATAGAAAATGGTTACGCCACGGTCGGCTGCATAATTGGCAAATTCCACCGCTCCGGGCACGGCCTCGGCTTTGGCTTCCTTACACCAGGCGTTCCAGTCTTCGATATTGAAATCTTTTCCCTGCTTTATCATCCGCGCCTGAATTGGGGAGTTGTCGAGTACTGTTTCATCCACATCCATGATTATAGCGGGAGGCAGCGACATAAAATTGTCGTCCTCTTCCTGATTCAAAGAAGCCGTCCAGAATGAATCTTCAAGTGGAAGGGGAAGGGTTCGCATGGCCGTGGCGTACGTCTGCATAGCAATGGCATCATACTCAGCTGCATTTTGAACCCACAATGTGGCTTGAGTGGTGGGATCATCATTAATCGTACTTTGTTGAACGGTACTGCAGGAAGCAAGGAAAAAGGCAGAAAGGATCAGTGCGTGTTTCAGGTAGTGCATAAAGGATGTTTCTTTGAACTTTTTGCCAAAGATAGGAAATCGAAACCAGAGCTAAACAATTTTAAATGGAAATGTGATAAG
NZ_CP175953.1_gap83	2408962	2410096	1134	TCAGCTTTCGGGATTTCTGCTTTCCAGCTCCCGCTGCATCTGCTTACTGTTTTGATAGGTAAGTACGAGATCAGCTATTTCCTTTAATGTAGCCCGTTCTTTACGCACCATTTGATTGGTAAACTCATACAAAGAAATAGTTTGCCTGCCTTTGGTAATCTCTCTCTCCCAATCAATTAGGTTTATGTTCTTAATCAGGTTTAAGATAGCAACCCGGTGTTTTGAAATTTTATAAAGCAGTTTCTGAATATCTTTAGCCAGCTCCTCATCTTTCTCAAAAGTCTCTTCCGGATCGGTGTAAGCATTCAGGTTGATAGGCCTTACGCTTTTAAATGCATCCTCAATCACTTCCCGATAATAATTTTGCTGGGCGTGATCCAGGAACATCAGGATTTCAGCGATGGAGCGTCTTCCGGGAGGAGTTTCATCATAAGGAACAGAATCAATTACATATTTGAGTGCTTCAGCCTCATGTTCAAGGTAAGCTACATCATCAATAAGGGAATCAATCTGGCTCTGTTTTATATCCATCTTGTAAGAGTAATTAGGTATTCCAGCTGGAAGATGCCGGGGTTGAATCATTTTTTTCCTGCTGCTCAATCATATCAACCAAAGACAATCCCGTGTTCCAGTCTTTGTCTCTATCTCTTACGGAGTGAATGTTATTTTCTTCCTGGAAATCCCAGAATGAACCAAACTGACGGTTCCTATAATTCTTCAGATACTCAAGACGATCGGCTACGTCTTCTTTAGGTACAAGTAAACGCTCTTTATCATAGATGGCATCTTCTCTGGACTCAAATACAATATCGTAATCCTTACTCATCACGATAGCTTCTTCGGGGCAAACTTCTTCGCAATACCCGCAATAAATGCACCGCAACATGTTAATTTCGAAAAAGTCAGGATACCTCTCCTTCTCATCTTCGGTCTCTTTGGCTTGCATGCTAATGGCAAGCGGCGGACAAGCACGGGCGCACAGCCCACAAGCTACACAACGCTCTTTGTTGTGGTCTTCAACCAAAACCGGACGACCCCGGAAAATTGCCGGTGGATCCCATTTCTCTTCCGGATAATTGAGCGTAAATGAGGGCTGAAACATTTGTTTAAAGGAATACCACATTCCCTTCAATA
NZ_CP175953.1_gap84	2577132	2580425	3293	GATAAATACCGATTTGTGTTAATGCACGCGAAAGTACCGTTGTTGCATCCAGGTGAGTAAAGGTGGTAGCCGGAGCAGGGTCAGTTAAATCATCGGCAGGTACATAAACGGCCTGAACCGATGTAATTGATCCGCTCTTGGTTGAAGTAATACGCTCCTGAAGGTCACCCATCTCGGTAGCCAGTGTTGGCTGGTAACCTACCGCAGAAGGCATACGTCCCAGAAGTGCAGACACCTCAGAACCGGCCTGTGTAAATCGGAAAATGTTATCAATAAAGAGCAGGATATCACGGGATACTTCATCACGGAAATATTCAGCTACTGTTAGCCCGGACAGTGCTACTCGTGCACGTGCACCCGGAGGCTCATTCATCTGACCAAATACCAGAGTAGCCTGAGATTCTTTTAATTTCGTTTTATCTACTTTGGAAAGGTCCCAGTTGCCCTCTTCCATAGATTCTTTGAATTCATCGCCGTAGTTGATAATACCGGACTCGATAAATTCACGCAGAAGGTCATTTCCTTCTCGGGTACGCTCACCAACACCGGCAAATACGGAAAGTCCACCGTGCTGCTTCGCAATATTGTTAATCAGTTCCTGAATCAACACGGTTTTACCTACACCGGCACCACCAAACAATCCAATTTTACCACCCTTGGCATACGGGCAAAGCAGGTCAACAACTTTGATACCTGTCTCAAGCATTTCGGTTGATGTAGCAAGCTGATCAAAAGCCGGAGCCTGGCGGTGAATTGGGTAAGAATTTTTTCCTTCCGGGGCATCGATTCCATCAATAGAATCCCCTACTACATTAAATAGTCGGCCTCGGATATCTTCTCCCACCGGCATAGAAATAGCTTTACCGGTGTCAACAACTTCCATACCGCGAACAAGTCCGTCGGTAGAATCCATCGCGATGGTACGCACACGATCTTCACCAAGGTGTTGAGCAACTTCAAGAGTTAGGGTTGAGCCGTCTGTCATTTTAATCTCAAGGGCGTTGAGAACAGCCGGAGTTTTACTTTCAGAAAAATCAACATCAACTACAGGTCCAATTACCTGCGCTATAGTTCCTTTATTCATGTGCTATATCGCGATTTTGTTAGTTTTGCTTTGATGAATTAGTAGCCTGAATTATGCACTACTGCAAAGGCTGGTAAAGATAGGCAGATACATAAAGAGAGGCAATCAAAATTCTTATGAAATATTACAGACAATTTTGATGCACCCGTTTAGTTTGTTGAGCATCATTCTCACATTAAAATGCGGGTTTATTTACGCCCTGCTATATTGATGTTAAACAACCCATTAATTAATCCAGTGAATTATGAACACCCTCCTATTTGTGCTCTTCCTTTTTGTGAATGCATTCCCGCCTACCGACTCCCTGCTTACCACCTCTCAAATTGATGAAGTAACCGTTTACAGACAACAAGCACAGATTCAGCGAAAGGCCACCCTCAATTTAAAGGCCGGAAAAAATATCGTTGTATTTGAGCAGCTCACCCCTTCTATGAATCAAAACAGCATTCAGCTTAAAGCGGATGGACAGTTCACGGTTCTATCCATAACGCAAAGGTATAACTATTTTAAATCTCAGCAACGAAATCCACAGGTCTTACAACTTGAACAACGAAGAGACTCTCTTCAGCAGGAAGTTACTTTCCTGGAATCGGACCTGAATGTGATACAACGGGAAATGAGATTATTGGAAAGCACCACCTCAGATGTGCAGAATCATGAGTTGACAGCTGCTGAACTCACCCAATTTCTTGATCTTTACCGGAGCCGGGCATCGAAACTTGAGCGAGAGAGAATCTCCCTTTCCAAAAAACTCAATACCGAAAGGGCCGAACTGAATAAAATCATCGCTCAGATACGGGAGTTGAGCGGGAGTCAACGTAATCGGTTTTCTGAGGTAATTGCTGAAGTGAATTCGGAACAGGCTCAAACCTTAACCTTTACTCTTAGTTATCTGGTCAGGTCTGCCGGGTGGTCACCTTCTTATGATATCCGTTCGCAGAGTGTTTCGGAACCATTACTCATCAATTACAAAGCAAAAGTATTTCAGAATACGGGTATCGATTGGGATGATGTGAGTCTTACTATCAATTCAGGAAATCCATCAGCCGGTGCCACATTACCAAATATTTCTCCAACCTATGTCGATTTTGTTCAGGCCTATCCTCAACCTGCCAAACAGAGTATGATGGATGAATTAGTTGTTACGGGATATGCAGAATCTGATGCTGCCAAGCGAGCTGAGGTAGCTATGGAGGCTCAGTTACCAAGCGTTGACTTCACCCAAAACCAAACATCATTCAGCTATAAAATTAACACTCCATACACTGTTCCGTCAGACGGGAAAGCCCATAATGTTGAAATTAAGCGAGCAGAAACAACTACGGATTACAGCTATTCAACCATCCCGAAGCACGCGCAACATGCCTACCTGATCGGGAATATATCGGACTGGGATGATTTGAATCTGATTGCCGGAGAAGCCAACATCTATTTCGAAAACAGTTTTATCGGTACAACCCGAATAAACCCCAATTCATTTGATGACACCTTGTCGGTTTCACTTGGCCGTGATGAAGGAATTATTGTGGATCGTAATAAGCTTCGGGATTTTGAAGAACGAAATTTCTTCGGAAACAGAGTCAGGGAAAAACATGCCTGGGAAATTAACATCCGGAACACAAAGTCCGAATCTATTACGATAACGGTAAAAGATCAGCTTCCGATTTCCGGAAACGAAGACATAAAGGTGAACGCAAACCGGCTTAGCGGAGGAAATCTGGACAAAGAAACAGGTATTGTAACCTGGACCTTAACCCTTTCCCCAAACAGTTCCGAATCGTTGAGATTTGACTATCAGATCGAGTATCCGTCCGATCAAAGGATTAGCTACTAAAAATCTTATTAGTAGTTTCAAAATTGAAATGAGCCGGATTCTGAATAGCGCAGGGCTGAACCCCATGCTTGCTTACCGGATGAGATTGGGAGCTATTCATGATTTGTTGGCACTAAAGAGTACTGGTTCCGCTGCGGAACCCCAATGCGAGGCTCAGCCTCAGAATTGGCTGGGTTAGTTGGTATTTAGTGATTAGAGTTAACTAATTTGAGAGAGAGATTTCGGGGGACGGAAAGTGGTTATTGAGGAGGAGCCTCGGGCGGGCATTACGGAGCGGAGCACCCTAACGAGAACTAACTAACTATTCATGGTTGGGTGCTATGGATACCCCTGTTTCCTGTAAACAAGCATGGCGTTCACGGCTGGCTTATAGAG
NZ_CP175953.1_gap85	2775483	2779907	4424	AATCTTCCGGAAGACTGATAGAACATTGAACAAGGAACACCCAACATTGAACTCAGAAGTTTTTACTTTTTGCGTTCGATGTTCCTTGCTGGGTGTTCAGCCGCCAAGCTTTTTCGTTGGGTGTGATGGTGAAGCTCCATAAGATGCCGGCGAGCGCCATCACTCCTCCATATACCATGATGAGCGGTTTAACGGTCATCAGACCGCTTTCCAGGATCAGGGAGGCAATGACCACCGAAAAGGAATTCCCAATGGTAAAAAGCAGCCATTCTGTGCTGAATATTCGTCCGCGAAAGGTATCCTGTGTTCGTTTTTGAAGGAGTACGGTGCTGGAAACCCAGTTGGCTCCGGAAGCTGCATGGGCAAAAAGCACGAATAAAAGCATTAGCCCAATACTGTTTACCACCCCTACCACCAAGTACATCACCCCGCAAAACGTAATAGCGAGCCCCATCAACAGCACCCAGTCTTTTTCTTCTCGAAAGATCCTGCGGCCTATAATGGGGCCGATTCCTGTTCCAAATCCCCGGGCGGCATACAACAATCCCAAGCCAATACTTCCCATCATCAGCACTTCTTCACTGACAATGATCAAAAGATATACAAGGCCTCCCAGAAACACCGTGGATGTGCCTTTTGCCAACGAGGGGCGAAGAATGTGGCGGTTTTTCACCAGGTAACTGAGTCCTTCTTTAATGCCCTTAAACGGGTTACGGGTACGGTACATTTCTTCCTTCGAAAGCCTCTTCTGAGGGATGACAGCCCTATACACAAACCACGCCGATATCACATAACTGAAGCCATCCAGAATCAGTACATTGGTCGTTCCCAGCCATTCGGTAGCAAAACCACCAATGGCCATCCCCGTGGTAAAAATAATACTCCAGCTGGCCGTTGAAATAATATTGGCGTTGGTGAGGTTACCCTCGGAGGTAACATTGGGGATGGAGGAGGTCTTGGCCGGTTCAAAGACGGCGGAAAGCATCATCTGTACAGCGGTTAGAACATAAGCCAGCCAGAGTGTGGCGGCAGAATCTACAAATATAATTCCGACAACAGCTACCCCACGCAGTAAATCACACCAGATCATCAGCTTCCTGCGGTTGAAGCGATCGGCTAAATAGCCGGCGAAGGGTGAGAACAAAGCCAGGCTCAACATTTTAACAACGATTATCAGCCCAAGCAGAAATTCGGAATCGGAATAACGACCGATGATGGCATACAGGGCAAGCAGTCCAAACCAATCCCCGAAATTCGATATCGACTGAGCAATCCAAAGCCGACGAAAATCTTTGTTTTCTTTTATGAGGTTAAGGTACGGGCGGAGGTTTTTGGTCATAAATATAGCCGTCAGCTTTCAGACTTCAGCTGTCAGCAACAAATTTGAACATTATGAACATTAAGGTTTGTATTGATGACTTCTTTCAACAAGCTTGAAGGTTCTGTAGATAATCCTTCAACGTTCAGTGTTGGTTGTTCCTTGTTGGGTGTTCAATTCATTCAACGCCGGTGCTGCCAAACCCGCCTTCTCCTCGGTCCGTTTCATCCAGCTCATCTACTTCCAGCAGCGGGAGCTGTGTAACCGGAGCAATCACCATCTGGGCAATTCGATCTCCATGATTAACCACAAACTCCTCCTCTCCGTGGTTAATGGCTATCACTTTCACTTCTCCCCTGTAATCCGCATCGATGGTTCCCGGAGCGTTCAGCATGGTAATACCATTTCGGATGGCCAACCCGCTTCGTGGCCTGATTTGAGCTTCATACCCTTCAGGCAGGGCCATCTGCAATCCGGTCGGGATTAAGGTCCGTTCTCCAGGTTTAATCACGATGGGTGTTTCCACCGCAGCGCGCACGTCCATTCCGGCAGCGGCCACCGATTCGTAGTTTGGAAGCGGCAAGTCTTTGGCGTGATCCAGTTTTTTAATTAATACCTGTTTCATAATTCTTCGCGTGTGTATTCAATCATTCGTACGATTACATTTCCCCATAATACCTTCACCCTTGCTTCCAGCGGCACCCGGAGATCATCATCCAGAAACCAGGCTCTGAAATCGCCGGAGAAGCCAAACGGGCCTTCAATATTCTCCGTGGTTCCGTTCATCAGGTAAGCCTGTATCGGGCCGTCAAAGGAGGCATAATTTCGCTTTTCTTTTTTGAGAGAGTTATCAGCGTAAATGTATCCCTTTTTCTTGGTCACATACACCGGCAGGGTGTAATCTTCCTCGCTCCCGGCAAAGAGGCGTGAAAAATAAAAGATGAGGTGACCTGAGGTAGCGGGATCTTCCAGATCAAGCGTATCCCGGGAATCGTCTTCTTCGATGTAGTACACCTTGCCGATATCCCGATCGAACCAGTATTGAATTTCATCATACTCCCCTTCATCAATATTATCTTTCCAGTACTTCACTTCTACCGGCAGGCCTTTTTCATTCACATAAAACAAACTGTGAAACCGGTCCAGCTCATCTCCTACAAAAGGAATGGATGGATTCGACTCAATTTCTGTAAGGATGTGATTCAGTTCCCGCCCTTCATAAGTGGTGTCGCTCAACAGTTCAACATTCACCCAACCCAGCTTCAAAAACCCATACTTCACTTCGTACCGGAAGGTTTCCTTCACCGAAAAAAGCTCATCCATAGTTGGGGGTGTGGAGCTGGTATCCGGAAAGGTGTGCTGTCCGAAAGCGGGAGCCGTCAACACAAATAGTAATATGGGGAGAATGATTCTGGTCATAAAGTCAGTTTGCCAAAAGGCAGGATTCGGACAATTATTTCTCCTCCGGTTCCTCTTCGGCTATAAAAGCCTCAAACGATTCTTCGTCATAGCCCACCAGCACCGATTCATCTTTCATAAGCACCGGCCGCTTGATCATCACCTGGTTTTCCAGCAGCTGCTCAAACAATTCCTCTTCTGACAGATCTTTATCGGCCAGGCCTAAATCTCTCCACTTGCGGCCTCGTTTGTTCACCAATACCTCTAGTCCCACCTTAAACTCCAGTTCCTTCAGCTCATCTCGCGTCAACGGGTCTTTTTTTACATCAATGAACTCATACTCAACGTCGTGTTCGTCCATCCATTTTTTGGTATCTCTGATCTTGTTGCAGTTTTTTATTCCGGCAATATGAAGCATCGTAGTATTATGGTGAATGTTTTGTATTTTCAGTGAGGGAAAGATACGGTTTGTTTCCTGAAATTCGAACGTAATGAACGCCGAGTTCGTGCCATTTTATGCTGAAGTTTTTTACCTCTCCGTTTTTACTGATCTCGCTGCTCCTGCTGATGAGCTGTACCCGTAATGATGCCCAGCGCGACTTCGAAAAGGAAGCCTATGCCCAGCCCCGGAATTATACCGAAACCACCAATCAGGGTGCGGTACAGAACCTGGATGAGGACGACTGGCGCACTTCCCCGCTTTTCCAGGGACTCATTGAGATCGTACCTCCCTACCCCAACCCGGTTACCACCGATCAGGCCATCCAGTTTGAGGTGGAAGTGACGGGAGTACAATCCGTAAACGGTTTGGAAGTGTTGGTGAGGCTGCAAGACAACACTTTCCGCACGCTCTACACCGATTTTGAAACACTTCAGCCCGGACTCACTACTTTTCAGATCAACCCCATCGAATTCTCGGAGTTTGGAAATCCTGAGGGAGCCCGCGGGCTGAACCGGGTGTACATCTTTAGTGCCAATCAGCAGATGATATCCTACGGGGATATTATGGTGGAATAGGTTAAGAACATCCAACACGGAACATCCAATGTTGAACGTAGAACGGTTTGCAGGAGGTTCGTGTGTCATAGCTTACTCTTACTTCATTCTTACAAATGTTGGATGTTTACCGAATTCTCATAAGATAGGCCCTGTTGCATACTATTATGTTATACCTTTATCAGAATCTGATGCTGAAGATAATTTCTAAATCAATATTTCTATTGCTTTTCTTGTATTCGAATACTTTGTTCGCCCGGCAACAAGTGACAATTACAGCAGGTGATACAACAGTTGTCAATTCAAGACTTATCTCATTTAATGCTTTTGCAGAGGCTGTTGGAGTTGACATCTTGAGTGAAACTGAGTACTCAGGTACAACTCATTTAAGATTGTGGGGACCCCTTTCCCATAGTTTTGCAGCACGATTTTTAAATATAAGTATCGAATCAGATCAGATATCAGGTAAATGGTATGCCACATGGATCAATAATTCCAGGCAAAAAAGTAGAAAAGAACTCTATAAGAAGTGGAATTGTACTTCTGACATACGCACAGTTTCAAATGACTTTGGATCACGATCCGGATGCTTAATTAAAGAAGCGTACAGTGAAGCAATCCGAAGTATTCGAAACCTTGTGTTTGAATCAGGTTTTATTGAATTACTTAATCAACCGATTGATAGACGAATTCAGTTAGACGGTAAAAGTCT
NZ_CP175953.1_gap86	2792705	2796193	3488	TTCTGAATGATCAGGTGATCTCGGAATCTCAAAGTCCCACTCTGATTTATGGAGGTAGCGGCGGTTTAAGTTTTATATCCGCGGTTCGGTCCGATTTACGGGAAGCCGTGCGGGAAGAGAAACTCTCTCGTGAGAATGTGTCGGATAACATCCGGGAAATTTTTGAGACCCGAACCGGACTGGAAGCCGTCAAGCTGACCGAAGAAGGGGAATCCGAAGATAACACCCTGTTTGCCTCTGCTCTGGGCTTCATACTCGGGCTGATGATCTTTATGGGCATTTTCATATACGGATCCCTGCTGATGCGCAGCGTGATTGAGGAAAAAACCAACCGGGTACTGGAAGTAATCGCTTCGTCGGTGAAACCGATTGAGCTGATGTTCGGGAAATTGTTTGGGGTATTGGCTATGGCCCTCACTCAGTTCAGTATCTGGATTGTATTCTATATCGGTCTTTCTATTGCCGCTGCGCCGGTTGCGGGCATGATTATGGAAGCACAGATGAGTAACATCCCGGATGAAGCTGCACAAGCAGCAGCCTCCTCATTCGATCCCTCCTCCCTGGAGCAGATGGTGGTTGACCCAATGATTTTTGTGAACTTCCTGATCTTCTTTTTCCTCGGTTTTATGATATACAGTGCCGTGTTTGCCGCTATCGGTGCTGCGGTAGAAACCGAGCAGGATTCCCAGCAGTTTATGCTGCCGGTCGGACTTCCGATTTTCGTCGGTTACTTCCTGAACACCAAAGTAATGGAAGCGCCCGACTCCGGACTCTCCCTGTTTGTTTCCCTGTTTCCGCTCACCGCCCCCATTAACATGATTACGCGGATTGCCGCATCCCAGGTTCCCTTATGGCAAATCATCGTTTCTATTTTGTTGATGATTCTGACCTTCCTGGGCATCATGTGGCTGGCGGCTAAAATCTACCGTGTGGGTATTTTGATGTATGGCAAAAAACCCTCCTTCAAAGAGCTCGGCAAGTGGATTAAGCAAAGTTAAACAGAGGGAATCCTATTACTTCATTTTATAAGGGACGGGCTTGCTCGTCCCTTTTTTTGGTTCAGCTTGTGTGGTTGCAGACAATTTCGCTATTTCTAAGAAATATCCCCACATGGTTAAACGCTGGGTCGTTATATGATTTATGATAAACGCCGGCTACAAGATTGGAGGTAATATGACACAATATATCGATGGATTTGTACTTCCCGTTCCACGAGTTCACCTGAATGAATACAAGAATGTGGCGGAAAAAGTAGCTGAAATTTGGAAGGAATATGGAGCACTCGCTTATTTCGAGTATGTCGGAGAAGATTTAAAGATAGAAAGCACGCGTTCGTTTATAGAACTTGTGGATTTAAAGGAAGACGAAGTAATTGTATTTGGATGGGTTTTATTTCCTTCGAAAGAAACTCGTGATTCAGCAAATAAAAAAGTCCCCAACGACCCAAGGATGGCGGAATTAGTAGCCCCGCTAACCAACCCTGAACGATTGATTTTTGATGCTGAACGAATGGTGTATGGAGGTTTTCAGTCGTTGGTTCAATCGTCATAATAATTTCAGGCTTCGGTCCTGCTACTTCCTCTTATACCCCGGTGTTTGTATAAAATACTTTGGCTCAAACAAGGCTTTGTCCTCCTCTGCATCCTCTTCCCGAAAAATAGAGAAAGCCCCGTTGTCCAGGTTAAAGCCGAGCATACGTCCCGATTTGGACTTAATCATTACCGTAGATGAATTCCGTTCAAAATCATACACATCTATCTCAAAACGGTGTTTTTGAATATCGGAATTCAACAGATGCTTGATTAAATCGTCTTTCTCATTGGTGTAGAGCGTGAAGTCTTTGCTCTTTGTGTATAGGTGAAAACAATGATAGTAATCGGATTTGTATTCATCCAAAAGCAGGTCCGATAACTGATATCGGTGCTCTCCTTTCACAATGATGGATGAGTCCGTTACCGCCAATTTTGATTTCAATTCAGCCCCTCCGTTTATCTTCGTAATAAAGGAAATGATCATCACCGCCCCAATCACAATAATGAATAGGGTCTCAATGGCGTGAGTTTCCAGGAAATCATTCAGATTAAAAACGATGTAGGTGAATGCAATCATAAAAATGAGGGCAAAAAAACCGGAAGCACATCCCAGAAATAACTGTCGATTGGTGTATTTAAATTCTGCAGCCGCCATACATACTTTTAATTTAGAGCAACGGGAATCTAAGTGAAATAATCTGTTCTTAGAAATAAGGTTTCGGTTAAGCGGAAAATTTCTGATTTCAGTCGCTTATTTCGATAGTTCCTCAAAATCTGTATAATATTCCTTGTCAAGCACATAGAAGGTTTTCGGAAGTACTTTTTTGGCCGGTAGATACGAAGTTGCACCCGGCTGTGCATTTCTTGAATATTTTTTTGATAGGTACGGTGCTATGGAACATTCTACACAAGCCTTAAAACCCCCTCCCGTTGCCGATGGACAGGCTCTTTTCTTTAATCACCTGTTTAAGTTTAAGTCGGATACGCATGGATTTCTGCAGGAGCAAAGCACGAATATGGGACCTTTGTTTACGGTAAAGCTTCTTTCCAGGGATATTTATGTATTGAATCATCCGGATGCTATTCAGCACGTTCTAGCCGGTAATGCAAATAACTACAGCCGGATGAAGCCCTATTCCATCATGGTTGAGTTACTGGGGCGTGGACTGATTACTACCGAGGGTGATGAATGGAAACGCAGAAGGCGTATTGCTCAACCTTCTTTCCACAAAAGAAAGATGGGTGAGCTCTTTGATGAGATGCAGCAGACGATCACCCAATTTATTGAACAGAGAGAATTTACCGGGGGCCAATCAACCGATCTTGACAGGGAAATGAGCCAAATTACTATTGAAGTGCTGAGTAATACCATCCTTAAGAACGACATTGAGTTTGAAACCGAGCAGCTGAAAACCAACTTTGCGCTTGCATGGGATTACCTGTCCCAGAAACGGTTCCGGTGGACCAAGCTGCTAAATAAACTACCCAGTAAAACAAAATCGAAAGGGCAGCGTGCAATAGCTGATTTAAAGAAATCCATCCTTGAACTCATCGAAAAACGCAGGACTTCATCAGGAGAATTTAACGACCTGATGGATATGCTGATGAACGCTACCGATGAAGAAACCGGAGATAATCTTTCAAACGAAGAGTTACTGGATGAGGTAATCACGCTGTTCACTGCCGGTCATGATACTACAGCCGTGGCTCTTACCTGGAGCCTTTACTGCCTGGCTCATCACCCCAAAGTGGAAGAAAAAGTCCTCGCAGAAATTGACCGGAACTGGAAAGAAGACGGCTTTCTCTTTGAAGATCTGCGTCATTTCCCGTACCTGAACATGTTTATACGAGAAGTGATGCGTTTATTCCCTCCGGTCTGGACCTTTGGTTGCCGTTCGCTGGAAGAGGATGAAATTATGGGTTTCAAGATACCGGCCGATGCCTCTGTTACCCTCC
NZ_CP175953.1_gap87	2798001	2800146	2145	GAATCCAACACCAACTACGGAAACAACATTATTATATGGGATATTCTTTTTGGCACCTACTTTTTCCCAAAACACCGGCTTGTAGATGAACTTGGCCTGCTCAACAAAGAGTATCCATTAGATTACCTGTCCCAATTAAAAACTCCCTTCTCCGGTGAAATAGACAAAAAAGCCCTCCCCCTCCAAGGTATTTCCGGAATGATTTTGAATACGCTTCTGAAATTTAAAATGAAGTGGATCGAGATTACCCTTTATAACCCTTTGAAAGAACTTGCCCGATCACCTGAGAAAGTTCAGAAAGAAACATTGTCCTCTATTCTTTTGGAGAATATGAATACTCTTTATGGGAAAGAGTATAATTTTGATAAAATCACCGGTTACGAAAGTTATCGAGAGAAAGTACCGGTTAGTGAATATGAAGACATCCGGGGCTTAATCGAAAAGCAGGATCTTGAGAAAACAACTTCTTTAACTGCAGAATCTCCCCTTTTTTATAACCAAACGAGTGGAACAACTGGTCAACCTAAATACCTGCCTGTTTTAAAGAGAACACTGGCATCGTTAAGGAAGACTCAACAGATATTTTCCCTGGTTCAATACACAGCTTGTCCGGAAGCGTTTTACGGGAAGATCATAGGTTTGGTGAGTCCGGCTATAGAAGGTTATATGCCTTCCGGTAATCCTTTTGGAAGTGCCTCCGGTCATATTTATAACACCATGCCCTGGCTTGCCCGTAAGAAATACGTTATTCCTAAAGAGGTATTTCAGATTAAAGACTATGAGATAAAATATTACATAGTGTGCCGGCTGATGATTGAGGAAAAAGATGTGACGTACCTGGGTAGTGCCAACCCTTCAAGTTTTCACAAACTTCTGGATGTTATCAATCAAAATTTTAGCCACATTTATAGCGACATCGCTTCAGGAACGTGCAAATACCTCGGAGATTTAGATCCTCGAATTATCGCTGCGGTAAACAGGAGACTAAAACCGAATTCAAAAAGAGCTGAAGAATTGGCTCACTTGTTTAGCACCGGCGATCAAATTAGCTACAAAGAAATCTGGCCTTATCTGAAACTCCTGATTACCTGGACCGGGGGAAGCTGTGGAATCTCTCTGAAAAGTGTACTCCCCAAATTCCGAAATGATATCCGTGTTATTGATCTTGGATATTTATCCAGCGAACTAAGAGCAACGGTTACGATAAACCCGGCTACGAATGAAGGCGTACCTACGATCGGAGAAAACTTTTTTGAGTTTGTACACAGAGATGACTGGGAGAATGACCGCCCTGACTTTAAAATGATAGGAAGTTTAGAACAAGGAGAGCAATACTATATTTTTGTAACCACTCCCACCGGTTTATACCGGTACAATATGAACGATATCATTGAAATCTCAGGTAAGTTTGAGAATACTCCCACTTTTCGCTTTATACAAAAAGGGAAAGGAGTTACAAATATAACGGGGGAGAAATTATATGTAAGCCAGGTTATTAATGCCGTAAAAAAAGCAGAACAAGAACTGAACCTTGATTTTCGTTTTTACCAAATGTTAGCTGATGAGAAATCGTCTTTATATGAATTATATATTGAACCCGGCGAGAGAATAATTCCTTCTATCTCAGAACTCAGCCGGGTTATTGATACCGCACTGCAAGAACAGAATATAGAATACAAAACAAAAAGGGAGAGCGATCGGCTGCAGGAGTTGAAACTACATATTCTTGTGCATGGCTGTTATGAAACCTACAAAGATTTTTATTTGAAGCAAGGACAAAGAGAGGGGCAATTTAAACCTCAAATTTTACAGTACAAGAGTAACTTTGATTTTAAAATTCAGGAGTTCGTTGCTGAATGAACATAGATAAGCTCATAATCAAACCCCTTGAGATCCCTTTCAATTCAAGCTTTGAACATAGTTCGGCCAAACGTAAAAAAACGCAGGCTGTTTTAGTCGCTGCCAGGACTGAAAAAGGAAACACGGGGCTTGGGGAAGGTTGCCCCCGGGTATATGTAACAGGGGAAACAGTATTTACATGCATCGATTTCTTTAATAAACATGCTCCTGAAATTAAACGCCATATCCATTCTATATCTGACCTGAAACATTGGGTTTTCCAAAATAAAACCCTCATCGATAAAA
NZ_CP175953.1_gap88	2810057	2812307	2250	CATTTTCAATTTTGGTTTTACCTTCAGCTACTTCTTTAAGCTTCCACATTACTACATGTTTGATCATATCGGGTTTTCGTTATTCGTTATTCGTTAGTCACTGGTCACTGGTCACTGGTCACTGGTCATGAATATCTATTTAAACCATCGTAATTCCCAAAATACTGCCTTTCAAAATGCGATGTTCCTTGTTCAAGGTTCGAAGTTCTTCCGCTGTCAATTAATAGCAGGAACCCTTAACTTTGGGGTTCTGTTTAAATGGCACAGGCTCGTCCTGTTCTCCAAGATTTATAAATCAGAAATATTGAAAACATTGGATTTAGATAAAATCACTGCCGAAGAGATCGGCGAAGACCACATCAGCAACGGAGTTAACACTCCCCTGCGTGATGATGCTTTTGAAAAAACCGACGAAGAGAAAATTGAAATTATTCAGGAGCATTTCGCAGAAATAATGCATGCTTTGGGGCTCGACTTAACCGACGACAGCCTGAAAGGCACCCCATACCGTGTGGCAAAGATGTATGTGAAAGAAATTTTTGAGGGATTGAATCCCAAGAATAAGCCGGTAGCCCGTCAGTTTAATAACAACTACGACTATCAGGGCATGCTTGTGGAAAAAAATATTCAGGTGACTTCTTTTTGTGAGCACCACTTTCTTCCCTTCATCGGGAAAGCCCATGTTGGATATATTTCTTCCGGCAAAAAAGTGATCGGACTTTCAAAAATCAACCGAATTGTAGATTACTACTCCCGCCGACCTCAGGTTCAGGAGCGACTCACCCTACAAATTGCCGATGAGCTGCAGGAAGCGTTAGAAACTGACGATGTAGCTGTTTTTATAGACAGCAAGCACCTGTGCGTTTCAACCCGAGGCATTAAAGACCAGAGCAGCAGTACCATTACGGCTGAATATCGCGGAGCCTTCCAAAACGAAGACACCCAACAGAAATTCATCGATTACATTACAACCACCACCGAGATCCAATAATTGCTGTGGCTGAAAAAGGCACCCTACAACTTCACGTTTACAACACCCTCTCCCGAAAGAAAGAACCGTTTGAACCACTGAACCCGCCTCATGTGGGTATGTATGTTTGTGGTCCCACTGTGTATGGAGATGCTCACCTGGGTCATGCCAAAAGCTATGTCTCTTTTGATGTGGTGCTTCGCTATCTCCGGTATTTGGGGTATAACGTGCGCTATGTTCAGAACATCACGGATGTTGGTCATTTAGTGGATGACGCTGAAGAAGGTGAAGACAAACTTAGCAAGCAGGCGCGCATTGAGAAAGTACAGCCCATGGAAATTGCTGAGAAGTACACCTATACCTACTTCCGGGATATGGATGCTCTGAATGTACTCCGGCCTGATATTGCACCTCGAGCAACGGGACATATCCCCGAGCAGATAGCCATGGTGAAAAAGCTGATCGAGAACGGCCATGCATACGAAGTTAATGGAAACGTTTATTTTGATGTGTCTTCGGATAAAGAATATGGCAAGCTGAGCGGACGTAAAACAGAAGATGCAGAATCAGGAACCCGTGTTGAAACGGCTTCCGATAAAAAGAGTCCGGAAGATTTTGCTCTCTGGAAGAAAGCGGAAGATAAGCACATCATGAAGTGGGACTCACCATGGGGTGTTGGCTACCCAGGCTGGCATATTGAATGTTCGGCTATGAGTACAAAATATCTTGGGGAGAGTTTTGATATCCATGGCGGCGGACTCGAAAATCAGTTTCCACACCATGAATGTGAAATTGCCCAGGCCGAATGTGCACACGACAAAGATTTTGTGAAGTACTGGTTGCATAATAACATGGTAACGCTGGAAGGCCAGAAGATGGGGAAATCGCTTGGAAATGCGATTAACCTGCACGAGTTTTTTACGGGTGATCATAAACTGCTGACCCGAGCCTGGCCACCGGAAGTCATTCGATTCTTCCTGCTTCAAAGTCATTACCGAAGCACTACTGATTTCTCTGAAGAGGCTTTATCCGGAGCTGAATCCGGCTTGAAGAACCTTCACTCCATGATTCAGACTATCGAACAAACAGAGCCCGGTGATGGAAAAGAATTTGATCTGAAGAGCTTTAAAGAAGCATTTGAGTCATCGATGAATGATGATTTCAACTCGGCTCAGGCTATCGCCATTTTGTTTGAGAAGCTAAAGGAAATTCGAAAACGAATTAACGATTCAGACGTTCCTTCAAACCTGGATGAGATAAAAGTATTTCTGCACAGCGTA
NZ_CP175953.1_gap89	2977191	2979618	2427	ATTTGGTGGTATTTCGGGAATCCCCTTTGCCGGCAAAACAGGATTTCGTGCTTTTGCCAGCCATATTCCGGATGATGGCGGTGCTGTAATTGTGTACGGGCCTCACATTGGGATTTCGAAAAATGGCACCACCGGCGAATTAATGCGGGAAGGCCAGGCTGATTCTTCTGCCTGTTGCGGTTCTTTGATTGCCGGACTCGAGAATGTAAAAGCCGGCAACATATTGATGATTTCTCATGATGACTACCAGCAGGGGCAAGTTAATAAACTGCTGATTGAGAATTACAAAGACATCAAAAAAGCGGACAATCAAATCGTAAAAATCACCGATATTGCTTACCACCAAATCAAGAGAGAGCTCACTGATATGGTATCTGCCTGTATCGAAAACCTGGGAAATAGTCCCCTCTTATTGATAGGAGGAATTGTTATTAATACCGATGTTGAGCAGGAAGATTACTTTGAAATTAGAGATATATCCATTTTCAATTCATAAAACAGTATCTTCATTTCTTTTGCTCAGAACCGCACTTTTATACAAACTACCCTTCAGGTCACCTTTAACCTAATAGATCCTATGATGCGTATATGTTTAATGATGTTACTTACCGGTTTTCTTATTTCCTGTACGGCTAATGAGACAAAAACGACTCCGGTCAACTGGGAAACCGTTCAGGATACCACTGATATCGCCTTTACCATTAGCGGACTGGATGGCCCCGAGGCTGTTCGGTATGACCCAGAACAGGATGTCTATTTCATTTCCAATTTTACCGGCGGCGGGAACACACAGGACTCCACCGGTTTTATAACCAAAGCGGATGCAAAGGGAAATATTCTGAATCTTAAATTTATGACCGGCACTGCTGATGCTCCCCTTCATGCTCCAAGAGGCATGTTCATCATCGAAAACACACTATGGGCCGCGGATGTGCTTGGCGTACACGGCTTTGATACATCAACCGGTGAGCAAACAGATTTTATTGATTTTTCGGATTTTGAAATTGGCTTCTTGAATGATATCTCAGCCGATGCGGAAGGCACATTGTTTGTGACAGATACCGGGACCAGCCGGGTTTTTAAAGTTGAAGCCGGCACGCCTTCCATTTATCTGGACTCACTTCCTGAAGCTCCCAATGGAATAACGCTGAATCCCGAGAGTCAACAGTTTGTTTTGGCTCCGTGGGGCGGCGATCAAATTTTCCGTTCTTTCAGCAGTTTGGATGATTTGGACGAATACGCAACCCTGGAAGGTGGTTATTTTGACGGTATCGAGTTTCATCAGTCAAATTTATTGGCTGCCAGCCAGCAGGATTCCAGCATCCGTTATTTTGACGGCTCGGCAAGCACAATCCTCATCAAAACAACCGGCCGACCGGCCGATATTGGAATTAACACCAATCTGAATCACATAGCCGTTCCGTATATTGCTTTAGATCGCGTAGACGTTTGGAATCTTTCAAAACAATAGCCTCTTAATATTTTATGCCTGACACTTCAGCTCTGATCCCTGAAAATGAATTTGAGCGAGCTTTAAAATTATCTGAATATGATATTGACTATTCGGAAATTCACGGAAAATTAGATGATTTAACCCGGCTTGCAGCTCACGTTGCCGGCACTCCCATTTCTCTCATCAACCTGTTGGATACAACCACCCAGTGGACGGTTTCGAAAGTTGGACTTGATGTACTTCAAACTCCCCGGGAAGAAACCGTTTGCCAGTATGTAGTACTGGATGATGAATCATTAGAGGTGGAAGACATGACGGAAGATGAGCGCTTTAAGGATAAAGAGTATGTCAAGAACTCCCCTCATATTAAGTATTACTACGGAGTGCCACTAAAGACTCCGGATGGCCACCGAATCGGAGCTATGTGCGTAATGGATACCGATGAGCATGATCTTACTCCTGAGAAAGAATCATTTCTGAAAATCATTGCCAATGAGGTCATCACGCGAATTGAGTATGAGCATAAGCTGAAGCTGATGCGCCACAACGTGGATGAGCTTAAGGAAATACAGCGCAAAGTAAGTCATGATATCCGTGGGCCCATTGGAGGTATCATTGGTATTGCTGAAATCCTTCGCGACCAGGCCAAGGGTGAAAAGAAAGAAGAGCTCATGCAACTTCTGGAACTCATCAACAAAGGCGGCAGATCCGTTTTAGATCTGGCGGATGAAATATTGAGTGACTTTGAAGATCAATCACAGGAAAATCAACTCTTCAAAAATCAGCTTACCCTCGAAGTTCTGCAAAAGAAGCTCGAAGACCTATATAAACCACAGGCACTCAACAAGTCCATAGATTATAAAATCGTGATTAATAATGGGCATCAGGGACTTACTTTTCCCAAGCATAAATTACTCCAGATATTCGGAAACCTGGTTTCCAATGCGATCAAATTCACCCCGGAAAATGGAAGC
NZ_CP175953.1_gap90	3150717	3152059	1342	GGGCATTATTGAACTTGAAAATGAAGGATTTCTCAGGAAACGAAACCAAAGATTCATCTTAATTAGTTTAAGCTACCTTCTTTGGTTTTTATTCATTTCCTATTTTCCATTCTGAATTATTTCGGATAGCGAATACTTTCCACCATTTCCTGCACATCCTCCGGCGGTTCCGGGAAGATCATACCAACTGCAAAAGAAACGGTCAGGTTCAGGAGCATACCCAGTGTACCTATACCCTCTGGTGAAATTCCAAACCACCAGTATTCCGGTGAATTAAACTCCGGGAAGGCAATTTTATAGAACACCACATAGGAAAGCGTGAACAGCAGTCCGGCTATCATTCCGGCAATGGCGCCCTGACGGTTCATTTTCTTATAAAAGATGCCCAGGATAATAGCCGGGAAGAAGGACGCTGCCGCCAGCCCAAAGGCTATAGCCACCACTTCCGCTACAAAACCCGGGGGATTAATCCCAAAATAACCGGCAATTACTACCGCTGCGGCCGCTGATATGCGTGCCCACATCAATTCAGCTTTGTCAGAAATATCAGTTTTAATCTGCTTCTTGATTAAGTCGTGAGAAACAGCCGTGGATATCACCAACAGTAAACCCGCTGCGGTTGAAAGGGCCGCGGCCAGCCCACCTGCGGCTACCAACCCGGCAACCCAGGCCGGCAAATTGGCAATCTCCGGATTGGCGAGCACCATAATATCCCGATCTACATATAATTCGTTATTGGTATCTGTAGGTTCGTTATTGACCTTCACTTCCCCAAAAGGGCCACGGATAATTTCCCCATCCGCATTTCGCTGAATATCCGGCAGTCCAACGATAGCTTCGCCGGGAGCGTAGGTGATAATTCCGTCATCATTTTTATCTACCCAGGTGAGCAGTCCTGTTTGTTCCCAGGTATTAAACCATGCAGGCATTTCGGTGTATTCTTCTTCGTTTACCGTTTCCATCATGTTGTATTTGGCAAAAGCCGCAATAGCCGGAGCGGTTGTGTACAAGATCGCGATAAAAATCAGTGCATAGCCTACAGAAACACGGGCATCTTTCACTTTAGGAACGGTGAAGAAACGTACGATTACGTGGGGCAACCCGGCCGTACCGATCATTAGAGCCGCGGTAATAAAAAAGACATCCTGCATGCTTTTCGTACCGCTGGTGTAGGCAGCAAAACCGAGCTCGGTATGCAGTTGATCAAGCTTTTCAAGCAGGTACTGTCCGGATCCATCCGCTAAGGTAGAACCAAATCCAAACTGAGGGATTGGATTTCCGGTGAGCTGAAAAGAGATAAAGAATGCCGGAACCATAAAGGCGAAAATCAGCACACAGTACT
NZ_CP175953.1_gap91	3301993	3305008	3015	AGAATATCATCCCTGTGAAAAACACCAGCATCCAAACCACTCTGAATTTGAGGTCTTTGAGATCATCTTTCCAGCCAAACATTCCCTTTGCTGCATAGGCAGCTGCAAGAGGAGCGGTAACAGCAGAAGTAATACCCGCTGCAAACAGCCCGATCCCCATAAACGACTTCGCCCAACTCCCCAGCAGCGGTTCTAACTGTCCGGCCATATCGGCTGCACTGTTTATTTCGGCGAGAGATCCATCAGCGGCAGCAGCACTTGTTATGACGATACACATGGAAATCAATCCGCCTAAAACAATTCCGACTGCATTTTCGACCCTCATCTCAGACAGCTGAGCATAGCTCGAATACCGTTCTTGTACGGTTGATGCATGCAAAAAGAGGTTATAAGGAACCACCGTAGTTCCTATTAATGCTATCACAGTTAGCAGCTCATCGGGAGAGGCGGTTGGAATGAAAAGTCCTTTAAAGATGGCAGAAACATCCGGCTGAATAACTACTGCCGTAGTCACAAAAACGATACTCATGATTCCCACCAGGGCGGTCATCACATTTACAATCCGCTTAAAATTTCCGGAGTACAATAACAGGAAAGCAACGGCTCCAATAACCAGAGAGCTAAGCCGGATTACAGACCCACCCACCGTTACATCAAATCCGACAAAAAGCTCCTCCCAGCCCAATACCGCTCCGGAAATATTTCCGCCTTCATACGCTATATTGCCAACCACAATGGCACTGAAAACCAGGATGATGGCCGATATTCTGATCACCGGATTTCCCAGCTGCTCCCGAATAGCTTCTCCAAATCCTTTTTGGGTAATGATACCCAAACGTCCGGTCATCTCTTGTAGAACAATGGTAGCTATCACAGAAAAAAGCAGTGCCCATAAAAGTACGTATCCCGACCTGACGCCTGCCAAAGTACAAACGGTGACCGTTCCCGGGCCAATAAATGCGGCAGCAACCAGTGTGCTGGGACCAAAGTACTTTCTAAGCGGGTTGTTCATGTTTTGTATATAGTATCTAAGTAAGAAAATCCCAAACGGATTTACGCTTCTAAAGAATAGGAAATTTGAATTATTTTCATAAAACTATAAACATTCGTTCAATAATTTGTGTTAAGTCTGAAATCAGTAAATCAAAATTTTCTCTTAGCTATGGATGGCAAATACAAAGCTAATATCCGCCCCGAAATGCAGGTGGGTATTGTGCTCAAGAAAGACCAACGCAGTGGTAAAATCACGAATGGTGAAGTACAAAATATCTTAACAAATTCGGCAACTCACCCTCATGGTATAAAAGTGAGATTAACGGATGGCCAGGTTGGGCGCGTGAAAAAGCTCCTGTAAATGTTATGAACATAGAGGATTTTTCGGAGCACACATTCGATTTTGGGGAAGATTACGAAGGTAAGGTAATCGCCACGCTGGTGGCATCTCCAAATCATGATGCTTCCCGCCCGTCTGTTTTATACATTCATGGATTGAGCGACTATTTTTTCCAGGTGCATGTAGCAGAAGCTTTTCATGAACAAGAGTACAATTTTTACGGGCTCGACTTGAGAAAACACGGGCGCTCCTTACTTCCTCATCAAACCCCGAATTACTGCCGCTCGGTTAAAGAATATTTCCCGGAAATTGACCGCTCCCTGGAATTCATCCAATCTGAAAATGATGGGGATATCTTTCTTCTGGGGCATTCAACGGGGGCTCTAACCGGAAGCCTCTACCTGAATGAAGGAGAAAATCGGGATTGTATTCACAAATTGATCTTGAACTCTCCTTTCCTGCAGTTCAACCTCATTCCCTGGCAACGGGCTATTTTGCTGCCTGCCGCACGGGTGATTTCAACATTCAAGCCCTATGCCTCCCTGAAAAAACCATTTTCCCATTTATATGGAGCCAGCATTTCCAGCGAGAAGCATGGGGAATGGGATTACAATACCGACTGGAAACCATTACTGGGGTTTCCGGCCTACCTGAAGTGGGTAGCAGCCATGCATGAAGCTCAAAAAAAGCTGCACCGAAATTCCGACATAGAAATTCCCATTCTAATCCTTCATTCGGATAAGTCGAGCCTCAATCAAAACTGGAATGAAAACATCCTGAAGACGGATATGGTGCTGAATGTGGAGCATATGAAAACCTATGGCAAGAAGTTAGGGCCTAATGTATCCCTGGCTGAAATCCCGGGAGCCATGCATGATGTTTTTCTTTCCAAAAAAGAAGTACGGAAGCTGGCTTTTAAAAAAATGTTTGATTGGCTCAGTAATACTGAAAGCTAGTAACACCCTTTCCGCTTGCAAATCTCCAAAAAATCCTTTTATTACAGCAACAGCCAATTGTAATTAAGGGAGGTACGGATTATGCAGGTAAAAGAGATTCTAAACCAAAAAGGAAGAGACATATTTTCCGTAATGCCGGACACAACCGTGTATGATGCTATCGCAAAAATGGCGGAATACAATATCGGAGCTTTACTGGTAATGGAAGATTCTAAACTGAAGGGGATTATTTCTGAGCGCGATTACAGGAACAGGGTGATTCTTGAAGGGCGAACATCCAAGACCACTGAAGTGCAGGAAATCATGACCGAAGATGTTATTCGCGTTCAACCTACCGATACCGTTAACCTGTGTATGCAGCTGATGACGGAAAAGAAAATACGCCACCTGCCCGTTGTTGATGACGCACAGGTTGTTGGAGTGATTTCAATAGGTGATGTTGTCAAAACCGTGATTGCCCATCAGAAATCAGAAATCGATTCCCTTCGGAATTACATCGGTGGCGGTTATCCCACTTAGCCATTAAACTGATCACTTCTCTGTTTATACCCCTCATTTTTAAACACCGATTTGTTTGGCATCTAACAATCATGTTGAATGATCGGTAGTTACTTGCAGTTTCACTGTCAACCTTCAATTAATTCTTAACTATGCTTCGTACCCTTCTTACTTCCATTCTTTTAGGACTGTTTATTTTCTCTACAGCCTTTGCTCAGCTAAACAACA
NZ_CP175953.1_gap92	3353824	3357976	4152	CGTACCTGGTTAGCTTTGTCTTTTTTACCGGAATTGCTTTAGCCGCCCTTTTGATGGTCATGCTGCATCATATCACCCGCTCTTCATGGGGAGTGTTGGTTCGAAGAATATCGGAGTCGTTTACAGCCAATCTTTGGATATGGGCCATATTTGTGGTCCCTGTAATACTTGGGATTCATAATTTGTACCACTGGAGCCATGAAGATGCCGTAATGGCCGACAAAATTCTTAAAGGGAAATCAGCTTACCTGAATACACCCTTCTTTATTGCCCGTCAGTTTATCTACTTTGCCATTTGGGGATATCTTGGATATAAGCTGCATAAGGTTTCCGTAGAGATGGATAAAACCAATGACTGGGGATTAACCAGCTTGTTGCGCAAAGTAAGTGCCCCGGGTATTCCTTTGTTTGCTCTTTCTATTGCATTTGCCAGCTTCGACTGGTTGATGTCGCTTGACCCTCACTGGTTTTCAACCATGTTTGGCGTTTACTTTTTCTCCATTAGTTTCCAGGCGTTTTGGCCTATTATGATTCTGCTGATTTTCTTTATACAGAGCAAAGGGATTTTGAAAAACACCATTCGACAAGTACACATCTATGATCTTGGTGCCTGGTTTTTTGCATTCACAGTATTCTATGCATACATCGCATTCAGTCAGTTTTTACTTATTTATTATGCAAACCTTCCGGAAGAAACCCTGTGGTATTTCCACCGACTGGAAGGCAGCTGGAAGTATATAGCGTACAGCTTGTTGATTTTCCGTTTTGCTCTGCCATTCCTGGTATTACTTAACCGTGAAGCCAAGAAGAACCGAACTATTTTAGGAATTGTATCAGCGATCGTATTAGTCATTCACTTTGCAGAAATCTACTGGATTGCCATGCCGGTATTGTTTAAACATGGCATCCACTTCAGCTGGATGGATATCACTACTTTCCTTGGATTGGGAGGTATTTTCTTTGGACTGTTCTTTAATACATTCAAGAAGCACGACATGGTGCCAAAGAACGATCCAAAACTGGAAGACTGCCTGTCCAAATCGTATCACCAATAATCGAATTTACCGATGTCAGAAAAGTATAGCTCAGAATTTAAAGCAAAAGTAGCACTCGAAGCTGTAGCTCAGGGGCGTTCTGTGATTGAGAAGATTGCTCAAAAGCATGACGTTTCAGAAGATGATGTAATTGAGTGGGCTGCTCAGCTTCAGGATGAAGCTTCTCAGATTTTTACTACCGAAACGGCACATGCCGATGAGGCTGTAACAGAGGAAGTTGACATCACAACTGAAAATGAAGAGTTTGCCGGTGCCGTAGAGCACGGCGTGATGAGTGACAACCTCAACTACAACAAATTGATCTTCTGGTCTACTCTGGGAACCGCACTCGTTATTATTTTTGTTATCGGTTTAGTCTATTTTTCTCAATACAGCCTTTTTGAAGCTCAAAAACAGGTATCAGCCCAAAGCGGTTATTCAGAAGTACAAGAATTAAAAGCTGAACAAGATCAAGAGCTGAATAGCTTTGGAGTGGTTGACCTTGAGGAAGGTATTTACAGAATTCCTATTGATAGCGCTATTAGTAGAATAGCCACAGACTGACACCAACCATCATGAGACGTTCTACACTGTTAGCAATTAGCATGCTTGCAGTGTTTCTGACTTCACATTCTGCCCAAGCGCAGGTTAATCGTGAAACGCCGGATGCGCTGCAAGATCTCGGTATTGATGAGCATTTGGGAGACTATATCCCTCTTGATGCTAAGTTTGCAACCTCCGAAGGTGACAGTGTTGTGCTTGGTGATTTACTGGAGGAAGGAAAACCTGTTTTATTGAACCCGCTATACTACGAATGCCCGATGTTATGCGGGCTTGTAATAGACGGAGTGATTAATGTTGTTGATGAACTGGCCTGGAAGCCCGGTAAAGAATTTATTGTAATCTCTATCAGTATTGACCCTGAGGAAAATGCTGAACTGGCAGCTAAGTCAAAAAAAAATTACCTGGCCGGTATGGACTCCACCACGAAAGCAGGTTGGCACTTCCTCACCGGAAAGAAAGATCAGATTGACAAAGTAATTGAAGCTGTTGGATTTGAATACAAAGAAATTGAACAAACCGGAGAGTTTGCCCACAGTGCGGCAATCATGCTCCTGAGTCCGCAAGGTAAGATTACCCGTTATTTGTACGGCATCTCCTACGACTCATTCAATGTTCGCAGTGCCTTGTATGAATCTGCGGACGGAACGATTGGTAACACCGTCGATAAACTTGTGATGTTCTGTTATCAATACGATCCGGATTCCGGCAGTTATGCGCCGGTAGCAATTAATATTATGAAGCTTGGCGGCTTGGCTACACTGATAATTCTCGGTATATTCCTCGGCGTGCTTTGGCTTCGCGAAAAACGCAAAAAACCAACCTCAAAAACTGAATTTAACTAATGGGCAGTTTATTCGATTTTATGCTCCCGGAGCTTAAATCTCCGATGACGGGAGCAAGTACCGATGCGCTGATGGCATTCATCCACATCGTCAGTTTTATCCTTCTTGCCGGTGTTACCATTGCAATGATCTATTTTGCAATCAAGTACAAGCGCAAATCAGAAAATGATAAAACTCCGCTTATCACCCACAACAACACCCTGGAAATTACCTGGTCGGTAATACCCCTTCTGCTGGTTTTTGTTGTTTTTGGATGGGGATACAAAGGATGGCTGAATCTCAAAACCGTACCCGATAACGCATACGAAATTCAGGTTTCTGCCTACAAGTGGGGCTGGACTTTCAAATATGAAACCGGAGCACAGGTTGGTAACGAAGTGCATGTACCCGCCGGTCGGCCGGTTAAATTGGTGATGCAGTCTCAGGACGTACTTCACTCCTTTTTTGTACCAGATTACCGAATTAAGCAAGACGTGCTGCCAAACCGATACACCTATGTTTGGTTCCAGGCTGAAGAAGCCGGTGAATCACAGGTTTTCTGTACCGAATATTGCGGTACCTCCCACTCTGATATGTTGGCTAAAGTAATTGTGCACACCGAAGAAGACTTTAAAGCCTGGCTCGATGAGCAAGGAACCGGCGGTGGCGGAACTCCCGTGGAACGCGGTGAACAACTTGCCACCTTACAAGGTTGTGTAAGCTGTCACTCTGTAGATGGATCTGATGGTATTGGCCCAACATGGCAGGGCCTGTGGGAACAAGAACGTAATTTCGAAGACGGTTCTTCTGAAATTGCTGATGCAAACTATATCAGAGAGTCTATTCTGAATCCCGGCGACAAAATTGTTGAAGGATATCAAAACCAAATGGTTAGCTATGAGGGTCGCCTTAGTGACAACGACATCTCCGACATTATTGAATACATTAAAACGTTAGAAGAATAACATGGCAACAGCTGAAGTAACACCTTCCTCTTCAGGGAACGTACGAACATTAAAAGTTAAGCGGTTTAAGCCGTCCGAAGACCCAAAAAATACCTATTTGACCGATGAAAAAGGTCTTTGGGCCTGGATGACGACAGTAGATCACAAGAAAATCGGACTTATGTACCTGGGTTCGGTTGCCCTCTTCTTTCTGCTGGGTGGAGTGCTTGCTCTCTTATTAAGAACCGAGCTCCTGACCCCTGCAAAAACGTTCATCGAAGCCGATACATATAACCAATTCTTTACCCTGCACGGTGCCATTATGGTATTCTTTGTGCTCGTTCCCTCCATCCCGGCCGCTTTGGGTAACTTTGTACTTCCCATGCAGCTTGGAGCCAAGGATGTAGCCTTCCCCCGGCTAAACCTCGCAAGTTTCTACATTTACGTGATTGGAGCCATCTTCACCTTTATTGCTTTGGCAAATAATGGACTGGACACCGGCTGGACGTTCTACACACCTTACAGTACCACCTCTTCATCCAGTGTGATTTGGGTAACCTTAGGAGTCTTTATACTTGGTTTCTCCTCTATTTTAACCGGTACAAATTTTATTTCTACCATTCATAAGATGAGAGCTCCCGGTATTACCTGGGGCAAACTCCCTCTGAATATCTGGGCGCTGTATGCAACCAGTATCATTCAGGTATTAGCTACGCCGGTATTGGCGATCACGCTTTTACTGTTGACCATGGAGCGTTTCCTGGGAATCGGAATTTTTGACCCGGCTCT
NZ_CP175953.1_gap93	3463359	3465498	2139	AGAACTGATTAAAAATGATGTCCGAGCAACCGTCCGAAGAAGCCGCGGCGATGATATTGATGCCGGTTGCGGTCAGCTTGCTATCCGGGAAGGAGCTCCCAAAGGTAAAACGATGGCGAAGAATTAAGGGGCTTTTCCTTGGCAACCATCCGTTCCGGCGCAGAGCGTCCGGAACGAGAGTAATAGTTTTAAAAGAGTGGGACTTCAGAATGCAGGATTCTGAGTACTGACTCCTCCCTCTTTAATCAATCATCGTAAAAATTCGCTCGAAGCGTGGCACCCAATTATCGGTTGAGAACCATACAATGGATGCTTTCCCGATAACATGATCGCTGGGCACAAAGCCCCAGAAACGGGAATCCTGGCTGTTATCCCGGTTATCACCCATCGCAAAGTAATAATCCTGTTTAATGGTGTAAGAATTCGTCTCTTCCCCGTTGATAAAGATCGTTCCGCCCTCTCTTCTCAGTTCGTTCTTCTCGTACCGTTCAATGATGTCTTTATAGATAAACCAGTTGTCATTGTTGATCTGAATCTCCTGCCCTTCAAACGGAATAACGATTTCAGGGAGTTGATCTGAATTGTTGAACGCCCTTGAGAAATCACCCTGGCTTTGTACATAATTCCGGTCTACACTTCCCTCCGGTGTTACATTCAGGAACATGGTATCCACTTCGGCCCAACTACCCACTGTAGCAGCCACATCATCGGTCATATTCACTACATAGGTGTTGTTATTGGTGTAGCCAATTAACTCTCCGCCAACCGATTCCATTTTGGCGTTACTGAGGCGGACTCGCTCTGCCATTCGTACCACATAATGTCGCTGTACACCTTCATGCTGAACCGATTTTTCTCCGTTGATGTACAGAATTTTATCCTGTATCGAAATGGTATCGCCGGGAATAGCTACCGCTCTTTTGATGTAATTGGTTTTTTGTGAAACGGGCTTTACTTCCCAGGGCACATTAAATACGAAAATGTCGTTTCGTTCTACATCCCGGAAACCGGGCAGTCTGGTCCACGGAAGCTGAACGCCGGGCACGCACCATCCCTGCAAAAACGGAACACAAAGTCCCATCGGGGTTCGAGGGCCGTAAGTTACATTCGATACGATGAGCAAATCACCCGTCATCAGGGTTTTTTCCATGGAAGGGGTGGGAATTTTGTACGACCCAAACAGAAATGCACGAAGAATAGCTGCTGCAATAAAAGCAAACACTATGGCGTCAACCCACTCACGAAGCCATGACTTGGCTTTTTTATTTTCTTCTTCCTTTTTGTCCTTCCTTTTCTTCCAGTATGAGCTTAATCCCTGCTCTTCGGGGTTTTTATTTTCTTCCAAGTTCCGGGTATTTATTTTGTTTTGATATGAGAGGGCTTCTTGATTTCCTCTTTCTTGTATTCTCCGGCCTCATAGGAAACTTTATACCACTGTCCCCTTTCCGGTGAATAAAAGTAGTCAACGTATTCTTTGGGTGATGTTTCCCGCAACTCTTTGGTTAGCGTTCGCTTCACCTGCGGCATCAAATCCACATAACGGCTGGCTCCTACATACACCAGCCCATCATCAAACGGACCTTCCAGGTCCAGCACCATCATCGGAATATATCCATCAATGATAAACCAATATTCAAACTGTATGGATTTTCCATCCCGTAAGTATCCATCTTTTTCAATGATATCTTCCACTTTCTGCGTCGGATCTCCATATGCACCTTGCAGAACGGCACGAATTTCAATAGCCGGCATTCGGTCCAGTTCATTATAATTAAATCCCTGTCCGGTCCATTTTATATCTGCAAAGCGAGACTGAAATTCAGCCCGGTCTTCCTTACTCACTTTTTTGATATCCGGTTCTTCGAACTGCGCCTGGGCAGCCGTGGATATCATCACCATCATTACAAAAAAGAAAAAGAATTGTTTCGTCAATCGTTGCATAAAACCTATCTGTCGTCTTCGTCCATAGATAGTACGGCGAGGAATGCTTCCTGAGGTATTTCAACCGTACCTACCTGTTTCATTCGTTTTTTACCTTCTTTCTGTTTTTCAAGCAGCTTTCGTTTACGGGAGATATCGCCACCATAACATTTCGCGGTAACGTCTTTACGCATCGCGCGAACGGTATCACGAGCAATC
NZ_CP175953.1_gap94	3569879	3573146	3267	ACTCCTTCACTGCTGCCATGGAAGATTTAATCCCGTCCACCAGTGGCTTGGCCAGAGAAATAAGAGCCCATACACCACCAACAACCATAGCGCCCACACCCAAGTAACGGATTTTCTGACTCCAAATGGCAAGAGCGGCATCATAGCCTTCAGCAGCGCCCACAATAGCTGAAATTTCTTCCGGGCTTGTAACTGCCATATAAATCGGGATTCCAAACAGCCAGGAAATCAAACCTCCTGCAAAAATCAGCACCGCAATATTCAGTCCAACGATATAACCCACCGCTAAGAGCGCCACCGATAAATCGGCACCCATCCCAAAAATAGACTTTCCGGCCTTGACCGAACCACCTACAGATCCTGCAAAAACCTTTAACCCGGTCTGACTAAGCTTAAACAATGCAGCGGCAACACCCGCTTGAATAATCGTTTTAATTCCGGCTCCGCCTTCGGTTCCTGCCTTCAGAACCTCACCCGTAGCTACCCCTTCCGGAAACTGTAGTTCGCTTTCCACAATTAAAGCTCGCCGTAATGGAATGGTGAACAGAACCCCCAAAATCCCGCCAAACATCGCGATGGCCGCCGTTTCCATAAATGGAAAATCCAGCCAGTACTTTAGTAGAATAAGTGCCGGAAGGGTAAAAATAACCCCTGCCGCCAGCGATTCCCCTGCCGATGCTGCCGTTTGCACGATATTGTTTTCGAGGATATTAGACTCTTTAAACAGCTTCAACACTGCCATCGAAATAACGGCTGCGGGAATGGAAGCGGACACCGTCATTCCTACTTTTAGGCCCAAATAAGCATTGGCGCCGGCCAGGATTGCTGATAAAACAAAACCAAGCACAACGGCTTTGACGGTAATTTGGGGAAGGTCGTCTTCGGCAGAAACAAACGGGGTAAATCCTTTCTTACTCATAGGTTCGATTTAGGCTAAAAATTGGGTTTGCCGTAAATAACGATTTTTCACCTTCTATGCATAATGTTTGATGCGAGTGAGTTGATAGGTGTTAGGTGCAAGGTTTTAGGATTTAGTGTTTTCATTAAAAAACAACTAAAACCTAACACCTAAAATTTTCTTAATACGCACAAACTTATTTTACTCCCACGAATGTATTATCGGAGGTTTCGTTAGCCTCTTACCCAAATCTGCGTTATTTTCAGGTGAACGTTTACTTTGAAATAAAATCATTAGTTCATTTATGAAAACTATTGCCCAGCTTACGTACATCCCATTATCTGAAGATGATCCCCGAGAAAAAGTACAGGAATTGCTGGAGCACCTGGCTCAATATGATGTAGAAATAGAGGTTGGCTATTTATCTACAACCATTATCGGAGCTCCCAAAACGGTTTTTGAAGTAATCGAAGATCTTTACGACACCATGTCTCTGGAAAGCGAGAAGTTTCGTTTTCACGTAGAGCTGCTAAGTCCGGAGAAGTAGGTAGTTTTTGGGGCAAGGTGTTAGGTTTTAGTTGTTCTTGAACAAAACACTAAAACCTAACACCTAAAAACTTCCCCTAACACCTACAACAGTTTTGAAGCCAGGTTAGCCAGTTCCGAGCGCTCCCCTTTCTCCAGGTTGATGTGGGCATACATTTCATTGTTATTCATGCGGTCCACGAGGTAACTGAGTCCGTTACTTTGAGCATCCAGGTAAGGCGTATCGATTTGAAAGATATCCCCGGTAAACACGACTTTGGTGTTTTCGCCCGCCCGGGTGATGATGGTTTTCACTTCATGAGGGGTTAAATTCTGAGCCTCATCAATGATAAAAATCACGTTGGATAAACTTCGTCCCCGGATATAAGCCAGCGGCACAATGCGCAGCTTCTCAGTCTGCAGCATTTCATCAATCTTCTTAAATGGCTTACTCGTTTCCTTATACTGATTTTTAATGAAGCTCAGGTTATCCCAAAGCGGCTGCATGTAGGGGTCAATTTTGGCATTGGCATCGCCGGGAAGAAAGCCAATGTCCTTATTACTTAGGGGAACAATGGGCCGGGCCAGATAAATTTGCTTGAAATTGCTCCGCTGCTCCAGTGCACTTGCCAAAGCCAACAGTGTTTTTCCCGTTCCGGCAGCTCCGGTAATGGTACAACACATAATATTCGGGTTCTGAAGGGCATGCATAGCAAAAGTCTGTTCTGCATTTTTTGGCTGAATGCCATAGGCATTGTTCTTTTCCACCACTTCTACTTTTTTGCTCTTCGCATTATACCATCCAAGCCCCGAAGAACCGTGACTTTTCATTATGTAATAATGGTTACAAATCGGGTCGGCTTCCATAAGTTCTTCAGGCTTTATCTTCCCTTTTTCATAAAACTTACTGACCACTGAAGGATCTTCAATTTCGAGAGACGTTTTGCCTTTATACAAATGCTCAATATCCTGAATCCGAATGGTCTCATAATCTTCCGACTCCAGGTTCAATGCCCGGGCTTTCAGACGCAGGTTGATATCCTTGGAAACCAATATCACCCGCTGGCTTGGATTTTCTTCTTTCAGGTGGAGCGCCGCATTAATAATCCGGTGGTCATTCTTATCGGAGCCGTACACTTTGGTGGCATCCATGGAGTTTTCACCGTTCGTTATCACCCTGAGATTTCCATGCGACCTTCCGTTTAGCGGAATCCAGTTTTGCAGCATATTGGCATCCGAAATCCCATCCAGGTACCGGATAAATTCACGCGCATGCAGGTTAATGACGTTGTTCCCCTTTTTAAAAGTATCCAGCTCTTCAAGAACCGTGATGGGGATGGCTACATCGTTTTTTTCAAAGTTTCGGACAGCTTCATAATCGTAAAGTAGAACGGAGGTGTCGAGGACGAAGATCTTCTTCGATTTCTTCTTAGGCATAGATGAGGATGTTTGATTAGTCTTGCCATATGTACCAGCCGGGTAGATGATTGTATGAGCGGCTTTTATAATAAAGCTAAAGCCCACACCATTTGCAATATACAGCCCTTATTTAATGGAATTTTAATGGATGGGTTTGGTGATAGGGTGATAGGGTGTTAAAGTGATACGGTGATTTTTTAAAAAGCTCCACTTCATCACTTTATCACCATATCACTTAACCCCCACAAGGCAATACTAACTGCAATAGCTGCATTCAGGCTCTCAACCTTATCCTGCCCTGGTGCCGACTCTATCCTTACTTTCTTTCTTTTGGAATGCAATAAGCTTTCACTGATTCCATTCCCTTCATTCCCAACAACAATGATTGTTTTTTCTGCGGGTTGAACCGATCTCAGGTTTACACT
NZ_CP175953.1_gap95	3574165	3576775	2610	AGATTGGCCAGAAATTACGTGAGTACAAAGAACCACTTGGCAAACTGGTTACTTACGAAATGGGTAAAATCTACCAGGAAGGGCTCGGTGAAGTCCAGGAAATGATTGATATCTGTGATTTTGCAGTGGGGCAGTCGCGCATGCTGTACGGTAAAACCATGCACAGCGAGCGCCCTCAGCACCGTATGTATGAGCAATGGCATCCGCTGGGGATTGTGGCTATTATCTCCGCGTTCAACTTTCCGGTTGCCGTGTGGAGCTGGAACGCCATGATTGCTGCCGTGTGCGGAAACGTAATGATTTGGAAAGGCTCCGAAAAAACGCCCCTTTGCGGAGTTGCCGTACAAAAGATTGTAGCCAAAGTGCTCAAAGAAAATAACCTGCCTGAAGGGATCTTTAACCTGGTTACCGGAGACCGCGAAGTAGGCGAATGGATGACCGAAGACGAACGAATCCCACTTATTTCAGCAACCGGTTCTATCCGAATGGGTAAAGAAGTAGCCAAAACCGTGGGCGGACGTTTAGGAAAAAGCATTCTTGAGCTGGGAGGAAACAATGCCATCATCATTTCCGAGGATGCTGATATTGAAATGGCGATCCGGGCTACCGTTTTTGGAGCCGTTGGAACTTGCGGCCAGCGCTGCACAAGCACACGCCGGCTTATCGTTCAGGAATCAGTTTATGATCAGGTAAAAGAACGACTGCTCAGTATTTATGAAAATATCTCCATTGGCGATCCGCTTGACGAAAACACGCTGGTTGGGCCGATGATTGATCAGGGCGCCGTTGACCAAATGCAGAATGCCCTGAAGGAAATTGAAAAAGAAGGTGGCAAAGTTATAACCGGTGGCGAGCCTCTGGACGAAGATGGTTTTTATGTGAAACCAGCGATCGCTGAAGTTAAAAATCATTATGATATTGTTCAGGAAGAGACTTTTGCGCCTATCCTTTACCTCATCAAATACAAAACGCTGGATGAAGCCATCGAGCTGCACAACGGTGTGAAACAGGGACTCAGTTCGGCTATGTTTACCCTGAACATGCGGGAAGCTGAAAACTTCCTGAGTGCCCGAGGTTCGGATTGTGGAATTGCCAACATCAATATTGGTACCAGCGGGGCTGAAATTGGTGGTGCCTTTGGTGGAGAGAAAGAAACAGGCGGTGGACGGGAATCCGGTTCTGATGCCTGGAAAGCGTACATGCGCCGCCAGACCAACACCATGAACTGGGGAGATTCTCTACCACTGGCACAAGGCATCGATTTTGATGTGTAATATTTTCCTATTGAAAACACGCAGAGCCACAAGGTTTTGTATCTCTACGTGGTATTCTAATAAACATAATGTCCACAATAGAAAAATTAATCACCCGCTTCGACCTTCAAAAACATCCGGAAGGCGGGTATTTCAAAGAGACGTATCGTAGTGAGGGTGTTATTCCCGAAACCGTTTTCCCGGATTTGTTTGAGGGAAGCCGCAACTACTGCACCGGCATTTATTTTCTTTTGACCTCAGATACTTTCTCTGCTTTTCACAGAATCAGGCAGGATGAGATGTGGCACTTTTATCAGGGTTCGCCGCTTACTATTCACATGATCAGTCCGGATGGAAACTACTCTAAGCAAGTGGTTGGGTCGGATTTTGACAACGGAGAACTTCCTCAATTCACCGTACCCAAAGAGTATTGGTTTGCAGCTGAAGTTAACCAAGCGGACAGCTATTCATTTGTGGGCTGCACCGTTTCTCCCGGCTTTGATTTCCAAGATTTTGAATTGGCTGCAGAAGAAAGTTTAAGCCGTAAGTTCTCCAAACATAAAGACCTGATTTCCCGTCTTACCCGAGGGTAGATCCCTTATTAATTATTTGATAAGGGTAAGCTTGCGAATCAGTGATTGATTACCGGTATCCAGTTTATACAAATAAACCCCGCTCGAAAATTTTCCGGGCGAGGCATCCCACCTTAATGAATGAATTCCCTGTGACTTGACTCCATTCTCCAAGACCGCTACTTCTCTCCCCATTATATCATAAACCGCGATCTTTACCCTGCCCGGTTTATCTAACCGGTAAGAAATGGTGGTCGTAGGGTTAAAGGGATTTGGATAATTTTGATACAGCTCAAAGCCTTTGGCAATTTCTTCGTCTTGCTCCTCTTCGGTTCCCACCAGCACTCCACTGTTTTCTGCTCCCGGGGTTCCATGGCCCACCGAAGCCGCCCAGTTTTCCGCTTTTGAGTTATCCAGCCTTGGATGGGTCAGGGAAAGAGTTGCCCCTTCTCCATCAGCCTCTGCCGGCCAGGGCGGATCATCACTGTAGGTTAGCTGGTCTACGATATCTCCGGTATTGTTGAAAAGGCGAACAAGTTCACCGCTTCCGGCAAATCCAAAATCGAGGTCTCCTACATAATTATTCACTTCAGGAAATAGTGAAGTAAACAGGGTGCTGTCTCTGGTAAGCACTAAAAACCCGCCACTTTCTACTATAGTGCCATCAGCAAAAGTGTAAATGTGCTCATCGTCGGAATCGGAAAAGTACCAGCCTCCTAAATCAATATTTGATTCGGTATTATTATAAAATTCAATCCAATCTTCGGGATCAAAATCTTCAGCTG
NZ_CP175953.1_gap96	3629114	3629614	500	GCACATACAAGATGTGCGACATCAGACCTATTACTATTGCTATATTGCTTCATCATGTCAAAGAACCCGCGCTCGGCGCGGCACGGCCCGTTCGACGGGCAGCGTGTTTACAACGGATGCATGCGCCCGGCCTCGAAAGACCAGCAAAATACATCCTAAACAATCTTATAAAGAACTTCGCGAGCTTTCCGGGCAAACCGCCTCTCATATCTCAATACTCACGACTACATTACTACCTTAAAATTCCTGTGGAGCTACGGGGATTCGAACCCCGGACCCCTGCCTTGCAAAGGCAGTGCTCTAGCCAGCTGAGCTATAGCCCCTCGGTTACCATTGTGGGCTTGGGAGGACTTGAACCTCCGACCTCACGCTTATCAGGCGTGCGCTCTAACCACCTGAGCTACAAGCCCCCATATCAGGCAGGCCTCGGCTGCAGGCGGTATTCGCCGGCTGCGGCGAGTGTGTGACCCGCCGGGTACACAGTCAATTAAAAGTACAGA
