gap_id	start	end	length	sequence
NZ_CP071888.1_gap1	1526	4892	3366	CCCGGCCAGACAGGAAAAGCATCGGTCCCGTTAGCCCCCATGGCTTTTCAGGCGGAAGAAGCGCTTCCGCGGCGCAGGGGAGAATAAGCTTGAGGCGAAAGCGGTTTGGATTAGAATCACCCTGTTCCCATTGATTTCATGATCCACGCCGACCAGCTTTCCAAAGAGTTTGGCCGCTTTCAAGCGGTAAAGAATGCCTCCTTCCAGATTGAAAAGGGGGAAATCGTAGGGTTCCTGGGGCCGAACGGCGCAGGCAAGACCACGACTTTGCGCATGCTGACCGGCTATCTGCCCCCCACTTCCGGCACAGCCACGATTGCGGGGTTTGACATTGTGAAAAATCCCCTGGAGGCTCGCAAACATCTGGGCTACCTGCCGGAACACGTGCCCCTTTACGACGACCAGCGCGTCACGGAATACCTGAAATTCCGCGCCAGGCTTAAAGGCATCTCTTCCAAGCAGATCTGGCCTGCCGTCTCCAAGGTTGTAGAACAATGCGGCCTGGATCCCGTGCGCCGCAAGATGATCCGCACCCTTTCCAAAGGCTACCGCCAGCGCGTAGGCCTGGCGGACGCCCTGCTGGGGGAACCGGACCTGCTGATCCTTGACGAACCTACCAACGGTCTCGACCCCAACCAGATACGCCAGATACGAGAGCTAATCAAAGGTCTGGCGGCCAACCACACCATTATTCTTTCCACCCACATTCTCAGTGAGGTGGAAATGATTTGCAACAAGGTCATCATCATTGACCAGGGAACTATCAAGGCGGCGGATACCCCCTCCAACCTGACGGCCAATCTCCGGGCCGCCGGCAAGATTACGCTGGAATTCCGGGGAGACCTGGCCCTGATTACGCAGAAACTGGAAAATCTGGAACATGTGAAGAAGGTCATCCATGAAGGAACGGACGCCGACGGCTGGCATACGCTGACCGTACGCGCGGAGGCCGGGACGGATACCCGTGAAAAGGCCGCGCGCCTCCTTGCGGAACAGGGATGCCCCCTGCGCCATATTTACCGCCACACCCCCACGCTGGAAGAAGTGTTCGTGGAAATGACCCGTAAAGATTAACCCCCATTTTCCATCCCCGCCCATCCACCACCTCCCATTTCCCTTTTCTCCCCATGTCTCCAGTACTTACCATTTTCAGAAAAGAACTCAGAAGCTACGTAATGACTCCGTACGGATGGGTTATCCTGGCTTTCGTCATGGCCCTTCAGAGCGTCTCCCTGTCCGGCACGCTGAAGGCTTTTCAACTGGCCCCGCAGAAGGAAGGCATCCTGTTCTTCATCCTGCATTCTCCCATGTTCTGGTTTTACTTCCTGTTCATCTTCCCTCTGCTCACCATGCGTTCCCTGGCGGAGGAGGAAAAGACGGGAACGCTGGAATCCCTGCTTACCACGCCCATCAAGACATGGCAGGTGGTCCTGGGAAAATACTTCTCCGCGTACGCTTTTTACATCATCTTGTGGCTGCCCATGCTGCTATACCCCCTCCTGGCGGACTGGTCCAACCTGATTGTACAGTGGATTTACGGGTATGATGCGGGCATGGTTCTTCCCTACCGCCTTGCGGACTGGGCCGGGGCATACGCTATTCTGCTGCTGATCGGCGCCTGGTTCACGGCCATTGGCATTTTCGCCTCTTCCATGACGGGCAGCCAGATTATTTCCGGCATCATCACCATCGGCCTGCTGGTTCTGATTTTCTTCATGGGGCTGATTCCCGTGGTGTGGGGGGAATTTCCCGCAGCGGGGATTTTCCACTACATGTCCTGCTCGGAACATCTGGACCGCTTTTCCGCCGGGCTGGTTGACACGCGCCCCGTCATATTTTACCTGACCATGACGGTTCTGACGCTGGCCGTCACCATCCGCATCATTGACCACCGCCGCTGGAAACACTGATTCATTCTGCCTTCACCCTTTTTTATTTTTATCTATCTATGAGCGAAACACCAGACACCCCCGCCGCGGCCGCGGAAGCCTCCCAGCCCGCCTCCCGCAAGGTCAAACGCCCCTGGATGACCTGGATCAAGCTTTTCCTGCTGTTCCTTATCGTCGTATGCCTGAATTACGTGGGCTGCCACGAGTATTACCGCCGGGACCTGACGGAAGACCAGCGCTATGAAATATCCCGTCAGAGCATCAACATGCTCCAGTCCCCGGAAATCCAGAAGCGCAAAACCCCCGTCAAAATCACGTTCGCTTTCCTGCGCACCACGCAGAACTACACCCGTATGCGTTCTCTTCTTGAGGAATACGAACGTTATTCCAACGGCAAGGTGAAAGTGGAGTACGTGGATCCCCTCCGCCAGCCGAACAAGGCCCGTGAAATCTCCAATATCTACGGAATTGAATTCAAGAAGAACCTGGTCATCATTGATGCCCGGGAAGATACGGAAAAAGCACTCAAGACGTTTGAAGGCACCCAGGCGGACGCCGCCCACGTGCGCATCCTGCCCGGAGACGCCTTCGTAGTGTACGCCCCCGGGCCGGACGGCAAAAGCATGAAGGCGGTGGCGCTCCAGATTGAAGACATGATGACTGCCGGCATTTACGGAGCGGCCAACGGCGAACCTCGTAAAATCTATATCGCGGCGGACAAGAGCAACTTCAACGAAACCCTGAGCAACAACCAGGAGGAAAGCATTTTCACGACGCTGGGCAAAATCTGCCGTTCCGTCAACCTGCAGCTTGTGCCCATCCGCATGAGCGGTCTGGAAGAGATTCCGGAAGATGCCGCAGGATTCATGATTATCGGTTCCAGGTATGATCTGTCCCCGCAGGAGGCGGAAGTGCTCCAGCGGTACTGGGCGCGACCGAACGCCGCCATTCTGATCATGCTGGAACCCCAGAATGACACCCCCAAACAGCTTTACCGCTTTCTCCGCGAACAGGGGCTGCGGCCCCAGAATGACCGCGTGATGCTCCGCAACAGGAGCAACCGTTCCGTTTTTGAAATTAACTCCATTTTCGCCCCCTCCCTGAATTGCACCCGTGAATTCTGGAATTCCAGCACCGGACTGGAAGGGGAGAGCATCTCCCTCATTCTGGATTCCGACAACGCGGCCATGGAACAGAAGCGCATTACGCCGTATCCCCTTCTGGTGACTACGGAGGATTATTACGGAGAAACCAAATACAACCAGTTCCCAGCCAAGTTCGACGCAAGGGAAGACAATCCGGGGCCTCTGATGATCGGCGCGGCCCTTATCCGGGGGAATGCCGGAGACGTGAACCAGAACAAGACTACCGGACGCCTGGTTCTGCTTGGCAATACGGACCTGCTTCAGCCCCGGCAAATCAAACCGGAGCAGAGGGATTTCATGCGCACGCTGATCGGCTGGATGACGGACCGTGA
NZ_CP071888.1_gap2	52828	56395	3567	CCGGACAGGGAGAACTGGAACTGCTCTGGGAGCCATTGCCGCCAGCAGCCTCCTCCCCGCATTCGCACGGCACGTCTTCCCCCTCATCTTCCGTACTTACGGGTTCCGGATAACCTTCATCCGGCTGATAGGAGGATGAAGAGGTTCCTTCCGAAACCATGACTTCAATGGAATAATTAAGGATGGCGAGATTAGTCCATTCAGGAGGAACAGCCACGTTCTCATAAGTCATGTGCACGCGGTGCGGTCCCGGTTCAATGGGGAAGCTCAAACTTTTTTCCCTATAAGACCCTCCATGGTATTTGCCCTCCCCAGGAATGAAAATTCCCTCGCCGTCAACAGTAAGAGAGCCGTTATCATCCACCCCCAGCATCAGACGGCACTCCGCCGTTTCCCCCGGGCCGAGCGGATCAACGACAATCCCCCAGTCCCAGCTGCCGCTGAACGCCCCGGCCTCTTTGTTAAACGGGACCGGCACACCTCCGGACGCTGTGAGGGAATTATCAGGCAGAGAATTCGCATGACGCTGAACCTGTTGATCTTTCATAAAATCCAGATAATTGACGATTGAGGGACGAACATCAAAGAAGACAACGCTTCTCTATATTCACTATTCTTATGTATCTCGGAAAACGGAACAGATCAATGATTCATTTTTGAATAATTGTTACTAATTACAATAAATTATTACCAATCAATATTCTTTTAAAATATATATTTATTCCCAACAACCGGAGGGAATAACCATGTTTTTCCGCGCTGCCTGACATCCCCCGCATCTACTGCCGGCCAAATGGCCATGGGGACGGGCTGAACAACTTCCCCGGCCTCCGTTAAGACAAACTCCGGCAGATCTATCTGCATCATCCCTTCAACGAAAGGGTCTCCCGTCTGGTCGTCCAGATAAGGCCGGTGTGGGCACTTTCTTTACGCCGTCCCAATTCTCAACCCGGAATAAACCAATGAATAATACGACTCAACCAGGGGCTGCTCCAACAGGCCCCGCAACAACCAATAACGCTCCGGCGGTAAAATCCGTCCTCCGCATGGGAGTATTCACTCTCGCCATGATCAACGTTTCCGCCATTGTCAGCCTGCGCGGCATGCCTGCGGAAAGCACTTACGGACTAAGTTCCGTTTTTTATTACATTTTCGCCGCGATATTCTTTCTGGTGCCTGTTTCCCTGGTCGCCGCGGAGCTTACTACCGGATGGCCCCAAAAGGGCGGCGTTTACCGCTGGGTAGGCGAGGCATTCGGGAAAAAATGGGGGTTCCTGGCCATCTGGCTGCAATGGATTGAGAGTACCATCTGGTTCCCTACCGTTCTGACATTCGCCGCCGTTTCCCTGGCTTTCATGGGGCCCGGACAAAGATGGGATGAAGCGCTTGCCGCCAATAAATGGTATGTTCTCATCGTGGTGCTGTGCGTGTACTGGGCGGCCACCCTGCTTAATCTGCGCGGCATGAAGACTTCCGCAGGCGTCACCAAATGGGGAACCATCATCGGAACCATTATTCCCGGAGCCATCCTGATCCTGCTGGGCCTGGGCTATTGGGCCGGCGGCAACCCGATCCTGCTGGATATGAGCTGGGACAAGCTGGTGCCGGACATGAGCAATTTCAACAACCTCGTTCTGGCAGCCAGCATCTTCCTGTTTTACGCAGGGATGGAAATGTCCGCCGTGCATGTGAAGGATGTGAATAATCCCGGGCGCAATTATCCGCTGGCCATTCTGATTTCCGCCATCATCACGGTGCTTATTTTCGTTCTGGGCACGCTGGCCATCGGCTTCATCATTCCCAATTCCCAGATTAATCTGGTGCAGAGCCTGCTGATTACTTATGACAGCTATTTCAGCTTCTTCGGCCTCGGCTGGATGAACTGGATTCTGGCGCTTGCGCTGGCCGTCGGCGTTCTGGCCCAGGTAACCGCATGGGTGGGAGGCCCTTCAAAAGGCCTGTACCAGGTGGGACTGGCCGGCAACCTTCCGCCCGTCATGCAGAAGCGGAACAAGAACAACGTCCAGATGGGCATCCTTTTTATCCAGGGGGGAATCGTCACCCTGCTTTCCATCATGTTTGTGATTATGCCTTCCGTGCAATCCGCCTATCAGATTATTTCCCAGCTGACCATCATTCTGTACCTCATCATGTACATGCTAATGTTCGCGTCAGGCATTTACCTGCGCTACCGGGAACCGAATACGCCCCGTACTTTCCGCATTCCCGGCGGCAGAACCTTCGGCATGTGGATTGTCGGAGGGCTCGGCTTCCTGGCCAGCCTGGCGGCTTTCCTGGTGAGCTTCATCCCGCCTAACCAAATTACCGTAGGCAGCAGTACCATGTACATTCTCCTTCTGGTGGTGGGCACCTTCATTTTCGCGGGTATCCCCTTCATCATCCATGCCATGGCCAAACCCTCCTGGAAACGGCCGGTGGATCCCGAAGACGCCTTTGAACCCTTCGGATGGGAGAAAAACAATGATTCCCATTCCGCAGCAACCCCTAGCCATTCCATATCCCATGAGTAACATTCCTTCCAATGAACAGATCCGGACGGCCCTGGATAACGCATACGCCTACGCCAAAACCGTCCAGGGAGGCAAAAACGCCTCGTACATTCCCGCCCTGGCCCAGGTGCCTTCCGACCTGCTGGCTATTGCCGTGGTCACCGTCAACGGAGACCTGCTGACTGCAGGTTCCGCGGACGCACCCTTTGCCATTGAATCCATTTCCAAGGCATTCAACCTGGCTTATGTCATGGATCTGATCGGCATGAAGCAGCTACGCGCGAAAATCGGAGCGGACCCCACCGGGGAACCCTTCAATTCCGTAATGGCCATTGAGCTGCACGGCGGCAAGCCCCTCAATCCCCTGGTCAACGCAGGGGCCATGGCGACGGTCAGCCTGGTCAACGGTTCGGATTCCGATGAAATATGGGGAAACATGATCCATAATTTCAATAACTTCGCCAACACGGCCCTGACTGTGAACCAGGAGATTTACAAGTCGGAAAGCGCTACCAACCAGCACAACCGCGGCATTGCCTGGCTGCTGGACAGCTACGGCTATTTTTACAATACGCCGCCCATGATTGTGGATTTGTACACACGCATGTGTTCCCTGAATATCACCGCTTCCCAGCTGGCCCTGATGGGCGCCTGCTACGCCAACGGCGGAGTCAATCCCGTCAGCAAGAAGCGGGTGGTGAAAGAGGAGAACGTTCCCCCCATTTTGGCGGAAATGTGCATGTCAGGCCTTTATGATTCCACAGGGGACTGGATGTACAAGGCCGGCCTTCCGGCCAAGTCCGGGGTAGGAGGCGGCCTGGTGGCTGTAGCTCCCGGCAAGCTGGCCATGGCGGCTTTTTCGCCTCCCCTGGATCCCGCAGGGAATACCGTCAAGGGGCAGGCGGCGCTTCAATCCATCATCAGGGAACTGAATCTAAACCTTTTCCGGAGCTGATCCGGGATGAGAAGGTAAACCCGCGGAGCCAAAATCCGAAAGGATTCCCGCGGGTTTACTGTATCCTGTCCAGCTCCCCCGAGGCAGACCGCAGTTTCTCGA
NZ_CP071888.1_gap3	88858	90988	2130	GGCCATCTGGAAGCCTTGAACTCTTCATCCAGGGGGCGCCTCTCCGGAATGGGCATGGCCCCGGAAGGGATAGAAAATAACGATGTGATCTACGAACTGGTTACGGACGCCGCATGGAGGGACCGCCAGGAGGACGTGGAACAATATCTGGAAAATTATTGCCGTGCCCGATACGGAAATTATCCGGACAGCATGAAGGAAGCCTGGAATCTGTTCCGCCGCACAGCCTATTCCAACTTAAAGGACCATCCCCGTTTCAACTGGCAAATGAAACCCGGCACCCGCGGCTGTTCCGTAAACACAAGCGAAGATTTTCTGAAAGGCCTCTCCCTGTTCGTCAACACTCGCGGCCTGGAACACTCCCCCCTGTTCCGACAGGATGCCGTTGAGATGACCGCCCATTACCTTGGCATACGCATGAATGAAGCCATCCTGGCCGCTCTGGAAGCCCTGGATGAACAAGACATGGAGAATACGAAAAAATGCATGGAATATTTCCGCAAATACGCCCTTCGGGCGGATTCCCTTCTGGAAGGGCACCCCACCTGGAGGCTGTCGCGCTGGTTATCATTTGCCCGGTCTCACGGAACTTCTCCGGAGGAAAAAAACAAGTATGAACAAAATGCCAGAAGGCTGGTGACCAGATGGGGGCCTCCCGTAGACGACTACGCCGCCAAAATATGGAGCGGCCTTATCAGGGACTACTATCTGCCGCGCTGGGAACACTTTATTCAGAGCCGTCTTTCCGAAAAAAATCCGGATATGGGAGCATGGGAGGAAAAATGGGTTCGTTCCACTGGCGTAAGCGCGGCGCACGCTCCCGGAGATCTGGTCAACGCCTGCCGCCAGGCTATCCGGGAGGCGCCGCCCCTGCCTTCTTCCCTGAAAAGAAAAGTAACCGGGTCAATTATAGGAAACTGGACCTCCGCAACGGTATCCACGGAATGGAGTTATTTGGACTGGCCCGTTTCTTCCGCTGATCTTGAAAAACTCCGGGGGGTGCGCTTCGTCTTCACTTCCGGCAGCCATGCTCTGGAAATAGACGGCGTCGAACTCCTGGAAAACGGCAAAGTAATCGACCGCGACCGGCACGCCGGGTTGGCAGGCAAGCCTTCCCGCGGGAATTTCTACAAACTTTCCCTTCCCAAGGGAATCCATGCCAACAACGGATGTTCCCTCAGAGCCAGGGTCCGCTCCGTGGGCGGAAAATCCTCCAATGGGAAATTGGAACTGGTTAAAGAATGAACAGCTTCAATTTCATTTGCTTACGGCTTATTCCTCATTGATTCCGTGCCTTTTACGTTAGAAAACTCCGCCGTCCGAACCAGAAGGCGGCATGGCCGGCGCCTCCCGGAATCTCCGTTCGGCCCAACCGGGCCGAAAGCTACATTTCAAACCGGTGCAGGTTTTCCACATGGGAATATCCCATCTTCCTGAGCACTTCCAGCGCCTTGTCCGCCCTCTTGCCCGTACGGCAATACAGCAAAATCACGGCATTCTTATCCGGAAGAAGCTGCGCGGCCCGTTGTTCCACCTCATCTGCCGGAATATTCAAGGCCCCCTCCTTATGTCCCGTGCGGTACTCCTCCGGAGTTCGGACATCCACCAGCACAATAGGGCGCGCCATGCCGCTTTCCGGAGACACCACCATGGCGGCGGGAGCAGGGGCGCGTTCCGTATTCCTGCTTTTCAGCCAGACGAAGAGGGCAGTCAGCCCGGTCACCATGACCACGTACAAAACCACATTTTTCACGCGGCCACTTCACTAAACCGCGGCGAAGTAATCAAGAGAAAATAACGCCCAGCCCCCGCACGCAGGCGTCATCTGCCGTCCGGTCCGCTCCGGAGGCCCCGTTCCACGGGAAAATAACGCTCCGTCCGCAGAAGCGGGAAGGGAAAGAACTTTCCCTTCCCCACCATATTCGGAAAGGCCGGAGAATTGTCTCCCTACCCCTCATCATCAATCACCACAGCCTGGGAGGCGAAACCAAAAGCGGGGCTTCCCCATTCCACGACATCCCCGGGTTTCAAATATACCGGAGGCTTCATCCCCATCCCCACGCCTCCCGGAGTGCCGGTGGAAACCACATCTCCGGGCCATAAGGTCATGAACCGGGAAACATAGGCAAT
NZ_CP071888.1_gap4	144878	147534	2656	ACCTGGACCCGCAGGCCAATGCCACCAGCGGCATGGGCATTGACGGAAAAGACACGCCCAGCCTGTATCCGGCCCTGCTCGGCCAGCTTCCGGCGGAAGAGTGCATCCTGCCTTCCGGCAGGAAACGGCTGGATATCATCCCCTCCACCATGGACCTGGCCGGCGTGGAAATAGAATTGGCCCGTTCCGGCAACCATCTGACCCGCCTCCGGGAAACGCTCGCCCCCCTGCGGGAGTCGGACACCTATGATTACTGCATCATGGACACGCCACCTTCCCTGGGCGTTTTAATGACCTCCGCCCTGGCCGCCTGCGACGAAGTGCTGACTCCCCTCCAATGCGAATGGTTCGGTTTGGAAGGACTGGCCAAGATTCTGCACGTGACGGCGCAAATCTGCGCCAGCGGCGTCAATCCCCGCATTCGGCATGAAGGAGTACTGATGACCATGTATGACGGCCGCACCAATCTTTCCCGCCAGGTCATCGACCAGGTGGAACGGCATCTGCCCCAGATGCTGTACAAAACGGTCATCCCCCGCTCCATCCGGCTGGGGGAGGCCCCCAGTTTCGGCCACACCATTTTTGAACACGATCCTTCCGGAGCTGCGGCGGACGCCTACCTGAAAGCAGCCCGGGAATTCATCAAACGCCATAAACCCTGAACATTTGGAGAAACAAGCTTCCCGGAATGCCGCAAACCTCTGCGGGAGGAACAGGCAGAAAGAGCACCGCAGAAAACTTCCTCCTTCATTTTGCCTTCCGGGTTTGTTGCGTCCATTTAACGTCAGGAAAACCTCTTCCATACCGCCCCCCCGGAGACGAAGGAAAACAGGCATTCCCCTTGACTTGACTTCCGCGGCATATAAGAATGCTCCAGCTCCGTTTCAGGAACTTTTCCCCTCATGCCAGCAGAAGAAGGCCAGCCAGACGACCAGCCCCGGGTGACAGGGCAAGTCCCGCCTCCCGCTCCGACGACAGGCCTGGAACAGATTCTGCCCGGACGTCCGCCCCTGCCCCATGCGGAAGAAAAAGGGGCCTTTTTCGTTTACCAGCGGGAGCTGGCTCCCGGCACGCGCCTGGAACAATATGAAATCATCCGCGTCCTGGGCAGCGGAGGTTTTGGCATCACATACCTGGCGAAGGATCTGTTCCTGAACCGCAACGTGGTTATCAAGGAAAACTTCCCTTCAAGATACTCCTACCGGGACCCTCTGACCGGGCATATCCGGCCCAATAATGAACACGATCTGGAAAATTACACCTGGGCTCTGAAAAGTTTTCTGAGCGAGGCTCAGACGCTGGCGGAGCTCAACAACCCCGGCATCGTCAGAATCCTTTCCGTCTTTGAAGCCAACGGCACGGCCTACTTCGCCATGGAGCATATTACCGGCCTTTCCCTGGATTATCTGGGGGAAAAACTTCACAGCACCGGGCACCGGTATACGGAAGACGAACTCAAGGGGCTGCTGACGCGCCTGCTCCGGATTCTGGACTATCTCCATTCCCGGCACATTTACCACCGGGACATCAAACCCGGCAACATCCTGCTGACGGAGGAAGGCACGCCCGTGCTGATCGACTTCGGAGCGGCACGGCATGCCCTGAAACTTCATGCCGCCACCGTCCTGACCACCCAGGGGTATTCCTCCCCGGAACAGGCGCTGGGCAAAACGAATATCGGCCCGTGGAGCGATCTCTATTCCGTAGGGGCCACTTTTTACGCCCTGCTTACAGGAAATCCTCCGGACCGCGCGGAAGCGCGCCTGGCGGAAGATGAAATGCAGCCGCTGCACAGCGACCCCGTGCTCACCCGCTATTACTCACGGCAGTTCCTGCTTTCCCTGGACAAGGCGCTGGCCCCCCAGATCAATTGCCGCTACCAGACTGCCGGCGAATGGATTCACGACATTTGCGCCATTTCCGGGGAAGAATCCTCCGCCACTATTCAAGTCCTCCCGGCAGACCGCCGCCATGCCCATCCGGAAGGAATGCCAACTCCCGGCGCCGGGAAAAACATCGGCAGCAGAAAGGCCGCCACCGGAACGGACTGTCTTCATTCCGCCTCACGCAGGCAGTCCGCACGCGCTCTTCGCCGCAACCGCCACATGATGTCCCTGCTGGTAGGAAGCGCATGCACCATCCTGCTGGGAGCGGGAGCATTTTATCTGCTGGATTACATGAAAAAAGCCCCTATGGGCACTACCATCAATACCATCAAGGAAGCCATCCAGCAGCCTGCGGCAAGCTCCAGCGTGGGAGAACCGGAACCGCCGCCACGAGATCTGGCATCCATCCGCATTCCGGAACTCAAAATAACGGAAGACGCGGCACTGGAACCGCGGTCGCTGACGGAGTTCCGTTTGCGCCTTGACGACACCATCCTGACCCGTTCCGGGCTTCCTCCCATCCTGCCGGAAAAACTGCGCATCTCCTGCATTTATCTCCAAATCATTCCCCCGGCAGCAAACGGGGAAAAACTGTACCTCACCATCCGGGATTCCAACGGCGTCCTGGTGGACCGCTCCATCAATGCCGTCCCCTCCTTCACGGTGCCGGGGCAATCCACCTCCACCTTCTTCTTTCCCGCGCTCCCGGAACTGTCCACGGACCGCACCTACACGTACTCCTTTGAAAATGCCGCCCACCAGGCCGTTCC
NZ_CP071888.1_gap5	149041	151560	2519	GCAGGAAATACGCAAAATTCTGGCAGAAGCCCGAAAACTGGAAGAACGGGCTGAAATGCTGAGAAAAGAAAAATCAGCTGAGCTTGAGCAAGAACTTCCTCCGCTGCACTTTCGCCTTCCGGAGTTGAAACAACTTCTATCCAGCCGTTAGAAAACGCGTACGAACCATTTGCATCAATGCGGAGTCACCGCCAGTCTGACAGCGGCCTTTACACTGCACGGGCGGACACAACCGGCTCCTGAAACTTTCCCCGTCCATGTTACGGAAATATCCCTTCCCTGGATTTACAGGAAAAACGAGTCCCCCTGCTGTCCATCGTCGTTTATTTCAGCATTCAAATTTCATTCCCTGAATACCCCTTAGCACAGGCTTCATAGTTTAAAATTCCAAAGAAGGGGTTTGCCTCCCCTCCACAAAAAAGCCCCGTTCATATTTCATGAACGGGGCTATATTAATTTTTCAAATTCACCTGGGAGTTTGATCAATGACGATAAAATCCTTTTTCCCCACATACTCCCTCCGGGCATCCGGATCTCCATATCCGTCCCGGAAACGTACTTCCAATTCGTATATTTTCCCGCTGGCCAGAGGTTGTAAACAGGTCAGCAGCAGGTATGCATCCTTGACAGGCACTTCATGTTTCTCTCCGGGGTTTAGAGTAATAAAGCGCATAAGATTCGCGACACGCTCCATTTGATAGGAGGGAAGATACCATGCCGTTGGCCTTTTTCCCTTCTTTCCGTTTCCCTGACTCCATATCTTGATGATCATATTCGGCCCGCGTTCCTTGAGAGGATAGAAGTCGTCGAAAAGACGCACAGCCTTTTCTCCCTTATTGGCAAACACCAGCTTGAAGTCCGGAAAAACGGCTCTTGGATCGAACGAAGCCTTTTCCATCACCACGGAACATTCAATCCCGTTATCGGCCATATCCCCCCATGCAGGAGCATGGAAGAACAGGCTGGCCAAAAGCCCTAAAATTTGGAAGATTTTCTCATTGCAGCGCGAGCTTTTGGGAGAAGGCGAGAATTCGCGCTTCATCGTCGAGTTCCCTTCGTACTTCCCTTCCTGGATAGGTTCCCTGTCCATCGTGACGTTGAACGCGACCGCATTGCCACTAGAGGGATCGTAAGCGTTATTCTCATACTTTAAAGCCACCTTGTAATAAAATGTCTCACTATCTCCAGGGCGATTGATCGACCACGGAGAAATCTTTTCTTCCTACATACTTCCTCCGAACACCGGAATCTCCATATCCGTCACGAAAGATTACTTCCAACTCATATTTCTCACCATTGCGAAGACGGCGTGAAGGCCCAAAATAGTGCATCAACAGATACGCATCTTTGATGAGCACTTCATGTCTTTCTCCCGGCTTCAACGTGATGAAGTTCAAGAACTGTCCTCGCTCAATGCAATAATGAGGGTAATATGCTGCTACCTTTTCCTTTTTCTCTTTTGTCAATTTCCAAAAAATCTCTATGGAAATATGCGGACCGTTATCCTTGAGAGGATAGAAGTCATCGAAAAGACGCACGGTCTTTTCGCCCTTGTTCGTGAACACCAGCTTGAAGTCCGGGAAGGCAGCCCTCGCGTCAAATTCGGTTTTTTCCATCACCACGGAGCATTCCACTCCGTTGTCGGCCATGTCCCCCCATGCCGCGGCATGGAGGGACAGGCTTGCCAGAAGTATTAAATACCGGAAGATTTTTTTCATTGCAGCGTGAGCCTGGCCGTTGCCCGGAGAACCCCCAGGAAACAATCCTTACCCTGCTGATTATAGTAGCGCGTTTCGAGTTCACAAGAACATTGTTTCCAGCCTTCCAGATCGACTTCATCCAGACACACCGGAATCGTGACGCTGTATTCCTGACCGGGTGCAAGCTCCCGGTAGTTCAAGGGTCGCTGGAAGGTCATAGTGCCAATTTCCCTGTTCAGAACGCGCATTTTCCCCTGTTGCGTCCTCAACACCGTCACGAAAAAGAAATCGGACGTTTCGTCGTTGATTTCGTCCGGAATCCGGACAGGCTCGTTTCCTTCGTTGCGGAAGCGGACTGTGATTTTGCCTTCCGTGAATTGGGAAGTATCCGCCATGGAGAGGGTCAAGGGCGCCGGTTCCTCCGCAACAGCCATGCTGCGGGTTTCACCTTCGCTGACCGGAGGCATGAAACAGGGAGGCTCGATCGTTCCAGGTTTCGTGATAAACCTGGGCACATTGTTCCACCCCATCGCGTCGGCCAGACGAATGACATAGGCGGTTGCCTCGTTCAGGGCTTCCTGTCCGGCGCAATAGGGTCTGTCATTGGCATCATCCGGCAACGCCAGTACATAGGTTAATGTCTCCGTCCAAAGATCCAATGCCATTTCATTGGCAAGAGCCTGCATGAACTTCACGGCTTTATCCATGTTCGGTTCTTTGTCGCAGGAGATAGTCTGATTTTCAAGCATTTCCTGTATTTTGGAGTCCTTCCAGTAGAACTTGTAGGCATCCTCCCATTGACGGCGGTGGTGTTCTTCG
NZ_CP071888.1_gap6	156367	160805	4438	TATCCTGCTTTTCCTAGGCACGTCCTATGCCGTGCTGGATTTGTCCCGGGGGGCGGGCAGGCTTACCGCCCTTCTGGATACATTTTCCTTCGGCAACCGGCTGGACCTGTCCAAACTGGCCTGGGCGCTGGCGGACCAGGCTCCGCTGTTCGGTCACGGCAGCCGGATGTACACCAATCTTTCCACGGAGTTTTTCTCCGGAGCCAACCTCCCCAATTTTGCCCACCACGAATACGCACAAGCCGCCTGCGACTACGGCTATGCCGGGCTGGGGCTGATGCTGGCTCTGCTGGCCCTGTTTCTTATTTCCGGACTCCGGAGCGTTCTGAAATTGTCGGGAGAACATCAACGGCCCAATCCCCTGGGACCGGCGGCGTTCTGCGTATTGTGCATCGCCGCTTTCCACGCCTATGGGGAATTCATCTGGCATAACCCTGCCTTGCTTGGAGCCAGCGCCCTATGCGGCGGCATTACCTGCACGGCCCCTCTTTCCAGGGTGAAGGCTTCGCGCCGAGTCGGCCGCTGGCTTCAAGCGACCGCCGCACTGCTGATGGCCATATTGGCTCTGTGTTATGCGTTTCTGGCTTTTCCGGTCTGGAAAAACTCCCTTCAAGCCGTCCCGGCTTCCTCCAGCAATCGGCTGCCCATGCTGGAAGCAGCCGCCTCCTGCAGCCTGGACCCGGATTTGGTGCGGCGCAACATTCTGCATGCCGCAGGCAGTTCTCCCCCCCCAAGCCCAGCCCGGCTCAAAGTATTGGAGCATCAGGAAGAAAAAGCGGAACGCCTGAGCCCCGGGAACCACGGCCTGACGGCGGCTAAAAGCCTCCTTTACATCCTCCAGGGACGCCTCACGGAAGCGGAACAGCTGCTCCGCCCGTACGTAGAGAGTCCCGGCAGGTTTGACGACCGCATGTTCGCCTGGACTACCATTTACAATAATATGCTGTATTCCTGGAGTACGGCCATTGCTGCCCAGTCCCCAGGACGCGCCCTGTCCATGGCCATGACGGCCCAGCGCCTGATGTCCGCCCAAACGGACCGGTGGCTGTATTATGGGGCCCTGGATCCTGAAGTCAGGAAAAAACACTACTCGCGCCTCAATGAGCTCAAGATGCTCATCATGATGCTCCAGGCCCGCAGAACGACGCCCGACCCCTCCTGGAGGAAATAGTATTCCGGAGAATCGGGGAAAAGGAATCTGTGCAGCAACCGTTATATCCTTTTTCCAGAGAAGCCGCTCCATACAGAAGTTTCCCCGTCTTATCCGGTTTCTTTTTTACCGGATTCCACGTCAGCTTATTTGTCCACGGAACACAGAGCGTACTGCAGCCAGAAAGATGAAAAGCCGATAGTTGGCGCAGCAAGTCCGCACAGGCGTTACGCCGGAATTTTAAGCGGATTCAGCTATCTTCCGCCGGAAGCGGCAGCCTCTCCGGAACAGAATCGTTTGTTTCTTTTTCCCCCAATCGCGGACTGCCTCGGTTGGCGGTCCCGTAAAACGCATGTCCCGACGCAGCTCAACAGAAAAAAACTTTCCCGGCTCTATTCCTTTATCGAATCTTTTTGTATGAACATAACCATCAAACGAATTTATGACCCCAAGGAACCCGGGGACGGATACCGCGTCCTGGTGGACCGGCTCTGGCCCCGCGGCATTTCCAAGGAAAAAGCTTCCTGGGACGAGTGGCTGAAGAACATAGCTCCATCCACGGCGCTCCGCCAGTGGTTTGCTCATGATCCAGTCAGATGGGACGCATTCCGCAAAAAGTACGACGAGGAACTGGATGGAAACGGAGAAGCCGTTTCCCATCTGCTCCGGCTGGCGCGGAAAGGGAAGGTTACGCTGCTGTACTCCGCCAGAAATACGGAGCACAACGAAGCTGCGGCTCTGAGGGATTACCTTTTGCAACGGTTTGCTTCATAAATAGAAGCATATTCCTGCACAAACTCCATCCGCAAGCCCCAAATGCTGTCACGGGAACCTATGATACGGCAGGATTTCTTCTCTCGTTCATGAACAAGCGAAGAAAATGGAAAGGAGGTGAATACAATATGGCCAGCAGTTCCCACATGGGTGGAAGTCATAAGGGCAATTCCAAAAAACGCTCCGAGACTACCACAAGCAAAACCGGGCGGCGCATCAAACGCGATGCTTCAACCGGGCAGTTTATGAGCGATAAAAGCTCAGGCTCCAAGGAAAAACATTAATGCCCGCGAGTTTTTCGCCTGATTCAGGCTCCGGATCCGGTCCGGAGCCTTTTTATTTTTCTCCGCATCCGGAACAGGAGGAAGTCTTCCGCCATCCACTCAGGCCCAATTCTTCAAAAGCCCGAAGGCCCAGCGCTTCAGGGGCTTTCCGGTCTCCGCGAATCACAACGGCAAAAGGCTCTTCCCTGCCCGGAACGTAATACGCAGCCCGCAGAACCAGTTCCTCTCCATCCGGATGGGCGTAAACACCCACGGGCGTGGAACAGTTCGCACCCAGACGCACCAGGAAAGCCCGTTCCGCCAGCGCACAGGCAAAAGCTTCCAGATCATTGATTCCTTTCAGCATTTCCTCCGTCTCCCTGTCCGAGGAACGGCATTCCATTCCAACAATGCCCTGCCCCACGGCAGGAATAAAAACTTCCACCGGCAGGGAACGCATGTAAAGTTTTCTTCCCTCCACAAGGGTTTCCGGAGCGTACAGCCCCAGGCGCTCCAAACCGGCCCTGGCCAGAATCACGGCATCCCAGCCGGGCTGTTCCACCAGTTTTCCCAAACGCGTGGGCACATTCCCCCTCAGGTTTTCAAATCTCAGGCCGGAGCCCCAGTATGTGCGCGCCATCAGGCGTCGGCGCACGCTTCCGGTAGCCAGCGTTCCGGAACCGTTCCAGTCCGGTTCTTTCGTGATAAGCACATCCTCCACGGCAGCACGGGGCAAGACAGCGGCCAGCGTGAAGCCGGAAGCAAGCTCGCTCGGCACATCTTTGAGGCTGTGCACCGCTACGTCAATGCGGCCATCCCGGAGGGCGGTTTCCAGTTCCTTAATGAAGATTCCCTTGTCCACCATGCCGGAAACGCGGGCCACATCCGCCAAAGGAACATCCGTGCGGCGATCGCCGATGGTATGGATGATTTCACGGCGCACGTCCAGTTCCGGGTAACGGAGGGAAAGGGCAGCACAGACCATATCCGCCTGGGCCAGGGCCAGGGCGCTCCCGCGGGTGCCGATGATGAGGGTATTTTTACTGGTCATAAAGAGCGGAATCCGGAAAATATCTGGAAATGCTGTCACGGATGATGGCCTCGCACCGGGAGACCTCCTGCTCCCGGCTGCGCTTGGCCTCATCCGCCAGCTGGGTGAGGGTGTCAATGTCGTAGAGATACACTTCCTCAATATCCGCCACGTCCGGAGAGATGTTGCGCGGCACGGAAATATCAATCAAAAAGAGGGAGCGGTATTTACGGGAGGCGCGCAAAGGCAGCAGCGTTTCCCGGGTGATGATGCAGTGGGGAGCAGCGGTGGCGGCCACCACCACGTCAATATCCCTGAGATAGTTCCCCCACACGTCATACCGGATGGCCTGGCCGCCGATCATGCCCGCCAGCTCTACCGCACGGTCAAAGGAGCGGTTGGCCACATAAATGCCCTCAGCACCCCGGGCATGAAGGGCGCGCCCCGTAACGCGGCTCATCTCGCCCGCCCCCAGAATAAGGACGCGGGTGCCGGAAAGATCCCCGAAAATTTGTTCCGCCAGCTCCACTGCCACGGATCCCACGGAGGTTGCCCCGGCATGAATCTGGCTTTCCGTCCGCACTTTTTTACCGATAGTAAAGGCTTTCTGAAAGGTTTTGTTGGCGCAGGCCGCAGTTACTCCGGCATCCAGGGCCGTCTGGTAAGCCGTTTTTACCTGTCCGAAGATTTCCGTTTCCCCCAGCACCATGGAATCCAGGCCGCTCAGCACGCGGCACAGATGGCCTAGAGCATCTTCTCCCTGATGGCTGTAAAAATAAGAAGCCATATCCAGTTCCCCACGCCCATCACCCAGAAAATGGGATAAAATGTGCTCCTGCGCATTTTCCGGAGCGTTGGACCAATAATAAATTTCCATGCGGTTGCAGGTGGAAAGCACAACGCACTGGTCCACTCCAGGAAGGGAACGGATGCGCTGTCCTTCCTCCCGGAGTTTATGGGACGGCACGGCAAACCGCTCCCGTATTTCCACGGGAGCGGTCCGGTGATTCAAGCCTAAACAAACCATTCTCATCAACTTACCAGGAAAATGCTCATGGATGCAATAAAGAGGGCCACGCAGCAGCAGGCCAACATCCTTCCCGGAATGCCGCGGCGGTAGATGAACCACAGCAGGACGCTGTAGCCTGCCGTGAGAAGAATGACAATGGAGGTCTTGGCCGCATTAATGGGGAGATTCCCCCGCCACCCAAGCCATTCCCC
NZ_CP071888.1_gap7	253526	254832	1306	ACAATTTATACCGCGATCGGAGGATTGAAAGCCGTCGTCTGGACGGACGTCCTCCAGGCCGTCGTTCTGGGAGTCTCCATGCTTTCCGCCCTGTGGGTACTGTTCTCCCATATCCCCGGAGGGTGGAGCTCCATCTCCGCCGCCATGAATGGTGGAGACGATTGGAAATTCTTCTCCTGGGGAACCGGAGAAGGCCTGGACTTCCTCCAACAAGGCGCCCGCGTGCTGGGCCAGGAATACACGGTGTGGGCGGCCTTCCTGGGAGCAACCTTCATCACCATGGCTACGCATGGCACGGACCAGGACATGGTGCAGCGCATGCTGGCGGCAAAAAACAGCAAGGCGGGAACGCGTGCAGTCATCGTATCCGGCTTGCTGGACTTCCCCATCGTCATCATTTTCCTCTTCACGGGCATTCTTCTCTATGTCTTCTACCAATACAACCCGGCAAACCTCCCCGCCGACACGCCGCAGCTGCATGTGTTTCCCTACTTCATCATCCATGAACTTCCCAACGGCATCCGCGGGCTGCTGATCGCCGGACTTCTGGCGACGGCCATGGGCTCCCTCTCCACGGCTCTAAACTCCCTGGCGACTACCGCCACCAAGGACTGGTACCAGGGGATATTCAAACCGGAAGCCACGGAACGGCAGCTGCTCCGGTGCGTGCGCTGGGGAACGGCCGTTTTCTCCCTGCTGCTCATCCTCGTGGGTTCCATCACAGCGTGGTATGTGGTGCATCACCCGGAAGTCCGCATCATCCAAATAGCCCTGGGCATTTTCGGCTATACCTATGGCTCCCTGCTTGGCATTTTCCTGTTGGGAATGCTGACCCGCACCAGAGGCAGCGACTCAGGAAACATCATTGCCATGGCGGCAGGATTCTTTGTCATCGCTTTACTGACGGAACTCATCCCTCTGCCCTCCGGCTGGCAACAATATGTTCCGGAAATAGCATTTCCGTGGCGCGTGACCATCGGAACTCTGGTTACTTTTACCGTCGGCTTCTGTTTCAGAAAGCGCCGCCTTCCCATGCGCTGAACGGTGAACGCCGTTCCCCCCCCCGGCCACATTCAGGTTCCGCATTCCCCTTCAAACCTCCCGTCAATGGGAGTAAATGTGCAAGCGAAAAATAGGGGATTAGGGGATAAAAATCCCTGAGGGGGGGCGTTCCCTGTCCAACGGATGCGCCGAAACTCCTTCTCCCGGACGCAAAAGCGCCACTTTCCCGGGAAAGGAAAAGCGGCGTGAAACGGAATGGAAACGCGCTCCCTTTGCTACACTTCTTCCGGGGACAGCCAGCGGA
NZ_CP071888.1_gap8	305306	307396	2090	AATCGGCGGCGCTGAAGGAATGCAGATGCATGGCTATCGCCCCGGGCCGGAAGCGGAACGAAGGATCCGAAAACGGTCCGTTCGCATTCCCCGCATACCACCCGCAGTAAAGAGCCGTATCCCGGCTCAAGGGGAATTTTTCCGGCAGGGTCTGGGGCCAGTCATCCAGATAAGCGGGAATGCCCGCCTCCCTCACGCGCTCGAACACGTCGTCCATCCACCGGTCCCCCTGGGCATAGGGGCCGCCCCGGTCCACAACGGCCCACCCCCATAAACCTTTTTTCTCCACGTTCGCCGGTTCCGTCACCAGCCGCATGCAGGTATCGGGCGTCAGTCCGTCCAGGCGGCATACCAGAAACGAAGGAAGGCCGGAACCCACAAAATCCTCCCTTTTATTAAAATAGGGATTCACCTGCCAGGACTTCCTTTCATAACCGCCCACCGCCAGCAGAGCCAGTTCGGAATCCACCGCAGCGCGATCCGTCTGCATCTGGTTGACGCCTTTCCCGGGAAGGGGAGCGGGCGTTTCATGCCGTATCTTCATCGGCAGGTCCGCCATCAGCACCAGCACAAAGATCTTCCGGTTCATCAAGGGGGAGGACGCAATGCCGGAAGGCACCCACCACCGTTGTTTCCGCGCCGTCTCCAGCAGCGGGACGCGGATCGTCTCCTCATACTCCTTCCGCGAAATCTCGCCGGTCATGGGGCAATCCAGGGAAACGAGATTCCCTTCCGGAACGCCGCGCACCCGCGCATATTCCCTGGCCATGCGGCGGCTCAGCTCGGATTTTCCGTTATAAACCACGGCCACATGAGCGGGCAGCAGCTCATAGGCACACGCGGCGGAAAACCATGACGCCAGCAGAAATAACACGGCGAATCCACTCTTGAACATGCCCCTACCATACCTCATCTTCCGGGGCAATCAAGCAGGTGAAAAGGCCGGCCACGAATTCGCCATTTTTCCGCTTTTCGCTTCACATCTTAAAAAAATCCGCTTTAATAACTCTTGATGTATTGCAGGCCTCCCCCCTGCATTCCCCTATAACCATCACACGCATATGATTCAGCAAATTGACCATATAGGCATCGCCGTCAAGAGTCTTGACGCCACCGTTCCCTATTACCGCGATGCGCTCGGGCTCGGCGAGCCCCACATTGAGGAAGTCCCCACTCAAAAGGTCCGCGTCGCCATGTTTGACGTTGCCGGCGTCCACATCGAACTGCTCGAACCCACCTCTCCGGAAAGCGCTATCGCCAAGGCTATTGAGAAAAAAGGGGAAGGCATCCACCACATCGCTTTCAAGACCAATGACATCGCCGGAAATATCTCCCAGGCCAAGGAAGCGGGCCTTACCGTGCTGAACGACCCGCCCGTCCCCGGCGCCCACAACACGCAGGTCACCTTCCTGCATCCCAAATGCACCTTCGGCGTCCTGACCGAATTCTGCCAGCACCCCGGCGGCTGCGAATGCGGCAAGTAACATTCTCCCTATTCACCATACCACTATACCAATGGCTATTGATCCCAAATTGATTGACGATCTGAACAGCCGCCGCAAGAAGGTAATCCTCAGCGGCGGTCAGGAAAAGATCGACAAGAGACATGAAAAGGGCGAAATGACAGCCCGCGACCGCATGGGGTACCTCTTTGAGGAAGGCACCTTCTCGGAAATCGGCATGCATGTGCGCCACAACTGCCACAACTTCGGCATGGGCAAGAAGGAAATCCCCGGCGACGGCGTCGTTTCCGGCTTCGGCCTGGTGGACGGCCGTCCGGTGGCCTGCGCGGCCTCCGACTTCCTGGCCCAGGGCGGGTCCCTCGGCTACATGCACGCCATGAAAATTGCGGATGCCCAGAAGTACGCCCTGAAAGCCGGCATCCCGATGGTGACCGTGAACGACTCCGGCGGCGCGCGCCTCCAGGAAGGCGTGGCGGCCCTTTCCGGCTATGCCCAGGTGTTCTACAACAATGTGCTTGCCTCCGGCGTGGTTCCGCAAATCTCCATGATTCTGGGTCCCTGCGCGGGTGGCGCGGCCTACTCCCCCGCCCTGACGGACTTCATCATCATGCGCAATTCCGGCAACGC
NZ_CP071888.1_gap9	317836	320760	2924	AGGGCCATTTGTTCCTGGGCATGAATCCCGGCCCCTTCGGCATGGCCCAGACGGGCGTCCCCTTCGGGGAAGTGGATGCCGTCGTCAACTGGCTGCACATCCGCGGAGAGGTGGGGCGGCCGGAACATACCCATCCCAAACGTCCCGTGGAAGGCTTCGGCTGCCCCAGGTCGGAAGTCAGCGGCCGCCGCCTTTGGGGACTTTTCGCGGAAGCTTTCGGCACCGCGGAAAACTTCTTCCGGCACAATTACGTGGCCAATTACTGCCCGCTGATTTGGATGGGCGCCACCGGGGCCAACATCACGCCGGACAAACTGCCGGCGGAACAGCGCGCCGCCGTGGACGCGGTATGCATGGAGCACCTGCTTTCCCTCATCACCATCCTGAATCCCCACACGCTGGTAGGGGTGGGAGCCTACGCCACGCAGAAACTGCGGGACGCCGCCTCCCGGCTCCCCGGCAAGAACTTCACCATCGGCACGTTGCTCCACCCAAGCCCCGCCAGCCCCATCGCCAACAAACTCTGGCCGGAACGCCCCATCCAGCAGCTTAAGGAACTGGGCATTTTATAAAGAATGGGGAGGTTAGAGCGGAGAGTTCCGTGACATGAAAGGAATCACCGAAGCAACAAGCCGGAAATTTGCGGTTCATGTTGTTCACCTGCGGCAATTCCCGCGCCACGGCGGGAGCGGGCCCGTGTTTTCAAACAATGATTGAGACGCGGCGCCGGCGTCACCGGGGCGGAGAAGGACATAAACGCCTCCCCGCCTCCATTGCAAAAACAGCCTTCCGCCAGACCAATCATCATCTTTAGCCGGAAAACCCTCCGCTCTCCCCCGCAGGCCTTTTTACTGGACAGGGAGAAAAGGGTTCCGTACAGTTTCCGCGATCTTCAAGCGTTCCGAATTTATGGCAATTTCAGATTACATCGTGACCATTGGCCTGGAAGTCCACTGCCAGATCAAGACAAAGAGCAAAATGTTCTGCTCCTGCGAAACCGGCTTTGGCTTTGAACCCAATACGCGTGTGTGCCCCACCTGCCTGGGGCTGCCGGGCGCCCTGCCCGTCCTGAATGAATTCGCCATTGAACGCACGCTGCTGACCGGCCTGATGCTGGGATGTTCCAGCCCGGAGATTTCCCAGTGGGACCGCAAGAATTATTTCTATCCGGACATGGCTAAAAATTACCAGACCTCCCAGCTGGATCTTCCGCTGTGCCTGGGAGGGGAAGTGCCCCTGTACCCCTGGTCCTATCCGAATGACGTGATCAAAGCTGGCGTCCCCCCTTTCCGCACCGTGAAGCTGACCCGCATCCACTTGGAAGAAGACGCTGCGAAGATTACCCATCACGCCAATTATTCCCTGATTGACTATAACCGCGCGGGATCCGCCCTGATGGAAATCGTTTCCGAGCCGGACATCGACACCCCGGAAGAAGCCTATGCCTATCTCAAGTCCCTCCAGCAGATTCTGAATTACGGGGATATCTCCGATGCGGACATGGAAAAGGGCCAGATGCGGTGCGATGTGAATATTTCCCTGCGTCCTCACGGGCAGAAAGAATTGGGCGCCAAGGTGGAAATGAAGAACATCAACTCCATGTCCGCCGTCCGCAGAGCCCTTCATTATGAAATCCGGCGCCAGGCGGAAGAACTGGACATGGGCATTCCTCAAATCCAGTCCACCCGCCGCTGGGACGACGAACGCGGAGAAAGCGTCGTCATGCGTACCAAGGAAGACGCGCACGATTACCGTTATTTCCCCTGCCCGGATCTGGTTCCCGTACGCACGGCTCCCCTGGTGGAGAAGGTGCGCGGACAGATTCCCGAGCTGCCTCAGGAACGGCAGAAACGCTTCATGGAGGAATATGGCCTGAGCGAGTATGACGCCAACGTGCTGGTGGGGGACCTGGAGCTGGCACGCTTTTTTGAAGAGGCGGCGCAGGGAACCGCCAGCGGGAAAAAAATCGCCAACTGGGTTATCAACAATATTTCCGCCGTGCTGAATGAAAAAGGCATGCGGCCGTCTGAATGCCCCGTGAAACCCGGAGCCATCCGGGAGCTGATCGCCATTATTGACGACGGCACCGTTTCCAACAACCAGGCCAAGGACGTATTCGCCAAAATGTGGGATGAGCCGGCCCTCGCCGCAGCGCAGGCCGCCAAGCTGCTGGGCTTTGAAAAGGCGGATTCATCTTTTCTGGACGGCATCGTGCGGGAAGTTATTTCCGCCAATCCGGACAAAGTAGCGGAAATACAGGGCGGCAACGAAAAGCTCCTGAACTGGCTCACCGGCCAGGTCATGAAGGCCGCCAAAGGCAAAGCCAACCCGAAAATCGTGACGGAAGCGCTGAAAAAATCCCTTTCCATGGAGTGACCCCAAACAAAGAGCCACGTCTTTTACCGGTTCCCGGCCCTTGCCCGCAGGACATCACGGTTTGAACAGTTTCCTGTTTCCGGCCAGGGTATTCCATACCTGCTTCACTTCCCCGGCCAGCGTCTGCTTCATCATGGCAAGGGAAAAGTCCGCGGCCTGGCCCATGCTAATGTAAGGAGGCAGAGCAATGGCGTCCCTGTCCACATGCGCGTCCAGCAGAGCGGGGCCGGGATAATTCAGGAACATGTCTACCATCTGGTCCACCTGGCTGGACTTATCCAATAAAAAGCCTTTGATGCCGACGGCATCCGCTACGGCGGCAAAAGAGGGGTTGTTCAGGTTGATCTGCCATGGAATCAGCCCGGCCGCCTGCATTTCCAACTGAATGAAATCCAGGCAGTCATTATTATATACCACGATTTTCACCGGCAGCCTGTACTGGACAATCGTGATGAGATCCCCCAGCAGCATGGACAGGCCGCCATCTCCGCACAGGGCAATTACCTGCCGTCCGGGGAATTCCATCTGCGCCCCAATGGCCATCGGCA
NZ_CP071888.1_gap10	347439	349253	1814	AGCCTGACGTTCAGGCAACAAACCTATCCCCCCTTTTTACTGCCCTTCCCTAAAAAACGCCCCGGTCTCCCTCCAGGAAACCGGGGCATCCATAATCACATGGAAAGAAAAAGAGAGAATCAAACAATCCAGTCCAGAACAACCTTGCCGGATTTTCCCGAATTCATGGCTTCAAACCCTTCCCGGAATTCCGTGTAGGGCAGACGGTGCGTGATGATGGGCGCCACATTCAAGCCACTGCGGATCATGGAATCCATTTTATGCCAAGTTTCAAAAATTTCACGTCCATAAATGCCTTTCATCTTCAACCCTTTCCATATGAACTTATTCCACTCGATGCTGGAACCATCGGGCTGAATCCCCAGCAGGGAAATGTTGGCTCCGTTGCGGGAATTGTCGATGATGTCCTTCAGGCAGGACGGAGCGCCGCTCATTTCCAGGCACACGTCAAATCCCTCCGTCATTTCCAGTTCCTTCATCACGTCTTCCAGCTTTTCACGGGTCACGTTCACGGTTCGGTCCGCCCCCAGCGTTTTGGCAAGACCCAGGCGGAAATCATTGATGTCCGTAATAACCACCGTCTTGGCTCCGGCCTTCTTGCAGACGGCGGCAGCCATGCAGCCGATAACCCCGGCTCCCGTAATCAGGACGTCCTCGCCTACCAGATCCCAGGACAAAGCCGTATGGACGGCGTTGCCCAGCGGGTCAAAAATGGAGGCGATTTCCATCGGAATGCTCTTGTGGATGCGCACCACGTTATCCTGCGGAATGGAAAGGTACTCCGCAAAGCAGCCGGGCCTGTTGACTCCCACACCCTTTGTGTTGGGACACAAGTGCTTCTGCCCTGAACGGCAGCTGCGGCAATGGCCACAGACAATATGCCCCTCACCGGAAACAATCTCCCCGGGCTTGTATTCCGTCACGGAAGAACCTACGGACTCAATCACGCCGCAGAACTCATGGCCCACATGCATCCCTACCGGAATGGTCTGCTGGGCCCATTTATCCCAATTCCAAATATGAAGATCCGTGCCGCAAATGGCTGTTTTATGAATTTTGATCAGGACGTCATTCGGGCCGACTTCCGGCATAGGAACATCCATCAATTCCAAACCGGGGCCAGCCTGCGTTTTTACAAGAGCTTTCATGCCCCCCATTCATGCTCTTTTTCCCCTGCGTCGGCAAGCTCAAAATTCATTTCGGAGCGCCGAAAAAGCCTAGGGAACGGAGGCTTCCGCCCCCCCTTCCCTTCCCATGGAAACGCCCGGAGCAGCGGCGGGCGACAAACGCCGGAAAGACATTCCTGTTCAATCGACAATTCAGACACACACGCAATTTGCCCTTTCCAACAGGAAGGAATCATGATACCAAGGCGTGCGAGTTCTCCTTTTGAACACTTTACTCTATTTACAGAACCATGGCGAAATCATTTTTACCCACCATTTTCGAGCACCCGTATGAAATAGACCCCAAATATGGGAAAAGCGTTGCGTACTTCTCCATGGAATACGCCATTGATAATTCATTTAAAATCTATTCCGGCGGTCTGGGCTACCTGTCCGGCTCCCATATGCGCAGTGCGCATGATCTGCGCCAGAACCTCGTAGGCGTCGGCATTCTGTGGAGCTACGGCTACTACAACCAGATCCGTGCGGAGGACGGATCCATGGCCACGCAATACATGCGTAAAAACTACCCGTTCCTGGAAGATCACAACATCAAATTCCTCATTCATGTCTGCGGAGCTCCCGTCTGGGTAAAAGCCTACTTCCTGAATCCGGAAACATTCGGCACTGCGCCCATGTTCTTCCTTT
NZ_CP071888.1_gap11	354814	359570	4756	GGCCTTTTCCCGGTCAGGGGGCAAATACTTGCCGTCCCGGAACATTATGCCCAGTTCCATCACGGCTCCCAAATCTTTACGGGAGGCCGCTTTCTCAAACCATTCTACGGCCTTGGCCGCATCCTGCGGCACTCCCAGCCCATCCCGGTACTTAAATGCCAGAAGGCCTTGTGCTGTCAGGTTGCCGCTTTCCGCTGCCTGAAGAAGATATGGGACTGACTTTTCCGGAGAACTGTCCGGAACCAGCTTTCGTTCATAAACAAGGGCAGCCCATAACGCCGCCTTGGAATCACCGTCATCCGCCTCTTTCTTCCACGTCTGGAGAGATTTTTTATAATAAAGGGCTGCCGTTGCTTCATCCTTCGGTCCTCCTGCTCCCTGGGAAGCCATTACAGCCACCTGGTACTGTGCCGCGGCATTACCGCTGTCAGCAGCCCGGGTAAACCAGTACCGGGCCCTTTCCAGGTTCTTTGGGTACAGGCGGCTGCCTGTATAAAACAGCTTGCCCAAATCCAGCATGGAATCCACATCTCCGTTATTGGCCCTTTTCTCTGCCAAGGAAACATACTCGGACATCCATTTGGACGTTTCCGCAGCATTACCCTCCACGTCATAATGCACAGCCAGCTCCCGGGCGGCAGCTGGATCCCCATTCAGAGCTCTTTCGCGGAGACCGGACAAGTAAGCCTCAAAATTTCCCTCCCCGGCAGGCTCCGGAGAGGAAATATTCTGAGAAGCAAGAAGTGGATGCTGAACGAGGGACAGTCCCCACAATCCGGCAAAAAGCCACCATCTGCAATGTTTCTTCATACCGGAACAAGTCATTCATTAATGGCCCCTGTTTCCGCGGGAAAAACTGCTGGAGGACCTGCCTCCAAAGCCCGGCTTACGAAACCCGCCTTCACGCCTCTGAAAACCTCCTCCGCGGCGGTCTCTCCCAAAACCGCCTTCACGGCGTTGGAACCCTCCTTCACGACGGTTTTCCCTGAAACCTCTCTCCTGATGCTGAAAACCTCCTTCGCGGCGGTCTCTCCCAAAACCGCCTTCACGGCGTTGGAATCCTCCTTCACGACGGTTTTCCCTGAAACCTCCCTCCTGATGCTGAAAACCTCCTTCGCGGCGGTCTCTTCCAAAGCCGCCTTCACGGCGTTGGAACCCTCCTTTACGTCGCTCTTCTTTGAAACCGGCCTCGCGGCGCAGGGCCCCATCCCCGCGGCGGCCGCGGAAGCCATCTCCACGACGATGAAAATCTCCGCGGCGGTCACGGGAACGGAAGCCGGAATCTCCCCGGAAATATCCATCTTCCTTGACTTCACGTTCATCCTCCGTCTCCACAAAACGAGTCTTCATTTCCGGAGTAGGTTCATAAGAATCCCCAGCTTCAAAATCTTCCGGATTAAACACATAATCCTCATCGGAATCAACGCCTCTTCCGCCCTGCTCACCCTTGGCGCCCCCCCCGGCGACAAGCTGGGAAGCACCTAGGTATTTACGCTGGCGGGGAGGATTTTTCAGTGACAGAGCCACGTCCGCATCATCCAGGAATTTCCAGCCCCCGGGTTCCAAGTCCCCTCCCCACAGGGAGCCGATGCGCACGCGCACCAACTTGCGGACACGAAGGCCCAGGCACTGGAACATTTGACGCACCTGACGCTTCAACCCCTGTTCCAAAACAATGCAGGCACGGCGCGCGGAAGCGCGGCAAACATATTTGGCCTTGGCATTTCCCTCCGGAATGCGTACTCCGCGCAAAAACTGCATCAGTACGGAATTATCAAAATTCTGATCTACCGTCACCCAGTACTCCTTTTCTATGCCGCCGGTAGGATGGGAAAGAACCTGGGTCAATTCCCCCTTATTCGTCATAATCAGAAGACCTTCGGAATCGGCATCCAGCCGTCCCACATAATTCAGATGGCGCAGGCGCGGTGGCAGCAGGTCGTAAACAGTACCTATGGCTCCCTGCGCTTCGCGGCTGCACACATACCCGCGGGGCTTGTTCAACAGCACCACAACCTCTTCCATAGGGGTCATATGGCGGCCGTCCACCTTCACGAAATCCTTCTCCGTCACCCTCATCCCAGGCGTATCGATAACCTTCCCGTTCACTTCCACACGTCCTTCTCCAATCAGCCTGTCGGCCACCCGGCGGGAGTCAATGCCGCAGGAAGCCAGGAATTTATTAATGCGGATACCTCCGTTTTCTTCGGAGCCATGTTGTTCTTCACTCATATTGGTATAATGTCCGCTATCTCAGCGGATGATTTTGTATTGTTTATATTACGGCAATTCACATCCTCAAAAAGAGGAGACTTTCTTTTGCCGGAAGAAAAAAGCCTCTCGGTTCATAGACATCCGAGAGGCTTCCTGTATTAGGAAAATGACTTGCCGTGCAAACTCCGCCGGGAAACTCTCCGGAGAGGATAAAGACAAGCTTAAGCTTCATGCTTGGTCTTCGGCAGGCCGAGAGGGCTTTGGCCCTTCTTCCATTCGCCGCGTTCCTTCAGAAGCTTGACACGTTCAAAACGCTTCAGGACGGAACGCTTGCCGCCTACGGTACCGGTTGCTTTGAGGCTGGAATGCTTGGACATGATCTTGTGTTTGTAAAAGGTTCAGAAAAATACTTTACACCACCCTTGCAGTGGCAGGCGGGATTTTATAACGGAAGGTTCCGAACTTGGCAAGAGAAATTTGGCGCAATAGCCAAATATATCACTCTGTGGCATCCCCCGGATGCGATTCCAGCCACTTCCTCCACAAATCCGGACGGTTCAGGCGCGTACGCTCCAGAGACTTCCCGTGCTTCCATTTTTCAATGGCGGGGTGGTTGCCGCCCAGCAAAATCTCCGGAACAGCCAGGCCCCGGAACACGTTCGGCTTGGTATAGGCGGGAGCCTCCAGCAAACCGTTGGAAAAAGATTCCTCCACGGAAGAACGCTCATCCCCCAGCACGCCGGGAATCAGGCGCGCTACGGCGTCAATTACCACCACAGAGGCAATGGCCCCGTTCGTGAGAATATAGTCCCCGATGGACAATTCCATATCCACCAGCTCTTCTACTACACGATGGTCCACCCCCTCATAATGACCGCAGAGGATAATGAGATGGCCTCCGGAGGCAGCCAATTCCGCGGCCAATGACTGGTTGAACGTACGGCCCTGAGGAGTCATCAGCACAACGCGGGTTTCCCGCCGGCGAAGTTCCTCTACGGCGGCAAAGATAGGTTCCGGCTTCAGCAGCATGCCCTGCCCCCCTCCGCAAAGGTAATCGTCCGTTTTGCGGTGCTTGTCCGTCGTCCAGTCACGGATATTATGGCAGCGTATCTCCAACAATCCCCTGTCACGGGCCTTTCCCAGAATGCTGCCGCCAAGAGGGGCTTCCACCATATCCGGGAACAGGGACAAAACGTCAATCGTCAGTTTGGCGGCCATAAGAAAAAAACATCAGCGTTCGCGCTTATGGCCGCGCAGCATGGCCTCAATGAACGGATCCAGGTTGCCGTCCATCACGTCCTGAATATTGCCGGACTCTACTCCTGTGCGCAAATCTTTCACCATTTGATAAGGCTGAAAAACATAGGAACGGATCTGGTTGCCCCACCCGATGTCTCCCTTCTCACTGTACTGGCGGTCGGCTTCCGCCTGCTTTTTGTCTTCCTCAATCTGGTATAGCTTGGCACGCAGCATATTCATAGCCTCTTCCTTGTTACGAAGCTGGCTGCGCTCATTCTGGCAGGCCACGATCACACCGGAAGGAATATGCGTGATACGCACGGCGGTTTCCACCTTGTTCACGTTCTGGCCGCCCTTGCCGCCGGAACGGTAGGTATCCACCTTCAAATCCTTGTCCAGGATTTCAATATTGATGGAATCAGAAACTTCCGGCGTCGCGTCCAGGGAAGCGAAAGAAGTATGTCTCTTCCCGGCGGAATCAAAGGGAGAAATGCGCACCAGCCGGTGGATGCCGCGTTCATTCTTCAAATATCCGTAGGCATACTCTCCATCCACCTTCAATGTCACGGAACGAATGCCGGCGTCATCCCCGTCCGTACTCTCCAAATACGTCACGGAAAATCCCCGGCGCTCACACCAGCGGATATACATGCGCAATAACATGGATGCCCAGTCACAGGCTTCCGTGCCGCCGGCCCCGGCGTGGATGGTTACATAACAGGAAGCCTGGTCCTGCGGTCCGTTCAGCAGGGTCAGCAATTCAAAATCCGCCAGAGACTTCTGCCATCTGGCAAACTCTTCCACAGCCTCCCGGCCCAGGTCATCGTCATCCGCCTCCTGAGCCAGCTCAATAGCAGCATCAATATCCTCCAGACGGGACTTCAGCGCGGAAAACGCCTCCATCCTGTGTTTCAGGGGATTCACCTCCGCCATCAGCGCCCGTGCGGCATTCTGGTCATCCCAGAAATCCGGGGCGCTCATGCGTTCATCCAATTCGGCTACTCGTTGTTGAATGCCGTCCAGGTCAAAGATAGCTCCCGAGCTCGGAAAGACGGCTATGCAGGACAGCCGTGTCGAGCGCCGAGAGATCTGCAGCGATATGGGGATCCATGCGCGGGAACCTATCACGAATTACCTGGACGGAAAAGGGCAAAATGCCGTTTCTCCAAGTCATCCTCTTTTACTCCGACTCGTACCGGGACATTTCCGAGAATAATAACACTCCGCACGCTGAACAAAACCGCTCCTCTTCCGCAGGAAGAACATCTAACAGGAAATGAATATTTCCGAAACCAAGCCCACT
NZ_CP071888.1_gap12	362023	362946	923	TCCCCCGCCGGGCGAAAAATCGGTTGCTTTTAATATCAGTTTCACACAAGAACTCAAGGCTTTTCTTGAAAAACTCCTCCCGATTTTTTACGGAACCTGCGGAGCCCCTCTGGACGGCGGCAGAAAACGAGCGCACAAAAACCTTGTAGCACTTCCGTCCCATGTTAAATTCCGGCTAATGGGAAAATGCAGGAATACCTGCATCTATCAGCCACTCCTGCCGCAAAACCATGAAAAAAAACCTCCTTTACCTGCTCGCAGCGGGGCTGTCCGGAACAGCCTTCCTTCACGCCGCGGATACCGTCAAACTGGACCAGCCGGACCTGGAACGGGGAGCTCCGATCATGAAAGCCCTGTCCGACCGTCAATCCATTCGGAGCTTTTCTGAAAAAGCGCTATCCCAAAAAGATTTATCAGACCTGCTCTGGGCGGCCAATGGCATCAACCGTCAGGAATCCGGCAAACGTACAGCCCCGTCCGCCATGAACCGCCAGGACGTTAAAATTTATATATGCACTAAAAACGCCTCCTACCTCTATGACCACAAGGCCCACGCCATGATTCCCGTAAACGATGGGGACGTGCGCCCGGCGGATGCCCCCATATGTCTCATTCTTGTAACGGATACGGCGGAACCCTGGGCTGCCATGGACGCCGGCATTGTCTCCCAGAACATCTCCCTGTTCTGCTCCGGGACGGGACTGGCTACCTATCCGCGTGCCAGCATGAACAAGGATGCCCTGGCAAAGGCCCTGAAACTAACCTCTCTCCAAACACCCATGCTCTGTCATCCGGTAGGATATAAAAAATAACTACTTCCGGCTACATTCTCCGGACAGTCCGGAAAAGAAACCATCAGAAATGGAAATGAATTCCACAACAGGCGGAATTATGGTTCCGGCAGAATATCCATGTAGATGCCG
NZ_CP071888.1_gap13	432265	435838	3573	GGCTTTGCAGAACAGGTAGAGGCAGAGGCGGACATTGCCATAAAAACGGCGGATCTCATCCTCTTCGTGCTGGACTGCCGGGATCACCTTACCCCTATCGACCAGAACATCGCGGACCACCTCCGTAAATCGGACATTCCCGTTATCCTCCTTCTTAACAAAGCCGACCACGAAAAACAGGACCTTAATCTGGGCGAATTTACCGGACTGGGTTTTGACGACCATATCTTTCTTTCCGCCGCCCACGGCAGAGGCTTTTCCGAATTAGCCTCCCGGCTGGACGGTTTTCTCAAGCAGAAAGGGGCTCCGCTTAAAGAAGAACTGGAGGAAGAACCGGAAAACGGAGAGGAAACGGCCCTTCCCATCAAGGTAGCCGTAGTGGGACGCCCCAACGCAGGCAAATCCTCCCTGGTCAACGCCATCCTCCGGGACAGGCGCACCATCGTCTCCAATGTGGCGGGCACTACCCGTGACGCCATTGACATCCCCTATCTGCACGACGGCCAGCCCTACGTGCTGATTGACACCGCCGGCATGCGTCCCCGCTCCCGTCGGGACACCTCCGTAGAAGTTTTCTCCGCCATGCGCAGTGAAAAAGCCATCCGCCGGGCGGATATCTGCCTGCTGGTCATTGACATTGCGGCGGGCATCACGCAGCAGGACCGCCGCATTGCCGGCATCATTGCGGAAGAAGGAAAACCCTGTATCATCATCGTCAACAAATTCGACCTCTTCCATCCGAATGCCTCCCGCAAGGACCGCATGGCGGAAGTGGAAGAACAGGTGCGCAGGGAACTATTCTTCATCAACTACGCGCCTTTCATCGCCACCTCCGCCAAAAAAGCGGAAGGCGTGGAAATCATCTTCAAAGTCATCACGCGCATCCGCCGGGAATCCCATAACCTGCCCACTACCGGCCAGCTCAACCGCCTGATCCAGCTTGCCCAGCAGATGAATCCTCCCGGCGCCGCCAGCGGCTCTGCCAGAAGGTTGAAAATATATTACGCCACCACAGCGGTGGACCCCAAGTACAATACTATTCCCGTCCCGCGCTACGTTCTTTTCGTCAATGACAAAAGCCTGCTCACGGACAGCTATTCCCAGTACCTGCGCAACAAAATAAGGGAAGCCTACCCCGCTCCCGGCATTCCGGTCATCTTCTCCGCCCGTTCACGCGTGCGCAACGACTGATCATCCCTCCTTCTCCGCATGCTCTCCGTCAGGAACCTCAGCGCCTCCTTCCACACCAGGGCCGGCATTGTCCGGGCGGTAAGGAACGTGTCCTTTGATGTAGCCCCGGGGGAAACGCTTGGCATCGTGGGTGAATCCGGATCAGGAAAATCCGTCACCTGCTACTCCATAATGGGGCTCATTCCGATGCCTCCGGGCCGCATTGAAAGCGGTTCAGCCATGCTGGACGGCACAGATCTGCTCCGTTGCCCGGAAAAGGAACTCCGGGCCATCCGCGGCAAACGCATCTCCATGATCTTCCAGGACCCCATGACCTCCCTCAACCCGTACCTGACCATCGGGGAGCAGGTGGCGGAACCCCTTGTCATTCACGAAGGGGCCGGCAAAAAGGAAGCGCGGACACGCGCGCTGGAACAGCTTGCCCTGGCAGGCATACCGGATGCGGAACAACGCATGGACGCATACCCCCACCAATTCTCCGGCGGCATGCGCCAGCGCGTGATGATTGCCATGGCCCTCATCACCAGACCGGAAATACTCATCGCGGATGAACCCACCACCGCCCTTGACGTCACTGTCCAGAAGCAGGTGCTGGATCTCATCAAAAAACTTCAGCAGGACATGGGCACCTCCGTCATCCTCATCACGCATGACCTCGGCGTGGTGCGCCAATACGCGGACCGCATCAACGTCATGTATGCAGGCCGCATCGTGGAAAGCGCCCCGGCGAAGGAGCTTCTGGAACATCCCCGGCATGCCTACACCAGAGCCCTGATGAAATCCATTCCCGGGCTGCATGCAAAAGGCACCCCCCTCTATACCATTCCCGGACTGCCTCCCAACATGACTCAGGAGCCATGCGGATGCAGCTTCCGCCCCAGGAACACCCTCGGAAACCCGGCGCTCTGCCTCACGGACCGGGAACCGGAGCTGGTGGAAATATCTCCGGGGCACTCAGTCCAGAACTGTCCGGGCTGTCTGACTTAGTTTCCTTTCCTGTTTGCTCGCAGATAATGCTGCGTACAGGAAAATCCTTTTAACTGAATTGATTTCCGCACAATTCTTCCAGAATGCCGTAAAAACGGCCCACATGCACTCCGTCCACCAGCACATGGTTCGCCTGAATGGCTACGGGCATCACCATCCTGCCGGAAACATCCTCCTCCACCTTCCCCCAATGGATAAGGGGAAAGTATTGGTCCCGGAACACCCTGTAGGCGCTGGCCACCTGTGTGAATGGAATCCACGGCAGGCAGCTGAATACGGCGATATCCGCCCTGTGGCACGGATTCGCCTGGGCGGGAGCAAGTTTGGCCGCCTGCACAAGGGGAACGGCATGTTCCAGAAAATCAGGCAGCTCCATCCGGTATTCCACTAAAATCTGAGTGAATTCTCCATCCGCAGCCAGCACCGGAACCAGGGCATTCACGGACTCATACTCCCACACCTCCCCTTCCTCCACCCGCTGGCGCAGCTGGGGAACCCTGTTCAACGCCTTCAGCAGCACAAACAGGCACAAAATGAAAAAGGAAACTCCCTCCCGTTTCGCATAACGGTACAGGGCATCCACCCGGACCGGGGACGTAATGGAAAACATGGGGCAGTCAAACGTCCGGAAATACTCATAATGGGACCTTCGAGGCCAGGAAGCGATTTCTATTTTCTTTTTCATGCACTTATTTTCTATTCAGGGAAGGCTCCCCGTACACGTTTTTGCATTTTTGCTCCGGAAGCAAAAAAACAGGACAGAAGCAGTCAAAGCGACAATATTCCCCGGCTCTCCCGAAAATTCCAGCATGGCTGTTCCCAGCGCCAACGCATTAATTAATGCCTTTATTTATCCAATCATCAACTATGTTGCAATAAAGAACATCCTGAATGCCCCTACCCCTCGCGAACGGAAAGCAAATCCGTTACGGACGCATGCTTCATGCGCCACGCAGGCAGAAGGCACGCCAAGGATGAGAGGGCAAGCACCAGAAGCACAGCACAGGCCAGATGCGCCCAGGGCATTGTGACAGGAGGAGTAACGACGCCGAAGTGATAGCCGTATTCCAAAATCTGGATGGAGCACCAGGCGCCCAGGACTCCCAGCACAAGACTCATGACAACGGAGCACAGGGAAACCATCAGCGTTTCCGCCCAGAGCATCCGCATCACCATGCCGCCCGGCACGCCCACCGCACGCATCAATCCAAACTCCCGGCGGCGGGACTGCACGGAAGCCAGGACGGTGTTAAGTACAGCCAGAACGGCGATCACCATCATGATGATGGGAAGCTTGCTCATCGTAAAAATCACATCGTCCCCGCGGCTGGTAACGCTTCCTCCCAGGCTTTCCCGGGTCAGGGCCTTCACCAGAGGCTTGGCGCCTTCCCCTCC
NZ_CP071888.1_gap14	538856	541039	2183	GTCCTCTATGCGGTGCACATACCCGCCATCCACATTAACCACGCCGTCCCTGTCCAGAAACAAAGCCTTACCCGCCATATATCTCCCGTTCAACCAGTTCGCAAACCAGATGCCCCACTGCAATGTGCATCTCCTGAATGTTGTTCGTGGCATCGGAAGGAACGGCAATGCAAAACTCCGCAACTTCTTTCATCTCTCCGCCTCCGCGGCCTGTCAAGGCCACCGTCCGGACGCCCATCCGGCGCGCCAGCTCCATCGCCAAAACGATGTTCCGGCTGTTGCCGCTCGTGGAAAGCCCCACCAGCAGATCTCCGGGACGGCCCACTCCCTCCAGCTGCCTGGAAAACACCGTCTCATAACCGTAATCATTGCCCACGGCGGTCAGGATGGAAGTATCCACCGTCAGGGCCAGCGCATTCATGGCGGGGCGGTTCAGCTTGTAACGCCCCACCAATTCGGCGGCCAGGTGCTGGGAATCCGCAGCGGAGCCTCCGTTGCCGCAGAACATGATCTTATTCCCGGCCTTAAGGGTATCCGTACAAATGCGGGCAACCTGTTCAATATCCCCGGCCATGGAAGCCAGGGCTTTGAAATTGTCCGCTATCCCTAAAATCTGGTTCCTGATGTATTCGCTCATTCCGGGCTGCTTTTCATGCGGTTGATGATATTGGTGGAGGAAAAACCCTCCAGGCGGGGCAGTTCAAGAGCCTGCCCTCCATAAGATTTCACGAACTGTCCTTCCGGCCAGCATTCCAAGGGATACCCTTCTTTGGCAATCACGTCCGGACGCAGCTTCTCAATCAGAGGCAGAGCCGTATCTTCATCAAACGGCACTACATAATCGACAAAATCCAGGGATGCCAGCAACAGGGAACGCATCTCCTCATTATTAATCGGCCTGTCCTCGCCCTTCAGCCGCTTGATGGAGGCGTCCGTATTCAACCCTACGAAAAGCACGTCGCACGCTTCACGCGCCTTCATAAAGGAATGCAGATGCCCCAGGTGGAGCAAATCAAAACAACCGTTTGTAAATCCAACCACCTTCTTCTCACGGCGGAAACGTTCCGCCAGCTCCGCCGCGGCCTCCGGCGTCAGGATATTGTCGCGGTGACGCCAGGAGGGCGTCTGGATATCCTTCTCCTTCAACGCCTCCTTCAATTCCGTTCCGGTCACGCTGGCCGTTCCGAACTTGCCCACTACGATGCCGGCGGCCACATTGGACACGACCAGAGCATCCGGCACCGCGGCTCCGGCGGCCAGCGCCGCGCCCAGACTGGCGAGGGAGGTATCACCCGCACCGGACACGTCAAAAACATCCCGGGCCTCCGTAGGAATGCAGACAAAATCGGAAGGGCTGGAGGAAGGAATGAAAATCATACCGTGTTCGCTCAAAGTGACAATCAGATTCTCAATGCCGAATTCGGAAAACAGCCTCTGCGCCCCCGCCACGGCATCCTGTTCCCACCCGTCCATGGCAGGATTGAGCGCCACGCCGGTAGCCTCCTGGAACTCCTTCATATTGGGTTTCACCAGCGTGGCCCGCCTGTAGCGGGAATAATCCGCTCCCTTCGGGTCCACAATGACGGGCTTGCGCGCCGCACGGCACCGGGCAATCACATCCGGGGCGGTTCGTCCGTCAAACAGGCCTTTCCCGTAATCGGACAAAAGGACAAGATCCGCCTCCGGCAAACAGGCATCCACTCGTTCAAAAAAACGGGAAGCCAGCTCCGGCTCCATCCTCAGCGGCTGTTCCTGGTCCGCTCTCAGCAAATGGTGCTTGCCCGCCACAAAACGGATCTTCACGGTCGTCTCGTACCCTTCGCACTCCACCAGCTCCGGAACGCAGTGCGTCTCTTCCAGAAAACGCCTTACCTGCCGCCCATGGCCATCATCCCCGACCACGCTGATAAAAGTGGTGCGGCATCCCAGCGCGCACAGATTGGACACGACATTGCCCGCGCCTCCCAGCATGCGCGTCTCCCGGTCCATCTTCATGATGGGAACCGGAGCCTCCGGCGAAATACGGCTGACGCTCCCATACAGGAACTTATCCAGCATCACGTCCCCGATGCAGAGAATCCGCACCCGGGAAAATCCGTCAATCAATGTATGCAGCCGGTTCATGGGAGACGCCTCTTTCTACCACGCCCCCTGTTATAAGGCAAGGACAGTTGAACCGCGCT
NZ_CP071888.1_gap15	575345	579959	4614	AAAAAACCCTTTTATAAAAAAGGCTGACACGACGGCGCAAAAATAAACTGACAAACACCTCATTTTACTACACTCTCACTTCAAACAATTACATCTTATGCACGACGTACCAGAAAATCTGCTGTATTCCAAGGATCACGAATGGATTGAAATTGACGGGGACATCGGCACCATCGGCATTTCAGACCATGCCCAGGCCGAACTCTCCGATGTCGTCTTTGTAGACCTTCCCGAAGTAGGCGCCACCGTCGCGGCCGGCGACCCCGTCGCCGTCGTGGAATCTGTCAAAGCCGCCAGCGACGTGTACACCCCCGTTTCAGGAGAAATCCTGGAAGTGAATGAAGAGCTTTCCAATGACCCCTCCCTCATTAACTCCGACCCCTACGGCGCAGGCTGGCTGTACAAAATCCGCCTGGACGTTCCCACGGAAACGGAAGATATGATGAACGCCACGGATTACGAGGAATACTGCTCCTGAACCATTCTTTCCTCCCCCGCCCCGGTGATTCCATCCCGGGGCATTTTGTTTGGCCCGTCCCGCGGCCGGACGCTATTACCAGCCAGAGATACCACATGAATACCCACTCAGATTTTGCCAGCCGGCACATCGGCCCCCAGGGGGAAGAACGCCGGGAAATGCTTGACAGCCTCGGCTACCGGACGCTTGACGAACTCATTGCGGACATCGTCCCCGCAGATATCCGCATGAAGGCCCCGCTGGACCTGCCCGCAGCCAAATCGGAAACGGAAGCCCTGGAGGAACTCCGTTCCATTCTGCGGAAAAACAAGCTCCTGAAAACCTTCATTGGCCAGGGCTATTACGGCACCATCACTCCCTCCGTCATCCTCCGCAATGTACTGGAGAACCCCGGCTGGTACACGGCCTACACCCCTTATCAACCGGAAATCGCCCAGGGACGGCTGGAAATGCTCATGAATTTCCAGACCATGGTCTCTTCCCTGACAGGGCTGCCGGTAGCGAACGCCTCCCTGCTGGATGAAGGCACCGCAGCAGCAGAAGCCGTCACCATGTGCCGGAACGCGCGCCCCAAAGCAAACACCTTCTTTGTGGCGGACACCTGCCATCCCCAGACCATCAGCGTCATCCGTACCCGCGCCGCCTTCCAGGGCGTTAACATCATCGTGGGAGATTGCTCATCCTTTGACCCCGCATCCATCGGTGCGGATCTGGCCGGAGTGCTTGTCCAATATCCGGACACGCTCGGCCGCATCTGCGACTACACGGACTTCTTTTCCCGCGTGCATGCCACGGGCGCGCTCTGCGTCGTGGCGACGGATCTCATGGCCCTTACCGTCATCCGGGAACCCGGCGCCTTCGGAGCCGATATCTGCATCGGCAACACGCAGCGCTTCGGCATCCCAATGGGCTTCGGCGGCCCCCATGCCGCCTACATGTCCTGCACGGACGCTCTCAAACGCCGCATGCCCGGCCGCCTTATCGGCATGTCCATAGATACCCTGGGCCGCCCGGCCTACCGCCTGGCCCTGCAAACGAGGGAACAGCATATTCGCCGCGACAAGGCGACCTCCAACATCTGCACCGCCCAGGTGCTCCTGGCCGTGCTTGCCGCCTTTTACGCCGTATACCACGGACAGGAAGGCCTCAAACGCATCGGCACGGAAATCCACTTGAAAACCAAAAGCCTGTACAAGGCGCTCACGGAAGCCGGCATCGCCATTGAAAACAAAAACTTCTTTGACACCCTGCTGCTGTCCGTTCCCGGACAAGCGGACGCCATGGTGCAAAAAGCCCTGGAAGCCGGGTACAACATCCGCAGGGTGGATGCCGACCACGCAGCCATCTCTCTGGATGAAACCGCAACCTGTGCGGATATAGCGGCACTGGCCTCCGCCCTTGCAGGTGCGGAAACATCCGCTGCCTGCGATTGCGACGCTCTTGCCTGGGATCCCGTCCACACGCGCCAGACGCCTTTCTGCACGGAAAAGGCTTTCAACTCCTACCATTCCGAAACGGAAATGATGCGCTACATCCGCCGCCTGGAATCCCGGGACCTGGCTCTAAATGAAGCCATGATCCCTCTGGGCTCCTGCACGATGAAGCTGAACGCCGCCTCTGAAATGATTCCCATCACGTGGCCGGAAGCCAACTCCCTGCATCCCTTTGTTCCGGCGGACCAGTCGGAAGGCATCCGGGAAATGCTCTCCGTCCTGTCCGACCGTCTGGCGAAAATCACCGGCTTTGCCGCCGTATCCCTCCAGCCCAACGCCGGCGCCGCAGGGGAATATGCCGGACTGTTGGCCATCCGCCGCTACCAGAAGCACGCCGGAGAAGGCCACCGCAATGTCTGCCTCATTCCCACCTCCGCCCACGGAACAAATCCCGCATCCTCCGCCATGGCCGGCCTCAAGGTGGTGCCCGTCAAATGCGACGAAAGAGGCAACATCGACATGGCAGACCTGAAATCCCAGGCGGAAGCCCATAAGGACAATCTCTCCTGCATCATGGTCACGTACCCCTCCACGCACGGGGTATATGAACAGACAATCAAGGAACTCTGCGACATCGTCCATGCCAATGGCGGCCAGGTGTACATGGACGGCGCCAACATGAATGCCCAGGTAGGTCTGACTTGCCCCGGCTGCATTGGCGCGGACGTCTGCCACCTGAACCTGCATAAAACCTTTGCCATGCCGCACGGCGGCGGCGGTCCCGGCATCGGGCCCATCGGCGTAGCGGAACACCTCGTACCCTTCCTGCCCGGGCACCTCACGCTGGGCCATGAAGAAGGGGCCGTAGCGTCTGCGGCGTGGGGAAGCGCCTCCATCGCCGCCATCTGCTGGATGTACCTCTCCATGATGGGGCCGGACGGCCTCAGGGAAGCCACGGAAATGGCCATCCTTAACGCCAACTACATTGCCAAGAAACTCGGACATCTCTTCCCGGTTCTCTACTCCGGCAACAAGGGGCTGGTGGCGCATGAATGCATTCTGGATCCGCGTCAGCTCACTCATGACGCCGGCCTCACGGTGGATGACATTGCCAAAAGGCTCATGGACTACGGCTTCCACGGCCCCACCATGTCCTTCCCCGTTCCGGGCACCCTGATGGTGGAGCCGACGGAATCGGAACCCAAAAAAGAACTGGACCGCTTCATTGAAGCCATGGAACGCATTCATGCGGAAATCACGGCCATTATCAACGGTACGGCAGACAAGGAAGACAACGTCCTGAAAAACTCGCCCCATACCGCAGAAATGGTCTCCGCCGACGAATGGCGGCACCCCTACTCCCGCAGTGAAGCGGCTTATCCGGTCTCCGGTCTCCTTATTCACAAATTCTGGCCGTATGTAGGCCGGGTGGATAATGTGTACGGAGACCGCAATCTGGTCTGCACCTGCGACACGGTGGAGGAATTCTCCAAGGCCGTAGAGTTATAAAAATCTCATCCTTCCTTTCAAAAAGGCTGTTCCATTCATTTGGAGCAGCCTTTTTCTTATGTTCAAGAATCGGATTTCCAATCCGAAAGAGCAAACATATCCAGAAAACAATTAAGCCCAAAAGCAATATGGGTTGAAAAAGAAAAAAGGAACATTTCTCCCACCCCGCTTTTCCTCCCCTTTCATTTTGATGACCCATTTGTTCTCAAAATAGAGTGTTGACTTCGGATTGGAAATCCGTTGAGCTACGTCTCAGATGAGCTTTTTCTCTGCCCTTACTGTTCCTGGCCTTCAACAGCATCTTTCTTTTTCCAGGGAAGATTCCGCTATCCTCAAAGGGTATGGAATTCTCTTCATGATCTTTCATCATGTCTTCGGCTTATACGCTCTACCCGCAGGTGTGGATACGGCATGGATTGCTCCCCAGCTTACCAAAGCCGCTCCCATCTTTAAAATTTGCGTGCCCATTTTTATTTTCATCACGGGGTACGCTATGGGATGGAAAACAAATTCATCCCCAACCTTCGGTTCCCTCATTAAAACAGGCTTTTCCCATTACTTTAAATTCTGGAAAATTTATTTCTTATGCCTCCTTCTGGCTATTCTGGTTTCCTGGGCATTCCCCTTGCCCATTTTGCCATCCGTTGCCGACATGGGTTGGAAAAATGGCCTGCTTGTCGTAACAGGATTGAGGCCCTGTTATCCCGACTGGTGGTACATGGCTCTTTTCGCGGCAGCCACCATGGCCCTTTATCCAATCTGTGCGTGGATCACGCATCACATTGCGCCTGTCCCGTCCATGGCAGCTCTGCTGGGAGTGTCCCTTTTATTTCAAAGTACGGCCCACATTCCCAGCCTGCCGGGAATCGCCTATTCCTTCCCTCCTTTCCTGCCCTGCTTCATTCTCGGCTACATGTGCGCCTTTCTGGCTTCACGCCTCTCTGCTCTTTCAATTTCCCAAAGCTTGGGAGCAATCCTGTTGCTGGCTCTTGAAATACTATCCATCCATCTCTTCAGTTTTTCAAAAGCCAAAACCCTGACGGTTATCTTTCTCTTCACCCTCTGGTGTCTGCCTTGGATAACCCGGAAACTCCGCCTCACACCGCTCTTGACGCTGCTGGGAACTTATTCCGCACTTATGTGGCTGAATCACAGATTCATTTTCGGCTACCACTTCAGCTGGGACCTCTATGG
NZ_CP071888.1_gap16	584945	587306	2361	GGCTCAATGCACTCCAGGGCCGGAATGGCGAAGGCAAGCGTTTTTCCGGAACCCGTATGGGACAGCCCCACAATATCGGCCCCACTGATCGCGGCGGGAATCGCCTGCTCCTGAATGGAGGAAGGAGTATCGAAGCCGAGCACTTCGATAGCCTCCAGAATCTCCGGTGAAATACCAAGAGCCGAAAAAGAAGATGTTTGAGTCATGGGGAAAAATGATCTGTCAAAGTCACGGAAGAAGCTGAACATTCTTCCCTCCCGTGTCCAGCCAAAAGAACGGAAGATACCGTAGATGCCACGATTTCCGCAAAGCCGCCTGCGAATAAAAAAACGGCTCTCCCCGCTTCTGGTCTTTACTGTCACACACGGGGTTGCAACTTGCAGGGGCGCATTCGCGTATGATACAAATATTTCCCTCCGAATTCATGGATAAAACGCCAAACAAATCACAGTCCTCCCTGCTGGGGATTTTCATCAACATCCTCCTCCCGGTGTTGATTCTGGACTATTGCAGCGCGGGGCCCGCCAATCCCCTGGAACGCCCGGAAGGAGAAAATTTCTGGCATATCGGCCCGGTATGGGCCCTCGTCATCGCCCTTTCCCTCCCCCTTGTCTATGGTATCCGTTCCCTGGTCGTCTCCAGGAAATTTGACCTGATGTCCGTCGTAGGCATGGCCGGCGTGCTGCTGACGGGTGTCATCAGCATCTTCGTCATCGGCCCGGAAGGGCGCATCCACAGCGCCACACCCTGGCTGTTCGCCGGAAAAGAAGCCCTGATCCCCCTTATCCTGGCGGCGGCGGTCGTCGTCTCCCGGTCCGCCGGCACGCCCCTTCTCAACATGTTTATCTACACGCCGGAGTTATTCGACGTGCGCAGGATAGAACAAACGGTGGCCGCCAACGGCGAGGAACGGGCTTATCAGAAACTGCTGGCAAACTCGTCCTGGATTCTGGCGGGCACGCTGGTTGCCTCCTCCATCGGCAATTTCTTCCTGAGCCTCTCTTTCATGTCTTCCGTCATACAACAGCCGGAAGCGGAACAGCAAGTGGCCTACAACGCCGCCATCGGCAGCATCACCTGGTGGGGCTTCCTGATCATCGGAATCCCCATCCTGGCAGCCCTTGTCTTCATCATGACCCGCCTGATTAAACGGCTCGGCAGGCTGACCGGCCTCTCGCGGGACGAACTCCTTCTCAAATAACCCCCAAACCATGCGCCTCCATACTTCATGCATCCTGGCTGCCGCCATCGCCCTTCATGCGGCGTGGGCGGACACGCCCCGGTTCGACCGGGTCTTCGGTTCCCATATGGTACTTCCCCACGGGAAAAACATTCCCGTTTCCGGTACGGCCGCCCCCAACAGGGAAATAACCGTCACTTTTGGAAACACTGCCCTGAAAACAAAAACCGACTCCAAGGGGAAATGGAGCGTCACGCTGCCCCCCATGCCTCCCTGCGCCACAGGCCAGACGCTGGCGGCCGTGCAAAACGGGGACTCCGCCAAATTGGAAGATGTGCTCGTGGGAGAAGTGTGGCTGGCTTCCGGCCAATCCAACATGCTGTTCCGCCTGAACCAGACCACGACGGCCAAAGAAGACATAGCGGCTTCCGGAGACGACCAGCTCCGTCTGCTCAACAACGTTCCGCAAGCCCACACCAACAATGCCCCCTACTCCGCGAAAGACTTTGACGCCGTCACCACGGACAACTTCTATAAAGGGCAATGGGCTGCCAGCTCTCCCGCCACCTCAGGGCCAATGACTGCCGTGGGCTACTACTTCGGGAAAAAACTCCGCGAAGGGCTGGGCATTCCGGTAGGCATCATCCACTCCTCCCTGGGAGGCTCGGAAATCGCAGCGTGGATCCCCCGGCAGGTTATTAATGCCAACAACAGCTTCCGCACCCTGCGCGGTAATCACTGGCTGGACTCCCCCCTTATCTCCGACTGGGTGAGGGGACGGGCCAGGAAAAACATCTCTCCGCGTCTGAACCAGGGCTCTCCGGACCATCCCTACAAGCCGGCGTTCCTTTACGAATCCGGCATCGCATGGACAACGGCCCTCCCCATCACGGGCGTCATCTGGTATCAGGGCGAATCCGATGCGGAGATCATTGACAATGCCCAAAACAGCATGCTGCTGAAAACCATGATCTCCTCCTGGAGAAAAGCTTTCCGTAACCCGGAAATGCCTTTCGTCATGATCCAGCTCCCCCGCATCAACGACCCGTCAAAAATCCGTGCCGGATGGCCGGAATTCCGTGAAATGCAGGACGCCGTGGCCAAAACCGTTCCAAAAGTTTACAGCGTCAACACCATTGATCTTGGCTCCACCAATTCCGACGTTCATCCTCCATTCAAGC
NZ_CP071888.1_gap17	605560	607456	1896	GGCGTTTTTCAGGCATTACCGTCCGCAACATAAACAGGTTTGCCACCTACGGCGGCGATGAAAACATGGATGGGTCGAGCGACTATATTTCGGGCGGCTTGGTGAATTTTGAATACACGGCGGGTAACACGTTTCTTGCGGGCTTCGGCTTCGGCGGTTTTCAGGCAAAATCGTCAGGCAAGGGCAACTGCGGCAAGGCGGAAACCCAAAGCCTTGCGGTCAACGCCTACACCGACTGGCGGTTCTTCGGCAACTTTGACTGGTACTTCGGCGCGACCTATGCTTTCGGCATGAACAAAGCCGAAAGGATGAACATCCTGAACAAAAGCAAAGCCGATTGGAATTCAAACCTCATCGGTGTCTTCACGGGCGTTCGATACGCGTGGAAGCCTTTTGCCGACACCGGATTTTACCTGAAACCCACAATCGGCGTAAACGCGGACTTCCTGATGAACCCGTCGTTCACGGAAAAAAGCGGGGAAGAACGCATGAGCGCGGAATCAGAAAACTATACAAGCGTAAAGTCGCTTGTGGGAATCGAGGGCACTTACGCGTTTTCAAACGGCTTCTACTTTACGGGCAGAATGTTCTACACGCACGAATTCTGCGACGACCGCTACGGAGTAAACGCCATGCTCGGATCTTCCTTCATAAGGGTAAGGGGCTGGAAAATGGACAGGGACGCTGGCGTATTCGGCGCAGGCATCGGATACAGCATCACGGAACAGTGGAGCGTCTATGCCGACTATGCCGCGGACGTTTCGGACAAAGTGCGCCACAACGTCAATATGGGCGTCACGTTTAAATTTTAAGTCGATTCGCGAATGAGCAAAAAATCTGCAATATATTTCTGCCGCAATAGAATCGCCTCATAAACATCTGTAAAAGCATTGATAGGGAGGGAACCGCTGTTACTGAGCTCCGGTGTCATGGAACACAAACGGCTTTCTGTAAAAGCGCCCCAGCCTCTCAGCCCTTCCATTCTGGCCTGTACACGAGCACCGGGCCGGTACGCGAAGACTGAACGCCGCGCACCTTCCGAACGGCGGAGCCCACCAGGGCGGCAGCCTGTTCCACCTCCTCCTGCGTCGTCATGAAAGACAGGGAAAAACGCAGGGAGGAACGTACCGCCTCATCAGACAATCCCATGGCCGTCAGCACGTGGGAAGGCATCGGCTGCAGCGTATGGCAGGCAGACCCAGCCGAACACAGCAGGCCGGCAGGTTCCAGCAACAGCATCAGCGCTTCCGCCGTACATCCGTCAAACGCCAGATTGGAAGTATTGGGAATACGTTCCGTTCCGCCGGAATGCACCGTCACGCCGCCCACCTGTGCCCGCAGGAGAGCCTCAAAAGAATCCCGCATCCGGGACAGCCGTCCGGCGTCCTCCTCCAAGTGCCTCAATGCCGCCCGCGCCGCCGCACCAAAACCAATGATTCCCGGAACATTCTCCGTGCCGGACCTCAAACCGTACTCCTGCCCCCCCCCGAACAGCAAAGGGGAAAAAGGAGCCCCCGCTCTCCTGTACAGACATCCAATCCCTTTGGGGCCATGGAATTTGTGTGCGGATACGGAAGCATAATCCACTTCCATTCCATGCAAATCCACGGGAATTTTTCCGGCGCACTGCACTATATCCAAATGCACGGGAACTCCATGTTTCCCGGCGGAGGAACACAAAACCGCCGCATCCTGCAATGCGCCTGTCTCATTATTGGCCCAGGCAAAAGAAACGCCGGATACGCCCCCTGCGCACATCGACTCCCATTTTTCCGGAACCGCTCGCCCTTCCCGGTCCACAGGGCAGACACAGCCGCTGCCCAGGGCCAGGGCCGTCTTCAAGGAGGCGTCATGGTCCGTGGACAAAACGCCTATCCCTCCCTCCCGCTCCCCGGC
NZ_CP071888.1_gap18	609049	611127	2078	AGCCATGCAGATTCTGCGGGAGCTCTCCCCGGAATGCGCCATAATCAGCATCAGCGCCCTGCACAACAGGGGAATCACGGAATTCCGCAAATGCCTCTCCAAGGGAAAAACCATCTGCATCGTCGGCTCCTCAGGCGTTGGAAAATCCACCCTGGTCAATACCCTGCTGGGGGATGAATGGCTCTGGACGGGTGAAGTCAATGAAGTAACCGGCAAAGGGCGCCATACGACAGTGGCGCGGGAGCTGGTGCTCCTCAAGCATGGAGGTTTGCTGATTGACAACCCCGGCATACGGGAAATCCAGATGTGGACTGATGAACATACCCTCCGTGAAAGCTTTGCGGATTTGACGGAGCTGGCCCATGAATGCAAATTTGCGGATTGCAGCCACGGTAAAGATTCCGGCTGCGCCATCAGGAAAGCCGTGGACGAGGGGAAGCTGGACAAGGAGCGGTACTTAAACTTCCTGAATTTGGAAAATGAAATCGCCCGGCTTGCCAAACGTCAGAAAAAAAGGCAAATGAACGTGGAACGGGCCGGAAAAAGAGACCGGAAAGTGCAGGCCCGGAATTATGAAGACCGCGTGGAACTGGAACGCCGCCACAAACCCAACCACCGTAGCCATGACTGATTCACCGTCAAAATTGGCTTGTCAAACTGCAAAAACGCACCTAATGGTGAAGAATGCTATTTTCACGCAGCCTCATCCGAACTTTCCTGGCTCTTCTGGCATTGGGGGCGCTTCCCTTATCCGCAGAAGAACAGCCGGTTCCTGCTCAAGGCGGTCCCGCCGTGTCCATTACTGACCTGAAGCCCGTAAAGCTGGAGAGGGATGCCCACAGCAAGCTTCTTGTAGCGCAATGCACTGTCAATGGAGTCCCATGCAATCTTATCGTGGACACGGCGGCCTCCCACACCACATTTGACATCAAATTCATCAAAAAGAATTTTCCCGGCCTGCCGCTTGAAGACGTTCAAATCGCCCCCGGTTCCAACGTCCGTGCCGCACCACGGCTATTTGCCATGCGGTCCTTCTCCATGGGCGGGCTTCATATTAAAAACTTCTTCGGCCTTGCCCTGGATCTTACTCCCCTGCAAAAGGACATGCAGGTGAAGATAGACGGCATCCTGGGCATCAACTACCTGGGGTTCTCTCCGTTCCTGCTGTCCGTCAGGAATGCTTCCCTGCAGTTTCTGGAACGCTCCCGCTTCCCCCAACACATGAAACCGCTGGATGTGGAACGTGATCCTTCCGGAATTTTTTACATCCGCTGTTCCCGGGGAGGAGACACTTTCCCGCTGGCTCTTGACTCCGGCTCTTCTCTTTCCATGGCCCCGCTGAAACAGTGGCCCGCGGATCCGAACGGCAATCAGCTCACCACCAAGGCGACCGACATTAACGGACACAATGGGGACTGTACTGTCATGAAACTGGGTATCCCCTCCACGCTCCGCATGGGACCGGACTTCCAAATGGACGGCCTTTCCTTTGCCGTAACGGGAACAGGGGGCCGATACCAGATCGGCGTGGATACTTTCCAGCATTTTGACATCATCATTGATGCTCCGCAGGGGGAAGTCTTCGCCCTTCCTCCCCATTCCAGGCCGGAACCCCGGGGGCAAAAAGCCCCCGATATCAAACAGGAATCTTGAGCATGATGCAGATCATGCGAATGGTCCGGGCGGTAGCGCCGAAATGGGCCTTCAACGCCACCTGGGCGCGGGAAGACTGGGCATGAGCCAGCAGGGGGTTGTCCAGCATCTCCTTGAGCACGTCCGCCAAGCGGTTTTCATCACATCTGGCAATTCCGTCCACTCCTTCAAGCAGCTGAACCAGTGCATCGAAATTTTCCATATGAGGCCCCGTCAGCACGGGCACACCACAGGCGACGGCTTCAGCCGGATTCTGTCCACCGTCCGCCAAAAAGCTTTTTCCGATCACGGCTACATCCGCCAGAGCGGTCCAGTCCCTCAATTCCCCTGTCGTATCCGCGATGTAGCAAACATGATCTTTCAGGGTTTCCGGAATCTCGCCATCAGTCCGCAGCACGCACTGCCAGCCCTGGGCCTCCAGTTCC
NZ_CP071888.1_gap19	660894	663566	2672	GTCGTAAACGGCCCCACGGCCGCAGCCACCTACTACGGCAAGGTGGATCTGGGGCTGGGCCAGGAACCCACGGATTCGAACGCCCTGGTGCTGCTGTTCACTCATGAAAACGGCAAATGGAAATATGACCAGGCGCGCTTTTTCAACCTCACCCGCCTGCCCGCCGTCAAAGAACGCCTCAAACGCGGAGACGCCTCCGTGCTGATGGAGCAGGACGGGTTCCAGCCCCTTGGGAAAATTCCCGCCGTGCCGCCTGTCTGCCCGCCGCCCAAATACATCGCAAAAATTCTGGTGGACTGTCCCGGCCGCACCGTCCAGGCGAACGTAAACAATATTTCCCTGCATGAATTTGACAACACCCGCCTGGCGGAAGTCATTTCCGGAGGACTGAGGGACGGGACCAACTCACTCACACTGAACTTTTCCGACAGCCCGAACGGCAAAAAAGGCGCCGTACTCGTGGAAGTGTACATCATGCCGGAAATCCCGGGCCACCTGCCCGCCAGGGCTTTTTCCTACTTCGTCCCCCCCCAGGCGCAACCCAAAAGCGGCCCTGTGCTGATTAACGTCACTCCGGAATTGCTGAAGACCATGGAGCCTAAGAATTCTTCCCCGAAGGCAGCCGCCGGCAAATAAAATCGTCATTCTTCAACGTTTCCGTTGCGGGCCCGGTCATACCGCCATATGACAACTCAACCTCAAGTCAGCAGCTCCACGGTATCCGGCAACTCATGGTGGATGGGAATCCTTGGCGTCATCGAGCTATTTCTTGGCTTCATCGCCCTGGCCTCTCCCTGGATCGTCGGAGCCAGCTTCATTTGGGTAATCGGCATCATGCTGATGGTTCTGGCCGTCGTCCGGCTGATCCAGGTCTTCACCGTCCCTTCCTCCCGTGGGTGGAACCTGGTGACGGCCATCCTGTACGGCATCGCCGGCTGGTTTCTGTTCCGGGACCCCAATATTTCCCTGGCTATCACCACGCTCATCATCGGGTGGGGCCTGGTTATTGCCGCCGTATTTCAGGGAGCCATCTGGCTTCAAACCCGTTCCCTGCCTGCCAGCGGGTGGCGGCTGTTCAACGTGATCATCACGCTGATCCTGGGCCTCATGGTCATCTTCGGCTGGCCTGAATCCACGGCCTGGTTCGTAGGTACTCTGATTGCAGTGGAACTGATCTTCTCCGGGTGGACGCTGCTCCTGTATGCATTCAGCGGCAATTCCGCCCGCCGTTAATCCCAGTGACGACAATGACCCTCACCCAGGAAGAAACCGAACGGTACGCCAGGCATCTTTCCCTTCCGGAACTGGGAGAACAGGGCCAATACAAACTCAAACGGGCGCATGTCGCCCTGACGGGCCTCGGGGGGCTTGGCTCCCCGGCGGCCCTTTATCTTGCTGCCGCAGGCGTGGGGCGCCTGACCCTGATTGACCCGGACGAGGTGTGTCTTTCCAACCTCCAGCGGCAAATCCTGCATGCCACGGATGCGGCGGGAACGGCTAAAACCGCCAGTGCCGCCAGACGCCTGTACGCCCTGAACCCCTCCGTACGCATCAACACGGTCCACAGGCGCCTTACGCCGGAAAATGCCGTTTCCCTGCTGGAAGGGTGCGACCTGGTTCTGGACGCTTCAGACAATTACGCGGCACGCTTCGCCATGGCGGATGCCGCCTGCACCCTGCGCATTCCGCTGGTGTACGGCGCCGTGAAGGGCTTTATCGGGCAGGTGGCCGTTTTCGCCCCCCATCAGGGAACCGCCTGTTACCGCTGCCTCTTCCCGGCAGATACGCCCATGCAGGAAAAAGACACCGCCTCCGCCGCAGGCATTCTGGGTGCGCATGCGGGCATCATCGGCTGCATCCAGGCCATGGAAGCCCTGAAATATCTTGCGGGCATTCCCTCTCCGCTGGTGGGCGCCATGCTCTCTGCGGACACGCGGCGCATGCGCTTCACCACCATCCCTCTGGCGCCTAATCCCGCGTGCAGATGCCGGACTAACGAGGGGTGCGGAGCCGCAATGAAAAATTGACGGCGACGGCGGCATCTGGCATCATTTCCGGCAGGTATGAATCATTTAACACGCGCCAAATCCGTTTTTGAAATGGAGATTGAAGAGCTGCGCGGCGTCCTGTCCCGGCTGGATGACAATTTCAACAAGGCTGTGGACCTCATGTCCCAGGCTCTGGACCGCGGCAACAAGATCGTCATTGTAGGCGTAGGCAAATCCGGCAACATCGGGGCCAAGATCGTCGCTACCCTGAACTCTACGGGAACGCCCACCGTTTTGCTGGATTCCCTGAACGCCCTGCACGGGGATCTGGGCATCGTCCAGGACGGGGACGTCTGCATTGCCATGTCTTTCTCCGGAGAAACTTCGGAGCTGCTGACCCTGCTCCCCTTCATCAAGCGTTTTGAACTGCCCATCATTTCCATGACGGGCAACACGGGCTCATCCCTGGCCAAATACTCGGATATCGTTCTGGACACAGGCGTTTCCCGGGAAGCCTGCCCGCTGAACCTGGCCCCTACTTCCAGCACCACGGCCATGCTCGTCATGGGAGACGCCCTCGCCATGGCCCTGGTGGAAGCGCGCCACTTCACCGCGCGGGATTTCGCCAAACGCCACCCCGGCGGTTCGCTGGGGCGTGCCCTGCTCACCCGGGTGAGCGATATC
NZ_CP071888.1_gap20	688376	691741	3365	CTGTTCCGCGGCCATCCGTAACCTCCGCCACCACGGCAAACACGTCGGAACCGTTGGCGTACAAATCCACTCCATCTTCCCGGTCCAGAGTCAACCGGATCTTCTCCGCCCTCCGGGCCGGGCGGACTTCATGCCTGACCACCACCTTGCCGCCTATCAGACCTTCCGCCACCAGTTTCACCGCTCCCTCCTTGCCTCCTCGGGCAAGCTTCTTGTTTTCCATGAAATCCCAAGCTTTAGGGAACACGACGGGCACGCGCTTGAGGCCTCCGGGACAGGACGCCACCTTCTTTTCCACCGGGGGTCCTCCGTTGACACTCAGGCGAACGGAATCACAATTGGAAAACACCGTCACGTCTTCCGGAGAAAAGGGAGTGCATTCATTGGCGATGTGCACCACAGGGCCGGAACCCAACCCGTTTCGCGTCTTCTGGGGACGCTGGGACATAAATGCGTAATAGGAGGTTTTGGGCTGCCTGAAAGCATCCAGAATACCGCCGTAGAAGGGATCCGGATGGTAACCGCGCTGATGGTCGAAAGGATGCCACAGGCAGCCGCCGAAATGATAGGCCGGAGCGGCGTTCAGCGTATCGTACGTCGTATATGGGAACGAGGTCTTGAGGTAGTGAAGGGCCTGCACCATCATGGGAGCTTCACCCCAGTGACGGGCTACACGGGAGGTGGAGTTGTGGGCGGACCAGGTATCCACGTTATCACCGAATTCACGGGTAAAATACGGTTTGCTGTTCTTCCGTTCCTTGATGGACCAGTGTTTGTCCCCCGTAACCGGGTGGGCATACAGAACTTCATAATGCTGGCTGCCCTGAGCCACCGCGTCGCAAGCGGTGTAGCATCCCTTGTACGGATATTCCTCATGCACCAGGTCGCGGGCCTTTTTGGCGAAATCCGCCGGGTAATGAGTTTCATTCAAAATAGGTTCCCACATCATCACGGAGGGATGGTTCCTATCCCGGCGCACCATCTGGCGGATATCGTCATACACCCGGTCAGCAAAAGGGCCGCTGCCCCAGAACTGCCAGCCCGGCGTGGCGACGATGACGAAAAGGCCCAGACGGTCGCAGGCGTCCATGAAAGCCGGATCCTGCGGATAATGGGCGCTCCGGATCACGCGCATGCCTGCCTTCCTCAATTTCACGGCATCCTGCCATTGCAGGTTGTTGGGCACTGCATTCCCAAGCCGGGCAAAATCCTGGTGCCTGTTGCCGCCAATCAGCTTTTCAGGAAACAGGGATCCATTGAGCACCAGCCCCTTTTCCGTAATTTCCACCGTCCGGACACCCACCCTTATGGAACGGTTGTCCAGCAAATGGGCCGGATCTTTGGAATGGTCCCCTCCAACAGCGTCCCATACTTCCACGCTCAACGTGTACAAATCGGGATTGTCCGGAGACCACGGTTTCACGTTGGAAAGCACAAGAGGAATATCCACTTCACCCGTGGAATGGGGCGGAATAGTCAGCGGAACCGTCTCCCCGGCAGGATCCACCCCCTTGGGGTCCGTCATCACCGCCTGCACGCGCACCTTCCGTTCCTTGTCTGCCTGGTTGGCCACCTGAACCTTCACCCCCACCTTGCCCTTGCGGGTACGGGGATCAAGAAATTCCGTCCGGAAAAAAACTCCCCCTCCGGCCACAGTTCCGGCCTCGTTCGGGTCCGTGATATACACGGGTCCGGTGGAAATGAGGTACACATCCCGGTAAATACCGCCAAAATAGGAAAAATCCAGGCCTTCCTGGGGTTTGCCGGGGGGATAGGAAGCGTCGTTGGAATTGTCCGCCTTCACGGCGATGACATTCTTTTGTCCCGGTTTCAGCCACTTGTCCAGATTGACAATCACGGGAAGATATCCGCCGAAATGCTCCGCGGCCTTCTCCCCATTCACCCAGACCTCGCTCTTTCCCATGATGCCCTCAAAATACAGGGTGTTTCTCCTCCCCTCCAACCGGGAGGGAGGAATAAATGTTTTCCGGTACCATACCGGCCCCTGGTAGTTGGAACAGCCGCTGGCCTCTTCCGGAAGAAGCTCAATGCCGTTGGGGAGGTTGACGGACTCCCAGGAGGAATCGTCAACATCCGGGCTGGCCGCTTCCTCCGGTGTCTTCTCTCCCTTGAACAGTTTCCAGCCCACATTCATGCCGTAAACGTCCCTTTTCGTTACGTTTTCCGGCAGGCGAAGAGCCCCTGCCACGGAATAGGCTCCCGTAGATGAAGCGGCCTCCTCCTGATCGGAAACCGCATCGGCATAAAGGGAAAAAGAGCCGGCCAGACATGCCGCCGTTATGAGAATGGTAGTGACTTTCATCATGGAATAGGGGAATGCAAAATTAATATACGGAGCTCCCCCGGCGCCATCTTTCATTCATATAATACATCCTTGCGTATAATGCAAATACATATGTCATCCGGCATCTTCCGCTTGACCTGGAAGGCATGTTTTTTCATAGTCGACTCGCCCTGTACGGGATTATCCCGCAGCCCCGGTCCGAGTGCCAGGTTTTCAGTCCCGTGAAAAGGAAAAAGCGAGGCGTTCCTCCACCGGCTGTCTCAGGGCTATGCCTTTATCCACTAGTTTTTTATGTCATCTTTCTTTCAGAAAATTGTCAAACTTTTCTCCTATGACATTGGCATTGACCTGGGCACCGCCAACACCCTGGTCAACGTCAAGGACCAGGGCATCGTTCTGCGCGAGCCTTCGGTCGTCGCTGTCAAGGGGGACAAGGTTCTGGCCGTGGGAGACGAAGCCAAGCGCATGCTGGGCCGCACCCCCGGCTCCGTCACGGCCATCCGGCCGTTGAAGGACGGCGTCATCGCCGACTTCTACATCACGGAGGAAATGCTCCGCTACTTCATCAAAAAAGCCACGGCCAGGTACTACCTGATTAAGCCGCGCGTGCTCATCGCCATCCCCTCCGGCATTACGGAAGTGGAACGCAGGGCCGTCAAGGAATCCGCGGAAGCGGCCGGAGCCCGCCGCGTGCATCTGATTGAAGAACCCATGGCCGCCGCCATCGGTGTGGGCCTTCCGGTTCAGGAAGCTGCGGGCAACATGATTGTGGACATCGGCGGCGGTACGACGGAAGTGGCGCTTATTTCCCTTTCCGGCATCGTTTACAGCCGTTCCGTCCGCTGCGCCGGGGATGAACTGGACGATGCCATCATCTCCTACATGAGGAGAACCTACAATCTCATGGTCGGGGAACGTACTGCCGAAGACATCAAAATCCGTATCGGCTCCGCCTATCCCCTGCCTCAGGAACTCTCTATCGAGGTCAAGGGCCGCGACCTGGTCGCGGGCCTGCCCAAGACAGTGACGATTCGATCGGAAGAAGTGCGTGAAGCTCTCA
NZ_CP071888.1_gap21	693155	696041	2886	ACCTGGTGATTGACGAAACGGAGGCGCTGATCGCCATTGACGTCAACACCGGACGCAACAAGGGCACCAAGGATCTGGACAAGACCATTCTGGATACCAATCTGGAAGCCGCCTATGAAATCGCCCGCCAGCTTCGCCTGCGCAACATCGGCGGTCTGGTAGTGGTGGACTTTATCGACATGCGCCACAGGAAGGACCAGCAGGCCGTTTATAAGGCCATGAAGGACCGCCTGAAACGGGACAAGGCAAAAACCCAGGTACTGCAGATCACCCCCATCGGCCTGATGGAAATGACGCGCCAGCGGCTCAACGAGAGCCTCCGGGAATCCGTTCATGATCCATGCCCGTACTGCGGAGGCAGGGGCCGCGTCAAGTCCGTGATGACCATGAGCGTGGAAATTCAGCGGCAAATTTACGCCTGCATCCAGAAATACCGGGACACCATCGGAGACATGGTTATCGTCGTCAACTCGGAAGTGCTCTCCCGTTTCAAGAATGAAGACGCCAGCCTGCTCATGGAACTGGAACGCCAGCACAGCGGAAGGCTGATTTTCCGGGGCGACCACAACCAGCACCGTGAATCCTTCGCCATTTACGACGCCCGATACGACAACAAACCCCTCTACCAGTCCGGGCAATAGCCTGAAAATCAAATCCGGCTTTCCGGGCCGGGCGATACCCTCGCCCGGCCTTTTTTACGCCGCCATGAACAACATCCCCACTTCCCCCAACGACCCCGTCAACACGGACATTCTGCTGGTGGCGGAAGACCGCATCAAAGGGTTCCGCCGCCTGCCCTTCCACGCCATTTCCGAACAATGCGGACATCCTGTTCCGGTGGTTATCCAGCGGCTGAAAGCCATGATGGAGGCCGGAGTAGTGCGCCGCGTGCGCCAGACGCTGCTGGCGACCAAGCTGGCCCAGGGAGCCCTGGTGGCCTGGTCCCTGCCGGAGGAAAAACTGGATGCCGCTTTTGACTGGATGAAGGAGCTGGACCCTTTTACGGGCCATGTGGTGCTCCGCAATACGGATGTGGCCAACCCCGGCGCCAACTACAGGCTCTGGACCACGGTCAAGGTGCCCGTGGGGTGCGGTACGCCGGAGGAACACTGCGGCATCCTGAAACGCCATATCGGCGCAGACGGTTATGTTCTGCTGCCGGCACGCGGCGTCTTTGCGCTGGGGGTGGGGCACATGCGCCGCAGGGGACTCAGGCCCGGAGAAAAAACTCCGGAACCGGCCCCCATGCAGGAAACGAAAACCGTATCTCTTTCAGAACTGGAATGGAAGGTGCTCCTCTCCGTCAAGGAACAGCTCAGGCCTGAGGAAATGGTGGAAGATCCCTGGTCCCTCCGTGCCGCCCGGGCAGGATTGGAAACGGAAGAATACTGCCGTACGGCGGAAGAACTGGACCGGAAGCAGGTCATCGGCCGTTTCGCCACTTTTCTGGAACATGTGAGAGCCAAAACGGACGACGGCCCCGTTACCAAATACAACGGATTGTTCCATTGGACGGTTCCCTCCGGCATGGAAATCCGGGCTGGAGCGGAATGCGGGCGCCACATCTGCATGACCCATTGTTATTGGAGAACAGGCGGAGATGTTTTTGGAGGAGCGCAAATCATGGGTGTGGTACACGGATTGGAAAAAGATGCCGTTCTGGAGCACAAGGCGGCGATTGACCGCCATCTGGAGGCTTCCGGCATTCCCATCCTCCACACGGCTGTTTTCTGGGGTGAACGTTCGGAAATCAAGCCTTCCGAGATTTCTCCGGAACTGTATAGGAAATGGATGGAAGAAGTAAAAAAAGCTCCCGTTCTGCAGTAACTCCCTTCTCCACGCCCGCCTCCGGCGGTCTTCCCCTGGGGTAGAACAGCTTTTCCCTCCGAACTCCCGCGAATGCCGTCGCGAAGGCACAAGCATTTTTAATGCTGCAACTGAGATGCCGGCTGTTTCCCCTCCCTCCGTCCTGCAGCACCGCTTAGTTCCCTATTCCCGGCCTACAGCGGCTTAATACCGTTTTCCCGGACGTTCCAGGATCTTTGATATATTTTCCTGTCAATTCAGGAAACGGGACTGAAGAAATCCGTTTCAAGCCTTCAGGAAGACGCACGCCTCAACCTGATGAGCTATTCATGTTCTCCTTTGCTCCGGCGCTGTTTCCTTTCCGGGATACACCGGGAGAGGCTTCTGCCTGCAGAAACAAGAAAAACTCAACACAAGGGCCGTCTCCCCCCTTACGGGGAGACGGCCCTTATTAAAGAAATATCGGCCGGCGAACAACCTGCCGCGAAGCTTTATTACTGCTTTTTCTGCGGCTGTGCGGGAGCCTGGTCAGGAGCCTTGGCGGGAGCAACAGCGGCCGGATGCTTGTAGGAAACCGCAAAACCGTCATACTTGGCCGGCAGCTTCCTGTCCGGGAACATCAGTTCATGCAAACGGTACAGGGCAGCCGCTTCCTTGACAGGAGCGGGACGGGACTTCAGCCGTGAATCCGGAATCACAGCTTCGGGATTATTCTTCCTGGATTCCACGGCAGATGAGACGACGGGATTCTCAAAGAATTTGACAACATCCGGCATGCGCAGGTAGGCATCCAGGGAGCGGGCCACGCAGGCAGACGCCAGTTCTTCATCGGAACCATGCAGCAAAACCAGGGCTTCCGCAAAATAATCCAGCGCCTTGTTCCAATCCTGGGCCACCATGGCGGCCGCACCCAGGGCATATTTCATCCGCGCCTGCTGGAGGCGGGTGGCATTCTTTTTGGTTGCCAGGAAAGAACCGGCACGGCTTTTCACGCCGTTCCAGTCCTTATCCGGAATCAAGGCCATGATTTTTGCCACCTCCAGGTCATTCTGGACGGAAGGGGACAAATTGGCCCCTCTG
NZ_CP071888.1_gap22	722164	725906	3742	GATCCCGCAATGATCCCGTATTCACATACACGGCACGGGCTTCCTCAAAAGAGGGGAGAAACGCCGCGCAGCGGCGGCATAATCCGGACGGGATGAAGGAACCCTCCGCCGGTTCCCCGCAGACGGCACAAAAGGGAGGCTCGACAGGCACGAAACTTCCGCGGCAGTCCGGGCAGACATGGCAGCCATCCAGGCCGCCGCGCCCGCACAACTCGCAGACAAAAGGATACACCCAGGAAAGCCATTCCCTGGCAACCGCCCTCAGCATTCCCCGCACGGCAGAAAGTTAAAAGAGGCTCCTATCGTCCGTCTCTCCCATCGGGGAAGTCGGCGTCCTCCTCTTCCGGCATCTCTTCCAGAAGCTTGTCTATGGTTTCAATGAAACGCCATGGGCACCGCTTGCGCTGGTATTTACGCCACAGCACATCGCGCAGAGTCACCCAGTGCGCCCGCGTTAATTCCACACGTTCCCATTCCACATCGTCACGTTCCGCACGGCCCACCTTGGGGGCGCACTCCAGCTTCCATTTGCCGGCATGGTGGCACGCCCTGTACACCAGGGTTCCCTCTTCCGTGCGTTCTTTCCACGTGTGAACTTCCATGGAGGCGAGTGTAAGGAAGAAGCGTTCCGGGTAAAGAGGAATTTTTCTAGTCATCCGTCCTTGCGCGATTAATATGGCTCCGTCATGAACGACACTGAAATGATCGAATGCCGCGAGCCTGCCCTTCAAATGCAGCGCCTCATCGCCATCATGAAACGTCTGCGCGCCCCCCACGGCTGCCCCTGGGACGCGGAACAAACCCACCATTCCCTGATTTCCAATATGATTGAGGAAGCCTATGAAGTCGTGGACACCATTCAGCGGAATGACTGGACGCAGCTGAGGGAAGAATTGGGCGATGTTTTGCTTCAAGTGGTTTTTCATGCGGAGATTGCCCAAGAAGCAGGGCGTTTCGATTTCAATGACGTGGCTGCGGAAGTAAGCGAAAAACTCGTCCGCCGCCATCCCCATGTATTTGCCCAGTCCAAGGCGGACACGACGGATGCCGTATTAGCTCAGTGGGACAAGATCAAACGCCGGGAAAAGGGGGCGGAAACAACCCCATACCTGCATGGAACAGGCAAGGGGCTGCCGCCCATGCTCCAGGCATGGAAGCTCCAGAAAAAAGCCGCCAAAGTAGGATTTGACTGGGCGGACGCCCAAGGCGCCCTTGACAAAGTGAAGGAAGAAACCGCGGAATGCGGGGAAATTCTTTCCGCGCCGGAGGAAGACCCCCGCGTCGCGGAGGAATTGGGAGATCTTCTGTTTTCCGTAGTCAACCTGTGCAGGAAAAAGGGAATCGACCCGGAAACGGCCATGGCCGGAGCAAACAGAAAGTTTGAGCGGCGTTTCAACGAAATGGAACGGCTGCTTGCCAAAGACGGACTTTCTCTGGAAGAAGCCTCTGCGGACGCCATGGAGGAACGCTGGCAGCAGGCGAAATCCGCCCGGTAACGAAAACCGGGGTCAGGCCATCATGTCCATGTTCGGGTCTTTCCAGGCCGGATCATATCCCCTGGCATAGCTGAACACATGCTTGTGCATGTATTCGAAGTACTGCTCCTTCTGCATGGGGGTGAGCCGTTCCCAGATGGCTACGTTCAAGGCGCGGCACACCTTCTGCATCATTTTCAGGGTAAGCTGGCGCCCCTGCCGGGCTTTTTGAACCTGTTTGTGGGTAAGCTGCTCCGGAGAAATCTCCACCAGGTCGTGATTGGTCAGATGCCAGCGCTTCATCAGTTCATCCAAAGGCTGTTCTCCGTGGTTGCGTCCGGTTGCTGTGGCTTCCTCGTCCATACGCCTTTCTTCGTGCCCTATTTCCGGGAAATAGGCAATACATGATTGCCCCATCAGCACTTTTTTTGCATTTCCAGTTGCCCGGCGTCCGGATACATGGTTCAATCCCGCCCCGTTGCAATAAGATGATTAGCGAGAAAGAGGAATTACTGGAATGGCGCAAACGCGCCGCCGCACAGCCCGCGGGACGGGTAGTCCTGGATCTGGAGGCAGACAGCCTGCACCGCTATCAGGAAAAAATCTGCCTGGTCCAATACGCGGATGAAACGGGTTCCTGCCTGATCGACCCTCTCTCCATCGAAGACATGGGGCCTTTCTACAACTGGCTGAAAGAAACGGAAGTCTGGATGCACGGCGCGGACTACGACATGAGCCTCTTTCAAAACGCCTGGGAAACGCTGCCCGCCATGATCTGGGATACGCAGACGGCGGCGCGCCTGCTGGGATTCCGCCAGTTCGGACTGGCCGCCCTGGTGGAACACTTCTACGGCATCACCCTGAGCAAATCCTCCCAAAAGGCGGACTGGGCGCGGCGCCCCCTTTCCCCGACCATGGTCACCTACGCCCTGAACGACGTAAATTACATGCTGGACATGGCGGACAAACTGACGGCCGCCCTACGGGAAAAAGGCCGCATGGGCTGGTTTGAAGAAATTTGCAGACACTCCATGGAACGCGCCCGGGAACGCCATCTGGCCGGACATCAGGACCCCTGGCGCATCCAGGGCTGCGGAAAACTGAACAGGAAAGGGCTGGCCGCCCTGCGGGAAATGTGGACCTGGCGCGATGCGGAAGCCAAAACGTGGGACAAGCCCGCATTCATGGTTTGCTCCAATGCTGACCTCATCCAGTGGAGCGTGGCTCTTCAGGAGCAGCGCACCGTGGCTCCTCCGCCCCGTTTTCATGCCCACAGGCGCAGCCGGTTCATGAATGCGCTCCAGAAATTCTACCTGCTGGATGAAGAGGACTACCCATGCCGGCCCCGCATCCAGCGCCGGCAGCATTCCGAACAGTTTGAAGACAATCTGGCCCGCCTGTGCAAACTCAGGGATGAAAAAGCTGAAGAACTGGGCATGGAAGGCTCCTTCCTGATTACCCGGGCCTCTCTGGAAGCCATTGCGGAAGACAGGGAAAAAGGCGTTTCCACCCTGTTGAACTGGCAGAGGGAAGCCCTGGGTTTTTAAGCGGTTTTTTTGCAACGGCAAAACACCCGGCCGGAAGAGCCATGGCTCAAAAGGGTCTTTGCCCTTCATCCCGGACGGCCAATACAATCCTCATCCCTGAACACCCTGGCTTTCTGAAGGCTTTCTCCGCTCAGGGAGAACAGGCAAGGGACGAACACTCTTCCCCCCGCAAACGCCGTTTTCCCCTGCCTGCCTATTTACATTGAGCGGAAGACAGTTTTTTCTATAATGCAGGGCAGTTCCCTTCCTCCATGCCCTCCAACCGCCATTCATACATGGTCCTGGCAATCGTCTGCGTCTGCGCCCTTGCCATATGCGCCTTCCTTTCCTGGCAGAACCGGGAGAAAAAAAACCGGCTGGCGCAGCAGTACGCGGAATTTTCCATGCCGCAGACCTTGAAGGGAAGCACGCCGGCACAACAGAAAGCCCTGCTTGAAATACTCAGCGGAGAACAGAAAAATATTTCTCAGACTTCCCCGCACCGTCAACAGGCGGCAGAACCTCCGCCCCGGAGCCGAGAAAAAATCTTTTCCCCCCCGGCAGGGCATGCTAGGGTGGCAGGCGATGAATCATGCCGATTTAGACCAGTTGCTGATCCTTCAGGAAAAGGATGTGCGGATTTCCAAACTCCGGAAGGAGCTGGCTTCCCTGCCGGAACAGAGAACGCGCCTGCTGAAACAGATGGAGGCCATCAAGCAGAAGGCCCTGGCCGCCAAACAG
NZ_CP071888.1_gap23	749576	751306	1730	GTTCACTATCAAATCGCCGTAAAGGATGGATTGCTGTCCGTCTCCATTCTTGCCGAGGTTCAGGACCGCGCCCTCGCCCACCGTGGTCAGCGCGGTTTTCGTCTGGGCGGTGGAAACCGTCAGGGCCGTTCCGGCGCCCGACACTTCCAGATTGATGCCGGAGCCGGTCAGCAGTTTGCCGAGCGTATTGGCCCCTCCGGAGGCAAAGGCGATCGTGCCTCCGTTGATCGTCGGCATCGTGGCTCCCAGAATATCCGCAATTCCGCCCGTTACGCCGATTTCCAGCCGTCCCGTCCTGTCCACGGTCACCGTTCCGGTCCCCAGGGCCATGTTCGCCTTCACGGCAACGGTTCCTTCCTTGATGTTGACCGCGCCGGAATAATCGTTGTTGAAGCTGTTGAAGGTCACTTTTCCTTCACCCAGCTTGGTCATGGCGCCGTTTCCGGCAAGCTTGCCTCCGTTGTTGGTCAGCTCCAGGTCCTGCCCTATCCCGTTGTTGAAATAAATGGCCTTGGCATTCACGTCCCCCGTCAGGGACGCCACTCCCGTGTGCGTTCCGTCAAACAGATAGGTCGTCGTGTTGTCCACGGCGCCGATCGGATTGCCGTCCCAGACCACCACGCCGTCCGCCATGCTGACGGAAACGGTCACCGTCTTGTCACCGGTATTCACGTTGAAGGTTCCCTGGTACAGGCTGGCCAGCGTACCGGTCAGGGTCATCGTCCCCGCATCTGCGAAGTTGCCTGCCGTCAGGTTGTCCCAGGAAACCAGCGTATAAGTCCCCGCGGTGATATTCCCGTTAATGTCCAGGCTGACGCCTGCATCCGCGCCCAGCGCCAGGTTGCTCACCGTCAGCGTCGCTCCGTCCGAGCTCAGGGCGCTTCCGTCAACCGCCAGTGAAGCGGCGTTCAGCGTTCCGGTCACGTTCTGCTTCCGCAGCGCCGTCACCTTGGCGGTGGAGGCGTTCAGCGTTCCGGCCAGCGGCGTATCCGCATTCAGGTAAAGGTTGGCTCCGGAAAGGTTCAGCGTTCCGGAAAAGCCGGAGACATCCCCGCCCAGCGTCAGGGCTCCCGCATTGTTGCGGGTATTGACTGCCAGCGTTCCCGTTCCGCCCAGGCCGCCGAGCATCTTGAGGCTGTCCCCGCTCGCGATGGTCGCCGTTCCCGTGCCGGACGTTTCCACGGATACCTTGCCGTTAAGCGTCGCGGTTCCTGTGATTCCGGTAAAGACGTTCAGGACGGTCGCGGCGTTCGTCCCTTTCAGCGTGACATCCCCGTCCAGGGACACTCCCCCCGCCGCGGCTGCGGCATTCAAGCCGTTGAACGTCACCGTGACATTTTTTTCACTGCCGCCCAGCGTGACGCTGCCCTGCCCCCACGGGGTCAGCACCTGCCCGGCAGCGACGGAGGCTGTGCCGACATTATAAGTCAGGCTGATATTACCACCGGTTCCGGCTATTTCCGTATCGCCGTCATAGGAATTCTTCACCCATCCCGTTTTAAAATTCCAGCCGTTGCCCCCAACATCGGAAATGATTTTCAGGCCGCCCGTTCCCGTGATGGCGGAGGTCAGCGTGGCATTATTCCCATTGGCGGCCCCGTCAATGATGGCGTAGCCGCCTTCCCCGGCATCCAGCCGGATTTGCATGTTGATGGAGCGGTCGGCCCAGGTGTTCCCGTTCCACAGGCGCAGCTTGGAACCGTTCCCCATCGTCAGCGTGCCCGTGCCCG
NZ_CP071888.1_gap24	773549	774844	1295	TGCGGGCCGACTGAATGTTGCCCTGGTCAAAGAATTGACCTACTTCCTCCGCAGAGCCGGCATACAGGATTTCCTGCGTCCTGGCGTCCACCACACGGTATTTGACAGACAGGCGCAACCCAAGTTCCGTACTCTTGTAGGTGTCTTCCCGGCTGGATCGCAACTGGTCGAAGGTGATGGAGTACACTTCCCCCTCCACCCGGATATCCGCATCCGCGCCGGAGCTTAACCGGTAGGTGCCGTCCCGCTGCAGCTCATCCGCCAAGGCGCCGGTCACCAGCGTGGCGGCACGGGGCTCCAAAGAGTTGTTGGCAAAAAGGCATACCTTAACGGTCTGCGCCAGTTCCAGCTTGGGCGGCTTGGTGCCGCCAAGCTGGTAGCCGCAAGAACCGGCCAGAAGGCAAAAAACGGGCAGGAAGAGTTTGAAAACGTTCCGGATACGGTTCATGAGGACGGAGAGTTCCTGTTATCTGCTGGTCACGCGCAGTTCTTTCAGGCGGGCCTTCGCCCTGGCGGCGGCGGCGGGATTGATGCTGCCTTTGGAGGCTACTTCCTGGTAGCAGAAGACGGCGGCATCCGCATCTTTCATCTTGGTCAGGTAGTATTCCGCCACTTCCAGCTGCTGGGCCACCAGCTCACGCTTCATGGCCGCCAGATCGGCACGGGCGGCTCCCGCACGGGCGCTGTTGGGATAACGCTGAAGGTAGTCTTCGTACGCTTCCTGAGCGCGGGCCACATTGACGTGGTTGCGGTCTCCGTCCGCAGCAGCCTGGCGATACAGGGTGGCTATCTGGAGCTGGGCCGTGGGGGCCAGCGGAGAGTTGGGGTAATTGTCCACCAGGTTCTGGTATGCCTCTATGGCCTCCTTCATCCGGCCGCGCGCGGCCAGGTAATTGCCCAGCACGTTCATGGCCTGCGGGGCGGTAGGGGCATACGGGGCGTTGTCGCGCACATGCTTCAGCCATTCCGTGACGTTCGTGGGATCCATCCTGACATCAAACATCCACAGCACGCGGTTGGTCAGCGCGCCGCTCGCAGCGCCGAAGGCCATTTCCTTCTGCCGGGACATGGCCTGCCTGTACAGGGGGCTGTCCGGGTGGCGGTCAATGAGTTTCTGGTACTGGTCAAACGCTTCCGCAGGTTCCTTGCGGGCCTCATAGAGTTCCGCCATTCTGAACCGGGCCTGGGGAGCTTCCCTGGAAAGGGGGTGTTTTTCCACCACGCGCCTGTATTTCTTGATGGCCCCGGAGAGATCATTCTTCGCTTCCTTTGCCCTGGCTTCCTGCATCAGGGCA
NZ_CP071888.1_gap25	780897	785765	4868	GTTCCCGGAAGTGGACCCCGTACTGGGGCCGGAAATGCGCGCCACGGGTGAAGTCATGGGCATTGCGGACAACTTCGGCATGGCCTACTACAAGGCCCAGGAAGCTGCGGGCTGCATTCTGCCTACCTCCGGCAAGGTGCTCGTCACGGTTTCCGACCGGGATAAGAAGTTCATCGAACCCATCGCCCGGGACCTGATTTCCCTGGGCTTTACGATTATCTCCACCGGCGGCACCGCAGAATACCTGCGCGGCCAGGGCGTGGAAACGGAAGTAGTCAACAAGCTGCATGAAGGCCGCCCGAACCTGGGCGACATGATCACCAACAAGCAGATTGACCTGATTATCAACACTCCGGTGGACCGCACCAGTATGATTGACGACTCCTTCATCCGCATGCAGTCCATCCAGAAGAAAATTCCGTACATGACTACCATCGCAGCCGCCAGGGCCACGGTGGAGGGCATCCGCTCCGCCCAGCACGTGAAGGTATCACCCCGTTCCCTCCAGGAATACCATTCCTGAACGGGAAATACTCCGGCTATTTCAATAAAACCCCGCATGCCTGAAACGCATGCGGGGTTTTGTTCATCATCCGGCAGGCGAGAGGATTTGAATCTCAAAAAATCGACTGTCCGCAGATCATCTCCTTGCCGTACTACTTAATAATCAAGCACTTGCTATCTCCACACAAATCAGTGTGGCATTATCCTGGTTGGGATCCCCGTCACGGCTGATGCCGTCCAGTACGGAACGCACCAGTTCCTCCGCAGAAAGCATGAACAAATACCGCATCCCTGCCGGTCCCAGGGAATTCAGATAGGGCTCTACCCCGTCACTGGCCACCAGAAGACGGTCTCCGGGAACCAGAGGGAAGCATTCCTCCCGCAAATCCATCAAAAAAATTTCCTTCCCCATCAGGGCAGAGGTCAAAAAATGCCGGGCAGGATGGTTCAAAGCCTCATCCCGGCTGATAACCCCTTCATCCGCCATCCGGTCCAATTCCTCGGAATACTGATGCAATTCATTAAGCAGAAACATTTTTTCATTCCGGATAAGTAGAAGAGGGGAATCTCCCACGCTGACCCAGCACACCCCTTCCCTCCCTATCCAGGCCGCTACCAGCGTCGTTCCCATTTCGTCATCCTTTCCTCCTCTTTTCCGGACAGCGAGTACTTGTTCATTCGCAGCGGCCACTGCGGCTTTCATTCGCTCTCCGGGAGAGAGATATTCCCGTTCAAATGCCTTGGAAAATCCTTCCACGGCAGCACGGCTGGCCAGTTCTCCGCCGGTATATCCTCCCATCCCGTCTGCCAGCACTAGCAGAAAGGCATCCTCTCCAACCAGAATGGAAAAGGTATCCTGCTGGTTGTCGCGGGCGCCCAGAATCTGGTCTCCATGCAATCCGGAAACCAGAAAAGGCCCTTGGCAAAAAGACTGCTGTATCATGGTAATACAACACTATACCACGGCAGGACTGCCGTAATAAAGCAAGAATAACGAAAGAAAAAAAGCCATGCCTGAAGCCTCGGAATGCTTTTCCAGAGAAACGGGTACTTTACATGTCGCCCAAAGACCAGGACTACTCCCGGCTCCATGACCTTTTCTCCCGCTATGCGGCAGGGGAGGAATTTTCCCCTCTCAACAAGGAATGGGCTCTTGACGTCCACAGAAAGGTTATATTACCACCATCGTTGTCGTTCTGGCAATCATTGCCGTCCTTGCCGTCATCATCTTCAGTTCCTGAACTGAAAGAGGCCTTTCCTTTTCCGGAGGCCATGTATGAACGCCGCATCTTCAGCACTTCCCCAGATACACCACAGTTTCATTTGGAACCGTAACGCGCCCCTCCGTTTCAAACCGGTCAAACAGTCTCTCAAGGGCGGCCAGCCAGGAGGAGCGCTCTTCCCCGCCCTCCGTCAAGGCATAGGAGGTGGACATCATGCGGCGGAGATACTGCTCCCGCGTGTAGGACAAATCATTTGGAAAGCGGAATACCTGGAAACGGTGGTTGAAAAACGCTCCAATGCTGTCCGTCAACTTCGCCAGCCCTCCGCTGAATCCATAAAAGCACGGACAGTAAAAACGGTGGATATTTCCTTCCTCCCGGACAATGGGACTGCCTTCCACCCTGGAGTTCCAAATCAGGGCGACCTTGCCTCCTCTGGACAGAAGACGGCGGCATTCCCTCTTGAACGCGGCGGCGTCAAACCAGTGGAATGACTGCGCCGCCGTCACCAGATCCACCGAAGCTCCGGGAAGCCCGGTCCGCTCCGCCGTTCCCGCCACGGAATGAAAACGGGGAAAAGCGGACAGCCGCTTCTCCGCTTCCTTCCGCATGTCATCATTGGGCTCCACGCCATAAACGGTCCAGCCGCGCTCCAGCATGGCGCGGGAAAGAATGCCCGTTCCGGAGCCTATATCCGCCAGACGGGGATTCTCCCGGCGGCTCTCCTGCGTCAGAAGCCCAACAACGGAGGCGGGATAATCGGGCCTGCCCTGGGCATAAGCCCGGGCTTTTCCAGTGAATCGGTCAGTATTATTCATTAGTTTTCAGGGTATGGTTTACTCCTTTTCTCCCGCTGTTCCAGCCTCAATGCCGTACCCGGCTCAAGAAAAGCCGCCATGCTGCGGAATCCCGGGAAAAAACGGATTTGCCCGGTGACCATCATGCAGAAAGGCATGCGGGAAAAATTGCGTTCCTTGCCCCTTCCCCGGCAACATGGGCAGAGCAGTCCCTACAGATGGCTTTACAAGTCTTTCATGAACTTTTAGTATCCGGCTCAGGCCCGCCTTTCCCGGATTGTGTCCTGACTACCGGAAAAAGGAACATCTGCGGGTTCCATTTTTCAGACTGCTCCGCCCATGTTCGGATATTACAGACTTGCCTCCTCCGTCCCCCAGCTTCGCGTGGCTGAAGTGGACTACAATGTCGACCAACTTACGGAGGGATTCCGGAAAGCCGCGGAACAGCAGGCGGCAGCCGTCGTTTTCCCGGAACTGTGCATTACGGGCTATTCCTGCGGAGACCTTTTCTTCCAGCCGAACCTGAGGAAAGCAGCCCTGAACGGCCTGCTCCGCTTTACGGAAGCCACGGAAGGCTCCGGCACGATTGCCGTGGTGGGCCTGCCCTTCCTTCATGAAGACGCTCTGTATAATACGGCGGCGGTAGTGCAGTCCGGCCGCATTCTGGCTCTGGTGCCCAAAACCGTGCTCCCCAACTACCGGGAATTCTATGAAAAACGTCAATTCACCTCCGGCAGGGAATTGGGTACAGGGGTGAAGGAAGTCACAGTCAATGGGATGCATATCCCGTTCGGGACGGGAATCGTTTTTCATGAAGAATCCTCCCCTTTCAGTTTTGGCGTGGAAATATGCGAAGATCTGTGGAGCGTCATTCCTCCCAGTTCCCAACTGGCTCTTCTGGGAGCCAGAGCCATTCTCAACCCTTCCGCAGGAACGGAACTCACCGGTAAGGCCGCATACAGGAGGGAACTGGTCAGACAGCAGAGCGGCAGATGCCTCTGTGCCTATGTCCTTTCCTCCGCAGGTGTGCATGAATCCACCACGGACACCGTATTCGGCGGCCACTCCCTCATTGCGGACAACGGCAGGCCAGCAGCGGAGGGGGAACGGTTCTGCAGGGAAAGCACCCTCATCCTTGCGGACGTGGATTTTGAACGGCTGGCGGCGGCGCGCCTTTCCGAAAGTTCCTTCAATGACAGCAAATCCCTTTTCCACGCCGGGAACGCCCTGCATCTGGCCCTGCCGGAACAGGTTCCCGGAGCGCCCGGCCTGGAATACGCTTCCAACCCGGCGCGCCCCTTCCTTCCTTCTCCGTCCCGCCGCCGGGAACGGTGTGAGGAAATCATCTCCATCCAGACGGCAGGTCTGGCCAAAAGAATGGAACATACCTGCGCGCAACGGCTCGTCATCGGCATCTCCGGCGGGCTGGACTCCACGCTGGCCCTGCTCATCTGCTCCCGCGCCTGCCGGGCGCTGAAGCGGCCGGCCTCGGACATTCTGGCCGTGACGATGCCCGGCTTCGGCACCACGGACAGAACGCATGACAATGCCGTGACCATGTGCCGCCTTCTGGGCGTGGAACTCCGGGAAATCCCCATCTCGGAATGCTGTCTCCGGCACTTTGCCGACATCGGGCACGATCCTGCCGAACGAACCACCACTTATGAAAACGTCCAGGCCCGCGAACGCACGCAAATTCTGATGGATTTGGCCAATAAAACCGGGGGGCTGGTCGTGGGAACAGGGGACTTGTCGGAAATTGCCCTGGGATGGAGCACCTACAATGGGGACCACATGTCCATGTACGCGGTCAACTGCTCCATTCCGAAGACGCTGATACGCTGCCTCATTGAACATATCGCGGAAGGATCATCCCCGGAACTGGCGGCTACCCTCGCGGACATCAACAACACTCCCGTCAGCCCGGAACTCCTGCCGCCGTCGGACGACGGCACCATTGAGCAGAAAACGGAAGATGTGCTTGGGCCTTACGACCTGCACGACTTTTTCCTCTTCCACTTCATTAAATACGGTGCGGAACCGGATAAAATCCTGCACCTGGCGGAACATGCCTTCCGCGGCGAATTTCAGCCGGACTTCATCCGCCGCTGCCTCGGCATCTTCATCCGCCGTTTCTTCCGTCAGCAATTCAAGCGCAGCTGCATGCCGGACGGCCCCAAGGTGGGCACCATTTCCCTTTCCCCGCGCGGGGACTGGCGCATGCCTTCCGACGCCTGCGGGACCGTGTGGGAAAAAGCCGTCCCCCACTACTGAGACCTCCTATCCGGAAAGTTACGGAGACGGCTTTTCCCGGAACCCGGCAAGGATGCCGAAGACCGCATCA
NZ_CP071888.1_gap26	787035	789286	2251	GCCCTTCATATTGGCAGTCGGCTGACTCAGCTTCCAGCTCTTGCCGCCGTCGTCGCTGTAAATGCAGGAAATCACCCATTTGCCGAACGGCCCTTCATTCATCGGAATCACCAGGCGGCCCTTGTGGGCGCCGCTCTTCAGCTGGGTTCCCGCATTCGGGCCGGACGCCATAATATCCACTCCGGAAGGACGCTTGGTCGTCTTCGTGATCTCCTGCGGCTTCATCCAGGAAGAACCTCCGTTCCTGCTCTGAATCATGAAATTGCGGATGCACTTTTCATCATCCCATCCGTCCGGGATATTGGGCTGCCGCTCCTTGACCCCGGCAGGGTAACGCTGGAATACGACAGTCACGGTCCTGGTTTTGGCATCATAAACGGGGCACGGATTATTGAACGTGGCGCCATGGGCCTTGGCAATCGCCCGGGGACGGGACCAGGTCTTCCCGCCATTCTTGCTGACGCTCATGATAATATCGTTCTCCCCCTGGTCGGTATTCTTGTACCGTCCTTCGGCGAATGCCAGGAGCTGGCCCTTGCCGATACTGAGCAGGGCGGGAATACGGATGGACGCATAGGGATTACCCTCCCCGGCGCTGAATACGGTCACAGCCCTGTCCGTAGGGAAACCGGTTTTCTCTTCCTGCCCGAACGCCGGCAATGCCACGGCGCATACGGCACTCATCAAACACTTGAATACGGAATTCATCATCCTCTTCACCTTATTCCATTTTCCCCCTCCGTACAACAACCATGTCATGCATGTGCGCCAAGACCAGAGAAAAAGGGACATAAAGAGAAACACGCGGCAGAAACGCGATACCGCCGCCGGGAAACGCCGGAAGGCTTCGGCCCAAAGCTCAAGCACGGCAGCAGAGAACGTCCTCATCCGGATACGGCAATCCGGAAAAGCGCCCGCCGGAACCGGGAAATATCCGGAAACGTGAATCGGCTGAAAAAAATCCCTGCCTCAATGCCAACGCCATTCCACACATCAACCGCCCGTCCTTTTTCCGGACAAACTGCCTGCCTATTTATTCATCAAGAGAAAAATGGTGAAAGAAGAAGAAAACGGAACCTGTATCTTGTAACATCACGGAACCACCTGCTTCCCGTACTGTCATGAACCGAATCCTTCCATTACTATCCCTGCCCCTGCTGTCGCTCGCAGCGGCATTTGCCGCCAACACGCCGGAACACATCGGCAACGACCTCAAACTGTTCAAAGACTCCTCCTGCACCTCCCTGAAGCCGGATGTCAAAGACACCTCCGCCTTCCAGTCTGACGCGATGAAGGAACTCGCGGCCAAAATCCTGGCGGGCCATTACAAGCCGGACTACCTGTATGCCGAATACCGGGCCCTCCCCTCACCACGCCAGACGGGGAAAAATCTCAGAATCGGCGACGGATTCAGCAAGTACGACAACATGACGGGCGTCTATCTGGAAAAGGGGCGGCATGTCGTCCTGGTCGGCAAGACGGAGGGGCAGGAAATCAGCCTCCTGCTGCCGAACCTGATGCGCAAGCCGGCCGAAGGAGTGCAGCCCACAAAAGACCCCAACGGCTGGGGATTGCATAAAAAGCAGATTCCGCTCAAGGAAGGAATCAACATCATTGACGTGGAAACGCCCGCCAACGCCTATATCAGCTACTTCACCGAAGACGCCGGCAAGGCACCGAAAATCCCCGTCCACTTCGTAACCGGCAAAGCTAACGGCTACTTTGACACCACCCGGGGCGACACCAACAAGGACTGGGTTCGCCTGCTTGACCAGGCCGTCTCTCCGATCATGGATGCCCGGGGAAAATACATCCAGGTTGCCTACCCCGTAGAATTCCTGAAAAAATTCACCAAAGACCGCGGAACCGAACTCATCAACGCCTACGACAAGCTCATCGGCATCCAATACCAGCTGATGGGCCTGGATAAATACGGCAAAATCCCGGAAAACCGCGTCCTGGCCCGCGTGAACTTCAACTACTACATGTTCCGCGACGGAGACGGAGTCGCCTACCTCGGAAACGACGGGACAATGCGCATGGTCACCGACCCTGAAAACGTTCTTAAGGGAGACGCCTGCTGGGGATTCTCCCACGAAGTAGGACACGTCATGCAAATGCGCCCGATGACCTGGGGCGGCATGACGGAAGTCAGCAACAACATCTTTTCCCTGCAGGCCGCAGCCAAAACAGGCAATGAAAGCCGCCTGAAGCGCCAGGGCAGCTACGACAAGGCGCGCAAGGAAATCAT
NZ_CP071888.1_gap27	867992	869613	1621	TTGTCCCCCTTGGCGCAGAAGTCCGTTTCACAGTTGAGTTCAAGGATGATGCCGGAGCAGCCGCAGGGAGCCACAGCGGCGCGGATCACGCCTTCCTTGGCGTCACGGTCGGCCTTGGCCGCAGCCTTGGCAATTCCCTTCTCACGAAGATACTTTACGGCGGCATCCATGTCGCCGTTGCATTCGTTGAGGGCTTTCTTGCAATCCATCATGCCGGCGTCCGTTTTATCACGGAGAGCCTTGACGAGAGCTGCAGTAATTTCTGCCATAGTGTTTCTGTTCTTTCTAAATGGTTGGTTTAGGCTTCGGCGGATGCGCCCTTGCCTTCGTTGATGGCCTTGACAATGCAGTCAAGAATCAGGCGGATGGAACGGACGGCGTCGTCGTTGCCGGGAATCGGGAAGTCGATTTCCTTCGGGTCGGCGTTGGTATCAACCAGAACGCAGACGGGAATGTTCAGGCGGTGGGCCTCGCGGATGGCGATGTCTTCATGGTCGGCGCCGATGGCCACCATGGCGTCCGGAGCGCCGCCCATGTTGCGGATGCCCTGAAGGTTGCGTTCCAGCTTCTGGCGTTCGCGGTCCAGAGCGGCCAGTTCCTTCTTGGACATGCTCTTGAATTCCGGGCTCTTTTCAATCCCTTCCAGATAGACAAGGCGTTCAATGCTCTTGCGGATTGTGCTCATGTTGGTGAGCATGCCGCCCAGCCAGCGGTGGTTGACATAGTACTGACCAGTGGCTTCCGCAGCTTCGCGGACGGCTTCCTGAGCCTGGCGCTTGCAGCCGACGAAGAGGATTTTTTTATTGCGGCGGGCCAGATCAGCCAGGAAGGAGCAGGCCTTGTCCAGGCATTTTTCCGTTTCCTCAAGGTTGATGATATGGATACCGGCCTTGTCCTTGAGAAGGTACTTTTTCATGCTGGGGTGCCATTTGCGGGTTTGGTGGCCCAAATGAACACCGGCTTCAACCATCTGGTTAATCAGATCATTAATCATATATGTATGTAGGTGGCTTTCCTTGCGGCAGGAAAAGCAGTTTTTGGGGACTTCGACGCTTTTTACCCCTCCGATCCCCGTTGTTTAGTTGCGCCGAATCACGCGAGGGACGGGCAATATACTTCCCGCCCCCTCTCTTGTCAAAGCATAAATCATTGATTTACGAAACTATTCCGCCGTTCGCGGAACCTTGTCGCAAGCAAGCTCATGGAGAACTTTGCCATTTCCGCAGAATATCTTACCGCGCAGGCCCGTCAAAACCGTTCCCGGCAGACTCTCCCATGCCCGTTTTCCAGTATTCCCGTTCCGCTTGCAAATAAAACGCACCGAACGGAGGCAGGATTTTTAACGTTTTCCCATGCCTTGCGGCCAGTTCCGGAGAGGGCATGTCCTCCCGCATATGCTTCCCTTTTCCAATCAGGAACGGCAGCACTACCACCTTTTGCCCCTTTAATCCGGGTAATACCTTTTCCACAGAAGGAAATGCGCCAAAGTATGCAAGCGCCATGTCCGTTCCTTCCGGAAGCCGGAACTTCAACTGCTGGAGGAATTGCGCCGGCTCAGGGGCAGCCTCCCTTCCCGTTACCCCGTGGGCTACCACCAGCAGGGAAGCCTCCCCCTCCAATT
NZ_CP071888.1_gap28	961434	965461	4027	AACCGGCGCCGCCTATTTCAAAGCCTGTTCCCGGAATGGCAGCAGACGGAATAACCCCGGTGCACAAACACCCCGGCGCCTTCCGGCAGCCGGGGTGTTTAAAAAGAATGCTCCTTTAGTTGGAGGGGACAGGGGTTTCTGCGGAAGCAGGGGCCGGAGCTTCGGGCACGGAGGGAGCCGGAGCCTGAGAAGAAGCGGCTTCCGCCTCAGCGGCGCGCCTGCGCAGCTCCTCCTGCTGGAGTTCTTCCGGCGTCTTGGCGGGAATGGAAGCTTCCTGCCTGGCGGCAGCCTTCATCATTTCCGGGCTCAACAGGCTTTCCGAACTCTTAACGTGCTGACGGTTGATCAGCATGCCCAGCCCCAGGCAAAGAACCATGAACGCGGTTCCGAAGTACACCGTGGCTTTTTTCAGCACATCCGTCGTCCGGGCGCCAAAGGCCTGGTCCGTAATGGCTGCGCCAAAGGCGGCTCCCAGCCCTTCCTGCTTGGGCCTCTGCATAAGCACTACGCCCAGAAGGAGAAGTGATACAATCACCAAAACGGCAAAAAGCAACTGAATGCTGATATTGAGTGAATCTGCTAAAAAAAGGTTCATGAGCGCGGGGAGTATGTGTGAATTCGAACGGTTTGTAAAGTCTAGGAAATGATTTCGTTATGCTCGTTGCAGACGATTTTCTTGGAGATGATGGGCTTGTCCGACAAGGCAAAACTCATAATGACCACCCGTTCGCCCGTCTTGATTAAATGGGCCGCACCGCCGTTCATGATGATGTTCCCCGTGCCGGCAGGCCCCTGGAGAGCATATGTTTCCAGACGGTTCCCGGACGTGACGGACGCCACGAGAACTTTTTCCCCGGGCCACAAATCCACGGCGGCCATCAAATCGGCAGGAATTTCAATACTGCCTTCATATTGAACATCGCCACGGGTAATCATGGCGCGATGAATTTTTGATTTTAACTGCTCAACCAACATGACGTTCGAACAACAAACCCCCGATCGCCCCTCCGGTCAAGCCGTCATCCTCCATTTTACGGTTTTCTGTGTCTTACTCCCCCTCCTCCAGCGCTTCCGCGGCATGGGCGGCATCCCGGGCAAGCTGGCTTTTCAATTCTTCCAAAGAGGGGAATTTGATTTCCGGCCTTAGGAAACGGACCGGTTCCACTTCCATCTCCCGCCCGTAAATATCCCCCGGGTGGCCGAATAAATGCGCTTCCAGCAAAAGTTCCCCCGTCTCACCTTCCACGGTGGGGCGCACCCCCAGATTGGCTACGCCTCCGTATTTTTTGCCGGCCACCCGGGCGCGCACGGCGTAAACGCCATGGGGAGGCTGTAACCCGCAACCGGGTCTTATATTGGCCGTGGGGTAGTCCAGCAGGCGCCCCAGTTGGCGCCCGTGAATCACCGGGCCCTTCCAGCGGTAGGGACGGCCAAGCATGCCGGCAGCCTGTAAAAAATCCGCCGCGCGCACGGCTTCGCGAATCCGGGTGCTGCTTATGCGCTCCCCGTCCTGCAGAATAGAAGGAACGGCCGTCACTCGGAACCCGTAGCGGCAGGACAGCAGGCGCAGGGTTTCTACATTCCCTGCCCTGCCGCGGCCAAAATGCCAGTCCTCTCCCACGGCAATCTGAGCCACCCGGCAGGAGGAACAAAGTTCCCCAATAAACTCTTCCGGGCTCATGGACGCCAGCCTGGAAGAAAATTCCAGCGACAGCACCGCCTTCACCCCCAGCTCTTCCATCAAGGCAAATTTTTCAGCATCTTCCCCCATGATGGCGGGCGGCACGCTTTCCGGCCTCACCCGGGCCAGCGGATGGGTGCGGAATGTCAGCACGGCGGGAATTCCTCCGTCAAGAGCAGCCCCTTTCACCGCCGCGGCAATCACTCCGGCATGTCCCAGATGCACCCCGTCAAACATCCCCATGGCCCAGTGTACGGGGGCGGCAAGGCTTTTCAATTCCTTGAATTCCCGGTAAATGACCATATGCTACCCGGCAATCAGAATATCCGCCAGCTCCTTCAGGGAAAGCATGGCCCGGAACAGTTCCTCCCTGGGCGCGGTTTTCAGGGTGTCCACCGTAATGGCGCGGTCCAGCGTAAAAGAACCGGACCTGGTGCGCCGGAGGGCGCTCAAATGCGCTCCGCAGCCCAATGCCTTCCCAATATCATAAGCATAGGACCGCACATAAAAACCTTTGGAACATTGAACGGTAAAATCCACTTCCGGAATGGCCACGCGTGAAATTCCGTGGCCAAACACTTCCACAGGCCGCGGCTCCCGCACAATTTCCTGACCTTTCCGGGCCAGTTTGTACAGCGGCACCCCGTCCTTTTTGATGGCGGAAACCATCGGAGGAATTTGTTCAAAAGCTCCGTCAAACCGGTCAAACGCTTCACGCACGGCCTGTTCCGTCACTCCGTCTACGGAATACTCCGCCACTATTTCTCCCATGGCATCCTGAGAGGAAGTCTCCACGCCCAGCATAAGGGTTCCGGCGTATTCCTTGTGTTCGCACATCAACTTGTCCTGAAGCTTGGTCGCCTTCCCTACCACCAGCATCAGCAATCCCGTAGCCATGGGATCCAGCGTGCCGCAGTGGCCTATTTTCTTAATTCCCAGGGAACGGCGCGCAATTGCCACCACATCGTGGGAAGTCATGTCCCGCGCCTTGTCAATCAACAGGACGCCCGAAGGAACCTGGATGGAATCTGAAACATTCATGAAATCTTCTGTCGGAGCACGCGTTCCACTTCTTCCCGCATGGCCTTCAGGATAGTAAGGCGCACTTCTTCAATAGGCCCCCGGATACGCACTCCGGCGGCCATGGAATGGCCGCCTCCGCCGAAACGGGAGGCCAGCTCCGCGACGGATATTTCAGGCGTCTTGGATCTCAGGGAAATACGGATGCGGGGATCGTCCTCCGTTTCTTCCAGATAAGCGGCCAGCCAGACTCCCTGCACGGAACGCAGGAGGTCAATCAGGCCTTCCGTATCTTCCGGACGGCTTCCAATCCGGGCTTTTGCCTCATTCGTCAGGCAAAACATGCAAATCCTGCCGTCCGGCGTCAGCTTCATTCCGTTCAGCGCCTCACGCATCAACTGCATTTTCACCCACGGCTTTTCCTGGTAAAGCTGGCGGTTGATGTCCTGGACGTCAACGCCCATCCGGATCAAATCCGCAGCCAGTTCCATGACGGCCGCCGTCGTCATCTGGTACTGGAAAGACCCCGTATCCGTGCTGACGGCCACGTAAAGGGCGTCTCGCATCACCGGAGTAACGGGAATGCCCAGATACTTGAAAAAGTAATATAAAACCGCCCCCGTGGCGCATTCGTCCGGCAAAACGCACTGCACATCTCCAAACAGTTCGTTCGTCCGATGGTGGTCGATGTTCGCCCACACCTTCACTCCCGCCAAAGCCTCCAGGCTGCGTTCTCCCAGCCTCTTGAGCGCGCCGTTATCCACGGAAATGGCTACTTCCACATCCACCGGCTCATCAGGCGTGGGAATAATATTTTCCACACCCGGCATAAAGGCCAGATTGGAAGGCACCCCGTCCTCGTTCATCATCATCACCTTCTTTCCCATTTGCTTCAGGGCTTCCCCCAAAGCCAGCGTGGAGCCGATAGCGTCGCCGTCCGGATGAACATGCGCAATTACCGCAAAACTGCCATGGCTGCGGATCAGATCCGCCAAAGGCGCAAATTGGGGACAATGTTTCCAATCTTCCATATGTACTGCCGTGTTTTTATAGAAAAAGCCGCACCTGGACAATCACCAAGTGCGGCTTGAAAAGTCGTACTTAATCCCGGAAGAGGATTACTTCTTGGACTTCATGACCACCGGAGCCACATCCACGGCGGGCTGGTTCAGGTCATTGAACTTGGGCAGGGGGGTCAGGGGCGGAGCACCCTGATCCTGGCAGCAGCAGGAAGCCATGATGCTCGCCGCAAAAGCGGCAAGAGCCATAACGGTAATCTTCTTCATATGCGTGGTTAAATGATGGGTGATAAAGGATATGGAAATA
NZ_CP071888.1_gap29	973959	978662	4703	TCGTACAGATTTACAATCCTGTGGACACGGACCTTTTCCGTCCGGCGGAAGACCGGAATGCCATCCGGGCCGGCCTGGGCATCCCGCCCGGAGCGTTCGTCATCGCCTGCGGCGCAACCGGCCTGTTCAATCCGGTCAAAGGCGGCCATTTCATCCCCCTGGTGCTGGAGGAACTATACCGGCGCGGGCACCGGAACCTTCATCTCCTGCTCTTCGGCAACCAGGAAAAAAGCGTGGACTACCCCTTCCCCAGCACAAACGCCGGATTCATTACGGACATGAACAAGCTGGCCGGGCTTTACAGCGCGGCGGACATTTTCCTGAACCCCACGCTTCAGGATGTCCTTTCCAACGTAGCGCTGGAATCCATGGCCTGCAAAACCCCTTCCGTTACCTTCCGGACGGGAGGAGTTCCGGAAGCGGTTCTGGACGGAAGGACGGGGCTGGTCGCTCCGCAGGGGAACCTGAACCAAATGGCCGCCCACTGCGAACGGCTCATCCAGGACGGAAAACTCCTGCAAACCCTGGCGGAGGAAGGCCGTCGGCACGCGGAACAAACATTCTCCTACCCCGTCATTGCCGCACGGCACGCCGCCCTGTATGAGGAAACGCTCCGGGAATACCGTTACGAAGAGTGAAAACGGCCGGCGTTCAACCGCCGGACTGCCTGTTCCAGTACATCAGGACGTATCTTCCTTTGTCATTGACAAGAAAAAGACGCCTCATACACTCTGCACCGTTTCAACCCTTCTCCCCCCATGAAAACGCTTAAAATCTCCTTTTTACAGTCCACTCCGGATTTCGGCAGGGAAGGAATGCTTCAGCTTCTGAAAAGCCGGTATCATGTGGTGGAAGACGATTCCGATTTTGATTACCTGGTCGCCACCCCCTGGTTTTACGTCACCCGGGAGGCTTTTTACGATTTTCTGGAACGGGCCCCCGGCCATATCACCGTCATGTACGGCTGTCATGAAGCCATTGCACCGGATTTCATGCTGTTTGACTATTACATCGGGCTCGATACGGTGCCCGGAAGCGACCGCACTGTCAAACTTCCCTACCTTCGCCACCATTTGCAGGAAGTGCACGGCGGTAAGGAAGGCCTGGATGCCCATGCTCTCCTGGCCTCCAAAACGGGTTTCTGCAACTTCATTTACGCCAACCGCAAATCCCATCCCAACAGGGATGCCATGTTCTACAAACTCTCCGCTTTCCGGTTCGTCAATTCTCTGGGGCCCCATCTTAACAACACCCCGGGCGACGGCCACCGGGCGGAAGACTGGTACGCATCCTCCATCAGAATGAAAAAGCCGTATAAATTCTCCATTGCCTTCGAAAATGCATGGTACCCCGGCTACACCAGTGAAAAAATCGTCACCAGCATGCTTGCGGGCACCATTCCCATTTACTGGGGAAATCCGGACATCAGCCGGGAATTCAATTCCGCCTCATTCATCAACTGCCACGACTTCCCAACCCTGGACGACGCCGCGGCCTATGTGAAAAAAGTGGACGAAGACGACAACCTGTGGTGTGAAATCATGTCGCGCCCCTGGAAAACCCCGGAACAGGAAGCCCGCTTTCTGGAAGAGACGGAAAGGGAAACGGTCAAGCTTTACAAAATATTCGACCAATCTCCGGAAGAAGCGCGCCGCAAAGGTGACGGAACATGGGTATCCTACTACCAGCGCTTTTTAAAACGCGGCCACAGGATGCAGCTGGCATGGCGGCGGCTGAAAAACCGCCTGCGCCGCTAACCAACGTTTCCGGGCAATTCAACCCCATGCCGGATTTCCTCTGCCCGCCTTCCCCCGTCCCCATCCACTTCCTTCCGCTTCATGAGCAAATGCTTTTCTGAACCCTTTTGTTCACCTTCTCCCCACCAAGCCGGAGACGCCATCCACGGAACCTATTTCCCGCACATTGACGGCCTGCGTACTTTTGCCGTGCTGGCCGTCGTCCTGTACCATTTGCAGGAAGGGATCTGCCCTGGAGGCTATGCAGGCGTGGACATCTTCTTTGTCATCTCCGGATATCTGATTGGCGGAGGCCTCATCCGTAGCCTGAAGGAGGGAACGTTCTCCCTGACCTCCTTTTACCTCCGGAGAATCAGGCGCATCATGCCCGCCTACTTCTGCCTGATTGCGGCCGTGCTGGCTTTCGGCTGCGTCGTTCTGGACTGCGATGACCTGCGGACTCTGGGCCGGACGGTGAGATCCAGCGCCCTTTTCATCACCAACACTTACTTCAGCAGAACCACAGGGGATTACTTCAGCCCGGCGGCGGAAGAAAACCCTTTGCTGAACCTGTGGTCCCTGAGCGTGGAAGAACAATTTTACCTGATGATTCCGCTTACCCTGTGGCTGCTCTGGAAATTCAGGGAAAAAGCCGTCAAACCCGTTCTATGGGGGGCGCTGGGTCTCTCCTTCTTCGCCGCCGCCTTCCACATAGGGCATCTGGAACATAACAAGGCCTTCTATCTGCTTTACTGCCGCGCCTGGGAACTTCTGGCCGGCTGCCTTCTGGCTCTGGCTCCCGCCGCAGAACAGAACCGGGGAACCGGATGGCTGCGGACGGCGGGATGGGCCGGAATCCTGCTCCCCTTTGCCTGTTATACCTCTTCCACTCCTTTTCCCGGATACACGGCCATCCCTTCCATCGCGGGGGCGGCCCTGCTTATCCGTTACGGAAACCATGGCTGGTCCGGGCGTATCCTCAGGCACCCGCTCAGCACGGGCATCGGCAAAATCTCCTACTCCCTCTATTTGTGGCATTGGCCAGTTATCGTGTACTGGACATACGTCTGTTTCGATGAATGCTCTCCCTGGGATTATGCGGGCATGTTCCTTCTCTCCCTTCTTCTGGGTTTCCTTTCCTGGAAATTCGTGGAAACCCCCTTCAGAACGACCGTCTCATGGCAAACTCCCGGAAAAGCGTTTCTGGCCACGGCAGCAGGGTGCCTCATGCTGGGATTTGCCGGTGAATGGCTCAAATGGACGGACGGCGCGCGGGATTACTGGCATGTAGCGGCCAACAGCATGGAATTCCCTGAATACTGGAAAGGGCCGGCCTTCCCGCCCTCCTTCGGCATCACGCCTCCCGGCCGGGCGGTGGTGGAAAAGGGCAACGCCATTCAGCACCATCATCCGGAGCTGGGGGATGTGACGGATTACCCTTTTGTCCTGCTGGGAAAAAACGGGCAGGCCCCTTCCTTCCTGCTTATGGGAGACAGCCATGCCATGGCCAGTTCCCCCGGATTTGACGAGGCCGCTCGGCTTCTTCAGCGCTCGGGCCTGTTCTACCGCGCGCGCCTGTGTCCGCTGAGCGGTATCTCCGGCTCCGGAGACTCCTCTTCCCTGACGCTCCTGCGCCTGATGTACCCCCATTGGGAACACAATATGGAACTAATCCTGGACTGGCTGGAAAATACCCCCCAGGTAAAGACCGTATTCATCCACAACCGCTGGATTGAACTGGTCAACAACCACCGGGATACGCGCCTGAAACAACTGGTTGCAGACGGCCTGCGCCACACCTGCGCGCGCCTTCGGAAAGCCGGCAAGCAAATCGTGCTGCTGGGCCCCGTTCCCGAATGGACTTTCGGCCCGCGCAAGCTCATGCGCCGCAATGCCCTGCTGAACGCCAACCGGACAGACCGCCTGCTGGGCGGAGATTTCAACACGCGGCAGCGTCCGGTATTCTCCCTGTTGGAGCACATGGAATCCACAGGCCTGTGCCGCTTCATTCCCCTCCACGGCACCTTCCATAAAAATGGGCGGTGGCAGGCGGAAGACGGCGGCCAATTAATGTACTGCGACGACAACCATCTTTCCCCCTATGGGGCAAAAAAAATGGTCGGCGGCATCATCGACCAGCTTTTCCCGGGAATGGAAAGAACAGCAGCCAACTGACGGAAGTACCGCACGGAAAAACATCCAATCCTTTGACATTGACAAGGCATGCAGGCCCCCTACACTGGCGCCAGGCAGCAAAGCCTTCGCGATGGTCCCGGATAAAAGCCCGGAATATGGAGGCCATACCGCGCCCCCCTCTTCAACGCCTGTACTCCCATGACGGATTCCCCCCGCCCCACACGCATCAAGGTCATCAGAAAATCCATGAAGGCCTCTCCGGATCAAACGGAATCCCTGTTGTGGGGCGACTGCCTGTTCTGCACGGACGCCGCCATGACGGATTACGACTGGGTTCTGGTATACGACGAATTTCCCAGAACTCCCGTGGGCACCATCAGGAATGAAACGGAACCCCTTCTCTGTCCTCCGGACCAGACTATCCTGATTACGGTGGAGCCCCCCTCCATCAAAATCTACAGCAGGGCATACACCAGCCAATTCGGCACCGTTCTCACCACCCACTCCATCCGGGACCTTCCGCACCCCGGGCACACCTTGGGCCGCGGATGTCTTGAATGGCTGTACATCAAGCCCATGCAGGAAATTCTGGACCAGAAGGAATTCCCGAAGACAAAAATGCTCTCCACCATCTGCTCCGCCAAGCAGCATACGCATACCATGCATAAAAAGCGCTATGATCTTACGCGTTACCTGGCGGACCGTCTGCCGGAACTGGACTGGTTCGGACACGGCATCCGGGAAATAGAAAATAAAACCGTCGCCATGGATGACTACAAATATCATCTATGCGTGGAAAACCATCTGGAACCCCACCATTGGACGGAAAAA
NZ_CP071888.1_gap30	1037026	1041064	4038	GCAACATACGTCCTGCAACTATCGGGCAGGCCTCTCGAATTCCCGGAATTACCCCGGCAGATATCGCCCTGTTGCTTGTGCATCTGCAAAAACGCAGCAGGCAACAAACATAATACCCCGCGTTTTTTATTCAGAAATTTCAATTTAAGGAGGACCATAGGAGGCGGGTATTGAAAAATAAATATGGCAGGGACATCCTTGAGCCGTATATGATCCCATTATATTTCCCTGTCGCCATTGCCTGGAGTCGATAAAAAGATTCAATACTGTTTTCTGAATGTCTTTTTGCGCGACAGCAGCTCTTCCCTTCCTCCGAACAACCACCACTTTCTGCTTGTCGTAAAAAGAAATGGAATATCCCTTCAGTATTATTGAATACCGGCCTTCCTGATTTATCCATCGCAAATCATTAAGAAGCGTCACACGATTTCTTCACGGATTCCATTCAAATACTGCCGATAAGAAAAAGCAGCATTGAGCTTACTCCAAGAGGCAAGGGAGGCCGGAAGGGCTGAATGACAAATCCACCGGGCGAATGAAAATTACCTTCCCAAGTTTAAAATTCTTCGGATAACCAATAAACAAAGACCTCATCCATTACCGGTAACAGATATCTCCCCGGATACATACATCATCTCCAAAAATATTTACAACAGGTTGTTCAAGATGGGCTTCATGCTCCAGAAACGGACCGGGCGCTACGCCGTCCGCACCGCCGCCGATAATGATGGGAGCATAAAACCCCACCCACTCGTCGACTAAACCGGCTTTCAGAAATTCCCGGACCAGACAGCCTCCCGCTTCCAGCAGTATAGTTCCTATTTTTTTATTATTATATAATTTTTTTAATAATTCCAAATAATTGAAAACATTCTCCACAACCAAAGTGCGGTCACGAAATTCATCTGTTAAACAAATGGAATCCGCAGGTATGGAAGAAGCATCATGGGTTAGAATAATACGCCAGGGTTGTTCCTTGAGGGGAGAAACAGGACGATCCGGTTTCCTAATGGTCAGGGACGGATTGTCCAGACGCACGGTATTCCCTCCGGTAAGAACCGCATCGCATTCGGCACGCAAGGTATGTACAAAAGATCTGGATTTTTCATTCGTCAGCCATTGGGAACGTTCCGGACTACGGGAAATGCGGCCATCCAGAGACATGGCGCTTTTTGCAATTACCCAGGGACGCCCTTCCAGCATGTTCACCCTGAACCCCCTGATTAAATGATCGCATTCCTTCTCCAGAACCCCGCGGGTAACCTTGATGCCGGCCTGTTCAAGAATATCAGCCGCAGCGCCGCGGTGTTTGGGATTAGGATCTTCCGAACCATAAACCACCCGTTTAAAACGATGTTTCAAAATGGCATCCGTACAAGGCGGTGTTTTCCCGGAAGTACTGCATGGTTCCAGAGTAACATACAAAGTTGAGTCCGCGAACAGGGGGGCATTGCCATTCGCCACTCCGTCGGCAATAGCCTCTCTTTCCGCATGAGGCAAGCCGGCTTTTTTATGAAATCCCGAACCAATCACCTGGTTTTCATGCACAATGACTGCCCCCACGCAGGGATTCGGACTCGTAAGTCCGATTCCATTTGAGGCCAGTTTTATGGCCATGTTCATCCAACAGTCATCCTGATTTTTCGTATTCACGCCGTTTTGTAGCATGAAAACCGGAAGAAGGACAATCACGTTGTGTGATTGAAGAATATTAGGTTTAACAATATTAAATTCCTTCTTCTTCTGCTGTATGCCCAGTGTGAATAAGATTTTAAATGACTGTAAATGAGAGTATTGAGTATCATTTCAAATGTTAATAAATTTGGCCTGCAAATTTGTGAATAATATCTGAATAAGTTATTCACATCATACTCACAGTTAATCAACCTGGCCTTTCACAAGGTTATTGGCAGGTGCGGCTGTAAACAGAAACGGCATTCCTGTTGGAAAGAAAACGTACATTTCCAATAAGATTGCCGCATCCTGGGAAAAAAGAGACAATATCCGGATTTATAATCCGCACAAGGATATTGAAGAAATCTGATTCTCTGGAATGGATTTTTAAGAATGCTTAAATAATTTGAAAAACCTTTTCATGCAAGATATGCCCGGAGAAATTGCATATTACTATATATAGTATGTTTTAAAAAAAATACTGCCAAATATTAGGGTTTGACGGAAAAATGGCTTGAACCACGAAAGACACTTATGAGAAGATGCGAGGCAGATAAAAGCACAGACACATGAAGTTTACCATTTCCAAGCAAGTATTTCTCGACGGGCTGAGACAGGTTGCCAGCGTCGTGTCTTCCAAGACGACGCTGCCCATTCTTTCCAACGTCAAGATTGAAGCTGAAAACGGCCAGGTACGTTTTACGGCTACTGATCTTGATGTATGCATTACTGGCGTGGTTCCCGCAAATGTGCTGCGTGAAGGCACCGTGACCCTGCCCGCTAAAAAGCTGGTGAGCATCATCAGCGAACTTCCTGAAGCCGAAGTCCAGGTGGATGTCAACCAACGCAACCAGGCTGCTGTGGAGTGCGGCCGCTCCCAGTTTAAACTGAACGGCCTTCCGGCGGATGAATTTCCGGAATTGCCGTCTTTTGAGCAGGCTACTGTGTACCAGGTGGAGCAGAATATGTTGCGCGACTGTATCCGCCGGACGGAATATGCCATTTCCACGGATACGACCCGCTACGTATTGAACGGCATTTCCCTTTCTTTCCGCAATGGTAAAATGACTTTGGTAGCCACGGACGGACGTCGTTTGGCTTTGGCGGAAACCGCCCTGGAATTTCCGGAAGAACAGCAACTGGACGCCATCCTACCCACTAAGGCTGTCGGAGAACTCCGCCGCCTTCTGGATGAAGTGGGAACCGTCACTATCCGGTTCACCCGCAACCAGGCAGCCTTTGAAATCAACGATACGCTCTTAATTAGCAAACTGATTGACGGCAATTACCCGAACTACCGGCAGGTAATTCCGACGGATTGCAAGGAAAGTATCGAACTTCCCTGCGGGGAACTGCTGGAGACAGTACGCCGTGTTTCTCTCCTTTCCGTGGATAAGAGCACAAATATCAAGCTGAATTTTCGTGAAAACGAACTGGAAGTGGCTTCCAGCGCAGAAGGAGTGGGCGAAGCTCATGAATCGATGACAATCACTTATTCCGGAAGGCCGCTTTCCATTTCCTTTAATCCGGATTTCTTCATGGCTCCCCTGAAGACGATGGCCGGGGATACGGTCATTACGCTGAACCTTATTGATGAAATGAGTCCCGGCGTCTTGAAGATTGGCGATGAGTTCCTGTATGTGCTCATGCCGATGAGATCTCCCAATTGATTTTGGTGGCACAAAATCGTTCATACAGAGGAACAGGCGTTGTGGAGACATGACGCCTGTTTTTTATTGGCTGAGAATGAATGGAAAAGAAATATTATTCACATAAATGTTCTACGTGGAACATTTTTTATTTTCCATTACAGGAAAACTGTAATCTGCCTTGAAAAGACGGAACACCTGCATGGAGCGCAAGGGGCATCACCGGAAACTTCTGCGACGACGGAAGAATGCCACTATCCGGAAATGAGAAGATGCAAGGACAATAAATATTCAGAGCGGAGAATTGACAAATTTTACTCCGTATCACTCGCCCAGCAGACCCGGAGGAGCGAACAAGTCCGGAGCAAGATGAAAGGGATAAAAACCGGATGCTTGAAGAATGGCTTCACGGACGGAGGATATGGAATTGAAACAGGAATGTTCCACATCCAGAATACGTCCGTCCTTCAGTTTAATCATCAATCCGGGTTCTGCCTCATTATTTGGAGTGCATCCTATGCGTTCAATTAATTCCCACGGTATTTCCCTGCGTGAAATGCTGTTGCCCCAGAAGATGGAAGAAGAAGTGATTGTGAGAAAATAAGGCCTGCCCATAATAACGGGAAGCCACAGGAACAGTAAAAGGGCGCCGAGAAGAAAGTTCCACCAGCCGGAACCGAAAAAAGCCCAGGCCAGGCTGCACCCCAGGGTTCCG
NZ_CP071888.1_gap31	1165155	1167513	2358	GGAAGCGTAATACCTGAAAATAGTTCCTGTCTTTTCGCGACGGGTATCCTTCTTTTCTGGAGAGCGTTCGTGAATGTTCTTCTCAGGAGCGCTGCCCTGGCGTATTTCCGGATTTTCCAGTCTTTCAGAAAGGCTGATTATTTATTCCTGCCGGGGAATTTTTCAGAACTATCCGAAATAATTAAAAAACGCTGTTGTTATCCGTTATCTGAGAGTTCCACGGTGCGGAACAAACCCATCACACGGATTCGGCTGGCTCTTTTTCCAGCGGTTTGTGATCTTCTATCAATCTTTTGATATCTTTTCTTGTTTTTTTATCTCTCGATTTTCCTAGCTTTCTGTAAATATCGGTCATGTCAAAGTAGATTAATTTTTCCTGACCCTGATCATTTCTAATAGAAATAATCTGAATATATTTGCCATCATGCATGGTATATATGTACCCTAGTATGCCATATCCCTCATAGTGTTTCCTGATATATTCCTTCTGAGATTCCCTGATATCGTCTGTTTTCTTGATTCCTGTAAGAATAATAGGATTGATGATTGAATTTTCCCTGTCAATTTTCTGACTGCCGGGAATTACATCCTCCGAACCGGCGGCATTATTAATGCAAAAACAGGGAAAGCAGGCTATCGACAAAAAGGCAATTTTCAGTAATGGTTTCATATCAGTTTATTTATTAATCAGTTTTATTTATTTATGTTGTCATTGCAGCCGACGCAGGTGCAGCCTACTTCGTTGCAGTTGCCGCATTGCAAACCGCATTCTTCTGTCAAACGCAGCCGGGCCATTGCGATGACTGTGCTTTCTCCTTCTGCATATGCCTCGGCTTTGCCCTCTTTTTCATCATCTGTACCGGTTACTACCGGGGTAATTGTCTTTCGCAGCGGTATTGGCCCCCCTGTCTCACCCGTGTGATGAACACTTGTATACTTACAGGATATATAGACTGTGTAAGTGCGTTTGGCGTTGGCTACCCTGACTGGCTCTATGTTTAAATTTTTTAATTCGTATTCACATTTTAATTCCTTTGCATTCCCATAATTGCAAATAACAAAGGCCAAAATGCCCAATAACTGCAATATCTTTTTCATCCTAAAATTATGGGACAATTTTGATATATGTAAACATATTTTTAATATGTTTTATATAATGATTGATTGATAGATAGTTACAAAAATATCTAACAAAATAATGATTATCCGGGAAAGACCCCGGGGAGGATGAGGCGCTGAATAGGAGTGTCCGGCGTTCCAACGGAGAAACAACGCCTTCGCATCTCGGGAGAAGTTGAAAATGCCCGGATTGGCTTTAATTCCGCCCGAAGGCGTGGATTTTACCGGGGGCATGCCGCCATGCTGCGGCGTTCAGCAAAGGCACAGTTGAGCTGCGGACCCTTTATATTTATCCGCCATACGGGATAAAATGGGAGATTCTGGTATGCCGAGGGGCCGGGATTCCACTAAAATGCCATGTTTCTGGCATGAGGAGGCTGTTTTCTCTGGAGCCTTTCAGTTTGAGTTCCTGCTGGTTTTCCATGAACATGGTGCCGGATTGTTCCCTCAATGCTTCCATATGGCGGGTAAGAAACTGCTGGCTTCGATGGTCCGCATCTGAGCATCCTGTGAAAGCGCTTCATGGTTTTCAAGTTTCCCTGTTGATGTTGAGTCTCCCGCAGTCTTTTTCGATCCATCCGGAGAGGATGGGACCGGTGAATCGGATTCAGGTCAAATAACCTGTTCCGGGGTGGTTCAGGAGGCATCAAAAGCTTTCAGCACTATTTCTTATTCCCGGTCCGTGTTCCGGATTTTGATGTTGATGAAGATTGTTCCCGGACGGGTGTTATTTGCCGTCTTTTACGGCCGTGTACATTAGCCGTATCAATGGAGGCGGATCCTGCTTTCCGCGAGCCGGAAATGCGGTGAATTCCCGGTGTTCAGCCAATGCATATTTTCAGGGAAAGAAGTGATTCCTGTTCTTTCCTGAAACATTTCCTGCCTTCTTTATGCCGGAAGCGGCAAAGGGGCGTGCGGCATATGCGGCAGTATTATCTTCCTGCCTGGAGGCAGCGGTAGTAATAATCCACGCGGGAAATGAACCAGCTCCATTTGTACCCGGGGCGCCCATTAGTCATCAGCGGGGCGGGGCAATTCTTGCCGGACCAGTAGTTGTGAGGCACTACGTTGCGCAGGGGGACGTTGTAGCGCATCATCAGCAGCGCCGCCAGCTTGGCCGTCTTGTTGTAGATGACGACAGGGTTATGCGTGGTGCATTCACACATTTCAATGGCTACGGAGTATTGGTCTCCCGGTCCGGAATGGTCCGCATGGTGGCCGGTTTCCGTAGTGGGGATG
NZ_CP071888.1_gap32	1175734	1176846	1112	TTGTCCCGATTGACCGCAAGGGGCATCAATATGGGGATTACAGTTTTAAAATGACAGAGGAAATGGCCCGGGCATCCAAGGCCCGCATTGCCGCCAAACGGTACCCCAAACCGAAATTCCGCATTGCCTTCCTGCATCAGCATGGAAAGACGGTCAATTTGTGGGGGCAGAATCTGCATGGGTCCCAGCTCAACGGCTATTGGACCAAATACAAGCAGAACGCAAAACTCAGCCCGTCTGTAAGCGCCTCCAAAAAGGATAACATGATTATTGTGCGGAATGGGGAAAATGCAGCCGCTTTCTGTGTAGTGACCAATGGAAAGGTGGTAGGTTATTATGACCGTCAGAAGTTTGACGTTTCCGGCGTGGAATGGAATGATACCTCTAAAGTGTACGCCATCCCGATTCAGACGGCGGAACCTTATAAGTTGATTTATGCTGCCGGGCGTTCCTGACCGTGTTTTGAAGGTTTGGGAAAAGCCTCCCGGAAAATCATATTCCGGGAGGGGCGGGTATTGGGACGCCTGCTATTCGGGTGCCTTGAAGTTATATACGGGCCTGATGCGTTCCACGATTTCCGCCGTTTCATGGATGTTGTCCAGCACGCTCTCGCCATCCTTGTAGGCCATTGGCGCTTCATCCAGCGTAGCGCGGGAAACGCAGGTGGAGAAAATACCCTGCATGGAAGCCTCGAATTCCTCCAGGGAAAGATTGGCTTTAGCCTTTTTGCGGGACATGCTGCGGCCTGCGCCGTGCGGAGATGAGGAATTGAATTCTTCATTTCCTTTGCCGATGCAGATGACGGAGCCGTCACGCATATTCAGGGGAACGATGAGTTTTTCTCCGCGTCCGGCCCGGACGGCTCCCTTGCGGATGATTTGGTCTTCCGCAATGTAGTTGTGCACGGTGTCGAAACTTTCCAGATCATCTGCATCATCCAGCAGTTCATGCAGTATCACGCGGCGGTTCAGGGCTGCGAAGCGCTGAGCCACCTTCATATCCCGCATGTAGTTCAGCGTATTTTCTCCCTGAAGGTAGCAGAGTCCTTTTTTGCGTTCTTTAAGATAGGCGTCCGGACAAGTATCCACGGCGATTTTCTGGTAGCGTTCCGC
NZ_CP071888.1_gap33	1256138	1258951	2813	CTTCCTGCCTGCGGACGTTTTCAATGTCCGTGATGATGAATTCCGCTTCTTCCGCGTCTCCGGGCATGGAAATGAGCCGGACGGCTTCTCCTCCGCCTTTATGGGCGCGCAGCGTCTTGTCCCTCCGGCCCAGGTTATGGCGGATCAGGGCATTGGCCGTGTCCAGGATGGGGGCGGTGCAGCGGTAATTTTCTTCCAGTTTGATGATGGAGGGATTTGGAAAAAAACGTTCGAATTCCAGGATATTGCTGATCTGGGCCCCGCGCCAGCCGTAGATGGACTGGTCGTCGTCCCCCACTACGCAGACATTGTGTTCCGGCCCCACCAGATGGCCCAGCAGGCTCATTTGGAGGCTGTTGGTATCCTGGAATTCATCCACTGTGATATAGCGGAAGCGCTGTTGCCATGCCTCCCTGACGTCCCGGTGCTCCTTCAGCAATTTGTCCGCCAGAATCAGCAGGTCGTCAAAATCCACGGAATTCTGCGCCTGAAGTTCCCGCTGGTAGGAGGCGGCGATGTTGGCCGTCAGGTTGTCTTCAATGGAGTCAAGGCCCAGACCGCTGTTTTTCATCCGGCTCATGGAGGAAAGCACATCCTTGGGCGTGATTTTCTCCGTAATGCCGCCGTGGCGCACAATCAGTCGCCGGATCAGGCCGCTTTGTTCGGAACCGCTGTAAATGGTGAAATTGGTCTTGTACCCCAGGCGCCCTATATCCTCTCTCAGGATGCGCACGCAGAGGGAATGGAAAGTGCTCACCATTATTTGGCGCGCCGCCTTGCGTTCCACCATCTGGCCTACGCGTTCCCGCATTTCCAGAGCGGCCTTGTTTGTGAACGTCACGGCCAGGATGCTTTTGGGGCTGATACCCCGGTCCACCATATGGGCGATGCGGCAGGTGACGGTGCGCGTTTTACCCGTTCCGGCCCCGGCCAGGATCAGCACGGGCCCCTGCAGGGTCTGCACGGCCTTCCTCTGGGCCGCGTTCAGGCTCTCCATGGAAAAGGACTTGGCCATTTATACGTCAAAATGGATATCTTTCAAATTCGGGTGGCCGGCAATGAGCTGGGAGATATTCATGCGCGTGCTGCCTTCAAGCTGGACGTCTGTCACCAGCAATCCTCCGCTTCCGCAGGCGATCAAAAGCCCCTGTTCTCCGGCGGAGAGCACCTGGCCCGGTTTTCCCTCCGCTTCCGGGAGGATGGAAAAGCCGGGGAAAATTTTCATGTTGCGGATGCGTTTCTTGCGGTTCCAGTAGTTGGTGAAGGTCCCGGGCCACGGGTCGTACGCCCGGATCATGCGGCCGATTTCTTCTGCGGGGCGCGTCCAGTCGATTTTTCCGTCCGCCCGCAGGAGCTTGGGGGCGTATGTTGCCAGGATTTCCTGCTGGCGGATGCGTGTAGCCGTTCCTTTTTCAATGGAATGGATGACGGGCAGCAGCACATCCGGCGTCATCCTGGCCAGCTTGTCATGCAGGGAACCTCCGGTTTCCGTGCCTTCCAGGGGGGTGCTGATCTGGGCGATGATGTCTCCGGCATCCAGCTTCCTGACAATGTGCATGATGGTGATGCCCGTTTCTGCATCGCCGGATTTGATGGCGGACTGGATGCAGGCCGCTCCGCGATGGCGCGGCAGGAGGGAGGCATGGGCGTTGATGCAGCCCATGGGGGCCATATCAATCACTTCCTGGCTCAGAATCTGCCCGTACGCCATGACGACGATTAGATCCGGATTCAGTCTCCTGAGGTTGCTCAGCGCATCCGGGCTGCGCAGGGAATGCGGCTGGAGCACGGGAATGCCCGCTTCCCTGGCAATATTTTTGATGGCCGGGGCTGTAAGCACCTGGTGCCTGCCGACAGGGCGGTCGGGTTGCGTGACCAGGCCTGCCAGATCCGAATGACGGATCAGGCTGCGGAAGGCGGGAATGGCAATGTCGCCTGTGCCCATGAAGACGATGCGCATGGCTGGAAGCTTGCCCTGACGGCCTGCGCAGGTCAATGTTAAATCCGGTTTTGAGAAGGGAATCATAGGGAAGAAAGGCCGTTTTTTCCCGTTCCTTTCCGTCCGGAGGGAATACCGGAGGATAATGTTTTTCCGGCCGCTTCCCCTCATGTCTGCCCTCCTGCAAGAAGTTCTTTTCGATGGAGCGGAATATTGGTATACCCTGTTCTATGCAGAAAGGACGGCTGCCGCGCATTCTGATTGTGACCGCAGGATACGGGGAAGGGCACAATTCCGCCGCCAGGGGCGTGAGGGATGCTCTCGCAGGGCGCGCGGAAGTCCTCGTTACGGACCTGTGCGCGGAGGCGATGCCCCGGATGTTTGGCCTGACGCGCGCCGCCTACCTGTGGATGATTTCCCGCATGCCCCGCCTCTGGAAACTGATGTATGAGGTGAGCGACAGGCGCAATATGGCGGAAAAGCCCGTCAGGGGAATCGCCCCCGTGGAGCGCCTGCTGGAACGTTTGCTGCGGGAATGGAAGCCGGATGCCGTGGTCTGCACCTACATGGTATATCCCTACATGCTGGATTCCCTGGCCTCCCGCACGGACAGGGCGGTCCCCTACCTGACCGTCGTAACGGATTCCTTCGTCATCAATAAATCATGGCTGTGTTCCAAGTCCCCTCTCTGGGCCGTAACGGATCCCTGGACGAGGGCCATCATGGAGGAAAAGGGGCTGCCGCAGGACAGGCTGCGCGTTACGGGATTTCCCGTCAATCCCGTGCTGGGGGCGTTGGCGAAGGAGCATCCTCTTTCCTGGAAGGAAGGAGAGCCGTTCCGGGTGCTTTACTTTGCCCAGCGTTCCGCACGGCA
NZ_CP071888.1_gap34	1269474	1272109	2635	CCTTGAATTCCGGGGCGGCGGTGGTGACGGCACCGGGCTTGGTGGTCGTCAGGTAAGCGGGCAGCGTGGCGGGAATGACGAAGTAGCCGTCAGACAGGCCCTGCATCAGGGCGGAGGCTCCCAGGCGGTTGGCGCCGTGGTCGGAGAAGTTGGCTTCACCGAGGACGTGCAGCCCCTTCACGTTGGACATGAGGTTGTAGTCCACCCACAGGCCGCCCATGGTGTAGTGGGAGGCGGGGTAGATCATCATGGGCGTTTCATGGGGGTCGTCGTCCGTGATTTCTTCGTACATGTCAAACAGATTGCCGTATTGGCCGTCAATCCATTCGCGGCCCATGCGCTTGATTTCATCCGCAAAATCCAGGAAGACGCCCTTGCCGGTGACGGCCACGCCGCGGCCGTCGTCGCAGGCTTCCTTGGCGGCGCGGGAGGAAATGTCGCGCGGAGCCAGGTTGCCGAAGGAGGGATACTTGCGTTCCAGGTAGTAGTCCCGTTCTTCTTCGGGAACATCGGAAGGCTTGATTTCCTTCTTACGGATTTTTTCTGCGGTTTCACGGGACTTGGGCACCCAGATGCGGCCGCTGTTGCGGAGGGATTCCGACATCAGCGTCAGTTTGGACTGGTAGTCGCCTTTGACCGGAATGCAGGTGGGGTGGATTTGCGTGAAGCAGGGGTTGGCGAAGAAGGCACCACGCTTGTAGGCTTTGTAGGCGGCAGTGACGTTGCAACCCATCGCGTTGGTGGACAGGAAGAACACGTTGCCGTAGCCGCCCGTGCAGAGCAGGACGGTATCCCCTGCGTAGGATTTGATTTCGCCGGTAACCAGATTGCGGGTGACGATGCCCTTGGCTTCGCCGTCCACCAGCACCAGATCCATCATTTCATGGCGCGAGAACATTTCAATGTGTCCCTTGGCCACTTCCTTTTCCAGGGCCTGGTAGGCACCCAGCAGGAGCTGCTGGCCCGTCTGTCCGCGTGCGTAGAAGGTTCGCTTGAGCTGGGCGCCGCCGAAGGAGCGGTTGTCCAGCAGGCCGCCGTATTCACGGCCGAAGGGAACGCCCTGGGCCACACACTGGTCAATGATGTTGGAGGAGACTTCCGCCAGACGGTAGACATTGGCTTCACGGGCGCGGAAGTCGCCGCCTTTAACGGTGTCGTAAAACAGGCGGTAAACGGAGTCGCCGTCGTTCTGGTAGTTCTTGGCTGCGTTAATGCCGCCCTGGGCCGCAATGGAGTGGGCGCGGCGGGGACTGTCCTGGTAGCAGAAGCATTTGACGTTGTAGCCAAGTTCGGCAAGCGTGGCGGCAGCGGAGGCGCCAGCCAGGCCGGAACCTACCACAAGCACCGTGTACTTGCGCTTGTTGTTCGGATTGATCAGTTTGGACTCAAGTTTGTACTTGGACCATTTGTCCTGAATAGGGCCGGAGGGAATTTTGGCATCCGGCATCCAGTCGCTTACGGGAAAATTAATCATGACTTTGAGAGGAGTTGATGGTTATTTGATGATACCCAGAAGAACCGAGACCGGCACGGAGATGAAGCCCAGGCAGATAATCGCGCCGTAGGCGATGGCGATAAAGTTGTAGAAGGGCCGGATTTTGCGGGAATCGACGCCCACAGTCTGGAAGATGGACTGTACCCCGTGGCGCAGATGGCTGAACAGCATCAGAACGGCCAGGATGTAGAAGGCGGAGCACCATACGTTGGAGAATCCGGTCACGATCATCTTGTACACGTCAAAGGTTTCCACCGTACCGTCGGAAATGAAGGTGGTGAACTGGGCGGGGTCGTATCCCACGCGCAGGGTGTACTGGTACAGGTGGTAGATCAGGAACACCAGGACGGTCAGGCCGGTATAGATCATGTAGCGGGAGGAGAGCGTCGCCTTGATGGTGTTCTTGAACACGTAGGGTTCGCGGGCCGCATGGTTTTCCAGCTTCAGCTGGATGGTCAGCCAGACGTGGATGATGAAGATCACCGCAAGCCCCGCGCGGATTCCCCAGAGGGCTGCTTCCGGCATGGAGTGCAGGCCGTGGGCGTAGGTGTTGATCCATTCAGGGCCTCCGAAGATGAGAAGGTTGCCTGCCAGGTGTCCCGCAAGGAACAAGACCAAACATAACCCCGTCAGAGCCACAATGATTTTGCGGCCGATGGAGGATGTCACGAATGTACATATGGTTTTTACTAGTGCATTCATAGGCGCTCTAATGAAATAAATGCGTCTTCACAGGATGCCCGGTTCAAGCCCGGATGGCAAGCCTCTTCTTGAATTTCCGGCGCTTTTCGGATTTTTGAAAAGCCGGGGAAAGAGGTTGCTGTTTATCAGTTTGGAATGGTTATCATTTTGTTGCCTGTTCCGGCTTGACGAGGCTTTCCGCATAGGCGTATCGTCTGTGCATGAAAAGAAGTAAAAAGGAAGTGCTGGACGCGGATTTCGCAGCGGCGCGCGCCGGCGTTCTGGATGTGGCCGCATTTCTGGACCGGGTGGACCGCGGGGAAGGGGAGGCGGATTTCCGTTACCATGCCCTGATGGATGTTCTTCCCCTCTTGTCCGCATCCGGCCCCGGACGTGTCCGGGCCATTCTGGAAGCCCTTTCCTACAGGGATGACACCGTGCCGGAAACCGCCGCAGCCA
NZ_CP071888.1_gap35	1282752	1285180	2428	TTATTTGAAAGTACTTGACATGCTGCGGAAATGCCTTATAACAGTTGCGCACTCCTCTACAGATGCTCTCTAAATCGCGGGATGGAGCAGCCAGGTAGCTCGTCAGGCTCATAACCTGAAGGTCGCAGGTTCAAATCCTGCTCCCGTAACCATTTGAAAACCCTGCAAGTTCATTGCTTGCAGGGTTTTTTCGTTACGGATGGAAAAGCATCCGGCGAGTATTGGGAGTCTGTTGTTTCTGGGAGTTTTTGTATTCGGGGAACTGGTGCCCAAGAGGGTTGGAATGTGTGCTCCGGAAGTAATTTCCAAACTGGCGGCTGTGCCGATGAAAGCCTTTTCTTGTGCCGCAGCTCCCTTTGTATGGGTGCTTTCCAAAAGCACAGTTTTCGCATGCAATTTGCTGGGAGTCAGGAATACGACTGACAGGGTGACGGAAGAGGAAATCCGCCTGATGATTCAGGAAAATGCCCGGGATGGGGATATACAGGATGTGGAATGTATATTTAATCTCGGTGACCGGAATTTGGAGTCCATCATAACTTCGCGGGGGGGGGATATTGCATGGCTGGATGCCAAGATGACGGAACAGCCGTGCGGTCAGGGTCAGAGGTCCGTTATCCGTTTTAGACCTTATTATAAACGGATAACATGAGAAACGTCGCCACCAATGTGGCTGGTCGTTTTTTTCATGTTGTTTTGTGCTTATGATCTACGGTGTTTCCCTTTTGATGCTGCGTTGATTTCAGTAAGCTTCATTTTGTGCTTTGCCTGCCGTTTTCGATTGTCTGAGAGGTTTTCTCTTTTGAATCATGCGGTTTCAACGGACCGTAGAAATAGGAGGCGGTGGCTCCCCCGTCAATCAGGAAGTCCGCGCCGGTGATGAAAGCCCCCTTGCCGCCCATCAGTAATTCCGCTACATGGGCTATTTCATCCGCCGTACCGGGTCTTCTTGCAGGGCACTTCGCAAACATGTTTCTGTAAAAATCACCTCTGGGACCGTTGAATTCATCGATTGCCAGAGGGGTGACTATAATGCCCGGGGAAATGGAGTTGATGCGTGCGCCTTTGGCACCCCATTTGACGGCTTCCGCCATGACACGCTTGACGTTGCAGCGTTTCGCCATCTGGTAGGCATGCAGAGTGTCCTTGATATTCCCGGGTTGGAGGAGTTCGAGGTTCAGCAATTCCTCTGTTGGAGTCATGGCCAGTTGTTCGTCCTGTTCGGCAGTCAGAGCGGGCATGCGGTGACCGGATTGGCTGGAGATAGTTACTCCCGAGCCGCCGGGGCAAATAACTTTCCCCACCTCTTCCAGCAATACGGCGGTTCCGTAGAGATCCACTTTAAGAATGGTTTCAACGGATGCCTGGCTGGGGGAAACCCCCGCTGCATTGACGAGCATGGAAATATTGCCGTACCTCTGTGCTTCTGCAATCAAATGCAGGATGGAGTCCCGGGAAGAGAGATCCATCTCTAAGGGGATGGTGTCAAATCCGGCCTGATTCATCGTCCGGGCAATGGCATGCGCGTTCCCGATATTTTTGTCGCCAATGACGATTTTCATGCCGCTTCCTATTCTGCGGGCAATGGCCATGCCGATTTGCCCGGCTCCCGTCAATATCATGACTTTTTTGGATAGACGTTGTTCCATGGGCTATGAAATCAGTTGAAATGACCGGTTTTTATTCCTAGCCATATGTTATGTTCCTCTAGCCGGACGGTATGGCCCTCCCGCAAAAAGGGCAATGCAAAAACGGCCATAGGTGATGGTATTGCAAAATGGGTCATATGGATTGAAAAACTGAGGGGGGGATGAAAGAACCCAGGCAAAAGTCATGGCAGCATGCCGATTCTTTTCAGCCATGTTTTGACGCCTGCGGCATTGCCCGGCATGTCAATCCCCTCATCATCGGCACGTCCGGGAGTTGTAATATCTCCTGGGTCAAGGTCTTCTGGAAGAGTTGACGGAATGTGCCGGGAATGGGGCGTAAGCCTGTAAATTTGTTGCATGGATTCGTTTAAATAAGTAGTCGCGTCATAAGTAAAGAAGGGAATGAGCGTTTTCCCTTTCAGGTCAAATGCCTCTAAAAAGGTGCAAATCACCATGGCAGGCTGATGCCACCAGATTGGAGAGCCGACGAAGATAGTATCATATTTCCCCATCAGGGAGGCTTCAGGCAAGTTGGCGACCTTTGGGCGCAGGTTCTCATAAGCTTCTTTTTTGACACGGTCGCTGTCGCGGTAAGGGTCGGCATTGTAGGCCTCGGCGGCTTCAATCCGGTAGAGATCCGCTCCGGTCAGTTTCGCAATTTGTTCCGCCACCGCTTTGGTATTGCCCGTTGCGGAGAAATAAACAACCAGCGGTTTTCCCGCATCTTGTCCGGTTCTGCGGACAACAGGCAGCCCTTTTGCCTGCAACAGCGTGTTCAG
NZ_CP071888.1_gap36	1287421	1288742	1321	TTGGGTGAGCTTGTTGAATTCCTCCGGCGGAACGGCGATTCCCTTCATCGTGCCGGTGAGGCTGGGCATGTCTTCGGGAACCTCCCCTTCCGGGAAGACGTAGGTGCCCGGTTCCAGGGAAATGATGCCGCGCACTTCCGGGCTGCGGATGGCCGTCAGCCAGCCGGGGAATCCCCCTGCGGAGTGAGTAACCAGGATGCCCTTGCCCACGCGCTTGAAGAGGGCGCTCAGGGCATCGAGTTCTTTTGTCATATCGTGCGTGCCGATATCGGGTGTCATTTGTCGGAAAAACTGGTCCAGGGAATCCTTGTCCGTAGGGAACTGTACTCCCGGGTTGAATGCGGGCCATTCGCCGATCCGGAAGATGTCGAACCAGAACTGCTCGTCGGCAAGTGGCCTGATGGCGGTTTCCGCCGTCGTTCTGCCCGCCCGTCCCCGTCCTGGGAGGTCAACCAGGTAGGTGGCGTATCTTTTGCGCAGGAACATGTCATTAAAGCCCTCCCGTCCGTCCGGTGTTGTCTGCCAGCACCGGGCGGACTGTCCATAGCCATGAATGAAGATTAGAGGAAGCATGCGGGCATCGGCCGGTATCTGGAAGTCCACGGCGGCGTGGTCGGCATGGTAACTCTGGCCGGCTTCAACTGCTTGCCCCCAGCCGGGAAAACGGCTGTTGTCATATGTTCCCGGGCGTTGCAGAATGTTCCCGCCCACGGCAAAACTGCCCTGCCTTGCAATAAGCAGGGGGGCTTGTTCCGCAGCTGGAACAGGGGGGATGCCTCCCGCCTGAATCATGGCCGGAGGCGTGAATATCGATAAGAAAAAGGCAGGGAGGATTAACCGTTTTTTTTTCATCATTTCATGAAGGAGACTGAGTTGTCATGCTTTTGCAAGGGAGGAAAAGCGTGATTTGTTGATTAATGGGTTGATGATTTTTCTGTGATGGGGCTTCCTCCAAACACGTCGGACATGTTCATGAAGGAGAGAGCTGCGTCGATCTGCCGGACTTCATCCGCGGATAGTATTACATGGGCTGCCTCTGCGTTTTCTTTCAGTCTGGAGAACTTTCGTGTCCCCGGAATGGGAACGATCCAGGGCTTTTTGCAGAGCATCCACGCCAGGGAAATTTGTGCCGGAGTGGCCTGTTTTTCTTCCGCCAGATTGCGGAGCAGGAGGAAGAGATCCTTGTTGGCGTCAAAGCTTTCCGGTCTGAACTGAGGCATGGAGCTGCGGTAGTCCGTCCCCGGCTCAAACGTGGAATTTAGGTTGTAGCGGCCGGAGAGCAGGCCGTTGGCCAGGGGGGAGAACGCTACAAAGCCTATTC
NZ_CP071888.1_gap37	1369976	1371648	1672	ATCCGCCGCTGCGTATATGTAAAGAAGGTTATTTTTCAATACGCCGGACTCCATCACCAGTTTCAATTTATTGTTGCTGGCGTTCAGGGCAGCCCGGAGGCTGTGGATTTCCGCCTCTTTGAATTGGATGGAAGTATTCAGTTCGCTGTTGCGGGTACCGATTTTTTCCAACTGGGCCCGGCGTTCCCTGAGGGTTCCGAGTTCTGCTGCGGCGCGGTCCAGCGCGGCCCTGGCCTGGGAAGCGTTTCCTTCCATTTCCACAATATCCGGGGATGCCAGTGTATACAGCAGTTCTCCTTTGCGCACTTGTTGTGCGGATTTGACGTTGAATGTCACGCGCCCTGCGGCGGGAAGGGCGTATGTGGTTACCGCATGGGGAGGAATGACCATCTGCCCGTGAAGGGTTTTCGCCGCTCCGTGGGATGTTTCCTCCACTTTCTCAAAGCGCATGTCCAGAGAATGGCGCGCTTTTTCATCCACATGCACGGGAATCATGTCTCCCGGTTGGCCGGAATTTTTTTCCGCAGACTCCTCGCGTTCATGGTTGCCCGTGCAGGCTTCCCCTTCCGCGTGCTGGTGACCTTCCAGTTCATGGTCGCCTGTGCAGACGGCCCCGTCCGCATGCCTGTGTTCTTCATGGGCGTGGCCCTGAGTACAGGTTTCCCCAGCCTTGTGCTGATGGTCGTCATGGCCGTGGTCCGCCGTGCAGGCGGAACCGTCCTCATGTTTGTGTTCCGCAGGGGCAGGCTGTTCTCCGCGTGCGGAATGGAGACAGAAAGCAGGAGCCAGTCCCAGCATGATGGAAAAATAAAGATGTTTCATATTCATTAAAGATGGTGGAAGATTGATGTGGATTAAAGGTTGGCGTGGGTGAGGTAGCGGAGCTGGGCCTGAACGGCCAGAAGCTTGTCCAGATTGTCCAGGAAAGCCAGGCGGCTTTCGTAAAGCTGGTGGCGGTTTTCCGCCAGTTCCAGCAGGGATGCTTCCCCAATGCCGTGCAGCTTTTCCATGGTCCGGACGGAGGCGGCGAAGGATTCCATGCGCTGGAGTTCCGTGCGGCAGTGGCGGAGTGCCATCTGCTGGCTGGCGTCAAGCTGGCGGGCGTTGAATAATTCCGTTTTCCAAAGCTGGATGGTTTCCTGTCTGGACAAGTCCCGTGTGCCTCGGGCTTCCGCAATGGCCTTGCGATTGCGGTTCCAAAGGGGAAGATTGAACCCTATTTCTCCGCCTACTTCCTTTTCTCCTTCGTCGCGGGTGAAGGAGGGGCCGAGCTCCAGTTCCGGGTACTGCCGGCGGATTTCCGTTTTGAATAATGTCTCCGTGGTGGCGTAGGTCGCCAGTTGTGCCTTGATTTTTGGAGAGGCGGTCAAGGCTGAAGGGCCGGGAGCCGGTACGGCGGCGGGAAGCTGGAAATTCTGTTTCGTCAGGAAACCGAGTTTCCGTACCGCAGAAGGATGCAGGCCCATCAGCTTGACGAGTTCCATTTTTTGCTCCAATTCCGTTTCCGTCACGGTTTGGAGTTCCCGGATAGCGTCATTCATCCGCTGGGAGGCTACCTGCCGAGAGGAAAAATCCACTTCCCCCGCGCCGATAAGCTGTTCAATCATGCCGTTTTCCCGCCGGATGGCATTCAGCCGTTCCCGGATGACCGTCTTGCGGCGCTGGGTAACGG
NZ_CP071888.1_gap38	1524683	1527861	3178	ATTTTTGGGCATGGGCCGGGCGTTCCTTTCCAGTGTTCCGCCGTGCGGGAATGTCATGCTTTTGAATTCTCCGGTGTGGTTCTTCTTCCTGCATGGCTCCGGTCCCGTATTTTTCCGCTTTTTCCTGCCCCGTCCTTTCCGTTTTTTTGCAAAGAACAGGGAAAAACACAGGCGCCTGCTTAAAATAGGCTTGCAATCATGAGAAGGATGGATATGTTGACATTCATCCAAACATTGGATGTTTGGATGAATTACTTAAAGAAGGAGTAACAATGGATATTATTCATGACAACGCCGCTGATCTCAGCGCATTGAACGGCAAGACCGTTGCCGTGATCGGATATGGCGCCCAGGGGCGCGCTCAGGCACTTTGCATGCGTGATTCCGGTGTGAACGTGATTATCGGCGTTCGCCCCGGCAAGTCTTTTGACGCCGCCGCCCAGGATGGATTCCAGGTAATGAGCGTCGCGGAAGCCGCCGAAAAAGCGGACATCATTCACATTCTGCTGCCGGATGAAAGCCACGGCGCCGTGTATGAAGCTGAAATCAAGCCTCACTTGAAGGCCGGCAAGACGCTTTGCTGCTCCCATGGCTTCGCGTATGTTTTCAATACCATCGTCCCCCCCGCGGATGTAGATGTCATCATGGTGGCCCCCAAGGGCCCGGGCACGGAAGTGCGCCGAGTATTTGAAGAAGGGTTCGGCTGCCCCGGCCTGATTGCCGTTCATCAGAACCCCTCCGGCAAGGCCCGTGACGTGGCTCTTGCCATGGCCAAGGCTGAAGGCCTGACCCGCGGCGGCGTGCTGGAATGCACCATGGCCCAGGAAACGTATGAAGACCTGTTCGGTGAACAGAACGTCCTGTGCGGCGGTCTGGTGGACCTGATGAAGTACGGCTTTGAAACCCTGACGGAAGCCGGCTACCCGCCGGAAATGGCTTACTTCGAATGCGTGCATGAAGCCAAGCTCATTGTGGATCTGATTTATAACGGCGGCATTCAGAAAATGAACTCCGTGATTTCCAACACGGCCGAATTCGGCGAATATTACAACGGCCCGCAGATCCTGCCCGCGGAGGTGAAAGAACGCATGAAGGAATCCCTCAAGCGCATTGAATCCGGCAAGTTCGCCAAGGACTGGCTGGAAGAGGCAGCCAAGGGCGCTCCCAACCTCAAAGCCAAGCGCGAAGCCCTGGGCCAGCACCCGGTGGAAATCGTGGGCGCCAAGATTCGCAGCCTGTTTGAAAGGAACTAAGGTTTCTTTTACCTGGAACGCGTGCCGTTCCGCCGGAATGCGGCGGAGCGGCACGGATATTCCCGGGCTTTTCCCGGAAATCCGCCATTTGTTCAGTTTATGGAGCACGCCACGCCGGCCGTCAATGTGGAAAACGCCAGGGTATACCTGGGCGGGCACGAAATCCTGCACAATATTTCCTGGCAGGTGCAGCGCGGAGAACGTTGTTTTATTCTGGGGGCCAACGGCGCCGGAAAGACAACGCTGGTCAAGGTGCTGATGGGGTTTGCGTGGCCGCTCTTCGGAGCCAGGGTGCAGGTTCTGGGCAAGACCTTCGGGCACGTGAACCTGCTGGAATTGCGCAAGTCCATTGCGTGGGTGAGTCCGTTCATGCACAAGTGGCTGGAGGATGGCTCCTGGAACGGGCGCGACATGGTGCTTTCCGGCCCCGACGGCACTATCGGCCTCTTGAGGGAGCCGACGCCGGAAGAGGAGGAAAAAGCCGCAGGAATCATGAAATCCCTGAAAGCGGAGCATTTGATAGACAGACCGGTGGTAGCCATGTCTTCCGGGGAACAGGTGAAAGTGCTGATTGCCCGGGCTCTGATGACGAATCCGGAACTGATGATTCTGGACGAACCCAGCGTTTATCTGGATTTGGCAGGGCGGGAATTTTTATTGAAAACCATTGAAGAACTGGCTGAAACGAGGCCTGATCTGACCATCGTGTTCATCACCCAGCGCATTGAAGATATCCTTCCCGTATTTAACCGCGGCATGATTTTAAAGTCTGGAGAAATCGTGGCGCATGGAAGCCGGGACGAGGTGCTGACGGAGGAAAACCTGAAAGACGCCTTTGGGCTGGATATCCAGTTAATCAAGACGGAGAAGGGGCGTCTCTGGACCGTTATCCGATAATTTTTCATGAAGCAGTCCAAGACAATGGAGCTGAAGAAACCGGTGCGGGTGTCCCTGGCCCGCCAGGTGCTTACCGCCATGGAATCCATGATACGGTCCGGCAAATGGAAGGTTGGAGACCGCATTCCCGCGGAAGCGGAACTGGCCCGTGCCTTTTCCGTCAGCCACAACACCATCCGCGAAGCCCTTCAATCCCTGATTCACATGGGGATGCTGGAAGCGCGCCCCGGGGACGGCACGTACGTGATGGCGTCAGACCGCTTTGCCGTCGCGGTGAGCAACCGCCTCAAGGAATCCGAGCTGCCTCAGATTCTGGAGGCGCGGCTGGCTTTGGAAAAGGAAATTGCGCGGCTGGCCGCCGTTAAAAGGACGGATGAAGATTTGAAGGAGCTGGAAAATGCCCTGGAAGACTGCCACGGCAGGGTAAGGCAGGGCATTGAGGATGACATGCTGTTTCATGCCGCCGTGGCCCGCGCCACGCATAATCCGGTGCTCTCGGAATTATATAACGTGGTCATCCGCCATGTGCAGGAGAATCTGGAAAAGCTGCTTCAGGAGAAGCAATACGACTCCGGCGCCATGAAGCTGCATGACGACCTTCTCGCAGCCATCAGGAATCAGGAGGCGGATGAGGCGGAGAACATTATTGTAAAGATTGTGGAATTTGACACCGTCAGTATAGGCGGGTCATGCCCTTCTTAAATTAACGGAACAGGCGATTCCCATCATGCGGAATCGGCATTTTTTTCTTTTCGGCCTTTTTAGTAAGGCCGTCCGGAGAAATGAAATTGGGGAACAAGAAAGCAGAACCGGCATGAATAATTCTGAAAGAAAAAGTGTTGCGTTTTGTATTCATTGGTAATGAAGGCGAATGTATTTTCCATAATGATGTTGTTCTTTCATCTGTTTCCGGCATATGGAATCGACCCCAGCGTGAGGGGATTTGAAGAACTTCATGAAGTGTTGAAAAGTGCGGTTCGGGAACTTGATACCGTTCAGTCTCCGGATCATCTTTCTATGGCTATGAA
NZ_CP071888.1_gap39	1593292	1594411	1119	TGGGGTTCAACTTTTTAAAAGGAAATGATGAAACGATTTGCAATCTCCTTTTTGTTTGTGTCTTTTTCTATTCTTCTGGTCTCTTCCTGTTCCTGGTTGATGGAACCGCAGGAGAGGGAGCGTGTGCCGCAGCCGCCTCCCGGTCCGGAAAAGAGTGCGCTTCCTCATAATAAGACCCAAAGATTTGAGGCGGAAGCAACGCTCGGCCCGTTGGCCTCGCCGAGACGTTAACGGCATCCGAATGACGCTGGACGGTGATTCTGTTCTTTACAGTATCCGACAAACCGGATACAACCGCCTCCGGTTTCCAAGTGGAGAGATGGCTGAGCTGGTCTAAGGCACTCGACTCGAAATCGAACGTGGGCTTTAAAACCCACCGTGGGTTCGAATCCCACTCTCTCCGCCAGTTTTTTTAAGCCCCGTGGGATGTCGGGGCTTTTATTTTTTGACAGGAAGAGAGCTGACCGGAAATTCGGACGAACGACTGTTTAGTGGTAAAGAGTATGTTCTTGACCGGGATCTTTAAGGCGCCCTCCACCAGGATGATTGTAACTATAATAATTTTTATGGGCCGTCTCGGTAGGTTTACCAATGATTACATGATCCAGAAAACGGACGCCTAATAATTTGGAGCATTCTCGCACGCGTTCGGTCAGGAGGTCGTCCGTACGGCTGGGGGAAGGGTTCCCGCTGGGATGGTTGTGGGCAAGGATGAAGCCATAGGCATTGTGAATGATGGTGGGGCGTAAAATGTCGCGAGGATGAGCAATTGATTCATTTAGGGTACCGCTGGAGATTTCCACAGGTTTAATGAGACGGCACTTGGTATCCAGTAGCAGAACGAGCACTGTTTCCTTCTCTTTCCAGCGCATGGCCGTTGTCAGATAGTCATAGACATCTTCCGGTGTTTGAATGGGCTGACGCGACAGAGTTTCACGGAGAGCCCTTGCACCCAGTTCAAAGGCTGCGCTTAGCGTAGCGGCTTTTGCCATGCCTATTCCCTTACAAATATTCGCTATTTCAGCAGCCTCCATATGGGCTAGGGCATCTAGAGAGCCGGCAGACTGAATCAGATCCGAGGACAAGTCCAATACGTTTTTCCCTTTGATGCCCATTCGG
NZ_CP071888.1_gap40	1610193	1613306	3113	CCAAAACGACGGAGAGAATGGATGTCGCTAATGCGGCAATATAATTTTTCCGCCTTTCCTTGCGCAGGGTTTCCACTGCGTCTTCCGTGGGTTCTATATGAAGGCTCATGCATGTATGATAGCACAAGAATCCCATATGTTGAGTAACATGAAGATAACAGGGATAACATGTCGGTAACAAAAAAGGCGCCCTTGCCGTCCTTTCTCCGTATGGGCTTTTCAGCGTTTCCCCCGTCTTTCCGTCCCTCCCGGTGCCAGCGCAATGGCAAGGGTGGAGCAGATGCCCAGAATCAGGGGATAATACAGGTATTTCATGACCAGCAGGGGAGAAACCTGGGAGATTCCGGCGGCCATGAGCATTTGAGCGCCGTAGGGGATGACTCCCTGAACCAGGCAGGAAAAGGTGTCCAGAATGCTGGCGCTGCGTTTGGGTGAGATATGGAATTTGTCGCTTATTTCCTTGGCGATGGGGCCAGCCGTGATGATGGCGATCGTATTGTTGGCCGTGCAGAGGTTGGCCAGGGAAACCAGCCCGGCAATGCTGAATTCCGCGCCGCGCCTGCTGTGGATATGGGCCGTAATTTTTCCGATAATATACGCGATACCTCCGTTGAAACGGATGATGGACAGCACGCCGCCGGCCAGCAGAGTGACGATGATCAGTTCTCCCATGCCGGTCATGCCGCTGCCCATGGCTTGGAACCAGGCCATGAAAGAGAAATACCCCATGCCGATGCCAATCAGTCCCGTTGCAAGGAGCCCCATGGTCAGAACGACCATGACGTGGATTCCGGCCAGGGCCGTCACCAGTACGAGCAGATAGGGGAATACCTTCATCCATTCAATGGAGATATCCGCTGTGGAGGGGGACTGCACGTTCCATCCGAGCAGGATGTAGCAGGCCAGGGCCAGCAGGGCGGCGGGGAGCGCCACCTTTATGTTGGCTCGGAATTTGTCCCGCATGGCGCAGCCCTGCGTACGGGTGGCGGCGATCGTGGTGTCTGAAATGAAGGAAAGATTGTCTCCGAAGAATGCTCCCCCCACCACAATGGCCGTCATCATGCCGGCGCTGACCTGCGTGGCCTGTGCCAGCCCTGTGGCTACGGGAGCCAGAGCGACAATGGTGCCTACGGATGTTCCTACGGAGAGGGAGATGAAACAGGAGGCGATGAACACGCTGGCAAACAGCAGATTGTCCGGAAGAAGCCGCAGCGTAAGCTGCACGGTGGCGTCAATGGCTCCCATATCCCTGGCAGACTGGGCGAAGGCTCCTGCCAGCACGAAAATCCAGACCATCATCAGGATGTTCCGGTTGGCTACTCCGGAGGAAAACAGATCCACCCGTTCCGCCATGCTTTTTCCGCGGGTGATGAAAACGGCCCAGACAGCTGCCGCCATAAAGGCTACCGTGACCGGCACAGCGTAAAAATCCTGTACGGCTATGAAGATGACCAGGTAAAGCAAGAAGAAAACCAGCAGGGGGCTCAGCGCCCACAGGCTGGCTTTGGCGGGGGGCGTGTCCTGGTTGTCCGGGGGGCTGGTCATGGAGTTGAGGGGATCTGGCCGAAAAGTCAGTTGCCGACGGCTTCCATCCGGCTCAGATACCACCGGTAAATGCGTTCCACTCCCTCTTCCAGCTCCACCCGGTGTTTCCAGCCCAGGGAATGCAGCTTGGAGACGTCCGTCAGCTTGCGCATGGTGCCGTCCGGCTTGTCTGCGTTGAACGCCAGATTTCCCCGGTACCCTGCCGTAGCGGCAATCAGGCGGGCCAGTCCGCCGATGGAGATTTCTTTCCCGGTGCCGATATTGATGTGGCAGTTCCGCACTTCCCTTCCTCCTTCTTGCAGCTGGCTGAAATCCACTTGCTCCATCACATGGACGCAGGCGTCCGCCATGTCTTCGCTCCACAGGAACTCTCGCAGGGGAGTTCCCGTACCCCACAGTTCCACGGAACCGGGGGTAATGCCGTATTTGGCCAGCACGGCCAGGATTTCCTTTTCTTCAGCCGTGCCGTCCACCTGTTCCACTGGGCGCGCGTTCAGATCTTTCCGCACGGCGTTCCAGTCTCCCTCCATCAGGCACTTGGCCAGGTGTATCTTGCGTACCATGGCGGGCAGCACGTGGCTGTTTTCCAAGTGGAAATTGTCATTGGGGCCGTACAGATTTGTAGGCATGACGGCGATGTAGTTGGTACCGTATTGCAGGTTGAAGCTTTCGCACATTTTCAGCCCTGCTATTTTGGCAATGGCATAGGGTTCGTTGGTGTATTCCAGCGGGGAGGTGAGCAGGGCGTTTTCCTTCATGGGCTGGGGAGCTTCGCGCGGGTAGATGCAGGTGCTCCCCAGGAAGAGGAGCTTGGATACGCCATGCCGGAAGCTTTCCCCGATGACGTTCTGCTGAATCTGAAGGTTGCGGAAGATGAAGTCCGCCCGGTAGCGGGAGTTGGCGATGATGCCGCCCACAAACGCCGCTGCCAGAAAGACGTATTCCGGCTTTTCCCGGTCAAAAAATTCCCGGACGGCCGCAGGGTCTTCCAGATCCAGTTCTTTGTGCGTCCGGCCAATCAGGTGGGAATAGCCTTTGTCTTCCAGGGATTTCCAGATGGCGGAACCGACGAGGCCGCGGTGTCCGGCCACAAAGATTCTGCTGTTTTTTTTCATCTCAGAAATGAACGGGAGTTTTTACGTATTTCATGTCGTGGCGCACCATGATGCGCACGAGTTCCTCAAACGGAGTGGAGGTGGGGTTCCAGCCAAGAAGGGTTTTGGCCTTGGTTGGGTCTCCCAACAGTTGTTCAACTTCGGCAGGGCGGAAATATTTGGGGTCCACTTCCACCAGAATATTGCCCGTCTTCCTGTCGCGTCCGCGTTCTTCCACGCCTTCTCCCTCCCATTCCAGCTCTATTCCGGCCTCACGGAAGGCCAGCGTGCAGAATTCCCTGACCGTGTGCATTTCCCCGGTGGCGATGACGAAATCCTCCGGTGTGTCATGCTGGAGAATCAGCCACATGCATTCCACGTAATCCTTGGCATAACCCCAGTCGCGCAGGGCGTTCAGGTTGCCCAGGTAAAGCTTGTCCTGCATGCCCTGGGCAATGCGTGCCGCCGCCAGCG
NZ_CP071888.1_gap41	1632335	1635888	3553	GGGGGGATTCCGCTGAACAGGCTGAGTATGACGCTGTATTGGACAAGTACGCGGAATGGCTGGTTTCTAAAAGAAAAGACGGCTGGAAGGTCATTGATATCCGTCCCGGGCTTCGGAAGCTCATTGCCAGAGAGAAGGCCGGGAATCCCGGTTTCAGATATTCCGGTGACGGCGTGCACCCCGGCCCGGAAGGGCATCATATGATAGCCCGGGAAGTTCTTGCCGGTCTGGTCCCGGAAATAGGTCTTGCTCCTGAGGTTGCGGAAAAAGACCATCGGCCGACGCCGGATACGATGAAAAAACATGAGAAAGTCCGCAATGAATGGCTGGTAAAAACAGGACATGCACGGCCGGAAATTCCGGGGTATGATCCGGAAATGGCCAAGCGTCAGTTTCCTAGGACGGTTTCTGTCTGGAATGGTTTTTTACGGGAGGAGTTTACCGTGGGCGGCCGCAGGGCATTCATCGTTTTTCCCGACAAGGCTGTTGTTTCTGGAAAAGAACAGTTATGGATATGGCGGCCACAATTTTTTGATTATAAGCCTATAGCAGATCTCGAACTGGTAAAGCGCGGTTATGCGGCGGTATTTATCAGCATGGAAGACCTTTACGGTTCTCCCAAGGCCATGGAGGTGATGGATCAATTTTACAGGTATCTGGTGGATGAACGCAAGTTTTCCGGAAAACCGGTGTTGTTTGGACTGAGTCGTGGAGGACTTTATGCTCTGAACTGGGCGGAGAAGAATCCTTTGTGCGTGGCTGGAGTTTATGTGGATGCCCCCGTCTGTGATTTCAAAAGCTGGCCGGCCGGCAGAGGCAAGGGCAAAGGTTCGCCGGATGACTGGAACAAATGCCTGCGCGCCTATGGCTTTAATGAACAGCAGGCTTTATCCTATAAGGGCAATCCCGTGGACAATATGCGCGGCATGGCTAAAGCCGGAATTCCTTTGTTGTTTATTTCCCGGACGGAAGATGATGTAGTCCCTATTGAAGAGAATACGGATGTTTTCGCCAAACGTTACGCCAAGCTGGGAGGCCCTGTAAAAGTTATTCGCCGCCCCGGCGGGCACCATCCGCACGGTTTTGACAATCCTGCCCATATCGTAGATTTTGTTCTTTCCGTTACCGGACAGCCCGTCCCTTTGCGCGTTGCGTGCCTGGGAGACAGTAATACTTTTGGAGCAGGAGTAGCCGGAGCCAATAAGGATGTTTTGCGCTGGAGCCATCTTCTTGGTCGAGAATTGAGGAAAAAATTCAAACGGAAAGAAATAGAAGTGCTGAACTGCGGCGTTAACGGGCGTACCCTTCTGGCCAAGGGAGACCTTCCCTATATTAAAACAGGCGAGTACCGGAATGCTCTCAATTCCCATGCACAGATTGCCATTATCGCTTTAGGCACCAATGACGCCAAACCGCAGAACAGGAAATTCCTGTCCGAGTTTAAGCAGAATTATGCCGCCATCATCGCCGAACTGCGGGAAAATATGCCCGGCATTCAAATCTATTGCGCAATTCCTCTTCCCTCGTGGCAATCTTCCAGCCAAATTGACAAGGAAACGGTGGAAACTAAGATCATTCCTCTTGTGAAGCAGGTTGCGAGGGACAATAAGTGTGAAACCATCGACTTTTTCTCCCCTTTTCAGAATAAACCGGAACTTTTCCCCGATGGCGTTCATCCCAATGCCGATGGGCAGGTGATTATGGCTGACATTGCATTCAGGGAACTTCTGAAAAAACAACCTTTAATTCAATAAACAAAAAAATAATGATGAGCGCTAAACTATCGGTAATTACAGGTTCGATTCTCCTGCTGTCAGCCCCGTTGCAGGGATTTTCCGCGACAACCCATCCGGATTCTTGCATGAACCGGGATTGGAAAAAAGAGATTCCCCTTCCGGTGTATCCAAACCGGGAAATGGTGGATCTTTATCATAAGACATGGGAAATTGCGGCAGGCCGCGTCAGAAAAGGGCCGGAAGGCCTTCCCGCGTCTCCCTATATGGATGAGAATTGCTATGAAGATCAAATATGGATATGGGATACCTGTTTCATGGTGCTTTTTGCCAAGTATGCTCCCAGGTCGTTTCCCGGAGTTGAAAGTTTGGATAATCTTTACAAGCCTATTCACGAAAAAGCCGTTACTCCGCTTAAGGTTCATTTAGTGGACAATCCCCCGTTATTTGCGTGGGTGGAGAAAGAATATTTTGACTTCACCGGTGATAAGGAACGCCTGGATGATATCTTGAATAAGAAGCAATATCTGCAAAAGCATTTCAAATGGTTTGCCCAGGCTAAATCAGGAGAGCGGTTTGCATGTTCTCCCCAGCACATCTACCTGAATTCCATAGGAAATGATGGATTTACCTGGACGGGGGGAGCGAGCGGAATGGATAATACTCCCCGCGGGCGTGACGCCGGCGGCTATCGTAAAGTTTTATGGGTGGATGCCATTTCCCAGCAGGCGCTCAGCGCCCGCTGCATTGCTGACATGGAACAGGCTCTTGGCAATGCGGACGAGGCCGGGAAATGGAACGCCGAATATGAAGCGCTTAAGAACAAGATCAACCATCTTTACTGGGATAAGAAGGATGGATTTTATTATGATGTGACCATTTTGGACAAACAGCCCTGCCGCGTTAAAACCATTGCGTCCTATTGGCCCCTTCTGGCTCAGGTCGCCTCCAGGGAACAGGCGCAAAGCATGGTCAGGCATTTAATGAATCCCGAAGAATTCGGAGGTAGTTATCCGACTCCTTCCCTGGCTCGTTCAGATAAGGATTATCATCATCAAACCGGGGATTATTGGAGAGGGGGGATTTGGTTGCCGACGACGTATATGACCATCAAGGCTATTGAAAAATATGGCTACCATGAGGAGGCGGATGCTATTGCCGAGAGGGTTATCAGCCAGCAGCTTGCCGCTTACAGGAACATAGAACCGCATACTATCTGGGAGTGCTACAGCCCAAGCGGGAATACTCCTTCCACGGAACACGGACGCCGCGCAAGACCGGAATTTTGCGGCTGGTCAGCCCTGGGGCCGATTTCCCTGTTTATTGAAAATGTACTGGGATTTAAGGAGGTGTCCGCAACCAGAAAAGAAGTGCGGTGGAGGTTGAAAAAAAATAAGGGCCGCCATGGAATCAGGAATTTGAGGTTTGGCGATATTGTAACCGATATTGTTTTTGATGGTAAAGGCACGGTATCGGTTAAGTCGAATGCTTCTTACTCTTTAATCATTAATGATAATACTTATTCAGTAAGGAAGGGGGATACTGAAATTAAACTGTAAGAGCCTCCTGTTTATCCGCGGAAGGGCATTATTGATGTTCTTCCGCGGTTTTTTTCCTTTTGCCGGGACAGGATGCGGAGCTTCCTCTCGTGCCTGCGTCAATTTTTCTTCTTTTGGAGGCGGCCCAATAGGCAGGGAGGACAAAGAAAATTCCGGAAAGCCAACAAAGAGTGGCCTCGGAACGCTTACTTGGGAGGTAATGTTGTCTGCCGTTTTAACAAGGGGAACAATCTTCCTCCATATGCCTTACGGAAATTTTCT
NZ_CP071888.1_gap42	1654192	1659001	4809	GCAGACTGGCGAGCATGGCAATTCCCGAGCAGATGGCGAACACCATCAGGGTGAAGAGTTCCCGGCTTTTGGTCCGGGCGACGGCCAGCATGATGCGCGGAAGCAGGTAGCGGCCGATCAGCCAGGCGGCTCCCAGAAAGACAAGCCCCCGCAGTACGGCCATGCCAATGTTGAGCGCTGTTTCCCATGAGTCGGGCGTGGCGGTGAAGATCTGCGGCATGATTGCCACCAGCATGATGGCGGCGATGTCCTGGAACAGGGCAATTCCCACCGCCATTTTTGCCCCGGAGGTTCCGCTCAGGCCGAATTCCTGGAAGGATTTCAGCGCCACCGCCGTGGAGGATAGTCCCATAATGGCCCCGACCGTCAGGGAGTGGCTCATGTCCATGCCTGTGGCGTAATGAAGCCCCAGGCCGAAAGCTGCGGTACAGATGAACATCTGAATGCCTCCACCGACCAGAGCGGTTTTCCGCAGGTGCTTGAGTTCATCGACGGAAAATTCAAGCCCCAGCGTGAACATGAGCAGGATAATTCCTACCTCGGAAAGAGCCTGGATGCTGACGTCGGAATTGGGGATGTGGTCCAGAATGCCGCAGTTGGCCAGAATTACCCCGCAGATGAAGTAGCCCGCCAGCAGGGACTGCCGGAAGTGGGCCAGAATGAGGGCAATCGCGATGATGCCCATGAAGACGACAGTAAGCAGAATGAAGAATGGAGGCGCGTCATTAGGGCCTCCGGAGGCCAGCAGAGAGAGAACCATGGCGGTCAGGTCGGGAAGTTAGGGAATGGTAATGAGGTTGATTTCCGGCGGGCAGTTGAAGCGGCCCGGCCCTATATAGCCTATGCCGCGGGTGACGAATACCTGCTTGTCCTCATAAGGATGGAACCCGGAGTGCATGGTTTCCCCTTCCGACGCCAATAGCGGGGTGGAAAAGAAAGGCAGTTTGATTTGGCCTCCATGCGTATGGCCGGAGAGCATCAGGTCCCAGCGGTAATTTCCCAGCAATTCCCTTCCTTTGGGGTTGTGGCTCAGGACGATGGTTGGCATGGGCGAGTTTTCCTCCAATTCGCGCGGGCTCATGCACCGGTCCGGGAAAAAGTCACCCTCCCGCAGGTCTCCCAGCCCCACCAGTTTGAATTCCACGTTTCCCAGCCTGGGGATGGAGACGAAGGCGGCGGAATTCCTGAGCAGCGTGAAGCCCCCTTCCTTCAGGACGCGTTCCACATTGTCCGCAAGGGCCATGTCATGGTTGCCCAGACATGCGTAGGCCGGGGCGACGGAGGAGAGGCGTTTCATCTGGGCGATGTAGTCGCCTGCATGAGTGACCCGCAGAAAATCCGTGTACAGATCTCCCAGAAACACGATCATGTCCGGTCTGGCCTGTTCCGCCATTGTTGCCGCTTTTTCCAGCAGGGGCAGATTGGTGTGGATATCCGACAATACCAGGATACGAAGGCCGGAAAGGCCGGGTACACATCCGGCAGGGGCCGTGTTTTCATTAAATTCCAGATGATTGGCTTCCCAGTGCATATAGGAGGCCAGCAGGGACCCCAGCAGAATGACAGCCGCGGCCGCATACAGGAGCTTGCGGAGCTGGGAACGCTTTTTGGAGAAAGGGTGGGTGGTCATGATAGGGAGGGGTTGAGAATGGCCAGTTCCGGCAGGGTGAATAATCCGTTGCGGCGCACCAGCTTACCGTCCAGGTAAATATCTCCGCCCCCGGCCGCTTTCGTCTGGATGCATACCATGTCCCAGTGGATGCGGGACTGGTTGCCGTTGTCCGCCACGTGGTAGGCCTGCCCCGGCGTCAAGTGGAAAGAGCCGGAAATTTTTTCGTCAAACAGGATGTTGCGCATGGGGCGTGTGATGGCCGGATTGACGCCGAAGGCGAATTCCCCCAGCCTCCGCGCGCCGGGGTCTGTGTCAAGAATGGCGTTGAGCTCCCCTGTTTTATCTCCCGCTTCCGCATGCACGACCAGTCCGTTTTTCAGCGTCAGGCGGATGTTGTCAAAGGGGATGCCCTGGAACAGGCTGGGCGTATTGAAGGAAATGTGGCCGTTGGCGCTGTCGATGACGGGGGCGGTGAACACTTCTCCGTCGGGCAGATTGCATTCCCCCGCGCACGGGATGGCAGGCAGCCCCTTGATGGAAAAGGAAATGTCCGTTCCCGGTCCGGTAATTTTCACATATTCAGCCTTTTCCATCATGGCGGCCAGCTTCCGCATGGCGGGACGCAGGGCGGCGTAATCCATCAGGCAGGTATGGAAATAGAAGTCTTCAAATTCTTCCGTGCTCATGGCAGCTTGCTGGGCCATGCCCCCGGACGGCCAGCGCAGCCCGCACCAGCGCGTATGGCGGATACGCCGCTGGGAGACGGGATTCAGGGCTTTCATGGCGGCGGCCATGTTTTCCTGCGGAACGGAGGACAGTTCAAAGGCGTTTCCTCCGCCGCGGATTTCAATGTAGGCGTCCATGTCCTCCATTTCCGCCAGGCGGTGGCGGCCGATGATACCATATTGTTCTTCTGTGGCTCCTGAGAGCATTTCCCTGTTCAGGCGGGACTGGTTCAGGCGCAGAAAGGGCATGGCTCCCGCCTTCCTCACCTCCCGGATGAGGGCTATTCCCATTTCTTCCGGAATATCCGTCAGTTCCAGCAGAACCCTGTCTCCGGGGCGCAGGGAGGTGGAATACCCTGCAAGCTGGGCGGCCAGGGCCTGAAAACGGGGGTCTCTCATGTCTTTATTAGGCAAATACGGCAGCCTTTTTGTCAAGCCGGAGACTTGCCACGGGCAAAAAACTGTGGTTTCATCCCCCGGATGTCCAGATTGCCCAAGTTAGGAATACTCGGTTCCGGTTCCGGTTCCAATTGCCAGTCCATTTACGATGCCATCCAGTCCGGTTCCCTCCGGGCGGAAATCGCCGTGGTGATGTCTGACAATCCGGACGCCTTCATTCTGGAACGCGCCCGCTCCTGGGGCATCCCGGCGGAGGTGATCGATTGCGGAGGGTTTAAAACCAAATTCCCGGAGGCGTCCCAGGCCTCCGTTGCCGCGCGCCTGAAGCAATACGGCGTGGACTGCGTGTGCCTGGCGGGATTCATGCGCCTGGTGAAACTTCCGCTGCTGAAGGAATTTCCTTCCCGCATCCTGAATATCCACCCTTCCCTTCTTCCTGCCTTCCCGGGGCTTCATGCCTGGGAGCAGGCTGTGAACGCCGGAGCTGCGGAGAGCGGCTGCACCGTCCATTATGTGGATGACGGAATGGATACCGGCCCCATCCTGGGCCAGGCTCGCGTGCCCGTGCTGCCGGGGGATACGCCGGAAAGCCTTCACGCCCGCATTCAGGAGCAGGAGCATACCCTTTATCCCGCCATGATCGCCCGCGTTCTGGAAACGCTGGCATGACCTGATTCTCCTTCTGGCCGGAAAGCAATCCGGCCTCCTGCCGGGAGAGGATGACAGGATGACCGATTCTCTTGTCTTGTGATATGAACGGAATCCGTTAAAAAGGAGTCCTCTTTTCAAAGAAAGGATAAAAATACCATGAAGATGAACCCTTCCATCGCCCTGTTTGCCGCTTCCGCTCTTCTGGCGGGTGTGGCAGGCGCGCAAGAAAAGGCTGCCGAAGCTCCGGCGGCCGACCAACCCAAACAAGAGAAAGAAATTACTGTGTCTCCCGAACAGATGAAAAAGGACCTGGGCTATTTTCTGGGTTTCCAGAGCGGTCAGCAGCTTGGTTCCATTCCTACCCTGACCTTTGACGACCTGGACCAGGAATCTTTCCTCCAGGGCATCAAGGACGGCATGGTCCGCAAGCCCGCCAAGGACCAGGAACAGCTGAAACCTGCCCTGGATGCGTTCCAGAAGCAAATTGACGAACGCATTTCCGCCAAGGCCAAGGCCAATTTGGAGGCCAGCAAGAAATTCATGGAGGAAAACGGCAAAAAAGAAGGCGTCACCACAACGAAGTCCGGCCTCCAGTACAAGGTTGTGAACAAGGGCGGCGAAGAAAAATTTGATGAAAAGAAGTTCAAGAACCCCATGTTCAAGGTGAAATACAAGGGCACGCTGCTGGACGGCACCGTGTTTGACGACACCAAGGGCAAGTCTGTGGAACTTCCTCTCCAGGTCATCCCCGGTTTTGCCGAAGCGCTGACCACGATGCCCGTCGGCTCCAAATGGATTGTCTACATTCCTTCCGAGCTGGCTTACGGGGAAAACACTCCCGGCGCTCCGATTGAACCCAATTCCCCGCTCATCTTTGATTTGGAACTGGACGGCATTTCGGAAGCTCCTGCTCCCCAGGGAGGCCCCATGAGCATTTCTCCGGAACAGCTTCAGGAGATGCTTAAGCAGAGCGGCGCTCAGCAGCAGTAAGGAAAAAATAGTTCAAGTCAGGGCCGTTCCCGGGAGGGAGCGGCCTTTTTGTTTTTATCTGTACCGCTTTCATCAGGAAAGCGAATGGGCAGACTGGGAATTTATAATCCTGCTTCTTTCCTTAATCCATGTATATTGCTTGTAATGAAAGAATGATGATTTTGTTCTTCTGGATATGGAGGTAGATATGCTGGACAGGCGGATGATATTTGTTTCCCATTATTTGTTTAATGTGAGCTTTTTTCGAAAATTGGCTTGCCAACGGATTATAAATCCGGGTATTACTGGCCACAATATCTTTGATCAGTATGAGACTTCATCTTCCTCCGTCTTTGCGTTCCGCCCTTCTCGCTTCCCTGGTTTCCTTCTCCGGCATTTACTCTTATTCCCATGCTGCAACCTCGGCGGATTTCTGGCAGATCCCCGATTTTG
NZ_CP071888.1_gap43	1671827	1672334	507	AACCTGCATTGAAATCGAGCTGAAGCGGGATGCCCGCCCGCAGGTGGTTATGAACCAGCTTTACAAGCTCACCTCCATGGAAACTTCCTTTGCGGTGAACATGCTGGCGATTCATGACAACCGCCCCAAGACGCTCGCCATGATGGACGCCATCAACTTCTACATTGAGCACCGCCGCGAGGTAGTCGTGCGCCGCACGCGCTATCTGCTGGGGGATGCGGAGAAGGATGCCGAGCGCCTGGAAGCTTTCCTGCTGGCCCTGCACCACATGGATGACTTCATTTCCATTATCCGGGATTCCAAAAACCGGGATGAAGCCCGTGAACGCCTGCAGAATTACACCTTCTCCACGCAGACGGCGGAAAGCCTGGGCATCCTGATCCGTTCCCAGGCCTCCATCCAGGGGGACCGCTACGTCTTCACGGAACGCCAGGTGAACTCCATCCTGGACCTGCGCCTGTACCAGCTGACCGCTTTGGAAAACGACAAGATTTCCGGGGAATACGC
NZ_CP071888.1_gap44	1739097	1742673	3576	GGAACGGGATGGAGGCGCCTGTGGAAAAGGTGGGGGAATTGATGGCGGTGCGCCTTCTGAAAGGGCAAAACCGGGTGGTGTTTGATTATTATCCGCCTTTATTGAAAGGTTCCCTGCTGTTTTCCTCCGGCGCGGCCGCCGTCTTCCTGCTGTATGCATGGTGGGCGCGGCGGCATCCGGAATCCTCGCTCAGGAGGATTGTTCTGGCCTGCGGATACAGGCTGTTTCAGTGCTGCGCCGCCGTGGTGCTGGCGGCTGTTTATATGGGGTCAATCGTGTTGTTTATCGTGCAGTCCGTGCTGTGAAGGAATCCCCGGAAGGCAGGGAAATAGGCCAGGGACTGAGTGCGGGGGGATGCTGGCGTGGAACAATATCCGCGGGGCGTAGCCGTTTCCTTTTTGCCGGTGGCCGGATTGGCGGGAAAAGGCTTTCCGTTTTGAAGGATGGTTGACAGGGGAATCTGGCGCGGTAGAGTGGTTTCATGCAGTCTTCCTATTGTCCGAGTCCTTATCGATATACGCGCCGCGTAACCCGTGAAGTCATGGTGGGGAATGTGGGGGTGGGCGGTTCCAATCCCATCCGGATCCAGTCCATGCTGACGTCCGATACGCGGGATACGGATGCCTGCGTGAAGGAGGCTTTGGAGCTGGCGGAGGCAGGGTGCGAGATTATCCGCCTGACCGCCCAGACCAAGGCGTATGCCGCCAATTTGGAGAATATTGCCCGGGAATTGCGCGCTGCCGGCTGCCATGTGCCTCTGGTGGCCGATATCCACTTCAAGCCGGATGCCGCGATGGAGGCTGCCAAATGGGTGGAGAAGATTCGTATTAATCCGGGCAATTTCGTTGATAAGAAGAAGTTTGAAGTGCGGGAGTATTCCGACGCCGAATACCGCGAGGAGCTGGACCGCCTGAGGGAAGAATTTACGCCCCTGGTTCTGTTTTGCCGAGAGCATGGCCGCGCGATGCGCATCGGTTCCAACCATGGCTCCCTGTCCGACCGCATTCTGAACCGCTTTGGCGATACGCCGGAGGGGATGGTGGAGAGCGCGATTGAGTTTGCCCAGATTGCCCGCGACCTGGATTACCATTCCCTGGTGTTTTCCATGAAGGCTTCCAACGTCAAGGTGATGGTGGCCGCTTACCGATTGCTGGTGGAGCGCATGAACGCCCTGGGGCCGGATTGGAATTATCCCATTCATCTGGGGGTGACGGAAGCCGGGGGCGGAGAGGACGGCCGCATCAAGAGCGCCGTGGGCATCGGCTCCCTGCTGACGGACGGCATTGGTGATACCCTGCGCGTTTCCCTGACGGAGGACGCTGTGAGGGAGGTGCCCGTGGCTTACCGCCTGTCCAATCCTTTCCAGCCGTCGGAGCGTTCCGATGACCCGGTTTCCTTCCCTGAACCGGAGTTGAGCTATGATCCCCTGAAGTTTTCCAAAAGGCAGGGTGGGCTGGCGATGTGTTATGGCGTGCGCCTGGGCTGGGAACAGCCTGTGCGCGTGGCGGTTCCTGATGCCGGGTTTTACGCCCTGCAGACGGAACGGGAGGCGATGGGGGACATGATGCCTGAATTATCCCTGGGGCAGCTGGATGCCATTGAGGTGGATCCCCGGTGCGATGCCGATCTGGAGCCGTTGAAGGAGCTGGCGGAACCGTCTATTGTCACTGTGAAGAACGGGCTGGCTATGGAGCCTGTATATGCGTTCCGCCTTCTGGCTGCCCGTATTGAGGACAGGCACCTGATCCTGCTGAAGGATACGCTGGTGCCCGGTTCCGTTTCCGGGGAAGACGTGCCGCTGACGGCTGCCCGCAATATCGGCTCCCTGCTGTGCGACGGGATTGGAGACGCCGTGCTGATTCAGGGCGAGTCGGACCCCCGTTTGGCTTCTTTCCTGGGATTCAATATTTTGCAGGCTACGGGAACGAGGCTGACGCGGGCGGATTACGTTTCCTGCCCGTCCTGCGGGCGTACCCTGTACAATATCCAGGAGGCGACGGCCCGCATCCGGAAAGCCACGGAACATCTGAAAGGGGTGAAGATTGCCGTGATGGGATGTATTGTGAATGGCCCCGGCGAGATGGCGGATGCGGATTTCGGTTATGTGGGCGGCGCACCGAACAAGATCAACCTGTATGTGAAGCACACGCCTGTGAAGTTCAATATTCCCCAGGAGGAGGCTGTGGAACGGCTGGTGGATCTGATCAAGGAGTATGGGCGGTGGGTGGACCCCAAGTGAGGTTTTAACGTTGAGGGAACTTTTTTGATGCGGAGAGTGTTCATCAGCGGCGGTCACGGCGGTTTGGCGCGGGCCATCGTGGAATGTTTTTCCGCTGCGGGATGGGAGACGGATGCCCCCAGCCATGCCGCACTGGATGTGGGAGACCGTTCCGCCGTACGCCGCTGGTTTGATTGCCATGCCGCGTATGATTTGGCGGTTTGCGCCGCCGGAATTACTAGGGACAGGCCGTTCCTGAAGCAGACGGAGGAGGAGTGGGACGAGGTAATGAATGTGAATGTGACGGGAGCCGCCTGGTGCGGCCGATGCGCCGCCGCCGCCATGGTGCGGGAGAAGAGGGAGGGTCAGGTGGTGATGATCGGTTCTTATGCGGCGCTCCGTCCGGCTCCGTCCCAGGCGGCTTATGCCGCTTCCAAGGCTGCTCTGGCGGGCCTGGTGAAAAGCCTGGCGCGGGAATGGGGAAAGGATGGGATTCGCGTGAATCTGGTGTTGCCGGGGTTCATGCTGACGGAGATGACGGCCGTGCTGCGGGATAGCGTGAAAGAGGCGGCTTTGTCCCGGCATGTTTTGAACCGGTTGAATACGCCGGAACAGGCTGCGGCGTTTATCCTGTTTTTACAGGATGTTCTTACGGCGGCTTCCGGCCAGGTGTTCGATCTGGACAGCAGGATTGTTTAATAATGGACAGCGGATTTATTATCCGCGTTCAAGCCTTAATATTGAAGAAGAATAATTTAAGAAAAAATTTGATACACCAGGGACATTCGGTTCCCGTTGAAAACATGGAATTCCAAACACGGAAAGAGGAATCTATCCATGTTTACACACTTTCCAAAAGACCGGAAAAACCTTGTTTTTCAAGATTTCCTGTTTTCAAAATCATAGCAGGCTATCTTTTTTATTAAAAAAATGATTTTCTTGGAAATATATCATCAGCAGGGGAGAACGTGGATAATAAATCCGTAGAAATGTTTCTCCATGAGTTTGCCGCTGGCTGATGATGAAGAGAAAGGAAAGCGTTTTTCCTGTGGTTGTCCGGAATATATTTCCCCGTCCCGGAATTATGGAATAGATGCCTTGCGCATTGTCGCCATGATGATGGTTTTAATTCTTCATCTTTTGGCCTCCATTGATGTTTTGTCTTTGGAGAACCATGGGTCCGCTTCCTATAATGTCGGGTGGCTGCTGGAGATTGCCGCTTATTGCGGTGTGAATTGTTATGCGTTAATTACAGGATATGTGTGCTGCGACGGAACGTTCAGGTATGAACGTGTGGTTTCCTTATGGTTTCAGGTTGTTTTTTATACATGGGGCAGTTTGCTGCTGGCTCTGTTGTT
NZ_CP071888.1_gap45	1746391	1748660	2269	GACGGGGACGCGGCGGGAACATTCCTGTCTGGAAGAGGCCCTGGCCGCTTTGAAGGGGACTGAAGCGGCGGTCAGTTTTTCCTCCGGTTATGCTACCTCCCTGGGAGTGATTGCTTCTATTGCGGACCGGGAGGATACGGTGCTGATGGATAAGTTGTCCCATGCCAGCCTGATTGACGGGGCGCGTTTGTCCGGGGCGCGTTTGTCTACGTTCCTGCATAACGATATGGAGTCATTAAGGAAAAAACTGCAGCATTTGCGGGACGCGAATCCTTCCGGCGGGATTCTGGTAGTGACCGAATCCGTTTTCAGCATGGATGGAGACCGTGCCCCCCTTCGGGAAATTGTGCGTCTGAAGGATGAATTCGGCGCGTTGCTGCTGGTGGATGAAGCTCACGGATTCGGTGTGCTGGGAGAACACGGGGCCGGACTGGCGGAAGAGCTGGGTGTTTCCTCCCGGATAGATTTTCAAATGGGGACTTTGAGCAAGGCTGCCGGGGTAAGTGGTGGATATGTGGCCTGTTCCCGCGCCTGGGCGGATGTAATGGTTAATTCCGCCCGGTCCCTGATTTATTCCACGGCTCCGCCTCCCGCTTTGGCCGCCGCCGCCCTGGCCGCGGTGGAAGTGATCCGCAGCGGGGAGGGAAAGGAATTGCGCCGCCGTGTTTCCGTGCTGGCAAACAGTTTGTCCGCCGCACTGGGGATGTCGGGAAGGCCTCTTTCTTCCATTTTCCCTGTTGTGGTGGGAGAGAACGATGCTGCCCTGGCTGCGGCGGATGCCCTGCTGGAACAGGGCTTTCTGGCTCCCGCCATCCGTTATCCTACGGTTCCCCGCGGAACGGCCCGGTTGCGCATTACGGTAACGGCTGCGCATGAATCCGGGCAGGTCACGCGGCTGGGGACGGCGTTGAAGGAGCTGCTGCATGGGAAGTAACGCAGGCGTTGTTTTTGGTTCTCCGCATTGGAGCCGGTTCCTGTTTTTATGCGGGGCCTGCCGGAAATGGGATTATCCTCATTGATGCCGCCATAAAAAAGGAAGAAGGATATCTGATGCCTGGCGGAACGGAATGACATCCGGATGTCCTGAATGGCAGAGCTTGCATCTTGACAGGGAAGTTTTCTTCCAGTAAGGGGAAAGAATGAAGGTTCCCAAAGGAATTTTCACTGAACCCTATAAAATAACGTCATGATGAATACTTCTGATTCTTCTTCTCCTTCGTCCTGCTGCAGCGGTTCTCCTTCCTGCACGGCCGCTCTTGTTCTCGGCATCATCGCCCTGGTATTGGCATTGATCGGTTTTTTCCCGTGCCTGGGCTGGATTACTCTGATTCCTGCGGGGCTGCTTGCCATTATTGCACTGATCATGAGCATTGTGGCTGTCAGTAAAGGTTCGCCCAAAGGGGCTCTTGTTGTTGCCATTATCGCGTTGGCCCTGTCCGCCGTTGCGGGAATTGTCCAGGTATGGATGGCCAGCGCTACCGTGACTTACATGGAACAGCACCAGGATTATGTGGAAAAGAAGGCTCTGGAAATTCAAAAGGAGCTTCGGCAGATGGAGCAGGAAAACAGGGAGTCATTGAGGCGGTCCGGGGAGGCGGATGGAATGTCCCCCGCGGATGGAACAGGCTCCCAGGATTTGTAGTTCCTGAACCTTTTTAGGAAAATCGGCGATGAATGGCGGGCGCTCTTCATGGCGTTCATGCCGTGATAGCTGGGTGGTCAGGAAAGTATGGCTGCCTGTATGGGCTGTTCTGTCCTGCCTGTTGCTGGCGCCCTCCCTCATGGCTCTGGCAATTAGCCCTGACAGGATGAATTCTCTGGCGGCTTCTGTTGCCGTGCCGCATCGTGAATGCCCGTTGTGCGGCATGACGCGAGGGTATGCGGAAATGGCCCGCGGGGATATACGCGCCGCATGGGGATGGAACCGAGGAGCTCCGGTCTTGTTTATGGCAGGACTGCTCAATGGAGGGGCTGCCGCGTTTTATTTGGCATGGTGCTGGCGGAGAAGGGCGGGAAGCCGGGAAAAGGAAAATAGTTCTCCCGCGTAGCAAGCCGGCAGGGGAGGAACCGGCTCCCCCTGTCCCCGATAAATGACACGGCGGAAGTTTTGAAGCAGGGCCTGGGAAGTTCTTCTGCCTCCTGTTTATTCCCTGTAACGGGGCTGGCGCCTGGTGGGGGGGACGGAATGATGTTGAGTTTTTATTGAATGAATTCCATGCCAAATTCCTCGTAGTGCCGAAGATGAAGTTCCCCTGCCCAGGTTGAGCGT
NZ_CP071888.1_gap46	1809602	1812869	3267	AACCGCTCAACCAGGGAATTTTTTACGCCGGAACGGATGCCGATTTCAAATTCTCCCGCCGTTATTCTTCCGTATATAGTGATTCCTTTGGGCTGAACGGCATGAACCATATTGTTCAGCCCCATTTTACGCTGGCGTATGTCAAAACCAACCGCCTGAGCGAGCTTTATCCCCAGATTGACGGCGATACCCCCACGACCAATCCCCCATCCTTGAGCATAGGCAGATACACGGAGATTGATTCCCTGTCCACGGGGCTTGTCTTCCGGTATGGATTGCGCAACATGCTGATGACCAGCCGGGATGCTAATTCCCACCGCTGTTTTTCCTGGGATGTGTTCATGGATGCCTATCTGCATGATCCCGTCAACCGTCGGGATTTTTCCAACCTTTTTTCGTTCATGCGCTGGAATCCCGTTCCCTGGATGGAATACCGGTCGGAAATGCAGGCTCCCGTTTTGGGTAAGGACAAGATTTCCGGCTGCCGTGAATACAACAACTCCCTGCGTTTCATGCCATGGCGTTCCACGGAGCTCGTCGTGGGGCACCGTTATTTGAACCAGCATTCCCTTCTGGAGGACAGCAGCCAGCTGGATTTGCGTATTTTGCAGCGCTTTTCGGAAGCCTGGGCTTTCAGCGGCAAGTGGCGTTTTTCTCTGTTGGACGGCAAGCTGGACATCCAGGAATACAATGTGTACCACAATATGGGATCCTGGTATTTGGGCGTGGGCGCTTTCGTTCGCAAGAACGGGAACAAAAACGAATTCGGGCTGGGCATCAGCTTTACCATCCAGCAGACCGGGGATTATATGCCGGTCAAATTCCTTTGATATCCGGAAAGGACACGGTTTTTTGCGGGGTTTTTCCCGGAAGCTTTTTCCTTTTTCAGAGGATTCGCGTTTTGAGAATGGGGTCTGCCCGGTGTGGGGTGTTGTTCCGGAGAGGGAAAGATATGTAGCTGGTCAGCAAGAGGCGGAAAGCCTACGGTTGGAAGGATGGAGAGCGGCCTGTTTCCGGCGTGCCGGGCAGGAAGAAAGGAAGAAGGGGTAAGGAGCCGCTGCCGCGCTTGTGCCGGAACCTTGGCTTGCATTCCGGCAGGGAAACGGGGAAAATGCCAGGGCATGGAACAAGCTGCGGCGGAAAACCGTCCGGCTTCCTGCACGAATAATCATACATGAATATGAACGCACAGGAATTGATCGAGACGCTGGAATGGCGTTACGCCACCAAGGTATTCAATCCGGACCGCCGCATTCCGGCGGAGGACTGGGAAGCCCTTCTGGAATCCCTGCATTTGAGCCCTTCCTCCCTGGGGCTTCAGATGTGGAAGTTCCTTGATGTCCGGGATCCCGCCGTGCGTTCCCGGCTTAGGGAAGTTTCATGGGGACAGCCCCAGGTTACGGACGCTTCCCATCTGGTGGTTTTCTGTGCCCGCAGGGATTTCAAGCCGGAAGACGTGCAGCGCTATCTGGAACGTATTGTGGAAGTGCGCGGTGTTGCCATGGACTCCCTGGACCAGTACCGCGCCCGCATTTTTGAACTGGTGGATTCCAAGTCTCCGGAAGTGCTGAAAGCCTGGCTGGAACGGCAGGTGTACATCGCCCTCGGGTTCATGATGAGCTGCGCCGCGGATCTCCGCGTGGACACCTGCGCGCTGGAAGGGATGGATCCGGCCGCCTATGACCGCATTCTTCATCTGGAAAATTCCCCTTATTACACGCTTTGCGCCCTGGCTCTGGGTTACCGGAATGAAGAGGCGGATAAGTACGCCCGTCTGGCGAAAGTACGTTTTGACCGGGATGAAGTCATTCCGGTCATCTGACGGAGTTTTTTACTAATCCCCGGTTTCAAGCAGTAGCCGCATGTCTTCCGGCAGGGGGGCTTCCGCGGTGAAGGTTTCTTCATCAAACGGAAATTCCAGCCGGCAGGCATGCAGCGCGTGGCGCGGCAGAACCAGCCGCTCCTCCAGTTCCCGGCTCCATCCGTGCTGGATGTATTCCAGATAGCAATGTTCGGACGGACCGTAAATTTTGTCACCCAGGATGGGATGTCCCAGGTGCGCCAGATGCACGCGTATCTGGTGCATGCGTCCCGTTTCCGGAATGCACCGAACCAGCGCCAGGGGGCCCCGGCGTGTATTCCATGTCCGTTCTTTCCGGAAAACGGTAGTGCATGCTTTTCCGGCTGGGTGCACGGCCTGTTTGACCCATATGCGGCTTTCCGCGACTTCCCCCTGTCTTAAAATGGGGGCGGTGCATGCTGTTTCCGTCCATTCAGGCCATTCCTGCACGATTGCCAGATATTCCTTGTGTATCAGGCGCCGCTGCATGGCTCTTCCCAGCTCCCTGGCTGCCTTTTTGTTTTTGGCGACCAGCGTCAGACCGCTGGTTTCCCTGTCCAGTCTGTTGACTAGGGAAAGGACGGCTCCGTTGGCTATTTCATAGCTTAGCAGGGCTTCCACGCCTTCCAGGAGGCAGGGTTCCTTTTTCCCGTTGGACGGGTGGACGATGAGGGGCGCTCCCTTGTCCACCACAATCCAGTCCCCGGATTCCGCCGCCACCTCAAAGTGCGGAAAACAGGCAATTGGTGCTTCGGAAATGGGAATCCACATGGCGGATGGGAGGTTTACAGCGCATCCGGACGGATAGGAGCCCATTCCCCCGGTTTCAGGTTCAGGCTGTCCAGATGCAGGGAGCCGATGGAAACACGGCACAGAGATAAGACGGGAGCGCCTACGGCAGCCAGCATGCGGCGAACCTGGTGGTATTTTCCTTCCGTAAGAGTCAGCAGGGCGCGTCGCGGTTCCCGGATTTCCAGCAGGGCGGGGGCGCAGGGGCGGGTTTCCCCGTTCAGCGTGAGGGTTCCGGAGGCGAACAACTCTACGGCTTCTGTCGGAATGTCCTCCTCCGTGACGGCTTCGTAAACTTTGGCGACGTGATGGCGTGGGGAGGTCATGCGGTGGATGAATTTTCCGTCGTCCGTGAGGAGAAGCAGGCCGGAAGTTTCTTTGTCCAGCCGTCCTACGGAAGAAACCGCAGGGTTCCTGTGCCGCCACTGGAAGGGCAGCAGGTCGTAAATCAAATCCCCCTCCCCGTCGTCATGGCTGCAGGTGTACCCTTCAGGTTTGTAAAGGGCGGCGTACAGGCCGTCCGGGAATTCCACAGGTTCTCCGTCCAGTAGGATGCCTTCCGCCTGCACCTTGTCCGTGGGGGAGGAGCATGGTTTTCCCTTGAATGTAATGGAGTGGCGTTTGATCCAACCCGACGC
NZ_CP071888.1_gap47	1814775	1815805	1030	TGCCGGATATTGGCTGCATGGGAAAGATTGGGGTTCTTTCTTATGAAATGCCAGGGAGGGAAGTCTTATGATTCTTTTGATTGGCGGCAGCACGCATACAGGGAAAACACTCGCGGCGCAGCGGGTGCTTGAAAAATATTCCTATCCCTATTTATCCATTGACCATTTAAAGATGGGGTTGATACGCAGTGGGATATGCCCTTTCTCCCCTGAAAGCCCCGATGAAGAGCTGACTCCCTTCCTCTGGGGCATTATCAAAGAAATAGTAAAGACCGCGATTGAAAACGGCCAAAATTTAGTGGTGGAAGGTTGCTATATTCCCTTTGACTGGAAGAAGGATTTTACGCAGGCCTGCCGGGAACGGATACGGTATGTATGCCTTATTTTTTCAGAAAATTATATTCAAAGGCATTACCATGATATCCTGAACCATGAGAATGCGATTGAACGGCGCATGGAGAGTTCTCCCGTTACGCAGGAAGAGTTGCTGCGTGAAAACAGGGACAATCTTGAAAAATGCAGGTTCTATGGCTGTGACTATCTGTTGATTGACGAGTCTTATAACGTGGAGATCATGTTGTAGAGAACAGAGGCTTCCCGTTGTCCGGGGAAGGAAAGAGAAGGTTATTCCAAATTGCTTGGTTTATAGGCGCAGGCGGTAAGAGAGAGATTCTTCCTCTCTTCCCCTGTATTTTTTCCAGAACTGCCCGTGTCAGAGCACCTTGGAAAAAAACTCCTGCAGTCTGGGATTGGCGGGGCGGTCGATAACGCGGTCCGGAGGCCCTTCTTCCACAATTTTCCCTTTATCCATGAACAGGACGCGGGAAGCCACCTCCCGCGCGAACCCTATTTCATGGGTAACCACTACCATCGTCAGTCCTCCCTGCGCCAGCTCCTTCATCAGGGAGAGCACTTCTCCCACCATTTCCGGGTCCAGGGCTGATGTCGGCTCGTCAAACAGGATGACATCCGGATTCATGACCAGGGCGCGCACGATGGCGATGCGCTGCTTTTGGCCTCCGGAAAGCTG
NZ_CP071888.1_gap48	1913680	1917747	4067	CTGATGATATGCATTGTATTTGGCGCCGTAAAGGGCAAGGATTGCCTGGGCATGGACTTTACGGGCGGTTCTTCCATTTCCTATCTGGTGAACAAGGGTGACATCTCCTTCCGGGAAGTGGAAGGCGTGGTCAACAAGCTGTCCCTGACCCAGAAGGCTACGGTGCAGGAGGTGGCGGAGTCCACGGACAGCAGCAAAGTGAATATTCTGATTAATTTCTCCGACCATGCCCAGGACAAGGAGGCTATCACCACGGCATTGGACAAGGCGTTTCCGGTTCTGGACAACGCTCCGTTCAGTGAAGAAACCATCGGGCAGTCCATGGGGTACGATACGCTCATTACTTCCGCATGGGCCCTTTTCTTCGGCATTCTGGGAATCATGGTTTACCTGACGGTGCGGTTTGAATGGACCTTCGCCATTGGTGCGGTCATCGCCCTGACGCATGACGTTCTGCTGGTGCTTGGCCTGGTGATTCTCAGCGGAACGGAGCTGAATGTTATTCACATTGGCGCGTTGTTGACGGTGGCGGGGTACTCCATCAATGACAAAATTATCGTATTTGACCGCATCCGCGAATTCCTCCGCTTCTCCGACCCGAATGAAAGCGCTTCACAAATCATGAACGAGGCCATTAACCAGACGCTTTCCCGTACTATTTTGACTTCTCTTTCCACGCTGGCCGTGCTGGTGTGCCTGTACTTCTTTGGAGGCCCTTCCATGGAAGACTTCGCCTGGACGATTTCCGCAGGCATTTTGATTGGTACGTACTCCTCCATCTTCATCGCTTCTCCGGCGGCTCTTTTCTTCTCCCGGAAGCATGGGTTGCATGAAGAAGTCAGACAGGCCATGAAGGCCGGAGCCTGAGGTCTGGCGTTGAGCCGTTAAATCTCTGACCGGGGAAGGCGGAATGCCTTCCCCGGTCTGTTTCTTGGAAAGAGAGGGATGGGGAAAGGCTCTGTATGGAATAACCTCCGTGTTCTTTCCCCGTCCGCCTCCTTCGCTTTTCCTGTTTCCATCATATACGGCTAACGGCTCCCGTATGACTCTTCTGCCTCGCATTCCTCCCTTTTATTTCCGGCATAAGAAAACCCCGCCTGCCGTTAGGCAGACGGGGCCGTATCTCTGGTTTCCTGCTATGTATTTCTGCGGGTGAAATTATTCATCATCCCCTTCCTCCTGTGCCGGAGCGGGAGGGGGCAGCATGTCGTTGTTGCCGCGGGCTGCCTTTCTGGCTTCCCTGCGCGCTTCAAGAGCCTTGGAAGCGTCAGCGTTGAGCTGGGCCATTTCAGCCTCATTCAATTTTCCGTCCTTGTCGGCGTCATACTTTTCTTCAATCAGGATCCATCCGGCAGCCATGATCGGGGCGCGGTTGGGGTCAAGCTGGGGACGAGGACCGTTAGGGCGGTTGCCGCGGGGGCCCCGGTTGGCGTCTTCACGGCGTCCTTCACCGCCTCTGCGGCCTTCCGGTCCTCTGGGAGCGCGGGGGCCTTTAGCTCTGGGGCCATCTCCCGGACGCCTCGGACCGTCCATGTTGGGCATTCCCGGTTCTTTGGGACCACAGGGAACGGCATGGTGCGGGCCGGGCTGGCCGTGATGAGGGGGAATGGCCTGCAATTCTTCCGGGGAGAGTTTTCCGTCGCCGTCTTTGTCAAATTTTTTGATCATGTCGGCGACATAGGCTTCATGACGGGCTTTCATTTCTTCCATGCGCTTGGCTGCTTCCGGGTGGTTTTTGGCCCAGTCTTCCCGCATGGCTTTCTTTTCCTCGTCGGAAAGCTTTCCGTCTCCATCCTTATCGTACTTCTTAAGCATTTCGGCTTTACGGGCTTCCTGGCGGGCTTTCATTTCTTCCATGCGTTTGGCCGCTTCCGGGTGATCCTTAAGCCATTCTTCCTGCATAGCCTTTCTTTCCTCCTTGGAAAGCTTTCCGTCCCCATCCTTGTCAAATTTCTTCAGGATGGCGGCTTTCTTGGCTTCCTGGGCCTTCTTGACGTCGGCTTGCAGAACGGCTATTTCCTCGTCGGAAAGCTTTCCGTCCTTGTCGGTATCGTATTTGGCCAATACCAGTTCTTCTCCGACAATCATGATACCGGGATCGATTCTCTTCATCTGAACCCGTTTTGGCCCCTGGCGGTCCCTGCCTCCAGCATGGTGGCGGTGACCTCCCCTTCTTTCAGGGGGGGGCTGCATTTCAGGAGCATCGGAAGGAGCCTCCGGAGCGGGAGGCGGCGGAGCGTCCTGAGCGAACGCGGAGCATGCGGCGAAAGCCGCGGCGATAATCATTTGCTTGGTCATATCTTTGAATAGTGAGGTTTGATGCGTTTCGAAAAGGAGCGTGCGCTGCGGTGTTTCAAACAGGCGGAAACGTCTCCCTTTGCTAAAAGGAACCCCTGGAATTCATTCCGGTTGCAAAATAAAAGGGCAAATGCGTCGGAGAGGGGGTGCGCCGCTGTTTTTATGACACCTGTTTTCTTCCGAGGGTAAAGAAGGATGAACCCATTGAATATGAAGAAAATTAGTAAGGGAATACAGCAATCGGGCGGGAGCGCGTGCCGCCCGTGTCATAGCGGAAAAAAATTATTCGCCAGAAACAAAGCGGATGTAGGCCTGCCACCACTGGCTGCCGCCCAGCAGCCAGATCAGAGCGGCGCTGAGGAGAGCGGGGCCAAAGGGGAGGTTCCTGCCAAACCCCATGCGTGAGGCGGCAGCCTGTACAATCCCCAGCAGGGAGCCGAGGAAAAGACTGAACAGGGCACCCTGCCAGCCGCACGCGCATCCGGCCATCATCAGAATCCAGGCGTCGCCGGATCCCATGGCTTCCCTGCTGGCATGGATATCCGTCAGATTTCCCTCCACGCTCTCCAGTCTTTCCAGAAGAAAAACGTCCCCGTTTTCCATCTCTATCCTGTCGTGCCGCAGCGTGACGGAGCAGGGAGGGTGCGTTTTGCCGTCAATGGTGACGGAACCTCCGGAAAGGACGGCCTTGTCCGTAGACCGATGGAAAAGCATGGACCAGTCGTGAGTCTGGCCGTTGACGATGAGCTGAAGTTCCTCCCGCTCGGATTCCGGTTCCTTCAAACTCCACGGGGCGGGAACGTCAAAATGCTGTTTCCAGGTGCCGAACAGAAGCTTCCCCAATTCAATCACCAGCCTGATGACCGCATACCCTGCCGCTCCTCCCAGCACGGATGCCGTGAAGGCGTCCGTCCAGGTCATGACATGGCTGTCCGGCAGGAGGAAAGGGTAAAGGGCGCAGGCCCCCGATCCGGCCAAGGCGCCGATAAATGCCTGAGAGCGGAAGACAATCAGATGTTCCGCGTCAATGAACATGATGACAATGGCCATGGCAGTCCACAGGCAGAGCAGGACGGCTGCTCCTGTGGAAGCTGCCGCGTATTTCCAGCCGATGGCCGCGAAGAGCAGGGCCGAGAACAGCTCCACAAAGCAATATCGGAAGCTGATGCGCGTTCCGCAGCAGGCGGATTTACCCCGGAGAGCCAGCCAGCTCAGAACCGGAATATTCAGGAACCAGGGAATGGGTTTTCCGCATTCCGGGCAGAAGGAACGCGCCGGATCGTTGACGGAGACGCCCTGCGGCATACGGTAGATAACCACGTTCAGGAAGGAGCCTATGCAGGCCCCCATCAGGCCGAAAACCACGGGAATCACCCATGCGGGAAAGGCGTCAGGCATGGGTGGGCGGGGAATAGGTTCGGCTGGGCGTCTGGTTGATGCGGTCAATCAGCAGCCTCAGTCTGCCGTAGTTGCCGCGTTTGATGGGGAAGACGAGCCGGGGCAGGCGGTCCAGGTGTGGTTCGTCCGCTTCATCCGGCAGGGGGCCGCTCTGGATCATTTTCCCCCCAGGCAGAATCAGGTCTGAAAAGTCCCGTTCCAGATGTTCCACCCACTGGGCGGGAAGCTGCGCATTCAGCCGGATGACGATGGAATCTCCGACAAAACGGTAGGAGTGGAAAATCCGGTAAAAACGGTCGATGTGTTCCATGGCTTCCGCCGGATTTTTAGTGACATGGATGAGATGAAGATCGTCTGCGGAAATCAGTCCG
NZ_CP071888.1_gap49	1968060	1970552	2492	GTAGGATTCCAGGGCCTGCTGGGCCATGCGCAGGCCGCCAAAGGGCATCAGGGCCCGTTTCAGGGGGGCGTCCGTCTGGAGGCCTACGACCACTTCCAGTTCCTTGTCAATGTAGCCGGGCTTGTGGGAGGTGATGGAGGATACCACTTCTTCATCAGCATCCAGAACGCCGCCGTTGTCTATTTCCCTTTTCAGCAGGACTTTCAGTTCATCCCATAAACGGAGCGTGCGCTGGGAGGGGCCGGAAAGAAATTCTTCATTGCCGGAATAGGGCGTGTAGTTATGCTGGATGAAATCCCGTACGTCAATGGACTCCGTCCATGCTCCCGGCTTGAATCCCTGCCATTCCTGAGGCAGGGCGAGAGGCTCTTTCAAGTCTTTTATGATGCTGACCATAAACAAAAAACAATATAAAATAATAATGAAGGGGGAAATTATGCATATTATTTTTTTGTTGGCAAGTCCTTGTTTTCAATAATAGGATTTTTTTCTGTAAGCGAATTAACTGGGTTATTATAATAACTGCAGGGAATGGTATAAAAATTTCTATTTTCCTTAAAATCAATCATGATCTGGTCTAAATATAAGTCTTCATCAAGCGCATAAATCTGTATGGTATGCTTCCCCGGTTTTTCAATAATATGCTGGCTTGAGGTTAAAGATTGGTTTCTCAGAACATTCAAGTTCCACGTTGTTGTATGGAATTCTGCGTATGTTGATACAATGACGGGCGCCTGATTGTCAATGATAACGGCATACCTTAACTTTTTTTCGCATTGCGGATGAATGGGAATGCTTCCGACATATAGATTGAATTGTCCTTTGCTGAAGGAATAAAATTCGTAAAAGGCATGTTTGTTTTTATTGTCTTTGGAAGATTTCGGAAGAACTAAAGAGCTTCCGCTATGCCCGAGCGAATCAATAATTTTTGTTTTTAATTTATTGTTAATTTGTTGTGTTGCGGGGAATGCTATGTAAAATTGATTTTCAATAAATTGTTGAGGCATGTTTGTTTTTGCTGAAACGATGGGACATATGAATGTGTAATATTCTCCGTTGAGTTTTATTTTAATTGTATTCCGTCCGTCTTGTGCGCTGGAATCCGTATATACAGCTATTTGAACTTCTCCTCCGGGAAGAGGATTTGTTTGAATTTGAAATCTTTTTGGAATATCAATGGCTTCATAAACAATGTCGGCGTTGTCTCTTTGGTAGACTGTAATGGTTGATGGTTTTTCTGCTCCTTTCGTTAAAGTGGGTAAAGAGATTTGGCGTGCTTCTGAGGGGGACGGATTGCCATCGACCCAAAGCAGTATCCCTTTTTTTGTTGAAGTGATAAATTCAGGAAGCTCGGGACATTTGAAAACAGATTGATTTCTTGGAGACATGCTCATCATTCCTTTCCATTTTCCATTACTTATTTCTAAATTGTAGTGATGGGTTAATTGGAATATTTTATTATATTCCTTTTTGGAAAGAGCACTGTAGTGATTGGCTGCCGGGAGGTTATATAAAGCCAGTTCTCTGGCTTTTTGAGCATACAGAACTTTTTTGTTCATGGAAGCTGCGGAAGAAATAGGATAATGTACCAGCTGGAAATAAGCGTCTTTTTTTTCATGATCCATTTTTTTATAGATTTTTTCCGACATGTCGCTGAGAACCTGATACCAATATATTCTTCGCCCAGCCTCATCCCCGAATTCGTGGAAATTGTATGGATTGGAGAATAGTATTCCTCTTTTTGACGGAGGAAATTCCATATGCTCCGGTTTTCTTTGGGCGGCAAGATCATAATAAAGATTTAAAAGCGGGGATATTTCATGTTCGTAACCGGGAAATTGCCGGCTTGCCCAGGAAGAAAGATGGGCGCGAATTGTTGTTGAATTAATAGAATGAATATTCCATGCCATATCCAGAAAGAATTCTATCAGATATTCCGCCGGTTTGATATCTCCTACGTTTAATATCCATATTTTGCGCGCTTGATTCTCCCACGCTCGCTGCATTTCCTGATAGATCAGGCCCGGCTGAGTGGATGCAAGCCAGAGATAATCCTGAGGGGAGCCCCAATAAGAAATGTGATAATATATTCCAGAGCCTCCCGTTCTGGATTTTTCTTTGTCATTGTTCAAGCGTGTTATGTGTCCATAATTATCATCGCTCCACCATTCTGCCATCATGCCGTCCTCGCATTCCGACCGTATAAATATTCTCTTTTTGTCCTACTTCCAACAGGCGTTCTTTCCAGTAATGGATGACATTGCTGGAATTAGTGACAAAATTATAAGGTCCGTTTAATTGGTCGTTCCATTCTCCTGCGCTATTCCTCAACATGGGTTCACAATGCGACGTTCCTATGATTATGCCATATTTTTCAGCCGTTTCTCTGGCGCCCTTGACAAAATGGAAAGGAACCGTGCATTCGTGCATGGCTGGCCACAGCGTATTGGCTCGGAGCCTCATCATTAACTCAAAAATTTTGGAATATGTTC
NZ_CP071888.1_gap50	1971977	1974681	2704	GTGCGCCGGAAGTGCCCTTCTTCCAAAATTCTGTTGCTGGGCGTTCTCCCACGGAAGGAGAAAAAACTGGCGGAACCGGTGAAGCAGACGAACAGACTGTTGGCGAGGCTGCATAACGGAAAGGACATTTTCTTTGCCGATCCGGGAAAGGCGCTTCTTTCCGCAGACGGTGCTTCTCCGCAGAATGAATTTATGAAGGATGTGGTGCATCCCAATGCCAGGGGGTACGAGGTTTTGGAAAAGGAGCTGGCCGTACTTCTGAAAAAGCTTGATGCAAAATACCGGGGAGGGAAGCAGGCGGGAAAGCATTCCTGATGATCGTCTTCTGATGGAAGGTAGGATTTTGCTTGAAGGGAAAGCTCTGGTTGAGAAAAATATACAGCCTTTGATATTTAGTTTATGAAAAACCTGTTGTTTGCATTGTTGACCGGTTCCTTTTGTTGCTGTTATGCCCAACAGAAGGACGCACCCGTTCCGGAACCTGAAGTTGTCGCTACTCCGCCGGCTGATGCGGGGCGCGGCCTTATCCGTGTGGACTCCCGTGAAATACGCCATTATTCCGGTACCCGCAAGGAACCGGATTACCTGGTCAGCAGGGATAACGGAAAAACATGGGAAATGAAGGCCGCTCCGGCTGGCTACCCTCCCAACTACGGAGGCATTCCCAAGGAATCTCCGGCTATTGTGCGCAACCCTCTGACCAGAGAATTCATTCGTGTGCAGCCTATCGGAGGCTTTGTATTTCTTTCCAGGGGTGGGCTGGACGGCAAGTGGCTTGCCGTCACGAATGACGGCAAGCTGGAAGAAGACTGGAAAGATCCGGAAAAGAGGAAAAACCTGAAAAAACTGGGCGGCATCATGCGAACCCCTGTTTTTGTGAACAAGGGCCGCAGGGTGATCGTGCCGTTCCACAACATGGGCAGCGGCACCAAGTTCCATATTTCCGATGACGGGGGGCTGACCTGGCATGTATCCAAGAACGGTATTACTTCCCCCAGACATGAAGCCAGGCCTCCCCACCAGGGCGTCAGATGGTTCAACAATGCCGTGGAAGCCACGGTTTTGGAAATGAAAGACGGTACGTTGTGGGCGCTTGTCCGCACTTCCCTGGACCAGGCGTGGCAGGCTTTCTCCAGGGATTACGGTGAAACATGGAGCAAACCGGAACCTTCCCGCTTTTTCGGCACCCTGACCATGAATACGTTGGGCCGCCTGGATGACGGAACCATCGTTTCCCTGTGGACGAATACGATGGCTCTGCCTGAAAACGCCACAGCCGGCAACGGAACGTGGGAAGACGTGTTCACGAACCGTGATTCCCACCACATTGCCATGTCCGGGGACGAGGGTAAAACCTGGTACGGATTCCGGGAGATTATCCTGGACGAACACCGCAACCATCCCGGCTATGCTACGCTGGATGGTCCGGAAGACCGCGGCAAACACCAGAGCGAAATGGTGCAGCTGGACAAAAACCGCATCCTTATTTCCCTGGGGCAGCATAAAAACCACCGCCGCCTGGTTATTGTGGACCGCCGCTGGGTAGGGGCCAAGACGCGTGCTACGCAGACGGGGAAAGATTCGGATTCCCAGTGGACCATTCATACTTATATTCCCCAGAAAAAGGGCCATTGCAGTTATAACCGCAAGCCTTCCGCAGAGCTGGTTCCGGATCCGTCCGGAAGTACGAAAAAGGTGCTGCAAATCAAGCGTCTGAATGATCCCGAACTGGTCAATGAAAAATCCAATGTGGATTACCGGAACGCTGGAGCTGCCTGGAACTTTCCGAACGGGACCACAGGGCTGGTCAAATTCCGCTTCCGTGCAGCGGACGGGGATCAGGCGGATGATTCCGGCCTTCAGGTCTCTCTGACGGATCGGCTTTTCAATGCCTGTGATTCCACTACGAAGGATTATGCCCTGTTTACCTTCCCGATCAGGCTGAGACCTGCGCCCCATCTGCTGCTGGGGATGAAAAAAGCGCCTTTCACGCCCGGCGCGTGGCATGAAATTTCCCTTCTGTGGCAGGGGGGGCAGGCTGTGGTGTCTTTGGACGGAAAGAAGGCCGGAACGTTGAAAATGGCTAATAAGTCCCCCAATGGAGCCAGTTATATTCATTTCATCAGCACCGGTTCCCAACCGGATGCCGGCATTCTGCTGGATACGGTGAATGCCCGTGTGAAATAAACGGCGGTATTCAACGGTTTTCCTTCTTCGGAAGCGGCGGAGCGCTCAATTCCGGCAGGTATTTCAGCACCATTTGGAGATGTTCGTTTGACCGGTTGCCTATCCGCTGGAGGGCTGTGCGTCCGTATTTGTCTCTCAGGGAGGGGGCTGCGCGGTGGTCCAGCAGAAGACGCGCAATACCCAGTTTCAGCCGGTCCAGGGAATCGTCTCCCAGCAACATTCCTCGGCAGCACGCCATGAGGGGAGTCTCTCCGGCGGCGTTTTGATGGTTGACGTCCGCTCCCTCGCTGATGAAGAGACTGACCAGCTCCCTGATTTGAGGGAGCTGGGACACATCAATGAAAGCCAGCTGGCGGCACAGGTTCAGCAGGGCCGTGTCCCCCGTGGTTTCCGGCAGGGTTGTGGACGCGGGCATGGCCGCATTCACGTCCGCACCGTATTCCAGCAGAATATGTGCGATTTGCAGTGCGGTGTTCGGAGTGTTCAGGTTCAGGGAAAGAAGGGGCGGGACCATTTC
NZ_CP071888.1_gap51	1977958	1982955	4997	TCCTAAAACGACGCAAGGTGTTTATCGTCTGTCGGTCAGTACCTTTTATTTTCTTCAGGGTTTGGTGTTCGCCAGTTGGGCATCCCGCATCCCGGACATCAAAAGTGCATTGGGGTTGAACGATGCCGACTTGGGGTCCGTTCTCTTTGCCGTCCCGGTGGGGCAGATGTCCGCCATGGCGCTATCCGGTTACCTGGTTGGCCGTTGCGGCAGCCGGAAAATACTGATGGCGGCATCCGTCTTTTATCCTGCCGTGCTTGTATGCCTGGGTATGGCGGGGTCTTTCTGGGAACTGGCGGCCGGGTTATTTTTCTTTGGGGTAGCCGCAAATCTGACGAATATATCCGTCAATACGCAGGGAGTGGGAGTGGAACGGCTGTACCAGTGCAGCATCATGGCCCGGTTCCACGGTTTATGGAGCCTGGCGGGTTTTTTCGGAGCTTTGCTGGGAGCTGCCATGGTGGACTGGCATATTTCTGCGGAAACGCATTTCATCGCCATTTTCCTGATATGCATGATTATTCTGGCCGTTTTTTCCCCCTCTCTTCTGCCGAGGGATGCCCGGCGTTCCTCCTCCCAGGGAGGCGGCATGTTCCGGAGCATGGATGCTTATGTACTGGTCATCGGGCTGATCGCCTTCGGAAGCATGGTGAGCGAAGGAACCATGTTTGACTGGAGCGGCGTGTACTTTGAAAGCGTGGTAAAACCCGGTCCGGGGCTGGTGCAGATGGGATACGTGGCATTCATGAGCACCATGGCCCTGGGGCGTTTTACGGCAGACCGCCTGGTGATGCGCTTCGGGCCTGTGCGGGTTCTGCGCGCCAGCGGCATCCTTATTGCCTCCGGATTGCTCGTCTCCGTCCTGTCCCCGATGCTGTGGTCCGCCACGCTGGGCTTTCTGCTGGTGGGTTTTGGCACCTCTTCCATTGTCCCGCTCTGCTACAGCATGGCCGGGAAATCCCGGAAAATGATTCCCAGCATGGCGCTGGCTTCCGTTTCTACCATCGGCTTTCTGGGGTTCCTGATGGGGCCGCCGGTCATTGGTCATATTGCCCATGCTTCCTCTCTCCGGTGGTCTTTCTCCCTGATTGCCCTGGTTGGACTGGGGACGGCATTCATTGCCCCTTTCCTCAAGAAATATAGGTAATCACTGTTAATGATATGCCTATATTGTGAAATGGTGCGCCTGGCAGGACTCGAACCTGTACGCCTTTCGGCACCAGATCCTAAGTCTGGCGCGTCTACCAATTTCGCCACAGGCGCAACGAATGGGCGGACGCACTCTGCCATACCAGGCTCTGGCGTTCAAGATTAAACAGGAGTTTTTACCTTTGACGCGCTTGTGGGAAGCGCCTGTGGTGAGAACCCATAGGAAAGTTAGCTGCCCTGTTGGGTGTCTGCTTTCTGGCGGCATTTTCCATTCATGGGCGGATGTCTGGTTCCCCAAAGGCGCATTTACTCCGGATTAGAAGGGGGAGGCATTGAGTATGTCTTGGTTTGTCTGCCGGTAAAGGATGGAAAATCCTTGTTAGCTGATTCTGTGAAGGAGGTTCTGGAGAAAGGAAAGTTTTATCCCAAGCCGGTGTTGGCCGCCGCTGATGGTTCCGGGGCACAGTGTTTCGCGTATGAGGAGGGCGATACTGATGCCAAACAACGAGGCGTGAGATTAAGAAGATTCTCGAGCCAGTTAAAGCAGTCCTGAACCGGAGGATGGAATATCCCAGATATTTTCCAGGGCAGGCTTATCCCATGATTTGTGCCGGAAAAGGAAATAGTTTCACGAACAAAAAGTCCAGCATCCCCAGGCACAGGGCGATGCAGACGGCTTTTTTAGGGGACAGGAGAGGCGTTGTTTTCAGCCAGGCGACGATGCCGGCATGAACCGCCAGAGAGATGCCCACAGACCACCAGAAGAACGGAATGCCCGTCATGGCGAAGAGGGCCGCCAGCGGGTAGGTGAATGCCAGAAAGAGTTTCATGACAGCTTCCCATTCATGCCCGCGTACCATCATCAGCTGCTTGGACAGAAGAGAGACATACAGGCAGGAAGGTACTACAACGCACAGGGTGAGGGAAACAACCCCTTTTTTTGCATACCGTTCTTCCTGTGTGGGAATGTACATGCCGCATATACTGGGTCAGGAGGGGAAAATTGTCAAACATTGTCCTAGCCCGGCGGGGCAGGAGCAATATACTGACGGCATTGCGTATGTCGTCTTTTGAGTTGAATTCCTCCTTCAAGCCTTCCGGCGACCAGGAGCAGGCCATCGGCAAGCTGCTCAAGTCTCTGGAGGCGGGTAACAAGCACCAGGGGCTCCTGGGAGTGACCGGGAGCGGCAAGACATTCACCATGGCGAATTTGATTGCCCGGATGAACAGGCCCACGCTGGTGATTTCCCACAACAAGACGCTTGCCGCACAGCTTCATTCGGAGCTGAAGAGTTTTTTCCCGAATAACGCGGTGGATTACTACGTTTCCTATTTCGATTATTACCAACCGGAGGCGTATATCGCCAGTTCCGACACCTACATTGAAAAGGATTCCGCCATTAATGACGAGTTGGACCGCCTGAGCCTGAATGCCATGAATTCCCTGATGACACGGAGGGATGTGATTGTGGTGGCATCCGTTTCCTGCATTTACGGCCTGTCCACTCCGGAGGATTACAGGAACCTGACGCTGCGCATGCGCGAGGGGGATGTCATGGACCGGGACGTGTTTTTGAAGCAACTGGTGGAACGCCTGTTCGAGCGGCAGGATTTTGATTTTACTCGCGGCACGTTCCGCGTGCGCGGTGAGGTGGTGGAGGTGTTTCCCGCTTATTCGGAAGGTGAAGCAATCCGCGTAGAGTTTTTCGGCGACGAGGTGGAACGGGTTTCTTTGATTGACTCCGCCACCGGGCGTGTGAGGGAACGGCTTGGGAGCTACACTTTTTTCCCGGCCAAGCAGTATGTGGCCGCTCCGGAGAAAAGGGCGGCGGCGTTAAAGGCTATCCGGGAAGAGCTGGAGGACCGCGTAGGCTGGTTTGAGAAGCATGGGCGCCTGCTGGAAGCGCAGCGGCTTAAATTGCGCACGGATTATGATTTGGAACTGATTGAAGAGCTGGGTTTCTGCAAGGGGATTGAAAATTATTCCCGCCATTTGTCCGGCCGCCTGCCCGGAAGCGCCCCATCCACCCTGCTGGATTTCTTTCCCAAGGATTCATTGACCCTGATTGATGAAAGTCATGTGGCGGTGCCGCAGCTGGGAGGCATGTACGAGGGGGACCGAAGCCGCAAAAATATTCTGGTGGAGCATGGGTTCCGCCTGCCCAGCGCTCTGGATAACAGGCCTTTGAAATTCCATGAGTTTATGGAAAGGCAGAACCAGATTGTGTATGCTTCCGCTACTCCGGGGCCATTTGAACTGGTAAATTGCCGTGCGGATAATAAGACGTATATTCCCGTGCGCCGTGCCGCCAGATCCGGAGAAAAGGCTCCGGAAGGGTTCAAAGGAATTTTGTTTACCTCTCCCAAGGACATTCGCGTTGCTCCCAGCCCATCCACGGAACCGGTAGAAAAATTTGACCCAACCAGGCGTTCTACACCCCTGATTGTAGAGCAGATTATCCGGCCTACCGGGCTGCTGGAGCCGAAGATTACCATCCGTCCATTGAAAGGGCAGATTGACGAGACGATCGCCATGTGCAATGAACGCGTTGCCAAAAATGAACGCGTGCTGGTCACGACGCTGACCAAGAAGACGGCGGAAGATTTGACGGAGTACCTGAAAGGGGTAGGATTGAAGGTGTCCTATATTCACGCGGATGTGGATGCGATTGAGCGTGTGGAGATTTTACGTGCTTTGAGAGCCAGGAAGATAGACGTTCTGGTAGGCATTAACCTGCTTAGGGAAGGTTTGGATTTGCCGGAGGTTTCCCTGGTGTGCATTCTGGATGCGGACAAGGAGGGGTTTTTGCGCAATGAGACATCCCTGGTGCAGACGGCGGGCCGCGCCGCGCGGCATTTGAATGGAGAGTGCGTCTTGTTTGCGGATGTGATGACGGATTCCATCAAACGGCTGGTTGAGCTGACGGATTACCGCCGGGGTATTCAGGAAAAATACAACAGGGAACACGGTATTGTCCCCCAGACGGTGAGCCGTTCCGAACAGGGGCAGTTGAAGTTGTACGCAGAGGATGATGAAGAGTCCTTCCGCGTAGCGGAGGATGAAGCCGGGTATGGTTTGGAAGAGCGCATTGCCAGGCTGGAGGCGGAAATGAAGGAGGCTGCTTCCCATTTGGAATTTGAACGCGCCGCCTTGATTCGGGATGAAATCAGGCAGATGCGTGGAGAATATGGAAAAGGCAGGGGATAATATCCGGCGTGATGAATTGGGGATGAGCTTTCTGGTAGGATGGCATGCTGTTTTTTCGTGATATTTGTCCATCTTATTCTTGGCCGTCATTTGACGGTGATTTGGATATTGGGTTTAACAGTTAATTGCTTAAAGAATTCTGCTGATGTGACGTCAGTGTTCCGGACCGGAGTCCGCTGTCAACGTGAAATATTCTAAGAAGGCCTTACACCGATGGGGAAGTATATGAAGGGCTCTTTGTTCCAGTCTTTTCTTATATATAAGAATTTCTCATGATAAGCACTTGCCGAAGTGGCAAAGGGTATGGCGGATGACAGAGGATTCCCAGGCTGGCAGCAGTAGCTGTCTGATTATCCTTTGCCGGTTATGTTCCCCATTTTATTTCTTGATGCAGCCGGCTGCGTCAAAGGCGCCGGGCAATGTATGGTCAGGAAGGGCCCATTTGCCATCGTCTGAAGAAAAGATTTGCATAAAAAATACTTGCGTATTTGGAAAAAGCCTGTAATCTCCTTCCACCATGACCCGCAAAGGTGGTATCAATAAAACCCGCAAGGCAGTCGCCAAGCGTTTCAAGGTAACCGGCACGGGCAAGGTACTGCGCCGTAAACAGGGCAAGCGCCACATCCTCCAGAAGAAGTCC
NZ_CP071888.1_gap52	2017259	2019359	2100	AGGACGATGGAGGGATACACCATGGCGGAGATCACCTTGCTTTTCAGCTTTTGAGCCTTTTCCTGGTATTCCGCCAGACGGTTCAGCACGACTTCCAGCACACCGCCCAGTTCCCCGGCCTTTACCATGTTGACAAACAGGCGGTCAAAGATTCTGGGGTGTTGGGCCAGGGCTTCCGAGAAGGTGGAGCCGCCTTGAACGGAATCTCCCAGAGCTTCGATAGTTACGCGCAGGTTGGGGTTTGCCTCCTGTTTGGCCAGCACGTTCAGACTCTGGAGCAGGGGAAGCCCTGCGTCAATCAGAGTAGCAAGCTGGCGGGTGAAAATCATCAGAGCCTTGGCCTTGATTTTGCCTCCCAGTTTGCCTTTTTGCTTCTTGGCCCCCTTGGCCTTTTTCTTGGCGGCAGGCGTCTGTTGAATCTTGCCCTTGCCCGCTTCTACGATCTGGGTGGGGTACAGGCCATGCGCCCGGATGGCTTCCATGGCCTCCGCTTCGGAGTTGGCCTCCAGGGAGCCTGTTTTCTGGTCGCCTTTATGGTCAAGTGCTGTGTATTGATATTTAGGCATATATGTTGTTTCTTAAGTGTTTTTTCTTGGTGATTGAAATAAGTGGGGAAGCAATGGCATCCGGCTGTCCATTAAGTATATTTCAGCACTTCTTCAATAGTAGTGTTGCCGTCATAAATATTTCTCAGCCCGTCTTCTCTCAGCGTGGACATGCCCATTTCAATAGCCTTCTGTTTCAGCACCACGGAGGGAGCGCGATCCGTAATCATGTCACGCAGGGTGTCGTTAATATCCAGAAGCTCATAAATCCCCTTGCGGCCCCTGTAGCCGGAATTGGAGCATTTATCACAGCCGCGGCCCGTGAAAAAGTGCTTGTCCCCCAATTCATAGGGAGATACGCCAAGCTGGGAGAGGATGGTGGATGAGGGTTCATACGGGGTGCGGCAGTCCGGACAGATGGTGCGCACCAGGCGCTGTGCAAGCACCCCTTCCAGGGAGGCCGCTACCAGGAAAGGTTCGCACCCCATGTCCACCAGTCGCGTAATGGCTCCGGCAGAGTCGTTCGTGTGCAGGGTGGAGAGAACTAGGTGGCCCGTCAGGGATGCCTGGATGGCGATCTGCGCTGTTGCCATGTCTCGCATTTCCCCTACCAGAATACGGTCCGGGTCCTGTCGCAGGAAGGCGCGGAGAACCATTGGGAAATCCAGGCCGATGGCTTCATTGATAGGAATCTGGATGATGCCGTCAATATCGTATTCAACAGGGTCTTCCGCCGTCAGCACCTTGGAATCAATGGTATTGATTTCACGCAGGGCGGCATACAGCGTAGTTGTCTTGCCGGCGCCGGTGGGGCCGGTAACGATGAAAATGCCGTTGGGCTTGTGGACCGTATCCAGAATATATTCGTGGATATGCGCGGGAAGCCCCAGGTTGTCCATGTTCAAGTTGACGGAAGAGCGGTCCAGAACGCGGAGCACCACGGATTCTCCGTATTGAGTGGGAAGGGAGGAAACGCGCATGTCCACGGAACGGTTTCCTATCTGCTTGACGATGCGGCCGTCCTGCGGAATGCGGCGTTCCGCAATGTTCATGTTTGCCATGACCTTGACGCGGGAAATGACCGGCACGGACAGGTGGACGGGGGGAGGCTGCATTTCATACAGGGCGCCGTCCACACGGTAGCGGATTTTGAATTCCTTCTCAAAAGGTTCGAAGTGAATGTCGGAGGCCTTTTCCTTGATGGCCTGTGTAATGACGAGGTCTACAAAGCGGATGACGGGAGCGGCGGCGGAATCCTCCGTCTCATTGTTGACCTGCATGTTGTTCAGTTCCTGCATCAGGTCGGACATGGCGGCGGATTCGCCTCCATAGAGCTCATTGATGCGTTCGGAAATCTGGTAATCCGGCGCTACCAGAACATGGATGTCCTGGCCGAGGGCGAAGCGCAGGTCTTCCACCGTCTGGGGATTCAGGGGATCCACCAGGCAGACGTACAGGCCTTCCGGACCGTGCCGCACAGGGAGCGCCCCGTGCAGGCGTACGAGCGTGGCCGGCATCATGTTCTGCACGTTCGGATCCGGCTGGAAGTTGTCCA
NZ_CP071888.1_gap53	2021639	2022584	945	GCCGCCTTTTCCTGCGGGTCTCTGGCCGGCGGCATGGCTCCGTGCAGCAGATAATACTTGGCGTCTCCGAAAATCCATGGGTTTTCCATGGCCGCACGGCCAATCATGACGCCGCTGACGGCCGTATTTTCTTTTACATAAGCTACAGCCTGCGGGGTGGAAATATCCCCGTTCCCAATGACCGGCACGGACATGGCCCGCGCGCATTCGTCAATAATGTCCCAGTTGGCCGTTCCGGAATACTGCTGGGAGCGGGTGCGCCCGTGAATGGTGATCATGGAAATTCCCTCATTCTCCAGCAGGCGGCACGCGTCCATGGCGCACAGGCTCTGAAAATCCCAGCCAATGCGTATTTTGGCCGTGACGGGGATTCTCTCTCCTACGGCTTTCACGACGCCTCCGGCAACGGAAGCCAGCAGGGGAAGATCTTTCAGGAGGGAGGAACCTCCATTTTTGCCAACCACCTTGGGAACCGGGCAGCCGAAGTTGATATCGATAAAATCCGGCTTCTCATGGTCCAGGATAATTCTGGCCGCCTCTCCCATGTGGTTCCCGTCCGCTCCGAAGAGCTGGATACCTATGGGACGGTGGGCATTTTCTATCTTTGTGTACCTGCGGTTTCTCTCCCATGCCTGGAGAATTCCTTCCGCAGAGACGAATTCCGTCACCATCACATCCACTCCAAGTTCCTTGCAGATGGTGCGGAAAATGGGATCCGTCACTCCAGCCATTGGAGCCAGGAACAGGGGGAAATCCGTTTTGAAGAACGGGAGGGGAGCGGGACGGTTGGAAAAAGTCATGATTCCTTAGGATGAGGCTAGCACGGGTTCCCGTTCCATTCAAGCATCTTGCCTGTTCTGGCGGAGAAGGGAAGGTGAAAAATGCCGGTACTGAGCAAGCATCGGAGCGTTGAAAAATATGGCGCTCAATAAAGAGGTGCAGTAT
NZ_CP071888.1_gap54	2046094	2049205	3111	GGCCAGGGCCCCGAAAACGTAAAAAAGTATGTCGCTGGCAAAGATGTTCATAACGTACGGGAAATGGAGTGTTCGGGGGTTATTTGTATTGGTTCCACTTGTTGACCAGCCCCTTGCGGGTGCCGCCCAGTTCGTAGAGCTTGGCCTTGTTGTGGATGGCCTGGGTTTTATCCGTGGGGGTGAACAGGTAGTTATGGCTCATGAAGATGGCCTGTTCCGGGCAGGCTTCCTCGCACATGCCGCAGTAGATGCAGCGCAGCATGTCAATCTGAAATTCCCTGGGGGCTTTTTCCACTTTGCCCCACGGTCCTTCCTGTATGGGGCCGGGGGTGATGGTGATGGCGCGGGCCGGGCAGATGAATTCGCAGAGCTGGCAGGAAACGCAGCGTTCACGGCCGTCTTCGCCTTTCACCAGCACGGGAGCTCCGCGGTAATATTTCGGCAGATGTTTGTCCCATCTGGCTTCCGGATATTGCATCGTAACGCCGATGCCGGAACCGGCCAGTTCTTTTTTGTTGCGGGATTTGCCCAGCAGAGCCAGAACGAGGTGCCTGATAGTGAGCCAAAGACCGCCAAGAATGGATTGCAGATAGAACCGCTCTCCAAGGGAAATCTTCGGACGCTTGATCGTTTTGAAGGCCATAATAGTAATGTTGTCGGAATGAAGAAGGGGGGGATTACTTGACGAAGTACAGGATGGCGGCTGTAAGGAAGATGTTGATGACGGCCAGTTCAAAGAAGACCATCCAGCCGAGCTTCATCACCTGGTCATAGCGGAAGCGGGGGAGCGTCCACCGCACCCAGACGAAGAAGAAGGCGAAGAAGAGAAGCTTGAGCACATATGCGATGAGCTGGCAGATGACCGCCACCCAGTTGGCTACGTTTTCATTGAGCCAGCCGTCCAGGCCGAAGCCGATGGACCAGCCCCCCAGGAACAGCGTGATGACAAGGGAGGATCCCACCACCATGGCGGCATATTCCCCCATGAAGAATTGGGCGAATTTCATGGAGGAGTATTCCGTATGGTAGCCGCCCACGAGGTCCGTTTCACATTCGGACATGTCAAACGGCGTACGGTTGGCTTCCGCAAAAATGGAGGTGAGGAATATGATGAAACTGATAGCTACGGGCACCAGCAGTATCCAGCGCTGCCAGCTCAGGCCCTCGCCCCACACGGGAAGCAGGAGCCAGCCGTTGGCGGCCTGGTATTCCACGATGTTGGACAGGTCCAGCGTGCTGTAAATCATCAGCACAGGGATGATGGACAGACCCATGCTGATTTCATAGGAAATCATCTGGGCTGAGGAGCGCACGCCGCCCAGGAAGGGGAATTTGGAGTTGGATGACCATCCGGCCAGCACCAGTCCGTACACGGAGAGGGAGGAGATGGCGAACATCCAGAGGGGGCCTACGCTGAGGTTGGCCACCGCCATGTTGACGTTTCCGTAAGAGGTTTGAAGGTCTCCGGCGAAGGGAACCACGGCCGCCGTCATCAGCGGTGGCGCAAGCACCAGGATGGGAGCGATCCAGAAGTATACGCGGCGTACGAAGGGGGGCGTGAAATCCTGTTTCAGGAACAGTTTGCCGCCGTCCACCATGGGCTGCACGAGACCGAAGATGGGGATGTCGCGGTCCAGGCGGAAAAAACGGCACAGGTTGGCGATTTTGCCGTCATGGGGCAACCCGAAGTAGTCCAGCGTCTTTTTGAACGGCAGGTCGGATTTCATGCCGAAGCGGCGGAAGATGCTTAACGGAATGCCGGCGCGGTTGGGGCCTACGCGGTCCTGGATCCAGGCGGCCACCCGGCGTTCAATGTACACGCAGACCGGAATGAACAGAATGGTGATGGCAAAGCAGATGACGATTTTGATCAGCAGAGTGATGATATAAAACCACACAGGGTTGCTGAGCACCTCGTCGCAAAAGGTTAGAATCGAATCAATCATGGCGGATTAACAGGTTGTATGCGTGTGAAGTGTGATTAGCGGCCCTGGTTTTTTTCGCGTTCCACCACGGGAATGGTGACGCCGGTTTCCAGAATGGGCTGGCCCCCGTCTCCGATGGAACCCCAGGAGACTCCATTGAGTGCGCCGTATTCCGTGCTCATGGCGGTGAGGATGTCCAGGGCGGAGTTGAAGTCTTTCAGAGCAGGATTGCCTCCCAGCAGAAGGGTGATGTCTCTGAAAATCTGCCAGTCGTCCCGGGCGTATCCTATGGGCTGGATAGCGCGGTTCAGGCGTTGAATACGGCCCGTGACATTAATCATGGTGCCGAATTTTTCAGCGTAGGTGACGCCCGGCAGAACCAGGTCCGCATGGCGCGCCGTTTCATTGGCGCTGTGGGCGGTCATGAACAGGTAGTCCAGCTTGTCCAGATCTTCCGCCGTGAAGCCTGCTTCCGGGGAGATGAGGTCTTCCCCCAGGGAGAGGATGCCCTTGATGGAACCGCTGCGAACTCCTTCGCGAATGGCGTCCAGCCTGGAACCGGGTTCGATATCCAGCACCAGCCTGGCCCCGTTCGTGTTCGGGTTGCGATCCGCAGAAATAAGCATGCCGTCGCTTTCTCCCATGCGGGGAACGATGTCCACCATATCCGTGCCGATTTGGGCGGCCAGATGGCGGACCATGTAAAGCTCTTCATTGGTCATGCGCCCGGAGGCAATGATGGCGAGCTGGTTCGGAGCAATGCGCTTGACGGCTTCCGCGGCGGAAGCCAGAGCCGGTTCCCAGGTGGAGGGGCGGTGGGGCGCTTCCGCATCCGTACGGATGACGGGCTGGGGAATGCGGGTTTCCGCATTGATGTATTTGTAGTTAAGGCGGTGAGAGTCCGGCATCCAGCAGGAGTTTACGGCATCATTCTGGCGCGGGGTAATGCGGTATACCTTGTCTTCTCTTGTCCAGAGGGTGATATTGGTGCCCGTTCCGCAGTCCACGTCAATGGTCTTTGTTTCCTTCAGGAACCAGACGCGCATTTTAAAGCGGAAATCCTTGGAAGTAAGGGCTCCTACCGGGCAGAGGTCCACGGTGTTCATGGAGTAGTTGCTGTCCAGCTCGCGGCCGGGGTAAACCGTGATGGCGTTGAAGGTGCCGCGTTGGGACATGGTGAGCACCT
