gap_id	start	end	length	sequence
NZ_CP168306.1_gap1	22747	27343	4596	AAGGCGACGGGTTTGTGCTTCTGTGAGAGATAAGGAGAAAGCGATGTCGCTGACTGACTACCAGGACGTCCTGAACCGGCTCCAGAAGGCCCTTGGCCAAGCCTATCACGCCGATCCGCTCCTGCTCAACGTGCCCGGTCGGTCCGTGGCCTGCAAGGTGGACCCGCTTTACTACCTAGCCCTTCAACCCGTCTTCGTGGAGCGCCTGGCCAAGGCCTCGGCCCTCTTGCCCGCCACGGTCGCCGAGGCCCTGGTGCGCACCGGCAACCTCATCACCCGGGCCCCGGAGCGCAGGCATGAACTGATCGTGCCCGTGGTCCTGGGCGGTCGGCTGCTGGAGGTCCGGGCCTCCTTCGTGGACGCTGACTTCATCGACCGCGCCCTGCGCCTCTACGCCGGACTGCCCGCCGGGTTGGAGGTTTCCGGCCTGCGCATCGCCGGTACCTTCCGTTCCAGTCTGGAGCCGCTGTTCGAGAACAAGACGCCTTTGCGCGACTTGGCTTTCCAGGACTGATTTTCTGATTTCATCAGAATTCTGATGAAATCAGAATGGTTTCCTGGTCGTTCTTTCTGCCGGACACCTTCCGCAGAATAAAAAATACATGCTATTCCTAGAGGTTGTCAGTCAGGAGCAAAGAGCTTCCCGCTTGGCATGGGATTTGATCATGCGGAGCAGGGCCGCATGCGCGGTCTCCAAGAACGAAACCGGCAATCGGGTTGGCGGGGAGAGCGCCGCCGGCGGCCGAGCAGGCAATCAGCCAAGGAGCGGAAGACCATGAAAGGCGACATCACCAAGTTGACCCAGCAGATCGTTCTCGAAGGCAGGAAGCCGGCCAAGGACATCGCCGAGGCCATCGGCAAGCCCTATTCCACGCTGCTTCGCGAACTCAATCCGTTCGACGGACAGGCCAAGCTTGGAGTGGAAACGCTGTTGGAGATCATGCGCGTGACCCAAAACGTGGAGCCGCTCAAACTCATGGCCGAGAGCTTGGGCTTTGAACTGGTGGGAGTGTGCGCCCCGCGCGCCAAGGCCGACCGCATGTCCGTGGAGAGCGGTACGCTGCACGTGCCGGCGTTCGGCTAGCGGTTTGCTTTTTTCCTCTCAAATCGAAGACGCCGTCGGCGGGACCATCCCGCAGGCGGCGTCTCCGCATGGGAAGGAGGAAACGGCTGGAACAGGTCCGGCGAAAAAACCTTTCTCCCGCCTGGATCAGGCGCACTCGGCCATGTCTTCGTGGCCGCTGGGCGCCAAATGCTGCAGCGCGGGCGGGTAGATGGCCGCGGTTTCGGCCCGGCGCGGACGGAAAGCCTCGGATGCCTGGGCCGCCCGTCTGAGCAGGAGCCGGGTCAACTCGGCGTGGGTGTGGCCATCCTGCTCCAGGGCCATGACCAGGGCTTCCGGGTTGTCGAAGCGGAATGCGCCGCGCAGGGAGACGCGCTTGGGAGCGTAGGCGTCATATTCGGAACTGAAGACGAAGCCGCCTTCCCTGGTCTCGAAGATGGTCAGGGTCCACAGGCTCAGGCAGTCGGTGTAGATCGGACGCTTGTCGCTCACTTCACTGTCGTCGGCTCGGGCCACGATGCGGCCGGTGAACACCAGATCCCGCCCCCCATTCTGCTTCACGAGGATGCTGCGCATGTTCGCCTCCCTGGAGCTGTCGCCCGGAGGACTGGATTTCCGGGCGGGGTTTCCGCACGATGCCACCGTACGGAAAGCGGGAGGTCATCGAAAGGGGAGGAAAGGGGGATTGATCGGGGAGGGCGCCCTCCCCATGCGCCTTCCCTGGAGCGCTCAACGCTCCAGGGCGGCCTTGGGGCAGGTGGGCTGCAGGTAGCAGATGTCGCAGCCGCCGGAGTAGGGGTAGGGCGTGAGCACCGCGTACTGGCGGTTCACCGTGCCCTCCTTGTTCCAGGTCAGACCGAGTTTGTCGAAGGCGTCCAGCATGGCCTTGCCAGGCTTGGGCAGCGGGGCGCAACGGCCTTCCTGAAGCTCGGGGATCAGCCCGTGGGCGGCGGACATGACCATGGCGATGGCCAGGTTGTGCAGGGCCAGTCCGTGGGTGGGCGAGTCCTGCCAGATGCCCTCGATTTCGTCTTCCACGGCCTTGTCCATGAACAGGAAGACATACTGGGCTCCGCCCTCGGGGTTGGTCAGCAGATGGGCTTTCAGAAGTCCGGCCCAGCGCTCCCAGCGCTCCTCGATCTCTTCCAGCAGGTCGCGGTCGATGCGGTTTTCGCCCGCCACCTCGCAATAGAAGAACATGTCGAATTCCGGGGCGGCGGGAATTTCCTTGATCTGCATTTCGGACACGGGAGACTCCTCGTTCTTGCGGTTGCGGGTCCAGCCCCTGTAGCGGTTTTCCGCCCCGGGCTCAAGCCGTGTTCCCGCCCCGGGGCGATTCTCCCGGGGGATTGTCCCGAACCCAAGGCGGACAAAACGGGACATTGACCCGTTGTCACCCTATGGCGTCCGGTTTATAGTTTCAATGCCAGGATCAGCATCTTCGGCGCGGGGTGCCGCCGCGCGGACAAGCGCGTTTTTTGTCTCAGGGGGGAATGCCATGCTCCGCAAGGATCGACGATCGAAGTCGCTCTATGTGGTCAAGTCTCGGCCGGATCCGGCAGCCGACCTGGCTCCGAGAAAGCAGAGCGAGACTCGCAGCATCTACGTCTTGCGCACCAACGACGAGACGGTCAACAAGTACTGCGACGTGATCTACGACTTTCTGGAACAGGGAGGAATCTTCCTGCTCCTGACCCGGGACAAGATATTCCAACAGACGGTGAAGAACGCCCTGTGCCACGAACTGGGCCTGGACGCGAATCTGCTGCGCGTGATCCAGGACACGGCCGACCTGGGACAGGCCCTGGACAAATACCTGGGACGCGACCAGAAGCCCTTTCTCTTCATGGAGCACGCCCTCAACGGCCAGTTGACCCTGCCCCAGCTCCAGTACATCGCCAAGACCTGGCCCGATCTGCCCGTGGTGGTCGTGGCCCGCGACGTGTTTCAGGAACGGCTGTTCCAGTTTCACGAGGAGGGCGCGGACAACTTTCTGACCAAGCCAGCCAGCACGAACACGGTCATCGAGAAGATCGCCTTCACCCTCCAGCCGCATTGCGAGGTCGACGCTCTCTTGGTCGAGGGGCGGCACCACTTGGTGGACAACCATTTCGATGAGGCCATCGACATCGCCAACACCGTGCTTCTGAAGCATCCGCAGCATCCCGCGGCGCTGGTCCTTCTGGGCGACGGGTTCAAGGGGTTGGCCAAGCGTCAGGAGGCTTTGCGGGCCTACAAGGACGCCGAGAAGAACGCCAAGATGTACCTGGAGCCCTTGAAGCGTCTGGTGCTCTTCCACGCCGAAGACAACGACGTCAAGGGGATGCTCGGCTACCTGGTCAAGCTGGACAAGCTTTCCCCCCTGAACTGCAACCGGAAGATCAAGATCGCGGAGTTGCACATCGACATGGGCCAGGCCGCCGAGGCCGAAAAGTATTTCGACAAGGCCATCGACTCGGCCCGCGAGGAGGCCATGAGCGTGGTCAGCGAGATGTGTCTGGACATCGCGGACATGGTCGCGGAGTCCAATCCGCAGATGGCCGAGAAGTATTACCGCAAGAGCCTGGAGATGACCAAGAGTTCGCGCGGGGCCCTGTGCATGAACATCTACAACCGCCTGGGCATCTCGCTGCGCCGCCAGGGCATGTGGAGCGAGGCCGTGGAGGCCTATTTCGAGGCCGAGAAGTACGCGCCCAAGGACGAGAACATCCAGTACAACATCGCCCTGGCCTATTCCGAGGGCGGTGAGAACAAGAAGGCCGTGGAGCGCCTGCTGCGGGCCCTGAACGTCAACCCGGTGTTTTATGTGGGGCGTTCGGAGGTGGCCGCCCACATGGCGACGATCTTCAAGGCCGCGGGCATGGCCTGGCAGGCCCTGGAGTTTTTCCGCCGCCAGAAGGCGGCCGGGCAGGACGACCCGCAGATCGCCCAACTCATGGCGCTCCTGAGCAGCGGAGGAAGCTGACATGAGGGAGAAACGCCGTCATTCGCGCCTGGACCTGGACGGTCTGCTCATCCTGGCCTTGGATATGGAGGACCGGCCCCGCGCCCATTGTCTGGTGCGCAACCTGAGCCTTAGCGGAGCCCTGCTGGAATGCCCCAGCGCGGGGTATCCCGAGGACGTGGAGCCGGGTGACGCCGTGCATCTGGACGACGAGGCTCCCGATCCGCATCGGCTTCTGGGCGGGGTTCGAGGGGTCGTGGTCTGGACCTACCGGCGGTTCATCGGCGTGGAGTTCCGCGATCTCCTTTTCCCCGAGGAGGAAACCCTGCGGCGCTGGTTGGAGGAGCACAGCCTACTGCTGCCTTTGGTCTGAGCCGTATCCAGGTGAAAAAAGCCCCCGGCCGCCGACGCGGCCGGGGGCTTTTTTCACCTGGCGGGGGATCAGAATCCGTTGATCCGCTCCAGAACCTTGTACAGGCCCTGGGTGCCCAGGTTCTCCAGCCCCAGGGCCTGGGCCGCGATGTAGAACTGCTGGACCAGGGCCAAGCCGGGCAGGGAGAGGTTCATGGCCCGGGACTCGGCCAGGGCG
NZ_CP168306.1_gap2	183585	187510	3925	TGCTCTACGGTTCGGGCCTGCGCATATCCGAGGCCGTGGGCCTGGATGTGCATGACCTGGACACCTCCTCGGGGGTGGCCAGGGTCACGGGCAAGGGGTCCAAGGAGCGTCTGGCTCCGCTTTCGGATGCCGCCCGGACGCGTTTGGACCGCTACTTGGCTCAGCGCCACGCCTTCGTCGCCGATCCCCTGGAGAAGGCCCTCTTCCTGGGCCGCCAGGGCAAGCGCCTGAACCGGCGGCAAGCGGCGCGCATCGTGGACCACTTGGCCAAGCTGGCCGGGTTGCCCCAGCACGTGCATCCACACATGCTTCGCCACAGCTTCGCCACCCACATGCTCGAGGCGGGCGCGGACCTGCGTGACATTCAGGAGCTTTTAGGGCACGAGCGCATCAGCACGACGCAACGCTACACGCACCTCAACCTGCAGCAGATCATGGCGGTGTACGACAAGGCCCACCCCCGGGCCTCGTCCGAAGAAAAAAAACCTCGGGAAAAGGAGAAATAATGAGCAATCCCATGGTGCTGATCGAGACCCCGATGGGCGAGATCCTGGTGGAACTCTGGCCCGACAAGGCCCCGGAAACGGTGGAGAACTTCCTCAAGTACGTGGACGATGAGTTCTACGACGGGCTCATCTTTCATCGCGTCATCAAGGGCTTCATGATCCAGGGCGGCGGCATGGACATGATGATGCGCGAGAAGAAGACGCGCGGCCCGGTGAAGAACGAGGCTCGGGCCGACACGCCCAACCAGCTCGGCACCATCGCCATGGCCCGCACCCCGGATCCCCACAGCGCCACGGCCCAGTTCTTCATCAACGTGGCCGACAACCAGTTCCTGAACCACCGTGACGAGACGGCCGACGGCTTCGGCTACTGCGTGTTCGGCAAGGTCACGGAAGGCATGGATACGGTGGAGAAGATCGCCAAGGTTCGGACCAAGACAGCGGGCTTCCACGCCGACGTGCCGAGCGATCCCATCACCATCATTTCGGCCCGCCGCTTCGAGCTGTAGGCTCGGCGGCCGGTCGGACAAAGAAAAAGGGGCCTCGCGGCCCCTTTTTTGTCGTTCCGTCCGAAGCTAGTCTTTCTTCCCGCAGAAGCGCATGAAATCGTCGCGAAGCTGGTTCACCAGTTCGCGCACTGTGACGATGGAGTCCACCCGCCAGGCGTTGGCTCCGGCGAAGGCGAAGCCGTGCTTCAGCTTGCCCTTCATGGCGTTCACCAGGGCCTGAGCGATGCAGTACGGGCTCTTGGTGTGGTCGCAGGTGACGATGCACTTGTAGGCGCAGGCGCGGGGCTTGCGGTTGCCCTGGGCCACGTCGTCCAGGAAGGGGCCCTTCACCGCCCGGCCGGGCATGCCCACCGGGCTCTGGATGATGACGATGTCCTCTTTCTTGGCCCGCACGTATGCCTGCTTGAACGCCTCGTCTGCGTCGCACTCCACCGTGGCCACGAAGCGGGTGCCCATTTGGACCCCGGCCGCGCCCATTTCCAGGAAGCGGCAGATGTCCTCGCCGGTGTAGACGCCGCCCGCCGCGATGGTCGGGATGCGCTTGCCGGACTGCTCCTCGAAGGGCCGCACGGCCTCGATGACCTCGGGCACGATACGTTCCAAGGCGAAGGCCGGATCGTCCACCTGCTCGGGTTTGAAGCCCAGATGGCCGCCCGCCTTGGGGCCTTCGACCACGAAGGCGTCGGGCAGGACGTTGAAGCGCGAGAGCCACTTCTTGCACAGGATCACGGCGGCCCGGCCCGAGGAGACGATGGGCACGAGCTTGGTCTTGGCTCCCTCGGTGACGTATTTGGGCAGGTCCAGGGGCAGGCCCGCGCCGCAGAAGAGCACGTCCACGCCCTCGCGCACCGAGGTGCTGACCATGTCCGCGAAGTTGGAGAGGGCGACCATGACGTTCACGCCCAGGATGCCCTTGGTCATTTCGCGGGCCTTGCGGATTTCGCGGGTCAGGGCGCGGATGTGCGCGCCGGTGGGATCCTTGGCGATGTCGGGCTCGGCATTGCCGATCATGGCCGCCGAGATGACTCCCACGCCGCCCTCGTTGGCCACGGCCGAGGCCAAGCCGGAAAGCGAGATGCCCACACCCATGCCGCCCTGGATGATGGGCAGGCGGGCGGTCAGGTCGCCGATGGTCAGTTGGGGGAAATCCTTAAGACATTTCAATAGATTCATCGATCCTCCCGAGCGGCCAGGGGATTGTATCGGCCGGGATGGACGTCCCGTTCCGGCCGAGCACCGGAAGCCGGCTCGAACGATGCGCATACACGACAAAAAGACCCGGGTCAAAGGCCTTTCGAGGTGTATTCCCCGGGTCGCTCCAGATGTTCGTCGGCGAGCATGCGGGCGAAGAACAGCGAGCTGGTGAAGGCCGGGGAGATGGCGTTGAGCACATGCAGGCTCTCCTGGTCGCGCTCCACCAGGAAGTCCATGACCAGTTCGTGCGTTCCCAGATCCACCAACTGCGGCCGGATGCCGGCCTTGTGCGTGGGAACCACGTCGGTCGGGTCCAGTTCCTTGACCAGTTTCCGGGCGTCGTTGAAGAAGTGTCGGAAGAAGTACTTGCGCGGTTCCTCCAGGGCCACGGCCCGGAATTTGGGATTCTTCGCGAAAAGCACCGTGTCGCGCCAGAGGATCGAGGGCGCTTCGCCGTCCACCCCGGCCAGGATGCCGTAGTTCTCGCGGCCGAAGGCCGGAATGGCCGTGGGCCCGAGGTAGACGTCGTCATGCACGCCTCGGGTGAAATGCACGCCCAGGAAGGGATTGCGGATGTCCGGCACGGGGTAGATGCTGCCATGCACGAGATCGGCGCGCGGGCCGCTGAGCTTGCGGTAGATGCCCTTGAAGGGCACCAGCCGGTAGTTGCGTCCGACCCCGAAGGCGTGGGCCACGCGGTCGCAATGGGCTCCGGCGGCGTTGATGAAGAATCCGTAGCTCACGCGCCCGGCCGTCGTCTCGGCCTGGCGCGGGCCGGGGCGTCCGGTGAAGCGGGCCATGAACAGGAACTGGACCTTGCCCGAATCGGTCAGCTCCCGGCGCAGTTGGGCCAGGATGGCCTTGGGGTCCACCACGGCGGTCTGGGGCACGCGCAGGGCCTGGCCCACGGTGCGGGCCAGGGGTTCGATCTCGGCCAGGGCGCGTTCGTCGATGAGCTCCACCTGGGCGCCGTTTTCCGTGGCCCGGCGGTGCAGTTCGAGCAGGGCGGGCAGTTCGGCTTCCGTCCGGGTGACGATGACCTTGCCGTTCTCCTTGAGCGGCAGGCCGTGCTCCCGGCAGTATTCGCGCATGAGGCGGTTGCCTTCCAGGCAGGATTTTGCCCGCAGGCTGCCCGGAGAATAATAGACCCCGGAGTGGAGCACACCGCTGTTGCGGCCCGAGGCATGGCGGCCTATGTCCGGCTCCTTGTCCAGGATGAGGATGTCCGAGTGGCCCCGGCGGACCAGTTCGCGGGCCAGGGTCAGGCCCACGATGCCCGCCCCGCAGATGACGATTCCGGCAGTGCGCATCTCAGTCCTCGGCCAGCAGTTCCAGACCGCTGGCGGCGTCTTTCTTGCGGGACATGGCTACGTCCAGCAGTTCCAGGATGACCAGCTCCCCCACCAGCCAAAGGTCCACGCCGGGCCGTACGCAGCCCGTGCGGGTCCGGTCCTCGCGGCCCAGGGCGGCGTGCATGTGCAGCTTGGGCCTGCCGCGGGAGTCTGGAAAGATGGTGCCCACGGCGGCCATCTCGTGGGCTCCGTCGATGGGCTGGAGCATGACTTCGGGCGGCAGGACCGAGGCGTCCTTGGGACCGACCACCAGTGCGCCGCCGCCCGCGCCGCCCAGGAGCCAACACACGGCCCGGCGGATGTTCTGTTCGGTGGCGAAGGCCTCCACGCTGTCCGGCAGGCGGTCGCCGTCCCCCAGTCGGAC
NZ_CP168306.1_gap3	194931	199224	4293	AAACGTTCGGGCTGTCCGGCCACGGGGTCGAAGCAACGCACCTGTTTGATCTTGGGGAAGACTTCCTTGAAGGCCAAAAGGTTGACCCGACCCTGCACACCCAGGCCGATGACCGAGACGACCTCGGAATCCGGGTCGCCGAAGTGCTTGGCGTAGACGCCCGAGGCCGCGCCCGTGCGCCAGGCCGTGACCCAGCCCGCGTCCATGACCGCCTGGGTCAGGCCGGTCTCCGGGTCGATGAGGACCATGACCCCGGTGATGTAGGGCAGGCCCTTCTTCTGGTTCGGCGGGTAGCCGGACACGCACTTGATGCCGCAGCGGTCCACGGCCCCGCCGATCCAACAGGGCATGGCGTGGATGAAGCAGTCGTGGCGGGGGTGGATGCCGATCTTGGCGGGCATCTCGGCCTCGCCCCGGCCGAGGCAGGCGAAGCCTTGCTCCACGGCGTCCATGATGGCGGGCATGCCGAGGCCCAGGGAGTCCAGGTCGGCGCGGGAGAGCCAGAGCACGTCGAAGGACATGGAAAGCTCCTTTTGTTTGCTGTGGGGGCGGCCGGGAGATTCGGCCGAATGGTTCTGTGTAGGGCCTTTCGCGTCAGGCGTCAAAGCCTGAGCACTCGCTTGCCGTGTGTCCGCTTCGGCCGTATGGGAGGGGCATGAACGAGATGCTGGTCCCCGAGGACATGGACGGCGCGCGGCTGGACCAGGCCCTGGAACTCCTTCTGCCCGGCAGTTCCCTGCGGGAGCGGCGGCGGGCCTGGGAGGCGGGGGCCGTGCTGGTGGACGGTCGGGCCCGCTCCAAGGGCTTCCGCGTGAGCGTCGGGCAGCGCCTGGTCCTGGCGGCGCGGGAGCGGGGGGAGTCGTCTCCGGTCTTGGGCGTGCGGCTTCTGTCCGTCCAGGGCGACTACGCCGCGCTGTTCAAACCCGGCGGGATGCACAGCGCAGCCATCGCGGGCCGCGACAACCCGAGCGTGGAACGGCTGCTGCCAGAATTGCTGCCCGGGCGTGGGGCCCGGCTCCTGAACCGCCTGGACTTCCTCACCTCCGGCATCGTCCTGGCCGCGCTCACGCCCGAGGCCGCCACGCGTTACTATGAGCTGGAGGATGCGGGCCGAGTGACCAAGGAGTACCGGGCCCTGGTGCGGGGCTGCCTGGAATGGCCCGTGACCGTGATGAACGCCCTGGACACGGACGGCCGGAAGAAGACGAAGGTGCTGGCGCGTGAGGACGAGAGCCCCCTGCGCTGGACCCGGGCCGAGCCCCTGGAGTACGACGAGGATCACGACCGGACCCTGCTCAAGGTGGTCATCCACAAGGGCGCGCGGCATCAGATCCGGGCCCACTTGGCGCACGTGCTCCTGCCCATCGTGGGCGATCCGCTCTACGGCGGCGGGGAGGGGGAACGGCTCTTCCTGCACCACGGGAGGCTGTCGTTCGAGGGCTTCGAGGTGGCCGTCGAGAGCGGTTTTCCCGTTGCCGGAGGCGGCGCGGGGAGTGGGGAGGACCATCCCTCAGGATGACGCCTCGAAGAACTGAAGGAGCGCTCATGCTGCTGACGCGCAAAGATCTGGAACTCACCGTGGACCAGGGCGTTCTCGACGCCGCGCGGGCCGAGGGCCTGTGGGCGTTCCTGCTCCGAAAAAACGCCCAGCGGCCCCAGTTCGACCTCCAGCATCTGCTTTACTACTTCGGCGCCCTGCTCGTCATCGCGGCCGGGGTCCAGTACCGCCGTCATGGCGAGGCCCTGGAGCGGGTGGTGTTGGCGGCGTTGCCGGGCTGGCTCCGCAACGGGTTACCGCAGTACCGGCGCGGTTTAGGGGACTGAGGGTGGAATGCGGACGGCCTAGTCGCTCTGCTTTCGCTCCAGCAGGTCCACGTAGGCCCCTTCCAGCAGCGCTTCGTGCCTGACGCCCAGCTTGTTCATCAGGTTGTGGGCCTCGGCCAGCCCCGTCTCCAAGGCCTCGCCTTCGGCCAGCACCACTTCCAATTCCAGGAACTCCCCCAGTCCCTCCACCTGGTCCAGATGGATGCGGGTGCGCCCGGCCAGATACAGGGTGCGGCGCTTGCGCACCCGGCCCGTCACCCCATAGGCCAGGGCCAGGGTTTCACGCAGCGTGTCCGGCGCGCTGGTGGCGCTGATGACGTAGAAGGATTCCTTGGGCCCGGCGCTGTCGGCCCGGCGGTAGAAGATGAGCTGCCCGTCGTTTTCCGCCAGGGCGCGCAGCTTGAGCCGACCGTTGGGGCAGGCGAAGAAGGTGTCGTCCTGCTCAATGGTGAACGGGCCCTGTTCCGCAAGAGCGGCCGCCAGGGGTTCGACCGAGGCGATGTCCGCGACACGGGCCTTGATCTCGACGTTGCGGGCCATGGCGTTTGCCGTCTAGGCCTTTTCGGCGCGCAGGAAGACCATGCCGCGCTCGCGCTCGGTTCTGACGTCCCGGAATCCCAGCCCGGCCAGGGCGGCGCGCACGGCCTCCGGCGCGAGGCGGCACTTGGGGTAGACGCTGGCGGAAAAGGTCCATTGGCCGTCTTCCTGGCGGGTGTGCAGGAGGTCGTGCACCTGCACGTGGGTCGTCCCGTACTCCAGGAAGCAGGTGGCCACGCGGGTGTCGTCGGAGCGCACCGGGATGAAGCGCGAGAGGCCTTCCGGCGTGGACGAGGCATAGTCCCGGAAGGACAGGAGCAGGACGCCGCCGGGTTTGAGCAGGCGCGCGGCCTGGGTCAGCAGAGTCCGTGCGGCGCCCTGGTCCGGCAGATGCGTGAGCGTATCGCCCATGCAGAGGATCAGGTCGAAGGTCTCGGTCTCCCGCTCCAGGTGCGCCAGGATGTCCGCGCGCACTGCCTGGATGGGCAGGTCGCCTTTTTTGCCCTCCAACACGGTCAGCAGTTCCGCGCAGGAGTCCACGGCGGTCACGGCGTAGCCGGACTCGGCCAGGGGGATGGACTGGTGGCCCGAACCCGCGCCCAGGTCCAGGGCCGAGGCCCCGGGGGGAGAGGCCGGGGCGAGGCGGCGCAACAGATGGCGGTTGCGCTCCACGGCCGCCTCGAAGCCGCCGCAGAGCCAGTCATAGAACGCGGCCAGATGTTGGGCGTAGTGCTCCTCGACTGCGGGCATGACGTGGTCCTTCAGCAGAGCAGGGCCTTGGCGAAGTCCTCGCCGTTGAACGGCCGCAGATCCTCCATCTTCTCGCCCAGACCCACGAAGGTGATGGGAATGCGGAACTGCAGGGTCACGGCCACCACGACCCCGCCCTTGGCCGTGCCGTCCAGCTTGGTCAGCACAATCTCGTCCACGCCCACGGCCTCGTGGAAGAGCTTGGTCTGGGACAGGGCGTTCTGGCCGGTGGTGGCGTCGATGACCAGGATGCTGCGGTGCGGCGCGCCGGGGTGTTTCTTGTCCAGCACCCGCTTGATTTTTTTCAGCTCTTCCATGAGGTTGGCCTTGGTGTGCAGGCGTCCGGCCGTATCCAGGAGCAGAAGGTCGTAGCCTTCGCTCACGGCCTGGTCCATGGCCTCGAAGGCCACGGCCGCCGGATCGGCTCCGGCCTGCTTGGCGAAGAAGCCCGCGCCCACGCGCTTGGCCCAGATTTCCAGCTGTTCGATGGCCGCGGCCCGGAAGGTGTCGCCCGCCGCGATGAGCACCTTGCGGCCCTGCATCCGTGCGCGGTAAGCCAGCTTGGCGATGGTCGTGGTCTTGCCCACGCCGTTGACCCCGATCATCATGACCACCTCGGGCGGGTTCACGGCCTGGATGCGCTTGGGCGTCTTGAAGATGTCGGCCAGCTCGTCCTTGAGCAGGTCACGGAAGCCGTCGGCCTCGCGGATTCCGGCCTTGCGCACCCGGGCCCGGAGGTTGTCCATGAGCCTGGACGCGGCTTCGAAGCCCACGTCGGCCATGATCAGGATTTCCTCGAACTCCTCCCAGAAGGATTCGTCGATGGCCCTGTTTCCGGCCAGCAGGGTGTCGATGCGCTTGGTGATCTGCTCGCGGGTCTTTGTCAAGCCCTCGGAGAGCTTGAGGAAGAGCCGGTCGCGCTCGTCCTCCTCGTCCTCCAGGTCCAGGGCCAGGGCCAGACGGTATTGCAGCTCGGAGCGGAATTCGTCCACGCCGCTGTAACCCATGGCCGAGAGCCAGGATTCGAAGTCGGCCACGAAGGCTTCGGCCTCGGCCTGGGGCGCGTCCAGGGCCTGGAAGAGGAACAGCAGGCGTTCGCGCAGGAGCGGCCCGGCTTCATGCACCCCCGACAGCACGTGGCCGAGCCAGATCGAAAGCCGGGGTTCGGCCTGGCGCAGGGCC
NZ_CP168306.1_gap4	232159	236404	4245	TCAGGAACTCAAGGCGCTGCTGGACCAGTACGTCATCGGGCAGGACTACGCCAAGAAGATCCTCTCCGTGGCCGTGCACAACCACTACAAGCGCGTGTTCTACGCCGGGGCCCTGACCGACGACGTGGAGATCGACAAGAGCAACATCCTGCTCATCGGTCCCACCGGCTCGGGCAAGACGCTCTTGGCCCAGACTCTGGCCCGCATTCTCAAGGTGCCCTTCGCCATCGCCGACGCCACCACCCTGACCGAGGCGGGCTATGTGGGCGAGGATGTGGAGAACATCCTGGTCCAGCTCCTGCAGAACGCGGACTACGACATTGAGTCCGCCTCCCGGGGCATCATCTACATCGACGAGATCGACAAGATCGCGCGCAAGGGCGACAGCCCGTCCATCACCCGCGACGTGTCCGGCGAGGGCGTGCAGCAGGCCCTGCTGAAGATCATCGAGGGCACCGAGGCCAACATCCCGCCCAAGGGGGGGCGCAAGCATCCCCAGCAGGAATTCATCCGCATGAACACGGGCAACATCCTGTTCATCGTGGGCGGAGCCTTCATTGGTCTGGAGAAGATCGTGCAGCAGCGGATGCAGGGTTCCGGCATGGGCTTCGGCGCCAAGGTCGAGGTCAAGCGCAAGGATCTGGCCGTGAGCGAACTGCTTTCCCAGGCCCAGCCCATGGACCTGATCAAGTTCGGCATGATCCCCGAGTTCGTGGGCCGCATCCCCGTGATGACCTCGCTCACCGAGCTGACCGAGGACGACCTCGTGCGCATCCTCACCGAGCCCAAGAACGCCCTGGTCAAGCAGTACCAGAAGCTCTTCGAACTGGACAAGGTGACCCTGCGCTTCTCGGACAACGCTCTGCGGGCCATCGCCCAGAAGGCCATCGAGCGCAAGACCGGCGCCCGGGGGCTGCGCAACGTCATGGAAACCATGATGCTCGACATCATGTACCAGTTGCCCTCGCTCAGCGGCGTGAAGGAGTGCGTGATCAACCGGTCCGTGGTGGAGAAGGGCGTGGATCCGCTGCTCATCTACCAGCAGGAAGTGAAGAGCGCCTGATCCGTTTCCCGCCTCGGATTTGACATCGGCCCCGGCGGCGTTACCTTGTGCACACGCCGGGCTCCCGCCGGGAGCCGATCCGCCGAACTGAACCGGAGGACCCCATGCCGGATTACGGATTCGAGGACCACGATTCCGCCCAACGCCTTCTGTTGCCCGTGATGTCGTTGCGGGAAGTGGTCATGTTCCCGCGTTCCATCGTGCCGCTGTTCGTGGGCCGCGAGGCCTCGATCAAGGCCATCGAGCGGGCCATTTCCGATTTCGATAAACGCATCTTTCTGGTCACCCAGCGCACCCCCGAGAAGGAGCGTCCGGCCCCCGAGGATCTCTACCGCGTGGGCACCATCAGCCGCATCCTCCAGATGCTGCGCCTGCCCGACGGGACCATCAAGGTTCTCTTTGAAGGCCTGTCCCGGGCATCCTGGGAGCCCGAGAGCCTGACCGAGGAGTCCGAGGCGCTCATGGCTCAGGTGGAGCGTCTGGAAGAGACCGGCATCCCCTCGACGGGGACCGAATCCGAGGCCCTGGTGCGGGCCGCGCACGAGTCCCTGGACCAGTACGGCAAGGTCAACAAGAAGCTGGCCGCCGAAACCATCCTGGCCATCACGGCGATCAAGGATCCGGGCAAGCTGGCCGACGCCATCATACCCCATCTCAAGGTGGACTTCGCCCGCAAGCAGGCGGTCTTGGAGATCCTCGACGGTCTGAAGCGCCTGGAGGCCGTTTACGGCCACATCCTCGGCGAGATCGAGATCGTGACCATTGAGAAGCGCGTCAAGGGGCGGGTCAAGAGCCAGATGGAGAAGAACCAGCGGGAGTACTACCTCAACGAGCAGATCAAGGCCATCCACAAGGAGATGGGCCGGGAGGAAGACCCTCAGGCCGAGGCCGCCGAGTTGGAGAAGCAGCTCGAGGCCAAGATCATGCCCGAGGAGAGCCGGGAGCGGGTGCGCAAGGAGATCAAGAAGCTCCGCCAGATGCCCCAGAGTTCGGCCGAGTACACCGTGGTCCGCAATTACGTCGACTGCGTGCTGGAACTGCCCTGGGGAGAACTCAAGGACACCAAGATCGACATCGCCGAGGCGAGGCGCATCCTGGATGAGGACCACTACGGTCTGGAGAAGCCCAAGGAGCGCATCCTCGAATACATGGCCGTGCAGAGCCTGGTGGAGGCCATCAAGGGCCCCATTCTCTGCCTGGTGGGCCCTCCCGGCGTGGGCAAGACCTCCATCGCCCGCTCCATCGCCCGGGCCATGGATCGCGAGTTCGTGCGCCTGTCCCTGGGCGGCGTGCGCGACGAGGCCGAGATCCGCGGCCACCGGCGGACCTATGTGGGCGCGCTGCCGGGCAAGATCATCCAATCGCTCAAGCGTTGCAAATTCAACAACCCCGTGCTCTGCCTCGATGAGGTGGACAAGATGAGCACGGACTTCCGGGGCGACCCCTCGGCGGCGTTGCTGGAAGTCCTGGACCCGGAGCAGAACGTCTCCTTCAACGACCATTACCTGGATCTGGATTACGACCTCTCCCGGGTCTTCTTCATCACCACGGCCAACACCCTGCATTCCATCCCGCTGCCCCTGCAGGACCGCATGGAGATCATCCGCCTGCCGGGCTACCTGGAGACCGAGAAGTTCAAGATCGCGGAGCAGTTCCTTCTGCCCAAGCAGCGTGAGCTGCACGGCCTCAAGGAAGGCAATCTGACCCTTTCGGAGAACGCCCTCACCGAGTTGGTGCGCCGCTATACGAAGGAGGCCGGGGTCCGCAACCTGGAGCGCAAGCTGGCGGCCGTGTGCCGCAAGGCGGCCATGAAGGTGGTCGAAGGCGGCGACCGGGACAAGACCGTGGGGGTCACGGTGCAGAATCTGGCCAACTTCCTGGGCGTGCCCGAGTTCCGCTACGGCGAGCGCGAGGATAAGGCCCAGGTGGGCGTGTGCAACGGCTTGGCCTGGACCCAACTGGGCGGCGAGATGCTCACCGTGGAGGTGGCCCTCATGCCCGGCTCGGGCAAGGTGGAGTTCACCGGCAAACTCGGAGACGTGATGCAGGAGTCGGCCAAGGCCGCCCTGTCCTATATCCGTTCGCGTTCGGACGTGTTCGGCCTTAAGCGCGATTTTCACAAGGACATCGACATCCATGTGCATGTGCCCGAGGGCGCCACGCCCAAGGACGGCCCCTCGGCGGGCATCACCCTGGCCACGACCATGGTTTCGGCCCTGCTGAACATTCCCGTCCGCAATGATCTGGCCATGACCGGCGAAATCACCCTGCGTGGCCGGGTTCTGCCCATCGGCGGTCTTCGCGAGAAGCTCCTCGCCGCTCATCGCGGCTTGCTCTCCACAGTGCTCATCCCGGCCGAGAACGAGAAGGATCTCAAGGAGGTTCCGGCCAGCATCCTCAAGGACCTGTCGGTCATCAAGGTTGAGAGCATGGACGAGGTGCTGGAACGGGCCCTGCTCTGCGAGGGCGGAGCGACCATCTTTTGCGGCCGGGACGCCCCGCCCGCGCCCCTGGCCAGCGGTCTGGTCAAGGAAGAGTACCAGCGGCCGCACTGAGTCGGGATACGAATGAAAAAGAGCCCCCGGCGCATAACGCGCCGGGGGCTCTTTTTCATTCGTTCTTCGGGGGGGCAGCGCTACTTGCTGCCCAGCTTGCCCATGAAGTTGTCGTTGATCCAGTGCTGGTCCCACCACTCCACGGGATTCACCGGCACTCCCGAAATGATCACGCCGAAGTGCAGGTGGTCGCCGCCGGCCATGCCCGTGGCCCCGGTGCGGCCGAGGGTGTGCCCCTTCTTGACGCTGTCGCCTTTTTGCACGTCGATCTGCGAGAGGTGGGCGTAGAGGGTCTGGAGGCCCATGCCGTGGTCCAGAACCACGGCGTTGCCGTAAATGCCGATGAAGCCGGTTTCGATCACCACGCCGTCGTTGGCGGCGGGCACGGGCGCGGCTTGCAGGCTGGCCAGATCGACGCCCAAGTGAGTCTGGTGGTCCACCTTGCGGCCCTGGTAGTAGTAGTCGCGGGCGTCGGCGAATCCGGCTCGGGGCGCGGCGTTGGGCAGACGCAGGAAGGCCCCCCGCCAGAGCGGTTCGGTTGCGGTCTGCCGACCCAACTGTTCGAGCAGGGCCCGGTTCTGCACCCGCAGCTCGCTGTTCACCTTGAGGAAAATGTCGATGGGGCGG
NZ_CP168306.1_gap5	342491	345648	3157	AAATCCAGCACCAGGGAGGCGATGGGCAATCCGGCGACCACGCAGGGCTGTTTGGCCACGATGTGTGCCTGCGCCATGTCCTCGGGGGCGAAGATTCCGTCCGAGGTGAGGTCCGGCCCGTCCTCGGAGAGGGCCACGCGGATTGTCGTGAGCAGGAAGAGGCGGGCCTCGTTCTGGAAGAAGCGCTCAAAGAGTGTATCGGGCATTGGGTTTCCGTGCATGCGCTGATTTCGGGGAGTAAGGTACCTCCGCCACCCCCGTCAAGTCCAGGCCCAATGTCACGGTTTTTTCACACGTTCCGAGGCCTGGGACTTTTGACCTGACCGGTGAATTAGGCTAGAGATCGTCCGCTATGAGCGAGGAAAGGGACAGACTTCCGGAGCAGGCGCTGCCGGTGGAAGAACAGGTCGAGCGCCCCTTGGACGAGGAGCAGCTCGAACTGGCCCACCCGGCGGACGCGGCCGAGCATATCGAGGCCCTGGACATCAAGGACCAGGTGGCCTTCATCAAGCAGTTGCCGCTGGAGGACGCCGCCGAGTCCATCGCGGAGATGGACAGCCACGACCAGGCGATGCTCGTGCGCAGCCTGAGCCTCGGCTTGGCCGCCCGCATCATCGAGCACATGTCCCCGGACGACGCCACGGACCTCCTGAACAATCTGGACGAGGATCTGCGGCGAACCCTGCTCTCCAAGCTCACGGCCGAGGACCGCGCCAGCCTTCGGACGCTTTTGACCTTCGATCCGGACACCGCCGGCGGCGTCATGAACACCGAGGTGGTGGTCCTGAACCAGGATCTGAACGTGGACCAGGCCATCGCCAAGATGCGCGGCGAGGTCGAGGACAAGGAGATCCCGTACTACGCTTACCTCGTCAACGAAGACAAGGAACTGGTGGGCGTCACCTCCCTGCGCGATCTGCTGGTGGCCCGGCGCGGCACCTGCCTCAAGGAACTGATCAAGAGCCAGAACCTCATCTTCGTGACCTACAACGAGGATAAGGAGGAAGTGGCCCGGCTCATCTCGCACTATAATTTCCTGGCCCTGCCCGTGGTGGACTTCGGCCGCAGGCTGCTCGGCGTGGTCACGGTCGACGACGTCATCGACATCATCCACGAGGAAGCCAGCGAGGACATGCAGGCCATGGTCGGCGCGGGCCCGGATGAGACCGCCGACTCCCCATGGCTCTATTCCGTACGCAAGCGTCTCCCCTGGCTCATGCTGAACATGATCAACTCGGCCGTTTCGGCCTGGGTGGTGCATCTTTTCGAGGGCAACATCGCCCAGATGGCCATCCTGGCCGTGCTCATGCCCATCGTGGCCAACCAGGCCGGAAACACCGGCCAGCAGGCCCTGGCCATCATGATCCGCCAGTTGGCCACGGAACGTTTCGACCGCAAGCGTTCCTGGCTGGCCGTCCTGCGCGAGGCCAGGATCGGCCTGCTCAACGGCCTGCTCATCGCCGCCCTGGTCTTCGGCGTGGTCTTCCTGGCCACACGGATGCCGCTGCTGGCCATGGTCATGTCCGCGGCGCTCGGCCTGGATATGCTCATCGGCGCGCTGGCCGGAGCCTCCATCCCTCTGGTCCTGCGCGCCCTGGGCCGCGACCCGGCCCAGGCTTCGAGCATCTTCCTGACCACCATCACCGACTCCATGGGCTTCCTGCTTCTCCTGGGCATGGCCCAGGTTGTGCTGCTCTAGCTCCCGCCGAAAGAAAAAAGCCGTCCCGGTTTCCCGGGACGGCCTCGTCCGTGTCTTTTCTCCTCGCCCTCAATCCATGCCCAGTTGGGCCAGCAGGTCGTCCACCGCCCCCTGGTTCGAACTCTCCTGAGGCCCCTTGAGAGTGCTCATGCGGTCCTTGGCCTCGGCCTCGATGGCGGCGAAATCCTTTTCCGGCTGCTGTTCGCGGGCCTGGATCATGAGGCCGGTGGACATGTACACGTCCAGCACGATGGCCTCGATCTTCTTGATCGTGTCGATGATGATCTTGATCCGCTGCCCGGTGAGATCCTGGAAGGAGAGCGTTGTCATGATGCGCATCAGATCGTGGCCCAGGGTTTCGTTGATTTCCGCCAGCCGCTTGCGGTCCTCCTTCTTGACCCCGCCGGAGTCGAAGGCCTGGATGACTTGGCCCAACGACGCCTGCATGTCCTGGAGCTTTTCCACGATTTCGATGATTTCCTCGGCGGCCTTTTCCGTGGTGCGCAGAACTGCGTCCAGTTGGTCCGAGGCCTTGTTCAGCAGGGCGTCGGGATCTTGGAGCGAGGCGGGCAGGGGCTTGGCCTGCTTGGCGGTCTTGATCTCGCGGTAGATGTTCTTGAGGCTGTCCTGCAGGTCTTCGTTGACCCGGCGGTAGAACTCGCCTTCCAGCAGGGCCGTGGACAGGCTGCGGGAAATCTCTTTCTCCACGGCGGCGGCGATGGTCTGCTTGAGGTCGGCGGCCATCTGCTCGGAAACCTTCTCCAGAAGGGACTTGAGGATGTCTTCCTTGGACTGCATGGGCTCCTCACATGGCTCAAAAGACGGCGGGGAACCGTCCGGGTTCCCCGCGTTCCGCATGGATTGCGGAAAATCGTTCAACCCCATTTCCGGTTGCGGATTTCCTCGCGCTGTTCCTGGAATACGAACTGTACGATGCTCTCCAGATCGTGTTCCCGGATGTAGGTGAATTCGAAGCGGTGCAACCCGTCCTCCTCACCGCGAACCCGGCCCAGGGCCGATGCCAGGCGAAGCGGGAATTGGGTGAGCACGATGACGACCTCCATGGGTTGTCCTTCGACCAGGGGTTCCGCGGAACTGAACCGCACCCCGGCGCCGGAAACCTCGTGGACGTCCAGGTCCAGGGGAAAGTCCTGACGGAGCAGATCCTGGCGCTGCCCGGCGAGGATCTGGTCCAGCTTGGCGTCCATCTCCACCAAGAATTCCACCAGCCCTTCCGGCAGGGTCGAGGCGGAAAGACGCGCGGCCAGCGATGAGCCGTCCCGGCGCGGGGCCGTGCGGAACAGCGGCGGCCCGTCCGACGAATCGCAACGCCGGGCCAGGGCCTTGAGTCGGGCGGCGACCCGGGAATAGGTGCGCTGTTCCTGGTCCATGCGGGCTCCTTACTGGCGTCCGTTTTCGTCCAGGTCCACGGCCATGGCGCGCACCGGGCAGACCCGG
NZ_CP168306.1_gap6	463292	464026	734	TCGGCCGCCTCATTAAGACCGGGCGCTCCACGTCCTATCCCCGTAGCGACAACAACAGCCAGTTTTCCTCTGTTAAGACCATTTTGATGACGAAGGGAGAAGAGACGTTCCAGAAAAGCTTTCGTAAAACCATCCACGCCGCCATAGGGGCTGTATCCACCGACTACGAGTGCTCCCGCGTTGAGCACCTTCTCTGCAATTGCCGGGAAATCGTCCTCAACTTTGCAGATATTATCCTTTTTGCAACCCAAACAAGCTATGCATGGGCCGATACGTGTCTTACTTAATTTTATAAATTCTGCACTGAGGCCAGTTGCCTTCAATACCGCTTGGATCAATCGATCCGTATTGCTATTTTGGATCGGGCTTCCAGATATACCTATAATTTGTGTTCTCATAATCGGGACTCCTTTATTAAAATGGAATCATGTTCAATAATCGATTCAACCTATCGATTACGAATTATAATCAACTCAAGCTTTTTGATGGTTTCTGACGGTTCAGGCCGTATCAGGTAGTCCACATTCACCTCTGCATCGAGAATACGCCGACTTCGATCAACAATCAGCCGTGCCGGCATGGGAAGCCGCCATAGTCCGTCTGCATTGGCTCGTTGAAGGTCCACTCCCAAAGCGGCGTAGACTTTTTGCAGACGAAGAGGTAACTCGAAAACCAAACCGAGAGATTCGGAGAGGGTAAGCCCGACATCACTGAACACCTCGTACTTAAGCCCT
NZ_CP168306.1_gap7	475125	476371	1246	GAGCTTGCGGTCGTAGAGTTCGATGAGGAGCTTCTTGAAATCGACCGCGTCGCTGGGGTCGAGGTCGTTGAAGATAAACTGGATGCTCTTGTCGCCATGGCCGTTCAGCTCCATCCAGTCGTCGAACACCCAGTCGAGGAGCTTGCGTGCGGCCTGTTTGATCTCGCGGATCATGACCATCATCTTCTGCATGCTCACCGAGGCGGTGGCGAAATTCGGGCCGTCGCCGGTTACCAGCGAGCGTGACAGACCCAGGGCCACCACGATGTCTTCCTTCACCTCCTTGACCTTGTCCTCGACGTTGAGGACCTGGCCATCGGTGCCGTGGGTTTCGACATTGACGTAGAACGGGACCACCAGGCCGCTTTTCATGTCCATCTTGTTGACCATGTCGCGGACCTGTTCGAGCATCCGCTGGTCCGGCATCACCATCTTCTGGCCGAACGCGCCGCCCACCTTGAGCAGGCGAAAGGGCGTAGCCCAGCGCTTGGCGATGGCCTGTTCGGCCCGGCGGTAGTCGCGCAGCAGTTCGATGGCTTGAAAGGCGGGAAGCACGAGGGAATTGCCCCGGGGCGAGAAGGCCGGTGCGTCCCATTTGAGGTGGACCACCTGTTCGACGGGCAGTGGGATGGATTCCCCGCCGCCGAGAGTTTCTTCGGGAAATTGCCGGGCCTCGATCAGTTCGCCCTGGGCGTATTTGACCTTGACCGAAACCGGGTTGACGCAGACCAGCTCCTCGATGTCCTGGCCGGACTTGCTGAAGCGCTTGAAGCCGATGGCGTCGCCTTTCACCAGGAGCTGAAGAACCATGTCCTTGATAAACTGCGAGACGTTCAGCCGCCAGGCGGCCTCCAGGGCTTGCTCCTTGAGGGTCTCGTCATCGCTGGTGATCTTGATCTCGTCGCCCACGGCGAAGGTGCGCCAGGAGTTGACGCAGTTTTTCACCAGCGGCTCCTCGACGTAGTATTCCCAGGCCTTGCGGGCGCGTTCTTCCCAGGTGGCAGGAATCGCTTCGGCGGCGTTCACCTTGGCGAAGGCGGCCGAGTCGAGCGCTGCCGCTGCGGCCAGCGGCGCGATGACAAAGCCGGTGGTGTCCAGGCTTTCGGGTTGTTCGTCCTGATGGGCGGTGCTTTCCACGTGATCCTCTCGGTAGTTTCGGCCATGACAGCCGCACATCCGGCCCGTGTGGGCCGAACCCGGCTCGATGCCGGTTACTTACCGGAGCGGGGTGGAAAGCGTCGGAGGA
NZ_CP168306.1_gap8	478429	479666	1237	GAGGGTCTTCTTCAACATGTTGATCTCCTTTGGGTTAGGGGTTTGGGGTACATACAGAAAGATCTCTGCAAACACTTGATTTCCAACGAAATAGAAGCGTCATTGGATGTGACGCGGGATGGTCCCGCATCCACGAAAACCGGAACCGGAGGCAGGCCATGACCTACGACAGAAACCGCCAGCAGGCACTCAAGGCGTACCGAGAAAAGCAGGAGAACATCGCCCGGCTGATCGAGGGCATTCGCGGCAAGCTCGAAGCGGACGCGAAACAGCCGGACATCACCTGGGCGAGCGTCGGCTCCCTCGGCCACGTCGAGGAACTGCTGCGGGAGCTGGACGAGTTTCTGTCCTGAACACACCGGGCCACCGACAAAGGAGACATCGACATGACCGAATGCACCGTGCATCAAGCCGCCGAGGCTTTCATCGGCCACCTGCGGGAATCCGGAAAGAAAGAGCGGACCCTTTACACCTACCGGAAGGACCTCGATGCGGTTGAGGCCTTCTTCGGCGCGGATCGCCAGCTCGCCGAGATCCGGCTTCCCCAGGTCGGCAAGTTCTACAAGTCCGACCTGCTGCTCAAACTCCCCGACGGCAAGGAGCGGGCTGAGCGCACCATTGCCAAGACCATTCGGGTGTTCCGCATGATGATGGTCTGGGCCAGGGAGTCGGGGCGCATCGAGGAGTTGCCTCTGCCCAAGAGCACACCCATGGGCCACAGCCGGGTGAAGGAGACCAGCGATGAGCAACCGAACGGCTGACCTCGACCTGACGGGCGCGACGGAGGCGTTCTGTGCCCGCCTGTCGGCCGAAGGTCGCTCCCCTGCGACCATAGCCGCATACCGCCGGGACCTTGCCCTGGTGGCCCGCGTTGCCGATGAGCTGGCCCCGGGGATCGTCTGCAGGGAGGTCACGGTCGGGCTCCTCGACGAGGTGTTTTCCGCCGGGGCGGTCACCGAGAGTGAGCGAGGCCCACGCTCGGCGGCCTCGCTCCATCGGATGAAGGCGGCGGTGCGGGCCTTTTTCGCCTGGGCCGCCGAGACGGGCGTGGTCGGTGACAACCCGGCCCGGTCCATCCGCATGCATCGGCTGCCGAGAAAGCTGCCGGTCTTCCTGACTACCGCCGAAAAGAAACGTCTGCTCAAGGAGCTCAAGGGGCGGACCGATTTCTCCACGCTGCGCGACCGCGCCATGATCGAGGTGTTGCTGGGCACGGGGATCAGACTTGGCGAGCTGG
NZ_CP168306.1_gap9	483756	486739	2983	TCGATCACGTAGACCTTCTTCGAGACCTGGGCCGACAGCTCAAGAAACGCGGGCAGTAGATCGATCACCCGCTGTGAGCCGTCCGACTCCTGACGGATCTCGAACTTGGCTTCCGTGCCGTCCGCCTTCGGATGATAGGTCACCAGCTTCTTGGCGATCAGTTCACCACCTTTGCGGGTCACCACAAATCGCTCGTTGATCGGCTCGGTCAGCAGACGAACGGTCATGCCTTCCTTCACGTCTTCCTGCAGCTTGGTCTTCAGTGGCTCGGGCAGCGGAATGTTCTCGAAAGGGATCTCCTCGCCGCCCAGATGCGCGATGCCGGTGTCGAGCTGCGGCAGCATCTCGTTCATGGTCGAGTAGAGCGGATGCCCCTCGTCGAGGAACTGCTCGAAAGGCTCGAAGCGGGAATCGGGCGCGACCAGCTCGAGCGTGTCCTTGAACCAGTCGTAGACCGGCCGGAAATTGTCGACCTTCTGGGAAACCGAGTTGGTCAGAAAGAGTTGGTTGTCCCGGGTCCCTTTGAAGGCGAACTGGAGGAACTGGTCCTTGGCCAGGGAATCATCGAAGTTGGGCTTTCCGTCCCGACGGTGGTAGAGCACCTTTTCACTGGTGCTCGTAATGGCCACCAGCTTCTCTTCCAGAACCGCCTTGCGGGTCACCGCGAAGCTGAACTCGTAAATGATCTCGTCGATCAGCAACTCGAAGCCAAACCGTGACGGCTGATCGGCCACCTTGGCGTCCAGCCGGAACGGCTCGACAGGAATCAGGCTGTCGGGCTGGGTTCCTTTGACGACCAGCGCCTTGGCGAAACTCAGGGCCTTGAAAAAGTTGGTCTTGCCCGACGCGTTGCCACCATAAATTGCCGCAACCGGAAGAACTCTCGTCTGGTACTTGCCGAGCTTGGGAACCCTGTCTCCATGCTGGCGCTCCCTGCTGGCGACCATCGAAAATGTGACCTGGTTGCGGAAGGACATCCAGTTTTCGAGTGAGAAACTGACTATCATCTTACCGCCTCCTAAAGTGAAATATTCGCTTTATCATGCCTTTAATATAGGCATGGGCGGCCTGAAAGTCAATCTAAAAGAGATAATATCTCGTTAAACACCCCTGCAACCAATCCGGTACTCGAAGTTCTTGGTGTGGGCGTTGCGCTGCCGGTCGATGTCGAACCCGGCGTCCCGGATGACGTCCAGGTCGTTGCTGATGCGCCGACCGAGCTGGGCGGGCTTCTTGTATTCGAATTCGAGGTTGAATTCCCGGCCGACCCTGCGCAGCGCCGCGAGCAGCCGTCCCGCCGATACCGGCTCCATGGTGTTCTCGTTCTCGAACCGCACCTGGTAGCGTTCGATGAACCCCACGACATGGTTTGCCCGGTCGTCCTCGCCATAGCGGGCCTTCTCGTCCAGCTCCACCGCGTTTCGGTAGGCGTGGAAGAGCGACGCAAGTGCCGTGGCAATGGGGTTCGACTCCCGCGCCATCTCCTGGCTGGTGTCGTTGATGGAATGGATCTGCTCGATGAACAGCGGGCTCAGTTCCTCGAGTCCGGTGGTCACCTCGTGTTCCTCGGAACCGGCCAGCATCATCAGGTACATCAGGCTCAGATAATCGTTGCAACGGCGCTTGCCATGGGTCGGCATGGTTCGGTGCAGCAGACGCATGACCTGTTTCTGGGCTCCGTCTCGGATCATCGCCAGCACATGGCTGGTCCGCTTCATGATGGCCGAGATGATCAGATCCCGGTTCTGCTGGATGGCGGAGATGACCTCCGATTCCAGAAAACAGTCGCTGGCCTGGTTGGCGAGGTCGAAGTTGATGACGAAGGACCTCGACAGAATCTCCGATAGCTCCCCGCACAGCGGCTCGATGCCGGTGGTGTTCAGCAGGCACTTGGTCCGCTCGGTGATGGTCTCGCTGTCGGTGCCGCTCTTGCGTTTCTCCTTGGCGATGCCGGTAATGCTGGTCAGCATGAAGGTGGTCAGATCCTCGGTCATCTGCTTGACCTCGATGTTGTCGAGGACGATGAGCGGATTCTGCGAGCCATCGGTGTAGTTCGCCGCGTCGGTGGCCTTCTTGTGCTGGGGCTCGCCGTAAAGCAGTGTCGACGTGATCTTGCTGGCGGTGGTCTTGCCCGATCCGGCCGAACCCTCGAAGCGGGTCATGGGCCGCGTTCCGGCAAAGTCGATCAGCAGAAAACAGGAGAGCCAGGAAAGGATGAGAAATCGATCCCCCTGCGGACAGGTCATATTGCCCACCAGCAGATCGACCAGGAGCCGGTCCGCCTCTTCGAGGTCGGCGTCGGGCAGGAATTTCAGCGGCTTCATCTTGTGCGAGCCGTCCAGGATGATGCCGTCCTCGTTGCCGCCGTTCTTCATGATCTGAATCTCGTCCGGGGTGATCTTGGCGATCTCGTGCTCCGGATTGTTCAGGTTGAAATAGACGGTGTAGGAGGCCACATCGGTGTGCAGCCAGGAAAAATGGTCGCGCACCTGGCCACGGATCATCGCCAGGCTTGGCAACACCTCGAAAAATGTCCGTCCGCCGTTGGAGGTCGGCACCATGCCCGTGTGCTTGTAGAGCATGGCCGCGTAATGGCGCTTGCGGCCCCGGTCCGGCGAATCCATCCAGTAGATGGCGTTGTCGAAATACATGAACGGCTCGCCCTGCAGGGTGTGAAAGAACTGGGCACCGTTGGCGGTGAACCAGTCGTAGGCAGCCTCGGCGGCCAGGGTGTAGTCGGGAGCGCCGTTCTCCAGTTCCGTGTCGATCAGCACCTCGTCGACCCGGGCGCGGCACGATCCGGGCATCGCGCCGGACATCCGCTTGGCCTTCTTCTTTTCGTTACGGAACTCGACCTTGCGGTCCTTCTGGATGGCGCGGATCTGCTCTTTGAGGGTGGCCATCGATACGCCACCGCCGATGCGCTCCTGCACCAGCTTCAGCAGGCGGGCCTGTTCCAGCGGCGACTGCTCGGAGATCTCCC
NZ_CP168306.1_gap10	609344	611843	2499	CCGAGAGACCCGAGACCACGATGACCGAGAAGCTTCGGGTATCCCCCACCAGCGCCTCACGTGTCGTTCAGCAGGTCCCAGAGGGCCTGGCTGTTCGGAGCGGAGATGAAGCTCCGCCGGAAGGAGTCGTCCTTGAGCAGTCGAGAAATGTGGGCCAGGATGCGCAGATGCAGACCGGCCACCTGCTCGGGCGCCAGCACGAGAAAGAAGATGTGGCAGGGCTTGAAGTCCAGGGAATCGAATTCGACGCCCTGGATGCTCCGCCCCGCCACAACCACGATCTGGGTCAGCCCCGGCAGCTTGCCGTGAGGGATGGCGATGCCGTCCCCGATGCCGGTGGTGCCGAGGCTTTCGCGTTCAAGCAGGACGGCCACGGCCTCGTCCGGATCGACCGGCGGGGTCAGGGCGGCCAGAGACGCCGTCAACTCCGCCAGAACATCGGCTTTGGCCGTGGCCTTGAGGTCCGAGAGGACCAAGTCCTGCGACAGGTATTCCGAAAGCCGCATCTCAGATTCCAGGGTCGATGAGCCCGAAGTCGCCGTTCTTGCGCCGGTAGATGACGTTCAGGCCATCAGTCTCAGAGTTGCGGAAGACCAGGAAGTCGTAACTCCTGGACTCCAGTTGCATGGCGGCCTCGTCCACGCTCATGGGCTTGGGCTCGTACTTGTCCATCTCGGCGATGGACGGGGTGCGCTTCCCCGATTCCTCTATGAAGGTCAGCACGCCCATGCTTACGGCCCGTTCGCGGCCCGCTCGGCGTCGATCCTTCTGCTTCTCGCGCATCCGGCGCAACTGGGCTTCGAGCTTGTCCAGGACCATGTCGATGGTCGAGTACATGTCCTCGGACTCTTCGTAGGCCGAGAGGTGCAGATTGTCGGCCAGGAAGACCACATCGGCCTTGTGGCGGAACTTCTCCACGGAGAGGTTGACCTGCAGTTCGGGATCCTCGGCGTCGGAAATGAACTTGGAGAGCTTCTCGAAACGCGACTCGGCGTATTCCTTGAGATGCTCGGACGGGTCGAAGTTCTTGAAGTTGAAGGAGATGTTCATATGTATCCTCCTGTTCGAGTAAGGAGTGTACGGGCCAAGGGTCAGAGAATATCCTTGCGTTTGGATGAAGAGGCGATGTTCATGGCCGAACGGTATTTGGCCACCGTACGGCGGGCGATGTCCACCTTGAGGTGATCCTTGAGGATTTCCCCGATGCGCTCGTCGGACAGGGGGTGCTTGGGATCCTCCTCGCCGATGAGCTTCTTGATCAGGGCCTTGACGCTCTCGGAACCGACCTGGGTGCCGTCCTCCAGGTCCAGGGCGCTGTTGAAGAAGAACTTCAGCTCGAACACGCCGTGCGGCGTGGCCACGTACTTGCTCGTGGTGATGCGGCTGACCGTGGACTCGTGCATGCCGATGTCCTCGGCCACTTCCTTGAGGATGAGCGGCTTGAGCTTGGTCACGCCGTACTCGAAGAACTCGCGCTGGAAGCGCACGATGCTCTCCACGACCTTGTAGAGGGTGCGCTGACGCTGATAGAGGCTCTTCATGAGCCAGGCCGCCGAGCGCATCTTCTCCTGGACGTAGTCCTTTTCCTTGCCCGCGGTCTGGGACAGGGAGTCGGCGAAAAAGGTGTTCAACTGAAGGCGCGGCAGTCCATCCTCGTTGAGTACGATGATGAAATCGTCGCCGTACTTGTAGACGAAGACGTCCGGGGAGACGTAGTGCGGCTCGGTGCTGGAGAAGTTGGCCCCGGGCATGGGATCAAGCTTCTGGATGATTTCCAGGTAGTGCTTGAGCTCCTCCATGTCGATCTTGAACTTGCGGGCCAGTGGCTTGTAGCGCTTCTTTTCGAGGTCTTCCAGGTGCTCGTCCACCAGTGAGAGCAGGATGGGGTCGGTCTCGCCCAGGATCTCGAGCTGCACGAGCAGGCATTCGCGAGGAGTGCGCGCGGCTACGCCCACCGGGTCCAGGCGCTGGATGCGGTGGATGACGGCCTCGATCTCCTCGTCCGCGGCGTCGGGCACCATGGCCCGAATGTCGTCCATGTCGGCATGCAGATAGCCGCCGGAATCCAGGTTGCCGATGACCGCCTCGCCGATGTCCAGTTCCCGCTGGGTGAAGTGCGACAGGCGCATCTGCCAACTCAGGTGGCCGTCCAGAGAAGGCTTGCTGGCCAAGCGGGCCTCGAAGGAGACGCCCTCCTCCGGTATCTCGGTTTCGCGAACCTGGGCCTGCTTGGAGATGCTGGAAAATTCCCCCAGGTAGTTCTCCCAGTCCGTGCTGCGGATCATCTCCTCGCTGCGTTCCGGGGAAGTCATTTCAGGCGTGGCCGTGGTCTGGTCCACCTCCACGGGCATTTCTTCCATGGGCAGGTCCGAACGTTCGGTCTCGGCTTCCTCCAAAAAAGGATTTTCCAGAAGCTCCTGCTGAACCGTTTCCACCAGCTCCAGGCGCGAGAGCTGCAACAGCTTGATGGCCTGCTGCAACTGGGGGGTCATGACCAGC
NZ_CP168306.1_gap11	617458	618697	1239	TGGTAGATGCGGCCGGAGGTGTAGTTGTTGTTCTGGCTCATGGGCGTGCCGAGGTAGCGCTCGTAGTGCCCCAGATCCAGGTCGGTCTCGGCTCCGTCGTCGGTGACGTAGACCTCGCCGTGCTGGAAAGGATTCATGGTGCCCGGGTCCACGTTGATGTAAGGATCGAGCTTCTGGATCGTGACCTTCAGGCCTCTGGCCTGGAGCAGCGCGCCGATGGAGGCCGCGGCAAGACCCTTGCCCAGGGAGGAGAGCACGCCGCCGGTAATGAAAATGAACTTGGCTTTCATTCTGAAGTCGCCCCTTCGCTTCTTGGATGGTGAGTTCCGCTCGGCCCCGTATCGGGTGGGACCGCCGTGTTGACGGCGAACGGGCCGGGCATTATGTTTCCGGCCATCGCGCCGCGACCCCGTTCCCAATCAACATGCCGTCACTTAGGAGGAATCCATGGCCCGCGTCAACGTCCTGGTTATTACCGGATACGGCACCAATTGTGAACAGGAATCCGCGTATGCGGTGAGGCAGGCCGGAGCCGACGCGGCGACCGTCGTCTTTTTCTCGGATATCGCGGCCGGGCGGGTGAACATCGCGGACTTCAACTACCTCATCTTCCCCGGTGGATTCCTGGACGGCGACGACCTGGGCGCGGCCCACGCGGCGGCGGTGCGCTGGCGGCACGCGGTCACGTCCAAGGGCGAACCGCTGCTCCATCAGCTGCGCGCCTTCCTGGACCAAGGCGGCGTGGTCCTGGGCATCTGCAATGGTTTTCAGCTGCTGGTGAAGCTGGGCCTGCTGCCCGCCTCCACCGGTGAATATTTCGTCAAGGAAGTCTCCCTGTCCAACAACGACTCGGCCCGCTTCGAGGACCGCTGGGTCTGGCTCAAGGCCAATCCGGCCTCGCCCTGCGTTTTCACCAAGGGGGTGGACCGGCTCTACCTGCCGGTACGCCACGGCGAAGGCAAGATCATTCCCAAGTCTCAGGAAATGCTGGACGACATCGTGAAGAAAAATCTCGTGTCTCTGCAGTACTGCGACCCGGAGAGCGGCCTGCCGACCCAGGAGTACCCTTACAATCCCAACGGCTCCCCCCTGGCCATCGCCGGGCTCACCGATCCCTCGGGCCGCATCCTGGGCCTCATGCCCCACCCCGAGGCCTTCAACCATCCCACCAACCATCCCGGCTGGACCCGCGGCGAGGAAATTCGTCTGGGACTGGCCCTGCTGGAAGGCGGGGTGCGG
NZ_CP168306.1_gap12	664051	668122	4071	GGACATGAAACCTTCTCGACCTCCTTGGGGGAACTCCCCCGCCGGGTTTGGTTAAGCCATTCCCGAGAGAAACAAAAGGCTTTTCCAGGCCCCCGGACAGAGAACGCCGGACGCCGCTGCTGGACAGGTTCGCAGGCGTGAAAACGACAAAGGACTTGCGATTTCATGTCGCAAGTCCTTTGTCTTCAACGCCCACCAACAGAAGGGCCTTCATCATCTCGGATGCATCGCGGGCGACCTCCCCGTTCAGACCTCCGGTTCAATGCCGAATGCCTTCCACTGAGCGGCGGCCTCCAGGGTCGCGCGGTTCACGACGTCATCCGCCCAAGGTTCGATGACCAGGGCCTCGGCCACCACCTGCCAGAGGTACTTCACCTCGTACTTGAGATCCTTGTAGTACTTGGGCAGGCGCTTCATGATCTGGTCGCGGCAGTTGGAACAGCCGACCACCACCACGTCCGCGCCGGTGCGCCGGATCTGCTCGGCCTTGTAGCGGCCGTGGAAGGCCGATTGTTTCTCGAAGGGGCCTGGCCAGTTGCCCCCGCCCGCGCCGCAGCAGTAATTGGCCTCGCGGTTGGGCGTCATCTCCACGAAGTCGTCCACGCACTGGGAGAGAATCCAGCGTGGTTCGTCGAAAAACGCCTGGCCATAGTGCTTGAGCAGTTCACGGCCGTGTTTACAGGAGTCGTGCCAGGTGAAGCGCTTGCCCGCGTGCACACTCTTGTCCAGCGTGATCCGCCCCTGCTCGATGATCTCCTTAAGGTATTCATAGAGATAAATGAAATTGACCTTGTTCTCCTTGTTCAGCTCGATGCAGTGCTTCATGCCGGTCCGGCAACCGTAGGAGCCGCCGCCACAGTCCGGCATGATCATTCGCCGGATGCCGTGCCGCTTGATGAACTCGATCTTGCGCTCGGCCAGGGCCCTGATTCCCTCGTAGTTGCCGGTGAACAGGGCCCAATCCACTGCCTCCCAACCCTCTGAGGGCACGGTCCAGTTCTCTCCCGCGGCGTAGAATATCTTCCACCACCAGAACTGATCCTCGAAGTCGCCGTAGACTTCCTTGGAGTTGGGAAAGAACAGGATGTCGGCGGCGTCGCGATCCACGGGCACGTAGAAGCCGGGACACTCCTCGTCCGAGAGCTGCTGGCCCAACTCGGCCATGCCCTGGAGGTAGTCGTCCCGCGAGATGTTCATGTTGTTGCCGCTCTCCAGATTGTTCACGATGCCCTTCTGGAGCACGCCGGGCACCGCGTCGCGGGAGCGGAGGTGCTTCATATGGAGCATGATCGGCACGATGTCCAGGCCCATGGGACAAGCCAGGGCGCAGCGGCCGCAGCCCGTACAGAGCCAGGGGAAGTTGGAGGCCACGACTTCGTCCAGCATCCCGTAGGCCAACATGCGCAACACCTTGCGGATGTTCCAGCCCTCGTTGTCCGGGGCGTCGCCGCTCGGGCAGCCGCTGCTGCACGCCCCGCAGGCTAGGCAGGCGCTGAAATCGAACTTGGCGAGATGCAGCCGGATTTCCTCATCCAGGGAGGCGGGAATGACGTTGCTCATGGCGAACCTCACTCGCTGCGGGGCGTCGTCGCGGGGGCGCCCGGCCCGGAGGCCGGACGCGCCCCGCAACGCGTCACAGCCCCACGCCGGCCAGGTCTTCGCCCAGATAGCTGCGCTCGTTCTCCCCGAGACAACCCATGGACAGGCAGATCAGGGTCCAGAGATGGACCACCGGGAAATGCTTGCCCGAATTCTCGGAGAGATCGTGAATCTGCGAATGACAGTTGTGGCACGGAGCGATGCAGTAGTCCGCGCCGGTGTCCAGAATCTGCTTGAGCTTCCTCTGCCCATAGGCCCGCCGCTCGGCGGTGAAGCCGGATTGCAGATATCCGCCCCCGCCCCCGCAGCAATAGTTGTTGGACCGGTTCGGAGCCATGTCGATGAAGTGCTCCTCGCCGACCACGGACTTGACCACGAACCGCAGGTCCTCGGCAACCGGGTCGCCGAAGGACTTGCGCACGAGCTGGCATGGATCCTGAACCGTGAAGGTCACGCCCAAGTCCCGGTTCCAGTCGGAACTGACCTTCAGCTTCCCTTCCCGTATCCAACGGGCATACAGGCGGATGATGCTCTCGATCTCGAACTTGGGGGTGATGCCGAACTTCTGCAATCCGGACCGGATTGCGTACATCTCGTGCCCTCACTCCGTGTTCAGCCAATAGCGGCATCCCAGCTCCTCCACAGCCCGGACCTTGTTGCGCACGATCGTTTCCCAGGCCTTGTCGTCGGCCAGGAACATGCAGTAGTTCTCGGCGGCCCAGCCCAATGTTCCATAGGTCCAATCACATTGCGTGGTGTGCAGGATTTTCCACAGCGGGACCATCTCGTCCGGCTCGGTCACGGGTTCGCGGGAGTTCTGGTTCAGGAAATACTCCGCGCCCTGGCGATTGAAGGAAACGGAAAGATCCTCCCAGCCGGGCTGCGACTCCTTGACCTCCTGCAGGATGTCCTCGACCACGAACTTGAAGTCCTCGCTTCTCGCCCCCATGGCCGAATTGCCTTCCGTGTTCAGCGCCTGGTCGCAGGAACCCCGGATACCCTTGGGCCGGTTCTCCCTGGGCCACGAAGAACGCGCCTCGTAAATCAGACGCGGAATGTCGATGCGCATGGGACAAGCGTAAACGCATCGCTGGCACATGGTGCACATCCAGACCCAGGGGGTGGAGAGCACGATTTCATCCTGTCCCAGGGCGCACAGCCGAAGAAACTTGCGCGGGTCCATGTCGTGCAGGCCCGACGCTGGACACCCTGCAGCGCAGGCGCCACAGGTCAGACACATGGACAGGTTTCCGCCTTCCGGCATCAGGTTCATGACTTTGCCCAGGAATTCGCTGGTCCTGGGCGTCAGCGTCGTCATTGTCTCTCCCATGGCATTCCCTCCTTGGCCGCGCCGGGCGCTAGCCGACCGTCGCCCCGGTCCTGCTTCCGTGGGCCCTGCGGATCACCTCCAGGAGCTTCTCCGTCTTGCAGGGCTTGAGCAGGTAGTCGAAAGCCCCCAGCCGAAGGAACTCGGCCGCGTCGTCCGGCGAGGCGTGCCCCGTGACCACGATGATCCTGGCCCCGACCCGGGCCTCGCCCAGACGCTCCAGGGTGGCCGTACCGGTGAGCCCGGGCAGACGCATGTCCAGGAGCACCACGTCGTAGGCGTCCCGGCCCAAGGTCTTCACGGCCTCCTCACCGCTGTTCACCGTGTCGGCGAAGAGGCCGTATGCCTCCAGGAGCTTGGCCATATTGCCGGCGAAACGCGCGTCGTCGTCCACCACCAGCACCCTGATCAGTTCGTTCATGGCATTCCTTCCCGGGCTAGACGGCGGCCATACCGGTTTCCGAGACCACTTCGCCGCCCTGGTCGTACATCAGCCCGCAGCGCAGGTCGAAATGACGGTTCACGCTCATGGTCGGACAGGTGGCGTTGAGGGCCACTTGGACCACGGTGGATCCCAGGAAGGCCTTCTCGGGATCGGTTTCACGGGTATGGTGGGCCATGAGGATGAGATCGGCCTCGCGCATCCGCGCCAGCTTGAGGATCTCCATGGCGGGCATCCCCTCCCAGGCGTCGAAGGAGCAATTCTTGATGCCCCGGAGCTTGTCTCCGTACCGGTCCTCAAGAGCGGTCTTGGCCGTCTCGATGGAGCGGCGGATCTCCTCCTGGCTCAACGAAACCCGACCAGACTCTCCGCCCGCGTCCACACAGTGGAAGACCGAGAGACCGGCCTTGTAATGCCGGGCGATCTGGCCGCCGTAGAAGACCGCGCAATCGGCCTGCTCGGAGAAGTCCGTGGCGGCGACGATGTTCATGAAATTGTGTTCGCCGTAAGGCGTGGACTTGGCCACGATCATGACCGGGCAACGCGACTTCTGGCTGACCTGCTCCAGGGTGCTGCCGGCCATGCCCCACTGGCGGGAACGCAACTCCGCGTATTCCTTGGTGTGCGGCCCCATGACGATGAGGTCGGAGTTCATCTTGCGGGCGATGCGCAGAATCTCGGCGTGAGGCACGCCGGGCACCAC
NZ_CP168306.1_gap13	669687	672465	2778	GCCACAGACTCCTGGGCGTACGGTCCATGGCCGGGGCGTTGGGGCAGGAGGCGGAGCAGGTTCCGCACTGCATGCAGGCCCGGACCATGTCCTGGATTTCCGCCAGGGCTGCGGTGTCGACCGCAATGGTCGCGGCTGAGGGCAGAGAAACGGCTTCGGTCCGTCCGTTCATGGCGAGTCCTCCTTCATCGTGCGGTGTTCACGGCCGCGGACTGGGACGATCCGGCCAGGGCCGCGTCGATCACGGCCATGACCTGCTCGTCGCGGAAGCCGCGCAACACTGTGGCGCTGTTGGGACAGACCGCCATGCACGAACCGCAGCCCTGACAGAGCAGGTCGTCCACCACGATGGCGTCGTGCTCCAGGTCCAGGGACCGCGCCCCATACGGGCAGACCGGGATGCAGCGGCCGCAGCGCGAGCAAAGGGTGTTGCGGACCTCGGCCACCACGTTGCCGCAAGTGAGGTGCTTCTCGTTCAGAATGCGCACGGCCCGCTGGGCGGCGGCCTTGGACGAAAGGAGCGTGTCGCGCATGGTGGCCGGTCCAAGGGCCAGGCCGCAGGCGAAGACGCCGTGCTTGAGGAAGTCCACCGGCCGCCACTTGCTCTCGGCCTCCTGGTAGAAGCCGTCCTCGGTCAGCCCCACGCCGAAGAGTTCGGCCACCTCGGCGGCGTCGTTGGGCTCAACGCCGCTGGAAAGCACGAGCAGATCCGGCCGCACCTGAATCTCACCCCCCAGGACGGGGTCCAGGGCGGTGATCACCGGCCTCTGGTCCTCGAACTCCACGTGCGGCTTGTTCGCCAGGGTGTAGCGGACGAACACGGCCCCGGCGCGCCGGGCCTCGGTGTAGAAGTGCTCCGAGAAGCCCGTGCTCATGATGTCGCGGTAGAAGACGTAGATGGGCAAGCCGGGATTGCGACGCTTGAGCATGAGAATGTTCTTCAGCGCGCTCAGGCAGCAAATCCGGCTGCAATAGCGGCGCGACTCGTCGCGCGAGCGCCAACACTGGATCATGGCGACCCCGCCGAGCCCGGAGGCGTCCACCGCGCCATCGGCCAAACGCTGCTCCAGCTCCAACTGGGTCAGCACGCACTTGTGCACCCTGTTGCCGTACTCGTAGACCCGGGCCTCCCGGCCGCCGGTGGCCAGGATCGTGGCCCCGTGGTGCAGGGTGTGGGCCACGCCCTCGCCGGTGGCGATGACGGTCACGAAACGTCCGGCCCGCCCGCGCGAGAGCACCACACGGGAGTCCTTGAGCACGCGGATGTTGGGGTTCTTCTCCACCTGCTCCACCAGATCTTCCATGAAGCGGACGGGATCTTCTCCCTCAAGAGTGTAGCGTAGGTTCATGGCCATGCCGCCCAACTCTTCGGCCTCTTCCACCAGGAAGACCTTGAACCCCTGGTCCGCGATGCCCATGGCGGCGGTCATGCCCGCCAGTCCGCCGCCCACCACCAGGGCATTGGGCGAAACCGACGTGGCCTGTGGCAGGGGCGAGGGATCCGCCCCCAGCAACTTGGCCTCGGCCATGGCCAACAGAGAGGCCGTCTCGTTTGTCTGCGCGGACGTATTCCCGTTGCCCCCGGCGAATGCGGCGGTGTGGATGTCCACCACGTCCATGAGCGCGGGGTTGAGTTCGAGCGCCTCGCCCAGCTCCCGCAGACGCGGCACGTGGGCGTACGGCAGACAGGCCCCGATGAGCACCCGGTTGGGGTGCAGCCCGGCGGCCTCGTTCCTGATGGCCTCCCAGCCCTGGCGTGTGCAGGCGGAGGCCACCTCGACCACCCGGGCCACCCCGGGCAGGGACTCCATGCGCCGCCGCAGCTCGGCCATGTCCGCCCGGCGCTCCAGAGTCGGACAGGACGTGCAGATGGCCATGAGCACCCGGGGTTCCTGGCGGGAAACATCGTTGTAGACCGGCTCCTCCTCCACCACCTCCTCACGCGGCCCGCGGTAGACGCGGATCATGCGCGAGGCTCCCATGGCAGCCGCTCCGGCCTGGATCAAGGAGTCGCGAATGTCCTTGGGCTCTCCGAAGGCTCCGGCCGCGAACACGCCCAGTCGACTCGTGCGGTTGGGGGCCAGGGGCTTCGTTTCGCAGAAACCCCACGGGTTGACCTCGACCCCAGCGGCCAAGGCCAAGCGCTCCATGGAACGGGGCGGCCTGGCGCCCACGGCAAGAACCACGGCATCGAAGACCTCCGAACGCAATTCACCGGAATAGTCGTAATATTCCACCAGCACGCCGCCGTCCGGTCCGGGCAGCAAGGTATGCGGACGGGCGGGCACGAAACGGACCCCGCCCGAGGTTTCGGCCTCGTCGCGGTAGCGCTGGTAGTCCCGCCCCGGCGTACGCATGTCCATGTAGAAAATGACCGTTTCGGCCTCGCCCCCCGACAGCTTCTTGGCCAGCATGGCTTCCTTGATGGAGATCATGCAGCAGAAGGAGGAGCAGAAGTCCGCGTTGCGCTTCACATCCCGTGATCCCACGCACTGGAGCCAGGCGATCCGGCGCAGGGGCTTGCCGTCCCCGGGCCGGAGCATGCGGCCGCCGGTGGGGCCGGTGGAGCTGCACAGGCGCTCGAACTCCACGGAGGTGAGCACGCCCGGATGCGAGCCGTAGGCCAGAATGTCGGCGCATCCGGCCGGGGCCGTGGCCGGGTTGAAGCACTCGAATCCGGCGGCCAGGATCACCGCGCCAACCTCCAGCTCCAGACTCTGGTCCGAAGCCAGACGCATGAAGAGCTTGTCCAGCCAGGGCACCGCCGTCTCCCGAACC
NZ_CP168306.1_gap14	694555	697039	2484	GCCTGATGGACTACGTCTGGGCCGCGCTCTTCCTGTCCCTGATCACGGCCGTGCAGTTCCTGCACGTCTTCGGCCTGCCCGCCAACTGGGTGGCCCTGACCTTGCTGGCGGCCTGGACCTGGCTGCATCCGACCCAGCCCGAGGGCATGACCTGGCTGTTCATGGGCCTGCTGCTCGTCCTGGCCCTGGCGGGCGAGGCCGCCGAGTTCGCGGCCCAGGCCCATGGAGCCCGCAAGTACGGGGCCAGCGCCAAGGGCAACCTGGGCGGCATCATCGGGGCCATCGCCGGGGCGATCCTTGGAGCTCCATTCCTGTTCGGCCTGGGAGCGCTCATCGGCTCCTTGGCCGGGGCCTTCACCGGCTGTCTGCTGATCGAGATCATCCAGGGCAAGGCCCTGCCCGAGGCCCGACGCGCGGCCATGGGCGCGTTCTGGGGCAAGGCCCTGGGCACCACCCTGAAAATGAGCCTGGGCGCGGTCATGATCATCCTGAGCATGCCGCGCGTCTGGCCGTAACTGAATTCGGAGAAGACGGATGAACCCGCACTTTCCTTCCTACCGCGGCGTCATGGAATACCACTGCCTGGGCTGCGGCAAGACCTACGGCATCGACGAACTGCTCTACACCTGCCCAGAATGCGGCGGCGTCTTCCTGCTGCGCGACACGACCTTCGACAGTCTGAAGAAGACCTCCGGCCGAGAATGGCGCGAGATCTTCGACGCCCGCGCGGCATCCAAGAACCCGGCCCTGCGCGGCATCTTCCGCTTCTACGAACTCATGGCCCCAGTGCTGGAGCCCGAGGACATCGTCTGCCTGGGCGAGGGCAACACGCCCATCGTGGAATCCAGCCCGGCCCTGCGGGAGATCACGGGTCTGCGCACGGCCTACAAGAACGACGGCCAGAATCCGAGCGCGTCCTTCAAGGACCGGGGCATGGCCTGCGCCTTCAGCTATCTGCGCAACTGCATCCGCCGTCAGGGTTGGGACCAGGTGCTCACGGTCTGCGCCTCCACGGGCGACACCTCGGCTTCGGCGGCCCTCTACGCCGCCTACGTCGGCGGCCCGATCAAGAGCGTGGTCCTCCTGCCCCACGGCAAGGTCACTCCGCAGCAGCTGGCCCAACCCCTGGGCAGCGGGGCCATCGTCCTGGAGGTTCCCGGGGTCTTCGACGATTGCATGAAGGTGGTCGAATACCTAGCCGACAACTACCGAGTGGCCTTGCTCAACTCCAAGAACGCCTGGCGCATCCTGGGCCAGGAGTCCTACGCCTTCGAGGTGGCCCAGTGGTACGGCTGGGACATGGCCGGGAAGTGCGTCTTCGTGCCCATCGGCAACGCCGGCAACATCACCGCGGTCATGGCCGGTTTCCTCAAGCTCCTGGACCTTGGCGTCATCGAGACCCTGCCGCGCATCTTCGGCGTGCAATCCCACCACGCCGACCCGGTCTACCGCTACTACGCCGTGGACGACCCGGCCAAGCGGAGCTACGCGCCCGTGCCCGTGACCCCGAGCGTGGCCCAGGCGGCCATGATCGGCAACCCGGTCTCCTTCCCGCGCGTGAAACACTTCGCCGAGCGCTACGAGACCCTGGGCGGCGAGAATGCCTTCCAGGTGCTCCAAGTCACGGAACAGGCCATCATCGAGGGCATGCTCCTAGCCAACCGTCACGGCCACATCGCCTGCACCCAGGGCGGCGAATGCCTGGCCGGCGCTCGCCGGGCCAAGGAGCTGGGCCTGCTCTCCGACGACGAGTCCTGCATCCTGGACGCCACGGCCCATCACCTGAAATTCGTGGGCTTCCAGCAGCAGTATTTCGACGACACCTTCCCGGCGGAGTTCGGAATCACGCCCGATCCGACCCTGGCCAACCGCCCCGAATTGATCCTCCAGCCCGAGGACAAGGCCTCCCTGAGCCCGGAGGAATATACGGCCAAGGCCGCCGTCAACGTGGTCCGGCGTCTGGGCCTGACGAAACGCTGATGGCCGCGCGGGAGCGGGCCGACCAGCTCCTGGCGCTGCGGGGCCTGGCCGAAAGTCGCGAAAAGGCCAAGCGCCTCGTCATGGCGGGCCAGGCCTTCGTCATCGAACGCGGGCAGAAGACGCCCATCGCCAAGCCCGGCCAGATGCTCCCGGCCGATGCCGAACTGCTGGTGGAGGGTGTGGAACGCTTCGTCAGCCGAGGCGGTTTCAAGCTGCTCACGGCCGTCGAACGATTGGGCTTCGACCCCTCGGGCATGATTTGTCTGGACGCCGGAGCCTCCACCGGCGGATTCACCGACTGCCTGCTCCAGCACGGCGCGGTCCGCGTCTACGCCGCGGACGTGGGCTACGGCCAGTTGCACTGGAAGCTGCGCCAGGATCCGCGCGTTGTGGTTCTGGAGCGGGTCAACCTCAAAGAGCCTCCGGACGCCCTTCTTCCCGAACTCGTGGACTGCATCACGGCCGACGTCTCCTTCATTTCCGTAACCCGCGTGTTGGAAGGCT
NZ_CP168306.1_gap15	709897	710992	1095	CGGGCTTGAGTGAGACGAGCGCGCCCTCGGGACCGGGCAGACGCTCCAGATCCAACAGATGTACGCCCTTCTCCGGCGAGGGCTTCTCCGACAGAGTGGCCCAGACCACGTCGCCGCGTTTGAGCACGCGCGTGGCGTCCGTGACCTTGGGCACGTCCTCCGGGGCCCTGCGGGGATTGGGCGTCCGGCACCAGCCCATGCTGGACACCGGAATGATCCCCTGCTGCTTGCCGAACTGCACCCGCACCTGACCGGGCGCGACGGCCGTGACCAGGACCTTGATCCAGCGGCCGGGCCAGATGTCCTCCGGGCCGTAGTCCGTGTCGCCGAGGAAGGCCTGGAACTGGTGCTGCTCAAGATGCTGCACCGGCCCGTCCCAGCCGCGGCGCTTGGCCGCATCCAGCAGGCCCTGCTTGAGCGCGGCGTCGGCTGCGGCCTGGTGCGTCAGATCGCACGGGGTGGAGACGTGCAGACCGCCCTCATAGACCGCGTCCTCGCCGAACTTGTCGATGAGCCAGCGGCGCACTTCCTCCAGGTAGTACGGGCCCACCTTCCAGGAGATGTCCGGCATGCTCTTGTAGACCAGCGGCTGGGCCAAGGCCTCCTCGTATTGCGCGCGGTTGATCCAGCCCATCTCGAACATGCGCTCGAGCACGTACTTCTGGCGGTTCTTGGCCAGGTCCGGATCCCGGTTGGGGCTGTAGCGGCTGGGGGCCTGAGGCAATCCCGCGAGGATGGCGCACTCGGCCAGGGTCAGCTCGTTCACGTGCTTGCCGAAATACTCCCGGGCGGCCGCCTCCACGCCGTAGGCGTTGGAGCCGAGGAATATCTGGTTCAGATAGATGGTGAGTATCTCGTCTTTGGTCAGGTAGTGCTCCAAGCGGTAGGCCAGGATGGCTTCCTTGAGCTTGCGTTCGTAGCTGCGCTCGGAGGTCAGCAGAAGGCGCTTGATGATCTGCTGGGTGATGGTGCTGCCGCCCTGGCGAATGTGCCCGGACTTGAGGTTGATGAGCGCGGCGCGCAGGATGGCCGTGATGTCCACGCCCTCGTGCTGGTAGAAACCCGCGTCCTCGGCGGCCAGGAAGGCCTTGGGCA
NZ_CP168306.1_gap16	713926	716961	3035	TCACGAGGTTGCCGTTGTGCCCCACGGCCAAACGGTAGTCACCGAAGCGGACCATGAAGGGCTGGGCGTTGCGCAGCAGCGAGACGCCCGTGGTGGAGTAGCGGATGTGGCCCATGGCCACATTGCCCTTGAGTTCCTTGCCCAGGTGCCGCTCGTTGAAGACCTCGGCAACCAGGCCCATTCCCCGCTGTTCGCGGAGCTTGGTCCCGTCCCAGGAGACGATGCCCGCCGACTCCTGCCCCCGGTGCTGGAGGGCGTAGAGGCCGAAATAGGTCATGCGCGCGGCCTCGGGATGGCCATAAATGCCGAAGAGACCGCAGTATTCCTTCTTCATTCGCGAATCCGTCCTGGAGCGTCAGCCCCGTTTCAGGCCGTAATGGTCCTGCATGCAGCGCACCTTGAGGCCGCTGCCCCGCACTTCGCCGATGGCCTGGGCCATGGCCCGGGCGCCCGTGACGGTGGTGGTGTAGGGAACGCCGTAGAGCAACGCAGCCTGCCGGAGTTTCTTGGAGTCGTGCACCGTGCGCCTGCCCGAGGGCGTGTTGATCAGGAGATTGATGGCCTTGTTCTTGATGTGGTCCACCACGTTGGGGCGTCCCTCGAAGACCTTGAAGATGGTCTCGGTCTCCACCCCGTGCTCGTTGAGATAGATGCCGGTCCCGGCCGTGGCCATGATCTTGAAGCCAAGATCCTTGAACGTCTTGGCCACGGGCACGATGGCCGCCTTGTCCCGGTCGTTCACGGAGATGAACACGCACCCCTCGCTCGGCAAGCGCTGCCCCGAGGCCAGTTGGGCCTTCATGAAGGCCAGGCCGACGCCCTGGTCGATGCCCATGACCTCGCCGGTGGAGCGCATCTCGGGCCCCAGGAGCACGTCGACCCCGGGAAAGCGGTTGAAGGGGAAGACCGATTCCTTGACCGAGACATAGCCGGACTTGCGCATGCTCCAGGGGTCCAGATCCTTGATCTTCTCCCCGAGCATGACCCGAGTGGCCAGCTTGGCCAGGGGCACGCCCGTGGCCTTGGAGACGAAGGGCGAGGTTCTCGAGGCCCGGGGGTTCACTTCCAGAATGTAGATCTCGCCGTCCTTGATGGCGTACTGGATGTTCATCAGGCCGACCACGTTCAGTTCACGTGCCAAGGCCTCGGTCTGACGCTCGATCTCGGCCACCAGATGGGCCGGGATGGTATGCGGCGGCAGGACGCAGGCCGAATCGCCGGAGTGGATGCCGGCCTCCTCGATGTGCTCCATGACCCCGCCCACATAGGTGTCCGTGCCGTCGGACAGGGCGTCCACGTCCACCTCGATGGCGCTCTCCAGGAACTTGTCCAGAAGAATGGGGTGCTCGGGCGAGAGCACCGCAACCTGCTTGAAAAACTCCTCGAACTCATCCATGGAGTAGACGATCTCCATGCCCCGGCCGCCCAACACGTAGGACGGGCGCACGACTAGGGGAAAGCCGATCTCGGCCGCCGCGACCTTGCCCTGCTCCAAAGACTGCACCGTGGCGTTGCGCGGCTGTTTGAGCCCAAGCTTCTGGAGGAGCTGCTTGAAGCGTTCGCGATCCTCGGCGCGGTCGATGCTGTCCGGCGAGGTGCCGAGGATCTTCACCCCGGCGTTGAGCAGCGGCACGGCAAGGTTCAACGGGGTTTGGCCGCCGAACTGGACGATGACCCCGTCGGGCTGCTCGAAGTCGATGATGTTCAGCACGTCCTCGTAGGTCAAGGGCTCGAAGTAGAGCCGGTCCGAGGTGTCGTAGTCCGTGCTCACGGTCTCCGGGTTGGAGTTGACCATGATGGACTTGATCCCCATCTCGCGCAGAGCGAAGGATGAGTGGCAGCAGCAGTAGTCGAATTCGATGCCCTGGCCGATGCGGTTGGGGCCGCCGCCGAGGATGACCACCTTCCTGCCTTCGCTGGGCGAGACCTCGCGGCCGGACTCGTAGGTGGAATAGTAGTACGGCGTATAGGCCTCGAACTCCGCGGCGCAGGTGTCCACCAGGTAGTAGGTGGGCAGGATGTCCAGGGACTTGCGCAGGGCCCTGATCTCATCCTCGCTCTTCTTCCAGAGGGTGGCCAGCTGGCGGTCGGAGTAGCCGTACTCCTTGGCCTTGCGCAACACGGCCGGGAGTTCTGCGTTGCCCGCGTCCACATGTCCGGCGCAACCGAACCGCTTGAGTTCGGCCTCGAAGTCCAGCACGTCCCGGATCTGTCGCAGGAACCAGGGGTCGATGGAGGTGGCCTTGAATATCTCCTCCTCGGAGAGGCCCGCCAGCATGGCGTGACGCACGGCGAAGAGCCGCTTGGAATTGGGCTTGCGCAGGCTGGCCATGATTCCGGCCTTGTCCAGGCCGTTGGGCTCGAAATTCTTGCCCAGGCCCGGCACGCCGATCTCCAAGGAGCGCAGGCCCTTCTGCATGGCCTCCTTGAAGGTCCGGCCGATGGCCATGGTCTCGCCCACGCTCTTCATGGCCGTGGTCAGGTAGTCCTCGGAGCCCGGGAACTTCTCGAAGGTGAAGCGTGGAATCTTGATCACGCAGTAGTCGATGGCGGGCTCGAAGGAGGCCATGGTCTCACGCGTGATGTCGTTGGGAATCTCATCCAGGGTATAGCCCACGGCCAGTTTGGCCGCGATCTTGGCGATGGGGAAACCGGTGGCCTTGGAGGCCAGGGCCGAGGACCGCGACACGCGCGGATTCATCTCGATGACCACCATGTCGCCGTTGGCCGGATTGAGGGCGAACTGCACATTGGAGCCGCCGGTCTCCACGCCGATCTCACGCATGATCGCCAGGGAGGCGTCGCGCATGAGCTGGTATTCCTGGTCCGTGAGGGTCTGGGAGGGAGCCACGGTGATGGAGTCGCCGGTATGCACGCCCATGGGGTCGAGGTTCTCGATGGAGCAGATGATGACGCAGTTGTCCTTCTTATCGCGCATCACCTCCAACTCGAACTCCTTCCAGCCGAGCACGGATTCCTCGAGCATGACCTCGTGCTTCATGGACGCGGCCAGTCCCTGGGCCGCGATGGCCTCC
NZ_CP168306.1_gap17	749586	751149	1563	AAAACCTCCGTTCCGTCACCAGCCCGTCACATCCTCCCGCCGAAGCGGCGTTAGGAGGGATGCGATCGCCACACGGGCTTTTCCCGCGTCGGCGTCACATTCCCCAGGACAACGAGGCGGACATGCTCCAGACCATCTTCCATTCCGGGCGACTCTCCCTGCGCGGCAGACAGACCAAGGACGACCGGCGAGACACGCCCCATCCCCCGCTGACCGGCAATCTCCGTCACTCCCCGTCCACCAGCCTGGTTCTTTTCGCGATCCAGGACCACTATCTCTACAGCGAACTGTTCGGAGAGGATCTGGTGCGCCGCATCGAGGACCAGCTCCGGCTGTCGCTTCTGAGCTGCGGCGCGGACTTGGCCCGCGAGGAGGACATCCACTGCCTGACTTCCGAGTCGGGGGAGTATCTCCTGATCTGGCCATCGGCCAAAGATGAAAACCTCGCCGACTTGTCCTACGCCATGAAGATCAAGGCCCAGAACGAGCTGAAGCGGACCATGCTCAAATGGACCGGCCGCGAGGTGGAGCTGGGCATCGGCTTCGCCCGTTTTGAAGCGGGCGGCGCTGGGGATTGGGAGAAACGCTTTTTACAGGCCGTGACCGAGGCCCGGCGCTCGGCCCGCTCGCGCCTGGACCTCTCCAGGCTGGAAATCGCCTCCCGCTTCAACGAACTCCTGCGCTCAAAGGCCGTGAGCGCCTTCTACCAGCCCATCATGGACTTCTCCACGGGCACGATCATGGGCTGGGAGGCCCTGGCCCGCGGCCCGGCGGGCTCCTCCTTCCAGTCGCCGATCATGCTCTTCGAGCTGGCCGAGCAGCTGGAGCGGCTCTTCGCCCTGGAGGAAATCTGCCGGGAAAAGGCCATCATGAATCTGGGCGACATCACCCCGGACCAGAAACTCTTCCTGAACATCCATCCGCGCACCATGGTCGACCCCGAATTCACCCCGGGGAAGACGCTCCAGCTCCTCGAGCTGGCGGGCATGAAGCCTGGCAACATCGTCTTCGAGATCACGGAACGCCACAGACTCCAGGATTTCGGACTCTTTCACCGGACCCTGGAGCACTACCGCAGCCAGGGTTTCCAGGTGGCCGTGGACGATGTGGGCGCGGGCTACTCGGGACTCTCCTCCATCGCCGAGATCCAGCCGGACTTCATGAAGATCGACATGTCCCTGGTGACCAACGTGGATCGCGATCCGGTGAAACGAGCCCTGTTGGAGACCATCACCACCTTCGCGGAAAAGATCGGGGCCAAAATCATCGCCGAGGGCATCGAAAACCGGGCGCAGGCCATCTGTCTCCTGGACATCGGCGTACACTACGGTCAGGGCTACTTCCTGGCACGGCCCGCCTTTCCCCGCCCCTGTCTGGCCGTGGAGGCAGACGAACTCAGGCTGGTAGGCGACCTGTCCCAGAAATCGTTCAGCTGCTCCATGCCCGTTGGCAAGCTGGCCGAGGCTCCGCACGCGGTATCGCTGGAATTCCTCGTCTCCGAGGCTCAGCACTTCTTCGAGAAAAACCGTGCGTTTTCCAGCCTGGTGGTGACGAGCGGCGACA
NZ_CP168306.1_gap18	836591	841417	4826	CCCGGGAACCTCTTCCCCATGGATTACTGGAACCTCGCGGTCATGCTCCTGGGGGAACTTCTGTTGGGCCTGACCCTGGGGCTCGTGATCCGCTTCCTCTTCGCGGCGGTCCAGACCGGAGGGCAGATCATCGGCTTCCAGATGGGCTTCGCCATGGTCAACGTCGTGGACCCCGACACCGGAGTCTCCGAGGCGGTCACCTCGCACTTCCTGTACATGTGCAGCATGCTCGTGTTCCTGGCCCTGGACGGACACCTCTACCTCATCAAGGGCTTGGCCTCCACCTTCCGCATGGTTCCTCCGGGCCAGCTCTTCCTCTCGCCGACGCTGACGCGGCAGATTTTCGACTTCTCCGGCCAGATGTTCTTCCTGGCCGTGAAGATCGCGGCCCCGATCATCGCCTCGCTGTTTCTCGTGGACCTGTCGTTGGCTCTCATCTCCAAGTCCGCTCCCCAAATGCACGTGCTGGTGCTGGGCTTCCCGATCAAGCTGGCCGTCGGGTTCCTTTTTCTGACGCTGCTCTTCCAGATCCTCTCGATGGTCATCACGGACTACGTGCAGGGACTGGACGCCGTGTTCATGAACATGCTCCAGGCCATGCGGCCGCCGTCGCCCTGAGGCCGTCATGGCGCAACAAGATCCGAGCAAGACAGAAAAAGCCACGCCGAAGAGGCGCAGGAAAGTCCGCGATGAGGGCAACGTCCCCAAGGGCGCGGAGATGGGCAAGACCATGACCCTGCTCGCCGGGGTCATCGCCCTGCGCTATCTCGTGGAATTTTATTACAAGGAGCTGTCCTCCATCTTCCGTTGGTTCCTGACAGGCGGCATGTTTCAGGAACTGACCCAGTCGTCCACCTACGAGCTGTTTCTCTGGAGCATCCAGCGGATGGCCCTGCTCATGCTCCCGCTCATGCTCATCCTGGCCTTCGTGGCCTGGCTCACCTTGCGCCTGCAGGTCGGCAAGCTCTGGAGCCCCAAGGTCTTCAAACCGAAATTTGGTAAAATATTCAATATATTCGCCGGTATAAAACGTCTCATGTTCAGTCCCCAAGCCCTGGTCCGCTTCGCCCGCAGCATGCTCCAGGCCGCAGTGGTCGCCATCGCCCCGTACATCGTCATCCGGCAGGAGTTTCCCAACTTCCTGCCGTTGTTCTATGCCGCTCCCGAGGGCCTCGCCGCCTACATCCTGGGCTCGGCCTACAAGATGGTCTGCTACGCCCTGGTTCCGATGATGCTCATCGCCATCGCCGACCTCTGGTACACGCGCTGGAACTACGAAGAACAGATCAAGATGACCAAGAACGAGATCAAGGACGAGCGCCGCCAGGCCGAGGGCGATCCCCAGGTCAAGGCCGAACAACGCCAAAAAATGATGAACATGATGGCCAAACGCATGCTGGCCGACGTGCCCAAGGCCGACGTGGTAGTGACCAACCCCACGCACATCGCCGTGGCCCTGAGCTACAACGTCATGGACGCTCCCGCACCCCGGGTTCTGGCCAAGGGTCTGGATCACTTGGCCGAGAAGATCAAGGAAGTCGCCCGCGAGCACGACATCCCCATCCGCGAGAACAAGCCCTTGGCACAGGCTTTGTATAAGCAGGTGGAAATCGGGGAGATGATCCCCGAGGAGCTGTACCAGGCCGTGGCCGCCCTGCTCGCCCGCCTGGACCGTTTCAAGAAAAGCAAGCGCTGACGGGGGTTCGAAACACCCCGTCGATGACCGGAACCAACGTCGAGGGGTGTCAAAAACATGTCCCAGGCCAACGCCAAAACCGCGATTCTCGACCTCGACTACGGCAAGTTCGCAAAACAGGGCGACGTCCTCCTGGCGGGCGGAGTGGTCACGATCCTCTTCGTGATGCTCGTGCCGCTGCCCACGCCCTTCCTCGATTTCATGCTCAGCGTGAGCATCTCCCTGGGGTTGGTGGTTCTGGTCACGTCCATGTTCATGACCTCGCCCCTGGAGTTCTCCATCTTCCCGTCCCTGCTGCTGGTGACCACCCTGCTCCGTCTGGCCCTGAACGTGGCCTCCACGCGCCTCATCCTGCTCCACGGCGACGAGGGCACCAGCGCGGCGGGTACGGTCATCCAAAGCTTCGGCGAGTTCGTGGTCGGCGGCAACTACGCCATCGGCATCGTCATCTTCTTCATCCTCTTCACCCTGAACAAGGTCGTCATCGTCTCGGGCACCACCCGCATCGCCGAAGTGGCGGCCCGCTTCACCCTGGACGCCATGCCGGGCAAACAGATGGCCATCGAGGCCGACCTCAACGCCGGGCTCATCGATGAAAAGGAAGCCACCAAGCGCCGCCACATGATCCGCAAGGAAGCCGACTTCTACGGAGCCATGGACGGCGCGGGCAAGTTCGTATCCGGAGACGTGAAGGCGACGATGATCATCACCGCCATCAACATCGTCGGCGGCTTCTTCATCGGCGTCCTGCAGAAGGGCATGAATTGGGCCGACGCGGCAGAAACCTACACCCTGCTGACCATCGGCGACGGACTGGTGTCCATCATCCCCTCGCTCATCACCTCCACCGCAGCGGGCATCATCGTCTCCCGCGCGGCGGCCGAAGCCAAGATGGGCGAGGAATTCCTGGGCCAGTTGACCTTCCACCACCGCGCCCTGCGCCTGGTCTCCGGCATGCTCGGCCTTTTCTCCCTGGTGCCCGGCATGCCCTTCCTGCCCTTCATCACGCTGGCCGGGCTGGTCTTCTTCGTGAGCAAGCTTTCGGCGAAGTTCTTCGGCGATACCCAGAAGGAGGAGGCCGACAAGGGACTTCAGTCCAAGACCCTGGACACCCCGGAGGAGGTGCAGACCCTCCTGCCCCTGGACCAGTTGGAGCTGGAGGTGGGTTACGGCCTGATCCCCCTGGTGGACGAGGAACAGAACGGCAACCTCCTGGCCCGCATCCGCTCAATCCGGCGCCAGTTCGCTCTGGACATGGGCGTGATCATCCCCTCCCTGCACCTGCGGGACAACCTCCAGCTCAAGCCCGGAGAATACCGCGTACTGGTCAAGGGCAACCCCATCGCCAGCTCGGAGATCCTCATCGACCACTTCCTGGCCATGGATCCCGGCGACGCCAAACACCGCATCCAGGGCGTAGAGACCGTGGAGCCCGCCTTCAACCTGCCCGCCATCTGGATCCCCGAAGCCCAGAAGGAAGAGGCCATGCTCGCCGGATACACCGTGGTGGACCCCTCCACCGTGGTGGCCACGCATCTCACCGAAGTCTTCCGGCGCAACCTGCATGAATTCCTGGGCCGCCAGGAAGTCCAGAACCTGCTGGACAACCTCTCCAAGCGCGCGCCCAAGGCCGTGGAGAGCCTGGTTCCCGCCGTCCTCTCCCTGGGCGTCGTGCAGAAGGTTCTCCAGAACCTGGTCATGGAAGGCGTGTCCATCCGCGACCTCCTGACCATAGTGGAAACCCTGGCCGACTACGGCCCCGCCAGCCAGGATCCCACGCAACTGACGGAATACGTCCGCGCCCGCATGGGACGGACCATCATCAAGCCTTACCTGGGCACGGACAACGGCCTGCGTTTCTTCACCCTGAACCAGACCATCGACGAAAGCCTCAACGGGGCCCTGCGTCAGGCCGAGCACGGCGCCTACCTGGCCATGGAACCGGGATTGGCCCAACGCATCATCCGGTCCATCAGCAAGACCATGGACTCGGTCCTGGCGCCGGACGGCCAGCCCGTGCTGCTGACCAACCCACAGCTCCGCCCGCATTTGGCTCAATTGCTCCTGCGTTTTCTCCCCAATCTGCCGGTGATCTCCCAGGCCGAGATCCCCGCCGACGTGAAGATTCAATCCCTGGCCGTCGTGGAGTTGAGCTAAACCATGCACGTGAAGACCTACAGAGGCCGCAGCGCCAAGGAAGCCTTGGACCAGGTCAAGGCCGACCTGGGAGAGGAGGCCGTGATCCTTTCCAACAAGACCGTCGCGGACAACGGAACCCGTGTCTGCGAAATCACGGCGGCCGTGGAACGGCCGATCCTCCCGCACCCCTCCCGCACCCGCGAGGAGGTGCTGGGCGAAGCCCTGGCCGCGTCGGAGTGGTCGCGCGAGTGGCGCCAGCTCAAGGACCAATTTCTGGCCCTCATGCGGCCCCAGATGGACCTCGCCGCGCTCACGCCGCGCCAGCGCCTGAGCCTGGAATACCTGGAGCGCGAGGGGGTGGAGCAGGACGTGCTCCTGGCCGTGTACCTGCGCCTGCGCGAGGATCCCGGCCTGTCCATCCTGCCCGTGCTGGAAAGCCTCACCGGCGTACGGCCCTTCGAGTCAAAAAAATGGCCCCAAAAATTTCATGTCATGGCCGGCCCCCACGGCGCGGGCAAGACCACCTCGCTCATCCGTCTGGCCCTGCGCGAAAAGAAGCGCAACCCCAAGGCCCGCATCTGCCTCGCCTCAGCCGACCAGTGCCAGGGCAAGGGGCGGGTCGTACTCCGGCACTACGCCGAACTCTCCGGCTTGGCCTTCCGGGAGGTGGCCGGCCGCGAGGACTTCGCCTGCCTGGTGGCCGACGCCCGCAACTTCGACCGGGTCTTCGTGGACCTGCCCGGGCTTCCCGCCGGTACAGACCTGGAATCCTGGCTGGGATCACGCGGCATGCTCCATTTCGAGGACATGGCCGTGCATCTCGTGCTCAATCCCTACTACAGTCCGGCCCAGTTCCGGGCCTTCCGCGAAAAATACGCGAGCCCGGCCCTGAAAAGCCTCATCTGGACGAAACTCGATGAAGCCTGTACCTTCGGGGCACTGATCAACGTCCCGCACGAGAGTGGACTGCCCGTATCGGCCCTCTCCTTCG
NZ_CP168306.1_gap19	845772	849492	3720	TTCACAGCATCAGATGCGCGTGCGGAATTCCTGGGATTGGAACGCCTGCCTCCCGGCGGTCGGGGCGGCGTCTTGGCCGAGGCTCTGCGCGGGCTTCGGTTCTGAAAACGAAACGACCCGCCTCACGGCGGGTCGTTTCGTTTTCAAGGAAAAGCGAACCGAAATCAGGCCACGGCCTGGACAGGGCGGGCGATTTTTCCGGCCATGGATTCAGGGGCCTGAACGGGAGCGGCGACGGGCAACTCGATCTCCTCGAGATAATCCGCGCGGTGGGCGTCCAGATAGCGCAGGAAGGCGTTGTTCAGGGCGTGCCCCGAGGCGAAGACCTCGAAACTGCCGTGAAGCGGCATGCCCATGACGGCCATGTCGCCCACGAAGTCCAGCAGCTTGTGGCGCACGAACTCGTCCTTGTAGCGCAGACCGTCGGCGTTGAGCACATTGTACTCGTCCAGGACGATGGCGTTGTCCAGAGAACCGCCCAGAGCCAAGCCATTGGCGTGCAGATAGTCCACTTCCTTGAGGAAGCCGAACGTGCGGGCCTTGGCCAGATCGGCGGCGAAGGCGCGCGGGGAGCCTTCCCAGGCGAGGTGCTGGCGGCCGATGAGCGGATGGGCGAACTCGATGGTGTAGTCCACGCGGAAGCCGTTGAAAGGCTCGGCCTTGATGAAGCGGCCCTGGTTCTCGAAGTTGATCGGGGCCTTGAGGGCCAGGACGCGCCGCGGCTTGGCCAGGGCGCGGACGCCCGCCTGGTTCAGCAGGTAGACGAAGGAACCGGCGCTGCCGTCCATGATCGGAACTTCCCGGCCCTGGACCTCGACGTGGATGTTGTCGATGGACAGGCCCCGGATGGCGGCCAGCAAATGCTCCACCGTGGCCACGCTCTCCTGTCCGTTTCCCAGTGTGGTGGCCAAACCCGTGTCCACGACCAGCGACGGGTTGGGAGCCAGGAAGGCGGAGCCGGAGCCGTTGCGGACGGAAAACAGTATACCGGTATCTTCAGGGGCCGGGCGCAGGGTCAGTTCGACCTGCTTGCCGCTATGCAGCCCGATTCCTTTGCAGCGAACGGTCTTGCGGATGGTGGTCTGTAGCATACTCCCTCCGGCTTCCCACCAAGCAAGAATCGCGCCATGGAGTCTAGAGAATTTTACGTCCAACTGTTTCAATGAGTTACAAAAAAATTCCCACTGCCCACCCACGGTACGGGCAGCCGTTTTTCGTAGGGTTTTCCCCACAGCTTTCCGGGAGTTGTGTGCTTTTCACCACAGCCTGATCAACGGCGGCGGGCCAAAAGCACACGGTCCAGACCGGCCAAGTCGCGCAGAACCGCCACTTCGCCGAAGGCGTCCAGGCCCTCGAACAAGGCCCGGACGGCAGCGCCCTGGCCGCAGCCGATCTCCATCAAGACCACGCCGCCGGGGCGCAGGATGCGGGCCATTTCCGGAGCCTGGGCCCGAATCTGATCCAGGCCGTCCGGCCCGCCGCGCAGGGCCAGCGGCGGTTCGAAATCGCGCACCTCATGGGAAAGCTCGGCGTACTCGACGTCACTGATGTAGGGCGGGTTGGCCACCACGAGATCGGCGCAGTCGTCGGCCAGGGGGCAGGCCCCGGCGTCGGCCCGGATCAGGGTGACCCGCTCCGCCACGCCATGCCGCCGGACATTCTCACGGGCCACGGCGAGCGCGGCCGGGCTCAGGTCCACGGCCGCCACCCGGGCGGTTGAAAACTGCAGGGCCAGAATCACGGCCAAGCAGCCCGAACCCGTGCCCAGGTCCACGATGGTCAGGGCCGCGTCCCGAGGAAAGAGGCTCCCGGCCTCCTCCACGATGCATTCCGTCTCGGGCCGGGGCACGAGCACGTCGCCGCAGACCGTGAATTCCAGCCCCCAGAACTCCTTGCGGCCCAAAATCAGGGCGGCGGGTTCGCCCCGGCCGCGACGGGTCACCAGCGCGCGGGCCCGGGCCAGTTCCTCACCCGCCAGGGGCCGGTCCATGTTCAGGAACAAATGCAGACGGTCCGTTCCCAAGACCTCGGCCAGCAGCAGTTCGGCCGACAGACGCGGAGAGTCCACGCCGCGCGCGGCGAGGTACTCCTGGGACTTTCCGAGAATTTCCCGGACGGTGGGTCCGGTCATGGGCGTGCTACTGGGCTCCGGCCTGACGAGTCAGGGCCTCGGTCTGGTAGTGGCTGACAAGTCCCTGGACCAGCTCGTCCAGATCTCCTTCCAGAACGGCGGCGAGCTTGTAGAGGGTCAGGTTGATGCGGTGGTCCGTGACCCGTCCCTGCGGGAAGTTGTAGGTGCGGATGCGCTCCGAGCGGTCGCCCGATCCCACCTGACTGCGCCGGGCCTCGTTGTATTCGGCGTTCTTGCGGTCCTGCTCCAGTTGGAGCAACCGCGAACGCAGCACCTTGAGCGCCTTGGCCTTGTTCTTGTGCTGGGACTTCTCGTCCTGGCAGGAGACCACCAGGCCGGTGGGCAGGTGCGTCACGCGGATGGCCGAGTCCGTGGTGTTCACGCTCTGGCCGCCGGGGCCGGAGGAACGAAACACGTCCACCCGGACCTCGTCCGGCTTGATCTCCACGTCCACCTCCTCGGCCTCGGGCAGCACCGCCACGGTCACGGCCGAGGTGTGGATGCGCCCCTGGGCCTCGGTGGCCGGGACGCGCTGCACCCGGTGGGTCCCGGACTCGTACTTGAGCTTGGAGTAGACCTTGTTGCCGGAGATGGCCGCGATCACTTCCTTGAATCCGCCGGAACCGGTGTCATGGCTGGACATTTCCTCGACCTTCCAGCCCTGGGCCTCGGCGTAGCGGGCGTACATGCGGTAGAGGTCCGCCGCGAACAGCGCGGCTTCCTCGCCACCGGTGCCCGCGCGGATTTCCACGATGATGTTCTTGTCGTCCATGGGATCCTTGGGCAGGAGCAGAATCTTCAACTCCTCCTCCAAGGCGGGCAGGCGTTCCTCGATGGACGCGATCTCGGCATGGGCCATCTCCCGAATCTCGGGGTCGGCGTCCCGGACCAGCTCCTTGTTGTCGGCCAGTTCCTGGGTCAGGCGCTTGTAGTCACGAAAGACCTTGACGATCTCGCCCATGTCAGAATGGCTCTTGGTCAGCTTGCGGTAGCGTTCCTGGTCGCCGAAGACCTCGGGTTGCGACAGCTCCTTTTCCAGGTCGATGAAGGTGCGCTCGATCTGTTCCAGCTTGGCGAACATCAGCAGGCACTCCTTTCGCCCACCGCACCCTTGAGAGCAGCGATGGCCACCTCGATCTGGCGGTCGTCGGGCTCCTTGGTGGTCAATATCTGCATGGCCAGCCCAGGCCAGCAGAGAATCTTGCACAAACCGTTGTCGCGATAGCGCCCGGCGAACTTGATCATCTCATAGGCCAGACAGCTCACCGGGATCATCAGGAAGAGCTTGAGGGTCACGATGTAGAGGTGCTTCACCAGGAAGACTGACGGGGCGTAGAAGGTCAACAGCCAGGGGACGAGAAATGTGTAGAGCACGATGCTCACGGCCAGGACGAAGAGCAGAAAGGCCGTGCCGCAACGAGGGTGCAGGCGGCTGAAGGGCCGGGTGGACTCCGGCGTGAGCAGGCCGCCGCTCTCGAAGGTCCAGATGACCTTGTGCTCGGCCCCATGGTACTGGAAGACCCGTCGGATGTCCGGCACGTAGGAGATGGCCAGGATGTAGCCCACAAACAGGAGCAGTTTGAACAGGC
NZ_CP168306.1_gap20	877854	879431	1577	GGCCACGGCCTGCTCCCATTCCCGCCAGAACGAGCCCCAGGACGGCAGGGCCGCCAGAACCCACGGCAGCAACGCCTGCTCCAGATCCTCGTCACCCAGTTCCTGGGCCACGTAGCCGAGACGGGCGCCCTTCTCCATGGCCACCTGGCCGCCGTCGGGCTCGACCTCCCCGGCCAGGATGCGCAGCAGCGTGCTCTTGCCGCAGCCGTTGGGACCGGCCACGGCCAGACGCATTCCCGGGGCGATCTCGAAAGACAGGCCGTCGAAGAGATCCTCTCCGCCGTAAGCCTTGACCAGATTCGTGACAGTGATGCGCGACATGCGGACTACCTGACATAGTGGGCTGTAAAAGGATTACGTTCATATATGCAGGGGCCCGGCTTGGCAAGAGCGGCCTTGCCAGGAGCCACGCCCTGGCATAGAGCCTGAAGAGGGCCGCTCTCCGGCCCGGGAGGATCGCCCATGCCCGCCGGAACCGGCTGGTTCGTCTACTTGATGCGCTGCGCCGACGGCAGCCTTTACTGCGGCGTGACCACGGACCTCGCCCGCCGTCTGGCCGAACACAACGCGGGCACGGGCGCACGCTACACCCGCGCACGGCGTCCGGTGGCCCTGGCCGCCAGTGCGCCCTGCGCGGACAAAAGCGCGGCGCTCAAGGCCGAGGCCGCCGTGCGTCGCCGCAAGGCTGGGGAAAAACTGGCCTTCGTCCGGGAACTGGCGCACACCGAGGAGCAGCCATGAGTGATCTGGCCTTCATCCTGGCCGTCCTGGCCATCGGGGTCGGTTATTTCATCATCTTCGAGCGCATGAAGCGCAACTGGCGGGACCGCCATCCCGGCGAGAAGGGCAACCCCATCCAGCGCTGGCTCACGGGCCGGGAGGACGAGGACAAGGATTGAACGGGGCCGGAGGGAACCTCCGGCCCCGCGTCGTCATCAGAGGTTGGCGAGCACCGCCGCGCCCATCTCGCTGCCCTTCACCCGGGCCTTGCCCGGCTCCATGATGTCGCCGGTGCGCAGACCTTGGTCCAAGGTGCGCCGCACGGCGTCCTCCACGCTGCGGGCCTCCTCCTCCATTCCGAGGGAATAACGCAGGAGCATGGCCACGGAGAGGATGGTGGCCAACGGGTTGGCCAGATCCTGACCCGCGATGTCCGGGGCCGAACCGTGGATCGGCTCGTACAGGCCGGGCCCGCCCTCGCCCAGGGAGGCCGAGGGGAGCATGCCGATGGAGCCGGTGATCACGGCGGCCTCGTCCGAGAGGATGTCGCCGAAGAGGTTGCCGGTGACGAGCACGTCGAACTGGGACGGGTCGCGCACGAGCTGCATGGCCGCGTTGTCCACGTACATGTGCGAGAGCTCAACGTCCGGGTACTCGGCGGCCGTCTCGATCACCACCTCGCGCCAGACGCGGGAGACGTCCAGGACGTTGGCCTTGTCCACGGAGCAGACCTTGCGGCGGCGCTTGCGGGCGGCCTCGAAAGCCACCTTGGCGATGCGCCGCACCTCGCTCTCGCGGTAGATCATGGTGTTGAAGCCCGTGCGCTCGCCGTCGCGGACCTCCACGCCCCTGGGCTC
NZ_CP168306.1_gap21	884117	888249	4132	CTCTCGTCGCAGGCCCCGGGAAGGTCAACGCTTCACGGCGACCACGGTCTGGCCGGCGAACACCTGATCGCCGACGTACACGGTGCAATCGTAACCATCGGGCAGATAAAGGTCAACTCGCGACCCGAACTTGATCAGACCGAACCGCTCCGCGCGCTTGAGCTTGTCGCCCTTCTCCGCCCAGCAGACGATGCGCCGGGCGACGAGCCCGGCGATCTGGACCACGGTGAAGCGCTGATTGCCCTTGCCCACGATCTCCACCACATTGCGCTCGTTGTCCTTGCTGGCCTTGTCCAGGGAGGCGTTGAAGAACTTGCCGGGGTGGTAGTGCAGGGCCTGGATGGTGCCGGAGACGGGCATGCGGTTCACATGCACGTCGAAGATGTTCATGAATACGCAGATGACCTGACGGGCCTCACCGGACACGGGGTCGGTCTCACGCCCGATCTTGACGATCTTGCCGTCGGCTGGGGAGACCACGGCCTCGGCGTCCTCGGGCTGGACCCGCTCGGGATCACGGAAGAAATTCAGGGCCAGCGCGGTCAGGACGAGCATGAGAACGGTCGGGAACCACCACTCGAGGACGGCGAAGACCACGGTGCAAAAAGCCGCGAAAAAAATGTGGGGCAGTCCTTCCAGGCTGACGCCCGCCGATGGTTTGAGCATTGCCGCCTCCGCGCGATCGTTTCCGCTTCCCTAACCGCGCCGGGCCGCGAGGTCAACAACCCCTTTCAACGCCGCCGATTCTCAGGTATCCGTTGCATATGGATCCAGTAACCCACGCCGCCACGGGCCTGCTCGCGTCCCAGGCCGTCCGGCGCTTCCTGCCCGGAACCCGCCTGCTGCTGCCCGCCTGCCTCGCGGCGGCCCTGTTCCCGGACCTGGACAACTTCACCGGCGGCGACCCGGAAAAATATCTCATCCAGCACCGGGCCCTGTCCCACGCCCTGACGGCCGCGCCCGTCCTGGCCGCGCTCCTCGCCGGGACCTGGAAACTCCTGGTCCGGGACGTCCCGCTCCGAAAGGCCTGGCTCCTGATGCTCGGCCTGGTGCTCGGACATCTCTGGCTGGACTACGTGACCTCCTACGGTACGCAGCTCCTGGCCCCGTTCAGCAACACCCGCTTCACGTTGGAGTCCGTGTTCATCGTGGACCCGGTGTTCACGGCGGGCCTGCTCCTGGCGGCCCTGGCGGCCTGGCGTCTGCCCGGGCGGCGCACCTCACTGGCCCTGGCCGGGCTGGTCTGGCTCCTGGCCTATCCCCTGGCCAGCTGGTCCTGCCGTCTGGTTCTTGAATCCCGTCTGGAAACGGCCCTGCGCCACGAAGGGCGGCAGTTCCTCTCCCTGCGCCTCAGCCCCGAGGCGTTCACTCCCTGGTATTGGAAAGGAGTGCTCGACCTGGGGGAAACCTACGAACTGTCCCTGATCCGCGTCCAGGATGCGGACAAAACTCCGTCCGGCACGATCTACACCAAGGCCGACAAGGGGTTGCTGGACGGTTTGGGTCGCGAGGCGGATGTATTCAAAACCTACGAGTGGTTCAGCCGCTACCCGGCCGTGATCCGCACCCTGGAGGGCGACCACGAGACGCTCATTTTCCAGGATCTCCGCTTCGTCAGCCTGCATCCTCTGGTCCGGGCCGTGACCGGCGACGGCCGCGAACCGTTCTTCACGCTCACGGCGGTGCTTGATCCCCGCGACGGCCGCCTGCTGGAGTATCGCCTGCGCCAGGGCGGGGTCACGTTCCGCTCGAGCCCGTCTACCAGCGCCGGGAGATGAGCGAACGCCCCAGGGGCGTGAGATAGGGCAGGAACTCCTCGCCCAGCTGGTGCAGCGGCACCACCCGGCCCTCAATGAACAGCCCCTGGGGATAAAAGTCCAGGGTTTCGTACTCGGGCACTCCCTGGAATCCATTGATCCGCGAAAGCATGACTGAGACGTTCATCTCCTTGTTGTAGACGATGAGGCCCTCGGGAAAGAAGGCCGTGTGTTCAAGCCCGCCCTGGCAGGCACCGAACAGGGCGCGGAATATTTTCGCGAAATGCTCCCGCCGCAGGCGTTGGTGCGTGGCCGAGACGGTTTCGTTGGAGACGAAGCTCAGTTCCTTGTCCGCGAACGGGGAATAGGCGGACACGTCGCGGGCGTCGGCGAAGACCACCTCGCCCCCCCCCAGGCTCCGCACCAGGACGCTGGAGCGTTCGACCACCGGGCGGTCATACTCCAGACCCCATATTTCCGGCTTGTCGAAACCGTTGCGCCGGGCCTGGACCTCGGCGGCCAGCATGAGGATGCCCGAACCCGTGCCGATGTCCAGGCCCACGTAAGGCTGTTCCAGGATCTTCGGCGACAGGCGGCGCAAGGCCACGGAACGCAGGATGTGCGCGGTCTTGGGCAGGTCGGCCAGCATGCGCAGGGCGAAGGACCATTGGCGCAGGCTGTTCATGACCTCCACGTCGTCGCCGTCCTCGTTGAGGCTTTGATGGCGGCTGAACTGTTCGAACAACTTCGTGATCTCCGGCAGGGGCACCACCGCGTCGTGCGCCCCCTCGTAGACGTAGGCGAAGAAGTATTTCGCGACCAGATTGACGAAAAGCGCGTCCTCGGGCGGTCGGCGCGGGTCGCGAAGGCGTTCCAGGTCGGCCGTCAGCGGGGTACGCAGATAGTGTTCGGGCAGAAGGACAGAGACGACGCCGGCATCCCGTTCCGGGATGACCCGTTTCGCATTGGCGGCGGCGAACAGCGGCATGAAGGACGGCTCCCTCGATTCGGTTGATGGGGCGGGGGTATTTTTTTCCCCTCCGCGCCACCTTGCAGGGACCGTACCGCTCAAGGCGGATGCGCCGCGGCGAGACGCACTGAACAGCTCAGGCGGCTTGTTCCGCCGCCTCGCGCTCCTTGAGCAGCTTCTCGTACTGCCCGCCCCAGCGGCACAGCTCCTTGAGCACCGGCATGACGCTCAAGCCCAGCTCGGTCAGGGAATATTCCACCTTCGGCGGCACCTGGGCATGCACCTCGCGGTGCACCATGCCGTCGGCCTCCAGTTCGCGCAGCTGCTGAGTGAGCATCTTCTGGGTGATGCTCGGCATGGACTTGCGGACTTGCCCGAAACGCAGGGTGCCCCGGCGGCCCAGATGATAGAGGATCACGGGTTTCCACTTGCCGCCGATGACCTGGAGCGTCAACTCCACTGAGCAGCAGTATTCCTTGCCGCACACCCGCTTCACCGCGCAACTCTTGGATTCCTGTTCCGCGTTGTCTTTCTTCATTGGTTTCCTTCCGGATACTATATGACTTTCAGGTGCCTGCTTGCTTTTTTGTGTATACTGCATGAAACAGTGGGCAGTGTAAACCGGAAACCAAAGGAGCCGTCATGGAACTCTTCGAAGCCATCCATACCCGGCGCAGCATCCGCAAGTTCGAGGACGCGCCGGTGTCCGACGAACTGGTCCGGGATATCCTGGACGCGGCCATGAGCGCGCCCAGCGCGGGCAACGCCCAGCCATGGCATTTCATCGTGATCCGCGACAAGGCCCTGCGCGAGGCCATCCCCGCCTTCAGTCCCTACGCGGGCATGATCGTCCACGCGCCCCTGGGCATCCTGGTCTGCGCCGAACTGACCTTGGAAAAGTATCCCGGCTACTGGGTGCAGGACTGTTCGGCGGCCATGCAGAACCTTCTTCTGGCGGCCCACGGCAAGGGCTTGGGCGCGGTCTGGACCGGGGTCCATCCCATGGCCGACCGCGAAGAGGGCTTCCGCAAGCTCCTCGCCCTGCCCGACACCGTCAAGCCGCTCGGCTTCGCGGTCCTGGGCCGTCCCGCCCAGGAATCCGGACGCCGCGACCGCTTCAAGCCGGAACGCATCCACGCGGACCGCTGGTGAACGAACGCGACGTCGCGAAACCCCTCCCGGTCCGGTGGAAACCGATTGCCGGAGGGTCGCCGCGACCCGCAGAAACAACACGTCGTCAAAAGGAAACATGATGAACGGAACCGTCCGCCTGGACGTGGATTTCGATCTTTGCGCGCGCGACGGGCTCTGCGCCCGCGAATGCCCCTTCGGGCTCATCGAGGTGGACGCCGAGGGCTTGCCCTCGCTACGCCGCGCCGCGGAAAAAATGTGCATCGGCTGCGGC
NZ_CP168306.1_gap22	897750	900837	3087	TGTCATAATCCCTGGCCGGGGCCAGCCCCGGGGAGAAGCATGAACGTCGTCCAGGTCATCAACGTCCGTTGGTACAACGCCACCGCGTGGTACGCCCTGTATTTGGGCCGCCTGCTTCGGGATGCCGGGCACGGCGTGCTCATGGTGGTCCAGCCCGGCACCGAGCCGGAACGCAAGGCCCATGAGTTCGGCCTGCCGGTGCTGTCCCTGGACCTGAACAGCAACAACCCCTTGACGCTGCTGCGTTCCGCGCGCCAGGCCGCCCGGATGCTCCGGGAATTCCGGCCGCAAATCGTCAACTGCCATCGGGGCGAAGGCTTCTTCCTCTGGGCCCTGCTCAAACGCTTCGGCCACGACTTCAAGCTCGTGCGCACCCGGGGCGATCAACGCCCCCCGCGCCATGACGCCCTGAACCGCTGGCTGCACGCCGAGGCGGCCGACGCCGTGGTCGTGACGAACAAGGCCATGGCCCGGCACTTCCTGACCAGGATGAAGACGCCGGAACGCGCGCTCTGGATCATCCCAGGCGGCGTGGACACCGAGGCCTTCCGCTTCGATCCCGAAGGCCGGGATCGGGTGCGACGCGAATTCGGCTTCGCCCCCTCGGACGTGGTCCTGGGCCTGGTGGGCCGTTTCGACCGGGTCAAGGGCCAGAAGGAGTGCATCGAGGCGGTCTCCCTGCTGCGCGGCGAGATGGGGCTGTCCCAGGCGCGGCTGTTCCTGATCGGCTTCGACTCGGCCACCCGGACCCGCGAGGTGACGGACTGGCTCGACCGATACGGGATCGCGGACAGCACCCGGATCAGCGGCCGACGCGAGGACATCTCGGCCTGCCTCTCGGCCCTGGACCTGGGCGTGGTGGCCTCCCTCTGGTCCGAAACCATCGCCCGGGCCGCCCTGGAAATCATGGTCTCCGGCCGTCCGCTCGTCTCCACGGACGTGGGCGTGATGCCCGATCTGGTCAGCCGTCGCGCCCTGGTTTCCCCGGGCGACCCGCGAGCCCTGGCCCTCAAGCTGCGCGAGGCGGTGGAAAGCCCGACCTTTCGGGAATCCCTGGCCGCCGAGCAACGTCTGGTCATCTCCCAGCTCTCGGGGCGGGACTTCCTGACCCGCACACTGAGCCTCTACCAGGGCCTGATCTCGGCCTGAGTCAACCGGCGCCGAAGGTCCGGCCGATGCGGGTCAAGCTGTCGGCCACCGCCAGCACGGTGCGGGCGTAGCTCGCGGAATGGTTGTAGCGGTAGATGACGCGGAAACGCCCCTGTTCGTCGAGTCCATCCTTCCAGCCGTGCTCCTTGAGGAAGCGGGCCATGCTGGCCAGGGCGTCCTCCTTGGCGAAGAGATCCACGCGGCCGTCGCCGTCGCCGTCCTCGCCATAGGCCAGGGCGTTGGTGGGCATGAACTGACACTGTCCTATGGCCCCGTAAGCCGAACCGGGAATGTCCAGAGGATCGCGCCCCAAAGCCTCGGCATAGCGCAGCAGCGCTTCCAGTTCCTCATAGGCCCAGTCCGATTTCTGGCGGGTGCGCTCGTCGAGCCAGACGCGGATCTCCGGGTCCAGGTCCGAGCGCGAAAGATAGGGCTCGATGTCCGAAAGGCTCCGGGCCAGGGCCATGTTGGCCAGCGCCCAGGCGGCCTTGGCCGTGCCGGTGTTCAGCCCGAGCTTGGTCTCCACCAGCAGCAGGGCCACCAGCACCTCTTCGGGCACCCCATAGCGGTCGCGCAGCCTCCGCAGCAGATCCTTGTTCTCCCGCAGATAGCCGTAGGCTCCGGCCAGCAGGATGGGGTTGAGATAACGCGCGTCAACCTCGGGCTCGGCGGCCTTCGGCTCGGGCGGCGCCAGCTTGGCATCCAACAAGGGGCTCATCTTGCGGGCCATGACCTGGGGGTCATAGACCATGACGGGATCGGAAAACAGCCGTCGCAGGTCGCCAGGGGCGAAGCCGTCGGCCACGAGCCGCTCGACCAGGGGCGTCCAGACCTCATACCCCGAACGTTGATCGCCCGAGGCCCGGACATCCGCGGCCAGCAGACAGAAAAAAAGGGCCAGGGCCGCCAGGCCCCGGCCCATGCGAGGCGCGCGCCCCGAACAATCAGAGTCGGTCCAGAGGAACAAGGGCTACTTCCTCCTCAAAAGCGTCATCCAAAAAAGCGGCGAACCGGCGTACCGGGTATTTCGCGCCGCAGTCAGCGCAGACCAGCGCGACTTCGCGGCAGCCGCGCACGGGATGGAGGCGTCCCCGGCAGGCGGGGCAGGTCAGGGACGACCGCCCTTGCGTGTCCATGCGCTACTCGATCGCCAAACCAGGGTTCTTCTGGCCCATGGACACGTAGAGGTTGGACAAGGCCTTGGCGTAGTCGGCCAGGGCGCCGTTCAGTTCGGCTTCGCTCTTGCTCACGTCCGACTGGGCGTTGAGCAGGTCGGTGTTGGTTCCCACCTGGGCCTGATACCGGGCCAGGGCCATGCGGTAGGACTCACGGGCGGCCTCCACGGACTTGCGGGCCACGCCGATGCGGTCTGCGGCCTCCCGCATGCTCAGCATCCCGCTCTTGACCTCGAAGCCGGCGTTGAGCCGGGTCTTGTCCAGCTCGGACCGGATCTGCTTCACGGTCTCCTGGCTCTGGTCATGGGCGTAGTAGGTGCTGCCCCACTGCCACATCTTCCATTGGAGATTGAGGCCCACGTTCCAGTTTTCCTGGTTGGAATTGCTCAGATGCTTGCTTTCCCCGGTCAGCGGGTCGTCCCCCGCCTTGTTGTAGTTGTAGTCGGCGGATACCTGGGGGTAGTACGCGCTGGCCGTGATGGTGGAGTCCTTCTCGGCCATCTGCACGCTCTTCTCGCCGATGCGCAGGTCCGGGCGTTCCTTGTAGGCCTGGGTCAGACATTGTTCCAGGGTCCGCGTGAAGGGGGCGTAGTCCAGCTCGCCGACATAGTTCACGCCCGCCTCGAGCGGCAGATCCAAGAGGGTGTTCAGCTGGGCTGTCTGCGTGTCCACGGCGTTCTGGGCCTTGAGCAGTTCCTGCTGGGCCGTGGCCAACTGGACCTCGGCCTGGAGCACGTCCAGGCGGGGTTTCAGTCCGACCTCG
NZ_CP168306.1_gap23	952107	956651	4544	CCGCTGAGTTCCGTTTCAAGGATTTTCTTGGCGCTCTTGAGGATGAATTCCAGGGCATCCCCGTTGTCGTCATAGATCGGCGTCAGGTAGCAGGTCTTGTCATCCTGAAGCTCATCCATGGTCATCTTGCGGCCCGTGCCAGGAAGGCTGTTGATCCAGTCCATGTAGGGCTGTTTGGGCTTGAAAACGGCAAGCATCCTGTTGATCGTCTTCATATTATTCCAGTTATGGCGTAGGGCTTGAGAACTATGATACCAGTTCCATTAACTTTCCGTAGTCTGTTACGACATCGTACTTCACTTTCTCCGGATCGACGCGTTTGTTCAGCTCTTCAAAAAATTTACGAGCACATTCGATTTTTTTCTCTTCAATGGCTCGAAGTTCCAGCGTAGACATCGAACCCTTTGTTTCTGCTACGAAGTAAATGTGCTTAACCGAGCCTTCTTTGAATGAAATGGCCCAGTCGGGGTTGTAGTCGCCAACGGGAGTTGGAATCAGGAATCCCCGAGGCAGCTTCGCATAAACGACCACCTCTTCACATGTGTCCAGTTCCTGAACGAATTTTCGCTCGATGTTCGAGTCCGTGATGGCGTAGTCGTATACGTGCCTTTTGAGCTTCCCAATAGCTCGACTAAAGTCTTGTTTGTTCTGTCCCGCTGTGAATATGTCTACATCATGAACTTCGGCTGTACTGTCATAGCTCAGACGTTCGATGATTATCGCAGCCTTCTGTTCATTGATAATTCGGGAGCACTCAGAGATAAAGTGTTCTGGATTTTGCTTGAACTGCTCAAAAACAGCCACATGGACGCCTCCCAATACTTCGGCAATAGTCTGCCGCTTCAGTTGGGTGTTTTCTGCTATCTTTCCGAGCAGGTCATACGTCACCATGGAATGAACAGAAGCATTATGTGTCTCAACAGCAGTATTCGTCAGTGAAAAACCTTCACCGTTTCTGAGTTGGTCGTCTGTGATTTGATCGCCTTGGACGCCGCTCTGGATTGTATACTGCAAAGGCGCGACCTTCAGTTGGCTATCCAGTGCATGGATGCAGTTTTGGATAAGCTCGCTCGAATCGAACTCGACACGGTAAACCGCCTTCTGATTGATTCTGCTCCAGAGCTCCTTGAACTCCTTTTTCTCAAAGTTCGCGTTCAGAGGGTTGGTCTTCGGCGCACGGTCATTATCGACCCCGGGAAGCTGAGCCTCGCTAAATACGGTGTCTATCAGCCCAAGAATCTGCTCGGCATGGGGGGCGAGTTCTGGCGGAAGGGCTGCCAAAGTTCCGGTGGCCTTGGCCGCGTGGTAAGTCTCCGTGATCTGATCCGCGTCATCCGTGTAATCGTTTTTGAGGAGGTATCTGTAAATCTGTTTGGCCATGGCTGGCGTGATTTCAGTCGTCCCGGATTCCGTGCTGATGACCTTCCCGGTGAAGTAGGCTTCATCGGCCTTGCGCGGACGAACGGAAAGGGACTCGCTGATTTCCTTCTGGAGGTTCCCGACGAAATCCTTGTAGCTCTCGCTGGCGACAACAGTCAGGATATTCACTTGATGGACCGTTGCCGGGTTGTCCATGCGGTCGCCATGCTGATTGACGCTCAGCCTCAGCCCCCGGCCAACCTCCTGGCGACGAGAGATGGTATTGTCGCTATGCTTCAGCATGCACATCACGAAGACGTTGGGGTTGTCCCAACCTTCGCGTAGCGCCGAGTGAGAGAAAATGAAGCGTACCGGCTCATGAAATGATAGTAACCGTTCCTTGTCTTTGAGGATCAAGTCATAGGCGTCCACGTCATCTGACAGTCCGGCTTCCTCGCCACGCTTTTTCACCGAAGGGTCAGTCAGCTTCTTTGTTTTCTTGTCGATTGAAAAATACCCATTGTGGGTCCGCTCCATGGGAATCTTCTTCAAATGCTTTTGGTATGCTCCGCCATCAAGTGGGAGCTGGCTCAGATACTCAGCTCGAACCTTTTCATACTCTTCTTCAAATATCCGGGCGTAGTCTCCCTTTTCATCATCCTGGCTGTAGTCCCGATACTTTACGACTTCATCAATGAAGAAAAGCGACAAGACCTTGATTCCCTGTGAAAAAAGAAGCTGTTCCTTTTCCAGGTGAGATTTGATGGCTTCTCGTATCTGAATGCGACGAATCGCCATTTCGGTGATGTCACCGGTAGCATCGCCAGCGCTCAAAACATGGCCATTCGTGAATTCAACGGTGTCCTTGTTCGCGTCTATCTGTGCTATGACAAATCCCCGGTACTGGTCCAGCTCATTCGACTCGACGAAAAGGTCCCTTCCCTTTTCAAGGCGCTTTGTGATCCGTTTTATGCCGCCTCCCTGGCGCACTTCCATCTCAATACGGGCAACCGGGGCCTTCTTGGAAATCTCAATGGACTCCAGATAGAGATAGGCATTGGTGCCAGCCAAACCCTTCACGGCGATGCCCCTCACGGCAATTTTCTTCACCAGCTTCTGGTTGTAGGCGTCAAGCGCGTCGAGCCGGTGCACCTTGTTGTGTGTCGTCTTATGGGTGGCCGAGTAGCGGAGGATCATGAGCGGGGTGAATTTGGACAAAGACTCTATTGTTGCCTGCCCCTCCATCTTCTGGGGCTCGTCCAAAATCAATATGGGACGGTTGCTGCTGATCACATCAATAGGACGACGTGACTGGAAATCATCCAGTTCATCATATATTCTGCGGTTGTCTGCACCACGCGAAGCAAATGCTTGGATGTTGATGACCATCACATTCACGCCCGCGTCGGAAGAGAAGCTCTCAAGCTGGTGAAGCTGCTTGGAGTTGTAGGCAAAAAAGCGAGCCTTCTTGCCATAGCTTTCGGTGAAGTGCTCGGCGGTGATTTCCAAGGACTTGAGAACGCCTTCGCGGATCGCGATGCTAGGCACGACGACGATGAACTTGGTCCAGCCATAACGCTTGTTCATCTCGAAGATTGTCTTGATGTAGCAGTAAGTCTTGCCAGTGCCGGTCTCCATCTCAACGTCCAGGTTGACCTTGCAACCGGCGCTGGTGACGAGCTTCTCGGAGAGGGGAAGGTTCTGCCGCTTTTGAACCTCGTGGATATTGGACAGCAGCTGCGCTTCATTGAGCTGGATATCAGCGTTCTTGAATCCGGCCTGCTCCACCTCTGTGCCTGGCAGTTTTTGCTGACGGGCCTTGGGGTCGACGCCAGGGTCAATCCGATAGGTCACGCCAGAGGTTTTCACCTGCCCGGCAAAACAATCCACTACGGAATCAACCGCATTTGTCTGAAAGGACTGGACTTTGAATTTGAGTTTCACTCAAGGCCTTCCTGAATATTTTCGAAAGTTGATAGCCACTCGTTAAAGAGCGGGCACATATCACGCATTGCCGGAATGCCAATTTCTCTGGCAATAGCAATGCCTATTGTCGTCTTGGGGAATTTGCCATTGAGGGACCACTTGTCTAGCCGCTTAGAGGGGGCGGTTTCAGGGCTGTTATTGATCGCCTCAGGTTCTCCAAATTGCTCAAGGATAGAATCGACCTCTTGTTGGTCAATGCCCAGTTCATTTGCCAACGCAGTACTATCGCTGAACAGTAATGATTCAAACTCATGGATTGCCATATACGGTATAAACCGGTAGTCGGCTCTTTGATCTTCAAACAGTTCGTTTACTATGGCCTTGGTTGCTTCATTCACTGTCTGAGCAATTATATCAGGAGTAGCTTGTGGAGAAATATCGTCTATTCCAGGCCACTCTTTTATCCCATAATAGTCGACCAAGGTCGTGACATATGTATCTGAACGTTGCTTAAGGTGAAGTCCAAGATCCTTTTTGACTCTAGAAAATTTAACGTCGCCGCCCTTTTGGCCAGGCTTGGAGACCTGTGTGGCGTGCATGAATATATTTCTTGCCCCAAGGTATGGAGCAAGAAGTGATTTGACGAACATCTCCTCTGTTTTTCCTTCCACGATGGCCATTACTTCGATGCACCTACTCATAGACCGGTCCCCCGACGATCACATTCTTGGTCCAGAGTTCGCCTACGGAGTAATTTTCAAGCCATTCAGAAAAGTCTTTTTCCTTTAAACGCTTAAACGTTGAAGCACCGTTCTCTCTGTTGGCTACGATGATGTTTTCTATGGCGAATTGATCGATCAAGGCTGGTGATTGCGTTGCAACAAGTACTTGTGTCTGTTGAGACGCAACCTGAATCAACTCAGCAAGCACAATGATCGCGGCTGGATGTAATCCCAGCTCGGGCTCGTCGATAATAATCGTTGCAGGCGGGTCTGGCTGGAGTAAGGCAGTTGCGAGACATATAAACCGAATAGAGCCGTCTGAAAGGTGGTACGGCTGCATCGGATAGTCTGAGCCCTTTTGGGTCCAGCTGATATTGACCTCTTCCTTGGAACCTCTTTCTTCTGGTTCAAGTCTAAAATCATCAAAAAAAGGGATCACGAGCCTAATGGCGTTCAAAATTTGTTTGTATTCTTTAGCATATTTAGTCTTCAGCTTAAGGAGGAAGGGGCCGACGTTGGACGCATCAGCTCTCAACA
NZ_CP168306.1_gap24	1005127	1008636	3509	CGCTCCAGGGGCCGGCCACGATCCTCTTCCAGGCGGCCGCTGGGCCGGAGCCCCTCTGGCGCTGGGCCCTCGGCGAAATCCGCAATCTGGCCTCCATCTTCTGCATCATCACGAGCCTCATCGGACTCATGCGCCTGCTTCAGGCGCTGCGCCTGCTGGATCTCTGCAACGCGCTGCTGCGCCCCGTGCTGCGGATCATGGGCATCGGCCCCCGGGCGGCCACCATCACCATCGTCGGTTTGGTCATGGGGCTGGCGTACGGCGGCGGGCTCATCATCCACGAAGCCCGCGAAGGCCAGGTCGAAGGCCGGGACGTCTTCGCCTCCCTGACCCTCATGGGCCTGTGCCACAGCCTCATCGAGGACACCCTGCTCATGCTGCTCATCGGCGCGCACCTGTCCGGCATCCTCTGGGGCCGACTGCTCTTTTCCCTGGTCGCCACGGCCCTGCTCGTACGTATCGGCGCGCGGCTCTCCAACACCGCGCAGAACCGCTACCTCTGGGCCGAGGCCCGCTGACACGGAGGAAAACGATGGACGAGATCACGGTCATCCACACCGACAAGGCCCCGGCCGCCCTGGGACCATACTCCCAGGCCCTGGCCTGGAACGGACTGCTCGTCCTAAGCGGCCAGACCGGCCTGGACCCGGTCACGGGCGAACTCGTTTCCGATTTCGCCGGGCAGGCCCGGCAGGTGCTGGACAACCTCGGCGCGGTCCTGTCCCAGGCAGGGGCGGGCTTCGCCGACGTGCTGGCGGCGGATGTCTTCCTCACGGACATGGGCCGCTTCGCGGAGTTCAACGCCATCTACGCCGAGTATTTCCGGGAGCACAAACCGGCCCGGACCACGGTGGCGGTCAGCGCCCTGCCAAAAAACGGGCAGGTCGAGATCAAATTCCTGGCCCGGCTGCCCCGATCCTGATCCGCGCCGCCGCTTGACAAGGGAGCCTCGAGAGGCGTAAGCGCTTGCTCATGCAGACCCGGACCGACAGCCGCTTCTTTTTCTTCTTTTTCTTTAGCAGCGCCTGTGGTCTGGGGGTGCGCGAGTAAGGTCGAAAACGAACACGAAACGCTCCCGAAGGCCGCAGGCATACCGCCCGCGGCCTTCGTCGTTTCGGTCGCGGCGGATTCGGGACAATCCCCTGGGAGGCCGACATGCAACTGGGCAAATCCATCCGCATCGAGCGCATCATCAACCGCAACAACGGACGGACCATCATCGTCCCCCTGGACCACGGCGTCACCGTGGGCCCGCTGTACGGACTCGTGGACCTTCGAGCCACCGTGGACCAGATCGCCGACGGCGGGGCCAACGCCGTGCTCATGCACAAGGGGCTGCCACGCTGCTCCCATCGCGGACGCGGCCGCGACGTGGGCCTCATCATCCACCTCTCGGCCAGCACCACCCTCTCGCCCCATCCCAACGCCAAGGCCCTGGTTGGCACGGTGGAGGACGCACTGAAGCTCGGCGCGGACGGCGTCTCCGTGCATATCAACATGGGCGACGAAACCGAGGGCCGCATGCTGGCCGACCTGGGCCAGATGGCGGCCAAGGCCAACGAATGGGGAATGCCGCTCCTGGCCATGATGTACGCGCGCGGACCGGCCATCAAGAACCCCTACGACCCGGATCTGGTGGCCCACTGCGCCCGGGTGGCCCTGGAACTGGGCGCGGACATCGTCAAGGTGCCCTACACCGGCGACCCCGAAAGTTTCGAACGCGTGGTTGAGGCCTGCTGCGTACCGGTGGTCATCGCCGGAGGGCCCAAGATGGACGACACGCGCAGCCTGGTCCAGATGGTCCACGACTCGGTGCGGGCCGGAGGCGCCGGGCTTTCCGTGGGCCGCAACATCTTCCAGCACGAGCAGCCCGCCCGCCTGCTGGCGGCCCTGGGCAAGGTGGTGCATGAGGATTGGAGCGTGGATCAGGCCATGGCGCTGCTGGCCTGACGCTGTTCAGCGGGCGGCGGCTCGCTGGGAATTCCCGCAGTCGCCGCCCCTGAGCCCTTGGCCTGGGCCGGTTTGATTTTTTTCTCCCGGCGGATTGTCTTTCCAGCGGGAAATATGTATCCATCCCCGAGGATTGCCGTTCAATCAGGGCGATGGCGCTGGACCACGCCAGCAGGGAGGGAGCCGATGCCTTACGACAAAAACATGCGCATCCTGGTGGTGGACGACTTCTCCACCATGCGCAAGATCATCAAGAACATCCTGCGCCAGCTGGAACTGACCAACGTGGTCGAAGCCGACGACGGCACCACGGCCTGGGAGGTTCTCAACCGGGACAACATCGATTTCATCGTCTCGGACTGGAACATGCCCAAGATGAGCGGCATCGAACTGCTGCGCAAGGTCCGGGCCAGCGAGGAATACGCGGCCACGCCATTCCTCATGGTCACGGCCGAGGCCCAGCAGGAGAACATCATCGAGGCTGTCCAAGCCAAGGTTTCCAACTACATCGTCAAACCCTTCACCCCCGAGACCCTGGCCCAGAAGATCGACAAGATTTTCGGCAAATAGAAAAGGCGGGGCCGCACGGCCCCGCCTTCATTTCATATTCCGTCCCGCCGCCGTGTTCAGGTGTATTCCACCCGGACGGCATCCAAATATTCCCGCAGCCGCCGCGCCAGTTCCCGGGCAGCCGAGGCCTCGCCGCGTCCGGCTGCGGTTTCCAATTCCCCGCCGAGGTCGCGCAGGCCCAAGAAGCCGTATGCGGCTCCGGCGCCTTTGGCGCTGTGTCCGATGCGCCGGGCGGTATCCAGGTCGTCCGCGTCCAGGGCCCGCTCCAGCGCCTCCTGGTCCCGCCGGGAACATTCCAGAAACCGGTCCACCAACTCGGCCAGATCCGCGTCGATGCGTTCCACCACGTCCCTGCCCATGGTCGCTCCTTCGCTTTCGTCAGCATAGTCCCATCCCGACGAAAAATGAAGCGGCCGCGAATGGAGGCCCCGATCCGGGCGGCGACGAAAAAAACCGGCCGGGATACCCGGCCGGTTCGCGTCCTGTCGTCCCGGAATGATCAGCCTTGGCGGGAAATGAAGCGATTGGAGACCGGAGGAGCCACTCTCGAACCGTCCTTGTAGGCGGAAAAACGCTGGTTCTCGAGACGGACCCGCTGGAGGTCGGCTTTGAGGGCCGCATGCAGACGCCGGGCTTCCTGGGTGATCTGCCCCTGGAGAGCCTTCAACTGGGTCAGCTTGTCGAGTACGCTGTCCAGATCCACGCGCTTTCCGTTTTCGATGGAGGCGGTGAGGCGTCCACGATCCTGAGCCAGCTGTTCGGCTTCGAACACGTCCCCGGCGATGAGAAAGCCCAGTTCCTTGTGGCCCATCTCGATGGCCTGGTCGAGCAGCGTCACCATGTCGGACATGATCTTACTCCTTGCGCGCCAAGCGAATGTCCTCGCGCAGTTCGGCGATGACCTTCTTCCAGCGGTCCACGGCCGGAAGGAACTCATACTCCAGCAGATCGGAAAGCAGAATCCAGTCCTCGTTCTCCAGCACCTCGGA
NZ_CP168306.1_gap25	1022934	1026359	3425	TCCGACGCCTTGACCTCTCGCATGGGATCTCCTTTTTCCAGTGACGTCCCGCTACTTCCTGAAGATGTTCTTCAGGGCGGTGATGCCCATCTTCCGGCGCAGGAAGCCGAGTTGGTTCTGCAAGGGCAGGTGCTTGGGGCAGACGTCCTCGCAGGCCAGCAGGCCCATGCAGCCGAATATGCCGTGATCGTTGCCTATGATGTCGTAGTACTCCTGATCGGTGCGCTCGTCGCGGGGGTCGATGACGAAGCGGGCGATGCGGTTCAGCGCCACAGCGCCGAGAAAGTCCTGGCGCATGCGAGCCGTGCCGCAGGCGGACACGCAGCAGCCGCACTCCACGCAGCGGTCCAGCTCGTAGATGCCCTCAGCCGTGGCGTTGTCCATGCGCTCTTCCAGGGCCGAGGGATCAAAGGTCTTCTTGGTGTGGATCCAGGATTCCACTGTGTTGTACATCTCGCGGAACCAGGAGCCGGTGTCCACCGAGAGATCGCCCACCAGGCGGAATACGGGCAGCGGCAGAAGCGTCACGTCCGTGGCCAGATCCTTGGTCTTGGTGTGGCAGGCCAGACCGGGACGGCCGTTGATGACCATGCCGCAAGAGCCGCAGATGCCCGCCCGGCAGCAGAAATCGAATTGCAGGGAGGAGTCCTGTTCCTCGCGGATGCGGTTGAGCGCGATGAACAGGGTCATGGAATCCGTCTCCTCCAGGACGAAGGTGTCGGTATGCGGCACGGACTCCGGGTCCTGGGGGTTGTAACGGAAGATGTTGAACTGGAGCAGTCGGCCCATGGGTTACTCCTTCTTGCTCTCGGCGCTGATGACGTCGGTTTTGCCGTAGCCCCGGTCTCCGGGCGGAATCTCGAAGACCTGGGTGGCGGGCTCGTAGGCCAGCGTCGGCAGCGTGTCCTCCGGGCTCTTCCAGGTGGCCAGGGTGCGCACGAGCCAATCGCGGTCGTTGCGCGCCGGGAAGTCCTCGCGGTTGTGGCTGCCGCGCGACTCGGTGCGCTGGAGCGCGCCATGCGCCACCATCAGGGCCATCTTAACCTGGCCCTCGATCTTCAGCGCGGCGGCCAGCTCGGGGCTGGCCCCCAGGCCGGAGGACTTGAGGCCCACCTCGCGGGCGCGGCCGAGCACGTCCTGCAAGGTGGCCACGCAGGCCTCCAGGTCCGCGGCGTTGCGGAAGATGTTCGCGCCCTTGTTCAGGGCCTCCTGCATGGCCGCGCGGACCTTGTAGACGCTCTGGGAGCCGTTCTTGCCGGAGATGAGCGCCTGGATGCGCTCCTCCTGGGCCCTGGCCTCGCCGTCGATGACCGTGGACTTGAAGATGACCTCCGCGCCCAGGGCGTACTCGGCCATCTTGCGGCCCACGATGCCCCCGGCCACCACGGTCTCGGCCAGGGAGTTGCCGCCCAGGCGGTTGAAGCCGTGCATGTCCCAGCAGGCGGCCTCGCCCGCGCTGAACAGGCCCTTGAGGCCGTAGGCCGCGCCGTCCTTGTTCGTGCGCACGCCGCCCATGCTGTAGTGATGGGTGGGCCGCACGGGAATGAGCTGGTGGATGGGATTGATGCCCAGGAACGAGGTGCATATCTCGTAGACCTCGCGGAGCTTGCCGGTGATGTGCTTCTCGCCCAGGTGGCGGATGTCCAGCCAGAGGTGCTCGCCGTAGGGCGAGGGCACGCCCTTGCCCTGGCGGATGTGGTGGGTCATCCAGCGGGAGACCACGTCGCGCGAGGCCAACTCGGCCTTCTCCGGCTCGTAGATGTGCATGAAGCGCTCCTGGTTCACGTCCAGGAGCGTGCCGCCGTCGCCCCGGCAGCCCTCCGTGACCAGGATGTCCGTGGGCACGATGCCGGTGGGATGGAACTGCACGGCCTCCATGTTGCCCATGGGCACCGCCCCGGTGTTCACGGCCAGGATGTGGCCTCCGCCGTCGCAGATGACCGCGTTGGTGGTGTTCGGATAGATGCGGCCGAAGCCGCCGGTGGCGATCATGGTGGCCTTGGCCAGGTAGACGCGCAGTTCGCCGGTCTTCAGGCAGCGGGCCACCGCGCCGAAACAGGTCTCGCCGTCATGGATGAGCGAGACGGCCTCGGTCTTGTCATGGACCTCCACGCCGAGTTGGGCGCAGCGGTTGTCCATGGTGAAGAGCACGGAGTGGCCGGTGCCGTCGGAGACGTAGCAGGTGCGCCACTTGGCCGTGCCGCCGAAGGCGCGGGCCGTGATCAGGCCCTTGTTCTCCTCCTTCTCCTCCTTCTCGTACTTCTGGCCGCCCTTGAAATAGCTCGACTTGCCGGGGACGACCCGGTTCCAGGGCACGCCCCAGAAGGCCAGCCGGCGCATTTCCACGGGCGCGGTGTCCACGAAAAGCCGCGCCACCTCCTGGTCGCAGCCCCAGTCAGAGCCCTTGACCGTGTCGGCGAAGTGCACGTCCGGACCATCGCCCGCACCCATGGCGCAGTTGCCCAAGGCCGCCTGCATGCCGCCCTGGGCCGCCGAAGAGTGCGAACGGCGGGCCGGGACGACGGACAGGCAGATGGTGGACAACCCCGCGTCGGCGCACTCCAGCGCGGCGCGTTCACCGGCCAGGCCGGCGCCGATGACGAGCACATCCGTGTAGACTGTCTGCATGGTGTCCTCCTAGATCGCCAGGAACGAGAACCGCAACAACGTCAGCAGGCTGAGGCCCACACAGACGAGCACCAGGATGGTCACGAAGCGCTTGAACCGGGCGCGCCCCTCCTGGCCCACGAACCCCCACTTCACCCCGATGCGGTACAGGCCGATGCCGAGATGCACATGCACCAGGGGACCGAACAGCAGGTAGAACAGCAGCCAGCCGCTGCGCTTCTGCAGAACCTCCGCGCTCTTGGCCGCGGTGATGGGCAAATCGGTGAGCACCACCCACATGTGGATCGTGCCCATGAGCAGGAGGAGCATGGCCGTGACCACCTGCACGAGCCAGAGCCAAGTGTCCTGGTGGTGCAGCATGGTGGCGTGGGACCAGAAGGTCTTCTGGCGGTCGAAACGGAAGGGCACCTTGCGCGCGGCCAGGAGGAAATGCCCCAGAAAGAGCAGGAAGATGAGCGGGCCGCCCACCTGCGCCAGCCCCGTGGCCTCGAAGAAGCCCGCGATGGCGTTCATCACGCCGGGACCGATGATGACGCTCGCGACCAGGAGCATGTGCGCCCATATGAACAGGATGAGCGCCGCCCCAGAGAGCATCTGGAGCCAGTCCAGAAGACCATCCCACTTGGTCGGCCTGCCGGCGAACACTGTGGTGTCGATGCCCATGGTTCCCTCCTCGGAACGGATGCGGAAAGCGCCTTCCCAGGCTGGAAAGACGTACTCGCTTCTTCGCTCACCCGAATTGTTTTGTCAATCAGGTTTTCATTCTAACGCACGTTGAAATAAAGAGTTTTTTCAAC
NZ_CP168306.1_gap26	1037738	1041188	3450	GCACGTCTCCATCCTGCGGAAGCACGGCCTGGACGCCTTCGTGGTCCACGCCGAGCCGGGCTACCGCTATCCCTTCGCGACCTCGGACGCGCCCGTGCTGGCCCAGCGGCCCGGTCTGGCCCTGCGGCGGGACGACGTGCTCGTGGTGCCGGAGAACTTCCCCCTGGAGAACCTGCCCCAGGTTCCGGGCCTGCGCTGCGTGGTCTTCCTGCAAAGCTGGTCCCTGGCCTTCCAGGGCCTCTCCGACCCCCTGGCCTGGGAGCGTCTGCCCGTGCGTCGGGCGCTCTGCGCCTCCGAACTGCTCCTGGAGTTCGCCAAGGACTTTCTGGGCCTGAGCGAGGCCCGCCTCGCGCCCGACGCCGTGGACCCGCTCTTCCATCCCCGGCCCAAGAAGCTCCGGATCGCCTGCATGCCCCGGCGCATGCCCGAGGTGGCGGCCCTGATCCGCGACCTCTTCCGCCTGCGCCATCCCCTGCTGCGCCACGTGCCCTGGCTGGAGATCGACGGCGTAAGCGAAGAGGAAGCCGCCGCCCTGCTCGGCGAGTCCGCCCTGTTCCTCTGTCTCGGCCGCCTGGAGGGACTGGGGCTGCCGGGCCTGGAGGCCCTGGCCTCGGGCTGCCTGGTGACGGGCTTCCACGGCCTGGGCGGCCGGGAATACGCCCGGCCGGACAACGGGCTGTGGTGCGGCCAGGAGGATGTGCCGGACTGCGTCCGCAAACTCGGCGAGGCCGTGGACATTCTCCAACGCGACGATCCCCGCGCCGGGGCCATGATCGAGGCCGGAATCCGCACCGCCGCGGCCTACACGCCCGAGCGCCAGGAACGGGAATTGGCGGCCATCTGGGACTCCTGGCTTCGGGACAACTGACCGGGCGGCTTGAGCCCGGACGGCCTTTGCCCTAGCATGCGTCCATGCCCGGACCCTACGACGCGACTCCCCTCTTCCAGAACGGCCGCCTGACGGACGTGGCCGTGCGCCAGGACGGCAAGACCCGGCATCTCTGGGGCCGGGGCGGGCCGGAGGCCGAGCGGTCCTTCGTCCTCAAGGCCCTTCAGGCCCACGGACTGCCGGTTTTTCTCGGCGCGGGCCTGGGCGTGGGCATCGAGGCGGCCCTGGCCGTAGGCCGCGCGCCCTTGGCCGTGGTGGACCGGGAGACTCCCATCCTGGCGGCCACGGGCTGCCGCGAACGCTTCGCCGCCGATCCCCGTGTGCTCTGGCTGGACCAGGGCGAACCGTCGGGCATCCTGGAACGCCTGCGGGCCTGGAGCCGGGACAACGGCGCTCCCCTGTTGCCGGTGGCCCCGCCCTTCTACCAGCGCCTGGGCCGCGCCTTCTACGGCGGCCTGCTCCAGGCCCTGGAGCGTCCAGCCGGGGGCGACTTCTTCGCCCGCATGGCCTACGCCAAGTTCCGCGACGCCCTGCCCCGGGTGCTCGTACTCGGCAGCCGCTACTTCATCATGGGCGAGGTGCTCAACGCCCTGACCGCCCTGGGCGCGCCCTTCCGGCTCTTCGACCTGCACGCCCGCCGGGAAGAGGCCGATTACGGCCGCGATCTGCTCACGGCGATCGCCGAGTTCCGGCCGGACATGCTCTTCACGGTGAACCACTTCGGCTTCGACCGGGGCGGAACCCTGGCCAACCTGCTGGAACGGCTGCGCCTGCCCGCCGCGTCCTGGTTCGTGGACAACGCCGCCCTGAACCTGGCGCTCTTCGAGCAGGCCCGCTCACCCTGGACGCTCATCTGCGCCCACGACTCCGACGACGCCGAACGTCTCGAAGCCCAGGGCTTCCCGCACGTCCTGCGGCTGCCCCTGGCCACGGACCCGACCATCTTCCACCCGGGAGCCCCGCATCGCCCGGGCTGGGACTTCGACGCCTCCTTCGTGGGCGACTCGAAGGCCGTGCTGGTGGGCGAACGGCTGAAGACCGGACGCTTTCCCCGGCCTCTGCTGCTGGGATACCGCCACGCGGCGGAAACCTTCCTGGAATCCCCGGACGGCGACGTGCGGCGGCACCTGGAGATCCGGCACCCCGATCTGGCCGCCCAGGTGGACGCCCTGCCCGAGCCGGATCGGCGCATGTGGTTCGAGAGTCTCGTACTGCGCGAGGCCGGCCGCCTCTACCGCCTGCGCTGCCTGCGCGGCCTCCTGCCCCTGCGCCCGGCGGTGGCGGGCGACCGGCACTGGCGGCGGGCCCTGGGCGACGCCCCGGGCTGGACCTGGCTCGGACGCCTGGACTACTACGAGGATCTGCCCGCCCTGTACCGGGCCAGCCGTGTGAACTTCAACTGCACCAGCGCCCAGATGAAGGGCGCGCCCAACCAGCGGATATTCGACGTGCCCGCCTGCGGCGGCTTCCTGCTCACGGATATGCGGGAACAGGTGGCGGCCCTGTTCGAGCCGGAACGGGAGGTGGTCTTCTTCCGCGAGCCCGGGGAGATCGCCGAGCTGGCGCGGCGCTGGCTGGCCGAAGAACCCGCGCGGCTGCGCGTGGCACGAGCGGCCCGAGCCAGGATTCTGGCCGAGCATACCTACGCGCACCGGCTGCGCACGCTGTTCACGGCCATGCGCCGGATCTTCGCCTAGTTTCCGGTGGCGAACCTCGCGACCCAATCCTGATCCAGCGCCCGGCCGTATTCCCCGGCCATGTCCGGCACGGCCGAGACGCCGAGCGCTCCGAACGGCAGCGTGGCCTTGCCCAGCTTGGTGCCCACGATCCGGCTCTGGGTTTCCTGCGGCAGGAGCGTCACGTCCACCGCCGGAAAGTCGCCCCAGACGCGCGGATCGAACTTGGAGAGCTGGGCCTCGGGCGAAAGAATGAGATCAGCCGTGACCATGGCCCCCGGCTTGTTGGGCGCGTTGAAGGGAATGAGCGTGGAGCTGAGGCCGAACACGGACCCTTCGCGCGGGACGAAGGTGCGCACCGTGTCCTTGTAGCGCCCGGCCAGGATTTCGTGCTGGGCGTGCAGGGGCTTCAGGGACACGGCCAGATCCACCTCGCCCCGGGCCAGGAGCGCGGCCAGGGCCGCCGCGTCCTTGGGCTGTGTCTTGCCCGCGTTCCAGAGCAACGGCCGCAGTTCCTCGAGATAGGCCCAGAGCAGGACCGCGCGGTCGCGATACAAGCCTTCGTTGAACGGCCCGGCGTACTGCTCCCCTCCCCCGGACAAGGCGCACAGGGTCTGACGCAGGAAGGCCGAGCCGACGGGGTCCGGAGGCGCGGGGTAGGTGAAGCGGCCGGGATGCTCCCGGCACCAGTCCAGGAGCCCGGCGAAGGTGTCCGGCGGATTCTTGACCTTGGCCGAGTCGTACTCGAAGACGAACTGATTCCATCCGGCCGGAACTTCGAAGCCCTCCGTGGGCAGCCCCATGTCCGTGGCGGCCACCTCGCGGTTCACGTAGGCCTGGACGTTGGGCAACTTGTCCGAGAAGGGTCCGAACAGCGCCCCGGCC
NZ_CP168306.1_gap27	1042668	1043556	888	CGCCCTGGGCCGTTGCGACCGCACGGTCCACTGCAAGGACTCCGGCCCCGGCGAGTGCGCCGCCCTGCTGCGTGACCATCTGCTGGCGAAATATCCCGGAGCGCGGATCACCCAGGTGGGCTATCAGCCCAAGATCGTCCAGGCCGTGGCCGGGAGCTTCGCCCTGCGCGTCCTGGATCTGGACCCGGACAACGTGGGGCAGGAACGCCACGGCGTGCGCATCGAGGGCCCCGAAACGGCGCGGGAGGCGTTGGATCGGGCCGACCTGCTCCTGGTCACGGGCTCGACCCTGTCCAACGACAGTCTGGGAGATTTTCTCCTCGGCAAGCCGGTGATCTTCTACGGCACGACCATCGCCGGAGCCGCCGCGCTCATGAACTGGGAACGCTTCTGCGCCCGCTCGGCCTGACTGCCGGGCAAAGGACGAAAAAAGAGGGGGCCGCGAGGCCCCCTCTTCGTTTGCGGTACCGGTGAAGCTACTTGAGCAGCCCCTCGCCGGCGGCGATGGCGAACTCGAAGACCGGACTCGGAACCATGCCCAGCACCAGGACAACGGCCGCCAGAAGTCCCGCGCCCACCACGCTGAACACGCTCGTGTCCGGGACGGCCGCGCCTTCGACCACGGTCTCCTCGGTGTAGGCGTGGCGCACCAGGGAGAGGTAGTAGTAGATGGCGAAGGCGCTGTTCACGGCCAGGGTGATGACCAGCCAGTTGTAGCCGTGGTCCCAGGCCGCCGTGATGAGGAAGAACTTGCCGATGAAGCCCACGGTCGGCGGCAGGCCCACCAGGGCGAAGGCTCCCACGCCCAGGGAGAAGGCCAGGGACGGGGCGCGCTTGTACAGGCCGTTCAAATCTTCCAGCATGAGGTTGCGGCCGTCGGAGGCCACC
NZ_CP168306.1_gap28	1062776	1065411	2635	AGGTCGTAGAGTCCGGCCACGGCCCGGTCCCAGGTGCCGTACTTGGAGACGCCCTTGAGACGCGGCCGGTGGTTCACGGGGGCTTCTTCCACCCGCGCGCCCTGCATCTTCATCAGGGTGGGCAGGAAGCGGTGCATGCCCTTGAAGCGCGGCAGGCGGCGGGCCATCTCCGCGCGCATGATCTTCAGCGAACAGCCGGTGTCGCGCACGGTCTCCCGGGTCAGACGGTTGCGCACTCCATTGCCGATCCTGGAGGCGATGCGCTTCATGAAGCTGTCGCGGCGCTTGAGCCGCCAGCCGATGGCCATGTCGGCCCCGGCGTCGAACAGCTGGAGCAGCTTCGGGATGTCCGCGGGGTCGTTCTGGCCGTCGGCGTCCAGGGTCACGATGATTGCGCCGCGGGCTGCGTCGAAGCCCGCGCAGAAGGCCGCCGACTGCCCCCGGTTCTCGGCGAAGGCCAGATAGCGCACCTCGGGCTGGGCCGAGGCCAGACGTTGGATGACCGCCAAGCTGCCATCCGTGCTGGCGTCGTCCACCATGACGACCTCCCAGGGACGGCCGAAGCCGGGAGCCGCCTGGCGGATCTCGGCCAGAAGCGGTTCCAGGTTGTCCTCTTCATTGAAGACCGGCAGGACGATGGAGAGCATGTGGGGCTGCATGACCGGACAGGGATACGGAATTTCGCCCAGGATGTAAATAAGGAGTTGACAAACTCGGCCGACACGCCTAATTACCACTTTCTCACGTGACGCGGGGTGGAGCAGTACGGTAGCTCGTCGGGCTCATAACCCGAAGGTCGTAGGTTCAAATCCTGCCCCCGCTACCAGAAAGATGAAGGGCTTGGAGAAAATCTCTCCAAGCCCTTTTTCATTTTCCTAACCTATTCCTAACCAGGGTTCTCCTCTGGAGGAAACACCTCCTCTTCCTTGAGACCATACAGGGCCGCGTCGGCGCGGGCTCCTGGACGCAGGCTGACGCCCCCGCGTGGGGGGCGTCCGGCCACTGCAAGCGCTACGCCCAGGCCATGCACGGTTTCAATCCACGCCCCCGCGTGGGGGGCGTCCAGGCGTGACCGGCCTGCCCTGGCCCGCCCTGGGAGGTTTCAATCCACGCCCCCGCGTGGGGGGCGTCTCCGCGCAATTCCTGATCGCCTCGTTCAACAGCACGTTTCAATCCACGCCCCCGCGTGGGGGGCGTCGTGCGCGGCTGTCTCCGCGAGGCGTACATGGCGCGGTTTCAATCCACGCCCCCGCGTGGGGGGCGTCCCCAACTGTTCCGGGCCGAGGTCAACAAGGCCGTGGTTTCAATCCACGCCCCCGCGTGGGGGGCGTCGAACCGGGCACTCCCGGCTTGTCACGTAACTTAGGGTTTCAATCCACGCCCCCGCGTGGGGGGCGTCCTACGCCGCGAAGGCCGCCGCCAACCAGCGGGCGGTTTCAATCCACGCCCCCGCGTGGGGGGCGTCGGACCACTGGAGGGGTCATTTAACGGACGTTACAGTTTCAATCCACGCCCCCGCGTGGGGGGCGTCTGACCCCCTCCAAGGTCCTCCTCACCTGCCGCTGGTTTCAATCCACGCCCCCGCGTGGGGGGCGTCGTGCTGAGCCAGTTCAAGCTCTAGGGAGGACCGGATGTTTCAATCCACGCCCCCGCGTGGGGGGCGTCCGCATACGGAGTGCGGGCAAAGTGCATACCAGGGGTTTCAATCCACGCCCCCGCGTGGGGGGCGTCGCGAGCGATGCGGATAACCCGCACTAGCGCGAACGTTTCAATCCACGCCCCCGCGTGGGGGGCGTCCCAAGGGGGATGCGGCCCTGGCCACGCTCAAGGGTGTTTCAATCCACGCCCCCGCGTGGGGGGCGTCAGCTCAACTCCCTGATCGACCTCATCGAAGCCTGGTTTCAATCCACGCCCCCGCGTGGGGGGCGTCTTCGATGAAACCTACGCCTACCTTGGCAGGCAGGTGTTTCAATCCACGCCCCCGCGTGGGGGGCGTCGAGCACCGGGAGCACGCCGTCCGCTTGATCGCCTCGTTTCAATCCACGCCCCCGCGTGGGGGGCGTCCACCGGGCAGGCCCATCGCGAACCTCCCGTTCTCGTTTCAATCCACGCCCCCGCGTGGGGGGCGTCGCGCGGAGTTTTGCGATCTCAGACTGGAGCTGAGGTTTCAATCCACGCCCCCGCGTGGGGGGCGTCCGGTATCAACGTAAATACGCTTAGGGCTTACGAGTTTCAATCCACGCCCCCGCGTGGGGGGCGTCTTCTCGGCCGCCTCGGCAAAGGCGGACACGGCGATGTTTCAATCCACGCCCCCGCGTGGGGGGCGTCCGGCGGGTGCGGCGACGGGGGCGAAGTGCTCCGGTTTCAATCCACGCCCCCGCGTGGGGGGCGTCGCCAACGTGCACCTGACCTTCGACACCGTGGGCGGTTTCAATCCACGCCCCCGCGTGGGGGGCGTCCCTGCGCGGCGGCGCCGGATGGAGGTTCGTCATGTTTCAATCCACGCCCCCGCGTGGGGGGCGTCCCGGGAGGTGCCGCAGCGCGATCACCTCGCCGTAGTTTCAATCCACGCCCCCGCGTGGGGGGCGTCGCAGGTCCAGGGCGGAGGGGGACAGGGTGTGCGAGTTTCAATCCA
NZ_CP168306.1_gap29	1153025	1153896	871	CCCGGCGCACCGGCGGGAAGGTGGGCAGCGGCCGGAACTCGACCTTGCGGGCCGTGTGCAGCGCGCGGAGAAGGTCCACGTCCAGGTCGGCCATCCAGACCTCGCGGCGGGCGTGATGGGCGTCGGCCATGTCGGCCTTGACCCGGCCCAGCGTACCCAGGGTCTTGCCCTCCAGGCTCACGGCCACGGCGGGTTCCAGGAAGCAGTGCCCGTCCAGGGCGGCGAACTCCGGGCGGCCCAGCTTGAGGTGTTCGAAAAGCCCCTCGACCAGTCCCTTGGCGTCGAGATAATCGGCGTCCTCCAAGGGCCAAGGCCAATCCTCGGCGAAGCGCGGACCGTGCAAAAGGATCCCCAGCCGGGTGTGCTCTCGGGCGCGGGTCTCCGAATCCTGGTCCTCGAAGTACACCCGGGCCAGCTCGAACAGCCGCAGCCGCACATTGCCCTGGGCGATGTTGTGCTTGAGGTTCTGGAGCAGGCTCGGGGCCACTGCCGTGCGCAGGACGTTCTGCTCCTCGGTGAGCGGGTTGGCGATGGCGATACGGCAGCCGCCCTCCAGACAAAGCAGGTCCAAATCCTTCTGGCCCACGAAGCTGTAGTTGATCACCTCGCGCAGGCCCACGCCCGAGGCCCAGGCCTTGATCCGGCGGTTGAAGGCGAACTCGCCTTCCTCCCGGCCCACGACGTCCAGGGACTTGGCCACGCGCGGAAGCACGGCCGGAATGCGGTCCACTCCGTACACCCGGGCCAGTTCCTCGGAGAGGTCCACCTCGCGCTCCAGGTCCAGCCGCCAGGGCGGCGTGGTCACGGACCAGCGGGCGGCGTCGGACTCGTCCACGAGGCAGCCCATGCGTGTGAACGTCTCGCGGGCGAA
NZ_CP168306.1_gap30	1209914	1214356	4442	TTCCTGACGCCAGATGCGCTCTATGCGCTTGTGGTTCACCAGCCATCCTTCTCGCTCAAGCAAGGCCTGGATGCGGCGGTACCCGTACCGGCCGTACTCACTGGCGAAATGGATGATGGCCGCCTTCAGCGGCTCTTCATCACCTGCTGTGCTCGGACGGTAGCGCTGCGTCGCCCGGGGCTGTTCCAGCACCCTGCACACACGCCGCTCCGGCACCTGGAGAACCGTACGCACATGAGCCACACACTTCCGGCGCCGGGAAGGGCTCAGAAGTTTCCCCTTGCCGCCTCCTGTAAGATGAGCTTGTCCAGGGTCAACTCGGCCACGGCCTTCTTCAGCCGGGCGTTCTCACGCTCCAGCGCCTTCAGCTTCTTGGCCTGATCGACCTTTAGCCCACCATACTCGTTGCGCCAGCGGTAGAACGTCTGCTCACAGACTCCAAGAGCCCGGCACGTCTCGGCCACCGTCTTGCCCTTGGCCAAAGAAACCTCAGCCTCACGCAGTTTGGCGATTATCTGCTCAGGTGCTTGTCCTTTCCTGCCCATTGCCTGCCCTCCATGGTCCAGAGACTAACAAAATCCCTGGCTCAGGTTTAGGGGGGTAGGTCACGAGGATTCCGCCGAACAGCTCGGCGTCATGGCAGGGCTCGTGGTGGTGGCCGTGCACCACGAGCCGGACGCCCATGTCCCGCGCCAAGTTGTCCAGAACCTCGAAGCCATGCGGGTGCGTGGTCGGCGCCTCATGGGTCACCAGGACGTCGGCATGCAACCGCGCCAACGCCCGCACATCCTCGGGAAAAATCGATGTCCAGTGCCGCAGGACAGATCCCCGGCGAAACCGGTGCGCTGGCCTGGTGCAGCGGACAAACTCCGCCCGATCCGAATCGTGGTTGCCCAGGATGTACCAGGTCCGCTCGGCCCAGACTCCCATGACCTCGGCCAACAGCCGATCCGGGGTCTGGTCGCCGAGCAGGACGATGGCGTCCGGCCGCGTCGTCTCGGCATGGACCAAGAGCCGCTGGAACTCGCCGTGGGGATCTCCGCAAAACAGGATCATGCTCTCCTCCGACTTCGCGCGATGCGCCATATGCATTCAACCTGGCCGCGCCGGACCAGTGGGGAGGCGCGGTGTTGGGGCATTCAAGCGGCCTCCGGGATCGCATCCCGCCGCTCTCGAAAACCTTCTCCGGTCGGCTCCAGGTGTATTGGGGTCGGGCTGGTTTGTCAATTAATCAACCGTTGACTAATACTGTTCATATGGGGTATCCCTTTCCCAACACAAACGGCGCGACGCGCAACCAGCGCCGCGGGAGGCATGCCATGACGCCGAAAAAGAAGCAGAAAAATGAACAGGCCAGGTGGAACACGGGGCATCTTGAGTCGCCGGCAGCGCCTCGGGAGGATCCCGCCAAGACGAGCAAGCGGAAGATCGGATTCCTGGCGGAGCACGAATCGCCCAAGCCCTGCGCGAAGACCGAGGATGAGAGCGGACTTCTCTGTTCCTTCGACGAGGGCGGCGGAGTCAGCTTCCTGGAGGGCACGCACAACGTGCTCGTGCTTGGCGGCACGGGCCGGGGCAAGACCTCCAGCGTCATCCTGCCCGCCCTGGATCGCCTGCTGGGCGCGGGTTTCGGCGGCCTGGTCATCGACGTGAAGGGCAACTTCACCGAGCAGACCCGGAGCCTGGCGAGGCTGCACGGCCGGGAAGAGGACATCCTGGAGCTGGGCACGTCGCCGTCGGCACGGCGGGTCAATCTGCTGGCCGGTCTGGACCTCACGACCACCGGGCGGTTGCTGAAATCCTTGACGCTGCACGGCGTGGAGCACAGCGACAACAACGACTGGCACGAGAAGGGAGTGAACATCGCCACGGACGCGGCCCAACTCCTCCTGTACCTGGCCGAATCAGAGCCCTGCTTCACCCCCAGGCTGTCCCTGCTCCACGCCCTGTGCACGGACTACGGCCTGGCGCGGAGCCTGTTCGCCTATTTCAAGGCCCATGTCCTGGACCCGGCGCGGCCCGATCATTCCGCCTTCGTCCGGCGGGTGCGGGACGTGCATTTCCATCTCTTCACGACGCGACCCGAGAGTTTTGGCAAGTCCTCCTCGGAGTGGGAGCGGCAAATGAGCTGGAACCTGCAGCGCATCCGCGAGACCCTGGCCCGGCTGTCCGACGATGCGGCCCTGTTGCGGAACTTCTCCGCGGAAACCAGGGAGACGGACCTGGACTTCGCCAGGCTGGTCTACCAGGAGAAGAAGGTCGTGGTCCTGCGTTTCGGGGTGGGCGCCTCCGAGGCCGGATCGCTCATCGCCCGTTTCATCAAGGAACGCTTCTACCGGGACGTGTACCGCAACGGGCTGCGCATGCTGCGGCCTGGACAGCACACCTTCCTGGTGGCCGACGAGTTCCAGGACATCATGGACGTGAACAGCGAAAGCGACCTGAACGACTTCAGCTGGTTCTCCAAGTCCAGGGAGTTCCGCAACATCAACCTGGTGTCCGCCCAGTCCATGGCCTCGCTCCATGCCCGGGCGACGAGGCGGGCCGCCGTGACCTCGCTTTTGTCCAACTGCTCGACCAAGCTGGTTCTGCAGCTCGACGATCCCGAGACCCTGGCCTATCTGGCCGCCTATCCCGGCCTGCCGGTCAGCGCCCAGGACCTGTCCCGCGGACGGGCCCTGGTTCTCAAGTACGATCTGTCGGACAGATCGTACACCGTCTCGGAGCAGGGCTTGCAGAACAGCCACGATTCAGGGCAATCTCGGTTGCCGTCGATCCAGACCCGGGAGGATTCCCTGGAGGTTGTGGCGACGGAAAGCTTTGGAGACGGCGGCCTGCCCGCCGAGGTGCTGGACAAGGTGCTGGCCTGCGATCCCGCCCCGCGGAACGAAACGCCGGGCATGCGCGAGGCCCTGCGGCCGTGGCCCAGGCTGTCGGCCTTCTACGACAGGTACAAGGCGCTCCTGGCTCCGGGCATCACGGCCGATCACCTGGCCATTCCGCCGGGCTGGATGGCCTTGGTCGAGACGGCCATGGCCCGGATCGCGGCTCTGGACGTTCCGGTCAGGATCCGCGGCATCGGAGCCGACGGCAACGTCCTGCATATCGATCTGGGGTTCAGCGCCTCCCCGGCATGGGACGCCGTCTCCCGGGCCCGCGAGAGGAGCCGGAAGACCTGCATGCTGTGCGGGAAGACCGTGCGCAGGAAGAAAACGTCCCAGGATTTGGGATATAAACGCCCGGCCGGCGCGCTGTGCCGGGCCTGCCGGGGACTTCCGGCCGCCAAGGCCCCGGACGGCGGCGACCATGCGGTCCCGGGAATGCGCAAGGACTGACGAGAGCCACATGACCATCGACCAGCCCATGACCCATGACCAGGAACGGCTTGCGCGACAAGCCGGGAACCATCTGTGCCGGGCCGGGCAATTCCTGATCCAGAGGGGAATTGCTCCGGCCCTGGCCGAGGTTCTCGTCCTCGCGGCCCTGGCCGAGGCGGACCCGCTCTCCCTGAGTCCGGACCAGCAGGCCGAGGTCGAAAGGCTCCGGCCCTCGGTCCGGGGCATCCCCATCCCGGACCCGGCCCTGGCCGTGGTCCATTTCCTGGCCGAATCCGGCCTGGCCGCCGGTCCCGCGTCCGGTCTGCTCCGGCTGCCTTCCGAACTCGTCTGGCTCATGGACTTTCTGACCGCCGGCGAGGGGGGTTGGGCCTATTGTCCCTTTTCTCTCTCCCTGCAGTCCGCCATCATGGCCACCCGGCGTTATGAATCCGTGGTCTTCCAGGACGCCCCCCTCCCGGCCGCGTTCATGGAGGCCCTGCTCGCCCTGTTCCCGGCCTTCGACGCCTGGGAAGGCGACATCCTGGCCCAAGGCGCGGCGACCCCGTCCCGGCCCATGGACCGCGTAATCAGCGCCGGGCCCCTGGCCCATCGCGTCACCCCGGCGCGGACGTTATGCACCGTGGCCTCGGAGGGCTCGGTCACCAGCAACGGCGAACTCATCCGCCTCGACCTTCTGGCCGGCAGTCGGCCCCGGCGTCTGGCGACCCTGGTGAGCTGGGGCTTCCTGGCCGCGGGCAGGAAGCTCGAAAGCCTGTTCAAGGCCTCGCTTCTGAGGGCCGGTGTCCTGGATGCGGTGATCCAGTTGCCGGTCAATCTCATTCCCGGCACCCGCTGGAATCCCGCCCTGTTGGTTTTGGACGCCGAGCGCGACGCGGACGCGCCGGTCCGGCTCCTGGACGCCTCCGAAGGCTTTCACGACCTGCTCAAGGAGCGGTCCACCCAGGCGAGGCTCAAAGGCTGGCGGGAAGTGGCGGACCTTCTTCGGGAGGGTCGCTCGGATCGCGTCCGCCTCCTCGGGGGTCAGGCATTGGTCCGGGCCGACTGCGACATCACTCCGCGCCGCCATGTCCGGGACGTCGCGCCAACGCCCAAGGAAGCCGAGAC
NZ_CP168306.1_gap31	1222785	1226760	3975	AAGTCCATGCGCCTCGGCATCCCCAAGAAACCACGCGCCAAGCGAACACATCACGCCATGCAAAGCCTCACCGAGCATGAGTGTGCCGGAGCAGAACAGCGGCACATTCTGGGCATCATCGGTCCCCTGCGCGGCCGCCAAGAGCCGGCTCACGGAATGACCATAGTCCTTCAAACCGGCGACAACGATCCCGAGATAGCCGAGATCGGGCGGTACAGGGACACTCGGTCGAGTGCTCGGGAGATTGTACACGACAGCTCGGGCCGAAGAGCCGTCAAGCAAGAGCACCTCGGTGATCTCCCACCTGTAGACTTTCGGGGTGCCTTCCTTGAGATCGAGCGTGGCCAAGCCGGATTCCGTGATTTCGAATAATGCCCCCGGAAGCGCATACCCACCCGCTTGCGCCAGCCGAGGACACCTCCGCCCCGGAATATCGAATATTGGGGAAAGACTACTGCAGCATTCGGGAGGAATGCGGGCGTCCCACGGCGAGGCACGGCGCTTGGGCGGTTCGTCGACCTCCACCAGCGGAGCAGGTCGTCAGCGTTCAGGTTCGAGCCGTATGCGAAATAGCGCAAGGGAGCCGCCGTCACCGTTCAAACCCCAGGGCCGGTTGCATGCGCCGCAACGCGGCATCAAGCCGGTTCCGGTTGACCAGCCCACTGACCCAACGCCGGGGCAAGCAGCCCAATCCGAATCGCGCACCGAGCAGGGCGCCTGCCACCGCGCCGTTGGTGTCGGCGTCGCCGCCTCTGTTGATGACCGGCAGCAGGCCATCGGCAAAGCCCCCGGCATGCCAAACCGCCCAAAGCCCAGCGGCCATGGTGCGCATGGTGTATCCCTGGCCAGGCCCCTGCCCGATCGATAGTGAGTCCAGCCCTCGCCCGGTGGTGTGCAATGTTTTCAAACTGCATCCCTGCTCAGGGTCTCGGCCGATGAATTTCACGGCCCACCCCTTCCCGCGCTCCCCGCCCAACGCCCTCTCTATCCAGAACCGGGTTTCCTCCTCGGCTGCTTCATCCAGCATGAGCGCCCTGCCGCAGACCAGGGCCCGCTCACAGGCGCCGGGGATGTCATCATCCCCGCGCACGAGGCAGGCCGCGACGAAGGAGGTCACCAGGCATGACCAGGCACAGCGGGGATCTGCGTGCGTCAGTTCGCAAACAGCCCGCACGGCACGCGCCGAGGCCTGCAGGTCATGCTCCCATGGAAGTATCGCCAGGATCGCAGTACGCATGACCGCGCCGTTGGGAGCGGAGCAGCGACCTCCTTGCTCCCAAATCTGACGCGCCACATCGGAGGGGGCCTCCAGAAACCGGCCATGAGTCAGCACCTTGAACGTCAGAGTACCGATCCCCCGGCCGTCCGTGGTCAACCATCGGCGCAACCGATGCGCCATATCGTTCAGGTCGACTTCAGCGCCAGCAGTTCCTGAATCGAGAAGGCTTTCCAGGATGGCAAGGAACTGCTCCGTATCATCGGTCCATTCCCCGGGTTTCCAGACAGCGGCATGGGACGAGCGCCGGATCTGATCATACTCGCTGAGGCCTTCCGGATACAGACGGTGCATGTCATAATTGGAGTGAAACTCCCCACCCACCCCCAAGGCATCACCTATGGCCTGGCCGTAAACCAGTCCCCGCAGGCGCTCCGCGATGATCGGACTCACATTGCCCTCCATTGGTTTTTGCGGCGTCATTCCCAGCGCCCCCACTCCAGGACAAAATGCCGTTGCTCGGCGGTATCCGGCGAAGGATCGTATCCTTTGGGTTCATGCCGCCGAAGATACTGGACGCTCTTGAGCAAATCGACGCCCTCGGCAACTCCATGGCGCGCCAGCCAGCAACCGACCACCATGCCTGTTCGCCCCTTGCCTCCCCAGCAGTGGACAAAAACGGGAAGCTCTCTGCCGAGACTCTCATCGATGCGATCAAGAATCGCCGTCATCTGCTTTTTTGTTGGAACGCCTTGGTCATGAATGGGATGGCGATGCCAGGACGCAGCCACTCCCTGTTCACGGGCGACTTTCAGATAAAGGGGCGTATACGGGGCAAAGCGGTTGCCGCTCCGATCCCGCTCATTCTCTTCCATGAGGCAGATGATGGAGCTGATTCCGCAGGCCACGAGCCGGGCTATCTTCAGTTCGGCCTCGGCTTGATCAAGGCTTCCTGGATAACAGCCGGCGAGGAATTTGCCAGGGACGACCCAATAGGACCGGGGATAGGGGAGGGTCTCCACCCCATGAAGTGTGTTTCGCATGGGGTGAGTATTATTGTTTCATCATTCCAAAATCTGGAATGAACTTCTGGCAAATATGAAACAAAAAATCGCTCTGGGTCGAGCACATATCAGGCGACACCATTTCAATTCCAAGACCGACGCAAATACTATATTGATGCGATATCACACTAGATCTCAGCTCGTTCGATCTGGACGATAAAATCGGTATGAACAAAGACTTCGGCGGAGAGATTTTCATGACGCTTATGGAGGTTCGGTACTTGATCGAACGGTGGCGTATATGGCACAATAGGCGTAGACTCTATAGCTTGCTTGGCTATAAGCCGCCCGCAACCGAGGTCTGATTCCGATCGGGGAGGTAATTCCACTGTCTACCGCATCATAATGAGGTGCCAGCTCTAACATTGCTGCGGGCACAAACGCATAGGACAAATTATACGATAGAATTAAATAACAACAACATCACCACGCCAGATCCAGTTTTCAAAAAGCATGTCACTCTGACAATGGAGAGCATCTATGACAAAACTCGACGCAGAATCAACAAGCTCTTGCATTGACGACAAAGTCAAAGAAGATTTCACGTCAGATGGCGCAAATAGGCATTCTCACCCCCCCCAAAACCATCCCCCCATAGCGCAGTCTCAGCAGCACATTTCTTCTTCATTTCGAGCAGTTTGGACCATGCTTGGTACTGCACTGTGCTCTTCCGTGGTTACAATAGCATTAGGGGCACTCCTTGTTCAGGCCACGGGTTTGGTTCCGATGTTTTATACCTTACGCGAGTTTGACAGCGCCTATGCCAAGGCAACGGCAAATCTACAAGCATTGGAAACGCTGGAAGAAAAATTACGCCGTACAGATGACACAATAGCGGTAAATATTGCCAATCTGCGCGCCGAAAACGAGAAGGCCTCCGCATTGAGCCAAGAATTTGAAACAAACATAAGTTATTTAATTGAAAATATTACGAAAAATCTCAGCAGCATTGCCATGGAAAACGAAAAAAAAGCGTCATTAAAACGCGATTCTGAATATTCCGAATTAAAAGAAGAAATGCACAAAAACATCATTATGCTTGGTGGACTAATAAAAACCGCATTTGAGAATGTATCAGAACACAAAACAGACCAAATAAAGGGACAAGAGCTACTAAAAATGGCTCAGCATGCCAGGATAGAGACACCTGATCGAGCCATGATTTACTATATGGCCGCTCTTGACGCCAGTCCGCAAAAGACGACAATTCTTCTAGACTATCTGGATTGGCAAAAAAGCGTTGTCCAAGCGCATTTAAAGAAAATAGATTTTGAAAAGGCGATCAATACATTGGTTGATAGCGTCCATGTAGTGGACTCACAATTATACAAAGGGACACTGGAAGACCTTTCAAACTTTGAAGATTTGAATGCCGCACTGACAGGTATAGAAGTTTGCATTCAGCAGAGCCAGGGCCAAGAAGAGAGACGCCAAGCCCTATTGTTAGCGCAAGTCGAGCAGGAAGCGCTGGAAGCGCCTTTTAGCTTAAGCCGAGCTGCCGCTTATCAGCAAGCGGCTGCAAAATTGGATAATATGACACCACTTTCCTCCCTGGAAGAAAAATCGGCAGCGTTGCGCGCCAAAGTTGAGGCGCGGCTTCAAGCTGTCAGCGCGGTGCAAAGTTTACAGGGACACAATAACCCCGCCATTGCCCCTTTTGATTCCAGCATAGATATAGCGGAAACATGGATTAAT
NZ_CP168306.1_gap32	1251698	1254410	2712	CAAGCCCCCGAGGTCTTGACCATGTAGGATCGCTGTCGCATCTTCAAGGCGGGAGCGGAAATGGCCACAAGCGGACACACGACGGAACAGAGCATGGCTTGGAGGATTTCCGGCCTGGACGGGCTGGAGCTCCTGCGCGCCTCGTTCCGCACCCAGACCTTCCCGCGCCACTTCCACGATGGCTACGCCCTGGGCGTCATCGAATCCGGGGCCCTGGCCTTCCGCTACCAGGGCGCGGACCTGGTGGCCGCGCCGGGCGAGATCAACCTCGTGGTGCCGGGGCTGGCCCACGACGGCCACGCCGCCTCGGATCAGGGGTGGGCCTACCGCATGTTCTACCTGGAGGCCGACCTGCCGCGCGCCGTGGCCGGGGAACTGGGCCGTGCTGGACTGCCGCATTTCCGCGCGGGCGTGCTGCGCGACCCGGCCCTGGCCCGCGACCTCCTCGCCCTGCACCACCGGCTGGAATCCGGCATGGACCGTCTGGCCGCCCAGTCCGGCCTGCTCTCCCTGCTGGCCGCCTGGATCACCCGCCACGCCGACGACGGCGGAACACCGCCCCGGGCCGGTCGCGAACCCCGGGCAGTGGCCCTGGCCCGGGAATTCCTGGCCGCGCGCTGCGCCGAAGACCCGGACCTGGCCGAAACCGCCCGCGTGGCCGGACTCTCGCCCTTCCACTTCCTGCGCGTGTTCCGCCGGACCACGGGTCTGACCCCGCACGCCTTCCTGGTCCAGTGCCGGGTGCGCCGCGCCCAGGGGCTGTTGCGCCGGGGCCTGGACCCGGCCCGAGTGGCCGCCGAGACCGGCTTCGCGGACCAGAGCCATCTCACCCGCCAGTTCAAGCGGCTCACCGGCGTCACCCCGGCGGCCTACCGCAATTCCCTTCAAGACCGCTGAGCCGGGAGTCGGCATGTTGGGGCCATCGCAAGGAGGCTCCCATGTCGTCGCCGTTCGCCGCCCGGGCCTGTCTGGCCGGGGCCATGTGCATCGTCGGAAGTTCCGTGGCCGTCGGCAAGTCCGTGGCCCTGTCCATGCCCATCCACCTGGCGCTGGGCCTGCGCTTTCTCGTGGCCTGCGCCCTGGCCCTGCCCCTGCTGCGGCTGCTGGAGGGCGGCCTGCCCCAGCTGCGCCTCCGGCACTGGGGCCTGCTCTTCCTCCAGACCTTCTGCGGGGTTTTCCTCTTCAACGTCCTGCTCCTGCTCGGATTGCTGCGCACGGACGCGGCCTCGGCCGGGGTGCTCACGGGCACCACTCCGGCCTGGATCGCGTTCCTGGCCCTGATCTTCCTCAAGGAGCGCCCGGGAAAAAGAGGCACGCTGGGCATCCTCCTGGCCCTGGCCGGGACCATGAGCATCGCCGCTCTGAACGCCGGAAACGGCGGGGAGTCGTCCCTCACGGGCGACCTGTTCGTGCTCGGGGCGGTGATCGGAGAGGCGGTCTTCCTGCTCCTGCGCAAGGCCCTGCCTGCTTCGCTTTCGGCCCTGGCCGCGTCCACGGCCGTGAGCTGCATCGGCCTGGCGCAGTTCCTGGGCCCGGCGGCCTGGCAGGCGGCAAGCTTCGACTTCGCCACCCTGGGACTTGGGCAGTGGCTCCTGCTCCTCTACTACGGCGGAGCCGTGAGCGTGCTGGCCTACGTGCTCTGGTTTTACGGCGTGGCGCGGGTTCCGGCCGCCACGGCCGGAGTCTACAGCGGGCTCATGCCGGTGAGCGCCCTGTTCTTCTCCTGGGCCTTCCTGGACGAGCCCCTGGGGTGGGGCCATGTGCTGGGCTGCATCTGCGTGCTCGGCGGCATCGCCCTGCTCTCGGCCCCGGCGCGGCGGCGATCAGCGACCGGCGGCCTCCGCGCCGAGTGCTGACCGCCCCCGGCGCGGCCGTGAGCGCATCTGGCTCAGGCCCACCCCGGCCAGCACGAGCAGCGCGGCCCAGATCTGCCCCAGAGTCAAGCTCTCGCCCAGGAACAACCAACCGAAGACCACGGCCATCACCGGCACGAGGTTGATGTAGGCCGAGGCCCGGCCCGCCTCCATGCGGCTCATGCCCCAGTTGTACAGGCCGAAGGCTCCCAGGCTCGCGCCCGCGCCGAGGAAGAGGAGAATCCAGAGCTGCCCCCCGTGGAGCAGTGCCTCCCAACGGTCGAAGAGGATCGGCGCGCCGGGGAGAAAGAAGAGCATCCCGGCCACGGTCTGGAGCATGGTCAGCGACCAGGAGCCGTAGCGCGCGGAGAGGCGCTTGAGCACGAGCATGGATCCGGCGGCGCAGATCATGGCGCAGACCTCCAGGACGTTGCCCAGGAGCGGGTCCGAGGCGGTCTCCGTGGCCCGGCCCTGGAGGCTCATGAGGCTGACCCCGGACAGGGCCAGCAGCAGACCGGCCAAGGCGCGCAGGGACAAAGGCTCCTTGAGGAAAAGCCAGGCTCCCACCGCCACCAGCAGGGGCACGGTGGAGGAGATGATCCCGGCCTGCATCGAGGTGGTGTAGCGCAGGGCGTTGGACTCGAAGAAGAAGTAGGCGCAGGGCATGAGCAGGCACATGGCCGCCAGGGCCGGGAGATCGGCCCGGCGCATGCGGGGCCAGACGCGGGTGAGCACCGGCAGGAGGGTGAGCAGGGCCACGGCCATGCGCGCCCACATCACGGCCTGGGGGTCCAGGACCGTGACCACGGTCTTCATGGCCGGGTATGACAGGCCCCAGAGGACCACGGTGGTCAGCAGG
NZ_CP168306.1_gap33	1295784	1296409	625	ACCGAGTCGTTGACGTTGATGGCCGGGAAGAGCAGCTCGCCCTTCTTCTGCATGTCGTAGAGCCGGTGCACGCCGGTGGTGGTCTCCTCGGACACGCCCCGGATCGAGGAGGCGATGCGGGTCCACTTGCCGGGAGCGGTCTTCACGCTCGCGGCCAAACGATCCATGACGATCTGGAATTCCTTGTTCTCCTGCTTCTTCTTGAGCAGGGCGGGATTCTTCTCCACCTTCACGCCCTGATGCACGAGCAGCGTCGCGTCGCCGCCGTCATCCACGATGAGGTCCGGGCCCGAGCCATCGGGCCAGGTCAGGGCCTGCTCTGTGCACCACCAGTACTCCTCCAGGGTCTCGCCCTTCCAGGCGAAGACCGCGGCGGTCTTGGCCTTGGCGATGGCCGCGGCGGCGTGGTCCTGGGTGGAGAAGATGTTGCAGGAGGCCCAGCGCAGGTCCGCGCCCAGGGCGTGCAGGGTTTCGATGAGCATGGCGGTCTGGATGGTCATGTGCAGGCTGCCCATGATCTTCAGGCCCTTGAGCGGCTTCTTCTTGCCGTATTTCTTGCGCAGGGCCATGAGGCCGGGCATCTCGTTCTCGGCCAGGTCCAGCTCCTTGCGGCCCCACTCGGCCA
NZ_CP168306.1_gap34	1301611	1304677	3066	CTGGTCATCACCGGCAACCTGGACAACCCCGGCGGCCAGCCCATGCCGGAGATCGCGCCCATGGCCCCGGTGAAGCCGACGCCGCCCGCGCCGGACCTCAAGTCGCTGGGCTACCACCGCACCGGCCCCAACCGCGACAAGTTCGACAACTACACCTTCTTCCTCGAACCGACCTGGTACGCGGCCCAGGCCGTGAAGGACGACGGCCTCAAGGTCTTCTTCGCCTCGGAATGCAACCCGGCCCTGTCGGAGATGGGCTCCGGTGAATGGCGCGAGGCCATGAAGATGAAGAACCCCGACGGCTCCTACAAGCTGGAGCTGTTCGTGCTCACCGAGATTCTGCCCTCGGAGACCATGAAGTGGGCCGATCTGGTGTTGCCGGACCAGACCAACTTCGAACGTTGGGAACTCCTGTACATGCCCTGGTGGTACAACTTCGGACACACGGCGGCGGTCTGCCGGCCCGTGGTCGAACCCATCGGCGAATCGCGCCACGCCAACCGCGTGATGATCGAACTCGGCAAGCGCATGTTTCCGCAGTACTTCGCCTTCAAGGATGATGTCGAATACTACGACATCGAACTCTCGGGCGTGGGCATGTCCATGCGCGAGGTGCTCGACAACGGCGCGCTCTGGTCGCCGGGCACCGTGGGCTTCCGCAAGTACGAGGACGCGGGCAGGTTCAACACGCCCAGCGGCAAGATCGAGCTGGAATGGCGGATGTACGAGAACATCGGCCGCCAATGGCCCAGCCCCGAACTGCCCCTGGAGTTCCGCAAGGACGAGGAGAAGTACCCCTTCATCCTGGTGAACTTCCGCACCATCTTCCTGAACAACACCGGGGCTTGGTCGCAGAACAACGCCCAGCTCCGCGACCCCGTCTCCGGGCTGGACGCCAATCCGTTGATCCTCAACCCGCTCGACGGGGCCAGACTGGGAGTCGCCGACGGGGACATCGTGACCGTGGAGTCGAGCACGGGCAAGGTCCGCGTCCCGGTCCAGTTCACCGAGAAGATCAAGCCGGGCTGCGCCGGGATCATTCACGGATTCGGCCAGACCATGGGCAAGGTCGCGGCGCGGGGGCCGTGGTTCGGGGACAACGAGCTGATCGCCGACGCGGGCTCGCATCTTGATGAACAGGATCTGCGCGGCGGAGAGGCCCACGTCTCCACCCGGGTCAGAATCTCCAAGTAAAGGGAGGGCGACATGAAACAATTGAGCATCATGGTCGACCTCGACCGCTGCATCGGCTGCAAGACCTGCATCGTGGCCTGCCGCAACCACCACGGCCTGGTGGACCACGAGAAGGCCATGCCCGGCGACATGAGCCACTACCTGCGGGTGGAGAGCGAACTCACGGGCGTCTATCCGGACCTCCGCGAGGACTACTGGGTGGTCATGTGCCAACACTGCAAGAAGCCCCCTTGCGTCAAGGTCTGCGAGGCCGGGGCCATCCGCAAGGATCCGCAGACCGGCATCGTGCTCATCGACCGGGACAAGTGCACCGGCGCCGGGAAGTGCATCGAGAAGTGCCCCTACGACGTCATTCAGTTCGACGCGGCCGGGAAGTTCGCCCACAAGTGCGACCTCTGCCTGAAACGGGTCATCCACGGCCAGGAGCCCGTCTGCGTGGAGGTCTGCCTGGCCGACGCCCTGAGCTTCGGAGAACGCGAAATCCTGCTCATGCGGGCGGACGCCGCGGGCAAGAAGGTGATCAAGAAACGCAGCAGCCAGGCCATCCTCTATGTGAAAAGCTAGCACGCGCCTTGGCCGGGCGGCCGCCACAGAGGGCCGCCCGGCCAAGGGCCGAGACCGCCGGAGGGCGCCATGATCCAGATACGGTTGCGGGCGCCGTGCAGACGGGAGTTTCAAAAGGACGTCTACAGGCCGGGGGTCATTTCCCTGGCCCGCCTGCTCTGGGGTTCCCTGGGGGGAGGGCTGGCCCTGGCCGCCATCGCCCTGTTGTCCGGCCTCTGCGGGGTGGGGGTGCTCTATCCCCCCCTGGCGGCCACCTGCTTCATCAACGCCGCCTGCGTCTACCTTCGGGTGGCCCGCCCACGGCAGGTCATCATCGGGCACATGGTTTCCAGCGTGGCCGGTCTGCTGGCCGTGGCCCTCGGCGACTCCCTCGCGACCCTGCTGAATCCCGGCGCGATCCCGCCGCTCAAGCTGGGCCTGGCCGTGGCCCTGGCCGCGCTCTTCATGCAGATGTTCGACGCCGACCATCCACCGGCCGCCGCAACGGCGGCCATCCCGGTCATCCTGCCGCTGCCGATGGAGCCTCTGCTGCTGCCGCTGCACATGGCATGGGGCGGCGTCATCGCCGTGCTGGCGGCCCTGCTCTGGAATCGCGTCTGGTTCGACTATCCCGCGCCCGAAGGGGAGGACTGCCCCATGTGCCTGGGGCTGCACCTGGGGCGGATGGAGACGCTGGGGCTCGGGCTGTGCGCCGGAGCGGCCGCTCTCATGGGCCTGCGACCGCTGTCCCTGAAGTTGTACTGGTGCGGGATGGGGGTCATGTCCCTCGGCGGTCTGCTGCTCATGCTCATCCCCTTCACCGAGGCCCGCCTGGTCTCCGGCAGGGAACCTTCAGGCTGATTCCTGCCCGGAGGCCGCCGCTCCCGCGGGGTGAAACTTTCGCCGCGGACCATCTCCGGCGTTGCGCCCGGGCCCGGCCTGGGCTACAGGAGGCCAACCCGGAGGAGGCCGCATGTTCATCGTCCTGGTCCGCTACGTGAAGCCCCTGCCCGTCATCGACTCCCTGCTGGAGGCCCACATCCGCTTCCTTGAAGAACATTTCCAGGGCGGCGTGTTCCTGGCCGCCGGACGCCAGGAGCCGCGCACCGGCGGCGTCATCCTGGCCCGGGCCGCAAGCCGCGAGGAATTGGAGGCCATCCTGGCCCGCGATCCCTTCGCCGTGGAGGGCGCGGCCACCTACGACATCACCCGCTTCGTGGTCTCGCGCGCCGCGCCGGAGCTCTCCTCCCTGCGGGAAGAGGCGTGAGCCGGGAGGCGGGCGCCTCGCCCGCGCCGCCTCACGAATACGCGGCCTGCGAGCCGGTGCCG
NZ_CP168306.1_gap35	1308532	1310519	1987	ACGTCCAGGGCCCGTTCCAGGAAACGGCCCGGGATGATCCAGCCCACGCGCCAGCCCGGGCAAAGTGTCTTGGAGAACGAGGAGCACTGGAGCACGAGGCCCCGGCGGTCCCACTTCTTGAAGCCCGCCGGGCGGGTTGGCCCGAAGTGAAGGTCGCCGTAGACGTCGTCCTCAACGAGGGGGATGTCGCGCTCGGCCAGGATGTCCACGATCTCGGCCTTGGCCTCCTCGGGCAGGAGCGCGCCGTCCGGGTTGTTGAAGTTCGGGGTCAGGATGCAGCAGCGCAGGTCGAAGCGGTCCACGGCCTCGCGCACCTGGGCCGGGCTGATGCCCGTGTCCGGGGAGGACGGGGCCTCGATGACCCGCAGGCCGAGGTTTTCCAGGAGCTGCAGGAAACAGTGGTAGGTGGGCGACTGGACCAGCACGGCGTCGCCCGGCCGGGTCAGGGCCCGCAGCGCGATATGCAGGGCCTCGATGGCCCCGGAGGTGACGAGCACGTCCTCGGGCCGGACCTCCGCGCCCCACTCCTGGGCCCGGTAGGCGATCTGGCGGCGCAGGGCCGTGAGCCCGTGCACCGGGGTGTAGTTCAGGGCCGCCAGGGGATCGTCGCGCAGCACCCGGGCCAGAACGCGGGTGAGATGGGCCTCGTGCAGCAGGCGTTCCTCGGGCCCGGCCACGCCGAAAGGCACGAGGTCGCGGTCGCCGACCACGGTGAGCACCATGCGGATGAGCGCCTGGCGGTTCACCGGCCGGGGCTCCTGGGGCGGGGCCGAGGGCCGCGCCGGAGCCGAGAGCTGGGCCCGACCCTCGCGCAGGAAATAGCCCGAACGCGGCCGGGAGAGGAGCACGCCACGACGTTCCAGTTCCTCGTAGGCGTGGCCCACGGTGGCCAGGCTGACCCCGGCGGCCCGGCTCATGGCCCGCAGCGACGGCGCGCGGCCACCGGGAACGAGCCGCCCGGACTCGATCATGTCCAGGATGCGCCGCCCCACGGCCCGGTAGCGGAATTCTCCGCCCTGCCCCGCCCCGGCCATTCTCCCCTCCAAACTGTTATGGTTGTTTTTTATGAAAACTGTATCTGTTCTGGTGACAGATTTCGTGGTTGAGTGCAAGCCGTGGACGACACTCGACCCCGGAGGAACGATCAGATGGATGACGCCCGCGCCCTGCCCGCCCCGGGCTCATGGCCGGAGATCCTGTCCGGCGCGCGGCAGGCCCTGCCCATCGTTCTGGGCTATCTGCCGGTGGGCTTCGCCTTCGGCGTGCTGGCCCTCAAGGCCGGAATGACTCCCCTGGCGGCGGCGCTCACGTCCGTGTTCGTCTTCGCCGGGTCGGCCCAGCTCATCGCCACGAGCCTGCTGGCCGCCGGGGCCCCGGCCCTGACCATCGTGCTGACCACCTTCGTGGTCAATCTGCGCCATGTGCTCATGTCCGCGGCCCTGTCCCCGCACCTTCGCGACTGGAGCCGTCCGGGAGTGGCCTGGTTCTGCGCCCAGCTCACGGACGAGACCTTCGCCCTGCACGCCTCGCGCTTCGCCCAGGGCCGGACGTCCAAGGCCGAAACCCTGGCCATCAACGCCACGGCCCATTCGGCCTGGATCACCGGCTCGATCCTCGGCGCGTTCTGCGGCGGGCTCATCGGCGACGTGAAGCCCCTGGGCCTGGACTTCGCCCTCTCGGCCATGTTCCTGGCCCTGTTGGCCGGGCAGGTCGGAACCCGCCCCCGCCAGGCCACGGCAGTGGCGGCCGCCGGCTTCTCGACCCTCTTCCTCTCGCTTGGATTCGGCCACTGGGGCGTCATCGCGGCCTGCGTTCTGGCCGCCACCCTCGGCTGCGGAGTGGAGACATGGACCAGAAAGTGATCGCCCTGATCATCACGGGCATGGCCCTGGTGACCTATCTGCCACGCATGATTCCGGCCATGGCCCTGTCCAGCCGGAGGCTCAACCCCCTGGTGGAGCGCTGGCTCTCGCACGTCCCGGCGGCC
NZ_CP168306.1_gap36	1319489	1323085	3596	GCGCCCAGCCCGCTCCGGGCTCCTTCCTGGCCGACATGGAGCTGAGCGGTCCACTGACGCCGGAACAGGCTGCCTCCCTCGGCATTTCCAAGGACGCGCGGACCTTCCGCCTCTCCCAGGTCAAGGCCGAGTTTCTGTTGCTGGAGATCTTCAGCATGTACTGCCCGCACTGCCAGCGCGAGGCGTCCCGGGTCAACGAGCTGGACGCGGCCCTCCGGTCCTCGCCCTGGGCCGGGCGCATCCTCCTGCTGGGCCTGGGCGCGGGAAATTCGTCCTTCGAGGTGGATGTCTTCCGCGAGCAGTACAAGATCCCCTTCCCCCTCTTCGCGGACCCGGACTTCACCATGCACAAGGCCCTTGGGCAGGTCGGCACCCCCTGCTTCATCCTCGTCGGGCTGCCGGGCGACGAACGCGGATTGCCGGTCCTGGACTCCCTGACCGGCGGATTCGGGGATACCAAAGCCTTTCTGGACCGGCTGGCGACCGCCGCCGGGCTCAAGAAGTGAGGCGCGGCCATGAAAAGAGCGCTCTGCTGCCTGTTGTTGACCGTCTGCCTGGCATCGGCATTACCGGCCCGGGCCGCCCTGCTCTCCCCTGAAAGCGTGTATGGGCTGGGCGAAATGAAACCCCGCGACAGCGCGTTGCGGGTCAAGGTGGGCGACATGGCCCCGGATTTCGCCCTGCCCGCGCTGGGCGGCGCGACGATCCGGCTTTCGGATTACCGGGGCAAAAAGAACGTGGTCCTGTCCTTCGTGCCCGCGGCCTTCACCCCGGTCTGCTCGGACCAGTGGCCGGGGTACAACCTGGCCCGTCCTCTCTTCGAAAAACGCGACACCGTCCTGCTCGGCATCACCACCGACAACCTGCCCTCGCTGCACGCCTGGACCCTCCAGATGGGCGGCGTCTGGTTCCCGGTGCTCTCCGACTTCTGGCCCCACGGCCGGGTCGCCGGGGCCTACGGGGTGCTGCGCGGCGACGGCATGGCAGAACGGGCCCTCGTCGTCATCGACCGAAAGGGCGTCATCCGCTCCATCGACGTGAACGACATCAACCGGCGGCCCGAACTGGGCGAACTCATCCGCCGACTGGACGCGTTGCGATGAAACGGCTCGCTGTCTCCCTCGGCATCCTGCTGTGTCTTCTGGCGGCGACGGCCCAGGCGACGGGACAACCGCCCCTGCGGCAGATGGACCAGCGACGCCTCGAGGCCTTCCTCAGCGAACCCGTTCCGGCCCGGATGGTCTTCTTCATGGCCGCATGGTGCGCGCCCTGCCGCCAGGAACTGCCCGCGCTTCAGAGTCTCTGGCTCAAGTACGAGAGACGCGGGCTCGACCTCGCCGGGGTCAGCCTGGACATGGACCCCGGAGCCATGCGGGAATTGTTGAAACAGGTCGGGGGCGTGGGGTTTCCGGTCTACTGGGCCGGAGAAGAACCGATCATGCGGTACGGCCTCTCCGGCATACCGCTCCTGCTGATTTTCCAGAACGGTCGCGAGGTGGAACGCATCGCCGGCGCCAAGACCGAGGAGGAGCTGGAAGCCCTGATCCTCAGGGTTCTGAAACAGGCCGGTCGCTGACCCGCACAAAAAACAAGGGCCGCCGGGGGGCAGGGTATCCCCGGCGGCCTCTTGCGAAAGGCTCCTTGCGAAGCCTCAGACGGAGGTCATGCTGCGCACGGGCCGCAGGAGCTGAGCCAGGAGATCACGCCGCGTGGCGAATCTCATCTGCTCGGACGCCTGGGCCATCAGGGTCTTGGCGTAGAACTCCGGTTCCTCCACGGCCAGGAAGATGACCCGCACATCGTCGGCGTTCACCAACTGGGCCTTGGGCCACTTCTTCTTGACGCCGGCCAGCGACTTCTGGGCCAGCTTCAGCATCTCGTCCCGGTCGCCGAAGTTCATGGCGCCGGTGGGACAGGTCTTGACGCAGGCCGGAAGCATCCCAGCCCGAACCCGATCGATGCACATGTCGCACTTGGACATGACCTTGGTGACCGGATCCTGGCGCGGGATGTCGTAGGGGCAGGCCCCGCGGATGATCTCGAAGTCCTCCTGGGCCGTAAGCGGGGTGAAGACCACCGCGCCGGTGGCCTGGTCGTGCAGGATCGAGCCCTCCACGCTGGAGGCCATCTTGCACGGCGGCTCCACACAGTGTCGGCACTGATCCGGCAGGAAGAACCAGCGCACCTTGCCCTTGTCCACGCGTTCCGAGAAGCGGACCACCTTCAAGGTATTGAAGGAGAGGTCCGCCGGATTCTGATGGGAGCCGGTGTTGACCGTCTTCTCCGCGGGCAGTTTCTTCCACTGCTTGCAGGAGACCTGGCAGCCCCGGCACGCCGTGCACTTGCTCAGATCGACGAAGAAGCTCTTACCGTTCATCTGCGACCTCCTTAGGCCTTCCTGACGTTGACCATGAAGGCCTTGGTCTCCGGGATGCCGGTGTTGGGATCACCGACCGAGGGACTCAGCAGGTTGGCGGAGTCGCCGCCGTCCTTGGGATGAATCCATCCGAAGTGCCACGGGATGCCGACCTGGTGCAGGGTCTGGCCCTGGACCTTGAACGGCTTGAGCCTCGGGGTCACGATGGCCACGGCCCAGAGCGAGCCGCGCAGGCTGGAGACGGTGACCTTGTCGCCGTTGGCGATGCCGCGCAGCTTGGCCAGTTCGGGCGATATCTCGCAGAACATCTGCGGCTCGGCCTCGATGAGCCACGGCAGCCACCGGGTGAGCACGCCGGTCTGCCAGTGCTCGGTGACCCGGTACGTGGAACAGACGAAGGGGTAGCGGGGATCGCAGACCGCCTTGTCCTCGCCCTCGAAGGCGATGGCCGTGGGGTTGTGCAGCTGCTTGGAGAAGGGATGCCCGGACACCGGACACTCCAGGGGTTCGTAATACTCCGGGAACGGGCCGTCGTTGAGGCCCGGGCCGAAAATCTGGCCGAAACCCTCCTTGGTCATGATGAAGGGATACTTCGCCTCCGGGGCCCAGGGGCCGTCCGGCACGTCGCCGATCCACTTCTTGTCCGCCGCGTTCCAGGAAACCACGGCCTTGGCCTGGTTCCAGGGCTTGCCCGTCGGGTCGCAGGAGGCGCGGTTGTAGAGGATGCGCCGGTTCACCGGCCAGCACCAGGACCAGTTGGGGAAGAGACCGATGGCGGCCTGCTCGGAAGTCTGCTTCGTGTCGCGCAGGGCGGCCTTGTTCTTGTCCGTGTAGGAACCGGCGTAGAGCCAGTTGCCCGAGGTCGTGGAGCCGTCGGCCTGGAGCATGGCGAAGCTCGGAACCTGCTCGCCCTTCTTGTAGACCTTGTCGCCGATCGTCACGTCCTTGAGGAAGGCGCCGTTGATCAGCTTGGCCGTGGCGTGCGGGTCGAACTCCCCGTGCTTGTTGGTCTTGTTCCAGGTGGCCTTGAGGATGGGCTCCGACAGGACGCCCTTCTCCTTCTTGTACAGGGCCTGAATCTCCTTGAACAGGTGGGCGATGATGTCGCCGTCCGGCTTGCTCTCGCCGTAGGGCGACGGCCCGGCGTAACGCCACTGCATCCAGCGGCCGGAGTTGGTGATGGAGCCTTCCTTCTCGATGGAGGCGGCGCAGGGCAGGA
NZ_CP168306.1_gap37	1493394	1497823	4429	CCGTGGGCTCGGCGGGCAGCCCCCGGGCGACACGGGCCGCGCGCACCTGGGGATCGGCGTACCAGGCCCGGATGGCGTGCAGTTCCTCCAGGGACAGGGCCAGGGTGTTGGCCCGGCTGAAGGCCATGAGCTCCTCGTCGCTCATGGACGAGAGCGGCACCTCGGCCACGCCCTCGTCGGCCCTGCCCGTGACCCTGGCGGCCCGGGCCTCGAAGCCCGGTTTCTCCCGCCACTGGGCGGCGGAGCGGCACTCGTGGCGCTGGATCAGGTCGTTGGCCAGCAGGTCGCGGCCGATGCGGGCGGCGTCGGCTTCGGAGAGCGCGCCGGAAATGAGATACTGCACCGAGGTGTAGACCTTGATATCCCGGGCCTCCTCGGGCGGCAGGCCGAGGGCCAGGACCAGGGTCTCGCGGGCCGTGCGGCCCTCGTTGTCCGTGACCCCGGGACGGAAGCCCACCTCGATGATCCAGTCGAAGCCCTCGGCCAGGGGCGTGTCGGAGAGCACGTGCAGCACGGGATCGTGCAGGGCCTGGCTGGCCGGAATCCGGTCCAGGCGCTCGGCGGGAAGTCCTTCCACGGTATAGACGCGGACCAGGCGTACCCGCTCCACGGCGATGCCCAGCTCGTTTCTGATCTTGCGGGCGACCCGTTCGCCCACCACGTCCCGCACGTGGGACAGGAGCCCCACCTCGAAGCGGCGCAGCATGTGCATGTCTCCTTTTCCGGCCGAGGGAGTCGGCCGCCTATTTGGCCCAGACCACGGTGTCGCCGCCGGCGCCCTTGGCCGAGTAGGCGGCGCGGTCGGCGCGATTGAGCAGACTGGCGGGGGTGTCCTGGGGGCCCAGGCCGGTGAGCCCGGCGCTGATGGTCACCTTGCCCGCGAACTGGGCGCTCACGGCCTGGCGCAGGCGTTCGCCCACGAATTCCAGTTCGCGATCCCCCACCTCGGTGACCACGACGGCGAACTCGTCGCCGCCGTAGCGGCAGGGAAAGTCCATGCCCTGCCGGACCTCGCGGGTCAATATCTCGCCGATCAGGCGCAGGATGGCGTCGCCCGCCTGGTGGCCCTTGGTGTCGTTGATGGCCTTGAATCCGTCCAGGTCGAAGAAGACCAGGCCCATGGGCCGTCCGGTCCGTTGGGCCCGACGCACCTCGCGCTCCAGGATGACGTGGAACTGGGCGTGGTTGAAGAGTCCGGTGAGTCCGTCATAGAGGGCCCGCAGCTTGAGTTCCTTCTCCAGGCGGCGCACCGCGGACAGATCCCGGGCCACTACCAGGGCGGCCCGCTCCCGGCCGCGCGACTTCTCCAGCCGGGAGAAGATCAGCTCGTAGGTTCCGCCTCCCTCCCCCCGCGTCAACGTGGCTTCCACCACCGGCGGATCGGGTTGTTCCAGGAACTCCGGCCCCCAGGCTCCGGTGAAGGTGGCCTCCGGGGTGAACAACTCGAACAGGCTTTCACCCCGGCCCTCCTCACCCTCCAGGGAAGAAAAGCCGATGATCCCCCCCCTCGTCCACGGTGAAGACCTTGTCCTGCATGGAGCCGATGAGCCGTTCCAGGAAGTCGCGGCGGCGCAGGGCCTGTACCTCCAGGTGCGAGAGGTCGCGCAGCCCCTCCACCAGGAAGAGGATGCGCCCCGGCCCGGCGGCCGCCTCGCGCTGGGCCGTGAGCGAGGCGCAGGCATCCCGGCCCTTGCCCGACGCGTTGCGGTCCGAAAAGCAGACGATGCGGTTGAACGAGGGCCGCGCCGCGTCCTCCAGGAACTCCTGCCACTCCCGGCCCATGGACAGGCCGAGGCGGTCTTCGAGAACGCGCTCCAGCTTGCGGCCGCGCGCCTGGGAGGCGTCAAGGCCCGTCAGGTCACGGAAACGGCGGTTGGTCTCCACGATCTCGCCGCGCTCGCCGAGCCGGGCCACGGCCAGGGGCATGGAGTCGAAGGCCGAGGCCCGTTCCTCGATGACCGCTTGCCGGGCGCAGTAGTTCTCATAGGCCTGGCCCACGAAACGCAGATAGAGATCCAGCGCGCCCGCGTCGCCCAGCCGAACGTCCTGGGCGCGGTGGCGGAACTCGCCCCACTTGCGGTCGCCGGAGCGCAGGGACACGCCCTTGAGCCGTAGGGACCAGGGCAATTCAGCCGAGGGCAGGGGCCCGGCCACCGCGGCGAGTCCGTCCTCGACGGTGCTGCGGAAGAGCAGGTAGCCGCCGCCGTGGGGCGACTTCAGGGCCAGGTCGAAAGTCCGTAGATCGAAGGACAGGGCCAGTTGCCGGGCCACCAGCCGGGCCACGGCGTCCACCCCGCCCTCGGCAGCCAGAAGGTCCATGCTCATGAAGTAGGCTTCCTGCATGGCCTTGATGGAGTGCCGGAAGAAGCCCTCGTCGGCCCGGCCGCCCAAGCCGAGACCCTGGAGCAGCGCCTCGAAGCGCACCAGACAGCCCCGGCGCAGTTCCTCCAGCTCGGCCTCGCGCAGGTTCAGCACCGCGCGCAGACGATGGCTGAAGCGCACGGCCGGGAAGGGCCCGCGTCCGGTGGACAGCTCCACCTCGGCCCACTGGGTGGCCAGGATCACGGCCCGCTGCAGGGGCTCGCGATCCTCCATATCCTCCAGGCAGTGGTGCCCGCTGAGGCCCTCGCCGATCTCGGGCGGCAGGCCCCACTTGGCCAGGAGCAGCCGGGACAGGCCCGGATGGTCCATACCCCAGGCCTCCCTCTCCGCCGCCAACTGGCCGGGGAGCAGCACGGTGAGCGTCGGTCCCGAGTCGCGCCGGGTCAGCAACTCCGGGGAGGCCGAACGCAGAAACAACAGGGAGACGTCCTTGAGCAAGGCGCAGATGTAGGCCAGGTCGGCCTGCTTCGGGCAGATCCGCCGGGCCAGGGCCTCGGCGGCCACGGCCGACCAGAGCGCCAGGCGCCAGTCCTCGGAGGCGTCGTAGCCGGATTCGCATAGGGTCTGCTCCTGCTCCTTGCGCAGGGAGACGAGCAGCGCGGTCTTGAGCAGTTCGCGCGCGCCCAGAACGACGGTCGCGCGTTGGATGTCCGAGACCTTCTTGGCCAGGCCGAAGAAGGGCGAATTGACCAGGGCCAGGATGGTGGTGGCCAGGGCGGGATCGGCGCGGATGATCCCCGCCAGCACCTGAAAGTCGGGTTCGGAACGGGCGGCCTCGATCATCAGGCGCAGAACCACGGGCGAAGGGCTGAAACGGCGCAGCGTCTGGGGGGATTCGACGACCTGGTCCAGGGTCATGGGCGTCCCCTTCCCGGCCTCACTTGCGGCGGGCCAGGACGAAATCGGCGGCCTGGACCAGGATCTCGCGCTCACGGCTGCCCGGCAGGGCGGCCAGGGCGCGTTTGGCCTCGCCCACGTAGCGGGCGGCCTCGGCGCGGGTCCGGTCGGCGTAGCCCTTGTCGCGCACGCGGGCGACGATCTCCCGGCGCGCGGCCTCGTCCAGCGACTTGTCCCGGATGCGGGCCAGAACCTCGGAGCCGTCGGGCTCCTCCTCCAGGAAGAGGAGCAGCGGCCAGGTGAGCTTGCCCTCGCGCAGATCGCCGCCTTCGGGCTTGCCCGTCACCGACTCCGGAGAAATGTAGTCCAAGGCGTCGTCCACCAGCTGGAAGGCCACGCCCACGTTCAGGCCGTAGGTTCCGGCGGCGTCCTCCAGCTCCCGTTCGGGGCTGGCCAGGGCCGCGCCGCAACGGCAGGCCGTCTCGATGAGCCGGGCGGTCTTGCCGATGATGATCTCCAGGTAGATCCCCCGGTCGGCGCGGGCCTCGGCCACGTGCGCGATCTCGCGGATCTCGCCCGCCGCCGTGGCCATGATGCCTTCGGCCAGGAGGTAGTTGATGCGCGGAATGTCGTAGCCCGCGCCCAGGCGGTTGGCCAGGGCCAGGAGCGCGTCGCCCGCCAGGATGGTCTCGGTCGCGCCGAAGGTCAGATGGGCGGCCGTCTTGCGGCGGCGCGTCTCGGCTCCGTCGAGGATGTCGTCGTGAATGAGCGTGGCCGAGTGGAGCATCTCCAGGGCGCAGGCCAGGGGGGCCACATCGTCCCCGGGGTAACCCAGGGCCCGGGCCGAGAGAATGGTCAAGACCGGCCGGATGCGCTTGCCCCCGCCCAGAAGGACGTAACGGGCCACGTCGCGCACCAAGCCGTCCAGCTTTCCGGTCTCGACCTCCAGGAAGGCGTTGATGACCGGAAGCTCCTGTTCGAAATAGGCCAGCAGGTCGTTCATGGGCTCGGAGTACTTTCCCTGATTTTCCGCCGTCGCGCAAGCACTTTCGCGGTTCCTCAGCGGTTCATGAACAGCGCGGCGCAGGCCGCTCCCAGCCGCGACAGGGCCAAATCCAGATCCCAGTCGACGGGCGGACGCGCCCCCACCCGGTTGGACACCGCGCGCACCTCGACGAAAGGAACGCCGCCCCGGGCGCAGCCGTAGGCC
NZ_CP168306.1_gap38	1510432	1514866	4434	AGAACGAGGGGACGGCCGGACAGACCTACGAAATCGGCGGCCCGGACGTGCTCTCCTACCGGGAGCTGTTCCGGCTCTACGCCGAGGTGGCCGGGATCAGGCCGCGGCTCATCCTGGCCCTGCCCCTGCTCACGCCCCGGCTCTCGGCCTGGTGGGTGAACATGGTCACGCCGGTGCCCATGGCCCTGGTGCGGCCCCTGGTGGAAGGCCTGGCCAACGAAGTGATCTGCCGCGACGAACGCATCCGCGAACTCGTCCCGCAGGAACTGCTCTCCTGCCGCGAGGCCATCGCCACGGCCCTGGACCGCACCCGCCAGAACGCCGTTCCCTCCTGCTGCTTCGACGCAGGATCGGCCTGCCTGCCTGAATGGGCGGCCTGCGGCGATGCCCCATACGCCGGGGGCACGATCTTCCGCACCACCTACTCCCTGACCCTGGCCGGAACTCCGGAAGAGGCCTGGGAGGTCGTGCGCCGCATCGGCGGCGACACAGGTTGGTATTTCGGCGACCTGCTCTGGAAGCTGCGGGCCTTCATGGACAAGCTGGCCGGGGGGCCGGGCTTCACCCGCGGCCGCCGCGCGGCCGAGACCCCGGCCGTGGGCGATCACCTGGACTTCTGGCGGGTGCTGGCCGTGGACCCGCCGCGCCGCCTCCTGCTCCTGGCCGAGATGAAACTCCCGGGCCAGGCCATGCTGGAGTTCCGCATCGACCGCCAGGAGGGCGGCCCCACGCGGCTGTCCATGACCCCAAGTTTCCTGCCCCGGGGTCTCTGGGGTCTGGCCTACTGGTGGACCTTCTACCCATCCCACGCCTACCTGTTCAAAAACATGCTCACGCACATGGCCCGGGCCGCCGGGCTGCGCGTACTCACCGGGCCGGAAGCCTCATGAGCGCGGACGGCGTCCGCCCTCTCCGCGAGGGATTCACCACCGGCACGGCGGCCGCCGCGGCGGCCAAGGCCGCGGCCTTGTTCCTGGCCACCTGGAGCGCGCCGGGGAGCGTGGACGTGCCCCTGCCCGGCGGCGGACGGCTCACGGTGCCCGTGGCCCGTTGCGGGGCCGAAGGAAGCGGGGCCCGGGCCGTGGTCATCAAGGACGCTGGAGATGACCCTGACGTGACCGATGGGGCTGAAATTCATGCCTTCGTGGAACAAAAATCCGGCTTGAGGGATGGAGAAATCATTCTCGAAGGCGGGAAAGGGATCGGAAGAGTGACCTTGCCAGGTCTGCCCGTGCCGCCGGGGCAGCCCGCCATCAACCCGGCCCCCAGGGAACAGATCGCCCGGGCCGTGGCCGAAGCCCTGGAGGATTCCGGGCTGGGCGCGGGCGCGCGGGTGGTCGTCGAGGTTCCGGCGGGCGAGGAGCTGGCGAAGAAAACCATGAACGCCCGCCTGGGCATCCTGGGCGGCATCTCCATCCTGGGCACGGCCGGGATCGTCCGGCCCTACAGCCACGACTCCTGGCTGGCCTCCATCGCGGAAGCCCTGGACGTGGCCCGGGCCGCCGGGCTGGCGGAGATCGTGCTGACCACCGGGCGGCGCAGTGAACGCCAGTGGCGCGAGGCCGCGCCCGGAACCCCGGAACTGGGCGTGGTCCAGGCCGCCGACTTCTTCGCCGAGGCCACCCGGCTGGCGGCGGAGAAGGGCTTCGCCCGGATCACCTGGGCGGTGTTCTTCGGCAAAATCGTCAAGCAGGCCCTGGGCCTGCCCAACACCCACGCCCACGAGGCGGACCTGGACTTCGGCCGGGTGGCGGGCTGGTGCGCGGAAGCGGGAATCGCGCCCGAGGTGGTGGAACGTGCGGCCAGGGTGAACACGGCCCGGGAGCTGCTCGACCTGCTGCGGCCGGACCCGGCCCTGGCCGCCCTGCTCCGGCTCCTGGCCGGACGCGCGGCCTCGGCCGCGCGCGGCTTCGCCGGGGCCAGGGCCCCGGACATCGCCTACGCGGTCTTCGACCTGGAGGGCGGCCGCCTGCTCTGAAGCCCCTCGCGGATGCGCCGAAGGTAAAGCCGCAGGTAGTCCTCGGCCATGCGCCGGGCCGTGAAGCGCTCCTCCACCCGGGTCCGGCAGGCGCGCGGGTCGATGCCGTCCAGGCCGCGCAGCTGTTCCCGCGTCTCCTGGAACGACCGGCCCATGAAGCCGGTGACGCCTTGGACCATGATCTCGGGCAGGGCCCCGTTGCACGTGGTCAGCACCGGCGTGCCCGAGGCCAGGGCCTCCACGGCCACCAGACCGAAGGGCTCGGGCCAGAGCGTGGGGAAGAGCAGGGCCCGGGCTCCGGCCAAAAGTTCGGCCTTGTCCGCCCCGCCCACGGGACCGGCGTATTCCAGGCCCGGCCCCAGCAAAGGCTTCAGCTCCCGGGCGTAGAATCCCGGATCCAGGAAGTCCCCGGCCAGCACGAGGCGCAACCCCTCCTCGCGGGCCAGCCGCAGGGCCGACGGGAGCCCCTTCACGTTCCAATCCAGCTTGCCCAGGAAGAGGAAATAGCCCTCCTTGTCCGCGCGGAAGACGTATTCGTCCAGGTCGATGCCGTTGTGCACGAAGGGGTTGTCCGGCCGCCCGCAGGTCCGGCGGTGGGCGTCGCTGACGAAGGAGTATTCCGGCCCGAACTCCCCCGGCTCGGCCCAGGTGTCCCGGCCGGTGACATGGAACGGGTAGCCGTGAACGGTCTTCAGCGTCGGGAAGGGAAAATCCCGGGGCTGGGCGAAGTGCAGGTGCAGGATGTCCGCGTCCGGGGGGATCAGATCGTCCAGGTCCAGGGCCTGGGCGTTGATGTTCCCCGGCGGCGGGGAGAAGACGGCCGTGCGGACGGCCCAGGGAGCCTCCGAGCCCGGCGGGGCGAGGAGCGTGACCTCGTGCCCCAGGGCGGCCAGTTCGCGGCCCAGCCAAGCCACCACCCTCTCGGTGCCGCCATAGTGTCGGGGCGGGGTCACCCCAGGCGACACCAGGACCACGCGCATGTCTTCGGCCTCCCCGGCGGCCGCCTGCTCTAGCGGCCCAGCCCCAGGAGCAGCGCGCCCTGGCTCAGGGTCACCACGCTGACCCGATTCGCCCGCAGCCAGTCGGCCAGGGCCGCCAGCTTCTTCTCGCTGATGGGCTCGTAAGCGTCGGCCCCGACCCCATGCAGGCAGAGCACCACCCAGTCTTCCTCCACCATGGCGTGCTGACGGATGAGTTCCTGAAGTTCCTCCAGGCTGGTGCCCGCGCGCACGGAATAGCGTTCCAGGTTGTGGAGGTCGTAGGCCTCGTTGCGGCGGATCACGCCGGACCCGGCGGGCGCGGGCTCGTTGACCCCATCGCCCAGCGAGGCGGCCAGGGTGTAATAACGGGTGGAGAGGTTCCGGCTCTCGGGCGTCCACTGGCTGAACGGAGCCACGAAGGCGCTCACGTCCAGGCCGTGGCCCCGCAGCTCGTCGCGGGAGTCGCGCAGCTCACGCTCGTAGGAGCCCACCTTCACGGTCAGGCTCCTGGCCCCGGGGTCGAAACGCGGCAGCACGGTCAAGGTCTTGGCCTGCTTGTCATGGAAGAAGGCCCCGCCGGTGGTCAGCATTTCCTGGATCGAGCCCATGGGGGCCAGGGGCAGGTCGTCCAGGAACACGGCCACGCAATCGGAATAGGCGTAGGGCGCGCGGTAGACCGTGACGCCCTGGACCTTCACCGGCTTAAGCGTCAGGGGCTCGTCCTCCAGGCGCAACGGGATCATCTTGGGCCCGATGTGGTGGATGCTGTGGGAGGCGATCTCCCAGCCCCGCTTCTGGAGGTCCAGGGCCTGCTCCTTGGTCATGTAGCCGCCGTGAGGCCAGCGCACGTTCTCGGCGATGAGCGCCGTGACCGCCGGCAGGCCGTTTTTCTCCAGGATGGGCAGGGCGTTGTCGTAGACCGAGGCCAGTCCGTCGTCGAAGACCAGCGTGACCATTCCCTGGGCCCGGGCCGGGCCCGCCGTCAGGCAGAGAAAGGCCGCCAGCAGGAGGGCGGCCGAAAACATCGTTTTTCGCATCGTGGGCACCTTTTCAGGGTCGTTTCGAGCCAGAACTAGAGGAAACAATTTCCCCTGGCAAGCGGATTCAGGCCTCTTCCCCCCGGGCGGCCTTCCCGTTATAACCCGCCCATGAACACGACCCCCGACCCCGTGCATGTGCTGGGCCTCGCGCCCGGCTCGTTGATTCCCCCGCCGGATTGCGCCGAGATCCTGGCCCGGGCCCGCGTCCTCGTCGGCGGCAAGCGTCTGCTGGAGGCCTGCGGCCGGGATCTGGCCCCCAGGGCCGAACGCCGCCTGCCCGTCAGCGGGCCCCTGGACGCCGTGCTGCGCGACATCGAAAGCGAGACGATGAACGGCGGCGTCGTCGTCCTGGCCGACGGCGACCCCCTGTTCTACGGCCTCGGCAAGCGCCTGCTGGAAGCCCTTGGCCCGGAGCGGGTGGTCTTCCACCCCAACG
NZ_CP168306.1_gap39	1516722	1519178	2456	GCCAGTCCCGCGTCCAGCTCCGCCGGGGCGACGTCCCCGGGAACAGGCACGGGAGCCGCCCCGCACTTTGCGTGGAAGGCCGCCACGGTCCCGGTCGGGTCGGCGGCCAGGGCCCGGCGCATGAGCCGCAGCACGCGGGCCGGGGTGAAGCCGGTGAAGCTCAGGAACGGCGCGGCCAGAACCACGCGTTCGTAGCGCGGCAGGACCAGGGCGCGATGCTTGAGCACGAGGTGCGCGCCCGTGGACCAGGCCAGCAGGAAATCGCCGCCGCGTTCCAGGGCCGCCAGGACTCCGGCCTCGTCCAGCCCGGCGAAGGGCGCAAGAAAACGCGCCCCCCCGGGGAAATCGGGAAAGAGCGCCGGAAATCCGGCCCAGCCGGAAACGAAGGTCAGGCCCATGCGCTCATGGCCTCGCGCAGGTCGACCAGGGCCGCGCGGGCCAGATCGAGGTCCGCGTCCGTGAGGTCCGCGCGCAGGGAGAGCCGCAACCGGGCCGTTCCGGCGGGCACCGTGGGCGGACGCACGGCCGGGGCCAGAATGCCGCGTCCGGCCAGGAAGTCGCGGGCGCGCAGTGCGGTCTCGTTGGGACCGAGAATCACGGGCACGATCTGGCAGGCCGAGGCCCCGGTGTCGAAATCCAGTCCGGCCAGGAAAGCACGCAGCCCAGCCGCCATGTCCAGGAGTCTCGAGCCCAGGGACGGATCGCGGATCACGGCCCGGACGCCCGCAAGGGCCGCGCCCACGGCCGCCGGAGGCAGGGCCGTGGAGAAGATGAAGCCTCGGCCGGTGTTGCGCAGGTAGTCCACGGCCTCCCGGCTCCCGGCGATGAAGGCCCCGTGCGCGCCCAGGGCCTTGCCCAGGGTGCCCATGAAAAGCACGTTGTCGCCCGCCACCCCGAGTTCGTAGCCCAGGCCCCGGCCCTGGCCGAAGACGCCCGTGGCGTGGGCCTCGTCCAGCACGAGCAGGGCGCCGTGCTCACGGCAGAGCGCGGCGATCTCCTTCAGGGGGGCCAAGTCGCCGTCCATGCTGAAGACCGTGTCCGTGACCACGATCTTGCGTTCGCGGCCGCGATGACGTTCCAGGAGTTCGGCCAGGTGCGCGGCGTCGGCATGGCGGTAGCGCTCCATGTCCGAACCGGAGAGGCGGATGCCGTCCACGATGCTGGCGTGGTTCAGGCGGTCGGAGAAGATCACCGCGTGGCGGCCGCCCAGGGCCTGGAGCAGGAGCACGTTGGCCGCGTAGCCCGAGCCCACAACCAGGGCGTCCTGGGTCTCCTTGAGCGCGGCCGCCTCGCTCTCCAGCAGGTCCAGCAGGGCGTACTGGCCCGAGACGAGGCGCGAGGCCCCGGAGGAGGTTCCGTATTCGCGCACCGCGCAGACGGCGGCCTCCTTCATCTCCGGCGTACCGGCCAGGCCGAGATAGTTGTTGGAGGCCAGGTTGAGCAGCCGCCCGCCCCCGGCCGTGACGAAACGATCCGCGCCCCGGTCCAGATCCGGAACACGCCGAAGCAGCCCACGCTGTTCCAATCCAGCCAATTCGCGCCGGAAGAACTCCGGCCAGAACGATGCTCCCATGCCCGCCTTGAAAGCCTGTTGCGATTGATCTACCGTTCGGGCCCCGGTCAACGGGAGAAAGGAGCAGAACATGTCCGCGAAACCCGGAACACTCTGGCATCCCTGCACCCAGATGAAGGACCACGAGGACTTCCCCGTGATCCGGGTGGCCAGGGGCCAAGGCATATATCTCTTCGACGAGGGCGGCAAGCGCTACCTGGACGCGGTCTCGTCCTGGTGGGTGAACCTCTTCGGCCACGCCAATCCGCGCATCGCCTCGGCCATCGCCCGCCAGGCCCAGATCCTGGAGCAGGTCATCCTGGCCGGGTTCAGCCACGCCCCGGCCGAGGAGCTGGCCGAGCGCCTGACCGCCCTGGCTCCGGCGGGCCTCGAACACGTCTTCTACGCCGACAACGGCTCCTCGGCCGTGGAAGTGGCGCTGAAGATGGCCCACGGCTTCTTCCGCAACCAGGGCCGCGCCGGGAAGTTCCGCTTCGCCTACCTGGACAACGGCTACCACGGCGAGACCCTGGGCGCGCTGGCGGTCTGCGGCGAGGATCTTTACTCCGAGCAGTTCGGGGCCATCATGCCCCAGGGCAACCTGCGCGTGGCCGGGCCGGACTGCTTCCGCTGCCCTTTGGGGCTCTCGCGCGAGGGCTGCGACGCGCCCTGTTTCCAGGCCATGACCGAGAGCCTGAAACTCCACGCGGACGAGATCGCGGCGGTCATCGTGGAGCCCCTGCTCCAGTGCGCGGGCGGGTTCCGCATGTACCCCCCGGCCTATCTGCGCCGCCTGCGCCAGGCCACGCGCGAGGCCGGGGTCCTGCTCATCCTGGACGAGATCGCCACGGGCTTCGGCCGCACGGGCACCCTCTTCGCCTGCGAGCAGGCCGGGATCAGCCCG
NZ_CP168306.1_gap40	1589279	1591000	1721	TTCTCGGCCTGGGACCGGGCGCGGTTGCCGGACTCGGCGGCCTCGGAGGCGTTGCGGGCCACCTCCAGCACCGTGGCGTTCATCTCCTCCATGGCCGTGGCCGTGGACTGGATGCGGTCGCGCTGCACGTCGGTTCCCTCGCGGATGTCGCGGGAACGAGCCGCGATGGCCTCGGCCGCGCCGGTGACCTTCTCCACGATGGCCTCCAGGCGGCCGGCGGCCAGGAGGATTCCCTCGCGCCGGGCTCTCTCGGCCTGCCCCCGGGCCTGTTCGGCGTCGGCCAGGGCGCGCTCGGCCATGCGGGCCTTGTCCTCGGCCTCGGCGGACTTGGCCGTGATCTGGGCGATGTTCCCGCGCAGGGTGCGGGCCATGCTGTTGAGCGCCTTCTGCAGACTGGCCACCTCGTCGCGGCCGGACTCGTCGAGGTTCACGTCGTAGCTGCCCTCGGCGATGCCGCAGGCCGCCCTGGTGGCCTGGGACAGCGGCCGCACGATGCCCCGGATGGTCACGACGCTCAGCGGCAGCACGAAGAAGAGAAAGACGGCCCCGAGCACCGAAAGGAGCATCAGAGTGTCGGCGCGGACCAGTTCCCCGACGGCCTGGGCGATACCCGTCTTGGCCTGTTCGATGTTGTCGATGTAGATGCCGGTGCCGATCCAGAGGTCCGTGCCCGGAATCATCTCGGCATATCCCAGCTTGGGCTGGTCGCCCTTGCCCGGCTTGGGAAAGATGTACTGCACGAAGCCGCCCCCGGCCGCCGCCTGCCTGGCCAGCTCCCGGACGAAGAAGACCCCGTTCTTGTCCTTGCTCTCGGCCATGTCCGACCCCTGAACCTCCTTCTTGGGCGGCAGGGCCACGTTCACCGTGCCCCGATAGACGAAGTAGTAGCCGGACTTGTCCTCCTCGAAACGGATGGGGTCCACGGCCCGGCGGATGAACTCCACCCGTTCCGCGTCATCGGAAACGCCCGTCAATCCCTGGCCCAAGGACAGGGCCATGCTGCGCGTGGCCACCTGGATCTTCTGTTTCTGGAGGTCGAGCATCTGAACCTGGACCTGTTCAACGCCCATGGCTTCGATCTTTCCGGCGTTGTGCAGGAAGGCCAGCACCGTCCCGGCCACGAAGCAGACGATGAGGCCCAGCAGGAGGAATATCCGTGTTCCGATGGACATGAGACGCATCATGGGGCACCTCCGAAGATAGTGGGTAATCACTTTAAATTGCTTTCGGGAATCTGGTCAACGCCGGGCTGATGATTATTGTCAGACGATTCGCGCGCCACGCGCGCGGGAAGCACCAGATGCGGAAACACGCGCTCCATACCCCGCCCGGCCTCGACGGCTGCGTGCTCTGCGGCAAGTGCCTGGAGGCCTGCCCGCTCCTGGCGGCCACGGGCCGCGAGGAACTGTCGCCCCGGGCCAAGGCCGTGCTCACCGCCCACGGCGACTCGCGCACGGCCGAGGATCTGGCCCGGCTCTGCCTGGGCTGCGGCCGCTGCGTGCGGGTCTGCCCCCAGGGCCAGGACGCGCCCGCCGTGGTGGCCGGTTTGCGGGCCGCGCGGCCGGACTTCCGGCAGTGGCTCTGGAAGGCGGCCCTGGCCCGAAGCGGGGCGCTCTGGCCTGTCGCCGCCACGCTCGCCAAGCCGATTCCCAAGGACTTTCTGCAAAAGCGCCTGGGCGGTCTGCTCAAGGGGCTGGGCGCGCTCTCCCGGCCGGGCTGCG
NZ_CP168306.1_gap41	1599093	1603755	4662	CCCTCCTTGACCGTGTCGGTGGGCACACCGGCCCAGGCGGTGGCGGTCAGGAGCCCGAAAAGCGCGATGCCTGCGGCGAACGAGAGTATGGTGCGTTTCATGTGCGGCCGTCGTATTCGATTCTTGTTACGGAATCAAGAGGTTCCTTGTTAGATTATTTGTTGACGCTTGGCGTGGCGAACTTGGCCAGCAGGTCTTCCAGGTCCAGGGCCGGGTTCGTCTGGAAGATGCCGTCCCCGTCCTTGAGGGGCTGGCCCACGGCTCCGGCGGTGAGTCCCACGAACTTGTCGCCGATGAGGCCGCTGGTCTTCACCGAGGCCGTTGCGTCGTCGCGGATGTCGATGCCCTTGTGCACCTTCATGCTCACCCGGGCCAGGGGAATGTCGCCGGAGAGGTCGAGCTGGATGCCGTCCACGTAGCCCACGTCCACGCCGTACATCTGCACGGGCGAGTTGATCTTGAGCCCGGAGACGTTGGTGAACGCGGCCCTGAGGGTCATGTAGTTGTCGGTGAACAGGCCCAGGTTGCCGAGCTTGATGCTCATGTAGGCGATGCCGATGAGGCCCACCAGCACGAAGATGCCCACCGAGGTTTCCTTGGAATATTTCTTCATGGCCTCCCCTTTGTCTCCTCAGCGGCCGTTTCCGGCGCCCAGGTACTTGCTGCAGTCGATCTTCATGACCTTGGGATCCAGCTTGGGCATGGAGAGCATCTCTCCCGCTCCCTCCTCGGCCCGGCGTTCCAGGAAGCGCCGCAAGTACGGATCCTGGGTGGCCTCCAGTTCGGCCTGGGTGCCGTCGAAGAGCACCTTTCCCCGGCCGAGCACGACCACGTGATCCGCGATGCGCCGCATGCTGGCCAGGTCGTGGCTGACCACCACCAGGGTCATGTCGAAACGGCGCTTGAGCTCCAGAAGCAGGTCGTCCAGGGCCGCGGAGTTCACCGGGTCCAGGCCCGAGGTGGGCTCGTCGCAGAAGAGGATCTCCGGGTCCATGACCATGGCCCGGGCCAGGCCCGCGCGCTTGCGCATGCCGCCCGAAAGCTGGTTGGGGAAAAGATGCAGGGAGTCGGCCAGGCCCACCAGGGCGAGCTTGGCCCGCACGACCTCGGCGATCTGCGGCTCCTTGAGCCGGGTGTGCTCGCGCAGGGGCAGGGCCACGTTGTCGAAGAGGTTCAGCGAACCGAGCAGCGCGCCGTCCTGGAAAAGCAGGCCCAGGCGCTGCTTGAGGCAGCGCAGGGCGTTGCGCGACAACTTGAAGATGTCGTGGCCGCCGATGGTCACCCGGCCGGTGATGGGCCGGTGCAGGCGCAGGATGTGCTTGAGCAGGGTGGATTTTCCCGAGCCCGAGCCGCCCAGGATGACCGTTATCCTGCCGCCGGGCAGGGTCACGTTCACGTCCGAGACCACCACGTGCTCGCCGTAGCCCACGCTCAGGTCCTCCAGGCGGATGTCGTATCGGCTTCGTTCCATGATCCGGGCCTAGTAGAGAATGGAGGTGAGCACGTAGTCGGCCACGAGGATGAGCACGCAGGACATGACCACGGCCGTGGTGGTGGCCTGGCTCACGCCCTCGGGCCCCTTGTCCTCGCGCAGATGGGTGAAGTAGCCCTGGTAGCAGCAGACCGTGCAGACGATGACCGCGAAGACCATCGCCTTGATGTAGCCGCCGGAGACGTCCTCCCAGTCCAGGGAGGAATCCACGCGGTAGAGGTAGGCTCCGGCGTTGCCGCCCATGAGCATGACGCCCGTGAGGTAGCCGCCGAGCATGCCGATGAGGTCGAAGAGCGTGGTCAGGATCGGGAAGCTGATGAGGCAGGCGGCGAGCTTGGGGCTCACCAGGTAGCTCATGGGGTTGATGTCCATGATCTCCAGCGCGTCGATCTGCTCGCTGATGCGCATGACGCCGATCTCGGCGGTCATGGACGAGCCCGCCCGGCCGGTGACCATGAAGGCCGTGAGCACCGGGGCCAGCTCGCGCACCAGGGAGAGGGCCACGGCCGCGCCCAAAAATCCCTCGGAACCGAACTTGGACAGGGCGTAGTAGGTCTGCAGGCCGATGACCATGCCGGTGAACAGGCCGATGAGGGCGATGACGCTGATGGACTTCACGCCGATGAAGAAGACCTGGCGCACGGTCTTGGGAATCTGGCCGAAGGACGAGAACATGAGGCGCAGGGAGTCGGCCAGGAAGAGGAACATGGCCCCCATCTCCCCCAGGAAGCGGAGGCTGGCCCCTCCCAGGGCGGCGACGGGCGCGAGAACGCCTTTCTGTTCCTGACCCATGACGAACGATCCTTTGCGCGCGGTTCCGGGAAGCGGCCACGCGCCCCCCATCAATGATCTCAATTGCCTTAACGAATCTCGGGGCCGAGGGCAAGCCGTGAAATCCGGCAAGAGGTCCAGAAATGACCCTTCCGTCGGCCGCGGTCCGGGCCTCACGCCCCGGTCGCGTCCACGTTCCAGGCGTAGCGCGGATGCAGGGAACGGGCCTCCAGTGGCTCGGCCTCGCCCTCGCTGAGCACCTCGGCCCCGCCGCGCCAGGCCTCGTAGTCCGAGCCCCAGTCGCGCATGGCGCAAAGGATCGGGAACAGGCCCAGGCCCTGGGCGGTGAGGGAATACTCCACCTTGGGCGGCACCTGGCGGTAGACCTCGCGGTGGATGAGCCCGTCGGCCTCCAGCTCGCGCAGCTGGCGCGTGAGCATGCGGTCCGTGACCTCGGGCATGTCGCGTTTCAGTTCGCCGAAGCGCAGCACCCCGGCATGGCCCAGGTGGTAGAGCACGATGGGCTTCCACTTGCCGCCCATGACCGCCAGGGCCAGCTCGAAGAAACAGCGGTAGGTCTTGCCGTGCAGCTGCTTCACGGCGCAGGCTCGGGTCATGGCGGGCTCCTCACTATACCGGATGATAGTACCTGACAAAAAAGACAGTACTTGCGAAAAACGCACGCGCTGGGTATCCGATAGCCGTCCTCTGATCGCGAGTCAACGACAACCATTTTGGAGGTTCCGCATGAAAGTCGTCGCCATCAACGGCAGCCCCCGCAAGGACGGCAACACCCGCCTGCTCCTGGAAACCGCGCTGGAGCCCCTGGCCCAGGCCGGTTGGGAAACCGAAATCGTGCAGTTGGGCGGCAGGACCATCCAGGGCTGCCGCGCCTGCTTCAAGTGCTGGGAGAAGAAGGACAAGCGCTGCGTCTTCGGCGGCAAGGACGTCTTCAACGAGGTCTTCGAGAAGGCCTTGTCGGCCGATGCCCTGATCCTGGGTTCGCCCACCTACTTCGCGGACGTCTCGGCCGAGATGAAGGCCTTCATCGACCGCGCGGGCTTCGTGTCCATGGCCAACGACTGCCTGCTGGCGGGCAAAATCGGCGCGGCCGTGGTGGCCGTGCGCCGGGGCGGGGCCACGCACGTCTTCGACACCATGAACCACCTCTTCTTCATCTCCCAGATGGTCGTGCCGGGCTCCACCTATTGGAACATGGGCTACGGCCGGGAGCCGGGCAAGGTGGCCGGGGACGCTGAAGGACTGCGCAACATGCGCCACCTGGGCCGGGCCGTCGCCTGGCTCGGCGCGGCCATGAAGAACAGCGCCGCGCCCTACCCCGTGCTGAAGCAGGGCGAGGACTGAACTACCCCTTGATTTTGCGGCCGCCGTTCTTGTTGGCCCACCAGGAGGGGTCCGGGCCCAGGTACCACCAGTCCGTGTGGTCGGTCTCGCGGATGACGCGGGCCAGTTCCCGGCCCTCCTCGGTGCGCAGGCGCTGCACGGCCGAGTCCATCCACTTGTCGGCGTATGTGTTGCCCAGGTCGGACTGCTCCTTGAGGTTCAGGATCAGGTCGAGCTGGTCCGCGTCCTGGGCCAGCCGGGCCTCGGGCGTCTCGGTGGCCTCCAGTTCGGCCCAGAGCCCGAGCAGATCCTCGGAGAAGCCCGTGCCCGCGGCCGCGTCCTTGAGGGCCGCGCTGCGCTCGGAGGTGTTGTACATCCGGTTGACGTAGTTGAAGTCCCCGATGCGGGTCTCGTGCAGGTCGTGGAACAGCCCCAGGAGCACGGCCCGGCCGGGGTCGGCCCCGGCCATGCGCGCCAGCACGTAGCAGATCACCGACGTGCGGAAGGAGTGCTCGGCCACGTTCTCCTGGCCCGTGCCCAGGAACTGGTAGCCCGTGCGCGGGGTCTTGCGCAGCATCCCGGCCTCGAAGAGAAAATCCGCGATGCGCTTGAGCCGGTCGCGGCCCTGTTCTCCGCTCATGGCCTCAGGTCCTGTAGTCCGCGTTGATGGCCACGTATTCCTTGGTCAGGTCCGAGGCCAGCAGGGAGTATTCGCCGGGGCCCGCGCCCAGGGACACGCGGATGTCGATGTCCTGCCTGCGCATGAGCGGGGCCAACACGCCGTCCAGGTCGCCCTGGGCCGGGCGGCCCTTGGCGAAGATCACGATGCCCCCCAGGGAAAGCACCACGTCCTCGGGGTCGAACTCGGCCCCGGAACGGCCCACCGCGGCCACGATGCGGCCCCAGTTGGGATCCTGGCCGAAGAGCGCGGTCTTGACCAGGGGCGAGGTGCCCACGGCCCGGGCCGCGCGCTCGGCGTCGGCGGCGTCGGCCGCGCCGGTGACGGTGATCCGGGCCACCTTGGTGCCGCCCTCGGCGTCCTGCACGATCATGTA
NZ_CP168306.1_gap42	1605855	1608403	2548	TGCTGGCCGCGCGGGCGATCATCCCGGCCTTGCTGGCGGGTTTGGCGGTCGTCGCCACGGGCCTGTTCGTGGGCCGGTTCTTCTGCGGCCACGTCTGCCCCATGGGCGCGACCCTGGATCTGGCCCAGGGAGCGCTCCATATCAAGAGGAAGAAAGGGGCCGAGCCCGGGCCCGGCGCGCGGCGGATCAAGTACGGCCTGCTGGCCGCCTGCCTGGGCTCCTCCGCGCTGGGCGTGTCGCTGCTCTACTGGCTCGCGCCCATGCCCCTGGTCACGCGCTTCTGGGGCCTCGTGGTCCTGCCCGTGGTCCGGCTGGGCCTGGACGCCGGTCTGGGAGCCCTGCGGCCCCTGGCGCGGGCCATGGACTGGCGGGCCCTGAGCTTCGCCGTGGTCCCGGTGCCGCGCTTCGCGACCATGCTCTTCGTGGCCCTGCTCTTCGCGGGCCTGTTCGCCCTGGCCCGGTCGGCCCCGCGCTTCTGGTGCCGTTATCTCTGTCCCGCCGGGGCCCTGCTGGCCCTGTTCTCCGGCCGTCCGGCCTGGCGGCGCTCCGTCTCCGAAAACTGCACGGGCTGCGGGGCCTGCATCCGGGCCTGCCCCATGGGGGCCATCCCGGAGGAGCCCGGCCGGACCCGCTTCCGCGAGTGCATCGCCTGCCTGCGCTGCGTGCGGGTCTGCCCCGAGGCTGCGATCCATTTCCGGCTCTTCCCGCAGTCGGCCGGAGCCGAGTCCTTCGTGCCCGAACGCCGCCTGTTCCTGGCCTCCGGCCTGTCCGGCGCGGGCATGGCGGCCCTGGCCCTCACCGGCCTGGACTCCCCGGCCCTCAAGGAGGGCGTCACCGGAACCATCGTGGACCCCGGCCGGGTGCGGCCGCCAGGAGCCTTGCCCGAAGGGGACTTCCTGGCCCGCTGCCTGCGCTGCGGCGAATGCATGGCCGCCTGCCCCACCAACACGCTCCAGCCCGCCTGGCTCCAGGCCGGGGTCTGGGGTATGTTCAGCCCCGTGGCCGAGGCTCGGCGCGGGGCCTGCGACCCGGACTGCGCAGAGTGCGGCCGGGTCTGCCCCACGGGCGCGGTGCGGCCGCTGCCGCTTTCCGAGAAGATGTGGGCCAAGATGGGCACAGCCCATGTCCTGCGCCAGAAGTGCCTGGCCTGGGAATGGGGCAAGCCCTGTCTGGTGTGCAAGGAGGTCTGCCCCTACGGGGCCATCGAGATGCGCCGGGTGGAGTCCTCGCCCGTGACCGCGCCCTTCGTGCTCGGCAACCGCTGCACGGGCTGCGGGGCCTGCGAGAGTCGCTGCCCGGTGCAGGCCGAGGCCGCCATCCAGGTGGAGCCCATGGGCTCCCTGCGACTGGCCGAAGGTTCCTTCGAGCGGGCCGGCCGGGGCATGGGCCTGGACATCCGACGCGCCGTGCAGACGATCCGGCCGCCCCACGGCCCGGCCGAGGGTTCTCCGATCTTCGATCCAGCGCCCGACGCACCGACGCCTCCATCCTTCGATCCGGCCCCCCGGACGACCGCCCCCTCGCCCTTCGATCCGACCCCCGAGGCCTCGTCCCAGCCCTCGCCCTTCGATCCGCCAAGCAAGTAGCCGCGCGCAATTCCCAGCCTTTTTCCGGTTCGTGAAAAAAATCCTACCAAGTTGGTGGGAACCCGCTTGACGAAAGGTTCACAATTTCATAGTGACCTCGTAGGAAATTAATTCATACCCTCAAAGTATGAATTGACCCGAGAGAGACGGCTTGTTTTTCTTCTCACTGCATTCGTTCCAGCGGGCCGGACGGGAGACCGGCCGCACCGGACGCACCGGTCGGGAGGCGCCGGCGAGCGCCGCGCCCCGGGCGTCCGGAGGAGTCTGAAGGCTCTCTGTCCATGAAATCAAAGAGGTGCGAGGACTGGATGTTATGAAGGCAAGACCACTGCTGAGATGGGCTGGAATCCTGTGCGTGTTCGCCGCCGTGTCGGTGTACTGCATCGAGGCCCGGGGCTCCGGCGAACCCAAGGCTCCGGCCGCCGAACAGGCGGACATCATCCTGATCGACGACATGTCCGCCTATGGCAAGCTCGAATTGCCGCCCGTGGCGTTCGCCCACGACAAGCACACCGACGCCCTGAAGAAGGCGGGCAAGGACTGCACGGCCTGCCACAAGCAGGAGAACGGCAAGCTCGTCCTCAAATTCATGCGCGTGGCCGACGGCGACGCCCAGGCCATGAAGACGGTCTACCACGACAACTGCATCGGTTGTCACGCCCAGACCGCCGCCAAGGGCCAGAAGACCGGGCCCCAGGACGGCCAGTGCCGGTCCTGCCACAATCCCAAGGCCGCGGCCGGGAAGCAGCTGGACATGGGCTTCACCAACGTCCTGCACTTCCGTCACGCCGAGTCCAAGGACATCGCCTCGCCCACCGGCGACAAGGACAACTGCGGCCGCTGCCACCACGAGTACGACAAGGCCGCCAAGAAGACCGTCTGGGCCAAGGGCAAGGAAGGCACCTGCCGCTACTGCCACCTGGACAAGCCGGTGAAGGACGCCACCCTGGGCGTCGAGGTCA
NZ_CP168306.1_gap43	1708554	1710549	1995	CGCGAGGCCTCCGGCAAGCTCGACCTGCCCGTGATCTCCCTGCCCTTCGACGGCACCCCCCATCCCGCCTCGGCCCTGACGCTGGAGGCCTTCATGGAGCAGTGCCGCGCGCGGGGAGGCTGACGCGGGGGAGGGAACGCCTCCGGCGGCCGGGCTCCGCCCCGGACCCGCCAGGGGCCGAGGGCCCCTGGACCCCCCAACGGTCGAGGCGGTCATCAGGGCGCGTTGCGCGTCCTGATGACCGCCTCGACGGGTCGGCCCGAAACCGGGAGCCTCTTCAGCGAAAGACCGAGAGCCTCTTCCGCCTTTCCATGGTCCAGCGAAGCCGGTTAGAGTTTGGATTTGAGGACGATGTCCGTGATGGGGCCGCGCGAACGTTCACCCTTGAGCACCATGTGGGCGTAGTTGCGGTAGCCCTTGAGCTTCTTCACCACCCAGTTGAGGCCGTTGTTGGACTCGTTGAGATAGGGGTTGTCCACCTGCCGGGTGTCGCCCAGGCAGATGCACTTCACGTTCTCGCCCATGCGGGTGAGCAGGGCCCGGGTCTCGTTGCGCGAAAGGTTCTGCATCTCGTCCACGACGACCACGGCGTTCTCCACGTTCATGCCCCGGATGTAGGCGATGGGCTGGATTTCGAACTTCTTGGGGTTCAGGCGCAGGCTCTCGGCGTCCGGAGTCATGAAGATGCGGTTGGCCGGACGCATCTCGTGGAGCTTCACGAGCAGGTCGTGGATGTAGCGCACGTAGGGGAGCATCTTCTCCTCCACGTCGCCGGGCAGGTAGCCCATCTTGGCCCCGATCTCCCAGACCGGCTTGACCAGGTAGATCTTGCGGTAGGTGTTGTCCTTGCGTTCGAGGACCAGGTAGAGCGCGGCGGCCAGGGCCAGGAAGGTCTTGCCGTAGCCCGCCTCGGACTGGAGCGAGACGAGGTCGATGTCCGGGTGGAGCATGATCTCCAAGGCCAGGTTCTGATACACGCTGCGCGGCCGCACGCCCCAGATCTCGTGCTGGTAGGTCACGGCCTTGGGCCCTTCGGGGCCGTAGAAGACCGGCGTGCCCTGCTCCCAGCGGAAACTGTTGGCCACGGGCTCCTCGCCGTCCTCCACGAAGCCGGTGTAGAGCTGGGATTCGGACTGGAAAGGCACGGAGTCGCGGTAGCCCTCGCAGGCGATGCCGTAGACCCGGGCCTTGAGCTGGAGGATGCGGTCGTTGGTGATGAGGATCGGATCCTCGAGGTTCTGCTTGAGGATTTCCTTGAGGATGCGGTCGTCGTAGATCTCGTCCTCCAGGCCAAGGGCCACGTCCGGAGGAAAGATGCGCACCTTGTCGTCTTCGAGGATGGAGTGCACGGCCTGGCTGACCACGTGGCCCACGCGCGGGTCGCGCTTGAGCTTGTCCAGCTCGGCCAGGACCGTGTAGGGAACGTGGATGTTGTTTTCCTCGCCGTTGCGCAGGCCGGCGATGCACTTCGGGTTTTCGATGAGGACGTTGGTATCGAGGATGAAGTTTTTCGACGCCATAGGCTCCCTTGCGCTTCTTTCGAGGTTCTCACGCGAAGGCGTCCAGTCCACCCGTGGATTTCAAGGAACGATGCCGGGGCTTTGCACTCACCTCCCAGGACGGACGGATGCCGCGCCGCCGAGTTGTTAAACATTCTCTAAACTTTTCCCGGCTTGGGGTCCATCACAAAGCGCGGCGGCGAGGTGACGATTGGGCGACGAAGGATCGGCGGAACGCCGCCCGGCCCGGCCGCCCGCGATCGGGGCCGTTTCCCGACGGGGCTTGCCCACGCCGTGGTTTCAGGCTATGCAGGCCCTTCCACACCGGAGACACCAGGAACCACATGACGGACGAGACCAAAAAGGGTCCCTCGCGCCGGGCCGGCGGGCCGGGCGGCGAGGGCGTCTTTGAAAAGCGGCTGGGCGAGATCAAGGAACTGGACGGCAGGATCCTGGAGCTATTGGCCAGGAGGGCCGCGCTCCTGGGCCGCGAGAC
NZ_CP168306.1_gap44	1717294	1717962	668	CGTTGCGGGCCACCTCCATGACCGTGGAGTTCATCTGTTCCATGGCCGTGGCGGTCTCCTCGGTGCGGCGGAGCTGGGCCGCGGCGGACCCGGCGGTTTCGCGGATCTGGGCGTTGAGCTGTTCCGAAGCCGAGGACAGGCCGTTGACGGCCTCCTCGATGCTGGCGGCGGCCTCCAACATGCCCTGGCGGCGGGCCTGCTCGGCCTGGGCCCGGGCCTGTTCGGCCTCCTCCGTGGCCAAGCGCGCGCGCTCGGTCTCGGCGCGGGCCTGCTCGGCCAGCTCGGCGGACTCGCGCACCTTGTCGCGCAGGCCGGCGACCATCCCGCCCATGTGGTGCTGGAGCACGCCCATCTCACCCCTGAAGCGCTGCTCCAGGGTGCGGTCCAGGTCGCCCCGGGCCACATCGTTGAAGTAGCTCACGAGCAGGCCGAGGGGACGGCCGATGCTCTTGCGGATGACCAGGGCGCTCAGGATGCCGAAAAGCACCACGAAGACCAGCCCGGCGGCCACGGCCTTGACGACCATGCCGGACACCGTGGCGCGCATCTCCGAGGTCTGGGCCCCGGCGGCGGCGTCGATGTTGTCCACGTAGACGCCCATGCCGATGACCCATCCCCAGGGTTCGAAAAGTTTGACGAAGGAGAGCTTGGGGAAGCGTTCGTCGGTG
NZ_CP168306.1_gap45	1718973	1720807	1834	AACGGCCCGCCCCCCTGGCGAGCCATTGGGCCCTCACGCTAGAAGCGTGTGCTCACTTTTTGCGTTGTCAACCTTTACCCACCGCACTTCCAGGGTTTTTTCCCCGGAGGCCGGGGGCTCCGCGTCGGCACGATCTATCGTCCACTCTATATCATCCCTGCTCGGCAATTGTCTCGCCTCCGGCGTTATTCTTTGCCTCATTTTCAACGGCCCGGCCTCGGCCTTCGAGGCCCGTCTGGAACGCGTCGTGGACGGCGACTCCCTGACCGTCCGGCTGCCCGGCGGGACCGAGGAGGTCCGGCTCATCGGCCTGGACGCTCCGGAACTGGCGCAAGAATGGGGCGAGGAGGCCAAGGCCTTCAGCGAGTCGTTCTGCTCCGGCGCGGCCCTGACCCTGTCCTTCGACCGCGAGCTGCGCGACCGCTACGGCAGGCTCCTGGCCTACGCGCGCTGCGACGGCCGCCTGCTCAACGAGGCTCTGCTCAAAGCCGGGCTGGCCGTCACCCTGCCGGTGAAGCCGAACGTCTCCCTGGCGCGCCGTTTCAAGAAGGCCGAAAAGGAGGCCAAGGCCGAAAAAAGGGGATTCTGGGCCCGGGGCGGACTTGAGACGTCCCCCTCCGCATTCCGCCGCCGGCATCCCCGCCGATGACCGCCGACGCCCCGCGAGGCGTGACAATCGCCCGCGAATGCGGTAGTCACGGGGCAGTTTCGCGCAACCCGCATACGGAGGAAAGGTATGATCCGCACATTTCTGGCCGGGGCCCTCGTCCTGGCCGCACTGCTCTCCCTGACCGCCTGCGGCGCGGGCCGCGTGGTGCCCCTGGACTATTACGCCGCCCAGGTCACCCCCCCGCGCTGCTCCACGCCCGTGGTGGTCCAGAAGTTCACCGACGCCCGCGGCACGGACTCCCTGGGCACGAACAAGGACGGCCAGACCTTCCTGGCCGATCCGGGCCAGCCCGTGGCCGACTGGGTGAGCTACGCCCTGTACCAGGAACTGAAGGCCAACGGCTGCCAGGCCCTGTACCAGACCGTGGACCAGGGTTCGCCCAACCTCATCGTCCGGGGCGAGGTTCTGGAGGTCAACCTGAAGCAGAAGGACACCACGGGCTATTCCTGCGCGCTCAAGGTCCGGATGCGCTTCATCAAGAACGGCAAGGAAATCTCGGTGGAGCAGTTCGGCAGCCAGATCGACAAGGTCTACCTGCCCTCCTCGGACAACCCCCGCAAGGCTCTGCGGGAGTGCCTCCAGGTGCTCCTGACCGAGGTCATGGAGAACATGCTGCCCAAGCTCAAGACCATGTGAGGTGAGACGACATGACCCGGTTCATCGACGCCCGTTCGTTCCGGCTTCTGGCCCTGTTCATGGCCCTGTTCATGTGGACCCTCAGCTTCGTGCCCCGCGCCGAGGCCGGTTTCGTGGCCTCCCAGGCCCTGACCGCCTCCGAGACCCGGAGCCGGGACACGGCCACCGTGGAGCGCGTGCTCCAGAACAAGGTGGTCAAGCAGCGCCTGCAGGAACTCGGCTACTCCGACCAGGAAGTGCGCGACCGTCTGGCCGGTCTCTCGGACCAGGAGTTGAACCAGCTGGCCGGGCGCATCGACACCGTGGCCCCGGCGGGCGACGGCTTCGGCTTCGTCATCGGCCTGCTCGTGGTGGCCATCCTGGTGGTCATCCTGCTCATCCTCGCGGACAAGCGGGTATCCATCCACTAGGGCCGGCCTTGTTCCGATCCATCGACGGCATCGGCCGCCGCGCGACGCGCCGGGCCCCGGCGTTGTTCGCGGCGGCCGTTCTTTTCCTGCTCCTGGGCTGCGCTCCCCGGGTCGAACC
NZ_CP168306.1_gap46	1726866	1729406	2540	CCCTGACCATCCTCCCGGCCATGCTCCTGGCCGTGCTCCTGGCCTTCACTCTCGTCGCCCGCTATGTGCTCGTGCTGCCGAATGTCGCCGTGGGCAGCCCGCTCAAGCTCCGCGAGGTGGTCCGGCTGGGCAGGGGCAACCGCCTGCGCATCGTCTGGATCAGCCTCCTCGTCCAGCTCCCTTTCCACATCGTGGACCCGCTGGCCTCCGCGGCCATCCATGCGGGCAGCGCCATGAACTTTCTGCCGATCTCCTTCCTGGCCTTTTCCGCCATCTGCGCCGGGGCGGTGCAGATCCACGCCCAGTCCGACATGTACCGGGAGCTGCTCATCATGGAGAAGCTGCGGCGGGACGAGGCGGCAGAGACGGCGGCCCCGATCTGACGCGAAAGCCCCGGCTCCCATGCGGAAGCCGGGGCCTTTTTCATTCACGGCCCTGGCTAGAGCCCCTTGTCCCGCCGGTACTCGGCCAGGGCCTCCACGCTGACCACGGGCATGTCGTGGGTCCGGGCGAAAGCCTTGATTTCCGGCAGCCGGGCCATGCTGCCGTCGGCGTTGGTCAGCTCGCAGAGCACCCCGGCCGGGGGAAAGCCCGCCAGCCGGGCCAGGTCCACGGTGGCCTCGGTATGGCCCCGGCGCTCCAGCACCCCGCCGGGCCGGGCGATGAGCGGGAAGACATGGCCGGGGCGATGCAGGTCCGAGGGCTTGGCGTCCGGGGCCGTGGCCGCGCGCACCGTGGCCAGCCGGTCGGCCGCCGAAACCCCGGTGGTCACGCCCCGGGCCGCCTCGATGCTCACGGTGAAGGCCGTGCCGTAGGGGCTCTCGTTGCGCTCGACCATGGGCGGCAGGTCCAGGGCCGCGGCCGCCTCGCCGGTGAGACAGAGGCAGACGATGCCGCTGCAGGCCCGGATGAGCAGGGCCATCTGCTCCCTGGTCAGGGTCTGGGCCGGATAGATGAGGTCGCCCTCGTTCTCCCGGTCCAGGTCGTCCACCACCAGAACCCCGCTGCCCTGCCTGAGGGAGTACAGGGCCGCCTCAACCTGCCGTTCGTGGGAAGAAACCGTGGTCGTCTGATTCATGACCGCTCCTTTTCGCGGTTGACCTGAATCAGGGCGATGAAACAGACAGGCCGGTCGCCCGCGACGCGCGCGCGACGGCCAAGTCCCCGGAAGGACTCCGGGAACGGACGTCTGCTCCTCTTCCATCCGGACTGTGACCGTCGGCCCTGGCCTCGCACCAGGTCTGCTGACCCCGCGCCGCCTTGCGGCGGAACGGGCGCTCGCGGGCTCCCCGGACACGTCCGGGATACCGCCGGTGGGGAATTCCACCCCGCCCTGAGGATGACGCGCGAACGATAGCGCCGGGCGGCGTCCCTGGCAACCCCCGGGCTTGCCGCCCCGACCCGGGCTTGCTATCGCTTGTGTCTATCAAAACAAGGAGGATCGATAGACGATGAAAATACTCATCCTCGTCTCCAACCCGGACCCGGAGATCAAGTGGAACGCGCTGCGGTTCGGCAACGTCCTGCTGAACCAGGGCGACGACGTGACCATCTTCCTCAACGGCCCGGCCGCCGACCTGCTGGCCGGGGACGGCGAACGGTTCCCCCTCGCGGAGCAGGCCAAGCTCTTCACCCTGAGCGAGGGCGTGCTGGCGGCCTGAGGCAAGTGCATGACCCTCCACGGCGTGGAGGGAGCAGCCTGCCCGGCGAGCCAGGGCAACATGGCCTTGCTGGCCGACGCGGTGCACGCGGCCGACCGCATCGTCAGCTACTGACGCAAAAAGGCCCCGGTTCCGCGCGGAACCGGGGCCTTCACATTCGGGGAGGAGCCGGATTACGGCTTCTTCTCTTCCTTGGGAGCGTCGGCCTTGGGGGCCTCGGCCGGAGCCGGGGCGGCCTCCGCCTTGGGAGCTTCCGCCTTGGCCGCGTCGGCCTTGGGCGCGAGCTGGAGGTCGATGTTCTCCTTGTCCAGGGCCTCGACCACCTTGGCGGTGATGTCGGCGGCCGGGTCGTAGGCCATCACGGCCTCCTTGGAGAGGATCGCCACCAGGCCGCTGTCCTTGCGGTACTTCTCGAGCACGGCGGTGTACTTGTCGTTGAGCAGGGTCACCAGGCGCTGCTGTTCGCCGCCCATGGTCGTCTGGTACTCGGTGACGGCCTTCTGGAAGGCCTGCATGGTCTGCTCGTTCTGGTTGCCCTCGGCGGCCTTCTGGGCTTCCTGGACCTTCTCCTGGAGGGCCTTGGCCTGCTCCTGGAGGTAGGTCATGGCCTGCTGTCCGGCCTTGCACTGCTTGAACACGGCGGCGGCGTCAACGACGCCCACCTGGGGCTTGCTCTCCCCGACGCATCCGGTGAACAGAAAGGCCGCCAACACCAGGACGCTCAGGGCGCTCAACGACTTGGTCATAGGTATGTCACTCCGACTGAGGGGGTTTCGTGCCGGAACCGCTCCGGATGCCCCTCCATACGCGCGGGCCGACAGGTTGGCAAGGGGCGCGCGGACGCCCGGCGTCTTGACGGCGCTCCAGGCGGCGGATAAG
NZ_CP168306.1_gap47	1731507	1732566	1059	CGCGGGGTCATGACCGAACGCGGGCCCGACGGCGCGCGCGAGTACCCCATGCTCCACGCCCTGGGCGGCAAGAACGTCTCCTACTTTCTCACGCCCCTGGAGCGCGGCCGCCTCCAAACCCTGCCCCTGGCCTTCGACGTCAACTCGGGCCAGTGGTTCGACACGGCCAAAAGCGGCATCCGCCACCTGCCCGGCGAGGGCCGGGGCCTGACCTGGCGCGACCCGGCCTTCACCTTCAACACCTCCTGCCACGGCTGCCACGTGAGCCAGCTCTCCACGAACTACGACCCGGCCACGGACAGCTACTCCAGCACCTGGACCGAGCCGGGCATCAATTGCGAGACCTGCCACGGCCCGAGCGCCGAGCACAACCGCGTCTGCCAAGAGGCCAAGGACGCGGGCGCGCCCACGCCCACGGACCTGAAGATCACCGGCGGCCGGTTCTTCACCACGGAGCAGCACGACGACACCTGCAACTCCTGCCACGCCAAGATGATCCCGCTCTCGGCCTCCTACCCGCCGGGCGCGAAGTTCTTCGACCACTTCGACCTCGTGACCCTGGAGAGCCCGGACTACCACCCCGACGGCCGCGACCTGGGCGAAAACTACACCGCCACCTCCTGGCGCATGAGCCCCTGCGCCCGCTCCGGCAGGCTCGGCTGCCTGCACTGCCACACCTCCAGCGGCCGCTTCCGCCAGAAGAACGCGCCGGACACGGCCTGCGCGCCCTGCCACCAGGACAAGGTCGACAACCCGTCCGCGCACACGCACCACCCGGCGGCCGGCCCCGGCAGCCGCTGCATCTCCTGCCACATGCCCAAGACCTGGTTCGCGCGCATGGCCCGGAGCGACCACTCCATGCTCCCGCCCACCCCGGCGGCCACCCAGCGCTTCGGCTCGCCCAACGCCTGCAACGGCTGCCACACGAACAAGGGCGCGGCCTGGGCCGACAAGATGGTCCGTTCCTGGCGCTCGCGGGACTATCAGGCCCCGGTGCTGGAGCGGGCCGAACTCGTGCGCCGGGCCCGCAACCGCAATTTCGACAAGCTGCCCGAGATG
NZ_CP168306.1_gap48	1887612	1890509	2897	CGTAGATGCGCCAGGGTACGCCCGGCATGTCGTCCAACCGGGCCGTGAGCACGGTGTGGTCCCCGGGACGGCTGGAGACGTAGCCGTAGATGGGCACCTCGACCCCGGGCTCGTGCAGGCGCTTCGCCCGGCCCAGGACCGCGAAGAGGCGGTCCCGCACGTCCCGATCCACAGTCAGACTCTGGTTCCCGTCCGGCCCCAGGCCGGTGAAGACGAGATGGGCCGGGTCGTTGATCCGCGCGATGGACTCCTTGGCCCGCTCCGGGGATAGTTTGACCGGGGGCTGATCGCCGCACGTATTGCAATAATAATCGCCATTGAGCAGGAATATTCCGACTCCTTCACATTCCGAAGCCGAAGATGCCGGGGCGGCGCACAACGCCGCGAACAGCGCCACGCACAGCGCGAGACGGATGCTAACGCCGCGGAAGAATGCGAAGGATGCTGTCCTTTCGCTTCCGCAGGGAATCGCGCGTCGCCCAGTCCAGAATGATGCAGCCTTGCGAGGACTCTCTCCCATCTCTCCGTGCTCCATGAATAAGAAATGAAAACGGTTTACGGTGCAACGCCTCGGCCCTGCGTCTGGTTTCCTCGTCGGCGGGGACGAGACGAAACACCGGCGTGGCCAGATGTCTCTCTCGCGCCTCCTTATCGTTCAGCAGCACCATCCGCCAGTTCCCGGCGGGAACTGGGCCCTGGTCGGGCACCCCTTCGCAATCCGGGTTGTTCTTGCACTGCCCTTGCCCCGCATGACCCTCCGCCAACACCCGGCCGTCCTCCTCCATCAGGGTTCCCTGGTCCTGAATCCAGAGAATGCAGGGTTTTCCTTTGATGGGGGGAGGGAGCTTCCTCACATCCTCATCCTGCTCCCCGTCCGTGCCGGGCTCCTGCCGCGTCTGGTTTCCCCCGGTCAGGACACCCGCGCCTCCAGGAAAGACATTCCCCTCATTCGGCCAATCCGGCAATTCGAGCCCGCTCGGCCAGTCGGGCAATTCCGGCAATGGCTCACGTTGCGTCGAGGCCATCGGTTGCCTGTGATCCAAGCCTTGATTTGCCGGTCTGTATGCCCTCCGTTTGTCCAGCACATCCCCGCCCGAGTGACCGGCCAGGAAGTCGTCGCCGTCCCGGCCCAAGAGGGTGGTCAACAGGCTTCCGCCCCGGGCCGTTTCCTCCTGGGGCTTCTCGCTCCAGGCCCCTTCTCCGGGTCCGGCGTAGCGGCCCAGCTCGTCATAGGGTTGCTGGTCGCCGTGGGAGTTGGGCTTGGTGTGCCCGCCGAGGCCTCCAGCCACCAGGGACATCCGCCGCTTGGGCGGAGCCCAGTCCGGTTCCTTGGCCACCACCCACCAGTCTGGCCCGTCCTGGGACTTTCTGCGCTCGTCGATCTGCTGGTACGACTCCAGCGGGTCGAACTCCCCGCGTTCCGTCTGAATCCACAATTTTCGCCCTTCCCGGTCCCGCAACATAAAACTCCTCCTATAGGTTTTCAATGAACCATAAGGGACGTTTTCGGGCCGGGGAAAGAATGACAGCGAATATGCAGCTCATTGCAGCGGATTTGCATCTTGACGGGCCACGTCCCGCCCCCTTCGGGGGTTTTCAGAAAGGCGGAAACCTCTCTGCCTTTCTGTAGACCGGCGGAGCCGGGCGAAGCCGGTCAGAGGGTGGTGACGCGGCTCACGGAGAGGACCACGACACGACCCCGCTCAAGACGCAGGACAACGGCGCTCAGACTGTCGGCCCGCGGCGCGTCCGGTCCGCCGGAGGAAGCAGCGGCCCGCTCGGCGGTGGAGGCGTAATAAAGCCGGTTGCCCCGCTCCAGCAGGGGGTCGCCCAGAAGCCGGACCACCTCGTCGCGGGTCATGCCCAGGCGCAATCCGGCGGGGTTTTCAGGCGTCCCGCGAGGCAGGGACATGGAGGGACAGCGCAAGCCCGGGATCAGGCGCTCCTTCCGGTCCACGACCATGAATTCGGTGAGTTCGCCCAGGGTTTCGCGCACCAGCAGGTAATACCGGCCCGAGTGGCCGTCCACGAGCCAGCACGCGGTATCGATCGGGCATTCCCCGCCCGTGCGTTCGGGTTCACCGCCAAAGCGCAGCGTGAGGGAACGCAGATCGTCCTTCTCCAACTCCAGCGGCCCCCAACGATACAGCCGGGAGTTTTCCAGGGCGGAAACCGTAACGATCCGCTCATCGGGAACCGAGACCGCCACATCCTCCGCAAGGCGCGGATCGGCCTCGAACTCGAAGGCCCGGGCCGGAACAACCGGGAGCAGGATGCAGGCCGCGACCAGAACGGCCCGGAACAGTTCAGCGCGCGACATGGAGGAATTCCTTTCCGGCCTTTCTATGACCCCCCGAAGGGGGCGGGGCCGGGGGGGGCGTTGAGGCGGAATTCGCGCCTGGGCTTTTTCCAATAGACCCCAGGGTCCAGCCGGCCTCTCTCGTATGTCGGATTGACCAACTCCAGGCCCGGCGACCACCCCTCTTCGTCGATGGCCGCCCAGTCGTAGACAGCGGCCTTCATCACCTCCGTGCGGCCTTCGTAGGCCAGCGACACCAGGTCGCCGTTCACCTCGTAGCGGCACGGGGTCTCCTTGCGGGTCATGTTTTTGCGGGGGCCGGAACCTTCCGTGGGGTCCCAGAACTCAGTGACGATCCGGCATTCGCCGCCGTGCCGCAACTCGATGCACTGCGTCCATTCGGACTCGGTCAGCACGCAATAGGCGCCGGAGAGGTCCTGGGCCAAGGCGGATATTGAACTTGCACAAAAAAAGAATAATAAAGCGATCTTTTTCATTTCATCACCTTGCCTTTTGGATCATATTCAATATGGATATGGTTATTGTCTGGGTCATCAGGATACTCTTCATACAGCACATCATAATCATTTCCGAGTTC
NZ_CP168306.1_gap49	1897008	1901419	4411	GATCCGGATCTGCCCAGGCCCCTGCTGGGCGACCCGGCGCGGCTGCGGCAGGTGCTCTTCAACCTGGCGGGCAACGCCGTGAAGTTCACGGAGACCGGCTTCGTGCGCATCGAGGCCTACCCCCTGCCGCCCACCCGGCCGGGCGAGGCCCGCGTCTTCTTCACCATCTCGGACTCCGGCGTGGGCATCCCGGACGACCGGCTGGGCGACATCTTCGAGCCCTTCACCCAGGTGGACGGCACCCTCACCCGCCGCCACCAGGGCACGGGCCTGGGCCTGTCCATCGTCAAGCGCCTGGTGACGCTCATGGGCGGCAACGTGGCCATCGAGAGCGAACTGGGCGCGGGCACCTCGGTACACTTCTGCATCCGGGCCGAGGCCGCCTCCCGACCCTGGCGGCCCGCCATGCCCGCCGCGCCGGAAGTCCAACCCCGGCGGGCGCTGCGCGTGCTCGTGGCCGAGGACGACGCCATCAACCGCACCCTGGCCGCGCGCTTCCTGGAAAAGCTCGGGCACGTGGCCATCCAGGCCGAGAACGGCCGCCGGGCCGTGGACATCCTGCGCCAGGAGCGCGTCGACTGCGTGCTCATGGACGTGCAGATGCCGGTGCTGGACGGCATCGCCGCCACCCGCATCATCCGCTCGGACCCGGACCTGGGCGACAAGGCCCGGGTGCCGATCGTCGCCCTCACGGCCCACGCCATGCTCGGGGACCGCGAACGCTGCCTGGAGGCGGGCATGGACGGCTACCTCTCCAAGCCCCTGGACCTGGAAGACCTCAGGACCGCCCTGCGCAAACACTGCTCCAAGACGTCGGCCTCGCGGAATCATTGAAACGCGCGGACTCCACCTTTCCATGAGTTAACGGGGGAAAGGTTGCTCCCGCCCCTCTGGCTACCATAGAGTAGCCATTGGCGTCGTGGCCGCTCCACGATGAAGGTATCCCGATGTTCCCCAGAAAACTCAGCTCCGTGCTCATGCTTTCCGTGACCTGCGCCGTGGCCCTGGCCATCGGAGGCATGGTCCTCCACGCCTCCCGCGCCCTCTACTCCCAATCCCTGCTGCTGGAGACCCGGGCCATGCGCCAGACCACCTGGTCCATCCGCCGGGCCCTGGAGCTCTATCTGCGGAGCGGCGCGACCATGGCCCGCTCCCTGGCGGCCGGGGAGGACGCGCGGCGGGCGCTCTCCCGCGACCGGGGAACCCCCGGGGCCCTGCCCTGGGAATGGCTCGCCGACGAGACGCTCCAGGCCGTGCTGCTCTTCGACGCCCGGGGCGGAAGGCGGGCCTGGGTCTCGGCCGACGGGCAGGCCCCGGCCGGGCCGGACCTGGGCGTCGAGGACTACGCCGGGGCCATCGCCTCGGGCCGGGAGAACTTCCTCTCTCCCGATCTGCGGCGCACGCCCGGCGGCACGCTCGTCCTGGTCCAGGCCGCGGCCGTGCGCGCCCCCGGGGGAGGCCTCCTGGGCGGGGTGGCCGTGTTCACCCGTTGGACGCCCTTCGCGCGGGACTTCATCGATCCCCCGCGCTTCGGCGCGCGCGGCTCCTGCTTCATGCTCGACGCCACGGGCCGGATCATCGCCCACGCCCGGGACAAGTCCCTGCTGCTCCGGGAAATCCCGGACCAGTCCCTGACCAGGAGGATTCTGAACCTCGGCAACGGCGAATTCCGGGGCGAGTGGGAGGACGAGCGCAAGCATTACGTCCTGGCCACCGTGCCGGAGACGGGCTGGGTCATCTGCGCCAACGCCTTCGTCGACGACCTGCTCCTGGCCCCGGAACGCGAGGGCGGCCTGCTGCTGGCCGCCGGCGCGGCGACGGTCCTTCTGCTGGCCGGGATCATCGCCCTGCTGGTCCGGCGGCTGGTGGCCCGCCCGGTGCGGGACATCGAGGCCTTCACCTCGGCCGTCACCCGGGGCGACTTCACGGCCGCGCTGCGCGGAAGCTTCCGCTGCGAACTGCGCGGCCTGGCCGGGAACATCCGGCTCATGGTCGCGGAACTCAAGAAACGGCTCGGCTTCGCCCGGGCCGTGCTGACGGGCTTCGTCCTGCCCTGCGCCGTGGTGGACGCCGAGAACCGCCTGACCTTCGCCAACGGCCGCCTGCTGCGCATCCTGGAGCGCGAAACCTACGCGGACTGCCTGGGCCGTCCGTCGGGCCTCCTGCTCCGGGACGACGAGAAAGCCCGCACCATCCTGCTCCGGGCCCTGGAGGAACAACGCACGGTGACGGACGAGGCGGCCTATCCCTCCTCCCGCGGCGAACCCCGGACCTGCACCGTCACGGCCATGCCGCTGACCGGCCTGGACGGGGAAATCCAGGGCGCGTTGGCGGTCTGGTTCGAGATCACCGAGCGCCTGGAACAGCAGCGGATCATCGAGGAGCAGAACACGCGCCTGACCGCGTCCGAGGCCCGCTACCGGGCCCTGTTCATGAACACCGGCATGGCCGCCCTGCTCCTGGAAGAGGACACGACCATCCAGCTGGCCAACGCGGAGTTCGCCGCCCTGGTGGAGCTGGAGCCGGACCGGGACGTGGTGGGCCGGAGCTGGGCGGAGTTCTTCCATCCCGAGGATCTGTCGCGCATGATGGAGGCCCACGCCCTGCGCCGCATCGACTCGGACCGGGCTCCGCGCTCCTACGAGACCCGCCTGCTGACCAGTTGCGGCGCGCTCAAGGAAGTCGCCATGACCGTGGCCTGCATCCCGGGCACCCGGATGTCCATCGCCTCGCTGGCGGACATCACCGACCGCAAGGAGGCCGAGCGTCGGCTGGAGCGCCAGGCCCTCTACGACCCGCTCACCGGCCTGCCCAACCGGCGGCTCTTCCAGGACCGCCTGCGCCAGGCCGTCGGCGTCTCGGAGCGGATCGGAACCCAGGTGGGCGTGCTGCTCCTGGACCTGGACGAATTCAAGCACGTCAACGACAGCCTGGGGCACTCCGCCGGGGACGCCGTGCTCCGCGAGGCCGCCGGCCGCTTCGCCGGAGTCCTGCGCCAGGGCGACACCCTGGCCCGCCTGGGCGGGGACGAGTTCGGCGTCCTCATCGAGGGGCTGGAGGGGGCCGATCCCTTGTCGCGCGTGGCCGAGGCCCTGCTGGAGTCCCTGGAGCGCCCGTTTTCCGTGCAGGACGCCGAGGTCTATCTGGGCGTCAGCGTGGGCATCGCGGTCTGCCCGCTGGACGGCTCGGAACCGGAACGGCTCATCCAGAACGCCGACATGGCCATGTACCGGGCCAAGGAGCAGGGCCGGAACACCTTCCGGCTGTACAAGACGGAACTCAACGAACGCGCCCGCCGACGCCTGACCCTCAAGACCGAGCTGCGCCAGGCCCTGGCCGAGGAGCGTTTCGAGGTCTTCTACCAGCCCAAGGTGGAGCTGCGCGGCCACGCCGTGGTCGGCATGGAGGCCCTGGTCCGCTGGCGCGCGCCGGACGGCTCCCTGCGGCCGCCCTCGAGCTTCATCTCCTTCGCCGAGTCCAGCGGGCTCATCGTGGCCATCGACTACCAGATCCTGGAACAGGCCTGCCGCCAGGCCGCGCGCTGGCACGAGACGGGATTCCCGGACCTGACGCTGGCGGTCAACCTCTCGGCCCAGCACTTCCGCCAGCGGGACATGCCCGAGCGCGTCCTGGACATCCTCGCGCGCACGGGACTGCCCCCGGAGCGGCTCGAGCTGGAGATGACCGAGACGGCCCTGCTCCAGAACTTCCAGGCCGCGGGCGAGATGATGGAGACGCTCACCGCCCGGGGCGTGCGCTTCGCCCTGGACGACTTCGGCGCGGGATACTCCTCCCTGAGCTACCTCATGGCCCTGCCGCTCCAGAGCGTGAAGATGGACAAGAGCTTCGTGGACCGCATCAACGAGGCGGACGCGCGGGGCAAGACCCTGGCGCGCGCGGTGCTCTCCCTGGCCGACGGCCTGGGCCTGCCCGTGATCGCCGAGGGCGTGGAGACCATGGAGCAGTATCACTTCCTGCTCCGCCACTCCTGCCGCTTCGTCCAGGGCTACCTCTTCTCCCAGCCCCTCGCCCCCGGGGAATTCGAGGCTCTGCTCCTCTCGGGGGGAACGGCTACGCCGATCGCATAGAAAGAGAAACGCCGGGGGGCCTTCGGCCCGGTTCAGGAAGCCGGGAGCCTCTTCGCCTTTTCATGAACCCCCGAAGGGTGCTCGCGTCGAACAGCTGACCGGCGCGCGGCGGCCGATGGTCCAGGAGGCCTGCTCGCCCTTGCCCCAGAACTCGTGTTTGCCGTCGGTGTAGCGGATGCCCGAGGCGGACAGGGCCCGGGGCAGGGTCAGGGAGGCGCCGTCCGGGAAGGTCAGGATGACCACGCCGTCGGGACCGGCGGCGTTGTCGAACACCGCGCTGAAGGCGGTTCCGTCGTCGCAGGAGTAGGCATAGGGGCCGTGGA
NZ_CP168306.1_gap50	1951518	1954059	2541	TTGCGCCGGGTCTGGGATGTGCCGGTCCCGCCTCCGGACTCCAGGCGCATGGTCGTCAGGGCCGAGGTGAACGGCAGGCCCGCGTGGACCACCCGCGCCGGACGGTCCAGCCGGATCGTGCCGTCGGCGGCCACCGCGCGCGGCGGCTGCACCGCCCCGTCGGCCAGCACGTCCACCGTCTCCCCGGCCAGGTGCTCCAACCCGCCCAGAACCTCGGCGGGTTCGCCCCGCCAAGTCAGGCCGCAGTCCACGAAAAAGGCCTCCGCCGGGTCATCGCCGAGGAGCCCGGCCTCCAGGGTCTCCACGAAGCGCCGGGTCCGGCCGCCGACCTCGCGGCGCACCACGACCCAGAGCCGTTCGCGGCCCTCCGCCGGATCCGGGATCGCCGCCAGGGACTCGACGGCCCCGGCCGTGACCTGGCGGCTCCAGGCGAAAACGTCCTGGCCGGGCTCGTAGGTCAGGGACAGGAGCACGCCGTCGGCCCGCAGGCAGAAGAGCACCGGGTCCGGGTCGCGCACGAAGGCCAGCCCCGTGATTCCGCCCTCGGTGAGGTGTTCGGAGAGCAGCGTCAGGTCGCGCGAGCTGAGGCCGTCGGCCTCGAAGCTGTAGGACAGCTCCCGCAGCTTGCGGCCCGAGCGCTGGACGTAGAGCGTGCCCTGGCCCACGGATTCCGGCCGGACCCGCGCCGAGCCCGAGACCCCCTCCTGGGAGGCCTTGATGTTCAGCGGCGAGACCGCCCCGCCGTCGCCCCCGCTCACGGTCCATTCCCCGCCCGCCGTGCCGATCCAGAGCCGGGCCTTGGGCGCGAGGAACTCGATGGCGTTGGCCTGGGCCGCCGAAAGCGTGGCCTCGATGCCGTCGTCGTCCAGCGGTCCCTGGCCCACGGGCGCGTCGATGCGGTCCCCCGGCGCGAACTCCTCCCAGAACTCCGCGCGCAGCGCCCCGGCCGCGTCGCGCACGGCCTCGATCTGGGCGGCCCCCGGCGCGTCCAGGGTCATGGCCACGGTCAGGTCGGAGGTCGCCGCCAGCCTCGTCAGCGCGCCCTTGTAGCGGTAGTAGCGGGTCTGCTCGCCCGAGGCGTCGCGGGCCTTGAGCGCCGATCCGCCCTGGAACGAGGCGTCTCCGGCGTAGAGCGTGAACTGGTTTCCGCTCCGGCCGTCGGCCGCGCTCCCCGCGCCCTCGGCCAGCTCCACGTCGCGCCAGCCCTCCAGGGGAACCTCGCGCGTGGCCCGGCGCAGGTCGAAGAAGTCCCCGCTGCGCGAGAACCAGAGCGTGTTCGGGGCCTTGGGCGTGGCCGCCAGCACGAGCCGCTGCTCGTAGAAGCAGACCGACGTGGGCCAGTTCCCCTCGCCCCAGGACTCCGGGCGGCCCGTGAACGCGGCCTCGGCCAGGGTCCATTCCGCGTGGCCCGAACGCGTCAGGGTGCGCGGGGCGTGGTCCGGGTGGACCAGGAACAGGGTGTCGTTGGACTGGGTCCAGCGCAGCCGGGCGAAGTCCTTCCGGCGATACGGGGTCTCCAGCGCGAAGGCCGCGCCGTCCGCGCCCAGGACCAGGCCGCCGTCGCGGAAGACCCGCATCCGCCCGGTCCCGGCCGCGTCCTCGTGGAACTCCAGGACGTAGGCCTGTTCGGCGTTGAACTCGAAGGCCAGCAGCAGCGAGGGCTGGTCCGGGTTCCCGGCCTCGGCCGCCAGCCGCAGGCCGCCGCGCCGGGTCGCTCCGCCGTGCGGATGCACGATGAAGTTCACCAGCTCGCGGCAGCCGTTGTAGTAGCGCGAGAGGTCCACCCGGCCCTCCAGCCGGGGCGACAGCTCGCCGGATGTGAAATTCGTCAGGGTCACGGTTCTCGGGCTCATCTCCGCCTCCTTTCTGGCGGAGCCTAGCCCCGGTTTTCCGCCCCCGCGAAGATCAGCGGCACATTTGCGGCTCTTTGCAGCGAATCAGCATATTGACCGGCTTCGCCGGTTTTCAGAAAAACGCCGAAATGGGCGTCTCTTCCGCCTTTCCATAAGCCCCCGAAGAGGGCGGTTGACGGGATGAGGCTTATCGGGAATCATGTGGGCGACCGGAAACCCGCACAGGATGGGCACTCATGCTGGACACGTTGCGCGCCAAAGGGTTCGAACTCAAATTCCTCTCCCACGCGGCCGCCATTCTGGCCACGGACTTTCCCCAAGCCCTGGCCGATTTGGAACAGGCCCTGGCAGGCTTTCAAATTCCGATCGCGGAGATCATCGGCGGGGGCGGCGGCGAAGCCGGGGGCACACAGCGGCTGCGGCGCTCGCTGGCGGATTTGGGCTGGCGCAAGACGAACTTCGAAATCCGCAAGACGATCAACGGCGAGGAGCGGGAAAGCCGCTCCCACGAAGTGGATCACGTCAAGGGCTTCGAGGTGGAAGGCAAGACGTGCGATGTGGCCCTGGAAATCGAATGGAACAACAAGGATCCCTTCTTCGACCGGGATCTGGAGAACTTCAAGCGCCTGCACGCCGAGGGGGCCATCTCCGTGGGCGTCATCGTCACGCGCGGCAGCACGCTGCAAGA
NZ_CP168306.1_gap51	1966695	1968109	1414	CCGCGACCGTCCGCCGCCGCGCCCGGCGAATTATCATGCCCGGGCCGGAAACTCCCGGACGGCGGGACTCGGACCACTCCCGGGCCGAAATCCCGACGCCCCGGGAAGTCTTCCCGTTCAGTCGTCGTAATCGTCTGGAATCACACCAAGATAGCGGTCGCGCTGGCCCTGGAGCCAGAGTTCCAGGTCCGAGGGCAGGGCCCGCCAGGCCCCCCGGCCCTCGCGCTTCCAGGCGGGCAGCCCCTGCTCGGCCACCAGCCGCCCGACCTCGCGGGGGCTCTCGCCGATGACCGCGCCGATGGCCTTGGAGCCGCAGACGCAGAGCATCACAGCCCCCGCTCGGCCCGCATGGCCCCGTCGCGAAGCGGGATCGGCCGCGACGCCGCGCCGTTTTCGCCCTCATCCGGCCCCGGCGTCCCGTCGGAAACGGCCGGGCGCGTGACGAGCAGTTCGAAATCCCGGCCTCCGGCGGCCTCCAGCAGGGCGCGCATGGCGGCCGCGCTCTCCAGCACGGCGCGGCGGCCGTCCATGCGGCCGGGGCGGGTTCCGGGCAGGATGCAGCCCCGGGTGTCGGCGGCGGTGTTGCCGGGATGGAAGAGAATATGGTCGCGGCCCGGCACGTCGCGCACCGCGATGGCCCGGCCGAAGCGCGGGGAATCCACGGGCGCGCACCGGTAGCGGCCCTCGGGGATGCGCGAGACGTCGGGGGCGTTGCCCCGGTCGGGCAGCTCCAGGGTCAGGCAGAACAGGCGCCCGTCGACGCGCAGCACCCCCAGGGTGGCCTCCCCGGACTCCTCCAGACGGATGATCTCGGCCAGCATGTCGGTCCTCCTTCGGGGCCTCGCCCCGCTTTCGGACCGGACTAGCCGAAACGCCGGAAATCGTCCGGCCACATGGCGGCGGGACCGCATCCTGTTTTTTCCGCTTCCGGCCGAAAGCCGCCCGGCGCTCGATCCTGTCCGGCGCGGGGCTTGCCCTGGCCCGGCCCGGCGGGCTAAAGGGAAGAAATCGCGGGAGGCCGCCCGAGGCCCCGCAACCACCGACAGCGAAGGAATCCCATGGCCCGGCTCACAAAACTCACCGTGCGCGGCTTCAAGTCCATCAAAAGCCTGGAGGACTTCGAACTGCGCAACCTGAACGTGCTCATCGGGGCCAACGGCGCGGGCAAGAGCAATTTCATCGGACTGTTCAAAATGCTGGCGGCGATAGAAAACGACAATCTCCAAGTCTTCGTGGCCCAGCAAGGCGGCCCTGACATGCTTCTCCATCACGGACGGAAAAAAACGGAGCGCCTATTCGCCAACTTTTTTTTCGGCCCGAACAGCTATCGATTCGCGCTCACGCCCACGGCGGATAACCGCCTGATTTTTGAGGCTGAGGCCACCGGATTTGGGCCCGACCAGGGCGGCATTCG
NZ_CP168306.1_gap52	1973371	1974907	1536	AATGGCGTGGCAAAAAACCATTAAAGAGCGTGTACTCGTACACTTCTTTATTTGTTTTTAATTCTTTATTTAATATTTTTCTTTCAAGATCACACTTAAAATTCATCATTTTTTTTGAATAAAAATCATCAAGAAGAAATAACTGACCATTCATTGGAATATTTCCATACATATCAAAATTTGCTTCACCTGATTTCGGATCTTTCTGCCAACAAATATTTAGAAATTTTTCTAACCCCAATATACTCCCAGTTCCAAATATGAGACCGTAGACGTTGGATCCCTTTTTAATTGAAAATTGAGTCAAGTAGCAATTAATATTTTTTGAAGCCACAATTGATCGATAGTATTCACAAATATGAGTATGAACAAAATCAGAGTCACGGATGCTATCTAGATTTAATCCTGGAAGATATTTTTTAATTGTTGAATGATCTTTAAATCTATTTGCAAATGAAGACGGGATAAACATAATAAAATCTGTATAACATAATTTTGATATTCGCAAGAACATACTTATATCTACTTCAAATCCAAACGGATCAATGAAAATAAAATTGGCAGCGCCACCTCTTGTCATTAAGCTATATTTCTTTTCGAACTCATCACAAAAGCATCCACATTTTATATCAAATGATACATTCTCAATATTTTTATATTTACTAACATTGGTGCGCAAATTTTCTATTTTCTCCTTGTTCTCGTCACTATAATATAAATTGAATTCTGTATTTAAAGAATTAAAAGAATGACAATATTCGTTAACCGCATCTAACGCAAGCAATGGACTTCCTTTTTTCCCCGCCCCATCAAGCCCAGGACCACAAAAAAAATCAAAATAATTAAATGTAACAGTCTGAGCCATTTTGATAAATACTGGGATACACTGCCGGAGATACTCATAAAAAATATCCAATTTTATCAGCGTGCCAGATTCAAAGGCGTCTGCATGAAAGGAGTCATTATGTGACATGCAAACAATCTCCAAGGTTCGTATTTGCGATCAATAAGTTTTCTCACCTTCACCTTATTATTGTTATAATATATAAAACAAGCTTTAGATGCAATAAAACCTCAGTCATTTCCTCGTCATGTCGCTCCAGGCCCAGATGACGCGGCCCGCGATGGCCCGGTTCGGGTCGCCGTCATAGTCCCGGCCCAGACGGTAGGTCATGGGCGGGAAGTCGCGGGAGTTGTCGGAGTAGAAAACCAGCTCCAGGTCGTCCTCCAGACGCTTGACCGCCACGCGCTTGATCATGGCCCCGCCGGACTCGCCGGGCTCGGTCACGAGCATGATCCGCCCGGCGGGCTCGGGCGAACGGTCCGAGCGGTCCACGAGCACGATGTCCCCGGGATGCAGCGCCGGGACCATGGACATCTCGCGCGGGCCCACCTGCACGGCCACCAGATTCGAACGATGGCGCACGGACTCGTGCCCGCGCCAGACGAGCACCCAGCCCTCCACCCGGTCCTCGGGGATGAGCCCCGGCCCGGCCGCCACCGGCGAGGCCGCCAGCGGCACCGCCAGATAGTCCT
NZ_CP168306.1_gap53	1977750	1981825	4075	GTCACCTCCAGGCGCAGACACTCGCCGGGCAGGCCGGACTTCTCCAGGGCCTGACGGACGTGGTCCAGGAAACGCGGGTTGTCGAGCTGGCGGCCGGAGACGTTCACCGACATGGTCAGCGCCTCGGCCCGGGGTTCGGCCGCGCGGAAGCGGACCATGGCCTCGCAGGCCCGGAACAGCACCCAGCGGCCCAGGTCCACGATCACGCCGGTCTCCTCGGCCACGGGGATGAACTCGCCCGGCCCGATGAGGCCCTTTTCCGGGTGGAGCCAGCGCAGCAGGGCCTCCATGCCGGACAGGCGCGGCCCGCCCTTGAGGCCCACGACGGGCTGGAACACGAGGAAGAAGTCGCCCCGCGCCAGCCCCTCGCGCATGTCGCTCTCGAGCATGAGCCGCTTGCGGGCGTTCTCGCGCATGGAGGGGGTGAAGACCTTCAGCCGGTCGCCGCCGCGCCGCTTGGCCCACTGCATGGCGATGTCCGAATCCTGCAGCAGGTCCGCCGCGCTCTCCTCGCCGGACTGCGGAAAGACCAGGCCCACGCTGGCCGTGAGATGGACGTGGCGGCCCTCCACGTCGAAGCCCCGGCGGAAGTCCGCCACGATGTTCTTGGCCGCGCGCACGGCCTCGCGCATGCTGCGCGGCGCGTCCAGGAGCACCAGGAACTCGTCCCCGCCGTAACGGGCCACGGTGTCGCCCTCGCGCACCCCGGCCAGCAGCCGCGCGCCCACGGACAACAGCAGGGCGTCCCCGAAGGAATGGCCCAGGGAGTCGTTGAGGATCTTGAAGCGGTCCACGTCCACGAAGAGCACCGCGAAGCGGGCTCCCCGGCCGGAGTGGAGCCGGGCCAGGGCCGTGGCCACCCGCGTGAAGCAGAGCGTGCGGTTGGCCAGCCCGGTGAGCGGGTCGTGCAGGGCCTGGCGCCGGAGCTGTTCCTCCATCTCCTTGCGGGCCGTGATGTCCCAGCTCATGACCTGGCGCGAGACGCGGCCGTCGGGATGCCGGATGGGGCTCTGGATCACCTGGCTCCAGCGGCCGCTCTCCCGGTCGCGGACCTCGAAGCGGCCGGTGCGGGCCTCGGCCACGGGCCCGGCCGCGCACCACGGACAGGGCTCGTCCAGCCCCTGCAGCGCCTTGTGGCAGGGCTCCCCGCGCGGGTCGCGCTCCAACCGCTCCATGAGCCGGGCGTTGGCGAACTCGATGCGGCAGTCCTGGTCGCAGATGAAGATCTCGCCGTCGAAGGCCTCCACGATGGCCTGGTAATAGGCCTCGCGCTCGCGCAGGGCCCGCTGGTCGGCCAGCCTCCGGCTGATGTCCTTGGCCGCCACCAGGACGTAGCGCCGCGACTCGAAGCCCGCCACCCGCAAGCTCAGGTCGCAGGGCACGCTCACGCCGTCGGCCCGCAGCAGTCCGGCGGTCAGCTCGCGCACGCCGCTGCGGTTCCGGCGCATGGCCTCGGAAAGAACCTCGGCCAGGGCCCGCATGGCCCCCTGGTCCAGCACCGCGCCGGGGGGCAGGTCGAGCAGCCCCTGGACCGTGCGCCGGGTGAGCCGGGCCGCCGTCTCGTTGGCGTCCACGAAGGAAAGATTCTCGGAGTCCAGGACCAGGATCGCGTCCGTGGCCTGGTTCAGGAGCGTCCGGAAGCGCTCCAGTTCCCCCAGGCGCTCCCGCAGTTCCGGGTAGTAGGTCTTGCGCACCGAGCGTTCACCCAGGCCGATGAGCCGGGTGCGCACGTCCTGCGGCTTATCCGAGGGCCCGCTCATAGATGGCCTCGATGTCCTCCACGCTCAGCTCCGCCGGGTTGGTGGTCAGACAGGGGTCCTGCGCGGCCTTCTCCGCCAGCGCGCGCAACGACTCCCGCGTCACGCCCAGCTCGGCGAGGCCCTTGTCCATGCCCACCTCGCGATTGAGGTCCATGAGCGTCTTCCCGAGTTCCACGCGCGCGGCGTCCGGCGTCCGCGCCGCACACCCCAGGGCCTCGGCGGCCTTCATATACCGTTCCGGCGCGGACTGGAAGTTGCGGTCCACCACGTGCGGCAGCAAAATCGCGTTGCACAGGCCGTGGGGCAGGTCCATGTAGCCGCCCAGGCTGTGGGCCATGGCGTGCACGGCCCCGAGAATGGCGTTGGAGAAGGCCAGCCCGGCCTCCATGCTGCCGAGCATCATCCCGCCCCGGGCCTCCAGGTCGTCGGGCGCGGCGATGGCCTTGGGCAGGTTCGTCCGCACCAGCCGCATGGCGTCCAGGGCCAGCAGGTCCGTGAGCGGGCCGTTGGCGTTGGAGGCGAAGGCCTCCATGGCGTGGGACAGGGCGTCCATGCCCGTCTCGGCGGTCAGCTCCGCGCTCATGGTCGTGGTGGTCAGGGGGTCGATGAGCGCCGCGTCGGGCACCAGGGTCTTGCTCACGATGGCGATCTTCACCTTGCGCGCCGTGTCCGTGATGATCGCGAACTGCGACACGTCCGCCGAACTGCCCGCCGTGGTCGGCACGCAGATGAGCGGCGGGGCCGGACGGTCCACCCGGTCCGCGCCCTCGAACTCCAGGATGTGGCGGCGATTGGAATGCACGATGCCCACGCCCTTGGCCAGGTCCATGGGCGACCCCCCGCCCACGGCCACGATGCAGTCGCAGCCGTCGCGGCCATACTGCTCCGCGCCCTGCATCACCTGGTGGTCGCGCGGATTGGGCGAGACGTTCAGGTAGAGCGAGACGTCCAGGCCCTCGTCGTCCAGGCTCCCGCGCACCAGGTCCAGCCAGCCCGCGTCCCGCACCCCGGGGTCCGAGACGAGCAGCACCTTGCGCGCCCCCAGGTTCCGGGCGTACTGCCCGGCCAGCCCGGCCGCGCCCTCCCCGAACACCGACTCCGGGGCCACGAACTTGCGCAGATCAAAGACGTGAGCCATGCGCTCTCCCCTCCGGGACCAGCCCCGGACACCCGACCATACCCCAGCCGTCCCCGACTTGCCACCTTTCCGCAATGATTATCACCCCCCCGGCTTCGCCGCCCCCTTCGGGGGTCTCCAGAACAGCCAAGAGACTCCCGGCTTCGCCGGTCCATAGAAAGGCAAAAGAGACTCCCATCCCCCCGCCTTTCCGAAGCGGGCCGAAGGCCCCCGGCTTCGCCGGTCTCCAGAAAGGCGGAAAGCCTCTTGGCTGGTCCGTGAACCGACGAAGCCGGCCCCCTTCGGAGGGGGGTCAGAGAGACGGGAAGGCGAGAGCCGCCTGGCTGTTCTGGAGCCCCCCGAGGGGGTGGCGGAGGGGGTTTATGAAAAACCAATGCGGGACAGCGCCGTTCGCCTTTCCATAAATCGGCGCGAATGGAGAGGGGGCCTCGGTTGTTCCGCCGGACTGAACAGGGACAGCGGCGGGACCGAGGCCCTTCCACGGAGGGTGACGGGAGAGGGCACGTCTTCTCCCGCCGGGCTTGTTGAGCCCCCGAAGGAGGGCAGGGGCTCAGGCGTTGCATTCCTTGCGCGGGTTCTCCACCGGCGCTTCCAGGCCCCGGGCCCGACCGGCGCACGGCTTCGGCGGTTTCCCGCGAAATACGGCGAATCCCCACGATCGTTCCGTTGATCCGCCCGCCGGATGCCGACCGCCCATCTGAAATGGCGGCGACGGCACGCAGCATGACTGCACGTTCCATTCCATCCCGGCTCATGCAAAAACATGCAACAATATCAATGCTCCGCCAGAACAGCACCGCATCTTTCCGCCAACCGCCGGGTACATCCGCCACCCTCCGTTAGCACCCCCTTCGGGGGTTTACGGAAAGGCCAAGAGACTCCCATCCCCCCGCCTTTCTGAAACGGGCCGAAGGCCCCCCCGGCTTCGCCACCCCCTTCGGGGGTCTCCAGAACAGCCAAGAGACTCCCGTCTCCCCGCCTTTCTGAAACGGGGCGAAGCCCCCCGGCTTTCTGAAAACCGGCGAAGCCGGTCACCCTTTTGCAGGATGGCAAAAGGGGACCGCCGGTTCCTCCGGCGACCCAAAGGGCGGGCCACAGGACGAGAGCCCGTCACCCTTTTGCAGGACAGCAAAAGGGGATCGCCGGTTCCTCCGGCGACCCGAAGGGCGGGCCACAG
NZ_CP168306.1_gap54	1985369	1987515	2146	CCCACTTGGCGCGAGGCGGGGCAAACCGCAGGAGGCCTCTTGTCCCAAGGGGCGGCGGACATAGAGGACGCGATCATCAAACGGTTCAAGAAATGGAAAGGTGTATCCGCCCCTGCTTCTCACGGGAAATGACGCAACATGTGGCCTGGGGATTGCCGACACTCCAAAGGGGTGGATCGGCATCCCACGGGCCTTTTTCTGCCACACGAACAGCAGGGTGCCGAGCAGCGCACCGAAAAAAACCGTCTGCACCCCGTACAGAGCGAGGCTCCCCGCCAAAACCAGAACCAGATAAACGAAGAACTTCGCAACCACGGGCAGCAGTCCTTCCCTGGGCAGGGTCAATAGCCCAACTACGAACAGATGGAACACCACGTGCCCGAGCAGGCCCGCGCCGATGGCCGCGGCCACGCAGCCCGGCCAGGTGAAGCGCATCCGGCCCCGCAGCGCGACCCGCCACCAGACCAGAAACATGGACGCGAACCAGCACAACCCGACGAGAACCCCGAACCCGGCGGCGGAAAAACTGGCCGGGATACTCATCCCCACGGCGGCCCCCGCCAGGGCGTTGCACAGGCTGAGCACCAGGGTTTCGTACAGGACGGCGCGGGGCATGAATCCTCGCTTAGCGCACCGCGCCCGGAGCGGCGAGGCGGGGCATCCCACGGGCCTTTTTCTTCCACACGAACAGCAGGATGCCGAGCAGCGCACCGAAAAAAACCGTCTGCACGCCGTAGGTGATGACACTCCCCATCATCAAAATCGCCAAATACAGAGGGATGGCCAAGGTCTTCGCCAAAGTCTGGGCATGGTTCCAATCCGACACGCCCGCTGAGAGCAGATGGAACACCACGTGCCCGAGCAGGCCCGCGCCGATGGCCGCGGCCACGCAGCCCGGCCAGGTGAAGCGCATCCGGCCCCGCAGCGCGACCCGCCACCAGACCAGAAACATGGACGCGAACCAGCTCAACGCGCCGAGGGCCACGAATGCCGCGTCCACAGTGAAGGGGCCGATCATCGTCACGGCGGCCCCCGCCAGGGCGTTGCACAGGCTGAGCACCAGGATTTCGTACACGGCGGCGCGGGGCATGAACACTCGCTTAGCGCACCGCGCACCGGGCGGCAAGGCGGGATGCGGGGGAACCCGGCCGCGCCGGGCTTCCCGGACCGGCCCCGCGCTAGGCCAGGCGCAGCAAGGCCATGCCGCCGATGAGCAGGACCATGCCCGCCCACGCGCTGGGCTTCAGCCGTTGCCCGTGCAGCCGCCAGCCGCCCAGCGACGTGCCGAGGATGCCGAAGCCGCCCCACAGGGCGTAGGCCACGGCGAGATCCATGCCGCGCACCGCGTAGGCCAGGCAGGTGAAGGCCAGGGCCACCAGTCCCAGGGCGCAGGCCGAGAGCCCCAGTCGCCGAAAGCCGTCCGAACGCGAGAGCAACAGGTTGGCCGCCACCTCCAACGCGGCGGCCAGCAGCACCGCGAGCACGAAGCGCCATTCCATGAACGTGTTCACGAGCGCCCTCCCTTGCCGGGGGGCGTCCCGGCCGGGTCGTCGACATCGCCGCGCCCGGTGCCGTGATGCACGAGCAGCGTGCCCGCCAGGACCATGCCCAGGGCCATGAGCCGGGTGGCGTCGAACCGCTCGCCCAGCAGGGTGACGCTGACGATGGTGATGAGCGTGAGCCCCAGCCCCTCCCAGACGGCGTAGGCCACGCCCACGGGCAGTTTCACCACCGCGCGGGCGAGGAAGAAGTACGAAAGGCCCAGCAGCAGGTACATGCAGCCCATGCCGAGCACGGGCCACGTCTCCTGCGAGAGTTTCATGACGCTGGTCCCCGCCACCTCCAGGATGATGGCGACCAGCAGGCTGAGCCGGCAGCAGGCCGTGGACATATGGAAACCTCGTGGCGCGGGACGCGCGCCGACAGACCGCCCGAAGGCGACAATGGTTTTCCGCGAGGCCGTCCCCGCTTCACGCGGAGCGGGCGAAGGGACGGCGGCCGGGGACCGGGACACGGCGGCGTGCGTGCGCCGCCCGCTGGTCGCGGCCTAGAGCGCGGTGCGCCAGTAATGTTCCCTGGCGGAGAGGACGGGCAGGGAGGAATTCGTCGGTATGGTGCGGACGTTGGACATGATGGCCCAGGATAG
NZ_CP168306.1_gap55	1994761	1999588	4827	GACATGGACGACAGCGGCGTCCACTTCCACTTCAGGGTCGTCTTGCGGCCCTCGCGCGCCCACTGGTCCTCGCGATGGAGCATGAACGCGGTCTTGCCCGGCTTGGCCTTGGCCAGCCCCTTCACGTCCGGGACCACCGCGTACCACGCCGCCACCAGCAGCACATAGGCCGCCAACACGGCCAACGCCTTGACCACCCAACCCAGCGCCTTTCGCATGACCGCCGTGTCTCACACCCCCAGCCCCCTGACAACCCCCTTCGGGGGCTTACAGAAAGGCCAAGAGGCTCTCATCTCCCCGGCTTTCCGTAAATGGGGGCGAAGCCCCCTGGACGGAGGGAGGCGGGGCGGATAGGGTGGATTCACAAGGCCGCCCGGGCGACCGACCCCTTCCGCGCCCGTCGGACGCGGAAACCCCGACACACGATCCCCGAGACGGCGGCCCAAGGAGGTTCGACATGGCCGCTGAGACCATCTTCGTCAACACCTTCACCAACGGCATCCTGGGACCGGACGTGCCCATGCTCGGCCCGGTGCGCGACGGCGGCGTCATCGTGGCCAACACGGCCCCGGGCTGCTGGGGTCCGATGCTCACCCCGGCCATCCGGGGCGGCCACGAGGTCTGCCAACCCGTGCTCGTGGAAGGGGCCGAGCCCGGCGACTCCATCGCCATCCGCATCCTGTCCATCGACGTGACCAGCGCGGGCACGGCCTCGGGCAACGACCTGATCCACGGCGACTGCTGCCTGGGCGACCCCTACGTGGCGGGCAAGTGCCCGGGCTGCGGCGCGCTCTACCCGGCGACGCGCGTGGAGGGCACGGGCAAGGGCTGCATCAAGTGCGCGGCCTGCGGGGCCTCCGCCGCGCCCTTCGAATTCACCAACGGCTACACCATCGCCTTCGACGAGACCCGGCGCATGGGCCTGACCCTGGACCGGGCCGCGGCCGAAAAAGCCGCCACCGAGGCCAGGACGTTCATGGCCACGCCGGACAACTCCATCCAGAATCCGGTGGTGGCCCTGGCCCCCTGCGACATCCCGGGCGTGGCCGCGCGCATGATCCCCTTCGTGGGCCAGCTCGGCGTGGTTCCCGTGCGGCCCACCCCGGACTCGCACAACGCCCAGGACTTCGGCTCCTTCCTCGTGGGCGCGCCCCACGAGTACGCCATCACCCAGGAACAGCTCGCCGACGTGACCGACGGCCACATGGACATCAACCGCGTGCGCGCCGGAGCGGTGCTCATCGCCCCGGTGCGCGTGCCCGGCGGCGGGGTCTACGTGGGCGACATGCACGCCATGCAGGGCGACGGCGAGATCGCGGGCCACACCGCCGACGTCTCCGGCGTCATCGCCATGCGCGTGAGCGTGCTCAAGGGCGTGACCTGCGGCGGCCCGATCATCCTGCCCCTGGCCGAGGACCTGCCGCTCCTGGCCCGGCCCTTCTCGGCCGAGGAAAAGGCCCTGGCCCGGCGCATGGCCGAAGAGCGCGGCGTGACCCTGGAGGAATCCGCGCCCATCTCCTTCGTGGGCAGCGGCCCGACCCTGAACGCGGCCACCGACTGCGCCCTCAAGCGCGCCGCCGCCTTCCTCGACACGACCGTGCCCGAGGTCATGAACCGCGCCACCATCACCGGCAACATCCAGATCGGCCGCAACCCCGGCACCGTCACGGCCACCTTCCTGGCCCCCACGGCCAAGCTCAGGGAAAAGGGCGTCTACGACCTGATCCGCGACCAATACTCCCTCTAACCGGCTTCGCCGGTCTCCGGAAAGGCGGGGGAGGAGGTTCCTCTTCCGCCTTTCTAAACACCCCCGAAGGGGGCGGGGCCGGAGCGCATGCCGTGGACGGGCGTTTCGGAGAGGATCTTCATGTAGACGTCGCCGGTGGAGGGCAGGAACACGAGCTTGCGGCCGCGCGTGCCGCCCACGTTGGAGGCCGTGACCCGCAGCCCGGCCGAGGCCAGGCCGGCGAAGGCCGTGCGCACGTTCTTCATGCCGATGCCGAACTCGCCCTGGACCAGGGAGTTGGCTCCGCCGAAGACCTTCACCTCCAGGTCGGCCATGCAGCGCAGGCTCGCGAGACGGTGAAGCAGCTCCGCGATGGCCGAGTCCACGTAGCGGAACGGGCCGTCGTCCTGGCCCTGCCGGGCGAATTCCGCCCGCGCGGGCAGCAGGGCGTGGAAGGTGGCCCCGACGCCGCGCGAGGGGGAATGGAAGGTCACGGCCACGCACGAGCCCAGGAGCACGTGGACCCGGGCCGGGCTGTCGAAGACCCCGCCCTCGCCGATGCCCAGATGCCGGACCGGAAAGCCTTCAGGCGAAAGGAGCGCGTTCATTCGGCCCCGTCCAGCGGATTTTCCGGCAGGTCGAGGTTGGCCAGGGCGGCCAGCAGATCGGCGGAATCCACCGGCTTGGTCAGGTAGCCGTCGGCCCCGGCGTCATACTGGGCGGCCATCTGGTGCTCGGCCCCGTCCAGGCAGGAGAGCATGAGCAGGCGGCAGGCCCCCTCGCGGCCGCGGCCGCGCTCCAGGGCCCGTATGCGCCGGGCGGCCTCGATGCCGTCCATGCCGGGCATCATGATGTCCAGGATCACGGCGTCGAAGGGCTCGCCCTGGTCCAGGGCCCGGGCGAAGGCCGCCACGGCCGAGGCCCCGTCCGGGGCGGTCTCGGTCCGCGCCCGTCCGGCCAGCACTCCCGAAAGGAAGCGCAGGGCGACGGGCTCGTCGTCCACCAGCAGAAGTTTCATGTCCCCCCCGGGAATGCGCGATGTTTCAGGCTGTTATCCCAAGAACCCGCGCGGGGCAAGCGGCCGTGCTTGCCCAGCCGGTCCGCATGGTTTATTCGTTTGCTTCCCGTCGCTCATCGTGGAGGATCACAATGCGTCACTGGCTCACCCTGCTCCTGCTCCTGCTCCTGCTCCCCGGCTGCGCCTACTTCAAGCAGCAGCCCGGCGCGGAGGACAAGAACCTCAAGAAGACCGAGACCAAGAACCTCGCCCCGGGCTGGAACCCGGCCTACGACCGGGGCGCGAGCTACGACCGGATCGAGGGCAGGCACACGGTCCGGGACATGTCCGAGTTCCATGCCCAGCCCGGCAAGACCTTCCTGGTCAAGGTCCGCGACTGGGTGGTCGGTCCCGAGGCCATCGTCCCCACCGCCTCCGGCGTGGTCTACCTGGAGCAGCAGGCGGTCCGCGCCATCGAGCTGGAAGGCTACGAGCACGCGCTCTCGGGCAAGGCCGACTATTCCATGGAGATCCACGTGCTCTGCGCGGCTCCGGCCTGTCCGGTCCCGGGCGGCAAGGACCAGGCCCCGGCCCAGACCCTGGCCGTGCCCGACGCCTTCGACGACAGTTTCCCCTTCGCCTGGACCAAGGACTACCATTCCTGGGCCCAGCCCGAGGGGGTGAAGCCCGGCTGTCAGGCCCTCATGCTCCTGGCCGTGCACGTGGTCAACGAGGACAAGACCCGCGACGTGTTCGTGGAGCGGCTGGCCGTGCCCGGCTGCCGCGCCGAGCAGGACTGCCCCCTCTCGGCCTGCGGCTTCAACGTCGGCAAGACGCTCTCCGAAAAGCTGGTCGAGCTGTTCTGATCCGGCCGGGGACTGGATGCTGTTCGAGGAATACCGGATCGTCTGCCTGAACAGCCAGGGGCAGCCCCGGCTGACCTTCCGGCTGCGCGGCTGGCACACGGCCCTGGTCGTGTGCCTGCTGGCCCTGCTGTTCGGGACCACGGCCGTGTTCCTGCCCCTGAGCCTGACCAAGGCCCGCGAACGCTCCCTGCTGGACGCCAACCGCCAGGCCGTCATGGAGCAGCGCAAGCGCATCTATGCCGCCTCGTTCCAGCTCAAGTCCATGGAGGACTCCTTCGGCCGCATCGCGGAGTTCGACTCCAAGCTGCGGGTCATGCTCTCCCTGGCGGAAGGCCCGGAACCGGAAGTGGACGGCATGGGCGGCCCCCTGCCCGGCCCCTACCGCAACCCGCTCCAGCTCCTCTACACCCAGTCCCTGCTCCGCGACATGCGCGAACGCCTCGGCGACCTGGAAATCTCCATGCTCCTGGAGGAGGCCTCCCAGCAGACCCTGTTCCACGCCGTGTCCGCGCAGCAGGAACGCCTGGCCCGCATCCCGGTGATCTGGCCCTCGCGCGGCCGGTTCACCTCCCGCTTCGGCTGGCGCGCCTCCCCGCTCACCGGCAAGGGCCGCTTCCACAAGGGCATCGACATCACCGCGCCCACCGGCACACGCATCAAGGCCACGGCCCAGGGCCGCGTCGTCCTGGCCGAATGGTTCTCCACCTACGGCCAGTGCGTGGAGATCGACCACGGCGGCGGCATCCACACCCGCTACGGCCATATGTCCAAGATCCTGGTCAAGGAAGGACAGACCGTGTTCCGCGGCGACATCATCGGACTCGTGGGCAGCACCGGCCGCAGCGTGGCCCCGCACGTCCACTACGAGGTCCACGTCGGCGGCGTCCCCACCAACCCCCTCAACTACATCCTCAAATAGCCCCCCTTCGTCCGGCTTCGCCGGTCTACGGAAAACCAAAGAGACTCCCGGCTTTCCGCCTTTCTGAAGCGGGCCGAAGGCCCCCCGGCTTCGCCGGGTTATGGAAAGACGGGGAAGGCTTCCGCCTTCCGCCTTTCTGAAAACCGCGAAATGGAACGGAGAAAGGCGGTAACGGATTCCCAGGGCTGGGGCCAGACTCCGGCCAGGTCGGCCTCGCCGGGCAGTCGCGGCTGGAAGGCCAGGGTGGCGCCGGGCGGCTCGAAGCGGGCGTCCACGCCGGGCTTGTCGCCCCGGGCGTCCACGCGCAGCCAGCCCGCGC
NZ_CP168306.1_gap56	2000631	2002578	1947	TGTAGCCGAGCACGAGCTGGGTCTCCACCTCGCCGGGACCGCCCAGGCCGCCCTCCACGCAGACGTACTCCTGGCAGAAGGCCGTGCCGCCCATGAACCGGCCGCGCACGTGCAGCCTGCGCCCGGCGTAGAGGCGGCTGTGCAGGCAGTGGGCGTCGATGAGCACGTTCAGGCCCGCGTGGACCAGGGCCCGTTCGCACCAGTTCAGCTTGACGGTCTTGCCCGCGTCCAGGAAGCCCTTGTCGCCGCCCTTGACCCCGCCCTCGCAGACGATGGATTCCAGGGCCGTGACCGTGCCCGCGTCCACGTTGCCGCGCACGAGCACGTTCTTGGCCTGGACCTTGAAGCCCGGCATGACCGAGCCGTGGACCACCATGTTGGAGACGAAGGAGACGTTGCCGGTGGAGAAGTCCACGTCCTGGCGCACGTTGAGGAGCTTCTTCACCCGGATGAGCCCGGCGTCGTAGAAGACGTAGCCGTCGTCGGCGGCCAGGAGGCGGTCGGGATTCTCGGGATCGGCCTCGACGCGGAAGCCCTTGGGGAAGAGCTTCTTGGGATAGATGAAGCGCTGGTCCAGCTCGGAGGCGTCGGCCTCGGGCACCTCGACCCATTCGGCCAGGAGGTCGCCCTTGAGCACGTTCTGCACGTAGTTCAGGTTGTAATGGTCCAGCCGTCCGTCCTCGCGCTCGCTGGGGGCGCGCTTAAGGTGGTTGAAGTCCGGGTCGAAATGGTGCTTCAGGTAATAGGGCATGGCTCCCCGCTTCTGGATGTGGACCAACCTTTTCATAGCGTCGGTTTCGAGTCGGCGTCAATGAGAATGGCCCGCACTTGATTTCCCTGTGCAAATGGACGACAAGTAGGACACGGGGCATCTCAGAATGACACGCACGAGCCATTTCCACCAGCCGCAGACGGGCGGCAACGGGAAAACGCCCTACGAGACGGTCTTCGTGGCGCGCCAGCCGGTGTTCGGCCGCGACCTCTCCACCTGGGGCTACGCCCTGCTCTACCGCGACGCGGGCGACGCGGACCGGGCCGTGTTCAGCGACGATTTCGACGCCACCCTGCGAGTGGTGGCCAACGCGCCCCTGTGCCCGGACACCTGCGCCCCGGACAAGCACGTGCTCATCCATTTCCCCGAGCGTTCGGTCATCGGCGGGGTGGCCCACGCCCTGCCGCCGGAGACCACGGTGGTCCTGGTGGCCGAGCTGGCCGACCCCGGGCCGGAGTACCTGGACTCCCTGCTGGGGCTCAAGCGCGACGGCTACACCCTGGCCCTGGACAACTACAGCGCCGACCCCGCGCGCGAGGCCCAGTACGCGCTGGCCGACATCTTCTGCGTGGACGTGCTGGGCCGCGAGGCGGGCGAACTCTCGGCCCTGGCCCGGGCCGCCGGCAAGTGGCCCGTCCGGCTGCTGGCCAAGCGGGTGGAGGACCAGGGCACGCTGGAGCTGTGCCGGGAACTGGGCTTCCACCTCTTCCAGGGCTTCTTCTTCAAGAAGCCGCAGACCCTCTCCGCGCGGACCATCTCGTCGCTGGAGGAAAGCCGCCTGCGGCTCTTCGAGGTCATCGAGCGCGAGGAGCCGGACTTCCCGGCCCTGACCCAGGCCATCGAGGCCGACGTGTCTCTGACCTACCGGCTGCTGACCTTCCTCAACTCGGCCAGCTTCGGTTTCGCCAAGAAGGTGACGTCCATCCGCCAGGCCGTGGTGCTGGCGGGCTGGAAGCCCATCCGGGCCTGGCTCCGGCTGCTGCTGCTCACGGATCTGGTGCCCGCCGCGCGCACCCGCGAACTGGCCTACCTCTCGGCCCAGCGGGCGCGTTTCCTGGAGCTGGCGGCCCAGGCCGGAGACCGGCCGGACCAGGCCGACATCCTCTTCCTCATGGGCCTGTTCTCGCTCCTGGAGCCCATCTTCAACATGCCCATGGAGCACATCGTGGACCGGC
NZ_CP168306.1_gap57	2004765	2007744	2979	CCCGGGCCAGGGCCTGGCCCCGGCGCAGACGCTCCTCGGCCAGGCGCTCCACCGGCCCGCGCACGAGCACCACCCGCGCCGCTCCGTCCGGGGCCTCGGGCAACCGGGCCACGTCCAGGAACACGTCGCGGGGGCCGTCCGGGGTCTTCAGCCGGGCCATGGCCAGACCCGGAGGATGCGGGTCCAGGGCCACCTCGGCCCCCGGTCCCAGCTCCACGAAATCGCGGCCCGAAAGATCGTCATCGGAACGCCGCAGCAAACGGCGCAAGGCGGAATTGGCGTAGAGCACACGGCCCGAGGCGTCGAGCACGGCCAACCCCAGGGGCAGCGCCTCCAGCAGGCGGGCGGCGAAGGCCGGGGCCTCCGCCGTGGGCGAGTCCTTGGGTCCGGGCATCCCTCCTCCAAGGTCGGCCGAATGGGCGGTGTGACAAAAGTGCCCCATTTGACGGACAAACGCCCATTCTGTCAACGCCCGGCTCCGCCGGTCTACAGAAAGGCCAAGAGACTCCCGGCCTCCTGCCTTTCTGAAACGGGCCGCCCGGCTTCGCCGGTCTACAGAAAGGCAAAGAGGCTCCCGGCTTTCGTCTTTCCGAAGCGGACCGAAGGCCCCTGAAAGGCGGACGCGAGGAGTGTTTTCACGAGCAGGCAGGGGCAAGTCAGGGTCGGCCGACAACGGACACGACACGCGCCGCCGAGGGCTGAACGGGAACCGGGAGTGCGCGGCCCCTTGCCTTGTCGTGAAAATACCCGAGGGCCCGCCCGGCTTCGCCGGTTCATAGAAAAGCGAAGAGGCTCCCGTCTTTCGTCTTTCGGAAACGGGCCGCCCGGCTTCGCCGGTCTACAGAAAGGCCCGGCTTCGCCGGTCTGCGGAAAGGCCCGGCTTCGCCGGTCTACAGAAAGGCCAAGAGGCTCCCGGTCTCTTGCCTTTCTGAAACGGGCCGAAGGCCCCCCCCTAGAGGATGGGGTTGGTGACGGGCAGCCGCACGGACCAGGAGGACTCCTGGGTCGGGATCGCGGCGGCCTCGGCGTCGGCCAGGGTGGGCCAGTCGGTCAGGACGGGAGCGGGAACGGGAACCGGGGCCGGAACCCGGGCCGGGGTGGTGGCGGCGGGCTCGGGCGCGAGTCGGGGCGTGGGCGCGGCGGCCTGGACGGTTTCGGGCGCGGCCAGATCGGCCAGCAGCACGGAGTCGAAGGGCGAAGGCAGGGTTTCGTGGGCCTCGGGCGCGGCCTCGGGCAGGGCGGCCACTCCGTAGGTCTCGGAGAGCGAAGCCAGGGAGGCCGCGGCCACGGGCGCGGGGCCCTCGCGGTCCAGGCCGGTTTCCCAGGGACCGACGTAGTCCGGGCCGTCCAGGATGTCGACCACGGTGGCGATCTTGTCCTGGATCACCTCGTCGGGGGACTTGTCGTTCACGGCCATCTCGTAGCCGTACTCGCAGACGGAAAGCGCGGTCCCGGCATACTGCACCGGGCCGCCGAGAACATAGCCGCCCACACTCACGGCGGCGCCGACGACCATGCAGCCGGACAGCGCCGGAAGGCAGGCCAAAAGAAGGAGGGCCACGAGACGTTTCATCGGTCTCTCCATCTAAAGAAACTCGCTAGCCTGTTTCGACCTTTTTGTAAAGAAGGCCGGTCGGCCATGGACGACGATTTCCCGTCACCCTTTCGGGAGGCATGCAAATTTCGGCCCCTTCGGCGCGTTACGGAAAAGCAGGGGAAAGGCTCTTGCCTCTTCCGCCTTTCCATAATCCGGCGAAGCCGGGCCGAAGCCCCCTTCTCTATGCCTCCGCCGCGGGCGCCAGGATGGCGCCGAGCACGGCGTCGAACTCCTCCAGGCTCACGGGCTTGGCGATGTAGCCGTTCATCCCGGCGGCCAGGAAGCGTTCGCGGTCGCCCTTCATGGCGTGGGCGGTCATGGCCACGATGGGAATGTCGCGGGCCTTGGGGGCCTCGCCCTCGCGGATGCGGCGGGTGGCCTCCAGGCCGCTCATCTCGGGCATCTGGATGTCCATGAGCACGCAGTCGTAGGTTCCGTGCGCCAGGAGGTCCAGGACCTGACGCCCGTTCTCGGCCAGGGTCACGGAGTGCCCGGCCTCCTCCAGGAAGCTCATGGCCGCGAGCTGGTTGATCTTGTTGTCCTCGGCCAGGAGGATGCGCAGGCCCTGGGGCTTGCCCAGGGGGGAGCCGGAGCGGGCCGGGGGCGCGGGCGGCGCGTCGCCCTCGACGGCGGCGTGGGCCAGGATGTGCAGGATGACCTTGGTGCCCCGGCCGGGCTCGGACTCGATGCGCACCTCGCCGTCCATGAGCCCCACGAGGCGCTTGACGATGCCCAGGCCCAGGCCCGTGCCCTGGTACTTGCGCGAGAAGGAGCCGTCGGCCTGGGTGAAGGAGTCGAAAATCTTCTCCAGCATGTGGACCGGGATGCCCACGCCGGTGTCCGCGACCTCGAAGTCCAGGCGCACGCGGCCCTCGGGCTCGAGGCCCGGCTTGCGGGCGGCCAGGACATGCACGAATCCGGCCTCGGTGAACTTGATGGCGTTGCCCACGAGGTTGAAGAGCACCTGGCGCAGACGGCCCGGGTCGCCCGCGGCCTCCCGCGGGATGTCGCCCTCGGCGGTCCAGGTCAGGGTCAGGCCCTTCTCCAGGGCCTGGGGCCGGAAGATGTCCAGCACGGAGTCCAGCAGCTCGGGCAGGTTGAAGCGTTCGTGGGCGATCTCCACCTTGCCCGCCTCGATCTTGGAGAGGTCGAGGATGTCGCTGATGACCGACAGGAGGTTCTGGCCGGAGTTGAGGGCGGTGTCCACGTACTTGCGCTGCTTGCCGTCCAGGGGCGTGCGCTGGAGGAGCTGGAGCATGCCCATGACGCCGTTGAGCGGGGTGCGGATCTCGTGGCTCATGTTGGCCAGGAACTCGCCCTTGGCCATGCTGGCGGCCTCGGCCTCCTCCTTGGCCCGGATGAGGGCCATCTCCAGCCGCTTG
NZ_CP168306.1_gap58	2117386	2121060	3674	GCCAGGGCCCCTGCCAGGGCCGGGACGTCGCCCGGCGGGGCCAGCAGGCCGGTCTCGCCGTGGCGCACCAGCTCCGTGAGCCCGCCCACCGCCGGGGCCGTCACGGGCAGACCGGCGGCCATGGCCTCCAGCACGGCGTTGGGCGATCCCTCGCGGGCCGAGGACAGGGCGAAGACCCGCGCCCGGGCCAGCAGCGGCCGCACGTCCGGCCTGCCGCCCGCGAACTCCACCCGGCCCGCCAGGTCCGGGGCCGAGGCCCGGGCCTCCAGGGAGGGGCGCAGGGGCCCGTCGCCCGCCAAAACGAGCCGCGCCCCGGGCCGCTCCGGAGCCACGCGGGCGAAAGCCTCCAGCAGGGCCAGGGGATTCTTGTCCGGCACGAGCCGGGCCACGCTGACCACCTCCGGCCCGGGCTCGGCGTCGGCCGGGGAAAAGCGGTCGCAGTCCACGGCGTTGGGCACCACGGCCACCCGCCCGGGCGGCGCGCCGTGGCGGCCCACCGCGCGCTCGCGCAGGGCCTCGGCGTTGCAGATGATCCGGTCGCTCAGCCGCCAGAGCAGGCGCTCCCACTGCCTGGGCTCCAGGGCCCGGAAGCCGGAGACGAGCGCGGGCACGCCGAAGAGCCGTCCGAAGAGGCGGCCCCAGATGTTCGGCGCCACGGTCAGGGTGTAGAGCAGCGGCGGCGGGTCGCGGCGCAGGAACGCGGCCAGCCGGAGCACGGCCCGGGGATCGCCGGGGGCGCGGCGGCTCACCTGGCGCACGGGCGCGCCCGTGGCCCGGGCCTCCTCCAGGAGGTCGTCGCCGGAGTTGAGCAGCCAGAGTTCCGGGGCGAAGCGGTCGCGGTCCAGGCCGCGCAGCAGATGCAGGGCGTAGCGCTGGGTGCCGCCGAAGGCCAGGTCCTGGAGCAGGATCGCCAGCCGCGTGGGACGTGTCTTCCCGGCGCTCATGGGTTCCTCAGCGGGGACCGGCGGCTTCCAGGGCCCGCCGGATGCCAGGCAGCATGGCCCGGGCCAGGGCCTCCCGGCCTTGGTCGGTCTGGTGGATGCCGTCCGGCTGGTAGGCCGGAAAGTCGCGGCCCACGAAGGCCTCGCTCAGGTCCACGAAATACGGCCGCCCGGCCAGGACCGGCTCCACTGCGTCGTAGACCAGGACGAAGTTCGTCCGCACCCCGGGGAAGCGCTCCGCGCGCTCGGCCAGCTCCCGCTCCGGCAGGTTTCCGGCCGGGGGCTCGACCCAGAACACGGGCTGGAGAAAGGCCACGAACCCAGCGTTCAGGCAATGGGCCACGCCGTTCGCGTAGTCGTAGCGGGCGCGCATGGCCCGGGCCAGCTCCCCGGGCAGGGGGGAATCCGGCTCCAGGGGCGCGAAGGCGTAGGTCAGCCGCTGCCAGAGTTCGCGGGTGAAGGAGGCGTGGACCGCAGCCATGACCGGCTTGAGCACGCCCAGGGGGCTGCTCCAGTAGCTCTCGACGAAGCCCTTGATCCGGTCGTAGCCCTCGTGGGCGTCCACGCCGCGGTAGAGGCTGAAGTAGCTGGCGTCGTTGGCCCCGTCCAGGAAGACGATGCAGTCCGGCCGGTCCTCGCGCTCCAGCAGCGCCTTCTGGAGCTGCTGGACCTCCTGCAGGGAGTTGAAGGAGTTGACCCCGAAGTTGACGCATTGGACGCGCCAGGGGCCCTGCTCGTTGAGCAGCCGGGAAACGAGGCTCGGCACGGTGCGCTCGTCCGGGGCCTCGCCGTTGCGCGTGGTGGAGCCGCCGAAGAACCAGATCCGGCGGTTGCGCGAGACCTCCGGCGCGGGCTCGGGGTTCGCCGTGGCCCGCAGGCCCGAGGCGGCGGTGTAGAGGGTCATGCCGTCGTAGACGATGCGGCTGCCCTCGCGGACCCCGCCGTAGATCGCCAGGTTCATGACCGTGATCACCAGGAAGCAGACGAACTCCAGGCCCAGGACCAGAAGCGCGGCGTATGCGGGCAGACGGAAAACGAGGCGCGCGGCGCGTTTCACAGCAAGCCCTCCCGACGGCACCAGTCCAGGGTGAGGGGCAGGCCCGCGTCCAGGCCAACCCGGGGGTCGTAGCCGAAGTCGCGGGCGGCCCGGGCGTGGGAGCAGAGCCAGCCGGGCTGGGCGGCCTCGCGGACCTTGTCCAGGGTCAGCCGCGAGGACGGCAGGCCGACCCGGTCGGCGATCTCGTTGGCCAGGGCCGCGACACGCAACATCCAGATCGGCAGGGGCAGGACGCGCACCGTCCGGCCCAGGGCCCGACCCAGGGCCCGGGCGTAGCCGCGCCAGTCCGAAATCTCCGGCCCATCCAGGTAGGCGATCGAGCCCGAGGCCAGCCTTCCCCCGGCCAGGGCCTCCAATGCCTGGATCAGGCCCTCCACGAGGTCGTCCACGCAGACGATGCCGAAGGGTTGTCCGGCGTCGCCGGGAGCGGTCAGGACGCCCAGCCGGGCTAGGCGGTAGAGCGGCACGAAGGCGCGGTCGCCGGGGCCGTAGACCATGCTCGGACGGATCACGGCCACGGGACGTTCCCCGGCCAGGGCCAGGGCCTCGGCCTCGCCCAGGAGCTTGGAGCGGCCGTAGTCGGAGACCGGCGCGGGCGGCAGGCCCTCGTCCAGGCCCGGGGGCGTGGCGCAGGGGCCTCCGGCGGCCTGGCTGGAGACGTGCAGCAGGACCGTCTCCGGCGCGGCGGCGCGGCGCACGGCCCGGGCCAGACGGGCGGTCAGGCCCTGGTTCACGGCGTTGAACCCGACGGCCGAGCGGGCCCGCACGGCCCCGGCCAGATGGACCACGGCGTCGATCTCAGCCACGGCCGAGGCCAGGAAATCAGCGTCGTCCCAGGAGCCGAAGCGGCGTTCCACCCGGAGATCCAGGCCCGCCGCGGCCGCGCCGGGCCGCAGCACGGCGCGCACCGAAAAACCCCGGGCCGCCAGCGCGTTGGCCAGGGCCGCGCCGATGAATCCGCTGGCCCCCGTGACGCAGACCTTCATGCCCCCTCCGCGTTCAACAGTCCCGCCTGTAGATGCGGTAGGTCTTGTACTGTTCGCCGCCGCACTCGCGCAAAAAGCCGTTGACGGCCTCGTTGTCCTCCAGGGTCCAGCTCATCTCCAGCCGGTCGTAGCGGGTCTTCCTGTCCTGGAGTTCGAGGAGGTAGTCCAGGGCCACCAGGGGCACGCCCATCTGGTGGAAGCGCGGCTTGACCCCGAAGAGCAGGGCCCGCGTGCCCCGGATCTCGGACTTGTGGCGCAGAACCTTGAACAGCCCCGTGAGGCCGATCTTGCCGTCCAGCCGCCTGAGCAGGGGATTCACGTCCGGCAGGATCAGGCCCACCCCGGCGGGCTCCTGGCCCACGGAGAGGAAGAAGCCCAGATCCTCGTCCAGGATGGGCAGGAGGCTTTCGGCCATGACCTCCAGTTCGCCCGGGCTCATGGGCACGAAACCCCAGTTGGAGCCCCAGGCCTCGCGGTAGATCTCGTCCATGATCCGCAGGTCGCTCTGGAGGTCGGCCTTGCGCACGTGGCGGATGGTCACCTCGCCGCGCTCCCGCAGCCGCCGCGAGAGATCCAGGGCCCAGCCGGGCACCGTGTGCCCGCGCCGGAAGAGGAAGGCGTAGAGATCCTTCTCCTTGACCAGGCCGCACTCCTCCACCAGGGCGGGATAGTAGGTCGGATTGTAGGTCA
NZ_CP168306.1_gap59	2131705	2132479	774	AAGAGCGCGTTCACCCGGCCCGTGGGCATGGCGGCCAGGGTCCGGGGCCCGTCGAACACGGGCAGCCCGGCGGTTCCGCCTATGTCCTCCAGCCCCTCGCGGCTGTGGTGGCTCAAGAGCGCCAGGGGCCGGATGACCGGGTTCAGGCGGGCGAACATGGCCGCCGCCTTGCCCGGGTCCAGGGCGTCGAAGCCGTAGAACACCGCGCCGTAGCCCCACCAGGAGAAACGGGCGAAAAAGGAGCGCGCGGCCAGACGGACGGCTGGAACCAGAACCAGCAGGAGCAGGGTCGCGCCCAGGAGAATGGAGCGGGAATACTCCAGGGGGTTGCGCAGCCAGAAGGTCAGGGCCGCGAAGATCAGGGCGGCCAGGCTGGTGCCCAAGACGCAGATCTTCATCTCCCGGGGCGGGTGGAGCAGAACCCGGTAGCCGCCGAGGGCGGCGTAGATCGCCAGATAGAGCCCGCTCAGGGGCCAGAGCGAGAAATAGGCCGAGAGAGGGAACGCGCCGCCCAGGACGTGGCGGACCAGGACGCAGACGGACCAGGCGGCGCCCACGGCCAGGAGATCGCCGGCGGCAAGGACCAGCGGCATGAGCCAGGGTCGGCAGGAAGCCTTCTTCAGTGCGCTCTCGATGAAAAGGCTCGCCTCCATGCGCCTCTGTCGTCCTTCTTTCCTCGGCCCGGTCCGGGCCGTCGTCAGTCCTCGATGAGGCGGAACAGCCGGGCGGTTTCCGCGATGGCGTTCAGCACCGTGTCGATGTGCTTCCGGGTGT
NZ_CP168306.1_gap60	2134481	2136381	1900	GACCCCCATGCTGCGCCTGCTGAAACGCCTGGCCGCGCCCTTCCGCTTCCTGCCCTGGGACTCGCTGGAGGGCAGGATCCGCTCCGGCATCGCGGGCCTCGACGTCCTCTTCCGGCCCCGGGAGCTGTTCCTCCTGCTCCTCCGCTCCCTGCTCATCTGGACCCTCATCGCGGCCTCCTACCATTTCGGCATGGCCGCCCTCTTCACGCCGCCCGCCTTCCAGGCCGCGCTCCTGGCCATGTGCCTCACCGTGGTGGGCCTGATGGCCGTGGCGGCCCCGGCCGGGATCGGCGCCGTCCACGGGGCCATCGTCCTGGCCCTCTCCCTGTTCGGCGTGCCGGTGGACCAGGGCCTGGCCTTCGCCCTGCTCTACCACGCCCTGGTCACGACGCTGAACGTGGCCCTGGGGCTCGTCGGGACACACGCCCTCGGGCTCAGGCCCGGCCGCCTGCTGCGCCTCTCGGCGCGGCGCGGCGCGGACTCTCCGGACGAGGCGGCCCCGCGCTGAACCTCTGACCAGCCGGAGCCCGATGACGCTGGACGCCCGGCCTCGGGACGGGCTATAGGAAACGGACCCCTTCATCCGCACCAACCAAGGCCGCCCGCGTGGAAACCGTCCTGCTGCTCAATCCCCCGGGGAAGAAACGCTATATCCGGGACTATTTCTGCAGCAAGGTCTCCAAGAGCGGCTATCTCTACCCGCCCACGGACCTGCTCCTGCAAAGCGGCCTCCTGGCCCGGGACTTCCGGGTGTCGGCCCTGGACGCCGTGGCCGAGGGACTCTCGCCCGAGGCCGCGATTGAGCGCGTCGCCGCGTCGCGGCCGGACCATCTGCTGACCCTGGCCGGGGCGGTCTCCCTGGGCGAGGACGCGGAATTCCTGGCGCGGCTGCGGCGCGCGGTCCCGTCCATCCGCTCGGCGGTGGGCATCGGCGACCTCTTCCTGGAGAACCCGGCGGCCGCCCTGGAACGATTCGCGGGCCTGGACGCCGTGGCCGTGGACTTCACCGCCGACGGCCCGGGACGCTTCTTCGCCGGGCGCGACGATCACGGCCTGGCCACGCGCGGCGGCGGTCCGGGCGCGGCCCCGGCCCGGGGCGAATTCTCCATCCCCGTGCCGCGCCACGACCTCTTCGCCTCCCCGCGCTACCGCTACCCCTTCGTGCGCCGCCGTCCCTTCGCCGTGGTCCTGACCAACTTCGGCTGCCCCTACCACTGTTCGTTCTGCGTCATGCCCGGCCTGGGCTTCAAGTCCCGGGCGGTGGAGAACGTGCTGGAGGAGCTGGACCTGCTCAAGGCCCGGGGCTGCCGCGACCTCTACTTCAACGACCAGACCTTCGGCGCGGACCGGCCCCGGACGAGGAACCTGCTGGAGGCCATGATCCGCCGGGAATACGGTTTCGGCTTCGTCTGTTTCACCCGCGTGGACCTCATGAACCGGGAGTTCCTGCTTCTGCTCAAGCGGGCCGGCTGCCACACGGTCATGTTCGGGGCCGAGAGCGCCGACGACGCCTTGCTCGAATCCTACTCCAAGAACATCACCGCCGGGGGCGTCATGGCCGCCCGCGCGGCCTGCCGGGAGCTGGGCCTGCGCACGGTGGCCACCTTCATCCTCGGTCTGCCCGGCGAGACCGAGGAGAGCGCGCTGGCGACCATCGCCTTCGCCAAGCGCCTGGACCCGGACTTCGCCTCCTTCAACCTGGCCGTGCCGCGCATGGGCACGCCCCTGCGCCGGGAAGCCCTGGACCGGGGCTACGCCGACCCCGAAAACCGGGAGATGGACCAGTCCGGCTCACGGGCCTCGCTGGCCACGGAGAGCCTCGCGGCCGAGCGGGCCGAGGCCCTGCGCAACCGCGCCAGCCGGGAGTTCTACCTGCGGCCCGGGAAGATCCTCGGCAGGC
NZ_CP168306.1_gap61	2174215	2178148	3933	GAGCCCCAGCGCGCGCACGGCGGCCATGCCGCCCTCCACGCCGGCGGCGTCGTCGAAGCCGTTGTGCAGCAGCGTCACCAGGGCCTCGTAGGAGCGCGCCCCGGTGTTGCAGATGACCACCACCGGCCGGTCGCGCGGCAGCTCGTCCAGACGTCCGGCCAATTCGCCCTGGGGGATGTTGTGCCAGTCGCCGGGATGCCGGGAGAGGAACTCGGCGGCGTTGTCGCGCTCGCGGCAGTCCAGGAAGAACACGCCGTTGTCCGCCCGGCCGTCCCACAACTCCTCGAAGCGGTCCACCTCGATGCCCCGGTTGCGGCCGTCGAGCACGTTCACGGCCACGTTGCCGAGCACGTTCAGGATGTCCAGGGCGGCGGAGAACGGCGGGGAATAGGCCATCTCCACGTTGCTCAGGTCGTCGCAGACCGGGGCGTGGGGCAGCATGGCCGCCAGGGCGTCCACCTTGCCCACCAGGGCGTCGCCGTTGACGCCCAGGCCCTGCATCCCGAGCACGCGGCGCGTGGCGCGGTCCAGCACCAGCTCCAGGCTCATCAGGGCCCGGTCGGGGTAGAAGTGGGCCCGGTCCACCTGGGTCACGTGCACGCTCACCGCGTCGTAGCCCTCGCGCAGGGCCGCGTTCAGGTTCAGGCCCACGCCCGCGGCGGCGCGCTCGAAAAGCTTCACGCACCAGGAGCCGACCACGCCGTCGAAACGCGCATGACCCCCGGCCAGGTTGTCGCCGATGACCCGGCCCTGGCGGTTGGCCATGGAGCCCATGGGCAGGTAGGCGGGCTTGCCGGTGACGAGGTTCTTGACCTGCACGCAGTCGCCGCCCGCGAAGATGTCCGGGTCCGAGGTGCGCATGGTCTCGTCGACCACGATGCCGCCGCGCTCGGACACGGTGAGTCCGGCCGCGCGGGCCAGCTCGGAGTTGGGCCGCACGCCCACGGACATGACCACGAGGTCGGCCTCGATCTCGCCCTTGTCCGTGACGAGCCGCTCCACCTCGTCGTCGCCCTCGATGCGCAGCAGCTTCTCGCCCAGGCGGAAGGTCACGCCCTTCTCCTCCATGTGCAGGCGGGCCATGCGCGCGAGATTCTTTCCGGCCACGGCGGGCAGGATCTGGTCCATGTATTCGAGCACCGTGGTCTCGATGCCCCACATGTCGGCCAGGGCCTCGGCCATTTCCAGGCCGATGAAACCGCCGCCCACGACCACGGCCGAGCCGACCTTGCCCGAGGAAACCCTCTGGCGGATGGCCGTGGCCTCCTCCAGGCTGCCCACGGAGAACACGCCCGGCAGGTCCGCGCCCGGAATGGGCAGGCGCACCGGGCTGCTGCCCGTGGCCAGGACGAGCTTGTCGTAGGACAGCACTTCCTCCGCGCCCGTGGGCAGATGGCGCAAGGTCACGGTCTTGGCCGCCCGGTCGATGGACACGGCCTCGGTCTCGGTGCGCACGTCCACGCCCTTGGTGGCCTTGAAGAAGGCCGGGTCGCGGACCATGTGGAAGGCCGTGGACTGGAGCGCCGAGGCGTCGGAGACGTCGCCGGAGACGTAATAGGGGATGCCGCAGCCGCCGTAGGAGATGGTCCGGCCGCGATCGACCATGGTCACGCGGCTGTCCGGCTCCAGGCGCTTGAAGCGGCAGGCGGCCTTGGGGCCCAGGGCCACCGCGCCGATGATGACGACGTGTTGGGGCATTGCGGATTCCTTCCTTGGCTTCAAATGGTTGCGCGGCACAGCCCGCGCGGCTCGGCCGAATCCATACCAATCATCCATGATTTCCGAAAGGGGCTTCGCCCCTCTCCAGAAATGCGGGAAGAGGCTCTCGACTCCTTTTCCAAGCCGAGAGCCTCCCCCGCCTTTTCGTAAACCCCCGAAGGGGGCTAGTGGTCGCAGGTGTTCGCGCCGGTGACCAGGGAACCGCCGAGAAAGGCGGTGACGAGCTGTTCGGCGGCGCCGCCCTGGGCGCCGACGGTCACGCTGACTCCGGCCTCCTCGAAGAGCTGGCGGGCGCGGGCGCCCATGCCGCCGGCGATGACGTGGGTCACGCCGCGCTCCTTGAGCCAGCGGGGCAGCAGGCCCGGCTCGTGGGGCGGGGGCAGAAGCATCTGGGTCTTGGCCAGGGTCTTGGAGGCGTCGTCCACGTCGATGACCGCGAACTGCTCGCAGTGGCCGAAGTGCATGCAGAGTTGGCCCTGGGCCATGGGAACGGCGAAACGCATCACATGTTCTCCTTGTCTGGGTGTCGGATTGTTCAAGACGAGGCCCGGCCGCAGCAGGAGCCGGGAACGCAGCCCCGGTCCCTGGGCCGGTCGCCGCAGCAGCCGTGGCCGCGCGCGTCGGGCAGGCCGCCGGACTCCTTGCCGGTGAGGGACGAGGAGGCCGAAAGCAGGCGCTCGGAATCGGCGGCTCCGCAGCCGGGGCAGGCCGGGACGTCGTTTGCGGACAGTTGCAGTTCTTCGAAGACGCGGCCGCAGGCGCGGCAGCGGTACTCGAAAATGGGCATGTTTCCTCCTACCAGTGGCCGTCCTTGTCCGCGCCCTGGGCCTCGGGGAGCTTTCCGGCGCGGAACAGCTCCAGGGCCTGGGCGGCGGTTGCGGCCGCGCCCTGGGGCACGAGATGCACGGCGATGCGGCCCTTGTTCAGGGCCAGGAAGGCCTTGGGGCCGACGTGGCCGGTGATCACGGCCCGGGCCCCGGCTCCGGCCACGGTCTGGGCGGCCTGCAGGCCCGCGCCCTGGGCCAGGCTCATGTTCTGGCTGTTGGGCACATAGACGGGCTCCCCGCCCTCGGTGTCGCAGATCAGAAAGCCCTCGGCCCGGCCGAAGCGCGGATCAAGCGGGCTTTGCTGGTCCTTTCCCTGTACGCTGATGGCTATCTTCATCGTTCCTCCTTCGTTTCCGGCAGCAGACGCGGCGGCCCGGAGGCGGACAGCCCCCGGACGCGGGTCCGCAGCCCGGCATGCGCAATTCGTCCAGGCTCCCGGCGGCCCAGGCCGCCAGAACCTCGTCCAGCCCGCCGCGCAGCCAGGGGCGCACGTCCACCCCCGCGGCGCGCAGACAGTGCAGCAGCCGCCCGGTGACCGCGCCGCAGAGCAGAACCCCGGCTCCGGCCCGCTCCAGGAGCTGGGGCAGGGCGTGGCAGCCGCCCGGCGGCAGAACCATGCGGCCCCGCTCCTCGGCCCCGCCGTTGTCCAGGCGGAACAGGCGCAACTCCGTGGCCGTGTCCAGAAGCGAGGCCAGACGGTCTTCGTAGCAGGCCAGACAAATCACCATGCCCACGTGAAAGCAGAACCCATGCCAAAATGGAAACCGAGGAATATGAGGATATTATAAAACAGGCCGAAGGCCTGGGGCGCGAAACGCGCCCACTGGAGGAGCGGGACGGATCAGGCCCCGGAAGCGCGGGCCAGGATGCGGCGCAGGGTGTCCTTGGAGATGTTCAGCTCCCGGCAGGCGGCCATGCGTTTGCCGCCGTGGCGCTCGATGGCGGCCAGCGCGGCGCGACGCTTGATCTCCTCCAGGGTGCCGGGGGCCGGGGACGGAACCGCGCCCTCCACCGGGCGGATGTACTCCGGCAGGTGCGCGGGCCGGATGAGCCCGCCGGGGCAGAGAATGAAGGCGTACTCGATGATGTTCTCCAGCTCCCGGACGTTGCCCGGGAAGGGATGGGAAAGGAGGATGCGCAGCACGTCCTCGTCCGGCCCGGCCACGTCCTTGCCCTGGAGCAGGTTCTGGCGGTTCACGAACAGGTCGGTGAGCAGGGGGATGTCCTCGGTGCGCTCGCGCAGGGGCGGCAGGACGATGCGGGCCACGTTCAGGCGGTAGAAGAGGTCCTGGCGAAAACGGCCCCGGCCGACCATGTCCTCCAGGTCGCAATTGGTCGCGGCCACGATGCGGGCGTCGGCGGGCAGGGACTTGGTGCCGCCCAGGGG
NZ_CP168306.1_gap62	2187790	2191594	3804	ACAGAAACATCCGCATCACGGTCAACGGCGAGCCCTTGATCAGCTCCGCTCCCGTATGGAACGTCTACAACGGCCTGGGCATCCTCCTTCCCTTCGTCAGAAAGGAGGACGCCCTGGAGGCCGCGCGGCGGGTCTGCCCGACCCTGACGCCGCAATTCTCCGAGGGCTGGTCGGTCCAATGAGTGCGGCCGGCGCGGCGTCCGCTCCCCAGCGCCTCCTCGGGACGCTTTTGCTCGCGGTCCTGCTGTCCGCGCTGCCGCCGTCCGCCTGGGCCCAGCCGGAGTTCCCCGTCTCGTGCGAAAACGTGACGGGAATACGGATCATGCGTTTTGAGGCTGAGCATTGGCAAAGTGGTCCAGGGATGCCGTCCGAAAACGGATACTTCTACTATTTCAACATGCGGCTCAATGAAGAGTCCACCGCGGCGCTCATCGCGCTCCGCAACGCCACGCCCCACGAAAACATCAGCTACAACGGCTGGACATGCAGCTACAGAAACATCCGCATCACGGTCAACGGCGAGCCCTTGATCAGCTCCGCTCCCGTATGGAACGTCTACAACGGCCTGGGCATCCTCCTTCCCTTCGTCAGAAAGGAGGACGCCCTGGAGGCCGCGCGGCGGGTCTGCCCGACCCTGACGCCGCAATTCTCCGAGGGCTGGTCGGTCCAATGAGCACGACCGGCGCGGCAAGCCACCCCAAAGCGCCGCCCCTTTCCGGTGCGGCGCGGGGATAAACGGCGTCCGGCCCCATCACCAGAAAAGCGGCCGCCCTTCCCCGCCTTTCCATAAACCGGCGAAGCCGGCCCCCTTCGGGGGGTCATGGAAAGGCAGGAGAGGGTCTGAGGTCTGTTTGAGAATGACGGGGGAAAGGCGCTGCATAAAAAAGCGGGCGGGGAGACTCCCCGCCTTTTCATTTGCCTTTCCATAAACCGACGAAGTCGGCGACGAAGCCGGTTTTTTGACTCAAGTCAAATCCTCGTTCCCGTTTTCCCATTATCATTTGTCTGAATCCAGAATCCGTGCTAATGGTGGGATGATTCCCCGTCCCCGAACCCAGGAGGAGCGATGCGGCGGTCCATCAAATCCCTGCTTCTCGTCGGACTCGGCGTGCTGCTGGCCTTTCCCGTCTTCAGCATGACCTACTACACCATGATCCGGACCTCGACCCCGGGGTTCTGCGCATCCTGCCACGAGATCGAGCCCGCGTTCAACGCCTGGACGACCTCCACCCACCGCAACAACGCCCAGGGACTGGTGGCCGACTGCATGGACTGCCACCTGCCCGCGCCCCACGACACCGTGGACTTCTTCTACAACAAGACCCTGCACGGCATGAAGGACGTGGCCGCCCACGTGCTCCACGGCCCAGAGGGCTACGACCGGGCCGAGAACCGGCTCAAGGCCTACGCCTCCATCAAGGACGACCAGTGCCTCAAGTGCCACCGCAACATCACGAACATCCCCAACAACCGGGGAGCCATGCTGGCCCACCGCGCGGCCCTCTATCCGCCCGAGGGCGAGAGCCGCAAGTGCACCGACTGCCACCGCAACCTCGTGCACGTGGACCGCGCCATCTACGCCTACAAGCAATACGCCCCGCCCTACCGGGCCACGGGCCTGACCACCCTGGGAGTTCCCGGCGCGCTGTGACCGCCGGACACGTTTTTCGGACGCCAAACGAGAGGAGGATGGAGATGAGGAGAATCCTGGCCCTGCTGCCGGCTCTCGGCCTGATGTTGGCTGTCGCCGCCCCGGCCCCGGCCCAGCAGAACTTCCCAAAACCCAAGGAATACCGCATCGAACGCGGCATGCCCAAGCAGGCCGAGGCCTGCATCCAGTGCCACCGCCAGGAGACCCCCGGGCTCTTCGCGGACTGGGCCATGAGCCGCCACGCCTCGGCCAACATCACCTGCCTGGACTGCCCCAGGCCCAGGAGACGGACAAGGACGTGAGCAAGAGCCACGCCCAGTACTACGACCGCAAGGAGCTGCCCTTCGGCTCCAAGGAGTTCTTCATCCCGGTGACGGCCGTGGTTTCGCCCAAGGACTGCTCCCGCTGCCACCCGGACGAGTCCTCCCAGTACGCCAAGTCCAAGCACGCCAACACCATCGAGATCATGTGGAAGATCGACCCCTGGCTGAACAAGGGCATGAACTCCGATGACGAGCGCAAGGCGGGCTGCTACGTCTGCCACGGCACCATCGTGGCCTTCAACGACAAGGGCGAACTCGATCCGGCCACTTGGCCCAACGTGGGCGTGGGCCGCCTCAATCCCGACGGCAGCCTGGGCTCCTGCACCTCCTGCCACACCCGCCACCGCTTCTCGGTCATGGAGGCCCGCAAGCCCGAGGCCTGCGGCCAGTGCCACCTCGGCCCGGACCACCCGCAGATCGAGATCTTCATGGAGTCCAAGCACGGCGACATCTACACGGCCTTCGGCGACACCTACAACTGGAACACGGCGGGCGGGGCCTGGACTCCGGGCACGGACTACCGCGCCCCCACCTGCGCGGCCTGCCACATGTCCGGCTCCGGCAAGGTCAAGGGCTCCCACGACGTGACCGAACGCCTGTCCTGGGAAACCCAGGCCCCGCTCACGGTCCGGCCCTCGGACTTCGCCGCCTTCCCGGCCAAGACCGACTGGAAGGCCGAGCGCGACAAGATGAAGGCCGTCTGTCTCCAATGCCACGCCAAGTCCTGGACCGACGGCCACTACACGGCCTTCGACAAGGTCGTGGAAACCTACAACGAGGTCTACTACAAGCCCGCCAAGGCCAAGATGGACGAGCTGGTCCAGAAGGGCCTGGTCAGCACGGAAAAGTACTTCGACGAGGAACTGGAGGTGGAGTTCTACGAGTTGTGGCACCATGAGGGCCGCCGCGCGCGCATGGGCGCCATGATGATGGCCCCGGACTACTCCTGGTGGCACGGCTTCTACGAGTGCAAGAAGCGCTTCAACAAGTTCATGGAGCTGGCCGACCACCTCATCCAGACCAACACCAAGGCCTACCGCTACCCGAACTATCCGGCGGCCACGGGGTCCACGGAAAAGCCCCCGCGGATCTTCAAGAAGTAATCCCCCTTCGGGGGTCCACGGAAAACCCAAAAGGCCGGGAAGAAATCCTTCCCGGCCTTTCGCCTTTCTGAAGCGGGGCGAAGCCCCCCCGGCTTCGCCGGACTACGGAAAACAGAAAGGCCGGAGAGGATCGCCTCTCCGGCCTTTTGTCTTTCTCAAGCGGGGCGAAGCCCCCCGGTCTTGCGCCTTTCCGAAACGAGGCGAAGCCTCACTTGCTGACGGGGTGGACGGAGTCCTGGACCCAATAGAGCACGTCGAAGTTCTCCTCCAGTTCGGCGCGGAGCTTCTTCAGGCTCGACTTGTCCATGTCGCGGATGCGGATGAACACGTGGCGCATGCCCTTCTCCGGCGGCTCGGAGGCGGTCAGCATGCTCATGAGCCTTGCGCCGTGGTCCTTGAGGAAGTCCAGCACGGGCACCAGGCCGCCCGGGGTGTTGGGCAGGTTGAAGCCGATCTGCACGCCGCCCTCGAGCACGCCGGTGATGGAGATGAGCACCTTGAACACGTCCGTGTCGGTGATGATGCCCACGAGCTTGCCGTTCTCGTCGGTCACGGGCATCCCGCCGAAGCCGTGCTCCATCATCAGGGCCGCGGCCTTCTCGATGGTGTCCTCGGGGGCCAGGCAGATCGGGTTCTTGGTCATGATGTTGCCGATCTTCAGCTCGGACAGCAGGTAATACAACTCGTGCATGTCCAGGGTGGTGGCCTTGGACGGCGAGGCTTCCTT
NZ_CP168306.1_gap63	2197191	2199615	2424	ATGTCGCGGTAGCGCAGTTCGGCCCCGCGCGCGGCCAGATGCTCGGCCTTGAGGGAGCGCACGGTCTCGTTGAAGGCCCGGGCCAGGCCGCCCAGTTCGCCGGGCAGGCGCTCGTCCACGTCGGCGTCCAGGTCGCCCGCCCCCAGGGCCGCGAACCCGTCCTGAAGCCTGCGGATGGGCCGCAGAAGCAACATGCGGAAAAAGAGCAGGACGAAGACCGAGGCCACGGCCATGAAGGCCAGGGGGATCAGAAGCATCGGCATGCCGAGTTCGTCCACCGCGCTTTCGATGACGTTCCGGCTGTGGGCCACGGCGGCCTGCAGTTCCTCCTCGGGCACGAACAGGCAGAGGCTCCAGCCCGTGACCGCGATGGGATGATGGAAGGCGCTCCAGTTCCGGTCGCCCAGAACCAGGGTCAGGGAACCGCCCACGCCCCGGCGCACCTCCCGGGCCAGTCTCCGCGACTCGGGATTCTCCGCCCCGCCCAGATTGAGCCGCGAACGCCCGTCGCCCGGCAGACCCAGCCGGACCAGATCGCTGGGCCGCGCGGCCAGAATTTCACCGTCCGGGGTCACGAGAAGGGAGAACTCGCCCTCGAAACGGGTGCGCGTCACCGCCGGACCCAGGGATACGGGGGGGTGGGGGCCGCCGAAGACGCGTTCGCCGACGGCCGCCAGGGACAGGTCCATCCCGGCCACGCCGAGAAACGCCCCGGAAACGGAATACGCGGGCACGGCCACGCTGACCACGGGTTCACCGCTGAGGCCGTCCTCGTAGACCGAGGTCCAGCGCGGGCCTCGGCCGGGATCGCTCTCCGGCGCGGCCAGGCGGAAGGCCGGGCGGGCCAGGAGGTCAAGGTCCGCCTCGGGCAGGGATTCCCGGCCTGGATTGGGCGCGCGGCGGATGTAGCCGGACGCGCCCGCGAACCAGGCGCTCCGGCAGAGCGGATCGTTGCGTTGCAGGCCGTCCAGGGTCGGCCCCAGGTGCGCCAGGGCCGCGATCTCGATGTCGGCGCGGGCGGAAATCGGCCCGGCCCGGCGCAGGGCCTGGGTCAGGGCCCGGGAGTCGTTGGCCAGCCAGCCCCCGGGCCCCGGGGTCGGGACTTCCCGGGACGGGGCTTCGGCGGCGTGCAGGTCGGCGTATTCCAGGAGAAAGGCGACCTGGGCCGCGGCGGTCCGCACCTGGGACTCGAAGGAGCGGAACAGGGCGTCGAGGTGCCCGGCCTGGTCCTGGACCGAGCGGGCCAGGAGCTGGGCGGCCTGGGTCCTGACGGAACGCTCGTTCTCCTGGGAGACGGCGGTCTCCATGCGCAGGAGACGCTGGCGCAGCACCACGCCGATGCAGACCATGGCCACGGCGAGGATGAGGACCAGGGCGAGGGAGAACGTCAGGCCCAGACGGCGGCGGATCCAGTTGCGCACCAAAACTCCCAGGTTTGACGGGACGCCCCGGGGATTGCTCCGGGACTCGCCTCTTGCCTTATCAAAATGGCGACCGCTTGCAAGGCCCGCCGAAACGGGATTCCGGGACGATTCCCGTCCCGGGCGCTTGACAGCCGAGGCCTGAACGATTTATGGGAAAACTGACATAATGATTGTCCCCCTCGCGCCGCCGGCCCCCCCTTCACTCCGGCGACGCTTTCCGAGACGGCGGGAGCCATGACTGGCGGTTCCCGCCGTTTCCGTTTTCCGCCCCGGACCATTGACAGGCTCGCCGAATTGGGGAAGATCGCCCCAGAACCATGAAAACCATACTCGTGTGCGGCGACCCCGCCGCCGACTATTCCGCCGTGGAGCGCTGCTACGAGGACGAATGCCGCGTGGAGCGCTTCGCGTCCAAGGCTCCGTTCCAGAAGGCCCTGGCCGGGCACCCGGACCTGGCCTTCATCGACGTGCGCTTCCTGGGCGAGGGCCCGGGCCGGGGTTCGGAACGCCACTACGAGCGCGACCTCACGGCCTTCGCGGAGCTGGCCCCGCAGACCCCGGTGTTCGTGCTCTGCCAGCCGGAGCTGACCCGCGAGGCGGTCAAGGCCGTGAAGGCCGGGGCGGCCAACTATCTCATCCTGCCCCTGGACGCGACCGAGATCGCCTACGTCACCGAAAGCCTGGAGGAACTGAACCAGCTCCAGCACGAGCTGGACTACCTGCGCGGGCGGTTCTGGAAAAAAGACCCCGACGACGTGACCCAGACCAACTCCCCGGTCATGCGCGAGGTCTTCCGCAAGCTCCGGCGGGTGGCCCCCACGCGGACCACGGTGCTGCTCACCGGCGAGACCGGCGTGGGCAAGGGCACCATGGCCCGGCTGGTGCACCTGCACTCCAACCGCGCGGCCAAGCCGTTCATCGCGGTGCATTGCGGGGCCATCCCGGAGACGCTCATCGAGAGCGAGCTGTTCGGTCATGAGAAGGGGGCCTTCACCGGAGC
NZ_CP168306.1_gap64	2230262	2235071	4809	ACAGCGTGCTGGACAACAGTCTGGTGGGCATCGCGGTCATGCGCGACCGGGTCATCACCCGGGTGAACTCCCGCATGGCCGACATGCTCGGCTACACGGCCCAGGAGCTGCTGGGCCGAAGCTCCCGCGTCATCCACATCTCGGACAAGCATTTCGAGGAGTTCGGCCAAGTCTACCACCGCCGCCTGGACCGCACCCAGTTCACCAACATCGAGTACCCGCTCATGCGCAAGGACGGCCGGGAAATCTGGTGCCGCCTGGCGGGCAAGGCCATCGACCGAAGCAACCTGAGCCGGGGCGTGGTCTGGTGCGTGGAGGACGTGACCGAGGAAAAGAAGGCCCAGCAGGCCCTGCGCCAATACGCCAAGGATCTCTTCCGCGCCAAGCAGCAGGTGGAGGAGAGCGCCAGAAGGCTGGCCGCCATCATCGGCGAACTGGACGAGAAGAACGAACGGCTGGAGATGGAGATCGCGGAACGCAAGCGCGTGGAGGAGGCCCTGCGGGAGTCCGAGCTGCGCTACCGCGAGCTCTCCATCCGCGACGAGCTGACCGGGCTGTTCAACGCCCGCCACTTCTTCGAGCTGGCCGAGGCCGAGATCCGGCGCACCACCCGTTACGGCCACCCCCTCTCGCTCATCTTCATCGACCTGGACGACTTTAAGAAATTCAACGACGCCCACGGCCATCTGGCCGGAGACAAGGTTCTGGCCGCCCTGGGCCGGGTGCTCTCATCCTCCATCCGCGACACGGACGCGGCTTTCCGTTACGGAGGCGAGGAGTTCATCATCCTTCTGCCGGAAACCCCGGGCAAGGAAGCCATGCTCCAGGCCGACCGGGTCCGCGAGGCCTTCCGGGGGATCACCTTCACCCCGGCGCAGGCCTGCCAGACCCTCTCCGTGGGCGTGGCCCAGTTCAAGGCCGGCGAAACCCTGCGGGAATTCATCCACCGCGCGGACCAGGCCATGTACCGGGCGAAGAGTTCAGGCAAGAACCAGTGCCGCCTGGCGGACTGACCTTTCGCTGTCTTTCGTTTTCCCTTGGAGAACAGCTTCGCGCACAGCGTCCAGGCCGATCCGCTCCACAAAGCGGGCCGTCCGCTCCTTCGCCTTCCCTTCCCGGGCATAGAACTCCAGCACCCGGCGCGCGAGCCCCAGGGACTCCGCGGCCGACAGCTTCCCTGCCAGCAGGTCGCCGACCCTCGGCTTCATGCCCGCGTTGCCGCCGAAATACAGGCTCCAGCCCGAGGAGCGGCCCACCAGCCCCAGGTCGCGCACCAGGCTCTCGGCGCAGGAGCGCGGGCAGGACGAGACCCCGGCCTTGACCTTGGCGGGCAGGACCATCTCCGCCAGCAGGGCCTCCAGCTCCAGCCCCAGGTCCGGACCGTCGGCCAGGGCGTGGGAGCATCCCGCCCGGCCCGGGCAGGCCTGGACATAGTGCGGGCAGTGGGCCTCGCCGCCGCCCAGGGCCGCGCGCACGGCCTCGTAGTCCCCGGGCCGAATGCCCGCCAAGAGCAGACGCTGCCCGGCCGTGGCCCGGACCACGGGAATGCCGAACTCCTCCACCACCCGGGCGATGCGGATCAGCCCCTCCGGCCCGATCTCACCCAAGGGAGCCCTGGGTTTGATGCTCGTCTTCTCCACGATCTCCTCCGACCCGGCTTCGCCGGGTTATAGAAAGGCGAAGAGAGTTCGCCTTTCCGCCTTTCTATAAATGGGGGCGAAGCCCCCCCGGCTTCGCCGGTTTCTCGAAAGACGAAGAGGGCTCACCTTTCTATAAATGGGGGCGAAGCCCCCCTGACAGGCGGACGCGAGGCGTATTTTCACGAGCCAGGCAGGGGCAAGGCGGGATCGGCCCGAAGGCCCCACACGACATTCACCGCGCCCCATCACCCCTGAATCGGGAGTGAACCGCCCCTTGCCTTGTCGTGAAAATACCCGAGGGCCCGCCCCCCATTTTCGCCGCCGCCTTCGGCGGTCTATAGAAATGCCAAGAGACTCTCGCCTCCCCGTCTTTCCGGAAACAGGGGCGAAGCCCCCCTCAATCAAATAGGGGGCGCGATGGTCACCAATACCCGCATGCGGGTGGCGGCGCGCAGGCCGTGGGGCGTGGCGATGGGGCTGACCAGGATGTCGCCGGTCTCGGCGGGCAGGGCTCCGTCCTTGGACAGGAACTCGCCCCGGCCCTCGAGCACGGCGATGACCAGTTCGCCCTCGATGTCGTGCGAATGCACGGGCAGCTCCTGGCCGGGCTCGAAGTTGAAGTTCACGACCTTCATGTAGGGCGACTCGTGGGCGAAGAGCGGCGAGAACCCCTTGTCCTTGAACCCGTTTTCCTTGAACAACTCGATCCTCTTCATGATCGTCCCTCCTTGGGGTTGTCAGGCGGCCAGGGGCTGGCGGCCGAGCACGCGGCCGTCCAGGCCGATCACGACCTTTTCCAGGGGCGCGGCGATCCCGGCCCGGCGCATGGCCGACAGCACGATGCGCGACAGGCCGGAGCAGCAGGGCACCTCCATTTCCAAAACCGTGACGGAACGCGGGACATTGGTCTGGAAGATGGCCGTGAACTTGTCCTCGTAGGCGGCCGCGTCGTCGAACTTGGGGCAGCCGAGCAGGAGCACGCGGCCGGGCAGGAAGTCGGCATGCAGCGAGGGATAGGCCGCGGGCGCGCAGTCGGCGGTGACGAGCAGGTCGGCGTCCTTGAGGAACGGCGCGTGCGGAGGCACGAGCCGGATCTGCACCGGCCAGTGCGAAAGGGCGCTGCCCCGTGGCCCGGCCTGGACGGCGGGCGCGGCCGCCATTGTCCGGGGCTGGTTGGCGGCCTGGCAGGGGGTCATGGAGACCACCCGCGATCCGGGGCAGCCGCCCGCCGGACGGGAGGCAGGCCGCTCCAGCCGCAATTCCTCGGGCCGGGGCATGTGCCCGGGCACGGGTCGTCCCTGTTCCGTGAGGTGAGCGGCCACGGCCTCTGGGTCGAAGTCCTCGGTCTCCACCTCGACCACGCGGAGCGCGCCGGTGGGGCACTCGCCCAGGCAGGCTCCCAGGCCGTCGCAGAACCGCTCGGCCACGAGCCGGGCCTTGCCGTCGATGATCCGCAGGGCCCCCTCGGCGCAGGACGGCACGCACTGGCCGCAGCCGTTGCAGAGGTCTTCGTCGATGCGGATGAGCTTGCGCTTCACTTTCATTGAGTTCTCCCGGGGGCTTTTCTCCGCCCCACGGTCAGGGAAATATCCCCGATCGCGCCGGGCCGCCTTGACCCCGGTCAAAAAAAGACGGTTTTCTAAGCGAGGCCTGATGGAAAAATGAAAATAACACCTTCCACCGGAGAATGATGTTATTCTTCAGCGCATGAGGGACAGCCGAACCTTGATCTTCCGGTTCATGCCGGACAGCCTGCGCGGCCGCATCCGGCTCTTTTCCCTTTTGCTCATCGCCCTGCCCGTGTTCACCTCGGCCCTGCTCTTCGGCGTGTTTCTCAAGGGCCGGGCCGAGGAACAGGAACGCTTCCACCTGGACGTGCTCCTGGAACAATACACGGCCGAGGCCGACGACTGGCTGGGCCGCTGCATGGCGGACGTGACCTTCCTGGCCGAAAGCGAGGAGGCCCGCGGCCTGGACATGGAGCGCCTGCGCGTCCTTTTGACCGGATTCTCCCGCACCCACCAGGGCTTCATCGCCCTGAGCTACGTCGACGCCCGGGGCTTCACGGTCCTGGACCCCTCCGGCGTCCCCACGGGCATGGACCTCTCCGACCGGAGCTACTTCCTGGCCGCGCGCCGGGGCGACGCCACGATCACGGACGTCATCACGAGCCGGGCCACGGGACTGCCCGTGCTGGTCTTCGCCGCGCCGGTGCGGGGGCCGGAGCGGGATTTCCGGGGTCTCATCCTGGGCGCGTCCAGCCCGGCGGCCCTGGACAAGATGGCCCGGCTGGCGGCCACCTCCGAGGGCCGGATCATCCGCATCCTGGACCGCAAGGGCGAACGGGTCACGGGGCGCTCCGGTCCCCTGGCCGGGTTCGTGGGGCCTCCCCTGGAGTCCCCGCTCCGCGAGCTGGTTTTCAGGAACGCCCCGCTGCCGCCCATGTATGCCGACCACGCGGGCCGGATCGTGGTGGGCCGTTCCAAAACCCTCAAGGACGGCCAATGGGTGGCCGTGGCCGAAACGCCCCTGAGCGTGGTCCACGCCGGAGTCTGGAACTTCCTGACCGTGGCCGTGCTGGCGGCGCTGGCGGTCATCACCCTGCTCACCCCGGCCCTGCTGCGGCTGACCCGCTCCGTCGAGGCGCCCCTGGAGGAGATGGCCCGCATGGCGCGCGCCATGGAGGAGGATCGGCCGGACATGGATTGCGCGCCGGGAGCCTTCCGCGAGGCCCCGGACGAAATACGAACCTTGTACGACGCCTTCGTCCACATGACCGGCAAGCTGCGGGACACCATCTCGCAACTGGCCGTGTGCGCGATCACGGACCCGCTCACCGCCCTGGCCAACCGGCGTTCGCTCATGGACGAGGGCCGACGCCTGGCCGGGGTCTGCCGCCGCTCGGGCATCCCCTTCTCCGTGCTCATGATCGACCTGGACGGCTTCAAGCAGATCAACGACACGCTGGGGCACCAGGCCGGGGACGAGGTGCTGCGGCACGTGGCCGACCAATTGCGCGCATCCGCCCGGAGCACGGACTTCGTGGCCCGCTACGGCGGGGAGGAATTCGTGGTTTTGGCCCCCGGCGCCGACGCGGCCCAGGCCCTGAGCCTGGCCGAACGTCTGCGCGCGGCCGTGGAGTCCGAAGCCTGCCCCCTGGATATCCAGA
NZ_CP168306.1_gap65	2255384	2259435	4051	TTCGTGGCCCAGTACACCGGCGCCGGACAACCCCGGCGCGTGGGCGCGGCTCTCTGGCAGGGCCTCTGGTTTTGTCTGCCCGCGTCGCTGATCCTGGCCTCGCTGACCTTCGCGGCCGAACCCCTGTTCGCCCTGGCCGGGCACCCTCCCGAGGTCCAGGCCCAGGAGGCGACCTATTTCTCCATTCTCTGCCTGGGATCGGGCTTCGCCGTGACCGGCATGTGCCTCTCGAGCTTCTTCTCCGGCCGGGGCCTGACCATGCCGGTGATGGTCGTGCACGTGATCGGGGCGCTGCTGAACATCCCCCTGGACTACGCCCTGATCTACGGCCGCTTCGGCCTGCCGGAGATGGGCATCGCCGGGGCCGCCCTGGCCACCTGCTTCGCCTGGTTCCTGAGCGCCCTGCTCCTGGCCCTGCTCGTCTTCCGCCGGGACAACGAACGGAACTTCGGGGTGCGCTCGTCCTGGCGCTTCGACAAGGCCCTGTTCCTGCGCTTCATGCGCTTCGGCCTGCCCTCCGGGGTGCAGTTCCTCATGGACATCCTGGGCTTCACCCTGTTTCTCTTCATCATCGGCAGCCTGGGGGCTGAAAGCCTGGCCGCCACGAACATCGTCTTTTCGCTGAACGCCCTGGTCTTCCTGCCCATGGTCGGCTTCTCTGTCGCCGCCAGCATCCTGGTGGGCCAGGCCATGGGCGCGGGCGACCCGGACCGGGCGGCCTACGCCAACACGAGCACCCTCTATCTCTGCGTGACCTACACCCTGATCCTGGACGCGGCCTTCGTCTTCTTCCCCCGCGAACTCCTGAGCCTGTTCCGGCCCCAGGATCTGAGCCCGGAACACTTCGAGGCCGTGCGCGAGACCGGCGTGGTGCTCCTGCGGCTGGTGGCCGTGTACTGCCTCTTCGACTCCGTGGGCATCATCCAGTACGGCTCCCTGCGCGGCGCGGGCGACACCCGCTTCATCATGCTGACCATCCTGGGCTGCTCGGCCCTGATCCTCGTGCTGCCCACCTGGCTCATGGTCCGCGTCCTGGGCTGGGGACTCTACCCAGCCTGGGCCTGTGTCCTGATCTACATCGCGGTCCTGGCCGTGATCATGCGCATCCGCTTCCTGCGCGGGGCCTGGCGGAAGATCCGGGTCATCGAACCGACCGGGCCGGCCCCGGCGGACGGCGTTTCTCCGTGATGATGATCTGACGAAGATGATCACGGGCTTGCGCTCACGGCCAGGATTCCTTATTCTGCGCGAGGGCTTCCGAACCTTTTCCCGGAGGAGCGCATGGACTGGCTTTCCGTGGCCGACATCGCGAGACTGACGCGCATACCCGCGCCCACCGCCCGCCGCTACGCCTCGCTGTTCCGGGAGTTTCTGCCCCACCGCAAGACCGGCCGGGTCACCCGCTACGCCCCCGAGGCGGCGGGCGTGTTCGAGCGCATCGCCGCGCTCTACCAGGACGGCCGCGTGACCACCGAGATCGAGGAGATCCTGCGCGGCGAGTTCTCGCGGACCATCGACGTGGACGCCGCCCCGGCGTCGGCTCCGGCCGCGGACGTCCGCGCCGTCTCCCCGGCCCTGGCCGAAATGGTGGAAAAATTCGGGCAAAGCCTGCAGCTTCTGGCCGATCAGAAGGAGATCATCGCCTGCCTGCGCGAGGACGTGCGCAAGCTCAAGGCGGGATTCGTGCTCCTGGCCCGGGAACGGAAGAAGCTCAAGGCGCTGCCCCAGGGCGGCGACGAAGAACTCCGCCGGGCCTTGGACGCGGGCCACAAATCCCTGGCGCGCAAGGACGCCGAGATCGAGGAGCTGGCCCTGGGCCTGTCCTTCGACACCTCGGACCTGAAGATCAAGATGCAGACCCTGGAACAGGAACTGGTGCGCCTGCGCAAGGACCGCCGCGACATGGAACGCCACCTCCTGGACAAGATCGACCGCCTCAAGCCCTCCTGATCGCCGCCGTCCCGCCGGGCCTTTCCGGCCCTGCGGCGTTGATGTTTCACGCTTCCTGGGCTATAGACCGGCTCAAGCAGCACACATCGGCTCTCTCCAGCGAGTCCAACTCCCACTCAGGAGGAACGCATGTCCCACTCTTTGAAACTCCTCGTCGTGGCCGTCGCCCTGGCCTCCATGACCGCCTGCTCCTCGCTCTCCAACTCCAGTTCCACGGATCCGGCCGAAACCGGCGCGACCACCTCCAGCCAGGCGTCCACACCCGAAGTCCACACCGAGACTTACGAGAATTCCAGCTACTACTATGACTTCAGCGACATCCTCGTGCCCCGGGAGCTGGAATTCCAGGCCGCCGAGAGCTACGTCTTCGACACCCGCTCCTTCCGCTCCGGGGTGATGATCTTCACCGGCCGCGTGGTCAACGCCGACCTGATCAACTTCTTCATCAACAACATGGCCAAGGACGGCTGGACCCTGGTGACCTCCCTGAAGGCCGACAAGTCCATCCTCATCTTCGAGAAGTTCAACAAGAGCGCCTCCATCCAGATCATGGACGGCTTCAAGTCCAAGGTGACCATCGTGGCCGTGGAGGCCAAGGGCGGCCCGGGCACCACCATGCAGCAGCCCAGCGGACAGAACTCGCTCTCCTCCTCCAAACCGGCCGGGGCCAGCTCCGGCAGCTCCCGCGCCATCCGGGAAAAGGAACTGCAATAGTGGAACACCCGCTGCTCTTCTCCGGTTTCCTGGGCTCCCGGGTCCACATCGGGGTCACGGGCAGCGTCGCCGCCTACAAGGCCCTGGACATCCTGCGCGGATTGCTCCGCGCGGGATGTTCCGTTTCCGCCACCCTGACGCGGGCCGCCGAGCGCTTCGTCACCCCCCTGTCCTTCCAAGCCCTGGGCGCGGACCCGGTCTACGGCGAGATGTTCGCCGGGGCAGAGACCGTCGATCCGTTCGGACACCTCGCGCCCTCCCACGCGGCCAAGGTTCTGCTCATCGCCCCGGCCACAGCCGACATCCTGGCCAAGCTGGCCTGCGGCTTGGCCGACGACATGCTCTCCTGCCAGGCCCTGGCCTTCCGGGGCCCGCTGGTCCTGGCCCCGGCCATGAATCCGGCCATGTGGGCCGCCCCGGCGACCCGCGAGAACTGGGCGAAACTCCTGGAGCGCGGCGCCCTGGGCGTGGAGCCCGGCCAGGGACTGGCGGCCTGCGGCGACGAAGGCCAGGGCAAACTGGCCGATCCGGCTGAGATTCTGGCCGCCGCGCTGCGGGCTCTCTCGCCCGCCGACATGGCTGGCAAACGCGTGCTCGTCAGCCTGGGCCCCACCCGCGAGGCCTGGGACGCGGTGCGTTTCTGGACCAACGCCTCCTCCGGGCTCATGGGCGCGGCCCTGGCCACGGCGGCCTGGCTGCGCGGGGCCGAGGTCACGGTGGTGGCCGGGCCCGTGAATCAGCCACTGCCCCTGGGCATCCGACGCGTGGACGTGAACACGGCCCTGGAGATGCATGCGGCCTGCATGGACCTCTGGCCCGACATGGATCTGGCCTGCATGACCGCAGCTGTGGCCGACTTCCGGCCCGAGCCCTACGGGGACCAGAAATTCAAGAAGGACAAGGCGGGCGACGGGCTGACCGTGCGCTTCCTGCCCAACCCGGACATCCTGCGCGACCTGGGCGCGAACAAGCGCGAGGGGCAGATTCTCGTGGGCTTCGCGGCCGAAACCTCGGACCTGGGCCCCCAGGCGGCCAAGAAGCTCAAGGCCAAGAACCTGGACCTCATCGTGGCCAACCGCGTGGACCGGGCCGACAGCGGCTTCGCCTCACCCACCAACGCGGTCTGCGTCCTGGACCGGCGAGGCCGTCTGGAGCAGTGGCCCGCCCTGCCCAAAACCGAAGTGGCCTGGCGGATATGGGATCTCCTTCCGCAACTCTGAACCTGCCTCCGCACCTGCTCCCCTGGTATCAGGCCGGAGTAAGGTATTTCCTGGGTTGCAAGGCAGTCGCCGCGCCCGAGGCGCGGCCTTCCGCCGAGGCCGTTCCACAAGCCGTCTCCAACGATCCGCAAGTGTGCTGGCCCGCGCCCTGGGACCGCTGCTGGGCC
NZ_CP168306.1_gap66	2260991	2262883	1892	TGGCCCTGGCCGTGGCCCTGGTGGTGCGCGCCCAACGCTCCCGCACGAGCCTGGGCGGGCAGGCCATGCTCGGCCTGGAGGCCGAGGTTCTGGATTGGCGAGGGAGTCGCGGCCAGGTGCGCACGCGCGGCGAGATCTGGTCCGCGCGTTCGGACGATCCGCTCCGGCCCGGCGACCGGGTGATGATCGTCGGCATCGACGGCCTGACGCTCGTGGTGCGCCACGGCGATCCCGAAACCGGACCCCAGTCTTCGTGAATCAACCCTTGGAGGACGGCATGTATACGTTTCTGCCTCTGCTGGCCATCGCTCTCGTCCTGGTCTTCGCCTCCCTGCGCGTGCTCAACGAATATGAGCGCGGCGTGATCTTCCGCCTCGGCCGGGTGATCCGGGCCAAGGGGCCGGGCATCATCCTGCTCATTCCCTGGATCGACCGCATGGTGCGCGTTTCGCTGCGGGTGGTGACCATGGACGTGCCCAATCAGGACGTGATCACCAGGGACAACGTGAGCATGAAGGTCAACGCGGTGGTCTACTTCCGCATCGTGGACCCGGTGAAGGCGGTCGTGGAGGTGGAGGACTACATTCTGGCCACATCGCAGCTTGCGCAGACCACCCTCCGCAGTGTATGTGGCGGCGTCGAGATGGACGAACTGCTGTCGCATCGCGACAAGGTCAACTCCCAGCTCCAGGCGATCCTGGATCAGCATACCGATCCCTGGGGCGTGAAGGTGACCACGGTGGAGGTCAAGTACATCGACCTGCCCCAGGAAATGCAGCGGGCCATGGCCAAGCAGGCCGAGGCCGAGCGCGAGCGGCGGGCCAAGGTCATCAACGCCGAGGGCGAGTTCCAGGCGGCCGCGCGGCTGACCGAGGCCGCCGCGATCATCGGCAAGCATCCCGAGGCCATCCAGCTGCGCTATCTCCAGACCATGCGGGAGATCGCGGCCGAGAGCAAGGCGTCCACGCTCATCCCCGTGCCCGTGGATCTGCTGAGATTGTTGAGTTCACCCGCGCCCGCGGGCAACGATCAGACGAAAGAGGAGAAGGAATGAAGATTCTCGTCACCGGAGCGGCCGGCTTCATCGGCTTCCATCTGAGCCGCCGCTTCCTTGAGATGGGCCACGAGGTGGTCGGTCTGGACTGCATCAACGACTACTACGATCCGGCCATCAAGCACGCCCGCCTGGACATCCTCAAGCGCCTCCCGGGCTTCACCTTCGCCCGGCTGGATCTGGCCGACGCAGCGGGCGTGGCCGGACTGTTCCAGGCCCACCGCTTCACCCACGTGGTCAACCTGGCGGCCCAGGCCGGGGTGCGTTACAGCCTCCAGCACCCCCGCGCCTACATCGACTCGAATATCGTGGGTTTCCTGAACATCCTGGAGGGCTGCCGCCACAACAAGGTCGAGCATCTGGTCTTCGCCTCCAGCAGTTCGGTGTACGGCCTGAACACGCACATGCCCCTGTCCCCGCACCGGGGCGTGGACCATCCCATCAGCCTGTACGCGGCCTCCAAGAAGTCCAACGAGATGATGGCCCACTCCTACGCCCACCTCTTCCGGCTGCCCTGCACGGGCTTGCGCTTCTTCACCGTGTACGGGCCCTGGGGACGGCCGGACATGGCCCTGTTCCTGTTCACCAAGGCCATCTTGGCGGGCGAGCCCATCAACGTCTTCAATCACGGCAAGATGCGCCGGGACTTCACCTACATCGACGACATCATCGAGGGCGTGGTGCGCGTGACCATGCGCACGGCCGCGCCCAACCCGGACTGGGACCCCATGAACCCGGACCCGGCCACCAGTTCCGCGCCCTACCGCATCTACAACATCGGCAACAATCACAGCGAGGAGCTCTCGCGCTACATCGAGGTGCTTGAGCAGCAGTTGGG
NZ_CP168306.1_gap67	2273287	2274814	1527	GGCGAGTTCGGCCGCTCCCTCGTGCGCCTGGCTTGGCGCGGCGACCTGGCCGCCCTGTTCCAGCGCCTGGGCCACATGCCCCTGCCGCCCTACATCCACCGGCCCGACACCCCCGAGGACCAGGAACGCTACCAGACCACCTACGCCGATCCGGGCAAGGCCGGGTCCGTGGCCGCGCCCACGGCGGGCCTGCACTTCACTCCCGAACTGCGCCGGACGCTCACGGAACGCGGCCTGTCCTGGGCCGAGGTCACGCTCTACGTGGGCTACGGCACCTTCTCGCCGGTGCGTTGCCGGGACATCCGCGAGCACACCATGCACGAGGAGTGGATCGAGGTGCCGTCCGCCACGGCCGAGGCCGTGAACCGGGCCAAGGCCGAGGGCCGCCCCGTGGTGGCCGTGGGCACCACCAGCGCCCGCTCCCTGGAGGGCATGCACGCCGCCCTGGGCCGCGTGGGAGCCTATACCGGCCCCACGGACCTCTTCCTCTACCCCGGCCGCGAATTCCATGTCCTGGATATGCTCCTGACCAATTTCCATTTGCCAGAATCATCGCTCCTGATTATGGTTTCGGCCCTAGCAGGCCGGGAAAGAATCCTGGAAGCCTACCGCAACGCCCTGTCCTCCGGCTTCCGCTTCTTCTCCTACGGCGACGCCATGCTCATACGCTGACAATCGCGGGGAAGCCCGGACGAAGCCTGATCCCAGGCCCTTTTCCGGCGTCCCCGCCCAGGAGGTCTGCATGTCGCGGATAGAGGTCGACGAAGCCCTGTGCAAGGGCTGTCTGTTGTGCACCACGGTCTGTCCCGTGGGCATCATCGTGCAATCGTCGCGGTTCAACCAGCAGGGGTACAAGGTGGCCGAGGTTCCCGAGGCCGACCGTGGAAAGTGCACCGGCTGCGCGTCCTGCGCCACGATCTGCCCGGACCTGGCCATCACGGTCTGGCGGAGCAGGAAACCGGCCAAGGCCAAGGGAGGCGCGTGATGGCCAAGAACGAACGCAAGTTCCTCAAGGGCAACGAGGCCGTGGCCCACGGCGCGTTGGCCGCCGGGTGCCGCTGCTTCTTCGGCTACCCCATCACCCCCCAGAACGACATTCCCGAGTTCATGTCCAAGGCCATCGTGGACGCTGGCGGCGAGTTCGTCCAGGCCGAGAGCGAGGTGGCCGCGGCCAACATGCTTCTCGGCGCGGGCGCGTGCGGCATCCGGGCCATGACCTCCTCGTCCAGCCCGGGCGTCTCGCTCAAGCAGGAGGCCATCTCCTACATGGCGGGCAGCGACATCCCGGCGGTCATCGTGAACATGAGCCGGGGCGGCCCGGGCCTGGGCGACATCGGCCCCAGCCAGGGCGACTACTACCAGTCCACGCGCGGCGGCGGCCACGGCGACTACCGCACCCTGGTCCTGGCCCCCGGCACGGTCCAGGAGGCCTTCGACCTGACCATGCTGGCCTTCGACCTGGCCTTCAAATACCGCAACCCCGTGCTCGTCCTGGGCGACGCCATCGTCGGCCAGATGAAGGAGCCC
NZ_CP168306.1_gap68	2301233	2303488	2255	GGCCGAAAATGTCGTCGGCCTTGGCGGTCTCGCCCTTGGCCATGTAGGTCAGGCCCAGGCCGAAGTTGGCCCGCACGTTCTCCACGTCCACCTTGAGCACGTTGCCGAACTCGAACTCCGCGCTGTAGAGCGCGCCGCGCTCGCGCTGCTCCTCGGCGCGGCGGATGGTTCGGGAAAGCTCCTGCATCTTGGGATAGACGATCTTGGTGTAGAACTCGAGCTCGGGCTGGTACTTGTCCAGGAAGTCGGCCTTGGGCACCTCGGTCTTGGGACCGGAGGGCACGTGCTGGGTGTTCAGGGGCTGGACCTCCACCACCCCGTCGTCGCGCTCCTCGGCGTACCAGTACATCTTGCTGATGGTCTTGCGGGTGGTGGTCCCGGTGCCGATCTTCTCCACCACTTGGGAGGAGAAGAGGCCCTTGATCTTCTGGCGCATGTGCTCCGTCGGGTCCGCCTGGGCCTTCCGCGCCTGGCCCTCGGGCCCGGCGGCCTCGAAGGGCTGCTGGTCCCGGGCCACCTTGTTCGCCTCGCTCATGTCGCTCCCTCCACACTGGCAACCCTGTTACACTGCTGACAAAACCTTGGCAACTCCGCGCCGCCGTGCTATGAGTGCGGGCACTCGCTTCCGGGGGAGGCCCCGGGAACGATGACATCGCTTTCCGTTTCGGATAGACCACGGTTTTCCGTTCCCGACAGACCGCCCACAAGGGGCCCATCCGCCATCTGGAGGTACGTTTCGCATGGAACGCAAGATCGGCGCGCGTATCCGCGCATTCCGCGAGAAGAAGGAACTGTCCCTGGCCGACCTGGCCGAACGCACCGGCCTGGACCCGGCCTTTCTCACCGCCGTGGAGGAGGAGGACCGCTACCCCTCCCTCGGGCCGCTGCTGAAGATCGCCCGCGCCCTGGGACTGCGCCTGGGCACCTTCCTGGACGACCAGGTGAGCCGCGACCCCCTGGTGGTCCGCCGGGGCGAGCGCCGCGAGGAACTGACCATGCACCAGTCCCGCGACGGCAAGCCGGGACTGCGCTTCCACCCTCTGGGCAAGGGCAAGACCGACCGCCACATGGAGCCCTTCTTCATCGAGCTGCCGCCCGAGGACGAGTCCGAGCACAAGCTCTCCTCCCACGAAGGCGAGGAATTCATCGTCTGCGTCAAGGGCCGCGTGGCCGTGACCTACGGCCCGGAGAAGGTCGTGCTCGAACAGGGCGACAGCATCTACTACAACTCCGTGGTGCCCCACTGCGTGGCCTGCGAGGGTGACGAGCCCGCCGCGATCTACGCCGTGCTCTATTTCCCGGAATAACCCGAGGAGCGGCGGATGACCGAACCATTGCTGCGCGAGCGCACCCTGGGCCAGATCCTGGACGAGACGGTGGAGAAGTGGCCCGACCAGGAGGCCGTGGTCTACGTGGACCGCGAATACCGCCAGACCTGGCGCGAGTTCTCCGAGGTGGTGGACCGCCTGGCCAAGGGCCTCATGGCCCTGGGCGTGAAGAAGGGCGAGAAGGTCGGGATCTGGGCCACCAACGTGCCCTACTGGGTGGCCCTGCAGTTCGCCACGGCCAAGATCGGCGCGGTGCTGCTCACGGTGAACACCTACTACCGGTCCCATGAGCTGTCCTACCTGCTCAAGCAATCGGACTGCGAGAACCTCTTTCTCATCGACGGCTTCCGCGACGTGGACTACCTGGGCACGCTCTACGAGCTGGCCCCGGAGCTGCGGAATCAGGAGCGCGGACACCTGAAGGCCGCCAACTACCCGCACCTCAAGCGCATCCTCTTTCTCGGCCTGGAGAAGCACCGGGGCATGTACTCCATCCCGGAGATCATGGCCCTGGCGGCCATGACCACGGACGAGGAGTACAAGGCCCGCCAAGCCGAACTCTCGCCCCACGACGTGGTGAACATGCAGTACACCTCGGGCACCACCGGCTTCCCAAAGGGCGTGCAGCTGACCCACTACAACATCGGCAACAACGGCTTCTGGATCGGCGAACACCAGAAGTTCACCCACAAGGACCGGCTCTGCCTGCCCGTGCCGCTGTTCCACTGCTTCGGCTGCGTGCTGGGCGTCATGGCCGCCGTGACCCACGGCGTGACCATGGTCCTCCTGGAGGGCTTCGACCCCCTGCTGGTCATGGCCTCCGTGGACCAGGAGCGCTGCACCGCGGTCTACGGCGTGCCGACCATGTTCATCTCCATGCTCGAGCACAAGCTCTTCAAGCGTTTCGACTTCTCCAGCCTGCGCACC
NZ_CP168306.1_gap69	2501582	2503668	2086	GTGGTGCAACGAGCATCCCGAGCTGACCGCCAAGTTCCTGCGCGTGTACTTCCGCGCCTCCAAGGCCATGCGCGTCGCGGCCAACGCGGACGAGATCGTCAAGGCCTACCAGAAGTTCATGAGTGACTTCTGCGGCACCAAGATGAGCGTCACGGACGCCAAGAACGACTTGGCCGTGCACCCGCGCTGGACTCTGGACGAGGCCCTCAAGCTGAACAGCGGCTCGAATTCCTCCGACATGGCCAAGTGGCAGGTCGAGGCCGCCACGTTCTTCACCAAGATGGGCCGTTTCTCTCCGGCCGAACTGGAGAAGTTCAAGAAGGCCGACCTGGTCACCGACAAGTTCCTGAAGATCGCCGCGGAGAAGCCCCTGCAGTAGGCTGAGCGGACCCGATATCCTCCCGATCCGATCCCCCGCCGCCCGGCGTCGCGCATCCCCGCGCGACGCCGGGCACCCTTTTTCTCCTTCCGTGTCGCCGCTTCGCGAAGAGTATTCGCCGCCCGCTGTATCGGGAAGCCGGAAAACCGCCGCTTCGCGGCATCTTCGGCGCGATCTTGGAGATGCCGGATTACCGCCTTCCAGGCGGCGCGGGTGCTGTTCGGTTTCAAGGCGATGGCGCGACGGATGCGGTCGGCGTCGTTGAAGCAGACCAGCCCGATGACTCCGTACAGGGTGTCGCCGTCCACGATGGGGGTGGCGAGGGAGCAGCCTTCCATGCAGTTCCCCCGGTCCGGGCAGCGGGCGCAGATGGCGTGTCGGCGCGGGGAATCCTCGAGGATGGTCTCGTGCGTCCGCATGGCCTCCTTGTAGATCTCTCCAGCCTGCTCCATGCTGTTGCCCACGCCGGGCGCATGCATGCCCGTGCCCGCGATGCGCACCATGTCGTTGTCCATGATCTCCACGTCGATGCACGTGACGTGGGAGATGACGTCGGCGTGGGATTGGACATAGACCTGCATGTCGGCCAGGCCGGCTGTTTTTCTGGTGATGGCGGTCACCTCCATCGGATGGGCGTGTCGGCGGTGGAAATCCAGTGAAGCCGGGTGGTTCCCGCGCCGTCGCCGGGACGTCCGCAAGGCCGGAGACGTCTCTCGCCCCGCCGGACACGGTGCCTTCCATGCTTCGCCCGGCCTCCGGCCGCCCAGACTCGAATGCGGCGGCCCTCGGCGCGCGGCGCAAGGCCGAAAAAAGCCCCCGCGAATGGGCTCCCTCATCCCGCGCATACCAAGGGTGGCATATCCCCGGGGCTCACCCTGCGGCGCCGGTTTTTTTGCGGCGCCGGCCTTCCGCGTCGGCAGCCTTGATGGCGGCGCGGATCAGATCGGGAGAGACTTCCACGGGCTCGTTGTGGATGCTTTCCCCGGGTGCGCAGGCCTTTTCAGCAACGCGCGCCAATTCGTGCTCCGTGATTCCGTCGAGTCCCAGATCGGCAAGCGTGGTCGGCAATCCGAGTTCCCCGCACACCGTGTAGACTTCATCCACGAGCATCAGCGGCTTGTCGGTCAGGAACAGGGAGGCGAGGACGCCGAAGGCGACCTTTTCCCCGTGGTTCAGCCGATGGGTGGCGGGCAGGGCGGTCAGGCCGTTGTGCATCGCATGAGCCGCTCCCAACCCTCCGCTTTCAAACCCCAGGCCGCTCAGAAGCGTATTGGCCTCCACGACACGCTCGAGCGCCGGGGTGACCACACCGGCTTCGCAGGCCGTGCGCGCGGCCAAGCCCCAGTCCCGAACGGTCTCGTAGCATGAGCGGGCCAGGGTCAGCGCGGTCATGGAGCAGACGCCGCCGGCGATGGTCGTCGCGCGGCTGATGCGGCAGGAGTCAGCCTCGAACCACGTCGCCAGGGCGTCTCCCATGCCCGCGACAAGATACCTGGCCGGGGCCTTCGCTATGAGTTCGGTATCCACGAGAACCAGGTCGGGATTGCGGGAGAGCGTTTCCACCCGTTCGAATTCGCCTTGGGGGGAATAGATGATGCTGACCGAACTGCACGGCGCATCCGTTGAGGCGATGGTCGGAACCAGGGCGACGGGGAGATCGAGCCCTGCCGCCACCATTTTCGCGGCGTCCAGGGTTTTCCCGCCACC
NZ_CP168306.1_gap70	2521493	2522048	555	TGAGGCCCTCGGATTCGAGGTCCAGGAGCAGGAGTTCGGCCTCCTGGCCGATGACCGCCAGGGGGGTGTTGATCTCGTGGGCGATGCCCGAGGAGAGCTGGCCCACGGCGGCCATCTTCTGGGATTGCAGCAGCTCCTCGCCCAGACGGCATTCCTCCTGGCGGGAGCGCACGGTCTTGTCCGCCAGCCAGGATACGGCCCAGTATACGGCTCCGGCCGTGGCCAGGCCCAGGGCCAGCCGGCCCCATTCGGGCAGAAAGCGGGCCGCGAAGGCCGAGGTGAACACCAGCAGCGCCGGGCCCAGCCGCAGGAGCTTGCGTCCTTGCTCCGAATGCAGCAGGGGTTCCATGCCCTATTCCTGCCGCTTTTCGTTCAGGGCCTTGCGCTCGCGGGCCTTGTTGATGCGCACGAGCAGGTCCTCGATGTTGAAGGGCTTCATGATGAAGTCGTAGGCTCCGTGCCCCATGCCCTGGAGCCCGGCCTCCACGGAGCCGTGGCCGGTGAGCATGATGACCTCCACCAGGGGGTGGCGCTTCTTGATTTCCTTGAGGGTCT
NZ_CP168306.1_gap71	2528212	2528866	654	GCAGACGCCAGTGCTCCAACAGGGCCGCGCCCACCTCGTCGTGGCTGACGCCGAGCACGGCCTCCTCCGCTTCTTCGAAGCTCAGGCCCCGGCGCGTGACGATGTCCAGGATGGGTGCGGCGTCCACCTCCAGAAAGGTGCCGAGCACGATCTTGCCGATGTTGGACAGGAGCGCCGCGGTGAAGGTGTGGTCCGGCGCGGTCAGGCCCAGTTCGCGGGCCACGGTCCGCGCGGCCACGGCGGTGACCACCGAATGTTCCAGGAGCATGCCTCGGGGCAGGCCGTAGCCCTTGATCTCGGCGCGCATGCAGGGGACCACGCCGCAGGCGATGAGCAATTGGAAGACCTGTCCCGCGCCGAGCCGGACCACGGCCTCGCGCAGGGAGGTGATGGTCCGCAGGCCGCCGAAATAGGAGGAGTTGACCAGCCGCAGGACGTTGGCGGTCAGGCCGGGGTCGTACTCGATGATCCGGGCCAGTTCGCCCATGTCCGCGTCCGCGTCCGCGAGCAGATCGATGGCCTGCCGGATGGCCGATGGCAGGGCCTCCACGGTCTTGACGCGGGCCAGGATTTCCTCGCGTCGGCTCATAGGTCGTGCTCCTTGCCGAAGGTCTTGACCGACACCCTGCCGGTGTCCGTGAACAGGGTCAAGCC
NZ_CP168306.1_gap72	2530247	2533714	3467	GGGCTCGGGCCGCGCCGTGCTCGGCGAGGTCCGTTACACCAGCAGCGACGACTACACCCGCGTCATCCTGGACGTTTCCGGGGAGGTCAAGTACCGCTACCAGCTCCTGCCCCCGGCCCCGGAGGTGAACCGCCCCCACCGGCTCTATGTGGACTTGGCCGAAACCACCGTGGGCAAGGGTGTGCCGCCGCAGGTCAAGGTTTCCGACGGCATCCTGCGCAACATCCGCAGCGGCCAGAAGGATCCGGACACCACCCGGGTGGTCATCGATTTCCAGGAACTTCAGGATTACAAGGTCTTTCCCCTTTCCGACCCCTACCGTCTGGTGATCGACGTCTACGCCTCGGCCAAGGAAGAGAAGCCCGCCCGCGCGGTGCTCAAGCCCGAGCCCGAGGACGAGCCCGCGCCCGCTCCGGCGAAGAAGTCCCGCAAGGGCAGTCCGATCAAGCCGCTCAAGCTCAAGGGCAGCAAGAGCATGGCCAACAACCTGATCGAGCAGCTGGGCCTGACCATCGACACGATCATGATCGATCCGGGCCACGGCGGCCGGGATGGCGGCGCGGCCGCCAACGGTCTGCGCGAGAAGGACGTCAATCTCCAGTTCGCCAAGATCCTGGGCCGCAAGCTCAAGGACCAGGGCTTCAACGTTCTCTACACGCGCACCACGGACATCTTCATCCCCCTGGAGAAGCGCACGGCCATGGCCAACGCCCGCAAGGCCGACATCTTCATCTCCATCCACTGCAACGCCAACACCGACAGCCGGGTCAGCGGCCTGGAGACCTACACCCTGAACTTGGCCCGCACCGAGGACGCCGTGCGCGTGGCCGCCCGTGAGAACGCGGTGGACGCCAAGCGCATCAGCGACCTGCAGTTCATCCTCACCGACCTCATGCTCAACTCCAAGATGAAGGAGAGCACGGATCTGGCCAAGGGCGTGCAGCGCGAGGTGGTCAAGTCCGTACGCGCCAACTGGAGCCTGCGCGACCACGGCGTGCGCGAGGCTCCATTCTACGTGCTCATGGGCGCGAAGATGCCCGCCGTGCTCGTGGAACTGGGCTACGTCACCAACAAGGCCGAGGCCTCCCGCCTCAAGTCCGACTACTACCTGAAGTACCTCGCCGACGGCATCGTCGAAGGCGTCCTGGCCTACAAGCATCAGATCGAACGCTACGCCATGCGCGAGTTCTAGCGCGACGGAGGCCTCCCCTATGGACTTCGGATTGGCTCTGGGCGCTGGCGGCGCCCGCGGGCTGGCCCACGCCGGTCTTCTGCGCGGCCTGCTGCGGGCCGGGGTGCGGCCGCGCCGCGTGGCCGGCTCGAGCATCGGGGCCCTTGTAGGCGCGGTGTTCTGCGGAGGCGACCTGGAGGGTTTCTGCCGCTGGGCTGCGGATCTCTCCCGGCTGGAGGCCCTGCGCCTGGCCGATCCGGTCTTTCCCCGCGCCGGGCTTCTGGAGGGCGGGCGGCTCATGGAGACTCTGGGCGAGTTTCTGCGCGTCCGGCGGCTGGAGGACTGTTCGCCTCCGTTGGCCGTGGTGGCCGTGCGGGCCCGCGACGGCGAACCCCTGGTTTTGACCCATGGAACGCTTCTGGACGCCGTGAGGGCCTCCATCGCCGTGCCGGGCGTCCTCACGCCGGGGCTCTGGGAAGGACAGCCCATGCTCGACGGCGCGTTGGCCGAGCCCCTGCCCGTGGGACCATGCCGCCGCCTGGGGGGGGGCGCGGTGGTGGCCGTGGACGTGAGCCGTGACCTGCTGGAGCCCCAGGCGGAACGCAACGGGGATGCCGCCTCGCCGCTCACCGGATTTCTCAAAGACAACGCCGCGCGTCTGCTCACGGCCCTGGGGCCGCGCCTGGGCGGCGGGCAGGCCCTGGCCGCCGACCTGTTGAACCGCTGGCTGGAGGAGGACGCGGGCGACCCGCTGCCGAGCATCGTGGAGACCATCATCGGCGCCCTGGGGATCGCCCAGCGGACCATCAAGGCCGAGCGGCTGCGCGCCGATCCTCCCGATCATCTCCTGGCCCCGGCCGTGGGGCACATCCGCTTTCTGGACTTCCATCGCGGGGCCGAGGCCCTGGCGGCCGGGGAGCGGGCCGCCGCCGACCTGTTGCGGGTTCTGCCGAACGCGGCCGGTTAGGGACTTCCCCTCGGGAAAAACGAAAACGGCCCTGGGGCTTGCTCCAGGGCCGTTTTCGTTCGATGCCGGGTTTTCTCAGTAATTGCGCCAACACCGGTCCAGGTGCTCGGTCTCGAATTTCGTGCTCACCAGGCTCGCCAGCACGGCCAGGGCGAAGGACACCGGCAGGGCCATGACGTTGGGGTCCACGAATTGGAGCAGGAACGGCCAGGTGCCGGGGGCGGCTCCGGCCAGCAGCGTGCTCTGGTCCGTCAGGGCTTTGCATATTCCGAAGGTCTCGGCCAACTGCTTGTTGACGAAGAACATCCAGAACATGGAGGCGAGAAAGCCGCCGAAGAGCGAGGCCAGGGCCCCGGTCTTGGTCATGCCTCTCCAGTAGAGTCCCAGCAGGAATGCCGGCAGGAAGGAGGCCAGACAGAGGCCGAAGAAGAAGGCCGTGGCCCGGGCGATGATGGATTCCGGCAGAACCCAGGCCCAAAGCAGGGTGATGAAGACCGTGGCCGTGACGGCCGCGCGGGCCACCGGGCCGGGCTTGGCCTTGGCGGTCTTGGAGAACTGTTCGCAGACGTCTCGGCCCAGGGCCGTGCCGCCCACGTGGTACTGGGAGGCCAGGGTGGACATGGCCGCCGCGAACATGGCCAGGAGGAAGAGCGTCGAATACCAGGGCGGCATGATGGTTTCGATGAACGTGGGGATGATCTTGTCCACGTTGCCCTGGGCCATGTCGATGGAGATCTTGCCGAACTGCTGGAAGAAGATCGCGTTGGACAGCGCGCCCACCACGTAGGCCACGCCGGGGATGAGCAGGATGAACAGTCCGCCGTAGATCACGCCCCGGTTCAGCTCCCGGTCGCTGGGCACGGTCATGAAGCGCACGATGAGCTGGGGCTGGGCCAGGACGCCGAAGCCCACGCCGTAGATGAGCGAGGTGTACATGATCATCCACAGCGGCGAGGGGAAGGCGATGCCTTGGGTCCAGCCCAGGAGACCGATGGCCTTGAGCTTTTCCGGCACCAGCGGGGCCATGTCCGTGAGCGTCTGGTGGGCCTGGGCCACTCCGCCGAGCTTGGAGTAGGCCACCACCAGGAGCATGAGCATCATGCCGACCATGATGGCTCCCTGGAAGGCCTCGGTGTACATGACGGCCTTCAGTCCGCCGGTGATGACGTACACCGCCAGGATCAGCGTCATGAGAACCAGGGCCAGGTGGAAGTCCACGCTGAGCGAGACCTCCATCATCCGGCAGATGCCGATGAGCACGGCCGCGGCGTAGAGCGGGATGAAGAGGAAGATGACCGCCCCGGAAAAGGACTGCATGAACTTGGAACG
NZ_CP168306.1_gap73	2538081	2542770	4689	GCGGGCCTTTCGGCGGCACCTGGAACTGGCGCGGCAGACGGACCTGCCGCCGGTGATCCACTGCCGCGAGGCCGAGGCCCGGACCCTGGCCGTGCTGGACGACATGGGTTTTCGGGACCGGCCGCTGCTGTGGCACTGCTTCGGCGGGGATGACGCCCTGGCCCGGGAGATCCTCTCGCGGGGTTGGCATGTGAGCGTGCCCGGAACCGTGACCTATGCCCGCAACGAGCCGCTGCGCGCGGCTGTGGCCCGGATTCCCGCCGACCGACTCGTGCTGGAGACGGACTGTCCCTACCTCACGCCCGAGCCCTGGCGCGGGAAGCAGAACCATCCGGCCCTGGTGGGCTTCACGGCCGTGGCCGTGGCCGGGCTCCGCGGCGTGCCGGTCGAGGAGCTGTGGGCTCTCTGCGCGGACAACGCCGGGCGTTTTTTCGGGCTCTAGGGCCCGCCGGGAAAGAAAACAAAAAAAGACAGGCCGGCTTTCGCCGGCCTGTCCGTTTTCAAGGCGTGGAGATCAACGTTCTCAGCAGGTTCCGGCTCGGCGTGCCGACTCGGAGCAGCTGATGCGGGCCAGAGCCTTGCGCAGAGCGGCCTGGGCCCGGGCGTTGTTGATCTTTTCCTGTTGCTGGGCGAGCCGCGCCTGAGCCCGTTCCTGAGCCCGGCGGGCGCGCTCGATGTCGATCTCGGCAGCGGTCTCGGCCACCTCGGCGAGCACGGTGACCTTGTCCCCGCTCACCTCGCAGAAGCCGCCGGCCACGAAGACGTAGTGCGCCTTCCCGGAATCCTTGAAGTAGAGGTTTCCGATGCCCAGAGCCGACAGGAAGGGGATGTGGCTCGGCAACACGCCGAACTCGCCGAGCGCGCCGGGCGCGCCCACATACTCCACTTCCTGGGAGAGGACCTTGCGGTCGGGCGTGACGATTTCGAGCAGCAGCTTTTTGGCCATGTCCCTATCCTACATGTTCTTGGCGTTTTCCAGAGCCTCTTCGATGCCGCCCACCATGTAGAACGCCTGCTCCGGGATATCGTCGTGCTTGCCGTCGAGGATTTCCTTGAAGCCGCGGATGGTGTCCTCGATCTTCACGTACTTGCCGGCGCGTCCGGTGAACTGCTCGGCAACGCTGAAGGGCTGGGAGAGGAACCGCTGGATCTTGCGGGCCCGGGACACGGTGAGCTTGTCCTCGTCGGACAGTTCGTCCATGCCCAGAATCGCGATGATGTCCTGCAGGTCCTTGTACTTCTGCAGCACGCTCTGCACGCCGCGGGCGGTCTGGTAGTGCTCCTTGCCCAGGACCAGGGGGTCCAGGATGCGGGAGGTGGAGTCCAGCGGGTCCACGGCGGGGTAGATGCCCAGCTCGGCGATCTGGCGCGAAAGCACCAGCGTGCCGTCCAGGTGCGAGAACGTGGTGGCCGGGGCCGGGTCGGTCAAGTCGTCGGCGGGCACGTACACGGCCTGCACCGAGGTGATCGAACCCTTGGTGGTCGAGGTGATGCGTTCCTGCAGTTCGCCGAGGTCGGTGCCCAGCGTGGGCTGGTAACCCACCGCGGAGGGCATGCGGCCGAGGAGCGCGGACACCTCGGAGCCGGCCTGGGTGAACCGGAAGATGTTGTCGATGAAGAGCAGCACGTCCTGGCCTTCCTGGTCACGGAAGTATTCCGCGGCGGTCAGGGCGGTCAGGGCGACGCGGGAACGGGCTCCCGGAGGCTCGTTCATCTGGCCGTAGACCAAGGCGGCCTTGTCCAGAATCCCGGCTTCCTTGAACTCGTGATAGAGGTCGTTGCCCTCACGGGTGCGCTCACCCACGCCCGCGAACACGGACAGGCCGCCGTGCTGCTTGGCGATGTTGTTGATGAGCTCCATGAGAATAACGGTCTTGCCCACGCCGGCGCCGCCGAAGAGGCCCATCTTGCCGCCCTTGGGGAAGGGGATCAAGAGGTCCACGACCTTGACGCCCGTCTCCAGCAGTTCGACCTTGGTGTTCTGCTCGGTGAAGGCCGGAGCGTGGCGGTGGATGGGAAGCATGATGTCCGAGCTGATGGGGCCCATCTCGTCCACCGGGCGACCCACGACGTTCATGATGCGGCCGAGAGACGCCTTGCCGGCGGGCACCAGGATGGAGTTGCCGGTGTCGACCACGTCCATGCCGCGGACCAGGCCTTCGGTGGCGTCCATGGCGATGGTGCGGACCACGTTGTTGCCCAGGTGCTGCGCCACTTCGCAGACCAGATCCGGCGCGTCGGTGTTGTTGGGATTCTTGATCTCCAACGCGTTCAGAATGTTGGGCAGTTTGCCTTCAGGAAATTCGACGTCGACCACGGCGCCGATGACCTGAACGATCTTGCCGATGTTGCTCATGTGTTAGGCCCCCTTTTACCCTTTCAGCGCCTCAGCGCCGCCGACGATGTCCATCAGCTCCCTGGTGATCGAAGTCTGACGGGTCTTGTTATAGAGCAGTGTCAAGGCCTTGGTCAGGTCGTCGCAGGCCTTGGTTGCATTGTCCATGGCCGCCATGCGCGCGGCGTGCTCGCTTGCGGAAGTGTCCAGGATGCCGCGATACAACTGCACCTTGATGAAACGGGGCAGCAGTTCGGCCAGCAGGCCTTCCACCGACGGCTCGTACAGATACTCGGCCTTGGCCTCGGCCGGGGCTTCCTCGCCCTCGGCCGCATGCGAGACGATGGGCAGGATGTCCAAGGTCACGGCAGGCTGGCGGGCCATGCTCACGAACTCGCCGTAGATCAGATGCACTTCGTCCAGATCGCCGGCCAGGTAGCTGGCGATGAGCTCCATGCCGATCTCGTTGGCCAGGGTGAAGTCGAAGGAGTTCATGGCGTCGGGGTACTGGAGGCCGATTTCGTACTCCAGCTTGCGGACCGCGTCGCGGCCCTTCTTGCCCACGCAGTAGAACTTCACCGACTGTCCGGCGGCCTTCTTCTCGGCGGCCAGCTTGGTGGCCATCTTGATGAGGTTGGTGTTGAAGCTGCCGCACAGGCCGCGATCCGAGGTGACCAGGACGATGCCCACGGTCTTGACCTCTTCGCGGACCTCCAGCAGAGGATGTACGCTCCCGTCGGCGCCCGAAGCCAGATCACCGAGCATTTCATAGAACTTGGCGGCGTAGGGCCGGAAGCGTTCAATGCGCGCCTGCGCATTGCGCATCTTGGCCGAGGCCACCATGTTCATGGCCTTGGTGATCTGTTTCGTCTTCTTGACGCCGGTGATCTTGCTCTTGACGTCTCTCAGAGATGCCATCGCCTATCCCCCCGCCGCGCTAGGCGCGGAATCCCTTCTTGAACTCTTCCAGGGCGGCCTTGAGGCGGGTTTCGATGTTCTCGTCCAGAGCCTTCTTCTCCACGATGTCCTTCAGGATGTCGGCCTTGGAGTTGCGCATGTAGTCCAGGAACTCGTCCTCGAACTTGCGCACGGCCTCCACCGGCACGTCGTCCATGAAGCCGCGGGTGCCGGCGTAGAGCGAGGCGACCTGCTCGGCCACCGGCATGGGCTGATACTGGGGCTGCTTGAGCAGCTCCACCAGGCGGGCGCCGCGGTTGAGCTTGGCCTGGGTGCGCTTGTCCAGGTCGGAACCGAACTGGGCGAAGGCGGCCAGCTCGCGGTACTGGGCCAGGTCGAGACGAAGCGAACCGGCGACCTGCTTCATGGCCTTGATCTGGGCCGCGCCGCCGACTCGGGAGACCGAGAGGCCGACGTTGATGGCCGGACGGATGCCCGCGTTGAACAGGTTGGGCTCCAGGTACACCTGGCCGTCGGTGATCGAGATCACGTTCGTCGGGATGTACGCGGACACGTCGCCGGCCTGGGTTTCGATGATCGGCAGGGCGGTCATGGAACCGGCGCCGACGGAGTCGTTGACCTTGGCCGCGCGCTCCAGCAGGCGGGAGTGCAGGTAGAAGACGTCGCCGGGGTAGGCTTCGCGTCCCGGGGGGCGGCGGAGCAGCAGCGACATCTGGCGGTAGGCCACGGCCTGCTTGGACAGGTCGTCGTAGATGATCAGGGCGTGCTTGCCGGAGTCGCGGTAGTACTCGGCCATGGTGCAGCCGGAGTAGGCGGCGATGTACTGCAGCGGCGCGGGCTCGGAGGCCGTGGCCGAGATGATCGTCGTGTACTCCATGGCGCCGTACTTGCGCAGGGCGTCGGCCACCAGGGCGACGGTGGCCTTCTTCTGGCCGACCGCGACGTAGAAGCAATGCACGTCGCCGCCCTTCTGGGCCAGGATGGCGTCCAGGCAGACGGCGGTCTTGCCGACCTGACGGTCGCCGATGATCAGCTCGCGCTGGCCGCGCCCGACCGGAGTCATGGCGTCGATGGCCTTCAGGCCGGTCATCATGGGCTGGTGCACGCTCTTGCGCTTGATGATGCCGGGAGCCTTGAGCTCCACCGGGCGGACTTCCTTGGCATCGACCGGTCCGAGACCGTCGATGGGCTCGCCCAGCGGGTTCAGGACGCGGCCCATGACCGCGTCGCCGACCGGCACGGAGAAGATCTGGCCGGTGCGCTTGACCGGGTCGCCTTCCTTGAGGTCCGTGGTCTCGCCCAGAAGGGCCACACCGACGTTGTCCTCTTCCAGGTTGAGCACCATGCCCTTGAGGCCGCCGGGGAACTCCAGCAGCTCCATGGCCATGGCGTTCTCAACGCCGTGGACGCGGGCGATACCGTCACCGACGTAGATC
NZ_CP168306.1_gap74	2544266	2549050	4784	GGAGGTGAACTGCTCCACCTTGCCCAGCTTTTCGGCCATCAGTTCGCCGCGCTTCTTGATGATGGCGCGGATGGGGCCGAAGAGGAGGATGTTCAGAACCAGCAGGGTGATGATGAAATTCACAAGCTGAATGAAAAAGGAAAAGTCCAGATCAATCATACCCGCCCCCAAGGAAATTGTGAATTTTGAGACAAAGTCACAGGCCCTTTATCCAATTTCAGCCGGTGTGTCAAAGCCTTTTTGCCGGAAAAGCGGGAGCTTTCAGGCCGCGGGATCACGTTCCCCGGCCGCTTGTGCCGATTAGAACAAGTTCCCGTCGGCGGTTCCGGCGGCATCCGCGCCTTCTCCGGGCCGGGACATGGCCAAACGGCCCTCCAGGATCGCCCCCTCCTCGACCACCAGGACCGGCGTCCTGATGTCGCCCTGGAGGTTGGCGGTCTTGTGCAGGACCACCCGGCCTCCGGCCTCCACCTCGCCGCGCAGATTGCCGGAAAGCACGAGCTGGCCGACCCGGAGGGTGCCCTCGACCACGGCCTCCTGGCCGATGACCAGGGTGCCGTCGGATTCGACCTCGCCCTGGAAGTTGCCGTCGATGCGCACCGCCCCGTGAAAATGGAGCTTGCCGTGGTAGCTGGTTCCGGCGCCCAGAAAGGCGTTGATTTCGTCCTTGGCCATGGATGCCTCGCTCCTCAATGCTGGAAAGAGACGGACAGGGCCCCGCGGCGGCCCTCCGCCCCTAACCCTGTTTGAACAGGAAGCGGCGCATGGACACGTTGAGCGCGAGGCCGATGAGACAGAAGTTCACCAGGGTGGCGCTGCCCCCGTAGCTGATGAACGGCAGGGGTATGCCCACCACGGGCATGAGCCCCAGAACCATACCCATGTTTATGAGGATTTGCCAGAAGAAATAGAAGAAGATTCCCGCGGCCAGGTAGCTGCCGAAGAGATCCCGAGGATCCCTGGCGATGATCACCAGTTGGTAGAGGAAGACGCAGAAGGTCGTCAGCAGGAGCATCATGCCCAGGAAGCCCCATTCCTCGCCGAACACGGCCACCGCGAAGTCGGTGTGCTTTTCCGGCAGGAAGCGGAGCTGGCTTTGGGTTCCGGCCAGGAAACCCTTGCCCCAGAACTGGCCCGAGCCGATGGCGATTTCCGACTGGATGATGTGGTAGCCCGCGCCCAGGGGATCGGTGGCCGGGTCCAGGAAGGAGAGGATGCGCCGCTTTTGGTAGTCGTGCAGGCCGAACCAGGCCAGGGGCAGCAGGCTCGGAATGGCGATCAGGGCGGTCTTGAAGACCCGGGGAGTGAGGCCCCGGTAGAGGATCAGGCCGCCCAGGAGCATGAGGATGGACAGGCCCGAGCCCAGGTCCGGCTGGAGGATGACCATGCCCGCGGGCACCAAGCCGACGGCCAGGATGCAGAAGAGTTTGAAAAAGCCCAGGCGCTCCTTTTCCAGGGAGAGGATGCGCGCGCCGATGATCAGGATGCAGATCTTGGCCAGTTCGCTGGGCTGGAAGCTCATGAAGCCCAGGTCCAGCCAGCGCCGCGCGCCGTAAATGGTTTTTCCCGCGAAGGGCACGGCGGCGAGCAGCGCCACCGTGACCCAGAACAGGGGCCAGGCCGCCGCCCGCAGGTGCTTGTAGTCGAAGAAGGTCATGCTGATCATGCCGCACAGACCCATGAGCCCCCAGATGAGCTGCTTCTGATAAAAGGTGTCCACGCTCATGCCCTCGCCCAGGCGAAAGCCGCTGGCCGAGTAAAGATTCATGACCCCGCAGAGGAAGAGCAGCAGGGTCAGGCCCAGCAGGGGCCAGTTGACGTGGAAGAGCAGGCGTCTGTCGATGGGGGACATGGGCGGCTCCCTATTCGTTGTTTTCCGGAGGTTCGGGGGCCTCGGGCACCGGGCCCAGCCCCTTGCCCAGGAAGACGTAGTCGAAGACGGTCTTCACCGAGGGGCCCGCGCCCGATCCGCCGTGCAGGCCGTGCTCGACCATGGCCACCACCACCACGCGGCGGTCGCCCCGTTCGGCGAAGCCCGCCATCCAGGCGTGGTCGCGCATCTGGTAGGGAATCTTGTCCTCGGGCATGGCCTTGAGTTCGTCGGTGAGGCGCACCACCTGGGCCGTGCCGGTCTTGGCCCCGGCCGTGACCCCGGGGGTCTGGACTCGGCGGCAGGTGCCGCGGGGGTCCTCCACCGTGGCCACCATGGCCTTCTTGATGAACAGCCGCTGGGCCTCCGTGAGCGGCAGGCGGCCTTGGAGCACGGGCGGATCGCCGTGGATCAGGTTCGGCTTGAGCAGGCGGCCGCCGTTGATGAGCGCGGAGATGTAGCGGGCCACCTGCAGGGGCGAGACCTGGGTGTAGCCCTGGCCGATGGAGAAGTTCAGATCCTCGCCCTTGGTCCATTTCTGGCCGAAGCGTTTGAGCTTCCATTCCTTGGTGGGGATGTTGCCGCCTTTTTCGTGGGGCAGGTCGATGCCCGTGGGCTTGCCGAACCCGGCGGCGAAGGAGAACTCGCTGATGCGGTCCACGCCGAGTTTCATGCCGAGCTTGTAGAAATACACGTCGCAGGACTGGACCAGGGCCTGTTCCAGGTCCACGGAGCCGTGCCCCCCCTTGCGCCAGCAGCGGAACACGTGGCTGCCCAGGGCCAGCGACCCCTGGCAGAAGGCGGTTTCGCGCGGGTCGAGCATGTTCGCCATGAAACCGGCTCCGGCCATGACCAGCTTGAACACCGAACCCGGGGGATAGACGCTCTGGGTGGCCCGGTTCTGCAGGGGGTGCATGGGGTCGTCGCGCAGGCCTTTCCATTGCTCCGGAGTCAGCCCGGCGGTGAAGGCGTTGGAGTCGAAGGACGGCGAACTGACCAGGGCCAGGAGTTCGCCGGTGTCCGGGTCCATGACCACCACGCTGCCCGCCTTGCCCTCGAGCTGGCGGGCGATGGTGGCCTGCAGCCCAAGGTCCACGGACAGGACGATGTCCTCGCCGGACTTGGGTTTCTTGAGCAGGGCCTCGGAGAGTCGCCGACCCGTGGCGTCCACTTCCATCTGGCGCACGCCCTTGGTCCCGCGCAGCCGTCGCTCGAGCATCTGTTCCAGGCCGTTCTTGCCCACGTAGTCGCCCAGGGCCAGGCTGGAGTCCTTCTCCAGGTCGTCCTCGCTGGCGTCGCCCACGTAGCCGAGCACGTGCGCCAGAAGATGGCCGAACTTGTAGTAGCGCCGGGAGCGGACCACGATCTCCAACCCGGGCCAGCGCAGGTGGTTGGCCTCAACGGAGGCCACCTGCTCGAAGTCCAGGTCCGGCACGATGAGCATGGGTTCGAAGGGCTTCACCCGCTTGCGGCCCCGGCGGTAGGCCTCCTGGAGCTTGTCCAGGGGCGTGCCGGTGAGGTGCGAGATCTCGGCCAGGGTGGCGTCCAGGTTCTTCACGTCTTCGCGCACGAGGCCCAGGGCGTAGGCCGGCTCGTTGACGGCCACCATGGTCCCGCCCCGGTCCAGGACCAGCCCGCGCGGGGCGAACACCGGCTCCTGGCGCAGCTGGTTCTCCTTGGCCTTCTCGGCGTACTCCTCGCCCTTGTGCACCTGAAGGTACCAGAGGCGCAGGGCGAAGACGCAGAACAGCCCGAGAATGCAGGCCTGGAGCAGAAGCAGCCCGGAACGGGGCGGCTGCTGCTCGCGGGAGTCATACAGGTTGGCCATCGTCCCTCAGTCGCGCGGGATAGAACCTGTCCACGAAAAACCAGACCACCGGGAAGGTCAGGACCTGGATCAGGGATTCCCAGGCCACCCGGTCCAGGGGCACGCCCTTCACCGAGAGGGTGGCCATGGCGTAGGTCTGGAGGAAATGCAGCAGGCCCATGACGAGCCCCAGAAGAGTCATGAATGGAAGGCTCCTGGGCTGGAAGTAGTCGTGGCCCAGGCTGACGAGGAGGTAGAGGGCCCAGTACCAGATCACCGAGGCACCGAAGTGCTGGCTGCCCATGCCTTCCTGCAGGAGCACCCAGGCCAGGGCCAGGGTCAGGGCCCGGGCCCGCCCCTCGGTCTGGAGGCTGAAGACCAGCCCGGGGGCCAGGAAGTCCACGCCGGGCACGAAGGCCTCGGCCCAGATTCCGACCGCCGCGAAGCCCGCCCACCAGAGGGCGCGCAGCATGTCAGCTCTCCCCGCCGACGGCCGGGGCGTCCCGCCGCCGCAGGACCAGAACCTCTTCCAGGGCCTCGAAGTCCATGAGCGGCTCGGCCGTGATGTCCAGGAACAGCGACAGGTCGGAGCGCTCCACCTTGAGCACCCGGGCCACGGGCAGGCCCTTGGGGAAGGAGTCGGAGAGTCCGGAGGTCACCAGCAGTTCCCCGGGCTCGATGGGCGCGTTCAGATTCACGTATTTCAGCTCCATCTCCCGGCCCGGTCCGCGTCCGGCCAGCACTCCGGCGGAGCGGTGGTTCTGGCCGATGACCGCGATGCGGCTGTTCACGTCGTGCAGGAGCAGGACCGTGGAGGAGGCCAGGCCCGCGCGCAGGATGCGTCCCACCACGCCCTGGGGGGTGATCGCGGGCTGGTCCGGCCCCGCGCCCTGGAGCGTGCCCCGGTCCAGGACCAGGGTTTCCAGCAGGGCGTTGGGCCCCAGCCTGTGGGCGATGACCCGGGCTCCCTCGGCCACCCACTCCGGCGCGGGGGTGAAGCCCAGGAGGGCCTCCATGCGCGCGCCGGCCCGGGCCTGTTCGCGCAGGGAGTTGTTGTCCATGAGCAGACGGTCCACCTCGGCGCGCAGGCGGTCGTTCTCTTCGCGC
NZ_CP168306.1_gap75	2564968	2569087	4119	GGGCAGGCCGAAGAGGTGGGAGAGCCCCAGGAAAAGGGCGGTCATGGCCGGCAGGGTGCCGACCCCCACGGGGATGCCCCGGTCGGGCCCGGCGAGGCGGACCTCGGCGTTCTTCATGTGCGCCAGGCGTTCGGTGAGTTGGACCACGGCCCGGCAGCAGGCCGCCAGATCGGAGTGGTCGAGCTGGTTGTCGTCCGGGGCGTGGGCCAGGCGGCCCATGGCCTCCAGGATGCCCTTGCCGCGCTCCACATGGCGGGTGATGTGCCCCACGGCCCGCTCCAGGGCGTCGCGGTGCTTGAAGGGCGTGTTTTTGTTGATTTCGAGAAGGTCGCCGACGAGGCCCGCCGACTCGCGGATGATGGCCAGCACGTTCTGCATGTCGTGCATGGCCATGGCCGTGACCGTGCCCATGAAGCGCGCTTCGCGCATGGTCGGCTCCCGGGGCTAGGCCCCGCCTCCGGCCGCGACGGCCTCGCCCAGCTTGGCGATGAGTTCGTCGAGATCCAGGGGTTTCATCATGTAGAAGAATGCGCCCAGTTTCATGCCCTCGATGCCGTCGCGGGTCTTGCCCTGGCCGGTGAGCAGGATGACCTGCACCCCCGGATGGCTTTCCTTGACCCGCCGGAGCACGTCCAGGCCCTTCATGCCCGGCATCATCACGTCCAGGACCATGACCTGGGGCGGATCCTGGGCCACGGCCTTGAGCGCGGATTCGCCGTCGTGGGCCAGGCGGGGCGACATGCCGCGCAGCTCCAGGCGTTCGGCCAGGGTGGAGACGAACTCCACCTCGTCGTCCACCAGGAGAATCTTCCAGTCCTTGACGTCCATGATCTAGCCCTCCGCCTGCTTCTTGGGCAGCAGGATGGTGATGGTTGTTCCCTCGCCCTGCCTGCTCCGCACCTGGATCTCGCCGCCGAGGCGTTTGACGATGCCGTAGGTGATGGACATGCCGAGTCCGGTGCCCTTGTCCTTCTTGGTGGTGAAGAAGGGTTCGAACATGTGCTTGACCGTCTCCTCGCACATGCCGCAGCCGTTGTCCTCGATGGATACGGCCACGAAGCGTTCGTCGAGGTCGGCGGTGATCACCTTGATGAGCCCGCCGTCGGGCACGGCGGCCAGGGCGTTGTTGAGCACGTTCAGGAAGACCTGCTGGATCTGCCCCTGGTCCGAGGGGATGGGCGGCAGGCCCTCGGCCAGCGTCCGCTCCAGGCTCACGTTGCGGTACTGGGCCTCGCGCTCCAGGAAGCCCATGGTCTCGGTGAGCACCCGGTTGATGTCCAGGGGCTCGATCTTCACGTCCATGCGTCGGGCGAAGCCGAGCATGCGCTGGGTGATGCCCCGGCCCCGGTTCACCGAGGCGATGATGGCGTCGACCTGGGCCAGGAAGCGTTCCTTGTCCGGGAAGTCCGGGCGCAGGCCGATGAGGTCGCGCATGAGTCCGGCCTTCTCGTTGATGATCGCCAGGGGGTTGTTGATCTCGTGGGCCACGCCAGCGGCCAGGCGGCCGATGGAGGAGAGTTTCTGGGTGTGCTCCATCTGGTGGATGGCGCTCAGCCGCCGCTCGTCGCTTTCGCGCATCCGCCGGATGATCACGTTGGTGATCTGGTAGACGGCCACGAAGATGGCCGCCACCCCGGCCAGGAAGGTGACCAGCAGGTCGATGCGCACCGAGTACCAGGTCTGGAGAACCGAGGGCCGGGGCTTCACGGCCATGAGCGCGAAGTCGGCGTCGGCGAAGTAGGTGTAGGAGAGGAAGGCCTCCTCGCCCGAGGGCGTGACCATGCTGACCACGTTCGTCTCGAAGCTCGGCGCGGGCATGGGGAAGGGCAGCTTGTCCAGAACCTTGCCGTAAAGCAGGGAGTCGGTCTGGAGCACGCCCTGGCGGTTGACCAGGAAGGCGTCGCCGCCGGGCTCCAGGCTCATGGCCGCGATGATCCGGTCGAACTGGGAGGTGTCGATGGTGGCGCGCAGAACCCAGGAGCGGCCGTCCTCGGCCGTGTGCTGCACGGCGATGACCACGTGGGGGAACTTGCGGAAGCCCATGAACACGTCGCTCAGGTACTTGCCCTTGATGCTCACCTGATGGAACCAGGCCTGCTCGGCGTAGTTGCGGCCCTTGAGGTCGTAAGGCCCCACGTAGCTCTTCAGGTCGCCCTTGGAGTCGATGAGCGCCAGGTCCACGAAGCCCACGAACTCCCGGCGCATGACCTGGAAGATGCGGTTGAGGACTTTCTCGTTGGCCAGATCCTCGAAGGGATAGGCCGAGGCGATGAGGCTCACGGTGGAGGTGCGCTCGGCCAGGAAGATTTCGAAGGAGTTCCGGGACTTGTTCACCAGCACCCGCAAGGGGTTCTGGATCTCGCTGGTGAGCGAGGCCTGGTGCTCGTAGTAGTTGATGGCCGCCAGGGCCAGGAGCGGCAGGATCGAGACCACGGCCATGAGCGCCACGATCTTGCGGCGCAGGATGCGGTAGCGCTCGGGCGAGACGATCTCCACGCCGTTTCCGTTCTCGGGGTCCGGGAGGTGGCGGCCGACGATGTTCTTGAGCATGCGTCAGGTCTCCCGCGGAAAGAGCACGTCGCCCGCGCGCAGCGTTCCGTCGGCCAGGGCCCGGAGCACGTCCTCCACGGGCCCGGCCACCGAGTCCAGCACGTCCACGCGCTTCCAGCGCAGGTAGTGGTAGTATTCCTCTTCGATGGCCCCGCAGACCACGCCCGAGGCGTCCCGCCCCAGGGCCAGATCGCAGAGGTCGTCGCCGGAGGCGTGGGCCAGGAGCAGGCTCTTGCGGTCCACGATTTCGCCCTGGTCCGTGAGGGTCACCATGAGGGCCTCGGTGGCCAGATCGAAACGGGGGGCCACCTCGTCCCCGCGCAGGGCGATGAGGATCTTCTTGTCCACGGCTTCCTCCTAGCCCTTGGCCTTGCGGCCTGTCTTGCGCGCGGTCTTGGGCGCGGGTTCGGCGGCGTCGTGGGCCCCGGGCAGGTGGGCGGGCAGGTGCGCGGGCAGGATGGTCTCGCCGGAGCAGACCATGGCCGCGAACTCCACGATGTTCTTCAGCTCCCGGACGTTGCCCGGGAAGGGGTAGGCCGAGAGCAGACGCAGGGCCTTGGGCGAGAAGCCGCCGATGCTTTTCTTGAAGCGCGCGGCGTAGACGCCCAGGAAGTGCTGGAGCAGGAAGCTCACGTCCTCCCCGCGTTGGCGCAGGGGCGGCAGGTGCAGGCGGACCGCCGCCAGGCGGTGGAAGAGATCCTCGCGCAGCCGTCCGGAGCGGATCAGGGCCTCGGGGTCGGCGTTGGTCGAGGCGATGAGCCGGACGTTGACCCGTACGGGCTTGTCCGCGCCCACGGGCAGGATGGCCCGCTCGTCCAGACAGCGCACCAGCCGGGCCTGCTGCTGCACCGGCAGGTCGGCGATCTCGGAGAGGTAGAGGGTGCCGTTGTGGGCCTGCTGGAAGCGTCCCGGGCGGCCCTCGCCGCCGGAGCCGCGCCGCCCGAAGAGGTCGGCCTCCAGCAGTTCCTCGGGCATGGGCCCGCAACTGAAGCGCACGAAGGGTTCGCGTGAGCGGGGCGAGGCCCGGTGCACGGCCTCGGCCAGAAGATCCTTGCCCGTTCCGGTCTCGCCGGTGATGAGCACGGGCGAATCGCTTTGGGCGATGACCGGAACCAGGCGCAGGAGCTTTTCCATGGCCTGGCTGCGGCCGACCATCTGGCCCGGCCCGGCGGCCTGGGACAGGCGATCCTCCATCTCCTTGATCGGGGTCAGATCCTCGAGGATCTCCAGCCGGGCCAGTTCGCGGCCCTCGGCGTCGCGCAGAAGCACCGGGGTCAGGCGGACGGCGATGCGGCGGCGGTGGCGATTGATGAGGTCCGTCTCCAGGCTTCCGCCCTCGCCTTCGGAGCGCGCCCAGGGACAACCCTGGACGCAGGCCCGGGAGCGCAGCACATGGCGGCAGGGCAGGCCCCGCACGTCCTCGCGGGCGAACCCGGTGAGCGACTCCAGGGTCTTGTTCAGGAACCGCACCCGGCCTTCGCCGTCCAGGACGGCCACGCCCACGGGCAGGTCGTCCAACAGGGCGGGAAGATCCGGGCGTTCCGAGGCGAACAAGGCTGCCATCCGCGT
NZ_CP168306.1_gap76	2684491	2686060	1569	ATGACCGCCAGCTCCCGGCCCGTGAGCGCCTGGTCCCCCTCGCGGGCGATGCCCAGCTGCCGGGCCACGGCCAGGGCCGTGTCCGCGTGGTCGCCGGTGATCATCAGGACGCGTATGCCCGAACGCAGGCAGCCGGAAACAGCCTCCAGGGCTTCGGGGCGGGGCGGATCGATCATGCCCTGGAGCCCGAGAAAGGTCATGCCGCCGGTGACATCCTTCTCCGTCACCGTCAGGGTCTCCGGGGGCATGTCCTTCACGGCGAAGGCCAAAACGCGCAATCCTTCCCGGGCGAACTCCCCGGCGATGCGCGTCAGCGTCCCGCGGAGCGAGCCCGCCCGTGAGCATTCCGGACAAAGGTCCATGAGTCGGTCGAGCCCGCCTTTGACGAAAAGCGTCTTCCGGTTCCCCTGCAGATGCAGGGTCGCCATGTATCCTCGTTCGGACTCGAAGGGCAGCAGCGCCAGTTGGGGGTGAGCCGTCTGCTCGCCGTCCAGGGAGAGGCCTGCCTTGAGCGCGGAGACGATGAGCGCCCCTTCGGTCGGGTCGCCCCGGATCGTGTAGCGATCGTCCTCCATGATCAGGGATGATTCGTTGCACAGCAGGCCGACGCGCAGGAGGCGCAGGAGATCCTCCCGGTCGGAGTCCGGCCCGCTTTCAAATTGAAGCGCGCCCGCCGGATCGTATCCGGTGCCCTCCGCGACCCAGTGGCGGCTTCCGTCGAATATTTTCCGGACGGTCATTTCGTTCATGGTGAGCGTGCCGGTCTTGTCCGTGCAGATCACCGTGGCGCTGCCGAGGGTTTCAACGGCGGGGAGCTTGCGCACGATGGCCTTGGCCCGGGCCATGCGTCCGACGCCCACGGCCAGGGCGACGGTGACGACGATGGGCAGGCCTTCGGGCACGGCCGCCACGGCCGCGGCGACGGCGGTCATGAACATGTCGCGCAGGGATTCGCCCACGCCGATCCCCAGCATGAACAGCAGTGCCGAGGCCGCCATGACCACATAGCCGATGAGGTGGCCGAAGCGCGCGATCTTCTCCTGGATGGGAGCCCGCACGGTGCCGATGTCGCGGATATCCCCCGCGATGCCTCCGAGAACCGTCGACGCTCCCGTGCGCACGACGAGGCCTCGGGCCCTTCCCCCGCTGACGATAGTGCCCATGAAGGCCATGTTCCGCTGATCGCCCGGAGGCAGGTTCTCCTCCTCCAGCCGTTCAGGGTTCTTTTCCGCCGGGAGCGATTCCCCGGTCAGCATGGATTCGTCCACGCGCAGCTCGACGGTCTGCAGCAGGCGAAGATCCGCCGGGACGAGCACCCCGGAAACAAGGAGCACTACATCTCCAGGCACGAGGAGGGAGCCGTCGATCTCCATCTCACGGCCCCCGCGGACCACATGCACGCGGGGATTGACCATGCGCCGCAACGCCCGCACGCTTTGTTCCGCGCGGATCTCCTGGAAGAATCCGATGAGCCCGTTGATGACCAGGATGGCGATGATCACGCCGGAATCGATGACTTCCCCCATGGCGGCGGTCACTCCGGCGGCGATCAGCAGGATGAAGATGAGG
NZ_CP168306.1_gap77	2718023	2722721	4698	GTTCGCCACGGTCCAGGGCCTGGCGCAGTTCCTGCTCCAGCTGCATGAACTCCGTGGCCTGCTCATGCATCTTGCGGTTGAAGACCTTGTACTGGGCCGTGCCCTGGGACTTGGCCCGGTACATGGCGATGTCCGCGTCCCGCAGGATGTCCTCCGAACTGCGGTACGACTTGGCCCGGAGCACGATGCCGATGCTCGCTCCGCAGACCACGCCCGTGCCGTCGATGATGAAGGGCCTTTCCATGGCCTCGTGGATCCGCCGGGCCACGCGGGTCACGTCGTGGGGATGCTCGTATTCCTCCAGGAGCATGGCGAACTCGTCGCCGCCCAGGCGGGCCACGCTGTCCGAGGAGCGTACGCAGGACTCCAGCCGCCGGGCCGCGGCCATGAGCAGCTTGTCTCCGGCCTGGTGGCCCAGGGAGTCGTTGACCGTCTTGAAACGGTCCAGGTCGATCATGAGCACGGCGAAGCGGTAGTCTTCGCGGCGGGCGGCGCGCTCCACTGCGCGCTCCACGCGCTCGCTGAAGAGCAGGCGGTTGGGCAGGCCGGTGAGGGCGTCGTGGAAGGCCTGGTGCGCGAGCTGTTCCTCGAACTCCTTGCGCTGGGTGATGTCGGTGTAGATGTAGAAGACCCCGGCGATGCGCCCGGCCACGCGCACGGGATAGCCGATGACCGAAACGGGGATGAGACGGCCCAGGCGGTGACGGCGCATGGTTTCGGCCTCGATGGGTTGCCCCGCCAGGACCGTGCGGTTGAAGCTCTCGGCCTCGTGGATGCGTTCCGTGGGCACCACCACCTCGCGGTTGAGTTTGCCGCGCACCTCGCGGGCCTCGTGGCCGAAGAGAGCCTCGAACCCCGTGTTCGCGTTCACGATGCGGCCGTCCACGCCGATGAGCACGATGGCCTGCGGCGAGCTTTCGAAGAGCTGGTGGAAGTAGGCCCGCTGGGTCTCCAACGCCTCCTGGGCCAGCTTGCGTTCGGTGATGTCCATGACCGTGCCCTCGTAACATTCGGGGCGGCCTTCCGGTCCGAGGACCGCGCGGGAGTTCTCCGAGATCCAGATGGTTTTGCCGTCCTTGCGGTAGATCTCGGACTCGAAGGCGAGCACCTCTCCGAATTCGGCCATGAGGGCCAGGTATTCGTCGCGGCGCCCGGGCTCGACGTAGAGCTGGGAAGCGATGTCGTCGAAGTGCGCCTTGAGGTCTGTCGGGGAGTCGAAGCCGTACATGCGGGCCAGGGCGGGGTTGGCGTCGATGTAGCGGCCGTCGGGCGTGGTCACGAAGATGCCTTCCACGGCGTTGTCGAAGACGTTCCGGTAGCGCCGCTCGGAGCGTTCCAAAGCGGCGACGGAGGAGAGATCGCGCGCCAGGAGCAGGAGACGCCCGCCGGACAGCGGCGCCGTGGTGACCTCGAATGGAGCCGGGACGCCTCGGGCCTGCTTCAGGTGGGAACGTTGGCGGCGGGGAGTCCTGGTCGTGTCCCGCAACAGACGCTCCAGGACCAGCCGATCGGAGAGGCCGGCCGGGAGCAGGGCCGGGTCGCCGCCCGGCTCTGCGGCCAGAGGGCCGAAGGCCTGGGCGAAGGCCGCGTTGGCCCGCTCCACGCGGGCGTCCGGCCCGATCAGGGCGGCCGGGTCGGGCGCGCCGTCCAGAAGCAGGCCGAAGGCCGTGGCCGGGATTTCGGAATCAAGGGACTCGGTTCGCGTGGTCGGGAACATGGGGCACCACCGGACATTGTTTGGACGATCAGGAAAGCAAGGAGCGTGCCCAGCCGCAATGAGCTGGAAGAGCAAGGCTTTTCCGGCGAACCCCATTGGGTGGGCCTGTCCTGGGCGGATTATTTGCCACAAATGCAATTCATGACAGGATGGAAATGACAAGCTTGTAAAAAGTGACGATCCACGGCCTCGCGCGGCGGTGGTTGACAGGACCGTCTGCCGGGGCTATGTTTCCCTGCTCGAACATTGTTCGGGCCAGTAGCTCAGTTGGCAGAGCCCCCGGCTCATAACCGGATGGTCCCAGGTTCGAATCCTGGTTGGCCCACCAAGAGGACGTGATCTTGCCGGTGAAAAACGCCACGCTGCTTCCGAAAGGCGACCTGTCGCCGCTCTCAGGAGGACCAGGATGCTCCCCAGGGGAAAACCTCGGGGAGCATCCTTGCTTTGGTGGGCATGAACATACATGATTTTCTGAACCGGGTCCGGGAGTTGGCCCCGGAACGCCTGGCCAGCCCCTGGGACAACTCCGGGGTCCAGGTGGCCGGGCCCGAACGGACCGTGAGCAAGGCCGCGGTGAGCCTGGAGCCCGGGCCCGAGGCCCTGGCCAAGGCCCTGGACTGGGGCGCGGAGGTGGTGGTCACGCACCATCCGCTCTACCTCAAGCCCGAGACTCCCAACACTCCCGGCCGCTACCTCGACGCCCTCCGCCTGCTCCTCTGCTCCGAAACCTGGCTCTACTCCGCCCATACTTCCCTGGACAGCCGCCCCGGCGGCCCGGCCCGCTGGCTGGGCGAGGCCCTCGGCCTGCGCGACCGCGCGGTCCTGGAGCCTCAGGCCGACCCCGAGGCCGGTTTCGGGGAACTGGGCGACCTGCCCCGGGTTCTCTCCGTGGAAGCCTTCCTGAAGAAACTCCAGCCCCTGGTGGGCGGCGCGGCTCTGACCCTCTGCGGTCCCGAACCCCGGCGCATCCGCCGGGTGGCCTATTGTCCCGGTTCGGGCTCCTCGCTGGCGGCCCTGGCCTTCGGGCGGGGCGCGGACGTGCTCGTCACCGGGGACGTGAAGTACCATGCGGCCCTGGAGGTTTCCGGGCTGGTGGTGGACGTGGGCCACTTCGCCCTGGAAGAGGAGATGATGCGCCGCTTCGCGGCCGAATTGGCCCGGGCGGCCGAAGGCGTGTCCGTGCGCTTCTTCGAGGGACGCGACCCGTTCCGGCGGGTGCCGGGCCGGGAATAGGGAATCGCGCGGGCCGCCCAGGCGGACCGCGATCCAATACGCAGGGGCGCGCGGGGGCGCGTGTCCCGTGGACCAAAGAGGGGACCTATGTATCAGAAGCAGATCGAACAGCTTATCTTGCTCCAGGCGGTTGACGACGAAATCATCGTTCTGGAGGCCGAAATCCAGCAGGCTCCTCAGGAGCTTTCGGATCTGGAGGGCCGGGTGGCCTCGCTCAAGGAGCGCCAGACCCAGATCGACGAACGCCTGGAAGTCCTGCGCGCCCAGCAGAAGAAGCTCGAATTCGAGATCGAGGAGGACGCGGGCAAGATCAAGAAGAGCAAGAACAAGCTGATGATGGTGGGCAACACCAAGGAATACCACGCCATGATGCGCGAGATGGACAGCCTCGAGCGGGTCAACCGCATGCGCGAGGAAGAGAAGATCGCCATCATGGAGGAGATCGGCCGCCAGGAAGAGGGTCTCAAGGATCTGGACAAGGAAGCCGAGGGCATCCGCGAGGAGTACGCGGCCAAGAAGGCCACCCTCGACGAGCGCCTGGACAAGGCCCGCAAGCGCGTGGACAGCCTGGACAAGAAGCGCAAGAAGGCCGGCAAGGTCGTGCCGCCGCCCATTCTCGGCCGCTACGAGTTCATCCGCGCGCGCATCTCCCATCCGGTGATCGTGCCCGTGGCCCTGGGCGTCTGCTCGGGCTGCAACATCATGATTCCCCCGCAGATCTACAACGACTTGCAGAAGGGCAAGCAGATCATCGCCTGCCCGAATTGCCAGCGCCTCATCTACTGGCAGGAGCACGCGCCCAGCGGCGCTCCCTCGGTCCAGGACGAAGAGGAATAACGCGTCTTCCCAGGCGCGCTTCGATGCATTAGGTGATGGAAGGGAGTCGGACAGGTCGCCGCCGCGGTCCTTGGGGGCCGGGGAGGAAAGTCCGGGCTCCGCAGGGCAGGGCGCTGGGTAACACCCAGGGGGAGTGATCCCCGGACAGTGCCACAGAAAGCAAACCGCCCCCGGCACGCCGGGGGTAAGGGTGAAACGGTGGGGTAAGAGCCCACCAGCGGTCGCGGTGACGCGGCCGGCTCGGAAAACCCCGCCCGGAGCAAGGCCAAATAGGGGGGCAGGTCGGCCCGGCCAATGCCCCCGGGTAGGCTGCTGGAGACGTCCGGTAACGGCCGTCCTAGAGGAATGGCGACCACCCCGCGAGGGGAACAAAACCCGGCTTATCGTCCGGCTCCCGTTTTTCAGGGCCGTGGGGGGGGGGGGGGGGGCCCCCCCCCCCCCCCCCCCGCCCCCCCCCCGCCCCCCCCCCCCCCCCCCCCCCCCCGCCACGTTTCCGGAGAAAGGCATGCCCCACAGCACCGACATCTGGGCCGTGATCGTGGCCGCCGGCAGCGGCTCACGGCTGGCTTCGGCCGGACTCGGGCCCAAGCAGTACCTCCGCTGGCGCGGTGCGCCGCTGTTCTGGCATTCGGCCCGCACCCTGGCCCGGGTGGCGCGGGTGCGGGGCCTGGTCTTCGTTTTTCCGCCCGCCGACGTCCAGGCCATGGAGGCCGAGGTGGCCGAACTGGCCCGGACCGAGGGTCTGGGCCTGCCCTGGCGCGTGACCGGGGGTGGGGCCCGGCGCCAGGACTCCGTGCGCCTGGGCCTTGCCGCCCTGCCGTCGGAGTGCGGATTCGTCCTGGTCCACGACGCGGCCCGGCCCTTCGCCTCGGCCGCGCTCGTGCAGCGTCTGGTGGACGCCCTGGACCGGG
NZ_CP168306.1_gap78	2731945	2732996	1051	TGGGCCTGGAGCGGGCCCTGCGTCTTTCCCGCGACGGGCATCTGGCCGCCGCCGGGCTGTTCCTCATGGCCGGGATGACGGCCAACCTGCGCTGGACCTATTTCGCGGTGGCCGCGCTCATCGGCGGCATCCTCTGGTTCGAGCACCGGCTCATCAAGCCCGACGACCTTTCGCGGGTCAACCTGGCCTTCTTCACCCTCAACGGCTTCGTGGCCATCCTGCTCTTCGCCGGTGTGCTCCTGGGGCTGTAGGAGTCGCGCATGAACACCGAGTCCGCGGCCGATCTTTCCCGGCTTCTCGCCCAATTCTGGGCCTGGCTCCAGGCGAACCTCCTGTCCTGGGCCGGGGTGGTCCAGCTGGCGGCCCTGCTGGCCGCGCTGTGCGTGTCCTGGCTGCTTTGGGGGCTGGTGCGCGGCCGGGTGCGGGCCTGGGCCTCCCGGCCGGTGCCCGCCGGGTTGGCGGCCCTGGTCCTCAACGCCGGGCGCTCGGTCTGGCCGTTGCTCTTCGTGGTCTGCTGCGGCGTTGTCGGCGCGGCCCTGGACGGCCTGAAACGGCCGCACCAGCTCACCGACATGGCCGTGTCCCTGACCGTGGCCTGGGTCATCATCCGCCTGCTCACCTCGCTCATCGAAAGCCGCTTTTGGGCCCGCATGGTGGCCGCCATCGTCTGGTCCCTGGCCGTGCTGGACGCCATCGGGCTGCTCAAGCCCGCCACGGCCTTCCTCGACTCCCTGGCCGTGACCCTGGGCGAGGCGCGGATTTCGCTCTGGGGCGTGCTCAAGGCCGTGGTGGTGCTCGTGGTGGCCCTGGAGGCCGCGGTGCTCGTGGTTCGCTTCGTGGAGAGCCGCGCCACCCGCTCCAGCGAGATGTCGCCCACCCTGCGGGTGCTGGTGGTCAAGGGCGCGCGCTTCGGGCTTTACGCCCTGGCCGGGCTCATCGCCCTGTCGAGCATGGGCGTGAACCTCACGAGCCTGGCGGTGGTCGGCGGCGCGCTCGGCGTGGGCATCGGCTTCGGGCTTCAGAAAATCTTCTCCAACCTCGTGTCCGGCGT
NZ_CP168306.1_gap79	2775766	2777600	1834	GTCAAGCTCTCCCTGCCCGTGCTGGCCGCGCCCATTGGAGGCGTGTCCTTCAACATGGGCGGCGGCGTGTCCGAGGCCGACTACATCCGGGCCGTGGTCCTCGGCTGCAAGGAGGCCGGAAGCCTCGGCTGCACCGGCGACGGCGTGCCCGAGGTCATCCACAAGGAAGCCTTCGCCGCCATCCGCGAGGCGGACGGCCACGGCATCCCGTTCATCAAGCCCTGGGAGGACGAGGAACTCTACCGCAAGCTGGAGGGCGCCCTGGACGCCGGGGCCAGGATTCTCGGCATGGACATCGACGCCGCCGGGCTGGTCACGCTGCGCAAGATGGGCCGCCCGGTGTCGCCCAAGACCCCGGAAAAGCTGCGCGAGATCATTGAGTGGAGTCCCGTGCCCTTCGTGCTCAAAGGCATCATGACCGCCGACGAGGCCAAGATGGCCCGCGACGTGGGCGCGGCGGGCATCGTCGTCTCCAACCACGGCGGACGGGTGCTGGACCACACGCCGGGCGTGTCCGAGGTTCTGGCCGAGGTGGCCGCGCCCGTGCGCGGCGAGATCGCGATTCTGGCCGACGGCGGCGTGCGCACCGGCGAGGACGTGCTCAAGATGCTGGCCCTGGGCGCGGACGCCGTGCTCATCGGGCGTCCCTTCAGCGTGGCCGCCGTGGGCGGGCTCAAGGACGGCGTGACCGCCTACCTGGAGCAGTTGCGCGGCGAATTGATCCGCTCCATGGTCCTCACCGGCTGCGCCGACTTGGCGGCCGTGGACGGGCGCATTCTCTTCAACGGAGGCCGTCGATGATCAAGCACATCGTCATGTGGACCCTCAAGGACGAGGCCCAAGGCAAGAGCGCGGCCGAGAACGCGGCCGAGATGAAACGCATGCTCGAGGCCCTTGAGGGGCGGATTCCCGGGCTGCTGCACATCGAGGTGAGCACGGACGTGTTCAACGCCTCTCCGGCCTGCCAGGTGGTGCTCTATTCCGAATTCGCCACGCGGGCGGACCTGGCCGCCTATCAGCCGCATCCCGAGCACCAGAAATGCGTGCGGTTCATCGCCCAGGTGGTTTCCGGGCGAGGCGTGCTGGATTACGACGTCTAGGCGGGACGCCCCGCCACACCGGGGAGGACGTCCTCCGTCAAGGCCGCCGGGGTCATGCCCCGGCGGTTTTTTTGTGCTATGATGAAACGCACGTGCAATCTTACAGGATTGTAATGATTAGCTGTTCCCCTTGATAGCCCAAAATGTTCCCCGTAAGAGTTCGGGCTGTGTCTTTGACGGCTTTTGCATGAAAAACGGAAAAGAGGGAGTGCGATCATGCTTGTCTCGGCAATTTACAGTCGCGACGTCACCACCATCCCGGCCGATGAGAGTGTGGGCCGGGTGCTCTGCCTCATGCCGGGCATCCGTTCCAGACTCGTCTACGTCACCGAGGCGGACGGACGCCTGGTGGGAGTGGTCAGCAGCTACGACCTGCTCAAGGTCATGCTGCCCGAGTATCTCGACGCCAATCTGGCCAAATCCCTGGCCGGAGGCGAGAACCTGTTTCTGAAGGCCTTCGAGGAACGCTCCGGGATGCGGATTTCGGAGATCATGAGCCGCGATCTCGTCTTCTGCTCCCCGGAGGACACCGTGGTGGAGATCAACGCCCTGATCCGCGAAAGGGGCGTCAACGTGCTGCCCGTGCTGGACAAGCAGGGAGTCCTGCTTGGCGAGGTCGCCCGCCGCGACATCCTCGGCGCCGTGGCCAAAATCTGCTGCGAAATATCCTGAAGGACCGGAGGTCGTAACTCATGTTCTGGGTCGCAACGGCCATCTTCGTGGTGGCCTACGCC
NZ_CP168306.1_gap80	2779209	2783868	4659	TGTCGTCCTTGCGCATGCGGAAGAGGCCCTTGGCGTCGGCGGTCCAGGTATTGAAGGCGTTGGCCTTCTCCATGTCCGGCACCGAATAGTCCGTGTGGCAGGTCAGGCAGTCGGGTTCCTGGAACCAGGGCGTACGCGCCTTGACCTCGTCCTTCGTGGCCACCGTGCGGGGAGTGATCAGCCCCAGAAGCTTGGCGGCCGAGCGTTTGCCTTCCTGCCCCTTGAGCAGGCTGACGGCATGGTCCTCCATGTAGCCGTGGCAGCGCACACAGGTGATTCCGATGGTCCCATGCACGCCGCGCAGGCAGCGGGTGGGGCCGTCCGGACGGTTGGGGTGGCAGGTGTGGCAGGCTTCTTCGCCGCGCCCGGTGAGGTGGCCGGCGTGGAAGCCGTGCAGGGCCGCGGGCAGGTTCATGAGGCCCGGGTAGTTCTTGGGATCGCCCTGGGAGCCGAGCACCGGATCGGGGTGGCAGCTCTGGCAGAGGCGGGGCTTCCCGGCCTTGGCGTCGGCCTGGAGCGTGGTTCCGTTCATGCGGTCGTGAACCTTGAGCACGTCCTCGGCGGCCGGGTCGGCGATGCCCGCCACGCCGTCCACCTTCCAGGGGCCGCCGTGGCAGTTGCGGCAGCCCATCTCCGTGGAGGTGGGGGCCACGACCTCGGTCTTGGCCAGAAGCTTGCCGCTCGCCGTGTCGCGGGCCTCCACGGTGAACAGCGGATAGGGGTTGTAGCCGCCCTGGTCGGGGTAGGGCACCACCGGGATGAGGTCCGCACCGTACAAGCCGTTCTTGGCGTCATATTTCATTTCGCCGGAGAGGCCTTCGCCCGAGAGTCCCACGTTTTCGGGCAGCTCCTTGCCGAACAAGGACTTGGCGTGTTTCCAGAACTCCACGTGTTTGATCGGAGACTCGAAGCCGGGCTCCACGGCGTAGGTCAGGGTCACCCCCTCGGTGACTTGCTGCGGGCCGGGGCCGCGCCGGATGAGCACCGCGCGCAGGTCGTTGGCCGGAGGCAGGAGAACCCAGAAGGGGTCCGAGTCCGAGATGCAGTGCATTCCGAGGGTGTTCCAGGCCAGCAGAACGTATTCGTCGCCATTCTTGTCGAAAGGAGGCGTGGGCACGGGCTGGTCCGCCGGTTCCACTGTCTTGTTCTCGACGGAGTCCTTCTTGCCGTGCAGGCCTTCGACGATGAAGGCGGACAGGGCCTGGCGCTCTTCAAGGGTTCCGGCGAAGGGCGGCATGTAGGTGTTCACCTTGCCGACGCCGTTGAGGAACGAGTCCATGCCGAAGAGACCGAATTTGGCGGTCCTGGGCAGGATGTCGTTCATGGGGCCGCCCACCGAGTGGCAGGAGGAGCATTGCAGGTCGAAGATCACCCGGCCCGCCTTCAGGCGGTTGTCCTGGGTGATCTCGCCGATGCCGGACCACTTGGCCGTGCGCAGCAGTCCCTGGGCCTCGACCGGGGCCAAGTAGGCCGGGCGCAGGGAGTTGGAATAGGTGTGGTTCGGAATGAGCCAGGGCTTGCGCCCGGCCTCGCGGGTGAACTCGAAGCCGCCGAAGGAGACCAGACCGGTCAGGAGCACGACCAGGGCCAGTTTGGGGCCCACGGCCCGGGGCAGGCGCAGGGCCAGGATCAGCGCGCCCAGGGAGGCGAGGCCGCCGGCGACCAGGAAGACCTTGATGAAGAAGGCCACGCGGCCGTATTTGGCGGCCATCAGGGCCTGGGCCTCGGGAGGCAGGGCGGTGATGTTCCACCAGCCCGAGGGCACGGCCAGCAGGAAGCAGATCAGGGTCCACTTGGCGCAGGAGCGCACCAGGGCCAGCCGGGTCTGGTCGTCCGCCACCCGGGTGGCGGTGACGAGGCCGAACATTCCGGCGATCATGCCGGTGAGGACGGTGCGGAAGACCGTGGAGGGCCAGAAGCCGGGGTTGAAGAAGCCGCTCCAGAAGGAGTGGTTCTGGGCCCAGGCCCCGGTGTCGAGCATGAAGGTCAGGATGCCGTTGATGATGAACAGCGAGGCGTAGCCCGCGCCGAAATAGATCCAGCCCACGCGGATGTGGGTCTTCCGGTCCATGCGGTCGAAGCCGTAATAGTAGACCAGCAGGGCCGCGATCTCGATGACGAAGAAGACCCATTCCGTGGCCCAGCCCCAGACGAAGACGTGGATCAGGGTCGAGGTGGCCTGGGGCGAGAGCAGGGCGATGGTGAACCAGATGCCCACGCCCGACACGCCGCCGAAGACCATGGTGAGCAGGAGGAAGAACTTGGCGTGCTTCTTGACGTAGGCCAGCATGTGCGGGTTGTTCTCGCGGGCGGCGCGGGTCTCCACCAGGGGCAGGAAGAGGCCGCCGCCCACGGCGAAGTGGGCCACGTAGACGTGCAGCACGGCGATCAGCGCGATCCAGAATCCGCCGCCCAGGGCGGTGAGTTGCCAGTAGGGATATTCCATCTCAGGACTCCTTCACGGCCCGCAGGTATTGACGGACGAGCCAGGCCACCACGGGGATGGCCAGGAGGAACACGGCCAGGAAAAGCACCATGGGCGAGTATTCGGACGTCACGGCCAGGGAACGGATGTCCTGGTAAGGCGAAAGAAGGATATCCCGCAGCCGGTCACGGACGAGGGCCATGGCGGCCACGGTGAGCACGGTCCAGAACAGGGTTCCGGGCACGTTGCCCCGGAAGGCCGTGACCAGGGAGGCCGCCGCCAGGATCAGGGCTCCGGTTAAAAGCAGGGAGGAGGTGATGTTGCCGCCCAGAAATTGCTTCAAGGCCGGATCGGGCAGCGAGAGCAGAAACCAGACCCCGAACACGAGCTGGGCCAGGGTGGCTCGGGTGAACCAGGTCAGGCCCGTGCGCACGTAGTCCTGGTCGCCCTTGGCGCGGCCCAGCAGGGCCACGGCCAGGCCGCCCACGGCCAGGGCCCCGACCATGAAGTGCAGCCAGCGGGGCAGGAGCATGGGGTCGCCCAGGTTGAGCAGTGTGCCCGTGCGGTTGTCGAACCAGGCGGTCCAGCGTGCCGGGTCGAGCATGAGGGTCATGTTGTTGGAGAAGAGGAAGCCGACGCACACGAGCAGGGCCAGGGGGACGGCGATGAGCAGGGGGCGTGCGCCGCTCGTGTCGAAGCGGAAGTCGTAGATGTACAGGCCGTAGTAGGCGGCCATGACCAGAATGATGACCGAAAGCCACCAGGCGGCCATGATCACGGAACTGGTGTAGACGAAGTTTCCGTAGAGCACTTGGAGAAAGAGCAGGGGGGCGACGCCCATGTTGATGGTCAGGGCCAGGGCCGTGGGCATCTTGGTGGAGAGATCCTTGGCCAGGGCCATGTTCGAGCCGCGCAGGTGCGCCGCGAGAGCGATGGCCGCGCCGCCGACCACCGCGTTCATGAGCAGGATGTGGGCTACGAACGTGATGTGCAGGAGCGCGTCGAACCAGCCCCAGGGCACCGGGATGGTGTCCGGCGCGGGAATGAGCAGTCGGGGATCCATAGTCCTCCTCCTCGTGTCGGCATACCGACGATATAGCCTGCCCGACGGGGGCGAGGTATGATTTTCCGCGCGGCGCCGCGCGGTTGGTTCGTTCTTGCGGGTCGCCGGAACCGATGACATACTCTTCCTGATTCGGCGCATCAAGCCATCGGAGCTGGAATACATGGAGGAAAAGATACTCGTCCTGGACGTGGGCAACACCCAGGCCAAGGCCAGGCCCGTGGGCCCCGGCGGATTTCTCGGGCCGGAGGAGCGCGTCTCCGGGCACAAGGCTTACGATGCCGAAGCCTGGACGGAGTGGCTCGTGCGGGCGGCGGCTGGAAGCGGCCCCGCCGCGCTGGTCTTCGCCTCGGTGGTGCCGCCCGCCGACCCCGTGATCCGCGAGGCCGCCGCGCGGCTGGGCTGGGGCGCCCTGGCCGTGCCCGAGGATTTGCCCGTGCCCATGGAGAACCGCTACCTCAAACCCTGGGAGGTGGGCGCGGATCGCCTGGTGGGCTCCTACGCCGCCCGGCTGCGCTTCCCCGCCGAGGAGCGGCTCATCGTGGTGGATTTCGGCACGGCCACCACCTTCGACTGCATCCGGGGCGACGCGCTTCTGGGGGGGCTCATCTGCCCGGGCCTGCTGTCCTCTGCCCGTTCCCTGCACATGGAGACGGCCAAGCTGCCCCTGCCCACGCTGGAGCTTTCCTCGGACCATCTGCGCATCGACGTGGGCACCATGGAGAGCCTGAACCAGGGATTGCTCTTCGGCGCGGCGGCCCAGGTGGAGGGCCTGTCGACGCGGCTGTCCGAGGTCATGGGCGGCCAGGCCTTCGTGGCCGCCACCGGCGGCTTGGCCCCCAGCGTGGCCCGGGTCTGCCCGGCCATCCAGGCCGTGTTGCCGGACCTCATGTTCGAGGGACTCGCGGCGCTGTACCGACGACGCGGGAAGTGAGGCCGCCCGGACATTGACATTTGAGCAGCGGATGAAATTCGGTTAGTATCCCTCCGTTGACCGAGCATGATCCCTCCCAACCCAAGGAGTTTTCAATGAGCACCATCGTCGCAGTCTGGGCCCGCGAGATCCTCGATTCGCGCGGCAATCCCACTGTCGAGGTCGAAGTCACCTACGAGTCCGGCGTTTCCGGCCGCGCGGCCGTGCCCTCCGGGGCCTCCACCGGTGAGCGCGAGG
NZ_CP168306.1_gap81	2829831	2834749	4918	GAAGGCACCTGAGTACCGCGGGACACGTGAAATCCCGTGGGAATCTGGGAGGACCATCTCCCAAGGCTAAATACTCCCTAGCGACCGATAGTGTACCAGTACCGTGAGGGAAAGGTGAAAAGAACCCCTGTTAGGGGAGTGCAATAGAACCTGAAACCAGTTGCCTACAAGCTGTGGGAGCGGACTTGATCCGTGACCGCGTGCTTTTTGCATAACGGGCCAGCGAGTTAATCTGTAGTGCGAGGTTAAGCGTGAGCGGAGCCGTAGCGAAAGCGAGTCCGAATAGGGCGACGAGTACTGCGGATTAGACCCGAAGCCGGGTGATCTATCCATGAGCAGGTTGAAGCTCAGGTAAAACTGAGTGGAGGACCGAACCGATGTAAGTTGAAAATTGCTCGGATGACTTGTGGATAGGGGTGAAAGGCCAATCAAACCCGGTGATAGCTGGTTCTCCCCGAAATATATTGAGGTATAGCCTCGGATTAGTTTTACGGAGGTAGAGCACTGACAGGGCTAGGGGTCCCACCAGATTACCAAACCCTATCAAACTCCGAATGCCGTAAAATGATGTCCGGGAGTCAGACTGCGGGTGCGAAGGCCCGTAGTCGAGAGGGAAAGAGCCCAGATCGACAGCTAAGGCCTCAAAGTCCATGCTCAGTGGGAAAGGTAGTGACGCTGCCTAGACATCCAGGAGGTTGGCTTAGAAGCAGCCATCCTTTAAAGAAAGCGTAATAGCTCACTGGCCTAGCGGTGTTGCGCCGAAAATGTATCGGGGCTAAGCATGGCGCCGAAGCTTCGGGATCCGTCTCGTACGGATCGGTAGGGGAGCGTTCCCGGATGGGATGAAGGTGTGCCGGAAGGCATGCTGGACTAACGGGAAGTGATTATGCTGGCATGAGTAACGTTAAAACGGGTGGAAAACCCGTTCGCCGTAAGCCTAAGGTTTCCTGGGTAAAGTTAATCTTCCCAGGGTGAGTCGGTCCCTAAGACGAGGCCGAAAGGCGTAGTTGATGGGAAACAGGTTAATATTCCTGTACTTGTATGCGAGCGCGATGGAGGGACGCAGGAGGGTAGATCGTCCAGGTGTTGGAATACCTGGTGCAAGCCCGTAGGCGGGGGATGTAGGCAAATCCGCATTCCCATACGCCGAGAGGTGATGCCGTGACATTACCGTCTGAAGCGATTGATCCCATGCTGCCAAGAAAAGCTCCTCAGTTTATCGCATGCAAACCGTACCGCAAACCGACACAGGTAGGCGGGTCGAGCAGACCAAGGCGCTTGAGAGAACTCTGGTTAAGGAACTCGGCAAAATGACCCCGTAAGTTCGCGATAAGGGGTGCTTTCCTGGGTGAAGAGTCTAGCATTCGTAGCCCGGGTGAGCCGCAGAGAATCGGGGGTGGCGACTGTTTACTAAAAACACAGGTCTGTGCGAAGTCGTAAGACGACGTATACGGACTGACGCCTGCCCGGTGCCGGAAGGTTAAGGGGTGAGGTCAGCAGCAATGCGAAGCCTTAAACCGAAGCCCCGGTAAACGGCGGCCGTAACTATAACGGTCCTAAGGTAGCGAAATTCCTTGTCGGGTAAGTTCCGACCTGCACGAATGGCGTAACGATCTCCCCGCTGTCTCAACCAGAGACTCAGTGAAATTGAATTCCGGGTGAAAATGCCCGGTACCCGCAGTTAGACGGAAAGACCCTGTGCACCTTTACTACAACTTGGCATTGGCTTTTGGGTTATCATGTGTAGGATAGGTGGGAGGCTGTGAAGTCGGTACGCCAGTATCGGCGGAGCCAACCTTGAAATACCACCCTTGATAGCCTAGAATTCTAAGTCCGCGCCGTGATCCGGCCGGATGACAGTGCCTGGTGGGTAGTTTGACTGGGGCGGTCGCCTCCCAAAATGTAACGGAGGCTTGCAAAGGTTCCCTCAGGCTGATTGGAAACCAGCCGTTGAGTGCAAAGGCATAAGGGAGCTTGACTGTGAGAGAGACATCTCGAGCAGGGACGAAAGTCGGTCTTAGTGATCCGGTGGTCCCGAATGGAAGGGCCATCGCTCATAGGATAAAAGGTACGCCGGGGATAACAGGCTGATCGCATCCAAGAGTTCACATCGACGATGCGGTTTGGCACCTCGATGTCGGCTCATCACATCCTGGGGCTGAAGCAGGTCCCAAGGGTACGGCTGTTCGCCGTTTAAAGTGGTACGCGAGCTGGGTTTAAAACGTCGTGAGACAGTTTGGTCCCTATCTACTGTGGGCGCAGGAGAATTGAAGAGGGTCTACCCCTAGTACGAGAGGACCGGGGTGGACGGACCACTAGTGTACCTGTTGTCACGCCAGTGGCATCGCAGGGTAGCTATGTCCGGTAGGGATAACCGCTGAAAGCATCTAAGCGGGAAGCCTGCCTCGAGATGAGTTCTCCCTCCGCTTCGGCGGCTGAAGATCCCAGGAAGACCACCTGGTTGATAGGCCGGATGTGCAAGCGCGGCAACGCGTTCAGCTTACCGGTACTAATAGATCGTGAGGCTTACCCAAATCCTCTCTCCCCTATGAAACTAATATAGTTTCGGGCTTTGATGAACCGGATCGGCGCGCTGAACCGCACCACCCCGGGAGAAGCCCAACCATATTTGTCTTGGTGGCCTTGGAGGAGGGGACACACCCGATCCCTTTCCGAACTCGGCAGTTAAGCCCTCCATCGCCAATGATACTGCGATTTTAATCGTGGGAAAGTAGGTCGCCGCCAGGACAATTTCTTCAAAAAAGGCCCCTCAAAATGAGGGGCCTTTTCGCGTTTGCAGCGAACGCGTCCGATCCACCGTCTGCCGGATCAAAGTCTGCGTCGAGCCTTCCCGGTTTGCATCCTTGCGGTGTTGTCCTATAACCGAGTCATGACACGGTTCCGTCTTCCGCTCTCGGCCCTGCTGCTCTGGGTGCTTCTGCTGCGCCCGGGCATTCTCTTCGCCTTTCATTTCGACTCCTTGCCCATCGATTGCACGGGCAACGAGCTCTGCATCATTCAGAACTATTTCGACCGCGACCCCGGTTCCTTCGCCCGTGACCATGCGTGCGGCTTTCTCACCTATGACGGCCACGAGGGCACGGACTTCCGGGTCTCGCGGGCGGACATGGAACGGGGCGTACCGGTGCTCGCTGTGGCAGACGGCATGGTGCGCGCCGTGCGCGACGGCCAGTCGGACGGTGAGATGTCGCGGCGCGGCAAGGGAGCCCTGCGCGGCCGCGAGGCGGGCAACGCCGTGGCCGTGACCCACGGCGACGGCTTCGAGACCCAATACAGCCATTTGCGGCAGGGCAGTGTCAGGGTGAAGACCGGCGAACGCGTGCGCGCGGGGCAAGTTCTCGGGTTGGTGGGGCAGTCGGGCATGGCCGACTTTCCGCATGTCGAGTTGCTGGTTCGTCGTGGCCGGACGGCGTTTTGTCCCTTCGTGGGCCCCGAGGTCGGACCGGGGTGCGCGGTCAAGGGAACTCCGCTCTGGAGCGAGGAGCGGCTGGCTGTCGCTCCGCTGGCTTACCGTCCCACGGGATTGCTGCGCGCGGGCTTTGTGGTCAAGCCCCCCGGTTCTGTCAACCATTTTCTGGACAACTCGCTGCTCCCGGCGCGAGGGGGCGATCCGGATGCCCTGCTCTTCTGCGTGGCCGTGTTCGGCACCCGCACGGGCGACAAGATATCGCTCCGGCTGCTGGGCCCGGACGGCGTGGTCTTGGCGCGCGACGCCCTGGATTTCGAACGCACCCAGGCCCAGAGCATGTTCTATGTGGGCCGCAAACGAAACAACCGCTGGCCCGCCGGAACCTATCGTGGAGAATTCCTGCTCCAGCGTCCCGGCGATCTCGGCGAGGGCGGCACTCTGCGTTTGTCCCGCGACATCGTCCTGCCGTGAAGCGGCGATGATCCTCTGGTCGACTTTCTTTCCCCCGAGCTGACCCCGGCCGCGCGCCTGGACATGCCGACGACTTCCTGGCTGTAAACGGGATCAGGCCGGTGGCGGCGCCATCTTCCTGCGGATGAATACCTTGATGCCCTCCATGGAGAGGAAGACCACGGCGCTGAAGACCAGGATCAGGCCCAGGTCCGCGAGCGTCGGCAGAGTGATCCCGAAAGCTCCGCGCACCGCCGGAATCTGGATGAGCGCCACCATAATGGCGATCTCCCAGCCAATGGCCAGGAGCAGCCACCTGTGCGGTGGGGCCGCGAAGAAGCTGTGGCGCATGGAGCGGAAATTCAGGGCGATGACCAGCTCAACGATGGCGAAGAGGAAGAACATCTCCGTGCGGGCGTGGGTGATGTCCCGCAGGTCATGGAAGAAGAGGAAGAGGAAGAAGGGGATTTCGATGCACAGGGCCAGGACCACGAAGGCCTTCACGTCCCAGGAGAAGACGCTTTCCTGGGGATCGCGCGGCGGCCGCGACATGAGGTCCGGGTCCGGCGGAGCCACGCCCAGGGCCAGGGCGGGCAGCCCGTCCGTTGCCAGGTTGATGTAGAGGATGGCCGCCGGGAGCAGCGGCAGATGGTCCGGCCCCAGAACCAGGACCGCGCCGCCGATGACCGCCACTTCGGTGATGTTGCAGCGCAGAAGGTAGGTCAGGTATTTTTTGATGTTGTCGTAGATCCAGCGGCCCAGTTCGATGGCCGTGACGATGGAGGCGAAATTGTCGTCGGCGAGCACCATGTCGGCGGCCTCCTTGGCCACTTCTGTGCCCGAGACGCCCATGGCCACGCCGATGTCCGCATGTTTCAAGGCCGGGGCGTCGTTGACCCCGTCGCCGGTCATGGCCACCACTTGGCCCTTGGCCTTCCAAGCCTTGACGATCTTGAGCTTGTCCAAGGGCGCGACGCGGGCGTAGACCGAAATGTCTTCGACCACGGCGGCCAGCTCCTCAGCGTTTATGCGCTCCAG
NZ_CP168306.1_gap82	2861191	2863806	2615	CCACCAGGGGCAGGGCGGTGAAGCGGTCGCGCAGTTCGCGCGCCGTCCAACGCAGTTCCCGGGGGGAGAAGCCGTCGCCCGTGAGGGCCAGCGTGACCACGGCCACCCGGCCGAAATCGTCGTTGACCATGGGGCCGATGGCGCCCTCCGGCAGCGAGCGCCGGATGTCGTCCATCTTGTTGCGCAGTCGCGACCAGATGGGGTCGAGGTCGAAGTAGCGGTCGTGCAGTTGGGGCAGGACGATGGCCATGCCGGTCATGGAGAGCGACTTGATCTCCTTGACCTCCGGCATGGTCTTGATCTCCTCCTCCAGCGGTCGTGTGAGGAGCTGCTCCACCCGTTCCGGCGGCATCCCGGGGAAGCGGGCCACGACCTGGGCCGTGCGGATGGTGATCTCCGGGTCTTCCTGGCGGGCCTGGGTGAAGTACACCGAGATTCCGGCGGCCGCGACCAGGCACAGGGCGAAGACCGTGAAGCGCGCGTTCTTGATGGCCAGACGGACCAGGGCGTTCATCGGGCCTCGCCTCCGGCCGGGTTCGCGCCGCCCCACAGGCGCAGGCCCAGCTCCTCCTTCGGCGTGTCCGGGGTCCAGCGGCGCACGGGCATGCCGTCACGCAGGAACGCGGCCCCGGCCACGATGACCTCCTCGCCCTCGGCCAGACCGCTGCGCACGGCCAGGAAGTTGTCCTGCAGGTCCAGGACCTCCACGAGGCGGAGCCGGGCCATCTGCTCCGTCGGATCGAAGATGAAGATCGGGGCCTTGCCTTGGGTGCCGCCTCCGGCGGCCAGGCGGGGCATCTCGTCCATGGCCAGGGCGGTGAGCGGCACGAGGAAGACGGGCGCGCCCGCGCCGGAGCGCAGGGAGACCAGGGCGGTCATGCCCACGCGCACGGCGGGTGGCGGGGCGTCCAGGACCACGGACACCGGAAAGGCGTTGCCCGCCTCGGCCGTGGCTCCCACCTCCGCGACCCGGCCACGCACTGTGAAGCCCTTGAGCACGGCGAAGGCCACCTGGGCCCCGTCGCCGGGCCGTACGCCGCCGATGAGCGACTCCGGCACCATGATGCGGACCTTGAGGCCCTGGGCGCCCATGAGTTCGAAGAGCGGCTCTCCGGCCTTGACCTCCTGGAAGGGGTTCACGTCCTTGCGCGCCACCACGCCCGCATAGGGCGCGGCCAGGGCGGTGCGGGAGCGGTCGCGCCGGGCGTCCTCCATCTCGGAGTCGGCCACGTCCAGCTCGCCCTGGGCCGCGGCCAGGCTTGCCCGCGCCTCGTCGAACTCGGCCTTGGCGATGAAGCCCTGGTTCAGCAGGCTTTGCTTGCGCTGGAACTGCTCCTTGGCCTTGAGCAGCCCGGCCTGGGCGCTGCGCACCCTGGCCTCGGCCGCGCGCAGACGGTTCTCGAAGGGCTTGGGGTCGAGGCGGGCCAATATCTGCCCGGCCGCCACCCGGTCCCCTCGCTCGGCGTGGACTTCGAGCAGCGTGCCGCCCACCGGGAAAGACAGGCTGGCCGAGTCCTGGGCCTCGACCACGCCGGAGAGGGCCCGGCTGAAGATCCCCGAGGAGAGCGCCGCCACGGCGGTCTTTACCGATTTGACGCTGGGAACCTCCTCGCGCGGGGCCTCGGAGCAGCCCGCCAGGGCCAGAAAGGCCGCGGCGAGCGCCCAGAGCAGGCGGCGCGGCGTGATGGGACGCGTCATGGATATCCTCCTTGTGTGGTCTTCCGGGTGTTCAGCGGGGCGCGGCGCGGCCCTCGTCGAGCCGCTGGCGCAGGCGTTCGGCCCAGAAGGCGAAGGCGTCCCGGGCGTCGTCGTAGGTCCCCCGGAAGGGGGCCTTGCCGCCGATCCGGCGGTCCACCATGGCGGCCAGGCGTTCGCCGGTGGGGGAGTCGAGGATTTCCATCTCAGTGGAGGCCTCGCCCACATAGGGTTGCGTGCCCGTGGCCGCGTAGATGCCGCCGCTGACGGCCAGGCCCACCGGATTCACGGAGCTGAGCGTGCCCATGACCGCGTTGCCGGGGACCACGTCGGTGACCGCCACCCGGATGCGCAGCACGCCGCGGCCGGGTTGCGCGACCAGGGTGTAGCCGTTGTGCTCGGTGAGGGCCTTGACCAGTTCGGCCTGGTATTCGTCGGTCAGCTCGGCCAGCTCGTGGGGCTCGATGCCGCGCTGGGCGGCCTCGCCCTTGAGCACCACCCGCACGGGGTCGAGCAGGATCTTGTCGTAGACCCGCAGATTGATGTCCGGCTTGTACCAGAGCAGGGCGGCGTAGCCCTCGGGCCCGGGTTTGAGGCCGCTGTAGTCGCCGAGGAAGCCGGAGGTCTGCACGTCGCGGACCTGTTTGGCCCCGCAGCCCGCGGCGAGGAGCGGCAGCAGGAGGGCCAGCAGGATCATTCGGGGTGAACGGAAGCTCATGAAAGGTCTCCTTCGAAAGTCGGCCGGAGTGTTCTTCCGGCCGGCTGGGGATGCCCGCGCGAAGGTGCGCGGCGAGAGCCCCGGGGTCAGGAGCGCGGGTTCATGCCGGCTCGCGGCTCCATCATACACGGGGCCGGGCGGTCTGGGAACGGAGTCCGCGCCGCGTCTCTGCTGGTCTGACCGCGCCGGGAGGGCGACGGCC
NZ_CP168306.1_gap83	2864996	2867880	2884	GTCGGCGGGGAAGCGTTGCTGGGCGCTGCCCGCCTCGGCGTTCAGCGTGGGCAGGCGGTCGGCCCGCTGGATGCGGTACTGGGCCTGGGCCTTTTGGATGTTCAGGGCGGCCACGCGCAGGTCGCGGTTGTTGGCCAGCCCGATCTGCACCAGGGTCCGGGTGTCAGAATCCTGGAGGAACTCGCGCCAGTCCAGGTCGGCGGCGGCCGTCGAGCCCTGCGTCAGGGTCGCGCCTTGAGCGGCCGCTCCCTCGGGCCAGGCGGCCTCCACGGGCGCCGCCGGGCGTTCATAGTCCGGGGCCATGGTCATGCAGCCGCCCAGCAGGGCGGTCAGCGCGGCCAGAATCAGGATGCGTGCGCGCATATCAGTGTCCTCCCTCCTGAGCGGCCGGCTTGTCTCCGGCCTGCGAGGGTTTGCTTGCGTGATCGTGCTTCTTCTTGCCCGGGAAGGAGCGGAAGACCAGGACGAAGAAGACGGGCACGAAGAAGATGGCCAGCACCGTGGCCGAGATCATGCCGCCCATGACGCCGGTGCCGATGGCGTTCTGGCTGCCCGAGCCCGCCCCGCGCGAGAGGGCCAACGGCAGGACGCCCAGGATGAAGGCCAGGGAGGTCATGAGGATGGGCCGCAGCCGCAGCCGCGCGGCCTCCAGGGTCGCCTCGAAGAGCGATCGTCCCCCTTCGTGGAGGGCCTTGGCGAACTCCACGATGAGGATGGCGTTCTTGGCCGAGAGGCCGATGGTCGTCAGCAGGCCCACCTGGAAGTAGACGTCGTTGGCCAGCCCGCGGAGGTTGGCCGCCAGCAGCGCGCCGATGACGCCCAGGGGCACCACGAGCATGACCGCGAAGGGCACGGACCAGCTCTCGTAGAGCGCGGCCAGGCAGAGGAAGACCACCAGGAGCGAGATGGCGTAGAGCATGGGGGCCTGGGCCCCGGCCAGGCGTTCCTGATAGGAGAGTCCGGTCCATTCGTAGCCGATGCCCTCGGGCAGCTTGGAGGCGATCTCCTCCACCGCGGCCATGGCCTCGCCCGAGCTTTTGCCCGGGGCGGGCATGCCGAGGATCTCCACGGCGGGTCTGCCGTTGTATCGTTCCAGACGCGGCGATCCGTAGCTCCAGTGACCCGTGGCGAAGGTCGAGAAGGGCACCATCTCGCCCAGGGTGTTGCGCACGTACCAGCGGTCCAGGTCGCCGGGCAGCATGCGGAAGGGCGCGTCGGCCTGGATGTAGACCTTCTTGACCCGCCCCTTGTCGATGAAGTCGTTGACGTAGGCGCTGCCCCAGGCCGAGGAGAGGGTCTCGTTGATGGTCGCCAGGGAGAGGTTCAGGGCCTTGGCCTTCTGCTGGTCGATGTCCACGTTGTATTCCGGCACGTCGTCCAGGCCATTGGGGCGCACGGCCATGAGCCGGGGATCCTTGGCCGCCATGCCGAGGAACATGTTGCGGGCTTCCATGAGCTCGGCGTGGCCCAGGCCCGCGCGGTCCTGCAGCTCGAAGTCGAAACCGCTGGCGTTGCCGAGTTCCATGACCGCCGGAGGCGTGAAGGCGAAGACCATGGCGTCGCGGATGGAGGCGAAGATGCCCATGGCTCGACCGGCCAGGGCCTCGGCGCGCAGATCCGGGCGGTCGCGCAGGTTCCAGTCCTTGAGCTTGACGAAGGCCATGGCGTTGTTCTGGCCGTTGCCCGCGAAGCTGAAGCCCGCCACCGAGAACACCGATTCGACGGCTTCGGCCTCGTCGTCCAGGAAGTGGTCCTCCACCGTGCGCAGGACCGCCAGGGTGCGCGGCTGGGTGGCTCCGGCGGGCAACTGGACCTGGGTGAAGATGAAGCCCTGGTCCTCGTCCGGGAGGAAGGCCGTGGGCATGCGCACGAAGAACAGGACCATGGCCCCCACGATGGCGGCATAGATGACCATGTAGCGCCAGCCGCGCCGGATCATCCGGTTCACCGCGCTTTCGTAGCCGCGCGTGCAGGCGTTGAATCCCCGGTTGAACCAGCCGAAGAAGCCGCGCTGGGGGACGGAATGGTCCATGGTCACGGGTTTGAGCATGGTGGCGCAGAGCGCCGGGGTCAGCACCAGGGCCACGATCACCGAGAGGACCATGGCCGAGACGATGGTGATGGAGAACTGGCGGTAGATGACGCCGGTGGAGCCGCCGAAGAAGGCCATGGGGATGAACACGGCCGAGAGCACCAGGGCGATGCCCACCAGGGCGCCGGTGATCTGGCCCATGGACTTGCGTGTGGCCTGGCGCGGCGGCAGGCCCTCCTCGGCCATGACGCGCTCCACGTTCTCGACCACCACGATGGCGTCATCCACCAGCAGGCCGATGGCCAGGACCACGCCGAACATGGTCAGGGTGTTGATGGAGAAGCCGCAGACCGCCAGCACGCCGAAGGTGCCCAAAAGCACCACGGGCACGGCGATGGTCGGGATGAGCGTGGCCCGGAAGTTCTGCAGGAAGAGAAACATGACCAGGAAGACCAGGCCGATGGCCTCGGCCAGGGTCTTGAGCACCTCCTCCACGGAGATGCGCACGAAGGGGGTGGTGTCGTACGGGTCCACCACCTTCAGGCCGTGGGGGAAGTACTTGGCCATTTCCTGGACGCGTTCGTGAACGTTCTTGGCGGTTTCCAGGGCGTTGGCCCCGGTGGCCAGCTTGATGGCCAGGGCGGTGGCCGGTTTGCGGTTGTAGAAGCCCAGAACTTCGTAACTCTCCGTACCCAGTTCCACGCGGGCCACGTCGGAGAGGTTCACGGTGGAACCGTCGGGGTTCACCTTGAGAAGGATGTTCTCGAATTGGTCCACGGTCTGGAGCCGGGACTGGGCGTTGATGGTCACGTTGAGCTGCTGGCCGGGGACGGCCGGGGCGCCGCCGAACTG
NZ_CP168306.1_gap84	2871443	2874619	3176	TCGCCTCGGGGGCCTTCCGTGAAGACCTCTGGTTCCGGCTGAACATCTTTCCCGTGTCCATCCCGCCCTTGCGCGAGCGCAAGGAGGACATTCCGGCCTTGGTGCATCACTTCATGGAGAGCAAAGCCCGCGAACTGAAGATGCGTGAGCGCCCCGTCCTGCCGCCGGGAGCCTTGGAGCGTCTTGCCGGCTACAGCTGGCCGGGCAACGTGCGCGAACTGGAGAATACGGTGGAGCGGGCCATGATCCGCAGCCGCGACGGGGTGCTCGTGTTCGAGACTCCTCGGCCCGAGGACGCGGTTGCCGGGGCGGACCCGGATATGCCGGACGAGGGCCGCTTCCTTTCCCTGGACGAGGCCGACGCCCGGCATATCCGCAAGGCCATGGCCCTCTCCAGGGGAAGAGTCAACGGACGGGGCGGCGCGGCGGAACTCCTGGGACTGCACCCGAACACCCTGCGCAAGCGCATGAGCCGCCTGGGCATTCCCTTCGGCCGCAAGGCCGCGCCGTTCAAAGCCTGAGCCGCTGGTCAATCCTCGCGGCCGCGGAATCCTTCGGCGGCCATGCCGAGACGGCGCAGGATCTTCTGGAGGGAGACCCGTTCCAGGCCGGAGAGGCGCGCGGCCTGGGAGACGTTGCCGCCGGTCTCCTCCAGGAGCCGCTGCATGTAGGAGCGGGTGAAGTCGTCCACCAGCCGATGCTTGGCGTCCTTGTAGATTTCCAGCCGGGAGATGGCCGGGGTCGGGCCGCCGCCCGGGGTGTCCAGGAGCCGGACCTGGGCCTGGGTGATCATCGGGCCGGGGCAGAAGACCACCAGTCGACGCACGAAGTTCAACAGCTCCCGCACGTTGCCTGGCCAGGGGCGGCAGCGCAGGTATTCCAGGGCGTCATCGGCCAGTTCCTTGCCGCCGGAGTCCAGCTCCCCGCATGTTTCCCGGAGGTAGTGCCGGACGAGGATCGGGATGTCGTCCGGCCGTTCGCGCAGGGAGGGCACGCGCACCGTGAGCACGTTCAGGCGGTAGAAGAGATCCTCGCGGAAGGCTCCCGAGGCCACCCGGGACTCCAGATTCTGGTTGGTGGAGGCAAGGATGCGCACGTCCACCTTGACGTTTTCGCTGCCGCCCACGGGCCGCACCGCGCCCTCTTCCAGGGCCCGCAGAAGCTTGGGCTGCAGGTGCGGGGGCAGATCCCCGATTTCGTCCAGGAGCAGGCTGCCGCCGTCGGCGGTCTGGAACAGACCACGCCGGGGCTGGTCCGCGCCGGTGAAGGCTCCCTTGACGTGCCCGAAGAGTTCGCTCTCCAGAATCTGATCCGGGATGGCCGTGCAGTTCAGGCTCACCAGCCGCTGCGATCCCCGACGGCTCAATGCGTGGATGGTTCGGGCCACCAGTTCCTTGCCCACCCCGGATTCGCCCAGGATGAGCACGGTGTAGTCCGTTGCCGCCACGGCCTCGATCCGTGTCCGCAGGTCGCGGATGGCCGGGCTCTCGCCGATGAACCGGGCGCAGGAACCGCAGGTGACCACGGCCGCCCGCAGGCGGCGATTTTCCGCCAACAGGGCCGAGCGTTCCAGCCCTTTGCTCACGGCCCTGTAGAGGCCGTCCTGGTCGATGGGCTTGGTCAGAAAGTCATAGGCTCCGGCCTTGAGCGCGGCCACGGCCGTTTCAATGGTGCCGAAGCCTGTGAGCAGAATCACGGACAGGAGGGGGTGACGGGCCAAGGCCTGGTCCAGCAGCGCGGCGCCGTCCATGCCGGGCATGCGCAGGTCGGTGAGCAGCAGGCCGCAACGGTTCTCACGCAGCGCCGCCAGGGCCGACGGGCCGTCATGGCGGACCAGCACGGGGTTGTTCGGAAAGCCCTTGGTGATGAGTCTGGCCACGCCGTTGGCGAAGTCGACCTCGTCGTCGACCACGAGGATGACGTCATTCTCGATCGTCTGTTGCATGCGAGTCCTTTTGCTCCTCCGCGCCCGCCACGCGCAGGTGAATGGTCAGCACGGCGCCGTCGCGGCTCTCGGCGTCCACGCGTCCGCCCATGTCGCGGACCAGGCCGTAGACCACGGCCAGGCCGAGGCCCGTGCCCTTGCCCACCTCCTTTGTGCTGAAGAAGGGGTCGAAGATCCGTTGCAGGTTTTCCTCGGGGATGCCGGGGCCGTTGTCGCGCACAACGAGCCGCACCTCTCCGCGTTCCGGCAGATGGCGGGCGGAGATGGTGATGTTCCCGGGCCGTCGGAGGCCCGATTCCTCCAGGGCGTCCAGGGCGTTGATCATCACGTTGGTCAGCACCTGTTCCACGGCGTCGGTGTTCCCGCGCACGAGCGGCAGATCCGCCGGCAAGTCGGTGACGATATCCACGTCCAAGGCCGCCGCCCGCACCTGGAAGACGCGGGCGATGAAGCGCACCGCCTCGATCAGGTCCAGGGCGCGCAGGGCGGCCGGTTTGGGGCGGGCGAAGCGCATCAGATCCTGAAGCACCTTGCGGGCCTGGAGGGTGTGCCGGATGATGATGCTCAGATCGTCGGCGTTCTCGTTCTTGCCGTCGTTCCAGAGCAGTCGGGCGTAGCAGAGGATCACGCCCAGGGGATTGTTGATCTCGTGGGCCAGCCCGGCGGCCATCTTGCCCACGGCCAGGGCCTTCTCTCCCTGCTGCAGACGGGCCAGCATGGCCTTTTCCCGGGTGTCGTCGCGGGCGTAGACGATGCTGCGTCCCCGCTGTTCCAGGGCGTGCAAGGGATAGGCGTAGAGCGTCAGGGATCGGCCGTCCGGCAGGAGGGTCTCCTCGCGGAAGGGGTCGCCGCCTTCGAAGCGGGCCTCGCGGGAAAGCGCGGGCAGGCCCAGGATCCTGGCCGGGTCGCCGCTGTCAGCCAGCCCGTCCAGCAGGCGGTGGGCCGAAGTGTTGGCGTGGATCACCTCTCCGTCCTGGTCCAGGAGGAAGAGGGGGTCGGCGATGCCCTCGAAGATGGACTCCAGGAGAGTCTTCTGGCTCACGAGGTTTTCCAAGGCTTCCAGGTTCTCCAGGGCGATGCCCAACTGGCTGCTCACGGCCGTGAGCACTTCCCGCTCCTGAAGGGGGAGGTCGCGGGGCGCGTTCCAGCCCAGGATGAGAGCGCCGCGGATGGAATCGGCGGCCCGCACCGGCACCTCCGCGCGGGATTCCCGGAACACTCCCTCGCCCCC
NZ_CP168306.1_gap85	2877796	2880098	2302	AACGTTGAAGCCCGCAAGGACGAAGATGAGCGACCCGACGAGCAGGGCCATCTTGTCTTCCGTGAACCCAACCTTACCCTTCATACTCCCAACTCCTTATATGTTGGTTGTCCCGCGCCGGACACATGTCCGGGCGGGGTGCAACCTTACGCGCCATGTCGGACCCGGGACGCCGACGCTTTCGCGTCGGCTCGAACGGCCCCGGTTGGTTGTGTAGTTCTCTCCGTGTTGCGGCGGCGGGCCCATGCGGCACGATTGATGATCACCGGCCCAATCCGCTCAAGTTAGTCCTTCTCAAGGGCGTTGGTTATGAAACGTTCCGATTCGATCACTTGTTCGACGTCCGTGTAGTAATAGCGGCTGGGGTCGATGCCGTTGGCGTCGAGATAGATCGACATCCTGTTCAGGATGCCGCAGGAGCGGGTCACCAGCGGCAACAGCAGGTAGGTGAAGATCAACATCGACCCGAGGGCCAGGGTGAAATTGCGAAGCCGCAACGGCCAACTCTGCGTGAGCATGGAAATCCTTCCTTGTTCTCGCCGGGGGGAGATTCTCCCCCCGGCTCTTTCGACTCTCAGTGCGATCAGATCTTCGCGGTGACTTCGGGGAACACGTGGTAGAACATGACGTAGGCCATGGCGATGGTCAGGATCAGGTTGAAGGTCTGGCCGCAGACGTACAGGATGAGCGGCTTGCCGCCCTTGAAGTACTTGGCCAGCTCACGGAAGTTGGTGGCCAGGCCGATGGCCGCGAAGGACAGGGCGAAGAACCAGCCGCGCAGGAGGCGGGTTCCGCCGCGCACCACGCCCTGGTCGATCATGGAGTAGCCCATGTCCTTGCCCAGGCCGCCGTCCAGCATGGAGAAGAGGATCGAGGCCGCCAGGAAGCCCAGCACGAACTTGGGAAAGCGGTTCCAGATTTCGATCGCGCCGACCTTGCGGCCCGCCTCGCACTCCACCTTGAGACACCAGTACATGGCCACGCAGAAGGCGGTGACGCCGATCAGGACGTTCTGGATCATCTTGATGGTCGCGGCCACGTACATGGCCTTCTCGCCCAGGAACGCGCCGGCCGCGGCCACTGCGCCGGTGGAGTCGATGGTGCCGCCCATCCAGGCGCCGCCCAGGATTTCCGGGATGCCAACGGCCTTGATGAAGGCAGGCATGGCGATCATCATGATGGCGGTGAACACCAGGGACAGGCCCACCGAGAGGGTCAGCTCCTCCTTCTTGGCCCGGCAGGCGGCCGCCGTGGCGATGGCGGCGGAGGTGCCGCAGACCGACATGTCGGCGGAGATCACGACGTTCAGGGTCTTGGAGGGCATCTTCAGCACCTTCTGGCCGAAGATGTACGTGCAGACGAGCACGATGGGGGTCACGACCCAGGCCACGAAGATGCCGGGCAGGCCGATGGCCACGATCTTGTTGAAGAGCACTTCCGCGCCGAGCAGCACCAGGCCGCTCTTGATGAAGAACTCCACCTGGCAGGCGGGGAGAACCCACTTGGGCGTGCCGATGGTGTTGGCGATGATCATGCCCAGGATGACGCCCCAGGCTTCCGCGCCGATGCCGTATTGCTTGCTGATGGACTGGTGTCCGAGCATGTAGGCCACGGTGGCGACGAGGAAGACGATGACGAAGCCGACGGCGAAGTCCTTGAAGCTCGAGCCCATGAGGGTGATGCCCGCGCCGAAGAGGATGATCAGGACGGCGCACAGGCCGATGAGCGTGGGAATGTAGTTGTACGGCTTGTTTTCCGTCTTCTTCTTCGCATCGCCCGCCTTCCTGTGCTCCATCCGCCAGGCCGTGATCTTGGCCGAGGCCTCATCGTTCAGGGCCTGGTTCTGGAACGCCGCCTGGACCGCTGCGTTCTCCGCCGCCTGCGCCAGTGCCAGGGCGGCCGATGCGTTGGCCTTGGCCGCCTCATAGGCGGGCATGGCCTTTTCGTTCTTGGCCGTGGCCATTTCTTCGTTTTGAATGAAGGCGTCCAAGGGGTTGCTCTTCCAGGAACCGGGGGTCTTGGTCCAATGCGAGACGAACTTGCCGAAGGCCGAACTCGAGGCCTTCAGCTTGTTCTTGTCGTCCTGGGCCTTGAACCAGGCGATGGTCTTGAAGGGCGCCCGTTCGGCCTCAGCGCTCTGGATCAGGTTGGCGGCTTCGATCTTGGGAAGGAACTCCGCCTTCGGGCCGAAGCCGAAATAGGCGACAAGGCAGGTGACGATGATCGCGAAGCCCAGCCAGATCGCTAGATAATCCTCCTTCTTCCAGAGATCGGACCAGCTGCTCTTGCCATGGTCGATGAC
NZ_CP168306.1_gap86	2902795	2907422	4627	CGAGGTCGGCAACAATCACCAGGGCGAGTTCGAACTCGCCAAGCGCATGATCGAGGAGGCCGCCAAGGCCGGAGTGCAGGCCGTCAAGTTCCAGAAGAGGGACGTGGAGGCTTTGCTCACCCGCGCCGGACGCGAGGCCGCCTATTCGGGCCGCAACAGCTTCGGGGCGACCTACGGCGAACATCGTGAAGCCCTGGAGCTCTCCTTGGAGCAGATGGCCGACCTGAAGGTCTACACCGAATCCCTGGGACTGGTCTTTTTCGCCTCCTGCTGGGACGAGCCCAGCCTGCGCGGCATCCTGGACCTGGACGTCGAGCTCTTGAAGATCTGTTCCGCGGATCTGGTCAACGTGCCGCTTCTGCGCCGTTCCGCCGAGGCCGGGGTGCCCATCATTCTCTCCACGGGCATGAGCGCCTTTGAGGACATCGACATCGCCATGGCCGAACTGCGCCGCTCTCACGACGAGATCGTCCTTCTGCACTGCAACAGCACCTATCCCTGCCCCGAGGAGTGCATCGGCCTGCCGGTCATGGACAGCCTGCGTGAGCGCTACGGCGTACCCGTCGGCTACTCCGGCCACGAACGCGGCATCGCCCCCAGCGTGGCGGCCGCGGCCCTGGGAGCCTGCGTGGTGGAGCGCCATTTTACCTTGGACAAGACCATGAAGGGCACCGACCACCAAGCCTCCCTGGAGCCCGCTGAGCTGGCCCAGATGGTTTCCATGATCCGCGAGGTGGAGAAGGCCGTGATCATCAAAGGCAAGAAGGTCTTCCCCGAGGAGCAGGGCGCGGCCAAGAAGTTGCGCAAGAGCATCGTCTTTTCCCGCGACCTGCCCGCTGGGCATGTGCTCTGCGAGTCCGACCTGACGACCCGCAGCCCCTGGGTGGGCATCTCCCCGGTGCATTGGGACGAGGTTCTGGGCGCGACCCTGAAGCGGCCGGTCAAGCACGAAGAGCCCCTGCAGTGGGATATCCTCTCCCTGATTCCGGCCGTGGGCAGCAACGTGGCCACGTCCTGAGGCCGTTGCCTTTCCAGCCGTTTTGCCCGAAAGCGGGGACCGGCGACGAGGAGCCCCGCGTGAAACAGCTCATACTGTCCCTGGCGCCCGGCCGCTTGGCCGTTTGCCGCCTCCCCGAGGGCACGCCCCCGGCCGAAGTCCTTTCCGGGCTCGGGCCGGGCTTCTGGGCTCTGGTCCGCACTCCCGCCGAATTGTCTCTGGTTTGTCCCGAGGAGTCCGCCCCGTCAGACGCCGCGGTGGAAACCGGCTGGCGCGCCCTGGAGGTGATGGGCCCCCTGGACTTCGGCTTGACCGGGGTGCTGGCCTCCCTGGCCGCGCCCCTGGCCGAGGCCGGAGTGAGCATCTTCGCCGTGTCCACCTTCGATACGGACTACGTCCTGGTCCGCGAGCCCGCGCTGGAGAAGGCCTTGGCCGTCCTGACCCGAGCCGGGCACCGCATCAGATAATAAATGCCTTCGTCGGGGAGGCGGCTATAGTAGGCCCACACCTCTCACGCGGGAGCGCAGCATGGCCGCCACGGACACGGGCATTCTCCTGGAAACCGGGACCAACGAACTGGAGATCATCGAGTTCTTCGTGGACGAGCGGACGCCGGATGGGCCCTTGCGGCACCATTTCGGCGTGAACGTGGCCAAGGTCCTGGAGGTGGTCGAGGCCCCCGAGGGATTGGCGCCGTCCCCGGCTGCGGGACATCCGAGCTTCCTCGGGGCCATCCCTCTGCGCGACCTCATCCTGCCCGTGGTGGACCTGGCCGTCTGGCTGGGCATGGAGCGGCAACCGAACCGGAACGAGCCGATCATCGTCACCGAGTTCAACAACACCATCACCGGCTTTCTCGTCTCCGGCGTGACCATGATCCACCGCGTCAACTGGACCGCCGTGGAGCCGCCCAGCCATTTCGTGGCCAACATGCGCGAGAACTGCATCACCGGCACCCTGGACCTGGATGGGCATTTCGCCCTGCTGCTCGACCTGGAACTGGCTCTGTCCGAGCTGGACAAGACCTACGCGGTCCACGATCCAGCCGTCATTCCCAAGGCCGAGGAGCGGTTTCGGGCCCTGGTGGCCGACGACTCCACTTCGGTGCGCCAACTTCTGCGTCAGAACTTCGAGACCGCCAATTTCGAGGTCCGAGTGGTCAACGACGGCCAGGAGGCTTGGGAAGCCCTGGTGGAAATCCGCGGGCAGGCCGTGCGCGAGGGGCGATCGGTGACGGACTACCTGGACGTGCTCGTCTCCGATGTGGAGATGCCCCGCCTGGACGGCTACACCCTGACCCGGCGCATCAAGGAGGACAAGGATCTGTCCCGGTTGCCGGTGGTGCTTTTCTCATCCCTCATATCCAAGGGCTTGCGGCACAAGGGCGAGGCGGTCAAGGCCGACGACCAGGTGACCAAGCCGGAGTTCGCCACGCTCACGGAACGTGTGCTGGCGGTGATCCGTTCACGGCGCTGACCGCGTCGCCCGCGGGCCGTGGCGGAATGTTTTTCCCTGCTTCCGGCAGTACCTTTTTCCCTCGAATGTCTGCTATGCTGGCGCCAGGTGCGCTGGAATTTCCGCAAAATCGCGCCACCAGTCCCGGGCTCATTCTTTGATGTAGATTGCAATATATCGTTTTTCTTTGAAAAGGATTGTTTCTCCAAGGGAAGTTTATGGACCCTCTTGTCGGGGGAGGGGAAAGAGCGTAAGCAGCGCTTCGCGCCCATCCCTTTCGGATGAGCCTACCTTATGAGAACCACAACCCTTGCCCTGCTCCTCCTGCTCGTCGCCCTCTGTCGGGGGGCCGGGGCATGGTGCCTGCAACCCGACGACACCCCGCCCGCCTGCACGGATCAGAGCGAGAACCGCGAGTTCACTTCCGAAGATGAGTACAACGCCTGCCGCGCCGAGGTGGAGCGCTATGTGAAACGCATGCAGGACTGGGCCTCCTGCGTGCGTGACGAGTCTCTGACCCGATCCAACGAAGTCATCGAAAAGTTCAACTGCAAGGTGCGGGGCGAATTCTGCCCCTGATCCCGCCCTCCGCCCGGACGAAAAAAAGGCCGGGCGCGAACGCCCGGCCTCGATCAACTGATTCTCTGTCGTCGTCTACTTTTTCTTTTCGTCGTCTTCCTTGGGCTTCTCGGCCACGGCGCATTCCGTGGTGAGCAGCAGGGAGGCGACCGAGGCGGCGTTCAGCAGGGCCACGCGGCTGACCTTCTTGGGATCGATGATGCCCGCCTTGATGAGATCCTCGTACTGGCCGGTGGCGGCGTTGAAGCCGAAGCCGCCCTTGCCGGAGCGCACCTTCTCGACCACCACGGAGCCTTCGAATCCGGCGTTGCCGGCGATCTGGCGCAGGGGCTCCTCGATGGCGCGGCGCACGATGTCCACGCCGGCGGCCTCGTCGTCGTCGACGGACTTGAGCTTTTCCAGGGCCGGGACGCAACGCACGTAGGCCGTGCCGCCGCCGGGCACGATGCCCTCTTCCACGGCGGCGCGGGTGGCGTTCAGGGCGTCCTCCACGCGGGCCTTCTTCTCCTTCATCTCGGTCTCGGTGGCCGCGCCGACCTTGATCACGGCCACGCCGCCGACCATCTTGGCCAGGCGTTCCTGGAGCTTCTCACGGTCGTAATCCGAGCTGGTGTCCTTGATCTCGGCCTCGAGCTGGGCGATGCGCGCCTGGATGGCGTCCTTCTTGCCCGCGCCGTCCACGATGGTGGAGGATTCCTTCTCCACGACCATGCGCTTGGCGGTGCCCAGGTCGGCGATGGTGATGTTCTCGAGCTTGATGCCCAGGTCCTCGGAGACGACCTTGCCGCCGGTGACCACGGCGATGTCCTGGAGCATGGCCTTGCGGCGGTCGCCGAAACCCGGAGCCTTCAGGGCGCAGACCTTGAGGGTGCCGCGCAGCTTGTTGACCACCAAGGTGGCCAGGGCCTCGCCGTCCACGTCCTCGGCCACGATGACCAGGGGCTTGGCCTGACGGACCACCTGCTCGAGCACGGGCAGGAGATCCTTCATGTTGGAGATCTTCTTCTCGCTGATGAGGATGTAGGGATCCTCGAATTCGCAGGCCATCTTCTCGGGATTGGTGACGAAATAGGGCGAGATGTAGCCGCGGTCGAACTGCATGCCCTCGACCACGTCCAGCGAGGTCTCCATGCTCTTGGCTTCTTCAACCGTGATCACGCCCTGTTTGCCGACCTTGTCCATGGCTTCGGACAGGATTTGGCCGATGGTGGCGTCGTTGTTGGCGGAGATGGCGCCCACCTGGGCGATTTCCTTGCGGTCGCGGGTGGGGGTGCTGATCTTGTCCAATTCGGCGTTGACGGCCTCGACGGCCTTGTCGATGCCGCGCTTGACGGACATGGGATTGCGGCCGGCGGCCACGAGCTTGAGGCCTTCGTTGAAGATGGCCTGGGCCAGGACGGTTGCGGTGGTGGTGCCGTCACCGGCCACGTCGTTGGTCTTGGAGGCGACCTCCTTGACCATCTGGGCGCCCATGTTCTCGAATTTGTCTTCGAGGTCGATCTCCTTGGCCACGGTCACGCCGTCCTTGGTGATGACCGGCGCGCCCCAGCTCTTCTCGATGACCACGTTGCGGCCCTTGGGGCCCAGGGTGACCTT
NZ_CP168306.1_gap87	2911745	2916519	4774	CCTCCAGGGGAACCCAGACGGCCCGGGCGATCATGTTGGCGCAGGCCAGGGCCGTCATGGCCAGCAGCAGGACGCCGGAGAGCGCGGCCAGGGCCTTGGCGAGGCGGGATGTGAAGCGTGAGAGGGCGTCGGTCATGGCGTCCCGGAAAAACGCGGGCGCCCCCTGGGAGGCGCCCGTCGTGTCGTTATTTGGCTTCGGCCGCCTCGTGCTCGGCCTTGAGCCGGTTCAGGTCGGCCAGGATGGTGTCGGCGGGCAACCCCGCCGCCGCGGCCTGGGCCTTCCATTCCTCGATGAGTCCGGCGGTCTTGGCCCGGGCCTCGGCCCGTTCGGCGTCGGACAGTTCGAAGATCTGGATGTCGTAGGTGTTCTTGGACCAGGTCAGTGCCTCGCGCACGTGCCCGTCCATGTAGACTCCGGTCCACTCGGCCTGCTCCCGGGCGAGCCCGTCCAGCACGGCCTTCGTGTCGTCGGGCAGGGAGTCCCACTTGGCCCGGTTCATGACCACGGCGAAGGGGTAGACCGGGAAGTCGGTCACGGTCTCGTAGCGGCAGGACTCCGCGAAGTTGAAGTCCTTGAGCACCTCCAGGGAGGAGAGCAGCCCCTTGACCAAGCCCTTCTGCAGGGCTTCCGGGGCCTGGGACATGGGCATGGACACCGGGGTCGCGCCCAGGGCCGAGAGCATCTTGGAGGGGGCGCCCGAGGCCCGCAGCTCCAAACCGGCGAGGTCGGCCAGGGATTTCACCGGAACCGTGCTCATGATGTTCGAGGGCGCGGAGGTGAACAGGGTGAGCACCTTCACGGCCTTGAACTCGGCCGGATCGTATTTGGCGAAGAGGTCGAAGAGCGCGAGGCTGGCCGTCCGGGAGGAGCGGAAGCCCACGGGCTGCTCCACCACTGTGGTCAGGGGAAACACGCCGGGCTGATAGGACATGGACAGGCAGCCGATGTCGGCCTGTCCATCCTGCACGCCCTTGAACATGTTCTTGGCTTCCAGCAATGTGCCGCCGGGGTAGGTTTCGACCACGATCCGGCCCTGGGTGCGCCGCTCCACCTCCTGCTTCCACCGTTCCATCTGTACGCAGGGGAAGGTCGAGGCGGGCGGGAAGTTGGCGTAGGACAGACGGATCACGGCCGTCTTGCCCTGCTTGGGGGCATCGCCCTTGGGCTCGTCGCGGCCGCAGCCCGAGAGCAGGACGACGGCGGCCAGCAGGACGGCCGTCAAGCGGATCATGGCGCGCATGTGTTCCCCTCCCGACTACTTCTGGATCGCGTCGGTGTTCAGCTCGTAGCCGATGAGCACGGTCTTGCGGAACTCCAGCCCGATGGTGCCGGGGTAGGTGTTCACCAGGACACAGAGATCCTGCTTGCCGTCGTTGTTCGGGTCGGCCACCTGGAAGGCCACCACGGTGCCCTTGATGCGCCGGGTCTTCCAGGCCAGGTTCATGCCCACGCCGTCCCAGAACAGGGCGTGCAACTCGCCCTGGGTGAAGGTGCGGAAACGGCCGAAGATCTGGGCGGCCACTGAGATGTCCTTGTTCACCAGCAGTTCGTACTTGCCCTTGGCCGAGAAGGCCGTGATCTTCATCGGCATGGGGATGTAGTAGCTCTGCTTGGTGAAGTCCGAGCCGCCGCCGGCCATGCCGGGCAGGGCCGTGGTCACGTCCAGGTCGACGGCCGAGCTGTTGTAGGTGTCTTCGGTGGAGGTCTGGAGGTCCAGGGCCTGATTGTAGATCTGGATGTGGTTGTCCTCGTCGATGAGCACGACCTTGTAGCCGGTCTGGTCCGGGAGATAGGCGAAGTTGTAGACGTTGGCGAACTCCGGCAGGGCGATGCGCTTGCCTTCCACGAGGTTCTTGCCGTTCAGGTGGTATTCATAGACGCTTTTGGAATTGAACAGCTCCGTGGAGCCCTGCTTCTGGCCGATGAGGGTCGGCGTGTAGGTCGGAGGCATGGCCACGACGGACAGGAAGACGCGGGCGCCGTCCAGGATCTTCTCGAGCTTGTTGCCCACGAAGGTGAAGATCATGGAGTAGGGCTGGCCGTCGCGGAAGGCCCCGACCACGATGTCCTGGATGCCGTTGCCGTCGGCGTCCACCGCTCCGATGAAGAGCAGTTCATATTTCTGGGTGAAGTCTATGCTGTCCAGGGGGTTCAGGCGGCCGTCCTTCATGGAGTAGGCATAGAGGGCGTGCTGGCCGAGGATGAAGACCTCCTGGCGGCGGTCGCCGTTGGCGTCGCTGACGACCATGCCGCGCGAGGCGTATTTGAGGTTCTGGGAACGCCACTGGCCTGGGGTGTCGGCGCCGCCTTCATAGCGGAACTGGGGGTTCACGGCGGCGATGGGGTCATTGGCGTTCGCGCCTTCGGCGGCCAGGAAGGCGGGATTGGAGGGCGCGGCGGCGCGCTGCTCGGGCGACGGCGTGGGCTGGTTGGGTGCGCCGAAGAGTTCGGCCAGTTGTTCCTTGGCCAGGGCGTCCAGGCCGGGCACCAGGCCCTCCATGGACATGTCCTTGGTGGCCGTCTTGGCCTGGCCCTTGGCGTCCATGCGCTGGAGTTCCAGCGTGACGTGGTCGCCCAGGATGTTCACGGCGCCCCAGAAAAGGTACTGGCCGTTTACCCGGGCGAGCATGGACTGTCCCTGGGTGCCCGTCGTCGGCGGGGTGGAGCCCAGGGAGACCGCGGCCTCCTTGGGCAGGGCCTCGAACTTGCCGGGCAGGGTCAGGCGCGAGGTGAGCATGGACTGCACGGCCGGGCCGAGATAGAGGAACTTCTCCGGGCCGTTGACCTTGAAGGGCAGCACGGCGTAGGTCTTGGCCGTCTGGGCCAGGGCCGCGCCCGCCAGAGTCAGGGTCAGGACCAGGGCTATCGATATATTCCTTAAAAATTTCATGGTGTTCCTCCGGTGAGATGAACGCTGTGGAAGCAGAACGCGCGAGGCGGCACTCTAGCAGGCCCCCCCGTGTTCTGTAAAGCAAGGACGCCGGGATGGGCCATTCGTTACGGAGCTTCCGCCTCGTGGGCGGCGCGGCCGAGGCCGGGGGCATCGAGGATCTGCTGCGGGCACAGGGCTTCGCCTTCGAGCCCGAGCCCTTCTGGCCGCTGGCGCGACGCCTGACCGGGGAACCCTTTCCCCTGGGTGGATCGCTGGCCGCCCGTTTCGGCCGGGTCTACATCCAGGACCGCTCCTCCATGCTCCCGCCCCTGCTCCTGGCGCCGCCTCCCGGGGCCGTGGTCCTGGACATGTGCGCCAGCCCGGGGAGCAAGACCGGTCTCCTGTCCCAGATGGTGGGTTCTCAGGGCTTCGTGCTGGCGGTGGAGGCCTCGGCCGATCGTCTGGCCACCCTGCGCGCCAACCTGCGGCGCATGGGCGCGGCCAACACGGCCACGATAGGCCTCTCTTCGGAACGGCTGCCTCTGGCCGAGGGCTCCTTCGACCACATTCTGCTGGACCCGCCGTGCAGCGGCTGGGGCACGGCGGAGCGCAACCCCAAGGTTCTCGAGCTCTGGTCCGGCGACAAGACCGCGCCCTTGGTGCGGCTTCAGCGCGTGCTCCTGGCCAAGGCCGCCGCGCTCCTGGCCCCCGGGGGGCGGCTTCTCTACTCGACCTGCACCACCAATGTGGAGGAGAACGAGGAGCAGACCGCCTGGGCCCTGTCCGAACTGGACCTGGAGCCCGCGCCCCTGTCGCCGCCCCCCGGTTTCGTCTTCGACGCCCCGCTGCTCGGGCTCGACGGCGTGCTGCGGGTGGCCGAGGAGTCTCAGGGACAGGGGTTCTATCTGGCGGCCTTCACCCGGCGGGGCGGGGGGCGAGCCGCCGCCTCGGAGCGCGCGGCCCTTCCCGGCAAGCGTCTGAACCCGGCCCGGTTGGCCACGGAGGCCCCGGTGGACTGGGAGGCCCTGCCGCCGGGTCAGATCCACGACTTCAACGGCAAGGTCTATTTCCTTCATGAACGGGCGCTGGAGCTTCTGCCCCAGGGCCTTCGCTGGCAGGGCTTCGCCCTGGGCAAGACGGCGGCCGGAGTCTTTCGGCCCGATCCCCTGTGCCGCCCGCTGCTGCCGTCCCTGGCGAGCCTCCCGGTCGGGCGCGTGTTCGACGCCCAGGAGCCCGCCGAACTGGAGGCCTTGCTCTCGGGCCAGGCCGTGCCCTGCGGTGAAGGGAAAGGACCGGCCGCGTTGTATTACCGGGGGCTGAGCCTGGGCTTCGTCGGCCGCAAGGGACGCCGTTTTCTCTGGACCGGCGCGGGTCTATAATGAATGTCCTTTCAATTCAATTTGTTGCGTCGAACGATTTTTTTGATGATTTCTTTTGACAACCCGGGCCGGGCTATGTCATATGAGCCTTCCGCCGGGGGTTCCGGGGTTCGTTGACAGAGCCTGCCCATGTGAGTAGCTCCTTCCCGGGGGCGGATAGCTCAGCTGGGAGAGCACCGGCCTTACAAGCCGGGGGTCGCAGGTTCGAGCCCTGTTCCGCCCACCAGCGGATTCATAGCGCGGAGCCGTAGTTCAGTCGGTTAGAACGCCGGCCTGTCACGTCGGAGGTCGCGAGTTCGAGTCTCGTCGGCTCCGCCAGCAAGATCCAGGGGATCGGGAAATACCCGGTCCCCTGTTTCATTCTAGAAGAAAGCCCAATCGCCATTGTTCGGGTTGTTTCCTTTCAGCGACGGTCGGAGGGTGCCACCTCAGGCCGTCGCTGTCTTGTGTTGGGCCGCGTGTTGGACCTTTCGTCCGAGTCCCCCCTCCAGGAGCTGGAGGTGCGGGCGCAGGTGGTCCAGC
NZ_CP168306.1_gap88	2927436	2929395	1959	TCACGTGGATGACGTTGTGCAGGCTCCTGTCCGCCGTGGAGATGGAGTGCTTGAACTCCATGGCGATGAGCAGGGTCATGATGCCGCCGAACACGGTCTGGAACATCTCGTGGTTCAGCGGGTCGAAGGCCTGGCGCAGGAGCAGCGAGGCCACGTCGTCCACGAGCCGGTACAGGGCCACGGCCACGATGGCCGAGATGACCAGGTCCAGGGCGTAGGCCACGGCCTTTTCGAACACGGCGTAGGCCCCGCGTTTTTTGGCGAGCCTCTCGATCCTGGAGGTGAGATCGTCCAGGGAGAACCTTCTGCCGCGGGTCATGGGGTCGGAACACCTCCTGTGCGATGCGAAAACGCGGAAGGGGGCGCGCCACAGGCCGCGCCCCCCTTCCGAATCCTTCCGGTTTCGTGGATCCCGTATGCCTGTGGATCTGCCTCCGTCGGGGAAGGGGCCGGGGTCAGCTCAGGGCGATGCGCCTGGACTCCAGGGCGGCCTGGGCCTTCCTGGGCAGGGTGACGGTGAGCACGCCGTTGCGGTACGCGGCCTTGACCCCGTCCACGTCGGCGTCCTCGGGGATGTTCAGAACCCGCTGGAACGAGCCGTAGCTGCATTCCACCCGGTAGTAGTCCTTGCCCTCGGACTTCTCCTCCTTGCGCTTCTCGCCCCGGATCACCAGGGAGTCGCCCTTGACCTCCACCACCACGTCCTTCTCCTCCAGGCCGGGGAGCTCGGCCGTGATCGTGTACTCCTTGTCGCTCCCGGCCACGTCCACCTTCGGCTTGAGGAATCCGGCCTCCAGGGGCGCCGCCTCGGTGCTGGACGAGGGAAAGCCCAGGCCGAAGCTTCGAAACACGTTCTCGAACAGCCGATCCATTTCTGCGTGAAGGCCGAGCAGGGGGCTGTAGGGGTATGCCGCCCCCCCGCCGGCCCGGGCCACGGGCAGGCTCTTTTCCTGCTCGTCTTCCTTCCTGAACCAGTTCCAGGGATTCAGCTTGGCGATGTCCATCACGTCCTCCTTGGTTTTGGTTATCTATTTCAGCATGTTGAATATAAGCACCGGGCGCTTCCGGTCAAGGGCCGCATGGGGCCCGGCCGGGCCTCTGGAGGGAGGGCCCGGCCGGGCAGAGGGGGAAGGTGACGGCGGACAGTCTCCTGTGCAGGAGGAGCGGGCCTGCCCGCCGCCTCAGCGTCGCCCGCCCTAATACATGTCGTCCATGCCCTGGGGCATGGCCGGAGCCGGGGCCTTGGGCTCCGGCTTCTCGGCCAGGGCGCACTCGGTGGTCAGCAGAAGCCCGGCCACCGAGGCCGCGTTCTGCATGGCCGAGCGGGTGACCTTCTTGGGATCGATGACCCCGGCCTTGATGAGGTCCTCGTACTCGCCGGAGGCCGCGTTGAAGCCGAACCCGGCCTTGCCCTCGCGGACCTTCTCCACCACGATGGAGCCCTCGAAGCCCGCGTTGGCCGCGATCTGGCGCAGGGGCTCGTCCACGGCCCGCTGCACGAGGCGGATGCCCGCGGTCTCGTCGTCGTCGGCTCCGGTCATGGCCTCCAGGGCCCTGGCGCAGCGCACCAGGGCCGCGCCGCCGCCGGCCACGATGCCCTCCTCCACGGCCGCGCGGGTGGCGTTGAGCGCGTCCTCCACGCGGGCCTTCTTCTCCTTCATCTCGGTCTCGGTGGCGGCGCCGACCTTGATCACGGCCACGCCTCCGGCCAGCTTGGCCAGGCGCTCCTGGAGCTTCTCGCGGTCGTAGTCCGAGGTGGTCTTCTCGATCTCGGCGCGGATCTGGGCCACGCGGGCCTGGATGTCGCCCTTCTGGCCCGCGCCGTCGATGATGGTGGTGTTCTCCTTGTCGATCTTCACGCGCTTGGCCTGGCCCAGGTCGGCCACGCCCACGTTCTCCAGCTTCACGCCCATGTCCTCGGAGATCATTTTGCCGCCGGTGAGGATGGCGATGTCCTGG
NZ_CP168306.1_gap89	2946190	2949971	3781	GGGCAGGGTGGCCGAGCGCAGGACGATGTCCGCGTCGGTCTCCTGGATGGCCGGGACGATGATGTACTTGAGGGCCAGGTTGAGCTTGGCGCCCTGGATGCCCTTCTGGCGGCGCATGGCGGTCTGCATGGCCTTGAGGGTGTCCGGGGACACCGGGCCGAGCGCCGCGCCGGAGGCCAGGTTGCGGTGGTCGCCGTGGAAGAGGAGCTTGTTGTCCTCCTTCAGGCGCAGGGTGTCGCTGAGCAGCAGGCCGTAGACCACGTCCGACTCCTTGCGCCGGGCGGCCTGGCCCAGAAGCCGGGGCATCCGGGCGAAGGCCCGCAGGTCGTCGTTGACGATCATCTCGTAGGTCAGGGGGACCATGCGGCCGTACTTGCCCACGCTGTAGGACTCCTGCTTGTCCCGGAGCGTGCCGGTCCTGTACTCCTCGCCCTCCAGGGTGAGCACGAGGTCCGGGGCCTCGGACAGGGCGATGCCGTGGATCTCCTTGAAGTCCGTGGCCGGAACCACGTTGACCCAGGGCCGCCAGGTGGAGGGGGTCTCGGCGTAGGCCTTGAGCAGGGTCTTGTGCACCGCGTCCTTGAACACGGCCGCGAAGTCCGAGGTGCTCATGGGCCCTGCCGAGAGGGCCAGGACCTTGGAGGCCACCTGGTTGCGGGACAGGCCCCGGGTGTCGACGCCCGCGCGTTCCAGGCAGAGGCGGGCCAGCTCGTAGGTGGTCAGGCCCCGGAACTCCTCGTGGCCCGGAGCGGGCTTGTCCACCCCGAGGCCCAGGCGCAGGAGCACGCCGTGGCGCGCGGCCAGACGGAACTTGTCGCGCTCGTCCGCGCCCGTCTCCAGCCGGGCCCCGGCCAGGGGCGGGTTGGCCTGTCCGGCCAGTTCGAAGAGCCGGGCCGTGGCCGTGTCCAGGGGCAGGCCCTGGCCCACCACCTCGGTGACCTGGGCCGCGCTCAGGTTGAGCTGCAGGCCCCGCTGATAGAGCTCGGCGGTGTCCCGGCGGGCCGTCTCGGCGGCCTCCCGGCGCGCGGCGGCCAGCTCGGCCTCCTGGGCCGGAGCCTCCAGGCGGCCGTCGCCCGGGGCCGGGGCGGCCGGGGTCATCAAGTCCTTTTTCTCGGGCATCTCGTCTTCCTCCTGGGAAAGGTTGGCGTCCGCGCTCAGGGCGACGGCCGCGGTATCGTCGTCCGCCCCGAACGGGACGAAGCTGACCTCGAAGACTTCCGACTCCAGCCAGACATCGATGGGACCCTCGACGGTCCGGCCGTTCACCATGTGGGTTCTGCCCTTCTCCACCCGCAGGAGCTTCCGGCCCTCCACGCCGATGGAGGCCTGCCAGGGGAAGCCCTCGCGGGCCAGGCCGAGCACCTCCCGGGCCCTGCCGGTGACCTGGGAGAACTGGCCCAGGACATAGAAGCCGTTGGCGTCCGTCCTGGCGCCGTCGATGGTGCCGACCACCTCGTGGGGATCGTGGAAGTAGAAGCTGGGGGCCTTTTCCTTGCGAAGCTTCAGGCCCTTGAGGTCGATGATGAAGCGGCCGAGCCAGCCCCAGTCCACTTCCTTGCCGGTGTAGGCCAGGATGGCGAAGCGGGACGGCCCGCCTTCCTCTTCCGGAGTCTGTTCGCCGGACATGGCGACCTCGGCCGCGAGCATGGCCGTGTTCCGGTCGCGCAGCTCGGCCAGACGGGCCATGCGGCCCTGGTTCCAATCCGCCGTGCAGGCGGCCAGGGCGTCGGCCTCGGACTCTCCGGCCTCGCGGCGCTCGGCCAGACAGCGGCCGAGGAAGTCCTGCTTGGCCTCATTCCTCCTGGGCTTGGGCATTGCCGTTCTCCTTGGCTTGCAGCCCGCCGAAGAACGTCTGCTCCTCGGCCAGCTCGTCCATGATCTCGTCCAGGTCCTGGCCCCGCGAGGCCGCGATGCGCCGCCGGGAGGTGGAGCCCAGGGCCAGCTCCAGCTTGGCCGCGCTGGCGTCCTTGTACGGGTCCACCCAGGGCCAGCCCGGGGTCTGCCAGGTGACGGGGATCTCCGGGCCCAGGTCCTCCAGGCCGGAGAGGAAGAGAAAGCGGGACCAGAGGTCCCAGACCGGACGGTTGAAGGCCCGGTTCAGGAAGATCTGCTGCTTCTGGTAGCCCCGGCGCTCCTCCAGGGCCGCCGAGCGGGCCGAGGAGTAGGAGGCGTCGGTGTAGTCGTTGGAATAGGCCTCGTAGCTCATGCCCAGGCCCGCCGACGCGCCGCGCAGCTGGACCTTGCTGAACGGCTCGTAGGTCATGCCGGGCCGGGTGAAGCCCGCGGCGTTGATCTTGGTGCCCGCGGGCATGATCTGGATCCGGCCGGGCTCCACGAAGTCCGGGAGCCTGACCTCGCCGCCCTCGTGTCCGCCGGGCAGGGCCCCGCCGAAGTGGGCCGGGTCCATGGCCTCGGGATAGGGGGTCTCCACGAAGAAGCCGAAGGCGGCCGTGAGCCGGGCCGCGATGCGTTCGGCGTCCTGGTACTCGTCGAAGTCGTGCATCTCCATGATCACGGCCGCCAGCCAGGACATGCCGCGCGTCTGGGAGGCGCGCTTGGGCGCGAAGACGTGGGCCACGCGCTCGGCCGGAACGCGCGCCGAGGCTCGGGCCGAGCGGCCCATGGGCCCCAGGCCGCCGGGGTGTTCGCTGAACAGGTGGTAGGCCACGGGCGCGCCCTCGGCGTCGAACTCCACGCCGCGCACCGCCCTGTTGCCGTTCGCCAGCTCCCCGTGCACCGAGGCGTCCAGGTGGTCCGCCTCCAGGATCTCCAGGCCCAGGGGCACGACGCCCTCGCGCAGGAGCCGGGCGGACTCGTAGAAGTGCACGAGCGCCTCGCCGTCCACCCAGCAGTGGCGCAGGGCCAGTTCCTGCTTGCCGTAGAAGTCCACGCGCCGGTGCTCGGCCCAGCGCCGGAAATGATCCTCGGCCCGGGTGTTGCGCGCCCGGTCCAGGCGGCCCTGGGCCGTGCGCAGCTGGGCCTGGGGCCGGATGCCGGTGAAGATCACGTTGTTGCAGATCTTCTCCAGCGCACCGGAGACGTGGGCGGAGTTGCGGGCCAGGTCGCGGGCCCGGGCCGTGACCCAGGCCCAGTCGCGGCGGATGTGCTCGTCGGCGGTCTTGTTGGCCGGACGCCAGTTTCGGTTGGCGCCCTTGCGCGAGGCCGCGGCGTAGGACAGCAGGGCCCGGCGCTGGCGCATGTACTCCACGGCCCGGGCCGGGCGGCGCAGGCCGATGAGGTGGGCCATGCCCAGGGTCCAGATGTCGTAGAGGCCGCGCGCGAGGTTCACCGACGGCCTCCGAACACGGCCTGACCGTGCAGGGAGCCGGACAGGCAGGCCAGGCGGGCCTCCAGCTTCTCGATCTGCTGCTGGAGCGCGGGCAGGTTCGCCCGGGAGAAGACGGTGTCCCCGGCGGTGAAGGACTGGGCCCCGCCGAGGATCGCCTCCTCGGCGGCCAGATACCGGTTCAGCCGGGCTTGCAGTTCGTCGCGCGTGGCCATGTCCGCTCCAAAGGGGTCTTTTGGAGCGAACCTACAGCGCGGTTCATTTCGGAGGGAAGGGAGTCGTTACCAGGGCTGGTAAATTACCAGGGCCGGGAAAGAAGCCGCGGACTGTCGCGATGTCCTCCCCCAAGATGTTTTTTACCGAAAAACATGATACATCTTCAGTATCCAGGCATGGAAGGAAAAGCGCCATCCTTGCCGGGGATCGGTCCGGCGCGCTGGAGTCCTTGGGGTGTTCGTCTTCAAACGCCACCAAGGCGATGGGGAGGCCCCCGTC
NZ_CP168306.1_gap90	2953337	2956009	2672	CTCCTCGGCAGCCCAGCGTCCGGCGGACACGGCCACGTCGCGGGCATGGTCGGTCCAGAGATAGCCGCAGAGGCCGCACTTGTAGCGCGCCAGCCGCTTGCGCTCGATCTCGGCCGGGTCCTTGGACTCCCGGCAGACGAGCCCGGACTCGTTCAGAACCTGGAAGCGCATGCACGAGGGACAGCGGGCCTCGAAGCGCCGCAGCTCGTCCACGTACTCGTAGCCGCCGTCCTCGCGCCGGGCCATGGCGAAGCAGATCGAGCTGCCCTCGTCGCCCACGGGCTTGCTGACCCGCAGGACCTTGCTCTTGTGCGAATAGGAACGGGTGCGTTCGAGGAAGTCCAGGACCGGCACGCCCTGGCCCGCCACCTGCCGGTAGAGGTCCTCCTCGTCCAGGAAGAGATCCTGCACCGAGATCGAGGCCCGCTGGGCCGGGCTCTGGGCGCTGGAGAGATAGAGGGCCGAGCCGTCGCGGAAGCGCACCTGGCCGCCGGAGATCTTGCCCAGGAGTTCGCGCACCGGACGGCAGGCCCGGAACATGGGCTTGAGCTTGGCGTCCGTGACCTTGCGCAGGGTCTCGTCGTCGGGCATGCCGAGCATGCGCGGCCCGGGGCGCATGTCCACGGCGTAGGACAGGCAGGCGTACATGGCCAGGGTCTTGCCGGTCTGGGGCGCGCCGCGAACGAGCACCTCCTCCACCCCGGGTTCGCCCCAGGTGTCCATGATGCCCGGCAGATAGGGGTTCACGTCCAGGCGGAAGCGGCCGCCCCGAAAGGGGCCGTCCGGGATCACGAGGTGCGCGGCGGCCCAGCGCGAAACCGGGATGCGCGGCCTGCGCCGGAACACGTGGCGCTCGCCCGGGGTGAAGCTGAAGATCACGGCCGCGTCTCCTCCTCCGCCGGGGCGGGTTCTTCCTGGTCCGGCGCCGTGAACTCGCGGTCCTGGCTCCAGGCGTCCATCCAGTCGGCGGTCCGCTCGTTCCACCACTGGACCAGCTCGGGCAGGCGGCTCTCGTCGCCGGCCACCAGGGCGATGATCTCGCCGCCCAGGCGGTGGATGAAGCCCTCCACCTCGGACTTGAAGAACATGGCCCGGGCCGCCAGCTCCTGTTCGTGCTCCGCGCGGGGCATGAGCAGGCCTTGTTCGCGCTGGAGCTTGAGGCGCTGGCGCTCGGCCTGCACGACCTTGAGGTCCGCGTCGGCGGCCAGCTTCTGGGCCGCGGCCTGGTTCCCGGCGCGGTCCCCGGCCCGGGCCAGGGGGGTGAGGTGCGTGGCCGCGTAGGCCAGCAAAACCCCGGCCTCGAACACGCCCTCGGTGTTGGGCGTGACCCGGCCCGCGCGCGCGTCCTTGTTGAACTTGGACTTGCCGATCTTGAAGCCCTGGGCCGTGAGGAAATCCACGGCGTCGAGCTGGGTCTTGAACACGCGGCCGGAGTTCGCGGGGGCCTGCAGGCGCGCGGTCTCGGTCTCCACCGCCGCCCGCGCCCGGTTGAAGGCGCTGATGTTCTCCTGCGAGGGGTCTTCCTTCATGCGGCGCTTGGCCTCCTCCTTGGCCCTGAGCAGAAAGGCCAGGTCGTTTTCCGCGCTCTTTTCGGCCAGGGCCAGGAGGTTCTGCTCAGGCATGGGCCACCTCCCCGAGGCGCTCGGCCCCGATCTCGTCGAAGGCCGCCCCGCCCTCAAGCGCGGCGGTCCCTCCCGAGTATTCCTGCCAGCACCGCACGATGACGTCGGCGAAGCGCGGATCCAGTTCCATGGTGTCGCACCGGCGGCCTAGCCGCTCGCAGGCCATGAGCGTGGTCCCCGAACCGCCGCAGGGGTCCAGCACGAGCCCGCCGCGCGGGCTGCTGTTGGCCACCTGGCGTTCCACCAGGGCCACGGGTTTCATGGTCGGGTGCAGCTCGGACCGGGCGGGCTTGGGCACGCTCAGCACGGTTCCGGGGATCTCCTCGACCACCACGTCCCGGCCCCGGATGAGCAGCACGGCGTCGCCGGTGGCCACCTGCCAGACTCCGTCCCCGGCCGGGAGCACGGTGTCCCCCGCGAAGCGCTCCAGAAGCGTGGTCTGCTTGCGGTCCCCGTACCAGCGGTGCCGGGCCGTGGGTTTCCAGCCGTAGAGAATGGGTTCGTGCTGCCAGTGGTAGTCGCCCCGGCCAAGAACCATCTGGTGCTTGCGCCAGATGAGGCAGGCGGACAGACGGAACCCGGCCCGCTCGAAGGCCCGCCGGAAGGCCAGCCCGCCCCCGGCCTCTGAATGCGCGACGTAGACGGCCCCGCCGTCCGCGAGGGCCTCCCAGGCGCGAGAGAAGAGCGCGTCGAGAAAGGCTTCGAAGGCCGGCTCGCCCATGCTGTCGTTCCTGATCTTCCCGGCCTTGCCCGTGTAGTCCACGTTGTAGGGCGGATCGGCCCAGACCATGTCCGCGCGCTCGCCGTCCAGCAGGCGGGCCAGGTCCACGGTTCGGGTGGAGTCGCCGCAGAGCAGCCGGTGCCGTCCGAGGATCCAGAGGTCGCCAGGACGGCTCACCGGATCCACTGGAACCTCGGGAGCGGCGTCCGGGTCAGCGCCGCCTTCCGGGGCCAGGCCCAGGAGGAAGGCGTCCAGCTCGCGGTCCTCGAAGCCGGTGAGCCGCAGATCGGCCCCCAGGTCGCGCAGCCCGGCCAGCTCCACCCGCAGGC
NZ_CP168306.1_gap91	2959322	2961068	1746	TTCTCGCGGCCGGAGGTGTCGCGCAGAAGCGCCACCCGTCCCAGAAGGGCCTTGCGCAACCCTTCGTTGGCCTTCTTCTCGGCGTCGGTCAGCTCCTCGGCCTGCTTGGCGAGCTTGGCCACCAGGCGGAGATACTCCTCGCAGACCGTCTCGATCTCGGCCAGGACCGTTTTCTGTTGCAGGTCTTCAGCCCAATGGTGTCCTGCCCACTTCAGATACCTCCCCCAGATGTCGACGTAGATGAATCTGCCCCGATTGAGCGTGTTGAAGAGCAGAGCGTCGCCCACGCGGTTGGCGCGGAAACACTGGAGGATGAACTCGTCGGACAGCGGCTCCGGAGCCTTCGCCGGCTCCTTTTCCGCCTCTTCCTTCACCCGGGCCTCGACTTTCTTTTTGATCTCGTCAGACGACATGGGTCACTCCCTGGGCTTCCGTTTTTCCACTGAATAATTTCCGTAAAAATCCGCGACCCCTCGCGGTGTTGTCGACCCCTGCGCCAAAGGCCCCGGGAAGGACCCGTCGCCAGGCGTCGGGCCGTGGGACCTTCTGGATAGATTCCGAGAGGAAGGGGGGACGGGGAACGCGGAGGCGCCACCCCTGGGGCACCGCGCCTCTGCGCGGCGCATCGGATGCGGGCGCTGGTGCGCCCGCTCGTTGAGGACAGGATGCAGTCCAAGGGTTGGGAGGCGGCCCTCTGGCGTTGGGCCGATGTTGGACTTTTTGGCCCGAACCCCTCTAAAAAGGGGGGAGGGCGAAAGGAAAAAAGTCAATGAGACGGCGGGGTCAGAGCTGTCCCAGTGTTCTGTCACGTCGGAGGTCGCGAGTTCGAGTCTCGTCGGCTCCGCCAGCCAGAAATGAGCCCTTGCAATTCACTGCAAGGGCTCTTTTCTTTGGTTTCCGGTTCTGGTCATTTCCCAATATATCGTATAATAATTAGAAAAAATGAGATTCATGCCGCCAAATGATTTATCTCGATTGGTGATGCTGGGCGGTTGCGCGGGCGGTGAGATGGTGCTCGAAATAAAAGAAGAAATACGACGGCGCTTGGCCGAAATCGAAGCGAAAGAAGATGTTAGGATTCTTTATGCTTGCGAATCCGGGAGTCGCGCCTGGGGATTCGCCTCGCGCGACAGCGACTGGGATGTTCGCTTCATCTATGCGCACAGGAACGATTGGTATTTGAGTATTGATGTGGAGAAAAAGCGCGATGTGATTGAACTGCCTATTTCCGATGACCTGGATGTCAACGGATGGGATGTCCGCAAAGCGCTTTGGCTCTACAGAAAGTCAAACCCTCCGTTGCTCGAGTGGATCGATTCTCCGATCGTCTACCAGAAACGCACGAATTTCATCGATCGATTGCGAATGCTTCTGGCAGATTATTATACGCCTAAAACATGCCATTATCATTATATAAGCATGGCAAAAAAGAACTATCGCGAATACCTGCGCGGTGAAAATGTGAGGCTTAAGAAATATCTTTACGTATTGCGGCCATTACTCGCTGTGAGATGGATGGAGCAAGAAAAATGTCCAGCTCCTGTCGAGTTTTCAAAACTGTTGAAGTGTATTGAATTGTATGATGCAAAGAAAGAAATTGAAAAGCTTGTCGAACGGAAAATCAATGGCGATGAGCTGGATCATGGAAAGAGGATTGATATTATAAATCAATTTATTGAAAGTGAATTAGTCCGAATGGATTCTCTTGTTCCAAATGGACCGTTACACGCGGATGTCGGGCCGCTT
NZ_CP168306.1_gap92	2963583	2965598	2015	GCATGCCCAGTCCCGGGCGCTGGAACAGGGCGCCGGCGACGTGGCGACCGCCATCCGCGAGGTGGAGGATGCGCTGCTGCGCCAGGACGCCTGGAACCTCTCCCACGCCAAGGGCGTGAATCTTCCCTGGCCGGACATGTGCAGCGGCGCGTTCTGGTGGCGCTCCTCTGATTCCCCCTGCGACGCTTCGCCGGACCCCGCGGGCGCGGCCGCGTGGTAGTCATGCCGGAACGGAAGGCCCTGCTTCGTGACGCGGCCGCTCTCGGGCCCATGCTTTCGGCCTGGCGGCGCGATCTGCACCGGCGGCCGGAATTGGGCTTGAGCTGCCCGCGCGCGGCGGCCCTGGTGGCGGGCGAACTGCGCGGCCTGGGCCTGGAGGTGCGCGAGGGGCTGGCCCACAGCGGAGTGCTCGGCATCCTGCGTGGCGGCTCCGGCCCCACGGCGGCTCTGCGCGTGGACATGGACGCCCTGCCGCTGGAGGAACAGACCGGCCTGGACTTCGCCTCGGAGATCCCTGACCGGATGCACGCCTGCGGCCATGACGGGCACACGGCCCTGGGCCTGGGCGCGGCCCGGCTTTTGGCCGCCCGGCGCGACGCGCTTCCGGGCACGCTGCTGTTCCTCTTCCAGCCCGGCGAGGAGTATCCCGGCGGAGCCCGGCTCATGATCGCCGACGGCGCGCTGGACGACCCGAACCCGGACGTGATTCTCGGCTGCCACCTCTTTCCGGCGCTGGAGCGCGGCCGGGTGGGGGTCTGCTCGGGCCCGGCCACGGCGGGCAACGAGGAGTTCACCCTGACCGTCACGGGCCGGGGCGGACACGCGGCCCGGCCGCATGAATGCGCCAATCCGATCCAGGCCGCGTCCCGGCTCGTGCTTGATCTCCAAGGCATCGCGGCCGGACGGGTGGACGCCCGGGAGCCCCTGGTGCTGACGGTGGCCGAATTTCAGGCCGGTTCGGGCCACAATGTCATCCCCGAGCATGCCGTGCTCCGAGGGACGCTCCGTTTTTTGAGCGAGACGGCCAGGGAGGCGGCCATGCATGAGGTCCGCCGCCTTGTCCGGGGCGTGGAGGCCGCTTGGGGCGTGCACGTGACCCTGGAGAGCCGGGTGGACGGACCGCCCATGCGCCTGCCCGAGGATCTGGCCGGACTGGTGCGCGGCTGGTGCGCCGATCTCCTGAGCTCGGAACGGGTGGAGCTGCTGACCCGGCCCTCCATGGGCGCGGAGGACTTCGCCTATTTCGCGGAGGCCCGCCCGGCGGCCTATCTGCGCCTGGGCTGCCGCGACGCGGCCCGATCCGCCGGACTGCACACGCCGTTCTTCGATTTCGACGAAGCCCTTTTGCCCGACGCTTGTGCCACGCTGGCTTGGTGCCTGTGGCGTTTCCTGACTGACTGGCCACGTATTTCCACTTTCTCCCCCGTCTGCTGATGCGATTTTATACACCTGCATAGACCACGGCCTATGCAGGTGTATAAAAACCTGCGCGCAACTCGACTCTCCGGCCGTGGTCCACCACGCGGCTGCGCTTCTCCGGCAACATAATATCCTTATTTTATTTATTTTATAGTTTTACGATCTCGGACTGTTCCAATGCCCACCTGATTGGCACGTTTTTTCCTATATGAGGGCGACACCCCTACCCCGTTGGGGTATACTGCAAGGTAGGGCCGGAGTCGGCCCTGAACGGCACAACCCATTGGCGCACAACGAAGGAGAACGACGATGACCCGCAAGCTGGCGACCCTGATCGTGATCGCGGCCCTCACCCTGGCCGCGGTGAGCATGGCCTTCGCCGAAGGCAACGCCCGGAAGGGCAAGTATCTTTACCGCAAGAACTGTCGGAGCTGCCACGGCGTGAACGCCTCGGACCTGAGCCCCAGCTCCAAGACCCAGGCCGAGTGGAAGAAGGCCATGGGCTCCTGGCAGTCCCTGCCCTGCGTGAAGCAGTGGCCCGCCGTGTCCGACGAGGACCGGACCGACATCTTCACCTATCTCCACGACTACGCCAA
NZ_CP168306.1_gap93	3050519	3055205	4686	CCTATGCCTCCGGGGACGTGGAGGCGGTCATTCGCGCCGATGACCGGTTCCACAACGCCCTGGCCGAGGTCGCGGGCAATCCCGTGCTCCTGCGCGCCCGTGAATCCCTGCACAACATCTGTCTGCGGTATTGGTTCCTCATCCGCCAGAACTACATCCTGGAGCCCGGCGCGGCCGAGGCCCACGTCCGTCTGGCCGAGGCCGTAACCAGGGGCGACGCCGAGCTGGCCGCCGCGCTCCAGGAAGAGCACGTGCGCGGTTTCGCCCGGTTGCTCGAGCGGGAGTAGGGGGGCGGGCAGGTTTTGACAGAATCGCCCACGAACGGGGCGGGCGAAGGACAAAAGAAAAACCGGCGGTCTTGCGACTGCCGGCTTTCTTTTTCCCTGTGGTGCGCCCGAGAAGATTCGAACTTCTGACCTACGGATTCGTAGTCCGGCGCTCTATCCAGCTGAGCTACGGGCGCGTTGGGAAGAGACTTGTTATTCCCATTCGCTTTCGTCGTCAAGTCTTTTCGCACCGTTTTTCGCCCTTGCCAAAAGCCTCGGCCGTGCGCATGGTTCCGGCCATGAACAGTCTCAGCGAAAAAGTGACGGCCGGCCGCGCCGCCCTGGAAGGACTCCTGACCCGCGCCGAGCCCGGCCGCGTGGCCGTGGCCTGGACCGGAGGCAAGGACTCCACCGTGGCCCTGGCCCTGTGGCGGGAGGTCCTGGAGTCCCGGGGCCTGGGGCCGTTGCGGGCCCTGAATCTGGATACCGGACTCAAGTTTCCGGAGATCATCGCCTTCCGCGACCGTCTGGCCGGGGAGTGGGGCCTGGAGCTGACCATCGTTCGGCCGGAGGTGGACCTCTCGTCCTATCCCGTGGCCCGGGACAAGGTGGCCTGCTGCCGTGACCTGAAGATCGCGCCCCTGAGCCGGGCCCTGCGCGAGGCGGACATCGCCGTGCTCATCACCGGTCTGCGCGAGGACGAGCACGCGGCCCGGGCCGGGCTGCCCTTCCTGGAGGAGCGGGCCGATCCGCCGCACCTGCGGGCCAACCCCCTGGCGGACTGGACCGAGATGGATATCTGGGCCCACATTCTGGAGCGCGGTCTGCCCTACTGCGACCTCTACCTCCAGGGCTACCGCTCCCTGGGCTGCATGCCCTGCACGCATCTGCCCACGGACCCGGCGGACGAACGCTCCGGCCGCGACCAGGACAAGGAGCGGCACATGGCCGAGTTGCGCAGCCTGGGATATTTCTAGCGGCCCACACCTGCCGCCCTTTTCCCGTCTTTCTCGAGCGAGGCGAAGTCCCCCCTCTGGGCGTCGGAGGCCTTCTCCCGCCTTGGCTTGCCCGGGGAAATGCGCTATCGCCACGGGATGCAGCAAACGGAATCGCCGATCATCCGCCACCGCACCCGCGAGGTGCGCGTGGGCTCCGTGGGCGTGGGCGGGGACAACCCGGTGCGCGTGCAGAGCATGTGCAACACCGACACCCGCGACGTGCCTTGCACCACGGCCCAGGTGCGGGCGCTGGCCGAGGCGGGCTGCGAACTCGTGCGCCTGGCCGTGCCCGACGAGGCGGCCGCCAAGGCGCTCACCGCCATCCGCGCGCAGTCGCCCGTGCCGCTCATCGCGGACATCCACTTCGACCACCGGCTGGCCCTGGCCGCCCTGGCCGCGGGCATGGACGGCCTGCGCATCAATCCCGGCAACATCGGCGGCGAGGCCAAGGTGGACGCCGTGGTGGCCGCGGCCAAGGATCGCGGCGCGCCCATCCGCATCGGGGTCAACTCCGGCTCGGTGGAAAAGGAGCTGCTGGCGCGTTTCGGCGGCCCCACGCCCGAGGCCATGGTCGAGAGCGCGCTCAAACATGTTGCCATGCTGGAGCGCCGCAACTTCGACCAGATCAAGATTTCGCTCAAGTCCTCGTCGGTCCTGGGCACCGTGGCGGCCTACCGGCTCCTGGCCCGGAAGGTCGACTACCCTCTGCACATCGGGATCACCGAGGCCGGGACGCTCGTGCGCGGGGCCGTGAAGTCCTCGGTGGGCCTGGGCATCCTCCTCTGGGAGGGCCTGGGCGACACGCTGCGGGTCTCCCTGACCCATGACCCCGTGGCCGAGCCGGGCGTGGCCTGGGAGATCCTGCGTTCCCTGGGCCTGCGCGCCCGGGGCCCGGAGATCGTCTCCTGCCCCACCTGCGGCCGCACGGAGATCGATCTCATCGGCCTGGCCCAGGAGGTGGAGGACCGCCTGCGCGGGGTCACGGAGGTCTTCACCGTGGCGGTCATGGGCTGCCCGGTGAACGGTCCGGGCGAGGCCCGCGAGGCGGACATCGGCATCGCCGGAGGCAAGGACCTGGGCATCATCTTCCGCAAGGGCGAGGTGCTGCGCAAGGTGCGCGGCAACGACCGGCTCTTGCCCGAATTCATGCTGGAAATCGAAAAGTTCCTGAAGGAAAGGAGAGAGGAATCCCCATGCGACTGAGCCGCTACTATGTCCCGACCCTCAAGGAGGACCCGGCCGAGGCCGAGGTGGTCAGCCACAAGCTCCTCATGCGCGCGGGCATGATCCGCAAGCTGACCTCGGGCATCTACACCTATCTGCCCCTGGGCCTGCGCGCCCTGAACAAGGTGGCCGGCATCCTGCGCGAGGAGATGAACCGCGCCGGGGCCGTGGAGATCCTCATGCCCTCGGTGCAGCCCGGCGACCTCTGGAAGGAAACCGGGCGCTGGGACTTCTACGGCAAGGAGCTGCTGCGCATCAAGGACCGCCACGACCGGGACTACTGCCTGGGCCCGACCCACGAGGAGGTCGTCACGGACCTCGTGCGCGGCGAGATCAAGTCCTACAAGCAACTGCCCATCAATCTCTACCAGATTCAGACCAAGTTCCGGGACGAGATCCGGCCCCGCTTCGGCCTCATGCGCGGCCGCGAGTTCGTCATGAAGGACGCCTACTCCTTCGACAAGGACGAGGCCGGGGCCGAGGCCAGCTACCGGGCCATGTTCGAGGCCTACACCAAGGCCTTCCAGCGCCTGGGCCTGAAGTTCCGCGCCGTGCAGGCCGACTCCGGGGCCATCGGCGGCGACTTCTCCCACGAGTTCATGGTTCTGGCCGCCACGGGCGAGGACACCATCGCGGTCTGCCGCGACGCCAAGTGCGGCTTCGCCGCCAACCTGGAGAAGGCCAAGGTGAACAAGCCCGCCGGGGACTGCGCCTGCGCGGCCGACTGCCCGGCCCTGGAGACCGTCTCCACTCCCGGCACGCACACCGTGGAGGAGGTCTGCGCCTTCCTCAAGATCGAGCCCAAGGCGCTCATCAAGACCCTGCTCTTCGACGCCGACGGCAAGGCCGTGGCCGCCCTGGTGCGCGGCGACCGCCAGCTCAACGAGGTCAAGTTCAAGAACCTCCTGAAGTGCAATGACCTCAAGCTGGCCGACGAGGCCCAGGTGCGGGCCTGGACCGGCGCGCCCGTTGGTTTCGCCGGACCAGTGGGGCTCAAGGTCGAGGGCGTCTACGCCGACCACGAGCTGTGTTGCGCCACGGACTGGGTGGCCGGGGCCAACGCCGCCGACGCCCACGTGAAGCACCTGAGCCTGGGCCGCGACGCGAAAGTGACCGCCTTCGCGGACCTGCGCGTCATCGAGCCCACGGACCCCTGCCCCGAGTGCGGCGGCCCCATCGACTTCACCAAGGGAATCGAGGTCGGCCACGTCTTCAAGCTCGGACTCAAGTACTCCAAGGCCATGCAGGCCACCTTCCTGGACGAGAACGGCAAGGAGCAGCTCATGATCATGGGCTGCTACGGCATCGGCGTCTCGCGCATCGTGGCCTCGGCCATCGAGCAGAACAACGACGACAAGGGCCCCATTTTCCCGCCCTCCATCGCGCCTTTCGAGGTCTCGCTCCTCTCTCTGGGGGCCAAGGACCCCGAGGTGCTGGACAAGGCCGCCGAGCTCTACGAGCAGCTGCGCGGCATGGGGGTGGACGTGCTCTACGACGACCGCGACGAGCGGCCGGGCGTGAAGTTCAACGACGCGGACCTCATGGGCTTCCCCATGCAGCTCGTGCTCGGCGGCAAGGGCCTCAAGGCCGGGATCATCGAGGCCAAGGACCGCAAGACCGGGGAGCGCAAGGAACTGCCCTTGGACGGCTTCGCCGCGGCTTTTGCGGCCTGGCGCAAGGATATCTGGACCAGTTGGGGGCTGGAGTAAGGCGGAAGAAATTCGGACCGCTTCCATCCGCCGCGGCGGGGAGTGCTCGTGCTCCTCTTGTCGGCGGGGTTTGTTTCGCTCTTTTGGTGCGGTAACGAAGGCGAGGAAGGCGTCGTCTTCGGTCTATTGGCGCCTCAAGCGGATGAGGTCCGATTCCTTGTGATGTCTTGTTCGTCGGCTGTTCGTGGGGGGAGGTGCAGGCCCGTCGCACTGTTTTCTCAGGGGATCGCAGCGGCCTTTCACCAGGTCGATTTTGGCGGCACTGCCTGTCCTTTTTGCATGGAGTGATTTGTGAGACGTTTGATTCTGCACATAGGATTGCCGAAAACCGGCACGACGGCTCTACAGCATTTTTTTACCGAGAATCGAAAGCTGTTTGGAGAGCAAGGGATACTTGTCCCCAAGACTCCGCAAAATGTCCATCGGGCATACGGTGTCGTATTCGAAGCTTCGCAGCCTTTTCCCCATGAACGGGTATGGAAGCAAGTC
NZ_CP168306.1_gap94	3253459	3258336	4877	ATATTCACAAATGCCGTGTAAACGCGTACAGAATAGCAACTCGTATGCCATGGGCCCCGTGGAGACGCCTGCCGAGCCTACTTGCCCGAAAGAAAAAGATATTTCTGTTCTAGGAATGTTTCTTAAAAAGAAGATTTCTTTCTTTTTCGAAAAAATTTTAGTGAGAACGAAGTTTTTTCTTCTGCAAAAGTCCCTGGAGCATCTCCCACCCCCAAAGTCGACTTTTCGGAACCGGCAGAAAAATAAAATGTTTCTCCAAGCGTCAGGGTGGAGCGGCCTTTTCCTTGCATATCCCGGCCGATTTCTCTGAACCCGGAGGGAACTGAGCCATGATCACGCGAAAAGATCTGTTGTCGGAGATCATCGAACGCGAACTCGCCATGTTCCAGAGCGTGAATAATCGCGGGGGGCGGGCGGACTGCCAGGACATGCCCGAGAGTTTTCGCCTGATGCGCGAAATCACCCATGCCGTCCTGTCCGTCGCCTTTTTGGAGAGTTATGGGCAGGATCTGCGTCGCGCTGAACGAGATGGGCGCAATTTCATGACCGAAAAATACGCGATCATGGAAGGGCAGATCGCGCCCATCAATCCCGACCCGCGCATCCCCGAGATCGCGGACCAGGAGACTGACTGGCGCGAAGCCGTGGCCGCGGAATTCCCCCATGCCGTCGAACCGGGTGGGAGTGAGGCCTTCCGCCGCTATCTCCGCGCGGAGCTGCAAACCTATTCGCCGGGCACCATCGGGGCCTATGCGGAATGCGTGGACGCCGCCCGGCGCGAAGGGCGGAATCTGGCCCGCGAACGCTACGATCTTCTCATGAGCAAACTGGGTTTCGGCTCTCTCGCGGAGCGCGAGGCATCCGTGGAGAGGGGCGGCTGAGCCGCCCATGAAAAGGATACGGACGGGCCATGTTCGACCTGGAGCACATCATCGTTTTCTCCGCCTGGCTTTGCGGCGGCTTCATCTCCGGCGTGAGCGGCATCGGCGGGGCCATGTTCGCCGTGCCGATCGCCGCGGCGTTCATCCCGATGCACGAGGTCATCGTCCTGAGTTGCATCCTGAACTTGGCCATGGATGCGGGCATCTGCGTCATGCAGTACCGCTTCTGCCGCGTCACGGCGGTGCTGCCGATGCTGGCCGGGGCCATCCCCGGCTCCTTCGCGGGGCTGTACATCCTGAAATTCGTCTCCGGCGACGTGCTGCAGGGCGGTGTGGGCCTGCTGTTGCTTTTTTATGTCTGGTGGCAGTATGCCTCCCGCAAGACCAAGCCCCGGGGGGAATCCTGGCCCGTCGGCGCCTCGGCCGGTCTGGCCGCGGGGCTTCTGGGCACCGCCATCTCTTTCGACGGACCGCCGGTCGGCGCGTATGGGCTCTACGCCGGATGGCAACCCCGGGTGTTTCTGGGAACGATGAGCGTGTTCTTCGTCCTGCGCAGCACATTGACCTGCACCCTGCAGGGGATGGCCGGGCTTTATACGCCGTCCGTGCTCAGCTACGCGATGGTCGGCGTACCGGCGACGTTTCTCGGGGCCTTGCTGGCCTATCCCCTCACCAAGCGGATTCCACAGCTCGTCTTCCGCCGTGTGCTCATGGTGATCATCGCGGTGGCCGGGGCGTCCTGCCTCCTCCGTTCGTTGCTATGACCGGTCGGGATGATCCGCACGTTTTTCCCCGAACTGCGCCGGATCACCCGACCCCCCGGGAGGTGCGCGGATGAGTGGGGAAAACGGTGGTGGTCTCGCCCTGAGTCGGTTTTTTTATGCCGAATATGGGCGGGACATTCTGCGCCGGCTGCTTCCGGATGTTTTCCCCCACATGGCGGTCGGGCTGGTGGGGGAAGGCTCGGAATGCTTCGGCTTCGACGACGTCCTTTCCCGTGACCATGACTGGGGACCGGCTTTTTGCGTCTGGCTTCCGGCGAATGAGCTGGAAGCGTCGCGCGAGTCGATTCTCACGGCGTTGGCTGAGCTGCCCGATGAGTTTCGAGGTCATGCGACGCGGCTGAACCCGCCGCGTCCGGCGGATCGCGTGGGCCCCTTGTCCGTGGAGAATTTCTACGAACGCTTCACCGGACTTCGCCGCCCGCCCGAGAGCTGGCGGGAATGGCGGCTCATTCCCGAACCGAACCTGGCCGTCTGCACCAACGGCGAGGTCTTCGAGGACAACCTCGGCCTGTTCTCCGCATGGCGGGAGACCCTGCTGACCTCCTTCCCCAAGGATCTCCGGCTGAAAAGGCTCGCGGTCCGCTGTTTCGACATGGCGCAGGCCGGGCAGTACAACCTGCTCCGCATGGGCTCACGGGAGGACGCGGCGGCCGCTCTGTTCTGCGCGGCGCGTTTCGCTGAACAGGCGGTGTCCTGCGTCTTTCTGCTCAACAGGCGCCATGCGCCGTTCTACAAATGGGCCGCCCGGGGCGTCCGCGCCCTGCCCCGGCTCGGAACGGAGGCCGGAGAGGTGTTGGACGTCCTGTCCGGCGTCCGCTGGAGCGATGCGGGCGAACGCGGGCGGGCGCAGGACGCCGTGGAAGCCTTTTGCGCACAGGTGGCCGCCGAGCTTCGCCGCCAGGAGGTGAGCGACGCGGGGGGCGACTGGCTCCTTGATCATGCCGAGTCCGTGCGGTCGCGGATCACCATCGCGGCGCTGAGGGAGATGCCGTTGCCGCAGGAGTGAGCGGGCGCCCCCGCCGTCGCATGACGACGAAAAAAGGCCCCGAACGGATCGGGGCCTTTTTTCGTCGATGATCCGCTGCACCGCCGAGGGCTCAGCAGACCCCGTGGAAGGTCACCCGGTCGTGGTACTCGGCCTGCTTGCCCTTGTTCCAGCGGGACACGGGGCGGTAATAGCCCACGATGCGGGTGTATATTTCGGTTTCCGCGCCGCATTCCGGGCAGGCGTCCTGCTCGCCGCGCAGGTAGCCGTGCTCCTTGCAGATGGAAAAGGTCGGCGTGATGGACAGGTAGGGGATTTTGGTCATGCTGAAGGCCTTGATGATGAACTGCTTGAGGGCCCCCATGTCCGCCGCCGACTCGCCCAGGAAGGTGTGGAAAACCGTGCCGCCTGTATACAGCGGCTGGAGCTGGTTTTGGTGCTCCAGGGCCATGATCACATCGTCGCAGAGATGCACGGGCAGCGCCGTGGAGTTCGTGTAGTAGGGCGTGCCGTTGCCCTGAGCCTGGATCTCGGAATAGAGGCTCTTGTCGATCTTGGCCAGACGGTAGCTCGTGCCTTCGGCGGGCGTGGCCTCCAGGTTGTAGAGGTTGCCGGTTTCTTCCTGGAAGCGCGAGGTGAGGTCGCGCAGATGGTTCAGGGTCCGGCGCATGAGCCGGATGCCCGCCTCGGTTTCGATGCCCTTGCCCAGAAGGTTCAAGCAGGCCTCATGGCCGCCCAGGATGCCGATGGTCGAGAAGTGGCCCTTGTAGCCGTTGCGCAGGTACCTCCGGGACCAGGGGAACATGCCGTTCTCCAGGTTGTTGGTGATGAGCTTGCGCTTGTACTCCAGGGAATTCTTGGCCAGTTCGGAGTACTCCGTGACCAGCTCCAGGAAGTCTTCCTCGCTCTGGGCCAGGTAGGCCAGCTTGGGCAGGTTCAGGGTCACCACGCCGATGGAGCCGGTGAGGTCGCCCGCGCCGAACAGACCGCCGGTCTTCTTGCGCAGTTCGCGAAGGTCCATCTGGAGGCGGCAGCACATGGAGCGCACGTCCTCGGGCGAGAGGTCGGAGTTGATGAAGTTCTGGAAGTAGGGGACGCCGTATTTGGCCGTGAGCTTGAGCAGCAGTTCGCCGATTTCCGAATCCCAGGGGAAGTCCTTGGTCACGTTGTAGGTCGGGATGGGGAAGGAGAAGATGCGGCTGTTGTAGTCGCCCTCGAACATGACCTCCAGGAAGGCGCGGTTGATCATCTCCATTTCCTCGACATACTCGCCGTAGGTGGAGTCCTGGAGCTTGCCGCCGATGATCACCGCCTCGTCGGCGATGTGCCTGGGCGGCACGAGGTCGAAGGAAAGGTTGGTGAACGGGCTTTGGCCGCCCCAGCGCGAGGTCGTGTTCAGGTTGAAGACGAACTTCTGCATGGCCTGGCGCACTTCGTCGTAGGAGAGCTGGTCGTGGCGCACGAAGGGGGCCAGGTAGGTGTCCACGTTGTTGAAGGCCTGGGCTCCGGCCCACTCGTTCTGGAGCGTGCCCAGGAAGTTGACCATCTGGCCCAGGACCGAGTCGAAATGGCGCGCGGGACCGGCCGAGGAGCGGCCCTCCAGGTTGAAACCTTCCAGGAGCAGGTCGCGCAGGCTCCAGCCCGCGCAGTAGCCGGCCAGGCCGAAGGAAAGATCGTGGATGTGGAAGTAGCCGTGCTCGTGGGCCAGGCGCACTTCCTCGGGATATTTCTCCAGGGCGTAGCGGGCCTGCACCGTGCCCGAGAGGTGGAGCATGAGGCCCTGAAAGGAGTGCGTCATGTTGGCGTTCTCGGACACGCGCCAGTCGGCCTTGCCGAGGTAGTCGTCGATGATCTCCTTGATGTCCAGGTAGGCCTCGCGCTGGTTGCGCAGTTGGCGGCGTTTCTCACGGTAGAGCACGTAGCGGCGGGCCACGGTGTAGAGCCTCGATTCCATGAGCACTTGTTCGACCATGTCCTGGACGAATTCCTGCTCGGGAATCTCGATGCCTTCGAGCTTGGCCTCGACCTTCTTGCCCAGTCGCTTGGAGAGGATGGGATCCTTGATCCCGCTGGCCTGCAGGGCCTTGAAGATGGCTTGGGCGATCCTATCCGTTGACCACGTTTCCAACCGGCCGTCGCGCTTCATGATCTGCGTGGGCATTTGCTCTCCTCGGGGCTCTGTACGTTTGCAGCGTGAGTGTATGTCCAGCGGGGAGGTAACCCCTT
NZ_CP168306.1_gap95	3264186	3267640	3454	TGCGGGCCACGCCCAGGGCCGTGACCTGATGGGGCCGCAGCCCCTTGGTCTTGGACCCGTTGAGGATGATCTCGCCGTCCGTGGGCTGGTAGAATCCCGAGACCAGGTTGAAGACCGTGGTCTTGCCCGCGCCGTTGGGGCCGATGAGGCCGACGAGTTCGCCGCCCTCGAGGGTGATGTTGAAGTCGGAGACGGCCAGGAGGCCGCCGAACTTCTGGGTCAGTCCGTTGATGGAAAGAAGCGTCATCTCGTCTCCGTCTCCGACCGCTACTTGAACGTGAAGTACTTGCGCATCCTGGGGAACAGGTCGGACAGCTCCTTGTTGCCCATGATGCCCTCGGGCCGGAACTGCATGAGCAGGATGAGGATCAGGGGCACGATGACCCACTTGTAGATCTGCAGGGGGCGCAGGGCCTCCAGCAGAATGGTGAAGACCACCGCCGAGATCACCGAGCCCGACAGGGAGCCCATGCCGCCCAGGTAGACCATGACCATGGCCTCGGTGGACTTGAGGATGTCGAAGGAGCCCGGGTTCAGGTAGCCGACCACATGGGCGTAGAGCGCTCCGGCCACGCCGGCCAGCCCGGAGGAGATCATGAAGGTCACCAGCTTGATGCGGTTGGTGTCCACGCTCATGATCTCGGCCGCGATCTCGTCCTGGCACACGGCGTTGACGCCCTTGCCGTAGGTCGAGGAGATGTAGCGGCGGATCAGGAAGACCGAGCCGAAGCAGCCGATGAGAACCCAGATCATCATCCAGGGCAGGTTCACCACATCGCCCATGGCCGCGATGGTTGGGCGCATGCCGGTGAGCCCCCTGGGACCGCCGATGACGTCCAGATTCTGGATGGCCGAGATGACGATGTAGTTCACCGCCAGGGTGATGATGGCCAGGTAGTCGCCACGGGTCTTGAACGAGGGCACGGCCACGATGATCCCCGCCAGGGCCGCGACCACGCCCGCGCCCAGCAGCACGATGGGGAAGAGGAAGACCGCCGTGGCCGGGGGCAGGAGCGCGGCCCCGAAGAGTTTGCTGTTGGTGAAGAGGAGCATGGAGAGCAGTGAGCCCACGTAGGCGCCGACGCACATGAAGCCGCCGTGGCCGCAGGAGAACTCGCCCATGTTGCCGTTCACGAGGTTCAGGCTGGAGGACATGATCACGTTGATGGCCATGAACATGATCACGGACTGCACGTAGAGGTCGATGGCCCCGGCCTGGGAGAGGCCGATGATCACCAGGGCCAGGACGAGGAGCAAGGCGTTCAGGGCGTATCGTTGCATCGTCGGTTATCCGCTTGCCTAGATTTTCTGGTGTTTGGCCACGCCGAAGATGCCCGTGGGTTTGCGCCACATGATGAGCAGGAGCACGGTGAAGGCGATCAGGTCGCGCAAAGTCGAGGGGAACACGGCGGCCACGCCGATCTCCAGGAAGGCCAGGAGGAAGCCGCCGAGGAAGGCCCCGCGGATGTCGCCGATGCCGCCGACCACCGCCGCGATGAAGGCTTTCCAGCCGATGAGCGCTCCCATGTAAGGCTCCAGGACGGGATAGGCCATGGCGAAGAGCAGGCCCGCCAGCCCGGCCATGCCCGAGCCCAGGACGAAGGTGAAGACGATGATGCTGTCCACCGGGATGCCCATGAGCGGGATGGCGAACTTGTCCCAGGAGATGCCGCGCATGGCCATGCCGATCTTGGTCCTGGTGACGATGAACTGGAGCACGGCGAAGGCGATGAAGGCGGTGATGATGACCACCACCTTGAGGTTGGTCACCGAGAGCCCCGCGAAGGAGTAGACCGTCTTCTCCATCAGCTCGGGGAAGTACTTGCGGCTGGCGCCCAGCAGAGCCAGGTTGCCGTTCTCCAGCATCAGGCCGCACATCAGGGCGGTGATGACCACGTAGAGCCGGTGCGCGCCCTTGCGCCGCAGGGGGCGGTAGGCCACGCGCTCCAGGGTCACGCCCACGCAGGAGGTGAGGATCATCGTCAGGGGCACGGCCAGCACGAGAGTGGCCGTGGGGCCGAGGCCCATGGTCCCCAGGAACAGGGTGGCCACGAAATAGGCGATGTAGGCGCCGACCATGAAGATGTCGCCGTGGGCGAAGTTGATCAGCAGGAGCACCCCGTAGACCAGGGTGTAGCCCAGGGCGATGAGGGCGTAGAAACTGCCCCATTGCAGCGCGTTCAGGATGTTCTGGAAAACGAATTCCACGTCGGGTCCTCTTTCGGGTGTCCGGGCTGTGCAGGCTGCGGGGGCGAGAATCCTTTGCGCGCCTTCATGCCCTTTTTACTCGGAAAAAGCAAAGCCCTTGAAAAACGGCGGGGACCTCAAGGTCCCCGCCGCGATCAAAGGCCGTCCCTTACGGGCAGACGGACTCGGCGAAGGTGAACTGGCCGTCCTCGCTGATGCGCACGACCACGGCGCACTTGATCGGGTCGCCCTCGGCGTCGAACTTCATGGAGCCGGTGATGCCCTTGAACTCCTTGATGTTCGCGATGGCGTCGCGGATGGCCTTGCGCTCGGCCTTGACGTCGGCGTTGAACTTGCCGGCGTCCTGGATGCCCTGGAGCACGATGCGGGTGGCGTCCCAGGTCAGGGCGGCCACGTCGTCCGGCACGTAGCCGTACTTCTGGTTGTAGCGGTCGATGAAGACCTTGGTCTCGCCCTGCGCGCCGGCGGCGGCGTAGTGGGTGGAGAAGAACTGGCCCACGCAGTCCTTGCCGCACAGGGTCATGAGTTCGGCGGAACCCCAGGCGTCGGCGCCCATGAAGGGATTCTTGAAGCCCAGGTCATGCGCCTGCTTCACGATCAGGGCCACCTGGTTGTAGTTGTCGGGCACGAAGATGAAGTCGGGCTTGGCGTCGATGATCTTGGTCAGCTGGGCCGAGAAGTCCTGGTCCTTGGTGCCGTGGGACTCGAAGGCCACCAGGGATCCGGCGCCCATCTTCTGCTCCCAGACCTGCTTGAAGATGTCGGCCAGGCCCTTGGAGTAGTCGTTGGCGATGTCGAAGATCACGGCCGCGGTCTTGGCGCCGAACTGCTTGGCCGCGAAGTTGGCGGCCACGGGGCCCTGGAAGGGATCCAGGAAGGCGGCGCGGAAGACCCACGGACGGCCCTTGGTGGTGTCGGGGTTGGTGGACCAGGGCGAGATCATGGGCGTCTCACGCTCGTTGCAGATGCCGCCGGCGGGCACGGCCTGCTTGGAGGAGTTGGGGCCGACGATGGCCACCACGTTGTCCTGTTCGATGAGCTTGAGGGCCGCGTTCACGGCCGAGTCGGCCTTGGATTCGTTGTCCTGGTAGATGAACTCAAGCTTGTATTTCTTGCCCCCCACTTCCAGGCCGCCCTTGGAGTTGATGTCCTCCTTGAGCATTTCGGCGGCGTACTTGGACGCCTCGCCGACCTTCGGGATGTCGCCGGTGAGCGGAATGTTGAAGCCGATCTTGATCGTTTCCGG
NZ_CP168306.1_gap96	3269155	3270990	1835	AGCATGATGCCGTGCCCGGCCACTGCCTCGCGCAGGCGGCCGCGGGCCTCGTCGCGTTCCTCGAGTGAGAGTCCCTCGAAAGAATCCCCATAGGCCAAGACCCACCAGCCCTCGGGCTGGGGCGGGACGGTTTCGCGCTTCCAGGCGCGCACCCGCTCCAACAGTATCGCCAGGGTCTGTTCCAGGTCGCCCAGTCGCGTGGTCATGGAGACGACCTCATGCGCGGCCGCCGGATCTGGCCGACGGCAGCAGGGTGGAGAGGAAGAAGGCCAGGGCCGCCACGGCGATGATGGCCGCGCCGGAGGTGATGTCCAGGGAATAGGCCAGGGCCAGCCCCGCAACGCAGAACGCGGCGCTCAAGACCCCGGACAGGACCATCATGGCGCCCAGGGAGCGGGCCCGGCGCTCGGCGATGAACGGCGGGATCGTCAGCAGGGCGATGACCAGGATGAGACCCACCACCCGGATGATCATGACCACGCAAAGCGCGGTGAGAGCCAGCAGAAGCACGTGCAGGGCGGCCACGGGTAGGCCACGGGCCCGGGCGAACTCCTCGTCGAAGGACAGGGCCAGGAAGCCCCGGTAGCAGAAAAGCACCGTGGTCATGACCACGGCGGCCAGGGCGGCCATGATCCAGATATCCTCGCGGGGCACGGCCAGGATGCTGCCGAAAAGGTAGCTCATGAGGTCGGCCTTGTAGCCCGGGGTCAGGTCCACCAGGATGATGCCCAGCGCCATGCCCGAGGCCCAGAGCACGCCGATGACCGTGTCCGCCCGCTCCCTGGCCTTGAGCGTCACGGCGGCCATGATCAGGGCGCAGAGCAGGGCGAAGGCCGCGGTCAGGGGCAGCACGGGCAGCCCCAGGAACAGGGCCAGGCCCACGCCGCCGTATGCCGCGTGGGCGATGCCCCCGGAGAGGAAGACGATGCGGTTGACCACCACCAGGGTGCCGATGACGCCGCAGATGCAGCTGGCCAGCAGTCCGGCCAGCAGGGCGTTGCGCATGAACTCGAATTGCAGGGCCTCGACCATCCGTCTCTCCGCGTCCCAGTGATGGTGATCAGCAATAAAAGTTTAAAAAATCAATTGAATATAAAGCAATGATCAATATTGATCAACAACGATCAACTGTCAATCGGCGATCTCGCCACGAGCTACCGCCTGGACGTATTCCAGAGGCATCATGGTCTTCTTGGCCGCTTCTTCCGCGCTGCCCTCGGTCAGGGCCCGGCGCACCACCACGGACATGGGTTCGGCCACCTCCACGAGGTGCCCGCAGGGATCCAGGACGCGGAAGCAGCGCTGGCCCCAGGGTTGCTCCACCATCTCGTGGACCAGGGGCGCGGAGGCGGCGCGCACACGCTCCAGGGCTTCCGCCGGGTCCGGGCACTCGAAGTACAGTTCCAGTCCTCCTGGTCCGAAGGAGAACGACGTCGTGGTCTTGCCGAAGATCATCTCCCGGGCCGCGTCTTTCTGCCAGAGGCTGAACTCGCCGGTGAAGACCACGTAGACGCCGAGGTCCATGACCACGGCCTGTCCGAGTACGCCCTCATAGAACGCGCGGGCGGCGGCCATGTCGGAGACGAAGACGGCGGGGGCCTTGTAGCGGACGCTCACGAGTCCTCCTTGATGGGGATTCCGCCCAGCGTGCAGCGCGCCCCCCGGCCGTGGGTCACCAGGTCCACGGGGCAGCCCGCCGCCTCGTCGCCGCCGTAAGTCATGCGGAGCATCTCCGGGGTCAGGGCCGGAGCGGCGTGCGAGTGCAGGGCGCGGTTCACGCAGGCCACGGACTTGACGCCGCGCGTGAGCACGGAGACGTCGTGGCTGACCATGAC
NZ_CP168306.1_gap97	3460889	3463964	3075	AAGATTATTCCGTTGACGGCGCCAGCATGCAGTTGGCCCTTAAGTATGTCGACGGCAAGCCCCTCATTTCGGGTCTGAAGAAGGTGAGCAAGCCCGGTCGCCGCATCTATGTTGGGGTTTCTGAAATCCCGCGTGTGCAGAACGGCCTGGGCATCTGCATCCTCTCCACCTCGCGGGGCCTGATGGCCGGGGCCAAGGCCGCGGAAGGCAATCTGGGCGGCGAGCTCGTCTGCGAAATCTGGTAGCGAGGGAGTAGGTCATGTCCCGTATAGGCAAAAAGCCCATCGACATCCCTTCCGGTGTCGAGGTGAAGATCGGCCCGGAGGCCATTTCCGTGAAGGGCCCCAAGGGCGCCTTGAGCACTCCGGTGCATCCCAAGGTGTCCTATTCGCTCGAGGGCGACAAGATTCAGGTTTCGCCCGTGGATGAGTCTCGCATGGCCAATGCTCAGCACGGTCTCCGCCGTACGTTGCTGGCCAACTGCATCCATGGAGTGACCGCCGGATTCCAGAAGACGCTGGAAGTGATCGGCGTCGGCTACAAGGTTTCCGTGCAAGGCAAGAAGGTGGTGCTCACCGTGGGATATTCCCATCCGGTGGAGTATCCCCTGCCCGCCGGCATTGACGCCGCCGCCGAGGGAAACAAGCTGACCATTTCCGGCCTGGACAAGCAGATGGTGGGCGAAGTCGCCGCCCAGCTGCGCCGTGTGCGGCCGCCCGAACCTTACAAGGGGAAGGGCATCAAGTACGTCGACGAGCAGATCCGCCGCAAGGCCGGTAAGTCCGGCGCCAAGTAAGGCCCGGGAAGCAGGACGAAGCCATGAAGATGACGAAGGAAGAATCGCGGGCCCGCCGCAAGGTGCGCATCCGCAAGAAGATTTCCGGCAGCGCGGAGAGGCCCAGGTTGGTGGTCTTCCGTTCCAACCGGCAAATCTATGCGCAACTCATTGACGATATCGCCGGTCGGACTCTCGCGAGTTCCTCCACCCTAGCCCTGGGCAAAGGTGGCGAGACGGCGAAGCTGAATCTGGAGTGCGCCGGCAAGGTGGGTAAGGACATAGCCGCCAAGGCTTTGGCCGGAGGCATCGAGATGGTGGTCTTCGACCGCAACGGCTATCTGTACCACGGCCGCATCAAGGCCCTGGCCGAAGGCGCCCGCGAGGGCGGGCTCAAATTCTAGAGGGTGTGACGCGATGGTGGAACAGAACGAATCCGGGCTGATTGAAAAGATCGTCTACCTGAACCGCGTGGCCAAGGTCGTCAAGGGCGGCCGGCGCTTCAGCTTCAGCTGCCTGGTGGTGGTGGGAGATGGTCAGGGCAAGGTCGGCTATGGTCTCGGCAAGGCCAATGAGGTTCCCGAGGCCATCCGCAAGGCGTCCGACAAGGCTAAGAAATCCATGATCCGCATCCCCGTGCTGGAAGGCACCCTGCCTTACGAGGTGCTGGGGCGCTTCGGCGCGGGCCGGGTGCTTCTGAAGCCCGCCAGCCGCGGTACCGGCATCATCGCCGGCGGCCCTGTGCGCGCCGTCATGGAGGCTGTGGGCGTGTCCGACATCCTGACCAAGGCCATCGGCACCAACAACCCCCATAACGTGTTGCGCGCCACCATCACCGGCCTGGCCTCCCTGCGCAGCGCGGACGATGTGTCCGGGCTCCGCGGCAAGGAACTGGTCACTCCGCGCAAGTAACGACGACCAGAAAGGGGAATCCGCGTGTTCAAGGTGAAGCTCGTGAAAAGCCTGATCGGCTGCACCCCGGCCCAGCGCAAGACGCTGGCCGCCCTGGGGCTCAAACGCATCCGTCAGGAAAATACTTTGAAGGACACTCCCGCCGTGGCGGGCATGATCGAGAACGTGAAGCATCTGGTTGAGGTGTCCAAGTCATGAATCTGCACGAATTGTATCCCTTCCCCGAGGAGCGCCAGACCCGCAGACGTGTCGGCCGCGGCCCGGGATCCGGGCTGGGCGGAACGTCCGGCCGTGGACACAAAGGTCAGCTGTCCCGTTCCGGCGGCAAGTCCAAGAAGGGCTTTGAGGGCGGTCAGATGCCCTTGCAGCGCCGCCTGCCCAAGCGCGGCTTCAAGAATCCCTTCCGGGTGGAGTACGAGGCCGTGAATGTCGGTCTTCTGCTGGCCGCCTTCGAGGGCAAGTCCGAGATCACCGTGGCCGACATCTACGAGCGCGGCCTGTGCCGCCCGGGCGCCCCGGTCAAGATCCTGGGCGACGGCGAAGTGACCGCCGCGGTGACCATCGAGGCCCATCGCTTCAGCGCTTCGGCCGCTGAGAAGATCACCAAGGCCGGCGGTTCCGCCAAGTCCTTGGAAGGAAAGTAAGGGGACGCATACGTGGCTTTGTCCGGTGTCGAAAATCTGGCGCGGCTGCCCGAGCTGAAGAAGAAGCTCGGGTGGACCTTCCTGTTGCTGGCCGTTTATCGCCTGGGCATCCACGTTCCGGTCCCCGGGGTGGACGGCGCGGCGCTGGCGGAGTTCTTCGCCAGCGCGCAGAATACCCTATTCGGCCTGTTCGACATGTTCTCCGGCGGCGGGTTGAAGAATCTCTCCATCTTCGCCCTGGGCATCATGCCGTACATCTCCGCGTCCATCATCCTGCAACTGCTCACCGTGGTCAGCCCCGAACTGAAGCGGCTGTCCAAGGAAGACGGTCAGGCCGGGCGCAAGAAGATCACCGAATACACCCGCTACGGAACGGTGCTCATCACGCTCATTCAGGGTCTCGGCATCGCCGTGGGACTGGAGAGCATGACCAGCCCCACCGGAGCACCCGTGGTCGTCGATCCGGGGTGGATGTTCCGTTTCATGAGCGTTGTCACCCTGACTGCGGGAACCATCTTCCTCATGTGGCTGGGTGAACGCATCACCGCCAAGGGTATCGGCAACGGCATCTCGCTGATCATCTTCGCGGGCATCGTGGCAGGCTTGCCGTCCGCGGTGGTCAACACCTTCCGGCTCATGAGCGCGGGCGAACTGTCGCTTTTCGTGCTTCTGCTCATCTTGGCCGTGATGGTGGCCGTGCTCGGCTTCATCGTCTTCATGGAGCGCGGGCAGCGCCGCATTCCC
NZ_CP168306.1_gap98	3491643	3496055	4412	GGCTGGCGCCGTGCATGTGCCGCGCGCCGACGACCGTGATCCCCAGCCCCCAGAGATAGGCCAGGATCGGGCCGGCGACGGGAACGAAGGAGAGGACCAGGGGGGCGTTGGAGTAGGCCATGACCCGGAAGGTTCCCTCGAAGCCTTTGTTCGCGGAGCGGAAGAGGATGAGGCAGAAGTGGAAGACCGCCGTCTCCAGGAAGAGGAACACGGAGAGGAAGAGCGGGGCCAGGACCAGGGCCATGACCAGGCCGAAGCCCATGGTGCCGGGCGCGACCTCGGGTTTTTCGCCCAGGAGCCCGGTCATGCTCCAGAGAAGCTGGAAGAATATCTGGAACTGGCCCAGCAGGACGGCGAAGGTCAGGGGTTTGCCCAGCCCGCGCTGGGGCATGGCCTGGAAGAAGAGCTGGGGTGAGAACATGGCCCGGCGGATGGTCTGGGTGATGCCCGGGAAGAAGCCGAACTGGTCCAGGCGTTCGAAGGGCACGTCCACTTCAGGGCGTTCCGGGTCGGCGGCGAAGGGGTCGTCGGGTGTCTGCCCGGGTTGGGGTTCCGCTTGCTCCGGCTGGATCGATCCCAGGCGCTCCCAGATGTCATCCTCGGCTGGCGCCGCGGGCGGAGGAGTTTCAGGCGCTTCGGCGGTCGGAACGTCCTCGGCAGGGGCTGCGGGAGCCGTCTCGGCCTCCTCGGGCGGCAGGTCGCGGAAGCGGAACTTGTGCTTGCACTTGGGACAGGTGGCCACTTGGGCGCGGGCCGGTATCTTGTCTTCGGGGAGTTCCCGGCTGAATTGGCATTGGGGACAGGTGACGAGCATGCGGGTCCTCGTATGAAGTTCTTGGGCGCTCAAGCCCTCCGGGGTCAATAACCTAGCCCCTTTCACAGGGGGAATCAAGGCGGCGGCGTCCGGCTTCGCTGGATTATAGAAAGCCAGCAAGCAGCGCGCGCGTGTGCTCCGACTTCAGGGGCGGTTCCAGCAAATGGCGCGGCAGGTGGGGGTAGTCCCGACTCAGGGTATGTCCTCGGCCGCTTCCGGCAACCAGGAAGGAGGCCAGTTTGCGGCGGATGGCTTCGGGCCGCTTGAGCAGATGGGTATGATGCAGGATAGGCAGGTCCAGGGCCACGGCCTCGGGGCCGTCCAGCCCGGTGAGCCGTTCATGCACCGGCTTGACGAAGGAGAGCCCCGGGTTGCGGCGGAACAGGCGCAGTTGCAGGTCGGGCCAGAGCCCCAGGCCCATGCGGCAGTGGTCCTGGTCCGGGTAGAAGGTCAGGCGCGGGAAGTGCCACCCGGCGACTTGGCCCTGGGCGGTCAGTCCCGCGATGCGGGGCCAGTCTCCTGGGCGCAGGGTTTCGTCCGCGTCCAGATAGAGAATCCAGGGGCTGCGGCAGAGGCCCAGCATGGCTTGGCGCTGGGCCGAAAAGTCGTGTTCGAGGAGGCGCGCGGCCTGGCGTAGGGGGACGGAGCAGGGAGGAATCTTGGAGGGCGGAGAGGGCGCGTCCCAAAGGACGCAGAGTTCGGCCAGCCAGGAAGGAAACTGGGCGAAGAAGCCCGGCAGATCCGGCTCGTCCGGCCGCAGGATGGCGGCGGCCGAGATGGCCGGAGCCTGTCCCGGGGCCGGGGGCGGCACGTCCAGGGGGCGGGAGGCGCTCAGGGTGCGTTGCAGGGCCGCCAGTCCGGCGCGTTCGGCGTCCGTGGCCTCGGGGTTGAGCGCGAGCACGGCGGCGGCCGGAGTGATCCCCGCCATGTCCATGAGGAAGAGCAGGGCCCAGGGCGAGGTGTCGGCCAGCAGGGCCAGGCGTGGATCGCGGCCAAGGCTGGGGAGCCCGCCCGCTTGGAGCGCGGCCCGGGCCGAGGCGGGGTCCAGGGTGCAGACGAGGAGTTCCACGGTCCCGGGCAGGGCTTCGGAAAGGGCCGAGGCCAGGGCCCCCGAGCCCAGGCCCAAGAGAACGAACGATTGCCGGCCGCTCTTCTCGGCCAGTCGCAGGCAGCGGACCAGGGCCTTGTCCAGGGCTCCGGCGTCCGGCCGAGCGGGGGGAGCGGTTTCGGCGGCTCCGCTCCAGGCGAAGGAAAGGACTTCGGCGCCATAGGCTCGGAGCAGTTCCCGGTTCATCGGTTCAGCACCTTGGCGGCCAGGATTTCACGATAGATGTCGCCCAGGCGGGCGGTCAGGTCCTGGGCGCGGAACAGCCGCGCCGCCTTTGCCCGTCCGGCCTCGCCCATGTTTCGGGCCTCCTCGGGGTGGGTCAGCAGGAAGATCACGGCCTGGGCGTATTCCCGCGTATCTCGCGCCACCAATCCGGTGACGCCGTGCTCCACCAGTTCGAGTTGGGCGTTGTCGCGCGGCTCGGGGCAGGGGTGCGTGACCACCGGCAGCCCGGCGGCCATGGCCTCGGCGATGGCCAGGCCGAAGGACTCGCCCGTGTCGTTGGCGTGGGCCAGGAGGGAAATCGAGTTGAAGAATCCGGCCAGCTCCTCGTCCGAGGTCAGCGGCGGCAGGAACTCCGCGTTGGCCTCCAGGCCGTGGGTCCGCACATACTCCTCGGCCTCCGGGAGGCCGCCGACGATCCGATAGCGCAACCCGGGCAGGGCCTCGGCGGCAAGAGGCAGGAAATCCAGGGCCAGACGTGACCACTTGCCCGGGTCGGGGCGCGAGAGTCGACCGGCTGCCGGAGCCGAGAGGTCGCGCGGCGGGCAGGCCCGGGCGAAGAAATCCGTGGCCACGGGATTGTACAGTACGCCGTAGCGCGGCGGTTCGGCCGGAATGCCGGTGTGGGCCGCGAAGCGTTCGGCGCAGAAGCGCGAAACGAAAAGGGTGCGGTCCAGCACCTTGGCCGAAGGGCTCGGGTCGTGGCGACCGAAAACGTTGGTCTCCACGACCACGGGCACGCGGGCTGCGGCCAGTGGGCGCAGGAGCCCGGGCTCGGGCCAGCCCGCGCGGTGCAGATGGACCACGTCCGGTTTCCAGGCGCAGAGGGTCTTGAAGAGGTCCGCGCCGATATGGGTGGGGATTCCCGCTGCCCGGAGCAGGGGGCCACGCGGCCCGTCCAGCGGACTGTGGACCGCCACCTGAAAACCGCAGCGGTCCAGGTGCGTGGCGAAGAGTTGCATGACCTTTTCCGTGCCGCCGAGTCCCAAGGACTTGGCCACATGGAGTACGCGGATGGGGGCGGCCATGGCCTGTGGTGACACGGACGGCCCGGGAAGTAAACCGGATCAGCCCCTGTTGGAGGCGTAGGCGTTGATGGCCCTCAGCCGGTTCACGCCGGGCTGCTGGGTCGGGGAAGCGGCCGGCGACGCCGGAACGGGGGAAGCCTGCCTGGCGGGTTTGAGCGCCGTCGCGGCATTGTCGTTTTGGGGCAGGATTCCAGCCAAGGGCTGGGCCGGGGAGCCCATGAGGTCCAGGTTGTTGACCTGGGGCATCGGGTGAGCGGGTTTCGGCGTGGCGATGGACTCGTCGGCCAGGGGTGAGGCGCCGTGCAGGGCCGATGGCGGTCGCCCTTCGTAGCCTGGGATGATCTGGGCGAAGGCGGAGCGGATGCCGGAGAGGATGCCGACGACCTCGTCGATCAAGGCCGCATCCATCTTCAGGTTGGCCTTGAGCAGACGAGTGCTGCAGAAGAAATACAGGTTGTTCAGGTTCTTGGCGACGTCGCCGCCCTTCTCCTTGTTCAGGCTTTCGGCGAGTTCGCTGATGATGTCCAGGGCCCGCGAAATGAGGATGCCCTTCTCCGCGTAGTTTCGCTCGGCGATCTTGACCTTGGCCTGTTTCAGGAATTTGATGGCCGCGTCGTAGAGCATGAGCAGCAGGTCGCCCTGGGTGGTGGTGGTCACCTGGGTGGCGAGATAGGCCTTGGCTCCATTCTTCATGAACGATTGTCCTCCACGGGCAGATGGGACGGGCTACGAGCTGCTGCTGCTGGACAACTGCTTGATCGAGCTGGTCAACTGGCTGTTGAGCTTGTCGTAATAACCGAGCAGGGAGTCCAGCCGGGCGTACTTGTTCTTGAGCGTGGTCTTGTATCTTTCCAAGCGGGTCGTCTCGTAGTCGATCTTGCTGTCGATGGACTTGATGATGTCCTTGTAGTTGTTCTGCAGGATCGCCAGGGGGCCGTCGCTTTTGTCGGTCAGATCCTTGAGTTCGTCGGCGAGTTCTCCGGTCTTGCCGCGCTTGACCGTGACCATGCCGTCATAGGTGGAACCGGCGGTTCGCGAATCCAGCCGGATGGCCAGACCGGCCTCCGCAGTCGCCGCCGCGCCGGTGATTTCCCAGGCGCCGGAAATTTTGGCCGCATGGCCGTTGATGGTGGCGCTCTCAATGCCCGAGCCGTCGGCCTTGACCTTGACCTTGAGCTGGTATTCACCGGGTTGGGTGGTGCCCTTGACCAGCGACAGGTACGAGAAGGCCGAGGATTTG
NZ_CP168306.1_gap99	3499964	3500464	500	TTTATTTCATGCGTATATCTTTGTTCCTAACGGCTGTGGCGAGAACGTCGTCCCCGCGCGCCTCGGCGGGCAGAGAGGCTGCGGACTGGGGAATTTCCACTGCGGGGATTTTTTTGAACTCTAAATATAATATCTTTAATTTTAATATGTTAAGCGCGAAACCGGAAGCGTTTGCGAACATCCCGCGAAGTGTAATTGTAAACCTTTACTCTGATCGTATCTTAAAAAATAATGAAAGAGTTCAATTTCAGCTGAAAAATTCATTTTACCATGTTTAAAATGTTGTCAACTTGTTGTTGAAAAAAAACTGTTGCAGGCGGCAAAGCCCTTGTGACCGGATCGTTGCCTACTGGGGAGAGCGTGTGACGGTCGGAACCGAGGGATAGGACTAATAGCTTTTATATCAATGTGTTATGTTGTAGAGAAGCGAAAGGGAAAGCGACGGCGTCGGCCGTTTATTCGCGTTGTTGGCTTCCGACCGATTGCATACAACGCGGAAC
