gap_id	start	end	length	sequence
NZ_CP030364.1_gap1	1617	6471	4854	GTACTTCACTAAGAAGCACACCCAGCACTCCCTGAAAGACATCGGCCTCCACTTCGGCGGGCGGGACCACTCGACTGTCATTCACGCCAACAACGCCGTGGAGGACCGGATGGCGGACGACGAGTCGTTCCGGGACACGGTGGATGCCATCGGGCAGAAGCTCGAACGCCACGGCCAATGAGTGGCGGCAAGGCCCGCTCGGGGCTGAATCTTTCGTCGCCCCCTTCCGTACAGGTCGTAGATGCGGTTTTGCATCTCTTTATTCCCACGCAGAGTTCCTCGACGCTTCCTTTCCGCAACGCGCCGACACCCATGAAATTTACTGCCTCCAGCGCCGACCTCCTTGAGGCGCTCAACACCGTTAAGGGCGCCGTTCCGTCGAAGAGCACGATGCCCATCCTGGAGTGCATCCTCTTCGAGCGGGACGGGGACACGTTGCGTCTGAGCGCCACCGATCTTGAAATCTCGATCATCCAGACCGTGCCGGTTCAGTTCGAAAAGAACGGCACGCCGGAGAGCACCCCCATCGCGGTGCCGGCCCAGCGGTTGATCGATACCCTCCGGGCGCTGCCGGACCTGCCCATTGAGTTCGCGGCGGACAGCGACTTCGAGATTCGGATGGACACCGATCAGGGCCACTACAAAATGGTGGGCCACGACGGATCGGACTATCCGGAGCTGCCGGAGCTGGAGGAGCAGCACGAGATCAACGTGGAGGGGGGCCTCCTGGGCCGCTCCATCGACAAGACGGCGTTCGCCGTGAGCCAGGACGCCCTGCGCCCCGCCATGATGGGCGTGTACTTTCAGGTCAGCGAGGAGGAAACCTCAGTGGTGGCGACCGACGGGCACCGGCTCGTCAAGCTCACCCTGCCGGAGCTCCGGGCCGACACGTCTGCCGACTTCATTGTGCCGGAAAAGGCCACCAAGCTGGCCGGGCGGATCGTGGAGGACGACGAGATCTGTACCGTCCGGGTGGACGACAGCCACGTGAGCTTCGAATTCGGCGAGTCTCGGGTCCTGGCCCGCCTCATCGACGAGACCTATCCCAACTACCAGTCCGTCATCCCGGACGGGAACGACCGCAATCTGGTCGTCAACCGCGAGGACATGCTCAACGCCGTCAAGCGCGTGGGCCTTTACTCCTCCAGCATGACGAACCAGATTCGGCTCGACATCACGGCCGATACCGTCACCATCTCGGCGGAGGACGTGGAGCGCTCCAGCGAGGCCGAGGAGACGATCCACTGCGACTACGACAACGAGCCGATGGAGATCGGCTTCAACTCGGAGTACCTCACGGAGGTGCTCAGCAACGTCGAGTGCGACGAGGTGGTCTTCGAGCTTAGCTCCCCGAACCGGGCCGGCATTGTGTTGCCCCGCGAGGGCGCCGACGACGAGGACATTCTCATGCTCATCATGCCGGTGATGCTCAACACCTACGCCTAATCTCGCCCGGAGCGAGATCCCATCGCAATCCGTGTCTAGACTGGGGGCCGGCGTGTTGCGCCGGTCCCCAGTGCTGTTTGGGAAGGGGAGGGCCTACGGCTGGGTTCCGCTGTACTCCTGCTGAAGGGTTTTCAGGATCTCGTAGGCTTCCTGGGTCTGTCGGCCCTCCCGCTGTACGACGGTCTTGAAGTGCGTCCGCGCGGCGTCAACGTTTTCCTGCGCAAGCGCAATTTTTCCGAGATAGAAGTGTGCCTCAAGCGCGAGGAACGAGTTGGGCTCCGCCTTCTCCAAAACCGCCCCGAGACGCTTCTGGGCCCGGTCGAGCCGGTCGGTGTCGTACCGGGGAAACAACCCCAACGTGGAGATGCGTGCCTTTTCTAAAATCGAGAGTGCCTCCAGGTACCGCTCGTCGGCCGCCGACGAAGCCTCCGGCGCCGCGCTGCGCATCCTCGCACTGGCGTAGTTGTCGACGACCTGATCGCTGACCTCCATGGCAGCAAGCCGGTCGAGGGTCGATTGCGTCGTGAGGCTGATGCCGTACAGGGCGCCGTATAGCGCCACGAGAACCACTGCGACGGCTACGCCCCGGGGCACGCCCCGCGGAAGCCTCCCAATCATGTCCCACCAGGAGGAAGAAGCAGCCGATGAGGATCCCGGCTCCGCACCGGCCGCGTCGGGGGCCTGCACGTTCGCTTCCTCTTCGACCTCCAGGTCGTGCTCCGTGAGTGCCTCGAAGTGCGACACCGGATCGACCGCCGCTTCTGTTTCCCTCAGCCGGCGCTCCGCCGCCTCCACCTCGCGTTGGAGCGCACTGTCCTCCGCAATGCGCGCCTCGAACCGGGCGAACGCCTCCCGCAACCGGGCCGACTTCGTCTCCCCGCGGTCCAGGTGGCGCACCATTACGTAGGTGGCAAAAAGGGGGTCGGAGGGAGGCCCTGTGCTCTCGTGCGACGCGAGGCTCTCGACCGACCGGATGTCGTTAAGCAGGGGGGCCCACTCCGGGTTTTGCTCCACGTATGCCTCGATGTCCCGCTGTTTCTCCCGAGAAAGGTGGGGGTACGAAAGGATCTGTTCTTCAACGTCATTCATGAGCGACACGCTACACGACTACATGCGAAAGGAAGTCCACCGACGCTCCGGAAGGGCCCCAGTATGGGCGGAGTCTGCTTCCAAGAAGACGAGAGGGGTCCATCCCGACGTGCTACAATTCAACACGAGGGAAGCCTCTCTTTCGGGAAATCACGTAAAGGACAGGCAGACCTATGGGGACTTGAGAAGACACTCCAAGTTTGCACGTATAACCAGCTAAACGATAATTTTACGTTTTCTGCCTACAAGTCGGTCTGGGTCACGTACTCACGGAGGCGTTCATCGGTACGGAGCTCCTTCATGGCCTTGTGCTTGTATGTTCGAACCGTCGCTACGGGCTTCCCGACGGCTTCGCTTATTTCTTCAAATTCTCGGTTTTCCAAAAAGTAGAGGCGGGCCGGCTCCTGCAAATAGTTCGGGAGTCCCTCAATCGCCTCCACGAGCGCTTCCTGCACAAAGCCGACCTCCGCGACCGCATTCGTGGTGTCGGCGGTGAGGGTGAACCGGTTTTCCCCGTCGATCGACTCGGAAAACTGGTTGCGCCGGGTGTAGTTGAGAAGTGTATTTTTACACACCACGCTTACCCAGTTGGCGTATCGGGCCGCATTCCGCACCCCGTCGCGGTTCTCCTGCACCTTGCGGTAGGCCCTCGTGATCAGCTCGTCGGCGTCGGACGGATTGTCGAAGGTGCCTCGTGCCGACTTTCCGAGGAAGTACCGACAGACGTAGCAATACGTCCAGAGGTCCGCGTGGCGTTTGGCCTTCGGGTCTTCTTCGTCCCGCCACCGCCGAAAGGATTCGTTCGCGGCGTCGGTATCGTCTACCGAAAACGGCAGCCGATCGATCACGGTCCGGAGCTCGGAGGAAGGAACGGACATGGGGCCCCGTGCGCAGAAGGAATAGCAGCGAGCTTGGACGATATGTTTTTGTTATTCCCCTAACGTAGGTAATTATAAGGCACAACGCCACGGACATCAACGGTATCGCTCCTTCTCCCGAATCGCCGCGACAGAAGAAGCATTTCGTAAGATGAAGGGGCTTTTCTCTTGTCTGACGGGCCGCCCCCCCGACACGATCGACCTGGAAACTGCGTGTGCGGGACAAATGGCCTCCCCGAAGGGGCCCTGCAAACTTTTGGCACCGTGCCGGATTTAACTGGACGGAAATTTTTCGAACCTCCTTTCATTCCCTATGCCCGATACACGTCCTGCGAAGGCGGGCGGGCAGCCCCGCCCCTTCTTTCGGCTCGGAGTCGTTCGGTTCGGATTGACAACGGCCCTCGTGCTGTTCTGGGTCGGGGCCTTTGCCTCAACGGCCACCGGCCAGCGAACCAGCCGCACCCCGGACCAGCTTGAAAACGTGGGGGTGGACCAGAAGCTCGGCGCGACGATCCCGAAGGACCTCTCGTTTCAAAACGAGCAGGGAGAGCCGGTCCGTCTCAGTCAGTACTTCGACGGGTCGACGCCGGTCATGCTGACCCTCAACTACCACCGGTGCCCCCAGTTGTGTCGCATTCAGCTGCAGAAGTTCACCAAATCCTTGAGCGGCATGTCGTGGACGGCCGGCGACAAATTCAAAGTGCTCACCGTCGACATCAGCCCCTACGAAGGCCCCAAGATGGCCCGAAAGGCCCAGGAGCGCTACGCCACGTTTCTGGACCGTCCCGAAGAGACGGTTGACGGCTGGCACTTTCTGACCGGCAATCAGGCAGCGATCGAAACGCTTACCGACTCGGTGGGCTTCCGCTACCAGCCCCTTCCGGAGAAGGAGAAGCAGTTTGCCCACCCCACGACGATCATCTTCCTGAGTGGCGACGGCACCATTACCCGCTACTTTACCACCCTCGACCCGGCCCCGGGCGACCTGCGGACGGCGCTCGTCGAGGCCTCCGATGGCACGGTCGGTAATGTCGTCGACAAGGCCTTCCTGGCCTGTGCGCGATTCAATCCAGACTCGAATTCCTACTCCGCGAGCGCATTCAAGCTAATGCAGTACGGCAGTGTCCTCACGGTGATCGTAATGGGGGCCGCGCTGTTTGTCTTCTGGCGCCGCGAAAACGAGCAGCTCGAGACGGCACACGAGGAAGGGCTCAACGCGATGGTTGACGAACAGGCATGATGGGCGTTGGGACATCCTCAGGGACGCCCCCGCGAAAAGAGACACGACGCGCCCGCACGCCCCGCCGGCCTATTCTGCTGCCCCGTCCTCGTCCACCTCGGCGAGCCCCGTCATCTCCCGGCTGATCCGCCAGAGACGCGCCTCGGCCTTCTCGTCGTAGGCCTCGGGGGATGGGTTTACCACCTCGGTTTCTTTGAAGTA
NZ_CP030364.1_gap2	7772	9230	1458	GGCCTCTACGTGCACGGTAAGCATGTCCGCCCCGGCATCGGCAAACGTGTCGACGTACTGCTGAGGCTCCTCGATCATGAGATGCACGTCAAGCTGCGCGTCGTGCTCGTCGGCCACGGGCCGGAGGGTCCGCACCACGTCGGGGCCGATGGTGATGTTCGGGACGAAGTGCCCGTCCATTACGTCGACGTGAAGCCAGTCGGGCCCGGCCCCGAGGACCTCATCGGCACAGGCGGCAAATCGTCCCGAGTCGGACGCAATGATCGAAGGCGCGAGTGTCGGCATCGTGGGGGAGGCAGGCATGAAGAAAAAAACGCGATCAGGAGCAGAGGGCAAGCGACACACTTAGAATAAAAGGCGCACTCGGATGAACAAAAAGACGAACCGCAATCTTTCGGTGAAAGGCTCGATGGAGCCCTCCATTTTGATCCCGGCAGTCTCCCCACCGCACATCTTTTCCGATCCCCCCGTCGGAGAAACATCCTTTTCCACGGGGAAGTAGGGGGGGCAGGATGCTCCCCAACACGTACCCAGTGCTCGGGCCTCAGCTCGCTCATTCACTCGCCCCCACTCCCATGCCGGTTCGCGACGCCGACCGTGACGACATTACCGATCGCCTCAGCCGTATCGAGGGCCAGATTCGAGGCCTGAAGCGAATGGTCGAGGAGGACCGCTACTGCGGCGACATTCTCGACCAGATTCATTCAGTGCAGCAGGCCCTCAAGTCGGTGGGGCGTGCCATCACCCGAAATCACCTGGAGACGTGCGTGACCGACGCAATCCGGTCGGGCGACGAGCAGGCCGCCCAGGAGAGCTACGACGAAATCATCGGACTGCTCGAAAAGGAGTTGTAGCCAGTCCCCACCACGCCCGACGGCCTCGTACGTCCACCTGAGACACTCGGAATATGGAGGACATCCTTGCCAACCGCTCATCCCCGGACGACGGGTCGCCCTCCAGCGACGGACGCGGAGGGGGACGAACGGTCCACGTCAAGTTTAAGCTCAGCAAGGACGCCATGGAGGCGAAAGAGGCCTTGGCCGCCCACTGGGACGTCTCGGAACAGGAGGGAGCCGAAATGGCGGCTCAACTCACCGTGTCCTTCCTGAAGGACGAGGACGAAGACACCCGACACCGGTTTGTGGAAAAGGCCCGCGACCAGCCTCGGCCACGCACGCGGACGACACACGCGGTGCGTCGTGCCACAAAGTCGCTTCTAGAAACGACAGCAAGCAATCTCGACCTGACCCGGGATCAGTGCCTCGGCGCGTGCCTCCGCCTCGCCCATACCATCATTCAGTTTCTCCGCGAGGACCAACTCGAACGCCATGAGGCACACCTCTCCGCGCTGCGCACCCTCCTTGACCGGGCCCAAACGATTGAGGCGGACCTTCAGGAAGAAGCGACCGCCATCGATCCGCTGAAGCCGGCCATTACCGCCGTTCGGCGTCGCATCGA
NZ_CP030364.1_gap3	15093	17968	2875	AGGAAGACATGCAGGCCCGATACTGCGAGAAGATGCATAAGGCCTGTCTTTGCAAAACGAGCCCGCTGGGCATCGGTGATGCGACTCCGATCCCCCAGCAACAGGGCCCGCAACACCGCCCGTCCCCCAGTGCTCGGTACGTACCGGTCCACCTGACGACGGACGTGCGCCCGCAGGAAGACGAGTGCATTCTGCACCCGTCCCCGCCGATCCCCAAGTACGGCGACGCGGTCGGGGGCGTCGACGTACAGGGTGCAACAGATGCCTCGCCGGGATAGGTACGCGGCATAATCGAAACCTCCAGGGTTCCGGAGGCCCGGGGGACGCCGCAACGACCCACGAAGCCGAGTGACGTCGCCCTGACGGAGTCTGGGAAACGAGGGGACGGTGTTGGCCCACGGGGACGGCTTCAGCGTAACGCGCACTCGTCCCTCCACCGCGGCCGTATCCCGGGCCCCAAAAAGAGTGTTCACCGCCAACACGAATCGGGTCGCCTCGTCGGTCCGCTCCGGCGCATTTTCGACAATGCCCTGCACGGCCACGGCATCGTCGCTCGCCTCCGCCGCCGGGGCGAGCCCTCGGGGCGACGGCCCCTGATGGATGCTATGACGGGCCCCGCCGGCACACCCCACCACCACGATAGCGGCCAGCACTCGCCCAAGGGGCGCAAGGGTAACAAGCCGAGTCCGATCCCACCACTGCATCCCTGCAAACAGCGCAAGTCCAGCCCCGGCGCCGCCCAGCCAAAAGGAAAAAGGGACCCCCTCGAACACCGAATTCCCGAAGACCCCGAGCGCGAAGGCGACCGCCACGTAAAGGGCCGGATAGGCGCCCCAGTGAACCGATGAGTCAGGATCCATGGCCCGACACGCCTCCATGCAGGGAACACGGACTGGACAGACACACCGTTTGGGGGCAGCGTAACGTTCGTCCGGGGCATGGACGGCCCGCCCCCAAATCCAAATTTGGGGGAATCCACGTCCGGGACCGAACTTGACTCCGCCTCAGAAAATAAAACACGTCTCCGTGTATTTGCGGGTCGTCTATTTTCCACTCCCCCAAACGGTTCGCCATGAGCTCCCGACGCGACGCCCGCGAGCAGGTCATGAAGACGCTCTACGCGAACGAGCAGACCGACGGGGACGCCGAGCAGGCCCTGCACGCCCTCGTCCGGGTTCCGCTTGACGAGGATCCCTCAACGCGCGACTTTGCGGAGCACCTCTTCCGAGAGACACTGAAGACGATGGAAGAGGCCGACGAGATTATCGAAAAGCACGCGGACAACTGGGAGATCCACCGCATCGCGGCCATCGACCGGTCCCTCCTCCGAATGGCAACCACGGAGCTGCTGAAATTCGAGGAGGTTCCGCCGAAGGTATCGGTCGACGAGGCGATTGAGATCGCCAAGCGGTACAGCACCCCTCGAAGCGGCACGTTCGTCAACGGCGTGATCGACGCCATTTTGCTCGATCTCCACGATCAGGGGCGACTCAACAAAACCGGCCGCGGCCTCATCGGAATGGATACAATTCAGGAGCGGGCCGGCTCATCGTGAGTCACAAGCCCCGGGTCGCCTTTTCTTTCGCCCACACTGCAGGACACACGCGATGGGACTCATAGCCGTCGGCGACATCCACGGATGCCTCGAGTCGCTCAACGCCCTTCTGGATCGGCTGAACCCCTCGTCGGACGATCATCTCCTGTTCGTGGGCGACTACATCGACCGCGGCCCCGACTCGAGGGGCGTCATCGACCGGCTTTTGGACCTGCGCGAGAGCATCTCCTGCACGTTTTTGCGGGGCAACCACGAGGCGATGATGATCGACTACCTCGACTCGGGGGCCTTCAGCCTCTGGCGCATGAACGGAGGGGTCTCGACGCTCCAGAGCTACCTCAAGGGCGAGGGCTCGGAGGTCCACATCCCGGCCGCCCACGCCGAGTTTGTTCGGGACACGAAGCTGTACCACGAGACGGATGATTTCCTGTTCGTGCACGCCGGGCTGCGGCCCGATCTCACGGTAGAAGAGAATCTGGATCAGCCCGATGAGGAAGTGCTCTTGTGGGAGCGCGGGCACCTGGAGGCCTCGGGGCTGGCCTGGGAGAAAACCGTGGTCTGTGGCCACACCCCCCAGCCCGACCCCATCAGTCACGAGAAGCTGATTCTCATCGACACCGGTTGCGTCTACCACATGAAGCCGGGCATGGGGCGCCTCACGGCGGTGCACCTCCCGCAACGCGAATTTATCGATGTGCCGTACGCCGACGGATAGTCCTGCGTTAAACTCGGAGCAGGAACGCACCCGTTGGCCGAGCCATGCATCCCGGTCGTCTTTCCGTTCAGGTCTCAATCCTCCAATGTCTCTTCAGTGCGGCCTCGTCGGCCTCCCCAATGTCGGCAAGTCGACCATCTTCAATGCGCTGAGCAGTGCCGGGGCCGAGGCCGACAACTACCCGTTCTGTACGGTCGACCCGAACGTGGGGGTCGTGCCGGTTCCCGACGACCGGCTCCCCCGCGTTGCCGAAATGGCCGGGTCGCCGGAGACGATCCCCACCAGCATCGAGTTCGTCGACATTGCCGGACTCGTGGAGGGGGCGGCCGAGGGCGAAGGGCTGGGCAACCAGTTTCTCGCCCAAATCCGGGAGGTCGACGCCATTATTCACGTCGTGCGCTGCTTCGAGGACGAGGAGGTGGCCCACGTGGCCGGCTCCGTGGATCCGACGCGGGACGTGGAGGTCATCAACACAGAGCTCCTGCTGAAAGACCTGGAGACGGTTGAGAAGCGGCTGGACACGGTGAAGACGGCTGCGAAGAAGGGGGACCAGGAGGCCGCCGAGGAGCTGGAGGTGTTCGAACGGCTCCACGATCACCTGAGTG
NZ_CP030364.1_gap4	19995	24452	4457	CGCTCATCGTGGTGCTTTCCGTGATGAACGGGTTTTACGACGTCGTGCGGGACGTTCTCGTGTCGCTCGATCCGCACGTCCGGGTTGTGAGTGCGCAGGGAGAAGGCGTCGCCAATGTAGACTCGCTTCTCCGCGTCGCCCGCGAGACCCGGCACGTGACGGCCGCGGCGCCCTACGTGGAGGGCAAGGCCCTGCTGATGAGCGACAACACGGGCGACGCCAATCGGGTGGTGCGCGTCCGGGGGGTGGAGGCGTCCATGATGGAGGGGGCGGCCCCGACGATGGCCATGGGGCGCTTCGACCTGAGCCGGAATGTGGACGGGGTACCGGGGGTCGTTCTGAATCAGCGACTTGGGCAGCGCGCCGGGCTCGTGCCGGCGGGCCGGGCCCAGTCGAGTACCGCGGTGGGGTTGCTGTCGGCACCGGCCGTGGAGCGCACCCTCACGAACATCTTTGGAAGCCCGCCGGTGCGGCGCTTCGAGGTGCGAGGGCTCTTCCAGTCGCAGGGGACCTCGCAGGGCCAGCGCGTCTTCGTGTCGCTGGCGGAGGCGCAGCAGCTGTTTCGGACCGAGGGCCGGGTGACCGGGGTGGAGCTCCGCCTCGACAACCTGGAACGGGCCGCGGGCGTGAAGGCCGCCCTGCAGCGGAAGCTCGGGACCGACCGGTACACCGTGCAGACGTGGTACGACCTTCAGCGGTCGCTCTACGACGTGATGCAGCTGGAAAAGTGGGGCGCGTCGGCCATCCTCGGGCTCATCGTAATCGTAGCGGCCTTCAACATCGTCGGCTCCCTGACGATGGTGGTGATCGAAAAGCGGGCCGACGTGGGGGCCCTCCAGGCCATGGGCGTGTCTCGGGGAGACGTGCGTCGCATTTTCCTGCTTGAAGGGGCGCTCATCGGCGCGCTCGGAACGGGGCTGGGCCTCGTCTTGGGACTGGGGCTTGCCTTTCTGCAGCAGCACTACGGACTTGTGCCGATGGCCCAGGCCGAGTCGTTTCTCATCGACGCTTATCCGGTTTCGGTACAGGCGCTCGACGTGGTGCTCATCGCGGTCGTTTCGTTTGGGCTTTGTGTGCTGGCCGCCCTGTATCCGGCCGTTCGGGCGGCCGCCATCGAGCCGGCCCGGGCCGTGCACCTGGACGGCTGAGTCGGCGTTCATTGGAGCGAGAGTGAACCTGGGCCCCCCTCAGGCCCATTAGAGCTTCTGGCGTGGCCGTCCGGCCGAGCGTCCTCTTTCTTTTTTGTTTTGTGCCCCACTCCCATGACCAACGACGCGTTCGATCTGATCGGCCTTCCGGACCGTCCCGAAAAGCCGCGGGAGCGGGGGCTGACCCACATGCTGGACAAGGGCCTGTCGGCCCGAGAGGTCGAAAATGTGCTCAATGGGGCCGCCCACATCATCGACGTTGCCAAGCTCGGGTGGGGAACGGCCGCCGTCACGAAGAACCTGGAGACAAAGCTGGACGTCTACCGGGAGGCCGGCATTCCCTTTTTCTTCGGCGGCACGCTCTTCGAAGCGTACTTCCTCCGGGACCAGATCGACGACTATCGCCGCCTCCTCGACGACCTGGACGTGCACCACGTCGAGATTTCCGCCGGGGCCGTTGCGATGGCGCACGAGGACAAGCTGGACTTCATCGAGCTCTTCGCGAACGACTTCACCGTCGTGAGCGAGGTCGGCTCCAAGGACTCCAGCGACGTGATGGCCCCGTACCGGTGGGTTGAGTTTATGCAGGCGGAGCTGGCGGCCGGTAGCTGGAAGGTGACCGCCGAATCGCGAGAGGCCGGAACCGCCGGTCTCTTCCGCCCGAATGGCGAGGTGCGGACGGGCCTCGTTGACGAGATCTTGTCCCGGGTCGACCCCCACGACATCATCTTCGAGGCCCCCAACAAGAAGCAGCAGGCCTGGCTCATCAAACACCAGGGGGCCAACGTCAACCTCGGCAACATTCATCCCGAAGAGGTCGTCCCGCTCGAAACGCTGCGCCTGGGCCTGCGCGGGGATACGCTCTTTGAATTTCTCACACCGGGGATCACGCCCCATCTTCCCGGCGGCTCCCCCTCGGGGGACGGGCATTCCTGAGCGGGCGCACGGCTACGCCCCGAGACGAGCGGGAGACGAGAACTCGTATCGAAATTGCGGTGTCTTCACGAACAAAGCCCCGCAGTGCTGCCTTCAACCTTGTCGATCTGACGCGCACAAGCCGCATACTCGGCCCGCGTCGTTTCGGAACGACGACACGTCAACAGACACGAACCGTCCCAAGAGGTGCGTTATGGCTCGCAAAGATGACGTCACGGGCGAGGGGCCGGTGACGGGAAACAGCGTCTCCGACTCCAACCAGAAGACCAACCGCCGCTTCAAGCGCAACCTGCACGAAAAGCGGTTTTACATTCCCTCCGAGGACCGTCACGTGAAGCTGAAGGTGTCCTCGAAAACCCTGAAGACCATCAACAAGAAGGGCATCCAGGCGGTTTTGGAGGAGGCCCGCAAGCAGGGCTACGACGTGTAGGGCGCTTCGTTGCTGGATGCGCCCCCGTGGCGTTTCGAAGCCGCAACTGACCCAACCAACCAACCCACAGTCCGATGGCCACAGGTGATCGCGTTCAGGTCATACTCGAGTGCACGGAGGAGCCGGGAACGTCGCGCTACCACACGACGAAGAACCGGAAGAACACCTCCGACCGGCTCGAGCTCATGAAGTACAACCCCGTCCTTCAGAAGCATACCCTTCACCGAGAGAAGAAATAAGCCATGGCAGACCAGAGCACATCCGCCTCGCGCAAGATGGCGAAGCTCATCGTTGCCGAGGAAAAAGAAGACGGCAACTACGGCTTCCGTGAAAAGATCGTCCCCCTCGACGACGTCGAGGAGGAGCTTGAAGAGGCCAAGGAGTTCACCTAGACGGGCGCCCACCGCCACTCGGGGCGTGGCGCAGTCTGGCAGCGCACCTGCTTTGGGGGCAGGTGGTCGCCGGTTCGAATCCGGCCGCCCCGACACCCACCCCCTAGAGCCGCTCCGTGTGATCAATAGAGCTCCATGTTTTGCTCTGCGCCCGTAGCTCAGTTGGATAGAGCAGCGGACTTCAACAGGAGCGTCCACGTGGCGACGCGTGGACTGCACGGTGCCGTAACGGGGAATCCTGTGAAATGGCAACCCCGTGGAAACTCAAGAGGACGACCTTGAGGCTCCGTAGAGACTGTACGCATCGCGCCCCGGGCGTCTTCGGGACGAAGAGACAGTCCAGGCCACAAATCCCGAGCGTCATCGGGAGCAGCGAAAGCTGCAGTGGTATGCTAATCCGCAGGCCGCAGGTTCGAATCCTGCCGGGCGTACACTTCGGGCCGTCGTTCTCGCCCTGAGGAGAGGAACTCAGTCCGGAATCTCCTCATTACAACATCGAGACACATTTTGGTGACGTGGCCGAGTGGTCAGGCAGAGGCCTGCAAAGCCTCCTACGGCGGTTCGAATCCGCCCGTCACCTCCTGCAGGCGCCCCTGGGCTCGGCCCGGCGGGCGCTTTTCGTCGTTCACGCCCCTCTGCCGATATTTGTGCTGGGAACCGGACGGCCGATGCCCTCCGTTTCGCGGCCGCGGCCACAGAGAGAGCGTCGAACTGCTTGAAGAGTGAGCCCCGACGGCACGCCGCAGTGTGCTAGAAGGGCTAGAAGGGCGCGTCGTCCTCGAAGGAGTTGCCCCCGCCCCCGCCCGCGTTCCCGTCGGGGGGCATGGGGGCGGAGCCGTCGCCCTGAGGCGGGCCGCCCCCGGGGTTGTCGTACTGGGTGGTGAGGGGCTCGAAGCGGGCGTACTGGTCGACGAACGCCAGCTCGACGGAGCCGATGGGGCCGTTGCGCTGCTTGCCCACGATGATCTCGGCGATGCCCTCGGTGGAGTTGCCCTGCTCGTCGACCGTGATGCCGTAGCGCTCGGCCCGGTAGATGAACGAGACCACGTCGGCGTCCTGCTCGATCGAGCCCGACTCGCGGAGGTCCGAAAGCTGGGGGCGCTTGTCGCCGCCCCGATTCTCGACGGCCCGGTTGAGCTGAGAGAGGGCGATGACGGGAATGTCGAGCTCCTTGGCCAGGCCCTTGAGCGAGCGGGAGATGTGGGCAATTTCCTGCTCGCGGTTGGCCCCGCTGCGCAGGTTGGCGCCGGAGGCCTGCATGAGCTGCAGGTAGTCGACCACCACGAGCCCGAGCTCGTGCTCGGCCTTCAGGCGGCGGCACTTGGCGCGGAGCTCCAGCACGCTGAGCCCCGGCGTGTCGTCGATGTAGATGTCCGCGTCGCTGAGGGCGCCGGCCGCCCGGGCCAGGCGCTGCCAGTCGTCGTCCTTCATGCGGCCCGTGCGGGCCCGGTGAGCGTCCACGCGGGCCTCGGAGGTGAGCATTCGCTGGGCGAGTTGCTGCGCGCCCATCTCCAGCGAAAAGATCGCCACGCCCGTCGACCGCTCCGGGTG
NZ_CP030364.1_gap5	30905	33486	2581	CCCCAAAAATGACGACCCGTCCCTTCTCGAGGTGCCGGATGGCGCGGCGGCGGATAAACGGTTCGGCGATCTCCTCCATCTTGATGCTCGACTGCAGGCGCGTGACGAGATCGACCTGCTCGAAGGCATCCTGGAGCGCCATGCCGTTGATCATGGTGGCCAGCATGCCCATGTAGTCCGCATGAGCCCGTGTCATGCCCTCCATGGCGTGCTCCACCCCCCGAAAGATGTTGCCGCCCCCGATGACGACGGCCACTTCGGCCCCGGCCTCGACGGCGGTCTTGACCTCGTTCGCGTAGGTGCGGAGAACGGCCTCGTCGATCCCAAACTCCCGGTCCCCCAACAGGGCCTGGCCGCTGAGCTTCAGCAGCACACGCTGGTGGTCGAGGGATGAAGTGGATTCGTCGTCGGGGGAAGCGCTCATAAGGGAGGCACCGTCAGGTGCGTGTTCGGGTTCGCTGTGCGGGCGTCGGACGACTCCCCGCTGGGAAAGGGGAAAAGAGTTGAGGCGGCTTGGGCGGACGAGAAGAGTCGCGCGGCGGTCCGGTGCGGGCGCGAGCCGATTGCGGCCCGATGCGGAGCCGACGAGGGGCAACACGCCCGCATCGTTAGTCGCCGAGGGCGTAGCGCGTGAATCGCGCCACCGACAGGTCGGCGTCGTCGAGCATGTCTTTTACCGACACCGACGAGTCCTTCACGAAGGCCTGCTCCATCAATACGTGGTCCTCGAAGAACCGCTCGAGCTTCCCCTCCACAATGTTGTCGATCACATGCTCGGGCTTGCCCTCGTTGACGGCGGCCTCGCGGGCCACTTCGCGCTCTTCCTCCTTCACCTCGTCGGGCACCTCGTCCCGGGTGACGGCGATCGGTTCGAGGGCGGCGACCTGCATGGCGACGTCGCGGCCGGTGTCCTCCGCCTCGCCGTCGCCGTGCACCTCCACGAGCACGCCGAGCTTCGAGCCGGGGTGGACGTACGAGATGATCTGGCCCTCCTCACTCTCGAGCACGTCGAAGCGGCGAATCGTGAGCTTCTCGCCGATGCGGCCGGTGAGGGCCACCAACTCCTCCTCGATCGTCACGTCGTCCTCGTAGGAAAGGCTCTCCAGCGCCTCCAGGTCGTCGGGGGTCTCTTCGAGCACCCGCTCCGCCGCCGTGTCGGCGAACGACTGGAAGTCCTCGTTGCGGGCGACGAAGTCGGTCTCGCAGTTGATCTCGACGATGGCGCCGGCGTGGCCGTCGTCGGACACGGCCGTCACGACGAGGCCCTCGTCGGCCTCCACGGCGGCACGGTCGTCCGCCACCTCCTGGCCTTTCTTGCGGAGCAGGCTGACGGCCTCGTCGAAGTCGCCGTCGGTCTCCTGCAGGGCCTCTTTGCAGTCCATCATGCCGACGCCGGTGGCGTCGCGCAGCTCTTTTACCTGTTTGGCAGAAACGCTCATGTCTCGTCGGTTGGGGAGGGATCGGGTGAAATGGGCAGCGCGGGAACGATGGAGGGGGATGTGGGCCCTACGCAGCCGCCTTCTTCTTCTCTTCCTTCTTCATGCGGCGCTCCTGCAGGCCTTCCTGGACGGCGTCCGTGAGGGTCGACGTCACCAGCTCGATCGAGCTCAGCGCGTCGTCGTTGACCGGAATCGGGTAATCGATGTTCTTCGGGTTTCCGTTGGTGTCGACCATCGCGATGATCGGAATGCCGAGGTTGTTGGCTTCGCTCACCGCAATGTCTTCCCGCTGCACGTCGACGATGTAAATGGCGCTGGGCAGGTTGGCCATGTCGCGGATGCCGCCGAGCGTCTCCTCCAGCTTCTCGTGCTCGCGGAGCCGCATCAGCTTCTCCTTCTTCTTGAGCTTGTCGAGCGTGCCGTCCCGGTCCATCCGCTCGATCTCTTCCATGCGGCGAATCGACTTCCGGATCGTCTGGAAGTTGGTCATGGTGCCGCCAAGCCAGCGGTCGACCATGTGCGGCATGCCGCACTCCTCGGCGTGCTCGCGGACGATGTCCTCGGCCTGCTTCTTGGTGCCGGCGAAGAGAATCTTCTTGCCGCGCCGTGCAAACCGCTTGGCCGCCTCGGCCGCCTCGTCCAGGAGAACCTGGCTTTGCATCAGGTCGATGATGTGGATGTTGTTCCGCTCCATGAAGATGTACTTCTCCATGCGCGGATTCCACCGGCTCGTCAGGTGGCCGAAGTGGGCCCCGGCTTTCAGCAGCTCCTCGATGGTCACGCGGTGAGAGGTCTCCTCCTCCGAAGACGACTCTTCCGGCGCGTCGTCCCCATCGTCCTTGTCTTGGGGCGCGGCGTCGGAGGCATCGTCGTCGGGGGCGTTCTCGTCGGGCGCGTCTGCATCGGTGTCCGCAGCGGCTGCCTCGCTCGTGGAGTCCGAAGCGGTGTCGTCCGGGGTTTGAGGGGTGTCTTCGTCGGGGGCATCTTCGTCCTGAACGTCAGGGGTGTCCGTAGTCGTCTCGTCAGCCATAGTAGAATCTACAAATGCGTGGGAGATTGGGTTTGCACTACTACGACCGTCGCCTGCGCAGCGAAACCACGGTTCGGGGGGAGGTTGGGGCGTGGAAGTGGAAAGGCACAAG
NZ_CP030364.1_gap6	34616	38929	4313	GAATGCCCCGCAAGCCCCGCAAGGCGGAGAAGCCCGCCGGGGGCGGAGGCATCAGCAGCGTGCGAGATGCTCTTTGGCGCCGCGTCCCCACATCAAAAGATTTATTGCAGTCACTGTCGCACGGATGAGGGCGGACCAGGTTTTCGCGCCCCGAAGGGATTCCTGTAATCTTGACGGAGGTGGGGGTGGGAAGAGAGGGGCGAAACGGGAGGGGCCCCGCCGGAGGTCGGGACGAGGAGGAACTCTGAGCGGGGGGGGTCATTCCAATTGGGCTTCATGACGCTGACTAAATGGTCCCGCTCGGTCGCATGCTGACCATCGACATCACGTCCCTTTCGACGGGCATCCACCACGTGGAGTTCGCCCCTTCGGCGAGCCAGGCCGACCTGGACCCCACCACGTTCAGCGACGTGCAGGTCGACGCGGAGCTGCAGTATCACCGCGACCGCATTCTGGTGAAGATGCACGCGACGGCCACGGCCGAGCTGACGTGCGATCGCACCCTTCAGCCCTACGACGAGGCCCTGGAGGGCCAGTACAACGTGCTCTTCGGGCCGCCGTCCATGGTGGGGCAGGAGGGGGACGAGTTCGAGGAGGTACGGCCGCTCGACGCCTCCGACCGGGAGATCGACCTCACGGACATGGTCCGCGACACGCTGCTCCTCGCCATTCCGCAGCGTCGCATTGCCCCGGGGGCCGAAGACGAGCCCATTGAACGAGAGTTCGGGGGCACGGACGACGCCGACGAGGACGACAGTGCCCCCGTTGACCCACGCTGGAGTGCCCTAGAAGAGCTGAAAGACGATGAGTAGCGCCGTGCGCCCTCGTCAGGCCCGCCCCACCGGTATAAATTCTACGCGAAATGAGGCCGGGCTTCTGAACACCGACGGGGATCCTTCCATCATACGGGAGCCTTTGCCCAAGGCGCTTGGCGGACTTCCGCCACGAATTCGACGTTCATTGTCCCGACGACCCTGAGTCATGGCTGTCCCGAAACGACGACATTCGAAGTCGCGCACCCGAAAGCGCCGCTCGACCTATTACAATGAGTTGGAGCCCCCCCAGCTCATGGAGTGCAACAACTGTGGAAACCCGAAGGTGATGCACCGGGCGTGCAAGCACTGCGGGCACTACCGCGGCCGTCAGGTTATCGAGCCGTCCGACGAGCTGATCGCGTAGGGGGCGGAACGGGCAGTCGCCCGGCACCTCCCCACCGATGCGGCCCGCATTCGGGGCTGGCCCATCCCATGCGTCGCGCGTCCTGCCCCGGGCTGGCTGCTTTTTTGTCGGGTCTTCGTTCCGAACACGGAGGCGCGTCCGGCGATTGTCTCTGCGTACGCCTATGTTTGCGCCGGAGTGGCGCCGCACTTCTGAGGGGAACAGTGCCCTCCTTCCCGGCGAGACGACAGGCGTCTCTCCGGCACGCATGTTCTGGCAGACACACGGACGGTTCGTATGGCAGCATCGCGTATCGCAGTGGACGCAATGGGGGGCGACAACGCCCCGGAAGCAGTCGTGGAGGGGGCCATTCAGGCCCTCCACCAGACGGAGGGCGAGCTGTCGGTGCTCCTCGTGGGCCCCGAAGAGCAGCTCCACGGCCTTCTGGCGTCGCGCCCGGAGGCGCCTGAAGAGCGGCTCCGCATTGTCGATGCCCCCGAGGCAATTGGCATGGGGGAGACGCCGTCGACCGCCGTCAAGCAGAAGCCCAATTCGTCCATCCACCAGGGCCTCGCGGCGCATCACGACGATCACGCCGACGCATTCGTGAGCGCCGGCAACACGGGCGCCATCATGGCGGCGTCCATGTTCATCCTGCAGCGCATCCCGGGCGTGGAGCGCCCGTCGATCGCCGGGTTCTTCCCGACCCTGAAGGGGTCCTCCGTGGTCCTCGACATCGGGAGCAACGTCGACTGCAAGCCGGCCCATCTCCTCCAGTTCGCCCGAATGGGCACCGTCTACGCACGGCAGGTCCTCAAGACCGACCCGCCGTCGGTCGGGCTTCTCAACATCGGCGAAGAGCCGGGCAAGGGCAACGAGCAAGTCAAGGCGGCCCACGAATTGCTCCGAGACGCCGACGATGTGCACTTCGTGGGCAACGTAGAGGGGGGCGACCTGCTCTTTTACGCCGCCGACATCATTATCTGCGACGGGTTTGTTGGAAACGCCCTCCTCAAGTTTGGGGAAAGCATGTCGACGGTCCTGTCGGACATGTGTCAGCAGGAGATGGAGCGCCAGGGCCTCGCCCCCGACGAACAGAAGCTCGTGGCGGGGGTGCTCGACGAGGTGCGCGAGGGGTTCGATCCGGAAGCCCTGGGCGGAGCGCCGCTCCTCGGGGTCAACGGAAATGTGCTCGTGGGGCACGGGCGCTCCACGGCGGACGTGATTGCCCAGATGATTCACTCGGCCCGCACCATCGCCACCGAGAACGTCGCCCACGCCCTGGAAGAAGCGTTTCAGTCCTCCTCCGCGTAGTGCCCGGGCGGGTCCCGTCTTCTTCGCACTGTCCGTTTGTCCCATGCCTTCCCCCTCGTCCGCTTCCCCGCAGGCCGCCATCACGTCTGTCGGCCACTACCTTCCCGAGACGCGGCTCACCAACGGCGACCTGGAGGAAATGGTGGAGACCAGCGACGAGTGGATCCGCACGCGGACCGGCATCCAGGAACGGCGCATTCTCGGCGACGACGGCAAGGCAACGGCCTTCATGGCGACGGCGGCCGCCCAGGAGGCCCTCGACAGCCGCGGCATCGAGCCGGACGCGGTGGACCTGATCGTGGTGGCCACGGTGACGCCCGACATGCTCTTCCCGGCCACGGCCTGCCTCGTGCAGGACAACCTCGGGGCGTCGAATGCGTGGGGGTTTGACCTGTCGGCGGCGTGTAGCGGCTTTATCTACGCCCTTACGACGGGGGCCCAGTTCATCGAGACGGGCCAGGCCGAGACGGTGCTCGTGATCGGGGCCGACAAGATGAGCTCGATCGTCGACTACACGGACCGCACCACCTGCATCCTCTTTGGGGACGCGGCGGGGGCGGTGGTGCTGGAGGCCGACGAGGAGGCGGGGCTCCACGACGCGGTCCACCACGTCGACGGGGAGCACAGCGAACTGCTGCGCATGCGAGGGGGCGGCAGCCTCAACCCGCCGACCCACGAGACCGTCGACGCGCACATGCACTATCTCCAACAGGAGGGACGGCAGGTCTTCAAGCTCGCCGTGAACCGGATGGCGAACGTATGCAGGGAGGTGCTGGACCGCAATGGCCTCGACGCGGCGGGGGTGGACTACCTCGTGCCCCACCAGGCCAACCAGCGCATCATCGACGCGACCGCGAAGCAGCTCGGGCTCTCCTCCGAGCAGGTCATGGTCAACATCGACCGCTACGGCAACACCACCGCCGCGACGATTCCGCTGTGCCTGTACGACTGGGAGGATGAGCTGGAGCGGGGGGACGACCTCATCGTGACGGCCTTCGGCGGCGGCTTGACCTGGGGCGCCGGGCACCTCACCTGGGCCTACGGCTGACGATGGAAAGGCGACCGGGGGCGCCGGTCGCCCGTCCTCGTTGCGATCCTGAGCGCACCTCTCGAACCTTGCACTTTAATCGTGACATGGCAACTGCATTTCTTTTTCCCGGACAGGGCTCGCAGGCCGTGGGGATGGGGCACGAGCTCTACGAACAGCACGACGAAGCCCGTGCCTGCTTCGAGGCCGCCAACGACCTCCTCGATTTTGACCTGCTCTCGTTGATGTTCGGGCTGGGGGCGGAGGCGGACACGGCGACCGAAAAGCTGAAGCAGACGGAGATCACGCAGCCGGCCCTCTACACGCACAGCCTGGCGGCCATGGCGGTGCTCGACGCGGGCGGCCCGGAGCCCGACATGGTGGCGGGGCATAGCCTTGGGGAGTACAGCGCGCTGGCGGCCGCGGGGGCCCTGTCGTTCGAGGATGGCCTGCGGGTGGTGCGTCGGCGCGGAGAGCTCATGGGCGAGGCCGGCGAGCGGCGCCCGGGCCGCATGGCGGCCGTGCTGGGGGCCGATACGGCCCACGTCGAAGAGGTGTGCGAAGACATCTCCGCGAACGGGGACGGGGTGGTGCGGCCCGCGAACTACAACGCTCCGGGCCAGATCGTCATTTCCGGCGACGTGGAGGCGGTGGAGCAGGCGACGGAGGCGGTGGAGGGGCGCGCCATGCCGCTGCCGGTCAGCGGGGCCTTCCACTCGCCCCTCATGGAGTACGCCCGCGAAGGGCTCGCGGAGGTGCTCGACGCGGTCCCCGTCGAGGCGCCCCGCTGCCCCGTGTACCCGAACGTGACGGC
NZ_CP030364.1_gap7	49017	50836	1819	TCCCGACCGCGTCGAACAGCGACGCCTCACGTTTCCCCCGTCGTACCGCCTGAAGCGACGACGCCTGATCCGGTCCCTCTTCGACCGGACCCGCGACGACGTCCGGACGGTCGCGGAGGGCTGCGTGCGGCTCCTGTACCGCGTCGTGGACCGGGCGGTGCTCGGGCACGACGTGCCGCTTCAGGTCGGGTTTGCGCCCGGCCCCCGTGCCGAGAGCGGTGTTGAACGCAACCGGATCCGTCGGCTCCTCCGAGAGGTCTACCGGGTGCATCAGTACACCCTGGTGGACCCTTTCGTATGTGGCCCCGAGGCGCTCATCGTCATGATTCTGTTCCGGGGCGCCCCCGAGCAGGCGGACGACGGCATCGAGCGCGACCTGCCGCCGGCCCTGCGGCGCGCCGCCGCCTCGCTCGACGAGCGTGCCGACTGAAGGCGCCGCGCCGGCCGTGACCATCCTACGCCGATTTTGAAACGGCTCCGGGCACGTTGCGCCCGGCCGCTCGTTTCCTACCCTGTTACATCGGCTCTGCCGTGGCCCGGAGCCCGGCGCCGCACGCCCGGCCCCGGCCCACGATGTGAGAACGCATTCACCAACCTGTCCCTGTCCCTTGGCTTCTCCGCTCCGCAACAACCCCGAGCCGGAAGACCAGCGCAACGTGATCATCGCGACCATCCTGGTCGCCGTGATCATGTTCGCCTGGATTTTCTGGTTTAGCCCGTCGCCCCAGCAGCAACAGTCCCAACAGGCCGCGGGCCCGGCCGACACGACCGAGCAGACCGACCCGTCCGCCCCGGCGGCAGACACGGGGGCGGACGACGCGCCGTCCGACATGGCGCCCCCGTCCACCGCGGATGCGGGCGCGGACGCCTCGCAGCCCGAAGCGGACCAGCCGGAGGCCCCGGCCCCGGACTCCGTGACGGCCGCGGCCCTTGAAGGCACGCAGCGCAGGATTGTCGTGGAGTCGGACCTGTACACGGTCGTCCTCTCCACCAAGGGCGGGACCATCGAGCGCTTCACGCTCAAGGAGTACAAGCAGTTCAACCAGGAGGACCCCGTCCAGATCGTCGACACGACGGCGGGCGGCACCCTCTCGCTGTCGTTCACGACGCCCACCCGGCGCCGCGTCGACACCCGGTCGCTCTATTTCTCGGCCGACACCGAGGCCGACACGGTCCGGATCGAGGACGAGTCGAAGACCCTCACCTTCGAGGCGCAGCTCGGGGACGGGGCGCTCCGCCAGTCCTACACGTTCCACCCGGACGACTACGACCTCGGGCTCGCCATCGAGCAGGAGCGGCCCCGCAGCTTCCTCACCAGCGACGGGTACGAGCTGACCTGGCACGGCGGCATGCCCTATTCGGAGGGCGGGGAGGAGGACGAGCTCCGGTACACGGGGCTCTTCGCCCGCAACGGCGAACAAATCCAGAGCCTCACGCTCTCGGACGCGGATCAGAACCAGAAGCGCATCGAAGGGGACGTGTCGTGGATGGCCGTGAAGAACAAGTACTTCACCGCGGCCGTCATGCCGGACCGTCCGGCAACCGCCCTGGGGGCCTCCCTGACCGGCCGAAAAGAAGGACGGGCGACCAGCGAGGCGGCCTTCAAGGACCTCACGGGCCGGCTCCAGATGCCCCTCCCGCGCGAGACCACCCACGTCGACAAATTTCACCTCTACGCGGGCCCGATCGACTACTACAGCCTGGCCGACTACGGCCGAAACCTGTACGGCATGGTCAACTACGGGTGGGACTGGTTCGAGTGGATGACCAAGCCGCTCGCTGAGTACCTCTACATCCCGATGCTCACGTACCTCGGGGG
NZ_CP030364.1_gap8	52169	53459	1290	CCGAGGCGGTGGCCGACCTCATCGACGCCACCTCCACGAAGGCCCACCAGGCGTCGCTCACCCACCTCAAGGGCCGCTACTCCGACCTGCTCGGCGACCTCCGCGAGGAGCTGCTCAACCTCTGCTCGCTCGTGGAACTGGAAATCGACTTCTCGGACGAGGACGTCGAGTTTGCCGACCGGGAGCGCCTGGAGGATCTGCTAGACGAGACGGAAGAGATCCTCGGAGACCTACTCGACACTTACCCGACGGGGGAGAAGCTGAAGGACGGCGTGCAGGTCGTCATCGGCGGGCGCCCCAACGCGGGCAAGTCCACCCTGCTGAATGCGCTCGTGGGCCACGACCGCGCCATCGTCAGCGAGACGCCCGGCACCACGCGCGACGAGATCGAGGCGGAGGCGGAGATCGAAGGCGTGCTCTTCCGCTTCGTCGACACCGCCGGCCTGCGCGACACCGCCGACGAGATCGAGGCGGAGGGCGTGCGCCGCGCCACCGAGTCCATCGAGGAGGCCGATGTGCTCTTCTACCTCTACGACCTCACGGTCGGCCTCGACTCCCAGGAGATCGCGTTTCTCCAGGACCTCGCCGACGACGGGTCGGACGTGCAGCCCGTCGTCATCGGCAACAAGGCCGACCGGGCGCCCGACCTGCCCGTGGCCACCCTCGACGGCCTCACGTCGCTCAAGCTCTCCGCCCTGGAGGCGCGCGGGGACGCCGACGAGGTGCAGCCGCTCCTCGACCACCTCACGGACACGGTCGCCGAGCACCTGAGCCGCGCAGAGGCCTCGCCGGTCGTCATGAACCAGCGCCACCGCCAGCACCTCCGGGACGCCCGCGACGCCGTGCAGCAGGCCCGAGAGGCGCTCGACGCGGGCGTCTCCGGCGACATGCTGACGCTCGACCTGCGCGCGGCCCTCCAGGAGCTGGGCGCCATCACCGGCGAGATCACGAACGAAGACGTGCTCGACCAGATCTTCTCCCGCTTCTGCATCGGCAAGTGAGTCCGGGGGAGCAGCAGCACCGCGAGCGCAGGAGCGCCGGTCTGTGCGTGTCCGTGCCGCCCTGGCCGGTCGGACCCGGGCAGGCCCGCCCCTCCACGACGACGGTGGGGCGTACAGGCCGCCCGGTCGCGTCCCGTCCTCTCCCCCTCAGGCCAGCCCGTAGGTTCTTTCTCCAAGCTGCATCCCGCTCGTGACCGCCGGCATTTGGACCGACGAGGTCCGTGTTCGCTCGTACGACGTAACCCCGCAGGGCACCGCCTCTGTCCTCACCCTCGCCGACTACTTCCAG
NZ_CP030364.1_gap9	65531	69719	4188	ATGCAGCACACGACGACGATCTCGCGGACTGGGCCCGAGAGAAAGGAGTGGAGCTATGAGCGAAGTCCAGGAGCGACTCCAGACTGCACGGCGGCGGCTCGACGCGGCGCAGTGTCTTCATCGTAACGAGTTCGAGTCAGATGCGATAAACCGACTGTACTTCGGCGTTCTGGAAAGTGCACGGGCACTACTCCTGCTCCGCGATCTCACGCCGAAGACCCATAAGGGTACCGGAATGAAACTGGGACAGCACTTCCGAAACGACGTGGAGGTTGGTCTACTGACAAAGTTGCGCCAAAATCGAGAAGAGGCGGACTACGATCTGTGGAATCCGTCCTCGGATGAGGTGGAGATGTGGCTCGGAAGGGCCGACGAATTTGTGGACGCATCGGCGCATATCGTCGGCAGGGAGTGAGGAGGGAAGAGTTACTCGTCCCCCTCAATCGCCGGCCGCACAAAGCCGTCCGTCGCCTCCAGCCGCCGCCGCGCCTCGTCCACCTCCACGTCCGCGAGGATCATCACGAGGGCGGTCTTCACGTGCCCGTCGCAGCGGGTGAGCACCGCGTCGGCCGCGTCGTAGTCCACGCCCGTCACCATCATCACCGTGCGGATGCCGCGCTCCACGAGCTTCTCGCTGGTGCGCCGCAGGTCCACCATCATGTTCTCGTAGACCTTGCCGAGACGCACCATCGCCGCGGTGGTGATCATGTTGAGCACCAGCTTCTGCGCCGTGCCGCTCTTCATGCGGGTGGAGCCCATGATCACCTCCGGCCCCACCACCGGACAGATCGCCACGTCCGGGGCCACGTCCAGCTCCTCCCGCGGGATTGTCGTCACGAACAGCGTGGGGCACCCGATCGCGTCGCGGGCGTGCTCCACGGCCCCCACCACGAACGGCGTGCGCCCGCTGGACGCAATCCCGCACACAACGTCGTTCTCTGTAACCCCTTGACTTTTGAGGGCTTGGGCGCCCCGTTCGGGCACGTCCTCCGCCCCCTCCTGCGAGCGAAAGACCGCCTCGCGCCCGCCGGCGATGATGCCCTGCACCCGCTCCGGGTCGGTGCCGAACGTGGGCGGGCACTCCGAGGCGTCCACGACGCCGAGCCGCCCGCTCGTCCCGGCACCCACGTAGAAGAGGCGCCCGTCCGCCTCGAAGGCCTCGACGACAATCTCGACGGCCTCCGCAATGTGCGGGAGCTCCCGGCGCACGGCGATGGGCACCTTGTGGTCCTCCGTGTTGATGACGCGCAGAATTTCCTCCACCGACGCCGTGTCGATGTGGGTCGAGTGGGGGTTCTGCTGCTCGGTGGCGAGGTCCTGAAGCTCGTCGAAGAGGGAGGAAGGCTCGGGCATTCCGGGCGGGTCAATGCGGGCGTATTGCGAAGGGGGACGTTCCTACACCGGAGGCGTCCCTTTATTGCTGCGAGGCTGTGAGCCCCAGCTGGGAGCGAAATCGAACGATGGACCAGCCGAGAAGAACCACGAGGAGCGCGAGGGCGACAGGGCCCCAGGTCCGGAGCGACGAGCCGTCGGAGGCGTTCATCTGTAGAGGACGAGGGGACCCGTAGAGCACTGCGGACGCCCAGAAGAAGGGGCTCAGGTTGTCGGGGTGATTCTCCAGGTACGTGAGTTTGGCCTGCCGAAGGGCCTGGTCTTTGGGCTGTCCCGCCCGAAGGTTCTTGTAGAAGCTCTCCATGAGCGCGACGCTGGACCGATCGGCCGTGGGCCACAGGTTGGACACCGTGGACTGGGCCCCCATGATCCGGAAGGCATACTGGAGCCCCGCCATGCCCTCCCCCCCTCGGAGGGTCCCGCGGGCGGTGTTGCACCCACTGAGGACGGCCAACGGGAGGGCCCGGTCGCGGGTCTGGAGCTCGTGGAGAAACAAAAGCCCGTCCGAGCTGGAGTCGGGGTGGAGAAGAAAGGCGTTCTGGAGGGAGGAGGATGGGGAAACGAGGGCGTGGGAGGCCAGATGCAGAACGTCGGCCTCTTGGCTGGCGGCGGCGAAGGCCGGCTCCGTCGCCTGCTCGTCGAGGAACGTCTTCGCGTTGTCGAACAGCCGGTCGAGGGCGTTAATCTCGGACCGCACGCCGGGCAGAGGGGGCAGGGACAGGGACGAGGCCGCGGTCGTGTCGGCGCGGGAGGACGGCAGGGACGGAGGCGGGGGGCGGAGGGGGGCAAACGAGGACACCCCGAAGGCCGCCAGGTCGGACGAAGACGATGCGGCATCGCCTCGTGTTGCCGAGGTGTCGGTCGCCAGCGAGGCCGAGAGATCAAGTGCCGTCGGGCGTTCGTGGAGCACAAAGCGGGCCTGTTCGTGGTCGTAGCGCCCCCCCGGCGCCGCCGTGGCCAGCATCGAAAATGGCACGTGAAACATCGGCCCGTCGGGGATGACCGTTAGGGGCTGTCCGTCGGGGAGGTGCGCCGCCACGGGGGCGTAAAGGCGGTCGTGCAGCGCCCGAAGCGGGCGGAGGTCGAAGTGCATCGCGCTGATGCTCCGAGACGCCTGCCGGTCCGCGAACAGGGAAGAGATGGTGTTGACGTGAGCCCGGATCGAATCCTGAGAGAGGCCCGGAAGGGCGACCGCCTGGAGCGTGTCCCCCGTCAGAACGAAGGCCGCAGAGCGAGGGGGGCGGTCGTACACGGGCCACGGGTCGTCGAGGAAGTACGAGACGAGGGTCCGATCCTGCTGGGCGATCGACGCAGCGATTTCGTCCACCGACGGTCGCGGCGTCCTTGCCGAGTCGAGACGCAGGACGCGCTGCCGGTTGGCCATGAGGCTCGCCTTGCGGGCGCGGAGGGCGGCCTCCGTGGCGTCGGACAACGAGTCGGTGCCGAGCCGGTTGCGCACGTCCGTGAGGGCACGGCCGAGGCTGTCGAACCGGGCCCGAGTCGCGGGGGAGAGCTGGGTCGCCACCCGGTTCCGCGTACGCAGGTCCCGGAGATAGCGGGCCCGGGTGCGGTCCAGAGCGGCCAGGGCCGCACGGGGCTGGTTTTGAGCCAGAAGGGTGCGCACGAGCCCGCGGTGCACGTCGCGCCACTGGGCAAAGGCCGTTGAGGCCCACTGCGTGGCGGTAAGCGACTCCCGATACCGCTTGATCACGGCCACGCCCGCCCGGTATTGATCCTCTGCCGTGGCCCAATTTTGCTGTAGCTCGTGCAGGCGCCCCAATCCCCGCCGGATGCGTCGCTGCTGGTCGAGGTTGCCCATCCGTTCGGCGATGGCGAGTGACGTGTTCAGCACCGACTCGGCCTCCGTCCAGCGCTCGGTTTGCATGTGTAGCACGCCGAGCTTGAGCAGGGCGAAGGCGCGGAGCTGCGCGTCGTCCCGGGCCTGGGCGTACCGGCGCACCTCTGCGTTCAGCGCGTAGGCACGGTCGAACGACCCTAGGTACCCGAGGCTTTCGGACAGCGCAAGCGCAAGGTCGATGCGTCGGTCGGAAGACGTGGCGAGCGAACGGCCCTTGCGGGCGAGATCGCGGGCTCGACGCAGGGACGCCCGATCGAACTCGGTGTTGAGGGTTTCTTCAAGGAGCAGGTTGGCCTGGAGGTAGAGCAGGCGGGCCCATTCGGAAGGGTGTTCCTCGGACGTACGGTCGTGCTCGCGCGCCAGCCGCCGTGCGCGGGTGTAGTAGCGACGGGCTGACTGGTAGTCCTGGGTGTACTGATGAAGAAGGCCCACATCGAGAAGGTGGGTGACCCGGAGCCCAACCTCGTGCTCCGAGGTCTTCCGAAGGGCCGTCGAGTAGTGGGTGATGGACGCGGAGAGGTTGCCGATCCGGAAGTGAAGGAATCCCTGATCCTGATGGAGGGCGCGGATCCACCCCGTGCGGGTGCCCTCGGCGGACGGAATGTTGGGGGCGGCGTTGAGGTAGGAGCGGGCGTCTTCGAAGGTCTCAAACGCATCGGCGAACCGGCGCAGGGCGGCGAGCAGGGCTGTTTCTACCTGAAACGTGCGCATGATGTTGCCGAGGTAGGGCCGTTCGACCCGCGAGGGGTCGAGGGTCCGGAAGCAAGCCCGCGCCGCACGCACTTGAGAAAGGTACGCCCGCACCGTGTCCCGGGGCACGGGCGGGGTGCTGGACCACATTTGGGGCACCCCCTCTCCCCAGTTGATCGGTGGGGGCGACTGGACCGGCGCCTGACGCAGGCACGCATCCAGGTCGTCGGCCGCGTCGACCGAGAACG
NZ_CP030364.1_gap10	104130	108334	4204	ATTCTGATCGCGAGTCAGGGGGGGCGCCAAATCTTCCTGGAGGACATCGCCACGGTGCGGCGCGGCTACGCCGCCCCGCCTCGGGCCCTCATGCGGTACGACGGCGAGCCGGCAATCGGCCTCGGCGTATCGACCGTCGACGGGGGCAACGTCGTTACGATGGGACGGGCCGTGAAGGCCCGCCTCGATGAATTGAAGGCCGACCGCCCCGTGGGCATCGAGTACAACTACATCAACTTCCAGGCCGAGGACGTGAGCGAGGCGGTGAGTGGCTTTGTCTGGAACCTGGTCACCGCCATCGCGATCGTGATCGTCGTGCTGCTGCTGGCGATGGGGTGGCGCAGCGGGCTCCTCATGGGGTTTGTGCTGGCGGTGACCGTGCTCGGCACGTTTATCCTGATGTACGCGACGGACGTGGTGCTGCAGCGGATCTCGCTGGGCGCGCTCATCATCGCGCTCGGGATGCTCGTCGACAACGCCGTGGTGATCGTGGACGGCATCCTGACGCGCCTCAAGGAGGGGCGGGAGCGGGTGGCGGCCGCGTCGGAGATTGTGGAGCAGACGAAGTGGCCGCTCTTCGGGGCCACGGCCGTGGCCATCCTGGGCTTCGCCGCCATCGGGACCTCCTCCGACAGCAGCGGGGAGTTTTTGGGGTCGTTGTTCCTCGTGATCCTCTACTCGCTGTCTCTGAGCTGGGTGCTCTCCGTTACGCTTGCGCCGCTCTTGGGGGTCGACTTTCTGAAGAAGCCCGACCCGGACGAGGCGGTGGAGAGCGCCCACGACGGGCCGGTCTACACTGTGTACCGGCGCCTGCTTCAGGGCGCGATCAACTACCGGTGGGTGACGGTGGCGGTCATCACGGTGCTCATGGGGCTGTCGATGTGGGGGAGCGGGTTCGTCAAGCAAAGCTTCTTTCCCGACTCCACGCGGCCGCAGTTTCTCGTGGACGTGTGGATGCCCCAGGGCACGCACATTCGGGACACCGAGGATGCCGTCAAGGAGGCGGAGCAGTACGTGCAGGGCCTCGACGCCGTCACCCACGTCAGTTCGGTGGTGGGGCAGGGGGCGCTCCGGTTCGTGCTGCCGTACAGCCCGGAGCGGCCCAACTCGTCCTACGCCCAGCTGATCGTGGACGTCGACGACTGGCGGACGATTTCCAGTCTCAAAGACTCGGTGGACGCCCGCCTCTCCGCGATGCTGCCGCGGGCCAACGTGTACGCGTTTCCGTTTGTCTTCGGGCCCGGGGGCGGCACCGGGCGCATTCAGGCGCGCATCAGCGGCCCCAACCCCGACTCGCTGCGGGCCATCGCCCAGCGCGTGGAGGGCATCTTTCGGGCGCACGACAACACCAAGGCCGTCCGCAACGACTGGCGCAACCGGGTGGAGGTCACCCGCCCCCAGGTCGCCGAGGACGCGGCGAGTGCCCTTGGGGTGACGCGCCCCGACGTGGCCCGCGCCGTTCAGCGGACCTTTGAGGGCACCCGCATGGGGGTGTACCGAAGAGGGGAGGACCTGCTGCCCATCATGATGCGGGCCCCGTCCGAGGAGCGGGCCCGCGCCAGCAACATGAAGAACGCGCAGGTGTGGAGTCCCGTGGCGGGCGCGTACGTCCCGATCCGGCAGGTCGTCTCCGGGTTCGAGACCGGCTTCGAGGACGGCATTGTGTGGCGGTACAAGCGCGCCCCGACGGTGAGCGTGTACGCCGACCCCATCTCGGGGACGGCGACCTCGGTCTTCCAGCAGGTGCGCCCGACGGTGGAGAAGCTCTCGCTTCCGCGAGGGTACGACATCGAATGGGGCGGCCAGTACGAGAACTCGAACGAGGCTAATGCCTCGCTCTTCTCGGCGGTCCCGATTTTCTTCGTGCTGATGGTGCTGATCACGGTGGCACTCTTCAACGCGCTCCGCCAGCCGCTCATCATCTGGCTGACCGTGCCCCTGGCCCTGATCGGCGTGGTGGCGGGCCTGCTCGCCACGGGGGCGGCCTTCGGGTTTACGGCCCTGCTGGGCTTCCTGAGCCTGTCGGGCCTGCTCATCAAGAATGCCGTCGTCGTGATCGACGAGATCGAGATCTGGAAGCAGGACGAACCGCTCTACCAGGCGATCGTGGGCGCGAGCGTCGTCCGGCTGCGCCCAGTCATGATGGCGTCGATTACGACGGCCTTGGGCATGATTCCGCTCTTTACCGACGCGTTCTTCGTGGCCATGGCGGTGACCATCACGTCCGGTCTGCTCTTCGCTACGGTGCTCACAATGATCGTGGTGCCGGTCCTCTACGCCATCCTCTTTGGCGTCGAGCGCCTCCCGTATTCGGAACGCTAGCCGGTCGTTCGCGGGGCGCCCGTCCGCGATCGCTCGGAAACCGGGCGTGCGGCGCCGAGGGGCGCCCGCCTGCCGGTCCCGATGCCGATGGACGGCGAGGTCTCGACCTCGTTCGGAGGCCCTGAGTCCGAACGGGGGCGACCCGCCCCGCCCGACGCGAGTCCCTGGGCCGTTTGGGGTGTTTTCGGGCCGTGAGAATTGCACGGCGCCCCAGCCTGCATCGGTTCTTTTGACGGCCCACACTGCCGAGGCGGGGGCGGCACAGGGACGGCAGTTCCGATGAGGGCCCGTGGTGCGCGGGGACGAGGTCGCATCGTGGCCAAAAAGGGACGGTTTGGATGTGTCTCTGTGGTAAACTTTTGTGGACTGTCGGGTCCTCGTGGACCTGCTTCGGGAATGGAGTGTTTTTTGCTCGACCTATGTGCGGTAGGCATCTACCTCCATCTCCGTCCGTCGCGTCGATCCCATGATACCCCGCCCGGTCCTTTGGGGACTGCTCGCCGTCGGCCTGCTGCCGCACTGGAGCGGTGTCTGTTCCGCGGACGCCGCCCCGACGGACAGCCTTCAATACGGGGCGCCCGCCCCCATCGCGCAGGTCCGGCGGGACGTCGATGGGGACAGCATCCCGGACCGCGTGGGCGACACGGTTTCGGTCGCGGGGCGCGTGACCGCCCCGCCCGGCGCGGTGCCCCTCCCGGACGACGGCGTTGGGGCCCTGCAGGACGCGACGGCGGGAATTCACGTGCGCCTCCCGGAGGCCCGGGCCCTCAGCCGTGGCGACAGTGTCCGGGTCTGGGGCGTGCTGAGACACGAGGCGGGGCTGGCCCAGATTGCGGGAATCGGCTACGAGCGCGTGGAGGCCGCCCGGCGGACGCCCGATCCGGTGCCGCTCTCGGTGCCGTCGGCCGCGTCGGACCGCCACGAGGGACAACTCGCACGCGTAGACGGCACGATTACGGCACGCAGCGCGAACCGGGGGGGCGAATACTTCGTCCTCCGCGAGGACGAGTCGTCCGACGCTCAGCTCACCGTGTTCGTGTCGAACCAGCACACGGAGCGCATCCGTCTGGGGCGGTTCGACGAGGGCGACCGGGTGGAGGTGACGGGCATCATCAGTCAGTACGACCTCTCCTACCAGGTTCTTCCCCGCGGCGAAGACGATCTGGTCCACATCGGGCAGGCGTGGACCTACCTGCGATGGGCCCTGCTGGGCGTCGGGGGGCTCGGGCTGGTCTCCATTGCGGTGATCCTGTTCCTGCGGTCCGCCGTGCGGCGCCGAACCCAAGAGTTGACCCGGCGGGAGGCGGAGCTGAAGGACCGGCAGATGAAAGTCGAGGCCCTTTACTCGGCGACCGATCACCTGCTCCGGGCCGCCAGTCGCACGGAGGTCGCGGGGGCCCTCATTGACCTCGTCCGTGAGGTGCTGGGCTATCGGGGCGTGTCGGTGCGCTTCGCCGAGGACGGGGCCCTGAAGGCCTTCGACGTGTCAGAGGCGACCTTTACGTTCATGCCCGAGCGGCCGGATTTTAACATTGAGGGGGACAGTGCCGTCGCGGAGGTATACCAGAGCGGCACTACGCTCGCGGTTGAGGACGTGGAGGAGATGGAGATGGACGACCCGGCTGCGCACGGCGACCTGCGATCGGTCGTGGTGGTCCCGATCGGCGAGCACGGCACCTTCGCGGTGGCGTCGCCGGAGCCCGGCGCGATCAGTGGGTTCGACACGCACCTGATTGAGGTGCTCGGAAGCTACGCCACGGCGACGCTCGACCGACTCGACCGGGAGAAGGCCCTGCGTGCGGCAAAGGAAGAGGCGGAGCGGGCCCGAACGGAGGCGGAGGTGGCGCGGGATCAGGCCGAGGAGGCCGCCCGGCTAAAGTCG
NZ_CP030364.1_gap11	114047	115344	1297	AGCCATAGTACGGCCCCCCACACGGCCCCCACACCGGCCGTCCCGATCCAGGTTGTCCGCCACCACCGCGGCAGAAGGGTGAGGAGGCCGGCGTAGATGAGGGCAAAGACGAGACTGTGAAACTCGTGGGTCAGGACGCCGACGAGAAGGCTCTTTGTGCCGTAGAGCGCGCCGATGACCGGCACGACGCCGGTGGTGACGTGAATGTACGCCCCCATGACCACGCCCGCGATCAGCCCTGACAGGGCGGTGGCCCCGAGCCGGGTCGGCGCGACGCCCACGAGGGACGAATCTGCCGGGGCGGCGGATTCGCCTTCGGCGGACTCGGAGACGCGTTCAAGGGCGATCGACACGGTGGTTCCCGCGTCGGTCACCTCTGTGTGGACGGATCCCCGAAACGTGTGGACGAATAGCCGCACGAGATACAACCCGAGCCCCGCCGTGGGGTCCCCGCGTCCGGAGATGGTCGTGCCGTTCTCCAGTGCTTCCCGGTTCTTATCCGGCAGCCCGGGCCCCTCGTCGGACACAGAGATCGTCGCGGTGTCGGGGGTCGTGTCGAGAGCGACGGCCACGCGGGGGGCCTCCACGCCGGCGTGCTCGGCCCCGTTTTTGAGCAACTGCCCCACCACGTCCGCCAGCCGGTGATTCGCGTACGCCAATAGGTCGGAGGGAAGCGATTGGGCCACGAATGTCGCGTCGGGGTGTCTCTCTCGTGCCTGCTGGAGGGCCGTCTCGACGGCTTCCGGGACGTCCACCGGCTGCCGCTCGGCCCCGGCGCCCGGCTCGGTGAGGTCGTGCACGCTTCCCATGACGGCCTCGATGGACTCGGCCTTTTCCAGAATGGCGTCCACCGACTCCAGTCCCGTGTCCGCACCGTCCCGTAGGAGCGGGGCGCTTCCTTTGATTACCGTGACGGCGTTCATCACCCGGTCGTGTAGCAGGCGATTCAGGATGACGAGCCGATTCTGACGGTTCAGGAGTTTGCGCTGGGCGGCTTTGTTTTGGGCGGCGTACACGCCGGTGAGGGCCCCGCCCACGCTGCCCCCAATCAGCACATTCGAGAAGAGGCCGATCGTCCGGATTTCTTCGGCGAAGGAGGACGGGCCTCCGTAGACGGTCGCCACGATGAGCAGGCCGATCACGCCGGCCCCGAGCACTGTCCACTGCGCAATGGTGCGCACGTACCACGTCTCGAACGAGCCGATGGCGAGGGCCACGCCGCACACCGACAACGACAGCCCGAGGACGAGGGGGACGATGCCCCCGACCACAAACGCCGTCGACGCCTCCGCGTGGG
NZ_CP030364.1_gap12	267695	271048	3353	GAGACGGGGGAGCTATCACTCTCAGGCCTAAGGAACAGCGGCCCCCACTCCGACGGAAGGGGGAGCTTTTGGTTCACTCCGGAGAGCTTACCGAGAAGAACTTCGACGTGACCGAGCAGCTCCGCGCTCAGCGAACGGACCGTGCCCGCTTGCACGCCGGGATAGACAAGTAGGCCTGCGGCTGAAACTCCTGTGCCGTGGAAGGCCTCACTGAAGACTTCTGTCACTCTACGAGCATCGTTCTCGTACGCCTTTCGATGAAAGTTCTTCTGGATACCTCGGTTTTGATTCCGGCCCTCATACCTACTCTTCCCCAACATGAGAAGGCGGCTCCGCACCTGGAGTCAGTCCATCGTGGGGAGACAGCCCTGATCATAAGCAGTCATGCCCTGGCCGAATGCTACTCCTCACTCACAGCCTTGCCGGTCAGTCCGGTAGTGACGCCAGGTCAAGCCCGTCGCCTGGTTGAAGGGAACATCGTGGAGGCTGCTGAGAAAGTCGTTGAACTCGGACGTACAGAATACCTGAACGCGCTCCAGCGCGCAGCGGATCGTGGTCTGGAAAGCGGCGCTGTCTACGACGTGTTGCACGTCCTTTGTGCAGAGAAGGCTTCCGCCGACGAGTTGCGGACATTCAACGGAAGAGACTTTCGGCGGATGCCGCCCGAGGAGCCGACCACCCTTGAGGTGCTTTGAGTTGGCACCAGCTCCCGAATGCCCGTGGAGAGAGCACTGTCCTCTATAGTATTGGGTTGAGCGCGAGAAGGGCTTGTAGGACTCCCGGCTTCAGCTGGCCTGCAGAGGACCGTTCTCGCGGACGAAGAGCGGACCGGACACGCGCTCTCCGAAACCCTATCAGTTTAGGCTTGTTGCTGATAGTAGCATGACACACGAGATCAAACGCACATACCGATACCGCCTGTATCCAAGCGAGGCGCAAAGGGCTGAACTCGCTCGTACGTTCGGATGTAGTCGTTGGGTGTACAACTGGGCGCTTGAAACGAAGACGAAGGCATACTACCAGGACGAAGAGTCACTTTCGTTTACCGATCTCTCCAGTCGTCTCACCTCCAAAAAGAAGGAGGAAGAGACCGAGTGGCTGTCGAAGGTCAGTGCCGTGACGCTTCAACAGAGCCTTCGCAATCTGAATCAAGCGTTCACCAACTTCTTCGAGGGCCGAGCCGAATACCCGTCCTTCAAGTCGAAGAAAGGCGATCAGACGGCTCGGTACGTTGGCACGGCCTTCGACATTCGAGAAGAGAACGGGAAACGGAAGCTCCGCCTCTCGAAGATGCCGGGTCTGATCAACATCCGGTGGTCGAGAGAGCTTCCGTCCGAGCCAAGTAGTTGCACAGTCACGAAAAACGCCGCAGGACAGTACCACGTCTGCTTCGTCTGTACAGAGGAAGCCGATCTTCTCCCGAGAGTCAACGGAGAGGGCGGCGACCTTGAGTTCGTCGGGGTAGACTTGGGCATCGAAAGCCTCGTCACGCTGTCGACGGGCGAGAAAGTCGGGAATCCGCGCTGGTTTGAAAACGAACAGGAGCGGCTTCGCCGCGAGCAGCAGAAGCTCTCCCGAAAGGAAAAAGGCTCGAATAACTGGGAGCGGCAGAGAAAGCGAGTAGCGAAGGTTCACCAGCGCATTCAGGACCGCCGCAAAGACTTCATCGAGAAGCTGACCACACGGCTCGTAGAAAACTTCGACGTGATCGTAGCCGAAGACCTCTCGGTGAAGAACATGCAGCAGAACAGCAACCTTGCTCGACACATCACGCAGGCAGGGTGGAGCCAGATTGTTCGCCGACTGCGCGACAAATGTAAGTGGTACGGTCGGACGCTCGTGATTGCTGATAAATGGTTCCCTTCCAGCCAGCGATGCTCCGAATGCGGACACGTCGATGGAAAGAAGTCTCTGGACGTGCGAGACTGGACGTGCAGCGAATGTGGCACCTGTCACGACAGAGACATTAACGCAGCGAAGAACCTGAGTAGGGTCGGGCAGACCCGAATTCACGCACCTGGAGACCTGGGTAAACCCGACGCGTTTGAAGTCGTCGGTTCCGGTCGATGAATGGTAGAATCCCCTGGATTCATCCGGGGGAGAAGTCAAAAGAAAGTGCCTCTGTAAGAAAGTGCTGTGAGGGAATCACTAGGGGCAGGATGCCCCGCGCTTCGAAACGGATGACCCGTGCTTCGAAATGTAAGATGCGAGGCGGGGCGGAGGGTAGATTCTGCGCACGCATGTGGCGGCTGCGTGCCTGTGACGCGTTGGAACGGCTCTTGTAGCATTAGGGAGTACGCAAATCCAAACTCCCTTCACAATCCCGGCCGTCCCGCCATGTTTTCCCTCGGCCAGACCATCGTCCTCGGGCTTGCCGGCTTCATCTACGTCGCCGGCGCCGCCTTTCTGCTCGGGGGGCGAGCCGTGTTGAACAGCCGGGAACAAGGCCCCTCCGGCGGAGACGGCGGCCAGGTCGTGCGCCCCGGAACCATCAACGGAGCGCCCCACTTCGTTCCGGCCCTGAACATTCCTGTCCCGGGTAATGGCACCGCCAGTCCCAATGCCCGCTCCGCAACGGGAGGCACGGCCTCGAAGGAGGCCTTATCCCCAGGCGGACGCATGCACCCGGCCCACGGCCGGGCCCACTCGGGCACGGCAAGCGGCGCCCCGACCTCGCTTCGCGCCCCCCTCTGCCTGAACTGACAGGCACACATCGCGCAGAAGAACGTTGGAATCAGATAAGCCTAAGGCCGAAGCAGGAGACAAGTCTCGCAGGACAAAAGCAGTCTCGCAGGACAAAAGCCAGGGCCCCCGGCCGACTGTCCCTGGAGCACCGCCCCGGTTTCTCTGTGTGGAACGTTCGGATCGTCGCATCGGGCCTGCAATGCTCCAAAAGATTAGCGCCGGTGGGCCGTTTGATGACGAACAGGCGCGAAGACATGCGCAAACTGTAAAGTGCGGTTCGTGTTACGATTGGTAAGTTGTAGATCGGCGAATCGTAAAATGATCGGTGCAGGGGCGCCGGGGCGCTCTCCTGCCTTGCTCGGGGCAACCGGGCATTACCGCGGCTGAACGTTGTCACGACTGAACGTTGTCGCGACTGGGCATCGCAGGGCCCGAACGCCGGGAAAGAGCGCGCAGACGTTCCTCTCTCTAGAACGAATCCTCCTACCTTCATAGATGGCTCACCTTCAGCGGCGCGATCCAGACCAGAACGGACAAGGAGACATCGTCCGATCGTGGGAGGGGGGTGGAGGTGGCGCGCCGGGCTCGCCTGCCGGATCAGGAGGCATCAAGCGGCAGATTGAGGAACTGCTCGATTTGTTGCTGCGGCGGAAGTGGCTCATTGTTCT
NZ_CP030364.1_gap13	291049	295764	4715	TTGCTTCTCCACTTCGTTCTGCTCAAGAACCAATACTACTTCACATTTCCGGACTGGGAGGAGGTCCCTTCACGGTTTCGTATACTGCCAACTGGATTCTACCGGGACGGAGAACAAGAAGGGTTGAGCTATCTATCCGCACTCCCAGTGGCAAAGATTATCCGCCGCTGGTGGCAGCAAACGAGCGAGAAGGTGAAGCGTCGGCTCTTAAAGCGCTAATTCCGGCACTTGCTCTTCTGGCAGCCTATAGAGACTCTTCTAGATTCGCGGCGCTCTCTGTGATAATTGTCCTCCACTGCGGCTACTACTACCCTGATACCGTTGGTGGAACGGAGGCGTACGTGGAGGCACTGGGACGCGATTTGCAGCGGCGCGGGCACGAAATCACCGTGGTGGCGCCTTCCACCAGCGAAGAGAGACAGGAGTACACGCACAACGGGCTCCAGGTACTCCGCTACCCCGTAGCCCAAGACCCGGACCGCGCCGAAGTGCAACGACAGACTGATCCGAGATACTTGGATGTCTGGGACGACTGGCTACAGCGTACGCGCCCCGATGTTGTTCACATGCATTCCCTTACGAGAGGGTGCAGCGTGGCCCACGCAAGGGTGGTCACCGAGCACGAAATTCCGCTTTATATCACGGTCCACGTGCCGAAGGTCACCTGTCCGCGGGGCACCTTAATGCGATGGGGCACGACGCCCTGCGACGGCGAAATCCGCCCGACCCGATGCGGGGCGTGTATGCTCCAGGACCGCGGCCTGCCCAAAGCAGCGGCGTGGGCCACCAGCGCGGCGTCACGGACAGGCATTGGGTCTTTGCTTCCCGGGGCGGCCGGCACGGCCCTTCAGCGAGCCCCGCTGATCCAGCAGCAGAAGGAGCGACTGCAATCCTGGATGGAGAGCGCAGAGCACGTGGTCGTCGTGGCCGGCTGGCTGAAGGAGGTGCTGGAGCGAAATGACATTTCGGGGACACACGTGACCGTCAGCCGACACGGGTTGTCCAACGGCATGCGCGCCACGCAGCGAAAAGCCGCCGAGCACCGAAAACCGCGAGAGGCGAGTCAGCCGCTTCAGGTTGGATTTGTGGGACGGTTTACCGAGGTGAAGGGGCCCCACGTGCTCGTAGAGGCCGTCCGTCGGCTTCCCGAGGACGTTGCCGTAGAGGTACATCTGTACGGCATGGCCCAGAGCGAGCAGGATCAGCAGTATCTGTCTGAGATGCAGCAAGAGGCTCGTGGCGACCCGCGCATTCGGTTTTGCGGCCCGATGACGGAGGAGAATCGGATAGAGGCCTTTGCGGGGTTCGATGTGCTCGCCGTGCCGTCCATCTGGTTTGAGACGGGGCCGTTTACGGTGCTCGAAGCCTTTGCGGCCGGCATTCCGGTGCTGGGAAGCAACCACGGCGGGATCGCCGAGCGCGTGACGAACGGGGAAAGCGGCGTGCTCGTACCGCCAGGGGATACAGAGGCGTGGACCGACGCGCTGAAGGGTCTGTGGGAGCGGCATCGAGCAGATCGCTGGGATTGGACGCTTCCTGAGTTTCGGACGAGCCGAGAGATCGCGGAGGAAATGGACGCGCTATACAAGTCCGCTTTTCCGTAACGAAGATGCCTCCGTGATTGGGCCGCGTTCTTTACATCAAGCCGAGGTTGTCGTTACATGCATCACTCCACATCCCGCATCTGTCTGGTCACGTCCCGGCACGTGTCCTATAATCCGCGTCTCTACAAAGAAGCGTGTGCCCTTAGCAACGCGGGATTTCTCGTTCGCGTGGTCGGTCCGAACCTCGATCCCAGAAAGTCTGACCTCGAAGAAGAACAAGTAAATGAGGAGTCGTGGACACTGGATCGTATCAACGCACAGCGTCACGGCAAGGGGCACTGGCGCTGGCTTCGTGATGCGCTGCGGCAGCGGCTCTTGAACCGCATTCCCTTGCTGCAGCGCCTTCCCTACGGCATGGAGCGTGCCTACAGCCGACACGTCGACGCTCTGTTCCATACAGCAATAGCTCAACCCGCCGATCTTTTCGTTGCTCACAATTTGCAGGCCTTACCGGCAGCAGCATGGGCGGCTGAACATCAAGGAAGCCTCCTCGGATTCGATGCGGAAGACTTTCACCGTGGAGAATTTAACTATGACAATCTTGCCACTCCGAAGCGGAGTCTCACAATCGAGATTGAGGAAACGTACATTCCCCAGTGTGATCATCTAACTGCGGCCTCCCCCGGAATTGCCGACGCATATGAAGAGATACTCGACATTAATCGCCCGACCGTTATCCTAAACGTCTTTCCAAAACAGAAGCGATCGGGACAAACGCCAAGCAGTGAGTTGGCGAAAGAGACCCCAGGTGAGGCCTTTTCGATATATTGGTATAGCCAAACAATTGGGCCAGATCGTGGACTCGAACACGTTGTCTGCGCCCTCCCTGAAGTCCAAACCAAATCCCGCCCGGTTTTTCTCTCTCTCCGTGGCCGGTGGAATGATGGATACGAGCACTCACTGCGGAACCTTGCACGAGAGATAGGAGTCGGTGGACATCTCCGACACCTTTCTCCTGTTCCGCCCGAGGAACTCATTGAACGGGCAGCACAACATGACATTGGTCTGGCCCTTGAGCAACCGGTGTCCCGGAACCGCGAGATCTGCGTGACAAATAAGCTGTTCGCATATCTGCTCGCTGGACTACCAGTCGTAGCGACACGCACACAGGGCCAGAAGGCCGTCTGCGCCAACCTATCGTCTGCAACTCGTCTTTGCACGCCAGATAATTCAGCCCAAATAGCGGAAGCGATCAGCTCTTTGTTAGAAAGTAATGAGAAACTACGCCGAGCAGAAAAAGCAGCCTGGGCGGCTGGAGAAGAACGATATAACTGGGAAGTCGAGCAAAATCGCCTCATAAATGCCTTTGAAGAGACGATCAGTTCAGCTCAGCTCAGCTCTTTCTCGGCATAACACGCTCACATGGCTAGTTTAGCTGACCCAGCCATCGCAATGATCATTGGGGCGATGAAGGCAGGGACTTCCTCACTCTATAACTACGTTACTCGACATCCAAACGTCTGCCCCTGCGTAAAAAAAGAACCAGAATTCTTTTCGGAAAATCAGGACCATGCGATTAGCGCGGACTCGTACGAAGAATTATGGGAGATAAAGCCTAAACATCGGATCCGCCTGGAGGCTTCAACGGGCTATACAAAGTATCCTGAGGAGAAAGGTATTCCTGAAAGAATTGACGCATATGGGCTCAACCCAATGTTCATATATGTCGTCAGGGATCCTATAGATCGAATTCGGTCGGACCACCGCTATCTTAAGCAGCACCCTAACTATGACGAAGGCAAATCACCATTAGATAAGCAGTACATCTGGCGATCTCGATATCACTTTCAACTTCGTCAGTTTCTAGATTTTTTTCCTGACCGTGATCGGTATCTGATTATAAGTTTCGAGGAACTCGCATCTAATCCTGCTGCCGTCGTCAATGAGGTATTCGAATTTTTAGATCTTCCAGCGTTTACACCCGAAGAATTTGAGCATCACAACGAGACGCCGACTGTGAGTATTCTTGAGCAGCTGTTCCGTCGACGTGGATTGTACAGACTCCGCCAGCTTATTCCTGAATCACTTCGCTCTCCACTCCGAGAGGCTTTACTTGCCATTTCACCACCGTCCCGAGAGACGATTGCCGAGGAGGATGAGGCATACGTTAGGGAAGTACTTCGAGACGATATGAAAAAACTTCAAAGCGACTTTGGGATAGACACTTCGAAGTGGGGGTTTTAATACTTTAGACATTTAGACTATTTAAAAACTACATTAAACATGATTGTTTATATTAATTATACTATAATAAATGTAAATATTCTCATCTGAGTCGTAGAAGTAATATATAAATACTCACATGAAAGATATAATAAATCCAACATTTATTGTCGGAGGAGCCCCTAAGGCGGGGACAACATCGATGTACTATTACCTGGACCAGCATCCCCAGATATGCATGAGTGCTCGCAAAGAAACTGATGCGTTTACCGGTGAGAATTTTCATGGTTTGGAATGGCTTTCAGAAAACTATTACCGGCATTATAGTGGAGAGCGAGCAATCGGTGAAGCATCCTCGTCGATACTACAAGACTCTCGCTCCGTAGAGCGGATTCGCGACGCGCTTCCCAATGTAGGATTGATTTTTATTCTCCGTGATCCGGCTGATCGTTTACACTCTCACTTCAGGTTCCTTCAGAGTAAGCAGGTATTGGACAGTAGCACCTCCTTCTCCCATTTCATACGTTCCGAATCCGCCCGGCGTGACATACTTGTAGACCTCGGTCGTTACCACGACCATCTCACCCGCTTCACGGACTACTTCGACCGCGGGCAGATGTTGATTCTGCTGTTTGGGGAACTCACGTCCGATTCCCCGGACATCATGAAGCGCGTATACCGATTCGTAGGAGTCGATCCGTCATTCCAGCCGGACTTCGACATTCACAATCCCACGCGCACCCCTCGGTATGATGGTCTACATCGGTTTCTCGTTCGTGTCTGGGAGGGCGTTCGCGGACACCTCGACGTCTATCTGCGAAACCAACTGCGGCCCCTGCGGCGCAGAATCAAAGGTTGGGTGACGGAGGAGGCCGATCGCAGGTCTATGTCGTCGGAAGATCGAACCTATCTCCGTCAACTCTACCGGGAGCCCAATCGGCGACTGGA
NZ_CP030364.1_gap14	297116	302091	4975	CCGCTCTTAGAGGCCATGATTCGCAAAATACCGACTCCGAGTCTCGAAATTGAGAAGCCCATATACTTAACAGATTAAACAAAAACAAATAATCAATATAAAAATGAAAAGTATTAATAAAAGCTACTTCGAAACCCACAAAAATAGGTATAAATTCTGCATAAAAAAATAGACAGCAAAATAGATGAAAATTCAGAAATAGCGGATTTGGGTTCTCACTTCTTAGATCAAGCCCGTTTACTAGAAAAAAAGGTCACAACGTTACTGGATTAGATGTTCCCGAATTTGTAGAAAGAGAGAGTGTTGTAAATAAATCGAGAGAGATGGGAATAGAAATGATAACAATAGAAAGCTTAAAAGACGGAGAGTTAGGAAAAAAAGTGAGGGAAAACAAGTTTGATGCTCTAGTAATGACGGAGGTTATAGAGCATCTAGCATTTAATCCTCTAAAAATGTGGAAAGAAATTATGCGAATATTAAGGCCAAAGGCAAAAATATTCATAAGTACACCGAACTCGATGAGGCTCGAAAATATAGTCAGAGAGATAGCGAGAATATTGACTATGAGAGGTATGGGGGAATCTGTTAAAGGAATAATGGAAACTGTCACCTACGGACACCATTGGAAGGAATATTCTCCGAGAGAAATATACGATTATTTCAACTATATAGGCATCGAAGACGAGTTCATAGAGATAGAGTTTTATTCGTACAGAGGAGATTACGAAAATAGTGGAATTATTAGGAAGCTCGGAAACAAAATAAAAAACATAGGAAATAAGTTTGACTATTTTAGTGAAGAAATGTTCATTACTGTAGAGGTGCCAAGTGAGAAGCCAAGCGTGCCAAGTCCACCTTCGTATGGGTAAATACTGTGGTCCACTACAGGTTTTCGAAGGCGAATCATTTGCTCTCGAAGAGAAGCTTATCTTCACTGTGTTACACATGGCAAGTACCGACCGTGAGGTCGTTCGCGAAACCAGCGTAGGATACATCCTCAATGTTAGCGGCACGTCCGGCCTAGATATGATCGGGCGGATGTTTACCGACGAGATGTCCACCTTCCGGACGTTTGCCGACACATTCGCGCCCTCACAGGTCGTCCGCTCCACATTTGAGGAATATTCCACTCATAGCGTGACGGGGGAACTCGCAGATGCTCTGAATACGGCTCTTCGACGGGGAAAATGAAATAAATCAAGCGGCCCAGTTTCTTGCGACAAGGTCCCGTTCGTTCATGCGTAGCCCACGATTCTCTGTTGTCCTCCCGGTCTACAATGGCGCGCACTACTTGCGAGGGTGTCTCGATTCGATCCTTGCCCAGACGTTCGATGATTACGAGCTCGTCGTCGTCGATGATGCCTCGACAGACGACAGTACAGATATCCTTGCGACGTACCGCGGTCATAAACAGACCCGCATCTTTCGGCACGAAAAGAACGAGGGGCTTTTTCCCACCCTGAACGACGCACTCAGAAAATCCCGTGCCCCCCTGATTCATCTCCTGGGTCAGGACGACCAGATGAAGCGGCGTTGCCTTGAACGGTGGGATGCGTTCTGGCGCGAGCATCCAACCCTGGGGATAGCCTACTGCCAGCGGGATACCATCGACGAGAGCGGGGCCATCATCGAGTCGGCACCGGATGACCAGACACCAACCATCCTTTCAACGCGGCAAGTTGCTCAGATTTCGTTCTATCACGGTTCGATGCCCGGCAATATTGCCAGCGTCGTGCTACGACGAGAAGCACTGGACGAGGTCGGTCTGTTCCGGGAGGACATGGAGGTCTCGGGAGACTTTGAAATGTGGGTTCGTATTGCAGAGAGCTTCAAGACCGGATTCTTAGAAGAATCGCTCATCCGTCTTCGGAGTCATGAGGACCAGTTCAGCAGACGTCCCGGAATTGCCGCCCAGTTCATGGAGGAGGACCGCGAAATTTACGAGCGTCTCTTCGAACATCTACCTTCTGAACAGGAAGCCCATGCGCGTCGGTATCATCGGTGGTTTCGGCACGTACAGTACGCCCACTTCATGATGTGCGCTCTGTGGAATGGAGACCTAGAGACGGCCTCTCGCGTCTTTACGAAACTGCGGGAGTGGGACAGTGTCCCCCGTGCGATCGGACGCTGGCTCATTACGGGCAACGGCCGGTGGCTAATGAAGAAGTCAAAGGTGGACCTATGAGTATGATGACCGTACATCTAAATAATTGTTCGATTGGAATACACTACAATGAGGACTCTAGATTTTGCTGTCATTGGGGCTCAGAAGGCGGGGACTACATCACTAAGGCACTATCTCCGGTCTCATCCAGAAATATACACCCCCGAAGGTGAAACACCGTTTTTCACGAGAGACTTCCTCTACGAAGCAGGATGGGAGGAGTTTGCCAACGCTTCCTTCTCTTCGGCTGATCGGGAGTGTTTGTGGGGCGTCGTTTCTCCTCAATATAAGGGTGACCTTTGTGCGCCGAGGCGCCTCCACCAGCACAATTCGCGTCTCAAGCTGATTGTCTTGTTGAGGGATCCCATAGAACGAGCAAGATCTCATCATCGAATGGCGACCCGCCGTCAGCAAGAAAACCGGTCATTTGAGGAAGCAGTCTTGGAGCTTCTTGATCGGGAGCGGATTGATCTTTCGCCTCCACCACCGGAGCCAGAGTGTTACCTCGAATGGAGCTGCTACGGTTTTGTACTGGAAAAGTATTTGAAATACTTCGACAGAGAACAAATAATTTTATTGTTTACGAATAACCTAAAGAATAACCCGTCTCAAGAAACAAAAAAATTATACTCATTTTTAGAAGTAGAAAATGAATACGTACCTCCAAATGTAGGACGTAAGTATAATGATTCGGGACCAGAAGAAATATTGACCGTAATTAGACGTGCATTTAGGGGGAGTATAATTCGTAAATTTTGGCACCGTAGAGTTAATGAGAAAACGAAACAAAATGTATACGACATGATGCGAAAAGTGATTAGTATTGCTCCAGGCAATATTGACAAGCCTTCAAGTAAAGTTTCTAAAATTACCAGGGAAAAGCTTATTTCGTTTTTCAAATTAGACGTAAAAAAGATTGAAAAAATTCAGATTAAATACTCCCTGGAGTAAGTATTTCTAAAGATGTCCGAAATTGTAAAAACAGACACAATTTTATAAGAAAAAAATAAAACAAAAAATAATATAAGTTGTGTATTAGTTAATCCCTCAAAAATACAAGTGAGTGTGGTAAATTATAAAGAAAAAAAGAACTCCCAGAAAATGAATCTCGCGAAATGCTCAAGATTCATCGCGTCTGCGCCCCTAGCGAACTGGCAAAGTCAGCCTAGATCAAGGCCCACCGATACAAGACGGTTTCAGTTGCGTATAGAGGCTCCTGTTTCCACCCTAGAGATCCTCGGGGTGGACGTACGACACGCTCTTTGTTCACGACGGTTTGCTTGCTCGGACATAGGGACAGGAGAAGCCTGTCGCTTGTAGGACCGTGTCGGGAAGAGCTGAGCGAAGAGGAGAAGAGGGCATTCGAGGGGATATACTACAGGAAGGGAGATGAGGAATGGGGGAAGGGATGAGGAAATATCTCCGGGCTGGAACTCTGTGGGCTTAAAGAAAGCCCGTTACATGGTTGAGACCCGCTCATGACAGGTTCGCCTGTAGCCAGGGAGTGACGAATGTGCGCTTAATCGAGCAATGAGACTGAGGAGCCATACACTTGTTATCTCCACGTGGTGAGCTGACGAAGTATGTCGAAACTGGCGATTCTCAATACCCATCCCATCCAGTACTACAGCCCGTACTACCGGCGTCTCGCACAGCAGCCGGAGCTCAAACTCCGTGTGTTTTACGGGTGGGGGAGGGCGACGGAGGAAACGTACGATCTGGGGTTCGAAGAGGACGTATCGTGGGATATTCCGTTGCTCGACGGATACGAGCATACGTTCCTCGAAAATACAGCCTCCGATCCAGGAACGCACCATTTTTGGGGAATTGTCACCCCGGACTTGGTTCCGACGATTGAAGAATGGCGGCCCGACGCGCTGCTCGTCTTCGGGTGGAATTTTCGGGCGCATCTGCGGGCCCTGCGTCATTTTCACGGTCGAATTCCGGTCCTCTTCCGTGGCGACTCCACCCTGATCGACGAGTCTGCTGGTCCGCGCAGGTGGGTGCGACGGGGGTTCCTGCGCTGGGTGTATCGGCATGTCGATCATGCGCTCTACGTTGGGCAGAACAACCGGGCGTACTTTGAAGCGCATGGCTTCGCCGACGACTGGTTGACCTGGATCCCACACGCAATCGACAATGCCCGTTTCGCCGACGCCCCCGAGGCGGACGAGAAAGCGCGCCGGTGGAGACACGAGATCGGCATTCCGGACGGTGCGCCCGTCGTTCTGTTCGCCGGTAAGCTGGTGGAGGAAAAAGCGCCGGACGTGCTCCTCGATGCTTTTGTGAGTCTGGAGACTGATGAGAGTCACCTCGTCATCGTGGGCAGTGGCCCGATGGAAGAGGCATTGAGGGCGAAGATGGAGAGCCACACGCGTGTCCACTTCCTAGGCTTTCAAAATCAATCCCGAATGCCTGTGGTCTATAGACTTGGAGACCTAGTTGCGTTGCCCTCTCGAAGTGAGACTTGGGGGTTGGCCGTTAATGAAGCGATGGCGTGCGGCCGACCCGTAGTTGTGAGTGAACGAGTCGGCTGTACGCCCGATCTGGTTGACGAGACAAACGGCCGGGTCGTCCCACCAGACGACGCGGATGCTCTGGCTTGTGCACTCGACGAACTGCTGGCCAACCAAGACCACCTCCAGTCCATGGGGCGCCGCTCGGCGAAGCGTATCGAGGACTGGTCGATCGACGTAGCGGCGGCCCGTACGGCTGATGCAGTGCAGGCCACGGTGAAACGAGACGAATGAGTCCCGAAATTTATGGCGGCGTAGCTCGGATAAATGCAAAACCCCGAACGGTCATTCCGTG
NZ_CP030364.1_gap15	308501	312676	4175	GTGGGCCCTAACGAGAATGGTCACCGGGGCGAGCTGGAACGACAGGTGCGCCGGCTGGGGCTCGAAAAGGCCGTTCAGTTTTCGGGCCCGGTGTCTGATGAGGAAAAGTGGGACGTATACCGCCGCGCGGACCTGTTCGTCCTTCCCACTCACAGCGAGAACTTCGGAATCGTCGTGGCCGAGGCGCTGGCTGCCGGGGTTCCGGTGATTACGACGACCGGGGCGCCGTGGGAGGACTTGGAGATCAATGACTGTGGGTGGTGGGTAGAGCCAACTGAGCGTGCCCTCACGACGGCGCTGGAGGAGGCCTTTGCCCTGAGCCCGCGCGAGCGGGCGACAATGGGCCGCCGTGGGCGTGCACTGGTCGAAAACCACTACTCGTGGCAGGGGGTGGCCCGGCGCATGAAAGAGGCCTACCAGTGGACGCTCGATGGGGGAAGTCGCCCGAAATTTATCGTGGAGGGGACCCAGCCGCCAAGTGGAATGGGAAGCCGGTGAGAAGATGCCCCAACCAGCATTGCAGGAGTTGGTCCAGATGCCCTGGCGCCTCTCTAATGAGGCGAAGCGCCGACTGGCATACCCGTACATTCGGTGTGCGTTTGCGTACCATGGGGTATCCTGGGGACGAGGATGGCGGGTTTTAGGAATGCCCATCATTCAGCGGCATCGGTCGAGTGACATTCTTCTTGGAGATGGGCTGAGCCTCCGGTCGTGGCCACGGACGAACCCGCTCGTGCCGCATCATCCCGTCGTCTTTGCAACTCGTAGGGCCGAATCCACGATCCGGGTCGGCAACGACTGTGGCTTCACAGGGACGACCTTCGTGGCCGCCGACCGCATTGAAGTCGGCGACCGAGTGCAGATTGGCTCCAACGTGTCGGTCGTGGACACCGACTTTCATCCACTGCGCCCCGACGAGCGGAACCGCAACTTCAACGCCGGGGCCGCGGCGCCGATCGTGATCGAGGATGACGTGTTCGTGGGCATGGACAGCCTGATCCTGAAAGGGGTGACGGTGGGGGAAGGGAGTGTCGTCGGGGCCGGTAGCGTCGTGAGCCGCGATGTCCCCCCTGGGACGGTGGTGGCAGGCAACCCCGCGACTGTCGTGCGGCACCTGGAATAGTGTCGCGGCCTGGGAGAATCCCGATACAAAGGCCACGCACGGACAGTGGCTGCCGCTTTCTTTTCTACGTCGGTTTTCTCTGCTCTCAAGCCATGGACCGCCGGGCTTTTCTCGCAACGTTCTGTATCGGGATAGCCGGAACCGTAGGAGGCAAAAGGAAAAGCCAGGTCCGTGCAGTCCTTCAAGAAGAGAAAGCTCTTTCCCGTCTCCTCAGTCGTCCGTCCTGTGCCCGGCGCATCGGTGAGCGGATCCTGGATTCGGAAGAGCAGGAGGGACAACGCATGATCAGAGATGGCTTGGCATTCGTTCGGGGCGGGCCAACCGGAGAATCCCGGGAAGACACCCTCCGACGCGTGGGAAAGCAGATTCGGAGGGACTACGACAGCGGGCGAATGATTGCCGTCGACGGGTGGGTTCTTTCAGAGACAGAAGCCCACCTTTGCGCTGCCTTTGCCAGCACTCCCTGACCATCTGATGCATATCGACGGGCGAACAATTGAGAAGGAGGCCGTCGTGGAGAGTGATGTTTGTATTATAGGTGCGGGGGCGGCTGGCATCACAATCGCGAAGCGCCTTGCTGGTGACTCTCTGGAGGTTTGTCTGCTGGAGAGTGGCGGGCTAAATAGCCCAAATGGGGCACAATCCCTCGCGGACGGTAGCAATGTGGGATTATCATACTATCCTTTAAGTAGCAGTCGCCTCCGCTACTTCGGAGGGAGCACTAACCACTGGGGGGGGTATTGTGCGCCGCTCCATCCGATTGATTTTCAAAAGCGGTCTTGGGTCCCCCATAGCGGGTGGCCCATCAGTCGGGAAGACCTGGACCCCTATTACGCCGACGCACACGATCTGCTGCAGCTAGGTCCCTTCGAATACGAGCCTCAGTACTGGGAAGGGAACGTTCGTGACTTCCGGCGACTGTTTCCCAACTCTAGCAGGATATCCAATTCTGTCGTTCAGTTCAGCAACTCACAATTTCGGGTAGGCAAAGGCGAAAAACGAAAGCGAAAAGGGCCCACCCGGATGGGACATCGGTACCGACGAGAAATCGTGAAGGCCGAGAACGTGACGGTAATCACAAACGCGACCGCAACCGAACTCGAAACTACTTCCTCTGCTCACACTGTCACTGGCGTTCGCGTCGAATGCCTGGACGGAAATATGTTTCGGGTGCGTGCGGGGCGCTATGTGCTGGCCTGCGGGGCCCTCCAGAATGCGCGACTTCTTCTGCTTTCAGATCGTCACGCCCCGAATGGTCTGGGAAACAAAAACGATCTGGTCGGCCGATTCTTTATGGAGCATCCCCATGTTCCCTCTGCTTCCGTTTTGTTGTCGGAGTCAAGGTCGCTGGATGCCTACCGCCGATACTACTCCCGGCTCCGACAACCTCGCTTTTATCTACGGATTGATCCGAGGAGCCAGCGCAGCGAACGGGTGCTGAACTGCTCGGCGCGGCTCGACACACGGGCCTCAGGACTTCGGGCTGGACAGAGTCTCTATCGTCGCCTGGGGATGGAAAAATTTCGCTTCGGGAGTGACCTATCGGAAATTGAGCCTGACATTGAGAGTGTGTTGGCCGACTTTGAGGGCGTCCTAAGTGGCATCAATGATGCGCTCCGAGAGGGAAGCAAAAAGCGACCGCAGTTCCGAAGAGTCAATGTCATGACGATTGCGGAACAGGCGCCTAATCCGAACAGCCGAGTACAACTCGGCGACAGCCTCAATGAGTTCGGCCAGCCAGAACTGGAACTTGATTGGAGGCTCACCGCGCTGGACAAACGTTCTATCGTACGTCTGAACACAGCACTTGCGCAAGAACTGGGAAGACGGGGCCTTGGGCGTCTCAGGATTCCAGAGTGGGTGCAGGCAGAGGGATGGGAGGAAGTCGAGAAAGAAGCGGATCTTTCTAGGCTTTGGTGGCCAAAAAGCCCTGACCGAGTGAACGGGGGCTGGCACCACATGGGAACCACGCGCATGAAGGATACTCCTAAAGAGGGAGTTTGCAACAAGGACTGCCGGGTGTTCGGAGTCGATAACCTCTACGTGGCCGGCTCATCCCTTTTCCCAACCTCGGGATCGGCTCCCCCGACGCTCACCATCATGGCACTCTCTCTTCGTCTGGCCGAACATCTACAAGAGTTTTCAGAGACCAGTTAGGCGCAGCACATGGCATTTTTTGCATACCAGCTGAATAGGTTAATTGCAGCTCTTTTGCTGCTTCTTTCGGCTTGCTTTTTCGGGTATTCGATCGCCAGTACGAGCGTAAGCCTTTTGGTTGGCACAATATCCTTCATCTTCGGCGTTTACGGGTTTTCTATTCACATCTCCTTTGCAGTAATAATAAAGATATCATCAAAAGATATATAAAATGAGTAAAAGCCACGTATTCTTTTTAAGCAACAACATAGTCGAAAAAATATCAAAAAGTATATTAAAAAATATAAAAAATGACGAGGATATACTATTCTTAGTAACCGATAGATACCGAACAAACTTGAAGCCAAAAAAGAACATAAAAGAAGTGTACGAAATAAACATAAAAAGTAGGTATTTGTTTCCAATGAGGTGGCTAAAAATAAAAGAAGGAGATAGAAAAATTAAAGATAACGTAAAATGTGACTTTCATTTGTACTTGCCGTATACACACCACTTCGAAGTAAGATTGCTCATGTCCCACAACATGTGCAGTGGTTTTTCTATAATAGAAGAAGGAATGACGAGTTACTGCAAATTAGAATACGCAAACGAAAAGTCTGGGTCCAAAAAGGAGTCCATAAAAGAGAAAGTGTCATACCTAGGCCGCCTCGGCGAGAAAAAATTTTATAGAAGGGGTGCAGAAAGAGTTTTTTGTGTTCACAGGGATGCATTCCCATGGGCAGAAAACAAAAATGTACTCGATATAGAATTCGGGAAAGAAAAAAAAACAAAGAATAGTACAATAGAGTGTGTACTGGTATTGGATAATCCTGGATACTACGAGGAGAGAATTATGGCCTACTCTTCGGCGCTCGTAGAGGCGCTTAAATTATTAGATAAAAAGTATAGTAAAATA
NZ_CP030364.1_gap16	328607	332796	4189	AGTACGAGCAGGTTCTCTGACTTTTGCCTTCCGGCCATGCTCAACATCGGAATCATCGGCGTGAGCGAAGGGAACGGGCACCCGTTCTCGTTCTCTGCCATCGTGAACGGATACGATGACGAGGGACTACGGCAGTCTGGATGGAAGGTTATCTACGACTATGTGCGCGAGCGCCATCCCTCTGAGTTCGGATTTGACGGCGTGCAGGTGTCACACGTGTGGACGCAGGAGCCCGAACAGACTCGCCGCCTGCAGGCGGCCTGCAACATTCCTCGTGCCGTAGAACACTGGAGCGACCTGAAAGATGCCGTCGACGCGGTGATTCTGGCGCGGGACGACCACGAGCGCCACGCCGAGATGGCCCTGCCGCTCCTGGAAGCGGGCCTGCCGGTGTTCGTCGACAAGCCGCTATCTTTAGACTCGGAGGATCTGCGGCGCTTTCGCCCCTATCTTGAGGATGGGCAGCTCATGTCGTGCTCCGGCCTTCGCTATGCCCGTGAGCTCGACGAGGCCCGGGCCCATATCGGGTCGTATGGGGCCCTCCGGTGCGTCCGGGGCGCCGTCGTGCTGGGATGGGAGAAGTACGCGATTCACCTCCTTGAAGCCGTGAGCACCGTGTTGCCGTCGGTGCCGGTGTCCGTCGCGCCCGTGCCGGCCGAGCACGAATCGGTGGCCATCACGATGAGTGACGGAACGCTTTTCCAGTTGGATGCGCTGGGGGACGTCCCGAAGACGTTTCAGGTCGACTTCTGGGGCACCGACCGCCGAAGCACTCACGAGATCACCGACAACTTTACGGCCTTCCGGCGCACCCTCTGGGAGTTCGTCGAGATGATCCGGACGGGCGTCCCGGCCATCGATCCGGCCGAGACACTTCGATTAATGCAGGTGCTCCGGGCAGGGCGCCGTGCACTGCAGGAGAGACGCCCTGTTTCTCTTGACAACATTGAAGCAGCATGACCCGCGAGAAGGGAGTGGACAGGGAGAAATGGATGGGTGGAGGGTGCCTGCCGGGACAGAGAGTTTCAGACTGAGGTTCAGACTGAACAGAAATGCAGCCACGAACCCGCTTCAAGCCGGAGGCAAAACCCAATCCATGCTGAACCGCGAGACCCCTGCAGCTTCTTGGTGGGGGCGCCGAACCCTCACATGCGGAGTTGAGAAAAGGGGCATTTTGCAGTCCTCGGGGTGGAAACCTGCTCCCCGTGGCTTTTCCTCACCGGCATGGCCCCCCGCTACTGCACAACGGTAATCCGTTGTGTTCGGGTTTCTCCCTCGGACCGCAGCCGCAGAAAGTAGACGCCACTGGAAAGTCTCGACAGGTCCGCCTGCGTGACCTGGCGTCCCTCCACTTCTCCCTGGCCAAGCGTTTTGACGACCCGCCCGAGGGTATCGTAGAGCTTCAGGCTCGCGTCTTGTTGCTTGGGCGTCGCAAACTGGATGGCCGTAGGTCCACGGGTGGGGTTGGGGTATGGGGCCGAGAGTGTCAATTCCTCCACACTGGGAATGTCACCCGTGGGGGTCGCCCCAAGGCGGACGGATTGTAGCCGATATACCGCATCGCTCTTGTAGGACCCATCGTCGCGGCAGAGGGTTTGCAAGCCGCCCGGAAAGCGCTCACACTTCACAAATGTGCCGGACCCTCCCCGGTATTCTTCCCCGCCGGCTCCGTAGAGGCGAAAGTGGAACGACTCCCCGTCCTCCAATCCTGTGGTCTCCAGCGCGCCACTTCCCGCCAGGGCCACGGATTCGGCGTTCGAGCGTGGCCACGGCGCCTTCCCGATACACGTTTCGTCGGAGGCAAAGACGGCGATGGAGTCGGGGTTGAGGGAAGAAAATCCAGTCCCTTTGACAGCGGTGGTGGGAGGGATGACGACGGTTGCGTTGTTGACGCTTGTGGCACAAGCGGCTGGCTGTCCCCTGCTCTCTGTGCACGAGAGAAGGAGCAGGCCCCACGCCAGTGACGCGGCAAGACCGGTCCTGCTTGTGAGAACGCGAAGGACGGAAGAAAAACGGAAAAAGGCCACAGGCCGAGGAGTTGAATGTTCGTTCGTCCCGAAGGTGGTCCAAACAGGACGCTTTCAGGATCGCGTTGGGCCTTCTCGCATTCCCAGGACTTCCTCAATAGGAGATTCAGGGCAAGATGGCGCCGCAGTCAGTATGCAGTATGGGATCTGCAGTGGGAGGACTGCGTGGGGGGCAGGTTCGGGTACCGTGGGCGGCACCTCAGGACATCGCAGGCTGCATCTCAAGTGGCTTCAGTTCACAAACCTTGGCCCTACGATGGACGATACCGACAACGGGACCAAATGCCCACCGGTCTTGCGGAATGACACCTGAGCGAGAGCTTCCAGAGCCACTTACAGGGGAGGACCCTTGATGGTCCGGTAGTCGCCGGCGTCTCCCCCACCCGGGGAAGAAGTCAACGATGAAGAGACGTTTCAGATTGGGCGTTGGCACAAAGATTGGGCGTTGATCGAAAGGAATTCCTCCCGGCGGATCAGAACCCACTTCCTGTTGCGGCACGTTCATTGAGCAAACAACCCGTTTCCAACCCGTCTATGACGCCCCCCACCTCTGCCGCTTGGTGTCCAGGAAAACGGTCTTCGGATGCCAGATCCCCGGAGGTTCAACTCGCCTGCACGGCACTGCTCCGTACGTTGGGTTACGCCACGTCGGAGATGGTTTCGACCCGTGCCCGCACGCTGCGGGATCGTGTCCAGGCAGGCCGATTCGTGGCGTGGTGCCGCTACCAGAACATTGTCCTCCCGGTCTACCGCGGGCTCAGGGCCGAGGCCGCCCTCACCGAGAGGCTGAGAAATCGCCTCAAGAGACTAGCCCAGGCCCTCACCGGTCACAGTTTGTACCAGACGAAGCGCCTGCGAGAACTTCTCGAGGCGTTTTACGCGGCGGGGGTGCCGGTCATGGTGCTCAAGGGCACCGGACTGGACGTGTGGATTTATGGGGGCCCGGGGCGTCGGCCCGCCGGAGACCACGACTTGATGGTTCCCACCGGCCACGTTGATGAGGCAGCATGTGTGCTGCGGGACGTGGGGTACGCCTGCGTAGATCCGGACTGGTCGTCAATATCAGACACAAACGATCCGGATTACCACGCGCCTCCGTTCAGAAAGAGTCAGGACGGGGCTACGTCGTTCGTAGAGCTGCACTGGCGCCTGAACGCGGTGGACTCGACCCAGTTGGTCGACGATGCCCGAGCGGTGACAAAGGCCATGTGGGGGCGGGCAGAGGAAACGACGCTACTGGGCGCACCGGTTCGGCGGCTGTCCCCCGAAGACGAGCGCCTCTACCTGTGCGCACACGCGGCAAAACACATGGTGCAGCACGATGCAGGACTGAGCATCCGACTGTCCATGCTGGCGGATGTGGCGCGCCACGCCGCCGACGGGCCGACTGTAGACCTCGATCTGCTGACCCAGCGTGCAGAGGCGCTTACCGAAAATGATGTCTTCGCCCCGCTTCGCGCACTCTGGGTGCGAGGGGTGGGAGGACCTTCAGGCGGCCTCGTGCCCGACGCTCTCGTAGAGACGGATCAGTGGCCACGGCGGCCCTGGGAACGGGCTGTGTTCTCGGTGTCGCTACTGCTTGGGGATCGAAGCGCGCTCTGGGAGACGGACTGGCAGACACAGCCTTATGGGCATCGCCTACGCCGCATTCTGATCCATGCCATGATGCTCCGCCGAGGCCCCGATCGGTGGGTTCTGCTTCGCCACGCCCTGCTGGACCGTCTGGTTTCGGTTAACGAGCATGACCGGCGCCTCCTGCCCGGCAGGTGGGCCGGGTGGGCCCTGCTCCCGGTCCGGGCGGCCCGCCTGCTGTGGAACATTATCCGGTATTGAGGACGAGCGGCTGAATGTGCGTGCCCTGCGTTGGAACGCGCAGGAGGGACTGAGAGACAAGACCGGCTCCATGTTTACGTCTCAACCCCGAGAAAACGACAGTAGGAAACTGCAGAATACGGAAGCCGCCGGTAGGGCCTAAGATGTCCATCGGCGACCAGTCGGCGACTTAATCAGGAAAGGAGGCGGGCTGGATTTGACGTTTTGGAGTAGGGGGCTACGGGCTCTGAAGGCTAGAATTTCGGGGTGGGAAGACCACAGCCAGAGGCCTCCAAACTCAGACGCGCCGCGTCTCGGCGGGCTTGAACGAGCCGCACGCTCTCGTCCCG
NZ_CP030364.1_gap17	339154	340361	1207	CAACAACTGGGAGCGGCAGCGAAAGCGAGTAGCGAAGGTCCACCAGCGCATTCAGTTCCGCCGCAAAGACTTCATCGAGAAGCTGACCACACGGCTCGCCCATGACTTTGACGTGATCTGAGGCCCAAGGGCCTTTCGGTGAAGAACATGCAGCAGAACCAGAATCTCGCCCGCCATGTTGATGGGGCCGGTTGGAATCAAATCGTTCGTCGTCCCCGAGACGAATGCGAGTGGCATAGGTGAACGCTCGTCATTGCCGACAAGCTCGTTATTGCCGACAAGTGGTTTCCCTCCAGCCAACGGTGTTCTGAATGCGGCCATGTCGGCGGGAAGAAATCCCTTGGGCGCAGGAGCTGGACGTGCAGCAAATGTTCTGCGCATCACGACAGAGCATCACGACAGAGACGTCAACGCAGCAAAGAACCTCAGTGGGGCCCTAGCAGACCCGAATTCACGCGCCTGGAGACCTGACAGGACCCGAGGCGCCAGTGGTCCTCGGTTCCAGTCGATGAACAACACGATCCCCCGCAAAGCGACAGCTGGACTAGCCGGGGGGAAGTCAACTGGTGGAGTACACTCATGAGATGGTCCGGCCCTCCATGCCGGTGCTACCGTGTGACACGACGGCCGCTCAGTAGCACGGTTAGGCAAGGGCTACTTTGGAGGAAAAGGGACTCTCCACCCCGTTTGCCGATGGCCAGATTGCAGCAATCGCCGCGGCTGAAGACCTCGCGGTCGTGACGCAGAATGTTTCCGACTTTGAGCCTTTCGCTACCCCTGAAGACGGAATTCGCCTGGAGAACTGGTTTTCGGGCTGAGCCGCTTCGATTGGGTGAGAGGGCAGCAGAAGAGGCTTTGGGGAAAGCCAGGCGTGGGCACAGGGGCCGCCGCCCGATGAAGGATCGGGAGGGCAAGGCACCGAGACGGTTCCGGGCGTCCCCCGGACGAGCGGCTACAGGTCGCTGTTGCGCTGGGGAATGGAGTCGGCGCGGCGGTTCTGCTCGTCGGCGCCCTTCTTTCCCCCCAGATCGCCGACGGCCCCCTCTCCGCTTGTCGTAATGCGGTCGGGCGCGATGCCGTTGTCTTCGTAGAAGTCCGCTACCGCCCGGGCACGGTCCCGAGAGAGCGGCAGGGGGGCTGGTTCGTCCGGGGACGCAAAGCCCTCCACGCGGACCGACAGGTTCGGGCAGGTGCGGAGCACCTCCGC
NZ_CP030364.1_gap18	449271	453421	4150	CGCAAGGTTTGTGGTCGTGTCGGTCTTTACGGCTGCGTCAAGGCGAATCTGCTTCCCGCGGTGCGGGGTGGCGTCGAGCCCCTGCATGGCCTGTGCAATTGGCGGTCGGTTCGTGCTGTCTTCGTGTGCTCGATGAAGACGCGCGCTTTCGTACGGCCCGCGGTTGCCGAGGCCGAGGCCCTTGTGCTGCCAGGCGACGAGGTTGAGCGCTGAAGTGTCGGCGGCCGGAAGCACACGGTGCGGGGCGGGCGGGGGGTCGCCCGTCTCGTACCACTGGATCGTCGGGGCGATCGGTGTGAACAGCGAGTCCAGGGTCGAGCGCAACTCCGCCCGGCTGCTGGCGCCTGTCACCTGCCGCACGCCGTGGACGGCAAACGTCTCCCAGTCGACCTCCGCCGCCGCGTCGCTGGGGTGAAAGTAGCGGACGTAGCCGTAGAGGGTGGCGAAGGCCCGCAGATTTTGAATCTTCTGATTCGGCTCCGCGGCCCTGCGAGCCGACATCTCCGCGTCAGACACCGTGGTGGCAGCCAGGCTGCTCCCCGACCGCTCCGCACGGGGATACCAGTCGTTGGGAAGAGGGCGGACGGCCACCACCAACAGCGTCAGCACCAGGCCGAGCGTTCCGAGGAGCGCCCTGCGTCTGGGCGACCAGGACGCAACGTCGTCCCGGCCTACGATGGCGAGGATGCGCTCCCTAAGCCGCGTGGGCCGGGCGATCTGCAGGGCGGGGGTGGGGACGTGATTGCTCACCGCACGGCGCGCGGCCGCCAGCAGTTGATGGGCGTACGTCTCAGGATCTTCGCCCGCGGCGAGCACCGTCTCGTCGCAGGCCGCCTCGCGGGCCTGAAGCAGCTTCGACCACCCCGTCCAGGCCAGCGGATTGGGCCAGTGCAGCGCGCGCCCGAGCTGCCCGACAAGCCCCAAAAGCAGGTCCCTATGCTTCAGGTGGGCCATCTCGTGGAGAAGGACGAGCCGCTGTCGCTCGGGGGGCCACTCTTGGGCGGAATCTGGGAGGAGGATCGTCGGGGAGAACAGCCCGAGCGACATCGGCGTCGCCCCTGGGTGAAACCGAATCTCGGCGGTACGCCCCGAGCCAAGCTGCTCCTGAACTTCTTGGAGGCGTTCGTCCCAGTCCGGGGCGTCGGCCCGGCGGGCCTGCCGGCGGAGGCGCCGGGATCGCAGATGACCGACCAGCAGGCGAGCCAGCAGCAACACCACCCCGGTCCCCCAGACGCCGAGCAGGACCGGTCCCCACGCCCACCCCAGCAGCCAGGATGATTCGTCTGCACGGCCCTCGCCGAGCGCCGAGGTGGAGCGGCCCGGGGACGCGCCCGCCCCGCCCGACGCTCCGGCAGACGCGGAGGTGCGCCCCTCCCCAGAGGCCCCGGACGCCGACTTCGAATCGGACCACGGCTCGTCACGCCGTGAGGACGGCCGGCGGACCGCCGGCCCGTTGGCCGAATCGTCCGCGAGCCGTACGACCTCATCGACCGGGTCGGGGAGGGACGACTGCGGTAGAACCATCTGCCCGATCGGCAGCGCCAGAAGCGCCGCAAATGCCAGGCCCCAGGCGGCCCGCGGAAGCGAGGCCGGCGCCTCCCATCGGCGGAGCAGCGCACTTGCCACGTGGGCAAGAAGCAAGAGGACTGCGCCCTTCAGCAAGACATCGAGAAGGAGGGTGCTCAGATGGGACGACGCAAGAGGGCGAACCATTGGGCTCGGTGCCATCTGTTCGTTTGCAATGCGGTGCGAGGGAGGCTACGGGTCCCCTGAAGCATCCGTCTTGGACGAGCCGGCCTCCGAGGATTCAGACGAGTCGTGCGCATCCTCGACGATTTGCTCCAACTCTCGGAGCGTCTCGGGAGAGAGGTCCTCGCTTTTCGCCGAGAGAAGCGTCGCGACCGTTTCCGACAGCGACCCGCCGAAAAACGTCTCCTGTAGGTGGTCCAACAACGACCGGCGCACCTCTTCCTTCGGCCGGGTGGGAAAGTAAACGTAGCGGCGCCCCTCCTGCCGGTGGTCGAGGTAGCCTTTTTCCTCCAGGTGGCGGAGCATCGACCGGGTCGCGGAGTTGGAGGGCGGGTCGGGGAGCCTGGTGCGGATCGTCTCGGCCCCGGCCTCCTCCAGCCGGTACACCACGTCCATGATTTGGCCCTCGCGGCGACCGAGTTCGTTGTACAGAGAACCGTTCATGGGGGCGGATTGCGAGGGAGTGTTGATTCTTAAACGTTAACACATCAACACCATACGTTTCGGCGGGCCAAAAAGTCAAGGGCGGGGCCGACGCTAAGAGCAGGCGATTTTCAAGTGCACGCGGGCACGCCATGATGCGAGACGTGTTAGGGGCCCGCAAGCAGCACGAACATTTCCGAAACGTCGTGTCGTAGGAGTGCGGGACGCCGTAGAAGATTGAGCCTCTGCCTCCGTGTTCTTCACAGCCGCCCCCGCTCGATGGACGTCACCCACGCCGATCCCACGCACGTCCTCCAGTCCGTCTTCGGGTACGAGACGTTCCGCCCGTACCAGGAGCCGGTCGTGGAGCGGCTCGTCGACGGGGGGGACGCACTCGTGCTGATGCCGACGGGCGGGGGGAAGTCGCTCTGCTACCAGATCCCGGCGATGGTGCGGGACGGCCCCGGCATCGTCGTCTCGCCCCTCATCTCGCTCATGCAGGACCAGGTCGACGCCCTGCAGCAGGTGGGGGTGAAGGCGGCGGTGCTCAACTCCAGCCTGGGCCGCAAGGAGCGGGAAGCGGTGGAGCACCGGCTCACGGCGGGCGAGCTCGACCTCTGCTACGTGGCCCCCGAGCGGGCCACCCGCGACCGCTTCAAAACCCTGCTCTCGCGGGCCCGGCCCTCCCTGCTGGCCATCGACGAGGCGCACTGCATCTCGCAGTGGGGGCACGACTTCCGCCCCGAGTACCTGGCGCTGGCCGACCTTCGGGGCGACTTCGCGCAGATTCCCTGCATCGCCGTCACGGCCACCGCCGACCCGCCCACGCAGCGGGTCGTCCTCGACCGCCTCGGCATGACGGACGAGGACCGGTTCGTGGCCGGCTTCGACCGCCCCAACATCCGATACGTGGTGGAGCCGAAGGGAAACCGGCCCCGTCAACAACTACACGAGTTTATCGAGCGGGAGCACCCCGGCCAGAACGGCATCGTGTACTGCCTCAGCCGCAACGGCGTGGAGACGACCGCCGACTGGCTGACCGACCACGGCCACACCGCTGTGCCCTACCACGCCGGCCTCTCCGATCACAAGCGCAGCGAGCACCAGGACCGCTTTCTCCGCGAGGACGGCCTCATCGTGGTGGCCACCGTCGCGTTCGGGATGGGCATCGACAAGCCCGACGTGCGCTTCGTGGCCCACCTCGACGTCCCGAAAACGCTGGAGGCCTACTACCAGGAGACCGGCCGCGCCGGACGCGACGGCCGCCCCGCCACCGCCTGGATGGCGTACCGCCGCGGGGACGTGGTCCGCATGCGGCAGCTCATCGACGACTCCGCCGAGAACGACGAGCACCGCTGGACCCAGCGCCACAAGCTGAACGCCCTGCTCGGCTACTGCGAGGCGCCGGACTGCCGCCGCAAGGTGCTCCTGAACTACTTCGGCGAGGACATGGGAGGCGACACCTGCGGCAACTGCGACAACTGCCTGCGCCCGCCCGACACCTGGGAGGGCACCACGGCCGCCCAGAAGGCGCTCTCCTGCATCGCCCGCACCGGCCAGCGCTTCGGCAGCGGCCACGTGACCGACGTGCTTCTGGGCAAGGACACCGAGAAAATCCAGCGCCATGACCACGACACCGTCTCCACCTACGGCATCGGCGCCGACCGGTCGAAGGCCGAGTGGCGGTCCATCCTCCGGCAGCTGGTGGCGAAGGGCATGGTGGAGGTGGACGTGATGGGGTACGGCGCGCTCACGCTCACCGAAGACTGCCGCCCGGTGCTGAAGGGCCGCGAGACGGTCGCCTTCCGCGACGGGGCCGCGGCGTCGGCCTCGCCCAACACCACGAAAACCGCGACCGACGATCCCCTCCCGGCCGACGGCCCGGAACGGGAGCTGTTTGAGGCCCTCCGGGAGCGCCGCACGCAGATCGCCACGGACCAAGACGTGCCGCCCTACGTCATCTTCAACGACAAAACGC
NZ_CP030364.1_gap19	462313	467287	4974	TCCCCTCCCACGAATCAACCCCGCAGGTCCAATGAGCACCATCCGCACCGACGGCATCGACTACGACATCATCGGCGACGACATGCAGCTCGTGGAGGTGGAGCTCGACCCTCAAGAAGGCGTGCGCGCCGAGGCCGGCACCATGATCTACATGGACGACGGCATCCACATGCAGACCGATACCGGGGGCGGCCTCTTCAAGGGCTTCAAGCGGATGGTCTCCGGGGAGAGCTTCTTCATCACGACGTTCGTCCACGAGGGGCAGGGCAAGAGCCACGTCGCGTTTGCGGCCCCGTATCCCGGCAAGATTATTCCCGTTCAGCTCGACGACTTTGGCGGCGAGTTCCTGTGCCAGAAGGACGCGTTCCTCTGCGCCAACGCGAGCGTCGAGATCGAGGTGGCCTTCACCAAGCGCATGGGCGCGGGCCTCTTCGGCGGCGAGGGGTTCATCCTGCAGCGCCTCACGGGGCAGGGCTGGACGTTCATCCACGCCGGGGGCACCGTCGTCGAGCGCACGCTCGAGGCCGGCGAGACGTTGCGGATCGATACTGGTTGCCTCGCGGCGTTTTCCAGCAGCATCGACTACGACATCGAGTTCATCGGCGGCTTCAAGAACGCGCTCTTTGGCGGCGAGGGCCTCTTCCTCACTACGCTCACCGGGCCCGGCACCGTGTACCTGCAGAGCCTTCCGTTCTCCCGCCTTGCCGACCGCATCGTGGCCGGCGAGCTCGCCAATCGTGGAGAAAGTGAGGGCCCGGGCGGGACGGGCATCCTCGGCGACCTCATTTCCGGCAGCTAGACCCCTGTTTCCATGCAGGCCTCGGGGCCCCGAGCGGCCTCGCCTCCCCCCTGATCGGTCCGGGAAGGGGCCCTCCCGCGAGGGAACGTCGACATGCCAGGTTCTGAGGCGTGCGGGGACTGGAAGAAAAAACATGTTTGAAATATGTGTGCTGGTTTGTATTGTGGTGGGGCATCGACGCTATGCCCCGCTCAACAGACCCCACCGCGCCCATGTCGCTTTTGTCCGATGACCCGAACCACTCCTCTGTCCAGTCCGACGTCGTCGTGACGGCCGCGCGTCCGGCCCGTCACACGCCGCGCCTACGCCAGCCCTTTTTCCTGACCCGGGTCGAGGCCGGCTTCCCGTCGCCCGCCTCCGACTACGTGGAAACCGAGCTCGACCTGGCCGAGCACCTGATCGAGCACGAGGCCGCGACCTACTACCTCCGGGTGTCGGGGACGTCCATGACGCGGGCGGGCATTCACGACGGGGACATCCTGGTGGTCGACCGGGCCGTGGAGCCCGCGGACGGAGACGTCGTGGTGGCCGCGCTCGACGCCGAGCTGACCGTCAAGCGGCTCCGGACGCGCGACGGACGGGCCTTCCTCGTCCCCGAGAGCCAGCACCACGACCCCATTCCGGTCCGGGACGGGCAGGAGCTCGTGGTGTGGGGCGTCGTGCAGCACGTGGTCCATGAAGTGTCGTGACGGCACGCCCCACGCGTCCTCGCGTCGTCCCGTCCAGTTTGCTGCCTCCTGCCCGTGGATTCCGTCATCGCCCTCATCGACTGCCAGGCCTTCTACGTCAGCTGCGAGCGCGTCTTCGACCCCGCGCTCCGCGGCCGCCCCACCGTCGTGCTGTCCAACAACGACGGCTGCATCATCGCCCGCTCCGCGGCGGTAAAGGCGGCGGGCGTGCCGATGGGCGCGCCGGTGTTCAAGTGGCGCGACGAGCTGGAGGCGATGGACGCGGCGGTCCTGTCGAGCAACTACGCGCTCTACGCCGACCTGAGCCGTCGCGTGACCGCGGTGCTCGAGACGATGAGCATCGACCTGGAGCGGTACTCGATCGACGAGTGCTTCGTGACGCTGCCCGCGCTCGACCGCGACGCCCTCCGGGCGCTGGGCGAGCGCATCCGCCGTCGCGTGCGGGACTGGGTAGGGATCCCGGTGCGCGTGGCGATCGGGCCCACCAAGTCGCTCGCCAAAATCGCGGACGAGAAGGCCAAGGCCGACAAGCGGGCGGGCGACGGGACGGGGGTGTACGTGTGCCCGCCGGAGCCGGACCTCGACGTGCTGCTCTACCGCACCGACGTGGGGGACGTGTGGGGCATTGGGCCGAGTTACGAAGAGACGCTGCGCGAGCACGGGGTGACGACGGCGGCGGAATTCCGGGCGCTGCCGGACCCGTGGATCCGGTCGACGATGACGGTGGTGGGGCTGCGCCTCGCCCGCGAGCTGCGGGGGCAGCGGTGTCTCGACCTGGACCTCGTGGGGCCCGACCGCCAATCCCTCGTCCGGTCCCGCTCGTTCGGCGCGCCCGTGGAGGCGAAGGCGGAGCTTCGACAGGCCCTCGCCAAGCATGCGCAGCGGGCCGCCGAGAAGCTGCGGGAGGAGGACCTCGTGGCCCGAGGGATCAGTGCGTTTATCACCACCAAGACGCACGGCCCGCCGCCCCACTACGCAGACGAGGCCCAGGCCACGCTCGACGAGCACACCGCGGCGGCCCCGCCCTTCGTCCGGTCGTCCCGTCGCCTTTTAGACGCCATATACCGGGCGGGCCCGGCCTACCGGAAGGCCGGCGTCATGCTGTACGCGATCCGGCCCCGGCGCCCGCATCAGGGCAGCCTGTTCGGGCGTCCCGTTCAGGACGACGAGGCCCTCATGCAGGCCGTAGATCGGATCAACGGCACGATGGGGCGGGGCACCATCGGGGTCGCGGCGGCGGGGCTGCCGGGCGACCGCGACTGGACCATGACGCGCGACAACACCTCCCAGCACTACACGACCCGGTGGGACGAGCTGCCGGTGGCAAGGGCGTGAAAACGTCGGGGGCCCCGTGCGCCGTCCCGTACGCCCGGCTCGCACGATAGGGGAGTGGATGAGAGAACATGAGTCGGGTCGAGGAACGAGCGTACGGTGAGGGCCCGTTGCCGCCCACCGATCATGCTGGACTGAACTTCCCGACGAGCCGACGACACCCGTGGTCAACAGCTACTACACCCTCCGCGCCCTTGCCCGCGAATGGCACGCCGACCTGGAGGGCACGACGGTCCGGGATGTCTACTCGCAGACGAAGAATGAGCTGACCGTCGCGCTGAGTGGAGCAGAGCAAGACTGGATGGTGCGCGGCTCGGTGCAGCGGCCGTTTCTGTACCTGTTTCGCCGCCCCGGATACCACAAGGCCCGGCGCAACGTCGCCACCCTCTTCGAGGGCGCCATCGGCCAGTCCGTGGCGGGGGTGTCCATCGCCGACCGGGACCGGCTCGTGTCCATCGAGCTGGGCGGCGGGGGCCGGATTCTGTGGCAGCTCTTCGGCGCGCGGGCCAACGCCTTCCACGTGGCGCCCGACGGCACGGTCGTCGCCGCCTTCCAGCGCCACGACGAGCTCACCGGAACGGCGGCGCCGGAGCCGTACGCCGCCCCGATGCCGGACACGTTCGAGGCGTTCGAGGACCGATGGAAGCCCAACCGCAACAAGACGCGCCAGGCGGTCCAGTCGGCCGTGTCGCTCTTTGGGGGCGACCTGGCGCGGGAGACGCTGCACCGGGCGGGCGTGACGACCGACGCGCCCGCGGACTGCACGGCGGCGGAGCGGCGGGCCCTCTTCGAGGCGTCGATGGCCCTCCGCGAGGCGCTACAGGACCCGGCCCCCGTACTCTACGGCGCGGGGCAGTTCCCGGACGCGTTCTCGCTCATCCCGCTCCGGCACCGCGAAGACGAGCCTGCGGAACGGTTCGACACGGCGGACGCCGCGGTGGCCGACTTTGTGCGGCGCACGCTGGCCGAGCAGCACTTCCATCGCCTCTACGACCCGCTGGAGGAGGCCCTCGAATCGGCGGCCGAGCACGAACGCCGCAGCGCCGAGCGCATGGTGGAGGAGCTTCAGAGCGAGAGCCGGGCCGGGCGCTACGAGCGATGGGGCCACCTCCTCATGGCCCAGCAGGACCAGGTGCCCGACGGGGCGGAGGAGGTCGAGTTGCCCGACCTGTTCGAGGACGGGGCGCCCGTCACCATTCCGGTCGATCCCGCCAAGTCGCCCGTCGAGAACGCGGAGCACTACTACGACCGGGCCCGGAGCACGCGGCGGTCGCGGGAGGAAGCGGAGGGCCGACTGGACGACACGATCGAGCGGGCCGAACGGGCCGAGGCGCTCCTCCAGGCCCTCCGCGAGATCGACACGCTCGACGGCATCAAGGCCTTCCGGGACGAGCGGGAGGCCGAGCTGCTGCCGTTCGTGGAGCGGGACGATGCGGATGTGGACGACTTCCCGTTCCGCCGGTTCGACCTCGGGGAGGGCTTCGAGGTGTGGGTCGGCAAAAACGCGCGCCAGAACCACGACCTCACGTTCCACGCCAGCCAGCCCTACGACCTGTGGCTGCACGCGCGCGGCGTGCCGGGCGCCCACACCGTGCTCCACCGCCCGAACCGCGACGCCGAGCCCGGCAAGCGCCGCCGCTACGTCGCCGCGGCCATCGCCGCCCACTACAGCAAATCTAAGGGCAGCGACGTAGCCCCCGTCATGATCACCGAGCGCAAGTACGTCACCAGCCCGACCGGCGCGGACCCCGGCGTGGTGCGCGTCGACCGCGAGGACGTGCTCATGGTGGAGCCGGGCCTTCCGGGGTGAGGCGTGATGTGTGATGCGTGACGCGTGAGGGGGGAGCAGTACGAACATCACGTTTCACGCCTCACGTATCAGAAGCCAGGGGAAATGCGAAAGCCCAGTTCCCAGGTCGTATCGCGGCGCTGGAACGGGCGCGCGTAGTAGGCCTCCAGCAGGAAGCTGCCCAGGATGTTGAATCGGGCGGACACTCCCGCGCTCACCACCGGAATGGTCGTGTCGGCGCTGTCGGTGTCGAACGTAAAGAGGTCCGGTCCCTCGTCGTTCGTCCAGGTCACGCCGGCGTCGACGAAGGGGGCCAGCGTGGTGGGCAGGTACCGGAACGGGATGAGGCTAAGGCGCTCCGGGCC
NZ_CP030364.1_gap20	471074	472350	1276	CTGGCTCTTCGTGAACGACAACGCCAACAACCGGGTCGCGCGCATCAGCCTGCGGGACTTTAAGACGAAACAGATCCTCGGCCCCATCCCCAACTCGATGGGGAACCACGGCTCCTTCTTCGTCACGCCGAACACCGAGTACCTGCTCGTCGCCACCCGCTTCTCGGTGCCGCTGCCGAAGGGCACACACGCTCCCGTTGAGACCTACGAGGAGAATTTCAACGGCATCGTCAGTGGCGTGGACATCGACCCGGAGACGGGTGAAATGGAGGTGGGGTGGCAGGTCAAAACGCCCCCGTTCAACTGGGACCTCGGCTCCACCGGCAAGGGCCCGAGTGACGGCTGGGCGTTCTGGACCTCCTACAACACCGAGATGGCGCACGACTCTCTGGAGATCAACGCCAGCCAGCGCGACCGCGACTACGCCGCGTTCGTGAACTGGGAGCGCGCCGAGGAGGTCGTCGAGAACAACGAGGGCCTGAACCGTCGCAACGGGGTGCCGCTCATCGATCCGGCCGAACACGAGGGCGTCATGTACTTCGTGCCGGTCAGCAAGTCCCCCCACGGCATCGACGCCTCGCCGTCGGGCCGCTGGATCGCGGCCTCCGGCAAGCTGCAACCGACCACCACGGTGTTCGACTTCAAGCAGTTCAAGACCGCGATCGAAAACGAGGACTTTCAGGGTGAATTCCGCGGCGTGCCCGTTGTGAACTACGACGCCGTCGTGGAAGGCGAGGTGCCGGTCGGCCAGGGCCCGCTCCACACGCAGTTCGACGGCGAGGGCAACGCCTACACGTCGCTCTTCATCGAGTCGAGCGTGACGAAGTGGAAACTGCCGCCCTGGGACAAAGAGACCACGGAGGACATGAGCAAGGCCGTGACGGACAAGATCAGTGTTCACTACAACATCGGCCACCTCGTCATCCCGGGCAGTGACACGAAGGAGCCGTACGGGAACTGGCTCGTGGCGATGAACAAGCTCCAGAAGGGCCGCGGGCTTAACGTCGGCCCCGAGAAGCCGGAGACGAGCCAGCTCATCGACATCTCGGGGGAGGAGATGGAGATGATCGAGGAAGACTACACCCGGCCCGAGCCGCACTTTGCGCAGGCCGTGCCGGCGGACGTGATCAACCCCATCGAGGTCTACAAGAAGGAGAACAACGACCACCCCGACGCCCGCTGGGACCCGGAGAACACCGGCGTGGAGCGCACCGGCCCAGACGAGGTCACCGTCCACATGATCGCCAAGCGCAGCCAGTACTACCCGGACAAGGTC
NZ_CP030364.1_gap21	504407	506777	2370	GCGAAGAGGGGGTTGATGAGGCCGACCAGGGCCAGCGGAATGGCCACGGCGTTGTAGAGGAAGGCCCAGGCCAGGTTCTGACGAATGCGGCGCCGCGCGGCGCGGGCCAGGGAAAAGACCGCCGGGATGTGGGTCAGGTCGCCGCGCAGGATCACCACGTCGGCGGAGTCGGCGGCCAGGGCGGTGGGGCCGAAGGCGATGCCCACGTCGGCCTCGGCGAGGGCGGGGGCGTCGTTGCTGCCGTCCCCAATCATGGCGACGGTCCCGGCGTCGCGCAGCCCGCGGACGAGGTCGGACTTCTCGGCGGGCTGCACCTCGGCGATCACGCGGTCGATGGCGTCGTGCTCGCGGAGCGGGCGGGCCGCCGTGGTGCTGTCCCCGGTGATGACCACGACCTCACGCGCGTCGCCCCGGAGCGCGTCCATGACGGCGAGGCCCTCGTCGCGCAGGGTGTCGCCCACCACGATGAGGCCCTGCACCGCGCCGTCCCACCCCACGGCGACGGGCACCTGGGCGTTTTCCTGCGCGGCCTCGGCCCGCTCGGCCAGGGTGTCGTCCATGCGCAGGCCCTCCGTCCGGAGCCACTCGGGGTGGCCCACCCACACCCGGTCGCCGTCCACGCGTCCCTCCACGCCCCGGGGGCGGCTGCGCACATCGGTGGCCCGGGCGGGCGCCCCGTCGCCGGCGGGGCCCGCCGCCCCGTCCTCGACGATGGCGCGGGCCACGGGGTGGGCGGCGTGCTGCTCCACCGCGCGGGCCCGCCGCCACGTCGCCGCGTCGGCCGCGGCGTCGATCACCTGCATAGCGCCGGTGGTGAGGGTCCCGGTCTTGTCCACCGCCAGCGTATCGACGTCCGGCGCCGTCTCGAAGAGCGACACGTCCCGGATGACGATGCCGCGCTCCAGGGCCGTGCGCAGCCCCGAGGCCACGGCGAGGGGCGTGGCGAGGCCGAGCGCGCAGGGGCACGAGACGATGAGGACGGACAGCCCCGTAAGCAGGGCCGTCGCGGCCGGCGCCCCGCTGACCCACTGCCAGCCGAACGCGACGGCCGCTAGGACCAGCACGAGCGGCACGAACACCGCCGCGATGCGGTCGGCCACGCGCTGGGCCCCGGGCTGGCTCGACTGAATATTCCACATGAGGTTGACGAGGCGGTCGAGCGTGCTCTCGGCGGCCGCGCCCACCTCCACCGTGAGGGCGTTGTTCGTCACCACGGCGCCGCCAATCACGTCGTCGCCCTCGGTGCGGGTGACGGGAAGGGACTCGCCGGTCACCAGCGACTCGTCGACCGCGGCGCGGCCCTCCACCACGGTGCCGTCCACCGGGACGCGCTCCCCGGCCCGCACCTGCACGCGGTCGCCGGAGGCGAGGTCGTCGACGGCGACCGTTTCCGTCGCCCCCTCCGAGACCCGCCGCGCCTCATCCACCTGCTCGCGGGTGAGGGTGCTCAGCAGGTCGGTGGCGCGGCGCTTCACCCGGTCCTCGTAGTAGTGCCCCAGCGACACGGCCATGATGATGACGACCGTGACGTCGAAGTAGACGTCCGTCTGCCCCATGAGCACGGCCCCGCCGCTGTAGAGGTAGGCGCTCACGGCGGCCAGGCCCACGAGCAGGTCCATGTTGGGCTGGAGCACGCGCAGGCTCACCGCCGCGCCCCGGAGCGTGGGCCAGCCGGTGACGAGGAGGACGAAGGTGGTAAAGGCCCACACGTTTGCCAGGACGTAGGTGCCGCCCTCCGTACTCAGGTCGACGAGGCCCTCCCCGCCCAGGTGGACGGGGTAGAGGAGGACGATGTACACGACCATCACCATCATCCCGAAGAAGCCGCCGAAGACGAGGCGCGCGGCGGTGTTCTGGTCGGCCGTCTCGTCCTCGGGCGCCGTCAGGTGCGCCTCGTAGCCGGCCTGGCTGAGGAGGGCGGGCAGGTCCGATTCGTGGTGCCGGGACGGGTCGTACGCGACCTTCGCCATGTCGGAGGCGTAGCTCGCCTCCGCCTCGTGGATGCCGTCCGTCGACGCGGCGACCGTCTCGATGAAGTCCTCGCAGCTGGTACAGTGCATCCCGCGGACGTGCAGGAAGGCCGTCTCGGTCTCGTCGGTGTCCCGGTCGGGGTCGTGTCCCGCGTGGCCGTGTCCGTCGCCGTGGTGGCAGCACGCGTCGTGCGCGTCGGGGTCGGCGACGCGGTGGGCCTCCAGGCAGCCGGAGCAGCAGAACACGCCGTCCACGTCCTCGGCCGTGACGGGGGCGTCGGTGGGCGCGTCGCAGTAGGTGCAAGTGGGCATGGTCGAGACAGGCGGTGAAGAATAAATTTGTCGATACAACGCTGACGGTCCGCTGTCGATTCGGGAGACATGAGCCGGTGCGGGCGAC
NZ_CP030364.1_gap22	513770	517956	4186	CGACCCCTACGAGCGGGCGATCCGCGAGCAGGCCGAGATTGCTTTGGAGGACGCCGACGTCATCCTCTTCGTGGTGGACGTGACGACCGGCATCACGGAGATGGACAAGGAGATTGCGACCGTGCTCCGCCCCACCGAGACGCCCGTGATGGTCGTTGCCAACAAGGCGGACAACGAGGAGCGCGAGTGGGACGCGAGCGAGTTCTACCAGCTGGGCCTCGGCGAGGTGTACCCGGTGAGCAGCACCAACAAGCGGGGCGTGGACGACATGATGGCGGCGCTCGTGGAGGAGCTTTCCGGCACGGAAGACGAGGCGGACAAAGACCGCGTGCAGGTCTCGCTGGTGGGGAAGCCGAACGCGGGCAAGTCGTCGCTCGTCAACGCCACCCTGGGGTTCGACCGCGCCATCGTGACCGAGAGGCCCGGCACCACCCGCGACACGGTCCAGTCCGTCGTGCAGTACGAGGGGCGCGACCTGATGCTCGTGGACACCGCCGGCATGCAAAAGCGCTCCAAGGCCGACGGGGTCGAGTTTTACGCCACCGTCCGCAGCGAGCGGGCCATCCGGGCGGGCGACGTGTGCGTGCTCGTCCTCGACGCCACCGAGGAGCTGCACAAGCAGGACCTCAGTGTGCTCTCGGAGGTCAACGAGCACAAGAAGGGCATGGTGGTGGCGGTCAACAAGTGGGATCTGGTCCCCAAAGACGACGGCACGATGGACCAGTACACGAAGTATCTGCGGCAGTACCTGGGCACGCTCGACCACGTGCCCATCGTGTATGTGTCGGCCGTGACCAAACAGCGCGTATACGAGCTGCTCGACAAAGCCCTGGAGGTGGCGGAGGCGCGGGCGACGCGCGTGCAGACGAGCGCCCTGAACGACGTGGTCCAGGCGGCCCTCGACGAAAAACATCCCCCCACCACCAGCAGCGGGGCGTTCGTCAACATCACCTACGCCACGCAGGTGCGCACGGCCCCGCCCGTGTTCGTGTTCTTCGCGAACCACCCGGAGGGCATCCGCACCGACTACAAGCGGTACCTGGAGGGGAAGCTGCGGGACGCGCTCGGGTTTGAAGGCGTCCCGCTGACGCTGGTGTTCAAGGAAAAGTAGGAATGGACGCCTGGAGCGCCGCCCCGTGGAACGGAAAGAGTACCCGTTTATGTTGCTGTTTCGTCATGGACACCTATGGGGCTTGATCTGTAGGTAATAGGCATCCACCGCCACTTCCGCCCACGTGCGGCCGCCGACACCGGTGCCGCAGAGGACACGATCCGCATGGGATCCACTGACTTGAGCGATCTGAAGGACCGGTCCGAACGGATCCGGTTGGGCCGCAAGGTGCGCGCCTACTTCGTCCACCTGTTCACGGCGTCGGGGGTGGCGTTCGCGTTTCTGGCCATGCGGGAGGTCGTGCGGGTCGACCTGGACCCGCGATGGGTTTTCGGCTGGTTGACCCTGGCCGTCTTCATCGACGCGGCGGACGGGCCCCTGGCGCGGCTGTGGGACGTGAAGCTCTACGCCTCCCGCATCCTAGGGAAGACCATCGACCTGATCGTCGACTACCTGACGTTTACGTTCATTCCTCTCACCCTCGTGTGGCGGATGGACTGGCTGCCGGGGTGGGACGGCCTATGGGTCACGCTCGCAATGGTGGCCAGCCTCCTGGGGTTTGCTAACACCGCGGCGAAGCAGAGCCAGGAGGGCTTCTTCCTCGGCTTTCCCTCGTATTGGAACGTGGTGGCGTACTACGTGGGCCTGCTCGCCGTCGAGTACGGGGCGGTCGGGGCCTACGTGTCGCTGGGGTCGGTCCTTACGCTCACCGTCTTGACGCTGGTGCCGGTCCGGTTCGTCTACCCGAACGCCGCCCCGACGCCGTGGCGCGCGATCGTGACGGTGGGGGGCGTCGCGTGGCTCGGGCTGTTGCTGGCGCTGCTGCCCACCTTCCCCGAGCTGCCGGCATGGGGGGGCGACTGGGTCCTCGGGGTGTCGTTCGTGTACCCCGCGTTTTACTTCGGCCTGTCCGGCTGGCTGGACTGGACGAGCCGGCAGTCGTAGCGAAGCGAGGCCGCTCCGAAGGGGCTCGTTCAGACGAGGCCGTCGGCTGCCCCGCGTCCGTGGTTACATCTGTCGCCGACCTCGCTTTGCGGTGACAACGCCGGTATTCATGCCCATCCAGTGCATGCCGCCCTGGAAGCGACCGTGCTCCATCTTCATGCAGCGGTCCATCACCACATCGAGCCCGTGGTCGTCGGCAATCTCGGCTGCCTCCGGGCTCGCGATGCCGAGCTGTAGCCAGAGGGCATCGGCCCCAATCGCGGCCGCCTGCTCTGCGTACGTGGGGCATTCGTGCGGGGGGCGGAAGACGTCAACCACATCGACCGGGACGGGGACGCTCTCCAGGTCCGGGTAGGCGGTCTCGCCGAGAATCGAGTCCGCCTTCGGATGGACGGGGATGAGGCGATACCCCTGGTACTGCAGGTACGTCGCCACAAACTGGCTCGCCTTCTGCGGGTTGGAGGACAGTCCCACCATCGCGATGGTGTCTGCCTCCCGAAGAAGGCGGCGAATCGTGTCGGGGTGTTGATACTGCTCTTGTTGCTCCGGAGAGAGCGAGGAGTTCATTGCGAGATCGCATGTAGGGCCTGATCCAGATCCCATAGCAGGTCGTTGGTGTCTTCGAGTCCAATGGAAAGGCGAATCATTCCCGGCGAGAGGCCGCTCGCTCGCATCTCCTCCTCGGAGAGCTGCTGGTGCGTCGTAGAGGCCGGGTGCAGCACCAAGCTCCGCGCATCGCCTACGTTGGCGAGGTGTGAGAAGAGCTGAAGGTTCTCGATGAAGGTCGTTCCCGCGGCGCGTGGGTCCTGCCCGTCGGGGCTTAGCTCAAAGGTGAAGATGGCGCCGGGACCCCTGGGCAGGTACTTCTGAGCAAGGGCATGGTACGGATTGTCGGAGAGCCCGGGGTAGGCCACATTCTCGACGAGCGGATGTTCGTCGAGGTGCTCGGCCACGGCCTGGGCGTTGGCCACGTGCCGGTCCATGCGGACGGAGAGGGTCTCCAGCCCCTGGATGAGTTGGAACGCGTTGAAGGGGGACATGCTGGCCCCGGTGTCGCGGAGTGTCTCGGCCCGGGCCTTCATGAGGTATCCCTGGTGGCCGAACGTGTCCGGGAATCGGAGGCCGTGGTAGGAGTCCGAAGGCTCGGCCACCGTGTCGATGGTGGTAAAGTCGAACGAGCCTCCGTCCAGCACGACGCCACCGATGGAGGTGCCGTGGCCGCCGATGAACTTGGTTGCGGACTGGACGACGAGCGGCGCTCCCCAGTCGAGGGGGCGGCAGAGGTAGGGCGTCGCGAAGGTGTTGTCGATAAGGAGCGGGAGGCCGTGGGCGTCGGCCAGCTCCGCGAGCGGCTCAAAGTCCAATACGCTCCCCTGCGGATTGCCGATCGTCTCCCCGTAGAGCACCTTCGTGTCGTCCGTAATGGCCGCGTCCCACGCATCCAGGTCGTTCGGCTCCACGAACGAGGCCTCGACGCTCAGCTTCTGAAACGTGTTCGTAAAGAGGGTGCGCGTGCCGCCGTAGAGGTGCGCGGAGGCCACGATCTCGTCGCCGGGCTCCAGCAGCGTCATCAGGGCCACGAGTTCGGCCGCCATCCCGCTGGCGGTTGCCACCGCCCCCACGGCGTTCGCAAGGGACGCGACCCGTTCCTCGAAGGCCGCCGTCGTCGGGTTGTTGATCCGGGTGTAGATGTTGCCGTACGCCTTCAGCTCAAAGAGCTGGGCGGCGTAGTTGGTGTCGTCAAAGACGTACGAAGTCGTCTGGTGGATGGGCACGGCCCGCGATCCCGTCTCGGCGTCGGGGATGTGGCCGGCGTGGAGCATCCGGGTTTCGAATCCGAAGTCGCGTCCGGCTCCGGTAGCAGACGGGGTCCCGTTGAAAGGAGGGGACGAGGAGGCGGGTGATGTATCAGAATCGGGGGACATTCGAGGGTGGGAAGGTGATTGTAGAGACTTCAACGATGGGTATCGGGGGCGCCCCAGCGTTTCGTAACGGATGTCAACATGCGGCCCATTTCCCGTTGGGCTTCAACCGGTGGGGTGGGAGTCGGCAGGGGCACTCACGCTCCGATAGTCCTGGTCGTAGTACAGGAGCGGGCGGGCCTCGTCGCGCCCCTCCAGCTGAGTTACT
NZ_CP030364.1_gap23	573329	574737	1408	CCTCCTCGTCGGTCAACGACCTCTACGAGCGCATCTCGGGCCACTCCATGAGCGCGGACCGGGGGCTGCGCGTCTCGCGGCTGCTTACGCTGTTCTGGGGCGTCGTCTTCATCGGCTTCGCGAGCCTCTTCCAGGACAGCAGCAACCCCGTCGTGGAGCTGGGCCTATCGATCGCCTCGTTCACGTACGGGGGGCTGCTCGGCGCCTTTCTGCTCGGCCTGTGGCACCGCGGCACGCGTCAGGTCGACGCGCTCGTGGCGTTCGTCGTCTCGATTGGCGTGATGGTGCTCGTCATTTTCGGCGTGTGGCACAGCCCCACGGAGGGGTGGCTCTTTGTGCTGAACCCGTCGGACGCCCGCGTGGAGGCGGCGAACCTGCGCACGATCGGCTGGCCCTGGTACACGGCCCTGGGCACCGCCGTCAACCTGGTGATTGGAAGCGTGCTGGCCCTCCGCCACCGAGACGCCACTAAAGAAGGGGCCGAGTAGGGCCCCCGTGGACCGGCACAATGTGGAACGGCTGCAACAATCTGCGGGGGGCGGATCCTCTGTGTGTCGACTGCCGTAACGGGATTGGAACGATAAGACAGTTCCTCAAAAGCAGTGGGCTCGTTCTCCTATCTGCTTCCCGTACATTGCGTCTCCCAGAATCCCGATCGGTTCATGACCAACAGCAAAGGGTGGATTTTTGCCGCCGGTGTCGTGGCGCTCGCCCTCTCCCTTTATCTCTGGTTCAGCGGCAGCGATCAAGCCGCAATCTTCGTGGGCCTATGGGTCCCGTCGCTCTGGATTTTAGCTGATCTCGTTGACCAGGCCGAGACCGCCGCTGCTTAATGAAGGTACTCGTCGAGTACTTCGGAATGTTCATTTTCGCGTTCGTCGTCTTCGTCGGGGGGCTTGTGGCCCTTCCGGAGATCGGGGCCCCTGAGACCTCACTCGGGGAGATGGGAGGGCTTGCCCTGGCGTTTATCGTGATCGCAGGGGGCTTCTCCTGGTTCTACAGCGCCGAGCTGCCGTCGGGGACCCAGAGGCCGCCCGGCCGGCGGTCACGGTCGGACGAACCGCCGCGGTAGACGCTAGTCCGTGTCGCCGGTCTCGACCCCCAGCATGAACTCCTCGCCACAGAAGTCGCACCGCAACTCGATGGCCTTCTGGGGGCCGCCCTCCATGCCCGTCTTCTGAAACTCCGGCGAGCCGTCCGGGCGGGTCGTCTTGGGGGTGACGTCGTTGAAGGTAAAGTCCCCGGTGAGAACATTCGCGTGCCCGACGGTCCGCTCACACTCCGGGCACGAGAAGGGCTGCCGCGCAGACCCGTCGCCGGTTGAGGATCGTTCAGGAAGCTCCATGGAGGGAAGGGGAAGATTCGAGAGGGCGGGGAACGGCGGCACGAGCAGCTGCAGGGCGAAGCC
NZ_CP030364.1_gap24	694373	698558	4185	CTCCACGATGATGGGGAAGAGGCCCAGGAACGTCGTCAGGGACGTGAGCAGGATGGGGCGGAAGCGCATCTGCCCGGCCCGGACGAGCGCGTCGGGCCAGTCGCGGCCCTCGGCGCGCTCCTCGTTGGCAAAGTCGAGCATCACGAGCGCGTCGTTTACGATGACGCCGCTGAGGCCCACGATGCCGTAGATGCTGAGCAGGCCGAGCTGGATGTCGAGCATCAGGTGGCCCAGCAGGGCCCCGATCCAGCCGAACGGAATGGTGCTCATGATGACCAGGGGCTGGAGGTACGACCGGAAGGGAATGGCCAGCAGGGCGTAGATGGCAAACAGCGCGAGCAGAAAGCCGATCACGAGGGCGCTCTGCGCCTTGCGCTGCTGCCGCTGCTGCCCGCCGAAGGTAAAGGTGGCCCCCGGAATCGCGCGCTGAATGTTGGGGAGCACGCTGGACTGGAGGCTCGCCTTGACCGCGTTGCCGGTCGTGACGCCCGGGTCCACGTCGGCCGTCACCGTGACGACCCGGCGGCCGTCCTGCCGGTTGATCTGCGAGGGGCTGTACCCGAACGACACGTCCGCGACCTCCTCCAGGGGTACCTGCGCCCCGGCGGCCGTCCGGATGCGGTAGTCGCTCAGGTCCTCGATGGAGTTGCGTTGGTCGTCGGGCAGCCGGGTGTAGACGCGCACCTCGTTCTGTCCGCGCTGGAGCCGGTAGGACTCCAGCCCGAAGAAGGCGGCGCGGACCTGGCCGGCGAGGTCGTTGAGCGAGAGGCCGAGCGTCCGGGCGCCCGGCTTCATCGACAGTTCCAGCTCCCGCTTGCCCTGCTCCTGGTCGGACTTGATGTCGAACACGCCCCCGAAGCGGGCCAGGGAGTCCTGCACGGCGGCCACCGTCCGGTCGAGCTTGTCGGGCGTGGGGGCCGACAGCTCCACCGAGACGGGCTTGCCTACCGACACGACGTTGGCGGTAAACGAGAGCGAGCGCGCGCTGGACACCCGTCCGGTCTCCGCGCGCCATCGCTCCTCAAACTGCGCGGACGTGATGTCCCGCTCCTCCGGGTCGATCATCTCGAAGCTCACCTCGGCCACGTTGGCCTGCGTGGCGGTAAAGCCGCCCGCGCCGGGGTCGCTGTTGGCCTGGGGCTGACGGCCGACGGCCACGTACACGTTTTCGACGAGGTCCTGTCCGGCCTTCGCTTCGAGGGCCTCGATGGCCTCGTACCCCGTCTCTTGCAGGCGGGCCGTCATGCGCTCGGTGGCCTCCGGCGTGGTGCCCACCGGCATCTCCAGTTGGGCCGTCACCAGCTTCCCCTGCACGCTGGGGAAGAAGGAGAACCCGATGTACCCGTTGCTGGCGAAACTGAAGGAGATGAACAGCAGCGACACGCCCGCCACGAGGGTCACGCCGTAGTGCCGGGTGGCAAACCGGAGGGCCGTCGTGAGCGGGCCGCGCACGAAGGCCCAGAGCTGGGCGGCCACCCACCGCCGCACCCGGTTGAGCGTGCGGATCGGGAGGGTGGGGGTGCCCGGTTCCTGGTCCGGGCGTTCCGACAGGTGGTAGGGAAGGATCAACAGCACCTCCACGAGCGACAGCAGCAGGACGATGATGACGATCGTGGGGATGTCCCCGAGAAATTTGCCGATCGTGCCGCCGATGAAGAGGAGGGGGGAGAAGGCGGCGACGGTCGTCAAGACGGCGAAGATGACCGGGATGCCGACGCGCTGCGTCCCGCGAATGGAGGCCTCCAAGGGATCGCCTGTGCCCTCCTGCTCGGCGTACACGTTCTCGCCCACCACGATGGCGTCGTCGACCACGATGCCAATGGAGAGAATGAAGCCGAAGAGGGACAGGAGGTTGATCGACACGTCCAGGTACTGCATGAGGATGAACGTGCCCGTAAACGACAAGAAGATGCCGACCGAGGTCCAGAAGGCCAGCCGGGGGGCGAGGAAGAGGGTGAGCGTGAGGACGACGAGGAACAGCCCCAAGATGCCGTTTTCGATCAGCAGGTTGAGCCGGCTGCGGAGGCTCTCGGCCTGGTTCTGCCAGATGGCGGCCTGAACCCCGGCCGGAAGAGACGCCTGCAGGTCGTCGTCGAGGTACGTCTTGACCGTCTCCTCGATGTCGAGCACCTGCTCCTGCCCCGTGCGGAAGACGTTGAGGATGGCGGCCGGCTCGCCGTTGAAGCGCGTGATGAGGTCGGAGTTTTCGGCAAATCCGTCCTGAATGCTTGCGACCTCACCGAGGCGCACCTTCGTGCCGTCGTCGCGGGTGAGGGCCACGATGTCCTCGAAGTCCTCCTTCGTGTAGTTCTGGCCCTCCGTCCGGATGACGATCTCCTCCTCGTCCGTCTCTACGCTTCCGCCTGGCAGGTCGAGGCTCCCCTCCCGCACGATCCGCGAGACCTCCGCGAGGCGCATGCCGTACTTGCGAAGCGCCTCGCGGGAGGCCTCCACGGAAATCTCGTAGTCCCGCACGCCCCCAATGCGCACGAAGGAGATCTGCGGGTTGCGCGTCAGGTCGTCCTTCACGCGCTGGGCGAGCTCCTTCAGGGTGCGCTCGCTCGCGTCGCCGTAGAGGGCAATCTGGAGCGCCTGCTGCCGGTTGGTGACCTCCGTGACGATCGGCTGCTCGGCCTCCTCCGGAAACGCGGTGATGCGGTCCACCTCCGACTTGATGTCGGTGCGGGCCCGGGAGAGGTCGGTGCCGCGCTTCAGCTCGGCGGTCACCACGCCGCTGTTCTCGGTGGCGGTCCCCAGAATGCGGTCGATGCCCTCGACGCCCTCGATGCGGTCCTCGATGCGGCGGACGATGGACTGCTCCACCTCTTCGGGCGAGCCGCCGGGGTAGGTGACCTGGATCTGCACCGAGTCGAGACTAAACTCGGGGAAGACCTCCTGCACGGTGGTGAAGGCCGCCGCGCCGCCCCCCAGAAGGAGCAGAAGCATCAGCAGGTTGGCCGCTACGCCGTTGCGGGCGAACCAGTCGATTGCTCTGTTCATCGTTGGAACGTTGGTACGTTGGACGTTGGAACGTTAGGCCGGAGAAGGTCACTCCGGTGTGTCCAGGTTGATTTGGTACTCGACGCTTTTCTCCCGGACGCGGGTTTCTCCCGGACGCGGGAGGCATTGGGTTTCGATTCCAGGTACTGAATCAGCCGAAATAGCTGTCGGGAGGCCTTGTCGGCGAGGTCGTAGGTGGCCTCGAACTCGGCGTCGGACAGGTAGCCTTGATCGGAGGCGACGTAAAGCTGTGCGCGCACCTCGCCCGCTGACCCTCGGGCCCGGCCGAGATGATCCACGAAGATGCTCTGCGTTCGGCTCTCAAAGCCCTCCGCAATGTTGCTCATGACCGACACCGAGGCTCGCTGGATCTGGTCGCGCCGCCCGAAATCTTTGGCAAAAGGCTCCTGCTGGGTGTGCTTGTAAACGCGGTTGGTCAGTTTCCGGGCGGTTTTCCAGACCTCAAGTTTCTCGAAGCGCTCGATTGTGGCCATGGCGTTGAAACGTTTGCACGTTGAACGTTGGAACATTGTGGGGTTGAAAAGCACCTCAGAAGTAAGGTCTTTGTTGTCAAAACGTTCAACGTTTCAACGTTTTAACGTTCAACGCGAACAGCCATGCTGTCCGTTTGGACGCGCAGGTCCGTCGTGATGACGCGGGCGTCCGGGTCGAGCGTCGGGGCGAGGTAGGTGTTCTCCTCCACCGTCTGGATGGGCTCGACGGTGCGCTCGGCCAGCATCGAGTCCCCGACCGCCGTCCACACGACCGGCGGCTGGCCCGGCTCGCGGGTGTGGACCGCCCGGCGGGGCACCACGTGGTAGGTGCCGTTCCGACGGCCTTCGATGTCGACCGTCGTGTAGGTGCCAATGGCCAGCGGGGGGCGCGTTCGGCCCCGCGGCTCCGGAGGGACTTCGGGCCGCCGCGACTGGATGGTGGGGGCTTGGTTGTACGGCTCCGGCACGCGCACCACCACGTCGACCGTCCGGGTCCGCTGGTCGATGGCCCCCTCGACCCGATGGACGCGCCCCTCCCACGAATACGTCTGGTCGCCGTACGCGCTGGTCACCGTGGCCGGGAGCCCGGCGTCGGCAGACTGCCCACTCGTCGCCCACAGGTTTTCGATGAGGGCGGCCTTGCGGGACGGCAGGGACACGACGACTTCGGCCGCTTCCGTGCCGTAGACCG
NZ_CP030364.1_gap25	893192	894674	1482	CCGGGGTGTTGATGCGGCCCTCGCTGCCCAGCCCAATCACGTCCTGAAGGGGGGTCACCACGCGGTCGGCGACCGACGCCATCATTGCCCGGAGCGCCTGCCGGTGGACGCTCTCGTCGGGATTGGTGTCGGGCAGGTTGAGGTACGAGTGCGCGAAATTGCGCTCCTTGTCGGAGAGGTCGTCCCGCCACCAGCCGACGATCGTGTTGTTGTCGTGCGTGCCGGTGTAGGCGACCATGTTGCGGCGGTGGTGGTGCGGGAGAAAGTCGTTGTCCGGGCCGCCGCCGAAGGCGAACTGCAGGACGGCCATGCCCGGAAAGTCGAACGTGTCCCGCAGCGCCCCTACCGAATCGGTGACGATGCCGAGGTCCTCGGCGACGACGGGCAGCTCCCCGAACTCGTCCTCCATGGCACGGAAGAACGCGGCCCCCGGCCCGCTCTCCCACGAGCCGTCGATGGCGGTGTCGTGCCCGGCAGGGATCGACCAGTACTCGTCGAAGCCCCGGAAGTGGTCGAGCCGAACGAGGTCGAACAGCTCGAATGCGCGCCGCAGCCGCTCCGTCCACCACGCGAAGTCGTGCTCTTCCATCCGGTCCCACCGGTAGAGGGGATTGCCCCACCGCTGGCCCTCCGGGCTGAAGTAGTCGGGCGGCACCCCGGCCACCGACGTCGGGGTGCCGTCGTCGTCGAGCCGGAAGCGCTCCTGGTGGGCCCACACGTCGGCGCTGTCGGGGGCAACGTAGATCGGCAGGTCCCCAAACAGCCGGATGTCGCGGGCGTGGCAGTAGGCCTGCAGGGCCGTCCACTGGCGGTGGAAGAGGTACTGCCAGTAGACGTGTCGCTCGATGGCGGTCTCGTGTTCGTCGCGGGCGCGCTTGAGGGCCTCCGGGTCGCGCCGCACGAGGGCCGACGACCACTCGGTCCAGGCGGACCCGCCGTGGGCGTCCTTCAGGGCGGCGTAGAGGGCGTAGTCGTCAAGCCAGGCGGATTGGGACGCCCGAAACTGCTGCACGCGCGTCGCCTCCGGGGTCGATACGTCGGCCCGAAACCGGCGAAAGGCCGTGCGGAGGACCTTCCGCTTGCGGGGGACGAGGCGCGCGTAGTCGACGTGGTCGGCGGGCAGTTCCGTGAGGGGGGCGAGGTCGTCCTCCGTGAGGAGCCCGTCCTCCACGAGCGGCTCGGGGCTGATCAGAAGCGGATTGCCGGCAAACGTGGAGGGGCTGGAGTAGGGCGAGGCGCCGGGCCCGATGGGCCCGACCGGCAGCACCTGCCACAGCCGCTGGTTGGTACGGGTGAGGAGGTCGGCAAACTGAAACGCGGCCGGGCCCAGGTCGCCGATGCCGTACCGGCTGGGCAGGGCGCTGACGGGGAGGAGAAGGCCGCTCGTGCGTCGAGAATCCACGGGAGAAAACGGTTGATGAGGGGATTGTCGGGATGGGGGCGGCGCGCCGCTGCGGGCCCCGAACCGGGCGCGACGAGTGC
NZ_CP030364.1_gap26	942652	945859	3207	GAGAGCCGTTCTTTGAAGAACTGGAGGGCACCCCGGCCCAAGAGGCGGAGTGGGAGAAGGCCCGCCGGGAGGCATTCCTTGGGTCCTTCCACCACCTCATGCTCGCCATGATTGAGGATCGGGTCAAGGAACAGGGCTTCAAGCTGTTCTACCGCCAGAATGCACCGGGCGGCCCCCCCGGCAGCTCGTCGTCGGGCCCGCCGGGGAGCGGCGGCTTCGGATCGGGCTTCTCCGGGGGCGGACGGATGTCCATCGAGGTGGGCGACATCATGACCGAGGGAGACGGGCCGGACGAACACATTCTTGACTTTCAGGGGGCGGCCGAGGTCATCTACCTCGGGGAGAAGCAAAGTGAGGCCTATTCGGCCTGGCGCGAAGAGCGCACCGGGCGCCGGGGCGGACGGGCGCCCCGCTACCAGACCTCCCAGTTCTGGCTGGAGCGGGGCCCGGCCACCGTCGACTACAAGGGCGAGGTCGTGGAGCGGTACGGCGTGACGGTGTCGGGATACTTCGGATTCGAGCGGGTGGCCGACCAAGTGCCAAAGGAGTACCGCCCGCAGTAGGCGCCGATGCGGGCGGCCGAAAACCTTCCCCGAGGAGAGGAATACAGCCCGTGGGGATTCCGATTCTACGCCCTCATGGCACGCGGCCCGCCGCGTGCCCTCGCATCCACCAGAAGCCCATCCACCCACATGACTGCCATTTCCAACCCAGACTCGGAGGATCTCCACATCATTATCGCCGGGGCCGGGCGCGTTGGGCACCGGACGGCCCGGGTCCTGAGAGACCAGGGCCACGAGGCGTATCTCATCGACAAGGACCCGGACATCGTCGAGGACGCCCGGCAGGCACTGGGGGCGACGGTTATCGAAGGGGACGCCACAGACCCGAAGGTGTTGGCGCAGGCCGATCCCGAGCGGGCCGACGTCCTCGCCGCCCTCACGGAGACCGGAGCAACAAACTTCGCAATCTGTGCGGTTATCAAGCACCTCACCGGCGACATCCGCACGGTTGCCCGGATCGAACGGCCCGATCAGCTCGACGAGGAGGGCACGTTCTTTGACCGGGTGGTCTACCCGGAACGGGCCGGGGCAAAGTCCGCGGTCAATCAAATCCTGGCCGGGGACACGCGGGTCTTCGAGGACGTTGGCGGCGACCTTGACGTGGCGGAGGTTCAGGTCGCCCCGGAGGCCCCGGCCGCCGGCAAGCAGCTGGATGCCGCCGCGCTTCCGGACCAGAGTCACGTCGTGTTCGACGTCACGAACGACGAGGTGCCCCAGCCCAGCACCGATCTCGTGCCGGGACACCGGTACCTGATTGCGGCGGCCCCCGGCGTGGCTCGCGAGGCGCGGAGACGACTGGTCGGCTAGCGCCGAGGCCGCCGAGACACACCGCTCAGTGGGGACGGAGGGGCGGCTGTTCTTCTCCTGCTCCCGGCTGGTGCCCAGGGACACTCGTGGCCCCACGCTTCGCTAGCCCGACGCGGGAAGGTAGTTCATCTCCTCCCCGACCGGGTCCGCCAACTGGAGTTCATCGACGACGTGCCGCTTCGTGTTGGGGCCCAGCTCCGTCCACCGGGCATGAGCAAGACGGCCCAGTTCGATCGGGCTGCCGTACACCTCGTACCACTCCTCCGCGAACTGCTCGCCTCGTTGTTCGCTCACCCTGCGGCGCAGCTGCTGTAGTTTCTCGGCCTGCCGCTCGAAGTCAGGGGTCCGGCTTCCGAACAGTCGCTCGAACTGGTCCAAAAGATCGGAGCGGGAAGGGATAGAGTCTGTGTCGTCCATCGGCCTGTTGGTCTGTGGGGGGAGCGTGGAGCAGTCGCCCGACTGCGGTCATTGGGACCCGCGGCCAGCTGCTAGGCACCTGTCAGGAATCTGTGCCGCTGGGGCAGGACATTCTGGTCCACAAAATGTGTGCGACGTTAAATGAGAACGGCCCGGTGGTCTGTCCATGCGCGCCTCCCTCCCGGTGTGATGTGGAAGAAATGTCGAGGACGACCGTGCGAATCGGCCGGCAAAGGGGGGGCGTAGGCGCACGCGGCATCGTCATCGGGTGGGGGCCGAGTTCCCCCGGCGTCTCAGCCGAGCCCGTAGTGCAGTGCACTGCCGAGGAGCGGGAGGAGGGTCAGCAGGCCGAGTTCAAGCCCGACGGTGCTCCGCAGTCGCCCGTTGCGGGGGGCTGCCCGCGGGGGAATCGAGAGCCCCAACAGGTTCTGAACGGGCACGTCTTCGCCGTCGAGCTCGGCCTGCCACCGCAGAAACGTGAGCGTGGGGTAGACGGACGCCACGCCGACCAGCGTAAACAGCCCGATCTTCGTCCACAGCACTGGGCTTTGTATGTAGTAGGCGAACCCCTTCCCGAAGTACAGAACCTGCACCGCACCGGTGACGAACACGCCGACGGCGGCAATTCCGTACACGAGGTCGGCCGTCCCCAGTGACCGGACCGTGGCGGCGTCGGTGGGGCCGCGCAGCAGGGCGTACTCGGCCGCCACCGCGGCGTAGGTGAGCATGAAGCTGAGGATGTGCAAGTACAGCACGAGCGCGGAGGACCAGAGGGCCATCGGCGTACACGGAGTGGCGACAGATGCATGCGAAAGCATTCCCAATGCCCTACAGAAGACCCCGGTGGCCCGCTACGCTGGCACTCCGGCCGCCGGCACCCGCCGCACGGATGCGACGCGCCCGTCCTCGAACCGAACGTGGAGCCAGGACGGCGTCGCAGTGTCCTCTGCGTCGTAGATCAGCAGCGGGCGCTTGCCTTCGGACGCGTAGGCCCGGGGGACGCCCCGAAGCAAGATCACCTGTCGGCGGGTCATGCCCACCGCCACCGTGCCGCGGCGCAGGGCGTGCTCGATGGGGGCCGAAACCGTATGGGTATCGAGGTAGTGCTCAAGCGCCGCACAGCACAGTCGTGGGCCGCTGCTGCCGCCGCCCTCAGGTGCGGTGAGCACGTACCCGAGACCAGCGCCCACGTACGCCAGCAGGGCGAGCGCGGCCGGGAGAACATGCGAGACGAGCAGGAGATCCGGCATACTAATCGTGGAGGCGGGAGATCGTTGGGCGCCTCGTCGGGCGCGTTCACTGCTTGTCGCCGGTTGCGTCGCCCAGCCCCGCCCCCAGGCTCACCAGCAGGCTCCCTGTGCTGAGCGTGGCGGACCGGTTCGGATCGGTGAGAACGTCGTCAAAATGGGCCGAGCCGTCG
NZ_CP030364.1_gap27	953474	956911	3437	CTGCCCTGGCCGAGTGCCCCGAGACCCACCGCTGGATTCAGGACAGCACGTGGCGGGATCTGCAGCCCGACGCCACCCGCGTCCTCGGGGACGCGGAGCGGGTCGCGCTCACCGACGCGGCGAAGCGCCTAGACGTATCAATTCCGACGGAGGGGCATCACCACCGCGCCCTCTACGACGCCAAGCTTGCGCGCCGGGTTTGGACGAGCGTCCGCCGCCCCGCCTCTGGTTGAGGGCGGCCTGCGGCTCCCGTCGGCGCGGTTTGAGGCGTGCAACCAGAGCGGCCCCAATCGCTTGAACAATTGCACGACGCGGAGGCCTCTTCGCGCTCCGGCAGCGGTTCGGCACCGACGCCCTTACGACCTCGACACTGTCCTCAAAAACCCCACTGAACGCCATGGCTCGAAGCGTAAACAAAGTCGTCCTGATCGGGAACCTCGGGGACGATCCGGAGCTCCGATATACCGGCAGCGGGACGGCCGTCTGCAACATGAGTCTCGCCACCAACGAGTCCTACACCAACAGCGACGGGGAGGAGGTCCAGCAGACCGAGTGGCACGACGTGGTGGCTTGGGGGCGTCTCGGAGAAGTGTGCAACGAGTACCTCGAGAGGGGCTCGCAGGTGTACTTCGAAGGGAAGATCGAGACCAACCAGTGGGAGGACCAGGACGGCAACACCCGCTACTCGACGGAAGTGAAAGCCCTGGAGGCGACATTTCTCGGGGAGGGGCCGGACGGGGCCGTTCCCGGAGGCGGACAGCCGGCGCAAGGCCAGAGTCCTGCCCCCAGCCAGCGACGCGCCGGCGGCCAGGGGGGCGCCTCGGGCGGAGGGCCGCCGAGCCAGTCCGGCGGAGATGGGCAGCCCGGTGGCGACGAGACCTTCGAGCCCGACGATGACCTCCCGTTCTAGGCGGTACGAATCGGTTTAGGGACGCGTTGGCGCTGCGAGAGACCGGCCTCTCGGGTCCTCGGTTGGCGCATCGATCTGTTTCGGGCGCGCGTTTCCCGTCCCTGTCCCGACCGTATGTATTCGTCCGGCCGCGCCGTCCGGTGTTTCGCTTGTCGGAATCCCCTCAGTTGACGCCCGTCCATGTCCACCCCCTCCGCACCGGACACGCCCGCATTGCGGATCGGTCCGGATGTCGCACTTGCCTGTGAGGACATCGAAGCGGCGGCCCGGGACGAGCACACGAGGCTCCGAACGACCGATGCGGCCACAGAAGCCCTCGCGTCCTCGCGTGCCGCCTTGGAGCGCGCCCGGGACGCCGGACGCCCCGTCTACGGCGTGACGACCGGCCTCGGGCCGCTCGTGGACGAGACCGTGGAGTCCGACGAAGAATCGGCGTCGGCCCACGGGCCGTCCCCCGAAGGCGACCGTGGACGAAAATTGATTGCTCATCTCGGGGCCGGGGCCGGATCGTTCGCGCCGCCGCCGCTCGTTCGCGCCACGATGATCGCGCGGCTCCAGACCCTGGTACAGGGGCACTCGGCCGTGCGGCCCGCCCTCGTGGACGAGGTGATCGAGGTGTTCGAGTCCGGCCTGATCCCAGCGGTCCCCGAAGTCGGGTCCCTGGGGGCGAGTGGCGACCTCACACCGCTCGCGCACATTGCTCGGGTCTGCACCGGGGACGGGGCCGTGGTGACGAGCGACGGCGAGCTGCTGGACGCCGCCGAGGCCCTGGGGGCGGTCGGGTGTGCTCCGTTGCGGCTGGGCCGCCGCGACGCGCTGGGGCTGGTCAACGGCACGGCCTTCATGACGGCCTACGCGGCGCATGCCGTGGCCCGCGGGCGGCGTCTGTTGGAGCGGGCCGAGGCCCTCACAGGTCTGATCTACCGACTTCTGGGGTGCTCGCCGGAGGCGCTGGACGCGGACCTGCACCAGGCCCGCGGCCACTCCGGACAAGTCCAAAGTGCCGCCGCGATTCGGGACGTGGCGACGCGGGAGGGGGCGCGTCCCTCGGAAGAACGTCCCCTTCAGGAGGTGTACTCGCTCCGCTGTGCCCCCCAAATCTTGGGGGCGGTCCGTGAGCAGCTCCGGCACGCCCGTGACCTCGTCGAGACGGAGCTGAACGGGGCCACGGACAATCCGGTGTTCGACACGGACGGGGCGGACGTGCTCCACGGGGGAAACTTCCAGGGCCAACAGGTTGCGTTCGCCGCCGACGCCCTGAACGAGGCCCTCACCCAGGCGGGTGTGCTGGCCGAGCGGCAGCTGGACGTGCTCCTGTCCCCGGACCAGAACGGCGGGGCCCCGCCGCTGCTTGCCTGGGAGCCGGGCCCCAACAGCGGATTCGGCGGCACGCAGCTTACCGCGACGGCCCTGGTGGCCGAGATGCGCAACGATGCGCAGATGGCGGCCACGTCTTCGATCCCAACGAACGGGGACAACCAGGACGTCGTCTCCATGGGCGCCCTTGCGGCCCGACGGGCACACGGCCAGACGCGCCATCTCGCGACGATTCTGTCGATCCTGGGGCTGGCCCTGACGCAACTGACCCACCTCCGTGCGGAGGGCCGGGCCGAGGGGGCCGCGCCCGATCTGCCCGGGTGGATGCCGGCGGTCGACCCCGTCCGTGAAGACCGGGCCCTTCGGGCTGAGATCGACGACCTGACCGACCGTTGGGTGACCCCGCCCACCGCGTAGCGTCCATTTCGTACCGCGGCGGGCAGCGTGGCGGTACGTGCCCCTTGTCTCATGTCCGTGTCTCATGATTGACCGCGAGCAGCTTACCGACGAGCAGACCCGGATCGTCCAGCACGGCCGGGGGCCGGCCCTCGTGTTTGCCGTGGCGGGGGCGGGGAAGACCACGTCGCTGGTCCACCGCATCGCGCGTCTCGTGACGCAGGGGGGCGTGGCCCCGGGCGACATCCTGGCCAGTTCGTTCAGTCGGGCCACGGCGCAGGACCTGGAGGCGGGGCTGACGGAGCTCGGGCTGCCGGACGTAAACTGCCGCACGCTGCACTCGCTGGGCCGGCAGTTCCTAAAGTGGGCCGAGGCGGAGCACCACTGGTCGCGTCGGCTCGGGGACGAGGACCTGAACCCGTCCCGCCTCGGCCCGGTCCTGGCCGGTCGCGCCCTCACGCGCCTCGCCCGCGAGCGGGACGTCGACGACCACGAGCTGGACATCGATCGCGGCGAGCTGGAGGACCAGGTCAGCGCCTGGAAGGCCCAGCTTTGCTACCCCGACCTGGACGAGGCGGCCCTTCCGCCCGCGGCCCGCGAGGAGGCCCGCCAGGCCGAGCACGACAACGAGGACTTCGTCACCCTCTACCAGTACTACGAAGAAGAGCGGCGGCGGGAGGGATGGGTCACGTTCGACGACATGCTGCTGGAGGGGTGGGAGGCCCTCCTCCGGTTCGACGACCTGCGGGCACGGGCCCAGCAGACCTACGAGCACGTCCTGATCGACGAATTCCAAGACATCAGCCGCGTCCAG
NZ_CP030364.1_gap28	963554	967390	3836	TGAGGCGCTTCACGGTGTGCCCGCCCGTGGTGAGGAAGGGCACGAGGCTCGACCCCACGAGGCCGGAGGCCCCGCTCACGGCGATCGTCAGGGACCGGTCGTCGGGATTGTACTGCTGGTGCAGCGACAGGTCGCGGCGCGTGATGCGGTGGCGGTACGCAAACTGGCGGCGCAGCTCGGCCTCCAGCCACGGCGCCGCCTGTCGGCCCAGCGCCCCGCCCGGCGGCTCGTACTCGATCCGATCCGTCAGGGTGGCGCCCCCCGTTTCGTCGTCCGCGGGCGTGAACCGGTGCGTGTGCTCCCAGTGGGAGAAGGGGCCCTGCACCTGTCGGTCGCAGAACTGCCGGCCGGGCTCTACGCCGTAGTGCTCGGCCACCCATCGCACCGCCAGCGGGCCCGGCCCGATGCGCAGCACGGCCCGGTCGCCTGCCTCGATCCCCTCGAACGATTGGAGCCGCACCGGGGCCCACGGGGGCGTCAGGCGCTCGAAGGCCCCGGGGCGGCTGTGCCAGGTGAACAGGGCGTCGGCGGACGCGCCGAGCGGACTGGAGGCGGTGAACGTGTGCATCGCGGCGGAGCGGCGTCGACGAAGAAGAGAAAAGAGTGCACGTAACGGACTCGTGGGTGGCGGGGGCGGTTTCGGGCCGCCGCGAGACGGTGCGGCTCTTTCTCGCTCCGCGCGCCGGCGGTTCCGGAATCCGAGCGATTCGCAACGCGAGGGCGTGATTCGTCCACAAAGCACATCGCCCGTCGAACCAAGAATCGCTCGCCGGGTAGGATTTTCTCTCCTATCCGACGCCCGTCCCATTGTGTGCCCGGCGCCCGTGGCGACGTGGGCCCCTCCAGATCTTTTCTGCCTGCTATGAGCGACCTCCCCTCCTCCTCTGGTTCCTCGTCGGAGTCCGGGACCGAGTCCGGATGGACGCCCCGAACCAAGCGCGGCGTGGCGCTCGGGGTCGTCGTGCTCGTGGTCGTCGGGCTGGCGCTGCCGAAGATGGGCGGGTCCGAGTCGTCCGACGGCGGCGGGGACGACGCGCCGATGCGCGTGGACGCGACTGCGCTCCAGCCCGGGACCGTGACCGAGCGGATCCGCACGAGCGGCACCCTGCGCGCGGACGAGTCGGTGGAGCTGACCGCAGAGACGGCGGGCAAGGTCACGGACATTCGCTTCGACGAGGGCGACCGGGTGGACGAAGGCGCACTCCTCGTGCGGATCAACGACGCGGAGCTGCAGGCCGAGAAGGACCGCCTGGAGCACCGCCTGTCGCTGGCCACCGACCGGGCGCAGCGCCAGAAGGAGCTGCTCGACGAGGGCGGCGTGAGCCAGGAGGAGTACGATGCCACAGTGAACGAGGTGGAGGTGCTCCGGGCGGAGCTGGACCTGGTGGAAGCCCGCATCGAGAAGACCCAAATCCGGGCCCCCTTCAGTGGCGTCGTGGGGCTGCGGGAGGTGAGCACGGGGGCCTACGTGTCGCCGCAGACGACCATTGCGACCCTGCAACGGACCGACCCGATCAAGCTCGATTTCTCGGTCTCCGCGCAGTACGCCGCCCGCGTGCAGACGGGCCAGTCCGTCACGTTCCGTGTGCGCGGCCTGGAGCGGACGCTGGAGGGAACCGTCTACGCCAGCAACACGCAGGTCAGCACCGACACCCGTACGCTTCGGCTGCGGGCCCGCGCCCCCAACCCCGACGGGGCGCTCCGGCCCGGCATGTTCGCCGACGTGACCGTTCCGCTCGGGCAGATGACGGACGCGATCGTCGTGCCGTCCTTCGCGGTGGTGCCCACCCTCGACGGCCAGCGCGTCTTCGTGGCCGAGAACGGCGTCGCCCAGCCCCGGAACGTGACGCTCGGGGTCCGCACCGACTCGACCGTCCAGGTCACCGACGGCCTCTCGCTCCGCGACACGGTCATCACGTCCGGCATTCAGGGCCTGCGCACCGGCCTCCCCATCCGGATCGAATCCCTCGAGTAAGAATCGCATGCGCCGGGGCGCTGAGTCCCCGGCCCCCCACACCGCGTGCGGTGCGTGAAACGTGAAGCGTGACGCCGTTCGATCGGCCCCCTCACGGATCACGCCTCAACGCCCCTACGCCCAAACGCCCAGACGCAAAAGCGAAAATGAGCCTCTACTCCCTCAGCATCCGGCGGCCCGTCCTCTCGACGGTGTTCGCGCTGCTCATCATGATCTTCGGGGCGGTGGGGTTCTACTTTCTGGGCGTCCGCGAGTACCCGGCCGTCGACCCGCCCATCATCAGCGTGAGCACCCAGTACCGGGGCGCCAACGCCGACGTCATCGACTCGCAGATTACCGAGCCGCTGGAGGAGCAGATCAACGGCATCGACGGCATCCGCACCATCGAATCCGTCAGCCGCGAGGGGCAGTCCACCGTCACCGTCGAGTTCGACCTGGGGGCCGACCTCGAACGGGCCGCCAACGACGTCCGCGACCGCGTGAGCCGGGCTCAGCAACAGCTCCCGCCCGACGCCGAGCCGCCCAGCGTGTCGAAGTCCGACGCCAGCGCGCCGCCGATCGTGTTTCTGAACATCGAGTCGGAGACGCGGAGCCTGATGGAGCTGACCGAGATTGCGGACAAACGGTTCAAAGAACGCCTCCAGACGATCGAAGGGGTGAGCCGGGTCGACATCTGGGGCGAGAAGACCTATTCGATGCGTCTGGAGCTCGATCCGCAGAAGTTGGCGGCCTACGACCTGACGCCGCTCGACGTGCGCCAGGCGCTGGACCGGTCGAACGTCGAGTTGCCGTCGGGCCGCATTGAAGGGGAGACGATCGAGCTGACGGTGCGGACGAAGAGTCGCCTCGAGACCGTCGAGGACTTCAACTCGCTCCTCCTCAAGCAGAGCCCCGACGGGCAGACCGTTCGGCTGGAGGACGTGGGCAAGGCCGACATTGCGCCCCTCAACGAGCGGACGCTCCTGCAGCGCGACAACGTGCCGATGGTAGGGGTCGTGCTGCGGCCCCTCCCGGGGGCCAACTACATCGACATCGTGGACGAGTTTTACCGTCGGGTCGACGACATCAAGGCGGAGCTCCCGAGCGACCTGGAGCTCGGCATCGGCTTCGACAACACCGAGCCCATCCGCGACAGCATCAGCGAGGTGCAGCAGACGATCTTCATCGCGTTCCTCCTCGTGGTGCTGATCATCTTCCTCTTCCTCCGCGACTGGCGCTCCACGATCATTCCGCTCATCGTGGTGCCGATCGCGCTGACGGGGTCGTTCTTCGTGATGTACGCGATGGGCTTCTCGATCAACGTGCTCACGCTGCTCGCGCTCGTCCTGGCGATCGGGCTGGTGGTGGACGACGCGATCGTCGTGCTGGAGAACATCTACGCGAAAATCGAGGAGGGGAAGGACACGATGGTGGCGGGCCTGGAGGGCACGCGCGAGATCTTCTTCGCGGTCGTGGCGACCTCCGTGTCGCTGGTGATTATCTTCGCGCCCATCATCTTCATGGGCGGGCTCACCGGCCAGCTCTTTCAGGAGTTTGGGATGGTGATCGCCGGGGCGGTGGCCTTCTCCTCCTTCGTGGCGCTCACGCTCACGCCGATGCTGTCGACGCGCCTGCTCAAACAGCGGGACGAGAAGCCCTGGATCTACCGCAAGACGGAGCCGGTCTTCGAGTCCCTGACCGACGCCTACCGCCGCTCGCTGGAGGCGTTCATGGAGTACCGCTGGGCGGCGTTCATCATCATGGCCGGGTGTATCGTCGTCATTACCACCTTCCACTTTATGCTGCCGCAGGAGCTGGCCCCGCTGGAGGACCGGAGCCTCGTGCGCATGAACGCCACCGCCCGCGAGGGGGCGACCTACGA
NZ_CP030364.1_gap29	1052991	1055247	2256	GCCTTCAACGGGACGCGGGGCCTCAGCACGAACGACAACGACCACCTCCTGTACCTGGGGCGACTGACCGGCGCCGTGCCCCTCGGCCCCGGCACGCTCGACGTGGGCGCGAGTGGGGGCTACAGCATCGACGACCAGGCAACCATTCCGAATACCGTGTCCTCGTTTACGGGGACGCGCCTCCTCGTGCAGGCCGACGCCCAGTACGAGACGGAGCGGTGGCTCGTGGCCGGGGCCCTGCACGCGGCCGACCTGGAGCATGACGGGCCCACCGTCCCCGAAACAGAGGCCCAGTCGCCCGTCGGCTACTACGCGACGGCCGGGCTGAACGTCGACGACCGGCATCAGGTGCTCGCGCGGCTGGAGGGCTACGACCCCGACACGCCCGGTTCGTCCCCCGACGACCAGCTCGTCCTGGGATACAACTACGACGCCTCGTCGGTCTTGCGGGTGGTGGTCAACTACAAGGCGTCGACCGAGGACGTGGCCGACGGCTTCTTCACGGGGCGACTGCAGGTGGCCTTTTAGGAGACACGAATCCGAACGCCCCGTACCCATCAGTTATTTTTGCGGAGCGGGCGCGAATGTATTCGGAGGGCGTCCCCGTCGTGTTTGCTATTTGCTAGAAGCGGTGGGCCAGGCCGAGGCCGGCGAAGAACGCGCCCCGGTTCTCGTCGACCTGAAGCCCGGTATTCACGTCCAGCTGCGTGTTCGGGCTCGACAGGAGGGTGAGGCCCGCCTCCACGTAGTTCCGATTGAGGCCGGTGGTGTAGAACCCGGCGTAGCCGACGTACGCGCCCACACGGTCGGTAACGCCGAAGCTCAGCGTCGGGATGAAGAGGTACGAGGGGTCCGCGTCGCCGCCGTACGGAACGGAGGTTCCGGCATTTGCCGAGAGGCCGAGGCCCTCCCCGAGGGCGCCGTTGAAGGCGAGCGCCAGGGTTTGGGACACGCGCTCGTTCTCGAAGGCGCCCGACCCGGTGGGGAGGGCCCAGGTGCTGACCACGCTGAGTGCGGATAGGGACGACTGGGCGAGGCGGAGCTTGCCGCCGACGCTCGTGCCGGTGTACTCGGTGTCGGGGGCGTCGAGGGCGAAGGAGCCGACACCGCCCCGAAGTTCGAGGAAGTCGGCCACGCCGTAGCGGAGCAGGAGCTGCCCGAGCTCGGCGTTCGTGCCGAAGTCGTCGTTGGCCGCGGCGGCCCCGAGTTCAGCCTGAACGGTGCCGGGCGCGACCGTCGCCGGGCCGTCCCCAAACCCGGGACGATCCGCAGAGATCTGTCCCGTCGCGGACGAGGGGGCCAGCAATACAACAGCGAACGGGAGGACAAGAGCGAGAGCAAGGCGGGTCGAAGAGAGGTTCATGCGTCGGAAAGAGGCGTTTACGAGAGGGAATGACGGAGAGACGAGTGAGGGCCGAAGGGGGCTAGGTCGGCTCCGGGTCCGGGGCGGAGGGGGACGGGGCGTCCGTTTCGCCCGCCTGCTGCACCGGAAACGGCGTCGTCTCGCTGCCGGTGTAGAGGGTCCGGTGGGGGAAGGGAATTTCGATATCGTGCTCGTCGAAGGCTTCCTTAATTTCCACGGGAATGCTGTTGCGGAGGTCGAGGAAGTGTTCGGTCTTGGCCCACACCGAGAACTGGTGATTGATGGACGAGTCCCCGTAGCCCTGAAAAATGATAAGAGGGGTCGGTTCTTCGAGGCACAGGGGGTTGCGGTCCGCCACCTCCATCAGCACCTCGCGCACCTCCCGCAGGTCTTCTTTGTAGGCCACCCCCACCTGCAGGTCGATCCGCCGGATGGGAAACCGGCGCAGGTTGGTCACCTCCGACTTGATCATCGTCTCGTTCGGAATGCGGACGAACAGGTTGTCGAAGGTGCGGAGCTTGACCGAGAGCAGGTCGACCGAAAGCACCTCGCCGGTGGTGCCGTTCACGCGGATCACGTCGCCGACGGCGAAGGGCCGCTCGCCCAGCAGGAAGAGGCCACTGATGACGTTGGAGGCCGAGGTTTGGGAGGCAAACCCGATCGCGACGGTCAGGATGCCGGCCGCCCCGAGCAGCACGCTCAGGTCAAATCCGAGCTCCATGAGGGCCGAGGCCGTGAACAGCCCGGCGATGCCGTAGAGCGCGCCCCGCCGGAGGATCATGGCTCGTTGCGCGTCGTCCTCTGCAAACAGCCGGGCCAGTCCGTTTCCGGCCAGGCGGCCGAGCGCAAGGCCGGCGAGGATTTTTAGCAGGGCTTTGAGCGCACTTACGGCC
NZ_CP030364.1_gap30	1060150	1063604	3454	CACCGTGTCGCCCTCCTCGACGAGCGTCTCCGTGAGCACGCCGCCCTTGGGGGAGGGCACTTCCGTATCGACCTTGTCGGTCCCGATTTCGAGCAGAATCTCGTCCTGCTCCACCTCGTCGCCGGGCTGCTTGTGCCAGGCAATGACGGTGCCTTCGGTAATGCTCTCGCCCATCTTGGGCATTTCAACGTCAACTTGTGCCATGATTTCGGTCGTGTGCCGTGCAGTGAGAATGCGTGGTGGCGATCCGGGGAGACGCCGTGTGGAAGGACTTCCAATGTAGGGAATGACGCCCACGAATCAAATAGTGGGACGGTTCTGGCGCATGTGGAAAATCGGAGGGTGCGGCAAGAAACGATGGCAAAAAACGGAAGAATCAGTGCTGGCGGTTGCGTTCTTCGTCGCCAGCAAAGATCCTAAAGAACCTTCGCACAGCGCAGCATTGCCAACGTCTTTGAGCCGCGGACACTGCGCTTCCGCGCCTGTCACGGGGCTTCTAATCCAGAAGCCCGTCTTTCCGTCTCGTTCGAGAACCGATCACAGTCTCTCTTCTGTCGTGAAGCAGTTTGTCGTCGCCAACGCCCCGCTCGTTGCGGGCATTGCCTCGCTCCTTGCGCTCGCCTTCGCCTTTTACCTCGTCCGGTACATCCTCCGCCAGGATGCCGGCAACGAGCGCGTGCAGGAATTGTCCCGGGACATTCAGGCCGGGGCGAAAACGTTCATGACCCGTGAGTTCCGGTACCTGGCCATCTTCGCCGTCGTCGTGGCGGTGGTGTTGTACTCCATGCCGGAGACCGGGCTCCCGACGACGGTTGGGTTTCTCGTCGGGACGGTGGCCTCGGGGCTGGCCGGATGGATCGGCATGTGGATCGCGACCAAGTCCAACGGGCGCACGGCCCACGCCGCGCAGACCAGCTTCGCCAAGGCGCTGAACATTGCCTACTCGGGCGGCTCCACGATGGGCTTCTCGGTGGTGGGGCTCGGGCTGCTGGGCCTGGCCGTCATCTACGCCCTGTTTCCGGAGCACAGTCACGCCTGGCTCGGCTACGCCTTCGGGTCCTCCTGCGTGGCGCTGTTTCTGCGGGTGGGCGGCGGCATCTACACCAAGTCCGCCGACGTGGGGGCCGACGTGGTGGGGAAGGTGGAGGCCGGCATTCCGGAAGACGACCCCCGCAACCCCGGCGTCATCGCCGACAACGTGGGCGACAATGTGGGCGACGTGGCCGGGATGGGCTCGGACCTCTACGAGTCGTACGTCTCGGCGGTTGCGGCGACCATGTTCCTCGGCGCGGAGGTGGACTTCGCAGCGGCCTTCCCGAACCTCGGGTTCGAGGACCTGGGGCTCATGATTGCCTTTCTCTTCGGGGTGCTCGGCATCGTGTCGTCCATCATCGGGTACTTCTTCGTGAACGCAGGGGAGGGGACCGACGTCTCCTACGAGCAGCAGGCGGCCAACGCCCGGTCGGCGCTGAACCGGGGCACCACGGTCGCCAACGTGCTGACGAGCCTCCTCGCCCTGGGGCTCATCTTCTGGCTCGTGCCGGCCGGGGAGTCGGCCGCGGCGGTGATCGACGACGCAGCGGCCTCGATGGACGTGCGCTGGGCCCTCTTCCTGACCATCCTGTCCGGCCTCATCACGGGCGTCGTAATCGGGAAGGCGACCGAGTACTACACCTCCGAGTACGCGCCGGTAAAGCAGATTGCGGAGTCGGCCGAGACAGGGGCCGCGACGACCATCATTGAGGGGCTCGGCACTGGCATGTTGAGCACGGTAGTGCCCGCCCTGGCGGTGTCCGTCGCGACGCTCCTGGCGTATTACCTGGGCGGCCTCTTCGGCATCGCGCTGGCTGCGCTCGGCATGCTGCTCACGCTCGGCGTGGTGCTGTCGACCGACGCCTACGGGCCGATCACCGACAACGCGCAGGGCATCTCCGAGATGGCCAACCTCGGTCAGGACGTGCGGGAGCGCTGTGAGGCGCTCGACTCGGCCGGCAACACGACCGCCGCGATCGGGAAGGGCTTCGCCATCGGCTCCGCGGCGCTGGCGGCGCTCGCGTGGCTGGCCACCTACTTCTCGGAGGCGGCGGCGCAGAACCTGCTGTCGCTGGAGGCGGGCGTCAACCTCATGAACCCCGCCGTCCTGGTGGGCCTGCTGCTGGGCGCCATGCTGACGTTCTACCTCTCCTCGGTCGGCATCCACGCCATTAGCCGCGGCGGGGCGGCCGTCGTCAACGAGGTGCGGCGCCAGTTCGACGAGATCGACGGCGTGCGCAGCGGGGACACGAAGCCGGACTACGCCCGGTGCGTGGACATCACGACGGGCGCGGCGCTGCGCGAGATGATGCTGCCCGGTGTCGTGGTGCTGGTGGCGCCGGTCGTGGTGGGCGCCCTGCCGGGCCTCGGGGTCGAGGCGCTGGCGGGCCTGCTCGCCGGCGTGCTGATGAGCGGCTTCCTGACGGCCATCTTCATGTCCAACGCCGGGGGCGCCTGGGACAACGCCAAGAAGTACATCGAGTCCGGCGTGCACGGCGGCAAGGGCAGCGAGGCGCACAAGGCCTCCGTGGTGGGCGACACCGTGGGCGACCCGCTGAAGGACACGGCAGGGCCCTCGCTCAACGTCCTCATCAAGCTGATGGGGAAGGTGGCGGTCATCTTCCTGCCCCTCTTCGCCTACCTGCTGGGCTAGCGCGCCTTCACATTCTGTCTCTTCCTGTCCCCCCGGCCGGGCGCCCCGGTCGGGGGTTTTGTTTTGAGGCCCACGCCGGCGGAGGCGCGTCAGTTGAAGCGATTCATCGCCGCGTCTATGTCGTCCCGGGCCATCGTGAGGACGGCGTCCTCGGCGTCCTCGCGGGCCGACCGGGCCGCCGGCCGCTGCTCGTCGGTGAAGGGGGAGAGGACGTAGTCGGACTGGCGTCCCTCGGGAAAGTCGTTGCCGATGCCGACGCGGAGGCGGGAGAATTCGGTGGTGCCGAGCCGCTGGGCCACGTGGGCGAGGCCGTTGTGCCCGCCGCTGCTGCCCGTGGGGCGGAGCCGGATGGTGCCGACGGGAAGGTGCAGGTCGTCGACGATGACGAGCAGCCGGTCGATCGGAAGGTCGTAGTGGGCCCGAAGGCCCGCGACGGCGTCGCCGCTCCGGTTCATGTAGGTGAGCGGCACGGCCAGCCCGATTTTCTGATCGACGTACCGTCCCCAGCCGACGAGCGCGTCGGACTGGTGCTGGAGCGAGATGTCGAGGCGCCCGGAGAGCCCGTCGATGACCTGATGGCCGACGTTGTGGCGCGTGTCTTCGTACTCGGCGCCCGGGTTGCCGAGGCCAATGGCGAGCAGGGAGGGGGTGGACATGCGGTCTCAGGGAGTGGGGGGAGAAATAGAAAAGGGCGACCGGGGTCGGCCGCCCTGCTGGGGGTCAAATGGAGGGGCGTCGGCGCGCGGCCGACTGTGCTTACTGGTACTC
NZ_CP030364.1_gap31	1064953	1067570	2617	ACGAAGTCGTCGAGGTCGAACTGGCGAACGTGGTCGGTCAGGACGGTGGAGCCGTACAGGTGGTCCACCGGGACGTCGAAGAAGCCCTGGATCTGGGCGGCGTGAAGCTCCATGGTCAGGATGCGGTCCACGCCGGCGGAGGTGAGCATGTTGGCCATGAGCTTCGCCGCGATGGAGACGCGCGGCTGGTCCTTGCGCTCCTGTCGGGCGTAGCCGAAGTAGGGGATCACGGCCGTTACGCGTTCGGCCGAGGCCCGCTTGGCGGCGTCGATCAGGAGGAGCAGCTCCATCCAGTTGTCCGCCTTCGGATGGGTGCTCTGGATGATAAACAGGTCCGCCCCCCGAATGGACTCCTCGAACCGCACGTAGATCTCGCCGTCCGCAAAGTCGCGGATGCTGAGGTCCCCGAGGGTCGTGCCGTAGGCCTCGGCAATCTTGTTGGCGAGGGCCGGGTTGGAGCGGCCCCCGAAGATGGCGACGCGGTGTTCATTGCTCGACGCACGCATGAGTGGGCGGGGCACCGGGGCGGCAGCGGTCAGGGGGATAGAGAGCTGGTTGCCCGGGGTGGATTCGAACCACCACTAACGGCTCCAAAGGCCGCTGTCCTGCCATTAGACCACCGGGCAATGCGGGGCACACGGTCTCCTCTTCGTGCTCCTCCTGTAGGGTAGAAAAGAACAGGGACTGAGTCAACGAGCCAACGGGGGATCAGTTCGTGAAGAGGGGCTGAGAAGTACCGGGTTACAGACGGGACGGCCCTCCCAGGCCCAGCCGTCAGGTCCAGGCGCGGAGTTCGGTGAGCTCCTCCGTTACGGTGTCGATCGCGTCGGCCGCCAGCCTGCCCCGATCGGTAAGCAGGCCCCCGGTGACGAGGGCGGCGGGGGTGGTGTCAAACCGAGGGGCCCATACCTCTACGTCCCGAGAGCCGTCGTACACGGCCCGGTCCGCGGCGGACTCGTCGGACGCACCGTCGTCCACTGCGATCTTGTCGACGGCGCACGCAGCGTACACGGGCACATCGGCCCGATGCGCCGCGAGGGCGGCCCCGTACGTCCCGGCCTTGTTCACCACCGCCCCCGAAGGCTGCACCGTGTCCGCCCCCACGAGCACGGCGTCGACGCTGCCCCCCTGCAGGCGACGCGCGACGGCGGCGTCGGGAAGGAGCGTCACGTCGAGGCCCGCTTCGGTGAGGCGCTCGGCGACGGCCACGCCCTCGTCCCCGGGCGCGGAGACGGCCACGCTGACGGTGGGGGACGGGTCGGCCGCCTGCAGGGCCGACAACACGGTGCCGGAGCGGGACAGGGTGAGCACGTGGGTCCCGCTTAGCTGAGTGGCTGCGGTCTCGGCCGCCGCCGCGTCGGCCGCCAGGGCGTTCTGGATGGCCTCGTGGGCGTTGGTTTCGACCGCATCAGGGGGGAGCTCCGGGAGGCTCGCGTGCATGGCGCGGTGCAGCCGGTTCGCCAGCGCCGCCATCGACGGCCGGGCGTCCAGCAGGCGATGCGCGGTGCCGATTAGGCGGCCCCGGGCATCCTCAATCGTGGCGGCCTCGGAATGGGCGAGCATGCCGGCCCGGTCGCGCAGTACCTCCAGGGCCCGAATGGAGAGATAGGCCGACCCGTGCGTCGTGTCGTTCGTGAGGCCGAGGATGGACGGCGCCACGCGGCGGTACGAGGTCCAAAGGTCCGGTACTGTGTCGCGCCGCAACAGTACGGTGGGGGAGGCCCACTCGACCGCCTCGGTTTCCCAGTTCGTCTGGATCGACCGGCTGTCGACGTCGAAGAGGAACGGGTGCACCCGCCAGTGCGCCCCGTGGTCGTCGTCCTCGACCGTGAACGCCGAGCCCTGCCGCCGGGGATGCACGTCGGCGCCACGCAGGCCTGTCTCCTCCTCCACCTCCCGCAGCGCGGACGCCGCGGGATCGCCGTCCTCGACGTGCCCGGCAACGGCGCCCCACCGACCGGGATAAGAGTCCACCGCGTCGCTGCGGCGAAGCAGCAACACTTCGCCTCGGTGTCGGAGAAACACGGTGACGACGGGCGTCGGGTCGGCGTCGGGCATGAGAGAAAGACCAGAACACGTGCAGGGAAGCAAGGCGACGAAGGGACTGCCTCGCACGCGCCCCGCCGCTCAGCGATCCGGCCGCAAGGGCGGGCGGTTGGAAATTTTGCGTCCGATTACTACTATAGAAGTAGTAAAAAAACAGAGGCACCTGCCGCCATGTCGACCCTTCACGATTTTCTTTGGCTCCTGCTGGCCTGCGCGTGGGTCGGCGCCGGGTGTGTTGCGACATCCCCCGACCCTACTCGAGAGGCCCGGCCGGGGCCGGTCGACGCGAGGCCCGACTCGACTCGATCGGTACCGGTTGATCGGGACACGACGCGCCGTCCATCCGGTGATGCCGGACCGGTGCAGGCCCTACGGGCCGCCTACAGGGAGGGCGCGTACGACGCGGTGGTCCGTCGCATCCGCAGCCGACGACGCGACGACTCGCTCCACAGCTCCGCATCGCAGGCGCTCCACGTCCTGCTTGGGCGAGCGGAACAGGCCCGGGGACGCCATGCGGCCGCCATTGACGCTCTGAACACGGCCCGACGCATTGCCGAGGGCGAAGGGCGGG
NZ_CP030364.1_gap32	1068715	1070987	2272	TCGATTCTTCAGAGGGGCCCTCCCCCACACAATCGATCCTTTGGCTCCATGCGACGGACCGCCGCGCTTCTCATCGTCCTCGGCCTCATTTTTAGCACCCGCGTGTCGGCCCAGCCGGCGGTCTCGGTCCGCGGAAATGTAGGGGCGGCGTTCTTTCAGTCGCCTGAATTCCCGAATACAGTTTTGAACTCTGGGGTGGATCTGGGGATTGAGGCAGGAGTAGAGGTCTACGATGGATTGGAAGTCGTCCTGCAGGGAAACTTCGACCGGTTTACCCAGAATAGGGACACCTACGCGCTCCTGCGGAATACCGATACCGATGTCTCGGTAGAAGAAGAGGTGGAAGGCGGAGCCCTCAATGTGCTGAATGGGACCGTCGGGCTGCGCTACACCCTCAAGAATCAGAGCGATGCCCATCCGTACGTGGCGGGGGGCGTGGGGCTATATAGAATTATGTTTGCTGAGACACGAGACCCCCAGGGTGATGATCTTGAGGAGCTGTCACCTACCAAGAGAGGGTTTCACGTAGCGGTTGGGGCCAATTTTCAGATCGATGAGACATACGGAGTATTTTTTGAGCCGAGGTACATCGTCATCAATACAGACGGCTCAGACCTTCGGACAAGGACAACAACGCGCTACGTCACCGTCCGGCTGGGAGTGGAGGTGCAGTTTTGACCCGCCAGGGGCTTCCAGCGACACATGAAGGTTGACGGAGACACGCAGAGGACGCGAGGTCCGTCCAGACCTACGCGGCCGCCGTGGCGTTGACCGCCTCGACCCGCTTCACTTTCGGCACCGACCGCTTGAGGGCCTGCTCGATGCCCGCGCGCAGCGTCATGGTGCTCATGGGGCACGATCCACAGGCCCCCAACAGCTCGAGCTCCACGACGTAGTCGGCGGTCACGTTCAGCAGCCGGACCGACCCGCCGTCCGCCATGAGGTAGGGGCGGATCGTGTCGAGGGCCTCCTCGATGTTGTCGCGCAGTTCCGGGTCGATGTGTGGGGACGACCCGTCTTCGGTGTCGGGGGAGGAAGGCACGTCGTCGGACATAAGGCGTCGAGGCGATTGCGTGAGGCGGCGTGAACCCGGACGTCGTACTTCTTCAATCCCTAACGGACGGGACGCGGGCGCGTTCGGAAAATGTGCGGGGCGCGGCCCTGTTCGGTGCCATTCCGGGCCGGCAGCCGGGCGGCCCTCATTCGTAGAGGATCTCGATCTTCTGCGTCGGGTCGTCCTCGGCGTTGCGGAGGGCGACCTGCTCGGTGAGCTGATCGGCGATCTCGGCAAACGCCTGGGTCGAAGCGCTGTCCGGGGCGGACCGCACGATGGGGGTGCCCTGGTCGCTGCTCTTGCGGATCTCCTGCTGAATCGGCACCTCCCCGAGAAACGGCACGTCGAGCTCCTGGGCCAGCTCCTGGGCGCCCGCCCGGCCGAAGAGGTAGTATTTGCGGTCCGGCTGGTCGGGGGGGGAGAAGTAGGCCATGTTCTCGACCATGCCCACGACGGGCACGTTTACGTTGTCGAACATCGCCTTGCCCTTCCGCGCGTCGGCGAGGGCGAGGTCCTGCGGTGTCGAGACGATGACGGCCCCGGTGAGGGGGATGGTCTGGACGATGGTGAGCTGGACGTCGCCCGTGCCGGGGGGCAGGTCGAGAATCATGTACTCGATGTCGCCCCAGTCCACGTCGCCGAGAAACTGGCGCACGGCCTTCGTGACCATCGGCCCGCGCCAGACGACCGCCTGATCGGGGTCGACCATGAAGCCCATCGACAGGGTTTTGACGCCGTGCTTCTCGAGCGGCACCATCTTGCGCTCGTCGTTGACGCGCGGCTTCTCCCCCTCCATCCCCATCATCTTTGGAATCGAGGGGCCATAGATGTCGGTGTCCACGAGCGCCACCTCGTAGCCCTGCTCGGAGAGGGACATCGCCAGGTTGACGGCGACGGTGCTCTTGCCCACCCCGCCCTTGCCGCTGGCCACGGCAATGGTGTTCTGCACGCCGTCCTCGCCGCTCGTCTGCTGCTTCTCGCCCCCCTGATCGCCCACCATCACGTCGTCCCCCAGCGGAATCATCTCGCTGTCCACCTCCACGTCCACCGTCAGTTCACGGCTCACTTCTTCGTGCAGCAGGCGCTGGCAGGCCTCTTCGACCTGACTGGCGAAGGGCCCGTCCGGGTCCTTCACGACGACGGTGAATGAGACGTGCCCGTCCTCGATCGTGAGGTCCTTCACCATGTCGAGCCGGATGATGTCCTTCTCCTCCTTTG
NZ_CP030364.1_gap33	1079485	1084273	4788	TTCTTGCGCTCTGCCCCGTCGACCACGAAAGGACTTGCCACGAGACATGTTGATACGGTCCCAACAAGATAGAGCAGTTCCATCGCGCCGTCCTCGGCGTTTGAGTCCAGAGTCCGGAGAAGCGACCGGACGGTGGGCCCCACGCAGAATCGGAAGGAAGCCCGGCTGTTGAACCCCGATGCCGACGATGGCATCGGGCCCGTGTCCTCTTGCTCAGGTGCGTTCGCCATGCGTGTCGCCGTCCCGTTTTGCCTGTCTCTACTCATGTTCGCCGTCTCGTGGATGGGGGACGGAGAAGAACGCCGACGGGCCCTCCCCAGCGCTCTGCTTCATTCGAGTCCCCTGACCATGACCACTGCTGCCGACTCCCTTCCCGAGCCGTCCCCCGACCTGTCCCCGATGGAGGTGATTCGCCTGCAGGTGGAGGCGCTCGGCAGCAACGACACGCCGTACGAGGATGCCGGCATCGAGGCGGCCTTCAACTTTGCCTCCCCCGCCAACAAACGCGCCACCGGCCCGCTCCGTCGATTTCGACGGCTGTTCGAGACGCCCGCCTACGGGCCCATGATCGACCACGAGAACGCGACCTACAGCGCACCCCAGGTCGAGGGGACCGTGGCCCGGATGGGCGTGATCCTCACCACCGCGCAGGGCGACCGCGTGGGGTACCTGTTCCGCCTTTCGAAACAGGACGGCGGGGCGCACACGGACTGCTGGATGACCGACGCCGTCCAGCGTGTGCCGGTCGATCAGGTCGACACCCAGGAAATCTGACCCGTCCCGAGGCCGTCCCCGACTGTCGCCATTTTTGACGAAGAGATGAGTCTAGACGCATGCCCGACGCTGTGCTTACCGACGAAGAGCGCGCCCAACAAGACGATCGGCCCGACCGGGCGTTTTACCGGGAGCCGCGCCTCGTGCAGCACGTCGACGAGCAGTTCCGGGAGCGCCTGACCGACCTCTACCGTCGGCAGCTCGGGACGGGCGATGACGTCCTCGACCTGATGAGCAGCTGGGTGTCCCACCTGCCCGACGACCTGGACCTGGGGCGCGTGGCCGGGCACGGCATGAACGAGGAGGAGCTGGCGGCCAACGAGCGCCTGACCGAGTGCTTCGTTCAGGACCTGAACGAGACGCAGGGCCTTCCGCTGGAAACGGGGGCCTTCGACGCGGCCCTCTGTGCGGTATCGGTACAGTATCTGCGCCACCCCGAGCAGGTCTTCGCCGAAGTGGCCCGCGTCCTGCGGCCGGGCGGAATTTTCGTCGTGAGCTTCTCGAACCGAATGTTCGCCCAGAAGGCCATCCGCGCCTGGCGGACGGCCTCCGGGCCCGGACGCCTGCAAATCGTGAAGCAGTATTTTGAGGCCGTCGAGGCCTTTCGGGCCCCCACGACGATCAGCGAGAATCCCTTTGTGCCGCCCACGCGCCGGTTCCTGGGAGGGGCACCAGACCCCTTTTACGCCGCTTACGCCCGAACACAGGACTGAGGTGCCGGTGCTCAGGCGCGTGCGCCGGAAGGGGCCGGGAAGCGGTCACGGTAGGGGCAGGTCGTCTCCGCCCCAGCCCTTCGAGGGGCCTCGGCCCAGGGGGGCGGCGTTCCGGTCGGTCGGCGGCTCTACAGCGTCGCCTCCTCCGACGGATGCCCGTCCCCGCTGTACTCCTGTGGCACCTCCTCTGGCGCCGAGTGGCCTGCGGAGGCCGACTGGCCTGACGGGGAGGGCTGGCCTGTTGAAGGCGACGAGCCTGCCCCCGCCTCGATCCGGAACTGCTGGACCGTCTCCTCCAGCTCGGTGCTGAGCCGCTCCAGCCGGTCGGCGGTGTCGGACACCTCCGTCACCCCGGCCGCCGACTCCTGGGCCGCCGTCGAGATCGACTGGACGCTCCGGGCAATCTCCTCGCTGGTGGTGGACTGCTCTTCGGAGGCCGCCGCAATCTCGTCGGTCATCTGCTCGACCCGGCTGATCGAGCCGACAATCTCGTCTAGCACGGCGCTGGCCTCGCGGGAGAGCTCGATCCCCTCCTCCGCGTTGGCGCTGCTTTGGCGGGCCGCCTCCACCGCCTCCTGGATTTCGGTCTGGACCTCGCCGATGATCTCGGCAATCTCGGTGGTGGCCTGGTCGGTCTCCTCCGCCAGCTGGCGCACCTCCTCGGCCACGACCCCGAAGCCCTGGCCGGTGTCGCCCGATCCGGACTCGCTGCCGGCCCGGGAGGCCTCGATCGCCGCGTTGAGGGCCAGCAGGTTGGTCTGGCCGGCGATGTCGTCGATCGTCTCGACGACCTGGCTGATCTCCTCGCTGGAGGCCTGGAGGCGCTCGATGGTCTCGGCGGTGCCCTGGACCTCCGCGGCGATCTCCTCCATCTTGCCGGTCGCCTCGGCGACGACCTGTTGGCCCTCCTGGGCCTGCTGGCTGCCGTCCCCGGCGGCCTCGGCGACCTGTTGGACGCTGCGGGCGTTTTCCCCGATCGTCTGGTTGAGCTGCTCGACGGCGGCGGCCACCTCCTCGGCCTGGGCGGACTGCTCCTCCGCAGACGCGGCCATCTGCTCGGAGGAGGAACTGATCTGCTCGGTCGCCGAGGCGGTCGAGCCGGCCGCCTCCCGGACCCGCCCGACGATGGAGCGAAGGCCGGCGACCGCCTCGTTGAAGCCCTCAAACAAGCGCCCGATCGCGCCCTCCCGGCCGGTGGGGAGGCGGACGGTCAGGTCCCCGTCGGCAAAGCGGCCGATCGCTTCCAGCATCGTGTCGACGCTCTCCTGGAGGCGCTCCTTCTGCTGCTCGGACTCCCGGACGGCCTCCTCCACGCGGCGCTCCACGGAGGCCTTCTCGTCTTCAAGTGCCTCCATGGCCTCGGCGATCTGGCGCTGCTGCTGGTTGAACGCCTCGGCGACCGCGGTAATCTCGCGGGCCCCCTCGACCGAGACGGTCACGTTCTCCTCCTCGCTGTGGGTCAGCTGGCGGGCGAGGGACCGGAGCGGGTTGGTGACCCGGCTGCGCAGGACGTAGAGGATCGCCGCGATCCCCGCCGCCAGGAGGATGAAGATGCCGACCATGGCCCAGGTCACCATCCGCGACCAACGCTGGTCTGAGGCAACCTCCTGGGCGGCAGCTGCCTCAATCGTTTCCCGAAAGTTCTCGCTCGGATTGATAACCTGTTCACGTGCCGACCGGTACTGCTCGCCGAACATGATTCCGCGGGCCTCAGCGCGCTTCTCCCGATCAGAGAGCGCCTGATCGCGTTCGCTCAGGTTTGCGTTGGCGACCGCGTCTGGCATCTCCGATTCCGGTACCCCCCTGGCCTCCAGAACGAGGCGCATCGATCGAATCTCCATCTCGACCATCGCATCGGAGTTTGCCTTTGCCGTGCGGAGGTACTCGATCTCCTCATCATAGTCCTCCTCTGCACTACGTAACTTGTCGATGGGCTGCTGGAGAGGCTTCTCGTCCAGCTTTGCCCAATAATTGTCGAGGTGCCTCGGGTCCCCAGTCACCGCAAAAGACCGCGCCTGCCGGGTCAGGTAATCTGAGTCGTAGGCGACCTGATGTCCCAGATCGACATGGGACGCCTGTTGCTCATAGGCGTCAACGAGTGCACTGATCGACTGAGAATTGACGTACAATCCCGCGCCGAGAACGAGCAGGAGTATCGTGAGGGCAACTGCGGCTCGGCGGGTGATCTTGGAAAGCTGCATGGGCGTCCGGGGAAGATGCATTCTTGAGTGTGCACGACTCAGTTGTTTGAGTTATCGCGCACTCAAGGCTGCCTTTTAAGGCGGTCTTTCCGTAGACTCCGTTAGGGAGTAATCGACGGGGCCATGGGTCTAAGCCCGGGCGGGTCGAGAAGAGCAGGGACCCCAGGCCTGTTTTGCTCAGTCTAGGGCCAGTCGCGCACAGGACGGTGCCTCCAAAAGCGGCGCGCCTAAGGACGCCGGGGACACGAAGGCCCGCTGGAGACCACAGACGAGACGGGGCGCCCAGGCGGATCCGGCGGGCCAGAAGACAAGCGGTAACTGGAGACGGCCCCGGAAGAGCGTCGTGTGGGCGAAGAAGGCCGCTCGGTGCCGGGGCCCTGCGGCGATGCGCTACGTCGGCCCGGGGAACCGCACTGTGAAGTGGCTTCCCTCGCCCTTCTCGGTTTCCACGTCAATGGACCCGCCCATCTGGTCGACAGCCTTCTTGGTGACGGTCAGGCCGAGCCCGGTACCCTCGTACTCCCGTGCCAGGCCCTCCGACTCCTGACGAAACGGATCGAAGAGGGTCTTGACCCCCTCAGGATCCATGCCGATGCCGGTGTCTTCAATGTTCAAAACGGCCTGCTCTTCTTCGTAGGCGACCCGAATCCGTACCTCCCCGGCGTCGGTGTACTTGATCGCATTGGAGACGAGATTTTGCAGCACGATCTGCACGCCCCCCTCATCCGCCTCGGCCCACACGGGGGCCTCTCTGGCGTCCACCCGCAGGCGTAGTCCCTTGCCTTCGGCTTTCGGCCGAAGCTCCTCGGCAATGGTTTCCGCCTGTGCGGCAACGTCCACCGCCGTGCTCTCCAGCTGCATCTGCCCCGCCTCCAGCTTGGACAGGTTGAGGACCCCATCGAGCGTGTTCAAAAGCCGGCGGCCGCTTTTTCCGATGAGGTTCGCGAAACGGAGGGCGGCCCCCTCCGCGTCCTGCGTCTCCTCCCCAATGGCGTCGGCGAAGCCGATGATCGACGTCAGTGGCGTGCGGATCTCGTGGCTCATGTTCGCGAGCATGGCGGACTTGGCCCGGCTGGCGGCCTCCGCTTCCGCCCGGGCCG
NZ_CP030364.1_gap34	1118221	1118810	589	TAAACAACATCTTCACGTGCCTAACACACAAACGGCTCATGAGTGGTTGGGCCGCACTTCTCGCCGGACATGCACTTCAATCGTCGTCTACTACGAGCCATGCGATACACGTTTTTCGGACACCTCTGCGGACAACTCTGTTCGGACTGTCAGGAGGACCTGGCACACGCTACCCTTCGGCTCTACCGACCCAAAGACGGGGACGATCAAGTCGTCGCCCGTGCGACCGCGGACACCAAACACACGCATCAGATTCTCGATGCGGCGGAGGCAGAACAGAAGGCGGATCGTCTCTTGGTCGAGGCGGACCTCGATTCGGAGGGCCGCTTCAACGTTGTGCTCGACGAAGAGGTTGACTACGACGGGGACGCCATCGAGGTAGACGTGTACCTCGAATCGGTCCCCGGGATGCCGGAGGGCACGGAGGCGGGCCCGCTGCAGGTGAGCATCACGACCCTCCAGCCCCAGTGGCGCAAGGGCGAAGAGGGCGCTCGATTTGGCTGGGAGTACTGCATTCCCGAACGGTTCTGGTGCCAGGTTCGTGGGCAGTTCGGGGCCTGGACGATCTGCGGAGACGTAACCCTCTGCG
NZ_CP030364.1_gap35	1135717	1138318	2601	CTCCGCCACGGCCTTCAGGGCCGCGAACGTCTGCTCGTAGCAGTAGCAGCGGTCGATGGTCATTGTGGAGGGGACGCGAATGAGAAAGAACTACCGGGTCGCCGAGGGAGCCGGGGCCGGCTCGCGCCGCCAGGCCGTCTCTCGATGAGAGCGATCGATCGCGGCGTGGAAGCGGTCCGGGTGGAGGATCTCGGCCAGAATGTCCAGGGAGGCCGCCAGCCGGGGGCCGGGCCGATTGAAAAAGTGGTTGCCATCGGCCCGGTACACGTGGCCCGCCTGCACGGCGCGGAGGGCGGCCCACCGGTTGTCGTTTCGGAGAACGTCCATCTCCGCATCGGTACGGGACAGGCCGAACCCACACGCCATTACGACGATGCGGTCCGGGTCGGCCTCGTGCAGGGCGTCGAGGTCGCCGCGGCGACGGGCAAAGACCGGCGTCCCGCCCGCCGCCTCCAGAAGCGTCGGGACCCAGCCCCCGGCCCCCATCAGCGGATCGATCCACTCCAGGGCCGCGACCGTAGGGCGGTCGGTCGCGTCGGCGGGCGCCACCGCGTTCGAGGTCGCCTGCATCCGGTCGCGCATCCGGCGCACGAGCCGGTCGCCGCGCTCCGGGCAGCCGAGCGCCCCGGCCACGCGTCGGATGTCGTCGCGCACGTCCGCCAGGGACCGGGGCTCCAGGGCGACGACCGTCGGGCTGCCCTCGATGCGGTCGGCCACCGCCTGCTCGACCGTTGGGAGGGACACGGCGCACACCTCGCACTGCGACTGGGTGAGGATGAGGTCCGGGCGCAGGGCGTTCAGCCGCTCCACGTCCACGTCGTAGACCGACATCGCCTCGTCCAGCAGGGCGCGCACCTGATCGTCAATCTCCCGGCTCGACCCTTCCAGCGGCACCTTTGGGGCGGTGAGGGCGGGCAGTGCCTCCACACCGGGTGGATGGTCGCACTCGTGCGAGCGGCCCACCAGGTCGTCCCCGTGGCCGAGGGCGGCCACGATCTCGGTGGCGCTGGGAATGAGGGACACAATGCGGGGCATGGGGGGAGAAGAGCAGTGAGGGTTACGCCGAGGCGGGGGCCGGGTCCACCCGGAGGGCCGGCACCACCTGCTTCAGCAGGGCCACCCCGCCGAACAGTGCGGTCACGTACACGGCATTCCCCGCGAGGCTGTTGGCAAGGTACGGCAGGCCGGCCACGTAGCAGGCCCAGAGGCCGGCGGCCGTCGGCGGGTAGGTGTCGAACAGCCACCACATTCCGAAATTCGTGACCAGGAAGAACAGCAGCGACCCGGCCACGGTGGCCCCGGCGACGCGCCCCACGCTCCGCTCCGACCGAAGCCCGAAGCCGAGCACACCGATGGCCGCGAAGCCGCCGTAGACAAACGGCACGAGCGCGTGGAAGCCGATCACGAGGTCGCCCAGCAGCAGGGCCCCGAGCGATACGCCGAGGCCGACCCACCGGTTCGCAAAGTGCGCCCCGCCAAAGAGCGCCAGCGCGGCGATGGGCGTGACGTTGGGCGGGTGCGGGGCGATGCGGGCGGCCGCAGCGAGCAGGACGATGCCGGTGAGGACGGCGAAGCGAACGAGGCGATCACGAGATCCCATGAGGCCAATTCGGGGTGTTTTCGCAGGGAAGGAGCGGTAGGACAATGCTGAGTGTCTACTGGCTATCGCGCAAGAAGGCGATGTGGCCCGGGGTGTTGCCGGTTTCGAAGCGTGTGACTTCGTCTCCACTTCGGTCAAGGATGAGCGCGGTCCCGTCTGCCGAAAAGAGCGGTCCGCCAGCGTCATCAACGGGAAGGCGTGTCACGTATAGGTCTTGCGTAACGGCGTCGTAGCCGACTGCAGTGAGATTGACAAGTTCATCGTCCTGTGGAACCTCTAAAGTCGCGTCGAGCACGTTGGTGTCGGTATCTACCCGAAAGATCTCACCAGTTCCCCCCAACGGTGGGCCTCCGAACGTCTCGACCCCACTGATGGCATACAGTTCCTCAGCCCCCTCCGAGTAATACGCCGACTGGGTCGCGTTCGCCGAGCCAATGGGGGCACCAAGCTCTACCCGGTCTTTGATCGTCTCCTCGATCGGGCTCAGGAACAGCACCTCGGAAGCCTGTTCGCCCCCGCCCTGACAGACCACTGCCACCTCGTTCTCCTCGTCCACGAATACACTCTTCGGACTGGCGCAGTCGGGGAGGGATAGTGTCGTGTTTACGGTGTCGGCGTCCGCGTCGAGAACCGAGAGGGTGCCGTCTGCGGAATTCGCGACGAACGCCTTCCCGCCGGCAACGCCGATGCCACGAGGCTCACGCCCAACATCAACCCGTTTCGTGACCGAGTTGTCATCCAGGTCGACCACCGACACAGTGCTCGGCTCGGGGCTAAAGTTCTCGTCGAAACGGCTCAGGTTGGAAACGTACCCCTTGTCCGCGGTTGGAAAGGCGATGTACCGTGGGGGACGCGGGTTTGAAACTTGGTCAATCGGCTCGAGCTGATCGGTGTCGAAGGTCGTGATCCGACCGGCATTGTCGGCCTGTGTGTTGTCGACGACGAAGAGGCGACCGTTGTGCTGGGCCAGGCTGTTGATAAAGGCCACGTTGATGTCCTTG
NZ_CP030364.1_gap36	1170687	1172137	1450	CCCAGGACCTGCTCGACAGCATGGCGGCGGACTTCGACCGGGACCTGGCGGACGACCCGGTGTCGGTGCCCGAGGCGTTCGACGAGAGCGAGGCGCAGTCCGAGGTCAAGAGCCTGCGCGGGACGATCAACGCCCTGGGCGACGTGAATCCCCTCGCGCTTGAGGAGTACGAGGACGAAAAGGAGCGCCTCGACTTTCTGCGGGAGCAGAAGACGGACCTGGAGGAGGCGGAGGACACGCTCCTCGACACCATTCAGGAGATCAACACGAAGGCCTCGGAGCGCTTCATGGAGACCTTCGACGAGATCAAGGAGAGCTTCGGCACCATCTTCACCGAGCTGTTCGGGGAGGGCGCCTCCGCGGAGCTGCAGCTCGAGGACCCGGACGACCCCATCGACTCGGCGATCGAGATCGTGGCCAAGCCGCGGGGCAAGCGGCCCGTTACGCTCGATCAGCTGTCCAGCGGCGAGAAGGCCCTGACGGCCACCGCGCTGCTCTTTTCCATCTACCTCGTGAAGCCGAGCCCCTTCTGCGTCCTCGACGAGGTGGACGCGCCGCTCGACGACGCCAACGTGGAGCGCTTCATGAACCTCGTCCGTCGCTTCGAGGACGACACCCAGTTCGTGCTCGTGACCCACAACCAGCGCACGATGGACCTCTCGGACCGCATGTACGGGGTGACGATGGAGGAGCAGGGCGTGTCGACGCTCGTGGGGGTGGAGTTCGACGAGGCCGCGGAGCTGACCGAGTAGGACGGGAACACTGGGGCGCGTCGTGCACGCTGGAATGCCACAGGCCCGAATCGAATGGATGCGTTGCTTACGGAGGCGCTGAATGTGTTGCGCCGCACCGGTCTCGACGCCCTGCTGATCCTCGCGGGGGCCGCCGTGCTGGGAGGACTCGTCTACGGCGCGGTGCACCGCGGCCTCCGGGCCCTCACGCGGGGGCTGGAGGGGACGCTCCCCCTGCGCGGGGCGCTCCTCCGACGGACTCGCGGGCCGCTTCGCATGCTGGCGCCCGTGGGGTGCGTCTACCTGGCGCTTCCTGCCGTCCGCGCGTCCTTCGCCGACACGACCCAGGCGGTGCTCGACAACGGGCTGCAGGGCCTGTTCGTCGTGGGGGTGGCCTGGGCGCTAATCGCGGTGCTGTACGCCGTGGAGGAGGCGGTCTCGGAGCGGTACAAAACGGACGTGCCGGACAACCTGGAGGCCCGGAAGATCATCACGCAGACGCGCATCCTCCGCCGGATCGCCGCGACGGCCATCGTGGTCATTGCGGGTGGCATTGTGCTCATGCAGTACGATCCCCTCCGGGAACTGGGCACCGGCATCCTGGCGTCGGCGGGCATCGTGGGCATCGTCGTCGGCGTCGCGGCCCAGCGCACGCTCAGCGACCTCATTGCCGGCATTCAGATTGCACTCACCCAGCCCATCCGGGTCGAGGACGTGGT
NZ_CP030364.1_gap37	1173705	1175217	1512	CCGGACCCGCCCGACGATGGAGCGAAGGCCGGCCACTGCCTCGTTGAAGCCCTCAAAGAGGCGGCCGATCGCGCCCTCCCGGCCGGTGGGGAGGCGAACGGTCAGGTCCCCATTGGCAAAGCGGCCGATCGCCTCCAGCATCGTGTCGACGCTCTCCTGGAGGCGCTCCTTCTGCTGCTCGGACTCCCGGACGGCCTCCTCCACGCGGCGCTCGACGGAGGCCTTCTCGTCTTCGAGCGCCTCCTGGGTGGTGCGGATGTCGCGGATCATCTCGTTGAATCCGCCGGCCAGCTCCCCGATCTCGTCGTCGGTCTGGACCGGGACCTCCACGTCCAGATTTCCGTCGCTGACGGCCTGGGCCCCGTCCCGGACGCGCCGAATGCGCCCGGCGATGCGACCGGACAGCCAGAGGACGGCCCCGATGCCCATGCCCAGAATCAGGAGATTGATGAAGACCGTCAGCATCGTCTCCGACCAGATCTCCGACATGGCCTCCTCCAGGGAGTACGCCAGCACCACGTTTCCGTACCGCTCCCCGTCGTACTCAATCGGGTGGGAGGTGCGTAGCAGTCCCCCCTGGCGGACCGTCGAGCCGGCCTGAAGCAGGGCCCCCGTATCGACCTGGAGCTCGTCGGGGTTGTGGTCGAACAGGACCGCGTCGTCCTCGTCGAGAATCGCGACGTACCGTACCTTCGAGTCGTTGGTGGCCCAGTCGAAGGTCTTCTTGACCAGGTCGTAGTTCGAGTCGGCCAGGCCGGTGCCGACCGATAAGGCGATCATTTCGCTGAGCTCGTTGACCTGATTGCGGGCCGCGTCCAGACTATCCGACCGCTGATTGAGCGGATAGTAGATCGATACGAACAACACCAGAACGACGAACGGAACGGCAAACCCAACAATCAACTTGGCCCGAAGGGATTCGCTCAATCGGTCGATCATAACCTGAAAGACTCTGCTGCGTCAAAAAATAGCGTATGGGCGGGCGGAGGGGCTACTCAATGGTGGCGATGACCTTGACGGCATCCGTCACCGCGTCCGCCGGTACGTACCCGATTGCCGCCGAGGTGCTGCTTACCTTGTCGATCATCTGGTCGGACGAAACCTTCTCGGGGGGCTGAGCTGCTCCCGACAGCTTCTTCCGCAGCCATACCTTTTTGACGTCGCTTACCGACTGGCCGATGTGGTCGTAAAAGGCCGTTTTGGTGCTGCCCTCGGAGTTTAGGTCGAAGCGCACAATCTCCGACCCGTCGTCCCATTTGCTCTGCTCAAGGAGATAGATGTCTTTGAGGGTCTCGGCGTTGGCCTCGTCGACCGAGACGTCCTGGTGGGCGATGACGGCAACCTGGGCGTGGCTGACGCCGGCCGTGCTCAAGAACAGCAGAGCGGCGAAAAGGAAAAGTAGTCGTCTCATAAATTCCTCGGTTGGATGTGGGGGAAGAGAAATGGTAGAAGGTGGAGGCGAGACACGCGTCTCGACGTATCCTCGAATTGGCGACGGACGCACAGCCGGCT
NZ_CP030364.1_gap38	1180734	1183290	2556	AGGCGGTCCTGCGCAAAGGCCCGGAGCGACCGGCCGCTCGCCTCGGCGAGGATGGCTCCTAGGATGTGCGTGGTGCCGGTGCTGTAAATCATGTCGCCCCCCGGCCGGTCGACCAGGGGGCGCCGCAATGCATCCGCCACCCAGTTCGGACTGGACACCCACGCGCCGTAGTTTCCGAAGCTCGTCGATTCGAGGCCCGTCTGTTGCGTGAGCAGGTGATCGACCGTGATGCGCTGCTTGCGCGGGGCGTCGGCGAGGAGGGTTGGGAAAAACGGGCCAATGGGCTGTTCGACGCCGCCGAGGATGCTGTCCGCGAGGGCAATCCCGGTGAGGGCACTGAGCACGCTCTTGCTGGCAGACTTGAGGTTGGCTCCCTGATCAGGATTGTGTCCGTTGAAATACACCTCGGCCACCGTCGTCGTGTCGCGGGCCACGAGCAGGCTGGTGAGGGGCGGGGCAAGGTCGGCGGCCCGGTCTACGGCCGCGGCGAGCGCAAAACTGTCGAATCCGTACGACCCGGGCGGGTGTGCCCGCCACGTTTCCGTCGTGGGGCCGGGTTGCGCGTGCGCAGGGGCCGCCAGCAGAGACAAGAGGAGCAGACTGCCCAGTGCCGTGGGGACGGAGGGGCGACGGGGGGCGCTCCGAGACATTGCGAGACGGAGGGGCATGGGCACGGGCGATTCGAAAGCGTGAGAACCCGCCGGTGCGTACTTTGGAGCCCGAATTGTGTTCGTATCTTAGAACGCGTTGTATTGCGTGTCGAACGCGGGGCCCTTCCCAAACGCCAGGATGACGCTCCGTAGTCGTCCCCAACGTGCTCTGGGACCCATCCGACTGGACGAGAAGGCGTCCGCCATCCTCAGATGGGCGCCACACGGGCGAAGCGCTGTGAGCGTAGAGAACGAGTGCGCCTGGAGTGCGACTAACAAAGTCCATCGGGTTTGGAGCGACAAATGCGATGGCGTCTTGGAGGAAGCAGCCCTCCGGGGATACGCATTGTCCCCCACCATAGCACGAGCCGGTTCGGGCGGGCCGCTGCCGTCGCGCGCCAGGGCTGTGGATGCTCAGTCGCCACGGCCCTCGCCTCGACGCCCCTGCCTTCACCCGCAGTGACGATCCAGTGACCGTACTAAGTCGGAGGGAGTGAGGGTTGTCATTCGAGCAGGGGACACCTACTTTTGATGTGCGACTCTCTTTCGGTCACCCCACCGTGTTATGTCTGTACGCTCGACGGCTCGCATTCTCGGCTGCGCGCTTTTGCTCGTCGTTGGCGTCTTTGCCCTCCCGGCCTGGACGTCCGCCCCGAACGCGTCGCGCCCCGGCTCGTCGTCCGGAACGGCCGGTCCCGCACCGGTCCCCGAATACGCAGAGAACGGAATGGTCGTCTCCGCGAAGAAGCGGGCCTCCCAGGCGGGGGTGTCGATGCTCAAGAAGGGCGGCAACGCCGTCGACGCGGCCGTGGCCACGGGCTTCGCCCTGGCCGTCGTGCACCCTTACGCGGGCAACCTGGGCGGCGGCGGGTTTATGGTCGTTCGCATGCCTGACGGGTCGGTGACGACCATCGACCACCGCGAAGACGCGCCCAGCGGGGCCACGCAGGACGTGTACCTCGACGACGACGGCAACGCCGTCCGCCAGCGCAGCCGGCGGGGCTACCTGGCCTCGGGGGTGCCCGGCACCGTGGCGGGCCTGCTGACGGCCCTCGACGAGCACGGCACGCTCGACCGCGCGACGGTCATGGCCCCGGCCATCCGGCTTGCCGAGGAGGGCTTTCCGCTGCCGCACACGATGGCGGAGGACCTGAACGACCGCTACGAGGCGTTTGCCGAGTTTTCGGCGACCAAGAAGTACTTCACGAAGGGCCGTGCATCGGCGGAGTACCGGGCGGGCGAGCGGTTCGTGCAGTCGGACCTGGCCCGGACCTTGAAGCGCATTCGGGACAAGGGTAAGGCTGAGTTCTACGAAGGGCGAACGGCCTCGCTCATCGCCGAGCAGTTTCAGGCCAACGGGGGGCTGATTGACGCGCAGGACCTGGCCGAGTACGAGGCGGTGGAGCGGGATCCGGTGACGGCAACCTACCGGGGGTACGAGGTGCACTCGATGGGGCCGCCTTCCTCCGGGGGCGTCGCCATTGCCCAGCTCCTCAACGCGGCCGAGATGAGAGACATCGACCAGATGGGCTTCAATTCCAGCGCGACCGCCCACTACATCGGGGAGGCGATGCGCCGCGTGTTTGCCGACCGGGCGAAGTGGCTCGGGGATCCCGACCACGTGGAAGTGCCCACGGAGGGACTCATCCAGAAGGACTACATGCGCGAGCGGATGGCGTCCTTCGACTCCAGCCGCATCACGCCCACCGACTCGGTGCGGGCCGGGGAGCCCATGCTGGCGGGCGAGTCGATGGAGACGAGCCACTACTCGGTCGCCGACAGCAGCGGCATGGCCGTAAGCGTCACCACCACCCTCAACAGCGGCTACGGCTCGAAGGTGATGATCGACGGGGCCGGCTTCTTCATGAACAACGAGATGAACGACTTCGTGCTGAAGCCGGGCGTT
NZ_CP030364.1_gap39	1185934	1189309	3375	GAACAGCGGTCACGCGATCCAAAACTAGAGACGCGGCCGGATGATCCCAACCCGTTCGGGCCCGCGGCCGCCGTCCGCGGAAAATTCTTGCGCACGGGTCGGCGCCCCGGACGGTCCGTTCGCGGGGACGTGGAGAACGGCGACCTGCTGGTGCCGGTGGGGGGGAGGGCGACGCGGGAGGGCCGACGTGTCGAGGGCGACGCAGGATTAGAGGGCAATGACCCCCACGGCAAGCCCAATGCCCACGGCGTTGGCCACGAGGTCCTTTCCGCTCGCCCGCCCGCCGATGCGGGACGCGTCGTAGAGCTCCTTGGCGAGGCCGACGGTGGCACTGCTGGCGACGGAGGCCGGCAGGGCACCGCCATCCGACCAGCCGGCCTTGTGCACGAGCACGTACTGGGTCGATAGCGTCCAGAGCCCGCTGAAGACGAGGTGCTGGGCCTTGTCGCGGGCCCACCACCGGTCGCGGTGCACCGGCCGCCGGGCCGGGCGCGTCGGCGGCACGAGAAGCTCGACCCGAAGCCCGGTGAGGGTGGGCGGCAGGGGGGCGGGCGTGGAGGCGACAGAATCTGCGGCGGGCGGGGGGGCAGCCCAGGCGTTGGCGCCGGCCGCTGGCAGGCCGACCAGCAGCGCCCCCCACGCCCAGACCCACAGCCGACCCGGAATGACGTGCACTTGTTGCATCCGTCGAACGAACGTGCTTACAGCGTGCCGGTCAGGTAGCCCATCACGATGCCGAAGACGACAACCGGAATGATGTACCGCATGCCGAAGATCCAGACGCCCAGAAAGCCGTCGGCCAGGGTCGAGCTGCCCTGACGGAGCTCGTCGGCCGCCCGGTCGGCGCCCCATACCCACCCGATGAAGACGCTCAGAAAGAACGCCCCGACCGCCAGCCCGGCGCTTCCAATGAGATAATCGAGGACGCCGAGCACGTTGTTCTGGCCGAACAGGCCGCCCTCGCCGAAGAGATAGCTCAGGTCGCTGAACGCCCCGACCGCGCCGAAGGAGAGGGCGGAGGGAAGGGCCATGAGGAACGTGATGACCCCGATAATGAGCACCGACTTGCGGCGGGACCAGTCCTTCTCGTCGACGAAGTAGGACACCACGACCTCCAGCAGAGAGATGCTGGAGGTGAGCGCCGCAATCGACAGGAGGAGGAAGAATAGGAACTCGACGATGCCCCCGAGGGGCATCTGGGCAAACACCTCGGGCAGGACCACGAACACGAGCGCGGGCCCGGTGGCCGGATCGGCGTCCATCGCGAACAGGGCAGGGAAGATCATGAATCCGGCCATGAGGGCAATCATCGTGTTGAACAGAACCACATAGCCGCCCGACATGGCGATGTCTTCGCGCTTGGGCAGGTACGAGCCGTAGGTGATCATGGCCCCCATGCCGAGGCTGAGGGTAAAGAAGGCCTGCCCGAGGGCGGCGATGACGAGGTCGAAGGTGATCTCTGAGAAGTCGGGCACGAGGTAGAAGCGCAGTCCCTCCGCGGCCCCGTCGAGCGTGACGGCTCGGACGATGACGAGGAGAATCAGCACGAACAGGACGGGGAGCAGGATCTTGGCCCACCGTTCGATGCCCTTCTCCACCCCGCCCACCACCACCAGAAGCGTGAGCAGCAGAAAGAAGGCCACCAGCCCGATGTTCAGCCACGGGGACGCCGCAAACGCCTCGAAGCCCATGGTGGGGGCGAGGACGTCTTTGACCGCGTACCCCACGGCCCAGCCGGCCACCACGCTGTAGTAGCTCAGAATCACGAACCCGGCGAGCACGCAGAAGCCCCCCACCACGATCCAGGCGGAGCCGCCGCCGGTGATGGACTTGATGGCGCCGACCGGGTTCTTTTGGCTGTTGCGCCCCAGCGACAGCTCGCCGAACAGGTAGGGCATCCCGATGAAGAGGATGCACAGCAAATAGATGAGGACAAAGGCCCCGCCCCCGCCCTCTCCGGCGAGGTAGGGAAAGCGCCAGATGTTGCCCAGCCCGATGGCGGACCCGGCGGCGGCGAGAACAAAACCGATCTGGGACGACCACTGCTCTCGGTCGGTCGAGGTCGTGCTCATGGGGAGTCGTCGGGTTGGCTCGTAGAAGGGGGAAGAGAAACAGCCCGCGAGAACGGACTCGGCGCGCTCATCACCGCCCGAAGTTAAAAGGTGACGAACGTGATCGCAATCGGGAGCCGGATGAGGGCCGAGAAGCGGGGGGACGCCCCGCAATGCCCGTCACAGCACGCCGTAGAGCAGGTCGACGACCAGCACGGTCAGGATCGTAGCGGGGAAGGCGTATTTGATTGCCGCCCGCCAGACAGGGCCGACCCATCGCCCCATCGCGTGTCCGTCGCCGGTCCGCAATTCGTCCAGGGCGTCGTCGGCGTCCCATACCCACCCCACGAACACACTCAGGAGAGCGGCGCTGAGGACGAGCGCCACGCTTCCCCAAAGAAAGTCCACGACGTCCAGGACCCCAGGGGCGGGCCCGAGGAGGCGGTCCCCGACGAGCCACGACAGGTCACTGAGGGCGGGCACGGCCCCCTGTGATAGGGCTGATGGCAGGCCGATCACAAACGCGACGCTCCCGGCGCCCCAGGCCGCTGTGCGGCGGGACCAGGCCGTTTCGTCAACGAGGTACGAGACGAACACCTCCAGCAGCGAAATGCCCGACGTAAAGGCGGCGATGGCGAGAAAGAGGAAAAACAGCGTCCCGACGAACGACCCGAGCGGCATTGCCCCGAACACGTCGGGCAGAACCACGAACACGAGCGAGGGGCCTTCCGCCGGGTTCTGGCCCATCGCGAACACGGCGGGGAAGATCATCAGGCCCGCCATGAGGGCAATGAGGGTGTCGAAGACCGCAACGTAGCCGCCGGCAACGACCAGGTTCTCGTCGTCGGGCAGGTACGAGCCGTACGTGATCATCGTCCCCATGCCGAGGCTCAGGGAAAAGAAGGCCTGGCCGAGCGCCTCGACGACCATCAGGCCCGACACCTGCGAAAAATCGGGCGTCAGGTAAAATTCGAGCCCGGCACCCGCACCGGGCAGGGTGACGGCCCGAAAGGCGATGAGGCAGAGGAGGACGAACAGCACCGGCATCAGAATTTTTGCCCACCGCTCGATGCCCCGACGCACCCCCTGGGCGACCACCCCGGCCGTGGCGACAAGAAAGCCGCCAAACAGCGGAATGACCCACAGCGGATCGGCGATGAATTGGGCAAAGGCGGCGCCCGACGCCCCCGCGGCAGTGAGGTCCCGAAATACGTACCCCACGGCCCAGCCGGCCACCACCGCGTAGTAGCTGAAAATCGCGAGCCCCGTCACCACGCAGAGCCCCCCGACGAGCGACCACAGCGAGTGCCCCCGAATGGCCCGG
NZ_CP030364.1_gap40	1229621	1232435	2814	TCAACACCGCCATCGCGGCGATGATGGAGTTCGTGAACGCGGCAAACAAGTGGGACGCACTGCCGCGGCAGGTTGGAACGCCGTTCGTCCTGCTGTTGAGTCCGTTTGCGCCGCACCTCGCCGAGGAGCTGTGGGCGCGCCTCGGCCACGACCAGTCGCTGGCCTACGCGGACTGGCCGGCGTACGACGACGAGCTGATCCGGCGGGAGGTCGTGGAGATGCCCGTACAGGTGGACGGCACCGTCCGCGCCACCATTGAGGTGGCGGCCGACGCAGAGGAGGCCGACGTGCTCGCCGCCGCGAAGGAGGCCGAGAATGTGGCTCGTCACCTCGACGACGAGGACCTCCAGCGCGAGATCTACGTGCCGGGGCAAATCGTCAACTTCGTGACCGGGTGAGTATTTCGTTGTGCGTATTGCGTATCTGTGTATCGCCCACGCAATACGAAATACGCAATACGGACCTCCAGTCCAGGGCAGTTTTCTCTCCGATTTGCAAGCCTTGAAAATCGCACTTCCCATGCCCACCCTCGACGTCCTCGCCCTCGCCGCCCACCCCGACGACGTAGAGCTCTGCGCGGGGGGGACCGTGTGCCTCCTTGCCCAGCAGGGATACGACGTGGGCATCGTCGACTTCACGAAGGGACAACTGGGATCGCGCGGCACCCCTGAGCAGCGGATGGAGGAGGCCGAGCGGGCCTCGGAGATCATCGGCCTCAGCGCCCGTGAAAACCTCGGGCTGATGGACGGGGACATCCGCAATACGAAGGCCAATCAGCGACGGGTCATCGAGGCCGTGCGCCGGTACCGGCCCGACATTGTCCTCCTCAATGCCCCCGAGTCGCGCCACCCCGACCACAGCGACGCCGCCGACCTGTCCACCGATGCCCTCTACTACAGCGGGCTCCAGGAGATTGAGACGACGGGCCCCGACGGGACCCCGCAGGCGCCCTGGCGGCCGCACCACGTGCTTCATTACATGCAGGCCGTCTCCTTCGAGCCGACGATGGTCGTGGACGTGACCGACGTATGGGACCAGCGCATCGAGGCGCTGCAGGCCTTCGCGTCGCAGTTCCACAACCCCGACTACGAGCCGGACCCGGACGAGCCGGAGACCTTCGTGTCCAACCCGGAATTCTTCGAGTGGGTAAAATCGCGGGCACGCACCTACGGATACACGGTGGGCGCCACCTACGGCGAGCCGTTTAAGTACCGGCACGGCCCCTTCGGCGTCACGGACCTGCCCGGTGTGCTCAGCAAGGAGAAGGAGTTTCGGTGAGCTGGATCCCACGTGAATTGCGGGCGGGACGGGCCCAGACCCCGCAACAAACGACCGGTCTACGTTTTTAGCTACAATCAAACCCGCCCAAGGCGGCTGGGAGTTGACACCGCTCCCCGCGACGTAATATATTACCCCATTGCAACTGCGACGAAACGACCTTCCTCCCCCCATGGCGGACACGAGTGACTTTCGAAACGGCATGACGTTCATCTGGAAGGACGATCTCTGGGAGATCGTCGACTTCCTCCACGTCAAGCCGGGCAAGGGCGGGGCATTCGTCCGTACCACCCTCAAGAACGTGAAGGACGGCCACGAGGTGGAGGAGACGTTCCGGGCGGGGGCGAAGGTCGACGAGGTGCGGGTCGAGCGCCGCGAGCACCAGTACCTCTACGAGGACGACTATGGCCTTCACTTCATGGATCAGGAGTCCTACGAGCAATTCTCGATGCCGCCGGAGCAGGTGGAGGGGCGCGAGTTTTTGAAGGAGGGGGGCGACGTCGACATTGTCTTCCGTGCCGACACCGAAGAGCCGCTCCGCACCGAAGTGCCGCAGAAGGTGGACCTTGAGGTCACGGAGACCACGCCCGGCGTGAAGGGCGACACCGCGCAGGGCGGGGATAAGCCCGCGACGTTGGAGAGCGGGGCGACCATCGACGTGCCGCTCTTCATCAACGAAGGGGACGTCGTCCGCCTCAACACCGAGACCGAAGAGTACGAGACCCGCGTATCGGCCGCCTCCACCGTGTAACCTGGGGCGCGCCCGCCGTTCTTTCGCACACACGTATCCAGACGCATGGAGCTCTCGAAGATTCAAGAACTGCTTCGACTTGTCGCCGAGAGCGGGGTGTCGGAGGTTGAGATTGAGGAGGACGACTTCAAGCTCACCATTCGGCAAGACAGCCCGCAGCAGGTTCTCATGCAGCCGGCGACGCAGCCGGCCCAGATGCAGTACGGGCCCCCGCGGCAGCCGCAATACCCGCCGCAGGCCCCGCCTCAGCAGGCGCCCCCCCAACAGGCGCCTCAGCCCCAGCAGCAGCCGTCCCACGCGCCCGCCTCGTCGCCCCCCCCGGCCTCCGGCGGGGCGCAGGCGGCCAACGAGGCGGCCCAGGACGACACCTCCACGGCGCCGGATGCGACCGAGAACGGAACGGCCGAGGCGGAGGAGACGGGAGCCGCCGCGGAGGAGCACGTGGTGAAGGCCCCGATTGTGGGAACCTTCTACCGTGCCCCCTCCCCCGACGACCCGCCCTTCGTGGAGGTGGGCGACGAGGTGCAGGAAGGCGATGTGCTCTGCATCATCGAGGCGATGAAGCTGATGAACGAGATCGAATGCGAAACCTCGGGAACCGTCAAGGAGATCCTGGTCGAGGACGCCGAGCCGGTCGAGTTCGACCAGCCGCTGTTCGTGCTCGATGAAGGATAGAGGCAGTCTCACGCAGCAGTGAGGGCTTCGGGATGGTCCGGAGCCATTTTCATGTTGCGCCTGTTCGGGGGTGCCTTCGCTGTCTCGGAGAAAATGGAGTCGCCCCCAAC
NZ_CP030364.1_gap41	1256873	1258737	1864	CGGTCACGGACCGGCCGAAGGTGCTGATTCTCGGCTCCGGCCCCAACCGCATCGGGCAGGGCATCGAGTTCGACTACTGCTGCGTCCACGGCGTGAAGGCCGCCCAGGAGATGGGCTACGAGGCCCTCATGCTGAACTGCAACCCCGAAACGGTGTCCACGGACTTCGACGTGGCCGACAAGCTCTACTTCGAGCCGGTCTTCTGGGAGCGGGTGCAGGACGTCATCGACCTGGAGCAGCCGGAGGGCGTCATCCTCCAGCTCGGCGGGCAGACGGCCATCAAGCTCGGCGAACGGTTTGAGGAGGACGGCATCCAGGTCCTGGGAACCTCGTACTCGAAAATGGACCTCGTGGAGGACCGGGGCAAGTTCACGTCCATCCTGCAGAAGCTGGACATTCCGTTCCCCCCCTACGGCGTAGCCCATTCGGTAGAGGAGGCCCTCGAGACCGCCGGCCGTCTCGGGTATCCGACCCTGATCCGGCCCAGCTACGTGCTCGGAGGGGAGGGCATGCGCATCGCCATCAACGAGGACGAGGTGGCCGAGTACGTGGGCAACGTGCTGGAGACATATCCGGACAATGAGATCCTGCTCGACCGCTTCCTCGAAGACGCGGTCGAGCTGGACGTGGATGCCATCTGCGATGGCGATGAGGTGTGGATTGCGGGCATGATGCAGCACATCGAGCCGGCGGGGGTCCACTCCGGCGACTCGACCGCCGTCCTGCCGCCGTTTAGCCTCTCCGACGAGGTGCTTGAGACGATTCGGGAGTACGTGCGGGCCCTCGCCTTCGAGCTGGACGTCCTCGGCCTCGTAAACGTGCAGCTCATCGTCAAGGACGGAACGGTGTACGTCATTGAGGCCAATCCGCGCGCCTCCCGCACGGTCCCCTTCATCGCCAAGGCGGCGGGCATTCCCATTCCCGCCATCGCCACGAAGGTCATGCTGGGCGAGACGCTCGAGACCTTCCGCGAGCGGGGCGACCTGCAGTCGGACCTGGAGGAGTACGCGATCAAGGAGCCGGTCTTCTCGTGGGACAAGTTCCCGGAGGTGCCGAAGGAGCTCGGGCCGGAGATGAAGTCGACCGGAGAGTCGATCGCGTTCGTGGAGTCCCTCGACGCCGAGCAGTTCGAACAGCCCTACGAAATGAAGGACCTATATTTGTCTCGGTAAGCACAGGCGTTCTCGCTAGCGCTGTCGGTGGAAGGAGTGGGACTTTCTGGAATTCACGGAGCGAAGCGGAGTAAATGAAGAACCTGTACCTGTCCCGGTAGCAGGCCGTTGGGGCGGAGTATTCCGGACGGTTGGCAACTGTGCGTTCCTGTTACGAATGGGCGGGAGCCTGCGGCGTATGAGGTGCCATGGTCGTCGGACCTCAAGCCGCACAGGTTATGTCCTTTGACCGCGTCGCTCCCCCACGTCGCCGAGAGCACTGGTTCTGGGCCCTCGTCCCCCCAGCGCGTGCGCTCGTTCTTCTGGTCATTGTCTGGGTGGGGGCGGCCCTCCCGGTTTCGGGGCAGGCGGTGCGCGCTCCCCTGTCCTTCGACATCCCGTCCGTAGACGAGCTCGCCCGGCGTGCCGTGGAACGGCGTGGGGCACGTCCGGGCATGCTCGCCACGACGGAGGCCTGGGGGACGCCCTCCCGGCTGCGTGGCAGTCCGCTCTCCCCGCGACCGCCCGCCCCGGACGGCCCGCCTCGGTTTCAGCACGCCCTTCTGGGCAGTGCAATCGGGGTGACGGTCAGTGTAGGAATGCTTTACGTGTTGTCCGACGCCGACCTCTCCGGCCGTCACGATCGGGGCCGGTACGGGGGCGACGGTGAGCTGCGGGCGCAAGGGGCCGCGCTGCTGTTGATCGTTGGAAGT
NZ_CP030364.1_gap42	1265488	1269752	4264	GTAAACCCGTGTCCCGTAGCATTTTCTGTGCAAAACGCCTTTTGGCCCCTGGTGACAGGGGCATTATGCGCTCGCGTCTCACCAAGTTCACCGTCGTCCATGAAACGATCGCTCGTATTTGCGGCCCTTCTTCTCTGTGCCAGCCTCACCTCGTGCCAGTGTGCCGACCAGCCCGACGTGGGGCCGGTGGAGGGCGAGGATGAGCAGGCCCATCGGATCCCGACCGAGACCGCGGCAGACCGGGGCCGGATCGCGTAGAAAAGACCCTCCGGCCACGCCTCTAACCCACATGTGTGCCGTGTCTCCTGCAAGGTGCTTCCCCAGTCATGGCCATCCCGGACGAAAAAATTGAAGAGGTCCGCACCGCGGTTGATCTCGTGGAGGTGGCGGAGGACTACGTCCAACTGAAGCAGAGCGGGTCGCGGTACATGGGGCTCTGCCCGTTCCACAACGAGGACACCCCCTCCTTCAGTGTCGACCCGGACCAGAACCTCTACTACTGCTTCGGCTGCCAGAATGGGGGGGATGCCTTCAAGTTTGTTCAGGAGATCGAGGGGGTCGGGTTCTTGGAAAGCGTGCGGATGCTGGCCGACCGGTACGGCGTTCCGCTGCCGGAGGAGGAGACCGACCCCGACGCGGCCAACGAGCGCGAGGCCGTTCTGCACGCCCTGCGCTTCGCGGCCCGCTTCTTCTATCGCCAGCTCACGCAGTCCGACCGGGGACGGCCCGCGCTCGACTACCTCCGCCGGCGCGGCTTCACCCCGCAGACCATCAAACAGTTCGGGCTCGGCTACGCCCCCGACGAGTGGGACGCCCTGTTGACGGTCGCGGAGGAGGAGCAGATCGACCGGGAGACGCTCGAAAAGGCGGGGCTCATTATCGAGCGCAACGACGGGAGCGGGTACTACGACCGGTATCGCGGGCGGATCATCTTTCCCATTTTCTCCCACATCGGCAAGGTGCTGGCCTTTGCCGGGCGCATCCTCGATCCCGACGACGAGCGCGACCAGCCGAAGTACATCAACTCGCCGGAGACGGAGGTTTACCACAAAAAGGAGGTGCTCTACGGCCTGCACCAGGCCAAGCAGGCCATCCGCAAAACCGACGAGGTTCTGCTCGTGGAGGGGTACACGGACGTGATTAGTCTGTCGCAGGCCGGGGTGGGAAACGTCGTCGCCTCCAGCGGCACGGCCCTCACCGAGCAGCAGATCGGCACGCTCGACCGGTACGCCAAGCGGGCGGTGATGCTCTACGACGCCGACGAGGCGGGGGAGCGGGCGGCCCTGCGGGGGATGGAGCGTGTCCTGGAGGCGGGACTGGGGGCCTACGCCGTAGAACTTCCCGCGGGCAACGACCCGGACGAGTACGTTCAGGAGCACGGGGGCGATGCCTTTTCCGACTACGTTCAGGAGCACCGGCAGGACCTTCCGTCGTTCGCCTACCAGCGGGCCCGCCGCAACGGGGTCCTAGAGACCCCAGAGGATCGGGTGGAGGTTCAGCGCGAGATTATCGAGTCGGTCGCCCGGATTCCGGACCCGAATCTTCGGCGCGAGTACGTGGCCCACACGAGTGACGTGACGGGCGTGCCGGACTCGGACCTGTTCCGCATGCTGGAGGAGGAACGGGAGCAGATGGAGCGCCGGGCCCAGCGGCGACGAAAGCGAGAGCAAAAGCGTCAGCAGAGACAGGCGGAGGAGGACGCGTCGCCATCGGGGGAGCAGGCCGCCCCGCCCGACCGGAACGGCGCGTCGCCCCCGCCTCCCAATTCCACGACCGGGAAGACGGCGTCCGGCCCCGCGCTGCTCCCGGAAGAGCGGGTGCTGTTTCGGCTCATGCTGGAGAACGGGCGTCGCATGGTGAGTCTCGTGCTGGGGCACATGGCGCTGGACGAGTTTTCGGAGGGGGCGCCCCGTGACTTTGCGCGCGCCTTCGCCGAGATGTACGAGGACGGCACGGTGCGGCCCCAGCAGATTCTCAATGGCGAGCACGGCGAGGCGCTTCAGCAACTCGGCGCGTCGGTGATGATGGACGAGCACGAGGCCTCCGAGCACTGGGCCCAGAAGGAGGACATCTCGGTGCCCCACCTCAACGACCGCCCCTACGAGGCGGCCCGGAGCGCGATGAAGTTTTTGAAGATGGACCGTGTCGACGAGGCCATCGAGGCGGTCCGCGAGCGGATGTATCAGGCGAGCCAGCAGGGGGCGGACGAGGAGGTCCAGCGCCTACAGCAAAAGATGATGTCACTGCAGGAGCTCCGGAAGGGCATCAAGCGCGGTGAGTTTCTCGAGGACTGAGAGGCCGCCGCGCGACGCTTTCGCGCCGCGAGACTATGGCCGTCGCCGGAGCGTATCGGGGACGGCGGGGACCGTGGACGAGAGGTCGGGGGGACGGCCCTCAAGCTTCATTCGGCCCGTGGCGCGGGTCGTCGCGTCGGCCAGGTCCTGCCAGGGACTGGACATCCAGAGCCGTCGGTGCGTGCTGATAATGCGAAGCTGGCGGCGGCGGTACCGGGTCGGTCGCTGTTCGGCGAGGGTCTCGAAGCGGTCGTGGAGCTGAAGCAGGCGCTCGCGGTTGTCCTTGGTGAAGCCGAAGTGGGCGATGTCGTCGACCAGGGCCTCGTACTGCCGATCCCATCGGGTTACCTGGCTTGGGCTGGGCCCCGCGTAGGTCGAGGCGTCGTACCGAAAGGTCGCGGGCGAGTCGAGGGCCCGAATCCCCGCGGCGCGGAGCACATCGGGGGCCCCCAGCGGGAGGAAGAAGCGCACGGCCTTGCCGTCGATGGTAGAGACGAACCGTACGTTGCCGGCCTTCGGAATGGACCTGCGAGGGGAGGCCGGCAGGTCGATGTGGGGGTTCAGCGCGCGGAAGCGGTCGTATGTCGTCCGGGCGGTGTCGGCGGCCGGCCCCCAATCGAGCGACCGGGCCGTGGTGTCGAGGGGGGCGAGAAGATCGCGCAGCGTCACTGAGGTGCCCGGTTCCACCTGCAACCGGACGGCCTGGAGTGGGGGGGATTGGTCGACCGGGCGGTCGTCGCGGGCCGTAAGGGCGCCGTACGCGGCGGGGACGTAGCCGCGGGAGTCGCCGCCGAAGGTGGATCCGTCGCGCACCGTGTCGAAGCCCTCCGTCACCGCCCAGGCGTAGGCGTCCGCCACGGTCGAGGAGGCGGTAAAGTGGTCCGAGGTGTAAAACGCGCGATACAGCGTAAAGATGTTGCCGGGCCCGGCGTGGTAGGCGGACAGGCCCGGCAGTTCGTGCCCCACGGCGTTGGCGTAGCCGCGCAGCAACAGGAAGGCGGGCTCCAGCACGAGGAGGGGGTTGCGCTCCTCCCGGACGCGCACCCAGGCGTCGGCCTCCGTCGGAAGCGTGTACTCGGTCACGCCGCCCCGGCGTAGGATCCAGGGCAGCATCTGGTAGCGGCTCACGGCCCCCGCCGTCGACACGAGGTGATCCTGGTTGAACGTCTCAACGGTTCCGATCTCTGTCGCGAGCAGGCTCAGTCCCAGGTGCTCGGCGAGTCGGCGCTCGTAGGCCCGGTAGGCCCGATCGCGCTCGTGGGCGGTTTCGACCTGATTGGCCCGTCCCCAGCGGACGATGATGTCGTCGAGGGGAACGCCACGCCGCTCGTACTTGTCCACGAGCCGGTCCATCTCCTCGTGGCGCCGCTCATCGACCGTGTTCCAGTCTACGGGGGCGCCGTTTTCGTACGCGGCCCGGAGGTCCGTGAGCGCAAACAGCTCCAGCACCTCGTCCGTCCGGCGGTCGATGACCCGGATCGTGAAGTTGTCGTCGTGGGCCTGCCGGTGGACGTACTGGTCCAACAGGTCGTGAAACCGCCGGAGGATCTCCGGATTGCGGCTTGTCGCGAGGGGGGCAGACGGGGTGAAGTAGGGGGCGAGTTTCGTCGACGGATGCGAAGACCGGTCTGCCAGGACGGGAGCCGGGCTCGCGTCCGAAGGGGCAGGGCCCTGAAACAGGGGAGAGGGAAAGAACGGAAGGTCGGAGAGAACCTGGGACTGGCCCGGGGAGAACGGCGCGACTGCACTCAAAACGACGAGCAACGTCACCCCGCTGAGCATAACGGCCGAGAGACGACGAATGAGCCGGGCGGCCTCGGGGGAGGACGCGTCGACGCCGTCGTCGGATTGGTCGGACCAGAAGGGGAGGCGCATAACAGTGCAGTTGTGAACACCGACGAGAAGCGAGGGCGCGGGCCGTCAGGCCGAGGAAGGGACAGAGGCCGTCCGGGCGTGCCCTAGAAACGCCC
NZ_CP030364.1_gap43	1285973	1286654	681	CATCCGGGAGCGGAACGAGGTCTTCGGGGCGGAAATTATGAAAAGCCTTCGACTGCGACGGCCGGCGGCGCCCCAGCCCTACTTCGAAGTCATTGCGGCGATGAACGCACGCCTCGCCGAGGACCAGACGCGGTTCGCCGACGCGTGGGGCCGAGCGCTGGAAAAGGTGACCGACGTTTCCCTCCTAAATGATTTGCAGCGATGGCGATTGGCCAGCCGGGTCGCCCCGGGCACCGTCCCGGAGCGGGCCTTGAGGCTCGCAGAGGAGGCCCGTTCCCACCGGCGGGCCGGCCGACTCGGCGCCGCAAACGCCCGCCTCCAACTGGCTGCACGGCTGGCCGAGCCGTACGCCCCCCTGTATTACGAGCTGGGAGAGCTCAAGCAGGCGCAGGGGGACACGTTGAGGGCCCGGGAAGATTTCAGACGGGCACGTGCCCTGGCCAGCGCGTACGCCCCGCCGGAGGTAAAAATGCTCCGTCAGTTGTTGGCGCAGCAGAAGTACGAGCGGGCCTTGACGCGGGCCGACTCGCTCTTGCAGGAGCAATCGTACTGGCTGTTGTATCTGCCGAAGGCGCGGGCCCTGCTGGGGATGAATCGGCACGCCGAGGCGCGTCAGGTGCTTCGGGGGCGCTGCGAGCCCCTCAACGACGAGAGCCATGCCCTGTACGCGCTCCTTGCGGA
NZ_CP030364.1_gap44	1340520	1342662	2142	CTGTCTCCCCACCCGCTTCGAAAGCATGGACCGCCGAACGAAAATCGTTTGCACGCTGGGCCCGGCCACGACGGACCCGGAAACACTCCGTCGTCTGGTCGCGGCCGGAATGGACGTTGCCCGAATGAACTTCTCACACGGCACCCACGAGGAGCACCGGGAGCGCGTGGAAACCGTTCGGGAGGTGGCCGAGGCGGAAGGGAAGGGCATAACGGTGTTGCAGGACCTGCAGGGCCCCAAAATTCGAGTGGGGGCGGTCCAGAACGACTCGGTCATGCTGGCGGAGGGCGACGAAGTGAGGGTAAGCACCGACACCCCGCGGGAGAGCACGAACGAGCACATCTTCATCGACTACGAGGCCCTCGCCCGGGACGCCCGAGAGGGGGAGCGCATTCTGATCGACGATGGCCTGCTCGAACTCCGGGTCATCGAGACGAACGGCTCGCAGCTCCGGGCGACGGTTGTGGAAGGGGGGCCGCTGCGGTCTCGAAAGGGGGTAAATCTGCCCGACCTGCAGGCCTCCACGCCCCCGATGACGGAGAAGGACCTGAAGGACCTCGAGCTCGGGCTCGAATTGGAGGTCGACGTCGTAGCCCTCTCGTTCGTGCAGGAACGGTCCGACGTGGAGGCGCTGGTCCACCGCATCGAGGAGACCGGGAAGAAGACCAGCGTCGTGGCCAAGATCGAGAAGCCCCAGGCCGTCCACAACATCGACGAGATTCTGGAGGTCGTGGACGGCATCATGGTGGCGCGGGGCGACCTCGGCATCGAGATGCCGATGGAAGAGGTGCCCGGCACCCAGAAGCGGCTCATCCGCAAGAGCATGGAGGCGGCCAAGCCCGTCATCACGGCCACGCAGATGCTCGAGAGCATGGTGGAGGACCCGCGCCCGACCCGCGCCGAGGCGAGTGACGTGGCCAACGCGGTCCTCGACGGCAGCGACGCGGTGATGCTTTCTGCCGAGACGGCGGTTGGGGATCATCCGGTTCGGGTCGTGGAGGCGATGAACCAGATCATCCGTCAGGCCGAGTCCTACTGGCACGAGGAACGACGGGCCCTTACCATGACGCCCGATCACTTTGAGCAAGGGGCGAACGTAACGAATAGTGTTAGCTTCACGGCCTGTCGCCTCGCCGAGCAGGTGGGGGCGGAGGCCATCTGCTGCCTGACCAACTCGGGGTCGACCGCTCGCTCCATCGCCCGACACCGGCCCAGCATGCCTATCTACGCCTTCACCGACAACAAACGGGTGGTGGCCCAGCTTGGAAGCCTCTGGGGCACCGAGGCCTTCTACATCCCCTTTCAGCAAGACACCGACCAGGGCATTGCGCGTGTGCACAGCGTCCTGCACGACTACGACCTGGTGAGGTCGGGCGGCCACGTGGTGCTGACCGTCGGAATGCCGCTGCCGGCCCGCGGGCGCACCAACACCGTCCACGTCAGCACCGTGCAGTAGGAAGGAGTCGCAGTAGGAGGGATTTGGGGCGTGGAGCCGTCCCAGACGGATCCCGTGGCGGCGCGCTCCCATTGTAGAAGCCGCATGTGGTTTTTCCTCTTTCCCGACGCGACTGGCGTGTCGACATGGGTCGCTTTTCTCCTCGGGGGCGGACACAGGTCCGTACGGTGTGCGGCCTCCTCTTTCTCCTCGTCGGGGCCGGACTGCTGATGAGCTGTGGGCGGGGCTCGTTCATCGGCCGCCAGTACGACGACCTCACGGCCTATTACAATACCTTCCACAACGCCACGCAAGCCTTCGAGGCCGGCCTCGAATCGGTGAACGAGTCGGGGGGGGACATCGACCGGACCCGTTATCTCTCCGTATTTCCGCCGCCCCAGGGAGGGGCCGGCCAGTCGTCCTTTGAGGAAGCGATTCAGAAGAGCGCAGCCGTGTTGCGCGAGCACCCCAACTCGGAGTGGGTCGACGATGCGCTGCTCCTCATCGGACGGTCCCGGTACTACCAACAGAACTACGTGGGGGCGGTCCAGAAATTTCGGGAGGCGATTGCCCTCGACGCGGAGCGGGAAGGAGAGGCCCGCTTCCGGCTTGCCCAGACGCTGGTGGTGGCCGGCCGGTACCGGGAGGCCGCAGAAGCTCTCCGGACGGGACTCGACTCGGGGGAGGAGTACGGCAGCTGGACGGCC
NZ_CP030364.1_gap45	1344904	1345666	762	CCCCCGACGAGGCAGCAGGCCCTGCTGCCCGTCGTCGGCCCGCGCCCACCACTCCGTCCCAATCTGGACGAGAGAGGGCCACGCCCTCCCAGCGTCGTGATTCGTCCGCAACGCCGACCCGGAGTGCTTCTTCCCTGCAGGCGAACGCGTCGCGCCGCCCCCCGACCTGAGCCAGGGACAATCCGAACGACCTCTCTCGCCTAGGTTTGTGTTTCTGCATCGTGTCGTCGCCCGAGGCCATGCCCTCCAATGCTGATTCACCGTCGAGCGGCCCCGGCCTACAGCCGGTGTGGACGACCCCACGCTCTCCATATGTGTTCTGGATCGGGGGCGCCATCCTCCTGGCTCTTCTCGTTCATCTCGGGATCAAGTGGCAGCAGGCGAGCGCCCCCGTGCGTATCGAGTACAGCACGTTTCTCGAGCACGTGGAGTCGGGATACGTCGAGCGGGTCGAGATCGTCAACGGCAAGCGCATTAACGGGACCTACACGGCCGCGGCGGTACAGAACGACCGGGTCGAGACCCGCCCGCGCCCGGCCGCCCCAATGGGGGCCGTCGTCGACCGCTCGCGGCGTGCCTTCGCCACCCACAAGCCCACCGCCCACGAGTTGACGGCGTTCCTGCGACGCCACAACGAGGCCGCGACGGGGACGGGCACGGCCCCGGTCACGTTTGCGGCCACGCAGGAAAGCGACTGGGTCGGGACCCTTCTCTTGTGGGGGCTGCCCCTGGGGCTCATCGTGGGCATCTGGCTCTTCTTTA
NZ_CP030364.1_gap46	1530233	1531002	769	GCCCGCCTGAAGCGGACGCTCCGCATCCTCGACCACGTCGCCATCTTCCTGCTCATCGCGGGCACCTACACGCCCTTTGCCGGGGTGCTCATGCGGGAGGGCTGGGGCTGGTCCGTGCTTGCGCTGGTGTGGGGGATTGCCCTCGCGGGACTCCTGTTCAAGCTGTTCTCGACGCACCGCTTCCACCCGGCGGCCACGACGCTGTACCTGCTCATGGGCTGGCTGGGGGTGCTCTTCGCGGACCCGATGAGCGCCGCCCTGCCGCTGGGGGGGCTGCTCCTCATCGTGGCCGGCGGGCTGGCCTACACGATCGGGGTGCTCTTCTACGGGTGGCACTCCCTGCGCTACAGCCATGCGATCTGGCACGTCTTCGTGCTGGTGGGGAGCGCGTGCCACTACGCCGCGGTCGTGCTGTACGTCCTGTAGCCCCGCGCTACCACGCGTACGTTCCGAGTTCCGCGCCGAGATCGGTGTGGGGAAAGACCTGTCGCGCCTCCCGAAGGGCGTCGCGCTTGTCTCCGGGAGGGAGGTGGACCAGGAGGAGCCGGTCCACCCCGGCCTCGGCGGCCACCTCCGCCGCTCCCGCCGCGGTCGAGTGCCCGTCCCCGACGCCGTTGGCCTCGTGCACCAGCACGTCGGCCCCCTGTGCCAGGTCCACGACGCTGGAGGTGGGGGCCGTGTCGCAGGAGTACGCCAGCACGCCGTCGCCGCCGGCGTGCTCGAAGCGGAGCCCCACGTTCGCCGTATCGCCGTGATCCACGGGCGCCGC
NZ_CP030364.1_gap47	1539679	1543069	3390	GCCGAGAGCGTCACGCGGATGGAGTTTCGCCCGGGCCGCTCGCCGGCCGAGTGGCGGGCCGATGAGAGCCAGTCGCCCTACTGGATCACGCCGTTTGTCGAGTTTAAGACCACCTGGCACCCGGTTGGGCGTTGAGGGTTGGGCGTTGAGGGTTGAGGGCTGAGCTCGTGGGTCGTCTCTTCCTATCTTACTTTGTTTTGGAGACAAGCATTCCGTTGCGTATGCATCGTCGCTCGCCCTTCGCCATTCTCGCACTGGCCGTCGTGCTGAGCGCCTGCACCGGGGCGTCACAGACCTCCGGGCAGGAAGGTCCCGCTGAGCCGGAGCCCGAAGAGGCGGCCCCGTCGGTGGCCGAGTACGAAACGTTCGACCCGTCGGCGTACGACGCCCGCCCGCCGGAGCGCACCGTAGAGGTGACCCACCAGGTGCCCGATCGGCTGCTACAAGGGCGGGCGGACGAGGGCGTGCAGCAAACGGTTGAGGGCTTTCGGGTGCAGGTGTTCTCGGCGCGGGACAAGCAGGCGGCGCAGGACTTTCAGGTGAAGGTCCGGCAGTGGTGGGAGGAGAACAAAGCGGAGGCCCCGACTGCGGTCTTGGGGAATGAGCCGCCCATTGTTGTGCAGTACTCGCAGCCCTACTACCGGGTGCGGATGGGGGCCTTTGCCGAGCGCGACGCGGCCGAAGAAGCCCTTGCGTTCGTCCGGAGTGCGTACCCGAACGCCTTTATTTCTCGGGGTACGGTGACGGTGACGAGGTAGGAGAGCGGCGGGCGCATCACGGTGCGGCGGAATCGAGCGACTGGGCCTTGTTCGCGAGTCGGTCCACCAGATCGGGGGCGTACGTCTCGTGCTCCGGCTTCATGAGGACGCTGCGCAGGACGGCGGCCTCGTCCCGATCGGCGTGGAGCGACGGCCGCAGGGTCGTCAGTGCGTCCGCGGAGAGCCGATACACGCTGGTAAAGATGGGATCGTCCGGGTCGTTCATGGCCGCGTCGAAGAGGGCCTGGCTTGCCTCGTGGACGGCGGAGAGGGACGATTCCGATGTTGCCGGCACGTACGAGACGATGTCGGTCTCCGGGGGCGCCACGACGCGGAGGGCATCGGCGTTTGCCACCGCGTCGGTCCAGGTGCGGGCCGCCCGCATGCAGGCGGCCAGGATGGGGCCGAGCCCGTCGTCCGGCGCCAGGGGCAGCGCCTTGAGCGTGCACCAGAGCGCCCCGGCCGCCGCCCCGGCGCGCGAGCACTCCAGGCTAATCTCGCCGAGGTGCAGGTCATCGGACGTGAAGTAGGTGTAGGGCGAGTCGTGCTGGTAGAAGCGCCCCACCGCCGGGTCGCGGAAGAGAATGCACCCGCAGCCGTACGGCTGCAGGCCGTGTTTGTGCGGATCAATGGCGACGGAGTCGGCGTCTTCGATTGCGCGAAACCGCTCCGCGGGAAAGTTCGGAATGTCGGGCGCGTCCGGCTCCGTCAGCAGCCGGAAAAAGCCGCCGTACGCGCCATCGACGTGAACCCGAGCGTCGTGCGCCCTGCACAGCGGGATTGCGTCGTGGATTGGGTCCACCGTGCCGAGTCCGGTCGTCCCGGCCGTCAGCACGACGGTCCCGATCGCGTGCTGGTCCAGCACGCGGTCGAGGGCGTCCAGGTCGATCCGGCCGTGGGCGTCCGCCGGCACCGGCACCACCTCTACGTCGAGCACGTCGCCCATGCGGCCGTGGGTGTAGTGGGCGTTTTCCGCCACCGCGACGGCCTGGTCCGGATGGAGCTCGCGCGCCACCCAGAGCGCCTCCAGGTTCGCCACGGTGCCGCCGCCGGTGAGGTGGCCGAGGCTGGCGTCGGGCAGCCCGAGCATGCCGGCCAGGTCCGCCACGACCTCCTTCTCCATCTGGCTGGTGGGCGGGCCGCCGTCGAGCGCGTGGTTGTTGGGGTTGATGCGCTGGGCCGCCGCGTACGCCGCACAGGCGACGGGGTGGGGGGGCTTTAGCATCTGCCCGGCGTAGCGCGGATGGTGGAACGGGTAGTTGCCCTCCAGGCGCTCCAGGTACTCGTCGAAGGCGGCGTCGAGGCGGTCCGGATCGACGCCGAGGGCGTCGTGGCGGTCGAACGCGCCCCAGGACTGTTCCCAGTCCTCGACGTGCTGGAGGGCGCGGTGAAGGAGGGCGTCGGCGGCAGGGGAGGATTGGGGGGACACGTTGAACGGTTTTTATTTAGAGAAGCAGAGGGACGCGCCTCGGCGGTTACCCCTCTCGCGTGGAGACAGTGTCGGGGATTTTGCCGGGAGAATTGAGGAGGTTGGGGAGGTTGAGGGCAAGGATAGGGGCGGTGAGCAGGCCCTTCGAGCCGAGGGCGGTGAATACCCAGAGCCGCTCGCGGCGGGGGAGGGGGCCAAGAAGCGGCCGGTTCGTTGCCGAGTGCTTCACCCGCACCCCTGCCACCTCGCCCCGCACCTCGGCGTGCTGTACCCCCGGAATCAGGTCACTGGTTTTCTCCTGGATGTAGGCCGTGGCGTCGGGGGTGGGCGAGAGGTCGTCGAAGTTGTTTTCGTAATTACTCCCGAGGACCAGCGTGTCGCCCTCGGGCACGATGTAGCCCCGTCCCGACATCGGCGGGAGGGAGTCCGAGAGAGGCTCCGGGCGGCGGACGCAGACGGTCTGGCCCTTCACGCCGTCCAGTCCCAGTCGCCGTAGTTCCGGAAACGGGGGATAGCCCTGCCCGAGCGCCAGGAGCACGCGGTCGGCCCGCAGCTCTTCGGTGTCGTCGCCGCGGTCGACCTCCACCACCGCGGCGCCGGGCGTCTCGCGCCAGTAGAGCACCGGCGCCTGCGTCTCGATTGTCGCCCCGCGGGCCTGTGCCGCCTCCAGCAGCGCGTCGACCATCGCCCCGACGTTCACGGCGCCGCCCCGGGGAACGAAGAGGGCGCCGCGGTCGGGCTGCACGGCGGGATATCGGTCCCGAACCGTGGCTGGGGAGAGCCAGATGGCAAGGTCCGGATGCGTCTCGGCGGCGTCCTGGAAGGGGGCGACTTGATCGGGCTCCACGGCGGGCCGGAGCACGCCGGTGTCGGGAAAAAGCGCCGGGGCACCGGCCTCGTCCAGGAGCATCGGCACGGCGTCCAGGGCCTCGTGGAGGCGCCAGACGGGGCGGGCGCGGCGCCCCATGAACGGGTTGACGAGGCCCGCGGCGGCCCCGGAGGCCCCGGACGCGGGCTCGTCCGACTCCAGCACGCGGACCTTGTGGTCGCGGCTCAGGGTGAAGGCCGCACAGGCCCCGGCCAGGCCCGCGCCCACGACGATTACGTCGGCGTCGTAACGCATACGAAAAACAACAATCATTCGTGCAACGGTCGTCTTCCACACGCGTCCGGTGCCGCAGCGTTCGGGACACTTCTGGAAAA
NZ_CP030364.1_gap48	1663080	1667187	4107	AGGCTGGGAAGGAGCGCCCAGTCGAGCAGGAACAGCGCCACGCCAAGCACCGCCCCGAGGCTCAGTGTGATGTTTGCGATCCAGATCCGCGTCGCGCCCGAGAGCCGGCGGAGCAGGTTCTTCGGGGTGCACTCCAACCCGATGCGAAAAAGGAGCGCAACGATCCCGAGTTGGGCCAGGAAGGAGAGCACCTGAGGCCCGTCGACGAACCGAAGGAGGCCTGTTCCCTCGACCAGGCGAAGGGCCATTCCGATAAAGAGGTACCCGAGGAGGTCGGGAAGATTGAGGCGCTCGAGTGCGGCCTTTGCCAGACGTGAAAGAACGATCAGGATGCCGACCAGAAGGGCCCCACGGGCCGCAAGGTCTTCCATTTCGAATGCTGTCATCAATGATCACGCCGTGGACCGCATACCAACGGTTCGCCGGCCCGAGTCGTTGGGTCGGCAGGCCTACAGGACTGGGGGAGGACGAAGGCGATGCGGTGCGCCGTTCGTCTTCAATCCCCCTGTAGGGCCACCGCCGGGTTTGACCGCGCCATGCGCCACGTCGGATAGAGGCCCGCCAGGAACGCGGCCACCACCGCCAGTACGAGCGATTGGACCAGGACGTCGGTCGGCACCGTGAGCTGGAGCGTCCACCCGAAGGAGCGCTTGTTGATGACGAAGACCAGCACGTAGGCCAGTACGTAGCCGAGCGGCAGCGACAGGAGGCCGGCGATGGCGCCCATCAGGCTCGACTGGAGCGTCAGGTAGCCGCCCACCTGGGGGGGCGTCATCCCGGTGGCCCGCAGCACGCCCATCTCCCGTCGCCGCTCCAGGGCCAGGGCCATGAGGGCCGTGAGCACCCCGATGAACGCCACGGCAATGGCGAGCAGGCGCAGCACCGTCGTGATGGTAAACGTGCGGTCGAAGACGCGCATCGACGTCTCGCGCAGGGCCCGGTTCGACCGGATGAGCACGTCCTGAAGCCCCGCTACGGAGGCACGCATGTCCGCAATGAGTGCGTCGACGGAGGTCGTGTCGGCGGCCGCAAACGCCAGGCCGGACACGCCGCGGTCCTCGTAAAACTGCTCGTAGGTCGACCGGCTCATGAGGGCCACCCCGAGGTCGGAGCCGTAGTCGTAGTAGACCCCTTCGACGGCGAATGGCTGCTGGCCTCGATCCGTCTGGAGGCGCAGCGTGTCGCCCACGCCCACGTCATAGCGGTAGCTGTAGGGCTCGGAGACGAGCACGGAGGGCCCCGACCGGACCGCCTCCCACGCCGTCTCGGGAGTGCCGGCCTTGAGCTGGTAGATGTCGGCGGTCTCGGGGCCGGGCTCCACGGCCACGAGGTCCGTGCGCCCCACGCTGGCCCGTACGGTGACGCGGCGGACCGAGTAGGCCCCCTCGACGCCCTCAACGTTTCGCAGGCGACGCGCGACGGTGGAGTCGATCGTGGCGGTGGAGCGGCGGAAGACGAGGCTCGGCGGCTGCACGTAGACGTCGGCCTGCAGCGACTGCTCCAGCCAGCTGGTGACGGTGCCGCGGAAGCTGTCGATCATCACGCCCACGCCCACGGTCGACGCGATGGCGATCGTAAGGGCGGCGATCGCGACGCCGGTGCGACTCAGGTTCGTGACGACGCCGCGGGCCGCCATGCGCCCGATGACGCCGGTCGCCCGCCCGAGCAGGGGGCGCACCCCGTTCGACAGCCCCACCACGGCCCACGGAATCATGAAGGCCGCCCCGACGAGAAGACAAAACAGCGCCCCGTACCCGGCCCAGATGCTCTGTTCGGTGACGAGGAGCAGGAGGCTGCCGGCCGCGGCGACGAGGAGGCCGAACCCGGCCCACCAGGGCGCCCGTCGGCGCAGGGTGCTCTCTCGGGTCGACCGGCGCAGCACGGTGCTCACCGAGGCGGCGGTGGCCTCCTGGGCCGGGGGCAGGGCCGCGACCAGCGTGGTGCCGACCCCCAGGAGTGCCCCCTTCGTCAGCGTCCACGCTGAGACCGACAGCTCGCTCACCTCCACCACGAAATAGAGGTCGTTGATCGTCTGCGCCAGGAGCTGCACCAGGCCGGACGCCAGCACGATGCCGAGCAGGAGCCCAATCCCGCTGCCCACCACGCCCAGCACGGCGGCCTCTCCCAGCACGAGCCGAAAGACCTCCCCGCGCGTCACCCCCAAGGCCCGCAGCCGCCCAATCAGGGCGCGGCGCTGGACGACCGAAAAGGTCATCGTGTTGTAGATGAGAAACGCGCCCACGATGAGGGCCAGCAGGCTTAGCGCCGTCAGGTTGAGGTCGAACGCCTTTGTCATCTGGGCCACGGTCTCCGTTCGGGTGTCCGAGCGCCGCAGTTGCGCTCCGTCCGGAAGGGATTCGCGTACCCGACGGAGATAGGCCTCCCGGGCCGACGCCGCCGAGGGGGGAAGCAGGTCGATCCGGCTCAACCGGCCGGACTGGTCGAAAAGCTGCTGGGCCGTCGATACGTCCACGACCAGCAGGTTGGCCACCGCCCGGCGGGTTCGTTCGTTCTGCGGCGAGATCAGCCCGCTGAGCACCACCGGGTGGGTCGTGCCCTCGATGCCTACGCGCAGGGTGTCGCCGGAGGAGAGCCCAATCGCCTCGGCCGTGGGGGCACTCATGAGGGCCACGTCGTCCGTCATGAAGGTCCCCAGGTCCAGGTCGCTGCCGGCCCCGGTCCCCAGGTAGGGCCGGAAGGGGGCGTCGGCGAGGGGATCGATCCCGACAATCTGAAACGTACGGTCCCCTCGTTCGAGGGAGCCGTAGCCCTCCACGATGGGGGCGGACGGACGAATGCCGGCCGCCCGGAGGCGCCGGTACACGTCGTCGTCGAGCGTCCCGCCGGCCCCCACAACCTGGTGCGTTGCGGCGCCGGTGACGGTCTCGGCGGACAGCTCAAACGCCCGGCTCGCGCTTGTATTGGCGAGGTCGATGGCCACCACCACGGCCACCCCAATCGCCACCCCCAGCACCGACAGGCCCATAAGCCACGGGTGGCGGGTGAGGTAGCGCCTGCTGGAGCGGTGCAGAAGTGTCATCGAGGAGCGAGAGGGACGGGTGAGAGAGACAGGGACGAGCGCGGCGCCCTGGGCGGCGCCACGGCGCTCCGTTCACGAATCGCCTGCGTGCGGGCTACGTCCCCGACGTGATGTATTCGGGCACCTCTTCGTGCAGGGAGCCGCCGTGGAGGTGCAGGACCCGGTCGGCCCGGGGAACCACCTCCGGGTCGTGCGTGGCCACGAGGAGGGTGGTGTCGGTATCGACCACGAGGTCACTGAGGATGGTGAGCACCTCCTGTCCCGTGTCGTAGTCCAGGTTGCCCGTCGGTTCGTCGGCGAGAACGAGGAGGGGCTCGTGGGCCAGGGCCCGGGCGACGGCCACCCGCTGCTGCTCCCCACCGGAGAGGCGGTCGGGGAACTGGTCGGCCCGGTCGGCCAGCCCGACCCGGTCCAGCATCGCCCGGGCCCGGTCCTTCGTGGCCCGGGGGGCCTCGCCGGCCAGCTCGAGGGGCAGCCGCACGTTCTCCCCGACCGTGAGGGTCGAGATCAGGTTGAACGACTGAAACACAAACCCCACGTGAGAGCGACGAAAGCGTGTGCGTTCTGTCTCGGACTTGCCGGTGAGGTCGGTGTCGCCAATCTGCACGCGGCCGGACGTGGGCTGATCGATGCCGCTGATCAGGTTGAGGAGCGTGCTCTTCCCGGCCCCGCTCCGCCCCATCAGCACCGAGAAGTCGCCCCGTTCCAGACGCAACGAGACCTCCTGAAGCACCGTGCGGTCCTGCTCCCCCTCGCGGTAGGTCTTCGTGAGGGCGTCGAGCTGGACGAGGGGCGACGAGGCGTCGGGCATACGGGCGGGCGGCGGTCGGAATGAGGCTTGGCGGCAGGGATGAGACCCAGGGCCAAAAACTCAACGCCGAGGATGGAGGGGGCCGTTCCGAGGGGAGGGCCTCTCTCCAGAATCTTCGCGCCTAACCGCCAATGAGACGAAGTCCAAGGACCTGCGATCTCGACGTCTCCCCGTGAGAGGAGGGCCTGCCCTGGTGCTGTTCGGACCAGATCCGCGGATGCATGTGGGCGAGGCGCCCGCCCGGGTTCTACAAAGC
NZ_CP030364.1_gap49	1864470	1869219	4749	GCGTCCGGATGACATCCGTCCCGGACCTTGTCTCCGGACTCATGCTCACCATTCTCGGCGGCTGCTTCTGCCTCGGTTCATTCATCTGGATTTAGGCCCGAGTTTCTAATTCTCGGGCATGACCGGCCGCCCCCGATCCCTCCCTCTGTGACCCACCGACTGAAACATGTCCAATTCGAGACCGAGCTCAGACCCTCAGCCCATGCATGACACGAATGCGGAGCAGTCGCTCCGGAATGTCACCCAACGCGGCGATGAGAATCGGCCGTACAACGCCCCCTCCGACGGCCAATGCTCAATCGAGTCCGACGAGGTGCTCGTGCGGCGCTGGCTCGCCGAGAAGAGCGCGCGGACGCAGGAGGAGTACGCCCGCGACCTCGAACAATTCGTTGAGTTCGTGGACCTTCCGCTCCGGTACGTCACGCTCGGCCACCTACAGGAATACCGCGAGCACCTGAAAGACGGGTATGCGCGGTCTTCGCAAAAGCGAAAACTGTCGGCCGTAAAGAGCCTGTTCACGTTCGGGACGAAGCTCCGATACTTCGCCCACAACGTCGGCGCGGCCCTCTCCACCCCATCCGTCCGCAACGATCGCGCCGAGCGGATTTTGTCGGAGGCGGACCTGTGGGCCCTCCTGCGCGACGAGCGCGACCTGCGCAACCACGTGCTACTCCGCCTGTTCTACGCCTCCGGCGGGCGGATTTCGGACGTCGAAGATCTTCGCTGGCGCGACCTGAAGGACCGCCCGGACCTGAACGGCCCGGACGGGCGACCCGGCGGCCAGGTCACCTTCTTCGGAAAGGGCGGCAAGACCCGCGCCGTTACCCTGTACAGCAAGGTGTGGAGCCTGATTATCCGCCTGCGGGAGAACGAAGAGTCCGAAGGCCACGGAGCCGCCGACGATCCCGTCTTTCGATCCCAGAAAGGCGGATGCCTCTCGCGATCTCAGATCTGGCGCGTTGTGAAGAAGGCGGCCGTGCGGGCCGGGGTCAAGCTCACCGAGAAGACCGGCCCGGAGGGCGCAGTGAAACGCGACGAAGAGGGCGAACCAATTATGACCTCCGAGGTATCACCACATTGGTTTCGGCACGCCCACGCGTCTCATGCCCTGCAGAAGGGGGCCGACCTGGAGCTCGTCCGCGAAACCCTGGGCCACGAGAGCATCGAAACGACAAAGACCTACCTCCACGCCCAGCCAGGAAAGTCCTCTTCCTACTACGTGGACGAGGCGCCGGACTTCAACGGATAGAAGCAATTAGTCCGTTCGGGCCAGCACGTCCAATTGATGGGCGATGTAGGTAAGCCGGCCTTCGTGAATCTGGCGGCGGCGATCCGACAGCCAGTCCGCAAACGCGTCATCGTCGAGGGCCGGGTGGCCGCGAAGCTCGTTTTCAATGAAGTGCAGAATGTGGTAGAGAAAGTACGCCTCGTCCGCCGGGTAGTCCCCGTCCTGTGGCCAGACGATCCAGTCCGATCCACCGGCCTCGAGAAGGGTACTCCCCGCGTCTCGGAGATGCGTCAAGAGACGTCGCCCCGATTGGTCACCGGCCCGACCGTCGTCGTGGTCGGTCGTCATGCTCTCGTGGTACAGCGTTTCGATGCGCCCATCCAACCCCGAGTCGTGCGGCGGTTCGAAGGCCGTCACGCCGTCGAAATGAATCGGCAGGTACCACAGGCCCCGGTCACGGAGCAGCGGCCGGAGCGCCTGAATCGCGTCGGGGATCCGCAGCAGATCAAACAGCGCTTGCCCGACAATTGCGTCGAATCGGCCCCCATTGTGCGCCGCGGCGAAGTCGTACAGGTCCGCCGTCACGAACTCGAGGGCAACGGATTCGCCGTTCGCCGACCAGACCTGCGGAGATCGGCCGGTCACCTCGAACCCCTGTTGCTCCGCCCACGTCCGTAGTTCGGACGACGCAGTATCGAGCACTGCCGGATTCCGGTCTACGAGCGTATACCGGAGCGACGGGCCCGTTCGAACGTCCAGGGCAGTGACGATGCGCTCCACAGTCGCACCAACGCCAGCCCCAACCTCTAAGATGCGGAGCGACGAAACGCCACCGAGCTCTTCGACGAAACGGGACCACACCCGATGATTGAGGGCGCGGCCGTCAATAGACTTTTTGGCCGTTAGGTACCGGGACAGGCGGTACGCGTCCGGAGCATTCACAGACAAGAGGGTCGGATAGAAAAATTACGCCGTATAGGAGGCCCAGGCGGCATCGTCCTCCCAGATCTTGACGGTAATGGTCTCCAGCTGTGCCGTATTCAGCTGCTCCGTCAGGGCCGTGCAGAAGATTCGGGAGAAGTGCTCGATACTGGGATTCAGCCCCTCAAATTCGGGCAGGTCGTTCAGGGTGGCGTCTTCGTACCGGTCCACGAGGGCCTCAAGGGCCCCCTCCACCTCCACGATGTCGACGAGGTACCCGTGTTCGTTGAGCTCGTCTCCCTCCAACGCGACCTCGACGTCGAAGTGGTGCGAATGCCACTCGTTCTCAGGGCCACAGTCGGGGACTGTAAGATAGTGCTGCGCCACGAAGTCGCGGCGAACCATCAGTTCGTACATGGCAGTGCCGTAGGGGTAAGAAGAGAACGGTTCAGTCGTACCGGTTCAGTTGTGCTGGAATACGGGCTGCAGCATCGAAGGATCGGTCGAAAGCTGCTCGTACGCTGCAGGAGCATCGTCGAGGGAAAATGTCTGGGAGACAAGATTGCTCGGGGTGAGCGTGGGCAACAGGTCGAGCACCACGGACATGCGCCGGTCCTTTGTCCACCGGCCCCGAAGCGATGGATCGATGGTACTGACCTGACTGGAAATGATCTCCATTCGAGAGCGGTGAAAGTGACGCCCGAGGTCGATGGGGGCAGATTTCGTGCCGTACCAGGACCCCACCACGACCCGTCCACTGAAAGCCGTACGCTGCACCGCGTCGTTGAGTACGGACGGCTTCCCCGTCAGCTCGAACACGAGATCGGCGCGCGAAGCGTCGGGCCCAGAGGCGTCATGCCCCGTGCCCAGCTCCAGGTCGGACGAAGAGGCCACGGCCGTTCCCCCCAGCGATTCCGACACGGCCCGCCGGTGGGGCGACGGCTCGACGGTCCAAAGCCCACGAAGCGGATGCCGAGACAAGAGCTGAGTGGTGAGCAGCCCCACAACGCCCTGCCCGAGCACGACGACCTGCTCTCCAACCATGGGGCGTCCGTCCATAACGAAGTTTACGGCCGTCTCTACGGACGGGATCAGGGCGGCATCTACGGCAGACACGGCGGGGGGCACGCGAACAAGAGCGGACGGCGACGTCACAAACCGGGACACGTGAGGCTGAAACGAAAAGACGGTGCGTCCCTCCCACTCGGCGTCGACATTGCTGCCCGCCGTCTCGACCGTCCCCACGCATGCGTAGCCGTAAGAGATGGGGTAAGAAAAATCGTCGTCCTCGAGGGCCTCGATCGTGGTATCGGCCGCCAGGGTTTCGGGAACGTGCCCCTCGTACACGAGCCGCTCCGTGCCCGGACTTACGGCCGAGCATTCCGTCTGGACCACCACCTCGTCCGGGGCCGGGTCCGGCACCGGCTCGGTCACCACTTCCACTTCACCAGGCCCCGTAAACTGTACCCGCCGGCGAGACGCACTTGTCATGTGGGTTGGATTTTGTTCGAACTGCGTTTGGGAAGCATCGAGGAGGACGGCCTCACTCGGAGGCGACGGGCCATACAGGATCCCCTTCCAGGACCAGGTCTTCTCCGTACCACCGCTGCTGGATGTTGTCCAACCGGGGAAAGTCTGACCGAGCGTGCGTGTCCTGCTCTTCAGGGGCGAGCGAAGAGAGCGCCGCCGTTCCGCCTACGAACATGGGGGCCACAGTGACGATCACACGCTGGGCACACTGACGTCGCAGGAAAGAGGTGAGAATGCTCGTTCCCCCCTCCACCATCACGCTGGAAAAGTCTCGCTCCCCGAGGGTACGTAGGAGAGTCTTGACACAGATTCCCCCCTCCGGCCCGCAAGACAGTTCAATGACCGTGCCCCCGTGCGCTTCAAGTCGCTCTTTGCGGTCCGGGTCCGCGTTGGGGCTCGTGACGATGAGCGGATCCGGGCCGTCCCCCGCAAGAAGTTGTGCGTCGGAGGGGAACCGCAGCGACGAATCCAGCACGATTGGGACCGGGTGCGTTCCATCGTTGTGCCGGACCGTGAGACGCGGGTCGTCGGCCAACACGGTTCCGATGCCGACGAGAATGCCGTCATGGAGCGCACGGAGTTGGTGGGTGAACCGAAGGGCCTGTTCACTGCTGATGGGGAGTGGCGTGCCCGACTTCGAGGCGATCGATCCGTCTAGGCTCTGGGCGTACGTCAGTGTTACGAACGGCCGTCCCTTCTCTGCAAAATAGCGGTCAATCCGCTGCTTCAGGTCACGGAGTGATGTCCCATGGGCGTTGCCCTGAGCGTGCCCGTTCGCGGGCCCCAGATCCAAGATGTGACGCATCCGGTTTACCTTCGTCCGGAGGTACTCCGCATTGTGCCGGTTCACGTGGGGCTCAAGCGAAATCCGCTCGGTAATTTCAACCCCATGTTCGGCGAGGCTCTCAATCTTCTGTGGGTTGTTGGTCAAGAGGCGAGCGGACGACACACCCAGGTCATCGAGGATTCGTGCAGCGATGGCGTAGTCTCGCTCGTCGGCTCCGTGCCCAAGAATCCGGTTGGCCTCGACGGTGTCGTACCCGTCGTCCTGGAGGTTGTAGGCACGGAGC
NZ_CP030364.1_gap50	1900772	1901644	872	GGCGGCCGAGCAACTCGCCAATCTGAAGGCACAGCCCCTCGCACTCAACCGGGCCTCCGTCGCCGATCTCTCGATGCTGCCCCGCCTAACGTCGAGAGACGCCCACCGCATCGTGCAGTACCGAACCGACAACGGCCCCTTCACCGCGGTGGAAGACCTGCGGGCCGTCGACGGCATCGGACCCGCAGCGGTTCAGTCCGTTCGGCCCTTCCTGCAACTCGAGGAGAAGGCCTCCCGGTCGATCTTTCCTCCGATCCGCACAATCACGTCAAATCTTCGCGTCCGTCTCACCCAGCGATATACGCGGCGCCTCGATCTGGGACGCGGGTTTCGTGAGGATCGATTTCTCGGACCGCCTGGGCGTCTTACGACCCGTCTCCAGCTGGCCCACGAGCGTCGCCTTCAGCTTGCACTGACGCTCGACAAGGATCCCGGTGAGCCGCTCCGGTGGTCCCCCCAGACCCAAACCTATGGGTTCGACCACATCACCGGAAGTCTTGCCCTCCGCGACCTCGGCCGCCTCGAAACGCTCGTTCTCGGCGACTTCACGGCCCAGTTTGGGCAGGGCGTCGCCCTCTGGCAGGGGCTTCGGTTCGGAAAGGGACGCGACCCAATCGCTCCGGCCCACAAGCGCGGCCGCGGCGTCCGCCCCTACCACTCGGCCTCGGAGACCTCGTTCTTTCGTGGCGCGGCGGCCACCATCGGACTGCCCGGCGAACTGTCCCTCACTGCGTTCGCCTCTCGTCGACGCCGGGACGCGTCGGTCGACTCCTCCTCTGCCGCGGGCGCCGGCCCGCTTCCGGTCCGCACCGTGTCCGGCGGCGGGCAACACCGCACCCCCAGTGAGCTTGCGCGCAAGGGCACCTTCGGCG
NZ_CP030364.1_gap51	1903805	1908477	4672	AAGTTCGTTCGGGCCGGTTGCCCCCACTTACGCGTCGCCGGGACCGTTCGCCACGAATTGCGCCGCCGCGGGACGCGCGCCCGATGCCAGACAGACGCCGCACAACGATGCTCCCATGAGGGCCCACCAGAGAGATGCCGTCGAAGACCCAACGGTCCAGAACCACACAAGACGATGCATTCCGGATCCACCGATTGTCGGCCCTCGGACGTCTGAACCCCAGTGCGCGGAGGGCGTTGTCCCGACTCGAAAACGAGGCACCAAAATGGGTGCCTCTCGGGCCTTCTCTGCAATGGCCCCCCGGTTACGGCCGCACTCCCGCTCTACTCAGTGTCCGTTCTGACCAATGACATTCACCCTCGAAGCCCGCTGGTTCGGCTCCGCCCCCCTCCCCGATGCCCTCCGACAATGGTTCGCCGCACTGGGGGCGGTGGAGACCTCTACCCAGACCGACCTGTACCTTCCCGCAGAGGATCCTGCGTTCAACCTGAAGATGCGAGACGGACAGCTCCAGATCAAGCGCCGGCTCGCCGGCCCCCTCAGTACTGCCTTCAGCGACGCGGCGAGTGGACGCTGCGAACAGTGGGGAAAGTGGACCTTGGATCTGGCCGACCCGCCGGTCGCTGTTTGGGACGACGATCCCACAGACCTGTGGGTGGCCGTGGAGAAGACGCGCCACCAACTGTCGTTTGCCCCGGAGGAGCAGTCCGCCCTCTCGGAACGCCTGCCCACCACCCCCGCAGCGACCCTTGACGCCGAACTGACGACCGTGGAGGCCGCCACGGACACCGCCTGGACCTTCTGCCTAGAGGCTGAGGGGCCTGTGGCAAGCCTCGTGGACACGCTCACGGCGGCCGGCCCCGCCGTATTGGACGAGACGCTGCCGGTCGCCCTTGCCCCCAACCAGTCGTTTGGGTACGTACGCTGGCTGCAGCAGCGCCCCTCCGTTACGACACGCCCCGCCTCCGGCGTCCAAATTCCCCGCAATTAGCCGGGCATCCTTCTTCGGAACGCCGGGGGATCGCCCTCCTCTACAGGGGGGCCACCTGCCCTACCCCCACTGCGTGGGGCGCACCCGAGGCCGAGTGGCCGATCCGGCCCATCGAGAGGCGTAGAACCTGTCGTAATTCGTGCCCCGAGGCTGCACCTCGACCATGGCCCGATTTTCGGCCCATCGGGGCTCGTCCTCGCGGGCCGGTTCAAAATCAGAACGGGCTCCTAGGGGCAACTCCACTGCGGCGCTTCCTACAAAGCCCCCACGCACACCGTCTGTCGGTTCTCCGAAGAATCGTTGACGACAGCCTCTGGGAGGGACCTGTGTCCCTGCGCAGTGCTAGAAGTGAAAGGGGGCAAGCCCCATCGGCCATCCGGTCCTGGCGCGCACCGATGCCACCACGGTTCGCGTTGGAGGCCGCGACCACGCATGTTTTTGAGGAAATGGGGGGCTCTGTACCGCAAATGCGACTCCACTCTACACCGTGAGAGATTCTCCTCGGCCACGCCCCTCGGCGTGGCTCCTCCTTTGTACGTGCTTCCTCGGCGCCTTTGCCCTCGGCGGATGCCAAAGCTCTGGGCAGGAGACAGCCGGACGAACGGTCGCCGAGCCCGCACCAGAGAACTACCGGGACTTTCAACACGCCGACAGCCTGGCGGCCCACCTCCGTTCTTCTCCGGATCCCCTGGTGAGTGCCCACCGGGGCGGGCCGGACACGGGCTTCCCCGAGAATGCGCTCCCAACCTTCCGTCACGCGTTAACCCACGGGCCGGCTCTCCTGGAGACGGACGTGCGGATGACCGAGGATAGCGTGCTGGTGCTGATGCACGACGCGACCCTCGACCGGACGACGACGGGACGGGACTCCGTCCGGGCTCACACGCTGGAGGAGCTCCGCTCCCTCCAACTGGTTACCAACAGCGGCACCCCAACTCATTTCGAGATTCCAACGCTCCCGGAGGCGCTGGCCTGGGCGGACGGCCGAACTGCTCTCCAGCTGGACGTGAAAGACAACGTGCCCCGTTCTCGGGTTGCAGCGTCCCTCCGACAACACGATGCCCTCGATCAGGCGCTGGTCATCACCTACACGTTGGAGGGCGCCCGGTGGTATCACCAGCGTCTGCCGAACCTCATCCTCTCGGTCTCGGCGGAGACCAGCGAGGAGGCCAATGCCCTGGTTCGGGCAGTCGACCCCTCGCGCCTGCTCGGGTGGGTTGGGATCGGAGCGGTTGCCGACGGCCCCGCCGAGGTGTTTTCGAAGAACGAGGTTCCCGTGTCCGTCGGGACCTTCGGGGAAACCGACCAGCAGGCACGCAGCCAGGGACTCATCGTGTACCACCGCCTGTTTGACCGGGGGGTCGACGTGATCTCTACCGACGAAACCGCCCTTGCCAGCCAGGCGGCCGCCACCTACGACCTCCAAACCTCCAACTGAAACAGGACGCTCTTCACGGACGAAAGTCAAACTCCAACTGCCCGCCCGCCCTCTCCTCGTCGGTGAGCGAGGAAACGCTAATCCCCAGAAGCCGAACCGGCTCGTCCGGAGGGTGGGGACGACACAGAAGACGTTCCGTGATGACCATGAGCGCGTCCTCCGCACGAAGGGGGCGGTCCACCGTCGTCTGTCGGGTGGAGACCTGGTGGTCGTGGCTCTTGAGCTTGAGGGTCACGGTTCGTCCCTTCCGGTTCGCTTGTCGAAGACGTTGGGCCACCCTCTCGGCGATTGGAGACAGCCGTTCCAGCATCGTTTCCGCCCGGGCAATGTCTTCCGGAAAGGTTCGTTCGGCCCCCACGGACTTGCGGTCCCGTTCGGGCTGAACGGGCCGGTCATCGGTTCCCACCGCGAGCGTCTTAAAGTGGCGCCCCCGCTTGCCAAAGTGATGGATGAGTGTTCGCTCCGGGGTCTCTTGCAGGTCGGCCCCGGTCTGAATGCCCAGCTCCTGCATCTTCGCCGCGGTGACCGGCCCGATCCCGTGAAACTTCTCAATCGGCAGTTGGGCGATGAACCTCATCTGCTCGTCGGGACGAACCACGGTGAGCCCGTCCGGTTTGTCCAGGTCGGAGGCTACTTTCGCGACAAACTTGCCGGGCCCCACCCCCGCAGAGGCGGTGAGCCCCGTCTCCTCGTAGATTTCGGCCCGGAGGCGGCGAGCAATCAAGGTGCCCGACGGGCGCCCCGTCTTGGGCTCCGTCACGTCCAGGTACGCCTCGTCCAGCGAAAGCGGCTCGACCAGATCGGTATACCGCCGAAGGATTTTTCGAATACGCTTCGACTCCTCCTGATACACGTCCATGCGGGGAGACACGAAGATGAGATCGGGGCACTTCCGGTCGGCCTCCACCGCCGGCTGCGCCGAGTGCACGCCGTAGGGCCGGGCCTCGTAGCTCGCCGTCTGGACGACGCCTCTCGGAGGATCGCCCCCGACCGCAATCGGCTTTCCGGCGTACCGGTCGGGAAAGTCGCGTTGCTCGATCTGGGCGTAGAACGCGTCCATGTCCACGTGGACGATTCGACGGGCGTCTTTCTCCGTGTCATTGCCAGACGTGCCGTCGGGGTCGTAGCCGCTCATCGTTGATCAATTCGGAAGCGAGGAAGGGTGCGTAGCCGAAGGCGCTCTCCGGTGGGACTGTGTTTGACGCCATGTACGGCGGGCTCCGCTTCTGGCTCGGCGGGGGTCTCACCTCTCCGACGGGTCGTCCATCACGGGACCAATGGATTCAGCCCGCTCGCTTGGGCCAGCGAATGGGGGCTTGGTCTGTCTCTGTCCCGGGTTTCTCACTCCACCACGCGTGCCTCGTTTCAGGACCACTGAGACGTTTTTTGCAACGAGACGGCGGGGAGTGCTGCGGCAGACCGATGCCTTTCATCCACGAAGCGATCCGTTGATGCGTGATAAATTGATTTATCTTAGACACTGCCGGTTCTTACGACGGATCGCATCCTGTAGGTCATTTCGGGGGCCCTCAAATTCGTCCGTGGCTCACGGATCTGAGAACGCCTTCCATCGCAGCGTGACGCCCTCACGGTCTTCCATTTATCACGGTCTCCCCTTTGAGAGTCCGTCTGTGCTCGACGGAAGCCGCGATTCTGACTACCGTTCCAGCTGGTCGAGCGTGCGTCCGGCGTCGTCCGTCCACTCGCTCCATCCATTGCTCGAGCGGCCGAGGACGACGCCAGAGGCGGCGCTCGGGGAGTTAAAGGCATGATTCTCCCGAAAGACGAGCCGGTCGTCCTGGCGTTGCAGAACCCCATCTGCCCGGAGGTTCTTTCGCCGTTGCTCGATCGCCTCCGGCGCCGACGGAGTCGTTTCCAAACGGGCCGCCGATCCTTCAAAGACCACGAGGCCGTCCTCGGTGTACTCCCCCGTGGCCTTCGCGCCGTTTCCTTGACAGTACAATTTGGGCTGTCCGCTACCGGTATCCTTCTCGGTCGGAAGCGGGTTGAGAATCGGAAAGCCAAGCATCGAAAGAAGCGTCTCGATGGTGCCGAAGTTGTCCCGAAGCTCTGCGAGCATCGCCTCGGGAATGTGCGGCTCCGCGGGCGTCTGGCTGTTTTGGAGCCGGAAGCGCTGGGCCTTCTGCGCCGTCCGGATGCAGTCGTATTCCAGGCGCCGGGCGTGGGCCTTTGTGAAACTGCGGGTCTTCGACGTGATGGTGACGGCCGTCGTCCAGAAGTCT
NZ_CP030364.1_gap52	1941485	1945400	3915	GCGATTGATCTCCCCGACGGATTCCGAAACGAAGTGGCCGGCCTGCAGGCACCGTCCGCGCTGGACGCCCGCTGGACCGATCCGGCCCAGTTTCACGTGACGCTCCGCTTCATTGGCGATGCCAGCCCCGAGCGGGCGGCGCGCTACGAGCAGGCCCTCGCGGACCTGACCGCCCCGGCCGCCCGCTGCGAGCCCTACGGCCTGGACGTGTTGCCGTCCCGGCGCTCTCCTCGCGTCCTGGTGCTCGGCCTGGAGCGCACCGAGTCCCTCCTGGACCTCCACACGGCCGTCGGCGATGCCCTCGAACGGGAAGGCCTGTCGCCAGACGACCGCGACTACACCCCTCACGTCACGCTCGCCCGGGTGGGGGACACCGCCCCGGAGACGGTGCACGCGTTTCTGCGAACCGCGGACGTGCCCTCTTTTCCGGCCTTCCAGGCCGACCGGTTTGTGCTATACGAAAGCACCCTCACCTCGGACGGGGCCGTTTACGATCCACAGGCGATTTACCCGCTCAACGGATAGGCCCGCGTCCCGGCCATCAATTTTTCGTGATCGGGCGGCGGGCCCACGATAATTGGGACGATCGGTCGTTAGGTTAACCCCGCATGCTGTTTTGCGTTTCTCTCCCCAACCATGTTACGACGCCTCCTACTGCTCGGCGTCCTGTTGTGCGCAGTCGCCCTCCCGGCGGGCGCCCAGGACGGCGGCCCGACCCTTCAAGCCCTCCAGTCGCGCTACAGTGCCCTGCAGGGCCTCCGGGCCGCCTTCACGCAGGTGACCGCCTCCGAGTTTGCGGACGACTCCACCCGGATTGACGGGACGGTGCTTCTCGCCGGGAACCGATACCGGGTCGAGACCCCCGCGCAGACGGTCGTGACGGACGGCGCGACGACGTGGATTTACTCCCCTGCCGACAGTCAGGTCGTGGTGAATACGGCCGACGCGGAGGCCTCCACCCTGACCCCCCAGGCCTTCCTCACGACCGCGGCGGACAAATACGACCGCACGGCCCGCCGTACCGTGACCCGAGCCGGAACGGCACACGAAATGCTGTCCCTGACCGCGGCGGATTCGTCGGCCCGGTTCGAGGAGGCGACGCTGTGGGTCCGGCGCCCCGACCGCATCGTCACGCGCCTCCGGGCCGTCGACCGCAACGGGTCGATTCTGGACCTACGGCTGCGCGACATCCGGATCGACCCGCCCATCAACGGGAATCCCTTCTCGTTCTCGCCCCCCGCGAACGCGGAGGTGGTGGATCTTCGCCCCACCGACTAGCGAACCACACAGGGCACTTCGGGGGAACTGAACGGCTCTGGAACGAATCCCACGACGCGTGCTGAATCGACGGCGGTGGTTTCAAATCGGAAGCTTCGTCCTGGCGGGCGGCCTTCTGGCCCTCGCCGTGTACGGCGTGGACATGGGCAACATCTGGACCGCCTTCCGGGAGGCCGACTACCGGTGGCTGCTCCCCCTGGTCGTGCTCGTCCTGGGGAGCAACCTGTTTCGCGCCTGGCGCTGGCAGATCCTGGTGGAGGCGCTGCCGCCCCCCGAGGAGCGGGTCGAACACACGGCCCGCCCCCGAATGCTGGAGGCCTCTTTCTCCTCCGTTATGATCGGCTACATGGTGAACTACGTCGCCCCTCGGATGGGCGAGGTGGCGCGGACCGCAAACCTTTCGGCCCGCACCCCCTACCGGTTTAGCAGCATTTTCGGGACCGTCGTCTCCGAGCGCATCTTCGATACGGCCGTGCTGGGGGCGGCCCTGCTGAGTGCCGTCGGGCTGCTCTTCAATCGCCTCGACGTGCTGCGCGAGCAGTTCGTGGCCCCGGCGTGGGCCCGCCTCCAGTCCATCTCGCTCGACTGGCTTGCCGGGGGCACGCTCGGCCTGCTCCTGCTGCTCGTCCTCGCCATCGGGGGGGCCCGTTGGCTCCTTCAGCGCGAAGACTCGTGGCTCGGTCGCGTCTGGAGGACCACCCTCAAGCCCGCCGCGATGTCGTTCCAGAAAGGGATGGGCACACTGGTGGCCTCCCCCCGCCGCGGGGCCATTGTCCTCTCCACGGTCGGCATGTGGGCCGGATACCTGCTGATGGCCTACCTCCCCTTCCGGATGCTCCACCTCGCCGAGCCCTACGGCATTGGGATTTTGGACGCGTGGGCGCTCATGGCGATCGGCGCGATCGGCATCCTGGTGCCCTCCCCCGGCGGCATCGGGTCGTACCACTACATCACCGAACAGGCACTGGTCCACCTCTACGGGGTCCCGTCGGCGGAGGCCCTCACCTACGCCTTCCTCACCCACGGGGCGCAGCTCGTCTTTTACACCCTGGCGGGCCTCGTGGCGGTGGTCTACCAGGGCAGCGGCTTCCGGCCCCTGCTCGCCTTCGGGGCCGACGCCCCCACAGCCTCGGCGAAAACGGACGCGCCCCCCGCCCGCTCCGACGGCGAGACGGACGAGGCCCGCCCCGCTGCCTCGTCCCTTGCCGGCGCCTCTCCCGACGACCAGCGGGGCAATCCGGACGAGTAGCGGCCCGGCCGCCCCTCCGCTTTTCGCAAAATATTGCTGGCAGGCCGCCGCCGCAGTCCGTTGATTACGGGACGAATCACATCATTCCTTTTTCCCCAAATTCCTCATCCTCCCATGAAAGTGACAGTCATCGGTGCCGGCAATGTGGGCGCCACCGTCGCCGAGTGTGTAGCCCGACAGGACGTGGCGAAAGAGGTCGTCATGGTCGACATCAAAGACGGCATGCCGCAGGGCAAGGCCCTCGACATGCGCGAATCGAGCCCCATCCACGGCTTCGACACCCGTGTGACGGGCACCAACGACTACGGCCCTACGGAAGACTCGGACGTGTGCATCATCACGGCCGGCCTGCCCCGCAGCCCCGGCATGAGCCGCGACGACCTGCTGGCCAAAAACACGGAGATCGTGGGCGGGGTCACGGAGCAGTTCGTGGAGGGCAGCCCGGACAGCACGATCATCGTGGTGGCGAACCCGCTCGACGTGATGACCTACGTCGCCTACGAGGCGAGCGGCTTTCCCACGAACCGCGTGATGGGCATGGCCGGCGTGCTCGACACCGGCCGCTTCCGCTCGTTCATCGCCGAGGAGCTGGACGTGTCGGTCCGCGACGTGCAGGCGCTTCTGATGGGCGGCCACGGCGATACGATGGTGCCCCTGCCCCGCTACACGACGGTCGGCGGCATCCCGGTCCCGCAGCTGATCGACGACGCCCGCATCGAGGAAATCGTGGAGCGCACGAAGGGCGCCGGCGGCGAGATTGTGGACCTGATGGGCACCTCCGCCTGGTACGCCCCGGGCGCCGCGGCGGCCGAGATGACGGAGGCGATCCTCAAAGACAACAAGCGCATCCTCCCCTGCGCGGCCTACTGCGACGGCGAGTACGGCCTGGACGACCTCTTCATCGGCGTGCCCGTGAAGCTCGGGGCCGGCGGCGTGGAAGAGGTGATTGAGATCGACCTCGACGCCGACGAAAAGGCTCAGCTCAAGACCTCGGCCGGGCACGTGCACAGCAACCTGGACGACCTCCAGCGCCTTCGCGACGAGGGCAAGATCGGGTAGACCGGCGCGGGATGGACGGGGGGGATGCCCATCCTCCTCGTCCTATCTCAGCACTTCGCGGAGCGGATCCGTCGGCTCGCGGTGCTCGTCTGGGTGGGCCTCGTCGTGCTGACGCGGCTCGAGATGAGCGGTGACGTGCACGTCCTCGTCCGGAAAGAGGGCGTCGACCCGGTCTTCGACCTCGTGGGACCGGGCGTGCGCCTCGTGAATCGGCATATCGCCCGGAAACATGAGGTGGTATTCGATCCACACCTGGTCGCCGGACGTGCGGTGGCGCACCTGGTGGAAGCTGGCGATGAGCCCCTCTTCCACCGCGGTGCTCAGCTCGT
NZ_CP030364.1_gap53	1957473	1958649	1176	TGCGGCCCCGCAGGCCCTCTACCTGGAAGCGCGGGCCGCCCTGGCGCAGGGAGACGACGCGGGCACCCGACGCCTGCTCAGCCGGCTTCAACGCGAGTATCCGTCGCACCCGCGGGCCCGGACCGCCCGGCTCGGGCTGGCGCAGTACTACCTGGATCAGGGGAATCCCGACCGGGCCAAGTCGCAACTCCAAACCATCGCGACGGCCCCCAGTCGCCCGGACGAGGGCGCGCGGGCCCTCTACCTCTTGGGCCGGACGGAGCAGAATCAGGGCAACCCCAACGCCGCCCTTCCCTACTTCAAACAGGTTTACTCCCGCTACCCCAACGCCGAGTTGGCCCCAGCGGCCCTGTACGCCCGGAGCGTCACCCAGGTGCGACTGGAGCGCTACGACCGGGCCACGGCCTCGTTCGAGCGGCTCGGCGAGCAATTTCCGGACTCCCCGTTTTCGGAAAACCTGGGCACCATTCTGGGCGAAGTGTACTACCGGGTCGGCCAGTACGAGAATGCCGCCACGGAGCTGCAGCGACGCCTTCCGGATCTCACCGGCTCCACTCGCGCCCGCACCCTGTTCCTGCTCGGCGAGACGTACAGTGCCCTCGGGCGCCGAGAGGACGCCACAACGCAGTACCGGTTGATTCTGGAGGAGCTGCCGAACAGCCCATACGCGACCCCCGCCCGCTACGGGCTCGCCTGGCAACACTACAGCGCGGGGCGGTACGAGGCCGCCGCCGAGGCCTTCACGGCGGTACGCGCGGCGGACCACCCGCTCGCCGACAGAGCGACGTACTACGAAGCCGCGAGCCGAGCCCTCTCCGGCGCCCGGACAGATGCCCTGGAGCTGTACCGCACCTTTCTCGATCGGGCCGAGGCGGGTCCGCTGGCAACCGCGGCCCAGTACGAGGTCGGCCTGCTCCACTACCGACAGGAACGGTACGACCGAGCAGCCACGGCCTTCAACGCCGTCACCCAGCAGGCCTCATCGGAGGGCCCACTCGGCGAGGCGTTCTACTGGCTCGGCAATGCCTACCTGGCGACCGACAATCTGGACCAGGCACTGGCTGCATATACCGAGGCGATCGATCGGGGGGCGGCCTCCGAATCGGTGAAGGCCAAGGTGCGGTTTCAAAAGGCGTGGTCCCTCTACCAAAACGGGCGCTACGGCGAAGCGGGCAC
NZ_CP030364.1_gap54	2006802	2007377	575	GCGTAGTGGCGCACACTCCGGGCCTCCCGATTTGATTCCCGACCCGTACGCAATCTCGCCCCGACCGAATTCTCACGCATGAGTTCAACGTTTCCGACGATCGGCATTCTCGGCGGTGGACAGCTCGGCAAGATGATGGCGGCCGAGGCCGTTCGCATGAGCGTAGATGCCCGGCTGTTGTCCCCGAAGGAGGCCGGGCCGATGCAACCCTACACGGGCGCCCGGGTCGGCGACTGGACCGACCCGGACGTGCTTCGCCCCTTCACGGCCGACTGTGACGTGGTGACGGTCGAGAGCGAGTGGGCCCCCGCCGACGCCGCCGCCGAGGTGCTGCCGGACGGCGCCGCCCTCTGGCCCTCCACCCAAACCCTTTCCCTCATCAAGGACAAGGGCGTGCAGAAACAGCACCTCGCCGACGCCGGGTGCCCAGTGCCGGCGTTTGCGTGCTGCGAAACCCTCGACGAGGCCCTCGACGCCGCGGAGGAGTTCGGCTATCCGGTGGTCCTGAAGCAGTATCGCGGGGCCTACGACGGCTACGGCAACGCCACGGCCGCCTCCGAGGACGAGCTCCGCGA
NZ_CP030364.1_gap55	2011067	2011747	680	GACCTCCGCCCCGTCCTCCGGCGTCGGCGTGTACTCCGGCAGATCGTCCGGCACGCCCCCCTCCACGACGGTCTGTTCGAAGTGCTCCTCGGCCCGATCCGCGGCCTCTTCCCCATGGTACATCTCCACGATGCGGCGGGCCAGTTGGGCCTTCGCCGCCCGCGGGTTGCTCTCGGCAAACTGCTTGACCTTCGGGAGCTGCTCGGTCGGGATGTCGGTGACGAGCTCCACGTAGCGGTAGATCAGGTCGTCGGGCACCGACATGGTCTTGCCGTACATGTCTTCCGGCGCCTCGGCGATGCCGATGGCGTTGTCAAGGGACTTCGACATCTTGTCGGAGCCGTCCGTGCCCTCCAGGAGCGGGAGCATCATGCAGACCTGCGCCGCCTGGTCGTTAGCCTCCTGCAGGCGCCGCGCCAGGAGCAGGTTGAAGCGCTGATCGGTGCCGCCCACCTCCACGTCCGCCTCGATGTGGACGGAGTCGCGCGCCTGCGCCAGCGGGTACAGGAATTCGTGCAGGCTGATGGGCTGGCCCGCCTCGTAGCGCTCGTTGAAGTCGTCGCGCTTCAGCATCTGCGCGACCGTCTGCTGGGCCGCCAGCTCGATGACGTCACTGAAGCGCATCTCGTCGAGCCACTCCGAGTTGTACCGGATCTCCGTCTTGTTCGGATCGAGCACAC
NZ_CP030364.1_gap56	2036566	2037746	1180	CGTCGACGAGATCGACAAGGTGGCCTCCGGCACCCGCACCCGCGACGAGGGCGGACAGGGCGCCGGCGTGTCCCGGCAGGGCGTGCAGCGGGACCTCCTCCCCATCGTGGAGGGCTCCACCGTCACCACCAAGCACGGCATGGTGGAAACCGATCACATTCTCTTCGTCGCCAGCGGGGCCTTCCACGCCTCCAAGCCCAGCGACCTCATTCCCGAGCTGCAGGGCCGCTTTCCCATCCGAGTGGAGCTCAACAACCTCGACGAGGACGACTTCTACGAGATCCTCACGAAGCCCAAGAATGCGCTCGTCAAGCAGTACCGCGCCCTCTTCCGCTCCGAGGACGTCACGATTGAGTTCGAGAAGGAAGGGGTTAGCGAGCTCGCACGGATCGCCGCCGAGGTGAACGCCGACGTGGAGAACATCGGCGCGCGACGCCTCCACACGGTGCTGACGACGCTCCTGGAGGACCTTCTGTTCGACGTCCCCGAGGAAATCCCGCCCGGCTCCAAGATCACCATCGACGCCGACATGGTGCGGGATCGCCTGAGTTCAATCGCGTCGAGCCGCGACCTCAGTCAGTACATCCTATAGCGTGCGGCCGTCGCCCCCACCATGTCGAACCCCGATCACTCTGCACTCCGTCTCCACCCCGCCAGCGGGGCGCTCATCCTGGGGCTCGACTGGCTCCTGTTCTCGGAGAACGCGGTTACGCTCGGGCTCTCGACGCCTTTCGTTGCGATCATCGGGCTCGTCGTGGCGGGCCTCGGCACCGGCGTTGTTCAGCGCCGCTACGGGGCGGACGGGATGGGCTTCGCTGTTCTGAAGGGCCTCCTGGCCGGAATCACGGTGGGCATTCCCCTTCCGGTGGCCGGCACGGCCGTGGGCGGCGGCATACTCGCCCTCAGCGGGCTCAACATGGGCTGGCGCTCCCCATCGGAGGGGCCGCCGCCGTCCTCGTCCCGCGACGGCGACTCCTGACGGGTCCGCACGGCCCTCGGCCGCGGCACGGTGGCCTACCGGGACGACTGGGCCGGGGCCTCCGTAGTGATCTCGTCGATCAGGGCGCGATACGCCGCCCGCACCTCCGGGTCTTCGTAGAGGTCATTGTGGCCCCCTCCGTCCACGATGACGAGCCGACGGTTCTCGCTCGCCGCCTCGGCGTGCAGGCGCCGGGCCATA
NZ_CP030364.1_gap57	2056098	2058749	2651	TGGTGCTTCTACGACACCGTCGCCGCCTTCGACCACGTCCGCCACCAGCTCGTGCTGATGGCAAACGTGTTCGTCGACGAGGAGACCGACCTGCGCGCCGCGTTCGAACACGCTCAGGCCCGCCTCGCCGACCTGGAGGCGGACCTCAAGCGCTCCTCCGATCCCCCAGCCCCCGTCGAGTGGACGCAGGCGGAGCTCACGTCCAACATCGAGCAGCCTGCCTTCGAGGACGCCGTCCGGACGGCCAAGGATCACATCCAGAAGGGCGACATCTTTCAAGTCGTCCTGTCGCAGCGCTTTGCGACCGCCTTCGAGGGGGACCGCTTCAACCTGTACCGCGCCCTGCGCCAGGTCAACCCCTCGCCCTACCTCTTTTACCTCGACCTCGACGACCTCGCGCTCGTGGGCTCGTCGCCGGAGGTGCTGGTGCGGGCCGAGGACGGCACGGCCGAGGTGCTGCCGATCGCAGGCACGCGGCCGCGGGGCGAGGACGAGGAGGAAGACGAGGCCCTCGCCGAGGAGCTGCTCGACGACACCAAGGAGCGCGCCGAGCACTTGATGCTCGTCGACCTGGGCCGCAACGACCTGGGCCGCGTCTGCCAGTACGCCACCGTGGAGGTAGACCGGTACGCCTACGTCGAACGGTACTCCCACGTCATGCACATCGTGTCGTCGGTCAAGGGCGCGCTCGCCCCCGACCAGAGCTCCATGGATGCCCTGGCGGCCTGCTTCCCGGCCGGGACGGTCAGTGGCGCGCCCAAGGTGCGGGCGATGGAGATCATCGACGACCTGGAGCCCTCCCGGCGCGGGGTCTACGCCGGGGCCGTCGGCTACGTCGACTTCTCCGGAACCCTCGATACCTGCATCACCATCCGCACCATGGTCGTGGCCGACGAGACGGCGTACGTGCAGGCCGGTGCGGGCATCGTCGCGGACAGCGACCCTGCCCGCGAGTACGAGGAAACCCGGGACAAGGCCGCCGCCCTCCGACAGGCCCTTCGGGTGGCCTCGGAGGGGCTGCTGTAACCGCGTGGCCACGCCCCACCGGTCGCCCCTCGCACCGCCCCGCCCGCAAACTTCCCCCCCGGACGACGGTACCAACCAAGCTCTGTCTTCCAATCCTTCTTCCCGGTTATGCCGAACCCCATCAAAGAGGCCCTTCTCAACCGCGGCTGGGCCGGCCAGACGCTCAGCCGGTCCGAGACGGTCGACCGCATCGACCCGCTCATCCGGCAGCACATTGAGCTGAACCACCACTACGGCGCCGCCATCCGCCACTGCGACGACGAGCGCGTCGTGGACGTGCTGGAGCGCCTGCAGAAGACCGCCCGTACCGACGTGGGCAAGCTGTCCGAGACCGTTCTGAGCTGCGGCGGCACGCCGTACAACGGCACGGACCTCTCCCCCGAGGACTTTACGCTGAAGGGGTCGCTGAGCAATCTCTTCGAGGAGCTCCGCGATCTCGAGACGGCGTTCAACGACGCCCTCGGGGAGGAGCTCGACCTCGAGCACCAGATGCGAACCCGCGGCGTGCTCCAGGCAATCCGGAGCAACAGCCAGGACCGCCTCGACGCCCTCGACGCCCTCCAACGACGCATCGGCGACGCGGCGTAGCACGCCCCCGACGCATTGTCCCTCCACGCCCTCACGCCCCCTGCCCCGATGGAAGCCACCGACTCTGCCTCGCCCCCGGACACCGAACACCCCGCCGACCCGGTCGTGGTCTCCGGCATCCAGCCGTCCGGCCGCCTGCACCTGGGCAACTACTTTGGGGCCCTTCGCCAACACATCGATCTGCACCAGCAGCACGACGCCTACTACTTCATCGTGAACTACCACGCGATGACGACGGTGCAGGACGCGGAGCAGCTTCGCGAGCACACCTTCAACGTGGCGCTGGACTACCTCGCCCTCGGCTTCGACCCCGACGAGGCGGCCCTCTTCGTGCAGAGCGACGTGCCGGAGGTAACCGAGCTCATGTGGATTTTCTTCAACCTCCTCCCCACGAGCGCCCTCGAGAAGGGGGTGGCCTACAAGGACAAGGTGGAGGCCGGCCTTACGCCGAACGCGGGCCTCTTCAACTACCCGGTGCTCCAGGCCGCCGACATCCTCGCGTACGGCGGCTCGCTGGTGCCCGTCGGGGCGGACCAGAAACAGAACCTGGAGATCGCCCGCGACCTAGCCCGTCGCTTTAACAACCGGTTCTGCCCGGAGGACGAGCCGCTCCTCCCCGTCCCTGAGCCCCAGATTCTCGACGACGTGGCTGTGGTCCCCGGCACCGATGGGCGCAAGATGTCGAAGAGCTACGACAACACCATCGGCATTTTCGACGAGGGCGATGCGCTGGAGGAGAAGGTGATGAACATCGTGACCGACTCCACCCCCCTCGACGCCCCAAAGGACCCGGCGTCCTGCAACGTCTTCGCCCTGATCACCCTGTTTGCCGACGCGGAGACCCAGCAGGAGATCGCGGACAAGTACCGGGCCGGCGGGTACGGCTACGGGCACGCCAAGCAGGCGCTCCAAGAACTGATCGAGGAACACTTCGCCGAAGCACGGGCCCGGCGCAAGGACCTCGAACAGCGGCCGGACTACGTGCGCGACGTGCTCCGGCAGGGCGCGAAGGAGGCCCGGGCCCAGGCCGAGCCCCT
NZ_CP030364.1_gap58	2132133	2134837	2704	CGATTGCGTCCGCGTCTGATTTGTCAGAAGGTTCAATTGGTGGGCTCATTCGGGGGGCGGCTACGGCCGGACCCGCGTCCCCGTGGGCGCACTGCCGCTAAACAACCCTTGCAGGTTCGTGACCCGGACCGGCACCTCCGTCTCCACCAGGCGGCGCACAGCGGCCGGCTCCGGAACCGGGTGATCGCCCAGGGCCGTGCTCTCAATCTCCGACTGCACCCCGCCCGTCTCGTCGGGCACCCCTGCAACGTCGGCGGTCGTCAGCACGCAAATCTCCGGCTCAAACGCCTCTCCCAGCGCCCGCGCCAATGCCCGCACGGCCGCCTCCGTCCCCACTTCGTGCACGGTTCCGGTGTCCGAGGCCTCGACGAGGGCGGACACGACCGGAACGACGTGTTGCTTGAGAAGGGCCGATAGCCATCCCACGTTGGCCGCCTGCAGGGAGGCATCGTCGCCCAGCCGAAACAGACCGCGATCCACGCCTTGAATCCCTACGGTGGAGACGACCTCGTCGGTGAGTGCCGCCACAATGTCCTGGTTGACCTCCCGCACGGCCCGCTCCACCAGCCGCCGCTGGTCTTCGGTCTCCACGTCAATCACTCCGCCGCTGCGCTCCGGGAAATAGCCCTGCGCCTCCAGGGTGCGTTCGACCTTCTCGCCGCTTCCGTGCACCAGGACGCAGGTCGGCGCGTCCGTCCCCGCATTGGAAAAGTGCTGGGCCAACGATTTGAGGAAGAGCTCGTCCCCAAGGTGATGCCGATCAAGGTACACGAGATAGAGGGATTGCATAGGGCGAAGACCTGCAGTGGAGCGTCGAGAGAAGATGCGCGTCGATACACTACCAATGCACGCGGCACCGGCACGATTCGTCCCCGCGGCGTCTGCCGGTCCGCGATGGGGGGGGGGTTGGTGAGGGGAAGGCGCAGCCATTCCCCATCGGGCCCTGCCACGCCCAAAACAAAAAAGCACAGTGCCGGGCCGTCCCCGACACTGCGCAGTTTTGCTTCGTCCGTATGGCGACGCGCCGATGCCTGGCGGTTAGTTGTCCTCCGGGTTGGGCGCCGCAGTGGACTCTTCGGGCGCCCCGTCGCCCCGGTCCACCGGCTCGGTCATGTCGTCGACCATCTCGTCGAGGTCGAGGTCGTCGGTGTCGCCCGGTTCGCGGTCCACCGCGCGGGGGTCCTCGCCCTCCCCCTCAAACTGCGGGATGTGCTCCTGCGGGTGCTCTTTGCCCGCGTCGCGCCCCAGGGGACTGCCCTCGTGGATGTAGAAGTCGTCGTTGGGCAGGGTGTCGCTGTGCGCACGGGCGGCCTCCGCGGCGTCTCGCATGCTCTCGTCCGCATTGTCGCGCATCCTGCCGAAGTTGCGGTGGATCTTGCGCCTGAACCACTCGAAGAGGTACTCAAACGCGGCACGGTCCCGCTCGAATTCCGGCCCGAACTCGCCGGAGCGAAGCTGGTCGTCCATCTTCGAGAGCGACGACGCGAGCGCGAAGAGGTAGATGGCATTGTCCGCCACACGGGCCTGCTGGGCCTGGTGCTTTACCACGTCCTCCCGTTCCCACTTGCTTACGAGCTTGAAGTAGTGGGAGTGCTTCTGGACGAGCGACGCGAGCGTGTCGGCCTGTTCCTGAAGGGCCGGGTGGATGCCGTTGATCTCGGGGGCACGCGGCTTCAGCCCGAGGAACAGTTGGGCCCCCATCGGCAGGGCCTTCTTAATCACCGCCGGCGTGGTTGCGGCCGTCAGGATGCGCGAGAGGTTGTCGCCGATCGACTCGTCCGAGTCCCACAGCAGCGCCTCTTGGATCGACACCATCTTCTCGGCGAGCTGCTTTCCGCCGTACGCGAAGATGAAGGACTGCATGACCTCATTGGAGCCCTCCACGATGCCGTGGATGCGGTTGTCGCGCCACGCCCGCTCCAGCTCGTGTTCGGTCATGTAGCCCTCTCCGCCCATGACCTGCAGCGCCTCGTCGATGACGTTCCACCCGAAGTCGGAGCAAAACACCTTGGTGATGGCCGTCTCTACCATAATGTCGTCCTCCCCCTGGTCGAGAAGCCCCGTCATCATGTAGAGCATGGCGTCCATCGCGTAGGTCACCGCCGACATGCGGGCGATCTTCTGCTTCACGAGCTCAAAATCCGCCAGGGGCCGCTCGAACTGGTAGCGCGTCTGGGCCCACTTGATGCCCTGATCCCGCGCCGCCTTGGCGGCACCGGTCACGCCCGCACTGAGCGTGCACCGCCCGTAGTTGAGGCACGAGAGTGCGACCTTCAGGCCTGCCCCCTCCTCGTGGAGGACGTTCTCCTCCGGGACGCGGACGTCGTTGAAGCGGAAGCGGGCCTGCCACGTCCCGCGGATGCCGGTCTTCGCGCGGTTCTTCTCAAACACCTCCACCCCGTCCATGTCCGGCGTCACGATGAGCGCGTTCACGCCCTGCTGCTCCAGCTCGCCCGTCTCGGGGTTGGGCACCATGTTCTTGCACATAACGGTGCACAGCCCGCTCATGGCGCCCGAGGTGGACCATTTCTTCTCGCCATTCAGGATGTAGTCGCCGTCGTCCGTCTTCACAGAGAAGGACTCCTGCGCCGCCGCGTCGGACCCCACGTTCGGCTCCGACAAGCAGAAGGCACTCAACTCCTCCCGGGCGACAAGGGGCAGGTATTTTTCCTTCTGCTCCTCCGTTCCGAACATCACGATCGCC
NZ_CP030364.1_gap59	2146302	2147680	1378	ACCCGAGTTCGTCCGCCACCAGTCGCAGGGACTCGCAGAGCCCGACGTGCCCGAAGCCTCCCCCCTCCTTCTTCTCGTCGAAGGCCTGCGGAGACAGCCCAGCCCCGACCTTCGCCTGGAGCGGCTCGCGCCGCTCCCCCGCGTCGACGACTCGCTCGACGTGCACGGCCCGCACGTCGGTACACCCCGCCGTCGCCATGAGGGGCACGGTGTCCATGGCGTAGCCGGGATTCACGCCGGTGCCCACCAGCGCGACCCCTTCCGCCCGCGCAACCTGATCGAGCCGATCGGCCGTGTCGGGCGACCGGTGATACGGAAACGAGAGTTCCTCGGTGGAGGAGACGACGTGGGCGCCGGCCCGGACGCACTGAACCAGTTGCTCGGTCACGCCCTCCAGAAAAGAGGTGGTGGTGTGGAGCACCACGTCGGGCGCAGTGTCGGCCAGGGCTGATTCGGCGTCGTCGGATACATGAACGCCGGTAGACGAGGCCTCACCGTCGACCAGATCGGCAACGTCGCGCCCCGCCTTGTCCGGATCGATGTCCACCGCCCCGACGAGGGTCAGGGGCTCCTTTTCGAGCACCGTCCGGGCGACCGCCTGCCCGATGGGGCCGAGGCCGTACTGGAGAACACGAAGGGAATCGGTCGGCACGAGACGAATGGCAGTTTGGCAAAGGGAATATACAGGGGGCACGCTCGATGCCCCACAGGGCAGGGGCCCAGCGCCTTACGGCGCCGGCCAGAGCGCATCGGCGGTGCGTTCCGCCGGAACGATTGGGGTCCCCGGACACTCCGGTGCGACGATGGACCGCACCTGCATGGGAATGCCTGCGTCGGCGAGCGGGCGTAGCGTTTTGGGGTGCATCCCGAGCCCGCCCGACGCACTGCGTGCGAGGGCCTCCTCCATCGACAAGTGGTCGACCCGCTCGGCATCCTCGTTCGCGTCCGGATCGTCGGTGTAAATCCCATCGACGTCGGTGTACCGGGTAAGCCCCTGCGCCCCGAGCAGCTTTGCGAAGAGGGCCGCCGAGTAGTCGCTCCCCTCGAATCCGAGGGTCGTGGGCCTGCCGTCCTCCGTAGCCCCGATGAACCCGGCCACCACCGGCACGGCCGCCGGGTCCAGCGACCGGTACCAGGCGCGCACCCGTTCGGACGTGTCGTCGTGCTGCACCTGGGCCGCCCCGAAGGTATCATCCGTCACGACCAGGTCGGTAGCGTCGCACCGCGGGGCGTGGAGGCCCGCGTCGCGGAGCGCAAGGGTGACCATCGGCACCGAGAGCTGCTCCCCCACGGCGAGCACCGCGTCCCGGGCCGCGGGGACATCTATGTCCTGCTCGACCCGTTCGAACGCACACCGGAGGGCTTCCAGCCGCTCGTC
NZ_CP030364.1_gap60	2150937	2155323	4386	GACCGCCGTGGGGTCGTCCCGCTGCGCGTAGCCGCCCAGCGTCGGGTCCCCACTCCCCCGCACGATCAGGTTCCCGCGCAGGACGCCGTTCCGCACCGGCCCGTCCACGTAAAGCCTCGTGTTGTACCGGTACGAGGGGCCCAACCGGCGGAGGGCGGCGGCCGCAGTCAGAAGCTTGGCGTTGGATGCGGGCGTGAACAGGTGGTCCGGATTGTGTTGAAACAGGCGCTCGCCCGTCTCCAGGTTGGTCACCTCAATGCCCCAGAGTGCGCCCGTGTACGGGGCGGCCTCGATCGTGTCGGTGACGACGGACCGGATGTACGCCCGGGTCGACTGCGGCTCGGTGGCCGGTTGGGCGACGGCCGTTTTCCCCGCCCCCGCGACGAGCATCAAGAGCCCCGCAAGGAGCCCCATACGTCCCCCAAGCTGACGATCGAAGCGCGACATGGAGGTGGCGTTCATGGTTCAAGAGGAGATGGACCGGAGGCCGTCAGCCGTCCGGCTCGGCGCCGGACGTGTGCGTTGCCGGGAGGCGATCGGCGTTGCGGATAAGCTGCGTGTAGAACTGGACGACCGTCCGGTAGTCGTCGACCGCGATGCGCTCGTTGGCCCCGTGGATGCGGCTCCGGTCGTCCGGGCCGAGCTGATACGGCACGAACCGGTACACGGCGTCACTGTCGTCGGCGTAGTAGCCGCTGTCCGTGCGCCCGGGCAGGAGGTAGGGGGCCACGACGACCGAGTCCGCCGTGACCTGCCCGATGGTTCGCTGCATCATCCGGAACGCCGGCGTGTCGATTTTCGAAACCGACGGAGGGGGGGTCGACCGGATCGGCTCCACCTGGACGGACAGCCCGTCCAGGACATGCCGGACGTGGGCCACGACCTCGCCAACCGACTGGCTCGGCAGAATCCGGAAGTTGACGACGGCCCGGGCCTCTGTCGGAATGACGTTGTCCTTCACCCCGGCGTCGAGGCGCGTCGGCACGGTCGTCGTCCGGATTGCGGCCCGGGTCGCCGGGCGGCGGTTCAGTACGGCTCGCAGGATTGGGGTGGTGAGCCACCGATTTGCCAGCATCGTCCGCATCGGAAGCGTCACCTCCGGCGCGAGGTAGTCGAACATGGTGCCCGCCACCCCCGTGAGTCGGGACGGCAGCGGGTTGGCCCGCAACCGGGTCAGCGCCTCGTTAAGCCCCTCGATGCTGGTCCGAGACGGCGGCACGGATGAGTGCCCCCCCGGCCCGTCGGCCTTGAGCGCCACGCTCAAAAACCCTTTGCCCGCCACCCCTACGACCGCAAGGGGGTCCGTCAGGCCGGGGAGCGCGCCCCGCGTGATGGCGCCTCCTTCATCCACCACCAGTGCCGGGGAGACATCTCCGGCCGTAATTCGCTCGGACAGGGCACGCCCGCCCCGCGTCCCGCCCACCTCTTCGTCGTGCCCCAGCGCCACGTGCACCGTCCGCCGCGGCGTTACGCCCCGATTCAGCAGGGCCTCGATGGCCTCCAGGATGCCGACGGCGCTCGCCTTGTCGTCCAGGGCCCCGCGCCCCCACACGTATCCGTCGGCGATCCGCCCCCCAAACGGCGGGTGCGTCCAGGCCGAGGCGTCTTCGATCGGCACCACGTCGACGTGCGCCATGAGTACAATCGGCGAGAGAGAGGGGGCGCTTCCCCTCCAGGTATAGAGGCGACTCAGCCCGTTGACGTGCGTCGTGTCGAGGGCGGTGTGGACGGTCGGGAAGGCCTGGGCCACGTGCCGATAGAAGTCTCGGAACGCCGCCGAGTCGAGCTTCGCAGGATCCCGCCGGGTAATGGTTCGGATCTTGAGGGCCTCGGCAAGCCGCCGGGGCGCATCGGCGGCGACCGCCGGGGCCACCGGCTCCGTCTCTGTCTGGCGCGACTCGACCTGGCTGGTCCGGACCGCGACGACGGCAAGCACAGCTCCGAGCGCCAGTCCGGTGCCGATCAGGAGATACGGTCCTGGAAGCCAGTCGGGGAGCATGCGGGGCATGTCGGAACGACGGAGTCACAGTGCCGACGTTCGCCACGACCCGCCCGGGCACAAGTTCCGAACAGGACGCCCCCGCGCTCAGATCTCTGCACTGCGGGGTTCTCTCCTCCGCATCCCGTTGCGCCGTCGGACACGCGGCCGTGCGCGGTCACGCCCCGCCCCCATCGTGTTCGGCCCGTTTGGGGGTCGCCTTTCCTCACCCCCGACGCTAGTTCAGACACAGCGACCCGTACCGGGTCACGTGGACGGGCATGAAGGGGGCGGGGGGCGGCGCGGTCCCGTCGGCTTCGGCGTCGGCCTCCGGGGCGGGATCGGGGGGCAGCGCCTCCCCACTCGCCTCAAAGAACGCCAGCGCCTCCGCAATCTCGTTCCCGTCCTCGCCAAATAGGGTGGCCCGGACGTGGTAGCGGGGCGGCTCCGCAAGCACCACCTCTGCGTTGGCCTGGACCGATCCCTGGTAATCGGGCTGACTGACACTCATGTTGAAGCGCTCCAATGAAAGTCGCCCCTCTTTCTCGACGGAGCCCGCTGCCAGGGACGCGACGTCAGCCAAGAGTTGCTGGTGGGGGACATGGGGGACCAAGGCGCGGTCCGTCTCTCCGTCAATCGCACCCACCACTTCGGCGTATCCGTAAGAGATGTCTACGGGGCCGGTGGCATGCTCCGAAGAGGCGGCCGAGTAGAGATGCTTCAGACGCTGGTAGTGCTGCTGGGCAACCATACCGGACTGTGGGTTGTGAGAGCAAACGGGGCGAAAATGTTCAAACATCTTCGGCGGCCGAGCAACGACCCGACGCACGCAGTGGTATTGCCTTCCAAAAGCAATGCCAGGCAGAGAACCCTGCCCGAATGGCAGGAGCCCGGCAAAGGGCCTGTGAACCGACTCGCGTTTCTTCGCCCACAGGCGCGTTCCTGAAAGCCTGTCACCTTTTCTCACCCCTCCTCCTTCCCTCGATATGCCTCTGACCCTAGAACAGCAACGTGCAGTAGCCAGTCACCTCAAGTCCCGGGCCCAGCCGCCACAGTGCCCCATCTGCGGCGCCGCCAACATGACGGTACAGGAAGAGGTGACCCTCCTCTCGACAGATGGGGACAGTTCTTCGACGGTCCCCCGCGTCAATGTGGTGTGTGAGTACTGCGGGTACGTGCTACACTTTTCCCCCTCCGCGCTCGGCCTGTCCCTTCAGTAGATCGGATCAGGGGGGCAGGCGCGTAACGGTGCGGGGCAGTCTTCACCAAAGGGGGTGGCGACGCCCGCTACACGCTCATCCTCGTGCTCACAGCCTGTCTCCTTTTTCTATGAGGTGGCTCAAGTCGATTCTCGTCGGCGTCCTCGGAAGCCTCGTGATGTTTTTGCTCATGATGCTCGGCATTCACGGAACGGGCATCGCCCCCTTCAACCTTCCCCCGTCCGCTGCCTTCTTGGAGCAACTCGGGCTGAACACAGGCCCCCTCCCGCTTCTCGTTCACTTCGGCTACGGGGCCACCTGGTCCCTGGTGCTGGTGGGCCTGTACGGATCTGACGTAAACGTTCGACGAGGCATCTATCTCGCCACGGGCCTCTGGGCCTTCATGATGCTCGTCTATTCCCCGCTCATCGGGTGGGGCGTCTTCGGAATCGGGGGCTCGGGCCACACGCTCGCCGCGAGCGATCCCCTCCATCTCGGCTCGACGGCCAAGTACGTCGTCGCGACGCTCCTGCTTCACCTCGTTTACGGCTCCATTATCGGCGGCCTCAATCCGGCCTGGATCCGGTTTGAGCAGTCGTCGACACGGTCCACGGCGTAGACGCGGCCGAGCGGGACCGGTCTTAGCTTGCCGAGTCTCCGTCCTGGAGCTCCAGGTGAAGCGCAAGGGCCATCACGGTGCTCGTCACCCCCAGAAAAGCAGGGATGACCCCAAGGACGAGGTACCAGTCGCCCGTCAGGCCCCGATCAGGGCCCACCCAGAGGGAAATGATTGCCCACGCGTAAAAGAAGACCGCACTGGCGTAGGTGATCGGAAAGAGGGTTTCCTTCGTGTCGTTGGTCATGACGGTTGCAGCGGTGGCTACGCAGATTGCGCGACCGTCGCAAGACGGTCTACTTTCTCAACATAGGCGTCCGGATCGGCCTTCCGATCCAGGCCGCCCTGGCTCATGTACCGCACCTTTCCGTACACGGGCCGCTCCTTCCAGCCGCGGTCGTGAAGCCCGAATACCCACGCCACGTTGGCGAAGGAGTTGGGATCGCGTCCGTCGAGGAAGTACCGGTTATTGAGCCGAAGCGTGCGGTCGTAGGCCGTCTTCGGGTCGGGGGACCATTCCAAAATCTTCTTGCCCCAGTACATGCGCATGTAGTTGTGCATGTAGCCGGTCTCCCGCATTTCTTTCATTGCCG
NZ_CP030364.1_gap61	2187826	2191161	3335	TTGCATCCGAGGTGTCCTCTTCTGCCGGGGCCGCTTCCGGCGCTGCGTCGCCTGAGGCACGTGGCTCCTCCTCGTCGTCCGCGACAGCGGGCTCCGCCGCCTCTTCTGCCGTCTCGGTGGCAGACTCCGGCTCGGCCGCCTGTTCCTCATCAAGGGTGGCCACCTCGTCCCGCTCCGGGCCGCCGTCGTCCTCCTCTGAGCGGAGCTCCCGAATGCGGGCCGCCACTTCTGCGTCGTCGGCGTACTCCTCCCGCAGGACGAGGTACGCCTCCTCGTCGACAATCTTCGCGTTGAGACCAGAACCGGAGAGGGCCTCTTCGTAGCCCTCCTCTTCCAGAAACTCTACCACGCGGTCCTCGGAAACATTCAGCTCCCGAACGACCTGAAAGAGCTTCTTCTCTTGAAAGTCTTTCGTCTTGGTTGCCATATGGCAATCGGTTGTTGCTCAGACTCACTACAAAAGCGACCGCCGAAGTCGTTTTCGGCGGCATGCGCAGCTAAGATCGAACCTCAGGCTCTTCGGGGGTCGACTCCGCTTCCTGCTGCTCTTCGGAGGGGCTTTGGGGAATCTCGTCCTGTTCTTCGACCTCTTCGTCACCGCCTTCTTCTGTTGCCTCGCTGTCTCCGTCGGCCTGTTCGGGCTCGTTCGGGGCCGGCCCGTCGACGGCCGTCTCCTCACCGTCCGCGTCGGGGGTCGGTGCGCCGGCCTCGGGCGGCTCCTCGTCCGCATCGCCCGGGCCCTTCGAATCGGCGGACTCGGTCGCGCCGGCGGAAGACGCGGAGGACTCGGTCGACGCCTCGCTGGGGGTGGTGCCGTCCGTGTCGGCCGCCTCCGCCGTCTGCACAGACTCCACCGTGAATCGCCCCTGTCGGATCGACTCGATGATGCCCGGCCCCTTCTCGAATTCAGTCTCGATGATCTCTAGCACCTGCTTGGCGGTGTCGCGGTCGAGGTCGGCACGCCGGGCCAGGGCGTCCGCCGACAGTTCGAGCACGGCCTTTCCGGTGTCGCACCCGATCCGCTTCAGCTTCCCGATGGTTTCTTCCGTAAGTTCATCGCCAAACTGCTCGATGTCAATGTCTTCCTCGTCCGCCGGGATTTCGCGGTAGACATCGATTTCGTATCCGGTCAACTGCGAGGCAAGCTTAATGTTGACGCCGCGCTTGCCGATGGCCTGGCTGACCTCGTCGGCCGGCACCTCCACGCGGGCCCGGGGCGGGTCCTCGTCCTGATTCAACGAAACGTTCGTCGGCTCGGCTGGCGACAGTGCCCGAGCAATCAGCTCCTGGGGGTCGTCGGACCATTGCATCACGTCGATGTTCTCGTCGGAGAGCTCCCGGACGACGGCGTTGATCCGGACGCCCTTGACGCCCACGCATGCCCCTACCGGATCCACCTTTTCGTCGTGACTCTCGACCGCCACCTTGGCGCGGTCGCCAGGAATCCGGGCCACCTTCTTAATCTCGACGATGCCGTCGTGCACCTCCGGCACCTCGACTTCGAAGAGGCGCTCCATGAACACTGGGGAGGTGCGGCTGACCACCACCTGCGGGTCGCTCCCCGCATCGCGCCGCACTTCCTTGACGACGGTCCGAAGCATGTTGCCCTTCCGGTAGTGATCCCCCGGAATTTGTTCGTCGCGGGGCAGCACGAGTTCGGTGTCCTCGTGCATCAGGAGCGTCTCGTGGCGACGGACCTGGTAAATCTCCCCGACGACGATGTCCCCAATGAGCTCCGTGTACTCCTGGTAGACCTGCTCCTTCTCGATGTCACGGATCCGCTGGCGAAAGGTCTGCCGCGCAGTCATCACGGCCCGGCGCCCAAACTCGCTGACGTCCAGCCCCCCCGCCACCTCGTCGCCAACCGCAAAGCCGTCGTCAATCTTCTTGGCCTCGGACTCCTTAATCTCGGTCACCGGGTCTTCCACCTCCCAGTCCCCAACGACCTCTTGAATGTGGAGAATCTGGATGTCCCCCTGCTTCGGATTGAAAATGATCTCGAAGGCCTCGTCCGACCCGTACCGCTTGCGAAGCATCGCGCGGAACACGTCCTCCACGATAATCTGGAGCGTGTCCCGGTCCATGTCTTTGGACCGGGCTATTTCCCCAAATGAGGAGATCAGGTCTTCGCTTCGCATAATCCGTCTCGTCCTGTGAAGAAGTAAGTTCCGCGTGGCCCGCCGCGTGTGTCTCAATTCCCCTTACCAGGGCAGCTCGATCCGAGCCTGGGTGATTGTCGTGTATGGCAGCTGAAGGCGCTCCGCAGAGGGCAACTCCAGTTCAATCTCCTCGTCGTCCGCGTCGGTCAAGTCCCCCACCACGATCTCCTCGTCGCCGTCGCTTTCAAATCGTACACGCAAGGTGCGGCCAACGTTCTTCCGATACTGCGCCGGCATCGTCAAAGGACGCTTAATCCCGGGCGAGGAAAGCTCCAGCTTGTAGCTTCCATCCACCACGTCCTCCACGTCAAGCAGAAACCCGATCTCTTTGCTAATGAGGGCGAGGTCATCGTGGCCCACCTCCTCCTCGGAGTCAATGTACACCTCCACGACCCGTGTCCCCTTGTGCCCCCGCACCTCCACGTCCACCAGAAAGTAGTCGGTTCCGACGATCACCTCTTCGGTCAGTCCGGAAACCCGGTCGGCAAGATGTTGTTGCGTGGGGTTCACAAATGCAGTCGTCAAGCGTCCAGAAGCACCTAGTGCAAAAAAGCGCCCGGCCCGACAGGCGGGACGAACGCCATGCGCGGCCCGGGATCGCCGAACCGCCTCTCCAATTCTCGGATGCCCGCAGGCATCAGTACAAAAAGGTGGCGTCGGAGGCCACCTTCTCGCGCTGTTTTTCCAGCGGACCACGAAATACGTGTGTCAAAACGGTGTAACGTTGGGCCCCGCCCGATGTTTCTACGCGTCCGCCCCTCCAGCAGCTGCGCTGCGCGCCCCTACACTGGAGACGTGTCCCGGTCTTTCTTGCCTTTGAGGAGATAGGCCTTGATGAACGGGTCCAGCTCCCCTTCCAGCACGGCCTCCGCGTCGTTCCGCTTGGTGTCCGTCCGGTGGTCGTTCACCATTTTGTAGGGGTGGAGCACATACGAGCGGATCTGACTCCCCCATTCGATGCTTTTCTTCGAACTCTCAAGCCGCTCTTTTTCTTCCTCTTTGAGCTCCCGCTCCGCCTGGTAGATGCGGCTCTTGAGCATCTCTCGGGCGCGACGACGGTTCTGGTGCTGGCTCCGCTCCTGGGTGCACGCGGCCCGGACGGTGGTCTCCTCGCCGTTGGACAGGGTGCCGGTCCAGATCAAACGGACGCCCGTTTCCACCTTGTTGACGTGCTGC
NZ_CP030364.1_gap62	2193526	2194556	1030	CCCCGCCGACGTTGACGCCGCCGTGCAGGCGGCCCAAGACGCCTTCTCGGACTGGGGCAGCACCCCCGCCCCGGACCGCGGGAAGATTCTGAAAGCCTCCGGCGACCTGCTAGCGGAGCGAAAAGACGAAATCGCCCGCTCGATGACCCGCGAGATGGGCAAGCCCTTCTTCGAGACGAAGGGCGATGTGCAGGAGGCCATCGACACGGCCTACTACGCGGCCAGCGAAACGCGACGGCTGTTCGGCACCACGGTCCCGAGTGAGCTGCCCGACAAGATGAACATGGCCATCCGTCGCCCGCTCGGGGTGTGTGGCATCATCACGGCCTGGAATTTTCCCGTCGCCGTGCCGTCCTGGAAGATCTTCCCGGCCCTCGCCGCCGGCAATACGATCGTCTTTAAGCCGAGCGAGGACGCCCCGCACAGCGGCCTGCGCTTCGTGCAGACGCTGATCGACGCGGGCATTCCGGATGGGGTGATCAACGTGGTGCACGGCGCGGACGAGGCGGGGCAGGCGCTCGTGGAGCACCCGGAGGTCGACGCCATCGGCTTCACCGGGTCCTACGAGGTCGGCACCGCGATTGCCGAAACCTGCGGCCGCCTCAACACGCCGGTGTCCCTGGAGATGGGCGGCAAGAACCCGATGATCGTGATGGACGACGCCGACCTCGACCTCGCGCTGGAGGGCGCCATCTGGGGCGCCTACGGCACCACGGGCCAGCGGTGCACGGCCACCAGCCGCCTCATCTGTCACGAATCGGTGCACGACGAGCTCGTGGCGATGATTCGGGACGAGGCAGAAGCGCTCGTCCTTGGTGATGGAAACGACGCGGACACCGACGTGGGACCCCTCATCAATCAGGCCGCCGCGGAAACGGTGCACCAGTACGTCGAGATCGGACAGGAGGAGGGCGCCACCCTGGAGATGGGCGGCGCGCCTGCGTCGGTTGACGGCCTCGACGGTCACTTCTACGAGCCGACCCTCTTCACGGACGTGACGCCCGACATGACGATCGCCCAAGAAGAAATC
NZ_CP030364.1_gap63	2219388	2222624	3236	CGACGGTGACCGGCGTGGGGCCGTACGTCAGCATCATTCGGGATCAGCTCCAGAAACTTCGGGCCGGGGCCCTGGACACGCCGGACCCGATGCTCGTCCTGCACGGGGCGAGTCGATCCTGGGAATTGGGCACGTATCTCGACGAACTTCAGGCGCTCTCCAATCAGGTGGAGTGGTTCGAGTACGTTCCCACCGTCAGTCGTCCCTGGGAGGATCCGGAGTGGGACGGCGAGTACGGGCGGGTTGAGGATGTCCTGCGGAAGCACCTGGACGCCACCTCGTTCGTCCCGTCCGACAGCGCCGCCTACACCTGTGGGCACCCAAAAATGATCGACAAGGCCCAGGGCATTCTCCAGCGGGCCGGCTTTGAGGAAGACGCAATCCACGAAGAGAAATACTTCGTGGAGCGTAACGGGGACGGATAGTCCCCGCAACCGCGAGCAGAGGGCCCCGGCAGGGAACCGTACACCAGACGGTAGATTTGCCTGTGGTCCACCGAGGACGGAGGAAGAGTCCCTGCCTGCCCCTCACCAGCCCCCTCACGGGATTGCCCCATGCTTGGTCGCCTGATTCTGCTCTTCTTGCTCACGCCCGCAGTGGAGTTGGCCCTCCTCATCCAGGTAGACCAGCTGATCGGGTTCTGGGCCACAATCGCGCTGATCATCGTAACCGGCGTCGTGGGGAGTCACCTCGCCCGCCGAGAGGGACTGTCGACCTGGGGGCGCCTCAACCGCCGACTGCAGGCCGGAGACCTGCCCGGGAAAGAACTCGCCGACGGCGTCATCATCCTGGTAGCGGGCGCCCTGCTCATCACACCCGGCATCCTGACCGACGTGGTTGGGTTCTCCGGCCTGATTCCCGTCACCCGCACCCGCTTCCGCAACGTGCTGATGCGCTGGTTTCAGGGCAAGGTTGACCAAGGGACCATGCAGGTGCAGTTTGGCATGTTTGGGGGCCCTACCGCCTCCGATTCCAAGGGGGCGAATGTTCCCCCTCGTTCCCCCGACGGCCCCCGCCGGTCCGCCCCGGACGACACGTGGGAGGGGCGGCCTCAGGATCGACCCAACCACGCAGACGAACCGCAGGGAGACGGGAACGGAACGGCCTCGTCTTCCCCCTAGCCCTGGGGCGCTCAGACCGCCCAACGACGCTCACCCGCCGTGCCCGTTCATGCGCACGTTCACGTCCCAGGCCTGTGCCAGGGACGAGATGAGATCCCGCTCGGTCCGGGTGAGGGGGCCGTCGGCCCGAGCCACGGTGTAGAGGTCGTCGAGGGCCGTCAGGCGATGCGTGCTTGACAGCGCTTCTTTCAGCGCCTCCACCGAGTCGTGAATGAGGTCTTCCCGGGGCTGCTCCGCGTACACCTGCAGCGCCCGCCGCACCACGTCGCGCAACTCCTCCGGCGACCGCTCGGGTTGCCACTCCTGCAGCCGCTCCACCATCACGTCTACCGTGCTCCCCGACAGATCCTCGTCGGCAGCGTGTCCCACGAGGATGTAGAGAAAGGCCAGCTCGTGAATGAGCCCCCAGTCCTCCCCCCTCCGCTGCACGACGGCCGACGTATTTTCCAGAAGGTCCTCACTGAGGGCCTTGAGCGACCACGCGTCCGCCAGTGTGTGGATGAGCCCCTGTTCTCGCTCCAAGAGCACCCCGTCGGCCTCCGCAATGCGAATCAAGTGCCGAATTGTGTCGCGCCGCTCCTCGGGAGAAAGGGCCGACCTGAGGTCCTGAACGGCCCGCCGGAACTCCGCCTCGGCCTCCCGCTCGGTAAACACCGTAGCGGCCTCCACGATCAGATCCTGGACGGCAGGCTCGTCCATCGACTCCCACGCCTGAAGGGCGTTTTTGAGGACACGGAGCTCCTCGTCGCTGAGCTCGTGGTCGGTGCCGTAGGCCAGGGCAATGTATACGACCGCCAGGTCGTGGGTCGTCGTCCAGTCGTCGGAAGCGTTCATGGGAGCAAGGGCTGAATTCACAGGACGCCATGTCGCAAGTATACAGAACGACCGCCCCGAAACGCAACGGGGCCGGGACGGCCGCCCCGAAGCGGGAGGGCCGGCGCCGTCAAAGACAGCCAGACATCCGACGGTTTCCCTGTGAAACTGGTCGTGATCTATTCCCATCGGTGTTGCATTCGTCCAGATTTACCACCGATGTTGAGTGTGTCGTTGTGTTCAGTTCCTGATGTCCTTTTCATCCGTCCCTTCTGCCATGCCCGCCATTGACCCTGACGCCCTGGAGTCTCAGGTTGCCCAGCGGCTTGATCCCCACGGCAGCGACGGCGTCCAGTCGGCCCTCTCCGGGGTTGTGGACCTGGAGGCCCTGGAGGAACGCCGCTACGGCGAGGTGCTTGGCGCCATCGACCAGCGCCTGACTCAAAGTCGGTACTCACTGCTGTCGATGGTCGTTGCCGGGATTTATTTTGGGCTCCTCGTGGGGTTGTGGCTGGTCGATGGGTCCACCTGGAGCCGCATCGCCCTCTGGCTCGCCCCCACACTCCTCGTGGCGGTGTATGGGCTGTACGCCACCCACCAGACCGTGCGCCAGATCCGCCACCTATCGGAAACGCGGGCCCTTCTCCAGATTCTGATGAACGGCCCGTCCGCAGGCGGATGACTGGCATTTCCACGACGCGTTAGCTGGGGGAGAAAGGAGCCTGAACGCCGCTCCCACTCCACTCAGTGCCCCCGCCCAACGCCTTTCTCCTGAATTTCTCCTGGTTAATGTTCCCCCCCGCCACCTATCGTTCGCGGCGTCGCACACTCGTTGAGCACGAGCGCCCGGACTCCGGCCTCGTACTGCTGCTCGGAAATCGGCGCTCGCCGCGCAACTACGTCGATAACCCCCACCCTTTCCGCCAGGACGGCACCTTTCTCTATTACTTTGGGCTCGACCGCCCCGACCTGTACGGCCTCATTGACCTCGACGCGGGCGCCTCGACCCTGTACGGCGAAGAGGCAACCCTCGACGACATCGTGTGGGAAGGCGAGCAGACCGCCCTCCGGGAAGACGCCGCCGCGGTCGGCATCGACACGGTCGATCCGCCTTCTGCGCTCGATGCTCGAATCGCGCAGGCCCGCCAGCAGGGCCGCCCCGTTCACGTCCTTCCCCCGTACCGCGACGAGCACCGGCTCCGCCTGGAGACGCTGCTGGGCCGCCCACACACCCAACTCGACGACGCCGTCTCGGAGCCCCTGATTCGCGCCGTGGTCCGGCAGCGGTCGGTCAAATCCTCG
NZ_CP030364.1_gap64	2224627	2227994	3367	CTCCAGCCCCTTGGCCTGGTGCACGTTCATCACGCGCACCGCATCGTCGCCGCCCGTCTCCAGGGTCATGCCGTCCACCTCTTCCTCCCCATCGACCACCCGCTGCAGCTCGTCCAGCACCTCGGCCCACCCGAGTCCCTGGGCGGCAAGATCCTGCACGTAGGTGATCGTGCGGAGCACGCGCCCGGCCCGGAGCGACCCCTCAGCCGCGTCCGGCGGGTGGGCGGCCCCCGCGAGCAGTCCCAGGTCGTCAATGAGTTGTTCGATCGCGACGCCCGGACGCTGCTCGTGGAGCTGGCGCCGCGCCGCACGCAGGTGTCCGAAGGCCTCTTCGAACCGTTGCGCCGTCTCGTGCGGAAGGGCCTCCCACACAGACGCCGGCACCGGCTCGTGCATGCGACCAAACTCGCCACCGGCCCGCGAAAACCGGTACAGGTCATCGTCGCTCGCCCCCACGAGGGGCCCTTTCAGGTACGCCACACACGCCACCTCGTCGTCCGGTCGGAGGGCGCAGGTGAGCAGGTCCACGAGGGCTTTCAGCTCGGCCGCCTCGCCCAGGTCTTCACTCCCGGTGACGGTGTACGGGATGCCGCGCTCGGCCAGGGCCTCGGCGTAGACGGAAAGGCGCGACTTGGTCCGCGTCAGAATGAGGAAGTCGGAATAGTCCGCCCCACCGGCGAAGAGCGCGCCGTGCCGGTCCGCCCCCCTCCCGCTGCGCCCGCCGTCCCGAGCGCCTTGAATGAAGCGGGCAATGCGCCCGGCGTCCTGGGCGGCGATGTCGGTTCCCCAGTTCCCCCGCACCTTGTCGAGGTTGATCCGCCGCACCCCGTCCACGTCCCGCTCTGTCGTGCGCTGGGGATCGAACGGGGTGTACGTGGCCTGACGGTCCATCAGGTCCGCGTCGTCGAAGAGGGCCCCGAATGCCGCGTCGCACCAGTCACAGATGACGTCGAGCGAGCGGAAGTTCTTGGTCAGCGTCACGGCCTCGCCCCCCGTGTCCTCGATGCGCTCGCCGACGGCCTCGAACACCTCCATGTCCGCCCGCCGGAATCGGTAGATGGACTGCTTGTCGTCCCCGACGATGAACAAGCTGCCGGGAAGCGGGCGGCAGTCGGTCCAGGTCGTCTCGGTCGGATTGCGGCTGGTGAGGTAGAAGAGCAGCTCCGCCTGCAGCGGATCGGTGTCCTGAAACTCGTCGACCAGCAGGCGGGGGTGGCGCTCCTGAATGGTCGTTCGGAGGCCGGAGTGGTCGCGCAGCAGGTCCCGGGTGCAGGCGAGCAGGTCGTGAAAGGTGAGCCGCCCCTCCGCCTGACGGAGAGACGCGAACCGCTCCACGGCCGGGCGGACGAACGCCACGACCTCCTCGTGGACGTAGGCCCGCCACCGGCGCAGGGCCGGCTGCACCACGTCGCGCACCAGCGCGGGCAGGTGCTCGTCTCGCAGGGTCCGCGCCCAGTCGTAGGCGTCCGTGTGCGGGCCGCGCCAGCACTTTAGCGTCACGTCCGCCGACTCCTCGTCGGCCACGCCGGCGAACAGCTCAAGGAGCTCGGCGCGCTGTGCCGGGGTCTCCACCCCTGTCTGCGCAATCAGTTTCTCCGCCCTGTCGAACGCCTGCATTGCGTCGTCGCGGCCTTCGGGCAGCGCATCCGGACGGCGGGCCTGCCACGCGTCGAGCTCGGCCCGCACCGCCGCCGCGGCCTGCGTCAGGTCGGGGACGGTGTCCGGGGCGTTGACGTACGGGTCCAGCTCGGGGTGTTCGCACAGCCGTTCAAAGTAGGCGTCCAGGTCCTCCGGCTCCAGGCCCAGGCTCGTGAGCGCCTCCATGCGGGCCGGCCGGTCGGCCCGTACGGTCTGGAGGTAGTCCTGCCAGGCGCGGTCACGGAGCTCTCGTTCCTCGCGGTCCTCCAGGCCCGCGACGAAGCCGGGCGGCAGGTCTGCGGCGATCGGCCGCTCCCGCAGGAGGCGCGCGCAGAAGGCGTGGATGGTGCCGATGAAGGCCTGCTGCGCATCCCGGAGGGCGGCCGTGACCCGTCGTCGCTGCGGGCCTTCCGCCGGCAGTGCGGTCTGGGCGCGCCGGAGCTCCTCGTAGAACCGTTTGCTCATCTCCCCGGCCGCCTTCCGGGTAAAGGTGATGGCCGTAAGGTCCTCCACCGGCACCCCCGAGCGCACGAGGGCCACCATGCGGGCCACGAGGGCCGTCGTTTTGCCGGAGCCGGCCGCCGCCCGGACGAAGAAGTTCGTGTCCGGTTCGAAGGCCGAAAGGGTCGGCACGTCGTCTTCCTGCCACGGACCAATCCGCCGGCGGACGGCGGCGTCGTCGTACGTTGAGGAGGCCGAGTGGGGGGCGGACATGGGCGCGGTTCAGTGTGGGTGGGAAACGACAGGTGAAACGGCCGGCGACTACCCGAAGGACGGTGGGGTGGGGCGCTCGTCGGGATACGCCTTCGCCTGAAGGGCCGTGCTCCGGGCCGCTAGATCGCGGAAGAGGCGGTCGTAGCCCCGGTACCGCCACGCGTTGAGGTACCGGGCGCGAGGGTGCATCGGGAAGCTTCCCGAGGCGGCGAGGGAGCTCAGCCGGTCGAGAAGCCGCTCCACCTCAGTCCGGTACCGGCCCGGGTCGAAGGCGAGCCGCGTGCCCCGTTCTCGGGTCGTTGGGAAGTAGTAGCCGGACGTCCCCACCGTCTCGTCCGTCAGTGTGGAGAGCGCATAGGCGTAGAGCGCCCACTGCAGTTGGGCGCCGTCGGCAACGGGGTCGCCCTCCTCGAATGAAGACGCACGCCCCGTCTTGTAATCCCAGACCGCCAGGGTCCCATCCGGCCGGCGGTCCACCCGGTCGATCCGTCCTCGGAGCGACATCTCGCGCCCCTCGACCGGGATTGTAACCGCCCCGAAGTCTTCCTCCTGGCGTCGATACGGGCCGTAGCCGAACCCGACCTCGTGGTACAGCGGCGCGTGGGTGCGACAGTGCGCCGTCTCGGCCCGCAAAAACACGAGCGCATCCGCCCGGAGCCGACGAAACGCCGCCTCTTCGACGACGTCGCTCGGGGGCGCGATCTTTTCGGTTTCCGCTTCAAACGCGGCCTGGAGCGTGTCTTCGAGAAGCGGTTCGTGCTCGGCCGCGGGCCGCTCGTCCCGCTCCCGGAGGGTCGTCATGAACGCCTCAAAGGTGGCGTGGAGAATGCTGCCGCGGCGAAGAGCGTTGAGCCAGGGCTCGTCGTCCAGCGCGGGCTCGTCCAGGGGCTCGACGCCCAGGACGTATTTCAGAAAGTACAGATACGGGGTCTCGGCGAAGGTCTCCAGTCGACCCGCCGACATCGGCCCGCCGTTTTCGCGGTCCCGAAGAAAATCGAGCTCCGGATGCGTGCCC
NZ_CP030364.1_gap65	2229607	2233826	4219	CCGGAGGACCTGCGCGTCGTCGTAGAGGCCGTGTGCGTCCAGCGCGTCCAGGTATCCCTCGTAGCAGTCCGCCACCACCCGAAACGTTGCCGACGCATCTTCCGTCTGGGCACGCGCCTGCACGTCTGCTAGCGGGGCGCCATTCCGCCGGAGTGTCTCGATGGCCTCGGCCACCGTGTCGGCCAGTTGACGGGGGCCCGGCAACCCGTCGAGCCGCCCTTGACGCTGCAGCTGCTTCAACAGGCGCGCCGCCAGGAACGACCGCCCACCGACCGGCAGCTCGCGCCGCCCCGACGCCAGAATTCGAGGCTGGGCCACCTGTTCGGCGTGGTGACGCACGATGCGGGTCGAGACCCCGGCCCATCCGTCTGCGTCCCGCGCAAGCGCATCCTCAAGGGCGCGCCCGATCTGCGTCCGGGGCACGAGAACGACCTTCGGCGCGTGGGGGTGGGCGCGGCAGAGGGCCCGGAGCTGGGCGCCCGGCGAGGCAGAAGAAGCAGACACAGCAGGCATGGACGGGGGAGACGAACGCAGAAAATGGTGGGGGCGTCCGGCGAATGCGATGCCACGTACAACCTGCCGGTTGCACGGCACAAAGCAAAGCGGACGGACGGGCAATTCGTGAAACGTGTGGACTCGCATCCAGCACTACCGGTGATCCCGTCCCCGCCACGTCCACGGCGGCACCGGGTCGGGCTGCGCCCAGAGCCCCCGCTCGTTCGCCCGGGCCCGCTGCTCCAGGCGGCGATACCGATCGGCGTGAGGGGCCTGCCGACGGTCCCACCACGCGAGCCCGCGTCGAAGCAGATGCTCGTTCAGCACGCGATCGTCCATGCGCACCACGAAAAGGGAGCGGCCGTCGGGGCCGTCCGTCTCCGCCCGGGCCCGCACGTCCGTCCGGAAGACGACCCGTCGCACGGCCCGGGCCGCCGCGTCGGCGAAGGGCTGCCCCCGCTCCGGCGCATCAATGCCGTACAGCTCAACCCGCACGATCTGTCCCGTCTCGCGGAGGAGGTAAATGGTGTCTCCGTCCAGCACCCTGTGCCCTGTGCCCACGTACGACTGCCCCCGAGCGAGGAGGGGGCCCCACAGAAGCAATGCGAGGCCCGCGAGCACGCCTCGCCACGCCCACGCGGACATGAACCGGCGGCCTCCAGAACCTACAGCGATAGGAATACGGGTGTGCACGGCCATCGAGCGGCGGGCCTTATCAAAACAGCAGTCCTACGAGTCCGCCCAGGGCCGCCGCGAGCCACATCGCAAGGCTCAGTCGACGCAGCGTCTTCTGTCCCGGCCGGTTCCGGCGCGCCAGCCATCCCCCTACGGCCCGACACGCCATGCCCAGCCCCACCCCTACGAGGACCCAGGTCTCGAACGCGCGGAACGGATCGGTCCAGTGGGGCGAAAGCGCAATCTCCAACGCCAGCGCCCCGAGCAGCAAAGCGACGATCACACTGAACACCCGCCACGACGCCAGGTCCGGGGGCCTCCAGCGGTTGGGCGTGTCCATTCGAGGGTGGGTTGTCAGGAAAATCGTCGGGACCGGAGGAGCACGGGAGGGGCCCTCTCGCCTCCCCATCCCAGCGACGTTATGATCGCATCGGGCAGGTGTCTGACACACAAAGACGCCAAACGATCCCTGTCCCCGTTCAGCCTGCATCATGCCGACGCTCGATGCTCCCCATCCCGGCTCTGGGACGCTGCACGAACCCGCCCCGGAGGCCGCTACGGTGCCGGAGGCACTCGTGCAGGACCTCTGGGCCCGGCAGCGCTTCGACACCGAGGGCCTCAAGACGACCGACGGGGAGCCCATCGCCATTCGCGATCCGGGGCGCCTCAACACCGACGCCGGGCCGGACTTTCAAAACGCTCACGTTCGCATCGGAGGGATGGACTGGCGCGGACAGGTCGAGGTCCATACGACCTCCGGCGGGTGGTTTCGTCACGACCACCACACCGACCCGCGCTTCAACAGCGTGGTGCTCCACGTGACCCTCCACGCAGACATGTGGACCGGGGGCCTTCTGCGGGCCGACGAGTCTGCGCTCCCCGAACTCGCGCTCTATCCGCGCCTCGACACGCCCCTCCGCGAATTGCTCTACTCCTTTCGGACACGGGCCGACGACGACACGCTGCCCTGTGCGTCGCGCTGGGACGAGGTGCCTTCTCCCATCCGCACATCGTGGATCTGCCGGCTCGCGCAGGATCGACTCACCGAAAAACGCGACCACCTGCCGGACCCTTCGGACACGTCCCCGGCCACGATTCTCCATGAACGCCTGTTCGCCGGGCTCGGCTACGCGAAGAACGACACCCCCATGACGACGCTCGCCCGACGGACCCCGCCGGCCGTGCTCCGCCCCCTCGACACGCCTCCGGAACGCGAGGCACTCCTCCTCGGAACGGCGGGCCTCCTTCCCGAGCCCGGTGACTTACTGGAGGCCGACCGCCCCACGGCCGACTACACCATGGCCCTCCGGGACCACTTCCGGCGGCTCCAGGTCCGCCTCGACGTCCGGCCGATGGCCTCGACGGCCTGGACCTTCTTCCGGCTCCGGCCCAACAACTTTCCGCCCCTTCGCATTGCACAGGCGGCGGCGTGGTACGCCGAGGGGGGACTGCTGCACGAGGCTCCGGTCTCGACGCTCCGCACGGCCCTGGGGCAAGACACCCCCGTCGCGACGCTCCGGGAGGCGCTTGCGGCCTCTCCCCCTGCCTTCTGGCGCACGCACTATCACCTCACGAAGCGGGCCGCCGAGCACAACCCCAGTCTTGGCACGTCTCGCCGCGACACGCTCCTCGTCAACGCCGTGGTGCCGGTGCTTCTGCAGGACGCCGATCGGCGCGGGAACGCGGCACAGGCCGACGCGGCACTGGACGTGCTCCGCGCCCTTCCGGCCTCTCAAGACCGCGTGGTCCGTCGCTTTCAGGACCTCGGCACCGACCCCGAGTCGGCGTACGACGCTCAGGGCCTCCACGAGCTCTACAAAAATTACTGTTCTGCGGGAGGGTGTCTCGACTGCCAGATTGGCCAGCACCTCCTCGGTGACTGAGACGCCTCCAACCTACTGCACCCCGATTCATAGAAAGCGACGCGCAAGGCTTTCCAAGACGTCCAGTCGCCCGTGCTCGTTCGCATCGTTCGGATGACGTTCGCTCCCGACAAGGTCGATCAGTTCCTGGCCCACTTCGACGAGGCCGCCCCGCACATCCGATCGGTTCCGGGCTGCCGGCACCTTGAGCTCTGGCAGGGCGCGGAGGCCCCCACCGTATGCACCACCTATAGCCAGTGGAAACGCGCGGAGGCGCTCGACGAGTACAGGGACAGCGACCTGTTCCGGCGTACCTGGTCGACGGTAAAGCCCCTGTTCGCCGAGCGCCCTCGTGCCCGAAGCTATACCGTCGCCCGCCCGGCGGACGCGATTGATGCGGCCGCTCGGGACGCCACGGATCCGGGACAGCCCTGAGCGCTCACCTTGGATGGAGGCGCCAAGCCCACCAAATCGACCCAAGCGCGCGATAAAGTCAGTGTACAGGTCCCTCAACGGTCGCTGAGGGCCTGCTCCATGCTCAACCGCTTCTCGTCTTGGAGCGACGGGAAGTTGACGGGGCGGATGGTATATCGCCGCTCCGCGTCCGGGGCCGTGGGCCCCACCTGCGTCCCCTGAACGGTCGCATGCACGGACCGCACCAGGTGTCGGTACTTCTTCATCATGATGTTCTTTTCCTTGACGGTGGCCCCGTACCCGCGCTGAAGCGATCTGTAGGCGCTACTGGCCGAGAGGCGCTCAACGCGGCCTCGTTGGGTCTCCAGTAGGGCCTCATGTTCGTCCAACAGGGCCTGGTAGTCCTCCGCCAATGCCTGGAGGGTATCGGACGCCTCCGCGGCGTCCGCGAGGGTGCGAAAGTCGGCCTCGGCCCGGTCGAGCTCGTCGGCGAAGGCCTCCACCGACCGCTGCATCGCCTGATAGGTCTTCGGCTTGGTGTCGTACCCACCGTACGTGCGGCACCCACTGGCCAACAGTCCCACGAGGGCGAGCAGGAGTACGAAACGATTTGCGCGTAGCATAACGGAGACGAAGGAAATGTAACGGCACGCAAAGGGATCTACTGTAGGAACGCACGGAGGTGTCCGGCAAAGATGCTCCTTTCGTCGCGCAAACGCCAATTTGCGGCCATTTTCACGTTGGTTTCCCCCAAGCAGATGCAAACCTGGTGG
NZ_CP030364.1_gap66	2235652	2238155	2503	TCAACCGGCGGTCCAGGGACGTACAGCAACAGTTTCAAGACCTTCGCCGGGAGGTTCGCCGCACGCGAGAGGCGGACTGGGAGGACCAACGCCAGCTCGAACGGTTGCAGCAGAAGCAACAGTCGCTCTCCCAGAGCAAGTCGAGCCTCTCGCGCCAGGTGGACTCCCTAAACCGCGAGATGCAGCGCAACGACCTGTCGAGCCCGGAGACCAGCAAAAAGTTTCAGGAGCTCAAGCAGACCATCGACGAGATGGAGTCGAAGGGCCTGCAGAAGGCGCTCGAAAAGATGCGCCAGTCGATGCAGGACCAGAGCTTCCGCCAGATGCAGTCGGCCATGGAGCAGGCCCAGTCGCGCCTCGAGCAGCAGGAACAGCAGCTGGAGCGCACGCTCAACCTGTTCAAGCAGCTGAAGGCGCGGCAGAAGATGGAGGAGCTGAGTCGACGGGCGGAGGACATCCGGAAGCGGGAGGACCAGGTCGCCCAGGAGACCTCCGAGCGCATGGACGCGTCTTCTGATGCCGACTCGACCGGCCAGTCTCAGGAGGACGCCCCCTCGTCGGAGTCGCCGTCCTCAGACTCCACTGCGACCCCCACCACCGCCTCCGACTCGTCCCGGGCCGATGCCTCCCCGCCGGGCGCCTCGGACTCCACGGGCACCGCACCATCCGACTCGCTCGGCTCACAGCGGTCCCCGCGCGCCGACTCGTCGGCCAACCCGGACCTCGCCCGCGAACAGAAAGAGCTGGCGAAGGAGATGGAGACGCTCATGGAGGAGATGCAGGACGCCCAGCAGGACATGAAGGACGTCCCATCGGCCCCGAAGAAGGACCTTCAGCAAATGCGCAAGCAGATGCGAAAGCAGGACCTGCCGGAGCAGATGCGACAGAACAGCCAACAGCTCCGGAAAAACCAGCTCCGGAAGGCCCGTCAGCAGCAGCGACGGCTGCAGAAACGCCTCCAGAGCATGCAGTCGCGGATGTCTCAGATGCAGCAACAGATGAAGGGGCAGCAGCGCCGGATGAACATGACGGGGCTCCGCAGCGCCCTGGCAAACACCCTGCGCCTGTCCAACGACCAGGAAGACCTGCGCACGACCCTTGAAGGACTGGAGGGGGAGGGCTCCGCCGTTCGTCGCTTTGCCCCTCGGCAGAAGGAACTACAGGACGGCCTCAACCACGTCGCCGACTCCCTGCAATCCATCGCGAACCGGCTTCCGCGAATGTCGAAGGCCGTTCAGGAGAAGACGGGCAACGCGCTGCGGGCCATGGAGGACGCGACCACCGCCCTGGACGCCCGCGAGGGAGACGAGGCCACCGGCTACCAGAAAACCTCGATGATGCACCTGAACGAGTTGGCCCGGCTGCTCTCCGATCTGCTGGACCAGATGAAGCAGCAGCAAAGCAGTGGCGGAAGCGGCAAGATGTCGATGCAGCAGGCCATGCAGCAGCTGCAGCAGACCTCCGGCCAGCAGCAGAAGCTCAACCAGCAGATCCAGAAGTTCCTGAACAAGGCTCAGGGCGAGCGCCTCTCGAAAGACATGCAGGCCCGGCGGAAGCAGCTCGCCAAGCAGCAGCGCCAGATCAAGCAGCAGCTCGACGAAATGAACATGGAGGAGGAGGCGAAACAGAAGTTGATGGGCGACCTGCAAAAGATTGCCGACCAGATGGAGCAGTCCGCCGACGATCTGCAGAGCGGTCGCCACAGCCGAGACCTCATCAACCGCCAGCAGCAAATTCTCAGCCGTCTTCTCAACGCCCAGCAGTCGCTTCGTACGCAGGGCAAGAAACAGAAGCGACGGGGGCGCCAGGCAGACGACGACTTTGATCGGCAGCGTCCCGGCGACCGCCCCGACTCGGAGGCCCCCGACACGCTCCGGCGCGGCCTCATTCGCGCCCTGGAAATGGGATACGACTCGGAGTACGAGGCGCTCATCAAGAAGTACTTTGAGCTCCTCGAACAGCGTGAAGGGGCGGCGAAATAGACGGCGGCCGTTCACCTCGGTCCCTTCCGGAAACTGAGACCCTCAGCTCGCCGACCTCCATCCTGCTCGTCGCGCCGGTGCACCTGGTGGCTCAGCGTCTAGCACCCGCCCCACGGGAGACAAAAACGACGTAGGGGAGGCGAACGAAAATCCACATCGGGGGGCCGCGGGGCTACAGCCCAGCCCCCTTCGGTCGTTGGGCACTCAATAGATCCCCCGACCTCACGTCAACGACGACGCCCATCCCCGTCCAACTACAAAAACGGCTCCGTCGATTGACGGAGCCGTTCAGGACAAGTGCTAAAATCAGTAGCGGGGGCGGGATTCGAACCCGCGACCTTCAGGATATGAGCCTGATGAGCTACCACTGCTCCACCCCGCGGTGTAAAGCACGGTCTGGTATTAGCCAAATCTCTTCGGGTTCCGCCGCTTGTCAGTTTCACGGCGATCTAAAATCAGCTCCACCTCGTCTCGAAATCCGACCGGTACCAGATGCTCGGAGCCGCCTCCCGGACTCGAAC
NZ_CP030364.1_gap67	2242933	2247476	4543	GGAGGGGGAAGACGGGGCCACGCGAACCCTGACGTACGGCGAGCTCCACCAGCGCGTCTGTCGCTGTGCAAACGCGCTGCGGGACCTGGGGCTCGGAAGGGGCGACCGGATTGGGCTCTTTATGCCCATGACTCCGGAGATCGTCATCGCGTTCCTGGCGATCGCAAAAATTGGAGGGGTGTTGCTGCCCCTCTTCAGTGGGTACGGGGTCGGCGCACTGGTCACCCGGCTCCAGGGGGCCGAGGCGGACGCCCTCTTCACGGCCGACGGCTTTGCGCGCCGGGGGCGCCCCATCGACATGAAAGAGACCGCGGACGAGGCGGTCGCCCAGTGCCCGACGGTCGAACACGTCATTGTTCACCGGCATCTCGGGCGCGATGACACGCCCATGACGACCGGCCGCGACCGCTTCTGGGCGGATTTCGTGGCGGGGCACGACCCGGAGGCCCGCACGGCCCGCACCGGGGCCGACGACCCGGTCATGGTCATCTACACCAGTGGCACCACCGGGCCGCCGAAAGGGACCGTACACACCCACTGCGGCTTCCCCATCAAGGGCGCGCAGGACATGTACCATCCGATGGACCTGAAGCCGGGGGAGACGATGTACTGGATGAGCGACATGGGCTGGATGATGGGGCCATGGCTCGTCTTCGGCACGCTCACGGTGGGGGCGACCATGGTGCTCTACGACGGGGCCCCCGACCATCCGGACGCCGGACGCCTCTGGCGACTAGTGGACGACCACGAGGTGACGCACCTCGGCGTGTCCCCCACCCTCATCCGCGCCCTCAAGACGCACGGCGACGCGCCCGTAAGGGCGTCCGACCGGTCGAGCCTTCGCGCGATCGGGTCGACCGGCAGTCCCTGGGACCCCGAGTCCTGGTCGTGGTGCTTCGAAACGGTCCTCGACGGCGAGAAGCCGATTCTCAACTACTCCGGCGGCACCGAGATCGCCGGCGGCATCCTCTGTGGCAACTTCCTGGAGCCCCTCAAGCCCGCCGCGTTCTCCGGCCCGGTCCCCGGCATGGACGCCGACGTGGTGGACGAGGACGGCACGCCAGTTCGGGAAGAGGTCGGCGAGCTCGTCCTGCGGGCGCCCTGGATCGGCATGACGCGAGGCTTCTGGGGCGACGACGACCGCTACCACGACGCCTACTGGGACCGACTCGACGACGTGTGGGTGCACGGCGACTTCGCGGCCGTCGACGAGGACGGGCTCTGGTACATCCTGGGCCGCTCGGACGACACGATCAACGTGGCCGGCAAGCGCCTGGGCCCGGCGGAGATTGAGGCGCTCCTCAACGCCCACGGGGCGGTCGCCGAGAGCGCGGCCATCGGCGTGCCCCACGACGTGAAGGGCTCCGAGATCGTCGCGTTCGTGGTGCTGGAGCCGGACTACGACGAAACCGCGGCCCTCCGCGAGGAGCTGATGCAGGGGGTCGTGGACGAGATGGGCAAGCCCCTGAAACCGCGCGAGATTCTTTTCGCCGACGCCCTGCCCAAGACGCGCAACGCCAAGGTCATGCGGCGCGTCATCCGGGCGGCGTACCTCGGCGAAGAGCTCGGCGATACGTCGAGCCTGGAAGACCCGGGCACCGTCGACGCCATCCAGGAGGCGCGGTAGAGCGCCTCCCCTCCGTTCGGTGCCTCACCGGTTCCGGAGACGAACATCCCCCCTTCCCCGCCATATATTCGGATGGGCGCGTTAAGGAATAGTGAACCCGACACGCCATGTGGGTGCGTCTCGTTGCGGTTCTGTTCGTCGCGGCGTGTGGGCCCGGCCCCGCGACCGGGCAGTCCACCGGCGTCATCGAGGGGCGCGTGCTCGACGCCGACTCGAACGCGCCGCTGCCCCGCACCCACGTCTTTGTGGTGGAGTCGATGCACGGGGCCGTGACCGATTCGAGCGGGCGGTTTCGGCTGGAGGGGGTCCGCCCGGGCCCGAAGCGGCTGTACGTGTCGCGGGTCGGACACGAGCGGCGTGCGCTCGCCCTTCGTCCCGCCCCCGACCGTCCCGTGACCGTGACCGTGCGCCTCGACGCCAAGGTGCTTAATTCGCCGCCGGTCACGGTCTCCGCGGAACGCGACGAGGAGTGGTACGAGCGCCTGGACCGCTTTAGGCGTCTGTTCATCGGGCGCTCGGACCTGGCCGAGGACTGCACGCTCGTGAACCCCGAAGTCCTCCGCTTCGACGACAAGTGGTGGGGGCGGTTCGAGGCGTGGGCCGAAAAGCCGGTCATCATCGAAAACCGGGCCCTGGGCTACCGCCTGACCTACTTCCTGAAGGAATTCGAGGAGCGCGGATCCGTGGTGCGGTGGGACGGAGAGCCGCTCTTCGAGCCCCTCGCGCCGACGGACTCTGCGGAGGCCGCCCGGTGGCGACGGAACCGGCTGGAGGCCTACCGGGGGTCCCTCCGCCACTTCCTCCGTGCCCTCATGGACGACCGGCTCGACGAGGCGCAATTCGACCTCTACCGCCTGCCTCGCGCCTCCGCCTTCCGCCACGCCGCACGTGCCGACCGCTTCCCCGCGGAGCGCGATAATATTCTGGAGGCCGGCCCCGACTCCACCTATCTCCTTACCGCTCACGACCGGCTCGAAGTGGTCTACCACGGCATGCCGGAACGGCGAGCGTACCTCGAGTGGGCCGACCTTCGTCGACGCACGCCCCGGGACCACCAGACCTCCCAGATCGAGCTCAACGAGCGGCCCCTCCACATCGACCCGTCCGGCGAAATTGTGGAGCCCTACGGGGCCACCCTCTACCAGTACTTTGCCTTTACTGCCCGCATGGCCAAGCGCCTGCCCCGCGAGTATGAGCCGCCCAAGTAGCACGGCCCGGCCCTCAGTCCGCCCAGAAGGCATTCTCGTAGTGTTGCACCTCCGGGGGCCCACCGTTGAGCATGACCGCCACGACGTCGAAACGGGCCGGAGCCCCTTCGGCCCCATGCTCGTGGAGGTAGCCCCGGGCCGCATGTTGTAGGGCCGCTCGTTTCTTGGCGGTGATCGACGCTTCCGGCGCCCCAAACCCCGTCCCGCTCCGGGTCTTCACCTCCACGAAAACGTACTCCTCCGCGTCGGTTTCTCGACACACCAAGTCCACCTCGTTGCGACTGTGGCGGTAGTTGCGGGCCAGAATCTCATAGCCCGCCCCGTCGAGATGAGCGGCGGCGATCTCCTCCCCACGGTCTCCGATGTCGTTGGTCGTTGCCATGGCAGACAGGGAGACGTTCCGTCAGGATGAGTCGGAAGAGGAGGGCGTGCTCTCGGACTCGCCCCGCCGGAGCGCCACGGCGAGGAGCTGCTCGATCTGATCGATGTCTTTGTTGCGGACGAGCGGAAGCAGGGCCTCAGAGACGCCTTCGAGCACCTTCAGAAGGTCGATGAGGCTGGTCAGGCGCTGGTGGAGGGCCCGTTCGGGCTCCGGATGGTCCGCCCCCGACGCGCCGTCCTGGACCAGCAGATCGGCACACTCTTGAAGGCGCGACCGGACGGGATGGACCTCCCGGCGCTGACGCTCTTCAATGATGCGGGCGGTGATCTGCCATACGTCGGTCTCCGCCCGGTAGTAGTCTTTGCGCGAGCCGGAACGATGCGTTTTGTCTACGAGGTTCCAGTCGACGAGCGACCGGAGGTTCATGCTGGCGTTGCCCCGACTCACCTCCAGGCACTCCATGACCTCGTCGGTGCTGAGGGGCCGCCCTGCGCAGTAGAGCAGCGCGTGAATTCTCGCCATGGTGCGGTTGATCCCCCACGTCGATGCCATCTCCCCCCACAGGGAGACAAACCGGTCGACCGCGACCCGGGCCTGCGAGCCGCGGTCGAGGTTCAAGGGGTCCAGTCCGGAAGGCTCGGAGGATGGCATGGGGGGACTCGCGCTGTTGGCAGCCGGTCTCTTGGGGGGAGCCCGCCGGGGCGGTAGGCCCAACTCCTAAATCCCTCCGAATTGTTTCTCTCAGGCGGAACGGGCCTACACATCGCGGTCCGCGGTTCGTATGCTCATATCCAATCGCCGAGGCAGACTGTCTCTGCCGTCGCCTTCCCGGAGCCCTCTTTTCACATCCTTCGAGGTCCATGCCCACTCCCGCCCCTTCTTCGCCCCCCATCGTCACCCTCACGACGGACTTCGGCACGGAGGATGCGTACGTGCCGGCGATGAAGGGAACGATGCTCTCCATCTGCTCGGACGCACGACTCGTGGACGTAACCCACGAGATCAGCCCCCAGGACGTGATGGAGGCGGCCTTCGTGTTGCAGTCGGCCCGCCCCTACTTTCCGGACGGCGCCGTGCACCTGGTGGTGGTGGATCCGGGGGTGGGCACCGAGCGGCGCGCCGTGGCCCTGCGCGCCGAGGGGCAGTGGTTTGTGGGGCCCGACAACGGCGTCTTTCCGCTCGTGCTGGACCAGGCGTCGCCAGACGCCATCGTGGAGCTCGACGACCCGACGTTCTGGCGGGACGACTCGCCAAGCACGACGTTTCACGGCCGCGACATTTTTGCCCCCGCCGCGGCCCACCTCGCCGACGGCCGGTCCGTGGAGG
NZ_CP030364.1_gap68	2250374	2252167	1793	AGCCGACGGAACTCCTCCCGATGCGGGTTCGACGCCTGCTGGGTCTGCACGACCTGCTCCAGCGCGTCGGCCCAGAGCTGGATGACCGCCTGCTCACGCTCCTGCAACCGATCGACGAGCCGCTGGGTGTACCAGAGCGACGCCAGGGCTATGCCGACGGCAAAGACGATGAGGCCGAGCTTGAGCTGGACCGACCACCGATAGGCGTCCATGGCACCGCGGGGTTGTACACATGTGGGGCCACCACGAGGAACAGGCGTACGAACCGAGCCTCCTACGACACGTGCGCCCCGCTCTCCGGCTCAGGCCGCAGCCATCGGCTGCACGTCCGTGATGATCTGGCTGCGGCGCGGCCCGTTCGAGACCAATCCGATCTCTACGTCGAGGTAGTTCTCGATGAAGGCGAGGTAGTCTTGGGCCGCCCGGGGCAGGTCGTCGACGTGGCGAACCGCCGAAATGTCGGCCTCCCACCCGGGCAGGGTTTCGTACTGCGGCTCCACGCGGGTGAGATTCTGCGGCTCACTCGGGAAGCGCCGGGTCGTCTTGCCGTCGTACCGGTACTCCGTGCACACCTTCAGCTCGTCGATCCCGGAGAGGATGTCGAGCTTGGTCAGGGCCAGCTCGTTGAAGCCGTTCACCATGCAGGTGTAGCGCAGGGCCACCAGGTCAAGCCAGCCGCACCGACGGGGACGGCCCGTCGTGGCCCCAAACTCACCGCCCTTCTCCCGCAGCGCCTGCCCGACCTCGCCGTCGAGCTCCGTGGGGAAGGGCCCGTTGCCGACACGCGTGCAGTACGCCTTCGCGATGCCCAGGACGCGGTCGATCTCGGTGGGCGAGACGCCGAGCCCGGTGCAGCACCCGCCGGCCGTGGGGTGACTGGAGGTCACGTACGGATAGCTGCCAAAGTCGACGTCAAGGAGCGACCCCTGCGCGCCCTCGGCCAGCACGCGGGCCCCGTCGTCGAGGGCACGCGAGAGGTACGCCGAGGTGTCGGTGACGTAGTCGTCAATTTTCTGATCGAACTCGACGTACTCCTCCACGATGCGGTCGACGTCCAGCGCCTCCGCGTCGTAGACGTCCCGGAGGATGGCGTTTTTCTCCTCGATGGAGCGCCGGAGCTTCCGGCGCAGCACGTCCTCGTCGAGCAGGTCCACCACCCGGATGCCGGTGCGGGCGAACTTGTCGGTGTACGCGGGCCCGATGCCGCGTCCCGTGGTCCCGATTTCGTCGTCGTCGGACGCGGAGGCCCGATCCTCCTCCTGTGCCGCCTCGATCGCCTTGTGGTACGGCATGATGAGGTGGGCGTTGTGGGAGATCTTCAGCCGCCCCTCCACGTCGATGCCCAGGGACTCAATCTTCTCGATCTCTTCCAGAATGGCCTTCGGGTCCAGCACCACCCCGTTCCCGATGACGCAGGTGACCCCTTCGTGAAAGATTCCGCTCGGCACGAGGTGGAGAACGAACTCTTCGGTCTCCCCCTCCTCGTCCCACACAATGGTGTGTCCGGCGTTGGCGCCGCCCTGGTAGCGGGCCACGATGTCGACGTCCGGGCTCAGGAGGTCTACAATTTTCCCCTTCCCCTCATCGCCCCACTGGCTTCCAATTACGATAGAGACTGGCATAGCACACGGTATCGATTCAACAAGCAGGTCGGTGTCGTCGTCCGCGCCGCCCCTTAGGCCGCGCTCTTTTCGAGACGACGGTTCAATTCCACAATCGTGGGGGAGGCGACGAAGATCGACGAGTACGTTCCGATCACGACCCCGACGATGAGCGCAAACGAGAAGCCCCGC
NZ_CP030364.1_gap69	2256382	2258759	2377	GACCTTCAACGAACCGGAGCGGGAGCGCGTCCTTGGTGACGTGAGCACCTGGCTCACGGAGCGCTTGCCTACCGATCCGGCCCGGTGAGGAGGTCAAACGTCACCTGCACCTGGGCCGAGACTTCAATTTCCCCAGCGGCATATGCCTCCGGCTCGCCCTGACCGGTGCTGGTGGTCTTGGCCATCTCCACACGAGCCCTTTGCGGCTGGGGGCGCACGAAGTCGAAGCTCTGTTCGTTGATGGTCCGCACGGACCCGAGCTGCGCGTCGAGCGTCGCGGCCAGAAGACGGGCCTTCTCACGTGCCGCCCGGGCCGCCTCGCGCAGTGCCTCGTTGCGAAACTGCGTCCGATCGCTGAGCCGGTAGTCGATGCCGTCGAGCTCGTTCGCCCCGCCCTCCACGACATCGGCCACGAGCTGGGGCAACACGTCCAGGCGATCGAGCTCGACCACCACCTGACGGGTCGCCTCGTAGCCCACGAGCTCGCGCCGGTTTTCCTCGTCGTTGTACTCGTACTGCGGCTGGAGGCGGAGGCTCTCCATCTGCAGTTTTTCCTCAGGGACGTCCAGGCCGCGCACCGCATTCATCGCAGTCTTGGCCGCCGTCGCGTTTTGGGTCCGGGCCGCCCCGGCGGTCTCGGCCCGCGTGACCACCCCGAAGCGCACGAGGGCCTGATCGGGCTGTGCGGTGACGGTCCCCTCCCCGCTCACGGACACCGTCGACCGATTGTCATCTTGCGCGGCGGCGGGGCCTACCGCAGTAAAAAGGGCCGCAACGACGACGAGCCAGAGGGGAAAGAAACGATAAAACATCGGGGGGCAGGGCATTAATAGGCGTGACACACGCAGCATTCGGGCCTTCAAAACGGATCGTCGGACAGAATTCGTACCGTTACCGCTGCCCGTTCATCTGTTCAGATCCGGCAGCCCGCGGGCAATCTGACCCCGCTCCTTTCCGTTACGGATGCAGCCGCGCGATCGTGCGGGGGAAGGGAATGGTCTCGCGGACGTGATCGCGGCCGGTGATCCAGGAGACGGTCCGCTCCAGCCCCAGCCCGAAGCCGCTGTGGGGGACCGAGCCGAACTTGCGCAGGTCGAGGTACCAGTCGAAGACCTCCTCCGGCAGGTCGTGCGCCTCAATCTGCTCCTTTAGAAAGTCGAGGTCCGTCGCCCGCTCGCCGCCGCCAATGATCTCGCCGTAGCCCTCCGGCGCGAGCACATCGATCCCCATCGCGAGGCGGTCGTCGTCGGGGTCCCGCTTCATGTAGAACGCCTTGATCTCGGCGGGGAAGCGGTGCACGATGACCGGACGGTCGAAGTGCCACGTGAGCACCGTCTCGTCGTCCCCCCCAAAGTCCTCGCCCCACTCGAACGTCTGGGCCGACTCCTTCCAGTCCGGCAGGTTGCGGAGGGCCTCCTCGATCTCATCGACGCGCTTGTTGATCTCAATCTCGCGGGCGTCGATCTTGCGCTTCACGTGCTTCTTCGCCTGCCCGCGGCGTGTCTGGTTCTCCTCCTTTTCCTCCAGGAGTTCGGCCTTCTCTTCGTTCAGGGCTTCAATGCGCTCGTCAATCATCTCGGCCGTCTCGTCGCTGCGGAGCAGCTCCACCGCCTCGTCGTAGCTGATGCGGGGGAACGGCGTCTCCACCTGTTCGAGGGCGGACGTGTCCCGGTCCAGCGCCTCCAGCTCCTCCTCGCAGTCCTCCAGGACGGCCTGGACGATGTGGGCCACGAAGTCCTCCGCGAGCTGGGCATTCATCTCCAGATCGTAGAACGCCATCTCCGGCTCGATCATCCAGAACTCGGTAAGGTGGCGCCGGGTGGCCGACTTCTCGGCGCGGAACGTGGGGCCGAACGTGTAGACCTTGCCGTAGGCCATCGCCATCGCCTCCCCGTGCAGCTGCCCACTCTGGGTGAGGTAGGCATTCTCGTCGTCGAAGTAGTCCAGGTCAAACAGCGTAGACGTCCCCTCCACGGCGTTCCCCGTCAGGATGGGCGCGTCGGTCTGGAGAAAGCCCCGCTCCTGGAAGAACTCGTGGATGGCCGTCTCGATGCGGTTGCGGATGCGCATGACCGCCCATTGGCTCTCGCTCCGGAGCCACAGGTGGCGGTGCTCCATCAGAAAGTCGATGCCGTGCTCCTTCGGCGTGACGGGATAGTCGCCGGACTCCCCGATCCGCTCGACGGCGTCGACCTGCAGCTCATACCCTCCTGGCGCCCGCTCGTCCGCACTCACGGAGCCGGTAATCTCGAGCGCGGCCTCCTGCCGCACGTCATCGGCCACGGCCCAGCTGTCCGCGTCCACCGCGTCCTGCGGCACCACGCACTGCACGAAGCCGGAGCCGTCGCGCAGGATCAAAAACTTGATCCCCCCGGAG
NZ_CP030364.1_gap70	2265133	2268976	3843	GTGGCTCCCCAGTCTATTCCCCAGCGGCTCCAAACACGGACGGACACCACGGCCCAGTCTGGGCCCGTCGGTGAGGCCGCCAACAGGTTCAACAACGCATTTAGTGACGGCCTCCGGCTCTTTCTGGATGGCAACTGGGAGGGACTCTACGACCACCTCACATCGGGGGCCCTGTACCTCCTGGGGCTGCTTACCGAGCGGGGCCTTCAGTCCCTCGCGGCGTTTCTGCTGTTGTACATCATCTACCGGGCGCTGTACCTCGCGTCCGAGCGCGCCCTGGATCGCAGCGACAGCATCGAGCCGGGCCTCCAGAGCCTCCTGCTGAAGACCTTCCGGGTGGCGTCGTTCTTCTTCATCGGCACGGTGGTCCTCGACCAGCTCGGGGTCAACGTCGCGGTGCTGGTCGGCGGTCTGGGCATTGCGGGCATCGTCGCCGGATTCGCGGCGCGGGACTCGCTGGAGAATTTCATCGCGGGCGTCACGGTCCTCGTCGACAAGCCGTTCCAGGTGGGCGACTACATCGAGATTGGCGACCAGTACGGACAGGTCGACGAGATTACGCTCCGCTCCACGCGCCTCCGCACGGTCCGGAACCGGACCATGGTGCTGCCCAACACGCACATGATCACGCAGGAGCTGATGAACCACACCAAGCGGAATGTGCTGCGGATCGACGTCTCCTTCGGCATCGCCTACAAGGAGGTCCCCGACGAGGCCCGGGCGGCGCTCCTCTCTCTGTTCGAAGGCGACGACCGCGTCCTAACCGAGCCGGCCCCCAGCGTGGTCGTGACGGAGATGGCGGACTCCAGCGTCAACATGGCCCTCCGCTTTTACACCCGCAACCCGGATCAGGAGGTGCCGTTGCGCTGGGAGTACACGGAGAAGGTCCGCGAAAAACTGCGCGAGGCGGACATCGAGATCCCCTTTCCCCACCGTCAACTCTTCCTCGACGAGGCGAAGGCCCTCCAGGGGTCGGATCTTCTCGCCCCCGCGGACGACCCCGCAAACGGAGAGGGGCCATCGGCAGAGTGAGGGGCGACTCAATCCCCCCGCACCGTTACCACGACGGTCCGCTCGCGGGGCTTGACATCGCATTCGAGGTGGAAGATCTGCTGCCACGTGCCGAGGATCGGCGCGCCGTCTCCGACCGGCACGGTGATCGACGGACTCAGCGTGGTGGCCTGGAGGTGCGAGTGGCCGTTGCCGTCGTGCCAGCGCTGCTCGTGGGCGTAGGTCTCCTCGGGCGGGAACAGCGCGTCGAGTTGTTCGGGCAGGTCCTGCTGAAGGCCCGGCTCGAACTCGATGGTGCCGACGGCCCCGGTGCTGCCGACGTTGTGCACGTGCACGAGTCCTGCGTCAATGCCGGACGCGCGGACGACCTCCGTCACCGAGGCCGTCAGGTCGTGCATATCCCGGTGCCCGTCGGTCGACAGCGCGATGCGGTCCTGGTGCGTGGCCATGAACGGGCTGAAGACGATCCGTAGGAAACAGCACTACTCGGAGCCATCGGGGCCGGCCGACTCGTCCCAGTCCCACGTCCCGAAGGCCTCGAAGGCATCGTGGGCCGTCATGTCGTGCTGGATCGGGGTGACGGACACGTAGCCCCGCTCGATGGCGGACAGATCCGTCTCCGGCCCGTCGTCGAGGTTCACGAAGGTCCCGGCGAGCCAGTAGTAGGGCCGGTCGGCCGGGTCCGTCCGGCGTTCGAAGCCCTCCTCCCATCGCGACCGGGCCTGCCGGGTGAGCGCAACCCCTTCGATCTCCTCCGCCGACAGCGCCGGAACGTTCACGTTCAGGAGCACGCCCTGCGGCAGTCCCCGATCGAGCGCCCACTCCACGATGCGCCGAGCCCACTGCCCCGCCACCTCAAACTGCGGCTTCGACCATTCGCACAAGGAAATGGCCAGGGAATCCAGCCCCAGGATCGAGGCCTCGGTTGCGGCGCTCACGGTGCCCGAGTAGAGCACATTTACGGCCGTATTCGGGCCCTGGTTGATGCCACTTACCACCAGGTCGGGCGGCGCGTCGAGCAGTTCGTGGCAGGCAAGCTTGACGCTGTCGGCGGGGGTTCCGGTGACGCCCCAGGCGGGAATCGGGCCGGACGGCACCTCAAACTCCTCCCGGTGCGCACGAACCGGATCGCGGACCGTGATGGCGTGCCCCACGGCGCTCTGCTCGGTGGTGGGGGCCACGACAAACAGCTCGCCCAGCCCGTCGAGGGCCGACGCGAGCGACTGGATGCCGGGGGCGTGGATGCCGTCGTCGTTGCAGAGAAGGATGCGGGGCTCGTCGCCCGACGCAGGGCTGCTCATGGGGGATGGGGAACTTCGACTTGAAGAAGAACAGACGCCCCGCCGTCAACGCAGTTCAGCGGCACGCGCAGGGATCAGTAGCTTTCGTCTTCGTCGGGGAACGACCGGTCCCGCACGTCCGACACGTACGCGCCGATCGCGTCGATGATCGTCTCGTCGAGGCGGGCGTAGCGGCGCACGAACCGGGGCTCAAAGTCCGTCGACAGCCCGAGGGCGTCGTGGGACACCAGGACCTGCCCGTCCGTCTGGTCGCCCGCCCCGATTCCAATCGTCGGGATGGAGAGGGACGCGGTCACCTCCGCCGCCAGTTCGGCGGGGATCTTTTCCAGCACGACGGCGAAGCACCCGGCCTCTTCGAGCCGTTTGGCGTCGGCGCGAAGCTCATCGGCTTCCTCCTCGTCGCGGGCCCGCACCTGGTAGGTGCCATAGTCGTAGATGCTCTGCGGCGTCAGGCCCAGGTGGCCCATCACCGGGATGCCTGCCGTCACCATCCGCTCCACGGCCTCGACCACCGGCGCGCCCCCCTCCAGCTTCACCGCGTGGGCCCCGGCCTCCTTCATCACCCGGATGGCCGAGTCGAGGGCCTCCGTCGGGTCCCCCTGGTACGCGCCGAACGGAAGGTCGACGACCACGAGCGACCGGTCGATGCCCCGCACCACGCACTGCGCGTGGTAGATCATCTGATCGAGGGTCATCGGGAGGGTGGTCTCGTGCCCCGCCATCACGTTCGCCGCGGAGTCGCCGACAAGCAACACGTCCGCGCCGGCCCGGTCCAGAAGCCGGGCCGAGGTGTAGTCGTACGCCGTCAGTGCGGCGATCGGCACCCCTTCCTCTTTCATCTCTTGAACAGTCTTGGTGGTCACGCGCGGCACGTCCGCAACGTCCGGGGGGGAAGAGTCGGCACCCATAAGGTCGTGGTGTCAAGTAGACGAGACGGTCCGCCCCGACGGCACAACGCGTCGGGGGGCCTCCGCCCGGAGCCAGACCGGTTCGCTTCACCGATCCGGCCCGCCCGGAGGGAGGGGCGCTTCGTTGGGGACCCGGGCCCCAAGGCTACTGGCCGCTCCCGCTTCCCCCAGCCGGCGGCGCATTTTGGTCCAGGGTCGGGGACGGCTCGCCGGGCGACTGCGTGAGCGAAATGCCAAGCTCCCCCGCGACGTCGCGCGTGATGTCGGCGACGCGCTCACTGGTCTCGTCCTCGTAGAGAAGGACCTGTCGACGCAGAACCATGTCGAGCTCCTGCTGGGCCGCCACCTTGTCGATCGCCCCCTGGAGCTTCTCCAGAAGGGGCTGCATCATTTTGCGACGCTTCTTCTGCATCTGCTGCTGGCGCTGCTGGGCCGCTCGCCGGAGCTCCTGCGAACGCTTCTGCAGCTCGCGCTCGCGCTCGGCGCGCGCCGAATCGTCGAGCAGCGACTGCTGCTGCTGAAACTGCTTGACCCGCTTCTGAAACTGCTGCCGCTGCTGCTGGAGTTCGCGCTGCTGCTGCTTCATTTCCTGCTGCACCTGCTGCTGTACCTCCTGCATCTCC
NZ_CP030364.1_gap71	2418068	2422901	4833	GGGCGCCGAGGCGGGCGACTTGGTTCTCACCCTGGCCGGCCACTCGCCCACCGTGTTCGAACAGGCCGGCGCCCTGCGCCTCCACATGGGCGAGGAGCTCGGCCTGCGCCCGCCCGCCGACGAGGGCGACGACGCGTTCCTGTGGGTCACCGACTTTCCGCTGATGGAGTACGACGAGGAGGCCGGGCGCCCCGTCTCGATGCACCATCCCTTCACGGCGCCCCACCCGGACGACCTCGACCGCCTCGACGAGGACCCGACGCAGGTGCAGGCACGCGCCTACGACCTCGTCCTCAACGGCAACGAGATTGGCGGCGGCTCCATCCGCATCCACAACCACGAGACGCAGATGCAGGTCTTCGACGTCCTCGGGATCGACGAGGAGGAGGCGCAGGACCGATTCGGGTTTCTGCTCGACGCCCTCCGCTATGGCGCGCCGCCGCACGGGGGGATCGCGCTCGGACTCGACCGCCTCGTCATGCTGCTGGCCGGGGCCGATTCGCTCCGCGACGTCATCGCCTTCCCCAAGACCCAGAGCGGCAAGGAGCCAATGGTGAAGTCGCCCGACTGGGTGGACCCCGAGCAGCTGGAGACCCTCGCCCTCCGCCTCGACCTGCCCCCCGACGTGGAGCCGCCGGCCCGGATCGCCCAGCGCAAGCGCCTGGCGTCGTAGGTCCTACCCCATGTCCGACTCGCTTTATCCCCCCTTGGACCTGCAGGCCCTCCGCCCGGCCGTCCACGAGCACCTTGACTGGGGGACGTGGGCGCGGTGCATCGAGGACAACGGGATTACGATCGAGCGGCCCCGCACGACGGCCCATCCCGACCATCCGTCCATCGTTTACCCGGTCGACTACGGCTACGTGAACGGCACGCGGGGCGGCGACGGCGACGCGCTCGACGTGTTCGTGGGCCGCGGCACGACCGGCCTCGTCGGGGCCCTCCTGACAACCGACCACCAGCAGCGGGACCGGGAGGCGAAATTGCTCTACGACTGCACGCCCCCCGAGGTCTACACGGCCCACGGCTTCATCAACTACGACCGGACGCTGCTGGAGGGCGTGCTGGTGCTCCGCCAAGAGATGCGGGCCCTCTGGGACGAGGGCGACGGACCGGCCCCACCCTCGGCGCAACGGCCGTAGGCGGGACGCACGTCTCTTTACGCCCGCCGAATCGTCACCGTGGCCCCGACCCGGTCGGCAAGCGCCCGGAGCTGGGACGGCGTGACGCCGATGTAGACCGTGTCGACGCCGGTGCACCCCGGGTGCGCGTCGGAGCGGGTCCGGTTCGTCGAGCCGCCGGCATGGTCCGTCCCGCGGTGCCCATTGACCATCACGAGCGTGTCGACGGCGTCGTCCCCGTCCACCGCCCGGATGATCTCGGCGCGGGAGGCCTTCAGGGCCCGCGAGTAGATGTAGGCGGAGCCACAGATGATGCCCCCGAATCGCTTGAGGCGGCCCGGCGGGCCCGACGACTGGTTTTCGGGCCCCTTTGCAGAGTCGTGGTGCATCCCGTCGTGCCTTCGCTGTGCCTATTTTCAACCCATCAGAAGCGGACGGAGCGAGCCCGGCGGTCGTTCCGCTAGTCTCGGTCCCGTCTGAGACGTCCAATTCACACCGGCTCCCGTGCCCTAAAACGCAAGCAGGCCCTCCACCTTCGGCCGCAGTCGCGCCGTCGCCGAGAAGATCTCGTCCTCCAGCGGCTTGGCGTTGGGCACCGGCAGGTCCTCGGCGGCCACCCGTGTGATGGGGGCGTCGAGGAGCTCAAAGCCGATCTCGCCCAGCTCCGCCGCCACCTCGGCCCCAAAGCCCGCGGTGCGCGACGCCTCGTGCAACACGAGCAGGCGGTTTGTTTTGTCGAGCGACTGACGGACGGTGTCGCGGTCCCACGGGACGAGCGTGCGCAGGTCCACCACCTCCAGCTCCACCCCGTTTGCTTCGGCCTGGTGTTCTGCCTCCGCCAGCGCCCAGTGCACCCCCACCCCATAGGTGACGATGGTCGCGTCGGTGCCCTCTCGCGCCACCCGTGCCTCCCCGAACGGCAGCGTGTATGCCTCCGTCGGCACCGCGCCGCGGACGGACCGGTAAAGCTTCTTGTGCTCGAAGAAGAGGACCGGATTGGGGTCGGCCACGGCGGTGCGGAGGAGCCCCTTCGCGTCGCGGGGCGTGGCGGGCACGACCACCTTCAGGCCCGGCGTGTGGGTAAACCAGGCCTCCCGCGACTGCGAGTGGAACGGCCCAGCCCCGATGCCCCCGCCGAAGGGCGCACGGATCGTTACGTTGACCGGCTGTCCCCACCGGTAGTGCGTCGTCGCCAGGTTGTTGACGGTCTGGTTGAAGCCGCACGAGATGAAGTCGGCATACTGCATCTCCACGACCGCCGGGAGGCCCTCGATGGACAGGCCCATCCCGGCCCCGAGGGCCCCATCCTCGATGATGGGCGTGTTGCGGACGCGCTCGCTGCCAAACTCGTCGACGAACCCGTCGGTCACCTTGAACGCCCCGCCGTACTCGGCAATGTCCTGCCCCATCACAATCACCTCGTCGTCGTCCCGCATCGCCGCCCGAAGACCATCCTGAATGGCGTCGATGAAGCGCGTCTCCTCCGTGTCCGCGTCGGGCGACGGCGGGTCCGGATCGGGCGACGGGGCAAAGACGGCGTCGCGCTCGGCCTCGGGGGTGCTGGTCACCGCCGGTCGGTCGAGGGCCCACTCCGCCAGTTCGTCGACCGCGGACTCGAGCTCGGCCCGGATGCTCTCCATCCGGTCGGCCCCGAGCAGCCCCTCCTCCCGCACCCGAGCGGCAAAGCGGTCGAGCGGGTCTTTTTCCTTCCACTCCTCGATGAGCTCGTCCGGGACGTACGCGGTGCCGGAGGCCTCCTCGTGGCCCCGCACGCGAAACGTCTTCATCTCCAGCAGCACCGGCCCCTCGGTCCGGGCGTGCGCCCGCGCCTCCCGAACCGCCTCGATGACGGCGAACACGTCGTTGCCGTCCACGATCATCCCCGGCATGTCGTAGCCGGCGGCCGCGTCGGCGATGTCGTCGGGGGCCACCGCCTCGTCGGTGGGCGTCGAGAGGCCGTAGCCGTTGTTCTCCACCAGGAAGAGGACCGGCAGGTCCCACACCGACGCCAGGTTAAGCGCCTCGTGGAAGTCGCCCTCACGGGTGCCCCCGTCGCCACAGAACGCGCAGGCGACCCGGTCCGCCTCCCGGAACCGAACGGCCTGCCCCAGCCCGCACGCCACCGGCAGCATGGCGGCCATGTGCGAGATCATGCCCACGAGGTTTTTCGCCGGCAGCCCGAAGTGAAAGGTCCGGTCCCGGCCGTTCGTAAAGCCCCCCTTCTTCCCCATCAACTGGCAAAAGAGGCGCTCCCGGTCGACGTCGCGCGTGGTCCACACGCCGAGGTTGCGGTGCATCGGCAGGATGTAGTCGCGGTCGTCCAGCGCCCAGGCGGTGCCCGCGGCGACGGCCTCCTGACCGTACCCGCTAAACCATTTCGCGATGCGCCCCTGCCGGATGAGCGTCAGCATCTTTTCCTCGATGACACGGGGTTCGAGGAGCGCCCGGCAGAGCGTCTCGGCATCAAGGTCAGGGCCCGCATTGACAGATGACTCTGGAGAGGACATGTATCTCGTAGTTCGGAACGAAGACTGACGATGGACGCTGCGAACAGAGGACAGGCGAGACGAGGGCCGTTGGAAGCATGCCCCCTCGGCTCGCTTCTACTCCAGTCGGAAGGTGAAGGTGATCGTGCCGGTCTGGTTTTCCTGGGGCGCCCCCGGCGGCAGTGCGTTGAAGCGCCACTGTTGCAGGGCGTCCATGACGGCGGCCTCCAGTTCGGGATTGCCCTTGAGGAGGGGCACGCGCCGCACGATGCGCCCGTCCGGGTTGACGGTAATCCGAACCCGGATGCGGGCGTTCACCTTCTCGGCGTACTGCGGAAGGGGCGCCCGCTCGGGATCCCGGTCCAGCCCCTCAATGTCGTAGGGCGCAGCGGCCTCTTCCTGGGAGCCCGACCCCGGATCGCCCGATTCTTCGCCGGGCTCCTCGCTTGGCTCCTGCTGGTCGGCCTGCTGTTCGGTCTCGGGCTGGGCCTCGGCCTCCGGCACGGTCGTCTCCTCCTCGGTCGGCGGCACGGACTCCTCGCTCTGCTCCTCCTCCGGAAGGTTGACCGGCTCCGACTCGGGCTCCTCCGCCGTCTCGTCGGACTCGGCCTCCGGCTCGGGCGCCTCCTCCTGCGGCTCCGGCGTCGTCGTTTTCTCCACCTGCTCGGTGGCCTCCACCGGCTGCCCGGGCGAGAACTCGCCAAACTCCACCTCCACGTAGCCGAGCTGGGCCGGGCGGGGGCGCGACGCCGTCAGGAAGGCGAAGAGAAGGGCGAGTCCCCCGTGAAGGATGACGGTGGTGGCGACCCCGATCCAATCGCTACGGGACATGGGACGCGTGCAGTTGTGGAAGCAGGCGGGCGATCAGTGTTGTCGGTCGTAGAAACGTTGGACGGCCTCGGCCCGACAAAAGTTCGTCGCGTCGGCCCCTTGCCCCCACCTCAGATCTCGTCAGCCGGCGTGGTCGAAGCGCGTCACGCCGTCGCGGACGAAGCGGCCCTCGTCGGGCACGTACCGCCGTTCCTCGACGGAGAAGGCCTCCGGCTCCACGGAGACGACGTTGTAGAAGTTGATTGGCCCCGTCGGTTCGCGCCAGCGATTGCTCGTCGCCGTGCCCGCGCTGGCAACGACAATGCGCGGGGTGCCCGGAATGATTTCGAGGGGCTGGATCGCGGAAATGTGGAGGTGCCCGCAGAGAATGAGGTCAATGCCCACCTCGCCCGCCA
NZ_CP030364.1_gap72	2429983	2433984	4001	GTGGAAAACATGAGATAACTGTTCCGGACGACCGGCTCCCCCTCTCAGCGAAAGAGCGGCACCGTAGCGGCCCCACGGTGCCGTTTTTCTGTTTGCCCCCGCTCTTTCGATACACTGCATTCGCTCATGGCCTTCTCGCTCTCCCGCCTCGTGCCCCGTCTTGCCGAGCGCCTGGGCGGCCCGCTGCCGGGCCACGAGGCGCACCTCCGCATGGCCCCCCAAAATCCGAGCCGGCGGGCCGACCTCTCGGTGGAGGCGCGGGACTGTCGGGACGCCGGGGTGCTCCTGCTCCTGCACCCGGACGACGCGGATCCGTCTGTGGTGCTGACCGTCCGGCGCGACCACCTTCCCGACCATGCCGGCCAGATTTCGTTTCCGGGGGGGCGACGGGAGCGCGACGAGTCGCTCCCGGACACGGCCCTGCGGGAGGCGGAGGAAGAGATCAACCTGCCCCCGGCGTCCGTGGACGTGCTCGGCGCCCTGACGCCGCTCTTCATCCCGCCCTCCAATTTTTGCGTGCATCCCTTCGTGGGCCACACGCCCTCCCCCGCGTCCCTCCGCCCCACCGACGCGGAGGTCGGACGGATTCTGCAGGTTCCCCTCGCGCGTCTCTTGGATCCGGCCGCCCGCACGACCGAGACGCGCCCCCTCAACGGGAGGGACGTGGACGTGCCGTACTACGACGTGGCCGGCCATACTGTCTGGGGGGCCACCGCCATGATGCTGGCCGAGTTCCTGGCCGTGGTGCGGGACGCGACGGCGTCGGCCGAATAGCCCCCGCCCCTATTCGGTGCCGTCGGGATCCGATGCCGCTTCCGCCCCCACGAGCGAGCGCCAGCCCACCTGTCCCCACCGCTCCGGGGCGTAGCGCTGGATCCACCGCCGGTCGACCCAGTGCTTGAGCCGGAGGGACCACGTGCGGGCCGTCCACAGGGGGCCCGCCGTCCAGATGGCGCGGCGCGTTCCGGTGGAGAGCAGCAGCGGCGCGACCGGGTACGGGCGAAAGACGGTCAGGTCCGACGCGGCCGGGGCCGAGCCGTCCCCCGCGAGTCGACGTACAGTGGTGTCGAGGTTTGCCCGGAGGTCCGGCCCCTGCTTCACGGCGTGCACGCCCACCTTGTCCAGGTCCAACTCCGGAATGGTCCCGCAATCGCCGGCGGCGAAGATGCGGGGATGGGTGGGGGTGCGCAGGCGCCGGGTCACGTGCAAAAAGCCCCGCTCGTCCGTCGACAGTCCGCTTTTGCGGAGCAGCGGCGGAGCGACGGCCCCGGTGCTCCAGAGCACCGCGTCGGGATGGATCGTGTCGTGTTCGCCCGAGTCCGTTCGCATGTCTACCTGAGCGCGACCTTCATCGGATCCGTGCACCTCGTCGACGGTCGTCCCCGTCCGGATGGTCGCGCCTCGTTCCTGGAGCAGCCGGGCCGCGTAGGCGCGCATGCCCTCCGGAAACCCCGGCAGGATCTTTCCCGACTGCTCCACAATCGTCAGCGAGAGATCCGCCGCCCGGCCGGCCCCGGCGAACCGGCCCGTGATGTTGAGGGCCACCTCCACCCCGGCCGCACCGCCCCCTACGATCGTCAGGCCGAGCGTCTCCGTCGGGGCGTCGAGCACCTGCTTCAGATGGGGACGGAGGGCACGGACGCGGTAGATCGGCTTCGTGCCCACCGCGGCGTCGGGCAGGGCCGGATTCACCCCCCCGACATCGATCGCCAACACGTCGTAGGGGATGGTGTCCCCCTCGGCCGTCGTGACCATTCGGGCCTCCGGATCGAGGGCCGTGGCCCGGTCCGCCACGTGCGTGGCCCCCGCCTCACGGGCCATCTTCTTCAGGTCCACGCGGATGTCGTCAACCGCGTACACCCCGCCCAGGTGCTCCGGCACCATGCCCGAGTAGTAGAGCCAGCGTTGGGGATCAACGAGGGTTACCTTGACCCCCGCGTTGGTCCATTTCCGGGCATGGGCGAGGCTGGGCAGCATGGCGTGTCCCCCTCCGACGAGGACGAGGTGCAAGGGCTTGGACATCGGACTGCGATTCATCAAGAGCGTAAGGCGGCGAAAGCCCCCACGAGGTTAGGGACAATTGTGGCGTACAAAACCTCCATCAGCTGCGCTGCTCGTGTCGCGTCGAGAGGCCCATGGGGAGGTACACAGGGCACGTCCCGACGAAGCTCGTCAGGAGAAACGCCACGGCCCCGACGCCCAGGACGAGCGCCGTGGTGCCGCCGAGGGTGCCCGTGGCGTACAGCACGCCAACCGCGAGGGCGGCGACGGTGCGAAGGATTCGGTCGAGGGATCCCATGTTTTGGGTCATGACGGGGGTATGAGTTCGGAATGGACGCAGCGAGCGCCGTGCCGTGCTGGCGGCGGCGTTGTGAGTGATCGATCACTCACATCTGACACCGGTGCCAATGTGAGAGGTTCCGGTAGGGATGCACGATTCGCCCGACACGACGGAATCGCCCCTATTATTTGAACTCCTCACGAACCGTTGAACCTGTACGAGTAGGCAGCATAGAGTGGTTGTGAGTGATCACTCACTCATTCCTCCCTCTATTTGGGGCTTTCTCTCCCACTCGCCTACGCCCATGACCAAGCGAGACGACATTTGCGAGGCCGCCCTCACCCTCTTCGCCGAGAACGGCATCGAGGCCACAACGACCCGCGAAATTGCGGAGCACGCCGGGGCCGCCGAGGGAACGCTCTACCGCCATTTCGACGGCAAGGCCGACCTCGCCCAGTGGCTCTACCGGCGCTGCCTGAATCAACTCCGCGACACCCTTACGGATGCCGACGAGGCGACATCCACCCCGACCGATCGGTTGGAGGCCCTCGTACGCGGTGTGTTTGACTTTTACGCCTCAAGGCCCGCCTCGTGCACCTACCTGCTCTCGGCCCGGGAATCGGGCGCCGTGGGCGCGAGTGAGAGCGACGCGCCGCCCTCCCCAGTCCACCTGTTTGCGAGCGTGCTCGACGAGGGCACGCGGCAGGGCGTCTTTCGGGAAACCTCATCCCCCCTCGTCGCCGGATGGATTCTCGCGATGGTTCAGCGTACCGTTCTCTTTTTGAAGACCGACGCCCTCTCCATGGGCACACAGGACGCGATCGACCAGACGGTCGACGCGGCCCGCCGCCTGGCGATGCCCTCTCCGCGCTAAGACGCGAAGGCGCCGCGACCGTTTCTCCACTACGAACCCGACCCCCCACATGTATTTTCCAGTTGTGAGCGAACGATCACTCACGTCCGGCCCGCGAATCGGAGGTGCGCTGTGGATACTGATGTTCGGCATCATTGCGCTTCTTCCCGTTCGGGGGGCGGCGCAGCCGGCCGCGGTCGTCGATGACGACACGTCCGCCACGTTGTCCCTGTCGCTGGACGAGACGCTGGCCCGGGCCCAGGAGGAGAGCTTTCCGGCCCGGTCGGCGGAGGCGACGCGGCGGGCGGCAACGGCCCGCAAGCGGCAGTCGCTCGGCGTCTTCCTCCCCCGGATCACCGCCCGTGAGCAGGGGCTGTTCACCACCGATCCCGTCAATGCCTTCGGCAGCAAGCTGCGGCAGGAGCGCTTTGTGCGGCAGGACCTTCAGTTGGGGGCCCTCAACACGCCGGATCGGGTGGACCAGTACGGCACGCAGTTGGAGATCGAGCAACCGATTTTGAACCTGGACGGCATCTTTGAGCGGCGCGCAGCGTCCGACGCGGCCCGCGCCGCCGGCCACAAGGCCGAGCGCACGGAGGCCGTCGTCGCGTTCCGGGTCAAGAAGGGCTACTACGGACTGCTGCTGGCCGAACGGCAGGTGGGCGTGATCGACTCGGCCCTCGCCGCCGCCCGTGCCACTCGCGACCAGGCGCAGGCTCTCTTCGAGGAGGGCATCATCAACCGGGCCGACCGGCTGGCGGCCGCGGTGCGCGTCTCAGAATTGGAAAGCCGGCGCAGCGAGGCGGTCGCTCGACGCGACAACGCCGCCGATCAGTTGCGGGTGCTCATCGGACTGGAGGATGACGT
NZ_CP030364.1_gap73	2435844	2438985	3141	AGCTCACCCCCCTCCTGATGGCGGCCTTTCTCGGCATCGGGCTCTACAGCGCCTGGGTAACGCCGAAGGAGGAGGACCCCCAGATCGAGGTCCCGATGATGGACATCGCCGTGCAGTACCCGGGCGCCACGCCGCAGGAGGTGAAGAGCCGCGTCGCGGAGCCGATCGAGCGGCTGGCCTCGAATATCGACGGCGTCGAGTACGTCTACTCGACGGCGATGCCGGGCCGGGCGATGGTGTCGGTCCGCTACTACGTCGGCGAGGACCCGTCGACCAGCACCGTGAAGCTCTACGAGGAGCTGCTGAAGAACATGGACGAGATGCCCCCGGGGGCGAGCCGGCCCCTCATCAAGAGCCGGGAGGTGGACGACGTGCCCATCCTGACGCTCACCCTCCACAGTGAGACGACGGGCGACTACGAGCTGCGCCGGATTGGGGAGGAGATGGCCGCCGACCTCAAGACGACCGACGGCGTGGCGGAGGTGAATGTGCACGGCGGCCGTCCCCGGCAGGTGCGCGTGGCGCTTCAGCCCAACCAGCTGGCCGCCCACGGGCTGGACCCGCCGTCCGTCGCCGAACAGCTCCGGGCCGCCAACCAGGAGACCGACGCCGGGGCCTTTCAGCGAATGGACGAGTCCTACCTCGTGGAGACCGGCGGCTTCCTCACCTCGGTCGACGACGTGAAGACCCTCGTCGTGGGCATGCACCAGGGCAGTCCGGTCTACCTGAAGCAGGTGGCCGAGGTCACCGACGGGCCCGCCGAGCCGAAGAACTACGTGTCCTTTTCCTACGGGGCGGGCACACCACGGCCCGACAGCCTGGCGCCGGGCGGCACGCGATCGGCCGTTACGGTGGCCGTCGCCAAGCGGAACGGCCGCGACGCCATGACGATCGCCGAGCACTCGCTCGATAAGCTGGAGACACTGGAGCAGACCCTCGTGCCGGAGGGCGTGACCGTGAGCACGACGCGAAACTACGGCGAGACGGCCTCGGAGAAGACCAACGAGCTCATGCTCCACCTGCTCGCGGCCATCCTCGCCGTGACGTTCGTCGTGAGCCTCGCCATGGGCTGGCGCGGCGGCCTCGTGGTCTTTCTGTCCGTGCCCATCAGCTTTGCGCTTACCCTCTTCGTCTACTACTTCTTCGGCTACACGCTGAACCGGATTACCCTCTTTGCGCTCATCTTCGTGACGGGGATCGTGGTCGACGACTCCATCATCGTGGCCGAAAACATCGAGCGCCACTTTAAGATGGGGCGCCTGCCGAAGCTGCAGTCGGCCCTCGCCGCGGTCGACGAGGTGGGCAACCCCACCATCCTCGCCACGCTGACGGTCATCGCCGCCGTCCTGCCGATGGCCTTCGTGTCCGGCCTCATGGGGCCGTACATGAGCCCGATGCCGATCGGGGCCTCGGTGGCCATGACGTTCTCGCTCGTGGTGGCACTCGTGATTGCGCCCTACCTGGCCTTTCGGCTGATTCCCTCGCACGAAGACCTCACCGGCGAGGAAGGCGGCGGGGACGACGACAATGAAGAGAACGACTCCGAGTACGAGCTCGAAGAGACGGCGGTCTACCGCGCGTACGCCGCCACCATCGAGCCCCTGCTCGACAGCGCCTGGAAGCGGTGGGCCTTTCTTGGGGGCACGACCCTTCTGCTGCTCGGCTCGGTGTCCCTCTTCTACTTCCGGGCCGTGACGGTGAAGATGCTGCCCTTCGACGACAAAAACGAGTTCCAGGTCGTGGTGGACATGCCGGAGGGCACGCCGCTGGAGCGCACGAACGCCGTGCTGCGCGAGATGGCCGCCGACCTCACCGACCGCCCCGTCGTGACCGACGTGCAGACGTACGCCGGGGACGCCGCGCCGGTCAACCTGAACGGGCTCGTGCGCCACTACGACCTGCGCTCGGCCCCGCACCAGGGCGACCTGCAGGTGAACCTGCGTGCGGCCGAGCACCGCACCCGCCAGAGCCACGCCATCGCCAAGGACCTGCGCGGCCCGCTCCAAGAGATTGGGGAGAAATACGACGCCGCCGTCAAGGTCGCCGAGGTCCCGCCCGGTCCGCCCGTGCGCGCCACGCTCGTGGCCGAGATTTACGGGCCGGACGGGGCAACCCAGCGCGCCCTGGCCGACAGCGTCCGCCAGGCCTTCGAGGCCACCGAGGGCGTGGTGGACGTGGACTGGGGCGTGGAGGCCGACCAGACGAAGTACACCTTCACGGTCGACAAGGAGAAGGCCATGCGCGTCGGCGTGCCCACCGCCCGTGTCACCCAAACCATGAAGATGGCGCTGGACGGTCGGGAGGTGACGACCCTGCACGATCCCGACGAGCGCGATCCGGTGGGCGTGCAGCTTCGCCTCGGTGAGGAGCGCCGGGCGAGCCTCGCGGACCTGCAGAACGTACCGGTCCAGTCGCCGGCCGGCCCGACCGTGCCGATGGCCGACCTCGTCGAGGTGGAGAAGACGACGCGCGACAAGCACATTAGCCGCAAAAACCAACGGCGCGTCATTTACGTGACGGGCAACGTGGCCGGGGCCATCGAGAGCCCGGTCTACGCCATGCTCGACATGCAGGAGCGCCTGGACGCCATCGAGGCGCCGCCGGGCTACTCCTTCGACCAGCTGTACACCGGCCCCCCCGAGGCCCGCAGCAACTACGCGCTGAAGTGGGACGGGGAGTGGCGCGTCACCTACAAGGTGTTCCGCGACCTGGGCATCGCCTTCGCCATCGTGCTGCTGCTGATCTACATCCTGATCGTGGGGTGGTTTCAGGACCTCACCGTGCCCCTGGTGATGATGATCGCCATTCCACTGTCGCTCATCGGCATTGTGCTGGGGCACTGGCTCCTGGGGGCGTTCTTTACCGCCACCTCCATGATCGGCTTCATCGCCCTCGCGGGCATCATGGTGCGCAACGGGGTCTTGCTGATCGACTTCGTAAACATCAGCCTCGATCAGGGCGCCTCGCTGCGGCAGGCCGTCATCGAGGCCGGGGCCGTGCGGACGCGCCCCATTCTGCTGACGGCCGGCACGGTGGTCATCGGGGCGACGGTGATCCTGTTCGACCCCATCTTCCAGGGCCTGGCCATCTCGCTGATTGGGGGCGCGATCGCCTCCACGGCGCTCACGCTCCTGATCGTGC
NZ_CP030364.1_gap74	2447456	2452362	4906	TCCGCGGCGGTCATTGAGGCGTGCGAGGACGCGGTGCGCGTCGGCGACTCCTGTCTTTCCTCCCGAAGCAACCGACGGTACGTGGACGAGCCGTGCGGCCCGCCCTCCGCGGCCCCGAAGGCCCGGTAGCTGGCGCCAAGCGTTCGTTTGGTGTTCTGAATCGCAGCCAGGCTGTCCAGCAGCCCCCCGAACCGCCGCTGGAGGGCCGGGTCTCGGCGAAGGGCCCGCCGGAGCCGCTCGTCTCGCTGCGCGAGACGGGCCCGCACATACTCGTTCCGCAGGGCCTCCAGGCGCGCCCGGGTCTGTTTCAGGGCCCGCTCGGCATCACGGAGGGCACTGCGCTGAGGGGGGGACGCCTCGGTGGTATCGAGACGGGCTCGCAGGGCCTGGGCCCGCGTCTCCAGGCGGTCGCGCCGCGCCGGCAGCACCAGGTCCCGCCGCGTAGCGAGCTGCGCCGCACTCTCTGCCCGGTGGGGGGCCGTGGGCAGTCCGGCCGAAAACACGGCGTCTCCGGGGCGTGCCCCCTGCCCAGAGGGATCGAAAAAGTGGTTGGGGGCCAACGGCTGCCCCTCCGACGTGTAGATGCGAAGCAGTGCCACATCGAAGGCCGACCGCGGATACGTCAGCGCCGCGTCGGTGCCCCCGAATGCGCTGATTCGCCGGTCCGGCAGCAGGGCAACGCGCACGTCCTCGTGGCGCCGGTAGGTGTACGCCGTGTATGCGCCTTCCCCGTCGGCCGCCACCTCCACGTGCCGACCCGACTCGGCCTCCGTCTGGAGCCGCCCTTGGACCGCGGATATCGCGGCCGCCTTGGCGGTATCCTGTCGGGCCGTCCGCACCGCCGCCGTCACGTCGCTCGTCCGGACCAGGCGATCGGCGTGCAAGACCGGCACGGCGCGCTCATCGGCGGGCCGCGCGGCCACGATGGCGGTGTCGCCTTGAGAATTGAGGTGCCGTCGCACGCAGCGGGCCGTCGTAAGGGCCAGCCCGTCCGCCGAGACCAGCGCCCCCGTGCATCCAGGGAGCCGCAGGACACTTCGGCGCAGGTGGGCCGCCCAGGCGCTGTCCACCTCCATCCCGTACCGACGCACAAGCCGGTCGGCCGGCGGCGCAACAAGGCTCCAGATTCGTCCCGCGTCCGACGCCTCCGCCACGACCGTGTCGCCCGGCGCGGCCGGGCCAAAGCGCGGCGCCCCCCGGTCCTGCGCCTGCGCCTGCGGCCCCATTCCGAGGCCGCCCCACAGCAGACTCGCCACGCCGATGATGAGTACGGAGCCTCGGAGCGTCATAAACCGGTGGGGGATCAGCAGCAAGCAGGGCAGGTGGATCGGACACGGCATCCGTACAGCCCGACACCAACGCGGATCCATAGGAACCTCGATCCCATGTTACGATTCCTATTTCTGGCAGCACCGATGCCCGACGTTCCGCATGCGAAAGTGGCGGAATTGGTAGACGCGCGAGACTTAGGATCTCTTCAAGCTCGCCCGAAACCCACCTCAGCGCCGCCTAAAGGCACTTTTCGGTCCGAACTGGCGACTTGGTGTGTACAATCCTGTGACCAATCGCCGCCTAACACCTCCTAATTTCGGGTCGGTAGAGGCCAACAGTCATCTGCGCTGAGTGCGCCCTCCGCACTGAGCCAGCCCGCCCTATTGGGTCAGCCTGAGGTGTGTCACGGCTTACGCCATGTCTTGGTGCCATAGGTCCCCACTTCACCTATGGCTTCCATCTACAGACGCAACGACACCTACTACGCGAAATTCCACGACTCCTCCAGGGAGCCAACCGATAAGCGCTTCTCCCTGCGCACCTCCAAGAAGGACGAGGCGCGTCACCTCCTCACCGACCTGGAGCGGGCTATTGGGAATGGGGACTTTGACCCGTGGCGCCACGACCCTTTCGAGACCGTCTTCGCCTCTGAGGAAGATGGTCCCCATAACCCCGAGGCTGCCTCCTTCACCCTAAGTGAGGTGATTGAGGCATTTTCTCAGGCGAAGAGGCAGCAGGGACGCGCCGAGTCCACGATCCAGAAGTACAGGGACATCTGGCGCATCCTGAAGCGACGAGCCGGACCCGATAGGGACCTGAGCGCACTGACCCCCAACCAGATCCGAGGATTTGTATACGACTCCTCGATCAAACCTACGACCCAGAAGACGAGGTACCGCCACATCCGAGCGATTCTCCGGTGGGCAGGCGAAGGGGATGTTTTAGGGCAGGTAGAAGAGCCCCGCGCTGGCAAGAAGCTCCCGAAAGCCGTCCGCGCCGAGGAGCTTGACAAGATTTGCCAGTCCGTCGCAAAAGGCTACCGAGAAAAGCGAATGGGAGGCGGATGCCGTCCCCGCGAGATTCTGTGGCTGATTCCGCTTTTTCGCTTTGCCTACTTCACGGGCCTACGCGGGTCAGAGCTCGGGCGTCTCCGCTGGACCCATATCAACCTGAAGCGCCAGCGCCTGACCGTCTACGAGCAGAAGAGTGGCAACGAGGACACGATTCCCCTCGTGGAGCCCGCCGTCGCTCTCCTACAGGCCCTCGACGCGGATGACAAGAGCAGCAGGGCATTTGTCTTTCACTCCCCCTCGGGCAACCGATGGGACCGCTCCTCGAAGCGATTCAGGGAGCACGTCAGCCGCCAGTTCGCCACGTACCGAGACAAGGCAGGAGTGCGCCCGACCCTAACCCTTCACGGACTTCGGCATGGGTTCGCAACCCGGTTAGCCGAGAATGGCGCCTCCGCAATTGTCATCAAGGGAGCCATGCGCCACAGTAGTATCAGCACATCGATGAAGTACGTGCACCTCGCCAACGGGCGTCTTCAAGAGGAGCTCAACGGGGCGTTCTCGTAGCGCCTGTGCTCGCTCATAGCGCCTGTGATCGCAGTGCCTTTGTCCCACTGCGCGCACTCTCGCCACGCCCCCCCGGGAGTGCTCTCATGAGCAGGAGGGAGTGATCTTATGCCTACACCCATGCCCGGTCGTGGCGGATCGATTCCATGGGCGGCAGTGGTTTGGGCAGCAATACCAAACCCCGAAGAACGACGCCGCGCCAGTACGTCCCTCCTACTTCTATTATTCACTTCTGACTACACTACAAACCGATTGCGGGGTCGGGAAAGGGTTTGTATCCCGAGGTGTGTCTTTTCCCTCTTTCAGAAATCCCACGCCCAGATGCGCTATCTTTTCTTCGACACCGAAACGACCGGACTGCCGCCCAAGCCCAAGCCCCCGGTAACCGATACGGATAAGTGGCCCCGTGTCGTGCAGATCGCGTGGGCACATGTCTCTACCGATCCGTATCGCATCAACAGGACACTCAGCTACATCATCCGCCCTGATGGCTTCACCATACCGGAAGATGCTGCGGAGGTGCACGGCATCACCACCGAACGCGCCGAGGCGGAAGGCCACCCAAGAGGCGAGGTACTGGAGGCATTCAGTAGAGCTGTAGGCGTCTCCGATGTGCTCGTGGCCCACAACATGTCCTTTGACCTACCTGTCGTTGGGGCGGAGCTGGTGCGCCTCAGGGGCACAAATATGCTCCAAGACGTGCCGACCATCTGCACGAAGGAGGCGTCCACCGACTTCTGCAAGATTCCCTTCCCCCGTGGTGGACGCGGATACAAGTGGCCCAAACTCCAAGAGCTTCACGACACGCTCTTCGGCGAGACGTTTGACGATGCACACGACGCAGGAGCAGACGTGAAGGCAGGGGCACGCTGCTTCCTCGAACTGTTGAATCGAGGCGTGGTCTCAGCCCCGATGCCCCAGAGACCCGACCCGAACCAACAGCCAGATGTATTCCCTTCCTGACAAGATCGATTGGGAGGCGACTTCCCCATGTGGTTTCGCTTTGCCTGCTACCGTTAGAGCTGAGGAAAGAGGCAGCTCCGCTACAGAGTGTCGCAACCGATAATGAGGGATTTTTATTTGCAGGAGGCACGCTCCGTCTATGGGGGTTTGACTTCCCCTACCGGATATTCATGTCACCGAGACGAAGTGGGCACCGCCCCGACACCCCAGACATATTCAACTCCGCTGCCCCGTATCATACATCGCGCACCACACGAAGTACCGATGACACGGGGTATCTCGTGCCAACGTCAACGTACACGAGGCGACTGATCTTTTGCGGGCGTCTTAAATACTACAGGTGTAGTATTTGGTCGGCTGTATTCACATCTCTCTTCTCCCAGTGATGAGCCAAGAGCATTCAAGACTGTTTCGTCGGTAACCAAGGGCGACAATGAGAGCGAGAGGCTACACGGCAACTCCAGTAGCCCCCTCCCGAGCGATCATCTCATGTACATACTCATCCTCCACTCGCACTCCGGCACGCTTACAGGTCCGCGTGGGCGGTGACGAGGGCTGAGCTGCAAGATTTAGAAAGTAGTCCCCATGGCGGCTCTTGCTCCTATCGGAAAGCTCTTTGAACTCTCCGGATGAGAGTCCCTCGGTTGCATGAAATCTCCCAAGTGCCCCCGCCCTCCAATCTGCTCGCAGCCTCGCCATGCAGAAACGGGATGGGCACTGTCTGCCTTTGATGCTCTCTTCCTCTGAGACGCCTTGGTGGACACTGGTTCATCGGATGCCCCATGCCCGGTTTGTCTGGGTCACAATGGGCCTACTAACCCAAAACCAGATCAGTGGAGAAGCCTTTCACGCACGCCCTCGCACGCATGCGAGGCAAAATCGCCGTTTGCAGCCGCTGAGGTAGCTTTACGATAGGTGTATATACCGAGCAGGGAGATTGGCACCTCATGGCTCTTATTGTCACCCTCCCCCATACCCTCATTACTTACCCTTACTGAGGGTACCGGTGCACGCACACACGCAGGGGCGGGCACGCACACACGAGGACACGAATGGGCACTGGCACGCCCACCAGTGTGGCACACGGTGGTGAC
NZ_CP030364.1_gap75	2455743	2458772	3029	GCTCGGGGTGCTTGCTCACCCGGGCAAGGGCTTCCTGCATCGCTTCTTGGGTGTTGGTTTTCTCGATCCCCTCGAAAAGGGAAAAGACCGCGTCGAGTTGCTTCTCGAACTTCTCGAAGAGCTTTTCTTCGCTTTGGGCCGCGTGCTCGACTACATCGCTGTCGTAGTGGAGCGCGTCGTCGAGGTTGGCGAAGGTGCCCTGGAAGTCGACGATCTCGCCGTTGGTCTTTCCCTCGGCGGGGCGGTTGGTCCGGGCGATGGCCTGAAGCAGGGTGTGGTCCGTGAGGCGCCGGTCGAGGTACATGGTCTTCAGGTTCGGCGCGTCGAAGCCGGTAAGGAGCATCCCGTACACGACCAGCAGCTTCGGCTGCTCTTCGTCGTCGAAGTCCTGCGTGATTGTGCTCCGCTCGTCGGCGTCGGTGCTGAACTGCCTGATAAGCGTTGGGTCCTCGTCGCCGGACGTGTAGAGTACCCGCACGTCCCCCGGATCGCCTCGTAGCTCTTGGAGGCGCTCCCCGTACATCGCCGCCGACTTGCGGCTCGGGGCCACCACCATGCCCTTCCATCCGTTCGGCTCCACCTTTTTTCTGTAGTGCTCGGCAACCAGCTCGGCGTAGGTGTCAATCCGGGGCTCCAGCTCGCCCAGCTCACTCTGCGTGAGCGACTCTCGGATGATGCGCAGCTTTTCGTCTTTGGGCCTGCCCGCAAACTCGTCCTCGAACGCCTCGTCCATCGCCGCCTCATCGACGGACCACTCCGCCTCGTGGCGAAGCTTGAAGTGCACCGGCACGATCACGCCGTCTTTCTGCCCCTCTCGGATCGAGTAGTGGTGGAGCGGGTCTTCCCCATCGGGACAGTACTCGCGGAAGGTGTTGCGGGCAGTCTCGCTGTATCCTTCGTGGACGGGCGTACCGGTGAAGCCAAAATTCCAGGCGTCCGGGAGGGCGGCGCGGAGGCGACTGCCAAGCTCCTTTTCCATAAATCTGTGCGCCTCGTCCGCCATCACCACGACGTTCGGGTTCGACTGCACGCCGGGGTCTACGTCCTCGAAGGCGTGCATGGTGGTGAGCACGAGCTGGCTCTTGCCTTTTTCGATCACCTCTTGCAGGTGGGCGATCTTTCGGCACACCTCATACCGCTCGAAGCCAATCGCGGCGAGGTTGTCCGCCATCTGGCGGGCGAGCTTGTCGGTGTCGACCAGAATGAATACCTGAGGATTCGGTATCGGCTGGCGCTCTAAAAGCAGCTTCGCCGCGAAGAGCATCGTGTAGCTCTTGCCGCTTCCCTGCGTGTGCCAAATAAGCCCCCGTTTCTTTGCGTTTTCGGGGTCGTCTGCGCCATCCTGTATGCGCCCCAAAATCCGGCGGGTGGCGTAGTACTGCATGTGCCGGGGCACGATCTTCGCGTCTCCACCCTCCTTCCGCTCGTAGAAGACGTAGCCCTGGAGGATGTCGAGCAGGGTCACGGGGTTGAGCAGGGCGTAGGTCGCCTGCTTCATCGGGTTGCCCTCCACCCGAAACTGCTCCGGGGCCTTCGACCACGGGAAGTAGAATTTCTCCGAGGCCCCCACGCCGCCGTAGCGGAACTCTCTCGTGTCGGCGGCGACGTTCAGCAGGCTTGGATAGAAAAAGCGGGGGACCTGCCCCTCGTACGTCTGGAGGTCCGAAATCGCGTCGGCGTAGTCGTTGTCCTGCGCTTCGGATTTGAGCTCCATCTGGACCACCGGGAGCCCGTTCACCAGCAGGGTGATGTCGGGGCGGACGCTGTGGCCGCGCACGACCCGCATCTGACTTACCGCATCGAAGCGATTTTTCGACGGATCGGTGAAGTCGATGAGGCGGGCGTAGACCCGCTTGGTGGTGCCGTTGTTGTGGCTGGCCTCGAAGTCTTGCCCTTCCAGGAGTAGCCGGTGGACTGCCTTGTTGCCCGCCATGAGCCCGTCGTGGCTCATCTGTCGGCGGAGCACGTTGAGGAGCTTGCCTACGTTGCCTTCGGTCACCTCTTCGTTGATCTGGACGAGCTGCTCCCGCAAAATGTCCCAGTAGACGACCTCGCTTTTCTCGCGGCCCGTCTCCTCGTCGAGCTTGGCGCCGCCTTCGCCACTGTCGGGGTTCCAGGGCGTCCACTGGAGGGCATCCGGCAGGGTCGGGATGCCGGAGAGCCAGCGGAGCACCGATTCTTCGATGCCCTCCTCAGTCGGTCTGTAGATGGGGCCGGGATCACTCATCGGCGTCGAGATCGCTCAGGATGCGGTGAAGGTGGGATTTGATCGTGGGGAATCGGTTGTGAGGGGAACCGGTTGTGAATGGTGTCCCACACGACTTACAGGTCGACGGCAAAGTACTGGTGGATCAGCACGTCGCGCATGCCTGCCATGTCCTCCCAGAGCACATCGGAATATCGTTCCCGAATGGACGGATCGAGTTGCTTCGTCGCTTCCCCAATGACCTCGAAGGCTCGTTGAAGCGCGAACTGTTTCTCCAGGCTCCTTTCCACGTCCTCGAAGCGGCTGTCCTCGACGAACTCCTCTGCCGCCTCCACCGCGTCCAGGATGTCCTAACCAGGATGCTCCGTATGTACTGGCGCTGGCTGCGCATCAGAGGTGGCAGGTCTAAAGGTAGCGGGCCTCGCGGCGGATGTTATCGGCGGCGGGTCCCTCCTTGAGCGCGGTGGGCATGCCCAGGTCCACCTCGCGCCCGAGCAGGTCTTCGAGGTGCCGCTTCAAGTTGACGAACTCCAGCAGGTCGGGCGTCTCGGAAAAGGTGACGAGCAGGTCCACGTCGCTCTCGCTGGTCTGCTCCCCACGCACGAAGGACCCGCAGAGCCCCAGGCGCTCTACGGCATAGCGCTCGCGGAGGTAGGACAGCTCGGCCAGGAGCTGGTCTTCGATGTCTTGCGTGGTGGGCATGAGGCACTGGAATGGATTTATCCGTGGGCTTTCACTTCGCCCAAGACCTCGATGGCTTTGTTCATGGTGCGGACCTCGCCCGTCAGAAGGTTCTGCATGAGGCCCTTTTTGAGTCGAAGAA
NZ_CP030364.1_gap76	2507012	2510082	3070	TGCCGGGCGGTGAAACGGGGTCGAGCACCTTCGAGAGCGCGTACACCAACATTCTTCCGTCGGTTCACCTCACCTACGCGGTGGGGGATCACCTTCAGTTCCGCGGCGCCTGGACCAACACCATCGGGCGTCCGGACTACGATGAACTTGCGTCCTTCCGAGAGGTGGAGGAGGAAAATGGTGAGGTACGCATCAACCAGGGCAACCCGGACCTGGACCCCTACCGGTCCATGAATTTCGACCTCAGTGCCGAGTATTACTTCGAGAACGGCGGACTGGTGTCGCTGGCCGGGTTCTACAAGCGGATCGACAATGCGATCTACGAGGACGTTCGCAGGGACACGGACGGCCCATTTGACGTCCCAGGGGTGAACGGGCCGATCGACGAAGTCGAGGTCACGCAGCCCGAAAACGCGGACCTCGGCACGGTGCTGGGCCTGGAGGCCGCGTATCAGCAGCCGTTCACGTTCCTTCCAGCGCCCCTCAGTGGTCTCGGGGTGAACTCGAACGTGACGGTGACCGACTCCAAAGTCGACGTGCCCGATCGGGGGGACCTGCCGTTCTTCCAGCAGGCCGATCTGGTGTACAACATCATTCCGTACTTTCAGAGGAGCGGGTTTCAGGCACGCGTGGCCATCAACCACCGCGGCGACTACCTCCTGGGGCTGGCGGACAGGCAGGTCAACGACACGTGGGTGAAAGACCGCACGACGGTGGACATCAACGCCAGCTACCAGTTCGAGAGCCTCCTCGCCCAGCCGACCCTGATGGTGCAGGTCGAGAATCTGACCAACGAGCCGGAGGTCGAGTACGCCGGAGGAAATGAGGATCACTTGTCCTTCCATTATCTCAGCGGCCGCACCGTGTCGGTGGGGCTTTCAATGGAGCTCTAGACGTCATCCCTGAAGTTGCGTCGGCCCCGGCCCCCCCCCTTCCTCCCCGCCTGGAGGAGGGGAGGCGTGTTGTTTTTTCTTGTCCCTTTTCCGAAGCGGAATTCATTTATGCAACGATTCGACGCGTCCCTTCTCGTCTGCGTATTACTCCTGCTGCCGCTGGGCCTGCTGGCGACCGCCTGCTCGACGCCCTCGTCGGGCTCGGCGGCGGAGGCCGCGGACACGACCCAGCCTACGTCGGCAGAGCCGCCCCAGCTGCCCTCGACCCCGCCCGGGCCCTACCCCGACCGCGTCGTGCTGAGCCACGCGGCGGACCCGTCCTCGTCGCTGAGCGTCACCTGGCGCACCGACAGCACCGTCACGGGCGCGAAGGCCCAGGTCGCCCTGGCCACGGGCGGCCCCTCCTTCTACACCCAAGCCCGCACCGTCGAGGCGGAAACGCAGGACCTTCACGACCACAAGGTGACCGGCGAGCACGTAAGCGCCAACTACCACTCCGTCACCTTCGAGGGGCTCATGGCCGATACCCTCTACGCGTACCGCGTCGGCGATGGCGAGCGATGGAGCGAGTGGTTTCACGCCCGCACCGCCAGCCAGCAGCCGGAGCCCTTCTCCTTCGTCTACGTCGGGGACGCGCAGAACAACGTGCGCTCCCACTGGTCTCGCCTCATCCGGCAGGCCTACACCGACGCGCCCGAGATCGACTTTCTGCTCCACGCCGGCGACCTGGTCGACAATGCTCACCGGAACGTCGAGTGGGGCCACTGGAACGCGGCGGGGGGATTTATCCAGAGCATGGTCCCGAACATCGCGGTGCCCGGCAACCACGAGTACGCGGGCTACCGGACGTGGCGGGCGCGCGATACCTTCCGGGTTGAGGTGGAGGCCAACGGCCGGCAGATGACCGGCACCATCCTGGAGCCGGACGGCAACCCGGAGCCCTTGGAGGCCACCAGCAGCGGGGCCGCGCCGTCGAGCGGCCGCTCCCCCGCCGGCGACTGGGACTACAACGTCGACAACGGGGAGTACGTGGGCACGCTCCGGATCGAGAGCGACGGGTCCGGCTATGGGGCCACGCTCGTCAGCGAGGATGGCCGGGCGCGTCCCCTTCAGGACGTATCCGTCGACGGAAACACGTTGACCGGCCACTTCCTGATGGAGGTCGAGAAGGAAAGCCCGGAGCAGCTCTCGGTCCACTGGCATCCCCAGTTCGCCTTTCCCGAGAACGGACCGGACGGGATGGAGGAGACGGTATACCACCTCGACTACCAGGGCATGCGCGTCGTCGGCCTCAACTCGGAGGCGGCCAAGATGGATGAGGAGGTGCTGCGCACCCAGACCGAGTGGCTGCGGTCGACGCTCCGGGAGGCGGAGCAGGATCCAGGCCTCCGTTGGACGGTCGTCACCTTCCACCACCCGATGTTCTCCTCCGGCGAGGGCCGCAGCAACGCGGACCTCCGCGCGGCGTGGCGACCGATTCTCGACGAGTACAACGTGGATCTCGTCCTGCAGGGCCACGACCACACCTACGCCCGCGGCCAGACGAAGAACCTGAAGCAGGGCGTGAGCGCCCGGTCCCCGGAGGGCGGCACCGTGTACGTCAACTCCGTCAGCGGCGCGAAGATGTACGAGATCAAGCCCGACCGGTGGGAGCATTTCGACGGCGTCGCGATGGAGCGCGGCGGGGAAAACACGCAGCTCTATCAGGTGGTGCGCGTTGGGGCGGACACGATCCAGTTCCGTGCCTACACGGCCACCGGCGCGCCCTACGACGCCTTTGACCTCGTGCGGCCCGGCGACGGCGGGCCCAGCCGCATGATCGAGCGGCCGCCGGCCCACCGGCCGGAGCGCACCCACGAGAACACTCTCGACTACACGCGGCCGTAGCCCCAACAGCCCGTCCGCCCTTCCCGATCGCTTTTCCGGAAAACGCCCTTCCTCGACCCAGCGGCTCCCCTGCGTTCCGGCCAGGCCGTGGCGCCCCCTTCTGAAGCGCTCTGTCCCCACCTCCCTCCTCTTCATGACGCCCGCTTCCGCCCGCCCCATTGCGCCTCTTCTATGCCCCGCCCTGCTGGGCCTCCTCCTCGTGGTGGCGTCTGGCTGCGCGACCAGCGCCGATGCCCCCGGCGAGACGGAGGACACCTCGCCCGCCCGCCAGACCGCCTTCCGGGTGCGCT
NZ_CP030364.1_gap77	2684639	2688801	4162	AGAGTCGTTTGGAGAGGATTCAGTCGGACGGGCGGGGGATGAGACCGTCCAATCCACCGCCACTCGCGTATCGCCCTCGTCTGTCAGAAACCGCGTCACGCGAGTCTGAACCGGGAGGTCCTCGGTCGTTTCGCCAACAGTGCTGTACGAATTAGGAATCCGAGCAGCGCGGTCACCAGCATTCGCGCGGTCCTCTCGCCGATTTTCTCGTTGTAGCTTCCGCGCCTGAACGCGGGGAGACTGCGTCACGGACGGATTCTCACTGGGCCCAATGCCGAAGTCCGCCTGGTTCTGCGCGGCGACGGCCGCATCAACGGCCTCGGCCGCACGAAGCCCATAATCCTCATGATACGCGGCCAACTGTCCAAGCACCCGCTTCAGCGCCTCCAAGTAGCTGATCGTACTCTCGAACGACCGGTCCAGGCCAGTCCGCACCTCCGGTGGGAACAGCGTCTCGACCCCTCCAAGCTCGTAGTGCGACGTGCCATCGTCAATGAACAGGAAATAGGCCTTCTGGTCCACGTCGGGGTATACCCAGAACTCGTTGCTCCGGACCCGCACGTTCGCCTGATGCGGAGCCGCTTCTTTCCCTGGCCCCAATCGCGCCTGTGTGCGCTCACGCGGCGCCCCCAATTGAATATACACCTTTCCGCGGTCGTCCAGTCGCCCTCGGGCTTCGAAGTGGTCGTGCGCATGCGAGACGCGTCGCAGGTGTTCGCGCAGGCGCTCGTTCTGCCCGGTGGCGGGCAGGGGATCTTGAGACCGCCACCAGCCGGCAATAAGTTCTCCGGTGGTAGCCTGAGGATTCACCGACACACTGAGCTCGAGCGAATCTACCGTGAGTCCCGTGCGCCGCTGAACACTTTCGGGTAGCACAAGGGCTGTCTCTCGAAGATGCTGCACGAGCCGTTCACGTTCGCCCTCGGACAGCATCTTCCATGATGTCGCGTCTACCTGTTCCATGAGACGGAGATACAGCGCCTGAGCACGGGCCCAGCCCGACATGTGTTTCTGGCGTGCGACCGCCCGGATGTACGCATCAGCAAGGCGAATGTCCGGAATGGTGGAATGGGTCTCCCACTCTCGAATTCCCGTCTGCCAAATCGTGTATGCCGCTCGCCGTCGGCCTGCTTCGAGATGGGCACGTCCGAGCCAATACGTGACCCCACCTTCGTCTGAAGTAACCAGGGGGAGATGATCGTTCCGGAAAAGAGGGTTGAGGGTCTCAATTGCTTGGTCATACTGCCCGGCCCGGACGTGGTCAATGCCGACCTGGAGCGAGTCGATCGGGTCTCCGGTAGTGGTGACATGGAGGGGCGATACAGGGTCAGCCAAGGCGGCCTCGCCCTGAAAGCCACCGATGACGCTTCCGACCACACAGAGGAGAATTGCGTGGAGGGAAAAAGGGATCTCCTCCATCATTTGCCGGACCCACATACCTTTTATGTGTTTATCTTGCCACCATTCATCTGTGCTTAAAGGCTGCGGCGTGGAAAGTTGCCGCAAGGATGGAATCAGCGTGTCACAAAAAAACAGGGTTGCCCCCGTCTGGAGACAACCCTGCCGTGCACTGTGAAACCAGCGTCCGTGCGCAAGAGGCCAAGTGGTTAGAAGTTAGGGTTGGGCTGTGTCTCAGCGCGCGTAAGTTGCAGCCACTGTGCCGTCGTCTGGCCATTCACCTGATCCTTCAGGTGCCACTCAACGACATCCATGCGCCGCTGGTCGGGAAGACGACTTCCTGTCGCGAACAGTGTTCGATCCCGCTCAATGGCGAGGCGATCCAGGTCGATGCTTTCCAGGTCGCTGAGGTTGTAGCTTTCTCGAACATCATTCACCAATTCCAGAGCCGTTTCGCTTCCGGCATCGTACCCCCGAAGCTCAAGCTCAGCACGGATGAGGAAGAGCTCCTGCCAGCTGATGAATGGCATGTCCGTCTGCTGCGCGTACCGCCCCTGTCCAAACTCAATAACAGTAGCGTCGGGAAAGCCAAGTGTAGCGAGGCTATTTGCCTCCCCATCCGGCGCCCAGTCGGCAAGAACCGCGGGAAAGGCGGAGGCATCAAGAGCCCCACCAAGCAGGGAAGAAGGCAGGTTCGGAGCGACCGCACCAAATCCGAATAGGGACGAGCCGCCCTCGTTGATTACGGTAAGGGGAATCCGACTGAACTCGGCCGGATTGTTCGTAACCGTCTCGATGTGGCTCCGGGCAACCAGTTCCCCGGTACTTTGGTCGGCAACGCGGTAGCTCTGAGACGGATCGGGGCTGCGGGCGGCAAGCTGGGCCACATTCCCATCCTGCACGGCCAACTGCAGACGTCCGGCTCCTGCCTGATCATGGTAGTCGTTCCCAGTGTTCAGGTCATAAGCCACATCCCACGACTCTCCCTGCTCAAGGCCTTCCTGTGCGTACTGGGCGGCAGCCTGAAGAGCAGTTCCTCCCTGGAATCCTCCAGAGTCTTGAAAGTTATGAGTGCCTGCATACAAGGCAGCACGGGCGCGGGCAGACTGGATCTGTCGCTGGCGAAGACTTTCGTCACCCTCTGCCAGGGCCTCCGCCTGCGCCAGTGCGTTTTCGTATTTATCATCAGCCTGCTGGTACAGCTGCGGGGAGGGGATAAACGCGGAGGTGTCGATCGTCGCCCCGCCGCGGCGCGGGTCATCCGGGTGGCCGAAGTAGGTGGCAAGATAGTACCGCGCATTTGCTCCGTGAAGGTTGGCCGCGAGACGGATGTCCTCCTCGGACGCTGAGGCGGACGGATCGCTGGGGTCAAACGCTTCTTCCTCTTCCAGTCGTCTCAGAAGATCATCTGCCAAGTATCGGTACTCTTGAAGGTCCGCTAGAGCCCCCGTGATACTGTTGTTATCATCTGCCAGAATACCGGCGTCGATCTGGGCGAATGTCGGAAACGTTGCGTCGCCGTTGATTCCGAACCGGAACTCGTCAGACAGGCCATCGGCCAAGTCCGTCACCCCGGAGTGAGTATCGGCCCACTGTGACTCAACACCAGTGATCAAAAATTCAGCCTCAGCGGGATCATTGAACTGCTCACTTCCGGCCGCGTCTTTCGGCTGGTCGACATTCGAGACAAACGAGTCACAGCCTACAAATGACACAGAAAGGGCCAGGATGAGCCCAAGTGCCGAGAGTCTTTCCAAAGTAGTTGCGTAGTTACTCATAGTTTAGTCCTAGCTATGGGTGGAAAACACGGAGACAAGGGAGTAGAAAAAACTGGGGGGCGGGGTCATACCCACCCCCCAGAGAACGATGCTAGATTCCAACCTCAAGCGTAAAGGTGTACTCCCTCGGGTTCTGCAGGGTCAGAAAATCCTGCCCACGAATGAGGCCCCGCGATCCCTCTGAATTAACCTCCGGATCAGGACCCTGGTCGTAACTCGTGATCGTGAAGAGATTCGACGCCGAGAACCCAATCGTGAAGCTTCTCAGCTGGTTGGTCCCGGCGAGCGACCCGATCAAGTCGGAAGCGTCGTACCGGACTCCAAGCGTGCGGAGCTTCAGGAAGTCAGCATCCTGAAGGAAGTTATCAATCTCTCCCACTCCTGCACCTGGATTGGTTCGGGCCAGGTCATTGGCAACCTGTCTGTACTGGTCGGTGCCAGGCTCAAGATCGTCGAGTTCCGCATCGAGCTGGTTTCGCCGCTCGTGACCACCAATCAGGGCCAGGAAGCGCGCCGTGTTCGAGTAGGTCTGATGGCCGAGCTGGTACTCTGCCTGCGCATTGATTCGCAGGTCTTCAAACACGGTCGCCGAGAAACCAAGTCCGCCGAAGTGGTCCGGGATCGGGTTCCCGAGATTAACCCGCTCGCTGCTTACATCAGGTCCGGCGTATGTACCGTCCTCGTTGAAGCTTGCTCCGTTTACACGTCGGCCAAGGAAGGTGAATGGCGCAACCCCTTCCTGAATCACATTCCGCTGAAATCCGCCGAAGATCGACTGCCCACCGAGTTCTTTCACCTCTCGGTATCGGTAGCTGTAGTTCGCGTTGAAGCTCAGCGAGTACTCTTCGGTGCGCAGGGCCGTCACATCAAGACTCGTCTCGATTCCCTGAGCAGAGATTTCACCGACGTTCCGGGGGACCGTCTGATTGCCAAATCCGGTCGACAGGGCCGGGTCAAAGTTGACAATAGAGTTCTCCGTAAACTGC
NZ_CP030364.1_gap78	2839828	2842599	2771	GACGGCGTCGTACTCCCGGTTGAGCGCATCAATCGATTCGACACCAAGCGTCGCAACCCCATTTTGCTTCATGGGCGTTGCCTGATCGGCCACATCCGGGGCCACCTTGACGCGAAGCACGTCATCGTGCCAGGTGCCTTCCCCCTCCTGTTCGAGAGACGTATCCGGGGGATCGGCCCCCTGGCCGAGGGCCGTACCGGCAAAGAACGACGCAGCGACAAAAAGCGTGAGGGCGGCGCCCAGGATTGACATCCATGAGCGCAGCACAGAACCTTCTCCTCGTACCGTTGTATTCATGGGGCTTGCAGCGGTAGCTGTGGGCGCCCCGCGTCGGCCGTCCCTTCCAAAGACCAGCCCGGCGCGGGGCTTCAGTATGTGTTGGCAAAATGTGAGACTCGCCGGAGACGCGCGAAGAAAAGTGCCCTGTCCGCGTTAGCGTTCGAGAGCAATTCTCTTCGCCGTCTCTTTTCCTGGCACCCGAATTGTACCTACAAGAAATTTTATTGTCAAGACGAAGAAAACCGCGAATCCCCGGTCCGCCAACACGACGGACATCATCATCCAAAAGCACAATTGACCTTATCTGGAGAGAGGCGCAACATTTGCACCTCAGCCTCAGCCACCCTGCCTTCCCGCTCGGTTCCCCCTCGCACCCCCCCCAAACTCCCTCTTCCGCACCCGACGCCCTTCGGCTACCTTAACTTCATATTCATGTTAAGCGGCAACCTACTTTTTGGGCCGTATGGAAAATAAGAGTGCCAGTTTTGGTCTTTTGGTCACTCATATCGAAAATTTTTCTTCTCTTTGGTACTTTACGCCACGCCTGAATTTTTCGGGCGAGGCGCCGATTTTGCCTGCCGTCGGGTAGGGACGACGGACCGCTTCGGATCTGTTCTTCAGGACCGGGGGCATGCCTCGCTGCTCGCCCTCCCCGGGACGCCCATGGCCGGGAGGCCCACGGGGGTTCGTTTCGGCGTGGCCCCGGCGCGACGCCTCCTTTTCCCGCTCGGGCACCGCGGGGGACCTTTTCGTGGGGGCGCCACGGCACGACACAAAAAAGCCCCACGGCGCCGGCGGCCCCGCAGGGACAGAGAGGTGTGAACGGTTGCCCAGGGTGGATTCGAACCACCAGCCTCCCGGTCCAGAGCCGGACGCTCTGCCGATTGAGCTACTGGGCAAGCGATTTGCTACACTGAATTTAAGGCAATACACAGAATGAGTCCTCTAGCGGCCCGGTTCCGACGCGCCGGGTGGGCTGGAGGGTTTGACGGACGCTTCACCAGAGGCCCCGCCGGCGGATTGGGCAGGGGCCCCCGGGCCCTCGTCGATCCACCGGGCAGCGGCGGCTTCCGTCCCGCTGCGTCCATCGACCGTGTCGAGATCGGCGTCGCGCCAGTCCGCAATCTGCTGCGCGATTCGGGCCCGCACGTGTCGCTGCAGGGCCCGGGCCTGGTCCGGCGAACACCCGTCGGTTTCGACCGGCTCCAGCACCTGTACGCGAATCGGTTCCGGGTTGGGCTTGAACCAGAGGGAGTTTTTTGGCAGGGCCTCGTGGGTGCCGTCGATGGCGAGGGGCAACACCGGCACCCCCTCCTCGATGGCGAGCCGGAAGGCCCCGTCGGAGAACCGCTGCACCCGCCCGTCGCGGGAGCGCGTGCCCTCCGGAAAGAACATGACGCTGCACCGCTTCTCGAGGTAGTCGCGGGCTGTCGTGAGCACCCGGGCCCGGCTCTTCTTGCGCCGCCGGTCGACCGAAATGTCCCCGCTCAGATGCAGCAGCCACCCGGCCACCGGCAGGTCAAAGAGCTGTTTCTTCGCCACCCACTTCATCTCCCAGGGCACACGGGAGATGATGGGGGGATCGGCCTGTGAGAAGTGATTGCACACCACGACGTAGGGACGACGCGGGTCCTCCGGAAACGCCCCTTCGAGGGTGACGTCCCAAAACGGGTTCACGTAGGTAAACAGGCGTCCCACGATGCGGAGGGTGTATCCGGCGTAGTAGTGCGCCGGGTCGCGGTCCACGGCACGGGCCACGAGCATGACGGGCACCCACAGGACGATCAGGGTACCGATGGCGAACCACACCCAGATGGACGTGAGCATCGAACGCATCGGACAGGCGAGGTTGATGGCACACAAACGATGAGAGGGAGCCTATGCCCGGCCGAGGGCGTTTGGTTCGAAACAGGGGGCGCGAGCCCACGGACGCGGCATGGGCGGCACCGCGCGTGCGGCCCGACCCGCGTGCGGTTCCAATGCACGAAGAGGCAGAATCTCGTGAATCTCTTCTGACCGGCATCGTGCCCCTCTGTCGTGCATAGAAATTGGTGCCATGCAGTGCCATCCAAACGACAATTATGCTTCTGGTCCGGAACCGACCTGTCCACTACATTCAAATGCCTCGCCGAGGGGCCTGCACGCGTGAAAACCGTGCCGCCGAACGGCAGTCGTGACGCCCGGCGGCACGGCGATCGCCTGGTTGCGGCGGAACGGACCACCGCCGTGGCAGGTAGGGCGCCGTGCCGTCGGGGCGTTGCGGACCGGGCCCACGGGCACCCGTACTGTCCTTGTCCCGACGCCGCCCCCGGCGGACCCGATTGGGGCTTCTGCTCCCCGCTCCTATGCGGGGCCGGCTCGCGGCGGCGCTTCGCGATCGTCCCATCGAGAAGGCCCGTCCATTCGTCCTATCCGACCAGAAGCCCCGTTCTGAACCCAAGTTCTACGTTGACAAATGACCGCCGACGGACTCGCCGCCCCCGACCTACGCC
NZ_CP030364.1_gap79	2858275	2860038	1763	AGATGCTGTGGAAATCTTGTAGAGAGCCGGCTTGCATGCACCTTGAACGCCCACCTGGAACGATCTGTTAGTAGTTGTTCACACTTTAAGGTGTTCAATCCCTGCCATGCTCCCTGTCCTCCTCGCCCTCCTCGTCGTTGCGCCCCCGCCCGATACCTCGTGGCCCCATCAAGACCTGCGCGAGCGCATGGTCCAGCAACAGATCGCCGCCCGGGGCCTCACCGATCCGGCGGTGCGCGGCGCCCTGCGCTCCGTGCCGCGCCACCGGTTCGTGCCTGAGGTGTCTCCGGAGCTCGCCTACGCGGATCGCCCGCTCCCCATCGGCCACGACCAGACCATCTCCCAGCCCTACATCGTGGCCCGGATGACGGCACTCGTCCGGCCGGATTCGGCGGACCGCGTCCTGGAGGTGGGGACCGGTTCGGGCTACCAGGCCGCCGTGCTGGCCTCGATCGTGGATTCGGTCTACACCATCGAAATCATTCCCGACCTGGCCGCCAGCGCCACCGAGCGCCTCCGTCGCCTCGGCTACCACAACGTCGTCGTCCGGAACGGGAATGGCTTCGACGGGTGGCCGGCCCGCGCCCCGTTCGACGCCATCGTGGTGACGGCGGCGCCCGACGCGATCCCGCCGCCCCTCCTCGACCAGCTCGCGGAGGGCGGACGCATGGTCGTGCCGGTGGGCCCGGCGGGCGGCCCGCAGGACCTCACCCTCGTCACGAACGACGACGGCAAACTCACGAGACGGACGCTCGCGCCCGTCCGGTTCGTGCCCTTCCTCCGTCCCGAGCCCTGATGCGGATCGGGGCCCGGTCCCCTCCCGTCCTGCTCCGCGCACCGCTCCTCTTCTTTTTCCTCCACACGTCTCCGTCGCTTTTCGTTGGCGCCCGCGTCACATATCTTGGACGCGCCCTCCCTTGCAGATTCTTATCGCCTCTGTATGCGCCGCTCCGTCGCCGCCGCGCTCCTCCTCGCCGCCCTCGGCTTGAAGCCCGCGACGGGCACGTCCGAGTAGTGGGCGCGTCGTCGTTCCTCACCGCACACGCCGTTTTCTCCCTCTCCTCTTTCTTTACGCCTACGCCCCCGTGCCCTCCCGCCCCGCCGACTGGCCCGACCTCAACCCCGACCAGCGGGCCGCCGTGACGGCGTCGATGGATCCGCAGCTCGTGGTGGCCGGGCCGGGGACCGGCAAGACCCGCGTCCTCGTGTGCCGGGCCGCCCACCTCATCGAGCACGAGGCCGTGACGCCCTCCCGCCTCGTCCTGGTCACGTTCACGCGGCGCGCCGCGCAGCAGCTCACGAGCCGCCTCGCCGCCCTCGTGGGCCCGGAGGCGCAGCACGTCCGGGCGGGCACCATTCACCACTTCTGCTACAAAACCCTCCGCGCCCATTCGGCCCCGGCGGGCGTGCACGACGACTTCATCGTGGTCGACGACACGGTTACGGACGCCTTCTGGCAGCGCTGGTACGAGGCGCACGAGCGCTGGTGCGAGGCAAACGACCTCCACAGCTACCGCCAGGTCAAAACCCACGTCAGCCGCATTAAGCTCGGGATCGACACGGTGTCGGGGCGGCTCACCGAAGGCCTGCGGGCCTACGGCGAAATGCTCGGGGACCGGGGCGCGCTCGACTTCGACGACCTGCTCGTCAAGACGCGCGACCTGCTGCGCAATCACCCGGACGTGCGGGCCGACCTCGTGGACGAGACGCGGGCGGTCCTCGTCGATGAATTTCAGGACACCGACCCGGTGCAGTTCGACATC
NZ_CP030364.1_gap80	2876923	2881909	4986	GCCACGAGGACGACCGGCTCGTGCTGACGGTGACGGACAACGGGCCGGGCCTGCCCGAGTCCCAGGAAGACGGGTTCGGCCTGCGCAACGTCCGGGCTCGGTTGGAGGGGCTCTACGGCGACGACCAGGCCCTCCACATGGAGACGGTACCGGACGGGGGAACGCGAGCCGTACTCGCACTGCCCCATCACACGAGCGCATCGCTGTACACCGCCTCGGGGACCTCTTCCCTCACCGCGCCCGACATGAACCTCGACTGACTGCCCGCCCCCACCTTCGCCATGGCTTCCGAGACGCCCGCCATTCGTGCCCTCATCGTGGACGACGAGCCGCTGGCCCGCGAGCGCCTGCACGAGCTCCTGACAGACGCCCCGGCGGTGACCGTGGCCGGTACGGCCGAGGACGGCTTCGAGGCCGTCGACGCCATCCACGAACAGGCCCCCGATCTCGTCTTCCTCGACGTGCAGATGCCCGGCATGAACGGCATCGACGTGATCGAGGAGATCGGGACGGCCGACATGCCCGTCACCGTGTTCGTGACCGCCTACGACCAGTACGCCATCAAGGCGTTCGACCTCGCCGCGGTGGACTATTTGCTGAAGCCGTTCGACGACGAGCGGTTCGAGGAGGCCCTACGGCGCGCCCGCGAGCAGATTGCCAACCGGGAGGGCGAGGCCATTTCCGACCGGCTTCTGCGGCTTCTCCAAGAACGCGACCCGTCCCTTCTGGAAAAGGAGAGCGCCCGGGACGAGCCGTACCTGGAACGGATCGCCGTGCAGGGCCGCGGCAAGGCCCGCATCGTGCCCGTCGACGACCTGACCCACATCACCGCCGACGGCTCCTACGCGGAGCTGCACACGGGCGACGACACCTACGTCATTCGCGAGCGCATGAAGACCCTCGCCGCTCGCCTCGACCCCGACACGTTCGTCCGGGTGCACCGGTCGGCCATCGTGCGGCTCGACGAGATCGAGCTCATCTTGCGCGGGGGCGGCGGCAACTACGCCGTGCGCCTCCAAGACGGCACGCGGGTCAGCGTGAGCCGCAGCCGCGTCGACGAGCTGCAGGACCGCCTCGGCGTCGACGTGCTTCAGCGCGACGATGCGAACGGCGCGTAATTCGCAATCCGGCCGAAAATGTCACCGCGTCGGGACCGCTCCGTCTTTCGGGACGGAGGCTCCCGCCGACCCGTCCAACCGCCAACGGGCACTGTCCGCCGGTTGAAGGCGGGGCGGACTCCTCGCGTCGGAGGCCCTCTCCTCCGGCAGACGACAACATTTTGACTCGGAAACGCTATCCCTGCACCGGCGCCGACTTCAGTCGCGGAAGGACCTCGCGCCCAATCCGCTGCACCTCCTCCAGCATCGGGCTGCACTGAAGCAGCACGAGGTCGAGCCCCGCGTCGGCGTACGCGTTCAGCTTTTCCACGATCTGGTCCGGCGTGCCCACCAGGTCGGGCCGCAGGCCGCGGTTCGAGACCGAATAGTCCTTGAGGTCCACCTCGGAGTCCAGCTCCGAGTGCTCCACGAAGTCGTCGTAGCTGTCGAAGCCCTCGGCCTCGTAGTCGACCGTGGTAATGCGGTCGAGCTCCTCCCGGGCCTCCTGCTCGCTGTCGCGGCAGATCATGTACGCCGCCATCCCGAACTTCATCTCGTCGGGGTCGTGGCCTTTTTCGGCCCGCCGCTCGCGCAGGTCCTCGATGTCGCCGGCAATCTTGTCGACGGTGCCGCCGTGCATGAGGTAGTGGTCGCAGTGGGTGGCGATCATGTTGCGCCCCTCCTCGGAGCCGCCGCCCGCGTAGACGGGCACGCCGCCGGACTGGACGGGTTTGGGCTGCAGGATCGTGTCCTCGATGGTGTAGAAATCGCCGTCGAATGAGAAGCGCTCCTGCGACCAGAGGCCCTTCAAGATCTGCACGAACTCGGCGGAGCGGTCGTAGCGGTCGCTGTGGTCGAGCCAGTCGCCGACGTACATCTTCATCTCCTCCTCCCACCAGGCCGAGACGAGGTTGATCTCGAACCGCCCGTCGGAGATGTGATCGATGTTGGAGGCCATCTTGGCGGTCACGGCCGGCTCGCGGAAGCCGGGGCGGATGGCCGCCATGATGCGAATGTCGTCCGTCACCGGGGCCAGGGCCGAGGCGGTGGTCCAGCACTCCAGGGCCGGATGCGACGGGCCGTTGATGTCGTTCAGGTTGAGCTCGGCGATGAGCATCGTCGAGAAGCCCGCGGCGTCGGCCGCCTGCGCGACCTTTCGGTTGTACGCAAACGTGGGCGGCATGCCCTCGTCGTCCACGTTGCGGAGCCAGCCGCCGAAGACGGGAAGCCAAATTCCGAGATCAATCATCGATGGGTTGAACGTTGGAAGGTTGACGGTTGGAACGTTGAGGGGCGTCAGGAAGGGATGCCTTCGCCCGTGGCGGCGGCCTCCAGTTCGCGCTTCAGGAGGTCGGCGACGGCGGCCATGCCGCTCAGGTCGTGCTCGTCTTCGACCTCGGGCGAGTAGTTGGTGGTGCCGTTGATGTCGTAGGTCCAGATCTGGCCCTCGGTGTCTTCGATAAATTCGATGCCCGCAATGTCGATCTGCTCCCGATTGAGGAACGCCTTGTAACGGTCGATCAGGGCGGCGGGCACGTCTTCGCGGAGGGCGAAGAGCGAGTCGTCCCCGTCCACGGCGCAGCGGTCCTCGTCGGTGCGGCAGGCGTCGGCCGGGCAGAGCTCGAAGCCGTCGCTGGTGTCGGACGTGATGGCGTACAGGAACTCGCCGTCCACGAACTCGCAGCGCGTGATAAACGGCTCGGCCGCCTCTACGAACTGCTGCAGAAGCGTAATGTGGGCCGGCGGCGTCGGAATGTCGCCGGCGCGCACCGCCTCCTCAAACGCCTCGTGGGTGCGGAAGAGCTGCACGCCGAGCCCCTTCCCGCCCCGATTGTGCTTCGTCACGAACGGGGTCGGCACGTCCTGCGCGGCCGCCAGCAGCGCCTCCGGCCCGCCCGCGACGGCCCGCGTGGCCGGGGTGCGCAGCCCGGCCTGCTCCAGCGCGGCGTGCTGCTGCACCTTGCTAATCTCCAGCTCAAAGGCGTGGGACCCGTTGACGACGCGCCGCCCGTGCCGCTCCAGCCACGCGATCAGCTGGCGCGTGTGCTCGACGGCCGGGCCGTGGCCACGGGTGTGGGAGGACGCGCTCATGCGGTTCAGAAAGACCCCCTCGGGCGGGGCGCCCGTGACGTCGAAGTGGCCGTCGTCCACGAACCATTCTTCGTAGGGCACGTCCGCCGCATCGAGCGCCGACCGGAGGGGCGGCATCCAGTCTTCGTTCTCGTAGATGATGTAGGCCTTCATGGGATGGGCGATGACTCGTCGAAAGGAGGGAAACTAAAAAAGCCCCCGGCCGAACCGGTGGGCGGAGGCAGCAGTGCCGACCGTTCACCACGCGGTTCACGCACGAGTGCACGGACAGCAACAACAATGTGCGGGCGAGGGGGCGATCATCGTAGCGGCCTGACTGTTGAAAAATCGTTATCCGGTATCTATCGGTTCCGTTCGGGTTCCCCCTGTTACATGGACTTCAGCTTCTGGTCCCCAACGACGTGCCCGTTTCTAGCGGGGCCGTCTCGCCCGAACGGGGCTCAGGCCCGGCTGCCGTGCCGTTCCAGGACCGTGTCGGCCTGCGCTTGGATCTCCGGACGCTGGCGCAGCTCGTGGATGGCGTCTTGGGCATGGTGGTACGCGTCGTTGTGGTCTACGACGCGCTCCGGGTAGTCTTTGCCGATCACGCAGCCGGCGGCCTGCTGCTCGATGGGCGACATCTTCCAGGGGGCGTGGACGTACGCGGTCGTGTCGAGGTGCGACAGCTCGGGGACCCAGCGCCGGATGAACGTGCCGTCGGGGTCCTGCTCCTTGCCCTGCTTTACCGGGTTGTAGATGCGCACGCGGTTGATGCCGGTCGTGCCGGACTGCATCTGCACCTGCGGGTAGTGGATGCCCGGCACGTAGTCGGCCATGAGGCCGCCGTAGGTGGGCGCGAAGCGGCGCCAGTCGAGCCAGCAGTCGTAGGCCGCAAACGAGCAGAGCATCGCCCGCATGCGGAAGTTGAGCCAGCCCGTGGCCCGCAGGTGCCGCATGCAGGCGTCAACCATCGGGAACCCCGTGCGGCCGTGGAGCCACGCGTCGTAGAGCGCCGGGTCCCAGTCGTCGGCGCGAAGCGCATCGAAGGCGGGGATGTAGCTCTCGTTTTCGATCCGGGGCGCGTCCTCCAGCTTCTGCGTAAAGTGGCTGTGCCAGTGCAGGCGGCTGTCGAAGCTGCTCAGGGCCTTGCGTCGGGCCGCCGCGTCCGGGCCGTTCGCTCCGCGAAGCTCTTCCTGCCGCCGTCGCAGCTCGTAAACCACCCGCCGGAGGCTGATCGTGCCGTAGGCCAGGTGCACCGAGATCCGCGAGCACTCCGTCTGCGCGGGACCGGGGCGCGACATGGCCCGGCGGTAGCTGCGCCCTCGTTCGCGAAGGAACGAGTCGAGGGTGCGGTGGGCCTCCGCCTCCCCAATCTGCTGAAGGGCGGCGGTCGACGGCCGGAGCCCCAGGTCGGCGTGGGACGGCATCGGCCCGGGCGCTACGGAGTCGACCGGCTGGAGCGCGTCGGGCGGGTGCACGAGCGGCCGGTCCATGGACGCCTCCCACCGGTCGGCCCACTCGTCCCGGTCGTGCGGCCCGCGCACCACGCCTCGGCTTGGCACCTCCGTAAACGGGACTTCGTGGGCGCGGGCCCAGTCACGTACGCGCCGGTCCCGCTCGTGGGTGCGCTGGTTGCCGGTTTCTTCGTGGGCCCAGAGACGAAGGGGCCCGGCGGTCGCCCGCAGCGACTCGAGGACCTCCGGCATTTCGCCGCAGCGCACGACCAGAGGCTGTCCCCGCTTTGCGAGGCGGGCCCGCAGTTCAATGAGCGCCTCCCGAATCAGCGTCCAGTGGCGCGGATGATAGTCCGCCCCCGCCG
NZ_CP030364.1_gap81	2897354	2900156	2802	GCGGTGCGCCCCACCAACGGGCTCGGGCACAATCTCGTCGACGATGCCCACCTCCGTCAGGTCCGTGGCCGTGAGCTTGAGCGCCTGCGCCGCGTCCTCCTTGTGGTCCCACGAGCGCCAGAGGATCTGCGAGCAGCTCTCCGGCGCAATCACCGAGTACCAGGCGTTTTCGAGCATCAGGATGCGGTCGCCCAGCCCGACGCCCAGCGCCCCCCCGGACGCCCCCTCGCCAATGACGACGATCACGACCGGCGTCTCCAGGCGCGCCATCTCGAAGAGGTTGTGCGCGATGGCCTCGGCCTGCCCGCGCTCCTCGGCCCCCATGCCTGGGTACGCGCCGGGCGTGTCCAGGAGCACGACGACCGGCTTCTCAAACTTGGCGGCCATCTTCATCAGCCGCTCCGCCTTGCGGTACCCCTCCGGGTTGGGCATGCCGAAGCGCCGGTACTTCCGCTCCTTCGTGTCGCGCCCCTTCTGGTGCCCCATGATCATCACGGTGCGGTCGCGGTAGCCAAACCGGCTCCCCGTAAACTGCGCCAGCCCCCCCACAATGGATCGGTCGTCGCCAAACTTCCGGTCCCCGCGCAGCTCCGTAAAGTCTTCCGTCAGCGCCTCAATGTGATCCAGCGTGTAGGGGCGCTCTGGGTGGCGCGCAATCTGCACCCGCTGCCACCGCGTAAGGTTGCGGTAGATGGAGGTCCGGAGCTGCTCCACCCGCTCCTCCAACGCTTCAATCTCGTTGGAGAGGTCGTCCTGCGTCTCCGCGTTGAGCTCCCGCATCTCGGTGAGCTTGTCCTCAAGCTCGACGAGGGGCTTCTCGAAGTCGAGCAGGTGTTCGTCGTCGGCCATGGCAGGGACAAGTTGGTTTCGGGCGCATTTCTATAGGGTGCCACAAATAAGCCGTCTGGCGACGGGAATGGCAATACGTCGGGAAGCAACGGCCCGTGTAAACACAAAGTTTTCCAGAAGGAGAGGACCACCCGGGCCACGGAGCGGCCGTCAGGAACGCACCTCCACAGTGCCCGTCCGGGTACGGCGCGCCAGCCCCGAACGAGTTCTGTCCCCACGTGGCCACCCTCGACGCCCTCCAGGAGTACCTCGACACGCTCGTCGACCGGTACGAGCGTCCCTCCTTTATCGACGACGATCCCGTATCCATTCCCCACGCCTTCGACGACCCCCGCGACCAGGAGGTGATCGGACTCTACGCGGCGCTGCTGGCCTGGGGCCGGCGCGACGTGATGCTCCGCAAGCTCGAGGAGTTGTGCGAACGGATGGGCCACGCCCCCTCCCGTTTCGTGCGAACGTTTGACCCGGCCACCGACGCGGAGGCGCTCGATGGGTTTGTCCACCGCACCTTCCAGCCCATCGATGCGGTCTGGCTGACCGCCAACCTGAGCACCGCCCTCGACCGACACGAGACCGTCGAGGGCCTGTTCGCGGCGCACCGTCCCGACGACCCGGACGGCTCCCCCGTAGCGGCAATGCTCCAGGGCGTGAGCACGACCCTGCTCACGATCGACGACGACACCCCGCAGCGCCTCCGCAAGCACCTGGCCCGGCCCGAGGCGGGGAGCGCCTGCAAGCGGCTCAACATGTACCTCCGGTGGATGGTGCGGCCGGGCCCCGTCGACCTCAACGTGTGGTCGGCCCTGGACCCGTCCGACCTGATGCTGCCGGTCGACGTACACGTGGGGCGTCAGGCTCGGGCGCTCGGCCTGCTGGAGCGGAAGAGCAACGACTGGACGGCGGTTCGGCGCCTCACGGCCATCTGCCGGCACTTCTGCGCGTCGGACCCCACCCGCTACGACTTCGCCTTCTTCGGGGTGGGGGCTCAGGACGAGTCGTTGGACGCGCGCTTCACGGGGGCCAACCGGGTGGACGGGAGCTCCTTGCCCACGCCCCGGTAGTCGCTCTTGTAGTACAGCACCGCCCCCTGGTCGGAGCGCTCCTCCACCTCCACCACGCGCCCGACGTACAGGCAATGATCGCCGGCCGGAATTGAATCGTGCGGGCGGCAGTGGAGAACGCCCGACCCGCCCTCAAGAATCGGCGTGCCGTGGGCGTCCCGCTCGTGGGGCACCGCCTCAAACTGCTCGGCCCCACTCAGACCAGGAATGGCAAACTGCTCTGCGAGGTGCGCCTGGTTTTCGCCCAGCACGTGCACCGCGAACCGATCGCAGTGCTCCATCACCTCGAACATGCTCGCGTCGCGGCCCACGTTGAAGCTCACGAGCGGCGGATCGAGCGCGACGCTCGAAAAGGACCCAATCGTGATGCCGCGCGCTTCCTGAGGCCCCCGGGCCGTCACCACGACAACGGGCGACGGCACCCGGCGCATCGACGCCCGGAATGTGCTTGGTTCGTCTTCGGCCATGGAGCAGGGTGGTGCACAAGAGTGGGGTGCGTGTCCCGAAGCGCATGTCCCCGGGATTCCTCATCTGGAAGGGGATCGTTCCAATGAGGCGACGGCCGGCCCGTTCGCTCCGAGTGTCGTCCGTTACGAAACTGTGTTCATCACGAGAAGACGTCGGAGACGCGACGGAAGAACGACTTCTGGGTGTCCTCCTCAGGGGGCCGGGGCTGGAAGTTGTCGTGCGCCCGGAGTTGGTCGAGGAGCTCCTCTTCCTCCGCGGTAAGCTCCTGCGGCGTCCAGACGTGCACGCGGATCATCTGGTCGCCCTGCCCACTTCCTTCCAGGTCCGGCAGGCCGCGGTCCCGCATGCGGAGAATCTTGCCGGCCTGCACGCCGGGATCGACCTCCAGGCGGGCCTCGCCCTCCAGGGTGGGAACGTCCACCTC
NZ_CP030364.1_gap82	2960273	2961647	1374	GATATCCATCTGAGCTACACGGATCGACAACGGCTCAAGGCCGGGGAATACGCCGACGTCGCAGCGGAGAAGCTGCCCACGCTTGAACGCAGAATCTATTGGACAAAGGCATACGCTGCAGTCGCGACAGTGCTGTTGATTTCTGGGGGCGTGCTAACGGGGCTCTCCTACGTGGGAGTCGGTGTGAACTGGACACTGGAGGAATTCGCCCTTCCGCTCTACCTTGCTTTTTGCATGGGGTTTGTCGCTTTAGCAGGAATGTGGAGGATGGTAAAGTTGGAGAAGCAGCGTCTCCTCTGTGAACTGGTGGTGGCTCAGAGTGAAGAGGAGACCGCCGAAAAGAAGGAAAAGGCAGCCGCATCCCCCCCGATGTAGCGAACGAGGGGCCATTGCCACTGTCAATTGGGACTGGGCGGGTCGGCTCGGCGCCGCGGGTCGGACGTGGCAGCACGAAAGGATGCCGACTTCGACCTTCGATGTCTTCCTTGGATGAATGCGGGAGGTGACACTTTTCCTTGCCCGTCGCGAGCCCATCTTGTCCGTTGAGCGGAGGCACGAGGCCGCGTCCCCTCGCAACAGTTGGGGCGTTCCCGGATTCAGAAGATGAGGCCCCCAACGTCCCGACGCCGCACACTCGAAGCCCCCCCTTCCCGGATCAAAGATATGACTCGTCTTCTCGCGCTCGCAGTCGTCCCCGCGGCCCTTCTCGTCGGGCACCTTTTCCACCGCCCGGCCCCGACGACGGACGCCCCGGTCCCACCGCTCACAGACCCAAACAGCCCTGGCAGTCCCCCCTCGTCCGGCCTCCCCTCCTGTCCCGCGCCCCTGATGCTCTTCACCTTCGACGGCGCCGATGCGGCCCCGTGGCGCGTCGAGAACGACGGCGTGATGGGCGGGCGCTCGGAGGGCTTCGTCGAGGTCGCCGACGGCACACTCGTGTTCACCGGAGAGGTGGTCACCGAGGGCGGCGGGTTCACGTCGGTCCGCGCGGCGTCGCGGGCGGACCTGTCGGGCTACGACGGGATCGAGCTTCGCGTCCGCGGCGGGGGGCGCACGTTCGCACTCGACGTCGACGACGGGACCCGGAACCGGGGGCGGGAGGTGAGCCGCCGCGGGCCGGTCCCGACGCGCGACGCCTGGACGACCGTCCGCGTCCCTTTTGACTCACTGGAGGAGACCGCGTACGGCGAGCCCGTGCGCGTCGACCCGCTCGACCGCTCGGCCGTGCAGTCGATCGGGATCTACATCATCGACGGGCAGGACGGCCCGTTTCGGCTGGAGGTGGACTGGATCCGGGCGTACCGCGAGGCGGAGTAGGCGGCCGGTGCGAGGGGCGGGGCACGTCGTGCCTTCGGGTTTGAGCCGCACCTCATT
NZ_CP030364.1_gap83	2972180	2976065	3885	GACCGTGGTCTCGGCGGGCGTCAGGTTGAGCAGATCGGCCTTGTCCACCAGAAACTCCTCGGGGGTCCAGTCCTGCCACGGGTCGTCGGCCATGTAGTTGCGGAAGCCGTCCGCCTTCGGCTCGAGGTACTCAAACGCCTCGACGTCGGTCTGCTCCTGCGTGGCGTCGGTGCGGCCGGGGGTGAAGGGCACCTCCACGTCGTGGCCCGCGTCCGCCGCGGCCTTTTCGATGGCGGCGCTCCCGCCCAGGACGATCAGGTCGGCCAGCGACACCCGCACGTCGTCGGACCGCGCGTCGTTGAAGTTTTTCTGGATGCCCGTCAGCACCTCCAGGGCGTGGGCCAGCTGGGGCGGCTCGTTGGCCTCCCAGTTCCGGTGCGGCTCCAGGCGGATGCGCGCGCCATTCGCCCCTCCGCGCTTGTCGCTATCCCGGTAGGTCGACGCCGACGCCCAGGCGGTTTTGACCAGGCGGGAGACGGACAGATCGGTCTCCAGGATCGCCTCCTTCAGCTCGGCGATCTCCTCGTCGCCGATCAGGTCGTGGTCGGCATCGGGCACGGGGTCCTGCCAGATCAGGTCTTCTTCCGGGACCTCCGGACCGAGGTATCGCTCCTTCGGGCCCATGTCGCGGTGCAGCAGCTTGAACCAGGCCCGTGCGAACGCGTCCTCAAACGCATCCGGGTTTTCGCGGAAGTCCTCGATGATCTCCCGGTAGTCCGGGTCCCGCTTCAGGGCCACGTCGGTCGTGAGCATCATGGGGTCTACCGTCTCCGACGCGTCGTGGGCGTCCGGCACGACCCCCTTCAGCTCATCGCTCTTCGGGCGCCACTGCCACGCGCCGCCGGGGCCCTTGTGGACCTCCCACTCGTAGTCGAGCAGGAAGTCGAGGTAGCCCATGTCCCACTCGGTCGGGGCGTCGGTCCAGGGGCCCTCGATGCCACTGGTAATCGTGTCGCCGCCCTTGCCGGAGCCGTGCTCGTTGTGCCAGCCGAGGCCCTGCTGTTCGATGGGAGCGGCCTCGGGCTCGGCCTGGAGGTGCTCGTCGGTGTCGGCGCCGTGGACCTTCCCGAATGTGTGCCCGCCGGCGATGAGGGCGGCCGTCTCCCGGTCGTTCATCGCCATCCGGCCGAAGGATTTACGGATCCGCTGGGCCGACCACTCCGGGTCCGGGGTGCTCTCCGGTCCCTCCGGATTTACGTAGATGAGACCCATCACGGTTGCACCGAGCGGGTTGTCGAGTTCGTCTTCTTCGTTGAACCGCCCCCAGGTCTCCATCTCGTCTTCGGGCCCCCAGTCGATGGACTCGTCGGGCTTGAAGTCGTCCTCCCGGCCGCCAGCAAAGCCAAACGTCTCAAACCCCATCGATTCCATGGCGACGTTGCCGGCCAGCACCAGCAGGTCCGCCCAGGAGATCTTCCGCCCGTACTTCTGCTTGACGGGCCAGAGCAGCCGCCGGGCCTTGTCGAGGTTCGCGTTGTCGGGCCAGCTGTTGAGGGGGGCCAGGCGCTGACGGCCGCCGGACGAGCCCCCGCGCCCGTCGGTGGTGCGGTATGTGCCCGCGGCGTGCCACGACATCCGAATGAAGAGCGGCCCGTAGTGTCCGTAGTCGGCCGGCCACCAGTCCTTCGAGGTCGTCATGACCTCCTCGATGTCTTCCTTCAGGGCCTCGTAATCGAGCTCCTGAAAGGCCTCTGCGTAGTCGAAGTCCCCATTCCAGGGACCGACATCCTGCGCGTTCTGGTCGAGAATCTCAACGTCCAGGCTGCCGGGCCACCACTCGCGGCTCGTCTCGGGCATGCTGTCCCGCTGCTCCACCGATCCGTTGGAGCCGTTGTGCATTACCGGGCACCCGTTGGTCCCGTTCGTGCTTTCGGTAGCGTGTTCTTCTGACATAGATCGACATGAGGGCGTTGCTGGGGGAATAGCGCGTCGTTACAGAAGGTACGCATCCGGAGTTGATTATTCAAATCGATCACCTCTATATTCTTGATAGTTTTCCTCTATCAAAGAGCCGGCCTTCCGTTCGATGACGCTCGCGCAGCTGCAGTATCTCGTGGCCCTCGATACGCACCGCCACTTTGGCGACGCGGCCGCGGCGTGCGACGTGACCCAACCCACCCTCAGCGGGCAACTACAGCGGCTGGAGGAGGAGTTGGGGGTGGAGCTGATCGACCGGAGCCACCAGCCGGTGGTGCCCACGGCCGCCGGCGAGCCCATCGTGGAAGAGGCCCGGGCGGTGCTCGCCGCCCGGGACCGGCTTGCAACCACCGCGACGGAGGTGAAGGACCGCGTGACGGGCACCCTTCGCCTCGGCATGCTTCCCACGCTGTCGCCCTACCTCCTTCCCCTTCTTCTGCCCGCCCTGGACACGGCATTTCCCGAGGTCTCCCTCGTGCTGCGCGAGTGGCCCACGACCGAGATTCTCGATGCCCTCCGCACCGATGCCCTCGACGCCGCCCTGATCGCCACCAATCAGGCGGGCCCGGACCTCCACGACCGTGTGCTCTTCACGGAGCCCTTCGTGGGCTACGTCGCTCCGTCCCACCGCCTCGCCGACCGCGACGCGCTGGCGCCCGCGGCCCTCTCCATCGAAGACCTGTGGCTGCTGAGCGAGGGGCACTGCTTTCGCGACCAGGTGCTCCAGGTGTGCGGCCGCGCCCCGTCCGCCCCCCAGGCCGCCACCCAGTTCGAGAGCGGCTCCCTGGAGACGCTGGTCCGTCTGGTCCGGAACAGCGGCGGGATGACGCTCCTCCCCCGGCTCGCCACGCACCAGATGCCGGAGGCGGAGCGGTCCACGTTCGTCGTTCCCTTCGCCGACCCGGCGCCCACCCGCAACGTGCGGCTCGTCACCCGGCGGCGGCACAAGCAGCGCCTCGTCGACGCCGTCGTCAGCACGCTGTACGACGCCCTCCCGAACACCGTCACGCGCCGCTGACCGCCCCTCTCAGCCCTCCAGTACGTCGGCCGCCTCGTCGGCGAGGCCCGTCGCCTCCGCCACCTCGTACGTCGACGGGTCCTCCATGCGCGGCCGGATGATCATCTCGCCCAGCAGGCCCGTGGTGAACATCTGCGACCCGAACAGGATGAGCAGCACCCCGAACAGCAGCAGCGGGCGGTCCCCGATCGGGTGCCCCAGCACGAGCTTGTCGAACGACAGCCACAGGCTCACCAGAAAGCCGAGCGCAAACGCCACGGTGCCCATCGACCCGAAGAAGTGCATGGGCCGCACGGCGTAGCGGGTAAGAAAGACGACCGTGATGAGGTCGAGGAAGCCTTGGATGAAACGCTCGACCCCGAACTTGGTGGTGCCGTACTTGCGGGGGTGGTGTTGCACCTCCTTCTCGGCGACGCGGTCGTACCCCTCCCACTTGGCGAGGAGCGGGATGTAGCGGTGCAGCTCGCCGTAGACGTCGATGCTCTTCACGACCGGGCGGCGGTAGACCTTCAGGCCGCAGTTGAAGTCGTGCAGGGGAAGGCCGGAGAAGAGGCGCGTGACCCAGTTGAAAAAGCGGCTGGGCAGGGTTTTGCGGAGCGGGTCCTTGCGGTCTTTCTTCCATCCGCTGACGAGGTCGTGCCCCCCCTCCTCCAGCTTGTCGATCAGGGCCGGAATTTCGTCGGGGTCGTCCTGCAGGTCCGCGTCCATAGTCGCGACGTAGCGCCCCTGCACCCGGTCGAACCCCACGGCCAGCGCCGCGGACTTGCCGTAGTTGCGGCGAAAGCGCACGCCGGCGACTCGCGGGTCGTCTTCGCAAAGCCCCCGCACCACCTCCCAGGTTTCGTCCCGCGACCCATCGTCGATGATCCACAGTCGGAACGAGAGCCCCGCTTCTTCACACGCCGCCCGCACCCCGTCGGCGAGCTCGGGGAGCGACTGGGCCTCCTCGT
NZ_CP030364.1_gap84	3016398	3019856	3458	CTCGGCGGCCGCACCGCACACGTCTACCCCAAGTTCGGCACCGCCGCGATCCGCATCCCCGCCGCGGACGCGCTCCCCGACGACCACCCGGACGACGCGCTCGTGCTGGAGTTCGTGGCCGCCCGCAAGGAGAGCTACCGCTCCGACTCCCGGAAGCCGGAGGTGGAGGCCGGCACGCTGGAGGACGACCAGTACCGCCGCGACTTTACGGTCAACGCGATGGCGATCCACCTCACGCCGGACCGCTTCGGCGCCCTCCTCGACCCGTTCGACGGCCGGCGCGACCTGGAGCGGCAGACCATCGACACGCCCCTCGACCCGGCGGACACGTTCGAGGACGACCCCCTCCGCATGATCCGGGCCGCCCGCTTTGCCACGCAGCTCGAGTTTCGGGTGTCCGACCGCGTGTTCGACGCAATGGGGACGCAGGCCCACCGCGTCGAGATCCTGAGCCAGGAGCGCATCACCGAAGAGCTCCACAAGATGCTGGAGGCCGACACGCCGTCCATCGGCTTCAAGATTCTGGAGGCCTCCGGCGTGCTGGCGCACATCATGCCTGAAATTCAGCGGCTGAAGGGGGTGGACGTGGTCAACGGGCGCGACCACAAGGACAATTTCTACCACACGCTCGAGGTGCTCGACAACGTCGCGGAGCGAACGTCGGACCGGCCCGGGGCGGAGACGCGCTGGCTCCGGTGGGCCGCCCTCCTCCACGACATCGCGAAGCCCAAGACCAAGCGATTCGATCCGGAGGACGGCTGGACCTTCCACGGCCACGAGGACGTGGGCGCCCGCATGATCCCGGACCTCTTCCGCAAGTGGCGCCTGCCGACCGACGAGCGGCTGGACTACGTGCAGAAACTGGTCCGCCTCCATCTCCGCCCCATCGCCCTGGCGGACGAGAAGGTGACCGACTCCGCCGTGCGCCGCCTGCTCTACGAGGCCGGGGACGACATCGACGACCTCATGACGCTGGTGCGGTCGGACGTCACCTCAAACAACCCGGACCGGCGCCGCCGCTACCAGCGCGCCTTCGACCGCGTGGAGGAGAAGATGCGGGCCGTGGAGGAGAAGGACCGCCTCCGCAACTTCGAGCCGCCGGTGGACGGCTACGAGATCATGGAGACGCTCGGCATCGAAGAAGGGGTGGCCGTGGGCATCGCCAAGACGTGGATCCGCGAGGCCATTCTCGACGGCGAGATTCCCAACGAGCACGACGCGGCCTACGACCACCTCATGGCGGTCAAGGACGAGGCCCTCCGCCGCGGCGCCCTCTTCGAGGCGATGCAAGACCGGCTCGACGGGCCGGAGAACCGGGCGCTGGGCGCGATCAAGGAGGTCGTCTTCGAGGACCCGGACCTGCCGGACGACCGCGAGGCGGCACTGGCGTACCTAGACGCGGTTAAGACGGAGGTGCTAACCGCAGACGACGAGGGATCCAGCGATAATTGAGGCGCTTCATCCAGCTGTTCGCCCTGGACGGCTTCGCAGATCAATCGCTGCCTCCTGTTCACAGACTGGGTGACGCCCGGCGCGGGCCTCACGCCGGCCGCCCGTGAAGCCGAAGCCCTCCTCGAAAGGACGCGTTCGACGCCGGACGACCAATTCGATCGAAGAACCGACACAGCAGGGGCAATGGGCTGGGCAGGTCTCCACTCGGAACGAAGTTCCAGAAGCCCACCTCCGGGGCCAGCCCACTCTTTTCTAGAAGCCGCCGCCCTTCTGCTGGACGCAGCCGCCGGTCGGTCGAGAGGTGGCGTGTGGGCAGCCCGAGGCGATCGGCCAGGCGATACCACCAGTACGTCCCGTTGAGCGTGAGGGCGAGGAACTGTCCGCTCGGCTTCAGCACACGCGCTGCCTGCTCAAGCACACGGCGTGGACGGAGCACGTGCTCCAGCACCCCTACGCAAATCACCTTGTCAACCGATCCGGCCGGGATCGTCGATAGGGTCTCGGCATTGTCGACCCGAAAACAGAGGTCCGGATGAGAGGCGCGCCGCTGGGCTGTCGCGATCATCTCCTGGGACAGGTCGACCCCGATGCCGTTCTCAATCCGATCGGCAAGGGCTCGGAGGTGCGTGCCGTCGCCACACCCGATGTCCAAGACTGTGTCGGACGGGGCGAGCTGGGCGTGGCGATCGAGAATACGCAGCCGGTGCCGCAGCAGCACGTCGGCACGGCCGTGCCGATCGGACGGGTCGGCGGCCAGCGCGTCAAAAAAGTCGCGGAGGTCATCGTTATTGTCAGCCGGAGTTGGCGTTGGAAACGCAGACATACAGGGAACTTAGGGAGTAGGGAGAAGCGCAGTGTGTTCTACGCCCTGTGGGCGGTAGGGCGGCAGAGCAGACAATGAGTCGATCCTGGTTCCGCTGTGTGCGGTGAGCACTCGGGTGAGCATCGAATACAGTCCGGCGTGGTGGAGCGTGTCGGTGGCTGCGGGCGGCTGGAGCCCCTCGGAGAAGCCGTAGTCTTCGAAGCGACGGACCAGATCCTCCTTGCGGCTCAGCACGTGGACCGGGACCGCCGAGCTTTCATTCTCAATGCCAGGGGGCTGGTGGTCTCCCACGACGACAGCGAGGCTGTTCGAGGGCGCCTCGGCCTGGAGGTAGCCTGTGAGCACGCGCCAGTCGTACTCGATCTGGCGGAGCAGCTGCTCGACTGGCGGCCGCTCTCGCAGGGAAGCAGCGTCGCCTGCCGAAGGTGACCGGCCAGTCTCGTGGCGACCCTCCGGTGAGCGGTTGCCCAGCAACAGTGGGTCGTCGACGAGTGGGGGCGGCAGGTCGGTCCAAGGAAAGTGCGAGGAGACCGCCTCGAAGAAGAGGAAGAACGGCCGGGCCGTCTGCTCGACGAACTGGTCGTGGGCTACGGCCAGGCTATACTGGTCCGGCACAATGCCCCATCCGTAGTCCGGCCCCTGGTAGCCGAGGTCCTCGAAATAGAAGGTCCGGTCGAACCCGTACAGGTTTTCCACGGAGAGACCCGCGCGCTTCCGGACCGGCGGCTGCAGTGTCGCGGTCGTGTACCCCTGTTGCTGAAGCGCCCAGGCGAGGTGAGGGTAGCGCGGTAGCTTCGGCCGCAGCATGTCGAACGAAGGCTGGTGCTCGACAGTCGTTCCCGAAAGCATGGTCGCCACGCTAAGCCAGGAGAGCCCTCCGGAGACGGGCGCCCGGCTGTGGGCTGTGGCCGTGTGCCAACCCGACGCGGCCAGGGAGTCGGACACAGGGCCCATAAGGTTCTCGTAGGAGGCGCGGTGGGGCGGGGCCGTGAGGACAGATCCGTACGACTCCAGCACCACGATGTACAGCGAGGGCGGGCGATCCCAACGAAGAGCCCGGTACCTGCGGTAGGTCGAGTCCGCGGGCACAGAGGAGGAGCGCGCGAGACCGCGGCTCAACTCGACGGAGGCTTTCGCGTTGCGGACCACGCATTCTGCCGTGGAGAGACAAGTGGACCGGTAC
NZ_CP030364.1_gap85	3035265	3036446	1181	GTTTTCAGGAAAGCACGCCGGCTGGAGGGCATGGCACTCGAGACTTTTGCACGGAAGAGGGGGCCTGCACGAAAAGGGACCTGTTAGAATGTGGCGGACACGCGAACCCCAAAGAAGCGTGGATCTCCGGCAATAAATGTCGGCGTGCCGAACGCCGCGCCCGTGTTGCCACCGTCAATGATGAACTCTTTATCGAGCACGTTCTCTACGTAGCCCTCGATGCGGATTCCTCGGACGTTGAGTCCCCCACGCACGTCTACGACCGCGTATCCGTCCTGACTGATGTTTTCGCTGTTCTCCTCCTCGAAGTACACTTTGGACTTGTAACGGACAGAGGGACGCAGGAAGGCATTCACCTGCGGAGTGATGCTGTAGTCCACGTTTACCCCACCGGATACACTGTGTCGCGGGGTCAGCCGAAACTGATTTCCCGCCAACTCCTGGGGATCTCCGTCCTCGTCCGTATCGTCGAAGGTCGCATCGATGAACGCATAGTTCGAGAACACCGTGACGTCTTCGGTAAGGGCCGCCCGTACAGATGTCTCCAGCCCGAGGGCCGACGCCTTCCCAGAGTCGCGGGGGCGGCTCACAAACTCCCCCTCGTCGTTGAGCTCAGTGACGCTTGTTTGGAAGTTGCTGTAGTCGTAGGCAAACCCGCTAAGACTGTATTCGAGACGGTCGTTCAGACTGATGCCCTTGATGCCCGCTTCGTAGCTCCACACCGTCTCGGCGTCCAGGATATTGGCCCCGTCCTCGTCTACCTCAATAACATTGGGACGCCGTCCACGCGACAGCGTGGCGTACGAGCTGATGTCTTCGGTGATCGCGTAGTCGGCAGCCAGACGCCCGACGGCCGACCAAAACGTATCGCTCTCGGAGAGTCGCCCGCCCGTCGGCGCGAACAGGTTGTTGGGCGAGGCGCCCGTGAGCCCCCCCAGTCGCCCCGGTGTTTCGCTGTTGGTGACCTCGTACTCACCGGTCATGTTCTCAAACGTGCCCCGTAGACCGGCGGTGACCGAGAGCGCCTCCGTCACGTCCACGGTCCCGTCTAGGAAAACCTCGGCGGCCGTTGTGGAGCCGTAGTTCGTGTAGGCCTCCTGGTGGGACTCCTTCAACGAAATCTGATCGCCGGTCTCTGGATTGGGAATCGAGGGAATGAGCGTCGGCTGGCCGTTGTCTTG
NZ_CP030364.1_gap86	3039571	3044382	4811	CCGAACCCGTAGGTCGACCAGTCGATCTGAACCGACGCTCCGACGGGAGACAGCTCAACGAAAGGGCTCTCGGGGGGCGCCTGTTTGGGAGGCTTCTCTGAGCCACGGTTTCTTTCGAATGTGTAGACCGGTGCAGCCATGCGTTCTTTCGGTTTGGGTGCAAATGGGCTTTGCACAAGTGCTCGCATCTCCACGATGCATCCCGCCCTGCTTCTGGCGGTCGGCCTGGCGCTTCTGACGGGAGGGGCCCGCCCGGCTTCCGCCCAGTCACAGGATACAATTCGGGTGGCCGGGACCGTGCTTGCCCCCGACGAGGCGGCGCAGGCACGGCGGCTTCTGCGGGCGGAGCTCGGCCCGACCTCTCGCCACTGGACGCGGCTCCAGGACTCAACCAAACGCTTCGCAGCGGCCAAGACCGCCTTTCAGATTGGCCGCGTGGCCTACCCCCGCGCCTGGTCCGACTCGGTGCTGACGTTTCTCCGCGAGGCGGGCACCCGGCACCCAGACCCAGCGGTGCGGGCGGAGTTTCTCTTCGGGGGGCTTCAGGTCGCCTCCGCCGCCGAGCGCGGAGGGACACAAGACCAGTTCTACAGGCGCCTCACCGACGGCCACGAGGGCACCCACTACGCCACGAAGGCCCGGCGCCTTTTTGATCCTGACAGTCAGATCCAGGCCGGAAAGCAGCTCCCGGACTTCGAGATTCCGGCCCTCTCAGACCCGACGGCCACCTATACGAAGAACGATTTCGAAGGCCAGACCGTCCTGATCGATATCTGGGGCACGTGGTGCGGGCCTTGCATCCGGGCAATGCCACACCTTCACGAGGCCTACCGGACGCACGGCGGAGAGGACTTCACCATCCTCAGCGTTGCATTGCGGGACACCCGGGAGGCCGTGAAGCAATTCCGGGCCCACAAGTGGGAGATGCCCTGGGACCACGCCTTCGTGCCGAAGGGAAGCGACCTGCAGAAGAAACTGCGGGGCCGGTTCGACATCCAGGGACTTCCGGCCACCATTTTGGTCGGGCCCGACGGCCAAATTCTGCGCGTGCACCGCGGGGTCGGGAGCGGAAAGAAGATGGCCCGGGCAATCTCGGAGGTCTTGGCCCAGGATCTCGACTCGAAAAACGCCCCTTCGGAAGGCGCCCATTCAGAAGACGCCAGCGGACAGGAATCGAACGCATCCCTGTAGGCCGGCCGTCCAGGGCCCCGAGGGCTTGCTTGACGCGGACGTGGCACGTGCCGGGCACGCCCGTGGTGCCCCTGGCATGTCCTCCCTCACCGGTTTCTGCACCGGAGGCCGAGCAAACCCCCTTCACGCACTCTCCTCTTCTCCCCAACTCGCCATGAGCCGACTGCTCTTCCAATGTGTTCTTGCGCTTTTCTTCGCGGCCTTCTTTTCCGCGGCGGCGACCGTCCCGGCGGCGGCCCAGGGGCCGGACGGACCGTCGGGCGATACGGACGGATTCGAGAAAATCGACGGCACGAAGCTGGCGCCCGCGACGCTCTCCTACGACGCCACGATGAAAATAGACGGCCGGCCCCGAGATCTCTCCTCGACGCAGACCTTCGCCCGGACCGCCACCGGCGGGGCCGACACCTGGACGCTCGTAAACACGATTGAGACCCCTGGGGGACTCCGCACCGACTCCCTAATCGTGGACCGCTCCTCACTGCTTCCCATCTCGCGACACCTCCGCGGGCGTGTTGTGATGGACCTCACCTACACCGGCCCTTCCACGGCGGGTGGGATGGCGGCCTCCGGTACCATGAAGCGCCGGGGCCAGTCGAAACCGATCAGCAAGGACCTGGACGGCCCAACCCTTGCGGGAGGCGTTCACGACGTCGTTGCCTTCGGCGCGATGCCGCTGGAGCCGGGCTTTGGGGCGGCGCTCCGGGTCTTCTCTCCGCAGGACCAGTCGGTGAAGCGGGCCGAATTCGAGGTGACCGGCACGGAGACGGTCGAGACGCCGGCCGGCACGTTTGAGACCTACGTGGTCGACCTGAACGTCGGCGACGGATACATCACCGGCACCGTCCACCTCCGCAAGACGGCGCCCCGTTACTACGTCAAGTGGGCGACGGAGGTGGCCACGGGTCAGGGCACCCGCACAATCCGTCAAACCCTGTCGTCAATGGAGATGCAAGCGTCCCCGGATGCCAAGTAGGACGGTCGCTGAACCACGCCCAACCGTATGCCCCCCACCTACGGCCCCCGATCCGGCTTGAAGGCCTCCGCCGCCGCTGCATCGTCCGGCCCCACCGTGCCGCGGGCCGCCTCCCGGAGGGCCGCCGCCCGGTGCAGGTCGCCGCGCACCATCACCCACTCGACGTTGCGGGTATTTCGGATGTCTGCCAGCGGATTTCCGCGCACGACGAACAGGTCCGCCCACTTGCCCACCGTCAGGGTGCCGAGCCGGTCGCCCCTCCCGACGGCCCGCGCCCCGTTGATCGTGGCGATGCGGAGCGCCGCGGCCTCCGGAATGCCCGCTCGCACGAAGGCCTGCAGTTCCCGGTGCACGCCGAAGGGCGCCAGGTACTCGCCCCAGCTCGGGTGGTCGGTGCCCAGCGTGATGAGGCCGCCGCCCCCGGCCTCGTAGAAGGCCTTGATGCGGTCGAGCTTCAGCTCAAAGATGCGCTGGAAGCGCGGAACGGGCGCCTGGTAGTCCTCTTCCGCGAGCACAGACCGCAGGTACGGCGTGAAATACTGCTGGGCGTCCGGCCAGTCGGCGTAGACGTCGGACTCGCGCGTGCCGTAGTAGCCGTACGCCGAGATGGTGGCGTCGAAGTAGACGTTGTGCTCCCGGAAGTGCCGCGCGATCCGGTCGAAGGCCGGCTCGTCGGGGGTAGCGGTGGGGAGCGCGTCGTAGGCCCCGGCGGTGTCGGGCAACTGGGCCCCGCCCAGGAAGTGCTCGATGCGGTCGATGCCCATGTCGATGGCGGTGCGCGGATTCACGCTCTGGCCGGAGCCGGACCCGAGGTGGCCCGTCACGGTGGCGCCGTGCCGGTGCGCCTGATCGATGAGGGCACGGAGAAGCTCGGCCTGGAGCCGCTTCGCCTTGAAGTGCTCCACCCCGCGGGCCGCCCACCGGTCCACCTCCCGGCGAATGCTGGCGGGCGTGCGGGTCGTGTCCCAGCCGGGACGCGCCTTGCCAAAGTAGGGGCCGGACGTGAGCATGCGCGGCCCGATCCGGTCGCCGTGCGCAATGGCCTGCCGGACGCGGCGCATCTTGTCCGGCTGCATCTCCCCCGCGGTGAACGTGGTGGTGGCGCCGTTGGCGAGGTACAGCAGCGGGTAGCCCTCCGTCTCCTCCACGCGCCCCGCCCCAAAGAAGTCGACCGCGTAGTGCGCGTGCAGGTCGACGAGCCCCGGCAGGATGACGTGGTCGGGCCCGAGCCGCACGATCCGGGCCCCGGTCGTGTCGAGAGCCGTCGCGCCCCGGTCCACGATTTTGCCGGCCCGCACGACAATGCCCGGATTGTCCGTGAGGGTCGTGTCCGTGGCGTCGAACAACTGCCCGCCCCGAAGCACGGTCGTGGGTTGGGACCGGGCCGTTTCCAGCCCGACGCCGCCCGCCAGGAAAATGCACAGGAGAGCGACAAGGGGGCGGATACGGACGGGCGTCATGAGGGCGGCGGGGACCGACGGGCAGAACAACACATGCACGCCACGGAACGGATCTCGTCGGCGTCAACGTTCCCCCAAACAGCAAAGGCCCGCTCCAGATCGGAGCGAGCCTCTACGTCTGCTACCAAATGGCAGTGCGTCTCAAGCCGTCGAGACGCTTCGGGCGCCGTTACAGCGCACCACTGGTCTCGTCGGCCGGGGCAGCGTTGAGGGCGCTGAGGCCCTTCTCCGTCTGCTCCGTCTCGTACTCAATGGTCTGACCCTCTCGGAGGTCTTCGCCGGAGGTCATGCCCGAAATGTTGTTTGCGTGGAGGAAAACGTCCTCGCTCCCGTCGAGGGGCTCGATGAAGCCGAATCCGCGGGAGGTATCGAAAAACTTAAGCTTACCCTTTTCCATGTAGGTATACCTAATCTATGTTTGGAATGCCTCACCTCTGGGTGACGACCCGGCAGCGAGGGGGATTCCGTCTCGGCAGAGTCACACTGTGTGATGACGCGTATTTGATGTGAAAGCTACACCCATCAGTCCACTCGCAGTTCCCTAAGGGAAACGCCCGTGCTCCGTATTCACGGAGTCGCCTTCTTTCCCCACCGCCCCGCGGTCAGCCGCTCGCGTACTCTCGCACCCCGGCGGACTCCACCATCAGGTCGAAGAGGTCCGTGTTGCGGGTAAACGAGCCAATCACTTCGCTGCCCGGGCCCAGGGCGGCCAGCTGCACGTAGTCGGACGTGTGGTCGCCCCCCAACCAGTTGACGGACGTGTAGTTGGCCTGGATGGCCCCGAGCAGCAGGTCGGGGGCGCTCTTCTCGCGGTAGGCGGCCCGGTACTCGCCCCGCAGCGCGTCCTGGAGGAGCTCCGCCTCGTCGCGGCGGATGGGAAACTGCCACGCCTCCTCCACGCGGTCCTGAATCTGCCGGTAGGTGCTGTTCGCGTCGAGCTCCGAGAGGATCCAGCTGTTGGTGTATTGGAAGTCCGCGACCCGGTCAAACATCGGGTTCGACTGGTTGTAGCGGTCGCCGGCGGCGTTGATGCCGGGGTTGGCGTTGCCGTGGTCGGTGGTGATGATGACCAGCGTGTCGTCGCGCCCCTCGACGAACTCGAGCACACGCCCGATGGCGCGGTCGAACTCGATCTGGTCGTAGATGAGGCCGCCGGTGTCGTCCTCGTGGGCCGCGTGGTCCAC
NZ_CP030364.1_gap87	3045736	3047520	1784	TCCTTGAGGCGGTTGAGGGCCAGGCCGTTGATCTTCATGGCGTTGGCGATGACGAGGCTTCCCACCGGCACGAGGCTGCGCACCGTGGGCTCGATGGCGCCGGCCCCCATCATCGTCACGATCACCAGGCCCGCCCCCACCGTAATGGCCAGAAACGAGACCTGCGTGACGCCCGGCAGCCCCGTCCCCCGCTGCCGCGAAATCCAGGTGGCCCCGCCCACCATGCCCAGCAGGATGAGCGCGCTCCAGGCGACGGGCACCGTCAGCAGCCCCCCAATGACGAGGCCGACGGCCACGATCTGCACGAAGCCGCGGGCGAACGAGATGCTCAGCTCCGCCTCCAGCCCCAGGCCGCGCCGGCGGGACAGAAGCACGACGAGGGCCGCCAGCACGGCCGCCGCCCCCACCTGGGTGAGTCCGGTCCAGACGATGGGGTCCTGGATGTGGTTGAGGAGATCCTGAGACATTGACGTGTGATTTCATGCGACACGCCAAAACGTTCAACGTTGACCGTTCGAACGTCAAAACGCATCTTGTCCAGAGAGCAAAGCATCGAGGGAACCCGTTGCCACTCCCCCACCATCAGGCAGCCGCACCCCGCGGTGCCCCAGCCGGCGGGCCCGGTCGGCGTCGTGGGTCACGAGGACGGCGGTAAGGGCGTACGCCGCCATCACGTCCGCCAGGAGCGATTCGACGCGGTCGGCCGCCGCGGCGTCAAGGCTGGAGGCCGGCTCGTCGAGCAGCACGACGTCGGGGTCGTTGAACAAGGTGCGGGCGATGGCCACGCGCTGGGCCTCTCCGCCCGAGAGGCGATCGGCGTCCCGGTCCGCGAAGCCCGACAGGCCCAGCCGGTCGAGCAACTCGTGGAGGCGCGCCTCATCCACCGGCTCGTCCCGCAGCGTCGGGCCCCACGCCACGTTCTCCGCCACCGTGCCCTCGATGAGCGTGGGCCGCTGCGGCACCCACCCGACGCGCCGCCGGAGCGTGCGCGGGTCGATCGTGCGGTAGTCGGTGCCGTCGAGGTACACGGTGCCGCCGGTCGGCTCGTCGAGGCGGTTGAGGAGGCGCAGGAGCGAGCTCTTGCCCGACCCGGACGGCCCGAAGACGACGAACACCTCCTCGGCCCGCACCTCGATCGACACGTCCGCCACCAGGGTCTGGCCGTCGACGACGCGGGTCAGGTGTTCGGTGGCAAGGGGCGGGGCCTCCGGCATGTCAGATCGAAATCAGCGAGAAGAACGCCGAGCGGCGACGCCGTGTCGTCTACGTCGAATCGGCCGCCCACGGCCCGGCGCCGGCGATCACCAGCACGAGCGAGCCGAGCAGCATCGCCCAGTCGGTGCGCATCGCGTGCGCCATGCTCCAGAAGCCGTACTCCCCCAGCGTCCGCACCTCGAACGGCCCGAAGCCCTCGCCCAGCCAGATCGGAATTTTCGTCGTGATGATCGCCGTCGTCATGATCGTGGCCGTCCCCGCCGCGGCGAGCCGCGTGTAGAAGCCGATCAGAATGAGCAGTCCGCAGACAACCTCCGTCCCGCCCACGAGGCTTGCGAGAAGCTCCGGCACCGGCCAACCCATGTCGGCGAACCGGCCGGGGCCGCGCAGGGTCGGATACAGAAACTTCTGGAGCCCTTCCGACAGGAAGACGGCCCCCACCATGAGGCGGACGAGGGGGAGCGTCCACCACGCGGCCCTCGACGGCGAACGGGATTGGGAGGGTGCCATGGCGTGGATCAGATAAGAAACGGGTGCGGGGAAGGGGCCGAGTCGCCCTAACTCTCAGT
NZ_CP030364.1_gap88	3063535	3066385	2850	CCGTCGCGATCTCCGCCGCCCACACGGGAACCACCAGTACTACCGCAAACACCGTGTGCACCGACAGGAGCGACAGGAGCGCCTGCCCATTGAGCAGTCCCCTCCGCGACACCGGAAGCACCGCGTAGGATGCCACCTGCTCCGACGGGGGCGACTGCAGAAGGAAACGGCTCGCCATCAGGGCGGGCACGAGGTACAGCATCCCGCCGTTGATCAGCCGCAGTGCGTTGGCCTCCGGGTACAGTTCCCGCAGCACGTCGCTCAGCACGTAGCTGCCCAGCCCCAGTGGCGCCAGCAGGAGCAACAAGAGGCCGACCAACACGACTTGGCCGGCTACCGTGCCGGTGCCCCACCTCGGGTCGCGCCGCCAGCGCGTGACGCGGTGCCGCAATAGAAAACGAATCGCGCGCATGCCAACAGATCTGCATCGGTCTTGCGGGTCGAGTCCCCCGTTCTCAATCGCCTCCCCCAACACACCGGCTCACAACCGGGAGCGTGGGGCACGTCACCAGCGCAGGCGCATGGCTCAGACCGGCTCATTCTCCCGAAAGCCCGCCAGCATCGCGTGCCGGTGGGACGCAAGCTGTCGGGCGAGCACCCCCGTGGTCCAGGGAAGGGCCAGAAGCCCGATCAGGCCCGCTCCCCCGAGAACCGCCCCTGCAGTCCACCAGACCCCGGCGGCGTCTGCGACCGGAACGGCAATCGCGGGTGCAAGCCACAGCGGGTACACCGCAATGCCGTGGAGGGTGCGGACGCTGATCGTAAATGTGCTGGCGCTTGTATCCACGGGCTTCCGGAGCCGAGGCGCGACGTAGACGAGCGCCGGCACCAGGATCCCGCTCCACCACAGCGCGAAGCCGAGCAGAAGGCTCGACTGCGCGGGCGACAGCCACGGGAGAAACGCCGGGAGCAGAAGCGTGCCGGGGAGGATCCCCAGCCAGAGGAGGACGAGTGTCGCCTTCACGATGCGGCGGGGCGCGTGGGGCCGCGCGAACAGCCCGTCGGCGTGCCCCGCCGCAATCCCGAAGACGATGAACCCGAGCCCGAGCGTGGGGCCCAACCCGAACAGGCCGATGAGGAACAGCGAACGCGCAACATCACCAAAGACTCCTCCGAGCGCAGCACCGTACCAGACGATCACGAGCGCAAGCCCGTGAAGACCAACCCCCCGCAGCCGCCGTGTCCGCGCGACCTGCCGCAGGGTCAGCGCCACGAGCCGGCCCGCGGGCAGTGTCCGCTCGACCCACCGGTAGAAGCCAACCTGTCGGCGTGAGGGACTTCCCGTCCGCCGCCCCGTCCGCCCGTCCACTTCCAGCCGTGCCCGCATTGCCCGCAGTAGTGCGGCGTGCACACCACCCACGGCAATCACTGCTGCGACCAGCCCGAGGGCCGGCCGCCCAAACAGAACGCGGGAGAATCCACGGAAGAGGTCTGGGCCCAGCGTCGCGTCGGCCGCGAAAAACAACGCGATCCCCGCCAGTGCGCCGGCCGTTCCCCACGGCCGTCGGCCTAGCAGCAGGTGAAGCAGGTTTGCTCCGTGGCTCGCCAGCACGATCGTCAACAGCAACGCGGCAACGAGCCACGCTCCGGCCCCGACTGGTGTCCATGCCGTCGCGATTTCCCGTGCCCACACCGGCCCGACCAGCACCACGGCGAAGACCGTGTGGAGCGACAGCAGGGACAACGCTGCCTGCCCGTTGAGGAGACCGGTCCCCGAAATGGGAAGTGACACGTACGGCGCCACATGCTCCGATGGCGGCGGTTGCGTCAGGAACCGACTCGCCATGAAGACGGGCACCAGGTAGAGCATCCCGCCGTTGATGAGGCTCAGGGCGCTCGCCTCCGGGTACAATTCCCGCAACACCTCGCCCAGCACGTAGCTTCCCAGCCCGAGCGGCGCGAGCAGAACCAGCAAGAAGCCCAGCAACACGACCTGGCCGGCCACCGTGCCGGTGCCCCACGTCGGGTCGCGCAGCCAACGCGTGACGCGGTGTCGAAGCAGAATTCGAAGCGTGCGCATTCGAGGCGTGCTGTTGAGGTCAGGAGCCGGCTCGATGCCATGTCCCTACGCATCGGCGGGCGTGGTTTCCTTCGGCCGAATCGCCTCCGCGAAGTAGGTCGTCAGGTCCTCCAGCGTGTCCGGGTCCGTCGGCTCGTCGCGCACAATTTCTCCGCCCTCTAGAATCGCGATGCGGTCGCTCACGTCGGTGACGTGTCCCAGGTCGTGGCTGGAGACGAGCATCGTCGTGTCCCCGCGGCGCGCCTGCAGCAGCTCCTTGAGTTGGATCTGCGATCGCGGGTCGAGGCTCGCGAACGGCTCGTCGAACACGAGCAGGTCCGGCTGTGGCAACAGGGCGGCGACGAGGCCCGCCTTGTTCTTATTGCCGGTCGAGAGGTCGCGGATGTACTTGGTCGTCTCCCCGATCGGCTCGTCGACGTAGAAGTCCGCGAACTGCGTGAGCCGCTCATCGACCTCCGCCTCGCTCAGGTCGTAGGTCTGGCCCACGAAGTGCCAGTACTCGTCGGGCGTGAGGAAGTCGATCAGGAACGAGGGGCCGAGGTAGGAGCCGGTGCGCGTTTTCCAGTCGAAGGCGCTGGCCACGTCGTCGCCGTCGAGCCGCACCTGCCCGTCATCGGCGCGGATCAGGTCGAGGACGAGGCGGAGGAAGGTGGTCTTGCCCGCCCCGTTGTTGCCGACGAGGCCAAGGGCCGTGCCCGGCTCAACCGTCAGGTCGGGGATGGACAGCTCGAACTCGTCGTAGCGCTTCGTGAGGGTGTTGGCGGTCAGGCGCATGGTGGAGCGGGACGGTTGGTCGTGAACATGATCGAGCACGGACTGCGGTGTAACAT
NZ_CP030364.1_gap89	3070072	3071670	1598	ACTCGCGTTCCCGACGGCGTGCATCCCGATGGGGACCCAAAGGCTGCGAGTGTGAAGGTAGAGAAGCGTGGTCACCCCCGCGAAGACAAATGCACCGAGAACGTGGCCGTGCAGCAACGCGAACGGCACGGCGGCAGCCCCCAGCGCGAGGGCCGGGCGATCCCAGGCGTAGGCCCAGCGCTGATACACCACGCCCCGGAAGAGGAACTCTTCCAGGAGTGGGGCCGCAATCACGCCCGAGGCAATCAGGCGAAGATATGCGCTCGCCCCCGCGGGCGCCTCCACGGCATTCATCACGTACCGCTCGGCCAGCCAGGGGGCGACCTGCTCCAGCCAAGGAACGAGTAGGTGAAACTCGGCGCTGTTCAGAAGATCGACCGCAAGAACGCCGGCAAGAGCAAGTCCCCACGCCGAGGGCCACGACGGAAGCGGGCCAAACAGCGCGTACAAGTCCAATTCCTGTTCCCAAAGGGCATAACTGAGCCACCCGACGGTCATAAGCCCGATGACCCCCATTCCCAACGTGCGTTTCGAAACGTCCCCCCCTGGCTCAAGCCCAAATGCGATCAGCAGCCCCACCACCCCGAAAAGCGAGAGCGCGGCCCAGAGGGCAAGGTGACGCACGCGAATGCGGGCCAGGGCTGTCGAGGAGGAATCGAAATCTGCATCCGGGGGCTCGTTCGCATCTCCTTCTGGGGATTCCCCTTCGAACAGCAACGTCATGACGGAACACGGCGAAGCGAGTGTGAACAATTTTACCTGGGACAAAACATATAGAACTCGTTGATGCTGGTTCAATGCCAGGAGGCTTTTCTCGAACGAGGCTGCCGCCCAGGTCGACCGCCGCGGCGAGCAGAGCAGCGGGTCCCGTCCCAGAAACAGACGACACGTGACCGCCCCCGGAACGTCGACGCGGCGTCGGTGACTGCCGCCATTCCCTCCCGAGGCGTGCACGTCCAAAGCGCAGGGGCTGACGGAGCCGCGGATTCATCCCGAGTTCGGGGCCCCCCGTACGACATTGCTCAAGAGGGCGCCTGCCGGCACCAGCCCCCCGGCAGACCCGGAGGCAATGATGGAGCACCGGCCAGCGAGGCACAGCGGCTCAATTTCGAACGGCCGGGTCTCGGGCAACGACCCTGCGCGTTGGCGTGACGATGCACCAGCACGGGCTCCTTCCGGCACGCACCCGCCCCTGACCCGTCCTCAGAACAGAATCAGCCGGACGATTTGCACCAGCGTCACGAGCCCGAACGCCCCGAACCCTGCGTAGCGCCACCCACTCGCCTCGGCGCCCCATTGCTCCCGCATTCGGGCCCACACGAAGCATCCGCTTCCGATCCCAATTCCCCAAACCATTCCCGCGCCCCAGTAGTCGCCTCCCCAAACAGAAACCCCGACAACGCCGGCCATCAGTGCACCGATGGCCCAGAGGGCCGGCCCGTTGATCGGATGCGAACTCCAGAAATCAATCTCGTGCCATTCCGGGATCGAATCTGCCATGGGAGACCGACACGCTTTGCTCCGGCAGGACGACAGGACAAGACCACAAAGGGTAAATTCCCCTTTCGCCCGATGTTTCGCCTGGGAAGGGCGCATCG
NZ_CP030364.1_gap90	3086074	3086596	522	ACGCCACACTTGCGGCCAGCAGCACGATCAGCAACGATCCTCGGCGCAGGGTCCGTTCGGCAACGGTCATGGCACGTGCGGTTGGCTGTGAGGAGCAGGGCACCAGTGTGAGCAGTCCAGCCCCGTCCCCACCAGGGCCGCACGCGAACGGGCCCTACTCGCTGGAGACGATGCCCTTGTTGTACTGGTTCTTGTACTTGCGGACGGCCCGGAAAATGGCGCTTGCGAGATAGGTCTGGCCCCGGTCGCTGTTGAGGAAGCGGGCCTCCTGGCGGTTGGTCAGGTACCCAAGCTCCACGAGGACCGACGGCATTGAGGCGCTCCACAGGACGTAGAACCCGGCCTGGTGCACCCCCCGACTGCGCCGCTGGACCCGCTCCTTGAACTGATTCTGGACGATCGACGCGAACTCTTCGCTGAACTGCATGCTCGCGCTGAGGAAGAGTTCGCCCTTCACGAAGGCCTCCGCGTCGTACTCGTCGTAGCGGTCCGGATTCTCCTCGTACTCCCGCACAACGCTGT
NZ_CP030364.1_gap91	3087600	3090111	2511	TTAAAGTAAAGGATGAGGTGACAACGAGGACGATGCGGGCGGCGGACGGCCCTGCGCGGCGTCGCTATCGGCCGCGCGTGGAGTCGATGAGTTGGCGGAGGTGGCGGTCAATCATGCGGTCCCGCATCTGGGCCCGTCGCTGAAGGTTTTCCTGCAGCTCACGGATCTGCCGCTGTAGGCGCTCGATCTCGCGGCGCCGGTTTTCCTGCTTCACCGCAAAAATGTCTTCGAGCATGGCGCGAAGCGTGTCGATCTGGGCCCGGCGCTCCGCGCCCTCCGGCAACAGCCGAATGGTGCGCGCGAGGTTCCGCGCGTTCTGCTCCATTTGGCGCTCGCGCTGAAGCCGCTCGTAGAGCTCCCGGCTGGAGCGCTGCACGGCGTCGAGGTACTGCCGGTGCGACGCCTCGGGGGCACTCGCGGCCTCGACCCCGTCAGGGGACGAAGAGGCTCGCGCCTGCCCCCCGCCACTTCCCAATACGACGGAGGCCCGCTGCCGCCGCACCTCCTCTTCGGTGATGGGCCTCAGTCCATCCTGCACCACGAACAGGCGTCCCTTGAGCTCCACGACGGGGCGCTGGATGCCGACGAACCGGTAGTTGGCCCGCACCCCTCGCAGGTCCAAGCTGTCCGGGAGCTGGTCCGCCGACAGAGGCTGCCCGTCGACGTAGACGGTGCCGTCCCGGATGTTCAGGGTGTGGGTCTGCTGGGCCGACGCGGCGGGCAGAAGCAGGCCCCACAGGAGGAGCCCGACGGCGAGCCCGGCGACGACTCGACGACACGTAGAACCCAGGCGGTGCAGAGCGATCATGGGGAAGCGAGACGTGAACAATGGGACGCGAGGCGAGGCGGAAACGGATGTTAGGGGCGGCTGACCCGCTGGAGGGAGCCCCACCGGTCCGGCGCGCTCCGTGCCTGCAGCCGGTCGATGCGGCGCTGTATGCGGATCAACTCCTCCCCGTCGTCCCACGCCGGGATGACGTCCGCGTCGCTCGACCGGGTTTGGGCGGTCGTGGGGGCCTGCCGGGGCGCCCCGTCCAGCACGCCGGGCGCCGCGGCGTCCGCGGCCGGGCCGTCGGACGTTCCGTCGCCCTGCCACCACGGGCCCAGGCGTGGGAGGGGGCCCGCGCCGGGCGGTCCTCGCTCGGGGGCGCGGCCGTGCGGGCCTGGTCCACCACCTGGTCTACGACCGCCGCGTCCGGCCGGCGCGCGGGCCGGTCGTCCAGCGCCCGCTTCGTCGCGGCCAGCTCCTCGTACTCGCGGTAGAGGTCCGGATCGTCGGACAACCGCCGCGCGAGCGCCGACTCGTCCACCTCCTCGTCGTACAGATACCGAATGAGACGTAGCCGATCGTCCATAGGGGCAAAAGGTCACTCTGTGAAGCAGGCCGGACCGCGCCGCGACCCTCACGTGTCGATCGTGCCGACCAGCGCGGTCTCGTCGGAGGCCTCCATCATCTTGCGAAGGTTCTTGAGGGCGTACCGCATGCGGCCGAGGGCGGTGTTGATGGACACGTCTTGGAGCTCGGCGATCTCCCGAAAGGTCAGGTCCGTTTCCTGGCGCAGGAGCAGGACCTCTTTCTGCTCGGGGGCGAGCTGCTCGATGTGCTCGTCGAGCCACTCGCGCTGCTCCGCGCGGTGGAGCTGCTCGTCGGCGTAGGGCGAGTCGTCCTCCAGGGTGTCCCAGAAGGACCGCCCGTCGTCCTCGTCCTGCGGCACGTCCGTCCACTTCTTCTGCTTCCGCGTGTGGTCGATTGCCGCGTTGCGCGCGATGCTCATCACCCAGCTCAGCCACTGGCCCTGCCGGTCGTACGACCCGCGCTCGCCGTGCATGGCCTTGATCACGCGCTCGAAGGTTTCTTGAAAGAGATCGTTGGCCACCGCCCGGTCTTTCACCATGCCCATCAGGTAGCCAAAAATACGGTCCTGATGCCGTTCGACGAGCTGCCGAAAGGCCTGCTCGTCGCTCTCGTCCAGGTACGCCGATACCAGTTCCTCATCCGTAGGCTGCATGCGGAAACCCAATCAGTGGCAGGTGCCGGGACGTGGGGACATGGTGCCGATTCAAACGAGTGTCCCAGCGCAATTATTGTGTGTCCCCTTGTGCTCGGCCCTCTACGTTTACAAGGACCGTTCCGGAGCGGCGATCCGCCGTCACAACACCACGTCCACGACCTCCTTCAGTTGCTGGGCCCCGGTCACGTCGATGTCGTAGTCGCCCGCAATGCGGTCGAGGTTGTTCTCCGGCACCACCGCCCGGTCGAAGCCCAGCTTGGCGGCCTCCTTGAGGCGCGGCTCCACGCGGCTCACGGTGCGAATCTCGCCGCCGAGCCCCACCTCGCCGATGAGGGCCGAGCCGGTGTCGGCGGGAATGTCGCGGAACGACGACGCCGCCGCGATGGCGACGCCCAGGTCCACGGCCGGCTCCTCCAGTTTGACCCCCCCAGCCACGTTGATGAACACGTCATGGTCGCTGAAGGCCAGTCCGGCGCGCTTCTCCAACACCGCCAGAATC
NZ_CP030364.1_gap92	3131098	3133486	2388	GGGGCCTGGCAGGAGTGGCCGCTCCACGAGGCCGACGTGTTCGTGCCGCTCTCCAAGGCGGATCTCGACCGCAAGGTCGAAGCCATCTTCAAGCACGAGAGCCAGAAGGACCGGGCGATGTTTCCGGGCGCCTACGACGACCGCGAATTTTGGGAACGGGCCCGCGACCGCAACCGCGACACCGCCGACGCCCTGAACGGCCTCGGGCTCCCGGAATTCTACGCCGCCGAGGCGTTCGTGACGACCTACGACATGCCCTGATATGCCCCGGATCCCTGCCGCCCCGAAGCAAACAAGCACGACTCGGCCGTCGCCCCGACGCGGCGTAGCCGCCCCCGGTGCTCCCTCGATCAGAATTGCGTCCCCATGCCTGCTTCGAGCCGACGCGCGTTCCTGAAAACCTCCGCCGCCCTGGCCCTCGGCACCGCCCTCCCCGTGAGCGGGCCGGCCTCCGCCCGCGCCCCCGACACGGCCCGAAGCGGAAGGGCTGCCGCGGGGAGCGGGCCTCTCTACCGGATCTCCCTTGCGCAGTGGTCCCTCCACCGGGCCCTCTTCGACGGCGACCTCGACCCGCTCGACTTCGCCCGCACGACCCGTGAGGCGTTCGACATCGGGGCGGTCGAGTACGTCAACCAGTTCTTTATGGACCGGGCGACGGACGCACAGTACCTGCAGACAATGAAGACGCGCGCCGAAGACGCGGGCGTGCAGGGCCTGCTCATCATGTGCGACGGGGAGGGCGCCCTCGGACACCCAGACGCCGCGGAGCGAACGACCGCCGTCGAAAACCACCACAAGTGGGTCGAGGCCGCCGCCATGCTCGGGTGCCACTCGATTCGCGTAAACGCAGAGACGATGGGCGAGGGGGCGCCCGCCGAGCAGCAAAAGCGGGCGGCAGACGGGCTCCGTCGCCTCACCGAGTTTGCCGCCGACCGGGACATCAACGTGCTCGTCGAGAACCACGGCGGCCTCTCGTCCGACGGCGAGTGGCTCGCCGGCGTGATGAACGAGGTCGACCACGAGCGCTGCGGCACGCTCCCGGACTTCGGCAACTGGCAGATCCGCGAGGGAACGTCGTACGACCCGTACGAGGGCGTCCGCGACCTCATGCCCCACGCACAGGCCATCAGCGCGAAGGCGTACGGCTTCGATGACCGGGGACGGGAGGCAACCCTCGACTACACAAAGCTAATGAGCATCGTGCTCGACGCGGGGTATCGGGGCCACGTGGGCATCGAGTACGAGGGCGACGGGCTGAGCGAGCGGGCGGGCATTCGGGCAACGAAACAGCTTCTGATGAACGTGCGCGACCAGCTTGAAAGTGAATATACCTGAACAGCCGAGAAAGGAGCGAGCGGACCGCCTGCGGGGCCTTCAAATCCGGGCCCATCTCGCGCCGGCTGCCCGCAAGACACGCGCCCCCCTGTGCGGCGATGCGCTTGGCGTTTGAGATTGACGGGATGACGTACGACTTCTGACCGGGCGATGCATGGCCGGGCGTCGGTGCCCGTCGTCTCGGGGGCGCACTCCGCTTCACTGCGCGCGGATCCCTCCGCACTGATTTCTCGCTCCCTCTGTCTCGTCACCTCCCACAGTCTCGCCACCTCCCACGAAGACGCCGGTTGCCGAAGCAACGCTGCGGGACGTCGGGCAGGGCGGGACGCTTCCCCCTTCTTCCTCCCCTCTCGACCACACTCTCTTCACTCACCTCCCTTTCCCTCATGGCCCTCAATCGCACGATTCGCTACGGCATGGTGGGGGGCGGGCCTGGGGCCTTCATCGGTGCCGTGCACCGCTCCGCCGCCGCCCTCGACGGCGAGATGAATCTCGTCGCCGGGGCCTTCTCCTCCTCGCCCGAAAAATCCAGGGAGCAGGGCGACAACCTGCACCTCGACCCCGATCGGGTCTACGACACCTACGAGGAAATGGCCGACGCGGAGGCCGAGCGGCCCGACGGCATCGACGTCGTCTCCATCGTCACGCCCAACTTCCTGCACCACGACGTGGCCCGCACCTTCATCGACCGGGGCTTCCACGTCATCTGCGACAAGCCGATGACCACCACCCTCGAGGACGCCGAGGACCTGTGTCGGCGCGTCGACGAGCAGGACGTGGTGTTCTGCCTGACCCACAACTACGCCGGCTACCCGCTGGTGAAGCAGGCCCGGGCGCTCGTAGAACAGGGCCGCCTCGGCGCCCTGCGCAAGATCGTAGTGGAGTACCCGCAGGGCTGGCTGAACCGGCGGCTCGAGGCGGAGGGCAACAAGCAGGCCTCGTGGCGCACCGACCCGGACAAGGCCGGCGCCGGCGCGCTGGGCGACATCGGGACCCACGCCGAGCACCTGGCCCGGTACGTGACCGGCCTGTCGCTGGAGCGCATGTGTGCCG
NZ_CP030364.1_gap93	3303696	3308374	4678	ACCATCGGCGCTGCGGGACTTAACTTCTCTGTTCGAAATGAGAAGAGGTGTTGCCCCCGCGCTATAGCCACCAGGAAACTCGATGCTGGTGCTTTCACCAGCGAATGTCTGACATAGTGGTAGATCTCAACACACTCCCGAAGCGAATCGGGATGCAAGCGATGCGTTGTGCCCCCATGATGGCATGTGCAAAATAGGGGTGTTAAGCCTGATGGGTAATTAGTACGGCTCGGCTGAACGTATTGCTACGCTTACACCTGCCGCCTATCCACGTCCTCGTCTCGAACGACCCATTGGGAAGACCCAGTCTTGCGGAGGGCTTGGCGCTTAGATGCTTTCAGCGCTTATCCCTTCCGGACATAGCTACCCAGCGATGCGCCTGACGGCACAACTGGCACACTAGCGGTCCGTCCACTTCGGTCCTCTCGTACTAGAAGCAGCTCCGCTCAAGTCTTCGACGCCCTCAGTAGATAGGGACCGACCTGTCTCACGACGGTCTGAACCCAGCTCGCGTGCCGCTTTAATGGGCGAACAGCCCAACCCTTGGGACCTTCTCCAGCCCCAGGATGCGACGAGCCGACATCGAGGTGCCAAACCTCCGCGTCGATATGAACTCTTGGCGGAGATAAGCCTGTTATCCCTGGCGTACCTTTTATTCTTTGAGCGACGACCCTTCCATTCAGAGTCGCCGGATCACTAAGTCCTGCTTTCGCACCTGCTCGACTAGTATGTCTCGCAGTTAAGCACCCTTTTGCCTTTATACTCAACGCATGATTACCGACCATGCTGAGGGTACCTTTGAAATCCTCCGTTACTGTTTTGGAGGAGACCGCCCCAGTCAAACTACCCGCCTGACAATGTCCCTCGACCGGATCACGGTCGCAGGTTAGACATCAATCAGAACAAGGGCGGTATTTCAGGGATGGCTCCACTGCGCCTAGCGACGCAGCTTCCATGCCTCCCGCCTATTCTGCACATGTTCTGACTAATGGCAATGCCAAGGTGTAGTAAAGGTGCACAGGGTCTTTCCGTCCCACTGAGGGTAGCCGGCGTCTTCACCGGCACCACAATTTCACCGAGCTCGCGGTCGAGACAGCGCTCAGATCGTTGCACCATTCGTGCAGGTCGGAACTTACCCGACAAGGAATTTCGCTACCTTAGGACCGTTATAGTTACGGCCGCCGTTTACTGGGGCTTCAGTTGCGAGCTTCATGCCCAAAGGGCATTAACACGCTCCATTGACCTTCCAGCACCGGGCAGGTGTCAACCCCTATACGTCGTCTTGCGACTTAGCAGAGGTCTGTGTTTTTGTTAAACAGTCGTCTGAGCCTGGTCACTGCGACCCTTTTCCATTTTTGAGCGGAAAAGGGCGCCCCTTCTTCCGAAGTTACGGGGCTAGATTGCCGAATTCCTTGACCACGATTCACTCGAGCGCCTGAGGATACTCTCCTCGCCTACCTGTGTCGGTTTATGATACGGGCTCCCGAAGCAACGGCCGACGGTTTTCTCGGTGGTATGCTCGGGGGCTCTATGAGTTTGCCTGTCGGCTCCCTCTACTATCGCGGTTCGGCCTTTGGAATGGAGCAGCGGATTTGCCTACCGCTCCGGCCTACTTGCTTCAACGTGCTTTCGTCAGCACGCGGCCCTTACGCTACCACGTCACGTCGGACGTTAGCGCTGTTGGGAGGTACGGGAATATTGACCCGTTTTCCATCGCCTACGCCCTTCGGCCTCAGCTTAGGTCCCGACTAACCCTGTTCCGATTAGCGTTGAACAGGAACTCTTAGGCTTGCGGCGAACACGTTTCCCACGTGTTTTATCGTTACTCATGCCTACATTTTCTTTTCCAGCCGCTCCACTGTGCCTCACAACACAGCTTCTGTGCAACTAGAATGCTCTCCTACCAATCGCCCAAAGGACGATTTCGAAGCTTCGGCGTCAGACTTGATGCCCGGGAATCTTCGGCGCCAGACCGCTCGACCAGTGAGCTATTACGCACTCTTTTAATGAATGGCTGCTTCTAAGCCAACATCCTGGTTGTCTAAGCAGTCCGACCTCCTTCGTCCAACTTAGTCTGAACTTAGGGGCCTTAGCTGTCGATCTGGGTTGTTTCCCTCTCGGACATGGAGCTTATCCCCCATGCCCTCACTGTCATGAAACGTGTACTGGCATTTGGAGTTTGTCAGGGTTTGGTACCCGGTGAAGGGCCCTAGCCCAATCAGTGCTCTACCTCCAGCACACTTTAACATAACGCTGCACCTAAATGCATTTCGGAGAGAACGAGCTATTTCCGAGTTTGATTGGCCTTTCACCCCTACCCACAACTTATCCGGCAGTTTTGCAACACTGGTCGGTTCGGTCTTCCACGCGGTCTTACCCGCGCTTCAACCTAGTAATGGGTAGCTCACTCGGTTTCGCGTCTGCCCCCACTGACTCGACGCCCTGTTCGGACTTGCTTTCGCTGCGGGTACGGCCCTGAAGGCCTTAGCCTGGCCAGTGAGGAGCAACTCGTAGGCTCATTAAGCAAAAGGCACGCCGTCACACCGACCCAAAGGGTCCGTGCTCCGACTGGTTGTCAGCTCATGGTTTCAGGTGCTTTTCGCTCGCCGATTAGGCGTTCTTTTCACCTTTCCCTTACGGTACTGGTCCACTATCGGTCATGGGCGAGTATTTAGCCTTGCCAGATGGTGCTGGCCGCTTCCCACAGGATTTCTCCGGTCCCGTGGTACTCAGGGGCTCCCGCGAAACCTAGTTGTCTTACGCCTACGGGACTTTCACCCTCTTTGGTACTGCTTTCCAGTCAGTTTCGACTTCGACGCGTAGGTTTCGGTGCGGGCCCTACAACCCTGACGCAGCCGAAACCACGTCAGTTTAGGCTTGTCCCCCTTCGCTCGTCACTACTGAGGGAATCCCAATTGGTCTTTGTTCCTCCGGCTACTGAGATATTTCAGTTGGCCGGGTTAGCTCTTACTACCTATGTATTGAGTAGCAAGTGACAGGCGTTGCCTGCCAGGTTTCCCCATTCGGAAATCTACGGATCAACGCTTATTTGCAGCTTCCCGTAGCTTATCGCAGCTTATCACGCCCTTCGTCGCCTGCCCATACCAAGGCATTCACCATGAGCCTTATCAATGCTTAACACCCACTATTTTGCACATCCCACAATGGAGAACTTCTTCCACTCGGACACGCGCAAAAGGAGCAGGTGAAACACACCGCTTAAATATTGCGCTCGCATGCTCGGAGTACAACGCGGTGCACAACAAAACACTTGTGCAAGACACGCTGTACCGTGCAGTGCGGATCAACCTACCACTATGTCAAAAGAACAGTGCCCTACAACCACTCGTCAGGGCGTTGTGGAGTTAGTCGGATTCGAACCGACGGCCTCCTGCGTGCAAAGCAGGTGCTCTACCGACTGAGCTATAACCCCGCCTGACAAGAAGTGGGGCTGGGTGGAATTGAACCACCGACCTCACGCTTATCAGGCGTGCGCTCTAACCAACCTGAGCTACAGCCCCAGGTGCAAATGCCATCCAGTAGCGGCGGATGGGTACGCCTGTGAGCAGTACGTGCCACACGCCACGGGCCACGGTCGACCCGAGCGGGGCTGTACCTGAACAGGTGTTCTTGTTGGAAGGGAAGCACAGCGAGTCCTGTCGATTCCGCCGCCGCCAGGCGGCATGGAATGCAATCGAGCAGGATCTCTTTAGGAGGTGATCCAGCCGCAGGTTCCCCTACGGCTACCTTGTTACGACTTAGCCCCAGTCACTGAGCTCACCTTCGGCCGCTCCCTCCCAAAAGGTTGGGTCACGGACTTCGGGTGCTCTCAGCTTCCATGGCTTGACGGGCGGTGTGTACAAGGCCCGGGAACGGATTCACCGCGGCATTGCTGATCCGCGATTACTAGCGATTCCTGCTTCATGGAGTCGAGTTGCAGACTCCAATCCGAACTGGGACCGGTTTTCAGAGATTCGCTCCCTCTCGCGAGGTGGCTGCTCGTTGTACCGGCCATTGTAGCACGTGTGCAGCCCTAGGCGTAAGGACCATGATGACTTGACGTCATCCCCACCTTCCTCACTGCTTGCGCAGGCAGTTTCGCTAGAGTCCCCGGCATTATCCGCTGGTAACTAGCAACAGGGGTTACGCTCGTTGCGGGACTTAACCCAACATCTCACGACACGAGCTGACGACAGCCATGCAGTACCTCGCTAAAAGCCCCAAAGGGGAAGCTCCCTTTCAGGAGCGGTCCTTTAGCGTTCGAGCCTAGGTAAGGTTCTTCGCGTTGCATCGAATTGAGCCACATGCTCCACCGCTTGTGCGGGCCCCCGTCAATTCCTTTGAGTTTCAACCTTGCGATCGTACTCCCCAGGTGGAATGCTTAACGCGTTAGCTTAGCCACTGCCCCCTAACGAGGCAACGGCGAGCATTCATCGTTTACGGCGTGGACTACCAGGGTATCTAATCCTGTTTGCTCCCCACGCTTTCGTGCCTGAGCGTCAGTACCCGTCCAGCTGTCCGCTTTCGCCTCTGGTGTTCCTCGTGATATCTACGCATTTCACCGCTACACCACGAATTCCGACAGCCTCTCCGGGACTCAAGAGCAACAGTTTCGAATGCACCTCCATGGTTAAGCCATGGGGTTTCACATCCGACTTGCTGCCCCGCCTGCACACCC
NZ_CP030364.1_gap94	3389953	3392561	2608	CGCCCGACCCGCGTTTCGCATGTCCCACGACGCCCCGGACGGCACGTACGCCCGTCGCGTTCAGGACGGGGACCGGTCGGCCTTCCGTATGCTCGTCGAGCGGTACGAGGGCATGGTGTTCGATCTTGCGCACCAGTACACCGATGGCCCCGAGGCCGCCGAAGACCTGGCCCAGGACGTTTTCCTCACGGCCTACCGCCGGATCGACGACCTTCAGGACCCGGACCGGTTTGCGTCGTGGCTCTACGGCATTGCGCTCAACCGCGGGCGCGACCATGCGAAGAACGTCCGGCGGGGCACCTACCCGTTCAGCCGCTCGGAGCAAGAGGGGACGCACATCCGGGACAATGGGGCGGCGCAGGACGATCAGCTCGTCGCCGACGAGAGGGGCGACCAATTGTGGAACGCCCTCGACGAGCTCGCCCCCACGTACGCGACTCCGTTTCTCCTCAAGTACCGGAACGGCCTCACGTACAAGGCCATGTCAAAGCGGCTCGATGTCTCGGTGAGTGCCCTAAAAGTGCGCGTGCACCGCGCCCGCAAAAAACTCCGTACCTTGTTGGCCCCGTACCATGAAAAATCTCGATCCTGACACGATCGTCCGGCAGTTTATCGATGGGGATCTCTCCGACGAGGAGGTGCGGGCGGCCCTGCACCACATCGCCGACGACCCGGAGGCCCGCTCCCTGCTCCAGTTTGAGCTCCAAATGACGCAGGACCTGGCCGCATCTCGGGCCCCGCAGCCCGCGTCGGATTTCGCGGCCCGCACGGTCGAGCAGCTGGACGAGGCAGAGGCCCCGGCCCCGTCCGTCGCCGACCGTCTTCACGACTGGTGGGAGGCCGTTGCACGCCCCCTCGTCACCATCCCTGTGCGCCCCGTCCACACGGTTGCCATCCTTGCTCTCGTCGCTGCAGTCGGGTGGCTGGCCGGGCCGTTGGGGCCGAGCCCCGGTTCTCCGGAGTCGAGAACAGGATCGTCCGCATCGGTCCGGCCCACCGCGACCGCCTCGTCCCAGGCCGGGACCGTGTTGACGCGGTTCGTCTACACGAACGACACGGCCGACTCGGTGGCCGTGGCGGGCGACTTCAACGACTGGACCCCCATTCCCCTCTCCCCGCACACCGTCAACGGCGAGACGGTCTGGACCGGCCTGGTGCCGGTGCCCCGCGGCGAGCACGAGTACCAGTTCGTCATCAACGGCGAACGGTGGGTGACCGACCCGCTCGCTCCGGTGCAACAGGACGACGGATTCGGCGCGAAGAACGCGGTTCTCAAGCTTTAGCGTGCCGTACTGCCGCACGCTCCTCCATTTGACGTCGCTCGTTCCATGTGGCGGATTCTTCTCGGACTTTCGTGCCTCTTGGGGCTGCTGCCCCAGTCGGGCTCGGCCCAGCAGTGGACCGGCACCGCACGCCTCGCCCTCACCGGCGGCTACCAAACCAACACCTACCTCGATCCTGTGCTTCGTTCCTGGCAGGACCGGTCGTCCGCCCCGGGCCTCGCGGCCCTGACACCGCAGGTGGGGATTGCGCGCAAGGCACGCCGCACGCGTCTTGCCGCCGCGGTCCGGACGCGACTGTACCCGCGTCGGGCCGATGCGCCCCAGTTTGTACAGGGCCACGCCCAGGCGCGATACCGCTTGTCCCCGTCGTGGTCGGTGGGCGCCAGCGGCGGGGGGACGCGGCTCCGCCTCGGCTCGTCGGAGGAGAGCTGGTGGGGCCTGCCCTCTGTGCGATGGACGCCCACCTCCAGCACGGCCGTCACGGCACGCGGGGGCCTCACCCAACGCTACGTCGCGACCGGTCAGGGGACCACTGTTCGTCAGGACAGCAGGCTTGCCATGCTGAACGTGGCGTTCTGGCCGACCGATCGCGTCCGCACAGAAGGACGCGCGTACTGGAGCGACGGACGGACAAACGCCACGGGCACCGCCTTCGGAGGCACCGGCGTGTCTGTGCGTGGGGTGTACTGGCCCACCAATCAGTGGTCCGTCGAGGCCGACGTAGGGGTCGAGCAGGTGCAGTACGAGGCGCGAACCACCCGCACCCGCCTCGGCCGGGGCGGCCTCAAAGTGGCGTGGCATCCCCGCACAGCAGTCACGGCCTTCGTCCAGACCCGAGCGTCCACGGCACGCCTCGTCGACGGGTCGAGTACAGACACACACGTCGCGGTCGGGGTTCGCCTCCGAGTCCGGCGCGTGCTGAGCGGAACGGCCCCTTCGCCGCCACGCCGCCGCGTCTGTCGGGCGGTCGAAAATGGGGTGCAGATCCAGGTTCCCTACGACGGCCCCGGGGTGCCCCACGTGACGGGCGACTTCAACGGCTGGTCGTTGCCCGGTACGTCCCTCACGCAGACCGACGACGGCACCTGGACGACGACCCTGTCGGTGCCGTCTGGCGAATACGCGTACCGGGTCCGAATCGTCGACGGCGACGAGCGGCGGTGGCTCAGCCTTCCCTCCTACGCAGACACCGCCGACGATGCATTCGGTGGCACAAACGGCGTATGCACAGTTCCCTAGCCCCATGATTCGCCTCCCCGGCTTCATACAAGCGCTCCGCGGCCTCCGCCCCGGGCTCGGCCTCGTTCTCCTGGTCGCCCTGATCG
NZ_CP030364.1_gap95	3503514	3507364	3850	CTTTTTGGTGCTTGCCCTCTCCCTCGTATTCGAATCGGCCATGTCCGTGCTCTTCGACTGGCGCCTGTTCATTCGCTACTTCGAGGGCCGTGGCGTGAAGACCCCTCTCATCATCACGGTTGCCTTTCTGGTGTTTCTGAACTACGACCTCGACATCGTCGCCGAGCTTCTGAGGGGCTTTCCGGAGATTCAGGCGCAGAACATCGGGCGCCCGACCCTTCCGGGCCAACTCCTCACGGCCCTCCTCATCGCAGGGGGCAGCGGAGGGGTCTTTCGGATTTTCACCCGTCTTGGCATTCGGAGTCCCGAAGAGCGGGACCGGAAGGCCCGCAACGAGCGAGCCTCGATGAAGGAGGGGACAGAAAAGCCGTCCTCCGATGCAGACTCATAGCACATCGTCTCTCCCCTTTGGCACTCATGCCACACCCCGCGTCCCGCCCGCACAACCGTCTCCTGGCACTCGTCCCCCCCACGGGAAGAACGGCTCTTTTGGGCCTTCTGCTACTGGCCGCCACGGCCTGTGGGCCCACCATCTCCGAATTTAACGCCCGGGCGTACGAGCAGGCCACCTCACTAAAGGTGGAGGCCTTAGCCCTGATGGATAAGGCCACCGCGCCCTATGCGGAGCATGCCGACGCCGTTCAGCACCTAAAAACCGAGTTGGAGAAGGCCTACGAGTTTGCGAAGGGACGCCCCGAGAACGAGATCTCAGCCCGGCAGTGGCGCATCCTTATCGATCCCGACCGGGATCTTCTAGGGGGGTTTCTGGCCGACTGGAAAGAGCAATCCGCATTCTCGGCGACGTTTGTTGAGGAAAAGAAGACTCAGATCGCTCGCGCCTTCGACACCATCATCGAGCTGGAGAGCGGCAAGAAGAAGCCCGACGAGGTCCGCAACAGCCCGTAGCGCGGCCCCGCACCGTGCGCCCGCACCCTTTCATCAATCCAGTCCCTGGACTGATGCCCGACGTTGACGCGTTTCTCGACGCCCTCAGAGACGAGGTCACCGACCTGGCCCGGACGCACCTCCAGGAAATGCAAGAAGCTGCCCTCGAGGATGGTGAAGCGTTCCTCAACCAGACGCAGGACGACCTGAAACGATGGGGGCGCCTGCTGGAGCAGGGGGAGCTCTCCCGGGAAGAGTTTGAATCGCTCGTTCGGGGTCAGAAGGACGTGGCCGAGATGGAGGCACTCAAACAGGCGGGGCTCGCCGCCGTCCGGGCCGAGCAGTTTCGGGACGCGTTGATCGACCGAATCGTCGGCACTGCTAGCCGGATTCTTCTGTAGGTCCCACCAAGGCCCCACCAACGTCTTTCGGCGGCGGCCCGCTCATCTGAACCGCCCCGGACTCGTGTGGCGACACGAGCCCCCGCCCCACCACGAGACGCCCCAACCCAGGCATCCGTTCTCGCAACGGCCCGGTCCTTCTCAACGTTGTTCGCTCGAACAATTTTCGGCACCAGGGTTTGTAGACTGTGCCCACGGGGGTGAACGTACGTCGAAGCGATCACGTCGCTATGTCTTCCCCCCCGTCCCGTCGCCTTTTTTGAAAAAAGCCCTTCCATTCATGAGCGATCCAGTATCTGGCATCCACCATGTCACCGCCTACGCGCACGACCCGCAGGAAAACCTTGACTTCTACACGGGCGTCTTGGGGCTTCGCCTGGTTAAGCAGACGGTCCTCTTCAACAACCCCTCGGAGGCATTCCAGGGACCGACGATGTATCACTTCTACTACGCCGACGAGACGGGCACGCCGGGGACCGTTCTCACCTTCAAACCCCATCACAGCATCCAGAAGGGGCAGGTGGGACGGGGACAGGCCACGGCCACGGCCTTTACGATTCCGGAGGGGGCCGTGGACTACTGGGTGGATCGGCTCGACGCGGCCGACGAAGCCACCCTGTATCCCGTGACGGAGCGCTTCGGGCGGACCGTGATCCAGTTTCAAGACCACGACGATCAGCCCCTGGAGCTCATCACGGGAACGTCCGACATTGAGCCGTGGGCCGACGGCCCTGTGCCCGCCGAGCACGCGGTGCGCGGGTTTCACGGGGTCACCATTCACCCCCACAATGGCCAACTGACCACGGAGGTCCTCGAGCTGATGGGGTACGAGCAGGTGGACCACGAGCCAACCCCCCAGAACGGCGATTGGACCCGATTCCGGGTGCCCGGCCCCGACCATGCCCAGTTCATCGACCTCTACAACGAGCCCAACATGCACGAGGGGCAATGGGGCTACGGCACGGTCCACCACGTGGCGTTCCGGGTGTCGGACGACGAGCATCAGCGGGCCATTCGCCAGCGGCTCCGCGACGCCGGCCACGACGTGACCACGATGAAGGACCGCAACTACTTCCACTCTCTCTACTTCCGCGACCCGAACGGGGTCAACTTCGAAATCGCAACGGACCCGCCCGGCTTCCTCCACGACGAGTCCGTTGACGAGCTCGGCACCACGTTGATGCTGCCCCCGTTCCTGCAGGACCGACGGGACGAGGTAGAGGCCCAGCTCGCCGATATTTCGGTGTAGCGACGTCCCGTTCAAACGTCTCGGTCCCCACCACCGCGCCCGCGGCCCCCAAACAACAGTGAGGCCGTGGGCGCTTTCGTTTTGGATGATTTGTGCCGGAGCGACGAGCTGGGGGCGCGTGTCCCCCAAAACATCGCGACGCTTCCCTAATTCAACCGGGTCACGCGCTCGTTCTACGAGAGAGCGGTTCAGAGCGAGGCCTCGTTCACTTTCCTGCCCAACTTCTTCGCTTCATCATGGAAGACATGGAAGGCCCCACCCCCGAGTTCATCGCGGCCACCTCGATTGCCCAGCTCACGCCGCTTCTGTTCGACGCGGCCGAGGATGTGGATCAGCTCGGCGAACAGCCGGAGCACGTGGCCGTGGCGGAGGAGACCGTCCGCGCGTTTTTGAAGGGCAAGGAACCCGACCTCGATCGGTCGGTCGCGACGGTGACCCGCGTGGAGGACGGCGTAGAGATTGAGTACGAGGGGCGCACCGTCACGATTACGTACGACGAGTAGGTCGCGGCGCGGCCCCCGCCACGACGGCGGAGCAGCGTGGGACGGGGCTGCTCCGCCAGGACGGCCGAACGGATCCCCCCAGTGCCCTATCCTTCTCGCGTTTCCACCGTCCCGATGGTGTATCCCTCAATCTCGCTCGTACGGAACCGGAAGACCGACCCCCCCAGGTTGATGGCCTCCGCGCCGGTCATGACTTCCTGAACGGACACGTGCACGAACGTCCCGTCGTCGGACGCACCCACCTCGTCGAGCATGGCGGAGATTGAATCGCCCATGGCCTGCACGGCCTCGTCGTCCTCGGCCTGCTCTTGCGCCATTTCTACCATCCGGGTCGTGTCCGCCTCAAAGGTGTCTCGCGCCACGATGTGCCCGGTCACCATGTTTCCGCTGACCACCAGCGTAACCGGACAGGCGGCCTGCTCTTCCGTTGCCTTCTTGCTGAGTGCTTTAATGCCTGGATCGCTCATCAAACCGTCGGGGTTACTCGAAAACGTATGCGAACCCGGCACCGAGTGCCGGGGACTGTAGAATGCAATGTATGGATGGGCCGGGGACGAGGACAACTGCGTCCGGACAATCTCGTGTTGAATATTCTCCGTCGGCGGGGCCGCCGGCCCGGGAGGGCCCGCGCCGGCTCGGTTCTTGACGTTGCCGCGGGCGATGATTATCGTTCGTACTCCCGAATTGTCTCACGACCGTCTAGCGGTCCACAGCGGCGGTGTCGCAACGTCGCTGTGCGCGTTTCCAGCGGGGCCCGTGTCGGCCCGCAGTAGGCCCGTTCCGATGAGGGCAAAGCGAGGCGTTCCCGGTTT
