gap_id	start	end	length	sequence
NZ_CP144687.1_gap1	5616	7201	1585	TGGACCACAGCTCCCGGGCCTTCGCCTTCGGGGGGAAGCTCGTCATTGACGGCACGAGGAAGCTCCCCGAGGAGGGGGGTGAGGCGCCCTTCGTCCCCAAGGCCCACCCCGGGCTTCCCGAAGACCCCGAGGTCCTGGACCAGAGGCAGTGGCCGGGCCTCTGGGGGGCGGTGCTGGCGAAGCGGCGCCCCCACCAGGCCTGGGAGGTGGCGGAGAGGCTCCTGAGGGCCCCGCAAAGCGCCGGGATCCGGCTTCTCCTCCTCGCCGACGAGGACACGGCCCTAAGCCCGGAGGAGCTCCTCTGGTACGTCCTCAACAACGTGGACCCCGAGCGGGACGCCCGGGTGATGCCGGGGGTGGAGGGGCCGGTTTTGGTCCTGGACGGCACGAGGAAGCTCCCCGAGGAGGGCTTCCCCAGGGTCTGGCCCGAGAGGATCCGGATGGACCCCAAGGTGAAGGCCTTGGTGGAGGCCCGGTGGGCGGAGTACGGCCTGGGCTGGACAACGGTGGGTGAGTGATGTAAACTAAAAGAGGTTTAGTGCGAAGGTGATATTTATGGGCTTACACGTCCTCGGCGTGAACGCATCGGCTAGGACGGACGGGTTTACGGCGGAGCTTTTGGACGAGGTTTTGGAGGCGGCCAGGCGCAAGGGGGCGACCACCGAGCGCCTGGATTTGGTGCGGCACCCCTTTCCCCTCTGCGCCGGCAACTACTCCGTGGACCCCGCTTCCTGCGGGCCGGAAACCTGCGTCCAGGGGCCCTGGGACGGGTTCGGGAAGGTGGCGGAGCGGATCCTTTCCGCCGACGCGGTGGTCTTCGCCACCCCCGTCTACTGGTTCAGCGTCTCCTCCCGGATGAAGGCCCTCCTGGAGCGGATGACCTCCATGGAGAACCAGGGCCTCCTCAACCTGGGCAAGCCCATGGCCCTCCTGGCGGTGGCGGAGGAGGAAGGGGCGAGCCAGGCCCTCGCCCAGATGCTCCTGCCCCTCTCCTACATGGGCTTCGTCCTCGCCCCCTTGGGCCTGGTCTACGCCCACCGGAAACACCTCACCGCCCTCAAGGAGAGCCCCGAGGTCCTGGAGGACGCCCGCATCGCCGGGGAGAACCTGGTGCTCATGGCGGAGAGGCTCCGGGGGACCTCCTTCCAGGAGCCCTTGCCGAGCTACCTCTACCGGGCGCCCGCCTCGAGGGCCGCGGGGGACTGATGCCACCCCATGCTGGCTTGCGCCAGCATGGGGGCCCCGGCAAAAGGTCCCTAGGGAGCTTCCCTGGGCCAGTTGGGCGAAGGAAACCGGAAGAAAGGGTAGAAGGCCGCCCTGGGCTCGCTTGCGCCGGCGCGGGCCTTCCCGGTTCAGAGGTAGAGGGGCTCCACCCCCTCGTGGGCGAAGGGGAGGAGCTCGTAGAGGGCCCTGGGGTCCGGAGGGGCGTCCAGGAGGAGGCGGCCTTCCCGGGGGAGCTCGGTGGCCTTGAGCTTCCTCGGGGGGGCCACCTCCTTGGGCCTTCCCCCCTCCAGGGTGTAGGTGGCCCCGTAGAAGAGGCCGTTTCTGGCGGTGAAGAGGGGGGTGAGGGGCTCCCCTTCCTTCA
NZ_CP144687.1_gap2	62339	66317	3978	TAGGCCGTGCCCACGTGGGGGTCGCCCGTGGGGCTTGGCGCGATGCGGGTCACCACCATACCTCGCCCATTATCTCACCCGGGGCTAAAGGTTGCCCCGTAGCCTAAGGGGCAATGGACGGGGAGCTTCGCGCCCAGGGTTTGCGCAAGCGCTACGGCCCCAAGGAGGTGGTCCGGGGCGTGGACCTCGCCCTTAGGCGGGGCGAGATCGTGGCCCTCTTCGGCCCCAACGGGGCGGGGAAGACCACCACCTTCTACATGGTGGTGGGGTTCATCCGGCCCACGGGGGGGCGGATCTACCTTAAGGGCCAGGAGATCACCGCCCTCCCCATGTACAAAAGGGCCCGGCTCGGCCTCGGCTACCTCCCCCAGGAGCCCAGCGCCTTCCGGCGGATGACCGCCTTGGAGAACCTCCTCGCCGTCTTGGAGTTCCAGCCCCTTTCCAAAAAGGAGCGCCTGGAGAAGGCCAAGGCCCTTTTGGAGGAGCTTTCCATCTACCACCTGCGGGACCGGATGGCCTACAGCCTCTCCGGGGGGGAGAGGCGCAGGCTGGAGATCGCCCGGGCCCTCGCCACCGACCCCGACTTCCTCCTTTTGGACGAGCCCTTCACCGGGGTGGATCCCAAGAACGTCCGGGAGATCCAGAAGGTGATCGCCGAGCTTCGGGAAAGGCGCGGCGTGGGGGTCTTCATCACCGACCACGCCGTGAGGGAGACCCTGGCCATCACCGACCGGGTCTACCTGATGTACGACGGCCAGGTCCTCTTCCACGGGGACCCGGAGACCTTTGCCAAGGACCAGGGGGTGAGGCGCCACTACCTGGGCGAGGACTACGAGCTCTAGCCATGACCTTCTGGGCCCTCCTCTTCCTCGTCCTCTTCCTTTCGGCCTTGGTGGCCTACCTGGGGGACAAGGTGGCCAAGTGGGCGGGGAAGCGGCACTACCGCCTCTTCGGCCTGAGGCCCCGCCAGACGGCCACCCTGGTCGCCGTCTTCACCGGGGTGGGCATCGCCCTCTTGAGCTACCTGGGCTTCCTCCTGGTCTTCCGGGACGCCCGGGAGGTGATCCTCCAGGCGGAGGCCATCCGGGCTGAGCGGGACCGGCTCAAGGAGCAAAGGGCGGCCCTGGAGGCGGAGGCCGCCCGGGCCCTCGCCGAGGTCAACGCCCTGCGCGGGGAGCGGGGCGCCCTCCTTCAGGCCCTGGAGCGGGTGGAGGGGCTGCGGGAGGCGGCCTCCCGGGAGCTTGCCGCCCTCCGGGAGGAGGTGGCCCGCCTCGAGGCCCGGGGGAAGGCCTTGGAGGAGGCCTTGCGCGCCCGCGAGGCGGAGGTGAGGGCCAAGGAGGAGGCCCTCCGGGCCCTGGAGGCCAGGCTGCGGGAGGCCGAGGCGGAGCTGGCGCAGGCCCGAAAGGAGCGGGAAGCCCTCCTGGGGGAGAGGGAGCGGCTCGAGGCCGACCTCGTGGCCCTCCAGGGACGGGTGTTGGACTTAAGGCGCTCCCGGGAGGTTCTGGAGGAGGAGGCCTCCCGGCTCCGGGAGGCCCTGGCCCGGGTGCGCCAGGAGCTCGCCGAGGAGGAGAGGCGGGTCCAGGGCCTCCTCGTCCAGGCCCGGGTGCTGGAGGGGCAGAAGGGCCAGCTCGCAGAAGGCCTCGCCCGCCTGAGCCAGGGGCTCTACCTGGGGGAGGTGCGCCTGGGCCCGGAGGAGGGCCCCGTGGCGCTGGAAGAGGCGGCCCGGAGGCGGGCCCTCCTCCTGGGCTTCAAGGGCGTGCGGCTTCTCGGCGGGGCCAAGGGCCCGGGGCTTGCCGTCCTGGAGGGGGCGGGGTACGAGGACGGCGTCCTCCTCGTCCGGGCCCGCTTTTACCCGGAAAAGCGCTTGTGGCCCGCGGGGGAGGTTCTCGCCAGCGCCACCTTCCTCAACACGGGGGAGCCCCGGGCCCGGGCCGTCCTCCTGGAGGTGGGGGAACGGGTCCGGAAGCGCCTTCTGGAGGAGGGCGTGCCCCCGGAGTACGCCCGCTTCCCCACGGAGACGGACCTGGCCCAGGGCCTCCTCCTCCTCCGGGGGCGGTCCGGGGTGGTCCGGGTGGGGGTGGAGGCTTTGCGGGAGGTGTGGACGGTGGAGCCGCCCCTCCTCGCCTTCCGCCTCCTCGGGGGGCCTCCGGGCCCGGAGGTACCGGTCCCGACCCGCGAGGTCCGGTAGGACCGCCACCTCCTTCCAGCCCTTTTCCCGGAGCTCCCGGGCGAGGAGGTGGACGTTTTCCGGGGCGAGTTCCAGGAGGAGGTACCCCCCGGGCTTCAGGGATCGGCGGGCCTCCTCCGCCAGGGGGCGGGCCACCGAGAGGCCTTCCGGCCCGGCGTAGAGGGCTAGGGGGCTTTCGTAGCCGAGCTCCCTCGGGGCCTTTTCCCGGTAGGCCTCGGGGAGGTAGGGGGGGTTGGAGACCACCAGGTCCAGGTCCTTAAGCCCCCCGGTGAGGGGCGCGGGGAGGAAGACCACGGCGAGGCCCAGCCGCTCGGCGTTCTCCCGGGCGAGGGCGAGGGCCTTGGGGTCCACCTCCGTGGCGTAGACCTCCGCCTCGGGCAGGGCCCGCTTCAGGGCCAGGGCGATGGCTCCCGTGCCCGTGCCCACGTCCAGGATCCGGGGGGCGGGGGGCAGGGGGAGGCCTAGGGCGAGCTCCACCAGCCCTTCCGTTTCGGGGCGGGGGATGAGGACCCCTTCCTCCACCCGCAGGGGCAGGCCGAAGAACTCCACCTCCCCCACCAGGTACTGGAGGGGGTAGCCCTGGAGGCGCCGCTTGAGGAGCGCCTCGGCCCGGTCAAGGGCCTCTTGGGGCAGGGGGGAGGTGAGGCGGCCATATAGGGCCTTTCGGGGCCAGCCCGTGGCCGCGGCGAGGAGGTCCCAGGCCTCGAGCTCGGGAAGCCCGGCGGCGCCGAGGGCCCGCCTCAGGCGGCGGAGCAGGTCCAGGGCGAGCGGCGTATCCCCCGGGGCCTCCGGCATGGCCTCGGGCCCTCAGCCTTGGGCCTCGCGCCTGGGGTAGACCACCACGTGCCGCTCCTCTCCCTCCCCTTGGCTTTCCGTGGTGACCCGGGGGTGGTTCTTGAGGAGCATGTGCACGATCCGCCGCTCCCCGGGGGGCATGGGGGGGAGGTGGAGGGGCTCCCCGGTCATGGCCACGGTGAGGGCCGCCTCCTCGGCGAGGCGGCGGATCCGGGCCTCCGCCCGGCTTCTGTACCCCGCCGCGTCCAGGACGAGGCGGTAGCCGGTGCCGAAGCGCCGGGCCAGGACCACCCGGGCCAGGTGCTCCACGGCCCTCAGGGTCCGCCCCTCCTTCCCGATAAAGCGGCTCAGGTCCCCTCCCTTGACCTCGGCCTTAAGGGTCTCCCCTTCCACCCGCACCTCCAGGCGGTGGCCGGGGTCCAGGAGGAGGAGGAGGCCCCCGAGGAACTCTTCCAGGAAGGCCCTGGGGTCCCCTTGGGCCTCGGGGGTTCCCGATTCCTTGAGCTCCACCTCCACCGGGGCCTCCTCGAGGACCCCGAGGTCGGAGAGGAGCTCGTCAATGCTCTTCTTGCGCTCGTTCATGCCCCCAGTTTACGCCTTAAGGGGGGCCAGGCTTTTGTTGATGAGCCACTGCTGCACGAGGCCGATGAGGGTGGAAAGGACCCAGTAGAGGGTGACCCCCGAGGGGAACTGGAGGACCAGGAAGACGAAGATGAGGTTCATGAAGAGGCTTTGCCGGATGAGGTCCCGGTTCCCGTGGGCGGAGAGCCAGGTGGAGAGGAAGGTGCTGGCCACGTAGAGGACGGGGAGGATGTAGTAGGGGTCGGGGAGGGCGAGGTCGGGGATCCAGAGGAAGCCCTGGCCGAACTCGTAGTTGGCGATCACCTTCCAGAGGATGAAGAGGATGGGCATCTGGATGAGGAGGGGGAGGCAGCCGGCGGCGGGGTTCACCCGGTGCTCCTGGTAGAGCTTCATGGTGGCCTCCGCCCGCTTGT
NZ_CP144687.1_gap3	69972	73358	3386	GACGTCTTCCGCTTCTTCCACGCCATCGGGGTCAACCTCAAGCAGGTCTACGGCCAGACGGAGATCATCGGCATCGCCTTCGTCCACCGGGACGGGGACGTGCGCCACGACACCGTGGGCCTGCCCATCCCCGGGACCGAGGTCAGGATCAGCGAGGCGGGGGAGATCCTCCTCCGCTCCGACGCGGTCTGCGCCGGGTACTGGGAAAGGCCCGAGGCCACGCAGGAGACCTTCGGGGACGGGTGGCTGCACACCGGGGACGCGGGGTACCTCACAGAGGACGGCCACCTGGTGGTCATTGACCGCCTTTCCGACGTGATGCGCACCGAGAAAGGCACGGTCTTCAGCCCCCAGTTCCTGGAAAACAAGCTGAAGTTTTCCCCTTACATCAAGGAGGCCGTGGTCTTCGGGGACCGGAAGCCCTATCTGGCCGCCTTCATCAACATAGACCCCCAGACCGTGGGCAAGTGGGCCGAGGACCGGGGCCTGGCCTACACCACCTACCTGGACCTCTCCCTGAAGCCCGAGGTGGCCGAGCTCATCCGCAAGGAGGTGGAGAAGGTGAACAAGGAGCTTCCCGAGGAGCTTAGGATCCGGCGCTTCGTCCTTCTCTACAAGCTCCTGGACGCCGACGACGAGGAGCTCACCCGAACGGGCAAGGTGCGGCGGGGCCACATCGCCAAAAAGTACGCCCCCCTGGTGGAGGCCCTCTACTCCGGGGCCAAGGAGGTGGAGGTGGAGGCCGAGTACCGTTACCAGGACGGCACCCTCCAGCGCCTCCGGGCGCGGGTGCCCGTCCTGGGGTTCGCCGAGGAGGTGCCCGCGTGAGCTTCTTCCTCCAGCTCCTCTTCTCGGGGGTGGTCCTGGGGCTCGTCTACGCCCTCGCCGCCTTGGGCTTCGTCCTCATCTACAAGGCGAGCCGGGTGGTGAACTTCGCCCAGGGGCAGTTCATCGCCATCGGGGCCTTTTTGGCCTACTGGGCCATGGTCGCCTTGGGGGCGCCCTTTCTTTTGGCCGCGGCCTTGGCCCTGGCCTTAACCGCCCTCTTGGGCTTTGGGGTGGAGCGGGTCTTCCTGAAGCGCATGGTGGGGCAGCCCATCATCTCCGTCATCATGGCCACCATCGGCCTCGCCTCCCTCCTTGACGGCCTGATCCACCTTACCCCCTTCGGGGCGGGCAACTTCAGCTACCCCGCCTTCCTGCCCTCGGGCGGCGTCGCCCTCCTGGGGGCGCAGGTCTCCTACCCCCAGCTCCTCGCCCTGGGCTTCACCCTGGCCTTCCTCGCCCTCTTCACCTGGTTTTTCCAGCGCTCCACCCTGGGGATCGCCATGCGGAGCGTGGCCGACGACCAGATGGCGGCCATGAGCCTCGGGGTCTCGGTGGAGAAGGTCTTCGCCCTGGCCTGGGCGGCGGCGGGGCTCACGGCGGCGGCGGCCGGGATCGTGGTGGGCACCATCGCCGGCCTCAACCTGGACGGGCTGGTGCACATCGGCCTTAGGGTCTTCCCCGTGGTGATCCTGGGGGGGCTGGACTCCATCCCCGGGGCGGTGGTGGCGGGGATCCTCATCGGCGTCTTGGAAAACCTGGCGGCGGGCTACCTGGACCCCTTTGTCCCCGGCGGGGGGACCCGGGACGTCTTCCCCTTCCTGGTCCTCCTTTTGGTTCTCTGGTTCAAGCCCCATGGCCTCTTCGGCACGGAGGAGATTGAGCGCGTATGAGGAACCCTTGGGCCCAGACCGGAAACTACCGCACGCGGTACGAGCAGGACGCCAGCATCTTCGCCACCCACCGGGAGTTGGTTTCCCTTCTCCTCTCCCTGGGCTTCCTCCTGGTGTTGCCCCAGTTCCTCTCCCGGACCCAGGTCTTCATCCTGGACCTGATCCTGGTCTACAGCATCGCCGTCTTGGGGCTCAACATCACCACGGGGTACGCCGGCCTCATCAACATCGGCCAGGCGGCCTTCATGGGGGTGGGGGCGTACACCGCGGCCCTTTTGGCCCCGGCGGGGTTTCCCTTTTACCTCGTGCTCCCGGCGGCGGGGCTCGCCGGGGCCTTCTTCGGGTACCTGGTGGGCATCCCGAGCCTCCGGGTGAAGCACCTTTACCTGGCCATGGCCACCCTCGCCTTCCAGGTGGTCTTTGAGTGGACGGTGGGCCACCTCCCCCTCCTCAACCAGGGCGGGGCCATGCCCTTGCCCCGGGTAGGCCTTCTCGGGTACGAGGTGGGCTTCCGCAACCACTACCACTTCTGGTACTACGTGAGCTTCGCGGTTTTGGTCCTTCTCGCCCTCTTCTTCCGCAACCTCCTCAGGACCAAGTACGGCCGGGCCCTGGTGGCGGTGCGGGACAACGACCGGGCGGCGGACGCCATGGGCATGGACCCCGGGCGCACCAAGCTCTTCGCCTTCGCCCTGGGCGCCTTCTACGCCGGGGTGGCGGGGGCGCTTTACGCCTACCTCTCCCGGGCGGTGGTCATTGAGGACTACACCTTCTCCGTCTCCATCAAGCTCCTGGCCATGGCCATCGTGGGGGGCCTCGGCACCTTGGTGGGGAGCTTCCTGGGGCCCGCCTTTCTGGAGCTTCTGGACGTGAACATGGAGGCCCTTTCCAACCTCATCAAGGCCCTGGGCTTCAGCGTGGCCGGGGTGGACGTGGCGAGCGCCCTAAGGCCCCTGGCCTTCGGCCTCGTCATCGTCCTCTTCCTGGTGTTTGAGCCCAGGGGGCTTTACAACTGGTGGCGCGTGGTGCGAAGCTACTTCCGCACCTGGCCCTTTAGGTACTAGGCAACCCCCCTCATGGGGTTGGCGAAGGGAGGGAAGCGTATGCGAAGGACACTGGCAGGCATCGCGGCGGTCTTGGGGTTGGCTTTAGGCCAGCAGCAGGTGACCCTCTTCTGGTCGGGGGCCATCACCGGGCCCACCTCGGATGCGGGGGCCCCTTACGGGGCGGCGGTGGAGGACTACTGCAAGTGGGCCAACGAGCGGAAGCTCGTGCCCGGGGTGGTCTTCAACTGCGTGGTGCGGGACGACCAGTACAACAACGCCAACACCCAGCGCTTCTTTGAGGAGGCGGTGGACCGCTTCAAGATCCCCGTCTTCCTCTCCTACGCCACGGGGGCGAACCTCCAGCTCAAGCCCCTGATCCAGGAGCTCAGGATCCCCACCATCCCCGCCTCCATGCACATTGAGCTCATTGACCCGCCCAACAACGACTACATCTTCCTCCCCACCACCAGCTACTCCGAACAGGTGGTGGCCCTTCTGGAGCACATCGCCCGCCAGAAGAAGGGGGCCAAGGTGGCCCTGGTGGTCCACCCCTCCCCCTTCGGCCGGGCTCCGGTGGAGGACGCGAGGAAGGCGGCCCGGGAGCTCGGGCTTCAGATCGTGG
NZ_CP144687.1_gap4	113853	115562	1709	CGATGAGGAGGCCCTCCACCAGAGGATAGCCCGCCTTCACCGCCTTCTCCGCCGCCTCTATGCTCAGGCGGTCCATGATCTCCATGGCCCCGGGGAGAAGCCCTGCCCGGATCACCCGGCTCACCGCCTCCCCCGCCGCCTCGAGGCTCGGGTAGGCGGCGAGGACGGTGTGGTAGGCCTCGGGCCTGGGGAGAAGCCTCAAGGTGATCTCCACCGCCACCCCCAAAAGCCCCTCCGTCCCCACGAAGAAGCCGTGGAGGTCCGGGCCCACGCCCTCCAGGCTTTCCCCCCCTAAGCGCACCACCTCCCCCGTGGGGGTGACGACCTCGAGGCCCAGGACGTGGTTCGCCGTCATCCCGTACTTCAGGCAGTGGGCCCCCCCGGAGTTGAAGGCCACGTTTCCCCCGATGGTGCTTACGGGCTGGCTGGAGGGGTCGGGGGCGTAGTAGAGGCCGAAGGGGCCTGCCTCCTGGGAGACCTTGAGGTTCACCACCCCGGGCTCCACCACGGCGATCCTGGCCTTGGGGTCCAGCCTCAGGATCCGGTTCATCCGGTTCAGGGCGATCACCACCCCGCCCTCCACGGGGAGGGAGCCCCCGGAGAGGCTTGTGCCGCTCCCCCGGGCCACGAAGGGGACGCCGTATTGGTGGCAAAGCCGCACCACTCCGATGACCTCCTCCTTCCTCTCCGGGAGGGCCACGGCGAGGGGACGCTTGCGGTAGGCGGTGAGGGCGTCGGACTCGTAGGGGGCGAGCTCCGCCTCCCTCGTGAGGACCCGGCCGGGAAGCAGGGCCTTGAGTTCCTCCAAGAAGCCCACCTTTAACCTCCTTTCCCCTCCACTTTAGGGCAAAAGGGGGGGCCCCCTCTTGAGGCCCCCACCGCGGCGAGGGGCTCAGTCAATGTAGTCGTAGGCCACCAGGGTCAGGAACTCCACGAACTCCTCGGAGAGGACGAGCTTGTCCAGGATCTCCTCGGCCTCCCGGTAGCGCTCCTTGTCCCGGCCGCCGAGCTTGGCGAGCTCCTCCTCCTTGACCTTCTGGTAGAGGTCGGGGGTGACGGGGCGGCCGTCCTCCAGCTGGGCCCCCCGGTGCACCCACTGCCAGAGCTGGGCCCGGCTGATCTCGGCGGTGGCGGCGTCCTCCATGAGGTTGAAGATGGCCGCGGCCCCGTTGCCCAAGAGCCACTGGTTCAGGTACTGGAGGGCCACGGAGATGTTGTTGCGAAGCCCCGCCTCCGTCACCCTCCCCTCGGGGACGTGGAAGTTCAGGAGGTCCGCCGCGGTCACGTGGACGTCCTCCCGCTTCACGTGCTTCTGGTGGGGCTTGTCGCCCAGGTAGCGGTCAAAGACCTCCATGGCCACGGGCACCAGGTCGGGGTGGGCCACCCAGGTGCCGTCAAAGCCCTGGGAGGCCTCCCGTTCCTTGTCCGCGCGCACCTGCTGGAAGGCGCGCTCGTTCACCTGGGGGTCCTTGCGGCTTGGGATGAAGGCCGCCATCCCGCCGATGGCGTGGGCCTCGTGGATGTGGCAGGACTTGACCAAGAGCTCGGTGTAGGCCTTCATGAAGGGCACGGTCATCGTTACCTGGGCCCGGTCGGGGAAGATGGGGGCGGTGGTGGCGAACTTCTTGATGCAGCTGAAGATGTAGTCCCAGCGCCCGGCGTTGAGCCCGGCGGCGTGCTCCTTGAGCTCGTAGAGGATCTCCTCCATC
NZ_CP144687.1_gap5	117568	121463	3895	AGAAGCCCTCCCCCAAGGACCGCCCCGTGTACGTGATTTCGGTGGCGGCGGAGCTTGTGGAGATGCACCCGCAGACGCTTCGGCTTTACGAGCGGAAGGGTTTGATCAAGCCGAAGCGGTCCAGTGGGAAGACGCGGCTTTACTCGGAGCGGGACATTGAGAAGCTCCGGGAGATCCGCCGCCTGACGCAGGAGCTTGGGGTGAACCTGGCGGGGGTGGAGGAGATCATGCGGCTTCGGGCGGAGCTCGAGGCCCTCCAGGCCCGCTTTGAGGCCGAGGTGGCCAGGCTCAAGCTCCTCCTCTTGGAGAAGGAGGAGGCCTTGGGCGGGGGCTGAGGGCCCCCCTCTGCGCTCCCCGGTTGCGGGAACGCGGTGCGGGCGTTTAGGGTATCCTCGTGGACCTCACCGAGCTTTTTGCCTTTCTCTCCATCCCCTCCGTCTCCACCGACCCGGCCCGGCGGGAGGACGTGCGCCGGGCGGCCCTTTGGCTTGCGGAGAGGCTTAAGGCCCGGGGCTTCCGCACCGAGCTCCACGAGACCCCCCTTCACCCCATCCTCTACGCCGAGCGGTTCGTGGACGAGAAGGCCCCCACCGTTCTGGTCTACGGCCACTACGACGTCCAGCCCCCGGATCCCCTGGAGCTTTGGGAGAGCCCGCCCTTCTCCCCGGTGGTGCGGGAGGGCCGGATCTACGCCCGGGGGGCCTCCGACGACAAGGGGCAGCTTTTCGCCCACGTCCTCGCGGCGGAGGAGGCCCCGGTCAACCTGAAGTTCCTGGTGGAGGGGGAGGAGGAGATCGGAAGCCCCCACCTCCCCCCCTTCGTGCGGGCGAACCGGGAGAAGCTCCGGGCGGACGTGGTGCTCGTCTCCGACGGGGCCATGTTCGCCCCCCACACCCCGACCCTCACCTACGGCCTCCGGGGGCTTTGCTACCTGGAGGTGCGGCTTAGGGGGGCGAGGCGGGACCTCCACTCGGGGGCCTTCGGGGGCGTGGCCCCGAACCCCATCCAGGCCCTGGGGTGGCTCCTCGCCCGGCTGAAGGACGAGGGGACGGGGAAGGTCCTGATCCCGGGCTTCTACGAGAGGGTGCGCCCCGTCCCCGAGGAGGAAAAGGCCCTCTGGCCCTCCCTGGACGAGGAGGCCCTGAAGCGGGAGCTTGGGGTGGAGGTCCTCCCCGGGGAGGAGGGCTACGCCCCCCTGGAACGGCTTTGGGCCCGGCCCACCCTGGACCCGAACGGCATCTGGGGCGGCTACCAGGGAGAGGGCTCCAAGACGGTGATCCCCGCCGAGGCGGGGATGAAGCTCTCCATGCGCCTGGTGCCGGACCAGGACCCGGAGGAGGTGGCGGACCAGGCCGAGGCCTACCTGAAGGCCGTCTGCCCCCCCGGCTACGCCCTGGAGGTGCGGAGGCTCCACGGGGGCAGGCCCGTCCTCACCGACCCCTTTAGCCCGCCCATGCGCCTCATGGCCCGGGCCCTGGAGGAGGTCTGGGGAAGGCCCCCCGTCTACACCCGGGAGGGCGGGACGATCCCCGTGGTGGCCGAGCTCAAGGAAACCCTGGGGGCGCCCATCGTCCTTCTGGGCCTGGGGCTTCCCGACGACAACCTCCACGCCCCCAACGAGAAGCTGGACCTGGTGAACCTGGAGAAGGGGGTGGAGGTCATAAGGCGCTTCCACCGCCTCCTTGCGGGGTAGGCGCCCCGCGGCGGGGTCTTTAGAACACCTTTCCCCCCAGGGGCACCTCCCGGTCCGGGGCGAGGAGGACCACCCGCCCCGCCTCGTCGGGGACCCCGAGGACCAGGACCTCGGAGAGGAAGCCCGCCACCCGCTTGGCCCCAAGGTTCACGGCGCAGACCACGAGCCGGCCCACCAGGTCCTCGGGGCGGTAGAGGTCCGTGATCTGGGCCGAGCTCTGCTTCACCCCGAGGGGCCCGAGGTCCACCCAGAGCTTGTAGCTGGGCTTGCGCGCCTTCTCGTGGGGCTCCGCCCGGAGGACCCGCCCCACCCGCAGATCAAGGATCTGGAAAGCTTCCAGAGGGGTCATGTCCGCTTTCCCCGCCGCCTTCGGGAGCCCCCGGGGCCCTTCAGAAGCGGCGGTCCACCAGGAGTCCCCCTTCCAGGGTTTCCACCAGCTCCACCTCGTCCACCTTGAGCCCCGTGGCCTTCTGGATGGCCTCAAAGAGGCCGGGGGGGACCTTTTCCGCCTTGAGGCGGAGGACGAGCTTGTCGGTGCCTTCCAGCTTCCTCTCCACCACCACCTGGAAGCCCTTGGGGTCCAGGCCGAACCCCGCCAGGACGGGGGCGAGCTCCGTGGGGTAGAGCTTGACCCCCTTCACCTTCACCATCTGGTCCGTGCGGCCGAAGACCCCGCGGGGAAGCACCGTGAGGCCCTCCCGCCTTTCCGCCACCGCCAGGTCCCCGGTGCGGAAGCGCACCATGGGCATGAGGGTGCGGCTTAAGGCGGTGACCACGAGCTCCCCCTTTTCCCCGTCCGCCACGGGCCTTAAGGTCTCGGGGTCCAGGACCTCGAGGACGGCCATCTCCGGGATCTCCCAGAGCCCGTCCTTTTCGGGCCGCTCCCCGGCCACGATGCCGAGTTCGCTGGTGCCGTAGGCGTCCAGGGCCACGCCCCCCAGGGCCTCCTCCACCCGCTCCCTGAAGCCCGGCACGGAGGTGAAGGGCTCCCCCCCGGCAAGGAGCAAGGGGAAGCGCCCTCCCGCCTGGGCCACCTTCAGGGCGAAGGAGGGGTTGGTGACGAGGACGTCAAAGCCGTAGCGCTCCCCGAGCTCCGCCACCCGCTTCGCCTCCCCGGGCCCGTGGGGAAGGACCAGGTTCCCCGCCCGCCAAAGGGCCTGGTGGAAGAGCCACCCCCCCGCGAAGACGTGGTAGCTGAAGGCCACAAGCACCTTCTTGCCCACGAGGCCGAGCCTTCTGTAGTGCGCCGCCAGGGCCTCGGCCTGGTAGTGGAGGTCCTCCTGGGAGAGGTACTCGGGCATCCAGCCCAGGACGGGGCTTGGGGTGAGGTGCATGAGGCTCGCCCCTTCCGGGGGCTTGGGGTTTTCCCCGAGGTAGGCGAGCCACTCCTCCCGGGTGGTGGGGGGGAGGGAGGAGAGGTCCTTTAGGGTGAGCTTCTCCGGGTCCACGTCGCGGAGCTTCTCCCGGTAGACGGGGTGGGCCTTCGCCTTGGCCACCACTTCTCTGAACCTCGCAAGCCGGTCCACATCCACCTCCTTCGGCTTGGGTGGGATTATACCCTTCGGGCGGGGGCTTGGCGTTAGAGGGGCACCACCCGCTTCAGGACCTCCTCCAGGGGCGCGGTGAAGACCCCGATGGCGTAGTCCCCCACGCCCCCCACGAAGACGAGCTCCTCCCCGTGGAGGAGGAGGCCGTTGCCGTAGAGGGTGAGGGGGCGGTCCCCGTAGCACTCCGCTAGGCCCTGGGGGGCGAGGAGGTAGTGGGAAAGCCCCAAAGGCCGCCCTTCCGGGCTTAGGCGCATGAAGCCGTGGCGGTAGGAAAGGTCGTGGCGGAGGATCCCGTGGTAGGCCACGAGGTAGGTGCCGTCGGGGAGCCTCAGGGCGTTGGTGGACCAGCCCACCTTGTACTCAAAGGCCTCCGGAGCGAGGACGGGCCGGAGGTCGTAGGCCTTGAGGGTCTTGGGATCCAGCCTGCCCCGCCAGCAGAGGTCGGGAAGGCCCGAGAGGCTGGGCCTGAGGAGGACGTGGTCCCCCTCGAGGAAGGTGGCGTTCTTGGTGGGGAGGTAGAGGGCAAGCCCCGTCTCCTCCCCGGAGAGGCCGATGCGGATGGGGGCCTTCCGCTTGAGCTGGAAGGCCTCGTCAAACTCCGCCAGGGAGAGGATGGCGGTGAAGACCTCCTTGCTGTCGGTGTTGCGGGCGTCCC
NZ_CP144687.1_gap6	149890	150771	881	GCCTTCCAGGGCCTTCATGGCCTGGGGGATCTCCAAAAGCTGGAGGATCACCGGCTGGTCCTTGCCCAGCATCTCCCCCGCGGCGATGCGGAAGAGGAGGCTGTAGCCGATCTGTCCCGCGGCTCCGGTAACCGCCACGCGTACGGGTGCCTTCACCGTCCACCTCCTTTTTAGCCCAGGGCCTTCTTGACCAGCTCCACGATCTCGTCAATGGTGTCGGCCACGGGGATGCCCGCCTCGGCGAAGGCCCGGAGCTTGGACTCCGGGGTGCCCACGTTGCCCATGATGATGGCCCCGGCGTGGCCCATGCGCTTGCCCTTGGGGGCGGAGCGGCCCCCGATGAAGCCCACCACCGGCTTCTTCATGTGGTCCTTCACCCAAGCCGCCGCCTCCTCCTCGTCGGAGCCGCCGATCTCCCCGATGAGGACCACGGCCTCCGTCTCCGGGTCCTCGTTGAAGAGGGGGAGGAGGTCCTTGAAGGTGGTGCCGATGACGGGGTCGCCCCCGATCCCCACCGTGGTGGTGGTGCCGAGCCCCGCCTGGGAAAGGGCGGCTGCGGCCTCGTAGGTGAGGGTGCCGGAGCGGCTGATGATCCCCACCCGGCCCCGCTTGAAGACGTGGCCGGGCATGATCCCGATCTTGGTCTCCTCGGCGCTGATGATCCCGGGGCAGTTCCCCCCGATGAGGCGGCTTCCCAGGGCCTTGATCTCCTCCACCGCCCGCACCATGTCCAGGGTGGGGATGCCCTCGGTGATGAGGACGATGAGGGGGATCCCGGCGTGGGCCGCTTCCAGGGCGGCGTCCGCCGCGGCCGGGGCGGGCACGAAGATGATGGAGGCGTCCACCTCGTGGTGGGCCACCGCCTCCTTCACCGTGTCGTA
NZ_CP144687.1_gap7	156332	159272	2940	TCCTGAGCTCCTCCTCCAGGCGCATGAGTTTCTCGTCGTCCTTGTCGTCCACGTAGACCCCGCCCCAGGAGTCCACCACCGCTTCCACGTCCTCCCGGGTGACGATGGGGGTGCCGTCCTCTTCCTCCGCCACGGGGAGGCCCAAGGAGGCGTTGAGGCGCACCCTCGAGGCCGCCTCGTCAATGAGGTCAATGGCCTTGTCGGGGAAGTTGCGCCCGGGAAGCGAGCGGATCCCGATCTTCACCGCAAGCTCCAGGATCTCGTCGGGGATGATCACCCCGTGGTGGGCCTCGTAGCGGGGGCGGAGGCCCTTGAGGATCTCCAGGGTTTCCTCGGGGGAGGGCTCGAGGACGATCACCGGCTGGAAGCGCCGCTCCAGGGCCGCGTCCTTCTCTATGTAGCGGTGGTACTCCCCGGTGGTGGTGGCCCCGATCACCTGGATCTCCCCGCGGGCCAGGGCGGGCTTGAGGATGTTGGCGGCGTCCAGGGTGCCCTCGGCCCCGCCCGCCCCGATCAGGGTGTGAAGCTCGTCAATGAAGGCGATGACCTTGGCGTTCTTGAGCTCCTCAATGATCTGCCGCAGGCGCTCCTCAAACTCGCCCCGGTACTTGGTCCCCGCCACCACTCCGGCGAGGTCAATGGCCACCACCCGGGCCCCCTTGAGGATGGGGGGGACCCGGCCCTCCACGATGGCCTGGGCCAGGCCCTCCACGATGGCCGTCTTGCCCACCCCGGGGTCGCCGATGAGCACGGGGTTGTTCTTGGTGCGCCGGGCGAGGATCTGGATCACCCGGTTGATCTCCTCCTGGCGGCCGATCACCGGGTCCAGCTTCCCTTCCCGGGCCTCCTTGGTGAGGTCGCGGCCGTACTCGTCCAGGAAGGGGGTGTTCACGGGCTTTTCCCGCTCGCGGCCCTCGGCCATGGCCAGGACCCTCCAGCGGATGGCGTCCACGTCCTTGGCGAAGTGGCTGAGGATGCGGTAGGCGATCCCGTCCCCCTCCCGGATGATGCCGAGGAGGATGTGCTCCGTGCCGATGACGGGGGAGCCCATGTTGCGGGCCTCGGCGCTGGCGAGCTCCATGACCCGCCTCGCCCTCGGGGTGATGGCGGGGGGCTCCCCGGTGCGCCCGCCCTCCCCCCGGCCCACCAGCTCCTCCACCATGCGGCGCATGGCCTCGAGGCTCGCGCCGTACTCCTGGAGGATGCGGGCCGCCGTACCCCCCTCGCGCATCAGGCCCAGGAGGAGGTGCTCCGGGCCGATCATGGAGTGGCCTAAGCGGCTCCCCTCCTCTCTTGCGTAGTGAAAGACCAGCCTGGCGCGGTCGTCGTATCGGTTCATGCTCCCCTCTACCTCACATTCTAGCCTAGGGGGAGGGCGGCTTGGCGTTTGCGCCCCGGCTCACCTTAGGGGGGGCTTTGGGTAAGATGCCTGGTAATCGGGGCTTGGCCCCGGTGGGGAGGATTGGGATGCCTGCGAGCAGCCTGGACGAACTGGTGGCGCTGTGCAAGCGGCGCGGCTTCATCTTCCAAAGCTCCGAGATCTACGGGGGGCTTCAGGGCGTCTACGACTACGGGCCCTTGGGCGTGGAGCTTAAGAACAACCTCAAGCAGGCCTGGTGGCGACGCAACGTCTACGAGCGGGACGACATGGAGGGCCTGGACGCCAGCGTCCTCACCCACCGCCTCGTCCTCCACTACTCCGGGCACGAGGCCACCTTCGCCGACCCCATGGTGGACAACCGCATCACCAAGAAGCGCTACCGCCTGGACCACCTCCTCAAGGAGCAGCCGGAGGAGGTCCTCAAGAGGCTTTACCGGGCCATGGAGGTGGAGGAGGGGAACCTCCACGCCCTGGTCCAGGCGATGATGCAGGCCCCCGAGAGGGCCGGGGGAGCGATGACGGCGGCCGGGGTCTTGGACCCCGCAAGCGGGGAGCCCGGGGACTGGACCCCGCCCCGCTACTTCAACATGATGTTCAAGACCTACGTGGGCCCCGTGGAGGACGAGGCCGCCTTGGCCTACCTGCGCCCCGAGACCGCCCAGGGCATCTTCGTCAACTTCAAGAACGTCTTGGACGCCACGAGCCGCAAGCTCCCCTTCGGCATCGCCCAGATCGGCAAGGCCTTCCGCAACGAGATCACCCCCAGGAACTTCATCTTCCGGGTGCGGGAGTTTGAGCAGATGGAGATCGAGTACTTCGTCCGCCCGGGGGAGGACGAGTACTGGCACCGCTACTGGGTGGAGGAGCGCCTCAAGTGGTGGCAGGAGATGGGCCTAAGCCGGGAGAACCTCGTCCCCTACGAGCAACCCCCGGAGGAGCTCGCCCACTACGCCAAGGCCACCGTGGACATCCTCTACCGCTTCCCCCACGGCCTGGAAGAGCTCGAGGGCATCGCCAACCGCACGGACTTTGACCTGGGGAGCCACACCAAGGACCAGGAGGCCCTGGGGATCACCGCCCGGGTCCTCAGGAACGAGCACTCCACCCAGCGCCTCGCCTACCGCGACCCCGAGACGGGGAAGTGGTTCGTCCCCTACGTGATTGAACCTTCCGCCGGGGTGGACCGGGGGGTCTTGGCCCTCCTCGCCGAGGCCTTCACCCGGGAGGAGCTTCCGAACGGGGAAGAGCGCATCGTCCTCAAGCTCAAGCCCCAGCTCGCCCCCATCAAGGTGGCGGTGATCCCCCTGGTGAAGAACCGCCCGGAGATCACCGAGTACGCCAAGCGCCTCAAGGCCAGGCTCCTCGCCTTGGGCCTGGGGCGGGTGCTCTACGAGGACACCGGCAACATCGGCAAGGCCTACCGCCGCCACGACGAGGTGGGCACCCCCTTCGCCGTCACCGTGGACTACGACACCATCGGCCAGAGCAAGGACGGGACCACCAGGCTCAAGGACACGGTCACGGTGCGGGACCGGGACACCATGGAGCAGATAAGGCTC
NZ_CP144687.1_gap8	326732	328652	1920	GCTCCCTTCCTTGAGAAGCCCCTTCTCCCGGGCGAGCCTCAGGGAGAGGAGGGGGTCCAGCTGCCCCAGGTGGCCGAAGCGCTCCAGGTAGATGGACCGCTCCTCGGAGAGGCCGAGCCCCGCGAGCACCGCCCGGTGGGCGGAGCGCTTCATGTGGAGGAGGGCGAGGTAGTCCAGGTCGGCCTCCGTGTACCCCGCTTCCTCCAGGGCCTCCCGGATCACCGCGAGGAAGCTCGGGATGGAGGTGGCGTCTAGCCTCCGCTTCATCCCCTCGGGGTCCTCCACCCTCAGGCGGTACTGGGAGAGGTTCTCCGGGGTGAGGGGGGCCCGGGTCCCCCCCACGGGGACCTTGACGGAGAGGGCCAGCTCGGGGTCCATGCGGTGGGCGAGGCCGAGAAGCCTTAGGCCCGGCCCTTCCCGGGTGAGGACCGCCGCCGCCCCTCCCGCCGCCAGGTCGTAGAGGAAGCGGGTGTGGGGGTCTTGGTAGTCCACGAGGTCGCCGTTGCGGTAGCCTCCCGCCACCAGGACCACCCCCACCTCCTTCCGGGTGGCGAAGAGGCCCCGGGCCACCTCCAGGGCCCCCATGAGGGAGGCGCACTTCTGGTTCAGGTCCAGCCCCTTGGCCCGGGAGGCCCCCACCTTTAGGGCCAGGTAGGGGGCCGTGGCCCAGACGGGGTAGTCCTTGTGCTCCTCCACGATGGAGACCACCCAGTCCACCGCCTCCCCCGGTAGCCCCGCCTTCGCCAGGGCCTCCTTCGCGGCCCAGGCGGCCATCTCCGCCGGGTGGTCTTCGGGGCCGGGGATGGGCTTTTCCAGGAGGCCGAGCTTTTCCCGCACCACCTCCGGCGGCAGGCCCGAGCGCCGGGCGATCTCCTGGGCGTCCATGCGCCCTTTGGGCAGGTAGACCCCAAGGCTTCTCAGGTACATCCGCCCTCAGGGTAGGGGAAGGGCGTTACACGCCCGTTACACGGAAGGGGGTCCGGGCCCTGGGGGATAATGAGGGGGATGCCCTACCCCGTTCCCCCGTCCCGGCTCTACCCGCCCCGCACCGCCCGGGAGGTCTTTCGCGTCCGCCCCTTGCGCCTTTTGGAGGAGGCCTTCCGCAAAAGCCCCGGGGTGGTCCTGGCCGCGGGGGCGGGATACGGCAAGACGAGCCTCGCCGCGGAGCTTCCCGCCGTCTACGTCTCCCTCGCCGAGGAGGCCAAGGACCCGGCGGTCTTCCTCTGGCACCTCCTCGCCGCCTACGAGAATCGGGCGGAGCTCGCTCCGGTGGGGGCCCTTCTGGAGGCCGGGGCCTGGCCCAAGGCCCTGGAGGCCCTCCTCGAGGCCCTCGCCCCCCTGGGGGCCCACTACCTGGTCCTGGACGAGGCCCACCGGGCGGAAAGCCCGGGGGTGGTCCGGGTCCTCCAGGGCCTCCTCCGCCTCCCGGGCCTCCGCCTCCTCGTCCTCTCCCGGAAGGCGGCCCCCTTCGCCTTCCTCACCGTGCTTTCCGAGCGGGAGCTCGCCTTTGACCCCGAGGAGGCCTGCCAGCTGGCCAAGGCCCTGGCTCCGGAGCTCCCCGCCTTTGAGGTGGAAAGGGCGCTAAGCCTCGTCCGGGGCTGGCCCTTGGGGCTGAGGCTCGTCCTCCTCGCCATGCGCAAGGGCCTGAGGCCCGAGCTCGCCCTGGAGAGCGCCGAGGGGCTTCTCGCCTACCTGGGGCAGGCCCTGCCCAAGGAGGTCCTGGACCGGGCCTCCCGGCTCGCCCTCCTCGGGGAGGTGGACGAGGAGGAAGGGGCCTTCCTCCTCCCTTACGCCGAGGACCTGCTTCTGGAAAGGCGGGAGGGGCGCATCTGCTTCCACCCCCTGGTGCGGAGCGCCCTCAAGGCCCTCCTTCCCGAAGGGGAGGCCCGGGGCCTCCTCGCCCGGGCGGCGGAGGCGGCC
NZ_CP144687.1_gap9	357812	360740	2928	TTTGGTCCTCGTGGCGGCGGCGGGCAACTACGGGACAGACGGCGTCCTCTATCCTGCCTCCTCCCCGGCGGTCATCGCCGTGGGCTCGGTGGATAACGATAAAACCAAGTCCTCTTTCTCCAACTGCGGTCCCGAACTGGATTTGGTGGCTCCAGGAAAAGGGGTGACCGTTTTGTTCCCAAACGATCGGTATGGCATCGCTAGCGGTACCTCCTTTGCGAGTCCCATGGTCGCCGGGGTTGTGGCCTTGTACATGAGCCATTACAAGGCGGTGAGGAACGCTTGGCCGTCGCCCGACCAGGTGTACGCCTGCCTCACTGGCACCGCAGAGGATTTAGGGCCCAGAGGCCACGATACCGGTTACGGCTTCGGCCTCCTCCGGGCCGACCGGGCGATGACGGACACCACCTACTGCTTCCCCTAATCCGCCTCACCCAAAGGGGGCTACACTAGGGCTTCGTGCGGCGGTTGGCCCTCCTTTTCCCGGTCCTCGCCCTCCTCGTGGGGGTTTGGGCCTTTCCCCTTTTGGGCCCCCTCTTCCGGCACGGGGCGGTCCCTAACCCCTTCGCCCTGAAGGAGCCCTTCACCCTTTTGGTCTACGGCTCGAGCCCCGAGTACGTGGAGTACCACAAGAGGGCCCCGGAGCGCTTCCGGGGCCTCGCCGACACCATCCTCCTCGTGCGCCTGGACCCCGGGGCGAACCGGGTGGTGGTCCTCTCCGTGCCCCGGGACGTATGGGTCCTGCTTCCCGGCCACGGCTGGCACAAGGTGAACGCCGCAAGCCCCTTGGGGGGGCCGGAGCTCATGAAGGAGGCCGTGGCCCGGATCACGGGGGTGCGCCCCGACCGCTACGTGGTGGTGAGCCTCGAGGCCCTCCGCCGGGGCGTGGACGCCCTAGGGGGGGTGCGGGTCTGCGTGGAGAAGCCCATGCGCTACCAGGACCAGGCGGCGGGGCTTGTTATAGACCTGGAGCCCGGTTGCCAGGTGCTTAGCGGCGCGCAGGCGGAGGGCTACCTCCGCTTCCGCAAGGACGCCCTGGGGGACATCGGCCGCATCCAGCGCCAGCAGGCCTTCTTCCACGCCCTGAAGGACCAGCTGTTCTCCCTGCCGGGCCTCCTCCGCCTCCCCCGGGCGGTGGCGGCGGTGGAGCCCTACGTGGCCACCGACCTCACCCGGGGGGAGAAGGGGGCCTTGCTCGGCTTCCTCCTCCGCAGGCCCGCCTTCGTGAGCCTCCTCCTTCCCGGGCGGTTCGCCGGGGGCTGGGCGGTGGACGAGGCGGCCTGGGCCCGGCTTCGGGCGGTCTACTTTGAGGACCGGGAGGCCTGGGGCGAGGCCTTGGCGGGGAAGCGGGCCGTGGTTCTCTTCGGGCCCGGCCAGGGGGCCCTGGCCCAGGAGGCGGCGGAGCGGCTTAAGGCCTTGGGCCTCTCGGTGAGCCTGCGGGAGCTCGCCCTGGCCCCCGAGCGCACGGAGGTGCTGGAAAACGGCCCGGGCCGCCTCGCCCAGGCCTTGGGCGAGGCCCTCGGCGTCCCCTACCGCGTCTCCGGGGAGGCGGCCTTGGGGGCGGACCTCACCCTGCGCCTGGGCAGGGAGGGGCTTCCCCGCTGAGGCCACCCCAATGCTGGCCCAAGCCAGCATGGGGGCCCCGGCAAAAGGTCCCTAGGGGGCTTCCTTGGGGCATTCGGGCGAAGGATGAGCCCTCCACCGCTGGAAAAGGGCCTCCCCACGGCCTCGGTTCGGGCGTCCCGTGTTGCGCAACCCCCGCGCGGCTCCTTAGGATGGAAAGGGCCCGCCGGGGTGGCGGAACGGTAGACGCTGCGGACTTAAAATCCGCTGGGGGGTAGCCCCCGTACGGGTTCGAGTCCCGTCCCCGGCACCAAAACGCCCCGGGCTTTAGGCCCGGGGCGTTTTCCCTCGCGTGGGTTTACTCCGTGGCCTTGGCCTCCTTCAGCATGTTGAGGAGCACGGTCTGGAGGATGCCCCCGTTCTTGTAGTAGTCCACCTCCACGGGGGTGTCCAGGCGGGCGATGGCCTGGAAGCGGACCTCGCTCCCGTCCTCCCGCCTCGCCACGATGTCCACGAGCTTCCTGGGCTTCAGGTCCTCGAGGCCCAGGATGTCGTAGACCTCGTACCCCGTGAGGCCCAGGGTCTCCCGGTTCTCTCCCGGCAGGAACTCCAGGGGCAGGACGCCCATGCCCACGAGGTTGGAGCGGTGGATCCTTTCAAAGCTTTCCGCGAGCACCGCCTTGATGCCGAGGAGGTAGGTGCCCTTGGCGGCCCAGTCGCGGCTAGAGCCGGTCCCGTACTCCTTCCCGGCGATGACGAGGAGGGGCGTGCCCTCGGCCTTGTAGCGCATGGCGACGTTGTAGACGAAGTCCACGTCCCCCTCGGGCAGCTTCTTGGCGTAACCGCCCTCAATCCCGTCCAGCATGAGGTTCTTGATGCGGATGTTGGCGAAGGTGCCCCGCATCATCACCTCGTGGTTGCCGCGCCGGGAGCCGTAGGAGTTGAAGTCCTCCGGCTTCACCCCCTTGCTGATCAGGTACTGGCCGGCGGGGCTCTTCACGGGGATGGCCCCCGCGGGGGAGATGTGGTCCGTGGTCACGGAGTCGCCGAGGACGAGGAGGACCCTCGCCCCCCGGATGTCCTCCACCTTCCGCTCGCCCAGGTCCTCAAAGAAGGGCGGGTTCTGGATGTAGGTGCTCTCCGGGTCCCACTGGTAGAGCTCCCCGGTGGGGGCGGGGAGGGCCTGCCAGCGCTCGTCCCCTTCAAAGACCTTGCTGTACTCCTTCTTGAAGAGCTCGGGGTCCAGGGTCTTCCGGATGGCCTCCCGGATCTCCTCCATGGAGGGCCAGATGTCCTTGAGGTAGATGGGCTTGCCGTTGGGGTCAAAGCCCAAGGGCTCCGTGGTGAAGTCAATGTCCATCCGGC
NZ_CP144687.1_gap10	368577	369299	722	TCCGCCACGGGCTCGGGCTCCCAGGGGCCCACGAGGTTGGCGAGCTGCGCCTGGGCGCTCTCCAGGGCCCTTTGGGCCTGGTCCAGGTTCTTCCGGGCCTCTTGGGCCCGGTTCTGGGCCTCGAGGAGGTCCAGGCTGGTGGCCCCGCCGCCCTTCACCCGGACCTCCGTGGCCTTGAGGGAGAGTTCCGCCACCTCCAGGGCCTTCTCCAGGACCCGGACCTGGAGCCTCGCCTCCACGACCTGGGTGTAGGCGGCGACGATCTCGTTTTCCGCCTGGGCCAGGGCGCGGCGGAGCCTGGCCTCGGCGAGCTCCAGGGCCTGGCGGGCCTGGAGCTCGTCCAAGGCGGTGCGCAAGGGGTCCTTCAGGGTGCGGTCCAGGTCCCGGGCCTTGGCCTGGACCTCGAGCCGGGCGTTCACCACGGCGGGCGCTTCCTGGGCCTTCTTGAGGGCCTCCGGCAGGGGCTGGGCGAGCCCCAGGGCCGTGAGGCCAAGGGCGAGGGCGAAGAGGGGCTTCTTCACGGGTTCACCTCCAAAAGCTCTCCGTAAAACTGGTAAAGCTCCATAAGCCGGTTCCTGAGGTCGTTTTCCGCCTGGAGGAGGCCGAGCTCCGCCTGGAGCAGGTTGAGCTCGGCCTGCAGGACCCCGAGGGGGCTTTCCAGCCCCAGGGCGAGGCGCTTTTCTGCCTCCTCCAGGGCCTTCTCCGCGGAGGCCTTGCGGCTT
NZ_CP144687.1_gap11	377907	382794	4887	TTGGCGAGGACGTCCTTCCTCAGGGCCTTCACCGTGGCCCGGGCGATGATCTTCCCCCCGATGGCCGCCTGGATGGGCACCTCAAAGAGCTGCCTGGGGATGACCTCGGCGAGCTTGTCCACGATGGCCCGGGCCATGGTGTAGGCCTTCTCCCGGTGGGCGATGAAGGTGAGGGCGTCCACCACCTCCCCGTGCACCAGGACGTTCACCTTCACCAGGTCCCCGGGCCGGTAGCCGATCTGCTCGTAGTCCATGGAGGCGTACCCGCGGGAGACGCTTTTCAGCCGGTCGTGGAAGTCGTAGAGGATCTCGGCGAAGGGGGCCTCGTAGACGAGCTCCACCCGCTTCTGGGCCCCGGGGAGGTAGTTCATGTTGACGAGGCGGCCCCGCTTCTCCTGGAGGAGCTGCATGAGGCTTCCCACGTACTCCTCGGGGGTGAAGATGGTGAGCTTCACGTAGGGCTCGAGGATCTCCTCAATCCGCGTGGGGTCGGGGAGGTCGGCGGGGTTGTGGACCTCCACCTCCTCCCCGCTTTTGAGCCGCACCTTGTAGACCACGCTCGGGGCGGTGGCGATGAGGGAAAGGCCGAACTCCCGCTCCAGCCTCTCCTGTACGATCTCGGCGTGGAGAAGCCCGAGGAAGCCGCAGCGGAAGCCGAAGCCCAAGGCGGTGGAGGACTCGGGCTCAAAGGTGAGGGCGGCGTCGTTGAGCTTCAGCTTCTCCAGGGCGTCCCGGAGCTTCCCGTATTCCCCGGAGTCCACGGGGTAAAGCCCGGCGAAGACCACGGGCTTGGCCGGGCGGAAGCCAGGGTAGGGGGAGGGGGTGGGGCGGTCCGCCAGGGTGAGGGTGTCCCCCACCTGGACGTCGTGGATGTCGCGGATGGCGGCCACGAGCCACCCCACCTCCCCGGCCTCGAGCGCTTCCGTGGCCACCAGGCCCTGGGGGGTGAAGACCCCCACCTTGTCCACGGTGAACTCCTTCCCCGTGGAGTAGATGCGGATCCGGTCCCCCGGCCGCACCCTCCCCTCAAAGAGGCGGAGGTAGGGGATCACCCCCTGGTAGGCGTCGTAGACGGAGTCAAAGATGAGGGCCTTCAGGGGGGCCTCGGGGTCCCCTTTGGGGGGCGGGATGCGCTGGACGATGGCCTCGAGGATCTCCTCCACGCCCTCCCCCGTCTTCCCCGAGGCGAAGATGGCCTCGTCGGCGGGAAGGCCCAGGACCTCCTCCACCTCGAGGGCCACCTCCAGGGGGCGGGCGTTGGGGAGGTCGATTTTGTTGATCACCGGGATAATCACGTGCCCGTGCTCCAAGGCCATGTAGAACTTGGCCAGGGTCTCCGCCTCCACCCCCTGGCTCGCGTCCACCACGAGGAGCACCCCCTCCACCGCCGCCAGGGCCCGGGAGACCTCGTAGGTGAAGTCCACGTGCCCCGGGGTGTCAATGAGGTGGAAGACGTACTCCTCCCCGTCTTTAGCCCGGTACCTCACCCGCACCGCGCTGGCCTTGATGGTGATGCCCCGCTCCCTCTCCAGCTCCAGGGAGTCCAAAAACTGCTCCCGCATCTCCCGGTCGCTCACCGCGTGGGTGAGCTCCAGGATGCGGTCGGCCAGGGTGGACTTGCCGTGGTCCACGTGGGCGATGATGGAGAAGTTGCGGATGCGGCTTAGGTCCATCCTCACCATCCTCCGGGCTCCCTCGGGCAAAGTCAAGGGTACCTCGGGGTTGCGCGGGAGGGGGGGTTGCCCTAGCCTGGAAGGCGAGGCCCGCTAGGGCCGAAAAGCCAGGTCCCGTAGCCCTGGTGCCTGGGCGCGTAGTCCAGGCTTAAAGTGGGGAAGTCCGGTGCAAGTCCGGCGCTGTCCCGCAACGGTAACCGGTCACGCGTCAGGCCCTTCGTCGCAGGCCGGAAGCCCGAATACCTGCCAGGGCCGTCCGCCCTTCCCCGGGGCGGGCACCTCACGCGGATGGGGGAGAAGTGGGGGATAAATGGCCTTTGCCTTTAGCCCCTGCCTCCCGGCAGGGGTTTTTCCCTACCTCCCCCGGGCCTGGCCCTAGCGGCCTTAGGGAGGTAGGCATGAAAAGACTCCTGGCGGCCCTCTCGGTTCTTCTGGCCTTGGCCTTCGCCTTTCCCCTCACCCTGCAGGACGACCTGGGGCGCACGGTCACCCTCAAGGCCCCGCCCAAGCGCATCGTCACCATGCTGCCCTCGGTCACGGAGACGGTCTGCGCCCTCGGGGCCTGCGACCGGATCGTGGCCACGGACGACTACTCCGACTGGCCGGAAAGCGTGAAGAGGCTTCCCAAGGCGGGCGGGCTCTACAACCCCAACCCCGAGCTCATCGTCTCCCTCAAGCCCGACCTGGTGCTGGTGTCCAAGTACGGGAGGCTCTACGAGACCCTGGAGCGGGCCGGGCTCACGGTGTACGCGGTCAGGACCGAGACCTATGAGGACATCTTCAAGACGGTGCGCACCCTGGGGAGGCTCTTGGGCCTGCCTGCGGAAGCCGAACGGCTCGTGGCCCAGATCCAGAAGGAGGTCTACCAGGAGGAGGCCCGGGCGGCCAAGGCCAGGTCCCGCCCCCGGGTCTACTACGAGATTGACCCCACCCCCTACACCGTGGGCCCCGAGAGCTTCATCGGCGTCCTCATAAGTAAGGCCCGGGGGGTGAACATCGTGCCCAAGGAGCTCGGCCTCTTCCCCAAGATCAGCCCCGAGTTCGTGGTGGAGAAGGACCCCGAGGTCATCGTGGCCACCTACCCGAACGCCCTGGAGACCATCCGCTCCCGCCCCGGCTGGAGCCGCATCCAGGCGGTGCGCACGGGCCGGATCTGCGTCTACACCGGGGGTGAGGCCAGCCTCCTCTCCCGTCCCGGCCCCCGGGTGGCCCAGGCCCTGAGGCTCCTCGTGGACTGCTTCCACGGGCGATGACCCGCGCCCTGCCCCCCGCCCTCGCCCGGGGCCTCGTCTTCCTCTGGCTTGTGGCCCTCCTCCTTGGGGCCGTGGCCTTAGGGGTGGGGCTCGGCGCCGTGGCCGTGCCCCCGGAGGCGGTGGTCCGGGCCCTCCTGGGCCTGGAGGAGAACCCCATCGTCACCGAGCTTAGGCTCCCCCGGGTCCTGGCCGGGGTCCTGGTGGGGGCGGCCTTGGGGGTCTCGGGGGCCGCCTTCCAGGGGCTCTTCCGCAACCCCCTGGCCGACCCCTACCTCATGGGCTCCGCCTCGGGGGCGGCCTTCGCCGTGACCCTCTTCGCAAGCCTCTTAGGGGGGCTTTCCCCCGCCTTCTCCCAGCACGCCGTCTTCCAGCACCTCCCCCTCTCCGCCACCTTCTTCGGCTTCGTGGGGGCCCTCTCCGCCACCCTCCTCACCCTCGTCCTGGCGGGGGGGGTGGCCCGCACCGGGGAGCTCGTGCTGGCTGGGGTGGTGGTGGGGAGCGTCCTCACCGGGCTCACCACCTACCTGATGATGCAGGACGCCGACCGGGTGCGGGCGGTCTTCGCCTACACCCTGGGCAACCTGGCCTTCGCCGGGTGGGAGGGGGTGCGGGTCCTCGCCCTCTTCTTTGCCCTGGCCTTCCCCCCCCTCCTCTTCCTGGGCCGGGTGCTGAACGCCCTGGGGCTCGGGGAGGAGACGGCGAGAAGCCTGGGGCTTCCCCTCGAGGCCCTAAAGCTCCTCCTTTTGGGGGCGGCGAGCCTCCTCACCGCCTCCGCCGTGGCCCAGGCGGGGATCATCGGCTTCGTGGGCCTGGTGACCCCCCACCTCCTCCGCCGCCTCCTGGGGGAGGACTACCGCCTCCTCCTCCCGGCCAGCGCCTTGGGGGGCGGGGCGCTCCTCGCCCTGGCCGACCTCCTCGCCCGCACCCTGGCCCGGCCCGCCGAGCTTCCCGTGGGCGTGGTCACCACCCTCCTCGGGGGGCCCTTCTTCCTCTACCTCATGTGGAGGCGCCGTGGGCGGGCTTGAGGCCAGGGGGATCGTGGGGCCCTTCGCCCTGAAGGGCGTGGACCTCCTTTTGCGCCCCGGGGAGTGGCTCGCCCTCCTCGGGCCCAACGGCTCGGGGAAGACCACCCTCCTAAGGGTGATGGCGGGCCTCCTTAGGCCCAGGCGGGGGGAGGTGCTTTTGGGGGGAAGGCCCCTTAGGGCCTACGGCAGTTACGAGCGGGGCCGCCTCCTCGCCTACCTCCCCCAAAACGGCCCCTACCCCGAGGGGCTTTTGGTGGAGGAGGTGGTGCGCCTGGGGAGGCTTCCCCACCTCGGGCTTTGGCGCAGGGAGGGCAAGGAGGACGAGGAGGCGGTGGACTGGGCCCTCGAGGTCACCGGGGCCTCCGCTTTTCGGGGAAGGCTCCTCGGCACCCTCTCGGGCGGGGAGAGGCAGCGGGTCCTTCTGGCCCGGGCCCTGGCCGGAAGGCCTAGGTACCTCCTCCTGGACGAGCCCACCACCTTCTTGGACCTGGCGCACCAGGGGGTGGTGGTGGGGCTTTTGCGGCGGCTTGCCGGGATGGGCCTCGGGGTGCTTTCCGTCCTCCACGACCCCAACCAGGCGGCCCTCGCCCACCGGGTGGCGGTGCTGGAAGGGGGAAGGGTGGTGGCGGAGGGGAGGCCTGAAGCGGTCTTGCAGGAACCCCTCCTCGCCCGGCTCTACGGGGCGGGGGTCCGGGTCGTCCGCCTGGGGGGGAGGCCCCATGTCTACCTGGACCCGTAGGGCCAGGCTCTTCGTGAGGCGGCGGGCCTTCCTCCTGGACCTGGGGGAGGAGGTCCTCTTCTACACCGAGGGGGGGCCGCGGCGGGCCCGCTACCTCCTGGTGGGGCGGGTCTCCCCGCCCGAGTGGCTGAGGCTTGGCCTCCCCAGGGAGGCCGTCCTCCACTACCCCCTGGAGGTGGACCCCCTGGCCTTTGAGT
NZ_CP144687.1_gap12	449483	450320	837	CCGTCCCCCCGGCGTAGCTCTGGAAGGGGGCGAAGATGTGTTCCCTCAGGGCCTCGGGGACCCCGGGGCCGTCGTCCACCACGCGGAAGCGGGCCTCCCCCGCTTCCGCGCGAAGCTCCAGGACCACCCGGCTTCGGGCGTGGCGCAGGGCGTTGGCGAGGAGGTTGAGGAGGACCTGGAGGGCCCGGTCCCGGTGGGTCCGGACCCGGAGGGGCTGGAGCCGGGCCTCGAGGCGGAGGCCCCGCTCCCGGGCCAGGGGCTCCGAAAGGGCCAGGGCCTCCCGGGCCAGGGCCTCCAGGTCCACGGGGGCCGGGGGCTCCTCGGGGCGGGCCTCCAGGCGGGTGTAGGCCAGGATCTCCTCCACGAGCCGGGAGAGGCGGGCCGCCTCCTGGGCGAGGAGGGCGGTGAAGCGCCGCCTTTCCTCCTCCCCCACCTCCTCCTGGGCCAGGATCTCCGCCAGGGCCCTCACCGCGGTGAGGGGGGTCTTGAGCTCGTGGGAGACGGTGGCGAGGAACTCGTCCTTCAGGCGGTCCATCTCCTCAAGGCGCCGGTAGGCGGCCTCCAGTTCGCGCCGGGCGGCCTCCAGGGCCTGAGCATAGGCCCGCACCCGTTGCGACTCCCGGGCCGCCGCCTCCACCGCCTCCCTGGGGACCTCCCGGGTGGCGGAGAGGAGGAGGAGGCGGGCGGTGGCGGGCCCCAGGGCCCCGGCGAGGAGGGCCTCCGCCCGCTCGGCGAGGCGCTCCGCTTTATCTGGCCCCTTGAGGGTCCTCGCGTAGGCCTTTAGGCTTTCCCGGGCCTCGGGGCCCAGGAACTTCTCCAGGAGGTCGGCCAGGGCCT
NZ_CP144687.1_gap13	462231	465301	3070	GCTCGGGGGGGTCCAGGAGGTCGGGGGTGGGGAGGGCGAGCAGGCCCGGGGCGGGCGCGGGGGGCGGGGAGGGGGCAGGCGCAGGCGGGGGGGCGGGCCTTTCCGGCTCGGGGAAGACGAGGTCCAGGTCAAAGGCCTCGGGCTCGGGCTCCGGGGCCTGGGCGGGCGCGGGCGGGGGGCTTTGGGTGAGGAGGGCCCGGAGGCCTTCCTGCTGCCTTTGGGGGTTGGCCTCGAGGAAGGCGAGCCAGCGGGAGAGCTCGTCAAAGCGGGCCTCCAGGTCCTCCAGAAGCCCCGCCACCTCCTCCCAGCGGGCGCGCCGCTCCTCCCTTAGCCTCCGGGCGCGGAGCAGGCCGGAAAGGGTGGGGGAGAGGGCAGGGAGGGCGGAGAGGGCCGCGATCCGGGCGGCGAGGGCCGAGGCCTCGAGGAGGAGGGCCGCCCGGCGCTCCTCCAGGGCGTCCCGCAAGGGGCCTTCCCCGGGCACGGGGGCCTTCAGGGCCTGGAGGAGGGCCTGGACGCGGGGCTCCAGGGGCCTTTGGTCCTCCCGCATCCTCCTGGCGTACTCCTCCACCCGCTCCCGCACGAAGTCCCGGAGGGCCTCCTCCACCTTGGAAAGCTCCTCGGGGGCGAGGCTTTGCGCGAGGGCCTTCAGGGCGGTGTGTTCCGGGTAGAGGCGGGCGAGGAGGCCGAGCCGCCGCCTGAGGGCCAGGCGGCGGAGGCCCAGCCGGGCCCGGCGCACGAGCCCCACCCCGAGGACGAGCCCCCGGCGGAGGAGGTCCCAAGGGGGCCTTCCCCGCCAGAGGTCCACCAGGGCGAGGGCGGCGAGGAGGGGCAAGGCGAGGCCGGGCCAGCCGAGCCAGGCCTCCAGCCCGGCCCGCATCCCGGCCCCCAGGCGTCCCCCCAGCGCCTCCCCCAGGAGGGGAAGGAGGGCGAAGGCCACCAGGTAGGCGAAGAGGAGGTGGCGGAGGAACCCCTTGAGGGGGCGGCCCCGGTAGACGAGGTAGGCCAGGGCGAGGAGGCCCAGGGGGGTGAGGTAGGCGGGAAGCCCCAAGGCCCCGTAGAAGGCCTCCCGCAAGAAATCCCCCACGGCCCCCGTCCCCGGGAGGAAGCCCGAGGCCAGGAAGAGGGCGAAGGCGCCGAGGAGGAGGGCCCGGGTTTCCCCGCTCCGGTTGGGCTTGTTGCGCTTGGCCGCGCCTCGCTTGGCCATCAGAGGCATTATAGGGGGGCAGGCCGCCCCCCTATTGGGCCTTGGGCCGCTAGCGCTTGAGCTCCTGGATCACCGCCTGGGTCAGGTCCGTGTCCTCGTCGGCGTAGACCACGAGCCCCGACTGGGCCGCCACCTGGCGGCTCATCACCACGGAGAAGCCCTGGGCCTTGGCCACCTTGGCGATGGCCTTGTCCACGTCCTCGAGGATGGGCTTGAGCACCTGGTTCTGCCGGTCCTGCCACTTCTTGAGGGTGGCCTGGTAGGTCTTGGCCAAGGCCTCGTAGTCCTGGCGCTCCTTGGCCGTGGCCTGGCCCGCGCGCACCTTCTCGTCCAGGGGCTTGAGCTTCTCCTCCAGGGGGGCGAGCTCCTTGCGGGCCTGGGACTGGACCTCCTGGACCTTCTTGTAGTCGGGGTGGGCCTGGACCAGGGCGTCCGCGTCCACGAAGCCCACGCGGCTTGCCACCGTCTTGTTCTGGGCCAGCATCGGGGTGAGGAGGGCGCCGAGGGCGAGGAGGACGCCGATCAAGGGTAGCCTCTTCATGCCGCCAAGCTTAGCCTCTTTGGGTGAAGGGCTTGTGAGAGAAAGGTCTATGGCGGGCTTAGGCCAAACCCGTTAGGCTTGGCCTCGGAGGTTCGGTATGCGCAAGGCGTTTGGGCTTGTGGCGCTTTTGGGAACGCTTCTTTTCTCCATGGCCTTGGGGCAGCGGGCGGTGGGCTTCCGGCTCGTCCTTCCCCCTGGGGGGGCGGGGCTCGGCCTCGCCCTCGAGGCCCCCCTGGAGCGGAGCCTGGCCTTCCGGGCCTTCGGCGACCTCTTCCCCTCGGGGCCCAGCTTCCTTTTGGGCGGGGAGGTCCTCTTCAAGCCCGACCTCGGCCAGCTGGACCGGGACCTGCGGGGGATCCGGCCCTACTTCGGCGGGGGCCTCGGGGCGAGGATCGCGGACGCAAGCGCCGTGGGGGTGCACCTCTCCTTGGGGGCGGAGGTCCTCTTTGACCCCCGTACAGGCTTCTTCCTGGACGGGGAGTACTACTACCCCTTCGGCGGGGGTGGGTCCAGCCGGGTCGTCCTCGGCGTGAACCTGCGCTGAAGGAAGAAGGCGTGGCTTCCCGCCTCCACGGGGGCGGGACATTTTTCTCTAGATTTTGGGCCTAGACTGGCCCCTAGGAGGTGGCAGGATGCTGGTCAGGGACTGGATGACCAAGGACCCCGTGGTGGTGGCCCCGGACACCCCCGTCCTGGAGGCCATCCGCCTCCTCAAGGAGAAGGGCTTCCGGCGCCTTCCCGTGATGGAGGGGGGGAGGCTCGTGGGGCTCGTGACCGACAAGGACCTCAAGGACGCCATGCCCTCCAAGGCCACCACCCTCTCCGTCTGGGAGATGAACTACCTCCTCGCCAAGCTCACGGTGCGGGAGGTCATGGCCCGGCCCGTGGTCACCGTGGAGGCGGACGCGCCCTTGGAGAAGGCGGCCCTTCTCATGGAGGAGCGGAAGATCGGCGGCCTTCCCGTGATGGAGGGGGAGAGGCTCGTGGGGATCATCACGGTGACGGACGTGCTCCGGGCCTTCATTGAGGTCCTGGGCCTGAAGCTTGGGGGCCTCCGCATCGCCGTGGATATCCCCGACGTCCCCGGGGCCCTGGCCCAGATGGCCCAGGCCGTTCCCCCCGCCAACATCGTCTCCATCGCCACCGCGGCCCACCTCCCCGGCTACCAGCGCCTGGTGATGCGGGTGGTGGGGGAGGACGTGGAGGGGGTTCCCAAGAGGCTCGAGGCCGCCGGGGAGCGGGTGGTGGACGTGCGTCCGGGGTAAGGTTCGCTTAGCGCAGGGTGAGGCCGAAGCTTAGGGTGTAGCCCGTGGCCTCGTCGTGCT
NZ_CP144687.1_gap14	553455	557090	3635	GTCCACCACCGTGACCTCCACCCCCTCCCTTTGGGCCACCTCCGCCGCCTCCAGCATCACCTCCACCATGCCCCCGTAGCCGATCAAGGTGGCCGCCTTCCCCTCCCTAAGGACCCGGGCCTTCCCCAGGGGCAGGGTGTAGTACCCTTCCGGCACCTCCGCCCTCGCGCCCCGGTAGAGCTTGATGGCCTCGAGGAAGAACACGGGGTCCTCGTCCTCAATGGCGGAAAGGAGAAGCCCCTTGGCCCTTTCCGGGCTTGAGGGGATCACCACCTTGACCCCTGGGGTGTGGCAGAGGAGGGCCTCGGGGGAGTCGGCGTGCTGCTCCGGGGTGTGGACGCCCCCGCCGTAAGGGGCCCGCACCACCACGGGAAGCCCCACCCGTCCCCGGGAGCGGTGCCGCCAGCGGCCGAGGTGGGAGAGGATCTGGTCCAGGGCAGGATACAAAAACCCGGCAAACTGGATCTCGGCCACGGGCCGCATCCCCCCCATGGCGAGCCCGATGGCCATCCCCAGGATGGCGCTTTCCGCCAGGGGCGTGTCAAAGACCCGCTTCTCCCCGTACTTCGCCTGCAGGCCCTCCGTGACCCGGAAGACCCCCCCGAGCCGCCCCACGTCCTCCCCGAAGACCAAAACCCGCTCGTCCCGGGAAAGGGCCAGGTCCAGGGCCTCGTTGATGGCTTGGACCAAGTTGAGGACGCGCATCACTCCACCTCCTCCACGTGAAGGCCTCGCCTGAGGGCCTCCCAGGCCCGCCTCTGGTCGGGGCCCATCTCGGCGTAGACGTGCTCCACGATCTCCTCGGGCCTGGGCTCGGGGGCTTCGTCGGCCAGGGCGAGCTCCCTCTGGAACTCCTCCTCAAGCTCAAGAAGAAGCGCCTTCTCCGCCTCCTCGTCCCAAAGGCCCCGCCCCTCCAGGGCCTTCCGCAGGCGGAGGATCGGGTCCTTGGCCCGCCAGGCTTCCTCTTCCTCTTTGCTGCGGTAGCGGGAGGGGTCGTCGGAGGTGGTGTGGGGGGCGAGGCGGTAGGTGAGGGCCTCGAGGAGGGTGGGGCCTTCCCCCTTCCTGGCCCTTTCCACCGCCTTCTTGGCCTCGAGGTACACGGCGAAGGCGTCGTTCCCGTCCACCACCACCCCCGGCATCCCGTACCCCTCGGCCCGCCTCGCCACGTAGTCCACCTTCATCTGGCGGCTTTTGGGGACGCTGATGGCGTAGCCGTTGTTCTGCACCAGGAAGACCACGGGGGCGCCGAAGACCGCGGCGAAGTTCAGCCCCTCGTGGAAGTCCCCTTCGCTCGTCCCCCCGTCCCCGATGGAGGTGGCCACCACCCAGTCCTCCCCCCGGTACCGCCCGGCCAGGGCGAGGCCCACCGCTTGGGGGATCTGGGTGGCGATGGGGATGTAGGGGTTCACCGCCCTGACCCCCTCGGGGAAGCGCCAGCCCGCGGGGTGGGCCCGCCAGTAGAGGATGAGGGTGTGGATGGGAAGCCCCTTGGCGAGGAGCATGGCGCTTTCCCGGTAGGAGGGGACGACCCAGTCCCTCTCCTCCAGGGCCAGGGCCACCCCCACCTGGGCCGCCTCCTGGCCCATGAAGGGGGCGTAGACCCCAAGCCTCCCCTGGCGCTGGAGGGTGAGGGCCTTCTCGTCAAAAAACCGGGCCCGGCGCATGGCCCGGTAGAGCCTCAGGGCTTCTTCCTCCGCTAGGGGGAACTCCCCTTCATCCAGATACCGCACCACCTTCGGCTTCACGGGGGGAGTTTACCACACGCCCCAGGCGCTCCAGGGCGAGGTGAAGCTCCTCCTCAGTCTTGCAGAAGGCGAAGCGGAAGAGGTCCTTGGGAGGGTCTTCAAGGTAGAAGGCCGAGGCGGGGATGAGGGCCACCCGCGCCTCCTCCACGAGCCGGAAGGCGTCCCACCCGGGAAGCTCGGCCATGAGGAAGTAGGTGCCCTCGGGGACGTAGACCCTAAGCCCCATCGCCCTAAGCCCCCCGGCGAGGAGGTCCCGCCTCCTCCGGTAGCCTTCCCGCAGGGCCTCGTAGAACCCCTCTCTCCTCGCCAGCTTCAGGGCCTCCGCCACCCCGGCCTGGAGGGGCGTGGGGGCGGAGAAGCTCGTCCACTGGCGCATCCCCGCGAGGCGGGGCATGAACTCCTTGGGCCCCACGATCCAGCCCACCCGGTAGCCCGTGGCCTCGAGGCGCTTCCCTGCGCTCCCCACGGTGAAGGTGCGCTCCGGGGCGAACTCCCTAAGGCGCCTTGGCCTCTCCCCGTAGTAGAGCTCGTCGTAGACCTCGTCGGATATGAGGAAGAGGTCGTGCGCCCTTGCGAGGCGGGCGATGGACTCTAAGTGCCAACCCCTTATCATCTCAACATGGCGGCCCCACTTCGGATCCAGCTGACCCCTGAGGAGGACCGGCTCCTCCTGGAGCTCTCCCTGGACCCAAGGACCCACAAGAAGACCCGCCTGTGGGCCATGATGGTCCGCCTGGCGGCCGAGGGCTGGACCGCCCCAAAGATTGCCCAGCACTTCCACAAGGACCGCACCACGGTCTACCTCGTCCTCAGGCGCTTCGTGAGGGAGGGTCTCCAGGGCCTCGCCTACCGCAAACCCCCGGGAGCCCCCAGGAAGTTCACCCCCGAGATGGCCGCCTTCGTGGAGGAAAGGCTGGCCGAGGATAGGGTCTGGACCGCCCCGCAGCTTGCGGCAGCCCTAGCCGAGCGCTTCGGGGTCCGCCTGGCCCCCAAGGTGGTGGCCCGGCACCTGAGGGCCATGGGGTACGTGTGGCGACGGACGCGGTACGTGCCTCTGGGAAAGCCCACGGAGGAAGAGGTGAAGGCTTTCGCGGAGGAGGAAGGGGAAGCAAAAAGGGGGCGGAGGAGGGGGTGATGGAGGTAGGGTACCTGGATGAGAGCGGGTTTTCCCTGACCCTTCCCCCTACCTACGCCTGGGGTCGGAGGGGGGAGGCCAAGGGGGTGCCCCGGGCCTGGGGTTCCCGGGGGCGGGTGAACGTGGTGGGGCACTTGGTGCGGGGACGGGAGGGGGAGCGGCTTTTCTTTGCCCTTTTGGAGGGGCCGGTGCGGTGGGAGGTGGTGCGGGGGTATCTGGACCGGGTGGCCGAAGGTTTGGCCAAGCCCCTGAAGGTGTTCATGGACAACGCGCCCTTCCACCGGTCCCGGGAGGTGGAGGGGAGGAAGGAGGCGTGGCGGGAACGGGGGCTTATGGTGGCTTACCTGCCGCGGTACAGCCCGCATCTGAACCCCATGGAGAGCGTCTGGCGGCGGGTGAAGGGGTTTTTGATGCCGAGGCGGCACTACGGGAGCGTGGAGGAGCTTAAGGAGGCGGTGGCGCAGGCCCTGAAAGCCCTGGGGGGTGTGGAGTTGAAAATCTTGGGGGAGGGCACTTAGCTCCCTCTCCCCGAAGACGAGGCCCGTGGGGTTCATGGGGGTGTTGAGGAGGAGGGCCCGGGTCCTTGGGGTGAGGGCCTTCTCCAGGGCGGAAAGGTCCAGGCGGAAGCCCTCAGGGGTGAGGTCTAAGCGCACAAGCCTGGCCTTGGCCCCCGCCAGGAAGGCGTCCGGCAGGTAGACGTCAAAGAAAGGCTCCAGCACCACCACCTCGTCCCCCGGGCCCACGAGGCTTTGCAG
NZ_CP144687.1_gap15	567473	571589	4116	GTTGAGGAGGGTTCCGAGGAAGGCCTGGGCTCCGCCGATGCGTCCGCCCCGCTTCAGAAACTCCAGGGTGGCCACGCTGAAGCGGACGAAGTGGTCCCGGCGGAGGCGCTCAAGCTCGGCGAGGACCGCCTCCAGGCTTTGGCCTTCCTCCAGGAGCTCCTTGGCCCTGAGGACCATCATGCCCACGCCCAGGGAGGCGGCCTGGGTGTCCACCACCGTGACCCGCCCCGGGAACTCCTGGGCGGCCAGCTCCGCCGACTGCACCGTCCCCGAAAGCTTCCCGGAGATGTGGAGGGAGAGGACGTGGTCGGCCTCCTCCAGGGCCTCCCGGTAGACCCGGGCGAAGTCCTCGGGGGAGGGCTGGCTCGTGGTGGGGAAGGCCGCGCCCTCCCGGACCTTCTGGAAGATCTCGGTGGGGGTGATCTCCTCCCAGTCCCGGTAAATGGCCCCGCTCAGGTTCACGTAGAGGGGCACCACGCGGACGCCGAGGCGCCCCCTTAGGTCCTGGGGCAGGTCGGAGGTGGAGTCGGTTACAAGGGTAATGCGCATGGCCGCACCTTCGCGAGAGAGGATACCACGGGTGTAGTGTAGGGGGGAAGTTGCCCTGAGCCCCGCTTGGTGCTACTTTTGGCCCTATGTGGAGGGTCCTGGTCTCGGACGACATGCGCCTGGGGGAGGTGCGGTACCCGGGGGTGATCCTGGACTACCGCCCGGGGATCGGCCGGGAGGAGCTTTTGGAGATCATCCCCGCTTACGATGCCCTCATCACCCGAAGCCGCACCCGGGTGGACGCGGAGCTTCTCCAGAGGGGGAAGCGCCTTAAGGTGGTGGGCCGGGGCGGGGTTGGGGTGGACAACGTGGACCTCGAGGCGGCAAGCCGCCTCGGGATCCTGGTGGTGAACGTCCCCGAGGCCAACACCCGCTCCGCCGCCGAGCTCGCCTTCGGCCTCCTCCTCGCCGCCGCCCGGGGCATCGCCCTTTCCGACCGGAAGCTGCGCCAGGGGGAGTGGGACCGGAAGTTCCTGGGCCTGGAGCTCAAGGGAAAGACCCTGGGGATCGTGGGCCTGGGCCGCATCGGAAGCCAGGTGGCCCGCTTCGCCAAGGCCTTTGAGATGCGGGTTCTGGCCTACGACCCCTACATCCCCAAGGCCCGGGCGGAAAGCCTCGGGGTGGAGCTTTTGGAGAACCTCGAGGACCTCCTCCGGCAGAGCCACTTCCTCACCGTCCACACCCCCCTCACCGAGGAGACCCGGGGGATGATCGGCCGGAGGGAGCTCTACCTGCTTCCCCGGGGGGCGGTGGTGGTGAACGCCGCCCGGGGCGGGATCATAGACGAGAAGGCCCTCCTCGAGGTTCTGGAGGAGGGCCACCTCTTCGCCGCGGGCCTGGACGTCTTCGCCGAGGAGCCGCCTCCCAAGGACCACCCCCTCATCCACCACCCCAGGGTGGTCCACACCGCCCACCTGGGGGCGAACACCCTCGAGGCCCAGGAAAGGGTGGGGGAGGCCATCTTGGAAAGGGTGGTGCGCACCCTGGAGGGGGACCTCTCCTACGCCCTGAACACCGGGTTTGACCCCGAGGCCCTGGAGGCCTTGAAGGGCTTCCTCCCCCTGGGGGAGGCCTTGGGCAAGCTCCTCGCCCAGATCACCCGGGGCCGCCCCGAGGCCCTGGAGGTGCGTTTCCTGGGCCAGTTTGAAAAGGACCCCGAGCCCATCGCCAGCGCCGTGGCCAAGGGCCTCCTCGCCCGGGTCCTGGGGGAGGGGGCGGTGAACCTGGTCTCGGCGAGGCCCCTCCTCAAGGACCGGGGCATCCACCTCACCACCCTGCGTTCCGAGGAGGCGGGGGAGTACACCCGGCTCGTGGAGGCCAGGCTCTCCACCGACCAGGAGGAGCGCCGGGCCCGGGGGGTGGTGATCGGGGGAAGGCCCCGCCTCGTGGGCATTGACGACTACGCCCTGGAGGTGGTGCCCGAGGGGTACATGCTGGTCTGCGTCAACTACGACCGCCCCGGGGTGGTGGGCCAGGTGGGGACCCTCTTGGGGGAGGCGGGGGTGAACATCGCTGGGATGCAGCTCGGGCGGGACGTGCCGGGCGGCCGGGCCCTCTTCGTGCTCACCGTGGACCAGAAGCCCTCCCCCGAGGTCCTGGAGGCCTTGAGGGCCCTTCCCGTCTTGGAGCGGGTGGACCTGGTGGAGCTGTAGCCACAAGGGGAGAAAAAAAGCACAAGCGGGAATAATCGTGAAGTTTATCACATATTGCCCCTCTGAGTTCCGAGTGTTCGCACTTGACCAAACTTTCCGAACCACCTACCCATGCAGGCATGGACCCCCACCTCGCCCGCTGGGTGGAAGAGGCGGCCCGCCTCTTTGAGGCCGGGGGCGTGCCCCGGATGGCGGGCCGGGCCCTGGCCTTCCTCCTGGTGGCCGACCCCCCCGAGCCCACGGCCAAGGAGGTGGCCCAGGCCCTGGGGGTGAGCAAAGGGGCCCTGAGCCCGGCCCTGGGCTATTTGGTGCGCCTTCACCTCTTGGAGCGGTTCCGCCGCCCGGGGGAGCGGGCCGACCGCTACACCATGCGCCCCGGGGCCTGGCGGCGGATCCTGGAGGAGCAGGCCAGGATGCTGGGGCGCTTCCGGGAGCTTGCGGAGCGCGGCCTGGCCCTCGTCGGGGAGAACCCCCGGTTGCGGGAGGTGCGGGACCTCTACGCCTTTTTGGAGAGGGAGTTTCCCCTCCTGCTCGCCAAGCTGGAGGAAGGATGACCCTTCTCGGGCTTGCCTGGCGCAACCTCCTCCGCACCCCGGGGCGGAGCCTCACTACCGGGTGCGCGGGCGTTTAGCGGGGAGAGAGGTCACAAGCCGGATAAATCGTGAACAAAATCACGAAAAGAGCCTTGTACACTGGGGGCATGCGTCTGGAGATTCCCAACCACACCGAGCGCTTCGGCGTCGTCCGGCTCCACGAGGTGCAACGCATTTTGGAGCTGGACTCCGGGCGCGTGCGGGACGAGTCCCCGGCCGTGGGGCTCCGCCGGCTGGACGACGCCGACCTCAGGGACGTTCTAGAGCAGACGGCCATCGTGGTGCCCACGCGGAACGAGCGCCTGAAGCTCCTGGAAGGCGTCCTCTCCGGGATCCCCCACGAGGCCCTCATCCTCGTGGCCTCCAACAGCAGCCCCGACCGCTTCCAGATGGAGCGGGACCTCCTGGAGGAGTTCGCCCACCTCACCGAGCGGCCGGCCCTCATCTTCCACCAGAAGGACCCCGCCCTTGCCGAGGCCCTGCGGGCAGGGGGCTACCCTCACCCCATCGGGGAGGATGGCCTCGTGCGGAGCGGGAAGGCGGAGGGGATGATCCTGGCCTTGGTCTTCGCCGCCCTTTCCGGCAGGCGCTACGTGGGCTTCATTGACGCCGACAACTACTTCCCTGGGGCCGTCTGGGAGTACGTCCGGGCCTACGCCGCGGGCTTCCTCATGGCCAAGACGCCCTTCGCCATGGTGCGCATCCTCTGGCGCTACAAGCCGAAGCTCACCGAGGACGAAGGGGTGGTCTTCCGCCGCTACGGCCGGGTTTCCGAGCGGAACAACCGGGCCCTCAACCAGCTCATCGGCGGCGTGAGCGGCTTTGAGACGGACGTGGTCAAGACGGCGAACGCCGGGGAGCACGCCATGAGCCTCGGCCTGGCCCTCCGCCTCCCCTTGGCTTCCGGCTACGCCGTGGAGCCCCAGGAGCTGGTCTCCCTCTTGGAGCTCTACGGCGGGGTCTTCCCCTTGGAGGACGAGGAGGTGTTGCAGCACGGGGTGGAGATCTTCCAGATTGAGACCCGGAACCCCCACCTCCACGAGAACAAGGGGGACGAGCACATCCGCGACATGCTCCTCGCCTGCCTCGCCACCGTGTACCACTCCAAGCTGGCCACGGAGGAGGTGCGGCAGAGCGTGCTGGAGGAGCTCCAGGCCGCAGGCGCCTTGGCTCCCGGGGAGGAGCCCCCGCCTCCCGTCCTCTACCCGCCCCTTTCCAGCCTGGACCTCCAGGCGGTGCGCAAGGCGCTTCGGGGCCACTTCTCCCGCTTCCGGGTGCCATGATCGTCTTCACCGACCTGGACGGAACCCTCTTGGACGAGC
NZ_CP144687.1_gap16	685204	687031	1827	GCCTTGGACGCTCTCCCGGAAGTCCGTGACCTCCTCGGGGCGCTCGTCAATGAGGAGGACGATGACCTTGATGTCGGGCTCGTTCTTGAGGACGGCGTTGGCGATCTTCTTGAGGAGGGTGGTCTTCCCCGCCTTGGGAGGGGCCACGATGAGGCCGCGCTGGCCCCGGCCGATGGGGGCGAGGAGGTCAATGACCCGGGTGGAGAGCTCGTCCGGGGTGGTCTCCAACCGGATCTGCCGGTCGGGGAACTGGGGGGTGAGCTCGTCAAAGCGGGGGCGGTTCTTGGCGGCCTCGGGGTCCAGGTTGTTCACCGCCTCCACCTTGAGGAGGGTGGCGTAGCGCTCGTTCTCCCGGGGCGGCCTGGCCTGGCCCACCACGTAGTCCCCGGCCCTCAGGGCGTACTGCTTGATGAGCCCCGCCGAGACGATGGCCACCCGGGACTCCAGGTTGTGGAGGTTCTCGGTGAGGAAGCCGTACCCGTCCTGGCTGATCTCCAGGTAGCCCTTGACCAGCCTCAGCCCCTCTCCCTGGGTCTGCCGCTCCAGGAGGGCCATGATGAGCTGGTCCTTCTTCATGCGCTTGTAGCCTTCAATGCCCGCCTCCTGGGCCAGGAGGTGGAGCTCGGGCAGGATCTTGCTGGCGAGCTCCTGGTAGGTGAGGGGAGTTTCCTGAAGGGTTTCCTTCCTTCTCATGGCTTAACCTTCTCCCAATCCTCCAAGAAGCGCTTAAGGCCGATGTCCGTGAGGGGGTGCTTTAGGAGCTGCTTGAAAACGGCGTGGGGCATGGTGGCGATGTCCGCCCCCAGAAGGGCGGCCTCGGTGACGTGCCGGGGGTGGCGGATGGAGGCGGCGATGACCTTGACGGGAAGGTCCTGGACCTGGATCATCTCCACGATCTCCCGAAGAAGCTCCCCCCCGTCCCAGGAGATGTCGTCCACCCGCCCCAGGAAGGGGCTCACGTAGCTGGCCCCGGCCCGGGCGGCGAGGAGGGCCTGGTTGGCGGAGAAGATGAGGGTCATGTTGACCCTGATCCCCTCGGCGGAAAGCCGTTTGCAGGCCTTGAGGCCCTCCTCGGTGGTGGGGAGCTTGACCACGATCTGGGGGTGGATGGCGGCAAGCCGCCTGCCCTCCGCCACCATGGCCTCGGCCTCGAGGGCCGTCACCTCCGCCGAAACCGGGCCGCCCACCGTCTCGCAGATCGCCCGTAGGTGGGCGGCGAAGGCCTCCTCGGTCAGGGCCTCCCCCTTGGCGGCGAAGACCTTGGCCACCAAGGTGGGGTTGGTGGTCACCCCGGAGAGCACCCCCCAAGCGGCGATCTCCCGTATCTCCTCCAAGCTCGCGGTGTCCAAGTAAAGCTCCATGGCTGGCTCCTTGTGGCGTGGGATGGTTTCGGCTTGGCCTCAGTCTAGCAGGCCCCGGGTGGGCGTTGTCAAGCCAGGGCATGGGCTGCTAGCATGGGCTTAGCCGCCGACGGGGGATTTTACCCCAGGAAGCGGGCGGTGTAAAGGCGAGGATGGGGAGAGTACCCCTGCCCAAGAGCCCCAAGCGAGCCGGGGAGGGTGGGAGCCCGGCGGTGAGGGCAGGCGGGAAGATCGCCCCGGAGCCGCGGGAGGAAAGGGGCCCAAGGCCCCGAGTAATGCCCGCCGGGTGGCGCCCGTGATCGCGCCCCAACGAGGGCCTGGGGGCTTCCCCAGGAAGCGCGGTGGTACCGCGGAAGCCTTTCGTGGCTTTCGTCCGCGCCTTCGGGCGCGGGCGTTTTGCTAGGAGGTGGGAGATGTTCAAGGAGGTCGGCGAGCCCAACTTTCCCAAGCTGGAAGAGGAGGTCTT
NZ_CP144687.1_gap17	806431	809478	3047	CGTATGATGGCGGGGTATGGACCTGGCCGCCCACATTGACCACACCCTCCTCAAGCCCACCGCCACCCCCGAGGAGGTGGCGAAGGCAGCGGAGGAGGCGCTGGAGTACGGCTTCTATGGCCTCTGCATCCCCCCTTCCTACGTGGCCTGGGTCAAGGCCCGCTACCCCCACGCGCCCTTCCGCCTGGTCACGGTGGTGGGCTTTCCCCTGGGCTACCAGGAGAAGGAGGTGAAGGCCCTGGAGGCGGCCCTCGCCTGCGCCCGGGGGGCGGACGAGGTGGACATGGTCCTCCACTTGGGCCGGGCCAAGGCGGGGGACCTGGACTACGTGGAGGCCGAGGTGCGGGCCGTGCGGGAGGCCGTTCCCAAGGCGGTGCTCAAGGTGATCCTGGAAACGGGGTACTTCTCCCCGGAGGAGATCGCCCGCCTGGCGGAGGCGGCCATACGGGGCGGGGCGGACTTCCTCAAGACCTCCACGGGCTTCGGCCCCCGGGGGGCGAGCCTCGAGGACGTGGCGCTTTTGGTCCGGGTGGCCCAGGGGCGGGCCCAGGTGAAGGCCGCAGGAGGCATCCGGGACCGGGAGACCGCCCTGAGGATGCTGAAGGCCGGGGCGAGCCGCCTCGGGACCTCCAGCGGCGTGGCCCTGGTGGCGGGGGAAGGGGGGACCCTTGGGTACTAGGAGGCGCCGGGGTAGGAAGGCGATCGCCGGGCTTCCCGGCTACCTCCTCCTCCTGGTCCTCGTCCTGGTCTGGCTCTTCCAGGAACTCCGGCCGGGCCCCGTCCCGCCCGCCGAGACGGGAGAGGCCGAGGTCTACTTCATGCCGGAGGAAGGGCCAAGGGCCAAGGCCCGCCTCCTCGCCCTCATGGACGGGGCCCGGGAAAGCCTGGAAGGGGCCTTCTACGAGTTCCGCGACCTGGAGGTCGCCCAGGGCCTCCTCCGGGCCAAGGCGCGGGGGGTGAGGGTGCGGCTTTACGGGGAAAGCGACTACCGGGAGGACTTCCGCCGCTACCTGGTGGCGGCGAGCCTGGGCCAGAGGGAGGAGCCCCCAAGGGTCCGCTTCGCCGAGCTCAAGGAGCGGGTCAAGCCCCTCTCCCTGGACTGCGAGGAGGTCGTGGGGATCCCCATCTGCTACGACGAGCGGGAAGGCTTCATGCACCACAAGTTTCTGGTGGTGGACGGGAGGGCCGTCTGGACGGGGAGCACCAACATGACCTGGAACGCCTTCGCCCGTAACAACGAGAACAGCCTCCTCCTCCCCTCCCCCACCCTGGCCCAGGGGTACGCGCGGGAGTTTGAGGCCCTCTTTGGCGGACAAAAGGAAGGCCTCGGCCAGCCCGTGGCCTTCGCCCTGGAGGGGGTGGAGGGCGTGGCCTACTTCAGTCCAAGGGGCGGGAGGCTCGCCCGGGAAGCCCTCCTGAAGCGGCTTTCCGAGGCCCAAAGGGAGGTCTTGGTGGCGGCCTTCGTCCTCACGGACCGGGAGGTCCTCGAGGCCCTCCTCCAGGCCCGCCGCCGGGGCGCCGAGGTCAAGGTCCTCCTGGAGACCCGGAACCTGGGGACGAGCCGGGAGGAGGCCCTCCTCGAGGAAGGCCTCGAGGTCCGCCAGGACGCCAACCCCTACACCATGCACCACAAGGTCATGCTCCTGGACGGCACCTACGTGGTCACCGGGAGCTACAACTTCTCCGTCCGGGCCCACGAGGTGAACAACGAGAACCTCCTCGTGCTCAAAAGCCCGAGCCTGGCGGAGCGCTACCGGAAGGAGGTGTTGCGGCTTTGGGAAGCGGGAAGCCCCCTCTGATCCTGGCCTCGGGAAGCCCCAGGCGGAAAGCCCTCCTCGAGGCCCTGGGCTACCCCATCCGGGTCGCGGTCCCCGGGGTGGAGGAAGAGGGCCTCCCCCTCCCCCCCAAGGCCCTGGCCCAGGCCCTGGCCCGGCGCAAGGGGGAGGCCGTGCAGGGGGAGTGGGTCCTGGCCGCGGACACGGTGGTGGACCTGGACGGGGAGGTCCTGGGCAAGCCCAAGGACCCGGAGGAAAACCGCCTCTTCCTAAGGCGCCTCTCGGGCAGGCCCCACCTGGTGCACACCGCCTTTTACCTCCGCACCCCAAAGGAGGTGGTGGAGGAGGTGCACACGGCCAAGGTCTTCTTCCGGCCGCTTTCCGAGGAGGAGATCGCCTGGTACGTGGGAAGCGGCGAGGGCCTGGACAAGGCGGGGGGCTACGGGGCCCAGGGGCTCGGCATGGCCCTCCTGGAGCGGGTGGAGGGGGACTTCTACACCGTGGTGGGCCTCCCCGTCTCCCGGGTCTTCGCCCTCCTCTGGGCGCGGGGGTTCAGGCCGTGAGGGAGCACCTCCTCCCCCGCTTCCTCCTCGCCTTCCTCCTCGCCCTGGGCCTCGCCCTCGCCGCCCTCACCCGCCCCCTGGCCCCGGGCTTCGCCCTCTCCTTCTCCCCCCTCACCGCGTTTCCCCTCCACCTCGGCCACCGCCTGGGCCAGAACCTCCGGGCCGCCTGGAGCGCCCTCTCCGCGCGGCAGGACCTCCTGGCGGAGAACCAAAGGCTCAAGGAGGAGGTGGCCCGCCTCACCACGGAAAACGCCCGGCTCCGGCTGGAGGTGGCCCGGCTCGCCCGGGCCCTGGAGGTGAAGGCGGGCCAGGCCCCCGGGGTGGTGGCCGTGGCCCCCGTGGTGGCCGAGGACGCCTCCGGCCTCTACCGCAGGCTGGTCCTCGGCCTGGGGAGCCAGGACGGCCTCCGCCCCGGGATGCCCGTGACCGCCCCCCAGGGCCTCGTGGGCCTGGTGGTGGAGGTGGAGGCGCACCGCGCCCTGGTGCGCACCCTCCTGGACCCGGAAAGCCGGGTGGGGGTCCGGGTGGGGGAGAAGCCAGGCCGGGGCGTGGCCCGGGGCGCCCCCCCGGGGCTTCTCGTGGCCGAGTTTCCCCCCACGGTGGCGGTGGCGCCGGGGGACCTCCTCCTCACCGGGGCCACCCTGGGCCTCTTCCCGGACGGGATCCCCGTGGGCCGGGTGGAACGGGTGGAACGGGCCCAAGGCGGCCT
NZ_CP144687.1_gap18	811637	812313	676	CCTACCCGCCCCTCGTCGTGGTGGCCTTTTTTGAGAACGGCGGGGAGGGCAGCCGGGTGGCCTTGCCCGCGGTCCGCAAGGTGATGGCCGCCTACTGGGGGATAAAATAGCGCCATGCGCCTCCGCGCCACGCCCAAGGCCCTGGCCCTCCGCCTAGACGGCGGCGAGACGCCCGAGGACGTGCGCCGCTTAAGCCTCCCCGAAGGGCTTCCCCTGGAGGTGGAGGTGGCGGGGCCCGTCGCCCAGGAGACCCTGGAGGCCCTCCTCGCCCTGGGAAGGCCCCTCACCCTCGTCCCCCCGCGGGGACGGGTGGTGGAGGGCACCCTGGTGGTGCCCCGGGGCCTCCGGGCCGGGCAACGGGTGGAGTACCCCGGCACCGTGGTCGTCCTCGGGGACGTGAACCCCGGGGCCGAGGTGGTGGCGGGCGGGGACGTGATCGTGGTGGGCCGCCTCATGGGCCTGGCCCACGCCGGGGCCTCGGGGGACGAGGAGCGCTTCATCTTCGCCCTGGAGCTTCGGGCCAAGCAGGTGCGCATCGGCCCCCACCTGGCCCAGGCCCCGGAGGAGGCCGAGGAAGGCCTGGGGCCCGAGGTGGTGCGGGCCCTCGAGGGCCGGATCGTGGTGGAGCCCTGGGGGAGGAAGCCCCTTCCCTAGCCCTGGCCGGGACGCTCCAGGA
NZ_CP144687.1_gap19	813862	817594	3732	TGGCTTTTGTTACCGCTATCGTCTTCTTCTACGCGCGTAAAGCAAGCTTGGAAGTAGTAGTCCACCCCCAGGTCCCCTACCAGGCTCAGGTTGGGCATCAAGGGGTAGGCGGCCCGGACGCCGAGGCCCAAGCCGAGCTGGTTGGAAGAAATCGTCTGAGCTTTAATCGTTAAGTTATCTTCAGGATCGGTATAGCCACCGGAGAAGAAGTTGTACCGGACGCCGAAGTAGGGAGCTACCTCTACCGGCAGGCCCAGGCCGCTCGGCTTGTAGAGAACGTCCAGGGACAGGGTGACGTTCTGGCCCCACTCGGAGAACTTACCAGCCTCCTTGACATCACCCCAGGTAGTACCGCCACCCAGGTCATAACCGTCATCCAGGGCATCGCTGGTGGCAAACCCCACCCCCAACCGCACACCCAAGGGAAGCCCCGGAGCCAGGTCCTCGGCCACCACCGCGAGCTGGCCTCCGAAGCCGCCGTAGAAACCAGCCCCCGCCTCTACAGAGAACTTCTGCGCCATAGCTAAGGTCAAGAACCCTGCCAGAGCCGCCAAAAGACCCTTCTTCATCCTTATCACCTTCCTTTTGGGGAGGGCTCACGCTCCCCGAATAGAGGATAGACTCAGAATCAAAAGCTGTCAAGTGGTGTAAAGGGCGTTGATGCGCACGTAGTCCTCGGTGAGGTCGCAGCCATAGGCCTCCCCTGCCCCTTGGCCCTCCCGGAGGTCCACCAGGACCTCCACCTCTTCGGCCCGCATGGCCTGGCCCGCCTCCTCCCGGTCAAAGGGAAGAACCGCGCCCTCGTAGAGGGGAATCCCCTGGAGAACGATCCGCACCCGCAAGGGGTCAAACCGGGCCCCCGAGTTGCCGAGGGCGGCCAGGATCCTCCCCCAGTTGGGGTCGTTGCCGTAGAGGGCGCTCTTCCAGAGGGCGCTTCCCGCAATGGCCCTCGCCGCCCGCCGCGCCTCTTCCTCCGTGGCCGCCCCCACCACCCGCACCACCATGAGCTTGGTGGCCCCCTCCCCGTCCCGGGCGATCATGCGGGCAAGCTCTTGGGCCACGGCCTCCACCCCCTCAAAGAAGGCCTTCAGGGGCACCTCCCCGTAGGCCCCGTTGGCCATGAGGAGGGCGAGGTCGTTGGTGGAGGTGTCCCCGTCCACGGTGACTTGGTTGAAGGTGCGCTCCACCACCCGCCGCCACCCGGCCCTCAAGGCCTCCTGGGGGACCAGGGCGTCCGTGACCAGGAAGGCGAGCATGGTGGCCATGTTGGGGTGGATCATGCCGCTTCCCTTGGCGAGGCCCACGATCCTGGCCCCCGCCACCTCGGCCTCGGCCACCTTGGGGCGGGTGTCCGTGGTGAGGATGGCCTCGGCGAAGGCCTCGGCGAAGGGGGTGAGGCCGATCTCGGGCAAGCCCTTCGCGATCTTTTCCACGGGCAAGGGCACCCCGATCACCCCGGTGGAGGCGGTGAGGACCTCCTCCGGGGAAAGCCCGAGGCGCAAGGCGGCGAGCTCGGCCATGCGCCGGTCGTCCTCGTAGCCTCTTTCCCCGGTGGCGCAGTTGGCGTTGCCGGCGTTCACCACCACGGCCCTCAAGGGCTTCCCCGAGGCGTAAAGCGCCCTTCCCCGGTGGATGGAGGGCGCGGCCGCCCGGTTCTGCGTGGCGGCGTAGGCCCAGGCCGCGGGCAAGCCGGAGACCAAAAGGGCGAGGTCGGGCCTTCCCGAGGGCTTGATCCCCGCCCGGGTGGCCCCCGCCCTAAAGCCCCTGGGAAGCCTCACGGCCATAACCCCTCCTTGGGAAGCGCCGTCTCCTCGGGAAGGCCCAGCATGAGGTTGAGGTTCTGCACCGCCTGCCCCGCCATGCCCTTCACCAGGTTGTCCAGGGCGGCGAAGACCAAAACCCGCCCCGTCCTCTCCTCGTAGAGGGGCCTTACGTCCACCCGGTTGCTCCCCAGGGTGGCCTTGGTCTCGGGAAGCCCCTTAAGGACCCGCACGAAAGGCTCCCCGGCGTAGAAGTCCCGGTAAAGCGCCTCTAGGCTCTCCTGGCTCCAAGCGCCCTCCACCTCTGCCTCGGCGGTGACCAGGATCCCCCGGGTCATGGGCACCAGGTGGGGGGTGAAGGAAAGCCGCACCGCCCTCGCCTCCCCGTGGGTGCGGACGCGCCTCCCCTGGGCCAAAATCCTCCCCAGGTTCCGCTCCATCTCGGGGATGTGCCGGTGGGTGCCCCCCGCCTTGTAGGGCTTGAGGTTCTCGTTGACCTCGGCGAAGGCGGTGCCCTCGGCCTCCCGCCCCGCCCCCGAGACCCCGCTCAGGCCCACCACGAAGGCCCCCTTTAGGACCCCTTCCGCCGCCAAGGGCGCGAGGGCCAAGGTGGCGGCGGTCACGTAGCAACCCGGGTTGGCCACGAGCCTCGCCCCCTTAAGCTCCTCCCGGTGGAGCTCGGGAAGGCCGTAGACCGCTTCCCGGTAGAGGTCAGGGCTCTTATGGGGGATGCGGTACCAGGCCTCGTAAACCTCGGGGGGCAGGCGGAAGTCCCCGGAGAGGTCCACCACCCGCTTCCCCGCCTTAAGGGCCTCAGGGGCGATCTCCATGGAAAGCCCGTTGGGAAGGGCGAGGAAGACCACCTCCGCCCGCTCCAGGACCTCCTCTTGGGCGGCGAAGAGCCTTCCGTCCCAAAGCTGGGGCCAGGCGGCCTCCAGGGGCCTTCCCTCGTACTTGCGGCTGGAAAACCCCACGAGCTCCACCTCGGGGTGGGCCTTGAGGAGCCGCAAAAGCTCCGCCCCCCCGTACCCCGAGGCCCCCAGGATCCCCACCCTTACCACGGCACCTCCAAGAAGGCCTCGGGAAAGGCGAGGGGGGAGACCCTCTCCCCAGGCCTCACCCAGATCTGCTCCCGGTAGTGGTCTTCCTCCGGGGTGCGGAAGAGGAGGAGCTTTCCCCCCAGGAGGTCCTGGACCCAGACCTCCGGCACCCCGGCCTTGGCGTAGAGGGGGACCTTCTTGGTGAGGTCGTAGTCCAAGGACGCGTCCGCCACCTCCACCACAAGGAGAACATCCTCCGGGCGGGGCAGGCGCTCGCGGTAGTCCCCCGGCCGAAGCAGGGCAAGATCCGGTTCCAGGTAGGTGTCCGGGGGCAGGGCCAAGGGCCCCTGCACCTGGACAAAGACTTCGGGAAGACTGGAAAAAACCCGGTTCCAGCGGTTTACGGCGTAGGCGTGCCGAGGACCTATGGGCGCCATCTGGTAGATCTCTCCCTCTAGAAGCTCCACCCCCCGCTCGGGAAGGGGAAGCTTCAGGAACTCCTCCAGGCTAAAGCGGTAGGGCCGGACCATACCCCTACTTTAGCAAGGTAAGAAGCACGGCCTTGGCGGTGTGGAGGCGGTTTTCCGCCTGGTCAAAGACCCGGCTCCGCGGCCCGTGGACCGCCTCCTCCGTGGTCTCCTCCCCGTAGTGGGCGGGGAGGCAGTGGAGGAAGACACCCTCCGGGCGGAGGAGCTTGAGCAACTCCCCGTTCACCTGGAAGCCCTGGAAGTCCCGGAGGCGCTTCGCCCTTTCCGCCTCCTGCCCCATGCTGGTCCAGACGTCGGTGTAGAGGGCGTGGGCGCCCAAGGCGGCCTCCTTGGGGTCGTGGGTGAAGAAGGCGTTCGCCCGCTTGAGAAGGCCAGGGTCGGGCTCGTAGCCCTTGGGGGTCGCGACCCGCACCTTAAGGCCCGCCAGGGGAGCCACCTCAAGAA
NZ_CP144687.1_gap20	825601	828203	2602	GGGTCTTCACCTTGACCGTGGCCGTGGGCAGGAGCCCGGAGCCCGAGAAAAACTGGACATGCTCCAGCTGGAAGAAGTGAGAGGTGGGCTCCCGCTCGCTTTCCACCAGGGCTTGGAGCTCCTCGGCGGAAAGGGGCCCCTTCTTCTCGGCGATCTCCTTGAAGCGGGCGAAGAGCTTCTTCACCTCCTCCTCGGAGAGGTCCTTGTAGCCCAGGTCCTCGAGGGCCTTTTTAAAAGCCGCCCGGCCCGAGTGCTTGCCGAGGACGAGCACGGCGGGCCGCCTCCCGATGAGCTCGGCGTCCATGATCTCGTAGGTGGCCCGGTGCTTGATGACCCCGTCCTGGTGGATGCCGGACTCGTGCGCGAAGGCGTTGTCCCCCACGATGGCCTTGTTGGGGGGGACGGGCATCCCGGTGTAGCGCTCCACCAGGCGGCTCACCCGGTAGATCTCCCGGGTGTTGATCCGCGTGTAGGCCTTGTACCAGTCCCGGCGGACGTAGAGGGCCATGACCACCTCCTCCAGGGCGCAGTTCCCCGCCCGCTCCCCGATGCCGTTGATGGTGCACTCAATCTGGCCCGCCCCGTTCTCCACGCCCGCCAGGGCGTTGGCCGTGGCCATGCCCAGGTCGTCGTGGGTGTGGGTGGAGATGATCACGTCCCGCCCCCGCACCACCTCGTCCCGGATCCTGCGGATCAGGGCCCCGTACTCCTGGGGCGTGCCGTAGCCCGTGGTGTCGGGGATGTTGATGGTGGTGGCCCCGGCCTCAATGGCCACCTCGTAAAGCCTCTTGACGAACTCCCAGTCCGCCCGCATCACGTCCTGGGCGGAGAACTCCACGTCGTCCACGTACCTCCTGGCGTAGCGGACCATTCTATCCGCCATCTCCAGGACCTCCTCCTCCGTCTTCCTCAGCATGTACTGCAGGTGGACCTTGGAGGCGGAGGTGAAGACGTGGATCCTGGGCTTCTCCGCCTTCTCCAGGGCCTTGGCCGCCTGGTCAATGTCCAGGGTGTGGGTGCGGGCGAGGGCGGCGATGATGGGGCCCTTGACCTCGGTGGCGATGCGGCGCACCGCCTCAAACTCCATGGGCCCCGATACGGGGAAGCCCGCCTCAATGATGTCCACGTTGAGCTGGGCGAGGGCCTGGGCGATCTCCAGCTTCTGGTCCAGGGAGAGGGCCACCCCTGGGCTTTGCTCCCCGTCCCTGAGCGTGGTGTCAAAGATCCGGATGTGCCGTTCCTTCTCCATCTTCCTTCACCTCCCTAAAAGCGCACAGGGGCCCCCGAAGGGGCCCCGTCCAAGCCCTTAGCCTACCTCCTCCATTACCCTGGCCTTGAGGAAGGGCATCATGGCGCGAAGCCTCGAGCCCACCTCCTCAATGGGGTGGGCCGCCCAGCGCTTGCGGTTGGCCTCCAGGACGGGGCTTCCCACCTGGTTCTCCAGCATCCACTCCCGGGCGAACTCCCCGGACTGGATCTGGCGCAGGATCTCCCGCATGCGGCGCTTGGTCTCCTCCAGGGGCACGGCGAGGTCGCCCCGGGTGTAGTCCCCGTACTCGGCGGTGTTGGAGATGGAGTAGCGCATCCCCTTAAGCCCCGCCTCGTAGATGAGGTCCACGATGAGCTTCACCTCGTGGACGGTCTCAAAGTAGGCCATCTCCGGGGGGTAGCCCGCCTCCACCAGGGTCTCAAACCCCGCCCGGATGAGCCGGGTGAGCCCCCCGCAAAGCACCGCCTGCTCCCCGAAGAGGTCCGTCTCCGTCTCGTCCTTGAAGGTGGTGGCGATGACCCCGGCCCGGGCCGCCCCGATGGCCTTGGCGTAGGCGAGGGCGGTGGGGAAGGCGCTTCCCGAGGCGTCCTGGTGCACGGCCACGAGGGCCGGGACCCCGCTTCCCTTCTGGTACTCCGAGCGCACCAGGTGGCCCGGGCCCTTGGGGGCCACCATCCAGACGTCCAGGTCCTTGCGGGGCTTGATCTGGCCGAAGTGGACGTTGAAGCCGTGGGCGAAGGCCAGGGCCCCGCCCTCCTTGAGGTTGGGCTCCACCTCCTCCCGGTAGACCTGGGCCTGCTTCTCGTCGGGGAGGAGGACCATGACGACGTCGGCCTCCCGCACCGCCTCGGCCACGGGGAGGACCCTAAGCCCGGCGGCCTCCGCCTTCTCCCAGCTCCTAGACCCTTTGCGCAGGCCCACGCGCACGTCCACCCCCGAGTCCTTGAGGTTCAGGGCGTGGGCGTGCCCCTGGGAGCCGAAGCCCAAGACCGCCACCTTCTTGCCCAGGATGAAGCCAAGGTCCGCGTCGTGCTCGTAGTAGATCTTCATACCGCCTCCTTCTTCTCCCGCACCTTCAAGACCCGGTCTCCCCGGCTCATGGCCACCGCGCCGGTGCGCATGACCTCGAGGATCCCGTAGGGTCTCAAGGCCTCAATAAAGGAGTTGACCTTCTGGGTGTCCCCGGTGAGCTCCAGGATGAGGCTCTTCTGGGCCACGTCCACCACCCTCGCCCGGAAGGCCTCCTGGATGTCCTTGACGGCGAGGCGCTCCTCGAGGCCCGCCACGTGGACCTTCACCAGGCAGAGCTCCCGCTCCACGTGGGGCTCGGTG
NZ_CP144687.1_gap21	853670	858362	4692	CCGGTCAAACCCCTCCTCCTCCAAGAGGGCCCGCACCACCTCCTTGAAGCGCTCGGGGTCCAGGGCCTCCTTGTCCTTCGTCTGGGAGGCGGGAAGGAGGAAGAGGTTCTCCACCCGCTTGTCCCGGATGAGGGCCTGCCGGAGCCTGGCCCGGCCCTCGAGGACGTCCACCAGGTCAAAGACCACCCGGCCCTCGAGGCCCATGACCACGTCCAGGTTGCGGAGGCCCACGTCCACGTCCACCACGGCCACCTTTTCCCCGAGCTTGGCCAAGGCAGCGCCGAGGTTGGCGGTGGTGGTGGTCTTCCCCACCCCGCCCTTGCCGGAAGTCACCACGATGGCTCGCGCCTTCACCGTACCTCCTCCAGGGTTTCCACCACGCGGTCCAGCTCCATCAGAAACTCCAAGACCCGCTTGCCCCTGGGCGTGAGGCTATATTCTACCCGGGGCGGCACCTCCGCGTAGGCCCGTCGGTCCACGAACCCCATGAGGTGGAGCTCCCTGAGCCTCTCGGCCAGGGTCCGGGGGGAGAGGCGGAGGACGGCCTCGAGGTCGGAGAACCGCGCCGACCCCTTGCCCAGGGCCCAGAGCACCTCCGAGGCCCCCCTCCGGGCCAGGACCTTCAGCACCTTGCGCGCGCCCTTGGAAAGGCCCATGCCCCGATGGTACCAAAACGCTTCCCTCCCTGGAAGCCACGCCCTTGTCCCCCAAGGCCTTCCCGGTATAGCCTTGGTGGGATGCGGGGCGAACCCAAGCCCGACTGGAAGGACTTCCTGGCCCTGGTGCTGGCCGCCTACAGCCTCCTCCTCCCTCCCCTCCTCGCCGTCCTCGGGGCCCTCCTCCTCTTCACCCTCCTCCTCGGCCTCCTGCGGTAAAACTAAGGCATGGAAGGCCTCTTTGAGTCCCTCCCCGAGGGGTACCGGGAGAAGCTCGGCCGGCCCGGGGAGTACCCCTTCACCCGGGGGATCTACCCCCGGATGTACCTGGAAAGGCTCTGGACCATGCGCCAGTACGCGGGCTTCTCCACCGCCGAGGAGTCCAACGCCCGCTACCGCTACCTCCTCTCCCAGGGCCAGACGGGGCTGTCCGTGGCCTTTGACCTCCCCACCCAGCTCGGCCTGGACCCCGACCACCCCATGAGCGTGGGGGAGGTGGGGCGGGTGGGGGTGTCCATCGCCACCCTGGAGGACATGCAGAAGCTCTTTGACGGCATCCCCCTGGACCAAGTCTCCACCAGCATGACCATCAACGCCCCGGCCATGATGCTCCTCGCCCTCTACCTCCTCGTGGCCGAGGCGCAGGGGGTGCCCTGGGACAAGGTCTCGGGGACGGTGCAGAACGACATCCTCAAGGAGTACTTCGCCCGCGGCACCTACATCTACCCGCCCGGCCCCTCCATGCGCCTCGTGACCGACATCTTTGAGTTCTGCGCCGCGCACGTCCCCCGGTGGAACACCATCAGCATCTCCGGCTACCACATCCGCGAGGCGGGGTCCACCGCCGCCCAGGAGATCGCCTTCACCCTGGCGGACGCCAAGGCCTACGTGCGGGCCGCCTTGGAGCGGGGCCTGGACGTGGACCGCTTCGCCCCGAGGCTTTCCTTCTTCTTCGCCGCCCACGGGGACATCTTTGAGGAGGCCGCCAAGTTCCGGGCGGCAAGGCGCCTTTGGGCAAGGATCATGCGGGAGGAGTTCGGGGCCAAGGACCCGAAAAGCTGGATGCTCCGCTTCCACACCCAGACCGGGGGCTCCACCCTCACGGCGCAGGAACCCCTCAACAACGTGGTGCGCACCGCCTATCAGGCCCTGGCGGCGGTCCTCGGGGGGACGCAGAGCCTCCACACCAACGCCTACGACGAGGCCCTGGGCCTGCCCACGGAGAAGAGCGCCCTCCTCGCCCTCCGCACCCAGCAGATCCTGGCCTACGAGAGCGGGGTCACCCGGGCCATAGACCCCCTAGGGGGGAGCTTCTACGTGGAGCACCTCACGGACAAGCTGGAACGGGAGGCGGAGCAGATCCTGCGGGAGATTGACGCCCTTGGGGGCGCGGTGGCCGCGGTGGAGGCGGGCTACTTCCAGAGGGCCCTCGAGGAGTCCGCCTGGCAGTTCCAGAAGGAGGTGGAGGAGGGCAAGAGGGTGATCGTGGGGGTGAACCGCTTCTTTGACCCCAATAGCCCCCTGAACGAGCCCGTCCCCGTCCAGCGGATTGACCCCGAGCTCCACGAGAGGCGCAAGCGGGAGCTCGCCGCCTTCAAAGCCAATCGGGATGGGGAAAGCGTAAGGGTCGGCCTGGAGAGGCTAAGGGAGGCGGCAAGGGGCGAGGAGAACCTCTTCCCCTACGTGCTGGAGGCCTTCCGGCGCCGGGCCACCCTGGGGGAGGTCTGCGGGGTTCTTAGGGAGGAGTGGGGCGAGTACCAGCCCCCCCGGTGAGGAGGGCCATGGAAGGCGAAGCCGAGCTCTGGAACTTTTTGGAGAGGCACCTGAGGAGCATCTACGAGGGCGACTGGGCCACGTACGAGGCCACCACCCACGAGGAGCTTTCCCTCTACGAGTGGTTCGTGACCCCCCACCGCCTGGACGGCCTCCCCTTCCACCGCTTCATGGTGGAGAAGAACTGGGCCACGAGGGGCAGGGCCTACCGCCTGGACCTTCTGGAAAAGCGCCTTCAGCGCTATGGGGACGTGGCCATCTTCAGCTACACCCTCCTCCTCACCGTGGAGGAGGAGGCGGGCCTCCGCCACCGGGCGGTGAACGAGAGCCGGGTGGCGGTGCGCTTCCCCGAGGGGTGGAAGGTGGTGCACGTGCACAAGAGCCCGGCGGGGTGAAGGCCACCCCGCCGGGGCGCGGCGCCCGTGGGGCTTAGGCGCCCTCCTTCAGCCGCTCCACCACGGAGCGGTCCTCGAGGGTGGAGGTGTCCCCCTTGATCTCCTTCTCCCCGGCGGCGATCTGCCGGAGGAGGCGGCGCATGATCTTGCCCGAGCGGGTCTTGGGCAGGGCGTCGGTGAAGCGGATCTCGTCCGGGCGGGCGATGGGGCCGATGACCTTGGCCACGTGGGCCCTGAGCTCCTCCTTGAGGGCGTCCGAGGGGGTGTGCCCCTCCTTCAGGGTCACGAAGGCCACGATGGCCTCCCCCTTCACGGGATCGGGCCTGCCCACCACCGCCGCCTCGGCCACGGCGGGGTGGGCCACCAGGGCGGACTCGATCTCCATGGTGCCCAGGCGGTGCCCGGCCACGTTCAGAACGTCGTCCACCCGGCCCAGGATCATGTAGTACCCGTCCTTGTCCCGCTTGGCCCCGTCGCCGCTGAAGTAGACCCCGGGGTGCTGGCTGAAGTACTGCTGCAGGAAGCGCTCCGGGTCGCCCCAGACGGTGCGGAGCATGCTGGGCCAGGGACGGGTGATGCAGAGGTGGCCCCCCTCGTCGGGGTTCTCCACGGGGCGGTGCTCGCCGTCCAAAATCTCGGGCACCACGCCGAAGAAGGGCTTCCCCGCGTGCCCCGGCTTCATGGCGTGGGCCCCGGGGAGGGTGGTGATCATGATGCCGCCCGTCTCCGTCTGCCACCAGGTGTCCACGATGGGGCAGCGGCCCTTGCCGATCACGTGGTAGTACCAGAGCCAGGCCTCGGGGTTGATGGGCTCGCCCACGGTGCCGAGGAGCCTTAAGGAGTCCAGGCGGTGCTTGCCCGGCCAGCCCTCGCCCCACTTCATGAAGCTGCGGATGGCGGTGGGGGCGGTGTAGAAGACGGTCACCCCGTACTTGTCCACGATCCGCCAGAAGCGGTCGGGCTCGGGCCAGTTGGGGGCCCCCTCGTACATCACCGTGGTGGCCCCGTTGAGGAGGGGCCCGTAGACCACGTAGGAGTGCCCCGTGATCCAGCCCACGTCGGCGGTGCACCAGTAGACGTCCTCGTCCTTGAGGTCAAAGACCAGCTTGGTGGTGTAGTAGACGTAGGTCATGTAGCCGCCCGTGGTGTGCAACACCCCCTTGGGCTTCCCGGTGGAGCCGGAGGTGTAGAGGATGAAGAGGGGCTCCTCCGCCTCCATGGATTCGGGATCGCACCGGTCGGGGGCGGCCTCCATGAGCTCGTGCCACCAGTGGTCCCGGCCCGGGGTCCAGGGCACCTCCTCCCCGGTGCGGCGCACCACCACCACGTGCTCCACGCTCGTGGCGTCCTTTAGGGCCTCGTCGGCGTTCTGCTTGAGGGGGACGATCCCGCCCCGGCGGAAGCCCCCGTCGGCGGTGATGAGGACCTTGGCCTCGGCGTCCTTGATCCGGTCCGCCAGCGCCCCGGCGGAGAAGCCGCCGAAGACCACGGAGTGGACGGCCCCGATCCGGGTGCAGGCGAGCATGGCGATGGCCGCCTCGGGGATCATGGGGAGGTAGATGGTGACCCTGTCGCCCTTCTTCACCCCCAGGCGCTTGAGGACGTTGGCGAACCTCTGCACCTCGCGCCAGAGGTCGTGGTAGGTGAGGACCCTCTCCTCCCCCGGCTCCCCCTCCCAAACGATGGCCGCCTTGTTGCGCCGCCAGGTCTTCACGTGCCGGTCCAGGGCGTTGTAGGAGAGGTTGGTCTTCCCCCCCACGAACCACTTGGGGTGGGGCAGGTCCCCTTCCAGGACCTTCCGCCAGGGTTCAAACCAGTGGAGCTCCGAGGCCACCCGTCCCCAGAACCCCTCGGGGTCACGGACGCTC
NZ_CP144687.1_gap22	1013171	1016169	2998	GCGGGAAGAAAAAAGGCCATGAGCAGAACAACCCACCTCATCGCAACGCCTCCTCCAGGTAACGCGCCAGGGTGGCCTCGTCAATGGCCCCGGCGTGCCGCGCGAGGACCCGGCCCTCCCGGTCAATGAAGAAGGTCTCGGGCACCCCGTACATCCCGTAGTCCACGCCCACCCGGCCCCGGGGATCGTAGACCTGGGGGAAGGTGAGGCCGAACTGGGCGATAAACCTCAGGGCCTCCTCCTCCTTGTCCTGGGTGTTCACCCCCACGAAGAGGACCTCCTCCCGGTGGCGGCGCCAGGAGGCCTCCAAAATGGGGGCCTCCTCGTAGCAGGCGGGGTAGCACCAGCTCGCCCAGAAGTTGAGGACGATGGGCCTCTTGCCCAGGTGGTCGGCGAGGCGGAAGGCCTCCCCCCACTCCGCCCGGTAAGGAGGAAGGAGGGGGAGGGTGAAGTCGGGGGCGGGCCTCCGCTCCTTGGCCAGGACGGAGGGGAGCTCCTTGGGGTTCCGCTGCATCCCCCACCAGAAAAGCCCTCCCAGGGCCAATACCACGAGGAGCCAGAGCCACCCCCTCACGCCGGGCTCACCCCCCTAGCTTCCTCCGGCCTCGCCGCGGGCCAGAGGATGTAAAGGGTGCCCAGGGCCATAAGCCCCCCCGCCACCCACATCCAGAAGACCAAGGGGGTGACGATGAGCCTTAGGGAGGCCCACTCCCCCTTTTCCCGGTCAAAGTCCATGAGGAGGAAGTAGTAGTCGTTCCCCGGGGTGTAAATGACCTTGGGGGCGGGAAGGGGGCTATTCATCTGGGGGTAGAAGTGGAGCCTGGGCCTGACCTCCCCGAAGCGGTCGGTCTTTAGAAGGGCCTCCACGGCGAAGCGCCGCCCCTCGTCCAAGGCCCGCACCCCCTGGAAGGTCATGCGCACGCCCCCCACCTCCCAGGCCTCTCCCCGGTAGAGGGTCTTCTCGCTCTCCAGGCGGTAGGTCTGGCTGAAGGCGATGGCAAGCCCCATGAGGGCCACGGCGAAGTGGACCACGAGGCTTCCCACCCGCCTGCGGTTCGCCAAGAAGCCCCAGGGGGAAAGCCCCGCCCGCACCCGGGCCAAAACCCCCTCCCGGGCCAGGAGGTAGATGGCGGCGGCGTTGTAGAGGAAGAGCCCCAAGGCGAAGGAGGCCCCCAAGGTGTAGCCCCGGAGGAGGCCGAATAGGGTCCCCAAGGCGAGGGCGAGGAGAAGGACGAGGAGGTTCCGCAAGACCTCCCCCCGGGCCCTGCGCCAGGGGAGGAGGGGCCCCACCCCCATGAGGAGGAGGATCCCCGCCCCCAGGGGGGCGGAAACCTGGTTGAAGAAGGGGGCCCCCACGCTCACCTTGGCCCCGGTGAAGGCCTCCACAAGAAGGGGGTAGAAGGTGCCGAGGACGACCACGAGGGCCCAGCCCGCGAAGAAGAAGGCCCCGAGGAGAAGCGCCCCCTCCCGGGAGAGAGGGTGGAAAAGGGCGGCGTCCCGCACCTCCCGGGAGACCCGGGAGAGGAGGCCGAGGCCAAGGCCCGTGGCAAAGAGGAAGAAGCCGAGGAAGGCGGGCCCCACGGGGCCCTCGGCGAAGGCGTGGACCGACTGGATGATCCCGCTTCGGGTGAGGAAGGTGCCGAGAAGGGTGGCGGCGAAGGCCAGGGTCACGAAGGCGAAGTTCCAGGTCTTGAAGGCCCCCCGGGTCTGCTGGACGAAGGCCGTGTGGAGGAAGGCCGTGGCGAGGAGCCAGGGGATGAAGCTGGCGTTTTCCACAGGGTCCCAGGCCCAGTACCCGCCCCAGCCCAGGACCTCGTAGCTCCACCACATCCCCGCCACCTTCCCCGCGGTGAGGAAGCCCCAGGCGATGAGGGTCCACCACCTGGTCTCCTCCACCCAGGTCTGGTAGCGCCGGGTGGCCATGGCCGCCACCGCGTAGGCGTAGGGCACGCTCAGGCCCACGAAACCCAGGTACATGAGGACGGGGTGGACGGCCATCATCCAGTGGTTCTGGAGGAGGGGGTTCGGGCCCACGCCGTCGGGAGGCGGGTCGGGCAGGGTCTCAAAGGGGCTCGCGATGGTGGCCATGACTCCGAAGAAGAAGACCTGGATGCCGAAGAGCACGGCGAGGACCAGGGAGGCCCGCCAGGGGTCCAAGGGTTTGCGGCTTGCGAGCAGGGTGTAGAGGGTCTGGAGGAGGCCCCAGAGGAGGATGCTGCCCTCGAGGGCCGCCCACGGGGTCACCAGGGTCACCCAGAGGGGGTCCTTGGTGGAGTGGTTCCTCGCCACGTAGGCCAGGCTGAAGTCGTGGACGAGGAGGGCCCACTCCAAGGCGAGGAAGGCGGCAAGCGCAGCGAGGAAGGCAGGAAACACGAGGGCCCGCGCCCCCCTTAGGAAGCGCCCGTCCCCCTGGAGGTAGGCGAGGAGGGCGAGGCCCAGGCCCAGGAGGCTAAAGGCCAGGGCCAGGCTCACGCCGAGGTTGCCGAGAAGGGCCGGGGTCATTGGGCCTCCTCAATGAGCTTGCGCACCTCCTCCGGGGTCCAGCCTTCCTTGGGGGGCTGGTAGGTCTCCGAGTGCTTCACCAAGAGGTTGGTGCCCTGGAAGACCCCTTCTTGGAAGCGGCCCTCCACCACCACCCCCTGCCCCTCCTTGAACATCCCCGGGGGCGTGCCCTTGTGGAGGACGGGCACCTCCGCCACCCCGTCCGTGAGGACGAAGCGGAGCTCCAGGCGGTCCTTGTCGTACTGGACGGTTCCGGGCTTCACCAGCCCCCCGAGGCGGACGGGGCGGTTCTGGTACCTGGCCTGGTCCTGGAGGTACTCCGAAGGGGTGAGGAAGTAGACCAGGTTCCGCCCAAGCCCCCCGAAGACCATGTACCCCAAAGCGCCCAGGATGACCAGAATGCCGAGGAGGTACTTCCCCTTCACCGCGCCCTCCCGTACCGCCAGAAGAGGTAGGCCAGGTAGCCGAAGACGGCGAGGTAGGTGAGGACGTAGAC
NZ_CP144687.1_gap23	1069616	1071386	1770	GGTGCTTGCCCCGAAGGAGGGTGGCGATCTTCGTGGCAAGCCGCCCCAAGGTCTTGCCCTCCGCGTCAATGAGAACCCAGCGGGGTTCCACTTGTTTCGGCACGTACGTCTTCACCAGGGCCCTCCTTTGTTCTTGACGGGGGATCGGGGGACCCCGCAAGAACGCCAAAGAGGACTTTACCACATCCCCCTGGCCCCGCGCCAGATGTGGTAGGCTGAAGACCCGTGAACGGGAGCGCCGACGCGGGTCCCAGGCCCAGAAAGTACGTCTTTATCACGGGCGGCGTGGTTTCCAGCCTAGGCAAGGGGATCCTCACCTCCTCCCTCGGGGCCCTCCTCCGGGCCCGGGGGTACCGGGTGACGGCCATCAAGATAGACCCCTACGTCAACGTGGACGCGGGGACGATGCGCCCCTACGAACACGGGGAGGTCTTCGTCACCGCAGACGGGGCCGAAACCGACCTGGACATCGGCCACTACGAGCGCTTCTTGGACATGGACCTCTCCCGGGGGAACAACCTCACCACGGGGCAGGTCTACCTCTCGGTGATCCAGAAGGAGCGCCGGGGAGAGTACCTCTCCCAGACGGTCCAGGTCATCCCCCACATCACCGACGAGATCAAGGAACGGATCCGCAAGGTGGCCGAGGAGCAGAAGGCGGAGATCGTGGTGGTGGAGGTGGGGGGGACGGTGGGGGACATTGAGAGCCTCCCCTTCCTCGAGGCCATCCGCCAGTTCCGCTTTGACGAGGGGGAGGGGAACACCCTCTACCTGCACCTCACCCTGGTCCCCTACCTGGAGACCAGCGAGGAGTTCAAGACCAAGCCCACCCAGCACTCCGTGGCCACCCTGCGGGGCGTGGGGATCCAGCCCGACATCCTGGTCCTCCGCTCCGCCCGGCCCGTGCCCGAGGAGGTGCGGAGGAAGGTCGCCCTCTTCACCAACGTCCGCCCGGGCCACGTCTTCTCCAGCCCCACCGTGGAGCACCTCTACGAGGTCCCCCTGCTCCTGGAGGAGCAGGGCCTGGGCCGTGCGGTGGAGCGGGCCTTGGGCCTCGAGGCGGTGATCCCCAACCTCGCCTTCTGGCAGGAGGCGGTCCGGGTCCTCAAGCACCCCGAGCGCACCGTCAAGATCGCCATCGCCGGGAAGTACGTGAAGATGCCGGACGCCTACCTCTCCCTCCTGGAGGCCTTGCGCCACGCGGGGATCAAGAACCGGGCCCGGGTGGAGGTGAAGTGGGTGGACGCGGAAAGCCTCGAGGCGGCGGACCTGGACGAGGCCTTCCGGGACGTCTCCGGCATCCTGGTCCCGGGGGGGTTTGGCGTGCGGGGCATTGAGGGCAAGGTGCGGGCGGCCCAGTACGCCAGGGAGCGGAAAATCCCTTACCTCGGGATCTGCCTCGGCCTCCAGATCGCCGTGATTGAGTTTGCCCGCAACGTGGCGGGCCTCAAGGGGGCGAACTCCACCGAGTTTGACCCCTACACCCCCCACCCGGTGATTGACCTCATGCCCGAGCAGCTGGAGGTGGAGGGCCTAGGGGGGACCATGCGCCTTGGGGACTGGCCCATGCGCATCAAGCCCGGCACCCTCCTCCACCGCCTCTACGGCAAGGAGGAGGTGCTGGAGCGCCACCGCCACCGCTACGAGGTGAACCCCCTCTACGTGGACGGGCTGGAGCGGGCGGGCCTCGTGGTTTCCGCCACCACCCCGGGGATGCGGGGCCGGGGGGCGGGGCTCGTGGAGGCCATTGAGCTCAAGGACCACCCCTTC
NZ_CP144687.1_gap24	1102065	1106231	4166	GCATGGTGTAGACCCGGACCCCCGCCTCCTTAAGGAGCCGCTTCTCCCCGGGGTCCAGGCTCCGCACCCCCACCAGGACCACGTCCTTGGGGTCCACGGCCCGGAAGACCTCCGTGAGCCGGGGATGGCCCAGGCCCGAGAGGACGGCGAGGGGCATGCCGTGGACGTTGCCGCTCGGCGAGGTCTCGGGGGTGTTGAAGTCGGCGTGGGCGTCCACCCAGACCACGCCCACCCGCCGGCCCCGGGCGGCCCCCGCCACGGAGCCCATGCTCAAGGAGTGGTCCCCGCCCAAGACGATGGGGAAAACCCCCTCGGGCAGGGCCGCAAGGCGCTCCTTTAGGACGAGGGCCGCGGCCCGGATCTCCTCCAGGTAGGCGAGGCCCCGCCCCCTTCGCCTCGAGGCCCGGGCCAAGGAGACGGGCACGTCCCCCAGGTCCTCCACGGTGTAGCCCAGATCCTCCAGCTGCTCCAGAAGCCGGGCGTACCGCAGGGCGGACGGCCCCATGTCCACGCCCCGCCGGTTCGCCCCCAGGTCCATGGGCACGCCCACCACGGCCACGCGTTCCATGGGGGGCATGGTAGCAGAAACGTCCATGCGGGGCTTGGGAAGTTTATGCGCCCTAGAGCACCACCAGGGCCACCTCCTGCCCCTCGGGGAGGAGGAAGGCCCGGACCCCGTCCGTGCCGAAGATGACGTAGGGCACCCGCCAGCGGGCCTCCTTGATGTCCCTCGGGCTCGGGAGGGCGGGGCCTTTGGGGTGGGAGTGGTAGATGGCGAGGAGGGAAAGCCCCTCCCGCTCAAGCGCCTTGAGGGCCTTGAGGAGGGCCAGGGGGTCCGCCAGGTAGGCGGTAAGGGGGCTCGGGTGGACGTTGGGCAGGGGGATGACCCGCTCCACCTCGCGCCTGCCCGCCCAGAGGCCCACCCCCTCCTTGGGGGCCTCCCTCAGGAGGTGGGCCCGGGTCTCCTCCAGAAGGCCTCGAGGCACGTAGAGCACAAGGCCATGATACCCGCCGGGACAACCGCCCCGCCCCCCGGCGTATACTATGGGCACCGAAGGAGGCGCCATGATCCGAACCGTCGCCCTGGTGGGGCACGCGGGAAGCGGGAAAACCACCCTCACGGAGGCCCTACTTTACAAGACCGGGGCCAAGGAACGCCGGGGCCGGGTGGAGGAGGGCACCACCACCACGGACTACACCCCCGAGGCCAAGCTCCACCGCACCACGGTGCGCACCGGGGTCGCCCCCCTCCGCTTTCGGGGCCACCGCGTCTTCCTCCTGGACGCCCCGGGCTCCGGGGACTTCGTGGGGGAGATCCGGGGGGCCCTGGAGGCCGCGGACGCCGCCTTGGTGGCCGTGTCCGCGGAGGCCGGGGTGCAGGTGGGCACGGAAAGGGCCTGGACCGTGGCGGAAAGGCTCGGCCTTCCCCGGATGGTGGTGGTCACCAAGCTGGACAAGGGCGGGGACTACTACGCCCTCCTGGAGGACCTGAGGAGCACCCTGGGCCCCATCCTCCCCATAGACCTGCCCCTCTACGAAGGAGGGGAGTGGGTGGGGCTTATGGACGTCTTCCACGGCAAGGCCTACCGCTACGAGAACGGGGAGGAAAGGGAGGCGGAGGTCCCCCCGGAGGAAAGGGAGAGGGTCCAGCGCTTCCGCCAGGAGGTCCTCGAGGCCATCGTGGAGACGGACGAGGGCCTCTTGGAGAAGTACCTGGAAGGGGAGGAGGTCACGGGGGAGGCCCTGGAGAAGGCCTTTCACGAGGCGGTGCGGCGGGGCCTCCTCTACCCCGTGGCCCTGGCCTCCGGGGAGAGGGAGATCGGGGTCCTGCCCCTTCTGGAACTGATCCTGGAGGCCCTCCCCTCCCCCGTGGAACGCTTCGGGGATGGCCCTCCCTTGGCCAAGGTCTTCAAGGTCCAGGTGGACCCCTTCATGGGCCAGGTGGCCTACCTGCGCCTCTACCGGGGAAGGCTCAAGCCCGGGGAAAGCCTCCAAAGCGAGGCGGGGCAGGTGCGCCTCCCCCACCTCTACGTGCCCATGGGGAAGGACCTCCTGGAGGTGGAGGAGGCGGAGGCGGGGTTCGTCCTGGGCGTCCCCAAGGCGGAAGGCCTCCACCGGGGGATGGTCCTTTGGCAAGGGGAGAAGCCGGAAAGCGAGGCGGTGCCCTTCGCCCGCCTGCCCGACCCCAACGTCCCCGTGGCCCTCCACCCCAAGGGGCGCACGGACGAGGCCAGACTGGGCGAGGCCCTGAGGAAGCTCCTCGAGGAGGACCCGAGCCTGAAGATAGAGCGCCAGGAGGAGACGGGGGAGCTCCTCCTTTGGGGCCACGGGGAGCTCCACCTCACCACCGCCAAGGAACGCCTCCAGGATTACGGGGTGGAGGTGGAGTTCTCCGTGCCCAAGGTGCCCTACCGGGAGACCATCAAGAAGGTGGCCGAGGGTCAGGGCAAGTACAAGAAGCAGACCGGGGGGCACGGCCAGTACGGGGACGTGTGGCTCAGGCTGGAGCCCGCAAGCGAGTACGGCTTTGAGTGGCGCATCACCGGCGGGGTCATCCCCAGCAAGTACCAGGAGGCCATAGAGGAGGGGATCAAGGAGGCGGCCAAGAAGGGGGTGCTGGCGGGCTTTCCGGTGATGGGCTTCAAGGCCATCGTCTACAACGGCTCCTACCACGAGGTGGACTCCTCGGACCTCGCCTTTCAGATCGCCGCAAGCCTCGCCTTTAAGAAGGTGATGGCCGAGGCGCACCCCGTGCTCCTGGAGCCCATCTACCGCCTCAAGGTCCTCGTCCCTCAGGAGCGGGTGGGGGACGTCCTCTCCGACCTCCAGGCCCGGCGGGGGCGGATTTTGGGCATGGAGCAGGAGGGGGCCTTGAGCGTGGTCCACGCTGAGGTGCCCCTCGCCGAGGTCCTGGAGTACTACAAGGCCCTCCCCGGCCTCACCGGGGGGGCGGGGGCCTACACCCTGGAGTTCAGCCACTACGCCGAGGTCCCCCCGCACCTCGCCCAGCGGATCGTCCAGGAGAGGGCCCAGGAGGGCTAGATGGCCTTGGACCGGCTTCGGGAAGCCCTGGGGGAAGCCCTCTTCGGCCAAGAGGAGGTCATAGAGGCCCTCCTCGCCGTCCTCCTCGCCCGGGGGCACGCCCTCTTGGAAGGGATGCCGGGCCTGGGCAAGACCCTCCTCGCGGAGAGCCTGGCCCGGGCGAGCGGCCTCGCCTACAAGCGCATCCAGTTCACCCCGGACCTCCTCCCCCAGGACCTCACGGGAAGCGAGGTCTACCGGGAGGGGCGCTTCGTCTTCGTCCCAGGACCCATCTTCGCCCAGGTGGTCCTGGCGGACGAGATCAACCGGGCGCCCCCTAAGGTGCAGTCGGCCCTCCTCGAGGCCATGCAGGAAAGGGCGGTGACCGCAGGGGGCGTGCGCCACCCCTTGCCCGAGCCCTTCTTCGTCATCGCCACGCAAAACCCCCTGGAGCTGGAGGGCACCTACCCCCTGCCCGAGGCCCAGCTGGACCGCTTCACCGCCAAGATCCCCTTCCGCCCCCCGAGGCGGGAGGTGTGGCTCAGGATCCTCACCGAGGAGCCCAAGGCCCCTGAGCCGGTGGAGGTGGACCTCCTCAAGGCCCAGGAGGAGGCGAAGGAGGTGCGGGTGGCCAAGGAAGCCCTGGAGGCCATCACCCACGTGGCCTTCCTCACCCAGGAGGACCAGCGCCTCCGCATGGGGCTTTCCCCCCGCGGGGCCAAAGCGTGGCTTTCCCTCGCCCGGGCCCTCGCCTACCTGCGGGGGAAGCCCTTCGTGGACTGGAAGGAGCTTAAGGACGCCGCCTTCCTCGCCCTCCCCCACCGCCTCTTCCTCACGGAGGAGGCCCTTTACGCGGGGGAAAGCGCCGAGGGCGTGCTGAAGGAGGCTTTGAGGAAAGGAGGGATCCCGTGAGGTGGGTGCGGTTTTTCCACGAGGTGGGCCTCGAGGACGTCCCCCTGGTGGGGGGGAAGAACGCCTCCCTGGGGGAGATGATCCGGGAGCTCTCCCCCTTAGGGGTCAGGGTGCCCGAGGGCTTCGCCACCACCAGCGAGGCGTATTGGCACTTTCTGGAGCATAACGGCCTGAAAGAGGCCATCGCCCGGGAACTGGGGGAGCTGGACCCGGAGGACCCCAAGGCCCTGCAA
NZ_CP144687.1_gap25	1122165	1125922	3757	CTCGCCTCCCCCAACCTGGCGAGCCGGGAGGCGGTCTACGAGCGGTACGACCACCAGGTGGGGACCCGCACCGCCCTCCTCCCCGGCAAAGGGGACGCCGCGGTCCTCTGGATCAAGGGCACCCGCCTCGGCGTCGCCGCCAAGGTGGACCAAAACCCCCGCTATAGCCGCCTCCACCCCCGCCTTGGGGCCATGCACGCCCTGGCGGAGGCCTGCCGGAACGTCAGCGTGGTGGGGGCGAAGCCCCTCGCCTACACCGACGGCCTCAACCTGGGAAGCCCGGAGACCCCGGAGGGCTACCACGAGCTCGCCGAGACCATCGCCGGGCTCAAGGAGGCGAGCGAGGCCTTGGGCGTCCCCGTGGTCTCGGGGAACGTCTCCCTCTACAACGAAAGCGGGGGCAAGCGCATCCCCCCCACGGCCATGGTGGGGGTGGTGGGGGTCCTGGAGGTGGACAAGCGGGCGGAGATGGGCTTTAGGCGCCCGGGGGAGGTCCTCCTCCTCATCGGGGAGGAACGGGGGGAGCTTGGGGCGAGCGAGGTCCTCTACCTCCTCACGGGAAAGGAGTTCGGCCACCCCCCAAGGCTTGACCTCGGGCGGGAAAAGGCGGTGCAGGAGGCGATCCGGGACCTCATCCAAAGGGGCCTCACCCGAACGGCCCACGACGTGGCGGAAGGGGGGCTTCTTCTGGCCCTCGCCGAGATGACCTTCCCCTACGGGGTGGGGGCCACGGTGGAGGTGCGGGAGGAGGGCCTCGAGGCCCTCTTCGGCGAGGCCCCAAGCCGCGTCCTCTTCACCGTGGAGAAGACCCGCCTCCAGGAGGCCACCCTCCTCCTGGAGGAGCGGGGCCTCCCCTACCGGGTCCTGGGGGAGACGGGGGGGAAGAGCCTCACGGTCCTCACCCCGGGGGGTGTCCTAGAGTGGAGCCTGGAGGAACTGCTTTCCGCCTGGAAAGCGCCCCTCAGGGAGGTGCTGGATGGATAAGCCCCAGGAGGAGTGCGGCATCCTCGGGCTTTGGAGCGAAGGCCCCGTGGACGTGGCGGGGCTTCTCCACCTCGGCCTCCTCGCCCTGCAGCACAGGGGCCAGGAGGCGGCGGGGATGGCGGTCACGGACGGCAAAGCGTTCCTGGTGGAAAAGGACCTGGGCCTCGTGAACCAGGTCTTCACCGAGGAGCGCCTGGGGAAGCTCCGCCTTCCGGAGGCCCGCCTGGGCATCGCCCACACCCGCTACTCCACCACGGGCTCCAACCTGCGCATCAACGCCCAGCCCCTCACCGCCCGCACCGCCCACGGGGTCTTGGCCATCGCCCACAACGGCAACTTCACCAACGCCAAGCTCCTCCGCGACCGGCTCCTCCTGGAGGGGGCCACCTTCCAGAGCACCTCGGACACCGAGGTGATGCTCCTCCTCCTCGCCCGCATGGGCCACCTCCCCCTCCCCGAGGCCGCCGCCCAGGCCATGCGGCTCCTTCAGGGGGGGTATTCCATCCTCCTCATGAACCGCAAGACCCTCCTCGCCCTCCGCGACCCCCACGGGGTGAGGCCCCTCGTCCTCGGCAAGGCCCCCTGGGGCTACGCCTTCGCCTCCGAGCCCCCGGCCCTCCTCCTCATGGGGGCGGAGTACGTGCGGGACGTGCGCCCCGGGGAGGTGGTCTGGGTGGAGGAGGGAAGGCTCCAAAGCCTCCAGGCCCTCCCCCCAGAGCCCGCCCCCTGCGCTTTTGAGTGGATCTACTTCGCCCGGCCCGACAGCGTCCTGGACGGCACCGAGGCCTACGAGGCCCGGGTGAGGATGGGGATGGAGCTCTTCCGGGAGGCCCCCGCAGAGGCCGACCTCGTGGTCCCCGTCCCCGACTCGGGCATCGGGGCCGCCGTGGGCTACGCCAAGGCGAGCGGGCTCCCCCTGGAGTTCGGCCTCTACAAGAACCCCTACGCCGGGCGCACCTTCATCCAGCCCACCCAGGAGCTCCGCGACCTGAAGACGAGGCTCAAGCTCTCCCCCACGGGGGCGGTGAAGGGCAAGCGGGTGGTCCTGGTGGACGACTCCATCGTCCGGGGCACCACGAGCCGCCGCATCGTGCGCATGCTCAAGGAGGCGGGGGCCCTCGAGGTCCACTTCCGCGTCTCTAGCCCCCCCATCCGCTTCCCCTGCTACTACGGCATAGACACCGCGGCCCGCAAGGAGCTCATCGCCGCGGAGAAGAGCGTGGAGGAGATCCAGGCCTACATCGGGGCGGACTCTTTGGCCTTCCTCTCGGAGGAGGGGGTCAAGCGGGCCATCGGGCGGCCCGTCTGCCTCGCCTGCTTCAACGGGCGCTACCCGGCGGGGGTGCCCGAGGAGGGGGAAAAGCTCGCCCTAGAGCTTCTCTAGGACGAAGACCCGGGGGTAGACGCCCCCCTGCTCCACCACCCGGGCGTGGCGGAGGGCGAAGCCCGGGGGCAGGGCCCGCTTGAGGAGGGCGGGGCGCAGGGTGAGGAGGGCGACCCTTCCCCCGGGAGGGAGGAGGGCCAAGGCCCCGCGGAGGAAGTCCCAGTAGAGGTGGAAAAGCCCCTCCTTCCGGCCCAGGCGGAGGCCGTGGGGCGGGTTGGCGAGGATCCGGTCCACCTCGGGGAAGAAGCGGGGGAGGTGGCGGGCGTCGGCCCGAAGGAAGCGGATCCAGGAAAGCCCCGAGGCCAGGGCCGCCTCCCGGGCGAGCCCGAGCCTCTTCTCGTCCAGGTCCCCGGCGTAGACGGGGCTCGTGGGCCCCAGGGTGCTCGCCGCCTCGAGGGCGATGGTCCCCGAGCCCGTGAAGGGGTCCAGGACGCGCATCCCGGGGCGGGCGTCCGCGAGGCGGAGGAGGGCCTGGGCGAGGACGGGGGTGAGGCTTCCCCGGAGGGCCGCCTTGGGGAAGCGGCGGGAGAGGGGCCTTTCCGTGAGCTGGACCCCGAGGAAGGCCTCCTCCCCGCGGACGTCCACCCGGACCCGCACGGCCGGGCGCTTCAGGTCCACGGGCACGCCGTAAGCCCGGTGGAGGGCCTCCCCTACCCGCCTCTCCACCTCGGGGCTCGTGAAGGGGTGTTCCCCCTCCCTCCGGGCCTCCACGCGGAAGCTTCCCGCCCCCTCAAGCTCGGGCCAGGGAAGGGCCAAGGCGGCCCGCTCCAGGGCCCCCAAGGGGTCCTCCCGGGAAAGAAGAAGCCGGGCGCGGAAGAGGACGAGGTGGTGGGCGAGGCGAAGCCCCAAGGCCTCCTCCCCCACCCAGGCCCTGGGGATGCGGACCCGGCCCTTCCGGGCGTCCACCTCCGCCCCTTCGCCAGGGTAGAGGGCGGAAAGCTCCTCCAGGAGGAGGTCCTCCAGACCCGGGTGGGTGGTGGCCTCAAGCCACAAGGGCCTCCGCCTCCTCCCGAAGCCGCCGCAAGGCCTCCTTGCGGGCCCTAAGCTCGTGGCGCCTCTCCGCCAAGGCCTCGCACCGGTCCCGGTAAAGCCCCCGGAAGCGCTCCTCCTGCCGGGCAAGGCCCTCCTCCAAGGCCTCCTCCAGGGCCCGGCGCACGGCGGCGTAGGCCTCCTCGAGGCCTTGGGAGAGGAGGCGCTTCGCCCGCTCCTTGCGCCTCGGCAGGACGGAGAGGGCGAGGAAGGCCACGAAGAACCCCGCCAAAAGCCCGGTGAGGTCCGCGACCAGCCCCTTGAGCACCAGGGTCAGGGCCGCCCCCAGGCCAAGCCCCCCCACGCCCCCCGCCAGGGTGCGCACCACCGCCTCCTGGGCCAGGCCGGAAAGCCGCGCCG
NZ_CP144687.1_gap26	1128393	1130016	1623	GCCGTGGGGATCACGGTGAACAAGAACGCCATCCCCTTTGACCCCAAGCCCCCCCGGGTCACCTCGGGGATCCGCATCGGCACCCCGGCCATCACCACCCGGGGCTTCACCCCCGAGGAGATGCCCCTCGTCGCCGAGCTCATAGACCGGGCCCTTCTGGAGGGCCCCTCGGAGGCCCTGCGGGAAGAGGTGCGCAGGCTCGCCCTGGCCCACCCCATGCCCTGAAGGCCCCCGCGGGGCCCCCTTAAAATGGGGGGGATGCTCCGCCGCCTCGAGGTCCAAAACCTCGCCGTCATCCGCGAGGCCGCCTTGGACTTCGCCCCCGGCCTCAACGTCCTCACCGGGGAGACGGGCGCGGGGAAAAGCCTCCTCGTGGACGCCCTCGCCCTCCTCCTCGGGGGGCGGGCGGAGGGGCTTATCGGGCCCTACGGGGAAAGCCTCCTCGTGACCGCCTTCTTTGAGGGCCCCCCCGGGGAGGCGGTCCTCTCCCGCCGCGTGGGGGCCCGCTCCACCCCCAGGGTGGACGGGGAGGTGGTCACCCTGAAGGAGCTCCAGGCGGAAGCGGAAAGGCGCCTCTCCCTCCACGCCCAGCACACCGCCTTGGCCCTCCTCTCCCCCAGGCGCCAGCGGGAGGCCCTGGACGCCCTCCTCCCCGAGGGCCTCCTCGCCGCCTACCAGGAGGCCTACGCCCGGCGCGAGGCCCTCCTGAAGGAGAAGGCGGCCCTGGAGGAAAGCCTAAAGGCCCGGGCGGAGCGGGAGGACCTCCTCCGCTACCAGATCCGGGAGATTGAGGAGGCCCGGGTGCGGCCCGGGGAGGAGGAGGAGCTTTTGGCCCTGGCGGAGCGCCTCCGCCACCTGGAGACCATCCGGGAAAGGCTCGCCCGGGCCCTCGCCCTCCTCACGGAGCGGGAAGCCCAGGACCTCCTGGCCCTGGCGGCGAAGGAGGTGCGGGCGGCGGCCCGGCACGACCCGGCCCTCGAGGCCCTGGCCGAGGAGCTTTCGGGGGCGGCCGAGGCGGTCCGGGCCGTGGCCCGGGAGCTGGAGGACCACCTGGAGGGCCTGGACCTGGACCCCGAGGAGCTGGACCGGGTGGAGGCCCGCCTCAGCCTCCTGGAGCGCCTGAAGCGGAAGTACGGCCCCACCTTAGCGGACGTCCTGGCCCACGCCCAAAAGGCCCGGGAGGAGCTCGCCCGGATGGAAGGGGGGGAGGAGCGGCTTTCGGAGGTGGAGCGCCTCCTCAAGGCCCTCCACGAGGAGGTAGAGGCCCGGGGGCAGGCCCTGAGGCGGGCCCGGGAGGAGGCGGCGCGAAGGCTTACGGAGGGGATGGTGCGGGAGCTTCCCGCCCTGGGCCTCGCCGGGGCCCGCTTCGCGGTGGTCCTGGAGCCCCTCCCCGAGCCCGGCCCCCAGGGCCTCGAGGCGGTGGCCTTCCGGGTGGCCCCGAACCCCAACCTGCCCCCGGCCCCCCTCGAGGCCCTAAGCGGCGGGGAGCTCTCCCGCGTGGCCCTGGCCCTCGCCCTCCTCACGGGGACCGAGGCGCCCACCGTGGTCTTTGACGAGGTGGACGCCGGGGTGGGCGGGGAAACCGCCTGGCGGCTCGCCGAAAGGCTCAAGCGCCTGGCCGAG
NZ_CP144687.1_gap27	1195740	1199346	3606	CTGGTGGACCTCTACGAGTACCGGGTGGAGGACCTCCTCCAGGGCCGCACGCCTAAAGGGGGGAAGCAGGCCCTCCTAAGGCTCCGCCAACTCCTCATCCAGTCCCGCCTGCCGGGGCCCTTGGCCAAGCGCTTCCGCCAGGCGGACGCCCGCTTCCGCGCCCACAGGCGGGCCCTCGCCCCCGAGGCCCAAGCCCCCGTGGAGCTCCCCGCCATCGCCGTGCCCGAGGAGCCCGAGCCCCCGCCTCCGGAGGCGAGCCCCCTGGCCGCCCTAGCCCTCAAGGTGTGGCGGCTCCAGGTGGAGCGGGACGTGAAGGCCCGCCTCGAGGCCCTCCTCGCGGGGAGGCGGGAGGAGCTCCGGCTCATCCACGCCTTCCTGGACAACTTCGCCCTCTACCGGGAGACCCCGGGGTTCAAGAGGGACTTCAACCTCTCCCGCTTCGTCCCCACCCGTCCCATCCCCTCCCTCTCCGACACGCTCGTGGACCTGGACGACCCCAAGGTGGCCCAGGCCCTGGTGGTGGACTTCCTGGAGACGGCGCGGGAGCTTCCCAAGCTCCTCCCCCTTCCCCCGGAGGAGACGCGCACCTACGTCCGGCGCTTCCTGAACCGCCTCCTGGAGTGGGAGGGGGCCTACAACCTCCCGCCCAAGCCCGACCTCCCCGCCCTCCGCCGGGCCCTGGAGGAGGCCCGCCGCCTGGGCGCGGGCGAGAAGGAGGTGGCCCAGCTGGAGGAGCGCCTGCGCAAGGCGGCCCAGGAGGCGAGGCGGCGGGAGCTGCTCTTGGAAGAAGAGAAGGGGCGGTTCCGCGTGGCCCTGGAGAAGGTGGTCGCCCTCCTCAGCCTCCTCCCCACCCCCCAGGGGGAGACCCCCTGGCCCAGGGTCCCTGAGCCCGGGCAAGAGGAGGAGGGCCTCCTCACCCTGCGCCTCGCCCCGGGCCCCGTGGCCCTCGGCCCCCTCACCCTCACCCTGAGCCACGCGGGGGGCACCTGGTACCTGGGCCTCGAGGGGGAGGACCACCCCCTGGAGGACACCCTCGTCCTCCCCTGGGAGGACCTGGAGGTGTGGGCGGTGCGGGAGAACGACCTCCTCCACCTGAGGCTCGAGGCCCGAAGCGGCCTCCGCCTCTACGAGCTTCTGGCCGAGGGAAGGCTCCTCGCCTACCTCCTTCACCCGGGAAAGGACTACGCCTACCTCCGGCTCCTGAGGGGGCTTTCCGCCCGCCTCAAAGGCGAGTTCCAGGCCCAGGCCTTCGGCCCCGCCCTGGCGGAGAAGTACCGCAAAGCGCCGGAAGAGGCCCTCCAGGACTTCGCCCGCAAGGGCCTGGAGCTCACCCTCAAGCGCCTGGGCCAGGCCGACCCCCTTCCCCTCCTCCAAGAGGTGGGCCAGGCCCTGGGCCTGGAGGCGGAGGCCCAGACCCTGGGCCAAGCCCTCCGGGAGTACCTGGGCCGCCGCCCCCCCACCCGGGAGACCCTCGGGGGGGAGGTCCACTTCCTGGCCTTGACCCCCGAGCCCCAGGCCCTGAAGGTGGACCAGCACGTCCTCTCCGTGCGCCTAAAGGAGGACGCCGTCTACTTGGGCCAGGCGGGGGAGGTGCCGAGGCGGCTAAAAGACCTCCTGGTCTACCGCCTGGGGGGAAAGGCCCTGGTCCTGGCCCGGGAAGGGCGCCGCCTGGCCTACACCCTCCTCCCCCTCCCTTGACCTGGAGAAAGGCCAAGGTATAATCCCCTCCAAGGAGCGGCGATGCGGGTCTTGCGCCATAAGGCCTTCGCCCGCCTGGTGGCGGCCTACCTGGTCTCCCAAGCGGGGAGCAAGGTCCACCGGGTGGCCCTCCTCGTCCTCGTCTACCTCCTCACGGAAAACGCCCTCTGGGTCTCCCTGGTGCTGGGCACCCAGCTCCTCGGCACCGTGGTCTTCTCCCCCCTACTTTCCGCCTGGGCCGACACCCAGGACCGGAAGCGGCTTCTGGTCTGGTCCGACCTCCTCAGGGCCCCCCTCGTGGCCCTCATCCCCCTCCTCGGGGCCCAAAGCCTCCCCGCGCTCCTCCTCCTCGTCTTCCTCATGGAGCTCCTCCGGGACCTCCACGACCCCATCCAAAACGCCGTGGTCCCCGACCTCGTGCCCGAGGAGGAGGTGGACGAGGCCAACGGCCTCATCCTCCTCGCCGACCGCATCTCCGAGGTCCTCTTCGTGGGGGCGGCCGGGGTCCTGGTGGCCTGGGTGGGCCCCGCCTACGCCTTCTACCTGGACGCCCTCACCTACCTGGCCTCGGGTCTTCTCCTCACCGGCCTGCCCCCTTTGAAGCCCCAGGCCCTGCCCAAGGCGGGGTACCTGGAGCGGGTGAAGGAGGGCCTGGGCCACCTCTTCCGCCAGCCCGCCGTCCGCCGCACCGTGGGCACCCTCTTCGCCGCCGCCGCCTTCGGCTCAGTGGAGACCGCCTTGGGCGTGGTCCTGGCCCTCAAGTGGCTCGGGGTGGGTTCGGCGGGGTTCGGCTTCATGGAGGCGGCCATGGCCCTGGGGGCCATCCTGGGCGGCGTGGGCCTCCCCTACCTCCTGAGGCGGATCCCCCGGGAGCGCCTCTTCCTCCTCGCCCTCTTCCTCTTCGGGGTCTTTGAGGCCTCGGTGGGGCTTTTCCCCGTCTACGCCTGGGTCCTCGCCGCCTTCTTCGTGAGCGGCTTCCTCAACATGGCCTTCATCGTGCCCGCCCGCTCCATCCTCCAGCTCAACACCCCGCAGGAGATGCGGGGGCGGATCTTCGCCGCCTTCAGCGCCGTGATGAACGCCGCCGTCCTCCTCGGCACCATGTGGGGCGGGGCCCTGGAGGAACCCTTGGGCGCCCCCAGGGTCTTCCTCCTCGCGGGGGCCATGGTGGCCCTCGCCGCGGGCTACGCCCTCCTCACGGGGGGCATCCCCGCCCCCAAGGCCAAGGAGGCCTAGGCCTCCTTCAGCCAGCGGGCGGCCTCGAGGGCGTAGTAGGTGAGGATCCCCTGGGCCCCGGCCCGGCGCAGGGCGAAGAGGCTTTCCAGCACGGCCCGCCTCTCGTCCAGCCACCCCTTGAGGGCCGCGGCCTTGAGCATGGCGTACTCCCCGGAGACCTGGTAGGCGAAGAGGGGCTTGGCGAAGCGTCCCTTCAGGGCGGAAAGCACGTCCAGGTAAGGCAGGGCGGGCTTCACCATGAGCATGTCCGCACCTTCTAAATCGTCCAAAGCCGCCTCGCGAAGGGCGTCCCACAGGCCCGCCCGGGGGTCCATCTGGTAGCCCGAGCGGTCGCCGAAGCCCGGGGCGCTTTGGGCCGCCTCCCGGAAGGGCCCGTAGAAGGCGGAGGCGTACTTCACCGCGTAGGAGAGGATGGGCACGTGGGCGAACCCTCCCCGGTCCAGCGCCTCCCGGATGGCCTTAACCTGCCCGTCCATCATGGCGCTCGGGGCCACCACGTCCGCCCCCGCCTGGGCCTGGGAGAGGGCGGTCCTGGCGAGGAGGTCTAAGGTGGCGTCGTTGTCCACGTAGAAGCCCAGGGGGCCCTCCTTCACCACGCCGCAGTGGCCGTGGTCCGTGTACTCGCAAAGGCAGGTGTCGGCCACGACGAGAAGCTCGGGAAACTCCCGCTTG
NZ_CP144687.1_gap28	1200895	1204855	3960	AACCTGGGCCAGGCGCGGCTGGCCGCCCGGCGCCTTCTGGACCGGGCAGGGGGGGTGGTGGCATGGCCTACTTGACGGGCTTGTCGGCCTTGGGCGTGGACCAGGCGGTGTTCACGGGGATGGACGGCCTGGTCATTGAGGCCTTGGGCCAGGGGCCGCCTTCCGCCGAGGCCCTGGCGGCGGAGCTCGCCGCCTTGGCGCGGCGCATGGACCCCCTGGCCCAGGCTCTGGGCGGGAAGGTCCTCCGCTTCACCCTGGCCACGGAGGACCGGGAGGTCCTGGCCGTCCGGGTGGGGGAGTTCCTCCTGGGGGCGGTGGTCCACCGGGGCCTGAACCGCAAGGCCGTGGGACAGGAGCTTTCCCGCATCGCCCTGAGGCTGGAGGAGGCGTGGAGGGAAGGCTGAGGGAGGTCCTCGAGGGCCTTTTGGAGCGGGGCGTCCGGGGAGCGGCCCTACTCCGCCCCGACGGCCTCCTCCTGGAGGCGGTGGGGGAGGCCTCCGGCGCGGCGGAGCAGGCCGCCGCCCTTTTGGGCCTGGGCGTGGCCCTGGCCCAAAGCCAGGGGGAGGAGGTGGCGGAGCTCGTGGTAGAGTACCCCGAGGGCGCCCTCTTCCTGGCGCCCGTGGCCGGCCACCACCTCCTGCTCTTGCTGGAGGACCTCCAGGACCTGGGCCGGGCCCGGGTGGCCCTCAAGGGAGCGCGCCTGCGCATTGAGGAGGCGTTAGCATGAACGAGCTGAAGCTGGACATCAACATTGACAAGGACGTGGCCCAGGGCCGCTACGCCAACCTGGCCCTCATCGCCCACACCAAAAACGAGTTCATCCTGGACTTCGCCCTGCTCCAGCCCCAGGGGGGGGCCCTCGTGGTGAGCCGGATCGTCACCAGCCCCCAGCACGCCAAGGCCCTCCTCCGTAGCCTCGCGGAGAACATCGCCCGCTACGAGGAGGCCTTCGGCCCCATCCCCGAGCCCGTGGCGGAGAACCAGGCCTGAAGCCTCCCCGGTAAAACCCCCTGCCTCCCCCGCCCTACCCGGCGAAGGAGGCAGGGGGTTTACAGGTTTTCCCGCCACCAGTCCAGGTAGGCCCGAAGCCGGGCCAGGCGGCGGTCGGGCCGCCCCGAGCGGGAAAGCTCGTGGCCTTCCTCGGGCACCCGGAAGAAAGCGGTCTTCACCCCGAGGTGGAAGAGGGCGGTGTACCAGGTCTCCCCCTGGTCTATGGGGCAACGGCGGTCCTCTTCCGAGTGGACCACGAGGGTGGGGGTCCGGACCCGGTGGACGAGGCGGAGGGGGCTCTTCTCCCAAAGGACCTCGGGCCTTTCCCAGGGCTTGGCCTTAAGCTCCAGGTAGGTGAACCGGGGGCCGATGTCGCTCGCCCCGAAGAAGCTCAGCCAGTTGCAGATGCTCCGGTCGGTGACGGCCGCCTTGAAGCGCTCGGGGTAGCGGGCCGTGAGCCAGTTCGTCATGTACCCGCCGTAGCTTCCCCCCGCCACCCCCACCCGCTTGGGGTCCAGGGGGAAGTGGGCGAGGACGTGGTCCAAGAACCCCATGAGGTCCCGCTCGTCCCGCTCCCCCCACTCCCCCTCCAAAAGGGCGAAGTCCTGGCCGTAGCCCGTGGAGCCCCGGGGGTTGGAAAAGGCCACGGCGTAGCCCGCCCGGCGGAAAAGCTGGAGCTCCAGCATGGGGGCGGCCCCGAAGGCGGTGTGGGGCCCCCCGTGGATGTAGAGGATCACCGGGTGGGGTCCCTCCCCCTCGGGCAAAAGGACCCACCCCGGGACCTTGTGCCCCTCGGGGCTTGTCCACTCGGTGTAGAGGGGCTCGGCCAGGTCCAAGACCCCGGCGTTGGGGTCAAAGGTGCCCAGGGGGCCCTCGAGGCGGGCCGGGTGGGTGAAGTCCTCCTTGAGGAGGAAAAGCCCCCGCTCCGTGAGGGCGAAGGCGAGGACGCTCCCCTCCTCGGTGAGGGCCTCCGCCTTCCCGTCCAGGCCCACCCGGTAAAGCCGCGCCCTCCCCGCCTCGGTGCGCACCACATAGACCCCGTCTTCGCCCCACCTGGGGCCCTGGAGGTGCTGGCCGTAGCGCAGGTCGGAGTTGAGGGAGTTTTGGAGGCTCCCCTCGAGGAGCACCCGGGCCTCGCCCCCCCTAAGGTGGTAAAGCCTCGCCTCCGTGCCCCCACCCCGCTCAAAGGCGTGCCCCAGGAAGAAGAGCCCTTCGGGGCTCCACTCCAGGGCGAAGATGGGGCCCACGCCCCCATAGACCTTCTCCAGCCGCCCCTCCCGGAGGAGGAAGAGGGTGTCCCGGCCCTCCGCCTGGGCCCGGGCGTCCTCGGGCATGACCAAATAGAGCCCCTCGGGGGCGTAGACCATCTCCTTGGGCGGGGGGTAGCGGTCCAGGAGGAGGCGGGCCTTGCCCTCCTCCAGGGCGTAGAGGGCCACGTTCCCCTCGGGCAGGAGGCCGCGGCCGTCAAACTTGAAGGGCCAGCCTTGGAAGCGGCGGGGGCCGCCGGGCCTGGGCGCCTCCTTGAGGGCCAGGAAGGCCACCCCGCCCCCGGGGCCCAAGGCGTAGTCCAGGACCCCGGCGGTCTCCGTGAGGCGCTCCGCCTCGCCTCCCCGGAGGTCCAGGCGGAAAAGCTCCTCCCGCTCCCCCACCCGGCGCAGGAAGTAGAGGAAGGGGGCGCGGTAGCGGGGCCTTCTCGCCTCCTCCTGGGTGAGGAAACGCAAGGCCCCGTCAAAGAGGGCGATGCGGGAACGGTAGCGGGGCGGATCCCCCTCCTGGATCTCCGTGAGGAGGAAGAGGGGAAGGCCCTCAGGGCCTGGGGTGAGGTCGGAGAGGAAGCGGAGCTTCAGCAGGGTTTCGGGCTCCATGCCGCCATAATACTGACCGGTCATCCGCCCGCAAAGCTCCCCGGGAGGCATCGGGTAAGCTTTCCCCATGGACCGGGACGAGCTGGTGCGCTACCTGGACGCCTACCTGAGGATCCAAGACTTCCCCCAGGACCCCTCCCTGAACGGCCTCCAGGTGGAGGGGAAGAGGACCGTCCGCAAGGTGGGGGCGGCGGTGGACGCCGGGGAGGCCATCTTCCGGAAGGCCCTGGAAGAGGAGGTGGACTTCCTCATCGTCCACCACGGCCTCTTCTGGGGAAAGCCCTTCCCCATCGTGGGCCACCACAAGCGCCGCCTGGAGACCCTCTTCCAAGGGGGGATCAACCTCTACGCCGCCCACCTGCCCCTGGACGCCCACGAGGAGGTGGGCAACAACTTCGTCCTGGCCCGGGAGCTCGGGCTTGTGGCCCTCACGCCCTGGGACGTGGGGGTGAAAGGGCGCTTCCTCCAGCCCACCCCCCTCCTGCAGGTGGCGGACCGCCTGGGCCAGCTCACCGGGATGCAGCCTTTGGTGCACCAAGGAGGCCTGGACCACGTGGAGACGGTGATCCTCGTCTCGGGCTCGGGAACGGGCCTCCTCCCCAAGGTGGACGCCGACCTCTTCGTCACCGGGGAGCCCAAGCACAGCATCTTTCACGAGACCTTTGAGCGGGGCCTCAACGTCATTTACGCCGGCCACTACGACACGGAGACCTTCGGGGTGAAGGCCCTCGCCGCCCACCTCGAGGCCCGCTTCGGCCTCCCCTGGGTCTTCCTGGACCACCCCACGGGGCTTTAGATGCCGGGGCTCTTCCTCACCCTCGAGGGCCTGGACGGCAGCGGCAAGACCACCCAGGCGAGGCGGCTCGCCGCCTTCCTGGAGGCCCAGGGCCGCCCCGTCCTCCTCACCCGGGAACCCGGGGGAGGGCTTCCCGAGGTGCGGAGCCTCCTCCTCACCCAAGAGCTTTCCCCCGAGGCGGAGTACCTCCTCTTCAGCGCCGACCGGGCAGAGCACGTGCGCAAGGTGATCCTCCCCGGCCTCGCCGCGGGGAAGGTGGTGATCTCCGACCGCTACCTGGACTCTAGCCTGGCCTACCAAGGCTATGGC
NZ_CP144687.1_gap29	1208288	1212970	4682	GGGTGGAGCCGGTGGACACCACGTCGTCCACGATGGCCACCTTCTTGCCCCGAACCCGGGGGATGTCGGCCCCGTCCAGCACCAGAAGCTGGGGCTTCCCCGTGGTGATGGAGAGCACCTGGCGGCTCACGGGGTTGATCATGTAGGGCTTCTCCGTCTTGCGGGCCACCACGTAGGGCTTGCCCGTGATGCGGGAGAGGGCGTGGGCCAGGGGCACGGCCTTGACCTCGGGGGTGACCAGGACCTCCACCTCCGGGGGAAGCCGCTTGGCCAGCGCCTCGGCGGCCGCCTCGGTGAGCTCGGTGTCCCCCAAGAGGTTGAGCAGGGCCACGGCCACGCCCGGCCCCACTTGGACGATGGGGAGCTCCCTGCGCACGCCGGCGATCTCAACGGGGTAGGTCCTCACGGGCCCAGTCTATACTGAGGGCATGCTGCACGCCAAGATTGAAACCCTGGGCGTGGACCCCCAGAACGGCAGCGTGGTGGTCCTGCTCAGGACGGAAAACGACAAGCTCCTCCCCATCGTCATCGGCCCCCTCGAGGCCCACCACATCGTGGTGGCCCTCCAGGGGGAAAAGCCCCCAAGGCCCCTCACCCCCGACCTCCTCCTCTCGGTGATGGAGATGCTCCAGGCCAAGCTCAAGCGGGTGGAGATCGTTGACCTTAGGGACGGAACCTTTTACGCCCGCCTCATCCTGGAGCACCGGGGGATTGAGCTGGAGGTGGACGCCCGTCCCTCCGACGCCATGGCCCTGGCCCTCAGGGCGGGGGCGCCCATCCTGGTGGCGGAGGAGGTGGTGGAGAAGGCGGGCGTGGAGGAGGCCAACATCCGCCCCCACGGGGCGGCGGAAGCCTAAGCGGCGTTCCTCAGAGCGGGGGGCCGGGGCCATGCTTGGCCACCGAGGAACGAGCGCTTGCCTCCTGCGCCTCTTCGTCCCCTTTGTTTTCGCCCTCACCCTGGCCCAGGCCCAGCGCCTGGGGGTGATCGGGGACTGGGGGGCGGACACCAGGGGGCGGGCCCAGGTGGCGGCCCTCCTCCGAAAGGAGCACGCCCAAAGCCCCCTCACCGCCCTCCTCACCACCGGGGACAACTTCTACCCTAGAGGGCGGGTGGTGGAGGCCTACCTCCAAGACCTCCCCCCCGTCCCCCTCTACCCCGCCTTCGGCAACCACGACGCCCCGAACCTCGAGGCCCAGCTCCGCCGCTTCGGCCTGGAGAGGCCCCACTACCGGGTCCGCTTCGGCGGCCTCGAGGTCTTCGTCCTCTACACCGAAGGCGACCTCAGGACCCAGAGGGCCTGGCTGGAGGAGGCCCTGCAAAGCTCCACCGCTCCCCTCAAGGCCCTCCTCCTCCACCGCCCCCTCTACTCCTCGGGGCTCCACGGGGGAAGCCCCGCCTTAAGGAGCCTCCTAGAGCCCCTCCTCCGCCGCCACGGGGTGGCCCTGGTCCTCGCGGGCCACGACCACCACTACGAGCGCCTGGAGGTCCAGGGCCTCCTCCACGTGGTGACGGGAGGCGGGGGCGCGGGCCTCTACCGCACCCGCCCCCCCCTCCCCTGGAGCCGGGCCCTGGCCGTGGCCCACCACGCCCTCTTCCTGGAGGTGGGGCGGGAGGGCCTTTTGGGCTACGCCCTGGACCCCCAGGGGAAGCTCCTGGACCGCTTCCTCATCCCCATCCGCCCATGACGTGCACGTGGACGTGGAAGACCTCCTGCCCCCCCTTCTCCCCCACGTTCACCTGGACCCGGTAGCCCTCGAGGCCCAGGACCCGCGCCACCCGGTTCGCGGTGCGGAAGAGGGCCCCGAGCTTCCTCTCCCCTTCCTCGGTGTCGGGGTAGTCGGAGAGCTTCTCCACGTGCTCCTTGGGCACCACCAGGACGTGCACCGGGGCCTTGGGCCTGATGTCGTGGAAGGCCACGAAGCCCTCGTCCTCGTAGACCTTTTTGGAGGGGAGTTCCCCGGCGATGATGCGGCAGAAGACGCACTCCATGGAAGCATCCTACCGCACGGGAAGCTCCAGGGGCCCCCTGGCCCCTTCCTTCACCCCCTCCACCCGGCCCAAAAGGACGTACCCCTCCACCCCGTGGACCCGGGCCCAGACCGTCTCCCCGGGGCGGGCCTCGCCCTCAAGGCGGGCCTCGTAGTAGTCGGGGGTGTGGCCCAGGGCCTCACCCCCCTGCACCCTTTCCACCAGGACCTCCACCCGCTCCCCGAGCCTGGGGCGGATCCGCTCCTCCGCCAGGCGCTGGGCCAGGGCGATGAGCTCCTTGGTGCGCCGCTTCCGCACCTCCGGGGGGACCTGGGGCATGGAGGCCGCCCGGGTCTTGGGCCTTGGCGTGTAGGTGAAGGCGTGGACCCGGGTGGGCCTGAGCTCCTCCAGGAAGGCCAGGGTCTCCCGGTGCTCCTCCTCCGTCTCCGTGGGCAGGCCGGCGATGACGTCGGTGGTGAGGGCGAAGCCGGGGATGAGGTCGTAGGCCCGCTGCACCAACTCCCGGTAGTAGGCCTTGTCGTAGCGGCGGCCCATGAGCTTGAGGAGCCGGTCCGAGCCCGTCTGCAAGGAGAGGTGGAGGTGGGGCCTGACCTCGGGGGCGTAGCGGCCGATCACCTTAAGGAGGTCCTCCCCCGTGTCCTCGGGCTCTATGGAGGAAAGCCGCACCTTGGCCCCCAGGTGGTAGAGGTCCTCCACGAGCCCGGCAAGGCCCCGGGGGTGCCCCTTGTAGCTCCCGAGGCGCACCCCGGTGAGGACGATCTCCTTGATGCCCATCCGGAGGAGGGCCTCGGCCTCGGCCAGGGCCTCCCGGTGGTCCCGGTGGCGCTCCTTGCCCCTAAGCCTCGGGATGATGCAGTAGGCGCAGCCCGCTTGGCACCCGTCCTGGACCTTGAGGAAGGCCCGCACCCGGCTGTTTAAAAGCCCCCTCTCCCCCGCGCCCCAGAACTCGTTGGGCGGGGTGGTGATGGGGTCAGAGGGAAGGCCAAAGCGCTCCAGGATCACCCGGGGAAGCTCGGCCTTACGGGCGTTGGGGACCACCGCGTCCGCCCCGAGCTCCTTTAGGACCTCGGGGGCGAGCTCGGCGTAGCACCCCGTGACCACGATGAAGGCGTGGGGGTTGTACCGCCTCGCCCGGCGCACCTCCTTGCGGGTGTCCGCCTCCGCCGTGGTGGTGACGGCGCAGGAGTTGATGACCACGAGGTCCGCCCCCCCGGCCTCCAGGGGCACCACCTCCGGCTCCAGGGCCTTGAGGAAGCCCAAAAGGGCCTCGGTCTCCACCTGGTTGACCTTGCACCCCAGGGTACGGAAGGCGGCGCGCATCCTTCTGATTTTGCGCCGGGGGGAAGGCCCCGTCAAGGACGGAGGCCGTATAATCGGCAACCGTGCTGGTCGTGCCCGCCCGCCTCCACCGCTGGCCTCCCGAAGTGCAGGACCTCTTCGGCCGGGAAGGTCCCCTGGTCCTGGAGATCGGCTTCGGCGACGGCCGCTTCACGGCGGAGCTCGCCCGGTCGCGCCCCGACTGGCTCGTCCTCGGGGCCGAGGTCTCGGCGGCCAGCGTCCTCCGAGCCCTTCGCCGCATGCGCCGCGAGGGCCTCGCCAACGTCCGCCTCTACCACGGCCAGGGCCCCTTCGCCCTTCGGAACCTGGTCTTGCCGGGGACCCTGGACCAGGTCATCGTCAACTTCCCCGACCCCTGGCCCAAGAAGCGGCACCAGGAGCGGCGCCTCCTGCGGGAGGCCTTCTTCCGCAGGCTCTCCACCCGCCTGAAGTCCGGGGGGAGCCTCCTCCTCACCACGGACCACGAGGGGTACTTCCGCTTCGCCCTGGAGGAGGCGGAGCGGACCGGGCTCTACCGGGTGGAGGTCCGGCCGCCCCCCGAGGCCCACCTCCGCACCAAGTACGCCCTAAAGTGGAAGGAGGCGGGGCGGACCTTCTTCCACGCCGCCTTCATTAAGCTTCGCGAAGACCCCGCTCCCTGGCCCCCCTTAAGGAGGTACGACGTGGCCCACGCCCTGCTTTCCGGCGAGCTGCCCCAAGACCTGGCCCTGGAGAAGACCGCCGTGCGCCTGAAGGAAGGGGTCGCCGTCTTCCTGGAGGTGGCCCGGGGCAAGGAGGGGTTTTACGTCCTCACCCACGTGGAGGAGGAGGACCTGACCCAGGACCTGCTCCTCGAGGTCCGCAAAAGCGCCCGGGGGGTCTACGCCGGGGTGAGCCGCTTCGGCAGCCCCCTCATCACCGAGGCCGTCAAGGGGGCGGTGCGGGCCCTGGTGGACCGGCTCGAGGCCCACGGGCTGGAGGTGGTCCAGGACCACACCTGAGGCCGGGTAAGATAAGCCCATGGACCTGCCTCCCCGCACCGGCTCCCTCAAGTGGGGCACCTACCCCGAGGACGTCCTCCCCCTCTGGGTGGCGGACATGGACTTCCCCCCGGCCGAGGCGATCCAGCAAGCCCTCGCCGAGCGGGCCCGGGGCTTTCTCGGCTACCCGCCCCGGGAGGGGGACCGGGAGCTCAGGGAGCTGATCCTGGAGGCCCTGGGCCTCGAGGCGGAGCTCGCCTTCATGCCCGGGGTGGTGGTGGGGCTCTACGCCGCCGTGGCCGCCTTCACCGCCCCGGGCCAGGGGGTCCTCACCCAGGTCCCCATCTACCCGCCCTTCCTCGCCGCCATCCGGGACCAGCGCCGCACCGTCCTCG
NZ_CP144687.1_gap30	1229868	1234563	4695	CCTGGGGTTTAAGGAGGAGGCCCGGAGGGTAGCGGAGGAGGCCGAGAGGCGCTTCGGCCTTCCCCTCTTCCTCGCCGGGGGGAGCCTGGGGGCCTTCGTGGCCCACCTCCTCCTTGCCGAGGGCTTCCGGCCTCGAGGGGTCCTCGCCTTCATCGGCTCGGGCTTCCCCATGAAGCTCCCCCAGGGGCAGGTGGTGGAGGACCCCGGGGTCTTGGCCCTCTACCAGGCCCCGCCCGCCACCCGGGGGGAGGCCTACGGCGGGGTGCCCCTTCTCCACCTCCACGGCAGCCGGGACCTCATCGTCCCCCTGGCCCGGATGGAGAAGACCTTGGAGGCCTTGAGGCCGCACTACCCCGAAGGCCGCCTGGCCCGGTTCGTGGAGGAGGGGGCGGGCCACACCCTCACCCCCCTCATGGCCCGGGTGGGGCTGGCCTTCCTGGAGCACTGGCTTGAGGCCCGGTAGCGAGATCCTGGTGGGGCTCAGGGGCTACCGGGGCTTCCCCGGGGGGTTCAAGGCCTACCGCAAGGCCTTCCCCACGGTGGAGCTCTCCTGGTGGCACCGGGTGGGGGACGTGGGGACGATAAGCCGCCTCCGGGCCCTCGCCCCCGAGGGGTTCCGCTTCAGCGCGGTGGGCCACAAGCACCTCACCTTCCGCCCCACGGGGGAGGAAAGGCGCGTCCTTAGGCGGCTTCTCCGGCGCTTCCGCCTCTTCGGCCCCAAGGCGGGCGCCCTCCGCCTCCTCCTTCCCGAAGACCTTTCCCCGGAGGCCCTCGAGGCCTGGCTCCCCCTCCTCGAGGCGGTCCAGAACGAGCTCGGCCCGGTCCCCATCGCCTTCCAGGCCCCCGCGCCCCTGAAGCCCCTCCTCCTTGAGCGGGGCCTGGCCGTGGTGAACGCGGAGGAGGGCCCCTTCCTCTACCTCCTGGACCCCGAGCGCCTCCCCCCGGGGAAGGGGTACGCCTACTTCGCCCCGGAGCGGGTCTTCCCAAACCCACCTCCTGGGCCTACACTCGGGGAGGAGGTTGAGGGGCGTTGAAGGTGGCCAAGCGCTTCACCCTTAAGGACGCGGAGGAGCTTTACCTGGTGCCCCACTGGAGCGGGGGCTTCTTCCGGGTGGGGGAGAAGGGGGATCTGGAGGTCACCCCCTTGGGCCCCAAGGGCCCCGCGGCCTCCCTCCTGGAGATCGTGGAGGCCTTGAGGGACGAGGGCAGGCCCCTGCCCCTCGTGCTCCGCTTTCCCCAGATCCTCGAGGCCCGGGTCCGGGCCCTCAACGAGGCCTTCCTGGAGGCCATGGCGAAGTACGGCTACCAGGGCACCTACCGGGGGGTCTACCCGGTGAAGGTGAACCAGCGCCGCCTGGTCCTGGAGACCGTGGCCCGGGCGGGAAGGCCCTACCACCTCGGCCTCGAGGCGGGGAGCAAGCCCGAGCTCGCCCTCATCCTGGCCCAGGACCTCTCCGAGGAGGCCCTCATCACCACCAACGGCTTCAAGGACGACGACTTCGTCCGCCTCGCCCTCATGGGGAGGAAGCTCGGCCGCAACGTGGTGATCACCCTGGAAAAGTTCGCCGAGCTCTTTCGGGTCCTCCGCCTTTCTAAGGAGCTCGGCGTGAAGCCCCTTTTGGGCATCCGCTACAAGCTCAAGGCCAAGGGGGCGGGGCAGTGGGAGGCCTCCGGGGGCGAAAACGCCAAGTTCGGCCTCACCACCCCGGAGATCGTGCGGGCGGTGGAGGTCCTCCAAGAGGAGGGCCTCCTGGACGCCCTGGTGATGCTCCACGCCCACATCGGCAGCCAGGTCACGGACATCCGCCGGATCAAGGCTGCGGTGCGGGAGGCGGCCCAGACCTACGTCCAGCTCAGGAAGCTCGGGGCCCCCCTCCGCTACCTCAACCTGGGCGGGGGCCTGGCCGTGGACTACGACGGCTCCAAGACCAACTTCTACGCCTCGGCCAACTACACCCTCTCCGAGTACGCCGAGAACCTGGTCTACGTCACCAAGGAGGTGGTGGAGGCCCAGGGCGAGCCTCACCCCATCCTGGTCACCGAGAGCGGGCGGGCCATCACCGCCTACCACGAGGTCCTGGTCCTCCAGGTCATTGACGTCATCGCCCCGCCCGGGGAGGCGCGGCCAAGCCCCCCGCCCCCCGAGGCCCACCCCCTGGTGAAGGAGCTCTGGGAGAGCCTGCAAAGCCTCTCCCCCAAGAACTTCCAGGAGGTCTACCACGACGCCTTCGCCGACAAGGAGACCCTCCAGACCCTCTACGACCTGGGCCTGGTCTCCCTGCGGGACCGGGCCCTGGCGGAGGAGATCTTCTACCACATCGCCCGCCGGGTCCAGGCCATCGCCCAGAACCTCCCCTACGTCCCCGACGAGCTGGAAGACCTGGAGAAGCTCCTCGCCGACAAACTGGTCTGCAACTTCTCCGTCTTTCAGAGCCTCCCCGACGCCTGGGCCATCCACCAGCTCTTCCCCGTGGTGCCCCTCTCCCGCCTGCTGGAGCCTCCGACCCGGAGGGCCACCCTGGTGGACATCTCCTGCGACTCGGACGGCAAGATGGACCGCTTCATTGACCTCCACGACGTGCGCCAGACCCTGCCCGTCCACCCCGTCCGCCCCGGGGAGCCCTACTACCTGGGGGTCTTCCTGGTGGGGGCGTACCAGGACGTCCTGGGGAGCAACCACAACCTCTTCGGCCAGGTGGGGGAGGCCCATGTGCGGGTGGAGGAGGAGGGCTTCGCCATAGAGCGCTTCGTGGGGGGGGAGACGGCGGAGCGGGTGATAGAGAAGATGGGCTTCACCGCCCGGGAGCTGATGCTCGGGGTGGAGCGCCTGGTGCGGCGAAGCCGCCTCTCCCCCGCGGAGAAGGGCGCCTTCCTGGAGCGCTACGCCCGGGAGCTCCAGGGGTACACCTACCTGGAGGACTAGGCCCCCGCCCTAACCCGTTAAGGCCCGGCTAAGGGAGGGCGTGGCAGGATGGGGCCATGGCCTCCTTGAAGGGGCGTTATACTGGTCTTAACTTGTCCCCCACCCTGGAGCTCCTGGACCCCTTGAACCCGGTGCGGCGGCAGATGGCCCTTTGGCTCCTGCCCCTGGGAAGCCTCCTGGCGGGGGCGGCCTACTGGGCCTCGAGGCCAGGGGGCCTGGACCCCGTGGACCGGATCTTCCTGCCCCCAATGGCCCTAGGCTTTCTCGCCTTCGCCGCCCTCCTATGGCGCTTTCCCACCTCGGCCCGGTGGGTCATCCCCGGCGCCCACGCCCTCATCGCCTTGTACCTCCTTTCCACCCTGACCTACCAGCTCCTCTTCAAGCCTAACCCCTTGGGTCTCTCCCCCGCCGCCTACTGGGTGCCCTTCTTTTACTTCTCCAGCTACCTTTTCTTCCCCGCCAAGAGGGCAGCGCGCCTGGCCCTCCTCTACCTCCTCACCCTCTTTCCCGTGGCCCTTCTGGGCCTCATGCGCAACCCCTTCCAGCCCGTCCACTGGAACGCCCTGACCCAGTTCTTCGGGGCCAACCTGGCCTACGTGGGCCTGCTCTACCTGCTGGTGCGCCTGAAGGAAGGGTACATGGAGGCCCAACTGGACGCCTACACCGACTTTCTCACCGGGCTCAGAAACCGCCGCTATCTAGAGCTCATTTTGGAAAGGGAGCTCTTCCGCCTGCAGCGCTACGGCCGCCCCCTTTCCCTCGTCCTCCTTGACCTGGACGGCTTCAAGGCGGTGAACGACCTCCACGGGCACGAGGTGGGGGACCGGGTGCTCCAGGCCCTCGCCCAACGCCTCGAGGCCCACCTCCGGCGAAGCGACCGCGCCGTGCGCCTGGGCGGAGAGGAGTTCGCCCTTCTCCTCCCGGAAACCCCCCTCCCCCAGGCCCTGCGCCTGGCGGAGCGCCTGCGGCGGGCGGTGGAGGCCATGGCGGTGCCCCCCGTGGCGCGGATCACGGCGAGCTTCGGCGTGGCCGAGGCGCGCCCCACCGACACCCCCCTCACCCTCCTCCGCCGGGCGGACGAGGCCATGTACCGGGCCAAGCGCAAGGGGAAAAACCGGGTGGAGGCGGCCCCCAAATAAGTGCCCCACCGCGGCTTTCGCCGCGGTGAGGGCCCCAAAAGGGTCTTCCTAGACGCGCGGACGCTTACCCCCATGCTGGCTTGCGCCAGCATGGGGTGGCCTCAAAGCCCCGCTTCCCGCCTCAAGGCCTCCACCCGGTCCGTCTCCTCCCAGGGGAAGCCCGGGCGGCCGAAGTGGCCGTAGGCCGAGGTGGGGGTGTAGATGGGCCGCAGGAGGTCCAGCTCCTCAATGATGGCGAGGGGCCTCGGGTCAAAGACCTTCTTGGCGATCTCCGTGAGCTTCTCGTCGGGCAGGACCCCGGTGCCGAAGGTCTCCACCCTAAGCGAGACGGGCCTGGCCTTGCCGATGGCGTAGGCGAGCTCCACGAGGGCCCTCCTCGCAAGCCCCGCCGCCACGATGTTCTTCGCCATGTAGCGGGCGTAGTAGCTGGCGGAGCGGTCCACCTTGGTGGGGTCCTTGCCGCTGAAGGCCCCGCCCCCGTGGGGCACCGCCCCTCCATAGGTGTCCACGATGATCTTCCGGCCCGTAAGCCCCGTGTCCGCGTGGGGCCCGCCCAGGATGAAGCGGCCCGAGGGGTTGATGAGGTACTCCGTCTCCCCGTCCTTCAGGTACTCCGGGGGGATGGCCTGGCGC
NZ_CP144687.1_gap31	1278407	1280549	2142	CCCGGGGGGTGAGCGTGCTCGGGGCCGCCTTTTGGAGCGTCTTCTCCAGCCTGCCCCAGCCCCTCATGGCCGTGCCCGCCTACCTCTTCGTGGAAACCTTCCAACCCTTCCTGCCGGTGGGGCTTGGCCTCGCCGCCGGGGCCATGATCTGGATGGCCGCGGCCGAGCTCCTCCCCGACGCCCTGAAGGAGGCCGAGGCCGAGGGGGTGGCCACGGTCCTCACCCTCTCCGTGGCCCTGATGGTGGCCTTCCAGATCCTGATCGGGGGCTAAGCGCCCGCGGTGGGGTCCTTAGAGCCAGACCCAGGGGAGGGGGGCCTCGAGGTGGAGGGCCTCCAGGCTCGGCCGAACCCTATAGGCCTCCAGGACCACCCCGGCCTCCCGCGCCGCTTGGGCGGCCTCGAGGAGGGCCCGGTCCGCGGGGTCCAGGGCAAAGGCCTCGGCCAGGGGGTGCTGGACGAGCCAGACGGCGAAGGCCCCGTACCCCTCCCGGGCCAAGGCGGCGAGGAGGCGGAGGTGGCGCGCCCCCCTCGAGGTGGGGGCGTCGGGGAAGAGGGCGAGGGCCCCCTCCAGCCGGTTCGCGTTCTTGGCCTCAAAGAAGGCCTCCCTTCCCCCCACCCGGGCCCAGAAGTCCAGCCTTTCCCCTTGTAGCCCCACCTCCCGCCGCAAGGCCTCCAGGGGTCCGTAGCGCCCGGCGCGAAGGAGCCTTTCCAGAAGGGGCCCCGCCAGGGTGGCGTCCACCCCCACGAGGACGCCTTCCCGCTCCACCAGGTAAAGCCGCCCCCGGGTCTTGGCCGTGGGCCTCGGGTGGTAGTGGCCCCGGGTTCCGGGGAGGAGAAGCTCGGTGAGGCGGCCCGTGTTGGCGAGGTGGAGGGGGCCCACGTCCGCCTCCACCACGAACCGGTTCGCCCGCCGGAGGATCCGGCAGGGAAGGAGGGGAGGAAGGGGAAGCTCCATCCCCCCAAGGCTACAAAAGGGAAGGCCCGGGAGGTCCCGGGCCTTTTGGCGGAGAGGGCGGGATTCGAACCCGCGGCACCGGTTTTCCCGGTGCAACACCTTAGCAGGGTGCCGCCTTCGACCACTCGGCCACCTCTCCAAGCCTTTGGCGGAGGGTGAGGGATTCGAACCCCCGGTGGGCTTCGCGCCCACAGCGGTTTTCAAGACCGCCGCCTTCAACCGCTCGGCCAACCCTCCAAGGTATGGCCGCACCCCCTACTATGCGGGAAAAGGGGGGGCGGTGTCAAGGCTACCGGCCGAAGAGGGCCACCGAAATCCGGACCCGCACCACAAACCAGGCGAGGAGGAGGGGCACCCCCAGGGCCAAAAGCCCGTAGATCAGGAAGGCGGGCTTGGCCCCCAGGGGCTCGGGGAAGCCGGGGAAGCGCTCCAAAAGGCGGATGACCATGGGATGGACGAGGTAGATCTGCAGGGAGTAGCGGCCGAGGAAGGCCAAGGGCGCCCCGAGGCGGGTTCCGGCCAGGAAGCGCGCCAAGGCCAGGAGGAGGAAGGCCATCCCCGTGGTGTAGACCCAGTGAAGGGCCTGGTAGTGGAAGGTGTTCATCGGCTGGCCCTGCAGGGCCCTCAGGGCCAAGGGGAGGTAGAGGGCGAGGGCCAGGCCCGTAAGCCCCAAAACCCCGGGCCAGAGGCGGAGGAGGCGGGAAAGGTGCTCAAGGCGGCCTGCCAGGTAAAGCCCGAGGGCAATGGCCGGGAGGTACCATAGGACGAAGCTTCCCGGGTAGGGCAGGAAGCGGTACTGGCGGTTTAGGAAGTAGACCAGGAGGAGAAACCAGGCCCCGTGGGGCTACCTCCGGAGGAGGGGGACGAAGAAGGGCAGGAGGAGGGTGAGCTGCAGGGCCACCACCAGAAAGTAGAGGTGGAAGTAGGCCTTGCCGAAGAGGAGCTGGTGGAGAAGGCGCTCCGGCTGAAAGACCCCCGTGTCCCAGTAGCGGAAAAGAAGGTAGATCCCGCTCCAAAGGAGGTAGGGCCAAAGGAGGCGCAAGGCGCGGTTTCTCAGGTAGCGCCCCAGGCGAAACTCCCGGTAGAAGGAGGCCCCCAGGACCAGGGTGGTCATGAAGAGGAAGGCGGGGACGGCAAAGTGGAGGGTGCGGTTCGCCGCCGCGAGGAGGAGCCACTCCGGGCTCCC
NZ_CP144687.1_gap32	1353487	1355876	2389	TACCAGCGCCTTTGGCCGAAGTAGCCTGTATAATCGTCTCAAATACAACGGCGAGCCGATTGCCATTTCTATCGGCTACACGGAGGGCTACGGAGCCTTCCACCTGGAGCCACTCTATCCTCTCTTCCGAGAGTATCTGGAGGCGCAAGGTATCAGCACACGCGGAGGATACAATGTCGGTCCCCGCATCAAATGGCAGACCTGCGTTCGGGCCCTGGAGCGGCTGGGGCTCTCCGGTGCACTGTTGAAACACACAATCCGACGGGAGGTGTTCCTTTTTCCTCTGATCCACAACCTGGACGACTATATGGAGGGAAGGACAGACGAACCAGAGTACAAGGATCTCCCCTTTGCGGATTTGGGCGCTTATTGGCGAGAGCGATGGTTACTTCCCCGAGTAGCACGGGTGGATGGCTGGTATAAGTGGGAAGCCGAGCAGTTGCTGGAGAGCCTGCTCATGCGGAACGAAGCAAACGGGGTGCGTTCCGATGAACGGTGAAAACGAACGTCCATTTGCTGATCTACCCGCTGCTTTGGTTGAAGAGATGCTGATCCGGACAGAGCCATTGAGTCAGCGGATGCAGGCCGATTTTGAACGACTGCGGGCTGAACGCCATCAGCACCGTCAGGCCTTGGAGGAAAGCGGCATTCTCCGCCGGGAAGGAGAACTACCTGCTGTCTCCGTCCCCACCACCTGCGGAGTAGATGGGGCCTACGCCCTGGAGCGGCTGGTGGCGACCGATCTGGTGGCAGCCGCCGCGGTCGCGGTGGAGGGGCTCACGCCACCTTCGGAGACCCGCTTCTGGCCGGAGCCACGCCACCGGGTTTACGTGGATGCCGAGGCGCACGAGGAGGAGACGGGCACCCTGGCCCGGGCGGTGATGATGGGAATGGAACTGGAACTGGCGAGCCAGGCCCCGCACGATGTAGTCTTCCTGGACGGCTCCCTTACTACCCCGCTCATCTACTTCAACCAAGCCCTCAACCGAGCGATCCAGGCCCCCGACCTTCGCCTCACCGCCCACTTGCGCGACCATACCCTGGACTACCTCAAGGCTTACCACACGGTCCTCCAGGCCCGCCGCACCGACAGGGCATGGGTAGCGGTGCCCAAGTACTCGGTCCGCCGGGAGATCGGTGAGCGATTTAAATGGGAGATGGACGACCGGGCAATGCTCACGAACCTTTTGGAGCCTGGAGAGTTTACCGACCCCCAAAGGCTGGAACCGCCAAGACAGCCCTGGCACATCAATCTGAATCTCCTTTCCGAGGAGATCCGTGGGCAGGCGGAAAAGCTGCGGGATGAAATCATCCATCTGCTGAAGGAAGTGCGCGTTGTCTATTACCGCCCTTGGGCCTGGCTGCCGGCCCTACGGCTGGAGATGAGCCGCACCGTGGCGGAGAACCGGGCTCGGCTGGCAACGGTGATCCAGGCGCTGCGCTTTCAGTGCAGCGCGCCGGGGATGCTGGAGCCGTACCCCCTCTACCTAGCCGACCGGATGGTGAAACACCTGGGCCGGGCAGTACCTGCCCTGCGCCAGGTGACCAGCCAGCGGCTGGCCGTGACTTACGGCGGGGACATTGGCGATGTGTTCCTGAACCTGCACGGCTACCGTACAGAAGGCGGCCGTTAGGGGAGGAAATGCTATGTCGGAGCAAGTGGTGGACATCGATCGGCTGATCGACGAGGCTGAACGCATCGGTGTTGTGGGATCGCCCTCTTCGACCTCGGAATTGGCGCTGGATGTTCTGGCCAGCGCGGTGGATAAGAAACTGGTGGGGGAATTCGGTCTCTTCCGGTTCCGGCAAGACGGCAAGAACCACTACGCCCTGGGGCAGATCACCGAGGTGAAGTTGCGTAACGTGTGGCACGAGGACCCGACAATGAGGAGCCTCATCCGCCAGCGGGGGCGGGTGGACGCGGTGAGCGAGCGACAGGACACCCACCAGGGGGAGATGGCGGTCAGCGCCGTGTTCGCTCGCGACGGCAGCAACTACCGCCCCAGCATCCTGGGCACCGTCCCCGCTACCGGCACGCCCATCTGTCTAGTAGATGACCGGGTCCTGGACACCTTGCTGGCCCCCTACCGGGACCAACTCTTCTACCTGGGGCGGGTCTACGGCTCCACGCCCAGGTTGCCCCTTTGGTTCAAGCACTTCGGCCACGGTCCCGATGGCGCCGGCGAGGCGTACCACCTGGGCATATTCGGCAAGACCGGATCCGGCAAGTCGGTGCTGGCTAAGATGATCCTCCTGGCCTACGCCCGGTACCCGCAGATGGCCATGCTGGTGTTGGACCCCCAGGGGGAGTTTGCCAAGGACCTGCGCGGAGAGCCGACGGGGGAGTTTCGTCTGCCGATGAACGACGTGCTCCGCAGACTGGGTAAAC
NZ_CP144687.1_gap33	1374179	1375240	1061	AGAGCGCGAGGCCCCTTAAGGCCCTCCTCCTGGACCAGCGCCTCGCCGCCGGGGTGGGCAACATCTACGCCGACGAGGCCCTCTTCCGCGCCCGCCTAAGCCCCTTCCGCCCCGCCCGAAGCCTCACCGAGGAGGAGGCGCGGCGCCTCTACCGGGCCCTGCGCGAGGTGCTGGCGGAGGCCGTGGAACTCGGGGGAAGCACCCTCTCGGACCAAAGCTACCGCCAGCCCGACGGCCTCCCTGGGGGCTTCCAGACGCGCCACGCCGTCTACGGCCGGGAGGGCCTCCCCTGCCCGGCCTGCGGGCGCCCGGTGGAGCGGCGGGTGGTGGCCGGGCGGGGCACCCACTTCTGCCCCACCTGCCAGGGGGAAGGCCCCTAGCCAAACCGCCCCCGGCCCCGGTCCAGAAGGTAGAAGAGCCCGGCGGAGAGGAGGGCGAGGACCAGGGCCAGGGCCACCGCCTCCCGGAAAGGGCCCTCCCCGGGGCGGCCCAGCCGCTCGTAGATGGCCAGGGCCAGGGTGGTCCACTCGGGCCGCCAGAGGACGAGGCTCGCCCCGAACTCCCCCAAAAGGGCCGCCAGGGCCAAGGCCGTCCCCGAGGAGAGGGCGGGGAGGAGGAGGGGAAGCTCCACCCGGAGGAAGGCCCGAAAAGGGCCCGCCCCCAGGACCCGGGCCGCCTGGAGGAGGCTCGGGGGGAGGCCCCGGAGGGCGGGGAGGAGGGCCCGGGCGAGGAGGGGGTAGGCGAGGAGGGCGTAGGCGGTGAGGAGGAGAAGGAGGGAGCCCCGGAGGCCAGGGTAGGCCACGAGGTACCCGAGGCCCACGGCCACCGGGCTCACCATGAGGGGCAGGAGGCCCAAGAGGTCCACCCAGAGCCTCCCCCGGGCGGCGAGGGCGTAGGCCACCCCCAAAAGGAGGGCCAGGCCCAAGGCCCCCAGGCTGAAGCGGAGGGTGTTGGTCAGGGCCAGGGGCAAGGGGGTGAAGTCCTCCGAGGCCCAGGCGGAGACCAAGGCCAGGGGCTCCAAGCGCAGGGCCAGGGCGAGGAGGGGGGCGTAAACCCCGAGG
NZ_CP144687.1_gap34	1524281	1527860	3579	CCGGGTGGTGCCCGGGGTCGTGGTCCAGGAGGACATCTTCCAGGCCGCCCCCGCCGAGGCCCCCCGGCCCAAGCTCAACCCGAAGTACACCTTTGAGAACTTCGTGGTGGGGCCCAACAACTCCATGGCCCACGCCGCCGCCGTGGCTGTGGCCGAGTCCCCCGGCCGGGCTTACAACCCCCTCTTCATCTACGGAGGCGTGGGCCTGGGGAAGACCCACCTGATGCACGCCGTGGGCCACTCCGTGGCCAAGCGCTTCCCCCACCTGAAGATTGAGTACGTTTCCACGGAAACTTTCACCAACGAGCTCATCAACGCCATCCGCGAGGACCGGATGACGGAGTTCCGGGAGCGGTACCGCTCCGTGGACCTCCTGCTGGTGGACGACGTCCAGTTCATCGCCGGAAAGGAGCGCACCCAGGAGGAGTTTTTCCACACCTTCAACGCCCTTTACGAGGCCCATAAGCAGATCATCCTCTCCTCCGACCGGCCGCCCAAGGACATCCTCACCCTGGAGGCGCGCCTGCGGAGCCGCTTTGAGTGGGGCTTGATCACCGACATCCAGCCCCCCGACCTGGAAACCCGGATCGCCATCCTGAAGATGAACGCCGAGCAGCGGGGCCTGAGGATCCCCGAGGACGCCCTGGAGTACATCGCCCGGCAGGTCACCTCCAACATCCGGGAGCTGGAAGGGGCCCTCATGCGGGCCATCGCCTTCGCCTCGCTCAACGGCGTTGAGCTGACCCGCGCCGTGGCCGCCAAGGCCCTCTCCGACATCTTCGCCCCCAGGGAGCTGGAGGCGGACCCCTTGGAGATCATCCGCAAAGTGGCGGACCACTTCGGCCTGAAACCGGAGGAGCTCACGGGGAGCGGCCGCAAGAAGGAGGTGGTCCTCCCCCGGCAGCTCGCCATGTACCTGGTGCGGGAGCTCACCCGGGCCTCCCTGCCCGAGATCGGCCAGCTCTTCGGCGGCCGGGACCACACCACGGTCCTCTACGCCATCCAGAAGGTCCAGGAGCTCGCGGAAAGCGACCGGGAGGTGCAGGGCCTCCTCCGCACCCTCCGGGAGGCGTGCACATGACCCCTGTGGATAACCTGTGGATAACCCTGTGGATAACCGGGCTCAAGCTGTGGATAACCCTGTGGATAACCTGTGGAAAACTCCGGGGGGGCCGACCCCTGTGGATAACCCGCACTTTATCCACAGGTTATCCACAGGCCGGGGCCAGTTATCCACAGCAGTTATCCACAGCCCGTTTCTCGTCCTGGAGGGCGTTTTCCCCCGCTTATCCACATTTCCACAGGCCCTACTACTACGACTACGGATCTTTTAAAAGTTTTAAAAAGAGAGTCGTAATAGCCGTTAAAGGAGGCGTCGGGCAATGAACATAACGGTTCCCAAGAAACTCCTCTCGGACCAGCTTTCCCTCCTGGAGCGCATCGTCCCCTCTAGAAGCGCCAACCCCCTCTACACCTACCTGGGGCTTTACGCCGAGGAAGGGGCCTTGATCCTCTTCGGGACCAACGGGGAGGTGGACCTCGAGGTCCGCCTCCCCGCCGAGGCCCAAAGCCTTCCCCGGGTGCTCGTCCCCGCCCAGCCCTTCTTCCAGCTGGTGCGGAGCCTTCCTGGGGACCTCGTGGCCCTCGGCCTCGCCTCGGAGCCGGGCCAGGGGGGGCAGCTGGAGCTCTCCTCCGGGCGCTTCCGCACCCGGCTCAGCCTGGCCCCTGCCGAGGGCTACCCCGAGCTTCTGGTGCCCGAGGGGGAGGACAAGGGGGCCTTCCCCCTGCGGACGCGGATGCCCTCCGGGGAGCTCGTCAAGGCCTTGACCCACGTGCGCTACGCCGCGAGCAACGAGGAGTACCGGGCCATCTTCCGCGGGGTGCAGCTGGAGTTCTCCCCCCAGGGCTTCCGGGCGGTGGCCTCCGACGGGTACCGCCTCGCCCTCTACGACCTGCCCCTGCCCCAAGGGTTCCAGGCCAAGGCCGTGGTCCCCGCCCGGAGCGTGGACGAGATGGTGCGGGTCCTGAAGGGGGCGGACGGGGCCGAGGCCGACCTCGCCCTGGGCGAGGGGGTGTTGGCCCTGGCCCTCGAGGGCGGAAGCGGGGTCCGGATGGCCCTCCGCCTCATGGAAGGGGAGTTCCCCGACTACCAGAGGGTCATCCCCCAGGAGTTCGCCCTCAGGGTCCAGGTGGAGGGGGAGGCCCTCAGGGAGGCGGTGCGCCGGGTGAGCGTCCTCTCCGACCGGCAGAACCACCGGGTGGACCTCCTTTTGGAGGAGGGCCGGATCCTCCTTTCCGCCGAGGGGGACTACGGCAAGGGGCAGGAGGAGGTGCCCGCCCAGGTGGAGGGGCCGGGCATGGCCGTGGCCTACAACGCCCGCTACCTCCTCGAGGCCCTCGCCCCCGTGGGGGACCGGGCCCACCTGGGCATCTCCGGGCCCACGAGTCCGAGCCTCATCTGGGGGGACGGGGAGGGGTACCGGGCGGTGGTGGTGCCCCTCAGGGTCTAGGGGGTAGTATGGGGCGGGGGAGCGTGAAGCGCTTCCACAAGGGAGGTTGGGCATGACCACCATCGTCGGCGTCCGGGCACGCGAGGTTTTGGATTCCAGGGGCTTTCCCACGGTAGAGGCGGAGGTGGAGCTGGAAGGCGGGGCCAGGGGCCGGGCCATGGTGCCCTCCGGGGCCTCCACCGGAACCCACGAGGCCCTGGAGCTCAGGGACGGCGGCAAGCGCTACCTGGGCAAGGGGGTGCGCCGGGCGGTGGAGAACGTCAACGAGCGCATCGCCCCCGAGCTCGTCGGCATGGACGCCCTGGACCAGGAAGGGGTGGACCGGGCCATGCTGGAGCTGGACGGCACCCCCAACAAGGCCAACCTGGGAGCGAACGCCGTCCTCGCGGTCTCCCTGGCCGTGGCCCGGGCGGCGGCCGAGGCCCTGGGCCTGCCCCTTTACCGCTACCTGGGCGGGGTCCAGGGGGTCACCCTGCCCGTGCCCCTCATGAACGTCATCAACGGGGGGAAGCACGCCGACAACCGGGTGGACTTCCAGGAGTTCATGCTGGTGCCCGCGGGGGCGGGAAGCTTCGCCGAGGCCTTGAGGATCGGGGCCGAGGTCTTCCACACCCTCAAGGCCGTCCTCAAGGAGAAGGGCTACAGCACCAACGTGGGGGACGAGGGAGGCTTCGCCCCCGACCTCAGGAGCAACGAGGAGGCGGTGGAGCTTTTGCTCCTCGCCATTGAGCGGGCGGGGTACACCCCGGGCCAGGAGGTCTCCCTGGCCCTGGACCCGGCCACGAGCGAGCTTTACCGGGACGGGAAGTACCACCTGGAAGGGGAGGGCAAGGTCCTCTCCTCGGAGGAGATGGTGGCCTTCTGGGAGGCCTGGGTGGAGAAGTACCCCATCCGCTCCATTGAGGACGGCCTTGCCGAGGACGACTGGGAGGGGTGGCGGCTTCTCACCGAGCGCCTGGGGGGGAAGGTCCAGCTCGTGGGGGACGACCTCTTCGTCACCAACCCGGAAAGGCTCCGGGCGGGGATTGAGCGGGGGGTGGCCAACGCCATCCTGGTCAAGGTGAACCAG
NZ_CP144687.1_gap35	1534565	1536167	1602	GGGTCCCACCCCTCCCGCGCCCGCACCCGCGCCTCCTCCCTGGCCTCGCCCCCGCCCCGAAGCCGGATCACCGGCCGCACCCCCGCCTCCCCCAAAACCCCCCACACCTCCTTCCCGTCAAACCCCGCGTCCGCCAAAAGCCACCCTCGGGAAGGAGGAAACCGCCTCAGCACCTCCCCCCCAAGCCGGGGGTCCGGGGCGTAGCCCTCCCCCACCACTCCACCCCAGGGCCACAAGAGCCGCCTCTCCCTATCCCACCGCATCAGGGCCAGAAGCCGCGCGTGCCCCCGCACCCGCCGCACCTCCTTCCCCCGACGAAAGCGGAGAAGCCGGTCCTTGCTCCGGTAGGCCAGCCCCGTGGTGTCCATGAGGTAGAGGGGGGGAAAGCGCCGCCAGGTGTGCCGGCGCCTCGTCCGAAGCCGCTTCGCCTTCCGGCGAGGACTCCGGGGCGAGATGGGCCTCCAGTTCCCGGGAAAGCCTCTCCAGGAGGGCCTCAAGGAGTTTGGGGTCCAGGTGCTTGAGGGCGTAGCGGGCCAGGGACTGGTGGGAAGGGAAGGGGCCTTCCATCAGGTCCTGGAGTGAGGCCTCCGTCTCGCGGTAGGTGAGGTGGAAGAAGGCGCGGAAGAGAAGGAGGGCCAGGTAAAGGGCGTGGCTGTAGCGCCAGGGGCGGCCCCGCTTGCCTTTGGGGGTGGGAGGGGCCACCTCCCGGGCCAGGCGCAGGCAGTGTTCCAGGACCTCCTTGGGGCTTGCCTCCCTGCGAAGGAAGCCTCGCTTGCCCATCAGGAGAGAGATATACACCCGTCCTCCTGACCTTTGCAAGGCAAGCCCGGGGGATGTTGACAAGGAAAAGCCGGGGTGCTAACTTAGGGATTGCGCTGCCCTGAGGGGGGTAGCGGGGGATCTTGAAAGCTGGGGTGGATGAAGGGCTTTGAGGGTCCTTTGAGGGGTCAAGATGGTAAGGGCCCACGGTGGATGCCTCGGCACCCGAGCCGATGAAGGACGTGGCTACCTGCGATAAGCCAGGGGGAGCCGGTAGCGGGCGTGGATCCCTGGATGTCCGAATGGGGGAACCCGGCCGGCGGGAACGCCGGTCACCGCGCTTTTTGCGCGGGGGGAACCTGGGGAACTGAAACATCTCAGTACCCAGAGGAGAGGAAAGAGAAATCGACTCCCTGAGTAGCGGCGAGCGAAAGGGGACCAGCCTAAACCGTCCGGCTTGTCCGGGCGGGGTCGTGGGGCCCTCGGACACCGAATCCCCAGCCTAGCCGAAGCTGTTGGGAAGCAGCGCCAGAGAGGGTGAAAGCCCCGTAGGCGAAAGGTGGGGGGATAGGTGAGGGTACCCGAGTACCCCGTGGTTCGTGGAGCCATGGGGGAATCTGGGCGGACCACCGCCTAAGGCTAAGTACTCCGGGTGACCGATAGCGCACCAGTACCGTGAGGGAAAGGTGAAAAGAACCCCGGGAGGGGAGTGAAATAGAGCCTGAAACCGTGGGCTTACAAGCAGTCACGGCCCCGCAAGGGGTTGTGGCGTGCCTATTGAAGCATGAGCCGGCGACTCACGGTCGTGGGCGAGCTTAAGCCGTTGAGGCGGAGGCGTAGGGA
NZ_CP144687.1_gap36	1553488	1558097	4609	TTGACCTTGGCCACGGGCGGGTTCTGGTAGGCGTAGGGGTTGTCCTCGGCGAAGCGGACCTGGGCCTTCTTGCGGAGCTCTTCCAGGTAGGCCTCGAGGACGCCGTTCCCCTTGGCCCTCTCTGCGTCCTGGGCCACCCGGTCCTTGACCTCCTCAAAGGCGGGGAGGGTAGAGGGGAGGTATTCCTCCACCTTCACGATGTAGTACCGGCCTCCTGCGGCGATGGGCCCCACCACGCCCGGCCCTTTCAGGGCGAAGACCGCTTCCCCCACCTCCGTGGGGAAGACCACCTGGGTCACGGGCTTGGGCTCCGCCTCCCCGGGGCCCGCCCCCAAAGCGCCCCCCTGCTCCGCCCCCACCTTGGAGTGCTGGCGGGCCAGGGCGGCGAAGTCCTCCCCGGCCTTGGCCTTGGCGGCGAGCTCCTCGGCGAGGGCCTTGTCGTCCACCACGATCTGGCGGGCCTTCACCCGGGGCTCGGTCCTGTAGTTCTCCTTGAAGACCTCGTAGTAGAACCGCACCTCCTCCTCGGTGGGCTTGGCGCCCGAGCGGATCTGCTCCAGACGCTTTTGGATCTGGAGCTGGGTCTTGACCTCGGCCCTAAGCTGGGCGTCCGTGTAGCCCACCTGGTTGAGGAACTGCTCGTAGGCCGCCTTGTCCTTTAGGCCGAACTGCTCCCGGATGCGGTTCACCTCCTGGCGCACCTCGGCGCTGGAGACCCGCACCCGGGCGGCGTCCTGCTTCAGGGCCTCGGTGAGGATGACCTGCTCCAGGAAGTAGGTGTCCACCAAGGTCTTGAGCAGGCCCTCGGGGCTTGCGGCGTAGAGGGGGTCGTTTCCCTGGAGCCGGAGGAGGTCCAGCTCGTAGAGGGCCTTGCCGTTCACCCAAAGGACCGGCTTGCCCCGGGTCTGCTGCCCCGCCTGGGGGGTGAAGAGGAGGATGGCCCCCAGGGCGAAGGCCAGGGCCAGAAGGCCGAAGAGGATGGTGATGGCGCGTTTGCTGAGACCGAACACTTGACTGCCTCCTTTGCGGGTGCTAAAGTAGCTCTTGCTGTATGCGCCCGTAGCTCAGCTGGATAGAGCGTCGGCCTCCGGAGCCGAAGGTCAGAGGTTCGAGTCCTCTCGGGCGCGCCATTTTTCTTTTTTCCCCAAAGCCTTTGGGCATCCGAGCGAGATCCTTGCGCACGAAGGGATTGTAGCACACCTTCCGTGAGAAGCCGTAATAGCATGGGGGGGTGCTGCCCCTCCTTCTCGCCTGGCTCCACACCACCAACGACCTCTTCTCCAACTTCCTCACCCCCCTTCTGCCCAAGCTCATGGACCGCTTCGGGGTCGGCCTAGGGACGGCGGGCCTTCTGGTTTCCGCCTACTCCCTCACGGGGAGCCTCCTTCAGCCCTTCGCCGGCCTGGTGGCCGACCGGGTGGACCGGAGGCTCCTCGCGGCCCTCGGCCCCGTGCTGGTGGCTTTGGGCATGGGTTCCATGGGCCTTTGGCCCCGGTTTGAGGCCCTGCTCTTCGTCCTGGCCCTGGCGGGCGTGGGCTCCGCCCTCTTCCACGCCTCCGGGGCGAGCCTCGTGGGGGAGTACGCCCCCAAGGAGCGGAGGGGCTTCTGGCTTTCCTTCTTCGGCTCCGCGGGGAACCTGGGGCTTTCCCTGGGGCCCATCGTGGCCCTGTACGTGGCGGGGCGGTGGGGCCTCGAGGCCCTCTTCTGGCTCACCCCCCTGGTCCTCCTCCCCGCCCTCGTCCTCCTCCGCCTGCCCCCGGTGCGCCGCGCGGGGAGGCCCGCGGGCTTCCGGGACTTCCTGCGCGTCTTCCGGGGGGACGTGGCGCGGCTTTGGGGGATGGCCACCCTGCGGAGCCTGGTCTTCCTCAGCTTCTCCACCACCCTGCCCTACTGGTACGCCACCAAGGGCCTTCCCGACGGGTACACGGCCCTCTCCCTCTCCATTTACAGCCTCTCCGCCACCTTGGGCATCCTCGTCGGCGGGACCTTGTCGGACCGGCTGGGGCGGAAGGCGGTCTTGGTGGGCACCCTCACCCTGGGCTTGCCCCTTTACCTGGGCCTCCTCTTCTTCCCCGCGGAAAACCCTTTGTACCTCCTCCTCCTCGCCGCCACCGGGGCCCTGATGAACGCGGGGATCCCCGTGGCCGTGGCCCTGGCCCAGGAGCTGGAGCCGGGGCAGACGGCCACGGTCTCGGGCCTCCTCATGGGGTTCACCTGGGGCTTCGCCGGCCTCTTCTACGCCCCCATCGGGCGGCTCATTGAGGCCTTCGGGGTCCTGCCGGTGCTCTTGGGCCTCGGGGTGTTGCTCCTGCCCGCCTGGGCCCTGGCCCGGGGGGTGCGGGAGCCTGCCCGTACAATGGGGGTATGAGGATCCTCCTCGCCACCGACGGCTCGCCCCAGGCGCGGGGGGCGGAGGCCTTGGCCGAGTGGCTGGCCTACAAGCTTTCCGCCCCCCTCACGGTCCTCTTCGTGGTGGACACCCGCCTCGCCCGCATCCCGGAGCTTTTGGACTTCGGGGCCCTCACGGTGCCCGTGCCCGTCCTCCGGACCGAGTTGGAGCGGGCCTTGGCCCTTAGGGGGGAGGCGGTGCTGGAGCGGGTGCGGCAGAGCGCCCTGGCGGCGGGGGTGGCGGTGGAGGCGGTTCTGGAGGAGGGCGTGCCCCACGAGGCCATCCTGCGGCGCGCCCGGGCGGCGGACCTCCTGGTCCTGGGGCGGAGCGGGGAGGCCCACGGGGACGGGTTCGGCGGCCTCGGCAGCACGGCGGACCGGGTGCTCCGGGCCTCCCCCGTCCCCGTCCTCCTCGCCCCCGGGGAGCCCGTGGAGCTCGAGGGCGCCCTTTTGGGCTACGACGCCTCGGAGAGCGCCGTCCGGGCCCTGCACGCCCTCGCCCCCCTGGCCCGGGCCTTGGGGCTTGGGGTCCGGGTGGTGAGCGTCCACGAGGACCCGGCCCGGGCGGAGGCCTGGGCCCTCGAGGCCGAGGCCTACCTCCGGGACCACGGGGTGGAGGCGAGCGTCCTCGTCCTTGGGGGGGACGCGGCCGAGCACCTCCTCCGCCTCCAGGGCCCCGGGGACCTCCTGGCCCTGGGGGCGCCCGTGCGGCGGCTCGTCTTCGGCAGCACCGCCGAGCGGGTGATCCGCAACGCCCAGGGCCCCGTCCTCACCGCCCGCTAGCCCCGGGGTGGTATACTGTCCCCCAAACGGGAAAGGGGGAGCGATGACGGTTCGCCAGGTGCTCGTGCACAAGGGGGGTGGGGTCCACGCCATCCACCCCGAGGCCACGGTGCTGGACGCCCTGAGGAAGCTCGCGGAGCACGACATCGGGGCCCTCCTCGTCATGGAGGGGGAGCGGCTTCTCGGCATCTTCACCGAGCGGGACTACGCCCGCAAGCTCGTCCTCCTGGGGCGCTTCTCCAAGGACACCAAGGTGCGGGAGGTGATGACCACGGACGTCCCCACCGTAGCCCCCGAGGCCTCCTTGGAGGAGGCCATGCGCCTCATGACCGAGCGCCGCACCCGGCACCTTCCCGTGGTGGAGGGGGAGCGGGTCGTGGGGGTGGTGTCCATCGGGGACCTGGTCAAGGCCATCATCACCCACCAGGGGATGCTCATCGCGGAGCTTTCCCGCTACGTGAGCGAGAACCGCTAGTCCTTCAGGGCCCAGCTGAGCACCAGGCTCACCAGGCTCAGCACCAAGGCCCCCACCAGGGCGGCCCCGAACCCCGCCACCTCCAAGGGGGTGACGGCGGCGACGAGGAAGAGGACGAGGCCGTTCACCACCAGGGTGAAGAGGCCCAGGGTGAGGAGGTTTAAGGGGAGGGTGAGGAAGAGGAGGACGGGGCGCACGAGGGCGTTGGCCAGGCCCCACACCGCCCCCGCCACCAGGTAGTCCAGAAGCCCCGCCCCAGCGCGGAAGTAGACCCCGGGGTAGAGGAGGGTGAGGAACCAGAGGGCCACGGTGTTCAAGAGGAGGCGGGCGAAGAGGTTCCGCATGGCCTGAGGATACTAGGGCTCGGCGTAAAGGGGGGTGGAGAGGTACTTCCAGCCGCCGTCCGGGCTGATGCAGGCCACCCGCTTCCCGGGGCCGAGCTCCCGGGCCACCTGGAGGGCGGCCCAGACGATCCCCCCCGAGCTCATCCCCAGGAAAAGCCCCTCCTCCCGTGCGAGCCGCCGGGCCAAGGGAAAGGCGTCCTCCTCCCAGACCTGGATCACCCCGTCCAGGAGGGAAAGGTCCAGGTTCTCGGGGATGAAGCCCGGGCCCATGCCCTGGAACTGGTGCGGCCCCATCTTCCCCCCGGAGAGGACGTTGGAGCGGGCGGGCTCCACGGCGATGACCTTCACGTGGGGGATCCTTTCCTTGAGGTAGCGGCCCACCCCCGTGATCGTTCCCCCGGTGCCGGAGCCGTAGACGAAGGCGTCTATGCGGCCCTCCAGGGCCTCGTAGAGCTCGGGCCCCGTGGTCTCGTAGTGGGCCCGGACGTTGGCGGGGTTTTTGAACTGGTCCGGCATGAAGGCCCCGAGCTCCTCCTTGAGCCTTAGCGCCTCCTCCCTCGCCGCGAGCATCCGCCTTTCCGGGTCGGTGAGGACGAGCTCGGCGCCAAAGGCCTTGAGG
NZ_CP144687.1_gap37	1560395	1564756	4361	AGGGCCGCTTCGCCCCGGGCCTGGAGCGGATCCGGGCCCTCCTCGCCCGCCTCGGCCACCCCGAGGAGGCCTATCCCGTGGCCCTCGTGGGGGGGACGAACGGGAAGGGCACCACCGCCCGGACCCTCGCCGCCATCCTGGAGGAGGCGGGGTTTAGGGTGGGCCTCTACACCAGCCCCCACCTGGTGGACTTCCGGGAGCGCATCCAGGTTCAGGGAAGGCCGATCCCCGAGGAGAAGCTCCTCGCGCTTTTGGCGGAGCTCCGTCCCCACGCCGAGCGCCTGGAGGCGAGCTTCTTTGAGGCCGCCACCGCCCTCGCCCTCCTCCACTTCGCCCGGGAGGGGGTGGAGTTCGCCGTCCTCGAGGTGGGCCTGGGGGGGCGCCTGGACGCCACCAACGCCACAGAGCCCGTCCTCTCCGTGGTCACCAACGTCGGCCACGACCACCTCGAGGTCCTGGGCCCTACCCTGAAGGACGTGGCCCGGGAGAAGGCGGGGATCTTCCGCGGGGGCGTCCCCGCCCTCACCGCCGCCCAGGGGGAGGGGCTTGGGGTTTTGCGGGCCGAGGCCTTGGCCCGCAAAACCCCCTTGTGGGTCCTGGGGGAGGACTTCCACGCCGAAGGGGTGGAGGCTCTGCCCGAGGGCCTCGCCTTCACCCTGCGCCTGGAGAGGACGGGGGAGGCCCTGAGGCTCACCGCCCGCCTCCTCGGCCCCCATCAGGCGGAGAACCTGGCTCTGGCCGCCCTTTCGGGCCGCCTCCTCGGGGCGGGCTGGGAGGCGGTGAAGCGGGGCGTGGCCCGGGCGGAAAACCCGGGGAGGCTCCAGCGGCTTCTTTGGCGGGGGAGGGAGCTCCTTCTGGACGGGGCCCACAACCCGGAGGGGGCCTTGGCCCTGAGGGAGGCTCTGCGCTTCCACGGTCTGCTTCCCGCCGCCTTCGTCCTCGGCTTCAGCCGCGACAAGGACCACGCCGCCATGGCCGAGGCCCTGAGGGGCTTGGGCCCCGTGGTCCTCACCCGCTACGCCTCCCTGAGAAGCGAGGACCCCAGGGCCCTCCTTCCCCTCTTCCCGGGGGCCAAGGTGGTGGAGGACCCCCTCGAGGCCCTGGAGGAGGCTTTCTCCCGGGAAGGCCGGGTGGTGGTGGCGGGAAGCCTCTACCTGGTGGGGGAGGTTCTCCGCCGCCTTGAGGGGCTTCCCGCCGAGGAGCGTTGGCAGTAGGCTGGGCGCTTAGTCCAGGGCCTCGCGGATGCGCTTGGCCGCCTCGAGGAGCTCTTCCAGGGGCCGCACCAGGGCGATGCGGACGAACCCCTTTCCTCCAGGGCCAAAGCCCCTTCCCGGGGCCAGGGCCACGCCCCTTTCCACCAGCCTGAGGCCGAACTCCAGGTCGTCCACCCCCTCGGGAAGCCTTCCCCAGAGGTACATGGTGGCCCTGGGGGGGAGGAGGCTTAGGGCCCCCTTTAGGGCCTCGGCCATCCCCAAGGCCCTTTCCCGGTAGACCCGGGCGTAGCCTCGGACCACCTCCTTGGGGGTCTTCAGGGCCTCCACCCCCATGCGCAGGATCCCGGCGTACTGGTTGAAGTCTATGACCCCTTTCACCCGCTCCAGGCGGGCGAGGGCCTCCTCGCTCCCCAGGGCGAAGCCCAGGCGGAAGCCCGCAAGGTTGTAGCTCTTGGAGAGGGAGAAGAGCTCCACCACCCGCTCCTTGGCCCCGGGGAGGGCCAGGGGGGAGGGGGCCTCTCCCTCGTAGACCTGGTCCACGTAGGGGTTGTCGTGGACGAGCCAGAGGCCGTGCTTCCGGGCCAGGCCCAGGGCCTCCTCAAAGTAGCCCCAGTCGGCCACGGCCCCCGTGGGGTTGTTGGGGTAGTTGAGGAGGAGGACCTTGGCCTCCCGCCACACGCCTTCCGGCACCGCCTTCAGGTCGGCGAGGCCGTCCTCCCTTAGGGGGATGAGGAAGGTCCTCAGGGAGGCCACCCGGGCCGCCCCGAAGTAGCTGGGGTAGGCCACCTCGGGGAGGAGGAGGAGGTCTTCGGGCTCCGTGAGGGCGAGGAGGAGGTGGGCTAGGCCCTCTTGGCTGCCGATGAGGGCCAGGGCCTCCCGCCTGGGGTCCAGGCCCACCCCGTAGCGGCCCTCGTACCAGCGGGCCGCCTCCTCCAGGAAGGGGAGGGTGCAGCTCTTCAGGCAGTAGCCGTAGGTGGTGGGGTCGTTCAAGGCCTCGGCGAGGGCCTTCAGGGGGGCCTCGGGGGGCGGGAGGTCGGTGGAGCCGATGGAGAGGTCTATGAGCCCCACGCCCCGTTCCCGGGCCTTCCGCTTGGCCTCGTCCACCACCAGAAAAACCGAGGGCTCCGGGACCCTACTCATGGTGCCCCTCCCTCCAGGGCTTGCCCGTCACCAGGGAGAGGGCGTGGGGCAAAACGGGGAGCACGGCCTCCAAGGACTCCCTCGCCCCCTTGGGGCTTCCCGGGAGGTTCAGGATGAGGGTCCTTCCCCGGACCCCCGCCACTCCCCGGGAGAGGGCGGCCATGGGGGTCTTCCTGAGCCCCACGAGGCGCATGAGCTCGGCGAGGCCGGGGACCTCCCGGTCCAGAAGCTCCCGCGTGGCCTCCGGGGTCCGGTCCCGGGGGGCGAGCCCCGTCCCCCCGTTGGTGAGGATGAGGTCCAGGCCCTCCCGGTCCGCCCAGAGCCTGAGGACCTTCTTGATCATGGGGGGCTCGTCGGGCACGAGCTCGTAGGCCGCCACCTCAAAGGGCCCCCCGGCCAGGACCTCCCGGATGGCCAGGTGGGTGGTGTCCTGCCGCTCGCCGCGGAAACCCTTGTCGGAGACGGTGAGGATGCCCACGCGGAACATGGCCCCTCAGCGCAGCTCGGCGAGGGCCTTCTGCGCCCTTTCCTTCTCATACCGGTCCGCGGCGGTGCGGGCCGGGAGGGCGAGGGCGGTTTCCAGCTGTTTCCTCGCCTCCTCCTTCCTTCCCCAGGCGGCCAGGACCCTGGCGTACTCCACCCGGTGCACGATGGCCTCGGGCTCCAGCTCAATGGCCCGGCGCATCAAGGGCTCCACCCGGGCCCGGTCGGCCCCCTGGGTTGCGGCCACCAGCCAGCCCTTTTGCACCAGCTCAAAGTGCCACAGGGCCAGGGCCACCATGGCCCCCGCGTGGTCGGGCTTGCGCTTCAGGGTCTCCTCCAGGTCGGCGCGGATCCGGGGGGCGAGGCCCTCGGCCAGGGCCTCGAGGATCCCCTTGAACTGGGAAAGCCGTCCCAGGGCCCGGGCCCGTTCAAAGTAGGCCTCCGCGAGGCCAGGGTCCTGGGCGATGGCCTGGGAGGCGGCCTTCTCCGCCCGCTCAAACCAGGCCCGTTTCTCCTCGGGCTTGGCCACGTACATGGCGTGGTAGCTTGCCGCCTGGGCCGCGAGGACCAGGGCCTGGGGGGCGGCCTCCCGGACGCCCCGTTCGTAGGCCTCGGCGAAGCGCCCCTGAGCGATGAGGCCAGCGAGGTCCCCCTGGGCCAGGGCCACGGCCAGAAGCGCGGCCGCGAAGAGGGCTTGGCGCATGGTTCTCACCCGTTCCAGGATACCACCCCTTGGGTGTAGACTCGGGGCATGCGCGGCGTCTGGGCGCTGGCGGTGGCCTTGGGCCTCGCCTGGGGTCAAGGGGGGGACTACGCGGCCCGGTGCGCCCGCCTCTACGCCCAGGGGGCGCTGGAGGCGGCCCAGGCCACCTGCGAGCTGGGCCTCGTGGTCGCCCCCCAGGACCGGGAGGTCCTGCGGCTTCTCGTGCGCATCCACCTGGACAAGGGGGAGGTGGCCCAGGCCCAGGCCTACCTGGACCGCCTGGGCGAGGACCCGGAGGCCCCCTACCTCCGGGCCCGGGCCCTCCTCGCCGAGGGGCGGTACCGGGAGGTTCTGGCCCTGGGCCTCGAGGGGACGGAGGGGAGGCTTCTCCGCGCCCTCGCCTTGGAGCGCCTCGGGCGCCCCGAGGAGGCGTTGGCCCTGGCCCGGGGCCTTCCCTTGGACCGGGAGGTGCGGCTCCTTTTGGGGCGGCTTTACCTGGAGCTGGGCCGGCCCCTGGAGGGGGTGGCCTACCTGGGGGACACCCCGGAGGAGGTGGTCCTCAAGGGGCGGCTCCTCCTGGCCGGGGGGCGGCTTGCCGAGGCGGCCTCCCTCCTGGAGGAGGTCCGCTCCCGGCTTTCCCCGGAAAGCCCCCTCTACCGGGAGGCCCTCGCCGCCCTGGCCCTCGCCCGCTTCGGGCGGCTGGACGGGCAGGGGGGGTTTTCCCTTCTGGGGGAGCTCGCCCAGGTGGAGAACCTCCCCGGCCTGGGGCTTGCCCGCCTCTGGCCCTGGCTCCTCTGCGCGGTGGCCTTCCTCGGGCTTCT
NZ_CP144687.1_gap38	1565986	1569238	3252	ACCACCCTCCTCCGGGCGCCGGTGGGCGGCTTCGTGGAGGTGGGGGGAAGGCGGGTGCCCGTGCGCCGCACCTTCGGGGAGGTTCCGGAAGGGGCCCCGGTGGCCTACCTGGGGAGCGCGGGGCTTTTGGAGGTGGCGGTGAACCGGGGGAGCGCCCGGGAGGCCTTGGGGCTTAAGGAGGGGATGCCCGTCCGCCTCCTCTAGGCACCTCAAGCGGCTTTCGCCGCGGTGGGGGCCCGGGGATTGTGCCTTTTACCCCTGACACATACAGGCTCAGGCGTATATTGGGGGCATGCGGACGGACCGGAACCAGCTCCGCTTCAACCAGGCCCTCCTCGTCCTCCTTCTGCCCCTGGCGGCGCTTCTGGACCTGCCCTGGCTCGTCTACCTCCTCTTCCTCCTCATGGCGAGCCAGCACACCCCCCTGGACCTGATGGCGGTCCTTAAGCGCCTCCTCCGGGTTCCCCCGCAGATGGTGGACGAGGACCCGAGGCCCCACCGCTTCGCCCGCTTTTTGGGGGCGGTCTTCCTGGGGCTTGCCTCCTTGGCCCTCCTCCTCGGCCTGAAGCCTTTGGGCTACGCCCTCGCCCTCCTCGTGGCCCTCCTCGCCTTCGTCAACCTGGCCTTCGGCTTCTGCCTCGGCTGCTTCCTCTACCTCCACCTCCGCTACGCCCGCGCCCTCTTCACCGGGAAATAGCCTCCAGAAGCCGCACCATCTCAATGGCGGTGAAGACCGCCTCGGCGCCTTTGTTGCCCGCCTTGCCCCCGGCGCGCTCCTGGGCCTCCTCGGGGGTGTTGGTGGTGAGGACGCCGAAGACGATGGGCTTCTCCGTCTGGAGCATGGCCTGCATGAGGCCGCTCGCCGCCTGGCCCGCCACGTACTCAAAGTGGGGGGTTTCGCCCCGGATCACCGCCCCCAGGGCCACCACCGCGTCCACGTCGGGCCTTTGGGCCAGGCGCTTGGCCACCAGGGGAAGCTCAAAGGAGCCGGGGACCCAGGCCACCAGGACCTCGGCGGGGTCCCCGCCCAGGCGGGCGTAGGCCTCGAGGGCCCCCTCCAAAAGGAGCTTGGTCACCCGCTCGTTGAAGCGGCCCACGGCGATGGCGAGCCGTACCCCCTTGGCGGTGAGGATGGGGGAGAGGGTCTTGGGCTTCATGGCCCCAATATACTTTGGGGGTGGAGCGGTACCTCCTGGTGGCCCTGGGCGGGGCGTTGGGCTCGCTTTTGCGCTACGGCCTTGGGGCCTGGGTCCAGGGAAGCCTGGGGGCGGGGTTTCCCTGGAGCACGCTTTTCGTCAACGCCCTGGGGAGCTTCCTCATCGGCCTCACCCTCCGCCTCTCCCTGGAAGGGGCCCTCTCCGGCGAGGCCCGGCTCTTCCTCGCCGTGGGGGTTCTGGGGGGGTTCACCACCTTCTCCTCCCTGAGCTACGAGACCCTCGCCCTCCTCCAGGGAGGCGAGGTGGGGAAGGCCTTGCTCTACGCCTTTGGGAGCCTTTTCCTCGGCCTCCTCCTCGCCTTCTTGGGCTACCGCCTGGGCGGGGCCCTGGTAGGCTAGGGGCATGCGCTTGGAGGGCGAGGCCCTGCTCCTCCGCGTCTTCCTGGGGGAGTCGGACCGGTATGAAGGGAGGCCCCTTTACGAGGCCATCGTCCTCGAGGCCCGGCGCCGCGGCCTCTCCGGGGCCACGGTCCTCAAGGGCTTCATGGGCTTTGGGGCCCACTCCCGGATCCACACCGCCAAGATCCTCCAGCTCTCCGAGGACCTCCCCGTGGTGGTGGAGATCGTGGACACGGAGGAGAAGATCCAGGCCTTTCTCCCCGTGCTGGACGGGATGGTGCGGGAGGGGCTCGTCACCTTGGAGAAGGTGCGCGTCCTCCTCTACCGGAGCCGGTGATCCCCCAAAACGGCCTCCCCGGGAACGGGTATGACCTGGCCCGCTTTCTCCCTGGGGGTTTGGGGCTATCCTGAGGGCATGGACCCCCGCGTTCCCCCGGGCCAGTTCGTCACGGAGCGCTTCCCCATCCTCACCTACGGGGAGACCCCAAAGGTCGCCAAGGAGGCGTGGCGCCTCGAGGTCACGGGACTCGTGGAAACGCCCCTCGTCCTCACCTACGAGGACCTCCTCGCCCGGCCCCAGGTGGAGCTCACCCGGGACTTCCACTGCGTCACCCGCTGGAGCCGCCTGGACGTGACCTGGAAGGGGGTGCGGACGCGGGACCTCCTGGAAGAGGCCCGCCCCAGGCCCGAGGCCGTGGCCGCCTTGGTGGAAAGCTACGGGGGCTACACCACCAACCTCCTCCTGGAGGACCTCCTTAGGGAGGACGTGCTCCTCGCCCACACCCTCTTCGGCAAGCCCCTCCCCCCGGAAAGGGGAGGCCCCGTCCGCCTCCTCGTGCCCCACCTCTACGCCTGGAAGAGCGCCAAGTGGGTGCGCCGCATCGTGCTTTTGGACCACCTGGAGCTCGGCTTCTGGGAGCGGCTGGGCTACCACTGGCGGGGGGACCCCTGGAAGGAGGAGCGCTTCCAGGAGGGGCCGGTCCCCGCTCACCGGATCCGGTTTGCGGCGCGCAACAAACCTGGGCGTTAAAATGTTGGGGAGAGGTGAGGGCATGCGCCTGGAAGAGGCCCGGATCGCCGTGGACGAGGCCCTTTCCGCCTACCGCCGCTGCGTGGAGGCGGAGGTGGAGGAGTACGGCCCCGAGTACGAGCGGGTGACCTTCATGGAGTACGAGGCCCCGGCCCCCGACCCCTGCGCCGAGGCCTTCCTGCGCCTCGTGGAGGCGGTGCGGGCCTACGAGGCGGCGGGGGGAAGCCGGGAGGACCTGGACCTGGGCCGGGAGCGGAAACGGGTCTACGAGGCCCTGGACAAGGGGTAGGCCACGGGGCTTCCTTCCACGAAGTAGTAGGCTTCCCGAAAACCGAGCCCGGCGAGGAGGGCTTGGACCTCGGGGAAGGCGAAGCCCACCTCCTCCGGGCGGTGGGCGTCGGAGCCGAGGACGAGCCCGATGCCGAGCTCCCGGGCCCTCCTGAGGAGGGCGGGGGCGGGGTAGACCTCCTTCGCCGGCCTCCTCAGCCCGGCGGTGTTCACGTCCAGGAAGAGCCCCGCCTCGGCGACGGCCCTTAGGGCGGGCTCGGCGAGCTCCAAAAGGGCCTCCTCGGGGAGGCGGTGGCCGAACTTCTTAGGGAGGTCCAGGTGGCCGATGGCGTGGAAGAGGCCGCTTCGGGCCGCCTTCTCCACCTCCTGGAAGTAGGCC
NZ_CP144687.1_gap39	1584732	1588684	3952	TTGAGGAGGGCAAGCCACAGGGCGGGCCTTTCCTCAGGGGGCGTGGCCGCCCCGGAGAGGCGCAGGTAGAGGTAGCCCGCGATGAGGATGGCGAAGAGGCCCACCTCGGAAACGATGAACCAGGCCATCCCCATCCAGGCGTTGGACTTGCCGGTGACGGTGTGGTGCTCCACCGGGTGGCTGTACTCGTCCTCCAGGGCCCAGCGCACCAGGCCGTAGGCGAAGAGGGCGAGGAAGACCCACATCCAGACGTTGGGCACGGGGAGGGCCGCCACCGCCACGAAGAAGGCGAAGAGGGTGGCCGCCGAGTAGAAGGGCCAGAAGGAGCTGTTGGGCAGGTGGATGTGGGCCGGGTCCTCGGGCTTGAGCTCCACCCCCTTCTTCTTCCAGTCGTAAAGGGGCCTTTCGGAGGGGAACTCGGTGGGAAGCTTCACGTCAAAGTTGTGGGCCTTGGGGGGCGAGGCGGTGAGCCACTCCAGGGTGTAACCGCCCCAAGGGTTGTCGGGGGCCTTGGGGCCGGAGCGGAGGCTTTTCCACATGGTGTAGATCCAGACCAGCCCGCCCAGGCCCAGGATGTAGGCGCCGATGGTGGAGAGGAGGTTGAGCTCGGGCCAGCCGGCGATGTCGGCGTTGTAGGTGTAGTAGCGCCGGGGCATCCCCAGGTAGCCCAGGGCGTACTGGGGCAGGAAGGTGAGGAGGTAGCCCACGAGGAAGAGCCAGAAGTGGAGCCGGCCCAGCCTCTCGTCGTACATCCGGCCCGTCATCTTGGGCCACCAGTAGTAAAGGCCGGCGAAGGCCCCGAAGCCGGAGCCCGCCATGAGGACGTTGTGGAAGTGGGCCACCACGAAGTAGGAGTCGTGGAACTGGTAGTCCAGGGGGGTCATGGAGAGCATGACCCCGGTGATCCCCCCGAGGAGGAAGTTGAAGATGAAGCCCAAAACCCAGTAGAGGGGGGTCTTCATCTGCAGCTTCCCGCCCCAGAGGGTGCCGATGATGTTGAAGAGCTTGACCCCCGTGGGCACGGCGATGAGGGCGGTGAAGAAGGCGAAGGCGATCTGGAAGAGGGTGGACTCGCCCACGGTGAACATGTGGTGGGCCCAGACCATGGTGCCCAGGACCACGATCCCCATCTGGGCCCAGACCATCTGCTTGTAGCCGAAAAGGGGCTTGCGGGCGAAGGTGGAGGCCACCTCGGCGAGGATGCCCAGGTAGGGCAGGAGCATCACGTAGACCGTGGGGTGGGAGTAGAACCAGAAGAACTGCTGGAAGAGGACGGGGTCGCCCCCGATGTCGGGGTTGAACCAGGTGAGGCCGATCTTGCGGTCCAGGAGGACCAGCAGGGTGGCCGCAGTAAGCCCCGCCAGGCTGAAAAGGTTGAGCACGCTGGCGGCGAAGACGCTCCACACGTACATGGGCATCTTCCACATGCTCATCCCCTGGGCCCTGAGGTTGTAGATGGTGGCGATGAAGTTGGCGTTGCCGAGCAGGCTGGAGAAGCCCAGGAGGAGGATGGCCGCCAGGTAGAAGTCCACCCCGCTCCCCGATTGCACGGAGAAGGGGTAGTAGAAGGTCCAGCCTACGCTAGGGGCCCCGCCCGGGAAGAAGTAGCTCATGAGGGCGAGGATCATGGCCCCCAGGAAGGCCCAGTAGCTAAAGGCGTTCACCCGGGGTAGGGCCACGTCCCGGGCCCCCAGCATCAGGGGCACCACGAAGTTGCCGAAGCCGGTGAGCCCGGCCTGGATGATGAAGAAGAAGAGCATGGTGGCCCCGTGCAGGGTGAGGATCTGGTTGTACTGCTCTCCGGTGAGGAGGGTGTTGTTGGGCACCGCCAGCTGCGCCCGGATGAGGAGGGAGAAAACCCCCGCCAGGGCGAAGGCGAAGAAGGCGGTGGCCGTGTACATGAGGCCGATCTTCTTGTGGTCCACGGTGGTGAGCAGGTCCCAAAGGACCGCCCACAGTCCGGCTTTGGGTTTTGCAGTGATGGCCATCCCTAACCTCCTAGAACTTGGGCAAGGCCTTGAAGTCAAACCCTTCCACCTTTAGGCCCTCCAGGTAGCGGACCAAGGCCTCCAGGTCCTCCTCGGAAAGCTGAGGGAAGCCAGGCATCTGCACCCCGGGCTTCATCCCCGCGGGGTCCCGGATCCAGGCCTTGAGGTTTTCCGGGGTGTTCTCCACGATGCCCGCCCCCAGGCTCGTGCGGTTGCCCAAAAGCCCAAGATCGGGCCCGATGACCCCAGGGGGCATGCTCCGGGCCACGCCGTGGCAGGCAGCGCAGTTCTGCTGGAAGACCTGCTGGCCTCTTTCGTCGGCCACGGGGGCCGGGGAGGCCTTGGCCTGCTCCACGAAGCGGTCAAACTCCTCTTTGGGAAGGACCACCACGCGGAAGAGCATCCGGGCGTGGCTTGCCCCGCAGAGCTCGGCGCAGAAGCCGTAGTAGAGGCCAGGCTCCTTGGCTTCAAAGGAGATCCGGGTCGTTTGTCCCGGTATGGCGTCCCGCTTGCCGGCGAGCCCCGGCACCCAGAAGGAGTGGATCACGTCCTTGGAGGTGATCTCCAGCTCCACGGGGACCCCGGCGGGAAGGACGAGCTCGTTGGAGTTCCTTAGGCCAAGCTCAGGGTAGTGGAAGTCCCACCAGAACTGGTAGCCCGTGACCTCCACCTTCAGGGCCCCGGGGATGGGGCGGTTCACCTGGATGAGGGCCTTGGCCGTGAGGCCGAAGAGGACGAAGACGATGGCCAAGGGGATGAGGGTCCAGACCACCTCGAGGCGGTCGTTCCCGTGGATCTGGGGAGGTTCCTCCTGGTCCTCGGGCCTTGCCCGGAACTTCCAGGTGACGTACGCCAAGGACCCGGCCACCACCAGGAAGATCAGGAAGGAGAAGAAGTAGACCCAAGGGAAGAGGAAGGCCACCTCCTGGTTGAAGGAGCCGCCCGGGTGGGTGATGGCCACCCGGTGGGCCTCCTGGGCCAGGGACAGACCCCAAAGACCTAGCGCCGCGAAGCTTCTCTGCATCCCGTTACCTCCCTTTACACTGCCCGGTCTACCGCCATGGCCGCGAAGAGCAGGGCCAGGTAGAGCATGGAGTATTTATACAGGGAAACCGCGGTCCTCCGCTCGGGCCGGCGGTAGAGGGCCAGGCTTTTCAGAAGGAGTAGGGCGTTGAGGAGGAGGCTCGCCGCGAGGTAGAGGAGGCCGAGCTCCCCGAGGAGGAGGGGCATCAGGGAGATCAGGGCGGTGAGGAGGGCGTAGAGGGCGATCTGGATCACCGTGGCCCGCTCCCCCAGGACCACGGGGAGCATGGGCACCCCCACCGCCCGGTAGTCGTCCTGGATCATGAGGGCCAGGGCCCAGAAGTGCACCGGGGTCCAGAAGAAGATGAGGGCGAAGAGGTACCAGGCGAAGAGGCTGAGCTCCCCGGTGACCGCGGCCCAGCCCACGAGGGGCGGGAAGGCCCCGGCGGCCCCGCCGATGACGATGTTGTGCCAGGTGCGCCGCTTGAGGTAGAGGGTGTAGACCAGCACGTACCAGATGAGGCCCATGAGGGCGAGGGTGGCGGCGAGGAGGTTCGCCCCCCACCAGAGGACGGCGAACCCCAAGACGGCGAGGGCGAAGGCGAAGAGGAGGGCGTCCCGGCTGGAGACCCGCTGGGTCACGGTGGGCCGCTTGGCGGTCCGCTTCATGCGGGCGTCAATGTCCCGGTCCACCACCATGTTGATGGCGTTGGCCGCCCCGGCCATCATGTACCCTCCCAGGGCCACGGCGAGAAAGACCCCGAGGCCGGGCCAGCCCTTGGCGGCGATGAGGGCGCCGAAGAGGGCGGTGAAGAGGAGAAGGCTGATCACCCTGGGCTTGGTGAGGGCGAGGTAGTCCCGCCAGGTGGCCCCGCCCGTGCCCCGGTGGACCGCCTCGCCGCCCTCGCCGAGCTCCACCCGCTTCGCGCCCCGTTCCAGGG
NZ_CP144687.1_gap40	1605529	1607397	1868	TGCCTGGAAGAGGCGGAAGAGCTCCCGCGTGTCCACGGGGCGCTGGAAGGCGTAGGTGGCGTCCCGCTCCAGGGCGCGGCCCGCGGCCAGGGCCTCGAGGCAGCCCTCCAGTCCGCAGCCGCAGGCGGGCCCCCCGGGGAGGAGGGTCAGGTGGCCGAGCTCCCCGCCCTGCCCTCGCTCCCCCCGGAGCACCCTTCCCCCCAGGACCACCCCGCCCCCGATCCCCGTGGAGACGGTGAGGTAGAGGGAGCTCTCCTCTCCCTGGGCCGCCCCCAGGTGGTGCTCGGCCAAAGCGGCGGCGTTGGCGTCGTTTTCCAGGAAGACGGGCCTCCCCGTGGCCTCCTCCAGGATCCGGCGGATGGGGAAGTCCTGGACCCCCGGGATGTTGGGGGCGAAGCGGATCACCCCGCGGCGGAAGTCCAGGGGGCCGGGCGTCCCCAGGCCGATGGCCTCCCCCCGGACCCCCGCCTCCCTCTCCGCCCGCTCCGCGGCCTCGGCCAGGGCCTCGGCCACCCGCTCCCCGCCCTCCTTGGGCGTGGGGACGACCACCTTGGAGAGGAGCCTCTTTCCGTCAAAGACGCCGGCGGCGATCTTGGTGCCGCCCAGGTCCAGGCCCACCACCTTCACGGCACGTCCTCCCGCAAAAGGGCCTCGGCCTCGCCCAGGACCTCCTCGGGCACGTACAGGGCCACGTCCCCCATGTAGGTGCCCGTGGCCGCCTCGGGCAGGCCGGCGAAGGGGGTCTCCAGGTAGACCGGGAGGCCCCGGGCCTCGAGGCGGGCCTTCATCCCCTCGGCCACGGGCCTCGGGGCCACGAGAAGCCTGCGGTAGGGTTTCCCTGCGATCAAGCGGCGTTCCATAGGGCCTCCACCAGCCGCACGTAGGCCTGGGCCGCCTCCTCCACGGCCCGCAAGGGGACGTGCTCCATGGGGGTGTGGGCCAAGGCGGGGTCCCCCGGGCCCAGGCCCAGGACGGGGGCCTTGGCCCCGAGGTAGGGGGCGTCGGTGGTGAAGGGCCAAAGCCCCGCCTCCTCCTGCCCCAGGGCTTGGAGGGCCGCCTGCAGGAGAGGGTGGTCCTCCGGGAGGCGGTAGGGGGGCCAGAGGGCGGGGAGGGTCATCCGCACCTCCCCGGAGGCCCTCTCCTCCTCGGGCAGGTAGACCGAGGCCGGGCCCAGGGTGCGCAAGGCGGCGAGGAGCCCGTCCAGGTCGGCCTCGGGCTCGTAGCGCACGTCCAGGTAGAGCCGCACCACCCCGGGGGTCTGGTTCCGGGCCCCGGGGTAGGTGTCCACCCGGGTGGGGGTGAGCTTCACCCCGGGGGGCAGGGGGAGGTCCTGGAGGGCGAGGAGGTAGGCCCCTAGGTCAAAGAGGGGGTTTTCCGGCCCGGCGAGGGCGGCGTGGGTCTCCCTGCCCTCAAAGTCGGCCCACACCTCCGCCCGCCCGCGGTGCCCCCGCATGAGCCGCCCCGAGGAGGGCTCCCCCAGGACGAAGGCCAGGGGGGAAAGCCTTTCCGCGGCGAAGCGGCTCCCGAGGCCCCCCACCTCCTCCTGGACCACGGCGAGGAAGCGGACCCGCCCTTTTAAGGCCCCCCGCGCCAGGGTCTCCAGGGCGAGGAGCATGGCCACCAGGCTCCCCTTCATGTCCACCGCCCCCCGGCCCCAGAGGGACCCTTCGGCCACGGCCCCCTGGGGGTAGGGCCAGCGGGCGGGGTCGCCCACGGGCACCACGTCCATGTGCCCGGTGAGGACCACCTCGGGCCCCTTCTCGCCGAGGAGGGCCTCTATGTTCCCCGCCTCGTCCAGGGTGGCCTCGAGGCCCATCCCCTTCAGGGCCTCGAGGAGGAGCCCCGCCGCCTCCCCTTCCTCCCCGGGG
NZ_CP144687.1_gap41	1654317	1654835	518	GGGGGGGTTGGTATAGTGGGCGTTGCGGTGCGGTCCGCGGTAGCTCAGCAGGTAGAGCAGCCGGCTGTTAACCGGTAGGTCGCAGGTTCGAGTCCTGCCCGCGGAGCCAGAAAGGGGGGCCTAGGCCCCCCTGGGTCTTTTTTTTCCGGGGGAAGGCGGGGTATAATCTGGCTCTGTGCGGCCTGCCGGGCCCGGAAGGGAGGTGAAGATGCGCAGGTACGAGGTGAACATCGTCCTGAACCCCAACCTGGACCAGAGCCAGCTCGCCCTGGAGAAGGAGATCATCCAGCGGGCTCTGGAGAACTACGGCGCCCGCGTGGAGAAGGTGGAGGAGCTGGGGCTTCGCCGCCTGGCCTACCCCATCGCCAAGGACCCCCAGGGCTACTTCCTCTGGTACCAGGTGGAGATGCCCGAGGACCGGGTGAACGACCTGGCCCGGGAGCTCCGCATCCGGGACAACGTGCGCCGGGTCATGGTGGTGAAGTCCCAGGAGCCCTTCCTCGCCAACGCGTAAACTG
NZ_CP144687.1_gap42	1663264	1665455	2191	GGGCCTTCCCCCAGGGGAAAGGCGGGGCTACTTCCTGGGCTTGGGCCTCGGGGCCTACCTCTCCTGGAACCTGGGCACCGCCCTCGGGGTCTTGGGGGCCCAGGGGCTCTTGGCCTTCCCGGGTTTGGGGGAGGCCCTTTCCTTCGCCCTTCCCGCCCTTTTCTTCCTCCTGGCCCTGCCCCACCTGAAGAACCCCGTGGCCCTGCTGGCGGGCGGGGTGGCCCTGGGCTTCCACCTCCTGGGCCAGACGGCCTGGGGCCTCTTCCTGGCAGGGGTCACCGGGCTCCTTGGAGAGGGATTTGGCGAAAGGAGGCGTCCATGACCTTGGCCCTTCTCCTTCTGGCCCTGGGCACCTTTCTCCTCCGGTTCCTGCCCTGGCGGGCGGAAAAAGGCCTAAGGGCGGGCCAGGCGGGGCCCGCCTTGGTGGTGGCCCTCTTTCTGGTTTCCGCCTTCGGCCCGCCCCCCTCTCCCGAGTGGCTCCGCGCCCTCTTGGCTCTTCTCGGCACCTACATGGGGGTGCGCCTCACGGGAAATCTGGGCCTTGCCGTCTTCCTGGGGGCGGGGCTTTACGGGCTTCTTGGCCTTCTCTAGCGGTTCAGGATGTGGATGGCCTGCTTGTGGAAGGCCTCCGCCGCCTCCATGAGGCTTTCCGAGAGGGTGGGGTGGGGATGGATGGTGAGGGCGAGGTCGGTGAGCGTGGCCCCCATCTCCAGGGCCAAGGCGGCCTCGGCGATGAGCTCCCCCGCCTGGGGCCCCACGATGAAGACCCCGAGGAGGAGGTCCGTCTCCTCGTCCCCCACCACCTTGACCATCCCCTCGGCCCCGCCCAGGGTGAGGGCCCGGCCACTGGCGGCGAGGGGGAACTTCCCCACCTTCACCCTGTAGCCCGCCCGCTTCGCTTCCTCCTCGGTGAGGCCCACCCCGGCCCACTCGGGGGAGGTGTAGACCACGCTCGGGACCTGGTAGTCAAAGGCGCTGTCCTTGCCGGCGGCGTTCTCGGCGGCGATGAGCCCCTCCCGCATGGCCTTGTGGGCGAGGAGGGGGGGGCGGGCCGCGTCGCCGATGGCGTAGACCCCGGGGACGGAGGTCTCCATCCGGGCGTTCACCCGGATGAAGCCCCGCTCGTCCACCTTGACCCCGGCCTTCTCCAGGCCCAGGCCCTCCGTGCGGGGCTTCCGGCCCACGGCCACCAGGACCTTGTCCACCACCACCTCCTCCCCCTCGCCGCCCTCGGCGGGCTCGAGGCGCACGTGGAGGCCGTCCTTCTTCTTCTCGTAGCCCACGGCCTTGGTCTTGGTGCGAACCCTTATCCCCTCCTTTTCCAGGGCGCGCCTTAGGAGGGCGGCGGTCTCGGGGTCGCCCTGGGGGAGGATCTCCGGCATGTACTCAATGAGGGTGACCTCCGCGCCCAGGCGGCGGTAGACCTGGCCGAGCTCGAGGCCCACCGCCCCCCCGCCGATGACCAGGAGGCGCTTGGGGAGGCCCTCCTCTACCTTAAGGGCCCGGGTGGAGTCCCAGACGTCCTCGCCGAAGGGGAAGCCCTTGAGCTCCAGGGGTTCGCTCCCCGTGGCGAGGATCAGGCTTTTTGCCCCGTAACGCTCGCCCCCTACCTCCACCTCCTTGGGGCCCACCAAGCGGGCGAAGCCCCTGAGGAGCTCCACCCCGTTCCCCTTGAGGAGGGTGCCCACGCCCCCGGTGAGCTTTTTCACCACCTGGTCCCGCCAGCCGCCGAGCTTCCTCAGGTCCAGCTCCGGCTTGGCCTTCAGGCCGAACCCCTCGGCCACCTTCAGGTGGTGGAGGGTCTCGGCGGCGTGGAGGAGGGCCTTGGTGGGGATGCAGCCCACGTTGAGGCAGACCCCCCCCACCTCGCTCGCCTCCACCGCCAGCACCTTGAGGCCGAGCTGGGCGGCCCGGATGGCGGCGTGGTAGCCCCCCGGGCCGGTGCCGATCACGATGAGGTCGTAGGTCTTCATAGGCGTCATCCTACATTTCCAGAAGGAGCAGGTCGGGGTTTTCCAAGAGCCTGATGACCTCCCGGGTGAACATGGCCGCCTCGGCCCCGTCCACCAGGCGGTGGTCAAAGGAGAGGGAGAGGAACATGATGTCCCGCGGCCTTATGGAACCGTCCGGCATGACCCAGGGGCGCTTCCTTATGGAGTGCACGCCGAGGATGGCCGCGTCCGGCAGGTGG
NZ_CP144687.1_gap43	1669624	1670287	663	CTCGTCCTCATGGAGCAGCTCTACCGCGTCCTGACCTTGAGGGCGGGGCACCCCTACCACCGGCCATGACCTACGAGGCCTTCGTGGAGCTGGTGGAGAGGCTCTGGGAGGAGGTCCCCGAGGACTTCAAGCGGGGGCTTCAGGGGGTGCACGTCTTCCCCGAGGCCAAGCCGGAGCCGGGGCTTCGGGGCGTGTGGCGCCTGGGGGAGTACCTGGACCCCGGGCCGCCCTCGGCCTTCGGAGGGTTTGAGGACCTGGGGCGGCACATCGCCCTCTACTACGGCTCCTTCTTGGAGGTGGCGGGGGAGGGGTTTGACTGGGAGGCCGAGGTGTGGGAAACCCTCCTCCACGAGCTCAGGCACCACCTGGAGTCCCTGGCGGGGCGGGACGACCTCGTCCAGGAGGACCTCAGGCGCCTGGACGCTTTTCGCCGGGGCGGGCCTTCTGGGGAAGGGTAGGGGTTGCTTCCGCGAGGGGCCTGCGCTCGGCGAAGCCCCCGGAGAGGGGGTGGTAGTGGGCCACCTCGGGCTCCCCCTCCTTCCAGCAGAGGAAGACCACCTGCCCCCCTACCCGGCCGGGGAAGTCCACCAGGCCCTGGTCCAGGTCCTTGAGGAAGACCCCGAGGGAGGCGAGGTAGCGGGCGTCGGCCTCGAGGGAGCCCAG
NZ_CP144687.1_gap44	1681054	1685949	4895	GAGGTCACCTGGGCGAGCCGCGACGCCGAGGTGGAGGGGCTAAAGGTCCTGAAGGACAGGCCCATCGGCCTTCTGGACAGGCGGCTCGTTCTGGTGGGGGAGACCCCCGAGGAAGTGGTGGAGGGCCTCGTCCGCATGGCCCGGGAGGGCAAGGAGGTCCTCACCCTCTTCCTCGGGCCCAACACCCCCCAGGAGAAGGCCCAAGGGGTGGCGCAGAAGTTCCCCGAGCTCGCGGTGGAGATCCTCCCCGGCGGGCCGGACCTCTACGCCTATCTGGGCGTGCTGGAGTAGCGAAGTCTTTCGCCTTCTTCCCGACCAGGACGGGGCCGTGGAGGTGGCGGCGGTTTCGGCTGGGCTAGAGCTCAGCGCCCGGCTCCGCCTGGTCCTTCTGGACGAAAGGGGCGTGGTCCAGGCGGTGAGCGTGGCCCGGAACTGGTTTGGGGCCTACCCCGAGGTGGCCCCCTTGGGCCTGAGGCCCCAGGGGATCACCACCGACCCCGGGGTGCGCCTTAACTTCCGGGGGCAGGCGGGCCAGGCCTACCACCTGCGGGTGGAGAACTACGCCCTGGCGGAGGACCGGGTGAACCTCTCCGCCACGGGGTTTGTGCCCAACCCCTCGGGCAAGGGAGAGGCGTTGACCTCGGGAAGCGTCCAAGGGGCCATTGAGTTCGTCGGGGAGTTTGACCGCTACGACGTTTCCGGGGCCGGGGGCTACCTGCGTTTTGTCTACGCGGGCCCTCTGGACCTGGTGGCCCTCCTCTACAACGGTCCCGACGACCTCTACCCGAGGGCTTTGGACCCGGTGCGAAACTGCGCCCCCCTCTCCCCGGCCACCCTCCTCGTGGTCCGGGACCGGGGCCTCGCCCGGGCGGGATTTGACGAGGAGGGGAGCGGCCGCTACACCCTGGAGCTCTCCTCCACGCCCTGCCCTTAGGAGGATCATGAGGGCTAGATGAAGGTAGTTTAGCTTCTTGTAAGAAAACCTGCCGCGGCGCGTTCCCGTGCGCTGCGGCTTTTTGAGTTTGCAAAAGCCTTACAGATAAAAACCCAGGGCTTTCATGAGGGAAGCCACCTTCCCCTCTAAGGGGGCTCAAGGGTTCGTCCCCATACTCAGGAGGCGATGCGTGGCCTTCTCCTAGCCATCTCCCTCCTCGCCGTTCCGTGGCCGCAGGCCTTGGCCCAGAGCGCGGGAAAGCCCAAGGTCCTGATCCTCGAGGCCACCGCCTACACCTCCAGCGTCCGGGAGACGGACTCCACCCCCCACATCACCGCCACCGGGGCCCGGACCCGCCTGGGGATCCTGGCGGTGAGCCGGGACCTTCTGGAGATCCTCCCCTTCGGCACCAAGGTCCGGCTTAAGGACCTGGGCACGATCTACGGCCGGGGGAAGGGGCAGTTTGACGCCCTCTTCAAGGACATCGTCTTCGTGGTGGCGGACGTGATGAACGCCCGCTGGCGCAAGAAAGTAGACATCTGGTTCCCTGACCGGGCCACGGCCCTCCGCTTTGGCCGCCGCAAGGTTCAGCTGGAGGTGGTGGCCTACCCCGAGTAAGGGCGAGCGTATCCTGAAGGCGTGCGCTTCGCCCTCTTCCTCGCCTGGGCCCACATCTGGCGCCGCCCCCTTCAAAGCGCCCTCGCCGTCTTGGGCGTGGGCGTGGGGGTGGGGGTGCTTTTGGTGGCCCTTTCCCTGGCCAACGGCTTCATGGACGGCCTCGTCCGGGCCACGCTCAAGGCCTACCCCCAGCTCGTTCTCTTCAGCCTGGAGCCCACCCTTCCCCCCCTCCCTTCCCACCCGGAGGTGGAGGCCGCGGCCCCATTCGCCGCCACCAAGGCCCTCCTCACCCGGCCCGCCGAGGCGGGCCGGGGGCCCGGGGTGGACTTCGCCACCCTGGTGGGGCTCGGTGCGGGCGGGGAGGCCCTTTACCCCGAGCTCGGGCTCAGGCTGGAGCCTGGGGGGATCTACCTGGGCGCGGCCCTGATGCAGAGCCTGGACGCCCGGCCCGGGGACCGGCTCTACGCCCTTTCCGCCACGCAGGAGCGGGTGGAGCTCAAGGTGCTCGGGAGCTTCCGCACAGGGAACTACCTCATTGACAGCGGCTTCGCCTTCACCGACCTGGAGAGCGTGAAGCGCCTTTCCGGCCTCGAGGCCCAGGGGTACCAGGTGCGCTTAAAGGACCCCTGGCGGGCCCGGGAGGTGGGGTGGGCCCTGGCGGGAAGCCGCTTCTTCCCCCAGCCCTGGCAGGACACCCAGCGCACCCTCTTGGAGCAGCTTTCCCTGCAGCGGCAGGTCCTCGGCCTTTTGATCTTCCTCATCGTGGCCGTGGCCGCCCTTGGGGTGGCCAACCTCCTCTTCCTCAAGGTGGTGGAGAAGACCCCGGAGATCGCCCTCCTCCGGGCCATGGGGGCCTCGAGGGGGACCGTGGGCCTGGTCTTCGCCCTGGAGGGGGCGATCCTTGGGGTGGGGGGCGTGGCCTTGGGCAACCTCCTCGGCTACCTCCTCGGCCTCTACCTGGCCCGCCGCCCCCTGGACCTCCCCGGGGAGCTCTACTTCCTCACCCACCTCCCCGTGGAGATGCGCCTCGCCGACTTCCTCTGGGTAAGCGGGGCGAGCCTTCTCGCCGTCCTCCTCTCCGCCCTTCTTCCCCTTCTCCGGGCCCTAAGGGTGCGGCCCGGGGTTGTCCTGCGCTAAAGGAAAACCCGGGCCCCACATGGCCCGGGGGCACCCCGCAGGGCGGCGGTTACTTGAGCTCCACCACCGCGCCCACGGCCTCGAGCTTCTTCTTGATCTCCTCCGCCTCCTGCTTGGAAACGCCCTCCTTGACGGGGCCGCCCTTCTCGGCCAGGTCCTTGGCCTCCTTGAGGCCAAGCCCGGTGATGGCGCGGAGCTCCTTGATGACCTCCAGCTTCTTGGCCCCCGCCTCCTTGAGGATGACGTCAAACTCCGTCTTCTCCTCGGCGGGAGCGGCGGCCGCCCCGGCCGCAGGGGCCGCGGCCACGGCCACGGGGGCCGCGGCGGTCACGCCCCAAGCCTCCTTGAGGGCGTCAATCAGCTGCTTGAGTTCCAGAACCGTAGCCTGGGAGAGCTCTTCCTTGATCCGTTCAATGTCCAGAGCCATCGCTTACCTCCTCTTAAGCCGCCTTCTTCTCCGCGTACGCTTCCAGGATGCCTACCAGCTCGCGGGCCACGCCGCCAAGCACGCCCACAAGCTCCGCCATGGGCGCCTGGAGCACCCCCACGAGCTCCGCCCGGAGCTCGTCCATGGTGGGCAGCTCCGCCAGGGCCTCCACGTCCTTGGCCGTGAGGATCTGGCCCTGGAGGAGGCCGCTTTTCACCTGGGGGATGCCCTTGGGGTTGCTCTTGGCGAACTGGACCAGGGTCTTGGCCGCGGCCACCGGGTCCTCGTAGAAGACCACGGCGCTCGGGCCCTGGAGCCCGTCCAGCTCCGGCAGCCCCAGCTCCTTGAGGGCCAGGCGGATCAGGGTGTTCTTGGCGACGAAGAGCCTGGCCCCGTTCTGCTTCAGGGCCTGGCGGAGGGCGTGGGTTTCCTTGGCGGGGAGCCCCTGGTAGTTCACGAGGAAGAAGGAGCCCTGGGCCCGCTCAAGGTTCTCCTTGAGGGTGGCCAGAAGCTCAACGTTGCGCTTGTTCGGCACGCCTTCCTCCCTTTCGGGGCAGGGGAACCCCGGCCGGTTTGTCCTGGGATTTCCGAGGAAACGCTCCCCCTCAAGCGCCTCGGCGGGCTTTTTAAGGCCCGAAGGCCCCCCGCTGTCTTTGGCCTGGGCGCTGGCGCGCCCGGGGTGCCACCCTGGAGTCTAAGCGAGGGGCCTTGTGTCGTCAAGGCCTAAAGCCTTTTCAGGGCCTGGATGAGCTCGGTGAGGACCTTTTGCGCGTCCCCGTAGAGCATCCTTGTGTTTTCGGCGTAGAAGAGCTCGTTCTCCACCCCGGCGAAGCCCTTCCCCTGTCCCCGCTTGATGACGATGACGTTCTTGGCCTTGTCCACGTCCAGGATGGGCATGCCGTAAAGCGGGCTTCCCGGACGGCGGGCGGCGGGGTTCACCACGTCGTTCGCCCCGATGACCACGGCCACGTCCACCGTGGGGAACTCGGGGTTGATCTCCTCCAGGTCCTTGAGCTTGTCGTAGTCCACCCCGGCCTCGGCCAGGAGGACGTTCATGTGCCCGGGCATCCGCCCCGCCACCGGGTGGATGGCGAACTTCACCTCCACCCCGCGGGCCTCGAGGAGGTCCGCAAGCTCCTTCAGCTTGTGTTGCGCCTGGGAGAGGGCCATGCCGTAGCCGGGGACGAAGACCACCTTGCCCGCGTAGGCGAGCATCACGGCGGCGTCCTCCACGTCAATGGGCTTGAGGCTCCCCTTGACCTCGCCCGCCTCCTGCTCCACGCCGAAGCCCCCCACCAGGACGCTCCACACCGAGCGGTTCATGGCCCTCGCCATGAGCACGGTGAGGAGGGTGCCCGCCGCCCCCACCAGGGTGCCCGCCACCATGAGGGCCGGGTTCCCCACGGCGAAGCCCTCAAAGCCCACGGCCATCCCCGTGAAGGCGTTGTAGAAGGAGATGGCCACGGGCATGTCCCCGCCGCCGATGGGGAGGGTCATGAGGACGCCGAAGAGAAGGGCGAGGAGGAAGAAGAGGACGATGCTCGCCGTGGCGTCGTTCCAGAGGAGGGAAAGCCCGATCACCACCGTCAGGGCCAGGACCAGGGCGTTTACTGCCTTCTGCCCGGGGAAGAGGATGGGGCGGCTCTTCATGATCCCCTGGAGCTTGGCGAAGGCGATGAGGCTTCCCGTGAAGGCCACGCTCCCGATGAGGCCGCCCAGGATGGCCAAGGCCATGAGCCCCGTGTTCTCAAAGGCCCCCTTGAGGAGTTCCACGGCGGC
NZ_CP144687.1_gap45	1825883	1828063	2180	TCCTCAAAGTAGCGCACGCACCGCTTGCAGTGGATGCACCGCTCCCGGTCCAGGATGACGAAGGGGGAAAGGGGGTGGTGCTTGTCCACGTGGCGGCGGGTGAACTCAAAGCGGGTGTAGACGGGAAGCTCCAGGGGGCCCTTCTGGTAGTACTTCTCGTAAAGCCCGTACTCCACGGTGCGGTCCTGGAGCTCGCAGGCCCCGCCCTTGTCGCAGGTGGGGCAGTCCAGCGGGTGGTTGAGGAGGGTGAACTCCACCATCCCCGCCTGGGCCTCCCGCACCACGTCCGAGAGGGTGTCCACCACCATCCCGTCCGCCACCGCCGTCACGCAGCTTGCGGCGAGCTTGGGCTGCCACTGGATCTCAGGCTCGCCCTTCTCGTTGAGGAGGGGCTTCCCGTCGGGGCCCTTCTTGGGAAGGCCGATCCGCACCAGGCACATGCGGCAGGCCCCGATGGGGGAGAGGTGCTTTTCCGAGCAGAAGAGGGGCACGTCGTACCCCGCGTGGAAGACGGCGTCCATGACGCTCGTCCCCGGGGGCACCTCCACGATGCGGTCGTTCACCTTGACCCGGACCATCTCACCTCCAGAGGGAAGGCCTGGGCACGGGGCGCTTCTCCCGCGCCAGGGCCAGGTACTGGTCCTTGAAGTGCCTTAGCGAGCCCTTCACCGGCCACACCGCCGCGTCCGCCAAGGGGCAGAAGCTCCGCCCCTCAATGAGGGGGAGGAGGGCTTCCAGGTTCTCCACGTCCTTCTCCTCCCCCTGGCCGGTGCCGATCTTGGCGAAGAGGTTCACCATGAACCCCGCCACGCCCTCGCGGCAGGGGGTGCACTTGCCGCAGGACTCGTGGGCGTAGAAGCGGGTGAGGTTCCACATGGCGTCCACCATGCTCACCCGCTCGGGGATGAGGATCACGCCCCCCGTTCCCAGCATGGAGCCCTTGGCCTGGAGGTGCTCGTAGCTCATGGGGGTGTCCAGGACCTCCTCGGTGAAGGGCAGAGGCGGGGTGGAGGACCCCCCGGGGATGATGGCCTGGATGGGCTCCAGGGGCCCGCCCGCCCACTCGTAGATGAGCTCGCGGAACGTGGTGCCCATGGGGAGCTCGTACACCCCGGGGCGCTTCACGGGCCCGGAGATCTGGTAGAGCTTCATCCCCTTGGACTGCTCCGTGCCCATCTGGGCGAACCAGTCGGCGCCCCGTTCCATGATGGGCACCACGGAGGCCAAGGTCTCCACGTTGTTGATGGTGGTGGGCTTGCCCCAAAGGCCCGACTGGGCGGGGAAGGGGGGCTTCAAGCGGGGGTTCGCCCTTAGGCCCTCCAGGGAGTTCATGAGGGCCGTCTCCTCGCCGCAGATGTAGGCCCCGGCCCCCCGGTGGACGTGGAGGTCAAAGGAGAAGTCCGTGCCGAAGAGGTTCTTCCCCAGGTAGCCCCGGGCCCGGGCCTCCTTGATGGCTTGTTCTAGCCGGTCCGCCGCCCTGCGGTACTCCCCGCGGACGTAGATGTAGCCCACCGTGGCCCGGATGGCGTACCCGGCGAGGATCATCCCCTCAATGAGGAGGTGGGGGACGTCCTCCAGGATGTAGCGGTCCTTGAAGCTCCCGGGCTCGGACTCGTCGGCGTTGCAGATGAGGTAGTGCTGCTTCCCGTCGTCCTTGGGCATGAAGCTCCACTTAAGCCCCGTGGGGAAGCCCGCCCCGCCCCGGCCCCTAAGCCCGGAGCGCTTCACCTCCTCTATGACCTCGTCCGGGGTCTTCTCCTTGAGCACCCGCTTCGCCGTCTCGTACCCCCCGTGCCGGAGGTAGTAGTCCAGGGTCCAGGACCCCTCCTTCCCCACGTGGGCGTAGAGGGTCCGTTCAAACCTAGGGTCTAGTCCGGAAACGATGGGGCCCGTCATACCTCCACCTCGTGCACGTGGTGGCCGCACTTGCCGGGAAGCTCAATCTCCTCAAGCCGCTTCCCCGCCCTGAGGCCCGCGAGAAGGGCCTCAAGCCTCGCCCGGGTCACGCACTCCACGTAGGGCTCGTCGTTCACCTGGATCACGGGGGCGGTGTGGCAGCTTCCCAGGCACTCCACCTTCTGCACGCTGAAAAGCCCGTCCGGGGTCACCTCCCCCGGGCCGATGCCCAGGGTCTCGGTGAGGTAGTCCCAAAGCTCCTCGGCCCCGGCGAGCTTGCAGGA
NZ_CP144687.1_gap46	1842959	1846069	3110	TCGTGGTGGAGCGGGAGGAGGCCATTGAGGCCTTCCGGCCCGAGGAGTACTGGGTCCTCCGGGGCGTCTTCGCCGTGGAGGGCGGGGAGGCCCCCCTGGTGGCCACGCTCCACGAGGTGGAGGGGAAGCGCCTCTGGACGGGGCAGGGGGAGAAGGAGGGCCGGCTCCACCTCGCCTCGGAGGCCGAGGCCCATGCCCTGGCCGAGGCCCTGCGGAAGGGGAGCTACCGGGTGGCCCAGGTGGAGGTGCGGGAGCGGCGCAAGGCCCCCCCGCCCCCCTTCACCACCTCCACCCTCCAGCAGGCCGCCTCGAGCCGCTTGGGCTACACCGCCGCCCGCACCATGCGCATCGCCCAGCGCCTCTACGAGGGGGTGGACCTGCCGGAGGGGACCGTGGGCCTCATCACCTACATGCGCACGGACTCGGTGCGGGTGGCCCCCGAGGCGGTGGCGGCGGCCCGGGAGGTGATCGGGAAGGCCTTCGGCCCGGAGTACCTGCCGGAGGCCCCGCGGGCCTATAAGAACCGCAGGGAAGGGGTCCAGGACGCCCACGAGGCCATCCGCCCCACCGACCCCCAAAGGACCCCGGAAAGCGTCCGCCCCTACCTGTCCGAGGAGGAGTACCGCCTCTACGAGCTCATCTGGCGCCGCTTCCTGGCGAGCCAGATGCGGGACGCCCTCTACGAGCAGACGGCGGTCACCCTGGCCGACCTCGAGGGCCGCTACGCCTTCCGCGCCTCGGGCTCGGTGTTGCGCTTTGAGGGGTACCTCCGGGCCTGGGGGCGGGACGCCGAGGAGGAGGAGGAGCCCCCCGTCCCCGCGGTGCCCGAGGGGGTTCCCGCCCGGCTTGAGGAGGTCCTGGAGGAGCGGCGCTTCACCGAGCCCCCGCCCCGCTACACCGACGCCAGCCTGGTGAAGACCATGGAGGAGCTGGGGATCGGCCGCCCTTCCACCTACGCCCCTACCCTCGAGACCCTGGAAAAGCGGGGGTACGTGGCCCGAAAAGGGCGGACCCTTTTCCCCACCCCCCTGGGCCGCCAGGTCACCGCCTACCTGCGGGAAAGGTTCCCCCAGGTGGTGGCCTACGAGTTCACCGCCCGGATGGAGGAGCGGCTGGACGAGGTGGAGGAGGGGCGCGTCCCCTGGCCCAAGGTGGTCTGGGAGTTCTATGAACCCTTTTTGGGGGAGCTCGCCCAGGTGCCCAAGAAGACCTGCCCCGAGTGCGGCAGGCCCTTGGAGCTCAAGGTGAGCCGCTACGGCCAGTTCCTGGGGTGCACGGGCTACCCGGAGTGCACCTACACCGAGCCCCTGGAAAGGCGGGAGGCGGAGCCCATCGGGGAGGCCTGCCCCAAGTGCGGCCGCCCCCTCCTCAGGAAGGAGGGCCGCTACGGCGCCTTCATCGCCTGCTCCGGCTACCCCGAGTGCGACTACACCCGGGACGACGGGACCCCCACGGGCCACACCTGCCCCAAGTGCGGGGGCCGGGTTCTGGAAAAGCGAAGCCGGAAGGGCAGGCCCTACTACAAGTGCGAGAACAACGCTTGCGACTTTCTCTCCTTCTACCCCCTCCTGGAGGAGGCCTGCCCCGCCTGCGGCTGGCCTTTGGTGAAGAAGGGGGAGAAGGCGCTCTGCCTCAACCCCGCCTGCCCGGAGCACGAGCCGAGCCTCCTTCCCGCCCCCAAGGAGGCCAAGAAAGGGCGGTCCCGGGGGAAGGGCAAGCCCCCCCTCGCCCCCCCTAAGGACTGGGAGGAGCTCGTCCCCTTCCTCCCCGGGCTTTCCCCCGAGGAGCGCCGGGCGGTGGAGGCCCTGGCCCGGGGGGAGGCCCTGGCCGAGGAGGAGGCGCGGCTCGCCCGGCGGGCCCTCTTCAAGCTCCGCATGCGCAAGGGCAAGGCCCGGAAGGAGCCGGTCCGGGCGTGATGGCGAGCTTCAAGCTCCACCTCCTGCGCCTCGCCCGGGAGGGCCAGGTGGAGGTCCCGGGGGTGCCGGGGCTTAGGGCCTACACCTTGAGGGAGCGGGTGGAGCGGCCGGGGCCGGCCTTCTACCTCCTCCTGGAGGGGGAGCTCGTGGTGGACCTGCCCGAGGGCCGGTACCTGCACCTGCGCCGGGGGGAGGCGGCCCGGGTCACGGAGCCGCACCGGCTTCTTCCGGTGGAGCGGGCGGTGCTTCTGGAGCTGGGCTAGGCCCCACCAGATAGACCGCCCCCCAGGGGCGGTAGACGCTCACCACCTGGTCCTCCCGGACGCGCCCGTCCCCGTAGCGCACGCGGCGGCGGACCACCACCTTGGCCCCTTCGGCGGCGAAGTCCACCTGCTTGCGCGCCCCCGGGGGAAGGGTGGGGTCTGGGATCTCCCGGGGAGGGAGGGGGGGCTTGCGGTCCGTGATGAAGGGGCCCTCCCAGGCCACCTCCCGGTCCTTGGTGCCGAAGAGGTGGAAGCGGAGGCGGCCTTCCTGCACCGAGGCCTGGATCCAGAGGGCCCCGGGGGTGTCGTTCAGGACCTTGAGGTCCTTGTAGGGCTGGATCACGGCGGCGTCCAGCCCGGGGGGTTTGTAGTAGGCCACCTGGTAGCTGTGGGCGTGGCGTTCCAGGATGGGAAGGCCGGCGAAGAAGAAGGCCCGGAAGAGGGTGGTGGAGACCTGGCACACCCCGCCCCCCACGCCGGTTTCCGTCCGGTCCCCCACGATGACGTAGGCCTCCTTGAACCCGGTCTCGAGGGCGATGGGCCCCAGGGCCCGGTTGAAGGAGAAGGGGCCCGGGGGGACGAGGAGGCCGTCCAAGCGGCTCGCCGCCAGGCGGATGTTGTGGACCCGCTCGGGGCTCGAGCCCCAAAAGCCCGTCTCCGCCGTGGCCAGGTGCTCCCGCACCCCGAGGGCGTAGAGGTCCTTAAGGCTCGGGGAAGGGGGCGTGTAGCGCACCGGGAGGAGGAAGCGCTTTTTTCCCTGCGCTCTGGCCTCGCGGAAGGCCTTTAAGGCCTCCTCCCGGTCAAAGGCGAGGCCCTTCTTCTCCACCCCCCGCCACCGCCCGTCCTGGTAGATGAACCGGGGAGGGCGGGGCGGCCGGGCGAGCCGGTCCAGGAGGCGGAGAAGCTCCGCCTCCGAGGCCACGGGGTAGCG
NZ_CP144687.1_gap47	1896448	1896948	500	TCCGCCCAGATTCCCCCATGGCTCCACGAACCACGGGGTACTCGGGTACCCTCACCTATCCCCCCACCTTTCGCCTACGGGGCTTTCACCCTCTCTGGCGCTGCTTCCCAACAGCTTCGGCTAGGCTGGGGATTCGGTGTCCGAGGGCCCCACGACCCCGCCCGGACAAGCCGGACGGTTTAGGCTGGTCCCCTTTCGCTCGCCGCTACTCAGGGAGTCGATTTCTCTTTCCTCTCCTCTGGGTACTGAGATGTTTCAGTTCCCCAGGTTCCCCCCGCGCAAAAAGCGCGGTGACCGGCGTTCCCGCCGGCCGGGTTCCCCCATTCGGACATCCAGGGATCCACGCCCGCTACCGGCTCCCCCTGGCTTATCGCAGGTAGCCACGTCCTTCATCGGCTCGGGTGCCGAGGCATCCACCGTGGGCCCTTACCATCTTGACCCCTCAAAGGACCCTCAAAGCCCTTCATCCACCCCAGCTTTCAAGATCCCCCGCTACCCCC
