gap_id	start	end	length	sequence
NZ_CP120033.1_gap1	136302	137271	969	AAGCATTACAAGAGTTGATTAGTGATTCGTTTAAAGTAGCAATTGTGAGACCACCAATGATTTATGGTGCACATTGCCCAGGAAATTTCCAACGGTTAATGCAATTGTCAAAGCGACTGCCAATCATTCCCAATATTAACAATCAGCGCAGTGCATTATATATTAAACATCTGACAGCATTTATTGATCAATTAATATCATTAGAAGTGACAGGCGTGTATCATCCTCAAGATAGTTTTTACTTTGATACATCGTCAGTAATGTATGAAATACGTCGCCAATCACATCGTAAAACGGTATTGATCAACATGCCTTCAATGCTAAATAAGTATTTTAATAAGTTGTCGGTCTTTAGAAAATTATTCGGCAATTTAATATACAGCAATACGTTATATGAAAATAATAATGCACTTGAAGTTATTCCTGGAAAAATGTCACTTGTTATTGCGGACATCATGGATGAAACGACAACCAAAGATAAGGCATAAGTCATCTATTAAATAAAATCAACATACAAATCGTTTTATTTGGAGGTTATAGTATGAAGTTAACAGTAGTTGGCTTAGGTTATATTGGTTTACCAACATCAATTATGTTTGCAAAGCATGGCGTCGATGTGCTTGGTGTTGATATTAATCAGCAAACGATTGATAAGTTACAAAGTGGTCAAATTAGTATTGAAGAACCTGGATTACAAGAGATTTATGAAGAGGTACTGTCATCGGGAAAATTGAAGGTATCTACAACGCCAGAAGCATCTGATGTTTTTATCATTGCCGTTCCGACGCCGAATAATGATGATCAGTACCGGTCATGTGACATTTCGCTAGTTATGCGTGCATTAGATAGTATTTTACCATTTTTAGAAAAAGAAAATACTATTATTGTAGAGTCGACAATTGCGCCTAAAACGATGGATGATTTTGTAAAACCAGTCATTGAAAATTTAGGGTTTACAATAGGTGAAGA
NZ_CP120033.1_gap2	143905	148645	4740	TATATATATGTTTATTTACTTATACCCTAACATGATTTTTATACTCTTTGAAAATATATTTTACAGAATTTTATCTAAATATTTAAAAAAATCGCTCAATATCCTTGTAATCCGATAAGAATTATAGTAATATTTTTTCAACCATTGTTATAGGAGGTCTTATTAATGACATTATTTTTATTAGAAGCTAACAATCTTGATTTTGCATCAACGAAAGAAGAACTAGAAGCAAAGGCAGCATCACTATCTACGAAGACAATTCCAACATTAATTGAAGTACAAGCTACTGAAAATTTAACTCATGGTTATTTTATTGTGGAAGCAAATGACGAAGCAGAAGCTAAACAATTTTTAACAGAAGCAGATATTAGTATTCAATTAGTCAAAGAAGTACGCTTAGTTGGTAAAGATTTAGATGAAGTTAAAAATGGTGATGCACATGTTGATTACCTTGTAACTTGGAACATTCCGGAAGGCATTACGATGGATCAATATTTAGCACGTAAAAAGAAAAATTCTGTTCATTATGAAGAAGTGCCAGAAGTTGAATTTAAACGCACATATGTATGTGAAGATATGTCTAAATGTATTTGTTTATACAACGCACCTGATGAAGAAGCGGTACGTCGCGCGCGAAAAGCAGTTGATACACCGATTGATGGCATCGAAAAACTTTAATAAGACAACAAGTTGATGAGATATATGTATATAGGTTTGACGTGGATTTCGATTGCAGTTAATTAGAATAGCTCAATGCTATAAATGTAAGTAGTTGATATGAAGAAACTAATGAACTAAATGCAAGTATTGTCTAAAACAATCATTTTATTGAAATTTAGTAGAGCTGAAATTAATATAACGTCGTTAATTGAATAACGCTTATGTTATAAGAGCACTCATACCAAACCATAATCATCTATAGATATAACAATTCACGATATAAGGGCTGTGTTTGGCATAGCCCTTTAGATATACACTTAATTCCTATTAAAATAGTAGGGATTAAAGGGGGCTTGTCATGATTAAAATACAACAATTACAACATCACTTTGGATCACATAAAGTAATTCATAACTTTAATTTGGACATTAGCAAAGGAGAAATAGTCACTTTCATAGGAAAAAGTGGTTGCGGAAAGTCTACTTTACTCAATATTATCGGTGGATTTATTCATCCATCATCTGGACGTGTCATTATTGATAACGAAATTAAACAACAGCCGTCTCCAGATTGTTTAATGCTATTTCAACATCATAATTTGCTGCCATGGAAAACGATTAATGACAACATTAGGATTGGATTTCAACAGAAAATTAGTGATGAAGAGATTAACGCACAGCTTAAATTAGTTGATTTAGAAGGCAGGGGAAAGCATTTTCCCGAGCAACTGTCCGGGGGTATGAAACAACGTGTGGCACTATGTCGAGCGCATGTGCATAAGCCTAACGTTATATTGATGGATGAGCCATTAGGTGCATTAGATGCATTTACACGTTATAAACTTCAGGATCAACTAGTGCAACTAAAACATAAAACGCAATCAACTATTATTTTAGTGACGCATGACATTGATGAAGCTATTTATCTTTCCGACCGCATTGTTCTGTTAGGTGAAGGGTGCAATATTATTTCTCAATATGAAATTACAGCATCACATCCACGCAGTCGTAATGATAGCCACCTACTTAAGATTCGTAATGAAATTATGGAAACATTTGCATTGAATCATCATCAAGTTGAACCTGAATATTATTTATAAGGAGTGAGTGACGATGAAAAGGTTAAGCATAATCGTCATCATTGGAATCTTTATAATTACAGGATGTGATTGGCAAAGGACGTCTAAAGAACCGTCTAAAAATACCCAAAATCAGCAAGTGATTAAAATTGGATATTTGCCGATTACACATTCAGCTAATTTGATGATGACTAAAAAATTATTATCACAATACAATCATCCGAAATATAAACTAGAATTAGTTAAATTCAATAATTGGCCAGATTTAATGGACGCATTAAACAGTGGTCGTATTGATGGTGCATCAACTTTAATAGAGCTCGCGATGAAATCAAAACAGAAGGGCTCAAATATAAAGGCTGTGGCATTGGGCCATCATGAAGGCAATGTCATTATGGGACAAAAAGGTATGCACTTAAATGAATTTAATAATAATGGCGATGATTACCATTTTGGTATACCACATCGTTATTCAACACATTATCTTTTACTTGAGGAATTACGTAAACAATTAAAGATTAAACCGGGGCATTTTAGCTATCATGAAATGTCGCCAGCAGAAATGCCAGCCGCATTGAGTGAACACAGAATTACAGGGTATTCTGTAGCCGAACCATTCGGTGCACTGGGTGAAAAGTTAGGCAAAGGTAAGACTTTGAAACATGGTGATGACGTTATACCTGATGCGTATTGCTGTGTGCTAGTACTGAGAGGGGAATTGCTTAATCAACACAAGGATGTAGCGCAAGCATTTGTACAAGATTATAAAAAGTCTGGCTTTAAAATGAATGATCGCAAGCAAAGTGTAGACATTATGACGCATCATTTTAAACAAAGTCGTGACGTTTTAACACAGTCAGCGGCATGGACATCCTATGGTGATTTAACAATTAAGCCATCCGGCTATCAAGAAATTACGACATTGGTAAAACAACATCATTTGTTTAATCCACCTGCATATGATGACTTTGTTGAACCGTCATTGTATAAGGAGGCATCGCGTTCATGACACGTCCCACAAATAACAAATTTATATTACCTATTATCACATTTATTATTTTCTTAGGCATTTGGGAAATGGTCATTATTATTGGGCATTACCAACCTGTATTGTTACCTGGTCCTGCTCTTGTAGGAAAAAGTATATGGACTTTCATTGTTACTGGAGAAATTTTCCAACATTTAGCAATTAGTTTATGGAGATTTGTAGCGGGCTTTGTTGTCGCATTGTTGGTTGCTATTCCATTGGGCTTCTTGCTTGGAAGGAATCGTTGGCTATACAACGCTATCGAACCGCTATTTCAATTGATTAGACCGATATCTCCGATAGCATGGGCACCATTTGTTGTTCTATGGTTTGGTATTGGTAGTTTGCCAGCGATTGCGATTATTTTTATCGCTGCTTTTTTCCCAATTGTGTTCAATACTATTAAAGGCGTTAGAGACATTGAACCTCAATATTTAAAAATAGCGGCAAATTTAAATTTAACTGGGTGGTCATTGTATCGCAATATATTATTTCCCGGGGCATTTAAACAAATCATGGCTGGGATACATATGGCGGTAGGAACAAGTTGGATATTTTTAGTTTCTGGTGAAATGATTGGTGCACAATCGGGATTAGGTTTTTTAATCGTTGATGCACGAAATATGTTGAACTTAGAAGATGTTTTAGCAGCAATATTCTTTATCGGATTATTTGGTTTTATTATTGATCGATTCATTAGTTATATTGAGCAGTTTATACTTAGAAGATTTGGTGAATAAGGAGAGATGATGATGACTTTAGAAACGCTTATCAAAGAACAATTAGATCCTCATTTAGTAGAAGTTGATGAAGGGACGTATTATCCGAGAACATTTATTCAACAATTATTTGTAGATGGTTATTTCGGTGAGGCGGCATTGAGAAAAAATGCTGAAGTAATCGAAGCTGTATCGCAGTCTTGTTTGACAACAGGATTTTGTTTATGGTGCCAATTAGCTTTTTCAACGTATTTAGAAAATGCCACGCAGCCACATTTAAATAATGACTTACAACAGCAATTGTTATCTGGAGAAATATTAGGTGCTACCGGATTGTCTAATCCGATGAAGTCATTTAATGATTTAGAAAAATTAAACCTTGAACATACTTATGTTGATGGACAATTGGTTGTCAGTGGACGTATGCCAGCTGTAAGTAATATTCAAGCGGACCATTATTTTGGTGCAATTTCGAAACATGAATCATCAGATGAATTTGTCATGTTCATTCTACGTGCCAATCAAGATGGTATCACTCTTGTTGAAAAAACAAATTTTTTAGGAGTCAACGGGTCAGCAACGTATCAAATCACATTGAATCAAGTCGTAGTGCCACAATCACAAATTATCACGCATGATGCGAAGCAGTTTGCGGCAACTATTCGCCCGCAATTTATTGCTTACCAAATTCCAATAGGATTAGGCTCAATTAAAAGTTCTTTAGAGTTAATTGATGCATTTTCAAATGCGCAAAACGGAATAAATCAATATTTAGAGTATGATGTTGAAGCTTTTAAAAAACGTTATCGTCAACTTAGAGAGGAATATTATGCAATATTAGATGACGGTAACTTAACTTCACATTTAAGTGAATTAATATCATTGAAGAAGGACATTGGCTATTTATTGTTAGATGTAAATCAAGCTTCTGTTGTCAATGGTGGTTCAAGAGCGTACACACCATATTCGCCACAAGTTCGCAAGTTAAAAGAAGGATTCTTCTTCGCAGCATTGACACCAACATTAAGACATTTAGGTAAACTTGAGGCAGAGTTGAAGGGGTAAGTATGATATGCTGATTTGTTGTTTAGATGCGTTTGTTGAAACATTTTTTAAAATAATATAAATCTTAGTTTATAAACATTTTCTGTTTATTTGTTATATCCTTTTAACTAGGAAAATATACATTTCGTAATAATAATAATCGTTATCATTGAAAAAGTGTTAATAAGGTGTATAATGAAAATGTGAACAAT
NZ_CP120033.1_gap3	175350	177593	2243	GATTGTAGGACTATTAACTATCTTTATCTTTATGCCATTAGCAGGTTTTGTTTCAGACAGTTTAGTTTCAGTAGTTAACGGAATTATTAGTATTGGTGGCGTATTTAGTGGATTTATCATTGGAGCAAGCTTCCTACCGTTAGTTATGTTAGGGCTTCATCATATTTTTACGCCAATTCATATAGAAATGATTAACCAATCTGGTGCTACTTACTTATTGCCAATTGCAGCGATGGCTGGTGCTGGACAAGTAGGTGCCGCATTAGCACTTTGGGTAAGATGTAAACGCAACACAACATTACGTAATACTTTAAAAGGTGCATTGCCAGTTGGTTTCCTAGGTATCGGAGAACCATTAATCTATGGTGTGACTTTGCCATTAGGTCGACCTTTCTTAACTGCTTGTATTGGTGGTGGTATTGGTGGCGCTGTAATAGGTGGAATTGGACATATTGGTGCCAAAGCAATAGGCCCAAGTGGTGTGTCACTCTTACCATTAATCTCAGATAATATGTATTTAGGTTATATTGCAGGATTACTTGCTGCATATGCTGGTGGATTCGTTTGTACATATTTATTTGGAACGACAAAGGCGATGCGACAGACAGATTTGTTGGGTGATTAATGATGACAAATATTTTATATCGCATTGATAAACAGTTGAGTGATTTTACGAAGACAGAAAAGATAATCGCTGATTACATTTTAAAGAATCCACATAAAATCATTGATATGACGGTGAATGATTTGGCAGATGTTACGAATGTTAGTACAGCATCAATTGTTAGATTTAGTCGGAAAATGACACATCAAGGTTTTCAAGAGCTAAAGATTGCGATATCTCGATACTTACCCGAAGATATTGCAACCAATCCACATTTAGAATTGATTGAAAATGAATCTGTAGAAACTTTGAAAAATAAAATGATTGCTAGAGCAACGAATACGATGCGATTTGTAGCTACTAATATTATGGATGCGCAAATTGATGCAATTTGTGATGTGTTGAAAAATGCCAGGACAATATTTTTATTTGGATTTGGCGCATCGAGTTTGACTATTGGTGATCTTTTTCAAAAGTTATCTCGTATTGGCTTAAATGTCAGGTTATTACATGAAACGCATTTACTTGTGTCAACATTTGCGACGCATGATGATAGAGATTGCATGATTTTTGTGACGAATCAAGGTAGTCATAGTGAATTGCAGTCAATTGCACAGGTGGCCACACATTACAGTATTCCCATCATAACTATATCTAGTACAGCTAATAATCCAGTGGCTCAAATTGCAGACTATGCATTGATTTATGGCAGAACTGATGAAAATGAAATGCGTATGGCGGCTACAACGTCACTATTTGCACAGTTATTCACGGTAGATATATTGTACTATCGATTTGTAGCATTAAATTATCATGCGATTCTAGATTGTATAACCCAATCGAAAATGGCACTTGATAATTACAGGAAGCATCTTGCGACGATAGATTTTAAACATTAGATATTGTGTGCGTTCTAACATAAAGTTAGTTGCAACGTAAACAATTGAAGTTTTTGATGTGATTCAGTTGCTTGATGAAAAATTGTTGCTACAAGTTTGTAAAACTGGCATAGAGGCTATTTTGAAAATGATAAAGGCGTGACAAATTAAAGCAAAGTTCAGATTTGAGCTTTGCTTTTTTCATAGATGGAAATTAAATGCTGAAGAATAATTTTAATGCTAAATGAACTAATACGAAGGTGCTAAAAGCAATTATTATCAAATTAGTGATATGAATGAAATGTTTAAATCGTTTGCGTTGATTGTATTCGGGACTTTTATAGAGTAGGTAGTAGTACATAAAGAGTATGGCTGCGAACATGCCGAATATTGAAGTGAAGTTACCTACAGTGACTGCCATGTAATGATTTAAAGTTAAATAGTAACTTAGACTAATAATAAAAAATAAAATGATTTGATAGGTAATTAACACCATTCAAGTCCCTCCATTAATCGTAGACAAAAAATTTATCAATGATTTGATTATTTGTATTCAAATTTTAGTATACGACTTACCTCAAAGACAAATATTAAAAGATAAGACAATAAAATTAGAATAAATTTACGTTTGAAGATAAAAAACAAACATTTTTCATTAAAGTTTATGATATATTTAGAGCAATAGAAAGTGTATGGAAGGGGATATGAATGGCATACCAAAGTGAATACGCATTAGAAAATGAAATGATGAATCAACTTGA
NZ_CP120033.1_gap4	179453	183213	3760	GCCATTTGGTAAAATTGTAAACTATCGTGACTTGAAAAAAGAGACAGACGATGCACTGAGAGTATTCTCACAAACAAATGATACGGATACAATTTTAATGCGCAGTTATGAAGAGTATAAAAAAGAATTTATGGACGCTTATCGTGAGCTTAAAATGATTGTGCCGACACCACACATGGTTGATGACATTCAAGATGAAGAAGAGCTAAAGCGCTTTGTTGAAGCTTATCGTTTATTAGCTAAAATAATATTACGTTTAAAAGCATTTGACGAGTTTGAGTTTACAATTGATGAAATTGGAATGGATGAACAAGAGAATGAAGACTATAAAAGTAAATATTTAGCTGTGTACGATCAAGTAAAAAGAGCGACGGCTGAGAAAAATAAAGTATCCATTTTAAATGATATTGATTTCGAAATAGAAATGATGCGTAATGATACGATTAATGTGAATTATATTATGAATATATTGAGACAAATTGATCTTGAAGACAAGGCGGAACAACGTCGTAACCAAGAACAAATTAGACGTATTTTAGATCATGCAGATGATCCGACATTGAGGTTAAAACGAGATCTAATTAGAGAATTCATCGACAATGTTGTACCTTCTTTAAATAAGGATGATGATATCGATCAAGAATATGTTAATTTCGAAAGTATTAAAAAAGAAGCGGAGTTCAAAGGGTTTGCAGGAGAGAGATCTATCGATGAACAAGCCCTAAAAACAATTTCAAATGACTACCAGTATAGTGGTGTTGTAAACCCACATCACCTTAAAAAAATGATTGGTGATTTGCCATTGAAAGAAAAACGTAAAGCAAGAAAAGCCATTGAATCTTTCGTGGCAGAAACAACTGAAAAATACGGTGTGTAATGATTCAGCCCCCTCGCTAGATTAGTGTAGGGGGCATTATTATTTCATTAGAAAAGGCTCATTTGTTAAATTCATCTTATTAAGAATATAACGAATGTTCCTTGTTTTAAACTTATTAATTAATAGAGACATTTTATCTGAAAATATCACTGAATGCTAATACTAATCAAAGAAAAAGTGATAATTAAAATAAGATATATAATACCCCAAATAGTGGATGCTCGTATAGAAAGTTTCGACGTACCAATTAGCATGACTGTAAGTATGTATGCTTGTACAAAAAATTGTAAGTCGAAAGTACCCAGAATGCGATTTCCTTTAGCAAAAATATTTAAACTAGTAATAGAATAGTCAATTAATGATAAACCGGCACTTATTTGGATGGTAAGTATAATTAAACTAATAGCATTTGTAAACAGTATGTAGCTTAACGTTGCAGAGAATATAGATTTTGTATTAGCATCTGAGCGCATAATTCTAGAGATAACTAGAATGATTAAAAATGTAAATAATACGCTGAAAACTCTTGAGAAAAAAATACTAATTTGACTAAAAATTTTTATTTGTGCTAATGATGTCTCTGAGAGTCCTGCTTCACTCAATAACTTTTTATAGTCCACAGATAGTCCACTAACAAATGTATATGTAACAATTATTATCAAAGTCAGAAACAGCTTAATGATTAACTTTGGTTGAATGCGGATATTTGCAAAGTGATTAAACAAAGGTAGTTTTGATAATGACATATAGACCTCCTAATGATATAATTCTCCTATATTTTATCATAAAAATAATATAAAAAATATATTTTATTAAAACTAAGTAGAAAAAATGGTTTGAAGAGTATTTAACATTTATAGGAGGACATAAATTGAGGCGTAAAAGGAAATGGCTAATTGTTATTTGTGTATTATTAGTATTGATTACGATATCACAAATTTTGAAACATTTTAACTATGGAACTGAGAGTAAAGAAGCATACAATACATATACGGTTGAAAAAGAAAGACAATTAGATTTACAAGGTAAGGCATATCCACGTGAAGTTAAAACATATTATAAAAATAATCAGGTTGGAACATATTTGGATGTGCAAGTAGCGGACGGGCAAACAGTCAAAAAAGGAGACATGTTAATTAATTATAAAATAAATAGTAATAAACGACAGCAACTTGTTGATAAGATAAATGATACTCAACATATTATTACAGAAGTTTATTTAAACATTACTAAAGGTTTAAACAATCGAGAGATACAGAAGAAGTTAATTGAATATAAGCAGACATTATATGAAGCTCAACAGCAATTGTATCAGTATGATAGTCAAAATAGGGATAGTATGTATGCATCATTTGATGGCAAGATTATGATCAAGAATATAGATAATGACAGTGATAATCAACCTATACTGTATCTCATTTCAAAGGAGTCTCATATTAAAACGTCTGTTACGGAGTTTGATTTAAACAAAGTCAAAAAAGGAGACAAAGTTAACTTAAGTATTACGAGTACGGGTAAAACAGGAGCGGGGATTATAAAACAAATCTCTGAGTTGCCTATTAGTTATGAAGAGAATTTAAGTCTTCACGAAAATGATGCCCTGCATTTACCAGAAAGTAACAACGATGGGGAATTAGCAAATTCAAAATCGATTTCGGCATCTCCAATATTTAAGAGTAATAACAACTCTGAATTATCAAAGTATGGAGTTATAATTGATGATCTTAGTCTACCAATACGTGCAGGTTATTCGTTGGAAATTAAAGTCCCATTAAATGTGATTAAAATACCTAAATCAGTATTAACAAAAGGCAATAATGTTTTTATTGTTAATAAAAATAGTATTGTGGAAAAACGGAATATTCGTATAAAAAGAATCAATGGTGACATTATTGTAGAAAAGGGGTTAAAACCTGGAGACAAGTTAATTAAACAACCTAAAAGTACAATGAATGATGGTGATAAGGTTGAGATTTCGTCATGATAGAATTAAAGAATGTTTATAGGACTTTTAAAAACGGTGATAAAAATATTCGAGTTTTAAAAGACATTAATATACATATCAATGCAGGTGAATTCATAGCGATTATGGGACCATCAGGCTCAGGGAAGAGCACACTGATTAATATCTTAGGATTTATAGATCGAGAGTATCATGGTGAATATTTGTTTGAAGGAAATAATTATCAGACACAATCTGATAATCAATTGGCAAACATAAGAAATAAAACAGTTGGATTTGTTTTTCAAAATTTTAAACTAATTCATAATAATACTATTTTAGAAAATATAAGTATGCCACTGGTATATACAAATATGAATACGATAGAACGAAAGAATAAAGTTATGACTGTGCTCAGTGCTGTAGGCCTAGATGGCAAAGGTGATTTTACTCCTAGTAAACTATCAGGCGGTCAACAACAACGTGTTGCAATTGCGAGAGCCATTATAAATAATCCAAAGTTTATTATTGCAGATGAGCCAACGGGTGCTTTGGATTCAGATACATCTAAAATTATTATGGACATATTTACATCATTAAACCGAGATAATCATACTACAATTATTTTAGTCACACATGATCGTAAAGTAGCAGAAAAAGCTGATCGAATAATTCATATTTTGGATGGTCGTATACAACATGAAGAGGTGATTAAATGAGGAAAGTTTTCAATATTTTTACAATAGCTTTTAAATCAATATTGAAAAATAAAGGTAGAAATATATTTACAATGATAGGTATAATCATCGGTATTTCTTCTGTTATTACGATAATGTCTTTGGGAAATGGCTTTAAAAAAACTGCTGCTGATCAATTTTCAGATGCTGGCGCCGGAAAACAAGAAGCGTTGATTAGCTTTACTTTTAAAGTTGATGAGAAAA
NZ_CP120033.1_gap5	252212	255401	3189	GTGGATGATTAACACACGTACACCAGATTGGTTATATAAATCACCGCGAACGACGTACTTACAAACATGGCATGGCACGCCATTAAAAAAGATTGGTTTGGATATTAGTAACGTTAAAATGCTAGGAACAAATACTCAAAATTACCAAGATGGCTTTAAAAAAGAAAGCCAACGGTGGGATTATCTAGTGTCACCTAATCCATATTCGACATCGATATTTCAACATGCATTTCATGTTAGTCGAGATAAGATTTTGGAAACAGGTTATCCAAGAAATGATAAATTATCACATAAACGCAATGATACTGAATATATTAATGGTATTAAGACAAGATTAAATATTCCATTAGATAAAAAAGTGATTATGTACGCGCCAACTTGGCGTGACGATGAAGCGATTCGAGAAGGTTCATATCAATTTAATGTTAACTTTGATATAGAAGCTTTGCGTCAAGCGCTGGATGATGATTATGTTATTTTATTACGCATGCATTATTTAGTTGTGACACGTATTGATGAACATGATGATTTCGTGAAAGACGTTTCAGATTATGAAGATATTTCGGATTTATACTTAATCAGCGATGCGTTAGTTACCGACTACTCATCTGTCATGTTCGACTTCGGTGTATTAAAGCGTCCGCAAATTTTCTATGCGTATGACTTAGATAAATATGGCGATGAGCTTAGAGGTTTTTACATGGATTATAAAAAAGAGTTGCCAGGTCCAATTGTTGAAAATCAAACAGCACTCATTGATGCATTAAAACAAATCGATGAGACTGCAAATGAGTATATTGAAGCACGAACGGTATTTTATCAAAAATTCTGTTCATTAGAAGATGGACACGCGTCACAACGAATTTGCCAAACGATTTTTAAGTGATAACTTAAAAACAATAAAAAATTATAAATTAATTAGTTAAGTGATATAAATAATAAACGAAATGTTTGCTTGTATGTTATTATTTGTGTATGAAAACGTCTGATATAATGTAATATAGGTTTAAACAAAATATGCTAAAATATAAGCAAAATATGTATAATTTTAAGTAATACACAGACATTTAGAGTTTTGATTTTAAAATGAGTTTTCAATTGAAAAATGCAACGAAATTTAAATAATTAAATATAGATATAGTTGAATGGAGGAAGTATTTTATGAAATACGCTGGTATTCTAGCTGGAGGTATAGGCTCAAGAATGGGTAACGTACCTTTACCTAAACAATTTTTAGATTTAGACAACAAACCGATTTTAATCCATACATTAGAAAAATTTATTTTAATTAATGATTTTGAAAAAATTATTATCGCGACGCCACAACAATGGATGACGCATACGAAAGATACACTTAGAAAATTCAAAATTTCTGATGAAAGAATTGAAGTCATTCAAGGTGGTAGCGATCGTAACGATACAATTATGAATATCGTTAAACATATTGAATCAACAAATGGTATTAACGATGACGATGTCATTGTGACACATGATGCAGTTAGACCATTTTTAACGCATCGTATTATTAAAGAAAATATTCAAGCTGCTTTAGAGTACGGTGCAGTAGATACAGTGATTGATGCTATAGATACGATTGTTACATCTAAAGATAATCAAACGATTGATGCAATTCCAGTGCGTAATGAAATGTACCAAGGTCAAACACCTCAATCGTTTAATATTAATTTATTAAAAGAAAGCTATGCACAGTTGAGTGATGAGCAAAAGAGTATTTTATCTGATGCTTGTAAGATTATTGTAGAAACAAACAAACCGGTTCGACTTGTAAAAGGTGAGTTATATAACATTAAAGTAACAACACCTTACGATTTAAAAGTAGCGAATGCTATTATTCGAGGTGGTATTGCCGATGATTAATCAAGTATATCAATTAGTTGCACCTAGACAATTTGAAGTTACGTATAACAACGTAGATATTTACAGTGACTATGTCATTGTACGTCCTTTATATATGTCAATTTGTGCTGCCGATCAAAGATATTATACTGGTAGCCGTGATGAGAATGTCTTATCTCAGAAATTGCCAATGTCTTTAATTCATGAAGGTGTTGGTGAGGTCGTATTTGACAGTAAAGGTGTGTTTAATAAAGGTACAAAAGTAGTTATGGTACCGAATACGCCGACAGAAAAAGACGATGTCATTGCTGAAAACTATTTAAAATCGAGCTACTTCAGATCAAGTGGACATGATGGGTTTATGCAAGATTTTGTGTTGCTAAATCATGATAGAGCTGTACCACTACCTGATGATATTGATTTAAGTATTATTTCATATACAGAGCTTGTAACAGTAAGTTTGCATGCTATTCGTCGTTTTGAAAAGAAATCTATTTCAAATAAAAATACATTTGGTATTTGGGGTGATGGTAACTTAGGTTACATTACAGCCATTTTATTACGTAAATTATATCCAGAGTCTAAAATATATGTCTTTGGTAAAACAGATTATAAATTGAGTCACTTCTCATTTGTTGATGATGTCTTCTTTATTAATAAAATACCTGAAGGCTTAACATTTGATCATGCATTTGAGTGTGTGGGTGGTCGCGGTAGTCAATCAGCCATAAATCAAATGATCGATTACATTTCACCAGAAGGAAGCATTGCACTGTTAGGTGTAAGTGAGTTCCCAGTAGAAGTTAATACACGTCTAGTATTGGAAAAAGGACTAACGTTGATTGGTAGTAGTCGAAGTGGTTCAAAAGATTTCCAAGATGTTGTAGACTTATACATTCAATACCCAGATATTGTAGATAAATTAGCGTTGTTAAAAGGTCAAGAATTTGAAATTGCAACAATTAATGATCTTACAGAAGCTTTTGAAGCAGACCTGTCTACATCTTGGGGTAAAACAGTATTAAAATGGATTATGTAAATAGAAAAGGATGAATTAACGTTGGTTAAAAGTAAGATATATATAGATAAAATCTATTGGGAACGTGTTCAGTTATTCGTTGAAGGACATAGTGAAAACCTAGATTTAGAAGATAGTAATTTTGTATTAAGAAATTTAACTGAGACACGTACAATGAAGGCGAATGATGTCAAAATAGATGGGAATCAATTCGTTTGTCGTTTCAATGTAGCTATCTTAGATAATGGTTATTACTTGCCTGAAGATAAGTACTTATTAGTGAATGAGCAAGAACTTGATTATATTGCACAGTT
NZ_CP120033.1_gap6	276979	280129	3150	ATTAATTTCTATCATCAGTTACGCTCCTTTACATGAAAATAATCAAGTATACGATACCCATAGCAAGTGCATATATAAATGTCATGAATAATCGATGACTTATTGTTTGAATATGGAATAAGATAAAGACGATACCTATCTCATAAATCAATATAAGTAACAGTGATTTTAAGTAAAATATTAAGCTGAGTGGTTGAGACAAATATAGACTAACTGCCAATAGTACCAACAATAACAAAATCGTATGTGTCATTACATAAGTACTATATAGTTTGAAACGGCTTAAATGATATTGTGATAATCGTTGCAATGCTGCTTGTTGGTTTAAACGATAATGAATTACTACTTGAACAGCGCTAACAAATAAAATCACCGCAAAGATTAAGCTAATTGAAATAGAGTGTTGTGCTTGTTTAGTAAGCGACACAAATTTGATTTTAGATTCAGGTGTATGTTTATGATAGGACTTGTTGATAGCATCGATGGATTGATGCTGTTTCATATCCTCAAAGTGTTCATAAATAATGTTAGGAATTTGCTGTTCATATAATGAACTACTAACAATTTCTACAGCAATACCACCTATAAAGTCATCTCTACCATATAACTGTATCGTTTCTTTTAAACGGTTCTCTTTTAATTTTTGAGAGAAACCTTTAGGAATTTGCATACTTAAAATAGCTTCCTTTTTAGTAACATCATCTTCAATATAGCTTTCATCTTCATCGACTTTTTTAATAGTTACATAGTCAGATTGTTTAATTTTATTGACGAATGATTTTGATGCAGTGGTTTGGTCTAAATCTTGAATGGTAATCGGTATTTTGAAGTTGTCATGTGCTACACGGTAACCGATACCAATAAGTACGAGTGCGATGACAATGGTTGTTACGAGCAAGATGTATTGTAACCATTGCTTGAACACAACAAGTTGTATATAAGGCTTCATTGACGATACCTCCAAACCAATACAGCTAAATTAATTATCAAAAGTGCGATGAAGCTAAGATAGAAACTAGGGTGTAGTTCTAAAATGTAGTTGTTTAAAATAATTTCTAACAATTGATTTGTTACAACTGCGAACGGTTGAATATTGAAAACGCCATTTGCTATATGTTGTAAAAAAATCGTAGGTATTGTTAAACCGGATAACACCAGGATGACAATAGCTAATATGACTTTACTAATACTATTCAACAAGCCTGTTGTTAAAAGTTCGATGAGTAATAACCACAGTATTAAAAAGGTAACATAATAGCTTAAATGAATGGCTAACGTTGGCCAATTATATAATTCAAAGGTATTCGGAATACTGAACACAATCCAAACTACACCAACGATACTCCATAACATAGTATAAAACCATGTAATCAACGCACGAATGATTAACAAACGCTCTTTAGAAAAATGAAACATTTTCAATCGCGCTTTCAATACAGTATCTTGATTCATTTTCAAAACTGTAAATAAAGATAGTGCAAAGATGAATACCGTTGCTAAAAATCCGGTAATTGCATAATAACTGCCCGTATCGTATAAATGAATCGGTTCTAAGTTAAATGCACCTGAACGGTTTAATCCTGTAATCAGCAAATCAGTCATAACATTGATACTGTCAGAATGTGATGCTTTCGGTGCTAAGTCTTGAAAAGCTAAGATGCCACCCATTGATTGCATAAGACGTTGGTAAACAGAATCTGTTAGCTGAGATAGCACGACACTTTTCATGGATTGTTGGTCATATGTATATACTGAAATTGGTAGTTCGCCTTGTTTATAAAATGCCTTGGTCATACCTTTATCAAAAACAAAATAGCCTTGAAGTTTATGTTTTTTTAACAAAGTATGTGCTTGCTTATCATCATATGCTTTAATGCTCACGTTTTTTCCTAGGTTACTCCCTTTACCAATAGAGTTTAAGATTAATTTCGTTTCACTTGATTGATCTTTATCTACGACACCTATATTAAAATGATTGTCATCTTCTGTTACATGTTGGATCGTCGTTAATGTAATAACGAGTGCCGCTAATATAAATAGTAAATAGATAATCAAATACCACTTTTTCAATAAAAAAGAGTGGTAGATGCGAAACAAATGTATTGTTTTCATTTAACCACTCCTCCAATGATAAGATTGAAAGGCAAGATGACCTTCCAATCTTATTTTTATATTTTAGTTATTTAGATGCCTTTTTTAAAATTGATTCAAACATTTTGCCGCCATTTTTTTCGATTTCTTTTTCAAGTTTTTCACGGTCTTTTGAAGATAGACTATTGAAATCTTTCGCACCACTATCATCAAAATCAATATCTGCTTTCAATTTTGTGCTAGATTTTAAAATGAAATTAATTGGTTCTTCAGCATATTTGATGCCGATATTTAACGTAGATTTCTGAGTGTTATTTTTTACGTCAGAATCTATATTATTTTCAAAAGTGAATTCATTTTCGTCGCTATATTTATCTAATGCGACAGTAATTTTACCTTTATCTTGACGTTTTGTGCCATCTACTTTCTCTTGGTTATCTAATTTGATTTTTGATTCATCATATTCTGTCTTTTTACCAAATTCGTATTTATCACTGTATTTATTGTCTTTTTCCTTAGAAGATACGCCTTTAATTGTATATTTCGCTTCAGCATACGTGTATTTATCTTGATCGAAATCAAGTGCGTAATCTAGTTTTAACTTATCGTCTTCTAAAGTATTAGTACCTTTGATTTTAGTTTTATTATTTTCTTTGTCTGTAATAGTAATTTCTCGTTTTACAATCGTATGTTTTTCGGTATAAATTTTAGATTGAATTTTAGCAAATTCATCCTTTTTAGTTTCTTTGACATCGTCAATTGCTTTTTTGATGTCTTTTTCAAAGTCTTTTGTAGCACCTTGTTCTTCCATTAATTTTTTAAGGTCTTTATCCTTTTTAGCTTCTTCTAATACAGCTAATGTAATTTTTTTAGTGTCAGCTCTGCTAAGTGTTAACGTGACAGGTCTAACTTTGTACTTTTCACCATTAACCTTAATTTCTTCTTTTTTACCTTTATCAAAATTATCGTCATCTAATTTGTCGACAATAAGTTCGGAATATTTTTCGGCAATTTTGCTGTAGTCACTTTGTTGTGCTTGAGCATTACTAAAAAGAGTAT
NZ_CP120033.1_gap7	352391	353393	1002	TAGCAATGAATAAACTTAAATTAGTAGGTGCTGATGTATGGGCTTCTATTGAAAGTGCGTTTGCTCCAGTAATGGAAGAACTAATCAAAAAGCTATCTGTAGCAGTTGATTGGTTTTCCAATTTAAGTGATGGTTCTAAAAGATCAATTGTTATTTTCAGTGGTATTGCTGCTGCAATTGGTCCTGTAGTTTTTGGATTAGGTGCATTTATAAGTACAATTGGCAATGCAGTAACTGTATTAGCTCCATTGTTAGCTAGTATTGCAAAGGCTGGTGGATTGATTAGTTTTTTATCGACTAAAGTACCTATATTAGGAACTGTCTTCACAGCTTTAACTGGTCCAATTGGCATTGTATTAGGTGTATTGGCTGGTTTAGCAGTCGCATTTACAATTGCTTATAAGAAATCTGAAACATTTAGAAATTTTGTTAATGGTGCAATTGAAAGTGTTAAACAAACATTTAGTAATTTTATTCAATTTATTCAACCTTTCGTTGATTCTGTTAAAAACATCTTTAAACAAGCGATATCAGCAATAGTTGATTTCGCAAAAGATATTTGGAGTCAAATCAATGGATTCTTTAATGAAAACGGAATTTCCATTGTTCAAGCACTTCAAAATATATGCAACTTTATTAAAGCGATATTTGAATTTATTTTAAATTTTGTAATTAAACCAATTATGTTCGCGATTTGGCAAGTGATGCAATTTATTTGGCCGGCGGTTAAAGCTTTGATTGTCAGCACTTGGGAAAATATCAAAGGTGTAATACAAGGGGCTATTAATATTATTTTGGGTATTATCAAAGTGTTCTCTAGTCTTTTCACAGGAAACTGGCGAGGCGTTTGGGACGGCATTGTAATGATACTGAAAGGTACTGTGCAGTTAATTTGGAATTTAATACAACTGTGGTTTATAGGTAAAATTCTAGGTGTAGTGAGATACTTTGGTGGATTACTTAAAGGTTTAATAACTATTATATGGGTTGCTATAATAGGCG
NZ_CP120033.1_gap8	356081	359671	3590	TGAAGCCCGAGCAATTAAACCATCTAGTTACTTTATGATCACTAAAAATGATGAAGATTATTTTATGGTTGGTGATGATGAGGTAACCAAAGAAGTTAAGGATTACATGCCTCCTGTTTATCATAGTGAGTTTCGTGATTTCAAAGGTTGGACTAAGATGATTACTGAAGATATTCCAAGTAATGACTTAGGTGGTAAGGTCGGCGGTGACTTTGTGATATCCAATCTTGGCGAAGGATATAAAGCAACTAATTTTCCTGATGCAAAAGGTTGGGTTGGTGCTGGCACGAAACGAGGGCTCCCTAAAGCGATGACAGATTTTCAAATTACCTATAAATGTATTGTTGAACAAAAAGGTAAAGGTGCCGGAAGAACAGCACAACATATTTATGATAGTGATGGTAAGTTACTTGCTTCTATTGGTTATGAAAATAAATATCATGATAGAAAAATAGGACATATTGTTGTTACGTTGTATAACCAAAAAGGAGACCCCAAAAAGATATACGACTATCAGAATAAACCGATAATGTATAACTTGGACAGAATCGTTGTTTATATGCGGCTCAGAAGAGTAGGTAATAAATTTTCTATTAAAACTTGGAAATTTGATCACATTAAAGACCCAGATAGACGTAAACCTATTGATATGGATGAGAAAGAGTGGATAGATGGCGGTAAGTTTTATCAGCGTCCAGCTTCTATCATAGCTATCTATAGTGCGAAGTATAACGGTTATAAGTGGATGGAGATGAATGGATTAGGTTCATTCAATACGGAGATTCTACCGAAACCGAAAGGCGCAAGGGATGTCATTATACAAAAAGGTGATTTAGTGAAAATAGATATGCAAGCAAAAAGTGTTGTCATCAATGAGGAACCAATGTTGAGCGAGAAATCGTTTGGAAGTAATTATTTCAATGTTGATTCTGGGTACAGTGAATTAATCATACAACCTGAAAACGTCTTTGATACGACGGTTAAATGGCAAGATAGATATTTATAGAAAGGAGATGAGAGTGTGATACATGTTTTAGATTTTAACGACAAGATTATAGATTTCCTTTCTACTGATGACCCTTCCTTAGTTAGAGCGATTCATAAACGTAATGTTAATGACAATTCAGAAATGCTTGAACTGCTCATATCATCAGAAAGAGCTGAAAAGTTCCGTGAACGACATCGTGTTATTATAAGGGATTCAAACAAACAATGGCGTGAATTTATTATTAACTGGGTTCAAGATACGATGGACGGCTACACAGAGATAGAATGTATAGCGTCTTATCTTGCTGATATAACAACAGCTAAACCGTATGCACCAGGAAAATTTGAGAAAAAGACAACTTCAGAAGCATTGAAAGATGTGTTGAGCGATACAGGTTGGGAAGTTTCTGAACAAACCGAATACGATGGCTTACGTACTACGTCATGGACTTCTTATCAAACTAGATATGAAGTTTTAAAGCAATTATGTACAACCTATAAAATGGTTTTAGATTTTTATATTGAGCTTAGCTCTAATACCGTCAAAGGTAGATATGTAGTACTCAAAAAGAAAAACAGCTTATTCAAAGGTAAAGAAATTGAATATGGTAAAGATTTAGTCGGGTTAACTAGGAAGATTGATATGTCAGAAATCAAAACAGCATTAATTGCTGTGGGACCCGAAAATGACAAAGGAAAGCGTTTAGAGTTAGTTGTGACAGATGACGAAGCACAAAGTCAATTCAACTTACCTACCCGTTATATTTGGGGAATATACGAACCTCAATCAGATGATCAAAATATGAATGAAACACGGTTGCGTTCTTTAGCCAAAACAGAGTTAAATAAACGTAAGTCAGCAGTTATGTCATATGAGATTACTTCTACTGATTTGGAAGTTACGTATCCGCACGAGATTATATCAATTGGCGATACAGTCAGAGTAAAACATAGAGATTTTAACCCGCCATTGTATGTAGAGGCAGAAGTTATTGCCGAAGAATTTAACATGATTTCAGAAAATAGCACATATACATTTGGTCAACCTAAAGAGTTCAAAGAATCTGAATTACGAGAAGAATTTAATAAACGTTTAGATGTAATACGCCAAAAATTATCCGACAATATTTCAAACATTAATACAATTGTAGCTGAAACATTAGAGGGAGAATTACAATATTTTGAACGTAAAATAATTAAATCTGACACACCACCCGAAAACCCTGTAAATGATATGCTTTGGCTTGATACAAGTAACCCAGAAGTAGCTGTTTTACGCAGGTATTGGAATGGAAAATGGATAAAAGCATCGCCAGAAAAAGCTGGGGATATTGGCGCAATTAGTAGAGAACAAGCATTGTATAGCGAGTTAAAAAACACATTCATTAATTTAACGATTCAGCATAGTAGGTTGTTAAGAGAAGTTTCGGAAGTCATTGAATCAGAATATTTAATTGATACTGATTTAAAAAAGGCAGTTAATGACAAATTAAATGACACCGTACAAGTTTTCAACAGAATAAAAGAAAATTTGGATAGCATGACAGAAGAAACTGCAACTATTGGAAAACTTGTCGATACACAGGCTTTATTCTTAGAATATCGTGAAAAGTTACAAGCGTTATACAATGCTATTGAAAATGCGAAAATCTCTATTGATGATCGTTTTAAATTATTACAGTCACAGTATACAGATGAGAAATTTAACGAGGCAATGGATAAAGTAGCAGAAAGTATTGGTGGTCATTGGGACTCTAGCAAAAAGCAATTAAGTGCTGAAATACCAAACAAGCAAGATTTGGAAAAGATGAGAGATGCTTTAATCGCTCAGCAAAAAGGTACATTGTTACCAATTGATAAAAAGATAGAATCAATGCAGAAAGAAATAAAAAACTATGAAAACGGTATAGAAATTGCAATAAAAAAGAAACTTCAAGAGATTAACGATAATGGCAATTTATACCGATATTCATCGCCATCAGTTTTTAAAGAAGCAAGCTATTATAAAGCTGATTTAATAACATCAGGCGATGATAAAGCTATTGCTTATAACAAAAAGAAATCTATCAATTTCGGAACACTGAACTATCATAAGTGGCAAGAAAATGAAAAGTATACTTTTAGTTTCACAATAAAGACAGATACTGACGGCGTAACAATTAACCAGTTAAACGATGGATATTATAACCATAAATGTGATGTTAAGTTAAAAAAAGATGAGTGGGCTAGAAAATCTATTACATTTACGCCTACTTATTCACTAGCAGATAATGGGATTACATTAACCTTAGATGTCGCTAGTACTGGAGCATGGTATACAGGCTGGTTAGGTAGTTCGACAGAAATAGACAAAGTATGGATAAAAGATTTCCAATTAGAAAAAGGCGATGTGGCGACTAGTCATAAAATGAACTCAAGTGATCAAGATGATGTATTTGGAAATGTTAATAATAAAGTAATTGAAAACTCAGCAAAGATAAGTGCTTTTGAAGACAAAATTAATCTTAAAGCTGATAAAACTGAAGTAACGCAAACGCTTGATAAGAAGTTAGAACCAATTAAAAATGACATCAAAAAACAAACGGCACAAATCGAACTATTGC
NZ_CP120033.1_gap9	361608	364389	2781	ATTGAAGGTATAGCGTATGATCGTCTATGGATTCATCTTATCCCTGTTATCAAAGAACAACAACTAAGAATCAAGAAATTGGAGGAGTCAAAGAATGCAGGATAACAAACAAGGATTACAAGCTAATCCTGAATATACAATTCATTATTTATCACAGGAAATTATGAGGTTAACACAAGAAAACGCGATGTTAAAAGCGTATATACAAGAAAATAAAGAAAATCAACAATGTGCTGAGGAAGAGTAATCTTTAGCACTATTTTTATACAAAAATTTAAGGAGGTCATTTAATTATGGCAAAAGAAATTATCAACAATACAGAAAGGTTTATTTTAGTACAAATCGACAAAGAAGGTACAGAACGTGTAGTATATCAAGATTTCACAGGAAGTTTTACAACTTCTGAAATGGTTAACCATGCTCAAGATTTTAAATCTGAAGAAAACGCTAAGAAAATTGCGGAGACGTTAAATTTGTTATATCAATTAACTAACAAAAAACAACGTGTGAAAGTAGTTAAAGAAGTAGTTGAAAGATCAGATTTATCTCCAGAGGTAACAGTTAACACTGAAACAGTATGAAAAGCTATGAGTTAGATACTCATAATCTTTATTCTTTTAGAAAGCGGGTGTACTGAATTGGGGTGGTTCAAAAAACACGAACATGAATGGCGCATCAGAAGGTTAGAAGAGAATGATAAAACAATGCTCAGCACACTCAACGAAATTAAATTAGGTCAAAAAACCCAAGAGCAAGTTAACATTAAATTAGATAAAACCTTAGATGCTATTCAAAAAGAAAGAGAAATAGATGAAAAGAATAAGAAAGAAAATGATAAGAACATACGTGATATGAAAATGTGGGTGCTTGGTTTAGTCGGGACAATATTTGGGTCGCTAATTATAGCATTATTGCGTATGCTTATGGGCATATAAGAGAGGTGAATAAAATGTTTAAACTAATCTTTGGTTATAGTTTCTGGACATGTTTTTGGTTCGGTAAATGTAAATAAGTTTTAGTCAGTGCTTCGGTACTGACTTTTTATTTATTGTTGTAATTATGGTAATATGCAGAAGTGAGCAAGTTGGATAGATGGTGGCTATCTGAGTATAAGGAGGTGGTGCCTATGGTGGCATTACTGAAATCTTTAGAAAGGAGACGCCTAATGATTACAATTAGTACCATGTTGCAGTTTGGTTTATTCCTTATTGCATTGATAGGTCTAGTAATCAAGCTTATTGAATTAAGCAATAAAAAATAACCATCGCTAACTTTGGCTGGTTTCGATGGTTAAATGGTTATTAATTTAATCTTTAATCTAAAATAGCCACCGTCTTTTTAACGGGCTCATTAGGGTAACATGTTTGCGCATGTTGCCCTTTTTCTATATATAAATTAACACACCATAATATAAATATCAAATAGACGGCTTATTAGTCGTCTTTTTATTTTGGGTAAAAGGAGATAAGAATATGATTAATTGGAAAATTAGAATGAAACAAAAATCATTTTGGGTAGCGATATTGTCAGCTATCTTTTTATTTGCTCAAAACATCGCAAAAGCTATTGGGTATGATATCCAAGTTTATACAGAGCAATTAACAGACGGTTTAAACGCTATATTAGGATTTTTAGTATTAACTGGTGTGATTCAAGACCCGACTACTAAAGGTATAGGTGATAGCCACCAAGCTTTAGAATATGAAGAACCAAGAAGAAAATACTAGGAGGTAAAATAATGAAAACATACAGTGAAGCAAGAGCAAGGTTACGTTGGTATCAAGGTAGATATATTGATTTTGACGGTTGGTATGGTTACCAATGTGCAGATTTAGCAGTTGATTACATTTATTGGTTGTTAGAAATTAGAATGTGGGGAAATGCAAAAGATGCAATCAATAACGATTTTAAAAACATGGCAACAGTATATGAAAACACACCATCGTTTGTTCCACAAATAGGTGATGTGGCTGTATTTACCAAAGGAATATATAAACAATACGGTCATATTGGTTTAGTGTTTAATGGTGGTAATACAAACCAATTTTTAATTTTGGAACAGAACTATGACGGTAACGCAAATACGCCTGCAAAGTTACGTTGGGATAATTATTACGGCTGTACTCACTTTATTAGACCTAAGTATAAAAGTGAGGGCTTAATGAATAAGATCACAAATAAAGTTAAACCACCTGCTCAAAAAGCAGTCGGTAAATCTGCAAGTAAAATAACAGTTGGAAGTAAAGCGCCTTATAACCTTAAATGGTCAAAAGGTGCTTATTTTAATGCGAAAATCGACGGCTTAGGTGCTACTTCAGCCACTAGATACGGTGATAATCGTACTAACTATAGATTCGATGTTGGACAGGCTGTATACGCGCCTGGAACATTAATATATGTGTTTGAAATTATAGATGGTTGGTGTCGCATTTATTGGAACAATCATAATGAGTGGATATGGCATGAGAGATTGATTGTGAAAGAAGTGTTTTAATATAATGTTTGCTTAAATGTTGTATTGTGATATAATAACATTATTCTTTAGATAACATTACTCTCAAGATTTAAATGTGCATAACAGGCAGGTACTTCGGTACTTGCCTATTTTTTTTATGTTATAATTACATGCGTATATAGTAGGAGTGAACTATATAGCCCGGCAGAGGCCATGTATCTGACTGTTGGTCCCACAGGAGACATCTTCCTTGTCATCACTCGATACATATATCTTAACAACATAGAAATGTTACATTCGCTACAACCGTATCTTAATCGATACGG
NZ_CP120033.1_gap10	467394	471204	3810	GCGGTTATTGCGAACCCACCATACAGTGCGAAATGGACAGCAGATTCAAAATTTGAAAATGATGAACGATTCAGTGGTTACGGCAAGCTTGCGCCAAAATCCAAAGCAGACTTTGCCTTTATTCAACACATGGTACATTACCTAGACGATGAAGGTACCATGGCAGTCGTACTCCCACATGGTGTATTATTCCGTGGTGCCGCAGAAGGTGTGATTCGTCGCTATTTAATAGAAGAAAAGAACTACTTAGAAGCCGTGATTGGGTTACCAGCCAATATTTTCTATGGGACAAGTATTCCAACATGTATTTTAGTATTTAAAAAATGTCGCCAACAAGACGACAACGTACTATTTATCGATGCATCCAATGATTTTGAAAAAGGAAAAAATCAAAACCATTTAAGCGATGCCCAAGTCGAACGTATTATTGACACATACAAGCGTAAAGAAACAATTGATAAATACAGTTACAGTGCGACATTACAAGAGATTGCCGATAACGATTACAACTTAAACATACCGCGATATGTCGATACATTCGAAGAAGAAGCGCCAATTGATTTAGATCAAGTTCAACAAGATTTGAAAAATATCGACAAAGAAATCGCTGAAGTTGAACAAGAAATCAATGCATACCTGAAAGAACTTGGGGTGTTGAAAGATGAGTAATACACAAAAGAAAAATGTGCCTGAGTTGAGATTCCCAGGGTTTGAAGGCGAATGGGAAGAGAAGCAATTTGCTGATTTTACTAAAATAAATCAAGGATTGCAGATTGCTATTAATGAACGTAAAACTGAATATTCTCCAGAGTTGTATTTTTATATAACAAATGAATTTTTAAGACCAAATAGTCAAACTAAATATTTTATCGAAAATCCCCCTCAATCAGTAATTGCAAATAAAGAAGATATTTTAATGACTAGAACAGGTAATACTGGAAAAGTAGTAACTAATGTATTTGGAGCGTTTCATAATAATTTTTTTAAAATTAAATTTGATAAAAATCTGTATGATAGATTGTTTTTAGTAGAGGTTTTAAATTCATCTAAGATACAAAATAAAATACTATCTTTAGCAGGATCTTCGACGATACCAGATTTAAACCATAGTGATTTTTATAGTATTAGTTCTTCTTATCCGCTGCTTAGAGAACAGCAAAAAATAGGTAAATTCTTCAGCAAACTTGACCGACAAATTGAACTAGAAGAACAAAAACTTGAATTACTAAAACAACAGAAAAAAGGCTATATGCAGAAAATCTTCTCGCAAGAATTGCGATTCAAAGATGAGAATGGAAATGATTATCCAGAGTGGGAATCAAAATCAATTCAAGAAATATTTGAGAATAAGGGTGGCACTGCTCTAGAAACAGAATTTAATTTTGACGGTAATTATAAAGTTATAAGTATAGGAAGTTATTCTATAAATAGCACTTATAATGATCAAAATATAAGAGTCAATAAAAATAAAAAAACTGAAAAATATATTTTATCAAAAGGCGACTTAGCAATGGTATTAAATGATAAAACAAAAGATGGGAAAATTATAGGTAGAAGTATATTTATAGATAAAGATAATCAATATATTTATAATCAAAGAACTGAAAGATTAATACCATTTGCTGAAAATGATAATAAATTTTTATGGTTCTTAATGAATACAGATTTAATTAGAAATAAAATAAAAGGTATGATGCAAGGAGCAACCCAAGTTTATATAAATTATTCATCTATTAAATTGATATCTATACAATTGCCACTTCTTGAAGAACAACAGAAAATAAGAGGTTTTCTAGAAGTCTTGTCTGGAATAACTACTGAACAATTGCACAAGATAGACCAATTAAAAGAGAGGAAAAAGGCGTTTTTACAGAAAATGTTTATTTGATTTGTCGCTGCAATATAGTTTTTATTATTTGTTTATTTCAGATGTTTCACCATCATATTGCATAACTTTTACAAATAAGAAATAAAGTTCAATGAAATCAAATACGAACATTAAATTTAGGCACTGTGAAAGCGCAGTGTCTTTTTTGTGTCGAAATTGTGTACAGAATAAGTAGTTAAATAAAGATTAAGTTGAGATAAAGTGTTATTCGTAAATAAAAGAGAGTAGATCGATAGGAATTGAATGATATTAGTTAACTATTTATTAAATTACTTAATAATGATTAATTTTTAGTTAAAGTAAGTTTAATGTGAAGCACGACCGTTGCTCATTATAATGAATGAGGATTGTTCGTATTGCGTAATAGAATAAATCAAATAGACTAAAAATTGGGAGCATAGAATTATGAAATTAAAAAATATTGCTAAAGCAAGTTTAGCACTAGGGATTTTAACAACAGGGATGATTACAACTACTGCTCAGCCAGTAAAAGCAAGTGAGCAAAGCAGATTATCAGTTACTTCAAAAGATACACAAGAATTAAAGAGTTATTATAGTGGAACTGGATTTAATTTTCAAAATGTCAGTGGTTATAGAGAAGAAAATAAAATGAATGTTATTGTTGGACAGCAACTTAATGTAATTTCGTTACTTGGTTCAGACAAAGAAAGATTTGACGACGGAAAAGATTATAATAATCTAGATGTATTTGTAGTAAGAGAGGGATCTGGTAAACAGGCAGATAATATTTCAATTGGTGGAATTACAAAAACAAATGAAAACAAATATAAAGATACTGTTAAACATGTAAATATGTTTATTTATAGAAATACAAGCCATAATACTACTACTGTAAAATCTACATTCCATAACATATATAAAGAAGAAATATCGTTGAAGGAATTAGATTTCAAATTAAGAAAACAGTTAATTGATAATCATGATCTTTATAAAACAGAACCTAAAGACAGTAAAATTAAAGTTACAATGGAAAATGGTGATTATTATACTTTTGAATTGAATAAAAAGTTACAAGAACACCGCATGGGTGATGTAATCGATGGTACTAAAATAAAAGAAATTAATGTTGAATTAAACTAATAATATTCGAGGGAGTAAATCATGAGGGAAAATTTTAAATTACGTAAAATGAAAGTCGGTTTAGTATCAGTTGCAATTACTATGTTGTATATAATGACAAGCGGACAAGCAGAAGCATCAGAAACTAATCAAAACGGAGTAAATGCAAAAACTAATACAACTGAATCAACTAGCAATTCAATAACTAATAAAAATGAAATGAAAATTACTGATTCAGAGAATAGTAAAAATTTTGTAAAACTTGACCCTATAAATCCAGGTGACAAAAAAGTCACAGGTACTACACTACCTAATCATTACATTTTACTATCAGTCGATGGAAAAAGTGCAGATTCCGTTGATGGAGAAAATAGTACATTTATAACTTCTAATAATGAAGGGAAATTTGAATATCCACTTAAAAATCGTAAAATTGTCCACAACCAAGAAATTGAGGTATCATCATCTTCTTTAGATGATTTAGGAGAAGACGAAGAGGATGAAGAAGTTGAAGAAACTTCAACTGAAAAAGCTGGTGCTGAAGAAGAAAGTACAGATGCAAAAGCTACATATACAACTCCTCGATATGAGAAAGCGTATAAAATACCGAATGAACAGTTAAATAAAGAAAATGGACGTCACCAAGTTTTTATCGAACCTATTACTGAAGGTTCAGGTATTATTAAAGGCCATACTTCTGTAAAAGGTAAAGTTGCGCTATCTATTAATAATAAATTTATTAATTTTGAAGAGAGCGTTAAGGGCGGTGTTAGTAAAGAAGATACTAAAGCTAGTTCAGATGGTATCTGGATGCCTATTGATGAAAAAGGCTACTTTAACTT
NZ_CP120033.1_gap11	575140	578353	3213	GTGGTTGGTAAGATATGAAAATAGGTGTATTAGCATTACAAGGTGCAGTACGTGAACATATTAGACATATTGAATTAAGTGGTCATGAAGGTATTGCAGTTAAAAAAGTTGAACAATTAGAAGAAATCGAGGGCTTAATATTACCTGGTGGCGAGTCTACAACGTTACGTCGATTAATGAATTTATATGGATTTAAAGAGGCTTTACAAAATTCAACTTTACCTATGTTTGGTACATGCGCAGGATTAATAGTTCTAGCGCAAGATATAGTTGGTGAAGAAGGATACCTTAACAAGTTGAATATTACTGTACAACGAAACTCATTCGGTAGACAAGTTGACAGCTTTGAAACAGAATTAGATATTAAAGGTATCGCTACAGATATTGAAGGTGTCTTTATAAGAGCGCCACATATTGAAAAAGTAGGCCAAGGCGTAGATATCCTATGTAAGGTTAATGAGAAAATTGTAGCCGTCCAGCAAGGTAAATATTTAGGCGTATCATTCCATCCTGAATTAACAGATGACTATAGAGTAACTGATTACTTTATTAATCATATTGTAAAAAAAGCATAGCTTAATGTATGCTAAATCAACGAATTATTGATATTTATAGATTTGTTGAGAAGACAATATCTCCTTCAAACTTAGCTTTGGAGGAGTTGTTTTTTATGTCAAAATTAAAAATGATAAAAAATAAAGATATACATAAGAAAAAACCCCTTCAAAGACACTGAGAATAGTCAAAATTTTGAAGGGGTTAATTCGATGTTGATGTATTTGTTAAATAAAGAATCCAGCGATTGCAGCTGAAATGAAAGATACTAGTGTTGCACCGAATAATAGTTTCAAACCAAAGCGGGCAACTGTATCTCCTTTTTTGTCATTAAGAGATTTAATCGCACCTGAAATAATACCAATAGAGCTAAAGTTAGCAAATGATACTAAGAATACAGATGTAACACCTTTTGCGTGTTCAGATAAATCACTAAGTTTACCAAGTGCTTGCATTGCTACAAATTCGTTAGATAATAGTTTTGTCGCCATAACTGAACCGGCTTGAACTGCATCTTGCCATGGCACACCGACTAAGAATGCAAATGGTGCAAAGACAAAACCAATTAATGTTTGGAAATCCCAAGAAATAGCGCCACCTGAAACTGTACTAAAGATATTGCTTACAATTCCATTTAATAGAGCGATAATAGCAATGTATCCGATTAACATTGCGCCTACAATGACAGCTACTTTAAATCCATCTAAAATATATTCTCCTAGCATTTCGAAGAATGATTGTTGTCTTTCTTCAGTTTCTTCAACTAATAATTTGTCATCTTCTTCATTAACTTTATAAGGGTTAATAATTGAAGCGATGATGAAACCACCAAATAAGTTTAAGACAACAGCCGTTACAACATATTTAGGTTCAATTAAGGTAAAGTATGCACCGATAATTGAAGCAGAAACAGTCGACATTGCTGAAGCTGTTAATGTGTATAAACGTTGCTTAGGTATGTATGGTAATTGTTTTTTAATTGAAATAAATACTTCAGATTGTCCTAAAATTGCTGCAGCAACTGCATTGTATGATTCTAAACGTCCCATACCATTAATTTTAGAAATTAAGAATCCTAAAACATTAATGATTAAAGGTAAAATCTTTGTGTATTGAAGGATACCGATAATCGCTGAAATAAATACGATAGGTAATAATACACTGAAGAAGAATGGTGGTTGCTTAGGATCGATATATTGAATACCACCGAATACAAAGTTAACACCATCTGCTGCTTTTAATAATAAGTAGTTAAAACCGTTTGAAATACCACCAATAACCTTGATTCCCATTGTAGTTTTAAGCAAGATAAATGCAAAGATAAGCTGAATTGCAAGTAAAATTCCTACATATTTCCAGCGAATATTTTTCCTGTCTGAGCTAAATAGAAACGCAAGTGCTAAAAAGAAGATAATTCCGATAATCCCAATTAGAATATGCATATATTTCTCATTCCTTTAGTTTTTTCTACAATCTATCATACAATAAAATGGAAGGGCTAACATCATAAATTTTTGAAAATATAAAAACAAATTAATTGAAAAAGGTCAAAATAGGTCATATAATATAGTCAAAGAAGGTCAAAAAGGGGTGATATACATGCACAATATGTCTGACATCATAGAACAATACATCAAACGTTTATTTGAAGAGTCGAATGAAGATGTCGTTGAAATTCAGAGAGCGAATATCGCACAGCGTTTTGATTGTGTACCATCACAATTAAATTATGTAATCAAAACACGATTCACTAATGAACATGGTTATGAAATCGAAAGTAAACGTGGTGGTGGTGGTTACATCCGAATCACTAAAATTGAAAATAAAGATGCAACAGGTTATATTAATCATTTGCTTCAGCTGATTGGACCTTCTATTTCTCAACAACAAGCTTATTATATTATTGATGGGCTTTTAGATAAAATGTTAATAAATGAACGTGAAGCTAAAATGATTCAAGCAGTTATTGATAGAGAAACGCTATCAATGGATATGGTTTCTAGAGATATTATTAGAGCAAATATTTTAAAACGTTTGTTACCAGTTATAAATTATTACTAAATGAAATGAGGTGTTGAAGTGCTTTGTGAAAATTGTCAACTTAATGAAGCGGAATTAAAAGTTAAAGTTACAAGTAAAAATAAAACAGAAGAAAAAATGGTGTGTCAAACTTGTGCTGAGGGGCACCATCCGTGGAATCAAGCTAATGAACAGCCTGAATATCAAGAACATCAAGATAATTTCGAAGAAGCATTTGTTGTTAAGCAAATTTTACAACATTTAGCTACGAAACATGGCATTAATTTTCAAGAAGTAGCGTTTAAAGAAGAAAAACGTTGCCCATCATGTCATATGACTTTGAAAGATATTGCACATGTTGGTAAATTTGGGTGTGCTAATTGTTATGCAACATTTAAAGATGACATCATTGATATCGTCCGCAGAGTTCAAGGTGGACAATTTGAGCACGTTGGAAAGACACCACATTCTTCACATAAAAAGATAGCTTTAAAGCGAAAAATCGAAGAAAAGAATGAATATTTGAAAAAACTTATTGAAATCCAAGATTTTGAGGAAGCAGCCATTGTTAGAGATGAAATTAAAGCACTAAAAGCTGAGAGTGAGGTGCAACATGATGACGCATAATATTCATGATAA
NZ_CP120033.1_gap12	593523	596897	3374	TTTGACGCTTCTGTTGAAGTTGCATTCCGTTTAGGAATTGATACACGTAAAAATGACCAACAAATCCGTGGTGCAGTTGTATTACCAAACGGAACTGGTAAATCACAAAGTGTATTAGTATTCGCTAAAGGTGACAAAATTGCTGAAGCTGAAGCAGCAGGTGCTGACTATGTAGGTGAAGCAGAATACGTTCAAAAAATCCAACAAGGTTGGTTCGACTTCGATGTAGTAGTTGCTACACCAGACATGATGGGTGAAGTTGGTAAATTAGGTCGTGTATTAGGACCAAAAGGTTTAATGCCAAACCCTAAAACTGGAACTGTAACAATGGATGTTAAAAAAGCTGTTGAAGAAATCAAAGCTGGTAAAGTAGAATACCGTGCTGAAAAAGCTGGTATCGTACATGCATCAATTGGTAAAGTTTCATTTACTGATGAACAATTAATTGAAAACTTCAATACTTTACAAGATGTATTAGCTAAAGCTAAACCATCATCTGCTAAAGGTACATACTTCAAATCTGTTGCTGTAACTACAACAATGGGTCCTGGAGTTAAAATTGATACTGCAAGTTTCAAATAATAAATGATATAAACAATTACAGGCTGAAAGAAATATCTTTCAGTCTGTAAAAATATATTGACAATAAGTAATTTCCAAGTTATATTACTTATTGTGATTATTTTACCTAAGACAGTAGGAGTTATTTATAACTTAAAATTTATCCTGCCGAGGCTAAAATTGACTTGAACGTGATGATCTATGATCTTTCAAGCACTTTTTGCCGTAGGTAGAAAGTGCTTTTTTTATTAATTTTAAAAAAAGCACCAAAAATTTAAATGGAGGTGTCTGAATGTCTGCTATCATTGAAGCTAAAAAACAACTAGTTGATGAAATTGCTGAGGTACTATCAAATTCAGTTTCAACAGTAATCGTTGACTACCGTGGATTAACAGTAGCTGAAGTTACTGACTTACGTTCACAATTACGTGAAGCTGGTGTTGAGTATAAAGTATACAAAAACACTATGGTACGTCGTGCAGCTGAAAAAGCTGGTATCGAAGGCTTAGATGAATTCTTAACAGGTCCTACTGCTATTGCAACTTCAAGTGAAGATGCTGTAGCTGCAGCGAAAGTAATTTCTGGATTTGCTAAAGATCATGAAGCATTAGAAATTAAATCAGGCGTTATGGAAGGCAATGTTATTACAGCAGAAGAAGTTAAAACTGTTGGTTCATTACCTTCACACGATGGTCTTGTATCTATGCTTTTATCAGTATTACAAGCTCCTGTACGCAACTTCGCTTATGCGGTTAAAGCTATTGGAGAACAAAAAGAAGAAAACGCTGAATAATTTTTAGCGTAAAAAAATTAAAAATAATGGAGGAATTATAAAATGGCTAATCATGAACAAATCATTGAAGCGATTAAAGAAATGTCAGTATTAGAATTAAACGACTTAGTAAAAGCAATTGAAGAAGAATTTGGTGTAACTGCAGCTGCTCCAGTAGCAGTAGCAGGTGCAGCTGGTGGCGCTGACGCTGCAGCAGAAAAAACTGAATTTGACGTTGAGTTAACTTCAGCTGGTTCATCTAAAATCAAAGTTGTTAAAGCTGTTAAAGAAGCAACTGGTTTAGGATTAAAAGATGCTAAAGAATTAGTAGACGGAGCTCCTAAAGTAATCAAAGAAGCTTTACCTAAAGAAGAAGCTGAAAAACTTAAAGAACAATTAGAAGAAGTTGGAGCTACTGTAGAATTAAAATAATTCAAGTATCTTAAACTTAATAATCAAAGTTTTATAGCAAGTATTGCTATAATATAATGATTCTTTGAGAAGTTAAAACCCCGTTATTTTGATAACGGGGTTTTATTCATTTAAAGACTGAGTGAAATGTTATAATTATAATGACGAGTTACAAAGTGAAGATGAGGTGGAATAATGAGTCATTATTACGATGAAGATCCAAGTGTAATTAGCAATGAACAACGTATTCAATATCAATTAAACCATCATAAAATTGATTTAATAACTGATAACGGAGTGTTTTCGAAAGATAAAGTAGATTATGGTTCAGATGTTCTTGTTCAAACTTTTTTAAAAGCGCATCCACCTGGTTCAAGTAAGCGAATTGCCGATGTTGGTTGTGGTTACGGACCAATTGGTTTGATGATTGCTAAAGTATCACCACATCATTCAATTACAATGCTAGATGTTAATCACAGAGCGCTAGCCTTAGTTGAAAAAAACAAAAAATTAAATGGTATTGATAATGTGATCGTAAAGGAAAGTGATGCTTTGTCTGCTGTGGAAGACAAAAGTTTTGATTTTATTTTAACCAATCCACCAATAAGAGCAGGGAAAGAAACCGTGCATCGTATATTCGAGCAAGCATTACATAGATTAGACTCGAACGGTGAACTATTCGTTGTAATTCAGAAGAAGCAAGGTATGCCATCTGCAAAGAAAAGAATGAATGAACTTTTTGGAAATGTAGAAGTGGTAAATAAAGATAAAGGATATTACATTCTGAGAAGTATAAAAGCTTGAAATGAAATGGATATTCTGTTATAGTTATATAATGTAAAAATTTATGTTCAATAAGTGTGTACTTTTACGTTAAATAGATAAGTTAATTAAGAATAAATATAGAATCGAAAATGGTGTCATCATTAGTGTTGCCGTTTTCTTTTTGTCTTTTTATTAATATGCTTATGGTATTTAGCTAAAAGCGGATCACATAATTTTTGAGGGGTGAATCTGTTTGGCAGGTCAAGTTGTCCAATATGGAAGACATCGTAAACGTAGAAACTACGCGAGAATTTCAGAAGTATTAGAATTACCAAACTTAATAGAAATTCAAACTAAATCTTACGAGTGGTTCCTAAGAGAAGGTTTAATCGAAATGTTTAGAGACATTTCTCCAATTGAAGATTTTACTGGTAATTTGTCATTAGAGTTTGTGGATTACCGTTTAGGAGAACCAAAATATGATTTAGAAGAATCTAAAAACCGTGACGCTACTTATGCTGCACCTCTTCGTGTAAAAGTGCGTCTAATCATTAAAGAAACAGGAGAAGTTAAAGAACAAGAAGTCTTTATGGGTGATTTCCCATTAATGACTGATACAGGTACGTTCGTTATCAATGGTGCAGAACGTGTAATCGTATCTCAATTAGTTCGTTCACCATCCGTTTATTTCAATGAAAAAATCGACAAAAATGGTCGTGAAAACTATGATGCAACAATTATTCCAAACCGTGGTGCATGGTTAGAATATGAAACAGATGCTAAAGATGTTGTATACGTACGTATTGATAGAACACGTAAACTACCATTAACAGTATTGTTACGTGCATTAGGTTTCTCAAGCGAC
NZ_CP120033.1_gap13	607491	609673	2182	GCCAATATCGGTACTATCGGTCACGTTGACCATGGTAAAACAACATTAACAGCAGCAATCGCTACTGTATTAGCAAAAAATGGTGACTCAGTTGCACAATCATATGACATGATTGACAACGCTCCAGAAGAAAAAGAACGTGGTATCACAATCAATACTTCTCACATTGAGTACCAAACTGACAAACGTCACTACGCTCACGTTGACTGCCCAGGACACGCTGACTACGTTAAAAACATGATCACTGGTGCTGCTCAAATGGACGGCGGTATCTTAGTAGTATCTGCTGCTGACGGTCCAATGCCACAAACTCGTGAACACATTCTTTTATCACGTAACGTTGGTGTACCAGCATTAGTAGTATTCTTAAACAAAGTTGACATGGTTGACGATGAAGAATTATTAGAATTAGTAGAAATGGAAGTTCGTGACTTATTAAGCGAATATGACTTCCCAGGTGACGATGTACCTGTAATCGCTGGTTCAGCATTAAAAGCTTTAGAAGGCGATGCTCAATACGAAGAAAAAATCTTAGAATTAATGGAAGCTGTAGATACTTACATTCCAACTCCAGAACGTGATTCTGACAAACCATTCATGATGCCAGTTGAGGACGTATTCTCAATCACTGGTCGTGGTACTGTTGCTACAGGCCGTGTTGAACGTGGTCAAATCAAAGTTGGTGAAGAAGTTGAAATCATCGGTTTACATGACACATCTAAAACAACTGTTACAGGTGTTGAAATGTTCCGTAAATTATTAGACTACGCTGAAGCTGGTGACAACATTGGTGCATTATTACGTGGTGTTGCTCGTGAAGACGTACAACGTGGTCAAGTATTAGCTGCTCCTGGTTCAATTACACCACATACTGAATTCAAAGCAGAAGTATACGTATTATCAAAAGACGAAGGTGGACGTCACACTCCATTCTTCTCAAACTATCGTCCACAATTCTATTTCCGTACTACTGACGTAACTGGTGTTGTTCACTTACCAGAAGGTACTGAAATGGTAATGCCTGGTGATAACGTTGAAATGACAGTAGAATTAATCGCTCCAATCGCGATTGAAGACGGTACTCGTTTCTCAATCCGTGAAGGTGGACGTACTGTAGGATCAGGCGTTGTTACTGAAATCATTAAATAATTTCTAATTTCTTAGATTTTATATAAAAAGAAGATCCCTCAATCGAGGGGTCTTTTTTTAATGTGTAAATTTTGTAATGGCTATTCGTTTTAGAAGAACAATAATTGATGAAAGACTGACTAATAAAACTTATAACTGATAATACTGTTTAAATAAAATTGTTGAGTCTTGGACATTGTAAAATGCTCCCTTCAAAGTTTTCATTTTTTCAATGTCTACTTTGAAGGGAGCATTTCATTAGTTTATGTCTCAGATTCATATCTTTCAATTAATTTAAATGCTTAATTTGTTTTAAATACTTGCTCTAATTCAATGATTTTAAAAAATACAGCTACAGCGTATTTTAATGATTTTTCATCAATATCAAATTTGGGATTATGGTGTGGCGCTGTAATACCTTTACTTTCATTACCACAACCAGTCAGAAAGAATGCACCTGGTCGTACTTTCAAATAATGTGAAAAATCTTCTCCAATCATCATTAAATCTGATTCATTAAAGCGTACATGTAAGTCATTTGTTGCTTCTTTAATAACTTGATATGCTTTCTCGTTATTATGGACAGGCAAATACCCTTTAATATAATTCAAATCATAGTTAATATCATTTGCTATTGCTAAACCTTGTAGAAGCTTATCCATTTTGTCCATTACATGATTCTGTATATCTGAATCGAAAGTTCTAACTGTACCTTTACAAAATGCTTGATCAGGAATAACGCTATCTGTGGTGCCTGCTTGAATCATTCCAAATGAAAGTACAGCTTGTTTAACTGGATCAATCGTACGTGAAATTATTTTTTGTGCACTTAAAATGAACTCTGCCATGATTACTATTGGGTCAATGGTTTCATGAGGTTTGGCACCATGACCGCCACGACCTTTAATTGTGACACTAAATTCATCTGGAGAGGCCATGATTGCCCCCGCACGTGAATGAATAGTTCCAGTAGGATAACCACTCCATAAATGTGTACCGTAAATTCTATCTACATTTTCCAGACATCCAGCATCTATCATTTCTTGAGAACCAC
NZ_CP120033.1_gap14	646995	650253	3258	TATATTATAAATAACATTTTTATGTGTGACATCAACCTTAAGTATCAACTTTTTATCAGACATAGAACGTATGATTTACTAAGACTATTTATGTATAAAAGTTCTAAATAAATATATATTTATAGAGTCGCCTGGCAGTCATTTGGGAAATATAACATATATGATTAGAGAGGCATCTATCGCAAAAGAATGATAATGATAGAGGTATTGAGCATATAGATGAGTTTAAGTTCATCTTGAAAATAAAGGGTTATTTAGTCATAGATGTAGATGTATAGGAAATATTTGTATGTATTGTTCGATATGTATGAAATTTTCAATAAAAGCTAATAACGCTTATATGTAACTTTCAAATTTAAATTATATACAGAGCATGATGATTATAAAAAAATAACCACATCACATAAATTGAGTTCATACCCAATTTAAGTGGTGTGGCTAATAATGTTGATTTATAGATGAACCGCCTAATCGTTAAACCTCTGTTACTTCAACATCGATATGTTCAATACGGTTGTATGCACCGTGATCCACAGGACCAACAAAATCATTCATTTTCCAACCGTTTTTAATAGCAGAAGCGACGAAAGCTTTCGCGCTAATCACAGCTTCTTTCGGTGACTTACCGTTAGCTAAATATGCAGTTGTTGCCGCAGCAAATGTACAACCAGCACCATGGTTATAACTTTGTTGGAACATGTCTGTTGTTAGTTGATAAAATGTTTGACCATCATAGTATAAGTCATACGATTTATCTTGATCTAAAGCTTTGCCACCTTTAATGATGACATGCTGTGCGCCTTTATCAAAGATAATTGTTGCAGCCTTTTTCATATCTTCAATTGAATTTAATTTACCTAATCCTGATAATTGACCCGCTTCAAATAAGTTTGGTGTCACTACCGTTGCTTTAGGTAGTAAATATTTAATCATCGCCTCAGTATTTCCAGGATTAAGCACTTCATCTTCGCCTTTACAAACCATGACAGGATCTACTACAAAATATTGTGCATTAGATGCCTCATATACTTCTCCAGCACGTTTGATTATCTCCTCAGTACCTAACATACCTGTTTTAATAGCATCAGGTCCGATTGATAAAGCCGTTTCAAGTTGCTTTTCAAATACGTCCATAGGTAATGGTGTGACATCGTGTGACCATGTATCTTTATCCATAGTAACGATGGCAGTTAAAGCGACCATGCCATACGTATCTAATTCTTGGAACGTTTTCAAATCTGCTTGCATACCTGCGCCAGCACTTGTGTCAGAACCGGCAATTGTTAAAACTTTCTTTAAAGCCATTGAGCTTCACTCCTACATAATAATATTGTATTCATCATATCATTTTTAACCTAATTGAAAAATATTAAGCATTCAATATTTGATGATTGTTGAAATGAATCATTCATACTATTGTAACTTTTGAAAATGTCATTCACTTTAGATAAGTGTGATATGTTAAAATATGTCCTGAGGTGAGATTGAATGGAATGGTCGCAAATTTTTCATGACATAACAACGAAACATGACTTTAAAGCTATGCATGATTTTTTAGAAAAAGAATATTCGACTGCAATCGTATACCCTGATAGGGAATATATATATCAAGCGTTTGATTTAACACCGTTTGAAAATATCAAAGTTGTTATATTAGGACAAGACCCGTATCATGGTCCAAACCAAGCACATGGATTAGCATTTTCAGTGCAACCTAACGCAAAATTCCCTCCATCTTTACGTAATATGTATAAAGAATTAGCAGATGATATTGGATGCGTTAGACAAACACCGCATTTACAAGATTGGGCAAGAGAAGGCGTCTTGTTATTGAATACAGTTTTAACCGTAAGACAGGGTGAAGCAAATTCTCATCGTGATATTGGTTGGGAAACATTTACTGATGAAATTATTAAAGCAGTGTCTGATTATAAAGAACATGTTGTCTTTATTTTGTGGGGGAAACCTGCACAGCAAAAAATAAAGCTTATCGATACACCTAAACATTGTATTATAAAATCAGTGCATCCTAGTCCACTGTCTGCATATAGAGGATTCTTTGGATCAAAACCGTATTCCAAAGCGAATGCCTATTTAGAGTCAGTAGGAAAATCACCAATTAATTGGTGTGAAAGTGAGGCGTAGATGTTGAATAGAGAAACTTTAATAGCACGAATTGAGCAAGAATTAGTACAAGCAGAGCAGGCACAGCATGACCATGACTTTGAAAAACATATGTATGCCATACATATATTAACATCTTTATATGCTTCAACATCAAATACACCACATATTGGTGAACAACAAATGAATCGTCGTATTGCTAACCATAATCAAATGCCACAATCACAAATAACGCAGCCAACTCATCAAGTGACAGCTGCTGAAATTGAAGCGATGGGTGGTAAAGTAAATACGCATTCAGCACATCATCATAATAAGTCATATTCACAACCTTCAAACCAACAACAAAGATTAGCGACAGATGATGACATTGGCAATGGTGAATCCATATTTGATTTTTAAAAAGCAACAATGAAACATAATTACTTAATAGCTTGTTAAGTATGTAGGTTAATAATCAAGACGCATATACTTTTATTCGAGTGTTCGGATTTAAACATTTATTAATACTGAATTATATAAGGAGAGGTAGCAATGAAATTATTTATTATTTTAGGTGCATTAAACGCGATGATGGCTGTCGGAACAGGTGCATTTGGTGCGCATGGTTTACAAGGAAAAATAAGTGATCACTATTTATCAGTATGGGAAAAAGCAACGACGTATCAAATGTACCATGGCTTAGCATTATTAATTATAGGTGTAATTAGTGGTACAACTTCAATCAATGTTAACTGGGCTGGCTGGTTAATATTTGCTGGTATTATTTTCTTTAGTGGATCATTATATATTTTAGTATTAACTCAAATTAAAGTTTTAGGTGCGATTACGCCAATTGGTGGCGTATTGTTCATCATTGGATGGATAATGTTAATCATTGCGACATTCAAATTTGCTGGTTAAATTTTAAAACTTTAGATTACCTATGTAACTAAACATTAAATTTTTAATAAAAATAATCAAGAAAAAGAGTTACAAACTCATCTTTTGGGTATAGAATACCTTCGAGGTGAGTTTTTATTTATGGAAAAAAAGAATAAGCAAATAGATAGAGGCGATTTAAAACAAAACCTATCTGAAAAGTTTGTATGGGCGATTGCATATGGTTCATGTATCGGATGGGGCGCATTCATC
NZ_CP120033.1_gap15	651559	654142	2583	TTTTAAATAGAAGTGAAAATGAAGTTGATGATATGATTGAAGAACCTGAAAAAGAAAAAACTAAATAATAAAAGAATCGCACAATATACCTTCTTCATTCGGAGGCGTATCGTGCGATTTTTTGTATTATAAATTGACATTTAAGACGAGGCAGCTGAACCTTATATATAATTGCTAATAGTTTGGGCTGAGCCAATTCTAACAATATTTATAATCGTTTAAAAGATTTCACGAACCCAGAAACAATTAATTTAGAAATTTGGTCGGCGAATAATAAACCTAATGCGATGGCTCCTGCAATAAGTGTTACTTCTAACATTGTATTTATTGCTGTGCTGAAATTTAATAAGACTAAATTTTTTGTAGCATCGTATGCTAAGCCACCAGGTACTAATGGAATGATACCCGTTACCATAAAAATGATGGCAGGTTCTTTTTGTTTACGAGCCATATAATGACTTAACAAGCCTAATGCTAAACTACCAAAGAAACTAGAGTATATAGTGTGCACATTAAAGCCGTTGAAGAATAAGGTGTAAACCATCCATCCACATGTACCAACGAAACCACATGATAGATATAATTTTCTAGGTGCATCAAAAATGACGCAGAAGAACATTGAAGCTAAAAAGCTAAAGATAAAGTTTAAGATCCAAAACATAGTCTGATACTCCTATACTAAAATTAATACGCTACCAACGCCAGCACCGATGCCAAACGCAGTAACCAATGCTTCTAATGATTTCGTTGTGAACATCAACATGTGTCCACCAAATAAATCTTGTATTGCGTTTGTTATTAATACACCAGGAACAATAGGCATGACTGCTGCAATGATAATAGTTGCCAAGTCACCTGTTGGGATAAGTGTATGTCCAATAACGGCGATAATCCCAATAACTAATGAACCAATGAATTCTGGGATAAACTGTGCATGTAACTTGCGATCTAAAATCTCAGTGACTAGGTATCCTAGACTACCTGCTAATATCGCAGTTAAAACATCAATCAATCTACCACCTTGTAAATATAAGAAACTCATTGCAATCATTGCTGCAGCAAAACCTTTAAAGGGAAGACTGCTGTCACGCTTAGCAACATATATTTTTTCAAGTTGCGTTTTTGCTTCGGCTAAAGAAATTTCATTGTTTGTAATTTGACGCGAAATTTTATTAGCTTGCGAAATTTTTATTAAGTTTGTATCTCGAGAGGTAATTCTAAATATTCTAGGAAACGATTCCGAATGTAACGTAAACTGGATGACAGTGTTTGTAACAAAGCTGTTACTTTCACTGTAACCAAGTTTTTTTGCAATACGTGTCATGGTATCTTCTACACGCGTACCTTCTGCACCAGATTCTAATAGTATGCGAGCAGCAAGCATGACAACGTCTTTGATAAGTACCTCTTGTTTGTATTCTTCTGAATTTATGTCCATTTCATCACCATTGTTTATAAGAATTTAATACTCATTATAGTTTATACACTATAAAATAACCACATGAGCTTTTTGATAAGTTGTTATTGATTTTAAAAAACTAATATTTGATACTATTGTAATAATAATCATCGGAATTTTTAGTAGTTAAAATTCTCTTGAAGTATAAAAAGGAAAAATTATTGAAAAAAATTCGACAAAAATATGTTTCAAATATTTCAAATAGGTTAAAATAATATTAGTTAACCATTACAAAAATTGTATAGAGTAGCGACTGTATAATTTCTATTGAGGTTAACGTTTATATGTAGTGATAGTAGTTAAAGTTCTCCCAAGGAAGACTACTCGGGTACACTTTGCTATGAGCAAAGTGTACTTTGTTATTGATAATACATTAGCACATATATATAAGTTTAAACATACAGATTTCAACTATTTACCAAATCACGTCTTATGTATACGGGAATATACTGAAGATAAACGAAAAATTCCAAGCTTAAACCGATAAGCTTGGAATTTTTTTATTAATTTATAAACGTACCAATGTATTAAGAAATCGCAAAGAATTGATCGAATTCGTTTGTGTTAATAAGATGTCCTACAAAGAAACTACCGAATTCACCGTATCGTGCTGTTGTTTCATCAAAGCGCATTTCGTATACAATTTTTTTGAATTGTAATACGTCATCTGAGAACAATGTTACGCCCCATTCGAAATCATCAAACCCTACAGAACCAGTAATAAATTGTTTGATTTTGCCAGCATATTTTCTACCAATCATACCATGGTCATACATTAATTTTTGGCGTTCTTCCATAGTTAACATGTACCAGTTATAAGTTTCATTACGACGTTTGTTCATTGGATAGAAACAAATATAATCAGAATGTGGTAATTCTGGGTATAATCTTGCTTTGATATGAGGGTTCTCATAAGGATCTTCATCAGATTTACCAGCTAAATAATTGCTCAATTCAATGACTGATACATATGAATATGTAGGGATTAAGAAGTCAGCAATGCGCAATTTGTTAAATTCATTTTCAATATGATTTAAAGACTTCATTTCAGGACGTAAGAACCATAATAACAAATCTGCTTTTTGACCAGTTATATTATAAATAGCTTGATCACCAGATTTTGA
NZ_CP120033.1_gap16	728704	731171	2467	CATTGATAAGTATGAGTAATGTATTAGGTAACCATTAAATTCGTTGTTATGCGATTCTGATACAAGATTATGATAAAATAGCTTTAATTAAGAATTTTAGCCATCATATAGTCATCGTAATATTTACCATCGATAAATAACTTATCTTTTAAAACGCCTTCGATTTGAAAATCGGCACTTTTAAAAAGCTCGAGGGCAGGTTGGTTATTGAGTGGTACATTTGCTTCAATTCGGTGTATTTGATTGTTTAAACACCAAGCCATAATGGCATCAAGAAGTGCTTGGCCAATTCCACGATGTTGATATAATTTCTTTACACCTAAATCAATTTTAGCAACATGTTTAATGCGTTGAAATGGTGTCGTATTAACAAAAGCAAAGCCAACGAGTTGTTCATCACTTTCAGCAACAAAGATGACTTTATGTGGAGAAGTGATATATTCTTCTAATTGTTTACTAGCCGATGTGACGCTAGGATCATATTCTCCTGGTGTGTAGAACATATACGGAGATTCGTCGTATATTTTCGCTAACATTGAAATGAAATTTTCTACATCTTTGATACTAACTCTACGTATAATATGGGCCATAAAAAGCCTCCAGTATTTTGAAATTTTAAAACATTTGCTACTATTATAATATATATGTAACTAAAAGGTGGAGTAATATGTTTTTTGGTTACAGTTTAAAGGAGTATTTTAGATGAAACCTAAAGTTTTATTAGCAGGTGGAACAGGATATATTGGTAAGTATTTAAGTGAAGTGATTGAAAATGATGCTGAACTTTTTACTATATCAAAATATCCAGACAATAAAAAAACAGATGATGTTGAAATGACTTGGATTCAGTGTGATATATTTCATTACGAACAGGTTGTTGCAGCAATGAATCAAATAGATATTGCTGTATTCTTTATCGACCCAACAAAGAATTCTGCCAAAATAACACAATCATCAGCAAGAGATTTAACATTAATCGCAGCAGATAATTTTGGTCGAGCAGCGGCTATCAATCAAGTAAAAAAAGTAATCTACATACCTGGGAGTCGTTATGATAATGAAACAATTGAACGCCTAGGTGCATATGGCACACCTGTAGAAACAACAAATTTAGTTTTTAAACGTTCTTTAGTTAATGTAGAATTACAAGTTTCAAAGTATGATGATGTTAGATCAACGATGAAGGTAGTTTTACCAAAGGGATGGACATTAAAGAACGTTGTAAACCATTTTATTGCATGGATGGGTTACACTAAAGGAACTTTTGTGAAAACAGAAAAATCACATGATCAATTTAAGATATATATTAAGAATAAGGTGCGACCGCTCGCAGTATTTAAAATAGAAGAAACAGCTGACGGAATAATAACTTTAATTTTATTGAGTGGAAGTTTAGTGAAAAAATACACATTTAATCAAGGGAAGTTAGAATTTAGATTAATCAAAGAGTCGGCAGTCGTTTATATACATCTATACGATTATATCCCTCGATTATTTTGGCCGATTTATTACTTTATACAAGCACCAATGCAAAAAATGATGATTCATGGCTTTGAAGTTGACTGCCGGATTAAAGATTTTCAAAGTCGATTAAAATCAGGAGAAAATATGAAATATACTAAATGATATTGGGTGATATGGATGCAAATACTACTAGTAGAAGATGACAATACTTTGTTTCAAGAATTGAAAAAAGAATTAGAACAATGGGATTTTAATGTTGCTGGTATTGAAGATTTTGGCAAAGTAATGGATACATTTGAAAGTTTTAATCCTGAAATTGTTATATTGGATGTTCAATTACCTAAATATGATGGGTTTTATTGGTGCAGAAAAATGAGAGAAGTTTCCAACGTACCAATATTATTTTTATCATCTCGTGATAATCCAATGGATCAAGTGATGAGTATGGAACTTGGCGCAGATGATTATATGCAAAAGCCTTTTTATACAAATGTATTAATTGCTAAATTACAAGCGATTTATCGTCGTGTCTATGAGTTTACAGCTGAAGAAAAACGTACATTGACTTGGCAAGATGCTGTCGTTGATCTATCAAAAGATAGTATACAAAAAGGTGACGATACGATTTTCCTGTCCAAAACAGAAATGATTATATTAGAAATTCTTATTACCAAAAAAAATCAAATCGTTTCGAGAGATACAATTATCACTGCATTATGGGATGATGAAGCATTTGTTAGTGATAATACGTTAACAGTAAATGTGAATCGTTTACGAAAAAAATTATCTGAAATTAGTATGGATAGTGCAATCGAAACAAAAGTAGGAAAAGGATATATGGCTCATGAATAATTTGAAATGGGTAGCTTATTTTTTGAAATCTCGCATGAACTGGATATTTTGGATATTGTTTTTAAACTTGCTTATGTTAGGCATTAGTCTAATCGATTATGATTTTCCAATAGACAGTTTATTTTATATTGTTTCTTTGAATTTAAGTTTA
NZ_CP120033.1_gap17	780350	784827	4477	AGACGTATAAATCTGGACCTTTTGATGATTTGTAGTTAGTAAGCATTAATTTACCATTTTTAATCTCAGCTTTACCTTCAACAGTTTCACCGTTTTTAGAACTGAATGTACCTGTTAGGTGTTTTGTTTTATCAGTTTTAACATTGCTATCTTCTGACTTTGTTTTTTGTTCAGTTTTGTTACCTTGATCTTGTGAATTAGAATTACCACAAGCGCCTAAAGTTAATACAGAGGCAACAGCACCAACTGCTAAAAAATATTTTGTATTCATGCTAACTCCTCATTTCTTCAATTTGATAAGTTAAGTTTAAAATGAAGGCAAATAATATGCCATTAACTAATTCTTAACTTCGTTTAAATATCGCTTAACTAATATTGAAGAAAGAATAATTTGAAAATGAAAATAATTGTCTGATTTAAATAAATAGGAGTCAAAATAAGAGGAGGGCATTTTTTTAGGTGAGAAAATATTTATCTGAACTAGATAACACTATAAAACACTTCTGATATTTTGAACTAAGAATATCAGAAGTGTTTTATAGTTTTGGTATTAAAATTTATAAACCTTTTGCCACAATAAAAACAACAAGAAAATAAGATAGACGATTAAATACAAGTACCAATATGGTGTTAAAACCATCATAACGATAAATGAAATGTTAATAATGATAAGTCCTTTAATCATTAGTTTCTTTATTTTGTTATTATTTTCAGCAGTTTCATCTAAGCTATTAAATGTTGAAATAAACAACATAATACCACCAATGATGAAAATTGCAGGGGCTAAAAATGGAATAGACATATATATTGATTGTGTACTTGAAAAGTCGGTAACACGTTGCGTTAAACTGACAACAATCGTTAATATGATAGCAATAAATTTTTGGTCTGTAATGTATACAGGTTTTAATTTTTTATCAATGTAAAACTGTAGTATCGTCCAAATGATAAACATCGTTATAGTACACAGAGTAATAAAGTTATATTTATCAATTATGAATGTATTTATAAAGGCGTTTATCGTAATAGATAACAACATTGCACTTAATGATAAATGTTGCATTTGATGCCTATATAAATTGAATCCAGTTATAAGTACGACGATAGCAATATTAATTAATATATATAAAATCATGATGGACTCCTGTTCGTTATACTTCAATCAACTATTATATCAATTAATATATTGTTATTCATTAGATATGACTTGTAAAAAGTAAAATAAGTTATCCTTTATACACCTTTTTTATTACTCCAAAGTAATGTATGAAGTTGTGGTAACACATAAACGTGATTCATATCATTACTTTGCATAACTAAATCCACCAACTGCTCGTAGCGTTCTAACAACTTTTCGGTATGATTATCTACGCTGTCTGATAAATATGGGTTACCAACTTGTAAATAGAAGGGAATATCTGGATAACGGTGGTGTATCATTTTGGCAAAATCATAATCTTTATCGTCGAATACAACTACTTTTAAGTTTAATGAGGAAGGTACGCATTGTGTAATCACTTCATCTAACTTTTTTAAATCAGGTGTCATAGTTGAACTTGGTGGTTTTGGACTAATCGTTAAATCATCAATTTGTGTCATCCAAGGTTGGAATTTACTGCCTTGTGTCTCCAGTGCGCTGAAAATACCTTTATCTTGAAATAAGTCAACTAACTCTTGGATACCTTTAATTAATGCTGGGTTACCACCAGAAATTGTAACGTGATTAAATAAATCGCCACCAATTCGTTTTAATTCATCATAAATTTCTTCAGCGGTCATGAGTTTTATATCGCCTTTAGCACTACCATCCCAAGTAAATGCAGAATCACACCAGCTACAGCGATAATCACATCCAGCTGTTCTCACAAACATCGTTTTTCTACCGATTACTCGACCTTCACCCTGAATGGTTGGACCGAATATTTCGAGTACAGGAATTTTAGCCATTAGTTACACCTGTTCCTTTGGTCTAAATACAACATAACTTGTTGGTGTTTCTCTTACAAATACTTGAATACATTTTGGTTGGTGTTCGAGCGATGCCAAATTTTCTTTAACAATTTGATAAATTGTTTCCGCTACGATTTCAGTTGAAGGGATTTTGTTTTTAAAAGCAGGTAAGTTATTTAACAGTTGATGGTCAAATTTACCGTGTATCATCTTTTTCAAATGGCTAAAGTTCACTAAGAAGCCAGTGTCATCTAGTTTATCACCGACAATTGTTAAATTAACAAAGTAAGTATGACCATGGACATTTTGACAAATACCTGCTTCTTCACAAGGAATGTGATGTGCAGCCGAAAAATTAAAATCTTTATTTAATTCGAATTGATATGGATGCGTTGTACTAGGATAGATTTGTTGTAACATTTTAAAGCGCTCCTTTACTTTCAAGATATTGATTTAGTCCACGTTGACGTAAATGACAAGCTGGACATTCACCACAGCCATCCCCAATGATACCGTTATAGCATGTTAATGTTTTTGTACGAATATAATCTAAAACTTCGAGTTCATCACTTAATTTCCACGTTTCTGCTTTGTTTAACCACATTAAAGGAGTATGAATGACAAAATCTTTGTCCATAGCTAGGCTTAATGTTACGTTCATTGATTTTATAAAACTATCGCGACAGTCTGGGTAGCCTGAAAAGTCTGTTTCACATACGCCTGTAATAATATGCTTAGCCCCAATTTGATAAGCTAGAGCGCCTGCAAACGACAAGAAAAGTAAATTTCTAGCTGGAACAAATGTATTAGGTATACCATCTTCATTATTAGTAATTTCCATATCATGTTGTGTTAATGCGTTTGGAGTAAGTTGTGATAATAATGACATATCTAAAACGTGATGTTTCATTCCTTGATCTTGTGCAATTTGTTTTGCGACTTCAATTTCAGTATCATGTCTTTGGCCATAATTAAACGTTACGAGTTCAACTTCTTTGAAATGTTTTTTTGCATAAAAGAGACATGTTGTACTGTCTTGACCACCACTAAAGACAACGATGGCTTTTTCATTATTTAATACACTTTCCATTTTGTAATTGCTCCTATCATTAATAATATTAATAAAGAGGTTAATGGCATTGATAAGCCCGTTTTTAATTTATAAAATAAAAAAAGCCTATCTCCATAAAAGATAGACGAAAGAAATGGGTTGCTCCTATAATATATATTAAAGGTTTACCAACGAATGTTTGAAATTTCAATGTCTAGTTTTTTATAGAGGGTTTCAGCTAGGAACCTCTGATATTCATTTATGTACGATGAATAGAATATACTATATATTAGTTAAAATCAAGGTCAGGATAATGACAATGCTTTTAAAGTTTTAGCTACATCCAATACATATTATAAAAATAAAACACATTTAGAACGGAGTATACAATGATTCTAGTCATAGATAATAATGATTCATTTACATATAATTTAATAGACTATATTAAGACTCAAACGAAACTAACAGTTCAAGTTGTTGGTATTGATAATCTGCTGATAGAAGACGTCATTAATATGAAGCCAAAAGCAATTGTTATTTCACCTGGGCCGGGTAATCCGGATGATTATCCTATATTGAATGAAGTGTTAGAACAATTTTATCAGCGTGTACCTATACTAGGTGTATGCTTAGGATTTCAATGTATCGTGTCTTATTTTGGTGGAAATATCATTCACGGCTATCATCCTGTACACGGACATACTACACAGTTACGCCATACCAATGAAGGTATTTTTCAAGGACTGCCTCAAAATTTCAATGTAATGCGTTATCATTCATTAATTGCTGACGGAGCGACTTTTCCAAATTGCTTAAAGATTACAGCCAAAAACGATGAAGCGATTATTATGGCATTTGAGCATATTACATTTCCGGTTTTTGGTGTGCAATATCATCCTGAATCTATTTTGAGTGAATACGGTTATCGACAAGTTGAATTATTTTTATCGAAGGTAGGTGATTACTGTGAGAATAGAATATAATTATCGCTACTATTTAACTGAAAATGAATATAAGCAATACCATATTCAATTAAAGGGATTTATAAAGAAGTATGTTGCTACTAAGTTGGCTGATGTGGGAGAAGTGATACACTTTGCACAAGCGCAGCAACGACAAGGTAGATATGTCTCGTTATATTTAAGTTACGAAGCGGCAAAGTATTTTAATCATGTTATGTGTACACATTCATTAGCTAAAGATGATATTTATGCAGTAGCTTATAGTTTTGAAAAAGCGGAAAGCATAAATTCAACATATGAACATCAAACTTCTTATGTATCAAAGCATCATTTTTCATTTGTTGAATCTTCTGAGGTTATGATGACTAATATTAAACGTGTCCAACAAGCAATTGTTGAAGGCGAAACGTATCAAGTGAACTATACGGCGCGCTTAACGGATAACATTTATTATCCTATTAGTACTTTATATGAACGATTAACTCAATTTAGTAATGGTAATTATACTGCGTTA
NZ_CP120033.1_gap18	787200	791862	4662	ATGATGGTGTAATTCCATGTGGTGCACTTGATACTTTAGCACATGAAATTGCTAATCGATTAGTTGCAAATGACAAGAATGAAGCAACTTTGGAAATGACTAATAAAATGGCAACGATTCGTTTTACAGAACCTACGCTGATTGCATTAGCAGGGGGTAATGTCAAAGCTTACACTGAGCATATGACTATATCTCCATATAAATTGTATTTGTTAGATAAAGGCGATGTTTTAAAGTTTAGAGAAACAAGTTATACATCGCGAGTGTATTTAGCTGTGGGAGGCGGATTTGAATTAGATGCATGGTTAGGATCTAACTCAACCGACTTTAATGTAAAAATTGGTGGTTTTAAAGGTAGAACATTACAAGATGGCGATGAAATAAAGCTTAAGAGAGATTATACAGCTCGTCATCATAAGTTATTTGAAAACCTTGCTCACACGAAACAAACAGATTGGGGTATTGATGGATACGCCTTGTCATTTAATTATATGTCTGATGTATTTCATGTCGTTAAAAATAAAGGTACGGAAGATTTTAAAGAAGATGCCATTCAAAGATTTGTGAAACATGATTATAAAGTAACGAGCAAAGCAAATCGCATGGGGATGATGCTTGAAGGTGAAAAAATCAAAGCCTTTTATGAAGATATGCCACCGTATCAGACTGTCAAAAAAGGAACGATACAAATTAAGCGTGATGGCACACCTATTATCTTATTAAATGATCATTATACGCTAGGTAGCTACCCGCAAATCGGTACAATCGCAAGTTATCATTTAACGAAATTAGCACAAAAACCGCAAGGATCACGTTTGAAATTTCAATTTATAGATATTTTAACGGCTGAAAAGAACCTTGTTAAGTATAGTAACTGGTTAAACCAATTATTCCATGGAATAGAATATAGAATGCAATTAGAAATGATGAAATAATATTTGGTACGTAGCTCATACTCGAGTCCGATGCAAATAATTTCCTCCTAATGTATAATGAAATAATACTGTGTTTTATCTGCGAAATGTATCATATTCTAATTCGTTTCACAGTAAAATGAAAAGATGAAGTGTGTTTTTACTTGAATTTTGACTAAAATTACTCTATATTTATTAATTGAGCTATGCTTATTATTACAATTTGATTACAAATTTTAAATTTGTTAATTGAATGATAATATTAAATAAAGAAACTTACACAAGCAAATATGAGTTGTAGCCCAAAATACTTGTTAAATCAAAGTTGAAAGCTACAAATAATGAAAATTATAAACTTGAATCTGAAAGTAATTACTATAATTATGACAATGTTAACTTTTAAACGCACTTATTAATTAACTACATAATGTTAATATCTAATTTATTCAAGTACTTTCGCAAGATTTATTATCTAAATAACGGGGGAAAGAATCATGAGTTCACAAAAAAAGAAAATTAGTCTTTTTGCGTTCTTCTTATTAACCGTAATAACGATTACCTTGAAGACGTATTTTTCTTATTATGTTGATTTTTCTTTAGGTGTTAAAGGTTTAGTACAAAACTTAATATTATTGATGAATCCTTATAGTTTAGTAGCACTGGTTTTAAGTGTGTTCCTATTCTTTAAAGGCAAAAAAGCATTTTGGTTCATGTTCATAGGCGGCTTCTTATTGACGTTCCTATTATATGCCAATGTTGTGTACTTTAGATTCTTCTCGGATTTTTTAACGTTTAGTACTTTAAACCAAGTAGGTAACGTAGAATCTATGGGTGGTGCGGTTAGTGCATCATTCAAATGGTATGACTTTGTTTATTTCATTGATACGTTAGTTTACTTATTCATTTTAATATTTAAAACAAAATGGTTAGACACAAAAGCATTTAGTAAGAAATTTGTTCCTGTCGTAATGGCGGCTTCAGTAGCATTATTCTTCTTAAACTTAGCTTTTGCTGAAACTGACAGACCAGAATTATTAACACGTACATTTGACCATAAATATTTAGTGAAATATTTAGGACCGTATAACTTTACAGTATACGATGGTGTTAAAACTATCGAAAATAATCAACAAAAAGCGTTAGCATCTGAAGATGACTTAACAAAAGTATTAAATTATACGAAACAACGTCAAACAGAGCCTAACCCAGAATATTATGGGGTGGCAAAGAAGAAAAATATTATTAAGATTCATTTAGAAAGTTTCCAAACCTTCTTAATTAATAAAAAGGTTAATGGTAAAGAAGTAACACCGTTTTTAAACAAATTATCAAGTGGGAAAGAGCAATTCACATACTTCCCTAACTTTTTCCATCAAACAGGTCAAGGTAAAACATCTGACTCTGAATTTACAATGGATAACAGTTTATACGGTTTACCGCAAGGTTCTGCCTTTTCATTAAAAGGAGATAATACGTATCAGTCACTACCAGCAATTTTAGATCAAAAGCAAGGCTACAAATCTGATGTCATGCACGGTGACTATAAAACATTCTGGAACAGAGACCAAGTATATAAACACTTTGGTATCGATAAATTCTATGATGCAACATACTATGACATGTCTGATAAAAACGTTGTAAACTTAGGCTTGAAAGACAAAATTTTCTTTAAAGATTCTGCTAATTATCAAGCTAAGATGAAATCACCATTCTATTCTCATTTAATTACTTTGACTAACCACTATCCATTCACATTAGATGAAAAGGATGCGACTATTGAGAAGTCAAACACAGGTGATGCAACAGTTGATGGTTATATTCAAACAGCGCGTTATTTAGACGAAGCATTAGAAGAATATATTAATGACTTGAAGAAAAAAGGATTATATGACAATTCAGTGATTATGATTTATGGTGACCACTATGGTATCTCTGAAAACCATAACAATGCCATGGAAAAACTATTAGGTGAAAAAATCACACCAGCTAAATTTACAGATTTAAACAGAACTGGTTTCTGGATTAAAATCCCTGGTAAATCTGGTGGTATCAATAATGAATATGCTGGTCAAGTCGATGTAATGCCAACAATTTTACATTTGGCTGGTATAGATACGAAGAATTATTTAATGTTCGGTACTGATTTATTCTCTAAAGGTCATAATCAAGTAGTTCCATTCAGAAATGGTGACTTTATAACAAAAGATTATAAATATGTTAATGGTAAGATTTATTCTAATAAAAATAATGAACTCATAACTACTCAACCAGCTGATTTCGAAAAGAATAAAAAGCAAGTTGAAAAGGATCTCGAAATGAGTGACAACGTGCTTAATGGTGATTTGTTTAGATTCTACAAAAATCCAGACTTCAAAAAGGTAAATCCTTCGAAGTATAAATATGAAACAGGACCTAAAGCAAACTCTAAAAAATAATATTTAAACACGAACTCGGATTGATAAAATATCAATCCGGGTTTTTATTATGTTCTTTTATATTATGTTTTACATTATATGTGTTGATAAAAAGGTATATTATAAAGATCATTAGCATAGTCATCAAAGCCTTAACAAGTTTTATTTATAGTTGAAGCAACAATATATTAAATTATGACACTTAACGGTATCGATTTCTTTTGATTTCAAAAAGGTGTATAATGTATAGAACTGATTTAAGTACGTAGAGATTTCAACAGAAGAAGGAAGATGGGTATGGAAGCATATAAAATTGAACATTTAAATAAATCTTATGCCGATAAGACTATATTCGATAACCTAGATTTATCAATTTCAGAAGGTGAAAAAATAGGTTTAGTAGGCATAAATGGTACAGGGAAAAGTACGTTGTTAAAAGTAATTGGTGGTATTGATGATGATTTTACAGCCAATGTTATGCATCCAAATCAATATCGAATTCGATATTCGTCTCAGAAACAGGACCTTAATGAAGATATGACAGTTTTTGATGCAGTATTAAGTTCTGATACAACAACTTTACGCATCATCAAGCAATATGAGCAGGCAGTACAAGCTTATGCGGATGACCAAAGTGATAAATTGTTCAAGCGAATGATGGATGCGCAAGATGCTATGGATCAACATGATGCTTGGGACTATAACGCTGAAATTAAAACAATCCTCTCAAAACTAGGTATACATGATACTACTAAATACATTAAAGAATTATCCGGCGGACAACAAAAACGTGTTGTACTTGCTAAAACATTAATAGAACAACCAGATTTATTGTTATTAGATGAACCTACGAACCATTTAGACTTCGAATCAATCAGCTGGTTGATCAATTATGTGAAGCAATATCCTCATACTGTTTTATTCGTAACCCATGATCGATATTTTTTAAATGAAGTTTCCACTAGAATTATTGAACTAAACAGAGGTAAGTTAGCGTCATATCCTGGTAACTATGAATCTTATATTGAAATGCGCGCTGAAAGAGAAGTAACACTTCAAAAGCAACAACAAAAGCAACGAGCTTTATATAAGGAAGAACTTGCTTGGATGAGGGCTGGAGCTAAGGCTCGTACTACAAAGCAACAAGCTAGAATTAATCGATTTAATGACCTAGAAAATGAAGTTAACCAGCAATATAAAGACGATAAAGGTGAATTGAATCTTGCTTATTCAAGATTAGGTAAGCAAGTGTTCGAATTAGAAGACTTATCAAAGGCTATTAATGATAAAGTATTATTTGAACATCTGACGGAAATTATTCAAAAAGGTGAGCG
NZ_CP120033.1_gap19	929918	930933	1015	ATGTAGCTGGTTCAATAATCGAATTAGTTAAAATGCCAGGGAATAAACCGAATACAATTACTAATGTAGCTAAAATAGCTGGTGATAAAAGCATTAATATTGATACTTCGTGTGCTTTTTTAGGTAATTGTTCAGGTTTATATTGTCCGAAAAATATATGCATTATAAATTTAATTGAATATACAAATGTGAAGACACTGCCCACTATACCAATGATTGGGAATAGGTAGCCTAATGTATCAACACTGAATAAATTTGCTTGGCTTGCTGTAAATGTTGTTTCTAAAAATGATTCTTTTGATAAGAAACCATTGAACGGTGGTACACCAGCCATACTTAATGCTGTAATAACAGTGATTGTAAATGAAATAGGCATAATTGTTAGTAAGCCACCTAATTTCTTAACATCACGTGTACCAGTAGAATGATCCACTGCACCTGTAATCATAAATAGGGCACCTTTAAATGTTGCATGGTTGATTAAATGGAATATTGCAGCCGTAAATGCAGCAGCATATATTTTGCTATCATCGCCTTGATAGTGATAACTAATGGCACCGATTCCAAGCATCGCCATAATCATACCTAATTGGGATACTGTTGAAAATGCCAGTATACCTTTCAAGTCTTGTTGTTTTGTTGCGTTTAGCGAAGCCCAGAATAACGTAATTAAACCAACGAGTGTGACAGTCCATACCCAACCTTGCGATGCTGCGAAGATTGGTGTCATTCGAGCGATTAAATATAACCCTGCTTTAACCATTGTTGCTGAATGAAGATAAGCACTGACTGGTGTAGGTGCTTCCATTGCATCTGGTAGCCAAATATAAAATGGAAACTGAGCAGATTTTGTAAAAGCACCAATCATGATTAAAATCATCGCAAAAATGAAGAATGGGCTATTTTGAATTTCAGAAGCATGTTGAATCATGTACTGAATGCTAAATGATTGCGTTGGTATAGCGAGTAAGATGATACCACCTAATAATGATAGACCACCAAATACTGTGATTAT
NZ_CP120033.1_gap20	934722	937401	2679	TACTACTGGATTATCAATTTGTTGAAAAAATTAAAGATGGACGGGAAGATGAAATTATTAATTACTTTGATCCAGAGAGAGAAGATAATCATCACTTAACTCCTAATTTATGGCATCAATTTAATGAAGGATTCTATCCATTACCACGTAAAGATAAATAAGTGTTTAACTGTTACCACTAATGATATTGTGTATGCAATTTGTTAGTGGTTTTCAATATTTATAAATAAAAATATTCTTAGTAAAATATACTTTTGATTAAGTGTAAAATTATCAATTCTTTTGCTTGTAATCATTTAAGTAATTATGTCATTATAAATGTAAGGGTTTTCAAAATAGACAAATTTAATGAAACTTAGTGATTATTTCATCTTTTTTGGTGGAAAAGTATCTGCTTTGAAAACTAATGTAATTATTTGGATAATGTTTCATGTATAATAGTTATAAATGATGAAAAGGGGAGATATGATGACTAAATCTGAAAAAATTATTGAGTTAACAAATCATTACGGAGCACATAATTATTTACCATTGCCAATTGTCATTTCAGAAGCTGAAGGGGTATGGGTTAAAGATCCTGAAGGCAATAAATATATGGATATGTTATCTGCATATTCCGCTGTTAACCAAGGTCATAGACATCCGAAAATTATTCAAGCATTAAAAGATCAAGCTGATAAAGTGACTCTAGTTTCACGTGCTTTTCATAGTGATAACTTAGGTGAATGGTACGAAAAAATTTGTAAACTGGCAGGTAAAGATAAAGCTTTACCAATGAATACAGGTGCTGAAGCAGTAGAAACAGCTTTGAAAGCAGCACGACGCTGGGCATACGATGTTAAAGGAATTGAGCCAAATAAAGCAGAAATCATTGCATTTAATGGTAACTTCCATGGTCGAACAATGGCGCCAGTTTCATTATCTTCAGAAGCAGAATACCAACGTGGTTATGGTCCGTTATTAGATGGATTTAGAAAAGTTGATTTTGGAGATGTAGATGCATTGAAAGCTGCAATTAATGAAAATACTGCAGCAGTTTTAGTAGAACCAATTCAAGGTGAAGCGGGTATAAATATACCGCCAGAAGGATATTTGAAAGCAATTAGAGAATTATGTGATGAACATAATGTCTTATTTATTGCTGACGAAATCCAAGCAGGATTAGGTCGTTCGGGTAAATTATTTGCTACAGATTGGGATAATGTAAAACCTGATGTCTATATTTTAGGTAAAGCACTAGGTGGTGGTGTCTTCCCAATTTCTGTTGTATTAGCAGATAAAGAAGTATTAGATGTCTTTACACCTGGCTCACATGGTTCAACATTTGGTGGTAATCCACTTGCTTGTGCTGCATCAATTGCTGCATTAGATGTTATCGTTGATGAGGATTTACCAGGTCGCTCTTTAGAATTAGGAGATTATTTTAAAGAACAATTAAAGCAAATTGATCATCCATCAATTAAAGAAGTCCGTGGACGTGGTTTATTTATAGGTGTGGAACTTAATGAAAGTGCTAGACCATATTGTGAAGCTTTGAAAGAAGAAGGCTTATTATGTAAAGAAACGCATGATACTGTCATTCGTTTTGCACCACCATTAATTATTACTAAAGAAGAATTGGACCTTGCACTTGAAAAAATAAGACATGTATTTCAATAATGTCAAAAAGTTGTAACAATCAGTTTGTAAGGGCTTTAAAAAGGAATACGTTATGTTACAATATGTTTGAAAGCGAAATCATTAGGTAAAGAAGAGGCGAAAAGGATCATGACTGAGAACAATAATTTAGTAACTTCTACTCAAGGAATTATTAAAGAAGCATTGCATAAATTGGGATTTGACGAAGGAATGTACGATTTAATTAAAGAACCTTTAAGAATGTTACAAGTGCGTATCCCTGTACGAATGGATGATGGCACTGTTAAAACATTCACAGGTTACCGTGCGCAACATAATGATGCTGTTGGACCAACAAAAGGGGGCGTGCGTTTCCACCCAGATGTTGATGAAGAAGAAGTAAAAGCATTATCAATGTGGATGACTTTGAAATGTGGCATTGTAAACTTACCATACGGTGGTGGTAAGGGTGGTATCGTTTGTGATCCACGTCAAATGAGCATTCATGAAGTTGAACGTTTATCACGCGGATATGTAAGAGCAATTTCACAATTCGTAGGTCCGAACAAAGATATTCCAGCACCAGATGTATTTACAAACTCACAAATTATGGCTTGGATGATGGATGAATATAGTGCATTGGATAAATTTAATTCACCAGGTTTCATCACAGGTAAACCAATTGTATTGGGTGGTTCTCATGGACGCGACAGATCTACTGCACTAGGTGTAGTTATTGCAATTGAACAAGCTGCAAAACGTCGTAATATGCAAATTGAAGGTGCCAAGGTTGTTATTCAAGGTTTCGGTAATGCCGGAAGTTTCTTAGCTAAATTCTTATATGATTTAGGTGCAAAAATTGTAGGTATCTCTGATGCTTACGGTGCATTACACGATCCAAATGGCTTAGATATAGATTATTTATTAGACCGTCGTGATAGTTTTGGTACGGTAACAAATTTATTTGAAGAAACAATCTCAAATAAAGAATTGTTTGAATTAGATTGTGACATTTTAGTACCAGCGGCTATTTCAAACCAAATTACAGAAGACAATGCACAT
NZ_CP120033.1_gap21	983350	985723	2373	AGAGGCACCTCTAGCTCCAATTTATCAAAAGGGAGAAGCTCATTTAACCAATCCCAAAGTAAAAGGACTTCAATATCATGTGGTTGGGCCTGATACAACATTAAAATATGTATATATAGAAAAATGATAAAGAAGTAGATATTAAAAATTAATATGAAATTAAAGAGGCACTAGTTAATTCTAGTACCTCTTTATTTTATCTCTTACGTCCTAAACCCATCGCTTTTTCCATTTTTTTGACAGTTTTAAATGAAACTTTGTGTGCTTTATCTCTACCTTGATCTAAAATATCATCAAGTTTATCTGAGTTATAGAAACTTTCGTATTTTTCTTGGAATTCTACTAAAAATGCTTTAACTATTTCAGCAAGGTCACCTTTAAATTTACCATAACCTTCCCCTTCATATTTTGCCTCAATATCTTTAATTGGCATGTCGGTTAATCCAGCGTATATTGAAATTAAATTTGTTATACCTGGCTTGTTGTCACGATCAAATTTAATAATACCATCTGAATCAGTTACTGCGCTTTTAATTTTTTTAGCTGCAACATTCGGCTCGTCCAATAATGAAATGAAGTTTTTAGCATTATCATCACTCTTACTCATTTTTCTTGTTGGGTCTTGTAAACTCATGACACGTCCACCAACTTTAGGCATACGAATTTCAGGTTTCACAAGCACATCATTATAGCGACTATTAAATCTATCTACAAGGTTACGAGTCAATTCGATATGCTGCTTTTGGTCATCTCCAACTGGAACGATATTAGTATTGTAAAGAACAATATCAGCTGCCATTAAAGGTGGATATGTTAATAGACCAGCTGGTATACCTTCAACTGCTTTCTGAGCTTTATCTTTGTATTGCGTCATACGCTCTAATTCTCCAACAGAAGCAATCGTAGTTAACATCCATCCTGCTTGTACGTGTGCAGGGACTTCAGATTGTATGAACAATGTTGCTTTGTCTGGATCTATACCAGAAGCTAAATAAATCGCTGCTAATTGTCTGGTCTGTTTACGTAATTTTAAACGATCTTGTGGCATTGTAATTGCATGTTGATCTACGATACAGAAATAACAATCATAGTCATTTTGCACATCAACAAATTGTTTTAGTGCGCCAATATAATTTCCAATAGTAGGAATTCCACTAGGTTGGATGCCTGAAAATAATGTCTCCATTTAAATGCCTACTTTCTTAGTAATATTTTAATAATTATCATTATAACAGTATTTCTTAAAAATGTAAGATGTGTTAGAATATACGTATAACTTACTACTAACAAAGGGATTAATAATCTTTTTTATAAGTGTAGAAACTTATCTGAAAAATTAGGTTTTTCTCATTTAATTTTAATGTTAGATAGTTATAATAAATAGTAACGATTAAGAATTTTAGAAAAAAATGTTTTTTCTTGATCTATAACTAAATTTTAAGCAATGAATTTTATTCATTCAAATAGGAGAGTGAGATGTATGGTAACATTATTTACTTCACCAAGTTGCACATCTTGCCGTAAAGCGAAAGCATGGTTACAAGAACATGACATTCCGTATACGGAGCGTAATATTTTTTCTGAACATTTAACAATTGATGAAATTAAGCAAATATTAAAAATGACTGAAGACGGTACTGATGAAATCATTTCTACACGTTCTAAAACATACCAAAAATTAAATGTTGATATTGATTCACTACCATTACAAGACTTATATTCAATCATTCAAGATAATCCTGGCTTATTACGTCGTCCAATTATTTTAGATAATAAACGACTACAAGTTGGTTATAATGAGGACGAGATTCGACGTTTCTTACCTAGAAAAGTTCGTACGTTCCAATTACAAGAAGCACAACGTATGGTTGACTAATAACCATTTAACTATGTGTCATACTTTACTAAAAGATATGTCAAGCAACACTATTTCTATAGTGTTGCTTTTTTGGTTTTAATTTTACAATAATTGCTTAGTATCTTTTAAATCAAATGTGCAATTGTTAATATAGCTCTATATTAGAGTGTTTTGGATGAAACATTTGCTATGATAAGGTAAAATTAAATTAAGAAAGTGCTTTAATGCTTTAACTGTATAAATCATTTAAATAGTTTTGCTACAACGAATATGTTATTATAAGTTACCAAAATATTTTAGAGAAAGAAATCAAACAAATAAATTGTATTTTGTTTGATGCTTTAATACAATGTGGATACTATTCATCGACTGTAAGGAGTGAGATGATATGAGAATAGAACGAGTAGATGATACAACTGTAAAATTGTTTATAACATATAGCGATATCGAGGCCCGTGGATTTAGTCGTGAAGATTTATGGACAAATCGCAAACGTGGCGAAGAATTCTTTTGGT
NZ_CP120033.1_gap22	1087224	1089689	2465	AATCAAATTTAAAGTCACCGGTATGAACTACTTTTCCTTCAGGTGTATCTACGATGACGCCATAAGTTTCAGGAATACTATGCGTAGTTAAGTAGAAAGAAATCGTAAAGTGCTTAGATTTAATCACACTGTCCTCATTGATTTCATTTAGTTTAGCAGTACGTAATAAATGATGTTCTTCAAGTTTATTACGGATTAAACCTAATGCTAAAGGACCACCATAAATAGGTATATTAAGTTGTTTTAATAGGAAGGGCACACCGCCTATATGGTCTTCGTGACCATGTGTTATAAATAGGCCAACAATTTTATCTTGGTTTTGAACTAGATATGTGTAGTCAGGTATAACATAATCAATCCCTAATAAATTATCATCAGGGAATTTGATACCTGCATCGATAATGACAATTTCGTCTTTATACTCAACTGCATAAGTATTTTTACCGATTTCACCTAGACCTCCAAGTGCATATACACCTACTTCATTTGGATGTAATTGTTTCATTATTTAGCAATCTCCACATTAAAGTGTTCTGAGTTTTCTTTTTCGTAATCTAAATGTGCGCCCTCTAATTTAGTGATAAATTCGATATTAAAATTACGATCTTTCAAGTAACGACGTACTTGTTCTTCTGTTTGAGCTTCAACATAAAGTGATTGTGTATTTTCACGCACAATTACCTCGTCTCTGTTATGTTGATAAAAAACTTTAAATACTGCCATGTTAAAAATTCCTCCTAAGAATGTTTGTTTAATTTATTGTTAACCCTAGTAAAATCGTATTGGAGTATATATCGATAAATTCATTCCAATTATCTCTATAATTTAACTTAATAACGATTTGGTTAATAACTAGGTTCATCATGTCGTTCATTTTAAAAAATTAGTGAAATAACACTAAAATTTCAGTTAAATCTTATTTTACATGATGAATGATAATAAATAAAGCAGTTTATCTCACTAGAAATCTAAGTATTTCGAATAAATGTGCAGTTCTATTTATTAAAATAAATGTAGAGATTATAAATTAATGTTAAGAAAGAATTAAAGGATTTTATATGAAACGGTAAAATTTAAATGAGGGGATAAAAAGTTTGGTAGAAAGGTGAATATATTTAACTGTTGTTTATTCGAAAAAGTTGTACAAGAAAAAGCTTAGGACATCATATTTATCCTAAGCTTTGATAATTAGTAATAATGTGTTTTAAACTTCTACTGCATCTGTATGTGGTTGTAATGGGTGGTCTTTGTCAATGTGATCATAGAACATTACACCATTTAAATGATCAATTTCATGTTGGAAAACAATTGCTGGATATCCTTTTAGTCGTAATTGTATATCATTACCTTCGATGTCTTTGGCTTTAATTGTAATTCTATTATGACGGTGAACTAGACCAGCAACATTATCATCGACACTAAGGCAACCTTCACCAGTTGGTAAATAAGCTTCTTGAACGCTATGACTTACAATTTTTGGGTTCACAAGCATATAGTCATAAGATTTGCCACTGCCATCATCTGGTATTAAAACAGCAATCATACGTTTAGAAATATTAATTTGAGGTGCAGCCAAACCAACGCCTGAACGTAAACCATATCGTTTCGCGATTTCCTCATCTTGACTATTTACTAAAAACTCTCTCATGGCGATTAATGTTTCTTTTTCTTCTTTAATTAATGGTAATTCTAACTCAGCTGCTTTTTGACGCAAAGTTGGATGACCATCTCTAATGATGTCTTTCATTGTTAACATATATTGCACCTTCCTTATTTTAATTTGTTTTAGTTGAATGACAGTAAAAAGGTTGTTAAGATACTCATACATTTTTATGTGTAAATATCTACAAAGTTAACCAACTACTGCCAATGTTTATTTTAGATAGTATATGTAAATTTTCAGATATGCTAATTGCTTAAAAAATGATTAAAGTGTTGGTTTCAAGCAATGATACTTTAGAAATTTATTTATCATCTTGACTTTAAAAATTATATTATAAATGACGTAACTGTCAACAGATATACTTAGTAATGAAGATGTGTAATGTAATTGTTTAAAATTGATTTCCAAGCAGATTTTATTTATCATTTAATTTAAATAGCAAGTGGAGGTACAAGTAATGAAATTTGGAAAAACAATCGCAGTAGTATTAGCATCTAGTGTCTTGCTTGCAGGATGTACTACGGATAAAAAAGAAATTAAGGCATATTTAAAGCAAGTGGATAAAATTAAAGATGATGAAGAACCAATTAAAACTGTTGGTAAGAAAATTGCTGAATTAGATGAGAAAAAGAAAAAATTAACTGAAGATGTCAATAGTAAAGATACAGCAGTTCGCGGTAAAGCAGTAAAGGATTTAATTAAAAATGCCGATGATCGTCTAAAGGAATTTGAAAAAGAAGAAGACGCAATTAAGAAGTCTGAACAAGACTTTAAGAAAGCAAAAAGTCACGTTGATAACATT
NZ_CP120033.1_gap23	1124287	1128527	4240	TACTTGATTCTACTTCACCTTTAGTTGGTTTTGTAGCAGGCGTTTTGTCTTTACCTGACTCACTAGATGCGTCATTTTCTTTTTCAACACTTGGTAATTGTTTATTGTCATCTTTTTGGCTGTCTTGTTTTTGTGATTCTTTTTCAACAGGTGATGGTGTTGGTTTGCTAGGCGTAGCTGGAGTAGCTTCCTTCTTAGCTGAGTTATCTTGTTGTTCTTTTTTGTTAGATTTATCGGTATTGGCTTTTGTAAATGCTTCTTTATCAACGATTCTGACATGGTATTGTCCATCATAATCAATCGTTTTTACGTGAACTTTAACGATAGCATCATATAGAGTTTTACCTTCAACATATGGGAAAATAATTGTTCTAGTATTATTTTTAGCATCTTTGCTTATAGTTCTAACACGTTGACCTTCAACCATGAAATCTTTCCAGTAATCGTCATTAGTAGTTTCCATGACCATATATTTTTTGCCGTTAAGCATACCTGTTTTAATAGGGTGTTTAACAAAAGTATCCATCATAGATTCGTTATTCTCAACACTTTCATAAACAACATATTTTGTATCTTGTAAATCAGTCATTTTTTCATTTGTTGGTTGTACATTTTGGAATTCAGTAATAGCTGATTTCACTTGCTCATCTAAAGCTTTCTTTGTATCCTCTAATTTCTTCTTGTACTCAGCCTTTAATTTTTCAGGAAGTTTATCTTGAATTTTATTTAATTCATAAACTTGTCTTTCTAGTGTTTTCGCTTTTTTATATGGCGCTAATAATTTTTCAGCTTTATAATCTTCTTCAGTTTTGAATTTATCTGCACTGTTATAAATTGGTTGTGCGAATTCCATTAATGTGTAATCGTATTTTTCTTCTTTGTTATTGAAGTGTGTTGAACTAACAATTTTAACAGCTTTTGTTCCATTTGATACAGAGAAGCGAATGTAAGCATAATCTTTAACAGTATCGTATGATACTAATTTAATTGGCAACTTTTTGTCACCTTCATAAACTTCAAATTTTCTCCAAAATTGACCTGATTGTAATCCTAATTCAATTTCTGGTTTTGAATCAGTGAAAATAACTCTAGCAGGTTTAACAGAACTTGCATAATGATAAAACTGTTGAGTTCCATCTTTCTTTTTCATTTCAAAATCAATTGGACGAGAGTTTGGTGCGCTATGATCTTTGTCTTTTATTGCAGGGTTTTTAATCGCTTCTCTAAGTTCCTGATTCAAAATAGGATATGTATTGTTAGTGGCTTTTGCTGCTGGTTTAACTTCTTTTGTTTCCTTAGGGGCTTTAACTTCTTTAACTTCTTTAGCTTCTTTTGTTTCAGAAGTAGGGGCCTCAACTTCTTTATTAGATACTGAGACAGCATTAGCTACTGGTTTAGTTTCTGGAGCTTTTTCAGATGTTGTTGTTGGACTTGCAACTGCTTCAGTTTTTGGTTGTGCTTCTGTATTTGTACCACCTGTTTCTTCAGCTGCTTGTGCTTCGCCATTTGACATTAATAATAAAAGTGTACTAATTGCTACAGATGCAACGCCTAGTGATGACTTTCTAATTGAATAAAATGATTTAAATTCTTTTTGCTGTTTGTTCATGTTGTAGAAACAACTCCTAATTGTATATTATCAACTGATAATCATTATCAATTGATTACTTGTATTGTACATTGAAATGGTAGTTAATTGCAACGTTATTTTATAAAAAAATAACCTATGTTATAGATTATGAAATATCTATGACATAGGTTAAATAAAATTTAAAATAAAAAATATATTAAGTTATGAGTGTGACGATGATTTATTTAGATTCTTTTCTTTTGAAAAGTAATAAAGATAATGAACCTAAAAGGGCAAGTGTTGCAAAGGCAACTGTGCTAATAAAGTTATCAACTGAAGTTAAACCAGTTTTTGGTAATTCTTTAGCTTTAGATGCTTGTTTAGGCGTTTCCTTTTGTTTTGTAACTTTGTTAGTTTGTTGTGATTTATTATCACTTACAGCTTGATTGTTGCTTTCAGATTTCGTTGTTGCAACATCTTTAACAGGTGTTTGAACTTTATTTTGTTCTTGAGCAGTTTGTGCTGTTTTAACTGTATGAGCAGTTTGTGTTTTAGTTTGATCTTTTGTTGTATCAGTACTTACAACTTTAGTAGAGTGATTGTCTTCAACTTTGCTTGTTGTAGTTACAGTAGGTTTAACTTTTTCAACTTTAGGTTGAACTGGTTTAGTTTGCTCAGTAGGTGTTTTAGGTTGAGCTGGTTTTGGTTGAACCGGTTTAACATTGTTTGGTTTTGCTGCGTCAGCTAATGTAGGAATTGCTTTTTCAAATTCCAAATGCGTAGTATATCTATGATTGTAATTAATTTGTGGCACGACAATATGTACTTTAGTAGTTAAGCTCTTATATCCAGGTTCAACTGCAACATTGATTGTTCTAGTATCCGCTTTTTTATTATCGTTAACAACAGTTGTTGCTAATTCTTGATTGTTTGCATTGTAAAATTTGTATTCTTTCCAGAATGATGCATTGTTTAACACGGTTTGGAAATAATATTTATTATTTTGTTTAATTACTTTACCAGGGTGTTGCATATAGTCATCCATGTGTGACTTCTCTGAAGAGCCATCTTTTTGCACTTGGAAATTAATTGGTTGTGATGTTGCTTGAGAAACTTGTGTGCTTTGATTATTAGTTGCGTTCGTAGCTTCTGTTGCCGCATTGACTTGTTGGCTGTCTGCGCCTATGTATACAAGGGAACCTAAAATGATAGATGCTGTACCCATTGTAATCTTTTTCATAGCTGATGAACGTTGTTCTGATTGATACTTACTGTTTAAATAATGTTTTGTCATGTTGTTTTCCTCCTAAGGATACAAATTATGTGTTGTTATATGAGATGATTAACCATTGCAATTGATAATGGTTATCAATTATACTAGCACATCTATTTTCGTATAACAATAATAAATTGATTATAAAATAAATATTGACAATGATAATCATTATTATTTATGATTTTACTAAAGACTTAAAAGCAATCATAAAAAGGAGGATTATGTTTTGAAAAATATTTTAAAAGTTTTTAATACAACGATTTTAGCGTTAATTATCATCATCGCGACATTCAGTAATTCTGCAAATGCCGCAGATAGCGGTACTTTGAATTATGAGGTTTACAAATACAATACCAATGACACGTCAATTGCTAATGACTATTTTAATAAACCGGCAAAGTACATTAAGAAAAATGGTAAATTGTATGTTCAAATAACTGTCAACCACAGTCATTGGATTACTGGAATGAGTATCGAAGGACATAAAGAAAATATTATTAGTAAAAACACTGCCAAAGATGAACGCACTTCTGAATTTGAAGTAAGTAAGTTGAACGGTAAAATAGATGGAAAAATTGACGTTTATATCGATGAAAAAGTAAATGGTAAGCCATTCAAATATGACCATCATTACAACATTACATATAAATTTAATGGACCAACTGATGTAGCAGGTGCTAATGCACCAGGTAAAGATGATAAAAATTCTGCTTCAGGTAGTGACAAAGGATCTGATGGAACGACTACTGGTCAAAGTGAATCTAACAGTTCGAATAAAGACAAAGTAGAAAATCCACAAACAAATGCTGGTACACCTGCATATATATATGCAATACCAGTTGCATCCTTAGCATTATTAATCGCAATCACATTGTTTGTTAGAAAAAAATCTAAAGGCAATGTGGAATAATGAGAAATGTTAAACAAATTGCTACAAAATCTATTATAGCTATTATTAGCTTAGGTATACTTACATATACAACAATGATTGGTAGCGTGTTGGCTGATGAGATAAAATATCCATCAGCCAAATTTAATCAACCTGAAGCAAAAGATAAAACAGAATTAACTACATCAATTTTTGATGAAAAGATAAAAGAGAATAAAGCGTTAGAGTTACTAATTTTTAATCAAGAAAATAAAAATGTAACTGAGGAACAACAACTAGTTGACGAAAAGGCGCAATTGATTTCAGATATGACTGGTAAAATTTACTTGCAAGTAAAGCTAAAAGGTCAAATTGATAAAGAACAACTTGTTTTTCAAAATGACAAAAATGAAGAATTTCCTTTTGTTATAAAAGATGAAAAGGATGACACAATAGTAAGAATTTTAATTGAACAGCATATGGATAAAATCAATATGCATGTTAAAACGTTGGCTGAAAAGAAAAA
NZ_CP120033.1_gap24	1285950	1289128	3178	TACGTGAAGCAGAAGAGAAAGTACGTGAAATAGTAGAGGCTGGTTTACAAGAAAAACGCATAGAATGGTCTGAAATTAAGCAAAATATGCGTGATCAAATTAGTAAACTATTATTCGAAAGTACAAAACGTCGTCCTATGATTATTCCAGTAATTTCTGAAATTTAATCAAAAAGTCATTAACATAAAAGAGGTCAGAACAAGTCACTGAAATATAATGGTTGTCATGGACAATTTACTTATATTTTATGATGGTCAATTGAAGGGGTAACGATTAATCTGTTATCTTAAGTAAATTGATACATAGATGATATTGTTCTAACCTCTTTCATCGTCTGTTTGGACTACATATTCTAAACATCAAATAGGAAATTATATATAATAACGTCGTTTTAACTAAGGCAACATAAGGAGGTGCGTCAATTGGCACAAGCAAAAAAGAAATCGACAGCTAAGAAAAAAACAACATCAAAAAAAAGAACAAATTCGAGGAAAAAGAAGAATGATAATCCGATACGTTATGTCATAGCTATTTTAGTAGTTGTATTAATGGTGTTGGGTGTTTTCCAATTAGGAATAATAGGTCGTCTAATTGACAGCTTCTTTAATTATTTATTTGGGTACAGTAGATATTTAACATATATTTTAGTACTCTTAGCAACTGGTTTTATTACATACTCTAAACGTATTCCTAAAACTAGACGAACGGCTGGTTCGATTGTATTGCAAATTGCATTGCTATTTGTATCACAGTTAGTTTTTCATTTTAATAGTGGTATCAAAGCTGAAAGAGAACCTGTACTTTCTTATGTGTATCAGTCATACCAACACAGTCATTTCCCAAATTTTGGTGGCGGTGTATTAGGCTTTTATTTATTAGAGTTAAGCGTACCTTTAATTTCATTATTTGGTGTATGTATTATTACTATTTTATTATTATGCTCAAGTGTTATTTTATTAACAAACCATCAACATCGTGAAGTTGCAAAAGTTGCACTGGAAAATATAAAAGCTTGGTTTGGTTCATTTAATGAAAAAATGTCGGAAAGAAACCAAGAAAAACAATTGAAGCGTGAAGAAAAAGCAAGACTTAAAGAAGAACAAAAGGCACGTCAAAATGAACAGCCACAAATAAAAGATGTGAGTGATTTTACGGAAGTGCCTCAAGAAAGAGATATTCCAATTTATGGGCATACTGAAAATGAAAGTAAAAGCCAGAGTCAACCAAGTCGAAAAAAACGAGTGTTTGATGCAGAGAATAGTTCGAATAACATCGTAAATCATCATCAAGCAGATCAGCAAGAACAATTAACAGAACAAACTCATAACAGTGTTGAAAGTGAAAACACTATTGAAGAAGCTGGTGAAGTTACGAATGTATCGTATGTTGTTCCACCGTTAACTTTACTTAATCAACCTGCAAAACAAAAAGCAACATCTAAAGCTGAAGTGCAACGTAAAGGACAAGTACTAGAGAATACATTAAAAGATTTTGGGGTAAATGCAAAAGTGACACAAATTAAAATTGGTCCTGCAGTAACTCAATATGAAATTCAACCAGCTCAAGGGGTTAAAGTGAGTAAAATTGTAAACTTACATAATGATATTGCATTAGCTTTAGCAGCAAAAGATGTTAGAATCGAAGCGCCAATACCTGGTCGTTCTGCAGTAGGTATTGAAGTGCCAAATGAGAAAATTTCATTAGTTTCACTAAAAGAAGTTTTAGATGAAAAATTCCCGTCTAATAATAAACTAGAAGTTGGATTAGGAAGAGATATATCAGGTGATCCAATTACTGTTCCACTAAATGAAATGCCACACTTATTGGTGGCAGGATCGACGGGTAGTGGTAAATCTGTTTGTATAAATGGTATTATTACAAGTATTTTATTAAATGCTAAGCCGCATGAAGTTAAACTTATGTTAATCGATCCGAAAATGGTTGAACTAAATGTTTATAACGGAATTCCACACTTATTAATTCCGGTTGTTACAAATCCTCATAAAGCTGCTCAAGCTTTAGAAAAAATTGTAGCTGAGATGGAAAGACGTTATGATTTATTCCAACATTCATCAACTAGAAACATTAAAGGTTATAACGAATTAATCCGTAAGCAAAATCAAGAATTAGATGAGAAGCAACCAGAATTACCTTATATCGTTGTTATTGTAGATGAGCTTGCAGATTTAATGATGGTAGCTGGTAAAGAAGTTGAAAATGCGATTCAACGTATTACACAAATGGCACGTGCAGCAGGTATACATTTAATTGTAGCGACACAAAGACCTTCTGTGGATGTAATTACAGGTATCATTAAAAATAATATTCCATCTAGAATAGCTTTTGCTGTGAGTTCTCAAACAGATTCAAGAACTATTATTGGTACTGGCGGCGCAGAAAAGTTACTTGGTAAAGGTGACATGTTATACGTTGGAAATGGTGACTCATCACAAACACGTATTCAAGGGGCGTTTTTAAGTGACCAAGAGGTGCAAGATGTTGTAAATTATGTAGTAGAACAACAACAGGCAAATTATGTAAAAGAAATGGAACCAGATGCACCAGTGGATAAATCGGAAATGAAAAGTGAAGATGCTTTATATGATGAAGCGTATTTGTTTGTTGTTGAACAACAAAAGGCAAGTACATCATTGTTACAACGCCAATTTAGAATTGGTTATAATAGAGCATCTAGGTTGATGGATGATTTAGAACGCAATCAGGTAATCGGTCCACAAAAAGGAAGCAAGCCTAGACAAGTTTTAATAGATCTTAATAATGACGAGGTGTAAAAAAATGTCAGAAATGAATGCGGTATATAACGTTAAACAATACATTTTAAATTTGATTAAGCAAAATAAATTGGAATATGGTGACCAACTTCCAAGTAATTTATCAATTGCCAGAGAATTAAATGTAAAAACCGACGATGTTTATGAAGCAATTCAGGCATTGATTACTGAACAAGTCATTAAAGATAATTTTGAAGAGGGCACAAGTGTTAAGTCACTGCCCCCTTTCTTTTATCCATTGAATGAACTTATAAGTATTGGGCAAATGATTAAAAATGCAGGATTTGAATGCGGAACTGAATACTTAAATTTTGATGAGCAACCAGCAACTATGTTAGATGCAAATTTGTTGAGCGTTGAAGAAGGATATCCAGTAACCATTATAG
NZ_CP120033.1_gap25	1395327	1398252	2925	TGGTATCGATGGCTTACTAATAGGTGAGGCGCTTATGCGTTGTGACAATCTATCTGAATTTTTACCACAACTGAAAATGCAAAAGGTGAAGTCATGATGAAATTGAAATTTTGTGGCTTTACATCAATAAAGGATGTTACAGCGGCCAGTCAATTACCTATTGATGCGATAGGTTTCATCCATTATGAAAAAAGTAAAAGGCATCAAACAATTACCCAAATAAAAAAGTTAGCGTCTGCTGTTCCAAATCATATCGATAAAGTATGTGTCATGGTAAATCCTGATTTAACAACAATTGAACACGTATTAAGCAATACGTCAATTAACACAATACAGTTACACGGCACAGAATCTATTGATTTTATACAGGAAATTAAAAAGAAATATTCAAGCATTAAAATCACTAAAGCTTTAGCTGCAGATGAAAACATAATCCAAAACATAAATAAATATAAAGGGTTCGTAGATTTATTTATTATCGACACACCCTCAGTGTCGTATGGTGGTACCGGTCAAACATATGACTGGACTATTTTGAAGCACATAAAAGACATACCTTATTTGATAGCAGGAGGCATTAACTCTGAAAATATTCAAACAGTTAATCAACTTAAATTATCACATCAAGGTTATGATCTTGCATCAGGTATAGAAGTAAATGGGCGAAAAGATATAGAAAAAATGACAGCAATTGTAAATATTGTGAAAGGATATAGAGACAATGAATAAACAAATACAAACAGAAGCAGATGAATTAGGTTTCTTTGGTGAATATGGAGGGCAATATGTTCCAGAAACATTAATGCCAGCAATTATTGAGTTGAAAAAAGCTTATAAAGAGGCAAAAGCAGACCCAGAGTTTCAAAGAGAACTGGAATACTATTTATCAGAGTATGTAGGACGCGCGACACCACTTACATATGCTGCATCATATACTGAAAGCCTAGGTGGCGCTAAAATATATTTGAAACGAGAGGATCTAAATCATACAGGCGCCCATAAAATTAATAATGCGTTAGGTCAAGCGTTGCTTGCTAAAAGAATGGGCAAGAAGAAGCTTGTTGCTGAAACTGGTGCGGGTCAACATGGTGTAGCTAGTGCTACGGTTGCTGCATTATTTGATATGGAACTTGTTGTCTTTATGGGAAGTGAAGATATTAAAAGACAACAACTTAATGTATTTAGAATGGAATTACTTGGTGCAAAGGTTGTGGCAGTTGAAGAAGGTCAAGGGACTTTATCGGATGCAGTTAATAAAGCATTGCAATATTGGGTAAGTCATGTAGATGATACACATTATTTATTAGGTTCTGCATTAGGTCCAGACCCATTCCCAACGATTGTTAGAGATTTTCAGAGTGTCATTGGTAAAGAAATAAAATCACAGATATTGAAGAAAGAAGGTCGACTTCCGGATGCAATTGTAGCATGTATCGGTGGTGGCTCAAATGCAATCGGTACATTTTATCCATTTATTAAAGATGATGTTGCATTATACGGTGTTGAAGCCGCAGGTCAAGGCGAGGATACTGATAAACATGCACTTGCAATTGGCAAAGGATCACCTGGCGTATTACATGGTACTAAAATGTATTTAATTCAAGATGAAGGTGGGCAAGTGCAACTAGCACATTCTATTTCAGCAGGACTTGATTATCCTGGTATTGGGCCTGAACATTCTTATTACCACGACATTGGTAGAGTAACTTTTGAAAATGCAAGTGATACACAAGCAATGAATGCTTTAATCAACTTTACAAAACATGAAGGTATTATACCTGCAATTGAAAGTGCACATGCACTGAGTTATGTTGAAAGACTAGCGCCTACGATGTCGAAAGAAGATATTATTGTAGTAACTATTTCTGGACGTGGCGATAAAGATATGGAAACAATTAGACAATATATGGCAGAGCGAGGTCTTGCAAATGACTAAATTATTTATACCTTATATTATGGGCAATAAAGATTTGATTGAAAATGCAACATTGTTGAGTGAAAATGGTGCAGATATAATTGAAATTGGTGTACCTTTCTCTGATCCGGTTGCTGATGGTCCAGTTATCATGGAAGCAGGTCAACAAGCGATTAAACAAGGCATCACGATAGATTATATTTTCAATCAATTAGAAAAACATGGTGATCAAATTAAGTGTAACTATGTATTAATGACGTATTATAATATTATTTGTCATTATGGAGAACAAGCGTTTTTTGAAAAATGTCGAGATACTGGTGTCTACGGCTTAATTATTCCTGATTTACCATATGAATTATCGCAGCGTTTAAAACAACAATTTAGTCACTATGGCGTCAAAATCATATCGTTAGTTGCGATGACTACTGATGACAAACGTATAAAAGATATCGTATCTCATGCGGAAGGCTTTATTTATACTGTGACGATGAATGCGACAACAGGACAAAACGGTGCGTTTCATCCAGAATTAAAACGAAAAATTGAGTCAATTAAAGCGATAGCCAATGTGCCAGTTGTCGCAGGATTTGGTATAAGAACACCACAACATGTTGCAGATATAAAAGAGGTTGCAGATGGCATCGTCATTGGTAGCGAAATCGTTAAGCGATTTAAATTTAACACGCGTGAGGAAATCATTAGATATTTACAATCTATCCAACAAACATTGAATAATTAAGTTTACTTGATTTAAAAAAATTAGGCGAATACTGTTTGAAAAAGTGAAAAACGGTGAATTATAAAATTGAATAGAAATGATACAAAAGTAATATGAGCAAACCCAAACGTTCATATTACTTTTTTTGAAATTGTATGCAAAAATCTAAATATTACTATAAAAGTATACGCAATTAAAGCGTTTATGTTTTAGTTTTAACATTAACTATTGTATACTTATTTAGATTAGATTTATTATTTTTGACATTTGCAGAGGGGAAATAGAAAAA
NZ_CP120033.1_gap26	1423326	1424708	1382	ATTACGGCCAGCGCAACAGAGTATCGCTTTTTCTTAACAGGCCTGTCAAGTCATGTTGCTGATAAAGAACAAGGTCATTCTTGTGGTGAAGCATTACAACATGTATTAACTCAAATATCACAAATTCAACAATTTCACCTTAACGGTTTGAAACGAAATATTGTTCATATTGGTCATTTTAAAGCTGGTGAAGCGATTAACACTGTACCAAGTAATGGCTATTTAGAAGGTACTATTCGTACATATGATATTGATGATTTAACAATCGTTAAAAATCAAATGCACAAGATAGCAGAAAGTGTCAAGCTTCTGTTTAATGTAGATTGTGAAGTTAAATTTGCAGAAGGTTATCCCCCTACAATCAATAGTCCGAAATTACGTACTCAAATAGAGGACGCCTTAATAAAAGCTGATTTAAATGTCTATGACAAACCAACGCCATTCTTATTTGGGGAAGATTTTAGTTTTTATGGTCAACAACTAGCTCCAGCTTACTTTGTTTTTATAGGAACACGAAATGAAGATAAAGGTTTTGTAACTGGTTTGCACACATCACATTTAAATTTTGATGAAAAAGTGTTAATAAACGTGGTTAATTTTTACGAAAATTTATTAAATAATTACAAAGAGGTGTAATACATTGACAGCAACATGGTCTGTAAATAAGAAAATATTTTTACAAAATGCAATCACAGTCAAAAACAATCAGCCATTAATGGCAGTTGTTAAAAATAATGCATATCACTATGACCTAGAATTTGCTGTAACTCAGTTTATCCATGCAGGTATAGATACATTTAGCACAACATCACTACGAGAAGCAATTCAAATTAGACAACTTGCTCCAGATGCAACAATCTTTTTAATGAATGCAGTTTACGAGTTTGATTTAGTCCGTGAACATCAAATACACATGACTTTGCCGTCGTTGACATATTACTATAACCATAAAAATGATTTAGCTGGTATTCATGTTCACTTAGAATTTGAAAATTTATTACATCGGTCTGGATTTAAAGATTTAAACGAAATTAAAGAAGTATTGAAAGATCACCATCATAATCAAAATGCAAAAATGATTATTAGTGGTTTATGGACCCATTTTGGATATGCTGATGAATTCGATGTGTCAGATTATAATGTTGAACGTTCACAATGGATGGAAATTGTTGAAGCACTTTTATCTGAAGGTTATCAGTTCGACCTAATCCATGCTCAAAATAGTGCGAGTTTTTATCGGGAAGGACAAATATTACTACCCCACCATACACATGCGCGTGTAGGTATTGCGTTATACGGTTCAAGACCATATAGTTCACTGAATCAACATGATATAGTTCAGTCATTAACTTTAAAAGCACATGTTATTCAAGTGCGCGAAG
NZ_CP120033.1_gap27	1623891	1625336	1445	TTTAACGGCAATTTCTTGTCCTCTTGCATGGATGACAACATCGAAACTCTCTTCAATTGCTTTTAAATGTTCATCATTATTTCCAATTAAAGCTTGAGATTGGTTCATATCGTCTATTTGTATAATTCCAGGCATACACGCGCTCCTTTTCATATATCATTTATATTCATTCTATGATGCTTTAATATCTACTTAATTATATCATGCAATTGATTGATTTAAACATCTTTGCATTGACTTACTCATTTTTCTTTAATTTAAAATAATCATTTATACTTTTCACCTTGTCATAAAAGCAGATTCAATTTTAGACTAATCAATTTTTTGTTGTAATTTAAATAACTAATATTTCTCGAAAGATTCTCTTTGTTTTTCAATTTTTCTTAACGTAAAAAAACAAGCAACTACCATTACGATAGTGCTTGTTTTCAAAAAATTTTATAATTGTTTTGGTTTAGCTAAAATTTCTGACCATATCATACCATTGATTACTTCATCTTTATCAAATTGGAACGCTGATTTAGTCAAATCTTTTTCGACATTTTGAGAATTAAGCAACTGCTTTAATTTCAAACGTTTTGTACGTTCAGATAAGTATTTATCCTCAATAATATCTCTAGCACGTTTTTCCATTTTAGCAATTTGCTTTTCTTTTTCTCTATCAATGTCAGTACGAATCGTTTTAATATCATCTCTAAGTGATTTTTCTAATTGACGTCTAATTTCGTCAGAATTATCTTGTCTAGAAGGTCTATGTTTCTGCTCCACCGGTTCTGCTTTAGGCACTGTAATTGGTTTCTCTGTCATCGGTTTTGTTTCTGGTTGTTTTTTAGGTGCCATAGGTTCTACAACAGGTTTCGATTTAGGCTCTTCCTTTGGAAGTTCATCGAATAAAGGTGGTAACGTATCATCATATTTTCGTTTCGATGATTTCTTTTCTTCTTCATTTAATTCTTCACTTATTTCTTTAAACGTTCGCTCAATTTCTTCAAAAAAGCCACCTTTTTTTGGTTCATTATCGGTAGATGTTTTTTGAGGTGGCTTTTGATTTTGTCTATCTTTATGACTATTTTCGCGCATAGTAGTAATGATAGAAATGATCACTGATATGACAAAAATTAGAATACCGACACTCATTTAATCACCTCTCGACTTAATGTTCAGGTGACTCATCATCACTTTGATCAGTTCGTTTATTAATTGCATTTCTCATGCCTGTATCGGCTTCGATATTTTTCAAATTATAATAATCTTTAACACTGATATTACCTGAACGTAATGCTTCAGCCATAGCTAATGGTACTTCAGATTCGGCTTCAACTACTTTAGCATGCATTTCTTGTACACGCGCTTTCATTTCTTGCTCAGTTGCTACAGCCATAGCTCTACGTTCTTCAGCTTTTGCTTGTGCAATATTTTTGTCTGCTAATGCTTGTTCAGTTTGT
NZ_CP120033.1_gap28	1629151	1632479	3328	ATTATTTTTTGCCAACGCTCTATCTTTTTGGCAACTTTTGCCTCGTTTAATTTAACAATTGAACGTTCCATGCTCACAGCTATAAATGATGAAGCACCCAATTCAGTAGCTTTTTGTAGCAACCACTCATATTTGTCAGCTTTGATTAGTCCACTGCAAATCGTAACATCAACTGGCAATTCTGTATTAATATTTTGTTTTTCTTTTAAATCAACTGCAATTTTATCACTTGTTATGTCAGCAATTTCACATAAATAAACTGTTTGATCATTAAAAGTTAAAATAATTTTACTACCAACATCATATCTCATTACATTTGTTATATGATGAATATCTTCTTTTTTTGTAATAAAAAAACGCTGACTTACATCAGCGTTTTGGTCTATGAAATAACGTTGCACATTATTCACTCACTTTCTGGCCAACAAGACAAACCCAACCGTTGTCATGTTGTTCTGAAATAATTTTAAAACCTACACGCTCCATATGTGACTGTATACCTTCATACTTCTCTTTTATAATACCAGAAGTAATAAAATAACCGCCTTCATTTAGAGTATTATAAGCATCTTCAATCATTTCATCAATAATATGCGCTAAAATATTTGCTATTACAATATCAAATTTTTCTGTTTCGTCTTTCAATAAGTTACCTGGAACAGCTTCAATTAACGTTTCACAATGATTTCTTCTGAAGTTTTCTTTAGCTACACTCACTGCCATTTCATCAATATCCAACGCTTTAATACGTTTTACACCGATTAGATGACTTGCAATACTTAATATACCTGAGCCACTACCAACATCAATTACTGAATGCTGTGGCAATACATATGTTTCTATTGCCTTCAAACACATACTTGTAGTCGGATGATCGCCTGTTCCAAAAGCCATACCTGGGTCGAGCTCAATGCAAAGCTCTTCATCCGCTTCTTTAGCATATGTTTCCCAACTAGGAACTATTGTGAACTTCTTCGACGCTCGGAATGGATGGAAATAGTTTTTCCATTCATTTTCCCAATCCGTCTCTGCAATAATTTGCTCACTGAATTGAACGTTATGTTGATCAAGTTCATCTAAATTTAATAACTCATCTTTAATTTGCTGTCGCAACTTATCATCATAAGTCATTTCATTAAAATAGGCTTTCAATCTTACTCCCTTATCTGGATAATCCTCTTTTTTCAAAGCGTAAATTTCACCGTATTTATCTTCTGGTTGGTTAATTAAATCATCTGAATCTTCTATCACGACACCATTTGATCCATGATTTTCAAGTATATTGGTAGCCAATTCTACTGCTTCATGATTAATAATAATTGAAAGCTCTGTCCAGTTCATACTTTATTCTCCCTTAAAGAATCTTTTTGCTCTATCTTTAAAATTCGAAGGTTGTTCATTAATTTCTTCACCATTTAATTGGGCAAATTCTTTCATTAGTTCTTTTTGTCTATCTGTTAATTTAGTAGGCGTTACTACTTTAATATCAACATATAAATCTCCGTATCCATAGCCATGAACATTTTTTATACCCTTTTCTTTTAAGCGGAATTGCTTACCTGTTTGTGTACCAGCAGGGATTGTTAACATAACTTCATTATTTAATGTTGGTATTTTTATTTCATCGCCTAAAGCTGCTTGTGGGAAGCTAACATTTAATTTGTAATAAATATCATCACCATCACGTTTAAATGTTTCAGATGGTTTAACTCTAAATACTACGTATAAATCACCAGCAGGTCCTCCATTCACGCCTGGAGAGCCTTCACCAGCTAATCTAATTTGTTGTTCATTGTCGACACCTTCAGGTACTTTCACTTCTAATTTAACTGTTTTATTTTCAGTACCTTTTCCGTGACATGTTGGACAAGCTTCTTCAAATTCTTGACCACTTCCATTACATTTAGGACAAACTTGTTCAGTACGAACTCTACCTAAAATTGTGTTTTGTTCTACAGCTACATGACCAGCGCCATTACAGTAACTACAAGTCTTTTTACTTGTTCCAGGCTTTGCACCATCACCATGACATGTTTCGCATGTTACATCTTTACGGATTGAAATTTCTTTTGTTGTACCAAATACCGCTTCTTCAAATGTCAATGTCATTGTATACTGAAGATCATCACCTTTTTGCGGTGCATTTGGATCTCTTTGTCTGCCGCCACCGAAGAAAGAGCTAAAGATATCTTCAAAACCGCCGCCACCGAAGCCGCTAAAACCACCAAAGTCAGAGCCATTGAATCCTTGTCCACCAAAACCTTGTGGCCCGTCATGTCCAAATTGATCATAGCTTGCGCGTTTATTATCATCACTTAAAACTTCATAGGCTTCAGAAATTTCTTTAAACTTTTCATCTGCACCTTCTTCTTTGTTAATATCTGGATGATATTTTTTCGAAAGCTTTCGATACGCTTTTTTGATTTCATCTTTTGAAGCATCCTTACTAATGCCTAAAACTTCATAATAGTCTCTTTTGGCCACAGCTATCTCTCCTTTTCTTAATTAACTCATATAGTTTAACGTAATATGTCATACTATCCAAATAAAAAGCCAAAGCCAATGTTCTATTGACTTTGACTTTTCAGATCATGACAACATTCTAATTGTATTGTTTAATTATTTTTTGTCGTCGTCTTTTACTTCTTTAAATTCAGCATCTTCTACAGTACTATCATTGTTTTGACCAGCATTAGCACCTTGTGCTTGTTGTTGCTGTTGAGCCGCTTGCTCATATACTTTTGCTGATAATTCTTGAATCACTTTTTCAAGTTCTTCTTTTTTAGATTTAATTTCTTCTATATCTTGACCTTCTAAAGCAGTTTTAAGAGCGTCTTTTTTCTCTTCAGCAGATTTTTTATCTTCCTCACCGATATTTTCGCCTAAATCAGTTAAAGTTTTTTCAACTTGGAATACTAGACTGTCAGCTTCGTTTCTTAAGTCTACTTCTTCACGACGTTTTTTATCTGCTTCAGCGTTAACTTCAGCATCTTTTACCATACGGTCGATTTCTTCGTCTGATAATGAAGAACTTGATTGAATTGTAATTCTTTGTTCTTTATTTGTACCTAAGTCTTTTGCAGTTACATTTACAATACCGTTTTTATCGATATCAAACGTTACTTCAATTTGAGGTTTACCACGTTCAGCTGGTGGAATATCAGTCAATTGGAATCTACCAAGTGTTTTATTATCCGCAGCCATTGGACGTTCACCTTGTAATACGTGTACATCTACTGATGGTTGATTATCTACTGCTGTTGAATAGATTTGAGATTTAGATGTAGGAATCGTAGTGTTACGTTCAATTAACGTATTCATACGTCCA
NZ_CP120033.1_gap29	1665474	1666539	1065	TTCAATATCATTTGTACGAATAGCTTTTTGAGAGTTTACAATTCTTGGCTTTTTAGGTGTTTCACGTCCATCAAAATATTTCTTTAATGTTGCTACACCTGAATTAATCCATAATAATGTATCATCATCAATTGGCACTAATGGTGCAGAAGGTTCAACCATATGTCCTTTTTCAACAAAGAAATCTAGATATTTTTGTCTAATTTCACTCGCTTTTAACTTTTTCATCTTTTACACATCCTATTTACTGTTTTTAAATTACCATTCCATAAAAATTGATGACACAGATAGTCGATTTGAAAAACTAGTATAAATCAATATCATTTTTTATTATTAAAAAATAAAAAACGCCCATCCTCAAAAGGGACGAACGTTATCGCGGTACCACCCTAGTTATAAATGCAATTCAACACATTTATCACTTTAAATCGACTATACAGTTGTGCATAAAGTAGCGTTCACTAATGTTTGTTGTACTTTTCACCAACCAGTACATCTCTGATAAACAAATCATTAACTACTCATCTTTATACGAATTTAATTCTATTTTAGTTACATTTACGCTTGTTGTCAACGTTCTATAAAGTCATACGGCGTGATTTCTCCCATATTAATCATTGGGTCAATTTTAAACATTGTAGCTTCCGTTAATACATTTATATCTGTTTTTGTTGAATCAGACGTAACTTCTCCACTATCATTCGATGACATTGGCGCTTCTACTTGATCATCTATTGTCGTTTGTGAAGCTCCTGTATCATTAGTTGCTGTGTTTTCCAGCATTTCTTCATCTTCTGAATTAAAATAATTTTTCAACAATGTACATAATTGTGTTAAACGCGCTTGACCATTTGTTTTTAATCCAATATCAAATGCTTCTGGATCACCAAGTAGAACTAAACTCGTTTTCGCTCTAGTTAAACCAGTATATAATATCGGTCTTTGTAACATTCTAAAATACTGTTTAACAATAGGCATGATAACAATAGGAAATTCTGAACCTTGTGATTTATGGATTGATGTACAATAAGCATGTGTTAATTCCATCATATCTTGTTTCGTAAA
NZ_CP120033.1_gap30	1766556	1771117	4561	AATCAAAAGCAAATTTAATTTTATACAAATTGTTGAATATAATCAAAAGCATTTTTTAAAATTAAAATAGCAGTAATAATAATAAATAATACTTTTACATAACCAACACCTTGTTTAATAGCAAAATGAGCCCCAGCATATGACCCAGCAATCATACTTATAGCCATAATTAAACCTATTACATAATCTACTTGTCCTAATACCATAAATAATACAAGCGCACCTATATTAGAAGCAAAGTTCAAAACTTTAGCATTTCCTGCTGCACTTAAAAAATCAAAACCAAAGATTAACAATACAAAAAGCATAAATGAACCTGTTCCCCCACCTACAAATCCATCATAAAAGCCGATTAATATAAAAAGTGCTGCAAATATTATGGCTTTCTTAAATGTAAATTGAGTAAACGTACGTGTATTGCCCCAATCTTTTTTAAGTAATGTGAATATAAACACCGACGAAAGTGCAATGATGATTAAAGGTTTCAATATTTGTGACGGAACCATCGTTGCAATATATGCGCCACATGCAGATGCCAAAAATACAAAACCAAATAATTTGGCAACAACAAATAAGTCCACTTTACCGGACCTTATAAACTTTATCGTACTAGTTAAAGAACCAAATGAACTTGCCAATTTATTTGTACCTAAAGCTACAGATGGTGGTAGACCGATTGCTAATAATGCTGGCGTAGAAATTAAACCGCCACCCCTACAACCGAATCTATAAACGCCGCGATAAAACCAAATAAAATTATGATTATAATCATCGTTAAGTTCAAATCCATAGTTTAACATCCCCTTATGTTTAAATTTACTCTAGGATTTTATTTATAAAAAGTCGTTTATTAATTGGTTTGTTTGCTGTTCTTTAATAGTTTTATAATCACTAGTTATTTCAAGTGTTTCAATATTTTCAACAGCACGATTAATCATCTCTTCAAAATCAAAGACACTTTCATATTGGACTACCTTATCAAAGTTTGGTTCGGTTACTGGATTTTTAGGGGTGAAAATTGTACAACAATCTTCAAATGGTTGAATAGATGTTTCAAATGTACCAATTTCTTTCGATTTAATAATAATTTCTTCTTTATCGTAAGTTAATAAAGGACGTAATACAGGAGTAGAAGTTACATTATTAATTGCATACATGCTATGAAGTGTTTGACTGGCTACCTGCCCTAGGTTTTCACCATTTACAATAGCTAAAGCCCCTATTTGATGTACTAATTTATCAGCAACACGCATCATCATACGTCTCGTTGAAGTCATTGTATATCTTGGATGTACAACTTTATTTACCTGTTTTTGCAATTCTGTAAATGGTACAATATGCAATTTAATTGGTCCAACACGTTCAGCTAAAATACGTGTCAATTCAATAACTTTTTCTTTTGCTTGATCACTTGTAAATGGTGGACTATGGAAATGAATCGCTTCAATTGTTACGCCACGTCTCATCACTTCCATCCCAGCAACTGGTGAGTCTATACCGCCTGAAAGCATTAGTAACGTCTTACCACCAGTACCAACTGGTAATCCACCTGAACCCGGAACAACTTCTTCATACATATAAATTGCATCTAATCTAACTTCCACTCGAATTTCATGATCTGGACGTTTGACATTCACTGAAATATTGTCGAAGTGCTTCAATACTGCACCACCCAATTCACGCTGTAATTCATACGTATCCATTGGGAAATTTTTATCGGCACGCTTCACATCAATTTTAAATGTGCTGTTTTCTTCAAATTGCTGCGCAAATTTAATTGCCGCTGTACTTATTGCCTCTATTGTTTTTTCTACTTTTAATACTGGACTAATAGATTTAATACCGAAAATTTTTGATAATCGATATGTTATTTCATTTATATCTGCATGGTCTTCAAGTTCAATATACATACGATCTCGTTTGCCTTTAACGACAAACCCATCAAGTCCTTTTAATGACTTATTTACATTATTTCTTAATTGATTTACAAATTTCTTTCTATTTGAACCCTTTAATGTTAACTCCCCGTATCTAACAAGCAAGTGATCATACTTCATTATTTTAGCAACTCCTTAATTTCCTCATAAATGATGATAAATATTTCTTTAAACCTCGCTATATCTTCTTTAGTTGTAGTAGCCCCAAATGATAATCTTATACTACCTTCAATAGATTTGTCTGATAATCCCATTGCAGCCAATACTTCATTTAATTTATTACGTTTAGATGAACAAGCACTTGTCGTAGATATCATAATGTCATATTTTGAAAAAGCATTAACTAATACTTCACCTTTTACGCCAGGAAAACTAATATTTAAAACGAATGGTGAACCTGAAGTTGAAGAATTAATATAAACTCCATGATATTTATTTAAAAATTGACGGACGTCATTATTTAACTCAGTAACAAATGCATTCAATGCTTCAAAGTTTTCATTAGCTATCTTCATCGCTTTAACCATTGCAATATCATTTGGCAAATTAACTGTTCCACTTCTAACGCCATATTCTTGACCACCACCATGGACAGTTGGTTCAACATTTTGAATGTGATTTACAAGTAAGACGCCTTGTCCTTTTAAACCATTAAACTTGTGTCCACTTAAACTAATACTATCTATGTTATTGAGATCCATTGAAATTTTGCCGAATGCTTGAACCGCATCTACATGAAAATGTGCCTTAGGATAATTTTTTATAACTTTAGCCATTTGTGGAATAGGCTGTATTTGTCCAGTTACATTATTTACATACATACATGTTACTAAACCGACTTTGTCTGACATTAATTCTTTGAAGTGTTCTAAGTTAATACTGCCATCTTTCTTTACATCAACATATTTAACTTTAAATCCTTCGTGTGCTTCCAAATGTCTTACAACCTCTAATACGGACGGATGCTCTAACACGGATGTAATTATTTCCTTCGCTGTATCAAATTTACGATAGGCAATACCTTTTAAAGCAAGATTATTGGATTCAGTTGCACCACTAGTGAATACAACATCATAATTTGTTTTTGAATTAATCATTGCATTAATTTGGGTTTTTGCTTGTTGTAGTAATTGATTTGCCTGCAAACCAGCTTTATGCGGACTATTCGGATTATAATACATTGATTGATTTACTTTTAAATAAGTATCTAACACTTCTTCAAATGCTTTCGTCGTTGCCGCATTATCTAGATATATCAAAATAAACACTTCTCTTTCATTAATCATCAATCGTTAAAATTGTTTTACTCAAGCATTATACTATTATCCGACAAAAAATAAAGGTTATAGCGCAAAATAATCTTATTTCTACTTATTAAATAAGAATTAGACTATTTCACTCTATTTAAACAGCTGTGTGATTATGCTTTTTTCACTACTTATATTAATTAAAACAACACATTTGATTACGTTTATCTTTAAACAATTGCTATTTATATTTATTGTCCCTTTCATTTATCCATATAAAAAAGAAGCTAGACAACGTATCGTTGGCTAACTTCAATTATTAAACTCATCAGTCCAATTTGACAGAGTGCTCATATTATTTAAGTATAACTACATACTAGTTTCTATTGCTTAATAACTTCTTCTTCAATATGTTTAGTAACACCTGGCTCAACACTTTCAAGAGCTTGCTCTGCAATTTCAATCGCACGCTTATAGCGATTATTTTTAAATAATCGTTCAGCTTCATTTAAGCTCTTATCAACATTGCTATAGTCCTTACGATATCTATTTCCATATTGAATTAATTTCTCTGCATAAACAGCATTAACAAGAACATCATTTGCTTCATCTTCAAATGTATTCATTTGAATCACAATTTTAGACACTTTATCTTTTAACTGTTTAACGTGTATTGGACGTTCACTAAATTGTTCGTTAACATCACGAACTTCATGATCAATTTCATTTTTCATGATGATAAACCTTTCAGGAACGCTTGTTAAGTTAGAAGCAAGTAATCGACGATACACTTCTTCTTTCTTCGATTGTACTCGTAGCAGATTGTCTTCTGCTTCTGCTTCATCTTCACGCAATTGAATCAGATGATTTTGTAGCTTTTCTTGTTTGTCATTAATAACTGTGACATGATCTTCTAAATATTGTAAATTATCCTGAACCTCGCTATATCGCACAGCAGATTTAGACATTTCTTTTAAAATATCATCATATACAGAAATTAAACTTTGAATTTCATTTTCAAATTGACGAACACTTTGAGCATCAGATTCATTTATATAGTAGTTTTCACGTACATATTCAATTTCTGTTTGCAATGTATAATTCATGTCTTTAGCTTTGAATAAGTTATCCGTAATGATATCTTTTGTTTCTTCGACATCATTTTTAGCTTTAACTTCATGTTCAATTAAATCATACATGTCATCTAACTTATCATTGATATTAGCTAGTTTATCATTAGCTTCTTCTAATTCTAAGCGGCTAATTAATGGTTCAACGAAACTAAGCTCTGTTTTTAAGCTTTGTAATGTACTGTCTACTTTTACGTGATCCAGATCATACCCTTCAACTTTAAGATCACGGCAACCATATTTTAAA
NZ_CP120033.1_gap31	1772189	1774264	2075	GTACAGCCGTTTCAGAACGTCGTACACAAATTGTAGCTGATGTTCATCAATTCGAAGGACATATCGCTTGTGATGCTAATAGTAAGTCTGAGATTGTCGTTCCAATTTTCAAAGATGATAAAATTATCGGCGTCTTAGATATCGATGCCCCTATAACGGATCGATTTGATGACAATGACAAAGAACATCTTGAAGCAATTGTTAAAATTATTGAAAAGCAACTCGCATAAAAGGACATCAGCATTTTCAATAAAGTGTTGACAGTTAGCAGGAAAATGTTACAATAATCTTTGTGTGAATTAACGAAAGTAGCAGTTGTATATTATTGAGCGCTATGTTGTTCCCAATGCGGACGTGTCACGTAACTGTCGCTATAAGGTGAAGACACATAAAACAATATATCTTAGTAAGCATGCAACACTCTTTTTTGTTTATTCATAACAACAAAAAAGAATTAAAGGAGGAGTCTTATTATGGCTCGATTCAGAGGTTCAAACTGGAAAAAATCTCGTCGTTTAGGTATCTCTTTAAGCGGTACTGGTAAAGAATTAGAAAAACGTCCTTACGCACCAGGACAACATGGTCCAAACCAACGTAAAAAATTATCAGAATATGGTTTACAATTACGTGAAAAACAAAAATTACGTTACTTATATGGAATGACTGAAAGACAATTCCGTAACACATTTGACATCGCTGGTAAAAAATTCGGTGTACACGGTGAAAACTTCATGATCTTATTAGCAAGTCGTTTAGACGCTGTTGTTTATTCATTAGGTTTAGCTCGTACTCGTCGTCAAGCACGTCAATTAGTTAACCACGGTCATATCTTAGTAGATGGTAAACGTGTTGATATTCCATCTTATTCTGTTAAACCTGGTCAAACAATTTCAGTTCGTGAAAAATCTCAAAAATTAAACATCATCGTTGAATCAGTTGAAATCAACAATTTCGTACCTGAGTACTTAAACTTTGATGCTGACAGCTTAACTGGTACTTTCGTACGTTTACCAGAACGTAGCGAATTACCTGCTGAAATTAACGAACAATTAATCGTTGAGTACTACTCAAGATAATACGTTCAATACAAACACCCACAATTGTGGGTGTTTTTTTTATTAATTTAAAAATGATAGATTCAAAATTATATGGAGCTACCCTATTTTACAATCAACTTAGAATTTACAAGTCTTATTTGTTTAATTATCTTTAGTATTTCATCATTAGTTTTTAAAATTATCAATTGCGATATACGAATCCTCATCCCTCTATCAAATTACCATTCATCGTCTCACTTAATAAATAATTTCGGATTATCTGTAATTAATCCATCTACACCCATTTGTCTTAATTTTTCTCCAGTTTTCAATTTATTAACTGTGTATGGCATAACCTGTAATTGATGATGATGTGCTTTATCAACAAATTTTCTGGTCACTAATGCATAATTAGGATTAACATAACTAGCAATTTGAGCAATTCTTGAAAAGTTTGGCTTTTTATACCAATAATTACGTTTACTACAAAGCACACCTAATTCATATATACTGCCCAATGTGTTTAACTTTTCGATGCATTCGATATCAAAAGATTGTATAACTACTTGTGTCGCATCGACTTTCTTTTCTTCCAAAAATGCCAGCAATTTACATTCTATTTCTGGATATAAATTCGGACTTTTCAATTCAATCAATAGCTTTTTATCATACTTTAAGCATAATGAAAGTACTTCATCTAACGTGGGTATTCGTTCTCCCTTAAAAGCAACATCTTTATAACTACCAAAATCAAATGATTTTAATTGCGATAATGTGTAATCAGAAATACGCCCCTTACCATCCGATGTTCTATCAATTGTTTCATCATGTATCACAACAAAATGTTGGTCTTTGGTCAAATGAACATCTATTTCTAACATAGCAACATTGAGCCCCATTACCTCTCGATAACCGACCATTGTATTTTCAGGAAAATCACTCGGCAATCCACGGTGCGAAACAATTTGTAATTCATCTTTCAGTTTATTCAGAGTCATTGATAAGTCACCTTTCTGTTAAACTTTGATAAACTATTCT
NZ_CP120033.1_gap32	1787811	1788695	884	ATCTTTGATGCTGAAAAAGTGATAGTACTGCGTTTCATTGTTTTTATCTAATAATTGGAAATTGACTTGTTCTCTTGGACCTATATCATGTTCTTTATTTTCTAATGCAGGATCTTTAATTGCATCTTTAAGTGATTCATCCGCTGCAGGATAGTTTTTCGCAGTGTTTGCTGGTTGCGTAGCAGGTTGTGTTTGATTTGTATCCTTTGGTGGCTGAGTTGTAGTTGCATTATTATTTTGATTTTCCGAGATTTTATCTGAAGTATTTGTATTTTCTGCTGCTTGCGCTTGATGTTGAGAAGTAATTAAAAATAGTGTACTGACAATGACCGATGCAACGCCTAGAGTTGATTTTCTAATAGAATAGAAAGACCTTAATTTTGGGTGATGTTTGTTCATGTTGTTAACAACTCCTATAAGATTATATTTAATTGATAATAATTATCAATATCAATTATTAGTGTTAATTGTAGCGCATCCCAATTAAATATTGCAACCTATTTTATTAACTTTTTTTAATATGTAATATTCATTGCATCGCTTTCCTATTCTTCAAGCCCACTTTTTATCTTCATATACATTAATTAACCACCTTCAAACATTGTCGTTAGATTCGCCAAATTGAATCTATTTTTAGCACAGCAAAAAACCGAACTGCTGAAATAATGCATCTCCAACAGTCCGGTCTATTAAACTATTTACTTATCTTTATTAAACAATTGACATGATTTATTAGAATAACCCAATTGCATGACCATCATCAGTAACATCCATGTTTAATGCTGCTGGTTTTTTAGGTAAACCAGGCATAGTCATGATTGCACCTGTCAACGCTACGATAAATCCTGCACCTGTTTTCGCTTCTAATTCACGAATTGTAATTT
NZ_CP120033.1_gap33	1831158	1835775	4617	GATGCCGACAAACATTTGCTTCTTTAAGTTTCCTTTTAACAGATAGAGAACCGGTTTAATTAATGGTTGTGCTACTAAAATCATTATTCCGTTAATTGTCCATAAAACACTATATTGTGCCATTGAAATATTAATAGATTGTGTAAATGATGCGATTGTAGACTCCCATTGAATATACGCAACCCAACAAATTGCAAACATTGCACAAATTAGTACTAATGAAATAAATCTTGCTTTATTCTTTTTTCCAGTAATATCTAAATGAGTTGGATATTTAACTTTTGCATTAATTTCAATATTAAATTGCGTTACCGCGACAAGCGCAAACACAACATACATAATAAGATTGGCTAAAAAGATATAGTTAAAGCTAAATTCTGCGACAAAGCCGCCCATTGCAGCACCGACAGCCACACCAATATTTTGCGCTAAGTATATCGCATTAAACGTTTGTCTTCCGCCATTCGGCCACACTGCTCCAGCCATAGCGTATATCGCAGGAATAATCATTCCGCCACCAAAGCCTAACATTACAAGCCATACAGCATACCAAGGCCACCCGTGAAAGAAATTAAGTAGCGTTGTACTACAAAGACAAGTGAAAGTTCCAATTAAAATCGTCTTGTATCCACCTAATTTATCAAATAGTGAACCACCTAATAAGTTTCCAATAACCATGCCAAATGAATTTATCATTAGCACTAAACCAGCAACAGTTAAACTTTTTCCAAGTTCTTGTTTCATATAAATTGTATTTAAAGGCCACAAAAAACTGGAACCAGTAATATTTAACGCCATGCCAATTACTAGCCACCAGACTGATTTAGGTATATTCATATTTCATAGTTCCTCTCTCTTTTTTGTCAAACTATAATAAACACTATAACATTAAAATATGTTAAAATCTGTACTTAGAACTCTTTTTTTATAGAAAGGAAAATGACATATGGGCAATCATTTCCAATACGCTTTTGAAAACAAACGTTATCACACATGGAATTACCATTTAAAAAATAAATTTGGACAAAAAATATTTAAAGTTGCATTGGATGGCGGGTTTGACTGTCCTAACCGCGATGGCACTGTAGCACATGGTGGATGTACATTTTGTTCTGCTGCAGGTAGCGGGGACTTTGCAGGTAATCGTGCAGATTCAATCGCAGTACAATTTAAAGAAATTAAGGAAAAGATGCATGAGAAATGGCACGAAGGAAAATATATTGCTTATTTTCAGGCATTTACAAATACACATGCACCAGTTGAAGTATTAAAAGAAAAATTCGAACCTGTACTTAAAGAACCGGGTGTTGTAGGATTATCTATTGGTACGCGTCCTGACTGTCTACCAGACGATGTTGTCGAATATTTAGCAGATTTGAATCAACGAACATACTTATGGGTTGAATTAGGACTACAAACAATCCATCAGTCAACATCTGATTTAATCAATCGTGCCCATGATATGAAAACTTATTATGATGGTGTGGCAAAATTACGTAAGCATAATATCAATGTATGTACACACATCATTAATGGCTTACCTGGCGAAGACTATGACATGATGATGGCTACTGCCAAAGAAGTTGCACAAATGGATGTACAAGGTATTAAAATTCATTTACTTCATTTGTTAAAAGGTACACCGATGGTAAAACAATACGATAAAGGTTTATTAACTTTTATGACTCAAGAAGAGTACACAAACCTAGTTGTGGACCAATTAGAAGTGATTCCCCCTGAAATGATCGTTCACCGAATTACCGGTGATGGTCCAATAGATATCATGGTAGGTCCAATGTGGAGTGTTAATAAATGGGAAGTATTAAATGGCATCGATGCTGAATTAGCACGTAGAAATTCTTATCAAGGCTTGCGTTACAAGTCTAAGGTGAAGCAATGAAATTAGAACGTATACTCCCTTTTTCAAAAACACTTATTAAACAACATATAACACCAGAAAGTATTGTTGTGGACGCAACTTGCGGTAACGGCAATGACACTTTATTTTTAGCCGAACAAGTACCAGAAGGACATGTTTATGGTTTCGACATTCAAGATTTAGCTTTGGAAAATACACGTGATAAAGTTAAGGATTTCAATCATGTTTCTTTAATAAAAGATGGACATGAAAATATTGAACATCATATAAATGATGCACATAAAGGTCATATTGATGCAGCCATCTTTAACCTAGGTTATTTGCCTAAAGGTGATAAATCTATCGTGACAAAGCCTGACACGACAATCCAAGCTATTAATTCATTGCTATCATTAATGTCAATTGAAGGTATTATTGTACTTGTTATATATCATGGTCATAGCGAAGGACAAATTGAGAAGCATGCATTGCTTGATTACTTGAGTACTTTGGATCAAAAGCATGCGCAAGTTTTGCAATATCAATTTTTAAACCAACGTAATCATGCTCCATTCATTTGTGCCATAGAAAAAATTTCTTAAGCATTTGCTGCGCTATACTATTTATAATTTAGGATTGAGTAGTCAACATTTGAAAAATTAATACCAACAACAACAAAAAGAGGTTTTCAACTTAATGAAAACCTCTTTTTATGCTATTAAACTTACACAGCAATAATTGCGTTTAAACTATTTTGCATTGCTGTTGCTCTACTTGCAATGGCATCACTGATGAAATTCAACAACTCTACTTTCTCTTGTTGTAACTTTTCATTGAAATGAATAATAACTGTTCTTTCATCGTCAACAGGACGCTCTTTGTAAATCCATTCTAATTCAACTAAATTATTATACGTTCTCGTACGCTTATACGGTTTAACTTCAACAAATCTGTCCATTTCTTTAAGCGTCATAGAACCTTTTTGCCATAAAGTTAGTAAAATTAAAATTTCTTCTCTAGACATTTTGTATTCGCTTTCAATCTCGCTGAAAATTGAGTTAATGTCACCCAAAAGTGTTTCTAATTGCAAAATCCCAAATACAGTGTCGTTATTTACTTTTTTCATGCTAAACATCTCCCAATTAATAATCACATATTTAGCTACCATACAAGTATTAACAAACATCCCAACAATCCCAAAACTTGTATGTGCTAACTTATGCATAAAACTACAAGTGTAAATAAACTTGCTTTCTATTCAATTGTCAAAGTTGAATAAAATTAAATAAGTATAAAAACCAATAATCAATAGAGTTAATATTTAGAAATAAGATAATAGTACATAAAACAAATCACTCTATTACATATTAATTTTATAATTTATATACAAAGAAAATATATCAATATTACCATTAAATTGCAACAATTCTACATATATTTCTTCAAAAAAGATACGCATTGAATTTTTATTACATATAACTCTCATGAAAATTGATTAAACTAAATTAATTAGTTAGCCTTAAATTTAACAAATTAAATCAAACCGAATGAGGCTAAATTGGTTATTTTTCAAGATATGATTTGTATAAATCAAAACATTTCTTACAAATCAAATGTGTATAAAATGTGATATACATTCTCAACCTTAAAAAAGTAAAAAAAAAGATGAGCATCTACTGTCTCATCTTTTTAGAATATTAAATTTCTACAATTTCGTCATCTTCAACAATAAAGCCCATTGTATTGACGCTGTTATTTAAGAAAGTCAGAATATAACGCATTACTTCATCACGTTCTGGCTCATTGTGAACCTCGTGGTAAAAACCTTGCCAAGCTTTAAAATATAATTCAGGTGTTTGATATTTTTCTTTAAACTCATCAATTGCCCTAGTATCAACAATTAAATCCTTCGTTCCATACATTAATAGCGTTGGCATTGGTTGAATGTCATGAATATGAGCCATCGTATCTTTCATCGTCTCATTAATTGTATTATACCAATGATACGTTGCTTTTTTTAACATTAAACCATCGTTAACTGTTTCTTCAACAATTTCTAAATTACGTGTTAAATCTTTTGGTTCTACACCAACATTAAAACGTGTGTCTTTTGAAATTTTACCTATATTTGAAACAAGTTTATCTTTACGATTTTTTCCATTCTTTTGAAGTTCTAGCATAGGAGAAATTAACATCATCCCCTCGATTGGCAATTCTACTTTTTCAAGTAAATTTAATAAAATTAAACCGCCAAGTCCTACCCCTAATACATAAGTAGGAATTTTATATTCATTAGCTATCTTTAACCAGTCTAGCAAACTTTCGTGATACGTTTGAAAGTTTTCAATTTGTCCTTTATTAGCTCTTGAAGTTTGACCTTGACCAGGCAAATCTCCCATAATCACATGATAGCCATTTCTTCTTAACATCGTAATAACATATGCATATCTTCCCGTATGTTCTAATATATTATGAGCAATAACAACGACGCCTTTCGCATCATTTTCAGCTTCCCACTTCCACATTATTATACTGCCCCTTTTTCATTAATCTTCAATAACATAATTATAGCAAATTCACTATGTAGATTTCTATTTATAGTATTATTGTTGTCCATATTATTATATATAAATGAAATCAACATCAATAATAGTGTAATTATACATAATTATTTTTGATTGTTTTTGATGAAAACGCTTTCTCGAATATTTTTTTCATGCTAAACTTATTGTAAACACAAGGGTTTGGAGGAGTAGCAA
NZ_CP120033.1_gap34	1866468	1869053	2585	CTCTCTTCCCTAGGTGTGAAACCAGACATTATCGATTTAATTCACAAAGGGACAGAGTTAGAAGACTTTGCAGCATTTAATTTATCAATTGAAGATACAGTTACAGTCTGTTTACAAAGAACTGAAGAACTATTAAATCAATACAAAAATGTGGAATTCAATGACAAAATATTAATCAATTGGCGTATTATACAAGAGTAATAGACATATAAAAGTCGAATGTAACTACGTGAGTACTGATTTTATTCTTTGTAAATTACAAGCATTTCATATTATAAAGTTTGAAAAGAGGTATATTGAAGTGGAGAAAAACGAATATACAGCTAAATATAATGAATATAGTCAATTATTAGACGCTACTTACTCGCAAGCTGTAGCATACCTTTTAAATAAATATGGCGCTGTAACCGATGATTATTATAAGGAAAAATCATACACGCGATTTTTAAATGGAGAAATCAAAAGTATTTCTAAAGGAAAATACACTAAAGCTAGCGAAGGATTATATTGTCATCACATAAGCGAGGACAAATTCCAAAATCTATCTGATCTAAGATTCATTTCCAAATTTAAGTACTCATACGACGATCAAAAGAAAGAAAACTTAGTTTACTGCGATTTAATCGAGCATTTAATTTTACATGCAATTATTACAAAAGAATCTGATGGTCAATTTGGCGCGGCTGGATTATGTCAAATGATCAAACCAACAGTCATTGAATGGTACATTGGCGAATATGATCCAAAACCAGCTTGGATGCAACCCACTAAAGCACGTGCCTATTTGCCTGGAATATTAGTAGAGAAGTTACTCATTAAAATTGACGATATGTTAGAAGGAATAGAAATATATGATTTCCTTGAATCGCGATAAATGATTAATGTAGATTTATTTTTTGCTGTTCAGATTTTGTTATAGATGTTTAAAACGATAATTAAATATATTTTATAAAAAGAGACCACGCATACCAATCTATAAACGGTCAATGTTTATAATTGAGTTTGCATGGTCTTGAATTGTATTAGTTTTCTTTTGGTTTTAAAAAATCGACTAGATTTTCACAATATTTATCAAATATGTATTCCTAAATTATACAGCCTTAATCCAGCAGCTACTTTCGAAACTTCCAACTTAGTTGATATAAGGTTCAATAGTTTGTTTCGTTCTTTTTCAGATAAACCAGAATTTAGATTGATATTATTGACTTCATAAAAATTATAGACTAATGCCTCTATTTGCTTTTCAGGCATAAGTAAGTCGACTGAAAACTGATTTACGTCGCTTTCATAAATCATTTCATGTAAATTCTTTAGACTATTATCGTTGTTATCTTTAATTTTGTATAAATAACGGCCGAGTTCACGAGCTATTGCAAATCTTGTATTATTAATCGAGTGATTATTATTAATATAGATTGTTCTTCCACTTAAATAACCCGAAGTATTACCCTCCATTTTAATATATTTAACATTTAAATTAAGTTGAAATAATAGCTTGTCTATGTCATTAGCAAAGTGTTCAGAAGTAATAAAAAGTTGATCCATTTTGTCCTTAACTAATGACTGAATTAATTGAACTATTTTTGGTTCTAAAAAATCTTCATAATGAACTTTCTCAATAACTTTCAATTGATTCCCCTCCCTAACTAAAAAATCGAACCTACATCATTTAATAAATTTAAAACTATAGGTGTAAACATTATTAAAATAAAACCCCTCCACTACTAAATGTAACGGAGGGACATGATTTCAAAATAAAATGTCATTTTTTATAAATTTATTATAATATTTTTCATCATACTGTACAACCGAATCTAATCCAACGATCCCGAAAAGAGGAACAACGGTGGTTCTGCTTCATAATCACTTTTAACTAAGTGTTCATTTTTAATTATTTGATCGACGGTTTTCCAATTTTTTACTTCTTGCTCTTTTAAAAAAATGGCTATGAAAAATTCTATCCTCATAGATTTCTTCATAGCCAATGCTAATTTGTTTCATGTCATTTCTTCAAAATTCCTAAAAATATATAAACTAAAAGCATAAGTAACACAGCAAAAATTGCCGAATATATAATTATTGAAAAAGCATTGCTTTGCATTGGAACTAAATAATTTAAAGTACAAAATAATAATAATGCTAAAATACCAACTTTAAGTGAATATTTTAATCTATCCATAAAATCACCCTTACTGATATCCTCATTTTTCTCCTATCAGAACGTATTCCCCGGCTGCATTCTTTTTAGTTTTTAATTTTAAATATATTCCCTTACTAGTATCAATATTCGATGCAGCTATAGATCCAAGGAAACTACCAACACCTGCGCCAACTAAACCTCCTATTAGTGCAGAAATAACACTAATAGCCCCGCACCTAAAGCAGCTATTGTTTTTGTATATGCAGAAGAAAGATATAATGTTGCAGTATCTTTACCTGTTTCTACATATTGAGTTTTACCCGCTCTTAATTGGTCTTCAGCTTTATATTTTTTTATTTCTTCTTTTGTAAATATATCTTCCAGTTTATAACCTTTTTTCTCAAGTTCATCAAATAAATTTTGGTTACTCAAATATATTACCTTT
NZ_CP120033.1_gap35	1899389	1903223	3834	AGATATTGCTCATTATATTCGTCAACTTGAGTAGCCAATAAATGATCTTCTTCTTCAAGTTGTGCAGTTGTTTTTTCACTTAAACTAGAACTTAATTCATAAGAATAGTTTTGGTTCTCAAGATATTTAGTTAAATCATTAAAACGACTCAAATTACTAGTATAAGTTTGGTAATCTTCATGATGTTGGTAAAAATCTTCTTCAGTACCAACATTGATAAAATCGAATAGTGCTGTAATTTCTTTATTATTTTCTTCTAATTGAGCATTTAAATGATTTAATTCATTTGTAACAAGTTTGGTATTTTCAGCATTAATACGCCATTTTTCATTCGTGTCTTCAGCTGATTTCAACCATTGTTGCACATCGTGGAATAAAGATAATTTGTTGAAATAAACAAATTGTGATTTTGTAACAGCTTCAGCATGATTGTAGAATGTATCTAATTCTTGAACCAATTGCTGGCGTTGTTGATTTAAATCACTGATATGTTGATCTAATGCTTTAATATTCGCCATTGTAGAAATACTATCAACAATTAAATCATTTGAAATTTTAGATGATAAGTATAATTCATCCTTAACGTTCTCAACTGTCGATTGTAATTCATCATGACGCCCTTTCGCATCATTTAAACGACCTTCAATATACTGACGTTTCTCTTCTAAAATATCTTTATTTTTCAAAGCTTGTTGCCAGTGATCACGAATGCGATATTGCTCATCAAGATCAAAATCTAAGTCATAATTTTCATCTAAAATGGCTAGTTGTGCTTTAATTTCTTCGATTTCATCTGTGATGGCCTCGCTATAATCTACTTCTTTTGATTTAGACATGATGATACCGATAACAAATACTAAAGTTAATACTGCGAAAATAATACCAAACAACATGTTGTTTGAAATAAATGAGAAGGCAGTTAAACCAATACCTACTAATGTTAAAAGAATAAACGTTGTTCGTAACAATTTTTGACGTTTTTGTTTTTCTTGTTGCTCAATTTCGAAACGTTCTTTCAATTTGCTATACAAGTTCTCTTTTTCGTTTAATTCAATGACTTGTTGTGAGTATTCTTTTTTCTTTTCAAAAGTCTCTTCAGGAACTATTTTTTCTTCAACAGAATCTAGTTCGCTATGAACCGCATTATCTTCGATTTTATTTTCTTCTAAACTACGTTCTAATTGTTTAATGTATGCAGCTTGTTCTTGTTTATTCTTGATTTGCTCACTGACATAACTTTTCATTGCCTCTGAACTATCTACGTCATGATGCGTTTCAGACCAACCAATATTTGCTTGCAGTTCATCTTTATCACGTTGTTTATTCGCAATATCCTTTTCGATTGCAGTAAGTTCAAATTCTTTATTTTTAATTTCATTTTCTTGTTGATTCAAACTAATGAAGGCATCAATATCAGATTGTTTAACTGGCTCTAATTGAGTCGCTTCTTCTTTAAGTTGAGCTAAACGCTCATTTCTTAAACCAATATCTCTTTCTAACGATTGCTTATGCGCTCGTGCTTTTTCGTAACGATCCACACCTTTTTCTGGGAATGTGATTGGCTCAATATTTAACTGTTGTTCTAGAGACTTCCATTCTTGTGAATGATCATGTAAAGCAACCTCTTTTTGTTTTTCTTCATGCATTTTTGATAATTGATTTAAATTATGCTTTAAATTCTCTAATCGACGTGATGATTTATCTCGATCATCTACTAAGCGATGATATGTTTCTAGTTTAGCTTCTTCTTCACGAATTTGACTTTCTAGTTGTTTTAATTGCTCAATTTGTTGATTAATGATCGGATTTTTACCTGATTTTTTATATAATTCATCTTTTTTACGATTAATCACTTCGCGCATTGACGTGAATTCAGTTGATCCTAAAGCCCCTGCTTGTAATAAATAATCTTGCAATTGTTTTTCATTTAGATTTCTATGAATGTCTTGAAGCCCTAGTACATCAAATGAAAAGATACCTTGATATGTCTTTTTAGAAATATAATTAAGTTTCTTTTGTAACCAAGCATCATCACGCACAGCACCATTAGGTAAATATACTTTCACATCACCTTGAGCACTGCCTTTAATTCGTTCAACTTCAATCTCTAAGCCATCATCAAGAATAAGTACTAATTTACCACCGTATTGGTTACCTAGACGTGGTTCTAGTCTTGGCTCTTTAGACTTTTTAGTTGGAAAACCAAATAATATCGAATGGATGAATGCTTGAATCGTCGATTTACCCGCTTCATTTTCACCAAAAATTTCAGTGAAGTTTTTATTAAATTCAATTTTACGTTGAACAAATTGACCGTAACCATAAATTTCAAGTGATTTAATTATCATTTTGTTCACCTCTCATTTCAGCTTTTAATATTTCTTCAGCACGATTAACTAATGCTGTATGGTCGAATGTTCCATAATCGTCTAGGAACTTTGATGCCCTTGGATTTAAATATAAATCTGACATCGCTTTATCAAAAACAGCTTGATCGACTAATAATTCCGCTGAAAATTCATTAACTAAAGGTGACTCATCATTTTGTGCATATTGTATTTTTAACTCATCAATATATACAAATTGATTTTCGTTTTCTTCATAATCTGTAATCATTTCTTCAACTTGTAATAAATCTTGAGGTGAAATTAATGTCTCACTATTAATAACAAGCGTTAAACGATAAAAGGCTTTTCCTTCTTCTCTCACTTGTTCTTTAAAGTTTTGAATGACCTCGTATAAACCTTGCTTAGATGTCTTATCCGTTTCAATAGTTGCTTCTTCAAATCTAATATACTGTGTAGGATAAAATTTAGTCTTTAATTTTAAGTGGTCACCCTCGATTAATAAGCAACCTTTTTCACCTTGCTCATTAAAATGTCTACCTTGAATATTACCTGAATAGTTAATTACAGGCATATCACTTAATTGTTGACGTTCATGTATATGACCTAAAGCCCAATAATGATACAATTTACTGTTTAAATCTTCTAAAATGAACTCGGTATATCTTTCGTTAACTGAAGATTTACTATACGTACCATGCAAGACACCAATATGTATGCCTTTTTGGCCTTGACTTGATGGATATTCATCAATCTTGTTCTCATAACTTGCTCTATTTTCATAACTAAATCCGTGAATATAAATTGTTTCACCAGATTTAGTAATTGCTTCATACGTCTCAACTTTATTTGAAAATACAGAAACATTATCTGGCCAGTTTGATGAAATCTTTGATGATAAAGGATCGTGATTACCATGACAAACATAAACAAAGATTTGTTCATTTTGTAAACGTTCAAATTGCTGTTTTAAGAAAATTTCAGCACGTAATGTTCTGTTTTCACTATCAAATAAATCACCCGCGATAATTACAAAATCAACATCTTGTTGTAATGCAATATCTACAATATTTTTAAAACTTTCATAAGCACTTTTTTGAACATCCTCAAAAATTTTAGGGCTTATATGACTCTTAGATTTGAAAGGACTATCTAAATGTAAATCCGAACAATGAATAAATTTAACCATACATCCATATCTCCTTAATTAAAGGTTCTAACATCAATTTTGCAAAATCCAACTATACAAAGCATTCTAATCACTATATTCATACTTATAGGTGTAGTGATTCATTAGCTGATTTATTAAAACCAGTCGCCATTTTTATTTCGTTAAAAAACTATTATCTACACAATAATAAAGTGCTTTAGTCAAATCGTGATGTTTTATTTATTAACAAGTTTATTATTTCTTCATTTTACCATAATACGCTTCATATCGTCGATGAACATATGAAATTGAGACACATTTATAACAGTTTAAAATTTT
NZ_CP120033.1_gap36	1904702	1906292	1590	TCTGCAATGCTCTCTTTTGTCATAAACATTTGCAACATACCAATTAACTTACCTTTCTCATTGAAAAAAGTATCCAACATATCATTAATATCTTGTGTGCCTTTTGCAGATGATAAATAATTCCTTGCACGATCACATAATAAGTCTGTTGCGTTATCTACATGCTGATCTAAAAATGTTACAAGTTGATTTGGCAATAAAGATGCTATTGTTTGGTTTTGATGCTTTGTATAATAATTATTCAATTGTGATTCAATATATTGATTTCCATTAGTTTGTAATACTTGTTCTAAATCAATATCGATTTGAGAAGTAATTTGTTTTATTGACAATTGATCTTTCGTCAACTTTTGTAACTGCTGTTGAATCATAGATTCTATTGCTTGCTGTGATTGCTCGCTTTTTAATTTTTCATTAATTAAAGTTTCTGTAAGCAAATGCTCTTCAATCACTTGGCCAATTTTAGTTGCAATTTCTTCGCGTCTTTTCGGTATTAAACCTGGTGTAAATGGGACTCTAAATTTAAATATATAGTATGGTTTAAAGGGGTGAAACAGCATTCTAATTGCAATTACATTAGTAATGCCACCAATTATCGCCCCTACTACAATCATAAATATGATAATAAATAGTGCATTCATAATTTTGACTCCTTTGTGACAACATAGTTATTCATTATACCACTATTTTTATTTTTTAATTCATTAATCATTTCACTTTCTGCTCAATTTATTATTAGTTTACATACAAAAAGCGATGCCTCACCTCTCGAAACAGGTGTGTTACATCGCTTTTATTATTTATTAAAAGTATATAGGCCTAGATATGTACTAATTCTTCTTTAGCATTTCTGTTAAAGTATGTTTCAGCTTCTCTCATTTTAGAAGTACCGAAAATTGGTTGGTTATCTGGATTTAATACACGATAAATATTGCTTACTTTGTTACTTTGTAAAATGTACCCATTACGAGTCTCAATGTTATTCCAATAAATATCACTTGTTGGTGCATGGTTTGGATATGCACAGTGATTTCTTGAAATTGTTTGAACGATTTCTAATGGATCACAGCCAAATGTACTGTTTAATACTTCAGAGTCTCTGAATAATGCACAAATTGAAATACAAGTTGTCCAGTTTGGTAATACTCTCTCTTTTTCGATTTGTACTAAAGTCTTTTTAGAAAGTCCAATTGTTTGCGCCATAGTATCTTGCGTATAACCAGCCTCTATACGAACCATTTTAAATTTTGTTTGAATTAAATCTGTAAAACTCTGTCTATCCATTCTGTTATCTACCTTTCTGTTTGGGGAATTTTATCCGGACACAAGAAATTGCAATAATACACATTTCTTGAAACACAGATTACATCTTAATATATTTTTAATAAAATGAAAAGAGTCAATTTCACATTTGTATTAAATTTTGATCAAGTCAACAAGAGTTAAGTTTACTTTATAATGAAGCGAAAGTAAATGAAGTAAAATTTTATGCATAATCACTAGATTTGATAAAACTTACACTTTTATAATGATATCAAATTTACAAAGAAAACTGTATAATAAACCCTATCGCTATAAAAAATTCATCAA
NZ_CP120033.1_gap37	2015384	2018342	2958	GTTTGTATCGGGAGGTTTTACTGGGTTGCTTTCTTTAGTGTATGGAGGCCTAACAAATCCTGTAACGCTCGTATACCCGTGCTTTACTAGTGCGCCGGGTGAACCAGTCCAACCATTTGCACCTACCCAATTTTGATCAATACTATAAAAATAACTTTTGTCGGATGGACCTACAACAATTGCGGTGTGTCCGGCCGAACCTATACCGTTACCAGGATGCCAAACTGCTATGTCGCCAGGTTTCGGAATAAAGCTTGAAGTATAACGATGGAATCTAAAACCTTTAGGGTATTTATAACGTGACATGTCTACCGCATTTCCCCACGTTCTAAAATTCCAAAATCGATTAAAAATATAGTTCGGCAAGTCCCAACATTGCGCGCCATAATAACCATCTACATCTACACGCTTACCTTTCATTGATTTTGCCCACTCCACAACTTCACTAGCTGTAGGTTTTCTTTTGTTCGGGTCTGGTAATCCCATGTATACACCTCATTTCAATCAAAATAAAAGCCAGTGCCAAAGCACTGACCCTTAAATTATTATTTACATTTACGCCCGTATAAATAACAAGCTAGCCACTTTGCCCAATCCACAGCTGAACACCTCCTTTATGGAATTAATGCCGTAATTGAAGCAGTGATTACAGCTATCATTACAATAGTTACTAGTGCCCATATAGCACCCACAAGCCACTTGTTTTGTGCCAATGTCTTCTCTTCATTCTTTTGCGCTGTATCTACTTGTACTTGATACCTTTCTTCAATTCGGTTTAATATTTTAGTTTGTTCTAAGTTTTCATCAACAACTTTGTCTTGTTTCACTTTTAGTTCTTTGTGAGACGTCCTTAATTCATTGTGATGTTTTGTATGTTCCTGTCTTAGATTGAGTACGTGATCAGCGGTTTCTTGTGCCAATATTTCTACATCATCAATCCTTGTTGTCATTCCTTTTTCCACATCGTCAACTTTAGTCTTTAAATCAGAAAGCTCACTTTTTATTCTTTGAATTTCATCCAAAACAACACCTGCTTTCTTTATTGATTAAATACCTAAAAATTAAACCTCTGGTTTTTGAATTGAGTTATCCATGTACTTCTCACCAGTGATCAAAGCGTATTCTTCTTTGTCAATTACTTCCATATCTACATACCACGCGATATCTTCCTTGTTATAAGCGCCTAGTTCATACTATGTTTTAATATCATCAAATGTCGGTGAAATTAGTTTAAGCATTTTCAACATCTCCTTTTTTCTCTTCTAGTTCTTTGTTTAATTTAACAATTTGTTGCGCCATCATAGCATTTTGCTTACTTGTTTGTAGTGACACTTTCGATAATTGCGTCACTTGTTTCTGCATATTTGCTAAGATATGCATGACTTTATTGTCTACAGTCAATACATTTGGCACTGGTGATTGGTTGTTGTCAGACTCCTCAGTCGGATATTCTTTATTTCTTACAACCTCGCCGTTGGCATACACATAAAGTCTTGGTTTATACATTACTTCAAAATCATCTGGTAATCGTTCAACAGTGACACCACCATCAAAACCACCTGTGATGGCATAAGAGATGATTTCACCACGTTCATTAATCAATAATTGCATCATTTACGCACTCCTATAATTTTTTTAATTGTCCCTTTATTTGCATTTGCTCCTGAGCCTGTCCCTTTACCTAAATCGAAGAAAACATCGTTAGATATGGTTAACAGCGTTCGACTTGTTTTAGTCAAACCAACTTCATAGATACCGCCACCGTTACCGTCTCTATCTGGTAAGTTTACGGGGTTGAGGGAAATACCGCCGTTTCCTTCTGGGTCTCCGAACTCGACAAAATCACCGCCAGGAAAAAAACCGTAGAAAATTAACAGTGAAAACTGATCTAGACTCTCGTTCAATCTTATTGTTGAGCCTACACCGTTTGCACTACCTCTAAATAGAACAGTTTGTCTACCATTAAATTTACTGTCTGTATAATTCCTTGCGTTGCTCTCTGCCGCGCTTACTTTTGCTTGTACCCCTCTAACAGTATCGAAAGGATTGGTATTATCTATCATCGCAACTTCTGACCAACCGCTCCAAGTATCAGCGTTTTTGTTTCGCAAATACTGTTTGTTTGAGTTGTAAGAGGAATAAACCATTTGGGCACGGTCATAACTTTGTTTGTAGTAGTGTAAGATACCGTTATCACTCGAACTATCGGGTGTATTTATCGCCGATATTAGGTATACAAATTGAGAGTGCTGCAACCTTGCTTCTGGGTTGTTTAAATCTAGTCCGCTAACGACCTCTAATTCTCCGTTTTCTTTAGTTAAACCAACTTTCTGACGACCGACTTTTTCCAACTTATCATCAACGTAAGATTTGGCTTTATTCAACGCTCCCACAGCTGTAGATTCAACAAAATCTTTTGTTATTTCCTCGTTGTTCTTCGGCCGAAACGGATACCAAGTGCCTTTTATTTTGTACGTGGTATGCTCGTTATTTGAGTCATCTGGGTACCATATCGCACGCGCTGTTTGATCATCAACAATGTATACAGATAATAGACCGGCTTGTCCTAACATTTGTATATCTTCAGTGCCAACGCGCATTTGTGCGGGGGCATCAGTTGCTTTTGAAATGTGATACAACTTTGTACTTGTTGCTTTTAACAATACTGTTTCAATCGTTGTATCACCCATTTCAATAGCTTTACCCTCATCATCGGTAAGCTTAGACTTTTGCCAATCTTTTGTTGTACTACTTTTAACAAGGTCTGCATCATTAATTTGTTTTTCAACCTTGTTGATTTGTTTTAAAATCGATTGCTCTTTTTCAATAATTCTGTTGAATGCTTCAGTAATCGCTTGTTCAGCACTGTTTTGTGTTGCGACTATCATTTGAACAGCTTCGTTTTGTTTAATTTCTAGTTGTTTAATGCCTTGATTAGCACGACTATCGATTTCAGTT
NZ_CP120033.1_gap38	2019607	2020242	635	ATTGACATACCTTCTGCTTCTTGGAAGTTACCCACAAAATCTTTATCGATACCGCCAATATCCATACGACGCTTAAACAACAGTTTTTTAGTTTTAATATCAAAAGCTTGTAAGTAATTTGGATTTGCCGGAATTGAATCACCTGTGTACCAATACAAGACACCGGCGTCATAAGTAATACCCTGCATAGGCTGTGTCTCTGAAGTATATTCCATTGGTATATCCATTTGATACAATACTTTATCAATACCTTTATCAATATCATCAGCACTTCGTACTTCAACAAAATTTAACGCATTCTTCTCTTGTCGTTCAGACGCTTTGTATTCTCGTCTAAAAATCATTAAATTCTCGATTGGATTATATATAGCAGAGGTGTAGTGTGTGTTAAATACATTCGGCATGACATCCTCTGTACCGCTACCATAAGTGATTTCGCCAGACTTATATTTAAAACGTGCAAATTTATTGTTTCCTTTGTCGTCTAACATGGCTGAATATATCCATAATTGACCATTGATGTATCGATACGCATTATGTGTGCCGTGACCACCGTTTTTAACAAATAATCGGTCAATAAATTGTCCGTTAGGTTTTAACCTAGTTAACATGTAATGATTACCTGGTCTTGCTTG
NZ_CP120033.1_gap39	2028411	2029850	1439	ATGTAATGTGATGCCAACATCTTCGACCATGCTTGTGGTCGTTTCTTTGTTAGTGACGTTTGTTTCACCCACAACGATATATGGGTAAACAGCGTCTTTCTGAACGCAATCAAAAACCCTACCGTCCAATTGTTTTTGGATAATAGGGTTACTTTTTAATTTGTTATATACTTTGTTAAATAAGTACCGTTCAACTGATACCCACATATCTTAACCACCTCATGAAAAATACTTATTAAAGGATGCTCGTCCAGCGTCTATTGCCGGCTCCCAAAAGGGTTGAGCATGTTGCCCTTTAGTAGTGTACCACTTACCGTTCGCATCTTTGTACGACCACGGTATCTTTTTCGCTCTACTACCTCCGGCGCCTGTTGCATATATACCAGTACCATAATTGACATATATTGCGTATTCACTACCAATATTGATAACACCAGTAAAACCGCCGTCTTTAAAGTCCATTGTTACACTTTCTCTAAGATATCCGGTATCAACTGGCATTAATGAAATGATTGTATTGTGAATCTTAGCAGTTGTCTTTGCTATACCTCGTTTGACCCATCGTTCCATGTCTCGCTCGTAATTTTCCAACTCTTTTACTAAGTCCCAATTACCATACTTAACCTTTGCCAATAGGTCGCATCCTCAATCTAGTTAAATTGATTTCATGTTGTCCGCCTTGGTCGACCGGTTCGCCTACAACTTCGTACGTTTTACCCTCGTAATTAAATAAAGTTTTGTTTGTTATTGGTATGTGGTACGGCGTATATAAGTTGCGGTCAAAGTCTTTGCTCATTTGATGAAATTTGAGTGTTTCACTTGATGTAGGTGTGTCCATAAACCCTTTAATTGTTTCGTTGCTTTTAAAACGCTCGTATTCTTTAGGATGTGTTCCTACAACTTCGACCTCTCCAATTTCAATTGTGTGCAGAAACTCATCAAACGGATTAAACATATCGCTTGCCCCAACTTAACTTACGATAAGGTAATAGATAAGCGTAAGCACTACTAGGTATGTCGGTTACATAGGTATAACTCACAGTACCCATCGTGCGCGCTGAGATATTGCCGGTTGTACCAAACTTGATACATTCAGCAATAAACTTCTTAACACCCGACGGCACTTCTTTGTCATCAAACTTCTGATTACAGTAATCTTCTGCAACACTTTTATATTCTTCAATAAGATATTCGATCTGCTCATCGTTAGACGAATCATTGAGTGAAAGTCCATTAATCATTTTGACGTCTTTTGCGTCCATTACTTAACACCCTCTAAAGTTTTGATAAGCTCATCTTTTTTCATATCGCTATAACCTTTAATTCCACGCTTTTTAGCAAGTTCTTTTAATTCTGCTACTTTCATATCAGATAAACTTTTTTGCTCGTCAGCGTTCGCCTCAGGCTCTTCTGTTTGTTCATCTTCAACGAGTTTGATA
NZ_CP120033.1_gap40	2031513	2032898	1385	CATGATTTGGGCATAAAAATAAGCCAACACGATTAAGTGTTAGCCTTTGCGTTTATATTTCTCCCATTCCCGATAGGTCATAAATGGTATAACTTCATTAGCTCCATCTTCATTGCCCACTCTCATTACAGTTGGTAAATCATCTTCATCAATGTAATAGATTAACTTGCAACGACAGTTGATGTTTTCTTTCGCACTACTTACACCAATAAATAGCTTAGGTGCTTGTCCAACACAGCCACTCGACTTGAAGTTCTGATCTATTTCCACTGATTCACCATCTAAATGTCGATGCGTATCACGAGTACGTGTATCTTTAGTAGCGTGCCATCGTTTCTTCATCTTCAAACCGTTATCTTTAGCAACCATTGCGCTATCAAGTCCAGCTTGTGACATCGCTCTCCCTGCTTCTGTACGAGCTACACGCAACGATTGAGCTTTAGACATGCCAATATCATCACGGATTGCTTTAGCTATCTTAGCGTAACCCTCTCCGCTCATAATGCCTTGTGTAATGTGCATGCGTATCTTTTTCAGTACTTCATCACGATGCTTCTGTAGCGTCGGTACTAAACGAATAAACTCAATAGGTTGTTCAATAGCTGATGTGATAACTTCTTTGCTAGGAACATCAAACTGCATAGATGTTTGACTTGCCGTCTCATATAAATAAAGGCTCATAAGGAACTTTTCTATATAAGCATCTTCTTGTGACTTCTGAATCATCTTAGCTACTTGCCTGTAGTCATCAGTCAACATTGTGCCTATACGAGTTAACTCCTTATTGAGCCTGTTATATTTATTGAATTCAGTCCATGTAACATACACATCAGCACTTTGATACTTCTCAAACATATCTGCGATGATTTGTTTTATCTCTTTAAGTCGATTAGCAAATAGTTGTTCTATGGGCTTCTCAGCTTTAGAAATTAAATTATCGATATACTCATCAATATCATTTTGATTGGTTATTTTCGGATTGTCGCTGTTGTTGGCCAACGTCAGCACCTCCGTCATCTAAATTAGGCAGTTGCTTGTTTAACTCTAATTGTTCCTCGTCTAGACGCTCTAATTCAGCTTTTGGATCATCAACCCAAGGATGATGACGTACTAACGTTTCTTTAGATAAGTATTGGGATTGCGCACCAATTTGTGATTGCTCTAAATCATTTACCATTACATTAAAGTTGAATGTAATTTCTATCTCTTTAGCATCTAACTTAATTTTGTTGAAATCTAAAATAAACTGTATTAACTCTTGTAATGCAACGTTAGCTTTATTCTTAAGTTTGTTTGCTTTCAAATTAAGGTTTGTGTATAAGAATTTAAGTGCAATGCCACTAGTAGCAGAACCAAATTTATCAGTCTGAAAGTCTACACCTTGT
NZ_CP120033.1_gap41	2037918	2040436	2518	TAAATACGTTTTACTACTTACACCACTACGACTAGTTAATAGTCCGACATAGCCCTCTGGTATACTCACAGCTACATCTGTTTTGATCACTGCTTTTTCTTGTGGTTCGAGTACGACAGTTTCAGCTGAGAATATGTCATAACCTGCATCCGTCTTATGATTTCGTTCGGGCATTCTAGCATTTTTTGATAATAGTTTTACTTGTAATGTGTTAGTCATTTTCCTATTCCTCCTCATATTTATAGACAACTTGACCTGCCATAATCCCTACTGCTTCATCAAGTTCAATACCTTCTTTAACTGAATGTTGAATAGCATTTGTCATTCCCTCAAGTATTTCATCAAACGCTTGCGCTTTCTTATACACGTCCTCAATCTCTTTTAGCAACCCCTCTGTGTCATTACCGTTATACGCACTAGCACTAATAACGGACTGTTCGATTTTTTCGCGATTATTCATTTGTGTCATCCTCCATAAAAATTTTATTGTTTAATTCCATTCCGAATTTAACTCTTTCATCATCGTTACCGAATCCGTTTATTAAATCTTTTTCAACGCTCTTGCAATACCTATCCCATGCGCTTGCTTTCTTCTCCAGTTCTTTGTTACAATCTCGTAACTTCGCTATATCCCCAATAAGCTCATCTCGTTGCTTCTTGTACTCTTCACGATCTTTTAATGCTTTGTGAAGTTTATCTAATAACTTGTTAGAGTTAGTACAAAGATTTTTATATTGTTCATCTGATAAGGTGAACGTCATCTCATAACCTCCAATAGCATCTCATTTTCAAAAATATTTCCAACAATTTCAATAATATCGTCATTTTCACTTAGTAATTCAGTTACATTGCTAAAAGTTATATAAAAGGCTCCTTCTTTAAACTCGATAAAACTTACTTCTCTCGAATAACAATCTTGAACAATATCCCCTTCATAAATCTCCACACCGTGCACATCTTTAAATCCTGTGTATTGTAATAGTTTTACTTCATTGAAACTTTTATAACCTGTTGAAATCAAAATGTACCAACTATTAAAATCGATTTCGTCAATAATACTCATAACTTTTTTATCTTTATCCCACGCTCTAAATTTCGGCATCATACTACCAACTCCCCATCTTTCCAAATTAACGTCATCGTCATATCATCGTTTAAGATATAGAATGCTTTGGTAGGCAAACGTCTACCATATAAACATTCTTTTATACTAGTGTTTGCATATAATACGGTTTCATAGACTCCTCCTTCCATCTCGTACATTTCAAACAACTTATCAAATACCGTGTCTTTGGTTACTTCTTTTTCAATATCAACTATGAAGGGGATATCAATTGGAATAAAACTTGACGTCGAACACTTATTTGTATTTGGATGAAAACGAACGAATCCATCACTAAATCCTGTTGAAAAAAATATTTTCCCTTGTGATAGCTCCGGATTTTCTCGCGCCCATTTAATTAACTCGTCTAATAGCATTTCTTTTTTAACTTTGATTTTCATTGTTTCCATCTCCTCTAAAATAAAGTTAGTTGCTTCTGTTCCTCGTATTCCAAACCATGTTGCTTTATATATATTCCGAGCTCTTCCGCTGTATCAAATGTCTTTTTCACACCTTGCCAATCTGGTACGATATGCCCATGAAAGTAATAAGTGCCGTTCACTACATGGATATGTGCCACTCGTTCGTTATCCTGATACAGATATCTCTTAGATCCGAAAAATTGGTTTAAGTATTCTTTACATGCGCTATCGGTTTTAGGCATTTATGCTTCCTGCCATTTCTTAAACATTTGGTTATAAGTAGTATCAAACCAGTACGGATCACGTGAATGTTTTTGAGGCACATTAAACAAATGTGGCTTCTTCTTACGTAGTTCAGCCTCTTTACGTCGTTGCCTAGCCATTTCACGCTCTTTGCTCTCTCGCTCCATGATTTTGGATAACACAATTTCTTTATACTCAGCTAAGCGCATACCATAAGGTGCATGTAAGGCTTCTAACAACGCCCAGCCACCTCGTACTCTTTTTGCAACCATTCCTGGAGTTAAACCATTCTTTTTTATCAATTCATTTTCATGTTCGGTAAATTTATATGGTTTACCGTTAATCTTTACGATACTCATTTATTCCACCTCTATACATTTACTTTTTTAATCCAATCCTCTAATTTGTGCGTGTTGTGATTTCTAGTAAATAGTTCACTTACATTAACACCTAGAGCATCTGCCAATTTATCTAATACATTTAAGTTAACCATCTCAGCTTTTCCGTTTTTATATCCACTAATAGTTGATCTTGATACGCCAGTTTCATTGTGCAAATCTTGGACACTTACGTTATCTCTAGCCATGATTACCCTTAAATTAGTTGCGAATACTTCGTTCAACTTCATTTATTCCACCTCTATATATGCATGTCTTATTGTTATGTTGTCATACTTTAGTAATTCGTCCGGATTGTCATCTAAGCGCTTTGCCAGCGTATCTTTTTCTTTATCCACATCATCGTAATGCTG
NZ_CP120033.1_gap42	2198879	2202924	4045	CTGATGAGTCTAAAACAACGACGCGCGTGAATAATGTTGATGCAATTAATTCAATGCAACCTTCTGAAGCGTTGAAACAAGCAATTCTAGAAGCTGATATTATTACAACAGCTGTTGGTGTTAACATACTACCTATTATTGCTAAATCTTTTGCGCCTTTCTTAAAAGAAAAAACAAACCATGTTAATATTGTTGCTTGTGAGAATGCTATTATGGCAACTGATACATTGAAAAAAGCAGTACTTGATATTACTGGCCCTCTTGGTAACAATATTCATTTTGCTAACTCAGCAGTTGATAGAATTGTACCATTACAAAAGAATGAAAATATATTAGACGTTATGGTTGAGCCATTTTACGAATGGGTTGTTGAAAAAGATGCATGGTATGGTCCAGAACTAAATCATATTAAATATGTTGATGATTTAACACCATATATTGAGCGTAAATTATTAACTGTGAATACAGGACATGCATATTTAGCGTATGCTGGTAAATTTGCAGGTAAAGCTACCGTATTAGACGCTGTAAAAGATAGTTCAATTGAAGCTGGCTTACGCCGTGTTTTAGCTGAAACAAGTCAATATATTACTAATGAATTTGATTTTACTGAAGCGGAACAAGCTGGTTATGTTGAAAAAATAATAGACCGTTTCAACAATTCTTATTTATCTGATGAAGTGACACGTGTCGGACGAGGTACGTTACGTAAAATTGGCCCTAAAGATAGAATTATAAAACCATTAACATATCTTTATAATAAAGATTTAGAACGCACTGGTTTATTAAATACAGCTGCATTGTTATTGAAGTATGATGATACAGCAGACCAAGAAACTGTTGAGAAAAATAATTACATTAAAGAACACGGTTTAAAAGCGTTTTTAAGCGAATATGCTAAAGTTGACGATGGCTTAGCCGATGAAATAATTGAAGCGTACAATTCACTTTCATAATTTATTGAGCTTTGTTTGAAACAAGAAGTTTCCAACGTTATTCGTTAACAATCAGTAATAATGTAGTAGTTCCGTTGAATTAACAATATTAAATTTCTGAACATAAAAAATACTCCCTTCAACATAGACACTTAACTTGTGTTATGTATGAAAGGAGTATTTTTGCGTTAATAACTTGTTTTATTTTCGAGCCACAGCCACCTATTCGATGGCTATTGGTCATTACTAAAACAAATTCATATTAACTGTTAGACTTGGTTACTTAGTAAGGAATATTTCCCTATGAAATAACTAGATGTTCACATTCTTGAATAAATTTTATTCTTCAGTTTGTTGGTCTTTCTTAGTGAATCTTCTAATTAAGAATGCCATACCTGCACCTAGAGCTAATTCAGCATATGGTAAATCGTCATTATGTGACATACCAGTATCTGGTAAAGTTTTAGCTTGTTGTTTAGCTTTATTAACTTTTCCTTGTTGAGCTGATTTTGCATTTGCTTTGTTTTCTTCAGGCTTAGTTACATTAAGCATATCTTGATTAGCACTATTGCTTCCATTTGAAACTGTAGCTGGAGATGCATTGGCACCGTCGTTTTGCGTAGCTTTATTGTTTGCAACTGGGCCAACTGATGTTTGCGTATCATTAGTATCTGCTGTTGCCGTATCATCTTTTTGGCTAACATTAGTTGAAGTCATTTTATCTTTTGCTTCAGAAGATGCAGATGTTGATGGTTTATTCGAAACTTCAGTATCAGCTTTGCTTGGCGATTTATCTGCTTCGTTAGATGCAACGTTAGTTTCAGACTTAAGTTGTCCTGCATCAGTTTGATTTGACGTACTTTCTTCTTTATCTTTTGATGTATTAGAAGGTACATTTGGTTCTGTTATGTCTGCTGAAGGCAATGTTTCAGTTGTTGATTCAACCATACTTTGATTTGTTGAATCTCTACCATCTTTTTCTGCCTTAGCTTTATTTTCAGATTTTGGTTGTGCAACCTTGCCATTAGTTGATTGAGATTCAGCACTATTATTTACTTCAGCATTTTGTTTTGAATCATTTACAGATGCATTATCTTTGCTATCAGCAGATGATGCTGCTTCTGTGCTCGCAGTAGTTGGAGCCGTTGCTGTTGATCCTGTTGGTGCATTCTCGTTTGTTGCTGTAGTTGTACTATTGTTATTTGTTGTGCTTTCTGCTGGCGTTGCATTATCAGTTTCTGTTACAGGTTTATCAGTTGTGCCGTTATTAGTTGATTCTACTTCTGGTTTACTAGTTACATCGTTATCCATTGTCGGACTGTTTGTTGATGCATCTACACTAGAATTGTTATTAGCTTGCGGTTTATCATTTGCATCATCAGTTGCTGATGTTGCTGTTGTTTCACCTGTTGCCGCATCACTATTATTTGGTGTTGTCGGAGAAGCGTCTGCTTTGCCATTATCTGTCGTCTCAGATACGTTAGGTTGTCCAGTATTTTCTGGTGTTGCATTAGCATTTGAATTTGCTGTTGCATCATTATTATCTATACCATTATTAGTATCATTAGCATCTGGATCATTCTGAGGCACAATCGCTTCAATTGCAGGTATCGTTACATTTTGTAATTCAGCAACTTCTGCATTTGTTTGTGTTTTATCTAATTTATCAGCAAATCTGTCAAAATATCTACCTAAATCCGTACGTGCAATTTCTTTCGCCGATGCATCTGCATCTGCATTTTTAATTATTTCTATTTGCTTGTTAACCACTTCTCTGATTGCTTCCAAAGCATTTTTCTTAACTTCAGGATTAATACGTTGTGCTTTAAGTTGTTCAAGCGCACTATTTTTGACAGTAGCGATTTCTGCATTTGTAGTTTGATCAGAAATATCTTCAGTTGCTTTTGATAAAATGTCTTCTAAAGCATTCGTAAACGCTTCTTTTTCTTCAGTTGTAGCATCAGCGTCGACATTTACACCTGCTTCAATCTGGTCTAGTGCAGTTTCTAATTCTTCGATAGCTTTTTGTTTTTCTGTTGAGTCGATTTGAATGTTATCAAATGCTTCAAGTCCTTGAGCTTTCGCTTTTTCAACTTCAGCAGTTGTTGTTGCATCAGTAATACCTTGTTTAGCTTGATCTGTAATTTGTTTAATCATTGCTAATGCTTCAGTTTTTTCTTCAGCAGTTAACTGGTCACTTTGATCAATAGATTCTTTCGTATCTTCTGCTTTAACTTCAATAGCTTGGTTCGCTTTAGGTTTAACAGTAGCATCTACTTGAATAGCATCAATTGCTGCTTTACCTTGTGTTAATGCATCATCAACGTCACCATTATCCACACCATTATTAATGCTTTCTAATGCAGTTTGAACATTTTGGTCAACTTGCTTAATTGCTTGTTGCTTTTCATCTTGTGTTGCATTAGTGTCAGCTGAAATATTATTTTTCTTCTGATCTGCATAAGCATATAAATCTGTTGTAGCTGATTCTTTTTTACCTGTTGGAATTGTGTAATCGTTAATATTATCTAAGTCATTATGAATTTGAACTTCAATGTCATCTTTAGAAGTAGCTTGATTAACATTTTGATCCGCAGTTTGTTTTAATTCAGCAAGTTTTTGTTTCGCTTCAGCAATTTCACTTGAAGTCGATGCGTTAGAGTTATCCGCTTCGTTTACTTTAGCATTATATGCATCTTCAATTTTAGCTAAAGCATCTTTTTTGTACTCACTAAATGTTTTAACTGCATTAATTTTAGCTTTTCCTTCTTTAACTGCATTATCAACATATTCATTTGTTGATGATTGATCGACATTTGTTTTCGCTTGATTTAATTCAGTATCAACTTCTTGTTTTGCATCATTAATTTCTTGTTGTGATGCATTTGGTGTTTGTTCTATTTGTGTTTTCTTATCAGCTGCAGCTTGATCTAATTCTTTTTTACCTGCTGGTTTCTTAACAGGATTTGCATGAAGTTGTTGAACTTTTTGTACTGCTGTATCTTTAGCAGTAGTTACATCACCTGTAGTAGTTGCTGCATTAATATTATTTAAACCTTCTTCATATGCTGCTCTAACTGGTCCAATATCGTTACCTTTTTCTTCATTAG
NZ_CP120033.1_gap43	2223255	2224574	1319	TTTCAAATCTTAACGATAATTCTATTACAATACAATCCCCTATTAGAATGATTTATGTAATAAAAAAAGCGGAGTTTCCCCCAGCTTTTCTAAACGACTACATAAAATATAAGATTGCAATTAAATGCAATAGTGATGCTATTACAATAAAAATATGCCAAATCATATGAAAATATGGTCTATTCTTTTGTGCATAAAACCATGCACCAATTGTATAAGACACACCACCTAAGAAAATGAATAATATGAATATCCATGATGTGCGAATAAAAATAATTGGTAACAAGATAATACCTACCCAGCCCATCACTAAATAGACAATTAAGCTTAACTTTTGGTTAACTTTGACAGCTATGGATTTATATAAAATCCCCCAAAGTGTCGTTCCCCATAATAAAATAAATACTGTCCAACCTATCCAACCACCTACAACTGTTAACAAAATAGGCGTATATGTACCAGAAATTGCTACGTAAATCATACTGTGATCGATAATCCTTAAAATATATTTATGAGGTGTTTCATTTTGCATAGAATGATAAATAGTAGATGAAATAAACATCATAAAGATAGAAATAACATAAATAGACATACTCACAGACGCAAGCGTACCATGTGCAATATAACTGTGCACAGCCGCATAGGGTAACACTAATAATGTTAACAAAGCTGCAACACCATGAGATGCCGCATTACCAATTTCTTCTCCAAATGATAAAGGGATGATATCCTTAAATGTTTCTACGATTGTGTCATTACTTTTTTTAGTTGATTTGGACATCATAGTCACCGCCTATCATTAAATTAAACCCATTCTACGTAAATCTTCTGTTGCAGTTGCAACACTATCTTTACCTTCTTTATTTTTAAGAGGTGAAAATTCTTCTTCTCTAGGAACTTGTAACGTGACAAAACTAGTTCCATAAGTAAATATGTCAAAATAGAACAATTCGAATTTTAAAGTTGGTTGTTCAATAACACCAAAGTTCTCATCTAATTGCTTCAAATTCTTAATAGCTAAATGATAAGGTAACTCACGATTTACAGCGTTTAAAATAAAACCAAGTTTAAATGCATGAATACCGATATTAGCATTGTTAAATTGATTCGCAACTTCTGGATCTAATTCTGAATACTCCAGTACTGTATCTTTACAATCGACATTAACTAAACGTCCAACACTTTCTCCTGGTTTTGGTTGAATCGTTTTAGAAGTAATATCGTAATCATGTTCTACCGTAAATCCTGCAAATAGTGGATCCAACACTCTTACTAAAACATTGTCGATATTATTCAAGAAAATATACTTAACGCCATTA
NZ_CP120033.1_gap44	2227331	2231287	3956	TTGAGAACAATAATCCACCCGTTTCATCTGAGTAAATAACCTTTGAACCAATTCGTAAAAATGTCATCCATGCAAAAACAACTGCTAATATTCGTAAAATTAACCAACCAATTCTAACGTTAAAAGCATTGTTCATTAGCCCGTCAGGTTTCAATTTATCTTTTAAAATAGTTGAACAAATCAGAGTTATGATACCCGATAAAGTAATTATCGTCACAATTAAAAATGGCATTACGCCACCTAATACATCTTTAAGCACGCCTGCTAAAAATGCCACGGGCAACGTTGTTTGCTTCTGTCCATCTTGTTCGACTGGAATTGGTACTAAAAATAATAAGATACCAATTAAAGACATCGTAATAAACTTAAGTCTCCCAATAACTATCTCTTTCCTTGAAAAGCTATCCATAAAATCAATCCATTTCTCTATGTATTCGTTTTAAGTATATACAGAATTCTATTCAGTTAACAAACATATTCCTTATCATTCTATCTTTCAAAATGTTTATGTATGCAAAATAATGAATAATTACAGTTATTAAATATACGCTATTTCTTGTAATTTTTCAAGATGAATTCAAAAAAGGTTAAGTACAATTACTGATTTCGTACTTAACCTTTTTTAAACTCTAATCATATGTTAGTTATTTCATTCTTCGTAATAATATTAAGAAGTATGGTGCACCGATAATTGCAATGATAACCCCAACAGGAATATCCAGTGGCGGATGAATGCCACGGGCTAAACCATCTCCAAATGTTAACAATATAGCACCAATTAACCCCGACATGATAATAACGTGTAATGTTTTATTTCCTATTAATTGTCTCGCAATATGAGGTGCAATTAATCCTAAAAAGCTAATACCACCGACAACTGAAATTGCGGATCCTGCTAATATTACTGCTAAAATTAACAATAGCATTTTAATAGTTTTAACTTTTAAACCGAGTGCGGTTGCAACAGCATCACCTAGATTCAATACATCTAATTGATAACTCAATAAAATGATGATTGGTATCGTTATTAAAAACCAAGGTAATATAGTATAAATATTCGACATATCATGTCCATATAGACTACCTGTCAACCAAACAAGCGCTTTGTTTGCTTCCAGTGGATTTCTGATTAATAAGAACTGCACAATCGCCGTACATATTGCGCCTATTGCTAAACCAATTAAGGCAAGCTTTGAACCTTTAACATCATATTTTGAAATTAAAAATGATAAAAATAAACTTACTGCAAAGGCACCTAAGAATGAACCTATAGGTAATACAAACAATGGTGCTGTTGGAAAGGTCATAATAATAATCACAGCAGCTAAACTGGCACCTTTAGAAATACCTATAACATCAGGTGAGGCTAACGGGTTTCTTATTACAGCTTGTATAATTGCACCTGAAATAGCCAAGCTACTACCGATAATAATACCAAGTAATGTTCTAGGTATACGATACTCATTTAAAATAAAATCATCTTGTGTAAAGATTCCCTTAATAGCATCAATCGGATGAATCATGACAGACCCTACACATAAACTTATGAATATACTCACAATTAAAAGGATTGTGATTAAACTATAACGACGTATAATTTTCGTTGTCATCATATTCTTTTCACCCCTTTAATCGTTATAAATAAGAAGTAAAGTGCACCTACGAATGATGTAACAATCCCTACTGGTGATTCATAAGGATATGTAATTAAACGACTTAATACATCTGATAGTAGTAACAAATCTGCACCTATAATAAATGTTAATGGAATCATGACTAAATAATTCTTACTCACATAGCGTTTGACTATATGCGGTACGATTAAGCCAACAAATCCAATTGGTCCTGCCACTGACACCGACATACCTGTAAGAATAATGACTAATAGTCCAATGATAATTCTAACTTTATTTATATTTTGACCCAATCCCTTAGCAATGTCATCGCCTAGTTCCATTATCGTTAGTTGACGTCCAATAAAAATCGTTACAATTAAAGCACCAATAATCCATGGTAGAATGGTTAAAATTTCATCCCACTTCATACTGGATAATGAACCGACAAGCCAAAACATCACTTGTTCGTTTGAATTCTCATTCAAAATAATAATACCTTCGGTCATACTACTAAAAAACAAATGGATGGCCATACCAGCCAATGCTAATTTAATGGGTGTCATACCTTTCGTAGCACCTGAAAGTGTATAAACAGTTAAACCACCTATAAATGCACCTATCACACCTAAATATAATGCATAATATTCTAATGCTGGAATGATAATCGTCACAAATACAATGAAAAACGATGCACCAGAACTGACACCAAAAATTTTAGGTGATGCTAGCGGATTGCGTGTCATTGCTTGCATTAACAAACCAGATACCGCTAATGCACCGCCAATAAATAACCCTGCAATCATCCTTGGCATACGTACATTATGCAATAAAAACGTTGCTTTCGTATCTGTATGACCAGTAACATAGTGAATGATATCGCTAAAATTAATTTTCGAAGAACCAATCGCCATATTTAAATATATACAAATAAAAAGAAAGCACAAACTCACTATATACGTGAGTGTTGTGCGTCTTTTTCTTTTATGATCTATGGCAGATTGGCTACTTATTTCTTTTATAGCCATTTACTTCCACCTTACTTTTGTTCTTTTTTTGATAATTCAACAAGTTCTTTAGCCATTTCTTCAGAAGAAATTAAGCCACGAGATCTTGCCCAAACATCACGGTCAACAATATCCACGCGATTATTTTTAACTGCATTCAACTTTTTCCATGTTGCATCTTCTTGTAACTTCTTGAATTCAGCAGAATCTTTTTTAGCATGATCTGTCATAATGATCATACGCTCTGGATTTAAATCAGCTAAATGTTCAGTGTCTAATTGTAAGTAAGGTCCTTTCAAATATTTACTTAAACCTTTTGTTACATCGTCACTTAATGCATTTTTAAATCCTAGTTCGTTTAAAAATTGTCCAACATATGAATAGTTTGGATGTGCTAATAAACCAGCTTTAGCAACTACTGCTGGAAGCACTTTTTGATTTCTATCAAATTTAATTTCATCTTTATACTTATTGATTAATTTATCATGCTCAGCAAGACGTTTTTCGCCTTCTTTTTCTTTATTTAAAGCTTTAGCAATTGTTTTGAACGAATTAATATTTTGTTTGTAGTCTCCATCAAAACTCTTTAATGATAATGTTGGTGCAATTTTGTTTAATTCTTTATTAATACCTTTATGTCTACTGCTATCAGCGATAATTAAATCCGGTTTTAATTTACTAATTTCTTCTAAGTTTGGCTGTTTACGTGTACCTACAGAAGTATAATCCCCAATTTTTTCTCTAACTGGTTTAATGATACGTTTTTTCTTACCATCATCAGCAATACCAACTGGTTTAACGTCTAATGCTGCTAATGCATCTGCAAATGAGTACTCTAATACAACGATACGTTTTGCATCTTTAGGTACTTTTACTGTACCATTTTCATCTTTTACCGAAATAGTATCTTTAGTTGATGATTCTTTTTTACTTGAATTATCCGTATTACCACAAGCTGCAACTAAAAGTAAGGCAACTATTAATCCCAATATACTAAAAGTTTTTAGACCTCTCATCGTTCCACTCCTTAATATGTATAACTTCATTTATTATTTTATTGATAACAATTATCATTGTCAAGTAGCGTTCAATCTTTTTTATATTTCTAAAATGTATGACTATATATTTCCTCTAATAATTATGACTACAATTAGCACATTTCCTTAGACAAAATACTGATAATGTATCATTGCTATATCATCTTTGCATTAATACAATTGACACCATTTAGCATGACCGTTATCCCTGTAATTCAGCTGATATTATCTGTTGCAATTTTATGTGACGAACTGTTGCACTTAATTTGATAAATCAACAAATACAAAAAATCTAAGTT
NZ_CP120033.1_gap45	2327239	2330479	3240	TTTCATACTTTTAAAAATATGTAGTGAATAATTATCTGTCATCTTACATCCTCACATATACAAATATATTGATTTACTCCTGTTTGTCTTTCTCAAATCAATTGTCAACATCTAATATTCACTACCAATTATATCGCCACATGTTTTTTAGCAGTAACAAAACATAAATCGATTATATCAAATAATACTTTTATTAAAACATTTTTTTATGCTAAATTAGGATATTTTATCCATTAAATATACATTTTCATCCAAATACCAAAGCTTTCATAATCATAGAAACTTGATCGTTCGTGTCGAATTTTTATGCATTTTCTGATTAAAAGTCCTATATTATGCACAAAATATACATTTAGAATTTTCAGTAATATTACAAATTTGTAACAGACTTATTTTCGAAACATTCAGTTTTCACAAAGAATGCCGTAGTTATAAGTTTTGCAAAATGCAAATTTCTATACTTTTAAAATTCTATTGTGTCAAGATATTAGCAAAAAATTACAAAACGTTAACAAAGCACACAAGGACGCTAATTTCTGTTATAGTCTTTCTTGTCGTTTAATTACGAGAGATAACTTATAACATTAATTTTGTCACACGGACATTACGAAAATATTTTAGATTTAAAATTTTTAGGAGGATATTTTTAAAATGAAGAAAATCGCTACAGCTACTATCGCAACTGCAGGATTCGCTACAATCGCAATTGCATCAGGAAATCAAGCTCATGCTTCTGAGCAAGATAACTACGGTTATAATCCAAACGACCCAACATCATATAGCTATACTTACACTATTGATGCACAAGGTAACTACCATTACACATGGAAAGGTAACTGGCATCCAAGTCAATTAAACCAAGATAATGGCTACTACAGCTATTACTACTACAATGGCTACAATAACTATAATTACAACAATTACAACAATGGTTATAGCTACAATAATTACAGCCGTTACAACAACTACTCAAATAATAATCAATCATATAACTATAATAGTTACAACACAAACAGCTACCGTACTGGTGGTTTAGGTGCAAGCTACAGCACTTCAAGCAACAATGTTCAAGTAACTACAACTATGGCTCCATCATCAAATGGCCGTTCAATCTCAAGTGGTTACACTTCTGGTCGTAACTTATACACTTCTGGTCAATGTACATACTACGTATTTGATCGTGTAGGTGGTAAAATCGGTTCAACTTGGGGCAATGCAAGTAACTGGGCTAACGCAGCTGCAAGAGCTGGTTACACAGTGAACAATACACCAAAAGCTGGTGCAATTATGCAAACAACTCAAGGTGCATACGGTCACGTTGCATACGTTGAAAGTGTTAACAGCAATGGTTCAGTAAGAGTTTCAGAAATGAACTATGGTTATGGCCCAGGTGTTGTAACTTCACGTACAATCTCAGCTAGCCAAGCTGCTGGTTATAACTTCATTCACTAATTAGTGATGACTAAGTTTTACGCCAATAAGGTTTCAAGAGCCTTGTTGGCTTTTTTAATTTCTATGAAAAAAATCGAATTGGTAAAAATCTCAAAATTTCGATTTTCACCAATCCGATTCACTCTGTAATAAAGAATAAACAACATACAGCCATTGACACACCCAAATTTAGGCATGTCAAATCGGCTATACATTGATAAATTTTTAGTTAAAGTACTTACAAATATACTTGCCTTCAAATTCTCAATTAATTTAGTCATTACAAATCATGACATAAAACTTACATTACATATATCAACATGTTCCGCTACAAAACATATTCAGTATATGTATAGAGGATATTTATTCTAAGTTAAAACCTTTTCAAATTATAACCGCTACAATTATAAATGATTAAAGTGTTTCAACATATTATATATATTCCACGCTCACATTAAGTTAAACGTGAATTCGATGACTTTTTAATACCTATCCCTGTAAAACCATAGATAATTGCTATAATTGCGCATAAATAACATGGTACTGTCCATATGAAAAATTCTTCAACAGAGACATGAAGTTGATTCGTATAGTAAATACCTGATGTTCCCCATGGTATTAAAGGTAAGACCATCGTACTTGAGTCTTCAAGTGTTCTTGATAAAACGGAACGAGAGACTTGGTATTTTTCGAACAAATCTTTCATTAACACACCGACCATAATAATTACAATCGAAGCAACACCTGCAGCGAATACAAGCGCAATACAACAAATAACAGTAATACATATTAAACTTCCTACAGAATGGATGCCTTTAGAAATAGTAGTTAATAAGACTTCTAAACATCCTGCTTTTTCTACAATACCTGCAAATGCATATCCGCAAAATATCGTTACTAATATTTGGGTCATACTCATCATACCACCCTGTTCTAACAAGCTTTTCACACTGGATGAAATATGAGACTGATGTATCATTGAGTCGTTAAAACCACTAAATGTTGCTTTGAAACCATCTGTCATTTTGAAATGATGATTAAAAGTCCCCACTATAATGGCAGAAAAGCTTGATATTAGCATAGCTGGCACTGTAGCCATTTTAAATAGCAAACAAACAATGATCACAATTAAGGGAACCCAGACCCATATGTTAATTTGATAAATCTGTGCAAGCTCTGATAACAAAGTTTGAATCTGTTTATCATTTGAATGCCCTTTAAATTGAAATCCAGCAATAAACCATACTAATAAACCTATGATTGATGCAGGTATCGTCGTCCACATCATCGAATGTATATGTTTAAATATATTAACTTTAGTAACAAGCGCCGCTAAATTAGTTGTATCTGATAATGGTGACATTTTATCGCCAAACACAGCCCATGCTATAATAGCACCCGCTGCCATCCCTGGAGGAATCCCCAATTGATTACCAATAGAAATAAGTGCAATCCCTGCAGTTGATGCAGAGCCCCATGCTGTACCAGTTGCTACAGATGTAACAGCACTTATAAAAAAGGCTGATATTAAAAAATAGCTTGGATTCAATAAATCTAAGCCATAATAAATCAAGGCTGGCACTGTGCCAGAAAACATCCAACTGCCTACTATAATTCCTACCGCTAGTATAATTAAAATTGCAGGCATTGCAGTATTTAAACGTTCTGCAATGCCTTTTTCTAAATCTTGCCATGTTAAGCCTACACGTTTTGCAATCCATGTGGCATATGCTGAGGCAATAATTAATAATACTTGAATTGGAATATCAAAAAACACAAAGCCTGTTACAACAACAATAACCATTACAA
NZ_CP120033.1_gap46	2331611	2332336	725	GACAATATAATTTAACATCGTGGCCTTTGCTCACCATATCTACTGCTGCCGTAACTGCGCCATTTCCTGATCCTACAATTGCTATTTTCATAAACAACCCTCTTTCTATCTTTGGTTAAAATTAAAAACAAATTATACGTAAGACAATATAAAAATGATGCGAATTCATTACGCATCATTATAAATGTTAAGTATATATAACCTTAAATTAACCTATTTAAACGCCGACGTCCACCAATTATTTTTATTTTTAATAATTGTTTAATAAACATGTTTATTTTTGATTATATTTTGTTATAGTTAAAGATAATATTACAATTTTCAAAGGAGTGTCTAATATGACAACTGAAATGAACGACGTAACAAATCATCAACCGAATCGCAAATCCAATGATGAGAACATTATGGCGATGCTTATCTATTTATTAAGTTTATTCACATCTATTATTGGTCCACTGATTATATGGTTATTGAAAAAAGATGAATCGAAACTAGTTGATCGTGCTGGAAAAAATTATCTTAACTATACGATTTCTTATATTATTTGGTCTATCGTTTTAGTCGTTATCACTTTAATAGGCGTTTTCCTAATTGCTACCGATATTAGTTTCATTATCATTATAGGTTTCATCATTACATTTATCGGTATTTTATCCATATTCGCTTTCTCAATATTATCTTTTGTATTCACAATTATTGCGTGTGTCAAATATTATAATGGCCAA
NZ_CP120033.1_gap47	2343463	2346425	2962	GAAGACTTCTTCATTTTATGCATAAAAAAATCGGCTAGTCACGTGCTAGCCGACAAATAGAAAGGAAAGTAAGTAATAAATATTGAAGATGTTGTGATGTAACTTGAACGATTAAAAGCTATCTGTTATATAGCTCTACCCCTTTGTTTAATCGCTCCCCCTGTTACAAGTAATATCATAGCACAATCTTTTTTAAAATGTAAGCGTTTTCCACAAAATTTTTCCGATTTTTTTAAAAAGATATTGAAAATGTCCTCATTGTCACTCTTATGTTATACTTTGTGTAATATATCATCTTTTAGGAGGTGGCTGTCATGAATAAAGCTGAAAGGCAAAATTTAATAATTACTGCAATTCAACAAAATAAAAAAATGACCGCTTTAGAATTAGCTAAATATTGCAACGTATCCAAACGCACAATTTTAAGAGATATTGATGATTTAGAAAATCAAGGTGTTAAAATTTATGCGCATTATGGGAAAAATGGTGGTTATCAAATACAACAAGCACAATCTAAAATTGCATTAAACTTATCTGAAACACAATTATCGGCCTTATTTTTAGTGCTTAATGAAAGTCAGTCGTACTCGACATTACCATATAAAAGCGAAATCAACGCAATTATAAAACAATGTTTAAGTCTTCCACAAACACGCTTAAGAAAATTGCTTAAACGCATGGACTTTTATATTAAATTTGATGACACACAACATATGACACTCCCAATGCTGTTTTCCGACATTTTAATTTATTGTACAGAACGAAATGTGATGTTAGTAGATCATAGGGTTGATGATAATATTAAAGCTGAAAACGTTATATTTATTGGCCTTTTGTGTAAACATGGACATTGGCATGCAGTCATTTATGACATTGCTCAAGACAAAACTGCCGAACTCGAAATTGAAAATATTATAGATATTTCGTATTCATTCGGTAAGACGATTCAAACCAGAGACATATCCATTGATAACTATCATCAATTTTTAAACCCCATCGATTCCTAAACTATGGAGTCGATGGGGTTTTATCTACGCATAAATACTTATTACTGATATAACGAAAGAAACAAAATTATTTGCTATATGTAATGCAATTGTTGAACCTAGGTTTCTTCCAGATTTTAAATAAGTGAAAACTAATATGATGGATAGTATGAGATATGGACCAAACTCAAACGGCGACTTTGCATCAGTCACATGAATAAATGCAAATAAGAACACCGAAACAATACTCATAGCTATAAAATTAAACTTCTTACCTAATTCTCCAATTAAAATATGTCTAAATACGATTTCTTCAACTATTGGACCTACAATCACAATTAATAAGAATGCTACAGGTAAAAATGCAGGCACTTCAAACATTTTATTTAGCTCAAGTTCATTGGCTGTTTCACTATATTGCAAATGTTTAGGTAGAAACTGTGTCATATATTCATATGTATAAATTAAGATGAGAGCAATAATATACGTTATTGACAATCTAAGCCAATATTTTTTGATATACGCAAAACCAGCTCGAAGCCTTGATGGCATCACTTTTAAATGAAATAAATAAAATGCGCCAATCCCAATCGTATATGCTAAAGCTTGTGTGATAGTCGCTACAAATATCAGATTACTATCGATTTCATAATAACCAAACAAAATTGGTCCTATGTAAGCTGCAATTGTGAGTGCATAAAATATAACACCTATAATTGGAATTATAAGCAAATCTCTCCATGCTATATCTTTAAACGTGTATTTCTTTTTTTCATTTTCCACTGTTATATCCTTTCCTGTTTAATAATTGATTTTTGGAGGTACTTCTACATGATAAACGAAACTAAGTATATGAGACAACAAATTACTAATTTGATTCAAATCATTGATACGATTAAATATAATACTTTAATGACAGATTGGAACATTCAAACGCATATTTATAAATTTAACCAAATAGTTACTAATGAATTGAATAAGTTCAAAGGCTTTGAAACATCATATATAATAAACGAAAATCAAGTTTCCTATTATGAAATTATAACACTACTTAATAAACGCCCCCTCCGACAAGTCGACTATGGTAACAAAATTCAATATCTTAATTTTTATCATACACAACTATCTAACGCATTATTTGCAATTAAATTTGCCCATTAACCTATTTTTCATAAAATGTCATTTAAACAAGTTATTTATTAAAATTCACTTTATTACATAAATTATACAATTAAAAAGTTTCTTCAAATTGTAAAGATGCATTAATCGAGTTATAATCATAATGATTAAGATGGTAGATTTAGTCTTATATAACTACATTTACTAAGATTTAAATAGATGAGTACATAATGTATAAATTGGGAATATACAGTATGACTTACGGTAATATATCAATATATTGATATATTATTTGCACATGGGAGTATGCTATTTTTTATCTATACATCTTAAAAATATTTACAGTTTTATAATTCAATATCATTAAACAAACAACATATTCAGCTTATTTTTCATTCTCTTACGTTACAAGTTGTAAATACCATCGCGTTAAACAACAATAGCCAACGCTAATAAAATATATTGCGTTAAAGTGGAGTGATTAATATGTCAAACGTACTAACAGAAATAGATAGTCAATATCCATATATGACTAAAAATGAAAAAAAGATAGCTAAATTTATACTAAATTCACCTCAAAAGGTGATTAAAATGAGGTCTCAAGACTTAGCAAGCTTATTAGATATTAGTACATCATCAGTCATTCGATTCAGCAAGAAAATTACTGATGGCGGTTTTCACGACTTGAAAATAAATATATCTAAATATGTTCCTAAAGCATCATCAATTTACAATGTTGAATTAATGAATAACGAAAGCACAGAATCTTTAAGAACTAAACTCCATACACGTACTACACGCGCACTTAATCATGCTAATAACGAATTAAATGATAAAACTATTGATCAAATATGTCA
NZ_CP120033.1_gap48	2402108	2406718	4610	ACTCCAAATCACAGTCAATACATTGAGTCTCAAGGTGTTAACGAAGATATTTGGCGTCATCTATCAAAAATTTGGTATACAGACCGACAATTATTAATTAATAATTTAATTTCCCAGGCAATACCAGTGATTAAATATCCACAAATACAACATAAAGAACAACCATTAGAATCTATTTCACAACTTATATTGTCTAAGATGACATCTAATCAATAGTGTTTAAATTTCTCAGTGGCTGTGAATGAGGTTTAAAAGTGCTATAAAACGTAAACTTTTATACTTTAAAATACGCAAAAAACGGTAAACCCTAATTCATATTATAGAGTTTACCGTTTTATTTTTTTAACTTGCATCATAGTTATATTAACATTATTGTTGGTAGTTTGGATCAGTAACCATTGCTTGTCCAGTATAATCAACCGTTACAATTGAATATTTTCCATTTGCATTTGGGTCTTTAAAACTAAACACATACTTATAGTTGCCATTATGTTCTTCAATAGAATAATCATTATACACTTTATTATTACTACCAAATTTATTTGCTTCATTATTAGCCGCATTTAAAGCTGTTTGGAAATTTGGCAATTGCTGTAAAGCTTGAGTTTTATTTCCATTAAACGGATAAATTTGACGTGCAACCGGTGCGGCATTTTGTCCATAATATGGTGCAACGTAACTTGATTTTTGATTATTATTCGCATGATTATTACTTGATTGGTTATTATTTGTTTGGTTTTGGTCATTGTTTGTTGCATTTGAATTAGATTGTTGCTGGTTATCGTTTGCACTATTATCTTTATTATCTTTGTTTACGTCTTTACTATCATCTTTATTATCTTTCTTATCTTTAGATGAATCATTTGTTTTTTTATCTTGTTGTTCAGTTTTCGCTTTATCATCTTTTTCTTTATTACCGTCTTTTTGTTGGTCACTATCTTGACCACATGCAGCTAAAAATAATGATAATGCTAGTAACCCTGTAACTAATCTTTTCATACATATCTCCTCCTATAATTCGATATTCATTGAATAATCTTGAAATACATATCTACCATGTGTATCTTTTCATGGCTTGTTACCAAAGACGTCAACATTAATATGATCTGAATTATCACAATATCCATAACTACAATCTAAGGTTCTTTTTATTATACCCTAATTTTTGTTCATTATTATTTAATTTTTGTGAATTTTATGTTTTCTATAAATTTAATTATTTTACTTTAACACTTCATTACGCATTTAGCATTTCAAGGCATACACAATATTTATTACTATGATTTCATTTTATCTGCTGCAAAAACAATCATTATAACTCTTTTTCCATAATTAAATCTGTATCCGTTACATCACCTGTTTGAAAATGATGTTCACCAACCACTTTAAATCCATGACGTTTATAAAATGCTTGAGCACGAGGATTATGCTCCCAAACTCCTAGCCAAATTTTATGTTTATTATGTTCTTGAGCAATTTTTTCGGCCAATTCTATCAATTGTGAACCTCTTCCGCCACCTTGAAAGTCTTTCAAAAAATATATGCGCTGCACTTCTAAATAGGTCTCCCCCATTTCTTCAGTTTGAGCACTATTAATATTCATCTTTATATAACCAACATTCGCACCATCTTCTTGATAAAAATAATGAAATGAATCTACATGGTTAATCTCTTGTGTAAATTTTTCTACAGTATAATTGTCTTTAAAAAATTGATCAAAATCTTTGTCATCATAGTAAGAACCAAACGTGTCATAAAATGTTCTAGTTGCTAATTCAACTAATTCACTAGCATTTTGTTCTGAAATTTCTTTGATTATCCCAGCCATATAAATCCTCCAATAAACAGTGATCGAATCAAAATATTACTTATGTTATTTTTCAGCCAAAACTATTTAAAAATACATTAACACAAATCAATTACAAATTGTATTGATTGTGTGTAACATCAATAAATGATACATTTATTCCAGTAAAACGGCCGTATTTTCAAAAGAGAAAAAGAGAGGATGTATCGTTGTGATAGAAACATTTAAAGCGTTTGTAATTGATAAAGATGAGAGCGGTAAAGTGACACCAACTTTCAAACAATTATCGCCTACTGATTTACCTAAAGGAGATGTGCTGATTAAAGTACATTACTCTGGTATAAATTATAAAGATGCTTTAGCGACTCAAGATCATAATGCAGTCGTAAAATCGTATCCTATGATTCCAGGAATAGATTTAGCTGGAACAATTGTTGAATCCGAAGCACCAGGCTTTGAAAAAGGAGAACAAGTAATTGTAACGAGTTATGACCTAGGCGTTAGCCATTATGGCGGTTTTAGTGAATATGCGCGTGTAAAATCAGAATGGATTATCAAGCTTCCTGATACTTTAACATTAGAAGAATCAATGATATATGGCACAGCTGGTTATACTGCCGGTTTAGCAATTGAAAGACTTGAAAAAGTTGGAATGAATATTGAAGATGGTCCTGTACTCGTTCGCGGTGCTTCAGGTGGTGTCGGTACTTTAGCAGTACTCATGCTTAATGAACTTGGTTATAAAGTTATCGCAAGTACAGGTAAACAAGATGTTAGCGATCAATTACTTGAACTTGGTGCCAAAGAAGTTATCGATCGACTTCCTGTTGAAGATGATCATAAAAAGCCACTCGCATCATCAACTTGGCAAGCTTGTGTAGACCCTGTTGGTGGCGAAGGTATTAATTATGTTACAAAGCGTTTAAATCATAGTGGGTCAATTGCAGTTATTGGTATGACTGCCGGTAATACTTATACTAATTCTGTATTCCCTCACATTTTAAGAGGTGTAAACATTTTAGGAATTGACTCGGTATTTACTGCTATGAAATTAAGACAGCGCGTTTGGCGTCGTCTCGCAAAAGATTTAATGCCTGAAAATTTACATGAGATCAAGCAAGTTATTACATTTGATGAACTTCCAGAACAACTTAACAAAGTAATTAAACATGAAAATAAAGGGCGCATTGTTATCGATTTCGGTGTAGATAAATAGTATTCATGAAAAAGACATCCCGTTATGCGAGATGTCTTTTTTAATTTAGTATTGGATATACATACCGCCTGAATCTGGTTCGGTAGGTATAAATCCAAATTTTGTATATAATTTATCCGCTGGGTAGTCTGCAATCAGACTAACGTATGTACTCTCAACAGCCACACCTTTAATATATTGCATAATATGCTCCATAATTAGACTGCCGTAACCTTGACCTTGGTAACTTTTCAAAACTGCAATATCAACAATTTGAAAAACAGTTCCGCCATCGCCAATCACTCTACCCATACCAATTAACCGATCTTTATCATACAAGGTTACTGTAAATAAGGCATTAGGTAATCCTTTTTCAGCTGCTTCGCGCATCTTTGGACTCATACCTGCGTTAATCCTTAATGCGCAATAATCCTCGCAAGTCGGAATATCATATGTCACTTTAACCATTATTTACCCCACTTTTCATCACACAATATATCAACCTAGTATAAATGTTTATTTACAATAGTCTTATTCGCTTCTTTAAACACTTCATGATGACTTGAAACATAACCCTCTGCATTCGCATCTGGTTGGATATATGTTTTAGCAAGGTTCGCTGCATTTGCACCATCACTAAATGCACTTGCAATTAGATGTGATTTTGCATCATGATAAACAATATCTCCACACGCATAGATACCAGGTATACTAGTTGTCGTATTACCAAATCCTTTAACACGACAATCATCATGCATATCTAGCTTTGAAGATGTTTCACTCAATAATGTATTACAACGATCAAACCCATGACTAATAATGACATCGTCAAATTTAACTGTATGCGTATCGCCACTTTCAACATGTTCCAAAACAACTTCACTTATATGCGTTTCATCATCATTGCCGACCAAGTATTTAATACGTGTTTTTGGGCATAGTTTCACATTTAAATCTGTCACCAACGTTTTCATCGCTTCATGACCACTTACATCTTCTTTTCGATAAACAACTGTCACGCTTTTAGCAATCTTGGCAATATCATGCGCCCAATCCAATGCTGTATTTCCTCCACCTGATATTAATACATCTTTATCTTTGAAACGTCTGTAACTTTGTACAACATAATGTAAATTAGTTAATTGATATCTCTCTACACCTTTAACATCTAATTGTTTTGGATTAATAATACCCGCACCAATTGCAATGATAACTGCTTTCGATGTATATATTTCTCCCGCTTCTGTTTCAACTTCGAAATGACGTTCTGCCTTTTTCCTAATATCTACCACACGTTCATTCAAATGAACTTCCGGTTTAAAATATAATCCTTGCTTAATTGTATCTTTTAAAATTTCATGACAAGGTTTTGGCGCAATGCCGCCAATATCCCAAATAATTTTTTCAGGGTAAATTCTCATCTTACCCCCTAATTCAGATTGAACATCTATCAATCTTACAGACATATCTCGCAATCCAGCATAAAAGCTTGCATACAAACCAGACGGACCGCCACCAATGATTGTAACGTCTTTCATTATGTGCCTCCTATGACTCTCTATATTCATTTCTTTCATTAACGCGCTCAAATTGATAATTATTATCATT
NZ_CP120033.1_gap49	2446154	2449902	3748	TTATAACATTTAAGAAACGTCTTAATTCTTCTGTTTTCGGACGATTGAACATCTCTTCTGGAGCCCCTTGTTCTCCGATTATGCCTTCATGAATAAATACAATGTTATTAGATACTTCTTTAGCAAAACGCATTTCATGTGTCACAATGACCATTGTCATGCCTTCATTAGCCAAATCTTTAATAACCTTTAAAACATCATTCACAAGTTCAGGATCAAGTGCAGATGTTGGTTCATCAAACAACATCACTTTAGGGTTCATTGCTAGTGCTCTTGCAATAGCAACACGTTGTTGTTGACCACCTGATAATGCATGTGGACGTTGATCTTTGACATGTGTTAAACCAACTTTCTCAAGTAACTCAAGTGATTTCCCACGTGCCTCATCCTTTTTCAACTTTTTAACTGTGATAAGACCTTCCATTACATTTTCTAATGCCGTCTTATGCGGAAAAAGATTATAACTTTGAAATACCATACCAGACTGTTTACGAACTTCTATTTGTGATTTTTTATCTTTAGATGTATATGTTTTGCCGTTAACATAAACTGTACCTTCAGTTGGAATTTCTAATGCATTAATCATACGTAACAATGTTGTTTTGCCTGAACCAGATCGACCGATTAAGGTTACAACCTCACCTTGTTCAACAGATAAATCAATACCTTTGATGACTTCAACATCATTAAATGATTTATGGATATTGTTCAATTGAATCATGAGCGATACCCTCTTTCAATATAAGATTCATAGATACCTTGGATAATTGAAATAATAAAGCATACCACCCAGTACATTAGCGCAACTAACACATAAATTGTTAAATATTCATATGTTGTAGACGCAACTTCTTGAGCTTTTCTAAACATTTCAGCCACTAAAATAAATCCTAATAATGATGTATCTTTGATTAAACTTAAAAATGTATTACCTAGTGCAGGAATCGACACTCGAATTGCCTGCGGTAAAATGATACGTTGTATCGTTTGACCATACGTCATACCGATGGAATATGCAGCTTCTGTTTGTCCTTTCGGTATAGAAATAATACCGCCACGAATAATTTCCGAAGCATACGCACCTACATTTAATGATAAACCAATAATAGCAGCCACTACAGGTGCCAATGTCCATTGGTTGTCAGCGTCATTTGTTAATAATCTACCTAATTCTGGAATACCATAAAATATGATAAATAGTTGTACTATCATTGGTGTTCCTCGAATAATAGATACATAGACACGTGAAATACTTCTTAAAATTTTACTCGTTGAAATTCGCATTAATGCTGTAAATAATGCAATAATCAATCCTAAAACAAATGTAACTAATGTAATAGGAATTGAATATTTGACCAAACCTTCTAGCATAGGTCCGAAAGCTTGTTTTGCAGCATCTAGCGCATGTTGTTGTTCGCTATTTAGATTTAGAAACATCTTGACCAAACCATTTCTTACCTATTTTAGCTAATTCACCGTTTTCCTCGATTTTTTTCAAGCCATCATTGAATTTTTGAACTGTTTCATCATCTGCTTTTTTAGAAAATGCAAATGCAGATCTACTTTGTTCAGCATTACCTTTGATTGCTTTGATCTTAGCATTAGGTTTTTGTTTTTTATAATCCAAGTATGACAGACTATCATTAAATGTACCATCAACACGCTTAGACAATAATAAATCCATTGATTGGTTAAAGCCATCAACTTTTGTAATATCAGCACCTTTATCCTTAGCTAATTTACCATAATTAGATGTGAATGTTTGTGCTAACTTCTTACCTTTAACATCATCAAAATCTTTAATATCTTTTTCATTTTCACGAATAACTAAAACAGCACTTGAGAATGTGTAAGGCTTAGAAAATTTATATTTCTTTTCTCTATCAGGATTAATACCTACTTGGTTCGCGATTACATCAAAACGCCCTGCGTCTAAACCTGCAAACATAGAATCCCAAGAAGTTTCATTAAATTTAAGTTTTAAACCTTCTTCTTTAGCCACTGCTTTAATAACATCAATATCGTAACCAGTTAATTTACCATCTTTATCGTGGAAACTAAATGGTGCATAAGTCCCCTCAGTCCCAACATTAATTGTCTTGCTATCTTTACTAGCTTCCTTGTCTTTCGACGAATTGTTTCCGCATGCAGCCAATATGAAAACGAAAGCTATCATCACAAATAAAAGTCTTTTCATAGAATATATCTCCTTATTCTTATTATTCTAATCGGAATAAAAATATTTTAATCTGAAATGCCGGATAAGTCAATATGTTGAACTTTTGCTAAAAAGCTTTATATAGCTAGCAACTTATATTTATTGACGAGAATCAACTTCTTTTTTCTTACCTTGTAACATAAATGAACAAAAGAAACTAACAACTGTAATCAATAATGCAAATAAAAATCCAGCGTGATAACCATGCAACATCGTATCAACTTTAATTTGATTCATCATATCAATTTTGTTCATGCCATTATAGTCTGACATAGTTGGAGAAAAGTTTTTGCTTGCATGGGATAAAATAGTAATTAATGCAGCTGTTCCGATAGAACCAGCAATTTGTTGTACTGTGTTTGTCATAGATGAACCATGTGCATTCATTTCTGGCTTTAATTGATTCATCGTATGGGTCATTACTGGAATTAATCCTAACGCGATACCAACCATTCGAATCGCATAAACTGTTGCCAACATGATTGTTGATGTTTGTTCATCCATTACAACAAAATAAGCCGTAGTAATAACAACAATCGCCATACCGACTAAAGCCAATTTTCTTGGACCAAACTTTTCATATAAAGCACCCGAAGTCATCGACATAAATGCCATAACAATTGCTCCTGGTAATAAAGTTAACCCAGAATCTAAAGCTGAACGATGCAATAAATTTTGCACAAAGATAGGTAAAATCGTTTCCGAACCAATCATCGATACCATTGTGACACCCATAATAATGATACCAACTGTAAATTGTTTATTTTTAAATACAGCAAAATTTAATAATGGTGTTGATAGCCGATATTGACGTAATACAAATAATGCGACTAAAACAACGCCTCCAATCATAGATACTAATACGATAGGATTATCAAAACCTTTTTCTGAAATTGAACTCGTTCCATACAATAACCCGCCGAAACCTAGTACAGAAAAAATGACAGAAATAAAATCAATAGGTACTTTAATTGTAGTTCCAACATTTTTTATCGTTTTAAATCCAATTAAAAATGTCACAGCTGCAATTGGAGCGACAACATGGAAAAGCGATCTCCAGTTAAAATATTCAACAAGGTAACCTGAAAGAGTAGGTCCAATAGCTGGTGCTAAACCAATTACCAAACCAAATACCCCCATATATTTACCGCGTTCATGCGGTTGGAAAACATCCAAAATCGTTGTCATCATCAATGGCATCATAATACCTGCGCCTAACGCCTGAATAATTCTAGCAACTAATAATGTTGCAAAGTGCGGACTCAAGCCGCCGAGTAATGTACCTAAGAAAAAGATAGAAATACCTACTAAAAACACTTGTCTTGTTGTATAACGTTGTATAACAAGCGCGGACAAAGGAATAACAATCCCATTAGTCAATAAAAAAGCTGTTGTCAGCCATTGAACTTGTGTATATGAAATTTCAAAATCTTTCATAATACTTGGTAAAGCCGTCACTAATAGTGTTTCATTTAATAATCCAAAAAATCCACCCATCAGCATAGTAATAATCATCGTTAATTTTTGTTT
NZ_CP120033.1_gap50	2457814	2461746	3932	TTATAAAAATGTTGGCTGGGGAGTTGAAGCACATAAAATTATGAATAATGGTTGGGGACCTTATGGACGAGATAGCTTCCACCCAACATATGGTAATGAACTCTTCTTAGCTGGCAGACAAAGCAGTGCATACGCTGGCCAAAACTTCATAGCGCAACACCAAATGCCATTATTATCTAGAAGTAACTTCAATCCAGAATTTTTAAGCGTACTATCACACAGACAAGATGGCGCTAAAAAATCTAAAATTACAGTAACTTATCAACGTGAAATGGATTTATACCAAATTCGTTGGAATGGCTTCTACTGGGCAGGCGCAAATTATAAAAACTTTAAAACTAGAACATTTAAATCAACATATGAAATTGATTGGGAAAATCACAAAGTGAAATTGTTAGATACAAAAGAAACTGAAAACAATAAATAGCTAGTAAAACACGGTCGCCAACAGTAATTGTGACGACCGTGTTTTGATTTATTATCTTAGTAAGACTGCCATTCTTTTTCTCAATGTGAGATATAAAGGAATAGCTACAATTAAAGTGAATATTACGCCTGGAATCGCGTTTAACAACACTACCCACACTGGTAAATTTAAAATAATAGATAATAGTAGCCTAGATACCAAACTGCCTAATACACTTGCTAAAACTAATGATAGTACATTTATTTTCAATAAATAAACAACTGCAATAGCTATAACTCTAAATATAATAGAAATAATCACATTAATTGGATTAAATACGCCAAATATCAGCAATAATAAGCTTGATAAAAGCCCACCTAAAAAGTACTTTTTAATTCCAAAGAAAGCTAATATTAATAATGCTGCCGGTGCAGATAATTGAAAATCTAATCCTGGTATAATGGACGGTATTTTCAAAACTGCCAAAATGGTTAAAATCGCAGCAATGACACTAATTTGAGTAATATCTTTTGATGTCATACTAAAACCCCTATACCGTTTCATAAACAACTTGCTTCGGTGTGCTTTCTAAAAATGATATGTAATGATTTAAATCAATACGATTGTCCACAAATATTATTCTGCCTCCATATCTCGTATTAACTGGTTTAATATCAAACAATCGATGGTAACCAATTTTAGCAGAGGCAAAATAACCTGTCGTATACGTTAAGTCATCGGACACGCAAAGTTCTCCTTTGACATACGGATGCGCATTGATACAACTAGCAATTGCTAAGGCATCAGTCACTCTTTCATTAAGATCACCTTTATTATTTATATCTTCAAACGAAAAATGTGTTGCCCTAATCCCCCTTTGTCCAAATGAATCTAAACGTTTACCAGATATAGCAGATAGAATAATAGCTCCTGTATAAACCGTTTCATTTTTAATATATGTCATCCCTTGATTTAGCGCTTGTTCAGTGACACCACATTCTTGTGTTAAATGTTGGAGATTTGCTTTATCATCCTCAATAATTTGTAATGCTTTTATTTGTTGAATCGGTTCCATGATTTTTTGTATTTTTATATTGAGAAAATCCGGTTGCCCATTTTCATGAAAAAAACCTTTATTATAAAACCTTTGTACCGTCTGTTCTATTTTGTCAAACTCACAAATCGTTTCAGCACCACTAATATGAACATCTTGATTGCTAGAACGCATTTTTATACTATACATGACGATCACCTCAATCTTCTTGATGCAAAATTTCAAACAACCTATCTATATCTTGTTCAGTATGAAAATACGACAATGATATTCTTAACATTGGCATAGTCACAGTTGGATACCTTAAATAACTTGTAAACACATGATGCTTTAATAATGTTTGATGAATGTTCTCAGCCGCTTCTATGTCATCAAACTCAATAAACTTAATCGGCGAGTTTGAACTATTATAATTAACATTGAGTGCTTTTAACTTTTGGTTAAAATATTTACTCAAACTATTTAATTTAGTGCGTCTATCATCAGCATTTATTAACTTTTCAATGTTTCTTTTTATAAAATACAAATTATAAATTGGCAAACTACTTGAGTAGATGAGTGGTCTACCGTGATTAATTAACATATCCTTCACATCATTTGAACTTAAAATCACACCCCCGTATGCACCACATGCTTTAGATAAACTAGAAGTGAGTATATCTACACCTTGATAATTCGAGTAATTCTCTATTCCAAAACTATGTGAAACATCGAGTATCAGTGTTGCGTTATATTTATGCTTTAATGAGACTAATTGACCAATATCCACAACGTCGCCATTCGTTGAAAATACACTATCAGATATGATTATTTTTGGTATATTTTGATTAGGGTATTTCTCTAACCTTTTTTCTAAATCAGCAATATCTAAATGCTTATATATCACTTTTTCTAAACCACTTAACTTAATACCGTCAATAATACTCGCATGATTTTCTTGATCTGAAAACACGACATAATTTGTATTTTTGAAAATATTAAATAACGTCAAATTAGCATCATAACCACTATTTAAGATAGTACATGCACTATATCCGAGCCAACCTGCTAACATTGTTTCAATTTCTTCATAAGCTGTCGAACTTCCACTAATTAATCTTGAACTTGATAAGTGATAACTATACTTCCGCATAAATCTTTCGAAATCATCCTTATCAAACGCTATTTGACCTAATCCTAAATAATCATTAGATGTATAGTTCGTACATCTCTTATTTTCTACTTCAATATACTGTCTATCTATATACCCTACCGATTTAAGCGACCGATATAACCCTTTCTGTTGTAATAAATCAATTTGCTCTTGAAACATCATTCTTGTTTTCCTTATTTTCACAAGTGTCATAATCAATTTCAAAGCCCAAATCATTAATCATATCGTAGTCTAATTGGTTCGGTTGCCCACCAGTAATTAGATAATCACCGACAAATATTGAATTCGCCGCTTTTAATGCTAATGGCTGTAACGAACGTAAGTTGACCTCTCTTCCTCCAGCAATACGAATTTCTTTCGTAGGATTGATTAATCGGAATAATGCTACGATTCTTAAACATTTCATTGGTGTTAAATCATCCATGCTTCCAAACTTTGTGCCTTTGATTGGATGCAAAAAATTAATTGGAATACTGTCGGCATCCATTTCTTTCAAAGCAAATGCCATATCAACAATATCTTGATTAGATTCTCCCATACCACAAATCACGCCAGAACATGGTGATATGTTATTCGCTTTCATTAGTTCTATCGTATCTGTTCGATCTTTATAACTATGCGTTGTCACGACGTTATCATGGTAATTTTCACTTGTATTAATATTGTGGTTATATCTGTCTACACCAGCTGACTTAAGTTTCTTAGCTTGTTCGTCATTCGTTAATCCTAAACATGCACAGATTTTTAGTTGCGGGTGTTGAGATTTAATCGTTCTTACAGTGTTACTAATATGATCAACTTCTTTATCGCTCGGTCCTCTACCACTCATAACAATACAATATGTTCCAATATGATTATCATGTGCCACCTTTGCTCCATCGATAATTTGTTCCTCTGGAATTAAAGCATATCGCTGTTTTTGTTTAATATCTCGTGATTGTCCACAGTACCCACAATTCTCAGGACATATACCACTTTTAGCATTTAAAATCATGTTTAATTTTACTTTTTTACCAAAATAATGTTTTCTTAAAATGTACGCCTCATTTAATAAATCTAAGGTATCAATATTAGTATCCTCATAAATTTTCAATACAGTCTCTTTTGTTAATTGTTCCCCTTGTAATATGCGTTTAGCCAAATTCATATTAACACTTCCTATCTAAAATGTTATGTACTGCCTTTTTAAAAATACGTACCATCGTTTTCACTTCTTTATTTGACATACTTAACACTGGCACAAATGTAATGACATTTTCTAAATTTCTAATCATTAGCCCGTTTTCTTTACATTTACGTACAATACGTTCAACTTTTTC
NZ_CP120033.1_gap51	2512464	2516391	3927	GATGTACTGTAAAATCTTTGCATGCGTCATTACGTTGATAATTATTAAAAACCCCAATTGATGCTGTACCAGAACCACAGCTATTTTCCCAAATTAAACTTTGAATTTCTGGTATATAGATTAATGGCTGTAAAAATTGACGTTGTTCATCAAAAAGCATCATACCTACTGTTTTATATTTGTGACTCCATTGTTGCTCACGCACAAATGCTTCAACCAAATGTTGAATTTCAGTTGTTACTTGTTTAACTGGAATCACATAATGTACATATGTTTCATAAATAATTTCTAATGCTTTCCATGAATGATTACCCATATTAATTGTTGTTGGCACAACACGATGGGCTTGTGGCATTTGAACTTCATAGTATTGGCAATCATGAATTGCACATTGCACTAAATCCGAACAGCCAGACACCTTCACCTTAAACTGTTGGTCTTTAAGCAAATGACTTTCTTGCAAATGATGTATATATGACATCGTCGCATTACCGCAAAATTCATTACCGCTCATAACTAGATGGAAATCATTGCCATCATCATTTTGTGTTGATTCTATAAAGCCTACCTGTTCACAACATACATGTGTTGCGGCCATCAACTGATTGGCGATAGATGCATATTCACTAGCATCATGTTTTGAATGAACAAGTATCGTCATATTCCCCGAAGGATTATACTTAGAAAATTCTATAACCTGCCGATTCATACGACACTCCTTTAGATGTATTTTTAGAGCCTCTGTAATTTTAATTACTATAGGCTCTTATGCAGTTGGTGCGAAGCAAGCAACTGTATTCCTCTTAACCTGTAATTTTTTAGAAGATGAACCTAATAGCTCTATCTAGTAGGTAAGTCATGCTAATTCGCAAAAGCGAAAACCATGGCTCTTATGCAGTTGGTGCGAAGCAAGCAACTGTATTCCTCTTAACCTGTAATTTTTAATAGAAGATGAACCTAATAGTTTCCCATCTATTAGGTAAGTCATGCTAACCCGCAAAGTGGAAAGCATGACTTAGTAATCGGTTGTTGTATCAACATGCAACCGTAAACCTTATTTAAAGTTGCTTCTTGTGGCTCTACAAGCGAATGCAGTTGTCCGTTAACTACATTCACTTAGATGCTTTTACTGTTTTCACCTCAACTAAAACTTCAAAAAAGTTGCAGAAAACAAATCGTAACTATTACGATTTGATTATATACTATATTAGTTGAGAATCATTGTCAATAAAGGTTGTAAATGAATGCACATTTATATTTTGATAATCTTTCCATAAACATCGTATTCTCAGCACATTCAAGTCTTTTGAAAATTTTTATCAATAATTGAGTAGAAGTTTCGTTCTCGTCAGTTCAAAATTTTACGTAAGTTGTCTCTGCGTATTGCTTTAGTGAGAATAACCCACACTTGTGGAAACGTCCTTTTGTTAATCTACAATGGATACCCTTGTCTTTCGCTAACATTTCCTATTACCAATCCTGTAACGGATTTTCATCGTCAAGTTGTTGCCCATACAATACGCACCAAAAAAAGCTTTGTACAATTTCGTACAAAGCTTTAAAAATTTAAATAAAAATATCATTGTTTTAATGAACTAGCCATATCAGATTTTATTTCGTTTGCTAATACTTGTAATTCAGGGAAATAATTATTAGCAAAGCCAATTATTATTTTATTTTTTACAAACGTGTTAATCTCTCGATCTTCTGGAATCGTATTTTCTATTAAATTCAAAAGCTCACTATGACTTATGTTCTCTATACTTACTGTATTTAAATATTTTAAAATCGCAAGATACAATTCATCAAATACTTCATGGTCAAAATCAAAGTCCAATAATAGTAAACTAACGGAATTAGTTTCTAACTGATTATCTCCAATTTTATCTGCAATCTCTCTTATAGCTTGATATAGCAATCTAAAACTTTCTTTTTCTTTTAACATAAAATTCTCCTTAATTTATTAGAATAGACAAAATACAGCTTATTTTAAAGATACTCCAAAAGTTTGAACTCGAGATTCTGATAAATTAGATGCACGACCTACAATACGTTAAAACTAGCCTTAAGCAATACACTTCAAATGAACAATATGTGATTTTCAAAGATTAATTAATCTCCGCTTTATATGTCTTTCATTGCGACAATATGCATACATTGCACACTTCATGCCAAATTATTTTCCACTGGATTTCGATTTTAAAACAATTATTCCAATGTCCGCTTCCACGAATCATCACTCAACATCTCGCCAGGCCATGTGTAAGCCATAACACCACCGTCAATGCGAATTGTTTCACCAGTAATAAATGAACTCTCATCAGATGCTAAAAAGACAACGAGCTTGCCTACTTCTTCTGGTTTACCTAAACGTCCCAGCGGTGTCATCCATTTCTGATTTTCTCTAAATGCTTTGCCTTCCTTATCTTCGCTAGTACCTGTCAGTTTATCTACTAACGGGGGTTCAATCGTACCTGGTGCAATCGCATTAGCTCGAATGCCATCTCTACCATATTCGATTGCAATGGATTTCGTAAAATTAATCACTGCCCCTTTCGCAGCATTATATCCTGAGCGATACAAATCTGCTACCTGTCCTGAAAATGAAGATGTGTTAACAATAGAGCCACCTTTAGTCATCATTAAAGGTAACATCATTTTCGTCATTAAAAATGTCCCACGCATATCTACATTCATAATCTTGTCATATACATCTGTTGGATACTCATGAATTCTACCAGCCGCATTATCCACACCGGCATTATTAAATAACACATCAACATGCCCAATCTGTTCCTTTATGTCAGATACAAAGTCTACCACTTGTTGTTCGCTTGCAATATCCACAATATAAGCCTTTGCTTTGTCACCATTACTTTTAATTTTATCGACAGTCTCCGATACCGCTTCAGCTATGTCTACCGCCAATACATACGCACCTTCTTGAGCTAAAGCGATTGCAGAAGCTTGTCCGATACCTGTACTTGCTCCTGTTACGACTGCAACTTTATTTTCCAAACGTTTCATTCAGTCACTCCTATACAACATATCTTAAACTTACAGTCCTTATTTTCCACTGTTCAATGCTTCATAAACCTAATAGATAAGTCTCCAGGCAGTCTTAACTACTCTATGCTATACAATTTCTATTGAATAACTCAAAATATTTAACAATATTAGATTTTTCATTTTCTGAAAATTGTTACTTTTGAGAGTATTTTTTGTTACACTTTAAATATTTAACAAAAGGGGGAATCATTGATGACATCAAAACATCAACAAAAGGGGTCTATCGTCAATCGTTTCTTGAATAGTGTTGAAAGAATTGGAAATAAATTGCCAGATCCTAGCGTCTTATTCTTTTTAATGTGTGTGGGCTTAGCCATTATGACGTGGGTTATCTCATTATTTAAAGTATCTGTTAAGCATCCAGGTACGCATCAAACCATTTATATTAAAAATATAATTAGCCATGATGGATTTACGATGATAATGAATGATACGATTAAAAATTTCTCAGAGTTCCCAGCATTAGGCTTAGTACTAGCAGTGATGATTGGTATTGGTGTTGCAGAGAAAACAGGATACTTCGACAAGTTAATGATTTCTGTTGTGAATCGCGCACCACGATTTTTAATTTTACCGACTATTATATTAATTGGTATTTTAGGTAGTACAGCCGGCGATGCTGCGACAATTATCTTGCCGCCGCTTGCAGCAATGCTTTTTATTAAAATTGGCTATCACCCTATCGCTGGACTAACGATGGCATATGCTTCTGCTGTTGGAGGATTTGCAGCAAATATAGTTGTTGGTATGCAAGATGCTTTGGTCTATTCATTTACAGAACCGGCAACACGTATCGTTTCAGATTCTATTAAAACAAACGTTGCTATGAACTGGTACTTTATCGCAGCGAGTGTCGTT
NZ_CP120033.1_gap52	2572106	2576448	4342	ATCGCTGCAGTGAACGATGGTACTTTGTTAGGTGCTGCGATTGATACTTATGAAAATGAAGCAGCATACTTCACAAATGACTGGACTAATAAAGACATTGACGATAAAACATTATTAGAGTTAATCGAACATGAAAGAATTTTAGTAACACCACATATTGCTTTCTTCTCTGATGAAGCAGTACAAAACCTTGTTGAAGGTGGTTTAAACGCAGCATTATCTGTCATTAACACTGGTACATGTGAAACACGTTTAAATTAATATATATTTAAAAGCAAAGGCGCGCCATGTGCCTTTGCTTTTTATTTTGTATATCTGTATAAAAACCAGTTTGATTAAAATCCGCTTTATTTTATCATCTATTCAAATGATTTTAGTGCGCTTATTTTACTATGGCATTATTGCCTAACGTGTTTGAGATATATTAATATTTGATTATTCGTATTCAAAGTTTTCATTTAACATGTATTTAGTATCATAATAGCCGCTTCATTGATGATGTACTACCTACTTGTTCAATACTTCTTGTTCGATAATCGTTAAAACACCCTGCTTATCATTACTTGGAGCGACAGCAGAGGCAATCTTGAACAATTCTTCATCATGACTATTTTCCATCACATAACTATGCTTAGCGAACGCAAGCATATCTTTATCATTATTCGCATCTCCGAAGGCCATGAGCTCTGAAGAAGACATTCCCCATTTATCTAACAATCGTTTTAATGCCTGCCCCTTAGTCATGTTTGGCATAATAATATCAATGCTATCGTGCCCACTTGAGACAAGTTTAATATCATTGCTGAATTGCGTTGCTACTTCTTCGTCAACATTTGGATGCGTCTCACGATTAATATTAAATGCTATTTTGACATAATCATCCTCAGGTAATTGTTGTAGACTGTCAATTTCTTTTAACTGATGATAATAAAATCTCGTATCTTCTTTAAATGCTTCAGAAGTATGTTTTAAAATATACGCGCTTTTCAAACCACAGATGACGAGTTGATCAATACTTTGGTTCATATTTAAGTAATCGACGACCTGTTGAAACACCTGACGATTAAAGCTTTTATAATTATATAACTCATTGCCTTTATAAATAACTGCACCATTTTCAGAAATAAAATACATATCTCTATCCCCGAAAATAGACTTCAACTTCGCATATTGATTGCCACTCGCAGCAATAAATGTAATATCTCTATTTCTAAGTTCAGTAAAAATCGCTTCAAATCTCGGTTTATCGTATGTCTTTTTCGAATCTAAAAACGTCCCGTCCATATCTACCGCAATAGCCTTAACCATGATTATCCTCCTCATTGCTCTTTTAGTCGTCTTCATTATATCCATCTCATGACAAGCAATGAAGTTTGTCATACCACAATGAAACTATATTCACATTTTGAAATTGCTTTCATATATGCAAAACACATTACACTGGATATATATTCAATTCCCCAAAAACAAAAAACACTTCATCTAATATAATATAATCTACATTTTTATAATTTACACAAATAAAGTAACTAGCAAATTATTCCTTTCCATACTTTAGTCATTCAAATATTCTAATATATATAATTAATTGATTTTCAACTTTTTTTGATAAAATAAAATTAACTTAATAAAGAAAGAGGTGAAAACTATGAATAAAGAATTACAAACTCAAAAAGCCGAAAAAAATGATTTAATGAAAGACTTAGAAATTAAACAGTTAGTCGAAAACTCTGAAAAATTAGCCAAAGTAAACGACTTATGGTATTTTGTCAAATCACAAGCTAATCGATGGGTAGTTGGTAGTGGTCATTAGTTTTAAATAAACGGAGAGTTTCCTCTCCGTTTATTTCATTTTTATAAAAGGGGATAATCATTTTGTACAATAAAAGTGTATCTATAAATTTAGACTCAAAATGCAATGCTTCATGTGATCATTGTTGTTTTTCTTGCTCACCATTTTCTTCGGTTAAAATGGAAGACTCTTATATCAGAACAACTGTTTTAGAGTTTGCAAAAAATTCTGAAATAGATTTAATTTCATTTACAGGTGGTGAAATCTTTCTAAATTATGGTTTTTTAGAAGAACTACTAATGATTACAAAAAACTATAATAAAAAGGTAACACTTATTTCAAACGGATTTTGGGGCAGTAGTAGAAAATTAGTTCGAAAATACTTTTCAGATTTTATGAAATATAATGTAGTGGCATTAACAATTAGTTATGATGAATATCATGAACCCTTTGTTAAAGTAAATAGTGTAAAAAGAATTTTTGAATATAGCAGGTATTATCCTAACGTTGAAGTTTCATTGAATATGGCAGTAACAAAAAATAAAATGTCAAATATTATTTTAAGTGATCTCGGAAGTTCAATTTTAGGTAAAAAGATAACAAAATTCCCAATGATTTCTGTAGGAGCCGCAAAAGATAAAATAAACGAAAAGGATATTCATAATTTTTACAATATTAAAAAAGACAAAAATATGCTTTACTGTCCTGGATATGAGATAGTTTACCATCATGATGGAGAAATATATCCATGCTGTTCACCAGCAATATTTGAAACACAACTTTCTCTTAGGGAATCTAAAAATCAATCTTTTGAAAGAACTGTTGAAAAATTAAATTCAAATTTGTTATTATATATAATTAGAAAAGAAGGTTTTAATTGGTTTTTAGATATTTTAAAAGAAAAGAGTTTACTAGATACTTTTGAAATACCTGAGAACTTCCCATCAGTTTGTAGTATATGTGGGAGTTTATTCAATACTACTGAAAAAATTAATTTTTTCAAACCTTACATGGAAAGATACTATAATGAAACCGTTAATTTATGAAAATGAAAATTATGAGATTTTAATTCAAAATAATGTATTTATTAAAGATAAAAAGAAAAAATCATATTATAGAAATGACCTTAATTCTATAGATACTTATAAATTAAAATGTTTTAAAAATTATCCAGAAAAAGTACATATTTCTGTATTTTTGTTCTATATATTTTTCAATATTATAATGGTTTTGATAAATAATATATTTAATTTAAATTTACAAAAAAAACATCGCACCTGAATTCAGTAATATGACAATATTGATTGTTTTCTTTTATTTTCTAATAAATGTTTTCTTCCATGAACTAGGTCATATAATTTCTCTGAAATATTTTGATAAAAAAATTGATAAAGTTGGTTTTAAGTTAAATTATTTTATTTTTCCTTCTTTTTACGTTCAAATGAACGAAACTTACATGCTTTCTAGGATTGATAAAATAATTGTTCATTCTTTTGGATTATTTGTAAATTACACTACAATTAATTTGATTCAATTACTTAATGTATTATTTATCAATAGCAATGCGCTTACAATTTCATATGTACTGTTTTCATCAACAATGATTTGGAATTTAGTGCCAATTTTGAACTCTGACGGCTATAAAATTATGTTAGCTGCTTTATGTTTAGATGAATATAAAAATTACACTAAAAATCATTGGATTATTTTAATATTTCAATTAATTGGCGTTACTATTGCGTTAAATACTTTAGTACATTGGATTATATACTGGAGTAAATATCTTTGTACATAGGAGTTGTATACATGAAACTAAATAACTATTCTTTAAAAGTTAAAAAAAAACAGTTAGTTGAGAATTGTAATTTAAATTTCTATCTTGGTCAGATCAATCATATTGTTGGTAAAAATGGTGTTGGAAAGTCTCAATTAGCTAAAGATTTCTTACTAAATAATAGTGGGAATATCCCTAAGTCCATTTCTCAAAATGTAAGCTTAATATCTAGTTCATCGAATATTCCTAATGATATAACTAAAGACTTTTTATTATCATTGTTAAAAACAAAATTCAAAAACAACCTACAAACCTTCGACAAAATTTATAAAATTCTAAACATCGAAGTAATACCGTCTAACATACTACTAAAAAACTTGAGTGATGGTCAAAAACAAAAGCTTAAATTATTAAGCTTCTTATTGGAAGACCATGATTTAATCATATTAGATGAAATTACAAACGCATTAGATAAGAAGACAGTTAATGAAATTTATGATTTTTTAAATGATTTTATACAAAATCATCAAACTAAAACTATTATCAACATTACACATAATTTATCCGATTTAAGTGCTTTGCCGGGTAAATACTTTATTTTTAAAAATCTACAAATAGAAGAATATCAATCTAAAGAAGAAGTCATAAATGATTACATTAATTTATAATTGAGGTGTCCACTTTGAAATTAGAATTTAAAAAAAGTATTTCTAATAAAATTATTTTTACATTTGGTGTATTATTTTCATTCCTTTTCTTACTTGGTTATTTTTTAC
NZ_CP120033.1_gap53	2586653	2588626	1973	AGAGTTACGAATTTCAGTTTCTTCATCTTCACGACCTGGTGTTTTCAATTTAAACTTACGAATTGCAAAGTCGAATAAGAAGTAATACACGATAGCATATACAATACCGACTGGAATAACTAATAATGCGTGTGAACGATCCCAGTTTAATAAACCATATAAAATATAATCTATGAAACCACCTGAGAATGTCATACCAATTTTAACGCCTAATAAATGCATTACTAAGAATGATGTACCAGCTAATAATACGTGAATTCCATAAAGTACTGGTGCTACAAATAAGAATGAAAATTCTAATGGCTCAGTGATACCAGTTAAAAATGCAGTTAATCCTGCTGATAACATTAAACCACCCACGACTTTTTTGCGTTCTGGTCGTGCATTTTTATAAATAGCAAATGCTGCCGCTGGTAAACCAAACATCATAAATGGATATTTACCAGTAGTAAATGCACCAGCAGTAAATGGTACGCCATCTTTCAATTGTGCCATCCAAATACGTTGGTCACCTCGAACTAATTCACCTGCGTGATTTGTATAACTTCCGAATTCAAACCAGAATGGTGAATAGAAAATATGATGTAAACCAAATGGAATTAATGAGCGTTCAATAATACCGAATATAAACGTTGTTAATGTTAAATTTTTATTTAATAAGAAATTCGATAAACTATTTAATCCATCTTGAATTGGTGGCCACGCAAAGCTTAAAACCACACCTGTTGCAATTGCTACGACCGATGTCACAATCGGTACAAATCGTTTACCTGCAAAGAATCCTAAAAATGGTGGTAGTGTAATGTTATAAAATTTGTTGTAGCACCATGCTGCTAAAGCACCCATGATAATACCGCCAAACACACCCGTTTGTAACGTTGGAATACCTAATACTAAAGCATGTGCTGGTTCTTTCGCTGCTTGACTTAATTCTTTTGCCCCTTTGGCATATGAGAAAATGTCATCAATTGTAATGTGCAACACTTTCCCCATTGTTGCATTCATAATTAAGTAACCTACTAGCGCTGCTAATGCTGCAACACCGTCTCCTCCTGCTAATCCAAGTGCTGTACCAACTGCAAATAATAATGGCAAGTTATCAAATACAACTTGTCCTGCTGCTTCCATGACCGACGAAATCATTACAATGATATCGTTTTTTAACCATGGTGCAATTTCTACTAATTGTTCGTTGTGCATTGCGTTACCAAACGCTAATAAAATACCAGCTGCTGGTAAAATCGCAACAGGTAACATTAATGCTTTACCGATACGTTGCAATTGTCCAAACAATTTCTTAAACATATAAACATCCCCTATCTCAATTTCCGCTTCCATGTACAAAAAAAGCAGGCATGAACAAACAAGACTATTCTCATAGTGCGGTTGTTTGCTCATGCCTGCATTACCAGTAACACGCAAGTGATATCTAATTCATAGCTATTATACATATTTGTAAAAGCGTTTTCAACAACTTTTTCACAATTTTATCATCAATTCAGTACGATCATTTGTGATAAATAAACAAAACGGCAATTCCCATTTTGTTGAAATAGAAATTACCGTTTTTATAGTTCAATTCAATTGTGATAACCTTTCAATCAGTTATAAGAAACGTTTTGCTGCCACTGAAATTGGTGGAATTTGATCTAAATCTAAATGTTTATCTTCAGTAATTGATCTAAATGCCCACTTACCATAACCAAGCGCTTCTTCATTTACAATTTTACCTGGTAATGGCGCAGCATTAGGATCAACATATACATCTACAATCGTTGGTACATCTTGTGCTAATGCCTCTTCGACTATAGCATCTACTTCGCTAGCACTCTTAATTGTATAACCTTTACCACCTGCTGCCTCAGCAAATTTTGCATGATCCATATCAGAAAAATCAACTGCATATTCTAATTCACCAGCTGCTTGTTGTTCATATTTAATAAATGCTAACTGTTTGTTATTAAGTACAAATA
NZ_CP120033.1_gap54	2603654	2607523	3869	ACTAATTAACGCAGGTAATAAAGTCAGTGCACTGAATACAGCAAATATAACACTAATTGCCGAAGCAAACCCCATCACTGCTAAGAAGTCAATGCCTACTAATGATAAACCACATACGGCAATTACAACTGTTACACCAGCAAAAACAACTGCACTACCTGCTGTTCCTATTGCAAGACCAATGCCTTTAATGTAATCTGTTTCAGTTTTCATAACTTGTCGATATCTGAATAAAATAAACAAAGCATAATCGATACCAACTGCTAGTCCAATCATTACGGCTAATGTCAATGTGACATTTGGTATATCAAATGCATAAGTTAACAAACTGATAATACCTACACCAGAGGCTAGACCAATCAATGCACTTATAATTGGTAATCCTGCAGCAATGACTGAACCAAATGTAATCAATAACACTACAAATGCAACAATAATACCAACTAGTTCAGAATTACCGCCTACTTCTGTAGATGTCATTCCTGTACCAGTTAACTCTGTTTGTACATTATGATTGTCACGTAAGTCTTTCAAATGACTTTTAACATTATCTCTAGAGCCATCTTTTAAAGATGTTTGACTAACGTCATATGTGATATCTGCAAATGCTGTTGTTTTATCTTTACTAATTTGCTTATTTTCATAAGGATCTGATATTTTATCAATGTGCTTGTCATCTTTTTTAATATCATCTAACGTTTTCTTAATATCTTTAGTAATGTTCGGTTGCACAATACCATCATCTTTAGTCGTCTTAAAGACAACACGTATTTGTGCCTTTTCACTATCTTGATTAAAATGTTTTTCAATCTTTTTATTCGTATCTAACGACTCTAATCCTGTCATTTTAATATCATTGTCAAATTTCGGTGCATTTGTAGCAAGTGGTATCAATATTGCAGCTACAATCACTATCCATGCAATGACCGCGGACCATTTATGTTTTGCGATGAATGTCCCCATCTTATATAAAAATTTTGCCAAAGTATATTGCCTCCTTTTAAAATCAACGTTATAGTTTAAATATACAGTGTAGATTATTGTTCGATTATAGTATCTATCCCCGACCTCTTAAAGAATCAATTGGAAAATTTTGTATATTAAACTACACACAAAGGAGAAATGTAGATGAAAGAGACTGATTTACGAGTTATAAAGACAAAAAAAGCATTGTCGAGTAGCTTGCTACAATTGTTAGAACAGCAATTATTCCAAACGATTACTGTCAATCAAATTTGCGACAATGCACTCGTACACCGCACAACATTTTATAAACATTTTTATGATAAATATGATCTTCTAGAGTATTTGTTCAATCAATTGACTAAAGACTATTTCGCCAGAGACATTAGCGATCGCCTTAACCATCCATTCCAAACGATGAGTGATACGATTAATAATAAAGAGGATTTGAGAGAAATCGCAGAATTCCAAGAAGAAGACGCTGAATTTAATAAAGTATTAAAAAATGTCTGCATTAAAATTATGCATAACGATATCAAAAATAATAGAGACCGTATCGATATTGACAGCGATATCCCAGATAATCTCATATTTTATATTTATGACTCGTTGATTGAAGGTTTTATACATTGGATAAAAGATGAAAAAATTGACTGGCCTGGCGAAGATATTGATAACATTTTCCATAGATTAATCAATATTAAGATTAAATAGTAGATGAGAAACTCATGAGCGTTACCAACATTCATAATAAAAACGATAGTGTACACGTTAATGAATTCGTGTACTACTATCGTTTTTTATTTTTATCATGCTTATCGCTATTAAAATAACTGATACACAACACATAAACTATGAAGAAAAAAATAAATCCGCTATCTAAATGACTTTGACTCAGTTGTTTAAATGACCAAATTGCTAATACAATTCCCATTATTATTGAAATAACGTATCTCACATTCTTATACCTATAATCCTTTTCTAAAAATATGGTTGCTATTACTTAATTTTTAAAGTTATAAATAAAAAGAGCCAACCGCAATAGATGGCCCTTGTTCATTATGAAGCATTAGAACATTTCTGAAACAACCTTTTGTTCTAAGAAGTGTAATAAGTAGTCTGGGCTACCTGTTTTAGCGTCCGTACCTGACATTTTGAAACCACCAAATGGATGGTATCCAACAACTGCTGAAGTACAACCTCTGTTAAGGTATAAATTACCTACATCAAATTCGTTTACCGCTTTAATCCAATGCTCGCGATTATTTGTAATCACTGCACCAGTTAAACCGTAATCTGTATCATTTGCAACCTCAATGGCTTCATCAAAATCGTTAACTTTCACAAAGCCAACAACTGGACCAAAAATTTCTTCTTGCATGATTCTATCTTTAGATTTAAGTCCTGAAATGATTGTTGGTTCTACAAAGTAACCTTTTGAATCATCAGTGCCGCCACCTTGTTCTAATTTACCTTCTTCTTTACCAATCTCAATATAATTTTTAATCTTATCAAATTGTTTTTTATTAATAACTGGGCCCATATACGTATTGTCTACAGTATTGCCCAACGTTAATTCTTTTGTTAATTTGATTGATTTCTCTAATACTTCGTCATAAACGTCTTTATGCACAATTGCACGTGAACATGCAGAACATTTTTGACCAGAGAAACCAAACGCTGACGTTACAATAGCTTCTGCCGCCATATCTGTATCAATATTTTCATCAACTACAATGGCATCTTTACCACCCATTTCAGCGATAACACGTTTCAAGAAGTTTTGACCTTCTTGAACTACGGCACTACGTTCATAAATTCTAGTACCTGTCGCACGTGATCCTGTAAATGTAACGAAATGCGTATCTTTATGATCAACTAAGTAATCACCAATTTCTTTCGGATCACCAGGAACAAAGTTAACTACGCCTTTTGGTAATCCTGCTTCTTCTAAAATTTCCATTAATTTATAAGCGATATAAGGTGTATCCTCAGCAGGTTTCAATAACACTGTATTACCTGCCACAACTGGTGCTAAAGTTGTACCAGCCATAATCGCAAACGGGAAGTTCCACGGCGGAATTGTAACACCTGTACCAATTGATTTATAGAAATATTTATTGTGTTCACCTTCACGATCAAGTACTGGCTTACCTTGAGCCAAGTCCATCATTGAACGTGCATAGTATTCAATAAAATCAATACCTTCAGCTGCATCACCAACTGCTTCATCCCATGGCTTACCTGCTTCATAAACCATAATTGCTGCAATTTCCGCTTTTCGACGACGAATAATTGCCGAAACACGTAACATAAGCTCTGCACGATCATTTGCTGACCATGTTTTCCAAGATTTATAAGCTTCGTTTGCTGCTTTAAACGCATCTTCAACATCTTGTTTTGTTGCCTTTGATGCATTTGCAATCACTTGTGATGTGTCTGCAGGATTGATTGATTTAATTTTGTCATCTTTGAAAATCTTCTCTCCATTAATCACTAATGGTATGTCTTGACCTAATTCTTTTTCCACGTCTTTCAATGCTTTCTTAAACATATCCACATTTTCTTGGACTGAAAAATCGTAACCAGGTTCATTTTTAAATTCTACTACCATGTACACTTACCCCCTATAAATTTTGAAAGTGGTTTAACCCTTTGATTTAATGATATAACATCATTTAAACTCATTTTACTATGATTAAGGTTAGTTTTGCAATCGCTTTCATTTTTATGCTTTATCACTTATTCTCAAGTATTTTGAAATTGATTGGTTACTTTTTAAAATTTATATGGGTCGCAACTGCTACTTTATCGTTTCGTCATTTAATGTTTCGGATGGTAGGTCATTATCAATTTTACGAACGACTTTACAAGGGTTTCCAACCGCTAAGCTGTGTGGCGGAATA
NZ_CP120033.1_gap55	2610515	2614951	4436	TCATTAACTGGTATCATCGCAGTGGCAGATACTGTAAAAGATCATGCCAAAGATGCTATAAAACAATTGCATGATATGGGCATTGAAGTTGCCATGTTAACTGGCGATAATAAAAACACTGCTCAAGCCATTGCAAAACAAGTAGGCATAGATACTGTTATTGCAGATATTTTACCAGAAGAAAAAGCTGCACAAATTACGAAACTACAGCAACAAGGTAAGAAGGTTGCGATGGTTGGTGACGGTGTAAATGATGCACCTGCATTAGTTAAAGCTGATATCGGTATCGCCATTGGTACAGGTACAGAAGTTGCCATTGAAGCAGCTGATATTACTATTCTTGGTGGCGACTTGATGCTTATTCCTAAAGCCATTTATGCAAGTAAAGCAACCATTCGTAATATTCGTCAAAATCTATTTTGGGCATTCGGCTATAATATTGCCGGTATCCCTATAGCTGCATTGGGCTTACTTGCGCCATGGGTTGCTGGTGCTGCAATGGCACTAAGTTCAGTAAGTGTTGTCACAAACGCACTTAGATTGAAAAAAATGCGATTAGAACCACGCCGTAAAGATGCCTAGATTCCTTAATAATGAAGGATTCGTTGGTGATTCTGAGATAGGCTAGTGATTGGCTCTATAATGTCGCGGTTTACAGTTGGATCTTCGCTCCAACTGCATAAGAGCCACTAATTATTATAAATAATAAGTGGCTCTAAAAGGAGGTGAATGCTATGTCACAAGAAATTTTAAATGTTGAAGGTATGAGCTGTGGTCACTGCAAAAGTGCTGTTGAATCTGCATTAAATAATATTGACGGTGTCACTTCAGCTGACGTTAACCTTGAAAATGGTCAAGTAAGTGTTCAATATGATGACAGTAAAGTTGCTGTATCTCAAATGAAAGACGCAATTGAAGATCAAGGTTACGATGTCGTTTAATCAGGCAATATTCAACGTCATCAACACCAAATTAAAAAATCGAACTGATGAGAATCCCAACAATCCAAATTATCTCATCAGTTCGATTTTTAATTTACTCGTAACCTAGTATCTCCAGTCTGCAATACATCTAATGTTGCATCTAATGCATCGACAATTAGATTTTTAACTGCAGCTTCAGTATAAAACGCAATATGTGGTGTTAATATGACATCTTCCCTGTCAATCAACGATTCTAACAATGGATCGTTCAGTGTTTTGCCCCTTTGATCACTTGGGAAAAGTTTGCGTTCAAATTCATACGTATCAAGTGCTGCACCTTTAATCACACCATTGTCTAATGCGTCTAATAACGCCTTAGTATCTACTAAAGAACCTCTCGCACAATTGACAAATACTGCGCCCTTTTTAAAATGTTTAAATAATTCAGCATTAAATAGATAATGATTATATTTCGTTGCAGGTACATGTAATGTCACGATATCAGCACCTTCAACCGCTTCCTCAATCGTATCTTTGTAATCGACATACGTTGCAATTTTAGCATTAGGAAACGGGTCGTATGCGACCACATCACTTTGATAACCATTGGCAAATATATCGGCTACTACACGGCCAATTCGACCTGTACCAATAACAGCTACTTTTAAATCTTTAATGGATTTCGATAAAATAGTAGGTTCCCATCTAAAATCATGCTCTCGCACTTTCGTTTGAATTTGATTAAAATGACGAACCACATTAATAGCCTGGTTCACAGCAAACTCCGCAATTGAATTCGGAGAGTATGACGGCACATTTGACACAATCAAGTTATACTTGTTTGCTAACTCCAAATCATATGTATCAAATCCAGCACTACGTTGTGCGATTTGTTTAATACCTAGTTCATTTAATCGTTTATAAACATGCTCTGATAATGGTATTTGTTGTGATAGCGATAAGCCATCATAACCAGCGACACCTTCAACATTGTCATCAGTTAATGCTTCTTTAGTAATATCTACCTCAACATGATGTTTCTCTGCCCACGCCTTGATATAAGGCATATCTTCATCACGTACACTCATGATTTTAATTTTTGTCATTTTAACATCACCCTTAACTTTATTATTCATATAAATATGCTAGTTCTGTTAATCTTATTGCAGCTTCGTCTAATTTCTGGTCATCTAACGCCAATGAAATTCTCACATAACGATTACCATTCTCTCCAAATGGTTTCCCTGGAGCAACAAGTATTGACTTCTCTTGCACTAAAAATTGCTCAAATTGCTCGCTGTCATAACCAGGCGGTGTTTCCAACCATACATATATGCCACCTTTAGCATGAACAAATGGCAAATCAGCTTTTGCAAGCATGGCTTCGAATCGGTCACGACGTGTTTTAAATACATTGCTTTGTTCTTCTAAAAAATCATCATAATGATTCAAAGCATATATTGCGGCATCTTGTAATGCACCAAACATCCCAGCATTTGTGTGCGTTTGGTACTTTTTCAAAGCTTGAATCATATCTTTATTACCAACTGCAAAACCGACTCTAAAACCTGACATGTTATAACCTTTAGACAAGGAATAAATTTCAATCGCAACATCTTTCCCATTTTCCGAAGCAAGTATACTAGGATTTTTAGCGTCGAAACCGAAAGCACCATAAGCAAAATCATGCACGATTTTAGTGTCTGTACCTTTAAATTTAGCTATCGCTTCATCAAAAACTTCTTTCGTAGCTGTCGATCCAGTTGGATTATTTGGATACGTTAAATAAATGAGTTTTGTTTTATCTATTATTTGTGAATCAACTTTGGACCAATCTGGCAAATAATGTGGCGGTTCTAAATTAAGCGGAACTGGCTTGCCATCAGCTAAAAGTACACCTGCTAAATAGTCCGTGTAGCCTGGATCAGGTAGTAATACATAGTCTCCTGGATTGATAACACATGTTGGTACTGCCACTAATCCATTTTTTGTACCATATAAAATGCATACTTCATCTTCTTTATCTAACGTCACATTATATTGTCTTTGATAAAAATCTACAATAGCTTGCTTGAACGCTTCTTTACCATGAAAAGCACCATATTTTTGATTTTCAGGAATAGTTAGTGCTTTTTGAAAATGATCAATAATACCTTGTGGCGTGGGCCCATCAGGGATCCCAACTGCCATATTAATTAATGGCAATGGTCCATGTTCGATTTTACGTCCCATCGTTTTCCCGAAATAACTATCAGGGATATTTGCTAATTTGTTAGAGATCATCAAATTCCTCCTCTATCATTAAACATAGCCTGGGCGACTATCATAATCCTAACAACTTGTATCACTCTCATTTAGATGGTTACAATGACATCGCCATTCACCGTTATGTTCAACAGAACTTATGACACACGTTGTATTGAATGAATTTATTTTCATTTTAGGTAGGTACATTATTATTGTCAATATTAGGAATTTTCAGATTAATATGCACTCAATCGTTATGATTTAACTGTCATGCATATCCGCATGCGCAACCAGTTAGATATGCTTATATAAAGTATAACGCCCCTCAAGGTACGTATTCAAACGTGAACCTTAACAGGCGCCTATTCATTGTTAAATAAAACTTCTTTAGAACATACTTATTTCACTATGCCTTTTACGTTCCCCTTATACTTTTCTCACATCTTTCTCTTAGACTACTCCCTTATACGCCCCGCTCAATATCTTTAATCATTTCGTCTACAGTTATTTTCGCACTTGTTAAGACAATAGGAACGCCTGCACCTGGGTGCGTACTTGCACCTGCAAAATATAAATCTTTATAATCTCGCGATACATTTTGTGGACGATAATAATTACTTTGCGCTAAAGTTGGCATTAAACCGAATGCCGAACCAAATTTCGCATGATACGTTTGCTCAAAATCATTTGGCGTAAAGATTGTTTCTGAAACAATATGCGATTTTATATCTTCAAATACTTCAATTGTTGCTAATTTACGATAAATAATTTCCTTTATTTGTTGCGTCAAAGCTTCATCTGACCAATCGATTCCGCTACCTGTTTTAAGTTCCGGCGTCGGCATTAGCACATAAATACCAGTTTTGCCTTCTGGCGCAAGTGATTTATCAGCGACCGCTGGTACATACACATAAATAGAAGGATCATATGATAAACGTCCCTCAAATATTTCTTCAATATTGCCTCTAAAGTCATCTGAAAAAATAACATTATGAAGTCTCACTTGATCTGTCACATCAATATCTATACCGATATACATTAAAAATGCTGAACAAGAGTAATCTAAGTCTGCAATTTTATGTGGTGGATACTTTTTAATAGGTGCAAAATCTGGCATTAATGATTCCGCAACACTAGGGAAATCAGCCGTACATAAAATTTTATCAAATTTTCTTATGTCACCATTCACTTTTATCGCATCGGCCCGTTTGAATTTAGAATCAATAATAATTTGCTCAATTTCAGCATTTAGTTCAATATTAACGC
NZ_CP120033.1_gap56	2622900	2623890	990	GTTTTAAATTTTTTATTAAGTAGAAAACAATTATTACAGTTAATTTCATTACTGCAAACCACATATAAATTTGTCGATTTTACTACATAACATAGATTATCATAGATTCTTGAATTTTTAGCAAAATAACTGTTATTTTCATTATATTTTTACAAAAAAAGGTTCGTTTTATATTTTATGCATCTTACTGTAACAGAATCATTAAGATATGCTATTCGAATATACTTTTAAAAAGTTGAATAAACTGATAAACTACCGCGCACTGTTATTAAAATATATCCACGGTGATATCTTTCCAACTCACTTTCAAATTTAACCATATGAAATGACAAATACTCACTCCATATTGAAGTATTTGTGTAAAAAGAATCATGGTGTATTGTTTATTTCGCCTTATCTAATTTAATAGTGACATTAATTCTTCTATCATGACATTAAAATCGTCAGGAATAATAAAATAACATCCTAACCTCTAGAATCAGACTTTAATTTCTAATAAAAAAACTCTCCCCAATTTCTATGGGAAGAGCTATATATTTAATGTCTAAACATTACTTTTATTTATTATGAAGGAATTAGAATCCCCAAGCGCTTAAACCTTGTGCTTTGTATGCTTTAACAGCTGCGTTGATTTGTTGGTCAACAGTGTTTGTTGGACCCCAACCTGGCATAGTTTGGAATAAACCTGAAGCACCTGATGGGTTGTAAGCATTTACTTGACCATTTGATTCACGAGCGATGATTGCAGCCCATGTAGAAGCTGAAACACCAGTACGTTGAGCCATGATTTGAGCTGCTGATGAACCAGTAGCACCTGCAGTATTACCATTGCTTAATCTCACTGAACTTGAAGTAGTTGAAGTGCTGTAGTTATGGTAAGTTGGAGCTGAAACAGCTTCAACGTTTGAGTTACTTGATTGTGCATTGTAGCTTACTGATTGTACATTTGAACCTTGGTTGTATGAAGTAGTGTAGTCTGCACCTGCAACG
NZ_CP120033.1_gap57	2625833	2629496	3663	TGTCATAATATCATCCTTCCATTTATGTATATACATCTTTATGCAAATAATAAAGAGCCTTAAGTTATAAGCTGCCACTAGCTTAAATTCTAAGATGTGCATGCCGATGTTGTTATATTTAGGCTAGCAGTATCATCTATAACTCAAGACTATGAAAAATAGTATATCACAAAATTCTGAATTTTTAGATAAAGAAATTGGCAATTTTTCAAACATATTGTTACAATACACTTTTATTTTATCTTCATTTTTAAAATCCATTAATATAATAGAAGAAAGACATTCAAATGCTTACCAAAAAGGTACATTATTTGTTAGGAGCGTATCAGCACTTACATATCATCAACACAATTGACAACATAATAGAAGATACTGATAATAAGTGTTAAAACAACAGATGTTAGGTAGTGAACAAATGATGGAAAGTAAATCCATAGATCCAAGAATCGTTAGAACCAAACAATTGCTTGTCGATGCTTTTCTTAAAATTTCTAGAGAAAAGAAATTATCTCAAATTACAGTTAAAGATATCACTGATATTGCTACGCTAAATCGTGCAACATTTTACGCTCATTTCACTGATAAAGAAGACCTCCTAGACTACACATTATCTGTAACCATTTTAAAAGACTTGAATGATAACTTGAGCATTTCTAATGTCATTAATGAAAAGGTGCTGCGTAATATTTTCATTTCAATTGCGAGTTATATCAAAGATGCTGCAAAGTCTTGCGAATTAAATAGTGAAGCATTTTGCAACAAAGCACATCAACGTATTAATAATGAATTAGAAGATATTTTTGCGATTATGTTAGAAAACAGCTACCCAGAGCATCAACGCGATATCATTGTAAATAGTGCGAGTTTTTTAGCAGCTGGTATCTCAGGCTTAGCATTACATTGGTTTAACACGAGTCAAGAGACAGCCGATGTGTTTATCGATTGCAACCTTCCATTTTTAATTCATCATATAGCACATTTTTAATAAAACTTGGTATTTAGTCATGCATCTTGAAATCACTATGTGACTTAGGTTCATACTTGTACACACAATAAAATTTAACGTATTACGATTGATTAGCCGTGTCTAGGACATAAATCAACGTCCTATACTCTACAATGTCATATTAGCAGTCGTTAACTGAATGAAAATAAGCTTGTCATTAAAACATATAGATTTTAGTGACAAGCATTTTTGTTTTTGCGTACTTAAACAACACTTCAGGCAATATGTTGTTTAGGCAACAAATGATATGTGCGTGTTTATTGGCAAACGTACGACATAGTAGTATAGTATGTCTAAACAACATATGTTGCATAGTTGATATGCGTTGTTTAAATACTAAGATAGGAGGGATTGACGTGAGCGAGACAGATGAACCTCAGGGGTTTGAACGCACGCATAATATATTAAATATTAATCAGAGTAGTCTGGGTGTAGTGACATACATTACAAATAAATTAAAGTCGACGTTGAAGCAACACATAATAATTGCTCGTGGTAAAAAGCGAATCGACTATCGACTGTCGTATAACTTTTACACTACGTATTATGATAATGTAGAAATCAACAAAATCGACTGTGAATATACCTATGCTATGCCCATTGCAATTTTAATAAGACACACGATGTCATTCGACAATGCTCATTTCTTTGCTCAGTTACGTCATCCTGTCTTATAAAACAACATTGCAGACATGTATATCAAACGACACTTCAATAACATCACTTTGCCATCGTACTACTAGTAAAATCGTGTCTCAAATCCCTTATTTTAATTCCAAAAATCTGCTGGTCAAAAGACCGAGAAACTAAAAACATTACTGAATGTGTTGATAAATTATCTTATAGAAATAAACTCAAAATATATCAACACTTGATTCTAAGGAGGATATGACAATATGAAAATTTTAGATAGAATTAATGAACTTGCAAATAAAGAAAAAGTCCAACCACTTACTGTAGCTGAAAAACAAGAACAACATGCATTGCGTCAAGACTACTTAAGCATGATCCGAGGACAAATATTAACAACATTTTCCACAATAAAAGTGGTTGATCCAATCGGTCAGGATGTCACACCAGACAAAGTTTATGATCTTCGCCAACAATACGGTTATATTCAAAATTAATATTTGCTCACGAGGTATTGCACTTAAGGTGCCAACTGACCTCATAAACAAAGCCCATACTGATTGAAGACACTAATGTGTCCACCATGGTGCACATTAAACCTTCATCTTTGTATGGGCTTTTTATTTATTCTTTTGAGAATTTCATTTTAGCAGACCAAAAAATTAAAATGGTGTCCATCAAGATCTTTGAACATTGCACCATAAAACCCTTGGCTTACTGTTGGTTCTTGAACGACTATGCCACCCGCTTCTTTCACTTTATTCACCAACTGGTCAACTTCTTCATTTGTGTTCACACCTAGAGAAATCATCACTTCATTTGGTTCAGTATTAAGGCTTTGCTGACTTACATTTTGAAAATGCTTGTTTTCTATTAAAATTACGGTTGTTTGACCTATTTGAATGCCGACCATTTTATCTAACATTTGTGGGTTTCTATTTATTTTAAATCCTAACGCTTTATAAAACTGTGCGCTCTTTTCTAAATCTTGCACATGCAAATTAAACCACATTGATTGAATCATGATTGCACCCCATTCATTACTTATTATAGTTTTGGACTTTAAGCCAATCACTTAATGATAATCTTGTTGGATTTATTTCAGCCATTAATTCAAAGTCTACTTCATAACCTTTTTCTTCCAACCATTGCTTTTCTGTAACACCACTAACAAATTCTCCTTCTATAACAGTAGATTTACCTGTCACTTCACTAAAAATTGTTGCTGCTTCACTTAATGTAACTTCATCGGAACCAATCTCTATTGATTGATGCGTAAAGCTTTGTGGATGTGCAAAAATATACGATGCAATTTTAGCTATATCAATAGAAGAAATCATTGTGAATTTTATATTCGGATTAATAAATTCTGGTAATGTAATACGTTCATCTTCGACTTTAGCAATGCGTAAAAAATTATCCATAAAGAATGATGGTTTGATAACTGTTGCATTTATATTAGATTCCATTAATCTATTTTCTATTTTTGCTAGTACTTCAAAGTGTGGGCCAGTTCGATTTCGATTAACCCCTCCCGCAGTACTATACACAATATGTTGAATATTTTCTTGCTCAGCTATTTCAATTATCTTCATACCTTGTCTTAATTCTTCGCTAACATCATCTTTAACGATTGGCTGAATACTGTATAAGCCATACTTACCTTTCATCGCTGATTGCAAACTAACATTATCACTCAGATCACCTTCAACGATTGATAAATGCGGATGTCCTATGTCTGAAAGTTTACGATTATTCTTATTTCTAGTTAATGCACTTACATACCATCCATCCTCTAACAACTGTTTTACAACTGCATTACCTTGCTTCCCTGTTGCGCCTATTACTAAAATATCTTTCATTTTAGATCCACTCCTCTTTTTATCTTAAAAACCAATAGTCCTCTTTTTCACCTTTTAAATACGTATATGGTTCTGGTGTTTGTCCATTTCCTTTAATATTGTCGTTTATTACATCTCTGACATCCCATACTAAATGAATAAATCGTTGTAATTGATGACTAAAAA
NZ_CP120033.1_gap58	2633847	2635807	1960	CCCCTCTGTCAATTCACTTAAAGGTATGTCTTCAGATACTAAGGCACCATCAACACTCATTTTCCCAAATTCATTCATGATGACTGCTGGTTTCAGCGATTCCTTTAATGATTCAGCGAGCAAATGATTTAAGACAGTCGTTTTACCGCCACCTAAAAACCCACCTATAATAACTATTTTCATCTGCGACTCTCCTCTTATACTTCATATGAATAGCATATTCCAAGATAGATCTCCTATTGACTGACATGACTCTATATTCAGTTATAGTTCATTTTTTTAAATAATCAGCATTACTATTTTAACAATGATGCCTACACCAATAACTAAAGACAATGATGTCACCATTTGCTTTCCAATTAATTTTAGTGCTGACTGACCACCTAAATGTTTCAAAAGCATCGTCATTGTGACCGAGCACGCTGTAAATGTTGAACTAAAAAACACAAGTAGTAGTAACTGTGTTGCTGTCATTCCTTGTAATAAGGCGCCCTGATGCAAATTAAACAAGAGCATGCCGTCTTTTCGAATCATTGAAAATAAAATCCCTGGTGACAATTCTGACGAGATGCCTAATAACGATAATATAGGTGTAAATATTTGTGATAAAACATTCAAAATTGGCGTTAGTGATAAAATACTAACAATAAGACAGATTGTGATAAAAATAGGTAGCGCTTGAACGATAAACATTTGTATATTTTGCCACATTTGCAGCAACATTTGACGTATATTTGGCATATGTAATTGTCTATCATAAGGTAGCGGAACGCTAAGTTGTTGATCATTCTTTTTCAACCATATCCTATTATGTAAGATGCCACCTAAAAGTACTAATATTAAGTACGGCATAAATAGCCATGACTTTCCAGCTACACTAAAAATAGATAATGTCGCACCTATTTGATAACTACAAGAACTACCAAAGCTTATTAAACTCATACACTGTGTCTTCGTGCAGGTATGGCATTGGTGTGCTGCTTGTGAAATAGCTGCTGCATTACATCCAAATCCTTCTAATAGTGGCACGATATCATTACCTTGTAATCCGATCCATAACATTGACGGTTCAATTGCCCATATCATCCATGATTTGAGTCCTGTTTGATCAATTATTGCAGTTGATAAACTAATTAATATTACAACCGGCAATGCCCATACGAGCGAATATGTTCCAAGTGATAGCACACCATAATCACCAAATAATATATGCTGTAATATATCGTGATTGAGCAATGTTGTTTGAGTTAAATATTCTATCCATGCTGATACATACTGATTTTGAAACCAATCTGAAAATTGATAAGCGATACCGATTGGTAATGCAAACATTAAAAATATCAACAACCAGGCTAAAAATGTCGCACTTATTTTAGGCCTTAAATGTCGTCGCTCATGTTGAAATAGTGTCAATTGTTCTATCACATGTTCGCTCGCTATAGGCGAAGAAACTACACTTTCTGCCAATGAAATATCTAACTTCTGTTTTATGATTAATAATCTTAATTTCGCTTTTTCTGTTGCGGTAAGTTTATCCGCATGACTAATAACTAAATAATGAGGTTCATTAGGTATGGGCGTATAATGCCCAGTTCTCATATCATATTTCACTTCTAACATGTGCATGACACTTCACAACATGAATAATCATCTAAATACATTTGATTTTTTTGATAATTTTCAATGACATCTTGTTTAGCTGGTAAGCCTTCCCGCTGTGTTAAAAGATGGGCAAGTACTGCAAATCGCGCTCTGAATTTATAGATATAGCATAATTTGGCATTATCATTTTCAACTGTTGCACCAATCATAAAAATATTCGGATAACGTGTCGATTCATCATGTGTTGTTAATTTAATATCTTGATTTGTTGTCACAAATAATTGTTGAACGATTGGATTTTTTGTTGCATCAAAGCCAGTTGCTAGTATTGGTTCATGAGGCGTATGCACACTTTGTC
NZ_CP120033.1_gap59	2647442	2650609	3167	ATATCAATACCAATAATTTCAACGGCATGATTGAAGTCTTTTACCATTTGCTCGACAATAGCCAATTGCTGGGCATCTTTTTTACCAAAATAAGCATAATCCGGCATAACAATATTAAATAGCTTATTTACTACTGTTACCACCCCATCAAAATGCCCTGGACGCTTCGCTCCTTCTAACACATCAGCTAATGGACCTACTTTGACATCAATACCTAATTCACCTGGATACATATCTTCTACTGCAGGATGAAAAACAATGTCCGCCCCTACTTCTGATACTAATTCTAAATCTTTATCAATTTGTCTCGGATAAGCATCGAAATCTTCGTTTGGACCAAATTGTAATGGATTAACAAATACACTCACAACTGTAATATCATTTGTACTAACTGATTCGCGTACCATCGTTAAATGTCCATCATGTAAGGCACCCATTGTTGGGATAAAACCAATCGTTGTGCCTGAGCGTTTGGCTGCTTTAACAATGTGTTGCATCTCTTTTACCGTAGTAATCAGCTTAGTCATTGTTATTAACCTCATTCATAATTTTCTTTTTATACGTATATTCTTCTGATGGAAATGCACCAGATTTAACTTCTTGATCGTATTGCTTTAAACCATCCACACCAACACTAAAATCAGCAAATTGCTTCACAAATTTCGCTTTATGTTCAACACCATAATTTAACATATCGTGATAAACCAATACTTGACCATCTGTACCTTTTCCTGCACCAATACCAATGACTGGAATTGTTAAGTGCTTGCTAATTTCTTCTGCTAAATCATTTGGAATTGCTTCAAGTACTAACGCAACTGCACCAGCTTGTTCTACATTTTTCGCATCTAAAATAAGTTGCTCCGCTGCTTCTTTCGTTGCACCTTGTAATTTATACCCCATAACGCCAACACTTTGAGGTGTTAATCCTAAATGTGCAACAACAGGAATACCAATTGCCGTTGCTTTTTCAATAAATGGTGTAATATGCGCTCCTTCTGCTTTAATTGCATTTGCATTCGTCTCCTGATAAAGCTTTAGAGCATGATTTAAGTCTTGTGTCATAGAGATGCCTACTGCACCAATCGGCATATCAACAACTACAAATGTATTTGGTGCGCCTCTTCTTACTGCACGACCGTGATGAATCATATCTGCTAACGTCACTTGTACGGTACTTTCATAACCTAATACAGTCATACCAAGTGAATCCCCAACAAGAATCATATCAATACCCGCTGCTTCCACTTGTTTAGCACTTGGAAAATCATAAGCTGTTACCATAGAAATTTTAGTTTGCTTTTGTTTCATATCTATTAATTGACTTACTGTTTTCAATGTTATTCAACCTCTTTTTGCAGTATTATTAGAAATAGTATAATGAATCTTTTATAGAAAGGAAAGAAGAAGATGTTATCAGTTGCGATTATCGGCCCAGGCGCTGTCGGTACAACTATTGCCTATGAATTACAACAATCATTGCCTCATACAACGCTTATCGGGAGACACGCCAAAACAATAACATATTATACTGTACCACATGCACCTGCACAAGATATTGTTGTGAAAGGTTATGAAGATGTCACAAACACATTTGATGTTATTATTATTGCAGTCAAAACACATCAACTTGATGCAGTTATTCCTCATTTAACTCATCTTGCACATGAGGACACGCTCATCATTTTAGCCCAAAATGGTTATGGTCAACTCGAACATATTCCATTTAAAAACGTATGCCAAGCAGTTGTCTATATAAGTGGTCAAAAGAAAGGCGATGTTGTTACACACTTCAGAGATTATCAATTACGCATAAAAGATAATGCATTAACACGACAATTTAGAGATTTGGTCCAAGACAGTCAAATCGACATTGTATTAGAAGCAAATATTCAGCAAGCTATTTGGTATAAATTGTTAGTTAACTTGGGCATTAATTCTATCACAGCACTCGGTAGACAGACAGTTGCAATCATGCATAATCCTGAAATACGTACACTGTGTAGACAGCTATTACTAGATGGTTGTCGTGTTGCACAGGCAGAGGGGTTAGACTTTTCAGAACAAACTGTCGATACTATTATGACTATATATCAAGGTTATCCCGACGAAATGGGAACGAGCATGTATTACGACATTGTGCATCAGCAACCTCTTGAAGTCGAAGCGATTCAAGGCTTTATTTATCGACGTGCACGTGAACACAATCTTGACACCCCATATCTTGATACTATTTATAGCTTTTTACGCGCGTATCAACAAAATATGTAAGCACATATATAATATAAAAAGACCTTAACGATGCATTTAGAACCACCTGTTCCTAATATCGCTAAGGTCTTTTAATTATATTAGACTATTCAGCTTCTCTAATTTCTTCTGCCACATCTTTATAGTCTATTTTCGCTTTAACAAACGTCTCGTTATTTACCGGGAAATGTTGTTGGAATGTTTCAAAGTTTTGTATCTCAACGACAACGTCATCCACTTCAAAGTCAAGAACATGTCCACCATAAGCTCTTTCATCATCTGCAAAATGTATATGAAAACCAGCAGACCCTACGCCATGAAATAATTCTGGTGTAAAAAATCCAACAATGGTACCACGAATATCTTGTCTTTTTTCCTCAGGTTGTCTGCGTGCTGAATCAATCAAACGTGTATATGGCGGTTGCTGAGCAGGCATCATTCGTACATGCATATGTTTAAATGTGCCATAAATTTTAACAGCCGAAAATAAATTCTCACTTAACATTTCATTTTTAATTTGTGCGAATACATCATCTTGTGATAATTGTTGCAATGAAAATGTCTTACTCGCTTTAAAATTAGTAATCGATGCATACGGTACTTTCTCATCGCCTTTTAATTCTATAAATTCTTTATGCTCGTTAGCATGATATGCCTTCCCGTCTAAAAATATTACTTCGCCATCAGACCCTGTTAACGTTGCAATCCCTAAATTTCCATGTTCTAACAATTCATTAATTGTAGCTGTTCCTTCTAGTAAGCCAGCCATTAACGTACCTAATGTACCATGTTGATACAAGACATTCGTCATTCCAAAAACATCTCCCTATAGTTATTCCTCGTTGTCATGCTCTACTTCGTGATTAATGCAGAACTACTTTCCTTTATACTCAATGACGCCTCGACATTTCTATTCA
NZ_CP120033.1_gap60	2652628	2654590	1962	CTCGCTGCTATTGTTGCTGGTTTAGTTGCATTTACTTATGCAGAAATGGCTGCCGCTATGCCATTTGCAGGTTCAGCCTATTCTTGGGTCAATGTATTATTTGGTGAATTTTTTGGATGGGTTGCCGGTTGGGCTCTATTAGCTGAATATTTTATCGCCGTAGCCTTTGTTGCATCAGGATTCTCAGCGAATTTACGCGGACTTGTGAAACCAATTGGCATCGAATTACCTGCAGCATTATCAAATCCATTTGGTACGAATGGCGGTTTTATCGATATTATTGCTGCTATCGTTATTTTATTAACTGCATTATTACTATCACGTGGTATGTCAGAAGCAGCACGTATGGAAAACATTTTAGTTATTTTAAAAGTATTAGCTATTATTTTATTTGTAATCGTAGGTTTAACAGCAATAAATGTTAGTAACTATGTGCCATTTATTCCAGAACACAAAGTAACTGCTACAGGTGACTTTGGTGGATGGCAAGGCATATATGCTGGTGTTTCAATGATTTTCTTAGCGTATATCAGTTTCGATTCTATCGCAGCAAACTCAGCAGAAGCACTTGACCCTCAAAAGACAATGCCTAGAGGTATTCTTGGTTCTTTAAGTGTTGCTATCGTATTATTTATTGCTGTAGCACTTGTGTTAGTTGGTATGTTCCATTACTCACAATACGCAAACAATGCTGAACCTGTTGGTTGGGCTTTACGTCAAAGTGGTCATGGTGTTGTAGCAGCTATTGTTCAAGCTATCTCTGTTATCGGTATGTTTACAGCATTAATTGGTATGATGTTAGCAGGCTCACGTTTACTTTATTCATTTGGACGTGACGGCTTATTACCTTCATGGTTAAGCCATTTAAACGACAAACATTTACCTAATCGCGCACTAGTTATACTTACTATTATTGGTGTTTTAATTGGTTCTATGTTCCCATTCGCATTTTTAGCACAATTAATTTCAGCAGGTACACTTGTTGCATTTATGTTCGTTTCATTAGCAATGTATCGTTTGAGAAAGCGTGAAGGTAAAGATCTACCAATTCCTGCATTTAAATTGCCTTTATATCCTGTGTTACCAGCAGTTACATTTGTTTTAGTATTGCTAGTATTCTGGGGATTAGGATTCGAAGCGAAATTATACACTTTAATTTGGTTTATTGTTGGTATCATTCTATATTTAAGTTATGGACTTAGACATTCTAAGAAAAATGACGTAGCTGAATACCACCCACCAAAATAAAAATCAAAAAAATCATTTCCCATCTGATTAACATCCAGATGTGGAAATGATTTTTTATTTTATATTAAGATAATCGCTATTACCAACCTTGTCCAGATATGTCATATTGATCTAAGTTACCTGCTTCCAAAGCAGTCAGTGCATCTTCTATAGTGTTTAACGCCGTGTCTAATTGCTCATATGTTATCACCAATGGCGGTTGGAATCGCAACACATTTCCTGCTACAGCTATAATAACTACGCCATGCTCAAAGCAGTAATTACAAATTTTAAGTGCCGCACTGGCATCACGTGTTTTGAATTTTTTGTCGGAAACAATATCAATACCAATGCTCAGACCTTTACCTCTAACATCGCCTACACTATTGTATTTAGATACCCATTGATCCATTCGTTTCCTAACATATTCCCCTTTTTCCGCACTAGCCTGAAGAAGCGACTGATCTTCAATCATTTGAATTGTGGCTAATGCAGCTTCACAACTAACTGGATTAGCACCTGTTGTAAATAAATGTGCTGGCGCTTCTAAACAATTCATAATCTCTTTGCGTCCAACAATTGCTGACATAGGCATACCACCTGCTAAGGATTTTCCAAAAGTGATTAAATCAGGCGTAAAATTAAAATGCGAGACTGAACTCCATGTACCTGTTCGCCCAAAACCTTGTTGAATATCATCGACAGCGATTAAAATACCATGTTCACGACAAATCT
NZ_CP120033.1_gap61	2734148	2735661	1513	TTATTTTTCTGGTCTCTTTATCGTAAATATTCCCCCTAATTTAGCATAATCATTTCCGGCTAAACGAGAAACAGCCTGTAATGCGTGTGGATTGATTTTAAAATCACCCTCATAAATACTGTCATCAATATGATAAGTTACAATTTCACCTATTATTAAATCAGCCCCATCTAATACATCTCCAAGCAATATCATTTGCGATAGTTTACATTCGAATCTCATTTTCGCATCTTTAATTCCTGGCGTCTTAATCGTTGAAGATGTTAAAAGTGATAATTCTGTACGACTCAACTCACTGTCACCATATGCTAACGGCGCTGCAGTCTCATTAATATCTTGAACATTATCTTCGTCTGTAATATGCACAACAAAGTCTCCAGTCCGTTCTATATTTAATGCAGTATCTTTTCTCTTACCTCCTGCACGTTGAACTGCAATAGCAATCATTGGCGGATGATTATTAACAATATTAAAAAAGCTAAATGGTGCTGCATTTACTGATGCATCTTGATTTAATGTTGTAACAAAAGCTATAGGTCGTGGAATAATTGAACCAATTAATAATTTATAGTTTTCTCTAGCAGTTAATGATTGTGCATCAAACGTATACATAATACCTACCTCTTTTCTAAGTATATCTAGGTATTTCTCCGATTTTGGTTAATTTAAACATCTATTCTCCTCTGAAAATCACTTGTATTTATTTAGCAAATCTTTTGAAATATGACACATATGCATATCTTCTGGATATTTTTCTAAATGTTGCTGATGTTCTTCAGCACTTTTAATGTAGTTAGACAGCGGTAAGACTTCCACTGCAATTTGATCTCTGTCTTTACGTCGTTCAATGAACTGACGCGCTTCAATTAAGTGGTCATCTACACAACTATATAAACCCGTTCGATACTTTTGTCCAATATCATTTCCTTGTTGATTCACACTGTAAGGATCAATGATTTCAAATAAATAATTCATAATGTCTGTAATTGTTAACATACGATCATCGAAATGAAGTTTGACACATTCAGTATAACCATCATACGGACCGTCTAATTTAGAGCTTCTTCCATTTGCTCTTCCTGCTTCTGTATGTATAATTCCAGGTATTGTTGCAAAAAATGCTTCAACACCCCATAAACATCCTCCTGCTACATAAACAACTGCCATATTTACACCTCATCATCCTTTTTTATATTTTTAACAAGGTTATACCATTTAATACCGCCATGACATGATTCTGATACACCTTCATTACGATACCCATATTTTTCATAAAATGAAATTAATGATTCTCGACATGTTAACGTTACACCATGTCGATGATGATTCTTAGCAAGAGTTTCAAAATAGTTTAGTAAGCGACCTGCAATACCCTGACCTTGATAATTTGGTGCTACAACAAGACCTAACACACTAATATAGCCACCTTCACTATTATTTGTGGAGACATTTTTAAATAAATCATCGCTAATGTAACGCTCTTTTATGACTGGACCGTTGATGTATCCAATTA
NZ_CP120033.1_gap62	2741587	2744150	2563	AGGTAAGTTTCCAAAACGAAGTGTATGGATTAACTTTGATGATATGGATGAAACTATTTATGAAAATGCTTATCCAATCTTAAAAAAATATAAAATACCGGCAACTGGGTTTATTATCACAGGTCATGTTGGGGAAGAAAACTTTCACAACCTCGATATGATTAGTAAAAAAGAACTAAAAGAAATGTATAAAACTGGGTTATGGGAATTTGAAACACATACCCACGATTTGCATAACTTATCTAAAAATAATAAGTCAAAATTAATGAAAGCTTCTGAAGCTACAATCATAAAAGATTTAAACAAAAGTGAAAAATATCTAACTAAAAACTTTAAAAAGTCGCAGAAAACTATAGCCTATCCTTATGGCTTGATGAATGACGATAAATTACCGGTAATCAAAAAAGCTGGGTTAAAATACGGTTTTTCATTAGAGGAAAAAGCAGTCACTCCGAACTCCAATGATTATTACATCCCTAGAATATTAATTAGTGATGATGCTTTTGAGCATTTAATTAAGAGATGGGACGGATTCCATGAAAAAGATTAGACTTGAACTCGTATATTTACGCGCTATTATATGTGCAATTATTATTATCACACATTTACTTACACAAATTACTTTAAAACATGAGAATATGGAGGGAGGATCCTTAGTATTACAATTTTACATTCGTAATATTGTGATTTTTGGTACACCTTGCTTTATTATCTTGTCACAGTTACTGACAACCTTGAATTACCAAAAAGTCACCTATAGATACTTAACTACACGCGTAAAATATATACTTATTCCTTACATATTAATGGGATTGTTTTACAGTTATAGTGAATCATTATTAACAGATTCAAGTTTCAATAAACAATTCATTGAAAATGTCCTATTAGGTCAATGGTATGGCTATTTTATCGTTGTTATCATGCAATTCTTTATTTTGAGTTATATCATTTTTAAAATTAACTATAACCTATTCAACAGTAAAATATTATTATTGTTATCTTTTATTTTACAGCAATTATTTTTATATTACTTTACGAACAACACAGCGTTTCACGATACCGTGCTACACTATTATCCATTAAGTGAAAACACAATAATATTCGGATGGATTTTTTATTTCTTTTTAGGTGCATATATGGGTTATAACTACGAACGTGTATTAAATTTCTTAGAACGTTATTTAGTTATTATGATTGTATTAGCTGTAGCTACTTATTTTGTGTTTATTGCGTTAGCAAATGGAGACTATTGGAACGTTACCAGCTTTTCATATTCATTAACACCATATAATAGTATTATGTTTATTGTTATCTTGGGTATTTGCACGCATTTTAAAACAATGTTATTTAATACGATTCAAATGATTAGTGCTTTCTCATTCTTTATTTATTTATTACATCCAATCATTCTAGACTCATTGTTTGCATATACAAATATATTTGAGGATAATACAATGGTCTTTCTAGCGATATCACTACTATTCATTTTAGGGTTATGTATAGGTGTCGGTATGATATTGCGTGAATTCTATATCTTTAGGTTTATTATTGGAAAACAACCATATAAATTGAACATTAATGCTTATTAATTATTAAGCTATGTTAAAAACACGCGGTGGGCGAAATCAGTTTGAATTGACTGACTTCGTTTTACCGCGTGTTTAATAATGTTATACATATATTCTAATTGCACATTTAAACTTCGTAAATGCCAATGGGAGTGGGACAGAAATGATATTTTCGCAAAATTTATTTCGTCGTCCCACCCCAACTTGCACATTATTGTAGGCTGACTTTCCGCCAGCTTCTTTGTTGGGGCCCCGCCAACTTGCATTGTCTGTAGAAATCGGGAATCCAATTTCTCTTTGTTGGGGCCCCGCCAACTTGCATTGTCTGTAGAAATTGGGAATCCAATTTCTCTTTGTTGGGGCCCCGCCAAGATATTACTTGAATAATTCTTTTAGAATTCTAAATAATGATCCGATTAATTGAAAGAAGTCTGCTGTCATTGTATATACCTCCCTTTACTTTATAAATTATGCTTGCTTAGTATCAGTCACCTTTTCAGTTTTCACTAAATCGTCTGCTAAATGATGCCAAAAATCTTGTAATTCTTCTCTTGTGCGCACTGTATCAGAACTGTCTTGTCCTACAAAGTCAACATGATCCCAATCATGTTTTGTAGGCGTCACTTGCCAAATGCCTTTTTGAATTTTATCCGTCGCATTTGTATAAGCTTGATTAAATGGATGTTGAGAAGAAATAACGGATACTAAACCATCGTTTTCTCGCCATTCTTTTTCAGTTGCTTTACCGATTAAGTTACCAGTAATCACAAATGGGAAAAACATATTTAAGTCTGCTTTTTGTCTATCGCTATTTAATGCTTTGTGCGTTGCTTCACCAGTGTATGTTTTATACACAATGTTAGGGTTCAACGACGTTTTACGATTTAAATCTGTTGCACCCTCACGCGTCAGATCGTAAAATCCATTATCTTTTGATTTCCATAAATTAGATTGTTTAACGCGTTTGACATAATCAATATATGATTCATTTGGCT
NZ_CP120033.1_gap63	2749186	2751881	2695	CAATCATCTTCTTATCAGTATTCTTAGCCAATATTGCATTGAGATTTAATCGTTTTATCTCTGACATCGCATCTTTAAAATGGCCGACACCGGGCAATATGATTGTTTCTGCTTGATCGATTATTTTTGAGGTATTTGAGACAACCACCTCATACCCCAAATGTTCAATAGCGCGTTTTACATTACTAATATTCCCTAATCCATAATCAACGATGACAATCATTCAATCACACCTTTCGATGACGGCACACGCTGATCATCAGTTGCAGTTAGCGCTATGCCTAATGCACGGGAAAACGCTTTGAATATAGCTTCAATTTCATGGTGTGTATTACCTCCACGAATTAAATCAATATGCGTTGTTAATCTTGCATTGATTACGACCGCTCTAAAAAATTCTTCTACTAACTCCGTATCAAACGTACCAACTTTTTCTTTACTTAATGATGCATTGAATGATAGGTATGGGCGCCCACTTATATCCACAACGACACGTGCTAATGTTTCATCCATTGGAATGTACATCGTTCCATAACGAACGAAATGCTTTTTATCTTTAATCATTTCAAGTAACAATTGGCCAATGACAATGCCGATATCTTCAGTTACGTGGTGATCATCTACGTCAATATCACCTTGTGCCTCAATGTTTAATGACAGACCGCTATGAAATGTAAACAAGGTTAACATATGATTTAAAAAGCCCACACCTGTATTAATATGCGATGGTGACTGATCATCAGATATTGAAATATTTAGTTGCGTTTCAGCTGTGTTTCGTTGTTTTTGATAAATCATATTTTGCACTCCATTCTTTAACAATTTCTTCTAATTGCTTTAACTGTGATGCTGTTGCAATTGAGTATCTTACATAGCCCTTCATCACCGGCTCATCATAAAAGCGAGGTTTAAATCCTTGTTCATATACGTATTGTCCTAATTGTTGCGCTGCTGAGCCTTTAGTAAGTACAAAATTAGCATTTGATGGGAACACTGACATTTTATCTGCAACATGTGTATCAAATATTTGTTTTAACTGCTCAGCTAACTGTCGTTGCATCGTTAAAAATTGTCTTGTCTCTTCTCTATGTCTAAAAATATAAGTCGCAATATTTAGCGTAAATACATTTAATGGATATGGATGTTCTATTTTTTGAATATGCTTTATCGTTTCAGCAGTACTAATTAAGACACCTAATCTTAAGCCGGCAATTCCAAACGCCTTTGATAATGTACGCATTCTTAAGATGTGTGGTGCCAGTTCCACGTCATATGCCGTACCATAATCTAAATATGCTTCATCAATGACAAAGTATCCGTTTAATGCTTTCATCTTATCTGCAATAGCTGTTAAAAATGCCGTATCAAATTGCTTGCCTGAAGGGTTATGTGGATTACTCATAATAAAAAATGATGGTTGTACTTCATCGATTTTCGTTAAAATGGTTTCCAAATCAAACGTTAAATCTGATCCTGCATCTACAAATGCAATTTCACGATTTACTTGTGCCGCATATGCTTGATACATAAAAAAATCAGGATTTAGCGTTAATGCCGGACCTTCTGGCATGATCAGCATTAACTTTTGAATCAATTCATCAGATCCATTTCCTGCAATAATTTGTTCAGGCGATAATCCGTAAAACTTAGCATAAGCTTCCTTGAATTGTTCATATGCTGCATCAGGATATAAATTATATGGCGTTGCACTAATAATAGACGTCATTGTTTTTTCATCCAACGGCGTAACTGGACTTTCATTTTTATCAATATAAATCATTTCAATTACACTCCCCTAAGACTGACGTATTAAAATAGACTGCTGGTGATTGTATAATGCTTCAACATGAGCAATATGTTGTGCTGAATCAGCAATTTGTTCAAACGTATCTTTTGATAAATGGATGACCGTGTTCCGTGTTAAGAAATCATTGACCGATAACCCATTGGTAAATCTAGCTGTTCTATTTGTAGGTAATACATGACTTGGACCTGCAACGTAATCTCCTATGACCTCTGGCGAATAATGTCCAATAAACAATGCACCCACATATTTCACTTTTTCAATATATGGTTGAGGATTTACTGTTTGAATCGACGCATGTTCAGGCGCGATTGTATTCATGACATGGCATGCTTCATCAAAATTACTAGCATGGATAAGGTAGTGTTGATTAGCGATACTTTTAGAAACAATGTCGTATCTGTCCACATTAGGCAATGCTTTAGCAATACGTGATTCTAAATCTTTAAGGACTTGCGCATCTTCACTAATGGCATATGTACGTGCTAATTCATCATGTTCTGCTTGTGCAAAAACATCATATACGATGGCATCTAAATCTGCTGTTTCATCAATAATAAGTGCTATTTCTGTTGGTCCAGCTATTTGGTCAATACCTACTTGTCCAAATAAATATTTCTTGGCATATGCAACAAATTGATTGCCTGGACCTACAACCTTATCAACTTTAGGTATCGTTTCTGTGCCATAAGTTAACGCAGCAATACTTTGAGCACCACCAACTTGAAATACTTGATCAACTTGCGTAATATAGCATGCTGCTAATACTTCTTGAGACACACCATTAGGTTGAGGTGGTGTCACAACGACAATATTTTCCACACCTGCTACTTGTGCTAACGTCGCTGTCATTAATACCGTTGAAGGATAACTTGCTTTACCACCAGGCAC
NZ_CP120033.1_gap64	2783208	2783708	500	TACACGATGCGAGCAATCAAATTTCATAACATCACCATGAGTTTGGTCCGAAGCATGAGTGTTTACAATGTTTGAATACCTTATACAGTTCTTATACATACTTTATAAATTATTTCCCAAGCTGTTTTGATACACTCACTAACAGATATTCTATAGAAGGAAAAGTTATCCACTTATGCACATTTATAGTTTTCAGAATTGTGGATAATTAGAAATTACACACAAAGTTATACTATTTTTAGCAACATATTCACAGGTATTTGACATATAGAGAACTGAAAAAGTATAATTGTGTGGATAAGTCGTCCAACTCATGATTTTATAAGGATTTATTTATTGATATTTACATAAAAATACTGTGCATAACTAATAAGCAGGATAAAGTTATCCACCGATTGTTATTAACTTGTGGATAATTATTAACATGGTGTGTTTAGAAGTTATCCACGGCTGTTATTTTTGTGTATAACTTAAAAATTTAAGAAAGATGGAGTAAATTT
