gap_id	start	end	length	sequence
NZ_CP014229.1_gap1	19444	19970	526	CGGGCACGCCGGAATCGCCGTCATGGCTCATAGGCAAGGGACGCGCGGATGAAGCGCAGGCCCTTGTCGATCGCTTCATCGGCCCGGGATACTGCCTGCCCCCGCAGGCCCTGGCCGCCCCGTCCGCCGAGTGGAGCGAGCTTTTCAGCACCCGCTGGCGCAAGAACACCATTGTGGGCGGCGTGTTTTTCGCCTGCCAGGTCATTCCCTACTTTTCCCTGAGCATATTCCTGCCCCAGGTCTTTAAACAGTTGGGCATGGAAGATCCCTACACCTCGGGCATCATCTTCAATCTCTTTCTTTTTCTGGGCGTGCTGCTGGGGACCTGGCTCATCGACAGGATATCGCGCCGCCTTTTCCTGACCGGGAGTTTTTACCTCTGCGCCGCAGCCCTGCTGACCATGACGGTCTGGCAGGGGATTCCTACCCTCTGGGCGCTGATCTGCATTTCCACCTTCAGTTTTATAATCTCGGCCGCCTCGGTGTTGGAATTCGTGTATCCGCCGGAACTGTTCTCCACGGAACT
NZ_CP014229.1_gap2	59468	63773	4305	AGTTTTCCCGTTTCGCGGATCCGGCGCTTTCCGCCCACGGCGGGCGGGGCTCCAATGCCGTACAGGCGTCCGCGCCCTGGCTGCCGGCCAGCCGCGCCCTTCAGGCCCTGCTGGAAGGTTCCCGCCTGTTCCTGCCCTGGTTGGCGGTCACCGGCCTGTCCGACGTGCGCTTTCATGAGCCGCCCCCGCTGCCGACCGGCATTACCCGCGAATGCCGTCTCACTGTGGAAGCCCGGCCCTGGTTGATGCATGACCGGGTCATGACCCGTATGTGCCGCGCGGACCTCGTTGTCCGCCAACTGACGGACAACGGCCGCCATACGGAGCAGTACGCGCCGGTGGCTGAAGGCATGGTGCTGCTGGCCGCCGCCCCCGCCGAAGTACCCCCGCTCTGGCCCGCCGCCGGTGCTGACGGCGTCGATGGAAAGCCGGTGGACGGCGAGGGGCGGGAGGAATTGGCCGTATTTTACGATGCGCTGGGGCTGGACGCTCCCTGGCGTTTGCTGTCCGGCTTTGCGGTTCTGCCCGAAAATATGTACCGGGCCGCTTTGCCCACACCGGAAGAGCCCATTGCTCCCGAAGGGAATTGGGGCTATACTGATTGCCTGTATATGGTGGAGGGGATCGTGCAGGCCGCGTCGCTGGCCTTGGCCCTGGCCCGGCAAGGGGACGGCCCGGTGCGCGCGGATGGTGTCGGCATGGCCGCCGAATTGTGCCGCTGGCGGCTCAATGCGGCTGGTTTCATCCGTTTCGGCGGCGAGCGCGGGGCAAAGGGGCCCTGGCGTCTGCAATTGCGGCGTTCCTGGGCCGACGGCAGATTGCAGCGCTTTGACGCTCAGATTTCCGATGCGCGGGAGCGCGTATTGCTGACCCTCCATCACCTGGAATTTGACCGGCTGGAAACGGCGTCTCTTGAACAGGAGCCGCCGTCCGCCGTCGTTGCGCAACCTTGACATGGCGCGGCGCCGTTTTCCGGCGCAAGCCCGCAAAGGGTCAATCACCGATGCCGCATTTCGCATTACTCACGCCGTCAGCGCGCGTTTTCCTGCCGCTGCTCATGGCCCTGACCCTGTTTTTCCCGGCCTGCGCTTCCAACAAGGCCGGACTCAAGTCGCCGGAACTGCCGGCCAGGCACTGGCTGGAGGAAGCGCCGGGCGTACCCGTGGAAAACAAGACCAAGCTGGAAGCCGCCGTGCCCAACCTGTACGACGCGGGCAAAACTTTCGGCTTTGAGGACTGCGTCTTCCTGACCATCCAGCAGTCTCCCCTGCTGGTCAACAGCGCCGTGAACCTGGAAATCAAACGCGTGGCCCTCACCGACGCGGTCTGGAAGTATCTGCCCGAGCCGCGCATGACGCTGCAGGTTTCCAACAACCTGACCCGGCTGAACATGGACAGCAAGGATACGCCCGGCGATTACGGGCGGACCAAGTTGCGGGTGGGCTTTTACGCCGCGTTTCCCAATCCCGTGGCCACCTATTTCGAGCATCAGGTGCAGAAGATCATGGTCAATCTGGCCATTTCCACGCACCGCAAGGCCATCGGCGAAGCCATTTACAAAATCGCCCAGGCTTATCTGAAGCTTCAGGCCCAGCGCAACATCGTGGCCGCCCAGAAGGAACTCCTGCCTGTGGGCAAGGAGCTGATCTCCTACTGGCAGCAGGTGGAGTCCGTGGAAGGACGCCAGGGCGTGTCGCTCAACCTGGCGACCCAGCACCAGCGCGAACTGGAGCTGACCGTCGAAAAGACCACGATGGAAGAGATCATGCAGCGCACCCAGCTCAAGATCCTGGCCGGGGTGGAACCGCAGCAGCGCCTGAATGTGGATACCGGAAGCGCCGACGGGATTCTGGCCGGTTTTGACGGACACGGGCTGAAGTGGGAAGAGCGCTGGCCCGCCACCGAGGACGATCTGCTGCTGCGCGCCCAGGTCAAGCTGGGCGACTACAATATCATGGTGGCCTGGGCCCAGTATATCCCGGACATGTCCATTCAGATCAACAACAGTCCCCCGGCCGGACAGTACCAGCCGGTCAGCGGCCAGGAAGACACCTTCCTGCACCTGACTTTTGACTTCCCCCTGCTGGACTGGGGCCGCCGCTATCGCGGCGTGCAGACCGCCCGCATGCAGAAGGCCCAGGCCTTCCACGAAATGGCCCGCAAACGCACGGATTATTCCAATACCTGGCTGCAGGCCGAGCAGCGCGTGGCCCTGGCTGAAACTCAGCTCAAGCTGGCCAAGACCCGCTTCGGCACGGCCGAACTGCAGTACAAGGAAGCCCGTATTTCCTTCAACGAAGGCACGGAACAGCTGCCCGTGGTGGCCGAGCGCCAGGAGGCCATGACCAACGCCCGTATCGCTTATATCGAGGCGGAGCTGGAATATAAGCTGGCCAATCTGGAATGGATGTACGTCGCCAATCTGCTGCAAGAGCGTTTCCTGGGCCTGCCCGCCAAGGAGTTCATGTGATGCCGTCCCTTATTTCCCCTTCGCGTTTTCTTCAGCGCGCGCATTGCCCGGGCCGCCCAACCCGTGTGTCCCGGGTCTTCCGTGCCGCACTGGTCGCGTTGGCCGCGCTGCTCTGGGCCGCCCTCTGGCCGGTCGCCTCCGGCCCGGCTCTGGCCGCCGAATCCGCTGCGTCCACTACCATCCTGACCGGCAAGGTGGTCACCACCGTAACCCGCGCCGTGCCCATCCCCTTTAACGCGGTAGTGGACGAAGTGCTGGTCAAGTCCGGCGACGCCGTGGAAAAAGGCTCGCCGCTCCTGCGCTACCATCTGCAGGAAGAAGCTGAACGGATTTTGCAGCGCGAAGTGACCATCGGCGCGGCTACCGAGAGTCTCAAGGGCCAGGTGCTGGACTTTGAGCGGCAGCTGGCCGAGACCACGGCCCAGCGCAACAAGGCCCGCCAACTGGTAGCCTCCGGCCTGGGTTCCCGTCAGGCTCTGACCCGGCTGGAGGACGATGTGGACTCCCTCAAGCGCCGCATCGAGCTGTTGCGCACCACCATCCAGAAGACCGAAAGCAACTTCGCCTCCCGCCTCAGGGAGCTGGAAGGTTATTACGGCGTGCCCATCAAGGAGGGCGAACAACTGCCCGTCACCCTGGTGCTAACCTCGCCCATCAAGGGCTATGTGCTTTCCCTGGACTCCACGCTCAATCCCGGCACGGTGCTGGCCGCCGGCACCATGCCCATTCGCGTGGGGCAGCTCAATCCCGTGCTGATCCAGGTGCCGGTCTATGAGGCCGAAGTGAGCGGCATCAAGGAAGGCGACACCGCCGAAGTGGAAATCCCGTCCCTGGGCAACCGGAAATTCACGGGCACGGTCAATGAGATTTCCTGGGTCTCCAACGACATGAGCGTGGGCAATCCTTCCTATTACACGGTGGAGCTGACCGTGCCCAATCCCGACCTTGAATTGAAGCCCGGTTTCAAGGCCGTGGTGCGCTTCAGCGGCGGCAGGTAAGCCGCCTCCATGAAGCTGAAAAGCATTCCCCGGCGGCTCGGCTATATTCTGGGCGCGCAATGGACGCGCGATCTTTCCTGGACCATATTCACCATTCTGCTGGCGCGCCGCAGTCCGGACATCATGGGCCAGATCATTCTGGCCCTGACCTACGGCTATCTGGTCAAAACCGTGGCCGACGTAGGGCTCAACGATTTTCTGCTTTCCACGTTCGCCCGGCGCGAAGGGCGGCCCCGGGCCTTGCTGGGCGAGGTGAGCTGGCTCAAAATGGTCGTGCTGCTGGCCGCTTTGGGCGTCACCTGGCTGATCACCGGCTGGCAGCACTACACGCCGGAATTGCGTCTGATCGTGTTCTGCATTGCCGCCGGACTGGGGCTGGACGCGCTCAGCGATTCCTTTTTCGCGCTCTGCCAGGCCCGTGGAAGGCAGGATGTGGAAATGCGCATCCGCGTGCCGTCGGCCCTCATCGGCATCGGCTACGGCATTGCCTGCGTGTTGCTGCACGCGCCGCCCATCCTCATAGCTCTTTACAAGCCCCTGGAATCCCTGCTTTGCATCGCTCTGGCCCTGAGCGCCCTTGGCCGCAATCCCTTGGCCGGGGTGGGCACGAGCGGCATGCTGGATCTGGCCCGGCAAATGAAGAGCGGGCTGATCTTTACCTGCATGGCGGCCTGCGCCATGTTTTACAACAAGATCAACGTGATCTTCCTCAAACAATACGGCGGCGACGCGGACGTGGGCGGCTACGGCGTGGCCTGGGAAACCGTGGAAGGCCTTTCCGTGCTGGTTTCCAGCGCGCTGCTGGGCAAAGTGATCTTTCCGCTGCTGGCCAAGTCC
NZ_CP014229.1_gap3	74518	78490	3972	GGAACATCCGCTTTACAACGCCCCAGGTGGTGCTGGGGCAGTCGATCTTGTTCTGCTTGATGAAATCAAGCGATTGCTCCTGCCCGCCGGTGGTGGGGATGCAGAAGGGCACGGGCGATTTGGCCCAGTACACCATGCGCCAGACCATCCCGGCGATGAAGACGACTACCGCCACATAAGGCAGCGCCACGCCGAACAGAGGGGCGAGTCCCGCGCTCGCTCCCGCCCAGGCGATGGCCCCTATGAGCAGCACCAGCAGTAATGATGAGAACATTCCCTACCTCGCTTGACTACAAGTTATCCTGAAACCGCCCGGCGGATTCCGGCCGGGGATTTCAGGAAGATCGTTGCGTCCCACACGCCTGTGGGCCTTGCCGTCCGCGTGTTTTTGCCGGGGCTTGTCCGGCGGCGTGCGCCGCCCCGGATCGGGTTTTCCCGTGCCGCGCGCGTGGCTTTTCAGGGTGCCCGGCGGGCCGTCGCCGACCGCCGTTCCACAGTAAAAAGCCGGCCGTGGACACTGTCCGCCGCCGCGCTTCGGCATCAGGCCGCCTCCCGCCGCCGCGTCAACGCGCGCCGGACGGGCCTTCCTCCAATGTCTGCGCCCAGCGCGCCAGTTGGGCGTACTGGTTGCGGATTTCCTTGATGCGCGACTCCGCCAGCGTTTCGCGGGCCGCGGTATAGATGTCGAAGGCCAGCAACGCCAAGCTGTCCAGGCGGGATTCAGCCGTGAGATAGGCGTCAAGCTCCCCCTGTTCGGCCAGCTCGGGCAAAATGCGCTCCCGCAGAAGGGGCTTCATCAGGTAAAAAACCCCCAGGCCCTGGCTCGGCGTGAAGGTCTGCACGGCGCGCAGCTTCACGAAGCGTTCCAGCGCGTTTTTGACCGTGGCCACCTCCACCTCTTCTCCGGCCACGGCGTCGTACAGCGTTCCCGCCGCCTCCTTGGTCATATTTGCCACGGGATTGCCGAAAGCGTCCTGCTTGGTGCGCAGGAATCCGGTGGTCTCAAAGGGATAGGTGGAGTACACCGCCTCTGTCCAGAGGCGGACCACATCATTTTTCCGGCTGCGAAAAATTTCTTGTGCGTTCATGAATTCCAGCCAAACGGCCAAGTATATAGATTCCTCATATAAGGGGGAAGGGCAAAGCGCGTCAAGCCCTTTCGGTCATTTCACGCACTGTTCCCGGCCCCGGAGCCTCGGGCAAGCATACGTCGCTTTTGGCAAAACAAGCCGGGAGCGGACGCGTTGCATGCCGTGAAAAATTTTGCCCGTCAAGAGGCATGCCGGAAGATTTAGGATTGTGAATTTTTATACAAGATGGACACAAGCCTAAGAAGAAAGAAAACGGACGGCTAAAAAAAGAGCATGAAGCATGCCCCGTGCGAAGGCATGAAGGCTCAAGTGCAATCAGGCCCTAGAGCGTTTTGATATTGAAAATATCTCAACGCCCTGTGCGGATTTTTCATGAAAATCCGCACCGCGAAATTATCGCAAGGCGAATTTACTTCGCCGTTAAGCGATAATTTCAAGCGCAAAATGCTCTAGGGTCTGTTAACACTATAGAATTTTTGTTCGCCTGCAAGGAAGATAAACCTGCTTTGAGGGAGTGTACTCTTCTGGTACTCGACCGAAAAAGCAGGTGAAATCTGACGCGGCAGGAGGGCAAAAAGGCATAGCGTTAACAGGCCCTAGGGGCAGGGGGTCGGGCCTCCGCACTGCCCCGCCACCTGCGGGTCCAGAGGCAGACCGGCGTCCTGACCGGCCTGACCTGTCGGGTCGGCTTGGTCGGACGGGGGCAGGACGGGAGACTGCGCCGCCGGAACGCCAGGTCGGCCTTCCGTCTGGTCGGAAACGGAACCGGGGGATTGGCGCTGTCTGCGCTCCTGCTGCTTGACCAGCATGCCGGGCAGGCCGTGATATTCAAAGAAGGGCACGGTCTGCGCCCCGGCGGAAAAGACATGGGCCTTGTTGCGCAGCATCTTGAAACGCAGCCAGAGCAGATCGGGGCTCAAGGACGCGAGCCCGCGCGGCACGGCCACGTTCTGGGACTGGGCCAGCGCCTCGGCCAGATTCATGCCCGCGTCCAGCAGGCGGCGCATCTGGGCCACCTTGTACACATCATTGTCGTTTTCGGCCAGGGGATAGAAAGCCACGTCCACATGGCCGGACAGGATGTTGATGCCCTCGCGGCAGCTCGGGCAGGAGGGGGAGAAGAACATGCGTACCGTGGCTTCGTCACCGGCCCCCATGATGGGCCAGACCTCGGTCTGCGAGCGGGCCACGGCCCCCACGTTGACGGTAAACAGCAACACCCAGATCCAGAGCAGCACGGAGCGGCGGCCATGGCTGTCGCGCCCGCGCGCCTGCGCCGGTTCGGCCTGCCGGAAGCCCAGATAGCTCAGGGCGAAGAACACGGCCACCACCAGGCAGCTCACGCAGGGCGCGGTCAGGGCCATGAGCAACAGCAGGCAGATATCGCCCAAAAGGGCCAGTCCGGCCAGAAGACGCCCCGCGGCGGCGGCCCCCAGCAGGGCCAGCAAGGCCAGCAGGGCGAAGGTCCCCGTGCCCAGCCACCAGAGCGAAACGCCGCCCACGGTGAAGTCCTGATACAGGGAACAACCGGCGGTCACGCAGAAATTGACGTCATTGCCGAAGGCGCTCCAGACGCAGAAGGCCGCTGCCAGCAGCGTGACGCACAATGAGCCGGTGAGTATCTCGCGGGATCGCTTCATGAAACACCTGTGGGTATGGCTGTGCGGCGCGGACGTGTCGCGCCGATGTTGTCGGGATTGCTCCGCCGGAGTGATCTGGGACGTGCCGCTGAGAGAATCGGGGCCACAAAAGTACAACATCTATAGGCTGTTTTTTACTTTTCGTAAAGCGCGGGGGCTTTCGGCGGCGGAGCAGGCGCATCAGGGAGCACGGCCTGTGCAAACGCTCAACCCGCGGATGCGCTTGCTTCGCATTCAGCGGGGCACATGTCACCGGGCGGCACCGGCGGCATCGGATGGCAAAGGTCGAAGGACGGCTCTTCCGGGGACTTGCCTTGGTCCGGTCCCGCGGCTTATTGAGAAAGAGCGTGCCGCGCCTTGTGCGCGGGAAACGGCTTTTCTCCTTTCGCGGAGGCCCGCCATGCCCCTTACGCCCCTGGAATTGAGCTGCGCCGCCCTGGCCGTGTTCTGCGCCGGCCTGGTCCGGGGCGCCACAGGTTTCGGCTTTTCCATGATCTGCATTGTGCTGCTGACCCTGCTGCTGCCCCCGGCGCACATCGCGCCGGTGATCGTGCTCTGGGAGATCGCGGCCAGTGCCGGGCATTTGCCCTTTGTCTACAAGGAAGCGGATTGGAAAGCCCTGCGCCATCTGGCGCTGGGCGTGGCCTTGGGCACGCCGCCGGGCGCGTACTGTTTGGCCTCGGTGCCCGCCGCGCCGATGACCGCGGTCATCAATACGGTCGTGCTGGTCCTGACGGGCATGCTTTTTTTCGGCTTCAAGCTGCGGCAGCGGCCGGGCCGCTGGGGAGCCTGCGGGGTGGGCGCGCTCACCGGGCTGATCAACGGCGCGTCGGCCAACGGCGGGCCGCCGGTCATTCTCTTTTTCCTGTCCGGCCCTTCCAGCGCGGCGGTGAGCCGCGCTTCGCTCATCGCTTTTTTCCTGTTCACCGACGTGCTGGCTGCCTTGGTGTATTGGGGCTACGGCCTGATGACCGGCCAGGTTTTCCTGCTGGCCGCCGTGATGCTGCCCTGCGTGGGCCTGGGCATCTGGCTGGGCTCGCGCTGGTTCCGGCGCGTGGACGAGGTCCGCTTCCGGCGCGTGGTGCTGGCCCTGCTCCTGCTCATAAGCCTGGCGGGCCTACTGCCGTCCCTGATCAGCATCACGGGCTGAGCGCTTCGGAAAGCGCTTGTCCTTTGCTGCCATGCGGGGCACACTGTCTGGAGTCTGTCGTCATGAGCGTCTCTTGGGTTATCTCCGTGTC
NZ_CP014229.1_gap4	179906	183795	3889	CCGGGCTATCTGCCGGCCCCGCGCAACAATATCGCGCCGTCCACGGGACTGGGGGGAACGGGTGGCACCGGAGGCATGGGCGGAGCCGGACTGCCGGGACGCGGCGCCGGAGGGCGTTGAGATGCGCGCCATGCTCTGGGAGCCCTTGTCCGGCGGGACCGGCGGGGAAGTGCGATGCCGCTTGTGCGCGCATGCCTGCCGCCTGAAGAAAGGCGGCAAGGGGCTGTGCGGCGTGCGGGTCAACCTGGGCGGGGAAATGGTTTCCCTGGTGGGGGATGTGGTCACCAGCGCCCAGATGGACCCGGTGGAAAAAAAGCCCCTCTACCATTTTCTGCCGGGCAGCAAAACCTTTTCCGTGGGCAGCGCGGGCTGCAACTTCCGTTGCCGGTTCTGCCAGAATTACCAGATAGCGCGCATACCGGCCAACGGCATGGTGCCCGGCAAGCGCGTTACGCCGGACGCCCTGGTGCGGCTGGCGGAAAAGCACGGCGCGCGCAGCATGGCCTTTACCTACAACGAGCCCACGGTCTTTTTCGAGCAGGTCTATGAAACCGCCGGACTGGCCCAGGCCATGGGCATGCGGGTCATTCTGGTCAGCAACGGCTTTATGGCCGAGGACTTTCTGCTGCCCCTGCGCCGCCGGGTCAATGCCGTCAATGTGGATCTGAAATCCTTCAGCGACGATTTTTACCGCGACTATTGCGGCGGCCGCCTTCAGCCCGTCCTGGACAATTTGAAGGCCATCAAGGCGCTGGGCTGGTGGCTGGAAGTGACCACCCTGGTCATTCCGGGTTGTAACGACAGCGAAGCCGAACTACGGGATATGGCCGCCTTTGTGCATGGCGAACTGGGCCCGGACACGCCTTGGCATCTCTCGGCCTTTCACGGGGCCTATCACATGGCCGGGCATCCCTCCACGCCGCCGGCCCGGCTGGAGGACGCCTGGCGCATCGGCCGGGAAGCGGGCCTGCATTTCGTGTACATCGGCAATGTGTCCAGCGCGTTGGGCGGCACTACCTTTTGTCCGGCTTGCGGCGCGCCGGCCATTGAGCGCCGGGGCTGGCAGACGCGGCAATTGGGCGCGCCGGGGCAATGCCCTTCCTGCAAGGCTGCTCTGCCCGGAGTCTGGAGGTGATTTTGGTCTATACCGGCAACGGCAAGGGCAAGACCAGCGCCTGCGTGGGCCAGGCCGTGCGCGCGTTGGGGCAGAACATGACCGTGGCCTTCGGCCAGTTCATGAAGCGGGACGGCCAGGCCGGGGAGCAGCGCATGCTGGCGCAATGGCTGGGCCCGCGTTTTCTGGCCGGAGGCGAAGGCTTTCTGCGTCGTGAGAAGGATCGCCCGGCCCATCGGGCCGCCGCTCTGCGCGTGCTGGCCTGGGCGCGCGCGCGCGTGCCGGAGGCCGATATGCTCATCCTGGACGAATGCCTCTACGCCCTGGACGCGGGCATCCTGACCCGGCAGGAAGTGGAGGCGCTCATGGCCGAAACCCGCGCTGCGGGCCGCCATCTGGTGCTCTCCGGCCGCAACGCGCCGGACTGGCTCGTGCGGGAGGCGGATCTGGTCACGGAGATGGGCGAGATCAAACATCCCTGGCGGGCGGGCGTCAAAGCCGCGCCCGGCATTGAATTCTGAGGTTTGCATGCCTTTGCCTGAATTCTCTTCCGAAGCCCCGTTGACCATCTACGTGGCCGGTTCCTTCAAACACAAGCACGGCGTTCGTCTGCTGGGCCGTGAATTGCGCGCCCTGGGCTGCCGTATGCTGGACTGGACTGAAAAGGCCGTGCCCCCGCCGGGCCTGACCCCGGCGGAGCGCCGCATCTGGATGGATACGGACCGGGACGGCGGCCAGGTCTATGCGTTTTGCCGCAATGCCTGCCTTACGGCGGATCTGGTGATCTACTACGGCGCGTCAGGCCAGGATGCCGGAGTGGAAGTGGGTCTGGCCGCCGGAGCCGGGGTGCCGGTGCTGGGCATCCGGGGCCCGCTGGAAGGGCCGGGCCTCATGCTGCACGGCGCGGTCAGCGTCTGGGTGGACGGCGCGGAGGACGCCCTGGATCTGGTCGGGCGGGTGCTGGCCCATGCCGCTGCGGCCTGGGCCACGCTGAATGCCGAACCGGACGCCGCCGTGCGTCGCCTGGGCGGGGCTTTGCTGCGGCGAAAGGGCTGAGTATCTGCACTGTGGCGACATGTTTGCTTCACGCTGTGTAAAATAATTTATACTGAAAAATCGTTGACATAGATTGGAGTATCACGTTTATTCGTAATATGCCAAAATGGAATGACGGCAGCCTGCGCATGGTTGCGCGGGCCGTGTTTGTTGTCCTGCTGCTGACGTTTTGCACGCCCTTCACGCTGTTCAGCGAAGGACGGCAGTACGTCATGCAGAGCCACGACGAGAGCTCACACCACTATATCGTTCCTCTGCCCGGTGATGAGGCCTCCGCGTCCGCGCCGGTTCTTCTCAGGCGGACCGTCGTCTTCCGTGTCGGCGAAGCCGGTTTTCCCGTTCCTCCCGCCCATCCTGTTTTTTCTCTGGACCATCCTCCGGAATAGCCCCCATTGCCGTGCCGCGAGCTTTCTTCTTTCGCGGCATCCATCGGCGACCGGTTTCCTGTCCTCCGTATGAGCGCGGCGTTGCGCGCGCTCCGCGCGGTTCACGCGTCGATTTCTTTCGGGGTTCGCGGCCCGTCTCGATCCGCGTCAGAACCCGGCGGAAGCCTCGTTGCGCGCCCGCGCCGTCCCCCGGTGCAGTTTGTGCTTGAAAAGGAGATTCCAATGCTTACGGCGCTTTCCGGATATATTCGCGACAGATGGCCGTTTTCCCACACAGTCCGCATTGCCGGGCTGGAAAATTTTGTTGAGCGCTGCCATGCGGAGGCATGGCACATTTATGCCATTAAAAAACGTATCTGGCGGCGGCATGTCTGCGTCGCCTGCGGCTGGCTGGCCGACAGCCTGCCCCGCGACGCGCGCATCTTCGAACCAGGATGCGGCAGCGGCGCGAATCTGCTCTGGCTGGCGCAACAGGGCTTCACCCGCTTGCAGGGAGCCGATATTTCCGCCGAAGTCGTCGCACTTTGCCGTGGTCTTTCACGCCAGACCGGAGCGAGTCTTGATGTCTGGCAGGATGACGGTCTTGCGCCGACGCGTCCGCCCCGGCGCGTGGACGCCATTCTTTCGGTCAACTGGCTGTATCACATTCCCGGAGCTTCCATGGAAAGTTTTTTGCGTACCTACCGGCCCTGCCTGAACACCGGGGGAAAAATTGTCTGCGACGTGGTTGACGCCTCCTACAACCGCGTTACCGACAATGAGTTCCACACACGCGACAGGCATCTTCCCCCGCTGCGGCGCAGGCCTTCGGAATATACTTTCCGGCTTTCCCGTGAAGAAATGGAGAATATCGCCGCGCGCCACGGCTTCAGCATCGTGCGGCATACGCTGCTGCGCGCGCGCCCGCAGAGGGCCGTATATCTGCTGGAAAGCAGGTAGAAGGCAGTAAATCAAGGGAACACTGATACGTAAAGGGGACGCGGCCATGCCGCGTCCCCTTTACGTATCAGTGTTGTTCAGAGCTTATATGTTCACCGGTTGGGACGGCGCGGCCTGGGGTTGCGCCGGAGGCGTGGCCTGGGGTTGCGCCGGAGGCGTGGCCTGGGCGGGCTGTTGGGCCGGAGTCCGGGCCGGGGGCAGCTCCCGTTCGCCCACGCCTTCCCGGCCCGCCTGCGCGCCGGTCTGCGCGTCCGCCTCCGCCGGGGCTTTGCCCGGCCGCTGGGGCAGCATCAGATAGCTGGTCACCGAGGTCACGCCCTTGACCTTGCGCGCGGTACGGATGGCGATCTGTTTTTCCTCGTCGTCCTTGACTACGCCCAGCAGAACCACGCGC
NZ_CP014229.1_gap5	273609	278349	4740	CCGAAAGGCCGTCAACACCACAAGCCGTCTGCCAAGAAATTTCCCCTCTTGAGGGGCGGCAACGACAACCAGACTTTCTTTCCCTTCATTCAGGGTAAAGGCAATGGCCCTCCCCCCGGTCACCTTGTTTTGAGCAAGGGGCGTCGGTTCACCGCGCACGATAACTTCCGGGATGGCACTCCAGGCATTAAAGTCAGGATGTCCCGATTTGATATGCCGTACCTGATCCGATGCAAGGATTATCTCGCTGTCTGGAATGTTCAGATCCGTCCTGCCAGCCGTGCCCAGCCCAAAGTATGATTTTTTGTCCTGCGGCGTTCCGGCCAGCACTTCGTCCACAAAGCCTTGGAGCGTGGCCGCGTTGTTTCGGTACATGGCTTGAGCCAGCGCGGCGGCCCCCTGGGCCTGCTCGCCCTGGGCAAAACTCCGGATGCGCAGCGTTTCCACCGGGTCAGCGCCGTATCTGGCGCGGAACGCCTCGGCATTGGCCCGTTGCAGGGCCGTATATCGTTCCGCCACATGAGCGGGGAATCCCGCTCCCATGAACTCCTGACGCAGGCGGCTTTCCTCGGCGCGCAGGGCGCGGCTCTGTTCCCGGCGCTCGGCCAGTCTGAGCGCGGCGGCGTCCAGTTGTTCAGCCGGATTGAACAGCCGGGCTTCCTCCCCGGTCAGTCCGTCCGGCTTTTGGCGCACGGCATCCAGCAGGGCGGCGCGTTCCGGCCCGGCAGGCATGGAAAGGATGCGCACCAGCGGGACTTCCACGGGAGCGCCCGATGCCTTGGCCGCTTGCACCTGTTCCACGGTCAGGCCGAGTTGGGAGAGTTGCGCCGGGGTATCCGGGGACATGGTGGGTGCCGGGCCTTCCTCCTGCGCCGGCTCCTGACTGCGGGCATATTCGCCTTGGGCAAAGCTGGTCAGGCTTTGCGGGTCAAGAAAAACTGTCCGCGCGTCCTGGGGCACAAGGTTGCCGTAGGCCGCTTCAAAGGCTTCGCGGCTCTTGCCCTTGAGCTTGGTAGCGTCGCCCACCTCGGCGGCCCGGCTCAAAGCTTCGCCAAAAGCAAGACGCTGTCCGGCTTCCGCCTCCTGCCCGGCCACTTCCGCGATGGCGGCGGCCACGCCGCGCTGTTCCGGAGGATAGTCGGCAAGGTCAATGGCGGGCTGTTCCGTGCCGGGGTTGCTCCCGGCTATGGCGCGCATGCCTCCGCCCATGATCCCGGCATAGAGAATCGGGGTCCAGTCTTTGGCCCCTTCCAGGGCCCGGCCCCATATTTGGGCGGCGTCCTCGTTTTTGGCAATGCCTTCCAGCGCGCCCTGAATGGGATTCTCCGCATACTCGGTCGCGCCTTCCACGGCTGCGGCGCGCAGAGTGTTAATGGCGGTCTGAATCTTGGGCGGGAGTTGGGCCACGGCCTGATCCAGTCGCGCCCCGGCCACGTTCATGGCCCGTTCCACAAGATGTTTGCCCGTGCGCGGGGCCACTTGCGGCAACATGGCATCAAGGCCCACCCGCTCCAGCAGGCCCGTAGCCATGCCGAAAGCAGCGGCGCTGAGCAGGGAATTTACCACGGGCACATCATCCCGGCGCAACTGCTCATAGTGGGCCGCGCCTTCCTGACTGCCGCCCATGACGGCCCCGGCTGCGGGATTGGTCATATATACCGCTATGGTCGGGAGCATCTTTGCCGCCATGTCCCCCACATTGCCCACCACGGCGGCCAGGCCTTCGTCCGAAAGCAGCGTGGTCCAGTCTTTGCGGATTTCCTCATTGCTCAGACGCCCGGCAGAAGGGAGAAGTTCAGCCAGCAGCGCACGGGAGACATCGGCCTGGCGGCGGCCAAAGCCTTCTACCGCCGCCCCGGCGTCGCGCATGCCCACCGCCTGCATGGCCCCGCCCAGCGCCTGAACGCCCTGATACGCGGATTCCGCGATATTGAGCGGCGCGCGCGGGAGCACATTGACCAACTCCCTGCCCGTCCGGCTGCGGTTGATTGTCTCAACACCCTTATGGAACAGGTCAGCCGGGGCGGACAGCAGTTTGTTGAACTGGTCGGCCAGGGGCACTTCCGTATGAATGAGACTGGCGCAGTCCAGGTCGCCCAGCACTTGCACCGTGTCCGTGGAGAAATCGCCCATTGCCTCAAGAGCCAGTTCGCGCGCCGCTCCGGTGGCCAGCTTCTCGTCTTCAAGGCTGGTATAGGTCGGGATGCCTTTTCCCTCCCGCACCTTGAAAGCCGTCACCGCCGCGTCCTGGGATTTGCCCAGCGTGTAGGAGAGTACGCGCCGGGCCTGGGCCTCGGTATTCTCGGCGGCCTGTATGGCGTCGGGGGCGTGGAGTTGCAAGGGGCGGGTCATTTTTGCTTGGGCTTCCGGGGAAAGCTCATGTTGAGCAAAGGGGTTGGTAGCCTCAACAATCATATTTTCTTGGGACATTATTTTATCTCTCCTTCCAGCCAGTCGCGGTAGTAAATCTGTCTATTCTCTTCATTCACAGTATAACCCAAGCCCTCTAACCGCTGGTCAATCCACGGTATTGCCTCTTCAGGAACCTCCACAAGACGGAAAGAAGGATCATCACGTTGAATCTGCGGGAAGGTATAGGCGGGTTCCTGATTCCCAGCTCCCCAGCCGCTACCGGAAAACCATGCATCATTTTTTACGCTGATTTTTCTGGCAAGCTGTCGCGCGGTTTCCAGCCGTTGCGCCGGATCAGTAAGGCCCGTCATTCTAGACAGAATGACCCTGTATCCCGCCGTGGCCTGGGAGCGGGTGTAGCCGAAATCGTCTACCAGGGAGTCGGTGATCTCGTCCTGCATCAGCTTTTCGCTCTGCTTGGTCGCCTCGTCCCTGGCGATCTTCACGGCTTTCCCCAGGGCAGAAGGAGGCAGTTTGTCCGCATAGCGGTTCGTAACCATGTCCGGACGGACGCCGGGCTGCGCGGCATAGGTCTGGGCCTCGGCCAGCACATTCTTGTCCACCGGGGCCTCGGTGCCGTTGATTTTGAAATTTTGGTATTCCTCAATCTTCTTACGCGTTGCGGGATCAGCGACCCCGACAAGCACGCCGGAAAGCAACGCGGCCTTCTTCTGTTCTGATTCCTGCCCGGCAAGGATAGAATCCGTTTGGGAAATGGCATTATCGTAGGAAGCGGCCTTGTCCCGTTCCTCAGTCTGGGTCTTCATCCGCTCGTGCAGGCTGGCATTGCTCAGATAGGACTGAGTCACCCGCGCCCGTTGCACCGGGTCTTTGACCTTTTCCTCCAGAACCGACTGTACCTTGGCGGCGTCATCGCCGTATGTTTCAAATAGCCCGGCTCCAAGATTTGCGGCCTGAACCGTGTCGGCTCTCTCCTGCGTCGCTCTGGCCTCCGCCTCCATCCGCTTGGCTTCGGCCCTGATCCTGGACTCGTACTGCGTAGCCGCCGCACCGAGATAGCCCTTTTCTTTGTATACGTTGAACGATTCCTTGGCGTGGCCGAGATTGCCCTTCGCCAGAAAACCGTCGATGGCGGCGCCAGCCATCTTCTGCGTGAGTTCCGTTTCCATCGCGCGACGGTCCAGGCCGGGAAACATTTCGGCATAGAGTGCTTTGATCTGCGTTGCCTGCCTGTCCACGTATTCCACGTCGCCGGGATTGTTGGCGATATTGCCCAGCGTTTGGGACAACAGACTTTCTGCCTGGCTCTTCTGCCATGCCGTTTTCTGCTGTGCGCCGTAGGCTTCGCCCTGTTCTCTGAAATGCAACCCGTATGTGACAGCGTTTTGCAGAAACATGTTCCGGAAGCGGCCCGAGAACTGATCAGCCAAAGGATATGCCGTTTCTCTGGCGAACTGCGCGAAATGCTCACCGGCTCCTATGGCGTTTTCGCCCTTGTTCTGTTCCATGTAGCTGCTGCGTTCTGTGGAAAGCGCATTCTGGTATTCCAGCAAGGACTGAGTCACACGGGTGGTTTCATAGCTGGCGTATTCCTTCGCCATGACCCCCGTGAGCTGTTCCCCGGCTTTGAGCAGCCCTTGGGTGCCCGTGGCTTGGGCTGAACCGGCCAGATTCAGATTGCCGCTTTGCAGCCGTGGAGAAGGCGTGTTGACCGCAGCCTGTTTTGCCATCGGATTGTACACGACAAGAGGATACATGCTTTACCCCCTGGCCGTTTTGATATGGGCTTCCCAGTCGGCCAGCGCCATTTTATAACGATTGAGTTGTGGGCTGTTAGCACCACCAAACTTGACTATGATAATGTCTTCATTCTCAACGTTCGCGTCTTGGCCACGCAGTTGTTCCTCTAGACGGCTGAGCGCGGAAACATCCTCTACTGTCTGGACCTCTTGTGATTCATCCAGAAGCAGCGCTTTTATTTCATCGAGCAACGCAAGAATTACGCGATTTTTCATAGTGTCCATTAGTTTACTCCGTGAGTTAATAGTTGTTGTTCAGGTACTGTTTCTTCAAGCCACAAAACTTTTCCAAGGGGCTGTTACGCATGGAGTCCCGCTTGCAGTTTTTCCAGGTGGAGGGCCACAGCGGGAGTGACGCCTTTATCAATCAGCCTGCGCCCCATCTCGCCGAAGGTGTCGATGCCCGCTGAATCGCGGGGATCATACTCCGGGGGTTGGCCGCACCGTTCACGGATTATGTTTAAAAACGCTTGTACCGTGCCGCTCATTTCCGTTGAATTTTTCTGCATTGCTCCTTGTCCCTCCAATTTTGTTACGCGTCTTTCCAGACTGTTCATTACCTTTTCTC
NZ_CP014229.1_gap6	473010	477605	4595	GATATGGTGCGCGAGGCCACGGGACGGGACCTGCGCGGCGTGGAGTACCACGAGGCCTGCCGGGCCTGCATGGAGGTGCGCCCGGCGGCTTTCGAGCTTTTCGGGGCGGCCTTCTCCGAAGCGGGAATGGCGGGCAAGAGCGTGTCCGGGCGCTGTCACGCCATTTTCAGCGCGCTCGACATGCCCGATACCCGCGAGGAGGCCCTGCAGCATTTCGTGCGGGCGGCCATGGACGCCTTCCGCCAGGAGCGCGGCGGGCTTTTCCGGCCCGGCGAGGGAGGGGAGCCGCGCTTTGCGCATATCGCCAACGTGTCCGCCCTGGAACTGCGCTCCCCGGCCATGCGCCCCTGCCTGGACTGGCTGGCCGAGGCCGCGCGGCGGAGCCGCCGCCCGCTGCTGCGGCACGAGCGCCACGGCCTGGTGCTGCGCCTGGCCGAGAGCGACGGCCGTCCCTGGCTGTTGTGGATGAGCAGCCTGTACGCGGCGGGCCCGCCTTCGGAGACTGTCCCGGCGGAAGAGCTCTTGCGGGGAGGCCGCCTGCTGGCTGCGGAACTGCGCGCGATCCTGCGCCTGGAAGCCTTCAGGGAGCGGGAAATAGCCCAGCAGCATGACAAATTGCGCACGATTTTTCTGCGGGAAGACCGCGACGACTGCCTGGTGCTGCGCGAAGGCCTGCATGACCTTCTGCTTCAGGCCGCCAGCGGGGCCGTCACGGACGTGCCCATCCTGATCTGCGGCGAGACGGGCACGGGCAAGGAGCTCATGGCCCGGCACATCCACACGGCCAGCGGGCGGCCGGGGCCGTTCATCCCCGTGCACCCGGCGGGCATGGTCGAGAGTCTTTTTGAGAGCGAATTTTTCGGGCATGAGCGGGGCGCGTTCACCGGCGCGCTCAAACAGAAGATCGGCCTGTTTGAAATGGCCGATCAGGGCACGCTGTTCATTGACGAGATCGGCGAAATGTCGCCCCTGGTGCAGACCAAACTGTTGCGCGTTCTGCAGGAGCGGCGCTTCATGCGCGTGGGTGGCACCAGGGAGCTGCATTCGCGCTTCCGGCTCATCGCGGCCACCAACCGCGATCTCTGGCAGGAGGTGCGCGAGCGGCGTTTCCGGCAGGACCTCCTCTACCGCATTGCCGTGTTCCCGCTGACCCTGCCGCCCCTGCGCAGGCGCAGGCAGGACATCCTGCCGCTGACCAACGCCTTCATCCGCCACTTCGCCCGCCGCTACGGCAAAACCGTTCCCCCGCTCAGCGAGACGCAGGCCGGGGAACTGCTGGCGTATGCCTGGCCCGGCAACATCCGGGAACTGCGCAGTCTTGTGGAAAGGGCCGTGATCCTGCACCGGGGCGGCGGATTGCCCTTGCTGTTCGGTCTGCACGGCGGCCCGGCGACAGCCGCCGGGGGCAAGGAAGGCGGACAGGCGGAGCCGCCTCTCCCGGAAGGCCCGGTTGCGCCGGAAAACCTGCCGACCTTGGAGGAGGCCGAGGCGCTCTACCTGCGCCGGGTCATGCGGCTGGCCAAAGGCAGGGTGCGGGGCGAAGGCGGGGCGGCGGCGCTGCTGCGCATGAAGATTCCCACCCTTTACGCCAAACTGCGCAGGCACGGCATAGCCTGCGGGCGGGGATAGAATGGGTGCCGGTTACCGGTAGTCTTCAGCGGTTCCGCGCGTCCGGGACGGTTCCGGGCAGGGCCCACCAGGGCAGGTCGCGCCAGGCGCGGTTGAGCTCTTTTTCCATGTCCGGCCAGTGCGGTGAAAAGCGCGCCAGTTCGGCCCTGTAGGCCGGGGAGTGATTCATCTGGCGCAGATGGCAGAGCTCGTGCCAGCAAAGGTGCTCCAGCAGGGGCACGGGCAGGAGCAGAGCCCGCCAGTTCAGGTTGATGTGCCCCGCCGCGTTCTGTACGGCAGCGCCGCCGTCCGGCTCATTTTCACTCTTCCCGCCCAGCAGCCTGCCCAGAAAATCCTTGAAGCTGACGCTGCGGCGCGGACGGGCCGCGCGTTGTTCCCGCGCGTCCGGCCGGGTCCGCGAACAACTGCCCCAGCGGCTCCGCTGGTCCCGCACGCTCACGCCGGACACGGCAAAACCTTCCCTGGCGGCCAGGCGCAGCAGATAGGGCGGCAGCAGACGGGCGGCCTGCTCCCGGCACCAGCGGCGCAGGGCCAGAGCGCCAAGGGCCGCGTCCTCCGGCGGGCCGAACAGACGTAGCAGGCCCGGCGTTTCCAGCAGCAGAAGGCGGCGCGCCCCTTGGCTGACCAACATGGAATGCGCGGCCTGGCTGTGCCGCCGCCCCTCGGCCAGATCTCCGGCCGTTTCCACCCGGAACTCCAGGCCCGGCAGGGGCAGGACCACGGCGTTCGGCAGGCCTTTTTCCGGCGCGCGGCGCTGATATCGCTGCCATGCCCGTTCCAGCCAGGGCAGAAAGCGGGGCAGGGTCTGGTCCACGGCGGAGGGGGACCAGTGGCCGGGCACCGTCAGTAACAAGCCGCCGTCCGGGGCCAGGCTCAGGCGCGCCCGCCGGGCGCGGGCCGAACGGCGCACGCGGGCCGTGAGCCGCGTGCCGTCGGCAAGCGTGAAGTCCGCCGTGGCGTCCGGCGAGGGGGCGGCAATTTTTGCAGGCATGGGGGCAGGCTGCCACAGGCCGGGGAGGCTGTAAAGCGGTGTGCCGACAGCCCGGACGTTCTTGGCGCGAAACTTGCTTTGTAGAGGCCGGGGACAACCAGTGGGAGCAATATTTTCCCAGAGGCTGTCGCCATGAGTGTCTTTTCGGTTATCTCCGCGTCGAACATCGCCTTTTATTTCGGTCGAGTACCAGAAGAGTACACTCCCTGCATAACAGGCTCGTTCTCCTTGACATAACACGAAAATCCATCTCATGACGGCACCCTCCAGCCAGCACAGGAGCGTAACCATGGAAATCGGATCCGCCTACAGCGCAAGCGGCCTTTGGGATCTCAACGCCCTCAACGGCGTGGATTCCTCTTCGCAAAAATCCTCGTCCACGGGGCAAAGCGGTTCTTCCGGCGATACTGTGGACATTTCCGATGAGGCCCGGAAGCTCTTTTCGGAAAAAATTCATCAGTATGACAAGGGCAGCTCCACAACGACAACCGCGGACGCGAACCAGAACAGCGGCGGAGAAGAAACCGAGGCGTCCGAAGCCCAGGGCGGCGGGGCCAGCGGCGGATCGGGCGGCGCGTCCGCTTCGGGCAGCGACAGCACGGAAGCCATCAAGAAGCAGATTGAGTCGCTCAAGAGCCAGCTTATGAGCATGGCTTCCCAGTTGAGCGGCGGCGGGGCGGATGCGGGCGTCACCAGCAAGATGAACGCCCTGCAATCCCAGATCGCGGCCCTGGAGGCCCAGCTCAACGCCGCCGAGCAGGCCTGAGGCCATAAAGCGGGCGCGGGCATGCCTTGACAGGCAAATTGATAAAGGTTACGAAAAAGAAACAGGGGATAGCGGGTCTAGTGAGATGTACGCTTGAAATGCTCGTTTGCGGCGAGCAAAGCCCGCCTACTCGCATTTCGTGGCAAGGATTTGCAGGCAAAGCCTTGTAGAGCGGTTGACGCATTTCATGCGTGAACCGCTCTATCCCCTTGTCTTTTCAACTGTTCAACCATGCCAGGCATGTTCAGAGTTGAGGTGGTTATGAAATCGCTGAAAGGCACCCAGACCGAAAAAAATATTCTGACCGCGTTCGCCGGTGAGTCCCAGGCCCGTAACCGTTATGATTACTTCGCCTCCAAGGCCAAGAAAGACGGTTACGTGTTCGTGAGCGACATCTTTACGGAAACGGCCCTGCAGGAAAAAGAACACGCCAAGCGCCTGTTCAAGTTCCTGGAAGGCGGCGAAGTGGAAATTCAGGCCGCCTATCCCGCCGGCGTCATCGCGGGCAGCGAGGCCAACCTGATCGAGGCCGCCAGCGGTGAGAACTACGAACACACCCAGATGTACCCTTCTTTCGCTGATGTGGCCGCCAAGGAAGGCTTTTCCGAAATCGCCTCGGTCATGCGCAACATCGCCGTGGCCGAAGCCTATCATGAAAAGCGTTTCCTGAAACTGGCCGGCGACATCAAGGAAGGCCGCATGTTCATGCGCTCCAAACCTACCGTGTGGCGCTGCCTCAATTGCGGCTGTCTGGTGGAAGGCACCGGCGCGCCGGACGTCTGCCCCGCCTGTGCCCATCCCAAAGCCTATTTTGAAGAGCTGAATTACACGTTCTAAAGCTGTTCCACGCCCGCCCGCGCAGCCCTCTTTCGCAAGAGGCGCGCGGGCTTTTTTTGCGTGGCGCGTCGGACGTCGCCATACCGTTATTACCGGAGATTGTGCTATGTGGGATACATTGGTTCTTTGGGTGCATCCGGCCATGCAGAGCCTGGCGGTGCTGATCGGCCTGCTTGCCATGTGGCAGGGCTGGAAGCGCATTGAAATGCTGCGGGGCCGCAAGGTCATTTTTCCCTGGCGGACCCACGTGCGCCTGGGCACTGTGGGGCTGCTGCTCTGGACGGCCGGGGCCTTCGGCTTTTACGTGACGCACAGCCTGTTCGGGGCCACCCATATTACCGGCATCCACGCCACCCTGGCCTGGCCGATCAT
NZ_CP014229.1_gap7	491247	492979	1732	GCCCGTCAAAAACGACGTGCTCCGTGACCTTCACCGGATGATCCAGGGTGCGGGCCGTGCCGTCCGCGCTCAGGCCGCAGGCCACGGAGGCCGCAAAGGGCGTTTCGGGCGTGGCGTACAGGGCCAGGTCGTATTTGTGCAGGCCGGGAATGACCGCCTCGTACAGGCGGATGACGGAAAGCTGCGAGTACGCGCCGCCGTGGTTGCTTTCGATATTGATGCGCACGCGCCGGTAGGCCGTGGCATTTTCCGTGAACCAGTACATCCGCCCGTTGTCCTTGAGATTGTCCGGGCTGCCGCGCAGGGCCTGATCATTGTCGCGGCGGTAGATGTCCTCCCAGAGACCGCTGCTTTCATTCCAGCCCTGAAGCTGCCATTTCCGGGGAAAATACTGCGGCGAGTTGTCGAAATTCTGGAGATAGAGGCCCGTGAGCACGTGCGCCCGGTCGGCAAAGGCGTATTCCCACTGTCCGCTGGTCACGGTGTTGGGCGTCAGCCAGCCTGTGGACTGGTAGACAAGCTGATTGCGCAGGGGCTTGGTGGCCCGGTATGAGGTGCTGTATTCCCCGCCGGCGCTGACCGTGCCGCGCTTGCTGATGTACACGCCGTCCTCGTGCTGCATGTCAATGAATTCCTGGCCCACGAGGTAGGCCGGATAGCCGTCCTTTTCCCGACCGGCAAGGATGACGTTGCGCAGGCGCTGGGGATTGGTGTTCTCCATGCCTTTCTGCCAGGCGTTGAGGCCCAGGTTGTCCCGCGCTCCCTGGGCCGTGTCGGCCCCGGTGCCTCCGTGCGCCACGGCCAGGATGCCGTGCCGGATGCCGGACGCGTTGACGAGCGGGGCATTTTTTGCCGCGTCGATTTCCAGGCCGTCGCCCGTATTGAGGTCCAGGGTGCCGTCCTCCATGACAGACAGGCCGTGACGGGGTTTGACGCCGCCGATGTGCCCGGGCGTGGCCGGGCCGTTGTTGCTGGCGTCCTCGGCGCGCCCGGCCCAGTATTCGGCCTCGGCGGCTTCGGCCGCCGAGCGGTTGGCGTCGGCAGCGGCATTTGCCGCACTTTGGGCCGCCCGCGCGGCACTGTCGCCCGCAGCCCCGGCGGAGGCTCCCGCCGCGTCGCGGGCGGCCTTGATGTCTGCCACCACCTCTTCCGGGCTCTGCTCGCCGGTGGGCGGCATGATCACCGCGCGGGAGAGCTGTTCCAACAGCTGCTGGCGCTCGGCGGCGGCCTGATCCAGGCCATCCTCCATGACTTGGGGGTCAAAGCGCGCGCCGCTGACCAGATCGATATCCTGGCTGAAGGGCATGTTGCGCACGATGGCCAGCTTCCAGCCCACGGGCAGCGGCGTACCCTCGTGCAGATAACTGAGCGTGCCGCCGGTGTCGGTCAGCGCGGCGGTCCAGCCCGTGGCCCGGCTGGTTTTGCCCTGGGGCGAGGTCAGGCTGACCACCAGTTGGGATTCGTCCCAGACCCGGAAGGAAAAGGGAAATTGCGTGGCCGCGCCGTTGCCTTCAAAAAGCGCGCGGCTTGCGCTGTAGGGCATGGTCATAACTAGCTCCTTTAGGGGCGCATTTCTAAATTGTCCTTTTGCCCTTTGCCTGCGTCAGGATCGCCCCGTGCGAAGGTCGGGTTTGAATATACTTCCTTCGCCCAGGGCTCGCCTTGCTTTAGCCGTAGGCGAACTTGTGAGCCGTACGGATAAAGAGAACCGCTGGGCGGCTTATGGATGACG
NZ_CP014229.1_gap8	500769	502717	1948	GCTGGTTGCATGTTTTTGACAGTGACGCGCCGTGTGGGCGGCGCGGAATCATCAGCGGCCTCCTCCCGCCGGTTCCTTGAAAAAGTTGTATTCCGTGCGTGCGCGGCGTGAGGCGTTGCGCGTATCCGGAACCGGACGGAAGCCCGTGACCGCGTAGCGCAGCGCGTCGGCCGCGTGGCTGGCCCAGTCGTGCAGGGGTCCGGAGGCCGGAACCTCCAGGCGCGGCCTCCAGAGCCGCCGGTAGGAGCGCAGGGCCTTGACTCCCCGGGCGCAGTGCGCGGCGTCGAACCAGAGCCGGGGCAGCATGCGGCGCGTGGCGTCGATGCCGTCGGCCAGGGAGAGCGCCGGGGCCACGCTGAAACAAATTCCCAGGCGGCCCGCGCTTTCCAGGCGGCTTTGGCCCGTGCCCAGCTCGCGCACGCGGATATCGCGCGGGGCCAGATGCCGGCCGTAGCAGAAGCCGCGCCCCAAGCCGTTCTCGCCCTGGCCGGGCGGCAGGGCCTTTTGCCGCAGCACATGGGCGTAATGGGCCAGGCCCTCGCCGCTGGCCTCGTAATAGTCCAGCATGCGCCACTGGCCTGAGGGCTCTACCTGGAAGAACCAGATGGCCGTGGCGTCGTCCATGCCCAGGTCCCAGGCCGTGTGCACCGGCAGATCCGGCGCCGGGGAAAGCGGCGTGACGCGCCCCTCGCGTTCGGCCTGGTCCAGCAGGGCGGCATAGTAAGCCCCGCGCACGGCCGCCGCGAAAGAACATTCAAATTCCTGCCGGTACTCGGCTTCGTCCATGCTGCGGTGGGCGGCGGCCAGTTCCGTTTCCGGCAGGTAGCCGGTCTGTGAGGCCGGGAAGCAGAAGCGCGACCATTGCCCGTCACTATCGGCCCCGGCCTGCTGCCAGACGTCGTAGAGCAGATTGTCCGTGCCGTGCGGCGTGCCGCAGAACAGCGCCCGGCCCCGGCGATCGGCCAGCATGGGCCGCAGCACCTGGCTCCAGACCCGGCGCGGCATGTCCGCCGGTTCATCCAGCACCAGATCGTCCAGGTAGAGCCCGCGCAGGGCTTCGGCGTTGTCCGTGCCCAGCAGGCGGATGCGCGCGCCGTGGGGCAGGATGCAGGTCAGCTCGCTTTCCAGAAAACGCGTGCCCGGCACGGCTCCGGCGAAATGTTTGCAGTAATCCCAGGCCACGGCCTTGGCCTGGCCCAGGAAGGGCGCGGCATAGGCGGCCCGCCAGTCCTCGCGTCCCCGGCGCAGGGCCTCGCGGATCAGGTCGTTGACGGCGGCCACGGTTTTGCCGAAGCGGCGGTGGCAGAGCAGCACGCAGAAGCGCGTGCGTTCTTCGTGAAAGCGCCATTGCAGCGGGCGTGGGCAATAGGGGATCACGCAGGGCATGGCCTTACTCGTTCGTGAGGTTTACGGGTTTCGCGGCGGCTTTGCGGGCCGTGGACAACGTGCCCGGTCCGGCGGCGGAAGCGCCCCGTCCACTCTGTCCGGCGGAACCGCCCCAGACCACCACCAGACGCCGGGCGCTCTGTTCGGCCGGGGCCGCCAGTTCCCGGAGTGAACGCAAAATTGCGTGCAATTCCTTGATTTCCCTGACGATATCAATGCTCTTGTCCGCGATTTCAGCTTCATTCAGGGTGCGGCTGAGCAAATCCAGGCGTTTTTCCAGACTGTCCAGAAGGGTCTTAGGCAAGGTGTTCGGCAGGGACGTCCCGGCACGCGCGGATCCGGCGGCGTTGGCAGCCATCAGCGCGCGCTCCCGCTCAGCGGCGTGCCTACGGAGCAGTGTGGGCCGGGCAGCAGACGGAGGCGGTCTTCCTGGCGGTCCAGGCCGTGTTCCAGGCGTTCCAACAGGCGGTCCAGGCCGGAAATGCGCGCGTTGAGGGCCTGGATTTCCCCGCGCAGGGCCGCCAGTTCTTCGTGCAGACCGGCCAGGTCATCGCCTGCGGGC
NZ_CP014229.1_gap9	503873	505585	1712	TTGGTGCAGGCCCGGATGTCGTCGGCATCCACGTCGCCGTCCGTGTCCAGGTCCAGGCTGTGCCAGCCGCACCGGGTCGTGGCGCGTTCCCGGCAGCCGTCGCAGGAGCGGAGCAGACGGCGGCACTCTTCACGGGCCTGCCGGGCCAGATCCTGTACCCAGCGCAGGGAGACGCCGTGGTTGGTAATGCCGCCCGGATCGGACGGGTGATCGGACAGGCCGCCCTCCCAGCGGGCGGTGAAGGCATGGGCCAGTTGAAAGGCGTCGGACATGGTGCGCTCCTTGGCGGAATTTGGGTTGCCGCCGTGAATTCCGGCGGCCGTGAGGAGAACATGCCAAAAAGTCCGGCGCGCGTAAGAGTGAAAGGTTTCAGTAAGGCCAAAGCCTTGCACGGCGAGGGGCAGCTGGTTTCAGGGGGGCCGACTTCCCCGGAAATCAAAAAAAAAGCCCGCGAAATCGCGGGCTTAAAATTTTTTTAAGGTTGGTTTTTCCTGAGATCGACAATGATTACATGCTGTTGTCCTCATTTTTCGCGTCGTCGCCGGTTCCGGCCAGGGCCGCGGAATCGCCCAAGCGGTAAAGCACACGGGCCTTGGCCGGGGCCGAGGCTTCCTTTTTGAGGATCTGCCAGATGCGCCGGTCGGACATGTCGTGGCGCTGGGCCAGGGCCGCCACGGCGGCCGTGCTGCTCAGGCCGTGGCCCGTATGGCGGCTGAAGCCCTCAATGATCTCCCGCTGGCGCAGCTTGCCCAGCAGGGCATTGCAGCGCGGCACATAGACCCGCGTCCCTCCGAAAGCGGCCATAAGCTTGCGCAGGCAACGCAGGCCCAGGCGGCGGCGCAGAGGACTGTCGCGCTTCGGCTCCTGCCGGGGCACGCGCAGGTCCTGGCCGCCGTAGGCATGCAGCACGCGCCAGAGCTGGCGCGTATCGCGCAGGGCGTCCCAGAGCTGGCGCACGTTGTTCGGCAGATGGAGCAGAATTTCCTCCCATTCCCGTTCCTCCTGGGAGAGGCGCAGGGCATGGCCCCAGGAATCGCGCCCCCGCGCCAGAGGTGGACGGCCCGGACGGGATGCGGCCTTACTGGCGTACATGGCAGGCCTCCGTCACGGCGGCGGGCCGGGGCGCGCTTGACGGCGGCAGCGGCGCGGCGGGGTCGGCGATTTCCCCGCATCCGTATTCTTTCAGCGTTCTTGCGAGCAGCCGCAAATGGTCGCTTGCCAGCCGCAGCACGGGCCGCTGGCCCGCGCGGGCCTCAGTCTGCAAAAGTTCCAGCACAGCGCTCAGGTTTTGGATTTCATCGCGTAGTTCGGACATGCTATGCTCCCTCATGAAAGTTTCCCGGTATGTGAAACTGTTTCCATATGGATTATAGATTTTTATGTTGTATTGCAAGAAAAATGTTCATATATAAAAGAAAAATTTTAATTTTTAAAATAATTCCATCTGATACGCGTGAAAATATCCCCGGCCGGGTCACGCCCGCCAGGTCGCCTCCGGGCAAAGGCATTGTGGTTATTTCAAGGGAAACCTTGCGTTACAGATAAAACCGGTTTATCTTCACTAAGAACAATGCCTATTCTAATATATTTTTCCGATTTTTTCCAAAGGAAAAATTGTTAATTTCCTCAGGAGGTTTTCCCTAACTCCCTTGGGTCATTAACCAGCGCTTCTTTAGCTTAAAAACGAGAGCCTTATGAAAACAGCTCCTCTC
NZ_CP014229.1_gap10	593890	598354	4464	TGCCGAAGCCCATGGAAGGCTCAAAGCAGATATACGAGACGCAGACCGCGGTCATGAACACGGCGGGTATGGTGCAGATCCAGTGGCAGCGGTCCCGACGGACAAGGTAGGCCGCCCCGGCCCAGAGCACGATTGTCGCCAGGGACTGGTTGGCCCAGCCGAAGTAGCGCCAGATGATGTTGAAGTCCACCTGCGACAGGATAATGCCGATCACGAACATGGGCACGGCGATGAGCAGGCGCGGGGAAATGGCCTTCTGGGAATAGTTAAAGGTTTCGGCGATGGTCAGACGCGCGGCGCGGAAGGCCGTGTCGCCCGAGGTGATGGGCAGCACCACCACGCCCAGGATGGCCAGGATGCCGCCCACGGTGCCCATCAGGGCGAAGGAGGATTCCGTCACCACGTTGCCGGGACCACCGGCGGCCAAGGCAGCGGCCAGAGCTTCGGGGCCGTGGTAGAAGCTCATGCCCACGGTGGCCCAGACCAGGCCGATAAAGCCTTCGGCCACCATGCTGCCGTAAAACACGGGCTTGCCCAGCTTTTCATTGGCCATGCAGCGGGCCATGAGCGGAGACTGGGTGGCATGGAAGCCGGACAGCGCGCCGCAGGCAATGGTGATGAACACCAGCGGGAAGATGGGCAGGCCCTTGGGATTCTGGTTGGCCCACTGGGCGGAATTGTAAAATTCCGTGCCGCTGACGAACATCATCACGGTGATGCCCACGGCCATGAAGATCAGGATGGCCCCGAAAATGGGATAGAAGCGGCCGATGATCTTGTCGATGGGCATAATGGTCGCCAAGAAGTAATAGGCGAAGATCACGCAGACCCAGAAGGTGAGGTTCAGGGCGGAGGGGGTCAGCTTGGCCAGCAGGGCGGCCGGGGCGGCCACGAAGACCACGCCCACCAGGATGAGCAGCACCACGGCGAAGACGCGCATGATCTGTTTGGCGGCGCTGCCCAGGTTGTAGCCCACGAAGGTGGGCACGTTGGCCCCGCCGTAACGGATGGAAAGCATGCCCGACATATAGTCATGCACCGCGCCGGCGAAGATGGTGCCGATCACGATCCAGAGCAGGGCCGAAGGGCCCCACAGCGCGCCCAGAATGGGGCCGAACACCGGGCCCACGCCCGCGATGTTCAGCAACTGGACCAGCCAGACTTTCCAGACCGGCATTTCCACGTAGTCCACGCCGTCGGCATGGGTCTGGGCCGGGGTGGCGCGGCTCGGCTGCACGCCGAAGACTCTGGTGACAATGCCCCCGTAGATGATGTAGCCGACAATCAGCGCGGCCACAGCCAGAAGAAAATAGACGTAGTTTGGCATAACTCCCTCTGTATGCAAAAATGAATGAGACACCCGAAAAAAACACCCGGCCATCGCGCGGATGCGTGATGGTATTGCCTCTCAAGTAACCATATGGCGTCCGTGCGTCAATACAAAGCGGGACCGGGAGTAAAAAGAAAAGTCTTGTCCGGCGCGGCCGGACGGGCCCCCCGAGGGGCGTCGCCGGTTTTTGCCGAAAGCCTCGGTTGCCGGGCCGGACAGAGGACGGGCGGGAGAATGCGTTTTCCTCAATATCTGAAATTAGATATTTCATGCGGCCGGAGCTTCAAGACAATGTCTAGAAAAAGTATTCACACCCGAAAAAAGCAATGATACCATGAAAACAGGGGAAAAGCGCTGCCGGAAGCGGCGGGCCGCGCCCCGTGCTTCCAATTTCAGATAAAAATTCAAGTACGTTTTATCTGCCATTGGAAGGCGCGACTGCGTTCGCGCTCCAGCCGACAGGTAAAAACGGCATGGGCGCAGTTTTTACCTGGAAATGGTCATGAGGAGATCTGCATGAAATTGGAAAAGAAAACGCCCGAGGTTCCCGACATCATGAACCTCCCCAAACCCCGTCCCGGCAAGGGCGCGGGGCGCAAAGCCGGGCTGCTGGCCCTGGTGGCGGTGCTGGCCGTGGGCGGCGCGGCCTTCTGGCTGACCCGCGACCCCTCCACCCGCGATCAGTGGCGGGAACAGGCCGCCGGCGTCATTGACAATGCCACCAGCGGCACGCCCCTGGCAGGGGTGGGCGATCTGCTGCGCGACGCTCCGCCGCCTCCGCCGAGCGCGGTGACCAATCCGAGCACCGCTCCGGGCACTCTGGCCGGGCGGAACGTGCAGGGCACGGTGCCCGCGCCGGTGGACACCAGCCTGCCGCCGGGACAGAGCGGGCTCGCCGGAAGCGGCGGAGCGCCGGGCATGGCAGGACAGGAGGCTGTGCAGCCCGTGGCTCCCAAGGTCACGGCGGACAGCAAGGTCCGTCCGGACTTTGTGGAGGATCTGGCCGCCTATCTGGTTTCCCGCTACAAACCCGGCCCGCGCGGCGGTTCGCTGGCGGTCAGCGTGCAGAGCGTCAACCAGCGCTACGGCGTCAAGCTGGCCGGGCAGGTCGAAGGGGGCCGGGCGGGCCTTCTGCGCTACGCCTTCCATCCCACCATGCTCCAGAGCCTGTACGCGCTCTATGTGGACCGCTTCATGGCGGCTCTGGACCGCGAGGCGGCGGCCAAATCCCTGTCGCCGGAGCAGAACCGGGAGATGCACATGGCTCTGGCGGGCCGCTTCGTGATGCTGGCCGGCGCGCTGGAGGGCGTGGCCTCGGTGCCGGATCTGGGCAAGCGGATCAAGGGCCTGGAGCAGATTTCCCAGAACGTGGTGGACATCAATTCCCAGATGACGGCCGCGGTCTTTGATCTGGACCAGTTGCGCGAAAACAAGGCCTCCCAGCCCGAGATCGCCACGACGCAACTGCGGGTGGACGGTTTGAGCGCCCGCTACCGGCGCGCTCTTGAAGAGCGGGCGGCGGCGCAGCGCGCTCTGGTGGCGGCCATTCGCAAGGGCGGCGGACAGGCTCTGGACGACGACTCCCTGCTGTTTGTGGCCTATTGGGTGGACCGGCGTTTGCGGGAAGGGCCGCAGGCTCCGGCTTCGGTGCAGAGCGCCGCCGCCGTGCTGCGGGATCTGGCCCGGCGTTGCGCTCAGGCCGGTGCCGCCGCGCCCGCCAATCGGGACAATCCGGCCGCGCAACCGGCTCTGTCCGCCCCGGCGGCCCCGGCCCGGAATACCGCGCCCCAAACCACAGCGCCTCAAAATACGCTGCCCCGGAATACACAGCCGCAGGCCGGTACAAGGCTTCCGGCGGCCCCGGCTCCCGCGCCCGCACAGTCCTTGGCCGTGCCCGCGCCTGTTCAGGTGGGCGGCCAGGGCCGGTGAACGCGCCGTTGCTTCTTTTTGTGGGCGGCACGCGCAGCGGCAAAAGCGGACTGGCCCAGCGCTGGGCCGAGGCGCAGTCTCCCCGGCGTCTTTTTCTGGCGACCTGCCGGGTGGAGGATGCCGAAATGGCGGCCCGCGTGGCTCGGCATCAGGCCGCGCGCGGCGCGGGCTGGCACTGCGTGGAGGAGCCTCTGGACCCTTTGGCCGTGTTGGGCGGCTGCTCGGCCGGAAGCGCTTTTGGCGGGGCCGGAGTGGTTCTGCTGGATTGCGTGAGCCTCTGGATTGCCAATCTGCTGGCCGCCGGTCTGACGCCTGAGGCGGTTCAGGCGCGGGTGGCGGCCCTGGCCGCCGGCCTGGCTGAAAATGGATGCCGCGCCCGGCCCGTGGCCCTGGTCAGTGCGGAAACCGGCCTGGGCATTGTGCCGCCTACGCCCCTGGGGCGCTTGTACCGGGATGTGCTGGGTCTTGCCAATCAGACGCTGGCAAGGGCCTGCACCCATGTGATTTTTGTCAGTTGCGGGCTGCCCCTGGCGCTCAAAGGCCCGTTGCCGGAGGGCATATGCTGATTCCTGCTTCGTGCCGCAGGCTGGGCCTGCTCCCTTATATATTCTGTTGCCTGTTCTTGGGCTTGGGCCTCTTTTCGATGCTGTCGCCCTCATCGGCGCGGGCCGCGAATACGGCTGACCCGCGCCAATGCCTGGTGGAGGTGGGACAAGCCATTGACGCGGCGGATGCCGCCACCTTTGAACGCCTGGTGGATGTGGACGCCATTCTGGGCGCGGCCCTGACCCTTTTTCTGCGCGATGTGCAAAAGCCGGAGGTGGCTGATCAACTGCCGCCCCTGCTGGCCGTGATGTTTTCCCAGGCCGCCTCCGGGGACGCCGGGGGAAACAAACTGCGCGATCTGCTGTTCAGCGAGGCCCGTGCCTTTGTGATCAACGGCGTGTCCTCCGGGGCTTTTGCAGGACGCGCGCCCAGCGGCGGGAGCGCCCAAGGGATGCTGGCCCCGCTTTTTGCCGACGCCTCCACGGGCCGCAAGGAAATCCGGCGGATCGGCCAGGCCAAGCCCGACGGCCACGGCTGGCTGGTGCCTTTTGTGGTGCATGACGCGGGCAACGCTGAAAGCTATCCGGTGCTCGGGCGGCTTAGTCCGGTGGAAAACGGCTTCCGCCTGACTTCCGTGGAGAACCTGGAAGAGCTGCTGG
NZ_CP014229.1_gap11	609897	612635	2738	TGGCTGCCTGGTCCGGTGCCCTCGGGATTGTCTGCGGCGTGGGCACCTATCTGCTGGGCCGCCGCTATCTGCGCCTTTTGACGGAACTGGGCTGCAGCGAGATTTTTCGCGTCAGCCGGAACAGCCCCCCCCGTATCTGGTGCCTGGCCTCAGGGCCAAAAGCGCCCCGCCCAGGCGACCTGCGTATGGTTCTGGACGCTGACGGGCGGCCCCTGGGCGAAGCCCGTGCGGAAAAACTGCACAAGGGCGTTCTGGAACTGGTTCTGCTGGAGGAGGCACCCGTGCTCCTCGGCGGCCTGGTCTGCCTGCGGCCCGCCGCTGATCCCGTTCCTCCCGCCGCCCCGGTGCCTGAAAAGGACGCGCGCGCCTGAGGCCATCCTCCCGGCCCGCTCTTGCCGCCCGTCAGGCCATAGGCTATGCTGTAAGAGATCGGTGCGGCCCATTCCGGGCCGTGGATAAAGAAAGGCGGCTTTTTTCATGTCCCAACTCTGTCCCTGCGGCAGCGGACTGTCTCTCGCGGAATGCTGCGGCCCCTGTCTTGACGGCGCGGCCTGGCCGTCCAGCGCCGAAGCCCTGATGCGTTCCCGCTATTCGGCCTATGCCCTGGGGCGTTATGACTGGCTGGTGGAGAGCACGCATCCTGATTTCCGGGAAGGACTCTCCGCGGAAAAACTGGCGGAGCAGGGCAAGGACGTGCGCTGGCTGCGTCTGGAAATGGGCCGGTGCGAGGATGACGCGCCTGTGGGCGAAAACGGCGAGCTTTACGATATCGTGGAGTTCCGCGCCTTTTATGAGCTGGACGGCATTCCCCGGCAATTGGGCGAGAAAAGTTTTTTCCGGCGCAAGGACGATAAAATTTATTATGTGGACGGCGTGGCCCTGCGTCCCACAGCCTACCGGCGGCCCGATCCAAAGGTGGGCCGCAATGACCCCTGTCCCTGCGGCAGCGGCAAAAAGTACAAGAAATGCTGCGGGGCGGCGGCTGAGTAAGCATGGCCAGAAGCGGCGCCATAGCGGCCATTCGGCAGTTCTGCCTGGAATGCCAAGGGGCATCGTCCAGATCGGTGCGCTCCTGCCCTGATGACCAGTGCCCTTTGTGGGTCTGGCGCATGGCGGCCCTGCCCGGCGAATCGCCTGTGGCGCCGGAGGCTGCCGAGGCGGGCGATGTTGCGCGGGCTGCCTTGCGCGCCGTGCGGCGGCAGTGCATGAACTGCGCGGGCAATCGGCGCGAGGTGCGGGCCTGCCCGGCGCGCGGAAGCTGCCCGCTCTGGCACTGCCGTTTCGGTGTGCGGCCGCAAACCTATAAGGCCGTGCGCCGCCGTTTTTTCGCGCCGAAGGCTTTGCGGCTTTTTTAACAGCAGGCGGACATGCTTCTGTTGCAGGATATCCAGCCCAAATTCAAAACGCGGGAGGTGCGTCATGCCTCATAGTCTTGAGTGGTCCAGAGCGTATACGGCCCGTCTGTCCGAAAGCGATGCGGCGGGCTGCGAGGCCCGGAGCGCGGAGCTTGCGCAACGTCTGGCCCGTGAAACGGCAGCGGGTGAGCTGCCTTTTCTGTCCATGCCCTACCGCGCCAAGCTGGAAGTGGAAATGGCGCCGCTGACCCCGCGCCTCAAGGCCTACAAGCATATGCTGGTGCTGGGCATCGGCGGTTCGGCGCTGGGCGCGCGCGCCATGCAGCGGGCTTTCGCGCCGGGCCAGGACGGCCCCGGTCACAAGGGCCCCTGGCTTTGGATCGCGGATAATGTCTGCGCGGAACAGTTCGAAGCCCTGCTCGCCAAACTCAGTCCCTCGGAAACCGTGGTGGTCTGCATCAGCAAATCCGGGGGCACCATTGAGACCCTGGCCCAGTATTTTCTGGTGCGCGACTGGCTCAAGGCCGCCCTTGGGAAATGCTGGCAGGAGCAGATGATTGTGGTCACCGACGAGCGCAAGGGCTACCTGCGTGAGGAAGCCGTGCGTTACGGCCTCACGGCTCTGGAAGTTCCGGATTATCTGGGCGGGCGCTATTCCGCCCTGTCCGCCGTGGGCCTGTTGCCCGCCGCTTTTCTGGGCATCGACTGGCAAGCCTTGCTGGACGGCGCGGCCGAGGTCGCCCGTCCTCTGGTGGAGCAGCCCGAAAGCATCGCGCGGCACCCTTCCTTTGCCCTGGCCTGCTGGGCCAAGGCTCTGGAAGACCACGGCTACAGCCAGTTGATTTTCTTTTGCTACATCCCGCAGTGGGCCGCCTACGGCCCCTGGTTCGGCCAGCTCTGGGCCGAAAGCCTGGGCAAGGACGGCAAGGGCGTTATGCCCGTGCCCGCCACCGGCGTGACGGACCAGCACTCGATCAATCAGATGTTCCTGGATGGCCCGCGCGACAAGGGCTGCATTTTCCTGACCAGCCGCAACCAGGCCCAGGGCCGCAATTTCGGCATGGACGTGCCCGAGCAGTGGGCATGGCTGCGCGCCAAGCCCTTCGGCAGCCTGCTGGAGGCCGAGGCTCTGGGCACGCGCATGGCCCTGTGCAAGAGCGGCGTGCCCCTGGTGCATATCGAAATGAGCGACACCGGGCCGCGTGCCGCCGGGGCGCTGATGATGCTGTTGGAGGCGGCCACCCTGTTCACCGGCTGGCTCATGGGCATCAATCCTCTGGACCAACCGGCTGTGGAACTGGGCAAGCGCCTGGCCAACGCCCGTCTGGGCGCGGGGGGCTATCCGCGGGAAGAGGCGGATCTGGCTGCCTATCTGGCCGCACC
NZ_CP014229.1_gap12	639943	640799	856	GCCAGAACCAGATCAGCAGAAAGGCCGCCAGATGCAGGCAGAAGGAAAGAACGTAGGAGGCCAGGCGCATGCGAACCTACTTCCGGGTTCCGGCGGCAGCGGGTTTCGCGCCGCCGGGGGCCGCGCCCTCGGGCTGTTCGGCCATCACGCCCAGCTTTTCAATGCCCACGGCCTTGATATGCCCCATGACTTCCACCACGATGCCGTAGGGCACTTCCTTGTCGGCCTGCAAAAAGAGGCTCTTGTTCTTTTCCTTGACCAGGCGCTGGAGGTAGCCCTCCAGGTCTTCCATGTTGTCCACGCCGTATTCGTCCAGAAAAATCTTGCCGTCACGCCGCACGGTGAGGACCATGTGGTCCGCCTCGGTGGGAAGGACTTCCACCTGTTTGGTCTGGGGCAGATCCACGTCCAGGCCCTGGCTCATCATGGGCGTGGCGACCATGAAGATGATCAGGAGCACCAGCATCACGTCCACAAAGGGCGTGACGTTGATCTCCGAGACGAATTTGCTGTTGCCGAGGCTCGCGCCCATGACTACAGCTCCGTGGCGCCCGCGCGCTGCACGGGGCGGTGGGCGTTGAGCTCGCGCTGGACGCGGTTCAGGAAGAAGCCCGCGAAATTGACCAGCAGGGTGTCCACCTGGGAGAGTTTGCCCATGAAGATGTTGAAGCCCACTGTGGCGGGCACGGCCACGCCCAGGCCGATGGCCGTGGCCACCAGGGCCTCGGAAATGCCCGGCGCCACCGTGGCCAGGGAGGCGGATTTGAGCATGCCGATGGAATGGAACGAATTCATGATGCCCCAGACTGTGCCGAACAGGCCGATAAAGGGCGCGGTGTTGGCCGTGGTCGCCAGA
NZ_CP014229.1_gap13	658766	663322	4556	TGGTGCTGCGTTTCGGCAAGTACGAACGCACGGAAGGTCCCGGCCCGCATTATGCCTGGCCCGTGCCCATTGAAACGGTCTACAAGCCGCAGGTCACCCAGGTGCTGCGCAGCGAAGTGGGCTTCCGCTCCGTGGGCCAGTCCGCTACCTTCCAGCAGGGACAGGTGCGGACCATCCCCGAGGAAGCCTCCATGCTCACGGGCGATGAAAATATCGTCAATGTGCAGTTCAGCGTGCAGTACAAGATCAGCGATCCCGTGCAGTACCTCTTCAACGTCAGCGCGCCCGCTGCGCTGGTGCGCAACGCGGCCGAGGCGGCCATGCGCGAGGTCATCGGCAACAGCCAGATCGACTCGGCCATCACCGACGGCAAGTTGAAGATCCAGAGCGAGGCCACCCAGCTTCTGCAGCAGATTCTCAACCGCTACGGCGCGGGCATCCATGTCATCGCGGTGCAGTTGCAGGATGTGCATCCGCCGCAGGATGTCATCGAAGCCTTCAAGGATGTGGCCAGCGCCCGTGAGGACAAGAGCCGGATCATCAATGAGGCCGAAGCCTACCGCAACGAACTTCTGCCCAAGGCGCGCGGCCAGGCCGCGGCCATGCGCAATCAGGCCGAGGCCTACAGCGCCACCCGCGTGCGTAACGCCGAGGGCGACGCCTCGCGTTTCGACGCCTTGCGCGTGGAATACGAAAAAGCTCCCAAGGTCACCAAGCAGCGGCTGTATTACGAAACCATGGAAGACATTCTGGCCGGCGCCGGAGAAAAGGTGCTTATGGACGGCGCTGCCGCGGCCCGCGCGCTGCCCTATCTGCCCCTGCCCAGCCTGAGCGCCCCCCAGACCCCCAAGGCCCCGCAGGCCGTGGAGAAAAAGTAATGCGCAAGAATCCGCTGCTTCTGGTTATCGTGGCCCTTGCGGTCCTGGCTCTGGCGAGTCAGTGCTTCTTCACCGTGCATCAGACCCAGAAAGCCCTGGTTCTTCAACTGGGCGAGCCGCTTCCGGAAGTGTACGGGCCGGGCCTGCATTTCAAACTGCCTTTCATTCAGAACGTGGTCTATTTCGACTCCCGCGTGCTGGATTATGAAGCACGCTCGCGCGAGGCCTTCACCGTGGACAAGAAGGCCATTGTGCTGGACAACTACGCCCGCTGGAAGATTATTGACCCTCTCCAGTTCTACCGCACCATGCGCAGTATCCCGGGAGCGCAGGCCCGTCTGGACGACGTGGTTTACTCCCAGTTACGGGCTCTGGTGGGCGCGTACACCCTTACCGAGGTCGTCTCCTCGCACCGCGCGGCCATTATGAAGGAAGTGACCGACAAGGTCTCGGAACTGATGAAACCCTTCGGCGTGGAAGTGCTGGACGTGCGCATCAAGCGCACGGACCTTCCGGCCGAAAACCAGCGGGCCATTTTCGGCCGCATGCGCGCCGAGCGCGAACGCCAGGCCAAGCAATACCGGTCGGAGGGCGAGGAGGAATCCACGCGCATCCGTTCCGACGCCGACCGCCAGCGCGCCCTGATTCTGGCTGAAGCCGCCCGCGAGGCCCAGATGGAACGCGGCAAGGGCGATGCCCAGGCTGCGGCCGCCTATGCCGAGGCCTACAGCAAGTCTCCGGAATTTTATGCCTACCAGCGTTGGCTGGAGGCTATGCGCAAGTCCTTTAAGGACAACAGCAAGATGGTGCTGACCAACGAAGCGCCGCTGCTCAATCTGCAACACTGATGACGCGTTTTCTGCGCGTTATGGAGTATCCCATGCCTGTCTTTGCGGAAATATATGAACGCATCAAACTGGCGACCAGCAGCCGCACCCAGGTGGAGTTGGCTGAAGTGCTGGATATCCGCCAGTCGAGCATCTCAGACGCCAAACGGCGCAATTCCGTGCCGGGCGACTGGTATATGAAGCTCTTTGAGAAATACGGACTCAACCCCGACTGGCTCAAGCAAGGGGTCGGGCCCATGTACCTGCGTACCGAGCAGGGCTACATGCCGCAGGACGCGCCGGCCTCTCTGGCCGAAAACGCGGCCCATTACGGCGATGCCCTGGCCAAAAATTCCGTGTGCACGGAATATGACATGCACTGTGCCTACAGCGATAAAAAGCCCCGGCCCGAACTGACGCCGGCGGGTAAAATTTCGCTGCCCCTTTCGCTGAGCCGCGAGGGCCTGCTGGTACTGCGCATGCGCGGGGCCAACATGAGCCCGCTCATCCTGCCCGGCGCGCATCTGGGGGTGGACACGCTGGACAACAATGTGGTGTCCGGCCAGATATACGCCCTGTTCGCCCCCAATGAAGGGCTGATGCTGCGCCGCGTCTTCCTCAACGGAGAGCAGGACGGCTACCTGCTGCGCTCGGAGTCGCCGGATTTCCCCGAAATATCGCTGACGCCCGATCTGCTGGTCAAGCGCCTGCTGGGGAAGGTGGTCTGGATTCTGCAGGAGTTGTAGCCATGTCTCCACGGCAGCTGCGGCGTCAGCGCGCGCGTTTTCGCCGGGCGGCTGGCCCGCGCTGTTTTCTGCTGATCCTTTGCTTTCTGCTCGCCGCCTGCGGCGGCATACACACGGCTTCCACGCCGCCCGCCGCAGGCGCGACGAGCGACACTCTGACGGAACGGGATCTGCCGTCCCCGACGGCGGACAATCCCGCCACTCTTTCTTCCTCACCCTCTCAACCTTCCGCGGGCTCCGCGCCCGTTGCTCCGGAACCGGTTCCGCCGGTGGCCCCTGCGGTCGCCGCGCCCGCCGGCCAGGCCGGAAATTTGGCCGGGAATGTCGCCGGAAACGGGGCCGTGGCCCCGGCATGGCGGCCCTTGGCCGAACGTCTGGCCGCTGACGGCCTGGCCGGGCCCAGGGTGGACGCGTTGCTGTCCACCCTGGCGGCCACGCCCAGCCAGTCGCCCATGGGCCGGAAAATGCGCGAGCTGTATATGCGGCGCTTTTTCCCCAAACCGCCCTCGGGCAAACCCGCGCCGCTCTATTACAAGGGCGTGGTCACGGAGAAAAACGCCCGGCTCTGCCGCGAGTTCATCGCAGCCAACCCCCAGGCCTTCGCCCTGGCGGAAGCCCGCTACGGCGTGCCGCCCGCCATTGCCGTGTCCCTGCTGTTTGTGGAGACGCGCCTGGGCAAAGTGCTGGCCGACGTGCCGGAAAACGCCTTCTATACCTTGGCCAGCATGGCCGTGAGCCGCCAGCCGCAGGATATCAGCGACTGGTTGCCGCGCCTGCCCGGCTATGAGCGGCATCTGGACTGGTTCGCCGAAACCATGCCCAAGCGCGCGGACTGGGCCTACAAGGAAGTACGCGCGCTGGTGGCCCATCTGCTGCACGACAATGCCGACCCGCGCGCCCTGCCCAGCTCCATTTACGGGGCCGTGGGGCTCTGCCAATTCATGCCGTCCAATATCGCGGTCTACGGCGCGGACGGCGACGGCGACGGCAAGGTGGATCTGTTCAGCGTGCCGGACGCGGTGGCCAGCCTGTCCAATTATCTGGCCAAGCATGGTTGGAAGCCGGGGATCTCACGCGCCCGTCAGCATACATTGCTGATGGCCTACAATCACTCGCGGACCTATGCCAATACTATCCTGGCCTTGAGCGATCTGGTGGCGCAACCTCCGGCATCCCAGGGCGCGGCGGCCAAAAGGTAGTCGTATGAAAGACACGGCGCTGGTGATCACCGGCATGGGCGCGGTCACTCCCATCGGCATCGGCGTACCCGCCTACTGGAAAAATCTTGTCAACGGCGCGTGCGGCGTCGGCCCCATTACGCGCTTCGACGCCTCGGACATGGCCGTGCGCATTGCCGCCGAAGTCCGGGATTTCGACCCGGCGGCAATGCTGCCCCATGCTGTGGCCCGGACCACTTCGGCCTTCATGCAGTACGCTTTTGCGGCCGCGGAAGAGGCCCTGCGCGACAGCGGCCTGGATATGGCGGCTGTGGCCGCCGAGCCGGAACGCGTGGGCGTGGTCATGGGCACGGCCATGGACGGCGTCACCACGGTGGCGCGCACCCAGGACGCTTTTCAGGCCAGCCGCACGGGCAAGGTCAGCCCCCATTTCGTGCCCATGGTCATCGGCAACGTGGCCGCGGCCCAGGTTGCCATTGCCCACGGTCTGCGCGGGCCCAGCCTGACCCTGAACACCGCCTGCTCAGCCGGAGGCGACGCCCTGATGACCGCGGCCATGCTGCTGCTCTCCGGCGAGGCCGACGCTGTTCTCGCCATGGGCGGCGAAAGTATTTTATGCCCCATCGTGGTTTCCAGCCTGACGCAGGCCAAGGCCCTTTCGCGCCGCAACGACGAGCCGCGCACGGCCTGCCGCCCTTTTGATCTGAGCCGGGACGGCTTTGTCATCGGCGAAGGCGGCGGCGCTCTGCTGCTCGAAACCGAAGCCCATGCCCTGGCGCGCGGGGCGGAGGTCAAAGCCGTGCTGGCGGGTTGGGGCAATACCATCGACGGCCATCACATCACCGCGCCGGAACCACGGGGAACGGGCGCGGCTGCCTGTATGCGCGCCGCGTTGCGCCGGGCCGGACTCCGTCCGGCGGACATCGG
NZ_CP014229.1_gap14	739977	740828	851	CTTTTTTCTTGCCCATGGCCCGGCGCAGCAGGTCGGCCCCGCCCAGCGTGTAGCTGGCGATAATCTGGGCGATCTGCATGACCTGTTCCTGGTAGACGATGACCCCGTAGGTATCGCGCAGGCATTCGGTGAGCGAGTCATGCGGATAGACCACCGGCACCTGGCCGTGTTTGCGCTTGATGAATTCGTCCACCATGCCCGAACCCAGCGGGCCGGGCCGGTAAAGGGCCAGCATGGCGATGACGTCCTCGAAGCAGGTGGGCCTGAGCATGCGCAGATACTGGCGCATGCCCGAACTTTCCACCTGGAAGACGCCGTCCGTGTCGCCGCGCGCGTAAAGTTCGTAGGTCTCGGCGTCCGTGAGCGGCAGGTTGTCCAGATCCGGCGGGGTCTGGCCCTGCAGGCTGATGTTGTCCAGGGTGTCCTGGATCAGGGTCATGGTCTTCAGGCCCAGAAAGTCGAATTTGACCAGCCCGGCCTTTTCGGTCATGGGGCCGTCGAACTGGGTCACAAGTTCGCCGCGTTTGCCCAGATAGAGGGGCAGGTATTCCTCCATGGGCTTGTCAGAGACCACCAGCCCGGCGGCGTGGGTGGAGGCGTGCCGGGCCAGGCCTTCCAGGCGGCGGGCCGTGTCCAGCAGATGCCGGACCTGCTGGTCCTCCTCATAGAGTTTCCTCAGGTCCGGCTCCAGGTCCAGAGCCTTCTTGATGGTCATTTTGAGGTCGTCGGGCACCAGCTTGGCGATGCGGTCCGTCTCCGCGAAGGTCATGCCGAGGGCGCGGCCCACGTCGCGCACCACGCCCTTGGCCTTCATGGTGCCGAAGGTGGTGATCTGGGCCACCGAGCCCTCG
NZ_CP014229.1_gap15	742777	746672	3895	GTGGTCCTGAATCTGCCGGATGATCCCGCCTTGGCCGGAGAGGCGGTGTTGCGCGCGGCCCTGGCGGGACAGGTGGCGGCCTATGCCGATCTGCGCAGCGTCAATGACTTTCGCGTGCTGCTCGGCACCTGGTTTTTCGACATGCACTTCGCGGCCAGCCGCCGTCAGTTTGTGGAGGACGGCCATGCCCGGCGGCTTCTGGAAGGCCTGCCGCAAAACGCGACCTACGGCCCCGTGCGCGTGGCCCTGCTGAAGCGGCTTGACGGAGCCCGTAAGCGTGACTGACACTCTCTCCACGCCGCCCCGCTTTCCCCGAAATTTTCTTGCCGCGCGCGTGCCCTGGCCAAAGGCGGCGCTGGACATGCCGACGAGCGGGCCGCTCAATCCTTCCAAGGCATGGTTGCAGGCCGCGGTTCCGGGAAGCGCGGCGTACATCCGCCTGGCATTCGCTCTGTGGTACTTGCCTCTGGATGAGGGCGCGGCCCTGCTGAACCTGGCCGCCCGGACAGGGGGGGAAGTGCTGGCGGCGGATTTCAAACCGCCGGAGCGCAATCTGGAACTGCCCGCCTGTCTGCTGGCGCGCGCCTTGCTGGGCTTCTGGCCTGACCTGTGGCCAAGTAGGCGTGGCGGCGCGGCGTTTGCGTCTTTTCTAAAGCAGGGCGGTCTTGAAGGCTGCGTCCAGCGGGCGGGCCTGCGCGTGTCGGAACGTCGGCCCCTGCTGGGCGGCGCGGCGGTTTTGTTGCGCTTGGCAGACTGACTGGTGGATGACTGAAGCGGATAGCCTACGGCTGTGAGCTTCTCGTACCCGCCGCATCGCCGTTCTTCGCTGGAGGGCTCTTCCCGGCCGGATCATCCACGCCCGGCGGGGTGAGCGAAAGCAGATCGGCGGGCACTTCGCCGGGGCCGGGAATCACAAGGGTTTCCGGGTTCAGGCTGTACCAGGCGAACCACATGGAATAGCCGCCGAAATACTGCTTCATGGACGCGCCCCGCATATTGCCGTCCAGGGCCTTGCCCGTGGCCGGATCCCAGACGCTGCGCGTATTGATGTCCATAAGGCGGCCGTACTGGCTTACGAAGAGAAAGGGCTCGGCCCAGATCTGGCGGTTATAGATGCGGACCACGTCCAGTTGGGGATCATGCACGGCCAGCAGGGCCGACGGTCCCAGAAAAAAGTTCACCGCGCCTTTCTTTTTGACGTAGGCGATATCGACAGCCAACAGAAAATTTTCGTATTCCAGACAGAGCATGGGCGTTTTGCGGGCAAAACGCCGGTCCAGACGCTGCACCGGATAGACCAGGATATCGTTGTTGTAGTATGTGTTTTTTTTGAGATAACTCCCGTAAGGATCGCGGCCGTAGGGGCGGCTGCCGCGCGGCTGGGCCAGCACCGGGGCGTCGGGGTAGACCCGGCGCGCCGCGCCCCAGGTCGTCCAGAACACGGGAATGGTGGGCATGCCCCGGCCCAGCAGCGGTCCGTCAAAGGCCATGCCCGTCTCCTGGAGCCAGAGGCTGCCGGAATTGCGGTCAATGAGCACGCTGTTGCCGTCATAGAGGCGACCCTCCAGATCAAAAATCAGGTTCAGGCCGTTCATGGAGGCGTTGTAGGCCATCAGCGTGCCGGTGATCGGGCAGTAGGTGACGGCATAGGCCACATCGTCGATAAGTTCGTTGACCACCTGATGCCAGACCATGAAGCGCTGCGGATAAATGCGCGGCCCGCCCGGCAGCATGACCACAAAGACCACGTCCTCCTGGCTCATGTTCAGATCCGCGTCCTGCACGCGGTCGTAGCGCGGGCGGTAGAGCGCGGGAATGGCCCCGTAACTGACGCTGGTTTCGGTCAGTTTATTGGTGATCTCGGACAGTTGCCGCAGATTTTGCGGGCGGGCTGAAAGCGGCGTGGCCCAAAGACCCCACATCAGGCAGACCAGTGTAGCCAGAACCGCCGGGGCGGGCAGCCGCCGCCTCCATGCGGCGCAGGCGCCGGAAGGACGTTTGCGGCTCAATGCGTGCCCTCTTTGTCGGCGTGCGCGCCGGGCACGTATTCGCTGAACAGAAAATCGCGCAGGGCCTGGGGCCAGGGGCGTGGCTTCTTGCCCAGAAATTCGCTGAGCTTGCTGGTGTCCAGCACGGAATAGACCGGGCGCTGCGCCTTCTGGGGCCATTGGGAACTGGCGATGGGCTCCAGACGGCAGGGACCGGCGGTCAGGGCAATGGCCTCGCAGGCCAGTTCGCACCAGCTGGCCTGGCCGCTGTTGACCGCGTGCCAGATGCCCGTGGCCTCCTTTTCCGCCAGGCTTGCGCTCCATTGGGCCAGATCCAGACTGTAGGTGGGCGAACCGAATTGGTCGTGCACCACGCTGATGGCGTCGCGTTTCTGGCAGGCCGCCAGAATGGTGTCCACGAAATTTTTGCGGCCCGGTCCGAACAGCCATGCCGTGCGCACCACGCAGCTTCGTTCGGGCAGCACGCGCAGCACGGCTTCCTCGCCGGCCAGTTTGGTGCGGCCGTAGACCCCGGCCGGATGCGGCGCGTCGTCCTCGCGCCAGGGGGTCTGATGCGGGCCGGAAAAGACGAAATCCGTGCTGAAATGCACCAGATGTCCCCGCCCCAGCGCCTTGAGCACGCGGGCCAGAGCGTCGGGCAGGGTGCGGTTCATGAGCAGGGCGTCCTCGGGATGGTCCTCGGCGTCGTCCACCTGCGTCCAGGCCACGGCGTTGAACACCGCGTCCGCGTCCGCCTTGGCCAGGCGTTCCTCAAGAAAGGGCATCTCCAGCAGATTGCCGTCGGCGCGGCCCAGGGTTTCCACCTGCCAGCCGCGTTCCGTGAGCACGCGTGTGAGCGCCTGACCCAAAAGACCGGTAGCGCCCCCCAGAACCAAGGCCTTAGCCATCTGAACCTCCCCGGCTTCTCCCGCCCCCGGGGCCTGACGGCGCGACGGAACGGGCGGAGTAACCATGTTGCGGGCACTGTAGCCTTGTTGGGGGAGCCGGGTCAATATCTGAGAGTTTCCGGCGGACGGCGCTGTTGCGGCACGAGTCGCCTTGCCTGACCCGGGCAAGTGACGTACAACACAGCGGTATGAAACGCGCAATTCTTCTGGTGGCTTTCGGCGCGAGCAGCGCCCAGGGCCAGAGCGCCCTGAAAAATTTTGACGCCCGCGTGCGCGCGCGTTTTCCCGGTCTGCCGGTGCGCTGGGCCTATACCTCGCTGTTGCTGCGCGAACGCCTGGCCAAAGCCAGGCAGAAAAGCGATTCCGTGCTCAAGGCCTTGCGGCGGCTGTGTTTTGAAAAATTTACCGAAGTGGCCGTGCAGCCGCTCCAGACCATTCCCGGGCGCGAGCATGCCGAGGTCTGCGCCGCAGTGGATGAGGTGGCCGCGCAAGAAGGCCTTGTCTGCCGGGTGGGCGCGCCTTTGCTGGCCGAGCCGGAGGATGTGGCCCAGGCGGCTCTGGCCCTGACGCGCCATCTGCCGCCGGAACGCGCGCCCGGAGAGGATGTGGTGCTCATGGGGCACGGAGCCCGGCACGCGGCTGTGGCCCGTTATGGGGACCTGGCACAGGCCGTGAGCGCCCTGGACCCGCGCGTGCATGTGGGCACCATGAACGGCGCGGTGGTGCTGGAAGATATTTTGCCCCGACTTACGTCGGAACGGGTCTGGCTTATGCCCCTGCTTTCGGTGGTGGGCCGTCATGCCCTGCAGGACATGGCCGGGGAACAGGCGCAATCCTGGCGTTCACGCATTGAGGCCGACGGCCGCCAATGTGTGCCGGTGCTCAAGGGCACGGCGGAATATGCCGGATTTGCCGAAATCTGGCTGCGCCATCTTGAGGACGCCGCGCGTTCTTTCGACGCGGCGGCAGACAACGGAGCAGCTGGATCTGAAGCGTGAT
NZ_CP014229.1_gap16	774663	778950	4287	GGCCATCGCTCATTGGATAAAAGGTACGCCGGGGATAACAGGCTGATCGCATCCAAGAGTTCACATCGACGATGCGGTTTGGCACCTCGATGTCGGCTCATCACATCCTGGGGCTGAAGCAGGTCCCAAGGGTACGGCTGTTCGCCGTTTAAAGTGGTACGCGAGCTGGGTTTAAAACGTCGTGAGACAGTTTGGTCCCTATCTTCTGTGGGCGCTGGAGAATTGAAAGGGCCTGTCCCTAGTACGAGAGGACCGGGATGGACGCACCCCTGGTGGACCTGTTGTCGTGCCAACGGCATAGCAGGGTAGCTATGTGCGGAAGGGATAACCGCTGAAAGCATCTAAGCGGGAAGCCTGCCTTAAGATAAGTTCTCCCTGACGCAAGTCCTGAAGGGCCGAGGTAGACTACCTCGTTGATAGGCTGGGGGTGGAAGCGCCGCGAGGCGTGGAGCTGACCAGTACTAATAGCCCGTGAGGCTTGTTCTCTTGAAAAACTCCTTCCTTCCCTGTCAATTATATTTTGCCAAATTTTTTGGCAGCCATAGAGAAGAGGGTACACCCGATCCCATTCCGAACTCGGTAGTTAAGCTCTTCCTCGCCGATGATACTGCATAACGTCATGTGGGAAAGTAGGCCGCTGCCAAAAATTGCTCGGAAGGCTCCCAGGACCAACTTCGTCCGGGGGGCCTTCTTTTTTATAGGTGTGCTGTCCTCGCGCCAGCCGTTGGCCGTAGGCCTTACGGATGGCGACAGCAATTGCGTAGATGATCCATGATGTTAGTCTATGCTGTCTTCAAGCGTAGCTTCCTGTGTCGCAACGCTTGAAGCATCCGTACGGCTCGTTCCTCGCCTACGGCTGAGGCAACGTCATGTGGGAAAGTAGGCCGCTGCCAAAAATTGCTCGGAAGCCCCCCTCGCCGCTCTCAGCGCAAGGGGGGCTTCTCTTGTCCGCTCTGTGCTGCCGCGCCTGCAAGACCCCCCAACTCCGCGAATTCCCGAACCAGCCCTCCGCTTCCTTCCTTCCTTCCTTCCTTCCTTCCTTCCTTCCTTCCTTCGGTACGTGCACCTCCCCCCGCCTTATGCGGGGTGGACAACCACATGATGATCAGATACTGCGCTTAGATGTCCATTGCCGAAGAGCCGGAAATCCGGCGTGCCGTTCCGGGCAGTATTTGTGGAGGATTCAGGCCGATGCGCGCCTTGCTCTTCGCCTGTGCTCTTTTCTGCCTTTTGACAGTTATCGGCATGCCCGCTGCCGCTTTTCAGCGTTTGCGCATTTTGCCGCCGGGCGAGGACGATTGCCTGATGGGCAGTATTGTTATTGAACTTGGCAGTAATCTTAGTGCCGATTTTCCGAGCAAAGAGGAAATTCGAAAGGCTGAGAATCTGGTACGCGCGGAACTGGAGCGCGAAGGAATAGGAGACTTCAATTATTGCATGAAAGTGAGCAGGACCGCTGCGGGAAAGATGATAATCATGCATGTGCGACCGCTTTCGGAATCCACGCCTGAGGAGGGCCTCCCGGAGCGGCGCGGTCATATTTTTTACATTCAGAACGGCGTATTGCAGCGGATTGAAAAAAAACCGTAACAGCCTGTTTGGAATGCTGCCAGCGGCGGCTTGCAACGGAGTTGCGTGGGCTCTCTGTTTGTCTCCTGAAAAGAGGCCCGGCAGCGTCGTCTGCGGGATTTTAGTACCATATCACAAGGGCGGGCAACGCGGATCATGTCCTCCGTCTCGTTGACTTTCTTTGGTTTTCCAGGCAAGCCCGAACTACAGGAACAATCTGGTGCCGCATTGGGCGACACGTGTCGCAAACCCGTAAGGGGTTATGCGCCGCCGCAGGCGGCGTGGGCACAGGAAAAAGCGTGTGCTTTGCTGTGCGATTCTTCACGCCGAGCCGATAGGCGAGGCGTGGCCTCTCACTCGTTGCAAGGAGGCTGTATGGCGCGTCTCGTGCTCATTTTGCTGATCCCGCTCGTGTGCCTGGCTGCCATTATTTACAAGCTGGCCAAGGCCCGGCGCGTTGTGTCGGCGGACGATATGCTGATTTCCGCCTATGCGCCTTCACTTGCCGTGCGTTGCCGTGAGGACTTCGACCTGCTTGACGCCCGCCGGACCAGGATTTTTCCCAGGCTGAGCGCCAGGATCATGAGAACCTACCCCGCAAATGTCTGGTATGGCCTGTATGCCAACGGCGCCGGGAATGAGGCGTGTCCGCCCGCCCGGATGATCGTTATTCTGGCTTTTACCTCGGGAACGCTCTCTTGGGCGTCGGATGCGGTTACCGGCGTGGTTGGTCTGCATCATGTCAACCTGCGCTATGATGAGCTTGAGGGCACGGGCACCACAGTGCTGCCCACGGCGGAGAACGACCCCTGGTTCAATGCGCACGAATCCGAGCCCTGGAGCCGTGGAAGCCTTGCCTACCGGATGATTTTTCTGACCAAGAAAAACAAGCTTAAAATTATTGTCGATTATCGTGAGCCGGATATGCGCGCCCGACCCGGCGTGCCTCTCGCCGAGGACGACAGTGTGCCCCAGGACTTTGTGGAACGCGCCCAGGCTTCATTCCGGCTTATCAGAGGCAGCGGAGAAGCTCCTTTGCCCGGCGGTTCCGGTACGCTGCCTTTCTCGCCTCCGGAAGTGGATGACAAGCTGCTTGCGGATATGACCGGCATGCTGTTGCGCAAACAGAGCTTTTTTGAATATCTTTCGCTGTTTGCGGATGATGTTCGTGAAATCATTTCCTATTTCCGACGCTGAAGTGTGATTTTTTCTCTAGGGGCTGTTTCTGACTTAGTTCTGTAGCCAAAGCGCGGCATGCCGTATGTTGTAAAAAGTCTTTTTAACCAGCCAGGGTTAGTGGCCGATTTGTAGATTCGTATTCTTCTTTCACGCAAGAAGCGTGAAGCCCGGCTGTTTCGGCAATCGGGCTTTCTTTTTTCGCTGTTCCCTGTCGGGCTGTTTTACCGCGAAAACGGCGGCTGCCGCTGTGGACAGCTACCCTGCGATCAGATAAATGATTATTATGTCTTGAAAAGAGTATTGCAGTCCGGGACAGGCGGAGTCCCTGGACGGAGGAGACCCTATGTTGCGCAGTATGCGCCGTTTCAGTTTGCTTCTGGCGGCGTTTATTATTTTTTTCAGCCAGATCTCCGGCGCGGAGGTGCGTCTTTCCGGTGCGGGCAAACAACTCAGCGGGCATACCTTTGTGGGCGTCCGCCTCTGCGACCTGCGCCTGGCGGATACGGTCATCCGGGACATGGTGTTTGAAGACGTGGTCGCGGGCGGAGCGCATTTCCGCAACATTATTTTTGAAAACTGCCGCTTTTCGCGGGTGGATCTGAGCCATTCCACATTTGAAAATGTGGTGTTCAGAAATTGCGCTCTGGAGTCGGGAAAAAATGCCGACGACACGCTCGTGCTGACCACGTTCGAGGGCTCGTCCATGAAGGACGTGCTTTTTGAACAAAGCCGTCTGTACAGAGTCCGCCTGGCCGAACTTCAGGGGGCGGGCGGCAAGGTGTCGTTCAAGAAAATGACCGATATCGTGCCCGAAGAAAACTACGGGTTGTTGCTGTCCGGCCAGGAGCTCCGGATTTGTGTGGAAGATTCGCAGATCAGCGGCGGCAAGATTAAAATCCACATGGCTGAAAAAAATAAAAGCTTCCTGATTGCGCGCAACAGTATTTTCAGCCGCTTTTCAGTCTATTGCGACGCCATCTTCATGCAGAACTGCACCATCGCCGATTCCCGTCTGGGAGCCGCCGAGTTGATTGTGCGCGATTCCAGCCTGTCCGGTGCGGAGGTGCTCAGCACGGTCAAGGGCTATCTGGTCTATAATCTGTATTCCTCCGGCAAGGGCGGGGCGGGCAACAGCGCGCATGCTTTGGGCAAGGGCAAAATATACGTCCTGCACCGTGACCCGGCTCCGGCGCATTTGTCATTGGGCGGCGGCAACCTGGAAGCGCGGGACATTGTCCTGGCATCGCCGATACTGGGCAGCAAGGCCGGGGAAGTCACCCGGCGCCTGGATTTGCGCAATGTGCAGATCAAAGGCGGCAGCTGGCGCTATTTGCGTCTGTTGAGCGGCCAATGGGAAAATGTGGTCATTGAGCCGCCTGTCATTGTGGACAAAAGCCGTCTGGAAAATGTGGCGGCCTATAATCTGCAATTTCCCCAAGGGGAGCCCTGGAGTGAGGTTGAAGAGTCCGAAGGGCCTCTGTATTTTGGCGTGACGCGGCGGCCCACGCCCTTTGCCTGGGAAGAGGTGCATGTGCCCGA
NZ_CP014229.1_gap17	789128	793678	4550	CCTCGGCCTCTTTCTGCCCGGCCAGCACGGTGGCACGTTTGCATTCCTCGCCCTTGGCCGAGGTAAAACCGTCGTCCAGGGTGACACGGACGCTCTTGCCGAAGGCCGGGTCGTCCAGCGTGGTGGATTCCCCGGCGGAGGCGGAAATCAGATAGGCTTCCACCGGGCCGGGCTGATATGCCGGGGGCGGTGGCGGATCGGAGAAAAGGCCGCAACCGGCCAGGAGAAAACCCGCGGGCAGGGCCAGAGCCAGAATCCGGGCAAAAACCGACATGGAAGGCCGCCGAGGCCGGGACGGACGACAAAAGAATCTGTTCATGGCAAGTTCTCCGGCTTGCGGCCCGGCTTGCGACAAGACGCCGTGCCGTACGCCGTGCCGCCAAGGGGCGTGCAGCGTGTTTTTCTGCTTCCTCTTGCAGGAAAAAGGACTCCTGTCAATTCCCGCCCTCATCCGTTGTCCTGCGCGGGAAAAAGGTGATCCCCCGCGCTCCCGTCTTTCGCCAATAGTCACGTTTTCAGTGAAAAGAGAGAAAATAGATAGAAAAAAGTATTATAAGACAGCCTGTTAAAATGTCCACGATTTGTAAATGCCTATTTTTTATTTTGCATATTATGGCGGGATTGGTAATATGTTGATAAAAGCATAGTTCAGAAATATGCACAACTTCAATGAGATTGCCTTCGCAACACCCCGGCGACGCGGGAAATATTTGTAAAAAACCATTGGGACGGCAACTGTCTCATATCTAAGGCTTTGGAGACGCCATGTCGAAACCGGCGGCCATGAAAACCATTGATGTGCGCGATGCCGTGGGCAGCGTGCTTTGTCACGACATCACCCGCATCGTGCCGGGGCAGAGCAAGGGGCCGGTCTTCCGCAAAGGCCATGTGGTGCGGGAAGAAGACATTCCCGTACTGCTGGAAGTGGGCAAGGAGCACCTCTTCGTGTTCGAACCCCAGCCGGGCATGGTGCATGAAAACGAGGCGGCGGCCCGCATTGCCGCGGTCACGGCCGGGGCCAACATCCTGCTCAGCGAGCCCAAGGAAGGGCGGATCAATTTTTCCGCCGCCTGTGACGGCCTGCTGCGGGTGGACGTGGCCGCGCTCAGCCGCATCAACAGCCTGGGCGAAATCACCCTGGCAACGCTGCACAGCTTGCAAAGAGTGGACAAGGGCCGGGACGTGGCGGGCACCCGCGTGGTGCCGCTGCTCATTGACGACGAAAAGCTGCGCGCCCTTGAGGGCATGGTCGGTTCTCCGGTGGTGGAGGTGCTGCCCCTGCGCCGTTTCCAGGTGGGCATGGTCACCACGGGCAGCGAAGTGTTTTACGGGCGTATTCAGGACGGCTTCGGTCCGGTGCTGCGCAAAAAATTCGCGGGCCTGGGCAGCAGCGTCATGGGCCAGACCCTGACCAGCGACGACGTGGAGATGACCGCGTCGGCCATTGCCGCCTTTCTGCAACAGGGCGCGGACATGGTGGTGGTCACCGGCGGCATGTCGGTGGACCCTGACGACCGCACCCCGGCGGCCATCCGCGCGGCGGGCGCGGAGGTGGTCAGCTACGGCGCGCCGGTTTATCCCGGGGCCATGTTCCTGCTGGCCTATGCCCGCACGCCCAAGGGCCGCGTGCCGGTGCTGGGCCTGCCGGGCTGCGTCATGTACCACAAGGCGAGCATCTTCGATCTGCTGGTGCCGCGCCTGCTGGCCGGGCTTGACGTGACGGCGGAAGACGTGGCCGTGCTGGGACACGGCGGCTTCTGTTCCGCCTGTCCGGAGTGCCGCTATCCCGTCTGTCCTTTCGGCAAATGAAGTCCGGGGCGGATTGGCCGCTTCGGCACGGATATCCATACATTACCAAGGAGTCGCACATGGAAACAAAAACGCTTGTGGTCAATGGCATTCCCAGACGATTGCTGGTCAACCCCGACGACACCCTGGTTGACGTGCTGCGCGGGCAGTTGCAGTTGACCAGCGTCAAGGTGGGCTGCGGCAAGGGCCAGTGCGGCGCCTGTACCGTGATTCTGGACGGCAAGGTGGTGCGCTCCTGCATCACCAAAATGCGCCGTGTGCCGGAAAACGCCGCCGTTACCACTCTGGAGGGCATCGGTACGCCCACCTGCCTGCATCCGTTGCAGCATTCCTGGATTTTCCACGGCGCGGCCCAGTGCGGTTTCTGCACGCCGGGCTTTATCGTGTCGGCCAAGGGGCTGCTGGATGAAAATCCCAATCCCAGCCGGGAGGATGTGCGCGACTGGTTCCAGAAACACCACAATATCTGCCGCTGCACCGGCTACAAACCGCTGGTGGACGCGGTCATGGACGCGGCGGCCGTGATGCGCGGCGAAAAAACTCTGGAGGACATCCAGTTCAAGATGCCCGCCGACGGCCGCATCTGGGGTTCGCGCCTGCCCCGGCCCAGCGCCGTGGCCAAGGTCACGGGCGTGGCGGAATTCGGCGCCGACGCCGCCTACCGCATGCCGCCCGACACCCTGCATCTGGCCCTGGCCCAGGCCAAGGTTTCCCATGCCATCATCAAGGGCATCGACACCTCGGAAGCCGAAAAGATGCCCGGCGTGTATCGCGTGCTGACCCATAAGGACGTCAAGGGCAAAAACCGCATCACCGGCCTGATCACCTTCCCCACCAACAAGGGCGACGGCTGGGAACGGCCTATTCTTAATGATACCAAGGTATTCCAGTACGGCGACGCCCTGGCCATCGTCTGCGCCGACAGCGAGGCCAATGCCCGCGCCGCGGCGGAGAAGGTTAAATTCGACCTGGAGCTGTTGCCCGAATACATGAGCGCGCCCGAAGCCATGGCCCCGGACGCCATTGAAATCCATCCCGGCACGCCCAACGTCTATTACGACCAGAATGAAGCCAAGGGCGGGGAGACCCAGCCTTTCTTCGACGACCCCGGCAACGTGGTGGCGGAAGGCAGCTTCTATACCCAGCGCCAGCCCCATCTGCCCATTGAGCCGGACGTGGGCTATGCGTATATCAATGATCAGGGCCAGGTGGTCATCCACTCCAAATCCGTGGGCATTCATCTGCACGCTCTGATGATCGCGCCCGGCCTGGGCCTGGAATTCCCCAAGGATCTGGTCATGGTGCAGAACACCACGGGCGGCACCTTCGGTTACAAGTTCAGCCCCACCATGGAAGCCCTGCTGGGCGTGGCCGTCATGGCCACGGGCCGTCCCTGCCATCTGCGCTACAACTATGAACAACAGCAGCAGTACACCGGCAAGCGCTCGCCTTTCTGGACCACCATGCGCTTTGCCGCCAACAAGCAGGGCAAAATCCTGGCCATGGAAACGGACTGGTCCGTGGACCACGGCCCGTATTCGGAATTCGGCGACCTGCTGACCCTGCGCGGCGCGCAGTACATCGGCGCGGGCTACGGCATCCCCAACATCCGGGGCAAAGGCCGCACGGTCTGCACCAACCACTGCTGGGGCGCGGCCTTCCGCGGCTACGGCGCGCCGGAAAGCGAATTCCCCTCCGAAGTGCTCATGGACATGCTGGCCGAGAAGCTGGGCATGGATCCCTTTGAGCTGCGCGCCCTCAACTGCTACAAGGAAGGCGACACCACGCCCACGGGCCAGACCCCCGAAGTCATGAGCCTGCCGGAGATGTTCGACATCATGCGGCCCAAGTATGAAGCCGCCAAGAAACGCGCCAAGGATCTTTCCACCCCCGAAGTCAAACGCGGCGTGGGCGTGGCTCTGGGCGTGTACGGCGCGGGCCTGGACGGCCCGGACACCTCCGAGGCCTGGGTGGAACTCAATGAGGACGGCGGCGTGACCGTGGGCTCCTCCTGGGAGGATCACGGCCAGGGCGCGGATTCCGGCGCTCTGGGCACGGCGCATGAAGCCCTGCGTCCGATGCGCATCCCGGCGGAGAAAATCCGCCTGGTCATGAACGACACCAGCAAAACTCCCAACTCCGGCCCGGCCGGTGGTTCGCGCTCGCAGGTGGTCACGGGCAACGCCATTCGCGTGGCCTGCGAAATGCTCATGGAGGGCATGCGCAAACCCGCCGGCGGCTTCCTGGACTACGCGGGCATGAAGGCCGAAGGCCGTCCGCTGCGCTATGACGGCAAGTGGTCCGCCCCGGCCAAGGACTGCGACGCCAACGGCCAGGGCAGCCCCTTTGCCTGCTATATGTACGGTCTGTTCATGGCCGAAGTGGCCGTGGAAAAGGCTACCGGCAAAACTCAGGTGGAAAAGCTCACCTGCGTGGCCGATATCGGCGAACTCTGCAACCAGTTGATCGTGGACGGCCAGATTTACGGCGGCCTGGCCCAGGGCGTGGGCCTGGCCCTGTCCGAGGATTATGAGGACATCAAGAAGCAGAGCACCATGGTCGGCGCGGGCATTCCTTCCATCCAGATGATTCCCGACGAAATGGAAATCGTCTATGTGAAGACTCCGCGCAAGGACGGCCCGCACGGCGCGTCGGGCGTGGGCGAAATGCCCCTCACCGCGCCGCACCCGGCCATCATCAACGCCATCTACAATGCCTGCGGCGCGCGCATCACGCACCTG
NZ_CP014229.1_gap18	794852	796507	1655	GCGCAGGCCGGGCAGGGGCGCCGCGCCGCCCAGACCCTGGAACGGCTGGTGGGCAAGGTGTCGCTGACGGCGGCGCGTGAAAAGGTGCAGGGCCCCTTGCACACGCCCCTGGACGGCATCGCCTCCCTGGCGCGGGTGGAGCCCTCCGGCCCGGTCTATACCACGGAAGAAGCGGCCCTGGAGGCCGGGCGCTGCCTGCAGTGCCAGTGCCTGATCTGCGTGCGGGAATGCGTCTATCTGCAGAAATACAAAGGCTACCCGCGCGTCTACGCCCGCCAGATCCACAATAACGCCTCCATCGTCAAGGGCCTGCACACGGCCAATGCCCTGGTCAACGGCTGCGCGCTCTGCGGGCAGTGCGAGGAATTGTGCCCGGAAAATTTCTCCATGGCCGAGCTCTGCCTGGCGGCGCGCGAGGATATGGTACAGCGCGATTTCATGCCGCCCTCGGCCCACGAATTCGCCCTGGAGGACATGGAAAATGCCTCCGGTCCGGAATGCGCCCTGACTTTGCCGGATGTAGCGCTGCCCGAGGGCGCATGCGCGTCCTGGCTGTTCTTTCCCGGCTGTCAGCTGGCCGCCTCGCGCGGAGGGCAGACTGCGGCGCTGTATGCCTTTTTGCGCGCGGCCCTGCCTTACCGGGACGGGGGGGGCGGCGTGTCCCTGCTGCTTTCCTGTTGCGGCATCCCGGCGCGCTGGGCCGGTCGCGAGGCTTTGTTCAAGGAGCACACTGCGGAAATCCGAAAAGAGTGGGAAGTTCTGGGGCGGCCCCGGATCATGGCGGCCTGCTCTTCCTGTCTGAGCGCCCTGCGTCTGGCTCTGCCCGAGGCGCGGCCCGTATCCGTCTGGGAAGTGCTGAACGGCCTGCCTCTGCCGCCGGAACACGTGGACGGACTGGCGAAGGACCGGGCCGAAGCCGCATTGCCCAAGGTCTTTTCCATTCATGATCCCTGCACGGCCCGTTGGGATGGGGCCTGGCTGGAAGCCGTGCGCGGTTTGGCCCGGAAATGCGGCGCGCGCCTTGAGGAACCGCGCCTGACCGGCGCGACCACGGCCTGCTGCGGTTACGGCGGCCTGGTCTGGTGCGCGCAGCCCGAGCTGGCCCAAGCCGTGAGCGAACACCGTGCCGCCGAGCTGCCGTATCCGGCCTTGGCCTCCTGCATCATGTGCCGGGACCGGTTGGTGGCGGACGGCAAAGAATGCTGGCATTTGCTGGACCTGCTTTTCCCGGCCTCTGATGGGGGAGAAAGCGCCGGGAGAGGAACCCGCAGAGGGCCCGGCCTGTCGGCGCGCCGGGCTAACCGGGCGGCCCTGCGCCGCCGTCTGCTGCGCGACTATCTGGGCGAAAACCTTCCGGAACCGGCCCCCGGCGCGCTGCATGTGCCGCCGGACTTGCTGGCCCGCCTGGAAGAGAAGCACATTCTGCTCTTGGACGTGGAAGAGGCCGTGGCCGGGGTGGAGGCCTGCGGACAATACTTTGAAAATCAGGAAAACGGGCACCGGTTGGGCTCCTGGCGGCCCCGTCAGGTGACCTTTTGGGTGGAATACGGCCGGGAGAACGGCGAGCTTGTTCTGTACGACGCCTGGTGCCACCGCATGCGCGTGCCTGGTTCCGGTGGGCCCGGTGGTCCCGGCGGCTCCGACGCGGGGGACGG
NZ_CP014229.1_gap19	830523	832859	2336	TTTGCTCTGGAAACCCGTGTTCCACGAACCATCCATACCCCTTTTGGGCGGTATTCCTTGCCTCTCACTTTGAAGGGGTAGCTATTGTAGTGAAACGAGTCCTGCTTTATCTGCTGAAAATCAGGAGAGGCCCGATCCAGAAGATGGAACTTTTCGCAGTAGTGGACCAGGCCCGAGCCGTTCTCCACACCGAGAGCTGCTTCCCAAGCCCTGGAAGCCCTTTTCTGAACATCACGAGGATCCCTCTTGGCGTTCCCGTTGACCAATAACATGCGCGTGCGGATTCTTATCCGCGCCGTGCTGCTCACAGACGATGGTGACGGACGGATCCACCTGGTGCTTGGGGACTCTGTTTGGTTCGTTCCTTCGTTTTCCCCGGAGTCTACCGTGCTCCGGCAGGATGTTGTTCCTTTCAAGATCCCTGACGAGATTTTTGTTGAAAACGGTGATGGCATTGGATGACGGTTCTACCGAACCGTCTTGAGGATAACGAATAACAACGCCGGTGATGAGTACCTTGCTGTGGTTTTCTGTCATCGACTCCAGCTTGCTTTGAAGTATTCCGAGCCCTTTGCTATAGCAGCCTAATCCTCTTTCTTTGTCTGAGTTGACAGGGAATCCGTTGAATGTCGGTTCATACGTTATGTCCATAACACGTACCTTTTTGTTACAATTACTTATAAAGCAATTACCCTAATCCGAGCAGAGCGATGAGCTTATTCCGGCAAGCGGTATCATACAGCCATGCTCTTTACCCCTTTCCTTCGCATGCAATGTTAGGGGAATAAATTTCCAACCATGAAAAAAGCACCCCTTCCAAAATATGGGAGGGGTGCGTCAATCAGGTCGGCTCACACGTCTTTGACCTTTTTCTTGAGCCAATCGATCAGTGCCTGCTTGGGATAAGCCACCCTGAGCCCGAAACGAACCCGTTCTGCGGGGCCGGTACCCAGATTGTCTTCGTTGGCGGCCGTCTTGTTGGCGACCAGCCCGCCGGTAATGGAATGGATATGCGTTCTGGGCACAAGGGGTGGAAGCTCCCTTTCCAGGCGATCAAAAAAATCCTGTGTCGTGGTGTTCATGACATCCTCCTGAGGTTGAAATTCTCCAGCCGCCAGTGACGGCACAGGATGATGTGGGCAAATATTTTTTTATAAACTTTGATCTAGCTCAGCATAAACACTGCACAAATTTTCTCTTGGTAATTATGGAGTTATGAATTACTGTCGAAGTGTCGTAACTTTTTTTGCGTTCTAAAAATGAGAACTGATAGCTATGAATGGAAATTCTGACTCCCCAAATTCCGCCCTCTCTACACGTTTGTCTGAAGCAGAACGAAATGACGCCATGAGGAAGGAAAATCTCGTCAAAATCCGGCGTCTGTGTCCCATCGTGAACGGCGCTTTTTCCGATGAAAAGCATTCCGCTCAGCCTCACGCATGGGTCAAGCAGATTATTCGGACCTACACCTGGGCTCTTGGCTTCATCATGCCATACAAAACCGACATCAACCCTGGTTTGCTACAGTGTAAAAAACTATCAGTTCTTGACGGATGTAAAAAGACTTGCGGAGTTCTCAGCCCGTTGGAATTCGCGCATGAGGAGATACGTTTTGTTAATATGCGAGAACGCAGAGATGCCGATAGGAAATATGCATTCAATTTGGCTGTGGCTGCGGAGCTAGCTCCGCAGCGTATTTTCCCTGAATCATTTCATTCTGCTTGCCTTGAAATAGCCAGTGGTAATGTGGATAGAATCGGCATAGCCGCTGCTTTCATAATTTCCGCTTTGGCCACGGCGAGCCAGGGAAAAGTATTATTTACCGAGCATCAGCAAAAGAAACTGACCAGGTTTTTCCCTCTAGCCATTACAGAACCCCAGTATAAGGGAGAGATGCAAGAAATATTGGATAAAGCATTCCAGCCTTTGCTTGAATATCAAAGAGGTCTGGCAGAAGGCATATCTGGAACTGATATAGCAAGGAAAAAAGAAATAGCCCGTCTTCGGCGTCAATTAAAAAAGGAAGTGACAGGCTCAAAAGACTATAAAGAGTTGGGCGCAAAGCTCAAACGACTTTTAACAATGCCGAAGGAAAAGAGACTGCTGATTGAAAAATACACTCCAATGAAATTTTTCAAGCAGATCATGGAACATCCGGAAAGTTGCGGCATCGTTGATCCAGATGGCAATTTCTTTCAGGAATTGCAAAAGAATACTCGCGGCACCAACGATGTCGCCCGGTTCATGGCGCCGGTAAAAACTGCAGCCAGCATTCAGTTTGAAGATCAATACGGCCAACGCTATAGAGCCCCGCAGCGCGACTTTTTTTACGCAGG
NZ_CP014229.1_gap20	836435	840822	4387	CCGTCATCGCCGCAATCCGCCCCCGCCGCTGGTTCCGTCTGACCGGAGCCATGACCTGTGTGAGCGCCTTCATGGTCTTCTGGAAAATCATCCATATGGGACAAGCCTTCGGCAGAAATGCGTCCACGTTTTCCGATGCGGCGGCTTTTCTGGATATTGTTTCTCCCGGTTCCCTGCTGATTCTGGCAGGCGGCGCCGGTCTCTGGCTGGCGCTGGCCTTGCTGCTTTCCATGCTTTTTCCCTGGAATGCGGCGAAAGAACCCGCTTGAGCCGACTTGGGCATTTTAACTTTGAAATGCTCTAACGCCGCACATGGTGCGGCGCGCCACAACGCGGCGAGGATTCAGCCGAAAAACATTGTTTTCGGCGGGATGAAACTTTGAAACTGCGCAGCCTTTCAAAGGTAATCTGTCCTGAGGGCTGAATCGCCAACGCGCCAAACGCATCTTCGGCGCAACAAGGTTGTAGAAATATGGATGACAAGAAACGGAATTTTTTGAAAAAAGGCGCGCTTGCCGCCGTGGGGCTGGGAGTTTTCGCCGCCGCCTCGCTGGATACGGCGCGGCGCATGGTGCGGGGCCTGCGCGAGGGCACAGCAGGCGTGCCTGTTGCCGACGCGGAAAACAAGAATTCCCTGGTTCCCGAATATTGGATGAATCCGGAAGGCCATGCCGTGCCGGTCAAGGGGCAGCGCGTGGCTTTCAACCAGTGCTGGGGCTGCACCACCTTCTGCGGCGTGCGCCTGCATATCGACGAGGCCACGGACCGTGTGGTGCGGGCTGCGGGCAATCCTTACAACCCCTTGTCCACCAGTCATCAGCTGCCCATGAGCACGCCCGTGAGCGAGGCTCTGGCCGCGCTCTCCGCGCGCGGCGACAGCGGCTACGCGCAGCGGGCCACGGTCTGCGGGCGCGGGGCGGCCATGCTGGAGGCCAACAGCAACCCTTTCCGGATCACCCGCTGCCTGAAGCGCGCGGGCAAACGCGGCGAGGGCAAGTGGAAGAGCATTTCCTTTGAGCAGCTGGTGGCGGAAGTGGTGGACGGCGGCGACCTCTTCGACGAAGGGCATGTGGACGGCCTGCGGGCCATCCGCGAAGCCAAGGGACCGGCCAATCCGGAAATGCCCGAATTCGGCCCGCAGTCCAACCGCCTTTTGCTGACCTACACCACGGAGGACGGCCGGGAGCAGATTTTTCTGCGCCGCTTCGGCCAGGCCTCCTACGGCACCAAGAATTTCGGCAAGCACGGCGCGTATTGCGGCCTGTCCTTCCGGCTGGGCGCGGGACTTTTTCTGAATGACCTTCAGGCCATGCCCCACACCAAACCCGATTTCGAGCACTGTGAATTCGTGCTGTTCTGGGGCACGGCACCTTCCCAGGCGGGCAATCCTTTCAACCGCTCGGCGCGGATGCTGGCGGACGCCCGCTCCGGGGGAAAAATGCGCTATGCGGTCATTGACCCCGTCCTACGCCTGCCCGTGACCAGCGCCGCGCGGGACCGGGCGCAATGGGTTCCGATCCGGCCGGGCATGGATTCAGCCCTGGCCCTGGGCATGATCCGTTATATCCTCGACAACAACCGCCATGACGCGGCCTTTTTGTGCCACCCCACACTGGCGGCCGCGCGCAAAGCCGGAGAGGCCGGATTTTCCAATGCCACGCATCTGGTGCGGCTTTCCGGCAAGCAGGCCGGGGCGCTGCTGCGGGCGGCCGATCTGGGCGCGGTGGGAGTCTTTGCCGGGGCCGACAAGAACGACGCCGTGGTCATGAGCCCGGACGGCCGCATGCTGCCCGCCGGGGCCTGTGAGCAGGCGGCCTTGTTTTACCGGGGTTCGCTGCCTCTGGACGGTGAACAGGTGGAAGTGGCCAGCGCGTTGCAACTGCTCAAGGAAGAGGCGGACAGCCGCAGCCTGGAAGAATATTCCCGCCTGTGCGGCGTGCCGGTGCAGACCATCACCGATCTGGCGACACGGCTGACAGCTCACGGCAAACGCGCGGCCGTGGATGTGCACGGCGGCATGATGAGCACTTCCGGCGTCAACGCCGCCTTTGCCGTGCTGACGCTGAATACCCTGATCGGCAATATCAACGTCAAAGGCGGCCTTTCCGTGGGCGGCGGGGGCTACCACAAGGCAGCCCTCAAAGGGCCGCGCTATGATTTGCTGGCCTTTGAAGGGCAGAGCGCGCCCAAGGGCTTTCCGGCTATCCGTTGCCGGGCACCGTACCAGAAGTCCACGGAGTTCAAAAAGAAGGTCGCGGCCGGTGAAAATCCGTATCCTTCGGAATATCCCTGGTTCCCCCTCACGCCGCCCAACATGCCCGCCGAACATCTGCTGGCGCATGCCAACGGCAATCCCTTCAAATACAAATGCTGGATCAACTGGAAGGGCAATGCGCTCTACGGCCACGGCGGGCTCAAACAGGCGATGGGCAAATGTCTGGAAGACTCCCGCGATCTGCCGCTGATTATCGGCATCGATACCTTTCATAATGAAACCAACGCCTATGCGGATTATCTGGTGCCCGATCCCTGCATGTACGAGCTCTGGGGCGGTTTTTCCGGAGCCTGGGCCGGTACGCTGACCCCGGTCTCCACGGCCCGCTGGCCCGCCGTGACGCCACGCCAGGCCCGGAGCGCCTCCGGCGAGCCGGTCTGTATGGAGCTGTTCATCATTGAGGCGGCCAAGCGCATGGGCCTGCCCGGTTTCGGGGACAAGGCCATCCGGGGCGCGGACGGCACGCTGCATCCGTTGCACACGCCGCAGGATTTTTATCTGCGGCATGCGGCGAATATCGCCTGGTTCAAAAACGACGTGCTGCCGTCCCCTGGGGCGGAGGATATCGCGCTTTCCGGGGTGCGGCCCATCCTGGGCGACATCCGGCGCATTCTGCCGCCCGAAGAGCAGGGGCCCGTCACCTTTCTCTACACCCGCGGCGGCAGGTTCGCGCCCTATGACGCGGCCTATCGGGGCGAGGAACTGGGCGTCAAATGGGAAAAGGCCCTGGCCGTCTACAACGAGGACGCGGGTACGGCCGTCAATTCCCGGACAGGCAGGCCGTATCGGGGCACGCCCTGCTGCCTGCCGCCTCTGCTGTATGACGGCCGGAAGCTGCGCGAGGTCTGGACCTCGGCGGAATATCCTCTGGAACTGATTTCCTTTAAATCCAGCCTGATCAATTCCTACGGCGTTGTGTCGCCCCGGCTTATGAGCATCAAGGGCGTCAACCTGGTGGTTTTGCATCCTGCCGATGCGCAAAAGGCGGGCGTCCGGCACGGCGACAGGGTGCGCTTGGTCACGCCGGGCGGCAGCGCGGCGGCCTATGCCAGTGTGGGGGAAATGGTCATGCCCGGCGTGGTGGCGGTGGAGCACGGTTTCGGGCATACGGGCTTGGGCGCCTCTGATGTGGAGATCGACGGCGTGTGCACCCCGGCCCGGAAAAGCGTGGCGGCGGGCATCAACCTCAATGACCTGGTGCCCCCCGATCCCACCCGCAAGGGCCTGTCCGCTCTGGCGGAACATATGGGCGGCCCGGCGGCCCGACAGGGCATACCGGTGCGTATCGAGAAGGTTTGAGGGGGGTGCTGATCAGCTTCAGCGGCTTGCCCGGCGTGGGTAAAAGCAGCGTGGCGCGACTTCTTGCCCAGCGGATCAAAGCCGTCTGGCTGCGCATTGATTCACTGGAGCAGGCTTTGGTCCGCTCCGGCGTTGTTGACCGGGATGGCCTGGGGCCAGCGGGCTATTATGTGGGCTATGCCCTGGCGTTGGATAATCTGCGGCTGGGCCTTACCGTACTGGCGGATTGCGTCAACCCGCTTGCCCTGACTCGCAATGCTTGGCGGGACGTAGCGTTTGAAGCGGGCGCGGAGCTGCTGGAAGTGGAATTTGTCTGCTCTGATGCGCGGGCGCATCAGGCACGGGTGGAAGCGCGGTTGTGCGAAGTTCCCGGTCTGCTTCTCCCCGACTGGCGGGCGGTACGGGAACGGGAATATGAGGTCTGGGAGCGCGCGCCCCTGGTGTTGGATACCGCCGTACTGTCGCCGTGCGAGGCTGTGGAGGCCGTTTGCCGCGCCGTGCGGGCTGTAGCGGCGTCTTCGCGGGCGCGTTGAGACGGAGACGCGCGCCCCTCCCGGAGTTCTTTCAGGCTTTGTTTTCTTCCAGCGGCATGGCTTCCCAGGCTTCGAAGTCATAGAGGCTTGTGCCGGGATTTTTGGCGCAGGCCGAAGTGTGATCGTAGGTTTCCACCACCGGCCATTGGGTAACCCGGCCCAGGGCTTCCTGAAAGGAAGCGGCCTCAATGATCTGATGGCGGCTGATCGTAAGGTTTTCGTTGGGCCCCGCGATATAATGCACACGGTACTGCGGCATGACTGCTTCCTTTACGGCGGC
NZ_CP014229.1_gap21	883940	888398	4458	GAGGCGATCAGTTCCAGTTTGCTCACCTGCCGGTCGGATTCCAGAATGATGGCCCGGGCCAGCTCCGGATCTTGAAGCAGAATTTCGTCCATGAACGCTTGTCCTTTGCTTACGGATTTCCGCGGAAATCAGTAAACACCGGTCGTGAGACCGATGCGCCGCCGCGGGCGGCGGAGGCAAGGCGCAACCGCGTTTGCGCCGCCGATTTCGCGGTAAACTGAAAAATTTTACCGCGCATATCTGTAAGAATGCTGCCCGCCACGGCGGCGGGCAGTGTTGTTCGCAACATATTTTGCAGGATCGTCAGCGAAAAAATTTGTCTTTTCGCTAAAACCCTAGGCTGGTGAAGCGCGGCGTTTAGTAGCGCTTACTCGGTCCACTTTTTCAGAATCAGGCTCGCATTGGTGCCGCCGAAGCCGAAGGAATTGCACATTGCGTATTCACAGGCAACGTGCCGCGAGCCGTCCGCCAGATAATCCAGATCGCACTCAGGGTCGGGATTTTCCAGGTTGATGGTGCCGGGCAGCATTTCTTCTCGCAGGGCCAAGGCCGTGAAGACCGTCTCAATGCCGCCCGCCGCGCCCAGCAGGTGGCCGGTCATGGACTTGGTGGCGGAGATTTTGATCTTCCCGGCGTGCTCGCCGAAGACCAGCTTGATGGCCTTGGTTTCCGTGCTGTCGTTGAGCTGGGTGGAGGTGGCATGGGCGTTGATGTGACCCACGGCCTCGGGCGCGATGCCCGCCTCGCGCAGGGCGTTCTGCATGGCGCGGGCCATGCCCTCGCCGGTGTCGCAGGGGGCCGTCATGTGATAGGCGTCGCCGGAAGCGCCGTAACCGGCCACTTCCGCGTAAATCTTCGCGCCGCGCGCCCGGGCGGATTCAAGACTTTCCAGCAGCAGGAGGCCCGCGCCCTCGCCGATCACAAAACCGTCGCGCTTGCCGTCAAAGGGGCGGGAAGCGTGCGTGGGGTCGTCGTTGTAATGGGTGGACAGGGCTTTGAGGGCCGTAAAACCGGCCACCCCCAGAGGCGTCACCGTGGCTTCCACGCCGCCGGAAATGGCGGTGGTGGCCCGTCCCAGCAGAATTTCGCTGTAGGCCGTGCCCACAGCGTGGATGGCCGAGGCGCAGGCTGTGGTGGTGACGATGTTGGGGCCTTTGGCCCCGGTGAAAATGGAGATCTGCCCCGGTCCCATATTGGAAATCAGCATGGGAATCATAAAGGGCGAAATTTTGTTGGGCCCGGCTTCCAGCAGCTTGGTGTGGTACGTCTCCAAGGTGTGCAGGCCACCAAGGCCGACGCCGAGGATCACGGCCACATCGTAGGCATTGGCCTCGGTGACTTCAAAGCCGGCGTCCTGCAACAGCATCTTGGCCGAGGCCACGGCAAACTGGGTGAAGCGGTCCATGCGCCGCACCTGTTTGGGAGGCATATAGTTCTCGGGCACGAAGTTTTTCACTTCGCCGGCGATGCGTGAATCGTAGGCCGAAGCGTCAAACAGCGTGATGGGCGCGATGCCCGACTCGCCGGCAAGCAGGCGTTTCCAGGTGGTTTCAATGTCGTTGGCGAGAGGCGTAACGCCGGCTACGCCGGTGATCACTACGCGGGGACGGGTCATGCGGACTCCTTTTGGGCGGGGGGCCGATTCCCCCCGCTCTGCGGATGACTACCGGCCAAGACATGTGCCGTTACGCAACGGCGCGAAACCGCGTCCGCGCCTGTCGCGCATCCGCCGGAAACGCTAGGCCGCCGGATGCGGAACGGACATGCCCCGTTCCGGCTGCGGCCCTTTATGACAAAGGAACCGCCGCCGGGCCGTACTATTTTTTGTTTTCAATATAGGAAATGGCGTCCTGGACCTTGAGAATTTTCTGGGCGTCGTCATCGGCGATTTCGATGTCGAACTCTTCTTCCATGGCCATGATCAGTTCGGTCAGGTCCAGGGAATCAGCGCCGAGGTCTTCCACAAAGGAGGCTTCAGGCTTCACTTCATCGGCGCTCACGCCCAGTTGGTCCACAATGATTTTTGTTACTTTTTCCGCGACATCAGACATGGTATCCTCCAGGTAATATTGACTCTTATCATATGCCCCGGTGGCGCGCAGGCGCTCCGGGCGCGTTGCCGCAGGGTTGGGCGCGCCGTCTCAGCAGTACATGCCGCCGTTGACGGCCAGCACCTGTCCGGTGATGTATCCGGCTTTGTCCGAAGCCAGAAAAGCCGCAGCCTCGGCCACATCCTGGGCCACGCCCATGCGCTTCAGGGGAATGGATTCCACATAGCTCGCGCGCACGTCGTCGTTCAGGGCCGCCGTCATATCGGTTTCAATGAAGCCCGGAGCCACGGCATTGACCGTGATCTGGCGGGAGGCCAGCTCCTTGGCGCAGGATTTGGTGAGGCCCAGCAGACCGGCCTTGGCCGAGGCATAATTGATCTGTCCGGCATTGCCCATCTGGCCCACCACCGAAGAAATATTGATGATCCGCCCTTTGCGGTTTTTACTCATGATCTTGGCGGCTTCACGAGTGCAGACAAAGGCTCCGCGCAGATTGACGGCCAGGACCTTGTCGAAATCCTCGTCCTTCATGCGCACCAGAAATCCGTCCTTGGTGATGCCTGCATTGTTGACCAGCACGGCCAAGTCCACCTTGTCCTTGATTTCCGCGGCGAAAAAATCCGCCACGGCCGCGCTGTCGCCCACATTGAGGGCGAAGGCACGGGCCCGGCCTCCGGCCGCCGTGATTTCGGCCACGGCCTGTTCCGCCTCTTCGGGGCGGCTCACATAGGTGAGAAAAACCTGAAAGCCGTCGCGGGCAAGGGTCTGGGCGATGGCCCGGCCGATGCCGCGCGAACCGCCGGTCACCAGGGCCGTGGGGAGCGTCTCTGCGGCGGAAGGCGTGGACTGCGCTGTGCTCATGCTGGTTCTGCCTTTGCTGTGGGAACGTGGAATGCTGTTTATAGCTCAGACACGGGGGAATTTCAATGCGCGCGTGCGCCGGTCAGTGGCGTGGCCCGACACGGGATGCGGTGATTATCAGAATTTTTGTCCTTTGCCGGGAAGGCGAACGCCGGGCGGTATGAATTTCGCACGGAGCGAGCCTGCCGCAGGCAATGGGCAGAAAGACCATCAACCGGCGCTTCCTTAAAAGCTCAACAGGGCCGCCCCCCACGTGAGCCCGGCGCCGAAAGCCGTCATCAGCACGCGGCTGCCCGGCGCTATGCGCCCGGCGGCACGAGCTTCAGCCAGCGCCAGCGGGATGGAGGCCGACGAGGTATTGCCGTACCTCTCCACATTGGTGAACACGCGGTCCTCGGCAATGTTCAGGCGGCTGCCCACGGCTTCAATGATCCGCATATTGGCCTGATGCGGCACAAAAAGGTCCACATCCTCAATGGAAAGACCGTTGCGGGCGAGAATCTGCTCGCAGATGCGCACCATCTGGCGCACGGCGTGCTTGTAGGTCTCACGGCCCTGCATGGTGATGAAAAAGTTTTCGTCGGTGGGCTGGCCCAGGCCGTAGCGGCAGGCCGTGCCGCCGCCCACGGTGATCAGGTCTCGCTGGTTGCCGTCGCTCTGGCAGATGACGTCTTCCACTCCGGCCAGGGCTTTGTCCGCCGAGGCCGTGAGCACGCAGGCCGTGGCCGCGTCGCCGAACAGCACGCAGGTGGAGCGGTCGCTCCAGTTGACGCGGCGGGTCAGGGCTTCGGTGCAGACGAAAAGGATGCGCGCCTCCGGGGCCTGGCAGAGCATGGCCCGGCAGATGGAAAGACCGTACAGAAAACCCGAGCAGGCGGCGCTGAAATCAAAGGCCATGACCGGGCCCGCGCCCAGCTTCCCGGCCAGAATGCAGGCCACGGAAGGGGAAAGCAGGTCCGGCGTGCAGGTGGCCGCGACGATGTGGGTCAGGTCGCCCGCGTTGATGCCCGCATCTTCCAGGGCGCGGCGGGCGGCGACCAGGCCGAGATCCGAGGCGTTGTCCGTATCCGCCAGCTTGCGGCGCTGTTTGATGCCGGTGCGCGCCACGATCCATTCGTCGTTGGTGTCCACCAGTTTTGCCAGATCGTCATTGGTCAGCACCGTGTCCGGCGCGTTGGCGCTCAGCGCGTGCAGATGGCAGGTTGCAGTCATGGCGTGTCCGTCAGTTAGATGGCGCGGGAGAAACGGGTCAGCTCTTCGTTGGCCAGGATGGTTTCGGCAAGGCGGTCATTGGTGCCCTTGCGCACGAACGTGCCGCTCATCTTGATGGCGTTGCTCATGGCACGGGCGCTGGAACGGCCATGGCAGACAATGGCCAGACCATGCAGGCCGAGCAGCGGCGCGCCGCCGTATTCGGCATAGTCGATGGTGCGGGCGAAGTGCTTGAACGCGCCCTTGGCCAGCATGCCGCCCAGAGCGGGCAGAAGGCCCGAGGTAAAGACGCGTTTGAGCATGCGGATCAGGGAGGCGGCCAGGCCTTCGCTCA
NZ_CP014229.1_gap22	889943	893850	3907	GGTCATTGATGGATATACGATATTTCTGCATGATAACCTCGAAAGAGGGTGTTCATACCCGCCGCGTCCGGCCCTGTCAAGGGAGGGCGGGCGGATCGGGCGTTCAGGGCCCGGTGAAGAGGAGGACCACGGCGAGCCCGGCGAAAACCAGCCCGGCGGCCCTGTGGACCAGAATCTGGCCGCGCTGGGAGCGATTGAACCAGAGGGCCAGGCGGCCGCCCAATACGGCCACGGAGAAAAAGACCAGAACGGTAGCCAGCATGAACAATGTGCCCAGCGTCAGCACCTGCACGACCACCCCGCCCAGTACCGGATTGCAGAACTGGGGCAGAAAAGCCAGGAAAAAGAGGGTGACCTTGGGATTGGTCACATTCATCACGATGCCGCGCCGATACAGGGCGGCATAACCGGGAAAGGCGGCCCCTCCGCCCGGGGTATGGGCCAGCAAGGCCCCTGCCCGGAAGGACATCCAGGCCAGATACAGCAGATAGGCCGCGCCCGCGCATTTCAGAATGGTGAAGGCCAGGGGCGAGGTCTGAAAGATGGCCGCCACGCCCAGGGCCACCGCCGTGGTATGCACGCACAGGCCGGTCACCAGGCCCAGAGTGGTTACCAGACCCGCGCGCACGCCGTAAACGGCGGACTGGGTGAGCACGAAAATATTGTCCGGGCCGGGCGCGATGCCCAGCAGAAGGGAGGCTGCGAAAAAGGTCAGCAAAACCTCGGGGCTCAACACGGCGCAACGACTCCCTGTTGCAGAAAAAGGATTTTTTCAGCGCGGGGCCGGGCCTTGACCGCGCATTCCAACCGCAAGGCCGCGCTCTTGTGGGCACAGACGCGGCTCGCCAGCAGGCGCACGGGCCGTCGTCCGCTGGTGTAGCGTGCCCCGCCGGGCGCAAGCCCGTTGTGCTGGGCCAGCCGCCGCGCGAGATCCGTGGTGACGCCGCAGTACAGGGTGCCGTCGGCGCATTCCAGCAGATAGACGTGCCAGTGGGTCGCGGCCCCGCCGGTGCGGGCGGGACGCGCCGAAACGCGTATGTCTTGTGTCATGCGGATCCGGACATAGGCCGGGAAAACCGGCGCGCTTGTTTATGCCAGAGTATTTCAACATTCAAATACGCTGGGGACTGTTTTCATTAGGATTTTCGTTCTCTGCCAGGGAAGACGAGTCCCGAGCGGCGGGAGTATATGCAAACCCGACCTTCGCACGGGACGATCCTGACGCAGGCAGAGGGCGAAAGGACAATTTAGAAACAGGCCCTAGTCAAAGCCTCCGGCAAGCCAGGCGGTCAGCAGAAAACAGACCAGCCAGTTGCCGATGCGCCAGGGCCAGGGGTTGGGTTCGCGGCCCTGCATCAGCAGGCGCATGTCGCGCATGCTGCCCGCCACGCTGCCCACAATGTGAAAAAACACAAAGCCGATGCCCGCCAGCAGGCCGAACTGGGCCAGACAGACCAGAAAAAGGGCAAACGTGATGCAGGGCGCGAGGCAGGCGTTCTGCTCCATGCGCCCGCTGGTCCAGATATGGCCGAAGCGCAGGCCGCCGGGGCCGAAGCCGCGCCGGAATTCCGCGCCGCCGAAACCGCGCCCGCTGTGTCGGTCCTGATCGCCGAATGCGCCGGCATGGCCGTTGCGGCGGTCATGTTCCTGTCCCGGCTCCAGTACTTCGGCGTCCAGAACCCGGCGCTGCTCATTGTTTCCGGATGTCCCGGACGCGCCGGAAATTCGCTCCGGCAGGTTGGCGCCGTTGTGCTGTTCATGCGGATTGCTGGGGGAAGGGGTCATGCCTCTCCTCCTGGGCGGTACGGGCGGCAGGGCGCCTGGCCGCTGAAAAATGAAAAAACGTCGTTCATGTTCCGGTTGTGCCTTGTGCTGGGGCCAGCGTCAAGTGCGGCTTGCCTTTGGCAGGGCTCGGCTGTATCGTCATTCCCCATAAAAACCGGCCCGCCGGGGCTGGAAGCGTGAAGGAGAAAATCATGAAAAAATATTGTCTGGCGGCCCTGCTGGCCGCTGTATTGAGTTTCGCCTGCGGCGCGACGAGCCTGGTCCAGGCCGCGCCCGCCGCCACTTCAGCGGCAACGGACAAAATTCTGCAGGAGGCTTGGACGGCCTACAATATCGGTGAGTACAAAAAGACCCTGCGTCTGATTCAGCCCTTGGCCGGGGACGGCAATCCCCGTGCCCAGGTGATGCTGGGCCGCTGCTACGAAAACGGCCTGGGCGTGCCGCAGGACCTGGCCGTGGCCGCCCAATGGTATCAGCTGGCCGCCGAGCAGAACTACAGCGAAGCCCAGGTGCTGCTGGCCTATTGTTATGAAGTGGGCGCCGGGGTGCCCAAGGATCCCAGGGCCGTGGTGACCCTGATGACCCGCGCGGCCAATTCGGGCAATGCCGAGGCCCAGTTCAATCTGGCCCTCTATTACAGCCAGGGCATGTATCAGACCGCCAAGGACCAGAAGGAAAGTTTCCGCTGGGCCAAGCTGGCCGCCGACCAGGGGTATGCCCAGGCCGAGCGTTTCGTGGGCGCCTGCTATGAATACGGCATCGGCGTGCCCGCCAACCCGGCGGAAGCCGCGCTCTGGTACAACAGGGCCGCCGCGCAGGGCCTTGCCAAGGACGGAAATGTGTTCAACCGGGTGCGCGAATATCCCATGCCGTAACGCTCTTATGCTTGTATCCGGCCACAAACGTGGCCGGATACAAGCATAACGTGCGCTATGCACAAGCGGAAATTACAGGATATCCTTATCGCGGCGGCCATGCGCAACCTTCCCACGGGCGCGTTCATTTGCGACAGGGAAGGCGTGGTGCGGTTCATCAATGCCGCGTATGCCAAATACCTGGGTTTGCGCCCGGAAGAGGCCATCGGCCGCCATATTACCGAACTGATCCCCACTTCGGGCATCCCGGCGGTGCTGCGTTCGCGCAAGGCCGAGTTGCGTCAGATACGGCGTTTTCCCAACGGCGGCGCGACGCTGATAGTCAATCGCGTGCCGCTCTTTGGCGATGACGGCGAACTGATCGGGGCCTTGAGCATGACCCTGTTCGATACGGCGGACCAGGTCAGGGACCTTCTGGAGCACGTGCGGTGCCTGGACAAAAAGGTCAGTTCCTGCCAGCGGCGGATCAAAAGCGCCCTGTCTTCGCCCTACACGGTTGAATCCATTGTCGGAAAAAGCGAAAGCATCACAGCCTTCAAATCCCTTTTATTGCGTTATGCCCGCACGGACGCGGCAGTGCTCATTCTCGGCGCCACGGGAAGCGGCAAGGAGTTGGCCGCGGGCGCGATCCATGCCGCCAGTTCCCGCACCGAGGGCCCGTTCGTAAGCATCAACTGCGCGGCGATACCCAAGGACCTCTTTGAATCCGAGGTCTTCGGCTACGCGCCGGGCGCGTTTTCGGGCGCGCGCAAGGAAGGGAGCGTCGGCAAGATTGAAGTAGCCCACCAGGGCACGCTTTTCCTTGACGAGGTGGGCGATCTCCCCTTGCAGGCCCAGGCCAAGCTGTTGCGCGTTCTTGAGGAAAAGCGTCTGTTCCGCCTGGGGTCCTCCCAGCCCAGGGATGTGAATTTTCGCCTGGTGGCGGCCACCAATCGCGATTTGAAGGCCATGATCGCGGCGGGAACCTTCCGCGAGGATCTGTATTACCGTATCAATTCCATGAAGCTGCGCCTGCCCGCCTTGCACGAGCGCCGCGAGGACATTCCTCTGCTGGTGCGTTTCTTTCTTGACCATATGGGCGCGGGCGAAACCGCCTGCGCGGAAGAAGCCATGAACGTGCTGATGGAATATCCCTGGCCCGGCAATATCCGCGAACTGCGCAACGCCGTGGGCCATGCCCTGAGCCTCTGCCGCGACGGCCGTATCTTGCCGGGCGATCTGCCGCCCGAACTGCGCAACCACGCCCT
NZ_CP014229.1_gap23	1087724	1092058	4334	TTCAAGTTCAACGACTTCATTCAGGCCATCCACCGCATTCACCGCTTCCTGCAGGAGCGGGAATGCCACATTCATATCATTTACGCTGATGCCGAGGCCCAGGTGCTGGAAGCCCTGCAAGCCAAATGGCGGCGGCATGAGGAGATGGTGAAGCGCATGAGCGAGATCATCAAACAATACGGCCTGTCCGCCGCCGGGATGGCGGAGGAGTTGCGCCGGTCCATCGGCGTGGAGCGTATAGAGGTGCGGGGGCAGCACTTCACGGCGGTCAACAATGACTGTGTGGAGGAAACCCGCCGCATGTCGGAGAACTCCGCAGGCCTGATCTGCACATCCATTCCGTTCAGCAATCATTACGAATACACGCCGTCGGTCAACGACTTCGGGCATACCGACGACAATGCCCACTTCTGGGCGCAGATGGACTTCCTTACGCCGGAACTGCTGCGCGTGCTGCAACCGGGCCGGATATACGCCTGCCACGTCAAGGACCGGATTCTGTTCGGCAACGTCACCGGCGCTGGCGCGCCCACCGTCAGCCCTTTCCACGCCGAGGCCATCTTTCACGGCATCCGGCACGGATTCCATTACATGGGCATGATCACCGTGGTGACGGACGTGGTGCGCGAGAACAATCAGACCTACCGCCTTGGCTGGAGCGAGCAGTGCAAGGACGGCACCAAAATGGGTGTGGGCAGCCCCGAATACATCCTGCTGTTCCGCAAACCGCAGAGCGACCGCAGCCGCGGCTATGCCGACGAGCCGGTCGGCAAGGGCAAGAACGAATACAGCCGGGCCCGCTGGCAGATAGACGCGCACGCCTTCTGGCGGAGCAGCGGCAACCGTCTGATGACCGCCGATGAAATGGCGACCCTCACGCCCGACGTGCTGGCCGGTTATTTTACCAAGGCCAGTCTGGCGGACATTTACGACTATGAGGAGCATGTGCGCATCGGCGAGCGCCTGGACGCCAAGGGCGCGCTGCCGTGTACATTCATGGCCCTGGCTCCGGGCAGTCATTCGGAATGGGTCTGGCATGACGTCACGCGCATGCGCACGCTCAACGGCAAGCAGGCGCAGCGTGGCCTGCAACAACATGTCTGCCCTCTGCAATTCGACATCGTTGATCGCATCATCAACCGCTACAGCAATCCCGGCGAACTTGTCTATGATCCCTTCGGGGGCCTGATGACCGTGCCCTACCGGGCCGTGATGCTGGGCCGCCGGGGCTGCGGCTGCGAACTCAACGCCGGGTATTTTCTGGACGGCGTGAAATACCTGCGCGCCGCCGAACAGGACGTCTCCGCGCCGAGCCTTTTTGACCTGTGCGACGTGGAACATACGCGGGGAGCGGCATGAACGGCTTGATCGTCGATCTCTTTGCGGGCGGTGGCGGAGCCTCGACCGGCCTTGCCTGGGCCTTGGGACGCGACCCGGACATCGCCATCAACCACGACGCCGAAGCTCTGGCCATGCACAGGGCGAATCATCCGCACACACGGCACATGCAAAACGACATCACCCGGGTGCTGCCCTTGGAAGCCACAGGCGGGCATCCCGTGGCGATTCTGCACGCCTCGCCGGACTGCACGCATTTTTCTAAGGCCAAGGGCGGCAAGCCCAAGTCTCAGTATATCCGCGACCTCGCGTGGGTAGTTATTCGCTGGGCGGAAGACACGCACCCGAACCTTATCACGTTGGAGAACGTGGAGGAATTTTTGACGTGGGGACCGTTGGATAAAAACGGCCAGCCAATCAAAGAGCAGGCCGGGGCCACCTTTGCGGCGTGGCGGAAACGGCTTGTGCGGCTGGGCTACCGGGTGGAATGGCGGCTTTTGAGAGCCTGCGACTATGGCGCGCCCACCACGCGGCGGCGGCTTTTTGTTGTGGCGCGGCGGGACAAGGGGCCCATCGTCTGGCCCGCGCCCACACACGGCAACCTGAAATCCGCCGAAGTGCTGGCCGGAAAACTGCTGCCGTGGCGCACGGCGGCGGAGTGCATTGACTGGTCTATCCCCTCGCAAAGTATTTTCGACCGAAAAAAGCCGTTGGTTCTCGCCACACAGCGCCGTATTGCCGAGGGCTTACGGCGATATGTCCTCCAGGCGGCGGAGCCGTTCATCGTGACCTATTACGGGGCCAAGAAGCCCGACGATTTTCGCGGTCAGGACTTGGGCCGTCCGCTCCCGACACAGACCACGGAAAACAGGTTCGGCCTTGTGGCTCCGGTACTTTCCCGCCAGTTCGGCCGGTCCATCGGTCAACGAGTGGACGCCCCGCATCCTACAATCACTCAGTGCAACCATGACGCACTCGTGGCCGCCTGCATCACAAAATATTACGGCAAGTCGGACTGTTCGGGCGTGGATGAGCCGTTCCATACCCTGACCAGCAAAGAACGTATGGCCCTTACGTCCGCATGTCTGGTCAAATACTATGGCACGGCCAAGGCTGCGGACGTGGGCGAGCCCATGCACACCATTACCGCCAAGGCCCGCATGGGGTTGGTGGAAGCCGAGGCACGGAAAGGTTCCGAACCAGGGCGATACGAGCAGGTCCGAGAATTTTTGCGCGCTTGGGGCGTCATCGGCCCGGAGGACGAAGCGGAATTTGTCTATGAGGGCGTCGTCCTTCGCATCATGGATATCCTCATGCGGATGCTTGCGCCGCGAGAACTCTATACGGCGCAGGGCTTCCCGCCGGATTACATCATTGACGAGCTTCCGGGCGGAAAGCGCCTGACAAAAACCGCGCAGATACGCATGTGCGGCAATTCCGTGCCGCCGGAGATGGTTGAAGCGCTCGTAAGGGACAACGGGCCAGCCACCTGGGATCTTCCGGTACGTGCGCCGTTGCCAATGATGGGAATGTTATCCGGGCACGCGGAGGGATGGGCATGATCGACGACAGCAAGAAACACACCGCCTCGGGTTGTTCGCACGGCAGATTGACGCGCACGGGCCGTTCAGTGATGTGCAGGGCGGATTTGTGTGGAATTGGGGAATTTACCGTTCCGTCTCCGAGCGGGGTGTATGGCGTAAGGCGGGACTGGTGTGAGGAGCGTTGCCCGATCAGGCTGGCAAAATTGGAAGCACAAGAAGGTAACTGATGGCTGCAACAAATGCGCAAAAGTTGAGCGAGATTCTGACTCGGTATGAATAAAAAAAGGCCCGGTTGCAGCCGGGCCAAATTCGAAAACTCACTGTAAAAAGAGTATGAATCAAATGCTGTGCATCGTCAAGGGGGGAAATCATGCGTGATTATGCGTCCATTGCCCCCCAATTCTGGACAGGGGAAACAGGACGGGAGTTGCGCCGGGCGGGGCCGGAAGCGCTTGCCGTGGCCCTTTATCTTGTCACCTGCCCCCATGCCAACGCATTCGGGCTGTACTATCTGCCCCTTTCGTATCTCGCGCATGATACCGGACTCCCCTTGCAAGGGGCTTCAAAGGCCCTTCAAAAGTGCTTGGAAGCCGGGTTCTGCGACTATGACGAAGACTCGGAAGTGGTGTGGGTCTACAATATGGCGCGGTTTCAAATCGGCGGCCCGCTCAACCTCAAAGACAATCTGGTGAAATGGGTACGCAAGGAATGGGCGTCTCTCCCGAAAAACAAGTTTCTCCGCGCTTTCTGGGAAAAATATGGGGAGGCGTATCACCTGTCCGCCCCCAGCCCCTCCGAAGCCCCTGGCAAGCCCCTCCGAAGCCAAGAGCAAGATCAGGATCAAGAAGGGGACAGGGAGCAAGACCAGGAAGACATCAGCGCGAAGCCCTTGGCAGGCTCCACGCCGCCGGAGCCGTCTGTGGCCCTCATTCCCCTGGTGGACAAAACGGAGTTCCCGGTTTCCCGCGCGGTGGTTGAGGAATTTAAGCGGGCGTATCCGGGGGTGAACGTCGAGAGAGAGTTGGCGAAAGCCCGCGCTTGGTGCCTGAGCAATCCATCCCGGCAAAAAACGCAAAAGGGTGTCATGCGTTTCCTGAATGCGTGGATGGAGAGGGAACAGAACAAGGGCGGCGGACAATCCGGAGGCGGGGGACAGCCCTGGGTATCTCCGGCGCAACGTCGTCAGGACGCCAACATGCAGGCCGCCCGTGACTTCGCGGGGGAGGGGTAAGCCATGACGGACGCCGACAAAAAGGATTTTGCCGAAATCATGGTGGCTCTGGCCGAGAATTACAGCCAGACGTTGACCAAACAGGGCCTGAGCCTCCGTTTTACGGCACTGCGGGAACACGACATAGCCGACATCCGCGCAGCGGCCATGTCGCTCATGGTATCCCGCCGTTACACCACCATGCCAACTGTGGCGGATTTCCTTGACCACCTGGGTGGCGG
NZ_CP014229.1_gap24	1126735	1128657	1922	AACTCTATATACCAGCCGCGTGGCGTCCGGCCCGTTTGAGGTGACACCGGAAATACAGGAGGGCGGCCCCTTCCGGGAGCTTGAATGCATGGTCAGCGCCGTGGGCGCGGCAGGGTCTTCGCCGGAAGCGACGGTCGCGCTTTCCGACCCGGCCCCGGTCGCGCCGGTGGATGCGGAAGTTGTTATCGGGACATCCGGAGTGACGCTGCAATCGGTGACGCCGGACGAGGCCCCGGACAAAACCGGCTACGTCATCGTGCGCGGCGATGCGACGGACTTCACAGCGGCCCAGGCGGCAGAATTGCGGCAGACGGCGGCGTTGCCCTATGTCTGGGACGGTCTCGCGGCCGGAACATACTACTTTCGCGTTGCCGTAAAGGACGCCTTTTTCGACCTCGCCCGCAATCCGCTGAGCCTGAACTGGAGCCCGGTGCTGGCGGTGGAAATATCCGGAGGCGGCGATGGCCAGTGATCTGTTCAAATGGCCTGACTGGATGCCTCTGGCCCAGCAGTCCGGCTACGGCTACGAGCCCGCGGACAGGCGCACCCGCACGGACATGGAAGTGGGCAGCGTGCTCCGCGTCAATTTCGATACGGATGAAACCACGCTGAACTGCGCGCTGATTCTGACGCAATTTCAGGCGGCCTGGCTGGAAGCCTTTGAGCGCGGGGCCCTGCACCAGGGCGCGCAGTGGCTTGAGATGCCCATCCAGACCGGCGGCTGCATTGAATGGCATACGGTGCGCTTCGCGTCCCGGCCCAAGGTCGCGGGCGTCAACGCGCTCTATACCACCTACACGCTTCAGCTCGACCTCGAAAAGCGCGAGCTGGCCATGGGCGACGAGCTGGCTGAATTGCTGGTCTGCGTCGCGCCTGAGGACTTGATAGAGGCGGTGGATACCGTGAAGGCTTTTGTGGGCGCGCTTCCGGCGTTGCGAGTTCCCGATTTCTGGATTTACGGCTGTCTGCACAGGAGGCTGGAGTATGAGTACGGGCTGCGGTGATATCGCCAAGCTGCTTGAGGCGGCGCACGCCCTCGTCGTGTACCGCGATACCATAGACAAATGGCTGAACGGCACGGAAGTCGAGGATGTGATCCTGGGCGGCGTGTCCGTGCCGACCCTGCGTAAACTGGTCGCCACCATTGACGAGCGCCACAGCCGCATCGCGGAACAGGTGGTGGAGCAGGCCGGCGCGCGTTTCACGGTCCTGGCCGAACGTATGCAGGCCAAAGTGGACGAAGCCGCCGCCCTGCTGGATCAGGTGAAAAGCGTCACCGTCACGGCCACCACCCTCGCGCCGGGTGCCGAGGCCAGCGCCGGTTACGATCCGGCCACGGGCCGGATCACGCTGGGGCTGCCCAGGGGGAACACCGGAGGCACAGGCGAGGCCGGACCGGCTGGGAGCGCTCTCATCGGCTACCTGGATGCGGGGGAACCGGGACGCGCAGTCATACAATACATCGACGCCGGGGAGCCTTCCGCCCCGGAAGGAGGAGAGTGATATGAGTCAGGCAAGCGTCCCCGTGGCGAATGGTTACAAGGCGTTCGGCGGCACCACGGCGCAGTGGGCCGCGTCGGACGACAGGCTCAAGTACCGGGAAATGGGGGTGGAATACACCCCGGACGGGCTGGTGCTCATCAAGTTCGGCATCAAGACCGAGGGTGATGTGGGCACGCCGTGGAGCGAACTGCCGTACAGCTCCGGCCCGGCGGGGCCGTCTCCGGCTGTCGAGTGGGACGGCCCACGCCTGCGCGTCAAAAACACGGACGGAACGTGGACAGGCTGGGTCAACCTGCAGGGGCCTTCCGTGGACTACATGTGGACCGGCACCAGCCTCAAACTCAAAAATCCGGACGGCACCTGGGGAGATCCCGTGGATCTGCGGGGCGAACCCGGCCTGACGGGCACCTCCGTTCCAT
NZ_CP014229.1_gap25	1134124	1139048	4924	ATTAGACTTTATATCCGGATAAACCTGTAACCCTCTGTTTTATACAGACCATCTGAACAAGAGACTTACAATGAAGCATATATTTTGCCTGTTGCTGGCATTTTTTATACTCGCCGCAAACGCCTATGCGGCCGAAAAAGCCCCAAGTGCACCTGTCGCTCTGAATCCTTATGAACAAATAATGGTCGGAAAGGTGTGGATTACAACGGACGCCGTGGATCAGAAGGGTGCCAGCGTACCCGCCGAGGATGAAAAGGTGGCGGCATTCTTCGGTAAAGCGGAATATTTTCCCGACCACGCCTTCAAGATGGTCACTCTGGACGGCAAACCGAAGATGCACGGACTTTGGAACATGACGGCGGACGGGAAAACCAGGAACCTCACGGTGCGGGATGACACGGGCAAGACCCGTTTCACCCGGGAAGTGGAAAACGTAAAAGTGACCGACGGCGAATACACCTACCGTATTTACCCGAACAGCGAGAATAAAGCCGAACACATCGATATCATACATAAGCCGCGATAATGCCGCTGCGTTAAGGGGCCGGGTCGGAAAACGCCGCAAAGTGCTTTTCTGGCCCGGCCACAGCCGCTTCATGCCCGGTTTCGACCGTGAACATGGAGCGTTTTTTTTTGCATGCAAAAAATCTCCAGGCGGGCGCGGACACGGTTACGGACGGCATGATTACGGATCCTGTTTCAGCCCCGCCATCTACGGTATGGTGTTCAGCTTCCATTTCCGTCATCTTTCACAATCGTCATTGCGACTGCCATGGATTGTTGAGCGTTGGCGCTGGCTTTTCAGAGCGTCCTTTTCCGGGTACTCACGACGGCACTCTTGCCGCCGTGTCCTATCAAGAACAAGTACTTTAATTTGAACTTGTTACAGCCGAAAAAAGCAAACAGCGCCGGAAAGCGAGGAAGAGAAGGGAGCACGGCAAAGAAAACGGTTTTTTATTGATACTTTCACACAATAAAGAGGATAGAGAGCGCCGAGGCTATATAAAAATTTATATAATCGCGGCGTTCTGCATTCAGAAATTATGTTTACTGAGCAAAAATTGTCTTGTGTCAGAGCATTTACAAATTTTCAATGTGAAAATGCTCCGGCGGTAGCATGAGTTGACGCCCGCGGCCACAGCCTGCGGGCAATGCGAGAATGTCAATTCTCAAAGTTACTCTGCTCTGGTCAGGAAGTGCTGCTCTTCTCGCCGAGAAGGATACGGATTTCCTGTGAACATCATCTGCCGCGTGGATTTTTTTCAGCACATCGCTCTTGAGTACATGCCCCTGTGACAGCGCGAATATCGTCAATCGTCTTGGCTCCCTGTTGAATGGCGCGCAACACTTCTCCTTTGCTGATGCAGGAACACCAGCATACATATTCATCGTCTGGCGCGAATCGGATGTCACTTGTAAATTTCATAGATTATCCCCTTAGATAGATGATACCTCATGCCCATACCCATGCAATAGCTGCTTGCGCGGCCGTGTGGGGATGGTGTACCGCTCCCTCCTTGCTCACTGGCTCGGCTGGATACGATATGGCCATGTGCCCCAACCATATTATTCTGAACAATGCCCGACGCCGCGCTGCTCCCCCCGACGCCGCGCAAAAACAACATCCGGTAATCCGGAACAGTTGGCCCCACAAGGGCAAACTGTTCCGGGAACGTTCGGCTCTCACCAGCGAAGTGTTGCCGGGCGCCGTAAATAAGGAGCGGGTACGGCTACCCTCGGGACTAAGCGTCTTGGCTACATAGTTACTTCTCAGCACTTTTTGAGCAGGCGGCACAAGGAGGAATATCCGATACCAAGGTGTTGCGCGGCCTGTTTCTTGTCACCGCCGTAGAAATCCATAGTTTTTTTCAGAATGGCGTCACGGGCAATGTCCAGACTTTGCTTGAGTGTCCAGCGCGGATTCGTAAGCTGATCCATTTCTTGCGGAAGAGAGGACAAGGGGCTGCGGCGCTGCCTAGGGAGCGCCGCGGCTGACGGAGAAAGAACCTCCACACCATCCGTGCTGTGTTCGTTCATGATGCTGGCCAACAACGCCGGATCGGGCGGATTATCCCCCAGGAGAAGCAGATAGTTCTCCATAATAGCCAGCAATTCCCGCACATTGCCCGGCCACTCGTAGCGGCGCAGACATTCCAGGATAGGCGCGGACAGATCTTTTATGCTGCAATGATATTTTTTTAGCAGATTATCCAGCAGGATGGGGATATCCTCAAGACGGCGACGCAATGGCGGCACGCTCAACTTGAATGTGGACAAACGATAATAGAGATCCATGCGGAACAAGCCCGCTTGCACCAACTGGAGAAGAGGCTTGTTGGAGGCGCAGATAACGCGCACATCCACCGGGTACATGCGATTGCCGCCAACCCGGAGTACTTCCCGTGTTTCAAGAACACGTAAAAGGCGTAGCTGCGTTTCTTCGCTGATATCGCCGATTTCATCCAGAAAAAGTGTCCCCTTATGGGCCATTTCAAAATAACCGGCTTTCCCGCCGCGCTTTGCTCCGGTAAAAGCTCCTTCTTCATATCCAAAGAGTTCACTCTCGATCAATTGAGCGGGAACCGCGGAAATGTTGACGGGCACAAAGGGCTTGTTTTTTCGAAGGCTGGCCGCGTGCAGGGCATGCGCGGCCAGCTCCTTGCCTGAGCCGGTCTCCCCTTGGATGAATATGTTCACGTCCGACGGCGCATACTGGCGCAGCTTTTCTTTCATTTGCCGCACCGGCTGGCTTTGCCCTTTGATGTCTTCGATGGTCGTGCGGGCGGACAAGCCGCGGGAGTACAATTCCTTATTGATCTTGTTGCTGATGCTTTGCAGTGACGGCGTGTCTCGAAAAAGGCTGACCGCGCATGGAGTATCGGAATATAAGATAAGCGGATACGTCGTGGCGATGAACGCCTCGCCCCGTAGGTCGACCAGCCTATTTTCCCGAGGCGTCAGATCCCGCAAGGTGTCGAGAAGCCCAAGAGGTTGGAAGAAAGAGCTGAAAAACGTTTCGTCCGCCTGCGGTGACACCTTGAGCAACTGGTAGGCCGCTTTATTGGCAATGAGGACGTGCTGTTCCGAATCAATACAGAGTACGCCCTCTTGCAGATGTTCCATGATCATCATCATGTTGCCGTTGCGGCGCTTGGCCTCACGCTGCGAGTGGGCAAGGTGGCGGCCGCGCTTGAACGCCAGCTGGATGCTTCGGTGAGTAGGTTTGATGATGAATCCCCGGCCGCCGTATTCTTCCATACATGCCTTGCTCACGCCGCCGCCGATGAGCACCTTGAAACCCTGCAGCACACATTGTTGTATGGCTTGCCGCATCATTTCCGGCGAGTCATAGATGGCGCTTTGCACCTTTATATTTAACAGGCGCTCCATTTCAACGGCTATGGTATCGTGAAATTCGTCTTGGTATGATGCCAGAATAATCTTGTCAGAATACTGTTTTGCCACGCGCAGCGCTCTGAGCACGTCCATGTCGGAACGTTCAATTTTGACAACAGAGTGCGGCACGGAACGGAAAATGGTGTCGCCTGTACCGCCGTGGCATAAAATCACTTCAAAGCCGTTATCAAGGCATTCGCGCGCCATTTTTGGCCCTGTTTCGAAATTGACAAGTTCATAGTGAATCTCGTCAGGTGAATTAAGCATGGCATTTTTGCATTCTTCAATGATCTCATATGAATGCACAAGAAGGGCAAAGCGGTATTTTTCTTGCTTCATATTTATGTACCTCTTGATAAAGTAAATATTATATCAGTTTATTTTACAGCATATTAATAAAATTATAATTTTTGTATATACTAGACTTTTGAGCATAAAATATTTTAACTGCCAATAAGAGTCTTATTCGGATAAAAGGATGTTACAGAAATATTTTCTCAAAAACAAGAAAAATCTTAAAATATGCATATATTCTCATTAAAGAGAACATCAAGTTTTAAGTGTTCTTTCTAAAAAATAAATAAATCAAGTTAGTTATAAAAAAAGCGAGACAACGCTAACATTGGCATAATTCCTGCTTAAGTAAAGCTACAGCATACAGCATCACTATGTAGATGCTTTTATTTGATAATAGAATACTACATTGTTCAGAAGGAGCCATGTATGACTGCTGTAGCATCCTGCATTTCTGTGCATGACTTGCATGAAATATTGCGCGGAAAGACGGAATTTGCCCTGCTTGATGTGCGCGAGCAAGAAGAATTTTCCAGATCACATCTTTTATTGGCGTGCTGTACTCCCTTAAGCAGATTGGAGTTGATCGTCGAGCCGCTTGTCCCCTGCAAGGAAGCGTCTGTTTTTGTGATGGATGATGGCCTATCGGAGGACCTCGGGCGGAGTGGACGCGCCGCTGACGTCCTGCTGGCTATGGGTTACCGTGCCGTCAATGTCGTTGAGGGGGGGGTGAAGGCATGGAGCGATGCTGGTTTCGTCACCTTTAACGGGGTCGGCGCTCTGAGCAAGGGCTTTGGCGAATATGTTGAAGTGGTGCAAGGCACGCCGCGTCTGCCCCCCGAGGAGATCAAGGCCCTGCTCGACGACGCCCAAGTCCGGAGCATCGTCATTGATGTCAGACCCGCCGTCGAATACCGCAATATGAACATACCGGGCAGCATAAATCTGCCCGGTTGTGAAGTGACCTATCGCCTGGCCGAAGTGGTCAAAGATTCCGAGACGACCATCGTCATCAACTGTGCCGGGCGGACAAGAAGCATTATTGGTACGCAGACCCTGGTCAATGCCGCTATCCCCAATCAGGTCGTAGCCCTCAAGGGAGGCACCATGAACTGGCAGCTTGCGGGTTTCGACCTGGAGTACGGTTCTACTCGGCCGATGCCCCCCATTACGGTGGAAGGCTGGCAGATCGCCGAACAGCGTATTCGCAAGGTTGCCGAAGCGTACCATGTCC
NZ_CP014229.1_gap26	1190059	1192387	2328	GACAGGGTGATCGTGTTCACCAACAAAATTTCCCACGAGGCCAAGCGCAAAGCCATGCAGTTGGCAAGGTCGCGCAATATTCCCATCCATATGGTGCATTCGTGCGGCGTCTCCTCATTGCGGGAATGCCTGCGCTCTTCATGAATGCTTGACATCCGGAGGACAAGTAGCTAGTTCATTTCGGAAATGAATTTCATTTTTATGGAGTCCCGGCAATGAGAGATATTCGGGTCACGGATTGTGGGCGGCAGGTGGTCCCTGCCGCCGGTTATGCCATGGGGGAGGTTCCGGCATGAGTGCGGTGAGGCAGTTCAAATCGGTGGAGGAAATGCACAGCGGATCGTCCGCAATGGTGCGCATTGCGCTGGCGGGCAATCCCAACTGCGGCAAAACCACGGTGTTCAATGGGTACACCGGGGCCCGCCAGCATGTGGGCAATTACCCCGGCGTGACAGTGGACAGAAAGGAGGGCCAGTTCGTCTTCAACGGCGAGCCGGTGACACTTGTGGACCTGCCCGGAACCTACAGCCTGACCGCCTATTCCCAGGAAGAACTGGTGGCCCGGCGCGAACTGGCGGCCAACAATGTGCAGGCCGTCATCGATGTGGTGGATTCCTCCGCTCTGGAACGCAATCTGCTGCTGACCGTGCAGATGCTGGAAATGGGCATGCCCGTTGTGCTGGCCTGCAATATGATGGACGAGGCCCGCGCCGCGGGCATCCATATTGATATGGACCGGCTGAGCCGGATGCTGGGCATTCCGGTGGTGCCCATGGTGGCCCGTACCGGCGAGGGACTCAAAAAAGCCATGGAGCTGGCCGTTGGCCTGGCCCGGGCGGGCAAACGGGACCCCTTGCGTCTTTCCTACGGCGCGGACCTGGATACCGCGCTTCTGGAGCTGGAAAAAGGCATTGAGAGTTCCGGCCTGCTGGCCGCGCGGTACCAGTCCCGCTGGGTGGCGCTCAAGCTGCTTGAGGGCGATGGGGACATGCTCAAGGAAGCCCGCGCCGCCGACGCCAAAACCACGGCCGAACTGGAAGCCATCTGCAAAAAGGCGGTGGCGCATGTCCGCGACACGCTCAACACCAATATGGAATCCGTGATCACGGACCACCGTTACGGCTACATCCGCAGCATCCTGCGTGACGGCATTGTGAGTCAGGATCCGGGCAAAAGCCGTCTGGCTCTTTCCGACAAGCTGGACAAAGTGCTGACCAATGCCTTTTTCGGCCCGCTGATCATGCTTGGCGTGCTCTACATGATCTATCAGATCACCTTTGAGGTCGGCGCGTATCCCCAGGGCTGGGTGGAAGACGGTTTTGCCTGGCTGGGCGACTTCTGCACCAGCGTGCTGCCCGAGGGCTTGGCCCAGTCCCTGGTCGTGGACGGCATCATCGCCGGTGTGGGCGGCGTGGTCAGTTTCGTGCCCCTGATCATGATCATGTTCGCCCTGATCTCCTTTCTGGAAGACAGCGGCTACATGGCCCGCATGGCCTATATGATGGACCGGATTTTCCGCTTCTTCGGCCTGCACGGCGCCTCGGTGATGCCCTATGTCATTTCCGGCGGCATCGCGGGCGGCTGCGCCATTCCCGGGGCCATGGCCACCCGCACCCTGCGCAGCCCCAAGGAAAAGCTGGCGACCCTGCTGACTTTGCCGTACATGACCTGCGGGGCCAAACTGCCGGTCTTCCTGCTGCTGGCCGGGGCCTTTTTCCCGGAAAACGCGGCCACGGTCATGTTCCTGATCATGATTACCGGCTGGGTGGCGGCTCTGGTGGTGGCCCGCCTGCTGCGTTCGTCCATCGTCAAGGGCGAAGCCACGCCTTTTGTCATGGAACTGCCGCCGTACCGCATGCCCACATTGTTCAGCGTGTTGCTGCACTGCTGGGAACGCGCCTGGATGTATTTGAAAAAGGCCGGTACCGTGCTTCTGGCCATTTCCGTGGTGATCTGGGCCGCCATGACCTTCCCGTCCCTGCCTGAAGAAGCCGCCGCTCCTTTTGAGCAGAAGATCGAACAGCTCGAAACGCAGGTCAACGCGCTGCCTGAAGGCGCCGAGGGACGCGAGGCCCTGGAAGGGGAACTGGCCGATGCGCGAGACCAACTCGGCGAAGAGGAGCTGGCCTACTCCGTGGCCGGGCGTCTCGGCAGGTTCGTGGAGCCCGTGACCAAACCCGCCGGTTTTGACTGGCGTACGGACATCGCCCTGCTGGCCGGCATCGCCGCCAAAGAAGCCGTGGTCGCCACCATGGGCACCGCATATGCGCTGGGCGAGCAGGACCCCGAAGACGCCGCGCCTCTGGCCGAACGCCTCAAGAGCGATCC
NZ_CP014229.1_gap27	1253828	1258460	4632	GGGCAACATGCGGCTTGGTCGGATTTTCCCGTGGGCTTTTCATGCCAGCTCTCCTTGCGATAGGCATGCTGCATTTCAGACGCGATCCAAGATATCGCATGATCCGACATGGGGGCTGCTCATGTTTGTATTTTTTTTATCCCAAAAAAAGTTATGGGAATTTTTAATTAATATATGGATAGTTATCCTCCATATATGGCCGTGAATATCTTGTCATTATGGGCAAAAAAATAACCAAAATGGGCATGACAGCGAGTGCATCGCGTGTATCATAGACAAACCTTCTCACATTGCTTTGTGAGGATTGTTTTTACCGTCCAGTAAGAGAGGAGTCATGGCAACAGATCTGCTTAGACGCTTTACAGAAGTGGCGCGCTCCAACCCAGCCGTTCCGGCGGTTATGGGACCTGACCTGTGCCTGTCGTTTTCGGATCTCGATTTGCTTTCCGACAGAGCCGCCGCAATTTTTACCCGTGCCGGCGATGCCGGGATTCTGCAGGGAGAGATGCCATACTCGATAGATACCTTGCCGGTCATCGGGTTCTATCACTGCCGCTCGGCGCGGCATGTCGTGGCCGCGGTGGGGGCCGCCAAAGCGGGCATTCCCTATATGCCCCTGGGCTGCGACTGGCCGGACAACCGTCTGAAAGCGGTCAGGGGCAACTGTCGCATGTGTCTGCTTGTGTGCGATAAGGAGGGTATGTCCGTGTCCGGCTGGGGCGGTGAAACGCCCGTTGTTTATACCGATGATCTGCTTGGAGCCGGGAAGGTTGTTTCATCCTGGAGCAGAGTGGAAATGAGAGATGTGATGCGGGCCCGGTATGGGGATATGCCCCCGCCGCTGTATGTCATACACACCTCGGGCTCCACCGGAACACCCAAGGGGGTGGCCCTGCCCCATGACGGCATTTGCGCCAATTTTGTCGGCTCACGGGGCATGCCCGGATTCAGCGCCGGCAAGAGAGTGCTTTACGGAGGGGCACTTACTTTTGATCTTTCCATTATAGAGCTCTGGATCAGCCTGCTGAACGGCTGCACGCTCGTGCTTACCCCGGAAGAAACGCTGCTTGATGCCCATAGTCTGAAAATGCATCTGAAAAAATGGGAGATCAATACGGCAGCCATGCCTGTAAGCGTCATGAGCGCGCTTGCCGCACAGGATGAAAGCGTTTTCAGCGGTCTTGAAGTCCTGATTTTCGGCGGAGAATTGCCCAATAAGGACCGTATAGAAAAGATCATGCGCGCCTGCCCCGGCATCGTAATGAACAACTCTTACGGGACGGCGGAAACCTGCGCGGTCGCCGCCGCCGGAAACATAGACCTTCCTCTGCCCGAAGGTCCCCTTGCAGTGGGAAAACCCTTTGGCGATGCGGAGCTGTTGGTCGTAGATGACGATCTTGCGCCTCTGCCCGCAGGGCAGGTGGGGGAACTGCTCATCGGCGGGCCGGGCGTGGGGCTCGGGTATATAAATGATCCGGAACGGACGGCCCGTTGCTTTGTGACTGACCCCCGGAGCGGAAAACGCCGCTACCGGACAGGTGATATGGCCTATCTGCAACCTGACGGGCGGCTTGTTCTGGTAGGGAGAAGCGACGCGCAGTTCAAGATCGGGGGCAAAAGGGTGGACCCCGGTGAAATCAGTTCGGCCGTCATGCGCCAACCCCGCGTGTCCAATGTGCATGTCGCCTTTGTGCGCGGGGACTACCCGACCATTGTCGCCTATGTAGTGGCCGACGGCTCCGCGTTCGGCATGGAACCCGAGATTTTCGCTGAGAACCTGCGCAAGGCTCTTGCGGAAGAACTTCCCGCCCATCTCGTTCCCGGACACATCCTCGTTGTGGAATCCATTCCGCTGACCGCCCACGGCAAAGTTGATCAAAAGCGCCTGCCGGTGCCCCCTGCCGTGAAACCGTTTTCCTCCGGTGGTGACGTTTGCGCGGCCTTTCAGGCAGTGTTGCGGTCTGAGGCTTTCAGCGAAAATGACGCTTTCTTTGATCACGGCGGCACATCATTGCTTGCCGCGCAACTGATTGCCGTTTTCCGCTCCGTCTTTCAGGTGGCGGTTCCTTTCAGACTTTTTTCACATCCGCGTACCGCCTATATGGTCAGGCTTTTCATTGAAAATGCCAGAATGAACGGCCCGACGGCCGCCGGGAGCGGTGCGGGCGCGCGGCTCCTGCCCGTCCGCGGCACAGGGCTTAAGGCCCAGGACGAACTGACCGTCAAGATTTAGGGGTATGCCATGAATGCCGGGTATCCAGCGGAACTTCTCGAATTTGTTTTTGAACTGCGCAGTCAGGGCATAGTCTTATATGCTGAAGAGGGGGAGATTGTCTGCCGCGGCCCGCGAGAGGCCCTGACAAGCAGTCGTCTGGATACTCTCAGGCTGCGTAAGCGGGAGCTTTTGCAATTGCTTGAGGAAGAAGAGAGGGCCCTGCGGCAGGAGATTCCGGAACTCAGTCCGGATGTCCAAAACCGTTTTATGCCCTTTCCGCTGACGGACAACCAGCAGGCATACTGGATCGGGCGCGGAGACACGCTGCAATATGGGCAGGTGGGCATTCACGCATACTTTGAGCTTGAGGTTCCGGGCCTTGATGTGGAGCGCCTGGAAAAATGCCTGAATACGCTGGTGCAGCGGCATGACATGCTGCATGCTGTGGTCGTCGGTGACGGCATGCAGCGCATCCTGAGGGAATATTCCCCCATCAGGATAATGCGTACGGACGCCTCGGACCTGTCCGCCCAGGAAGCGGACAAGACGCTGGACTCCATCCGCCGCGATTTGTCCTGCCGCTGCTATTCGCTCGAAACATGGCCTCAGTGCGCGTTTCACGCGGTGCGGCTGCCGGACGGAACTGACATTCTTTTTGCCAGCCAGGACACATGGTGCCTGGACGGGCAGAGTTACCGCGTGCTCATGGAAGAATTGGCCGCCCTGTATCACGGCCTGACGCTACCTCCCCCGCCGGGCTTGAGCTTCAGGGATTATGTACTTGCCATGCGGTCCTTCCGGAATTCCTCCGCCTATCAGGCCAGTCTTTCCTACTGGAAAACCAAAGTGGCCACCCTGCCGGCAGCGCCCATGCTGCCGCTTGAAAAAAAGCGGGGCTATCGTCCGGAGGCCCGTGGCTCCGGTAAAAAGAGCTCGAACGACCCCGTGAAGTCCTATCGTCTGGAAGCAAGACTTTCGGAAGCAGGACTCAAAACGCTGAGAAATTCCTTGCGCGGCAAGGGAGTGACCTTGGCCGCCTTTTTGCTTGCCTGCTATGCGGAGACCCTGGGGCACTGGTCCGAAGAACCCGCGTTCACCATCAATGTGCCCTGGGGCAACAGGCTGCCCGTGCATGCGGATGTGAATGCGTGCGTTGGTGAATTCGCCAGCATGACGCTGGTGAAATACGACTGCATGGCGAGCGGGAGTCTTCTGGAAAGGACCCGTCTTGTCATGGCTCAACTGCTGGAAGACCTGCAATATTGCCATGTGTCGGGAGTGGCCATCCTGCGTGAATGGCGTCAGGCCAATGCATTGGGGCCGGAAGCCTGCATGCCCTTTGTTTTTACGAGTGAAACGGATTCGGGAGAGGGCGCGAGCTCTTCCTGGATGGAACCCCTTGAACGCATAGGTCGTATCCGCAAGGGGCTCAGTCAGACGCCGCAAGTTTGGATTGATGCCCAGTATGCCGTGGTGCGCGGAGAGCTGCGCCTTTCATGGGATATTCTGGATGGCGTTTTCCCCAGAGGGCTTGCGGAAAACATGTTTGCCGCTTTTGAGGCCCTGGTGCGCGCCTGCGCCGACAGGGACGACATCTGGCATGAGGCATTTCCTCTGTCTGTTCTTGCCCTCCCTGTCCCGTACAGTTTGACCTGGGGGGGAGATTGCGCGATTGCCGACATGGACGTTGCCGCCGTCATTGACGAATTTTCTTCCACGCGCGCGGAGCATGTCTGCATTGAGGATGTCCGGGGCGCTCTGATGTGGCGTGACGTGTCCGCACTCGTGTGCGGCGCATCAGCCCGAATGTGCGAGGCCGGCCTCAAACCCGGCGAAGGGGTGGCCATTCTTCTGGAAAAAGGCCGCTGGCAGAGCATCATGCCTTTTGCCGTGAGATCTGCCGGGGGCGTGTGCATTCCGCTGGATGTGGAAAGCCCCGTTGAGCGGCTGGAAGAAATCGTGCGGCGTTGCGGCGCGGCCATGGTTGTGACCGACGCGTCGCTTCGGGAAAAAGCGGCGGCCTTCGGCCTGCCCATGCTGGATGTGGCATCGGGTGAGCTGGTGCGCACAGCCCTGCCGACCGGGCGGCGAGTGTGGGACAAGAGCGTCTTCTGCGTCATCCACACATCGGGCAGCACCGGCGTCCCCAAGGGGGTGGAACTGCCTTTTGCCGGTATTCTCAACGTGCGCGCCCACATGGGCAGGCTGGGGCTGGGGGCCGATGACGTGGTTCTCTCCCTGTCGCCCCTGCAACACGACATGTCCATACCGGAGTATATGGGCAATATGCTGTGCGGCATGTGCGCGGTTTATCCCGATCCCCGCCTGCGCAAGGATCCCCGGCACTGGTTTGAGCTGATCGAAAAGCACGGCGTGACGTTCTGGCATACCGTGCCCGCCATGCTGACCATGCTTGT
NZ_CP014229.1_gap28	1323240	1325048	1808	ACTGTTCGGCGGTAAAGGGCAGCAGGCAGACGATAATGACCAGATTCTGCCACCAACAGGCCTGGGTGCCGGACATATTGGTGGCTGTACGGCGGTTGGCGATAGCCACCAGGGCGTAGACCGCGCCGGAAAGCACGCCCCAGGCCAGACCGGCGGTAGCGGCGTCGGCCAGGGAAAAACTGGGCGTGATCAGCACCAGGCCGCAACTGACCAGAAACATGCAGGCGTATTCGCGCCCGCTGGGCTTTTCCCGATAGGCCAGCGCCTCGAACAGGGTCGTGAAGGCCGGAAAGCAGGCAAAGCCCAAGGTGCCCACGGCCACGCCGCCCAACTGAATGCCCATGAAGAAGGTGACGAAGTGGACGGTCAGCAGCGTGCCGCTCAGGGCAAGCCCCGCCAGATCCCGGCAGCGCAGCCCCTGCCAGGGCGCATGACGGCGAGCCAGGCAGAGCAGGCTCAGCGCGCCCACGGCAAAAAACGCCCGACCGCAGACCAGCATGGCCGGAGAGCAGGCGCAGAGTTTGCCGAAAATGCCGGACAGGCCGAAAAGTACTGTGGCGGCGTGCATCCGCAGCAGGGCGGATTTGAGCGCGCGGGAAGCGTCCGTTTCTCCTTCGGATCGGGGCGTCATGGCTCCTCCTCAAGTCCGCCCTGGGCAGGGTTCTGATCGTGTGCGCTGAAGCTCCGCGCTGCGCAAGCAAGTGGGCCGTCCGCCGTACAGGCGGAACCAACTGGAAATGTTTCTGAAATCATGTCTAGATCATGTCTTGAATTTTTCTGCAAGGTAGTGTAGCCACTAAAACAGATGCGTTTTGAAAGTGTTTATTTTCAAAGCTGTGACGCTGCCCTTACCTCATCGCTGCTGTCGCCACCCACAAGCCGCACTGCGAGAATGGCTGGCGTTCTGGAGCAGATTACCTTTGAAATTTTACAAATTTCAAAGTTGGCATTCCGGCGAAAAACGTGGTTTTCGCCGGAATCCACGCCGCTTCGCGGCGCGCCGCACCGTGTGCGGCGTTAGAGCAATTTCAAAGTGAAATTCTCTAAAAAAGCGATTTTCATTGGGGTCGGGCGCGGGTGTCTGCATCTTTGTTCCCGATGCCCGTAAGCCCTTCGGGCCAACGGACACGGTCCTACGGCCGCTCTTCGGGGCAGTCTTGCAGTCGCCGGGCATTTTACATTTTCAATGTAAACATGCTCCAAGAAAGCAGGTGGCGCATAACATAAAAATGATACCCGGTTCACAGGCCGGGCCGCACGTAAGTATCGGGGGCATCCATGCCGCAGGTTGCAGCACGCATCAATGATGATCAGGAACGCTGGCTCAAAGATTATTTTCGCACCAAAAGCGCGGGAGCGGAATTTATTCTGCCTTGGGCGGTGGATACTTTTTTTCGGGCCATTACCAGCATCAAACACATGTTCAGCGCGGCCGAGCTGAAAACCATCGTGGAAGCCCACAAGGACATGAAGCTGATGCCCGACCACACCCGGCTGTCCTACCTTTTGCTGCGGGTGACGGATGCCTGTGACGTCAATAACGTGCATCTGCGCCATGGGGCCAGCAAATCCAGCCTGGAATCAAAACTCAAAGGGCTGGACGACACGCAGGCCACCGCCCTGATGGTCTGGGCCTCGGCCTTCTGGGTCAGCCGCAACTGCTCCGCGGAAAATATGGACGAATACATCCGGGCCTATTGAGCTTCCAGCCCGCCGTTATCCCTTCAGGAACAGACAGAAATATCCCCGAATTTTCCAGGCCGCCTGCGCGGCCTTTTTTCAGATCGCGACCTCTCGGTGTTGTTGCG
NZ_CP014229.1_gap29	1399946	1401862	1916	GGCCATGGCCTGGTATTCGGACTCGATCATCAGGCGCTGGGTGGAATCATAGGTGCCGGTGGCGGCCTGTTCGGCCAGTTCCTTCATGCGGGTCAGTTTTTCGTCGATGACGCCCAGCGCGCCGTCGCCGGTCTGGATCAGGGAAATCGCGTCGTTGGCATTGCGCGCGCCCTGGTGCAGGGTGGCGATGTCCGCGCGCTGCAATTCGCGGATGGCCAGTCCGGCGGCGTCGTCAGCCGCGCTGTTGACCCGCAGGCCCGTGGAAAGGCGCTCGGTGGACTTGCTCAGTTGCGAATAATGCGCGTTCAGGTTTCGGGCCGTGTTGGCGGCCATCATATTGTGGTTTATGACCAAAGACATGGGACACCTCCTTGGGTGGTTACTAAGCTGTACCCATGAATTGCAACCCATGTGCCAATTTTATTTTATTATTATATTTTAATATGTTATTTAATTATGTTGCGGGTGGGGAAAATTTTTCCTCCTGTTGAGTGCTGCATTTTTGGCGCTGATGCGCGCTGCTTTTGGGGGCTTGGCGCGCTGTCCGGAAGGAGATCGCCTGTGCCGCCTTCGGCCGCACGGCGCTTCGCCGGGAAAGGCACAGGGCGAGTCCGTGCCCGCAATGCGTTTCGGAATGGCCCGGCGGCGGGCGTCATGGGCAGATAGCTTGCGTACCTTTCCGACCGGAACGAAAAGACGCGAAAAGCGCCGACCAAATGGTCGGCGCTTTGTACGGAGAAAGCCGGATTGCAGCGCTATCCCTTCGCTGTCGGGCGTCCACCCGATGTGAACGCCCGATATTCCGGGCGGCGGCGTCAGCCTACCGCTTCATGCCGATAACCGTTTCAAGCATGGTATCCACGGTTGTGATGCCCTTGGAGTTGGCCTGGAAGCCCCGCTGGGTGGTGATCATCTGGACGAACTCGCGGGACATGTCCACGTTGGACTGTTCGATGTTGTAGGCCTTGGTGGTGCCGAAGCCGTTATCCCCGGCTACGCCGATGCGCGGCTCACCGGAATCGTTGGTGGAAGAGAAAAGATTGCCGCCATCGCGCCAGAGCCCCTGGTTGTTCTGGAAGTCGTACATGGTTATCTGGTAGAGGGGCAGGGTGGTGCCGTTGGAATAGACGCCGTAGATAATGCCTGAGGTGTCGATACGCACGTCGCTCAGCGTGCCCGAAGCATAGCCGTCCTGCGTGGCATTCTGCGTCACGCTGGTCTTGCTGTTGGCCGCGCTGGCCCCTTCCTGGCGCTCTGTGGTCGTCATGCTGGCGGCGTTGGTGGCGAAGTTGACGACAGCCTTGTATTTGGGATTCCCCTCCGCCGTGACGCCGTCGGCCACCAGCTGCGTCTTCAGGCTGTCCAGGCTGTTGGCCTTGGTCTCGTAATCAGGCGCGACACGCGTGGTATTATCTATCGCGACATATGTATCAGGCTTAACCTTGCTGGTGGCGATTTTGTCAAAGTTGGTGACTGCCTGCCTAGCGTCAGCGCCGTCAATGTAAAAATATCCCGTGGCGTCATGCTGCACCAAGCGAGGAGTGCCGCCGTCGTCGAACGTGCCGTAAATTTTGCCGTTCGTGGTACCGCCGCCGGCTTGCGGGACCGTGCCGTTATAGTAGTCACCGTCGGCGTCCGAGTAGGCAGGGTGTGTTGTTCCACCGCCGTCCACAGTGACGTCATAACATTTGGCATTGGGTGTAACTGTGGTGTCCGTGAAGTAATAGCTGCTGGTGGTGTCGTCGTAGGCCACATTCGGAGTGCCGCCATTGACATTAATGGTGCCGTAAATCTTTTCGGCTCCATTCATATAATAAAAGCCCTTGTCATCCGCCAGCAGGTCATGGCCGGCGGCATCTTTGCCATAGAATCCGGTGGCCAGGTTATAATAGCCGTATTTGCTCACACCCAGCGCA
NZ_CP014229.1_gap30	1403230	1406947	3717	TGGGATAGCAGTTGTATGGCGGCCGTGGCCGCCGGGATAGTTCAGTTGTTATATTCAGGCGGCCTGGGCGGTGGTTTCGCCCGTGCCGGAATTTTCTTCTGTACCCGGAGTTTCTTCCGTGTCGGGAGTCCCCCCAGTACCGGGCTTTTCGCCGTCGGGATCTTCCTTGTCAGGGTCCTCGCCGTCGGGCGGATTCTCATCCCCGCCGCTGCTCTTCGCCTCGGGTTCCGTGACCTGGCGCACATTGGCCAGAAGTATCAACTGCCCGCCGTCAAGGCCCAGGCAGACGGAGCCGTTGTTATTGACCACGCCGGTCACCCTGGCGTCCACCACCTGGTCCGCGAGCACGGACTCACCGTTGGAGTTGAGCAGCGCCAGGCTGACGGTATACACGCCGTCCGGCGCCACGCTGCCGTCATTCCTCTTGCCGTCCCATTCAAATTCATAGGTGGTGCCTGCGGCCTTGTTCTCGTTCAACTCCGCCACATAGACCGGGTTGTTGTCGGCGTCGCGCACAATGATCTGGCTGCCCGCCACCACGTTGTCGTTGGGAGCGTAACGGAACTTGGAAATAGTGACTTCCTTGGTCTTCTCGTCAGTGTTCTTGCCGATGGCATTGCCGGAAACGGAGACGTTTTTGCCGATATACGAGGTGGCGTTGATCATCTGCTGATTATTGGTAGCATCGGTCAGCCCTTCCATGCTCGTATTCAGATTCATGAGCTGTTCCAGACTGGAGAATTGCGCCAACTGGGCAATAAATTCCTTATCCTCCATGGGATTGAGCGGATCCTGGTACTTGAACTGGGTGACCAGCAGCAGCATGAAGGAATCTTTGTCCATATTGCTGCCCTTCTGCTTGGAAAGGGCGCTGTTGAACTCATTGTTGGCCTGGTTAAGGGCTTGCGTAATACTGGACATGATTTACTCCGCGTCGGCGAATTCAGGCCACCACATGCAGGGACTGCGTGGCATATCTTGCCATTTGCGTCAGAGAATGCACAGGCTGTTCCAAAATCTCCGGTTGCATATTTTCACCAGAATTACGCAGGGTTGCGAGATTCTTGAGGCGGGCAAGTTCTTCCCGGCGGGCATCTTCTTCCTGCCGGGAATTGTGCTGATCCAGATTTTGCCACTGGCGGCCGTCGTCCCCCTGCTGGCTCTGGAGCTGCACTTCAATCTTGTCCACCTTGATGCCCTGTTGTTCCAGATTGGCGCGGATGGTGTCCAACTGGCGGGTGACCATTTCAGCGGTTTCGCTTTTTTCGGAACGAATGCGCGCGCTCACTTCGCCGTTGCGGGCCGTAAGCGTGAGGGTAATGGCCCCCAGTTCCTGCGGATGCAGTTGGAGGTCCAGCCGTGTGCCCCCGTCCTTGAGCGCGGAAAGCAGGCCGCGCTCCACCTGCTGGGCCACTTGGCGGGAAAGCGTCTGGTCCTCGGCGGCATTGCTCTGAATCGGGTCCGCTTCAGACAGGCGCTGCCCGCCCTGAAGCATGGAAAAGACGATGGAATTGCCGGTATTGGCCTGGGGAGCCGCAGCCCGCGTTTCAACTTTGCCCAGCAGTTCGCTCCATTCCTTGCTCTTGCCTTGTCCACTGTTGTTTTCAAAGGCAGGGGCGTCGGAGCCGGAGCCGTTTTTACCGCTCTCCGCCGTTTCTACACGCGCCGCGCCGACTCCGGGGACCGCCTCTGAAGCGGCATTGCGGGATTTATCCGTATTGGCCGAGGCGCGAGCCAGCTTGTCCGCCAGGTTGTCATGGTTTTCAGCGCCGCCCGCTTCTCCCACGGCGCCGCTCTGCTTGCCGTTCAGCTTGCGGCTCACCGCCTCGCTCTGGGAGGCGATTTCAGCGGCATCCGGACTGTCGTCGGCCTGCTGGCCTGATTGCAAGGTCTGGCTGAGGATTTCCCGGCTCTGCTCCTGCACGGTCTTGTCGATCAGAATCCGGCTTTGCTCCACCTTGCGGTTTTGCAGGGCGCTGGCCGCCTTTTCCTTTTCCATGCGGTCGCGGGCTTTGCTGATGATGGGCTTGAGCGTCTGCTCCAGAGCCGCGTCCAGCTTTTCTCGATTGGCCTTGTCCGTGGCGAACTGCATGGAGGCGGGCTTCATGAGGTTGCCGAACTGCTCGCCGGTGACGCGCAAGGCGTCGTATCTGCCGAAATTGTCGGCAAGGCTTTGCAGGCTGTTCTTGTTCAGGCCCAGGCCCCTGCCCAGAGCAAGAGCGTCGTCACGGCTGATTTCAATGCTTTCGTCGGGGTCCAGCTTGGCGAAGGCGTCGGTGATCAGAGCCAGCGCGTCCTCGCCTTTGCCTTCACCCATGCACTGCAGAACAGAAGCGGCGAGATCGCCGGTGGGGTCAATTTTGCCCAGCAGAGCGGTGATGGTTTCGGCGTCCTCATCGCTTACCCCGGCGGCCTTTTCCGTGCCCATCAGGCTGGCCATGACCTGGGCCAGGGTGGCTCCGTCAGGCTGACCGGCCAGCACGTCGAACTGTTTCAGGCTTTCCTCGGGGGCACCGGCTTTGAGCAGTTTCTCGCGTAACTCTTGCAATTCCTGCTTGGTGAAGCAGACTTCATCCAGCGTATAGGTGACGCCGTCCGTGGTATGGCGGCTGTAGGGGCTTTCCACCATAGCCTGCTTTTGCCCGGAGCCGTTCTGCAAAGCCGCGTTTACCGACACGTCCTGCCCGTTTTCCACGGAATTCATGGCATCCTGCATGGTCTGCATGAAATCAGTGGAGGCATCGGACTGGTTGCCCATGCTGCCCCAAAAATTCAACGTGGTATCAGCAGTGTCGGTGGGAAGAATTTGCATTGTCGCACTCCTTGCGCCTGCTGGTATTCAAGGAGTGTTCCAAAAATAAAAATCTAACGATTTTTAATAGATAGGAATGATCAACGCGGCAAGACTTGCCGGAAGCGGAAAGGGCGATGTGACATGAATTCTTACTGTTGCGCTTTATCGGGAAAGCAAAGGCCGCACAGCGCGGTCAGACGGTCCACGGCCGTCTGCCAGCCTTGCGGCGTGAAATCGGCATTTTGCAGAAACATATGCGTATGTCCGGCAAAAAGGCGCAGCAAGGGCGGTTCCGCACGCCAAAAGTCTGCGGGCAGCTCCCGGCTGCGCTGCTTGAGGCCGTCGGCGCATTGCGCGCAAAGGCGGGCCAGACCCAAAGCCAGGCGTTGCGCCAATTGCGGAAAGGCATTTTCCAGGGCCGCCAGGCGTTGCCGAGCCAGAGGGCGCAGTGAGGGATCATACAGAAACAAAAAAGCAGCCTGCCAGAAATCCTCCAGCAAAGAGCGGCAGGAGCGCGCCGCAGGGCGCCCTTCCTGATCTTCCACGGCTTCAAGGCGATAGAGGTCCAGGGCATCGCGGCCCGTGCGGCAGAGGGACAAGCCGGGCAGCGGTCCGCTGCGGGCCGGCGGACGGGCATCCTGGGGATTTTCCAGAACGGCCAGAGCCGCGCGCGCCACGGAGGCCGGGCTGAAGGCCTGCTTACAGTACAGTTTCGAGCGGCGGCATTGCCAGCATCCCACACAGCTCATGGCCGCGCGCAAAACCCATTGACCGGGGGCGGTGGGGCCGGTTTCACGGGCATGAACCGGCCCCATGGAAAGGTTGAGCACGGGCACGCCGAGCCAGTCGGCCAGGTGCATTGGGCCTGTATCCGGGGTGATGCAGAGGTCCAGGCCGCGCAGGACGGCGGCCACGTCCCTGAG
NZ_CP014229.1_gap31	1454638	1459029	4391	AGGACCAGATGGATCTGGAAAAGGCGTGGCCTCTTGGCGTTGAGGCTCAGTCCCATCCCCACGAGATACCAGAGAACCTCTCCGGCCATGCAGCTCACATAGACCGCACGCGAATGATACCACGGCAGACCGCTGACAGCCTCACTGCCGAACAGCCACTGGTATTGCGGATCGTGGAATGCATTCCGGATTTCATTTAGGTCCATGATGCAGAAAAAAGCGCAGACAGCGGCCCACAAAACGCGCGGAAACATGCCGACACGAAAGTTGCTGTGGCAGGCCTGCCCGTCCCCGCTTTTCACCATGCCCTACCCTTCTTTTTTCAGCTGGCGTTCCAAAAAGTCGATGGCGTCCTTTTGCAGAGCGCAGAGCTGGGCTTCGCCTTTGAAACTTTCAGTATAAACCTTGCAGATGGCTTCCGTACCTGAAGGGCGCACGGCAAACCAGCCGTCTTCGCTGCTGACTTTGACCCCGCCGATGGGCGCGTCATTGCCGGGCGCACGGGTCAGCACACTGGTCACCGGCGAGCCTCCCAAGGTTTTCAGATGCACGCTCTCCGGCGTCAAAGCCTTGAGCAGCGCGCGGGTGCGGTCGTCGGCGGGCGCGTCCAGACGCTGATAGACCGGTGCGCCGAGCTTTTCGGTCAGCTTTTGGTAGATTTCACTGGGAGATGCCTGTTCCTTGGCCATGATCTCAGCGGCCAGAAGGCACATCAAGGGGCCGTCCTTGTCCGTGCTCCAGGGGGAGCCGTCAAAACAGAGGAAGGAAGCCCCGGCGCTCTCCTCGCAGCCCAGGCCGCACCGCCCGTTGAGCAGATAGGGCACAAACCACTTGAAGCCCACGGGCACTTCCACCACGGGCCGCCCCAGCTCCTTCCCCACTCTGTCCAGCATGGCGCTGGTCACCAGGGTTTTGCCGATGCCGCAATCCTTTGGCCAGCCCGTACGGGTACGGAAAAGATGCCAAGCCGCCACAGTCAAATAGTGATTGGGGTTCATCAGTTCCTGGCGGGTCACAATGCCGTGGCGGTCGGAATCCGGATCGCAGGCAAAGGCCAGATCAAAGTCGTCGCGTATCTCCAGCAGGCGACTCATGGCATAGGGCGAGGAACAATCCATGCGGATTAAGCCGTCTTTGTCGCAGGGCACAAAACGGAAGGTGGGGTCCACCTCCTTGTTGACCACGGTCAGGTCCAGGCCATAGGTCTCGGCAATGGGTTCCCAAAGCGGCAGGCTGGCCCCGCCCAAAGGGTCCACGCCCAGCTTGAGGCCGGAAGCGGCAATGGCCTTCATGTCCAACACCTTGGGCAGATCTTCCACATAGGCGCGGGTAAAGTCGTACTCCTCCACCAGGGAGGATCTCTGCGCCGCGCGCAAATGCACGAGCTGGACGTTGCGGTTGCCGCTGTCCAGATAGGCGTTGGCGCTTTTTTCAATCCAGGCCGTGACTTCGGTTTCGGCCGGCCCGCCGTGCGGAGGATTGTATTTGAAGCCGCCGTCGCGCGGCGGGTTATGAGATGGGGTGATAATAATGCCGTCGGCCAGACCGCTGCTCCGTCCGGCGTTCCAGCGCAAGATGGCGTGCGAGACGGCTGGGGTTGCGGTAAACTCGCCGTTTCTGGCGATGCGCACACTCACGCCGTTGGCCACCAGCACTTCCAGGGCCGAGCGGAAGGCAGCCTCGGACAGGGCATGCGTATCCCCGCCCAGAAAAAGCGGGCCGTCAACGCCCTTGGCTTTGCGGTAGTCGCAGACGGCCTGAGTGATGGCGTAAATATGCTCTTCGTTGAAGGTATGCAGCACCGATGAGCCGCGATGCCCGGAAGTGCCGAACGACACGCGCTGAGCCGGGATCTTGGGATTGGGAAATTCGGTGTAATAGGCGCTCATCAGCGCGGGGATGCGTTCCAGCTTTTCAGGAGCGGGCAAATGCCCCGCGTCGCAATGGACAACAGCCATAAAGAACCTCCGGCATAGATACGTTATCTCTACGCCGGAACGAAGCGCGCTGCAATCCTTGGGCGAGCGCTCAAACGGACCTTTGCCTTTCCCCGCATTTTTTTACGCATGGATAAAAGGAACCCCCCGGCATAGCCGGGGGTTCTTCATATGCGCCTGTAAGGCTTTCTTACCAGCTGCGCCCTAGCAGGCGCTCTTGCGATCTGACATTTGCATTTCTGTTACTTGCGGCCCGTAAACGGGCTCCTTGGGTAGGGTAGGCTCAACTGATCGCCAAGTTTATCCGACTCCAGCTGATGCTTGATGTAATCCTGAATCTTGGCCTTATTCTTGCCCACTGTATCGACGTAATACCCACGGCACCAAAATTCTCGATTGCGGTATTTGAACTTCAAATCCCCAAATTGTTCATAGATCATGAGACTACTCTTACCCTTTAGATAGCCCATAAAACTCGACACACTCATTTTGGGGGGAATCTCAAGCAGCATGTGGATGTGGTCTGGGCAACATTCTGCCTCCACTATTTTTACATCCTTCCATTCGCACAACTTGCGCAGAATTTCGCCAATGGCGCGCTTCTTTTCACCATAGAACACCTGGCGGCGATATTTAGGCGCAAAAACAATGTAATATTTGCAGTTCCACCTTGTGTGGGCTAAACTTTTGGCGTCACCCATCGTGACCTCCTTTTGATTTGTTGACTCGCAGTTGCCAGACCGCGAGACTTTTTAACAAATCAAAAGGAGTTTTACTGACATGGGCAAAGCTGTAAGCTTTTTAGAACCCCCCGCCTAGCGGGGGGTTTTCTCCATACAAAAAAGGGCTGTCTCACTGGGAGACAGCCCTGGTTGTCATTGGAAGGGCGCTTACTTGCCGAGGGGGATGGTGCGGAAGTACACATCTCCGCGCCGTTCAATCTGCAGCATAATGGCCCCGCGCTTCACGCCCACTTCTTTGACGATCTTGGAAAGGGCTTCCCCGCTGTTCACGGGCTTCAGGTTGGCCTTGAGGATCACGTCGCCGGGACGCAGATCCGCTTCAGCGGCGGGCTTGTCGGGATCGACGTCCACAATCAGCAGGCCTTCATCCTTGCTGAACTTCATCTCGCGGCGTTCCTCCTCCTTGAGGGGGCGCACCGAGAGGCCCAGAAGGCCTTCGTCCTGCTGCTTCTGGCCCATGCCGGGACGACCGTCGTTCTGGCCGCTCTTGCGTTCGCCCAGCGTCACCTTGAGGTCGAAGTTCTTGCCGTCGCGCCACACGGTCAGCACAGCGGTGCTGCCCGGGGCCTTGTCGGCAATGGCGCGCAGCAGCGCCGCGGCGTCTTCGACATCCTTCTTGTCCACGGCGATGATCACGTCGCCGTCCTGCACGCCGCCCTTGGCGGCGGGCTCATTTTCCATGACGCTGCCCACCAGGGCACCCGAGGGCTCTTTCATGCCCAGAGCCTTGGCGGTGTTTTCATCCATGTCCTGGATGCTCACGCCGATCCAGCCGCGGCTGATCTTTTTGCCGCTCTTGATCTGATTGATAATCTTGGCGGCCATATTGCTGGGAATGGCAAAGCCGATACCCTGGCCGCTGGCGATGATGGCCGTGTTGATGCCCACCACCTGACCGGCCATATTCAGCAGCGGACCACCGCTGTTGCCGGGGTTGATGGAGGCGTCGGTCTGGAGGAAGTTGTCAAACGGCCCGGAACGGATATTGCGGCCCTTGGCCGAAAGGATACCCGCGGTCACAGTGTGGTCCAGGCCGAAGGGATTGCCGATGGCCAGCAGCCATTCACCCACCTTGAGCGCGTCGGAATCGCCGAAGGTCAGGAACGGCAGGGGCTTTTTGGCGTCCACTTTCAGCAGGGCCAGGTCGGTTTCCTCATCGGAACCGATCAGCGTGGCCTTGAGGGTTTCGCTTTTGCCGTTGTCTTCATCCAGAGTGACGTGGATCACATCGGCGTCGGCCACCACGTGGTTGTTGGTCACAATGTAGCCGTCAGCGGACACGAGAAAACCGGAACCCAGCGATTTCTGCTTCTGCTGGGGCCGCTTGCCGCCGCGCCCTTTGCCGCCGAACTGGTCAAAAAACTTTTCAAAGCCGGGGGGCATATTGCGGAACATTTCACCGAAGAAATCTTCAGGGCCGCCCCCGGAGGCCTTGCGTTCCGTGCCTATATTGACCACAGCCGGGCCGCTTTTCGCCGCCAGCTCGCTGAAGTCGGGCAGATCCGCCGCCTGCGAAAGCTGTGCCGAGGCCAGGAAGGCCACGGTAAGCAGTGCGGCGAGGTATTTTTTTACAATCATGGAACCACTCCTCGTTACTTTTTTTGCATGGCCTTTTGCAAAGCCTGTGCCATAATGCCCATTCCGTTGCCGGAAGAGGGCGACCCGGCGGAGGCATGCTGCTTCCAGGCTTTGTCCTCGGCGGACGCGACGG
NZ_CP014229.1_gap32	1524920	1526834	1914	GGAGCTTGAAAAAACTCCGGACAACTTGGCCTTGCTCAACGATATTTTCCGGCCCATGCACTCTCTCAAGGGAGCTTCCGGCTTTCTGGGCTTGAACCGTATCAACCAGCTGGCTCACAAATCCGAAAATATCCTGGATGAACTGCGCAAAGGCAGCATGGTGGTGACCTCGGAGATCATGGATGTAATCCTGGCCTCCACGGACGCCCTGCGCCAGATGATCGACAATCTCGAAGTCACCAATGCCGAAGGCGATGTGGAAATCGAGCACATCATGGCGCAGATCGAAGCCATTATGGCTGGCGACAGCACGCCCCAACCGGAACCCGCCGCGCCGCAAGAGGCCGCGCCTCCGATGGGAGACGCTCCGCTTGCCGCCGAAGCTCTCGAACCGGTGGCGAAAGCCGAGGCATCGGCACAGTCTGCAGGAAGCCCGGCTGAAGACAATGACAGCCCGGGTCTGAGCACCAAGGAATGGGTCGCCGCTCTGCCCTGTCGCGAGTCCTACGCGCTTACCGCTTTTGGCGAAGGCCATCTCAAGGATTTCATCGACGAATCCTATGAAATTATCGCGAGCCTGAATGACGGGTTGCTGGAACTGGAAGAAAACCCCACCGGCCGGGACGATCTGGTCAACGATCTCTTCCGTTTTTTCCACAACATGAAGGGCAACAGCGGCATTATCGGCTACAATGAGCTCAATGCCCTGACCCATGAAGCCGAAACGCTGCTCAACAATGTGCGCCAGGGCAAAATCACGCCCAGCCATGAGCTTATTGACCTGCTCCTGCTGGTTGCGGACGTGATGGAAGGCCTGGTGCAAAAAATCGAGGTCGCCAGCGGCCAAGCCACGCCTTTCGACACCAGCCCGGTCATCAAACAGTTACAGCAGGTTCTGGCCGGGGGCGCTATTTCTCTGCCCGAAGAATTGCTGGCTGCCCAGAACGGGACGCCCGGCATGGCGGACAACGGCAGCGACACGCAGGACGAGGTTCCGGAAAAAGAGGCCGCGCCTGTGGAAGTAGTCAATCCCACCATTATTCCCGTAGGTTCCGAGGGCGACGACGTCGATGTCTTTCGCGTGACGGTGCGCCAGCAGATCGAAATCATCCGCGCCGCTCTGGCAACCCTGCAAAAAGACGGCAGTCACAAGGAATCCATAGACGCTGTATACCGTTGTCTTGTCGCCGTCAGAAACGCCTGCAGCTTTGTGGGCCAGACGGAAATCAAGGTCTACGCTGAACGCACGGCGGGCATTGTGGATCAGGGCCGCATCAGCGGCATAGATTTCGGACTGATGGTTGACCTGCTGAGCCAGGAAGTAAGCATTATCGACGATATGGTGCAAAAGGCGCTGGACGAAGGTAAAATCGGCCCTGACGTGGGTTCCTCCGCCCAGACTCCCGAAGCCTCTTCCGCACCCGAGGTTTCTTCCAAGACTCCCGAAGCCCGGGCGACTTCCGCCGTAACGGCACCACCCAAGCCGGAGGCGGCCAAGCAGCACCCCACTCCCTCGCCTGCCGGGGAAGTCAAAACCGAGCCCACGCCTAAAACTTCGGCGCGACCAAACCCATCAGCTCCCTCCGCTCCGGCCCCAGCCGCCCAAACGGCTCCCGCCCCCGCGGCGGCCGCCGCCAAGCCCAAACCCATGACTTCCGCCGCAAAGGCAGCGTCGGCTGCCGCTCCGGCGGGTGAAGCGCACAAGAGTTCCTCCACTATCCGCGTAGATCACGAGCGCCTTGATCATTTGATGAATCTGATCGGCGAGCTGATCATCAACCGCAACCGTTACACCCTTATTGCCCGCTCCCTTGAAGGCGGCGGCGAGAACGTGAATATTTCGGAAGTGGCCCAGAGCCTTTCGGAAACCACCTACGCCATGGCCCGTATTTCCGACGATTTGCAGGACACCAT
NZ_CP014229.1_gap33	1586275	1588722	2447	CGACCCGGTGGACGATCTGCTGGATACCGAAGACCCCGAAGAACTGGAAGCCGTTTTTGGCAAGCCGCTCGGCGGCCATGTCTATAAGGCCGGGGCGGGGCCCGAAGGTCGTGGGCTCTTGCGTGACATCGGCGGTTTTCTTGTCCTCGGCTATTTTCAGCCTCCGGACAAGGAATGCGTATGCCTGGATGATGCCGACGAGGTTTGCGGGTACGGCCTGGAACCATACCAGACGCCGTGTCGGGCATGGAGTCCCTATCTGCATACGGCTATCGCGAAATGTCTGGCCCAGGCGGCCAGAGCTAAACGAAAGACCCTGCGCGAGGGACGTGAAATAGCCCTGCGCAAGAGGGAGGCGTGATCATGTCCATGCAACGGTACATCTGCATCGCGGAAAGCCTGTACGAAGACAAGGTATCTTGGCTGGCCTTTGGAATAGAGCTCATGAACACGAATCCCTCCAGCGCGGCCTGGAGATTTGTCGAATGCTGCCCCAAAGAGTCCGGGGCGGAGGATTTCATCTGCGACGAAGCGGAGCCGATCCCCGTCCTTGTGAAAAATGCCGACACCGGGGAAGTCGTCCGCGTCATAGTGGAGATAGAATGGCGTATCGCCGTCACCGAAGCCGTCATCGACAAGAGTTTCACCCCGCCCAAGGAGTAGGCCATGCGTTTCTGCAATCCTGATTGCCTCATTGACTGGCGGGTGGTGGAGCCGCCCAGGTACAAAAAGGACTATGTGGGCAAGCTCGTGCGGGTGACGGAATTTGACCGCCGATTTCTCTCTGACAGCGCGGCCCTCCCGCCTGACGGCGCGGTCTGCAAAATCACGCGACGCAGCAACGATTATGGCGGCGGCGAGTTCAAGTTGACGCTACGCTGGCGTTGCCCGGCCTGCGACATGGCCCATGAAAAGCTGATTCAGGAAGCGTGGATTGCCGAAGGCAAGGCCCATTTCGTGGAACCCGCAGGCCTGGCCGACAATACTCAGGCGCTGGGCGATGACCGGCCGGTCATGCTGTACCTCGCCACCTCCTACAGCCATCCGGACCCGGCCAAACGCGCGGCGCGCGCGAATCTTGCCAGCGAGTGCGCGGCGTGGCTCATGCGCAAAGGTTGGAGCGTGGCCTCGCCGCTCTCTATGGGACATGCCATCTGGACAGCCTACCCCAACCTGGAGACCGACTTCGCCGCCTGGCGAGAACCCTGCCTGCGCATGTTGGAAATGTCCGATGCCCTGGTAGTGCTTTTGCTTGACGGCATCCGCGAGAGCGTGGGCGTAGCCTCTGAAATCGACCACGCCCGCAAACTGGGCATCCCGCTCAATCAGGTCAAACTGGCTGGAGAAGATGCGGCGAAGGGCGGCGAGTCCTTTGAGGTGGTCCCGCAGCCGAAGTGGTGGAGGTGAGTATGCCCAGGCTGACTGATCAGGCCCCACTGCGGATCATCAAGATTACGGAAACCCTTTTCCGCGCCGTGCTGGACGGCATGAGCAATAAAGAGCTGGCCACGGCCACGGGCTACTCTCCCTCTAATATCAGCCGGGACATGCGGCTCTTGTGCGAGGTGGGCTGGGCCAGACAACTGGACAACGGCCGCTGGGCTGTGAGCGAAAAACCCGTGGCCCTGATGAAAATGTATCAACTCTACATGAGCGACCTGGCCGAACGCGGCAGGAATTTCGACCTGCGCGTCACGGCCCAGGCCCGGCAACTGATGCCGTAATACAGGAGGCAGACATGGCACAGGCAAGAACCGAAGAACAATGTGCGGTTCTCAATTTTGACGCTACGCCCGAGGCCGAGCAGGCCGCCGTCGAATCATGGGCCGGTGATATGAAGATCGAGACCGCCCAGCCCCGACGCGGGCGCAAGCCCATTGTAGGCAGGCCCGCCGCTATGGGCAGCGTGAACGCCGAGGTGGTCGAGGCGGCCCAGGCGGCCGCGCCCGCCATCGCGGAGATCCGCGCCAATACCGTGAGCATGCCCAAGGCCGAGCTGGCGCAGAGTCTTTCACTCGCCCAAGGGCTTGGGATGTTTCAAGCCTTTGATCTGATGAATCAGTTCAGCGGGCTTGCCCGCCTCAAATGGTTGTCCGAGCGCAAGCAGAGCGGGGATTACAAGGGCGTCACCGTTATGGACCGGCAAGGTCAAAGCTGTACACTTAATACGTTTGAGGACTTGTGCTCCTACATCGGCCCATCCCGCCGCAAGGTGGACGAAGACCTGCAAAACCTCGCGCTTCTTGGCGAAGACTTCATGTCCACGGCCGAATCTCTGGGCCTCGGCTACCGAGATCTGCGCCTCTTGCGCAAGGGCATTGCTCAGCTCCCGCCGGAAGAGCGCCAGGCTATCCTGGACGAGGTGCAAAGCGCCGAGGGACCGGAAGAGCTGAAGGACAGACTGGCGGACCTGCGCACGGAGCTGGCCGAGGTCAAAGCCAAGACGC
NZ_CP014229.1_gap34	1615359	1618790	3431	TGGAGGAATGCCGCCGCATGCGTCTGGTGCTGCCGGGCGTGACCCTGGCCGAGGAGTTCTACCGCATGATGCAGGCCCAGGGCCACGGCCGCCTGGGCACACAGGCTCTGATCCAGTGTCTGGCCACGCTTTCCGGCAAGGAATGGCGCAAGCACGAATAATCTTTGCCCAGCCCGGCTGACGTCCCGGCATGATGTGGACGTCGGCCGGGGCCGCCGCATGCCGCGCCTGAGCCCCGCTGCTGTCGGGCTGCAACCACGCTGACAGACGTCTTTGTGAGGCCGCCATGCCCATTCTCCCGCCTCAGAATCCACTTGAAGACCCGGCCCTGGAACCGTACCGGGTTTTCCTGCTGCGCCGCAGCCGCCGTTTCACGGACGAGCTGCTGCGCATCACCACGCAATACGGCTCATTGCGCGCCTATGCCAATCTGCACACCAGCCTGGGCCTGCACCGCGTCAGCAATGCCAGGGGCGAAACCCGCTGGCGCTGGCGCGAGTATATGCCCCAGGCCGAAGCCGTCTGGCTGACCACGGACAAACTGAATTTTCAGCGCCATGCCAGCCACCGTTTCCAACGCAAACAGAACGGCATCTTTGAGCTGACCCTGCCGCTTGAGGCGCTCGCGCACGGCGACTACCTGGAACTGCGCGTGCTGCCCCTTGAGGCGCAGAATCAGCCGGACCAGCCGAACCAATCGGACATGACTGCGGGCAGGCCCGGCACGCCGCCGTTGCGCCGCGTGCCCGCCTTTGCCCACTGGGTGGAACAGGACAAAGTTGTGCCTACCCAATGGTGCGCGCGGCTCTGGACGCCCGGGCAGCCTTACCGCTTCCGCCACCGCCGCCCCGGCGCGCCGGTCTTTCCCCGTATCTATGAGGCCCATGTGGGCATGGCCCAGTCCTCCCTGACCCATCACGACGAAAGCGTGGGCAGCTACGACGAGTTCAGCGGTTCCGTTCTGCCCCGGATCAAGGCCGACGGCTATACCGCCGTGCAGCTTATGGGCATTCTGGAGCATCCCCTGTACCGCTCTTTCGGCTATCAGGTCAGCAGCTATTTCGCGCCCAGCTCGCGCTACGGCACGCCGGACCAGTTCAAGGCCCTGGTGGATACGGCGCACGGCCTGGGCCTGGCCGTGATTCTGGATATCACCCACGGCCATGCCTGCCCCAATACGGAGCAGGGCCTGGCCCGCTATGACGGCAGCCGGTATTTTTTCAGCGAAAAATTCAATCAGTGGGGCACGCCCTCCTTTGATTACAGCCGGGAGATGACGCGGCGCTTTCTGCTCTCCAACTGCCGTTACTGGCTGGAGGAATTCCGCGTGGACGGTTTCCGCTTTGACGCGGTGGGCAATATGCTCTACCGCGACCACGGCGTGGACGATGATTTTTCGCATGTGGGGCGCTGCTTTTACGGCAAGGACGGCGAGCCGCGCGCGGATGAGGACGGCGAGCTCTATCTCTGCCTTGCCAACGCCCTGACCCACGAACTGCGGCCCCAGGCCGTGACCATTGCCGAGGAATTTTCCGGCATGCCCGGCCTGACCTGCCCGCCGCAGGAAGGCGGCCTGGGCTTTGACTACCGCTTTGCCATGGGCATTCCCGACTACTGGGAAAAGTGCATTGAGGCCCCGCGCGACATGGGCAGCCTGTGGTACGAGATGACCAATCACCGCCCCTATGACCGCACCATCAGCTATGTGGAATGCCACGACCAGTGCATCAACGGCGATGACGCCATGATCTGGCGGCTGCTGGGCGACGATATGTACCACTATATGTCCGTGGGCACGGAGAGCTGGAATGTTTCGCGCGGGCTGGCCTTTTACCGCCTGATGCGGCTGATCACCCTGGCCACGGCGGACGCGGGCTATCTCAACTTCATGGGCAATGAGTTCGGGCATCCGGAATGGCTGGACGCCGAGGCTCACGCCCACCGTCAGTGGTATCTGGCGGACCGCCCCGACCTCAAGTATGTGGGCCTGGCCGCCTGGGACAAGGCCCAGTTGTGGGATCTGGCGGCCGCGCACATGGAGGATTTCCAGCAGGCTCCGCTGTTCCGCTTCATTCATGAGGAAGAACGCCTGCTGGCCTTTGAGCGCGGGCGGCTGCTCTTCGCCTTCAACTTCCATGAGCTGGAGGCCAGGCAGGACCTGACCTTTGCCGTGACGCCGGGCAAGTATGTGGAGCTGCTCTCCTCCGACGAAGAGCGCTTTGCCGGGCACGGCAACCTGAGCGTGACGCGCCCGCCGGTGGAACATTTCACCAGGCCCCTGCCTGACCGCCATGAACAGGACGTGACCCTGTATCTGCCGCCGTTGGTGGCTCTGGTGCTGCGGCGCGAAGATTAAAAAAACAAAAAAATCTTGACAGGAAGGGCCGTGCCGCGTAGTTACTTCTCTTGCGTCGGGATGTAGCGCAGTCTGGGAGCGCACTTGAATGGGGTTCAAGGGGTCGAAGGTTCAAATCCTTTCATCCCGACCAGAATTTAGGACTTACGGTGAATGCCGTAAGTCCTTTTTCTGTTTGGGGCTATTTGGCCCCGCTCTGGCCCCGCGCATATTCAAACAACCTTGAGCCGCCCTCTTGGGCCCTCAACAGTTCTTTTCCCTGGCGGAATAGCAATAAGCCTACCATCACGGCCCTGTGCCGCTCTATAGCCCGTTGGCACATTTATAGCTTTACCGTCTCGTCCTGTGACTCTTCTCATAGCTCCCCCATAAAAATCTAGAATGGCGCGACAGTAGCAAGAGTCAAGTAGCTATACCTATTGTTAATGGTTTCAAAATGGAAAACATGAGGATTTCCATTTACATCTCGCAAAATTTCAGCTTTTTCACCGGCAAAATACCTCGCATTCGGGCGAACATATGAATTAAGAATTTTATTTACTTCACCATCTTGTATATTTGAAAATTGCGCAGAGAATAATGCTGATTTAACAAAATGAGTATCACTTTCCGCCCCAGGCGTGGCATAAAGACCATCAGGGGAGTGGTTTGGACAAATATACGCTAATACAGGCATATCATCAGAAGATTCTACTATCCGCCACAAGGTCGAAGTTAGCGAATTTTTGTAGCTTTTACTTAAATCTGCGGCTGTTCTAATTGAACAAGGCAAATCAGCAAGTTCTTCAGTAAAGCGGTTCCCAGCAAAAAGAAGTCTTCCTGTCCCATAATTAGCCTCTGCCTCTAGCTTTTCCCTGCATACTTGAGTCAAAGTATGTTTATCGTCTCCCATCATATAATTCTGGTGCCAAGGTAGAAGGCCGTGAACACACTCATGAGTCTCCCCCCATCTCTTTTTAAATGGATGAAGTTCGCCGTCCACATAAATACGCTTAATGTCGGGAATATAGGCGGCCCTTAAGCTTCTCGACTCAATCATGTCTTTCAAGATGCTAGGGCGCTGCAAAATCTGCTT
NZ_CP014229.1_gap35	1620083	1620946	863	TCGCCGCTTTCAATGCGTAAGTTAATAATATAGTAGAGTTTAATGGCTGCTTTCAGGATGGAAGTCTTGGACACATCTTTACGGGTTGCCAGAGCATCCAAAATATCCATTTCATCTTTCGTTAAGTTGAGGGTCATGGTTTTTCTTTCAGAGGTCATGTTCAAACTCCCTTATGGATATAATAACCAGCAGGCACAAAAAGTCAACGTTTTTTAGCTAAAAAATATGTATCATTTTTTTTGACTTGGGCAATGATTTTGTCCAGAAAGTCGGAACTTGACATAGTGAAGCTTCCGGATTATGTATTTTTTACTATTTCCGTTGGCAGCGTCCACACCGCTGGATAAATCAGGTGTGAACATGCCCGGCACTTTGCTGGGTTTCTTTTTGGGTTCGTGCCCGCCAGCATATAATTGCCGGGATGATAGCTCCGAATAAAATACCTTTTGGGGAAATAAGAGCAGCGCTTCCAACGGGCGTAGTTGAGTCCCGGCATTTCTCATTTTCCAAGTGCCGCCACTACTAAACCGTTGGAGTTCTTATGTCCGATGCAACCAGTTCCAGCCGTTGCGAGTTCCCTTTTGATGCATTTTTAGTCCTGGCGGGCAAACTACAGGAAACGGCGGAAGCAATGCTGGCCTTTTGCCGTTCCGCGAGTGCTGAAAAGGATTCATCAAAAACGGAAGACGACGCGGAGCTCGCCGAGCACGGATGTAAGCCGGGAGAATACCGGCAATACCACTTGCCGCCGTATGCCCTCACGGAAGAAGGCGAGCTTCTTGACCGATATAAGGCCGAGAATATCGCCGCCGCTCTGGACGCCATTTACAACGACCTTTTCGCCACGGTCTTTCTTATGAAGG
NZ_CP014229.1_gap36	1656686	1659233	2547	GTGCTGGCAGGACAATTCCCGGAGGAACTCCGGGGGCAGAAGGCCCAGGACATGCTCGACGACATCTTCGACCTGGCGGCGCAACAGCGCTATACGACCATCTCGGCGGCGCAGGCGGCCAGGGCCTTGATGGCGTACAGCCAGAGCCTGGACGCCGGGCTGGCGCAGGCCTCGGTCAGCGGGCTGGATCAGACAGGCCAAACGCTTGCTCTGCCGCCGCTTCAGGGCCAGGGCGTGCGCGCCCTGGCCCTGGACAGCGAAAGCGGCGCGCCCTCCCGCGCGCTGCTGGAGCAACTGGCCGGGCTGAGCTTCACGGCGGACGCGCCCTTTTTCTGGCAACTGGAAAACGTGGGCTTCGGGCGGGATCTGCCCACGCAGGCCGTCAGCAAAGGGCTCAGCATACGGCGCGAACTGCGCACGCCCGAAGGCGATCCCGTCACAGCCCCCCGGCAGGGCGACGAGGTGGTGGTAGCTGTCATTGCCCGCGCCTTTGACAGAGAGCGGGAGAATATCGCCCTTGTGGACATGCTGCCCGGCTGCTTTGAATTTGTGGTCAGCCAGAGCGGAGAAAGCGCGGAACTGGCCACAAATCAGGGAAGCGTCCACGAGGACCGGGACATGGAGCCCGATTATGCCGAACGCCGGGAAGACCGGATGCTGATTTTCACGGATCTGGCGACGAGCGAGCGGGTTTTCCGCTACCGGGTCAAGATCACGGGCCGGGGCGAATTTACCTGGCCGCCCGTGCAGGCCGAAGCCATGTACGACCCGGAAGCCCGGGCCTTGAGCCTGCCGGAGAAGATAGTCATTGAGGAGTAAACGGCGTTCGTGCGGGAGGCTGGTCCTTGTCGGCCTCCCGCTTTCGCTCTGCTGCGCGGCGCTGGCCTTTGTGCTGGCGCTGCATGCCGCGCCCAGGCCCGACCTTTACGGCAAGGCGGGCTTCTCGCGCATTTTTCTGGACCGCCGGGACCGCGTGCTGCGCATTACCCTGGCCCCGGACGGCACATACCGTATTTTCACGCCCCTGACGGCCATGCCCCCGGAACTCATGGAAGCCACCCTGCTCTACGAGGACCGTTCCTTTTATCGCCACCCCGGCGTCAATCCGCTGGCCCTGCTGCGTTCCGTGGCCCAGATGGCTCTCGGGGGCCGCCGCATGGGCGGCTCCACCATCAGCATGCAGGTGGTGCGCCTGACCCGGAAGTTCTCCACGGCCAGCATTCCCGGCAAACTGCGCCAGATCTGGCAGGCTCTGGTGCTGGAACGGCATTACGGCAAGGATGAAATTCTCGAAGCCTACCTCAATCTTGCGCCCTACGGCGCCAATGTGGAAGGCGTGGGCGCGGCGGCGCGCATCTGGTTCCACAAGGAGGCCGCCGAACTCAGCCTGCCCGAAATTCTGGCCCTCGCACCGGTGCCCCAGCACCCGGCTGCGCGCAATCCCCTGGCAAGCCGGGGCCGCGCCCTGTCCCTGGCCCGTGCGCGCCTGGACAGAATCTGGCGCGAGGCCCATCCGCAGGATGCCGGCCAAGGCCTGCCCAATGTGCCTTTGCGGGTGCATGCGCTTTCAGAGCTGCCCTTTGCCGCGCCGCATGCCGTGGACAGCCTGCTGGCCGGAAGCGAACTGCCCCAAGGCCGTATCTCCACCACCCTGGATCTCGGCCTGCAACGCCTGCTGGAGCGCCAGTTGCGCCGGGCCGTGGAGGCCGGACGGCTGTGGGGCATGGACAATGCCGCCGCCCTGCTGCTGGACTGGCGCAGCTGTGAAATCCTCGCCCTGGCCGGATCAGCCGATTATTTCAACGCCGCGATCCAGGGGCAGGTGGACGGCACGGCGGCGCGACGCTCGCCCGGCTCCACCCTGAAGCCCTTTATTTACGCCCTGGCCCTGCAGGAGGGACTGATCCATCCGGAAACCCTGCTTTCCGACACGCCGCGCGCGTTCAAAGGCTATGAGCCGGAAAATGCCGACGGCGGTTTTCGCGGCCCTATCAGCGCGCGTATGGCCCTGCTGGGCAGTCGCAACATCCCCGCCATCGCTCTGGCCAGCCAGTTGCCCGCGCCGGGCCTGTACGGTTTTTTGGGCAAAGCCGGGGTGCGTTTCGAGCACGGACCGGAGCATTACGGACTGGCCCTGGTTCTGGGCGGCGCGGAGGTGAGCATGCGCGAGCTGGCCGGGCTGTATGCCCTGCTGCCCAACCGGGGCATCTGGCGCGCTCCCGTGCTCCGGCGAGACGAACACGCGACCGGTCCGCTTCCCCTGCTCAAGCCCGAAGCGGCCTTTGTGGCTCTGCAAATGTTGCGCGCGCCGTCGCCCCAAGGCTTTGACCGCACGCCGACCTACTGGAAAACCGGCACGTCCAACGGCCTGCGCGACGCCTGGACCGCCGGGGTTTTCGGGCCTTACGTCCTGGTAGTCTGGGTGGGCCGTTTTGACGGCGCGGCCAATCCCGGCTTCAATGGCCTGCACGCGGCGACCCCCATTTTCTTCAGTATCCGGCGCTCCCTTGAGGCCCTGAACCCGACCGGCGCTTTGCCGGATCCGGC
NZ_CP014229.1_gap37	1718852	1722335	3483	ATGATCTTGGATTCCGGCACGCCCTTGAGTTCAAAATGATGGTGCAGAGGGGCCATGCGAAAAATGCGTTTGCCGCCCGTCCAGCGGAAGTAGCCCACCTGCAGAATCACGGAAAGGGTTTCGGCCACGAACAGGCCGCCCACCACGGCCAGGACCAGTTCCTGCTTGCAGAGCAGGGCCAGGTAGCCCAACACGCCGCCGATGGAAAGCGAACCTACGTCGCCCATGAAGACCTGGGCCGGATAGGCGTTGAACCACAGAAAGCCCAGACCCGCGCCCACCAGGGCCGCGCAGAAGACCGTCACCTCGCCTACGCCGGGCATGTAGGGCACCAGCAGATAGCCGGAAAAACGCGCGTTGCCCGTGATGTAGATGAAAATGGAAAAAACCAGGCAGGCCACAATGGAGGGGCCGATGGCCAGGCCGTCCAGACCGTCGGTGAGGTTCACGGCATTGGAGGCCGCCACCATCACGAAAATGCCGAAAGGCACATAAAACCAGCCCAGGTCCGGCGTCCATTCCTTGAAAAAGGGAATGATCAGCTTGCTGCTGTAGGAAGGATTGTCGGCCAGCAGCCACATGGCCACAAAAGCCACCAGAATCTGGCCGCCGAATTTGGCCTTGGCGGAAATGCCCTTGTTCTTGTGGTGGCGCAGCTTGGAAAGATCGTCCCAGAGGCCCACGAGCCCGAAGCCCGCGAAAACGAAAAAGGTCTGCCAGATATAGGGATTGGTCAGGTCGGCCCAGAGCAGCAGGCTGACGCCCAGCGTGAAAAGCATGAGCAGGCCGCCCATGGTCGGCGTACCGGCCTTGGCCGCATGCGCCGCCACATCCTCATGGATGTACTGACCGCATTTCAGACGTCGCAGCCAGGCGATGAAACGCGGCCCGATGAGGATGGAAAGCAGCAGAGCCGTAATCAGGGCCGCCATGGAGCGGAAGGTGATGTAGCGGAAGACGTTGAACAGCGTCCATTCCGAAGCGAGAGGGGCCAGAAAATTATAAAACATGCCCGCTCTCCCCTGTCTTGCGTCCCCGCGCTTCCGTTGCCGCCATGGTTGTCATCCCTTCCCGAAATGCCGTCAGCAAAGTTTCCAGCCGGTTGAAATGCGATCCCTTGAAAAACAGCAGGCCGCCGCGCTTTCCGTCCAGCTTGCGCTCCGCAAGCTCCCGCCAGGCCGCCATAAAACTCTCGGGCCCGTCCACCGGCAACCAGGGGCCGTCATAGCCCCCGCGCGCGAGCCCGGCGCGCACCTCGTCCGCGTGTCCGCCCTTCCAGAACACGGCCGCCGGTCCGAGATCGGCCAGCAGCCTCCCCAGTTCCTCGTGCATGGCTTCGGCCACCGCCCCCAGCTCGCCCATTTCGCCCAGCACGGGCACAAAGACCCGGCCGCGGGCCTGCCCGGCCGCGGTCTCCAACATGCGCCGCATGGACAGGGGATTGGCGTTGTAGGTATCGTCAATGATCTCCCACGCGCCCACACGCTCACGGTTGAAGCGCTGGGGCGGCAACTGGGCCCTGCCGAGCCCCTCGGCTATTTCCGCCGGGCTCAGACCCAGCAGATGCGCGGCCGCCGCCACGGCAATGCTGTTTTCCGCGCCGTAGGCACCCTGAAAAGGAGTGACCGCGTCGCAGCGCACGCCGTCCAGCCAGAGCCGGTACAGGCCGCGGGTCGCGTCCTCCCCGCCCGCTTCGGTCGCGGGGCCAACATAGTCCGCGCGGTATTCGACCTCATGCGCTCCAGCGCTGAAAAAACGCAGTTTCGCGCCCGTGGCCCCGGCCTCGCGCACCAGGTCCGGATAGTCGGCGCTGACCAGGCCCAGGCCGCCCTGAGCCAGATGGGCCAGCAGCCGCGCCTTGTGCCAGGCCACGCCCCTGTCGCCCAGGCCTTCGGTGTGACCGGGGCCCACATTGAGAATCAGGCCCAGATCCGGGCGAATCACCGGGGCCAGTTCGTCCATGTCGCCCGCATGGCTGATGCCCGCCTCAATGACCCAGAAATCTTCATCCCCGTCCGTGTTCAGCACGGTGCAGGGCATGCCGATCTGATTGTTGTGGTTCAGGGCGTTGCGCGCGGTTTTGCCGCGCACGGCCAGTACCTGGGCCAGGGCTTCCTTGAGCGAGGTTTTACCCGCCGTGCCCGTGACGCCCACCACCTTGGCCCTGGTTTTGCCGCGCCAGAGCGCCGCCAGGCTGCCCAGAGCCCTGACTGTATCTTCCACCAGCAGCACGGGCGCAGCCACATCCAGCAAAGGCCGCGAGGCCAGCACCGCCGCCGCGCCCTGCTCCACGGCCCTGGCCGCGAAATCATGCCCGTCCGCCCGTTCGCCCGGCACGCAGACAAAGAGCGCGCCGGGACGGGCCTCACGGCTGTCCGTAACCACGCACGTCGCCATTGTCTCTCCGTTCCGATCGCCGGGGGGAGACATCAGGCCCAAATGTGCCGCCATTTCCGTAGTGCTCAAGCGCAATGCAGCAACTCCCGCACCACTTCCTGATCGCTGTAGTGATGCTTGACACCCTGGATGATCTGATAATCCTCATGGCCCTTGCCGGCGATCAGCAGGGCATCGTCCTTGCCCAGCATGTCCAGGGCCCTGGCCGTGGCCGCGTGACGGTCCACCTCCACCAGCACTTCACGCGCCTCCTTGAGGCCCGGCAGCACGTCCCGCAGAATGGCCTCCGGCTCCTCGAAGCGCGGATTGTCCGAGGTCAGCACGGCCACGTCCGCATAGCGCGCCACAGCCTCGCCCATGAGCGGGCGCTTGGTTCTGTCGCGGTTGCCGCCGCAGCCGAAGACCGTGATAATCCGCTTGAAGCCCGCGCCGCGCAGAGCCTTGAGCACATTGACCAAGGCGTCCGGAGTGTGGGCGTAATCCACAAAAACGTTCAGGCCTTGGGAATTTTCCACCCGCTCCAGCCTGCCGCAGACACCGGTAAAGCTCTCTAGGGCCTTGAACTGCCCGGGGTCCAGACCCGTTTCCAGAGCCAGGGCCTGCACGGTCAGCAGGTTGGAGGCGTTGAACGCGCCCACCAGGGGCGAGCGCAGTTCCCAGGTCCGGCCTTCCAGATGCATGCGCAGACGGCAGCCCTCGGTCCCGGCGGACAACAGTTCGCCCCAGAGGTGCCGCCGCCTGGGGGGACCCTGTTGCAGGCCGAAGGACAGGGCCCGCGGGCAAAGCTCCAGCAGGCGGCGGCCCCAAGGGTCGTCGGCGTTGACGGCCATGACCTTTTCCGCCCTGGGCAGCTCCAGAAACAGCCTGGCCTTGGTCTTGAAATAGTTTTCCATGTCCTTATGGAAATCAAGATGATCCTGGGTCAGGTTGGTAAAGGCCGCGCCCGCGAAGGGCACGCCGCAGACCCGCTGCTGGTCGATGGCGTGGGAAGAGACTTCCATCACGGCCACGTCCACGCCCGCCGCCTCCATTTGGGCCAGCATGGAATGCACGCGCAGGGGATCCGGCGTGGTCAGGGGCGCGGCT
NZ_CP014229.1_gap38	1725475	1728999	3524	GGCAACGGCAGCCCTCGGCCCAGTGGCGCATGGCCTGTTTGACCATGCGGTCCTCCAGGGAATGAAAGGTGATGACCGCCAAGCGCCCGCCCACGGGCAGCCAGGCCAGAATCTGATCCAGAAAGCGCCGCAGTTCACCCAGCTCATCATTGACGGCCATGCGCAAAGCCTGAAAAGTGCGGGTGGCCGGATGCCGCCGGGCCTTGGCCCGCCAGGCGGGCGGATAGGCTTTTTCCACCAGGGCGGCCAGCTCCGCCGTGCTGTCGATGGGCGCTTTCTGCCGGGCCTCCACAATGACCCTGGCGATGCGCCCGGCCTGCGGCTCCTCGCCCAGGGTGGCTATGCACTCCTTGAGCCGGGCGAAACTTTCACGGTTGATCCAGTGCCAGGCCGAGAGCTCGCCGGAATGCTGGTCCATGCGCATGTCCAGCGGGCCGTCGCCGTAAAAACTGAAACCGCGTCCGTTTTCATCCAATTGCAGGGAGGACACGCCGATATCCAGCAGCGCGCCGTCCACCTTGTCCCACTGCAATTCCTTCAGGGCTTCGGCGAACCGGCTGTAGCGGCAGTGGAAAAAATGCGCCCGCCCGCCGAACGGGGCCAGACGCGCACGGGCCAGGTCCAGAGCCTGCTCGTCGCGGTCCAGGCCGCAGAGTTCGCTCCCGGGCGCGGCGGACAGCACGGCGGCGGCATGGCCGCCCATGCCCAGGGTGCCGTCCAGATAGCGACCGCCCGCGCGCGGGGCCAGAGCCTCCAGCGTTTCGGCGGGAAGCACCGGCACATGACGCGTCGACGCGCGTTCTTCCGTATCCTGCATGACCTGCGCCATAATTCCGCCCTCGCGGCTTACAAAGAAATATCCACGCCGCTGGCCGCCAGCTCTTCGGACACGTCCTCAAGCTGCAGAGCGTCAAAGCGGTTCTGATCCCAGATTTCAAACTTGTTGAGCATGCCCACCAGCATGACGTCCTTCTGCAGACCGGCTTCACGCATCAGAGACTGCGGAATGCGTACCCTGCCCTGCGGATCCGGGGCCAGCTCCTGCGCCAGGCCCATGACCTTGGTTTTAAAGTGCGACAGCTTGGGCGAGGGGAAGCGGATACGGCTCAACTGCTTGGTGACGGCCTCCCAGTCGGCGGGCAGATAGGCCACCAGCCGACCGTAAAAAGAGGTCAGCCAGAAAGTGCCCTGTTCACCATCCGCCGCGCCCGCGCAGAGCGCCTCGCGGTATTCCGGAGGCAGCATCAGCCGGCCCTTGGGGTCCAGGCTGCGGGAGAGGCTTTTGGTGAAGAGTTTTTGCACAGTTTACCACTTTCTTACTTGTTTTTCCCACTTTTTCCCACTTATGCCCCAAGGCTCCGGGGGTGTCAAGCAAGCCCGCTTCAAACGTTCGGTACATACCGCGCCACATTGAAAAAATGTACAAAATCCATACAGGATGCAGAGATGCCCATTCCGCCGCGCGCCCTTGACAATACCCTGGAAAACCCGGATGATTTACTGCAAAAATGCGCCTTGGGCCTTTTGCGTCCATTTCAAAAGCCATTGCCGGGACGCCCGGGAAGGAACGCCATGAGAACAAAAATCGTCGCCACCATTGGTCCGGCTTCCAACAGTAAAGAAAAACTCAAAGCGCTGGCCGAGGCGGGCGTCAGCGTGTTCCGGCTCAATTTTTCCCACGGCGGCGCTTCGGACTTCGTCAACATCATCAAATACATCCGCGAGGTCGAAAAAGAGCTGGGGCGTCCCATCACCATCATGCAGGATCTTTCCGGCCCCAAAATCCGCTTGGGCGTGGTGCCGGAAAACACCATCCAGGTCAGCAAGGGCATGCGGCTGCTGCTGGGCCCCAGCGCCCGGCGCGTGGACGAACTGCCCTACCTGCCCTTTGACCACGACGTTATTCTGGAAAGCCTGGAGCCCGGCGACCGTATGGTGCTGGCCGACGGCGGCCTGCAGTTCATCGTGCGGGAGCGCCGCTCCGACGGACTGGTGCTGCTGGAGGCCGACAACGCCGGTCTGGTGACCTCGCGCAAGGGCCTGGCCCTGCCCGGCAAGGCCACCAAGGTACGCGCCCTCACCGGCAAGGACAAAAAAGACCTGGCTGACGGCCTGCAACTGGGCGTGGACGCCGTGGCCATCTCTTACGTGCAGACCGCCGACGACGTGCGCGAAGCTAAATCGCTCATTGCGGCCGCCGGACGCCATGTGCCCGTGGTGGTCAAGCTGGAACGCCAGAGCGCGGTGGACAACCTGGACGAAATCCTTCAGGAAACGGACATTGTCATGGTGGCGCGCGGCGATCTGGGCGTGGAATGTCCCCTGCCCCAGCTCCCCGCCCTGCAGAAGCGGATCATCAGCGCCTGCAACAAGGCCTCCAAGCCGGTCATCGTGGCCACGCAGATGCTGCTTTCCATGGTCAACAGCCCCGCGCCCACCCGCGCCGAAACCACGGACGTCGCCAATGCCGTGCTGGACGGCGCCGATTGCGTGATGCTTTCCGAAGAAACGGCCATGGGCAACTTCCCGGTGGAAACCGTGCGCTATATGCGCAAGATCACCAATGAGGCCGAAAAGCTGTTGCTGGACAACCGCAAACTGGAAGAGCCGGACGCCGACAAGGGCATCCCCGAATTTCTGGCCTTTTCAGCCTGCCTGCTGGCCGACAAGGCTCATGCCCAGGCCATTGTCTCGCACAGTCTTTCCGGCGGTTCGGCCCGCCAGGTTTCCGCGCGCAGGCCGCCGCAGCGCATTTACGCCCTGACGCCCGACCCGGTGACCATCAAGGCCCTCAATTTCGTCTGGGGCATCACTCCCGTGTTCGTGGACAATCCGGAAGTGGAGCCCAGCCACCTGATCCGGGCCGAGGAATTCATTCATAACTGCCCGGACTTCAAGGCCGACGACTGCGCGGTGATCACCGCCGGTCAGCTCAAGGGGTCCTCGTCCACGCCGCGCGGCACCAATCTCGTCAAAATCTACTGGAAATAACCATGGCTGAGCAAAGCCGGCAGGCCCGCGATATTCCTCAGAACATCAATGAGGAATACTATCAGATCAGCACCGAGATTCTGGCGAGTTTCCCCAAATACCGCCCGCCGGTGGATCTGTTCAGTTTTCGTGAGGATATCAAGGTCCTGGCCCCCTATTCCAAGAAGGGCGTACGCCTGAGCAACGAGCAGGTGGAGGGAGTGGCCCGGCTCTGCGCCGCAGGCGATCTTTTCGTGTCGCGCTCCGACCACCCCATCTATTCCCGCCACATCGTCAAACAACTTGACCTTGTGCTCCAGGACAACAACCTCAAGGAATCCGAAATCGCGGATATCTGTATCCGCGCGCTGGCCATGCGCTTTACGGATTTCAGCGACCAGCCGGTCAAGGCGGTGTTTGAGCCGCTGTACCGCGACATTATGGTGGTCACCGAATATCTCTGGCAGGACAGGCACCACGTCAACGCCTTTGTGCGCCGCCTCTTCCGCCGCCACCAGCCCGCCCGCCACGCCATCAATACCATGTCCGTGGGG
NZ_CP014229.1_gap39	1839338	1841498	2160	GCGAGATTATAAATTACAGGTATTATTCTTGTTCCTTCATAGTAATTATAAAAATTCATATCGTTACTAATCAATGCTTTTGAAAGTAATAAATACAAAAATAATCTGTCGCTAGATTCTCGATAAAGAGCTCCAGGAGACAACATATTTTTCGCAATATTTTCTAATCTCAAGTTATATTCATTTATACCAATCTGACGAATTATTTTTTGCTCCATTTTTTTGAAAGTATTTGCAAATTCTTGAATATCAAAAACCATAATCTAAACCTCACACCCTTTTATGTATTAGAAAGAGATAGCCCAGTTACAAAAGTCTCTTCTTAAAGATATCCGACTACAACGTTCTGATATGTGTTTTTTTACAAAACTAATACTATATAACTCAACAATGCCAATCACCTTCCATGCATGCTTCACTATCCCCACCTAAAAAAGAGAGAAGTATCTGCGACAACTAGAGAATAACATACTATTTTCCTACATTAAAAATAATTTTCCTTTATAAATCCATAAATATTTTTTTAATCCTGCCACGATGATTTTGCAACAATCTAATACGTAAATAATTTTTTAGGCGCTTATACTATTTAAGAAGCTTTTTACGTTTAAAAAAAATGACTGTAATTTTTTTCAAAATTGTTTTAGTTCTATTCAAACAGAGGTTGTGTGGTACCCCTTCCACTTATGGAAGCCGCTTCTCTGTCTTTCGCTGTCAGAGGTTTCAGCATCCCTTTGCCAAACTGGCGGCGTTACCGGGAGAAGGGTGAGTCCGCGTGGCGGACTCACCCTCTTTTTCTACTCTGAGAGCAATCTGCTCCACTTCCAGCGCAATGCGCTTTCCCTACAAAATTTAAGGCCACGAACTTGTAGGACAAGCTTGTGGCCTTAGCGAGTCCGTATGATTGTCACACGAAGCCCTCTGAATGTGCCGATTTTATACGCTCATGTCTATTTAACGAACTTGTACGCAACGGCCATTAACGCACCATGTTTTTTTGGGGCAAATCTTGCCTCGGCATGGATCCGAAGGTGGGTGTGGCGGGGGCGGGGGTGGAGGCGGCGCAGGTGCGTTGTTGTTCTTATACACCGTCGCCCAAAAGGTGAACCTATACGGAACACATCCGGTACATATCGTGGTGGGGTCTAATGCCTCACCCACAACTACCTGGCATATAGGGGTATATCCGCAATCCTGCGCAATTTTCGCACAGTCGTTTTCCGACTGTAAGACGGGCATTGCAATTACATATTGCTGGTAATCTGGATACCGCTGGCATACCATGCCCTTAATGCAGCAGGGCACATGCTGATTGGGATACCGAGGATCATTCACCCATATTACGGTGTTACCTTTATTCAACGATTTAACAAATGAATCGGAACACGCAGAATTGGAAGTCGCAGGGGTGCCCTCCAGCATACCCGTATTCTTGCCATCTTGCTTTTCAAAGCCGAAGGCAACCGATAATCCACCAAACAACGTCACAGTAAAGGCAGCGAATAAGACGGCTGGAAGCATTACCCTTTTCATCCCCTCCTCCTCAATTTTATAAATCAACTGTTGGTTGCAACCTCATCTTCCTGTAATGTCTAAAAAGTATAAAATTTTTATATTATTAAATAATATTTAGCAGCGTTAGATATTCCATTGCCGCTGACGTTAATTAAGAATAAACTTTTTACTGACAGTGAGTTAGGCGATAAATCTATATTAATAAATATAAATTTGTTCTTTTAGAAGCCTATGTTTACCTCCCGAAAACGTTCTCAAAAACCCCTGCAAGCAACAGCCGAAGCACTCGAAGCAGCTCTGCGCCGTCTCTCTGTCAGATTCTCCAGAACAGATGCACGTACAAGCCAGAGTATTTATTACAAGCTGTTCCGTAAAGACGGAAGTGTTTTCTTACGCATCCGCATATCTGATCATCCGTTTCTTGCCAAACAGGAGAACATTCAAAATATCCTCTGTATAGGTAGTCACGTGGGCACAGAATATGAGCTTGATACATGGTATAAAGTGCTTCCTGTCATAGGCAATGCAAGTCATTGTGTTGAAGTCAAAACGCTGAGTGCCAAAATTGCGGGTGAGGCTGCTCTGAAAAATAAAACTCCGAGTGAAGCCTTCCAAAAGACCTTGGAAAATATCCGAAAGAAAGCC
NZ_CP014229.1_gap40	1867302	1867946	644	CGGCGCAAAAGTCCTGCAGAAGACGCCTCAGGCCCTAGAGGTTCCTATGTTGGACATAAAATTTAAAAAATTTGGCAGAAATCAGGAGCGCCGCCAGAGCAGAAAAGACTTCATCCTCGAAATGCACGATCTGGCCAAAAGCAGCGGACATGTGGCTTTCGAAAAAACCACGGCCAGAACGCTTCTTGGAGAAGCAGGGCACCGCCTTGATACCCTCCCCATGCTTACCGCTGATGAAAGAAACACCCACAGTTGGATCCTGGAGCTTGGGATCCGGCACGGTTGGGACACTACACTTTACCGTGCCGATTTCATGCGCCCCCGCCCCGACATTCGCTACTATCTCATAGATCCTGTGGATGAATTTGAGGCATGCTGCGCCGTTTTTTCAAACGACGTCCGCGGTCATCTTGAAATTTTCGAGGATGGCCGCCGCCTCTGGCCGTCAGGCCCTAACACAGGATATCACTATACCTCTGCATGGTGATCCTTCCGAGGCGAGGAAAGTCACAGCCCCCATTTTTGAGGAGTTCCAGGAAACGGCTGATTCTTCCTTCAGGTCCGTCCGTGGAGGTGCCCACACACTCAAAAATACGCCACAGCACTTGAAGATTACCAATTTGACCCAAGTAAAAAATTACTAT
NZ_CP014229.1_gap41	1914924	1919657	4733	TCCTCCGAACATATCAGCGGCATTAAGTCGTAATTGATCTAGAGCATAGAAGAAAGAATCTGCTATTGACATAGTTCTGCCCCTACCTGCTCCCGGCCGTCTTGTTTGAAACGGTAATGATCTGGCTAATGGCCACACCTCGGGGATATTCAGACGTGTCCACACGCTGCACGCGGCATACGGCAGTTATGGCTTGGCTGGAGATCCGCTGTTTGCTTGTTTCGTAATTCAGGAGGATCGGGATCTGAAACTCCCAAGTCATGACTCCGCGCAACTTACCGGAGCGAGTGAGTATGGGGGTGCCTGTTACAACCGCATGCATTATCGCTCGATACTGCTGCAGCAGGGGCAGATGCCCTTCCGCGCTGAGAGAAACCGCGAAACCTTCGAAAGCTTCTTTGGTGAAGTACTGTCGGGCATTTGAGAGTCGCTGGCGCCAGTTTAAAAAATCCATATTCAAAGAGTCGGTAAGAGCTGTCGCAAGCCATGCTTTCAGAGCGGGGTCATTGATCATCGGCTGATCAAGGGCCGTAATTTTCAGGATGGCCATGTCTTGAGTCATCCCGATGATCATGGGCTTAGGTTTTGAAACAAGCTGAATTACATTGAGACATAAGCTTGCTGCCAACAACAAAATAAGGATAAGTCCGACTTTTTGACTACGTCGCAAAGATTCTCGAAGAAAAGAAATGCTTTCCATTGTGAAACCGGCACTCATAATATCTCCCTCACCTCAGAGCTTTAGCAGCTTGTCAATAATGGCCTTGTCCCAGGCCATGATATTGTTAATATTATTTGTGGCATACCACATCTGTATAAATCCTAAAGGATCTTTATTACTAGGCTGCTGTATTTCTTTTGCATCAATTCCCAAAAAGGGTGGTATGATGCGGCATTTTGTACAAATGTCATAAAGTTCTAAAGGATCTTGATTTTTGATATTTACCTTAAGCGATCCTGTTGAGTAAAAGGTGACCTCCAATCCTGCTTCTGATAAAATTAAAGCTTTTTCAAACAGTTTAATTCTATCTTGAGCTCTGATAAACGGCAAAAATGGATTTGCAAATACTTTATCTGGCGAAGGAGGACTACTTCTATAGCTGCTTTTTTGACACAAACCGGTCCACAGATTTTCAAAAAAAATACTCATACTGAGAGACAAATCAGTTTGTGGAGGCAGTCGTTGTAGAAGAACAAGAGGTGATTTCAATTTAAACACAGATTTTGAAATATAAGCTTCATGTATGACGATATCTGCAAAAGCGCTTAGAAAGATGACTTCTGGGGTGGAAATCCACTGACGCTTATATGAATCAGCCCCAACCCTGCCAGACCCGAATGAAATAAGCCGGTTAAATCTCGGTTCAAACTTCCTGCATGTGACCTTAAAAAGGCCGGGCATGCCATAGTTGCCCAACCATTTTTGTACTTCTTCACGATCCGCTTTGGGACTGGGGAGGTCTTTTTTGGGCACTTCTAGAAAGTCGCCATATGGCAGTGGAATATTCAGGACACTGTAAGCATGTTCACGCTGAGGCACTCTGAATGTTCCGACAAATTCGTTGCCTGATCTCCAAGAATCACGTTCGCAATTTGTATAATAAGCTGTAGCTTCCGCGATAATTTTGGCAATATTTGTTGTATAGACCTCATCTCTTCCAAAGCCGATTATATCCCGAAACCCCTGCTTCAGGGCGTATTCAGGTAGGAACTCTTCTTCCTCATCGACCTCAAGGAGTTTGCGGGAAACGGCGACAGAGCGTGAAAAAATCTTTGCGCCAAACTCTGCAATCTCTCTTGGATCATTGATAGCATGCCTGGCCGCCATCACGTTAAGAGCTTCGCGCAGATAGTTGTGCATTTTGAAGCGATAGTTACCATCCAGACCACTTTCTTTGGTCACCTGATACTGCATATTGGTGATGTATACGGTGTCCGAGGCGAGCTCGGCTGTCCCCTGAATATTGACGCGAGAAGCCGGGCCCTCTCCCATGGCTTTCCACCCGGTCGTATGGAGGCAGGGGTCATCCCAGATGAGGCACCCATATTTTAGCTTTCCGTCCATATTTTCCATGGGATTCCTATAAAAAACTTTTTATTTTTTATATTGTTTTTACGTCTAAAAAATATTTATCATCTAAAAAATATTACGAGCAATTAGAGGAGATTGCTTCCCAGCTCTTTGCCCACGCTTCTCCCGGGAACCAGAGAGGCATCTCAGAAAATCTTGGTACGAGTGCTCCAATTTTATCGTAATCATAGAGAATGCGTAGATTGCCGATGGCCTTTCGCCGACGCTCATAAATAGAAAGATTTTCATGAGCGAGCCCTGCCAAGGCCGTAGCAAGTGCGGCTGGATCACTTGTAATGAGATCCTTTATTGCCGCCCCAGATGAAATTCCTTCTACCTCAAATGCATTTTCGGGAAGAATTGAATTGGCTTTTAAAACCCAGTATAGAGCTTCTGCCTTTTTCCCTATACCAATATTTTTCATATCTCCTTCAGTTAATTCTTGTTTACTTTCATAACAATGCATCCTGAAAGTAGCGATGGAAATTGTCCAAACAAGAATATTCAAATCCTCCTGGCGAATCCATGGCAGATAAACAATTTTCAGAGCACGTTTGAAAGGACCACGTGCGGCGTTCCCCAAATGAAAAACTGCATGGCAGAGAGGACATATTGTAACCAGATTTTCACCGCGGTTGTCATGGTGATCATCATTGATATGATGCACTTCAAGTCCTCCCCCAGGGGAACGCTCGTCCCCCTGAGTTTGGACTCCACAATACTGACATGTGTTGTGATCACGTTTCAGAACATCTTGCCGCACATCAGCAAATTCTGTGTTCGCCGCAGTGACTTTTGCGTCATCTTTGCGGTAACGGCCAGTCTTTACCCCCAAGATAAGGGGAGGAAGATATTCTGGGTACCCGATGCGGGACACGTTAACTTCCTATGCCCAGTTTGCTCAGACCGCTGCTTGCGCCTGAGTCCGTGAACGTACCGCTAGTGGCAAGGATGACCGCCGGCAGACTGAGAAGCACCGCCCCGACAACCATCCACAATATGGCCTCCCCTACCCCACCGCCCCCCCCACGGCCGCCGCGAAGCAGTTTGAGAACCCCATTGCCAAAGACGATCAGCCCGATTCCTGCAAACGCAAAGCAACCCACAAGTCCAAAAGGGGATAGGTCGTTTTTGGCTGCGGTAAGCAAACTTCCCAAGGATGCGGCATGCGCCGGAGTGGCGAAGAGCGTGGAAGCAATTACCGCAGCGCCAACAGGAAATATGGATCTGAAAACCTTCATCATTAAAACCTCTATTTATATGCTAATAGCATTTTTATGAAAGCAATTTGTTGATGACATCCTGCACAATGCCGCCGGCAGTGATCCCAAAAGCTCGAGCTGCTGCGACACAATTGAGCAGGACCGTGCCGGAAGTGCAATATATGGCCGCCCGGTATGTGCCACTACTGCCATTGGGACCTGATCCCTGCTTGGCAAGATAAATGCCTTTTGCCACAGCTCCTGCGCCCAATATCCGCATGGCCCAAACGCTGAAATTGACTGCTCCGGCTAGAGGGCTGCTTCCTCCAGTCGATGCGAGCATGTCAGGAGCGCTGCTCTGAAAGAGAGTTTCAGACAGTGCATCAAGAATGGTTGGAAAACTCAGCAGACATGCGCCAGCGATGATGCCTCGCAATGCTGAGCCAATATTTCCGCGGCCACTCAAAGGAATGAGCCAGCTTCCTCCAAAGACGATCAGACCCACCGCATAACTGACCCAGTATAGAGCTTCAAACAGTGGCGCTCCCAGGTCGTTAACGATATTGGTAAGAACCTGGAGCAGATCGGAGTTCATAATGCTGGCTCACTATTTTTTGAGATAGGAGATCACGCCGGCAGATGTTTTCACATCTCCATTAATGAGATCCACGGAAATAATTTTGACTCCGTTCAGGGACTTACCAGCCTCCACGGCGTGGATATTCCCTTTTTCATCCTGGATCACCACGCGGTTTGCCGCCAGCCCCATGACACTCCACCGATCCACGGGTTCCGCAGGCGCCTTTGTTTTGGGTTCATCCAGAGCAATGGGAGATTTTTGTTCATTCTTCCCCTTAGATTGGGCCATCGAAGACAAGCGAGCATTTTCCTGAGTCAATTTGTCGAGCCGTTTTTCAGTGGCGCCCAGTGCCTCCTGGAGGTCACGGTTGGCGTTTCTGAGGCCTTCGTTTTCTTTGGCCAGTTTTTGCATATCCTCAGTCAGAGCTTGCAGGGCAGTAGCCATGCCAGGGGTGCCCCTGTCCCCTTCTGCCGGGTCCGCCAGTTCCTTGAGCTTGGTTTCAAGCCGTTTGAGTTGGTGATTTACGGCCTCGAACTGCTGTTCGAAAAGTTGGCTTACTTCAGCGGAACGCTGTGAATAAGGCGCCGGCGTAGATGGTTCCTGCACCTTTTGCGGAATGCCCTGTGCATCAGGATCCGCCATGGCCGGGGCGGCAGCCCCATCCTTGATCGCGGCAGCTTTGTCCGGTGGCGTGTGCTGCAGCCGATTTTCAGAAGCTTCAGGTTGACCAACTTTTCTCTCCTGGGGAGGGTTGTTGCCGATAGGCTGAGCAACGGCGGAGGGCATTTTGAGGCCGTCAAACTGCTGGTACTGGTGTTCTTTGCCCACGAGCACCAGCCACAGAGAAGTCCCCAGGATTACGAGAAGAACCAATACGGCC
NZ_CP014229.1_gap42	1921880	1922749	869	AGGACTTGCTTCAAGGGCTGCATCGATGCGGTCCTTTCTCGTTTTGTACCGCCTAATGCCCTCTTCATCGACGGGCAGGAGTGCTTCGATGCTTTCTTCCAAGAGGTTATTTATTTTTTCTTCCTCTTGGGGAGTGTCGTCCGGGGCTGCTTCGGAGCGCTCTTGCGCGTGCGCGAACAAAGGTGAGGCCATGATGGCCAGAGCCATAAGGGGCCCTATCACCTTATTCATCACGTTCAACCCCGAATTTGGCTTCAATATCGTTGATCATCTCGAAGATTTCTTTTTTTTGCTCCTCCGAGATCTCCCTGAGGTCGGTCAGCTCTCTACCCATGCATTTCCCGAAAAAAATGCCCAAGGCCAGGACAACGCATGGATTGTACTTAAGCGTTGTGGGGCAGGTTTTGAGGTACTCGTGGGTTTCCTTCACGCTTGCGCAGCAACCCATCGCATTGAGCCCTTCAAGCCAGGTACGCTGCTGTTCAGTGTAATGATCGCTGGTGGAATTCTGATTCTTTGTCATTTCGCCCTCGGTGCAGGTTGACGCCCATAACTTTTTATTTTTTTGGAATAACTTTTTAAGTTATCTATTTGTGTTTTTACTAACGAAAATGAATGGACAAAGCAAGTGGACTTTGCTAAAAAAAATTAGGAGGCCCATCATGGAGCATAGTTTATCCAAGCGTGGACAGGCTCAAAAGGTCGTGAGGAGACTTTGTGAGGCTGCCGGCCATGTAACGCGTGACGAATTATCGAAAATAATTGGCGTTTCCAAGCAGTCCATTTCTAACCGTATTAACCAGGGAGACATTCCGGCTGCATGGTATTTTCGAGTAGCCGACCAGTTTGATGTCAGCATTGACTGGCTT
NZ_CP014229.1_gap43	2109482	2114192	4710	TTCAAGGCGAGGGTGGCTTCCGTCTGCTGGTTGCGGTATGTGCGTTCCTCGGACTGCCACTTCTGAGTGGCCCACGCCCCAAGCTGAGCGTCAACGTCTTCGGCGGCTGCCGTGAACAGATTTGCGGCGGGTTTGCCCAAGTCTTTTACCAGGCGTTCCCTCGCCTCGCTCTGCCATTGTGAAAGCCGGGCTTGTACGCCGGTTTTCTCGTCCAGGGCCAGGCCGCCTTGCAGATTCGCGAGTTCGGCCTTTTTCTGCATGGCCTCCCGGCGGTAGCTGTTGAAGGCTTCGCGGGCCTTGGTGGTCTGGTAGTCCACATAGAGCGCATCCCCCACCTTGGCGGCCTGCTGCATGGCCCCGCCCAGCGCCATGAGCTGTTTCCCGGTCTGGTCCGCGCCGCGCTCATAAATGCCCGCGGCTGAATCCGAAAGCCGGGCCGATGCGTCCGCGCCGGGCGTGGCGAAGTTCTGCCGCTGGTACTCCGGCATGCTGGCCGGGCTGCGCTTTGCCGGTGCGCGAAAAGACGTTGTGCTCATGTTATTTGCCCTCCATGTCGTTAGCCGCTTGCGCCGCAGGGGACCAGAAATCCCAGGCTTGGATTTCATCATTGTAAGCCTTGTCCAGGCCCCGCTGGTAGATCGCAAGGGCGTCCACTTCACTTTGCTCCGGTGTATCCAGATTGAGGTCCAGAAAGCCGGGCCGGTCAGCCTGTGTTCCTACATAGGCGTTCGCCTCCGGGGGCAGGCATCCACCATCCGTATTACTGCGTTCATCCTCAAGCAGCAGGCTTTGCAGCTCGTTCAACAGGGCCAGAACTTTCATTTTATTTCCAATGTTCATAATGTTCTCCGTAGGTTATGGGTGTTGTTCACGCCGCCGATTCTTCAAGCCACAAGACTTTTCCGGGGGCAGGAGAAAGAGATTCCATGACCCGCTCCATGAAGTCCTCATGCCCCTCTCCGTCCCGCCGGGTGAACCGCTGGCCGTTGCATTCAAGGGCTTGGGCTTCTTCATCAATGGCCCAATGAACGAACATGCCCGGCGTGTCCGTTGTGCCGCATTCAAGGCGTGACAAGCGCCGTTCCAGTGTGTTGCTCATACTGCGCTCTCCTTTTCAGGGTGAAGTCGAATGACGCGCTCCAGGGCCCTCGCCAACCTGTCGAAGCCTTTCGCCCTGTGCTCTTCAATCCGGACCAGCATTTCTTCACGGCTGAGAGGTGGGCGCTTCCTGGCCTGCTCCAACAAGTCCGCGATGTTTACGGTTGGGCTCAAGCGGTTTTCAAGAGCATTGATCCGTCCATTCAGGTTCATATCGGTGATCATCCTTTGCCCTGGCTTTCCTCCAAGGCGGTTATACGTTGCTCCAATTCCGCAATTTCAAGAGTCTTGGCATGGGCGTTGGCCAGCGCCGCAAGGGCCTGTCCCTCACCGGGAGTAACCCGCCCGGCTGCCACGGCATCAAGAATCGCTGTGGTGAGCTGCGGGAGGTCCGCGGCACCCTCGACTCTGGGAAGATCAATAGGAGCCAGCGCCGCTTCCTTCCTTGCAGGGAGAATGCGCTCCAGACAGAGGCGCAGAGCGGTTACGTCACCTCCCAACGCCAGTTCGACGGCCTTCCGGGTCAGGTTCTCCACTTCGCCGTCAAGCATTGCTTGAGCGGCCAGCGTGGCCTTGTTGCGGCTGCCGGGAATGCGGCCTTTGGGGTTCGCACGGTTGCCGGGGGCAAACTTTCCGTCAGGACGGCGGTCCGATTCCAGCCGGGATTCAGCCGGTTTGGATGAGGTTTTGGTCATGCGGCCGCCTCCTTATCGCTGCCGTGGGCCTTGACCAGTGAGGCCAAACGCTGCTCCTGTTCCCGCAGATACTTTTGCAGGAGGGAAAAGGTCATGTACTCCCCGCCGTCTCGCCCTCCACACCAGTGGACATGCAGGCCATAGCGGACGGACCACGCGGCTAGGGTCTGCAAAAGGCTCTGCGGCGTCATCCGGGACTGGTAGCGATGGCGGCGCACGTCCTCCATGCTGGCTTCGATAATCAGGCCGAAGTAATCCAGCCCCCGCCCACGCTCGCATTCGCGTTGAAAGCGGTCCCGGCCCGTGGTCAGCGTCCCGGTGAGGTCGGACAGGGATTTGCGTTCAAGGGCGATCCGGTCAGTCAAGCCGTGCAGGCTGTAATCCCCGGTCTGCAATGCGCCCACTTCCACCACGGTCTCGGCATAACGCGACGCGGCGAAGGCATAGGGCGCTTGCTCGCGGCTATCTTGAATAATTCGCATTACGCGGCCTCCTGCGCGCTGTTTGAAGTTGATATGGGCAATGTGTCGCCTTGCTCGTTTTCGACGTTTTGGCGGCCATCCAGGCGCGAATTTTCGGCAAGGGAAAGAACGGATGTGACCCACTCACGGACGGTAGGGGTTGCTTCAAGCCGGAGGGCGGCGGCGTGCATCTCGCCAACGTCCTTACCGCCCACAGCAGGGCAGCACACGGCAGAAGGGAAGGCCTGCTTCCATCTCTGCCAGGCGATCCGGCCCCCGGCGTCGTTGTCCGGTGCGGCGATAATGAGGGGGGCGGCCTTAATAAAAGCGTCGGTGGCTGTATCCGCGCCCTTCAAATCGCCCATGAGCGCCACGGCGGCGCACAAGTCCCCGGCCTCCTGATGGACAAGCGCGGCGTCCAGGGAGGATTCCACCAGCAGCACGGGTAGGCCAGCACGCCCGGCCACAAAGGGCACATTGCTGGACCCGGCAACTTGCCAGTATTTGGGGCGGCCTTCCGGACGGTCATCGGGACAGCGAACGGTCAGGGCCATGATCCCGGCCCGGCGGCGGGTGGCGATCACCAAGCCGCGCGGCAGCAAGAGCTTGTCCCGGCCTTCACTGGCGGGCAGATTCCACGCGGCGCGGGGTTCGTATCTATCGCGGGGGTTCCAGCCCAGACCGCAGGCGCGGGCGGTGTCGGGAGTCAGATAGCGTCCTGTGACGGCAAGCACCGTCTCCGCGTCAGTCTCAAGGCCCCGCTGGCAGTCGGCCAGGAACGCGGCAGCGCGCTCCATCCACGGGACCGGGGGAAGTTGGGCGGCCTTGGGCATCGGCACAGTCACGGGGCGCGCTGTGCCGGGCGTGTGCCGGGGGTTCGGCTTGGCAGGATAAGAAGCCCGGCTGTCCCTTGGCGTCAGGCTCAGCGCCCTACAGGCGTCCGGGTAGCTCATGCCGTGGAACAGCCGTAAGAATTGAACGCCGTCGCCCTTGGCTCCGCAGCCACGGCACAGGAATGCGCCGCCACGCGGACGGTCCGGCCAGACAAGAAAGCGGTCGCGGCCCCCGCAGTCGGGACAGGGTCCGGCCCACTCGTGCGGGCCTTTGGCTTTGAAGATCTCCGGGCAAGGGAGGAAGTCCATAATGTTCTTCTGCATTTCTGATCTCACAAAGGCCCACATTGCAGTCCTAAAGAAAACCGAGTGTGAAGTGGGGCCTGGAAAGGCCCACTTCTTCACTCTTCTTTAGAAGGGCCTTTTGGGCCTTGGGCCTTGCTTTATATTTCAATAGGTTACGAAAAGGCCCATGCCCTTGGGCCGGTATCAACCGGGCCTTTCTCTAACTCATTAAATTTGTTTCATTTTTAACTAAGGCCCGGCCTTGTGGGCCTTGCGGGCCTTTCACCATCGGGCCTTTCTCTTCAGTGGGGAGCATGAGGATTTCCCCCCTTGCTCCGCTGGACTTCTGTTTGGCCAACAACCCAGAATCAACCGCGAAAAAAACAGCGTTTTTGTTCCGGGTTTCGCCCCACTCAAAAGCGTAGCGTCCGGCTTTGGAGACAGGTAAAGGCTCCAGCCCTTCTTCTGCCCGGCGCTTTACCTCTGCCACCAGGGCGGCGGCGTCCGCCTCCCGGCTCTGTGCCTCCTGCTCTTGGGCGACGGGTTCAACTCGGCGCAACAGGCCATGCTCACAGCGAGAAAAAAAATATTTAGGTTCCGGCGCACCGCAGTTTTTCTTGCTCACGCGCACGGCCAGAAAGGCCCCGTCAGCCCGGCCCACTGCATCTTCGCCAATAATTTTGATGGCCAGCTTGGAGGCCAGAGGGGCAAGATTGACCTGCCAGCGGACGCAGCCAGCAAGTGCGGAAGCGCCACGGCTGGCGGTCTGTTCAAGGGCGGTATTTAAGGACAAGTCGTCGGAGGCCAGAGCACCCGTCACTTTTGCGGTGTGGTGCAAGAGGACGGTGGCGCAGTCAAAATCTCGGCAAACTTCTTCCAGGAGCGCACAAGCGGCGGTCATGGCCGGATTGTCATTCTCGGCCACGGCCAGGAAGCGGGCCAGGGTGTCAAGGACCAGCAGCGTGGGGCGAAATTCTTTCAGGATGGCGCGCAAGTCGGTCAGAGCATCAGTCTTGATTACGTCGCCGCCCATCCCCCGGCACAAGGCCACGTCACCGGTCACAGGCACAGCGAAGATATTTTTCATCGCCTGAACTTGGGCCTGTTCCGGCAGCGTTTTCAGAGTATGGTGAACGCGGCGGTGTAAGGTCAGCTCGTCGTCCTCCGCCGAGATGTAGAGGGCACGACCCTCATGCGCCGGTTCCCACGCTCCAAGCCAAGGCAGGCCAGCAGCCACGGCAACGGCAAGCTGAATGGCGGCGGTGGACTTACCGGACCCCGGCGCTCCGATCATAGCTCCCAAGGTCTTGCAACGCAGGCTGCCTTTCAGAAGCCAAT
NZ_CP014229.1_gap44	2254293	2256979	2686	CCGTATCGGAACAGGTATCTCCGCACGGCTCGAAGCAGCGTGCAAGAATGCTCCATACCCTTTATCCCCAGTTTTACGCGCCCGTCCCAAGTTTGGCTTCAGGAGTATCCGAACCGCGTCCTTGAACCTTCGCCGTCCTTGAGGCAGAGTGAGGCACCAGCCACCAGGAGGGCCGGAGGAGCATGTCCAGACCACTATCCCGACATCCGGCCTTGCGGCGCGCGGCCCTGGCCCTGTTGCCCGGCTTGGCCGTCAGCGGCCTGATGCTGTTGCTGTACCTGTTGCAGCCGCCCCTGCTTCGGCAGCTCGACAATGAAATATACGATCTTTTTCTGACTTCCCGGCGGGCGCCGCCGCCCTCGGATGCGCCCGTGGTGGTGGACATCGATGAAAAAAGCCTGGCCGCATACGGCCAGTGGCCCTGGCCCCGCTACCTGGTGGCCCGGCTTATCGACAATCTGACCCGAAACGGCGCGGCCTCCGTGGCTCTGGATATTCTGCTGGCCGAGCCGGACCGCAGTTCGCCCAATCTGCTGCGCCAGCGGCTGCGCAAGGATTTCGGGGTGGAACTTGATCTGCAAAAGCTGCCCCCCGGCCTGGCGGACAACGACGCCATGCTGGCCGCGACGCTGGCCCGCAGTCCCGCGGTGCTCGGCGTATTCATGCAGTTCGACCCGTATAAAGCCCCGCCCTCATCCCTGCCCCGCCCCACGGGGCTGGCCGAGCAGACGCCCGCGGGCGCGCCGCCGCCGCGCGATACCGTGCTGCGCGCCACGTCGGCCCTGCTGCCCCTGCCTGTTTTCAGCCGGGCCGCGCCGACAGGGGCCATCAACGTGGCCCCCGGCACGGACGGCGTGGTGCGCGAAGTGCCCCTGCTCTACCGCCTGGGCGACAATATTTACGCCAACCTCTCCCTGCGTGCCCTGATGCGCGGCCTGGACGTCAAAACCATGATTCTGCGCTCCGGCCCCGAGGGTCTCACGGAAATCCGGCTGGGGCCCTACCGCATCCCGGTTTCGACACGGGGCCTGATGCGCGTGCCCTTCAAGGGTCCGCGCGGCGTCTACCCCTATTACAGCGCCGTGGACATTCTGGAAAAACGCGTGCCGCCGGAGCAGCTGGAGGGGCGGGTCGTGTTTGTGGGCACGTCCGCGGCCGGGCTTCAGGATATTCGCGCCACGCCCTTCGACGCGGTCTATCCCGGCGTGGAAGTGCACGCCGCGGTGGTGGACGCCATCCTGAACCAGGACCACATCGTACAGCCGGATGCCACGCCCGGCATCCAGGCCCTGGCGATCCTGCTGGCCGGACTGACCGCGGCTTTGGTATTCAGCTTCACCCGCGCCTTTATTTACGGCCCGGCCTGCCTGCTCCTGGCCGGTGGCGCGATCTGGGGCTCCGGCCATCTTTTCGCCCAGGGCCAGTTCATTTCCCCGCTCTATGTGGTGCTGACCATCCTGGCTCAGGGGCTCTGCATCCTGCCCGTGCGCTTCTGGCAGGAGGAAAGACAGAAGCGCGTACTGCGCCAGGCTTTCAGCCGCTATGTGGCGCCGGAGGTCGTGGCCCGCATCGCCGCGCGCGAAGGCGACATCTTCGCCGGTGAGGAACGCGACGTCAGTGTGCTGTTTACCGACATACGCGGCTTCACCAGCCTCTCGGAAAAGCTGGAGCCACAACAGGTGGTGGCCCTGCTCAACCGCTATTTCACGCCCATGACCGCCTGTGTGCGGGACAGCGGCGGCACGCTGGACAAGTTTATCGGCGACGCCATCATGGCCTTCTGGAACGCCCCCCTGGACGTGCCGGACCATCCCCGGCGCGCCGTGGCCGCCGCCGTGCGCATGCAGGCCCTGCTGCGCGGGCTCAATCCCGTGTTGGAAAAGGAATTCGGCGTGCGCCTGCGCATCGGCGCGGGCCTGCACTGCGGGCCGGTCTACGTGGGCAATATGGGGTCCGAGGATCTGCTGGACTACACCTGCATCGGCGACACGGTCAATCTGGCCTCGCGCCTGGAGGGCATGTGCGCCAAATACGGGGTGAGCGTCGTGGTCAGCGGCGCCATGGCGGAGCGCTGCGGCGCGGCCTTTTACTTCCGCGCCCTGGACAGCATCCGGGTCAAGGGCAAATCCAGGCCGGTAGCCATCTTTTCCGTGCATGAGCAGGAGGAAGCCCGGCGCCGCGAAGCGGAATTCGCCACCGCGCGAGACGCGCTGCAATGCTATATACAGGGGAATTTTACCGCCGCCGGAAGACTATTCGGGCGCTTGCGCGAATCCTCCACTGAGAGTAACGTACTTTACGAATTATACAGCGGCCGTTGCGCGGCGCTTTGCGCGGACCCGCCCGAAAATTGGGATGGTATCTGGACGTTTAACAGCAAATGAGATTGACATGAAAATCCGGCTGTGGGGGACGCGAGGTTCCGTCCCCGTGTCCTCGCCGCAAATGACGCGTTACGGGGGCGACACGACCTGCATTGAAGTCAGGAGCGAATCAGGCGGCCGCCTGATTCTGGATGCCGGTACCGGCATCCACGCCCTGGGCGACAGCATGGATCATGAAATCCCCACGGATTGCACCATCTGTTTCAGCCACGCCCATTGGGACCACCTTCAGGGCCTGCCCCATTTCAAGCCGCTTTACAATCCCAACTGGCACCTGAGCCTGCGCGGCCCCGTTCTTGCCG
NZ_CP014229.1_gap45	2264968	2267916	2948	GGGCCAGTTCCAGCAGTTTTTCCGCCGGGATCTTGGAGGCGTCCGCCTCGGCCGCGAACAGGCGCAACAGGTCCAGGCCGGCAAAGGCTTCCACCTGGCCCTTGAGCGTGCCGGACCAGACCGTGAGCAAAGCCACCTTGTTGCCCGCCTGGGTGCTCATGTCCTGTTCCATGTCCCGCAGCAGCCGTTTTTGGGAAGTCTGCAGAATCCAGTGCGAGGCCACGGCCGCGGCAACCGCTACCAGCGCCAGCAGCGCCAGCATGATCAGCGCGGTGCGCCGTTTGCGGCGCGAGCTTTGAGTTGAGGAATCCTGTGCCATGATGTTTTCCTTACGTAACGACTCAACGCTCTCGCAGGGCGTTCTGCTTGGCTTTCAGAATGGGCTTGAGCAAATAGTCGAGCACCGTCTTCTTTCCGATCAGAATGTCCGCGGTCACGATCATGCCGGGAATAATGGGCAGCACTTCATTGTGGTAGGTGATGGCCGTCTTTTGCGTGCGCACCTTGACCAGGTAATGATAGTTGCCCTTCTTGTCCTCGATGGTGTCGGCGCTGATAGACTCCAGCTTGCCCTCCAGGCCGCCGTAAATGGAAAAATCATAGGCCGAAACCTTGACCATCACCTCCTGGCCGGGCCGCAGAAAGGCCACGTCCTTGGGACTGACCTTGGCTTCCACCAGCAGGGTGTCGTCCAGAGGCACAATGTCCATGATGGGTTCGCCGGGCTTGACCACGCCGCCCACGGTATTGATGTAAATCTGCTTCACCGTGCCGCGCACCGGGGTACGCAGTTCCGTGCGGGTCACGCGGTCGCTGCCCGCGGCCAGCGTTTCGCGCAGGGAGTTCAGCTCCAGGCGGCGCTTGTTGATTTCCTCGGTGATGGCCGCGTTCTGCTCCGCCCTGCGCGAGGCGATGCGCTGCTTCGATTCCTCGGCAGCGGCCTGGGCCTTGGGAATGCTGGCCGCCAGCATGTCGATCTGCCCCTGGAGTTCCACGACTTTCTGTTGCAGGCCCAGATATTCCATGCGCGAAAAGTTGTTGCGCTGCACCAGGGCATAGGCCGTGTCGCGCTGCTCGATGGACAGGGCCAGACTGCGGTCCAGCTGGGTCTTGCGGGCGATTTGCTCTTCCACATCGTGCTGCCGCTGCTCATACTGGGACTTGAGCACCTCGATTTCGGCATTGAGCTGGTTCTGGCGCGACTGCCAGGCGTTTTCCTGGTCGCGGATGATCTGCCGGGCGCGGGCCAACGTGTTCTCGTCCACCTTGTGGCCGATGAGTTTGGCGGCCCAGTCCTGAAGATTTTCGGGAAAGGCGGGTCGCTGATTCTTGAGTTCCGCTTCCAGGCGGGCAATAGCCAGGCTGTTTTCCATGGCCTTGTTCACGGCGTCGCGGTAGGAGGATTCGGCCAGTTCGTTGTCCAGCTGGGCCAGCACGTCGCCCTTGTCCACGATCTGCCCTTCGCGCACCAGCACGGCGCGCAGAATGCCGCCTTCCAGGTTCTGGATGGTCTGGGTGCGTTGCGAGCCCACCACCTGGCCCTCGGCATGGGTCACCTCGTCGATCTTGGCAAAGGCCGCCCAGACCAGCAGGCAGGCGAACATCACGGCCACGGTGACCGAAAGGGCACGCACGCCGAAACGCGGCCGCCGGGCCAGAGCGGCGTCCACTTCGCCGGCAAACTGGATGTCGTCGGGGGTAAGCCCGTGCAGGGGCGCGTCCATGGCCGCGAACAAACCGGCATTGGGGTCCGCATTCGGACCGGAACCGGCCCCGGGCGTTCCGGGCCCGGCGGGCGCATCAGTTCCGCCCTCCCCGCCGGTCTCGCCGTTTTTGCCCTTGTGAAGCATGGCCTCGCGGATGGACTGGATCAGACTATGGTCCGGCCTTTGCTCATGCTCGTTACCCACAAACAGGGCGCGCAGAAAGGACAGCGCGCCGCCGCCCTTTGCCGTTGTATCCTTGGCCCCGGCCAGAGCCAGGGCCGCAAGCTCATCCTCGGGCGGCAGCATGGGTTCAGGCATGAGCGGAAGGCCGGTTCCGGCCTCAGGGCCCTGCGGGGCCGGGGGGGATGAAGCACTCTTCTCCGCCGCGCCGGGCATCAGCGGCATAACATCCGTCAATTTTTGCGGAATTCCGCCTTCAGGAACTTCCAGCGGTGGTTCCGGCACGGAACCGCCCGGCTGCGGAGCCCATGCCGTCGGGGCGGGCTCCGCAGCCGGGGATTTTTCCCCTTTCCAGGCGGCAAGATCCGTGGCGCGCGCGGCGCGTTCGTCCAGCATGGCGGCAAAGGGCGTAGCGGCGTCAGCCGCGTGGGCCGCGCCGGGCATGGCGGGCATTTCCCCGCCGGAGCCCGCTTCCGCCCGAGGACGGCGTTCTTCCTCCACGGCCGCCGGAGCATTCTTTTTACCGGAACTCAGCTGCATCTCAGTTCTCCACCGGTCGCGTACGCGCGGGCCGTTCACCGTTGCCGGCGGCGTTCATGCTTTGCCGGGAGCGCTCGCGCAGGCGCTGGAGCACCATGTCGCGCGGACCGTCCATCTTGATCTGGCCGTTTTCCATAACGATAAGGCGTTCCACAATGCGCAGCATGGACAAGCGATGGGTGACCAGCACCACGGTGCGCCCGTCCATGACGGTTTGCAGGCGCTTCTGGAGCATCAGTTCGGAATCCGTGTCCATATTGCTGGTGGGCTCGTCCAGAATCAGCACTTCCGGATCGCGCACCAGGGCACGGGCCAGGGCCACGGACTGCCGCTGCCCGCCGGAAAGCGCCTTGCCCTGCTCGCCCACCTGGGCCGCGAAGCCGGCGGGATTGTTGCGTAAAAAGTCCGTCACCCCGGCCAGGGCCGCGGCGCGCAGAATCAGGTGGTCGTTGATGGAAGGATCGCCCAAGGCGATATTGTCCCGCACGCTGCCGTAAAAAAGCACCACGTCCTGCGGCAGCA
NZ_CP014229.1_gap46	2287776	2290397	2621	GCGCGCCTGCGACTGGCGTCTGCGCAAGTTCTATCCCGGCCGGAAATGGGACTTCCAGGTTTACGAGCATCCCAAGTTCTGACGTTGTCGTGGGAAGTCCTTGCTCCCCACTCCCTCAAAAACAGAGGTATGGCATATGAAGACGTTCACCAAAGACTTTACCCTTCAGGAACCCATTCCCCAGGAAGGGATTGATCTTGCTCTCGGCGTGCTCAAGACCGGCCGGCTGCACCGCTATAACATCATGCCCGGAGAAAAGGGCCATGCGGCGGAGCTGGAAGAGGCATTCGCCGCATATATGGGCTCGAGATACTGTCTTGCCTGCGCCTCATGCGGCAGCGCGCTGTATATCGCTCTCAAAAGTCTCGGCGTGAAAAAGGGGGATACCGTACTGTGCAATGCCTACACCCTGGCTCCGGTACCCGGCGCCATCGAAAACGCCGGAGGCAGCATTGAACTGGTGGAGATCACCGATAACTACACCATAGATATCGACGACCTTGACGCCAAGGCCGCCCGCACGGGGGCCCGTTTCTTCCTGCTGTCGCACATGCGCGGGCACATGGCCGACATGGACAAGGTCATGGAGGTGGTGCGCAAACACAACTTAATCATGCTGGAAGACTGCGCTCATACCATGGGCGGCTCCTGGAACGGCAAAAAAAGCGGCACCTTCGGCCATGCGGCCTGCTACAGCACCCAGACCTACAAGCACATGAACTCCGGTGAAGGCGGCCTGCTGATCACCAGCGATGACGACGTCATCGCCCGGGCCATCATGTACTCGGGATCATACATGCTGTATTCCGCCCACACTTCCCGCCCCGGCCCCGATGTCTTCGAGAAGATCAAGAAAATCACGCCCAACTTCAGCTCGCGCATGGATAATCTTCGCGCGGCCCTGCTTCTGCCCCAACTCAAACTTCTCGATGAACAGTGTCGCCGCTGGAACAGGCTGTACGACCATATGGAAGCCCGTCTGAAGTCCATTCCCGGTGTGGTTTGCCCCGCCCGCGACCCGCGGGAATACTATGTGGGCAGCTCCATACAGTGGAATCTGCCCAAGGCCGGCTACAAGGAAATCGAAGCTTTCATCGCCGGGACCGGAGAACGGGGCGTATCCGTCAAATGGTTCGGTAACAAGGAGCCTGAGGGTTTCACCAGCTCTTATGACAGTTGGCAGTATTTTCCCCATCTCGCCACTCTCGATCTGCCCCGGACTCGCAAGGTTCTTGCCACCATGTGCGACATGCGGCTGCCCCTGACATTCTCCACAAAAGACTGTGATGACATCGCCGACATTCTCGTCGGCGTCATAGAGGAAATGGGCCTGCGCTAACCGCCGGCTCCGCTTTTTCACAACGCATTACACCAAAGGATGATGCCATGAATCTCGCCAAGTTTCCCCGCCGTGGCTATGTGACCACCCCCACTCCCATTGAGCCCCTGCCCAATTTTTCCAAGGCGCTGGACGGCAAAGTCAACATTTACATCAAACGCGACGACATGCTTCCCGGCACAGCCGGCGGCAACAAAACCCGCAAGCTCGATTTCTGCATGGCCGACGCTCTAGCCCAAGGCGCGAACGCCATCATCACTTGCGGCGCCGTGCAGTCCAACCACTGCCGTCTGACCTTGGCTTGGGCAGTGAAGGAAGGACTCGACTGTCACTTGGTGCTTGAAGAACGCGTCAAGGGTAGTTACAAGCCCGAAGCCTCGGGCAACAACTTCCTTTTCCAGCTTCTGGGCGTTAAGAGTATCACTGTTGTGCCCGGCGGCAGCGACATGATCTGCGAAATGGGCAAGGTGGCCGAAACCCTGAAGGCCCAAGGCAAAAAGCCCTACGTCATTCCCGGAGGCGCATCCAACAAGATCGGCGCGCTGGGCTATGTGAACTGCGCGGAGGAAATCCTGCGCCAGCTCTTCGAGATGAAGCTCTCCATCGACCACATGATCGTTCCCAGCGGCAGCGCGGGCACGCATGCAGGCATTATCGCCGGTATGTATGCCAACAACGCCTGCATTCCGGTGACAGGCATCGGCGTAAACCGTCCCAAAGACGTACAGGAAGCCGCCGTGCATAAGCTGGCCCAGGAAACTCTGAAGTATATCGGCGCGCCGGTCAGCCTGCCCGCCGACAAGGTTGTGGCCTTTGACGACTATGTGGGTCCCGGCTACTCCCTGCCCACCGGGAGCATGGTCGAGGCCGTCAAGCTGCTGGCCGGCACTGAAGCCATCCTGCTTGATCCCGTATACTCGGGCAAGGCTATGGCGGGCCTCATAGATCTCGTCCGAAAAGGACATTTCCCGGAAGGCACCAATCTGCTCTTCCTGCACACCGGCGGTTCCCCCGCTCTGTTCGCCTATCTGGATACTTTTCGTAAATGACAAGGGCACATGGGGCGGCGGGCATGGCTCCGCCGCCTGCTTCCGGAGACAATTATGTCCGTTTCTCCATCTTCTATCGGCGTTCTCGGCGGACTCGGGCCCTATGCCGGGCTGGACCTTGTCCACAAAATTTTTGACTGTTGCGCTGCAACAAAGGATCAGGATCACCTGCCGGTCATCTTGTATTCCTTCCCTGCGGAAATCCCGCCGCGTGTGGAGTTTCTACTGGACGA
NZ_CP014229.1_gap47	2311832	2316267	4435	GAAGAGTTGGATTCCCTGGCCGAGTGCGGAGCCGACGGCGTGGGCCTGTACCGCACGGAATTCGCCTATCTCAGGGGCGATCTGCCCACGGAAGAGGAATTGTTCAAAGAATACGCCGCCGTGACGGCCAAAGCCGCGCCGAGCCGGGTGGTCTTCCGCACGCTGGACGCGGGCGCGGACAAGATGTTGCGTTCCCAGGCGGCCCTCAAGGAACCCAATCCGGCTCTGGGCCTGCGGGGCATCCGCTTCTGCCTGCGGCATCAGGGCATTTTCCGCACCCAGTTGCGGGCCCTGCTGCGGGCCGGGGTGACAGGCAACGTGGCTTTGCTGCTGCCCATGATTTCCGGCCTGGCCGAAGTGCAGGGCGTGCGCCGCATTTTGCAGGAACTGCGCCAGGAATTGCAGGCCCAGAACCTGGCCCACGCGCCGGACCTGCCTCTGGGCATCATGGTGGAAACCCCGGCGGCGGTGCTGGTCTGCGACGCCCTGGCCCGGGAATGCGATTTTTTCAGCATCGGCACCAACGATCTGATCCACTACCTGATGGCCATTGACCGCAACAACCGCCATGTGAGCTATCTGCACGAGCCCCTGCACCCGGCGGTAGTGCGCTCGCTCAAGCGGGTCATAGACGCGGCCCACCGCGAGGGCATCGGCGTTTCGGTCTGCGGTGAACTGGCCTCGGACCCCTGCGGCCTGGCCCTGTTGCTGGGCATGGGCGTGGATGCGGTGTCCGCAGCGCCGCGTTTTGTGCCGGGTATGAAACATATGATCCGCCAGCTCAATGCCGAAACCTGCGTGGAGCTGGCCCACAGCGTTCTGATGAGCACCGACGTCATGGCCTCCAAGCGTATGGTGCGTGAAAAGCTCCACCAGTCTCTGGGACCGGAGCTGGCCTTCCACACCACAAGCCTTTCGAGCCACAGTCAGCCATGAGCCAGAAAACACCGCCTTCCACCATTGCCGTCAACAAAAAGGCCCGTCATCTCTACGAACTTTCCGAGTTTCTGGAGGCCGGCATCGCTCTGACCGGCCCGGAAGTCAAAAGCATCCGCGCCGGTAAGGTAAACTTCATCGACAGCTATGTTGAATTCAAACGCGGCGAAGCATGGCTGCTCTCTTTGCATGTGGCCCCCTACGCCAACGCCGGCTACGCCCCGCAGGAGCCGGACCGGCCGCGCCGCCTGCTGCTGCACGCCCGTGAGATCGCCAAGCTGGCGGGCCTGGTGGCCCAGAAGGGCCTGACCGTGGTGCCGGTGCGCGTCTATCTCAAACGCGGCAAGGTCAAGCTGGAAATCGCCCTGGGCCGGGGCAAGAAGTTGCACGACCATCGTGATACGCTCAAACGGCGTGCGGAGGAACGGGATCTGGCCCGCGAACTGGCCTAGGCTCAGCCCTCAACGCCCGCTGTTTCAACAAGACGTAATCCACCCGCGAAAGGCCGAGGAGCGCCATGCGCCACCCGCCCCTGCAAGCGCCACTGCTCTGGCAAGTCTATCTCGGCTTCTGGATCGCGGGCGTGGCGGCGGCGGTCTGGCCCTTGCCCGCCCTGTGTTGCGCCCTGCTGCTGGCCCTGGCGGACAAACGCCTTTGGCGCGGTGCCCGGCTGACCCTGGCTGTGACTCTGGTTCTGGGCGGTCTGGCCGTGGCCCGCTGGCAGCTTGCGCCGCCGGACCCGGCAGCCGACGCGGCTCCCGTCCGGCTGGCGGCGGATGCGGACAAAGCCCCGGCGCGGTTCTGCGGCCGGGTGCGGGACGTACAGGACCTGCCGGATCAACGTCTGCGCCTGTTGCTGGAGCGGGTCCACCCCGCCGGAAGTTCCACCACCGCTGTTCTGCCGGGCCTTGTGGCCTGGACCTGGGAAGCCCCCCTTTTCCGCCCCCTGGCCGGACAGGAAATCTGTCTGAACCGCCGCCCGCGTCCCATGCATGGCTTTGCCGACGTGGGCCTCGCCGACCGGGAAATATGGTGGGCCGCGCGAAACGTATATTGGCGGCTCTGGAGCCGGGGTGAACGCGGCGAACCAAAAGCCTCCGGCCGGGGCACGCCGGCGGCCCGCTGGCGCGAGGAACTGCGACATGCGTTTTTAAGCGCGCTCCTGCCTGAGGGACAGACGGAACATCAGGCAAAAATCCTGACGGCGGATGCCGCGACCCCGGAACTGCCGCAGGGCAAGGCCATCCTGCCGGCTCTGCTGTTCGGGGACCGCCGATATCTGACGCAAAACACCCTGGACAATTTCGCCGCCGCCACCCTGGCGCACAGTCTGGCGCTTTCCGGCCAGCATCTGGCCGTGGCCGGGCTGCTGGGCCTGCTCTGCGTGCTGGCCGCCGTCCGCCTTCGTCCGTCCCTGTATCTCCGGCAGCCGCGCGTGGTCCTGGCCGTGGCCGCGGCCTGTCCGCCCGCCCTGGCCTATCTCTGGCTGGGCAACGCTCCGGCCTCCCTGCTGCGGGCCGTGTGCATGCTTTTCATCCTGGCCTTCTGGCTGGCGCGGGGCCGGGCGCGCACCACCCTCGACGTGCTCTGCGCCGCCCTGCTCTGTATCTGCCTGGTCGCGCCGCTGAGCATACTGGACACGGGCCTGCAGCTCTCGGCCCTGTGCGTGGCGGTCATCGGCCTTGCCCTGCCCTGGCTGCGCCGCGTACTGCCGCCGTCCGCGCATAAAGCCGAATCCCCCCGGCGTCGGGCCATACACGGGCTCGGCCGCTGGCTTGCGCGCATTCTGCTGATTTCCCTGCTGATCCAGATAGCGTTGCTGCCGCTGAACCTCCTGCTGTTCGGCAATGCGGGCTTCTGGTTCCCGCTCAATGTGCTCTGGCTGCCCGTGGCCGGTCTTGTGGTGCTGCCCGGTGCGGCTCTGGGCCTGCTTCTGGCGGGCGCGGGCCTGGACGGGACCGCGCGGCTGGTTCTGGATCTGGCCGCCCTGCCCTGCCAGTGGCTGACAGACGGGCTGGCGGGCCTCAATGCCCTGGGCCTGCTGCACAATCCCGTCCTGCTGCGGCCGCACTGGACGGCCCTGCCCGCTTTTGCCGCCCTGCTGGCGGCTCTGGCCTGCCTGGCCGGACGGGGCAAAGCATCACCCTCAGGGAAAGAGGCGGCCCGCCGCCTGCTGCTGGCAGGTCTGGCCCTGCTCTGCGTGGGGCCATTGCTGCGCCTGGAAGGCCGCTTTTCCGGCGACACCCGGCTGGACGTGCTGGATGTGGGCCAGGGGCAGGCCCTGGCCTTGCGCGCTCCGGGCCATCTGCGCCTGCTTCTGGACGGCGGCGGCAGCGCCTCGCCCCGCTTTGACCCCGGCAAAGCCCTGGTGGGGCCGGTGCTGGCATACAACGACGCGCCCCGGTTGAGCGCCGTCGTCAGCAGCCATCCGGACCTGGACCATCTGGGCGGTCTTTTTTATCTGCTGGAAGATTTTCAGGTGGCGGCCCTGTTCCATAACGGGCGCGAGGCCGCCGGGCAGCACGGGCCCATGTGGCGGGAACTGCGGCAAAGCCTGGCGGGCCGCATTCTGGCGGAAGGAGATGTGCTGATTGTGGGCGATCCGGCTCTGGGCCTGCGTCTGGAAGTGCTGCACCCGCCGCGTGCCGCCGACGAAAAGGAGGCCACCGCCTGGACCGGCAACGAGGCATCCCTGATTCTGCGCCTGACCCGTCACGGCCAAGGGCTGGCCCTGTTCACCGGCGACGCCGAGCGTCGCAGCCTGCGCCGTCTGCTTGCCTCGGGCCGGGATCTGCGCGCCCAGGTGCTGCTGGCCCCGCACCACGGTTCGGACCGCAGTTTTCTGGCCGCCTTTTACAAGGCCGTGCAACCGGAACTGGTGCTGGCTTCCTGTGGTTTTCAGAATCGTTACAACTATCCGGGCTCGCGCCTGCGGGCCTGGCTGGCACGGCACGGCATTCCCCTGCTTCATACCGGCGAATCCGGGCAGATCCGCGTCAGCTGGCCGTGGACCGGGCCGATGCGCGTACGCGCCGTCCGCCCTGGGGGTTGAGCCTGAGGTCTAGAACAGATTACCTTTGAGAATTGACATTCTCAAAATTTTTAAGCCGCTCGCCCTGCTCTCGATGTCCGTACGGCGCGCTTCGCGTGCCTACGGCCATGGCCCAGCGGGCCGCCCTTCGGGTCGGTCTCCGGCGCTTAGCTCTGCTGTCCTCGCCCGTAAAGCTCGAAGACTCGCTAACGGACGAGGCAACCGCGCCAATAAATTGCGCTTACGCCTATCTCTGCTGTCGTCATCCGTAAGACGGCATCGCCGCCAACGGCTGATGCTCGTGGCGGGCGTCTGCATATGCAGCCGCCAGAGCAATTTCAAAGTGAACTTGCTCTAGGGTCTGTTAACACTATAGAATTTTTGTTCGCCTGCAAGGAAGATAAACCTGCTTTGAGGGAGTGTACTCTTCTGGTACTCGACCGAAAAAGCAGGTGAAATCTGACGCGG
NZ_CP014229.1_gap48	2317852	2319866	2014	ACCTTCTGGTCCAGCAACACAGCCTTGAGCGCCGCGCCCCGGCTTCGCAGCAGGGCCGCGAACTCCCGCTCGCCGATCTCCAGCGGCTCGGGTCCCAGCTCCCGCCAGAAATCCCAGGCCTGCAAAATCTCCGGCGTGGCGGCCAGCACCAGGCCGAAAGCCCGCGTGTCGTCGAAAAAGAGGCGGCGCCGGTCGCCGTCCGGAGTGCGCAGATCAAAGACACAACGGGTATGGGAACCGGGCGGCGTGCCCGGCGCGTACACCATCAGACGGCCTGTCATACGCAAATGCACGGCCAGCAGATCCGGGGCGGTCTCTTCCGGAGTGCGCCCGCTCTCCGGCGGGGCCAGATGCACCAGCAGCAGTTTGCCCCTGCGGCCCACGTCCGCGATACGACGGCCCGCCAAAGTGGCCAAGGGCAGGCTCAAGGGATGCAGGCTGCCGGACCGCAGAACTTCCGCCCCCTCAATCAGGCACTCCTGTACCTGGGGGCGCAGGGTGCGGGCTACTGTTTCCACTTCGGGCAGTTCAGGCATAACGGCATTCAACCCTTTTTGCCGCTGGCGGCGTCAGGCCGCACGGTCCGGCTTGGTTACATAGGCATACTATGCGCCCGCGCCGGACCACTTGCTTCCTTGCCAGCGAACAAAAAATCTTGAATGCCGCAAGGCCGGCAGCAACGAAGAGGGCAAAAAATCATTCCGTGGCGCTTCCGAGGTAAATTTCCAACAAACCTTCGGGCGGATCAATGGTCACGGTGCGGGCGTCCAGGTCAAAACCAACAATAAAACAGGGCTGGGCCGGAAAAAGAATTTCCTGGTCTTGTTCCGTGACGATAGCCCAGATTTCCTGGTCCGCCGGATATTCCACATGGTCGAGGCGTCCCAGACGGCGGCCATCGGGCAAGAGCACCTCGCAGCCCAGCAGATCTTCCAGATAGGCCTCATCCTCGTCCGGCGGAGGCAGGCTGCCGCGCGACACCAGAATTTTCTGTCCGCGCAGGGCTTCAGCCGCCGTACGGTCCGTCACGCCTTCCAGAAGAAGCATAGGGCGGCCCTTGTGCCGGCGGCAGGACAGGGCACGGACGAGCCGGGGCGGCTCATCCCCGGCCTGAAGCCAGAGCGGCGCGTCCAAAAGCAAGGGGGAGTCCGCATGCCAGTCGATGCAGATCTCCCCTTTAATACCGTGGGGCCGCGCCAGCGTGCCCATATGAATCAGCATATCCGCCATGGAAGCCGAAGCTACTCCAGAATTTCCAGAACCGTACGTTTCTTCGACTTGGTGGATGCCGCGCTCAAAATAGTGCGCATGGCGCGGGCCGTGCGCCCCTGCTTGCCGATGACCTTGCCCAAGTCTTCCTTGGAAACCTTGAGCTCCAGCACCGACGTCTGCTCGCCTTCCACTTCGCTGACCTGCACTTCTTCGGGATGATCCACCAGAGACTTGGCAATATATTCGATCAGAGCCTTCATCGCGTACCTCCCAAAGATACCTTGCTGCCCGCGGGCAGCGCGGGCAAGGATTAAATAACGCGCAACCTTCGGAGCAATCGGCAGCTATCCGTCCGTCTTTCCCGTGCCGCACTGTCCTCCGGGCTGGTCCCGCAACAGCATAACACTTGCGGCAGGCGGTTCCCCGCCTTTCCACAAGGGTTTTATAGAGCATTTCAATGTTGATCTGCTCTGGAGCAATTCAACTTTTTCAAAGCTGAACCGCCCGCAAGGAGTTGCAGGCAAATCCTTGCCGCGAGATGCTTCCCGGCGGGTTCGATCCGCCGCAAGCAAGCATCGCAAGCGTAAGATTTAGGACAGATGCGCTTTGATCAGCGCCCGCACGGTGTCCGTGGGTTCGGCGCCGCGCGCGAGCCATTCCTTAATTTTATCCGCGTCAAGTTTCACTTCCGCCGGATTGGTCATCGGGTTGTAGTAACCCAGCAATTGCAGCGGACGCCCGTCACGACGGGTCTCGTCATTGGCGGCCACCACCCGGTAGAAGGGGTGCTTTTTGCTGCCGA
NZ_CP014229.1_gap49	2327197	2329154	1957	CAATCCGGGTGCTGGGCGAAATCACCGAGGAACGCCTGGGCATCCTGCGCCTGGCCGACAGGATCGTGCAGGAGGAACTGCGCGAATCCGGCTGGTACCGCAAGGTCTGGCAGGGCTTCGCGGTGCTGCTGCCGCTCAAGACCGTGGGCGTCATGGGCGACGGCCGCACCTACGAGCACGTCATCGCCCTGCGCGTGGTGGACAGCGTGGACGCCATGACCGCTGACTGGGCCCGCCTGCCCGCGGATCTCATCGCGCGCATGTCCGGCCGGATCATCAATGAGGTCAAGGGCGTCAACCGCGTGGTTTATGATGTTTCCTCCAAGCCGCCCAGCACTATTGAGTGGGAATAAGGAGGCTCTATGTTCGGCATAGGCAGCACGGAACTTCTGGTCATCCTGGTGGTGGCGCTGATTGTGCTGGGGCCCAAAAGCCTCGCCAGCATCTCGCGCACCCTGGGCAAGGCCATGGGAGAATTCCGGCGCGTTTCCACGGACTTTCAGCGCACGCTCAATGCCGAGGTAGCGCAGGAAGAGGACGAAGAGCGCCGCAAGAAGGCGGCGGAAAAAGCCGCCAAAACAGCGGCCGAGGCTGAAGCGGCCAAGGCCGCCAGGCAGGAGCGCGCTGCGTCCGGCGAAGGAACGCCGACGGAAGAAGCGACTGCTCCGGAAACCTCCGGCACGGAAGCCGCGACGGCTCAGGCTGAAACAGAGGCTCCCTCCGCGGCCACGGCAGCCCCGGCTCCGGACGCATCTGAAACCGGCCCCACCATCGACGTGACGCCCGCGCCGCCGGAGCCACCGGCGGGCAGCCCTCTGGCCGAAGCCCTGGCCAGGACCAAAGCCGAAGCCGAGAGCGGAGCCGCCGCGCCCAAAGCCGACAATGCCGTTCCGGCCCCTGACAACGGCGGCAAGGCATGAGCGGCCCGGAAGACAAGCTGCGCGCTCCGGAAGCCGTAGCGGAAAGCGACGCCCCCGCTGTTCCTGCGGACGCTGCCGCCACGACTGACAGTCCCTTGGGGTCTGAAAGCGGCACGGCGGCCGTAAGCCCTGCTGAATACGCGGAAAAATCCGGCCCGGAGAACGAAACGGGCACCGCGGATTTCGCGGATTTTGAAAGTTCCACGTTTTCCGGGCCCGAATGGCAACCCGACGCGCCCGCCACCGAAACCAATCATACGGGCGGCGCTGACGCGCCGTCTCCGGACGTGGCCGCCCAACTGGCCGCCGAGCTGGCCCGTACGGCGGAGCCCAATGCCGCCGCCGCTGCCGACGGCATGAACGGCGCGCCGCCGCTGCCGCCCTCCCCACCCACGGACACGCCCGCCGGATCCCCTGCTGAACCGCCCGCGCCCAGGCCGGACGGCAGCCCGGCCCCGGCGGAAGGCGGAGAGGGCGAGGAAGCCGCGGGCAAACCCATGAGCCTCATGGATCATCTGGGCGAATTGCGCGTGCGCCTGGTGCGTTGCTGCATTGCCGTGGGCCTGGGCTTTCTGGCCTGCTGGGCCGTGGTGGACCCCATTTTCAACGCCTTGGTGGACCCGCTGCTGGCCGTTCTGCCCAAGGGTTCACACGCCATCTACACCACCCTGCCCGAAGGCTTTTTCACCCGCATGTACATCGCCTTCGTGGCCGGTGTCTTTGTGGCCAGCCCGGTCATTTTCTATCAGGTCTGGTCTTTTATCGCGCCCGGCCTGTATGAAGAGGAAAAACGCTACATCATCCCGGTGGCCGTGCTTTCGGCCCTGTTTTTCATGGCCGGCGGCGCGTTCTGTTATTTCGTGGTCTTTCCCTATGCCTTCAGCTTTTTTGTAAGCTTCGCCACGGAAAGCATCGTGGCCATGCCCAAGGTCAGCGATTACCTGGGCTTTGTGCTCAAACTGATTCTGGCCTTCGGCCTGATCTTTGAAATGCCGCTGTTCGCCTTTTTCCTCGCGCGCATGGGCCTGATCACCGCG
NZ_CP014229.1_gap50	2490106	2490634	528	CCCCTCGGGCCGGAAATATGACAGCACGCGACGCCGCAGAATGCGGGCCTTGCCCACATAGATGATCCGGCCCCGGCTGTCCTTGTACAGGTACACGCCGGGCGTGAGCGGTATGGTGGAAGGGTCGGGCTTTTGCACGCAATGGTTGTACCGGAAGGGCGTGTGGCTGCCAAGCCCCTCCGCTCCACCGGCGCAAAAAGGGAGCCCGAAGGCTCCCTTTTTCAAGACAGACTGAACCGCTTACGCTTAGAAAGCGTACACGAAGCTCAAGTTGACGTTCCACGGGTCGCGTTCCTGGTCGCTCTTGCCGTTCATGGCGCTACGGCCCCAAGTGGACTTGGAGTGGTCTATCCAGGTGGCCAGGTAAGCGGCGTCCAGCATAATGGTGAAGTTTTCGTACATCTTGTATTCGTTGGTCAGGCCGATTTCCAGGGCGCTGTCCTCGGTGGTCATGTACAGCGGATCCATGCCCAGGCCCTGCATGTTGGGACCGGTGACGCCGTTAACAGCACCGCTAATGCCATTATA
NZ_CP014229.1_gap51	2628232	2631558	3326	AGGAGAGCGCGGAGGAATCTCCCCTGGCCGGACGCTCCATGACCGCCCTGGTCTCCCCGGCCCAGCAGGAAAGCTACCAGCGTCAGGCCTGGGACATCACGGGCCGCGACCTGCTGCTCACCGGCCTGGAGGACACCCCCCTGCTCTACAGTTGTTCCGGCATGCCCAGGGGTGACGGGCAGGCCGCCGCCGTGGAGGCCCTGGCCGCGCGCCTGAAGGCCCTGGGCCTGCTGGCCCGCAGCCTGCCCACTCTTTCGCAGGGCCAGTTGCGCCTGCTGCTTCTGGGCCGGGCCCTGTTGCGCGCGCCCGCCCTCCTGCTGCTGGACGAATGTGCCGACGGCCTGGATACGGCCCACAAAAAAATCTTTTTCGACGTGCTGGAGGAATACGCCGGGCGCTGTACCGTGATTCTGACCGCGCACCGGCCCGAAGAAATTCCGGACTGGTGCCGCGAGCGCCGCTACGTCAGCAAGGGACGTCTGCCGGACGCCCCGCCCGCCGTTTTTGCCGCCCCGGCCGCGCGGCGCGGGGAAAGCCGCCCGGCGTACAGCGCCACGGGCCGCATCCTGCTGGCTCTGGAAAACGTGTCGGTTTACATTGACCGCCACAAGGTACTGCACGACGTCACCTGGAGCCTGCACGAGGGCGAGCACTGGCAGATCACCGGAGCCAACGGCTCGGGCAAGTCCACCCTGCTGCGCCTGCTGGCCGGGGACGAGTTCGTGGCCGCCGGAGGCATTATCAGCCGCTGGCTGCCGGGCCAGGGCGGCCATGTGGAAATGCTGGCCGATGTGCGCAAGGGCGTGCGTCTGGTGTCGGATCTTTCCCAGGCTCTCTACGGCTTCACGCTCAGCGGGCTGGAACTGGTCTGCTCCGGCTTTGACAACAGCATCGGCGTATACCGGGAATTTACGGAAGAGGAGCGGGACGAGGCCTTGCGCGTGATGGCCGGGCTTTTTCCGGAGGGAGACGCGGCCCGCGTGGCGGAAAAATCCATCCGCCAGCTCTCCAGCGGCCAGTTGCGCCGCCTGTTCCTGGCCAGGGCCCTGGTGGGCCGCCCGGATATTTTGCTGCTGGACGAGCCCTGTTCCGGCCTGGACGCGGAAAGCCGCGCCCGCTACCTGGCCCTGCTGGACCGGCTGGCCGGACAGCCGGAAGAGAGGGAGCAGGACGGACGGGATATCCCTGGGGGCGTGCATCTGGTTTTCGTCTCCCACCACGGAGAGGACGCCCCGCTCTGCGTCAACCGCGAGGCGCGCATGGAAAGAGGGCGGTTGGTCGTGCGGCGCTGAATGCCCGGACATTCCCGGCAAGGGTTTTGCAGACAACAGACGCCCGCGAAAACGGACTTTCGCGGGCGCCCGGCATTAAAAATTTCTTATTTCAGATCGAAGAACAAAAAACGAGGCGCTCAGCGCGCGTCAGGGCCGCCGTCCTTCTTTTTCCGCCCCCACTTGGCCCGGATCACTTCAACAGCCACGGGCAATACGGAAATGACGATAATAGCATAGACGATGATGCCGAAATTCTCGCGCACCCAGGTGAGGTTGCCCAGGAAATAACCGGCGGACACAAGCCCGCCCACCCAGAGAATGCAGCCGGTAATATTGTAGAAAAAGAAGGTGGTGGGGTGCATCAGGGCGATGCCCGCCACAAAGGGCGCAAATGTGCGCACAATGGGCACAAAACGCGCCAGCACAATGGCTTTGCCGCCGTGCCGCTCATAAAACTGATGGGCCTTGAGCAAATGCTCTTTCTTGATCAGCCGGTTTTCGCGGGAAAAAATGGCCGGTCCCACATGCCGTCCGATGCAGTAGTTCACGGCGTCGCCCAAAATACCGGCGGCCAGCAGTACCAGCATGATCTCGCCGTAGCCCATGAGCCCCGCGCCCGCCACCACGCCGGAAGCAAACAGCAGGGAATCGCCCGGCAGAAAAGGCGTGACCACCAGGCCGGTTTCACAAAAGACGATGACGAAAAGAATTGCATAGACCCAGAGCCCGTACTGCTCCACCAGCTCAAACAGATGCACGTCAATGTGCAGCACAAAATCCAGAAAATAACTGACCATTTCCATCCGGGATGATCTCCTTGCCTGCCGGTTTCGCGGCGGGCACTCCGCCCCGCTCCGGCCCCACTCTTGTACCGCAAGCCGGCTTGTGGCACAACAACGCCTATGCCCCGATATCTCTCAGAACAGACCCCCCTTGCGCATCCGCCTCTTCTCGGCGCGTGCTCCGCCCTCGGGTGCGGACGTCAACGTCCGCCGGGGCGGCGCGCATTTTCACCATACCACATCCGGCTCTTCATTCCGCTGCTGTTTTTTCTTTTGTCGGCTGTCCCGGCAGGCAGCGCCGCGGCGGCCGATTCCTACCAGGTAGGCTTCCGCACGCTGGGACAGTGGTCGGCGGACACCAATCTGCGCCTGGACGTCAATATCTGGTATCCCAGCCTCCGGCCCCCGCGCGAACTTAATTACGCGCCCTGGACCATTGCCGCCGCGCGTAACGGCAAGCCGGTGGAGGGGCGCTTTCCCCTGCTGCTCTTGTCCCACGCGTCGCCGGGCACGCGTTTTTCCTACCATGACACAGCCGCCTGGCTGGCTTCTTGCGGCTTTGTGGTGGCCGCGCCCACCCATTCCCAGGACTGCATGGACAATATGAGCCTGCTTTTCACCTGGCGGCAGCTGGAAACCAGGGCCAAAGAACTTTCGTCCACCATCGACCTTTTGCTGGCCGACCAGGAGCTTGCCGCCAGCATTGATAAAAACCGCATCGGCCTGCTGGGCTTCGGCACGGGGGGCACCGCCGCCCTGCTGCTGGGCGGGGCCCTGCCTGACTGCGCCTCCTGGCCGGAATACTGCGCAAAAGCCGGACGCCGGGATATGTATTGCAACCGTTGGGCAAGGGACCGGGTAAACGCCATCTGCCAAAGCCTGCCGCTGACGGAAAGCCTGGCCGATCCCCGGATCAAGGCCGTGGCCGCTGCCGCCCCCGGTTTCGGCATGCTGTTCAGCCCCGCGTCCTTTCGCTATTTTTACCCGCCGCTGCTGCTTATCGCCGCCGAAAGCGACGTCATGAACCGCCCTTCCCTGCACGCCGATACCATTGCCCGACTGCTGAACGGCAAGGCCCGCTATCTCAGTCTTCCGGGCGCGGATACCGGCGCGCTGATGTCTCCCTGCCCGGAGGCCCTGGCCGCTGAGCTGCCCGAACTCTGCCGCTCGGTGAGCCCGGAGGAGCGCCGGGCCATTCACCGGCACATGGATGACGCCCTCAGCGACTTTTTTCTTCATGTTCTGGGCAGCGGTAAAAATCTGCCCGTTA
NZ_CP014229.1_gap52	2682442	2683152	710	CGCCCACGGCGAAAATGCCCAGGAGGACGCAGAACAGCAGCATGGTGCCCACCGAGGGCAGGGTGCCGTAAAGGATCAGGCTGATGGTCATACAGAAAAAGGTCTCCGTGAGCACCGAGCCGCAGAGATGCACGGTGGCGCCCAGCGGCACCATGAATTCCACCATGGTCCGGCTGAGCACCGGCGAGCGGCGCGCGCACTCCAGGGCCACGGGCAGGGTGGCGGCGCTGGACATGGTGCCCACGGCGGTAAGATAGGCGGGCGTGTAATAGCGGAAGACCTGGGAGGGATTGCGGCCCGAAACGATCCCGGCGATGCCGTACAGCACGGTCAGCCAGATGAAATGGCCGAGGATCACCAGAGCCACCATGGTCACGAAAATGGGCAGATGCTTGGTCAGCGAGCCCTCATAGGCCAGGCCCATGAAGGAAAGGCCCACGAAAAAAGGCAGAATGGGGATCAGCACCCGCGTCACCAGCCAGGTCATGATCCGTTCCAGTTCGGCAAAGACCTTGCCCAGGGTTTCCGACTTGGTCCAGGCGATGGCCACGCCGAAGAACAGGGCCGTGACCAGGGCGCTCATGACGCTGAACAGCGGCGGAATGTCCAGGCGGAAGACCATTTCCGGCAGCTTGCGCAGGGTCTCCGTTTCCGTGGCGATGGACAGGTGCGGAATGACCAGGTAGCCCGAGCCCATGGAAAACAGGGCC
NZ_CP014229.1_gap53	2684195	2685121	926	AGAAAATCCTGCATCTTGCGCGCGGCCAGTTCCTGCCGGTGCAGGGGCAGATAGGCGCGCGAAAAATCGCCGGGCGCGCCGCCCACTTCGGCCGGGTCCTTTTCCATGTTCATCATCATCCGCAGCTTGGAATCAAAGCGCTGCACGCGCTGCAAATCCTGGCTGACGCCGGTGATCCGCCCGGCCAGATTGACGATCTGGCGGCGCTGCTCCTCAATGACCCGCTGGGCGTTGTTCAGATTCTCATCCAGATGACGCGCCTGAAGCCAGGCCCGCCAGAGCCAGACGTTGCAGGCGATCAAGGCCAGGATCAGCAGACCGGCCGTGAAGCCGAACCAGCCGCGCATCCGCAGATTGCGGCTGCCGCTGCGCCCTTCCTTGAAAATGACGATGTGGTATTTGCCGAGCAGCATGAAGCGGATAGTTTAGGGTGCGCTCCGGCCCCTGTCAATGCGCGGGCGGCAAATGATTTTCCGGGCCTGCCACGCGCGGAGGACGGCAAATCCTTTGCCCATGCGGCTGACTCCTCGATTCAAGAGATATCCGCCCCGCCGGGCATCTCTCCCCTTGCTGACAATGCGGCGGCAGACGTGTATGGTTCTTTTCGCGGCTTGCGTTGCAGCGCACCCGCAGCAAGGAGAAAACGCCCATGCCGGAGAATATCCCCACATCCCCCGCTTCTTCCGTTGCCGCCGCTCCCGGCGCTTCCAACGCCCCCGAAGACCCGGCGAAGCGGGCCCTGCAGGCTCTGTTGCCCGAATTCTACGCGGCCGTGGGTGAATTTGAAGACCTGAAGGCCGCGCCGGGTCTCAGCCCGGAGGCGGTGGCGGCTTTGGAGAAAAAGCTGGAATTCGGTTTTTCCATGGAACTCAGGGAACTGCTCACGCGCTGCGCCGCCGTTTCCATGGCGGGCCTGTCCGTGAAGG
NZ_CP014229.1_gap54	2724895	2726193	1298	CCCCATGCTTTCCTCGATGCGGATCAGATTATTCTGCTGCTGGGTGCGTTCGCCGGTCTGGGGCGCGCCGACCTTCATCAACCGCGCGCCCACGGCCAGGCCCAGTTCCGCCGTGGGGTCGTCGGGCGAGGTGGCCGCGCGCTGCGAGGGGATCACCTCCATGCCGTGGGCCACGGCATATCTGGCGGCATCCAGGGCCTCGCTGACGCTGCCGATCATATTGGGCTTGAAAATCATGGCCCCGGCCGCGTTGAGGGCCGCGCCCCCGGCCAGCCGCCGCACGCTGGTCACAAAGAGGTCGTCCCCGCAGATCAGGGTGGGCACGGCCGCGTTCAGCCGGGCGAAGCCTTCGAAATCGTCCTCATGCAGGGGGTCCTCCAGCATGAAGATGGGGAAGTCGCGCACCAGCTCCGTGAAATAGTCGATCATCTCCGTGGTGTCGAACCGCCCGAAATTCAGGTTGTAGCGCCCGCTTTCCGGATCGAAAAGATGGCTGGTGGCGCAGTCCAGGCTGAGCACGAAGCGGTCCGCATAGCCCGCCTCTTCCACGGCGGCCCAGAGCGTGGCCAACACCTCGCGCGGGTCCGCCGACGGCGCGCCGATGCCGCCCAGATGGCCGGGCCGGTAGGCCGCAGCGCCGTGGCGTTTCCTGATCACTTCCGGCAGGCGCTGCAAGACCTCCACGCCCATGCGCATGGCCTCGGCGAAACTTTTGGCGCCCGCCGGAGCCGCGTGAAATTCCTGGAAATCCGTGGGCGCCGCGGAATAAGGACCGCCGTTGATCATGTTGAAAAGCGGCAGGGGCAGGGTGTCGCACAGCGCGCCGCCGAGATACTGATACAGCGGCACTTCCCGATGCAGCGCGCCCAGCCGGGCCACGGCCAGAGACACGCTGCAGATGGTGTTGCCGCCCAGCGCGGACTTGTCCGGCGTACCGTCCAGCTCCAGCAGGGCCCGGTCCACGGCGCGCTGGTCCCGGCAGTCCAGACCCCGGAGCGCCGGAAGAATCCGCTCCTCCACCAGCCGGATGGGCCCCAGCACGCCCATGCCGCCGTAGCGCGGCCCGCCGTCCCGCACGACGGCAACCTCATGCGCGCCCGCCGAAATGCCGAAGGAGGCCGAGGCCCGGCCCAGGCGGCCGTCCTCGCTGAGCACATCCACTTCCAGTACCGGGCAGCCCTTGTTGTTGAGAACTTCCCGCGCCTTCATGCCGCTGATGCAGTAACTTTTCATGCTCTTTCCCGTCCGCCCGGCCGGATCGTCAGGCAATGTAGATGATGTTCAGATCGCAGAGATTG
NZ_CP014229.1_gap55	2727238	2730337	3099	GCTCAAGCTGTTTGACAATGACCAGGCCCCTGCTGATGCGGGCTCCCAGAATGCTTTCCAGGGCGCGGGCCATATGATTGCCCGCCTTGCCCGCGCCCACCACGAGCACGCGCCGGTAGTCGGCCAGGTTCCAGACGGTGTCGCCCACATGCAGGATGTCGCCCTCAAGCCGGACCAACGAGGGAATCAGCCGTTCCGAATTGAGCGCCGCCAGGGCGTGATTAGCCATCCGCAGCAGCGGGCCCCGCACCAGGGGATCGCCCGTGTTCTGAAGCATGGAAGTATTCTTGATGGGCAGCATGTCCTCTTCCTTGTCATCGGCCGGTTCGGGAGGGCGGGCTTGTCCCACCCTCCCGAACCGGTTTTACTTCTTGAGCATGTTCAGATTCCGGAGCACCAGAGTCATTTCCGCCTGCTGTTCCTTCAACTGCCGCATCCATGCCTCGCCGGCGGTGAAATCGGGCATGGCCCCCATGTTTTCAATGGCCTTGGCAAAGGCCGGGTCCTTGCTCATGTCCTCGGTGACGGCGGTGAGTTTGTCGATGATTTCCTTGGGCGTGCCCTTGGGAGCGGCTATGCCCGCCCAACCGAAATAATTGCCCTTGATGCCCAGATCCGCGAAGGTCGGCGCGTCCGGAAAGTCCTTGCTTTTGGCGCCGATGGCCAGAATCTTCAGTTTTCCGGCTCGGACCATGGGCGCATAGGTCTGGGGAAACATGAAATTCATGTCCGCATGGCCGCCCACCACCGCGTTGATGGTTTCCGCGCCGCTCTGGTATTCCACCTGCTTGAGCTGCGCGCCGGAAATGCTCTGCCAGTTGCGCATGGCAAAGGTCAGCCAGGCCGTGGCGCCGGGCGTGGCAAAGATATATTTGCCGGGATTTGTTTTGGCGTCCGCGCCGAATTCGTTGAGATCCTTCCAGGGCGCGTCGGCACGCACCACTACCGCGCAATTGGCGATCATGACCCGCGCGATGTAGGCGAAGCTGTCAAAGGTATAGCCCGCGCTGGCGGTCTGGGGCAGGATCAGCACCGGTCCGGCCTGGACCAGATAGAGCGTGTAGCCGTCCGGCCGGGCCTTGGCCGCGGCCAGGGTTCCGGCCAGCCCGCCGCCGCCCGCCTTGTTCACCACCACCACGGGCTGCCCCAGGCGCTGTTTGGCGAACTCGGCCCAGACTCTGGCCGTGAGGTCGCTGTCTCCGCCGGGCCCGTAAGGCACGATGAGCTGGATGGGTTTGACCGGATAACTGCCGGCCGTTGCCACGGACGGCAAAGCGGCTGGCAGAAGAGCGCCCAGAACGCACAGGGCCGTTCGCAGAGTCTTGAACATAGCGGTCTCCAGGGTTGAGGGTTGGAGCAGTTTAATTTTTACCGTCAATCTGCTCCGGGATCGAAACAGGCCGGGCCGGGGGGCTGATGCCGCCTTCAGCTCTGGGCCATTTTCGCGAACCTGGCGTTGCGCAGCCGCACATGGATCACGCTGGCTACGGACAGCGCCGTGAGGATCAGCAGGCCCAGGGCGATGGGCCGCTCCACGAAAATCAAAAAACTGCCGTCGGAAATGGTCATGCTCTGGTCAAAGGCGCGTTCCAGCAGCGGTCCGAGAATGAAACCGATGATCATGGCCCCGGCGCTGTAGCCGAAGCGGCGCATGCCGTAGCCCAGAACGCCGAAGCAGATCAGGCAGACCACGTCGAACAGGCTCTGGTTGATGGAGTACGCGCCCACCACGGCGAAGACCGTCACGCCCGAAAAAATCACATGCCTGGGCAACTGAATGATTCTGATCCAGACGTTGAAACCGGCTTTGGCAATGACATAGAGCAGGATGTCGCAGATGATCAGCGAGCCGAAAATGCCGTAAACCACCTCGGTATGCTCGAAAAAGATATTCGGCCCGGGCGACAGGCCCTGGATGAAAAATGCCCCCATGAGCACGGCCGTGACGTCGTCGCCGGGGATGCCCAGCGTCAGCATGGGGATCATGGCCGATCCGGTCACCGCGTTGTTGGCGGCCTCGGGGGCCAACACGCCTTCAACCATGCCTTTGCCGAACTTTTCCGGCGTCTTGGAAGTCCGCTGGGCCTCGGAATAGGCCATGTAGGCCGCCGGGGTCACGCCCAGGCCGGGCAGAGCCCCGATAATGGAACCGATGATGGACGAGCGGAACAACAACGGCAGATTGCGCCTGAATTCCGGCCAGGTCAGGCGTCCGTTTTCGCCGCGCAAATCGATTTTAGCCAGAACCTGCCGCCGGATGCCCGCGCGGGCCTGATGGATGACCTCCGGCAGACAGAGCAGCCCGATGACCATGGGGATCAGCGCGATGCCCGACACCAGTTCGTCATGCCCGAAGGTAAAACGGATGTCCCCGGTGGTGGCCGACACCCCCACCGTGGCCAGCAGCAGGCCGAACCCCGCGCAGCTCATGCCCTTGAGCAGGGAGCGCCCGGAAATGCTGCCCACCACGGTCAGGGCCAGCAGAATCAGGGTGAACTGCTCCACGGGGCCGATCTTCAGGGTCAGGTAGGAAAGGGGCGCGGCCACGCAGATCAGCAGGATGTTGCTGAAGGTATCCCCGAACACCGAACCGGTCAGGGCCGCGTTCAGCGCCTTGCCCGCCTTGCCCTGCCGCGCCAGGGGATAGCCGTCCATGGCCGTGCACACGGCGGGCGGCGCGCCCGGCGTATTCAGCAGAATGGCCGTGATGGAGCCGCCGAACATGCTGGCCTTGTAAATGCCGAGCAGCATGGGGATGCCCACCAGCGGGCTGACGTAAAAGGTCATGGGCAGCAGGATGGAAATGGCCATGATGCCCGAAATGCCGGGAATGGCCCCGAACATCAGGCCGGTGAAAATGCCCAGGGCTATGGCCCCGAGGGACTCGGGCGTCAGGACGGAAAGAAGTCCGGCGAGAATCTGCTCAATCATGCTGCCCCCTTGCCTGAAGGTTCACCCGCAACGCTTCCCTAATTCCAGAGTACCCCGACGGGGAGAATGATCTGCATGACGTGGAGCGCCAGATAATTCATGAGTACCGCGAACAAAACATAAACCACGCAGGCGAGCGCCACCCGCCGCAGGCCGAGCATCAGGGCG
NZ_CP014229.1_gap56	2739307	2741428	2121	CTCGGCCTGCTGCGCGCGCCCCTGACCGACGCCGTGGGCGGGCACTTCGGCCTGCTGGTCATGCACGCCCCCGTGCATCCGGCCTACTGGTGTTTCTACGTCGGCGCGTTCGTCGCCGGTCTGGCCTTTTTACTGCGCCTGCGCGCGGCCCCGCAGATCGCCGTTCTTTTCTCGGCTCTGGCCTTCGCGGCGGTCTGCGTCATTCCCAGCCCGCCCCTGGCGCGGCTCTTCCTGGTAATGATCGCCCTGGTGGCCCTGGTGGTCAGCGTCTACTCGCTGGGCTACATCCACGACCGGCGCAAGGGCTGGTACTGGTTTTTCCTGCTGCTGACCTTCGCCTCCCTGGCGGGCATCGTCTCCACGCCGGATACGGCGGCCATGTACGGCTACTGGGAACTGATGACCTTCGCTTCCTACTTCCTGGTAGTGCACGAGGGGCGGCGCACGGCCTATGAGGCCGGTCTCAAATATTACGTGATGTGCGCGGGCGGCGCGCTGTTCATGCTGCCGGGCCTGTTCATCCTCGGCGTTTTTTCCGCCGCGCCGCTGGCCGCCTTCCACTTCCCGTTCTGGTTCCAGACGGCCCTGGCGCTCTGCCTGGCGGGCTTCGGCGTCAAAGCCGGTCTGGTGCCCCTGCACTCCTGGCTGCCCGACGCCCACCCCGCCGCGCCCTCATCGGTGTCCGCGCCCCTGTCCGGCATCATCACCAAGATGGGCGTGTTCGGCATCGTCAGCGTGATTCTCATGGGCGTGGGTCAGGCCGCCGGCGAAATGCGCGGCCTGTTCGGCCTGTCCTGGTTCGGGACGGGCCTCAGCGCCATGGGCGTCGCCACCCTGGTCTACGGCGAGGTCATGGCCCTGCGCCAGGAAGACATCAAGCGCATGCTGGCCTACTCCACCCTGGGGCAGATCGGCGAAATCGCGCTGGTGCTGGGCCTGGGCACCTGGCTGGCCACGGCCGGGGCGCTCTGGCATGTGTTTAACCACGCCGTGATGAAAGACTTGCTCTTTCTGGGCGCGGGCGCGCTGATCATGCGCGCGGGCAGCCGCAATCTTGCCGACCTGCGCGGCCTGGGCCGTCAGATGCCCTGGACCGTGGCCTGTATGGCCGTGGGCCTGGTGAGCATCATGGGCCTGCCGCCCTTCGGCGCGTTCTACAGCAAATTCCTGATGATCCAGGCCGCGGTCAACGCCGGTCAGATCTGGCTGGCGGCCCTGATCCTGGCGGGCTCCCTGGTGGGAGCCGTATACTACACCCGCATTCTGAAAACCCTGATATTTGAAGAACGCCCGTCCCACCTGCCGCAGGTGGAAGAAGCCCCCTTCAGCATGCGCCTGGGCCTGCTGGTGCTGGCGGCCCTCAGTCTGCTGCTGGGCCTGGCCCCGCAACTGCCCATGCAGTTGGTTCTGCCCGTGGCCTCGCTCTGCTACGAGCCCACATCGGCCGCCCCGCAGATCATGCTGGCCATGAACGTGTTCTGGCCCGTCTATGTGGTGGTGCCGGTCTTCGGTGCGGTGCTGCCCGCCCTGTTCGCCGGTTGGCGCAGGATGGCCGGCTGGACCAGCGTGGGCGTGCTGCTGCTCACGGCCCTGCTGGTGCTGCTCTTCGGGCGCGATCTGGATATGCTCTCCTTCTGCTTTGCCCTGATCGTGCCCCTGATCGGCGCGGTGAACATGGCCTACGCCGTGGGCTACATGGAGCACAGCCACAGCCAGTGGCGTTTCTACTGCGCCTTTACCTGCATGTGCGGCGGCCTCGTGGGCATGGCGGCCAGCCAGTACCTGCTGAGCTTCTTCCTGTTCTGGGAAATCATGAGCTCCTGGACCCTGTACATGGCTATCGCCCACGAGGGCGACAAGGCCTCGTTACGGGAAGCCTTCAAGTACTTTCTCTTCAACCTTCTGGGCGCAGGCTTCCTCTTTGTGGGCCTCTGCGTGCTCGGGCCCTTCACGCCATTCAACGCCGGCCTGCTGGCCGGGCTTGTGCCCGACCTGCCCGCGGGCGCGGCCTGGCTGGGCATGGCCCTGCTGGCCGTGGGCTTTGTGATGAAGGCCGCCCAGCTGCCCTTCCGCATTGACTGGCAGATGCACCCGGCCCTGGCCCCCACGCCGGTGTCCGGC
NZ_CP014229.1_gap57	2810953	2813923	2970	GAACAGGTGACCTACACCCGCTTTGCCCAGAACGTGCAGCGGCTGCTGCCCTTCCACACCCTGTCGGGCCGCCAGCACTTCTATCTGGACCACCAGTGGATGCGCGGCCTGGGCGAAAGCCTGCCCGTGTTCCGCCCGCCCCTGCCCCTGGCAACCCTGGGCGAGGTGACCGGGGACGCCGTTCCCCGCAAGGACACGGACCTGGTGCTCAACCTGCTGACCCCGCACAGCAAGTGGTCCATTCACTCCACCTACTCAGACAACCTGATCATGCGCACGCTCTCGCGCGGCGGCGGCGAAATCTGGCTCAACGACGAGGACGCCGCCCAGGCGGGCATTGCGGACAACGAATGGCTGGAATGTTTCAACGCCAACGGCGTGTTCATGGGCCGGGCCCTGGTGAGCTACCGCATCCCCAAGGGCCGGGCCTTCATCTACCACGCCCAGGAACGTCACGTGGACACGCCGCTTTCGCCCCTTTCGGGCCAGCGCGGCGGCACGCACAACAGCCTGACGCGCCCCTTCATCAAGCCCACGCAGATGATCGGCGGCTACGGCCAGCTCAGCTATTCCTTCAACTACTACGGACCCACGGGTTGCCAGCGCGATGAATACATCGTGGTGCGCAAGGCCGGGGAGGTGATATTCCATGAAGATTAAAGCGCAGATGAGCATGGTGCTCAACCTGGACAAGTGTCTGGGTTGCCACACCTGCAGCATCCCCTGCAAGAATGCCTGGACCACGGATCCGGGCAGCGAATATATGTGGTTCAACAATGTGGAAACCAAGCCCGGCATCGGCTATCCCCGCCTGTGGGAAAACCAGGACATCCACAAGGGCGGCTGGGAAGTGGAGAACGGCAAACTCCGCCTCAGGGCCGGAGGCAAGCTGCGCAAGGCCGCGCAGATTTTCGGCAATCCGAACCTTCCGGGCATGGATCAGTATTACGAGCCCTGGAACTACGACTACCAGAACCTGACCACCTCCCCGGAGCAGAAGCATCAGCCCATAGCCCGGGCCTATTCCAGCGTCACGGGCCGTCCCATGACCCCGCAGGCCGGCCCCAACTGGGACGACGACCTGGCCGGAACCCAGGTCACCGGCCTGGACGACCCCGATTTCGCGGGCCTGGACGCCCAGGCCCTGCTGCAATTCCAGCGGGTGTTCATGCTGCATCTGCCGCGCCTGTGCGAGCACTGCCTGAACCCGGCCTGCGTGGCCTCCTGCCCTTCTGGAGCCATTTATAAGCGGGACGAGGACGGCATTGTGCTCACGGACCAGACGCGCTGCCGCTCCTGGCGCTTCTGCATGTCCGGCTGCCCATACAAAAAGGTGTATTTCAACTGGAAAAACCACCACTCCCAGAAGTGCATTTTCTGTTATCCCCGCGTGGAATCGGGTCAGCCCACACTCTGCGCGCAGTCCTGCACCGGGCGCATCCGCTACATCGGCGTCATGCTCTACGATGCCGACGCCGTGCATGAGCTGGCCGCCACGCCCGACCCGGCCGCCCTCTATGAGGCGCAGTTGCGGGTCTTTCTCGACCCCCGCGACCCCGCCGTCATCCGGCAGGCGGAAAAGGACGGCATCCCCCATCAGTTCCTCACGGCGGCCCGGAACTCGCCCGTATACACGCTGATCAGCGACTGGAAACTGGCGCTGCCCCTGCATCCGGAATTCCGCACCATGCCCATGGTCTGGTACATTCCGCCCGCCAGCCCGCTCACCAATGAGACGGACATCGACATTGACACGCAGCTGGACGCCATGCGCATCCCCGTGCGCTATCTGGCAAATCTCTTCACCGTCGGCCGGGAAGAGCCGGTGCGGGACGCCCTGCGCAAGATTCTGGCCCTGCGCCGCTTCATGCGGGAGAAGACCTTCAGCGGCCCGGACGCGGCCCAGGCTCTGGAAACGGCGGGCATGACCCCGGAAAGCGCCGCCGCCATGTACCGCCTGCTGGCCGTGGCCCGCTATGAGGACCGTTTCGTCATTCCCACGGTACGGCGCGAAGACGCCCCCGGCGAGGATGTGGAAGCCCTCAAGGGCCATACCGGCTACCCGGACCGCGACCCCGTGGCTCCGGAGTTCAAGGGGGTGCACGCATGACCCGCGCCGAAACCTTCTTGTGGGCGGCGCAGCTTCTGCGCTACCCGGACGAGGAGCTGGCCGCCCTGGCGCGCGAGGCGCGCCGGGAGCCCGCGCCCGCCTGGGCCGTCGCCTTTCTGGACCATGCGGCGGCCACGCCGCTGCTGGATCTGCAGGCGGCCTTCGTGCAGACCTTTGATCTCAACCGCGCCGCCTGCCTGTATCTGACCACGCACGCCTACGGCGACTCCCCCTTGCAGGGGCGCGCCCTGGCCGCGCTGACGGAACTGTACCGCGACAGCGGGTGCACGCCTTCCGGCGGGGAACTGCCGGACTATCTGCCGCTGGTGTTGGAATTCCTGGCAATGTCTCCGGCCTGGGCCGCCGCCTGCCTGTGCGAAAAATTCGCCACGGCGGCACAGGGCATCGCCGCGCATCTCGCGGCGGAAAACAGCCCCTGGGCGCCCATGCTGCGCGCCGCCGCCGACGCCATGCGGGAGTGCGCTCCCGACGCCGACCCCGATCCCGCGTCCCCCGACGACCATCCCGCAATCCGGGGCGGCAGCCGTGCGGCGCGGAACATTTCCCCCCGGGAGGTATGCATATGACTCCGCTCATGAAGCTGTTCATCGCCGCTTTCGCGGTGTACCCCTATATCTGTCTGACCCTGCTGACCGGCGGCCTGCTGCTGCGCTACACCTACGCCCAGGAAGAGTGGAACGCCCGTTCCAGCCAGTTCCTGGAAAGCCGGATGCTGCGTTGCGGCAGTCTCATCTTCCACATCGGCATCCTGCTCTCTCTGGGCGGGCATATCGTGGGCCTGGTGCTGCCGCCCGAAGCCCTGCGCGCCGTGGGCGTCTCCGCCCAGGCCCACGCCCAAA
NZ_CP014229.1_gap58	2875240	2875998	758	GGGCTCGTTCTTGAGCATATGGATGCCGCGCATATAGGCGCGCAGGAAGCCGGTGATGACTTCCGGATGGGCGTCGGCATACTTTTTGTCTGCCTGGATCACAATGGGCAGGGTCTGGCCGCAATTCTTGATGTTGCCCGCCAGCCTCCAGCCCTTGGCTTCGCCTACGTAGAGGTGCGGCGCCCAGAGGGCCACGCCGTCGCCGGTGCCGTTTTCAAACGCGCCCAAGGCCTGGGGCTGATCCATGTTCTTGATGACCACGTCCTTGTCCGTGAGGCCCAGCACCTTGAGCCAGGAGGAAAGGGCCATGTGCGGCGAGGACATGGTGGTGCAGAGGAAGGTCTTGCCGCGCACGGTTTCCGGGCTGCCCAATACGTCGGGGAAGTCCTTGTTCCAGCCCTTGACCTTGGCGATGGGGCTGTCCGGGCGGACCAGCACGCCGTTGGTGTAGGATTCGTCATTGCCGATGGCGATCACATAGGTGTCGTAGCGCAGGCCGCCCCAGACGCCGGGCACCGCGCCGTTGCCCGCCACCACCCAGGAACCGGAGGGCGTGGCGTTGACGATGTCCATACCGGAATTGAAATAATTGACTTCGAAATCCAGGCCTTCTTCCTTGTCCCAGCCGCGTTCATGGGCCAGCCAGGCGGCGAAGGTTTCGTTTTCGTTCATCCAGCCCATGGGAACCTTGACCAATTCCTTGGCCTGCAACACGGGCGCGGCGGCCAGGAAAAGCACGGCCGCGAGGGCCGGACCCA
NZ_CP014229.1_gap59	3006954	3011012	4058	TCTTCGCCTGCCGCCCCTGCGACGCGCGCGGTTTTTCCGTGCTGGACCGGCCCTACCTGCAAGGTCCTTTTGCCGATCCCTATTACAAGGCCCGGCGCGAGGCGCTCACGGTGGTCACCATCACCTGCGCCTCCGGCTGCAATACCTGTTTCTGCCACTGGGTGGGCGGCGGTCCTTCCTCCCCCGAGGGGTCGGATGTGCTGATGACCGAGATTGAAGGCGGCTACGTGCTTCAGGCCGTGACGCCCAAGGGCGAGGAACTGCTGGCCGCCTCGGATCTGCCCGACGGCGCGGAACAGTTCCCCCTGGCCGAGGCCGCGCGCAAAGCCGCCTGGGCCACCTTGGAGCCCGCGCCCAATATCAAGGGCGCGCCGGAAAAATTGGCGGCCCTGTTCACCGATACGGAGTTCTGGCAGAGCCAGACCGACCGCTGCCTGTCCTGTGGGGCCTGCACCTACTTCTGCCCCACCTGCTATTGCTTCAGCATCACGGACGAAGGCGAAGGCCTGAGCGAAAAGGGCGGACGCCGCCTGCGCAGCTGGGACAACTGCATGTCCTCGCTGTTCACCCGCGAGGCCAGCGGCCACAACCCGCGCATGCTCAAAGCCTTTCGCATGCGCAACCGCGTGTCGCACAAGTTCTCCACCTATCCTGAAAACTGGGGGGCATTCTCCTGCAACGGCTGCGGCCGCTGCATCAGCAACTGCCCTGTTTGCCTGGACATCCGCGCCATAGTGCTCGCCGCGCTCAACGCAGACCAGGCTACCGCCGAGTAGAGGAGCTGACGCATGGCTACCAAGAAAACTTCCGGCAAAGCCAAAACCGCATCCAAGACGGCCGCCAAGGCCGCTCCCAAAACCGCGCCCAAGGAAGCTGCCAAGGCCGCCGCGCCCAAGAAAGACGCGCCCCCGAAGCCCCGGCCCGCCGAAGTGCCCGCGTCCGCCCGGCCGGTCTCTCCGGCCGTGCGCCCGGAGGCGGACCTTGTGGCGCATGAGGAGCACCCCCCTGTGGTGAGGGAAGAGGGCGAACTGGCCGTCAAGGAAAGCGCCGTCCCCGCCGTGGAAACGCCCGCCGAGGTCCCGGCTCCCGAAGCCGCCCCCGCGCCCAAGGCTGAGTCCAAGGCCAAGACGGCCCCCAAAACCGCCCCTAAAGCCCCCGCGGGCGGCAAGGGCATGCTGCGGGAGATCTCGCCCCGGCCCAAGCCCCAGGGCAATCCTTATAAACCCATGCCCGCCACCGTGGCCGAAGTCATCCAGGAAACCGGCAATATCAAGACCCTGCGCGTGGTCCTGGACGATCCCGAAGCCATGGAGTCCTTCACCCACGAGCCGGGCCAGGTAGGCCAACTCTCGGTGTTCGGCGCGGGCGAATCCACGTTCGTCATCAACTCCCCGCCGTCACGGAAGGATTATCTGCAATTCTCGGTCATGCAGGCCGGTGAAGTGACCGCCGCCATCCACCGCCTGTCGCCCGGCGACAAGGTGGGCGTGCGCGCCCCGCTGGGCAACTTCTTCCCCTACAACGACTGGAAGGGCAAGGACATCTTCTTCGTGGGCGGCGGCATCGGCATGGCACCCATCCGCACCATCATGCTGCATCTGCTGGAACACAAGGCGGACTACGGCAAGATCAGCCTGCTCTACGGCGCGCGCTCGCCCCGCGACATGGCCTTCAGCTATGAGCTGGAAGACTGGCTGCGGCGTCCCGACCTGGACTGCACCCTGTGCATCGACGCCCCCTTTGAAGGCTGGGAGCACAAGGTGGGCCTGATCCCCAATGTGCTTTTGGAACTGAATCCCGACCCGGCCAACTGCGTGGCCGTGCTCTGCGGGCCGCCGATCATGATCAAGTTCACGGTGCAGGCTCTGCAAAAGCTGAACTTCGCGCCGGAGAACATTGTCACCACCCTGGAAAAACGCATGAAATGCGGCATCGGCATCTGCGGGCGCTGCAATATCGGCGGCCGCTACGTCTGTGTGGACGGGCCGGTGTTTACCTGGAAGGAATTGCAGGAGCTGCCCCCGGAGCTTTAGGGAAACACGTCTGAAAAGCTGGCAACAGATCAAAAAATCCCATAGGTTTCACGTCTTCCCACGGCCGCCGGAGATTTTCCGGCGGCCGTTTTATATCGCCTGTTGACAGATGCGGGCTCGTGGGTAATGGAAGAAAAGTCACAACGTTCCATCCAAGGGAGAAAGAATGAAAAAACTGTTTATCCTCTGCTGCCTTATGCTGACCCTGCCCGCAGGAGCCCAGGCGGCGGACGAAAAAATCGACCCGTCCAATTTCATCTGCGCTGAACTGGTGGCCATTTCCAGCACGTCCGGCCAGCCGCCGCTGTTCGAAGGGCTGCAGATCGACGGCTATGCCGCCGCCGCGCAGGGCAAGGCCGTGGCCGATCCGGACATCATGGCTCCGCTGCTGGAGCAGGTCTATGCGGCCTGCCAGGCCAAGCCCACTGAAAAGGTGGTCACTCTCTGGCAGGAGGCCCGCAAGAACCAGCCTGTGGCAGCCGACGGCCCCTGGCGGGCGGACAAAACGACCTGCAAAGACTATAAGGCCAATGAAGACGACGGCAGCGGCTTTGTGATCTGGCTGGACGGCTACAACCGCCAGAAGAGCGGCAAGCCCGGCTCGGTGCTGGAAAGCGACGACACGCTCAAGGCGTATCTGGATGCCTGCTCCAAAAAGCCTGAGGCGCTGATGCTCGACGTCATGCGTGAAAGCGTCAAATAAATCCTTCCCAAGTCTGACCATGCCGAAGGCCGCGACCGCAGCGGGAGACGCAACACGCTCTCTCCCCCGGCCGCGGCCTTCGCAGCATCCAGTGCCTCATTTGAAAAATCCGACACGCAAAACCCGTAAGGCTTTACGGCGGAGTAAGCATGCCTTTGACTTTGAAATGCATAACATCAAAGTTGACCTGTTCTAAAGCTGTGACGCTGCTCTCGCGGCCGCCGTGCATTTGCCCATTTTCAATGTGAAAATGTCTGAAGGGGGAAATATGCGGAACATCCCGGCGCTGTGCGCCTTCCTGCTCTGCCTGCCGCTGACGGCATGGCCGCAAAGCACGCCGCCTGACGCCGCCGGACGGGAAGTTTTCACGGATTCGGCCTCAGTCATGTGCGCGGCCTGGGCCGAGCCCGCGCTTAAGCCGGGCGGCGAAAGAATGCGCCGTCTCCTGGAGGCGTTGGAGCTGGACGCCTATGTCAGCGCCCGGCACGGCGGCACGGGTTTCAACCCGCGCGATCTGGACGCCCTGCTGGCCCGCGTGGAACGGATCTGCGCCGCACATCCCGAGCGCGGGTTGGCCGAAGTCTGGCGAGAACAGAAAAAAACCTGGCATCGCGGCCCCTGGAAAACAACCATGACCCGTTGCCGGGATATCCTGGCTGCGGGCGATCATAATGAGGACGCCTTCTTTTTCGGCATCTGGCTTTACGCCTATGATCAGGCCAGGGACGGCAGCAACATCGGGGAAGCCCTGCGGGACATACCCGCCGGAGCGGCTGAACTGGTCTGGAAGGAATGCGCGCACACGCCCGACGCGCCGCTTCTGGACGTGCTGCGGCGCATGCAGGGAAAATGACCCGGTTTATGGGAGATTTCGGGAGCCGCTCAGAGCAGGGTCATATAGATGGGAATGGTCAGAGCCGAAAGCAGCGTGGACAGGGAAACCATCAACGCGCCGAATTCCGGGTCCGTGCGGTAGTAGGCGCTGAGGATGGCCGCCTGCATCAGCACCGGCAGCGAGGCCTGCATGATGAAGACCTTGCCCATAAGTTCCGGTATGGGAAAAAGAGGCACGAGCAAGAGCACCACCAGAGGGCTGACCACCAGGCGGCCGACCAGGGCCAGAACCAGGTCCCGGTCGAGCTTGAGGCGGCGCAGATCCATGGTTTGCAGGGTGACGCCGATGAACAGCAGAGCCAGGGGCGTGGTCAGATTGCCCAGATATTTGGCCGCATCCAGCAGAAAACGCGGCAGATCCACCTTGAACATCACCAAGGCCAGGCCGGTCAGAAAACCCAGCATGGGCGGTGAAAAAATGTGTCGGA
NZ_CP014229.1_gap60	3013254	3014478	1224	CGCCGGTGCCGAAGGCCGCGAAGACCTTGGCCAGCACGTTGCCCGTGAGGGTGTCGCAGACGCAAACGTCCACCGCGCCGGCCAGGATGTCATTGCCGCGCAGCAACGCGCCGCCGTCCTTGCGCACGCTTTGACCGAAACGCACGGCATAGCCCTTTTCGGCCATACGGCTGAGGGCGCGCATAACCTGAGGCGCGGCATCCAGATTGAGTACGCCCAGGCCGGGATCGGCAATGCCCATGGCCTTGGCCGTCGCCAAGCCGTACACCGCGTTGCGCAGCATGGCGCAGGCCCGCTGCGGCGCGCTGATGCCCGTGGTGGAAGCCAGGATCATGGCCCTGCCCCTGGCCGGAGTGAATGCCCGGCCCATGGTGGTCACGCCCACCGGGAAGGGATAGTGCAGGGCCACCGCGCCTTCCAGAGCGTCGGCGCCTTTGGAATCAAGAGCCTTTTCCATGGCCGCCGCAATGTCGGCCTCACAGTCGGGCGTTTCGATCCAGTCCATGCCCTCGGGCAGCGGGGCGTCCGGCCGGGGGCCCAGGCCTACCACCTGAAGGCGGCTGTCCCGGCGCATGGCCGTGCCCGCGCCCAGCAGGAACTCTTCCACCGGCAGCTCACTGCCCGCGGCCATCAGCCCGATGCGATTGCGCGGACCGCCGCTGCGCGCCGTGGCCACCAGCTCCGCCAGGGCGTTGCCGATGAGCGCGCGTTTGCTTTCGTTTACTTCCGCCATGGCAGACCTCAGTTTTTCTGAAGGTTGGCGGCCAGATCGGCAAGCGCGTCCAGCAGCAGTTCGCGCACTTCGTCCTTGGTGACGCCCGCGCCCGTCGCGCCTCCGGTTTCGGAAGGCGCTTCGATCAGGAAGGACGCGCCGTCGGCCAGATTGGTCAGGCGGCCCAGGAACAGGCTGCCCTTGCCGATGATCATGGCGCGCTTGATGCTTCCGGCCTTGATGGCGTCGCGGGCATGGCCCATGTAGGGCACGCCCGAGGGGATGTGCCCCTGGGTGTGCACGAAACCGGGAATGCCGTGCTCGGCCACGAATTGCGGAATCTCCTCACGCTTGAGCTGGCCTTTCATGACCGAAAGGGCCGCGATCATCTTGAAGTTGGCCTCGGGCACATTGCCCGCCCCGGCGGGCAGGGTGATTTCCGCGTTGTGCAGTTCGGGAGCGTACTTGTCCACATCCGTGAGCTTGAGGCCCAGGCGGGTCAGCGGCTCAAA
NZ_CP014229.1_gap61	3139992	3144146	4154	CGCCGGGCTGCCCACTGGACGGTCCTTCCGTAAAAAGGTCCGGGGCAGCAGCGTCCGGGGCTTCGCCCTCCAGAGCCGCCGTGAACGACGTGACCAGGGCGCCCTGCACCGCGTGCAGGCAGGCGGAAAAGACCGCCGATTCATCCCGGAAGCGCACTTCGGACTTGGCCGGGTGCACGTTGACGTCCACCTCGCACGGGTCCATGTCCACAAAAAGCGCCACCTGCGGATAGTCGCGGCTGGTCAGACGGCCTTTGTAAGCCTCGCGCACGGCTGCCAGCAGACGTTTGTCCAACACCGAACGGTTGTTGACAAAGAGCAGGATGCGGTCCCCGCGCGGCTGGCTCACCGTGGGCAGGGCCGCCAGGCCGTGCACGCGGATGCCGTGGCGCTCCCCCTCAAAGGGACGCAGAGCCTCCACGATCAAGCGGGGCCAGAGCAGGGCCAGGCGGTCGCGCAAGGTCTGGCCGGGCAGAAAGCGCAGAGCCTCGCGATCGCCGGAATGCAGACTGAAGCCCACTTCCGCCCGGGCCAGGGCCAGGCGCGCCAGCCAGTCCTGGGCGCGTTTGAATTCCGTGGCCGGGGTCTTTAAAAATTTAAGGCGGGCGGGTATATTGGAAAAAAGATCGCGCACCTCCACGATGGTGCCCTTGTGCAGCGCCGCCGGGCTTGACGCCAGAAGGCGGCCGTGCTCCACTTCCACGCAATGGGCCGCGCTTTGGTTGCCCGGCCCCTGCCAGGCGGACACGATGCGGAAGCGCGAGACCGAAGCGATGCTCGGCAGGGCCTCGCCCCGGAAGCCATAGGAACGGATGCGCTCCAGGTCGTCCATGCTGGCGATCTTGCTGGTGGCATGGCGCGTGACGGAAAGCTCCAGCTCATCGGCGGGAATGCCGCAGCCGTCGTCCTGCACGCGGATCAGGGCCTGACCGCCGTTGTCCAGGCGCACGTCGATACGCGCGGCCCCGGCGTCCAGACTGTTTTCCACCAGTTCTTTGAGCACGCTGGCCGGGCGTTCCACCACTTCACCGGCCGCGATCTGATTGCGCAACTCAGGCGGTAATAAACGGATATGACGCATTTTTTCAGACATGGAACCAGTGTAGTCGGCTCACTCCCGCAAGGCAAGCGCCCGCGCCCTTGCCTTGCGGCGCGTCGTGCTTATTTTGAGAGAGGCAGGCAAAAACTGCGCCAAGCCATGCGCTCCCCGGCGCGCGCCGCCTGCCGGGAGAAAAATATGCACAATACGACCACAGCCATCACAACTTCCGCGCCCGGACCATTGGCCCTCAAGGGCTACGACCCCGAACTCCTCTATGTGGAATGCGGCCGCTGCGGCTCGCCCGTCATGTGGGAACAGGGCCGGGCCAGCCGCATTCTGGAACAGGCGGGCATCGACCCTCTGGAACTGGATGCCTCCTGTCTGCTGGTCACGGACGGCTGCCCCATGTGCGGCAGCAAGGGCCAGTACACGGTCCAGATTTTCCGGGTCAGCGCCGGATCGGAAACACGCCGTCCCCCGTATTACGGCACGGCCTAGAGTGGTTTCACTTTGAAATTGCCCTAATCTGTTCCAGACACGCCCGTTGCCGAAAACGCAAAAGGCCGCCGGAATTCCGGCGGCCTTTTGCGTTGCAGACGCATTGCCTTTTGCGGAGGCGCCCTGACGGGCTAAGCGTATTTTTTACTGATCTCTTCCCCGGCCTTTTCCACGTCGGCGCGCATTTTCGCGCGTGCCGCCTCGATTTTCCCATGCAGCGCGGGATCGGCCACGGCCAGGATCTGGGCGGCCAGCCAGGCCGCGTTGCGCGCCCCGGCCTTGTCCAGGGCCACCGTAGCCACCGGGAAGCCGGGAGGCATCTGCACGGTGGAGAAAAGCGCGTCCATGCCGGCCAGGCTGCCGCCGGACACCGGGATGCCGATCACCGGCCTGCTGGTGCGCGCGGCCACGGCCCCGGCCAGGTGCGCGGCCATGCCCGCAGCGCAGATAAAGACCCGCGCGCCTTTGGCTTCCTCGTCGCGTACCAGGGCTTCAGTGCGCTCCGGCGTCCGGTGGGCCGAACTCACGGTAAACACATAGTCAATGCCCAGGCTTTTCAGCACGTCCACGCAGGGGCTGACTTTTTCCTCGTCGGACTTGGACCCCATCAAAATAACAACATGCGCCATGATACCATCCTGTTTGCTTCAGACATTGCGCCACCGGGGAAAGCGGCCTGAATCTCAACGGTCTTTTTCGCTTTCCAGGCGGCGGATTCCCTTGTCGCCGATGTCCGTGCGGTAAAAGCCCTCCGGCATCTGAATCTTTTCCAAGGCCGCATAGGCGGCCTTCTGGGCCGCGGGCAGATCGTCGCCCAGAGCCGTGACGCAGAGCACGCGCCCGCCGCTGGAAATCAGCACCTGATCCTTGACGGCCGTGCCGCTGTGGAAAACCTTGACGCCCGGCAGGGCCTCGGCCTCCTCGATGCCCTTGATGACCAGGCCCTTGGGATAGGCGCGCGGGTAGCCTTTGGCGGTGAGCACCACGCCCAGAGCGGTCTGCGCGCTGTAACCGAGGCTGGCCGGGTCCAGTCCGCCGTTGACGCAGTCCAGCATGACCTGGGCCAGATCGCCCTCCAGTCGCGCCAGCAGGGGCTGGCACTCGGGATCGCCGAAGCGGACGTTATACTCCAGCACCTTGGGCCCGTCGGCGGTGAGCATCAGGCCCGCGTAGAGCACGCCCACAAAGGGATGGCCGTCCTTGGCCAGCTCTCTGAGAATGGGCCGGATGGTCAGATCGGCCATTTCCTCCAGCCGGTCGTCGGGCAGTACCGGCGCGGGACTGTACGCCCCCATGCCGCCGGTATTGGGGCCCTGGTCATTGTTCCAGGCGGCTTTGTGGTCCTGGGCGGAGGGCAGGGGCACGGCCCGCTCGCCGTCGCAGAAACAGAGGAAGGAGGCTTCCTCGCCCACCAGGCATTCCTCCAGTACCACGCGGTCGCCCGACGCGCCGAAGGCCCTGGCTTCCATGATGTCGCTCACAGCCTGCAGGGCTTCCTGCGAATCGCGGGCCACCACCACGCCCTTGCCGGCGGCCAGGCCGTCGGCCTTGATCACCAGGGGCGCGCCCACTTTGACCACATGGTTTTTGGCGATTTCCGGATCGCTGAACACCGCACAGCGGGCCGTGGGCACCTGTGCCCGGTCCATGATCTCCTTGGCAAAGGCCTTGCTGCCCTCAAGCCGCGCGCAATAGGCGTCCGGACCGAAACAGGCGATGCCCGCCTCGCGCATGCGGTCCACAATGCCCAGGGTCAGCGGCAGTTCGGGGCCGGGCACCACCAGATCGATCTTTTCCCGGCGGGCCAGATCCACCAGTGCGTCCAGGTCGTCGGCGGTCACCGGCACATTGATCGCGCCCGCGCCGCTGGTGCCTCCGTTGCCGGGAGCCACAAAAATTTCACTGACCCTCGGGCTCTGGCGAAATTTCCAGACCAGGGCATGCTCGCGCCCGCCGGAACCGATCACAAGGATGCGCACCTTGGCCTCCTTTGGCTGATAATGGAGAAAATAAAGGGATAAAAAACGGCCCCCCGCCCGGCGGGCAGGGGGCCGGATTGCCGCACGTTAGTTGGGGTTCACTTCAAAGTCGCTGAGATCCGCGGGCACGTTGGGATCGGTCTGGGACACGTCCAGCGGGTAGGCGGTGATCATGCTCTGACGACTGCCGATGCCCAGATCCGGCGAGGTGTTCAGGCCCACTACCAGATCCAGGATGCCGTCGTTGTTCACGTCGGCCAGGTCGATTTCAGCCACGGAGCCCCGGATGCGCCGGGTCTTCCACTTCAGGCCCAGGCCCACGCCGTCCCAGTACAGGGCGTGGATTTCGCCCTGGGGGAAGAAGCGATAGCGGTCAAAGAGCTGGGAAGCCGTGGAAATGGGCTTGTTCAGCAGCAGCACGTATTCGCCGGTACGGCCCAGGTCCGCCGCGATCATGCGCATGGGCGCGTAGTATTTGCTGGGCAGCTGGTAGTTGCGGTCGATGCCCAGGCCGGGCATGCCCTTGTAGTGGTCCATGCCCGCGGCGGAACCGGAAAAGCGCTCCATGGTGGTGTGGATCAGGGTATTGCCGTTGCCCTGGAAGACCTTGATGCGCTCGTCGTCCGTGAGCATGA
NZ_CP014229.1_gap62	3162782	3164985	2203	CGGCGCTGACATGGATGACCTTGGCCTGGATTTCCTGGCCTTCCTTGTAGATTTCCGCCGGGGTCTTGACTTTCTTGCCGGACAGTTCGGAGACATGCACCAAACCTTCGATGCCCTCTTCAACTTCCACAAAGAGGCCGAAGTCGGTGATGTTGGTCACCACGCCCTTGATGGTGCAGCCCACGGGATAGGTATCCGGCACATGGCCCCAGGGATCGTCCACCAGCTGCTTGACGCCCAAGGTGAACTTCTCGTTCTCCTGGTCCACGGTGAGCACCTTGGCCTGCACGGTGTCGCCCACCTTGTACAGCTCGTTGGGATGGCGCACCTTCTTGGTCCAGGAAATGTCGGACACGTGGATAAGGCCGTCGATGCCGTCCTCAATGCCGATGAACATGCCGAATTCGGTAATGTTCTTGATGACGCCCTCAAGGACGGTACCTTCAGGATATCTCTCGGCCACCAGTTCCCAGGGATTGGGACGGACCTGCTTCATACCCAGGCTGATGCGCTTCTTTTCGCCGTCCACGCCCAAGATGACCACTTCCACTTCGTCGCCGGTGTGGACCATCTGGGAGGGATGACGCAGCTTGCGCGTCCAGGACATTTCGGAGATGTGCACCAAGCCTTCCACGCCGGGCTCCAGCTCCACAAACGCGCCGTAGTCCACCAGGTTGGTGACCTTGCCGGTGCACTTGGCGCCTTCGGGGAAGCGGGCGGAGATATCCTGCCAGGGATCGGGCACGAGCTGCTTGAGGCCCAAGGAAACCTTGTTGTTCTCACGGTCGAAGGAAAGCACCTTGAGGGTCAGCTCCTGGCCCATGGTGATCATTTCCTTGGGATGGCGGATGCGCTTCCAGCTCATGTCCGTGATGTGCAGCAGGCCGTCCAGGCCGCCCAGGTCCACAAACACGCCGTACTCGGTGATGTTCTTGGCCTTGCCCTGGACGATCTGGCCTTCCTCCAGGGTGCGCAGCAGATCCTGACGCTTGGAATCGCGCTCCTCTTCCAGCAGCACGCGGCGGGAAACAATGACGTTGCTGCGGCGGCGGTTGATCTTGAGCACGCGGAATTCAAATTCCTGGTTGACCAGAGCGTCCATATCCGGCACGGGACGCAGATCCACATGCGAACCGGGCAAAAACGCCTCCACCCCGCCGATGTCCACCGTGTAGCCGCCCTTGATGCGACGCACGATATGGCCCTTGATGACCCTGTTATTTTCCTGCACGTCCTCGAGCTGGTCGAAGACCTGCATGCGTTTGGCCTTTTCAAAGGAAAGGGTGATGGTGCCGTCCATTTCGTTCTTGCGCACCACATAAACGTCCACCCTGTCGCCCACGCTGACGGCCATGTTGCCCGCGGCGTCACGGAATTCAGCCGCGGGGATCTGCCCCTCGGACTTGAAATTCACGTCCACCAGCACATTGTCGTCATCCACACGGACGATCTCGCCTTTGGTAATGGAGCCTTCTTCAAGGTCGCCGAAATCGGGATTGAGATAGTTTTCGAGGGCGCTTTCGAAATTAATTTCGTCGTGCCCGGTTTCCTTGTCTGCCATCTGCCATGCCTCCAAATAATTTCCCCTCGCTGAGAGAGTGGGAAAAATTATCAGAGGCAAAGGAAAAGCACAAGAGAAATTGTCCGGCGCAAGGTTTTACGGCCAAGGAGAGAGACGGAAAAATGCGAAGCAGGGTCGGGTTTGCCAGGCCGCGAGCCAGAGCAGGCCCGGCTCAGGCAGCGCCAGACCGGCTGGCGGCGTGGCCGCCAGCGGAAGCAGGACTTGTCCCGCGTCGGCGGGCCGGGCGGCCAGCCCCCGGCACAGCAGATGCCCGGCCAACTCCTCGGCAATGCTGTTGAAGCAACGCAGCTCGATCCAGACCGGTTCCTCAAGTTGAGCTATGGGCGCGGGAGGCGCGTCTTCCCGGCGCTGGGTAATGGCGGCGCGCATGGCCGCGTACCGGCCGCCCCGGCGCAGGGCTGCCCCGGCCACGCCGGGCATGGCCGCCGAAAGGGCCAGCCGGTCGCCGGAGGCCAGGGGCACGGCAAAATCATCCGCAGCCAGACCGTTACGCAAAATGGTCTGGATGCGGCTTTCCACATATGCTTCTTCCAGCCCCAACCCCAAGGTCAGAAAACGCCCCAGGCTCACGGCATCCCCGCCTCGCGCGGGCAGCAGCACGCCCCGGCGCAGCAGGGCCGC
NZ_CP014229.1_gap63	3340567	3343343	2776	CACCCGCCAGCAGGGCGTTCAGCGCCAGCCCCTTTGCGTCGGGCCTGCTCTCCGTCAGAAGGGTAAACAGGGCGAAAAGCAGCAGAAAGGTGCTCAGGCTGAAACCCAGCCAAGGCAGGGCCAGAAGATAGACGGGCAGGGCGATGACCACATAGAGCCGCGTGCCTTGGAACAGTTCCCGCATATGCGCGGACAGGCATTTTTTCCAATCCCGTGCCAGAAGCAACAGGTCCACGACAATGATGCCCGTCAGCACGAAGCGGGGCATGCCTTCCGGGCTGCTGGATGCGCCGACCAAGCTCTTTTTGAAGAAAAAAGTGCTGTAAAACAGAGCCGCGGCCGCAGCCACCACAATGCTCAGAAAGATCCTGCTACCCATTACAACCTCCCGAGGATGGGTTTAACCGTCCGTTGCCCGCCGCCGCTGGCGCACGGTCCTGAACAGCCAGAGAATGAAGGGCCGCAGAGCCGGCAGCAAGAGGCAGGTGCCCACGGGACGTTCCAGCAACAGCATGGGGGAGTCGTAAAAAAGCAGGGTGCGGCGGGTATTTTCCTCCACCATGGGGCCGAGGATGAAGCCCAGCACAAAGGGAGCCAGGGGATAGCCGTTGCGCTCGAAGACGTAGCCCAGAAAGCCGAAGAAGAGCATGGCCCAGGCGTCGAAAAGCCGGTTGTTCACCCCTACCACGCCCACCACGCAGAGCATGATGATCGGCACGAGTCTTGTTTGGGGCACGTCCAGAACTTGGACAAAGCCCCGGATGGCGAGGGTTTCGATAAGCAGCATGAGCACGTTGCAGAGCAGTACGGAAAGCAGAATGGTGGTCACTATGGCCGGACTGTTCTGGAAGAGCAGCGGTCCGGGCCGGATGTCGTGCACGATGAAGCCGCCCATGATGATAGCTGTGGTGGCGTCGCCGGGAATGCCCAGGGTGAGCATGGGGATCAATGCGCCGCCGGTAATCGCGTTATTGGAGGTTTCGGAGGCGATCAGCCCCTCGGGCATGCCGGTGCCGAACTTTTCCGGCGTCTTGGAGGCCCGCTTTTCCTGTGCGTAGGCCAGGAGGCCGCCGGGGCCTCCGCCGATGCCCGGTAACAGACCCATGAAGGTACCGATGGCCGAAGCCCGCAAATAGGAGCGCCAGCCGGACAGGGTTTCGCGCAGAGGCGGGAAGAAACCGGAAAAGCGCACCCTGGTCTCGATCCTGTCGGCTTTTTCGTGCAGATGGGCCGCCGTGTTCAGAAGTTCCGAAACCGCGAATAGGCCGATCAGTACGGAGAGGATTTCAAAACCGGCATCCATTTCAGCGAAGCCGAAGGCGAAACGCCACGAACCGTCAATGGGGCTTTGCCCCACACAGGAGAAAAAAGTCCCAGCAACGCTGACATCAGACCCTTGAGACGGTCTTTTTCCGAAAGGGATGAAACCATGCTCAGGGCGAAACAGGCCAGGGCGGCATACTCATAGGAGCCGAAGGTCACGGCGAAGTTGGCAAGCGGCGGCGCGATGGCCATGAGAGCCACGGCACTGACCACGCCCCCGATGAACGAAGCCTGAATGGCGATGCCCAGTGCTCTGGCCGCCTTGCCCTGGCGAGTCATGGGATAGCCGTCAAAGGTGGTGGCGATGGACGAGGGCGTGCCGGGCATGCGCAGCAGGATGGCGGAAATCAGGCCTCCTGAAATGCCGCCGATATAGACGGCGATGAAGGAAACCATGGCCACGTTTTTAGGCAGGCTGTAGGTTAGCGGGATCATCAGAGCCACGGCCATGGTGGCGGTAAGCCCGGGGATGGCACCCAGCAGAATGCCGTAGGCCATGGCCAGCGTCATGCAGAACAGGGTGAGGGGGTCGCATAAGGTCTGGACCGCCTGTAAAAGAATATCGCTCACGGGTGCACCTCGGCTGTTGGCGTGCGGAGGGTGCGGGCCGGAGAGGAGGACTTTCCCTCGGCCCGCACGGGCCCCCCAGAAGGCTATTCGGTTTGAAGCATCCTGAGCGCGGCGGCCGCGCAACGGCCGGGACTTATTGTATGGAGAAACCCCCCCGCTAGGCGGGGGGTTCTAAAAAGCTTACAGCTTTGCCCATGTCAGTAAAACTCCTTTTGATTTGTTAAAAAGTCTCGCGGTCTGGCAACTGCGAGTCAACAAATCAAAAGGAGGTCACGATGGGTGACGCCAAAAGTTTAGCCCACACAAGGTGGAATTGCAAATATCACATTGTTTTTGCGCCTAAATATCGCCGCCAGGTGTTCTATGGTGAAAAGAAGCGCGCCATTGGCGAAATTCTGCGCAAGTTGTGCGAATGGAAGGATGTAAAAATAGTGGAGGCAGAATGTTGCCCAGACCACATCCACATGCTGCTTGAGATTCCCCCCAAAATGAGTGTGTCGAGTTTTATGGGCTATCTGAAGGGTAAGAGTAGTCTCATGATCTATGAACAATTTGGGGATTTGAAGTTCAAATACCGCAATCGAGAATTTTGGTGCCGTGGGTATTACGTCGATACAGTGGGCAAGAATAAGGCCAAGATTCAGGATTACATCAAGCATCAGCTGGAGTCGGATAAACTTGGCGATCAGTTGAGCCTACCCTACCCAAGGAGCCCGTTTACGGGCCGCAAGTAACAGAAATGCAAATGTCAGATCGCAAGAGCGCCTGCTAGGGCGCAGCTGGTAAGAAAGCCTTACAGGCGCATATGAAGAACCCCCGGCTATGCCGGGGGGTTCCTTTTCTGCAAGCTTTCGGCAATACCTTGGAGGGTGGCGAACTCGCG
NZ_CP014229.1_gap64	3383087	3387971	4884	ACGTCTTCGGCCAGCGTCAGGACCCCTACGGCGCGTATGCGGCGGTAATTCCGCAGTGGTTCGCCAGCCTGATCAAGGGCGAAACCGTGTACATCAACGGCGACGGCGAAACCAGCCGCGACTTCTGCTACATCGACAATGTGGTGCAGGCCAATCTGCTGGCGAGCCGCGCCCGCGCGGAAGCCCGCGACAAGATTTACAATGTGGCCTTCGGCCAGCGCACGACACTGAACGAACTGTTTCTGCTGATCCGGGAGGAAGTGGCCCGGCATCTGCCCGCCGCCGCCACGGCTGAAGCCGTGCACCGCGATTTCCGCGCGGGCGACGTGCGCCATTCGCTGGCGGACATCAGCCGGGCCGAAAAGCTGCTGGGCTATGAGCCGCGCTACGACGTGCGCGAGGGCCTGCGCCTGGCCGGGGACTGGTACGCGGCCAACCTGTAGGGCGGACTTTGTTTGAAATCGCATATAATTTCAAACAGGGCCCCTTTCCTCAAACTCTCATTGTTCCCGTCGGTCGCGGCGGCGTTGTCCTGATTCCCGGTCGTGCTGTTCTTGCCTGTATGTTGCGTTGCAGCCACAGTCAGAGCAATTTCACTTTTGAAATTGCTCTGACGACGCACACGGTGCGGCACGCCGCGAAGCGGCGTGGATTCTGGCGAAAAACGTGGTTTTCGCCAGAATGTCAACTTTGAAATTTGTAAAATTTCAAAGTTAATCTGCTCTAAGGCGCACGGCTTTGCCGTGCCCGGCTCGGGCAATCAGGGCTGCGGCGACGGCTGACGCGCGGCACAACGCTGTTTCGTCCCGCGTTCAGGCGCGCCCGTCAGCTCCGGCCGGAAGGAAGATAAAGAAGGTTGGCATGCGGCAGACTCTGACCCTGCTCTGGCAAATGGGCATCCTGGCTGCTTTCGCCTGGGCGGCGGACTGGCTGGCGCGGACGTGCGACCTGCCTATCCCCGGCAATGTGCTGGGCATCATCGTGCTTTTCCTTCTGCTCTGCACGGGCGTGGTCAAGGAAAGCCACATCAGCGAGGCCGCCAATTTTCTGCTCAAGCACCTGGTGTTCTTTTTTGTCCCCATCGCGGTGGGGCTCATGAACTGGGGCGGCGTCTTTTACGATTACGGCTGGGTTCTGCTGGCGGCCATTGTGATCAGCACGGCCCTGCCCCTGCTCGTGGTGGGCTGGCTGGCCGGGGCCCTGCGCCGCCGCCCTGAGAAAGGAGCGGAGTCATGTGGTCAGTGACGACCCTGCTCTGCGTGGCGGGCACGGTCTTTGTCTATGCGGTCGTGCGCCGTCTGTACCTGCGTTACAAGCATCCGCTGATCAATGTGGTGGGGCTCAGCGCCGCCGTTGTGATCAGCGCGCTGCTGCTTCTCGATGTGCCCTACGCGGCTTATGAACCGGCCAGGAAGATCATGACCGCGCTCATCGGGGCCGCCACGGTCAGCCTTGCCCTGCCGTTGTACCGCTACAGGAAGTTGCTGCTGCGCCATGCCGTGGCCATCATTGTCAGCGTGAGCGCCGGGGCTTTTGTCGCCATGTTTTCCGCCGGGCTCATCGCCCAGAGCGGCGGCCTGCCGCGTGAAGTGGTCATGTCCATCCTCTCCAAAGGGGTTTCCATTCCCTTTGCCGTGGAGGTCGCCAAAATCTACGACGGGATTCCTTCCCTGGCCGCCGCCTTTGTGGTGGCTACCGGCACTCTGGGCTCGCTGCTGGGCGTCTGGACCCTGAACCTTGTGCGCGTCAACTCCCCCTTTGCCCGTGGGCTGACCCTGGGCACAATCTCCCACGCCCAGGGAACGGCGGCGGCCCTGCAGGAAGGCGAGGAGGCGGGCGCCATGGCCGGTCTGGCCATGATTCTGGCGGGCATCCTCACCGCCGCCTTCGCGCCGCCGGTGGTCTGGCTGCTGCGCGTCGCCGCCTGAACCCGGAACACATTCCTCCATGCTTCGTGAAGAAAAAATATCGCGGCCGCGTTTCTTTCTTTTCTTTCTCACCGGACTGCTTCTGGCAGTGCTGCTCGCGGCGATGCCGGACCGGCGGCCCGTTGCCGCCGCGATCGCGCCGGAGGTCCGGGAGGGGGACATCATTTTTCACGCCTCCACCTCGTCCCAGAGCGCGCTCATCCGCCTGCTGACCCGTTCGCCGTATACCCACTGCGGCCTTGTGATGCGCCACAAGGGGCGCTGGCTGGTGCTGGAGGCGGTGCAGCCGGTGAAGCTTACGCCCCTGGCGGCCTGGACGGCGCGCGGCGCGGGCGGGCATTATGTGCTTAAACGCCTCAAGAATGCGGACGCCGCGCTCACGCCCGACGTGTTGGAGCGCATGCGGCGTCTTGGCCTGGGCATGCTGGGCCGGGCTTATGACCGGCAGTTTCGCTGGTCCGACGCGAAACTATACTGCTCGGAACTGGTCTGGAAACTCTATCGTCGCGGCGCGGGCATCACCCTTTGCAAACCGCAGCATTTCAGAGATTTTAATCCGGCGCGGCCCTCCTTGGCCGGAGAGGCCGCCCGCCGCTACGGGAAAAACATGCCGCCGCCGGACGAGCCCGTGGTCACGCCAGCGGCCCTGTATGACAGCCCCCTGCTGCGCATAGTGCGGGAGGAATAGGCGAACCTGAAAAAGCAGTTTGCATTGCGGCGTCCGGGCGGGAAGGCGCTTATGCTCCAACGCTTTTGTTCCTCCGGCGTTACCGTCAGTTTCCCCCCACCACAAAGGCGTGGGGGTAGAGAGCTCTGAACAGGTCCAGCATCTGCTGCGCGCCGTTGGAATCCTGCCAGGGGCCCACCTGCACGTTCCACATGTTGTTGCTGCCGAACTCCAGGCGGCCCTTGTGGCCGGACCGGGTCAGGATATTGATCAGTTTGTAGGCGTTGTTCTTGTCGGCAAAGGCTCCCACCTGCACATAGAAGGGGCCGCTCATGTCGCCGTTCTCCCGCAGTTGGGGAATGCCGCCCAGGCTCTGGACGCGCACTCTGGCCGTGCCCGTGCCCATCATGTTCAGGCGCGTGGCCGCGCTGCGCGAGAGATCGATGACGCGGTCGTCCACAAAGGGGCCCCGGTCGTTGACCCGCACAATGATGGAACGGCCGTTGCCCAGATGGGTGACGCGCACCTTGGTGCCTAATGGCAGGATCTTGTGGGCCGCTGTCATGGCGTATTGATTGTAGCGCTCGCCGTTAGCGGTTTTTTTGCCGTGAAAGCCCGGTCCGTACCAGGAGGCTGTGCCCACTTCCACAAAGCCGTGGGCGGATTTGAGGGGATAATAGGTCTTGCCGCGCACGGTGTAGGGCTTGCTGCCCGGTACGCCGCCCTTGCGCCAGGAACGCGAGCCGCAGCCGGACAACAGGGCCGCGCAGAGCAGGAGTGCCAGGCAGACCCGCAGCGCGCGAAAGGCCTTGTTCATGCGGCGGGCTCCGATTCGGCCAGACAGCGCGGCAGGCCGTTCTGAGCGCAGGCCGCGCACAGCGCCGTGTCGGCCTCCCCGGCGGAGCCGCTTTCCAGACCGCGCAGGAGCTCCCGGCTTTCGTCATTGAGCAGGTTCCGCTCCCGCGCCCGCCGGAGCAGGGCCATGGCGGGTTCGTGCCGCCCCGATTCCAGAAAATCCCGGGCGGCCAGCAAATAAAGGCGTTCGGGTTCGCCGTCGTACAGGGCCGTGAGCAGATCCGGATAGAGCGGGCCGAAAACCTCGCGGGCCAGAGGCTCCTCGCAGGCCAGCCAGCGGGCCAGGCGGCAGTTCCGGCCCTCGGCCGTCAGATAGCGGGTGAGCAGGAAAAGCCCGTGCGACAGGACGTGGATGATGCGCTCCAGCTCGCGCACCGAGCTTTCGGCGGTCTGCGCGGCCAGGGCGCTCAAGGGGCCGTAGAATTCGCCGGTCACTGCCGGGTGACGGCCCAGCTGGGCCAGGCGGTTGGCGTAATGCTGGCCCTGGAAGGCGTCTTCCTTGAGCTTGGCGCATTCGTGAAAAGCGTAACCCACGCACCAGTCGATGAGGGCCTCCACCGGGCTCTGCACGGCGGTGCCGTCGGGATGGGGGCTGGCCGCGTACTGCCAGAGCATGATGCCCGGGCTTTCCGCCGGAGCCTCTGTAGCTGCCGCCGCCGTGCGGACCGTATTGCGGAACAGGTGGTGGGCCGTATCCTTGAGCCGCCAGAACACGCCCTTGCGCATGGCCTCGCCCAGCAGGTCGCGCAGGGCGGAATAGGAAACCGTGCCGTCGCGCTCAAAACGTCGCCGCTGGTCGGACAACAGGCGGAAGACCATGCAGTAGTCGCGCACCAGGTCGCGCACGAAAAAGGCCCTGTTGGCCAGCAGCCAACGCTCGCTCACGCCTCGTCCTCCCGCAGGAGCGTCCTGGCCACGGCCAGGTCGTAGAGCTTGAGCGGGTCGGCTTCCTGGTTGCGTTCCTCTTTGTACAAGCGGGCCGCGTTTTGCACCACGCTCAAGCTGAGCCAGGGATGGCGCTCCCAGACTTCGGGATGGTCCGCCTGCCAGAGCCGGAATTCCACTTCGCCGTCCCGGCCGCGCCGCACGTAAACCCGGGCGCGGCTGTTGCCCGCCTGGGGATGATAATACAAGCCGCGTTCGTCTTTCATGGCTGTCGTTATCCTTTACGGTGGAAAGTAAAACGCCCGTATCTTACGCTTAAAGCGCCGCCTTGGCAAAGGCGGCGCGTGCCCCCCCCGCCGGGACCGGAGGCGACGCTGTGAAAATGTGGTCAATGTTCGACCCTGCCGGTTGTCATCAGGGGAAAAATGAGATATGCAACGAAAAGACCGCGTTGCGGCCCGAGGGGCCGAGGCTTTGGCTCGCCCGCTCGTTCGTGATCCCTTGGGGCGTTCCGCTTTTGCGGAGCGGGCGCTGCGGCGGCTTTGCGGG
NZ_CP014229.1_gap65	3389998	3394936	4938	CGTGTCCCTGGCCTGCTGCATCAACATGTGCGGCGCCGTGCACTGCTCGGACATCGGCCTGGTGGGCATCCACCGCAAACCGCCCATGATCGACCACGAATGGGCCGACCAGCTCTGTGAAATTCCGCTGGCCGTGGCCGCCTGCCCGACGGCCGCCGTGCGTCCCACCAAGGTGGAGCACAACGGCGAGAAGGTGAATTCCATCGCCATCAAGGAAGACCGTTGCATGTACTGCGGCAACTGCTACACCATGTGCCCGGCCCTGCCCATCGCTGACAGCGAGGGCGACGGCATCGCCATCATGGTGGGCGGCAAGGTTTCCAACCGCATCTCCATGCCCAAGTTCTCCAAGGTGGTCGTGGGCTACATCCCCAACGAACCGCCGCGCTGGCCCAGCCTGACCAAGACCGTGAAGCACATTGTCGAGGTCTACGCGGCCAACGCCGAAAAATACGAACGTCTGGGCGAATGGGCCGAGCGCATCGGCTGGGAAAGCTTCTTCAAGCTGACCGGCCTTGAGTTCACCCACCACCTCATCGACGACTTCCGCGATTCCGCCTATTACACCTGGCGTCAAAGCACCCAGTTCAAGTTCTAGGCAGTTTGCTTAACCCCGGCGGCGCGGCAACGCGCCGCCGGGCCAGGAGAACGCTCATGGCTGACGATAAAGAGATTGTTGTTGAATTTCTGAAAAGCAAATCCGCGGCCAAGTCCAAGTTCTACTTCAAGGACTTTCTGGAACTCTTTCCGGACAGGGGCCCCCGCGACGTGAAAAAAGTCCTCACCAAGCTGATCAATGAGGAAGTGCTGGAATTCTGGTCCTCCGGCTCCACCAGCATGTACGGCCTGAAGGGTGCGGGCAAGCAGTCGCACGCCGAGGGCGAAGACTAGCCTATTTGGCCTTTTTTGTCGCTGGCAGCGTCAAATTTCACGGCGCGGCTCGGTTATACGGGCGGCTTTTTGGCCGTTACAAGGCAGGACGTTGCGGCCAAAGGCAGCAATGCCGCAGTCGGTGATTCGTCCGGGTAAAGGCTGTCGCTATCTGTATGCCGTTCACGGCAACAGCTTATAGCGCCGTCAGCGTGCCGCTTATTTTTCTTGCCAGCGGCAAAAAACTCAAATGTCGCAACCCCTTTTGCGCAAGATCTGCCGCAACGTCTGTTGTGGCATTTCTTGTTTCGGGCTTGGTTCACCTGCCGCCCTTTGCTTCAGCGGCGGATGAACGCGCAAATTGGGATGCTTCGATGCGTCTTGCCATAGGCACGTTATTTTGAGCAGGGCATGACTTTAGGGCCTGTTGACACTATGTTCTTTTGCCCGCTGGCTTTGTTGAACTTCGCCTTTTATTCCAGTCGAGTACCATAGCTCTGCTGTCCTCATCCGTAAGCAGCTTCGCCGCAACGGCTGAGGCAAGAGTACACTCCTTTCATGCTTTAGCCGTTATGCGAGGAACGAGCATTACGGATAAAGACAGCAGCGATAAAAGGATCGTTCTCCTCGCCAGCGAACAAAATCCCAGCAGTGTCAACAGGCCCCAGGGCAATCGGCCCGGTCAGGAATCCAGGAGGTGATCATGGCGCTTTCCTTTTCCTTGAATGCCGAGGAGCGAGCCTTTCTGGCCCGGCTGGCCCGTTTGGCCATTGAAAGCGCTCTGGCGGACAAGGGTACGGCCCGGCCGCCGGAACCGCCGGAGAAAGGCGACGCGGTGAGGGAGAGCGTCGGCACATTGCGCCGCCCGCTGGGCTCTTTTGCAACCATCACTCTAAACGGGCGGCTGCGCGGCTGCATCGGCACCATTGTGGGCCGCGAGCCTCTTTACCTCAATCTCTGGCGCATGGCCCGCGCCGCCGCCTTTGAAGATCCGCGTTTTCCGTCGCTGACCCTCCGGGAATGGGCTGGAGCGGCCCTGCACATTTCCGTACTGGACGAACTCACGCCTTGTCCGGACCCGGAAGCCATTGAAGTCGGGCGGCACGGTCTGGCCCTGCAATATCTGGGGCACAGCGGCGTTTTTCTGCCTCAGGTGCCGGTGGAGCAGGGCTGGGATCGTCTGTCCTACCTGGAAAATCTCTGCGCCAAGGCGGGCTTGCCGGGCGGCAGTTGGCGCGCGCCCGGCGCGCGTTTGTTCTGGTATGAAGCTCTGGTTTTCGATGCCTGAGCCGGACTGCGCCTGCCTCGCTTTGCCCCTGCCGCCGTCTTGCCATGCGCCCAGGCCGGGCGTATGTTGGCACTATTCTCAGGGCGGGGTGCAAGTCCCCACCGGCGGTGATGCGGTCGCGCCATGTGCGCGCCGCCAGCCCGCGAGCGCCTTCCGTGAAGGGTCAGCAGATCCGGTGTGATTCCGGAGCCGACGGTAACAGTCCGGATGGAAGAGAATGGTCAAGTATGTCGCGTGCGTGAGTGAACAAGCCGCCCCGGAATCGGAAAGCAGATTCTTTCCCTTTCCTTCAGCGTGGGTGTCAGCTTGAGCTGCCGCCTGGCGGGGCCGTATGGTTTTGTACGGAATTGCTTTGGTATTTTCCTGCGGGAGAACACCACATTCTTCACGCGCGCGATATCCAGCCACGCCCTGATGCACCATCTCCCGGCCATTGTGGCCGGACAAGGAGCATGTCATGCATCAGTCCCAATCCCCCCTTGTGTTGTTCGGTTCTTCCACGGAGCGGATGCGCCGCGCCCTGGATGCGGTGCGCGCCGGTCAGGGCGTCTGCATCGTGGATGACGAGGACCGCGAAAACGAAGGCGATCTGATTTTTCCGGCCCAATTCCTCACCGTGCCGCAGATGGCCCTGCTGATCCGGCATTGCAGCGGCATTGTTTGCCTCTGCCTGACTGACGAGCGCATCCGTCGCCTGCGTCTGCCCATGATGACGGAGGTCAATACCAATTCGCAGGGCACGGCCTTTACCGTGTCCATTGAGGCGGCCGAGGGGGTGACCACCGGCGTTTCCGCCGCTGATCGTGTGGCCACGGTACAGGCCGCCGTCAGCCCGGAGGCCCGGCCGGAAGATCTGCGCCGCCCCGGCCATGTCTTTCCGTTGCGGGCGCGTCCCGGCGGCGTTCTGGAGCGTCGCGGCCATACCGAAGCCACGGTGGACCTCATGGCCCTGGCCGGTCTTGAGCCCTGCGGGGTACTTTGCGAACTGACCAATGAGGACGGCAGCATGGCCCGTTTGCCGCAGGTGGCGGCCTTTGCCAGCGCCCACGCCATGCCCCTGCTCAGCGTGGAGGATATCGCCTCCTGGCGGCAGGCCCCGGCCGGGGGAAAAGCGCGTCCTGCGGGCCGGGTGGCTTAAGCGTCGCTGGACAATAGTGAATGAACGTCGGAAGGCGGCCGTAAGGCCGCCTTCTGTCCGCGTACAGACGCGGAAATGATTTCTTCGAACGCGCGGACGGAACCGCCCGCCGAAGCGTCATTTTATTTTGGTAAAGCCCTGGCTTTCCAACCAAGCATACAGTTTTTTATGCGTCCAATGGCTGATAACGCCGTCGGCGCATTTTTCCTTGAGAAGTTCACGGACTTTCTGTTGTTCCAGATATAAGGACGCAACATAATTGATCTCGTGGTCCTGGTCGCAATTAAAAAGGGCGTTGTCGCTGGGCATGGCGCACCTCCCATTTTTTTTTACGATTGACCTAAAAATGTATTTTGTCAATATAGAGTGAGCTAATTGGTTCTACAACATTTCGCGTTTGAAATGTTATACATTTCAAACTCTACGCCATCAGCGTGCTGCGGAAAAAATGCAGCTTCTCCTTGCACTTGGACGCTGGTGCCCGCTCACGCGGTCACCAGCGTAATTCACATTTAAGATGAGTGAATTATTCTGGCGACATTGATCCGGTATAAAAAAGGAACCCCCCGCTAGTGGTCTGCCCCCATCAGGGTTCCAAAGTTTGAGCCTAGAGGGGCTTTTTTACTTTGTCTACCTTGATGGGGGCAGACCACTAGCGGGGGGTTTTCTCCATACAAAAAGAAAAGGCCGCTTCAGCGGCCTCCGGTATAGTGTTCGCAGCAGCTTTGAGATTATTGTTTCAGTGTTTTTAAACGAGCCTCTGCCGTCGGAATGGCGTCGCGATCAAAAATTAGAATAATTGTATCATCCACAATGCCGATAGACCCCTGATGTGGAAAAGCTTGCTTGTCGCGCGCAAAATGTAGAGCTTTTTCCATAAGATCCGGCCGCTTCTGGATTTCTTCATTAAGCCTGTCTCCCAGTTTGAGATATTTGGAGAGCAGCCAAAGCTCAAAGCCGGGATTCCAGGCTTGAGATATTGTTCGAGAAGACAGGGGCGTCAAAGGGCCAACCCGAGGGGTATCTTGGAGGTAAGACTTGGTACGGCCCAGTTGAACAAGATTGTATGTTTTGTCAGGGTCGAAATTCGGCAGGCTTTCTATGCGCCCAATGACACGATTGAGCACCGCCAGATCATGCTCTGTGGAGCGCACATGACGGATTTGTTGGTCCAGACAGTTGACGGCCATGCATGGCAGTAACAAAATAAAAAGCAAAAGACCGGCATTGCGTATGGGCGTTTTGCTGTCGGCAAGCAATGTCAGAAGGAAAAAACTGTATACATAGCTGAGACCCATCGCCAGAAAACGGTAAAGGTACCAATTGCTGTTGTTGCTGACCAGAAATTGCGACTTGGCGGCTACCGGGAAGAGCGCAATGGCCACTATGAAAATGGAAACTTTCAGGAGCTGGCGTTGCGTCACATGCACCGCCCTGCTCAGCATGGCTGCCGCGCCTCCCGCCAGAGCACAAAGTAGAAGGATTTTAAGCCATAGAGACATAAAACCCTGCGGCACGACAAGATGTAGCCAGGATTGGCGCACCAGCTCCCAAAGGCGCTGCGGCAGATCGGTGAACACGACGGTCTGAAACTGGTATAAATCCAGAGAGAAGCCTACCAGGGGATAAAGGCGCAGGCTTA
NZ_CP014229.1_gap66	3405807	3407180	1373	GCCCGCCTTGACCCCCCTTGGGCTTGCGGGCATAACAATGCGCGGAGGCTTGCATGGTCAAACCGTTTTATCAGGGCAAACTGGACACCTTCTGCGCCATTTACGCGGTGCTCAACGCTCTGCGCCTGACCCACGGCATCCGGGTGCTCAAGGCGCGGGACATTCTCAACGAAACCCTGCTGGCCCTGGCAGGCGCGCCCGAAGCCTTCAGGGCCGTGCTGGATCAGGAAACAGATTATCTCAATCTGGTGGACGGCATGCTGCGGGCGCAGAGCCGCGCCTTTCCCCTGGAGGTGCGCAGGCCTTTTGCCCCGGAGGAGCGGCCCACAGTGGACGAGCTCTGGCGGGTCTGCCGGGAATGGCTCGCGCCGGAGCGCGGCCGCGCGGTCATTTTCCGCTTTCTGCGCAGCCTGACCCCGGAGGGCCCGCCGGTGAATCGCCACTGGACCACCGCCGACCGCATGGACGATGAAATCCTGCACCTCTTTGATTGCAGCCATGAGGCCGAAGCCATTCTGAACATCCGCAAGGACAGTTTCGTCACCCGGCCCGAGGCCGTGAGCCAGGGCCGTCTGCTCTATATCCAGCCCGGCAGTCTGCGTCTGCTGCGTCTTCCGTTTTAAGGAAGCGCTGACTACCGGTCTTTTTGCCCTCTGCCCGCGTCAGGCCCGCTCCGTGGCCCTCGGCAAAGAACAACATCCTCAGTAATCAGCACTTCCTTACCAGTCTATCGGATAGGCAGGTTTCGACCCGTCCGGTGCGCGTCAGCGCAGGCTTTCACGTACCCGCAAAGCGGCGACGACCATATTCTCAAGAGAAGGATATGCCTCGTCCCACTGGCGGGTTTTCAGGCCGCAATCGGGATTCACCCACAACTGTTCCTTGGGAATGTGGCGCAAGGCCCTGCGCAGGAGATCCGTCATCTCCTCCACGCCGGGAATGCGCGGGCTGTGGATGTCGTACACGCCCGGCCCCACTTCTCCCTGATAGCGGAACTCGGTGAAGGCTTCCAGCAGTTCCATGCCGCTGCGGCTGGATTCAATGCTGATGACGTCCGCATCCATTTGGGCGATCCAGGGCAGAATGGCATTGAACTCGCTGTAGCACATATGGGTGTGGATCTGTGTGGCGTCCTCCACGCCGGACGCGGCCAGACGGAAGGCGTCCACCGCCCGGCGCAGATAGTCTTCCGCCGAGGCTTTGGTCAGGGGCATGCCTTCCCGCAGGGCGGCCTCGTCGATCTGGATGATGCGGATGCCCGCCTTTTCCAGATCCAGCACTTCGTCGCGGATAGCCAGAGCGATCTGTTTGCAGACTTCGCCGCGTTCCAGGTCCTCGCGAACGAAGCTCCAGCAGAGAATCGTCACCGGGCC
NZ_CP014229.1_gap67	3566619	3568244	1625	AATCCAGCGGCGTTTATGCCCCATTCCGCACGCCCGGCGGCTTTTGCCGCCGCCCTGACGCAGCGTCCGGCTTCGGCGCGGGCTGAAGGAGCGGCGGGGAGCCGGTAGCGCCAAATGGAAAAAGGGATTTGGTCCGGACCGTGAGGTCCCGGCCAGAGGGAACGCGCTGCCGTTGCGACTCCGGCGGCGCGTTCCGCTTTTTTGCACCCGGGCTTGCGCGTCTTCGGGCATGGCGCGCGCGTCCGGCCCCGCACCGGCCCCGGCGGCCTCTGTCCGCCAGGGCGGACGCATCTAATTCCAGCCCTTGCAGGCCCCTTATCTGCCGTGATGATCCGTCAAAACCAGCCTGTTGTGTGCCGGCTGCGTCACTTGGCGCTTTTTGCCGCTCATGTACTTGAGTACGCTCTGCTCTCGATGCCCGTAAGGCTTGCCCGGCTCGCCAACGGGCACGGCCCTTTGGGCCGCCTTTCGGTCGGTTTCCGCGCAAAAAGCGCCATTTTCCTTGCCGGCACGCAACAATCTTGCTTCAGCCGTTGCGACGCAGGAGCTTTATCCGTAACACGGCTTCGCCGTGAACGGCTCAGGCAAGCCGCTGACGCGGCGACGGCCAGCGCATTTTTTAGGCTTCTCCCGGCACCAGCCATCCGCCTGCGCTTCGCTCCGGCGGAGCAAAGGTGGCTTCGCTTCTTTTTGTCCGTTCTCCGATCTCTCGGGGGATAAAGACTTTTTAGACGCGTCTGCCCAGCTGTGTCCGCACGGCAGCGGTGACAGCGGCACGGGAGTTATGTAGAATAAAACCACAGTGCTCCAAACTGTCCGATCTGTCCGATAGATTGAACACTTTTGACAGACACTGTCCGGATTATAAGACAGTTTTGCCGTCCAGAAAAGCCGCCGCAAGGCCGCTGCATGGAAAGAGCTATGAAATTGAGGCGGATACGAAAGCCTTCCGTCCGGCACGCAATTTGCTACTTCTGTCACAATTTTCGGGTGTTCTCAGGCCCTGCAGGCCGCTCTTCCCCTTTTTTCCGTTTTTCTCCGACGTGCCGCGGAGATGCGGGCGCAAGGAACGGGCGGTTGCGGATCGCAAGCATCACAAACAGCGCGAAAGCAAAAGGAGCAATTATGCCTAAAATGACTCCCAGTGAGGCCATGGCCGAAGTCCTGGTGGAAGAAGGCGTTAAACACGTCAGCGGTATCCTCGGTTCCGCTTACATGGACCTGTTGGACCTCTTCCCGGCCGCGGGCATCGACTTCATCTCCGTGCGTCATGAGCAGACCGCCGGCCACATGGAAGACGCCTTCTGCCGCATGACCGGCAAAGCCGGCGTTGTCATCGGCCAGAACGGCCCCGGCATCACCAACTACGTGACCGCCGTGGCTACCGCCAACATGGCGCACAGCCCCATGATCATCCTTTCGCCCAGCGCCGGTTCCGCTTCCGTGGGCTGGGACGGCTTCCAGGAATGCGACACGTGGAATCTGTTCAAGCCCATCACCAAGGCTTCCCTGCGCGTGCCCCATCCCAAACGCGCCGCTGACATTCTGCGCACCGCCTTCCGCGCCGCCTACGCCATGCGCGGCCCCGTGCTGGTGGACATCCCGCGCGACTACTTCTACGGCGA
NZ_CP014229.1_gap68	3573184	3576042	2858	CTGCGTGGCTGAACCGCTCTTCGAGCGCAAGAACACCAGGGACAACACCCCCGCCGTTATCCATACGCGCATTGTGCCCGGCGACAGCCTGCGCCTGCGCCTCGCGCCCAAGGGCGCGGGCTCGGAAAACAAAAGCGTGCTGAAAATGCTGGTGCCCGCCGACGGCATCGAGGGCGTGCGCCGGGTGGTGCTGGACGCGGTGCTGGCCGCCGGTCCCAATTCCTGTCCGCCCCTGGTGGTGGGCGTGGGCCTGGGCGGCACCATGGAAGTGGCGGCCATCTGCGCTAAGAAAGCCGCCGCGCGCGATCTGGAAAGCGTCAACCCGGACCCGCGCTACGCGGCCTTTGAACGGGAACTGCTGGAAATGATCAACAAGACCGGCATCGGTCCGCAGGGCCTGGGCGGCCTGACCACGGCCCTCAAGGTGCATGTGGAGTGGGCCCCCACCCACATCGCCTCCCTGCCCGTGGCCGTGAACATCAACTGCCACGCGGCCCGCCATGCGGAAGTCGTACTCTAAGAGGAGGGCGAGACATGTCCGACGATCAGGTCAAACGCATCCGCGCCCCTTTTGACGACGCCACGGCGCACTCCCTGAGGGCCGGAGACAGGGTGCTGATTTCCGGCGTTATTCTGGCCGCGCGCGACGCGGCCCACAAGCGGCTGGTGGAGACACTGGACCGGGGCGAAGCGCTGCCCGTGGACCTGCGCGGCGCTGTCGTCTATTACGTGGGCCCCTCGCCCGCCAAGCCGGGCCAGGCCATCGGCGCGGCCGGACCCACCACTTCGGGCCGCATGGACGCCTATACGCCCCGGCTGCTGGATCAGGGCCTCAAGGGGATGATCGGCAAAGGCTACCGCAAGCCGGAAGTGGTGGAAGCCATGAAAAAGCACGGCGTGCCGTATTTGGCCGCCGTGGGCGGCGCGGGCGCTCTCATCGCCCGCAGTATCAAAAAGTACACCGTGCTGGCCTATGAGGATCTCGGCCCCGAGGCCGTGGCCGCCATGGAAGTGGAGGATTTCCCGGCCATCGTGGTCATCGACAGCCTGGGCGACAATTACTACGAAACGGGCCAGGCCCCGTATCGGCAGTTGTAGCGGCTTGGCGCGCCGGGCCATTCCGGTGCGCCGCCGTGTCCGCAATACGGAATACTTTCCTAAAGGAGTTGCTATGGCGCCAATGAGATCCCCCGCCGACGCCCGGACCCGCCTGGATTTCTGGCAAGCCGCGTCCGGCGCGCTGCTGGCCCTTTTCGTCTGTATCCATCTGCTGCTGGAAGGCAGCGTGGTGATCAGCCCCGCGCTGACCAACGGCATCGCCTGGCTGCTGGAAGCCACCTTTCTGACCCAGATCGTGGCCCCGCTCATCGTGCTGCTGGTGATTTTCCACTTCTGGATCGCGGCTCGTAAAATGCCCTTCCGCACCAATGAGCTGGGCATTTTCGTGCGCCACAGCAGAAGCCTGCGCGAAGCCGACACCTGGCTCTGGCTGGTGCAGGTCTTTACCGCCGTGGTCATTCTGGTGGGCGTGTTCTTCCATGTCTACACGGTCATGACCAACCTGCCCATCAACGTGGCGGGCAGCGCCAAGCGCCTGCACGACGGTTGGCTGGCCTTTTACGTGGTCTTTCTGCCCTGCGTCATTCTGCACACGGGCGTCGGCGTGTACCGCCTGGCCGTGAAGTACGGCGTGTGCACCAAGGCCGAGCGCGCCCGTTGGCGCAGGTGGATATGGATTGTCATGGGCTGTTACCTTGTGCTCGGCGTGCTGGCTCTGACCCGCGTCTGGTTCCTGGGATAGGGGGGGCGTATGCGTGTTTTTCAAAGTGATGTTCTCTGCATGGGCGCCGGTCTGGCCGGGGAGCGCGTGGCCGTGGAAGCCGCGCAGGCGGGCTTCAGCGTCATCTGTCTGAGTCTGGTGCCGCCCCGGCGCTCCCATTCCTCGGCGGCCATGGGCGGCATGCAGGCGGCCCTGGGCAATTCCATCATGGGCGACGGCGACAGCCCGGAAATCCATTTCAACGACACGGTCAAAGGCTCGGACTGGGGCTGCGACCAGGAGGTGGCCCGCCTGTTCGCCAAGACCGCGCCCATCGCCATGCGCGAAATGGCCTGGATGGGCGTGCCCTGGAGCCGGGTGGTGCCCGGCGAGCATACCTATTACAAGGGCGGCAAACCCTTTCAGGCCACGGAAAAGGCCGAGAACGAAGGGCTGATCCATTCCCGCGCCTTCGGCGGCACGGCCAAATGGCGCACCTGCTACACTTCGGACGGCACGGGCCATGCCGTGCTCTTCACCCTGGACAACCGCCTGCTGCAACTGGGCGTGGACGTGCACGACCGCGTGCAGGCCGAGGCCCTGGTGCATGACGGCGAGCGCTGCATGGGCTGCGTGGCCCGTGATCTGCGCACCGGCGAGCTGGTGGGCTATTTCGCCAAAGCCACGCTTATCGCCACGGGCGGTTACGGGCGCATCTACCGGGCCACCACCAACGCCGTGATCTGCGACGGCGGCGGCCAGATCACCGCCCTGGACACGGGCGTGGTGCCGCTGGGCAATATGGAGGCCGTGCAGTTCCATCCCACGGGCACGGTGCCTACGGACATTCTGGTGACCGAGGGTTGCCGGGGCGACGGCGGCACCCTGCTGGACGTCAACGAATACCGCTTCATGCCCGACTACGAGCCGGAAAAGGCCGAACTGGCCTCGCGCGACGTGGTTTCCCGCCGCATGACCGAGCACATGCGCAAGGGCTTCGGCGTGCCCAGCCCCTACGGCGAGCATCTCTGGCTGGACATCCGCCATCTGGGCGAAAAGCACATCACCACCAATCTGCGGGAAGTCTACGACATCTCCA
NZ_CP014229.1_gap69	3582043	3583102	1059	AGGAATACGCCGATTATAATATAGCCAATCAGTTGATAGTATATATTTTGTATGCTAGGAAAGGCGAGCGAGGGCAATGCCATGTTCCCAGCGTTACAGCGTTTCTTTGAAGCGGCAGGCTGCCGCACGCAACAGCAATTGGCTGAATTTTTGGGCATCAGACAGTCAGCAATTACTGACGCCAAAAGGAGAGGGGCTATCCCTGCGGACTGGCTTCTGAAACTGCTGCGAATGCAAGGCGTGAATCCCGACTGGATTCTGACAGGGGAGGGCGTGCACTATCTGCGGTCGGCGGAATCGGAAGAGCCCGTTTTTCCGGCTGAGCGCGTGATCGAAATCCGCCCGCCGGAACAGTGTTCGGCGCAGGAACTGGTCAACGAGCTGGTGCGTCGGGCGTTGGGGGAACGGATGGGATGCGAAACATCGTGATGTGTTACTGAATGATCTGCTCGTTATTCCAGCCGGTTTTTATCGTTCAGGTATGCCTGTCTTTGCATGGCCTCCAGCAACAACTTGTCCGCGTCGATGCCGAATGCCACCGCTATTGCAACAAAAACCATGACAGAAGGATTTCCTTGGCGCATTTCAATAACCCTTACATGCGATATGGAAATACCGGTTTTGGCGGCCAGAATTTTACGCGTCCAGTTGCGCTTTTCTCTGTGCTCGCGGATAATTTGCCCCAAGGCGAGACAAAAGTTTGAGCTGTCCTTCATTGCTACCAAATAGCATTGGATTGCTTAACCCACACCCGAGTGATAATATATTATCACTCGGGTGTGTCGTTTTTTATGTCGAAAAGGAGAATGTGGGATGAGCGTTAGTTTACTTTCTGACTTCGCGGCGGCAATGGAGCGCATCCGAGCCGTGACCGGGTGCGGAACCCAGCGAGAGCTGGGCAGGTTTTTAGGCATCAACCAGTCAGCCATTTCGGACGCGAAACGGCGCGGGACTATCCCGGCGGAATGGCTGCTCACGCTCCTGCGCGGCAAAGGGATAAACCCGGACTGGATATTGACGGGAAAGGGCGCGCGCTGCTTGCGCCCGGCGGAAACGGAG
NZ_CP014229.1_gap70	3586758	3588333	1575	GATCTTCCACTTTGGACAAACGATTCAGCACGCGCAATCCTTGAAAAAATCTGCGCTGAGATGAATGTACCCATTGATGTTCTGACTGAGCTGGTGGTTTTGCAGCGAGAGAGGCAGCACCAAGAAAGAGCTGCTGGAATATACCCTCGCTTTGAGGAAATCTTGGGCAGAATGGACTAATAGCCGGGGGAAGTTTTATGTGGATTTCGTGCATCGAGTTAACAAACTTCAAATCTTATCAGCACCAAGAATTTTTTTTCCCAGAACCTAAATTAGGGAAAAATATCATACTCATTGGTGGGATGAACGGCTATGGGAAGACTTCAATTCTTGAAGCGTTATATCTTTGCCTTTATGGCAAAGATTCAATGACTCATCTTGCAAGAGCTGGCTTGAATCTTGATGATATAAGAGGATACCCGACATTTTTAGAGCGAGCTTTTAATGGAGAAGCGAAGAGAGAAGCGCGCGATACCATGATGGTGCGCGTTATTATTAATAAGTCCTCTTCTAAGGCAATCGATATCGCGCGGAAGTGGTACTTTAGGACGTCAGGAGCATGGGCAGCCGAAGAAGAGGCTATCATCCGTAATATAGATAAGGGGGTACCAGGGTTACCCAAAATCGACGGGAAAAATAATTTTCACTTAGAAGAACTCCTTGATAATTTTTTAGTGCCAGCTCATATAGCTCCTTTTTTCTTTTTTGATGGTGAAGAGGTAAAAAAATTAGCAGATCAAAATCGTGTCGAGCAGGTAAAGCAAGGCCTTGAAGGTCTTCTAGGGGTTGTCTTGCTGCGGGCACTGTCAGAGAGATTGCGCAATTTTGAAGTGCAAAAACGTTCTGGGATTGACAATGTTAATGAAGCTCAGCTTGTTAATCTTTTTGAATTATTGAAAAATAATGAGCACCAATTGGCTGAGACTGAAAAAAAAATGAATGACCTCTCTTCTAGGGCTCAAATTTTGAAGGGGAAACGCTCTGCACTAATTGAGAGGTTGACAAGTGCTGGGGGAGCCTGTGGGGATATTGCAACAGTAAAGGATTTCGTTGAAGAGCGAGAACAGCTGCGCAATGAACTAAAAAGTAAAAGAAAGTCTCTTGAAGATATGCTTGTTGGGACACTGCCGTTTTATTTAGTTTCACCTGCCATTTTGAAAGAACTTCAAGGCCAGTTACAAGCAGAATCAAAATTTTTCGCTTGGGAAGCGGAGAAGCTTGCATTAGAGCCGCGAAAGAAGGAATTTGAATCTGTCTTTTATAGTGAAAAAGGTCCATCTATCGTTCCAAAACTTACTGATAAACAGAAGACTGCGATAGAGAAACGGATAGAATCCGCCTGGGCCAGTTTATTTTATCCTCCCCCAGTCGATTGTGCCAAGGAAATTATTCACTCATATTTGCATGAAAGCCAGCGCCGTGAGGCCTTAATATTTTTAAGTTCAATAGCATTAGGACAGCAAGAAATTCAAAACAATGTGAACGATCAGTTTCTGTTGACTCAAAGAATTGATGAGTTGAGTAGAAAAATTTCAAAAATCGAAGGGATTGATCGTGACGGGACACTTGCTCAAT
NZ_CP014229.1_gap71	3589836	3590406	570	TACTTTTTCCAGGTGTAGACGTTCTTGGAAATCCCTTTATCTTTGATCTTGCCCAAGCGCCGCATCTTATGGTGGCTGGTGCGACTGGTCAGGGAAAAAGTGTATGCTTGCACGCAATAATCGCTTCTTTGATGCTCATGCACTCTCCTTCATCTCTCAGCATAGCATTAATAGACCCAAAGCAAGTTGAATTTTCATTTTACTCTGGCTCATCTTTTCTGTATAAAGATAAAATTTCTATTTCAATGGAAGATATTAAAAGTACTTTTTTTGAGCTCGTGGATGAAATGGATCATCGTTATGCTCTGTTTAAAAAATATGGAGTAAAAAATATTGACGAGGCCAATTCTACAGGCCTAAAATTTAAAAAAATTGTTGTTATTATTGAAGAATTAGCTGATATACTGCTGCAAGATGGAGGATTAGAAGACAGTATCGCTAGGCTTGCCCAATTAGCCAGGGCTGCAGGAATACATCTTGTCGTTGCAACACAACGCCCCGATTCAAAAACATTCAGTGGACTAATTCGTGGCAATATTACCGCTAGAATTGCCTTAGCTGTTCAAAAAA
NZ_CP014229.1_gap72	3604334	3608937	4603	CCAGCTCCCATGACTTCCGCCAGTTGCCGGGCTTGGCCGAACTGCAGCAGTCCTCCCTGCTCCACGTCAACGACCAGAGAATACACGCGCGCATCCCGTGCGATACGGCGGGCTTCGTCCAAAGCTGCGTCCAGAGCCGAACCTGTCTCCAGGGAAGGCGTAACATTAGCTCTGCCGTCTGAAATAACGACCAGAATCGGCCGGGTGTCCGGATTTTTCCGCAAGGCGTTGCCAATAACGCGTCTGGCTTCCCTCAGGCCGTCGGCAAGAGGCGTGCGCCCTCCGGTAGGCAGATCCTGCAGTTCCTTTGAAGCAAGTTCTACGCTGCCTGTGGGCTGCAGCAGCGTTTGGCCCCGTTGGCCGCGAAAGGCCACCAGCGAAACCTGATCCCGTTTTTGATAGGCATGCAGCAGGAGAGACAGGACGGCGCTTTTGACCTCACGCATGCGGCTGGCTGCGCCCATGGAGCTGGAGGCGTCCACGGCGAAGACAATGAGATTGCCCATATGACGTTCTCGACGTTTATAGCGCCAATCATCAGGTCGTACACGCACACGCAGAGGCGGCCTGATGTTTTCTTCATGCACGGCTATTCGCAGGGCTGCGGCCCGGATTGTGGGTTCCAGAGCTATGTCCGGCGGCATGCCTTGCAGGAGCGGACGCGCTGAATAACCGACGCAACGTCCACTTTTCTGCGCGGTACGCGTCCGGCTGTGGCGGCCGGAGCCGTTACGCAGACGTTTGTCCATGGGCGGTCGCAGCGGCCTCACCTGATAGGGACTGCCCGCAGCGAAAATTTGTTCGCGCTCCGTGCCTGCCGGAAGGTCAGGCTCGTGGGATATCCCATCACGGCCAACGATATCCCCGCCCGCTATGTCGGGAGGCTGAGCTTGCCCGTGGAGGGTTTGTCCATCTGCCTTTCGCTGCTTCTCCTGTCCCGGCTTTGGCGCTTCCTTGCGTTCTTTCGACTCATGGGCGGAAGGAGCGCTCATACGCCGCCGGTGAGTCAGAGCCATGACAGCGGCTTCCTGCACATGCTCGCCGCGTACGGTAGTACAGCCGTCCAGCGCGGCCAGAGCCCGCGCTGTGCGCAACAGTGCCAGCTCACCCCTGTGCCCGGCGCAACGCGCTTCCGCGACCAACAGGACAATATCTCTCAGAAGCGCTTCCGGCACACGCAGTCCGGGCAGCAGATTACGCCCCTCTCGCAGTTGGTCGGCCAGAGCCTTTTGAGCCGTCTCCCATTGTGCCTTGAACAGTACGGGGGCGGCGTCAAAGGCTTCTCTCCGCCGCAGGATTTCCAGTCTCAGGAACGGATCTTCCGGGGCCAGCACATCCACGCACAGCCCGAAACGGTCCAGTAGTTGCGGACGCAGGGGGCCTTCTTCGGGATTCATGCTCCCGATCAGGGCAAAACAGGCGGCATGTCCAACAGTACAGCCGTCGCGTTCCAGCTTGTTGACGCCGCTGGAGCAGACATCCAGCAGCAAATCAACAAGCTGGTCGGGGAGTAGATTGATTTCATCCACATACAGCATGCCCTGATGGGCGGCTGCCAGCAGGCCCGGCTGAACCACGCGCCGACCGCCACGCAAAGCCGCTTCGGTATCCAGGCCGCCTGTCAGCCTGTCCTCCGTGGCGGAAAGCGGCAGCGTTATAAGGGGAGCGCATACGACATCCACAGGCAAGGGACCTCTTGCCGCCGCCCGCGCGCAGTCCGGGCAGAGCGGACCCTGCGGAGAGCAGCGCCACGGGCAGTTCGCCACCACGGAAACAGACGGCAAAAGTTTCGCCAGTGCACGCACCGCCGTGGATTTCGCCGTGCCTTTCTGACCACGCAGCAAGACGCCGCCGATATCCGGGCACAGTGCGTTTGCCAGCAACGCGCGGCGCATGAGGGGCTGGCCCGTCAGCGCAGTAAAGGGAAACAGATGCCGTGAGGGCGCTGCCGCGTTCATGGGCGAGTCCCGCCCACCGCCTCAAAAGGTTTGCGGCGCATCCGGTGCGGAAGGACCAAAGAGGCCGCTTTGTGCACGTCCTCCAGCCGGACTTCCCTGCGCCCATCCAGGGCCACGAGGGTTTTAGCGGTTTTGAGCATAACGATGTCGGCGCGATGACCATCCACCTGGGCGGCAATGGCTTGTTCCACCACGGCGCGCATGCAGGCCTCGTCGGCTTGTACATCCGATAGCAGGCGGCGGGCCGTCATGACGCTTTCAGCTAGAGTCCTGTCCTTTTCCTGCCAGCGTTCGCAAAATTCCACCGGATCGCGTTCAAAGTCCATACGACGGGTCATGACAGCCATGCGCTGTTCCGGCTCAGCCATGCCGCGCACTTCCACGCAAAGACCGAAACGGTCCAGTAATTGCGGCCGCAGTTCGCCTTCTTCCGGATTCATTGTGCCCACCAGGGTGAAACGCGCCGGATGCGACCATGAAAGCCCTTCACGTTCCACGGTATTTACGCCCATGGCCGCAGCGTCCAGAAGCACGTCCACCAGATGGTCGTCCAGCAGGTTCACCTCGTCCACATAGAGGATGCCCCTGTTTGCGGCGGCCAGCAGGCCGTGCTCGAAACGGCGGCGGCCGTCGGCCAAGGCCGCTTCCATATCCAGCGAGCCTACCACGCGGTCTTCGCCGGCTCCCACGGGCAGTTCGGTCACGCGCACCCGCCGTTGTTCCCTGGGCAATTCGCCGGTAGAGGAAAGCATTTCACGGCACAGCGGGCACAGCGTGTCCGCGTCGTCAGGGTCGCAGGCGCAGGGACAGCCCCGCACCACGTCCATCTCGGGCAGAATGGCCGCCAGAGCCCGCACCGCGGTAGATTTGGCCGTGCCCTTTTCTCCGCGCACTAATACGCCGCCGATGCCGGGATTGACCACATTGAGCAGCAGCGCCTCCTTTAAAGCCTCCTGTCCCACAATGGCGGAAAACGGGTAGGAATGCGGCCGGATCATGCTCATATCTTGTCCTCACTGTCCTGCATATCTGTGTTTGGAGCCACGATGACGTCTATGCCGCCGCCTTGAAAACTGCTGCCGAAGGCTTCCGTGCGTTCCTCCAGCCAACCCTCCATGTCCAGATAGTTCTGGCGCAGGGCGTCCAGCACTTCCGGGTCGGCCTGCCATACGCCCCTAGCCTGGGCCTCCAGCAAGCGGCGGGCGATTTCTTCCAGAGCCCAGGGATTGTGCTCTTCAAAAAAGGCGCGGTTTTCCGCATCCAGCACAAAGGTGCGCGCCATGTCGTCAAAAATTCCGTCATCCACTAAGCCGGTGGTAGCGTCCCAGCCGTAGACGCGCCCGGCGCGTTTGGCCATATCGCCCGCGCCCTTGTAGCCGTGGCGTTTCATGCCCGCTATCCAGCGCGGATTGAGCAGTTTACCGCGTACCACCCGGCGGATTTCATCGGCCATGTCCCGCACCCGCACGTGCCGGGGTTCGCGCGTATCGCCATAGTAAACCCGCACGGGATGCCCGCTCAGATGCGAGGCGGCCGCCGTCATGCCTCCGTGAATGCCGTAAATGGCGCAGCAGTTGAGCAGGTCGTGTTCGTCGCTGACCACCTTGTTGTAGGTGATGTCCACATTGGAAAGGCTGGCCGTCAGTGCGGGAACCTCCTCCTCTCCCCAAACGCCGTTGCCATAGGCATAGCCGTTCCAGCGTAAAAAGACGTCGGCCAGATCCGCTTCCGTACGCCAGGCCGACGCGTGAACCGCCAAATCAACACCGCCCTGGTAGACGCCGGGACGGGAAGAAAACACGCGCAATGTAGCCTTACGCCAGGCGCTCTGATCTTCTTCCGGCTGTTGCCACTGCTTCAGGCGTTCACGGCAGTGCTTGCGCACGGAATTTCCCTCATCATCCTCATCCAGCGTCGCCACCGCCTGTACAGCATTGTCCAGAAAGCGCACGGCCTCGGGAAAGGAGTCGCGCAACAGGCCGGAGACCCGCACGGTAACGTCGATGCGCGGTCTGCCAAGTTCCTTCAGGGGGATGACCTCATGTCCGTCGACCACTCCGCCGCGCCAGACTGGCCGAACTCCCAGCAGGGCCAGCAACTGGCCCAGGCCTTCGCCGTCGCTCCACATCAGGTCGTTGCACATCCAGAACATGGCCACGTTTTCAGGATAGCGGCCTTCTTCCTTCAGATGCTTGTCCAAAATGCCGTTCGCCAGGTTGCACCCCACGCGCCAAGCCGCTTCCGTGGGAAGGCGGCGGGGATCCAGGGTATAGGAATTGCGGCCCGTGGGCAGAATGTCGTCACGTCCGCGCGCCAGCAGACCGGACGGACCGGGCGTCACGTATCCCCCGGCCAGAGCGTGCAGAAAGGAAGCGCGTTCCTCTGAGGCGTCCAGACGGGCCGCCAGGTCGCGGACGCGTGTGAGCAACCCGCGCAATGCGCCGCGCAAGGACGCGGGAAGGTCCGGCATCAGTGCCGCCAGCCGCGCATCGGCTTCCCCGGCAGGCAGGGGCAACAGTTCCAGCAAGACTGCGGTAAAAGCGGCCCCTTCCTCATCCAGACGCTGCAACAAGGTTCCACGATCCGGTTCAGAGGCTGATTCCAGTTCTGCGGAAGGGGCCGACAGAGCGTCAAAATCCAACCCG
NZ_CP014229.1_gap73	3617503	3619674	2171	CCAGACGCCACGCCGGGCATCAAGCTCTTACGTCTTTTCCGTAGGCTGTTCCTGGATGGACGCCGCCATTACCAGCAGGATTTGGCTGAAGAATTGCATTGCTCGGCGCAAACAATCATCCGCATGATCAGTGAGATTGAAAGCGTAGTGGGCGTTGCACTGCATTCCGGCTACGACAACCGCCGCCGCTGGTACCAATACGTTGCCGCTAGTGGGTGCCGTACTCTGGGGTTGAACTTCGAGGAATTGCGCTTCCTCGACATCTGCCGGGAAATGGCGTCAGAGATACTGCCCAAGCCCGTGCTGGAGTGCTTGGATGCGAGTCTTGAGCATCTAGCCCTACATCTGGCGGACCCGTCCCATACGAATCTTGGCAAGCAGTTCACCTTTTATGCCAAGGGGCGCATCGACTACACGCCTCATGCAGCACACATTGAAAAACTGATAGGGGCTGCCCAAGAAAGGCGTGTCTGCCTTGTCCGCTATAAAGCTCCAGGTCGTGAAACCGCGCGCGAGCATCGCTTTCTTCCTGTGCGCATAGCGGCCATGAATAACGCTCTCTATGCACTTGGCGGGCAGGTCGGCACACAATGCGACGTTGTGGAGCGACCCTGTAATCTGGCGATACACCGTGTGCACGATGTCATTATGACAGATAAGCATCTTAGCTTTAGCCTGCCGGAAGAAGGGAACAGTTTTGGCCTACCGTGGCATGAGCCATGTACTTTCACTATTCGCTTCAGCTCCAAGGTGGCTGAATATGTACGTGAGCGGGTCTGGGCTGATGAACAGCATATAGAAGATATAAGTGATGGGGGACTATTGCTTACTCTTACTACCCGTAGCAAACCTGAGTTAGATGCTTGGGTGCGCAGTTTTGGTGAAGATGCGGTAATGTACTCCAATAATATTATAAAATCTGTTTCAGCATAATGAAATTGCTGACTTATTCTCGGCATAAAAGGAAAATCTATGTTGCGGATAATTTTAGTCGTGGGAGTAGGCATAGCGCTCGGAACTATTGGCGTATCTTATCTGAAAGGTTTTCAAAAAGGGCTTCGAGATAATGAAAATAAACAGAACTCTTACTTGGAACCGAAAAAATTTTCACAATTCGTTAGAGAGGCCGCATGATTGTTCCTCCTCTGCCGTACCCCATGCCGCTGCCTTGGAAAATAGAGATAGCAGCAGTGATATTTTGCTTCTTCTTTTCCAATGATGAACGCATTAAAAAGAATATAAAAGTGCTTTGCGGATACGCTGACAAGCTTGGCTATGACCATGGGGAAAAATGGAAAAATTAATTGCGATCATATCCCTAACTTCGTTTTCTTGTTCACGCTGCGGAGCATGCTGTAGTCATCTAAGAGCGTTTGGCGATATATATTCAGATTTAGATGACGGGAATGGCATCTGTATTTTTTACGATAGCATCATGCATGCTTGCCTACAATACGAAACACGGCCTTTACGATGCCGTATTATTGAAGGATATGAATTTTTCAAGCAGTACATGTCTTTTGAAGAATATATCTTCAAGACAAAACAAGGCTGCGCCTATCTGCAAACTTTAATCTGAGGAGCAATTATGTTTTCAGAAAATTTTAATCCAAAACAGCAGGCAGTATTCTTAGGGCTACTTGACCGGCTTATTATGGCCGACGGCGTAATAACCGTCCATGAGGACGTCAAGATGCGGGAATTCCAAGCAGCTTTTCCAGACGTCATCGCCGAAGACATACCAGATGATATACTGAGAACTGTTTTTACAGCTCGCAGGGACAAAGTCGCTGTACTGCTTGAACTTCTTTCCGTCGCTTTAGCTGAAAGATCTCTGAATAAGGATGATGAACAATTTTTGGAAAAACTTTGCATTATGCTCGGCCTTTCTCAAAGAGATCTGGGCTGGATGCAGTCATGGGTAGAGAATATGATTTTTCTCATTAAGCAAGCTAACAAGTTTATGGAGGATTAAACTATGCCATTACCGTTTATTCCAATTCTGCTCGGTGCTGCTGCTCTTATCACCGGTGGGTATGGCGTGAAAAAAGGCCTGGACGCCAAGGAAGATTTTGACAGGGCGGAGTCCATTACCGCTAACGCCCGGAGCATATATGACAAGGCCAGCAGATCCTTGGAACGAACTAGGGAGGACGCGCAGGATGCCTTGG
NZ_CP014229.1_gap74	3621183	3623127	1944	GCGGCCCAGCACTACCACCCGCGCCCAGACGGAGAACGGGGCGGCATACCGATATGTTGTCCGTCAAACCGTCACGGATGCGGGCTGTCGGGCAGGAGAAAGAACACTCAAAGGCTTGTTGGCCGAAGTGGGTATGCTGGTGGTAGGCGGAGCTGTCTGGGAATTACGGGAAGCGGCGGAAAATCCCCATTCGCTGAGCATCGGGCAGCGCTTTGAGCGTTTTTGGGGCGTGATCTGGGGAAAACTGACCTCCAGCGCTGTGGTACGTGCGGGCAAGGAGTTCGGACTGGAAGCCTTGAAGTTGCTGATGGGCGCGCTACGCAGCATCTTCAAGTCTGCAGGGGTGCTACTGTCCACCATAGGTCAGGGGCTCAACACAGTGTGGGAGTCCGTGTACGGCTATTTGACCGGAAAAATTTCGTCCTTTTCCCAGTTAGTGTCAATTATTCTCAAAAGTTTGACCACGGTTGGTATCGGTACTCTAGCCTATATGTTGGAACAACAACTTACTGCGCTGGGCATACCCAACATTCTCGGAGAGCTTTTAGCGACGGCCTTGGCGGCCGTAGCCATTGTCTTCGCCAACAGAACCATTGACGCCTCCATTTACGTACTGGTGAACCTTTTTTCCGGCGCGGAAGCCTCCAAAATTCGGCTGGAACGCATTGAAGAACTGTGCAGGGAAGCCATCCCCCGCCTGAGCGCTGAACGGGAAAACCTTGAACGCACCATACAAAGCTACTACCAGGAAAGGAAAACCCTTTTCAACGCTGTGTTCCACGATTTCAAATCAGCTCTGTCCTCCAGGGACACTGTAAAGACATTCATGGCTCTGGAAACACTTAACCAGGATTTTGGATGTACCCTTGGCTGGAAGACAGAGGAAGAGTTCGATGAAATGATGGAAAGAGACGCAGTCTTTGTTCTGTAGTTTTTTATAAAATTAAGGGAATTGTGGATATGGATGGACAAGGAAAATCAACAGTATAGCGGATGAACTTTCCGTGTCATTGCTATTCGGTTAAGGAGAAAAAATAGCTCTGGTCAAACTGATCCATCAGAGTGAAGTTTTTCTTCAGTCTGGTGAACTCTCGATGTTCTTCAAGCAGGCGCAAACAGATGGAATGCCGCGTGCCCACATACATTTCGTCCACATTGAATGAAAATGCAGGCAACTAAAAGAATATTTATGAAAGGGACATGCAGGAAGATTGGATTATGGTGAATTCGCTCTCTTGAAAAATCTCTTAAACGGCAAATGCCGTTTAAGAGCACTTTTCCTTCCGCAAAGGGAGCTATTTTGTAGATTTTGGTCGTTTTTACCTGATGGGGAAGCATAATGTCTGCAATGCCGGTTGTGAATATTACCATGCCGGTCTTTAACCGATACGAGGTTACGCAGGCTGCTATTCTGGCACTACGCAAAACGTCGCAGGAAGTTCCCTTTTGTCTAACAGTGGTGGATAACGGCAGCGATGCGCCGTTGGTGCGCAAGCTTATTGACTTTAAAGAACGCAGTATTATTGACTATCTTTTTCTCCTACCCACAAATATGGGCGTGGCCTGCGCTGCCAACATCGGTTGGCAACTGGTGGATGCCCCTATTTACATGAAGCTGGACAATGACATTGTCATCACAGAACCACACTGGCTGAAAAAGCTTTTCTGCCTCTGGAGACATGGGCAACCCCTCTCCACGCTGGGCGGCGCGTTTAACCGAAAAATGCTTCTGAAACATCCTGGAACTCTGCGGACCAGAGACGGAATCCTCGGCATCTGCCGTACGAATCTGGCTGGTCAGGCCATTCTGATTCCCAAAGAGGTTTCAGACATCTTGGGCCGGTGGAATGAAGACTACGGCCTTTACGGCACGGAGGACGGCGATTATGGCGCGCGCATGATCGCCGCCGGTTTTCCGCAATACTACTATCATGGTCCGGATTT
NZ_CP014229.1_gap75	3627606	3628838	1232	GTTCCCGCCAACAAAATATCCAAATGCTGTTTATACTCAATTGTTTGGAATAAATAACGAAATATTTTTTTTGACTCGATATTGCCATATGCTCTAAAACACGCCATGAATGCGCCAAATGTATACTTATATTCATCTTTACAATAAAAAACTGCTGACTTTCCAACAAGAGCCTTGCTCCCATTGGCCATACAAATTAAAAGATCTCCGTCTCTTAAGATTTGTTTTTCAGAAACACACCGCTTATCAACATGCTGTATAGTTGAAAAAAGAATACAATCATCCTTGATGTTATTCGCACGCAGTAGCCTAATGCTGTCTTCAGTAGCATTGCTGTAAAGGTCAGAATCAGGGTTATATCCCACTCCACGAAGACATTTGCCGACATGAGCCAAAGTGATCTCTTTCCATTCCCCTCCAAATCCAGGCAGTCTTCTCTTGCCCGTAAGCAGTTCCTGCATGGCCCCCTGCTTGATCTGCCGCTTTTTGGCGATACTTTGCTCAAGGGCCTCAATGAGGGCGTCGGCATCGGAGAGAGCAGTGGCGATGGCTATTTGTTCCGAACTATGTGGCGATAATGGAATACAGAATGACTTGAGACTAGCGTTTGTAATTTGATTGATGGTAGCACCGAGATACTCAGAAATTTGCCTCTTTATTATTTCAGATTGAAATAAATAACTGAGCATGGATCCTATTGAGCTTCTAAATACAGTCATGAATGCGCCGAAGGTCATGCCATCTACTCGCTCATCAAGCAGGGCAGATTTTCCTATTAGACTACGGCTGCCATTTCTTACGCAAATAAGCAAATCACCATTTCGCGCTTTTATTCTCTCTGGTATGTTCTTCTTAACATATACATTATCCTCAAAAGAAAGAGAATTATTTTGTATATTCGAAGCACGCAAGACTAATGTACCATATTCACAAACATCATTAGGGCTATACGTCAATCCAATGAGTGCATCTCCAAGCTCTCTTAGTAGCTTCACCTCCCAATCCTCTGGAATCTCCCCCACTTCCGTAAGCTTGTACCCCTTTCGCGCTACCACGAGAATCCCATCCTTTGCAGATGGGCCTGCACCTTGGTCTCCAACTCTTCCACCCTCTTGTCCAGTTCGGGCATAGGGGTGGCATAGCGTTCGGCCAGTTCTTTCACCCGGCCGGTAAGCCGCTGGCCCACGCTGTCCAGTACGGAGGCAAGCGCGCTTTCAAGCTGTGCCAGCCAT
NZ_CP014229.1_gap76	3664261	3668855	4594	ATCGGCCTCGGCAACGTCTGGCGTTTTCCGTATATCACCGGCGCTTACGGCGGCGCCATTTTTGTGGGCATTTATATTTTCTTTCTCTTCGCCATTCTGCCCATCATGATCATGGAATTCGCCGTGGGCCGCGCCTCGCGCCGGAACATGGGCCTGGCCCTGCGGGTGCTGGAACCCGCGGGCACGTACTGGCACCGTTTCGGCTGGGTGGCCCTGGTGGGCAGCTATATGCTGATGATGTTCTACACCACGGTGACCGGCTGGATGCTTTCCTACTGCTGGTTCATGGCCTCGGGCGCGTTGTCCGGGCTCACGCCCGAGGGCGTGGGCGGCTTTTTCAAGGCGGCTCTGGGCCGGGTGGATGTGCAGATCATCGGCATGAGTCTGAGCGTGGTTCTGGGCTTCGGCGTCTGCGCCCTGGGCGTGCAGAAGGGCGTGGAGCGCGTGGTCAAGCTGATGATGGTGGGCCTGCTGCTGATTCTGGTGCTTCTGGTGGCCCGCGCGCTGCTGCTGCCCGGCGCGGGCGCGGGCGTGCGCTTCTACCTTGTGCCGGACTGGGGCAAGTTCAGCGAGGTGGGCCTGCTCAACGTCTGCAACGCGGCCATGAACCAGGCATTTTTCGCCCTTTCCGTGGGCATCGGGGCCATGACCATCTTCGGCAGCTACCAGCCCAAGGACCGCTCCCTCACCGGGGAGGCGCTCTGGATCATGGGCCTGGACACCTTTGTGGGCATCATGGCCGGGCTGATCATTTTTCCGGCTTGCTTCGCCTTCGGCGTGGAGCCCGGCGCCGGGCCGGGTCTGGTTTTCGTGACACTGCCCAATATCTTCAATTCCATGGGCGGCGGCCGCCTCTGGGGCACGCTCTTTTTCATCTTTCTGGCTTTCGCCTCCCTGTCCACGGTCATCGCGGTGTTTGAAAACATCATTTCCTACAGCGCCGACGTCTGGGGCATGCCCCGCCGCCGGGCCACGGTGCTGCATGCCGGGGCCATGTGGCTGCTGTCCCTGCCCTGCGCCCTGGGCTTCAACCTGCTGAGCTTCGTGCAGCCCCTGGGCGCGGGCAGCAGCATTCTGGATTTTGAGGATTTTCTGATCAGCAACAACGTCCTGCCCCTGGGCGGTCTGCTTTTTCTGCTGTTCTGCTGCCGGCGGCGCGGCTGGGGCTGGGAGAATTTCCTGACCGAAGTGGACCAGGGGGTGGGCGTCAAGTTTCCGCCCTGGCTGCGCGGCTATCTGACCTGGATACTGCCCGCTCTGATCCTCGTGCTCTTCGCGGTCGGCTATGTGGAGAAGTTCGGGCTCATGGAACATCTGAAATTGTTCTGGGCCACCGCATACCGGCCCGGTATGGGAGGCTGGATCGTCGGAATCCTGGCGGCCGGGACGTTGCTTTGGCGGCTGCTGGCCAGGCGGCGTTCGCGCCGCTGAGGCCGGAACAAGGCCCGCTTGCGCGCGACGGCGGCTTGCCATCGGAAGAACATCACGGCATACTGCGGACTCCCGTCCGCCGGGAGGCGCATCCCGGAATCCGCCCTGAACAAGGAATCGCTATGAAACCCACCCTGCTGCAACAAAAAGCGCGCCCCAAGAAACCGCTCTGGCGTGAATACGGTGAAGCCTTGCTGGTAGCTCTGGTCCTGGCCCTGGTGATCCGCACCTTTGTGGTGCAGGCCTTCAAGATCCCCTCGGAATCCATGCTTCAGACCCTGCTGGTGGGCGACCATCTGCTGGCCAGCAAATTCGCCTACGGGATCAAAATCCCCTTTACCGACACCTATGTCTACAAGGGCGACGATCCGGCCAGGGGCGACGTCATCATCTTCAAGTACCCCAATGATCCCAGCGTGGACTATATCAAGCGGATCATCGGCGTGCCCGGCGACGTCATTGAGGTGCGCAACAAGCAGCTCTATCGCAACGGCCAGCCCGTAAAGGAATCCTACATCCGCTTTGCGGATCCTGACGGCGTCGAACCCGTTCGGGACAATTACGGGCCGGTCACCGTGCCGCCCAGCAAATACTTCGTCATGGGCGACAACCGTGACAATTCGCTGGACTCCCGTTTCTGGGGCTTTGTGGACCGCAGCGCCATCCGGGCCAAGGCCTGGCGCATCTACTGGTCCTGGGGCGGGCTGGACGATATCCGCTGGGGACGCATCGGGCAGCAGATCCACTAGGAGCTGTCTCTAAATTGCCCTTTCGCCCTCTGCCGACGTCAGGCTCGCCCCGTGCGAAGGTCGGGTTTGAATACACTCCCTCCGCCCAGGACTCGCCTTCCTTGGCGGAGAGCGAACATCCTTATTTAGAAACAGCTCCAAGGGCGGATTAACTTCAATGTTACATTGCTCCGGCTCGGCGCTGATGGCGCGGCTATGGTGATTCGCCTGTACAGCGGCGGCCTCGAAGGGGTGGACGCCTTTCCGGTGGAAGTCGAGGTGGATTACGTCCGCCAGGGTCTGCCGGGCTTCAGCCTGGTGGGTCTGGCCGAAACCGAGGTGCGCGAGGCCAGGGACCGCGTCTTTGCCGCGCTCCGAGCCTGCAATTTCCGGCTGCCCCCGGCGCGGATCACGGTCAACCTGGCCCCGGCCGGGCGGCGCAAGGCCGGAACCGGCTACGATCTGCCGCTGGCCGTGGGTCTGCTGGCCGCCGCCGGTCTGATCCCCGTGGACAGGGTGCGGGGCCTGTTTTTTATCGGCGAACTTTCATTGACCGGGGCCCTCAAGCCCGTGCGCGGCGTGCTGCCTCTGGCCATTCTGGCCCGGCGGCGTGAGGCCGCCGGTCTGGTGGCCCCGCCGGACAATGCGGCGGAAGCCGCCGTGGTGCGCGGCCTTCAGGTCTACGCACCGCGCGATCTGGCCCAGTGCGCGGCCTTTCTGGCCGGAGCCGAAGCCCTGGAAGCCCGGCAACCGGGCGCGCCTCCCGCGCAACCGTCCTTCCCCATGCCGGATTTCGCGGAGGTCAAAGGTCAGCAAGCCGCCAAGCGCGCTCTGGAAGTGGCCGCCGCCGGAGGGCACAATCTGCTGCTGATCGGGCCGCCGGGCAGCGGCAAAACCATGCTGGCCCAACGCCTGCCCACCATCCTGCCGCCTCTTTCCTTTGAAGAGGCCCTGGAAGTCACCAAAATCTACAGCGTGGCGGGCCATCTGCAGCCGGACGCGGGCCTGGTGGCCGCGCGTCCTTTCCGCTCACCGCATCATACGGTTTCGGACGTGGCCCTGGTGGGCGGCGGCAGGCAGTCCCGGCCCGGCGAGGTCAGCCTGGCCCATCGCGGAGTGCTTTTTCTGGACGAGTTGCCGGAATACAACAAGCCCGCCCTGGAGGCGCTGCGACAGCCCCTGGAAGACGGCGTGGTGACCGTGGCCCGCGCGGCCCAGAGCATCACCTATCCGGCGGCCTGCATGCTGGTGGCGGCCATGAATCCCTGCCCCTGCGGCTATCACGGCGATCCCGCGCATGCCTGCACCTGCCGACCGGAGCAACTGGCCCGCTATCGCAACAAACTCTCAGGTCCGCTGCTGGACCGCATTGATCTGCATGTGGAAGTGCCTGCCGTGCCCTATGCGGATTTGCGCGCCACGGAAGGCGGCGTCTCCTCGGCCGAAATGCGGGCCCGCGTGCTGGCCGCGCGCGCCGTGCAGGAAGAGCGTTTCGCCGGGCTCGCGCCGCGCTGCAACGCGGAACTCTCCGGCGGGCTGCTGGAACGGCATTGCGCCCTGGATGCGGCCGGGCACAGCCTGATGGAGGCGGCCATGCGCCGTCTGGGCCTTTCCGCGCGGGCCTACACCCGCGTGCTGCGTCTGGCCCGGACCATTGCGGATCTGGCCGGAGCCGGGCGCATCAGCGCCGAACATCTGGCCGAGGCCGTGGCCCTGCGCGTGCTGGATCGCGGCGGCAGGGCAGACGCATAACCGGCGCAAATGAATTGAACTTACGGCTTCGTAGCGCGAGGCTGCGAGAGCAGCAGTTACATGGCATATGGTTATAAAAGAGCCCCGGCGGGTCAAGGCCGGGGCTCTTTGCGGATAATGCCGAAAATCGTTGTGCGCGCAACAGCGCGCTACTGGCTCATAAAGGCCGACATGGTCACCAGCGTATCCGTTACGGCGGAGTCAAAATGGTTCATGGCCGGACCTGTGTCCGCACCGGCCTTGATGGCCATCTCCAGTTCCAGAGCGGCGGCGGCCAGAGCCTTGGCCCCCAAATTGGCGGCCGCGCCCTTGGTGCTGTGCACCAGCTGGCGGGCGGTTTCCGTATCGCCGTTTTTCAGGGCCTGTTCCACCTTGGCCGGGCTGTCCCGCTCCGTCTCAATGAATTTTTGCAACAGCTTGACGTACAGGTCGCGTTTGTTGAGCACGCGGGCAATGGCTTCCTTCCAATCCAGAACTTCCTCGCTCATGATGTCCTTCTTAGCGTGGTTTGGTGAAAAAACGGATATGCTGTCCGGGAATGATGCCAGCAAGACCGGCCCATGACAAGGTCTTTATGCCGGACGCGTCCGGTATGGCGTTTGACGCGCTTCCGCTGCTTTCCTCTCTTGCGGCGGACGTTTGCGAAGCACGCGCAGGGCATTTGTGAAATCCTCTCGGGTAAC
NZ_CP014229.1_gap77	3698810	3699310	500	CCTTGAGGGCGTCGCCCGCCGAGCAGGCCCCCTGAATGCCCAGCACGCGCCTGGTGGGCTTGTCCACCACCAGCTCCAGGCTCATCATGTTCTTTTCGGGGTAGAAGTGGGCGCGGTCCAGCTGCTCCACGCTGACGCCGATGGCGTCATAGCCTTCCTTACGGGCGCGCTCCACGGTAAGGCCCGTGCCGCAGAAGGACATTTCAAAGAGCTTGACCGCCCAGGTGCCCACATAGCCGGGGAAGGTGGCGTCGCCGCCCGCCAGATTGGTGCCGATGACCCGGCCCTGGCGGTTGGCCATGCTGCCCAGGGGCAGATAGCCCAGCTTGTCGGTGATGATGTTCCTGATGGCCACGCAGTCGCCGCCGGCGTAGATGGCCGGGTCGGAGGTGCGCATGTGCTCGTCCACCACCACCGCGCCGAAGGGGGCCACGTCCAGGCCCGCGTCCTTGGCCAACCGGCCGTTGGGGATAAAGCCCGCGGCGAAGATCACCAGCTGG
