gap_id	start	end	length	sequence
NZ_CP137850.1_gap1	69300	71723	2423	TTGCATTTCTTCTTGCGGTAAGATATTTGATAATTTTTGATATTCTGAATCAATATCTTCTTGGTTAATTCCAAAATTGTATTGTTTCATAACAAGAATTGTTCAGAAGTAATTTTCAATAGTTGAAGAAACTAATTGTACTTTATCCCCCTTGAATTCAGGAGAAAATTCAAATGCTTTCAAATCATTTTGAATTAAATCATCTGGTAATTGAAATTTGCCTTTATTCTTTTCTAATATTGAAGTCATAACTTTTTCTCCATAAGAGAATAAAGAATCATTTACAGTTTGTTCTAATGTTACATCATGAATATGTGATTCTACATCTTTAAGAGTTTTAATTGTAGGTATATTTAATAAATGAACATTTAGCTCGTTAATGGGCATCTCTTGGAATGAAAAAATTAATATTAATTCCAATTCATATTTCATACCATAAGCTTCTACACTTCTTGTCTCGTGCGGTTTCATACCTACAAGAATTTTTTCGATAGGATTTTCTGCTGAAATATTTGCAATAGCTGTAAATTTTTCAGCTTTTGTTTCATCGCCAACTGGTCATATTCTAAATTCTACATTATCTCCACTTTCAACTGCATCTTTACTGCTTGGTATTCTAAATCTATAACTTTTCATAAAGTTTTCAGTAAATAATTTAACACTTGATTCAAAATCAGAAGGAATTTCAAATTTAATATTTGGATTAATGTCAATTTCAAAGTTTTTTAAATTATCTTGATAATATGTTTTAAAATCAAAGCTTACTTCATCAATATTGTATTTTTCATTTGAAACAATCGGTAAGAAATAAATTTTGTCTTCTTGTGTATTATTATTTACAGACATTTCTCTATTTCTGTAAAACTCAACTAGATTATTAAATGCTGTTTCAATAATAAGTTTTTGTTCGATTTTTTGCCCTTGTTGTTTATTTCTTTCTAGGAATTGTAAAGCATCGTTTTGTGCTTTTAGTCAATCTTCTTTTGGTAATTCTATGTGTTTTGTTTCGAATTTCATATTTCCTCTTTTCGTATTTAATAATTATATATTATTAAAAATAAAATATAGCTATATTTAGCAAATACCAAGGCTACTTGCTTAAAAAAATATTACACTCGTTTGAGTGCAAATTAATTAATTTGATTTTTGTAAATATTATAATAAAGAGCTAATTGTAACTTAAGTTTATTATCCATTTTTTCATTAAAATAAATAACTTTAATTCTTGATGGTTCACCTTCTAAAAGCTCAAACTTATTCACATTAGCAAGATTAAGTCTAGCTTTATCTGGGTTTTTTCCTGGACATAAAACTCTTTCTTTATAGTATGATTCTAATTCTCCGTTGGGCATACTGATTAATGTGATTACTAAAATATCCAAATTATCTCTATCATATAGTATTGTTAGGAAATATGATAAGCAAATTTTTTCTTCGTTTTTCCCTTTATTATAAAATGTAGGTAAAGCTGGTACATATTCTCGTTTTTCAAATCCATTCTTTATATTTATAAAACCTTTATAAGAATTTTGATTCTTACCTATAAATATACTTGAACGAAAATCGTTTAAATTATGTGTTTGTACAGTTTTCATATCGATATGAATAAAAGCGTCTTCTACTTCAAAAAACATATCAGAACCAACAGGTGCTGAATTAGGCTGTCCAATAGCCTTGCTATTCATAAGTGAATAAACAATTCTTTCTGCACCTACTGCAAAGTCGCTAATTCCTTTTCCGTCTTCTGAACCATATAATCCAAATCAATCGTCTCGTATCTTTTCTTTTGTTTTAAATCCTATAAACATTTCATCTTGTACAAATTTTAGGAAATAATAATATTTATTTAAATATCTTAGTTCTAGTTTTTCTATTTCTATTAATAAGTCTTTATCGTTACTTTTTATCATAGTATTCATCCAATATTTCTTTTATTCCGCCAGCCACTTTTTGAGCTAAAATAACGGGAACCGCATTACCTATTTGTCTATATTGAGAAGATAAATTACCCTTGAAAATAAAATCTAAAGGGAATGTTTGAATTAAAGCACATTCTCTAGCTGATAATCTGCGTTCTTTATTAATATGTATTTCTGGACTTGTTGCTGTTATTGTGTCACTTGGTCTGTTTCAATTAGTTATTCTTAAGGACTGTTCAAAACGAATAGGTTTTTCAACAAATTCAGTAACTTGCTTATCGTATTTATTATCAAAGCCAAAAATTTTCTTTAATTCTCATCAATCTGATGGTTTAGGTATAGAACCAGAGTTATTATCTTTTCTGAATCAATGTCCTGCAGTGTGTTTATACCCAAAATGCTTATCAACTTCAGAAGTTTTTCATCCAGATTTATCGCGTCAATATCTCAAGTAATCGCATATATCTGCCTGATTTATTTCATGCTTTCTTCCCATGAATTTGT
NZ_CP137850.1_gap2	74958	76437	1479	AAACCTGTTCGAAAAAAAATGGACTAATTTTAAAAATTAAGACATCAAGCATCGCTTGGTGTTTTTCAATCTAAGACAGATTGAATTCGTGAATTATTATATCAGTTTATAAAGTAATTTGCTCTAAGAACAAATTCATCATAAGTTAATTCCTTAATGTTAATTTTGTATAGAAATTCTGATTTAAAAATGCTGAAAAAGTATTCTATCTCTCTGTTGTCTAAAGAATTTCCTACTCTGCTCATTGAAATAATTACATTATTTTTGTTAATTGTTTCATATTCACCTCAATAAAAAATTGAACTCTAAAGAGTCCAATAATTTTGAACGGGTTTAATTTTTATTTACTCTTTAGCTAAATGAAATGGGATGAATAAACATGATTTTAACAATGTTTTTCTCTCGTATATTTATCACATCATGGGAGAAAAATATCCATTTAATTTACTTAAATGACAAATCGAAACCTTTGTGCCATGAACTAAAAAAATACCAAGTAAATTCGAATAATAATTAGGATAAAAATTAATTAATTTTATTTGCACTTCATCGCATTGATGGAGTGTTTTTAACAAATGAATAAGTCAAATTTTGTATAATTTTATTATGAAAAACAAGTTAATTAAAAGTATATTTATTACTACAGCATTTTCTTTGCTTGTAATTAGTGCTGTATCTTGTATAACAAACGCAAGTGAAAGACAAAAAGAAATTGATATAAATAATGCAAAAAAAGATTTGCAACAAGTACTATCTACAATACAAGTAACATTAAAAACTTCTGTTGATAGACTCGCAACATTTCCTTCACAAATCAAAGAAAATGATTTGGTAATTGATGGGATAGATCGTAATGTTTATGATATAGAAACCAGTGGAACGTATAATGATACTAAGCTTGGTTTATTTGCTTATGATAAGACAGGAAGATTAATTGTTAAGCTAGCAATTTATAATAAAAAATTTAGAAATAAAGTAAATACACAAAAAGATTTTACTATAAATGATTTAAGAAAAGTAGGGGATATTATACCTGTTCCAAAACCTATACCTTTACCTAGTCCAAATCCGCCAGTTATACAACCAAATCCAAAACCAAAACCTCCTGTTAATCCACAACCCCCAACACATTTACCCCCTGCATTTCCGCCTTTTAACATAAAGGATCAAATATTACAAAATAACCAGTATCCAAATTATGTTTCTAAATATAATAAAGTCGATAGCAATCTTTTATATCAAGAAATTTGAAATAGAACATTTTCTATTAGACCTGGAACATTATTAAACAAAAATGATGAAAATAGTTTATTGGTGGGCCAAGGTACAGGCTGGGTATTAGATTATTATAAGCAAGACAATAATCACTATAAATTATTCATAGCAACAAATTTACATGTTATAGGTAATTATGCTAACACAAATGACACAAATATTGATATTTTATTAAATTACAATGATCCTAGTGGTAGTGTTCCA
NZ_CP137850.1_gap3	78301	82312	4011	ATCAGCCATTACCATCGAAGGTAATTCTCCACCTGTTAGTACATAATCACCAATTGATAATTCGATATCAACTAATTCGACTACACGCTCATCAAATCCTTCATATCTACCTGAGATAAAAGTAATTTGATCATATTGCGATAATTCTTGTGCTATTTCTTGAGTAAATGTTTTTCCTTGCGGAGAAACAAGAACTTTATAACCACCGCGGTTAGGTAATGAATCAAGTGCTAAATCAATTGGCTCTACTTGAAGTAATAAACCGTGACCTCCACCATATATTTCATCATCAACTTTGCGATGCTTATCTTTACTGAAGTTTCTAAAATCTACTACAGAAAAATCAACTAGTTCTTTTTCTTTAGCTCTTTTAACTATACTTTCGTTAATAAAAGGTTCAAAGTAATTAGGAAATAATGTAAGAAAATTAATTTTCATTATTTTTTAAGTTCTAAAGTTAAATTGTGAGCTCTAAATAAGTTAGCTACAGTAACGGTTGGTTTAGCACCTTGTTTAATTCATTTAGAAGTTAATTCTTTATCTAAAACAAATTCTTTTGTTTTAGGGTTGTAGTGTCCTAAAGCTTCGATAAATTTACCATCACGTGGAGCTCTTGAGTCAGCAGCGACAATTTTATAAACTGGTCTGAATTTGTCTCCCATTCTTTTTAATCTAATTTTAACCATTTGTCCTCCTTTTGGTGTCAAGCAATAGTGCTTGACAGCTGTTTAAATATGCATATATTATAGTAGAAAGTTTGTGATTTTGAAATATTTTTTATAAGGATATTTTTGCTGGAAAATACCAAAAAATCTTATGAAATAATTAGCTTATATTTTAAAAGCGATCATTTGTATCAAAAGAAATGCACCTTAAAATTAGATTAATTAGAACAAATGTGGAAATGATTAAAAAATTTTCATATTCTATTTTGCGATGAAATATGGCGCATAATTTTGTAGTAAAATTTAAAATAATATAAGAAAACAAGGAGAAAAATATGAAAAAAACTAAAACTATTTTACTTTCTTTTACTGGATTATCAATAATTTCTGCTCCAATAATTGCTGTATCATGTCAAGATACTAAACAAAATGAAAGCAACTCTACAACCACAAATACACCAGCAAATACACCAGCAAATACACCAGCAAATACACCAGCAAATACACCAGCAAATACACCAGCAAATACACCAGCAAATACACCAGCAAATACACCAGCAAATACACCAGCAAATACACCAGCAAATACACCAGCAAATACACCAGCAAATACACCAGCAAATACACCAGCAAATACACCAGCAAATACACCAGCAAATACACCAGCAAATACACCAGCAAAACCAATAACAAATGATTTAACAAACATTGTTATACCAAAAGAAGCTAAAGCTAAATTTAAATATCAATATGATAAATCTAATGATTACTATGCTGAAGCTGATGGCAAATCAGGTTTAGAACTATTAGATGCTTTATTAAATATACAAAAAAGAAATTTAGTTGGTGTAAAACACGGTCAAGCTGGATATAATTACTTAAAGACTATATACAATAGTTCAGATGCTTTTAAAGATAAATATTTTGAAAAAGATAACTCAATGCTCGATATTTATTCAGAAAATCCAAATGGCAGCGACCCTTATACTTTCTCACATTATGAAACACCTAAGCATTATAAAGACAAAGAAGGTGAAGGAATGAACAGGGAACATGTTATTCCTCAATCTTGATTTACTACAAAGGCTGAACAAAAAACAAATACCACTCGTAATGATGCACAATTTGTATTCCCGACAGATATTTATGTAAATAAAATAAGAGGAAATTACCCACACGATGATGTTGTAGAAAAGGATTCAAATAATAAGTTTAAGCAAGGCAGTTATTTAGGAAAAAACAGCATAGGTAAAATTGCTATGGAACCGCTTGATGCATTTAAAGGTGATATAGCCAGAGCTTATTTATATTTTATGGTTACTTATAGAGACCTTGATATTGATTATGCAAATTCTATATATGTCGATAAAACAGTTTTTAAACTTTTACCTCATTATTTAAATACCTACCTTAATTGAAATATAAAAGATCAAGTTGATCCATGGGATGTTACAAGAAATAATGAAATAGCAAGAATGGAGCAAATGCGTAATCCATTTATTGATTATCCAAATTTAGCTGATAATTTATTTGGACAAAACCCTAAACCATTTAAAAACCTTGGTGTTTTAGTTAATGCAATTCCGATTACAGAGCAAAAATAATTAGAAATAAAAAGATCAACCCAATGAAAGGTTGATTTTTTATAAAACAGCAGTTACTAAATATCATGATGGTAAATATTGTGGATATACCATATTGACAATTAAAAATGCTAACAATGATAGTAAGAATATAGATACGATTAAATCAACTCAAGTTGGTTTAATTTTTCTATATTTAGTTCTTTGAGAATATGGATCATATCCACGAGTTTCCATTGAGTTAGATAAATCTTCTGCTCTAGCAAAAGATGAAACAAATAATGGAATTATCAATGTAGAGAAAGCATTAATTTTTTCTTTTAAATTACCATGCTTAAAGTCAACACCACGAGATGATTGAGCTTTCATAATTCTATTAGCTTCATCGATTAAAGTAGGAATAAAACGTAAAGCAATTGATATTATCATAGCAATAACATGTGTAGGGACAAATATTAATTTTAATGGTAATAAAATATCTTCAATTGATTTAGTTAATAAAATAGGACGAGTAGTATTTGTTAATAATGCAGTTGTTAAAATCATTATGTAAATTCTAAAGAATAGAGATAATGTTCTATTAATAGAATCCAAGGAAATACCATATTGAATATTTAATTTACTTAATTCAGAACTAATACCAATAAATTTTCCTGCACTATCATACATTGGGATTTTTATTTCAAAAGTATTAGAAGAAGTTGCTCATTTTCAAAAGGTATATTTAGGATCATACATATAAACTAATCAAGTTTTACCCAGTGGATTTTTGGATTCATACATTGATGCGACATCTTTGTACACAGTTTCATTTGTAATTGTGTAAATATTCACAAAGAAAATGATAAAGGAAATAAAGAATGGTAATCACATTAATTTAAATAATGGTTTTACTCTTTTGTTTGTGGTTATATACACAACAACTAATGGTATTAATAAGATAATTAAATCAATAAAGTATGAAACCATAAATACCATTACAATATAAAGAATAACTGTTAATAATTTAATTCTAGGATCAAGATTATATAAGAAACCTTTTCCAGGGATATAACGTCCGAAAACACTTTTCATTAGTTACCCCCCTTGTATGAATTTAAGAAATTAACTAAATCATCTTCAGATAATATTTTGGGTACAGGTATACCTTTAGCTCTTAATTTATTAGCGAAAGCTAATAAATGCGGTGGTTGAAGATTGTTTTCTTTTAAGAATTCAACATCATTTAATACATCATATGGTTCATCATCACGAACTATTTTTCCTTTTTTAAAAAGAATAATTCTTTTTGCATATTTCAAGATATTATCTAAATCATGTGTAACATTGATAATTGTTTTACCTTGTTTATTTAAATTATTTAAAATTTCCAAAATTTCATTTACTCCGACAGGATCTAAACCTGCGGTTGGCTCATCGACAACAAGGAAATCAGGTTGCATCGCTAAAATTCCAGCAATAGCAACACGACGCTTTTGACCACCACTCAATTCAAACGGACTTCTGTCTAAATATTCTGGACCAAGACCGACTAAAGTTAAAGATTCTTGTGCTAATTGATATGCGGTTTCTTTTGCAACACCAAAAGCCATTGGACCAAAAGCAATATCTTCTTGAATTGTAGCTTTAAATAATTGGTATTCAGCAAACTGAAAAACAATACCGACATGTTTTCTTAGTTGTTTTGGGTCTTTATTGAATACTTTTCCCTTACCTTTTTTAGTAAAAATAATATTATCTTGTATGTATTTAAGTCTGTGAAT
NZ_CP137850.1_gap4	100796	101814	1018	GGGTGAAGTCGTAACAAGGTATCCCTACGAGAACGTGGGGATGGATTACCTCCTTTCTACGGAGTACAAAATAACAATTTATTTGTTACTTATTTACAATTTACCTTATTATAATAAGCTGTCATTATATATCTAGTTTTGAGAGAACTTTCTCTCTTATGTTCTTTGAAAACTGAATAGTAAAGATATTAATATAACAACGACATCAAAAAATAAATTAGTCAATTTGTTTTGTGATACCGAGAAATTATTAGAAATAATAATTCGTTAAAATGTCTTTGAATACATCAACAACAATAGGAAAATATTGTTACAACTTTTAAATAAGTAAGAGTTTGTGGTGGATGCCTTGGGTCTGAAAGTCGATGAAGGACGTGATTACCTGCGATAAGCCTCGTGGAGCTGGATATAAGCACCAAAACGGGGATTTCCGAATGGGGAAACCTAACTAGAGTAATGTCTAGTTGCTATGGAATGAATAAAATAGTTCCATTTGCGAGACACGTTGTGAACTGAAACATCTTAGTAGCAACAGGAAAAGAAAATAAAAATGATTTCATCAGTAGCGGCGAGCGAACGTGAAAGAGCCCAAACCAGTTTTTTAAACTGGGGTTGTAGGACTATCTACATAAAGTTACAAATCTTTGTTATAGCAGAATAGTTTGGGAAAACTAAGCACAGAGGGTGATACTCCCGTAAGCGAAATAGCAAAGACTTTTGATAGTATCCTGAGTAAGGCGGGGCACGCGAAACCCTGTCTGAATCTGCCTGGGACCATCCGGTAAGGCTAAATACTAATCAGACACCGATAGTGAACTAGTACCGTGAGGGAAAGGTGAAAGAACCCCGGGAGGGGAGTGAAATAGAATCTGAAACCACTTACTTACAATTAGTCAGAGCCCGTTAATGGGTGATGGCGTACATCTTGCAGTATGGACTGGCGAGTTATGTTAACATGCGAGGTTAAGCAGAAAAGCGGAGCCGCAGAGAAATCGAGTCTTAATAGGGCGTCTAGTAT
NZ_CP137850.1_gap5	221742	225663	3921	ACATGGGATTTTTAAGATTTGCATTTTCAAAAGAATACAGATTAAACCGTTTAGCTATAAAAATTAACTTATTAGCTTATAAATACAAATTTGAATCAGCTTCAGGGAATCGTAAAAATGCTATTCAAATAGCAAATAAAATTGTGAAATTAAATAGTAAAAGACAATTTATTGATCAAAACTCATCAAATATAGCTTTAAAAAATATTTACTGTGTTTCAGGAACATTGTTTTTAGTCTTAGCAATTAGTATTATAGCTTGATATATTGGTTTCTTTGTTAATGATGATATTATTAAGAACGGAATTATTAAAAATAGATGAGTGTTATTAGCTTTAATGACATCAGGTATGACTTTACTTGTAATATTTGTAATAGTAGGAAGATTTGCGATGAAGACTGAAAAATATTTAGTTTTTGTTCCTATTATTGTGTTCTGTGCATTTCTTGAGTTAATAAACATCCCAATACTTTCATTTGCTGACCTATATTCATTAGGAAATAGTGATACTAAGGATATTTTTGTGTGAATTACTCAGCATATATTAACCAGTCCTATTAAAATATGATTCAATGTATTTGTTATTTATTATGCTTATATGGTAGTGTCAAAATTAATTAATAAAAATGAGCACCTATCATATTAAGAAGGAAATATGAGTAAAAAAATCTTAACTATTGAAAATATATTTATCAAAAAGGCACAAAACTCCGAACATAATAAGTGACCTTTTGCTAATATTTCAATTCCTTGATTGGAATTAAAATATAACACTTTAAATGCATTTTATATTTCAAACAATAATACGAACTTATCTTTTGAACATATTGTTTCTGAAATTTCGAGAAATCATAATGCTCAAATTACATATTTTGATCCTAACACCAAGAAATATTGAGATTTTGATAAATATTTAAAATTTAGCAAGAAAAATAAAGAAATCTTAAAGAAGGTTTCTTATTTTGATATTAATGAGATAACAAATCAAGAAGATGAAAATATTCCGCTATTTGAACTTTGACAAGATTGTCAAAATTCTGTTACTGATGTCATAAAGTTAACTAATTTAAACAACATTTATTCAAATCTAGACTATACAATGAAAAATGTCATCTTCAATAATATTAAACAACGTTCGACTAGTTTAACTAATGTAAATAATTATTTTGTTAAAACTGTAAATGGAATTGAGCAAACACTAAGATTAAAATTAAATAATCCTTCTGCTGATATTACACAAGAAATTGAAAACTTAATTTATATTTTATCTAACTATAAAATATCAGTTATGAAAGAATGCTTTGAAATATTTAAATCACTAAAAAATGAATATAGAACTTTAGAACATGGATTGCAAACTAGCAATATTAACCAACAAAAAGATTTAATTTATCAAAGTCAAATTAAACTTAAATATATGAAGATGATAAACTCAATGTCATTAGTAAAAGTAGAAAATGACATGAAGATTAAAGATTTAAATATTCAAATAAATTTCTATAAACAATATAAAGCATCTTTAATTAAATTTTCGTGCAAGTACATTTATTATCAAATATCACTCGTAAAGAAACAAATTAAAATACTTAAACAAAAAAGAAATATGGTTGATATCTTATCTGAAGAATATTTTGACCTTGCGAAGGATATTTTAATCAAGAAGCTTGAACTAAGAATTTGATCTAGAAACTTTAACTCTTTAAAATACTTAACTGAAAATGAACTTAATGAATTAAAGCAAACAATTAATTCAGAAATTAAGTTATTTATCTTAAATAATTTCACTCAAGAAAAAAACAGCTATAAAAATGCCACAGTATCTCGTATTAAAGATTTCATTTATGATCAGTTTTACTTTAATATAAAGCCGTTTACATCAATGTCAAAAATAACATATGATTTTATAAATGAAAATATAGCAAAATGTAAACACGAAATATACCAAATTCAAAATAGGAGATTTAATCATTTACCCAACTATAAAAACATAGTTGCAGTGCATAATTTAGAAGAAAAAATCAAATTTGCACAATCCGAATTAGATTGAGCCAAATATTCTGAAGAAAAGCTTTTTAATTCATTATTAAAATCTAAAGAATTTAAATTAAATTTAGTTAAAGTTAATATAAAAAGAACACAAAAAATAGCTTTATCAATGATTGATTCAATTTATAAATTATTACTAGGACACGAAGGAGTCGAACAATTATTAACGGAGCTTGAAGATATTAAGTTATTTATCATAAATAATTGAATATTTAAATTGCTAATAGATTTAATCAATTATGCTTCTTCAAAACAAAAAGCAAGCAATAAATTCTTAAAAAGCATGGCTGCTATGGTTCGTTTCATAGAAGCATATGAAAATGCTTCAGTTTCGGCATTCAACTTTATTAAGCCTTTTAAAGAATTAGGAATTATTGATAAGGCTAAGATAAAGTTAACAAAATTTAACTTATCCAAAAGTCAAATTTTGTTTATTAAAGATAATATGAGTAATATTTCAAATGAAGCTCGTGCAGAGTTTTTAAGAGTATTATTTAATATTGTGAAAACGAATAATATAACTACTATTTTTGTTACTGATAATTTGGACTTTATTAAAAATAAATGTCAATGAGTTTATTTCTTTAATGAAAGTGCCTTATTAGAAGGCGGAAAAGTCAAAGATGTTTTTCATAAACCAATACACCCTGTGGTTAAAGAAATTATCGGAATGAATTCATTATATGATATTGATAAGTTTCAAGACTCTTTATATATTAAAGAAAATATTTATTTCACAGATTCAGAACCGGCACATTTTGTTTATTGTACTTTACATCAATTCCAAGAGTGAACAAATATAACCATTGCAGATAAAAATCAAATAAATAAAGTAATTTTTAGTGATGAAAAAATGTCTAACACAATGATTGCCCATCAATATCAATCACGTTTTTTAGGAGCGGAATTCGTTTTATCAGACGTAAATAAAAAAATTACACCAGAACCATATGATGCTAATGATAATGAGCTGACAAATGAACTAAGAATGTTAGCTTCTGAATCAACTATAAATTAAAAAGCTGTCAATCCACCTAATCGTGAGCTAACAGCTTTTTTTGTGTTCCTTGTATAATAAAATTGCAAATCTAAAGGAAGGAACTAACTTAATTATAATGTTAATAGATTTGAAGTATAACAAAAAAGAGTATTTTGCATAAAAATTGAGGAAAAAGTATATCAAACGGTTATATCAAAAACTCAAAGAGAAGCATATTATCATTTTGCAATAATGGATTCACTAAATGATAACGAAATAAACAAAATCCATAAGGACATAAACAAACTCAGAGAGCAAAATATAACTCATTTCAACATCGAAAAGCTAGCTATTATGTTTAAAAATTTCGCAACACATGAAACACTGAATGATATTTCAAAAACAATGAACGTATCAGCTAAAGTTCTCAAGCAAAATTTAAAACTAGCTATGTGAGATTACACAGCAGAAGACTCATACAAATTTTGCAGTAATTGTAAAAATAGACTAACAACAATTTTTAAAGTTTCACATCGTGAATGAGTTCAGCTCAAAATGCAAAATGTTCAAAATCCAGTTCAACAAATTCATGAAAACACAATTTCAAAATGAGATGATATTGTTCGCTTCTGAAGGTTTTGAAGTAAACAACACAGAATCGTTAAGAGAAAATTATCTAAAGGTATTTTACTTTCAGATAATGAAAAGAAATTTGAACCACTAATATCAGTAACGACATTCTTGGATTACTATAAAGAACAATTGAAGGATAAAAATGCTTTTATACCTACGCCACAAGCTTTTTTATTACTTTATGAATTAAAAAATATGTTAAAGATGTTGATTTCTCTATTTTTATTTTGAAATCAAAAGAGGTATTTCAAAAATCTAATTG
NZ_CP137850.1_gap6	227932	229782	1850	TTTGAAATCAATCTTTAATCTAGATATTCTGTATGCCGGAGCGATATATTTTAATGAGCAAAATATATCTAAATTAAATAAAAAACAACTGAAGAATTATAAAAATTTAATTTCGTATATTGATGCAGACACATTAACATTACTTAATTACGATGGTTATAAAAATATATTATTTAACTACAATGGTTACACTAATCTAATTACAAGACTATTTAAAATACTAAGCAAAAATCAAATAGATCGATTATGAAGCTTATTTGACTATTTTGGTGTAACTGATTTAGCATTAACCCCTTTAAATATGTTATCTAGTGGTCAAAAGCAAAGATTTAACTTTATTTCTGGGGTATTTAATAAATCTGAAATATTACTTTGTGATGAAGTAACAAGTAATTTAGATGTTACATCTTCACATAAAGTATTTGATTATTTAACATCATTAAAAAATAAAAAAATAATAATAGCAGCTATACATGACATTGAATTGGCTATGCAATATTGCGATAAATTAGTAGCAATTAAAGACGGAAAAGTAATGCAAGTATTTAGTAAGGAAAAATTCTCAAAAGAAGAATTACTAGTATATTTTGATGAATAAGCAATTATTTCTTAAAAAGATAACTACTAAAAAATATTTAAAACGACTTACCATACTAGCTATTATAATTTTTGCAATATACTGTTTATATAATTTAGGTTTCTTTTATACTGTACAAAACCCTAGATGAGATAAAGGATGAGAAAACATTAAGTCAATTTTTAGTTTCTCATCTCATCAAAAGGACTTGTCTTATAATATTTGATATTTGAACTTTAAATATTTCTTAATTACTCTGCAAAGTGTTACATTAGGAACATTCTTCGGATTCTTTCTAGCAATAATAACCGGATATTTTTCAGCCACCAATATCCATAAACACAAAATTTTCAGCATTATTTTAAAAGTAATTTTAATGCTTTTAAGAGCTTTTCCGGTTATAGTATTTATCTTGCTTTTCAAAAATGCTTTTAGTGCGCAACTAGCATCTTTTACTCTATATTTCTGATTTACATGATTATGAATGAATCGTTATATTTCTGATTTAATTGAATCTAGTGATACAAAAGTATACTACAGAGATATTTATCTAGGAAAAAATAAAATTGCTTCATTTTATAAAAATATTTATCTACAAGTTAGAATAAAATTTTTCCTTAATTTCTTTATAGCATATGAATCAAATATTAGATGAGTGGCTATTTTAGGATTAGTTGGGATAAATGGATTAGGTATATTTTTCTCTAATCCAAGAATATATAAAGATAGTTTTGGTATAACATTATTATTCATTGCTCTTTTTATTCTTCTTATTGAAATAATTTTATTTAGCTTAAATAAAGTGCTATTAGTTCAAAAAGAAATAAAACCAGCAAATAAAAAGGATATTTATTCATTCAAATATAATTGAAAAAAATATGTCTTGATACTAATGTTAATGTGTTATTTTGCTATCTTAATTTGGGGTTTTATTTCATTAAGTAATTCAGAAATTTATTGAACAACTTTAAACAAATACTTTAGTAGTATATTTAAATTTGATTTCAGTGATTTTAATATTTCATTATTAGCACAATATTGAATTATTATTCAACAAGCATTCTTATCTATAGTAATAGGTTACATATTTGCAGTTTTTTATAGCTATGTATTAAGTGAAAAAATCAATAAAACCTATAATGTATTAGCTTTTAAAAGCTTGCTAACTTTAATTAAAGTTATCCCAACATTCTTTTGATTTTTAATTTTTAATCCTATTATGGATCAAACAACTGCAATTACAATAGCTTTAATAGTTTCGGCTTTTAGGAAG
NZ_CP137850.1_gap7	275598	279600	4002	TGTTACATTTTTTATGTTATAAATTTTGCTCATTTCTATTACAAAAGGAATAAATGTTTTTTGAATCTGTTGTATTACCTTTAAAATAATTTGTAATGAATCGGAATCCCATTTTCATCTGTTGCTAAACCAATAACAACTTAATTTTTCTTTAAATTTACCATCTTTTGAATAACCAGGATATCTCAAACCTGTTCTTCTAAAACTTTCAAAATAAGCTGTTGAAGAATCATAAAAAACTAATTCAATATTTCTAGATGTATTCTTTGTTATTTTTTCGTTTAATTGTTTAAGAATTTTGCTTTCATTGTTGTTCAAAATATCAAGCAATGTGTAATAACTAGATTTTTTATAATCTGGTGTATTTTCGTATTGAAACTTATTTTTATATGTAGAAATTAAGCTATCTGCATTCAAAATTCTTGATGAAACTGTGTACTTTAGTAATCTGTTTAAATCTTTATGTCTTGTTTTTGGTAATGCACTAAATATTTCAAATTTATCAATTAAATCATAAAGAAGATTAATTCCGTAATTAATATTATATGTTTCAGACTTTGAACTATTTAAATCAAACATAATTGCTTGTTTAATTTTGTCTTTTGATTCACTTATTGATAAATTCTTTATTGAATTTTTAATTACATTAATAGGATTTGAATTTAATTCTTGTAATTTTTCCAATCTTCCTAATCCTATTTGATTACTATAACCTTTTCCATATCCATTTGATGTGGCTATCGAAATATATGTATGGTCTTTTCTTTTATGTTTTATGACTATAAATTTACTTTCCATACTCCTATTTTATCATATTATACAAGTAATACAAGTAAAAAAATGAATAATTTATGGGATATGAAAATTCCATATACCAAAGGTATATGAAATCTTATTTAATTTCTAAAATCAATATTTTGAGTCCGTAACTTGGAAACTCAGGAGAAATAATAATGTTTACCCTAAGTTTCCAAGTTATAACGGAATAAAAACGAACATTTCTACCGTATAGACTTGTTCGTTTTTTCATGCTCTAAATTACTTGTACAAATTTATTAAATATCGTTTTTATTAGTTCAAAATCTTGTATTAATGAATTATTTTCACTATTTTTTATGTAAATTTCGTCTACAACATTACCATCTACAACTTTTACAAATTTTTGTGCAGATTTTATCGCTTCTATTGTTCTTTTATTTGTAAATTTATCTATAACACCATAATCATTTAATGATTTATTTATTGTATACAGCAAATATTTGAAAATAACTAATGAAATAAAACATAACAAGAAATGTCCATTTATATGTGCATCAGTTCATACATACATAGGTCTTAACTTCAAGTGAATTTTTTAAAGTTCTAAAGTTTTCTTCTGATTTGTCATTGCTTTGCATAAATTTCCACTATCTCTTGTGCTGATAAATCTCTTCTTGATGTTTCATAAATATAAAATCCATCAAATTGTTTATCTTCATTTAGCTTGATTAAATCTAATTCGTATCGTGCATCACCATTTCTTTTAAAGAATCTATATTTTTTGTGGCCTAATAACTTTGAACCTTCTACATAACCATCTTTATTTTTTAATTTATTGAAATTATTAATCAATATATCTCTATCAGCTTTATCTTTTAAAGCTCGTTTCCTGCTATATGTTATGATTTTTTCTTCTCTGATGACCATTAGGTCTCTTTTGTTATATAAAGATGCTACTGTTTGTTCCTTATATTTAAATTCTTCAGTTCCTATATAATCAGTTTCGTTTAAAACATATTCTTTAAAATCTTTTGGACCTGATTTTAATCTGTATGAAATAACATAATCTATACCTTTTTGTTCTAAAAATCTTAAATTTGCAGTTACAGACATTCCTTTGTCAGCAACTATTGTTACATTTTTTATGTTATAAATTTTGCTCATTTCTATTACAAAAAGGAATAAATGTTTTTGAATCTGTTGTATTACCTTTAAAATAATTTGTAATGAATCGGAATCCCATTTTCATCTGTTGCTAAACCAATAACAACTTAATTTTTCTTTAAATTTACCATCTTTTGAATAACCAGGATATCTCAAACCTGTTCTTCTAAAACTTTCAAAATAAGCTGTTGAAGAATCATAAAAAACTAATTCAATATTTCTAGATGTATTCTTTGTTATTTTTTCGTTTAATTGTTTAAGAATTTTGCTTTCATTGTTGTTCAAAATATCAAGCAATGTGTAATAACTAGATTTTTTATAATCTGGTGTATTTTCGTATTGAAACTTATTTTTATATGTAGAAATTAAGCTATCTGCATTCAAAATTCTTGATGAAACTGTGTACTTTAGTAATCTGTTTAAATCTTTATGTCTTGTTTTTGGTAATGCACTAAATATTTCAAATTTATCAATTAAATCATAAAGAAGATTAATTCCGTAATTAATATTATATGTTTCAGACTTTGAACTATTTAAATCAAACATAATTGCTTGTTTAATTTTGTCTTTTGATTCACTTATTGATAAATTCTTTATTGAATTTTTAATTACATTAATAGATTCTGAATTTAATTCTTGTAATTTTTCCAATCTTCCTAATCCTATTTGATTACTATAACCTTTTCCATATCCATTTGATGTGGCTATCGAAATATATGTATGGTCTTTTCTTTTATGTTTTATGACTATAAATTTACTTTCCATACTCCTATTTTATCATATTATACAAGTAATACAAGTAAAAAAATGAATAATTTATGGGATATGAAAAATTCCATATACCAAAGGTATATGAAATCTTATTTAATTTCTAAAATCAATATTTTGAGTCCGTAACTTGGAAACTCAGGTCTAGAAGATAAACTTCTGGTTTTTTTATCCAGCATATGGTGCAAAGAGTAATAAAGAAATAATAATGTTTACAACAATTATTAAAAACAAAGAAACTTTTCTCTTAGCTAGGAAATATGAACCTATAATTCCAATTGGAACATAAATCTTTAATAAAACATTTTTATAACCAGTAAAATAATTACTTTCTGAAATACCTAAATATCCTTTGGTAGAAGAATTAAAGTAATACTCAGGAACTAATATAGATATTAATAAAGAAATAGCAAGTGATATCATAATACCTGCGACTATTGGTTTCATCACAATTAACATATTAGCAACAAATGAATTAGTTTTAAATTTTTTAACATATTTCATTGTTATTACCATAACAATAATAGCAGGAAGACAAAATACCAAATATGTAATAAACATAGTTATATATCCTCATCAAGAGCCATTAGCAACAACATAACCTGTAAAGAATGCAAATTTAGTCGATACTACACCTGGAGTAGTATTGGCAACTGTGAAGATATTATTAATAGCTGTTTCATCTAATTGAGTAATACCAAAAGTAGAATGCATTAAATTTCATAATCATTGAAAAATGGGCATAAATACTTGACCACCACCAAAAACCGATAGTGATATAAATATAATTAAAGGTATACAAACTATAAATCCTATAATAGGTGTCATCATTTATCCTCCAAATTAATATTATTATAAGTATTATGCTTTATAGTACATTGCATATTTGTTTCTAAATTTGATTCAATTAATTCTTCTTTACCTATTTCACATATTTTTACTTGTTCTTCTTCCTTTTGTTTTTGACTTAATTTTGCTTTTTTCTTTTTAGTTAATAAGTATCAAAATGAATAAATAGCAATAACTACTACTATTGCAACAACTGGTAAGTTATAAGGAGCAGGTATAAATAATGAATAACCAGCTGAAAATAAGAATATTAAAATTCATAGTGGAGTAGACATAGTTTTATGAGCTTGTTTAGCATATCTAACACCAAAATTTATTAAAAATGCAATAATTGCTACTAGCACACCAACTGAAATTATTTTTAAGTATTCAGGCGGAAAGTATTTAGTTAAAACAACTAAGAAAGTAAAAGCCAATAATACATGAGGAATAATTGCCAGTAATGTTAAAATAGTACCTTTT
NZ_CP137850.1_gap8	291841	296266	4425	ATATCGCTGATAGAGTTCAAATCATGCACTTAGGTAAAATTGTTGAATCAGGTAAAACTGAAGCAATCTATGCTAATCCAATTCATCCATATACAATTAACTTATTTAAAGCTATTCCGAAAATTTCTAATGCTAACGAAAAATTCCAAGATGTTAAATTTGAACTTTCATATCTTGAGGAACAAATGTTCCCAAATATTGCTGTAGAACAAGAAGTTGAAGATGGAATACATTATGTATATGGAACAGATGATCAAGTAGCAAAATGATTAAGAAAAAATGAATAAGTTTATTTATAAATCAGGTCTTAAACTCAAAAATGAGTTAAGTTCATTACGATTTTATTTAATTAATTTAGTTTATCTTATTATTTATTTTGCTATTGTTTTAGCATTCTATTTAGTCAATAAACAACACTGAGACTATGCAAAAATGATAGATGCTTTTTCTGTTCCTGCTTTCGTTACTTTCCTTATTAGTTTATTTGCTTTAATTATTAAATTAGGATATTTTGAAAAAACATTTTCAAAATTTAAAATAGCATTAAATAACTTTTCAGATTCTAGAGAACAAAAAGAATTGAAAAAAATGTCAAATGAACATAAAAGAAAGTATCTAGAAAAGAAGGAAGAAATTCGAAAAAAACAAGAATTGCAAAAAGCTTTACATCCAAAAACCAAATTCCCATTTGTTTTTGCAAGCACAATTTATTTCATTATATCAATTGTTTTTATCATTGTTATTTATGCTTAAAATCGCATAACGGACTCAAAGAAGAGTTCGTTTTTTTATTCAACTAAAAATACCAAATAACTCTATAATATAATGCAAAAAAGAAAAATAATGTTATTTTAAAGGAGTAAAAGAAAGCAAAATTTATTAAAAAAATCGCTATGTTTTATTTGATTTATTATATAATATAAACACTATATGGGGCAGTACTCAAGAGGCTGAAGAGGTGGTCCTGCTAAGACTATAGGGGAGGCAACTCCCGCGGAGGTTCAAATCCTCTCTGTCCCGCCATTTTTAACTAGGTAACTAGTTTTTTTTATACCTTTTGAGATCATGTAATATGGAATAAAATAAAAATTTCCACATCCGCAATATAATATTTTTACAAAAAATATTTTTTTGTTCTATAATATAGATATAAACAACAAATTAACCTAATGAGAGGAATAAAAAATATGACTAAAAAAGAATTTATCAATGAAGTTGCTGAACGTTCAGAATTTATGCCAAAAGATGTAGAAAAGATTTTTGATGCAATGGTATTTGTTCTTAAAGAACAATTAATTATGGAAGAAAAAGTTAGATTATCTCGTTTCGGAATTTTCTCAACATCTATTAAACCAGCAAGAACAATGACAAACAAATTCAAGAAAACTGATAAAGAACCAGACTTCATCGAAGTACCACAAAGACGTGTTGTTAAATATACACCATCTAAATACTTACGTGATTTAGTTGATTTTAAAGCTTAGTTAAATATATTTAAATATCCAGGAAATTCAAGAATCATAGGTCTTGAATTTTTCTTTATCTCTTCATACTTAATGTTTTTGGCATATGCAAAGTGTTGATCTAGAAATTGGATTGATAATTTATAAAACTCATTATATAATGCAAAATATACAATTACAAAAGCGATTCCACCATTATTGCTAATTAATCTTAAATAAGAAAGTTGATGTGGTCTAAAGTTTTGATATTCCAACTTATTTTCATTTGTACTTTTAGCTTCAAAACAAATAAATTGACCTTTATACATTCCTATATAATCTACAGTAGATTTACGCAGTGAAAAAGAACCTACAAAAGTATGCGATGATTTTCGTTTAATATTATTAATTTCTATGGGCACTGATTTCTTCTCGATGTAGGCAATATTTTCATTTCAATAATAGTTAATTGTTTGATTAATAATTGTTTCAAGAAACATTCCTTTATTTTTATTATTCATACAATATTCATATATTTTTTTGATATTATGAACTATTTTTAAACTATTAATATTTAAGTAGTAAAATTAATCTATATTGCTATATATTAGGAAAATATGACTAATTTATAATTACTAATTAGTGATAAATTCTATAAAATATATAAAGAAGGTAATTATGAATAAAATATTAATTATTGGTAATTGAAAAATGAATATTACATTTTCAGAAGCTCAAGATTTTATTAATCAAATAAGTGCTCTTTATCAAAAAGATAAAGAACTTTTTCAAAGTAAAATTTCATTTGGAATAGCATCTCCATTTACTAATTTATCAGCTTTTAAAAACATAAATATTGATAATTTCGTACTTGTAGCTCAAGATGTCTCAGCTAATGAATGTGGTTCATTTACTGGAGAAATTAGTGCTTGTATGCTAAAGGATTTAGGTGTTAAATATGCTATTGTTGGTCATAATGAAAGACGCGCAAACCATAAAGAAAGCAATATGCTAATTAATGCTAAAGCTAAAGAGCTAATTAAGCAAGATATTATTCCAATTATTTGTGTTGGTGAAAATTTATCAGAATTCGAACTAGGGATTACTAAAGAAGTTATTAAACAACAAGTTTTAGAATGTACAAAAGACTTAGAGGTGGATAAATATGTAATTGCATATGAACCTGTTTGAGCCACAGGAACTGGTAAATGTGCTACTTCATGTCAAGCACAAGATATATCTGAATTTATTCGTTCATTAGTGAGCAGAGATTGTCATATTTTATATGGTGGTAGTGTTACTGAAACAAATGTCGTTAAATTAATTAATAAAGATGATATTGATGGCTTTTTAATCGGTAAAGCATCACTTAATCCTGAACAATTTTATGCAATATTAAAGGAAGTTGCTTTAAATGAAAGATAATAAAATAAAAGTTTTTATTGATTTTGAAGCTATTACTAATAATTATTTAAAAAGATTACCAATTAACCTTAATATTCGTTTTTTACCATATTGCTATACCATTGGCATTTATCGCGATAATGACCCTAAAAAAGCTTTTATGACTCGTACTTCAATTATGTCTTTTAAAAGCTTTAAATACCGTGTTTATATTAATAAATTAAAAAGTAATTTATTATCTGATATTTCAATATTAGCTAAAGAAGAAATAACAATTCAAAATATTAAAAATAAAGTTGAATTTTATGGTTGAAATCCAGAAATGGAAAATGTAATTTTAAATAAATTATTTAATACAAACTGTTTTAATGTATCAAGACATAAAGGTAGACCAGTTGCTTTAAAAATAATTGTTCCACATTTAGAAAATGTTGATTATTTCCCCCAAACTAAAAAAATATTGACTGAAAAATTTGATGATATAAATATTGAAGAATTTAATGAACCGGGATTTGCATGTTCTTATTTAGGTTATATTCGCCTATGTTTATTTAATAAATTTAAAATGCCTGGTAAAATTCGTATTACTCAATTAGATTTTCAAACAATTGATAGTGAAATTGTTAATTACAATAAAGAAGATGTTATAAAACTTGATTATTGCTATAAGAATCAAGAAATTATATTAGACCGTAGTCGAAAATTAGAATCTATAAATCAAAGAATTGGAAAAAGCTCACAAGAATTACATTCACAGCGTAATCAACTAAAACGATTTAAGAAGTTTGCTTTAGATGATAAGAAAAAAACTCAACATATAGATATTGAAAATCTTAAGAAAACAACTGAATATCAAATTCAAGAACTTAAGTCATTATTAAATTTTATGAAATCACTTCCAGAAAATGTTGCAACAATTGAAGAAGCAATAATGTGGTCTGAACTTAAGATTGAAAATACTGAAGATAGATTGCAAAATCTCAGAAAAGAAAAAGTTGAGCTATAACAATTTTACATTTAGTGCAGTATTCGCTCCATTTACTATTTATAGTTATTATCAATTGCACAAAATGCGAAATAAAGATATTAACTTGAACATAAAGTAATTAAAAAATACATTCCAATTAAGGAGTGTATTTTAATTATTCTATAAATATGTATCACTAGGTTTTAACAATTCGATAGCAAATTCAACTTTAACTTTTTTACCGAATGATTCAAGTTCAACAATCGCAATATCTTTATCAATATCAAGTAAAGAGATTGGGCCAATTTCACCTTTGTAAGGCCCATCAATAACTTCAACTAAATCTCCAAGTTTTAAATCAAGAAGATTTTTACCTTCATTAAACATTTTTTGATATTCAACTTCTGCTTTAGTCATCTTTCTAATTTCACTATTAGATACAGGTGTAGGTTTTGCTCCCTTACCTGATGATCCGATAATACCAGTAACATATTGTGTGTTACGCAAAACGTATCAAGCTTCATCTGTCATATCCATGTTTGCAAATATATATCCGGGATAAATATTTACATATTTGATTTTGTATGGTTCATTTAGACGTTTCTTTTCCAT
NZ_CP137850.1_gap9	410039	415012	4973	AAGACTAAACAACATCTGCCTTCTTTATTTTCTTTAACTAAGGGATCTCGTATTTATGCAATCATATGTATCATTCTAGTTATAGCTGAAGTAGTAATGCAAGTATTCATGCCTAAAATTGTAGGTAGTGTAATTGATGAAGGTATTTATGCACAAAATAAATCAGTTGTTATTAATAAAGGATTAATATTAATTGGGTTGGCTTTAGCTGCCTTAGCTTCTGGTGTTACAGTTTCATTTGTATCCGCAAAAGCTGCTTCTATATTCTCAAAAAATATGAGGCAAGCAATATATAATCAAGTTCAAGAATTTTCGTTTAATGATATTGATAAATTTAGCAATGGTGTGATATTAAACAGATTAAATAATGATGTAAATAATATACAGATGGCTTTTATGATGATAATTAGAGCTTTTGTTCGGTTACCATTTATGTTTATTGCCGCTATTGTATTTGCAATTAACGAATCATTACTTTTATCTTCTATCTTTTTAGTTACTTTACCAATAATAATTTTATTATTCATTGCAATATGATATTCATCATATCCTAAATATAAGCTGCTTTATAAAGAATATGATGCTTATAACCAAAAGATTCAAGAAAATTTAAATGGAATGAGAACCATTAAATCATATGTAACTGAAAAACTTGAAGCTGAAAAAGTGGAAACATTAGCAAATGCGTTAAAGAAAACAAATACTAAGGTTGAAAAAATAGTTTCATGAAATACACCAGTTATACTAGGGGCAATCTTTATGTCAGTTGTTTCATTAGGTGCTATTGGAACAAAATTAGTTCTTGATGATAGTATTCAAGTCGGAACAATTGTTGCTTTTGGTTCTTATATCTGAATGATATCTGGTTCTTTAATGGGTATTATGAATGTATTAGGAATGGTATTAATGGCTCTTCCAAGCACAAAACGTATTAAAGAAATTATTTATCATAAACCAAGCATTAATAATATTGCTAATCCAATAGTTAAAGAGTTAAATGGAGAAATAGAATTCCAAAATGTATCATTCACTTATCATGGAAATAATGAACCGACATTAAAAAATATTAATATTAAAATTAAACCTGGTGAATCAATTGGGATAATAGGAGAAACCGGTTCAGGAAAAACAACATTTACTTCATTAATTGCAAGATTTTATGATCCACAAGAAGGAAATGTATTGTTAAACGGAATTAATATTAAGGAACTTCAATTACATAATACTAAAGCACAAATATCGCAAGTATTCCAAGAATCAATCTTATTTAAAGGTACAATCAAAGATAACTTACTTTGAGGTAAACCTGATGCTACAGAGGAAGAAATAAATACAGCTTTAAAACAAGCGAATATCTATAATTATGTTTATTCTTTAGAAGAAGGATTAAATTCTCCAGTATCTCAAAAAGGTCAAAACTTTTCAGGTGGTCAAAGACAACGTTTATGTATTGCTAGAGCATTAATTAAACAACCTAAAATTTTAATACTTGATGATGCTACTTCTGCTGTTGATTTTAAAACTGAAGCAAATATCAAGCAAGCAATTGCAAATATACAAAATTGCACCAAAATTATTATTGCTCAAAAAATCAATACAATTAAAAATTGTGACCGTATTTTAGTATTTGAAAATGGAATGATAAAACACATCGGAAATCATGAACAATTATTAAAAGTATCGGATTTTTATAATGAGTTATATCAAGCACAACAAGTAGTAGGAGGTATAGATGAAATCCTTCAATAATACTTTCCATCATCAAAAACTTACTTCACAACAAAAAAAGAGAACATTTTCTAGATTAATAGCTATTTTATGAAAAGATAATAAATGATGATTAATACTTGTGGCTTTTCTAATTTTGCTTTCTGCTGTAGGTATGCTATATCAACAAGTCTTTATAGGTAAAATAGTTGTTGGATTATTTATAGGTCCGGCATTAGAAAACAAAACCGAACCATTTAATTGAGATCAATTCTACTTAATGATATTTGGTTCAGTAGTTTTATTTCTTGTAAGTATTTTTTCAGGATTTGCTGCAACTAGAATAATGATTAATATTACTTATAAAACTATGACAAATATGCGTGTACAGTTGTATAAGCATATGCAATCATTACCAATTAAATTCTTTGATGATAATGCTAAAGGGAATTTAATATCAAGATTAACAGCTGATATTGACACCTTAAGACAATTTTTATCTAAAACATTCCCTTCAATTGTTCAATCATTGATAATACTTATTGCTTCTATTGTAATAATGCTAATTCTTAATTGAAAATTAAGTTTAATAATGATTGGAGTTATTATTCTAATTTTTGCCTCATCATTTATTATTGGAAAATTCTCTTCAAGAGCTTTTGTTAAAAAACAAAAAGGAATTGGAGAATTAACAGGATACGCTGAAGAAATGATTAGTGGATTAAAAACTGTTAAGATTTTTAATCAAGAACAAAATTCAATCAAACAATTTGCTAATATTAATAATTCATTATCAAAATTTACCTTTAAATCTGAATTTTGAGCTAATGTTATTTGACCTACATCTCAAAACTTAGGAAATATAGCATATGCTATAGTAAGTATTTTTGGTGGTATTATGGTTATAAATACCTTAGCAAATGGGCAAAATGCACAAGCGGCAACTTTAAGTGGGTTAACAGTTGGTACATTTATTGCATTTACTCAATTTGCTAAATCATTCTCTGGACCTGTATCTACTATGACTCAAAATGCTAACTCAATTGTGCTAGCTTTAGCTGGAGCTAATAGAGTATTTGACATTATGGATCAAAAAGCTGAAATAAATGATGGTGATATTACACTAGTTAGAGTAGAACAAGTAAAAGATAAATATGTAGAAGTTCCGCAAGCAGAAGGATATGGTATGTATGCTTGAAAAATACCATTTGGTTCATCATATGAATACAAAATTCTTCAAGGACATATTGAATTTAAAAATGTTTATTTTAAATATGTCAATGATACTGAAGAATATACATTAAAAGATATTTCATTCGAAGCTTTACCTGGACAAAAAATTGCTTTAGTTGGGGCAACTGGAGCTGGTAAAACAACAATTACTAGTTTACTTGCTAGATTTTATGAAATATCTGAAGGTGAAATTTTATATGACTCAATACCTATACAAAAGATAGAAAAAGATTCCTTACGTAAATCATTAGGATATGTATTACAAGAATGTGTATTATTTAGTGATACCGTTAAAAATAATATTGCTTATGGTTCTGATGGAATAAATGAATTCGTTATGAATGATGTAACTGAAGCAGCACATTTAAATGGTCATATTGAAAAATTAAACGATAAATATGAAACCATTTTAGTAAATTCTGGTTCTAATTTATCTCAAGGACAAAGACAATTGGTTTCAATCGCTAGAGCAAGTTATAAAAACCCGCCAGTTTTAATTCTGGATGAAGCTACTTCAAATATTGATACTCATACTGAAATAATAATTGAAAAAGCTATGGATAAATTAGTTCAAAATAGAACATCATTTATAATAGCACATAGACTTTCTACAATTGTAAATGCAGATAAAATTATTGTTCTTAATTCAGGTGAAATACAAGAAATGGGAACACACGATCAATTATTACAAAATCAAGGTATGTATTGAAGTTTATGACAAAATGCTTCTAAAAGTAGCGAAGATAATACCACAAAATAATGTGGTATTTTTCTTTAAATTTTCTATAGTACTTTAAATCAAATATATCTACATCATAGGTGCAAAAGAATTATAAATATTAATATATAGCACTTGACCACAACATAAAATACTATATAATTTATTTATAATTAAGGAGATAAATGAGCAAGATTATAATATGAGATTTATTTGGTGGCGGATGTAATTCTTTAACAAGAGCTATCCAGAAATATAATTATGATGATAAATATTTTGTATATACATTTGATGTTGTTGATACTCACAAAGAAAGTTACAGAGGGCAATTAAATGTTGATTTTCAAAAGTATATTAATATTGATTTAAGTCAAGATAACATAACTAAGATTTTTGACGAACTAATTAAAAATAAAGAGATACAAAAACCTGATATTATTACTAGCTCTACATTATGCCAATCATTCAGTAAAGTTTTATCTATGACCGGTGGAGGTACATGTTTCTGAAAACAATCAATTCGTGGTGATAAAAATTCTCCATTAATTGAAAGAAGTGTTGAAGAATTTGAAATGCTAAAATCAGGTTTTACTAAAAATTTAAAAGCAGATAAGCAATTATTTATTAAAAGATTAGGGGAAAAATGTGCGATAAATTCTGTAAAATTAATTAATCATTTTAAACCAAAATATTGATATATAGAAAATCCAGATAGCTCAATGTTATTCCAATACTTAAGTGTGAATTTAGGACTTAAAGGTTATTTAAATATAGCATGCTATGGTTCTTATGATTTTCCTCAAAATAAATCAGGTGGTTTTTATTCAAATATAAAAATGAATTTAAAAACACAGCGAAGAGAAAGAACGTATGAAACACAATGAGAAGAAGTTACTAAAGAATATTATGATAATTGAATAAATCAAGTTAAAGAAAAAGCCAAATTAGGTGGAACAATGGATACCCGTCATGTCAAAATGGTTGACGGTAAATATTATCGCCGTTGATATGTTGATAAAGGTTATAAAATAGGTGATAAAGGTCATTCATCCTTGAAAAAAACCACGATGACTTTAGGTAAACTCATTCGTGGTAAATATATTTTAAAAACAAAAGGAGATTTTGATACAAGACAAATAGGTGAGGCTAATGAAACATCACATATTCCTCCCTTAGTTTTTAAAGAAATTCTTGATACTTTTGAATCGCATAACAAAAAATAATCTATTTTATCTGTTGATATTTATTGTATATCTCTGATACCTTTTTATCTAATTCATCAGTTCAATCTACATTTAAAAATCTAGCAAATCTT
NZ_CP137850.1_gap10	422249	423448	1199	TTGTTTTCAAAAATATCTCTAACTTTTTGCAATTCTGCAATAGCTTCTTTGTAATCAACTATTTTTAAAGGTGTTTCAATAAAGTGGTTTAATCTGTCTAATAATCCATTATTTGTAACAGTATCTAAATATTGTAATTCCATTTGATTTTTAGCTAATGTATTTCTAATAACTACTTTAAGCATATCGTCAGCTAGAGCAATTACATCATATAAATCAGCAAAAGCAACTTCTGGTTCAATCATTCAGAATTCCGCCAAGTGTCTTTTTGTATTTGATTTTTCTGCTCTAAATGTAGGAGCAAAAGTATATATTTTTTTCATTCCTACTGCATATGATTCACCATGTAATTGACCAGTAACTCCTAGAGTTGCTTTTTTATTTTTCCCAAAGAATGGGTCATCAGATTGTGGATCAGAAACTAAAAATGTTTCGCCAGCTCCTTCACCATCATTGCTTGTAATTATAGGACTAGCCATTAAATAGAAATCTTTATTAATAAAGAATTTGTGAATTTCTTGTGCTAATGTAGAACGCACTAACATAATTGCTCGTAATAAGTTTGTTCTATGTCTTAAGTGTGGAATTTCACGTAGCGTTTCTAAATTAATTTCTTGATTTTGAATTGGATAATCTTCATCAACTTTTTTGTATCCGACTAATTCTTCTGCTACTAATTCAATTGGTTGTGGCGCATTAGGTGTAGCATGAAGTGAACCTTTTACAATAATAGCTGAACCTGGTTTTAATGTATCTAATACATCAAAATCAAATTGTTCACCTTTAAAAACAACTTGTAGGTTCTTTACTGTAGAACCATCGTTTACTTCGATAAAACGAATTTTTTTATTCCCTCTGTTAGTTGAAACTCATCCTTCAACTTGAACATCGTTTCAGTTATCATAAAATCCTGGTTTTAGAATCATTTTCTTTATTGAATGCATATTTTCCTCCTTATTTAAATACATCTTTCACTTTAATTATTATTTTTTCTTTACTACTTAAGTTTTCATTTGCAAATGTTATCTTGTGTAATTCACCTGGATAAAATAATGCAAATGTATTTTTAGATAAAGTTACTGAATTTTTATATTCTGGTGATTTAATGTATAATATATCATTTTGTTCATTTCTACTTAAAACATCATTTTCATTATAATTTGGTTCACTATCAAAATAAATAATTTCATCATCAATGT
NZ_CP137850.1_gap11	430819	432800	1981	GTTATCAATATCAGTTAAGGGTAAATATTCTAATTTATTTTCAACAGCTAAATTAATTAATTCTGAAACCCTGATAGTTGAATTTAGAAATGAATATTCAGTGTTAGTATGTAGATAGATTTTTTTCATAGTTTTATTATAAATAATAAAACTAAAATATATACTAAAATTCTAAAATGATTACTTCGCAAGACGGTATCTAGAAATAATAAAATAATTATTTTTGCTATTTTTAAGAGCTAAAAAAACTTAATAGTATAATAATAAGCATATAAAAAATAATATTAATTTGCAATTTACTTTATTTTGATAAATAGATGTTAAAACAAAATAAAACATTGATAAAAAATGTTTTATTTTGACCAATTATCATTCAATAATTTGCAAATTAAAATTGAGAAAATTTATTGTAAATAAATTAATTTTAATAATGCTCAAATAAGTACAATATCGCTTATATTGAGTTAAAAAAGGATAGAAATGCTAAATAGTAAAAAAACAAAATTCAAGAAAAGATTAATTAAATATATGGAAATTGAAGCAATGTCAAGATATGAAGAACCAGTTGCCTCTGAATTAAGAAAAAATATCCCTTCAAGCTTTGAAGTGTCAAGAGATAAAATGGGTTCTATTATATTTTTCAAGAAATCAAGTACTCCAAATGCACCAAAAGTTATGATAGCAGCTCATATGGATGAAGTCGGATATATAGTTAGAAGAATTGATAAAACAGGTCAATTATTATTAAGCCCAATTGGTGGAATCTGACCGAATACAGTAATCGGAACTAAAGCAAAATTAATCACAGATAAAAAGACTTATTTAGGAGTTTTTGGTCATACATCAATTCATATTATGGAAAGAGATAAAGTTTCAAAAGCTATTACAAATGATGAATTATATGCAGATTTTGGATTTAAAAATGAACAAGAAGCTCTAGAAGCTGGTGTTGAAATAGGAAATAGAGTTCAAATGTCAGGAGAAACAATTTTATTTGATAATGAAGATTTAATTGGTGGAAAATCAATGGATAATAGAGCTGGCGTTACTGTTTTAGAATATATTGCTAATGCAATTGGCAAGAAAAAACTAAATTGTGATCTATATTTAGTTGGAACAGTTCAAGAAGAAGTCGGAACTCGTGGTGCTAAAACTTCTGTTTCAATAATTAATCCTGATGTAGCTATTGCTCTAGATACAACGTCATCACATGATACCATTGGCACAATTCCGGGGACTACAGCATTATTTAAAGGTGCTGCTTTAAGAATAATAGATGGTGGTAATTTAATGGATACAGGTTTAATTAATTTAATTGTACAAACAGCTAAAGCACATAATATACCAGCATATAAATTTGTTTCAATGGGTGGTGGTACAGATGCTCATGAATTGCAATATGCTCGTGGAGGAGCTGCTACATTAACAATTTCCCTACCACAAAGATATCTTCATTCACCAATAGGAGTATGCAGTATTTCTGATTTACTTTCAGCTGGAGATTTATTAAGCAATTTTATAATCGAATTTGATAAAGAAAAATATGATATAATCAAATACAAATAATAGGAGGTTGAAATTATGGTCACAATGCCGACAATCGGATTTGTATTTATGATAATAGGGGTTGTTATTTTTGTTGGTATCGCAGCCGCATTGGTAGCATTTTTTCTTACAAAGAAAACATTTGAAAAACAACTAAAAGAAAATCCACCTATTAATGAAAAAATGATTCGTATTATGTTTAAACAAATGGGAAGAACTGCATCTGAAGCTCAAATTAGACAAATTATGAAATCAATGCAAAATGTTAAAAATAAATAATTCATTTTAATAATTTATTTCATTTCTTCGGAAATGATTTTTTATTATGGTGTAACTAGCTATTATATTTAATTTATATTTAATATAAATTTAATATAATAATCATATTATAGAAATGATAGATATTTAATTTAAGGAGTGTAATGAAACGACTGAA
NZ_CP137850.1_gap12	444533	446200	1667	TACTGATTTAATTGATACACCTTATCGTATTTTTCCGGTCGGAAGACTTGATTATGATACAACAGGAGTTTTAATATTAACAAACGATGGTGAATTAGCAAGCAAATTACTTCATCCTTCATATCAAGTAGTAAGGGTTTATCGTGCCAGATTAAATGAACCGCTTGATAAGAAACAATTAGCAAAATTAAATAAGCCAGTTATGATCAATGGTAAATGATCAAAACAAGATGTAATTCAAGCTGATGTAAAAAGTTATTTTGTTGTGTTAACTCAAGGTACATATCACCATGTTAAAGAATTATTTAAAACAGTTGATAGAGAAGTTATTAACCTTAAAAGAGTTGAATATGGTGGAATCACATGTAAAAACATTCCTGTTGGAATGTATCGTCCTTTAACTATTAAAGAAGTTAAAACACTTTATGCAATGGTTAAATATCCGAAAAAAGAAGAAAAATAAAAATGATAACAGTCTAATTGCACTATGCATGTTTAGTCTGTTATCTTTTTTTGTAAAGTTTGACCCTAGTGTATAGGGATTTATACCGTTTTGAATATTAATTAACTCTTAGTTTGCATAAAGTAATATTGAGATGATTCAGATAATATTTTTTCTGATACTGGTTCTAATTCTTTATGCTCAATAATACCATTATTAATTCAAGCTTCTTTAATAATCGAATTAGTACTTTGGAATATTTGATTAATAATTTTTTTAGATGCATTGATATTATTTTGTTTAATGATATTTTGCACTGTTTGTAAATAGTTTTCTGAGAATGCTAAATCACCTTGTTTATTTTGAATTAATTTAGCAAATAATTGTGTAAAAATGATTAATCTATTTGTTGTATTTGAATTAGTTGCACTAATTATTGTTTCGTTATATAAATTTTGAATTATACTATCTTTATTTTCTTCAATTTGTTTTCATAAATTAGCTATTACTTCAGCATTACTTGATTGAATTGATTCATTAATATTATTTAATAGACTTGAATAAGTATTTAATTTTTCATTTCATAATTCATTTCTAAAGATTAATTCGTTTTCGAAATAATTAAGTTGTATTGTAGGATTTGTTATATCGTCAATTTTATAAATATCAATAACATTTTTATCTTGCCCGTCAGCAACATCAGCAAAATAATTTCTTAAAACTAATTGATAATCAATCTCTTGTGTTGGAACATAGTTGATGTAATTAAAGTTAGTTAAATTACCTCAACCTTCAATATTCTGCTCATTTGATATATCAATTAATCCTATTTTTCTTCCAAGATATAATCCTAAAGTATCTATGTTATTTTCATTGTTATTTAAAAATTCATTTACTTCTTCGAGATTAGATTTAATTAATGAAACAATTACTTTTTCTTCATATGTTTTCGTTTCAACATTATCTAAATTATTAATATTTTGAATAATTAAATTTAAAAGTAAATTATATTTTGCTATGAAATGATTTTTTAATAATTCTGGTGCCATATTAATTTTGGCATCATAATTTACAATTTTATCATCTGTAATAAATTGCATTTTTTGATATTGCTCTAGATATTGCATATTATTATCCAATCCTAGATTAATAATATCGCTTCAACTAGTAATTAAATTTTCTAAATCACTATTTTTAGAATTATTAACTACAGCATTATTTTCTT
NZ_CP137850.1_gap13	454072	455415	1343	TATGTTTTATTTTTATTTAAAACATATTGAAAAATAGATTTAGTATTTTTTGGATTATTTTTAGTTTCTTCTAAGTTTGTTATATCACTATAGTTTTCATTAAATGGATTAAGTACATATTTATTTTTATTTAAGTTATTTAAGTATCAATATCAATCCTTAGTTAATGTATTTGTAATAGCAATAATTGCATTTTTCACTTGATTATTAAGTACACTACTTGATTTTTCTAATACTTTGACATTTGATATATTAGCATATATCATTGAAGCTTTAAGCTCAGTGATAATATCATCAGGTATATTTTTTTGTTGAGATATATATAAATCTCTTTCTTGATTATTTGTAATTAATTTTGAAGCTATTTGATTAATTTTCATTTCATTATTTGTAACTTGTTTTTTAGGTTTTAATTTAATTTCTTCGTCAGCTTTTTGATAACAAGAACTAACTGCAAGAATTGGAAGAGATATAGTTGATAAAAGTAATATCTTATTGATTAATCACTTTTTCATAAAATATTTCTTCAAGTGGTTTATTTTTAATTCCGGAATCAACTATTTTACCTTTATGTATTAAAGTATAAGAATCTACATATTTATCAATTTCACTTAATACATGCGAAGAGATAAAAATGCTTTTGCCTTCATTATGTAATTCTTTTAATAAAGTAAATAGTTGATATCTAGCAGTTGGATCTAAATTAGCTGCAGGCTCATCTAAAATAATTAAATCAGGATTATTTAATAATGCTTGAATCAAAAGCACTTTTTTCTTTTGACCTGATGAAAAGGTATATGGTTTTGAATTAGCAAGGTTTTGGATTTCAAATTTATCAAGTAAATTATTAATTTTTTCTTTGGCTTGACTTTTATTGATGCCACTAAGTAAAGCTAAGGAATATAAATAATTTCAAGTGGTTAGTTCTTTAGGAAAAATAGCATTTTCAGGTACATAACCTAATTTAGCTTTTGATTCAGGATTTTTAGCATTGATTTCATTAATAACTATTTCGCCATCATAATTATGATATGAACCTATAATAGATTTAATAGTAGTGGTTTTTCCTGCTCCATTTTCTCCTATAAAAGCATGAAATGAACCTTTTTTAACCTCAAAATTAAGGTTAAAAATACCACGAGTTTCTTTTTTATCAACATAATGCTTTGATAAATTATTTACTTGTAATATATTCATTATCTATAATCCTTTCTAATATATAAGATGTTATTAATCAATATTAAAATTATTCCTAAAGTAATTCAAATTCCGATAAATCCATATTTATTTATAATCTGATTATTTCTTGCTAGTTCGTACATTTGTTCAACTGGTTGAAATAA
NZ_CP137850.1_gap14	576897	577670	773	TTTGATAAAATAGAACTAAAAATGAATTTTTAAAGAAAATTTCCGCAAAAATCATATATCACAGAAATTAACATTTAATCCTTATTTTTTATAAAAAAATAAGGGAATTTCTATATAATTTAAAGCAATATTAAATTAATAATTAAATTCAGCTAATTTAAAGGAGAAAATATGATTAATGTTAACGAATTCAAACCAGGAATCACATTTGAAGATGAAGGTGAAATTTTTGTAGTTCTTGATGCTCAGCACTCAAAACAAGGACGTGGTCAAGCAAACGTTAAGGCAAAAGTTAAAAACTTAAGAACAGGATCTACAACTATTAAATCATACACAGGTGGTGATAAAGTTAAACCAGCTCACATCGATAAAAGAAGAATGAACTTCTTATATTCAGATGGAGAAAATATTATTTTAATGGATAATGAAACATTTGAACAAGTTGAAATTCCAGTTTCACATGTTGAATGAGAATTAAACTTCTTAAAAGAAGGACAAGATGTTCAAATTAGAAAATTCCAAGAAGAAGTTCTTGATGTTGAATTACCAGCTAATGTTGACTTACTAGTAACTGAAGCTCCAGACGCAGTAAAAGGTAATACAACTACAAACCCACAAAAGAAAGTTGTTGTTGAAACAGGATTCGAATTAGAAACACCTATGTTTATAAAAGAAGGTGACGTTATTTCAGTTTCTACAGAAACAGGAAAATACGTTGGAAAATCAAATAAATAATGAACTGAATTACAGTACCATATAACTCAAATCAAAGC
NZ_CP137850.1_gap15	632148	634345	2197	AGCATTTTAGGTGTTTTATATGAGTTTAAAGAACCATTTAAGTAATTGCTTAACCTTTTTCTTAAATCTTTAGCTTTACCTACATAAATGACTTCGTTTGCACTATTTTTTCATAAATAGACACCTGGTTTATGTGGTATATTTTTTATTTTTTCTTCAATTTTATCTCTGTTTGCTGAATTCATATAATAATTTTATATCATCTACTATTTTTAAAGCAAAATAAAATTAGCAATAAATTGCTAATGATATTTACCCTTTGTATTTTATAAAGTAATAGGTTGTAATTAATGAAAGTAATTTTTCATCAACAAATTCAATTCTTTTATGTTGAATACCTAATTGCTCATTATCTTCAATTTCAAAAATACCTAAAGCCGTTTGATTTACAGCATTATTTTCAATAAAGTAGTTTCTTTTTATAAATTTATAATCATATAGATTTGAAGGCGTGTAATTGATAAAAGTAAAATTATCAATATTACTATAAGATTTATCAATTACATTATGTTTAAAAGTTTCATTATCTAAATCAACATGATTTAATAAATTAATAATATTATCCTTTAAATTTGCTTCATTTGTATCACCAAATAAATCCTGACTATAAGTTTTGAAAATATTATATATTTCTTCATTTTCAATAATATTTTGATGCACAAAATCATTATATAAATCCAGAGCATTAATATCATCTAATGTCTTTTCGTATAATACTCTTAAGTTCTTAGATAATTTTTCGTATAGCTTAATATCATTAAAATATGGTCTTTTTAACACTTCAGTTAAATAATCTTCATATATTTTTGTAGCATATTTCTTAAAGCCATCTTCATCATTAAAATTATCTGTTTTAATAATATTTAGAAATGGTAATTGAATATTTTGAAAAATTGATTTACTCATTACTTCATATAATTTATCTTCATACTCTTTATTAATATTACTTGCTACTACTAATCCATCAACAAGCAAGATATTTTGAGCAATTTTAAATCCTTTAACAGTTCCTTGTTTTACACTAGCAAAATTATCTTCAGAATAATACATATCTAACATATCACCATTATAAACAATAGCTGCATCAGTTTGATGATTACTAGGATTTAACATCTTAAATACGATATCTTGTCCATCACCATCAAGTGAAATATGTTTAGAATCTTTAATTGGAAATGATGTAGCATGAGCAATTAATTCCCCAAATTGATCAATTTGATTCTTGTAATCTTGTGCTGTAGTATGACCAGTATAAGGTATTAAATCTAATTTATTATTTTGGAAATTATATCCTGATGAATATAGCATATTTGTTCTAATTGCATCAGTAACAATGAAGTTGTTATAACCTTTATCATGTAACAAATTTAGTTCATTAAGTAATGAATATGGATTAATGTTTTCTGGAGTTTTATTATCTTCTGAAGATTGATTTAAATCATATTTAACCATTAATTTTTTAGTATTTGCTTCGAGTTCTTCATACGAAATATCATGATTAACATTAGGATTTTTGTTAGTATTATATGCTACCATTCCATCTTGAGCAAAGTAAGGAATAAAATATTTTCATAAATGTTTCGGTTGTGTAAAAGGTTTTCCATTTGAATCAGTTTTCAAAGCTTCATCGTAAGATTCTAAATGTTGAAAGACAATTGGAGTATAAGTATTTTTTAACACTTCTTTTAAATATTCATTGGAATCCAATTTAGCTAAAATTTCATTAGTAAATTCATTAGGATTAGAAGCTCTAAATAATTTCTTGAAATCTATTTCCTTAATTAATCCTTTTTTAATTAAATTAACAGCTTGGAAATCACTTCCGATTCCTGCTAGTGTTTTATTATTAACTAAAGCATTAGTAAATTCATTGATTTCATCAAATACTTTATAAGTAAAATCTTTTTCGATTTTGTTTATATTATTTTTTGACATGTAAGATTTGTAATTATAAAATGAAGGCTTAAATGGATTTGAAAACTTGTAACTAACTAATATGATAGAAACTATAGCAATTATAAAACTTAGTACACTTCAAAATAAAATTTTAATCTTCTGTATAGGGGTTTTATCTTTCATATGATTCCTTACTTTTAAAATATGAAATATTTTAAAGCATTATTTTATGAAATGAAATAAAAACATAAAAAATACAAAGTTGCCAAGTTGTAAATATTAAAAATCATATAGTCCCAAA
NZ_CP137850.1_gap16	641646	643419	1773	TAAAGGAGCTGAATTATAACAATCATATTGATTCTTATTTCTATATGGAGATACTTTAATTAATTTATCCACAGTAGCAAAAGCATATTTACTTGTTACTTTACTTAAAGTAACTTGAGCTTGTTCATCAGGAAATAAATTAGAGGTAAATATAGCATAATTATTTAATCGACTAACTCCTAGTCCTTCATAACTAATATCACTACAATTTATTATTAATTTATCACCAACTTGATATTTTTTTAATTCTGACATAAGTATAAAATCTCAATCTTTCCATATTTCTTATTTTTATAAACTTTTAATTCTTTCGGAAGAATAATGTTACTAAAATTATCAGTTTCCAATATGATTTCAAAATCTTCTTTTAATAAATTATTTTGCACTAATTTAGCTAAACATTTTGAAACTAAATCATATTGAATAAAAGGTGCATCAATAAAGACAAAATCATAAGTATTTTTTGTTTTATCCAAGAACATTAAAGCATCATTATTGATTAAATTAATGCTATTTTTATCTGGTAATTTAGCGATATTTTGTTGAATTATTTTATAAACAACCTTGTTTTTTTCTACACTATCCACTTTAATAGCTCCTCTTGAAATAGACTCAATACTCCAAGCTCCGGATCCAGCAAAAAGATCTAAACAAGTGGTATTTTCAAGTTTAAATTGTAAAGATGAAAACACAGCCTCACGAACTTTATCTGTAGTAGGACGTGTAAATTTTGAATCTGGTTGTTCGATTTTAAGCCCTTTATATTTACCTGCAACTATTCTTAACATGTGTTTATTTTACCAAATTAAACAACATAAACTTTAAATAGATTTTTAATCTATTTAATAAAATTAATCTCCTTTTTGCTAAAATTAATTTACAAATAAAAGGTGGTAAACATGAATAAAAAAATTGGTGTAACTTCATTATTTTCTAGTGCAGGAATTGGAACATTTTATCTTGATAAACTTGATCTAAATTTATCATTATCAAATGAATTATTACTTAAAAGAGCTCAATATCATTCTTTCTTATATCCAAATTGTTTATCAATTGCTGGTGATATTACAGATGAAAAGATTTTTAATACTCTAATTAACAAACATAAAGAATTAGGTAATGAAATACTTATCGCTACTCCACCATGTCAAGGTATGAGTGTAGCTGGTAAAAATGATCCAAATGATGTCAGAAATTTACTAATTGTACAAGTAGTAGAATTCATTAAATTAACTAAACCTAAATTAATTATGATTGAAAATGTTGTGCAACTTTACAAGACAAAAATATTTGTTAACAATGAATTAATCTTAATAAAGGATTACATTATTAAAGAATTATCTTCTTTATATAAACACATTGATTTTTATACAGTTAATTCTAAAGAATTTGATACACCGCAAGACCGCAAAAGAGCATTAGTTATTATTTCAAATGAAAAATTCAAAATGTCACAACCCACACCTATAACCTCTGTTCGTGATGCGATTGAACATCTACCTTCACTCGAACCTGGTCAATGTTCTTCTATTCCTTATCATAATGCAAAAACACATAGTGATAGACAAATTAGTTGAATGAGAAATACACCAACTGGAAAATCTGCTTTACATAATGAAACAAATTACCCAGTAAAAACTGATGGTCAAAGAATCAAAGGATTTGCAACAACATACAAAAGAATAGAATGAGATAAACCATCTCCAACAATTACAATGGCTAATGGTTCTATTTCAAGTCAAAATAATGTTCATCCAGGAAGATTAAATCCTG
NZ_CP137850.1_gap17	644996	646232	1236	ATGTATCACAATTCCTAATTAAGGAATTCCCTTTTCATTTAAATCATAATGATGTTTTAGAAATAGGTGCTGGAAAAGGTGAAATGATTGCTCAACTTGCTAAAAATAATCCAAACATTAGATATATAGCTTTTGAAAAATATCCTACAGTAGCTAATAAAATCCTTAAAAAGATTAATGAATTAGGTACTAATAATCTTTTTATTGTTACTAAAGATGCTGCTAATTTAAATGAATTATTTAGCGGAAATATTGATACAATCTGACTTACTTTTTCAGATCCATGACCTAAAAATGCTCATGAGAAAAGAAGATTAACATACAAAACTTTTTTAGCACAATATAAAGAATTATTAACTCCACAAGTAGGCAAGTTATTATTTAAAACTGATAATGATAAGTTATTTGATTATTCACTAGAATCTTTAGCAAATAATAATTGAGATATTATTGATTTCACTCGTGATTTACATAATTCAAAATATAATGAAAATAATGTTCGTACTGGATATGAAGAAAAATGATCTGCCAAAGGCAAGAATATTAACTTTTTAATAGCTAAACCTAGATAAAAAAATACCGAAGGATAATTTCGGTAATTTTTTATACTATTTTTCATCCGTTCATTCAAATTGGAAACCATAAATACTTACAGTATCTCCGATTTCAATTCCCATACGAACAAGTTCTTCTCAAACTCCCATTTTCTTTAAGATATTATTAAATCTTAATAAGTTATCAAAGGTATTAATTGGGATTCTATGGTAAAGTTCTTCAATCTTTTTACCTTCGATTTCAAAGTATCCTTTGTATGGATTTTTGATTACATAATCAGGTTCGTATTCAATAACTGTTTCTTCTTCTTGCTCTTCTTCAACAGCTTCTAAATTATGTTTAGTTATCATATCTCACAATTTAGCTTTAACTTCATCTAAATTATCACGATGAATAGCTGATATACATACTACTTGCACATCAGGATATTTTAATTTAAATTGTGCTAAATGTTCTTGGAAATCATCTAAATCTGATTTATTAGCAATAACTAATTGTGGCTTATTTTCAAGTTTTAAATTATATGATTTAAGTTCATTATTAATGATTTCATAATCTTCAATTGGATCTTTTTCTTCTGAACCAAAATCAATAATATGAGCTATAACTCTACAACGTTCAATGTGTTTTAGGAATTGAATTCCAAGTCCTTTACCTAATGAAGCACCTTTAATTAATCCA
NZ_CP137850.1_gap18	651076	652816	1740	CAAAATTATCAGAAGGATGATATTTAGACTTTAGGTTGAAAATCGAACTTCTTTTAATGTTTGACATTTTTTCATTCATACTTCCTTTCTTTATTTCATTGTTATATCTCCTCACTTACTTCACATTAAAAAAATGAAGAAAATATAATAATTTACTAAGTTCTAAAAAAGATTTAGATAGTGTTATATTTTCTAAAGTCGAAGAACGACAAATAAATCTTAAATACGAGAAACAATTCATGAAAGTTTCTTATCCTAAACAAATTGAACTCATGATGGAAAAGAAAATTAAAATATATAAGTATGGACATGGATCCTGAATAAAACCTTCTGCATATTTAAAAAAACATCATAGAGATATTTGTGTATATACACTTATGGTTCTAAATTATGATATTACAATTAGATTTTCTCAACTTGTTATGCCGCAAATGTTTCAAGATGCTTATAAAAAATATGTAAATTTTAGAAAAATAACCATAGATAAGTGATAAAAAAATAAAAATACTTTATGATAAAAATTAATAATGTTGTATTATATATACATAAATTAAATTGTTAGAGAAAGGAGTTGCTTAGCGGCAACTCTTTATCATTTACATAGGAGGAAAAATGTTTAATGAAGAATTATTAAAACAACAATTTCCTAGTATTTTAAGTGCAAAAATAACAAATGATGAAGTGTTTGGTAAAACACTTTCAGTTACTGTTGATACTAGAGATTTATCAGAAGTTGAAAAGATTTCAAAACAACTTTCATTATATTTAGAATCTCAACAGTGATTTGGTGATGATTTTGCATTAGAAGTATTATCAAAAGGAACTGATTTAACAGTTACCTTTGATAATATAGATCAATATATTGATAAATATTTAGATATTAAACTATTAAAATCATTTGATGGTTTAAACGAATTAATCGCTAAATTAATATCAATTGAAGATGATTTCATTAATTTAGAATGAAACCAAAAAGGTAGAATTAGAAAAATCAAAATTGATAAGTCTAATATATCTGAAATTAGTGAATATATAAAATTTTAAGAGGATTATATGGCTATTAGAAAAAAACAAATAGAAGTTAATGACTCACAAGAGTTTCAATTATTTAGATTAATTGAAGAAGTTGCCACAAACAACGACTTTAAATTTGAAGATGTTATGGAAATTTTCAGACAAGCAACAGAAAGAGCTTTTGTTAAAAACATTGATAAAAGTGCTGAAATTGTTTTAGTTCCTAACTTTGAAAATAAAGTTGTAAAAATGTTCAACACAACAGGTGAGGTTGTAGAAGATGATTTTGAATTCAATGAAGAAACACCCGAAGAAAAATTAATCTATATTACTATATCAGATGCTAGAAAACTTAATGACCATGCTATGTTATCAGATCAAATTGATATACCATTTACATTTGCCGATTTACCAAACAAAATTAATGTAGCAGTATTAAATGATTATAAGCAAGAATTAAAAGCTAAACAAAAAGATAAAATTGTAGCTAAATATGCTCAAATGATTGGACAAAAAGTTGATGCTAAAGTTCTTACAAGAAATAAAAATGGTTCATACAATGTAGCATTTGAAGATCAAGTTACAGCATTTTTACCAGCTAATAAAGTTAACGAAAAACTTAATTTACAACCAGGAAAGTTTATTCCTGTTTATATCGAAGCAATTGATGAAGATTCTAAATTAAGTATTATTTCAGTAACAACCACATCAAATACTGAATTACAC
NZ_CP137850.1_gap19	654274	658956	4682	GTTTAGATTATGGATACGATTTCCAAAAAGAAACTAACATCGATGGATCAAACTTCTTAGATGAAGTATGTTTTGTTGATGATGAAAAAGATCTTGTGAAAAGATCACCTATTATTACAGTTATGGGTCACGTTGACCACGGTAAAACAACGTTAATTGATAAAATTAGACATTCAAATGTTGTCGCAACTGAAAGCAGTGGTATTACACAACATACAGGTGCTTATCAAATTGAATATAAAGGAAATAAAATTACTTTCCTAGATACCCCAGGTCATGAAGCCTTCACACAAATGCGTGCTCGTGGAGCTAAAGTTACTGATATTGTTATTTTAGTTGTTGCAGCTGACGATGGTGTTATGCCTCAAACAAAAGAAGCTATTGAACACTCAAAAGCAGCAGGGGTTCCTATCATTGTGTTTGTTAACAAGATGGATAAACCAAATAAAGATTTAGACAGATTAAAAGGTGAACTTGCTGAAAATGACTTGCTTATCGAAGAATATGGTGGGGACACTCAAATAGTTTATGGTTCAGCTATGAATGGTGATGGATTAAACGAATTATTTGATGCTATTATGCTACTTGCTGATATGCTTGATTTAAAAGCTAATCCAAAAAGATATCCAATTGGTACAGTTATTGAATCACGTATTGATAGAGGAATCGGTTCAGTTTCAACTATTATCGTTGAAAATGGTACATTATATAAAGGTGATTTCTTAGTTGCTGGTTCTCGTTATGGTAGAGTAAGAATGATTTATGATGCTAACGGAAACACAATTGATAAAGTTGTTTCAGGAGCTCCAGCAATTATTTCAGGACTTAACTATGTACCTGATGCCGGAGATCGTTTCATTGGGTTTAATGATGAAAAATTTGCTAAGAAATTAGCCCAAGAAAAAGCTAATGCAGATAAAATGGACCTATTATACACTCAATGCAATGTTGAAGATAATGTTGATGGTAAAAAAGTTATAAACATCATAGTTAAATCTGACGTTTACGGAACTTCACAAGCTATTAAAGACCAAATTAATATGCTTGAAAATGACGATGCTATTATCAAAGTTATTTCAGCAGGAGCTGGTAATGTTAATGAAACAGATTTACTTTTAGCTAAAGCTTCAAATGCAACTATTTTCTGTTTTAACTTAAAAGTTAATCCAAACATTAAACAAAACGCTGCTACAGCAGGTGTATCATTAATCGTGCATAATGTTATTTATAAAATTATTGAAGATTGTCAAAAAATGCTTGATGGAGAAAAAGCTCCAATTTATGAAGAACAAAAAATCGGAGAGGCACACATTATGAAAGTATTTTACTATTCTAAAGTTGGTAAAATTGCAGGATGTATGTGTGATTCCGGAGTTGTAAAATCTAATAGTAAAGTAAAAGTTATTAGAGCAGGAAAAAGTATATATGAAGGTGTTATTGATTCACTTAAACGTGATAAAAATGACACTAAAGAAGTTGTCAAAGGTAAAGACTTTGGTACACATATCAAAGGATTTAATGATATACAAGAAGACGACGTTTTAGAATTCTATGAAGATGTAAGGGTTAATTAAACATGGATTTAAACAAATACATTAAAAATGTTCCAGATTTTCCTAAAAAAGGAATTATATTTAAAGATATCGCACCATTATTAAACTCACCCGAAGCTTTCAATTATGTAATTGATGAGATGAGTAAATATATTGCTGATGCCGATATCATTGTAGCACCTGATGCTAGAGGATTTATTTTTGGTACACCAGTAGCTTATAAAACCAAAAAACCTTTTGTTATGGTTAGAAAAGCTGGTAAATTACCAGGAAATACCATTAAACAAAATTACGATTTAGAATATGGAAATAATACATTAGAAATACAAGCTGATGTTATCAAACCTGGTCTAAAAGCCGTTATTGTTGATGATATTTTAGCAACTGGCGGTACTACTAAAGCAATAATTGATTTATTAAGAAATCAAGGAATAACAGTAACTGATTTAGTAGTTTTATTCGTTATTCCTGGTTTAGATGCTGAATCTAAGCTTGGAAATATTAAAATTCATTCTATTATGTAAACTGATTAATTACATAAAAAACAGCAATCACTTGTTAGTGGTTGCTATTTTATTTTATTTATTTTTGTTTCTCTTAAATACAGCTGTACTTAATCCTGTAATAAATGCTAATGCAGATATTGCAACAAGAATAGGTCATCAAAGTAATTTATTTCTAACTTTAAAATCTTGTTCAATAAATGATTTTAAGGCAGGAGATGCTTTTTGGTATTCAGAAGAGTTCTTTAAGTTATTGATTACATTTAAATCATCTGGAGTAAGTGTTAATTTCTTATTTCGATCAAGAATTTCAGGAAGGTTTTTACTTGCAAGTGCTTGAGCAAATGCTTTATCATTTTGCATTTCGCTTCCTAATCCTTGTGATGCTATATGTAATTTTTCCTTATCATTTGTTTTTAATGCAGTAATAATATCATTAAATTTATTTACATTATTCTTATGAGCATTAATCTTTTCATTAGCTTTACTTTGTAATTCAACATATGGATTATTTACAATATTACTAATGTTATTTGCTTTGCTTACTGTATGAGCAATATTATTATCAAATGCTTTATCAGTAGCTTTTTGTTTTAGTAATTCATTAAATTGTGTCTTATTGACATTTAATTGATTTACTGAATCATCTAATTCTAATAATGGATTAATTTTGTCTTTATTAACAATAGACATAAATGGAGCAAATAAATCACTTACATTTTGTTTAGTAGTATCATTATCCATCTTAGCATCAAGAACTTTAATTGCTGATTGAATGCCTTGTTTAATTGCTTCATTAGCTAACTGAATGTTATTAATTTTATCTATAGCACCTTGATAAGTTACTTGTTTATCAAATTCTTCTAATGCTTTATCACTAGCTTTCTTATCAATGAATTCTGAATTATTAGCAACAAAATCATTTGCTTGAGTAATTCTTTCGTTATTTATATTTTTAAATTCTTTATCTGAGAATTTATCAATTTCACCACTAGCTTGTGAAACATTTTCTACAGCTTTATTAACTTGGCTAATTCCACCTTTATTAATGAATTCAACTGGATTACTGTTGTATAAATCAAGTAATTCTTCAGCAATCTTCTTGTTATTATTGTATTTATCTTGAAGTGCTTTAGGAGCATTAAATAACTTATTAGCATTAACATTTTGAATTGATTTATTTAATGAATCTTTATCATCTTTAATATCTGAAGCAACTTTTTGTGATTTATCTCTTCCAGATAAATTATCATAAGCTTGTTGTAATGCTTTATTTAAATCATTTACTTCACTAGCATTATTATTCTTGTAAACTGTTCCATTTTGAGGAATAATTCCTTTTGCTTCAGAAATAGCTTTATCAAGACTAGCTTTTTCTTCTTCACTAGATAATAAGTAATCGTATGAAACAACAGGAACTTCTTTTAGTTCATTAGGAATATTATTATATGTATTTTTTAATGCTTTCATTCCTTTATTAAGTTCACTAACATTGTTACTTAATGCTTCTACATCTTTAGGTGTTTTAGCTTTAGCAACATCAGATACATATTTATCTTTTTGTTCTTTATTTAAATCAGTTAAATTATAAACATTATTAATAGCATTAATTTGAGCATTATTTAGTAATTGTTTATCTGCTTGTGATTTAATTTCATTTTCAGTAACATCAGGTTTATTAACTAGAGCGATAGAATTTGGTGTTTCAGGAACAATTACCGAATCATATTCACCTGTTTTAATTTCAGGAGCTTTGGCTATTGCTATTTCTAAATCATTAGTTTTAATTGCTTTATTTAAATCAACAACTTGTTTTTCTACATCAGCTAAATCAACATTATCAATGTTTTGATTCATTTCAATTGCTTTAGCTTCTTGATTTGCAAGATTATTTGATTTATCCTTAATTTCTTGAGCCTTAGTTATAGCTTTTTGCAATTTTTCTTTTGGTTCTGCTAAAGCTTTTTTACTATCAGCTAAAGCATTATTTAAATCACTAGCTTGTCTATTATAAACTTTACTTGGTTGATCATCAAGTTTAGCAATATTTTTAGCATCATTAATTGCTTTATTTAACTTACCAATTACATTTTCTCTAGTTTTGCTATCTTTAACTTTTTGAGCTTCTTTAAGTTCTTCATTTAATATTGTAGCTTCTTGTATTGCTTTTACAAGAATATCTTTAGCAGCTAAATGTTTAAGCTTATCATTTAACTCATTAAGTTTGTCTATAGTAGTTGTATTTGGTGTTTTAATAGCTTTAGAAGCTTCATTTAACAATGAAACTAAGTCTTCAGATTTATCTTTTGAATTATTAGCTATATCAATTGTATCTTTAAGTTCTCTTGCCTTATTGAATCAATTTAATTTAGCAGCTTCATTATCATAGAATTCTTTAGTATTTTGCATATTAGTATTTGGATACTTAATAATTTCTAATGCATGATCTAAAATTGGTGTTGCTTCTTTGCTTCAGAATTCATCATTTCTTAAATCATTTGCTTTATCATATGCTAATACTAGATTTTCTTTTAATACTTGATGATTAATCTTGTCTAAAACTTGTGCATCTTGAGTTCTTGAAGTTGAAGCATTTAATTCTTCTGCAGCACCATCTAGAGCAAGA
NZ_CP137850.1_gap20	705087	708430	3343	CTTTCATCATTATCTTGTGAGATTATTTGAAAATTCAAATGATATGAATTAAGTGCATTTACAACAAAATTAGATACTGATTTCTTAATATCTGAATCGATATTACTATTTAATACTTCTCCTAATGTATTATATGGAAGCTTCACTTCTACCATTTCAATATCTTTTATCGGGTTTATAGGTTCTTTATTTTCATCCAAAAACTTTTTAGGAGAATAAATTTGATTATTTTCTCTTATTAAATTGTCAAATATCTGGTATCCTGATGTAAAATCTGGAAAATTTGCTTTTTTGTCTATGTTCCGATTTTTATATTTATTTACATAAAATAAATTTTCAGCTTCTCATCATTTAGTATCATATTTAACATTTTTAGGTTTATTAATCAGATAATTTAAGTCAAGAGTATTCAACATATTTAATTGCATTTCTGGATGGTTTTTAATAATGCTATTTTTTAGATAATAAAGAATAGTTTCTAAATTCTTTGGATCTCGTTTGAAATCGTTAGTTTCTGTTTCTGTATTAATTGTTTGCAATGTTGGTGCTAACTCAATAAATTCTGAATGTTTAGTTGCGTCAATTGGTGTCACTTTATTCACTAGGGATAAATAATCTTTAAGGTCAATTTGCTGTGCTGGAACAATATCGATTAATAGTCCAGCTGATGGATTGCTTAAATCATTAATTATATTATTTGTTATATTGATATTTGCTCATGCTTTTATTTTATCGTTCTTGGAACCGTTTTGGAAAACATTATTCTTTGTAACCATATTTTCAATAACTATATTAATAAATCCTAAATCTATTGGTGGAAAATAATTGTTTTTTGTTCTATCTCATAAATCTTCTAAAACAGATTTAAATGTATCCATGTCGTAAAGATTTGAAGTATCATTACGAACTCTCTTTTGTATTTTTAAATTACTTAATAATTGATTGATTTCAGAGATTTTTTTATTCTTATTTTTAGAAGTTTTTTCAACAGATATCACAACTCCTGTTGTTATAGCAATAATTGATGTCGCAGTCAATGTACCAAATATGATAGCTAAATTTCGCATTTTTTTAGTCATATTATTTATTAACCTCCAAAATATACTTGTAATTTAAATGTTCATCTACAAATCTTTTATATAATTTTCTGAGTAAATTTTTAACATCTTTTAATTCGATACCATCAAACATAAAAACATAATTTTCCTCTTTGAAATGTCTAGAACGATACGATTCAGTTATTGATGAAATAATATCTAAAAATTGTCTAAATATAATATTTATTGTGAGTTCAGGATAGTCTTTATTTCTATATTTTCCAAAATAAATTTGTTCAACATTAGCATTTGAAGAATTACTTCATTTGTATCTTTTAAATATATGTCCTTCATTATCGATAAATTTAACAATAGCTTCAAGATCCACAACATTACTTGATTGATAATATCCTTTATTTTCTTCGTGTCATTTTAAATGTTTATAAACTGCATTTAATATTTTTCTATCAAAATTATTATTCGCCCATTTCATAAAGTAATTATTAATCAACTCATCATATGAAACATTATTAAATGATGCTGTATATTTTAATCTATCTAGATCTTTTATTCCTAAATCATTAAATTCTTGTTTTATAACATATTCGTTGAAACCACTTCCTAATAAATCACTAACTTTTTGCCCATTGCTTACTAATGATTTAATTGATGCATCATATATTTCTTTCATTTTAAAGAATTTAGGAATTCCATAACCAGTCTTATTTTTACTATGATTTGCTTTTCAGAATTCTTTATTTATTTCATAATCAAGTTCTCTTATATACACTTTTTCAATCGAAGTGCTTGCATAATTAGATGAATTAACAAGTAATAACCTTGCTTCCTCTGGTGTTAATATAACCTTATATTTTGTTTGAAACAATGATAATAATCCAGCAATCATCGGTGATGACATACTTGTACCACTAAAATAACTTAAATATTCCACATAATTGTTGAATTCTTCTTCTACTTCAGTTAAATTAGAGTTTTTATCATTTTTAGAATATTTTTTTATAAATTCTGATTTGATACTGCGTTTTTCTAGATATTTATTTTTATAACCAATTAAATCATCATCCAAGACAACTTTTTGCTTTTTATCATCATCAACATATTTTATATATGGCTCAATACCATAAACATTTTTAGGGTTATAGTATTCGCCAAACAAGCCATATGCAGAAATTAAAGGGTAATAATCTTTTTTATTAAGAAATGAACTAAATCTAGTCGGCTGGTTATTATAATTTAATGCTCCAACATAAATCGCATTACTTGTTCCACTACCGAAATGATATTTATCAAAATCATCACTAAAATTTCAAGGAGCAAATTTATTGCTATACTTATCACTATATCTTAATTTTAGTGAATAAAGCATTTTGTTATGATTAAATAAATAATTAACTAAATTAATAATGTGATTTAAATTTGTCTTGTTTTGTTGAATTTGTTCAGTGTTATATTTATTTGAATTATTGATATTATAATAATTTAAATATCCCATTCATGTTTTATCATTTATAAATCTTTGATATGAAATTATGTGATCTTTTATATTCTTGTAATTATTAGTAAAGTTTTCTAGAAGAAAAAATAATTTTTCTTTATCAGTATTTCTATTTGATGAGCTTCGAATAAAAATCATATTATATTTTGTTGTATATTCATCGATCAGCCTTTCAAATTCTGTTTTTTCTTTTGGTTTATTGGATTGAATAAATTTATAAAATTCCATTAAATAAGCAAGTGATTCTAAATGTTCAATTAATTCTTGATAATGCTCTGGATTATTAAATTTTGCTGCAGCATCTGTTCTTGTATCATAGTCCACTACATAATCTCATTCATCAGCTAATTCTTTATCATCATTATCTTTTGTTATTTCATACTTACTTATTTTTGATTGATGTTTCATTCATTTATTTCTCTCTTGAAGTATTTCGATATTTGGTTTCACTTCAAAGCTTGGTCCAGTACTAGAGTTCACGATATTAACACCATTTTTTCTAAATCATTCAAAAATTCCACGAAGATTATTTTTTGGCGATTCCTTATTATTTAGATAAAAAGAAGCATAATAAATATTTGCATCTGGGTTGATACCGGTATCTGTACCTATAATTGATGTTACACCTGCACCATGTAACTTATTACTAGTAATTGGATAATTGTAATAATTAATTTTAAAGTTCTTTTTGTTAGAAAGCAAATAATCCATTTTTTCATTATTAACTTCTAAAATGCCAACTTTATTATATGGTGAATTGTAATCTATTTCATCAGCAGAAAAATTTCTG
NZ_CP137850.1_gap21	712598	716888	4290	GTTTTATAGTAATGAATAATTAAATGATATTATTTCCACATTTTGTTCCATATTTAAACTAGGACATATTATTTGGACACATAAAAAATAATATGTTAATAATCAATAATATTGAAATTACTAATTAACAAATTAAGAGATGTAAATATGCAATTGAACTTTTAGAAAATTGTTCATTGTCATATGAGAAATTTATAAATGTATTTAAATTAATAACAAATTGCACCATAAGTAAGCAAAACTTATATCAAGTAATTGTTAAAATAAAACAATATAATTTAAATACTATGTATAATAAAATTGAAACTGTAAAATTTGCAAAAGATAATCGCGGAAGAAAAGAAAAAAATAATAAAGTAAACTGAGATAAAGTATCTAAAGAAGATATGATTCAAATATTAGAAATCTGACAAAAATACGGTGAAATAACAAAAGAAATTCCTACAGATATATTGAAGAAAATCAAAGAAATGAAATCATGTAAGAAAGAAGTTGCTAAAGCTTTTAATATGTCTAAAAGTACATTTTATAATCTTATGAATAAAGAAAAGCCATCTGAAAAAGAAATCCAATATGCTGAGGAAATCAAGACTTTACATAATAAATATAATCAAACATATGGCAGAGCTAGAATAGCTATTATGCTATTGAAAGAATATAATATAACTCTATCTAGTAGAACTGTTGGTAGAAAATTGAATAAGTTAAATTTATTTTGCAAAGTAAGACAAAAGACTAGAGTTAGAGAACTTAAAAATACAAACTTTGATGCTAAAGATTCAGTTAAAAGGGATTATAACGATGTTAATGGAAGAAATATTGTGGCTACTGATGTAACTTATATTCCAGCACCATTTGATTTGAAGAAATATTTCAATCATATATTTTTATCTATAGCTATTGAACACAGAACAAAGCGAATTATAAATTACAATATTTCAACGAGAAATGATAATGACTTAGTGATATCACATATAAAAGATATTAAATTCAATACAAGTTTAATTATTCATTCAGATCATGGTTATCAATATACATCAAATTTATATAATGAAATAATTGCTCAAAATAACAGTATTGTTTCAATGAGTAGAGTTGGTAATTCATTAGATAATAGAGAAGCAGAATATTTCTTTTCGATATTAAAATCAGAATGTTTGAAATTTGTAAATTTTAACAACATAACATTTGATGAATTAAAATCAATTATTGATACATTCATTCAATTTTATAATAGTGAAAGAATTCAATCTAACTTAGGTTGATTATCACCTAACCAATATGCAAATTTAATTGCATAAAAAAACACATTCATTTGGAGGGAAGTGTCCAAATAATGTGTCCATGTTTAATTGTCAAAAATAGTTATTTTTTTAACTTTTTCAAATTATTTTAAATAAATTAAAAATCCAGTCAAATATAGACTGGAAGTATTTTATTGTTCAATTTTACTATATACAATATCTTTATCTTTCTTAACATATCTGTTTCAAATAATAAGAAATACTTGTATTGCATTAATAATAAAGAAGAATATTTGTGCTACTAATCCAATAATATTAGCAGCTGAAGCATCTTTTGATGTTTCTATTGCTCAATATGTTAATCAACATGTACATAATGTTTGATGTATTAAAAACATTATTAATGAGAGGTTTTTAACATCTTTGGTAATAATTGTCTTAATTATTTGTGGTGATACAGCTACAGCTATTAACATCGGAGCTAAAAATGACATTGTTGCATCAAATTCTTTTGACCGGAATGGAACTAGCGAAAATATTAAAGCTCCTATAATATAAATACTTACTCAAAATGTAGCATTTAAAATAAGTTGATGTAAATGCGAAAGTTTTAATCCTTTAACGTTTATTTCTTTTCGGCTGTAATAGAAATACACACTCATTAAAATAACATTAGCTAAATAATTAGCTGCACCTGAAACTAATATAGCTAAACGGTCAAATCCTTGATTAAATCCTCAAATACTATAACATCAAGAACCAGTTTCAGATACCATAATGCTGCTAACAGCAAACCCATCAACTTTTTTAGTTTTTATTAATCTAGCTACACCAAACCAGACTGGTAGTGAAGCTAAAACTCCTAATATAATTTCAAAAACTGCCATCTATTTTTGATTTAGTAATGCATACTCTACAAGAGTTGCTACTAAAACTCCTTGTGGTTCTCCTGCTACATCAGCTGTTCCCGCTACATCACAATGAATGAAGTCTATGTCTTTAGTAAATTCTTTTAAAAACATAGCAGCTTGTGATGAATCAACTCTAACTCTAGATGACCATGATGCTAAATCAGCAACTTTTGATCCTTTATTTCCTTTGTTGTAATCTTCATGTAATGGCATTCTTCAAACTTTTTCTTGTGCATTTTGTGCAGCTTGAGCAAATACTTTAAATTTATCATCATTTGTCGATCATATACCGCTATATGTATTTCCTAATGCTACTATAATAGATCCTGTTAAAGTAGCAACATCAATAATAGTACTTGGTTTTAATTTTTCAGCAGCATAAAAGATACCATCAGCTAAAACTAATCTACCTTCAGCATCTGTATCAACTACTTCAACTCATTTTCCACTCATAGATTGATATACATTTTCTGGAAGTGAAGCATCAGCATTGATTCTATTATCGGTAATGCACATAATAGCTGAAGCATTTACTTTAGCTTTCATTTGTGCTAGTGCTTTTACAACATAAGCAGCTATTACTGAACCAGACATATCATATTTCATTCCTTCCATATGATATCCTTTAGTATTAACACCTCCAGTATCAAAAGTAATACCTTTACCAACTATAGCAATATGGTCTTTTTTATGCATTTTGTTTCCATTATATGTAACTATCACAACACGCGGTTCGTGTGTTGAACCTTTGTTAACCGAAAGAAGTAATCCCATGTTTAATTGTTCAATTTCTTTTTTAGTAAGAACCTTAACATCCAAATTAGGAATAGAACTAAAATCTGAAGCAATTGCTGATGCTAGTTGTTCTGAATTTAAGAAATTCTCAGGCATAATTTGTAAATTTCTTGTGTCATTTATTGCTTTAGTTAAAATTTCAAGTTTTTTAACTTCTTGTTTTATTTCTTTATCATTTCTATCTAAATAAAGTGAAACTTCAGTCTTATTCTTTTCTTCTTTTTGATTTGTTTTCTTGAATAATTTAGCTGAACCAAAAGCTAATGAACAATATATAGCTTTTAGTACTTCATTATAATTTCCAACTTGTGGATGAACAAATGAAGCTACATCAACTTGATATGAGTAATTTACACTTTCGGGTAATGATTTAAAATAGCTTTTAATTTCATCAAGTGATTGATGTTTTTCATCAAAAAATATATAAGCTTCATTTTGAGCTAAATTAGTTGTAATTTTTCCTTGTTTTTTTCCTACTCAGTTAGGAAATACAATTCCTTCATAAGCTGCTTTTAAAACTAAAGCAGAAGATTTATTATTATAGTTAACTTTAATCATTATTCTCCTTTTCATGCAGAAATTTATTAATTGTTATAGAAGCGCTATCTCGATACGCTCTGATTAATCCACCAGCTCCTAGTAGTATGCCGCCAAAATAACGAACCACTACTACTAGCACATTAGAAACACCTTTAAGATTTATTAAATCATAAATTGGTTTTCCAGCTGTTCCTTTAGGTTCTCCATCATCAGAAAACCCAGCAGTTTCAACACCATTTTGTTTAATTAAATAAGCATAACAAATGTGTCTAGCTTTCTTATGTTGTTTCTTTAAATTAGCTAGAATTTGTTTAACTTCATCTTTAGATGAAATATCATAAACATAACCGAGAAATGTGGATTTTTTAACAATTAATTCTTCTGTAGTCATAATTTAGATAAATTATAAAATAAATTAGTATTTTATACATTAAATAACCAAAAAAGTAGGCTTTTTATTGACCTACTTATTTCAATTATTATTTATTAATGATTATTATTAAATGTATTTACTATAAGGAAGTGATTTAATAAAATTATCCATATATTGAAAATCTGGTAACACTTTACCATTCTTTATTGTTGCTGGTAGTTTTATTTTTAAATTAGGTATTTTATCTCTTCCTACACGACCATATGAAAATCTATAACTTTCTTTATTTATCATTACAGCTATAAATAAAAGAATATATCTATTAGATTTGAATTTTGGAATTAAAGATTTTGTTCTCGTGCCTAGATAATATTCTTTATATTGAAGAAATGCTCATAATACACCTATATGTGATAATGATAATGTA
NZ_CP137850.1_gap22	718276	719442	1166	CATTCATCATCAGATACATCAAAACAGTTTTTTTGATAAATATTAGAATTACCATCACCATGAATTAACATATTTGTAGTTGCTAATCCAAATGCTTTTTCTTCATATTCGATACCATAAATTTGTTCTTTTTTGATGTTTGCTATGCATTGGTCGTTTTCGCAATCATTTATAGCATCAACCATAGCTCTAACTAGAAAAGCTCCACTTCCACAGCACGGATCTAAAACTCTTGAATTTCTATTAATTTCACATATTTGCGACATAAAATGAACTATATGGTCTGGTGTAAAAGCTTGATTTTTATCTTTTTTTCCTACATATTTGTTAAAAGTCGTAAAAAATAAATTTAAAATATCTTGTCCTGCCTTACTTCTATCATTTATGAAAGGCAAAATTTTCTCTTTAACAAAATTAAGTATGTTTATTAAGTTTTTAGATTCTAATGATTTTATATCTTGAATATCTAGCACTTTTTTATTTAAAATAATTACTTTTTCTGCCTTATTAAATGTGTCTTTTAATAAAATGGACAATTTATCTTCTATTCCTGAAATTATTTGTGATGTTTCCATTCGTTCATCATACATTAAGCCTGATTTTAAAGCAAGAAGACAAGTTCCTATAAATTGACTTCTCAAATCTTCTCTTATGCCATACTTATGAAGTAATTCATTTAATTCATAAGTATTTTTCATTACTAATTCTTTTTCGTTTTTCTTATTTTGAAATAAATCTCTGTAATATTCCATACTTTAAACTAGGACATATTATTTGGACACATAAAAAATAATATGTTAATAATCAATAATATTGAAATTACTAATTAACAAATTAAGAGATGTAAATATGCAATTGAACTTTTAGAAAATTGTTCATTGTCATATGAGAAATTTATAAATGTATTTAAATTAATAACAAATTGCACCATAAGTAAGCAAAACTTATATCAAGTAATTGTTAAAATAAAACAATATAATTTAAATACTATGTATAATAAAATTGAAACTGTAAAATTTGCAAAAGATAATCGCGGAAGAAAAGAAAAAAATAATAAAGTAAACTGAGATAAAGTATCTAAAGAAGATATGATTCAAATATTAGAAATCTGACAAAAATACGGTGAAATAACAAAAGAAATTCCTACAGATATATTAAAGAAAATC
NZ_CP137850.1_gap23	731091	734909	3818	ATTAAATTTAAAATAGAGTAAGTTAAAATTATTATCATTAAATAAATATTAATATTTCACAGTAATATTAATGCTAATAATATAGTTAATATTCCAGATAATATTTCAGGAAGAAAAATGATTTGGAACTCTATTAAATTATCAAATACTGAGACTCGATTCTTAATTTCTAATGGTGTTAATTTATCGATAACTTTATAGTTATTAAATTTTAAGTGTGCAATGAAATTAAGTATTTGGCTTTCTCTTCGTTGAGCTAGTAATTTTTGAAGTATTTTCTGACTTAAATTTTTAAGAGAAAAATTCAGCAGTATTATGAATACAAATATTATTCCTAAATATAGTAGATGGATATTTAATTTATTTGGAATGATTTTTTCTAGAATAATCTTATTGAAATAAGGAAGTGAAAAGAGAATTAATGTTTCACTAATTAATGAAATTAAGTAGAAAAGTGAAAACTTATCAAATAATAATCAATTATTCTTGCTTATAGTTTTTTTACTTTTAAAATCATCTCTTTTATGTGTAAATTTAATTAACAAACCAGAAAATTTTTCTAAAAAATCCTTATGACGATATTTTGTGTTTCCGATTACCGGATCATAAACATAAATATATTTGCTAGATATTTTCTTTATTACAACCATATGAGTATTATCATTCATAGAAATTAAGGTTCCTACCGGTAATTCATTTCTATCTAATTCAGGTAATAATGTTTTTTCACAATTGTATATTTCGATATCAAAATTATATGAATTACAAATTGTTTCAAAATCTGGAATCGAGATCCCTTTTTCGGTATATTTAGCATTTAATTTTAATTCATTTATATTAATTGGTGATATGTAGTTACGATCATAAAACCATTTTAAAACATATAATGAACAATCTCTAGTATCTACTTGTTTTACACTCATACAATATAAATATATTCTTACTATGAGATAGAACTAAAAATGAACAAAAAAGCTTTTTTTCTATATAATTTAAATATATTGAAAGGAGATTATCATGGATAACAAAGTAGTTGCACTTGCAAGTGACCATGCAGGTTACAAATTAAAAGATGAACTAGCAACATATTTAAGAGACAAAGGTTTCGATATCGTTGACTTAGGTCCTTCTACAGATGCTGTTTCAGTATCATATGCAGAAATGGGAAAAGAATTAGCTAACTATGTTGACGAAGCTAAGCCAGCTTTCGGAATCGGAGTTTGTGGAACAGGTTTAGGTATTTCATATGCTTTAAACAGACACAAACACATTAGAGCAGCTAGAGTTACATCAGTAGAAGATGCTCACCTAGCTAAACAACACAATAATGCAAATGTTTTAGTCTTTGGTGGACGTCAAGTTACTTTTGACGAAGCTAAAGCAATGGTAGACGAATACATGAACACTCAATTTGAAGGTGGACGTCACCAAGCTAGAATTAATCAATTGGATGAATAATTATGGCAGAAAAAGAAAAAGTATTAGAAGTTAAAGACAAAGAAGCGAAAGAACTAGCTGCAGTTTGACATGTATCTCAACATCCAGATGGATGAAAAGTTATAAGACAAGGTGGAGTTAAAGCTATCAAAACATTCGATACTCAAAAAGAAGCAATCGAATATGCAAAACAACTTGCTAAAAATAACGAAGGTAGATATTTAATCCACAGCCAAAAAGGAAAAATTAGAGCTGGTCAAAGCTTCAAAGACAAATAATTTAAATAACGCTAAAGCGTTATTTTTATTAATATAAAATTTAATTATGAATAAACATAAAATCAGTTTAAGACAAATTGTTATTTTCTTCATTCAATTTATCTTATTTATAGGATTTTTAGCAGGAGTAGTGATACTTTTCCTTAATGTTAATAAAGCTTATGCATATTTAGCTCTAGTGCTTTTATATGTACTAAATGTAATATTTGTATTCATAATCTATGCACAGAATAGAGAGCAAGAAGCTAAATTAAGCTGAATTTATCTAGTTATGCTAATTCCTATTATTGGTCATGCTATTTTTATTGGTTATGGACTGATATTTAGAAATAATTTTGAATTAGAAATTAATAATGATTCTAAATATCAATTGCTTACTTATAAAAACGAAATATTAGGTAATAATAAATTAAAACCATATAATGATTTAAAGCAAATTCAAAATATTAATCAAAATATATTGCTACCAGCAAATTTTGATTTTTTTGCTGAAGGATATAGATTTTATGATGATTTATTTGCTTCATTAAAAAAAGCGCAAAAAACCATTTATATTGTTACCTATATAATTAAAAAATCAGAAATAACTACAGAATTTTTAGATACATTAGAACAAAAAGCAAATAACGGTGTAAAAATCAAATGACTAGTAGATGATTTCGGTGCTATGCTATCACAAAAGAAACAACTTCGTAGGTTAGATAAACACCCTAATATCGAAATCAAGCTAATTGGTAAAATATATTATCCATTTATCAATGCTGCATCATTTTCACGTAATCATGAAAAATTTATCATTATTGATAATAAAGTTGTCTTTTCAGGCGGAAATAATATATCTGATGAATATTCATCAATGTCAAAAAAATATGGTCACTGAATCGACTTAAACTATCGTATCACTGGACCATATATTAATTCTTATATTATTCATTTTATTAAATACTGAAAATTTATTGCTAAAAAAGATATTGATGTGCATTCATCATTATTTATTGATAATGATTTAACCAAGTATCATAATCAAGCTTTATTAGTAACAGATTCACCTTCTTATACATATTCAGAATCTGAATTATTTTTCCTAAAAATGATTCCGAATGCTAAAAAAAGTATTAAGATAGCTACACCATATTTCTCTGTTTCTCGTGCTTTAAAAAAGCAACTCATACTTGCTCTTAAAAGTGGTGTAGAAGTTACTATCTTTTTCCCTGGATTGCCTGATAAGAAATTGGTGTATAAAATTGGTCTATATCAGTTATCAAAATTACAACAACATGGATTAAAAATATTAATTTATGAAGATCATTTCTTACATACTAAAGCAGGATTGATTGATGATAAATATGGATGAGTGGGTACTAATAATTGAGACTCACGTAGTATGTATTCACAATATGAAACAATGGATATTTTTGAAGGTAAAAGTATTGCAAAATTAAATGAAATTTTCTCAGATTATGAGCAAAAATGTCAAAATGTGGAAAACTTTCCACAATTTGAGAAAAAACCAACCGTTATTGAAAAATTTCTATACGATATCTCTAAACCATTGATATAATAATAACATACGAAAAGAATAAAGTTTATAAACGAAAACATGTAAATCCTATAGGAAGGAGTCTAATGAAAGAATTTTCATGTAAGATTGTTGATCCAATTGGGTTACACGCCAGACCAGCAACATTAATCGTTTCTACAGCTACAAAATTTAAATCTGATTCAAAACTAGTGTACAATGGTAGAGAAGCAAATTTAAAATCAATTATGAACATTATGGCATTAGGTGTTAAACACGGTGCCGAAATCACTATTAAAGTTTCTGGTGATGATGAAGAAAAAGCTATAGAAGCAATTAAAACTGCACTTGAATCAAATGGATTAATCTAATATATAATATTCGTCACTTAGTGACGATTTTTATTTGCTTTAATTCAATGGATAAAGAAAATCGCCGTTGCTTGAACGACGATTAATTTACAGATACCTATTATATTAATAGGTATTAATTTTTTGCTTAATAAAATTAGGTCGCCTAGTAAAACTAGGCATATGGTGCCCAAGACAGGACTTGAACCTGCATGGATTGCTCCACTAGATCCT
NZ_CP137850.1_gap24	759519	762495	2976	ACAATAATAACTGGTTTTTCATGTTCTAAAGCATATCCAATTATACGTGAGTCAAAATGAGAAACTTCTTCTTGAGTTGCATCAATAACTATTAATGATAAATCAGCTTCAGCTAATGAATTCATTGCTCTCATTAACCTATGTTTCCAAGTTAACAAAGTGAAAAAATAAATAGCTCTACAGCGTAGGGCTATATTTTTTGACATAGTGAAAATTACACAGAAAAAACCATCAGATACAAGCATTTTTATTTCTCTGTATAACTCAATTTCATTTCTAAATATCTCATTATCTCATGAAGATGAATAAGTAATTTTGCCATCAACTTTAGTGAAGTTTATTTTAGCTACTTTTATTGATTCAATTATTTGAGATGGAGTAACTCTATCTAAAACACCTCATTTATCTTTTTGCTTATGATTTATATATCAAGTTAAATAATTTAATACAACTAATCCTAAAAAACAAATGGTTATATGTCCAAAAATGTGATTATCTGTTCTTACATACATTGGTCTAGCATCTAATGTTGATTTAAGATTCTGAAATTTTCTCTCAATTGTTCATTGTTTTTTGTATATATCAACTATTTCTCTTGCGGTTAGGTCATATCTAGTTGTTTCGAATGCGACATAACCATCAAGTTTAGCATCTTCTTTTAGCATTTCTTCATCTATTGCAATCTTTTGATTCTTGAATTTCTTTGAAGAATTTATATTTCTTATAGGAAATCATGCTTTTGCTGTTGCAGTACCGTCTTTTCCTTTGATTTTGTCAAATCTATCGAGCACTTCTTTTCTTAATATCTTGTCTCTTTTAGCTTTTCAAGTGTCATATATAACAATTCTTCTATATTTTATTCTATTTTCTTCTCTATCATCTACTTGTTGAATTTCTTTATATAATAAACCATCAACTTTTTGGTAATCAGTTTCACTAACTACATATTGCTTGAATTTGTGTGATTCGCCTTTCAATCTAATGGGAAAAATATAATGCATATTTTGATACTTTACATAATCCTTATTTTGTGCCGAATTCATTCCTTTGTCTGCAACAACAGTTACATTTTGTAAATTGTATATTTCACTTAATTCATGAATTGTAGGGATAAAAGTTTTTTAATTAGCTATATTACCTGGTAATAAAACAAAATTTAATGGTATTCCGTTTGTGTCTGTTACCATACCTAAAACTACTTAATTTTCTTTAAATTTACCATCTTTAGAATATCCAGCTCTTTTTAATGAAAACTTTTCTTTCAAATTCTCGTTACCATTAACAAATGTTTCAAAATATAGAGTTGTAGCATCCAAAAATATCAAATTTGCTTCTCTCTTAGTTGATACATTCATTTTTTCATTTATGTTCGCTACTAGTTTTTGTTTGTTATCTGCAACAAAGTCCAAAAAGTTGTAAACTGTTGATTTTTGAATGTTTATTTCATTTACATATTTATCTTTCAGATTGAAACTACGAATTAAACTCCCGGGTTCTAATATTCTTTTTGCTATTAAAAAACTTAAATATTTGTTCACATTCTTTTCTTTACCCGTATTGATATCCTTAAATAAGTTGATTTCATCAATTACTTTGTAAAGTAATTCAATCCCTACATTATATGTTCCGATTTCTATTTTAGATGTTTCAAAATATTCAGCAACTTTATTCTTCACATAGTTTTTATCAGCATCTAGTGGTAAACTTTCAGCAATTTTCTTAAGTATAGAAATAGGATTATTGTGTTTTGTAGATAATTTTGATAATGAACCAATACTTATGCTTTTATCGTATCCTTTACCATAACCGGCTGATATCGCTAATCCAACATAGTAATCATCTTTTTTCTTTGTTTTTGTAACTAATCACTTCTTCATATCACTAATATTTTACCATTTTTCTGTGTAATTATGTAATAAAAAAGATAAAAAAATTATCTCCTTATACTATGTATAAGAAGACATTAACTGATTGAAAAAATAGGTCCTAACTTGGAAACATAGGATAAGAGCATTAAAAAATGGCTCTCTTTAGGATTAGCCATTATTTTTATTCAATTGCATTTTGCTTGTTTTTGAAATTCATTTTAATAGGACATCCACGAAAATCAAATGTCTCTCTTAATTGATTTTCAAGGAAACGTTGATATGAAAAGTGTAAGTATTTTTTATTATTAACAAAGAATGTAAAAGTAGGAATTTTACCTTTTTCTTGACGAACAAAGTAAATATTTAATCTACCACCATTAAATGGAACAGCAGGTTGAATCATTTGAATATCCATTATCAGATTAGAAAGCATTGCTGGTTTAATTTCTCTTTCTAAATTAGTTCTAACCATATTAATGGTATCGTACAATTTATTAAGTCTTTGATTATATTTAGCTGAAATAAATACAAATGGAACTCATGGTACAAAGTGGAATTTATTTCTTAGTTTCTTTTCGTATTGTGCCATTGTATTTGTTTCTTTTTCCACAAGGTCTCACTTATTTATAACAATAATAACTGGTTTTTCATGTTCTAAAGCATATCCAATTATACGTGAGTCAAAATGAGAAACTTCTTCTTGAGTTGCATCAATAACTATTAATGATAAATCAGCTTCAGCTAATGAATTCATTGCTCTCATTAAAGCATAATGATCAACTGATTCAACTAGTTTGGATTTTTTTGTTATTCCAGCTGTATCAATAACATTGTAAACTTTATCATCAATTGTTACTAATGATTTAACGCTATCACGAGTAGTTCCAGGAATTGGTGAAACTATTGAACGTTCTTCTTTAGCTAGATTATTTAAAAGCGAGCTTTTTCCTGCATTTGGTTTTCCAATAATAGCCAAATTAAATGTTTCAATTGATTCTTCTTCTGTGAAATCTAAATCTTCTATACATCTATTTAAAACATCACCAATTCCTTCTCCATGAAGTGCTGAAATCGGAAAAATATGTTTCACTCCTAATTTATATCATGA
NZ_CP137850.1_gap25	768618	771829	3211	ACTGAAATAATGCTTGATAAAATCAAAGAAGATTTAAATCAATTTAATGTTTCATTCAATACTTTTTCAAGTGAAAAAGCAATTAAAGAAAGTGGATATATTGAAAAAACACTAGAAACATTAAAACCAAATACATACGAACAAGATGGTGCTTTATTCTTAAAAACTGAAACACTCGGAGATGATAAAGATCGTGTTTTAGTTAAATCAAACGGTGATTACACATATTTCTTACCTGATATTTCATATCACCAATATAAGTTTTCAAAATGCAATAAGTTAATTAATATTTTTGGTGCCGATCATTCAGGTTATATTCAAAGAATGAAAATTGCTATGCAATATTTAGGATTTAATCCAGATGATTTAGATATTTTAACCATTCAATTAGTTCGTTTAATTAAAGATGGTCAAGAATTTAAAATGTCTAAGCGTGCAGGAACTTCAGTTACTTTAGCTGATTTAATGGATGTTTCTTCTACAGATGCAATTAGATTTATGATGTTAACTAGAGAAATTAATAATAAGTTTGACTTTGATATCGATTTTGCTAACTCAAAAGATTCTAAAAACCCAGTATTTATCGTCCAATATGCTCATTCACGTGCTGTATCATTATTAGATAGAATTTCTCAGGACCAAATTAATCAAGATATCCAATTTACAGATAAAGCTAAAAAACTAATTGTTGAATTAGATAATTTTGATGAGCTTATTAAAACCATCATAACAACAACTAAGGTTAATTTAATGACTCAATACTTAATTAATTTAGCTAAATTATTCAATAGTTTCTATGCAGAAACCAAATTACTTGATCACCCAGATCAAAGTACATATGCTTACTTAGTGCAAGCTGTACAAATTATTTTACAATTAGGACTAAATCTTATCGGTGTTTCTGCTCCTAAATCAATGTAATTTCAAATAATAAAGTATAATAAAAACAATTTCAAAGGGGATAATTATGTCAAGAACAATGTTAGAAATCGCAATTAATAAAGTTAATCAAAATCCAGGAGTAGAATTTACATTCTTCGAATTATTTGATGCTGTTGAAAACGAACTAAAACCAGAATGAGAAGTTCGTTTTGTTTCAGAAGATAAACCATATGAAAAAGTTCGTGAAACAAAAATGGGTGAATTATATCGTTTATTAACAGTTGATAAAAGATTCCAAAGAACTGCTGATGAAAATTGAGAAGGAAAAAACACAGATTTTTAGAAGGTATTTATGGCTTTAGTCAATGCAAGAGATATGCTTAAAAGAGCAAGAAAAGGAAAATATGCTGTTCCTCATTTTAATATCAATAATTTAGAATGAACTAAAGCAATTTTACTTACTTGTGAAGAAATGAAATCACCTGTTATTCTTGGTGTTTCAGAAGGTGCTTTAAAATACATGGGTGGATTTGCTACAGTTTCAGGAATGGTACTAGGAATGATTAAAGATTTTAAAATCACAATTCCTGTTGCTTTACACCTAGATCATGGTTCATTTGATGGATGTGTACAAGCTATTAATTCAGAAGCTTTTACATCAATTATGTTTGATGGATCGCATCTACCATTTGATAAAAATAAAGAAATGACACAAGAATTAGTCTTTTTAGCTAATTCAAGAAATATGTCTGTTGAAGCTGAAGTTGGTTCAATTGGTGGAGAAGAAGATGGAATCATTGGTGAGGGAGAAATTGCTGATGTTAAACAAGCTGTTTCACTAGCTCGTCAAGGTATTACAGTTTTAGCTGCGGGTATTGGTAATATACATGGAATTTATCCTAAAGAATGAAAAGGATTAAATTTTGATGTTTTATCAGAATTAGCTACCGAGACCAGATTAGGAATTGTACTTCATGGTGGTAGCGGAATCCCGAAAGATCAAATTCAAAAAGCTATTTCATTAGGAGTAACTAAAATTAATGTTAATACTGAATTACAATTAGCTAACCATGATGCTATCAGAGAATTTATCATTTCAGGAAAAGATTTAGAAGGTAAAAATTATGACCCACGTAAGCTTTATAAACCAGGATATGAAGCTATGTGCAAGGTAATTAAAGAAAAAATTCTAGAATTCGGATCGCAAGAAAAGGCATAAGCCTTTTTTTATTATGGATTTTTAATTTTAGTAAAATTATAATATGAAAAAATTTAAGACAATATTATTAGCTCTTGCAGGCATTACTGTAAGTACATTTCCTATCATAGCGGCTTCTTGCTGAAATGATCAAAATCAAAAAGAACCTGAAAAAACTAGTGATCCAATAGATAATCCACCAGTTGCAGTTCCTATCGAACCGCCGTCTGAAGATCCTGTTACACCACCTGAAACAGATCCTAAACCACCTTCAGGCGACCCTGCTATCACCCCCCCAATTAGCGATCCTGCTCAAGCAATTAAATTATTAAGTAAGCAAATAACTAATGTAATAACTACTCAATTATTATCATTAGCAGAGATTAAAAATGATAAAGATTTCGTTTCGTATTTAGATACTAAAGTATCAGAGCTTGATAAATTACAAAATTCAACAATAAATATTGAACAATTACCAGAATTATCATCTAAACTAACTAATGAAGCGCTTAATTTAGATAAGATTTATCAAACATTTACAAGTGAAGATGAATTAAATAAGAAAGTTAAATCTGAATGAATTAAATTTAATACAGCTTATAGCAAAATCGTGTCTAAAGCTCTTCATATAAAAGATCATGACTTGATTTTTGAAGAAAGTAAGGCAAAATATAAAGATTTTATTAATAATTTAAATAGAAATTACTCATCTGAAAGATATACCTTTATTTCTAACAATCAATCACCTACAAATTTTGTCGAATTAAATCAAAATATAATAAGAGATTATAAAGATTTTATGAAAGGTCATTTACCTACAAATTATGCAGTATTAGAAAATATTAATGATGTCGTAGATGGTGATACTATATATGGTGTAATCATTGGTATTCCACAATTTGCAGGTCAAGATATAACGGCACAATATTTCCCAGCACTTAGTTCAAAAGATAAAAATAAATTATTAGGCATTAGATTTAGAGGTGTAGATACACCCGAAACATTTAAACCAACTCGACCAGACAAGAATGCTAAATTAGCACCAAAAGAAAACGAATATGCACAATTAGCAAAAGAAAATTTACGAAAAATAGTTGAAGATGAATACGGAATATTTTACCTTAAGAAAAC
NZ_CP137850.1_gap26	815294	819140	3846	TTGTAAATGCTTAATGTATAAAGCATAATAAGTATCATCATTTTTCTTATCTTTTATATTAGCTGAATCATTAGCTAATTGAGCTTTTAGATTTTTCAAGTTTTCTTTATATTTATTTTTTAGATTAGCTATTTCAACAGCATTTTGTTTCTTAGCTAATTTATAATCAATAAATCATTGCTTTTTAAATTTACTTAAAGCAAGTTTATATTGATTTGAAAGCAATGATTTTTCATCATTAGAGTGATTTTCAAGTCATTCACTTCTAAATCTATTTTCTTCTTTATCTCATGTTTTATGAGTTCTATTTTTAAATGTTAATTTATGGTGATTTTTAAAATTAATTCAATATTCTTTATGACAGAATAATACAGCATATTTTCTTGTTGCATCAATAATTCTAAATTTGTAGAAAATAATTGAAAGTGCAGTCATGAAGATAATAACACCAGTTACAATTGGGAAATATTTACTGTCTAATTGAGGAGTTCCATCTCTTCCGACCGAGAATAAATCTTGTGATGAGTATAAAATACCATATAAAGCTGCTGATGGTATAACACCAATAGGACTATTTAAAGCAATAAGAGCAACAGCAATAGATTCGAATCCGATTGCAACAGGTACAGTTTGCAAGCTCGGAGCCTTAAGTCAGAAAACAATGTAGAAGAATCCAGCTATTCCAGCTAGTGCTCCTGAAAGGAACATAATTAAAATAGTAGTAACTTTTTCATTAATACCAACATATTTTGAATTTGTTTTATTAAGACCTATCATTTTAATTTTATATCCTAGTGTAGTTCTAGAATAAACAAATCACATTCCGATTGCAACTATAAAAAATAGTGCAATTCCGAAATATATAAATTTTCATTTAAAAGCTTCAGGTATTATTATTTCAATTAATTGACCATTAATAATTGAACCATTTTCTTGAAGTACTTTTAAGTGTTCTTGAGAGAATGTACCTCTAGTAGTATCAAATAATGTTGCGTAAATAAATACAATAATTCAGTTTAGGAAGATTGTTGAAATAACTTCATGAACATTAAAGAATGCTTTTAAAATACCGGATAAAGCAGCAACTAATGCACCACCTAGAATAAATACGAAAAACATTCCTATAAAATATGATTCTGAAATAGATTTTAAATCTTGTCCAGAAATAACTAAGATTGCAAAGAATAATATTGCAGGCATAGTCATTTGTCCGGAAATACCAATATTGAAAAGTCCGGATTTAAAGCCAATAGCTACTGCTAAACCAGCAAATCCAAAAAATATAAATAATATTGCTGTACTGTCTTGTTTATTTGAATCAAAACTGAACTTAAAAACATTTTTTATAAAATCAAAGGCTCCTACACCGTGTCCTTGTGCAGCTCCTAAAATCATATAAATAATAGAAGCAAATATAAGCCCGAAAACAACTGCTCATATTGAAGAATATAATTTTCTTCTTGTTGTTCTTTTGTCATCAGCCATTAAATATTTTTTGACAGAGTCAAATGATTGAACTGTTTTTTTAACAAATGCAGATTCTTTTTTTGTTTTTGAGTCTTCAGACATTACTATTCACCTCCTTTTTCTTTATGTGCCATATACATACCAATTTCTGTTCTTGATAAGTTTTTAGCTTCTTTAACAGTTAAAATTTCACCAGTATTAATAACTGCGATTCTATCTGCTAGTGCTAATACTTCATCAAGTTCATATGAAATTAATAGAATAGCTTTTCCTTGTTTTTTCTCTTCTAATATTCTTTCATGAATATTCTTAATAGCACCAACATCGAGTCCACGTGTAGGTTGCAGAATTAAGATGAAATCATGCGGTGCATTCATTTCACGCCCTACTATAAATTTTTGTTGGTTACCACCTGATAATGAACGTGCCATTGAGCTACCTTTACGTGCTCCTCTGACATCATATTTTTCAATAATTTCATTATTTTCTTTTGTAATATTTTTATTCTTAAATATACCGAATGATTGATAAGTTTTATCTCATAATCTTCTTAATACAGTGTTATTTTTAATTGAATAATCTAACACTAAACCATGTTTATGTCTATCACTAGGGATAAATGATAATCCGAGTTTTGAAATTTCATAAACACTTAAATTGTTTAATTTTATGAAACTATCATCAAAATCTTCAACTTTTTCTTTTTCAGGTGTTGTTGTAGCGAAAAATACTAAATACGAAATTAATAATAGTAATAAAGCAACTAATGCTGTTGGTCACATAAATACAGCAAGTGAAACAATTGTCATGATAAATGTAACAGTTAATGAGATTGTAGTTAAGATGTTTCTTACTCTATTTTCATTATTCTTAGCAAATAATTGTTTTAATGATTTTCTAGCAACGGTTAAACCAGTAGATACTGATATAAAGCTTATTACTAATGCAGCTATAGAAACATATTGTCATGTATCCATTTGTGTAAATGAGAGTCCAAAAATTAAAATATTCACAACTAACATAATAATTGAAATTGTTTTCAATCATTTTTTAGCTTTTTTAGAAAACTCTTTCTTCATCGGTTCACGATGACTAATAATATATTTTCTAATTTTTGATCCGTATAATGAATTTATTAGAACAACTAATGAAGTTACTGCAAATAAATCAAAACATATTCCCAATATCATAAATATAGCTGACCTATCAACTGTGCTAGCTGGTATGCTATATAAAATTATTGATATATAAACAAATAATATTGTAAATAAAGTTAAAGAGATATTTTTGATTTTTTGTTCTTTAGACACAGATTCATAACGACTTTTAACTAAATCAGTTTTTTTGAACAATACATCACCGGTAATTGGTTTTATCATTCCGGCAACAACTTTTTCTAAATCAGATTGACCATTTCCTTCAACACCAGCAATAGCGACAATTTCACCTTCTCTAATATCTAATGAAACATTTTTAAGTGGTTTTTCACCGTTTGTTGTAATATTTTCTAATTTAAAAATAACTGGATTGTTTGATGTGTCGGTGTATTCGTTTCTAGCGATTTCAATTTCTCCACCAACCATTCTGTTAGCCATTTCTTCTATTGAAACATCAGCTACTTTAAAATTACCTGTAACTTTTCCATATCTTAGAACAGTTGCATTATCCGCAACTTCTTTTATTTCAGCTAATTTATGGGAAATGAATAAAATAGTTTTACCTTGATCTCTGAAAAGTTTAAATGTATTTAATAAACCTTGTATTTCTTGGTCGGTTAAAACAGCTGTTGGTTCGTCAAAAATCAAAATTTCTGAATCACGATAAAGCATCTTCATAATTTCGACTTTTTGTTGTGTTGCAACTGTTTCTTTTCCAGTTAGTCTATTTAGATCAAAATGCAATTCAAATGTTTCTTGAATAGTTTTAATCTTTTTTATTGCTTGTTTGTAATCAATAACTCTTGAATATTTACGATAATCTTCATCACCTAGGACGATATTTTCTAAGTTTGTATAGACATCAACAAGTTTAAAGTGTTGGTGAACCATACCAATACCTAATTTATTAGCATCGTTAGGTCCTTTAATCAAAACTTCTTTGTTATTGACTTTAATAATCCCCTCATCAGGTTCATAAAGACCAAATAAGATTGACATCAATGTACTTTTACCAGCCCCGTTTTCACCTATTAAGGCATGGATGGTACCTTTTTTAACATCAAAACTTATGTTTTGGTTAGCTTTTATTGAACCGAAAGATTTGGAAATATTAATAAATTCAATTGCATTGTCTTTATTGTTTTGCATATTTTCCTTCTATCACTTTCAATATTTTTAGTATATGAAAATAGTTTCATTACTAAATTTGGTAATGCCTATA
NZ_CP137850.1_gap27	826975	829871	2896	TTTTTGTATTTCAATTTTTACTTGGATTTCTTTTTTCATACTAATATAGTAGCACATTAAAAAAATATTATAAATTAAAAAGCTGTCAATCCACCTAATCGTGAGCTAACAGCTTTTTTTTAGTTCCTTGTATAATAAAATTGCAAATCTAAAGGAAGGAACTAACTTAATTATAATGTTAATAGATTTGAAGTATAACAAAAAAGAGTATTTTGCATAAAAATTGAGGAAAAAGTATATCAAACGGTTATATCAAAAACTCAAAGAGAAGCATATTATCATTTTGCAATAATGGATTCACTAAATGATAACGAAATAAACAAAATCCATAAGGACATAAACAAACTCAGAGAGCAAAATATAACTCATTTCAACATCGAAAAGCTAGCTATTATGTTTAAAAATTTCGCAACACATGAAACACTGAATGATATTTCAAAAACAATGAACGTATCAGCTAAAGTTCTCAAGCAAAATTTAAAACTAGCTATGTGAGATGACACAGCAGAAGACTCATACAAATTTTGCAGTAATTGTAAAAATAGACTAACAACAATTTTTAAAGTTTCACATCGTGAATGAGTTCAGCTCAAAATGCAAAATGTTCAAAATCCAGTTCAACAAATTCATGAAAACACAATTTCAAAATGAGATGATATTGTTCGCTTCTGAAGGTTTTGAAGTAAACAACACAGAATCGTTAAGAGAAAATTATCTAAAGGTATTTTACTTTCAGATAATGAAAAGAAATTTGAACCACTAATATCAGTAACGACATTCTTGGATTACTATAAAGAACAATTGAAGGATAAAAATGCTTTATACCTACGCCACAAGCTTTTTATTACTTTATGGATTAAGAATATGTTAAAGATGTTGATTTCTCTATTTTTATTTTGAAATCAAAAGAGGTATTTCAAAAATCTAATTGAGATAAACTACGTGGCAAGAAGAAAAAAGCCTAAAGGAGTGCAATCTAAGAAAATTAACTTTGGTATTTCTATTCATCTCGCACCATTAACAATTAGAAACAGAGAAGAATTTGGACATTATGAAATGGACACAGTAATTCTTAATTTAAGAGCTAAATATTGCATTCTTACCTTGCTAGAAAGAAAGACAAGAATGTTATTTGGGATATTAACTCGGCGAGATGCAGATTCAATAAAAGAATCACTTCTTAAATTGATTAATCATCACAATTTAACCATTTTATCTCTAACCATAGACAATGGTTCGGAAAATGTGAAGTTAAATGAAATAAGAGAAATTCCTGTTATTTACAAGTGCGATACATATTCATCATGACAAAAAGGAAGCATAGAAAATGCTCATAAAAAAATCAGAAACTTTCTACCAAAAGGCAAGTTTCCGAGATATGTTAATTTTGAATATATTTCACAAATGTTCAACGCAATAAATGATCAATATCGTGATTTTATTGATGATAAAACAGGCAGAATAATCAGGTTAAAAACTTCTAAATATTTCAACAGTTTCGTCTAAATAACAAAGAATTTTAAGCTCAGGCTTTATTTTTCTTCACGCTTTTGGAACATTTTTGTAAAATTTATACAGCAATATTGAGGAACTACTCAATTTACCACTTAGGTGGACTTTCAACTTTTTAATTAATACATTAAAAAAATATAAAAAAATTATTTGAAAAAAAATTCTTATGTTATAATACTTAAGCAACAAACACAAACAAGCTGTTGCCCAGGTGGTGGAATGGTAGACACAAGGGACTTAAAATCCCTCGGTAGCAATACCGTGCTGGTTCAAGTCCAGTCCTGGGCACCAATATCTGCGCCCTTAGCTCAGCAGGTAGAGCAAATGGCTTTTAACCATTGGGTCAGAGGTTCGAATCCTCTAGGGCGTACCATTTCAAGAAATTGACCAAAAGTTCTGATTTATATCAGAACTTTTTTTTATAAAATTTTAAACTTCTTTATCATTCGATTACTTGATTCAAAATATGAATAATGCAATATGATATAATACATTAAATATAACTTATAAGGGCATTTATGGAACAAAATAAAACATTATCAACAACAATAATTAATAATTACATGAAAAATAAATCACCATTTTTTATTGATAAAACTAAAAAAATTAAATATGTAGCTATTGGTGATTCAGTTACTGCTGGATTTGATGGAACACTTGCACGTGATTATCCAGGAGAAATGCAAAATGATGAAATTATTGGTATTTCTTATCCTGCATTTTTAGCTAGATTACTAAATCAAGATAATCGTGTCGAAGCTTTTATTAACTATTCAGCATCAGGAAGTAGAATTGCTGATTGAATTAAAATGCTTGAACTTAATTATGATAATTCAAACAATGATTTACCTGATTGAGATGATGTAGATAGAGCATTTAGAGTTAATAAAGGCGGAGCTAAACAAATTGTAGCAAGCGCAATAAAAGAATTAAAACAAGCTAATTTAGTAACTATATTAATTGGTGCTAATGATTTCTTCTATTTATTCTTTAAAGCAGCTGCTAAATCAAAGCCATTTGAATTAATACAAGAATTAAATAATAAATCACCTGATTATCAAAAAATATGTGATTATATTGTTGATATTTCAAAATCTATAATTCCTGAAATTGAGAAAAGATTATATGCTTTATTATCAAAAATTAGAGATTTTGCTCCAGTAGCTAATATTAATATTATTGCTTATCCTATGTCCTTAAGTGTGCTTAAACCAGCACTAGATGATTTCTTTTCTTCAGTATTAAGCTGTGAAAATAAAAATCCAATTCAAATTATTTTTAATCAATTAAATGGTGTTATGTATAAAGTAGCATCCGAGCTTAGTTTAACTGTCATAAACCCTTACAATGAGCAATACTGAGTGCAAAATTCAACCAAACTAAC
NZ_CP137850.1_gap28	834078	836095	2017	TTTTGCTTTAATATATCCAATGCATTAGGATTTAATTTCTCAAGTTCTTCCAAATATCCTAAACCAACAATTCTTTTATATCCTTTTCCAAAACCTAAAGTTTTACAAACTGATAAATATATTTTGTCTTTGTTTTTACTTTTCATTATATGTAACTTAGCTTTACTTTCCATATAATTATTATACCACTTTATGAATGTAATGAATATATAAAAAGTAAAAATTTTTTTGTTGTTTTATACTATGTATAAAAGGCGTCGAAAATTAAATAAAAAGAGCTTCCAACTTGGAAACTCAGGAATTTGTGAATAATAAAGTTACTATTAATGGGTGAACAATAGATAAATACAGCGGTAATTTAATGGTAGAAGTCTTACTTAATTCTCTAGAAAAAGGATATTTAGAAGGTGATAAAAGCATCATTAAAAAGAAATTATTATTAAAGTAATTTGTGTATCTTAGATACGCATTTTATTTTAACTCATATTTATTCAATTAGCTTATAAAAGTGAGAAAAAAGCTTATGCATAAGCATAAGCAATAATAAAGGTCATAAAAATGAAATGGTGCGAACGAATGGACTTGAACCATCGACCTCACGATTATCAGTCGTGTGCTCTAACCAGCTGAGCTACGCTCGCAAGTATGTATGCATATTATACCACACAATAGGTATATGCATACAAAAATTATTAAGTTTATTAACGTTTTGAGAATTGTCTTGCACGACGTGCTGCACGTAAACCTGGTTTTTTACGTTCTTTAGCACGAGCATCTCTTGTAAGCATTCCAGCTGCTTTAAGAGCGGCACGGTAATCAACATTAGCTTCTAATAATGCACGAGCAATACCTAATCTAATTGCTCCAGCTTGCCCGCTAAGTCCTCCACCAGTTACGTTTACACTAACATCAAATGTTCCCATTGTGTCTGTTAAAACAAATGGTTGATTTGCATCTTGTAAATAAATATCAGATGTTAAGTAAGCACGAGCATCACGGTTGTTAATTGTGAATTTACCTGTTCCTGGTGTTAATCTAACACGAGCAACTGATGATTTTCTTCTACCTAAACCACGGTACATTACATTGTTGTTAGCCATAATTATTTAACCTCTAATCTTTCTGGGTTTTGTGCTGCATGTTTGTGTTCTGGTCCAGCATATACAAATAAGTTTCTACGTTGTTTGTTCCCTAATTTTGTATGTGGTAACATACCTGAAACAGCTTTTTCAATTAAAGCGGTTGGTCTTTTAACTCTTAATTTTGCTGCTTGAATTGATTTTAATCCACCAGGATATCCTGAGTGTGAGTAGTAGATTTTGTTTTCTTCTTTGTTTCCTGTTAGAACAACTTTTTCAGCATTGATAATAATAACATTATCTCCCATGTCTGAGTTAGGTGTAAATGTTGGTTTGTTTTTTCCTCTTAATACTGATGCTACTTGTGCTGCTAAACGACCAAGTACTTGACCTTCAGCATCAACAACATATCATTTTTTGTTAGCTTGTTGAGTATTTACTATTGTAGTTTGTCTCATGCTAATCCTCCTACGTTAATATAAATATATGGTTCGGTTAATTTTTTAAATTGCTTATTAATTATAACACACAATATTTAATAAGCTATACAATTTTTGAAGTTATAAAAATACTATAAATAAGTTATTTTTGTTAATTATTATTGTTTTTATGCTTATTCATTAAAGTAATTAATAATAAAACACTATTGAATTTTTATTTGACTTAACAGGTATATAGCAGCTGTTTCAGCTCTTAATATTCTACTTCCTAAAGATACAGCAGATACATTATTTTCCGTTGCAAGTAAAATTTCTTCCTGACTAAATCCCCCTTCAGGTCCAACGATAAATAAAACATTTTCATTTATTGGCTGGGGCAAAGAAACTGATGTAGTAATTTGTTCATGGGCTATAAATTTATTTTCAATATTGTATTTCAATACATCTTTAAATTTAGTTAATGGCGAGATTTCAGGAATATTATTTCTAAATGATTGT
NZ_CP137850.1_gap29	871778	873578	1800	TTCTTTTGTTAAATAGTTCTTTTCAAGAGCAATTTTCTTATATCCTCTATTTTTAAATCATTCTGATAAAGAATTTCCTTTTATTAATACTACATCTACATTTTTCGCATTATTGCTTGCATATTCTATGTATCTACCATCAACAAATAATGTTGCTTTATCTTTCTCGATAGCAATAAAACCATCAGATGTTTGTACTCCAGCATATCATAATCTTGTTTGAGGAGCTTCTGAAATTAAAGCATCAACTCCTGTTTGTTCAAACATTTCTTCTAATTTTCTTTTGTCCATTTTATCTCCTTGTGTTTTAAGTTACTAAATTATATTACTATTGTTTATTATTGAAAATAAATCAATTTCTAGGATATATTAGTTAAAAAAACATTGACTATTTATCGTAATCAATGCTTTTTTGTTTCCTTAGGGATTTCATATATACTTTTTGAATATAATTCTTTTTGTATTTAGATAACAAGTCCATTTTTTCAGAAATTTTGAGATTATATGCATTTAGAATAGCATATTCATTGCAATAATAAATAATTTTCGAATGCACTTTTCATCTCAATGGAGTTATAACTATCATCATAAATACTAAATATCCTAAAATATAAAGAAGATATTCGCCATAGAAAGCAAAAAACTCTGACTTATCTACAGTTTCAACTGTAATTATATTTGTAATACCATATATAAATATAAGACTTATTATTGAGTAGCTTAAACCATCAATAATTGCAATATATTTCATTAATTTGTTTAAACAACTATATAAGAGATAATTTCTACTTTCAGCAAAAATATTAAAATTATTAACAGAATTATTTATTTGAAAATATTTATTAATATTTTTATTAACAGCTAATTTCTTATTTTCTATAAATAATTTACTTTTTATAAATTTATAAATTCATGAATTTTTATAGGGGTGTTCAATATCCCTAATATATATTGAAGGTAAATTAAAGGCAAGGAAGTTTTTTTTCAATCTTTTCCGTTGTTTTAAAAATCTAAAAATATTTCTTATAAGAAAAGGATTTAGTAAGATAAATAAAATTCAGCCCTTTGTTACAAATCACAATAAGATGATTGTTAATAATTCTAAGTGCATTCAACATACAATTCTGGTAATGTATAAGATGTCATTCTTGTAATTGGAAATCAATTTATATTTATTTATTTGGCGTGTATTTTGTTTCAATTTTATTGATTTCATAATAAGTCTTTGAATCCATATTTCTGTCTAATTTTTTGTGCCATATTAATGAGATTAGTATTTAACTTAATATCATGTAAAATTGAAACAATAGTTAAACAAAAATCTGCAATATTTAGTATAGCCATTATCGGCACAAGTGCTGATGCTTTAGTTAAAATTGTTTTCTTAACATTAATTAGTTTTTCTAATTGTGCAAGTTTCTTATTGAGTGTCCCAAAATAATTTCTTGAAATAAGATCTTTTCATTTAAATAATAGATTTGATGTCGAACTTAATATATCAGGACTTAGTGATGCAGTTAGCAATGGTGCAATTGTTGGTATTTTTTCAGATAGTTTAACTGATAATTTTGATATTAGTTGATGTATTCATTTTGTGAATGATTTTCCACTTGCAAAATAAGAGAAACCTAATGAAAACCCCTTTTGTTGGTTCACTAATGAATCCAATGCTGTATTTATAAATGAATCGAATTTTAGTATATCATCAAAATTTATATTATTCTCACTCATTATTTTTTTCATTGTATATATTCATTGTCTTAGTTCGTAATGTTTAGTGTATTTTATTTCTTTTCATAA
NZ_CP137850.1_gap30	885210	887492	2282	CATGCTTATAATCAAAAGTTAACTTTAAAATACCTAATTTTTCACCACGATTTATAGCTAAAACTTGGTGATTTTTTATGTATTTAATAGGAATTGAAAAATCATAATAATTTGTGAATTTCTTATCCTCATCAATTTCTTTAGCTTTTTTAGTTTCACTTGTTCTAAGTGTTCCAAATTTTAAAATATCTTGCTTAATTCTATCTCTAATTTCAAAATCTTGCGAAATTCATTGTGCAATAATGTAATTTGCTTGTTCTAAAGCAAATTCAACAGATTCAATGTTTTCATTTAGATATTTTTTAGCTTCTATTTCTCTATTGAAATTAGGTGATTTATTTTCAAAAATTCTTTTAGCTAATGGTTCTAGTCCTAATTCAATAGCTTTTGAAGCTTTAGTTACTTTTCCAACCTTAAATGGTTCATATATTGCTTCTAGATCACTTTTAATAGTGGTTGCTAGAATTTTGTTCTTTAATTCTTTTGTTAATAAATCTTTTTCTTCAAGAATTTTAATAATTGCTTGTTGTCTTTCAAGTAATTCATTTTTATATTTAAATTCAGCTTCTATTTTATAGATTTGTTCTTCATCAAGTCCACCTGTTTTATCTTTTCTATAACGTGAAATAAATGGTACTGTTGAACCTTCTGATAACATATCTAATACAATTGATACTTGTTGTTCTGAGATATTGAGCTCTTTCGCTACTAATTTAATTGCTTCTATATCCATATTATCCTCCTAGTAATAAAAATCATACATATATTTAATAATATATGTATGAAATAAATATTATTTTTTGCCTTTAGCTTTATTTTCTTTTTCAGGTGTTGTTATTGATTGTGCTCTATAGTTTTTAAATGAAATAATTTTTGTAACAAGCGGATTGACCATTTTTTGAGTTGCACCTTGTACAAATAAGTAGAATACAGGAGACATAACATCACCAATTACCATAGCTAATGTCCCGTATGTAATAGAATCTCATAAGATTCCATTTTCTCTTATTAGTTTAACGCCTTCTGGTGTTAATTGACCTTTAGCATTTAAGTAATCTTTAATTTTTACTAAATGTAATTGTTCATCAGTAAATCCTAGGTTACTGAATTTTTCAATTCCTTTACCTGTTGTTTGAATAAATAAATCTGAATGCCCTTCGAATAATAACACAGGAAATTGTTGTGCTAGTCCTCTTGCAGGGTTAATAGCGGCTGAACCACCTAAAATCCCCATTCAAACACTAAGTGAAATAACAAACATGATTAATAAATCACGATATTTGTTATTAATATTAGGTGAAAAAATTGGGAATAATAAGATTGAAGTCATAACTAATTCAACAAAGAAAATTCATGTTGAACCAGCAGCTAAGAATCCACCTCTGCTATAGTTAGAATAATCAATAAATGATTTATTAGCAGCACTAATAGCTGTAATAGGGGCATTAGAAATTAATCCATCTTTAGCAGATACTTTTCCTAATCCATAAATAATTGCTCCAGCAGCTATAGCTCCTAACATTTGAATAATAATTTTATATGTAGCATATCAACCGTTATTTCTACCGTTTAAATATCTATATATCGTTACAGCCGGATTTAAATCACAGCTCCAACGTAAAAATAAGAATAAACAAGTTCCAACCACTATAAACCCAGCATAAAATCCAACAATAATTGGATGTAATAAATAAGTTTCAGCTACATATCCTGATTTAGTATAAATTGATAAACCAGCTAGTCCTAAAGAAATTAATATTGTTCCAAAAAACTCAGAAATTCCATGTACTAATCATGTACGAAGATCACTAGGTTTTTCTGCATTCATTCTTTCTAAAGGTTTAAATTTAAAAAAACTAAATAATTCATTAAAAAATGCTTTTACACGAGATTGTGCTTTATCTTGCTTAATATTAGTATTATTAATAAGCTTTCCATTATCCATTTTGAATTTTACCATTCTCCATAAGCCTTAATGCTTTCGAGAAGTCTCCTTTTTGTGCATTATCAGCATTATCTAATGTTGCTTGTGCAATTTGACTTAATGCTAAATCTGTTAAGTAAGCTTGGTGTGATGTGACAAGTACATTATCCATTTCGATTAATTCTTTTCATTCTGGATCCATAGCTTTAAGTTCAACTATACGAGATGAAACATCTTCGTAAAATCTTCCTTCTTCTCTTTCTAAAACATCAGTTGCAAATCCACGAACTTTTCCTGATTTTAATCCATTTAACATAGCTTTAAGATCAACGATTTCACCTCTAGCCGTGTTAACTAC
NZ_CP137850.1_gap31	895523	899817	4294	AATATCATTACCTAAGGCAACTGCAGCATTAGCTATTAATGTTCAAGGGGTAGTTGTTCACACTAAGAAACAATCACCAGGTTGAATTAAATCATAATTTGATTTTTCAACATGCATTTTAACATAAATTGAAGGACTTTTTACATCTTGATATTCAACTTCAGCTTCAGCTAAAGCACTTTGAGATGAAGGTGATCAGTAGATTGGTTTTAAACCTTTATATACTAAACCATCTAACATCATTTTAGCAAATACTTCTAATTGTTTAGCTTCATATTCTGGAGCTAGTGTTATATATATTTTTTCAAAATCAGCAAAGATTTGTAATTGCATAAATTGTGATTTTTGACGTTCTACTTGGCTTAATGCATAGGTGTGAGCTTTTTTACGTAATGTAACTGGATCTAAATCTTCTTTCGAAACATTCATTTCTTGCAACATTTTATGTTCAATTGGCAGGCCGTGTGTATCTCATCCTGGTACATATGGTGAATAAAATCCACTTAAAGTTTTATATCTAACGATGAAATCTTTTAAAATCTTATTCATTGCATGGCCAACATGTATATCTCCATTTGCATATGGTGGACCATCATGTAAGATAAATTTAGGATCATTTTTATGTAGTTCTAAAACTCTTTTATACACTTGATTTTTTAATAAATTTTCTCTATATATAGGTTCTTTAGATGTTAAATTAGCTCTCATTTCAAAAGATGTATTAGGCATATTTAATGTTTTTTTATAATCCATAATTTCCTTTCAGAATCTTTAAATTTTATCTAAAATAAAATTCCTCTATTTTATTAACACATTTTTGCTAACAAAATAGAGGAATTTTTCTGTGGTGGCCTCGGCAGGAATCGAACCAGCGACACACAGAGCTTCAATCTGTTGCTCTACCTACTGAGCTACAAGGCCATGGCGGTCCAGACGGGAATTGAACCCGCGATCTCCTCCGTGACAGGGAGGCGTATTAAACCACTTTACCACTGGACCATTGGTTGCAGAGAAAAGAATTGAACTTTTGACCTTCGGGTTATGAGCCCGACGAGCTACCACTGCTCCACTCTGCTATGAATATTATACCATTAAATATGGCGGGTGATGAGGGATTCGAACCCCCGTGGGCCGTGAAGCCCCTGCTAGTTTTCAAGACTAGTCCCTTCAGCCAGACTTGGGTAATCACCCATGGTGGACCCAACAGGACTCGAACCTGTAACCGACCGGTTATGAGCCGGTTGCTCTAACCATTGAGCTATAGGTCCGGATGTTGTAAATATTTAACAGTATAAAATGGTAGCACCGATGAGATTCGAACTCATGACCTTCCGGGTATGAACCGGATGCTCTAACCAACTGAGCTACAGTGCCATAAATGGTGGAGAGTATGGGATTCGAACCCACCACCTCCTGCGTGCAAGGCAGGCGCTCTAGCCAAATGAGCTAACCCCCCATAAATGGTGAAGAAGACAGGATTTGAACCTGCGACCACTACAGCCCAAATGTAGTGCTCTACCAAACTGAGCTACTTCTCCAAGAACTGCAAAAATATTATACTATATCTTTTATATTTTCAAAATTTTTTATGTTCTTTGAAAACTGAATAGTAATAGCTATGTTAATAATTCATTAAAATGTCTGAATACATAACTTTTAAACCTATCAATTTATTAGTAATGGTCAGCTGAATGTATTACTACACTTACACTTCCATCCTATCAACCTCGTAGTCTACAAGGAATTTCAAGGGAATACTTATCTCTGAGGAGGCTTCCCACTTAGATGCTTTCAGCGGTTATCCCTTCCGTACTTAGCTACCCAGCTATGCTCCTGGCGGAACAACTGGAACACCAGCGGTACGTCCACTCCAGTCCATCTGGTACTAAGAGCAGCTCTCATCAATATTCCAACGCCCACATCAGATAGGGACCGAACTGTCTCACAACGTTCTGAACCCAGCTCGCGTACCGCTTTAATTGGCGAACAGCCAAACCCTTGGAACCGACTCCAGCTCCAGGATGCGATGAGCCGACATCGAGGTGCCAAGCCTTGCCGTCGATGTAATCTCTGGGCAAGATAAGCCTGTTATCCCCAGGGTAACTTTTATCCGTTGAGCAACTGCCGTTCCATGACGTACAGCCGAATCACTAAGTCCTGCTTTCGCACCTGCTCGACTTGTAGGTCTCGCAGTCAAGCACACTTCTACCTTTGCGCTCTACATACGGTTTCTGACCGTATTGAGTGTACCTTTGAACGCCTCCGTTACCTTTTAGGAGGCAACCGCCCCAGTCAAACTACCCACCACGCACTGTCCCCTACCGGATTACGGTAGCAGGTTAGAAACTCAACATACCAAGGGTGGTATTTCAAGGTCGACTAATCTAGAACTGGCGTCCTAGCCTCATTGTCTCCCACCTATCCTACACATGTTAGGCCAAGTTTCAATACAAAGTTGTAGTAAAGCTCCACGTGGGTCTTTTCGTCTTGATGCGGGTACCCAGCGTTTTCACTGGGACCATAATTTCACCGAGTCCAATGTTGAGACAGTTGAGAGATCATTGCGCCTTTCGTGCAGGTCAGTATTTAGCCGACAAGGAATTTCGCTACCTTAGGACCGTTATAGTTACGGCCGCCGTTCACCCGGGCTTCACTTCAATGCTTCGCATAGCTAACAAATCCGCTTAACCTTCGGGCACTGGGCAGGCTTCACCCCCTATACTTCATCTTACGATTTAGCAGAGAGCTGTGTTTTTGATAAACAGTTGCCCCTCACAATTTACTGTGGCCAACAAATGTTGGCACCCCTTCTCGCGAACTTACGGGGTTAATTTGCAGAGTTCCTTAACATTGGTTTTCTCGCTCGCCTTAGAATACTCATCTTGGGAACGTGTGTCCGTTCTCGGTACAGGCACCTTTTGTTTTATAACGCTTAGAAGCTTTTCTTGGAAGTATGAAATCACACAATTCACTACAAGTAGCTATACATTATGACTCCCAGTTATAGAATCCGCATTTAACTAGATTCACCAGTAATCACTTATCCCTAAATCCAATAATAGGTAGTGTTATCCTTCTTCGTCACTCCATCACTTACGCAGGTGGTACAGGAATATTAACCTGTTGTCCATCGGATACGCTTTTCAGCCTTTCCTTAGGTCCTGACTAACCCTGGGTGGACGAACCTTCCCCAGGAAACCTTTCCCAATAGGCGTTGAGGATTCTCACCTCAAATCGTTACTCATACCGGCATTCTCACTTCTTAACGCTCCACCAGTCCTCACGGTCTGACTTCGCCGCATTAAGAACGCTCCTCTAACGTACTAAATGTACCCGTAGCTTCGGTATCGTGTTTTACTCCCGTTACATTATTGGCGCAAGATCTCTTGACTAGTGAGCTATTACGCACTCTTTAAAGGATGGCTGCTTCTAAGCCAACCTCCTAGTTGTTTATGAAATCTCACAACCTTTCTGACTTAACACGATTTTGGGACCTTAGCTGACGATCTGGGTTGTTGCCCTCGCGAGCCGGGACGTTAGCACCCCGGTTCCGACTGCATGATAATACACAATGATATTCGGAGTTTGATTATAGTCAGTACCGCTAGACGCGGCCATTCCATATTCAGTGCTCTACCATCAAAGTTTAACATCACACGCTAGCCCTAAAGCTATTTCGAGGAGAACCAGCTATCTCCAAGTTCGATTGGAATTTCTCCGCTATTCACAAGTCATCCGGGCACTTTTCAGCGTACTACGGTTCGGCCCTCCACTTGGGATTAACCAAGCTTCAGCCTGCTCATGAATAGATCACATGGTTTCGGGTATATATCAACATACTAGACGCCCTATTAAGACTCGATTTCTCTGCGGCTCCGCTTTTTTCTGCTTAACCTCGCATGTTAACATAACTCGCCGGTCCATACTGCAAGATGTACGCCATCACCCATTAACGGGCTCTGACTAATTGTAAGTAAGTGGTTTCAGATTCTATTTCACTCCCCTCCCGGGGTTCTTTTCACCTTTCCCTCACGGTACTAGTTCACTATCGGTGTCTGATTAGTATTTAGCCTTACCGGATGGTCCCGGCAGATTCAGACAGGGTTTCACGTGCCCCGCCCTACTCAGGATACTATCAAAAGTCTTTGCTATTTCGCTTACGGGAGTATCACCCTCTGTGCTTAGTTTTCCCAAACTATTCTGCTATAACAAAGATTTGTAACTTTATGTAGATAGTCCTACAACCCCAGTTTAAAAAACTGGTTTGGGCTCTTTCACGTTCGCTCGCCGCTAC
NZ_CP137850.1_gap32	901598	904946	3348	CGCACCCCGATCTTTTAGTGGAGCTTGAAAGCTCCTTTTATATAAGAAAGATGCCTTCCTTATAAGTATCCGGTATTAGCGATAATTTCTCATCGTTGTCCCAATCTAAAAGGTACGTTAAGTACGTGTTACTCACCCATTCGCCGCTAAGTTCCGAAGAACTCCGCTCGACATGCATGTATTAGGCACACAGCCAGCGTTCATCCTGAGCCAGGATCAAACTCTCGAAAAAAATTGACTGTCATGTACATTGTATATATCTAGTTTTCAAAGAACTTTACTAAAGCTTTTTAGCTGTTAGGTGTTATTATTATATAACAGAAATTTTAAACACAAAATAAAAAAATAGCATTTTTTGCTATTTTTTTATTATCGTTCGAACGAATGAAATTTATTATATCATTCCTTTTGTTTTTAAAGTTTTTAGTGTCTTTGCACTTACTTTAAGTTTCATTTTTTGACCATCAATTGTCACTCTTACTGTTTGTAAGTTAGGATTAAATTTTCTCTTTGTAGCATTTAAAGCATGAGAACGTTTGTTTCCTGATTGAGGCCCTTTACCTGTAAGAACATCTCTTCTTGACATAAATAATCCTTTCTTTTTTAAGTAGCTATTTAAAATCGATTATTTAGATTATTACTATTAATAATAATTTAAAGTGCATTTATTATAGCATAAAATTATTTTTTACTAAATTTTAAATTTTTAGACATAGTTATGATTATTTCATTTAATGATGGTTATTGAATTAATTCCATGAAATCATCTTCAGATGAGAAATCGACATTATTATCAATTCAATCTTTTCTAAATTCTGCATTTTCTCCCATTAATACACTAACTCTACGTTCTGCTAACGAAGCATCTTCAATAGTTGTTTGTATTAATGTTCTAGTTTTGGGATCCATTGTAGTTTCTCATAATTGGTCAGCATTCATTTCACCTAGACCTTTATATCTTTGTAATTCATATGGTTCTTTAGTTTCTTCAAGAATATCTTTTAATTGTTCTTCGTCTCAAGCATATGTAATTTTTTTAGAATTCTTACCACTAACCTTATATAAAGGTGGAAGAGCGATATAAACCATACCTTTTTCAATTAATTGTTTCATAAATCTATAAAAGAATGTTAATAGTAAAACTTGAATATGGGCTCCATCAGTATCAGCATCTGTCATTATGATTATTTTATTATATTGAGACTTAGTAACATCAAAATCTTTACCAAAACCAGCTCCTATAGTATTAATAATTGTACTGATTTCAATGTTCTTTAATACTTCGCTGATTTTTTTCTTTTCAGAGTTAATAACTTTTCCTCTAAGTGGCAATATAGCTTGGAATTTTCTATCACGTCCGCTTTTAGCACTTCCTCCGGCAGAATCTCCTTCGACAAGAAATAATTCTTTTTCACTTGCATCTTTTGATGTAGCAGGTGTTAATTTATCGCTTAATATGAGTTTTTCTGATGCTATTTTTTTAGATTTTCTACTTTCTTCACGAAGTTTTCTTTCTTCTAGTCTTAAATCATATGCTTTCTTGACTTTGTCCAAAACATCTTTAGCTAATGATTTATTTTCGTTGATTCAGATTTCTAAATATTTTGAAACAATTTCTTCAACAACATTTTTAGCTTCAGGAGTTCCTAATTTATCTTTTGTTTGACCAACAAATTCTAATAAGTTTTCTGGTATTTTTAATGATAAGATACAAGAAAGTCCTTCACGAATATCATCTCCATCAAACAATTTACCATTTTTTACAATTCCTTCACGTAATGCAAATTCATTCATTGTTTTAGTAAAAGCTGATTTTAAACCAATTTCATGTGTTCCACCATCACGAGTTTTAACATTATTAACGAAACTTAATATTATTTCATTATAAGAATCTGTTCATTGGAAAGCAAAATCAACTTCAATTTCTTTTTTACTATCTTGAAATGAAACTGGCGGAGTAATGCTTATTTTAGAATCATTTATAAAGTTTAAAAATGATTCAAGCCCTTTTGAATATTCATAAACTTCTTTTTTATTATTCTTTTCATCAGTTAAGGTAATCTTTAAGTTTGAAATTAAAAACGAACTTTCTTTTAAACGTTCAGAAATTTTGTCAAAACTTAATTTAGCTCTCTTGAAAAATGCATAATCAGGTCAAAAGCGAATTGATGTTCAATTACTTTTACTTGTTCCGATTTCATGTGTATGTACTAAAATGGTATCTTGTTGGAATACTGTTTCATATATTTTTTTATCTCTCGAAACTGTTGCAATTAATTTTGTAGATAAAGCATTAACAACAGACGACCCAACCCCGTGTAATCCACCAGATGTTTTATAAGCTCCTGAATCAAACTTTCCACCAGCATGTAACTCAGTAAAAATTAATTCAACCGCTGTTCTGCTTTGTCCTTTCATTTTATCAACAGGAATTCCACGTCCGTTATCAATAACTTCAACTGAATCATCATCATGTAATATAACATCAATATTTGTTGCATATCCTGCTAAAGCCTCATCAATTGCATTGTCAACAATTTCTCAAACAAGGTGATGTAAACCATGTACATCAGTTCCTCCGATGTACATCCCCGGTCTTTTTCTGACAGCTTCTAAACCTTTAAGCTGCTGTATACTACTTGCATTATATTCATTTGTTTTACTCATAAAATTAATTATAAACAGTTTATTTATGAAAATAAATAAAATGGTTAGATTTCTAAATAAAAAAGTTAGTGACTAGCACTAACTAATTATTATTGAAAAGAATGAATATTAATCTTCATCTTTATCTTGAATGTTTCTACGTTTAATGATTTCATCAGCGATTGATTTAGGACATTTTTCGTAGTGATCAAATTGCATTTGGTATGTTCCACGACCACTTGTCATAGATCTAAGTTCTGTTGAGTACCCGAACATTTCTGAAAGTGGAACCATAGCTTTAACGATAACAGCTCCATCATTTCTTTGTTCTTGGTCGTTTACAAGTCCTCTACGACGTGATAAGTCACCGATTACATCTCCCATGTGATCTGATGGCACAACTACTGCAACATCCATGATTGGTTCAAGTAATACTGTTCCAATTTTATCTTTAGCTTTTGTAAGAGCCTTAGAAGCAGCGATTTTGTAAGCCATTTCAGATGAATCGACATCGTGGTATGATCCATCAAATAATGTAGCTTTAATATCAATCATTGGGTAACCAGCTAAAATACCAGCTGCCATTTTTTCTTCAAGTCCTTTTTGGATTGATTTAATGTATTCTTTAGGAATTTTACCACCAACGATTTTATCAACGAATTCAAATCCACCATCTGGGTTTGGTTCAAATTTAATTCATAC
NZ_CP137850.1_gap33	932796	934195	1399	TTTCCAACAATATCTCTAACTTTGATAATACGTGATTTTTGTGAATCTGGTAATGAGTTATAAACAGCATTTCATGGGTCAATTCCAACTACTGAATCAATTGTAATATTAATTGAGAATTGAGAAATTACATGTCCATCAAATTCGTTAGGATTTCCATTTTTACCATTTTCATTAACAGCAGTTGAAACTCCTGGTTTAAAGTATCCCGCTTTATATTGGTCAATTTCAGAAATATCTCCGATTGGTACATATAGATTATTTTCTAATTTACTTGATTCATATGGATTTATAGCTCCACCTTCAAGTGTTGGTGAATATAAATCAAATCTATAATTGTAATTTCTATTTTGATATGTTTTTTGGATTGATTCTTCAAAGACACCAAATGTGGCAAATCCAAATAAGGTTGTTAAAGAAGTTAGAATAATACTAATTCCAAATGAAGATAGTTTTCAGAAACTATTAAAGATTAATGAAGCAGAGAATTTAGTTTTAACACTACGTTTACTAAATCCTTGAGCATATTTCTTATAAGTTTCTCCGGTAGCAACTTCTACAATTCCACTCATTAAGTCAATTGATTTAAATCTTAATGAACGTAGTGAAACCACTATTATTAGAATCGACATCGCAAGTAATGGAATAACAATATTAACAACTAATGATACTCAACTAAAGTTAAGTGTTTCAATAGGGACAGTTCAATAATTATCTAATATCTTGATTCCAACACCTTGAAGTAAGAATCCAGTTAAGTAACCTATGACATCCCCAATAAATATTGTGAAGAATGCAAAAACGGTCATTGAAAGAGCAATTTCAATTGGTGTATAACCTTGAGCAACTAAAATACCAATTACTTTGTTTTTATTTGAAATATAACGTTTAATAATGAAAATAATTGAGATAGCCACTAAAGTAACAAGAATTGAAAGTAAAATTTTTGATGAATAATCAACAGATTTTACTATTCCTTTCATCGCTGTAATTCTAATACTTCTTTCAGGGTTAAGCATATCTAATTCATCATCTAGAAACACTCTTTGGAAGTCATCTTTAGCAACTGTTTCTTGTTTAATAATTTTGTCTAAATCCGCTTTTAATTGAATATTGTTTTTGTCTGTTGAATTTTTAACTAATAAATATTCTTTAACGACATTTCCTCTGTAGGCTTGTTTAATTCTGTCAAATCCTTGTGAATTTACATAAACAATAGCTTGTGATTTAGGATCTAATTGTAAATTAGCTTCATCAAGTACTGGATATATATTGTCATATGTTAAATCTTCTCCAATGATAATGTATTCTGAACCATTTACATTAATTTTGTAATCTTCAGGTAATTTATCTAATAACTCAACCATTTCATCTGGTTTTTTAGGAAGTTTACCTGAAT
NZ_CP137850.1_gap34	946297	946797	500	AGCTAATAATTGTTCTTCATTATTATCTTCATTTAATTGGTCAATCATTTTAAATAAATCATTTCCAAAAGCATCAATTATTTTTTTAGCTGATAATTTACCTATATTAGGCACATTTTTTGATATAAAATCTTCTCAATTTATATCTTTTTTCTCAATAATCGGTACAAAACTACTCAAAATAAATGAATTTTTATTTTTTGCACTTTCAGTTACTGTTATTTCGTAATCAGAAAATAAATCAGGTACATTACTTCTGCAATATACTGGATAATTCATATTTGAATTATTAGATTTGAATAATAAAAATGCCCAACCTTCTTCTTTTGAGCCACTTAAAATCTTTACAAATTTTCCTTTAAAAATTGATTGTGCCATAGTTATTTAAATTATAAAGTTTTATTTTTTCTATATCTAGAAAAATAATAAATATATTAATGTTTATAAATAAAAAGTTTTCCACATAGTTATTAACATTTTTATCTTGTGGATAACTAATA
