gap_id	start	end	length	sequence
NZ_CP133089.1_gap1	3746	8694	4948	AGAGCGGCTTTTTCTCATGGTTCTTCTTTGATAAACTTAGTGCAGTTGTTGGGCGAGGAGGTCTTGTTGATCCTATTCCTGGTGGGACTTTTGCCGTTGATGATACATTATTGAAACGTCTAAAGTAGGTAAACCTTGGGAACACGCATCGAATCTTGGCGGCATCATCGCTGATGCCATTGCCCGACCTCGTCATATTCCTGCCTTTATTGTCGACCCTGTCGCTGTTGACGAAAATGAACGATATCGCTCGTATCACGGGTTTCCCTGAGCTTCCTAAAGTTTCGCTAGCCCATGCCCTTAATATCAAGGCGACAGTTCGTCGTGCTGCTAAAGATCTTGGGCGAGAATGGAATAAGTTAAATGTTGTAGTTGCGCATATAGGAGGTGGGTCAACTGTTTGTGCTCATTGTCAGGGGCGAATGGTCGATCTTAACAGCGGAAATGATTTCGGTCCCTTTTCACCAGAAAGGGCTGGAGGCTTGCCTGCCGGAGATTTAGCCAGGCTTTGTTTTAGTGGTAAATACAGCGAAAAAGACTTACTTCGAAGGTTAGTTGGTAATGGGGGAATGAAGGCATATCTTGGAACCAGCGATGTTCGAGAGGTAAAAAAGCGAATTGAATCTGGAGATGAAGAAGCCAAGCTTGTTTACGAAGCAATGGCATATCATTTCTCTAAAGAAATTGCGGCTCAGGCAATTGCTATGTCTGGAGACGTAGACGCTATTCTTATTACTGGTGGAGTCGCTTATGATAGTGATTTTGTCGCGTTGTTACAGACGAGAATACAATGGATTGCGCCAGTACTTGTTTACCCAGGGGAAGACGAAATGAAGGCGCTGGCTGAGGGGGCTCTTCGTGTGTTAAGAGGCGAGGAGCAAGCTCAAAATTATGAACAAAGGGTTGCAGGAGGCGGTGGTAGACATGATGCATAATCTCGACTTTCTGCTTGAATTATGCCAAACAGGAAGACGCATGAATCTAGCTGTAGCTTGCCCTTATGGGGACGATGTTCTTGGAGCAGTTTGCGAAGCCCATAAGAGAGGATTAATTAATGGGATTCTTGTTGGAGATTCTGAACAAATTAAGAAAAAAGCGGAAGCGCATGGTTTTGACCTTGAGGGACTTTCTTTTGTAGATGAAAAGAATGACTACGCAGCTACAGAAAAAGCGGTGCAAATGGTTTCATCGAAAGATGCTGATTTGTTAATGAAGGGTTTTGTAAAGACAGCTGTTTTGCTTCATGCCGTTTTGAACAAAGAGTGGGGGCTACGTGCAGGCTCTTTACTTTCTCATCTTTTCCTCTTCGAAATACCACTTCTCGATCGCAGAATTTTAGGAATATCTGATGGTGGAATGAATATGTATCCTGACCTAAATGCTAAGGTTGGTATTATTGAAAATGCTGTAAAATGTTACCATAAGATTGGTGTGAGCAATCCTCTCATTGCTGCGTTGGGAGCCGTTGAGGTTGTAAACCCCGATATGCCCGCCACCCTAGATGCTGCGGCTTTGACACAAATGAACCGACGTGGACAAATCAAAGGTTGTACTGTTGATGGCCCCTTTGCTCTTGATAACGCAGGTAAGCGATGAGGCCGCTCGAATAAAAGAATATAGATTCTCCTGTTGCAGGAAAAGCTGATATGTTGCTTGTTCCCTCAATTGAAGCAGGAAATATGATCGGAAAAGTATTGCTCTATATGACAGGTGGACGCGGGGCAGGTGTTATCCTTGGAGCGAAAAAACCCATAGTTTTGACGAGTCGTTTTGATTCAATGGAAACAAAACTGCTCTCCATAGCTTTGGGTGCTGTCGTTGCAAGTAAGGAATAAATATATTTTTAATCTATATAAGGAGGTTCTTTATACTCATGGAACAAATTCGTTCTTTGTCTCAGTTACTTGAATATGCGAAAAAGATAGGTGCAGAAAAAGGGCCGAAAAAACTTTCTGTTGCAATGGCAGAAGATGCGGGTCTGCTTTCTGCTATTGAAGAGGCTCGTGTTGCTGGCATTGCTGAAGCAATTCTCGTTGGACGCAAAGAGAAGATTGAAGTAGCAGCTAAAGAAGCAGGTGTTGATCTTGCTAACTATGAGGTTGTGGATGAGCCCAGAGGAGAATCTGCAATGGCTATGACGGCTGTTGAAAAAGTATCTTCTGGTCAGGCACACATCTATATGAAAGGACAGCTTCATACCAATCATTTTCTTCGGGGAATGCTTAATAAGGAAGTTGGTCTTAGAAAAGGCAAAAACACGATTTCACACTGCTATTTCCATTCAGTAGAAGGATATGACAGAGTTTTCTTTGTAGCAGATGCGGCCTTTAATATGTATCCTGACCTTCCCGCTAAAGCAAATATACTTCAGAACACTGTCAATTTTGCAAGGGCTTTTGGCGTTGAGGAACCTAAAGTTGCTGTTTTAGCAGCTGTCGAAGTAGTTAATCCCGATATGCCTTGCACTATAGATGCATCTGCTTTAACTCAGATGAATCGCAGAGGTCAGATAAAGAATTGTGTTGTTGATGGTCCCTTTGCCCTTGATAATGCTGTAAGTGAAGAGTCTGCTAAAACAAAGGGTCTCGTTTCTCCTGTGGCTGGTAAGGCTGATGTATTGCTTTGTTCCAGATATTGAGGCTGGCAATATGATGGTCAAGGCTCTTGTTTACTTCTCAAAGAATGAGACAGCAGGATTCTATTCTTGGAGCAGCTGCTCCAGTTATTCTTACAAGCAGAGCAGATTCACCCAGAGCTAAACTCCTTTCCATTGCAGCAGCAGTTCTCCTTTCATCCTTTGAAGAAAAATAATAATTTTAATATATGGAAGGGCTACATAATGTAGCCCTTCTTAAAAACTGAGGGGGAAAAAAATGAGAGTGCTAGCAATTAACCCTGGTTCCACGAGCACAAAAGTAGCTCTTTATGAAGACGGAACAGAGCTTTGGAGCGACACTCAACGATATAGCGTAGATGACATTAAGCGATTTCCTCAATTTCAGATCAAGAAGAATTCCGTCGCAATGAAATAAGAAAGGCACTAGATTCTCACAATACGGATTTATCCTCTCTTGACGCTGCAGTAGGACGTGGCGGCTTGCTAAAACCTATTCCAGGCGGAACGTATGTTGTAAACGAGCCTATGTTAGATGATTTACGTTCGTGCCGATATGGTTCTCATGCGTGTAATTTAGGTGCTCCTCTAGCGATTCACTTAGCGCAGGAAGGCGGATGCAACAAAGCATTTATCGTCGATCCTGTGGTTGTTGATGAAATGATTCCCGAAGCTCGTCTTTCCGGTTTGCCCGAGATTGAACGGCGGTCTTTATTTCATGCTCTTAATCAGAAAGCTGTTGCGCGACGTGCTGCAGCAGAGATTGGTAAAAAAGTTGATGACTGTAATTTTATCGTTGCCCACATGGGAGGAGGCGTATCGGTCGGTGCCCATGATCACGGCCGAGTCGTTGATGTAAATAATGCCCTTGATGGCGAAGGTCCATTTTCACCTGAAAGATCAGGTTCCCTTCCCGCAGGTGGATTAGTCCATTTAGCCTTTAGTGGAGAGTATGATCTTAACAGCCTTTTGAAGCGTATGGTTGGTGGAGGAGGTCTTGTTGCCCATCTTGGAACAAACGATTTACGGGAAGTTCAACGTAGAATCGTTGAAGATCATGACGAGAAGGCATCCCTTATTTTTGAAGCCCAGACATACCAGATTTCTAAAGAAATAGGTGCCTGTTCAGCTGTTCTAAAGGGATGTGTAGACGCTATAGTCCTAACAGGAGGTTTGGCCTATAGTGAAATGTTCGTTGAGAAAATCCGTCAACGAGTATCATTTATTGCTCCAGTAATAGTCTATCCTGGCGAGGACGAAATGAAGGCTCTTGCGGAAGGGGCCCTTCGTGTTCTTCAAGGAGTTGAAAAAGCGAAAGAGTACCGCTAAAAACAGATAAAGAATCAGGTTTTAACATGATTTTGAGGGACTGTCGTAGCCGGCTGTCCCTTTTTTTATGTTTACAGAAAATTCGTATAATGTTACCATAGAAATAATTTCATATAATAGATTTTAAATTCATGGAGTGAAACGAATGGTCGAAAATAAGGAGAACCCAAACAAAAGTCAGATACGCGTTATAGATCGTGTTTTTTCTATTCTTTTCTTTATGGGACACGCCAAGGAACCGCTTGAGTAACAGAGATCGCTAAGAGCGTGGATTTGCCGAAGGCAACAGTATATCGCATTCTCGACAGTCTCATAACACATAGAGTCGTAACAGAGCGTGAAGGGCGATATGAGATAGGGCCCGCTACTCTTTTTTTAGCTGATGCATATCGCTCTCAAGTTGTATTTTCTGAGATAGCACGTCCCTTTCTTTGAAAATCTGAATCATGAAACCAAAGAGACTATTCATCTCTTTATATTTGACCGCGAAGAACTTTTTTATATCGATAAGCTTGAAAGTCCTTATCAGGTAAGAATGCATTCTCGTGTAGGAGTAAAAGGTTCTCTTATTAACCTTTCTGCAGGTAAGGCTATTCTGTCCTCTCTTCAGTGGGAGGATGTTTGTCGTATTTTAGGTGTGGATGCAACACAGGAACTTCATGAAGAGTTAGAAGAAATTCGACTAAGAGGATATGCAGTGGATAACGAACGAAATGAGAAAGGCCTTCGATGTGTTGGATCTGTTATTGTAAATGGTAGCTTAAAACCATTGGGAGGGTTAAGTCTCTCTGCGCCCGTATATCGTTTTGATTCTGCAATGATAACTGACTATGGTGATAAGGTTCATAAAACAGCGCAAGCCATAAGTAGCGCATTGCTTCAATATGAGCAAAAAAGATTTAAAAATAAATAAGCTTCAAGGCGAAGGAGGAACATGAAATGCTTAAAACCCCTAAGTTAGTAATGATTCCAGGTCCCACTCCCGTAACCCGTTCCATCCAAGAT
NZ_CP133089.1_gap2	10345	12691	2346	GGGACAAAAGAAAATAAATTTTCGGTTTTTGCAGGATCAGGAAGTTTTCTCCTTCCTACCCTTCTACTTGGTGGAGTTGGTGGAACTCTCGCAGTTGCTAATGTGGTTCCTGAATATTGTGTATCCCTTTATAACGCCTGGAACAATAAGGAACTCGATAAAGCCAGGGAACTTCAATTGGGATTGCTTGAGCTTAATGCTGCTGTTACGGGACGTTTTGGTATTGGAGGCATGAAAGCCGCTATGGAAATGGCAGGATATTGGGGCGGAAAACCAAGATTGCCGATTCTCCCAGCCACTGAGACAATGAGAGAAGAGATTCAAAGAATCTATGACAGGACGATTTCCCATTTCTCTCGAATTGAAGGAAAAGAATATTGAAAATAAGAGGCCAGGGATTATCTTTTCCTGGCCTCTTCGATTATACTTATGCCCGAGCTTGAACCGAAAATGGTTGCTCCTACGTCAATGAAAGCCTGAATTTGAGCTAGATTTCTAACACCGCCAGATACTTTTATTCCTTTTTCTCCATTGATTGTTTTTGCGATAACTTCCACCTCTTGTAAAGTAGTATCCTTTCCACAAAAACCTGTGCTTGTTTTTATGAAATGGATTCCTTTGTGATTCAGAGCGATACGGCACACTTGTTCTATTTCTTCATAGGAGAGAAGAGGTGTTTCTATAATCAGTTTAAGAATCTTTCCTTTGGCAGATTTGCAAAGTTCACTCATCTCTTGATCTACTTCGTTCCAGTTTCCCGACTTCACATTATTAATATTAATAACAACATCAAGGTCCGAAAGAGCGTTATCCAGATTTTTGTACATGTCAATTTCATAACATTTTATGGCAATCGAAGTATATCCAAGAGGGAACCCAACAACGGCGGAGAAAAACAGGGGATATTTTTAGAAAGAGAAGAGTGAATAACTTTTTCAATAGCAAAAGGAGGAATAACGAGAGATCTGAAATGATAAGGTAAGCTTTTTAAAACAAAATTTTTAATATCGGCCCACGTTGCCGTTTGTTTAAGCAGAGTATTGTCTACTATTTTTTCTACATTTTTGAAATCCATGCGAACCCCTCCGATCTTTTTTATAACTATACCATTCTTGATAAAAATGCCTTTTGACGGACGCTACGTCACCATGTAGAATAAGACAACACTCCTTATAAAAGGAGATGAGAGGAGGCCCTCATGGTTCAGATAAAAGAAGGTAACACGGTATCAGTGCATTACAAGGGCACTTTAGATGATGGTACAGTATTCGACACTTCAGAAGGCCGTGATCCGTTAAAATTTACAGTAGGCGCAGGCCAGGTTATTGAAGGGTTTGATAAAGCGGTTTTAGATATGTCTATCGGAGATTCTAAGACAGTTACAATCCCTGCAGCAGAAGCATATGGGGAATATGAGCCTAATTTGATGGCCGAGGTCCCTGCAGAGCATATTCCAGGTGATCTTGAACCCAAGACTGGAGAAGTGTTACAAGTCCAAACACCAGATGGGCATGTTTTCAATGCTTTAGTTGTGGATGTGAGTGAGAAAGGCATGATGCTTGATGCCAATCATCCCCTGGCAGGAAAAGCGCTTACGTTCGAAATAACAATTGTGGAAATCGAAGAATAAAAAGGGAACCTCCGAAGGAATGCTTAGCCTCTCGGGGGTTTTCGCTTATAAAAGGGTGCTATCATACAGAATCATTTCTTTTGTAGGCTTGAGACAAAACTTTTTCCAGTGTAAAGTAAGGGTAGAATAATAAATAATATGAAAAAGAAAAAATAAAAAAGAGGAATATATATTCCTCAAAATCCAGCCGCAAGGAGTGATGTGCATATGCTGACGGAGAACATCGTTACGGTGGCCGGGACTCTGCATCACGTCCAGGGTAAAAAGATTCTTCAAAATAGGTTGGGTGAGTATGTGACCTTTGCACTAAAGCAAGAAACCCCTTGGGACGATGGGAGTACCCGGCGCGATTTTCTACTTATGCGGGCGTATCAACCGGAACTGAGAAAATGGGTTCTGAGCCGTAAGGAGGGCACGACTGTACGAGTAGAAGGAGATGTTCGTTCGTCACTTGGCAGCGGAGAGATGTATGTTCTTGTTCGGGCGATAGAAGAAATTTAAGGGAGGTTTTGTGCCTCCCTTTTTTCGTGGCCTTGTTGCACTTGGCGAAAATGTCCTGTTCGTGGTATATATGTTCTCCATACGAAGCAAGGTAAAGGAGTTGGAAGAGGCAAAATGATGGAAAATAACGTAAAAATAACTGGAGTATTACATTTTATTGAAGGCGAAAAAGAGCAAGTCAGCCGTATGGGAAAGTATGTTGCTTTTGCGGTAAA
NZ_CP133089.1_gap3	34629	37689	3060	ATCAAAGTTGCGTGGAGATATTATTGCTGTTTCTTACGCAACCCTTCCCAATGGAATGGTTTTAGGTACTCAGGCTTCGGCATCAGAAGCCCTTGCTCCAGTAGCTGCTTTAAAGAAGGCTACCCTTCTTATTGCGGTTGTTGTTTTATTCGTGGCGATTATCATAACGTCATGGGTTATCAGAAAAATGACAAAGCCTCTGCAGGATGTGGCCAAAAAGGCTCTATATATTACAGAGAATAGCGATCTTTCTGTTCGACTAGAGACAGACTCGAAAATAGTAGAAATAAGGGCAATAGTAGACGCGCTCAACGCTATGGTCGTAGGCATATCTGGCATAGTTTCTGCAATTGTGAGAAGCTCGAAAACAGTTTTGAACAAGGCTGAAGATATGAGCGCTGCCTCAGAGGAGTCTGCTGCTGCTGTAGAGCAGGTTTCTGAATTGGTTAAACAGTCAGAAATGAAAACACAAGATTCTGCTGCTGCCACACAGCAGGCTAATGCAGGCATTCAAGAAGTTGCTGCCGCTGCCCAGACAGGAGCAAAAGCTGCATCTGAAGCTGGAGAAAGCGCAGTAAATATTGCTAATGCAGCTGAACGAGGCGGAGATGCGGTACGAAAAATGAGCACTCTGATCGACGAAACATCGACTGCTGGGGGTAATGTCGGTCAGGCTATTCGTCTTCTTGCCGATACTGTCGAGAAAATATCAAGTTTTGTCAGTACTATTACCGCTATTGCAGATCAGACGAATTTACTCGCATTAAATGCTGCCATTGAGGCTGCAAGAGCTGGCGATGCGGGCAGAGGTTTTGCTGTTGTAGCAGAGGAAGTTCGTAAACTTGCCGAGGAATCGGCGAAATCTGCGGAAGAAGTAAATCACGTTATTATTGAAATTAGCGAAAGAAGTCGAAAAGCGCTGACTGACCAGGAAGGTGCAGAAAAATACATGGTTCAATTGGTGCAAGAGGCAAAAGAGACTAAAGATATTATTGATCATGTTGTTGTTCAGGTTGCCCAGGTTTCGGATCATGTCCAGAGCATTGCAGCTACGATGGAAGAACAATCCGCAAGTGCAGAGGAGATGACAGCTGGAATGGATAGCGTTGCACGTACGGGACAGGAAATATCTGATCAAATGAAGCAGATTACTCAGGCAACTGAGGATCAGGCCAAAGTAACAGAGTCTATTGCTCAGTCGGCAGAAGAGATGGTTACTCTCAGCCGTGCAATGGAAGATGCCGTTGCTCGTTTTAAATTAGAAGAGGAAGAAAAGTCTTTAGCTACCTTATAGACAGTCTTGACTGAAACTTTTTCTCTGAAGCTACGATGGGACATGTTTATGATAAATCCCATCGTAGCTTTTTTAAACTGAAATATCATTTTTTAACAAGAGCTCACCGAGCTCTTCAAGTTTGGGCCTTGCGTCTTCGGCTTTAACACGTCCAAGTTGAAAAACTAGGGCATCAATAATTGTTAAAAGTGTTACTGTTGAATAATGGTTCGTATTTTGTGGAGCAAGAAGCACCACTGAAGCAAGAGGAGCCGCAACATTTGAAAGGTTGTTAGTAATGAGTACAACAGGAATTGAATGCTCATGAGCATACTTCACAGCATTAATAGTCCTCTTCGTATAGTGCGGACTTCCCGCCATCAGAGCGATAAGCACATCGTTTTCATCCATATCATAAAGTTCATCAAAGAGATTATCCGATCCTGATGCATCCCCAAGATAGATATTTTTAAAGAGTTGGTGTAGCAGTGCATGAAGATAAACAGCTAATCCTCGAGTTGAACGGAGTCCGAGAATATAGATTCTCGAAGCTTTTTTTATCGTACGAATCGCTTGAGGAAAGCTTTCTGCTAAATGTTGGCTATAAAGAGATTGCAAGCTTTGTATATTATCTTTTATTACTTGTTCCAGAACGTTCAAACTTGAATCTCCTGTAATATTCTCTCTCAAACGATCAAGAGGAGGGGGTGTTGTAGATGAAACAAGCACGTGCTGCAGTTCTTCTTTGAGTGCTGTGTAACTTTTGAATCCAAGGCTTCCTGCTGTTCGAATAACAGTAGCTGTACTCGTTTGTGTAGCTGCTGCTACTTCCTCAGCTTTCATGAATGCTGTTTGTTGATAGTGGGCAAGAATATAATCGCAGACATTTTTCTGCTGAGAGGGCAAGTTTTGACGAATGGCCCGTATATGCTCAAAAATATCTTTCCCATTCTCATTTCTATCGATTAAATTTTTGTTTTTCCGATTATGCATAATATGCCTCCCTTCATTGATGGATAATGTATACTTGAACAAATAACCTGCCGATTATGTTGACTTTCGGTGCCAATAAAATTATAGTGTCCGTAATATGAATCTAGAAATATCATTTTATATCATGTTGATACTTTTATATATCAAAAGATTGATAAATCTGTTTGTTATTTATATCTCAAATCCCTTTTGTGGCAAAGATCAACTTTGTATTTAATAAATATATCATTATTTTAAGGGGGAAAAAGGATGCGTAAGTACGGAAAAGGTTTTGTTGTTTTTCTCACGATGGTTTTGGTTTTGGGAATGTCATTTTCAGCCATGGCCGTAGAGCGTTATTCGCTTGCTACCGGGGGAACGGCCGGAACGTATTACCCTATAGGTTCAGCTATTGCTTCTATCATAACCAAATATGTACCGGATATTGAAGTTACGGCAGAATCAACGGGCGCTTCTGTTGCGAATCTGAAAATGATTCGTGAGGGCAACGTCGAAATGATGATGGGTGCTTCTAACACGAGTTACGGTGCCTTTAGCGGACAGCCTCCCTTTGAAAAAGAACCTGTGGAAAATATTCGTGGCATTACATGTCTCTATCCTGAAATTTTCCAATTTGTCGTTTTAAAAGATTCCAATTTAAAGAGCATTAAGGATTTGGCTGGTAAAAAGGTGGCCGTAGGTGCTCCTGGAAGCGGAACCGAAAGAACTGCCAAGATGGTTCTTGAAGCTCACGGCCTAGGCTATGATAAAATTTCCCCTCAATTCCTGAATTTTGGTGAAGCTGTTACAGCTTT
NZ_CP133089.1_gap4	65143	69034	3891	TCTTGGGGATGGCCTTCAAGCAAAAGAGTTTAATGCCTCAGCGACCTTTAAGGATTCTTTTGGCCGAATGTATTTTGGTGGTATCAACGGATGTAACAGCTTTTTTTCAACAGATGTCTGGGAAAATTCTCATGTGCCGCCTATTGTTATTAATGAGGTTCTTGTAATGAACAAGCCAGTTCAGCCTTTTTGGGCTGCGGGAGGAAGACGACGGGTTATATTAAATTATAGCGATAAATTTCTTTCAATAGACTTTTCGGCTCTTGACTATACACACCCTGAGTCTAACCAATATCGCTACAAACTTGAAGGGCTAGATAGAGATTGGGTCAATGCTGGAAACAGGCACTTTGCTTATTATACTAACCTCCCTCCGGGGGAATATACTTTTCGAGTTGTAGGTTCAAATAATAATGGAGTGTGGAATCAGGATGGAACGGAACTCGACATTGAGGTAATCCCTCCTCTTTGGAAGACGCCTCTCGCTTATACTGGATATGGCTTTCTCCTTCTCGCTTTACTCTGGTTTATTCGAAAATATCTTATGAACAGGCAGGAAAAAGAGACGGAGCAGCGGCTACGTATTGTAACGGAACGAACAAATGAACAATTACGTTTTATAAATAAAAAACTTGAGGAAGCTCGAAATCATGAAGAAACATATCGAAATCAATTGCGAAGCCTCGCCTCTGCTCTTTCTATGGCCGAAGAAAAAGAGAGACGTAGAATAGCGGAAGTAGTTCACGATTCCATAGGTCAGAATTTAGCCTTAACAAAGATTCGACTGGCATTGCTTCAAGAGGGAATAAACGATGATTCTCAAAAAGACGAAGTGACGGCAATACTGTCTTCTCTTGAGGAATCTATCAAGAGCACTCGAACACTCACTTTCGAGTTAGGCTCCCCTATCTTATATCGTTTGGGATTTGCTGCATCAGTAGAGTGGCTTGCCGAAAAGATGCAGGAAAACTACAGTCTAAGTATCTTATATGAAAACCAGGGGTTACCAGAAGAAATGAGCGATGATTTAAAGGCATTTTTATTCAGGGCCCTTCATGAATTGTTGCTTAATGTTGCTAAACACTCTGGTGCTGATAAGGCGTATGTTAAAACGTCGTATTCTGGAAAGATGATTCGGATGACAGTCTGTGACGAAGGAAGAGGTTTTGATACGCATAATATAGATGAAGGAATAACCAATAAGCAGTCATTTGGGCTTTTTAGCTTGAGAGAACGACTCTGTTCTCTGGGAGGCTATATGATTATTAAGTCAAAGGAAAACAAAGGGGTACGAATCACCCTTTTTGTGCCGGCTGATTCCTTTAATGTATAGGGAGGTATCTTGCCATGGCAATACGGGTTTTACTTGCAGATGATCATCAGATTGTACGTGAAGGCTTGCGGCTTCTCTTAAGCAGACATCCTGAAATAGAAGTTATAGCTGAAGCCAAGGATGGTTCAGAGACAGTTGCTCTTGCGGAATCTTTACGCCCCGACATTGTTGTTATGGATATTAAAATGCCTGTAATGGACGGTATTGAGGCAACCGAAGAAATTCAAAAAAGGGCTTCAGGAACAAAGGTTGTTGCTTTGTCTATGTATGCTGATAGAAACTTTATTTCTGAGATGTTTAAAGCTGGCGCAAAAGGATTTTTATTGAAGGATTGTGCTTCCTCCGAGTTGGTTGAAGCTGTTAAAACAGTTTATAATGACCGGGTGTATCTTGGCCCGAGTGTATCAGACATCGTTGCAAAAATGTACATTCATTTTGTTCAGCAAGGTTCCTCTCCGAATGAAGAAAAATTGACAACGAGAGAGCGGGAAGTGTTGATGTATCTTGCAGAAGGCAAAACGAACAGAGAAATAGCCGATTTGCTTCATGTAAGCATTAAAACGGTAGGAACCCACAGACAGAACCTTATGCGAAAATTAGGGCTTGAAACTATAGCTGATCTGGTAAAATATGCTATTCGAAAGGGGCTCGTTTCTCCGAGTCAGCACTAGTTGTAGTTCTTAGGTACTATTGTCTGTTTCCTGTTTTGCTGAGAAAAATCAGCTTTTGTGAAAACGAAGCTTGTTTTTTTCAGTTCTTTTCCGATGGTTAGAGGGTAAGGCTGTACCTATTATTGGTAAATGCAGTACAATACAAAGGAGGGTGCAGTCGCATGCAGGAAAAGAAAAAAAAGCTAGGTCTTCTTCCACGTCTTATCATCGCTATTATTTTAGGTATTATAATCGGTTCTTTTATGCCTGAAGTGGTGATAAGGGTTTTAGCTACGTTTAATGGGATTTTTGGTAACTTTTTGGGCTTTGTTATTCCTCTTATCATTGTTGGATTTGTGGCTCCTGGTATTGGCGACTTGGGGAAGAGTGCCGGTAAAATTTTGTTAGTTACCGTGGTGCTTGCCTATGTTTCAACTCTTATAGCAGGTTCTTTAGCTTATGGAGTTGATTCAATCATTTTCCCCAATATCATAAAGGAGGGCAGTATGCTGGCATCGGCATCAAACCCTGGAGAAGCGCTTCTTGCTCCCTATTTCAAAGTTGAAATGCCGCCACTCATGGGGGTTATGAGTGCCTTGCTCATTGCCTTCACGTTGGGTATTGGTATGGCCGTTATTGATGGGAAACGTCTTAATGAAGTAATGCACGAGTTCCAGAATATTATAGAGAAGCTTATCAGTGCCATTATTATTCCTCTTCTTCCTGTACATATTTGCGGTATCTTTGCCAATATGACCCAGGCTGGTGAAGTTCAGATGTTAATGGCAGTTTTCCTCAAAGTGTATGTGGTTATTATCGCTCTTCACGTTGCTATTATTCTTTTACAGTATTTTGTGGCTGGTACAGTAGCAAAGACCAACCCGTTCAAAGCTATTAAAAACATGATTCCTGCCTATTTGACAGCTATCGGAACACAATCTTCCGCAGCTACAATTCCCGTGACGTTAAGACAGACGTTACAGAATAATGTGTCTCCACGTGTTGCGCAGTTTGTTATTCCTTTGTGTGCTACAATTCACCTTTCAGGAAGTACAATAACGTTAACGAGTTGCGCATTGGCCGTCATGATGCTTCATGGAATGCCCTTTTCCTTTGCGACAATGTTCCCCTTTATCATCATGCTTGGCGTAACAATGGTTGCCGCTCCTGGAGTACCGGGCGGTGCTGTTATGGCAGCTCTGGGGGTGCTTGAATCAATGCTTCACTTCAATCCCACTATGCTTTCGCTTATGATCGCACTCTATCTGGCACAGGATAGTTTTGGCACGGCATGTAATATCACAGGTGATGGAGCCATCGCTTTGATTGTAAATAAGATTGCAGGTAAAGAATCAACATCAACGTCGTCATCGTCATCAACTATGACGACGTCAACGTCGACGTCAACGTCAGGAGCATATACAGAATAAGGTATATTCAGGGACCTCTTCGGAGGTCCCTTCTTTTTGTTTTAGCAATTCATCATAATGAATTGTGAAGGAGGAATGAGTAGTGAAAAACATTTTAGTTACAGGGTGTTTGGGACAAATTGGAACAGAGTTAGTTAAAAAGTTACGTTCACAGTATGGAGCTGCTCATGTTGTAGGTTCAGACATTAAGACAGCAGGTGTGGAAAAACTCGGCGATGGCCCCTTCGAAATTCTTGACGTTCGAGAGAGCGATGCTCTTGCCAATCTTGTGGAAAAATATAATATAGATACCGTTATGCACTTGGCAGGTCTTCTTTCGGCTGTTGGAGAAATGAAACCTCAGCTTGCCTGGCAAATAAATGCAGGTGGACTTTTTAATACTTTGGAAATTGCAAGAGAAAAAGGGTGTTCTGTATTTTTCCCAAGTTCCATTGCGGCCTTTGGGCCTAATACCCCTCTTGATCACACGCCACAAGAT
NZ_CP133089.1_gap5	74683	78736	4053	TGAAAAAAATAGCTATTCTAGCTCTTTTAGTAATGGCTTTAGCTACATTTGTTGGTGGGGCAGCATTTGCTTTTGACCAGGAAATGTATGCTGGAGAAAAGGAACTTTGGGAAATGGCAAAACAGGAAAAAGGTTTGAGCAGTTACGATACAGGGCCTACATGGGCTAACTGGAAGGGCCTTTTCGATGGTTTTGCAGCCCGTTATGGTATCAAACTTGTTTATAACGACCTGGGCAGTGGAGCTACTGTTGTTCGCCTTGAGAAAGAGCTTAATAACCCTCAGGCTGACACAGCGTATTACTTTATGCCTTTCGGTGCCCTTGCAAAGGAACGAGGCGTAACTCAGGCTTACAAACCAGTGAACTTCGATAAAATTCCTGAAATCCTTAGAGATCCCGAAGGAAACTGGTTCTCTATTCACAAAGGGACTGTAGTTTTCGTAGTCAACAAGAGATTGGTAAAAGAGGCCCCTACTTCATGGAAGGCTCTTCTTGATCCCAAATTTAAAAAATCCATCGTATATCTTGATCCTCGAACAGCTGGAATCGGATATGCAATCGTAATTGCTACAGCCTATTCTCATGGTGGATCTATAGAGAATCTTGACCCTGGTATCGACTATCTTGCCGAACTTCAAAAGAGCAATAATGTACGTATGATCGAGAAGACTACGCCCTTTGATAAGTTCATTAAGGGAGAAATTCCAGTATGGATTACCTACGACTGGAACGGATATCGTGCAAAATATATTGCCGGTCTTGGTGATGACGTAGAAATAGTGATTCCAGAAGAAGGAACAATTACATCTCCTTATGCCATAAGCATGGCCAAAGGTGCTCCCAATCCAAACAGTGCTAAATTGTGGCTGAACTACATTCTTTCTGACGAAGGCCAGCAGACCTTTGCCAAAGGATATGTACGTCCTATTCGTGACGACGTAGAGCTTCCTGCAGAAGTTGTAGATAAGTTCCTTCCTGCTTCTGAGTACGAGAAGGCGAAGAATGTAGACTGGGTTGCCGCTCAGAAAGTTCAGAAAGAAGCTGCCCAGAAATGGGGAAGCAAGGTTTTAGGCGAAAACTAGAAATAGCAATAAATAAGGGAGGCGGCTCTCTTTTTTGCCGCTTCCCTCTTTTTGAAGGAGTTGAACGTAGGTGGAACGACGAAGCACAGCTTTTTTATTTCTGATGCCCCTTATTCTTTTGTTGGGGGTGTTTCTTATATATCCGCTTGTCTTGGTTTTTGGAGAAAGTGTGACTGTGGATGGAGGTTTCTCTCTTGCCAATTATCTTTTGATTTTTACGAAAAAACTTTATAGAGAATCTCTGGGAACAAGCCTTATGCTTTCTCTTTCTACTGCTGTGTTAGGTACTGTTATCGGACTACCTCTTTCATACGTTGTTTATAAGAGCAAAGGGAGACTTCATCGTTTTCTTATGGCTCTTACAGCTGTTCCTCTTACCTTCAGTGGCCTCGTTATTGGTTTCATGTTTATTATCCTTTTAGGAACGAGCGGCTTCATTACCATGATATTCAGTCGTCTTTTTGGAATTAATGCTTTAGAATTTTCAGCCTTTCTCTTCACATGGCGAGGTCTTGTTGTTGCGTATCTCTACTTTTTGATCCCTCGAATGATTCTTACCATGACAGCTGCATGGAGTAACGCAAACTGGAGCCTTATTGAAGCTGCGGTGAATTTAGGTGCTTCACGTGCCACTATCCTGTTTAAAGTTCTTCTGCCCATGTTGGGGCCAGCAATATTTGCAGGTTCGTCTCTTCTTTTCGCGGTAAGTATGGGAGCTTTTGGTACAGCTTTTGCTCTTACGGGAACAGGAGTTAAAATACTTCCTCTTGTTATTTATACTCACGTTTCAGAAGTTTCTGTAGATATTGGGCGGGCTGACGCCATAGCCGTTGTTCTTGCCGTGGTAACCACTCTGGTTATCATGCTTTACGAGCGCTTTTTTGCCGCCAAGGAAAGATAGCTCTTCTAAAATCCCCTTCTCATTGTGATAGAATGTTTTGAATACTACCACTAGGGAGGGGAGAGGCATGAAGTTTTTTATAACGGGAGGTGGCGGCCAGTTAGCTTTTGCCTTTCAGCGTCTTTTTAAGGAAGAAGACCTGCCTTTCACCATCTATTCCCGTCAGGAACTAGATATAACGGATATTTCCAGAGTTCGGCGACGAATACATGAAGATCAGCCCAATGTAATCATAAATTGCGCAGCCTGGAACGATATAGATGGGGCAGAACAGAACTGGCGAGATGCGTATCTTGTTAATGCTATTGGCCCTAAAAATTTAGCTATAGCAGCAGAAGAACAGAACATTCCCCTTGTGACATTCAGTTCAGATTATGTTTTTAATGGAAAAAGCGTACGTTCATGGACCATTGCTGACACTCCCGATCCAATTAACGTCTATGGCCGAACAAAGCTTCTGGGTGAAGATTTTGTTAAAAATCACATCCATCGATTTCTTATTGTACGAATAAGCTGGCTTTTTGGTCCTGAGGGAAAAGAAGAGTCGAACTTTTTGAAACAGGTTTTGCGATTGAGTCGGGAACAAAACGAATTGAAAGTTGTATCAGATCAGATATCAAGCCCGACATATGCTCCAGACCTTGCTGAAAGAGTGATGGATCTCTTATCTCTTCGTGCATGGGGAGTCTACCATCTTTCGTGTAGTGGGCGATGCAGCAAATATGATTGGGCTTCTTTTGCGCTGAAAGAGCTTGGTGTGACAAAGAATATATATCAGGTCCAGAGCGATGAGTTCAGACCCATTGCGCAAAGGCCCTCTATGAGCGCTCTTGATCCTTTCCCTCTCGATACATTAGGTATATACATGCCTCGCTGGGAAGATGCAACATTGCGTTTTCTCAAGTCTATTGGACAGAAAAATGGTGATATTGACGATGCTTAAAGGTCATTTTGATGGTGCATCACGGGGCAATCCTGGCGATGCAGGGGCAGGGGCCCTTTTATACGACGAAAATAATCATATTATCTGGCAACAAAAGCTCTATCTTGGCTCCAAAACCAACAATGAAGCCGAATATGAAGCTCTTCTTATGTTGCTTCGGGAAATTGATAATAGGGGATTTCAGCGTGTTACTATCCGAGGGGATAGTCGTCTTGTTGTTTGCCAAATGAATAAGGAATGGAAGATTAATAGCCTTCATCTTAAAGAACTCTGGCAGAGGGCCCAAGAGTTGTCGCGTGGAAAAAATCTTTCTTATGAATGGGTTCCGAGAAATGAAAATAGTGACGCTGACAGACTCTCAAACGAGGCGATAGACGACCACTACGGTGCGAAGAAGATGGAAACAATAGAATTTGTAGAAGTGGTTGATAAGGTAGAAACAGGGCGAAATCGAAGTGTTGAATTTGACCTTTCCCTCCTTGAGCAGATTACTGACACTCTTTTCATCGCTCATGGTACAGAAGATTATGCCGTAGATATTCTTCATAGGGCGTGTACGTGTCCTGCTTTTGTGCATCGCAGACGATGTAAGCATTTGGATGCAGCATTGAAAAAGAAGTCGCAGGAGATGAACATGAAGTGACAACAACCCTTGATCGTAGAACGTTTTGGCTCTGCTGGCTCGTAACCTATCTTGGGCAGGCCTATGTTTCTATGTTTTTTATGTACCCCGTGGCCTTGCAGCAACAAGGTATTTCTCTCGCTTTGACAGGATGGCTTATGAGTATCTTCAGCGTGGCTTCAACTCTGATCCGTCCTGTTGGAAGCCTGATGAGCGAGAGGATTGGTGTTCGCAAAAGCCTTCTTTTTGCCTCTCTATTGCTTTTTGTTTGTTCTCTCCCCTTTCTTTTCTTTAACTCTTTTAGCTCTCTTATGGTTATTCGGGGGAGTGTGGGGCTTTTTTATGGAATAGTTATGGTCGCCGTAACCACGTATCAGGCTTTGAGTATTCCTTCGGAACGCCGAGGGAGTCTCTATGCGTGGATAGCCATTGCCTATGTTTTGCCGCAACTCTCAGTGCTTCCTTTGAGTGAGTTTTTCCTTTCTAAAGTAGGAACCTTTGCCTT
NZ_CP133089.1_gap6	82298	86711	4413	CCGATGGGTAGTCTTGCCCTGTAATGGCTTCCAGCAGAAAACGGCCTACCCCATGGAGGGAAAAGACTGTTTCTGTAATGACGGCTCCAGAGATAATGCCAGGTAACGAAAGAAGAAAAATCGTTAGAAGAGGAGGAAGCAGTGTACGAAAAGCGTGATTCCAGACAATATGTTTTTCAGGAAGTCCCCGAGCTTCTCCCATAAGAATGAAGTCTTCGCTTAGCACTTTAACCATAAGATTGCGAACATAGAGAGCCCATCCCCCGAATCCCAGAAGAACAAGCGATCCCACAGGCAAGATTAAGTGCCATATATAATCTGTTAACTGAGCCCAGAATCCAATGGGAGGAGGAACAGAAACACTTCCCCGCAAAGGGAAAAGGGGAATGGCATACGCAAAAATGAGAAGAAGCAGCAACTGAACAAAAAACGAAGGGAAAGAAAAAGAGACAGCTCCACTCCAAAGAACGATCTTTTCGATCCATTTACCACGTTTTAAAGCCGCCTGTATGCCAAGCCAAGTTCCCAGAAAGGCTGAAAGTAAGAGGGCACTCCCCAATAGAGTAATCGTGTTGGGAAGACGGGTTGCCAATTCTTCCCATACGGTACGTCCCGTTAAAAAGGAGTAGCCGAAATTAAAAGTTATCATTTGCTTAAGGTAAAGCAAAAACTGAAAACTCAAGGGCTTATCAAGGCCGTAAAGTTTCGATAGTTCTGCCTTCGCCTCAGGAGAGAATCGAGGGTCGAGCATGGTTGCTACAGGATCTCCTGGCATAAGTCGAAAGAGAAAAAAATTTAAAATGAGAACCACAAACAAGACGAGCAGAGAACCTGCGATACGTCGCCACCAGTAGCTTTTCATTTCTGTCACCGGTTATTTAAGAGCCAGAAAAGAGGATTCTTCGTGAGGTGTACATACTCCCCAGGCCTGTATTCTCTAAAGATAAACGGACCTGACCCCATAAGCTGAGTTAGTTTTTTCTCTTTATCAAGCCATGTTTGAGATGGTTTCCAGCTCCGCCAATCTTTCACCTGCTCTAAAACGTGCCGGGGAAAGAGAGGAAGGCCTCCTATGTTATGAAGATGCCAGTAGCTTGTAGAGTTCATTGTAACAATAAGAGTTTGAGCATCGGGAGTTTCAATGTTTTCTACATCTCGTACCGAATCGTAATAGCGGGGTAATTGATGGTTTTTCAGATATTCAATAGTGTAGGCTGCGTCTGATGAGGTTAATGGGCGTCCATCCTGCCAAAGCATCCCCTTCTTCATATGAAATGTAAGTTGGGTAACATTATGTTTATCTTTTTTCACGGTATCGACAGACCATGATTCTGCTACCCAAGGAAGATCTGTTAACGTCTCTGGATCAATAGCGAGAAGAGAATCATAGATAAAGGCCAATACATTCCAGTCGTAGGCAGAACTCGTATCAAGGGGGTTGAGAGAGCGTGGCTCGTCAAGTAAAACCCATCGGAGAGGTTTCATGGAGCCCTGCGCAGGTTCCAACTGGAAAAGACTCCAAATATTATCAGCTGTCGTATAAGACGTTGTAACATATCCCTTCCACGATGATGTGGCCGCCGTAATAAAATATCTACTATAAATTGGAATAACAGGAACAAGTTCTGAAAGGAGCTTTTGGCTTTCGGAAGCTGCTTCTCGAGCTGCTTCTTCGTCAGGGGCCCATCGAAGTCGAGATACAACATCATCAAGTTGAGGATGGGATATTCCAGAAATGTTATAGCCGCCTTGTACATCCATGGAAGAATGATAAAAAGCGAAAAGAGAATCGGGATCGCGAGTCATTTGCCATGCTAAAACATACGTATCGAACTTCCGTTCGTCAAGACGGGCAATCATGGCTGAAAAGTCCATAGGCTCTACCTCTAGGGGAATTCCAATTGCACGTAGAGACGTTGCTATCCGTTCAGCTATTTCAGCCGTTGTCGGTGAAACTTGAGCTGTGGGAGAGAGCATCTTCATTGGAGGTAGCTCTCGGTGTTCTTCTGGATCTGTAAGAATTCCTTTGTTATTCCACGTCCAACCGGCATCTTTCAACCTTTTTTTAGCCTTCTCCGGATCAGAAAAATAATGAATAACATCTTTTTCATAGTAGGGAGAAGCAGGTGGTAAAAATGTGGAAAGGGGCTCTGCGTAACCTGAGAAGAGATCACGAACTATCTTTTCGCGGGGAATAGCTTCCCATGCAGCTTGTCTGAGTTCTTGCCGATTCCACGGAAACATTCGAAGATTCATTCCGAAGAAAAAACCATGAAAGCCTTTTGCCAATGACATCTGAATTGATGCATTTTGTGATAATCGCTCTATATCAGCGGGACGGGCAATATCTGTAAGCATCTGTATTTCATCTTTTTCGAGGGCCAAAAGCTGAGCGTCAGGATCACGAATAATGACAAGGTACAGATCCTTGATTTTAGGGCCTCTAAACAGAGACATATCAAAACTGTACCCCTCTTGGGGAAAAGACAAACTGAGCAGAAAAGCAACGCTGAATAATATAAAGAAACGCTTCATATTTTCACCCCCGGAGAATGCATATAACATTGTTCATTTATTCTAACAAAAAATGGGAAGATTCTTATGAAGTTTTCAAAAAAGTTTACGTTATGCTTCCTTACTCACGTTCTATATTTTAGTTTTATAATAGGCATACTATTTGTAATGCTTCTTTAGTGAAGGAGGGATGAGATGGCTATTTTAAAGGAGTTTAAAGAATTTGCAGTTAAGGGAAATGCAATGGATATGGCTGTAGGCATCATTATAGGAGGTGCTTTCGGAGGTGTCGTATCGTCTTTAGTGAAGGATGTTATTATGCCTCCTATTGGCATGGCGCTTGGTAATGTGGATTTTAAAGATATCTTTATGGTACTCAGAGAGGGAGCAACTCCAGGCCCATATCTTTCTTTGGCTCAAGCGCAAGAGGCTGGGGCGATTACTATGAATATCGGCGTTTTTGTAAACTCTGTAATCAGCTTTCTCATTGTGGCTTTTGCTGTTTTTATTTTGGTTAAAAATTTAAATCGTCTACGAAGACCGCCAGCACCAGCTCCTAAGCCACCTGTTAAAATATGTCCCTATTGTTTTACTGAAATTCCAGAAAAGGCATTACGGTGTCCTGCTTGTACTTCAACTTTGGAAAAATAATATTTTATGATCTGAACAGGTGAATAGTCTAATGAAGAAACTTTCAAATTTTGCAGTGGTTTTCGTCTCTGCAATTGCTCTTACATTTGCATTTATTGCAACTCCATCTTTGGCGATGACGGCCCTTTCATCTCAGGGTATGGTTGTCGCTATGAATTTTGATGCGGCCAAAGTTGGTGCGGAAATTTTGGAAAAGGGTGGCAATGCCTTCGATGCTGCTATAGCTGTCAGCCTGGCTTTAGGTGTAGTGGAACCCTACGGTTCAGGTTTGGGGGGAGAAGGATATATTGTTGCCCGAACAGCTGATGGCAATCGCTTCGCTTTGGATTTTAGAAGCGTGGCGCCGCGAATGGCAACATATGGAAGCATAGAAAAATCTGGTCTTTCTTTTGCAGAGGCAATGCAGACGTTAAAAGGTGTTGGAGTTTTTAGCTTACCGGCAGCCTTAGAGTACATTCACCAAAAGGCAGCAACTATGCCTATGGAAGCACTTGCTGAACCGGCAATTCATTTGGCGCAAGATGGATTTGCAGTGAATAAACAGTTTGCTCAGGCTGTAACTCTTGAGTATGAAAAGCTTCTTCGTTCAGCTCAGGGCTTTTTGAAAGAGAGCATTTTACCTTGGGAGGAAGGAGATTGGTATTCAAATCCCTCTTTAGCAGAGACACTTCGTATCTTTGGCAGAGAAGGAGCAAAAGCTTTCTATAATGGCTCTATTGCTGATTCCATTGAATTTTTTATGAAAAAAAACGGAGGTTGGCTCAGAAAAGAAGATTTTCAAAACTATCGTGTAATTGAAAAAGTACCTCTTCATGGAACATATCGTGGATATGATATTTATGTTTCAGATATGCCAGCAGGCGGTCCGCGTCTTATCGAAACCTTGAATATTTTGGAAAAATTCAACATGTCAGCCTTTGACTGGGATGATCCCCTCAGAATCCATATCATGCAGGAAGTTTTTATTTTGACAGCTCTGGATCAGGAAAAATACGTTGGTGATCGAGACTTCAGTTCTTTACCTAAGCAAGCTTTGACAGATAAAAAATATGCAGAGCGTCGATTTATGGAAATTAACTTATCGAAAGCTTCTTTACCGCAAAGTTGGAAAAAACGATACGGAAATCCTTTGCCTTTTGAAGAGAACCAAGGATTTACGGATGTACTTCTACAAGAAATAGATACAACATCTACACGTGCGAAATCTATTGAAAAGGAAGAAGCTTTTTCTGTTGAATCACCAACAAC
NZ_CP133089.1_gap7	281282	282406	1124	GGGACAGAGAGAACAGCGTCCTTCTATAGGCTTAAAGGGACCAGATATAGCGAGGTGTGCTGTCTTTCGAACTCTTTCTTCAAGGGCAGTCCAGTCTTTATTTGAAACGTGAACAGGCTCTTCTATTCCTTCTCGTAAGTGCCATAGGCCAAGAGAGATTTGGGATATATGAAGAGCCTTTTTCATTGCTAATGCGTAAAAAGCCAGCTGATCTTTGTACAAGTTTTCAGGTACGTGAGCAAGGGTTGTTATTTTGTAATCGCGAATGAAAAGAGTGTCTTTTTCCCTCCAAAGTAAATCAATAGATCCTCCCATAGTTGGACCTTCTGGCAAAGAGACGCGGAAAGGGAACTCCTTGCGGATTGTTGTCCTGTTTTCCCGAATCTGTTTAACCAAAGAACTCTCTTGAAAGGAGAAAAGCCAAGAATATACATCTTCTCTCGTGTGAGTTCTTTTCCAGACTGGCCTAAGCTCTGATGGTAATGTTTCTGCAAACTCAAGCCAATTTTTTTGAGGAAAGAAGGAATCGAGTGGTACAGATATAAAATCCCATCGAGAGAGGAGAATGTGTACCAAACTCCCTACGTCTGTTCCTCCCTCTGTCGGGTCATCGCTTGGTTGTTCCCATACGAGTTCTTGCCCTTGCCTGTGTTTTAGTCGAAAGGCGTAAGGGCAGTATTGGAAAAGAGCAAATGATGTAGCGCTTATTTTAGATAAAAATTGAGGTTCCGGTTGTGGAAGAGGTACGAAAGACGCTATGTTTTCTGTTGTTTCTTTTTGTAGCTTCACATTAATGACAGAAGGTGGTTCGTCATTGCAAAGTGGCAATCCGGGCTTCCATGTCAGGAGCATATTAAGCCATGATTTCTCAGAAATAGAGTATCCATCTTTATTTTGAGGAAGGAGACTACATAAAACCAGACTATCTCGTGCTCGTGTTGAGGCTACGTAAAAGAGACGTTGCCATTCTTCATATTCTTCTTGCTCATCCAACAGTTTAGAGAGAGACCATGCCAAGGGCGGATTGGAAGATTTTTCGTCAGGGAAATGCCTCAAGGCTACTCCCATTTGTTTGGAAGGCATGAGTCCCTTTTTTTCACCGTCACTGCTGCTTCTTTCCAAGC
NZ_CP133089.1_gap8	304494	305173	679	GAGAGAGACATAAAAGAGACAAGGAGAACCGTAAAGACTACAAGTATTCCAGGGCGTAACTTTTTCACCTTAACCATCCTTCTTTCATTATTATGATATTTGAGTACAAATTCATTCCCATGAATTTTCTTATGATGGCTGCATTGTAAAAACGCTGAAAAAGTGTAACGAAATCTCTTTTTTGTATGGTGGTTATAGAATTTTGAACGACGTGTCAAGGTGCAAACTGCATACTGCATCAGAAGTTTTTATATTGAAGGTTATTGATTGTTAATGCTAACTTGGAATAAATAAAAGGCAATGTTTTGAAAATTTTGTTCATAAGTGTATCTTTTTGTTCATAACAAGACTCTTAAAAAGCGAGCTTTATTGTTCTCCATAGGCTCTGTAGGCTCTGTAAATTTTTGAACAAAAAGAACAAAATAAAAAATATGAATAGATACTCGTCTTGAATTTAATATGCGGGAGGATGAACTAGAGGTAAGCATGAGCAACAACAATTTGGTTCTGTTTGAATTATTATACAACAACTGGTTTGTGTTTTACTTGCGAACATTCATATATGATATAATATCACGATATATTTAATTGTAGAGTTAATCTAAAGTCAGATCAGGCAAGGATAGTTAACTGGCCTGTTCTTTTTTTGCGCTTTATAGCTTGAGAAAGAGCAGGTATA
NZ_CP133089.1_gap9	307157	309972	2815	ATGCCTATAGCTGTGTGGACTCAGGATTTTTCTGTTCAAAAAAAATTTTTGGAAGAAATTTTTCCTATTGATTCAAAAAAAAGTATACATACGTTTTTGCTTGAAAATCGCCATATCCTTCATGCTTGCATAGCCCTTTCTCGCATTGTAGATGCAGATAGCAGAACCCTAGACTTTTTTAGCGTCTCTTCTGTTCATGAATTGCAATCTCTTTTTCAAAGTTCTTTTTCAAGCGAAGGGGAAATATTTAATATTGCTCTGTTCGAAGCTCTCTTAAAAGGAGAACGTTTTTTTGAAAAGGATATTTTCCTTACCCTTCCCGATGGAACTTCTTCTGCTTCCGTCTTGATTCGGTGGTCGGTCCCTTATGGGAGGACTGATTATACGAATGTTCACGTTGTAGCTCTTGATGTTTCATCTATTAAGCAAAGTGTTTTTGAATTAGAGTTGCAAAAGAAAAAATTTGAGAGAATTTTTCAGAGTTCGCCTGCAGGAATTGCCATATTGGATCCTTCTCTAAAGGCAATGGAAGTTAACGATGCTTTTGTTCATATGTTTGGCTTTTCTAGCAAAGATGAAATTATGGGAAAATCCGTAAGTGACTTTATTGTCCCATCAAAGTATATGGCCCAGTCTTTGTCCATTTGCCAAATGGTTCTTAATGGGAAAAAAGTTTTTTTGGAAACGCAACGATGTCGTAAAGATGGTCAAATTATCGATGTTTTCTTGAACTCTTCTCCGGTGACAATGCCTGGTGGTATTGTTGCTATATGTTATCTTTATACGGATATTTCAGAAAAGAAACGGGGAGAAACTCTTTTAAAACGAAAATTGAAAGTTGAGCAGATGGTTTCAGAAATATCAGCTGAGATTTTGAATTACCCTTCTTTAGAAAACGCTATTCGTAGTTCACTTCATAAAATGGCATTGTATATTGATGCAGACAGAGTTTCATATCTTGTCAAACGTCATGGAAAAATTTCTTTTTCCTCGGAATGGCGCAGAAGAGATATCCCCCCAATGAAGGCGTTTTATGATGGAGATGAGGATGTTTTTCTCCTTAATTCGGACTCATGGTTTTGTGCCAATCTTGATCGGGGAGAAGCTTTTTCCATAGAAAATAAGAATATTTTGCCTCGGGAGGCCATACATACCTTAAACTTCATGAAACGACATAACGTAGAGTCTCTTCTTGTCATTCCCTATCGTTTTCGTGGAGAGGTGAACGGATTTATCCTTTTCGAGAGAATAGAAAATTATTTTAATTGGTCTAAAGATGAATTATCCCTGTTCAACCTTTTTGCTGAGATGCTTTCAAGCCTTAAAGATAGGGATGCTGCCTATGAAATGCTTCATCAAGATAGAGAGAAGTATCAACGACTTTTTTTACAGCTTCAAGAACCTTTTATGCTTTTTGATGTCTTGTATGACAAATTAGGGCAGTTAGCAGATGTGCGTTTTATAGAAATCAATGAACAGGCCAGACTTTTTTTGGAGAAAAAAGGGTATGGTGATATAGTGGGGCGTTCCCTTTTGGATGTGTTTTCCGTAGAAGATTTAGTTTTTAAAAATGCGATGAAAAATGTTATTGAGACAGGAGAACCGCAAACTTTAAGTTTTAATAGTATGCTTTTAAATTGCACGATGACTCTGAGCTATTTTGTTCCTCAAAAAGGACAATTGGCTATTCTGATTTCTCATATTTCTGAAAGCAGCGAAAAGGGGAGGAAGGCATGATTATTTATAAAGACAAGCAGCAGGTGCAACAAAAATGTAACGCTTCTGATGGAGAGGGGATATTACATTGTCTCTATGCCATTCCCAAAGGGACGGGGTTTTCTGGTAGCTCTTTTTACATGATAGGTACAATGACTTTGGAGGCTGGGGCCTCTATAGGAACACATTTTCACGAAGATGATGAAGAGTGTTATGTAATTTTAAAAGGCAAGGGACGCTATGAAGATAACGATGGTTCTTTTCATGAAGTAAAAGCTGGAGATGTAACTCTGACATTTAGAGGTGAAAAACATAGCCTTGTAAATGTGGATAAAGATCCTTTGGTGTTTTTGGCCATAATCGTTAAATAGGGAAAACAAACAATAGAAGCCAAAGAGAAGGTTTTCACAAGCAAGCCTCCTCTTTGGCTTCTTCTATTTCTTTTTGAACCACGTTGTAAAAAGAGCGTTTCTTTCTTTTTGTATAACTCCATCGACAAGTGATTTAACGCCAGGTGAGACATCTTTAGGCATCATTACACCAAAATGTTCTCTTGCAAGTTGAGTGCCGATTTGAATCAACGATGGTATTTTTGATGCATATTCAAGGTAAACTGGTGTCTCTAAGATACATGCATCTATTTTTTTATGTGTAAGCTGGTTAATTATTTCATCCCATGTAGGAAGACTTAATATTCTGCTTTCTGTTAAGGTCTTTCGACCTACGACTTCTCCGGTTTTCCCTTTTAGTACACCTACGGATCGTCCTTTCAAATCGGAAAGTCCAGAAAGATGTTTTTCTTCTAATGACGCTGCCAGTTGCCCACTTGCGACATACCACACGGAGAAAGTAACAAAAGCTGCTCGTTCAGGAGTTTTCGTAACAGGCGAAATGATTAAATCACAATTGGGCCAAGGTCTATCTTTCCAAATGCCTGTGATGGTTTGCTCCTCACCATTTCCCCATTCTAACGGAACAATTTTAAGGTTTACTCCGAGTTTTGTTGCAATGGCGTGCGCCAAATCTACGTCGAGTCCTCTAACAGTTTCACCATTCCAAAAATGGAAACGTCCCCAATCTGAATGATCTATTCCTACAG
NZ_CP133089.1_gap10	316819	318889	2070	CGATCATTTTCATTTCGTGTAATTACTTCTGGTTTCGATACACAGAATTCCATTCCTTCCCGTCTCATTTCCTCTATGAGAATAGAAAGATGTAGCTCACCTCGTCCAGAAACCTTAAGACCGTCAGGACGTCCTATATCCTCTACGCGGAGAGCTACATTGACATGCATCTCTCTTTCAAGTCTTGCTTTTAATTGTCTGAGTGTAATGGGTTGTCCTTCTCGTCCTGAAAAGGGTCCGTTATTTATAAGGAAAAACATGGAAACAGTTGGTTCTTCTATAGCCAATGGCTGAAGAGTTTTGCCTTCAATCTCTGGCGAACAGAACGTATCTCCAATGTTGATTTCCTGTGGACCAGATATCCAGACAATGTCACCAGCAGATATCTCTTCAACTTCTTGGCGGTCAAGACCGCGAGTAATCCACATTTTGACGGATCGAGTCTCTTCTTTCCCGCAGACTTCCCATTCGCCACTTTTATTGGCGACATCTTTCCATTTTGTTGAGTAACGAATGAAGTCTTCTCCCTTTCGAAGCGTTCCTTGAAGAACTTTTCCACACCCAATACGGCCTGTATATTCATTCCATGCTAAGGTGCTAACCTGCATCAGAAAAGGGGAATGAGGATCGACATGCGGTGCAGGTACATAGTCAATTATTGTTTCGAAGAGAGCATTCATCCCTTCGTGAGGATCTTTTTCAAGATCTCTTACTGCCCAGCCATCAAGGCCGGAACCGTAAAGAATAGGGAAATCAACCTGTTCTTCTGTCGCTCCGAGTTCAATAAACAGATCAAATGTCTGATTTAATACAACTGTTGGATTCGCATTAGGCCGATCTATTTTGTTTATGAAAACTATGGGGCGAAGTCCCATAGCCAGAGCCCTCATAAGAACATAACGTGTTTGTGGCATTGGGCCTTCATTGGCATCTACTAATAAAAGGACAGAGTCAACCGTTGAAAGAATACGTTCCACTTCTCCTGAGAAATCGGCGTGGCCTGGGGTGTCGATAATATTTATAAGGTAATCTTTCCATTCTACGGTGCAGTGTTTGGCCCTTATGGTAATGCCTCGTTCCCTCTCTATTTCATTGCTATCCATTACTCTTTCTTCTACGTGTGCCCCTTTTCGGAATACTTGAGCGGATTTAAATATAGAGTCGATAAGTGTCGTTTTGCCATGATCGATATGTGCGATAATAGCGAGATTTCTAATCTTTTCTGCTTGAACCATTCATAACAACTCCCTGGAATATGCAGTTTCCTAAAAATAGCTTGAGACAAACGAACATAATACTCTAATTTCCAAAGAGTAGCAAGTCCAAGCTCTATGTTCTCTTTTGGTTAACAGCAAAAGAAGGTTATAAAAATACCTGTAGATAGAACCACGGAGTGAATTTAGAAAACTTAACGGTTATTTTTTAACTTTGATTCAAGAATTGAATGAATTTGTTCCCACGTAGGAATTCCTTCATAAATTTTTTCTCCTTCGAGTATCCATGCGGGAACATTTCCTTTAATATTATAGCGGACATTGTCGATAAGAGATAAGATGTTACGTGGATCGACCATCGTTATTTCTATTTCAGCTCTATAGTGTTCTTTAATTCGTGTAAGAAGAGGCCCTAAGGTTTCATATTGTCGTTCTTGTGGCGATGTAGCTTTTTCATCTTCACCGTAAGGTGTTCCGCCACAACAACCCACGGCAAATCGCCTTTGCTGTATTATGATTTTTAAGGTTTTAACCATTTAAATACCCCCTCTCTGTACATTTATTACATCATATCACTTTGATTATAAATGTGATAGAGGGCAAAATGTATGAAAAGGAAGGTCGTAAATGAAGGAACAAGCAATTCTTCAATCTATAGACGTCGATGATCATTTAGGCTTGCAACTTTGGTCCCGAGGAGCAGTCCCTCGTCTTGTTATATATAATAAAGGGAAAGATAGTGGCAAGACAGTGCGTTTCTCTTGGCTGGAAGGAGAGAATAAATCTATATCTCTCAAAAGAAAAGACGGGAAAATCGAAAAATATTCCCTTGCCCAGCTCTTGCCAGTTATTCAAG
NZ_CP133089.1_gap11	321057	324271	3214	AGTACCACTCAGAAAAATTACATACTTGTGCGCGGGTTTCCTTTACTGTTATTGATGCAATCGCAATATCAAATTTTGTCCATGGATAATCAGAGTACCAGGAAAGGGCGATAAGACCATCCCAAGAAGCTCTGATAAATTGCACTTTTACTCCTAATTCATTTGCTATACGTTTTCCCAGATCAATGTCAAACCCTTTAAATTCTCCATCCTCTTCAAAGGAGAAGGGGTAGTAGTCGAAATCGGGAATAGCGATAATAATTTTTTCCCGTTGCATAATTTGGTCCATTTGTGTGCTCCCCCATGCCAGAGAACTCATCAAAAGAACTAAAAAGACGAGTGGAAAACTTAAAAATCTTTTTCTCATGTCGAACACCCCCTTATCAAATTAACTTCTTAGTCCTGAAATAAATATTATGGCGATACAGATAGGTGCAATGTACTGGAGAATAAAAAGCCATGTTTTGGTAAGTGGAAAAGAGTTTTCTGACAGATTATTGATTTCCTCTTTTGCAATATTATGTATTTTCCAGCCTAGGAAAAGAGAGATGAAGAACCCACCTAAAGGCATGAGAAGATTTGAGGCAAAAAAATCTGCGGCGTCAAGAAAAGATTTTCCGAAGAGATTAATGGGGACCGCTCCTTGTGAAAGGGCTGAAGGAATGCCTGCAATAGTAATGATAATTCCGAGAACAAGAGTGGCGCGCGACCTTTTCCAGCCAAAGTTGTCTATAAAATAAGATGCAACTACTTCTAAAAGAGATACGGAAGAGGTGAGGGCCGCAAAAAAGAAGAGAACAAAGAATAAAGCAGACCATAAAAATCCAGCTGGCATTTTTGCAAAAACAACAGGTAAAGTTATAAAGGTTAAACCTGCTCCCGCCGCAGGTTCCATGTTAAAAGCAAATAGAGAAGGGAAAATAATAAGGCCGGCCATAATTGAAATAAGAAGAGTGAGAAAGCATATTTGAGCACTTGATGAAGGAATATTCGAATCTTCTGGTAGATAACTTCCGTATATGATCATTGCTCCTATCCCCAGAGATAAAGAGAAGAATGCCTGCCCAAGAGCAGCAAGAAGAACTTCTCCTGTTATTTTTGTAAAGTCGGGCTTGAGGAAAAAAGAAAGTCCCTTTGAGGCTCCTGGAAGGGTGACAGATCGTAGAATAAGAATTAACATAAGAATGAAAAGTGCAGGCATGCAGATTTTACAAAGACGTTCAATACCACCGCCAACGCCGTTATACACGACAAAAATCGTTGCCGCCATAAAAAGTACCTGATAAAAAATGACAGACCCAGCATTTGATACAAAAATTTCGAATGTCTTAGCGATTTGGCCACTGCTACTGTGAGATGTTAAACCGGTGAAAGATTTTATGAAGTAAGCTATAGTCCAGCCGCCGATTACACCATAATACGAAAGTATAATAAATGCGGCTATAACGCCGAGCCAGCCAACAATAGACCATGCTCCTCCTCCTAAGGCCTTAAATGATCCTACAGCGTTGAGTTTCCCGCGGCGGCCTATAACTATTTCTGCCATCATGAGAGAAATTCCGATAGAAAAGACAAGGAGAGTATAGACTAGCACAAATGCGGCTCCACCGTATTGCCCCGTTATGTAGGGGAAACGCCAAATACTTCCGAGACCAATGGCAGAACCAGCTGCTGCTAAGATAAAACCCAGCTTGCTACCCCATTGTTCTCGTTCCGATATTTCTGGCATTATGCAACCTCCTTTTTTGAATTGTATATTTAAGTGTGTTAATTTTATTATTATAATATATAAAATATATTTGTATCTATAAAAAGTAAATATATACAAAAAAGATAAAATTGTTTGTTGCGGGGGATTGTCAATGGAAAAACTGCACGTAGGAACATGCTCGTGGAGTGATCGTTCTCTTTTAGAGAGTGGTTGGTACCCTCATTTTGTTTCAAATTCAGAAAATCGTCTCCGTTTTTATTCGGAAAGGTTTTCAACTGTTGAAGTAGATAGTACTTTTTATGCTCTTCCTCATGAATCATCTGTATATCGATGGGTTGTACAAACACCGCCAGGTTTTATTTTTAACATAAAGGCGTATGGCCTTTTTACATATCACAAGGTTTCATACAATAGTTTGCCCCAATGGATTCGTAACGAATTACCCCAACCTGTGCATGGTCAGCGAATACAGCATCAAAATGTTCCTTTCCCCCTTCGTCGTGCTTTATGGAAACAATTTGTTACTCTTGTAACGCCACTTCATCAGATGGGAAGGTTGGGGTACATCCTTTTTCAACTTCCACCATGGTTTAAATATTCTCGCCCAGCTTTAAAATATTTTGAGCGTTTGGCGGAGATAACTCCTCCTTTCAAAGTAGCAATAGAGGTTCGTCACCGAAGTTGGTTTAATAAGGGGCGAAATGATTTAGAAATCCTTTTGAGAGATAGTAATATGGCTTATGTTATCGTAGATGAGCCGCAGCTTTCATGGACGGTTCCCGCTGAAAGGCTTGTTACTGCGACGTGGGGAAGCGTCATACGTTTTCATGGCAGAAATGCAGAAATGTGGCAGAAGAAGGGAGCATCAGTACAAGAACGTTTTAGTTATCTTTATACAAACGAAGAGTTAACAGAATGGAAGGGATCTATAGAAAACATATCGCAAGATGTAGCTGTAACTTTTATAATGTTTAATAATTGTTATAAAGATTACGCTGTGCAAAATGCTTTGGAGATGCAACGTGTGCTTGGATTACGTTCATTTGTTCCCACTGCTGTCCAAAAAAAGCTAGATTTTAATGATGAAGATAAATAGACATGTAGAACAAGCGGGATTTTTCAAAAATATGCAATAACAGTAGAAAATGACTTGTTTTGCCCTTAAATAGTTCTTCAGAACCTTCCAGTGCCTGAGATGGGACTGTGAGGCTTTTGCGCTTTGCTAAAAACGAATATAGAATATAAATGTAATAAAAGGTCGTCGAAGGAGGGGATGGGAAAATAAGTGTAATGGAACCTTCTACGCACGAACAACTGAATAGCAATAAATCACAGGAAGAAATTCCTGTAATAATCCCACTAGGGAAAAGAGTCCGGCGAGCAATCCGGAACAAAAGAAAATGAAGAGGGGCATAGCGAAAAGGTATGTCCCTCTTACATTTTTTGTATTTTAGAGTGGAGCTGTATAGATAAAGTAAAGACCTGCAATAAGAATAAGAACAC
NZ_CP133089.1_gap12	410083	414553	4470	GATCGTGGCGACAGTCCGAGCCTTGAAGATGCATGGCGGAGTGGCGAAGAGCGACCTGACGAATGAGAATATAGAGGCGTTATCGAAGGGGATTCCGAACCTTGAGAAGCATATAGAGAACATGCAGAGCTTCGGTCTTCCAGTTGTAGTGGCAATCAACCGTTTCCCGACAGACACGGAGAGAGAACTTGAGCTTGTGCGCGAGCGATGTGGAGCCCTCGGTGTATCGGTAGCGCTGTCGGAGATCTGGGCGAAGGGCGGCGAAGGCGGCATAGAGTTGGCGGAAGAGGTATTGAAGGCAGTAGAAGCGAAGAACACCTTCCATCAGCTGTACGAGACGACATTGAGCCCGAAGGAAAAGATCGAGAAGATAGCGAAGGAGATCTACGGAGCGAAGAGTGTGACCTATACGGCCCAGGCCGAGAAAGACCTTGAAGAGATTCATCGTTTGGGTAAGGATGATTTGGTGATATGCATGGCGAAGACGCAGGCTTCCATCTCTGATAACCCGACGTTGATAGGTCGTCCAGAAGGCTTTGAGCTGACGGTGAGAGAAGTTCGCCTGTCGGCGGGAGCAGGTTTCATTATTCCCATAACGGGATCGATAATGACCATGCCTGGCCTTCCGAAAGTTCCAGCCGCTATGAGAATTGACGTTGACGATAACGGAAATATTACCGGCTTGTTCTAAAAGTGGGAGGCCATTAAAAATGAAAGCTCAAATACTTGACGGAAAAAAGGTAGCAGCAGACGTAAGAGCATCTATAAAAAAAGAAGTTGATTCTTTAAAAGCGGAAGGGAAGCACATTCCAGGACTTGCAGTTGTTCTTGTCGGGGAAAATCCTGCTTCAAAAGTATATGTAGGTCAGAAAGAAAAAAAATGTAAGGAAGTAGGGTTTAATTCTTTTTTACATAAGCTGCCAGCAACGACGACAGAAGAAGAGCTTTTAAAACTTATAGAAACCCTTAATAACGACAAAGCTGTAGATGGAATACTTGTGCAGCTTCCTCTTCCTCCGCAAATTGGTACAAATAAAATATTGAAAGCTATTGATCCGCTAAAAGATGTTGATGGTTTCCACCCTGTAAATATGGGGAATCTTGTAACAGGTTTACCAGCGGTGCATCCTTGTACTCCTAAGGGAATAATGTACATGCTTGATGCTTATAACATAGATATTGAAGGAAAACATGCTGTTGTAGTTGGACGAAGCAATATTGTAGGAAAACCTATTGCCCATCTTCTTCTTGATCGTAATGCTACAGTTACTATCTGTCACAGCAGAACGAGAGATCTTGCTTCAATCGTGCGGCAGGCTGATATTGTTGTAGCAGCTGTTGGCAAGCCTCATCTGATTACTGCTTCGATGGTGAAAGAGGGGGCAGTTATTGTTGATGTTGGCATGAACAGACTTGAAGAAGGTCTCGTAGGAGATGTTGATTTTGAGGCTGTAGCTGAAGTAGCCTCTTGGATTACTCCTGTTCCAGGAGGAGTAGGGCCGCTAACTATTGCTATGTTGCTTCAAAATACGCTGGAAGCTGGACAAAAAAAGTAGACGTAAAGAAGATTGAAAAGAGGTCCTCTTAGCAGAGGGCCTCTTTTTTATTTTTCTCTTGTGATACAATACGAAAATCTTTTTATGAGGAGAGAACGACTTTCTTGTCTATTGTACGAACATGCAAAACCCTTGTTAACACTTCATTACTCGCAGGAGAAAAAGGATTGGATAATGTCATTGAGAAGATAGTTCTTTTAGATGACATGAGAGCAGGACGTACCTGTGAGCATGGTTTTTTCATTGTAGGAGGTTGGATTCCTGAAAGTAGTGACAATAATTACAGTCAGGATCTGAATCTTTTGCGTAAGGCCTTCTCAGCGGGAGTAGCTGGGGTTGCCTTGCAAGGAGATCTTCCTCTGGAGCTTGTTCGTTTGGCTGACGAGTATAACGTGCCTCTTTTCCACATTTCTTCAGATCAGATTTTACTTGATATCCTTTTCGCTTTAAATAGCGAAATAAAGGCAAATGAAAGTGGGCTTTATTCATCTTTTTCCCCTTTTGCAGATATATTACTTAGCGACGGAGACATTGAACATATACTATGGGCTTTGCGTGGAGAAATACATTGTGGCATAGCCTATAGGGATTTAATACATAAGAAATTATTTGTTGCGTCTCATTCTGATGATTTTAAAGAACATGTAAAAATTTATCCCCTGAAAGAAGTTATTAGGCTTCATCAACATATGGAAGTTCGAGTAGGTGGAGTTTTAAGTGGCTACCTCATTCTTAATAGATCAAGTCGTTCTGACAGAAAGTTTTCCTTTTACGAAATGACGGCTATGGAAAATGCGGTCATAGCTGTCAAACTTTCAATAGAAAAAAAATTGTCAACGCAACAAGTTGAACGTAACTATATTGATGAATTTGTACGTGACCTTATTTATAACAAAATGCAGAGAAGAGAAGAACTAGATAGTCGTGCAAGGACCTTTGGTTGGAATCCGACAAATGGCGTTGTCGTTGTCTCTATTGAGGTAGAAACAAAGAGTGGAGAGTCTGGAGAGCGTGAGCTTCAGGTCTTCTTTTCCACAATAAGGTCTAAGTTTTTGGCTTTTTTCCCAAAGTCTATTTATACGTTGTTGACAAAATCTATAGTTTTTCTTGTTTCTCCTCCTGAACCGGATAATGGAATTAAAAGTCTTGAAACGAACCTATTGAAAGTTGCGGAACATTTAAACGAGGAAGTGGAGCGAGAGCTTCATTGTCAACTTGTCGTATCAGTAGGAGGATATAAATCTGACCCATTGAATACCCATGAAAGTTATAGAGAAGCCAGTAGAGCTCTTCGTGTTGCCCATCTTTCACCACAGCGTCAAAAAATCGTATTTTGGGATGCATTAGGAGCTATGAAGTTGCTTTCGATAGTTTCTCAAAGCCATGAAGCATCTCTCTTTTGCCATAAAGTACTCGAAAAACTTATAGAATTTGATTCCACGACAAACGGTGAATTACTTCAGACTCTTCGCGTCTTGAACAAGTGCAATTGGAATATAAAACATGTTTCGGATGAGATGAATTTTCACTATAACACCATTAAATATAGGAATAAAAAAATATGCGAACTCCTTGATTTTGACCCAGATGATAGTGATCAACGTTTTGATATAGCTCTTGCTCTTAAACTATATGATCTTGGCTCTTTCTAGCTAATTGTCAAAACTTGACAAGACAACCCCATAAAAGTTATCCACTCAAGCTAATGCCCTAATGGTTCTCCTCCGCTAAGCTACTATTGAAAGGGGGGAGATTCATGACGGGAGAAGTCTATATCTCAAGAGAAAAAGCAATTACAATTCTTCAGCAGCTTATTCGTATACGTACCTCTCAGCCCTCAGGCGATGAAAGAGATGCTGTAACATATATTTCCTCCTTATTCCCGGACGATCGTGTTGAGAAAAGAATAATAAATCACGGCAATAATAGGGCATCCTTGATTATCACGATTCCAGGAGAGGATAGAAGTCGAGGAATAGCTATTTCTGGCCATTTGGACACTATTCCTGTCGGAGATGTTAGGGAATGGACACATTCTCCCTTTGGAGCAGAGATAGTTGACGATGTCGTTTATGGTCGTGGCGCAGCTGATATGAAGGGTGGAGTAACATCTATTATTTTTACTGCTTTATCTATCCTCAAGGCTGAATTTAAACCTGCTATAGATATTAGATTTTGTTTTACAGCGGATGAAGAAGTTGGAGGCATAGGAGCGAGTGCTCTCATAGGGGGAGGATTCCTGAACAGTGTGGAAGAAGTCATTCTTGTTAAGCCGACCAATGAAAAAATTGGATTGGCGGAACGAGGGGCAGTGTGGCTTTGTGTAAAATCTTTAGGGAAATCTTCTCATGCTGCTATGACTGGTGCAAGTGTCAATGCTCTGAGTGTTTTTAATAGCATAGCAGAGAAAATTACAGAGCTTTTCAACGAGGAGAAAAAACACGATCTCCTTGGCCATTCAACCTGTGTTGTAACCTCTCTTCAAGCTGAAAGTGATTTATTTAATGTCGTTCCTCATTGTGCGATAGGAACACTAGATATCAGAACCCTACCTAGCGTTGACCATGATTGGCTTCTTCAAGAAATTTATACCTGCGTAGAAAACGTGGAAAAATTAAATGAAGGAATCCATGTTTCAGTTGAAGTTGTTAACAACAGACCACCTGTTGGCATGGATGAAGAAGCACCTCTTGTGCAATCTTTGAAGGGAATTTATTCAGACCTTGATATTCCCTGGGAAAAAACAGGATTAAATTATTTTACAGATGCATCAATCCTTATTCCCTCTTTAGGTGTTCCTTTTGTAATTTTGGGGCCAGGTGATGACCTTTTCTTTCATCAGCCCGACGAGTATGTGCGAATCGATTCTGTTATTCGCGTAGGTGAAGTTCTTACACAATATGTGAAAAGTAGG
NZ_CP133089.1_gap13	454436	457086	2650	AGACCTTACAGATATTGAACGGATGGTTATAGAGCGGGTTATTATGAGAATGCTTGAGCTTCTTGAAGAGAGTTGGAGTACTGTTGTGGATGTCCGGTTCCGTTTTGAAAATATGGAAAGTAACCCATTTTTTGTCCAAATATGTCCTGGTACTGATATGGTGTTGCTTGTAATTTTGAAATTGAAAGTGGCCGATGTAGAAGGAATGGTCAGTATTTGTATCCCTTACTTTCTGATGGAACCAATTATGGATAAGCTTAGCTCCCAACAGTGGTTTGCATCGACTGGACGTAAAAAAGAAGAAGGAGCTCGTGATGCCATTGTTCGTCATCTTGGGCACGTTAAAATTCCTCTTTCAATAGAACTTGGACATACCATTCTCAGTGTAGAAGATGTATTGCAGCTTCGTTCTGGGGATGTTATTAAACTAGATGAGACTGTAGAAGATAGAATAGATATTCGAGTAGGGAATATGATTAAATTCCTGGGGCGTCCCGGAACCGTTGAAGGCAATTATGCTGCGGAGATAGCAGATGTTCTCTATGACGACGAGATGATTCCCGAAAATGAGGGAGGAGTCAAAGATGATTGACGAATTGTTGAGTCAGGATGAAATTAATGCTTTGCTTCAGGGGCATTCTTTGAAAGAGGAAGAATCATCTCTTTCTGGCGTATCTTCTGAACAACAACAGATATTTAATGATATAACAAACATTTTTGCTACTGCTATTACAAATGTCTTTGGCATGCTTGCAGGCAGAGATGTAAATGTTCCTGATAAAAAGCAGGAAACGATTCCTCAGAAAGATATTGTTTTAAAACCAGGAGAATCTGCCTTTTCTTTTCATATAACGTGTCAGGGCATGAGCGATGCGCCGTTGACATTCATAACGACCCAACAAGGGGCTTTGATCTTAGCCGATCTTATGATGGGGGGAGAAGGTAAGGACTTACCAGAAGAAGCGAGTGAGCTCTACCTCAATGCGGCTCAAGAGGGACTTAGCCAGATGGTAGGGGCATCTCTAACCAATATGAGTGGCATTTTAGGAGGTCGTCGCCTATTACCAGATAATGTTCAATCTGCTTTAGAAAGCGGAGAGTGGTTGCCATTTGCGGAGATGGGGCCAGACGAAAAAATATGGTCTGTTGAGATGTCTATAAAAATTGATGATGTCGCAGTCTTTCCACTCTGGGTTGTCTTTCCTTTGGACGTTGTCAATAAAATAGCAGATGAAGCCTTGGAGATTATGAAAGCCAAATCTGCTCCAGAGCCTGAAAAGAAAGATTCCTCACCGGCTCCTTCTGCATCTAGAACTCAAAATAAAGGCCAAGTTGAAATTCCTGTTCAGCCGATGGAGAACAATGTTAACAAACAACGAAGTGCTGCTACGCAGCCAGTTTCACAAGTAGATGTCCGACCTGCACAGTTTATGCCCTTAAGTCAATCTGGTGGATCGCAGGGGTCTGGTAATATTGATCTTATAGCAGATATCCCTGTGCGTGTTACTGTAGAGTTGGGGCGTACACGAAAAAGTATTTCTGAAATCTTAAACATGACACCGGGTTCCGTGATAGAATTAGATAAAATGGCTGGGGAGCCAGTAGATATATTAGTAAATAGTAAACTTGTAGCACGCGGAGAAGTTGTTGTTATCGATGAGAACTTCGGCGTGAGAATTACAGAGATCGTAAATTCCTCAGCAAAATTTCGTTCATAACATAGTCATTTCGAGTTTGACAAGTGAGGGGTGCAGGAATGGGAAAAAGTGTGTTAATAGTTGATGATGCCGCCTTTATGAGGATGATGTTAAAAGATATTCTTTCAAAAAATAGCTTTGAGGTTGTTGGAGAAGCAGAAAATGGTAAAGTTGCCGTGGCGGCTTATCAGAAGCTTCATCCTGACATTGTAACAATGGATATAACAATGCCCGAAATGAACGGCATTGATGCTGTAAAAGCTATTAAAGCTCTTGATTCTCAGGCTAAAATTATAATGGTTAGTGCTATGGGGCAGCAGCCTATGGTTATAGAGGCAATACAGGCCGGCGCTGTTGACTTTATAGTGAAGCCTTTTCAACCAGATAGAGTGGTGGAGGCTTTAAGCAAGGCCCTAGCCTAAATTTCAAGGTCAGAGTAATGGTTAATTTTTTAAAAATTATCCCAGGCAGTCGCTTTTCAGCGTTACTGGCTGGGTTTTTCGTTTTTGTCATTCAGACACCGTCGGAGGCTGCAACCTCTACGTCAGGACTTACGACTTACTTTATACGGGTTATGTTGGCTCTTTGCCTTTTGGTCGGTATCTCGTATATTTTAATTCGGTATATTCGTCCATCCATTGCGGTAAGAGAAAGCCACAATGTGAAAGTTATAGCTGCGTTGCGACTTGGTCGCGAAATGCTTTACATTATTCAGTGTGGTCCAGATGTTATAGCATTGTTATCTGGGGGGAATAATTCTAAGGTTGTAGGAAAATGGCGGAAAGAAGATTGGCTTCAGGGAGACGTGAATGGTGAAAAAAAATGTAACTGATTTATTGATACTTATAGTCGCTATATTTCTTTTTGCAGCATTCGTAGTTCCTTCAGCTGCATTGTGTGCAGAAGCTCCGTCTATTCCTCTTCCAGCTTTACAGTTGGGTGTTCGAGCTGCT
NZ_CP133089.1_gap14	573649	574237	588	GTGGCACTCTTCCTCCGTTGCCTTCTTTTTCAAACTGGAGATTCCCCAAAAGCATTTTCTGGGCTCTTCTTGTCTCCATACTGTTTTCCATGTTAGGAATGCAACAAGGGGAAGCAAGTCTTATGTTTCGTATGGGAATGAATCTAAAACTTTTGATTAATATTCTTTTTTTACTCCAGGGACTGTCCGTCATCTGGTATTATTTTTCATTGAAGGGTTTGGGATCTTTTGTGAGATGGGTTGCTGTTATTTTAGTTCTCTTTGTTCCCTTCCTTTCAACAATTGCATTGATTCTTGGTGTATCTGATATGTGGTTTGATTTCAGGTCACGAATCAGGAGGTAATAGCAATGAAGGTGATCTTGAAAGAAGATGTTTCGAAACTTGGTCGTAAGGGAGACCTTGTTGAGGCCTCCGATGGATATGTTCGTAACTATCTTATCCCTCGAGGTTTAGCAGATGAAGCTACTCCTGCTAAAATAAAAGAGTGGCAGAAAGAAAAGAAGACTCAAGAGAAAAAGGAAGAAAAACTTTTGGCTGAAGCCGAAGAGAAATGCCGTTGGTTGCAGGGGAAAAGAATCGTTGTAAA
NZ_CP133089.1_gap15	575251	577713	2462	TTTGCAGAAAATGATTGGGATAAACTTGCGGATGCTGCTGGACGGCTATCTCAAGCTCCCATCTTTATTGACGATAGTTCAATGCTCTCTACTCTTGAGTTTAGAGCCAGAGCGCGACGTTTTAAATCCCGTTTTGAAAATTTGGGACTTATCGTTGTCGACTACTTGCAGCTTATGAGTTTCGCAAGGCGAATTGATAGCAAACAGCAGGAAGTTGCTGAAATATCACGAGCTTTAAAAGGAGTGGCACGAGAGCTTGATGTCCCAGTTGTTGCCCTTTCTCAGCTTTCACGAGCTGTTGAGCAACGAAACGATAAAATGCCTCAATTGTCAGATCTTCGAGATAGTGGAGCAATAGAACAGGATGCAGACTTGGTTATGCTTTTATATCGTCCCGGTTATTATGATACGGCAGCTGCTCCAGAAGAAGAAGATAATAGGGCTGTTATTCGTATAGCGAAGCATCGTAATGGACCTACAGGAGATGTCGATCTTGTCTTCTTGAGGGAATATACGAGGTTTGTAAATGCTGAAAGAGGATATATGTAAGGTCCTTCTTTCAGGGAGATTGACTATATATGGAGGAACGATATGGCAGGCATGATGAATTTTCTTCGAAATGAATCATTGCTGCACGGGATGAAAAATGAGACGGCTAACGATCAAAAGCGGCGATTATGTGATTTGCCTATAGATCAGATACGACCGAATCCCCTTCAGCCGCGGCAATATTTCGATGAAGATGATCTGCAAGAACTAGCTACGTCTATTGCAGAACTCGGAGTAATACAGCCTGTGGTCGTTTGCCAGGTAGAGAATGGTTATGAACTCATAGTGGGGGAGCGACGTCTTCGAGCCGCTAAACGAGCCGGACTTTCTGTAATCCCGGCAATCATAACGGAAGTAACGCCGACAGACCAACAGGTTATTGCTCTCGTAGAAAATATTCATAGAAGTAATCTTTCTTCAATAGAAGAAGCTCGATGTCTACAGGATATCTTGCAACGTACAGGCTGGAACCAATCGTATCTTGCACAGCGCCTTGGACGTTCTCAGTCTGCTATTGCAAATAAACTTCGTCTTCTTAAATTAGAAGATGATGTGCAGACTATGGTTCTTGAGGGAGAGTTGGGGGAACGTCAAGCGAGAGCTCTCGTTGCTCTTGAAGGAGACGTTCAAAAAGAATGGGCACAGCGTATCGTCGATGAAAAAATTCCTGCAAAAGATGTAGAAAAGCTTGTTCGTCAGGAATCGTCTAAAACAGATATGCTTAAAAGTAATAGAACAACTCAGGGAAAGAAACAGAAGGGATTAAGTTTTGCCGGACCAGAAGGGCCGACAGGAGAGCTTCTTAAAGATTTGGCTTTATTGGTGGAGCAAAGCCGCCGGCGAGGAATTCCTGTTGTCTGGAAAGTTAAGGAGCTCGCTCAGCGGCAGCTTATTGTTGAAATAGCTGTAGATTTGAAAGAACAAATTGTGAATGATGAAGAAAAGGCTTTGTCCCATGAAAGCAAGTAACAATATTGAATCGTTTTTTGCATCTCAAAGCCCCTCATTTTTAATGGAGGGCTTTTTATTTTGTTGTTTTGGAATGGTTCTAATCTTTCCAAATATGATCTTTTCAGGTGATTATTGGTATCAGACGTTACATTTGATGAAATGGTTTTTTGCTTTTGTCCCCATAGCTATGATGGTTATGGTTTTATGGATCTATTCATTTCGGAGTCATATTTCTTTTACAATAGATTTTTTTTCGATATTATGGTTTATTTTTCTACTCTATATGGCGATACAACCAGTCTTCATTGAAATATCTTCCATCCCTTCTTTTATAAGGGGCTATGTTTTTTTTGCTAGCCTCTTTGCTCTTTATTGCTTAACTCTAAACTTTTTTAAGGAAACGATGCTCTCTTTTATATTATGGGGGAGTAGTATCGCCGGCGTTCTCAGTGTCTTTTTTGCTGAGTTGCAGTTGCTTGGAATAAATGGGGTTTTCCCCTTTATTCTCAACACTCCTGGACACTATATTGCCAATACTGGGCAGCAGAATATGTTCGGCATATGGCTTGCTCTATGTGCTCTCAATACCATGTTTCTTTACATAAAGAAAAAATCTTTTAACTCAGGAATCATTGCCCTTTTCTTGTTAGCAATTATTGAATGGGGTCTTTGGAATACAACGAGTCGTTCTGCTATTTTCGGAATGGCAGCGGGGATTTTTTTCATGTTGATTATGGCTCTTCGGACGCAGACGAAAGAGACACTCAAAAGGACTTTTGCTGTAGTTTTTATTTTCCTCCTCGTCATGGCTGGAATTGTGGAAATTAACAAGGGGCGCATAGGAACGCTGAAGGATAAATTTAAAGATATCCTTGACCATCCTACGTCTGTAGCCAAGCGAGATAGCATTTGGCTCACGTCATGGACCATGTTTCGCTCAACCCCCGTTTCAGGAGTAGGCC
NZ_CP133089.1_gap16	633535	635708	2173	AACCTGAACACTCTTGGCTCCAAGTCGAAGAGCGGAGCGTGCTGCGTCCATGGCAACGTTTCCGCCGCCAACAACGACAACCTTCTCAGACTGTTTTGTAGGAGTATCGTATTTGGGGAACTCGTAGCCGTGCATGAGGTTGATACGTGTGAGATATTCACTTGCAGAATATACACCGTTCAAGCTTGTTCCGGGAACGCCCATGAAGTGAGGGGTACCGGCACCAGTTGCAATATAGACGGCATCATAGTTATCTTTAAGCTCTTCAATAGTTACGCTGCGTCCTACAGCAACGTTGGTCTGAAATTCGACGCCAAGAGCCTTGATGTTCTCGATCTCTCTGCGAACAATGGCTTTGGGAAGACGGAACTCGGGAATTCCATACATAAGAACTCCGCCAGCGGCGTGGAGAGCTTCATAGACTGTGACCTTGTAGCCCATTTTGGCAAGATCACCAGCAACTGTAAGGCTTGAAGGGCCAGAACCGACAATAGCAACTTTACCCTTGTTCTGTTCAGGAACCTTAGGGGCAACTTTGCTGCCGTGCTCACCCTTCCAGTCGGCGATGAAACGCTCCATCTTACCGATGGAAACAGGCTCATAGCCTTTGATTCTTCCTACGGTGCAGACGCCTTCACACTGCTTCTCCTGAGGGCAAACACGTCCACATACGGCTGGAAGGTTGGTGTATTTTGTAAGAGCTTCCCAAGATCCTTCAAGGTCTCTCTCTTTGATAGCTTTCAAAAATTCAGGAATATTGATACCTACAGGGCAGCCCTTCACGCATGGAGGGTTTTTGCACTGAAGGCAGCGGGAACTCTCAGCTACAGCCTCTTCAATGTTATAGCCTATAACGACGTCATTAAAATTATGAACACGTTCCTCGGCACTCTGCTCAGGAACGGGAAGTCTTTTCGGGGTTATGTCTAAAGCCATTACTCTTCACCCATTTCAGCTTTATATTTTTCCAGAGACATTTTTTCTTCGTCTTTGTACTGACGCATACGGTTCATAAACTCATTCCAGTTTACGCCCCATCCGTCAAACTCTGGTCCGTCAACACACGCGAATCTGATCTGGTCATGAATGGTTACTCGGCAGCCGCCGCACATTCCTGTTCCATCGATCATAATTGGGTTTAAGGAAACAAAAATGGGAATATTCAACTCTTTGGCTTTCAAAGAGGAGAATTTCATCATAATGGAAGGACCGATGGCCCATGACTGATCGAATTTGATTCCGCGATTATGAAGCTCCACCATAGCATCGGTAACAACGCCCTTCATGCCGGCAGATCCGTCATCAGTGGTGATGAGAAGCTCATCAGAGTACTTCTCGCATTCTTCCTTCATAATGACAAGATCCTTTGTTCGTCCGCCAAGAATGGTGTAAACTTTGTTCCCGGCCTCTTTCAAAGCTCTGATAATTGGGAAAAGGGCGGCTATACCAACGCCACCACCGATCATTAATACTGTTCCGTAATTTTTAATCTCGCTGGGCATTCCCAGGGGACCAAGAATATCGGTTAAACAGTCTCCCTCTTTCATGTCGGCAAACTCGGCAGTTGTCTTTCCAACGATCTGGAAAATCATGCGGATAAGACCTTTTTCACGGTCAAAGTCGGCCACAGTGAGAGGAATACGCTCTCCTTGGGGGTTCGTACGGATGATGACGAACTGCCCCGGCTGAACATGTCGTGCCACTCTAGGAGCTTCTACCCAAATGTCGAATTCCTTGGGGACGACAAGCTTTTTGGAAATAATTTTGTACACTTTGTTTCCTCCTCGTTTATCGAAGATATACTGGGGGTTATGTTATTAGGGGTCGTGTTATCTACTCTCAACTTGATACCTTATATGTTATATTTATTTTGTCAATACAAATTATGCCATATATTTACATTCAGTACCTCATCTTTTTTACTATTTTTAACCACGAAAAATGTGATTTATTCTCAGGGTTGACGAATGAAGGGGAACTATGTAATATACCCATAGAGGGTATAAATAGTCCTATTCAAACGGAGGGATAAATAATGATAAAAGTTTATTCAACACCCACGTGCCCCTGGTGCACCAAAGCCAAAGAATATCTTACTTCAAAAGGCGTGGAATTTGAAGTCGTTGATGTTTCCCAAGATAGAGAAGCAGCTATGGATATGGTTAAAAAGACG
NZ_CP133089.1_gap17	637655	638823	1168	TTAGAAGAATCCATGGACTTTATTCAGATGAATACGACATTCCTTGACCGGGCAATCGACAAAAGCCTCTCTGGTGGTGAGCGTAAAAGAATAGAGTTGGCCTCTATCTATCTCATGAAGCCTCGCCTTGCCATTCTTGACGAGCCTGATTCCGGAGTTGACCTCCTGGCCCTTCGTGAGGTTCTGGGGCTGTTGCGTCTGCTTGCCGATCAAGGGAGCGGCGTCATGGTTATTACTCACCGCGAAGATGTGGCGGCTGGATGTGATCGTTCGTATCTTATGTGCGATGGCCGCATTATTCTTGAGGGGAGTGCCGGAGCGGTAAAGAGATACTTTATGTCTCAATGCCGTCCCTGTGATGGTTGTGAAGTGGGAGAGGTGATGCGCCGTGGCTAAGATCAGTGAAGAGTTTCAGGAAATATTGAAAATTGCTGCCAGCACGCCAGGATACGACCATTTTGACCATAAAAAAGGTGCCTACGCCCTTATCAACGCCAATAAAGTTGTAGATTATCATGAAATTGAGGGAGTTCATATTGAAGCCTACGAGACAGACGATGGCGTAAAGGCTCTCATCGATATTGAGGAAGGTGTGCAGCTCGTAGAGCCTGTCCATCTTTGTTTCGGAGATGTTCGCAAGAACGGCCGTCAAGTTATCGAGAGCCACGTTACTGTGGGACGGGGAGCGAAAGTTGATTTTCTCGCTCATTGTGTCTTTCCTCATGCGGAGAAATTTCTCCACGCCATGGAAGGAACGGTAGAAGTGGGCGAGGGAGCGAATGTCTCTTACAAAGAACTTCACTATCATGGCCCTGAAAGTCAGATGGAAGTTCGTCCTGTAACGAAGGTAAAGGTTAATAAGGGAGGCCGTTACGTTAATGATTTTACTCTTGTCGAAGGCAAGGTCGGCTCTCTCGACATAGATATAGATATAGATGCTGTCGGTGAAGGAAGCCGCGTCGAGCTGACATCGAAGGTCTACGGCAAGGCCGATGATTCTGTAAAAATTCAGGATGTCGTGAAGCTTTCAGGGAAGAATAGCTCCGCTCTCATAAAGACGAGAACCGTATTGAAAGATCATAGCGTAGGCAGTTTCATGGGCATGATCGACGGAGCTGCTCCTGGTGCGAAGGGGCACGTCGATTGTACTGAAGTTGTTCAGGGACAT
NZ_CP133089.1_gap18	640391	642609	2218	AGAGGTATTTTCCCGCAAAGGAATATTTGAGGGAATCCTCGAGTATGCTGCTGCTTCTGACAATAATGGGGTCTGTCATTTTGCTCAGAAAAGCAGCCAGATGGCCTCGTACCTCTTCAGGCAGCGTGGTGCGCAAAAAGGCTTCTTCCAATTGGGCAGGATCCCCATTTTGAAGTTCTTCAAGGTTGGGAATCTGGCGAATAACATCACGAAAAGAGCTTACAGCTATAAAGAGTGAGACAGGAATAGTTACATGTTCTTGTAGATCGGGATCAACGTTGTCTCGAATCTTGCGAAAGCCAAAGAGGAGGGAACGACCTTTTCCTCCGATACTTCCTTCCCCTACAATAAGAGAAGAAAAGTCGGGGTCGTTTTGTGGATCCCACGCAAAATACTCACTAATTGTCTTTTCGTTTGCTGTCTTATCGTTCACGGCTTTATCGTCTCTCCTTCTCGCAATCTTCTTGCTCTATGCCCCATACATCCGATGACCGCACTGACGAAAGAGCGTGAATAATATTCATTTTTATGCTCGGATTCTCTTGCTCTAACTGTTCTATAAGCAAACGTGTCTTACTTCGTTGCGTATGGAGCGAAAAGGGACAAATTTCAGGTGTGATAGGTAATTTCAAACGCAACGCTTCTTTTTTAAGTTCCTTTTCCCCAATATATATGAGTGGCCTGATAACCCACAACCCTGTGCGACTTTGCCAAAACTTGGGTCTGAAACTTTTAAAGCGACCTGTCTGAAAGAGGTTCATAAGAACTGTTTCCGATACATCGTCGAGATTGTGTCCCAAGGCAAGTACATTATATCCGTGTTCCACAGCTACGGAACTCAGAATGCCTCGTCTGAGATTGGAACAAAAACTGCAGGGCGATTTCTCATTTCGTCTCTTTATTATCTCCGAAATAGGGTAAATCGTCACGAAATGTTCGACATGAAGTTTATCGCAAAGATCGGAAAGAGGTTGTGTATCCATCTCTCCCCCTGAAATATCGACGGTACAGGCTCCAAGTTCGAAGTGGCGGGGAGATCTTTTGCGGAAAGCGGACAGGGCTGTTAAAAGAACAAGGCTGTCTTTGCCCCCTGAGAGTCCGATGAGGATCTTGTCTCCATCTTTAATCATAGAAAAATTGCCGAGAGCTTTTCCAAAGCGTTTACGGAGCATTGGTTGAAGCTGAAGGTTGACTATTTCTTTTGAATTATCCGTCATGTTCTTTCTTTAAGTGCTCCTTTGATCATTATGGTATATAATTAGGTCTATAGACCTAATCAACCCGAAGATGTAAGTACGGTTCCTTTTTTGTAAAAGTACCTAAACTATATCATAGGTCTATATATCATAGAGACATTTGTCATGGATATGTAAAGACTCGCAGAGTATTTTATGGGGGTGGAGCCATGGATTCCATACGCCTTGTTATAGCTGACGATCATAGGCTTTTTCGAGATGGCGTAAAGAAACTTCTGGAACTTGAGTCTGATATTGATGTAATTGGTGAAGCTGGAGATGGTGAAGAAGCTTTAAAAGTCGTGCGAGAGAAAGAGCCGGATGTTCTTCTTTTTGATATCAATATGCCTAAAATAGACGGAATTCAGCTTGTACGGGAATTGAACAGCTATACACATGCTATTAAATATGTTGCCGTGAGTGCTTACGATGATGAAGATAGTCTTTCAGCTCTTTCTTCAGCGGGTGTTTTAGGATTTGTGCTTAAAGCTTCGGGCAGAGTGGAATTGTTGTCGGCAATTCGTTCTGCCAATCGTAATCAACCGTATGTGGACCCGCGAGTTGCGGGAAAACTATTGACTTCATTTTCAAGACGCAAAGAGGAAAATGATCAGCTTTATGAATTGACGCCCCGGGAAAAGGAAATATTATACTGGCTTGCACAGGGGCTGAGCAATTCCGAAGTGGCAGCTAAGATGGTTCTCTCTGAGAAAACAGTTAAGAATCATGTAAGTCACGTTTTAAAGAAGCTTGATTTGCGTGATAGAACTCAGGCAGCGATTTTGGCGTGGCGCATTGGTTTTGCACAACTGCAACCAGATTCTTTGCGACAGGTTATTAGCGGTTCTTTATCATCGAAGTAAGATTCTGACTGAATCAGTAAACTGAATGATTGGAATGCGTAAACGAAAGGTACAAACACAGAAAAGAGGGCTGAACAACAAGCCCTCTTTTCTGTGTTTGTTATATTGTCCGTTTTATGC
NZ_CP133089.1_gap19	656087	660719	4632	TCCAGTAGAGTTCCAGAAAATGATAGGCATCAGTATCCAAAACCTAAATGTAAAATCGTTGAATTTATCTAAAATCGCCTTCGGCAACTTGATCGTAGGTGATATCTCTTTTCACAATTACCTTATATTAACTATGATATCCGTAGGAATAATTTCAAGTTTTTTCTTAATAATATGCTTTTATGGTATATTTAATTGTGTACGATGGAATTGTTTGGTAGAGAAAGGTTATGATCAGTGACATCGTAAATGAGACATAAAGGAACGAACTAATAACTTGTTGGATGAAAGGAGCGTTGTTGGTGACAACAAACATTGAAAAATATAAAACTGACCTCAAGAAGCTTGTAAGCCGTGCTGATCTCCTTTTCTTGGCCATTCAGTATGAATCGTATCCCGATCAGTTTACTGAACAGGCTGGGGATATGGCAGATAAAATCATAGAAAAACTACCTTCTTTCAAAGAAGAATATCAATCTTGGTACTCTGAAGCTACGGCCTTGATACGGCAATTGCTTCCAGATCGACTAGATGATTTCCGTCGTCATTACGAGAAACCAAAAAGCCGGAAGGATATTTCCTTTGAAAATTATCGGATTGAGGATTGCCTACAGGGATTGGTAATAAGAACCGGATTTGGCGAAAAGAAGTGCGGTCCTGAGTCAGCCATTCCTCATCTGCGACAGCAAATCGCCATCCTCAAGTCCGTAGAATCAAGATTCCACAGCTCTCTATTTGACATTCGCCAATTGGTACAGGCAGATCTGTTCGATTCCGAGCTTGCTGCTGCGACAGAACTATCTAAGAAAGGATTTCATCGTGGTGCTGGCGCTGTTGCAGGTGTTGTGCTCGAAAAGCATCTTGGGCAAGTCTTTGCGAATCATGCACTCAAAACACGCAAGAAAAACCCAACCATAAGTGATTTCAATGATGGCTTGAAGAACGGTGGAGTCATTGATACGCCAGAGTGGAGGAATATTCAAAGGCTTGGTGATATACGAAATCTCTGTGATCATAGCAAAGACAGAGATCCTACAGATGACGAAGTTGAGGAGTTGATTCATGGGGTCGGAAAAATGACGAAAACACTTTTTTAATGCAGCTAATAAGGAGGTGAACTGGACGCTTTGGCAGGCACCAGTTATCTTGAATGTTAAGTTTCAGAAGGTGAATAAAATGAAATCTTTGGTTCTAGAGCTTCAACGAGAAGCAATGAATACTAACAGCCTTCTTTCAGATATTTTAAGAAAGGCTTTGGTTGTTGCGACGAAACTCAAAATTGATGATTTTAAAAGATGGATTGAGTCTGAGATGAAAGGTTATGCTGAAAACCAAATACCATCGTACCGGAAAGTGAAAGGCTCAGTGAAAGCTTGGAATCCTTATAACGGTTGGATACCAGTTATTATAGAAGATTCAGAAGTTAGTGAATTAATTTCAAAAAGAGATATTGGTCAACCCATTTCAGAACTTGAGTCGTTGTTAACTGAAAAAGACAAAGGTGGAGTTTTACAGGTTCCTCTACCTCATGAATGGATAATGAAACTCTTTTCACATAGCGAACAATTCCAATTGGGTATGGTGCCAACTTTGATCGTTGACGGGTCACAACTTGCAGGGATATTGGATGCTGTAAGGAATGAAATATTGGAATGGAGTTTAGAACTTGAAAATCAAGGAATTATTGGTGATGGTATGTCCTTTTCAAGCGAAGAAATTAGCAAGGCAGGATCAGTGACTTATAATATTCAAAGCTTTAAAGGCATATTGGGGGATGTATCATCTTCAAATGTGCAAATCGGTGATTATTCAAGCATCCATGGTGCTTTAAAAGAAAAAGGTGTTCCTCAAGAAGAAAGAAATGAAATAGAGAATATATTAGACGAACTAAAATGTGCAGATCCTTCTAAACGTAAGACGTTAATCCAAAGAGGGTTTAGTTGGATAAAACGAAATGCAGCTACCATAGGCACCCTTTCAACAACTATTCAAAGTTGGTTTGACATGCTTAGATGACGATCTGCCACCTAAAAAATGCTTAACCATTTGCTGATAAGGACGCATCTGAGGATATGAAGGCTAATGACACAGCCGAGCTTATGTATGCTGAGATCAGAAAGAACAATGGAAAGATTATAGATGAGCCAGACCTTGACGATTTGCTCGAAATATGAAGGTTGAAACAACAATATTCCAATCTACCGAACAATGCTTGGGAAGAGAATGTAATGCTGGGATATTCGTACCGTCAATGCTTCTTTTCATCGCTCCATTGTTTCTTTTTGCCAAAAAGTGGTAAAAATTATAGTAGTTAATTACAGCGCTTACAAATAGCGAGTCTTGATTATTAGGAAGTTATTCATCTCAAAAATTATTTTCCAAACTAATTTCCATTTATGGCCGGTTCTTAGTATATTAAATATATTGATTTTTGCTATAAAAGACTGATATAAATTTAAAGTTGCGGCAAGTAGGGGATCCAGTGTTTGTAAGGGATTGCAGGTTTTACGGTAGAGGTGTAGCTTTTATCCGCGCTTACACTAGCATTGGGTTAAAGTAGTCAGATAGCAAGCATGTCTGGCTACTTTTTTGTAGCTACGAAAAAATCTATAGCTGACTTTTATTCCTGAGTTCTCAAAATGATTTGGATGAGTATCCATTTTCAAGAAAGGTTGCCTAAGATTAGAGTTCATAATTATGATAATATCTTAATGAAATATTACACACTATGTTTTACTAATCTATTGGAGATAATTAATGTGTGTATTTAAATTCTTTTCTGGAATTGACTACCTTCTTGTCCAACTTTATGGAGTAGCGAAAGACATATTTCATATTCTCAATCGGTATGTTTTGATAAAAGAGTTATCTCAGATTTATCAAATAGGTTCATTGCATGAGCTTTACATATCGCGGCACCGTAGAGATAAGTTATTTTCTCTTTCACGACATCTCGTGCTGAAATCATTCAATCCTTGGTCCTTTTGCATAACATAGGTCATGTCTCTGGTACTTTTGCATGTGTAAGATAAAGCTATTGACCATTCGAAGAATTTTGCCAACACCGCAATCTAAAATGGTATTTTGATCAGGTATTAAAAAACTTTGATGTTATGAGCTTTCACAAAATTATTTCTTATATAAAAATATCGGGACTGTGTTTTGATCAACAGTTAAAACAAAAATGTTATCAAATTTTTGATTGGCATCTTGATCCTTTTAGGCCAAGAGATATCGAGGACGAGGTATTCAAAAGTGCAGGTTACTTAGTTTTAAGTAGTTAGATTTAAGACATTCTTCTGTGCCTTTCAATCTTTCTTTGGATTAAGTTATCAAAAGCTGGGAGAAGAATCTTTCAGTTTGGTTTTCACGTGAATTAAGTATTTCTAAGTTTATTTCTTCTATGCATGTTGAATTTTTGAGACGCCTATATCATCGAAATGAAACGGCACCTTTTAAAAATACTGCCTTTAAGTATTTTTATTTGTATTTTTATTTGTATTTTTCGGGGTTAGATACTTCTCTTTCCGAACTCCGAAAGGGCATTAAGAATTATTATTCTGAAAATCCAAGAGAAGAACATATTTGTTTAGCTTTCGAAACAAAGAACTTACAAACTGCAATAAGGGCAAAAAATTTTTTCTTGCCGTCCCCAAATGCAGGAATATTCATAGAACGGACTAATTCATTGGAAAACACAAATATGTTAGTTTCATTTTATGCTAAAAAAATTATGAAAATATAAGTCATCCTTTTCGTTCAATTGCTCTTTTACTAAATAGTTTTATTGAAGATAAGGAAGTCCAGCAAGCAGCTGGAGCGATTATTACAAGATATTTTGTTGAAAGTGTTGCACGAGTTATTCGATTGTTTTATCGAAGGTTATATCAAGAAGTATGATTCTGCCGAAGCTTTTTTAATTAATAAAGGTGCTAAGAGGAGTGCAAAAATATTACGAAATAAAATTAAGGTTTTTAAATCACTTGATGAAGATAGGAAACACCAATTAAAGATATTAGCTGATGCAATTGAAGCTCAACACTTTAGAGGGTATATCATTACTTTATTAGGGAAAATAGATGTAATTAATTGGACTGCGGCAAATATCGATGGGATTGCTCTATTGGTGAATAGACGCCAATTATCAGTATTAATAATCGAAGCAAAGAATAAAAATCAGAATGCTCAAGCTCAGGCAGTTAGAGATCTCCAACGGATGTTTCAAGATCTTAGAATTAAAACTACTTCCCATATTGTACAGTTGCCAAGAGGAGCGTGAACTTTAATCCGTTAACAATAACAAAATGAAGCCATTCGCTAAATTATTTCGGATAATGTGCTGATTTTATTTTGATATCATTGCTTTCCAGCCCCAAAAGAGAATTGGATCTGCAAAGAATCAGTTGAATAGAGAAAGAAGGTTTATATATTGAACGACTTGAAGATGGTTAAAGCTACTCTTTCGAAGATTCAGGATGACATGGAATTTTTGAGCAGGTTGAATCAGCCTTCCTATACCAACTTAGTTGAGCAAATGAGAAATGTGATGGAGCCAATTTGTATTCAAGAAGAAGCTATTCGAGTCTTGACATCATCTCCCTCTTTTGCGTTTATAAATGAGATTATCGGAAT
NZ_CP133089.1_gap20	666464	670701	4237	TATTTCAAGCAAAGGGCTGAGTACTGGTTTCTATAATCGCGTATTCGAAGATGAATGGTTTGCATCATCTCCAATGGAAGCGTTTGGCGATGTCATTATCCCAGATAATGTTGCTTACTACGTTGAAGGGTCTGAGGAATTAGCAAATACTTTAAAACTGATAGTCAGTGTGAATGACGCGACCAGATCTCAACAGGCACGACGAAAATTGTTGGAACTCGCTGAAGTATTGAGTTTGTCTAGCTTAAATAAGCCTCTGTCCGAAGATATGGAGGACGCTATTGTTGAAGGGAAGCCATATTCTGAAAACACTGAGGGTAAGATTATTTCGTTGGCTGTAGAAGAATGGCCAAACCATAGATTCAATGGATATGATCTTAAATTTGTCATATCAAGCATTTAACAGGTGCTGCCTCCGGATGCCAACATCGCTACGTTTCATTGCACCGGTGAGAGCGGTGTTATGTGGTTAATGAATCATTGTTATTGATCCTAGCTTACAAATGAAATCAGGTTATCTTTATGTTTTAGTTCACCCGTCCGATTCAGACCTTTATAAGATCGGACAAACTGCTTGTTACCCAGAGGAACGATTGGCTGAGCATAATTGTAACGACGAAACATACACGGGACAGGTAGTCAAAGAGACTGTCAGAAATAGAATATTAAAACGTACATTGCCGTTCCTGATCCATATTGAGCCGAAAAGGTTTTTGGGGTAGCAACGCCTTTGGCAGATATCCCGTTCCGACGAGAATTTAATTATGTTAGAAGTATGGTGTTTGGGAAAGCTAGCTTTCGATGCATGAATGGCCATGAATGGCGGACAAGATGTGCTCTTGTAGCAGATGGTGAAGGTTGTCCGCTGTGTTGTGGTATCGGCGGCAGAAAACAAGAAGAAGTTTGGCAAGCGGCAAAACTAGGTTATATTTGTCTGTTGACACACCCTGATAAACCCGGGGTTATAAAAATTGAACTGACATATAACACGTAAGAACAATGATATGAAGAAAATTTCTGGGGAGACGAGGAGGTACATCGCTGGCGATTTTCTGAGGAACTCGTTTTAGCTGAAACAATAATTTGGAAGTTGCTAGGCCAGTCTCTGTCCAATGATCGCGAACCAATTAAAAAATTTAAACGTAGCAGAACAGACATTCCGTGACTTAATTCTACAAATGCATCGCGTGAATACTTGGCTGGAAAGAGCCAAAGAATACGTTCGCAAGACTGACCGAACTAAAAAGAAAAAGGTTAGTACACATAACAAATCATTCCACCGGACAATACATGCGTTTTTGCCGTTGAATTCAAATGTTAGAGCTTGAGGAAACGATTGTGGAAAAAACAGGAGTAAAGCTGTGGTTGAGCGTTACGACGATGTAGTTCGTGAATATATCGATTTTGTAAACGAGCAAGTGGGTACCTACATGGATGCTTTGGCGGGATTTGCTGGACACTACACTAGAGTGCAGAGACAAGTTCACCGCATATCGCGACCGGGTTGGAAAGCGTCAAGAAAAGGGCAAAACTGTCGTTGTTTACGCAAGTTACGAAGATCCAAGCAAACCAGGCATCGTTCACAACCGAATCGTCCGCGCTGATACCTATCTTGAAGCCAACTCTCCAGGCGGTTCGAATGAGCAACGCCTTTCCCGAGCAATTGTGATTTTTTTGTTTACTTACTGGGAAGATGAAATACGGCCTCGCCTAGCTGCCGCAAAAAGCATCCCGATCAATGAAATTAAACCTGATATCATGGGTGATCTCAGAATATTGAGACATGCAATCTTGCATGCCAAGAGTAATATTCGTCCCGATGAGCACAGGCGTTTGAAAGTTGTCGGCTCAAGGTTCCCGCCGAGCACTTTAATTCACATTTCTTATGACGACATGCATCAATTGTTTGTACTTATCAAACAGGACTGTGCTCGACTAATATTTTCGTGGCTTGGTGTCAAGGATGGGGCCATATCGCCTGGTCAGCTTGTAGATATTCATATTCAAAGGGTAACAAATGATCTCTAACCAGCCATTGGTGCGGACGTAAAAACGCGCCCCACAGTTAATGGTTAGCGAGGAACAGGAATAAATGGGTCTTAAAATAATTACAGGATTAATTACTGCTGCACCAGCATTGATTAGGGCGATTATTGTAGCAGCAGTAAAGTTACTACAATGAGACTTGGGAAATGGTAACTTTAATTAAATCTGAATATCTGTTAATGCCAAGTCTATTTCCGGGCTTGGCTTTTTTTGTTTTTTGAAAGGAGGTTACCATGTCCACTACCACAAGTGTTAAAATCAAAAAGATACCTACCTATCTATTTCGCAAAATCAAAATCTACTATTTTCGAATCGCCATACCTTCGATGTATGCCAAGCTATCGAACGGACAGAACTAAACTATTCGTTGCAGACACAAAATTTGTAATATGTCCGCGCAAAAGCCATTGTTTTGAAGGTTTTATACAATACCCTATCACAAATATACGCAGAGGCGAGTGGTTCACAATGGCTGAAGTAACTGCAGAAGAAGTCCAAGAGCAAATAAGGGGAAATTACATCAAGTGATTCTCGGCTTGGGCAAATGGAATACCTCTCATAAAAAAGGAACTGAAGCAAAGACTTACAGAGATTGAAGATGTGTTGAAAGAGACTCTTAAAAATTGGTTGTCTTTGGTTACCACAAATGTAGTTTCAATAGAGCTCGAAAACATGTCCATGATTCAGAACTTCAAAAATATGGAATAAGCGCATGTACAAACGTGGAAAACCGCGACGACAGATTCCCTATCAGTAGCGCATGCTACGTACAAATAAGAAGGCTTTCATGATTATTCGGGAGATACACGCCAAGAGTATTCTTACAGCCTCAAAAATTTTCCCCTATGTCATCAACCCATATGTCGGTTGCCAGCATGCCTGCACGTATTGCTATGCCCGATATATGAAGAGGTTCACCGGCCATAAGGAACCGTGGGGTACGTTCGTTGATGTGAAGATCAATGCGGCAGAGTTGCTTCGGAAAGAAATATGTAAGAAAAAGAAGGCGACAGTTTGGATTAGCGGTGTCTGTGATCCGTATCAGCCCTTAGAGAGAAGATATGAACTCACCAGGCAATGTTTGCAGATATTAATTAGCGAAGATTGGCCTGTGGTGATTCAGACCCGCTCTCCCCTGGTTCTCAGAGATATAGACATACTCAGGGGAGCAAAAAATATAGAAGTAGGGTTCTCCATAACGACCGCAGATGAGAGCATAAGAAAATTGTTTGAACCAGCTGCGCCGTCTATACCTGAGCGAATAAACGCTCTTGCGGAATTACATCGGCAGGGAATTCGGACCTATGCGATGATTGCTCCGATTCTTCCAGGTGCGGAAAAATTGATTAATCTGCTGGAAGGGGCTGTTGACTACATCTTGGTAGATCGCATGAACTATCACTATGCAGACTTTGTCTATAAAAAATATGGTTTGGAAGAGTACATGACAGAAGAATATTTCACTCAAGTAAGCCAGCAGATCAGGTCTGATTGCTTTCGTTTGGGTATTGAGTGCTCGGAGTAACCTGTGAGGCCAACGGCAAGGTTACGGCGCACGGTTTTTGGATATGATCTATCCTCAGAAAAAATTATAAAAGTCAGGCCAGTTGCGTAAATCCGGGCCTGACTTTTAGTAAACGCAATAAGTGTATTCGTGTAAAGAGCTTCGCTTACAGTGTTGTGTCAAGTTCAAGTTCAAATAATGCTTCTTTAGGAACTACAATTTGAATAATGTCTTTAAAACTTTTCTTTGATTTTTTGGGGAAATTTGGAATTATCAGGGGGGTGACCTCTAATAGTTCTTTATCTGCCGAATATATATTCAGATTAAACATTACTATCTCATAAGATTTATTTGTGTTGTTTTGAATTTGTCCCATGATCTCTGTAAAATCATCTATTCCAGACTTACGAGTCTTCACCGTTAACAACTCAAAATCAGCAGCAAATACAACTTGGCAAAACGTAAGAAGCATTAGTGCAATAAAAATGATTCTCTTTTTCATAATAAAGTCCTCCTTATATATTATTAGAGATCTTTTATGTGTGTATAAAGATGTATAGGGCTAAGTTCATAAGAAGCTGTACAAATATTTGTAGGGAGTAGCGTTGACTATGTTTGAAGTGTGCGCAAGCATGGAACTATTCTTAGGTTTAAGTACAGCGAAAGATCAAATTCCTTTTCTTGGAG
NZ_CP133089.1_gap21	678525	681910	3385	CGATAGCGTCTGATTCCAGCCTTTTGTCCTGGTCTTTTACCTCTCAGGCGGAGGCCACCTATCGGGCTTGTCGCGTGAAATGGCACGATGCTGTAACAAAAACGGATATTGACTATACCTACGAACCACCGAATGCGCCTAAAGTTGGGCACACTCTCATGGTTAACGAGAGAGTTGAAAATATTGCCGAAGCTATCACGCTCGCCAAGAAAAAGTTACGACTACAAAATAAAAATGAAGTGACAGGAGATATATCGGTTCTTGGGAACGTCAATCTTTCTGCAGGGCTTAACGTAGAAATTTCAGGTTTTGGAGTATTTGATGCGAAGTATGCCATAGATACAGCTTCACACTCGTATTCGCAAGGAAGTGGGTATGTAACCAGACTCTCTTTGCATCGTGTTTTGGAGGGATATTAATGATCTGTGTGGGAAAGGTTTGTTCCATTGATCCAGCGCACTGTACGGTAAGGGTAATCTTCGAAGATAGAAGCAATCTCGTTAGTTATGACCTGCCTGTTTTAGTTCAACAGACGAAGATAAATAAAGATTTTTACATGCCGGATGTTGGAGAGCATGTAGTATGTGTCTTTCTTGACAATGGTTCCGAGCAAGGTTTTGTGTTGGGGGCTTTTTACAGCAAGGAAGATAGAGTTTCTTCCGTGGTTAATAGCGAAAAGCGCAGAATTGATTTCGGAGATGGGTCCTGGCTTGAATTTGACAGAAGCACTGGAGCTTACATAGTTCATATAACAGGTGATTTTGTAATTGAAAGCGAGAAGCATGGGGTTATTAAAGCGTCACGGTTGGATCTGAATCCATAAGGAGGGATATATATGCCAGCAGTTACTCGAATAGGAGACATGGGGACTGGTCACGGCTGATGGCCTTCTCGGTCCTCAGTGGGGGGCTCGTCTGATGTTTTTGTAAATGGAATTGCCGTTCATCGTCAAGGTGACGGCTGGGCTGCGCATACGTGTCCTGACATTCCTGAAACCCATGCGTCTGTATTGGCTTCCGGATCATCGACAGTCTATGTTAATGGAAAGCAGATTGGCCGTGTCGGAGATCCTGTTGCGTGCGGTTCCAGCGTAGCTACGGGCTCTTCCAATGTTTTTGCGGGGGGATAAATATGATAGGAAGTTTAGGACCTGTCGTTTTTCAGGTATCGACAGAGAGTGTCAAAACGATAAACGACCTTGAACGGGGGTGTGAGGCTCGGTTTTCCGAGCATACTGTTGCACAGGGCAAGCCTCTTTTGGAATTTTTGGGGCCAGGGCTCGATAGTGTCAGTTTTTCAATGCGATTCGATCTTTCTTGGGGAATGAATCCAAGGATAGAAATCGAAACTTTACGTGCTGTTCGCGATAACGGAGTTGCTCAACTTCTCATAATAGGAGGAATTCCTCTCGGGCTATTTGTAATAACCGGAATAACGGAGTCGTGGAAAACCATAAATCCTGCAGGAGTTTTAACTGTAGCCACAGTAGCTATTTCTTTGAAGGAGTATGTTAAAAATGCTGGACTTTAATATTGCAGCAAGCCTTGATGGGGTAAATTTTTCCCCGAAAAGTGAAGTCGAGGAGATATTGCAAAACGTTAAAACTATTCTTTTTACTGTGCGCGGGAGTGTGCCTCTCGATAGGGATTTTGGCATTAGTGCTGATTTAGTTGATTCTCCAACTCCTGTTGTGAAGGCGCGGTGTATGGCTGAGATCGTGGAGGCTATATCGAAATATGAGCCAAGGGCCAAAGTGGCGGCGGTCTCTTTCTCGGGAGATAGTGATGGACGTTTAATTCCGAAAGTGAAGGTGAGAATTCGTGCTGACATTACCTAATATAGATTTTACGGAAAAATCTGCGGCTGACGTTGAGGCCGAGATCATAGCGAAATATGAACAAAAGGCAGGCCGGATTCTTGCAAAGGGGGATCCGGTCAGACTTTTTTTAGAGGCTGTAGCGGCTGTTATAGCGCAACAGCGTGTATTTATTGATTTTTCTGCGAAGCAAAATTTGCTGGCTTATTCAACGGGAACCTATCTTGATCATCTTGGTGACAGGCAGGGGGTTGCGCGGCTTCCTGAGCAGTCGGCAATGACCACAGTCCGTTTTTCGTTGCCAATGGCACAACCTTTTCCTGTGTCTATCCCTCAAGGAACTCGTGTTACTCCTGGAGATGGGCTCTTTTTTGCTACGCAGAAAGCCCATGAAATCAGTTCTGGAGAGACTTCTATTGAGGTAGTGGTTACGTGCGTTCAAAGTGGTTCTATTGGAAACAACTTTGCAATAGGGCAGATTAACAAACTGGTAGACCCTCTTCCATATATTGCGAAAGTAGAGAATGTAACACCTTCTGCAGGTGGTGTTGACGAAGAAACAGATGACAATTTCAGACTGCGTATAAGGCAGGCTATGGAAAAGTACTCTGTTGCAGGGCCTCGACTTGCCTATGATTTCTGGGCACGTACTGCACACCAGGGAATAATTGACGTGTCGGTAAGATCTCCTGCTGCGGGAGAAGTTGAAATAAGGCCGTTGATGGAGGGAGGAGAACTCCCCAGTTCCGAAATTCTTGATGCCGTTTTAAAGATTTGTTCAGCTGATGACGTGCGCCCACTGACAGATCGGGTATCGGTTTTAGCCCCGGAACGGGTTGCCTATTCTATTGATATTACATATTTCATAGATCGCGTAGAAGCTATCTCTATTTCTGCGATACAGGCTCAGGTGGCAACTGCCGTAGGGGAATATATTGCATGGCAGAAAGCGAAATTGGGCAGAGATATTAACCCCTCGGCGCTTATCAAGCGTGTGATGGATGCCGGGGCTAAGAGAGTTTCTGTAACATCTCCAGTTTATACGGCATTAGAGTCATGGCAAATTGCTCAGGAAGATAGTGTGACGGTAAATTATGGAGGACTTGAAGATGGCTAGCGCCGGGTTGAAAGACCTTATTCCCGCAAGTATTGCAATAGATTCGCAGGTGAAATCCGCAACTTTAGCGTTAGATGACCAACTTGCTGATATTAATTCTCATTTGATTCAAACCATTATTTTGCCACGGGTTGATGAACTGTCTCAAGAAGTATTAGACCTCTTGTTGTGGGAGTTTCATATCACCCTTGATGAGGGTGCGGGGTTGGCCGTTTCGGTTGAAGAAAAAAGAGATCTTGTTAAAAGGGCTGTTGAGATACATCGTCTGAAAGGAACGAAAGCGGCGCTGCTTCGCATTTTCGAAATGCTCTCCATGCGTGGAGTTATTTCCGAATGGTATGAATACGGTGGGGAGCCGTACAAATTCAAGGTAGAGATTCTTGAGCTTAGCGAGCGTGGACTTGATGAGCAGACCTATGTGCTTTTAGAGCGACTAATAGATGAGTACAAGA
NZ_CP133089.1_gap22	784919	788680	3761	AGAGTAAGCCTTAAAGGCAATTTGCGCACACTCCTTGAGCTTGAATCTGGGAGTAACGACCCCATGGCGATCTTCTTGACATTGGCTGTTCTTCAGGTTATTCAGCAGGGATCTGTAGGATGGGGTAAACTTGTTCCCTTATTTATTATCCAGATATCCATGGGAGCTGCTGGAGGCTGGTTTCTCGGTAAGGTATCTGCGAGGCTCATAAACAGAATAAGGCTTGATTATGCCGGTTTGTATCCTGTGCTTGGAACAAGTATTGTTCTTTTAACCTACGGGCTTGTAGAGAAGATTGGCGGAAACGGTTTTTTAGCCGTCTATGTTTGTGGACTCGTTTTGGGGAACAGCGATTTTATCTACAAACGCAGCCTTCTTCGTTTTCACGATAGTATAGGCTGGCTCATGCAGATCATCATGTTTTTGGTTCTGGGGCTCCTTGTCTTTCCTTCCCATCTTGTGGGCGTTGTCTGGGAAGGCCTTCTATGCGCGGGGTTCCTTATGTTCATTGCCCGTCCGGTGGCTATTCTGCTGACTTTAATAGGAAGTTCCTTTTCTTTAAGAGAGAGGCTCCTCGCGTCATGGGCGGGGTTGCGCGGGGCCGTTCCCATTGTTTTGGCTACATTCCCTCTGCTTATGGGGCACCCACGTTCCAATGAAATTTTCAACGTCGTTTTCTTTATTGTGCTCACGTCAGTACTTTTTCAGGGGAAGACCCTCATGCCGTTGGCGCGGTTCCTGAAGGTGGATAAGCCCCTTCTATCTCGTCCGAGATATCCTCTTGAGTTCGATAAGACAGAGAACGATGTGCGAAATGAAACGCGGGAATTAGATATTTTACCGGGGACCTTTTCAGTGGGAAAAACGATCGGTCAGCTTTCTCTTCCGTCTGATGCCCTTATATTGTTGGTGAGGCGAGAGAAAAACTTTCTTGTTCCACGTGGACAGTTGACCCTCGAACCGTACGATACCCTTCTTGTGTTGGGCGAACCAGATGCGTTGCAAAAAGTGAGAGATATTATAAATAGAAAAGAAGAGCCAGCGGAATAGCGCCGGCTCTTCCACCTTATCGTTTCCACGTTGCAGGAACAAAAAGGATCAGAACTGTGTAGAGTTCAAGTCGCCCAAGAAGCATGCAGAAAGAAAGAACCCATTTCCCAATATTTGGGATAAGAGCGTAATTTTTTGTAGGACCAACCAGCGCAAGACCGGGGCCGATATTACCTAGAGTCGCTGCCACACTTGAGATGGCAGAAACAATGTCAAGCCCCAATGCGGTCATAACAAGACTTGCCAGAGTGAAGATCCCTATATAGAGAAGGAAAAAAGCGGTTATCGAGCCGACGATCTCTTTGGAAATCGTTCTTCCTGCCACTTTAGTATGAACTATGGCTTTTGGGTGAAGCAGACGGAAAAGTTCTGCATAGGCGTGACGTACCAGAACCATAATGCGAAGATTTTTAATGCCGCCGCCTGTAGAGCCAGCACAGCCGCCGATAAACATGAGGATGAGAAGCAGAAGCTGAGTAAATACTGGCCACAGCTCATAATCCGCGGTGACAAAACCTGTAGTGGTGATAATACTTACAACCTGAAAGGCTGCATAACGCAATGCGTCGAAGACGTTGCTGTAAATATCTTTTATCAAAAGTAACGCCGTAATAGCTACTGTACAGCCGAGGCTGATAAAGAAGTAGACACGAAATTCTCCATCTTTCCACCAGGCGTTCCACTTTCCCTTTAAAAAATGGTAGTGCAGGGCGAAGTTGCATCCGGCGAGAAACATGAAGATTGTAATAACCCAGTCGATATAGGCGCTATTGTAATGGGCAACACTCGTGTTCTTTGGTGAAAATCCACCAGTAGCCATTGTCCCGAAAGTATGGGTCAGAGAATCGAAAAGATCCATTCCTCCGAATAGAAGCAGAACAGTCTGCAACGCCGAGAGGAAAACGTATACTCCCCACAGGAGCAGAGCAGTCTGTTGAATTCGAGGTGTCATTTTTTCTGGAATGGGCCCGGGGACCTCCGCTTTGTAGAGTTCCATTCCTCCAACACCGACGAAGGGTAGAATAGCCAGGCTGAGGACGATAATTCCCATGCCTCCAAGCCAGTGTGTCAGGTCTCGCCAGAAGAGGATTCCGCGAGGTTGGGCTTCTATGTTCGTTAGTATGGAGGCTCCAGTTGTTGTAAAGCCAGACATGGCCTCAAAAAATGCATCGGTAAATGTGGGTGCTGTTCCATGAAAAAAGTAGGGCAGTGCCCCTATGATAGAAGCGGTTACCCACGATAGGGTGACGACAGCGAAGGCTTCACGTATGCCGAGATCTTGAAAATTTCCACGTTTTCCCCAACCGTAGAGAAGCAGGGCAACCATGAAACCGACAGCAATAGACATTACAAAGGCTTTTGCATCAGTGCTTCCGTCCATAATGGCCCATGAGAGGGGCCAGAGCATGAAGATAGAGATCATGGAAGACAGAAGGGCGAGAACTCGCGCTACTAGACGAAATTTCATGACTTATTTCACTCCAAGTTTTTCAACGGCAATAGGCATCAATTCAGAAGAGGCAAATATGGTTACGAGGTCTCCTGCATGAATAATCGTATCTCCCATAGGAACAAAGACTTCATTGTCTCTTCGAACGAGGGCGATCAGTATTCCTTTTGGAAGGTCCATCTCTGCCATGGTGAGGCCAGAAATGGCGCTTGTTTCCGAAATATGGGCTTCAAGCATCTCTGCATCTATCTTATCGAGAAGCGAGAGTGTTCCGGCTCCAGATGGGTAGCGCACATTGCTCATAATAACAGAGGCAAGGGCCTGGTTAGGGTTGACCATGGCATCGACGGAGATGTAGTTATCGAGGTGCATGTACATCTGACGTCGCACAACGGCAATGGCCTTTCTGGCTCCTAGAGCTTTGCCAACGACGCCGAAAAGGATATTGGCTTCATCGCTTTCAGTGGTACAGACAAAACCGTCGGCATCTTCCACGCCTTCATGTCTGAGCAATGTCTCATCGGCGCCATCTCCGCATAAGACGAGAGTTCGCTGCAACTCACTGGCGATTCGTTCGCACTTTTCCTTGTTGCGGTCAATAAGACGAATATCTACGCTCTTATAGTGTTTTTCGAGGCGATGGGCAACCTGATAGCCCAGTTTTCCGCCTCCGATAATAAAGACCTTTTTAAGGGGAGTGCTTTTCTCTCCGCTGAAAACTTCTTCCAACTGCCACACCTGGTCTTTTCTCGTGACGGTAAAGCAAATATCCCCTTCTTCCAGAATATTGTCTCCATAGGGAACAAATCCTTCCCCGTTTCTTTTTACATAGACAATAATGGCGGTAACATGAGGATATTGAATACGAAGCTGTTTAAGGCTGAGTCCCGCAAGGGGGGATTTATGGGCGATGGGAAAAGCATAAATACCAGCTATCCCTTCGAGCAACTCTGCTGTCTCCAGAGCGGAACTGACGGAAAGCAACTCTATAATCTGACGAGCGACAGACCGTTCGGGAGAGTTCATAACATCTATGCCAAGATCTCTGGCCCATGTGGGGCTATCTGTATATTCCAGCCCGCGAGCCCTTGAAATGACACGTTTAACTCCGGCCCTTTTCGCTATCCAGCACGCCATAATATTGACTTCGTCGCGATTGGTACAGGCGACCAAAATGTCTATGGAACAGCCGCTCTTAACTCCGGCTTCTTCAAGAACGGAGGGACGAGATCCGTTTCCCCGGATCGTAATAACATCAAGC
NZ_CP133089.1_gap23	843462	847552	4090	TCCCCAGGGGCAGAAGAAGCTGCCATATTTGACAAGTTTATAGAGCTTATGGAATCCATCGGGAAACCTTACGATGCAATTGTTTTTGATACGGCTCCTACAGGGCATACCTTGCGGCTCCTTACGTTGCCCGAAATATTAGGAGTCTGGATCGAGCATCTTATAGAAAAACGGGCCAATGCCATGGAACTCATGAAGGTCGCTGCTAAATACGACAAAGAATTGCAAGAAAAAATAAAAGAAGATCCCATAATAGAAACCCTGCAAAAGCGACGGGATAAATTTACCTTAGCTCGAAAAATCTTGACTGATCGTGAAAATACGGCTTTTTACTTTGTGCTCAATGCAGAAAAACTTCCGATTATAGAGACGAAGAGGGCCATAGAAATATTGCAAAAGCACAATATTGGTATTGGCGGTGTTGTCGTTAACAAGGTTATACCGGAAGAAGCGGGGCCTTTTTTTGAAAAACGCCGCATTGCTCAGGAACAGTATCTTCTCCAAATAGATGAATTATTTGGATCTTTGGGGGTAACCCACGTACCTATGCTTGATTCGGATATTCAAGGTCTTGAACAGCTTAATCAGATAGGTCCGTTTATTCTCAAGCTCGATGAAATATAATAGAAATTGCTATGATTTGATGTAAGATAAAGCCAGTTCTTTTAATTCGGGGATGATTTTAGATATCCATTGATCGTCGATATGTTTATCAAACGAATCGACTTCAATTACTCGTCCCCAATGGTAAGGTGCATCTGTAGCGGGAAGCATGGATCCGTTATAGATGACATAATCCTGATAGATAAGCCATGTTAAAGATTGATTCTCAATAATTCCGCCATCGACCTTATTGAGATTTTCATCATATTTTTCCCAACGCTCTGGCCCATAGGTATTTCCGAGAAAAATAAAGGCGCTTCCATCTTCTTTTAGAGCGATAAGAGAATGTTTTAGATTTGAATCTATAAAAATATGGTGAATTCCCCAAAAGGGAGGATTAAAAACAGTGAGCCTCTTAGCGCGGCTCCACTCGGTGACTTTATGTGCATCACGTGCTCTTCTGACAATGTCACTTGCTGAGAGGGGAACAGTAGATTTCTTTTGAATTCCAAAGATACGAAGCAGTTTAGATAGCATAAGCAACGCTCCTTTCTTCTTTTTTCGGGGGATATTGTAACATTTTTAAAAGAATAAGGGACAGATGGGGAGTGGTAGAGATGATATTTGATACTTTAAGTAATGCGTCGACATATTTTTGTTTGGGAGAACGTTTCAAAAAAGCTTTTGATTTCCTCGAAGATTTAAAGGTCGTTGCTCTTGAAGATGGGAAGTATGAAATTGAGGGAACGTCTATATTTGCTATTATTCAGTCTTCCACGACAAAGCCTAAAGAAGCTCAAGTATGGGAAGCCCATAAAAAATATGCAGACATTCAATGCCTTCTTTCCGGTTCGGAATGGTTAGGCTATGCTCCAATAGAGACAATGAAATTAGCTCTCCCTTATGATGACGTGCGGGATTTTGCCTTGTTTGATGGGGAAGGGGCCTATTTTCAGACTCACCCCGGTTGGTTTTCACTCTTTTTCCCCCATGACGTACACAAAGGATGTGTTGCTCTCAAAACCCCGAGTCGCATTAGGAAAATAGTTGTAAAAGTCGAGATGGGGTAAAAGAAGAGGAGTAAAGACAAAGGAGGGAAGACTATGTTTCGTGTTGCCTGCGTGCAGATGGACGCTCGAAATGTGAGCCAATACGAGCAGACAGAACGAGAAATACTACAATGGATCGATAGTCTGTGTAGTGAAGAGGATGTTGATCTTATCGTCTTTCCTGAATGTACTTGGCCCGCCTATTATCTTGGCGAAAACGAGGAAGCCGCTGCATTGGCCTTAAAGCATACTCATGCAGTGATAGAAGAAGTGGCGAAACGAGCAGTTCATTATGGCGTCCACATAGCCATGGGACTCTACGTGGAAGAAGAGGGAACTTTGCGAAATGCTGGAATTCTTTGGGGGCCGGAAGGTGAAGAGCTAGGACGGGTTTATAAATCAAATCTTTGGCACTTCGACGAGAAATATGTCAAAGCAGGAACAACTTTCCCTGTCATGAAAACTCCCTTAGGAAATTTGGGAATGATGATATGTGCCGATGGAAGAGCTCCTGAAATAGCGCGTATAATGACTGAAAAAGGTGCGAATGTCATCATCGATATGGCAAATCTCATGTCTTCAGCCTCCGACCCGGCCCTTTTGAATAATCCTCAAATCGAGTATATGCTTCCGACACGAGCGTTTGAAAATGGAGTTTGGATTATTCTATGCGATAAAGCAGGCCTTGAATCTTACACAGCCATGAATACGGGCAGAAGCTGCGTTATCAATCCGTTGGGGCACATTGTCGGAGAATCTCCATCAGACACGAGTGAAGCTCTTATTGCCGTAATAGATACGGAAATGGCGTCATTTCCTCTTCCAGAGAAAGGAAACAGGTGTTTTTCAAGATTAATAGACCCAACGGAAGATTTGCCAGTTACTGCATATATGAAAGAACCTGTATGTTTGCCTGATTCTGGCATCCTTTCTTCTGTGGCGTATTTTTCAGCAGAAAATATGGAACACTATATTGCCACAGCTTCACGAATGATTCGCATTTTACAAGATCAGGGTTCATCTCTTATTTTGCTGCCATGTTGTGGAAAAAATGAAGATGTAGATAATATAACTCGCCAAATTCGACCTTTGCTGAATCCAGATGTGGTTGTATGTGTAAGTGGCTCTTTAGATGCAGACGGCCACAAAAAAAAGGCAGCTGTAGCTTTTTCGCAAAACAACACGTATGGTCCGGTTTTCTTGGATAATTCATGCCGCCCTGATATTTTTTCTACAGAAGTGGGACGTTTAGGCCTCCTTATTGGAGATGAAATGTTTCTTCCTGAAGTTGCAAGGTGCATGATGTTGGATGGGGCCCAGATGCTTCTCTGGTGCGATTCAAGACGTTATGCCATGACTGAAAAAGTGGCACGTTGTCGTGCTGCCGAGAATAGGGTTTTCCTCATGCGTTCAGGAACAGGAGAAGATGAAGATAACTCTTTTATTGTATTGCCGACAGGAGCGATTAGTGCCGCTACTGTTCCAAAAGTAGAACAGGCAGTCTCAACATATTGCCTTTTGGCAGAGGCATACAGCAAAACGGTAGTGCCGGGCACAGATGTTGTAAGAGGAAGAATACCTTACGTATATAAAGAATTGAAAAATACGCACCGAAAGGAAGATTTATAGATTGCACTTCGATGATCCTGACATTTATTTTATGAAGCAAGCTCTCGAGGAAGCCAGAAAGGGCGCTGAAAATGGAGAAGTTCCAGTAGCAGCTCTTGTAGTTTATGAAGGCCGCATTATAGGTATAGGAAAAAATTACAAACATATAGATCCTACGGCACATGCGGAGATACTTGCTATGCGTGAAGCCTCTCAACATTTGAAACGGTGGAATTTGAACGGCTGTACTCTCTATGTAACCTTGGAACCGTGCCCCATGTGTGCCGGAGCCATTGTATTAGCGCGTATTCAACGTTTGGTTTATGGTGCCTCCGATCCCCGTGCTGGAGCGTGTGGAACGCTATACAATATCGTTCAGGATTCTCGGCTCAATCATAGATGTGACATAAGAAAGGGAGTACTTGCTGAAGAAAGTTCTGAACTCCTTTGGGAGTATTTCAAGAAGAGGAGAAATAATTCTAATAAAGTAAACTCATAATCTTCCTTGCCTGCATACCATACCTGCCATTGTACTATGATATATTCGCAGTATTAGAGTTTGAATTAACTATAAGCATATTGTATAATATATGTGCTTGATTAATTTTAATGTTACATAGAAGGAGGACTTACTATGGACTTGAAAGGTTCTAAAACCGAAGCTAACTTGAGAGAAGCATTTGCAGGAGAGTCACAGGCTAGAAACAAGTACACCTACTATGCCTCTAAAGCCAAAAAAGAGGGACTCAACCAAATAGCAGCCCTTTTTGAAGAGACGGCTAACAATGAAAAAGAACACGCCAAAATTTGGTTCAAATTGTTGCACGACG
NZ_CP133089.1_gap24	871696	875693	3997	GTGAAAGAGCGTTTGCAGACTATTGATGGTGTTGGTAGTGTTGATACTATAGGACTTCGCGAACGTGAAATACGAGTTTGGCTTGATCCTGCTCTTTTGGAATCACGTAATTTAACAGTTAAAGACGTAAAAGATGCCATAAAAGATAAGCACGTTGAACTTCCTGCTGGGCGTCTCGAATCTGACCGTAGAGAATTGAGCATACGCCTTGAGGGTGAATATGGGTCTGTTGAAGAGCTTGAGCAACTTCCTATAGTTTCACGACACGGGGCTGTTATACGTTTACGAGATGTGGCCAGAGTCGAAGATGGATACGAAGATGTGCGCTCTATAGCGACGTATAACGGGAAACCGGTTATACTTCTTGAAATCCTTAAGCAGCGAGGAGCAAATGAAGTTGCTTTGGCAGATGGTGTGTATAAGGAACTTGATTCCCTCAAAAAACTAGCTCCATCAGATGTCAATATTGAAGTCTTGTCTGATACTTCTTCATTCGTTCGTAAATCTATGGCCGGAGTCGGAAGTGATACTCTTATAGGTATTGGTCTTTGTTCTCTTATAATGCTTTTCTTTTTGCGAACGATGCGGGCAACCTTTGTAACAATTGTAACAATTCCAGTCTGTTTGCTCGGTAGCCTTATTATTCTTAAGGGGCTTGGCGTTACGATTAATAACTTGAGCATGATGGGACTCTCTTTAGCTGTAGGTATGGTCGTTGATGCAACTACAGTTGTTCTTGAAAATATTCATAGGCACCTTGAAAATGGCAAATTACCCATGGAAGCGGCATCACAAGGAACGAGCGAAGTAGGTTTTGCCGTTTTGGCAGGAGCTGCGACGACAATATGCGTTTTTGCCCCTGTCGCATCAATGGGTGGCGTTATTGGTCGTTTCTTTTATGCCTTTGGAATCACAGTTGTTTTAACTATTGCTATTTCACTTGTTCTATCTTTGACATTGACTCCCTTTTTATGTTCAAGAATACTCCGTAAAGATCGTCCTGGAAAAGTAGCTCTTAAAATTGAAGCTTTTCTGGAATGGCTGGAAAATACCTATCGGAAGTGGCTGGGACGTTGTCTGAGACATCGATTTATTGTTTTGGCTGGTGCAGTAGGTATCTTTGCTTTAGGTATCTTTATGGCAGGATTGCTGGGCACAGGGTTCTTCCCAAACGAAGATAGAGGCGATTTTGCAATCAGGTTTGAGCTTCCAGCTGGAGCATCCCTTGATGAGGGCAAAAGATTTTTAGACGAGATTGGTGAATCTGTTCGTCTCTATCCTGAAGTTGCATATACCTATGGGACCATAGGTTCAGGGATGGGACAAGAGGTAAACAAAGGAAAACTTAATGTTACATTGGTTCCGAGAAATAAACGCGCTTCGTCTACGGAAGTCATGGGAAAGATGAGAAAACAATTTTCTACTTATAAAGATGTTCAACTTACATTTGGTACGTGGGGATCTGATATTAGTATTACACTTGTAGGTCAAGATACCGAACAATTAGATGCTGTAGCTCAAAAGATGAAGAAAGATATTGAAAAAGACGGTCGCTTAACAGACGTTTCTACTGACGTTCGACTTGATAGCCCCAGAATTAATGTAGAAATAAACAGAGGGCTGGCAGATGAATTGGATGTAAATGTTCGAGATCTTTCTCAGGAGATACAGGCTTATTTCGGCGGAGTCAAATCGGGTGTTATGAAAGATGGTGGGTATCGCTATGATATCCGTCTGAGAGCAGAGGAAGAATATAGGCGTAACATCCAGGATATTCAGAATATAGCTTTTAAAGATGGAAATGGAAATCTCATAAAAGCGCCAGGTCTTGTTAAAGTTAAAGAGGGGCAAGGTCCTACTCTTGTAAAACGTTATAACAGGCAACGTTCTTTAACAATTACTGCGAATGCAACGGGAATTTCTTCAGGTGAAGGTGTAACTCTCGTAATGGATTCCTTTAAAAAATATGCACCTTCTGATGGCAGTGTTCGTGTTATTCCAACTGGCGTTTCGAAGCATATGAAAGAAAATTTTCAAGAACTTTTCAAAGCTCTTGCTATTGCCATTATTTTGGTTTATATGGTTATGGCAGTACAGTTTGAATCTTTCATCTATCCTTTAATGGTTATGTTTTCATTACCCCTTGCAACGACAGGTGTTTTTGGAATCCTCTTAGTTACAGGCATGGACTTAGATATGATGAGTTTCATGGGAATTATTTTGCTCGTCGGTATTGTCGTAAACAACGCCATTATATTGGTCGATTTTGCTAACCAACGCCGAGCTGCTGGTTATGGTCGATTGGAAGCTATGCAAGAGGCTGGACCTTTACGCCTGAGGCCAATACTTATGACAGCGCTCTCTACATCTATAGCGGCTATTCCCATCGCCTTGGGGCTCAGTGAAGGCGGAGAGATACGACAGCCCATGTCTACAGCTGTTATAGGAGGAATGCTTACATCGACATTCCTGACACTGTTTGTAATTCCGGCAGTCTACGTTATTTTAGGTGATGCCAAAGAGAAAATAGCGCAGATTATTGTACGTTTGACAAAAAAGTCTACGGTGACGAGTATGAGTGGAGGGGAAAAATGAGATATGCAAAAAGAACAGCTTTAGTTTTTATGCTGCTATTGTTAATGGGGCAGATTGGATGGGCAGCCTCTGAGAATAGTATGGTCTTGACATTAGAAAAAGCACTTTCTATAGCGGAAGAGCAAAACTTGGATATCCTCTCAGCTCGCCAGGAACTTATTCGTGCTGGAGGAAAACAGGTAGAGGCAAAAGCCGGAGGACTTCCTTCATTAGATGCTGGGGCTACCTATACACGTAGAGAAAAACCTGATGCTGGTTCGGATGAAGAAAATGTAAATACTGCTTCTTTAACACTAACTCAACCTATATATCAGGGCGGACGGATCACGGCAGCAAAGCGTCAGGCATCCATAGAACAACGGCAAGCTGAGTTTTATTACAAAGAAGTATTTGAACAGGTTGCTTTGAATGTCTACAATCGTTTCTATTCCGTATTGCTTGAGAAGGAAAATGTTAAGACAGCTGAGGATGCACTCCTTTTTGCGGAGAAATATTTAGAGGAAGTCAAAAAGAAGAGAGCCTTGGGCTTAGCGACAGGATTAGAGATTACACGTGCGGAGAAACAGCTGGCTGAAAATAGAACGGGCTTGATCCGTGCAAATAATAATTTGGAAATAGCTAAAATAAATTTGCTTGAATTGCTGAATATACGACCGGAAACATCATATGAAATAGAAGGGGCGCTTTCATACAATCCTATTGAAGGGGATATGGAATCCTCTTTAACGAAAGCTCTTTCGTCTCGTGCCGATTATCAACGAGCAGAACTACAGGTTAATGTTGCCGATCAGCAGATTGAAATAGCGAAAAGTGGCATGAGGCCATCTGTATCAATAAAAGGTACATATCGGTATGATGACCCTGAACAAACTCTTTACAATAGTAAAGATACATGGCAGGCAAGTATCAATGTTGATATTCCTGTTATGGATAGTGGCCTTACGCATGGTAGAGTTGTGCAACAGAAGGCTGTGCGAGAACAAGCTGTTCATGCTGTAAACAAAAAGGAAGAGAGTATTCTTACAGAAGTAAATAGTGTTTATCTTGATTTAGAAACGGCATCGCAGGTTGTGGAAGAGGCTCAGATCAACTTGGAACTCGCAAAAGAGACATTGCGCTTGTCTGAGGTGGGATATAGAGAAGGGGTAGGCATTCAATTAGATGTATTGGATGCACGGGCTTCTTTAACGAATGCTCGTCGAGAGTACTCTTCTGCTGTAAAAGATTATGCCTACGCTATAGTACGTTTACGCAAGGCTGAGGGCATTTTAACTGAAGAACCAGTTCTTCCTTAAAAAGACTAAGGAGTGATTCAATAGTGCGGTCTACAAAAAAAATACTAATTGGCGTTATCGTTATCCTTCTCGGTGCCGGCTTCTTTGTTTTTGGCCCGTTGAGAAAT
NZ_CP133089.1_gap25	908754	912907	4153	TTGAGCGTTTTGAAGACTTCCATGGTAAGAAACCTGCCTATAAGACCCTTGTTATGCGTTCTATTACAGAGCCCACAAGCCGTACAATCGAGCTTGAGAGCGGAGCTGTAGATATCGCTTATCAGATCACAACTAATGATATTAAGAGAGTTGAAGAGAACCCTAACCTCAAATTGATGAGAGTTATGGATAACTCCACATCATATCTTGGCTTTAACTGTGAAAAAGCTCCTTTCGATAACGTGAAAGTTCGCCAGGCTATCAACCTTGCTATTGATACAGTGGGTATTAACAAAGCTGTCTATCGTGGAATAGGACAGGCTCCAACTGGACCAATTGCTCCCAATGTAAAATACTTTGATAAATCACAGCCTGTACATGAGCAGGATATGGAGACAGCTAAAAAGCTTCTTGAAGAAGCTGGCTACAAAGATGGATTCAAAGCTCAGATCTGGACAAATGACAAGAAAGAAAGAGTTGACATGGCTACCATCATTCAGAGTCAGCTTTCTGAGATTGGCATTGATGTTGAGATTAAAGTTCTTGAGTGGGGAGCTTATCTCGATGGTTTGAAGGCCAAACAGCATGATATGTTCATCGTTGGCTGGGTTTCTACAGTTCCAGATCCTGAATTTGCCGTTGGTGGCGTTTTCCACTCTTCCATGAAAGGTAAAATGAACTTCTCTTTCTTTGGAGATCCTAAAGTTGACGAACTTATTGAAAAAGGTAAAACTCTTCCTGATGGTGCAGATCGTGAAGCTGTGTATGTTGAATTGCAGAAAGAGCTTAATGAAAAACGCCCCTGGGTTTACCTTCTCAATGATGAGCAGATCTGTGGAATGCAGAAAAATGTAAAAGGATTCAGACCCAGTCCCAGAGGATATCACGAGCTTTACAACGTCTATTTTGAAGACTAAAAGTTCATGGTGGTAGTGCCTCGTTATTGTTATTTCTTAAGTTTTTGAGTTTAAATTAATGGTTGCAGGAGCTGAAATGTTCCTGCAACCATCGTGTTTCAGGAGGAAAACGGATGCTCAAGTATATTTTTAAGCGAATTATATCTCTTATCCCTGTTCTTATAGGAGTCGCTTTCATCGTCTTCTCTCTGCTTTATTTCACGCCTGGTGATCCGGCCAGAATGGTTCTTGGTGATATGGCTACAGAAGAAGCTCTTCAGGCGTTTAGAGAGACAGAAGGGCTAAATGACCCCTTTATTGTTCAATTTGGCAGATATCTGTATAAAGCGACTACTCAAGCAGATATTGGCCGTTCATATGTGACCAAAAGACCTGTAACAAACGAAATAATGACAGTTTTCCCAGCTACATTGAAACTTGCTGCCTTTTCTATGTTTCTTGCAGTTATTTTTGGCATTCCCTTCGGAATAATTTCTGCTATAAAACAATACTCGTGGTTTGATTCGATAACTATGATATTTGCCATGATTGGAATATCCATGCCTGTCTTCTGGTTAGGTGTTTTGCTTATACTTTTCTTCTCAGTTCGGCTTAATTGGTTGCCATCGTCAGGATTTGGAACTTTTAGTGCCATGATCCTGCCTTCTATTTCATTGGCTGCACAAGGAGTAGCAATTGTTACTCGTATGACACGTTCGACGATGCTAGAGGTTATACGACAGGATTATATTCGTACCGTACGAGCAAAGGGCCAAAAAGAATCACTGGTCATTTGGCGTCATGCTTTGCCGAATGCCTTGATTCCCGTTATCACAATTGCTGGTATTCAGTTTGGTCAGCTTTTAGGCGGAGCTGTTTTGACAGAATCAATATTCTCTATTCCTGGAGTTGGGCGTTTGATGGTAGAAGCTATTAAAATGAGAGACTTCCCAGTTGTGCAAGGTGGAGTTTTGTACATTGCCGTAGCTTTTAGTTTGGTCAACCTCCTTGTGGATTTGATTTATGCATGGATCGACCCGCGCATAAAAGCTCAGTACAGATAATCGGAGGGTACACGATGAGTCAGATGAAAAAGAGAAAAATGGGGAACTTCGGAGAAATTATGCGTCGTTTAAAGAAGAACCGTCTTGCCATGTTTGGTTTAACAATAGTTGTTCTTCTCTTCATTACGGCGCTCTTTGCTGATTTTATTGCTCCATACAGCTATGCAAAGCAGCATTTAAGCGATGCCTTCCAAGCTCCCAACAGTAAATATATTTTAGGAACAGATGAGTTTGGTCGTGATATTTTCAGCCGTATTGTCTATGGATCTCGAATTTCCTTACAGGTAGGATTTATAGCAGTTGGATTGGCTGTTGTCGTTGGTGGCTTCTTGGGAGCAGTATCCGGCTTTTATGGTGGAAAAATTGATAACCTTATTATGCGGGCAATGGATATATTGCTTTCCATTCCTCAAATTCTATTGGCCATTGCTATAGCGGCATCTTTAGGGCCTGGACTTTTCAACCTTATGATTGCCGTAGGTATTTCCTCGATTCCGAGCTATGCTCGAATTGTGCGCAGCGCTGTTTTGTCAATTCGCAACCAGGAGTTTGTTGAAGCAGCTAAAGCGATGGGATCAAGTGATTTTAGAATTATTATGAAGCATATCCTGCCAAATAGTATGGCACCCATTATTGTTCAGGCAACTTTAGGAGTAGCTTTTGCCATTTTAACGGCAGCTGGTTTAAGCTTCATCGGGTTAGGAATTCAGCCTCCCATGCCAGAGTGGGGAGCCATGCTTTCGGGAGGACGAGGTTATATTCGTGATTATCCATATATGACCCTTTTCCCTGGTTTGGCGATTATGATTACCATTCTTGCTTTGAATTTCCTTGGTGACGGTCTTCGCGATGCCTTAGATCCGAAATTAAAGCGTTAGAGTAAGAGAGGGACGTTTTATGACAGAAAAAAAAGATTTTTTACTGGATATACAGAATCTTACAGTTCATTATGAAACTGATAGCGGTGTCGTTCATGCAGTTGAAGGATTGAATCTTCAGCTTGGACATGGTGAGTCATTGGGTTTTGTCGGCGAAACAGGAGCAGGAAAAACTACAACCGCTTTAGCGATTATGCAGCTTATTCCAAATCCCCCCGGAAAAATTCTTAATGGCAACATCATTTTTGATGGCCAGAATTTAAATACATTGAATGAAGAAGAGAAACGCCACATTCGAGGTGGCAAAATAGCAATGATTTTCCAGGATCCCATGACATCTCTTAACCCTGTCATCCCTGTTGGAGAACAGATTGCTGAAATGATTGAATTGCACCAGAACGTAACAAAAGATGAAGCTTTTAAAAAAGCAGTTCAAATGTTAGAACTTGTGGGAATCAGGCCGGAACGTGCGAAAGATTTTCCCCACCAATTCAGTGGAGGAATGCGTCAGAGAGTGGTTATCGCTATTGCTCTAGCATGTGATCCTACCCTTCTAATAGCTGATGAACCGACAACAGCTCTAGATGTTACTATACAGGCTCAGGTTTTGGAACTAATGAAGGAGCTTAAGAAAGAATTCAACACTTCCATGATCATGATTACCCATGATTTAGGAGTTGTGGCTGAGATTTGCGATAAAGTAGCCATTATGTATGCAGGAAGTGTCGTGGAGTATGCTGATACGCGTGTTCTTTATACGAATCCGCTGCACCCATATACCAATGGCCTTTTTAACTCTATTCCTGATCTTGATGAAGATGAGGAAGAATTGAAGGTTATTCAGGGACTAATGCCAGACCCAACGAACTTGCCTTCTGGGTGTACATTCCATCCTCGATGCCCTCTGGCTCAACCTGAGTGTTCACAAAAGAAGCCAGAAATGATCGAGATTGAGCCTGGACATTTTGTAGCGTGCCCCGTTTGTTGCAACGCTTTTGTGAAGAAGGGGTAGGAGGAAACAAGATGAATGGAAGCAGAGAAAAATTAATTGAAGTCAATCACTTGAAAAAGTATTTCCCAACAAAGAAAGGGATGCTTCACGCAGTAGACGATGTGTCGTTTTTTGTTTACGAGGGGGAGACTCTTGGATTAGTTGGGGAATCTGGATGCGGTAAATCAACATTGGGACGCGTTATGATCCGCCTTCTTGACGCTACTGATGGAGAAGTTATCTATAGAGGGGAAAATATTTTAAAGTACAACAAGAGACAGATGAAAGATCTGCGAAAAGATGTTCAGATTGTTTTCCAAGATC
NZ_CP133089.1_gap26	1010298	1014324	4026	GGCAATGGATAGAATTAAAAGATCTAGAGGGCACTTGGATCGTATAGAGTCAGAAACGCAAAAATTTTTATCAAATGTTTGTTCTGGTTATAAGGAGCTATCAGCACGATATCCAGAACGTATAATTCGTATTGATGGGGCGCAACCGATAGAAGACGTTTCACTCCAGATTTGGAAGGCTGTGGAGGTGTACTTTCTCGGTGAAAGTAAAAAAGAGTTCTGATAGAAAATTAGGTACTGATTTTGGAACCTTTTCTTCATCACGTCATCGAGTATCTCAAAGAGAAGACGTTAATTATCCTAAGTTCGACGATTCTTTGGAAGCGGCAGAAATACACGAGCTTCTGAACCGTCTCGATTCTCTTGGCGATAAATTATCACGTTTCCCTTCAGAAACCATATTGCGAGATTATCGCAATGTTGTTGGAGAACTTCTTAAAAGGGCGACTGGTCGTTTACGTTTAAAAAAAGATCTTCGTTGGAGACGGTATGATAAAAATATATTTGTACTTATGGAAAAAACAGAGTTTGCCCTTCAAGAATTATCTGTTGTTTTTTTAAGGGAAGGAGAACGAACACGTTCTCTCCGATTAATGGAGGAAATTAAGGGATGCCTGCTCTCCCTACTTTTATAACATCAAGCCTGATGTGGCTTGAACTGAAAAAAGCTTTAGAAAAAGATAGCTTTCCTCAAAGTTTATCTTTGATGGCGCCTAAACAGTACCAAAATGATATTGTTTTGGCAGTCGCTCGTTATATTTTGTGCGAAAATAAGAATGCATGCGGCGAATGTCTATCATGCCGATCTTGGCATGAAGAATTGCATCCTGATCTCATACAACTTGGCTCACTGGAGAAAGCGCCTGGTATAGAAGAATGTAGAGAGGGTGTAATGGAACTTTCCTTATCGCCAGTTGTGTCTTCTCGACGACTTATCGTTATTTACTCAGCGCATGCGCTCTCTCTTCCTGCAGCGAATAGTCTGTTGAAGATCGTTGAGGAGCCGCCAGAACGCGGAGCAATCATTTTTATGCGAGAGGCCGAAAACTTTTTGCCAACATTAAAAAGCCGATGCTGGAATCTTTCTGTTGTTGAGGAAGAAAGTGTAAAACAGGAAAAAATCCCAACTTCAGAAAATGAGTGGAAGAAATGGTTCGAACGGACATCTTCTATGTCTGCGGAGGAAATGGATAAGCAGCTTTTATCTTGGGAGGCCTGGGCTTTTGAAGCAAAAGAATTTACTTTGGCCTCGCATATTGATAAATTACGTCTTATAAGTGAAAGCCGAAAGTTATCGGCAGGAATGATGATTGATTTAATTTTATTAGCACTCAAGGAGGGTTTTTCTTTTGAGTATGTATTTGACAATCTTTGGTAAACCGCGATATCTGGGTTTGGTCAATATAGATGGAGAAACTGTACACCCTGAAAAAGGAGAAATCATTGTTGCAGAGACAATGAGAGGACTTGAACTCGTTGTCGCCGGAGGAACTATTTCTGGAGAGCAAGAGGATCGCTATAGAAATACATGCTGCGAAGATCTCTCAGATGGGCAACCTAAGGGTGGGGAACCCATGCTTCAGAATATCTCTTTTATTCGAATTGCAACACCTGAAGATATGTTAGCGGCCCAGACCCAGCGAAATGAAGAAGAATCCGTTCTTGTTAAAGCTAGAGAGTTACTTACGCAACATGACCTTCCCATGAAGTTGGTAGATGTAGAGTATTTGCTTGACCGTAAAAAACTTTTCTTTTACTTTACTTCAGATCAAAGAGTTGATTTTAGGGCGTATGTCAGAGATCTTGCTCGTGAATTTAAAACTCGCATTGAGTTGCGCCAGATTGGAGTGCGAGATGAAGCCAAGACCGTAAGAGGATTAGGCCCTTGTGGAAGAGAATGTTGCTGTGGATATTGGCTTCATAAATTTGATCCAATTTGCATAAAAATGGTGAAAGAACAAAATTTAGCATTGAATCCTACTAAAATTTCAGGTGTTTGCGGACGACTTATGTGCTGCATGGCTTACGAACATAAAATGTATGAAACTCTTTGGAAAGACCTTCCAAATCCCGGTTCAAAAATAAAGGCTCCACACGGTTCCTTTGTTATTGTAGGTGTTGACCTTGCCCATGAAGCTTTTCGAGCAAGAACTCCAGAGGGAGCAGAAATACTTGTTCCCGTAAGGGAGTTCGAAAACTTTAAAGAAACGGTACTAAGAGGCGACACATGGGATGCATCGATTTGTGAAACTCCCCCTCTTTTGTTAGATGAAGAGGAAGTTGACGAAGTTGATGAGGGAGGAACAGAAGAGTATATCCTTGAAGATGAAACATGTGTCCTTGCAAGTGTTGTCACTGATTCTGAGAGCTATGAGCAGTCTTCAGATATTTCAGAAAACAATGAAGATAAAAAGGAACACATTAAGAAAGAAAGAAATGAAGCAAGTTCGCGCAATAAAAAACGGAAAAAACGGAAAAAGAGACCGCCACAACAACAAAGCACGGAGAATAAACCACGTGTTGGTGACGATCGTGCACGACCTCGAAGGCATTATCCTCGAAAAAAACAGCGTGACGATGTTCATAAAACCAAAGAAGAATAAGAAAAAGTGTGAGGTGTAGCTAGATGTCTCTGTGGAATAAGTTAAAAGATAGCCTGAAAGAAGTAAAAAATCGTTGGAGTGGAGGATTGGTTTCTCTTTTTTCAGGATCGACAATAGACGAAGAGTTTTGGGAGAGTTTTGAAGAACTTCTCATTTCTGGTGATGTTGGCATCGACTTGACAGAAGAAATAACAGCTGATCTTCAGAAGACAGTGAAACGCGAAGGTTTAAAAACACCAGATCAGCTTACAGAATATTTCATTGCTAATATAACGGAACGCCTTGAAGCAATTGAGGGAATGGGCAAGGAGATAGAAATAAATTCTTCACCGAAGATTATCGTTCTTGTAGGTGTTAATGGTAGTGGTAAGACTACAACAGCAGCTAAACTTGCAGAACAATTTCATAGGCAAGGGAAAAAAGTTGTTTTGGGAGCAGCTGATACATTTAGGGCTGGAGCTATAGAACAGCTGAAAGTGTGGGGAGATAGAACTGGAAGTCGCGTTGTAGCACAACAACAGGGTAGTGACTCTGCCGCAGTTGCCTACGATGCCCTTCAATCTGCCAAGGCATCCAATGCCGATGTTGTAATCATTGATACAGCGGGCCGTCTTCATTCAAAACATAATCTCATGGAAGAACTCATTAAAGTTGTACGAGTTCTTGAAAGAGAAGTCGGTCGGGATTCTATTGAAAACCTTCTTGTTTTAGATGCAGTTATGGGACAAAATGGCTTTGCTCAGGCTGAGACTTTTAATAAAGCATTAACTTTAGATGGCGTTGTATTGTCAAAATATGATAATACAGCGAAGGGCGGAGTCATTCTTGCGATTGCTCATAAATTGGGACTTCCCATTCGATATATTGGTCTAGGAGAGGGTGTCGACGATTTACGGTTGTTTGAACCGCGAGAATTCGTACAGGCGCTATTGGAGAAAAATGGCGATGAAGCCTGATAGTGACGAACTCTTAGGCAAACTGACATTCTCTTCTCCGATTTCAGAGTTAATGCGAGTTCTCTTTTTTTACTCGCTGCAATATGTAGTTTTGGAAAAGAAGAAGAAATATCATATTTTTCGCCAAGAAGATATTGTTGCTTTTTTGCATAAAAGTGAAAAAGATACTTCTATTTCAAAACTTTTCCTCTTTGCAGAAAAAGGTGCTAATACAAGAACTAACCTTCCTTCCAGAATGAAGAATTCGGAGAGAATGCTTTGTATCACAGCTGAAAAAGAAACATATATTACCACCTTTGAAGAAGTTAAATACAGATGTGGTGAGGACGAGGATTTCCCACTTTGGTGGAATATCCCTCTGCCTCTTTTGACTATGAAAGATCATAAGGTGATATTGAATGCTAAAGCTCAGGAAAGTTTTTCCTTGGAAGATTTTTCATTGAAACGCGTCTCAGATGCCTTGCAGC
NZ_CP133089.1_gap27	1052479	1057196	4717	TTACTATCCACTCGGGTTGTTTAAAGATTACGAGTAGGAGGCAGACACGATGACTGAAAAAATGAATAAAAGCCTCATTGCAGCAGGATTTGGCGGACAGGGCGTTATGGTTCTGGGCCAGCTTGTGGCTTATACAGGAATAGCACAGGGGTTACACGTAACGTGGATTCCTTCATATGGGCCTGAAATGCGCGGTGGTACTGCTAACTGTGGAGTAGTTCTTAGTAGCGAAGAAATAGCGTCACCAGTTGTAGCAGAAGCTGATGCTGCTGTTATTATGAACCAGCCTTCTTTGACTAAATTTGAGAATTCAGTTAAAAAGGGTGGAGTTCTTATTTACAACAGTGATCTCGTTACCTATGAAAATCCACGAACAGATATACATGTGATAGCTGTACCTGCAAACTCTCTTGCAGTAGAACTTGGAAGTGACAAAGTTGCCAATATAGTAGCTTTGGGAACACTTGTTGAGGCTACTGGTATTGTTGAGAGTGATACGTGTATCGAAACAATTAAAGAAAAACTGGGGAAAAGAAAACCCAAGTTTTTACCTATGAACCTTGAAGCCTTTGAAAAAGGGAAGGAATTAGCCAGAAAGGTACTTGAAAAATAAATGAAAGATATCGGAAAAGTTCTATCACGAAATCTTATATATAGAGGAAAGATTTTAGACCTCAGAGTCGATAATATACGTCTTGCTTCTGGTCGTAAAACAATGAGAGAAGTGGTAGAACATGAGCCAGCTGTTGCCATAATTCCTTTAACAGAGGCAAATGAAGTGCTGCTGGTGAAACAGTACAGATATCCATTGGATCAAGAAATACTTGAGATTCCGGCTGGAATTGTTGAAGAGGGCGAAACTTTTAAAGATACGGCAATACGTGAACTTCAAGAGGAAATAGGTTATTATCCTGGTAAGCTTGAAGAGGTAGGGCGTTTTTATACTTCTCCAGGTTTCAGTGATGAAGTTATAGCGCTTTTCTTAGCCCAAAACCTTTCTCCTTCCTCTCTTGAACAAGATGAAGATGAGGATATTGAAGTGAAAGCTGTTCCTGTAAAAAAAATATCAGCCCTCTTAAAAGATGGATCAATTCGGGATTGTAAAACCTTTGGAGCTTTAGCCTGGCTTTTAAACTACCTAAACAATAACTAAAAAATAGCACAGGGAGGAGGGGCTGGTAAATCCAGCCCCTTTTTAATAATCATGTCGAAGTTAGATGAAGAACTATTACTTGATGATTTTCTTGATTACCTCTTTTTAGAAAGAGGATGTAGTGAAAATACTATTCAAGCTTACAATCGGGATATTAAGGCGTGGATAGATTTTTGTAACAAAAACAACAAACCTGCATACCCCCCTAATTCAACGATTTTAGAAAGATATCAACGTTACCTACATAATGAAGGGAAAAAACGGTCCTCGCAGCAACGTGCCATTGCTGCCCTTCGGTCATGGTTACGTTATCTTGATACGGAAAACATTGTTGATGAAGAGATTTCTTTGCCAACACTCCCTTATAAAGGAACGGATTTGCCTCGTATCTTAAGTGAAGGTGAAGTAGAGCGGATTTTAGAAGCGTGTGCTGGGAATTCTTTTTTTGACATCCGCGATAGAGCTCTTCTTGAAACTGCATATAGCTGTGGCTTGAGAGCCAGCGAACTTTGTGCAATATGTATAAGGGATATAGATTTTTCAGGTCGCACATTACGCATCTTGGGTAAGGGCGAAAAGGAGAGAAGCATACCCTTTTTAGGTGAAGTTAGTCGTCGCGTGCGTTTTTACATCGAAACGGCACGACCACAAAATTCTCGTTCCCAAGAAGTGTTTCTTTCTAAAACATCAAAACCATTACGGCGTGAAGATATATGGAGAATTATAAAAAAGAGAGGGAAGATCGCTGGAATAGCTACTTCACGTTTGTTCCCTCATATAATGAGGCATTCCTTCGCTACTCATTTACTAAGGCGAGGGATGGATCTTCGTACGTTACAAGAGCTATTAGGACATGCCTCTATTGCCACTACGGAAAAATATGTACATTTTGACCTGGAACTAAGAGACATATATGATAGGGCTCATCCACGAGCATAAATTCGGAGGTGTTCCATATGAGCTATAACGAAAATATTCTTGAAGCTCTCTCTTACATTCAAAAAAAAGTTTCTTGTCTTCCAGAGGCAGTTCTTGTCTTAGGTTCTGGACTTGGTGGTTTAGCAGATTCTATTGAGGATCCTATTATAGTTCCTTATAAGGAGATTCCTCATTGGCCACTTTCTACAGCCCCAGGTCATGCAGGGCGTTTAGTTTTTGGACTTTTGGATAATACGTATGTAGCTGTTATGCAGGGACGCATTCATTTTTATGAAGGCTATTCCATGAAAGATGTTACCTTCCCTGTGCGTGTTTTTGGAGAATGGGGTGTCCCCTATTATTTAGCAAGCAATGCCTCTGGTGGAATTAATCTCTCTTATCTCCCCGGTGATATGGTTATGCTATACGATCATATCAATTTTATGGGAACTAATCCGCTTGTCGGGCCTGTTATTTCTGCTAAAGAAGAAAGATTTCCCGATATGTCATATACCTACGATAGAGACATTCTTCGATTGGCAGATGAAGTTGCAAAAGAAAACAACTTGCTAGTTCATCGAGGAGTATATATAGCCTTTTCTGGCCCTTCGTATGAAACTCCTGCTGAAATTCGTATGGCTCGTGTTATGGGAGCCGATGTGGTAGGTATGTCTACCGTTCCTGAAACAATTGTCGCTCACGCCATGGGAATGAAAGTCTTTGCTGTTTCGTGCGTTGCTAATTATGCTGCAGGAGTAACGTCTCAAAAACTCTCTGAAGAAGAAGTGATAAGAGAGATGGGCAAAGCAACGGGAAAGCTGACAACATTATTGCGAGGACTTTTGCAAAAAATTGGTGATCTAAATGTTTGATATTCTCTCTTTTCTTGAAGAGAAAAGAGAAGGTATCTCTCATAAATCTGAGGACATAGAGTTCTTTGTTAACGAATTTCACAAAGGTAAAATCCCTGATTATCAGGTTAGCGCGTGGTTGACATCTGTTTTTCACAAAGGAATGAGTCAGCAAGAGATAAAAAGTTTTACTCTGGCTCTTGCTCACTCTGGGGACATTGTACCTTTTCCTCGCGGTTTTAATGCTGTAGATAAGCATAGTACTGGAGGTGTAGGAGACAAAACGACACTTATAGTTGTGCCTCTTGTCGCTGCGTCAGGTCTTCCTGTAGCTAAGTTGTCTGGTCGCGGACTGGGATTTACGGGAGGAACAGTAGATAAACTTGAGTCTATTCCTAATATGAATGTGCACCTTTCTACAGAAACTTTTTTAAAACAAGTAGAAAGAATCGGATGTGCAATATCTGGTCATTCCATGGAGTTGGCTCCAGCAGAGGGGAAATTTTACGCTCTACGCGATGTGACAGCTACAGTTCCTTCTCTTCCTCTTATCTGCAGTAGTATTGTAAGCAAAAAAATGGCGGGAGGAGCATCTAAGTTCGTTTTTGATGTGAAATGTGGGCAAGGAGCTTTTATGCAGACTTTTCCTGAAGCACGCGCCTTAGCTCAGGCTTTGGTCTCCCTTTCAGCATCGTTAAACCATCCAAGCATGGCTATTATAAGTGCTATGGATCAACCTTTGGGTGAATGGATTGGAAATAGTATGGAGGTATATGAAGCTATCAAAACACTTCAAGGAGAGGGGCCATCTGATACGGAGTTATTATCTTTACATCTCGCAGGAGCCATGATTGTTCTGGGTGGAAAAGCAACTTCTCTCGAAGAAGGAGTAGCAATTGCCCATGAAAATCTTGTAAATGGTCAAGCATTGCAAAAGATGGAAGACCTTATAGAGGCACAAGAAGGAGAGAAAAAAGTTTGTATTTCTCCAGAAAAGTATCTGAGACCAGCAAAAGAGAAATACACTCTTTATGCCTCAAAAAGTGGTTTCTTAGCTGAACTTAACGCCAGAAAAATAGGTGAGGGAGTTAAGAGAATAGGTGGGGGACGCACAGAACAAGGCGATCATATTGATCTCTCTGTATCTGTTCATTTACGAGCAAAACAAGGTGATTTTGTAGAAAAAGGTAATCCAATTTTTGATGTTTACTATACAGATAATAAAAAATTACAACGAGCTAAACCCTTTTTTGAACGTTCTATACATTTGGTTGACATAAAGCCTTCAATTCAAAATCTAATAATGGAGATAGTTTCTTAATGCAGAAAAAAAATCTTTTCTTTTTTAAAAACGTCGTATATTGCGTTATCGCTTTATTTTTTCTCGGGAATGTAGCTTATGGGGGTGAAATGAAAGTGCTGGCACCTTCATCTGTGAAGATAGGAGTTCCTTTTTTGATTCGATTTAAAACAGAAGCGACAGATGTTCAAGGAACTCTTTATTGGTGTGATCAAAAAATCCCATTGTATCTCGCAGAAAAAAACGATTTTACACAAACTCTTCTTTTGGGAACAAGTGTTAAAACTGCTGTGCCAGGTAGAGCAACGCTTCGTATTGAAACCCTTATGGGGAATGGTATAAAAAATTTTGCACTTCCTATTGAAGTTCTATTTAAAGCGTATCCTGAAGAACATTTATCGTTGCCACAAAAGATGGTTACGCCTCCTTCGGAGGTTATTCCAAGAATAAAACGTGAGCGACAGGAAGTACGGAAAGTCTTACTCGATATTAATA
NZ_CP133089.1_gap28	1124681	1128462	3781	CAGATAGAGCTACTGAACCAACAACTAAACCAGCCGACGCACATGCAGTACAGATAATAGGGATATTTTGTGATCCATCGTGAATGGCCGCAAGTATTTGTTTTGGCCCCATACGTCGAGCAGGGTTAGGAAGTGAAATGGCCCAAGCAAGAATAATGCCAGCAATAGCTCCGTACATAGGGGTATATCCAGCAAGAAGCATATAGACAAGCAATACAATGGGTGACATCATATATAAACGTTTGATAACGACTTTTTTTGAAGGCAATTCGCTAGCCGGTAGCCCTTTAAGTCCATCTCTAATAGCAGTAAGGTGTACCATCAAAAGCACAGCCCCGTAGTAGAAGAAAGATGGGAGAATCGCCGCTATTATTATCTTGTTAAATGGAACCCCTAAAAGAGCAGCCATAACAAATGCGCCGGCTCCCATAATCGGAGGCATGAGCTGCCCTCCAGCACTCGCAACAGCTTCTACTGCTCCGGCAAAATGAGGTTGATATCCAATACGTTTCATTAAAGGAATTGTAAAAGATCCTGTGCCATAGACATTTGCTACTGCAGATCCTGAAATTGATCCAAATAGAGCAGAACTCACGACCGCAATTTTTGCCGGTCCCCCAGCGGCAGTACCTGTGAAGGCTTGTGCAAATTCCATAAAATATTCACCTACACCACTTTTTTCTAGAAAGCCGCCAAAAATAAGAAAAATCATAACGAACGTCGCTGAAACACCCAACGACGAAGAAAAGATTCCTTCATCGGTAAGAAACATTCCTTCAATAATTCTTTCAAATTCTGTGGGTACACCACGAAGAGCTGCAGGAAGAAAGCTAGCGTCGCATACGTATGTATAAACTGTAAAAGCCACAGCTACGATAACTAGAGGAAGCCCTACAATGCGACGAGTTGCTTCTAAAAGCAATATAATCAACAATGTACCGAGTACAAGTTGAATCATTGTCAACTCGTCAACTCCCTGCATACGCATCATAATTTGATCATAATTAAGCATAATATAGAGTCCAGGAGTTGCTGAGACTGCTGCAAGAATCCAATCGTACCAAGGAACTCTCGTTTCTGGATTTAAAACTTTTTTCGAAGAAATGGGGTAAAGGACAAAGGTCATCGGCAAAACCCAAGTTAGGTGGATTGCCCTTTGTAGATATGCCTCAAAGGAACCAAAAACAGCTGTGTAGAGATGAAAAATTCCCATCGCTAGAATATAGACATAAAGTACCTTTGCGACATTACCGTCAAGTTTTCTCATTACATAAAAAACCTCCTTGGCTAAAAATCGGGATATCGTTCTCCCTACAAGGAATAAAGGAAAAAAGAAAACAGAAAAGAACCTAGAAAGCGAAAATTTCGCTTTCTAGGTGTTTAGTTTACGTGGATATTACTGCATTACTTGGCGGCAACCTCATCCCAATATTTAACAGCCCCAGGGTGACTCTTAATAGGAGCAGTAGGAACTGCCGTAGCAGGATTCAGTTCTTTCATATCAACTACAGCTTTTGCAAGAGTATCCTGGTTTTCATACATAGTTTTACAAAGGTCATAAACAACCTGCTCGTCAAGATCGCTGCGAACAACTATACATGTATAGTCACCGACAACTTTAACAGGAGTATCTGTCACTGACTTATAAATACCAGGGTCAACGGTGAAAGTTACCGTACCATAGTCAGCGCCGATTTTATCAAGAGTATTCTGTTCCATCCCGAGAATAACGATGTCCGTCTGGCTTTCAATCTGCATAACGATTGAAGCAACTTTACCGACAGAGAAGGCAAAAACGTCAAGATGGTTATCTGCAATTAGGTCTGCTCCGCCAGAGTAAGAGGCATACTCCACAGAACCGCCCCATTCTTTCAAAGTTTCGCGATAATCGACTCCAAAACCAGACTTAAATATACCGTTAACGATAAACTCGGAACCTGTTCCTGTCTTAAGAGTGGCAAAGCGCGTTGGAATTTTACGTGCAACCAAATCGTCAAGAGACTTAATATCATTCTTTTCAACAAAATCTTTGCGAGCTATAAAATAAGTATACTGAGTATAGAGATTGGCAAGAATCGATGCATTCCCTACAGCGTCTTTGAAAGGTGCCATTCCACCTTTTTGAGCCACTGCTACCATTGAAGTATTAGAGAACCCCAAGTCTCCCTTCCCTTTGTCCGCATTGATAATGTTGGCAACTGCACCCCCGGTAATACTTGTCGTGGGGATTGTTTTCTGAGACCAGAGTTCTGCAAGAGCTCCACCTAACGCAAACCAGTTCCCGCCAGGAGGCCCCGCCATAAAGCGAAGCTGCGATGGGGTGTCCGCAGCAACGACAGATGCTGTAAACACACAGGTTAAGGTAAGAAGAAAAATGATGAACTTTTTCAAACAAAAACCCTCCCTTTCAAATACTTAATTAAGATAGAACAAATTCGAAAACTTTTATTTCTATCTTTTGGAAAGTAATATATATACCTATGAGGGCATTGTCAATTCCAGTATTTTAGATATTAAACACTAAGCAGATTATTTGTAGTATATTTCTCCCACAAATTTTAATTTAGCACTGAGCAGACTTAAAACATTTATGAAATTCGTATTGTAGGCGATATAGTTGACAACATCAACTATATCGCCTACATTATTGTTAATATTTAAAAGAAACATCAAAAAGAGTTCTACTGTAATTAATCTACTGTAATTTTGGAGGTTGTATGAGACAATCTACGATTTCGGAGATAAGCAGATCGTTAATAGAAATTGCTTGGTATTTTGGCCCCAGAGGATTGAATGGCGAATGCTGTGAAAACCTTACTATGCCGGAATTCATAGCATTAGATAAAGTTGCCTCCGCACCGAATTGTCCTGTGCAAGATGTCGGTTATTCACTTGGTTTTACGAAAAGTGGCGCAACAAGGATTGTGAATCGGCTCGAAAAAAAAGGATATGTCGAAAAAGTTAAATCACATAAAGATGCAAGAGTCTGCTGTTTAGAAATAACAAAATCTGGAGAACAGGTTTTGGTATCCATCGATTTACGCTACATGGAACAATTTCATGCTCTTGTTTCAAAAATGCCGGAGCATTCCTTTGTCGATATAGTTGAGATGCTTAGTGCAATGGCAAAAGCACTAAAGAGCTAATATCTAGGTCTTTATGATTAACTATGTCAAGGAGGATTTCAAAATGAACAATTTTGTCAGTGTTATTCAATTTTTTTTGTTTGTTACCGCAGAGCTGACGGTGCTATTTCTAGGAATCAGCACAGTTGTTACCATAATATTAATGTATATGCCGCAAGACAAGCTCAAAAACTGGCTCGCTCATCGTGGAATATGGGGTAATTTTCTGGGTGCTACTGTTGGCTCTCTAACTCCTTTTTGTGCTTGCTCAACCATACCAATGACCTTAGGTATGTTGAGCGCTGGGGCACCTTTTGGGTCGGTTATGTCATTTATCATCGCTTCGCCTCTGCTGAATCCAATCATTATAAGCATGGTTTGGGTTCTTATGGGAACGAAAGCTAGCTTAATTTATTTCTTCGTCACTTTTTTCGGATCGATTCTTTTCGGTGTTTTTCTTGAAAAAATAGGGGGGGCAAAATATGTGAAAAAGGTGAGGATCCAATCTAAATGCTGTTGTGCAAATAACGAGTCAGTAAATATTCCAATAAATTTTTCGAAAAAATTAAAGGCGTCATTTATTTCTGCCTGGAGTGATTTCAGAGCCATCCTTATTTACCTTCTTATTGGTATTAGCATCGGCGCAGTAATTTATG
NZ_CP133089.1_gap29	1144450	1145708	1258	AGTACCGAAAAGGAACCACATACCAAACTTTTCAAAAAACGTATATCTCAGTGGGTTTTCAGGCTGATTTATAATCCCTTTCGGCCACGTATAGGCCACAGTGAGGCCTTCTTTTGGAGCAAGAGGTTTTGTTGTTTCTACTGTACTATCGGAAAATACTTGGGCATTTCTTCCCTTTGCTCCCTGCAACCCCGTATAAATATCTATTGACAAAAAAGGGCTTTTCTCAGGAATAGAAACAGAGAATTTCACCTTCTCTATTGGGAAGTCCCAGGCATTACCTGTAACATTCCAATACAATTCGTCATGTTCTTCAAAAAAACCTATCTGCCCTGTAGTTATATAGACTAAAGTATATGTTTGCTCTCCTAAAGAAACGAACTTTTCTGGATCTCCAAGATAGATACGAACCCCATTAGAGCGAGACTCTACCTTGTAAGGAATCTTTCTACCATTAAGTAAAGCTTCTTGTACCGAAAAACCTACCTGTACAGTTCGTCCTGAAGAGTCTTTGTATATCGTGGGGAAATCGCGAAAAATCCCCCTGCGTATTTGTTCGCCTTCAACATTCACGGTAATGTCTTCTCTCACTTCAAGGGAAGAATCAACATTCACTTTAGCTTGAGAAGAGAACATAATAATTTTTTCTTCCGCTTGCACATAAGAAGGAAGGATGAAGATCAAAATTGGCAATACGAAAAGAAGAAAAGAAAGTTTTTTTCGATATAGCATAAAGTTAAAAAGAGACATGTGGTGTCGTACGTGCTTCTTCTGTTGCTTCAAAGTAGTCTGCCTTCTCATAACCAAAATTTCGGGCTATGAGCACAGCCGGAAAAGTCGATATGGCAATATTAAAATCTCTCGCAGCGCCGTTATAGTAGCGACGAGACATTTGTATGTCATTCTCAAGAGAGGAAAGCTCTTCCTGAAGTTGAAGAAAATTAGAATTAGCCTGTAACGCCGGGTAATTTTCAGCTACAGCAAAGAGAGATTTCAAAGCGCCAGATAGCATATTTTCAGAATCGGCACGCTCTTGTAAAGAGTGTGCTTTCGTAATTGCTGAACGAGCCTCGGTAACACGTTGAAAAACCTCTTTTTCATGAGCAGCATAACCTTTTACAGTTTCGACAAGATTAGGAATGAGATCAAATCTACGTTTGAGCTGAACGTCAATACCACTCCAAGCCTCATCTTTCAAATTAACCATACGAACAAGATGGTTATAAATCGATATAGCCCAGAAAATTAATGCAGCAAT
NZ_CP133089.1_gap30	1222102	1225941	3839	ACTTTTCTATAGCATTACGGAATCCTTCCAACAAGGGCACCATATAGTTAGTCAATTCATACCCTCCAACAATGGAGAGCTCGTATAGAAGATAAATAATGCCAGCCAAAATAAGAGGCCCCCAAATTCGGCTGCAAACCAATCTGTCAATACGATCAGTTAACGTTACAGAAACTTCTTTTGTTTTTACAACACATCGCTTCTCTATTTTTTGAGCAGCAAGATGGCGTCTGAATGCAATAAATCCTCGAGGTGTGTCATCATATTTCCTCTCAAACTCAGAGCAAATTTTGCTAACATAATTTCTTACATCTTCTGGATTTTTAAAGTTGCTTGAAACTAACTTTTGCGCTACTTCATCTTCCTCAAATAGCTTTATTGACAACCATCGAAGAGGGACCTTACTCTCTTCAATTTGTGATTGCAGTAATTTCGCAGACAAATCAGTAATATATGATTCCAAGTCTCCATAATCCACAATATGTAAATGTTCATGATCCAAATTTGAATCAAAAGCTTTAATAACGCCATCTTTTAGTTCATTTTTTCCCCGCCCCTTACTACCTACTGTTGTAATAACTGGAAGATGCAAGGTTTTTGAAAGGGCGTCAGCATCAACTTTGAGTCCTCTTTTTTCAGCGACATCCACCATGTTAAGAGCAATTAAAAGAGGGGCCCCCAGTTCCAACAATTGAAAAGTAAGGTAAAGATGCCGTTTTAAATTTGAAGCATCCATAACATTTACGACTAAAGACGGTGACTGATCAATTATAAAATCTCTCGTTATACGCTCTTCTTCAGAATATGAAGAGAGGCTATAAGTACCGGGCAAGTCTGTAAGTGAAATCTTTTTCTCTTGCCATGAAAATGCTCCCGTTTTTATAGATACAGTTGCACCTGGGTAATTAGCAACAAACTGCCTTCCACCTGTAAGCATGTTAAAAATTGTTGATTTTCCACTATTCGGCTGGCCTGCTAAAGCAACATGCATCTTTTCATGACCCATTATTTCTCTACCTCCACAAACCTTGCCTCATCATGCCGAATAGTTACGTGATGTCCATCTACTTTTATCTCCACAGGATCAACAAGAGGAGCATTACGGATAACAAAAACTTCAACACCAGGAAAAAAGCCAAGATCCATTAATCGCTGTCCTATTACACCACGAGCTCTGTTTTTATGAATTACTCCATGCTCGCCAGGCTTCATCTCATCCAATGTAATCATGCCACCAAGACCTGATACAAATGCTCTACCCACTCTTGAATTCTCTTTTCTGTAAGATCGGGTTGATTATCTTCATCTATTGCCAAGCCTACAAATTCACCTTGTATAGCAGCCTTAGAAACATTAAAGCCATAACTCTCAACAGAACATCCAGAAGAAAGAATAGCTACCCCTTTCTTAGAAAGTCTTTCGTATATTGTTCCCATACCATCAACAAAAGTATCAGAAAAGCCACACTGATCACCAAGTCCGAATAGAGCCACTGGGGTATTTTTAAAATCAAAAGTATCTATTTCATCAATAAAACTAAGCCAATCATCTTGAAGGTCTCCATATCCCCATGTAGGAGTGCCTAAAATAAGAAAATCGTATTCTTCCATATCTTCCTTTCTGGCTTCAGCCACATTTTTCAAGACGACATCATCTTTTCTCTTAAGCAAAGAAGCTATCTGTTCCGCCACTTCTTCTGTATGCCCAGTGGAAGTTCCATAAAAAATGCCTATTTGCATAACCTACTCCTCCTAACCTATAAGCTCGTCTCGATCTTCTTTTAACTGTAAATACCTTTTACATTGAAGAACTCTATCGTATCCAAGCATCGTTCCTAAAATAAAATCCTCTTCGTCTGTGTAATCACGCAACGAAACTTTATTGATCTTACACACGACATCGATACATACTTGGTGACCAAAAAACACATTAATTTTATGGTCATTTACGGGGTATATAACGTATGGGATATTCTGATTCTGAAGACGGCGCACTATCTCTTGTTCATACCCTCTTGACGTTGTATGAAGAATAAGAGCCCGCAAGCCTTTTACATATTCATAGAGATGATGAGCAAAAATTTCATCTACCTGATAACACTGTGGCAAACATGTAATGTTTGGAAGAGGCAACTAAAACATCTCCTTAATGTTTTATATATCAAACAATGGGGATTATACTTTAATATGTTTTATATGTCAAACTTATAAAGGGGATGGGGATAATAAAAGAAGCTCGGGGTTTCCCCTGAGCTTCTTCCCTGATTGCTGATCTTATTTTATGAGCTTTATTTTAACCTCTATGAAGGGATTGATGAATAATATCTAGCATTGATGAAGCAGAAAGAGATGCTCCACCAATAAGGGCTCCATCAATATCTGGCTGATCTAAAAGATTAGCCACATTTGCTGCTTTGACACTCCCACCATAAAGAATATGAATATCCCTATGGCATTCCATTTCATCGTCAATTCCACTTATTTCTGCAAGTAACTCTCTTGCAAAAAGACAAGCTTCTTCAGCATTTTCCGGACTTGCCGTTCTTCCTGTTCCAATAGCCCAAACAGGTTCATAGGCCCAAATTGTTTTTTTAATTTCTTCGGGAGATAGACCTTCGGCTGCACTCTGAATCTGTCGTCTGAATACATCAAAAGTCATATCTTTTTCTCTCTCTTTAAGGGTTTCCCCGAAACAAAGCACAGGACATAGATTATGACCAAGAGCTGCTTTTAATTTTTTATGAACAATCTCATCTGTTTCTCCCATGATGTGTCGCCGTTCACTATGACCAATAATGACATGGCTGCACCCTACTTCCTTAAGCATGGGGAAAGAAATCTCACCAGTAAAGGCACCCTTTTCTTCATAGAAGGCATTTTGTCCGCCTAAGCATATCCCATCGTTCTCTCCTTGTGTAAGAACACTTGCACCTGTTTGCAACAAGGTGAATGGAGGGAAAATACAAATCTCAAGAAAATTTCTATGTATTTGATCACAAATAACAGCATCCTCACAAATTTTCTCAGAGAGTTCCGTAAAAAACTTTTTCGTTTCTATGATCGTATTATTCATTTTCCAGTTGCCATAAAGATATATTTTCTTCACAGAAAAATGTTCCTCCTTTCAAAAAAAGACGGGAGCTTACGCATCCCGTCTCTATAAAACTATAGTGTCACAACTTTTCTCTATTTTATTAAAAGTAGCTCAATGCCTGGTAATACTTTTCCTTCACAAAACTCTAAGCTAGCTCCACCGCCAGTAGATACATGCGTAACCTTCTCTGCAAAACCTAATTTTTTAACGGCAGACGCCGTATCTCCTCCACCTACTACGGTAATTCCGCCATTTTCTGTACACTTTTCAACCGCTTTTGCCACAAGGCGGGTCCCCTCTGCCAAAGTCGGATTTTCAAAAACACCCATAGGACCATTCCAAAGAACAGTTTTGGCTTTTTCAATATAGCTAGCAAAAAGAGCAGCTGTTTTTGTTCCTATATCTAACCCCATATCTGCAAAAGAAATATCGTCTACCGAAACTTCTTTTCGCGGAAGTTCACTCTCTAAAGACTCCGCCACCGCTGTGTCAACTGGCAAAACGATGTCGACTCCCATCTCTTTTGCTTTTGTGAGCATTTGCTGTGCAAAATCAGCCTTATCTTCTTCGTATAAGGATTTACCAATCCCCTTGCCTTGAACAGCCAAGAAAGTATATGCCATTCCTCCACCAATAAGAATTGCGGAAGCTTTTTCAAGAAGATGGTCGATAACTCCTATTTTGTCAGAAACTTTTGCTCCTCCCAAAATGAGGACAAAAGGTTTTTCAGGAGTTTCGCTCACTGT
NZ_CP133089.1_gap31	1276526	1278907	2381	TTCAACACCTCCTGGATATTTGGGATTTAATTCACCATTAGCTTTAAGTGTTCTCCAATATGGTGTTTCATTCTCACTTCGTTGGAAACTTGCCTATGCTGCAATGAAAACAAAAATCCCAGCAGTAATCGGCTCCGTAAAATCCGCACCACTTAGCTTTGCAAAATATTCGCGTATTTCTACGATCGTAATGACATTACCATACGGCACCAAACTCATTACCTTATCATATTCAATAGGCGGAGCGAAATACAATTCTGTCCCCGCCATACTTTTCAATGCTCTTATGGTCGGTGATCGTCTGAAATTTAGGCATATCTTTGTTGTCATTTAGCATTGCATTAAAATCTTTTTTATCCTCATTGGCCATATACAGCACCTCCTTACACAAAGCATATTCTGTTTCATAAATTCCATCTACCTTCCTAAATCCGTTTTTTACATATAAATTTATAGCTGGTTTATTTATATCCACAACAAAAAGCCTTAAATATTTAGCGTTCTTCTGCTTAGTGAGCGCAGTAACATGCTTAAGCATGTTACTGCCAATTCCCCGTTTTGAATAATCATTAACTCCAAAGCGGTCAAGATATAATGCCTTGTCATGGTCATTTTCCCATTTAACATAACTTTCTCCAGAATTTGATTCACATGATGCAAACGCTGCAACTATATCATCATGCTCCTCGACCAATAAAAAAAGGCGATTATTTTCAATATCATCGCTAAAAAGCTCGCACGGATAGATTCGTCCCAAATTAGTATTGTTTCTGCTCATATTATCAATTATGTTTCCATACACTGCTTTGAGTTTCGATAAGTCTCTAATATTAGCCAATCTAAAATCCATACCAATTCACCTGCAAATTTCTGTATATCACTGCAAAGAAAGACTTTTATCTGTCCATCATTCGACCTGTTCCCACGTTTCTGCCAAACTCCAAAAAGCATCTATCCTGTACACTCGCCAAAGGCTGTTATCAATCCTGTACTATCGCGAATGGATCCGCCCCTATAGACTTTATTCCCATGAACGGGCAAAATCACAATCACAGAAATGGCTTATTTACTGTGCTTTCCGTACATTTACTCTTTTACCCTTTGACATCAAGACGACACACTCCACATGAACGGTCTGCGGAAACATGTCAAAGGGTTGAAGCTTTTCCAATTTATAACCGCCGGAATGAAGCAGAGCAACATCCCTTGCCAACGTCGCGGGGTTACAGGCTACGTAAAGGACCTTCTCTGGTTTCCATTCTAAAATCTGCTGAATAACTTTAGGGTCACAGCCACTTCGTGGAGGATCAAGGATTACAGTGTTAAAGTTTTGTTTTAAATTCGAAACGATATCTTCAGCTTTACCCTCGTAGGCAATAATATTAGAAAATTTATTTAATGCAGCATTCTTCTTTGTAGCCTCCACAGCACTTGGCCATTCCTCAATCGTAGTTAATCTCTTGAATTTTGGAGCTAAAAAAAGTGACATTGCTCCAACACCTGAATAAAGCTCCAAAGCTTCATTTTCTTCTTCTTTTTCTAAACAATCTGAGCAGAATGCAAAAAGCTGTGCAGCTTGATAACTGTTTACTTGGAAAAAAGCTGTTCCATCATAATGAATTTCTCGAGAATTCAAAATTTCTTTAAGCTCTCCCTGCCCATAAAGGATTCGAGAGTTTTGTCCTAAAATAGTGTTTCCTACTTTTGCATTTTCATTTTCTATAACGCCAACAAACGCTGCATCAGGTACTGCAAAGTTTTGCCACAATTGAGAAATCCTCTTGATTTCCGAATCAGACAAATGTTTCCGAACAACGTAACAAGCAAGAAGTTCACGAGAAAAGCTGCCGCACCTAAAAATAATATGACGTAAAATACCTGAATGCTTCTTTTCGTTATACCCATCTATATTCAATTTTTGTAAGGGATGTACAAAACGGCCATACATTTGGTTTAAAGCTGGCTCTAAAATAGGGCAAGCGTCTATAGGAATCAGGGAATGACTTCTTCGTTTAAAAAATCCTACTTCGTTCTTTCCTGAGCTGTTCTTTCGAACAGGAAAAGAAGCCTTATTACGATATCCCCACTCTTTGGGACTTGGAATACAAGAAGAAATAACATCTTCCACCGAGATATGGGCAATACGAGAAAACGCTTCTTTTACAATCTGAGTTTTTAGTTCAAGTTGCATTGAATAAGAACAATGTTGTAGCTGACACCCTCCGCACTCCCCGTACCATGGACAACGTGGAGATGTTCTCTGAGAATGTGGTTTCAAAATATTTTGAAGTTCGGTAACGGCGTAATGTTTCTTTTTTAAAATAACTCTTGCTTCAACTTCTTCCCCTGGCAACGCTCCAGGAACAAAGAAGACAAAGCCA
NZ_CP133089.1_gap32	1451483	1452943	1460	GACAGAACCGGCACGAAGAAGGTAGCTGGGAATATCTACTTTGCGTCCATTTACAGTTATGTGTCCATGAAGAACGATCTGTCTAGCCTGGTTTCTGCTTGAGGCAAGTCCCATACGATAGACAACGTTATCAAGACGACGCTCAAGTAACTGAAGGAAATTATGACCAGTTACTCCTGACAATCTTGAAGCTTCTGCAAACAAACGTCGGAATTGACCTTCGTTCATGCCATAAAAACGGCGTAATTTCTGTTTCTCTCGAAGTCGGAGTCCGTACTCGCTCATCTTGGCGCGAGGTCTCCCCTTCTTCTGTTTACTTTTATTCTCTCCCCGTGTTATTGCACACTTTTCTGTAAAGCAGCGATCGCCTTTAAGAAAAAGTTTCACGCCTTCAGCTTTACAGAGACGGCATACGGGTCCTGTATATCTGCTCATAAGATGTCTTTCGCCTCCTTATAGGGGTGAAATTAAACTCTGCGACGCTTCGGCGGTCTGCAGCCGTTATGGGGAATTGGCGTCGCGTCTTTAATCATGTTAACCTGAAGTCCAGCTGCCTGAAGAGAGCGAATAGCAGACTCCCGTCCTGGGCCAGGACCTTTGACTACAACATCAATCTCCTTCACCCCATGATCCTGGGCTGTTTTAGCCGCCTGCTGAGCAGCAATCTGGGCAGCAAAAGGAGTGGACTTACGAGTTCCCTTGAAACCTACATTACCGCCGGATGCCCAAGATAAAATGTTTCCGCTTTTATCACTGATGCTCACTATAGTATTGTTGAAGGTAGAGAAGATGTGAGCAACACCGTAACTTACATTCTTCTTTTCTTTTCTTTTTCCTCTACGCTGTGTACGTTTGGCCACGTGCGTCAGCCTCCTTGATGATCAATCTTTAATTCTTACTTACCAGCCTGTTTCTTCCCAGCTACGGTACGGCGTGGCCCTTTCCGTGTACGAGCGTTCGTCTTAGTCTTCTGACCACGAACAGGAAGTCCCAGCCTATGTCGAAGTCCCCTGTAGCAACCAATATCCATCAAACGCTTGATATTCATGGTTACTTCTCGACGCAGGTCTCCCTCTACTTTGTAATGCTCCTCAATTTCTTTTCGAAGCTTCTGAGCTTCTTCTTCTGTAAGATCCTTAACTCGCGTGTCAGGGTTAATACCTGTCGAAGCGAGAATCTTATGAGAAGTTGGGAGCCCTATTCCATAAATATATGTAAGCGCTATCTCTACTCGCTTTTCGCGAGGCAGGTCTACACCAGCAATACGGGCCATATGCTCGTTACCTCCTTGCACCCTGTCTCTGTTTATGGCGCGGATTCTTGCTGCATATAATCCGTACCACTCCTTTTCGCCGAATCACTCGGCAATGCTCACATATCGGTTTAACCGATGGTTTGACTTTCATTTTTTTCCACGCTCCTCCGAGAAAACCTTCACCTAGCCAAAGAGGCCTTGGATA
NZ_CP133089.1_gap33	1454144	1457653	3509	TAAAAGCAGGTGTCGCATCTTCTCTTGCTATCAGATCTTCGGCAGCTTTATCAATTTCTGCTGTTGTAATGCCAGGCCGAACAATTTCAGCAATAAGGTCTAAAACATCTGCAACTATTCGACCTGCTTTCCGCATATACTGAAGATCTTTTTCTTTCTTTAAAGTAATCATTCAGCTACCTTCTCGTTGACAAGTGCTTCTATTTCCGCCATAACGCTAGAACTTGATGTCCCAGCATTGACTCGTCTTAGAAGCCCCTTTTCATCGTAATAAGAGATAAGAGGTGCCGTCTGATCGTGATAAACTTTGAGACGATTTCGAATGACTTGTTCCTTGTCATCATCTCGCTGGAAAAGATCTCCTCCACATTTATCACATTTATCGCCTTGAGAAGAAGGTTTAAATGATACGTGATAAATCTCTCCACACTGGCGACACATACGACGGCCGCAAAGACGATCAACTACTATATCATCAGCTACGTCCAGTAATATAACAGCGTCAAGAGAAAGGTTCATATTTTCAAGCAACCCGTCGAGGGACTCGGCCTGAGGAACCGTTCGCGGAAAACCATCAAGAAGAAAACCTTTTTCGCAGTCTTTTTCCTTGAGTCGTTCTCCCATCATCTTAACGATCAGTTCATCTGGAACAAGCTTGCCCCCATCCATATATTTCTGGGCTTGCTGACCAAGCTCTGTTGCATCTTTTACATTTTGACGAAGCATATCCCCAGTGGAGATATGTGCTACATCGTACTTAGCTTTTATTTCTGCCGCCTGTGTTCCTTTTCCTGCACCTGGCGGTCCTAGCAATATAACTCGCATTATATTTACATCCCCTTTAGAATCGGAGGAAGCTTCCGCCTTTGGAATCACGGCGCTTGAGAATTCCTTCGTAGTGGCGCATCAGAAGCTGCCCTTCGATCTGATGTACAGTGTCTAATGCCACACCTACAACGATGAGAACTGCTGTTCCCCCAAAATAAAAACTCGTAATTCCCATGAGATTGGTCATTAGAGTGGGAACAAGAGCGATAATAGCGAGAAACACAGCTCCACCAAGAGTGATCCTTGACATAACCTTCTCAATAAACTCCGATGTGGGACGACCCGGGCGTATCCCCAAGATGAATCCGCCATACTTTTTCATATTATTAGCAACATCAGCTGGGTTGAAAACCACTGCTGTATAGAAATAAGCGAAAAAGATAATGAGCGCAACGTAAATAACCATGTAGGTTGTACTGCCTGGCTCAAATATCCTTTGGAACATCAATGCAATATCGCCAGTAAAGAAGCGTGCAATAGAATAAGGGAACAACAGAATTGATGATGCAAAAATTATTGGCATAACACCAGACTGGTTCACCTTCAAAGGTATGAAAGTGCTCTGTCCTCCGTAGACTTTGTTTCCAACCACACGCTTGGCATATTGTACAGGCAAACGTCGCTGTCCTTCTTGCAACAAAATACATCCAGCTATAACGGCAATCATAAGCGCTATGGACACAACTAATGCAAGAACACTCATTTCTCCTAAACGAAGCATTTGCCAACTTCTTAAGATAGCTTCTGGGATACGAGCTACAATTCCTGCAAAAATAAGCAATGAAATTCCGTTACCTATTCCATGGTCCGTAATTTCTTCGCCCAGCCACATAACGGCCACGGCTCCCGCAGTAACTGTCAAGATAACAATAATTCCGGCAAAAAGTCCGCCATAGAAAATTCCTAAACGGCCAAGCCAGAATGTCATACCAATTGCTTGAATACCAGCAAAAAGGATCGTACCCCATCTTGTGTATTGAATAATCTTCTTTCGCCCTTCATCGCTTTCTTTCTGCATCTTTTCAAGCGCAGGGAAAACGACCACAAGAAGTTGTAAAACGATGCTCGAGTTAATGTAGGGGGTAACGCCGAGAGCGAAAATACCAAATCGCCTCAGCGCACCGCCTGCAAAAATATCAAGGAACCCGAGCACACCTGCGCCCTGCTCGAAGAGCCTCGCCATAGCAGCTGTATCAATACCTGGCGTTGGGATATGGGCGCCAAGACGGAAAATAAAAAGTACCCCAAGAGTAAAAAGAATCCGTCTTTTTAAATCTGGCAGCTTAAAGGCGTCCCTGAAAGAATCAAGCACTTAGATCACCTCAGCCTTCCCACCAGCAGTTGAAATTTTTTCAACCGCCTGGGCACTGAAGGCCTGGGCTTTTATAGTCAGGCCCTGGGAAATTTCTCCTCTCGCGAGAATTTTTACTGGGGTTGTCAAGTTTCTAATTAGTCCCGCTTTGTAGAGCTCTTCTGCTCCTACAACGGAACCACTCTCAAAACGATCTGCAATTTGCTCAAGATTGACTATCTGATACGTATTTGCAAATCGAGCATTGTTAAATCCACGTTTAGGAATACGACGAGTAATCGGCATCTGGCCGCCTTCAAAACCTGGACGAACTCCTCCGCCAGCTCTTGATTTCTGACCCTTTGTTCCTTTTCCCGCAGTCTTTCCTGTGCCACTTCCATGGCCCTGACCCAAGCGTTTTGCCTTGCGTCTGGAGCCAAGAGCAGGTCGAAGATCATGTAAATTCATGCTGCGTCCCTCCTAGTCTTCAACAACAGTCCACTCAACAAGGTGGTGGACCTGATTGATCATTCCGCGAATTTGGGGGACATCCTCGTACTCAACTGTGTGATGCAATTTTTTGAGTCCGAGTGCCTTAATTGTCTTCTTCTGACGAGCCTGCTGTCCAATTGCACTTCTAACCCATGTTATACGAAGTTTAGCCATTAGGACTGACCCCTCCTTATTCTGCCTCTGGCTGAGCGGCTTCAAGACCCCTCAGACGCACAATTTCGTCGGGCGTCCTCATCTCGCGCAGGGCCTCTAATGTCGCCCACGCAACATTGACAGGATTAGATGTTCTACCAATAACTTTGGTCAACACGTCTTTTACGCCACCAAGCTCCATGATAGCTCGGACAACGCCACCCGCAATAACTCCTGTACCAGGAGCTGCTGGTTTCAAAAGAACATGTGCTGCTCCAAACTGCCCGTCAACAGGATGAGGGATAGTATTGCCAACTTTTTTAAGTTCATGAAGGTTCTTTGTCGCTTTATCGATTCCCTTACGAACTGCTTCAGAAATTTCCTTGGCTTTCCCCATTCCTACGCCTACATAGTGTTCGCCGTCACCAACAACAACGAGTACGCTAAATTTAAAGCGCTTACCGCCCTTTACAACCTTGCTTACTCTATTGATGGCAACTACGCGTTCGCTGAGCTCTAAGCCTTTAGCGTCAACACGTTTTATGGTCATCCTCGGTCCTCCCTCTTAAAACTTCAGGCCTGCTTCACGGGCCGCATCGGCAAGGGCTTTGACCTTTCCGTGGTACATATGTCCCCCACGGTCAAATACCACTGCTGAAATACCCTTTTCGAGCGCGCGCTCCGCAACAAGCTTGCCTACGGCTACAGCCGCTTCCATATTGCAGGTTCCTGCTGAAAGGGTCTC
NZ_CP133089.1_gap34	1459224	1464061	4837	ACCATCGAAACCTTTTCTGGAAACTCCCTGGAAGTCTTTAATTGTCGGCAAAGCCAAAGACATCAGACGATCCAGAAACTCCCACATACGGCCACCACGAAGAGTAACTTTACAACCAACTGGCATACCCTGACGAAGCTTAAATCCAGCAATGGATTTCTTCGCGCGCTTCATAAGAGGCTGTTGTCCAGCGATTGCTCTAAGCTCAGCTATAGCAGCATCCATAAATTTGGAATCAGTCTTAGCTTCACTTACGCCTATGTTGACTACAACTTTAGTAATACGTGGAACCTCCATCACATTGGAGTATTTAAACTGCTCTTTCAGATGAGGCACCACTTCGCTCTTATACTTATCAAGGAAACGAGGATTCATTGTTGTGCCTCCTTATGCCCGATCCACTATTTCGCCGCACTGCTTACATACTCTAACCTTTTGTCCACTCTCAAGGTAGGCTCTGCTTACACGAGTTGCCTTACCACAAGTGGGACAAACAAGCATGACTTTTGCGGCGTAAAGAGGAGCTTCCTGTTTTACAATCCCGGCCTGAGGATTTTGAGGAGAAGGTTTAACATGGCGAGTAACCATGTTTACGCCTTCTACAACAACTTTTTCCTCCTTAGGAAGATTACGAAGGACTTTGCCTTCCTTCCCCTTATCTTTACCGGAGATAACTTTAACTAAGTCTCCTTTTTTAATTCTCATTTTGCTCATTATGGCATTGCCCCCTTAGACAACCTCAGGAGCCAAAGAAAGTATCCTCATATACTTCTTGGCCCGGAGCTCTCTTCCGACAGGCCCGAAGATACGGGTTCCTTTAGGATCTCCGTTGTTGTCGATAATAACAGCTGCGTTGTCGTCAAAACGGACATATGAACCGTCAGGACGGCGCAGTTCTTTTCTCGTACGGACAATGACTGCTTTTACAACAGAACCCTTAGCGATATTGCTATTTGGAATGGCCTCTTTGACGGAAGCAACAATAACGTCTCCTATGGTTCCATAGCGCCGTCCGCTTCCGCCTAGAACCTGGATGCACATCAAGCTTTTCGCACCAGAGTTATCTGCTACATTAAGGACTGTTCTAAGCTGAATCATGACCTATTCCTCCTCGGCCAATTCGTCAGCAGCTTTATCAAACACTGGGGCTCTTTCGATAACTCTTTCAAGAACCCAGCATTTTCTGCGACTCATGGGTCGGGTTTCAGCGATGCTCACTAAATCACCTAGCCGACAGGTATTTTCTGGATCGTGAGCCATATATTTAGTACTTTTAACTATCCGCTTTCCGTATAAAGGATGAATGTCGTGTCGAGTTACACGGACAACGATAGTTTTGTCCATCTTTTCGCTGACTACGGTTCCGACCCGTCTCTTACGATGGGGTGAACGTGCCTCCATCAGTCGTTACCTCCTTCCAGCAGCGCTTTCTGCCTGCTGTTTCTCTCGCACTACCGTCAGAACTTTAGCAATGGTCTTCTTTACTACATTAATCCGGCTTGTATTCTGAAGCTGACCGATTGCATTTTGAAAACGAAGATTGAAAAGCTCTTCTTTATACTGACGATGTTTCTCTTGAAGCTCTTCTAGGGTTAAATCACGCAAACTCTTCGCATCCATTTCTATTCACCACCCAGACCTTCACGGGCAACAATTTTGACCTTTACAGGCAGCTTATGGGATGCAGTTCTGAAAGCATCTTCCACTACTTCCCTAGATACTCCTGCAACTTCAAATAAAATACGCCCGCGTTTGACAGGGGCGACCCAAAATTCTGGCGTTCCCTTTCCTTTACCCATACGAGTTTCAAGAGGCTTCTTTGTAAAAGGATGGTCTGGGAAAATACGAATCCAGATTTTTCCGCCCTTTTTCATTTTTCTCGAAATAGCAATACGGGTTGCCTCTATCTGACGAGCTGTGATCCAAGCACAATCCTGAGCCTGCAAACCATAGTCGCCAAAAGCCACTGTAGCTCCACCTTTAGTTTTACCGCGAAGAAGTCTACGATAGGGCTTCCGGTATTTTACTCGTTTTGGCATAAGCATATCGGACTACCCCCTCTTTCTAGAGGGTCTGGGCTGAGCTGCTTTTTCAGCATCCCTATCTCTAAAGATCCAGACCTTGACTCCAATAACGCCATACATGGTTTGAGCCTGAGCGAAACCATAATCGATATCAGCTCTGATGGTAGAAAGAGGAAGCTGCCCCTCGTTATACCACTCTGTCCGGGCTATTTCAGCTCCGCCAAGACGGCCGGCACACTGTACTTTAATGCCTTTTGCTCCGGCTTTCATTGCACGGAAAATAGCCTGTTTCATTGCTCGTCTGAAGCTCACTCTGCGTTCAAGAGCAGAACTTACGCTTTCAGAGACAAGCTGGGCAACGACATCTGGATTTTTGATCTCCTGAACGTTGATCATTATCTTAGATCCCGTCATTTTTTGAAGCTCGTCTTTTACTGCCTGAATCTCTGATCCGCCTCGTCCAATTACTACACCAGGCCGGGAGGTCCAAATTGAAAAACGAACTACATTGCCCACACGCTCAATATCGACTCTGGAAATTCCGGCATGTGACCATCTATCCAAAATCCACTTTCTAAGAGCGAGATCTTCATGGAGCTTTTTGGCGTAATCCTTGCCTGTAGCGTACCATTTTGATTCCCACTCCGTTACCACACCTAATCTATAACCAACTGGGTGAACTTTCTGTCCCACGAGTTCCCCCTCCTTAACGTTCCGCAACGATGATCGTTACGTGGCTGGTACGGTGACGATAGGGATGAGCTCTTCCCATTGATACTGGGCGGAAACGTTTCATACTCGGTCCCTGATCAGCCGTAGCTTTGACAACCCGCAGCTTGTCAGTATCCATACCATAATTGTGCTCGGCATTGGCTACTGCACTCTGCAATACCTTGCTGACGACCCTCGCTGATTTCTGAGAACTATATTTGAGAATCATCATCGCTTCATCAACTTTCTTCCCTCTAATAAGGGGAAGAATGCGTCTCACTTTATAAGGAGAAATACGCACTTGTCTGGCAAGGGCTTTTGCTTCCATTCCCATCACTCCCTTACCTCACTCTCGAGGAGCGTTCCTGACCCGCATGACGCGCTGATTTGCGTGTTGGGGCGAACTCTCCAAGTTTATGTCCTACCATGTTCTCACTTACATAAATAGGAACATGAATTCGACCATTATGTACCGCTATTGTATGACCAATCATCGCCGGAACGATTGTTGAACGTCGGGACCAGGTCTTCAGAACCTTTTTATTCCCGGAAACGTTCATATCCTCTATCCTGCGAAGAAGTTTAAGGTCAACATAGGGCCCTTTCTTTGTTGAACGAGCCATATTTAGTCCCTCCTAACGCTACTTCGCATACCGGCGGCGAACAATAAGCCTATCAGAAGGCTTGTTCTTCCGGGTACGATAACCTTTTGCCAGTGTGCCCCAAGGAGAGACAGGATGTTTATGAGATTTACTACGTCCTTCTCCACCACCAAGGGGGTGATCCACTGGGTTCATAACCATTCCGCGAACCATAGGCCTTTTGCCCATAAGGCGAGTTTTACCAGCCTTACCAAGAGAGATATTCTCATGCTCTACATTGCCTACCTGGCCAACTGTAGCCATGCATTCATTTAAAACAAGACGAAGCTCTCCGCTCGGCATTCTGATGTAGGCATACTTGCCTTCTTTCGCCATAACCTGAGCTGAAGTACCAGCGGAACGTACCAACTTTCCGCCACATCCAGGTTCAAGTTCTACGTTATGAACAACTGTACCAACCGGCATATCTTTGAGTTTCAATGCGTTACCTGGTTTAATATCCGACTCGGGTCCCGCAACAATCGTGTCGCCAACATTTAAATCTGCTGGAGCCAAGATATATCGTTTTTCACCATCTACGTAGTGAATCAACGCAATACGAGATGAGCGGTTAGGATCATACTCAATTGCGGCAACTTTTCCAGGCACACCGATCTTATCGCGTTTAAAATCGATAATCCGGTAGAGACGCTTCATGCCGCCACCACGATGGCGCATTGTTATACGACCAAGGTTATTCCGTCCACCAGACTTTTTCAAAGCGGCAGTCAGGGCGCGTTCAGGCTCGCTTTTCGTAACATCGTCATAAGACTGGCTCAACATGGCTCTGCGGCCTGGCGTATAGGGTTTGAAGTCTTTTACAGACATATTAATCGTCTCCCCCCTCTAAATACTCGCGCCCTCGAAGAACTCGATTCGTTCGCCTTCTGGAAGGCTTACAATCGCTTTCTTCCAAGAACGGGTTTTTCCAAGGAAAACTCCCATTCTCTTGGGCTTTGCGTGAACTCGAATGATATGAACATTCTTAACCTTAACCTTAAAGACCTCTTGTACAGCCTCTTTTACCTGGATCTTATTGGCGCTAGGGTGCACCTCAAATGTATATTTATTATGCTCCATCAATCTGCTGCTCTTCTCTGTTACGATTGGCCGAATGATGATGTCATGAGCAAGGAGTTTCATATCGAGTACACCTCCTCGATCCGGGCTATAGCTTCCTGAGTCAAAACGAGACTCTGGTAGTTAAGAAGATCATAAACGTTGATATTACCAACATTAATTGCTCTTGCCCCAGGAATATTTCTTACAGACTTAGAAATAGCTTCATTGGGCTCATGAAGAACGATCAGAGGTTTCTTTACACCAATCTTATCAATAAACCCGAGCATTTCTTTTGTCGATGGGGTTTCGAGATTAAATTTATCCACTACTGTTAACAGGTTATCTCTAACTTTAAGAGATAGTGCACTTCTCATAGCAAGACGACGAACCTTCTTATTA
NZ_CP133089.1_gap35	1465503	1467660	2157	CCCGGCATAACCATCTCTACTCCATCAGGAAGCTTGATACCTCCGGTTACGTCTGTTGTTCGGAAATAGAACTGCGGCTTATAACCAGCAAAGAACGGGGTGTGACGGCCGCCTTCCTCTTTCTTCAACACGTATACCTCAGCCTTAAACTTCGTGTGGGGTGTTATAGAACCTGGTTTCGCTAATACCTGTCCACGCTCTACGTCTTCCTTGTCGATACCACGAAGAAGTATTCCTACGTTATCTCCCGCTATGGCTTCGTCAAGAATCTTACGGAACATCTCAAGGGAGGTCGCTACTGTCTTCGTCGTATCTGGCTTCATGCCTACGATCTCAACTTCTTCGCCGGCCTTGACCATTCCTCGCTCCACTCGGCCTGTAACTACTGTGCCACGGCCAGTGATGGTGAATACGTCTTCTATCGGCATAAGGAAGGGCTTATCTGTCTCTCGCTGCGGAGTCGGAATATAAGAATCACATGCAGCCATCAAGTCCCAAATGCACTTGCTTATAGGATCGCTCTCTTCGCCTGTGCCCTCTTCCAATACCTTCAATGCGGATCCGCGGACGATGGGAACCTCGTCTCCGGGGAACTCATACTTGCTCAGAAGCTCACGAATCTCCATCTCAACAAGATCAAGAAGCTCTTCATCATCAACCTGGTCGGTCTTGTTCATGAACACGACTACGGCTGGAACGTTAACCTGACGGGCAAGAAGTACGTGCTCTCGTGTCTGAGGCATTGGACCATCTGCTGCTGATACAACAAGAATGGCTCCATCCATCTGAGCTGCTCCCGTGATCATGTTCTTAATATAGTCTGCGTGACCAGGGCAATCTATGTGAGCATAGTGACGATTCTCCGTCTGATACTCTACGTGAGAAATGTTGATCGTGATTCCTCTCTCACGCTCTTCTGGCGCCTTGTCGATCATGTCGTACGCCTCAAAATTCGACCAGCCCTTCGTCGACAAACATTTTGTGATCGCTGCTGTCAGCGTCGTCTTTCCGTGGTCTATGTGTCCTATCGTTCCCACGTTAAGATGGGGCTTCGCTCTTTCAAACTTCTCTTTTGCCATTTTAGTCTCCCTCCCTGAAAAGGCTAGTTATTAACCCTTCAAAACTTTTTCAGCAACTTCTGCGGGAACCTGCTCGTAGTGATCAAACTGCATGGAATATGTAGCACGTCCAGAAGTTTTACTCCGCAAATCTGTTGCATATCCAAACATCTCAGCTAATGGCACAAAGGAGCGCACTATTCTTGCGTTTGCCTTTGTTTCCATACCTTCAATTCGTCCGCGACGAGATGAAATATCCCCTATGACATCTCCGACATAATCTTCCGGAGTTACAACTTCAACGGACACTATCGGCTCCATAAGAACGGGACTCGCTTTTCTCATAGCTTCCTTGAATCCCATGGATGCCGCGATTTTAAAGGCCATTTCCGAGCTATCAACTTCGTGATAACTTCCGTCAACAAGAGAGACCTTGACACCTATCACAGGGAACCCGCCAAGTATACCATTATTGATGGCCTCATCAAGTCCCTTTTGAACGGCTGGAATATAGTCTTTAGGGACAGCACCACCAACAATTTTGTCTTCAAAAACAAAGCCCTTTCCTTCTTCCAAAGGCTCCATTTCAAAAACAACATGTCCATACTGGCCACGGCCACCAGACTGTCTGACAAAACGTCCCTCGGCACGTGATGGCTTGCGTATTGCTTCTCTGTAAGAGACCTGTGGACGTCCAACTTTAACATCCACACCAAATTCTCTCTTAAGACGATCTACTATAATTTCAAGATGAAGTTCTCCCATACCAGAAATGATAGTCTGCCCCGTCTCTTCATCTGTTCTGACTCTGAATGTGGGGTCTTCTTCTGCAAGAGCAACAAGGCCCTTTGTCAGCTTGATTTTATCGTTCTTCGTTGCAGGCTCAACTGCAAGCGAAATAACTGGTTCTGGGAACTGAAGAGATTCAAGAACTACAGGTTTGGATTCATCACACAGAGTATCGCCTGTTCTCGTAGCTTTCAATCCAGGTAAAGCGACAATCATTCCTGCGCCTGCTTCATCCAACTCTTCTCTCTTATTAGCATGCATTCGTAAAATTCTGCCGATTCTTTCTCTGGCCTTTGTTGAAGGATTGTAA
NZ_CP133089.1_gap36	1594256	1598122	3866	AAGTTTAATTTTCCCAAAACGGCTAAAAGCAATAATGACACAGAAAAGCAAAAGTAAAGACATTACAGAAACGTAGAGCCAGCCAAATTTGGCTATTAAAAAATCAAAAACATTACTGGCTCCGACACCTAATCCTTCTGGATCAACTATGCCCCAAACAACTACAAAAAGAGTGATACACAACGCTACAATAAAAACTGGATTCATCTTCTTGCTTTTGCCCATTGATAATACTCCCTTCTTTGCACGAAGTTAAAGTAATAGTAATTATGAAGAACAGGAGAAACTGAACTTATCGAGCTTCTCCTGTAATAAAAGCCTCATTCAAAGACTGTCTGTTTCTGAATGTCATCTGTTAAGGCTAAAATAGCCTTCTTTACAATTGCTAATCTAAACTCGAATTCTTGATCTTTTTCAAGGGAAGGATTACCAAGTGGATGAGGAATGGAACTTCCTTGAACTATCCTATTAGGACCGATAGAAGCAGCTATATCGGTTAAATTTGTAATTACAACAACAGGAATGCCAGCTTTTTCTATTTCCTTAGCCATCGTTGACCCGCAACGAGTACAGGTTCCTCAGGTAGTCACAAGAACTACAGCATCCACAGCCTGTTCTTTTAATTTTTCTACAATCTCCAATGCCATTCGTGAAGCTTCTTTTTGAGTTGTTCCCGTACCTACTGTTGCAAAATAATAATCGTTTACAGATCCAATCTTTTCTTCTTTTACTAGATATTTCAGAGCATCAAGGGGTAAGACTCTGTTAGGATCAGCATTAGCAGCTTCTGAATCATAACCTGCATGAATTGTTACAAAATCTCCAGCAGGAAGCCTATCAAGTTGAGAAACGTTATACTCTCCCCAAATAGTTGCAGAAGCAGATTGTATCCTGTCAGGATTTTCCTTAGGTACTATTCCACCAGATGTAACTAAAGCAATTCTAGCCTTAGTTATATCCTTTACAGCTGAAGCAATAGGAACAATATCTGGTTCAGGAATAGGCAACTCCGTTTGAAAAGATTCACCTTTCAACTTTTTCATTAACATGCTAAAGAGACGATCATGGGCAGGAATTGATGGTTTGGGAAAATATTGGTGACGAATGCCTCGTCCGAAATATCCCTCTTCCACAGCAGGAGCCAAGACCTCTTTACGAGCAATTTTATCTGCAAAAAGAGCCATCTTTTCCGCATCTTGTTTCATAAAGGTAGCTTTTCGACCACCTTTAAAGATGTATATATCCTTCTTGAACAATTCAACGCCAGGATTCTCTTCATTCATAGATGTAATTACTGGCACGTTAAAATGATTCGCTACAGCTTTACAGATAAGGCCACAACCACTTCCGTATCGCCCAGCCATAAATGCCGGACCGGCAAAGAAAAAGTCAAATTCCTCTTTTTCCAACCATCCAATGATCTCTGAAAGGGCTTCTTCTGTATGCTCATTTACATAATTGTCCCCGCAGATGATAGTATGTGTAATTTCAATTTCAGAAAGAAGAGAATTGAGTATATTAGAGCAACCAACTAACTCTGTGTGAAAAGAGGGCCGATAATCAGCCTTGTCTTCTCCCCCAATTTGTCCAAAAAACTGATTTATGTAATGGATAGCTTTCAACATGTTACGCCTCCTTAAAACTCCGCACAGCGTTTAATAGAATCGCCTGTTTGAGCATCGCCATCAAGAAAGGCCTGCGCCTCAATAGTGAGAGAGCCATCTTCACGTACACAACCTTCCCATCCACCACCACAACCGTCTCGAGCAATAGACTCTAAATCTCCTAAAACAACAGGCATAGAAGGCAACTCTAAAATTTCTGATACATTTCCTGTAGAAACCAGGGCATCAGCTTCTTTTCTCATAAGCACCATAGGTTGAGAAGCTCCGTCTCTTCCTGTGCATTCATTAACCGCACCTACCGTTTTTATCCCCATTTTTTCAAGCTCTGCTATAGTGAGCATAAAACCCACATCAGCATTTCCATATCCTTCTCTGGAAATGATGACTCCGTCTGCCCCTAAAGCTTGCGCTAAACGACTATCTGTTAAAACGCACAGCTTTTTCTCGCTGAGCTCAACTGTCTCATTGCTCAGAATGACGCCAAGGAAATTGATTTCTTTACCGTGCTCTTTCATTAGTTTTTTGACTATGGAATTATTTTGAAAGGAATATGTTGACATATTGTTTGAAGCAGGTGTAAAACTGCCTCCCGCAATAGCACCGTCAAGAATTTCATTGGGATGCACATACATAGGAAGAATTCTCTTTGTATCCCAACCATAGTACTCTGCGTTATATCCTCTGTCTTCCCATTGTGCCAACACCTTCATTATATACGCAACACGAGGAAGTGACTCTACATCTGATCCGCGCTTACCAAGAGGAGGTAAATCATAAACTTCTATATCCTCCGGCTCAAGATGTCGTAGGCATTCGCCTAAATATTTTGCCAGACGCATCCCTGCTTTACGATGGGCTATATTTCTTTTTTGGAATGCTCTCTTTTCAAATTCTTCGTCAGTTTCTGCTACAAGAACCAAATTGGTCATTGAGCCGAAAATAGTATGGTTCTGAAATTCTCCTCCCATATCGATTAGACCATCCTGAAAACATCCCCAATGTTTTCCAACAGAGAGAACGGAACACTCCTTTAACGCATGGGTACGTCCTTGTCCTACAGGTTCGAAACTATCAAAAAAACCAGGGAAAATAGAATTTCCAGTAACTTTACATCTTGGTTCAAAAGCATCCTTTACAGGCGTGATACGAACCATGTCACCCGGCTTAACGATATGTAATTCTGCTTCCGTAATGTGAGCGTCTTCAAAAACTACATCTAAGGCTTCTTTTTTATTTATAGTAAGAACGCCGTTACTAAAAGCTGTCGCATCGCCAAAAACCATATCTTTCACATGAAAATTACCTATCTCTAATCTCATAAAAAACCATCCCCCCTTGGAGACTCATTCTAGGGGGGATGGTGTGTGAGTGTATATTGCACACTGTGTAATAGAGTAATAAGCAAGTGTATGATTTTTATCTCACACAGTGAGTGAGATAGGTGAAAAAGGAGGGGACTTTGAAGGATGTTACTCTTTGCAAATACCCTCTCGAATACAATATCGGATCAAATCAACAAAAGTATCACAGTTAAGCTTTGCCATGATATTGCTTCTATGAGTATTAACGGTATGGCGGCTTATAGAAAGTTTTTGTGCTATTTCATGAACTTTAAGCCCATGAGCTAAAAGGCATAAAATTTCTCTTTCTCTCTCTGTTAACTCAGGTTCTCTTAACTCTTCTGAGTTTTCCAGGAGGTTAAGGTAGTTTTTTATAATCAACGAACCTGCTGTAGAACACAAGTAAAAAGCTCCATAATATACCGCTTGAATAGCTCTCTCCAGCTCTTCTGTCTCGCAATCTTTTAAAACGTATCCAGTAGCTCCCGATCGAAGCATATCAGAAATAATATAAACATTAGAATACATGGAAAGTGCTAGTACCTTCAAATCAGGTAAGCATTTCTTTAACTTTTGGGTGAGTATGCTTCCATTCATATCAGGCATCGTAACATCTACGATGGCTAAATCTATATCCGAATTTTGACTTATGACTCGCAACGCTTCTTTTCCACTGATCGCTGTAAATATTTCTTCAATAAAATTATTTTGTTCAAGGGATCGCTTCAATCCATCAAGAAACATTTTATGATCATCAACAAGCAATATTTTCATCTAAAATTTAACCTTTCGCTCCTGTAAATCTGTTGTATTGGCTGGAGCTGAAACTAAGATAGTACTTCCTTTCCCCGGCTCACTAAGAATTTCAACCGTTCCTCCAATATAATTAAGCCTTTCTTTA
NZ_CP133089.1_gap37	1601279	1602139	860	TTATATTTCCCCACAATAGGTGATTTTCTTCACTCTTGCTTTAAAAATATCTTGATGTTAATATTTCTGGCATGCCGGCATGATTCTTAAAAGTTATAAAAATTATTCCATAACAGGAGGGTGCACTACATGTTCTCTAAATCAAAAAAATTTTCATTGTTCTGTGCGCTTTTACTTACGATTGCATCATCGATGCTACTCCCGCTTTCTTCATCTCCAGCACTAGCACAAGAAGTTCCTGTAATTAAAATGGCCTGGGGCTTTGATCTCCATGCAGGCATTTTACTTGTTGCTACAGCACGAGGCGAAAAATTCAAAGATGGCGGAGTTTATCTCAAACCTATCATTGAAAAACAGCAATATGAACTTTATTCTAATGGCGAAAAGATTGCTTTGCTTGAAATGGTTGTTACAAAGGGAAGTTCTGAATCGGCAGTTCTCTTAGGTCAAAAACGACTTGATTGCTGCGTTAATTCAACTACCGGCATGATGTTTGCCTACGATAGAGGAACTAAATTACGCGTCCTCTGCCCTATACATGTAGATGGAATAGCCCTTGTGTTCCCTCCCGAAACAAAGTTTTATGGCTGGGATGCCTTAGAAAAACATATAAAGGATTCGCCTAATCCCGTTCGTCTTGGCTACCACTCCCCAACTAGCGCGCCGCGTGTTGTTCTTGAAACAGCTTTAAAAAAAGGAGGATTAAAGGTTACCGAAGATCCAAACGACTCAACTGCTGATGTTTTACTTGTTGATTTAAAAGGCGATAGAAATATGCTACCAGCTTTCTCTGGAAATTTCGTAGATGGTTGGGTCGGCCCGTCTCACTATCCAGAAACAGCAGAAGCTCAAGGGATAGG
NZ_CP133089.1_gap38	1772719	1776320	3601	GTTAAGTCCCACCTCTTCGTGTATATATGTTGTTCCTGCCCCGTGTACTCTGAGTTTTTTCAGACGTTCAGCCAGTTCTCCATCCGAACTTACAACCATGCCACCGTCTCCATATCCTCCCAAGTTTTTAGTGGGGAAGAATGAATAACAACCTATAGTCCCCCAAGCGCCAGCTCGTCTTATTCCCCCATTGGCCTTTCTCCAAGCTCCAAAAGCTTGAGCAGCATCCTCTATTACAGCAATTCCCTTTCCTTTCAATTCTTCCTCTATCTCTTCAAGAGGAACCATTTGTCCAAAAAGATGAACCGGGATAAGGGCTTTTGTCTTAGACGTAATTTTCTCGCGAACCTGATTGAGGTCAAGATTATAGGTTCGCGGATCTATATCTACAAAAACAGGGACAGCTCCAAGTCGAGTTATACAGCTTACTGTAGCAAAAAAGGAATAAGGGGTCGTTATTACTTCATCCCCTTCTTTTATATCTAAAGCCATAAGAGCAAGATAGAGGGCATCACTTCCCGACGCACAACCAATAGCAGTTGCCCCCTCAAGATAACTGGAGACTTCATCTTCAAAATTCTTCACAGCAGGGCCAAGAATAAAGTATTGGCTCTCCAAAACTTCATTTATGGCTTCTCGCACCTCATCTTTAATACGAGCATAATTTCTAGTAAGATCAAGTGTTGGTATTTTCATTTCCATATTATATTTCCTCCTCAAATACAAACTTATAAAAGGCATTATGACAAAAAAGCCCCTTCTCTGCTATATATCTTCACATGATCCCATGTATTTTTGGCAAAAAAAAGAGGCTGGATTGCTCCAGCCTTTCTCATCTTAAAAATATTGAAGTAAAGTTTTACTCTTCTCTTGCTCTTCGTAAACCTTCAATAGCATCTTGAAGATGGGCTCTTAAAAGTTTTACACATTTTTCAGAATCGTGATGACGAAGCGCCACTAAAATTTCTCTATGAGCATCAATGCTGGGCATCGTCTCAAGCTGATAAAATGGATCATAAAATACTACATAAGCATTTGTGCGAGCCAAAATATTTTCTACATATTCGGATAAAACTTTATTACCGCTTGCGTCGGCAATAGCTTTATGGAAGGCTTCATTGACCTCAAGATACTTTTCAAGGTCTTTTTCTTCTATGGCTCGACCCTCTTCTATCATCGCCTCTTCCAGGCGGCGAAGATGTCTGTCTCCAATCCTCTCAGCAGCAAGCTTGATTGCTAAAGTCTCCAACTGGTCTCGTACCAAAAAGGTATCCTCTATCTCTCGCGCTGTAGGTGCAGCAAGACGAGCTCCACTATTAGGGATAATAATAACCAGACCCTCGCTCGCTAATCTTCGTAGCGCCTCGCGGACAGGAGTACGGCTGACCCCCATCTGAACAGCAATATTCACCTCCGGAAGTCTCTGCCCTGGTTTTAACTGCTTTGTTATGATTTTGTGACGTAATTCCTGATAGGCATAGTCAGCAGAGGTTGTATATAATCTCGCTTCTCGCATTTAAAAATTCCTCCTTGATTCAAGTAAACAATTTTAATTGTATAAGAGTCTGTCTTTTGCATAAATAACTTTAACATACGTCATACGGCTCTACAAGATGTAAAAATGGTAAAATACGCTAAAAATAAAAAAATAACTGAATTGATCTCATTATACAGCATACCTAATAACGCATACAATAGGAGGTCTCCCATGAGACAATGTGTATTGTTACTCTCTTTTGCAACTATTATTTGTTATGGATATGCCCTTGCCGGGCTTGGAGGTTTTTTTCTTGGAAAAGGAAACGTCTTATACATCGGTCTCGGACTGCCAGGAGGTACAGTATGTGGCATTTTAGCCATATGGCTGTGGAAAAAGTATTTACATGCCCTTCAAGAAGAAAATGACCTCTATAAAAACGCTCACAAATAGACTGAAGGACGTAAAAAAGAACCCCATGCATCATAGAGACATTGAACAACACAGTTCATATGTTCACTCGAAACACCGCAAACAGACAAGCGGACAGCTTCGACTCGTTTCTCATCTAAAGAAAAAACATTTCCAGGAGTTACGAGAACTCCGTGGTGGCAGGCTTTTTGTGCTGCATCCCACCCATCAAGACCTGGCAAATGAAGCCAGAGATAAATTCCTCCGTCAGGTATCGTAAAAAAAGATGTCGGTAGTATCGCCGATAAAGCGGAACCTAAAGCTTTCATTCGAGATTCCATAATACCCCGAGCCGATTCGAGGGCTGATTCAAGCCCTTTATTTTCTATAAATTTCTGCACTATAAACTGATCAAGCGAGGATACAGGCCCCCATTTACTTGCTTGGAGAGAAAGAAAAACTTCCATCAATCGATCTGGAATAAGAGCATATCCCAATCTCAATCCAGGAAACAAGACCTGACTGAAAGACCCAAGATAGAGTACTCTCTCTGAATTTTCCATAGCCTTGAGAGCCGAGACACTTGCCTCACCATAACGTAATTCCCCGTAAGCATCATCTTCCAATATCCAAAATCCATTTTGGGAACTCGCCTGCAAAATCATCTGCCGAACTGCAACAGAAATGGTCTTTCCCGTAGGGTTTTGAAAACTGGGAACCAAATATAACACATCAGATCCAGACAGGCATTCATACCACGTTTCAGTTATTTCTTCAAGAGGCGGCAGCACTTCAATACATACCCCTTCAGAACGAGCAATCATTACAGCGTCAGGGTAGGTCAATTTTTCCACCCACATTTTTCGTATACCAATATTTTTTAGGGCTTCAATAGAAAGAGCCAAACCGTGGCGTCCCCCTGCAGTGACAAAAACATCTTTCCAAGATGCAGGGATTCCCCTTGATGCGCTGTGTTCAACTAAAACTTGTCTAAGAGAGTTAAGTCCAGCATGTGGTGCTTCACATAAAGCATTATGTCCCCAAAAAGCAAGAACATCCCGTGCAATACGTGATAAGTCTAAAGAAGGAATAAGATCTGCAGAAGGTCGAACTGTATCTAGATTCCAATATGTATCGGTTTCTTCTTCTATGCTCTCTTTCTCTATCACTTTTGGGGTGACATATGTTCCACTTCTCCCACGCTCTATAACATAGCCATAGTCAGATAAAAGCGAGTACGCCTCTGTGACTGTAACCCTTCCGACACCAAGATCTTTAGCTAATTTTCTAGACCCCGGCAATTTCAAACCTGCCGGTAAGGCTCCTTTTTCTATCATTTTTTTAAGATGAAAAGCTATTTGCCGATATAAAGGTGTTTCAGATTCGTGATCAAGAGGAATTTCGATCATTATATTTACCCCTTTTAAAAAATGTATTTATTTCAACAAAACATTATAGCTAATTAAAATGCGAAATTGTTACGTTGCAAAAAAAGAACATTCAACAGATACTATCAAGAGATATGATCAATTACATAAATACGGAGTGAGATAAAATGAAATATGAGAAAAATTCATATTTTTCCCATGACGTGTCAAAAGATGTTTCTTTAAAAGATACAGATTTATTGTACCGTCAACTTTTTTACAGAATTTTTGACCCGCTCGCATTATATAAAGTTAACTACGACGCGAAAGGAAAGGCAACCAGCGT
NZ_CP133089.1_gap39	1810750	1812364	1614	TATTCGTGTCTGGGTAATAGATGGGAGTGAACCCTTCACACCTGCAGATCTAGCTTTCATTCCTAAACTATCATCAACAAACCATATAGTTGCAATCAATAAGTCAGATCTTCCACTCGTCATAAGTGAGGAAATGGTGAGCGGCCTTTTACCCCAAAGCCTGATTTGCAATATTTCAGCAGAAAAAAGAGAAGGCATAGAGACATTAAAAGATACCATTGTGGCAAATATTGCTGGTGGAGGAACGCTAACTTCCGGTTTAAATGCTTCATCTCGACAAGTTGAGGAAATTAGACGAGCTATTCAATCATTAGCTCAAGGCGTAACAGCTCTTGAAGAAGGTCTTGGGCAAGATATTGTAGCAACCTGTTTATACGACGCGCGAGGATGTATGGAGCGTCTTCTAGGGCTTTCCATTGATGATGCTTTGCTTGATACAATTTTCAGCCAATTTTGCGTAGGCAAATAACAAGAATATGAGGAGGCCTAAAAATGGAAAAAAGCGCAGATAGTGCATATCTTATTCACGAACTCATCCGAAACAGATGGAGTCCGCGATCCTTCACAGACATGATGCCAAGTCAAAGCCAACTTCTTTCCCTTTTTGAAGCAGCACGTTGGGCTCCTTCATGTTATAACGATCAACCGTGGTTTTTTATTGTCGCCACAAAAGAAAACCCAAAGGAATACGAAAAAATGCTATCCTGTCTTGTTGAGCAAAACAGGATATGGGCTCGACAAGCACCTGTACTCGTTATATCTGTGGCAAGAATAACATTCTCTCTTAACGGCAAACCCAACGCTCATGCATTTCATGACCTTGGAATGTCCATACAAAACATTGCCCTTCAGGCAACAGGAATGGGATTGGCGATACATCCGATGGCCGGTTTTTCAAAAAAGTGTACTCGGGAAACGTATAACATTCCCGAGGGATACGATCCTGTAACAGCTCTTGCCATAGGATTTCCAGGAGATCCGAACACTCTTCCCGCTGCTCTTAGAGAAAAGGAAATGGAGCCACGACAAAGAAAAAGTCTAAAAGATTTTATTTTCGCTTGCACATGGGGCGAAAACTTTATATCAGAATAAAGCATAAAAAAAGGGGGAGCAAAGTTATTTAGCTCCTCCTTTTTTATAACTATATAACAGTCTTTTTAAACGCTACTATCTTTTCTGAATCCACTGCGAAACATCTGATCCGAGGGCAGGGATACTAAGAAGATCCCCCGACTGTCGTGTCAGCTTGAATTTCTTTTCGATCTTCTTGATAACGTTTTTTTGTTCATCCATGATTTCTACATGAATCTGATGAGATTTTCCGATGACAAAAACAACGTCTCGTCCGCCAGCTTTCAATAGAACTGGCTTTTTAGATGTGCTCACATCCACATTGACCCAAGCATAGGGCTGTAGTTCCTGCCCATCAATCGTAATAGCCTTATTATCTACAAGTAAGTTATATCCTTTTCCTGCGTTATAAAGAAATACGGAAATAATCACAAAAAATATGATTATCCCCACATTAACCGTTGATCGTCTCATATCCTATGCCTCCTGTCTATGCCTTGTCAGGCATTCCCACGTAAGGCTCGCCGCGCTCTATCTTTATCT
NZ_CP133089.1_gap40	1820439	1822471	2032	AAGGGATCGACACCAAATTGACTTCCTGCTTCTAATACATAGTGTGCATAATTTTCTGCACGATCTACTTCGAGATTTTTATTTTTTTCTCTAAAAAATTCGGCAATGGCTTCTTTTCGTACTTGAGTCTCCATCTCTTTTTGTTGCCGCTTCTCTTCTATTTCTTTTTCTTTGCTGAGTTCTTTATCTCTCTCTTGTTGTGCGTACATCTCCGAGGGAAGAGTTAAACACTGCCCCTCTGCCCAAACTGGAGAAGACAAGAAAAATCCTACGAAAAGAAGTGAAATGATAAGTGAAATGTTCTTGACATTTATTTTTGAAGTCAAACTACTCATTACCTGAGCCCCTTCCCTTTAGCATACATTTTATTAAAAAGATCGTCTGGCAAAAAAAGCCCTCCTGTAAGCCAGGCTATGTGCGTTCCTTCTGCTGGAATTTCTGGTGTAACCAACGGCCCTTTTATACTCGCAGCTCCAGAAGGTTCTATTTTTTTCTCTTCCGTATCATAAAGAAGGGCGAGAAGACGATAAAGTTCTTTATCTTCTATTGTATAGATTCCTTCTATCAAATTTCTTTCAAGCTTCATTACTAGTTTAGAGGGAGAACCAACAGCCAGACCATCAGCTTCAGTTACTCCATCAATACCACAATCTGAAACTCGAATAGAATCATCATTCTTAAGCATTCCAAGAAGCATACAGGGAGCATGAGTCGGCTCCACAAAATAGCAACGTACAGCATCGCCAAAAAGATGCTTCAACCCAAAAGCTATTCCACCTGGCGCACCCCCAACACCACACGGTAAATAAACCTGAAGAGGGTGAAGATCGTCTACGACAATTCCATATTTCTTAAGCTGTTTTTCAAGTCGAAAAGCCGCTACAGCATATCCTAAGAAGAGATCCACCGAGTTTTCATCATCTACAAAGTAAGCTCTAGGATCTTTTGCGCACTCTTTTCTCCCTTCTTCCACGGCTTTCGAGTAATCGTCATCATATTCCTTGACTATAACTCCATGATTCCTCAAAAAGGACTTCTTCCATTCTTTCGCATCTCGAGACATATGCACTGTTACCTGAAAGCCAAGGGTGGCCGAAATAATTCCAATGCTCATTCCAAGATTCCCTGTCGAACCAACCGCCACTTTATATTGAGAAAAAAAGTGACGGAATCGTGGTTCATAAAAAACAGAATAATCGTCATCAGGAGAAAGTAATTTTTCTTCCAGAGCTAACTCTTCCGCATGTTTCAACACTTCATAAATGCCGCCCCGTGCCTTTATTGAACCAGCAACTTGAAGTTCACTATCGCACTTAACAAAAAATCGGCCATTTATTTTATGTTTGTAAAGAGTCTCCATCGCTTCTTTAAGATTGGGGGTTTCACACAGGGGAGATTCGATTATGCCATCTTCCGTTTCTGGAAAGGCTTTTTTTAAGAATGGAGCAAACCGTTGTAAACGATCGCCTGCATCCTTTATTTGCATAAATGAAATGGGAAGCGTTTCAAGAAGTTTTACTGCGTCCTCTTTTTGATTGTTAACCCATGATACAGGCTCCATTTTCAAGACACGCTGAAGCACAGTATTCGTCTTCTCCATAAAATCAACACCTCTTTTTCTTTGGAAAGAGTGTCGCCATAAAGTTTAATTAACAATAGGAGGTATTCTAATAGAATATTGAATCTTCATCAACCGCTATTATACCGAAGTCCTTCTATGAAGAATGGTGTAAATAGGTGGAATAGCAAAAAGTGCTAGTGTCCCCCCCGCTATAAGACCTCCTATAACCACTATGGCCATGGGAGCTCGATACGGTCCACCTGCACCTAGCCCGAGCGCTAATGGAATCATGGCAATAATGGATGTTAAATCAGCCATAATAATAGGACGTAATCTGACAAGACAGGCCTGACGGATAGCCTCGCGGGGTGCAAGACCTCCTTTTCTGCTTTTTTCTGCATAGTCAATAATAACGATTGCATTATTAACAACAAGTCCCACAAGCATAACGACACCAAGCAAGCCGTAAAG
NZ_CP133089.1_gap41	1826561	1829039	2478	ATGAGTCGATTGTATTAACTCTTCATATTGCTTCTGTTGCAATTTCGATTTTTGTCCATCAATAATAGGCACTGTCATTACTAACGAGAGACGGATATCACCTTCCAAAGACTCTTTTTGCTCGCTATCGGTAAGGGCTACATATCCTAAACTAGCTTCAAGCATTGGAGAAAGTCCTTTGGCTGCAAGAATGCGCGAGAGTTCCAGTTGTCTTAACGTCAAATTGAGTATGTTCAAATCATCTCTGTTGGCTAAAATTAGTTCAATAGTTGATGAATTTACAGATAGAACAAACGAGGTTGATATGCTCAACGAAGAAAGGGCTGTTTCTGGAATCATATTCAAATGTTGATTTGTCGCAAGAACATTCATGGAGGTCAAAGCATTTTGGAAAAAAGCTTCAGCTTCAGTCAAAAAGCTTCGGCTTTCTTCTACTTGTGTAGATGCTCTAATAACATCAAGTTCTGGAACCATTCCCTGCTTATATTTTTCTTGAGCTACTTTTAATAGTTCAAGTCTCTCATAAAGAATATTTTTTTGTAACTCTACATTTTCTTTAGCCCACGCAGCTTCCCAAAAGGCCTTTTCGGCCTGCGCAAGAATTTTATTTTTTTCATCTTTATATTGGAAAATAGATTTCTCATATTCAATAAGATAGTATTCTTCTTCAGGAAGATATTTTCCAGCAATATCTATTTTTTGAAGTACGTTTAAAGATAATGTCTGTTCATTTTTATTGCTTCCAGTAAAAACGATATTCTCTGTTTGAAGATTTATGGCAAGCCTCTGATGGGCAACTAAGGACTGAACTTCTGAGAATTTAGCTTTTGCTTGTTTCACAAGAGCTAAAAGAGTAGGATTCTGAGTATCCACTATTCTGAGATACTCCTCTCTATTTATGAGAGTAGAAGATAGAACAGGATTCGGCTGTAAAAAAAGACATAGGCATAAAAACGACAAAAGAAATATACATTTCCATCCTTTATTTTTCACTTTCATCTCCTCTTTATAAAACTCTAATTTTAAAAGTATAATATTCTAACAATTTCATTACTGTCAAGTCGCAGAGAGGTCTGGAAAGTAAACAAACTATAATAAGACTATTTTTGAATTTAGTTGACAAAGTTCAAAACTTCTGCATAATAGGAGAACACAAGAACGGGTATTTTAGATAGTGGCCCCCTCTTGAGGGTGGCCACTTTTTTATGCCCAATGAGAAACAGGAGGCATTTTTGTATTCATGAAACAAAACAACTTTGAGCAATACGAACTTCGGCCAGAACTTCTTAAAGCCCTTTCAGAGAGAGGTTTTTCTTCTCCAACCCCAGTGCAGGACCGAGTTCTTTCTGAAAATATCTGGGAGAAAGATGTTCTTGTCAGAGCAGAAACAGGTTCTGGTAAAACATTGGCGTTTCTTCTCCCTTTACTACAGAGAGTTACCCCTGGTGATAGAAAATCAAAAACGTTAATACTCTCACCTACCCGAGAGCTCTCTCAACAAATATGGAAAGAAGCCGATTGGCTCGGGAGATATCTTAATATCTCTACAGCATCTCTCGTCGGTGGAATGGACATGTCAAGGCAAATTCGTTCTCTGCGAGATGGTTCTTGCGTAGTAACGGGAACGCCTGGACGAGTTTTAGACCATATCAGAAGAGGAACTCTCGACACGTCAGGAATAGAGACTGTTGTTCTTGATGAAGGAGACCATATGCTTGATCTCGGCTTCAAAGAGGAACTAGAAGCCATTCTTGATAGTTTTCCAGATCGAAAGCAAATATGGCTTTTTTCTGCAACTATGCCTGCAGAAATCAAGAACCTTACAAAAAGATACCTTACAACTCCTCTCTTTATCGCTTTGAATAAAGAGGGCGAGGCCAATGAGGACATTGTTCATGAAGTATACCTGGTGCCATCTCGCCACAAAGAAGAAGGGCTTGTCAATACCCTTTTGTGGGAAAAACCAACGAGGGGAATTCTTTTCTGCCATACACGTGCGGAAACAGTAGAACTGGCACGAAAACTTCATGATGAGAATTTTCAGGCTGTCTGCCTTCATGGTGAAATGAGCCAGAGGGAAAGAAATATGGCTCTTTCTCAATTTAGAAGTGGACGTGTTCCTCTTCTTGTTGCTACAAACGTAGCTGCTCGAGGGCTGGATATTCAGGGAGTTTCTCACGTTATTCAGATGGGCTTGCCCGATAACAGAGAAACATTTGTACATAGAAGCGGAAGAACAGGACGAGCTGGTCATGAAGGACGAGATCTACTTGTACTTTCTCCCAAAGAAGCCGCAGCCTTCAAGAGTATGGTACGAACTTCGAATATCTCCATAACATGGAAAAATGTTCCCGACCCCAAGGATATCCGTAAGAAACAACGTATTCTTTATGAAGAAAAAATTTTTGCTGCTGAACATTATGAAACACAGGAGAATCTCGAGTGGGCAGACTCTCTTCTCGAGTGTCACGAAAGTCG
NZ_CP133089.1_gap42	1859004	1863701	4697	GGCAGCTTTCTCATCATACTTTTTTCAACGCTTATTATCTTTTCTTTCTTCTTACCCCGATGGAACAGAATAAAGTGGATTATGGGGTATAGTGGAAGAGCAGTTTCAGATTTTGTAATCCTAGAAGGATGGGGCTCCGCTCTTTTTAATATGGGCCTTATGGGGATAATAACAACTTTCTACATTATTGCTATCAGGGGAAATCTTAACGGCCCCACTATTGGGGGGATTCTTACAGTTGTAGGTTTTAGCGCTTTTGGGAAACACCCACGAAATACAATTCCCGTGCTTGCCGGAATTATTTTGGGTGCAGCAACGAAACATTGGAGCCTTGCTGAACCAGCTATACAACTTGCAGCTCTCTTTGGCACTACTCTTGCACCTATAAGCGGTGAATTCGGATGGAAATACGGACTTCTTGCCGGTTTTGTTCATTCATCTGTCGTTTTAAATGTCGGTATACTCCATTCTGGATTTAACCTTTACAATAATGGCTTTTCAGGTGGACTAGTTGCCGCTGTGCTACTTCCATTAATCGAAACCTTTGCCGGAGGTGAAAATAAAAATGAAACATGAACGGATACGAGTGACGAAGATGGCAGGGGAACTGATTAACGATTTTCTTACCTTCCTAAAATGTGAAAAGATTCAACTGGATATTCAAGAAGATCCGGATGCTTTCAGAATTCACATTACAGGAACATATCGTTACCTGCCAGATGAACGACTTGAGCGAGTAAAAAACTTGCTTTGCCAACCTCGGAACTACGAACTTGAGGAAATGTACTGGAGTCTATCAGGAGAGAGCGATACAGATGCTGAACTTCATCTTGTAGGAATTATGACAGATGAGGTAACAATTGAAAGAGACGTAGAAAACAGGCTTTTATCAATAAACTTGGTAAGAAAGAAATCGTAGGGAGATTAAGGGAAAAACTTACCTGGAAGAAAATATGATACTATGCTATTTCGTCTTTTAAAACTACTTGTTTTTATGGAAAGAGGTGCTCCATAGATTGTCTTTAACCGTAAGGGAAATATTATTTTTTCCTGAACTTAAGGGCGTTAAGGTTATTGCAGGAGAAAAAGGTCTCAATAGAGTCGTCACAAAAGTTACTGTTATGGATGCGCCTGATATCCTAAATTGGCTTCATGGTGGTGAACTGCTGATCACCAGTGGTTACGTTATCCGTGAAAACCCACTAAAGTTAAAACAACTGATACAAGATATGAATAGCGTAAATGCTGCTGCTTTTGGAATAAAAGTACATCGTTTTCTCAATGAAATTCCTGCAGAAGTTATTCAAAAAGCAGATGAACTTGACTTTCCGCTACTTCATATACCTGTCCAATTCACTTTTTGCGATGTCTTTAACCCTATAATATCGAAACTATTTCACAAAGAAGTGGATAATCTGCGCTACTCAGAAACCATACATCGATCATTTTTTGATCTCATCGCCCACGGAGGTGGCGTAGAAGAGATTTTGTCTGCTCTTGGGTATTTTTTACAAACGGATATTGCGTTTCACGAGGTTTCAGCAGGCATAACGAATATTTTCTCCAAAGATGAAGGTTTCAAACAAAACGTTCTAAACTCGTCATTATCGGAATTGCTTCGGATGTTTCCTAATGAAATTGTGGCATCGGAAGATAAAATATACGGATACATCTTACTCAACGCTGAAAAAGAAAAAATGAATTTTGATAATTATAAAGCTGCAATTGAAGACGCAAGGACAGCCCTTCTTCTCGCTATAAAGAAGAGAATTTCATCTCACGAAACAGAAAAACAATATAAAAGTGTATTTGTTCATGACCTTCTTTTTCACAATGTCAAATATGCCCATGAAGTTTGGAATAGAGCTAAAATTTTTGGATGGGACTTTTTGGGCTTTGTTAAGGTAATAGCGTTTGATATTGATAATTTCAATACTCTTCTAGATACTAAAGGAGAAAGCAAACATGAATCGCTAAGAGAACGTATTTTCAGCATTGCAATTGCTATGATGGAATCCAAATTTCCAAAGATTCCGTACGTTACAATGAGTGATTCTGTTGTTTTCTTATTATGCATTGGTGAAGACAAAAAAAGTTTTAATAAAGAGGAATTCTCTAAATTCCTCTCATCAATCCAAAAAAAGATAACAACCGAAAGCGGTACTACGGTCACCATAGGACTCGGGTCTATAAAAGAAAGTGTTTTTCAATGTCATGAAAGTTTTGAAGAAGCCCGCAGTGCTGTCCAATTTGCTCGTAGCATTTCCCAGAAGGATAAAATCCTTTTTTGGGAGGATACTGGAATATACAGAGTACTTAATCCTATATATGACACTAATCCGGCAGTGGCATTCTATCAATCTCATTTAGGAAAACTTATCGATTATGATTTAAAAAACAAATCTTATCCCCTTTTACCAACGTTAAATTGTCTCGTAAAAAATAACTGGTCATTGAATAAGGCAGCACAGAAACTTCACATTCACTACAATACAATGAAATATCGAGTTGACAAAATACATGAACTTATCGATCTCGACATCGACAATCATGAACAAAGGGTTAATATTCTTTTCTCTTTAATCATTTACTATATGAACAATAACTTAAGTATATAAATCGAAAATTTAATATTACAAAGGCCTCCTTTATGGAACTTTTTCGAAGGAGGCCTTTAAACATTTATAATGCTACTTTCTTATTTTGAAGCATTATTCCAAATAAAACTGTTCCAAAGACACATAAGGGAATTGTGATCCATATAGGAAACCAACCAAGCTTAAGTGCAATAATACCTAAAACAAGTGCAATGACTCCAAGCTTAAAATCTCGAATGACAAAGCTTCCAAAAACCCCTCCAAAAATAGCCGGAAGAATATACTTAAATGCCTCTAATACAAGAGGTGGAAAACTAGCAACAAGCTTTGCACCTAAGCCAATTCCAATTGTTAGAATAAAAATGTTTATCAATATGGAAACCCCAATACCCAAGGTAGATAAAATAGCCCCTTCATAAGAACCCTCTTCCACTCCAGCTGCCTCTTGAGCAAGGGCAGAACAAGGAAGTCTGACATTGGAAATGTTACCAGAAAGGAAAGACATATAGGTTCCAGGAACCCCCAAAATAGGGAAATATGCCAAAGGTTCAACAAACCATAATGGACCAGAGTAAGCAAAAATTAAGGCAAAACCAGAGATTATGGCCTGCAACGGAGGCATAATATTATATTTTGCAAAAATATAAAGGGGAGGGGAAAAACTCAACAAAAAAGCAAACAGACATGTCAATATCCCCCAGAAAACAATTGGTTTTTGGAATTTTTCTAAGAAAATCTCTTTCTGTGACATTTTTGCTCACCTCTCCTAAAAAAGGACTGCGGAGAACATACCTAAAGCCATGGCGACACCTAAGGACCACTCTTTAAGCCATCTCTTACCCAATTTATCCGCAACTATCTGCATCACTACCATTGTCAAAGCAGCCACAATAGCAGCAATACTAGGACGACCGACAGTAACAAGAGCTTTTGACACCTGAAACCCAAAAGCACCCAAAATAGCACCTATCGATATTACGGGTAAAAGATCCTGTCTCTTCCCTACAATGCGAGACCTTAATCCATCTAGTTTGTGGGTAAAAAGCCCCGTAATTAACAACCATCCACAAGATCCCAAAGCAATAACCCATAATGAGTTTGCAAACTCTAGCACTCCGTATCCTTCAGACCCCACAGATGTACCTAACACCTGAGCTCCACATTCAGCAGCATAACCTTCATACATCACTGCTCCTATAACAGAAAGTCTCATCCATGCCATCGGAGCCCCTATAATAGCAATAAGAGCAACCATACCGATAAGAACAGCAAATGATGGACCTAATGATGAAATTACTGCCGAACGGAGTCCACTCTTCAGTTGCTCTGGTCTAAGCCCCATTTCCAAACCAGTAAACCATGCTTTTTTCATAAAAATAATGGATTGGAAAACAACGATACTAACCATAACAATACCAATAACCCAGAAACCCCATTCATTGGCTACTTCTAAATAATCTGGCATTATCAACATTCACCTCCCAAGAAAGAACAAACAAATCGCCATTAAGAAAGATAATCCAGAGCTAAAGCAATGTAGAACTTAGTGGCATCAATAACACTAGAAAGTTCAACGTATTCGTCAATCTTATGATTCCTTGTAAAATTCCCTGGGCCATAAATAATGACAGGTATTTCAGGATTAATTTCACGAAATGGCACTGCATCTGTGTAATACACAACACCTTGTAAATCTGGTTTTTTTGAAAAAAGCTGCTCATATGAATTCTCAGCACTTTTTACTAGAGGGTTGTTAGGATTTGTTTCAATAGGCAAGAGATTATGCAGAATTTCATACGTTATATCCATGTCTTTATTTTGCGATTTTAACTTTTCTATTATGGCATCAATTTGAGCAAGAAGTGCAGCATGATCATTCCCTGGAATTGTCCTTATATCAACTTTAGCTTCACATCTGTCAGGAATAATATTAGTGAGATCTCCAGCATGCATCGTTGTAAGGCTAAAAGTGGGGGCGGAAAGATAGGTATTTTCCATCTCCTTGAATTTAAGGTCTTTAAGCTGGTTCATAAATTCAATCATATTTGTTAGTGCATTAACTCCTTGTTTAGGTTGTCCACCATGAGCCCTTTTCCCTTT
NZ_CP133089.1_gap43	1896541	1900766	4225	TCTTGCTTTTGCCGTCTTTGACAAAAACACGCTCTTCTACAGGAACCAAGACACTAAATATTTCGTCTTCCATGCCCATAGTGGCAATTCTCTGTTCAAGATTTGCCTTTACTCTATTCTCGTATCCAGCGTATGTCTGAACTATATACCAGCGTCTCTCGCTGCTACTTTCCATCACGCAAAGGGGGTCTCACTTGGCCCCCTCACCTCCCTACTCAATCTATTTAACCCCATTAATAATTCCATAAACACGAAAGCCTAACTGATAACCTTCGAGAAGATTCCAGTTAATGCCATGTCGACAATGCCAAGATATGCTGCAACAAAAAGGGTAAAAGCAATTACGACAAGCGTAGAATACCACACTTGTTTTTTTCCTGGCCATGTCACTTTCTTAAGTTCTGCTTTTGCTTCTCGCACGAAGCTGAGGATCTTTTCCATACCTCGGCCTCCTATCTTTAAACAAAAAAAATGGCAGGCCCGGCAGGACTCGAACCTGCAACCCCCGGTTTTGGAGACCAGTGCTCTGCCAATTGAGCTACGGACCTGCGAGCAGTGTGTATTTTACACTACTTAGTTTCTTTATGCAAGGTGTGTTTATCACACCATTTGCAGTATTTGTTTAGTTCAAGTTTTTTAGTCTGCTTTTTCTTATTAACAGTGGTCGTGTAATTTCTTCTCTTACACTCCGTGCACTGCAGACCAATAATGTCAGCTGCCATAGTTGTTCCCCTCTCTTAATTTAGCCAAGAATCTCGGTAACAACGCCAGCTCCGACAGTGTGTCCACCTTCACGAACGGCAAAACGAAGTCCTGCCTCCATGGCGATTGGCACTATCAGATCTACCTCAAAGGTCGCGTTGTCTCCCGGCATAACCATCTCTACTCCATCAGGAAGCTTGATACCTCCGGTTACGTCTGTTGTTCGGAAATAGAACTGCGGCTTATAACCAGCAAAGAACGGGGTGTGACGGCCGCCTTCCTCTTTCTTCAACACGTATACCTCAGCCTTAAACTTCGTGTGGGGTGTTATAGAACCTGGTTTCGCTAATACCTGTCCACGCTCTACGTCTTCCTTGTCGATACCACGAAGAAGTATTCCTACGTTATCTCCCGCTATGGCTTCGTCAAGAATCTTACGGAACATCTCAAGGGAGGTCGCTACTGTCTTCGTCGTATCTGGCTTCATGCCTACGATCTCAACTTCTTCGCCGGCCTTGACCATTCCTCGCTCCACTCGGCCTGTAACTACTGTGCCACGGCCAGTGATGGTGAATACGTCTTCTATCGGCATAAGGAAGGGCTTATCTGTCTCTCGCTGCGGAGTCGGAATATAAGAATCACATGCAGCCATCAAGTCCCAAATGCACTTGCTTATAGGATCGCTCTCTTCGCCTGTGCCCTCTTCCAATACCTTCAATGCGGATCCGCGGACGATGGGAACCTCGTCTCCGGGGAACTCATACTTGCTCAGAAGCTCACGAATCTCCATCTCAACAAGATCAAGAAGCTCTTCATCATCAACCTGGTCTGTCTTGTTCATGAACACGACTACGGCTGGAACGTTAACCTGACGGGCAAGAAGTACGTGCTCTCGTGTCTGAGGCATTGGACCATCTGCTGCTGATACAACAAGAATGGCTCCATCCATCTGAGCTGCTCCCGTGATCATGTTCTTAATATAGTCTGCGTGACCAGGGCAATCTATGTGAGCATAGTGACGATTCTCCGTCTGATACTCTACGTGAGAAATGTTGATCGTGATTCCTCTCTCACGCTCTTCTGGCGCCTTGTCGATCATGTCGTACGCCTCAAAATTCGACCAGCCCTTCGTCGACAAACATTTTGTGATCGCTGCTGTCAGCGTCGTCTTTCCGTGGTCTATGTGTCCTATCGTTCCCACGTTAAGATGGGGCTTCGCTCTTTCAAACTTCTCTTTTGCCATTTCTTCTCAGGCCTCCCTGCGTATATAGAATCTCTGCCCTTTCGGGCTCTGTATTCCATGTTTAATACTCAACTGTAAATCGTACTGAACAGATTTTATCATACGAGTCAAGAATATCCATATCTCTGCACATAAAAAGACTCGGAAGAGATTTTACCATACGAGTCAAGAATATCCACATCTCTATACATAAAAAGACTCGGAAGGGAATTCCTCCCGAGTCTGACTTTCAAAAAAGAATTTAATGCACAAACTTGAACCCAAAAGCTTTTGATTACAAGTTGGCAAACTTAAGATCGAGAAAATATAAATTCACATTAATCCTCCCATTCACCTCCTCCTTTTCCCATTTTACTGAAGCAATATAACAATCCTCCGATAATTACAACCGCCATAAAAATCGCTGAAAAGATCGCAGTACCAGTCATATTACTTCCCCTCCTTCTCGATCTCTATTTTTGATTTCATATTTTGTAAAATAAAACTAACGATGAGCACGACAGCTATAAGAATCCAAATGAAATTAGCCCATACTCCATACCCTCCGTAGGGTTTTTTTAAATCCTGCATAAAACCTCCATAAATCACAACAAAAAGAAGACCAGCAGGAACAACATACTTGATGAGCACATCCATCCACGGTCCAACTTTGATATCAGATGTAGCATTGACGTGCTTTCGCAACTTATCAGCACCAAAGACCCATCCAACAACAAGCGAAGCAATAGCTCCACCCAAGAGGAGCGTATAGAAAGCGACAGTTCTATCTATAATGTCCAGCCAATACAGTCCTCCACCTGTACAATAAAGGAGTCCTACTAAAAAACATACGAGACAGCCCCAGAAAACCACTTTTTCACGTTTCCAGCCAAATTTATCAATTAATGGAACCATGAAACCACCATATGCCAAAAAGTAAGCGGAACTCAAGCCTATAATCCAGAACATAAGGAAAAACAAAACTCCAGTGAGCGTGTTCAAGGCAGGCATCAGAGAAACACCAACAGGATATGTTACAAAAGCCAATCCTATTCCAGAAATCGTAACATCTTGCAAAGGAACTCCCAAAGCCTGCATAATATATCCTACTGTACTGAAGACTGCAAAACCGGCAAGAAAGGCAAAACCTGAATCTGCAAGACCTGTAATAATTGCGTTATTTGTAATATCACCTTTTTTTGCTATAAACCGGCCATAAGCATACATACCGGCCATTCCCAAAGACATGGTAAATGCAATCTGGCTAAAGGCCGCAAACCAAACACCTGGCCCCTTAAGAACAGACCAATCGATATCCAGATAATAGTTAAGTCCGTCAACAGCACCTATAAGAGTTACGCTTCTGGCTATGATTGCAAATATAAGGATCCACGCTAATGTCATCACGACTTCTGACACCTTGCCTATAATTTCAGCACCACGTCGAATAACAAAATAAATCACAATCCATGTAAAAGCCAAAGACAAAACGATCTGCCACCGCATACCACCGAGAACTCCTGGCCCATCGGTGATTTGAAGAACTTGTTCAAAGAAGTAAGGACCTGCCCCTTCTGCTCCTGCCGGGCCAACTCCCCAAGCAAGAGTCATTGAACTGAACATGTAAATCAAGGTCCATGCCATAATGACACAATAGTATGAGTCAATCAAAAAGGCTGATACAGCGGGAAACCAGCCCACCCACTCCCATTTTTTGCCAATGTTTGAAAAAACCTCGGGAGCTCCCTTCTGAAAATAATGCCCCATAGCAAATTCTGTAACGAGCCAAGGAATACCAATGGCAAAGAGGCCTATAACATACGCCACCAAGAAGGCTGCCCCACCATAGTTGTAACACATGTAAGGGAAACGCCAGACGTTCCCAAGCCCGATAGCGGATCCGATAGCCGCAAATATCAAATGACGCCGTTTTAAAAACTTTTCACGCCCAACTTCCACCATTTATCTCCCTCCTTTAAAAATTACCACGCCCCTACCTTCGAGCCTTCACGCTCGTTCTACGAATTAACATAAGCAAGGCTCCAATAAGAAGCCTAGCTACGTGCAACGCATATTTATGTTCACATGGGCTTTATGAAAATAGAAAGATCGCGGATGGGGAACAAAAATAAATGGAGGCTTTAAGAACCTAAAAAATGCGATTTAGGTTTCATGATAGCAATAGAAAAATTACTACCTTTTACTTAAAATGTTACTAGGAAGCAGAGCCCTTGTTGTACTATATTAATAGTAAAGCATATTGAATATAAAGTAAAGAGTACGAATTGTTTTACTCTAAGC
NZ_CP133089.1_gap44	1951036	1954611	3575	AATGTATATTCTCTGAAATAATTCCAGCTTTTTCTGCTATAAGATGAATACGACTCGCTATCTCTTCGGAGCTAGCAGCTTCTTCCTGAGCTATTGAAGCAACATCTTGAGTTGATTCATTTATTTTTTCCAAGGTCTGAAGAATCTGCTCAATCTCTTTTTCTGTCTCTTCAGCAGACTGGGCCGCTTCTAGCGCTGAGGTTACGTTACTTTTTACAGTGTTTACAACTTCTGTTAAATCTGTGCTGATCTGTTGAGCTAGCATATCGATACGACCAGCTTCCTGCCGGCTTTCTTCAGCGAGTTTCCGAACCTCTTCAGCAACTACAGCAAACCCCTTGCCGTGTTCTCCAGCCCTGGATGCTTCAATAGCTGCATTTAAAGCAAGTAAATTTGTCTGATCAGCTATATGAGAAATAGTAGCAACAAAAGACTGTATCTGGTTGGCACTCTCAGAAAGAGCTTCTACTTTTTGAGCAAACATTTTCTCATGATTTGCTACAGTATGAACTGTTCCTGTCGTCTCTCGTAATCGGCTACGGCCAGAACTCCCCGAACGGTGAGCCATATTCACCAATTCTGCCGTTTCAGCACTTCTCAAAGCAGAACGCTGAGCAACTTCAGAAATTTCAGAAACCGTCTGATTAATCTCTTCAACTCCTTGCGCCAATTTTTCCATATTTTCTGTAGCATTTTTCATCTTAGCACTAATTGATACTGTTTTTCCCCTTGATACTTCGGTAAGAGATTTCATAGAATCTGAAGATTCAGTTAGAGTTCCCGCCACGCCATCTACTGTTACCATAGCCTCGTTAAGTTTTATAAGAAAATAGTTAAGAGATCGACTCACATCTCCAATCTCATCTTTTGCCCATGTAAAGGTTCTAAAAGTCAGATCTAAATCATCTGCCAACTCCCGTAGCCCCTCAGCTGTGGCTGTCGTAGCAGACGTAATTGAATAAGAAATAAAATAACTTATAATTCCACCTACACATAAAAAGGCTGCAAGCATCCCTAAAAGGAGCTGGCCTTGAACTTTATTAAAGATCGAAAGAAGAGAAAGACCACCTAAGGATATAAAAAGGAAAAGAATAAGTACTGCCAATCTACACTTGATGGATACCTGACGCAACATCTTCATTATAGTTTCGAACACACTCGTCACCCCCATCGGCGATTAAATGCATAGTATTTTAATTATAGTACTCTTTCCTTACGATTTGACAAAGAAGTCTAAAGGGGTCAAAATAGCGTTGACAAATACAGAGTACTGGGGGAGTCGGCGTATACCGGCTGAGAGGAGACGGATGGTCTCGACCCCTGGAACCTGATCCGGGTCATGCCGGCGAAGGGAAGTCCAGCGTAATATTTTCAACACTACCTCACCTTCCTCCGGCTAGGCCTATCAAGGAGGAATTTCTAATGCGTAATAAAACTAAGATTCTTGTTGAAGGGGCTCTTGTTGTAGCCATGACCGTGGCCTTTTCATACATTAAGCTATGGAGAATGCCTCAGGGAGGCTCTGTTACCCTTGAAAATATCCCCTTGCTTATTTTTGCACTCCGACACGGCTTGAAATATGGGTTCGGTGCTGGTACTGTCGCCGGAATTATACAGCTTCTTCTCGGTGGATATGTTGTCCACCCCGTTCAGGCTCTTCTCGACTATCCTCTTGCCTTTGGCGTTCTTGGGTTAGCTGCATTGATACGCAAACCTCTCTGGGCCGGTCTCACTTTAGGAACACTTGCTCGTCTTGTATGCCATATACTCTCTGGCGTCGTTTTCTTTGCAAGTTATGCTCCCGAAGGAACAAATGTATGGCTATACTCTACAGTCTACAATGCCAGTTATATGATACCCAATCTTGCCCTTGGTATTATCATCACCTACCTCGTTTGGGGAAGACTCAATAAAATCGGGCAATAATAGCATATGCTCAGTCTCGATCACATAGGGAAAAGCTATAACGGCCAACCCATTATCAATCATTTCAATTTAAATATGAAGCGAGGTTCCTTCACTGTATTAATCGGCCCGTCAGGATGTGGAAAAACCACGTTGTTTGACCTTCTGACTGGAACGATAGACAGAGACGAGGGAGTTATTACATGGTTAGGAGAAAGTCTGCCACATCTTGGAAAAGCTGCTGCTTATATGCAACAGAAAGACTTACTTTTACCTTGGCTCACTCTTAATGAAAATGCGTTGCTCCCTCGTGCTTTTGCTAAGCAAAATAGTTGTGACATTCAAAACAAGGTAAAGGAACTTTTTAAGCGTTTTGGTTTGGAAAATTTTGATTCATATTTTCCTCGTGCTGTTTCAGGAGGCATGAGACAACGCTGCGCTTTGATTCGCACCCTTATGTTTGAGCGGGAAATAGTGTTATTAGATGAACCTCTTTCAGCCCTTGATGCAATCACGAGAAAGAGTTTGCAGACATTGTTGCTTACTCTTCAAAACGATTTTCATAAAACCGTTCTTATGATTACACATGACATAGACGAGGCTCTCTTTCTCGCTGATACAATTATTGTTCTCACTCAACCTCCAATGAATATACGAGAGACTATTACTCTATCGTCAAAAAAACCACGAGATCTTAATTCAGGAAAATATATTGCCCTCAAGAAAAAAATACTCTTGGAGTTGGAAGAGGAAATGAAATCATGAAATTTATGAAGAGATCGGCACTATCTCTAGGCTTCTTAACATTCTTAATTCTTATCTGGGAACTGGTCTGTCGATATGGAGATATTCCACCATTTATATTGCCAGCTCCCTCCAGAGTTTTATATGTCGCGATTCAACAAGCACCTCTTCTTACCTATCACGCTGTTATGACAGGTGCTGAGATTCTGCTGGGTATTATTTTCTCCGTAGCCATAGCTATTCCCCTTGCCATAATGATGTTCGTATTTCCATCTGTGGAACAAGCTTTTTCGCCAATTCTCGTCGCATCACAAGCCATTCCTGTTTTTGCGTTGGCACCTCTTCTCGTCGTTTGGTTCGGATATGGCATATGGAGCAAAGTCTTTATGGCAGCTCTCATTATCTTTTTCCCCATCGTCGTCAATCTTCTCGAAGGTTTGAAAAGCTGCGATGAAGACTACAGAAAGCTCTTTACCCTTATGGGGGCTCCCTTTCTAAAAACCTTTCAATATCTCTATTGGCCGTGGGCCCTGCCCTATTTCTTAGCGGGGTTAAAAGTTGGAGTTTCGGTAGCAACAATAGGAGCTGTGATCGGAGAGTGGGTAGGCGCGCAGCGTGGACTTGGCTATCTCATGATTCAATCAAATGCCAGACTTCGAGTAGACCTCGTTTTTGCTTCAATTTTATGGCTGACAGTAATAGGAGTTTCTCTCTGGATAATTGTGGGTGCTATCGAGAAAAAAGCACTTGCATGGAAGAAATAAAATCTTTTTTGAGAAGGTGATTTTTAATATGAAAAAAGTACGTGCCTTACTGTGTGCATTGATAATGTTGCTTACGCTGCTCTCTGGGACTGTTTTTGCACAAGAAAAACTGACTGTTATGCTTGATTGGTTCCCTAACATCGATCATTTACCCCTTTATGT
NZ_CP133089.1_gap45	1987059	1989613	2554	AAGAACCTTCTTCTCGGCTTGTATTTGATAATTATAAAGAGAAAAAATATCTTCTTCCGCAACATCTTCTTCAAAAAGCGTCTTTACAGCATAATGGGCCGCAACTCGGAAAAAGTCAACATAAAAAGGAACCACAAAAATTTCAAAAATGACGCCACCATTTTTAAACTCTCGTACGTTACTTGGAGCTTTTTCGAGCAAAGACATAAAGTTGTTTTTTATACCTTTACCTGACAATTCTTCAAGCAACGATAGAGCATGATATGCATATAAAAGAACTTGAAGAGCCTCTATACCAGATATTTCATCGAAAAACCAACCACAGCTCGTATACATAAACATAGCGCTACGTTCCATCTCCAAAAGCTTTAACGCCCGTATTTGCTCTTCTGAAGAGAGCTCCCTTGGAGAAACAGCAGAGAAAAATTCTTGGCGAGATCCAGTTGAATTGCCCAGTAGACATTGCACATAGACATTTCTCGCCTGCCATGGGTCCGTAAAGAGAGAAGATGCGTCTTTTTCATAAAATTCATCTATTTTTTGCCGCAACCAATCCAAAGATTCTCTCAGCGGCTGCCTCCACTTCTGATGCCATCCTGGATGTAATCCACTATTACAGCCGCAATCCTCTTTCCATCGTTTTATGCCATGAACACAGCTCCATGATGTTTCGTCACGAATTTGTACTTCATATTGAGGCGGAAAGTTATCAAGATATTCTCCATATATGGTAAGTCGTGTATCTTCTCTTTGTTCCATGTAGTTCAAACACCAGGCAAGAGCCATATCTCCATATTTATGGTGATGGCCAAAGGTCTCCCCATCAGTAGCAACATGAGCAAGAGGTGCTTTTTCTTTCACTCTCTCTATTGACGAAAGAAATCTTTGAGCTAAAAGCTGGCCATTCTGTAAGAGGGAACCAAATGCAATGTCTCTTGCTAAAAAATCGTCGTAGAAAAAGAGAGCAATACTTCTTCCCGACGGAAGATGGCATAAATATGGATGCCATGTTTCAATAGGTTTTTGGCTAGTATCATGCCAATTCGTTTCGATTATACTTTTCCATCTTTTAGCCTGATGAGGGGCCAAAAGAGTAAATCGAATACCCTCAGCTGCCAGAACATCCAGAGTTTCCACATCAATAGCCGTTTCAGGAAGCCACATTCCCTCTGGGAAACGTCCAAAACGAGACGTAAAATCCTGAATACCCCAAACTACTTGAGTTACTTTATCTTTCATGGAGGCCAAAGGCATTATCATGTGGTTGTAAACTTGAGCAAGCGCAGGACCATGATTGGAAAATCTTTCTCTTCCTCTACGGTCTGCTTCTAGCAATCCTTCATATGTGTCATGGTCGTGTCGTTCCATCCACTGTAGTAAAGTAGGCCCTACATTAAAACTCATTCGCTCATAGTTCGAGATAATTTTAATTATTTTGCCGTCTTTGCCTAGAATTCTGGCAACCCTGTTCGGAGCATAACATTCGGCAGATATCCGTTCATTCCAATCATGCCAAGGAGCTGCTGACTCTTGCAACTCAATATCGCCAAGCCACGGATTTTCTCGTGGCGGTTGATAAAAATGTCCATGTACACATATATTTTTCATTTCACTCTTCCTCTTTTCTGAAGAAAAGAGCTCCAAAAGCAGGAAGAGTCAAAGAGAGGAAAGCGGAGTGTTCTTTCCAACGTTCAGGAATGGCTTCCTTTCCGCCGAAATTTCCCTCTCCTCTTCCTCCATACATTTCTCCATCGCTGTTAAGGAGCTCTCGCCAATATCCAGCAACAGGAACTCCGACACGATAGTTATAACGAACAACAGGAGTAAAGTTAAAAATGGCCAAAATCATATTCTCTTCTTCATCTTTCCGAATAAAGCCGACAATGCTTGCGCTGCTATCAGAACATGCAATCCATTGAAAACCTTGCTGTTTAAAATCATTAACATGCAATGCTTTTTCGCTAACATATATCTTATTGATATCATGCACCCATCGCTGAACTCCCTTATGAAAAGGCAAATCCAAAAGAGACCAATCTAAGGATTCCTCATGACTCCATTCTCTCCTTTGCGCAAAGTCATCTCCCATAAAAATTAATTTCTTCCCTGGATGGGCATACATATATCCCAAAAGCAAACGTAGCTGCGAAAATTTTTCTTCGAGATTTCCAGGCATTTTTTCAAGCAACGATCTTTTTCCGTAGACAACTTCATCATGAGAAAAGGGAAGAATATAATTTTCAGAGAAGGCATACATCAGGCTAAAGGTCAGGTCATTTTGATGGTATTGTCTATAAAAGGGATCTTTCTTCATATATTCCAAAATATCGTGCATCCAGCCCATATTCCACTTCATTCCGAAACCCAATCCTCCTGCATAGGGTGGACGAGTTACAAGAGGCCATGCCGTAGATTCTTCAGCAATAGTCAAAGTGTCAGGGAAATAGAGATAAATTGCTTCATTAAGACGACGTAAAAAGGAGACAGCCTCCATATTTTCACGCCCCCCATATTGGTTGGGAATCCACTCTCCGTCATTTTTCGCATAATCGAG
NZ_CP133089.1_gap46	2025616	2029070	3454	ATTTGGCCATTTCTCTGAGATAGGCATTCCCTATCTTCCAGAAACAATTTCTGCACGCTATGGCATGTCCCATTCTGGAAAGAATAATGGCCGTATCCTTTGCCACTTCCCCGTGAGCAATCTGCATGTTGCTTGTATCGAGAAAATGCCCGTGTCCTCCCAACTGGGTAATACCAGCTTCCATAGAGTTACGAGTACGTGTTGACTGTTCGAAAAACATAAGAAAAACCGTTTTGTTCGGTAAATAGCTAGTAGGACGATCCATAGCAAAAGCACGTTTTAATTCGTAAGACACGTCAAGAAGAGTATCGACTTCTTCTTTGCTCCACTCTTCCAAGGTAATAAAATGTTTTCCTCTGAATATTGTCTGCATCTTTTTCCCCTCCTACTTCTCTATTTCGTCCACTTTCCATATGTCTGAACATAAACTGTAGGAATAGCCGCATACATAGCAGCAGCTTTTACTAATTCATCCTTCCAGGTTTTTTCGTTAGGAGCATGTGCCTGATCTTCATGACCAGGTCCAAAACCTACACATGGAATACCAAAACGTCCCATTATAGAGACAGCATTTGTGGAAAAGGTCCACTTATCTACGAGAGGTTCATTTTTAAAAAGCTTCTGATAGGCCAGCACTAAGGATTGGCAGGCAGGGTGTTCTTCTTCAAGAACCCATGTGGGGAAAAAACATTCTGTAGGATACACCAGTCCCGTGTATGAAGGACGTTCGTACGTGTACATTGATACATCTCCACCTCGTTCTTTGACAGATGGAAGATTTCTAATCTCCTGTAACGCTTTTTCCCATGTTTCTCCATCAGTAAGACGACGATCTATAGATATGGAACACCCATCAGCTACAGCACATCGTGAAGGAGAACTGAAAAAAATCTCAGAAACAGTGAGACTCCCCTTCCCCAGGAACGGATCAAAATGAAGATTTTCGTGGAGAGCACGCAGTTCCTCAAGGATAGGGGCCATTTTATAGATGGCATTATCTCCCCGCTCAGGAGCAGATCCATGACAACTTATTCCCTTAGTCGCCACTTTAATCTCCATTCGTCCACGCTGTCCCCGATAGATATTAAGAGACGTTGGCTCTGTTATCACTACAAATTCAGGTCGAATTCCACTCTCATTAATGATGTACTGCCAACAAAGGCCGTCACAATCTTCCTCTTGTACCGTTCCTGTTACAAGAAGAGTGTAATCATCCTCAAGTCCAAGGTCTTTTATAATCTTCCCGGCGTAAACCATAGAGGCCATGCCGCCTTCTTGATCACTCGTGCCTCTACCCATGATAATGTCGTCGTCTTCATAGCCTTCATACGGATCAACGTTCCAAAGGCTTCGATCTCCGACACCAACGGTATCAATATGAGCATCCATAGCAATAAGATGAGAGCCATGTCCTATATAACCTAAGATATTCCCCATGGGATCAATTTCTACTCTGTCAAATCCCACTTTCTCCATCTCTTCTTTGATTCGCTGTATCACCCTTTCCTCTTGGCAACTCTCACTCGGAATAGCAACCATATCTCGAAGAAATTTAGAAATGTCTGAACGATACTCCTCTGCCTGTTGAAGGATTTTTTCAAAATCCACAATCATCAAACTCCCTTCTTTTAATTAATTGGCCAGCCCCATCAAGCGAGGGAGGAAGAGCGGTATATCAGGAATGAAGGTAATTACAAGGAGCACGATCAAAGCTACAAAAATATAGGGAAGTATTTCTCGACTCAGCTGCTCAATTGTCAGCTTACTAATGCCACATGCCACAAAGAGACAAGCACCTACAGGAGGTGTCATGAGAGCGATGTTGAGAGAAAGCACCATAATAATTCCAAAATGAAGCGGGTGAAATCCGAGACTTACTGCAAGCGGGTGAAGAATGGGACCTAATATAATAAGGGCAGCAGCTATATCCATGAACATGCCGATAAAAAGCAACAGCAGTAAAATCATCGACATAATAATCCACTTATTTGTACTGACACTCAGCATCATGGTAGCTACCTTTTCTGGAATCTGTTCCATGGTCAAAACCCATCCCAAGATAGAAGCCGCGGCTATGACCAAAAAAACGACACCAGTTGTACGTGCCATCTTCATAAAAAGAGGCCACATATCTTTCAATGTAATATTTTTATACACAAAAAAGCCGAGAAAAAAGGCATAGGCAACAGCAACTGCTGCCGCTTCCGTCGGCGTGAACATTCCGCTTAAAATTCCTCCCAAGATAATAGCCGGCATAAGCAAAGCTACTGCCGCCTCTTTAAAAGCCAACCATATCTCTTTCAGAGTTGCCCTGCGTTCCCCCACAGGGTATCCTCTCTTCTTAGCTATTCTCGCTGTAAGAAGCATTTCTGCTCCAGCAAGAATCAGACCAGGGAGGAATCCTGTCAGGAAAAGCCCTGCTATGGAAACCTGCATAAAAGCTCCATATATCACCATAATATTTGAGGGAGGAATAGTCGGACCGATAATGGAAGAAGCTGCGGTTACAGCCGCAGAGAAATCTTTGTCATACCCCTCATCCACCATTGCAGGAATTAACATAGAACCAATAGCCGCCGTATCACTCACTGCCGCTCCAGTTATTCCTGCAAAGAAAACAGAGGCAACAATATTTGCGTGAGCCAGACCACCCTGAAGGTGACCCACTAAAACATTACTAAATTTTACAAGGCGACGTGTAATCCCTGCCTTGTTCATAATCTCACCGGCTAATATGAAAAACGGCATAGCCATAAGGGTAAACATATCTACTCCAGCAAAATAACGTTGCGGGACAAGCTGTAAAACAGAGGGAATACCTGTTTTGATCATACCAAACAAGCCTGTTACGCCCAAAACAAAACCAATGGGCATTCCCACTGCTATAAAAAGAAGAAATACTCCTGATAAAAATCCCGTCATGCAGAGTCCCCCCTCGCCCTATTAAAAATCAAGACCTTCTTCTCTTCTTACCGTATCGACTACTTCTTCGGACATCAGTATTTCATCGAGGTTCTCTCTGCGGACATCAAGTATCATTTTGCAGAGTAACATAACCATACAGATAACAGCACTGGCTGGAACAGCCATAAGCCACCATTTCATAGAGGTATTAAGAGCTGTAGAAAGCTGAACTTTGCCTCCTTCAGCCATCTTGAAGCCATACTTTGCCAAAATGTAAAGAAAGTAGAAGACAAAACCGTTTGATATAAAAATGAGGATTTTAGCAATCTTACGAGGAAATTTTTTGATGACCATGGTCACTCCCACATGTTCATGTCTCCATATGCATAAAGCAACTGAGAGAAGAGCCATCCAAATCATTACATATCGAGAGAATTCCTCTGTCCAACCGAGAGGAGAACGAATAACATAGCGAGAAAAAACGCCAAGCAAGACTGTCATTGTCATAATAATGGAAAGGATAAAAACCGGAATCTCAATAAGACGTTCA
NZ_CP133089.1_gap47	2107078	2108730	1652	TTTCCCTGGGAGAAATAAGACTAGGAAATAATTTCCTTCAATGTAGAGAAGTAACTGTTGAAAACCCCCAAGCAAAATCAGAAGAGATACTAGTACAAACCCTCTCTCCAATAGTCTGCTACTCTACCCTTAAAAAATATGACGGAAGCAATTTTACTCACTATCACTCTCCTTACGACCAGGAATTCGGAGAACAAATACATGCAAATCTCATAAAAAAATTCACTCTAATAACATCAGAAAAAAGTGAACTAAATCAAACAGTAAAAATAGAAAAATTGGGACGGATATGGGAATCGATAAGATTTTTTAGCCCTGAAGACAACAGACCAATCAAGGGGTGGAACGGCAACTTTCGACTTACAGGTTCTCAAGAACTCTTACAAACAGCTTTAGACGCTGGTCTCGGTGCAAAAAATAGCTCTGGATTCGGATGTGTTGAACTTGTAGAACGAGAAAGGAGGTATAAATAATTGGGATTTATTAACGCCACCTATGAATTAGGTAAATTAGTTTCAAATAAATTAAACGACCCTGAATTTATAGATATCGAAAGTTATTTACAACTCCCCATGCCCGTAATCGAAGACAAAGAAAGATCAGGTAGAGTAATTAGAATATGGCTTAATGTAACAGACAGCACCGCAGAATGTATCAGAGAACCAACAGGGGTAGCAACCCCAGTGGATTCCAATGATGACGGCTTCATTCTCTGAATCCCCTCGTTTAGGAGGAACCCTTGTCTGGTACTTTACTATATGCAAACGAGAGGTGTGGCTCATGGCTCGAGGAGTAGAACCAGACAGAGATGACGAATTTCTCGCTTTGGGGCGACTTATAGATAAGACAACTTATAATCGAGATCGACATTGCATTGACTTCGGAAATAGCAAATTCGACATCATGCGCGAAGAAAAAGGAACATTAGTAGTAGGAGAAATTAAAAAAAGTAGTCGTTCCATTGATGCCGCACGATTACAACTAGCACACTACCTTTATGAACTCCAAAAAAATGGAGTCGAAGCTAGAGGGGAATTATTATTCCCAAAAGAGAAAAAACGCGAAGAGGTGCTACTCTCTGAAGAACTAAAAACGCATCTTGACCAAGTTTATCAAGAGATTATTGCAATAACATCTCTTGAATCCCCTCCTTGTGCGAAAAAATGTAAGTACTGTAGAAACTGCGCTTACAATGAATTGTGTTGGAGCTGATAAAAATGGGAAAAACACTCTATGTACTTTCGTCAGGAGAACTTAAACGAAAAGAAAATACCATTATTATAGAAGGTTTAGAGGGTAGAAAATTTATTCCTGTAGAAACAACAGACGAAATGCTTATTTTCGGAGAAGTAGATTTAAACAAGCGTTTTTTAGAATTTTGTACTGCCAATAAAGTAATGCTGCACTTCTTTAATCACTATGGATATTATCAAGGAACATTTTACCCTCGTGAACACATGAATTCAGGAGCTGTAATTCTTGCACAAGCTAAACATTGTCTTGATGACTGTAGAAGGCTTCTTATAGCTAAAAAGTTTGTAACAGGTGCTATAGAAAACATGAAGAAAGCATTACAATATTATTCTCGACGTGGAAATATTGAGCTCGACTCCATAATTGAAAAACTTACTGTTTTTAGTAATTATGCAAAA
NZ_CP133089.1_gap48	2206407	2209985	3578	TATTATATCGTTTCTCTACAACGTGTTTTCTGTAAAAACACTGGTTTTAATAGTGAGGAGTTGAGTACATATGCTTGAAAAATTAGAAGGATCACACGGTTGTTTCGTTTGTGATACAAGCGGCACAAACCCTCGTTCGCTAATGCTTGAAATTTATTGGGATGAAGAAAGACATAATACCGTTATTTCCTTTACCCCCGATATTTCTCATTGCGGGTATGAGGGGGTTGTGCATGGTGGAATAATTGCCTCGATTTTCGATGACTCTATGGCATGGGCTATAAAAAAAGAAACTGGGAGCTGGGCGGTGACTGCCACGTTCGAAATACGATATAAAATGCCAGTGAAAGTAGGTGAGACCTATACTTTTCAAGGGAAAATAGAGACAGCACGAGGAAAAAAGATATGCACATCTGCGCTGGTCAAAGATTGCGATGAAAAGATATTGGCAACAGCATCTGCCTTGTTTATATTAAAAATCTAACGACTGAGCACAATATTTCTTAATCGTCTTTGTCCCTCTTCTGAAAGTTCTAACGAGGAAAGCTCTTTATCAAATGTTTCAATAGTTCCATATCCACCAAGGTAGCCATTGACTCTCGAGACAGCGGTTGACTTAAGAAATTCCTCAAGAGAGGAATAACGATGCTCATATTCACGAAAAAGCTCTCGGTTGAGCCTGAGCCAGTATTTCTGATGATATGCTTCAGCTAAATAAAAAGTTTGTAAGGGAAGAATCTGCGTTTTGACAGATCGTCCTGTTTCTTTTTCTATTCTCTCTTTCCAAGCTAAGGCAGCCTTTTGTTGTTTCTCGTTCGCATAAAAAATAGCAGACATATATTGTCTTGAAAAAAACATGCGTGTGGGATCGTGTCCTTGGGAAAACACATCAAGCAAATGTTCATACGAAATTTGTTCAGGATCATACTCGACCTGAATACTTTCTGTATGATCTCCAATATTGTGATATGTAGGATTCAATGTCGTTCCACCGGTATATCCCACGCGTGTACTTACGACACCTGGAAGGATCCCAAACTGGGCATCTGGCCCCCAAAATCACCCTAAAGCAAAAACAGCCCAAGCCAATACATTCAAGACTCCCATTTTATCGGCCTCCTTTATAGCTACCTAGGCCTACCCCCCATCCCTATTTTCACTATAATACACTAAATAAACTATATTTTGTTAATCTCTGCGCCAAGCACAACACTATTAATTTTTGGCATTGCATTTATTCCTTTAGAAGTGTAATATGACAAAATTGCAAAAAGTAGCAGAGAAAGGGGCCATCAAATTGTAGGTTTATGGTCAGGCATTTTCAAACTTAATTTTTTCATGAAAGGTGGTAAACAAAGTGGAGATATCGACAAAAAAGAAATGGTATGAACGCATTCCTCATCCCTACATCCTTCTCTTCTTTATCGTTGTTTTAGCTGGCATTATGACATATCTTGTGCCTGCCGGTGAATTTGAAAGAACTAAAATTGCCGGACGTATGGCCGTTGTTCCTGGAACATTTCATTATATTGCTCAATCACCAGTCAGCTTCTTCGATCTTTTTAAAGCAATACCCCTCGGGATGATCGCTTCATCGAGCATTATCTTTATTACCTTTATATCAGGAGCCCTTTTCAATGTTCTCGAATCTACAGGCGCTCTTGAAAACGGTGTTGGTGTTACGGTTAAAAAACTTGGAGCAGAGAGCTACAAGAAACTTATCTGGATTGTTACTCTTATTTTCGGCTTTTTGGGTGCAACAGTAGGTTTTGAAAATAATATCGCTCTTGTTCCTATCGCTGTTTTCGTAGCTATTGCTCTTGGCGGTGACTTGATGGTCGGCGCTGGTATGGCTGTTGCTGGAATAGGCATGGGGTTTGCTACATCCCCAATCAACCCTTATACAATTGGTACATCAGACATGATCGCCCAGCTTCCCATGTTCTCTGGCGCCGGTTTGCGATCTCTTTTCTGTTTTACAGCTGTAGCTATTACTGCTCATCACACTTGCCGCTACATGGCTCGTATTCTCGACGATCCAAGTCAAAGCCTTGTCGCCGATATTAGTACTGAAGGCCTTCGACTTACTCATCCTATTGAAGAGTATCACTTGAAAAAGTCGGATAAATTAGTGCTTACAAGCTTCCTTATCGGCCTTGGCATTATACTCTACGGCGTTTTTAAATGGAAATGGTACATCAATGAAATGTCAGCTATCTTTATAATGATTGCCATAGCAGCTGGTCTTTTCGCAAAAATGTCTCCTAGCGATATTATTAATAAGATGATTCAGGGAGCAGGGAATATAGCAGGAGGAGCGCTCGTCATAGGTGTAGCGCGAGGAATTCAGGTGCTTCTTGATATGGGACACGTCAGTGACACGATCGTTAATGCACTTGCTTCCCCATTACAGCATCTTCCTACAATTCTTTCAGCTATCCTCATGACACTTGTTCATAGCGTAATCAACTTCTTCATTCCTTCTGGAAGTGGTCAGGCTATGGCGACAATGCCTATTATGATTCCTCTCAGCGATCTCATTGGTATGACTCGTCAGACAGCTATTATGGCCTTCCAGGTTGGAGATGGAATTATGAATCTTATCTTCCCAACAGTCGGTGGTCTCCTTGCTATGCTTGCATTAGCTCGGGTTCCTTTTGATAGATGGTTCCGATTCTGCTTCCCTCTCATTATCAAAATCTTGTTGGCAAGCTGGATATTCTTGACCATTGCTGTTCTCATTAATTGGGGGCCAGCGTAAAGAAATGAAAGAAAAATTGATATATCGGGCCAAGGAAATAGAAAAAAATATTATTGAATGGCGTCGTCACCTTCACGCCTGGCCTGAACTTTCCTTCAAAGAGGAAGAGACAAGTAAGTATATTGCTTCTTTACTCACGTCTATGGGATATGAGCATATTCACATTGGCACTGCCGGTAGACCCACCGGAGTCGTAGCTGAACTTAACAGTGATCATTCCGGACTCTGTGTTGCACTGCGAGCTGACATAGACGCGTTGCCTATAACTGAAAAGACAGGGCTCTCCTTCGCTTCAAAAAACGAAGGCGTTATGCATGCCTGCGGTCATGATGCACATATAGCTATCCTTTTAGGAGCTGCTCAGCTACTTTCCGAAATTCGAGAAGAACTTCCTGGTAAAGTAAAGCTCATCTTTCAGCCTTCAGAAGAATCGGCCGATTACATTCAAGGAGCACGAGCCGTTATTGATGAACATGCTTTAGACGGAGTAGACGCAATTTTCGGTTTACATGTATGGCAACCTACCCCCAGCGGCGTTCTTGCATGGAAGGAAGGTTCTATTATGGCCTGTTCCGATCGTTGGAAACTAACCATACGAGGAAAAGGCGGACACGGGGCTTCTCCTCATCAAACAAATGACCCTACGATTGCAGCTGCTCATTTTATCGCAATGGCCCAGTCATTTGTAAGCAGAGAACTGGATCCTCTTAAAACAGCCGTTGTTTCTGTCGGAGAAATGAAAGCCGGGAATGCCTTTAATGTCATTCCAGATTATGTATCTCTTATAGGAACAGCTCGAGCCTTCGAACCTGAAGTC
NZ_CP133089.1_gap49	2212844	2217654	4810	GCAGCATCACGAACAACCTTTTTATCCTCATCGTTAAGCTTGCTGAAAAGCTCCATATTCATGTAAAGGTACCATTGCTCAAAATGAGTGTTCATAGGCAAATAATACTTAATAACATCTCTAAAGTTTGCATAGTATCCTTCCGCACCTGAACCAATAACACCATCCACAATGCCTGTCTGAATAGCTGTAAAAGCTTCAGAGAAAGGAATAGGAGTAGCTTGATACCCCTGAACATTGGCAAGAAGCTGGAATGATTTCAACGGCGGGACACGAACTTTTATCCCCTTTTTAACGTTAGGATCACCAGGTGAAACTGGATCTGCTTTTAAAGCTATACCGCCAAAATAAACCGGATAGGCAGCAAGATATTGAATATCCTGTTTTGCAAAGAGCTCTGCAGCTACATTCATAAGAGGACTTCCTGTTGCGTAATTTTTCTTTGCGCCTTCCCAGTTCTTTACAAGGTAGGGAAGATTAAGAATCTGAATTCTCTTGTCTGCGGCTACTCCAGGTGGCTGACAAGCCATCTCTATAGCGCCAACTCCTACGCGCTCGTGTACAACGGTATAGTCACCAAGCTGGCTAGCCGGATAGATTTCAATTTTTATACGCCCATTGGAATCTTCGAAAACCTTATCAGCAAACCAATGAAGGTCATTATCAATAGCCGTCCCCTGGGGACGTACGTGAGATAATTTCCAGACATACTTGGGTTTGTTCGCTGCAACACTTGCTGTCGCCATTGCAAAAATCATTGCAAAAATGGTCAAAGACATTACAAGTTTCTTCACTGCATATCGCCTCCTCCAAATTTTTTGCTCTCTCGTTTTCATTTTTTGAAAACGTTACGGCCCTTTCATAAATTCTTACCTGCGTTCCCCACAATTCACGAAATTCAAAACTTCCTGAGCTCCCAAGCCTTGTAATCCGAGGCAAGAGAAATTTCGACCAATCTCTAAATAATCTTCATCTGTTAAAGATGAAAGAAGTGTGATAACACTATCGATAATGGGTGTTTCAACGCCTGCAGCACGTGCAAAACTTACAACAGGTACCAAAAGATTTGGAACATCTTCTGTAATATACCGATGCCTTACCTGTTTGGGAGCGTCTGCTCCGTGCCCCGCATAAATGGGGTTTTTCGAAAGAAGTTCATGCATGGAATTGCCCTGCACAGGATACGTTTTTTTAACCCATTCTGTAGCTCTTTCAAGATTCATGCCATAAGCCTTACCAACGGCAACTCTTTCCGAATCCATAAGTTCTTGAAGTTTGCCTACAGTGGGAGTAACGCCATCACAATAAAATCTGAAATCTCCCTGAGTCGACTCAATCCTGCCTATATTGAGAAGAACAGCTGCACAATGAACAATCATATTAAGATTTGAAAAAGCTATAGGAAGTACATTCTCCATTGTCCAAAGAGGAATAGGGAAAACATCACGTATCTCCTGCACAAGAGTTTCTGTTTTTTTACCAGGCAAAGCTGCAATAGAAAGCCCCTCTTTTAACCCCCAAACCTGAACCTTTCCAGGCTCAACCATCCTGCAGGCATATGGCAATGTATCAGTCTCCGCAAGGGTTACATCAGAAGTGACGCCTTCATCTTTTAAGAGCTTAAAAGCCTCAAGAGATCCAAAGTTCCCAGGGATAAAAACAACTTTCATCCCATCTGCAAGAAAAGGAAGAACTTCTTTCATAATTGGAATTTGGCCAAATGAAGGAACAACAATATATACGATTTCAGCTCCCTCTAAAACTTTGCCCATATCAGAAGAGGCTAACCGCAACTTTCCAAAACCTTCAATAGCTCCTGTTAATTGAATGCCTCCCGCTTTTTGAATGGGAATAAGTTTGTCAACAAATGATGGATGCTCATAAAGACTTACTTTATTACCCATCATAGCTAAGTGAGCACTTAAAGTTTGCCCCCCGTTACCTGCTCCTAAAACTGCGATTGATCTGTGCATTTGATTTTTAGCCTCCATTCTAATGAACGAATCCTAATAGCGTAGGAAGAAACATTGATAGATCAGGCCAAAACGATGTAAGGAAAACGACTGGAACATACCCTAAAAGTAACAACACCATCGCTGGTTTTATAATATCCATGAACTCAACATTACCTATTCTCATTCCCAAATACAGGATGCTCGCATAAGGAGGGGTAACGCCACCCATAGCAAGGTTTACTCCCATGATGGCAGCAAATTGTATGGGGTTGATCCCAATGCTCTGTGCCAAAGGCAGAAGAAGTGGTGCAACCAAAATAATCCCTGTTATATCGTTTACGATCATTCCTACAAAGAAAAGGAGAATATTTATGAGTATGAGAAGAATAACTTTGTTCTGTGTAACACCAAAGAGAAGTTCTACAAGGGCCTGAGGAACTCGCATCATGACAAAGGTCTGGCTCAACATGAGGCAGAAGAAAATCATTATCATAATGGCACCAACGGCCGTCGCAGAATTCCACGCAATCTTGAAGAAATTATTTTTATTAAGTCCTTTATAGATGAAAAAACCTACTGGGATAGAGTAAACAACAGCAACTCCAGCTGCTTCTGTAGGAGTCATTATTCCGCCATAAATTCCACCCAATATAATGAAAGGCATCATGAGAGCTGGCAAAGCCATCCACGTGCGACTTTTAATCTGTTTAAGTTTCTCCTGAGTAGAAAGTTTGGGTTCAATTTTAAGGTCAAACTTTTTCGCCCAAATGACATTGATAAAAGAGAAAAGAAAGGTTACGAGCAGGCCTGGTCCTATCGTAGCAAGGAAACAAGCAAGAATAGACGTTTCTGTAACCCATCCATACACAATCATGACAACACTTGGAGGGATAAGAAGACCAAGAATGGATGAATTTGTAACGAGAGCTGTAGCATATCCCCGAGGATATCCTTCCTGCTCCATTCTCGGAATAAGGATCGGGCCAACTGCGGCAACTCCGGTAAATCCACTTCCAGATATAGCACCTATAATCGCACAGCTCACAGAAGCTACAACACCAAGCCCACCACGTTTTCTCCCGACAAAGACATTTACAAAATCAAGCAGATATTTAGCTATTCCACTCTCACTCATAAGCGTTCCTGCTAATATAAATAAAGGCACACAGAGTAATACCGGGTTCGTTATTTGCCCCAATCCCCACAACATCATGCCCTTCATATTCACTCCGCCTATTAGTGCCATGTACATAAGACTTCCACCAAAACAGAAAGGAAGAGAGACACCTAATGTCAATAAAACGACAAGAACTACCAGCGCTCCAATTGCTACACTCATCATGTTAAATTTCTCCTCCCTCTACTTCAGCTTCAAGAAGATCCTGGCCGCCGCCATTTTTAAAGATATTAAAGTTATGGAAAATTTCGATAGCCGTATAGAACGTCATGACGATCATTCCAATGAAAACAGCAGCTTCCGAATAGATCAGGGGGATATACAACGTAGCGCTTACCTTCTGCATTCTGAGAGAATATTTGAGGAAATCGTATGCCCAATAGTTGAGCCACAAAATAATGACAAAAGATAATACTGATGCCAACATTCTGATGAAGAAGATCGTCTTTTCTTTTTTAACAAAGACTTCAAGAACTCTAGCTACAATCTGTGTTCTCTCACTTGAAGCGTTGATCGCGCCAATAAAATAGAGCCAGACTGTGGGGAAAAGAAGTATTTCCTCTATTCCCATGAGAGGAGCCTTAAAAACGTATCGCAAAAGTACCTGCGCAAAAACCAGAGCCGTTACAATCATCATCAAGATAAATAGTAAGAGATGCTGAATTGACTCTAATTTTCCGAGTAAGCCTGAGCCGTTATTGCTTCCTAACAAAATTACCCCCTCCTTATTTATTAAGAAATATCCCCATTTATTTGTGCAGAAAATAACAATGTACTATCTTCATGTTATCCTAATGTAGGATGATTGGAATAGTTGACATAATAGTATCAGCTCTGAAAAGTGTCAATATCACAAACTTTGGATAATGTATACCTATGTTATTTTAATACGATTATTCTGATCTAGAAGATGGGATATTCATATCTTGATATTTTCACATCTTTATGTTTTAGTTTTCACTTCCTAATGATATATTTATGACAATACATCTTCGAGAGGTGTGACTTCAGTGATAAAACCAGCAAGCAGAACAACTCTTTACCAAGAGGTCCTCAAACAAATGGTAGCGGCCATAAAAGAGGGCATATGGGTGGCAGGGGAGAAAATTCCTAGCGAAATGGAACTGGCAGAACTGTTTCAGGTTGGAAGAAATAGTATAAGGGAAGCAACAAAAGCTTTAGCCATCTTTGGCATTGTAGAGTCAAAACCTGGGCAAGGGACATTTGTTTCTCCAGACGCATTGCGAAAGATAAGCAATAACGAACTCATGAACTATATCTCTGATGATTCTTCATGGAAGGAGCTCATGCAAGTTCGGCTTTTGCTTGAGGTGCAAGCTGCCTATTGGGCTGCTGAAAATGCTACCGATGAAGATATTCAAAAGCTTTATACGATTATGGATTTAAGTACAGATGGGGGAACAAACGTTCGCCCCAGAGATCTAGATCACTTAAAGTATCATAGTGATTTCCATGAAGCTATTGCTGAAATAGGTGGAAATAGTCTTGTTTTGAAGTTACTACGATCTATTCGAAATGAAATAGACACGCAACGGCATAAATATCTTGATATAACAGAAGAAGACTGGAATAGAATGATGGAAGAACATAGGCAAATTGTGGAATATATACGAAACCATGAACCTCAAAAAGCAAGTCAGGCCATGCGTGAACACTT
NZ_CP133089.1_gap50	2235741	2239545	3804	ATAAAGAAAAAGGCATAAAGCCACTTGCTCCAGACCTTAAAAGCGTCTTTGACCTCCCAAAATATTGGGAACTCTTCAAAGATCCAGAAAAACCTTCAAAAGGGCGCTTATATAACGGCCCTGCCGGCTGGAATATAAACTCCATCAATTCAGAGAAGGTAAAAGCCTACGGATTAGATGAAAAATTTACCGCCTTTGATCCAGGTTCTCAAACTGCTCTAGCCGCAGCTATTGCTTCCGCTTACGAGCGAGGAGAACCAGTTTTAGCCTATTATTGGGAACCTACAGCAATTATGGGCATGTACGATATGGTAAAACTTGAAGAACCGCCATACAGCAATGATTTATGGGGAACAACGTATCGCTGTGCTTGCCCCTCAGTCGAAGTACTTGTTCTGGTAAACACAAAATTTGCTGAAGCAAACCCCGAAATCACAAAATTCTTAGAACGTTATGAAACAACTCTTGATCAAAACAATAAAGCCCTCGCTTATATGAAAACACATAACGTTGATGCTCACCAAGCAGCCATCTGGTTCCTTAAAACCTACAGTGATAACTGGAAAAATTGGGTACAGGACGAAAACGTTATAGCAAATGTAGAAAAAGCTTTGCAAGAGGAGGCGATAAAATAGTGAATTCCATCTCTAAAAAAAAGAAAATCTTAGAAATACATGATCTTTGGAAGGTCTATACAAAAACAGATATAGATATTGATGTAGAGAACGAAGATATTATTACGGAACTTGATGAATCTGATGATGCTGTTGTGGCTGTAAGGGGTGTTTCTCTTACAGCCAGGCAAGGAGAAGTCTTCGTTATTATGGGACTTTCTGGAAGTGGAAAATCTACTCTTATTCGTTGCATTCTTCGCCTCATAGAGCCGACATCCGGCGAAATATGGGTTAATGGACAAGAAGTCACTTCTCTGTCTCAAAAAGGCCTCACGGAATTCAGACGAAAACAGATCGCCATGGTCTTTCAGCACTACGGACTTCTGCCTCACAAAACAGTAATTAACAATGTAGAATTCGGACTGAAGCTCCAGGGAATCCCGGAAAAAGAACGAAGAGCGCGTTCTAAAATTTCACTTGAACGCGTCGGCCTTAAAGGATGGGAAAATTACTATCCTGGTTCGCTGAGCGGAGGGATGAGGCAGCGTGTCGGTATCGCAAGGGCTCTTGTTATGGATACACCTATCCTTCTTATGGACGAGCCTTTCAGTGGTCTTGATCCTTTGATCCGCCGAGAAATGCAAGATGAATTAATTCGATTACAAAAAGAGCTTAAGAAAACTATTTTCTTTGTAACTCATGATCTTGATGAAGCAATGCGAATGGGAGACCGTATGGCTGTAATGAAGAATGGATCTATCGTACAAATGGGAGCTCCTGCTCAAATTCTCGCAAATCCTGCAGATGAATACGTGGCCCGTTTTGTTCAGGATAAACGGCGCCAAATACAGATGGCTGATGAAGGAGCCTTTATATCTGATGATGAAAGCATTGATGAAATACCTGATGAAGGAGTGATGAATCATATTTCCAGAAACGTTTGAATTTCATGTTGCAAGTCATGTTAATAACGGCGTAGACTGGCTTCTTCAAGCCTTAGCCCCAACTTTTGATAGTATTTCCAGCGGAATTCTTACTATACTTTTAGGAATTGAGAATTTCTTGCACATCATCCCCTGGTGGATATATATAGTTGTAATTGCTCTCCTCGCATGGAAAGCAACACAGCGTCTCAGTACGACAATTACATTGCCGATAAGCATATTGTTCATAGGGATATTCGGCCTTTGGGATTTAGCAATAGGAACACTTGCCGTTGTCATTGCCGCAGTGTTTATTTCCTTACTTATTGGCATTCCCCTTGGTATCCTCATGGCAGAAACCAAGGGAGTGGAACCCGTTATGAGACCAATTCTAGACGCCATGCAGACAATGCCAAGCTTTGTCTATCTTATTCCGGCCATGATGTTTTTCGGTCTCGGGAAAGTCCCAGCTGTTCTTGCAACCTTAATTTACTCTCTTCCTCCTGTTATACGCTTAACGAATCTTGGGTTGCGGCAAGTACCTAAGCCGGCTCAAGAAGCAGCGATCGCATATGGAGCAACAAAATGGCAATTGCTAAAAGAAGTGCGAGTTCCTTTAGCTATGCCTACGATTATGGCAGGAGTCAACCAAACAACAATGATGGCTCTATCAATGGTTGTCGTAGCATCTATGATCGGAGCCAGAGGACTGGGACAGGAAGTTTTACTTTCTATTAACCGTATTGATGTGGGACGTGGTTTTGAAGCCGGAATCTCTATCGTTATTATGGCAATTACCATTGACCGTATAACACAAGGTTTCGCCAAAAAATGGGACCCCATCAAAAGATAAATATATGGCTCAGAAACCTATATTTAAGCCGTCTTCTCCTAAAAGAGGACGGCTTATCCTATATAATAAGCATGTAAAAATTATGTACCTTTGAAAACGAGGATAAGAATGGAACAAATATTTTATGATTGGCAATTTAAAGCATATACAAAAATAGAAGGGCAAAATGCTGTTCTTTCTGCTCCGACAGGGGCAGGTAAAACTCTTGTTGCATATCTTTGGGCAGGACTTTTAACAACAGAAGGAAAAATTCAAATGCCCAAAGATACTTCGCGTATTATATTTACCGCTCCTATTAAAGCCTTAAGTAACGAACGATATATGGACCTTCGGCGCATGGGGTTTGATGTAGGAATAGAAACTGGCGATTTCAAACGAAATGAAGAAGCTCCGATTATTTGCTGCACACAAGAAATCTATACGTTGAAATATACGAAAGATCCCGATCAAAAACTTATTATTGATGAATTTCATTATATTTTTGAAGATCCGGACCGTGCCAGAACCTATATTGACGGCATTCGAGAAACAGCACCAACAACGTCTATTCTTGTTATGTCTGCGACCTTCAGCCAACCAAACGTTATAGGTCATTACCTCGAATCAATTACCGAGCGCAATTTTATTGTGTATGAAAGTCAAGAGCGAGCAACTGAGCTTGTTTTTACCCCTAAGAAACCTGCTCAACTCTTTTCTATTCATGATGCTCTCGTTTTTGTTTTCTCCCAACGTGGAACTATGGATTTGGCCTACAACATTGCTAGAACTAGGCGACGCCTTCCCAAAGAACAACGAAGTCGTCTCTATGAATTAGCAACTATTCTTGACGTTCCTAAAGTTCAAATGCCCCTTCTGTGTGGCGTAGGAATTTATCATGGAGGAATGTTACCTAAAGAAAAGCTACTTGTAGAATCAGCTTTTCGTGAACGCATTCTTGATGTTGTTGTAGGAACAAACGCTCTGGCATTAGGTGTCAATCTACCTGCTGAAACAGCTATTTTTGCTCAACTAGTTCAATTTCACGATAACGCTCCCATAAGCAAAAATGAATTTCTCCAAATGTCGGGACGAGCCGGAAGAAAAGGCCTTTTCGATACAGGCTATGTTACATGGTTAGCGAATTCCCCCTGCGAACATCGCGGATATAACACAGGGGAAGAATTTAAAAATTTGCTTCATATGTCTCCAGAGGCAGCTTCTGTATCTCTTCGGCCAGCTTGGGGAGCCTTGTTACGACATGAAGTTCATATTGACGACGAAGCCGATTATATAAGCCGTTTTTCCTTACCTGAGATTGATCCTTATATTTTACGCAACGAACTGAGACAAGGATTAAAGCGCATAGATAGAGCATTACGCCGTATGGTAAAACCTCATCAAAGAAAACAGTTTAGGATTCTTTTAGCCAATATTT
NZ_CP133089.1_gap51	2346385	2349247	2862	ATGCGGATCGCAAAGTTGAATCAGTTCATGGTAGAAAGCTCGTCGATTGAAAAGGAGATAAAAACGTATGCCAGTCCTAAATTTTTCTGTAATTGGATCTTGATAGACCCACTCATCTTTTTGCAGGGAATGAAGAAAGCGATGGACAGTTGTTCGTGGAATGCCTGTTTGTTCTTCTATTTCTCGAATACTCAGAAGGTTGTCTGCTTTACTCAAAGTTTCCATGATAGTAATGATGCGATGGATAGTATCATGACGGGAAGAAGAAGGTATCATCTATACACTCCTTTCAGAATGGGACATATTGTCCCAAATCAGTAATCACGTTACTCCAATGTATATAAAAAGTCAACTATAGAGGGTTTTGCCATCATTTTGCTATACTGTAAATTAAGAGCGAAAGGGGGAGAAACTATGAATTACAGAACAATGCCGGGGATGGATGAAGAACTCTCTATTCTTGGTTTTGGATGCATGCGTTTGCCATTAACTTCTGAAGGAATAATTGATGAGGGCGAAGCTACAAAAATATTGCGTTATGCTATTGATCATGGCGTAAATTATGTAGATACGGCTTGGCCCTATCACAACGAGATGAGCGAACCCTTTGTTGGGAGAGCCTTACTCGATGGCTACCGTGATAAAGTCTATCTCGCAACGAAACTCCCATCATGGCTTGTAGAAAAGCATGAAGATATGGACTCCTTTCTTAATGAACAATTGCGACGTTTACAGACAAAAACAATAGATTTTTATTTGGTTCACTCATTAAATAGAGAACGTTGGAATAATATGGTGAAGAACGATGTCTTTTCTTTTCTTGAAAAGGCTATAGCTGATGGCCGTATTCGCCATGCAGGGTTCTCTTTTCACGGAGAGTATGAGCTTTTTGAAGAAATTTTAGATGCATGGCATTGGGAATTTTGTCAGATTCAATACAACTACCTTGATGAAAATTATCAGGCTGGAACTAAGGGATTGAGAGAAGCTGCTTCTCGTGGCCTTGGCGTTATTATTATGGAACCTCTCCGAGGCGGCAAGTTGGCAACGAATGTTCCAGAGCCCATTCAGAATCTATGGCAAGAAGCGGAAGAAAAAATGAGCCCTGCTGCTTGGGGTTTAAGGTGGGTGTGGAATCACTCCGAAGTATCTGTTGTTCTAAGCGGAATGAATTCCCTTAACCAAGTGAGAGAGAACATCATTGTGTCTGAAAAGGGAGAACCTGGCACTCTTTCCCATCATGATCTGGATATTGTGGAAAAGGTAAAAAATGAATATAAGAAACGGATGAAAGTGGATTGCACAAATTGCCGCTATTGCATGCCTTGCCCGCAGGGTGTCAATATTCCTGAATGCTTTAATCGCTATAATATGGCTTTCATGTTTGATGATGAAAAGATGGCAAAAGATACATATTTTGTATTCGTAAAAGATTACGAGAGGGCAAGTTTATGTGTCGAATGTGGAGCGTGCGAGGAAGTTTGCCCTCAGAACCTTCCTATTCGACAGTATTTGAAAGATGTTGTTGATCTTTTTGAGGCAGACAAGGAAAAAGAGTAGGATTTGGCGATCTTTGTTGAAAAAGGCAAGCCGAAGATAAAACTATTGAGTCTTTTCTTCGACTTGCCTGATATTAGGTTTTGCAGAGTTAGAACATTTCTATAAAAGCGCTAATACGTGTCGATAGTTGTCCTGTATCGCTTCTTGAGTAATCGGTTTCCAAAGAAAGATAAGGTATATTTTTTTGTTCCCGAGCAAATTCTCGAATAGTATAGGTTTCTATATTGTAGGTATGGCATGCTTGTAAAACGACTTCCACAATACCGTCAACATGATATTCGTCAATAATATCGGAGAGTAGGTCAAGGCGCCCCCTATTAGGAGTCAGACATGAACAGCTGATCTGTAGATAACGCTCAGTCAATGCGTCCATAGGATGTTTGTTCTCATCCACAAAGCGAGATACTGATTTGAGGCCGCCACATGTTTCAAATCCTACGACAGCCCCTCCATTGTCCTCTATAATTTCGACAACTTTTTCAACATTCCCACCAATAGGACATCCAGTAATGAGTATGCGCGGCTTTGATGGTGAAATTCGCCGTTCCCCTTTATCCCAAGCTTCTTTAACAAGATGAGTAATCTTTTCGATTTTTTTAATTAGTTGTTCTTTGTCAAAGGTCTTGTCTGCGTATTCTGTCATAACGCGAATCTCTCGTCCCGTAATAGCTGGAGGTGTAAGGGCTGCGAGTCGGTAAAATTCGATGAGAGCTTTTCGCTCCCTGTTTAGAAGATAAATTTCCCTCTCAAGGTCATCGTCAGTGATAGCAACGTGAAAAGTCTCTTCGATTTTTCTCTTAAGAAGATACATTTCCTTTCGCCAATACTCGAAATCTTCTGGGCGACTATTGGTTTGTGGTAATTGCATAACGTGCGTAGGTTTTATTTTATTTAATAATTCGTACATCTTCTTTTTGCCGTCACACGTTGTTTCTCCTACTACAAAATCACAGAAGTGAAGGTATGGACACGTATCCGTTAATGCGTATCCGTAACTAGATTTAACAAGAGGACACAGATTGCGGGGAAGATGTTGTTCTGCAGGAGCAATACTTTTTTCTCCAGTACCACAAAGTCCGACAGGTATAGCTTTTCCTGCATAAATAAGCTCTTTAGGGGAAAAGGCGCAATAGTAACCGACAACCTTTCTTCCCGCTTCACTTGCTTCTTTTATATATACAGTACCATCACGCAAATGTTCTCGAAGTTCGTCAAAAATCTGATCAGTTGATTGGGTCATCAGTATTCCTCCTTATCTGCCACGTTAAGAGCTTTGACTGCTGCACCTATCGCTCCTATAAG
NZ_CP133089.1_gap52	2427330	2427830	500	TGCGGCAAAGGGCTGGATGAGATAGAGAATGGTTACTACGCCCAATATTGGGATCAAATAAAACGAGAGCCCCAGGGGCGTTTCAAATCAAAGTTGCGTGGAGATATTATTTGCTGTTTCTTACGCAAATCCCTTCCCAATCTCGGAATGGTTTTTAGGTACTCAGGCTTCTGGCATCAGAAGCCCTTTGCTCCAGTAGCTGCTTTAAAGAAGGCTACCCCTTCTTATTGCGGCGGTTGTTGTTTTATTCGTGGCGATTTTTCATCATAACGTGTCATGGGTTATCAGAAAAATGACAAAGCCTCTGCAGGATAACTGGCCAAAAAGGCTCTATATATTACAGAGAATAGCGATCTTTCTGTTCGACTAGGAGACAGACTCGAAAATAGTAGAAATAAGGGCAATAGTAGACGCGCTCAACGCTATGGTCGTAGGCATATCTGGCATAGTTTCTGCAATTGTGAGAAGCTCGAAAACAGTTTTGAACAAGGCTGAAGATA
