gap_id	start	end	length	sequence
NZ_CP010904.1_gap1	37966	42703	4737	ACCTGCAACACCGAATGCCCGCGCAAGGGACTGGAAGGCCGCGACGAAATCCTGGTGGCTTCGATCGAGCACCCCTGCGTACTGGAGACCTCCAAATGTCTGCGCGCGCGCGGACTCACGGTGCACGAAATCCCGGTGGACGGGACCGGTAAGGTGGACATGGACGCCCTCGGCGCACGGATTTCGGAGCGGACGATGCTCGTCTCGGTCATGACCGCGAACAACGAGATCGGAACCATTCAGGACATTCGCCCGATCGCCGATCTCGTACACCGTCACGGCGCGTATCTGCACACCGACGCCGTGCAGGCGGTCGGCAAAATCCCGGTCGATGTGCGGGACCTCGACGCGGATTTTCTGACCCTTTCCGCGCACAAGATGTACGGCCCGAAGGGCGTGGGGGCGCTCTACGTGAAGAAGGGCGTCCCGTTCTGCCCGTTCATACGCGGCGGGCACCAGGAGCGGGGACGGCGGGCCGGAACCGAGAACACGCTCGGGATCATCGGCATGGGCCGGGCGGTGGAGCTGCGGCGGCGGGAGATGGACGCGGAGGCCGGGCGGCTGCGCGCGCTGCGGGCGCGGCTGCGCGCCGGGATCGAGGCCCATATCCCCGATCCGCGCTTCAACGGCCACCCGGAAGACAGGCTGCCGGGCACCATGAACGTGTCCTTTCCGGGGACCGAAGGCGAAGCCCTGCTGCTCTACCTCGATTTCGAAGGCATCATGGTCTCGACCGGGTCCGCCTGCTCCTCCGGTTCACTCGACCCCTCGCACGTGCTCCTCGCGGCCGGGCTGCCCGCCGAAGCCGCGCACGGGTCGCTGCGCATCAGCCTCGGGCGCGACACGTCCGAAGAGGATATCGATTACGTCATTGAAAAACTGACCGCCGTCGTCGCGCGGGTGCGCGCGATGTCGACGGTGTACAACTGAACGGGAGCCGCGCGATGGACTGGGTCTACAACGATACGGTCAAAGATCATTTCATGAACCCGCGCAACGTGCTCATGGACGAGGACGGATTCGGGGAGGACGGCCGCGGCCTGACCGGCAACGTCAAGTGCGGCGACCAGATGCTGATGCTGATCAAGGTCGATCCGGACGAAGAACGGATCACGGACTGCCGCTGGAAGACCTACGGCTGCGCCAGCGCGATTGCGAGCACGTCGATCCTGTCGGAAGTCGTCAAGGGCCTGACGCTCGACGAGGCGTTCAACCTTACCCCGAAGGACATCACCGCCCGGCTCGGCGGCCTGCCCGAACACAAGATCCACTGCTCCGTGCTCGGCGACAAGGCGCTGCGCGCGGCGGTCAACGACTACTATCAGCGCACCGGCCGCCCGGAGAAGGTCCGCGAGGACAAGGCGAAGCTGGTCTGCCAGTGCATGGCGGTGACCGACCACGAGATCGAGGATGCCGTGCTCGAGGGCGTGCGCGATTACCAGGCGCTCCAGGAACACACCAAGCTGGGCACCGTATGCGGCCAGTGCCGCGGGGAAGCCGAAAAGCTGATGGGTGCATGCATCGGGAAGCACTTCGACCACTAAGGCCACAAAAGCGGCCCCTTTGTGGTTCTACGTAATTTTTTGTGGTGAGGCGACGGGAAATCCGCTCGCGTCCCGTCGTACTCGTACTCAGCGAAGCGGTACTCGTACTCGAATTCCTTGAATCGGGGGATGGGATCGCGCCTTCGGCGCTCCGAGTACGAGTACGAATTATGTTCACCCCCCCCTCAACCAACCTTCATGGCCTTCATGTGAAGGTAGGGATTCTGCCGGACAGCAGAAGGCCGTCCGCAAAAGAGCGGCGCGCTTAGCCTGTCCGCCGAAGGCATAAAGGGCCGAAGGCGGAGAGATCGCGCCCTACCCGGAAATCGCAAAGATGAATGAGAAGAGCACAGGCAAAGAAATGGTGCGTTCTCTCTTACGTTCGTAGTAGGCCCGCAGGCCTGCGAAGCAGGGCCAGGGCCGTGATCTTCACGCGCCTGGTCTGCGGGGCAGGCTTACGGCGCTACTACGAACGTTTGTCGTCTCCCATCCCGCCTCTTCCCCGAACGGCTCCACCACAAAAATCTGCGAAGAACCCCCTTTGTGGCCCCGATTCAGTTTTTTCTTTATGGCCCCGGCGTCCCCCAGCCGTTAATGTGGCCCATTGAGGCGGGGGGTGGAACTTATGAGCAGCACATTCGGGACGGTATTCAGGACGACGACATTCGGGGAATCGCACGGACTCGCCGTAGGCGCGGTTATCGACGGTTGTCCGCCCGGGCTCGCCCTCTCCGAGGCTGACATCCAGCCCCAGCTCACGCGGCGCCGGCCGGGTCAGAGCGCGCTGACCACTCCGCGCGACGAGCAGGACCGCGTGCGGATACTCTCCGGCGTGGAGGCGGGGATGACGCTCGGCACGCCGATTGCGCTGGAGGTGATGAATGAGGCCCAGCGCCCCGGCGATTACCGCGAGCTGCAGTCCGTGCCCCGTCCCTCGCACGCCGATTACACCTACCGGATGAAGTACGGCGTCGCCGCCCGCAGCGGCGGGGGGCGGGCCAGTGCGCGCGAGACGATCGGCCGTGTGGCCGCCGGGGCCGTGGCGGAAAAGATGCTGCGGGACCGCCGGGGCACGGAGATCGTGGCGTTCGTAAGCGCAGTCGCCGACGTCGAACTCGAGGGCGAACCGCCCGCCGATCTCTCGCGGGATCGGGTGGATGCCACGCCCGTGCGCTGTCCCGACGCCGGGACCGCGGAGCGGATGCGGGAGCGCATCGAGGCGGCAAAGGCCGACGGGGATTCCGTCGGCGGGATCGTCACCTGCGTCTGCCGCGGAATTCAGGCGGGCTGGGGCGAGCCGATTTTTGACAAGCTCACCGCCATGCTCGGACGCGCCATGCTGTCGATCCCCGCCACGAAGGGAATCGAGATCGGTTCCGGGTTTGCCGGGACGCGGATGCGCGGGTCGGAACACAACGACCCGTTCGTCGCCCGCGGCGGGTGCGGACTCGGCACCGCCACCAACCGCAGCGGCGGCATCCAGGGCGGGATCAGCAACGGCGAGCCGATCGTATTCCGGGTTGCGTTCAAACCCACCGCCACCATCGGCCGCGCGCAGCACACCGTGGACTACGAGGGAAACGAGGTGGAGCTGGCCGCGCGGGGGCGCCACGATCCGTGCATCCTGCCGCGCGCCGTCCCGGTGGTCGAAGCGATGGCCGCGCTCGTGCTGGCCGACCTGGCCCTCAGACAGGCCGCTCGCGGATAGTCGCGGGACGCCCCCTATTCCTCCCCGTCTTCAAGCTCGCGCATGATCCGGTCCGCCGGGGTTTCGAGCTTCTTGTCGCGGTTGCATTCGGGGCAGGCGGGCACCACGTTGCCCTTCGTGCTCTTCCCGCCGCGGGCGACGGGGACGACGTGGTCCATTGTCAGGCGGCCGGGAGTCAGGGTCTTTCCGCAGTAATGGCAGCGGCCCTCCGCAATGCGGTTCTTCCACCACGACGTGCGGCGGAGTTCGCGGGCACGTTTGCGCTCGCGGCGCATGTGCTCCTCGTCGGCGTTGATGTCGAACCAGTCGTCCATAGGCAGACAGGCCGTCCGGCGTTACTTCTTTTTCTTTTCGACCGTGACCTGCTTGTCGGTCATGAATTTCCCGTACAGGTCGTTGAATGCCATGAGTTCGCGGATTTTCGCCTCCAGATCCCTCTGCTCCTGCTTCGCGGAGGTCTGGTGCTTCATCAGGTACTGCGCGAAGCGCTCCTGCACGAATATCGGGTCATGGCGGCCTTCGTTCTGGTACCACACGAGACAGTTGTAGATGAACTGGGCGGCTTCATATTTCTCCGACCCGTGCTGATGATTGAAGAAGTCGCTCCACATCGAGCGGTAGATCTTCACCAGGTCGGTCTGGACATCCTTGAGGTCCATATTCGAGTCGATCAGGTATTCGCGTTCCGCGGCCGGGCAGGCCGCGGCGGCCGTCAACGCGGCGGCGATCAGGAAGGCTTTCATCTTCATCGGCGTTCTCCTCATTCGGCGCTGGACGCGCGTCCGTGGTGGGCGTCTATAATAAAGGGCTATGAAAACATCCCGCACCCCGCCGGACAATGGAAAAGAGTCGCCCCCGATCGTGAAGTGGCGGCCGGGCCGTACTTCCGCCGCGGTCCGCGCCTTTCTCGAACGGCCGCCCGTGGACCGCGAGATCGAGGACCGCGCCCGTGCGGTGCTCGACGACATTCGCCGCCGCGGCGACGAAGCCGTGCTGGAGTACGCTGAACGATTCGACGGTGCCGCGCTCACCTCCCGCCGGCTGCGCGTCCCCGCGCGCAGCGTCAGGGCGGCGGCGAAGCGCGTGGACGCCGACTTCAGACGCGCGGCGCGCGAGGCGTCCGCGCGCATCCGCCGTTACGCCGAGGCCGGCATGCACGGAGACTGGTCGGTGCCGACGCCCGGCGGCGGAGAGCTGGGCGAGCGCTGGGAGCCGCTCGACCGGGTCGGCGTCTATATTCCCGGCGGCGAGGCCCCGCTGGCGTCCACGGCGCTGATGACCGTCTGCCTGGCGAAGGCGGCGGGGGTTGCGGAGATCGTCGCCTGCACGCCCCCGGACGAAAAGGGGCAGATCAATCCGTATGTGCTCTACGCCCTGGATCTGGCGGGCGCCACGGAGATTTACCGCCTCGGCGGCATCCAGGCGATCGGGGCCATGGCCTTCGGTACGGCGACCGTGCCCCGGGTGCGGATGATCGCCGGCCCG
NZ_CP010904.1_gap2	230534	231246	712	GAGAGCTCAGGGGTACGATTTTTCCTTCCACCCGTTGCGTAGGTTTCCGGGCAATGTTGAAGTCAGGAAGGGGAAAGGGACGGGATCGCGGGAGGATTGCTTATCACGCGTGCAGCGCGCGTTCGGCCAGACGGTACCAGTCACCCGGAGGTACACGGTGCGGACGCAGTTCCGGATCGATGCCGACGGCACGCAAATCAAGGTCCGGGAGCGTGTTGCTCAGCTTTTTGCGGCGCTGCGAAAAGGCGCTCCGCAGGATTTCGACGAGCCGGGGATAGGCGTCGCTCCGGATCGCGGGGGTGTCGCGGCGGACGAGCCGTAATACCGCCGAACGGACCTCGGGCCGCGGATAGAAACAGGTGGCGCTTACGGTTTTGACGAGCGCGGATTCGAAAAAGGCGGTCGTGCGCACCGCCAGCGGACCGTAATCGGAAGAACCCGGCGCGGCGGCGATGCGCCGGGCGGTCTCGAGCTGAAGCATGACGGCCACGGTCTCCGGCCGGGGTTCTGCGTCGACGATCCGCACGAGGATGCGCGTGCCCACGGAGTAGGGCAGGTTGGCGGCCACCCGGCACACGCTCGCGCGGAAGAGTTCGCCGAAATCGGTCTCGAGCGCGTCTTCCGTGCGCACGTGCAAGGCGCGTCGATCCGGCATCAGGCGGCGGAGATGGTCCGCGAGCCGTCCGTCTTTCTCGATCGCGGTCACCCGGCC
NZ_CP010904.1_gap3	328883	333572	4689	CATGAAGGAACACGACGGCCCCGGGTCGGTCCGTCTCCGCCACCGCTGGTTCGGCCTTACCCATATCAACGTCGTCTGGCAGGACCGGATGGTCTCGGGCATGCTGCAGGCCTTCCTGGGGTCCTTCCTGATCGTGTTCCTCATGATGACCATCCTCTACCGCTCCGCACTGTGGGGGCTGCTTTCGATGGTGCCGCTGACGGTGACCATCGCGCTCATCTACGGGGCGATCGGGCTGATCGGCAAGGACTACGACATGCCGGTCGCGGTGCTCTCCGCGCTCAGCCTCGGACTGGCGGTCGACTACGCGATCCACTTTCTTTCGCGCAGCCGCGCAATCTATCTCGAACACGGATCCTGGGCGGATACGGCGGGGCCGGTCTTCGGAGAGCCCGCACGGGCGATCACGCGCAATGCCATCGTGATCGGCGTCGGCTTCCTGCCGCTGCTCGCGGCTCCGCTCGTGCCCTATAAGACCGTCGGTGTGTTCATCGCCGCGATCCTGCTGACCGCGGGCCTCGCGTCGCTGCTGATCCTGCCGGCGCTGATCACGCTGCTCGAGCGGCTGCTCTTCCCGCGTACACGGAAGTCAATGATGGCTTGCCACTGCGGCACCTGCTTCGTCACCAGCCTGGCGGTGCTCGCTGTCGTGGTCATCAACCTGGCCCGCTTCCTGAAAGGAGGATGGACCGCGACGACGTGGGTGAGCCTGGTGATCGTGCTCATCCTGGCCCAGGCGTGTTACTGGATCAGCCGGACCGAACGGTGTACCGAAGAGGTCCCGGTTCCCGGGCACGGGGGAACGGAAGACGACCTGAAACAGTCGGCCACAAACGAGGAGAGGGAACCATGAAAACAAACCTGATTATGACGGCGGCGGTGTTCTGTTTCGCGGCCGCGGCCGCGGCCGCCGACCTGAGCGCGGATGAAATCGTGGAACGCGCGCAGCGCGCGAACTACTACCAGGGCGACGACGGACGCGCCCGGGTGTCGATGACGATCGTGGACAAGCAGGGGAGGGAGCGGCTGCGCGAGCTGATCATCCTGCGCAAGGACATGGTGCCCGCAGGGGAGAAAGACGCCGACGACTCGTTTCTCGGCGACCAGCGTTACTACGCCTACTTCCGCCGCCCCGCCGACGTCCGCAAGACGGTCTTCATGGTGTGGAAACATACCGCGCTCGACCGCGACGACGACCGCTGGCTCTACCTGCCGGATCTCGATCTGGTCAAGCGCATCGCGTCCTCGGAAGAGCGCACGAGCTTCGTGGGCACCCACTTTTTCTACGAGGACGTCTCCGGGCGCACCGCTGCGGAAGACACGCATGAGCTGGTGGAGACGACGGAGAACTACTACGTGCTCCGGCACGATCCGAAAGAACCGAAGCAGGTCGAGTTCGCCTACTACAAGACGTGGATTCACCGGGAGTCGTTCCTCGTGGTGCAGTCGAAGTATTACGACGACCGCGACGAGGTCTACCGCACGTACACGGCGGAGTCGGTCGAGACGATCGACGGCCACCCCACGGTCGTCAGGGCGCGCATGAGCGACGAGCGCCTCGGCGGACACACCACGGCCGAGTACAGCGGGGTGCGGTATGACGTCGGCCTGCCCGACGACATCTTCACCGAGCGCTACCTCCGGAAGGCGCCGATCGAGTATCTGCGATAACCCGAAAGCAGTACAGGTTCCCATGAAACACAGCCCTACCTGCAAGTCGAACCGGTCCGCGGGCCTGCGTGTGGCGGCCCGGGCCGCCCTCGGCGGGATGCTGCTCGCGCTCTGCACGCGGGCGGAGGAACCCGCATTGCCCCCGGGCCTCGGGGGGGGAGGGAACGAAGGCCGTGCCGAAGAGCCCGCACTGCCCTCCGGCCTGAGTAGCGGCGGCCAGCCGGCCCCGGCAGCCGAGCCGGAAGACGGGGGCGGGCCGGATAAACCGTTCAAGCTGCCGTTCGAGTGGTACGGGTTCTGGGAGACCCGCATCGGCAGCCGGCTGCAGAACGATCCGCACACCGCGGAGGACCTGATCCTCGGCGAGACCCGCCTGCAGCTCGCGGCCTCGAAACGCCTGCCCGACGTCGGATTCAATGTCGTCGCCGACTTCCTCTACGATGAGGCTGCGGAGGAAGTCGGAGTGGAACTCGACCGCGGCGAGGGATGGATCGACCTGCGCGAGGCGAACGTGCTCTGGTCGCCGCGCTCCGACCTCGACCTCAAGATCGGGCGGCAGGTGCTGACGTGGGGCACCGGCGACATGCTGTTCATCAACGACAACTTCCCGAAGGACTGGCGTTCGTATTTCATCGGACGCGACGAGGAGTATCTCAAGGCCCCGTCCGATGCGGTCAAGGCCTCGTGGTTCAACCCGGTGGTGAACGTGGATTTGGTCTACACCCCGAAGTTCGACCACGACCGCTACATCGACGGACAGCGCGTTTCGGTACTCGATCCGCCCGCGGGCGAAGACGCGGTGATGGATGCCGTGGCGCCGGACGAGTGGCTGGATAACGACGAGATCGCCTTCCGCCTGCACCGCATGTTCGGGAGGTACGAGACGGCCCTCTACGGCTACGACGGATACTGGAAGAGTCCCGGCGGGCAGCGACCCGACGGACGGATGACCTTCCCGCGGCTGGCGGTGTGGGGCGCGAGCGTGCGCGGGCCCCTGGCGGGCGGGATCGGCAACTTTGAAACCGGCTACTACGACTCGAAGGAGGACCGCGGCGGCGACGACCCGCGGGTCAATAACAGCGAGTGGCGCGTGCTCGCGGGATACGAACGCGACCTGAAATCCGTCGCCAGCGACTTCACCGTGGGTCTGCAGTATTACGTGGAGTGGATGCAGGATCATGAGGACTATCTCTCTGCGCTGCCCGCAGGCGCCGCCGCGCGCGAAGAGGACCGTCACGTCGCAACCGTACGGCTCACGAAACTGCTGATGCGGCAGACCGTGGAACTGTCGCTGTTCACCTACTGGTCGCCCACGGACCACGACCTCTACGCGCGGCCGTACGCGGGCTGGGACCTGACCGATCAGTGGAAGATCGAAGCCGGCGGCAATCTCTTTCTCGGCGAAGACGACCACACCTTTTTCGGGCGCTTCGAGCGCAACAGCAACCTGTACGCCGCGCTGCGGTACAGTTTCTGAGATGCGTTTGAACCCTGAATGAACCCTGAGTTCCCGTAAACAAGGAGGACCCCATGAAGAACTGGAAGAGTCTGTTGATCGGTTTGATCGCCGGAGCGGCGGCCACGGCGGCGCTCGGCTGGATGATGATGCCGGGGATGATGATCCTGACACACCGCAGCCCCTACGGCCTCGAGAAGACGGTCGAGACGCTGGTCTCGAACTACGAGAAGGGCGGATGGACCGTGCAGCGGATCATGAACATCGAGCAGTCGCTCGAAAAACAGGGCAAGACGGGCGTGCGTCCCGTGCGGGTCATCAAGGCCTGCCGGCCCGACTATGCCGCGGAGATCCTCAGCGAACCGGAGGCGAGGCGCGTGGCGGTCATGATGCCCTGCAGCATCGCCGTGTACGAGCAGCCGGACGGGGAGGTGTACGTTTCCGCGATGAACGTCGGTTTGGTGGGGCGCATGTTCGGTGGTACCATCGCCAAAGTGATGGGCGGCCCCGTGGCCGAAGACGAACACGGATTTACGGCGTTTCTGCGCCGATAGACACGGAAGATAACCGCAAGACATGAACAGGAGGATACAATGAGCGAAGGCATCAAGGATCTCAACGGGGAAAATTTCGACCAGGCGGTGAACAGCGGGGTTGCGCTCGTGGATTTCTGGGCGCCCTGGTGCGGCCCCTGCAAAATGCAGACGCCGATTCTGGAGTCGCTCGCGGACAAGGTCGGCGACGAGGTGACCCTCGCCAAGGTCAACGTCGATGAGGGCCCGGAGATTGCGGCGCGGTACGGCGTGCGCAGCATCCCGACGCTGATCGTCTTCAAGGACGGCGAGGTCGCCCAGCAGTTCGTGGGCGTGAAGCAGGAAGCCGAACTGAAGCAGGCGATCGAGTCCGCGCAATGACGCCGCCCGTTCTGGAGACGAGAGACCTGTCGCTGCAGCTCGGCGAAAGCCGTCTGCTCGACGGTCTCTCGGTCGATTTCCACGAGGGCTGCATTCACGCTCTGGTCGGCCCCAACGGTGCGGGCAAGACGACCCTTGCCAATACGCTGATGGGGCTGCGGGGGTATCGTGGACACGAGGGCGACATCCTGCTCGACGGTACCTCGCTGCGCGGGACCGGACCGGATGAACGCGCGCGCAGAGGGATGACGCTCGCCTGGCAGGAACCCGCCCGCTTCGAGGGATTGCGCGTCGAACGCTTTATTGCCGCCGGAGCGAAAGACCCCGGCGAAGGACGGCTGCGCGCCGTGCTCGAAGAGGTGGGCCTGGACCCCCGCAGCTATCTCGACCGCGCGGTCGATCCGTCGCTCAGCGGCGGCGAGCGCAAGCGGATCGAACTCGCCTCGATCCTCGCCATGGAACCGCGCATCGTCCTGATGGACGAACCCGATTCGGGGATCGATGTCGAAGCGCTGAACTACATCTTCAAGGCCCTGAAAAACCTCAAGCGCGCCGGGGCCACGGTGATTCTGATCACGCACAGCGCCGAAGTCCTCAAGCACGCCGGGGACGCGATGCTGATGTGCTGCGGCCGGCTGATCGACCGCG
NZ_CP010904.1_gap4	402704	405177	2473	ATGCCGCCCAAGCCGGAGGAGGAGAGCGGGAACTACGCCGATTTCGACGCCGGGCAGCCCGAACTGACGTCGCTCGCTCAGTTCGGCCATATCCCCTACCGCAGGGCGGAGGGGGGCGAATGGCGCACGATCCCGTTCGTCGGAGATCGCGCCGTGCCCGTCTTCAAGTACTTCCAGTTCAGCCGGACCAACACGGTCCCGACCCGGGGGCTGGTGAACGTGAACACCCCGCACGCGCCCGTGCTCGGCGCGGTGTTCGATTCGGTCCCGTATGTCGACTTCCCCGGGTTCTCGGACACCAACCGGATGTCCACGGCATACGCACTGGGCCTGGCGCGAATGCTGGACCAGGTCCGCACCAATCGCAATGTGGCGGCCACGGCCGACCTCCTGCGGCAGTTCGATTACGACGATATCGAGCCGTTTCTGGATGAGAAGACGCGCAATAAGTGGGGCGCCGATTCGGTGATGGCTCACTCGTTCAACCTGCTCAACCCGCGCCAGAACCTCTTCACCATCCTGCTCGCCGCGCAGAGTACGGCACCGGACGATCCCTCGCAGGTGCTCGCCGAACGCCGGGCGGTGGCCCTCGTCTGGCGCGACCCGTTCCGCTCGCTCGATGGCCGCCACCGGACGGAGATCGTCTATTTCGAGTGGCTGTAAAGCCGGGCCTGCGAAGCGGGGCCGGGACCGTTATCTTCACGCGCCTGGTCTGCCGGGGGCAGGCGTGCGGCGCTACTACGAACGGGTGACGCGCCCTGGCCCTTCGGGCGCTTACGGCGCTACTACGAGCTTATTTCTCCCCGCTTATTCATACTTTCCGGAGAGCCACAGCGGTTCGTGGTTATGGCGGTTCCACGCCTCCCAGCGGCGGCGCAGCTGGTCGACCCGCTCCGGATACTGCTTCGCGAGGTTGTGTTTTTCCTCGAGGTCCTGCTTCAGATTGAAGAGCCGGGCCGGATGCCCTTTGCGGAAAATGAGTTTCCAGTCGCCGTGACGGATCGTGCGGAAGGAGCCGCGCCGCCAGCACAGCGTCTCGTGCGGCACGCCGTCGTTCCGGCCCGTCACGTACGGCACCAGGTCGACCCCCTCCAGCTTCCAGTCGGGATCGATCGACACGCCGGCCGCGGCCAGCGCGGTCGGCTGCACATCGAGCGTGCTGACGGGTTTCCGGTAGACCTTTCCGGCCGGAATATGTCCTTTCCACTGCATCAGGTACGGTACGCGCAGGCCTCCCTCGAAGTGGGTGATCTTGGTTCCGCGCAGGGGATCGTTGACGGAGGTGTTGCTGTAGGTCGGCCCGCCGTTGTCGGAGATCAGGAAGATCAGGGTGTTCTCTTCAAGACCCAGCGCGCGCAGGTGATCCAGCGTTCTGCCGACCTCTTCATCGAGCGCTTCCATCATCCCTGCGAAAATGCGTCGTTTGGGGTCGCTGATCTCCGGGAACTCCTCCGCGTAGCCGGGCGGGGCCTCCTCGATCGGGCCGTGTTGATTGTAGAATGCGAGGTACAGGAACCAGGGCTGTTCCCGGTGGCGGTCGATAAAATCGCGCGCCCGCGCGCCGTACGCGAAGGTGCTGTAGTAGCCCTCCTCCTCCACCTTGCGCGGCTGCGGGTTGTCGTCCCGTGAGTCGAGAATGACCGGGGTGGTGTAGGAGCGCGAGTTCTCCAGGTTCCCGTAGTACTCATCGAAGCCGCGCTTCGTCGGCCAGTACTCCGGCTTGAATCCGAGGTGCCACTTGCCGACCATCCCGGTCGCGTAGCCCGCCGTCTTCATGCGGTCGGCCATGGTCCGTTCCGTGAGCGGAAGCCCGTATTCCTTCCAGTGCTGGCCCCACGGCGGGTTGGTCTCGTGCCCGACCCGCGTCTGGACGCGCCCGAGCATCAGGCCGGCGCGGCTCGGGCTGCAGAGGGAGTCGGTGACGTAGCCCTGGGTAAAGCGAATGCCGTTCGCGGCGATCGAATCGATGTTCGGGGTCGGGATCTGCGGATTCCCTTGGCAGCCGAACTCGCCGTAGCCGACGTCGTCCACGTAGATCAGCAGGACATTGGGCGGATCGGGCTGCTTCGCGACGGCCGTCCGGGCCAGGGCCAGGACAAAGGCTCCGAGCATGAGAAGAGTTCTCTTGAAATCCATCACCGCTACTCCTCTTCCCCGTGAAACAGCAGGTTGTCGTTTTCCTTGAGGTAGTCCTGTTTCAGCGCGCGGACGCTGCCGTCGAAGAACAGGAAATTCATGAACTCGCCGTGGCGGGGCGGCCAGGGGACGCCCGTTTTGTGTTCGTGATTATCGACGAAATTATCGGCCTGCATCCACCAGGATCCCTGCCATCGTCCGTTCGCGAACTGGCGCGTGTCGCCGCACAGGACGGTTTCGCGCGGACGGCGGATGGACGCCAGCGTAGGCGGAATCCGGGAGTGCGGTATGATATAGCGGTTCGGACCGAGATCGCCCATGCCGTGATGATGTTTTT
NZ_CP010904.1_gap5	438263	441469	3206	CGCATAACCCTCGCGGGCGATGTATTCGTCGATCGAATCCGGATCGATCACCCCGCAGTTGCGCAGCACCAGCCGGAGCTGTTTGCGGTAAAACGGCAGATCCTCGGCGCGCTCCGCGCTTTGGTCCTCGCCGCGGTAGATCAGCCGTTCCACCGGCCGTCCCTTGACGAGGTGCTCGGAGGCAATCTCCTTCGCGTCGTCGGGGTCGACCTGCACATAAAACGTCTCGTCGGGAAGGATTTTGATGATGGGGCCCTTCTCGCAGAACCCGAAACAGCCGGTCTTTACGAGCTGAACGTCCTCCTGCAGACCCTCGCTGTGCAGCGCCCGGTTCAGTTCCTGGTACAGCGCGTTCCCCTTGTTCGATTCGCACGCCGTGCCGCTGCAGACGAGAATGTACTGTTTGTAAGCCATGAGTGGTTTCCTTTTATTCCGGTTGGACGATGTCTTCCGCCGGTTTGTCGTACACGTGTTCGTCAACGAGCCGGCCCTCGATCAGGTGTTCTTTGACGATCTTGCGCGCGGTGGCTCCATCGACGTGCCCGTACACGACCGTGGGCATTCCCGGCGACTCCACTTCCACCGTCGGCTCGGAATAGCAGAGTCCCATGCAGCCCGTCTGCTTGACGACGGCGTCGTCGATGCCGCTCTTCTCGAGCTGGTCCAGCAGCGCGCTGAAGGTGTCCTTGGCCCCCGCCGCGATGCCGCAGGTGCCCATTCCCACGGTGACCACGATGTCTTTGCCTTCACTCTCGCGGCGCTTAATCTCGCGCTTTTTCTCGTCACGGAGTTTTCTCAGTTCGTCCAGCGTCAATCGGCTCATATGCTCATCTCCCGCTTTTGCCGGCGCGTTATCCGGCCGCTTGATTCCCGTGCTCTTCAATGCCGTCGTGCGTTACGGCCTCGCGGCCGTCTGCCTCCAGTGTTCTTTCGCGTTCCAGCAGCTCACGGCGCGCCGCGTTCAGTGCGCGCGCCCGTTCCAGCCCTCCGAGGCGGGCGGCCAGGGACGAGCGCGCGACGGACCATGCGCGCGCTCCGCGTTCATGACGGATCCGGACCTCGTCCGCGCCCGGGATCCCGAGCGCCATCAGAAACGCCGTAACCCAGTCCCCTTCGGGCGGCGTGTCGATGTTCGTCCGGTCGAACCGCGCACGGACCCGGGTCCCTTCGCCCGGCTTTGAATCGATGTCCACCGCCCCGCCGGCACTCTCCGCCGCCTGCAGCGCGAAGGCCAGGCCCAGTCCCGCCTCGCGGCCCGGATGCGCGCCGCTGCCCGAGAAGCAGGGGTCGAGTGCGCGCAAACGCTCCGCCTCATCCATCCCGCGTCCGTCGTCCGCGACTTCAATCAATACTTCAGGACCCCGCTCCACGACCGCGAGATCGACTTCGCGCGACCCGGCTTCGGCCGCGTTCGCCGCCAGCTCGCTCAGGATGTCGCTTAACGTCGCGTGCATGACCCGACTACGCCCCGCGGTATTGCGCCAGAATGTCCGGGAGGTCTTCCGGCGTCAGATTGCCGTGTACATGGCCGTTCACCGTAAGCACCGGCGCCAGCCCGCAGCAGCCGATGCAGCGGACGGCCTCCACCGAAAACTCCCCGTCCGGCGTGACCGTGTTCAACCCCACCCCCAGAAGCTGCTCCAGCTCGGTGATGAGATCTTCGGCCCCCTTCAGATAACAGGCCGTCCCCATGCAGACCGCGATCCGGTTCCGGCCCGGTTCCTGCAGCTTGAACAGGTGGTAAAACGTGATCACCCCGAATACCCGCGCCGGCGGGACGGAAAGAAGCTCCGCCACCTCGAAGGCCGCCTGCCGCGGAATGTACCCGAAATGCTCCTGAACCTTGTGCAGCACCATGATCAGGCTGCCCGGACGTTCGGCCCACTCCTCCGCGTAGCCGCGCAGCTCAGGCGTCAGCACCCGCTCCGTCTCCTGCTTTTCACTCACGGATCCGCCCTCCATCAAGTCGTTAATGCCGGATTGATTTTCGTCAACGTGTGTGCTCATAATGACCGCTCAGGACAGAACATCAAGCTTAAAAGACAGAATTTAAGAAAATAATCTTATAAAAAATTACGAAATCACAATAAAACACATTCTGGTGACATATAAATTTGTTGACTTCTTGATAAGTCACAATGTAATTTCTAAGAGTGTTGTTCGGGTCTTTATAAGTTACGGAGGTGGCATAAAGTGAATAGAGAGACGGTACAACGGTTGTCCCAGTACAAGAACGTATTGCATAAACTCAAGTCTTTAGGGTTCGTGAGGGTGTTTTCGGATAATCTCGCGGATGCGCTGGGGGTTTCGGCTTCGCTGGTGAGGAAGGATTTTTCGACCTTCGGGTTCACGGGCAACAAGCGCGGCGGGTACCGGATCGACGAGCTTCTGGAGAAGATGGACCGTCTTTTCGGGAAGAACGAGATCAAGCGGATCGTGGTGGTCGGATGCGGGAAGATCGGCATGGCGCTGATCAATCATCACGGGTTCGCCCGCGAGGGCATTCGGGTGCTGGCGGGATTCGACACGGATCCGGAGGTGATCAACCCGGAGGCTTCGTTCCCGATCTACGATGTGAGCGAGCTTCCCGAATTCGTAAAGCGCGAAAAAATCTCGGTGGCGGCGATGGCCGTGCCGGAGGGCGCCGCGGGTCGCGTGCTGGATACGCTCGTGGAATGCGGAATCCACGGCGTCCTGAATTTCACCCCGCTCCAGCTTAAGAGCCGCGAGGATTGCGTCATTCACAACATCAACATCGCGATGGAGATCGAAAAACTGTTCTACCTGCTGCGCTTCAATGAAAATGCGGGGCAGGACAAGGTGAAGGCGCCGGCTTCATGAAGCTTCCCGACCTTGCGGCGGAGCTCGGATTCGAAATACGGGTCCGGGCCGATTCGTGGAGCCGGGTCGAAGTGACCCGCGTGATGGCCTCCGACCTGATGAGCGACGTGTTGACGGAGGAGGGGGATCGCACGCTGCTGGTTTCGGCGCTGGCCTCGGATCAGACATTGCGGACGGCCCACCTGATCGACGCCGCGGCCGTGCTCGTGACGCGCGGAAAGCGGCTCCCGGAATCCATGGAAGAGCTGTCGCAGGAACTTTCCGTCAACCTCCTGCGCACCCCCGCGTCCACGTATGAGACCTGCGTGCACCTGGGAAGACTGCTGGGAGCCCCGCAGGGATGAGGCCGGCGGGAGAGAGGTTGA
NZ_CP010904.1_gap6	541426	544856	3430	GGCCTCTGCCTCGATATGGGCCATTTCCATCCCACCGAGGAGATCTACGACAAGATCTCCAGTCAGCTGCTCTTCCAGCAGAACCTCCTGCTGCACGTCAGCCGGCCGATGCGCTGGGACAGCGACCACGTGGTGCTCTTCAGCGACGACCTGCAGCGGGTCTTCCAGGAGGTCCAGCGCGGATCGGCCTGGGACCGCGTGTTCGTGGCCGAGGACTTCTTTGACGCCTCGATCAACCGGATCGCCGCCTACGTCATCGGCACCCGCGCCGTCCGCAAGGCGATCCTGATGGCGCTGCTCGAACCGGTGGACCAGCTCAAGGCCTTCGAGAACGAGGGGCGCTGCGCCGAGCGGCTCGGCCTGATGGAAGAGGAAAAGACCCTTCCGTTCGCCGCCGTGTGGGACATGCTCTGCGCGCGGGCCGGCGTGCCGGTCGGCGGGGCCTGGATGGAGCGCGTGCGCGAGTACGAACAGGAAGTCCTCAAGACCCGCGGGTGAAGCCGTGCGTGACATGCCGCCGCGACGTTATTCACGCGTAGCCGTCCTGATGGGCGGTACGGCGTCGGAGCGAGAGGTCTCGCTCCGCTCCGGCGCGGCCGTGGCGAAAGGGCTGCGCGAACGCGGATTCGAGGTCACGGCGATCGACGTGCGTGACGAGAACCCCGCGATCCCGGAGGGCGTCGAGGCGGGGTTCATCGCCCTGCACGGGGCGTTCGGCGAGGACGGCGGGATTCAGCGGGTGCTCGAGCGGCGCGGAATCCCGTACACCGGATCCGGGCCGGAATCCAGCGCGCACTCGTTCGATAAGCGGCTCACGCGTGCCGCGTTCCTGCGGTCCGGCATTCCGGTCTGCCCGGGGTGCGCGATGACCGCGGACGGGGACGGGGTGGAGATGACGGAAGACGGCGGAGCGCCGCGCCGGGTGAAGCGGAGCGGGCTGGCGGAGGAACTGGATCGATCGCTGCGCCGCCCGCTCGTCGTCAAACCCGCCTGCGAGGGATCGAGTATCGGACTGCGGATCGTGAACGGCGGCGGCGATTTGGACGCGGCGCTGGACGAGGCCTTCTCGCACGGCCCGGGTGCGGTCGCGGAGCGGTTCGTCGCCGGCCGCGAACTCACGGTCGGTCTGGTGAACGGCGAGGTGCTTCCCGAACTGGAGATATGCGCTGCGGGCGGGTGCTACGATTTTGCGGCGAAGTACGAGACGGGCGAGACCCGTTATCTCGTGCCCGCGCCCGTGGAGGACGGCATCGCCGAGCGCTGCCGGGAGCTGGCGGAGCGAGCTTTCCGCGTACTCGGGGCGCGCGGGTTCGGGCGGGTCGATTTCCGCATGGACGCCGGGGGGGAGCTGTACGCGCTCGAGCTGAACAGCATTCCCGGCTTCACGGAGACCAGCCTGCTGCCCAAGGCGGCGGCCGCGGCGGGCGTCTCCTTTGCGGAGCTGTGCGAGCGGATCATGAACACGGCGGTCCTCGGGGAACCCGGGGATGAACGGGAACAGGAACATGGCGCGTAGAACCGTGAGCAAAAAGAAGCGGCGCGGCACCGGCCGCGCGTCCCGCCGGGGTAAAGGCGGAAGCGGCGCGGGAAGGGTTTTCGTGGCGGTCGTGTTCGCGGCGGTCGTGATCCTCGCCGTGTGGGGATGCGTGGCGGGCGTGCGCGCGGCGGGACGCTCCCTGTTCGCGGGAAACGGCCACTTCCGCTGCCGCGAGATCCGGGTCTCGACCGACGGACGCCTCGACCGCGCCCGGATCCTTGAATACGGGGGGCTCAAGGACGTCGAGAACATCTTCGAGCCGGAACTGGGTAAAGTCCTCGAACGCCTGTCCACCGTGCCGATGATCGAGTCCGTGACCGTCAGCCGCGATCTCCCCGGAACCCTCCTCGTCGATGTGCGCGAGCGGGTCGCCGTGGCGAGGCTGGGGGGGGGCGGCCCGCGGCGCTACCCGCTGCCCGTGGATCGCTTCGGCGTCGTGCTCCCTCCGCGGCGCAACTCGGACAAGCTGCCGGAGATCCGCGGCCTGGAGGAAAACGACAGGCGCACGCCCGGGGATCGGATTGAAGGCCCCGCCATGGAGCGGGCCCTGAGGCTGCTCGACATCCTGCGGCGCGAGAAGTGGGGGGCGCATATCGACCCGGCCGTCCTCGATGTCTCCGGGGCGGAACGCATCGAGCTTCGTCTCCGGAATCGTGTACGGGTGCTGCTGCCGCCCGGGCGCGAATCCACCCTTCTCCGCCGCCTGAGGCGGCTGGTGGCGATTCTGCAGATCGCGGAGGATCACGGTCGTGCGCTGGCGGAGGTGGATCTTACGGCGGACGGGATCAATGTGCCGGTGACCTACCGGTGAGGAGTGCCTGATGAAGTCGGAACCGCTGGCGGTCATAGAGGTCGGGACGAGCCGCGTCCGCGTGCTGATCGGCGAGATGCGCGAGCGCGGCAGCCTCATGATCCTGGGGTACGGCGAGAGCGCGTCGCGCGGAGTGCGCAAGAGCGAGATTATCGATTACGGCTCCGCGGCCGACGCGCTGCGGACCGCCGTGGACCAGGCGGAACAGAGCGGGGACACCGATCTCCACCGCGCGCTGCTGATTATTTCGGGCGGCGGGATCGAGAGCCGGACGATCGGCTGCGCCGTGCCGCTCGAAGGACCCGAACGGCTCGGCCGTAAAATCACGCCGGAGGACATGGAGTACGTCCGTTCGATGACCATGAAGACCCCGGAACCGGCCAACCGGGTCCGGCTTCATGCCCTGGAACGGTATTACGGCGTGGACGACCAGCGGCAGATCCTGAATCCCGAGGGTATGTACGGGAATCATCTCAACCTGGACATGCTTTCCATCTACGCCCGCACCTCGGTGGTCGACAATTTCAGGAGCCTGCTGGAGGACATTGATATCGACTGCGAGGGCGTGGCGTACAGTGGGTTGTGTCTGGCGCACGGCCTTCTCACCGAGGAGCAGCGGCAGGCCGGTGCGGCGGTGGTCGACATGGGCGGAGGGACCACCAATGTGATGGTTTATCACGAGGGACGTCCCTGCGCGGCGGAGTCGGTCGCCGTAGGGGGGGCGCACGTGACCTGCGACCTGATGCGCGCGCTCAACCTCTCGTTCCGGCAGGCCGAGACCGTCAAGCGCGAGGAGGGGCGGGCGCTGGCGGATCATCTCGACACCGCCGGACGCATCTCGGTGTCCTCCGATGGGGAAGGGTTCGGGGGATGCGTGGTGCGGCGGCGGAGTCTGCAGAAAGTGATTGAGGTCCGCGTGGAGGAGACGTTTCAGGTGATCCAGTCCCTGCTCCGCGAACGGGGGGTGCTCGACCTCCTCGGGACGGGCGTGGTGCTGGCCGGGGGTGGGTCCTGCCTGGAGGGGGTTCCCGACGCGGCGCATCGGGTCTTCGATACCGCCGTCCAGACGGGCCGGGTGATGG
NZ_CP010904.1_gap7	550964	555270	4306	CGTTCGTCGGCACTGGGATGGCTGATCGATAAGGGACACATCATTGAACGGCATGACGGAAGGCTCGTCCTTCCGCCGCGCTGAAGAACGTACCGCAGAAGGGATTGCTGAGTGTGACCATCCTCCAGATTCTCGTGCTGGCGCTCATTCAGGGCATCACCGAATTCATCCCCATCAGCAGTTCCGGCCATCTCGTGCTGGTCCGCCAGATGATGCACTGGTCGGATGAGGGGGGCGTCCTGCTCGATACCGTGCTCCACGCAGGCAGCCTGCTGGCGATCCTGGTCTATTTCCACCACGACTGGTGGAGTATGCTGCGGGCGCTGCTGCGGCCTGCCCGCATGACGGCCGAGGACCGCGGGCACCGGAAGACGCTGAGGATGCTCATTCTCGCGACGCTTCCGGTGGTCCTGGCCGGACCCTATCTCTACTCGCGCATGGCCGATGTCCGCCACGGGCATATCGTGGGGGCGGTGATGCTGAGCTGCGCCTTCTGCTTTATTTTCGCGGAATACTGGAAGCGGTCGCGACCGCCCGGGATCGGGTGGAAAACGGCGCTGGCGATGGGGATCGCCCAGATCTTCGCCCTGTTCCCCGGCGCTTCGCGCTCGGGCCTTACGACCAGTACCGGCGTCTTATGCGGAAAGGCGCGCACCGAGTCGGCGCGGTTCGCCTTTATGATGGCGGTGCCCGCCATCCTCGGCGCAATGGTGTTCCAGGTGTTCAAGCTGTTCGACGGATCCATGGACGGTCTGCCGCTGCTCCCGCTCCTGGCCGGATTCGCGGTCTGCTTCCTCGTGTCCATGGCCTGCATCCACTTCCTGCTCCGGTTCTTTCGGAGACACACGCTTTCCACATTCGCCGTATACCTCTTCGCCGTCGGAAACCTGATCCTGGCTTTGGAAATCGGGTTCTGAGGACTCAGCGCAGTGCGTCGAGGGCATCGTCCAGCGCGGGGAGGATATCGAAGATATTCTGCGCGCGGGTGATGTCGAAGATGAGGCGGGCGGACGGGCGTACCGCGCACAATTTCAGATCGCCGCCTTTCTGGATCATGGAGCGCAGCGCGGAGATCAGGGCCCCGAGCCCCACGCTGTCGAGCTGCGGGACGCCGCTCAGATCGACGACGCCGAGCGTGCAGGCGGATCGCCCGGCGCGCTCTTTGAAGAGAGTCCGGAATCGTTCGGCCCCCTGGCCGGCCAGCTCGCCGTCCGGGCGCGCGATGAGTACCCCGTCACGCTCTTCAAATTGGACATCCATAACGCGGTTGATAGTATGCGGAAGTGTACAGCCCGTCAACCAGTCGGCCGCCGAGCCGGATTCAGGGCGTGGTGCGAAAGGAGTTCGACATGGAGGATCAGAATGAAATGACCGGTCCCGCCTGGGATCGGTTTCGTGAAACCGGTGCGTTGCTCGAGGGGCATTTCGAGCTTCGTTCGGGCCTGCACAGCGACCGTTTTATCCAGGCGGCCATGCTGCTCCAGTATCCTCAGCATGCCGCCGAGGTCTGCCGGGCGCTGGCCGGGAAGCTGCGGGAAGCATGCCCGGCGATGGAGCCCGAGACGGTCATCGCTCCCGCCCTCGGAGGGATCGCGGTGGGCCATGAAATGGGCCGTGAACTGGGCACCCGCTTCATCTTCGCCGAAAAAGAGGAGGGCGCTCTCGCCATGCGCCGGTTCAGGATTCGGGAGGGCGAGCGTTTTCTGGTGGCCGAGGACGTGGTGACCCGCGGCGGACGCGTCCGGGAGACGATCGATATCGTGCGCGCGCACGGCGGGGTCGTGGAAGCCGTGGCGGTGCTCGTGGATCGCAGCGGCGGTACGATCGATTTCGGGGTGCCGATGATTGCGCTGCTCGAGTGCAGCCCGACCACCTGGAACCCCTCGGAGTGTCCGCTCTGCGCGAAAGGGGACCGGCCCGTACACCCGGGCAGCCGCTGATGCGAAAGGATGCACGGGTGCGGTCGCCGGAAGCTCCGTAACGCTCATGAACCTCGTGGTCGCATTCGATTCGTTCAAAGGCACCATGAGTGCCGCCGAGGCCTGTGCCGCGGCGGCGGACGAGCTGCGGGCACGGCACCCGGGATGGCGGGTGGTCGAGGTCCCGATGGCGGACGGAGGCGAGGGTACGGCGGAGGCGCTGTGCGTCGCCCGCGGCGGCGCATGGAAGACGTGCCGGGTCACGGGCCCGCGGCCGGACCAAAGCGTGGAGGCCCGCTGGGTATGGATGGCCGCGGACCGTACGGCCGTGATCGAGATGGCGGAGGCGGCGGGCCTGACGCTGCTTCAGGAGCGGGAGCGGGATCCGCTCGTCACCACCACCTTCGGCGTAGGTGAACTGATGGCCGCCGCCGCGGCCGGGGGGGCGGAGCGTATCGAACTCGCCGTGGGCGGCAGCGCGACGGTGGACGGCGGTACGGGGGCGGCCGCGGCGCTGGGATACCGCTTCTCCGGGCCGGACGGACGCGATCTGCCGCCGGGCGGAGGCAGTCTCGAGCGGCTGGCGACGATCGTTCGCCCGTCTTCGCTCACGCTGCCGCCCGTCGAGGTCCTGTGCGATGTCGATAATCCGCTCTGCGGTCCGGAGGGCGCCGCCGCCGTGTACGCGCCCCAGAAGGGGGCTTCGTCGGAGGGCGTGGCGCGCCTGGAACGCGGATTGGGCCGTCTGGCCGAAGCGGTGAATACCGACGGTGTCTGTCCCCGCGGGCTGGAGCGGGCGGCCGGCGCCGGCGCGGCCGGCGGACTGGCCTACGGCGCGGCCGCGCTGCTCGGGGCGCGCCTGGTTTCCGGGGTGGATGCGGTGATGCGCGTGGCGCGACTCGAGGCACACTTGCGGGATGCGGACTGGGTGCTCACCGGCGAAGGACGGCTGGACGAGCAGTCCGCGCGCGGCAAGGTGGTCGCCGGCGTCAGCCGCAAAGCCCGGGAACAGGGGGCCCGGGTTGCGGCGGTGGCCGGCGCGGTCTCGCTGCCGGAGCGTCACGCCCGCGAACTCGCGCTGGAGGAAATCGCCTCTCTGGAGGAGGCCTGCGGCGCGGAGACGGCGCGCCGCGATCCGCAGAAGGCCCTCAGGACCGCCGTGCGGAACTTGACTTTCCACGCCGAATAAACGACCCTTGCGGCTTTTGATGCACAACGCTGTGAGAACCTTATGACAGAGCAGAATCACGATCGGGAGCCGCCCGAGGAGCGGGTGGTGGACGATTTCTATTCGGGGACCTATTACCGTAAAAAAAGACCGCGTTCATCGAACGGGCGCTCCTCGCGGAAGCGCGAGCGGCGGACGGATTCGTTTGATGAAAGCGGGGAGAAGGTACGCCGCCCCCGCAGCAACAACCGCGGTATGGCGCGCCTGATGCGGCGCTTCAAGCGGTCCCCGGATTTCCGCATGAGGATGCTCTGGATCCTGGCCGGTCTGCTGATCGCGGCGATACTTGCGGTCGCGCTGATCGAGGATCTGAAATACCGGCGCATCGAGAAGCAGCGTCAGCGGGAAGAACTGGCGGAGGAGCGGGCCCGGGCGGCGAAGGAGAAGCCCGAGGACGAAGATGTCCGCGCGAGCGATAAGTTCCTGTTCGACCAGCTCCGCGAAATCGAAGGCGGCGCCGGAGAGGAATAGTCCCGCTCCGTCCACCTGTTCTGTGCGCGAAGGCAGGCCCGTCCGGCCCTCACTCAGGAGCGTGAGCCCGTGATCCGGCGCCAGAGGGCTCGAGCCCGCGCCCGCCACGAATCGAGCGGGGACCGCTTCTGAGCGTAGGGCGGGGGGCCGACGCTGATTTCCGTTTCCTCCACTCCGGGGTTCCCGTAGCGTTGCGGCCCGCCGAATCCTTCCCCGTAGAGCGGGTGATGCTGCTGGCGCACCAGCCGGTATTCCGCACCCGCCGCCTGGAAGATGAAGACCGCGATCAGGACCAGGATGAGATTGCCGTTGAAAAGGCCGACGATGCCGAAGACGACGGCCAGACTGCGGCCTATTTTCGAAGCGATGCGCGTGGCTTCCAGCCGTCCCTTGCGCGGGGTGAGCCACGCCCGGAAAATGCGTCCCCCGTCCATCGGAAAAGACGGCAGCAGGTTGAACAGCGCCAGCACGAGGTTCAGCACGGCCAGCGACAGCGCGACGAAAGCAGCCAGTTCAAGCCCCAGCGATCCGGACAGCAGGTAGAGGCCGAAGGCCGCGGCGGACAGGCCCAAGCTGACCAGCGGACCCGCGATCGCGATTTTGAATTCGTCCGCGGGGTCGCGCGGCAGGTTGCTCATCTTCGCCATCCCCCCGATCGGGAGGAGCATGATTTCGCTTACGGTGCAGC
NZ_CP010904.1_gap8	556287	560698	4411	CAGCGGAGCTTCGATGCCCACGTGGATTTCTCCGCGCCCACGGCCTCGCTGCTGAGCGGCGGAATGGACAGCAGCGTCATCGCCTGCCTCGCCACCGATGCGCTGCGGCGGCGCGAGGGGCCCGGAGCGCGCCTCAAGACCTACGCGATCGGCGTGGGCGAGAGCGGGGACATCCACAACGCCCGGGTGGTGGCCGAGCACCTGAACACCGATCACGAGGAGCTGCTCGTGACCCTGGAACAGGTCATCGAGGCTCTCCCGGACGTGATCTATAACCTCGAATCGTTCGACCCCTCGCTGGTGCGCAGCGCCGTCGCGAACTTCCTGATCTCGGGCAAGGCCCGGGAGGCGGGCTACGAGGTGCTGCTCTCCGGTGAGGGCGGCGACGAGATCTTCTGCGGCTATGCCTATCTGAAGGACCGCCCGCTCTCCGAACTTACGGAGCAGCAGATCCAGTGCCTCGGATATCTGCACAGCAACGCCTCGCTGCGCCTCGACCGGATGAACCTCGGGCATTCGATGCGCGTGGTGGCGCCGCTGATTTCGGGCGAGCTGCTCGACTACGCCCTGACCCTGCCGCCCGACGTCAAACTGCATGAAGAAGAGGACGGCACCAAAGTCGAAAAGTGGATCTTCCGCAAGGCGTACGAACCCGACCTTCCGGACGTGATCACGAAACGGCTCAAGGCCGAATTCTCGCAGGGATCGGGATCGGCGGGCGTCATGCCGCAGTACTTCGAGGACCGGTACAGCGACGAGGAATTCGCCGCGGCGCAGAAGCAGTACTCCTTTGTGCGCAGCAAGGAGGAGTGGTACTACTTCAAGCTCTTCCGCGAATACTTCGGCGACGGCAAGGCCGCGCAAACCGTGGGCCAGTGGCCGAAGCTGTAGGATCCCGACGTTCCTACGCGGAGATCGCGGAGCCGAAATGCCAGATTTGAAGCGGATCGGCTCCGGCGTCGTCCCGCGGATAAAAAGCGATCCATTCGATCTCGATCGTGCCGGGACCGGAGGCGGGCATCAGCCAGATGCGTTCGGGCGCGGCGTCGTGCGGCAGCACCGCTTCATAGGGACGCCAGATGCCGTCCGGCCGCAGGGGAAAGGCGAGGGTGCGGGCCGCATCTCCCGCGTCCCCTGCTTCGCGCCAGCCCCAGCGGGCCTCGCCGTCGGCGGCACAGCGGATGCGGGCGCGAATGCTCACCGGCACGAGATCTTCACGCAGTGCGCTGTACAGCCGTACCCCGGGTCCCCGGCACTCGATGCGCAGAAATTCCGGCGTCGCATACAGCCGGCCGGGGCCGTCGATGAACCACCCCGCGGCGCGACCCGCTTCGACTTGCCGCGCGGCCCGGCGGTCTTCCTGAAACGTGGTCCGCCGCCAGCGTTGCAGTGACGCTTCATGCCGGCTGGAAACGGCGAGTTTTGTTTTTATCCGGCGGAGTCGGTGGGCGGCCAGGTAGGCGTGAGGGGCCATTTCACGGGAGACGCGCCGACACGTCCCGTCGCCCTCGTCCGGTCGGCAGCGCCAGAGGCGGTCGTCGCCGTCGAGCATCCAGTCGCGGGTGCGGACCAGTTGACGGTCGGCCCAGGGCGCGTAAATCCAGGTCCGGATGCTTCCGGGTTCGCCGCGGAGCGCCGGGACGAAACTCTTTCCGTCCAGTTCGTAATCCCCGGGAATGGAAGCCCCCGCCAGTTGTGCCAGCGTCGGAAAGATATCGGTGTGATCCACCAGGGCCGGGCTGGGAGGGAGCGAGGGAATACGGCCCGGTCCCCATACGATCAGCGGTACGGCGGCGCCCCGCTCACCGTAGATTCTTCCTTTCCCGAAGAACGGGCTTCCATTGTCCGCCGTGAATACCACGATCATGTCGCGCTCGAGACCCGAGTCGACGAGGTTCTGCATGAGCGCGCCGATGCCCGCGTCGATATGCTCCACGGTGTCCTTCAGGGTTCCGGCCTCCGTCTCGGTGCCCGGCACGGGGGGCCAGGTCACCACGCCTCCGGGTTCGAGTTCCGCCCGCCGGCCGAGGGTCATCGCGTAGTGCATGAAGACGGGTGCGGAGGCGACCCGCGAGGTGTGATGCGCCAGGTACGATCTGAAGAGGTCGGGGCCGTAGTGCTCTTCATCCGCGGCGTACCTGTGCCCGTTGATCCGCAGCTCCGGGTTCCGGTGCCAGGAGGGGAGGCCGCGCAGGTGTGCGTCCGGAGTCGCTCCCTGCACGGTCGACGGCTCGCCGCCGAACAGCCGGCGGACACCGGGCGCCCAGACACAGCGGTTCCGGTATCCGTGCTGCATCGGCGATTCCGGGAACAGCCATTGACCCGCGAGGAAGGTGTCATAGCCCGCATGCTGCAGCAGCCGCGCCAGGGTGAGGTTGGACTGCGAAACGACATATCCGCGTTCGCCCGCCGCCGGACGCATGAATTCATGGTACCAGCCGGTTCGAAAGGGGTAGCGACCGGTGCACAGTTCCACTCTCGCCGCCATGCCGGAGGGGGATCCCCAGCACGTTTGGAATCGGACCCCCTCCGAGGCCAGCCGGTCGAGATGGGGGGTCCGGTGCGATGGGTGACCGTAGCATCCGAGTTCGCGGGCCGATATGTTGTCCGCCGTGATCAGCAGAAGGTGCGGGGAGGACGCCCCGCGATCCGCGGCGGCGCCGCCGCCCGCCGCGCTCCACGCCGCCGCGCCGCCCGCCCCCGTGATGAATGTCCGTCTGCTGTGTGCCATGAAAAAATCCGCCAAAAAACAAGGCTCTCCTATCTACTCTCTCCGCGCCGTGAGAGCCAGTCAAAACATCCGGCGTTCGGGGCGGCCATTCCTGCCTGATCCGTTGAACCGGCGCATCGCGCACAGCGATTCTCATTATGGCTTCACCCTTTTCGGTCGGGGTGGCACCCGACCCTCCCAGTGCCCGAAAATGCGTCGGATATCGACTCGGGAGGGACGGCTGCCACGCCGTCCGCGGTCGGAATGCGGCCATAATGAGAACTGCTGCATCGCGCATTGCATCCTTCCGGCGCGCAAGGTATAAGTGTACCCCGGAAGAAATTCCATCATGATGCGTATTCAAACGGGAGGCTTGCCGTGCCTGTTCAGATCCTGATGATCGTGCTCTTTATCGCGCTGATCACCGTGTACCGTAAACGTCGCCGATGGCCCGCCGCCAACCCCGTGCTGATCGTGCTCTCCGTCATTACGCTCCTGCTCGCGGGGTTTTACGGATGGAACACGTTTCGGATCGAGAAGTATCCTTCCGAGGAAGTCAAGTTGCGCAACCGCGCGGCCGGCCGCGTGGTGGGCGAATACCTGGCCTCTTCGCTGGAAGAGGCGGGTCCCGTGCTGGTGATCGGTTATCCTGCGAAGCTGGAGAAGAATCCCGCTCGCGAACTGGCCCTTCTACGACTCGAGGAACTGCGCGCCGCGCTCTCGGGGCGTCCGAACCCCGTGGTCATAAGCGAGATGCCCTATGAGCGCTTCATGAAATGGATGCCCGAAGCCCCCGGTCCGGGGTATCCGCGCGATGTTTTCTTCATGCAGCTCGAAGCCCATCCCGATGCGGAGGCGGTCGTCTCGCTGCTCGGGGTTCCGATGCTGAAGGCGGAGGATGAGCCGAAGGATATCCCGCCCGTCTACGATCTCAGCCTGAGTTCGACGTTCGGATATCAACCTCTTTTCAAGCACGGATTTCTGAAGGCGGCCGTGACTTTCCGGGGAAGAGGGGAGCGGGAAACCGAGCCGGCGGAGGGCGATTCACTGGGAAGGGTTTTCCGGAACCACTATCTTCTGGTCACGCCGGAGAACTACAGCAATGCGATTCCGGATATGATGTGAGATGGTGCACCCGAGAGGATTCGAACCTCCACGACCGTATGGCCACAAGATCCTGAATCTTGCGCGTCTACCAATTCCGCCACGGGTGCTCAGGATCAAATAAGACGCGCAATGTACCAAGCGGCGCACAACGCGTCAACCTCCGGTCATCAGAAGCGCGGCGTCCGCAATCTCCGCGGCGGTGCCGCCGCAGCGTTCACGCAGCAACGCCCCCGGATCGTCCGAGCCGCCGAGGCCTTCACAATACGGGAGCGGGCCGTAAACCGGCACGCCGCCCAGACGTTCAAGCGTCCTGCGATTATCTTCCTCCACGCAGGGGGCGCGTTCGGGGGTCGATTCGATCAGGACGAGTCCGGCGACGCGCAGGCCGGCGCGGGCCAGTTCGTGCAGGGTGAGCAGCGAATGATTGAGCGTGCCGAGCGACGGGCGTGCGGCGACCAGCACGGGGCAGCCCATCGCGCGCATCAGATCGAGCATGGTCCGTTCGCGGTCGACCGGGACGAGCACGCCCCCGGCTCCTTCGGCGAGCACAAATTCGTGCGCGGCCCCAAGCTGGTTCCAGGCCGTGAGGATCTG
NZ_CP010904.1_gap9	625025	629265	4240	GACGGCGCGGAGGCGCTCGAGCGGCTGACCGCACCCGATGCGGCGCGGCTGGCGATTATGGACTGGATGATGCCGGAACTGGACGGGCTCGACGTCTGCCGCCGCGTCAAGAATCTCGGCAGCATGAACCCCGTCTACGTGATCGTGCTTACCGCCCGCCGCGAAAAGGAGGACCTGCTCCAGGCCTTCGAGGCGGGCGCCGACGACTTTATCTCGAAACCTTTCGACCAGGACGAGCTGGCGGCGCGGCTCCAGGTGGGGCAGCGCATCATCGAACAGCAGTCGCTGCTGAGTTCGCTGATCGATTCGATCCCCGATCTGATCTATTTCTCCGACGGGTCGGGACGATGCCTCGGCTGCAACCGGGCCTTCGCGCGCTACGTCGGGCGGAATCGTACGGAGATCGTGGGTTCCCGGCCGCCGGACTTTTTCGACCGGGCACGCGCCGAGGAGTACCGGGAACTGCGCGAACGAATCGAGCGCGATGAAGCCCCCAGCCGGTACTCCAAGTGGGTGACGTATCCCGACGGCGAATCGCGTCTGATGGATTGTGTGACGACCCCGTTTCACGGGCCGCACGAGGAGATGATCGGCTGGATCGAAGTGAGCCGCGACATCACGGAACGCCACCGCATCGACCGCGAACACCGCCGCCTCGCGGCCGTGGTCGAGCAGGCCGCCGAGGCGATCATGATCACGGACCTCGACGGGAATATTCAGTACGTGAATCCCGCCTTCCAGCAGCTCACGGGATATGCGACGGAGGACGCCGTGGGCTGCACGCCGAATATCCTCAAGAGCGGGACTCACGAAGACGCGTATTACCGCAAGATCTGGACCGCGCTCGAAAAGGGCGAGATCTGGAACGGACGGTTCACGAACCGCGGCAAGAACGGCCATTTTTTCGAGGCGGAGTCGGTGATCTTCCCCATCCGGAACCGGGAAGGGGAGATCACCAATTACGCCAGCATCATGAAGGACGTCACCCAGGAACTCCACCTCGAGGCCCAGCTCCGTCAGGCCCAGAAGATGAACGCGGTGGGTCAGCTCGCCGGCGGCGTGGCGCACGACTTCAACAACCTGCTGATGGTCATTCGCAACAGCGCGCAGTTCGCCCTCGAAGGCAAGGAGTCCCCGGAGGAAGTCGAAGAAGATCTGACGGCGGTGATCGACGCCGCCAAGCAGGCGGCCACCCTCACCCGGCAGCTCCTGGCCTTCTCGCGCAAACAGGTGCTCTCCCCGCGCCAGCTCGACCTCAACGAAGTCGTGCTCGGACTCGAAAACATGCTCCAGCGCGTCATTCCCGAGAATATCCGCATCCGCTACAACGTCGCCGAGGACCCCTGCCTCTGCCGTGTCGACCACGGCCAGATCGAACAGGTGATCGTGAACATGGCGGTCAATGCCCGCGACGCCATGCCCGGCGGCGGGACGCTGATCATCGAGACCCGGCACGCCCAGCTCTCGCGCCAGGACGCGGAGGAATTCATCGAGTGGGAGGAGGAATGCACGGGGCGTTACGTTCTGCTGATGATCAGCGACAGCGGAGTGGGCATGGACCGCGACACCATGCACCACATCTTCGAGCCGTTCTTCACCACGAAAGGGGTGGGCAAAGGCACCGGCCTCGGACTGTCCACCGCCTACGGGATTATCAAGCAGCACGGCGGGCATATTTCAGTCTACAGCGAACCCGGCAGCGGGACGACGTTCAAGGTCTACCTGCCCGAGGTGCGCGAGAAGACGGAGACCGCCGGGCGGCAGGAACAGTCCGGAGATCTTCCCGGCGGCGGGGAGACGATTCTTATTGCGGAGGACGAGCCCGCCGTGCTCCATCTGGCCACCCGTATGCTCCGTCTGCTCGGCTATGAAGTACTCGAGGCCCGCAGCGGGGAAGAGGCGCTCGAGGTGCTCGACCGCTACAAGGGCCACGTCGACCTCCTCTTCGCCGACGTCGTCATGCCGGGCATGGACGGCACCGAACTCGCGGGTAAGGTCAGCGAACGTTACCCCGATATCAGAGTCCTCTTCGCCTCGGGCTATTCCGAATTTCACGTCAAGGATCAGGGCATGATTCACGACGAAAACGATCTCATCCAGAAACCCTTCGTCCTGGCCGACCTCGCCCACAAAATCCGCAAAGTCCTCGGCGCGCCGGATTCCGGGTAACCCGCCCTCGCCACAAGAAAAAACGAATTCCAGCGATTCTCATTATGGCTTCACCCTTTTCGGTCGGGGTGGCACCCGACCCTCCCAATGCCCGAAAAGGCGTCGGATATCGACTCGGGAGGGACGGCTGCCACGCCGTCCGCGGTCGGAATGCGGCCATAATGAGAACTGCTGAACGAATTCGACAAGGGGTGGTTTTCACATTATATTTCTATAAGTTACGGTTGCGATCCCCGGAGGTTGAAATGAAGCACAAGTTTGCAGACGGGTTTTGTATAGCGGCGTGTGCGTTGCTCGTTTCCATGACGGCGGCAGCCGCGCCGTGCGGTATGAGCGTGGAGGGCAGGACGGGTGCGGTTTGTGTCGATACGCCGCAGCCGCGGTTTTCATGGCGGCTGGACGAGGAAGGCTACGGGGTGCGCCAGACGGCTTATCGCATTCAAGTGGAGGCGGACGACGACGGGAGGACGGTCTGGGATTCGGGTCGCGTCGAGAGCGGTGAGCAGCTCTGGATCGAGTACGCGGGCCAGCCTCTCAAACCCTCTTCGGCCTATCGCTGGCGGGTGCGGACGTGGACCGGCGACGGGAAGTCCGGCTGGAGCGGCTGGGCATCGTTCGACACGGCCCTGCTCTCTGACGGAGGCTGGGAAGCGTCCTGGATTCGGGCTCCCTACGATCGATGGGCCGGGCGTTCCGGATTCCGCCCGTATGACCGCCTGCTCGATACACCGGAGATCAAGGCTCATGCCTGGGTTCCCGATGCCCCCTGGATCGAGACCTGGGTCGAAAAGGCCACACTCCATTCGCACCGCATCCCCAAAGAGAAACAGGCCGATTTCCAGCGCGACCGGCTCTATGAAATCCAGCCTGCGCCGATGTTCCGCAGGGAATTCCGCATTCACAAAAGAATACGCCGCGCTGTGCTCCACTACTGCGGGCTGGGGTTGGCCGAGTTCTACGTGAACGGCTCGAAAATCGGGAACACTACGTTTGACCCGGCGTTTACCGATTACGACGAGCGTGCCCTCTACCTGAGTTACGACGTCACCGACGAGCTCCTTCCGGGCGTGAACGCGATCGGCGCGATCCTCGGCGAGGGCTGGTACGGCCAGTCGCTGGCCTACGCCACACTCAAAGAGACCCCGCGCTACGGCGATCCGGGCCTGATCGCGCAGCTCGAGCTGATCTACGAGGACGGCACGCGCGAGCGGGTGGTCACGGATGATTCGTGGACTTGTACGCTCGAAGGGCCGGTGGTCAAGAACGGCATCTGGTGCGGCGAAGTGCATGACGCGCGGCGCGAAATGGCCGGCTGGAGCGAGCCGGGTTTCGAGGGCGGCGAGGCCTGGACGGCCGCGAAGACGGTTGAACCGCTCTCGCCGCGCCTGGAGGCACAGAACGTCGAGCCGATCCGTGTGGTTGAAACCACGGAAACGAAATCGATCATGCACCCGAAACCCGACGTGTGGGTCGTCGATCTCGGCCGCATCCTGACCGGGGTAGTGCGTCTTAGGGTGGAGAACCAGCCCGCAGGAACGCCGATCCTGCTGACCTACGGCCAGTCGCTCGACCGCGACGGCACGGTCTACGGAACGGGACATATGTCCGTTACGGCGAACAACGCGGACCTGTATGTCTGCCGCGGGGATGCGGAGGAGACTTGGACGCCGCGCTTCACCTTCAACGCCTTCCGCTATGTGCAGATCGAGGGACTCATCGGCGAACCGCACCTGGAAACTATCAGCGGACTATTCACCTCGACGGACATGCCGGAGGCGGGGCGGTTCCAGTGTTCCGAGCCGTTGCTCAACGAGTTGCATCATGCGCTGGTGCGTACCGTGCAGGGCAATACGCGCCACATGTACTCCGACACCCCCACGCGCGAACGGACCGGCTGGATGACCTGGCCGAATGCGCGGGCGATTATGGACAATTTCAACTCCTACTCCTACTGGGATAAGTATATCGCCGACTGGCGCACCAGCGCCGGTCGCGCGCCGATCGGCGGCCATGCGAGCGCCTGGGGCAGCGACCGGGACCAGATCCGTTTTGATTCGGGTCGAAAGGGCGA
NZ_CP010904.1_gap10	667188	670078	2890	GCACCATGATAGACCTTCGAGCCGGGCTGGAGATCGGCCATGTTGGTCAGTTCGTTGCCGATTTCCCACATGAGTACGGCGCGGCTGTTGCGGTATCGGGGGATGGCGGTTTCCAGATAGTCGTAGAGTGCCGCGCGGCTTTCGGATTCCGGGTCGGCGATCAACTCGCGCGGGTGCTCCTCGCCGAGGATCCGGCCGCGGATGCCCCCCTGCTCATTGAAGCGGTGGCGGCGGTCCGAGAACGACCCGCACCCGAGACTGACCACGGCCCGGATGTCGTTGCGGGCGCAGAGCGCGATGGCCTTGTCGAGCGCCTCGAAATGCACGGAACGCAGTTCCGGATCTTCAAAAAAGGTGCGTCCGCGTCCGTAGGGCGAAGCGAAGAAACGGATCGTGCGGAAACCCATCGAGCGCAGCTCGCGCAGGGTGGCGTCCTGTTTTCGTACCGCCGCATTGGTTTCTGTCAGCGCGCCGCCGTCCAGCGCCTCGTGCCAGAGCGCCCAGTAGAGATCGAACTTATTCCAGCCGATCCCCGCGAACCGTTGGCCCTCAAGGTAAAACCCGTCGCCACGCCAGGTGAGGACGTCCTCGCGCCCGAGCGGTTCGGCGCCGGAAGGCGCGAGCGTAGTCAGGAGGGCAAGGATGACCAGGGATATGCGTGTGCCGGGTTTCATGTGGGGTGCGAGGATAGGCTATTCGTCAAACCACGTCACGGTCCTTCTGCAGATGCGCACGAGCATCAGCATGACGGGCACTTCGATGAGCACCCCGACCACGGTCGCCAGCGCTGCGCCCGAAGACAGTCCGAACAGCATGGTTGCCGTCGCGATGGCGACCTCGAAATGAACGGCTGTTCGATTCCATAGGCCTATGGACTCCTTTTTATTCCGGTTAAGGCCGCCGGCAGTCTTTCCACGAATCTCCGGATCTCGTCGCGGACGCGGCGGTACGGTTCGAGGGCTTCTTCTTCGTCCGCGGCCTGCTCCGCCAGCTTCGGCGGATCGTCGAAGCCGACGTGGACAACTCTCGCGCCGCCGGGGAACACGGGGCAGGTCTCGTGCGCATGGCCGCAGACGGTTATGACATAGTCGAAGTCCGGATCGTCCAGGTCGTCGACTTTCTTAGACCGTTGTCCGGAGATGTCGACGCCGGCTTCCGCCATCACGCGGACGGCGGACGGGTTCAACCCGTGTGTTTCGATGCCGGCGGAGCGGGCGTCGATCACGTCGCCTTTCAGCGTGCGCGTCCAGCCTTCGGCCATCTGGCTGCGGCAGGAATTCCCGGTGCACAGGAAAAGCACCTTCAGTTTGTTCGCGTCATGGTGCGACATACTTCCTCCAGGCGATTCGGAGCGCATCAGGCTGCGTAGAGCATATAGAGGCCGCGCAGGATTTCGATCTTCTTCATGGCTGCATCCTCCTTATGTGAGGGCTCCGAACAGCATCCCGCTGATCGTCGCCATAACGACCACCAGCAGCACGAAAGTGATGGTTTTCCTTGTTCCCATCACGCTGTGAATCACCAGCATGTTGGGTAGGCTAAGCGCCGGGCCTGCCAGCAGCAGAGCCAGCGCCGGGCCGTCCCCCATGCCATTACGGATGAGACCCTGCAGGATCGGCACTTCGGTCAGCGTGGCAAAGTACATGAATGCGCCGGCCACCGAGGCGAAGAGGTTCGCGCCGGGCGAATTCCCGCCCACCAGCTGCGCCACCCAGTCGGCGGGGATCAGGCCGCCCTGCGCGTGTTCCGGGCTGCCGAGCAGCAGCCCGGCCGCGACGACCCCGGCCAGAAGCAGCGGAAGGATCTGTTTGGCAAAGCCCCACGAGGCGGCGAACCACTCGCCGGTCTCGCCGCGGGAGGTGGACGCGAGCGCGGAGAGTCCGACGACCCCGGCCGCGAAGGGGAGGGCGGGGTGCTGCGGGAAGGCGAAGGCGAGGCCGGCGGCGGGTGCGGCGGCGAACAGCATTTTCCACGGCTTGACTCCGAACCAGAGCACCACCAGCACCGCCAGCACGGCGGAAAACAGCGCCGTCAGCGGCCATTTGGCCGTGTAGATCGCGTGCCAGAGCCCTGTCGGCTCCATCGGGGCGCCCCAGTTGGCGAAGATGAGGATGGCGATCATGATGGCGAAGTAGATCGCGTTCTGCCACAGCGGGCGCGCGGTCTCGGGGTCGGAGAGCGTGATGCGGCCGTCCTCTTGTTCGCGGTTTTCACGGCGGAATATGAGGTGCATCAGCAGCCCGATCACGATACTGAACAGGATCGCCCCGATCGCGCGGGCGACGCCGAGCTTCGGCCCCAGCACCCGCGTTGTCAGCGCGATCGCCAGCACGTTGATCGCCGGCCCCGAGTAGAGGAATGCGGTCGCCGGCCCCAGTCCCGCGCCCATGCGATAGATGCCGGCGAAAAGAGGGAGTACAGTGCAGGAGCATACGGCGAGGATGGTGCCCGAGATCGAGGCGACCCCGTAGGCGAGGACTTTATGGGCGCCCGCGCCGAGATATTTGACTACCGACGCGCGGCTGATGAAGACCGAGACCGCGCCGGCGATAAAGAAAGCGGGGATCAGGCAGAACAGGACGTGCTCGCGCGCATACCAGCGGACGAGCCTCAGCGCCTCCAGCACCGCTGCATTGAATCGCTCCCCGCCGACCGGCAGATAAAAACAGGCCAGAAAGATCCCGATCATCAGCGCCAGCTTGCGCCATTCCTTTTTCCACTCGATCATGTCGTCACCTTTTGCTACGGTTGGTCAATACGCCAAATAATCACTAAAAAAAAGAGGGGTCATCGTTCGCGTTCCTTCAACGCCCGATCCACGCACTCCAGGAAGCCGAGCGTGCAGGGCAGGCGCAGCGAGTAGAAAATCTGCTTCCCGCGCCGGTCGCGC
NZ_CP010904.1_gap11	674941	677788	2847	TTCGACGAAGGTGTACTCGCGTTCGACCATGAACAGCGATCCCCCCAGGATCGCGCAGTTGACCGTGATCAGCGGCAGGAAAATCCCGAGTGAGTGGTAGAGCGGCGGGAAGAAACGGTCGAGCACCATCTCCACGAGCTGCACCATGCTGGCGATCACCGCGATAAAGCAGATGAACTTCAGAAACGAGAGGTCCATCTGACCGAGGACCTCGCTGCCGGTCCAGCTCAGCGCACCCGGCGCGAGCAGGAACTTGAAAATCAGCCAGTTGGCGGGGACCGTGAGCGTAAGCACGAAAATGACCGCGAACCCCAGTCCCGTCGCCGTCTCGATCTTTTTCGAACAGGCGAGGAACGAGCACATCCCCAGGAAATACGCGAGGAGGATGTTCTCCACGAAAACCGACTGGATGCCGAGTCGAAGCAGATCCATCAGATCAGGCCTCCTCCGTCTTGCCGATGAGCGTGCGCTGGATCCAGATCAGCAGCCCGAGGATGATGAACGCCCCCGGCGCGAGGATCGCCAGGCCGTTGGTCGGATAGCCTTCGGGGAAGATCGGGATCGACCAGAACGTTCCCGAGCCGATCACTTCGCGCCCGATGGCCACGAGCATCAGGATCAGCGAGTAGCCGAGCCCGTTGCCCAGTCCGTCCAGCAGCGAGGAGCCGGGCGGATTCTGGATCGCGAACGCCTCCGCGCGGCCCATGACGATGCAGTTGGTGATGATCAGCCCGACGAACACGCTGAGCTGGCGGCTGATATCGAAGAGATACGCGCGCAACACTTCGTCGGTCACCACCACCAGCGAGGCGATCACCGACATCTCCACGATCATCCGGATGCGGCCGGGGATCATCCTGCGCAGCAGCGAGACGATCAGATTCGAGCAGGTGATCACAAACGTCAGCGCCAGGCACATGACGAAGGCGGTTTCCACCTTCACGGTCACCGCCAGCGCGGAGCAGATCCCGAGCACCTGGACGGTGATCGGATTATTCTCCGACAGCGGATCGGTTACCAGTCTTGCGGCCATAACACTTCCCTGTTCAACCCCGGTCTCTCAACCGGTCAAAATACGCGTCGTAGTTCTTCGCCGCGCTCCGCAGCGTTTCCTCGACCCCGACACTCGTCTTGGTCGCCCCGCTGATCGCGTCGACCGCGCGCGGACTACCGTCGGGGAACTTCCGCTCGACCCCGCCCTTCACGACCTCGAAATCGACCGGGTCTCCGTCGCGGTAGAGGCGCTTGCCCTCGAACTGCTCCTGGAACCAGCTCTTCTCGATCTCCGCGCCGAGGCCCGGCGTTTCATTGTGTTTATAAAACGTGAGGCCCCCGATCGTCGAGAGACCGGAATCGAGCGCCAGATACCCGTACATCATCCCCCACAGACCGCGCCCCCGGATCGGAACCACGTAACGGGGCGCCGCAGCGCGTTCCCAGATGTACACCGGCCGCAGCCCCGGCGGGATGCCGTCCTCTTCCGGCGCCGGGCGGCGTTCGGGTCCGACGGGCTCGGCGGTGTCGGCATCCAGCCAGACCGTTTTCATGTGTTCCGCGAACAGCCGCTGTACGTCCCCGGCACCCAGCTTCGCGCCGTCCTCCCGCTTCAACGGGACCCCGAGCGCCTTGAGGATGTTTTTCTGACGGTCGAGAAGGATATTGGTGCGCTGCCGCTCGCGCAGCGCCGCCGCCGTGCCGGAGAGCACGAGACTGCAGACCAGGCAGACCGCCAGCGCGAAGAGGATCGTGCGTACGTCGTCACGCATGATTCATCCTCCCGAGATAGCGCTGTCGATCGCGTATGTGGGCGCGCAGCACCCCGTGATCGATCAGCGGCGCCATCACGTTCATGAACAGGATCGCCAGCATCACGCCTTCGGGGAACGCGGGATTGAACACGCGGATGACCGCCGTGAGGAACCCGATCATGAAACCGTAGATCCATTTGCCCGCCGTCGTCGTCGCCGCCGAGACGGGGTCCGTCGCCATGAAGACGATCCCGAACGCGAATCCGCCCATAATCAGGTGGTAGTAGAACGGAAGCTGCGCATAGGTTCCGAACTCCCCGGCCGGCACGAAGTTGAACAGCAGCGAGGTCAGCGAGAGTCCGATCACGCCGGAGAGGATGATCCGCCACGACGCCACGCCGACCAGCAGCAGCAGCCCCAGCCCCAGCAGAACGGCGATCACGGAGGTCGATCCGATGCTTCCGGGCTCGAGGCCGCCGAACATCGTCATGAAATCGTACCCCGCCTCCTGCAGCGCCTGTGCGGGGGCCGAGGACGCGGATTCGGCGACAGAGAGCGGCGTCGGTCTGGTCACCGCGTCCGCCGCCACCCAGACCCGGTCGCCGGTGATCTCGACCGGGTAGGCGAAGAACAGGAACGCGCGCGCGGTGAGCGCGGGATTGAGTATGTTGTACCCCGTGCCGCCGAAGATCTCTTTGCCGATCACCACCCCGAACGAGATGCCCGCGGCCACCTGCCAGAGCGGAATCGTCGGCGGCAGCGTCAGCGGGAACAGCATGCCCGTGACGAGGAAGCCCTCGTTGATCTCGTGTCGCCGCACGCAGGCGAAGAGCACTTCCCACAGCCCTCCCACGGCGTAGGAGGTGATCACAATCGGGAGTACGATGATCAGTCCGCGCACGAGGTGGCCGACGAAGCCGGCCTCGGCGCCGCTCGCCGCGTTGGCCTGGTAGCCGGCGTTGAACGCGCCGAACAGGAAGCAGGGCATCAGCGCGTAGAGCACGAAGATCATCACGCGCTTCAGATCGACCGCGTCGCGCACATGCGGCGGCTTCGAGGTCACGTCGGGCGGCGTGCGCATGAAGGTGTCGCCCGCTTC
NZ_CP010904.1_gap12	701625	705012	3387	TGAGTGCTTAAAAGTCTTCCAGGGGGTGTGCTCGTGAATCCAGTCGTTCACCCGCTTGTAGTAGGGGAGCCACAGTTCGCGGTAATCCTCGCGCGAGCAGAACTGGCCCTTCTGCGTACCGAAGTCGGTGCCGCAGATGAAGACCGCATCGACCTTGTCGCCGGCCACCGGCGCGAGCTTCTCCAGGTTGCCGATGGCGATATCGCACTGCTTCTGAAAGATTTCATGGACATAGTCCCGGCGGATCACGAGTGACATGTACCATTCCTCGATATCGCGGATACCCTTCGGGTGCTTGAGCATGGGGCCGGGGACCAGTGCGATGTCTCCGAAGGCGGTGCCGCCGAAATTCGCGATCACGGACCGACCGGTCGCGGCGGCGCGGTCGATCTCGCCGCGCCAGTATTCAAGATCCTCTTCGCCGACGGGGGCGAACTCCTGAAGGTTGTCCTCGGGATTCAGGCGGTCGTCGTCGATCTCCTCCTGGCGGATGATCGTGTCGAAAAAGAACGCCGCGTTCGCCATTTTCGCACAGGGTGGCGCGGAGGTGTCTCCTTCGGGATATATGAGGATGTCGCCGTTCGGCTCCGTCGTGGTGTTGAAATCGCCGGGCACCAGGACATCCTGCCCCCAGGGGGTACGCCATTCCTTCCAGTTCCCCGCAGGGAATCCGAACATGGTTCCGCTGGGCGCCGCGGGCACGACGTCCACATCCAGCACGTCCATCAGGTCCGGTTCGATTTCGCCGAGCATCTGGTAGGGTTCAGTGACCCTGACCGGATGGCGATCCAGTCCGAAATGTTCACGGAGCGCCGCCACCACGGAGACGTGGATTCCGGTCACCGCCGTAGCTCCGAAGTCCACCGGCAATTTTTCCGGAGTCCGGTGATTCAATGCATCCTGTACACAACGCCGACGATCCATCACAATCTCTCCTTTTCAGCGGTTCATCCTGTAGAAACCGGGCGCCCATTATCCTTTGCGGGACCGACCGGGTCAAGCCCGCACGCTTTTCGGGAGTTTCCCCGGAAAAAACCGCTTCATTCCAAAAAGACTGGATCACGGTTGTGGGACATGGTAGTCAGGAACGCTTCACCCGATCACGAGCCGACGTCTCACGCGAGGCGGTAGAGTGGAACATTCAACCCCGGATATCGACCATGCAGATTGAGACCCTCGCCACCGGACCTTTCGAAGTCAACTGTTACCTGGTCACGGGGGACGATACCCACGCACTCGTCATTGACCCCGGTGCGGGAGGGGAACGCATCGACCGCGTGCTCAGGGAAAAGAAATGGGAGGTTGCGGCGTACCTGATTACGCACGGTCACGCCGACCACCTCAACGCGCTCGGCGGACTCCACCGTCGCCGTCGCGCCCCTGTGGCGATGCATCCCGCCGACGCGGAGTGGGCCTTTGACGACCGCAACCAGATCCCGGGGTATTACGGGGTTCCGGAGCGGCCGGACACCATCGAACGCGAATTGGCCGACGGTCAGATCTGGGAAGACGCGGGACTGCGCTACAGGATCATAACGACCCCCGGCCACTCCCCCGGCGGAGTATGCTTTCACTTTGAGGATGAACAGGTACTCTTTTCCGGCGACACGCTGTTTCAGGGCAGCGTCGGGCGGACGGACCTGCCTTCCGGCGATGCGAAGGTGCTGAGCGATTCGCTGAAGAAACTGCTCGCCCGGGTCGGAGACCGGTGCCGCGTCCACCCCGGTCACGGCGCCCCCACCACGATCGGCGCCGAGAAAAAAAGCAACTTCTTCCTTCAGCGCCTGCCGGCGATCTGATCGCCCGGAACAGCTTTCTGTTCATACATGCGTGATCGTTAACGAAGTCCGCGGCTCTCCTCAGCGAGGGGCGCGGAGGATGCCGGGCGGGACGGGCGAACGCCGCCCGTCCCTGTGGCTGAACCTTCGCGTTCAGCCACCGACCGGGGCACGGAGCGCGAGCCCCATGATCAGCGCCAGCACGGCCAGCACGACCGCCGTGCCGCCGGCGACTTTCATGCTATCCTTGATCGTCCTGCCCTCGCCGCTGGAGATCGCGCCCATCCACGCCGGCAGGAAGATCGCGCCGACCAGCCCCACCGCGAAAATCAGGCCGAAGGCCGAACCGCGCAGCTCGGCGGCGGTACGCGAGAGTGTGACGCCGATCACCGTGGGAAACACCGGAGCGAATACCAGTCCGGTTATGATCACGGCAAGCGAGGCTGCGCCGAGCGCATGGATTTTCACCATGGAGAACAGGGTGATTGCGGCGACAAGGCCCAGCCCGAGAATGAACCACGGTCCCGCGAGATCCAGGCTCGTTCCCATGCCGATGAAGATTCGCGCCACCACCAGCGAAGCAAGCAGGCGTCCGGCCATGACGGCGACCCAGAAACCGGACAGGGCGCGCGAGGCGCGTTCTTCCGTCGCGCCCAGGTGACTCATATAGGTGGTGATCCAGCCCCCCATGGATACCTCGAGGGCGATGTAGCACATCAGCGCGAGAGCGCCGAGAATGATGTGGGGTTGCATAATCAGTTCCGCCGCCTTGGCCATGCTGAATCCGGTGGGCGGCTCGGGAAAGGTCCCGAAGATCGCGAACACCACAGGCACGAGAATAATGCAGGCCAGTGCCGTCAGGGTGGCGGCATACGTCGTTTTGCGGAACAGCCAGGCCGTGATCAGCGGCACGCAGAAGGCGCCGATACCGAAAAAGACATTACCGAAATTATTGGAGGTGCTGGCGTCTTCGAAGAGGATCGATTCGTACGTGAGCATGGTGTTGCCCACGGAGTTCATGAACATGCCGCCGATTCCGAGCAGCACGCAGCCGAGGATCGCGGCGCCGTATTTGTTTGCCTTGCCGAACAGAAAAATAGCCAGCGCGCCGAGCACATACCCCATAATCGCCACGGCCTTGAACCCCATCTTGTCGCACAGCATGCCCGCCAGGAGCACGAAGATCAGGTTGCTGAAATTGTAGACCGAAAAGAGTCGCCCCATGCGGGCATCGTCGATGCCGAGGTTCCGGGTCAGTCTGAGTTTAACCGAGCCCAGCAGCGCCATGGTCATTCCCAGGCCGAAAACGCTGGTAATCGCCACAATCGTCGCAAATAACATCGAATCCATCTCACCGCCTCCTTCTTTGAACAAGCAGGGTATTTCCTGCCTTTTGGAAGCGGGAGTCTAAATCGTGTGCCGAATATTTACAAATTATAAACTGAAACCCCGTTGTTCCTGAATTCAACATTGGGACAGCCCGGTAATATCGGACTCTTACTCAGCGGAGCGCTTCTCGTACTCGATTTCTTGAATCGGGGCTGTGGGATCGCACCTTCGGCGCTCCGAGTACGCGTACGTATCATGTGCTCTATGACCCGGAGGTGAA
NZ_CP010904.1_gap13	724329	726251	1922	CGATCGTGCTGAGCCTGTTCGCGGTCTGGCTGATCTGGAAGACGGAGGCGAACCTGTTCGCCGTGCCGCTGGCGGTGGGTGCGGCCGCGCTGCTGGTGGCGATCGTGTACCGGCTCGAATTCGGCATCTACGCGCTGCTCGCGTCCGTGATGATTTTCGAGCAGTTCCAGATTTTCGGCATCCCCGACCCGATCACCGGCAATGTGCCGCTCTATGAGAATTTCAGCAATCTTACCGCCATGAAGATCCCGCTGTTGCACCCGGTTTGGTTCGCGCTGCTCGCGGCCGCGATCGGCGCGGGCTGTTTCGCGCGCCCGGCCTTCCGGTGGCTCGAGCCGCGCGTGCCCCGCGCCCGCTGGATCGCCGCGGCCGCCGGGGTCGCGGCCGCCGCGGTCATCGCCGGCGTGCTGATCGTGCCGTCGCTGCGCTATCGGCTGATGGGGTGGGCGGGCCTCATAAACGCGAAGCCGACGCTCAATCCGGTGGAGCTGCTGATCTTCCTGATGCTGGTGAGCTGGTTCGTTCGCGCGGCGATCTCGCCGGACTGGTCGCTGCGGCGGAGCCCCAACCTGTGGATTGCCGTGCTCTTCGCGGGGGTGCTCGCCCTCTTTACGCTGCTCGGACTCGCCCGCGGCGGCGACCTGAAGGCCGCGCTGTGGGAGGTGCGCGCCCTCTTCTACCTGATCGCGATGTACGTGTTGGCCGTGCAGTTCATCCGGCGGCCGTCGCAGGTGCGGATCTGTATCTGGATCGCCATTCTGGGGGTCACGTTCAAGGGGCTGCAGGGCTGTTACCGCTACTTCGTGACCCTCGGCGGGTCGCTGGGCGACGCCCCCGCCATCACGTCGCACGAGGACGCGGTGTTCATGTCGACCATGTTCGTGCTGCTGGCGGCCCTGTTCCTGACGGGGGCGTGGAAACGGAAGGAATTCGCCGTGCTCGCCGCGGGCTTTGCCCCCACGTTTCTCACCTTTGTCCTGACCCAGCGGCGCATCGCCTATGCGGTGTTCGCACTCAGCCTGATCATCGTCTTTTTCCTGCTGCCGCGTGCGAAGAAGTGGTTCGCGATGAAACTCGCCCTCCCGCTCCTGCCCCTGATGCTCGTCTACACGGTCGTCTTCTGGAACAGCTCGAGCACCCTCGCCCTGCCCGTCCGGCAGATCAAGTCGGTGTTCATCACGGGCGAGGAGGAAGATACGTCCAACACCTATCGCAGGATCGAGAACTACAACATGATTCAGACGATCCGGCAGAATAAGGCGGGGCTCGGCTTCGGGCGCCGGTACCTGGTGCTCGTCCCGCTTCCCGCCGTGGATTTTCCTCTCTGGGACTATATCCCGCATAACTGTATCTACTGGATGTGGGCCAAGACGGGATTCGTCGGGTTCCTGGCCTTCTGGTTGTTCTTCGGGCTGATGATGACCCGATCCACCATCCTCTACCGCCGTCAGCGCGACCCGTACCGCCAGGCCGTGTGCCTGATGGTCATCACTTTCATCGCCAGCCAGATCGCCGTGGCCTATTACGACCTTCAAATCACGTTCTACCGGAATATGATCTACCTCGGCGTCGCCATGGCCCTGCCGGAGGCGCTGAGAAAAGAGGAAGTGGGAGGGGAGAGAGAGAGTGAGAAACCTGAAACCTGAGACCTGAGTAAGAAGAATCAGAATCAGAGTCAGAGTAAGAGGGAGTGGGAAAGCTGAAACCTGAGTAAGAAGAGTCAGAGTCAGAGTCAGAATCAGAGTAAGAGGGAGTGGAAACCCACCCCCGGAGTTATATATGCTGAGTAAACTGCTGCTTTACCTCACCAATCACGTGATCGCGCATGTCCCGTTCCACGCCGTGCGGCGCGGCTGGTACCGGCATGTGCTGGGTTTCGAGATGGATGCGCACGCGACGATTTTTCTGGGCGCCTACTGCTA
NZ_CP010904.1_gap14	727966	728921	955	AAGCGGTGTTCGATCGTGCACTCGAAAGGAGAACCCCATGACCGTGCTCGTGCTCAGCCCCTTCTTCCCGTATCCGCCCAAGTTCGGCGGCGGGGTGCGCGTCTACCACCTGATGCGGCAGCTCGCCCGGGAGCACCGGCTCCTGCTGCTGTGCTACCACGACGGTGAGGCCGTGCGGGACCGCGGCGATATGGACACCCTCTGCGAACGCGTCGAAGGTATACCGCATAAGCCGTCGTCGAAGAGGCTCCTCCAGGCACGCTCGCTCTTCTCGACCAGGTCGTTCCAGGAACTCAATCACTTCTCCGTGCCGATGCAGACCGCGATCGACCGCGTCTGCGCCGAGGAGAATCCCGACCTCATCCTGGTCGAGTTCGCCCAGATGGGCTGCTTCCGCTTTCCCGAAGGTATCCCGCTGGTTATCGACGAACACAACGTCGAATACGATCTCATCCGCCGCATGGCGGGCGACGGCGGCGGCGCGATGCGACGCATCTTCAATGTCGTCGAGGCCGCGAAATTCAAGCGCCGCGAGCTGGAATGGGTCGGAGAGGCGGCGCTGACGCTGGTGACTTCGGATCGCGACGGCGACCTGCTGAAATCGGAGGTGCCCGGACTCGAGACGGCCTTGATCACCAACGGGGTGGACTGCGACGACTTCGCGCCGCCGGAAGAGCGTGAGATCGAGCCCGATTCGCTCGTCTTTGTGGGCGCGACCCACTACTACCCGAACGAGGACGGCATCCACTTTTTCATGCGCGAGGTCTACCCGCGGCTGGCCGCGCAGAGGCCGGGCCTCAAGGTCTACCTCGTCGGCGGCCGTCCGCCCCCCGCGGTGGCCCAGTACGCCTCCGCGAACGTGGAGGTCACGGGGTTTGTCGACGATGTGCGGCCGTACATGTGGTCGTCGTCGGTCTTTATCGTCCCGCTCCGCATGGGCGGCGGGACGCGGTTC
NZ_CP010904.1_gap15	730751	732317	1566	GCCGATCCCGCGAAAATCAGGGTGCTGCCGCCGGGCGTGAACGTCGAACGGTTCAAACCGCGACCCCGGCCGGAAGACCTCGCTTCGGAATACGGCATCCGTGAGGATGACTTCGTGATCCTGAGCGTGGCGACGCTGCGCTGGGAAAAGGGCGTGTTCCAGATTCTGTACGCCTTCAAAAAGCTGGTCAAAGACACCGGCAGCGAGCGTCTCAAGCTGGTTTTCGCGGGCAGCGGTCCCGCAGAAAAGGAACTGCAGAAGCGCATTGACCGGCTGGGGTTGCGGGGCCGGGCCGTGATCACGCGCTTCCCCTACGACCGGATGCACGAGGCGTATAACCTCGCCGACGTATTCGTGCTCGGCAGCATCCCGCGTCCGGGCTGGCTGGAACAGTTCGGGTACGTCCTCGCCGAAGCGCTCGCCTCCGGACTTCCCGTCATCACCACCGAATCGGGCTCCATCCCGGAGGTGGTCGGTGAATGCGCCGACCTGGTGCCGCCCGCCGATTATCTGCGCATGGCTCACGCCCTGCGGCGGCTTCTGGAAGACGAAGATCGCCGGAGGGATCTGGGCCGTGCGGGCCGCGAACGCGCGGAAGGGCGTTACGACTGCCGCCGGGTGGCCGCGGAGATCAGGAACGCCTACGAGGAGCTGCTGGCATGAACGCTTCAACCGCGGAACAGAAGACGCTGATCCTGGTGAGCGCCGACGTGGCGTCGATCCGCCGCCGCCTGGCGGAGGAAGAGGACCATCCGCGCCAGGATTTCGACGTGCTGGCCGAGCGGCTGGACGCGGAGATCCTGTCCTACGCCGACCTCGGCGCGACCGCGCCGGCGTGCGCCCGGCTGCTGCGCAGGATCGCCGGGCCGAATGTCGCGCTCGCCTGGCTCGGTTTCCGCCGTAATGCGGACGCTTATTTCACAACCGCGGAGAAGGTCGGCTATCCACTGGCCCTGCTGCTCAAATTCCGTCGGGACGCGCGGCATGTCATGATCGGACACCTGCTCAGCCCGCCGCACAAGAAATGGTTCGCCCGCCTCTTCCGCATCTTCAGCCGCATCGATGCGATGATCTGTTATACGAGCCGGCAGGCGAAGTTCGCTGCGCAGGTGCTCCGGGTGCCCGAAAAGAAAATTCATCGCATCGGCTTTCAGGTCGACCAGGATTTCTACTCCCCGGACGGCGCCGACGAGGGGGTCGGCGTCCTCAGCGTGGGCCGAGAACTCCGCGATTACGAAACGCTGATCGAGGCGCTCCGGGATACGGATATCCCGCTGACCATCGTGGGCTCAAGCCCCTGGTCGAAACGGCGCGACCGCCTTCGCAACCGCCGGATGCCCGATAACGTCAGCCTGAAGCGCGGCATTTCATTCGGTGAACTCCGCGAACTGTACCGCAACTGCGCGCTGGCGGCCATCCCGCTCCAGCCGGTCGAATCGCCGGCCGGGGTGACCACGCTGCTTGAGGCCCAGGCGGTCGGCAAGCCGGTGGTGGTATCCGCATCCCCGGGCATTCTGGACAGTCTGCGCGCCGGGAGAAGCGCGGTGATCGTACCCTGCGGGGACG
NZ_CP010904.1_gap16	734420	737175	2755	TGCTGATTCTTCCGCCCCCCCTCAACCAACCTTCATGCCCTTCATGTTCTTCATGGTTTATCCCCATCCTGAACCCGAATCGGAGCCGGGACGAGGACGAGGTGTTGCGGTGGCAGGGGCTCGACATCCCGGCTTCCGGCGGCTATAAGACCTTCAGCGAAAGGCCGTCCGCAGTAACGCAAACATCAAAAGGAGCGTGCTTAATGAACACGAATCAGTACCGCCTGTTGAGTCGCCTGTGTCTCCTGCTCGGATTCCTCTCCATCGTCGGGGCCGTGCTCGTCTGGTTTCTGGCCGGCGGGACGACGCCCGAGAAGCAGGCGTACGCCGAACGCTTCGGTATCTTTATCGGCCTCTGGGTACCCTCCTTCTTCGCGCTCTCCACCCGGCTGGACCGGTGTGCGGAGGCCCGGGGGGAATAACGACCACAAGGAGGGTGCGCGCCGGGGGAGGGCCTCATCTTGACCGCGATGGGGTGGTCGGAGTCCCCCGGCTAATGGTCATCCGCGATGCTGCTTATTTCCCCGCCAGGGTGCTCCCCCGCACCTGGAGCCGGGTGTCGACTCCGGAATTAGGAGTCCGCCTAAATCATGATTTTAGTCAGAAAAGGGTCAGAACCCTTTTTTAATTATTCCATTGGATGTGCCGACCGCGAATGTGTTCAGGTTCCGGACCCTGGAAAAGCAAGCGGGACGCGTGCTCTACTTTATGGAAAGGATGCGGGGGATGTTCCTGCCCGAAGCTTTTGGGCTACCGATTTTTATTGCGGTAGTCGATGCGGGCGCGGGTCATGCGTTCGCGGAGGCCGCCCTGCTTAACCCGTCTTTCCCCGTTCGGCGGCCCAAACGTCTTTTTTCGGGGGTGTGACCTCCGTTTCGTCCTTTGTTTTCAAGGGGTCACGTTCCAAAAGGGGCTGTGGGGCAGACCTTGCCGGTTGACGACTTGATTTTCTGTCAGTAGCATCCCATAAGGCCCCATATCGGGGCACAGGACTTACGTAACCCCTTGCCCTGCAAGGGTCGCACTTTTTCTCCGAGCTATGTTTCATTTGATAATTTTCGCGATCAAGGATGCCCCTGTTTTTAAATGCGCCCGATGCTGTCCCACATCTCAGAGAGGGGACAACCCTAATCCGGGCAAATAGGCTTGTTGTGGGGCCCATTGCATCCGGAAGCTGCCCTGTGCTGTCCCATAGGATTTCAAATAAGCGAGCAGATGAAGCCGTTGCCACAGAACCGCGCGCAGGCAGGTAAACAACCGCGTAAAGCTGTGCGCCCAATCGCTGCAGGTATGCAGAAAGCGGAGCAACACGTACATCAGCAGCGCCGTCCAGAGCTGCCACTCAATCGCCTTGCGGTTGTGCCCGAGGAAGTCGCCCAGGTGCAGCGTCTGCTTGATCTGTTTGAAGAAGGTTTCGATGTTCCATCGCGCCTTGTACAGATCACAGATGCTCGAGGCCGCCCACTCGAAGTTGTTCGTAAAGAAGGTCATTATCCGATCCTCGCCGTTGATCTCGATGCGGGCCACGATCCGGCGCATGCGCTTCGGATAGTCCTTTCGCTTACCGGGATTCTGAACGAGCACGAGATCGTCACGCAGGATGCGCCCCGCGGGCTTCTTCACCAGCCGCTTCACGCAGCGCAAGTTCATGCTTTCTTTCACGCGGCTCACCCAGAAGATACCCCGCTCGGCCAGTCTGAACAGATGCGTATAGTCGATGTAGGCCATGTCAAACACGGCGATTTCACCCGCCTTGAGGCCTGCGCACAACTCGTGCGCCTTGGTGCTGTCGTGCCCCCTGGCCGAGTCGACAATCGCGAAGGCCGGCAGGAAGCTCTCCAGGTTCAGCCGCAGGTGCAGCTTCGCGGCCGCCTTGCGCCGCCGATGCTTCGCCCAGTCCATGCAGTTGGCGAACAGCTTGATCGTCGTGGAGTCCAGGGCATACACCGTTCGTTTGAAGCGCCTCGGCAGTCGGCGGAACTTCACGCCACCGAACCCCGGTCGCAACGTCTCGAAGTACTCGAGCACCGACCAGAAAAGCTCCTCGGCCATTTTCGGATCGCGGGTCTTGTTCGCGTGCGAGAGCCCGTTGCGGCTCGGTGGCTTGGCGCCACGGATGCTGGCCATCGGCGCCCGATGGGCGCGCAGCGCGTCCACCACGTCGTTCAGCCCGATCGCATGGGTGAACTGCGCATAGAGCATGCTCACCAGATGGCTCCAGGGCGTGATGCCCCTCGACTTGATCCCGTGCTTGCGCGCAAGTTTCGGCACAAGGTGCGGCGGAATGAGTTCACAGACCTGACGAAAAATGGCACGCTTACTCCCGGCTCGACTGGCTGGCATCACGCAATCTCCTTTGGGTTAGACACTGAAGAAGATTGTAGCCAGTCAGTCAGCCATTACAATTTCCGTCCCTCGTGAGTGGGATGCTAGTGATTTTTGTTCTTGAACGGATTGAGTTTTCTGATAGTTTCGTGCGAGTGGATGAGAGGGAGACGGAATAGCGATTCATTACGGAGGAGAATCGGATGAGAAAATTATGTATGGCCTTGGCGGCAGTTCTCGTGGGTACGCTGGTTGCCGATGCGCAGACGGAATGGTGGTTTGAGAATGATTTTGCGGCCGGTTACGGTCGGCTCGAAAACGGCTGGAACTGGACCAACAACGCGAACCCGTACCTGAGCAGCAACCGGGTGGGGATTCTGACCGGCAACGAACCCAACATGGCCGGTACGAACTACTGGACCCCGAAGGC
NZ_CP010904.1_gap17	760675	761345	670	CCCGAGCAATGCCGGGAGAGAAAGGGGTTTCCATAAAGGGGGGATGATCATTGCAAAACGGAACAGGTAGCGCCGTATCCGGATTGACGAAGTCGGCTGAGATATTCGTCTTTGTGTATTACTCGCAATGAGTTAGATTCGGGTTTGGCGCGGGTGGTTCAGGTTGCGCCTCTTAACCCCGGGAGAGATACAATATGGCCCTGAAGGACGAGCTTAAAAAATTGATCATCACCGAAGCCCGTCGGGAAATCCGCAGCGAGCTTCAGTCCGTAAAGAGCATGAACAATCGGCAGAAGAAGCATATCGCCAATCTGCGGCGTCAAATCGATGCCCTCGAAAAAAGGATGAAGGCGCTTGAGAAACGGGTGCCGGAAGAACCGGCCGGTCTTGAGGTCCCGGGTGAAGAGGTCGGCGGCTGGCTCACGGGCAACGGTGTAAAGGCGGCCCGGGAACGGTTCGGATTCAGCCGGGCGCAGATGGGGACCCTGGCCGGGGTAAGCGATCAGAGCATCCTTAACTGGGAAAACCGCGGCCGTAAAAAGATCGAATTCAGAAGTGCCGAGACCCTGGCCCGGATGAAGGCGATTGTGGCTCTGGGCAAGCGTGAGGCCCAAAGTGAACTGGAGCGAATGGAGGCGGCGCAGGGCTGAGCTTTTTTGAAACCTGTCAT
NZ_CP010904.1_gap18	763532	766093	2561	GCCGAGCAGGAAACCGCCACCCGCGAGCTGGAGGAATTCATCGAGGAACAGGCGTCGATGGATGGGGGCGAGGAAGACCCCTTGAGCGAGGTCAAAAACGACAAGGGCAAGGTCACCAAAACCGAGATCCCCAAACGCCTCAAGGCCCTCAAGGGCGAGCCGGACAGCGCCGACGAGATCGCCGCCCTCAAGCAGTGCAAAACGCTCATGGAGGCCGAGGCCAGCGCCAAGACGGCCGTCAAGAACGCCCAGGCCGAGCTCGATCAGGCCGTGCTCGCCCGCTACGAATCCCTCACCGAGGACGAGATCAGGCAGCTCACGGTGGACGACAAATGGCTGGCCGACATCCGCGCCGCCATCGAATCCGAAGTCGAGCGCATCACCAACCAACTCGCCGGCCGCGTCCGCGAGCTGGAAGAACGCTACGCCGAGCCCTTGCCGGCCATCGAGCGAGAGGTCGAGGACCTGGCCGCGCGGGTCACCGGCCACCTGGAGAAAATGGGGGTGCGGGTCGATGGTTGAGCGGAGCGAGATGATGGAACAGGAGGCCATGCGGGATGCGTCGCTCGCTTACTCGGTAGAGGCCAGGACGGCTATCGCAGAGGATGTGCCGCCTGGGTACAAGCGGACTGAAGTGGGGGTGATTCCGGAGGATTGGAGCGTCAAGACGGTAAGTGAATTCGGTCAAGTGATCACAGGAGGAACCCCTTCCACGAAAGTGCGGGCTTACTGGGGAGATGCTTATCCGTGGGTAACGCCAACAGATATATCTACAAACAAAGATATTTGCTCTACTGAGCGGCACTTGAGTGAGGCTGGGTTCAGAGTAATGCGGGGGCTCCCGGCGAATACGGTGCTAGTTACATGCATTGCTAGCATTGGAAAGAATGCAGTTCTGAGAACGCCAGGATCCTGTAACCAACAAATCAACGCTGTGATCCCTGACCGAGACTATGACTCTGACTTTCTGTACTACCTCTTTGAGTTCTCCAAAAACTACTTGATCGGAAGCGCGGGGACTACTGCTACAAGTATCATTTCCAAAAGTCTATTCAGCAGTTTGGCCTTTGCTCTACCTGCCATCCGTGAACAACGCGCCATCGCCACCGCCCTGTCGGACGCGGACGCGCTGATCGAATCCCTCGACCGCCTGATCGCCAAAAAGCGCGCCATCAAACAGGCCGCCATGCAACAACTCCTCACCGGCCAGACCCGCTTGCCGGGCTTCACCGGCGAATGGGAGACGACGCGGTTGGGGGAGATTGCTGAGATTGTCATGGGGCAATCCCCAGGTTCTGCCTTCTACAACGCGAAAGGGGAAGGGCTACCGTTAATACAAGGCAATGCTGATATTGAGAACCGTCAGACGATTCGACGGATAAGCACTACCCAGATCACCAAGAAAGGCAGGCGAGGGGATATTCTTTTGTCAGTGCGCGCGCCAGTCGGCGAAGTCTCGCGCGCAACCTTCGATGTTTGCTTAGGCCGCGGTGTCTGCGCCCTGCGATTTCCGACCGATTTCTTATTTCACTACTTGGTTTACCTGGAGCCCTCATGGGGAAAGCACTCAAAAGGATCAACTTTTGATTCAGTGAACTCTGCCGACATTAAGGCCCTGGAGGTCGCGCTACCAGGCACCGAAGAACAAACCGCCATCGCCACCGTCCTCTCCGATATGGACACCGAAATCGAAGCCCTGGAGCGCCGCCGCGACAAAGCCCGACAGATCAAGCAGGGCATGATGCAGCAGCTCCTCACCGGCCGGGTGCGGTTGGTGGAACCGGAATCACCCACGGAGGCAAAGGCATGAAGGCCACGGAAGCCAAGTTGCTCGATTTCCTCAAGAAGTCGCCGCAGTTCATTATTCCGATCTACCAGCGCACCTATTCCTGGACGGAGCCGCAGTGCCGGCAACTCTGGGACGATGTGCTTCGGGCCGGATCGAACGATGCCATCAGCGCACACTTCATCGGCTCTATTGTTTACATCGAACAGGGCTTGTATCAGGTGTCCAGCCAGTCGCCGCTGCTCGTTATTGACGGCCAGCAACGGCTGACCACGGCCATGTTGATGATTGAGGCGCTATGCCGCCATCTGGGCGATGAGGAGCCGATTGACGGCTTTTCGGCGAAGAAGTTGCGTAATTACTACCTGCTGAATCCGCTCGAGGAGGGGGAGCGTGGGTTCAAGCTGCTGCTGACAGAAACGGACAAGGACAGCCTGCTGGCGCTCTTTCGGCAGAAGCCACTCCCGGCAGATGGTTCTCTGCGGATCCAGGAGAACTTTGAATGGTTCGAGCAGCAGGTGAATCGACTTGAGGATTTGGTCCCCTTGTGTCGTGGGCTGGCCAAGCTGGTGATCGTGGATATTGCCCTGAGCCGCGACCAGGATAACCCCCAGCTCATCTTCGAAAGCATGAACTCCACCGGCCGGGAGCTGAGCCAGGCCGACCTGATCCGCAACTTTGTGCTGATGGGGCTTGAGCCGGAGCACCAGCGCCGACTCTATGAGGACCTCTGGCGCCCGATGGAGCTGAACTTTGGCCAAGAGGGCTACGGCGC
NZ_CP010904.1_gap19	825095	828688	3593	ATTGTCGCACTGATGAAAAAAGCCGCCGAACGTATCCCGGTCGAACGGTTGTGGGTCAATCCCGACTGCGGCCTGAAGACCCGGCAGTGGAAAGAGGTGATTCCGGCCCTGACCAATATGGTTGCCGCCGCGAAGAGATTGCGTGCCGAGCTGCACTTATCGAGGAATGACCATGTTTGAACGGATAAAATACAGTATCGACCGGATCGATCCGGAATTGTTCGCCGCGATGGAGCAGGAAAATCAGCGACAGGAGGAGCATATTGAGCTGATCGCTTCGGAAAACTATGCATCTCCGGCTGTGATGGCTGCCCAAGGTTCGCAGCTCACCAATAAGTACGCCGAAGGCTATCCCGGGAAGCGTTATTACGGTGGATGCGGGAACGTCGATGTTGTGGAGCAGTTAGCCATAGACCGGGTAAAGCAGCTCTTCGGAGCCGAAGCCGCAAATGTGCAGCCCAATTCGGGCTCACAAGCAAACCAGGGTGTCTTCTTCGCCGTGCTTAATCCAGGCGACACCATCATGGGCATGAGCCTCGCCGAAGGCGGCCATCTTACCCATGGCATGAAGCTGAACATGAGTGGGAAGTGGTTCAATGCGGTCAGTTACGGCCTGAACGCCAAGGAGGACATTGACTATGAATCTTTGGACGTCAAGGCCCGCGAAACCAAACCCAAGCTGATTGTTGCAGGGGCATCGGCCTTTTCGTTGCGTATCGACTTCGAGCGCATTGCGCACGTGGCGAGGACAGTTGGTGAGCGGTGGTCCCGGAAAACGGAGCCAGTGAGGGGCGGATAGACCGCATCGGGTTCTCCCGGTAAAAAGGAGACCGAAAGGAGAACCGATGAAGAAGCCGAGACGAAATCACAGCGCGCAGTTCAAGGCGCGTATCGCGATGGAAGCGTTGCGCGGCATCAAGACCGTGGCGGAGATCGCGGCGGAAAACAACGTGCATCCGACCATGGTGACTCGATGGAAGACGGAGCTCACAGAGGGCGCAGCCGATCTCTTTGAGCGCAAGAACGCGCCGGACCTAGAAAAGCGCGGGCTGGAAAAGAACTGCGAGCGGCTGGAGCGAAAAGTAGGTCAGCTGGTGATTGAGAAGGAGTGGATGGAAAAAAAATGCGTCGAGTTGGGGATCGATCCGTGAGGAAGGCTCTGGTGGATCCTTCTGATGCTCAACTCTCGCTGCGGCGCCAATGTGCTCTGCTGGGCGTCAACCGGAACCGGTTGACGCCGCCGGAGCCCAGGGCGACGATCACGGACTTACGGATTATGAGGATGCTCGACGAACTTCATCTGCGTTTCCCGACGTTCGGGACGCGGGGGCTGCGCCGATTACTCAAGCGCGAACAGGGGCTGAACGTGGGGCGAAAGCGGCTTCGCCGGCTGATGAGGCTCGCGCATATCTCGGCTCTCCGCCCGCGGCCGCGGACCAGCGCACCGGGCAAGGGGCATCGCATCTATCCGTATTTGCTGCGTGGAGTGGATGTTACGCGGCCGAATCAGGTCTGGTGCGCCGATATCACCTATATCCCGATGCCGCGAGGGTATTGCTACCTGGTGGCCGTCATGGACTGGTACAGCCGGAAAGTGCTCGGGTGGGAACTGAGCACCACGATGGATACCGCGTTCTGCCTGCGGGCCTTTCGATCGGCGGTGGCCACGGCCGGACGGGCGCCGGAGATCATGAATACCGATCAGGGCTCGCAGTTCACGTCGACGGATTGGATCAGGGAGATGAAACAGCACGAGGGCTTAAAAATCAGCATGGATGGGACGGGCCGCTGGGTGGACAATGTGTTCATCGAGCGGCTGTGGTGGAGCCTGAAGTATGAGGATGTTTATCTGAAAAGCTATGAAACGCCCCGGGAAACCGGGCGCGGCGTGGGGGCGTGGCTGGAGCGCTACAATACCGAACGTCCGCATTCATCGATCGGGGATCGAACGCCCGATGAGGCGTACTTCGGAATCGAGGCGGAGTCGAAATGGAGAGCGGCATGAAGAGGCGAGTTGCCCACAGCCATGCGACCGTCTCCGACGAGTTCAATGACCCATTCTCGACGGCCGCAGGCTATGGACAACTCGCCGGAGTTGTGGCAGAACACTCGCAGGAAGCGGGAGCCCTGATGCTGACTTAAAGTTCGAAAAAACTGGCTCCGCTATCGGGACCACCGCTGTCTTAACACAACCCCAAAATACCGTCATTCGGCTAACTGCTTAATCTGAAAGGATATCTGTAACCGGACGCGTGTCGGACCCTGTCCGAAGAAAACAGAGAATACCGCCCCAAACAGAGAATGAACGTGGTGAGAATGGAGAGAATCTGGTGGCTGGAGAGAGGTTCCGGAAAGATGTTAAAACGGCCGAAACCCTTTGAATACAAGGGGAAAAAGAAAACCCGCCTACCCAGAGAATCACTCTGGAGAGACGGGTTGTCTTTTTCAAAATGGTGGAGGCGGGGGGATTCGAACCCCCGTCCGTGCAAGCGTTACGTCTGCTTCTACGTGCGTAGTCCATCTTTAAGTGTCGCTCGCGGGCCGCCGATGAACGGGCAATCCCGGTCGCCAGTAACCGGAAAAAAACTTCGCTCCGCACCCCCGGTTACCCGGGATTGGAGCTAACCTGCTGTCGTCGCCGCTATCCCCTAGCAGGTGTCAGAGTAGCGACGCCACTGCGTTATTTACGCAGCGAGGGCCAATTCTTCGTTGGCACTTGTATGGTTACCGGATGATTTACGAGGCCAACCGGTGTCCTCGGCACGCCACAAACGCTCCGATTCTTACACGTCGAAGCCTGTCGCCCCCTCCTTTTCTAGACCCCATTAGACCACATGGGGCGGAGGTGTTCAATGTTTGGAACGCTCGTAGTAGGCCCGCAGACCTGCGAAGCAGGGCCAGGGCCGTGATCTTCACGCGCCTGGCCGCCGGCTTTATTCACCCCTTTCATGTCTTGACACCCTTCGCCGTTCATCATAAAACGCATCACATGATCACAAAGTGATCACAAAAAGGTGATGCGAAATGGCGGGAAGTTTTGAAGGTACGGGGGTGCGGAATCTGAAGGTCCGCGGCGGCGTGTACTACTGGCGGCAGAGAATCGACGGGGTGCAGTACTCGGAATCGCTGGAGACGCGCGACCCGGAAGAGGCGCGCAGGCGCATGGAGGCGCGGGCGGCGGAGGTTCGGGCGGGGAAGGATCACAACAGGGAGAAGAGCGGGATGACGACGAGAAAGAAACGGAACCTGAGCGAGGAATGGGTCGATTACCGGGCGGATCTGAAGCTGCTGGACTGCTCGATCCGGGACGGCGGTCTGGTCACTAACTGCGAGTTCGAGGACAAGTTCGTCAAGGCGGTCTACAACGCGCTGGTGGCGGCGGGTGTTGACTACATGGAGCTGGGGTACAAGGCCGACCAAAAGATCTTCAGCCCGGAGGAGCACGGCCGCTGGAAGTTCTGCACGGAGGAGGACCTGCGCAGTGTGCTGGACGACAATCCCTCCGAAATGAAGATCAGCGTGATGGCCGACGCCGGCCGCACGGACTATCACAACGACATTCTCCCGAAAAAGGACAGTGTGATCGACCTGGT
NZ_CP010904.1_gap20	993152	995336	2184	AACAGCTCGAGCGCGTCTTCCGCCCCAATGCGTATGCTCCTCTGGAACTGATGCAGGGGTACGCGGCCCGCTTTGGAACGGGGAGCATCATCAATCTGCTCGACCGGCGCGTCCGCGCCCACGACACGACCTGCGTCGCGTATGCCCTGACGAAAAAGACGCTGGAGGAGGCCACGGCGCTCGCGGCGCTGGCCTTCGCGCCGGACGTGAGGGTCAATGCCGTGGCGCCGGGGCCGGTGCTCGCCCCGTCGTCCGGCGGGGCGGAGCCGGGGGGCGCGACCCCGCTGAGACGTCGTCCTGAGATCGCGGACATAGCGGACGCAGTGTTGTATCTGGCCGGGGCGAGGGCCGTGACCGGCCAGACCCTTTTCGTCGACGGCGGTCAGCATCTGCTGGGAAACGGAGTGTGAGCATGGACCGGATCGTGATTCGGAATCTGAGGCTGCGCTGCATCATCGGCATCTATCCCGAGGAGCGCACCCACAGGCAGGATGTGGTCTTCACCATAAGCCTGGAGGCGGATCTCCGCGAGGCGGGGGCGACCGACCGCATGGAAGACACCGTCAATTATCGGACGCTCAAGAAGAAGATCGTCGAGGAAGTGGAAGCGAGCAGCTTCAACCTGATCGAACGACTCGCCCGGCACGTGGCCGATCTCTGTCTCGAGGACGAACGCGTCCGGCGTGTGACGGTATCGCTCGACAAACCCGGAGCCCTCCGCTTCGCGGACAGCGTCGCCGTCGAGATCACGCGGGAACAGGGCGGGGCTGAATAAGAGTCAGAGTTAGAGTTAGAGTCAGAGTTAGAGTAAGAGTTAAGAGGGAGGGGCCTGAAACCTGAGTAAGGCGGGTCCCGGTATTGAGAGTGGCGGCGGAGACGGTTAGGATGAGCGCGTCAGTTCGGAACAGGTCCAATCTCAGCAAGGAGCACGGATGAGCTACTATTTTGTTGTCGTCGCGGATGGGTCACGAGCCCGTTTTTTTGAACTGCAGTCCACCGACATGCCGGAGCTGGAATCCGGACCTACGCTCGTCGAACAGACCTCGATCTCCAACCCTGAAACCGGGAAATCCGAGGGCGAGGTGTTTGCCGACACCCGGTCCGGAAGCAACCGCGTAAGCTCCGCGGCCAATCCTCATGCTTACGACGACCACCGGGAGCGTCACATGGAGGAGTTCGAGCGCCGTTTTGCGCGGGAGGTGGGGAAAGAGGCCGTCTCCCGGGCCGGGAAGCTGGACACCCGCTGCCTCGTGCTGGTGGCTGACCCGCGGATGCTGCATTACCTTCAGGGCGAAGTGTCATCCTTCAAAAACGGGAAGCGCGATCTGGTCGAATACGCGCGGGATCTGACCAAACTCGCGCCCGACGAGATTCATCGTCACCTCGCGAAAGATGGGCTGATCCCGGAAAAGAAACGCCCCCGCGGCGGGCCGTCCAATGTCCCGCCCGGTCGGTGGTAGCGCGCGGCGCAGATGGGGGGCGGTTCTGACGCGTGCGGCCGCGCCCGGTCCCGGCATCCTCTCTTCCCGGCTTCAACATGGCCCGAAAACGCGATCGCCTCCCCCGGTGAACATTGAAGTGAGTTTTGAATCAGGGTGTCCCGGCGGGAAAAAAGGTTCTTCGTGGATTTTTGTGGAGCTACTGAAATCGTAGCGGCTGGATTAGAAATCCGCTTACGTTACCACGTACGCGTACTCGTACTCAGCGAAGCGGTACTCGTACTCGAGTTTCTTAAACCGGGGGAGTGGGATCGCGCCTTCGGCGCTCCGAGTACGCGTACGAGTACGAGTAAGAGTACGAAAACGGCGGACAGCCTTCTGCTGTCCAGCAGAATCCCTGCCCTCACGCACGGGTTCGGCGCTCCGAGTGCGATATTCCCCCGGGTGTCCCCATGTGGAACACAGGCGCCCGGGCGGTGGTAGCGCGCGGCGCAGATGGGGGGCGGTTCTGACGCGTGCGGCCGCGCCCGGTCCCGGCATCCTCTCTTGTCTTTGCGGGCCGGATTAACTAACGTCCTCCTTTTTCACGATAAGCCTGCGGGAGGGCGCGTGTTCGAACCCGTTTCAAGTAAAGTCGATTTTCCGTCGCTGGAAGAGTCGGTGCTCGCGTATTGGGATGAGCGGGACATCTTCCGGCGCTCGCTGCAGAACCGCCGCGGTGCCGGGGAGTTCGTCTTCTATGACG
NZ_CP010904.1_gap21	996826	999095	2269	CACAATTTCCCCGCCGACTTCATCGCCGAAGGGCTGGACCAGACCCGCGGCTGGTTCTACACGCTGACCGTCCTCTCCACCGCGCTCTTCGACCGCCCGGCCTTCCGCAACGTCGTCGTCAACGGACTCGTCCTCGCCGAGGACGGGCGCAAGATGAGCAAGCGGCTCAAGAACTATCCCGACCCGAAACATATTTTCGACACCTACGGGGCCGATGCGCTGCGCCTCTATATGATCCATTCCCCGGTGGTCAAGGCCGAGTCCCTGCGCTTTTCCGAGGAAGGCGTGAAACACGTTCTGCGCCATTTCCTCATACCCTGGTGGAACGCCTACAGTTTCTTCGTCACCTACGCCAATATCGACGGATGGACGCCGGCGCAGGCTTCGAGGGAGCGAAACAACCTGATGGACCGCTGGGTGCGCAGCGCGCAGGCCCGGCTCATGCAGGACGTCACTGCCGCGATGGACGACTACGACCTCCAGCGGGCCGTGCGCCCCTTTGTGCATTTCATCGAGGACCTCACCAACTGGTACATCCGCCGCTCGCGCAGGCGCTTCTGGAAATCGGCCGACGACGCGGACAAGAAGGAGGCCTACGCGGCGCTCTACGATGTGCTGCTCGACCTGTGCAGGATCGCCGCTCCGTTCGTGCCCTTCATCAGCGAGGCGATCTACCGCAACCTGCGCACGGAGGATAGGCCCGAATCGGTGCATCTCTGCGATTTCCCCACCGCGGAACACCTTGCAAGGGACGAGCAGCTCGAAGCGCGCATGGAGGCGGTCATGAAGGCGGTCGGCATGGGGCGGCTGCTGAGGTCCGAGTATCAGGTCAAGACGCGGCAGCCGCTGCGTCGGCTGCATGTGGTCAGCGAGGATGCGGCACTGCTGGAGAGGATGGCCGCCCTGGAATCGATTATCGCGGATGAACTCAACGTTCATGAAGTCCGCTTCGCGTCCGACTCGAGCGAGCTGGCCCGGATGCGGGTGAAGCCCAATTTCAAAAAGCTCGGCCCGGAACTGGGACCGAAGATGAAGGCCGCGGCGGCCGCGATCGGGGAACTTTCGGCGGAGGATGCCCGGCGGCTGAATGAAGGCGGCGAGGTGGGGATCGAGCTCGACGGCGAGGAGCGCATGCTGGACGCCGACGACGTGGAGATCGAACTGATCCCCAGGGAGGGACTCGCCGTCAGCGCCGAAGGTCCGCTGCTCGTGGCGCTGGATACGACGCTCGATGACGAGCTGGTGCGGGAGGGCCTGGCGCGGGAATTCGTCCATAAAATCCAGTTCATGCGTAAGGAACTCGATCTCGACGTCGTGCAGCGCATTGCCGTGGCCTACCGTGCCGACGACGACGTCGAAACCGCCGTCCGGGAACATCTGGATTACATTCTGGAAGAGACCCTCGCCCTGGAGTGCGAGCCGGTCGAACACCGGACGGACGACATGACGGACTGGGATCTGAACGGTCACGAATGTGCCGTCGCGGTAAAAACCGTTGTCCCCACTCCCGGCGTTGACAGTCCATAGGGCCTGTGCTACAACGACCCCCTTTTTACGCGAGTGAAGGGCAACATCACGTGAGGTAAAAAGCATGGCAGCCAGCAAGAAGAAGAGTTCCGGCGCCTCCGGTCGCAAGAAGACCGGCAAGAAGAATCAGCCCCGGAAAACCACTGCTTCGAAAAAGAAATCCTCGACATCCGGGAAGAAATCCCCGGCGTCCGGGAAGAAAACCGCGTCTTCGCGCCGCACATCCTCCACCGGCTCCGGAAAGACCTCGTCGCGCAAAAAGCCGGCGGCGAAGAAAACCGCCGCTAAGAAATCGGCGGCCCGCAAGAAGACTTCAGGTTCAAAATCCTCGAAAAAAGCGTCGCCGCGCAAGTCGACTTCAAAGAAGAAGGCCTCGTCGGCGAAGAAAAGCGCTTCCCGGAAAACGACTTCGAAGAAGAGCACGGCGGCTCGCAAGGGCGCGACGTCCGGCCGGAAGGCTACCGGAAAAAAGACGGCGTCCACGGCCTCTTCCGGCGCGTCCGCCGGTGCGAAGAAGACCGCGAAGTCGCCGTTCAAAAAGAGGGAACTCCGCCAGTTCCGGGATCGGCTGCTGGAGCTGCGCGACCGGATTACCGGGGAAATCAGCTTTCTCTCCGGGGACAACCTGACCAATCACCGCGACCCCTCGCTGTCGGATCAGGGCACCGACAACTTCGATCAGGAATTCGCGCTGAACATCGTCACCAGCGAGCAGGACACACTCTTCGAAATCGAGGAGGCC
NZ_CP010904.1_gap22	1025766	1030519	4753	CCTCCATGGCGGCCTTGAACAATTCGCGCTCTTCACCGCGTTCGATGGCGTCGGGATTGGCGCCGATCATCTCCACCCCGTATTTATCGAGGACGCCGCTTTTGAACAGCGTCATGGAGATGTTCAGTCCCGTCTGGCCGCCGAGGGTGGGGAGGATCGCATCGGGCCGTTCCCGTTCGATGATTTTCTCCACCGCCTCGGGGGTGAGCGGCTCGACATAGGTCCGGTCCGCCGTCTGCGGGTCGGTCATGATCGTCGCCGGATTGCTGTTGATCAGCGTGACCTTATAGCCCTCCTCCTTGAGGGCCTTGCAGGCCTGGGTGCCGGAATAGTCGAACTCGCAGGCCTGACCGATGATGATCGGCCCGGACCCGATGATGAGGATGTGGGAAAGGTCAGTGCGTTTGGGCATAGGAACTCCAATTAGTTTGAGTTAGAAACCTGAAACCTGAGACCTGAGTAAGAGGGGGATAGGGATTGAGTGGGAAACCTGAAACCTGAGACCTGAGTAAGAGGGGGATAGGGATTGAGTGGGAAACCTGAAACCTGAGACCTGAGTAAGAGTGGGGATAGGGATTGAGTGGGAAACCTGAAACCTGAGACCTGAGTAAGTGGAGATTGAGTGGGAAACCTGAGACCTGAATCCCGTGCGGGCTTACTGAGTAAAGAAGACTGAACTTGGGGGGTCATGTTTTTCCGCCTTTGGCGTTTTTTGACATCGTGACAAATATTGAAATCAATTCGTTAAGCTCTTCTTCGATGGGGTGGCAGCGGTCTTCCGATATTCCGCACCCGCGCACGAGCAATTCAATCCAGAGCAGTGACTCGTCGGCTTCCTGAGTGCAGATCTCAATTTTTGAAATAAATTCAGCTTTGGTTCTGGCTCGCGAGGCCTCCCTGTAATTCGCCGCTATGGATGTTCCGGAACGAAGAATCTGTTTCCCGGCCACCTGAATATCGTATCTTGAAGATCGAGACAAAGAGAGATACAGCCTGATAACATGTACGGCGAGGTTCGTCGTTCGCGTGCGCATCGTGCTTTTTGCGGCTCCCACATTCGTCTCCAGTGTGAATGGCGGAGACCCGCATCCCGCGCGGCTCCCATTGAACCCGCGTTAGGTTTTTTTTATACCTCCGTGTACAATCGTTATAATTCTTACTCAGGTTTCAGGTCTCAGGTTTCAGGTTTCCCACTCAAGCTTTCTTACTCAGGTTTCAGGTCTCAGGTTTCAGGTTTCCCACTCAAGCTCTCTTACTCAGGTTTCAGGTCTCAGGTTTCCCACTCCCTCCCCCCCCCCTCACTCCCACTCAATCGTACTCGGCGGTTTCGAGCTGATATCGTAGACCACGCGATTGACGCCGCGGACCTCGTTGATAATCCGGTTGGAAATGCGGTCCAGTACGTCGTGCGGCAGCTTGTACCAGTCGGCCGTCATGCCGTCGAGGCTCTGGACGGCGCGGACGGCGATCACGTTCTCGTAGGTGCGGTCGTCGCCCATGACGCCCACGCTCTGGACGGGAAGCAGCACGGCGAAATACTGCCAGACGTCGAGATAGTTCTCCATTTTCATGATCTCCTCGCGGACCCGCAGATCGGCCTCCCGCAGGATGTCGAGCCGCTCCTCGTCCACCGCCCCGAGGATGCGCACGGCCAGGCCGGGGCCGGGGAAGGGCTGGCGGTCGACCACGTAGCTGGGCAGGCCCAGTTCGCGCCCGACCAGCCGGACCTCGTCCTTGAAGAGTTCCCGCAGAGGCTCGACCAGGTCGAATTCGAGGTCCTCGGGCAGGCCGCCGACGTTGTGGTGGCTCTTGATGGTGGCCGAAGGTCCGCCGACCGGCGAGACGCTTTCGATGACGTCGGGATAGAGCGTACCCTGGGCCAGAAAGCGGACCGGGCCGAGCGCGCGGGCGCGCTCGGCGAAGACCTCGATGAACGTGCGGCCGATGATTTTGCGCTTCTGCTCGGGGTCGATCACGCCTTCGAGCCGCTCGAGAAACTGCGGTGCCGTATGGGCGGTATGCAGATCGACGCCCAGCACGTCGCGGAAGAGATCCTCGACTTCCGCCGCCTCCCGGTAGCGCAGCAGACCGTTGTCGACGAATACGCAGTGAAGCCGGTCGCCGATGGCGCGGTGGACGAGGGTGGCGGTGACGGAGGAATCGACGCCTCCGCTGAGGCCGCAGATGACGTGATGATCGCCCACGCGTTCACGGATCGCCTCGGTCGCGGCCTCGATAAAGGCGCTCATTTCCCATTCGCCGCGGCATCCGCAGATGCGGAAGCAGAAGTTCCAGAGCATCTCCGCGCCCTGCGGGGTGTGAACGACTTCGGGATGGAACTGCAGGCCGAAGATGCGGCGTTCGGGGTGCATCATGGCGGCGACGGAGCAGTTGTCGCTGTGCGCCATCGGGCGGAAGCCCTCGGGTGGCGTATCCACTTTGTCGCCGTGACTCATCCACACCTGCAGATCGGGCGCGAGGCCCTGGAACAGGGCGTCGGGATGGTCGATCGTCATGATCGCCTTGCCGTACTCCCGCTTGCGCCCCGGTTCCACCGTACCGCCCAGCAGTCGGGAGGTGAGCTGCATGCCGTAACAGATGCCGAGCACGGGGATGCCGAGGTCGAACAGGGCGGGGTCGCACGAAGGCGACCCTTCGTCGAGCACACTGGCCGGCCCGCCGGAGAGGATGAGGCCCTTGGGGTTGCGCCTGCGGAGTTCGTCCGCGGGCGTGTCATGAGGCACGATCTCGCAGTAGACCTTGTGCTCGCGCACGCGGCGGGCGATGAGCTGCGTGAGCTGCGAACCGAAATCGAGCACGGCAACCCACTCGTCAGGCCGTATGCTTATCTTGTCTCCGCTGGATGACACGAGGCGGGCTCCTTGAATTAGGTGATCTCAACCGTCGTGGCTGCGCATCAGTTCCGTGAATTCTTTGAACAGGTAAAAAGAGTCGTTCGGCCCGGGGCAGGCCTCCGGGTGATACTGCACGCTGAAGAGCGGCTTCTCACGGTGCCGCAGGCCTGCGCAGGTCCGGTCGTTCAGGTTTACATGCGTGACCTCGATCTCTTCGGGCAGACCCTCGCCCCTGACGCAGAAACCGTGATTGTGACTGGCGATCTCGACCTTGTGCGTGCGGTGATCGAGGATCGGCTGGTTCGCGCCGCGGTGGCCGAACTTGAGCTTGTAGGTCTCCGCGCCGAGCGCCAGCGCGATCATCTGGTGTCCGAAGCAGATTCCGAACAACGGCCGGCCGGAGTCGATCAGCTTGCGCACTTCCGCGGCCACATCCTCCGCGCCCTCGGGATCGCCGGGGCCGTTGGAGATAAAAATCCCGTCCGGATGCTCCGCGAGGATCGCTTCGGCCGGCGTGGTGCAGGGGAAGACGCGACACTCACAGCCGAGCTGCTGCATGAGCCGGAGCTGGTTGGTCTTGATCCCGCAGTCGACGACCGCGACCTTGAACTCCGCGCCGGGCATGCCGCCCTCGGGCCACGTGTACGGCGCTTCGGCGGTGACTTCCCGGATCAGGTTGCGCCCCACGAGGGAAGGGGCGTTACGGGCTTTTTCGACCAGGCTCTCCGGATTCAGATCGCCGGTGGATATGACACAGCGCATGGCGCCCTTGTCCCGGATATGCAGGGTGATGGCCCGTGTGTCCACGCGCTCAATTCCCATGACGCCGTTCTGTTCGAGATATTCCGGAAGACTCCACCGGCTCCGCCAGCTGCTGGGGATCCGGCTGCACTCGCCGACCACGAGACCGGCGGCGAAAATGCGGCGCGATTCGACGTCCTCGGGGTTCACGCCGTAATTGCCGATCAGCGGGTAGGTCATAGTGACGATCTGGCCGTAGTAAGAGGGATCGGTCAGGATCTCCTGGTATCCGCTCATGGCGGTGTTGAAAACCAGTTCGCCCGAGGTTTCCCCCTCTCCGGCAAAGGAACGGCCCCTGAAGAAGGTTCCGTCTTCGAGTGCGATCAGTGCGTCCACAGCGGTACCTCGCGTGTTGATCGTGTTGATGATATTCGGAGCATGTTCTTTACGCGGCGGGGGGGATGCAAACACTTTCCACATAAAAACCGCCGCCCGGCCTGACGGCGGGCGGCGGTTTCGATCCGTACCGGTTCAGCGGGCTTATCCCTGGGAACCGGAAGCCGTCTGCGGCCTGATGACCGCCGGGGCCTCTTCGGTGAAGGAGACCTCGGCTTTGTCGCGCAGGCTCTGCAGGTATTCCTGAACCGATCCCTGCTTGCGCTGAGCCTCCAGGTGGCGGCGGATGTCCTCCTTCGCCTCATCGAATCCGGCCTTGGACGCCTCTTCCTTACCGGTCACCTTGATGATGTGATATCCGTACTTCGTTTCCACGACCTCGCCGATTTCGCCGATCTCCTGCGAGAAGGCGGCCTCCGAAAAAGCGGGCACCATCTGTTCCTTCGCGAACGATCCCAGGCTGCCGCCTTCTTTGCCGCTCGGACAGGTCGAGTACTTTTCGGCCATTTCGGCGAAGTCCGCGCCGGCGTCGAGCTTGGCCTTGACCTTCTCGGCCTCGGCTCGCTTTGTGGCCTGTTCTTCTTCGGTGGCGTTGGTTTCGGTTCCGATCAGGATATGGCTGGCCTCCACCTTGGCCGGCTGTTCGAAGGACTGCGGGTTGGATTCGTAGAACTCCTTGAGATCTTCTTCGGTGACCGGTTCAACTTCACCGGTCTTTTCTTCCACCAGCTTCTGGACGCGGAGGTCGCGGCGGAGATCGG
NZ_CP010904.1_gap23	1049650	1052465	2815	CGCCTGCCCTTCGGCGGCGAACGCCGGATCAATGGCATGACGGCTGAAAATGCGCCGCGTATGCGCTCGCCGCTGTATGACTGGGGCCCGACCGATGAAAAGATGATCGACGAAGATACGGTGGAGTATGCCGAGACGCGCATGGCCGAGCCCTACGCCACGCCGCGCTTCACCGCCGTCGGCATCTTCAAACCGCACATCCCGTTCTGGTCGCCGCCGGAAAACTATGCGAAGTATCCTTTCCAAACCCTGGAAGAGCCGCCGCGCCCGGCCGATGATTTCGACGACATTCCGCAGGGCGGAAAGGATTTTCAGAAATACCTTGGCTTCCAGTTCGACTATGTCACCAACCATCCGCCGGAGTCGCCCGGCGGCATCCGTGCGATGATCCGCTCCTACCAGGCATCCGCTGACTTTGCCGACGAAATGATCGGCCGCGTGATCGACGCGCTCGACGCCAGCGGTCGGGCGGATAATACGATTATTGTTTTGTGGTCCGACCACGGCTTCCACCTCGGCGACAAGAACACCGTCACCAAGCACACCCTCTGGGAGCAGGCCAACCGCTCGCCGCTGCTCATCGTCGCACCCGGCGTTTCCATTCCCGGCAGCCGCGTCGATGCCCCGGTGTCGCTGGTGGACATCTATCCAACGTTGGTTGAGCTGGCCGGTTATCCGGTGGAGCCGTCCGCCGAATTCGACGGCGAAAGCCTGGTGCCCTACATGAAAGATCCGTCGCGCCCGGCTACCGAGCCGGAGCTGATGACGCTCTATCCCGGCAACCACGCCATCCGCTCGGCGGACTACCGCTACATCCGTTATGCCGACGGCTCTGAGGAACTCTACGACCAGCGCTCCGACCCGTGGGAGCTGACCAACCTGGCCGACGATCTCGAATATGCGCCTGTCCTCGAAGAACATCGCAAATGGCTGCCGAAGCACGAAGCGGAGCAGGGGATTGAGCTGCGCGAATATGAGCGGAAAAAGCGGGAGGCGGAGGCCCGCGCACAGGCCGGGACGCTCTCCTCCGATGCCGCATGGATAAAAGTGATCCACTGGGACATGGAGACGCTCACCGACGACGGCCTGATTCAAAACCGGGTGACCGACGGCCCCTACGCCGCCTGCCACCTCGACCCCGGCGGGGCGATGATGTTCGAGGATGACGAACAGGCCCACGTCCTGCGCTTCGACGGCATCGACGATGTCGCCCAGTCGGTCGGAAATTGGCAGGGCCACAAGGGGGTTCGCATTTCCATGATGGTCAAGAGCGAAAGCGGTGCCGGGCAGTCCGTTATCCTTGGAACGGCCAATAGCTTCCGGATCAACAAGGTTGCTCAGGCCGTGCGCTTCAACGGGCTGACGGCCGGTCAGCGCAACATGAAAGAGGGGCACGCCGGAACGATCGGCCTTGTGCCCGGTTCATGGATGAACATCGTCGCCGAATACAATCCCAAAAGCGGTAAGCTCCTCATCCAATGCGGCAAAAAGAGCGGTAGCGCGCAGCGCACCAGCGGCGATGTGCTCACCGGCGGCGGGAAGCCCCTGCTGATCGGCAGGGCGCTCAATACCCCGTTCAAGGGCTGCATCGACGACGTTGTCATCGAGGTGATGGACTGAGCGGATTGCCTTACACAAAGAAAAAACGAGTAGAAACCGAAAGAGAAAGGACCACAACGATGAAAAAGAGAACGACCACAATGATCGCCCTGCTGTGCGGGGCATTGATTGCACTGGGCGGCGCGACCGCCGCTGCCGCCGTCCAGCTCAAGCCGGTCTATCCGCAGTGCCTGCGGCTGGAGACGGCGATCCTCAAGCCGCAGCAGGCTCCGCAGTTTTCCTGGGGGCTGGATGCGGGCGGGCGCGACGGCGCGGCGCAGACGGCCTATCAGATCATGGTGACGACGCCCGCCGGAGAAACGGTCTGGGACAGCGGGGAGGTGTCGTCGGCGGATACGCTCGACGTGCCTTACTCCGGGCCGGCGCTCGCGCCCGCCTCGCAGTTCGACTGGCAGGTGCGCGTCTTTGACGAGAAGGACAAGCCCTCGGACTGGACCGAGCCGCAGCGCTTCTTCACCGGGCTGGACGACTGGAAGGCGCAGTGGATCACCTCGCCGGAGATCGTCGCCATCGCGGAAGAGGACGCGAAGCGCCTCTACGAGGAGGATCATCCGGCACGCATGCTGCGCACCGAGTTCGACCTTTCAAAGCCGGTCAAAACCGCCACGCTCTACATCACCTCGCTGGGCAACTACCGGGGGTGGATCAACGGGAAACTCGTCAGCGAAGACCGGCTCGCGCCATCGGCGACGCAGTATGGGTATCGGGTCTTCTACCGTGCCTACGACGTGACCGAACTGCTCCAGGAAGGCTCCAACGCCCTGGCCGTGCTGCTCGGAGACGGTTCGTTGACCCGTAGCAGAGTTACGTCCTTCGGTGCGGACTTTATTACGCGCCTGCTGGCACAGATTGAAATCGAATATGCCGACGGGTCACGCGATTCGGTCGGAACGGGTTCCGACTGGCGCAGCATGATGGAGAAAAGCCCTTGGCAGGCGGCCGACTTCGACCTCGGCGGCATCTACGACGCCCGCTTATTCGACCCCGCCTGGTCCACTGCGGGGTTCGAGGACGGCGGTTGGAGGCAGGCCGTGGTGTCGCCGCCCGTAGAAGGCACGCGCGTCGATCCCGAAACGGTGCAGCCCTGCCGACCGAACCACGTGTTGAAGCCGGTTGCCGAATATGAACCCAGGCCGGGAGTGTATGTGTTCGACTTCGGCGAACAGTTCACGGGCGTAGCCCGTTTCACCGTCAC
NZ_CP010904.1_gap24	1064630	1065252	622	TCGGGCGGAGTGGAACTCAACGGGCAAGTCACCGTATCGCTCGATCCGGGCTACAGTCCCGCCGCCGGCGACACGTTTGATCTCGTTTCCGGCGCGATCAGCGGGACGCCGGTTCTGGAGCTGCCCGCACTGACGGAACCCGGGCTGGCATGGGATACCTCCCGTTTTGCCTCCCATGGCGAAGTGTCCATCATCCGTGATGCGGGACCGGACGTGCGCTATGCCTTCTGGCTCGGCCAGGATCCTTCGCTCAGCGGCCCGGACACGCTGGCTTCCGCCGACCCCCATGGAACCGGTCACAGCAATCTGGCCCGCTATTTCTTTGGGGGCGCTCCCTCCGCCGATGGCCTCCCGGTGCCTCCCCGGATTGCAGTGGAAGGCGATGAGGCGGTCGTGCGCTTTGTGGGATTGCGATCAGGGTCCGACGCTGCCGAGTATAAGGTTTTGAGTTCAACCAACCTTGTCATGGACGCGCTGGAAGTGGATGCGGAGCTCTCCGCAGCAATCGAGGACGATCCCGACCAGAGCGGGGTTCTCCGTCCCGGCGACTATGTCCGCCGACGGTTTTCCATCCCCGTGACTCAACCCGGGTTCTTCCGCATCCGGGCGGTGGACAACCTGA
NZ_CP010904.1_gap25	1098444	1101930	3486	AGCCTGAGGTAAACCGGTCTCATGTGAAAGTCGTGCCTTCGCCGAAGGGCGTCGTTCCGGTACGCTGGGAGCGACGGGGTGGACGCCTGCATCTCACGGTGACCGTCCCGCCGGAGAGCCGGGCCATCCTGTGCTGGCCGGGTGGCGCGGAACAGGAACTCGAGGCGAGCGATTACGAGCTGATGGAACCGGAAGGGAGTGAGGAGGCATGAAGCTAAAAAGATGGACGATCCTTCTGTTGGGGTGGCTCGGGGTCACCGCTTCGCTCCGGGCGGAACGGCCGAACGTGGTGATCATGATCGCTGACGATGCCGGGTGGGGCGATTACTCGAGTTCCGGTAACGAGAGCGTGCGGACACCCCATATCGACTCGCTGGCGCGCGACGGCGTGCGGCTGGACCGGTATTTCGTCCAGCCCGCCTGCGCCCCGACGCGGGCGGAACTGCTGACGGGGCGGTGCGCGCTTCGCAGCGGAGTGGGCGGCGTGTCGGGCGGGAACGAACGCATCGATCCCGCCGAGAAGACGATCGCCGATTGTTTTCGCTCGGCTGGCTACGCCACGGGGATCTTCGGCAAATGGCACAACGGCGCGCAATGGCCCTACGTGCCGGCCGCGCGCGGCTTTGAGGAGTCGCGTTGCTTCATGCACGGACAGGGCGAGACCTATTACGACGAGGTCTTTGAAGACGAGCGCGGGACGCAGGTGAAAAGTCGAGGGTATATCGACGAAGTCTCCACACAGAACGCCATCGAGTTCATCCGGCGTCATCGCGACGAACCGTTTTTCTGTGTCTTGCCGTTCGCCCTGCCGCACAAGCCCTGGATCGTGAAACCAAAGGATTGGGCGCGCTGGAAGGACCGGAAAATACCGCAGGACGGAAATCGTCCGAACCAGGAAGACAAGGACGCGACGCGGGCGGCGATGGCCATGCTGGAAAATCAGGACGCGAACGTGGGCTGTGTGCTCGAGGCGCTGGACGCGCTCGGGCTGGAGGAGAACACCGTGGTGATCTACTTCTCCGACAACGGTCCGAACGAGTGGCGCTGGAACGGCGCCATGAAGGGCATCAAGGGATGGGCGGAGGAGGGCGGGGTGCGGTCGATCTGTCACGTGCGTTATCCCGCGGCGTTTCCTTCCGGCCGGACGGTCGAAGAGATTACGAGCGTCCTGGACTGGCTTCCGACGCTTACCGCGCTGGCGGAGATCCCGCGTGTGGGCGATAGGCCGCTCGACGGACGCAATATCCTGCCGTTATTGACGGGAGAGATGGAGGGCCCATGGCCGGACCGGAACCTCTACTGCTGGTGGCATGGTGGAGCTTCCGTGCGCACGCAGCACTATCGACTGGGATCGGACGGGGGGCTGTACGATATGCGTGGAGATCCCCTGCAGACCACGGACATCGCTGCGCAGGAGCCGGAACGTGCGGCCGGTCTGAAACGCGCCCTGGAGGCGTGGAAGTCTCAGATGCCGCTTTTTCAGCCGGGCTACGAAAAGCCGCCGTTCGGCGTCGGCTATCCCGAATTTCCGATCACGCGGCTGGACGCGAGCGAGGGGATCGGAAGGGGCGGGATCCCGCGCAGCGGCGCCGCGCCGAACAACTCCTGGTTCGACTGGGAGCATCCGGATCGTGAGATCTACTGGCCGGTCGAGGTTCAAACCGCCGGCCGGTACCACGTGCAGATCGACTACACCTGTCCGGAAGAAGACGTGGGCTCGCTGATCGAGGTCTCCTTCAAGACGTGCGCCCTGACCAATCGCCTCTCGGTTGCGCACGACCCGCCCTGTATCGACGACGACACCGTGCCGCGGTCCCGACGCATCTCGGGGTACAAGGAGTTCAGGGAATGGGATTTCGGGGTGATGGATCTGCCTGCGGGGCGGGATGCGTTGCGTATTCGTGCGCTTGAGGTGCCGGGCGATAGCGTGATGGACGTGCGGCGGATTACCCTGACGCTCATGCCAAGGTAGGGACGGTGTCTCATCCGTCCGGAAAAGCGGCCCCAGTTAGGGACGGACCTCCGGGCCGTCCGCAAAACCGGCGCGCATAGCCTGTCCGCCGAAGGCATAAAGAGCCGAAGGCGGAGAGATCGCGCCCTACCCAGAACACCCAACCCAAAAAGATATCCAGCAGTTCTCATTATGGCCGCATTCCGACCGCGGACGGCGTGGCAGCCGTCCCTCCCGAGTCGATATCCGACGCATTTTCGGGCACTGGGAGGGTCGGGTGCCACCCCGACCGAAAAGGGTGAAGCCATAATGAGAATCGCTGAAAGATATCACAGGAATCTGGTCGCATGATCGAATATTCGTTACGGTGACCGCTTTATTCGGAAATGCGGGCCGGGATTCAGCGGGAGAGGGATGTGCGTATCGGCATCAGTCATCGGGTTGGGGTCGGGTGCGGGCTATTTATGTGCGCGGCGGCGATGGTCTGCGGCGCCCCGGAATGTCCCGTTTATGAGCCGCTTCTGCTGCGTGAGATTCAGCCGCGGGGATGGATGGCAGGTCAGCTGCGGAACGATGCCCTGCGCGGCGTGGCCGGAAATCTTCAGAAAGTCCGTCCCCAGTACACCCCTGCCACCTGGGTACACAAGACGGGCAGTGCGGGAGCGGCGGAACTGACCGGCAACTGGCTGGACGGCTATACGCGCATGGCGTACTACGGAGGCTACGCCTCCGAACGAAGCAAGGTTAACCGCTATGTCCGCGAGATCCTCGATGCGCAGGAACCCAGCGGATACGTCGGGAACATGCCCGCGGATCTGCGCTGGAAGCGTCTCAATCGCGACCTCTTCAATGAGTCACGCACGGGGGTGGCGCTGCTCGCCTACTACGAGATGACCGGCGAGCAGGAGGCGCTGGATGCCGTGATCGCCACGGCGGATGTGATCATGGCGAATTACAACGAGGACAATCCGCCGTTTATCTACCAGCCCGGCGATGAGAATTACCGCGCGGAACCGGTCGAGGGCGAAGAGGGCGCGGACGATTTCGTCGATGACGGCGACCCTGCCAAGCCGAAGCCCCGCAAGATCAACGGCCACGTCCTCATGTACGTGGATGTGTGCGAATGGCTCTACCGCCTGACCGGGGAGAAGAAATACGTGGAGTACGCCGAGTTCCTCTATCGGCAGTACTCGGAATCGAACGATATCGGGCCGGACGATATTAAGCTGGACGTCCTGCTCGACCCGGAAATTCCGCTGGAGGGACATGGCGCGCATGTCGCCGAACACTTCCGCGTTCCCTTTTTTCTGGCCTGTGCGACGGGGAAAGACATTTATTACAAGGCGTCGCAGGCCGCGCTGGAGAAGTTCAGCCGGTTTCGCACCCCGAGCGGGGCGCTGGTCAGCGACGAGGGTGTACACGGGCAGATGCCGCTTCCGGAACAGGGATACGAGTACTGCGCGACGACCGAGATGACCGCCAGTCTTGCCTCCGCGCTCCAGAAATTCGGCAACCCGGAGGTCGGCGACTGGATC
NZ_CP010904.1_gap26	1106514	1109668	3154	AACACGGCTATACCACGCCCGGCGAGAAGGCGCGCCGTTACCGTACCCTGAGTCTGAGCGGCCATGATTCTGGATGGATTGAGGCACCGGTCACGGTGACCGGAACCGTCACGCGCGCGGGGAATCCGCTCAAGGCCGATTACCGGCTCTCGCCGGACGGAACCCCGGCCGGGAGCGGAGAGGACTTTTATCTGCCGTTGCGCGATGCCTATGACAAGGCGTGGATCGAGGCCGGGCTCGATCGTCATTACGCGCTTGATCGCGTCGAACTGACCGCCGACGCCGAGGGGCGCTTTCCGCGTGACTTCGATCTGGAGATTACCGTGGACGGCGGCGAGCACTGGAACGTCGTGCCGAAGGCGCGGTTTCTTCATTTCCCCAACCCCGGCGACGCGACCGTGGTGGTGCGACTCAACGGGGTGGTCGCCGATGGTGTACGGCTGGTCACGTTTCATCGCGATCCGGAAGCGGACGGCTCGTACGCGCTCGCGCTGGGCGCGATGCGTGTGATCGGAGACCGGGAGTTCCGCTTTGCCGCGGACGGATTGACCGAGCGCGAACAGGCGTGCTGGAACAATCTCTGGCTCATCTTTGGCGAGGCGGCGAACGAGATCCATGACTATCACAATCCCGTGTGGCCGACCGATCGGCCCTACAGCGGCGGGATGCTCGCGATCTTTTCATCGGAATGGGCGCTCTGGAACGCCATGAAGATGGCGTGGATCGATTCGAAATGGATGCCGGACTGGATCGATACCATCCGCCGGTACCCGATCACCGACCGCGGCTACATCTACCTGACGCCCACGGAGGATCGCCATCTCGGTCACAGCCGTCATTACGCCGGGACGGCAATCTATGTGTCCGCCGTCTCGCATTACTACCTGATGACTCGCGATCGCGCGTCGCTGGAAGAGAAGAGCGGGGTCGACGGCCTGTCGATCCTGGAGAAGGCCGACCGCGGGATGGGCCTCTTTCTGGACGAGCTGGGCGGTCGCTCGGGGCTGGTTACGATCGACGATCCCGAGCTGCAGGGTCTGCCGGAGAGCCGTAGCGCCAACTACTGGGACGGCTGGCCGTTCGGGTATCAGTCCGCCTACCTCAATGCCCACGTCTACGATGCGCTGATCCGGTACGCCGATCTGCTCGAGGCGCTGGGCGGGGAGGGCCGGCGCGCAAAAATGATGCGGACGGCGGCGGCCCGCATGAAGCGGCGTTTCAACCAGACCTTCTGGAACGAGGCGAAGGGGCGCTACATTGGATGGATCGACGCGCGTGGCGAGCGTATCGATTACGGGTTCACCTTCCTGAATCTGAAGGCGGTCGACTTCGGTCTTGCTCCACCCGAACGCGCCGGACGGATCATGGCCTGGATCAACGGCGACCGGGAGATCGCGGACGATACGTCGATCGGCCGGGATATCTACCACTGGAACATTGCCCCGCGCTCGACCACGCTCTCCGCGGAGTCTACCGGCGATAAACGGTTTAAACTTTTTCATGGCCAGGCCGTCGAGCTCGGCGACTTCAATCACGCCTCGTGGGAAATCAACGCCCAGAATGGGGGCATGATCCTGTTCACGTCCTATTACGATCTCCACGCCCGTCTGCGCGTGCTCGGATTCGATAACGCGATGGAGCGGATGCGGGCGATCCTGAACGAGGCCGCCCGCACGGAGCTGCGCTGGATGCCGATTACGCCCTTCGGGGTGGGTACGCCGGTGGGGGCCGTGCGCGAATTCCCCGAGAGCGGCCTGGTCCCGTTCTTCTTTATCGATGGTGTCATGGGCATTCGTCCCATACCCGAGGGTCTCTCCATCCACCCAAGATTCCCGGAATCGTGGGGCGAAGTGACCGTTCGGGATTTTCATTTCGCCGGCCGGACCTTCGATATCACGGCGTCGCACAAGATCGCTGAACGAACGATCGAACCCTGCGGAGGGCAGGGGCTGTGTGTTCGCGTTCCCGCCGGCGTCGAAAGCCGTCTGTCGAATCCCGCCTCACGACCCTGAGGCTTTGGACGCAGGGTTAATAGGAATGGATGTTTTTTTAAATTTATCATTGAACGCTTATCCACCCCTTATGTATAAGTTACCCATTGGGTTGATGTCAGAAGGCGCACAAGCAGAGGAAAACTGGAAACATCAATATAATGTATAATATTGTCATTTCAGGATAAGAAGTTCTGTGCAGACCGGATGAATATCTATGTCAGAATCCTTAAGCCAAAAAGGAGGAGATGAGCGATGAGAGCATGGCGTATGGGTTTAGTGGTGTTGTGTGGGCTGGTGGCGATGAGCGCTTCGGCCCAGTTCGTATGGGACGGGGGAGCGGCCCCGGACGGAAACTGGTCGGCGGACAACTGGACGGGCACGGCGCCCGCAGCCAGTTTCAGCGACGATTTTCAGTTCGACGGTACGACGGGACTGGTCAACACGAACGACCTGACCGGTGGTACGGCGAATTCCATTACGTTCAACTCGGGTGCGGGTGCGTTCACGCTCGAGGGCAATGCGATTACGCTCGGCGGCGATATTGAGAATTACAGCGCGAGTTCGCAGACCATCAATCTCGATATGGTGATGATGGGCGCGACCCGCACGGTGAACACCTGGTCGAATAACATCACGCTGGGCGGCGTACTCAGCGGAGCCGGCGGACTGACCAAGGGCAATACGGACAACGATCTGTATCTGACCGGCGACAACACCTTTACGGGGCCCGTCTGGATTCAGAGAGATGCTTTGTTTGTCGATTCGATCAACAGCGTGAGCGGGGGAAGCGCGAGCAGCAGTCTCGGTGCCCCGACGACGGAAGCCGACGGAACGATTACGTTTGGCACGGGCTACCGGGGCGGAGCGCTTCGGTACACCGGCACCGGCGAAACAACCGACCGGCGTATCAAGTTTGCAGGGCTTGGCGGTGCGACGCTCGCACAGGACGGCACCGGTCATCTCGAGTTTACTGGCGACACCGTGAACGCGAATGATTGGGAGTACAGGATGCTCCTCACGGGTTCGACGGCGGGCACGGCCGAATTCTCGGGGGTCATCGGTCAAGGAACCACTACCAGCAATAGCGTCCTGAAACAGGGAACCGGTACTTGGACGCTTTCGGGCAATAACACGTATTTGGGGGGCACGGAGGTGCAGGC
NZ_CP010904.1_gap27	1222208	1224524	2316	ATAGACCTCGCGGATGTCTTTGTTCATCATCCGCACGCACCCGGCGCTCGCCTCGCTGCCGATCGAGGCGGGATCGCGGGTGCCGTGGATGCCGTACCCCTTGAGTTCGGGGCGGTCTTTCGAGATGAGCGGCAGCCAGTGGGTGCCGAGGATATTGTCCGGATGGCCGTAGGGGATGAGCCCGTCCGGGCTGTACCAGTCCGGGTGCACAACGGGATCGCCCACCTTGAACGTCCCCTCCGGCGTGCGGTCGTGCTTTCCGATCGCGACGCGGTAGCGTTTGAAAAACCGCTCGTTGAGATAGAGGTCGAGTATGAAGCGGGACTTGTCCACGTCCACGCGGAACGTGCCGTCCAGATAACGCAGACGCATCCCCGGTCTGAGTGCGTCGTTCTCCAGGTCGTTGCTCTCCTGGAGATAGGCCACCGTGGTGTCGAACCGGCGCGCGAGTTCCCAGAGGTTGTCGCCGGACTTCACGATATACTCCGACTTCTCACGCATATCCCGGGGAGAAAAGGCCAGTGCCGAATTGACCTGTCCGAGCAGATTTTTCGTGCTGCTCGCCAGCCGTTCGGCGAGATCGCGCTCGAGCAGGCCGTAGAGTTTATCGCGTGCCGCGCGAAGACGGTTGCCGCGCACCAGCTCCATCGCCTCGCGGAAGACCTCCATCGCGGCCGGGTCGGGCGCCTCCACGGCGGGGGAGGGCGAGGGGGGCGTTTCCCGGCCGGATTTCTCCGGGGCGCTTTTTGCGGCCGATGGTTCGGCGGGTTCGGGCGCGGCGGATCCCTCTTCGGTCGACGCCGGTGCCGCCGGCGCCGGACCGGGGTCCGCGGATACCGCCTCGCGCGAGCGCATGAACCACCAGCCCGCGGCGACCCCCGCCAGGATCAGGATGATGATCCACGGGAACCAGCGCCGCCCCCGCGGTGCGCTGTTGAATCTGCGGACGTAGATATCAGTCATGACAAAGCATTCAGGTGGTTGATCACGAGACTCATGGACGGATAACGGATTCGCGGGTCTTTCGCAATGCATTTGTTGATAATGCGGTCCAGCGCGGGGGGCGTATCCGGGTTATACGTGCACGCCGACGGCGGCGGCTCCGCATCGTCGATGCGTACCTCGTGCCGCGTGTCCGCGGCCTCATAGGGCTTGCGTCCGCAGAGGATCTCGAAGCACACGATTCCGAACGAGTAGATGTCGGTCTGCGAATCCACGCGGTGCCACTGAAGGGTCTCCGGCGGGAGGTAGGCGGGGGTGCCCGAGAGCTTGCGCTGCTTCATCGGCCGTCCCCGGTACGGGTGGGCGAGATCGAAATCGATCAGCACAGGCCTGGCCGGCTCGCGGATCAGTATATTCTCGGGTTTGCAGTCGAGATGGAGATAGCCGCGGGCGTGCACGTAGGCCAGCGCCTGCGCGATGCCGCGTATCATGCACAGCGGATGGGCCTCCAGCAGTTCATGATGCGAGAGCAGCAGCGAGCGCAGGTTCCCCCCGTCGATGTACTCGACCACCATGAACGGCTGCCGGCCGTGGGGGCTGCGATGAATGATCCGCGGGATGTTCTCATGCCTCAGGTCGGCCTGGATACTCCCCCCGCGGTTAAAACGCTTGCGTATCAGTGGATTCAAGCAGTATTTTTCGCGGAGGCGGCGAATGAGGACCCGGCGGCCCAAGCCGTCGCGGGCCACGTGGAGTCGGGTGAATCCCCCTCCGTAGACTTGCCGGATGATCGTGTAGTCGTTAATATCGACCGCCATTTGCTTGTCTCGAGAGAGTAGACCAACACACCCGTACGGCTAAAGGAAAAAGCGGATGACCCCATACATGCAGAGCGGACCCATGGCCGGTGGCCAACTCACGCCGATGGTGAAGAACCTGCTGATGATCACGGTCGGCGCGTTCCTGCTCCAGTTTGTCTTCGCCGGGCGGATCGAGGCGCTGTTCGCGCTCGACGCCCACTGGTACGACCGATTCGCCGCCTGGAGGCTGGTCACGTATATTTTCCTGCACGGCGGCACGGGGCACCTCTTCTTTAACATGCTGGCCCTGTTCCTGCTCGGGCCCGCGGTCGAATACGCGCTCGGGTCGCGCCGGTTTCTCACGCTGTACTTCGTCAGCGGCATCCTCGGCGGGCTGGGCTGGTCGCTGCTCTCCGGGCGGGGCATCTGCGTCGGCGCCTCGGGGTCGATCTTCGGCGTGCTGGCCTCCTATGCCGCCCTGTTTCCCAACGCCCGCATGCAGCTTCTTTTCCCGCCGGTCGTGCTGCGCGCCTGGCAGCTCGTAGGCATTCTCAGCCTCATCGAGCTGATGTCG
NZ_CP010904.1_gap28	1225854	1230252	4398	CGTCGTCGGGCTGGTCATGAAAAACGAACTCCGCCGCCAGCAGATTGATCACGCCGTCGCCGAGAAACTCCAGGCGCTGGTTGTCCCGGGCCGGCGCGGGCTGTTCGTGGCGCCAGGAGGGATGGGTGAGGGCGCGCTGCAGCAGGTCCGGATCGGCGAATCGATATCCGATCTGCTGCTCGAGGTCGGGAAATGGATGCGTCTCATTCATGCACGGGGATGAAACTGGTGATGGACCGATTTCAGGCGGGAGGAGTCGACATGCGTGTAGATCTGCGTGGTGGCGATATCGGCGTGGCCGAGCATTTCCTGGATGACCCGCAGCGAGGCGCCGTTGGCGAGCAAATGGCTCGCGAAGGAATGGCGGAGCGTGTGCGGGGAGATCTTCTTGGTGATGCCCGCCGTGCGCGCATGCTGCCGGATCATCCACCAGAGCCCCTTGCGCGAGAAGGGGTGCCGCTGTCGCGTCAGGAACACGGCCTCCGCACCGCCCGGGTCGAGCGACGGCCGGACCTCTCCGAGATAGCGGCGCAGTGCGTCGATCGCACGGCGGCCCGCGGGCACGACCCGCTCCTTGCGGCCTTTCCCGGTGCAGCGCAGATAGCCCTCGTCGAGATGCAGATCCGTCAGGCGGAGGCCCGCCAGTTCCGACACACGCAGTCCCGAGGCGTAGAAGAGTTCCAGGATCGCGATGTCGCGGAGCCCCAGCGGTTGTTCCGGGTCGGGTGCATTGAGCAGGCGGTCGACCTCCTCCGGCGTCAGGACGTCCGGCAGCGCGCGGATCAGGCGGGGGGAATCCATCACCTCGGTCACATCCGAGGCGAGCAGTCCCTCGCGCCGGCAGTAGCGGAAGAACATCTTGATCGCCACGAGCCGCCTTGAGACGGAGGCGGAGGCGAGTCCCCGCTCACGCTCGGCCAGCAGGAAGTCGAGCAGCATTTCGCGGGTCACCCGGTTGAGCGAGGAGACCCCCTGCCGATCCAGATGGTCGAGCAGGGCCTCGAGATCCGCCCCGTACGCGCAGCGCGTTTGTTCGCTCGCCCCCAGCTCCAGCGTGAGATAATCCAGGAACTGATCCGCGAGGGGCTGGAGCATCAGGAGTTGCCGCCGCTTTGCAGTTCCGCCCCCGTCAGGCGCCGGTAGGCCTCGAGGTATTTCTCGCGGGTCTTGCGGACAATCTCTTCGGGAAGCTCCGGCGCCGGCGGGGTCTTGTCCCAGTCCAGGCACTCGAGATAATCGCGCACGAACTGCTTGTCGAAGGAGGGCGGCGACTGGCCCGGCGCGTATTCGTCGGCCGGCCAGAACCGCGAACTGTCCGGCGTGAGCACCTCGTCCACGAGCGTGAGCTTGCCCTCGATCAGTCCGAACTCGAATTTCGTGTCGGCGATAATGATCCCGCGCTCCCGCGCGTAGTCGGCGGCCCGCTCGTAGAGATTCATGCTGGCGCGCATGACTTCCTCCGCCCGTTCGGGGCCGATGATTTCGCGCATCTGCTCGACGGAGATGTTCTCGTCGTGGCCCTCTTCGGCCTTGGTCGAAGGCGTGAAGATGGTTTCGTCCAGCCGGTCGGCCTGGCGGTATCCGTCGCGCAGCGGCATGCCTCCGATCGTGCCCTGACGCTGATACTCTTTCCAGCCGGACCCCACGAGGTATCCGCGCACGATACACTCGACCGGCAGCAGCTCGGCCTTGCGCACGAGCATCGAACGCCCGGCGAGCAGATCGCGGTGCGCCGCGAGTTCCTCGGGATACTCGTCGGGGTTGCAGGTGATGAGGTGATGATCGACGACGTCGCGGAGCTTATCGAACCAGAAGGCGGAGATCGAGTTGAGCACCACGCCCTTGTCGGGGATGCCGTTCGGCATTACGCAGTCGAAGGCCGAAATGCGGTCGGAGGCGACAAACAGAAAGCAGTCACCGAAATCGAAAATGTCGCGGACCTTGCCTGACTTCCAGACGGGGATGCCGGGGATCTGAACCTGCGTGACCGGAGTGCTCATGAATACCTCCTTGTTTCGGTCATAATTTAAGTCCCGTGTTCCAGATTTCAAGCAAAAGAGCGGCGAAGTGACAGGGGCCGGATTGATAACCATTGAAGTCTGTTCGGCAACAGGAGCAGGCTTTCCTCGAAGAGGGCGGTCTGCGGGAGCGTATGACACGCGCGCGGCTTGATCGCCGCGACGAACAACGAAGGGCTGCCCGATGACCGCAAGCCGTTGAATGCCGCGGTGGGTCTGTAGTGCGAATTTGTGCATCAGGCGCGGCGCATAGATAGATTTTATTCAGTATCCCATTCGCGCGTATTCGCATTCATTCGCGGTGCAGGAAGCTGGTTCTGCCCGGGGCGGGATTCGAACCCGCACTTCCATACGGAAAACGGATTTTAAGTCCGTTGCGTCTACCGATTCCGCCACCCGGGCGCAGGCTTCAAGCGGTGCGCCTACACCATAGGACAGGCGGTCCCTCCGGGCAAGTTCGAGCGGGCCGCGGTTCTTCGTGGATTTATTTGGAGCGTCGTCCGGGAAAGGACATGAAGGCTGGTTCTTCGGGAAGAGGAATCGCGATCGGCATCGATCTTCACCGCAGAGATACGACCACGATCGCGGCGCAGGGTAACTTGACCTTGTCAGGGCTCTTCTGTAGCGTCATGAGGTTTATCCGGTTTCAACCCGGATGACGTCTCCAACGGTGTGAGCCATCATGACAACCCGACCCGACATCCAGATCATGCCTTCCATCCTCGCCGCGGACGAGGGTCGCCGCGCGGACGGCTGTCGGCGGGCGGAGGCGGCGGGCGCGGACCAGCTCCATGTCGATATCATGGACGCGCGGTTTGTGCCGAACCTGAGCATGAGCCCGGCGACGGTCGGGATGGCGCGCGAGGCGGTGTCGATCCCGCTGAACACGCACCTGATGATGATGGAGCCGCAGCACCACATCGACCCCTTTATCGACGCAGGGACCGACACGCTGCTCATTCATGTCGAGGCGCGCTGCGACTGCGCACGCGAACTGAAACGAATCCGCGACCGCGGCGTGAAGCAGGGAATCACCCTTAACCCGGAGACGCCGGCGGAGTCCGCCTACGCGCTGTGCGACGCGGGGCTGGTCGAAGAGATCCTCTGCATGACGGTCCATCCGGGATTCGGGGGACAGTCCTATCTGGAATACGTGGAAACCAAGATGGCCGATCTGCGCCGCCGCTATCCCGGAATCGGCCTCAGTGTCGACGGAGGCATCAACGACGAGACGGCGGCTTCCGCGGCGGCCTGCGGCGCCAATCTGCTCGTCGCCGGCAGCCATCTTTTCAAACAGGACGACATGCAGACCGCCGTGGAACGGCTGCGCCGGGCTGCGCAGGAGGCGTACGGCGCGAATCTCTGATACCCACCCATGAGCGATCTTTCCCACATTCGCAACTTCTCGATTATCGCGCACATCGATCACGGCAAATCCACGCTCGCCGACCGCATGCTCGAACTGACGCATACGGTCGATGAACGCAAGATGCGCGAACAGGTGCTCGACGCGATGGATCTCGAGCGCGAACGCGGCATCACGATCAAGACCCACCCCGTGACAATGAAATACAAGGCGCAGGACGGGCACACGTACCGGTTCAACCTGATGGACACGCCGGGGCACGTCGATTTCTCCTATGAGGTCTCGCGCAGTCTCGCCGCCTGCGAGGGAGTCATCCTCGTGGTCGACGCCGCGCAGGGCGTGGAGGCGCAGACGGTGTCCAATGCCTTCCTCGCCGCGGGCGAAAACCTCGTCATCATTCCCGTGCTCAACAAGATCGATCTCCCCAGCGCGCTGACCGAGGAGTCGGCCGCGCAGCTGGAGGATCTTCTCGCCATCGAGGCCGAAGAGTGCATCCGGGTCAGCGCCAAGACGGGCGGCGGGGTAGGGGAGGTCATGGAACGGATCGTGCGCGACATCCCGCCGCCGGAGGGGTCGGCCGAGGAGCAGGCCCCGTTTTCGGCGCTGGTGTTCGACTCCAAGTACGACCCGTACCAGGGCGCCGTGGTCTACGTGCGCATTTTCAACGGCCGGGTGCGGCGCGGCGACCGCATCCGGGCCATGAGCACCGGCCGGGATTACGAAGTGAAAGGCGTGGGCCTGTTTTCGCCGGATCCGCGTCCCACCGACGCGCTCTCGGCCGGCGACGTGGGGTATCTGACCGCGAACATCAAGGACGCCTCGGAGATCAGCATCGGGGACACCGTTACGCGCACGAACCGCCCGGTGGAAAAGCCGCTCCCGGGCTTCCAGGAGATCCACCCGATGGTGTTCGCCGGCGTCTACCCGATGGACACCGCCGACTACGAGAAACTGGGGGCCTCGCTCGAAAAACTGCGGCTCAACGACAGCGCCTTCAGCTACCAGAACGAGTCC
NZ_CP010904.1_gap29	1254073	1257740	3667	GACGATTCGTGCCGACGTACATGATCTACTGCGCGAAGGTCCGCCCCGATGTCTACCTGATTACCCAGAACGCGCTGGCGGACCACACCTACATGGCGGTGATGCGCGACCTGTACGGCGACCAGATCTGGATTCCCTCCCCGAAGGACACGAACCTCGCCTTCCAGGAATACATCCGCGCCGTCCGGGAAGGTAAAATGCAGAGCGGCGGCGACCTGCAGGTGCAGGGAGGCCGCGTGAGCATCGAGGGCGTGGGCGGCGTGATGAAGGTGAACGGCATCCTGACCCGGGATATCTTCGAGCATAACCCTTACGTTACGGAGGCGAAGACGCACGAGAAGACCCGGCCCGTGGGTTCGGCCGTCGTGCCGCACGAACCGCGGATCGACCCCGAAACCGGTCACCCGCCGAAACGGACCTTCTATGTCGAGGAGAGCTACGTCATCCCGTGGATGTATCCCTACCTCACCCCGAACGGCATTATCATGAAACTGAACCAGGAGCCCACGGAACTGACGCCGGAGATGGTGCACAACGATATGGTGTTCTGGGACTGGTACGAGGATCGCCTGCTCTCCGACCCGAAATTCAAACGCGACGTGGTCGCCCGCAAGAGTTTTTCGAAGCTGCGTGGTTCGATCGGCGGCCTGTATCACGCGCGGGGCATGGACGAGGAGGCCGAACGCGTGTTCCGCCAGTCGATCCGCCTCTACCCGCTCAGCCCGGAGGCGGTCTTCCGCCTGGCCGATCTCTACCAGTCGCAGGATCGGTACGGGGACGCCAAACAGGTGGTTTCGGAGCTGCTGGAACAGGACCGGCTGAACGACAAGGCGCGTTCGTTTCTCGAACACCTGGACCGGATGCAGCAGCTCGAAACGCGGCGGCGCGAACTCCGCAAACGGCTCGAGGCGGGAAAATCGCTGGACCTGCTCGAACTCATACGTATCGAACAGGCGCTCGGCCATACGGGAGAGGTGGTCCGCCTGACCCGCCTCGCGCTCTCAGAGGACCGCCTCTCGCCGGAACAGACCGGCCAGCTGGCCGGAGCCCTGATCCGCATCAAGCGCTACGATCTCGCCGAAGAAGTCGTGACAGACTACCTGAAAAAACAACCGGGCAACGTGGCCGTCTGGCTCGATCTCGCTTCGCTGCGCATGCAGCTCCGCCGTCCGCTCAACGCCGTGCTGGAGCCGCTCCGCAGTGCGGTGCAGGCCGGAGGAGATCTCGCGCGCGAGAAGATCCGCAGGGACGAGCGCTTCAAGGCGCTCCGCAAACACCCGTCGTTCAGGGCCATCGTCGGCAACCCGTCTCCGTCCCTGAACCGCAAAAGGATGTCGCCCTCGTTCCCGTAATCGGATGTGCGGCCGCCCCCGCGCCGTCCGCAGCCAGGCCCTATGAAATCGCACGACTCCACACCGGATCCGGGACGGCTCGAGGCCTACGATTACGATCTGCCGCGGGAACGGATCGCGCAGCATCCGTCCCCCGTCCGGCACGAGTCGCGGATGATGGAGGTCCGCCGCGACCGCGACGAGTTCAGGCATCGCAGGGTCTCCGACCTCCCCGATCTTCTCGAGGCCGGAGATCTGCTGGTGTTCAACGACACACGCGTGATTCCCGCCCGCATCTTCGGGCACAAGAAAACCGGGGGACAGGTCGAGCTGCTGTTGCTCGAGGAACAGCCGTCCGGCGAATGGGAGGCGCTGCTGAAATGCTCCCGGCGGCCCGCCGCGGGAGAGGATGTGGAGTGCTGCGGGGGCGAACTCCGTGCCGCGGTGCTGGAACACGGCGAACGCGGCCGCGTACGCCTCCGCCTCCGTCATCGCCGCCCCCTGATGGAGATCCTGGAGGAGTACGGCCTGCCCCCCCTCCCGCCGTACATCGACCGCAGCGACGCGTCATCGGAACAGGTGCGGCAGGACCGCGCGCGCTACCAGACGGTCTACGCCGCCGAGCCCGGGGCCGTCGCGGCCCCTACGGCGGGGCTCCACTTCTCGCCGGAACTGCTCGACCGGCTCGAGGCCCGCGGCGTACAGCGCGCCATGGTTACGCTCCACGTGGGCCTCGGCACGTTCCGCCCCGTTACGGAGTCCCGGATCGAGCGGCATCGGATGGACGAGGAACGCTACCGGATTCCGGCGCAGACACGGGCGATGATCGCCGCGGCGCGCAACGCACAGCGACGTGTGATCGCCGTCGGATCGACGGTCGTTCGCACGCTGGAGAGCGAGGCGGACCGGCTTGACCCGGGCCCGGAGGGCTCCGCCGGAGGCGACCTGGAAGGCCGGAGCGGGCTGTTTATCTATCCCCCCTACCCCTTCCGGTCGATCGACGCCATCCTGACCAATTTTCATCTGCCCCGCTCGACCCTGCTGATGATGATGGCGGCGTTCGCCGGGCGTGAGCGCATCCTGTCGGCCTACCGCGAAGCGGTTCGCGAGCAGTACCGGTTTTACAGTTACGGCGACTGCATGCTGATTCTCTGAGTCAATGGGGGCTGGATCGGCGGCAGACCGACTGCTAGGCTGAAGCACCCGTGAAGGGATCGCCGCGCAACAAAAGGCGGACGCCGGAGGACCGAGTCCAATGACCGACAAGAAGACAGCGCTGAAGTGGTTCGCCGTGCTCCTGGTCTGCGGCTGCACGGGCGCGGCCCGGGCCCAGCTGCCCGGGGAAACCCTGCTGCTGATCAACCGCAACTCCGCGGCATCGATGAAGGTGGGGCATTTTTTCGCCCGGACCCGCAAGGTGCCCTTCGAAAACATCGTGTACCTGGACGTCCCCGCCGAGGCGGTGCAGGGCACCTACTCCATAGCCCCCGAAGAATTCACCCGGCATATCTGGGACCCCGCCCGCGCGGCGGCAGACCGGCGCGGCCTCGCCGATCACCTCCTCGCCTGGGTGTACTCGGTCGATTTCCCCATCCGGGTCACCGCCTCCCCGGATGTCTCCATCACGGGCCTGACCTTCGCCCGCAACGATCTCCCCGCGAGTGAAAAGGTGAAAAAGGGGCAGTATCTCTCGCATCTCTTCTGCGGACCGACCCCGAAAGGCGAGCGGTCCCGCCCTCCCCTTTCCTTCGCCCGCTCCGCCGCAGGGCTCGGCGACCGCATGCCGCTGCCCGCCATGATGCTGGGCCACCTCGGCCCGGGCGGAAGCACCGTGGAGCAGGTCATGGAAACCCTCCGCCGGGGAGCCCGCTCGGACGGCTCCCGTCCCGACTCCGGCATCTACTTCGTGCGCACGGATGATGAGCATCGATCCAAACCGCGCGAGTGGCAGTACGCGGCGGTCCAGACGGAACTGGCTCGGTTCGGGATCGAGGCGACGACCACGACCAACTTTCCCGCCGGCGAGGAGAACGTGATCGGGCTGCTCACCGGCGCGAAAACGGTCGATCCCGGCCGGGTGGAGTCGTTCGCCCCGGGGGCTGTCGCGGAACACCTCACGAGCTGGGCCGCGGTCTTCGAACGCCCCCAGACCAAGCTCACCGCGTGGCTCAACAACGGCGTTACCGCGTCCGCCGGTACGGTCACCGAACCGTACAACGTATGGACGAAATTCCCGCACGCCCGCCTCTTCGTGATGTACGCCGGGGGATGCACCGCGATGGAGGCCCTCTACCAGTCGATTGCGTGCCCCTTTCAGTCGCTTATCCTCGGCGAAC
NZ_CP010904.1_gap30	1335460	1335990	530	GAGGGGCGCGCCATCTGTGACGCCGTCGAGCGGTATGGACGAATCTGGCAGACGGGAAGCTGGCAGCGATCCCAGCGCAACTTCCTGATCGGGGCCGAAATGGTACACAACGGTGTTCTGGGTGAAATCCAGCGGGTGGAGGTCGGTATCCCCGGCGGCGTCCACGACAGTCCGCTCGTGCCGGTCACGCCCCCGCCGGAAGGATTCAACTACGAGCGATGGCTCGGTCCCGCCCCGTGGCGTCCCCACCGCGCGCTTGGCCGCGAGGGACGAACCATGCACTGGAACTGGCGCTGGATTCGCGATTACGGCGCGGGTTATCTCTCGGACTGGTGTCCGCACCACCTCGACATCGCCCACTGGGGCATGGGTTACGACCGGACCGGGCCGGTGAAAATCACCGAGGCCCGGGGGATCTTCCCCGAAAGGGGGCTCTTCAACACACCGGGGCAGTTCTACTTCAAGGCCCATTACGCCGATGGTCACATCATTGAAGTCGGCTGCCCGCCGGGCATGAATATGGGCACAAA
NZ_CP010904.1_gap31	1337872	1339795	1923	TGGTTTCCCTCCGCGGCCGGGAAATGATCCCCGACCTTTTCAAGGCCCTGCGAGAAGGTTCCGACCCCGTGGCGGAAACGGCCGCCCGGATCTTGCCCGAACTCCTCACCCCGTCCACGGTGCGCCCGCTGGCCCGTACCCTGGATTCGCTGCCGGACGACCGCGTCCCGATGGCGCTGGAGGTGCTTGCGCGGGTGGCGCCTGACGAAACCCTGCCGATCCTCCGTTCGATGCTGGACACAGACGAGCCGTCCTCGGCCTCTATGGCCCTGGCAATCATCGGCCGGTTCGGCGAACGTGAGGACCTCGCCCGCTGTTTTGACTGGGCGGCCCACGAGGATGAAGGGGCCTCCGGCCCGGCCCGCGAAGTCCTGAGTTATGATCATCTTCCGGGGACGGATAAGTTTCTGCTGAAGAAACTCGATCCCGACACCGCACCCGAAGATACCGCCCTGGCGATCGAACTGCTCTCCAAACGCGAACACCCCGAGCTGCTGGACCGTCTGCGCGACCCGGCCTGGTATGATGACCACATCACCGCTTCCGCGGCGTTGAACGCTCTCAAGGAACACGCGACCCGGGATGATCTCGGTCCGGTTATTCAGCTTTTCTTTGCGGTGAACAATCGCACGGCGCCCAAACTGGCGGGCGTTATTCGCAAAATTGCCCAGGAATACAAGGATCAGAAAGCCGTGCTCGACGGATACCGGCGCGCCCTGGACCATGCACGGGAAATGCATTCCACGGCCCGCATGCGGATTTTGATGCAGTTGGTCGACTATCTCGATATCCCCGCTCACCTCAAAGGCGAGGCATGGATGGCGCTCATCCGGGAGTGCGAGGACAAGGCCCTTCGCCTCGAGGCGATCCAACTGCTGGCCCGCTCGGCTCCTTCCGCGAGTGCCCTCGATTTTATCTCCGGCCTCCACGGTGACGCCGACTTGACCGCCGTCATTGAACGGGCCCACCGCTCCATTGAGAAGGCCCTCTCCGGACCGCCTGAACTCACGGCATCCCATGGGGGCGGCACCCTTAAGGCCCTCTTCACCCCCGAAACCGAGGACCGATGGACCAGCCACCAGTCGCGGGAACCGGGCATGTGGCTGCTCATCGATTTCCGGGTGCCCCGCCGGGTGGGATCGATCACCCTGGATGCGTCCGGCTCGAAAAATGATTTTCCGAATCAATATGAGGTGTATACCGACGACGAGCAGGAGGCTTCGGCCGCCCCGCGGCTGAGGGGTGAGGGATCCACGGTGACAAAAATCGATCTCGGCGGCGTGGAAACGCAGTTCGTCAAGATTGTCAACCAGTCCGAGGCCCACCAGTGGTGGTCCATTCACGACCTGCGCATCGACGGCGAATCGCTCTCCTCCATGAAGAACCACGATGCCGGGAAGTAGTATCCATCATTAACCGAAAGGGTGTGCCGATGAAGAAAAGATTTATGAGCGACTGGACCGGGAAAACCTGGGCCTTTCTCACGCTTCGCATCTGGCTGGCGATGCGCGCCATCGTCACCGGCATCGAGAAGTTTACCGGCACAAAGATTGAAGAACAGCCGCTGCTCGACGAATTCGGCGAACCCGACATCAGCGGCGCTATGGTCGAGGTCAAGACCAAGGTCTACGGATTCGAGCACTACCACGCGGTCGATCCGTCCCTGGCCGAAGCCCTGGGCAAGGAGCCCCTGCTGCCGGACTTCTTTCTCACCCCCTACTACGCCGTGCTCGGTTACGCGCTGATCGGACTGGGCCTGATGCTGCTCGTCGGACTGTTCACGCGCACGTCGCTCTTTCTGATGGGCCTTCTGTACACCTCGCTCACCTTCGGCCTCATCCTGATCCAGCAGGACGGCGGCGTGGCCTGGCTGGGCATTCACATCCTCATGATCGCCCTGGCCCTCTCCTGGGCGGACGACAA
NZ_CP010904.1_gap32	1404522	1405837	1315	TCATCAAAAGCGCCATCTCCAGACAGCGAGAGCATCTCGCCGATTCCTCGGCGATCCAGTTCACGCGCAATCCCGACGGACTGGCCGGCGCACTCAAAAAGATCGGCGGGGCCTCGTACGGCTCCCGGGTCGACCACGCACATGCGGAGGAGGCGAGTCACTTCTTTTTCGCCAACGGTCTCTCCTCCCGGATGGCGGGGCTGCTCTCGACCCACCCTCCCCTGGCGGAGCGCATCAGGAAAATCGATCCCTCGTTCGACGGCGTCTTCCCGGAAGTACAGGTTGAATCGGCCCCGTCCTACGTGGAGGGGGTGTCCGGCCTGGCCGGCGAAATCGCGCAGGAAAAGCAGCGCGCGAAGCTGGCGGTCGCCCCGGCGGCGATGGTCTACGGCGTCGGCACGCCCCGGCCGGAACACGTGGAGTATGCCCGCGAGCTGATCGCCTCGCTGCCCGAGTCGCTGTCCGCGGCGGCCCGCGAACCGTTCGGCGCCCGCGCGGTGCTGTACGCCCTTCTGCTCAACGACGAATCCGGCGCCCGGGACAAGCAGATGGACCGCCTGGCCCGGCACGCCGATCCCGCCGTTTTCGAGGAGACGCGCCGTCTCGCCGACGCGGCGGCGAGCCTCGAAGCCGAACATCGTCTGCCGCTGGCGGACCTCGCCATCGCCTCCCTGAAAGAACTGTCCCCGGCGCAGTTCCGCGACTTCCGGGATAACATCCGGCATCTCATCCACGCCGACGAGGCGGTCGATCTGTTTGAATACACGCTTTCGCGCATGATCCTGCGCCACCTCAAGCCGAAGTTCGAAAAGGTCGAAAAACGGACGGTCAAGTGGCACGGAATCCGGCCGCTGCTCCCGGATATCGCCGCCCTGCTCTCCTGCCTCGCCTGCTGGGGGGCCGACTCCCGGGAAGACGCGGAGGCGGCCTTTGAAACCGCGGCGGGGCAGTTGAAAGAAGACGGGCTGGACATGGCCGCCCCCGATCAATGCGGCCTGGACCCGCTCGACCGCGCCCTCGACCGGCTGCGCCTCGCCGCGCCCCCAATCAAGAAACGCGTACTCGCCGCCTGTATCGCCTGTGTCGCCGCCGACGGCACCGTGACGCACGAAGAGGCGGAACTGCTGCGCGCGGTCGCCGACTCGCTCGAATGTCCCGTTCCGCCGCTGCTTCCGGGAGAATCGCTGAACGGGGCGGGCTGATCCGCATCATACAGTCCCCCTCCCCGCGGATGGCCGATGAGCGTGTGGCCGACTCCCGACTTCCTGAGTTCCACATGGGGACCCCCGGGGGAATATCGTACGCGTACTCAGCG
NZ_CP010904.1_gap33	1492834	1496987	4153	TCAACCCACCGGCGCGCGACGTCCGTGCGCGGAGCCTTGTCATGCCGCCGCAGCACACGCTCGACATCATGCTGCTCATCGCCGTCAAGTACCCCCGCACACCGGAACAGAAGCGTGTCCCCGCTGAACGGCGGTTCGCCCGTAAAGCGCAGCGCAGGAAGTGTGGATGCCAGGTAAACGTGAGCCATCGTCAGCCGTCGTCCCCCGCAGGCCCCTGCGCCCCGGAAGCGCCGTCGCCGCCGGACAGGCTCTCTTTCACCGCTTCATTAACCAGTTCCTGCAGGTGCGGACGCAGGAAAGCGGAGAGCGATTCGACGATCTCCGTTTCCGTGAAGTCGCGCCGCACGTCGCCGTCCCGGGCCGAAACGCGGAACCCCTTGAGCAGTTCGTGGTCGGTCCGCAGTTCCACTCCCTCGCGCACCTTCGCCCACGCGTCCGCGGCCAGGTGGCGGCTGAGGCGCTCGCGGTCGTCCTCGTTGAGATATACCTCCAGCGGCTGATCGCCGCTCTCCGCGATCCGGCGGAGCATGTCGGCCATCACTTCCTCGTCGAATCCCGCGCCGACGCGCTCGCGCAGAACTGTCCGTACGACATGCTCCACGCCCCCGCCTACCGTGAGCAAAAGATCCCGCGCCGCCTGCCGCAGAGACTGCCGGCTTCGCTGTTCATACTGCGCCGCCTCGCGGCGCGCGTCGCTGATGATCTGCTCGGCCTTCGAGCGGGCCTCGCCGACCGTTTCCTCCGCCTCCCTGCGCGCACGCTCCAGCCGCTCCTCCGCCTCGCGGTCCGCCTTCTCCACACCCTCGCTGCGGATTCGATCAATCAACTGCTGCAGTTCTTCCGCCATCGTTCCGTCTCCCCGGTTTCGCGCCGAACTAGATTCAGGCTTTATCGCATGCCCCGCCGCTCAATTCAAGAACCGCCCATTCTCGACTTCATCACGCCCCGGTCAAACGAAAAGATTCACTCACTTTCAATCATAAATGAGCATTTTGTTTCACCGCAGACTTGCGCCTGTCCGGAGGTCAGGTAAAGTCGCGATCTGGACTCGGGCGGCAACAGGGACGGCGGCGTCCCGGAGACAGACCGCGGACGCAGACAGGTTCATTGAGCACGGGAAGGTGTCATGACGGAAACGACGGTTGAAACCATGGAAGAGCGGCTGAACGATTTCGATCCGCAGGTTCGTGAGCAGGCGCTGAAGGAACTTCGGGACAAGCTGGATCGCGGCGAGCTGAGTGCGGAACCGGACCGGGGCCGGGTCAATCTTCACATGCACAGCTTTCATTCCTACAACGCGTGCGGGTGGTCGCCCTCCGCCCTCGCCTGGCAGGCGCGGAAGCGGGGACTGCACGAGATCGCGAAAATCGAATTCGATGTGCTGGACGGCATGGAGGAGTTCGAGCGCGCCTGTGCGGCGATGAAGCTGAGGCGTTTCTCCGGGCTGGAGACCCGCGTGTACATGGAGCGTTACGACGGCACCGAGATCAATTCCCCGGGCGAACCCGGGATCGCCTATCATCTCGGTCTGGGATTCCCCTCCCCCGAACCTCCCGCCGCACAGGCGCCGTTTCTCCGCGATCTGCGGGCCAAAGCCGAACAGCGCACGCGCGGGATCATGGAACGGGTCAACCGCCACCTGCAGCGCGTCACGCTGGACTACGAACGCGACGTCCGACCGCTCACGCCTTCGGGCAACGCCACCGAGCGCCACCTGTGCCTCGCCTACGCCCGCAAGGCGGCGGAGTGTTTTTCCGCGGAAGAACTGGCCCGCTTCTGGAGCGGGGTGCTGGGCGTCGACGCGGAGGCGCTCGAACTCCCCGACGGGGTAACTCTGCAGAAGACGATCCGCTCGAAACTGATGAAGCGCGGCGGACCGGGCTATGTCGACCCCGACCCCGCGGCGTTCCCTGCGCTGCAGGAGTTCAACGCGTTCGTACGGGGATGCGGCGCGGTGCCGGCGGTCGCCTGGCTGAACGGCCGCAGCGGTGCCGAGGCGGATCCCGGGGCCCTCCTCGATGCCGCCGTCGAGGACGGCGCGGAGGCGGTCAATCTCGTGCCCGACCGCAACTTCACGCCCGGCGTGGACGACGATCTGGTGAAAAACCTGTACGCCTTTGTCGATGCGGCCCGCGCGCGCGACCTGCCCGTCGTGGCCGGAACGGAGATGAACAGCCCCGGCAACAAGGTGGTGGACGATTTCGACAGCGCGGAACTCGCACCGCTGCTGCCGCTGTTCCGTGAGGGCGGACACATTTTCTACGCGCACAGCGTGCTGGAGCGCGAGGCGGGGCTCGGGATGCTGAGCGACTGGGCGGTGCGCGCTTTCGGCGGAGACCGGGCCGCCCGCAACGCCTTCTATGCCGACCTGGGCGAAAAACTTTCTCCGGACGCCTCCGGTCTTTTTTCCGATCTCGATGAGCGGGCCGAACCGGCCCGCCTACTTGAACGCGTTGTCTGACCCACACCCACAGGAGACTGCCATGGCCGATCTTCCCGAAACCCAGAATGCCGTTCAGCTCACCGGTCCCGACGAGCTGGTGCTGAATCATGAAAAGCCCGTCCACCGCCCCGGACCGCATCAGATCGTCGGCCGGGTGCGCGTAGTGGGCCTCTGTTTTTCCGACCTCAAGCTGCTCAAGCAGTTCGACAAGCACGTACGCAAGTCGGAAGTCGTCGAGGGCATCGATCCGGCGGTGCTGGCGGAGAATCCCGCCTACGTGCCCGGCGACAAGCCCGCGGTGCCCGGCCACGAGCCGGTGATTGAAGTACTGGAGGTGGGGAGCGAGGTATCCGGGGTCCGGCCCGGCGAACGGTATGTGATTCAGGCCGACTGGCGCTGGCTCCGCACCGGGCAGTCCAACGGCGCGTTCGGCTATAATTTCGAGGGCGCGCTGCAGGAGTACGTGCTTCTCGATCAGCGTCTGCTGCGATCGCCGGAAGGCGATTCGATGCTCCTCCCGGCCACGCCGTCCGACTATTCCGATTCCGCCTTCGCCCTCGTGGAACCCTGGGCCTGCGTGGAGATCTCGTACCGGGAGCGTCAGCGGCGCCGGATGCACGCCGGCGGCCGGGCGCTGGTGGTCTGCGGCCGGGACCGGGACCCCGGCGATCTGGACGCGTTCTTCGAGCACTACGGTCGCCCGGAGGAAATCGTCCGGGTGGAGAACCGGGACGCGCTCGAAAAGCTCGAAGACGGCGGGTTTGACGATCTTCTCTACTTCGGCGCGGACGCGGAGCTGGTGCCGCTTCTCTTCGACAAAGCCCGCAAAGACGCGCTGATTCTCATCGTTCAGTGCGGCGAAAAATTCGGTGCGCCGGTGAAGACGGCGGTCGGGGCCGTGCATTACCGGGGCCTGCGCCTGGCGGGCACCCCCGGATCCGATCCCGCGGAGGCGCTCGCAGCGATCCCGGAGAATGGAGAGCCGCCGGCCAGGGCCCGCGCACGCATCGTCGGCGCCGCCGGGCCGATGGGGACGATGCACGTCGTGCGCCTGCTGAGCATGGGGGAAGAGGTCACCGTTCACGCGGAAGACCTCGAGCGGGAGCGCCTGGACGCGCTGACGAAAGTGGCCGCGCCGGTGGCGGAAGAACGCGGCAACCGCTTCGAAGCCTACAATCCCCGCGAGGAGGATCGCGGAGCGGAGACCGAATACGAACTCCAGGTAACGACGGTCCCCGTGCCCGCCCTGGTCGAGGAGGCCGTCCAGAAGGCGGCCCGCGGAGGTCTCATCAATATCTTCGCCGGCATACCGGCGGACAAATCCGGCCAAATCGACCTGGACCGCTACATCGAGCGCGGCCTCTACTTCATCGGCACCAGCGGGTCCGAAATGGAGGACATGCGCGCGGTGCTCGATCATGTGGCGGAAGGTCGGCTCGACACCAACACCTCGGTGGCCGCGGTCTGCGGACTGGACGGGGCGATCGACGGTATTCGGGCGGTCGAGCACCGCACGATCGCCGGCAAGATCATGGTCTATCCCGCCTGTCGCGGCATGCAACTGACGCCGCTCGAACAACTCGACCGCGTCTCGCCCGAGGCCGCGAAGGCGCTTCAGGGCGGCGTGTGGAACCGGGAGGCGGAAGAGGCTCTGATCCGTACGTTTGAAGGATAATCACGCTCCGGTTCGGCGGGCGCAGCCCGCGACCG
NZ_CP010904.1_gap34	1508016	1510977	2961	CGAGAAGTCGAGTCCGCGGGCCTTCCAGAATCCGATCGCGCGATTCATCGCGAGCAGGTCGGAGCGCCCGACCATGGCATCCATCGTCCGGAACCCGAGCTGCGCCATCAGCTCGCGCACCTCTTCGGCGACCATCAGCAGGAAGTTCACCACGTGTTCCGGCCGTCCGGTGTACCGCCGGCGGAGTTCGGGGTCCTGGGTCGCGATCCCGACCGGGCAGGTATTGTTATGGCACTTGCGCATCATCACGCAGCCGCAGACGATCAGCGCCGCGGTCGCGAAGCCGAACTCCTCGGCGCCGAGCAGCGCGCCGACCACCACGTCGCGCCCCGTCTTCATCTGACCGTCCACCTGCAGGCGGACCCGGCTGCGCAGCTCGTTGGCGACCAGCGTCTGCTGCGTCTCCGCCAGTCCGAGTTCCCACGGCATGCCGGTGTGTTTGATCGACGAAAGCGGCGAGGCGCCCGTGCCGCCGTCGTAACCGCTGATCAGGATCATGTCCGCGTGCCCCTTGGCCACGCCCGCCGCGACGGTCCCCACCCCGACCTCCGAGACCAGCTTCACCGAGACGCGCGCCTCGTCGTTGGCATTCTTGAGGTCATAGATGAGCTGGGCGATATCCTCGATCGAATAGATATCGTGATGCGGCGGGGGTGAGATCAGCGTCACGCCGGGCGTGGAGTGGCGTACGCGGGCGATCTCCCCGTTGACCTTATGGCCCGGGAGCTGGCCGCCCTCGCCGGGCTTGGCCCCCTGGGCGATCTTGATCTGGAGTTCGCGGGCGTGGACCAGGTACTCGGCGGTGACGCCGAAGCGGCCGGAGGCGATCTGTTTGATGGCGCTGCAGCGGCTGTCGCCGCCGGGCAGGGGCTCGTAGCGGGCGGGATCCTCTCCGCCCTCCCCGCTGTTGCTCATGCCGCCGAGACGGTTCATGGCGACCGCGAGCGTCTCGTGCGCCTCGCGGCTGATCGAGCCGAAGGACATCGCGCCGGTCACGAAGCGCCGCGCGATCTCCGCGGCCGGTTCGACCTCCTCGAGCGCCACCGGCGCCGTTTCCCGGAAGGAGAAGAGTCCGCGCAGTGTACTCTGGTGCTCCGTCTGATCGTTGATGCGCCGGGCGTACTCGCGATAGAGGCCGGGGTCGTTCTCGCGCGCGGCGCGCTGGAGCAGCGAGATCGTCTCCGGCGTCCAGAGGTGGCGTTCGCCGTCGTTGCGGTAGCGGTACTGACCGCCCGCCGGCAGGATGTTCGCCGCGCGCGGGTGCGGCGCGAAGGCCGCGCGGTGACGCTCGTTCGCCTCGCGCGCGATCTCGTCGAGCCCGATCCCTTCGATGCGCGAGGGGGTCCCCGTGAAAAATCGGTCGATGACCCGTTGATTCAGACCGACGGCCTCGAAGATCTGCGCGCTGCGATAGCTGCGCAGCGTCGAGATGCCCTGTTTCGACATGATCTTCATCAGGCCCTTGCAGTTCGCCTTGATGTAGTGCTCCAGGGCCTTGCAGACGCCGCAGTCGCGGCTGAGATCGCCGCGGCGGGCCATCTGCGCCACCGACTCGAACGCCAGCCAGGGGTTGATCGCCGACGCCCCGTAACCGAGAAGCAGCGCCATATGCATCACTTCGCGCGCCTCGCCGGTTTCGACCAGGACACTGATGCTGGTACGCAGACCGCGCTCGACGAGGTGGCGGTTCACGGCGGCCACGGCCAGCAGCGCCGGGATCGGGGCCCGGTCGGCATCCGCGTCGCGGTCGCTGAGTACGAGGATGCGGTGGCCGGCGCGTACGGAGGTCTCGGCGTGGGCGCAGAGCGTCTCGATCGCCTCCTCGAGCACCTCGCCTTCCCCGCCGGCGGGAAAGAGCATCGGAAGGGTCACGCAGCGGAAGTCCGGAAGATTCAGCGAGCGGATGCGCTCCAGGTCCTCGTTGGAGAGGATCGGATGATCCAGCTTGACCAGCCGCGCATGCTGCGGGACCTCGGTCAGGATCTGATCCGGATTGCCGATGAAGGTCATCAGCGACATCACCAGTTCCTCGCGAATCGGGTCGATCGGCGGGTTGGTGACCTGCGCGAAGAGCTGCTTGAAATACCAGTAGAGGAGCTGCGGTTTTTCGGACAGCACCGCCAGCGGCTGGTCCGATCCCATCGAGCCGACCGGTTCATGGGCGCTCGAGGCCATGCCCGCGAGCAGGAGCTGGAGGTCCTCGCGCGTGTAACCGAAGATCTTCTGGCGCTGAAGGATCGTGGCCGCATCCGTCTCGACCGGGGCGACCGCGCCGAAGAACCCGTGGATCCGGATCTTGTTCTCCTCCACCCAGCGGCGGTAGGGCCGCCGGTGCGCCAAGTGCATCTTGATCTCGAAATCGGTGAGGATCCGCTGTTCGTCGAGGTCGAGGAGCATCATCTGGCCCGGGCGCAGCGCCCCGCGCTCGGCGACCTCTTCGATCGGGATATCGAGCACGCCCGCCTCCGAGGCGAAGACCACGAAGCCGTCCTTGGTGACCGTGTACCGCGCGGGACGCAGGCCGTTGCGGTCCAGCGATGCGCCGACGTAGCGTCCGTCGGTGAACGCCACCGCCGCCGGGCCGTCCCACGGCTCCATCAGCCCGGCGTGATATTCAAAGAAGCCGCGCAGATCCGGGCCGAGCGGGTACTTCTCGCCCCACGCCTGGGGGATCATCATCATGAGAGCGTGATGGACGTCGCGTCCGCCCTGCGTGAGCAGTTCGACCACGTTGTCGAGGCTCGCCGAATCGCTGCCGCCCTCCTCGATGACCGGAGCGAGTTTGCGGATATCCCGCCCGAAGAGATCCGACTCGAGGTTGCGTTCGCGCGACCGCATCCAGTTGCGGTTGCCGCGCAGCGTATTGATCTCGCCGTTGTGCGCGAGGTAGCGGAACGGCTGAGCGAGCGGCCAGGAGGGGAACGTGTTGGTGCTGTACCGCTGGTGGACCACCGCGACCGC
NZ_CP010904.1_gap35	1516847	1520961	4114	AAAACATCTCCTGCTGCAGACGGTTCAACTTGTCCAAGGACTTCAAGGACGCTATTGTCACTCATGGCGGTCTCCTTTCGGGTTGGTTTGCCCCGAGCGTCCAACATGGACGCTCAGGAGACCGCCTTCAAGTTTCAACAGTCAACGGGACACTTCCGGGATGGGAGACGACAACCGTTTGTAGTAGCGCCGTAAGCCTGCCCCCGGCAGGCCAGGCGCGTGAAGATAACGGCCCTGGCCCCGCTGCGCGGACCTGCGGGCCTACTACGAGCGTAAGATAGCGCGCACGATCTCTTTGCCTGTGCTCTTCTCATTCATCTTTGCGATCTCTGCGCCTTTGCGAGAGTCGTGTCTTGTGTTTTCGACCACGGATTACCGATGATACGGATGGGATCTCGCCTTCGGCGCTCCGAGTACGTGTACGAGTACCGCTGCGCTGAGTACGCGTACGGGTACGTTGCGGGGTTGTTCGCCTGTCCGTCTTCCCGGAGAGGCTCCGGATCATCGGGCACCCCGTTTTTTTGCGGCGGTTCTACCGGACAGCAGAACCGCCCTACCCTCACGCCCTGGTTCGGCCTGCGCCTCCTGGGCAGGGCGCACCCCACCGCGGTTCACTGAAATCCCGATCACTTTTCATCAAAACGGCGCCAAGGACTGGACATTACTAATATAGTATAGTACATATTAGATATGTGGGAAGTATTTGAACATCGGAACCTGGTCAGAAAGCTTCCGCGCATCCCGGCGGAAATTTTGAAACGGTACGAAAAATGGAAGGACATCGTGACCATTTCGGGACCCGAGGGCCTTCGCCGGATCGAGGGATTTCATGACGAAGCCCTGCGAGGTGAATGGAAAGGACATCGATCGTCGCGGCTCGGCAAACAGTACCGGGTAATTTACAGAATCGAACATCAGCAGTTGCACGTAAAGGTCATTAACATGACAGCCCATGATTACCGGAGGAGGTGAAATGAAGGATTATCGCAAAGCCAGAAAAACCGTGGATGTTTCCGTCGGGGAGTCGGTCCGCATCATGCGGGAATTGCAGGAACTCAGCCAGACCGATCTGGCCGAACTTACGGGGATCCCTCAGTCAACCCTGTCGGGGATCGAGAACAATCGGATCAACCTCGGGGTGGAACGCGCTAAGACCCTTGCCCGGGCCCTCCGGTGTCACCCGGCCGTGCTGGTCTTTCCCGGATGGGATATCAAAGACCGGCCAGCCGCCTGACCGGACCGGGAGGGGATCCGTCGCTGTCCAGGGCGCTTGCGCTTGCGGCGCGGTGGAAGCGTGCGGTCGCGGTGAAGGGGGTAGTTCTCGATGATTTGCTCCCCCGGGGTCTCTTCGCGGATCGTCCATTTGGCAAACGCGATCGAATAGTCTCTCAGCATACCGCGATGCTACAGGGGGATCACCCAGTCCAATGTAGGCCGTTTCAACGTTGTGACAAATTCTGTTTTCATGGCGCAGTGATGCTATAGCGCCACTTTTGATTCAAGTCATTCTCTTGCTCCCGGCGTCACACCCGGGGGTTGCCTGAGTTCGTACGCGCACTCCCAGCGCCGAAGACGGTGGTCCTGCTGCGCCGAGTACGATCAGAAGTCTACACGCGTTCGCGTTCGACGTAGTGCGTGTGCAGGAGGTGGTGGGAGCGTTCGCCGAGCGGTTCGCTGAAGTACTCCTCGTAGATTTTGAGGATGTCGGGGTTCTCGTGCGACTTGCGGAGCGTCTTGCTCTCGTCCTCGTCGTAGATCGCCCGGATGCGCTTTTGGCGCACGGTGTCATCGGTGATACGCGGCTGTCCGCCGCCGCCGATGCAGCCGCCCGGACAGGTCATCACCTCGACGAAGTGATAGCTCGCTTCGCCGCTGCGGATCTTCTCGACCAGCTTACGCGCGTTGCCGAGCCCGTGCGCGACGGCCACGTTCACTTCCACCCCGTCGAGGAACGACCACTCCGCGGTCGGATTTTCGATGGTCACCGCGGCTTCCTTCACGCCGTCGAGACTCTCGATCGGCTTCACGTGCAGGTCCTCGAACGGAAGTTCGCGGCCGGTGATCACTTCGTACGCCGTGCGCAGTGCGGCTTCCATGACGCCGCCGGTGTTGGCGAAGATATCCGCCGCCCCGGAACCGGTACCCAGCGGCGTATCCATCTCGCCGTCGGGCAGCGAGTCGAAATCGAGTCCGGCCTGCTGGATCATCCGCCCCAGCTCGCGCGTGGTCAGCACGACATCCACGTCCTGCGTGCCGCTGTCGTTCATCTCCGGGCGCCCGGCCTCGTACTTCTTGGCCGTGCAGGGCATGATCGAGACGCTGACGATATCCTCGGGCCGTTTCCCGATCTTTTCGGCGTAATACGTCTTGATGACCGCCCCCATCATCTGCTGCGGCGACTTGCACGTCGAGACGTTGGGCAGCATATCCGGGTAGAAGTATTCCATGAACTTGATCCAGCCCGGCGAGCAGCTCGTGAACTGCGGCAGCGCGACATCCGGTTCGCCGTCGACCAGCGCCTTCTTCAGGCGGCTGAGCAGCTCGTGCCCTTCCTCCATGATCGTCAGGTCCGCGGTGAATTCCGTATCGAAGACGGCATCGAAGCCCATCTGCCGGAGCGCGGTGGTCATTTTGCCCGTGACCCGGGTTCCGGGTTCGTAGTCGAAGCATTCCCCGAGCGCCGCGCGGATCGCCGGGGCGGTCTGGACGACCACGGTCTTTTCCGGATCGTCGAGCGCGGCCCAGACCTCGTCCGTCTGATCGCGCTCCGAGATCGCGCCCACGGGACAGACCGCCGCACACTGGCCGCACTGGACGCAGGTCACGGTGTCGAGATCCTGGGCGAACGCGGGTCCGATGGTGGTATGGAATCCACGCCCCTGGGGAAACAGGGCCGAGATGCCCTGCACTTCGTTGCAGATGGTCACGCAGCGGCGGCACATGATGCACTTGGCCGAATCGCGGACGAGTCCGGGCGTGCTGTGGTCCTGGCCGCGCAGCGCCTTTTCACCCGTGTACTGCAGTTCGCGGATGCCGAGGTCGCGGGCGAGGGTCTGCAGCTCACAGTCCTCGTTCCGGTCGCAGGTCTGGCAGTCGCCCTCGTGCTCGGAGAGCAGCAGTTCCACAACCGTGCGGCGCGCCTCCCGGACGCGACGGTTATTGGTGAAGATCTTCATGCCGTCTTTGACGTGCGTCACGCAGGAGGCGACGAGATCCTTGATGCCTTCGATCTCCACCAGGCAGACGCGGCAGGCGCCGATCGCCTGCACGTTCTCCAGATAGCAGAGCGTGGGGATCTTCAGCCCGACGGACTGCGCGGCGTTCAGGATCGTCGTGCCTTCCGGCACCTCCACAGCTTGATCGTTAATCCAGCATTTCGGCATGTCGGCCTCCGTCGGGGTTCCGGTGTTCTGTTCTGGGTGCCGGGCGGCGCGCTCGGAGATCGCGCCCTACCTTTCTGCGGCGCGCCCGGGTCTCGTACCCTGTCCGCAACTCTCTCTAATTCTTACTCAGGTTTCAGGTCTCAGCCTTCTCACTCGATCACATCCCCCGCTCACCACGTATGCTGTTTCTCCCGGTAATCGCAGCGCAGGCAGCGGCGCGCCTGGCGGCGGGCGACCGGTTCGGTCCACGGCTGTTCGACTTCGTCGAAGTTGTTCCGCCGCCGTTCGACGGGGATCAGCGGGATGGGTTCGCGATCGTCCGGGATCGGGTCGGCGTCCGGATCGAACTCCGTATCGTTATCGACCTCTTCGCGCCAGAAGGCGTGGTTCTTGCCGGTGAGCATCGTATCGATACCAACCGCGGCCTTTTCGCCCGCGGCCACGGCTTCGACCACGGATGCCGGGCCGGTGGCGGCATCGCCGCCGGCGAAGATCCACTCCTCCGAGGTCTGGCCGGTGACCGGATTGATCCGGAGGTAGCCCTTCGACTGGAGTGCGACGTCCTGCCCGTCCAGCACGGCGCCGGCATCGAGCTTCTGGCCGATCGCGGCGATCACCTGGTCGGCGGGGATCACGAAGGTCTCGTCGGAGGCCTCCGGGCGGCGGCGGCCGGAGCGGTCGAACGCGCCGAGCGTCATCCGCTTGCAGCGCACGCCGCTGACGGCCCCGTC
NZ_CP010904.1_gap36	1522829	1527717	4888	GGATGCTGCGATCCATGAACGCGCCCGGGTCGCCTTCGTCCGCGTTGCAGACGACGCTCTTGGGCGTCTCGCTCGACTGCCGCGTCAGCTTCCACTTCAGGCCGGTGGGGAAGCCGCCTCCCCCGCGTCCCCGCAGGCCGGACTGCTCCACGTAATCGACCAGCGTATCGGGATCGAGTTCGGTAAGCGCGCGCGCCAGGCCGCGGTAGCCGTCGGCGGCGATGTAGTCGTCGATCTCGTGCGGATCGACGATGCCGCAGTTGCGGAGCACCAGCTTGTGCTGCTTGCGAAAATAATCGATGCGGTCCATTTCGGGGACCGGCTTCCCGGTACCGCCCTCGCGGTAGAGCAGGCGCGTGACCACCTCGCCCCGGACGATATGCGTGGCGATGATCTCCTCGGCGTCTTCGGGATTGAGCTTCTGGTAGAACACCCCGTCGGGCATGACCTTGGCCACCGGTCCGGCCGCGCAGGGCCCCATGCAGCCGGTCCGGATGATCCGGACCTTCTCCTGCACGCCGTGCCGTTCCACGGCCTCTTCGAGCGCCCTGCAGATCTCGAGCGCCCCGGAGGCCAGGCAGCCGCCCCCCACGCAGACGAGCACCTGGATCGGGCTTCCGCCGTGAATCTTTTCTTCCTCTCCGCCGCGCCGGAGCCCCAGGGCGGGACCGCGCTCGCGCTTCACTGCTTCAAGGTCGTCGATAGTCCGGATCGTTCTCATCACTGGGATTCCTCCGACTTACGGTACGGGTCGAGCATCTGACGGACGCGGGCCGGCTTCACGCGCTGGTGCACGTCGTCGTCGATCATCACCGCCGGGGCGAGCCCGCAGGCCCCGAAACAGCGCGCGATCTCCAGCGTGAACTGTCGATTCTCCGTGGTCTCGCCCACCTCCACGCCCAGCTCCTTCTTGAGCGCCTCCAGCACCTGCTTTCCCCCGCGGACGTAGCAGGCCGTGCCCAGGCAGACGCGGATCACATGCTCGCCGCGCGGCTGGGTGGAAAAATAGGAGTAGAACCCGATGACACCCGCGACCTCGCTGTACGGCCGGTCCAGCCCGCGGCTCACGCGCTTGATGACGTCCTCGGGAAGATAGCCGAACAACTCCTGCGCCTGCTGCAGAACCGGAATCAGCCCCCCGGGCACCGATCGATACCGGTCGAGCAGTTCGTCCAGCTCCGCAAAATGCTCCGCGGAACATTCCCCACCGCAACATGTGTTTTCTTCAATCCCGGAACAAATCATAGGAGCCTCCAAATAACATCATTCACAAAACATAAAAACTTCCTGATCTGCAAATTTTGATATTAAAAACACATCTTACGGTAACAGACAACATAATTAAGACAATAGGGGTTTTTTATTTTAAACTATTTGGCCGCAATAAGTTATGTCTTTTTCTTCTCGCCCGCGCGCCCGAAAACGTTACAATTCGGCGAAATATTCTACTGAGCGGCTGATTGTTCGACCTCAGCGGCGTTTTAAGGAGGAGCGGATGGCAAAAATACTGGTGGTGGACGACGATCCGGACGTAGTGGAGGCGGTAACGCTGGTGTTGGGGTCGGAGGGACACGAGACGGCCACGGCGAACAACCGCGGCGACGGCATGGTGGCGGTGAAGTCGTTTAATCCTGAGCTGCTGGTACTGGATGTGATGATGGAGCAGCAGGATGACGGGTTCACGATGGCGCAGGAGCTGCGTCGCAACGGGTTTGACCGTCCCATCCTGATGCTCACAAGTCTCGGCAAGGTCACGGGGCTGGATTACGGGAGGGATGAGTCGGTGGTGCCCGTGGATGCGTTCATGGAGAAGCCGGTGGAGCCGGGCGCGCTGGTGGAGCGGGTCAACGAACTGCTTGCGGCGAAGGAGGGTTGAACGATGCTCAGGTCCGAACAGGAACAATTGCGCAAGAATATCGAGCAGTGGGTGGAGCAGTACGGCCGCGACCGCAGTGCGCTGCTCCCCGTGCTGAAGAAGGTGCAGCATGATTACGGGCACATCTCCGAATACGTGATGCAGGTGATCGCGGACATCCTGGACATCCACCCGGTCGAGGTGCACGGGGTGGTGTCCTTCTACAGTTTTCTCGGCCAGCGCCAGAAGGGGCGCTATGTGATCCGCCTCTGCCGCACGATCTCGTGCGACATGCAGGGCAAGGACCGCGTCGCCCGGCAGCTCCGCAACGATCTGGGCATCGAGTTCGGCGAGATGACCCCGGACGGCCACTTCACGCTGGAGTGGGCGAACTGCCTGGGGATGTGCGACGAGGGTCCCGCGATGCTGGTGAACGACCGCATCTACACCCGCGTCACGCCGGAGCGGATCCACGACATTCTCGAGGAGTGCCGCAAATCGTTCGGCGTCTATCCCACCCCTATGAAGGAGGCGGAACCGGCATGAAGGCGAATCCCAACAAACTGACGTTTGCATCGATCGAGACGAATCGGGGGCTGGAGGCGGCGCTGGGCGGCGAGCGTGCGGACGCGATCGGACGCGTATCCCATTCGGGGCTCAAGGGGCGCGGCGGCGCCGGCTTCCCCACGGGCGTCAAATGGAACCTGGCCGCGGCGGCGCAGAGCGATCAGAAGTACGTGGTCTGCAATGCGGACGAAGGCGAACCGGGTACGTTCAAGGACCGCGCGATTCTCACCGACTACGCGGACCTGGTATTCGAGGGCATGACGATCGGGGGCTACGCGATCGGGGCCACCAGAGGGATTCTGTACCTGCGCGAGGAATACACCTACCTGCGGCGGCGGCTCGAAAGCGTGCTCGCGCGCCGGCGGAAAGAGGGCTGGCTCGGCGAGGGCATCGGCAAGCGCGGGGATTTTCACTTCGACATCGAGATCCGGATGGGCGCCGGGGCCTACATCTGCGGCGAGGAGACCGCGCTGATCGAGTCGCTGGAGGGCTACCGCGGCGAGGCGCGCAACCGCCCGCCCTTCCCCGTCGACACGGGCTTCAAAAACCACCCGACCATCGTCAACAACGTGGAGACCTTCGCCTGGATCTCGTGCATCTTCGTCAAGGGCGAGGACTGGTTCAAGAAGCTCGGCACGGAGAAGTCGAGCGGTCTGAAGCTGCTCAGCGTCTCCGGCGACTGCGCGCAGCCGGGCGTCTACGAGGTGCCGCTGGGCGTGACCGTGGCCGATCTGCTCGAGCTGGTAGGAGGCGAGGACGCGAAGGCGGTGCAGATCGGGGGCGCCTCCGGAAACTGCATCCCCGCCTCGGAATTCGAGCGGACCATCGCCTTTGAAGACGTGCCCACCGGGGGATCCATCATCGTCTTCGGCCCCGGGCGGGACATGCTGACCGTCGCCAAGAACTTCATGGAGTTCTTTGTCGACGAATCCTGCGGCCAGTGCACGCCCTGCCGCGAGGGCAACGTGAAACTGCTCGAAGGCATCGAGATGCTCGAACAGGGCACCTGCTCGATGCACTACCTCCGCGAGCTGTGCGCGCTGGGCGAGACGATGCAGCTCGCCTCGAAGTGCGGACTGGGGCAGTCGAGCCCCAATGCGTTCCTCTCGATCGTCGAACACTTCAAGGATGAAATCATGGGGCGCCGGCCCGAAGCCGCCGCCGTGCAAGGAGCGTAATCCATGGACAAGAAGATGGCCGAAGAAACGTCGCGCGCGCCCCGCAGCCAGTGTCTGGACCGGATCGAACAGCCGGACAATCCCGACGCGATCGGGGCCCAGGTCACGATCACGGTCGACGACCAGGAGATCAAGGTGCCGCTGGGCACCACGATCCTGGAAGCCGCCCGCGAACTGGGCATCCGCATCCCCACCCTCTGCTACCACGAGGACCTGTGCGTCGCCGGCGTCTGCCGGGTCTGCGTGGTGGAGGTCGAGGAGGAGCGCACCCTGCAGGCGTCCTGCTCCTACCCGGTCACCCGCCCGATCACGGTGCGGACCCATACGCGCAAGGTGCGGCAGGCGCGGCGACATATCCTCGACCTGCTGCTCTCCCGGCACTACGGCGAATGCTACGCCTGCTTCCGCAACAACAACTGCGAGCTGCAGGCGCTCGCCAAGGAGTACGGGGTCGATTTCTTCCGCTTCGGCCACCCGGAAAAACCGCGCTACGAGGTCGACCGCTCCAGCCACTCGGTCGTCCGCGACATGGACAAGTGCATCCTCTGCCGCCGCTGCGTACGTACCTGCATCGACCTGCAGGAAACCGGTGTGCTCGAGGTGGCCGGGCGCAGCTTCGAGTCAAAAGTGGTCACGTTCGGCGACAAGCCGCTGGCCGAGGTCGTCTGCATCAACTGCGGCCAGTGCATCAACCGCTGCCCCACCGGCGCGCTGCGCGCCAACGACCCGACCGACGAGGTCTGGGCGGCGATCGACGACCCGACCAAACACGTCGTCATCCAGACGGCGCCGAGCCCGCGGGCGGGGATCGGCGAGTGCTTCGGACTCGAACCGGGGCACTGCCTGACGTTCGAGATGAATACGGCGCTGCGGATGTGCGGGTTCGACAAGGTGTTCGACACGAACTTCACCGCGGACCTGACCATCCTGGAAGAGGGCACGGAGCTTATCCGGAGGCTCTACGGGGCGCTGGTCGAGCAGGATGAGAACGTCGCCCTGCCCCAGTTCACGAGCTGCTCGCCGGGCTGGGTCAAGTATATTGAACACTTCTACCCGGAGTACCTGGACCACGTCTCGACCGCAAAGAGCCCGCAGCAGATGTTCGGCTCGGTGATCAAGACCTACTACGCGCAAAAGGCGGGGATCGATCCCGAGAACATCGTGACGGTGGCGCTGATGCCCTGCGCGGCGAAAAAGTTCGAGTGCAACCGTCCGGAGATGTGCGACAGCGGGCACAAAGACATCGATTACGGCCTGACGACGCGCGAACTGGCGCAGATGATCAGCG
NZ_CP010904.1_gap37	1626365	1630623	4258	GGTGGAGCCGTTCGGGGAAGAGGCGGGATGGGGATTCACCACAGCGGTCACAGAGGATGCCGGGGTCGGGATGGGAGACGACAACCGTTCGTAGTAGCGCCGCAAGCCTGCCCCCGGCAGGCCAGGCGCGTGAAGATCACGGCCCTGGCCCTGCTTCGCAGGCCTGCGGGCCTACTACGAACGTAAGAGAGCGCGCACGATCTCTTTGCCTGTGCTCTTCTCATTTATCTTTTGGGATCGCGCCTTCGGCGCGCCGAGTACGCGTACGAGTACGATGTGACGCGAGCGGACTTGCCGCCGCTCACCATAAAAATTTACGAAGAACTGGGAACCTGAGTAAGAGGGAGTGGGAGACCTATGTCCCACGACGTCCCACTTTCCCGTAAATAGGTCTTGTGCCCGGCCACCTCATATCCTATAAAGCGCGTTTCGCTCAAAATTCGCGCACCCGCAGGGGGGGATCATGCCCAAGCAGAAAACGAAGAAGGCGGTGGCCAAGCGGTTCAAGAAGACCGGCACCGGCAAGCTCAAGCACGCTCACATGGGCGGCAGCCACATTCTCACCAACAAGAACCGCAAGCGCAAACGCCGCCTGAGCGGGTCGGAGATCGTGGCCAAGCCTTATCACAAGCGGCTTTCCAGGCAGATCCCTTACAGCTGAACCGTTCCGCAAGGAGTTCCGTCATGCCCAGATCAAGTAACGCCCCCGCATCCCGTAAGCGCCGCAAGCGCAAGCTGAAAGACGCACGCGGGTTCCGGGGTTCACGCAGCAAACTCTACCGCCAGGCCACGGAGAACGTGGACTACGCGCTCGCGTTCAACTACGTGGGCCGGAAGCAGAAGAAGCGCCAGTTCCGGCGACTGTGGATCAGCCGCCTGAGCGCGGCCTGCGGCAACGAGGGCATTTCCTATCACCGTTTCATGGAAGGCCTGCGCAAGGCCGGCATTGAGTTGAACCGCAAGATGCTCTCCGAGATTGCGATCCACGATCAGGAAGGATTCCGCGCGATCGTGGGCCGGGCGAACGCCGCCCTGGAGAATTCCTGAAGAGCGGGCCGCCGGATCAGTCGGACGAGGCGGCCGACCACACTTCCAGCCAGGCCCGGGCAATCAGCGCATGACCTGCCGGTGAAGGGTGCACCCCGTCGGGAAGCCAGAACGAGGCCTCCCGCCTCTTCTCCGCATCCCGGAACCGTTCCTGCAGGGGTACGAGCGAAAGCCCTTCCGATTCCGCCAGCGCCCGCACGATCTCGCGCTTCGGATCGAGATCTTTGAGCCATCGCTTCTGGCCGACGCGTACGGGCAGAACAAAGGGTTCACACAGGATGATCCGCGCCCCGGTCTTTTCGCGTGTGCGCCCGATCAGTTCGCGATACTCGCGTTCAAACCGTTCCGGGATCGTTTTTTCTCCGGAGTCAAAGCGACGCCACGTATCGTTAATCCCCGCGAGGATTGATACCGCATCCGGCCTGAGTGAGAGGGTGTCGTGGTCCCAGCGTGCGACGAGATCGCGGACGCGGTCCCCGCCGACGCCGCGATTGAGAAACTGCACGTTCTGTTCCGGATTGCGGGAGCCCCACAGGCCCGCGACGATCATCGCGTAGCCCCGGCCCAGATCGCCGGGTACGGTCCGGACGCGGTCCGCGTCGGTGATGCTGTCCCCCTGAAAGAGAACGACCGTGCGGCGGGCACCACTCATGACCGCCGCCTTCCGCCTCCCGATCGCCGGCCCCGCGGGCGCCCCGAGCGGCCCGAGCGCCGCGAACCGCTGCCGCCGCCGTCCCTCTTGCCCCGTGGCTTTGCCGCCGGTCGGGTCGGCTTCGGAAGTTCCTGCAGCAGTTCATCCGGCGGATGTTCGCAGCTAAGCCGGTCGCCAAGGAGTTCCTCGATGGCCGGAATCTCGAACGCCTCCGTCTCGGATGCGAACGTCACCGAAGTACCCTCGGAACCCGCGCGGCCCGTACGGCCGATGCGGTGCACGTAGTCCTCCGGGTTCTGCGGCGTGTTGTAGTTGATCACGTGGCTGATGTCTTCCACGTGCAGCCCGCGTCCGGCGACATCGGTCGCGACGACGCAGCGTATCTTCCCTGACTTGTAGTGTTCGATGATACGCATGCGCTTCTTCTGATTGACCGCGCCGGAGAGGGCCTCGCAGGGAATGCCGTGCCGGTTCAGCAGGTCCGTGAGGCGGTCCACCTGGTCCCGGCGGTTGACGAATATAAGGGCCTGTCCGTGCACCACCTTCTCGAGGATGTTGTGGAGCAGCTTGAACTTCTGTTCTTCGGTGGTGATGTAGACCTTCTGGTCGATGGCCTCCGCCGCCAGCCGCTCGGGTTCGATCTCCACGCGCACGGGCTCGGTCATCCAGGAATGGGCCAGCCGCATCACACTCTCGTCCAGCGTCGCGCTGAACAGCAGCGTCTGCCGTTTGTCCTTGAACGGGGTGGCGCGCACGATCTTCCGTACGTCGGGGATGAATCCCATGTCGAGCATACGGTCGGCCTCGTCGAGCACCAGCACCTCCACCTGGCGCAGATCGATCACGCGCCGCCGGTTGAAATCCAACAGCCGTCCCGGAGTCGCGACCACCAGGTCCACGGTGCCGTCGAGATCACGCATCTGCTTGTTGAAATCCATCCCCCCGTAGACGCAGACCGTTTTGAACCCCGTGTATTTACCGAGATCGTGGGCGTCTTTCTCGATCTGCAGCACCAGTTCCCGGGTGGGGGCAACCATCAGCGCACGGGGGGCGCCTTTTTTGCGTTCGCCCTGCACCGGCCGGCGGAGGAGGACGGTGAAGATCTGAATCAGAAAGGCGGCCGTCTTCCCGGTGCCGGTCTGGGCCTGGCCGGCGGCGTCCCGGCCCTGGAGCGTGTGGGGAAGAATCTCGGCCTGAATCTTCGTGCAGTACTCGAACCCGAGTTCCGCGATGGCGCGCATCACCTCGCCCGGCAGATCGAAATCGTGAAAACGGGTCCGGCCCTCCTGCGGCTCGACCTGAAACGACTCGGGCTTCCACTTCTTTTCCGCCGCCTTTCCGCCCCCGGGACGCTCCTTCGCATCCCCGGTCGCAGCGTTTTTTTCCGGCGGGCGTTCACGGCGCGGTTTTTCTTTTTCGCCCCCTGCCGGACGCCATGTCTCGCCTTTCCGCTGCGTCTTTCCGCTTTGTTTACCCTCTTCGCGGATCCGGCCGCGCCGTTGGCGCGTCTTCGACGCTCCGCCCTCATCTGTTCCGGTGGTCTTTTTCCTCGTGAACCAGTCGCGAATACCCATCAAGTTCTCGTACTCCTTCGTTGCCGTCTTACGGCTCGTCGTTTACGCCGGCCGAGGCGCTGGCCAGCAGCAGGGCGTGTACCCGTTCCGCGGCGCGGGACACCGTCTGTCCCGTAATCGCCGACTCGTCAAAAGGCGCCTCGTCCGTGACCGGTCCCGCCGGGCCGTCGAGCATGGCCATCGGCACGGGGTCGTCGGTGTGTCCCCGCCGCACGATCGGCGTGCGGTGATCCGTGGCCACGATGAGCCGGTACGGGCGGTTCTGCTCTTCCAGCCAGTTCCAGACCGGGGCGACGATCTCCCGGTCGAACGCCTCGATCGCCTCGATCTTTTTGTCGGCGTCACCCATATGGCCGCATTCGTCCGGGGCCTCCACATGCAGGTAGGCGAAGGCATGGTCGCGGAGCAGATCGTACACCGCTTCGCGTTTGCCCCTGTAATTCGTATCGATAAACCCCGTGGCGCCCTCCACGTCCCGGACCTCCAGCCCGACCAGACGCCCGATGCCCTTGACCAGGGTCACCGCCGAAACCACGCCGCCGGTCATTCCGTAACGATCGCTGAACTTCGGCAGGTGCAGCGGCGCCCCCTGCCCCCACAACCAGATCTGGGTCGCGGTCCGTTCGCCGCGCTGCTCGCGCCTGCGGTTCACGGGATGGCCGGCGAGAATCGTGCGTGATCGTTCCATCAGGCGGGTGATCGCTTCCGCGCCCTCGCCCGTCGGCATGTGCGCCGCCGTCACGTCGCCCGAAAATTCGTGCGGGGGCTCGGTGCGCAGGCTGCGGGGCCCGTTCTTAATCACCATCAGGTGGCGGTACCCGACGCCGGGATAAAAGGCGATGCCCTCTCCGCCCAGTTCCCGCTGGAGGTCGCCCATCAGTTCGGCTCCCTCCTCATCGGTAATATGCCCTGCGGAATAGTCCTCCATCATCCCCTCGCGCACATGCACGAGATTGCAGCGGAAGGCGATGTCGTCCGGCTCCAG
NZ_CP010904.1_gap38	1635123	1637273	2150	CAGCCGATCTCCCTTTCGCCGAATTCCGAAATCACGCGGATGACCGTAAAATCAGGAGAGTTTCTTTTCGAGGCAGAATTTGACCGGGCAGCGGTGAAACCAAAAAAAGGACGCCCCCGCGAACGGGGACGCCCTGCGTCCTGGAGGAGACGCCTGAGTCAGAAGGCGTAACTGATGCCGACCAGACCGTACGTATCCACGTCGTAGGCCCCCTTCCCGTCGGGGAGTACGTCGTCGTCGAGCTGGCCCACGTAGGTCAGCGAGCAGTGGATTTCCGCCGCCTCGCTGAGCGCATAGCCCAGGCCGATCGTTCCCGAGGCGTGGGAGAACCCGTCGGGACCCGCATCGGCCTCCAGATATCCGACCGCGCCGCCGAGCGACAGGCTCAGCGCCTCGGTGAGGGCCATCCCGTAGTCGAGCGTACCCTCGACGTAGACGTTGTCTTCGATCCCGCCGTCCACGCCGTAGTACACCCCGAGACCGGGCGTGACGCCCGTGTCCGCCACCTCTTTCGCCACGGTCAGACCGAACTCGCGGTCATGATCCAATCCGCTCGACGGATAGGTGTACTCCGTATAACCGAGGGCCAGGTCGACGACCTCCAGCGGGAACGCGATCGAACCGTAGAAGTCCCACTCCTGGAACTGCCCGTCCTCCACGATCCCGTCGTAGTCGTCGATGTCGAGATTGCCCCAGGCTCCGAGCGACACCTCCGCTTCCCCGATCATCAGTCCGCCGACCTCCATATACGGCTGCAGGACGAACCCGTCGTTAAACGTCGCCCCGCGAAACACGTACGCCGAGGCCGCATCCACGCCCACGGTCGCCTCCGCCGCGTGCGTTGCGCCTGCCGCCGCGAGCCCCAACACTACCACCGCCGCCGTCATCACTTCTCTCATCTTCATTTCCAGTCCTCCCTTTCGTCCGGATCGACCGTTCGTTCCCCGCCCGGCCCGGACCTGCCGGGCGGGGATGCCTCCTCAACCTATGCCCTGAGTTCCGTTCTCCCCCGTGCGGATGCGGATGCAGTCCTGCAGATCCAGCACGAAGATCTTCCCGTCGCCGATGCTCCCCGTCCTGGCGCCGCTCACGATCGCCTCGACCGTCCGTTCAAGGAACTCGTCGTTGATCGCGATTTCGATGCGCACCTTCTTGAGCAGGTTCACCTCGATCTCCGCGCCGCGGTAGGTCTCGTGGTAGCCCTTCTGCTGACCGCACCCGAGGGCGTTGGTCACGGACATCTTGAACACCTCCGCCTCGTACAGCGCCTGCTTCACCGGGGTCAGCCGTTCCGGCTGGATGAAAGCAATGACCAGTTTCATGGTTGTCCTCCTTGTTTATCCGGCGGCGCCCCTGCGCCGCCCTGCACTCTTACCGGGATCCGTTACTGCGTGGTGAAGAACTGGAACCCGCTGTAGGCTTCCATTCCGTGCTCGCCGATATCGAGCCCGCGCAGTTCCTCCTCTTCACTGACCCTGAGACCGATGGTCTTCCTGATGACCGTGAACAGGACCAGCCCCGTTCCGAAGGCCCAGACGAAGCCCGCGCCGGCGCCGATGAGCTGACTCACGAGCTGACTGAAGCCGCCGCCGTAGAACAGCCCGCTGTTCGCCTCGCCGATACCGAGCACGGCCTCGGCGTTGAACAGCCCGCAGCTCAGGGTTCCCCACAGACCGCAGACCCCGTGCACGCTGATCGCACCGACCGGGTCGTCGATCCGCAGCACGCGGTCGAAAAACAGCACGCTGAACACCACGAGGACTCCCGCGATCACGCCGATCAGGATCGAAGCCAACGGCGTAACGGTGTAGCAGGGCGCGGTGATCGCCACCAGGCCCGCAAGCGCACCGTTCAGGGCCATGGAAGCATCCGCATTCTTCAGGACCTTCCACGAAGTCAGCATGGCCGCTACCGCACCGGCCGCCGCCGCCAGGTTCGTGGTCACCGCCACGCGCCCGATTTCGCCGTCGCCGGTGGTGGTGCTGCCGGGATTGAACCCGAACCATCCGAACCACAGGATGAACACACCCAGCGCCGCAAGCGGGATGGAGTGCCCCGGGATCGCCCGCGGACTCCGGTCCTTCGCGTATTTACCGATCCTGGGACCCAGCACGATCGCCCCCGCCAGCGCGAGCCATCCGCCCACGGAG
NZ_CP010904.1_gap39	1655141	1655874	733	GATCGATCTATGCGCGCATACAGTCGCGCCGCCCGTCACTCATCGACGATGATCGGATCGGACTCGATCATCTCGATATAGTCGTCGACGTGGGCGCCGTCCATGCAGGCCTCGATAATGCGGCGTCCCTGCGGATCCAGCCCGTCGACCAGAAATTGTCCGAGATGTTCGTGGAAAAACTCCCGCAGCTGTGTCGCGCCGGCGTCGTAGGCCGCCTCGCCCACTTCGCGCTGTTTCTCCACGTGCAGGAACCACGAGCCGATGGTCTGGCCTTCGACCATCAGGTTGCGCAGGCTGTATCCCAGCAGCGGGCAGCGGGCCTCTTTCAACTGGCCGGGATAGAAGTGGAACCCCCCGCGCCGGGCGAGGTATTCGCGCGCGACCCACTGCGGCATGAAGCCGACCTTCCACGCGCCCACGTGCTGGTTCGGAATCAGGACATAGCGCGTGCGGGGCGAATCGACCATCTGCTTGAGGAGCAGGTTGGCCTGGTCCACCCGCAGGCCGGTGGCGAACGGCCAGTACGACCCGACTCCCTCTGAGGTGAGCCCTTTGGTATCCGTAATGCTGGGGTTGGCGTGCCCGCGCGGGGCGACCAGCCGCCACAGCCAGGCCAGCGCCGGCGGCAGCACGTGCAGCATGCCGAGGATACCGTAGGTGGGGTCCGCGCTGGTGCAGGGAGGCGTGCGCACGCCGAAGCTGCGGATGTCCACCCGTGCGGAGCCCGTGAGTA
NZ_CP010904.1_gap40	1688791	1692409	3618	GGGTCATCCCTTTTTCCTGCAGGTCTCCCAATACGCCGTCCATACGCCCATCCGCGCGCGAAAAGACCTTGCGGAGAAATGGGAGGCGAGGCCGGGAGGCACCTGTCACGACGGAGCGACTTATGCGGCCCTGACCGAGGAAGCCGACCTGTCGCTGGGCGCCATCCTGACCCGCGTCCGCGAGCTGGGGATCGAAGACAGCACGTACATCATCTACACCTCCGACAACGGCGGGTCGGTACTGCAACCCGATCACGAAGGCGTGCCGGAAGAGATCAACCGCCCCCTGAGCGGGGGCAAACTCTACCTCTCCGAGGGCGGTCTGCGCGTACCGCTGGTGATCAAAGGGCCGGGGATCGTGCCGCGCGGATACACGTACATGCCCGCCGTAGGCCACGACCTCTACCCCACGGTGCTCGACATGGCGGGCGTTTCATCCGTCCCGCCGGAGGTCGAGGGTGGAAGCCTGCTTCCGGTCTGCACGACCCCGGGCGAGGTCCCGGTGAATCGGCCGCGGGAGGGCCTCGTCTGGCACTTCCCGAACCCGCATGTCAATTACAAGAAGTGGCGCGCGGAATCGTCGGTTCTGTGGGAGGACTGGAAACTGATTAAAATCTGGGACACCGGCGAGCGACGGCTCTTCAATCTCGTCACCGACCCCTACGAGGAATACAACCTCGCCGCCCAGTTCCCCTCGCGCGCCGACGAGCTGGAACAGAAACTCTCCGCGTATCTTAAATCCGTAGACGCCGCCCCGCCCGCGCCGGATCCTTCGCTGCGACGGAGGGCGATCGAGTTCTGGAACGAGGCGATGCTGAAGCGGCACGGGGGATGAGGGGGAGGCCCTGTCTGCCGGACCGAAGACCCGTCCCGCACGGTGCGGCGCGGTCGATTACGCTCCGCGGATGAACGCGGAGCAGAGGAGAGAGGCGTAACCGCTTGGTGTTCCCCTGCACGGCTGTTAGTCTGCCGCTTCACCTTGAGCCGGAGCGGGGCATGGTCGCGAAAAGGTCGAAACGGCTTCCGGACGCGCGCGGCCCTCTCGCCGCGGCGCTGCTGGCGCTGATCCTGCTGCTCCCGGGCACGTTCTCCTTTCCGCTGATCGACCGCGACGAACCGCGGTTTGCGCATGCCACGCAGGAGATGCTGCAGCGCGGCACGCTTACCGTCCCGTACTTCAACGGGGAATACCGGTTCGACAAGCCGCCGCTGGCGTATTGGGCGATGATGCCCCTCTACCGGGCCTTCGGGATGCACGAGGGCACCGCGCGCCTCCCCACCGTCCTCGCCGCCGCGGCCACCGCCGCCGCAATCTTCGCCTTCGGCCGCCGCCTGTTCTCAGTAAAAGCGGGTGTGTGGGCCGCGCTCGGATGGATGACCTGCCTTCAGACCCAGATCCACGGACGCATCTGCACGGCCGACATGGGGGTGATCCTCACCGTCGTGCTCGCGCATCGCGCGTTTTATGAACTGATGTTCGGCGAGCGCCAACGACGCTGGGGATTCTGGTTCTGGACGCTGTACCTGTCCGTCGCCGCCGGTATTCTCGCCAAATGGGTGGTCACGCCGGCGGTACTGGCGGGGACAATCCTGCTGTTCTGCGCCTTCACGCGCCGGATCCGATACCCCTGGCACCGCCTCCAGCCCTTTTCGGGTGCCGCCGTCGTGCTCGCGCCGGTCGCAGCCTGGGCGGTCCCCGCCCTGATCGCCACCGACGGACTGTTCTGGTCGCAGGGCTTCGGGACACACGTGATCGACCGCGCCGCGGAACCGTTCAACAACCGGAATGGGTCTCCGCTCTTTTATCTCGGCACCGCTTTTCTAAGCCTCTTCCCGTGGATCACCTGGGCCGGCGACGGGGCCTCGGCGCTCAGGCGGAACTGGGACGCGAAGCGCGCGTTTCTGGCCGCCTGGCTGGCGGGGCCGTACGTGATGTTCACCTTCGCTTCGACGCAGCTGCCGCATTACGTCATGCCGGCCTTCCCGGCGTTTTTCCTGATCCTCTTTCAGTCACCGCCAACAGGCAGGCGTTCGTGGTGGTTCCGCGGCACCTTCGTTCTGTACGCAACCCTGCTGGCCGGCGCGGCCTGGGTCCTCCTCTCCGTCCGCTACGCTCCGGCCTTTGCCCCGCTGCGCGCAATCGCCGTCACCGTACTGGTCACGCTCGCCTCCTGGCTCCTGCTCGCCTCCGCCGCGCGGGAGAAAAAAATCCCCTCGCTGACGCTGGCCGCACTGATCCCCGCCCTGGCCTTCGGCATGCTCGGCCGCGAGATGCGCACGGTGGCCCACCCCCTCACCATGAAACGCCTCTTCGAGCTTGCACCCGCCACAGCACGGTACACGGCGTGGTCCTACACCGAACCCAGCCTCGTATTCTATGCCGATCACCGCTGGGACTGGTCGAAAAACGCGGAGGCGCTCGAACGGCAGCTCAACCGCTCCGGCTCGCTGGTGGCCGTGTTCCCCGTGCGCGAATACGATTTCGACGACACCCTGCGCGCGATAGCGACAGGCCAATCCATCGAACCCTCCAGAGACCGCGAAGCGCAGGCCATGGAATGGATGACCGCGCCCTCTCTCCAGTGGTACCGCGTCAGCGGAGTCAATATGGGCCGGTCGAGCTGGATGGAATTCGCCGTCGGCGTGCGGGTCGATCCCCGCGGCGACCGCAGCATGTTCGTGCACTCCGCGCCCGCGATGCCCCACGGGCCCCGCTGAGTTAGGCCGCAACAGATTTCAATTCCCCCTTGCCATAATGCCCCTGTTTAGGTATCTTTTAATCGGACGGCAAAAGCAGATGCATTGGGAGGAGGTCCACATGAAAAAAATGATTACGGCGATGGCGGCCCTGCTTCTGGCGATGGCGGTCGGGTGCGGAGCAAAAGACACCGGGGAGCGTGGCGACGCGTCTTCAGCCGAACTCACCGTGGAGCCCGCCGGGGTCGCAGAGATCGAGCGGAGGATTGACGAATCGGACAAGGAGCTGGTGATGGTTCACCTGTGGGCGACGTGGTGTCCGCCCTGCCGGGCTGAATTTCCGGGCCTGGTCAAGCTGGGAACCCTTCCCGAAGCGGACCGGATGGAGGTCATCCTGATCTCGGTCGACCCGGCCGGAAATCCGGACCAAGTACGCTCGTTCCTGAATAAGTACGGTTCGCCGTGGGGTTCGCTCATCGCGGAAAACCCCGGCGAAGAGCTGATCCGCCTGTTTTCCAAACAATGGAACGGGTCCATACCGGCCACGTTCTTCTTCGGCCCCGAGAGGCAGCGCCTCGAATCGTGGGTCGGAGCGCACTCCCGCGAACGCTATGAAGAAACCATTAAAGACCTGCTCGAGTCCGGGTCGAAGGAGTAACCGCCATGAAACGCTTATTCACCGCAAGCCTGCTGATACTCGCGCTGCCGTTGCTGATGCCCGGCGCGCAGGGCGCCGAAGCTCTCGAAGTCGGTGCGTCCATGCCGAAGATGGATGTTGAGATGAAAAACGTCGACGGAGGGATGCTGACCCTTGAAGAAATCAGGGGCGAGAAAGGCACGCTGGTGATCTTCTCGTGCCGCCACTGCCCCTTCGTGCAGAAGTGGCAACAACGGATGGTGGAGATCGGCAACACATACCGC
NZ_CP010904.1_gap41	1697282	1699651	2369	ATGAAGATGACGCTGTCCGCCGATCACCGCATCGTCGACGGCGCCACCGGGGCGCAGTTCCTGAACGCGGTCAAAGACAAACTGGAAGACGTGGAGTTCTGGAAACAGCTCGTCGGCTGAATCCGTACGGCCGCGAAGGACCGCGGGTTCCAGCGATGCATTTAACCGAAGGAGGCAACCCATGGACTATGACATCATCGTAATCGGCGCGGGACCGGGCGGCTATCCCGCCGCCATCCGGGCCGCACAGCGCGGCGCGAAAACCGCCATCGTCGAGAAGGAGTGGCTCGGGGGCACCTGCCTCAACTGCGGCTGCATCCCCGCCAAGACGCTCATCGCGGGCTCGCACCGCTATCACGACGTGGAGACGGCCGATAAACTCGGCGTCAAGGTCTCCGGCGTCGAGATCGACTATGCCGCCCTCGTCGCGCACAAGGACAAGACGATCAAGACGCTGACCGGCGGCATCGGCTCGCTCCTCAAAGCGAACGGGGTCGATCTGTACGAAGGCACCGGATCGTTCGAGACGGCTAACAAGATCAGGGTCGATCTGAACGGCGGCGGCGAAGAACACCTCACCGGAGAAAAGGTGATCATCGCCACCGGCTCGAATTCGATTATGCCCGGCTTTCTGCCCGAGAGCGACCGCGTGGTGGACAGCCGCGCGTTCATGGAACGCACCGAACTGCCCGAAAGCCTGATCGTGCTCGGCGGGGGCTATATCGGCTGTGAACTGGCCTGCATGGCCGCGCGCCTCGGCGTGAAGGTCACCATCGTCGAATTGCTTGAAGATATCCTGACGACGATCGACAAGGATCTGCGCAAGGTCGTCATCCGTCACATGAAGAAGGAACTCGGCATTGAGATCCTGACCGGCGCGCCGCTCGCAGAGGTCACGGCGGACAAAAACGGCGTCCGGGGCAAGGCGGGCGAGCGCGAGGTCGGCGCCGATATGCTGCTGGCCTCCGTGGGACGCCATCCGGTGACGGAGGGACTGAAGCTCGAGGCGATCGGCATTGCGCCGGACGAGAAGGGCTTTATTCCGGTCGACGAATTCAGCCGCACGACGGCGCGCGGCGTGTACGCGATCGGCGACGTCAGCAACCCGATCCAGCTCGCGCACGCGGCGACCGACCAGGCGCTGGCGGCGGTCGATCACGCGCTGGGCGATCCCGAGAGCCGGCGCGAACGCTGCATCCCCTACGCCATGTTCACCAATCCCGAGGTCTCCGGCGTGGGCCTCACGGAGAGTGAGGCGAAGGAAAAGGGCTACGAGGTGCGCACCGGAACCTTCCAGTTCCGCTCGCTGGGCCGCGCACTGGCCGGACACGAGTCCGAAGGGTTCGGCAAACTCGTCGCCGACGCCGCGACCGATCAGCTCCTCGGCGCGCAGTGCGTGGGATCGCGCGCGACGGACCTGATCGGCGAAGCGGCCACGGCCGTGCGCAACGAACTCACCGCGAAAGCATTCGGTCGTACGGTCCACGCGCACCCGACCTTCGCCGAAGTCTGGATGGAGGCCGCGCACGACGCGCACGGCGAATGCATCCACGCCCCGCCGAAGAAGCGCTAAAACCGGCTCCGGGGATTGACTTCTATCGCCGGGGATCTCCGGCGCGACGAATGAGCGTCCGGTGGATCCGCTTGTCGGGATTTTCTGAACCGCGAATTCACGCCAGGGTTCATATTAGGCTCTTCGTAGATTTTTGTGGTGGCCCCGCTTCGCGGATCTGCGGGCCTACTACGAACGTAAGAGAGAACGCACGATTTCTTTGCCTGTGCTCTTCCCATTCATCTTTGCGGTCCCGGCGCCTTGGCGAGAGACCTTTCTTGTGTTTTCGACCAGTAGAGTAGAGAGGGAGCCACGGGATGAGAGGCGTATAGCCAATGACCGCGGACTGCCCTCCCCCTCGTCGAACCGGACATGCGGATTTCCCGCATCCGGCTCTCGCGGAAGGCATTTGTTGGATGGTTTCACAGGTAGATCAGTCCCATGTTCTTGAAATGCGCGTAGTAGCTCATACCTTCAGGGGCCAGTAGCCGCGCTGACTGCGTCGTTTCGCATGTCGCGTGAGACGCTGTCGCACGTATCCATTGACGTGGCGGAATGCCACACGCGGATAACCCAGCGAAAAGTAGTTTGCCCATCCTCGCATTTGCATGTTGAGTTCGTCGATCACCGTCGGCAGAGGTTTGAAGCATTGTTCCGGTCCGGTCATCTCCCGAAGCCGATCACGTTCCCGTTGGAGCGCTTTCCGCGACGGTGTCAGGTTCCAGTACCGGCACGGGCGTCCGCCGAGGTCCCGGTCATAGCGGAAGCTATATCCGAGAAAGTCCAGCGTCTGCCCCGGTTCCCGAGCATCGAGTAT
NZ_CP010904.1_gap42	1707047	1709486	2439	TACGCTCACGGCGGCCAACGGTTCACTGATGGGGTTCTCTTTGATCAGCCCCGTATTGCGCATGTGGTTCACGGCGAGTCGCAACGCAACATAGGCGCCGGTGATTGAAGCCGTGCGCGTCCCGCCGTCGGCCTGGATCACGTCGCAGTCGAGGTAGATCTGGCGGCGTCCCAGTTTCTCCAGGTCGACCACCGCCCGCAGCGCGCGTCCGATCAGCCGCTGGATCTCCATGGTCCGTCCGCCCGGTTTGCCGGCGGAGACCTCGCGGCGATTGCGGTCGGCGGTCGCCGCGGGCAGCATACCGTATTCCGCGGTCAGCCATCCACCGGGAACGTTCTGAGCGCGCATCCAGCCCGGCACGCTTTCATCGACGCTTGCCGTGCAGATGACACGCGTATTCCCCATGGCGATCAGCACGGACCCGCGCGCCGAGCGGATAAACCCGGGTTCGATCGCGACCGTGCGCAGCTCGTCGGCCGCCCGTCCGTCCTCACGCTCATAAGGCGGAAGTTCCAGCTCGTCTTTGTCCAGTTCCTCAAATCCCTTCATGGCGTCCCCTTTTAAGCGATGTCTGTATTCCTTCGCCGCAAAGTTCAGTCCCGCGGCGGTTTCGTCACGCCCCCGTCATATTGCGGAACACCCCGCGGCCGATCGTGCCCAGCGAGCCCCCCGCGCAGGCCTCCTCGCTCCACCGGATCGTATCGTCCGCGGCGAGTCCTTCGCCGGCGGCAATGAACGGAACGCGGTCGGCGACCGGCCGGCCCTCCGCCGAGCTGAACACCCGGTCGCTCGTCAGCGCGATACGATAGGGCCGGCTGGCCTCGAGCACCGAGAGCAGCGGGTCGAGCACGCGGCGGTCGAACGTCTCGAGGGCGCGTATTTTTTCCGCCGTGCCGGGAAATCGCCCGCCGGCCCGCGGGGCCTCCGCAAACAGGATCAGCAGCCGCGATTTGCGCAGGGCGGCCACCAGATCGGGCAGGCGGAAGGCCTCCGACCGCGCCCCTGCATTCCAGGGCTCGTGCAGGTCGAGCCCTGGCATACCGGTTTTTCCGGCGAGTCCGCGGGCGCCGGAGGCGTTCGTGAGAAGCGTCCGATCCGCCCAGTCGTATCCGGACGGGAAGTCCGCGACCGCCCCCCCGCCCCACAGCCAGAGGCTGTCGGCGGGATCCTCGCCGAGGTCGACGCGCACCCGGTTGACCGGGTGGTCGCGGAAGAGTTCCCGGGAACGCTCCATGAGGTCGCCGGCGGGATGGCCCCGGCGGCTCATGCGGTCGAGGTAGCGGGAATAACGGCGTGTACCCCAGAGCCAGGGGGGCGTACCGTCGGCGATCTCCATGCCTCCGGACCGGAGCAGCACGGCGGCCCGGCCGCGCGCGACCGGCATGACGCGCACCGAGTCGCCTGCGTCGTTCTCCAGGGACTCTCCCAGCAGACGCAGTTCATCGGAACTGAGATCCAGGGGGTCGCTGTCGTGAAGCCGGTCGTTCTCCAGGGTCACGGCGCTGGCGCTGAACGCACAGTCGGCCTCGCCGCCTTCCAGCCCTGCGGCGGCCGCATCGAGCGGACCGCTCCGCAGCCCGGCCGCATCGCCGGGCGCCATCCCCATCAGCTCCCCCAGAATCACCGCCTCTTCGCGGGGCTCGTCCCCGGCCGGCTCGAGCATCCCGCCCTGCCCCTCGCGGGCGAGCTGTTCGATGTGGGGAACCCGGGCCACGTCGAGGGGCGTCCGCCCCTCCAGGGCTTCAAGGGGGCGGTCCGCCACGCCGTTCAATATGAGCAGCACCGACTTCAATCGTCAAAATCCTCGATCGCAAGACGGACGATATCCTCGCCGACGACCTCGAGCGAGCGGATCGCCTCGACGGCCGCCTCGTAGCGGGACTCCCGGGCCTTATGGGTCAGGACGATCACCGGGGCGTATTCCCCTTCCCGCCGCTCTTTCTGGAGCACGGAGGCGATACTGATGCCGTGGGCGCCGAGCACTTCGGCGACTTTCGCGAGCACGCCGGGCCGGTCGATCAGCGCGAGACGGAGATAGCAGCGCAGAGGCGCGTCGCCCGCCGGAAGCAGGTCGAGGCTTCGCGAAGACGAAATCCTCGGCCGCGGCGCCGCGCCGGCGGCACGATCGCCTGCGGCCTGAACGAGATCGCCGATCACCGCGCTGGCGGTGGGATAGCGGCCGGCGCCCCGGCCGTAGTACATCGTCTCGCCCGTGAGATCGCCCTCCACGGCCACCGCGTTGAACACCCCGCCGACCGAGGCCAGCGGATGCTGCCGGGGCACCAGGGCCGGCTCCACGCGCAGCTCGATTCCGTTTTCGCGCTGCCGCACGATGGCGAGCAGCTTGATCCGGTATCCGAGTTCCGCGGCGTACTCGATTTCGCCGGAGGCGATGCCCCGGATACCGCGGACCCTGATGCCGTCCATCGGGAGCGGGGC
NZ_CP010904.1_gap43	1712194	1714870	2676	TACCATGACCGGATCTCCTCCTCCGGCCCCAGTAGCGTGACGTCCGCCAAACCCTCCGCGGCCGACCGGGCCGCCGCGCGGCGCACCCTCTCGTCGTCGCCTTCAGGCAGGACGATCCGGCATCCGCGGCCCCTGACCTGTTCCATCACTCCGGTTATGAAATCACTCGCACTCATTCGCGTCCTCTCACTCGTCAACCGCCCTCTCTGCCGCCCCGATCCATCGTGTTCCGGGGGGCCTTTTTCCGCCGCTATTACGGCCCGCAAAAAAAACGGACGCACTGTAACAGAGCACTTACGCACTGTCCAACCCTACCTCGAAACAAGTCTGAAATCGCTTGATTTTAAGCGGATTCCGGATTAAATTCTATGCTCGCCCGAAGGAGTGGATCGCAACAGCGAACGCGCCGATTCAACGAAACCCGGGGCATGATGGACTCCATGACGATGACCGCGACGATGACCAGGCTGGACAACTGGAAAGAGATCAGGCAGCGCTTCGAAAAATCGAAGCACCGTCGTCAGTTCCAATTCGGTGAGGCCGAACGCGAATACGTAAGCTCACGCGGAATGGACATCATCCGCCGTCATGCAAGCGATTTTGTCCGCAAGCGGCTCCGGCCCGCCAATCCGCGCAACGACGGACGCCAGACCCCGACGAAAGGACATCCGGTTTTCATCGCCCAGCATGCGACCGCGACCTGCTGCCGCAAATGCCTCTCCAAAGTTCATCGCATCGAACTGGACCGACCGCTGACGGACGACGAGGCCGCGTTCGCGGTGAATGTGATCGTCCAGTGGATTGCGGATCAGATGAACACCCCTTCCACCTGACCGCCCCCTTGTTATCCGATGGACGACCGCTCAGAGACCCCCGCCGCCCCGCCCGCTGATCCTCAGGGATCTGCCGCGGTCATCGACCGCGGCAGTCATCCGGTGAGCCGCAGGAACATCAGCAGCGCCGCGATCAAGGTGCTCTACAGAATCAAGAACCACGGCCACCTCGCCTATCTCGCCGGAGGCGGCGTCCGCGATCTGCTTCTCAATCGCACTCCCAAGGATTTCGATATCGCCACCGACGCCACGCCCGAAGAACTGCGCGCCATGTTCAACAACTCGCGCATCATCGGGCGGCGATTCCGGCTCGTTCATGTGCTCTTCCGCGGGGAGATTATCGAAGTCTCCACCTTCCGCGCGGGGGTCAGGGCCGAAGACGCCGAACAGCATTCCGACCACGCATTCCGCACCGAGGACGGCGTGATCGTGCGGGATAACGTCTGGGGCACCGCCGCCCAGGACGCCCTGCGCCGCGACTTCACGGTCAATGCCCTGTTCTATAACATCGCCGATTTTTCGATCATCGATTACGTGGGCGGGCTCGAAGACATCGACCGGCGCACCATCCGCGTGATCGGCGATCCCACCGATCGCTTCACCGAGGACCCGGTGCGCATGATCCGCGCGATCCGTTTCGCCGCCACACTGGGATTCGATATCGAGGAGACGGCCCGCCGGTCTATCGGGGAACTTGGAGAAACCATGCAGGCCGCCTCGCCGGCCCGCCTCTACGAAGAGGTCCGCAAACTGTTCCTGTGCGGAAACGGGGAACGGGTCTTTGAACTGCTCTCCGAGCTGGATTTCATCGAGCCGCTCTTCCCGGAACTCGGGGAGTGGCTGAAAGATCCCGAGGGCGAAGCGGGCGTACACTGGATCCGAAACACGTTCCGCCAGCTCGACCGCTGGGTCGCGGCGGGACTGAAAGTGGATACGCCTCTCATGTTCGCGCTCCTGTTCGGGGCCTACCACGAACGCCGGGCCGAGACGCTCTGCCGGGAAGAGTCCCTGTCACCCGCCGCCGCGCTTCAGCAGGCGACGCACGATCATATCCTCCAGCTCGGCGAACGGATCGCCATCCCGAAAAACGACCGGGCACGGATCGCCCGGATCATGGCCCTTCAGCCGCGTTTCCGTAAAACGACGCCGTCCAGAGTCCATAAGCTGGAACGAAATCCCCAGTTCCTCGACGCCTGGCTCTATTTCAAATTCGCCGCCAAGACGTTCGACCGCGACGGCAAAGAAGTGACGTTCTGGGAAAAACGCCATCGGGGGGAAGGGGGATGAGGGGGAGGATTTTGTGAGTGAGAAACCTGAAACCTGAGACCTGAGTAAGAGGGGGAGAGGTCTGAGTGAGAAACCTGAAACCTGAGACCTGAGTAAGAGGGGGAGAGGTTTGAGTGAGAAACCTGAAACCTGAGACCTGAGTAAGAGGGGGAGAGGTTTGAGTGAGAAACCTGAAACCTGAGACCTGAGTAAGAGCTGCGGATTCCAAGGCTCACCCGCCTTTTCCCGTCGCAGCTTATGACCCCGCTCCTGAGTTCCACATGGGGACACCCGGGGGAATATCGTACTCGAATTATGTTCTCTCTGAATCCCGATTTCGGCTTCGATCCGGATTTCGAGATCCCATCCGCATCATCAAGCTTCCCACTCTCTTACTCAGGTTTCAGGTCTCAGGTTTCCCACTCATAAATCTTACTCAGGTCTCAGGTCTCAGGTTTCCCACTCATAAATCTTTCTCAGGTTTCTCACTCTCTTACTCCGCTTTCCCACTCACCGTCACCCTCCCCCGCTCAGTTCCCTCATCGTATGCTCAAAGATGAGCCGGTCGCGGCGCGCG
NZ_CP010904.1_gap44	1768477	1773303	4826	GGTCGGCGACTGGCGCCTGAACGGCTGCACACTCTACGTGACCAAGGAACCCTGCCCCATGTGCGCGGGGGCCATCGTGCTGGCGAGAATTCCGACCGTAGTCTGGGGCGCCGACGATCCGAAACGCGGCGGGGCGGTCTCGCAATTCACCATACTTCAGAGCACGGAACTGAACCACCGCCCCGAAATCCGGCAGGGCGTGATGGCGGATGAATGCCGGGCTGTGCTCCAGGTTTTTTTCCGGAAACGACGGGCACCGTCATGAGTCTCTGAGGTGCCTGAAGCTCGATACCCAAGGGATGGCGTTTTTACAAGAGGACTTCCGCGGGGAACACATGCCCGGAACGCACTACAGGACGGAGCGGGCGCACGGGGGCTTCACGCTCATCGAACTGCTTGCGGTCATGCTGATTATGGCACTTCTGCTCACGGTCTCGCTCCCGGCGTTCAGGAACCTGGCCCGGGGGCGCGGCATCGACCGCGCGGCGCGCGAGGTGGCGAGCGCCGTGCACATGGCGCGCCAGCGGTGCGCGCTCGAGCAGAAGCACACCTTTCTCGTTTTTGCGGACAAAGACGTCGCCGAGGCGGCGGGGCGTCCCGATCTGGCCTACCGGGCCTATGCCCTCTTCGCCGGGTCCGAAGACCGTAACACGGCCGATGAACGGTTGACCTCGTGGCGCTTTCTTCCCGATCATACCGTATTCGATCCCCTGCATACGCCCAACGATTCCAATCACGGGAATATCATGAACCTGTACCGGAACCTGGAGATCAACACCGAAGATCTGATGATCTCGAAAATGGGGATGCCCTCGCTCACCTACGGGTCCAAGGCGAACATCCAGACCCTCAGGGATCACCCCTCTTACGGAAAGATCCGGATCTATATCGCCGAAGGCACGCCGGAAGAGATCGAACGCGGCAGCCTGCGCGAAGGCTTGCGGGCGATTATCGAAGTGGACGATTACGATACGAGCATCGCCACGGTGCACACGGAAGACTATGACCAGTACTGATCAGGGGCACGCAAACCGTTTCCGGAAGCAGGGGAAAAGAAGCGGGTTCTCGCTTCTGGAGCTCGTGCTCGCGATCGGCATCCTCTCGTTCGGACTCCTCGCGCTGTTCGGGGTTTTCCCCTCCGGCCTGGACGCCGTGCGCAAGAGCACGGAGGAGACGGAAATCCACCTGTTCGCTTCAAGCGTGCTGGAAGCCTGCAAAGGAACACTCGCCGCCGCACCGCGGGATGCCTGGGACCTCCCCGCGACCGTCCCTGTCGATGCGGCCGACAACAGCCCGTGGGAACCCGCAGCGGTGACGGTCAGCTCTGACCCGGACTGGGAGGGTCATCTTTCGAAGATCACCTTCAAAGACATCGCCGGCGACGAAATCCATTACTACTACCACCTCTACGTGGACGACCTGAACGCGCGCCATAAGCGCATCGCGCTGCGCGCATGGCGGTCCGCGGCGGCCCCGCAGACCGAGGAGGGATCGGTCTTCTTGTACACCGAGGCGTACCACACCATGGAATTCAGGCTCTATCCGTACCGATGAATGTCTGTGCCCACGAAAGAGAACGGTTCCCGGGCGGCGGGAAGGCCTTCACGCTCGTGGAGATGCTGCTGGCCACGGCCATACTCTCGATTCTGCTGATGGCCCTGGTCTCCCTCTATCTGCAGACCACCGGGACGGCCGACCGCGCCCGTGCGCGGATAAAGCTGGCGGTCCAGGTCAACAAGACTTTCGACCGAATGCAGGAGCATTTTTCCACCTGCATCCGGGACTGCCCGATGGGGCTGGACACACCCGGCGAGAGCGTCGCCCATCTCGGAGACTATGCCGGCACGGAGTTCGCGTTTGTATGCCTCAACGGCACGGTCGACCCGCCGGCTTCCCGACTCGCGAGTTCCCAGTTCTATTACATCGACCATCAGACGGACATGGCGGGTCGTGAAGACCCGACCCGCTTCGCGCTCTACCTGCAGAATCAGAGCCGCGCCCGGACCAACCGGGCCTTCGGCGTGCGGCACAAACCGATGTCCGGTTTTCTCGACCGGCGGCGCCGCGACGCCTCCGGGTCGAACGCGGGATGGCAGAGCGCGCAGCCGCTGCTGCCCAACGTCGTCAGCATGTACGTCTACGTATACCGCTATCGGCCCGACGGCACTCTGGAAAACATCACGCCGGGGATGGACGGCAACCCGGACCCCCCGAAACAGTGGACTCCCTGGCCGACCGATATCCCCCCTCCGGAGGACGACCCCGGGATCCAGGCCACCTCGATCGAAGACATGCCCGACGCCGTCGCCGTCGAACTCGGGGTGCTCACGCCCGAGGACGCCGACGCCCTGGCCCGCCGTATCGAATTCGGCGAAAGCGTCTCGCAGGTCATGGCGGACGATGAAGACAACATTTCGTGCCGCACCTTCCGGAGGCTGTTCGTCTTCAACCGGAGCCCCCGCACCCATCTGCAGTCGGAGAAGTAATCATGCGCACGTCTCAGGCATACGGAAACCGCGAACCGCGAGCGGGCATTGCGCTGATCGCCGTCATCGGCGTGCTTTCCGTGCTCATGTTGCTCGCCGTGTCTTTCGCGGCTTACATACGGACGGAACGCCTCATCTCACACGGCCATATCAACGACGGCAAGGCCGTGCAGCTCATGGATGCAGCCATCGCGCGAACCGCGGATTATCTATACGAGTACATGAACGAGGAGGTCGACGGAAAGAAACGGCTCTGCACGGAGAGAGACGGCGACCGCCCCGTCGTTCTGCGCAGCGGCACGGGAGTCGACGTCCACATGTACGGAAGCAGCATCCACGCCACGGCCCATCGATACGTCCCGCTGAATTTCACGGACCACCCCGACGACGGCGCCGGCTGGGAACCGATCCGCTACGGGGGCAGGCTGATCGGACGTTACGCGTTTCTGGCCTATGACTGCTCGGGTAAAATCGACATCTCGCACGCGGGAGGATACGACCCCGCGAGCGGAATGCGCGCCCGTTCCAACGCGGCCTCCGCCGCCGAACTGCAGCTCAGCGCGTCCGTGATCGCGGATATCGACGATGCCGAGGCCTATCTCAGCGACCGGCGGCAGTATCTGCGCCGATTCGAATCACCGCTCGAAACCATCATCCCGACGGGCACCGTTTCCCGCGCCGGGGACGAACTGAACTGCCGCCGCGGCCGCGCCCGCGATCTCTATCACTTTTCTTTCTACCCCGCCTGGCGGCCCGGTTCCGACTCGCCCCGATTCGACCTCGGCAAACCGCTCGAGGCCTCCGGGGCCGACGCGGTCGCGGCGATATTTCAACACCTGGAAGACGAGGATCTGCTTGATTTCGGCGGCTGCACGTTCGGGGGCGAAGAGAGGGCCTTTACGGCCCGCGACATGGCGCGCAATCTGAGGGATTATGTCGATGCGGACCGGATCCCGGGCGACCTCGCGTCCTTCTGCACGGAATCGGTGCCCATGGCCGGCGAACTCATGGTCAGCAACAGCGTGGAAAAAGCGGGCAACACGTTCCGCCTCTATCTCGAAATGGCCTACCCCTTCCCCACCAACCGCAACGATCAGAGCTTCGCGGTCGAAGTGGAGGGCCTGCGCGTAACCTGCGGCGGTCAGGTGCAGGAGTACGACTGGGATTTCAGCTACACCCCGGACACCGAATCCGTCCATGTGGAAGAGAAATCCGTGACGCACCCCTCCACGAACTTCCCCGCCCGCGTGGACCTGGACCGCATCGTCACGCGAATGGGCGGGGACATGGTCGATGTCGTCAGCAATCTCACGGGCCGGATCAGCATGGAGCAGGGCGAAGCGAAAACTGTCGCGGTCCGCGACCCGAGGATCAATTTCGCGGGCACCGACACGAACCAGTGGGAAAGCGTTTCAACCAATTCGATCGGACGTCCGAACCACGACGATGTGGACTTCATGTACGTCGCGGACCGCCCGCTCCGCAACGTGGCCGAACTCGGATACCTCAGTCACGGCATCCCCCGCCGGACGATCCGGCTTTACGGCCCGCAGCTCTGCCCGGTAACCGATTATTTCGTCGCCTCGAGCCGTCCGCCGGAGCAGGGGCTCATCCCTATCAACACCGAAAACAGAAACGCACTGATCACCGCCTTCCTCGGCGCCCCCGTCTACGGGCAGATCTACCACGCTTTCGGGGACGACTGGAAAAACAGACGTGAACACAAGGTGAGTGAGTCCGAGGCGGCGCAGCTCGCGGATTTCTTCACCAACCTAACCCGCACTGCGGCGTTCACAAATTCGCTCGACTGGGCGCGCAATGAGGGGTTCTTCAACGAGATCGGATACGAGTTCGAGACCGAAGAGGCGCGCGAAGCCTTTGTGGGCATGATCCAGACGCTCATCGGCACCCGGAACGCGGTCTATACCTGTCTGATCAAGGTCCAGGCGATCGACGACCTCGACCGCAGCGGATCGTATACGGAGGGCGGGGATACGATCCTCGGCGAGAAGAATGTCGCCGCGGTCATCTGGCTCGATCCGCGCCAGACCGACCGGCGCGATCAACCCCGCCTCTTCGTCCAGATGATCGACTGGAGGGTGGGGCAATAGGTTTCAGCTCAAGATCGATCCACACGAGGTAATGATCCGAAGCGTGCGGGCCGGTTATCCATGCCCTGCCCTCTTCGCCGTTCGAAGGGCGGAACACCCTGCCGGCCTTTACGCGCCACCCGGTTTTGGAGGGCAGGACGTAGTCGACCCTTAATCCCCATGCGGCGGTTTTGTCCGCGGGCTGTTTTCCGGTACTGATGCGGGGATGCTCAAGCAGCTGTTCGATCGC
NZ_CP010904.1_gap45	1899259	1900441	1182	GCCCAGGACGGAGGTTCGCACGAGCGGAAGGAGTCTCCGCCAGCCTGCGCTCCTGCGGAGCTTCGGCCGGCACGCCGGGACGCTCGACTTCTTCCTGTCTTCAGCAGGCTCCCCACAGGCTCTTTCAGCAGCAAACATCCCGACTTCGTGCCCGGCACGACGGCGGAATGTTTGGTGCTGAAAAAGAATCGGATGCTGCGCTGGCGCACGGCGGCGGTGCTCGCCGCGATCTTTGTCGTTATCGGCGCGATCTCCCGGGGCGAGGCCGGGGTCGAGACCCTTTCCGAACTGACGGGTCAGACGCCGGAGACGGCCACGATCACGGTGCTCGCGGCGCTCTTCTACTTCCTGCGGCACCTGCAGCATGCGCCCTGGCCGTCCGCGATCCAAAAACACCGGGGAAGTTGCGGCCGGGACCGTAACCGCGCCTCACACCTGAAACGTCCGGCCTTCGCGGGCGATCTCGATCGGGATGGGTTCGTCGAGCCGCGAGAGAACTTCCTGCCGGTATTCCTCGCCGGACATCTCCACAAAGTGGTTGAGCACCAGCTTGCGCGGCCGGGCCTCGCGGACGAGCTGCGCGGTCAGCGAGGGGCACATATGGCCCCACTCCTCGGCCAGCTCGCGGTGTTCCTCACGAAACGAAGACTCCAGTACGACGAGATCCGCGCCGGCGCAGAATTCCGCGAGAGCCTTCGAGTAGGAGGTGTCTCCGGAGAAGACCGCTGAACGGCCGCCGTCCTCAATCCGGTAGGCATAGGTGAGCTTGGGGTGGTTGGTCACCACGGCCGACAGCGATGCGCCCATCCACATCTCCGGCACCTCCGAGGTCTGGTCGTAGCTCTCGATCGCGCCGAGTTCGGAAAAGACCATGTAGTCGCGGATCGATTCGGGGGCGACGAACGTACAGCGGCTCGAGCCCGTCTCGCCTGCGGCGTGCATGGAGATGCGGCCGATGATGTAGCTGCCCAGCATGGCGATGTGGTCGGGGTGGAGGTGGGTGATCAGCACGTGGTCGACTTCATGGATCAACGAGGCATCGTCGAAGATCCGCGGCGACCCGAGGTCGACGAAAAAACGTCCACCGGACACCTCGACCAGCGCGCAGTTCATCTGGTCCTCGCGCGGATACACCCCGCGCACGCCGTAAAACGTTATATTCATAGTGCTGGATTGCCGTTG
NZ_CP010904.1_gap46	1902669	1905250	2581	TTCGTGACCGGGCGAGAGTTCGAACGGAAAGATATGATCGAAGCCGTCCAGTACATTCACCCCGACGTGCGAACCGCGGATGGCAATTACGGACCGCGGCGTCTTCAGCGTGAACCCGTCCCGGTTCAGTTCCGGAATCCGGCCCGTCTTTACGCGGAAGTATCCCTGATCGAGTTTCGCCCGGAACTTGTTGGCTTCCGGCTTCGCGGGCTTGAAGACATATTCATCCAGCACCGACACACTGTTCATGCCCTGCCGGTACTCAGTACCGTCCCTGAGGATGATCAGCAGTTTCGCATTGCGCCCGGTTTTGATCTTATCGCCGAGATTGACGTTCGACTGCGGCCTGAGTTCGCGCGCGGTCCCGCCGTCGCTGATCGCCTCCGCCTCGCCCTGCATTTTGGAAACATACCCGATGACCTCAGCCGCTTCGACCGTGAACCCCGCCAGGGCCACCGCCAGTAGAACCATTCCTGCTCGCCACAATTTCATCGTACCCTCCTCAGTTTGACTCGACCGTACACGCTGTCCCGAAAAATGCAATTGCAGATTCGGCTCATAATGTATTCAATCCACTCAGCCACGCCAAGGGAAAAACAGTTCAACCTGCGGGGTTACGGGAGCATATGCAGCAGAGCCACCCTTTTTTCGACCTATTTGAAGCGCCGCGCCGGGAGGAGCTGGCCCACGCCATGCGCGTCCGCAATCTCAGGGAAGGCACCACCCTTTTCGAGGACGGAGAGGTCGCGACGGAATTATATCTCCTCTTTTCGGGCCATATTCACCTCTCCAAGCAGGACCAAAACGGGCGGGCGTGGATCCTGGCCGAGGTGGGACCCGGAGAGTATTTCGGGGAGTTCGGCGTGTTCGACGGCGCCCCCCGCAGCGCCCGGGCCGCCGTTATCGTGTCTTCCTGCGTCGGGGTCCTGGACCGGGAATGCGTCCTCGACGCCGTCCGCAAATCGTCCGCCGCGACGGCCCTCGACCTCATGACCCACCTGACCCGCAAATTGCGCACGGCCAACGATTATTACCTCAGGGAGCGTATCCGCGAGGAGCGGCTGGCTATGATGGGGCGGACGCTCAACATGATCGCGCACGATCTGCGCAACCCCCTCGCCGCAATCTCCATGGCGGCGGAATGCCTGCTCAGATCCGCGGACGGCGGGGAAAACGAATATTACGGTCAAACGATTGTCGAAAATTCCGAGCGGATTCACAGCATGATCGAGGATCTCATGGACTTCGCGCGCGGTGAACACCGGCTGACGGTTACATCCTTCCGGCTGAAACCGTTCCTTGATTCGGTGGCGGAGACTTACCGCAGCCGGGCGGAGCAGTGCGGAGTGACGCTGGACGTGGAGGCGCCCGAAGTCGAAGTGCGCGGCGATGAGCGCAAGCTGAGGCGTGCGGTTCAGAATCTGGTCTCCAATTCACTGCAGGCTTCGCCTTCCGGAACCGCAGTGAAAATCAATGCCCGCAAACGCGCATGGGGCTACACCATCCGGGTTGAAGACGAGGCCGGGGGCATTCCGGAAGAACTGCGCCAGCACCTGTTCGACCCGTTCGTCACACGCGGGAAAACCGGCGGGCAGGGACTCGGTCTCGCCATCGTTCAGTCCCTGGTCCGTGCGCACGGAGGGTCGGTCTCCTGGGAGGAAACGGCGAAGGGCACGCGCTTCCGCGTGGACGTCCCCTCCGACCCGGAATCCTGACCGGTCCGATACGACCGCCCTTTTCGGGTTCAACGTTCCTCGGCCCGGGTGGGAAGATTCCATTCCCCGATACGGCGCGTTACGGTTTTTTTCGGGGGAGCATCCTCGACGGGCCTGTACAGATCCGGAACCTGCTCCCGCAGGTGAGCCTCCACGGTCTGAATGGTCGGGCCGTAGCCGTCGGCGTAAATAAACTCCTCGAGGGCGCGCGCCGCATCGGCCGTCCGCGCGTAGCGATGTTCCGGGTCCGGGGCGAGGAGGCGCCGCAGGATCGACTCCAGCGCCGCCGGCGTACCGGGAGGAAGACGGTTCCAGGGCGGCTCCACCCGCAGAAAATCGTCGCGCGCGGGGGTCATGTTCCCGGGCCGCACGGTAAAACCGGAAAGCATCTCGAAGAGTACCGCGCCGAGCGAATACTGGTCGGAGCGGAAATCGAGGGGATGGCAGGCGGCCTGCTCGGGCGACATGTAGGGGACCTTCCCCGTGATCCAGTTGTCGCCCATGACGCTGTTCGAACTGGCCTTGGCGATGCCGAAGTCCGTGAGTTTCGCCAGCCCTTCGGAACTGACCAGGATATTCCGCGGGCAGACATCGCGATGGACGATGTCCAGCTCTCTGCCGCGGCGGTCGCGGAACTCATGGGCGTAGGCCAATCCCCTGGCGACTCGGCTTGCGGTGTGGACGGCCAGATCTTCCGGAATCCGCTCTTCTTCCGTACGCAGACAGGCCATCCAGTCGCGCAGCGACAGACCGTGCACGTATTCCATCACCATGAAATAGTCGCCGTTGTCCAGCCGGTCGAAGTGATAGATCTGGACGATATTTTCATGGACGAGGTCGCACACCAGTCGGGCCTCTTCGAGGAA
NZ_CP010904.1_gap47	1922080	1923898	1818	ACACTGCTCGAGGAGGAGACGGTGCCCCGATCGCGCATCAGGCAACTCCTTGAGGAGACCCCGCCCGAAGGGGACCACGCATAGACGTTCAATCCACGGTACGTCTGACTTCTTCGAGCATCTCTCCCACGCGCCGCACCCCCTGAATCCTCCGCATCAGCTCGCGGCGGCCGCGTATTCCGCGCAGGTACCCGGCGAGATGCGCCCGTCCCGCGGAACAGGCCTTACGCTCCGCGCGGTCGCGATCCAGACCGCTGCGCACGTACAGGTCCCGCAAACCGCGCAGGTGACGCTCGATCACGGCGCACCGCTCCCCGGTTGAAACCGGCGGTTCACGGTTTGGGAGCAGTTCGCGGAAAATCCAGGGACGACCGATCGCCGCCTGGCCGATCATCACCCCGTCGACCCCGGTCTCCCGGATCATGCGCTCCGCATCCTCCCTGCCCGCGATGCCGCCGTTGCCGACCACCGGGATCCGCACCGCCGCCTTCATCTTCGCGATGCGGTCAAGATGGACGGGCCCCGCATGCCGTTTCGTCGCCGGCCGTCCGTGCACGATCAGCAGGTCCGCCCCGCCCTCCTCTGCCGCACACGCCACGGCTGCGGGATCGTCCTGTTCGCAGTAGCCGATGCGGGTCTTAACGCTGAGCGTACCCCGGACGGAAGCGCGCACGGTCTCGACATAGCGCCGCAGCCCCGCGACGTCGCGCAGCAGACCGGCGCCCGCGCCCTGCCCCGCAATCTTCCGCGCCGGACAGCCGCAATTGAGGTCGATCCAGTCGAACGCCCCGGACCTCTCGACTTCGGCCGCGGCCCGCGCGACGCTGTGTGCCTCGGCGCCGAACATCTGCGCCGCCGCGGGGTGGACCTCGCCGAACGTTTCCAGGATGCGCGCCGTGCCCCCGGACCCGCGCACGAACCCCTCGGCGCTGGCGAGTTCGGAGACGACCGCCCCCGCGCCGTATTCGCGGCAGATTGCGCGGAAAACCGGATCGGTGTAGCCCGCCATCGGCGCGAGGAACACCGGCGGGTCGGCCGTCACCGTCCCGAACTGCAGATGGGAATGAACAGGGCCTTGGTTCACGCGCGGATACGTGCGAGGACCTCGTCGCGTTTCTGTTCCATCATCTCCGCCGTGCGGGCTTCCAGATTGAGTCGCACGAGCGGTTCGGTGTTCGACTTGCGCACGTTGAACCAGAAATCATCGAACTCGAAGGAGAGCCCGTCGAGTTCGATGACCTTGCCGGTACCGTACTCGGCGCGCAGCCGTTCCAGCACCTCGTCGGGATCGCCGACGCGGGAATTGATTTCACCGCTGGCGCAGTAGCGGGACACCGGTTCGATAAGCTGTGAGAGCGTCTTTCCGGTATCGGCGATGAGGTTGGCGATATGGATCGCGGCGAGCGAGGAGCATTCGGCGAAGTAATTTTCGCGGAAGTAGTAGTGGCCGGACAGTTCGCCCGCGAACAGCGCGTCCGCCTCGCGCATCTGGTTTTTGATGAAGGCGTGGCCGACGCGCGACATGCGCGCCTCCCCGCCGGATTCCTCGATGATTTCCTTGACCGCCTTGCTGCTGCGCAGGTCATAGAAAATCACGCCGCCGCCCTTGCGCTTGAGCAGCGATTCGGCGATCAGCGCGGTGATCTTGTCCATCGACACCACGTCGCCGTGTTCATCCACAAACCCCGCACGGTCGGCATCGCCGTCGAAGGCGATCCCGAAATCGCACCCCTCTTCGCGCACTTTCGCCTGCAGGGGCTCCATGGTTTCGAGCTTGAGCGGGTTCGCCTCGTGGTTCGGGAAACGGCCGTCGTACTC
NZ_CP010904.1_gap48	1928863	1930126	1263	AGCATTCAGGCTCCCCCTCTTACTCTCACTCCGACCCTGTCTCTTACTCTGATTCTGACTCTGATTCTGTCTCTGATTCTGTCTCTGACTCCGCCTCCCCTCCCGGTGCCCGACGCAGTGCTTCGGCAAGCTCGGCGAGGCGGATGGGCTTGGCGACGTAATCGCTCATCCCTGCGTTGAAGCATGCACGCTGATCCTCTTCGTAGGCGTGGGCGGTCACTCCGATAATGTAGGGCGAACGGGCGCCGAACTGCGCTTTTATTTTCCGGGTCGCGTCGAGCCCGTCGAGCTCGGGCATTTGGATATCCATCAGGACTACGTCGAAGCGGCGCTGTTGTACCCTTTCAAGCGCCTCGCGCCCGTTTTCCGCGAGTTCGGCGCTGTACCCGAGACGGCCCAGCATGCGCATCGCCACCATGCGGTTGACCGGGTTGTCTTCGGCCAGCAGGATGCGCAGGGGATGGCGCCGTCCGAGGTCGTCGTCCGGGGCAACCTCCGCCGGCTCGGCCTGCATGGATGCGCCGGCTTTTTTCTCGCCGCGCTGCACCCGCACGGTAAAGGTAAACGTGGAACCCTCGCCGGGAGTGCTCTCCGCCTGCAGATCGCCGCCCATCAGTCGACACAGTTCGCGGGAGATGGTGAGTCCGAGGCCGGTGCCGCCGTACCGCCGCGTCGTCCCCGGATCGGCCTGCACGAACGGATCGAAGATCTTTTCGAGCTCTTCTTCCGTCATGCCGATCCCGGTATCGCGTACGGCGAACGCCAGTGTGACCCGGTTCTCCTCCTCCCTGCTCTTCCAGACCCTGAGTTCGATTTCGCCTTCGCGGGTGAACTTGACGGCGTTGCTGAGCAGATTCAGAAGCACCTGACGGAGGCGGTCGGCATCCCCGCGGGGATGCGCGGGGACTTCGTCGGCGACGGAAAAATGGAGTTTCACCTGCTCCGGCGCCCGACGCGATCGTACGATGTCAAAGGCGCTTTCGATACATCCCTTGAGATCAAAGCTGTCCACATCGAGTTCGAGCTTTCCGGATTCCAGCCGCGAGACCTCGAGCAAGTCGTTGATGATGTTGAGCAGGGCGCGCGCACTGGAAAACACCGTCTGCAGCGAATCCCTGTGTTCGCGCGGGAGATCGGCCTCCATCAGCAGTTCCGTCATGCCCAGCACCGCATTGAGCGGCGTCCTCAGCTCATGGCTCATGCGGGCGAGAAAATCGCTCTTCGCACGACTGGCCTCGGCCGCCTCTTCGGCCGCGCGCTGGG
NZ_CP010904.1_gap49	1996124	1997617	1493	ATCGGGTCGTTCTCCGCGCAGAGCGTGTCGCCGGTGGTCGCCTCCTTCGGCCCCACGATCGCGCCGATTTCGCCTGCATAGAGCGTATCGACCTCTTCGCGCTGGTTGGCGTGGACGCGCAGCAGCCGCCCGATCCGCTCGCGCCGGCCGGTGCGGGGGTTGAAGACGTTCTTGCCTTTTTTAAGGGTGCCCGAGTAGACGCGCGTAAACGCGACCTTGCCGACGTACTCGTCGGTGGCGATCTTGAATACGAGCGCACTGAGCGCCGCCCCGTCGGCGGCCTCGCGGGTCAGCGTCTCCTCCGATTTAGGGTGCCGGCCCTCGACGGGCGGCACATCCGCGGGCGAGGGCATATAGGCCACGACGCCGTCGAGCAGCGGCTGGACGCCGCGATTGCGCAGGGCCGTTCCGCAGAAGACGGGAACTATTTCGCCCCTGATCACGGCGCGGCGGATGCCGGCCCGGAGCAATTCCGCGGAGACGTCGCGTCCGTCCTCAAGATACGTTTCCAGGACCGCCTCGTCCTTCTCGGCGACCCGCTCGATCATTTCGGCGCGGCGGCGTTCGGCCTCCGCGGCCAGTGATTCGGGGATAGATTTGAAATCCACTTTGCGGCCCAGCGACGCCGCGTCAAAGGTGACCGCCTGCATCCGGATCAGGTCGATCACACCTTCGAACCCGTCTTCCGCACCCCAGGGCATCTGGACCGGGACGACCGGCGCGGCGAGGCGCTCGTGGATCTCGCGCACCGTACCGTCGAAGTCCGCGCCGGTGCGGTCCATCTTATTGATGAACGCGACAAAGGGGACATTGTAGCGGCGGGCCTGCCGCCAAACGGTCTCGGACTGGGGCTGCACGCCGCTCACGGCGCAGAAGATGCCCACGGCGCCGTCGAGGATGCGCAGCGAGCGCTCGACCTCCACCGTGAAATCGACGTGGCCGGGGGTATCGATCAAGTTGATCTGGGCCTGCTGCCAGAAGAGCGTGGTCGCGGCGCTGGTGATGGTGATCCCGCGTTCCTGTTCCTGACTCATCCAGTCCATGGCGGCGCTGCCCTCATGGACCTCGCCCATCTTGTGGACTCGTCCGGAGTAGTAGAGCATGCGCTCGGTGGTGGTCGTCTTACCCGCGTCGATGTGCGCGACGATCCCGATGTTGCGGACATCACCGAGGGCGTACGGACGCGAGGGATCCTCATCCTTCGAGGATACCTTTGCCTCCGCCGTCCTTTTGGTTGCTGCCACCACGTTTCCCGTGCTTTCCCTGGGGGTCGGTTACCATCGATAATGGGCAAATGCCTTGTTGGCCTGGGCCATCTTGTGCGTATCGTCGCGTTTCTTGACCGCGGCGCCCTGGTTGCGGTAGGCGTCGAGCAGTTCGTTCGCCAGCGCGCGCTGCACCGGAATGCCGCGGCGGCCGGTCGCGTACTGGATCAGCCAGCGCAGCGCCAGTGCGACCTGGCGGGCCGGCTTGACTTCCATCGGGACCTGATA
NZ_CP010904.1_gap50	2002579	2005713	3134	GACCGAGACCCTGCATCTCGCGTATAAGGACGTTGAACGATTCGGGGCGGCCCGCCTGAAGCACGTTTTCGCCCTTCACGATCGACTCATAGATCCTCGTGCGGCCGGAGATGTCGTCGCTCTTGACCGTCAGGATCTCCTGCAGGGCGTGGGCCGCCCCGTAGGCCTCGAGCGCCCACACCTCCATTTCGCCGAAGCGCTGTCCGCCGTACTGCGCCTTTCCGCCCAGCGGCTGCTGGGTGACCAGCGAGTACGGGCCGACGGCCCGCGCGTGGATCTTCTCGCTCACGAGGTGGTGGAGCTTCAGCATATAGATGTAGCCGACCACGACACGCTGGGCGAAGGGATCGCCCGTGCGGCCGTCGTAGAGCACCGCCTTGCCGTCGCCGCCGACGGTCTTTTCCTCGCCCGCGGCCTCCTCGGCCTCATTGAGCAGTTCGTGAATGGACTCCTCGCTGATCCCGTCGAAGATCGGGGTCGTGGCGTGGAACCCGAGCTGCTTGCACGCCCAGCCGAGGTGGGTCTCGAGAACCTGCCCGACATTCATGCGCGACGGCACACCCAGCGGGTTGAGCACGATCTCCACGGGGGTTCCGTCGGGGAGGAAGGGCATATCCTCTTCGGCGACGATCCGCGAGATGACGCCCTTATTCCCGTGGCGGCCCGCCATCTTGTCGCCCACCGAAAGCTTGCGCTTCTCGGCGATGTAGACCTTGACCTGTTTGATAATGCCCGCGTCCATCTCTTCGCCGCTGCCGACGCGCTCCATCTCGCGGTCCATTTCGGACCGGGCTTCGGCGAACTTGTCGCGGTACTGGTCGATGATCTCCATGAGCTTGATCCGGATCGGGCTCTGGTCGATCTCGATGTTGTCGTAGTTGGTGGCCAGCTTGCGCAGAAGCGTCTTGGTGATTTTACGGTTCGCGGGGATGATGACGTCCCCGGTGCTCATATCGACCACGTCGAGCGGGATCTTCTCGCCGAGCAGGATATTGCTCAGCGCCTCGGTCAGGCTCTCGCTGATCTCCTGCGCCTTTTTGCGGTGCTGTTCCTCGATCTGACGTTTCTGGTGAGCGGTATCTTCGCTCTCTTCCTCCTGCGCCTTGATCTGGCTCTTGGAGGAGACCCGCACATCCATGACGATCCCCTCGGTACCGCTCGGGACGCGGAGCGAGGTGTCGCGCACGTCGGCGGCCTTCTCGCCGAAGATCGCCCGCAGCAGCCGCTCCTCGGGGGCGAGTTCGGTTTCGCTTTTGGGCGTGATCTTGCCGACGAGGATATCGCCGGGATGCACTTCGGTGCCCACGCGCACGATGCCGTCGTGGGTCAGGTGACTCAACGCCTCTTCGCCCACGTTGGGGATATCGCGCGTGATCTCCTCGGGCCCCAGCTTCGTATCGCGGGCGCCGCATTCGAACTCCTGGATGTGGATCGAGGTGTACACATCCTCACGGACCAGTTTTTCGCTGATCAGGATCGCGTCCTCGAAGTTGTAGCCGCACCAGGGCATGAACGCACAGAGCACGTTGCGTCCGAGGGCCATCTCGCCCTCGTCGGTCGAGGCGCCGTCGGCGAGCACATCGCCGGCTTTGATTTTGTCGCCGGCCTTTACGATGGGCTTCTGGATCATGCAGCTTCCCGCGTTGGAGCGCATAAACTTGATCAGCCCGTACTCCTGCACATCATTCTTGGGCGTGCTCTTCTTCGGCATCGAACCGTCGGCGGTCACAATTATTTTGTCCGCCGAGGCGTACGCGACGGTCCCGGCCTTTTCGGCAATGCAGAGCACGCGGGTGTCGCGCGCCATGCGGCCTTCCGATCCCGTGCCCACGAGGGGGCGCTCGGTCTTGAGCAGCGGCACGGCCTGGCGCTGCATGTTCGAGCCCATCAGCGCGCGGTTGGCGTCGTCGTGCTCGAGAAACGGGATCAGGTTCGCCGCGACCGAGACGACCTGTTTGGGCGAGACGTCCATGTACTGGACCGTCTCCGCGTCGGCCATCATGAATTCCCCGCGGTAGCGGGCCATGACGGTATCGGAGGTGAAGCGGCCGGCATCGTCGAGCGGCGCATTGGCCTGCGCGATGATGTAGTTCTCTTCGCGGTCGCCGGCGAGCCATTCGACCTTCCCGGTCACGCGTCCGCCGGAGACCTGCCGGTAGGGGGTTTCGATGAACCCGTAATCGTTGACGCGGGCGAACATGCTCAGCGACGAGATCAGGCCGATGTTCGGTCCCTCCGGCGTCTCGATCGGGCAGATCCTTCCGTAGTGGCTGCTGTGGACGTCGCGGACCTCGAACCCGGCCCGTTCGCGGTTCAGTCCCCCCGGTCCGAGGGCGCTGAGGCGGCGTTTATGGGTCAGTTCGGAGAGCGGATTGGTCTGGTCCATAAACTGACTGAGCTGCCCGCGGCCGAAGAAATCCTTGACCACCGCGGAGAGGGCCTTCGGGTTGATCAGGCGCTGGGGGGTCAGCGTTTCCACCGTCGCGTCGAAAATCGTCATGCGCTCTTTGACCAGGCGCTGGATGCGGGCGAGGCCGACGCGGCACTGGGCCTCGAGCAGTTCGCCCACCGTCCTCACCCGGCGGCTGCCGAGGTGGTCGATATCGTCGAGGGTCCCTTCGCCCAGGCGCACTTTGATCAGGTAGCGTACGCCTTCGACGATATCCTCATTTTCCAGCGCGAGGCTCTTCTTCTCCAGGCCCAGCTTCTGCTGCATCTTGTAGCGGCCGACCTTGCTGAGGTTGAACCGGCTCTCATCGAAGAAGAGGCGCTTGAGGAGCTGACGCGCGCTGGCGGCCGTGGGCGGATCGCCGGGCCGGAGCTTCTGGTAGAGTTCCTTGAGCGCTTCGTCGGTGGACCGGGTCTGGTCCTGCTCGAGGGTGCGCAAATACAGGCCGTTGTCCCAGGAGACGTCGACGGCGTCGACGGAGCTGTAGCCCGCCACGCGCATGCGTTCGAGGATATCCGGGGTGATGTACTCGAAGCGGCGCCCGATGATCGACTGCTCGTCGGCGTCGATGATGTCCTCTTTCAGCGCCAGGCACTCGAGATCCTCTTCGGAGTAGCTCTTTTTGAGCGAGAGCGGCTTGACCTCGTAGTACAGGCCGATCAGTTCCTCGTCGGTGCCGTAGCCG
NZ_CP010904.1_gap51	2007795	2010498	2703	GATGTCGAAGTCGAGCCACCCGTCCTGAACTCTCTGCACGAGGTCTTCAAAGCCCACTTCCTCGGCGCCGGCTTCGCGGGCCGCGTTGGCCGCCTCGCCGGTCGCGAAGACCACCACGCGCACCTTTTTGCCCGTGCCGTGGGGCAGCCCGACCGTGGAACGGATCGCCTGGTCCGACTTGGTCGGATCGACGCCCATCCGGAAACTCAGTTCGAGGGTCTCGTCGAATTCCGCGGCGGGGTGACCGCGGAAGAACTCCACGGCCTCTTCGATCGGACGCACCTCGCCGGGATCGAGTTCCGCCTTGATCGCCCGGTATCGCTTTCCGTGTGTAGCCATGTCAGTCCGTCACCTCAATTCCCATGCTGCGCGCGGTACCCGCAATAATGTGTACCGCCCGGTCCGTGTCGTGCGCGTTCAGATCGTCCTTCTTCCGCTCTGCGATCTCCGCGAGCTGGGCTCGGGTGACCTTCGCAACCTTTTCACGGTTCGGTTCGCCCGATCCCTTGGCAATCCCCGCCGCTTCCTTCAGCAGCACCGCGGCCGGCGGCGATTTCGTGATATAGGAGAACGACCGGTCTTCGTAGACCGTGATCTCAACGGGGATCACCGTGCCCGTCTGCTCCTGCGTGGCCGCGTTGAAGGCCTTGCAGAATTCCATGATGTTCACACCGTGCTGACCCAGCGCCGGTCCGACCGGCGGCGCGGGGTTTGCCTGCCCCGCCGGGATCTGCAGCTTGATCAGTCCTGTAACCTTCTTGCCCATGCGCGCCTCCGCTCAGGTACGCTCGACCTGCCAGAATTCCAGTTCCACCGGGGCGGTCCGCCCGAATATCGAGACCGACACCTTCAGTTTTCCCCGATCCGAATCCACTTCTTCGATCACACCGGTAAAATTGACGAACGGGCCGTCGGTGATCTTGACGGTCTCTCCCGCCTGGAACATCACCTTCGGCTGCACCTTCTGCTTCTTCTCCTCGACCTGGTGGAAAATCATATCCACCTCGTCGGGGCGGAGGGGTACCGGCTTCTCGCCCCCCACGAATCCGATGACGCCCGGCGTCTGCTGAAGGAAATACCAGGGGCGGTGATCGAGACGGTTGTTCTCATCGTACAGGGCCACACTGATCAGCACATAGCCCGGAAAAAACTTACGGGTGGTCGTCCGTCGCTTGCCCTGTTTGACCTCCGAGACCTTCTCCGTCGGGATCACGACCTCGCCGATGTAATCCTCCATCTCCTCCTGCGCCACGCGGCTCGATATATTATCGCGAACCTTCTGCTCATGACCGGAAAGCGTATGTAATACGTACCACTGCTTTTCCATAATCCCCGTCCCGGCCTCGACGCCGTCCGTTCCGCTCACCGGAGCACCAGCCTGATGGCCCACATCAACACCGTGTCGCTCAGTCCGACGAACACCCCGAGCAGGGCCACCGTCAGCAACACCACGCCCGTCGAACCGGCCAGCTCACGCCGGGAGGGCCAGGCGCACTTCTTCAGCTCCGCCCTCACCTCCGTGAGATACGTCCGCAGTTTTTCAACCCATCCGAAAACGCGTTTCATCCTGTCATCCTTACCGGACCTGGCAGGCCAGGAGGGACTCGAACCCCCAACAACCGGTTTTGGAGACCGGTGCTCTGCCGAATTGAGCTACTGGCCTTCACTATTAAAAACTACCGGGTCTCACGATGCGCGGTATGCCTGCGGTCGAACGGGCAGTACTTCCGGAGTTCGAGCCGACCCCGCGAATTCTGCCGGTTCTTCGTCGTCGTGTAATTGCGCCGCTTGCACTCCGTACACGCGAGCGTGATGATTTCCCTGGGCATGGTTCGATCCCCCGGCCGTTAAGACGCGCGGTCCGCGGCCTGTGCCGCGGACCGCCCTGCCGCCTGGATTTACTCGACCACCTCGGTGACCCGGCCGGCGCCGACCGTGCGGCCGCCCTCCCGAATCGCGAAGCGCATGAACTGCTCCATGGCGATCGGCGTGATGAGCTTGACTTCCATCTGGACGTTGTCGCCCGGCATCACCATCTCGACGCCCTCGGGGAGCGTGATGTCGCCGGTCACGTCGGTCGTACGGAAGTAGAACTGGGGACGGTATCCCCGGAAGAACGGCGTATGCCGTCCGCCTTCCTCCTTGCTCAGCACGTAGACTTCCGCGTTGAAGTGGGTGTGCGGCGTGATCGAACCCGGCTTGGCGAGCACCTGCCCGCGCTCCACCTGGTCCTTCTTGACCCCGCGCAGGAGGCAGCCGATGTTGTCGCCCGCCTGTCCCTCGTCGAGGATCTTCCGGAACATCTCCACGCCCGTGACCGTCGTCTTCTGCGTATCGTGAATGCCCACGATCTCGATGTCGTCGCCGGTGTGCACCATGCCGCGTTCGACGCGACCCGTGACGACCGTTCCGCGACCCTCGATCGAGAAGACGTCCTCGATGGGCATCAGGAAGTCCTGGTCCACGAGGCGCTCGGGTTCCTCGATAAACGAATCCAGCGCGTCCAGCAGCTCCTGGATGCACTTGGTCTTCTCTTCATCCGTGGGATTCTCCAGCGCCGGCAGCGCGGAACCGCGGATGATCGGCGTGTCGTCGCCCGGGAACTCGTACTTGTCGAGAAGCTCGCGCACTTCCAGCTCCACGAGATCCAGCAGCTCCTCGTCGTCCACGAGGTCGCACTTGTTCAGAAACACCACGATCCGC
NZ_CP010904.1_gap52	2014412	2016941	2529	CCGATCGCGTCGGACCGCGCGTTCATCGAAGCGGCGTTCAGCCTGCAGAACACCGCGGACCGCTATTTCAGCGACGCCGTGGCGGGAGAGGATGCGGTGTATGTCATCGCCCTCGAAAAACGCCTGCCGTCGTTCGTACCGCCTTTCGACACGGTCGAGGCACAGGTTCGGGCGGCGGTACGTCGTGAAGCGAGACGCGAGGCTCTTGAAGCCAGAGCAGACCTCATCCGAGACCGGGTCGCGGAGGCCGTGTCGGGCGGCAGGACCTTCGCGGAGGCGCTGAAGCCGTTCGGCCTCACCCCGGAACGCACGCCGCCGTTCAGCCCCATGCAGGGTCCGGAGGACGATCCGCTCGCCCCCTGGCTCAGCACCGCCGCGACGCGCGCGGGCGAGGGCGAGATCGCTTCGCCGCTGCCCTTCCGCGGCGACCGCTACCTGATCGCCCATGTCGCCGCCTACACGCCCGGCGACGAAAGCGGGACGCTGCCCGGGCTGCGTCCCGAACTGGTGTCCTTCCTCCGCCGCGACCGGATCAACCGGCTGCTCACGGAGGCGGGCCGCTATACGCTCGAGGAGGCGGGGTTCCGCGACTACCGCGCCGAGCGCGAGGCGGAAGGCGAGCAGACCGCGGAAGATTGAGCGCGGGGATCAACCGCAGGCCGCAGCCGTGAGCCCGTCGATGGCCGCACCGGGGTCGCGGGCGTTACAGACGGCGCCGATGACGGCGAAGGTGCGTATGCCCGCGGCGCAGATACGGGGCACGGATGCGGCATCCATGCCCCCGATCGCCACGCACGGAAGCGCGGAGGCGCGGATCAGTTCCGCCGCGCCGGCAACCCCCAGTACGGGATCGCGCACAACTTTGGTGCGCGTCGGAAAGACGGGCCCCACGCCGATGTAGTCGGCACCGCGCATCTCCGCATCGCGCACCTGGCGCGCGTTGTGCGTCGAGATCCCCATCCATGCGCCGGGATCGGGCCAGAGCCTGCGCGCCCGTTCCGGATCCATGTCGTCCTGGCCGAGGTGGACTCCGTCGGCCGCGCACTCGCGGGCGAGTTCCACGTCGTCGTTGACGATGAAACGCGTCGCGCTGTTCCGGGTGATCCGGCGCAGCCTGCGGGCGCACGCGAGCCGCCCCTCCGCGCACTCCCGCACGGGTCGGTACTGCAGCCAGGGCACCTCCCGGGCCACCGCAGCCTCGGCGCAGGCCTCATATCCCGCGACGGGTTCGGTGAGGATAAGGTAGAGGCCTTCGGAAAACCCGCCCCGCGCCGTCATGAGGATCTCCTCCCGCAGACCGGGCAATCCGCGTTCCGCTTTACGGGTAGGCGGCGGAACGACATCTCCGCCAGGTCCATCCTGAGCAGCACGCCGGTCAGCAGCGTCCCGAACCCGCAGATCAGCTTGATGGCCTCCATCGCCTGCAGCGCACCGAGCACGCCGGGCAGCGGGCCGGGCGGACCGACAGGGCGGTCGTTTCCGTCCGGAGGCAGTTCGGGAAACACGCAACGATAGCACGGGCTTTCGCCGGGGCGGACGGTCATCACTTCGCCTTCGCACCCCGCCAGTCCGGCATGCACGTAGGGCCGCCCCAGCCGGTGCGCCTCGCGGGCCAGGATGGCGCGCGGCGCGAAGCGGTCCACCGCGGCAAGCACGACATCGACCCCCTCCATCAATGAAGGCGCCGCAGCCTCGTCCAGGGCGCGCGGTTCGGATTCGACCCGGATGCCGGGGTTGAGCGCCGCGAGCCGTTCCGCGGCCGCTTCGGCCTTGAGCCGCCCGACGTCCGACGCCGCGTACAGCACCTGGCGCTGAAGATTACTCTCCTGCACGCGGTCAGGGTCCGCCACGCGCAGCCGTCCCACCCCGGCCGCGGCGAGGTAGAGCAACGCGGGGGAACCGAGCCCGCCGGCGCCGGCGACGAGTACGGCAGCGGCGGCGAGCCGCCGCTGCCCCTCCGGCCCGATCTCGGGCAGGTCGAGCTGACGCCGGTAGCGTGCTTCGAAGTTCACCGGTAGACCGCCTCCCAGTTCTTGAAGACCGGCTCGAGGTTCGCGGCCCGGAGCATCGCGCAGAACTCGTCGATGCCGCGTCCGTCGCTCACCTCGAACTGCCCCTCGGAGTACTGCGTCCGGCCGCTGTAGCCCCCGACCGTCGTCCGGCTGGCCACGCTCATTTTCGAAATCCCCACGCCGGCCATGCCGTCGCGCAAGGCGGGGCGCTCCCGGGTGGACAGCACCAGCGGGACATCCGGGAGACAGAGTCGGAAGGCATAGATGAACTGGGCCAGCTCGCGATCGGACACGGGAAAGTCCGGCCGGAACCCACCCTCCTGGTCGCGGATCCTGGGGAACGATATAGAGATACCGCTGCGCCAGTACTGTTTGCGGAGCGCCGCGGCGTGCCGGTAGAGCGCGAGCAGATCGTAACGGGGATCCGAAAGGCCCAGCAGAGCGCCGAGGCCCGCGAATCGAAGACCCGCCCGCAGCGCCCGTTCCGGCGCGTCGAGTCGCGCGCGATAATCCCGTT
NZ_CP010904.1_gap53	2019942	2024008	4066	AAAGGCCAGCGCGTATCCACCCACGATGAGGTATTCAACCTTGTGCGCGTTCAATAACTCGAGCAGATCTCTGAAGTCTGGTTGTACTTCCATGGTATTGACGGCGCAGCAGTTCAACCGTGCTGACGCGCTCCTCAGGGCTCCGCGACATCCAATAGGACAGATCTTCATGTCCGGATTGATCACGCAAGCTTCGCTTCGATATGACTCTCTGCATCATGCCTGCATGCTATCAGAATAGAGGGGTAAGTAAATCAGTCTCTCTTGCCGAACGCCCTCACCTTCGGCACAACGGGCTCCTTTTTCGGAGACCGCCGCTCGGTGATACATGCGGGCATGTGGATTCAAATTCGCTGTCGGGTTCGAAATGGGATAGACCATGAAGGACATGAAGGTTGTTTGAGGGGGAAGGAGGAATCAGAGTAAAAGAGAATTGAAATCGGGATCGGGATCCAAATTGAGCTTCACCACAGATCACAGAGAACATGATTCGTACTCCTACGCGTACTCGGAGTGCCGAAGGTACGATCCTGTTCCCCGATTCCGGGATCTCGGGCACGAGGGCCGCTTTACTCTCTTTCTGACGCTGACGCTTCCTGCTTCTCCCACCGCTCCAGGGCGTTCCGGTACACGTCTCGGTCGGATTCGCTGAAGCAGCAGAGAATGACTTCCATGCGGGGATGATCCGACAGGAAATCCCCGATCGTCCGCACCGCGATCCCCGCGGCTTTTTCGACGGGAAAACGGTAGGCGCCGGTACTGATTGATGGGAAGGCGACGGAAGTAAGGCCGCGTTCGGCCGCCACTTCCAGCGAGCGGCGGTAACAGCATTCGAGCAGGTCCGCTTCACCAGAACGCCCGCCTTTCCATACCGGCCCGACCGTATGGATCACGTGGTTCGCGGGCAGATGGTACCCGCCGGTGATCTTCGCCTCGCCGGTGGGGCAGCCGCCGAGTCTCCGGCACTCCTCCAGAAGTTCGGGGCCCGCGGCCCGGTGGATCGCACCGTCCACCCCGCCTCCGCCCAGGAGGCGGGTGTTGGCGGCATTGACCACCGCGTCGACCTCCAGCGTGGTGATATCGGCGCACAGGACCTTTATACGCGTTTTCATCGCGACCTCCCTTTCAGCGACAGCTTAACACAAAACCCGAGGGAAACTTTTCACGAAAAACGATTTGAGCCTGGTAGGGAATCTGCTAGGTTATGCGCTCATTTTTCGGTGACCCCTTCGTCTAGTGGTCCAGGACACTGGGTTTTCATCCCAGAAACACGGGTTCGATTCCCGTAGGGGTCGCCACTTCCTCGCCACAAAAAAACCGCGCCTCCTGAAAGGGCGCGGTTTTTTTGCGTTTCGCGACCGCGGCCGCGATTCAGCGCGAGTAGAATTCGATCACGAGCGGCACTTCGCAGATCACCGGGATCTCTTCCCGCGTCGGCACGCGCTCGAACGTGATGCTCATGTTTTTCGGATCCACGCGCAGATACTCGGGGGACTGGGTTGAATCGAGCGCCCCGCGAATGGCATCCACTTCGCGGCTCTTCTCGCGCGGCGTGACGACATCGCCTTCACGCAGATGGTAGGACGGGATATCGACCTTACGGTCGTTGACCCGAAAGTGGCCGTGATTGACGAGCTGGCGCGCCTGAAAGATGGTCCGCGCGAACCCTCCCCGAACCACGGCCGCATCGAGCCGCGACTCCAGAAGCTGCATCAGGATTTCGCCCGAGTTGCCCGGCCGGCGCACGGCCTTTTCGAAGTAATTGGCGAGCTGCTGTTCGCGGAGGTTGTACTGGTGACGAAGCCGCTGTTTCTCGAGCAGCTGCCGTCCGTAATCCGAGAGCTTCGGCCTGCGCCGCGCCGTTCCGTGCATACCGGGGGGGTGCGGCCGCCTTTCCATGTACTTGTGCGCCTTCGGCGTGAGCGCCACGCCGAGCCTCCGCGAGACCTTGATCTTCGGCTTGTTCATGATCTGTCCGATTCCTTTGTTTGAGTTTCCTTCCGCCGCCCGCCGGACCGTCGCGGGATTAAGCCGGAACCCCTCCGGCCGCCGATCGGCTCTCCGATTCGTCTTCGGCGCTCGCGCGTATGCGAGAATCCTCCCGCCCCGGCCGCGTCGCGGGGACGCCGCCTTGAGGCAGACCGCGCATTTAAGTATGATCGCGCATGCGTGTCAACCGTCGTCGGCCGGATAATCAGGTTGCGCGGATTCAGGAAGGACCGGGAAGCCGGGGAGAATTAAACCGCGGAGGAACAGAGATTATGCTGCATGAAAACCGGACGCTGACCGTTATTGTGGACGTTCAGGAAAAACTCTTTGACGCCATGGCCGGGCGCGATGAGCTGCTGCGCGGGCTCCGCATCCTGGCGCAGGGTTCGCGGGCGCTCAGGGTCCCCCTGCTCTACACCGAACAGCTGCCCGACAAGCTCGGCCCCACGGTGGAGCCGCTGCGGGAGCTGCTGCCGGAACCGGCGACGGCCTCCAAAAGCGCCTTCAGCTGCTGGCGCGAACCGGCCTTCGCCCGGGCCGTCCGCGCCGCCGACCGGCCCGAGATTCTGCTCGCCGGCATCGAGACGCACGTCTGCATCCTGCAGACCGCGCGCGACCTGCTCGACCGGGGATTCGCGGTGCACGTGGTCGCCGACGCCGTCTCCTCGCGCAGGACGCGCGACCGCGACCTCGCCCTGCAGGCGATGCGCGACGAGGGCGCCCGGATCACCTGCACGGAGGCGGCACTGCTTGAAATGCTGGGGGACGCGCAGCGGCCGGAGTTCAAAGAAATTCTTGCCCTGATTCGTTAGCTTCCCCAATGTAGGGCGCTCTTTTAAGGAAATGCCTGCGGGCGAGGGTCATCAACAAAGGAAGGGTTTCAGTCATGGCCGCGAAAAAAGAACAGATTACCGGGAACATGCTGATCGCGCAGAGCGGCGGTCCGACCGCCGTCATCAACCAGAGCCTGGTCGGGGCGGTGCTGGAAGCGAAAAACCAGGACTGCATCCAGCGCATCTACGGTGCGCGCCACGGCATCCAGGGCATCCTGAATGAAGATTTCATCGACATGAAACGTGAGCCGAAAAAGGTGCTCGAACAGGTCGCGCAGACGCCCTCGTCCGCACTCGGTTCCGTGCGCCGCAAGCCGACGGCGGAAGACTGCGCGAAGATCTTCGACGTCCTCCAGCGTTATGACGTGCGCTACTTCTTCTACATCGGCGGCAACGACTCCGCCGAAACCGCGCATATCATCAACGAGGAAGCGCGCAAGGCGAAATACGACCTGCACTGCTTCCACATCTGCAAGACGATCGACAACGATCTGCGCCAGAACGATCACACCCCCGGTTTCGGCAGCGCCGCTAAATTTGTGGCGCAGGCGTTCATGGGCGACAACCTCGACAACCGCGCCCTCCCCGGCGTCAAGATCAACGTCGTCATGGGCCGTCACGCCGGATTCCTCACCGCCGCCTCCGCGCTGGCGCGGCAGGACGAGGACGACGGTCCCCACCTGATCTACCTGCCCGAGCGCCCGTTCCGGATGACGCAGTTCGTCCGGGACGTGAAGGCGACGGTCAAGCAGTACGGCCGCTGCGTGGTCGCGGTCTCGGAGGGGATCGCCGACGGCAATGGAACGCCGATCGTGCAGAAAAATCTCAAGACCGGCGAAAAGGACTCGCACGGCAATGTACAGCTCAGCGGCACCGGCGCACTGGGCGACATTCTGGCCGCGGAGATCAAGGACAAGACCCCCATCAAGCGCGTCCGCGCCGACACGTTCGGCTACCTGCAGCGCTCGTTCGCCGGCTGCGTGTCGGAAGTCGACGCCGCCGAAGCCCGGCGCGTCGGCGAAGAGGCCGTCCGGTGCGCCGCCACCGGCGGGAAGAGCGGCAGCATCGCCATCAAGCGCAAAAACAGCAAGCGCTACGCCGTCGAGTACAGGCGCGTTCCGCTCAAAAGTGTGGCGAAAGAGACCCGGCACATGCCTGACTCGTTCATCAACAAAGACGGCAACGACGTGACGAAGCGTTTCATCGACTACGCCCGCCCGCTACTCGGTGAAATTCCTTTGATG
NZ_CP010904.1_gap54	2031343	2034351	3008	GTTCGAAACCATCAACGACTACTTCGAAAACCTCCAGCTCTGCTGGAACACGGTGGTCAAGGACGCGATGAAGCAGCTCGTCAATTACAACCCGGACCGCCAGGAATACATGGAGAAACCGCCCCCCATCCCCAATTCCTACCCCCAGGTGCTGCGCACCGCGCTGGAACGCATGCGGCGGATCATTGAAGGCGTCGGGTGGCTGCACGCCGGCCTGCCCCGCGAGAACATCATCGAGCCCCAGCTCGGGTACGCGCTCCGCTCGCTGGAGATGGGCCTCCAGCGGGGACAGGGCTGCTCGCACGGCCTCGTGGGCGTGTTCGAAATCGACAAAACGGGGAAATAGCCATGTGCGGAATCGCCGCTCTCTGGAATCAGCGCAACGACGCCATGCTCGACGCCATGCTCGAGCGGGTGGTTCACCGCGGGCCCGACGAACACGGGACGCACCACAACCGCCGCGGGTCGCTCGGCCACCGGCGTCTTTCGATCATGGATCCGGAGGGCGGACACCAGCCGATCCTGTCCGGCGACGGCCGCCGCGCCGTCATCGCCAACGGGGAGATCTACAACTTCCCGTCGCTCCGCCCGGAGCTGGAGAAGGAGCACCGATTCCGTTCGCGCAGCGACAGCGAGGCTCCGCTCCATCTCTATGAGGACCTCGCCGACCGCGCCGCGGACCGGCTGGACGGCATGTACGCCTTCGTGGTGGCCGACGACGAGCAGCTCTATGCCGCGCGCGATCCGGTGGGCATCAAGCCGCTGTACCTGGGCCGGACGCCGGAGGGACCGGTCTTCGGTTCGGAACTCAAACAATTCGACGGGCTCACCTCGGAGGTCAGGGAATTCCCCCCCGGCACCTGTTATCACACGGAACACGGCTGGCGGACCTTCGCCCCCATCCCCGAGAGGGAACCCGAAGAAGGCCGGAGCACGGAGGACTGGTGCTCGGAAATCCGCACCACCCTCACGAACTCCGTGACTAAACGCATGATGAGCGACGTACCCGTGGGCGCGTTCCTCTCCGGCGGACTCGACAGCAGCCTGATCGCGGCGATCATCCGTCGGCAGGTCGAGGAGCTGCACACGTTCTCGGTGGGGGTCGAGGGCAGCCGCGATATCCAGGCCGCCCGCCTCGTGGCCCGCCACATCGGCAGCATCCACCACGAGTACGTCTTCACCGAAGAGGAAGTGCGGGACGCCCTGCCCGAGATTCTCTATCATCTGGAATCCTTCGACCAGGACCTGGTGCGCAGCGCGATCCCCTGTTACTTCACCTCGCGCCTCGCCGCGCAGCATGTGAAGGTCATCCACACGGGAGAAGGCGCCGACGAACTTTTCGCGGGATATACCTATGTGAAGGACATCGATCATCACGACGACCTGCACAACGAACTCTACCGCAGCGTGACCGCGCTGCATAACATCAACCTGCAGCGGGTCGACCGCCTCACCATGGCCCACTCACTCGAAGGCCGCGTGCCGTTTCTGGATCTGGACATGATCGAACTGGCCCAGCGGATTCCCGCCCGCTTCAAGCTCTGGAGAGACGAGCAGGGTCAGCCGGTGGAGAAGTGGATTCTGCGCAAGGCGTTCGAGGATTTGCTCCCGGAGGAAATCGTCTGGCGCGGCAAGGAACAGTTCGACGAAGGCAGCGGAACGGTGGATATCATCGAGCGCGGCATCCGCCATTTCATTCGTCCGGAGACGGCCGCGGAGTACAGCCGCTCGCAGTCCGGACACCGTCTGCGCTCCCCGGAAGAATGCGCCTACCACAAGGTCCTCGCCGACCAGTTCGAAACCCCGGAACTCGTCCTCAGCAATGTCGGCCGCTGGGCCGACCGCCCGGAGGGTAACGAACTCCCCGGTTAAACTCAGCAGCGGCTTCCGTCCTCTGAAGTGACTTCAACCCGTTTTTCTCTCGCCAAGCCGCCAAGGTCGCCAAGGATTTTCTTCCTTTGGGGGAGCACGATTCCTTTGCCTGTGCTCTTCTCATTCCTCTTTGCGAGATTCATTGCTTATGTTTATGAACTGATCTTCATTGTTCCCTTGCACGCCGGGTAACCGGAGCAGCCCCAGAAGGGCTTCCCGGCCATATTCCCGGTTTTCGCGGTGCGTTTGATCATCGGCTTGCCGCACCTGGGACAGTCCGGCGGTGATCCGGAGCCGCCGTCACCGGACCCGGAGTTCTCCCGCGGGCGCGCGCCATCCCCCGCCCGCGCCAGCGCGTGTCCTTCGCGGTGTCCGCCCTGATCCCCGAACTTGTTTTCCATCGAAGCGATCCGGCGATCGAGCAGGTCGTTTACCCGTTCGATCAGGCAGATCACCGCGTTGGCCGTTACGGCCGGATCGTCGTGTTCCAGCCAGCGTGCGTAAAGGGCTTCGCGCTCCTGGTCGGTCAGATCCGACCGACCGGATCCCTCCACGGCCTGCACAGCAGCCGCTTCAGACCCCTCGTCCTCCCAGAGCGGCAGGCGCCGGCGCCGCAGGATGTCCTCAAAGTCGAGCAGCAGCTCCTCCAGCCTCGCACGCGCCGCATTCATCCGCCGGAGTTCCGTCCGGGGAGAGGACGCGGAGTGGCGGCACGCTCCCACGATGTGCAGCCGCCCCGAACGCGCGGCCCGGATCATCCGTTCCGCGGCCCCGGATTCCGATTCCAGGTGTTTTCTGCCGAACCGGTACGTGGCGTCGTAGATGAGGGTGGCGGTCTGGAAGCTGCGGGTGCGGCGGTATCCTCCGTCGGTGCGTGGTTTTCCGGACATGGGACGGCTCCTGGTTGGGGGTGAAAAACCGGGAGTGGACTCGGGAAAAGTTCGAGACGGATAAGCAGACGACCAGAATCCGGTTAAACTCTGTTGCCCTTTTGTCCGCGCCCCGCATTCAGGATCAGTCCGATCATCGCGCCGGTGACGATCAGGCTCGATCCGCCGTAGCTGATAAAGGGCAGCGGAAGACCTTTGGTGGGAAGACAGCCGGTGACCACCCCCATGTTGATCAGGCCCTGAAGG
NZ_CP010904.1_gap55	2035393	2037658	2265	GAGCTCGTTAAGGTCCCTGAGTTTATCGACGGTGGTCGCGTACTGGCGGGCGATCTCCTCGAGCGTCTCACCGGGATAGACCACGTGTTCCATGACCGTCGGGGCCGCGGCCGGGGACTCCGCCTCTTCCTCCTCGGCGGGGGCCTCCCCTTCGGGAGCCGCGGGAGCCGCCGGTTCCGGCGTCATCGCCGGGGTGGACTCTTTTTCGCCGTCTTCCGGTCTTTCGCGTTCAGGCGGCTCCGCGGCAGACGTTGTTGTTCCGCCCGGAACCACCAGTTCCTGGCCGACGATGATCCGGTCGCCGCGAAGGCCGTTGACGTCGCGGAGTCTGTCGAGGGCCACGTTAAAACGCTGCGCGATTTGCGAAAGCGTGTCTCCGCTCTTGACCACGTAGATCTCTCCGTCGCCGGCCTCCGCGCCGGACTCCCGCACCGCGCCGGGCGAAGGCGCCGACGGCCGGGCGGCGGGTTCGGCCGCATAGGGAGGAAGGAGCAGATCCTGGCCGACCACGAGCCGGTCGGGGTTCTGAATCTCGTTGAGTTCGACCAGCGTAGACACACTGATGTCATGCCGGTACGCAATGGCAGAGAGGGTATCGCCCTTGCGGATGGTGTAGTGCTTGTACTCGGGCTCGGGCATCGGCGCCGGCTCCGGGGCCATGTCGCTCTCGAAAATCGGTTCCGCGGGAGCCACGGGTTCGGGCTCGCTCACTTCCGGGGGCAGGTCGGTCGGCGGCGGGGGATCCACATGCCGCGGCACACTCACGTTTTCCATCCATTCCGGGGTTGTTGAGCACCCCTGCACCAAAAAAATTCCCGCGGCTACCAGCAGATGCGCCGCCATGACCCAGAAAAGAGCTTTCATCAGTACGTGGCCTCCCGTTCGGTGTGACGCCCGGTGCCCCGAGCGCTTCGCTCTATTTGTATTCATGACACCCCCTCCGGTTCAATGCTTTTCTCGACCAAAGCCCTGAATCGATCGCCGCGCTCCTCGAAATCGCTGAACTGGTCGAAGCTCGTGCCGCCCGGCGAGAGCAGTACCGTATCGCCGCGGCGGGCCTCCCCCGCGGCCGCCCGCACCGCCTCGTCGAGTGTCGAGCACCGGCGGCACGGGCAGGATTCGCGCCACGCCGCGTATAAGGCCTCCTCGGCTTCTCCAATCAGATAGGCGGCCGCCACCCGCGCACGCATCAGCGATGCCAGTCCGTCCGCGCCGTGCTCCTTCATCCGCCCCCCCGCAATGAGTCGGACCGGCCCGGGCTGTGCGCGCACGCCCGCTTCCAGCGCGGCGAGGTTGGTCGCTTTGGAATCGTCCACGAACCGGACCCCCCCGCGCACGGCCACCACTTCCGTGCGATGCGGCAGCGGCGCGAAATCGCGGGCGGCGTCTTCCGCGGCGGTGGGCGGAAGGCCGAGCGTGTCCAGGGCGGCGGCGACGGGGGCGGCTCCTCCGGGGCCGCGGACCGGATCCTCGAACCACGTCCCCCGCACATCCATCCGGAACCCGTCCGGACCTTCCACGCGGCCCTGCGCATACACGTAATCCGCCTCCGTCTCTCCGAAGCTCACCCGGCGCCCCCGGGCGCCGGGCGCGGCCGCAAACAGCCGGGCCGCCTGCGCCGCGGGGGCAAGACAGGCGTCCTCCGGACCGCTGTTCTCAAAGATCCGCGCCTTGAGAGCCAGGTAGGTCCGCATGTCCCCGTGCCGGTCAAGGTGGTTGGGCAGCACGTTCAGCACCACCGCCACCCGCGGGCGAAAGCGGTCGACGGTCTCGAGTTGAAACGAACTGACCTCGGCGACCAGCCAGTCGGCGGACTCCCGCACCGCGTCGCTGAGCGGCCGGCCGTAGTTGCCGCACGGCAGGGCCTTCAGTCCCGCGCGGTCCAGCGATTCCGCGAGCCACTTCACCACGCTGCTCTTGCCGTTCGAGCCGGTCACCGCCAGGATCGGCGCGTGCGCGAATCGAGCCCCGAGTTCCAGTTCCCCGATCACCGGCACCCGCGCCCGGCGGCAGGCCTCGACCCACGGATGGGAGCGTTCGAAGCCGGGACTGACTACGGCCACGTCGGCGCGCAGCTCCGCGGGCGGCGGCTCCTGTTCTCCGGCGGCGACCGTGACGCGCACGCCCTCTGCTTCGAGCAGGGCGGCGGCCGCACGGCCGCTGCGGCCCCATCCCAGTACGAGGGCGGTCTGGTACGGCGCATTCATCGGATCTTGAGGGTGGCAATGCCCAGCAGCGCAAAGATGATGGCGAGAATCCAGAACC
NZ_CP010904.1_gap56	2063373	2068260	4887	TGCCGTCGTCGTTGAGGATCTCGCAGCACACCCCGACGGGGCGGCACCCCGCCAGGCGCGCCAGATCCACCGTCGCCTCCGTATGCCCGGCGCGCTCGAGCACGCCGCCGTTCGCGCTTTTGAGCGGAAACATATGGCCGGGCTTCAGAAAATCGTCCGCAGCCGCTTCGGGGTCGGCCAGGGCGCGGGCGGTGAGAGCGCGTTCCGCGGCACTGATCCCGGTGGTCGTGCCTTCTTTGACGTCGACCGAATCCATGAACGCGGTCTTATACTTATCGCCCTCCTCCTGAAGCGGCATCATGCGCGTCAGCCCCAGCCGCGACAGCTCGCTGCCCGCCATCGGCACGCAGACCAGGCCCCGTCCGCGGGCGACCATGAAATTCAGCATTTCGGGCGTGACGTGTTCCGCCGCGCAGATCAGGTCGCCTTCATTCTCGCGGTGTTCATCGTCGACCACGATGACCATCCGTCCGGCGCGGATATCCTCGATCACTTCCGGCAGCGGGTCCGGCACCAGGGCTTCTCGTTCCGTTCCTTCAGCACTCATATACAGGGGCTCCCTTCCGGCGCTTCATAAAAAAATCCTGAAACGCCTTCGCGCTTCAGGATCTTGCCGCGCCCTCCGGGGCGGAACAGCCGCGCTTCTACCATCCAGACTTTACTGTCGGCCGCAGAATCTCACTGCGTCAGTCCCTCTCGGGAGTCGCGGGCTTTCACCGCCGGTCGGGAATCGCACCCTATCCTGAAGTCGCGAACCGTCACTTTGCCCCGCAGCGCCCCGGCGAGGCAAGTCAAATCCGGGGGAAAGAGGAGAGAGGATAGATCAACCATGAAGGGCATGAAGGGGTGAACATAATTCGTACTCGTACGTAGCGAAGCGGTACTCGTACTCGATTTGCTGGACTGGAAAAAAATCGCACCTTCTTCGCTCCGAGTACGCGTACGAGTACGATATTCCCCTGAGTGCCCCGATGTTGAATTCAGGAGGGGGACCGGAGGTCACCCGACGATTGTGACGCGCTCACCAAGCTTCACCACCCACGGAGTGGTGGTTCGTTCCGCGGTGAGAAGCCGGGCGTCGACGGTCAGGGCCAACAGGATGTACGCAGCATCATAAGCGGTCGCATCATAGTCATACGCCGTCTTAAGCAGTCCGGCACGCGGGGGATCCGTGACCTCGAGGGGGGCTTCACAGTGAAGCCCGTAGATGTCCTCGGCCAGTTCCGGGTCAAGCTCACCGCGTTTTGTGTACGTTCGAAGAACGTTCGCGAACTCCTGGTAGTGCAGCGTCGGGACCATCACCCTATCCCGTCCTTCCGCACAACGGGTCTGCCAGCGGCGCGCCTCAAACGAGAACGGCTCATTCAGGTACCAGGCGATGGCCACGCTCGTATCGAGAACGATTCTCATGCGTCACGCTTCCTGTCCGCCCGTATCGCCTCCACCGCCGACAGGCTCATGCGCCGTTCGCCCACGCGCCGGCGCACATCGGCGAGCCGTTCCTGATACGAAGCCCGCTTCTGTTCTTCGCGCTTCACGACCACAAAAGTAGCCAGGGCCTCATGAACGAGCATCCGCTTGCTCCGAGCCGAGGAGTATTGCATCGCCTCCTGCACCAACGCATCGTCCAGAACTATATTGGTTCTCATACACTTCTCTATACACCCTACACATTTTATGTGTCAACACATGGGTTCGTGCCACCCGGCAGCCCCGAGGAATCGATCGACTTGACCCCCCTTTTACATTTCGTTATCTTTAGCCGTGAGGTGTGTGGAATCAGGTACACTTCACAAGGGAGTATGAGATGATGCGCTGGTGGGTGGCGTGGGCGGTGTTATGGATGACGGCGTGGGGGATCGCAGAACCCGCGAGTGAACCGATCCGTCCCGGCAGCCCGGGCGAACAATTTTTCTGGAACGAGTACTCGTCACGGTTCATCTATCCCCCCGCCTTTTACATCAAGGCAGACCCTTCACCCGTTCACCAACGATACCGTTATACGCTTCGTGCGGCGGGAATGGATGAAAGGTGGACCTTTGAAGCCCGGGTTCCCTACGCCCCTCTGACCCCGCTCTGGGACGAGCTTCCTACGGGACAGACCACCCTCACGGTTGAATCCCTGACGGCAACGGGGAGCGTGGTCCGCGTGGTCGGCGAGCGAACCTTCTTTAAGGCCCCGAGCTACAACGGGCCGTATGGCCCCGCAGACACCCCCTACGCCAAGAGTGCACGGAAGGCCCTGATGTTCCAGTACAACCAGCCGCACTACCGGCACTGGCGCCGGGGCGAGCCCGGCTATTACCACTACGGGTGTTATCCCTCCAAGACGTTCGGCTCTGCCGTACGCGGCATGGTAACCCTGGCGAAACATACGGAAGACGCACAGGTTCGCAGGGAAGCGCGCGCCGCGGCCGTTTTCGTCGCCGATCTGCTGCTGGACATGGCCTTTCCCGGCGGGACTCCATTCGCCGGACTGGTTCCCACCTACGACGACGAGCACCGTGTGGCGCAAAATTCGGACTGGTGGGACGACCGCGCGAAGGGGCGCCTGATGCTGACGGAGCCGGTCGACAGCGCCTCGTCGCTGCTCGATCTGTACGAGTTCACCGGCGACGCACGATATCGCGAGGCCGTATGGCGCATGATGAGAACCTATCGCCGCACCCAGCTTCCCTCCGGAACATGGCCGTTGCGCGTGCTCCATGCCACCGGAACACCCGATGCCGCAAACAGGATGATCCCGGCGCGCCTGATTCTCCTGCTCGACCGGCTCATCGAAGATTACGAAGCGGAGGAATTCGTCGAGATGCGCGACCGCGCCGTGGCATGGATCGAAACCCATCCCATGCGGAATTTTCACTGGGAAGGGCAATTCGAGGACATCCCGCGCTGTGCCCCCTACCTGAATCTCTCTCATTACGCCGCCGTGGATTACGCACGCTACCTGCTGCGTCATCGCAAAGAACGTCCCGGAAATGTCGAACGTGCCCGGGAGCTGCTGCGCTTCGCCGAAGACCAGTTCATCATCTGGGAACCGCCGACCCTGCGCTGGAGCAACGCCATGACCCCCTGCGCCCTCGAACAGTACTGGTGCTACCGTCCGATCAACGCCTCCGCCGCCCACATTATCCACGGGTTCATCGAGGCCTATGAAGCCATCGGCGATGCGCTCTATCTCGAAAAGGCGCGTTCCCTCGCCAACACCCAGGTCGCCGCCGCCGATCCCGAAACAGGTCAATACCGCACCTTCTGGTACTCCGACGGGACGAACAAGGGCAACAACTGGGACAATTGTGCGATCGATACCGCCCTCGCCCTATTGCGTCTGTCGGAGGTGGAGGGAGACGAACCCTCTTTGCGTCCGTGACGGGCTGACGCGTCGCGGCCCGTTCAGCCCGCGGGCACTCCACCGGAGATGCTCCCCTTTTTTCCGCTCACCTCCGGGCTCTCCTGCGCTTTATTCTTGCCCGCGCGCGAAGTCCCGGTAGTGTTTCCCGCTGTATCCGCGCGGCGTCAGGCCGCGGCACACAGATCATTTCAACCGACGAGGAGGTCGTTTTGAACAGAGAACTTATCGCGAACACGATCCGGGGCCTTTCGATGGACGGCGTGGAGGCGGCCAAATCGGGTCATCCCGGAATGCCGATGGGGATGGCGGACGTCGCCACGGTGCTGTGGACGAAGTATTTGCGGCACAATCCCGCCAACCCCGACTGGGCGGACCGCGACCGTTTTGTGCTTTCCGCCGGTCACGGATCGATGCTGCTCTACTCGCTGCTGCATCTGGCCGGATACGATCTTCCGCTCGACCAGCTCAATCAGTTCCGCCAGTGGGGCAGCCGGACGCCCGGCCACCCCGAGTACGGCCACACGACCGGCGTCGAAACCACCACCGGCCCGCTCGGCCAGGGATGCTGCAACGCCGTCGGATTCGCCCTGGCCGAGCAGATGCTCGCGGCGCGGTTCAACACGGACGAGACCTCCGTGGTCGACCACCGCACCTGGGTGATCGCCAGTGACGGCGACCTGATGGAGGGCGCCTCGCACGAAGCCTTCGCGCTGGCCGGCCACCTGAAACTCGGCAGGCTGGTCGTACTGTACGACGACAACAACATCAGCATTGAGGGCGATACGGATCTGTCCTACAGCGATGATGTCCGCAAACGCTTCGAGGGCTATCACTGGAACGTCCTCGAGATCGACGGCCACGATTACGACGAGATCGACGCCGCGCTGGAGAAGGCCTGCGCCTGCGTGGACGCCCCCACGCTCGTCATCTGCCATACCCGCATCGGAAAGGGCAGTCCGAACATGGAAGGCTCGGAGGCGACCCATGGCGCCGCGCTCGGCGAAGACGAGGTCGAGGCGACCAAGAAGGCGCTGGGACTGCCGACGGACGAACTCTTCCACGTGCCCGACGAGGTGCGCACCGCCTTCGCCGAAGTGGCGGAACAGGGCGCCGCGGCGGAGCGGGAATGGAACGAACGCTTCGCGCAGTGGCGTAAGGCCGACGGCGAGCGTGCCGCGCTCTGGGATCTGCACATGAGCGGCGACGTGCCCGCCGATCTCGCCGCGCACCTCCCCGAATTCAAGGCGGGCGACAAGATCGCCACGCGCAAGGCCTCCGGGGCGGTGATCCAGAAGATGGCCGCCGCCTACCCTCCCCTCGTCGGCGGCTCCGCCGACCTGGCGCCGAGCAACAAGTCGCTGATCGATGACGGCGGCGACGTCGCGGCGGGCTGCTTTGGACCCCGCAACCTGCACTTCGGGGTGCGCGAACTGGGCATGACCGCGATCCTCAACGGCCTCGCCCTGCACGGCGGCTTCCGCCCCTACGGCGCGACCTTCCTGGTGTTCGCCGACTTCATGCGCCCGGCGATCCGG
NZ_CP010904.1_gap57	2143374	2145025	1651	TCCACGTACTCGACCGTCGCGCGCCGGACGCCCCAGGGCTTCATCTCCTCGTATCCGAACGATTCCGGCCACTCGGCCGTCATGATGCTTGAAGACATCGCGGTGTAGCCCATGGCGTGCCAGAGTTCTTCGGTAAGGAACGGCATGATCGGGTGCAGCAGCCGCAGGGAGGCGCAGAGGACGTAGTGCATGACGCGGATGACGTCCTGCTTGCGCTGTTCGTCCTCCCCGTAGAACACGGATTTCGAATATTCGACATACCAGTCGCAGAAATTATGCCAGAGGAAGTCGTAGAGCGAGAGCGCGGCATCGTTGAACCGGAAACGCTCCAGGTTCTCGGACACCGAGGCGATCGTCTCGTTGAGCCGGGCGATGATATGCTGATCGTCCGGCTCCAGCGCCATCTCGTCGAACGGCGGACGGCGCGGATCGAACGCGGCGCCGTCGTCATTCATCTTCATGAAACGCGCCGCGTTCCAGATCTTGGTGCCGAAATTGCGCCCGATCTCGAATTTCTCGTCCGAGAGGTACACGTCCTGGCCGGTGGCGGTGAGCATGATCAGACTGAACCGCAGCGCGTCGGCGCTGTAGCGGTCGATGATATCCAGGGGGTCGATGGAATTGCCGAGGCTTTTGCTCATCTTCACGCCGTCGTCGTCGCGTACCGTCCCGTGGATATAGACGCGGCGGAAGGGGATATCGTCCATGAACTCGAGACCGGACATAATCATGCGCGCGACCCAGAAGAAGATGATTTCCGAGGCCGTGACCAGCGTGTCGGTCGGATAGAACTGCTCCAGGTCCCGGCTCTCTTCGGGCCACCCGAACACACTGAACGGCCACAGCCACGAAGAGAACCAGGTGTCGAGCACGTCCGGGTCCTGGCGGATCGCGCCGGAAGCGCACTTCGGGCAGACCTCCGGCGTGCCGCGGTCGGCCCAGACGTGGTCGCAGTCGTCGCAGTAGAACACCGGGATCCGGTGCCCCCACCAGATCTGGCGCGAGATACACCAGTCCCGGATGTTCGTCATCCAGTCCAGGTAGACCCGGGTCCAGCGTTCGGGGGTGAACTTGATGCGGCCGTCCTTGACGGCTTCGATCGCGGGACGCGCCAGCGGTTTCATCCGCACGAACCACTGCGGGGAGAGGCGGGGTTCGACCATCGTATCGCAGCGGTAGCAGTGCCCGATCGAGTGATCGTGTTCTTCGACTTTCTCCAGCAGGTTCTGTTCCTCGAGGTCTTTCAGGAGCTGCTCGCGGCACGCGAAACGGTCCATGCCCGCATACGGGCCGGCGGTCTCCGCCATCGTCCCGTCGTCCTCCATCACATCGATCGGTTCCAGCTCGTGCCGCACCCCCATCTCGAAATCGTTGGGATCGTGCGCCGGCGTGACCTTGACGACCCCGGTGCCGAACTCGGGGTCGACGAAATCGTCGGCGATGATCCTGAGTTCGCGGTTCAGGACCGGGAGCAGCACGGTCTGTCCGACGAGTCCCTCGTAGCGTTCATCGCGCGGGTTCACGGCCAGGGCGACGTCACCCAGCATCGTCTCCGGCCGGGTGGTGGCGACCCGCAGCCGCTTTTTGGATCCTTTGATCGGGTAGCGGAGATGATAGAGCTTGCCGTTGACGGGGCGATGCTCGCTCTCCT
NZ_CP010904.1_gap58	2149896	2151184	1288	TGGTTCATCCGGGACGCTGGAACCTCGAGGCGGGGCCGGACTTCATGGATGCCCGGGTCCTGATCGGCGACCCGCCGCGGCCCGTGGCCGGTGACGTGGAAGTGCACCTCCGCGCGGCGGACTGGGCACGGCACGGTCATGACGCCGACCCCCGGTACTCAAAGGTTCGGGTTCACGTGACGCTCCATGCCGGGAGCGCCCCCCGGCTCCCGCTTCCACCGGGCTGCGAGGAGATCGCCCTGGCCTCCTTTCTGGAAGAAGACCTCGAGCGGATCTGCGAGCGCATCGACGTCCACTCCTATCCCTATCTCAAGCTCCCGTCGCCGACCCGCTGCGGAGAACTCCTTTCCGGCCGCCCCCCGGAGTTCAAAAGCGCGCTGCTCGAGGCGGCCGGCCGGCAGCGGATGCGGAGGCGCATCGATCGTTTCACCGCGCTCCGCGAACGGCACGGCGCCGCCGAGACGCTGTACCGCGAACTCATGGCCGGTCTCGGCTACCGCGTGAACAAAAGCGCGTTCCGCCGGGTGGCCGAGGCCGTTTCGCTCGAGCGCCTACGCGCCGCCGGCGGCCCTCTCGCGGCGACGGCCGTACTGACCGGCGCGGCCGGACTGCTCCCCGATCCCGCCGATCCGCGTCTGACGGAGGAATCGCGCCGCCGCGCACGGATCCTCTGGGACCTCTGGTTTGTGCGCAAACCGGTCTGGACCCCGCCGCTGCCCGGACGGGACGACTGGTGCGCGGCCTCGCGTAGACCGGCCAACGAGCCCGCCCGCCGCCTGGCCGCCGCCGCGCTGTGGTTCGGACCTTCCCCGGGACTCGAGGAACGACTGGCTGCGGCGCCCGCCGCCGATGCCGGGGGATTCATACGCAGGGCGATGGAGGAGCTGACCGCGCCGCGCGACCCGTTCTGGGAACGGCACTGGACGTGGACCTCGGCTTCGCGGCAGGCGCCGACGGCGCTCATCGGTCCGGGCCGCGCCCGAACCCTGCTGATCAACAGCGTCATCCCCTGGCGGCTCGCCGGTCCGGAGCCCCGCTCGGAATGCGAAACCTGTTTCCGCACCATGCCCGCCGAACCCTGGAACAGCACCCTCCGCCGCGCGGCGCGTCTCGTCCTCGGCCCCGACCACCCGTCCACGCTCTGCGCCTCCGCACTCGCGCGACAGGGCCTGATCGAGCTGCACGACCGCTACTGCCTGCCCGCGCGCGGCGTCTGCGACCAGTGTCGGCTTCCGAAAGCTATCTGTGAGTGGGAACCCTGAGTGGAAGGTTCGACGTAAACTTTTTT
NZ_CP010904.1_gap59	2153078	2153889	811	GCTGGGCATTCCGCTGCAGGGCTGGGCGCTGGACGGCATGGACGCGCTGCTCTCCACGGTGCAGATGCCGAAAGGCATCCCGGTCGGGACGCTGGCGATCGGCAAGGCGGGCGCCATCAACGCGGCCATGCTCGCGATCCGGATTCTCGCCCTCGAAGACGACACGCTTCAGCTGAAGCTCGAAGAACATCGCGACCGGATGGCCGAAGAAACGCGCCATGCCGATCGGGGCCTCAATGAGGAACTGGACGGCTCCTAGGGCCCCGAAGAAGCGCAGAAGAGTTGTCCGGCCACCCCAGGGCACAGGAAGCACAGAAAAGTTCTTTGGGCCACGTAGAGGCACCCTGGGCACAGAAGAGAAGTCCAGCCAGTGAATTATGAGTGAACACGCCGTCATTGATCCCGTAAATCCGGACCCGGCCCTGCTGGACCGGGCGGCGCGTCTTCTCCACGACGGCGAACTCGTGGTCCTGCCCACGGAGACCGTGTACGGAGTGGCGGCGGATGTGCGGGCGCCCGGGGCCCGCAGCCGGCTCTTTGCCGCCAAGGGAAGGCCGGCGGGGAAACCCTTCGCCCGGCTCGCGGTCGATATCGATCAGGTGGAAAAAGACGGCGCCGAAGTGGGCGAATTCGCCCGGTCGCTGGCGGACGCCTTCTGGCCCGGCCCGCTTACGCTCGTTCTGCCCACGGAATGGGCGCCGCGGGGGTATCGCGCCCCGGATCATGCCGTACCCCAGGGGGTCGGGCGGCGGCTCGGGCCCCAGGTCGCTCTGACCAGCGCCAACCGCAGCGGACAGCCGCCGGCCTGCAC
NZ_CP010904.1_gap60	2184909	2186070	1161	GCCGAGGCGATCGCCCATACGGACCCCGGCCGTCGGTCGGAGCCGTACGAACCTTTCGATCCCGCGTACGCGCTGAAACTGGACTGGACCTTCTACGGCAGACAGCTCGGCCTGATCGCCTCCCGGCGCGAAGCCGAAGACCCCCGCGCAGGGTTCTATACGACCTGGAACCTGAACGACGCTCTGCTGCAGTACAACGAGGCCGGGTTCACCTCCGGCGACGCCGAGTGGCTGAGCGGGCTGACCTGCACGTTCGCGAACGGCAACAGCGTCAGCGCCGAGTATTTCTACAACCAGAGCGGCGAGAGCGACGGCGATTACCGCAACGCCCTCCCCCCGGCGGAGGACGCCTCAAACCGGGAAGTCTTCTTCCGCCGCCACTACGTCCTGCTCCAGTTCACCGACCCGATGATCAACGACAACCTCGACCTGACCCTGCGCTATATACTCAATGCCGACGACACCTCGGGCGCGGGTCTGCTGCTGGCCGACTACGCTTTGACCGACCGTGCGACCGCCTTCCTGCACTCGACCCTGTTCAGTGGAGACCAGGACACGGAATTCGGGTACCTTCTGGAGCACAGGATCCAGTTCGGCGTCGAATACGCCTTCTGATCCAGCGAAACAAACCATAAACATCAGGAGGCCCGGATTATGAAAAAAACGCTCGCGGCGTGCGGCCTGTTGCTGCTGACCCACGCAGCCTGCGCCGGACTCTCGCTCAGCTTTGAGCGTGAAGTCCTCGCCAAAGCGCAGCCCGACGAGTGGTTCTACGGACAGGGCCATCCAAGCAACACCTACGTCGATGCCGGCATCGATCTCGACCACCCTCCGTCCACCCACGCCCGGCCCAAGGTAAACCAGGCCCACGTCTGGGGACTGACGCGGAGCGGCGATACGCTCTGGTTCGGGACCGGCCCGAACATCCGCGCGCTGCTTGCCGGCACCTATATGGGCCACACCGATGTCGTCCACCGCGCCACACACGTTCATGAATACGGGGAGAGCCGGTTGGCGAAAGCCGGCGTGGTGCCGCCGGAACTCGGCGACTGGCGGGTTCCCGATATCTTCGCCTGCGACCTGAATACCGGGTCGCCGACCAATCTGGATGCATCACTCCCGCCGTACGCCACCAACCTGCTGCATCACACCCAGGGACTG
NZ_CP010904.1_gap61	2224585	2229260	4675	CGGGAGATATCCATCTCCCCGCCAAGACGGACAAGCGCGACTTCATCGACGCGGTCAAGACGCGCGGCGCGACGATGGAAACGGCCGAGATCGGGCACCGGACCACGACGGTCTGCCATCTCGGACATATCGCGATTCAGGTCGGCCGACGGCTTCGCTGGGACCCCGATGCGGAGGTCTTCCCCGACGACCCGGAGGCCAACCGCATGCTGGATCGTCCCCGCCGCGCGCCATGGGTCATCTAATGAGAGGAGCCACCATGAAAATGAAAAGAGGATCGCGGACGGTCACACTGGTGAAGTTTGTGCTGGTCGGCGCATGCCTGCTCGCAGCCGGACAGGCGGCCCGTGCCCTGACCGATGAGCTGTTCGCCTTCGACAACGGTCTGCAGGATATCAAGGGGCTGGAGGCCAAGGCACAGACGCTGAAGGAATTGGGCTATTCGGGCATAGGCTGGCGTCCCAACGGCGAGACCGCGGCTATGCTGAAGGTGCTGGACCGGCACGACCTGAAGATGGTCAGCACCTATGTAAGTCTGCGCGTCGGGGCCGACCCCCTGCCCCTGAGTGACCGGATCAAAAACGAGCTGCGCGCTCTGGAAGGCCGGGACACGATCGTGTGGCTGACGCTGCTCAGCGGAGAAGGCGGCACGGATGAGTCGGCCGTCGCCATGGTTCGGGAAGTGGCGAAGATCTCGGAGGAAGTGGGACTGGAGGTGGCGCTCTACCCGCACGCCGGCTGTCATGTGGAAACGGTCGAGGACGCGCTGCGGATGGCGGACGAGGTGGACCGCCCGAATGTCGGCGTCTCGTTCAACCTCTGCCATTTCCTCAAAACCGGATCGGACCAGAACCTGAAGGCGGTCCTCCGGAAAGCGGCGCCGCAACTGCGGATCGTGTCCATCAACGGCGCGGACCGCGGGGACACGCACGCGATGGGGTGGGCCCGGCTCATTCAACCGCTCGGAGAGGGAACGTTCCCGGTCGAGCGCCTGCTGGCCGCGCTGGACGAGGTCGGCTATGAGGGTCCCATCGGCCTGCAGTGCTTCAACGTGCCCGGGGAAGACCGCGAACATCTGCGCCGTTCGATAAGGTCCTGGCGCCGCCTGATCGCCCCCTGGAATCGGGACGCCCTGTTTTCCAGGGCCGCGGAATCGGAGTACGGCCAGAGCCGCGCCGCGCTGGCCCGGATCGTCGAACTGATCACGGACGCGCCCGCGGACCGGCAGCGGGAGTTTGAAACGCACAGCGTCGCGCTCCTGGAGGATCCCGACGCTTCGTGCCGCAGCAAACGAACGGTCTGTCACCTCCTGAGCCGGATCGGTACGGCGGAGTCTGTGCCGGCGCTGGCCGCCCTGCTCACCGATCCGCAGCTCTCCCATGACGCCCGCTACGCCCTGCAGGCGCTGGCCTGTCCCGAGGCCGATCGCGCTCTGACGACGGCACTGGATCGCGTCCCGGCGCCCCTCACGACCGGGGTGGCGGCGTCGCTGGGCACCCGCCGCGTCGAGGCCGCCGTTCCCGTCCTGGCGCAGCGGCTGAGCGACGACGGGGGCGATCCGGCGCTGCGCCATGCGGTCCTGACCGCGCTCGGGCGAATCGCGTCGGACCGCGCCCTCGCCGTCCTGCGCGAGGAGTTCGCGCGGACGCCGTCCGGGCCGGTCGGCCACGCCCTGATTCTATGCGCGGACACGCTGACCGCGGACGATCGGCGGGAGATGGCCGCGGAGCTGTGTCTCCATCTCTGGCGGGAGGCGCCCTCGCCCCTCTGCCGGGCCGCGGCTCTGCGCTCGCTGGCGCACTGCGCCCCCGACCCGGCGGCGGAACGGGTTGCCGAAGCGCTGCGGGACCCCGCAAGGCCCGTACGGGAGGCGGGCGTGGCCCTCGTCTCCGGGCTGCCGGTGAAAGCCACCCTGCACGCGGCCACGGAAGCCCTGCCTTCCGTACCGGACCGGCTTAAGGTCCGGCTGCTCACGGCCCTGCGCGAGCGCGGCGACCCCGCTGCCCGGCCGGCCGTGCTGGCCATACTGGATCACAACCACGACGACGTGAGGCTGGCCGCCCTGCGGACGATGGAAACGATCGGGGCGCCCGAAGATACCGGCCGGCTCCTCGAGATAGCCCTGTCCGGCGACGGCGACGTGAGCAAGGCGGCCGGACGCGCGCTGGCGCGTCTGCCCGGACGCGACGTGAGCCGTCGGCTGGCCGAGGCCTTCCGTCGCGCGGATGTAGAGCGGCAGCCCGGGATCTGCAGCCTCCTGGCCGCGCGGAACGATCCCGCCGACCGGCCCCTGTTCCGCACATGGATCCGCCACCCCTCCCCGGAGGTGGCCCGGTACGCGGGACAGGCGCTGGGACGTCTGGGCGAGGCGTCGGATCTGGACCTCCTGTTCGGCATGCCGGGCAGCCCGGACTTTCCCGGAACGTCGCGTCCGGCCGTGGAAGCCGCCGTGATGTCCATCGCAGAGCGCCTGCCGGCGGATGAGGCCGCGCAACGCGTACGGGACGGCCTCGACAAAAGCGGACCGGAGGAGCGGGCGATGCGCCTCAGGATCCTGGCCGAAATCGGGGGCGAGGCATCCCTGGAGGCCGTCGTGCAGGCGAGCCGCAACGAGGACGATCGGGTGCGGGACGCGGCCGTGCGCGCGCTGTGTGCCTGGAAACGACCGGAGGCCCTGAACCCGCTGCTGAAGATCGCGGCGGACACGGACAGCCTGACGCATCATGTACTCGCCCTGCGCGCCTGCCACCGGCTGCTGCAGAACAACCCCGAACCGGCCGGGGAACGGCGGAGCGAAGTGGTGGAGGCCGCGGCGGCGATCGCGCGCCGGGAGCAGGAAAAGAAACTGTTCACCTCCCTCGTCGTCGAAATCCACGACCTGCAGGTCCGCTCCCCGCGCACGTGGCGCGTGCATCCCGCCGGACTGGTTCCAGGGGCGGTGTGGACGAGTGACCGTGATTACACCTTTGTGAAAGTGCCCGACGGCGTATGGGGACACACGTATCTCGAGGGGGTCATGCAGGACCGCGCCATCGGCGGGGACGAACCGTTTATACGCTTCCGCATTGAGACCCCGGCCACCGTGTACGTCGCCTACGATCACCGCTGCACCGATCTTCCGGACTGGCTGGCCGACTGGGAAAACACCGGCGAACGCCTGACCTCCACCAGTACGCCCTCGGACCTGATTCTCTACCGTAAAAGGTTCCCGGCCGGACCCGTAGCCCTCGGTTCCCCGGCCGCGCCGGGAACGCATGCCGTCTACGTGGTCGCCGTGGTCCGGCAGGAGATCTGAGCAGGACACAACGAAAAGGTGAGAACATACATGAAAAGACCACATTTACTCCGTTCGCTTATTACGGGAATGGCCTTCCAGATCGCACTCATCCCCTCTCTGCTGAGGGGTGCCGATCGGCCCAATGTGCTCGTTATCATCAGTGACGATCAGGGATGGGCGGACATCGGCTACAACAATCCGAAGGTCTACACACCGAATCTCGATACCCTGGCCCGGACAGGGGTAACCTTTATCAACCATTACGTCATGCCGCAGTGCACCCCTACCCGTGTGGCCTTACTGACGGGACGATATCCCGGACGCTTCGGCACTCAGGCTCTGCAGGCCCACAACGGCCCCGCGTTTCCCATTGGCACCCCTACGATCGCGAGCATGTTTAAGCAATCCGGCTATGCCACCTTCTTATGCGGAAAATGGCACCTTGGTTGTTCCCCGAAGCATGGACCCAATTTCCACGGGTTTGACCACAGCTACGGATCGCTCGCCGGCGCCATAGGGATGTATGACCACCGCTATCGCGAGGGACCGCTCAGTGACACCTGGCATCGCGACCATCAGCTCATAGAAGGACACGAGAACGGGGTTCATGCGACAGATCTGGTTACCCGGGAGGCGGTAGACATTATTGAGAAGAAACGTGATAAGCCTTTCTTCCTGTATCTTGCCTTCCATGCCGTTCATACCCCGCTGGATGAACGGGGACCGTTTGTCGATCAGCCCACGAAACCGGACCCGAATAATCCCAACCGCTGGATCAACGAAGACAGGATCAAGTGGTTCAACGATCCCGAGGGCAGGATACAAAGCGAACCGGATCCCGAGAAACGCCTCCTGCTGGCAGCCGCTTATCACCTCGACCATGCGATTGGCGAAATCGTCGATGCTCTTGAGCGCAGCGGAAAAAGAGAAAACACTCTGATACTCTTTTCGTCCGACAACGGCCCCCAGGTCAACTGGGGAGGGAACGCCTATCCGGACGATCTTAAGCTGACCGATTTTAACCAGCCCCTTCCCATGAAAGGCAAGAAGCTCGACGTCTGGGAAGGCGGCATCCATGTGCCCGCCTTTGCCAACTGGCCGGGCAGGATATCTCCCGGAGAGCTTACGGACTACGTACACATCATCGACTGGTTTCCTACATTGGCCTCGATCATGGATTATCAACCGGAAGAGTCCATACCGTGGGACGGCATCGATATTTCAGAGGCTATATTTGCCGACGAACCCCTTGAAAGCCGGGATCTCTACTGGATCTGGAACCGACGGATCAATCGATGGGCTTTGCGCTATGGTGACTGGAAGATCGTGAAATACGGACGGGATGAACCCACCCATGCCGGCGCATGGCAGCTCTTCAACCTCAAGAACGATCCGAAA
NZ_CP010904.1_gap62	2231113	2231806	693	CGATTCCCTCGAACACGCCGTCGGCGTCCGAGTCGGTGGCGACAAAGAACTCGTGGTTCGGGTCGGCGGTACTGGGCACGCGCGCCTTATGGCGATTCGCGCCGAAGATCACGCGCACCTTTTCGCCCTCGCGCAGGGCGCGGCCGCTGATTTTTGTCTGGATGCACTGGTGATAGATCAGCGGCGTGGAGCCCGACCAGTCCATCGCCGGCGGTCCGCCGGGGGCGCGGTGCATCGATTCGTTCGGCGCCCATCCGTACCAGTGGTTTTCAAGCTTCACGCCGTCCGGCCCCTCGACGCCGATATAATTCGGGGCGTCGGGGTTATCGACCTGAAATTTCGAGATATGACCGGTGCGGGTGTTCCAGAGCGCGGCGTGGTGGACGCCGACCCAGATCCCGCCGCCGACCGGGATGCCGCCCGCGCCGACGGCGACCTCGACGACCACGCGGGTTTTCGTCCCGGCCACGAGCCGGTCCGGCTCGAGGATGCGCGCCGATCCCGCGCCGCTCCCGTCGTAGGCGCGGGTGACAAAGGGCGTCAGGCCGGTCGCACCGGCGGCGACGCCGAGCTGAGCGATAAATCCTCTGCGGTTCTGTTTCATGACGGTTCTCCCTGTCAGTTTCTTCAGACGGGGCGGTTCGGCTGCATACCCGAACCGCCGCAATAACGGCGCGCTCAGCCTGTCCGCCG
NZ_CP010904.1_gap63	2238835	2240915	2080	TCAAATCCACTCCGGAAAACACCCCCGACCCCTGAGTTCAACATTGGGAGACCCGGGGGAATATCGTACTCGTACTGAACCCGCGCCTGAAGGCAGGGATTCTGCTGGACAGCAGAAGGCCGTCCGCCGTGTGCGTACTCGTACGCGTAATCGGTCCCTGCCTTTTCTACTCCTGAGAAGGAACCTCATCGGAGCAAGGCCCGCCATCCACTAAAAATCCTGCTCGTAGTAGCGCCTGGCCTGCCCCCGGCAGGCCAGGCGCGTGAAGATAACGGCCCTGGCCCTGCTTCGCAGGCCTGCGGGCCTACTACGAACGTAAGAGAGCGCGCACGATCTCTTTGCCTGCGCTCTTCTCATTCATCTTTGCGATCTCTGCGCCTTGGCGAGAGTCATGTCTTGTGTTTTTTGTCAGCGGCGGCACTCCGTCCGCTGAAGTGACTTCAATCCGTTTTTCTCTCGCCAAGCCGCCAAGGTCGCCAAGGAATTTCTTCCTTCGAGGGGGGCACGATTTATTTGCCTACGCTGTCCTCATCCATCTTTGCGATCTCTGCGAGAGACCTTTCTTGTGTTTTCGACCACGGATTACACCGGGGACACGGATGGGATCGCGCCTGCGGCGGTCCGAGTACGAGTACGAATTATGTTCACCCCTTCATGCTCTTCATGTCCTTCATGGTGAATCCCATTCTCTCTCCCCACGATCGCGATTCTACGCTCCCCCTGATCTTCCGCACCCCCCCTTTTTTTGGCGCAAATGTGCATTATTTTATTTTTGAAGGTTAATTATGCATGCAGACTGAAGTCGGACTAATATGCATAGCATATACGAGGGTAATTCACAGCGGCAAGACTTGTGGATTGCGAAATGCAGAAAACAGACAGGGAGGAGAGCGATGACAGGTACAGGTTTATTCAGGCCCATGCTCGCCCTTATCGTCACGGGGCTGATTACGGGAGCGGCGCATGCCGGCCTCATTACCAACATCACTGAAGGATTCGAGTATACCAATACTACGGAGCTTTACGACGCGGGATGGTCACACCTCTATGGCGACCAGGGGGACATGGTTATGGCGGACGAGAACGTCAACAACCGCCTGCCTCGCTCCGGTACGTACTGCCTGCTCGCACCCTCGAACCATCAACCCAATATCGTGCAGAAGACGTACTTTGCCGGCGGAGTCACCAACGCGACGGTAGAGTTCTACCTGATGCACCGGAATATCAGTTACCTGAATTCAGCCGACAGCTGGATGCGCCTCTACGCGGATGACGGCACTTATATGTACCTGAAGATCAACTCGAGCAACGGAAGCCTGATTTACGATCTCAATGGCGCGGGTGATGTCACGGCTCCCGACGACGTTACGGACCACGATTCCAACGGCGGACTCTGGAACAAATTTACGTTCGAGTATGATTCCGAGGGCACCTGCGTGATGTCACTGAACGATGATGTTCAGTTCACGAACGCAAACGCCAAAAACTTCAGCAAAATCGCCCTCGGAAAATCCTGGAACGATGATTTGCGAGGACGCCAGTCAGCCTACGATGATCTGAGCATTTCGGTCATTCCCGAACCGGCCGCCCTGGGACTGATGGGGCTGGGCGTCGCGGCGCTGCTTCTCCGCAGAGTGCGATCTTAAAGGATCGAGACGCGCGGCGTGCTCGGTGAATCTGCCGTAGAGCGGCTCTTCGAGTCGCTCTTTTTTGCTCCCTGCGCGTGTTGACCCGCGCCGGGACCGATACTAAAGCGGGGCGACGCCCCCTTCAGTTTACAGAAGAGATCGGAACATGCATGCCCTACAGAAACGATCCGTCAGACTTACAGGCCTCATACTGCTGCTGTCGACCGCCGCCGCGGGGGCGCAGTCGTCCTCCCGCCTTACCGACTTTTCCTGGGCGCCGGAACCGGGCGGCGACTGGCGGGTCGAGGACGAAACCCTGACCGGCAAAGACCGTCCGCTGACGGCGGACGTGGATGCGCACGACTACGTTTTTCGGGGAGAGGCCCGCTGTATCGAGCGGGACGGGGTGGCGCAGATCTGGCTCTCATTCCGCTACCGCGACCCCTGGAACC
NZ_CP010904.1_gap64	2243137	2246754	3617	GAGCAATACTTCATGGATGATCGCGATCCCGAGCGGAAGAAAAAGAAGTGGGCGTACTTCCAGGAACTGCTCGACCTCTACCGCACGTACGACGGCACCCGTCCGGTCATCCTCACCTCCGGGTACGTAGCCCACCCGGGACAGGCCGAATACGTCGAGGCGCACGGATTCGATGACGGCGATCTGGCCGACCCGCACCTCTACAGCGGATGGTACACGCCCAGCGTGTTCTCCGATCAGTACGCGGAAGGACGCTACCTTCCGGCCACCCGCAAGCCGATCCTCAGCCAGGAGGCCTCGACCGGCTATCCGAACGACGATACGGGCACCTCCGAGCTGCACTACATCAAGCTCTTCGTCCCGCAGATCTGGGTGGGCGACGATGCGTTTCCCGACCGGAACCCGGACCGCTTTCTGCGTCACCAGGCCGTGGTGACCAAGGAGTGGATCGAAGACGTACGGCGCACCCGCCGAACGGCGGGATGGATGATGTTCAGCAACTTCAACTGGTTCCGCAACGCCTGGTCGGCGGAACACCTGGCCCCCTACCCCGTCCAAGAGTACACCCGCAGCGCCTACGCGGACGTGCTGATCTCCGCCCGCTTCCGTAACCGCCACGTCTACGCGGGGAACGGGATCCGGGGCGAACTGGTGGTCGTCAACGACTCCAACCGCTTCCGGGACCTCTCCCGGCTGACCTGCACCATGGAGCTCCGCGACGCCGGAGGGCGGCGGCTGGGACGCCGCCGGTTCGAGCTGCCCGACTGTCCCTACTTCCGGAAAAGTACCGCTGAATTCTCCTTCCCGATCGCCCGCGACCGGGAAACCGACCGCGGCCCCTGCCGGCTCGAACTGTCCCTGCGCAGCGGCGACCGGATTGTGGCACGAAACCACTACCGCATACTCGTGGGCCCGAAACGCATCGACCGGCCCTTTGAAGGGCAGCGAAGGGAGCTGGTCGTGCTGCAGAACAGCCCCCTGAACGAGTATCTCAACCGCCGCGGGATCCGGTTCCGAACCGGCATGAAATCCACCGCCCATCACCAGGGTCCCCGGCTGGATCCGCAGAAGGACGTGATGCTCATCAGCGGACCCCCGGCGCCGCGGCACGACACCAACCGCGGACGGATTCTGGACTATTTCGTGCGCACGGGCGGCCGCCTCGTTCTCCTGGAAACCGGTGACGCGGCCGACCTGTTTCCGGACGACGGCATTCTCAAATATATCCCCCGCAACGTGGAACAGGCTAATATCGAGGAGACGGAGCATCCCCTCTACAAGGGCCTGCGCCACGGCGATCTGAAATGGTGGAACTCGGAGTGGTCGGGGCCGAAGGTCGCCCTCGGCACCTATGAACTGGAATGGGACGCGCCGAACCTGGTCCCGCTCGCGGAAGACATCCGCACGCACGCCTATGGATGGAAGGGACCCAAGACCTATCCGTGTTTCCTGTACAGGTCGGGCGAAGGCGAAGCACTCGTCTGCGAACTGCGCGCATCCGCGTGGAAAACCGATCCGCTGGCGGAACGTCTGCTGTCCAACCTGCTGGACTGGGCGCTGAAGTAATGCCGATCGAAACGGTGGAGTATACCGATGATAAACAAGCATCCTGACGATTTGAACATCACACCGAAGGGAAGGTTCTGATGAGCGGAGCTGTGCAGGGAATACTGGAGCGTCGTGATCCGGGGCGGGTGGTCTACGCCCCGAACTACTGGCAGTGGTATGCGCACCACCGCCATCACGGGACGCTCCCCCCGGAACTGGCGGACACCCGGACCCAGCTCGAGGTCATCCGACACCTCGGACTGGATGTCTTCAGCCGCAATCTCTACTGCGATCAGCGGCGCGGCTGGTTCGGCGGCCTGCTGAACCCGGTCTGGAGCGCACCGGTCACCGCCGCTGAACACGAGGAACAGGACGGCCGCGATCTCGTCCTGGAACAGCACTGGCAGACCCCCGCCGGTCCGCTCCACGAGCGCAGACGTTACGTATGGGAGGAGTCCACCCTCGTGCAGGAGGAATTTCCGATCACGGACTACGAGGAGCAGGCGGAGGCGCTGGAGGCATGGCTCGAGCACCGCACCTTCCGATTCGACCGGGATCGCTGGGAGCGCGAGACGGGGCGGCTCGACGACGGCGACGTGCTCTGCGCGGGCGAGGTCTTTTCGCCGCTGAAGCTGCTGCACCTCCTCATGGGTCCGGAACAGACGACCTTTCTGCTGACGGATCTGCCCGAACGCGCGGAGGCGTGGATGAACACCCATCACCGCCGGCAGATCGACGGCCTGCGGACGATGCTCGAGTCGGGCGTACGCGCGGTCATGGCGATGGACAATCTCGACACGATGTTCCACCCGCCGCATTACGTCGAACGCTGGAGCGCCCCGTTCTACGAAGAGGCCGCGGCGCTCTGCCATCGGTACGATGCAACCTTCTGGATCCACGCCTGCGGAAGCCAGCGCGCCAACCTCGAGCTGATCGCCTCGCTCGGAGTGGACGGCCTCGAGGGCGTGGCCTTCCCGCCGCTGGGCGACGTGACCCTGCCCGAGGCCTTCGAGATGACCGGCGACCGGTTCCTCATCACCGGTGGCATCAGCGCGATCGAATTCGAGTCGCTGCAGACGCGCGAGGCGGTCTTCGAGTACGTGAAACAGCTCTTCAGAAGCCTGACCCCGTACCGCCACCGCTTTATGTTCTCCGCAAGCTGCAACACGCCGATCAATGCGCGCTGGGAACAGATCGTCTGGTTCCGCGACGCGTGGCGCGAGTACGCCTGACACAGAGGAGCACTCCATGAAGTGGAACACGAAGACCGTCATGGCCGCCCTGATCGCCGCCGTCCCCATGTTCGGCCGGGCGGGATTCGCGGCCGAATTGACCGCACGGGCGGATGACGATCCCGTCCGCACCGCGGCGATCGTCATCCCCGACCGCCCCTCGCCCGCCGAGGAGATCGCCGGCGCGTACCTCGAACAGGCCCTGTCCGCGCTGTACCCGGCGACGTCCTTTGCCCTGTCCGGGACATCCGGCGACGCGGACGCCCGCATCTTCGTCGGGACCCCGGACTCGCTGCCTGACGTCCGCGCATGGATCGGACCCGAAGCCCTCGACGGCGAGGAGCACTTCGTGGTCCGGCACGGCGTGCGCGACCGGCGGCCGGCCGGGCTCATCGCCGGAGCGACCGGACGAGCCGCGCTTTTCGGGGTCTACCGCCTCACCGAGGCGCTCGGATGCGGCCACTACCTGAGCGAAACAACCTTCCCCGCCCCCCGCGAATCCTTTTCTTTCGAGGCCTGGGACCTCGAGGACCATCCGCTGGTGCACGACCGGATCGTCTTCAACTGGCATAACTTCCTCTCCGGCTGTTCGGGATGGGACGAAGAGCACTGGCTGAGCTGGATCGAGCAGTCGCAGAAGATGGGCTACAACACGATTATGGTCCACGCCTACGGCAATAACCCCATGTTCACCTACACCTTCCGCGGCATGGAGAAGCCGGCGGGGTACGTCGCCACGACCCGACGGGGACGGGACTGGGGCAATCAGCACGTCAACGACGTCCGCCGCCTCCCCGGCGGGGAGATCTTCGATTCCGCCGAATTCGGAAGCGAGGC
NZ_CP010904.1_gap65	2259276	2263890	4614	ATCACGCTCAACCTCTACGGCGGACAGCTCCGGGTGCGGGGCGACACGGGAGTCGAGTTCAACGCCGAAGACGGCACGCCCGCCGGGGGGATCCTCTTTCACTCCACCGACGCGGAGATGCAGATCGACGGCGGCGATTTCACTGCCGCGGTCACGGACGCGATAACCGCCGGCGCGCTGCGCGCGGGCCCCGCACTCGACGATTACAAGCCGGAGGCCTCTTTTGACGGAACCCGCACCCGTGTCTACGCCGTGCGCGATTCCGACGTCGACGGCGACGGTCTTCCCGACCGCATGGAAACGGGCACGGGAACCTACCGCGGTCCTTCAGATCCGGGCACCGATGCCGACCGCGCCGACTCCGACGGCGACGGGGTCGATGACTACGCCGAGATCCACCACTTCCTGACCGACCCCGCTGATCCCGACGACCATCCGGCGGATACGGGGGCCGCCTCGCCGGACCGGCGCGTCCTCGAGATCCCCCTCGAGGCATACGTCGTCGCTTCGACCGAATCGACGGAATCGCTCAAATCCGATTCCGCGGCACAGGACTGGCCGGAGGCGGGCGAACTTTATGCACGCGAGACCTTTAATTTCCGCAAGGCGGACTACGACACCTTTCATGAAATGGCCGCCGACTACCCCGATTTCCCCTTTTCGCAGGAAGAGGCCTGTTACGGCGACAAGCGCGCGCGCCTCTTCCTCCGCTTCGACCTCTCCGCGCTTTCCACCGGCGACCTCGCGCACATCGAATCGGCCTGCCTCCGCCTGCACCAGCGGGGTCGGCGCCACGACCTCACCCGCTACCACGTCGAAGACATCGAGATCGCCGCGGCCGGGATACGGATCGCGCGCGTCGAGGCCCCGTGGGCCGACAGTCCCGGCCAATACCCCGTCTTCACCCAGGAGCGGACGACGTGGCAGACCATCGGCGGGTATTATGAGTTCGGCTGGGGACTCGATTCCGCGGGATTCTACTCGGGCGATACAGGCGCACACTGGGTCATGGACGACCGGATCGAGATGACCGGATGGGTTGCGGACTGGATCCGCCGTCCGGCAGAGAATCACGGGCTCGTCGTCGGGGTAGAGGACGGCCGCTACGCCGGCGTCTCGTGTTCCATCGCGGACGACCCGGCCACCCCGGAAAATGAAGCGCCCGCGCTGATCGTGACCTTTGAGACGCAGGAGGACGCCGGATCGCCGGAGCTGGCTCTCCGCCGCACGCGTGATCCGTCCACCGGCGAGCGCCGGACCACGGTATCGCTGTGCACTGAGTGCCGCCTGAACACGCATGAAGCGATCCTCTACTACTCGAACCATCTTCGCCGCTGGACGCCGATCGACTACGACAGTCACAGCGCGTGCTTTCCCTGGTGGACCTCCGATCGCGTCCCGGACTTCAGGGCCTCCACGGAAGAGCTTCCCGGAGGCAGAAGACATACCTCGTGGCGGCTTCCGGGTTCGATGAACCCGGGATTCTTCCGGGTTCAATCGAGACCGATCGCTGAGTCGGCCGATGGCGAGGTAACCGGCGCATTGCCGGTCGGGGCTCTGCACAGCCCCTACGCCTCCGAACGGGTGGTCGACCTCCAGATCAAACGCGGCTCGCATATCCGCGAACTTCCGAAAGGCATCCCGGATGCCGAAGTGGATCTTCCCTACCTGCACCGCCGCGCGGATCACGGACCTGAGTTTCTTTTCAAGGACCACCTCTACTTCGTGCGTTCTCTCGGCGGATACGGGGGGCAGTACGAGCTTAATAGCGGAGAGCTGCATACCAACGACATCGCCTACCTGCAGGACGGCGCATTTTACTTTGATCCCGAAGAGGTGAAAGAGCGGTTCGACATCTGGTTCCCGGTCCGCGACGAGTTGGGCGTCGACCAGCCCGACGTACAGGACTTCCTGCGCTACACGATCGTGATCGATACCATCCCGTGGGATTTCTCGTCGCTGCCGACCCCGAACGCATCGTTTGGCAACCGCGGTGCGCCCGAGGACATGGACGCCTGGTACCTATTCGTCCACTGGCTGTGCCAGACCCTGCTTGACCGTTACGAGCCGGAATTCGTGCGCGGACTGCGGTTCAGGATCGGCAGTGAAGCGCGCTACACGCTGTCGGAAGGCGACGAAGCCGCAGGACGCAACCGGGAGCAGAGTTACCTGCGCTACTACGACACCACGGCCGCCGCGATCCGCGATGTGCTTCCCGAAGCCCGGATCGGACCCTTCAACCAGATGGCCGCGGCCGAGCTGTTTACGCGCTATCCGACCGCAGGGGCGCCCGACGAGCTGGGCACGATCTGGAGCGTGGCCGAACACTGCGCGGGGCGGGGACGTTTTCCGCAGAACTTCGCCTGGCTCGAAGGTCGGGCGGGCGCCGAAGCGCGCCGGGCGCCGTACGATTTTGCCGGGGGATCGTGGTACAAGGAGAATTCCTCGGTCGCCGAACTGGAACGCGACTTCCGGTCACTCCGAAACAAGCTGATGGATATCGACGCCGACCGTTACCGCGATATCACGCTGGAGATGATGGAGAGCGACTTCCGCTCGCTCTACCGCGAGGCGGACAGCTGGGAGACCGGGGCGTACGGAGCGGCGTACCGATTCCGTTCCGCCCTCCGCGGCCTGCGTCACGGCATCTGCGGCGAGTGGGGCGCGCCGGAGTTCGAGGAGATCGGTGCCGTGAACGAATACGGCGACACCCCGTCTCATACCGTGCTCGGGAGCGCCCTCACCGGACACGGCTTTGTGCGCATCGTGATGACGCACATGGAGGACGGATATGGCTACATCCTTCCCGTAGAACGCACCGGTACGGCGGGCGGGGTCGAGGCCCTGATGGCGTACTTCCCCGCGGAGGACCGGCTGCTGATCGGGGTCGCCGCCTCCGAGTTCGATGAAAAGCCGCCCGCGCCCGATACCGGCTGGGCGATTCCCGAAGAGCACCTGCGCCGGGAATCCGTCTCCATACGGATTCCCGCTCTCCTGATCGAAGACCCCGCGGGCACCGTATCGATCCGGTCCACGGCGCTGACCTCGAACACCGCGGTCTACCGCTATCTGCGTCATAAGCTCGCCTCCTGGGGACTGCTGAGCGATTCGATGACGGAGACGCCGCAGGCCGTCGGGGGCTGGTACCAGATGATGGGCGGCAAGGGACGCGCCACCCGCCGCGAGGATGAGGAAGTCAATGCGCGGATCAACGAGGCCTATGATCACGTAGACGCCACGCTGATCGAAACCGTCCACACTATGAACCGTGATCTGCTGATGCTGGAGGACGACACGAACAGCGCGTTCATCCGCGACGGCGCCAGTTACCGGCTGAACGTCACCGTCGAATTCCCCGGCATGCATGTGTTCGAGATCGACTGGGCGCGTTAAGAAAGAAGGTTCGTAGTAGCGCTATACAAAAAAAGCGGCAGACCGTCGCCGGTCTGCCGCTTCCGTGCGATCCATCTTCGCGCGAACCCTTACCGCAGACGCCGCCGCACGATCATCAGACCGCCCATCGCCGCGCCGAGCAGGCCGATGGTCGCCGGTTCGGGAATGACGGTCGTGAGGTCGCTGTCCGCATCGTAGCTGACCTGCAGATCGCCGACGGTCGACGAGAGCGCGCCGTCGCTGATCCAGCCGTTGACCTCGGTCACCCGGTTGCTATCAAGCGTGATCTTCGAATCCGGCGCCGTGAAGATGATCCCGTCGTCGCCGTTGATGGTCAGGTTGGAATAATCGTACCCATCCAGCCCCGCCAGCCGGTTATTGAAATTCAGCGTACCGCCGTTGAGGTAGATCGCCGTTTCGTTATCGGTACCCGACTTCATGATTATGTCGAAATAAACATCGAATAATCCGCCGGTGTTCACGGAAACCACATGGCTGTAGGTGCTGTAATCCGATCCCATTCCGCTCCCTTTGAACAAAAAGTCACCGTTTACATCGATATTCACAAACACCTGTTTTCCCCAGAAACTGTTGCCCGGGTTGATCCAGTCCCCGTTCACGGTGATATCCACGGTCTTACCCGCGGCACCGATGGGTTCGAGCCGGTTTCCGCCTGCGTCGAACGTACCGTCGACGATAAGCGAACCTTCATAGAATTTGGTTACGTTATTCTCGTTTATTGTGAACGTCGACCCGGACGTTATCCGCAGCGAGCTATCGTCCGTGAGTTCGAATCCGCCGACACTGAAATTGCCGTCGGCGGTGGTAATACTGGTCTGGTTCGTCAACCGATAATTATCATCGGTGGCGAACGAGGTGCCCGCCGGTGTCCAGTTTCCCGCGTCGCCGAAATTCGTCGACGTTCCGCCCTGCCACAGATAATTCGTCGCCTGCGCGGTCATCGCCAGACCCGCCACGCCGATCAGCACGGCCATCACTCTCATCGCCTTCATCGTCCTCTCCTTCGGTTAGCCCGTCTTTCCCCGTTCGGCGGCCCAAACGTCTTTTTTCGGGGGTGTGACCTCCGTTTCGTCCTTTGTTTTCAAGGGGTCACGTTCCAAAAGGGGCTGTGGGGCAGACCTTGCCGGTTGACGACTTGATTTTCTGTGAAAAAATCGGGTTGTGTATTTGAAGTGCCACAGGCGACGCAAAGACGGCAAA
NZ_CP010904.1_gap66	2328021	2330015	1994	AGGTATTGCCTTCTTCATTGGTTTGTGTCGATGCGGATTCCAAAAATTCCTGGAAAGTATTATTGGTTGTATGTTGGCTTTCAATCAGTGCAATGGAGGTGGGTAAATCGCTGTTGCCGGTAAAGGCCATGCCCAAACCCCAGGCCATGAGAATGGGGAATATAATGGTCCAGAACACAATACCGGGTTCCCGGATAAATTCCTTGTATCGGATGGCAATAAGTTTTAATAGCGGATGTCTCACAATTGATTTGATTTCCAGGTTTAAATATAATTTGTTGTTTTACTAGTCACTTAGCTTTCGTCCGGTCATGGATACAAATAAGTCGTCCAGGGTCATTTTTCGGCATTCGAAAGACCGCAGCTCATAATTGGCCCTTAGCTCATGGAGCACATTGGGAATAGCTGATACAATCGACTGCGGCGACCTCGAACGCGGCTTCGCCCGCGTACGCTGCGATCACTGCAAGCACGAGTACCTGTTGGCGTTCTCCTGCAAGGGGCGCTGGTTCTGCCCGTCGTGCCACCTGCCTGCGCCGAAGCGGCTTCGGCAGGCAGGCCAGAAGAAAGTCGAGCTCTTTGGCGCGCTCCTGTCCGAGGCGGTCCTCTTTCCCGTCCCGCACCGGCATTTCACCTTCGGCATCCCGAAGATGCTGCGCCCCTATTTCCGTCACAACCGCGACCTGCTCAAGGACCTGTGCCGTCTGGCGCACGAGTGCCTGCTCGAATACCTGCGCACCACGCTCAATCTAACCGAGGGCCTGCCCGGCATCGTCATGGCGATCCACACCTTCGGCGAATACCTGGACTTCCACCCGCACCTGCACGCACTCGTTGCCGACGGCCTGTTCGTGCGCTCGGGCCTGTTCTATGTCCTGCCCGATGTCAGCCTCAAGCCGCTGGAGGAATTGTTCCGGGCTCGGGTCATCACGTTTCTGGTGGACAAGGGGCTTCTGCCGCCCGAGCGGGCGAACATGCTGCGCGGCTGGGTCCATTCCGGCTTCAACGTGCACCGCAGCCGACGCGTGCTGCCCGACGAGCGTGAGGATCTGGAGCGCCTCGCCCAGTACATCATCCGCAACCCTTTCGCCGTCGAAAAGATACAGGTTGCCGAGCCCAACCCATCCAACCCAGACCTGTCTGCGTGCGGACACGCACAGGCAGACGGCTCGATCATCTACCGCTCCGGGCTCAACCCGAAGATACAGCGCAACTTCGAGGTCTTCAGCCCGTGCGACTTCATAGCGGCCATCACACAACACATCCCCGACAAGAGTTTCCAGCTTGTCCGCTACTACGGGTGGTACAGCAACAAGATGCGCGGCCAGCGCGACAAACAGGCCGCCGAAGAGGCAAAGGCGCCAGGCCAGGCCGTGCAGATCATCGATGTATCCGACCACAAGCCGCGACGCATCCCGTCACCGAAATGGCGCGAACTCATCAAGAAAGTCTGGGAAGCCGATCCGCTGCTGTGTCCGAAATGCCAGAAAGAGATGCGTATCGTTTCTCTGATCGACGACCGGGCGGTGATCGAGCGCATCCTCCGCCACCTGGGCCTCTGGGAACAGGGTGTGCGCGTCCTACCGGCGAGGGCGCCGCCTGAAGTTGCCGACCGGGTCATCGAGCCCTGTTTCGATGACCCATTCCCGGATTACGACACCGAACCGGTGATGATGTACGCGAACGGCTGAGTCATCGCGACAGGTGCGGTGCGTCCCCGAACACCGCCGTATGCGTTTCATCGGGCCGTTTTGCCGTCACGAGGCTGTTCCATCCACGGCTTGATCGCGTTCGCAGCCCGTTTTTGCACCGACTGCACCGACTTGACCGATCCTGCCTCGGTTTGCTAACTTTCCCGACATGAAAACGCTCCTTCAGACCGGTTCCAGCGGGCGGGTGTCCGTGCCGCCTGAAAAGCGATTTCTTATCAATATACAATTCGACCGAAACTTGCCCCGAAAAATTCCTGCTTTGGTTTCACCATTTGCCTTGGG
NZ_CP010904.1_gap67	2347843	2351687	3844	TTGACATGGCGGTTTTCTGCAATCTTAACCGGTTTTGCATCCTGATAAACCCGAACTTTATGAATGAAGCGCTTGTTGCCGTTTTTATCGATTATAAAGGGATGGTTGTTTCGGTCTTTGAATGCGGTTTTGGGCGGCTGGTCCAGATCTTTGAGCTTTTGCTCAATGAGTTTGCGGATTGAAGAATCGACGATCTCGGCTCTTTTAATCTCTTTGTCGGTCAGTTCGTGCAGCGGCTTTCTGAGTACGGTGCGGGTGTCGCCCGTTTTCCGGTCTTTAATGAGGCCGTAGAATGTTTCTTTGTGCAGCTGTCCGTTGGCTTTGCGGCATACTTTATGTGACACCGTAATTGAGTTGATTGCCTGCTCAACATCCTGCCGGAACGTTTCCCAAGGCAAAGGCATGTCAGAAAAAGCGTATCGCCGATGTTCAGGGGCCCGCTGATTGGCATCGCTTAACGCTTTGACCGTTTGCGGCGTGGTCAGCGCAACGACGACAGCATCTACCGCATGGTGCCGATGGTCATCACGGCTTTTGGTGCCGCCGTCTGACAGAATTCGGTTTAAGTCCCATGCATCGCGCAGATATTTGGTTGTTCCACCTTTTGCAATCTGAATGTGTTTGCGCCACTCTGAGCCGTATAGTTTACCCAGATATTCTCCAGCCAGCCGGGAGGCATAACGGGTGTCGTTGAGTTGAGATGTAGAGAATTCCTCAATAAAATCGGCTCTGGAATCGGTTTCGCGCGTATTGAAACGATCCAGCTTGATTTCTTTGTAATCGCCAGTGAAGCGTTTGACCCGACAGACCATTTCTTCGTGTTCCGTCTCGGATGCCGATTCATACGGCGTTTTGTTTCCCTTCACATTGCGGTTATAGTTCACATCACAAAGCGTTTTGTTTGAAAACGAGTTATCAAACGACCTGCTGAACGGGATGATGTGCTCAATATCGAATTGCGGGGCGTCGCCAAGCAACGTATTCATGCAGATGCGTTTGCCGGTATACGGACATTCCCAATTGCATTCTTCCGCTAGCAACACTTTTTCAATTTCGTGACGGCGGGGCGCAGGATTTCCGGTTTCTTCCAGAATTTTTTTTGCCGCCTCTTTGCGCTGGCGTTCACGTACGCGCATTCTGTCCCATGATTTCTCGCGGTTTTTAGCGGTTTGTTTCATGTCGCGGGCAAGTTCAATACGGATTTTGTCTGATTTCCCGTATTCCTTGATGATGGCGTTTACAACCCTGCGAAGTTCAGAAAGGGTTCGCTGGACAATCGGATTACGCAGATTTTCCAGTGGAGGCAGGGTGTCTGTACGCGGAAGATTCTTCTGATAATCCGGATAAGCCGCTTGAACGGCTTCCATGAGGGCATGCCCCCGTTCCAGCAGAGGCAGCAGTTTTTCGAGTGCTTTTCGTGAAAACCCGCAATATCCGTCTTCAAGTTCAGTCTCGCTGAACATTTCAGCCGTTACACTGTCCAGACCCCATGTTTTTTTCATGCGTCGAATGAGGGCATCTGTGTCGCCGATGGTCAGACGGTCCTCAACAATTTGATTTTTCTGTTCAGAAGAAAAATGATCCCAGGCCTCCCCGAACAGGTTGCCGAGAGCGGCTGCGGTATTATTCCCTTGAATGGTTTTTTCGCCGCCGCGTTCCAGGTTAAATTTGGTTCCTCTCAGATTCAGTACCTTGCGCAACGTTGTGAACTTCTGGTTGCCACGGCTGCGGAGCAGGGCAAGTGCCTGCTTTCGCTCTTCGTCTGTTAATAGGCGCTCGTCTCCGGTGGAAGAAACCACTCTCAAATGGTTGAGCGATTGAAGCAGGCGGAATTCCTGCGCCATAAGCAGCGCAAAGGGAGCACGTTTCCGACCGGGTTCCAGCTCGCATTGCCCGAGCAGATGCGCCTGCGATTTGAGCGGGCGCTGATAAAACAGGGCCTCTTTGACACGTTTGTAAAGGTCATCGGTCAACACATGAGGGTAGAAGCTTTGCTGTTTTTCCCAAATGAGGTCGAATTCGGAGGTATACCATTCCCTTAATGTGTAGTTGGTGCGGATTCTCTGCTCGTGCGGGTCAAGATGGCTTAGGTATTCGCCCCACGTCCGGGCTCCTTTTTGCTCCATATCTTCTGCAAAAGCCTTTGTCGCATCTTTCAGTTTGCCGCGGTCATCATCTTTCTTGAGTATTTTGCTGTTTGAAAGGAACCCCCTGCGATGAGCAAACTGATAAATGCATAGGCCGATCTCCTTAAGATCTATTTGTTCATCCAGTGCTTTCGCACGAAGACGATAAGGATTTCTGGCAAGCAGCATTTTCCATTCGGCATCTTTATGATCGGGTTTGTTGGCCGGAAGCATTCCAGCCTCTTGAAGGATGCGGCGCACTTTAAGAATTCTGCGTTTGCGCCGGTCATGCAGGCGGCGACGTTGCCGGGCATTTCGTCGTTCTGTATTCAGCGGGGTGCCCCGGCCATACGCATCAATTTCCAGACCGGCTTCAAAGATGCGAACTCCTTGCGCGAGCAGCCCATCAGGTTTTCCCTTGTTTAATCGGACGCATGCCCAGCCAATTGAATTGGTTCCGAGGTCCAGACCAAGAACATATGACGAATCACTCATGACATATCCTATATTTTCGAGTTGACCTCGTATCATAGCAAAGATATACAGACTGTCAACGTATCTGATCGGCTATTGATTTTGCTTAATTACAGCAAGGACTTTAGTCCGGAAGGTAAAGGCCTGCGGGCCTCCATGACGCCCTCTTCATCGAAGGGGGCGTCTTATTTTCCGGCCGGCATCAATCGGTCCTTTGGGGATAAGCAGTCTTTTCGCTGTGCTGATTCACAGTTATTTTGGTTCTTTCGCCAACCTTCTGGGCACGGAGCTGTTTCAGGGTGGGGCGGCGGCCGACATGGTACACGTTGATTCGGATCCACCCTTTTGGTCGGCTCGTATCTCACGACCGTGCCGGCACGCCCCGATTCATCGCAGCCCCGGACGGGTACACAAGGGGAAGCGAGTGCTGAACTCACGGCAGCCGAATTAGCCCGAATCACGCCTTGCGGGGGCAGACCGCCGCGAAACGGGCCCCCGGACTCGGACACAACTTACTGCTGCTGCGCCGTCAGATCACCCCACGTCCCCCGCGGCTCCGAACGGGTCGGATTATCGAAGAGATTTGTGGAGGGGGAGAGTACAGAGGAACCTCCGCAAAGGCGACAGGATGCCATCGCAGGCACGCGGGGCGCGTCAGGAGCAGGCCTTCAGATTCTTCTCGCCGGCCGCTTTCGCCCTTTTGTTCCGTTGCCTCGATTCCTGGTCGTCAGCGAAAAGCGCCTGAAGAGTCTCCGATTCCGGAATCGCCAGAACCGATTTCAACTGCTCGTAGCTGCTGCCAAACTTAATCGCGAAATTGAAGAGCACCTCGCCGTAGAACTGATGGATCTTGTCCGTGATCTCGGTGTCGCCATCGACCTCCCTGGCCAGTTGAACGAGGTCCTCAAGCAACTCATGGGTGCGGAACACACACTGCTTGATTCGCGCCGCCGCGGGCAGCGTCGCGTCGTCCATCACAAGACTCACATTCATCTTCATCGCGGCGAGATACCCGATGATATCGCCCCACTTCAGCGACAGATCGTTCCCCGCCTCGATCCTTGAGATCTTGCTCGAATCACAGCGCATCGCCTGTGCGATATCTTTCTGGGACAGCCCCTTCCGCACTCGCTCACGGACGAGCGCTGTTACAAGCGTGCGACGTGCGGTCTCCAGGTCGATCCGCTCCTTCGCTTCGGGGTCATCAGCCAGGAAGGCCGCCGCCTCAGACGCCGATTGGTACT
NZ_CP010904.1_gap68	2353753	2356632	2879	GCGGATTTCCGGTCCAGCCACTAAGATTCCAGTCGTTCCACCAAATAGGAGGGGCGCGATATCCCGCTATTTTCCCAAAGCAACCCCTGCCGATTTTTTACAAGAAAAAAGGCATCTCATACAAGACGGAGCGGATATTGCGAAACTATCGTGGCATCATCTTCGGATACTAACTGTACACAGGAGAAGGCCAGCGATGAATGATCGACCTTCAAGCGTTTCGCGGCGCGGATTTCTGCGCCGATCCACCCTCGCCGCCGCCTCGACCGCCGCCGCACCCTACGTCATCCCGTCGTCCGCCCTGGGCCTGAACGGCATCGTTCCGCCAAGCGAGCGAATCGTGCTCGGCCTGATCGGGCTGGGCAAGATCTCCCGCGGCCACTTCGGCAGCATGTTGAACCATCCCGGCGTGCAGATCGCGGCCGTATGCGACGTCGACCGTACAAAGCGCGAGGACAAAAAAACCGCGGCGGAAAGCCGTTACGCGCAGAACCGGCCCTCAGGCACCTGGCGCGGCGTGGATGCGTACAACGAATACGAGCGGATCGTGGAGCGGGACGACATCGACGCCTGTTTCGTGATGACCCCCGATCACTGGCATGTACCCATCGCCATGGCCGCTGTGCGATCGGGCCAGGACGTGTACTGCGAGAAGCCGATGTCGCTGACCATCCGCGAAGGCCGCATGCTCTCCGACGCCGTGCGCCGCTACGGGCGCGTGCTGCAGGTCGGCAGTCAGCAACGGTCGAATACGGCCTTCCGCAGGGCGGCGGAGATCGTGCGCAACGGTTGGATCGGCAAAGTCCACACCATCTACGCGCGGCTGGGAACGTTCCCGCCCCCCCTCGCCCTGCCCGAACAACCCGTGCCCGAGGGATTCGACTACGACCGCTGGCTGGGCCGCGCCCCGTGGCACCCTTACCATCCCGAACGGGTCAGCGGCAGCTTCAGCCGTGGCTGGCGGCGGTTCTGGGACTACGGCAGCCGCAAGAACGGCGACTGGGGCGCGCATCATTACGACATCATTCAGTGGGCGCTGGGCATGCAGTACTCCGGACCCGAATTCTTCTTCCCGGTCGGGCATGAAGGCTCCGAGCACCAGGGATTCCGGTACGCCGACGGAACGACGGTGCTGCGCGATCATCCCGCCCCCTCCGGCCAGATGATCCACTTCATCGGCGAGGACGGCGTCGTGGCCGTCAGCCGCCGGGACGTCCTGATCACCGAACCGGCGCACCTGGCCACGCTCCCGCTGTCCCCCTCGGATGAACACCTGTACGTCTCCGATAACCACCGGGAGAATTTCCTCGAGTGCGTACGGAGCCGCCGCCATCCGATCGCCGACGTGGAGATCGGACACCGCACGGCGACGATCTGTCACCTGAGCGCGATCAGCGAGCGGCTCGGCCGCACGCTGAAGTGGGACCCGGACCGGGAGGCGATTCTCGGCAACCGCGAGGCCTCGCGATGGATGGCCCGTCCGCGGCGCGCGCCGTACACGCTCTGAACTTCGAACTTCTGAGGATTTAATTATGAACCGGAGGACTCGACTGTGAAAACCCGCCTGATTCCCGCCATCCTGTTTGTCCTGTCATTCGCCCTCGGCCTTGCCCCTCTCGAGGCCTCGGTGAACGAACTGCTCCCGCAACTCGCGTCGGAGGACCTCGACACCCGGCAGCAGGCCCGCCACACCCTGCTGGAAGAGGCCGCGCATGCCGCGCGGCCCGGAGCGGAGGCGGAGCGCGAAGCCTATTGCGAGAATATCTGCGCGGCGCTCCAGCAGCGTCCCCCGGTACCCGCCGCAACCGAACTGGTGCGGACGCTGGCGCGCTTCGGGCGCGGGGAATCGGTATCGACCCTCGCCGCCCTGATGGATCACTCGGACCGGCACCTCCGCGAGGCCGCGCGCCAGGCGCTCGCCGTCAATCCCTCGCCGGAGGCGGATCGAGCCTTGCGCGAGGCTCTGAAGGAGGGCGGGGACGCGCGCCGGGTCGCGGGACTCGTCTTCGCGATCGGATGCCGCGCGGAACCGGGCACGACGGGCGTCCTCGCGCCATACCTCCGCCATAAAGACCCGCGCGTGTTCGAGGCCGCGGCTAAGGGGCTGGCGCGAACCGGCACCATGGATGCGCTCCATGCACTTTTAAAAGCCCGGAAAACCGCCGGGGAAACGCGCCGGGCAACCCTGACCGACGCGCTGTTCGACGGCGCAGGGCGCATGGAGGCTGCCGGCGAAACCCGCGTTGCGGCGCGAGTCTATACCGGGCTTTACGGCGCGGATGAACCCGAACACGTGCGGGCGATCGCCCTGCTCGGCGCCCTCCGTACCCGCCCCGCGGCCATGGGCGGCGAGGCACGCAAGGCGCTGGCGTCCGGTCCCGACGCACTGCGCATGGCGGTGATTGAGGCCGCCGCGCAGACCGGAGACGCCGAACTGATCTCGCGGGTCGGTAATGCGCTCGACCGCCTCGCCCCCACCCTGCAGATCCAGGCCCTCACAGCCCTTCGCGACGAAGGGACCGCCGAAGAAGCCGGGGCCGTGGCAAAGCTGCTTTCCACGGACGACGAAAAACTGCGTAACGCCGCGGCCGTCACCCTGTGCGCCATCGGCGGCGCCGGGCACCTCGATCGGCTCCTGGCCCTGCCGGACGGCGCGGAACTGAACGAGGCCCTGATGCGCATGGACGCCCCCGGCGTCGACGCCGCCCTGAAGCGCAAGCTGGAGGACGGAACTCCGGACGAGCGCGCCCGCGCGATCACCGTACTGGCCGGACGTCGGCAACTCGATGTCCCCGCCCTGCTCGACTACGCCGCCGACGGCGATGACGCCATCGCGCGCGCGGCGGCCGACGCCCTCAAGCAGGCGGCGACCTCAAAAG
NZ_CP010904.1_gap69	2460479	2461604	1125	AGCTCGTAGCGCGCGACATCGGAAGCGATCACGAGTGCCTTGCGGCCGGGGCTCCCCCGCACGTGGGCTGCGGCGAGCTGGAGCGCCGCGGTCGCGCTGTAGCAGGCCTGTTTCACTTCCAGGACGCGGCAGCGGGAGGGAAGATCCAGCAGGCCGTGGATGAACAGGCCGCCCGCCTTCGACTGGTCCACACCGCTCTCCGTGGCGAACAGGAGCAGGTCGATGTCGTCCAGTTTCCCGTCGCGCCGCAGCGGGTGGGCCGCGCTGGCACCGAGCGTCACGGCGTCCTCATCCGGCGGCGCCACGCTCATGCGTTCCTGCCCGAGGCCCTGAAGGTACTTTTTCGGGTCGACCGAACGCGCCTCCGCCAGTTTCTCGAGATCGAAGGCGTACTGCGCGGTGTAGAAACTGATGCTGTCGATGCCGATATTCATGCCGGATGTATGCCTCCGCGGGGACCGGCTTCATATTCACCGTCTCCGACAATCCACTGTTCCTGTCCTATCAAATATTCCGGGCGGCGGCAGCCGAGCAGGAAGAGGGCCAGACGGAACTCCTCGCGGTAGCGTCGGATGACCGCGCAGACCGCGTCCTCCGACTCCATCGCGGGCGCCAGCAGCGGGCGCGCCGCGCTGCCCAGCGAAGCGCCGAGAATCATCGCCCGGGCGATATCGACACCGGACCGGATGCCGCCGGAACCGATCAGCGTCGCGCCTTCCGAGCGAAGCGGAGAGAGGCGGCGCAGCGCCTGCGGCGCGGGTACGCCCCAGTCGGCGAAGGCCGCGGCCCGCGCGCGGCGCTCGGCATCGTCGCCGCGGCGACTCTCCACATAGCTCCAGGAGGTGCCCCCGGCCCCGGCCGCATCGAAGTAGCGGACGCCTGCGGGGATGAGCGCACGCAGGTCGTCGGGGTGCAGACCGGCCCCCACCTCCTTGACCAGTACGGGCCGGTCGAGCGCCTCGGCGACCGCCCCGATCCGGGAGGCCAGTCCGCCGAAGGTGGGGGTGCCTTCGCGCTGCACTGCTTCCTGAAGCGGATTGAGGTGCAGGTAGAGGCCGTCGGCCGCGAGCACGTCCACGGCTGCGCGGCATTCCTCGATCCCCATCCCCTGCCTGAGCTGCACGG
NZ_CP010904.1_gap70	2473562	2476725	3163	GCGAATCGCTGGAGCGCGAACGGGAGGAACACCGAACGGCGATCGCCGGCCACGAGACCTCGATCCGCGGCCTGGAAGAGGAGGAGTCCGCGGGGCGCGAACGTCTCAAAAGCCTCGAACATACCCTCGAAGAGAGCCGCCGCCGCCTTTCGGTCCAGGAAGGCGAAAAACAGGTGATCGATCGCGAAGCCGAAGAAGTGCGCCGCCGACACGAGACGGTCGAGGCCGAACTGGAACAGCTCCAGTCGAAGAGTACGCCCGCCGAGGCCGAACGCGCAGACCTGCGGGAACGCATGCGCGCACGCGAGGCGGACCGCGAACACCTCGTGGAGCGCATCCGCGCCGCCTCCGAATCGCTCAATGAGATCGAACAGGAGCGCGGACGGGCCATGGAGGAGACCACCGAGCGGCGCATCGCCCACGCGCAGGCGCGGCAGAATGTCGAACAGTGCCGCGCACGCGTGCGCCAGTTCGAGGCCCGCATCGGAGAACTCGAGGAACTCATCCGCAACCGGACGGAGGGGAGCCGCGAGTATGTAGACCGGACCCGTAAGCTGGAATCGGAGGTGACCGCGGAAGAGGAACGCCAGGTGCAGCTGCGCGAACTCATCGAGTCCGGCCGCAGGGAATGGGAGACGGCCAGGGAGGAGCGCGAACGGATCGCGGCCGAGGCACGGCGCGTGGAGCAGGCGCAGCGGGAGTTGGGACGCAAGCTGGAGGAAATCCAGGAGCAGCGGTCAAAACACGACCTTCAGCGCGCCGAAAAGCAGATGCGACTCGACAACCTGATCGAACGGGTCACCTCCGACTGGCATATCACCGCGGAACAGATGGACGAAGAACCCCCGCCGGAATGGGACACCGAAGAAACACCGAACGAGGAGGCGCTTGAATCCGAAGTCGCGGAGATGCGCGCCAAACTCGATTCGATGGGGCCGGTAAACCTCGTGGCCATCGAGGAACACCGCGAACTCGAGGAGCGCTACGCGTTTCTGCAGCAGCAGCAGCAGGATCTGACCTCGTCCAAAGAACAGATGATGGAGCTGATCCGGAAGATCAACAAGACCTCGACCGAGAAGTTCACGGAGACCTTCCACGCGGTGAACGCGAACTTCCAGCAGACTTTCAAGCAGCTCTTCGGCGGCGGGAGCGCCAAGCTGGTACTGATCGACGAAGAGGACGTACTCGAATCCGGCATCGAGATCATCGCCCGTCCCCCCGGCAAAAAACTCCAGAGCATCTCGCTGCTCTCCGGGGGCGAGCGCACCATGACCGCCGTGGCGCTGCTGTTCGCGCTTTACCTCGTCAAGCCCAGCCCCTTCTGCCTGCTCGACGAACTGGACGCGGCGCTCGACGACGCCAATATCGGCCGGTTCGTGAAGGTCGTGAAGGGATTCCTGGAAACGTCGCAGTTTATCGTCATCACCCACAACAAGCAGACGATCGCCGCCTCCTCCACCATCTACGGCGTCACCATGCCGCAGAAAGGCGTCTCACGCATCGTGTCGATGAAGTTTGCGGACTACGAGGGGGAATAGACCATGAAGGCCGGTTGAGGGGCGGGGCTCTCCCACTCAGGTTTCAGGTTTCTTGCTCAGCCCCGCCCCGTCTTCACCCCACCGGAACAAACTCGATACCCTCTTTCCCGGCGCGGGCTTCCACCGTCTCGGCGTCCTCGAGCCTGCCGCGCAGGATGGCGTCGGCCAGCCGGTCCTCGACCTCGCGTTCCACGGTGCGTCGCATCTGGCGCGCACCATAGGTCGGGTCGAACCCTTTTTCGATGAGGTATTCCTTCGCCGAATCCGCCAGCCGCAGATCGACCTTGCGTCCCGCCAGGCGGGTGCGCACCCGCTCAACCTCGTTATCGAGAATCCGCTCGATGTGCGTGCGGTTGAGCTTGCGGAAGACCACGATATCGTCGAGACGATTGATCAGTTCCGGTTTGAAGACGTTGCGCGCCTCGGAGAGCATCGTGTCCTTGAGCTTCGCGTAATCCATCTCGCCCGAGATCTGGCCGAATCCCATGCCCCCGCCCTTTTTGACCAGCTCGCCGCCGAGGTTGGACGTCATGATGATCACCGTATTCCGGAAGTCGACGCTGCGCCCGAGGCTGTCGGTCAGACGGCCTTCCTCGAGGATCTGAAGCAGCATATGCATCACGTCGGGGTGGGCCTTTTCGACCTCGTCGAAGAGGACCACCGAATACGGCCGGCGGCGGACTCTTTCCGTGAGCTGTCCGCCCTCCTCGTGGCCCACGTAGCCCGGGGGCGAACCCACCAGCCGCGAGACGTTGAACTTTTCCATGTACTCCGACATGTCGAGCTGAATCAGCGCGTCCTCGTCGTCGAACACGAACCGGGCCAGCTCCTTCGCCAGCATCGTCTTGCCCACACCCGTGGGGCCGAGAAAGATGAACGATCCGATCGGCCGCGTGGGATCCTTGAGGTCCGCGCGCGAACGACGCAGTGAGCGGGCAATGGCGGTGATGGCCTCGTCCTGCCCGATGACGACGCGGGAGAGGGTGTCCTCCATCTCGAGGAGCTTCTTCATCTCCGCCTCGCCCATTTTGGCGACGGGCACCCCGGTCCACTTGGAGACCACCACCTTGATCTCCTCGTCGTCGATCGAGATCGTATTCTCCTCGCGCTCCCGGCGCCATTCGTTGACCACCTCGTCCAGCTTCTCCTTGGCGCCGCGCTCCCGGTCGCGCCAGGAGGCCGCCTCTTCGAAATTCTGGTCCTGGATCGCCTGATCCTTGTTCCGCCGGGCCTCTTCGATCTCGTCCTCCAGCTTCCTGATTTCCGGGGGCCGCGTCATGGTGGTGATCCGGCCGCGCGCGCCGGCCTCGTCGATCAGATCGATCGCCTTGTCGGGCAGGAAGCGGTCCGGGAGGTAGCGGGCCGAGAGTTCCGCGGCCGCCTTGAGCGCCTCGTCCGAGAACCGGGCGTGGTGGTGCTCCTCGTACTTCGAGCGCAGCCCGCGCAGGATCTCCACCGTCTCCTCGATCGTCGGTTCTTTCACCGTGATCGACTGGAACCGGCGTTCGAGCGCGGCGTCCTTCTCGACGAACCGCCGGTACTCCTTGAGGGTCGTGGCCCCGATACACTGCAGCTCCCCGCGGGAGAGCGAGGGTTTAATGATGTTGGCCGCGTCCATGGCGCCC
NZ_CP010904.1_gap71	2563622	2566005	2383	CGGTGGGCCCGGGGATGCAGGTCACGAAGAGGCCCGCCTCCCTGCAGGCGCGGACCACGCGCGCGCCCGGGTCGGAGACCGAAGGCATCCCGGAGTCGCTGACCAGCGCCACGGCCTCGCCGTCGTCCCGAATGCGACCCAGCACCGCCTCGACCCTGGAGGCCTCGTTGAACCGGTGGCAGCTCACGGCGGGGGTCTTCAGCTCAAAGCGTGACAGCAGTTTCCGCACCCGCCGCGTGTCCTCGGCAAAGACCACGTCCGCCGCCCCCAGCACCTCGCACCCGCGGGGCGAGAAATCGTCCAGATTCCCGATCGGCGTCCCTATAATGTACAGTCCTCTATCCATTTCCACGGCCTCAGGAGAACATAAAAAAGGGGCGAGTAAAAGCGCGGCCACGAAAAGGCACAAAAAATGTAGACGGGGGACAAAACCGGCCACGAAAGGGCACATAAAGCACAGAAGAGCTATAGGACAGGGCTACTCAGGAGAGCAGAAGAGGAACAGGGCCGGTCACCTCTGATCCCGTCTCCCGGCATTTCTCCATTTCTTCTGAGTCTTTTGTGCCCTTTCGTGGCTCTCTATCTCCTCTGAGCCTTTTGTGCAGCAGTTCTCATTATGGCCGCATTCCGACCGCGGACGGCGTGGCAGCCGTCCCTCCCGAGTCGATATCCGACGCCTTTTTGGGCATTGGGAGGGTCGGGTGCCACCCCGACCGAAAAGGGTGAAGCCATAATGAGAATCGCTGCCTTTTGTGAGTTCTTCGTAATTTTTATGGTGAGCGGCGGCAAGTCCGCTCGCGTCAAAACGTACGCGTACTCGTACTCAGCGAAGCGGTACTCGTACTCGAATTCCTTGAATCGGGGGAGGGGGATCGCGCCTTCGGCGCTCCGAGTACGAGTACGAGTACGAGTAAGAGTACGAATTATGTTCACCCCCCCTCAACCAACCTTCATGCTCTTCATGTGAAGGTAGGGACGGACCTCCGAGCCATCCGCAAAACCGGCGCGCTTAGCCTGTCCGCCGAAGGCATAAAGGGCCGAAGGCGGAGAGATCGCGCCCCACCCGGAAATCGCAAAGATGAATGAGAAGAGCACAGGCAAAGAAATGGTGCGTTCTCTCTTACGTTCGTAGTAGGCCCGCAGGTCCGCGCAGCGGACAAGGGCCGTTACGCTCACGCGCCCGGCCTGCCGAGGGGCAGGCGTGCGGCGCTACTACGAACGTTTGTCGTCTTCCATCCCGCCTCTTCCCCGAACGGCTCCACCACAAAAATCTGCGAAGAACCCTTTTGTGCCTTTTCGTGGCCCGTCCCTTTTCTGCGCCTCTTCGAGGCCTTCGACGACCTCGCAGAGCGGGAGGCCCACGACGTTGGTATACGATCCGCGAATCGCGCGGACCATCGGCGCCGCGCCGCCCTGAATGCCGTACGCCCCCGCCTTGTCCATCGGCTCGCCGGTGCGGACATAGCGCTCGATCTCTGCCGCCGTCAGGGTTTTGAATTCGACCTCCGTAGACACGGAGAATGTTTGTTCGCGTGCTCCGGCGAGGATACACACGCCCGTGATCACGCGATGGGTGCGGCCGGAGAGCCGGCGGAGCATCGCCGCGGCCTCCCGCCCGCCGGAGGGCTTGCCGAGGATATCTCCGCGGTGAGCGACCACGGTATCCGCCGCCAGCACGACCGCATTCCCTGGAGCCGCGACCGCGCGCGCCTTCTCTGCGGCGAGCCGGAGGGCGTGCGCTTCGGGCCCCTCTCCGGCGAGCGCCGCCTCGTCGATCGCCGGAACCGCGACCCTGAAGTTCAGGCCGAGCTGTTTGAGCATACGGCGCCGCCGGGGCGAACCGCTCGCGAGCACGAGTTCGAGTTCCGCAAGATGCTCAGACATGCTGCGTCCCGGAGAGGCCCGCCAGGGCCACGGCCAGCGCGCCGCGTTCACCCAGCCGGTCGAGGCGGGTGACCTCGAGCCGACACCCGTCGTAGACGGGCTTCCAGGTATACGCCTTGAGCCTGGCCCGCAGGTCGTCCATCACCAGATCCTCTTCATGCATGGCGATCGTGCCCAGCACGGCGGCGGCCGGGTTGAAGGCCATCAGGATCGAACCGACGCCCTGGGCCATCCGTTCCATGTACTCGTCCCACCGCTCGAGCGCGTACGGGTCCCGGCGGCGCACGGCCGCGGAAAACTCGCGCATGGAGATGCGCGCCGGATCCCCGCCCGCCTCTTCGAGGATCAGCGTATCGATATGGCGGTCGACGATCTCCGCGCGCAGCCGGTCGGCCGTGGCGCGCCCGCCGCAGTAGGCCTCGAAACACCCTTTCAGCCCGCAGGAACAGGGCAGACCGTCGAGTTCCAGCGTGATGTGACCGATCTCTCCGGCGTTGTC
