gap_id	start	end	length	sequence
NZ_CP007389.1_gap1	2993	5825	2832	TAAAAATTACAATTGCTCCACCAACCGCACCAACAATTGCCATTAAAAATTGTAACACATATTCAGAATATACGCGTTCAACATTTAAAATATCGTTGTTATAACGTGATAAAATATCACCAATGCCAAATTTTTCAAATTTATATTAAGGTATTTTAATTATTTTTTAAAAAAAATATTCTCTAATTATATTAGAAGTTTTTTGACAAACAAGTAAAAATATGTAAGTGAAAACTCCAAGAATTAAAATAAGCATTACCAAAGCTTCAAGTGTATTTAGAAAACCTATTCTAAATAAATCTACGTTTTTTTGAAATAATCCATCAACAATATTTTTTATCCCCATTGTTACAAAATAATTAAAAAGAAAATTCTGAGAAGAAATCAACAATATGGAAATTAAATAAATAAAAAATAAAAGAGGATTTCCACCATTTTTGTACATAAATGAATATATTCGTTTAATCATTAAAATTTCTCCTCCTTAATTATCGTTCCATCTTTTAATTCAATAATTCTATCAAAAAACTTTTTATTAGATACTCTATGAGTAATTATCAAAACTGTCTTATCTTTTAAAAAGTCTAAAAAGTTTTCAAAAATTTCATCAACTGTAAGTTCATCAAGTTGAGAGATAGGTTCATCCATAACTATTATTTTTGCATGCTTAAACAATGCCCTAGCAATAGCTATACGTTGCTTTTAACCACCTGAAAGACCTATTCCATTTTCTCCAATTAACCTAACACTTTCCATAAACTCATCCAATTTCGTCACTTTCAAAATCTTTTCAAGATTTTGTTTATTTACTTCTTCATAATTTCCATATCTTATATTTTCTTTTACATCTCCTGGAAAAACATAGTGCTCCTGATCAACAATAGCAATCTGTTTCCTCAGATATTTTAAATTCCACTTTGAAACATCAATTCCAAATAACCTTACATTACCATTCTGAGGCTTGTAATATCCTAAAATCAATTTCACAAGAGTTGATTTTCCTGTGCCATTTTGCCCAACAATAAGTATCTTCTCGCCTTTTTTTATTTTTAAATTAAAATCTTTAAATACATAATTTTCCGAATCTGGGTATTTAAAAGATACATTTTCAAATTCTATATCAAATTCATACGCTTTAGGAACTTCTTTTATTTTCCCTCCTTTTTCGTCCTTTAAATCCATTATTTTTTCTATTCTTTGCACAGCAGCTTCTGCTTTTCTAAAGGTAACCGTGTAATCCGAAAAAAAACTTAAGCGGATTCAGAAAAATTACAATAAATTGTAAAAAAGCAATTAGTTCACCAAATGTTAAAACACCACTAAAAATCCGCATCCCACCGTACCAAAAAATAGCTATCAAAGGTAAAAACATAACAACTATATTTACTTGAAATGTAATTGATTCAAATAGTGCTATTTTCATGAAATTTCCAAAATAAAGTTTTAAATTTTTTTAAATTTTTCTAAAAAAAACCCTTCTATTTTATATGCTTTTTTATATGCTTTTAATACGTCCATTGAATTCACAGCCTCAGAAAAAATTATGTTGGCATTCCCACTCATTTCTTGTTGGATACTTGTATGGATTTTTATTGGTAAACTAATCATCAATATAATCAAAAAACCTATTGGTATTACCACAAATGTTACTAAGGTCATTTTAAAATCCATTTTTGCAGCAAAAAAAAGTGCTATACAAAAAATACTTAGTTGATAAAATAGATCGATATATTGGGTCAGAAATTCCTTAATTAATTCCAAATCGTTTGTCACCATGGAAACTACATCTCCTCTTTTCTGTTTATTAACTTGAGAGTATTCTGAAAAAATTAGCTTTTCTGATAATCGATTTCTTAAACCAGTAGTAATTCTTTCTACCGTCCTGCCTGTCAAAAGCTTTTTTAAATACTCAAAAATTAATTCTAGACATATAAATATCAATATATAATAAACAATTCTCACTGTATCTGTATAATTTTTTCCAACAATGGAATTTATCATATCTTTCTCTAACAATATCAAATAAACTGCCAATAATACCGAAATAAAGGCAACAAAATAAGATGATAGAAACCTTTTCTTATTGTTTTTTATCAGAACTTCTTTTAATTTACTTTGCTTTGATTTTCTTCCTTCAATTTTTACAGTAATCCCCACTATTATTCCTCCTACTTAATTAATGGTAACTGTTGTATAAAAAGTAGTGTAATTATTGGCATACAATACTCCCTGAAAATAATTAAATTTTTTCACCCATTTACTCAATATAATCTGAATTCAAATCTCTAATATTAAATATCATATATAAAAATGTTATTAAAATAGCAGAATACATTAACATAATAATAGAATGAATTAAAGATAGTGAATTATTGGAACTAAACTTTTCAAAATTATTAAAACAAGGAAAAGGAATAAAAATAATGTTTCTTCCAGTACCAATGAAGGAAAATAATACAAAAAAAGTAAGTTATAAAGTACACTTTTGAATGTATCAAATTTTAAGCTTAATAGATTAGTAATACAAATCTCAAAAATCCCATAAGAGAAATAAACTAACGATAAAGGAATATACTCTATATAATCACTTAGACTAGGCATTTCAATTGCAAAAGCATAAAACTTATTCACAAAAATCCAATAAAATACAGTACCTACCAAAAAAGCAAAAATATACAAAAAATATAGAACAAATTGACCAAAAAGCAATCCTACAATAAATTTTTTCTATTATCAACATATATAAAAGACATTTCATACAATCCATTAACCAACTCTTTATTTCAATTCATTGAAATAAGTAAAATCACAGGGACAAAAAAAGTACGCCAC
NZ_CP007389.1_gap2	31522	33699	2177	ATTAAAAATTTACGAAGAAGATAAGGACGTATTGGAAGATGCAATTATTGAAAACAGGCAAGCAATAGAAGTTTCAAATATATACAGTGACATTCTTGCAGGTATGATGGATTCTTATGCATCAGTTATTTCAAATAATCTAAACATTGTTATGAAAATCCTTACAGTTGTCACCATTTTAATGCAAATTCCTACCATTTTGACTAGCTTTTACGGAATGAATGTAAAACTTCCAATTCAAAACAACCCATTTGCATACTTACACATAATTTTTTGGTCCATTGGAACGATTGTCTTAACATTAGTTTGGTTTAAGAAGAAAAAATGGCTATAACTCCTTTCAGCCCTGCTGAAAGGAGTTTATTTAAAATAACTCCTTATTTTATCCACAACATAATCTATATCTTTTTTCTTTATCCAATAATGTGTCACATACCTAAATACTCCATCTTCAGAAGGATTTATTTTTACACCATTGTCCAACATATATTTTATAAACTCATTCTCATCAAAATTTCTTTTCATCTTAAAAAATACCATATTAATTTCTACTTTTTCTACTATCTCAATAAAATCAAATTTTTTTAACCTTTCAGCTAAATATTTTGCATTATCATGATCCTCATTAAGCTTAAACCTCATCTTTTCAAGAGCTATAATACCCGCTGCGGCTAATATACCTACCTGTCTCATACCCCCACCCATTATTTTTCTCTTTCTTCTTGCTTCTTTTATAAAATCTTTGCTTCCAACTAGCAAAGAACCAACTGGTGCATACAATCCTTTTGAAAGGCAGATATTAATTGAATCAGCATACTTTGCAATTTCATTTGGTTCAACATTTAAGTAAGTAGCTGCGTTAAAAAGCCTTGCACCATCCAAATGTATAGGAATGTTATATTTATCCACAATTTTTTTAATTTAGTCAAAATTTTCTAAAGAAATAACTCTTCCACTTGAATGGGCATTTTCCAAACAGATTAGACCTGTTTTCGGAAAATGTATATCTTCTACTTTCCTTATCTTATTTTCAACAATTTCACGGACAAGTGCTCCATCTCTCGTTTCAACTGTTCTTAACTGTACACCAGCATTTACCGCTGCGGCTCCTGCTTCATGTTGAACTATATGATAGTCATCACCAATAATTACTTCATCTCCCCTTTGACAATGGGTAAACAAAGCAAGTTGATTTGCAAAAGTTCCGCTCGGAACAAAAAGTGCATCTTCTTTTCCCAAAATTTCTGCAGCTAGTCTTTCAAGTTTATTTGCTGTGGGATCATTGCCATAAACATCATCTCCAACTTCTGCTTCAGCCATTGTCTTTCTCATCTCTTTCGTAGGTTTTGTAACTGTATCACTTCTTAAATCAATATACATTAATACACCTCCATACAAAAAAAGCCGAGGACACCCTCGGCTTTTTATTGTTCTTCTTCAAATGGTGTCCCTTTCGAAGCTTCTTCAAGTACCGAATTTAAAGCTTTAAAGAAATCCACTCCCTGCTTTCCAAGTTTTCCAACTGTCTCACTTACAAGTGCTTGAGATTCAAGTATTGAAAGAAGGTTAGTTGGATCGTAGAAATAAAGCACATGCAACTCAACTACATTTCCCTTTCTAACTTCCCAACTTGCGTATTTTAAAGCACCACTTACTATCGCATTGGCCATAACTTTTGTAATACCTTTGTATGCACTTACAGCTGCTTCAACTAATTGTTGATTTGCTTCTTCATTTGTATTGTTTGTTTGAACACTTTGTAATTGGCCTTCAACTACTTTTCTAAAAGTTTCTACCTTTGCATTTAAAAACTCTGCTATCTTACCCAATGCTTGCGTCCTTGCCGCATTCTCCGCTATGGTCATATTAACTCCGCCACCAACATTTACACCTTCAAATACAAATAACCTTCCTTCACGTGCAAGTTGAGCAACTTTTGCTTCTTGAGAGTAGTTAATCTGCACATTTTGCGCTTCTTTAGGCAACTTCCAAATCCTAATACCTTGTGCCTCAATATACCTATCTTTTGGCAATAAAAAGAAAATTGCCCCAACAACAAGCGCTGCTGCTAATACCCCAATACCTATCCACATTAACATGTTGTTTTCACTCATGGTACCACCTCCTTGAAAAAAATTATAACATTTTTTTATTAATCCACAAAATCATATCCATAT
NZ_CP007389.1_gap3	36816	39099	2283	ATCATACGTTTCACCTCAACCTACATCCAAAAATTCTAATCTTTCTTTGTAAATATCTTTTACATATTCTATTAAAGTTTTAAATTTCTCTATGTTATTCACTATATACTTGGCATCTTCCCGAGCCATTAAGATAATATCTATATCGTTAATAATATCAGCTACTTTAAATTCTGGCAATCCGTGTTGTTTTACACCTAAAAATTCCCCAGGCCCTCTTAACTTTAAATCATATTCTGAAATTTTGAAACCATCATTCGTTGAAGCAAAGAAATTCAATCTTTCAAGGGTTTCCCTTGAAACATTTCCAACAGTTAAATAGCAATATGACTGCTTATTTCCTCTCCCAACTCTTCCTCTTAACTGATGCAATTGAGCTAGACCAAATCTTTCCGCGTTTTCAATAACTATTACAGTTGCTTGGGGCACATCTATCCCCACCTCTATTACACTTGTTGAAATCAATATTTTGATTTCTCCTCGCGAAAATTTGTACATTATCTCATCTTTTTCAAAATCACTCATCCTACCGTGAATTAAAGCTGTTGAAATATCTTTAAAATATTCTTCTCTAAGCTTTTCATGCATAGAAACGGCTGATTTCACAGAAAGTTTTTCAGAATCATCTATCAATGGATAAACAATATAAGCCTGCCCGCCATTTTCAACTTCACTTATTATAAATTTATATACTTCATCTATTTTGGTTTGATGAACAACAAAAGTTTTTATAGGTTTTCTTCCTTTAGGCATTTCATCTATTATTGAAACATCAAGATCTCCATAAACAGAAAGTGAAAGAGTTCTTGGTATAGGAGTAGCGGTCATCACTAACGTATCTACTAATTTTCCTTTTGCAATAAGCTCTTTTCTTTGTCTTACGCCAAATCTATGTTGCTCATCAATTACAACCAATCCCAAATTTTTAAAATGCACATCTTCCTGTATTAAAGCATGAGTTCCAACAACCACATCTAAATCACCATTTTTAAGCATTTGTTTTATCCTATTTTTCTCAGTTGTTGAAGTCGCCCCTAAAAGCAATGCTACTCTAATCCCAAATCTCGAAAGATGTTCAAACATTTTTTTAAAATTTTGAATAGCCAAAATTGAAGTTGGAACCATTACTGCAGATTGAAATCCTGCTTCATAATTATCCAAAATAGCAAGTTCAGAAACTATTGTTTTTCCTGAACCCACATCTCCTTGTAATAATCTATTCATAGGTTTATCTGATTTTAGATCTTTTTTGATCTCTTCATATGCATTTAACTGAGCATTAGTAAGCTTAAAAGGTAACTGTTTTAATAACTCAGATGATAACTTCCCTTCAAAATTCTTTGAGATACCACCTATATTTTCATTTTCCTTTTTTGAAAGAAAAAACGCAAGTTGTAAATATAATATTTCTTCATATGCTAGTCTAAAACGTGACATTTTTTGATGGTACATACTTAAAGGAAAATGCATTCCCGTATATGCTTGGTAAACATCTAAAAGCCTTCTTTTTCCTTTTAGCTCATCTGGAAGGTAATCTTTAAAATTGTAAATATTATACAAGTTTTCTTTGATTATTCTTCTAATTACATTTTGCTTTATACCTTCTGTTAAAGAATAAACCGGCATAATCTCTCGTGAAGAATTTCCAATAACTTCTATTTCCGGATTATGGATTTCCAAAGTACCATAGAATCCTTTTTTCACCAATCCAAATACATACACTTTCTTTCTCATCAAAGTCTTTAAAACATTTCCTATGTAATCTTGATTAAACCACTTTAAAAGAATTTGATACATTCCATCTGAAAGCACTGCACTCACAATCGAAAGTCCACTTTTTTTTATCTTTTCAACCGCGGACAAGACGCCACTAGTAACTACTTTTTCATCTTCTTTGAGTATAGGTAGAGGCATAACTTTTCTTCTATCTTCATAATCTCTTGGAAAATAATTTAATAAATCTTCAACCGTTTTAACCCCCAATTTCATCAATTTTTCTGCTCTTTTTGGCCCTACTCCTTTTAAATACTTAACGGATAAATCAAGCTCTTTTAAATTTCCCTGCTTTTCTGCTTTGTAAACTAAATACATATCTCTAAACCTTTTAACCATTCCTGGAATAAACTTCATACGTTTTTCTATTCTTTCTCTATTCAAATGCTTCATTTTCACTATATAATCATAAAACTCCTGAAGTCTTTTAGAAACTTCAGGAATATTCTTTAAAGGATCATCTATTTTTTCAAAATTCTCCTCAAAAAATTCTATTAATTCAAAGGAATC
NZ_CP007389.1_gap4	219022	223648	4626	AATACCTTTAGAAGAAAATAAAAATGAATATATAAAAAAGGTAGAAAGCTGGTTAGAAGATATTAAAAAATTCACAAATACAATTGATGTCTTCTGTGATAAAGGAGTATTTCTTCCAGATGATATAAAAGAGTTATTTGAAAGTGCAAAAAACAAGGGATTTAAAATAAGATTTCACGCGGATGAAATCGAAAATGTTGGTGCAACAAAATTTGCTGTAAAAATAGGGGCAGTTTCTGCTGACCATCTACTCAAAATTGGAGATGAAGAAATCGAGCTTCTTTCAAATTCTAACACCATTGCAACACTTATGCCAGGTACAAGCTTTTACCTTGGAGAACCTTTTGCAAATGCAAGAAAATTAATAGACAATGGTGCTGCAATAGCATTGGGATCAGATTTTAACCCAGGTTCTTGTCCAATCTTTACCCCTTCTTTTATAATGCACCTTGCTCTGAGATTTCTAAAAATGGAACCAGAAGAAATTTTAACCGCTTACACTTTAAACTCTGCTTATGTTTTGGACATTGAAAATGGAAAGATAGAACCTGGATACAAATGCGATATTGCATTATGGAACACAAATGAGTTTTTAGATATTCCATACATGTTTGATCAAAATTTCCTAAAAGGTATTATAATCAACGGCAAGGTGACAATGTATGAAAACAACTAAAAAAAGCGATCTTTTTTTAATTGTTTTGATTTTAATAGTTATTCTTATACTTTTTCCAAAAGAAGATAAAAATGCAAAATTTGTCGTAAAAGTAGACGGAAAAGTTTATCTAACTTTAGAAGAACCGGGAAGTTATGAAATTAAAAACAATAATAAAATACTTACCATTGTACATTTTGATGGAAAAAATGTATGGGTTACAGATTCAACATGTCCTTTGAAAATTTGTGAAAAAACAGGGAAAATTACCAAGGGAGGAAAAATAATTTGTATTCCAAACAAAATAGTAATAGAATCCCAAGAGCAAGAATTACAAACTTGGTAATTTACGCACTTTTAATTTCGCTTTCATCTGTAATGTTTGTAATAGAAAGATATATTCCATATCCCGTTCCAGCTGGAAAGTGGGGTTTTTCGAATTTTGTAGTATTATACACGGTTTTAAACTTTGGTTTAAAAGGAGGATTGTTAGTTGGAGTCTTAAAAACAATAATTGGAAGTATTTTCACAGGAACGATTTTTTCTCCCGCGTTTTTTATGGGTTTTTTTGGCATCCTGTCTGCTATATTCATACAGTGGTTAATTTCAAAGTTAAAGTTCTTTGGATATAGTGGGATAAGTATTATTGGAATGATATCAAACAATACCGCACAAGTTTTTGTTGGGAGTATAATAATAAATAGCAATGCAATATTTTCATTTTTGCCAATTATGGTTGGTTTGGGATTGATTTCCGCAATAATAAATGCTCTACTTGCAAAAAAAATGGAGGAGATATTTGATGGATATAATCTTAGCGACTAGTTCTCCCAGAAGAATAAATCTCCTTAAAATGCTTAACATAAAATTTAAGACAGTTGCTCCACGTATAAAGGAAAATATAAACGAAACTGATCCAGAAAAGCTTGTTAAAAAACTTTCAAAGCTTAAAGCATTAAGTATAAAAGAAAAGGGAATAATAATATCCGCTGATACAATAGTTTATCATAACAATAAAGTACTTGGAAAACCCAAAAATTTAGACAATGCGTTTAATATGTTAAAAGAATTATCATCAAAATGGCACACAGTATACACAGGAGTTACAATAATTGAAAAAGATGATATAATAACATTTTGTGAAAAAACAATGGTAAAATTTAAAAAATTAAGCGATGAACTAATAAGGTACTATATATCAACTTCAAAACCTCTTGATAAAGCAGGAGCATACGGCATTCAAGAACTGGGAGCAATACTTGTTGAAAAAATAGAAGGAGATTATTACAATGTTGTAGGATTACCCATATCAAGGATATGGGATATACTCTGGGATAGGAGGATTATATAATTGCTTCCAAGAGAAAAATTATTAACTGAAGGTACGGAAAAATTAGAAAACCATGAATTATTAGCAATATTATTGCGAACTGGAACAAAAAATAATAATGTACTTGAAATTTCAAAAAAAATTCTAAACTATTTTGACAACAGCCTTTTAAAATTAAGCAAAGCAAGTATAGAAGACTTGTGTAAAATAAAAGGACTGGGAAAAGCAAAAGCAACTACCATACTTGCAGCTATGGAACTTTCGAAAAGACTTCTAAACGAAGAAAGAAAAGGAAAAACATTAAACTCTCCAGAGTTAATATATGAATTCTGCAAGGATATGAAACAATTTGATCAAGAAGTTGTTAGGGTTATAATGCTTAACTCAAAATTATCAGTAATATCTTCAAGAGATATTACCATTGGATTAATTGACACAAGTCTTGCACACCCAAGAGAAGTATTTAGAGAAGCTATCAAAAATTCTGCTGTGTATATTGTATTAGTACATAACCACCCATCTGGAGATGTTACACCAAGTAAAAATGACAAAGACTTAACCTACAAAGTAAAAGAAGCTGGTGAAATAATTGGAATTAAACTACTAGATCACGTAATTATTGGAAATGGTTTCTATAGTTTTAAACATAACCGATTGATTTAAGGGGTGTAACCATGACAAATGATGACAAATTAAAAAACATACTAAAGTTAAAAAATGAGCTTGAAAAAGAACTTGAAAAAAAGGGACTAAAGAAAATCAATAAAAAGATAAAAAAAGAAAAAACAAACGACCTTGAAAGCATCAAAAAACTCAAAGAAAAAATAATTAAAAAAGCAAATATAACTAAAGATAAAAGCTTCACTATCTTCGACATAAACATGCAAGATTACGATGCAAGTATTGAAGAAATATTAAACTCTTTAAAAACATTCTCGATTGACAATAAAATTTACAAAGCCTTATTATTTCTTTTAGAATCAAAATTTGATGAAGTTGAAAAAATCTTAAAGGATAAAGATATATATTCAAAGTACAACTTCTTCTTATCAAAATTATATAAAAGGGAAAATATTTCAAATGAAATAGTCGAGTTTATAAAAAGCTATCCACAATCTATCTATCCTTTTATCCTACTTTTAGAGTATTACCTTATTAAAGGAACTTCAACCAACTTTTCAAAAATACTATCTCAACTCTCAAAGATAGATAGCTTTTTCAGTATTATACTTTCTGCATATAGAAAAAAATTAGATGAAGATGAAGTTGTAAAAACCACTATAAAAACCAAAAAATTCCTACCACTATTACTATATTTTCTTAAAGCCAAAAACTTTGAACCTGAAAAGACAAAAAGTTATTGTCTAAATACGAATTACAGTCTTATCAACGGAACACCTCCTACAAAAAAAGAATATTGTATAAAAGCTGTTTTTGCAAATGCTGCATGGTCAATTCTAAACGATTACGAATTAAGGCTTGACACGTTAAAAAAGTTTGAAAAAACACCTGAATATAACTTATTTTTTGGCTTTTTTTATTTTAACAACCAAATAATAGAAAAGTCCAAACTGTTCTTTGAAAAATTCGAAAAGCAAGTTGAAAGATATTCTATAAAGCTATTTAACCGAAAACATACACATATTGGTTTAAAACAGTTTTGTTACATTCCTAGAGAATATACTAAAGAAGTACATGGAAATTTATTAGAAATAGTAGAAAATAATACAGAGTACGATTTCTTCGTAGAATATTACGATCCAGAAATTGTTAGATTGTTGTTTTCAGAAAAGCACTGTAAATTAGTTTATGGAGGTTAAAATGCGAAAACCAATTTTATTGTTAATATTATTTTCAATCCTTACCTTTTCAGAATTTTTGCTTAATCCTACAAAAGATTTTAACTTTACACTAAATAACAACATAAAGTTTAATTTGTCGTTTTCATACGGATATTGGAACGTGTTACTTATTGAAAAAGGCGGTGGTGCAGGAACCGCAATAAATCCCGCAGAAAGTGGTTTCTATGTATTTGACAAAATTCCATCTATTTTAAATTGGGAAATTTTCCTTAAAAAAGATAACTTTATCTTTTATACAAATATCCCATTTTCCAAAGAAAAAACGGTAATGATAATTGATCCTTTCACAAACTTTTTTTTGAAAAATTTTCGAACTCCATCCTTTGATATGAACGGTCCTGAAAATTTTTTACTTGCTTATGCGGATAATAAAACATTCCTTGGAATTGGCAGATACCCAATAAAATGGGGAAATTCTATATACCCCATCTCTATATCTGATACTACATTTCAAGATAATATAACCTTCTCCAAAAAAATAGATTTCTTTAAATACACTTATCATTTAATTTCTTCTTTTCCATTACTTACCACTTCTGAAAAAACAATTCAAGAAACCCATTATGATTCTCACACCCCTGGACTATATTTCTCACAACCTTACAAAACCATCATTGCACATAGATTTGATTTTTTCTTGTATAACCTTAGAATAGGAATAGGTGAAATAAACGTTGTTGGAGGAAAATTTCTAGATCTAATTGATATAAACCCATTAATGTTCTTCCACAATACGTATGGTGAAGGATATTCAAACGTTTTAGCATCTATAGATTTTA
NZ_CP007389.1_gap5	224678	229083	4405	AATCCAAAAGTAGAAATGATTTTCACAAATTTTGAAGCATACAACTTTAGATTCACTCCCGTTTTCATAATCCAAGAGATATATTTTAATTTTGTTAAAACAATCTTTTACTCTAACATAATAGTGAAAATGATTTTTATGGGAAATGGTATATTCTTTAGAAAAAGTCTTCTTGAAAGAATTCTTCCTATTGATCCTACAACGCTCGTAGATGATTTTAGTATGGCTACTAAACTATCAAAATTAAAAGTAAAAGAATTTTATTCAACATATCCATATATAAAAATTCAATTTGCAAAAAGTTTTAAAGATTTATGGAAACAACATAAAAGATGGTACACAGGCGGATTTAGGGAAATGTTTATGCGCATAAAAGAAGGACACCACTCTTATTTGTTTTACTATATGCTAACTGGTCTGGTAATTTTTCTTCCAGTTATATCTTTATTTGTTGATTTGATATTTCATATAGGTATGTTCAAAATCGTATTTGGATTAATAATGGCCGTATATATTTTATTATGGATTAGCTCTCTTGATAGTAGACAATTTGGTTTTTTCTCACTTTTCTATTCCTTTCTTTACGTACCTTTGTTAATGATTTTCGAACTTCTCATACTAGTTTATAGCTATATAACAGGACCTTTCAACAAAAAACTTCCCTGGGAAAAAGTTGAAAGAGATAAAATTTAAAGGTGATAATATGAAAATTTCTGTAATTGTTCCTGTTCTAAATGAAGAAAAGACTTTAGAAAAAACACTAAAAAGTATTAAAAATCAAACATATAAAAACTTTGAAATTATTGTTGTAGATAATGGTAGCACTGATAAATCCGTAGAAATAGCTAGAAAATACACAACTAACATTTTTTTTGAAGAAAAAAAAGGATCTATTAATGCAATCGTTAAAGGCATCAAAAATTCAAAAGGCGATATTTTTTTAACTTGTGATGCTGATTCGATTTACCCTAAAAATTACTTTGAAAAAATATTCAAAACATTCAAAAAACACGAAAAAATTTGTGCTATCTACGGACCATTTATGTTCATAGAAAATGGAAAAATATCAAACTTTTTTACATGGATTTCGTATATAATTATGGATTTTCTTTCAAAGCTGTTCACAAAAACTTATATTGTAGGTGCTGCAAACTTTGCAATAAAAAGAGAATGTTACTTCAAAGTGGGCGGATATGATATAAAAAGTAATCTTGCTTCACAAGATTTTCGTCTTGCAAGAAAAATATCAAAAGTCGGAAAAGTTTCCTTCTCACCATTTTTGGTAGTTTTCACATCAAACAGAAGATTTAGAAAAGAAGGTTTTTTTAAAAGTTTTAAAGAAGCTGTTATTTTATGGGCAGACGTGGCTTTTAACAAAAACAAAATTACTTATGAAAAATACTACACAAAAGAATACTACGGGAGGAAATATGAAAGAAAAAAATAAAATAGTAATTGGCATTATATTATCTATTCTAATATCCGGTGTTGTATTATTTTTTTACAGTTTTTCTCTGAATAAAAATATCATTAATAGTATTTTTTTCTCTTTAAACTATGAAAAATTCATAGTTGCGATTATTTTAGTAACCTTAAGTTTTGTTTTCGATGGGGTAAAACATTTTATAGTTTTTAGAATTTTAGACCAAAAAATTGGTATTTTTCCATCAATTAACTCCTGTTTTGTCACAGGATATTTTTCTTCTGTCACACCTTTTTCCGTAGGAGGACAACCATTTCAAATTTATTATCTTAACAAAAAAGGCGTTGATTCTGCATATGCAACACAGGTGGTTCTTTTAAGATTATTTGAAATGATTTCGTTAATGTTTTTTATTGATTTAAGCTATATAATCTTTTTTTCACATAATATAACGGGAATTTCTCAAAACATTATTTTTCTTGGCCTAATTTTAACATTTCTTTCATCTATAGTTATTCTCCTTGGAATTGCTTTTCCTAAAACTATTGGAAAGCTTTTACGCGTATTAAAAAAAGTAAAAATTCTATCAAAAATAGTAAATTTTGATAAAATAGAACATTGGTTTCATAAACTAGATATTGTGATAAAAAAAATATTTCGCGAACATAAATGGTTAATTTTTATTGATTTTATAATGATGTTCATACTACTGATATTCCAAAGCTATGTATTCTACTATTCGATTAAAATTTTTACCAACATAAATATACCTTTCTTTAAATTCTTTTCCATTGTAAACATTGTTAATGCAGTTGCCTTTTTAGTACCAACGCCTGGCGCAAGCGGTAGTTTTGAAATAATTTATACCAACGTATTTTCTTCTTTTTCACCAAACAAAGAAGCAATTATAAAAGGTGTGTTGTTTTATAGATTCCTCTCATATTATCTCCTAATAATATTTGGAACGATAATATTACTGCCTTTTGCTTTTAAGAAAGACAAAGTTTAGTTTTTATCAATACCATTTAAAAATACAAAAATACTTACAAACCATGAAATTAATAAACCTAACCCTACAAGCTCGCCAAATTCCTTTAATAACTCACCTTGAGCTAACATAAAACTCCCAAAAGCCATCATTGTTGTCAAAACTGATACAGTCACTGCTTTTTCAGTTTTCATTATACTTTCTCTTCCGTGCTTTATACTATGTGCTAAATGCACCATACTATCAACACCTATTCCCAAAAAAATTGGTACAATTAGTAAATTCAAAAAGGTTAAATTTATCTTTAATACAAAATAACCTATTCCTATTGTAGACAATATAGATAAAATGACTAAAAAAGATATTTGCAAAGATCTTTTAAAACTTCTCTGATCAATTAATAAAGTCAATACAATTGCCATAAACACAAAATAAACGGCTTTTGTTGTTGAATTAATAAGGTATACCATTACTTTGTAAAAAAGTGCAGGATACCCAAATACTCTTTCCCCCTTTAATTCCTCATCAAATATCTTTTTTAGATTATTGTTAGTCCATAACCCTATTTTTTCCTTAGCATACAATAAATAATACCTTTTCCCATCTGAATCGTAAAAAAATAAAGATGGCATATCCTTTTCTATACTAGCTATAACATCTTCAAATGTTTTGGCAGATTGTAACAAGCTCAAAGTTTCTATTAAACTGTTATACAACCCATATTTTTTAAATATTATATCCAAAATCGGTTCACTAACTATTTGATTAATTTTCCCGTAAAATGTAGGAGATATTTCTTTTAATCTTGATGGATCATCCATAAAAGATAAAATCGAAAAAGTATTTGAAAAATATTTTGAATTTTCTACCTTCTCCTTTAAACGTTTTAAATCCTCAAAGTTTTCAGCTCCAAGCACAACTTGTCCTATTCCAAAATCTCCAAATTTTTCCTCTGCAACACTTAATGCAATCATTGCTTCTGATTTTTCTGGAACAAGTCCAGGAGGTGTATATGAAAAATTCTTAACTGCAAAATACGCGCCAAAACCTGTTACTAAAACTACAACCCAAACAAAAACAGTTATTGGTTTAAATTTTCTGACAAATTCTAAAAATCTCGAGAAATATTCTCTTTTTGGTATTCTAATTCTCGAAAAGAACTTTGCATATAATGCAGGAATTAAAAAATTCATAAAAATGTAGAATATTAAAACACCAATCCCCGAAGAAATTCCCATTTCTTTTAAGGGTTTAGAAGGACTCAAAGCAAGTGCAAATAAAGAAATTGCCGTTGTAATTGCTGAAACAAATGAAGGCACAAAATTTTCTTTTATCGCTTCTACTATACTTTGTGTTGATTTCCCATAAATTCTTAAATTTTCATGGATTTTTGCAGTAATATGGATCCCATAGTCTATACCAAGTCCCAATAACATTGCATTGACAAAAGAAGTTACAATATTTACCTCTTTAAACAGAAAAACTATAATTCCTAAACTTGTACCCATTGCAAGAATCATTGAATACAACATAAATAGCATCGAACTAGTACTTCCGTATGAAACCAGAAGTAACAAAGATATTCCAATTAGAGAAACAAAAGTAGTAATTTGAAAATCCTTTGAAACCTGTAAATTTCCAGTGTAATTATTCATGGCAGAACCACTAAATAATATATTAACTCCAAATTTATCTGAGATATCTTTGGAAATTCTCTTTAAAAATGGTATGGCATCATTTAAAAAGTTCACATCTGTTACAGGTTTGCTCATTGAAAAATTCATTAACATTAAACTTTTATCTTCAGATATAAGATAGTATTTTTTTATACCACTTCTTGAAAAAAAATCATTTGCAAAGTCTGAAACAGTTGAAATTGCAACTCCTAAATTTCTCCAAAACCTAAAATCAATAACTGAACGAGGTTCTACATTTACAACAGCACTGTAATATCCCAAAATATTATCTATACTATTCTCGTCAACTGTAAATAT
NZ_CP007389.1_gap6	233991	238398	4407	ATTTTATCCAATTTTTTTTTCGTTATCAATCATACACCTCCTTGTAAACATTTTCAACAGAAAAATTTCTTTCTAAATACTCAATAATTGATTCCTGAGTTCTAAATGCCGAAGATTTATTCAAACTAACAAATGAGATTCCTATTGTCATTAACTCCTTTGAATTTTGATTTTCATATTCAATTATAGAAACATTATATTTTTTTCTTATATCATTTAAAAGTCTTTTAACAATAGAACGTTTTTCCTTTAACGAAAATACTCCAAACAATCTAATATCAACCTCTAAAAAACTTACAGGCATATTACAACTCCTCTATTGTAAAATTATCATTGGTATATATACAAATTTCACTTGCAATTCTAATTGATTCCAATGCAATTTCCTTTGCAGATAAATTTGTATGTTTTAAAAGAGCTCTACCTGCCGCAATGGCATATGGCGAACCTGAGCCTATAGATGCTATATCATCTTCAGGTTGTATCACTTCACCTGTTCCCGAAATTATAAACGTATATTTTTTATCCGCTACCAAAAGCAAAGCTTCTAATCTTCTTAACACCCTATCTGTTCTCCAATCTTTTGCAAGTTCAACAGCTGATTTTAATAAATTGCCCCCCCATTCTCTGTATTTTGCTTCAAATCTGTCAAAAAGTGCCATTGCATCTGCAACCGAACCAGCAAAACCCGCTAAAACATTACCTTCTCCCATTTTTCTAACCTTCTTTGCATTACCCTTCATTATGGTATTTCCATATGTAACCTGGCCGTCTGAAACCATCACAACAGAATCATTTTTTCTAACACAAACTACTGTAGTTGATCTCCATTTCATAACTTCACCTCCAAACCCGCCTTCTTTAATCTATTCATAACCGAAAAAAGTATACCTCTCTCTTCTAATTTCTCAACATATGCAATTTGAAAGTCCATTTTATCTATTTGTCTTAATAATCTAAAAAGATTTTGTGCAATTGTATATGGATTTTCCAAACTTCCTAATACTACAACCATATCACCTGGATAAAATCTTTTATGTTCTTTTGGACATAATATTACGCCCTTTTCTTTATGCGCAATTTCAATTATTTTTTTTCTATTTTTTCTTTCAAAAATATACACTGGTTTTTCTGGAGCATAATGCCGATATTTCATTCCAGGTGCTTTAGGTGTCTCAACTGTCTTTGCATTCTTTACAAAATCGGGTATGATAACCTCTCCAAATAGTTCGTGTAATTTTTCAATGGTAATAGGTCCAGGCCTTAAGATAATGGGAATATCCCCTGAAAGGTCTATAATAGTAGACTCTATTCCAAATGGGGTATTCCCAGCATCTATTATACACTCTATCTTTCCAAACAAATCTTCAATAACAGCTGATGCATCGGTAGGACTGGGTTTTCCTGAAAGATTTGCACTTGGTGCAGCAATAGGCCCTGCATATTCACAAAGCTTTCTAGCAACAGGATGCGCAGGTATTCTAACACCAACTGTATTAAGACTCGCTGTAACATTTTTCGGAAAACTAGCTTTCTTTCTTATAACAAATGTAATTGGTCCAGGAGTTATCTGTTCAATGACTTTACGATATTTTTCATTTACCTCTCCTATTTCATACAAAGTATCAACAAAAGCCACATGAACAATTAATGGATTGTCTTTTGCTCTACCCTTAACCTTAAATATCTTATCAACTGCTTCACCGTTGGAAGCACTGGCCCCAAGCCCATAGACAGTTTCCGTTGGAAATGCAACTAATCCTCCAGATTTAATAACCTTACACGGATATGAAATATCTATATCAGATAATGTCTTTATTTTTAATATCTTAGTCTCCACTCTCTCTCCTCCATAAAAAATTAAAAACCTCCATATACTCTTTTGTTAACTTTTTGGAAATATAACATATCTCATAATTCTCATTCAAGCCTTTTCTTGTAAAGTTAGCTGACCCCAAAAACACGTAATCATCAACTATTACAAACTTATGATGCAACATCCTATCCTTTATTATTTTAATATTCCTAATGGGAAAGTTAAAAAGTCCATATCTTTCAAACCAATTATCGGTGATTATTTTTACATCAACACCTTTAGATTCCTTAAATTTTAACATGGCAAAAATTTTTTGATTTGTAAATGCATAAACACATGCATATATTTTCCTTTTTGCACTCATTAACAACTTTAAAAGTTCACTTTCCACATCATCATAACCTACTATCAAAAAATTTTCTATAGAAACCACTCTTCCATCGTTCCAAAGATTTAGAAAAAGCTTTTTAAAATCTCTTGAATAATTATCAAAGATAACAATATCATTAAAACCCGTTACCAAACCACTTTCTGTAAAATTTGCAGAACCAAACAACATTCCATTATCATTTACCATAAATTTTGCATGATGCAAAGTATATTCATAATCCTTAAGCACCGAACATTTCAAAGAAGAATTTGGAACTTCCAAAATTACTCTTACGTCTATTCCTTTTTTGAAAAGTTTGTTAATCTTTTCCACAATTTCAATTTTATCAATACTATATGAAGAAATATACAAAAAACTCTTAGATTTTTCCATAAAATCCAAAACTACATATGTTAAATCTTCAAATTCAGTAAAATAAGCTGAAAAACAAATAATTGCTAAAAATAAAAAAACAATACTACTTATTTTCATCCTCGCCAACCTTTAGCAATGCAAGAAATGCTTCCTGTGGTATAGAAACACTTCCAATCTCTCTTAACCTTTTCTTACCTTCCTTTTGTTTTTGTAAAAGCTTCATTTTTCTTGTAACATCTCCCCCGTAACATTTTGCAAGCACATCTTTTCTCAAAGCCTTAATTGTCGATCGTGCTATTATTCTTCCGCCCGCTCTTGCTTGAACAGGTATCTCAAATTGATGTTGCGGAATTAATTCTGCTAGTTTATCAACCAATTTTCTCGCCATTGCATATGCCTTATTTTTATGTGCAATTATCGATAATGCATCAACTGGTTCTTTATTCACCAATATCGTTATTTTAACAAGTTCACTTTTTCTATACCCTATCATTTCATAATCCATGGAAGCATATCCCCTACTCGATGCCTTCATTTTATCAAAAAAGTCAAAAATTATCTCCGCAAGTGGAACTTCAAAATTCAATACAACTCTTTCAAAACCAGCATTCTCAGTACTTGTCATAATTCCACGTTTTTCATTTTGAACTAAATTCATTAACTTTCCCAAATACTCTGGAGGAGTTATTATAGAAAGTTTTACATATGGTTCGTAGACTTCTTGAATCATGGACTCATCTGGGAATTTAGCAGGATCGTTAACAATAACTTCTTCTCCATTCTTTAAAATTACCTTGTATTCAACATTTGGTGCTGTTAAAATTACAGTCATCTCAAACTCTCTTTCTAACCTTTCTCTTACCACATCCATATGCAAAAGCCCCAAAAAACCACACCTAAAGCCAAAACCCAAAGCAGGTGAATGATCTGGATAAAAGGTCAAAGAAGAATCATTTAACTTTAACTTTTCCAAAGCTTTTCTCAACTCCTCGTAATATTCCGGCACACCGGGATACATACCTGCAAAAACCATTGGCTTTATTTCTTTATATCCAGGTAATGGTTCTTCAACAGGATCAGTAGCATTTGTTATAGTATCACCAATTTTTGCCAATGATACCTCCTTTATCCCTGCAATAATGTATCCAATATCACCTGCTTTTAGTTTTTCTATAGGCGTCATATCTGGTGTAAATACACCAGTTTCAACAACTTCGTATACTTGTTTGTTTGAATAAGTCATTATTTTATCTCCAGGTTTTATTTCACCATTAAATACCCTTACATACGTGATAACTCCTCGATATTTATCGTATTTTGCATCAAAAATAAGTGCAGAAAGCTTTTCATTTTCTGTTCCTTTTGGAGAAGGTACTCTTCCTATTATTGCTTCCAAAACATCTTCCACTCCAATTCCCTCTTTAGCACTTACTTTTAAAATCTCCTCACTGGAAATACCAATTAGATCTTCTATTTCAAGCTCCGTTTCTGGTATATTGGCATTTGGAAGATCTATCTTATTAATCACCGGAATTATTTCCAAATTATGTTCAATCGCCTTATACGCATTTGCAACAGTTTGGGCTTGTACTCCTTGTGAAGCATCCACAAGTAGTATGACACCTTCAACTGCTGCAAGACTTCTATCAACTTCGTACGTAAAATCCACATGTCCTGGGGTATCAACTATATTAATTTCATAAACTTTTCCATTCTTTTTGGATTTATAAAATACCCTTAAAGGATGGGATTTTATGGTAATTCCCCTTTCCCTTTCTATATCCATACTATCCAAAAATTGCTCTCTCATCTTGCGTTTTTCCACTGCACCAGTAATTTCCAAAAT
NZ_CP007389.1_gap7	239427	242067	2640	AACCGATTTTTTCAAATTCTCTCTGACAAAAGGAGATCTCCGTATCTATCTCAATACTCCGTCTTTTCGCCTCTTTTATTATTTCATTTTCAAAATGTACACCGGGACTAACCAAAATAATATCACATTCAAGTGCTTTTTCCGTATGTCCATTTTCTTCAAATTGCACACCATTTTCCAATAACAACTTTTTATCAGAAGAAGCTAATTTTTTCCCCTCACTTACAAAAACTTCATGCCCATTTTTCACAAGATATTTAAAAATTTCTTTGTTACTTAATCCAAAACCCAACAAAGTAAACTTCAAAACAAATCACCCCTACTTTATTTTAACATATATAAAAATTTCTTCATTTCTTCCAAACAAATCTTATGTAATTTTTCCCTCTTTTCTTTCTTTCCCATCTTCACATCCACCAATCCAAAGTTAGCATACATAGGCTTTAATTGCTTGGAAGTTGTTATATAGTTTAACAATGCACCGAGCATTGTCTTCGTAGGAAGTGCAACAAGTTCTTTTTTCTCCAAAAATCTCAAAATATTTATTCCTACAAAAATTCCAGTAGCTGCTGATTCAACATACCCTTCCACACCTGTAATTTGCCCAGCAAAAAACAAATTTTGAAATTTTTTATGTCTCAAAAACTCATCCAACACTTTCGGTGAATCAATATACGTATTTCTATGCATCACACCATACCTTAAAATTTCAGCGTTTTCAAGCCCTGGAATAAGTCTTATTATTCTCTTTTGCTGAGGCCATTTCAATCTAGTTTGAAAACCAACTAAATTATACATATTCCCATTTTCATCTTCTTTTCTTAATTGAATAATTGCATATGGCATTTTTCCTGTCCTTGGATCAATCAAACCAACGGGTCTTAGTGGGCCAAACAACAAGGATTTTTCTCCACTTTTGGCTATCTCCTCAATTGGTTGGCACCTTTCAAAAAGCAGCTTCCTGTCAAAGTCCTCCATTTCTATTTTCTCAGCATTTATTAATTCTTTGTAGAATCTTTCGTATTCTTCCTTTGTCATAGGACAATTTATATAATCACTTGTTCCTTTGCCATATCTATCCGCAAAAAAGCACTTGTTAAAATCTATACTATCTCCAGAAATAATTGGAGCAACCGCATCAAAAAAATTTAAAAAACCTCCAGTTAAATTCGAAAGCCAATTTGCAAATTCTCCATCTGTTGTAGGTCCAGTTGCTACCACCCATATTTCATCTTCTTTTAAATCTATACTCTTTATTTCTTCACGAATAACTTCCACATTATCAAATGATAAAATATGCTCGGTAATACACTGAGAAAATTTATCTCTATCCACCGCCAATGCCTTCCCCGCAGGAACTCTACATCGGTATGCACATTTTAAAACTAGTGAATCTAGTATATTCATTTCTGCTTTAAGTATTCCTTCAGCATTGTTCAAACTTTCAGATTTTAAAGAATTACTACATACCAATTCCCCAAAATTGGGATTTTTATGCACAGTAGAAAATTTCTTTGGCTTTTGCTCAAAAATCCTTACCTTCACTCCTGTATTCAAAAGCTTCCACGCAACCTCTACTCCAGCCAATCCAGCACCAATAATGTTAACAATCAAAACATTCACCTTCCTTAATTAAACAACCATTTTTTGCTTCAAAAAATGTCATCTTTCTTTTCCCGGGAAACTGTATATACCTTACCTTCACAGAACCATTTTCACACGATATTAATGCTCCTTCCTTATCGATACTAATTATCTTACCTATTTCTCTTGAACTATTCTCCAAAACAGAAAACACACCAAATAATTTTACAATCTTTCTTTTAAACAACACTCTTACTCCTGGAAGAGGATCATATGCACGGATTTTATTTTTTACAAAAGTCACATCTTTTGAAAAATCAAGTTTTAAATCTTCTTTCGTAATTTTTGGAGCAAATGATACTTTTCCTTCTTGTGGGATAAGCTCAATGGGATAGTTATTCAAAAATTCTATCAAAGCCTTTTTCCCTAAATCCAAAAGTTTTTCATACAACTCCCCAAAAGTTTCAAATTCCCCAACTTCTACTTCTTTTTTCAAAGCAATTGGGCCATCATCCATTCCCTCTCCTATTTTGAAAATCGTAATTCCCGTTCTCTTTTCACCATTTTCTAAAACTCTTTGAATAGGTGCTGCACCTCTATAACTTGGTAAAAGAGAAGCATGTACATTGTAAAATTCCAGTGTATTTAAAAATGGCGGTTTAAGCAATTTTCCATATGCAACAACTATTCCTATGTCGGGTTTAAGATTCTCAATTATTTTCAATCCCTCTTTATTTAATTTTTTTGGTTGAAAAACAGGTATATTGTACTTTAATGCAACTTCCTTAACAGGAGTGGGAAGAATTTTCTTTCCTCTTCCCTTTGGTTTATCTGGCTGTGAAATTACAGCTACAACGTCAAATCCATTTTTCATTAAAAATTCAAGATGAACACTTGCAAAATCAGGTGTTCCTAAAAACAATATCCTCATACTATTCCTCCTTTTCAATAAAAAAGGATGCTATTTGCATCCTTTAAATGTTTCAAACAATTCTAAAAATTCTTCGTTTTCCAACTCTTGAGGTCTTTTTTTTAAATCAAACTTTGAAAAACATT
NZ_CP007389.1_gap8	253695	256164	2469	TCATACCTATTGTTGCCAACCCACCAGCAAATGTTACACACATTTGCTCAGTAATTCCAAGGTCAAAAAACCTTTTCGGAAATTTCTCTGAAAATTCTTTTAAACCCGTTCCAGATTTCATTGCAGCTGTAATTACTATTATCTTATCATCTTTTTCTGCTAATTTACTAAGTGTCCTTCCAAATGCTTCACTATATGAAATTATACCTTTTTCTTTTAAGAAAGTTCCGGATGATATATCAAATTTCGAAGCACTATGGAACTTTTCTGGATTAGATTCAGAATTTTTAAATCCCTTTCCTTTAACAGTATTAACGGTAACAACTGTAGGATAATCATAATCTTTTATTCTTCTAAATTCATCTTCTAATTCTTTAAAATTGTGTCCATCAATAGGTCCAAAATGTTTTAAACCCAGGCCTTCAAAAAAATCCTCTCCAGTTAAAGTAACTTTTAGAGCATCTCTTATTTTTTTCAATTCTTCTTCAAATCCCTTTGAAAAAGCCCTTTTCATTGTTTTTTTAGTATCAAGATAGAATTTACTTGTCCTTAATTTTTCCAAAAAGTGGGAGAGTGCACCCACATTCTTTGATATAGACATAGAGTTATTATTCACTATTATCTTTAATTTTGAATTCAATGTCTTTATCTGGTTTAAAGCTTCCAAAGACTCGCCAGATGTAAGTGCACCATCCCCAATAACTACAACAACATTTGCTTTTTTTCCTTTCAATTCTAAAGCTTTTTCAATACCTAATGCTGCTGCAATAGCCGTTCCTACGTGGCCTGCTCCAAATCTATCATATTCCGATTCAAATATATTTGTATATCCACTTAACCCATCAAACTTCCTAATTGTTGGAAATAAATCCCATCTACCTGTCAACAACTTATGAACATATGTTTGGTGACCTGTATCCCAGATTATGTAATCTTCGTATGGATTAAATACTCTATACAATGAAAGGGTCAATTCCACAACACCAAGATTTGGCGCTAAATGTCCACCATTTTTCGAAACAACATTAATTATATACCTTCTAATTTCACTGGCAAATCTTTCCAATTCTTGATAATCTAATTTTCTAATATATTCAATATAATCCAAAATATCACCCTCAAATGGATATTTTTTCCACTCCCATATATGGAACTAATACCTTAGGAATAGTGATTGTACCATCTTCATTTTGATAATTTTCCATAATTGCAACAAGTGTTCTACCAATAGCCAATCCAGAACCGTTCAACGTGTGAACAAAATGCGTTTTATTGTCGGAACCTCTATATTTAATATTTGCTCTTCTTGCTTGAAAATCGGTAATATTACTACACGACGAAACTTCTTTATAATCATTATATGAAGGAAGCCAAACTTCAATATCGTAAGTCTTTGCAGATGCAAAGCCCAAATCACCTGTACAAAGATTTACCACCCTGTACGGTAACTCCAAAAGTTGTAATATCCTCTCCGCATCTCTAGTTAGTTGCTCCAATGCATTAAAAGATTCTTCTTCCTTTGTAAACCACACCAATTCAACTTTATCAAATTGATGCTGCCTTATCATTCCTCTGACATCTTTTCCATAGCTTCCCGCTTCTCTTCTATAACAAGAAGTATACGAAACGTATTTTTTTGGAAGTTCTTTTTCCTTCAATATTTCTTCTGCATGTAATGCGGTAATGGGCACTTCAGCAGTGGGAATTAAGAAAAGATCATCTTTTTTCGTATTGTATGATTCATCTTCAAATTTTGGAAGCTTTCCTGTCCATATCATAACCTCTCTTCTAACAAGATGTGGAACCCACACCTCAGTATATCCATGTTCCTTAGTATGCACATCCAACATAAATTGAATAAGTGCACGTTCAAGCTTTGCTAAAAGTCCATACATCACAGTAAAGCGAGCTCCACTTAACTTGGCAGCCCTTTCAAAATCAATAAGCCCAAGTTCTGGTCCTAAATCCCAATGTGCTTTTGGTTCAAAATCAAATTTTCTAGGTGTCCCCCATTTTCTAACTTCAACATTCTCCGTTTCATCTTTACCGACTGGAACACTTTCATGTGGTATATTCGGAATTTCCAAAGCAAGATTTTTCATTTCCTCTTCAAGTCTTTTTTGCCTTTCGTCCAACTTTTTTATCTTCTCGCCAATTCCTTTACTCTCTTTAATTAATTCTTCGGCTTCAATATCTTTTTTTTCAGCCTTTAATTTTGCAACCATCTTTGACAACTCGTTTCTTTTCGCTTTTAAATTGTTTACCTCAGCCAAAATACTTCTCCATTCTCTATCCAATACTAAAATTCTATCAATAATTTCTTTATCCATTGCCCTTTTTTCAAGTGCATTATAAAAAATTTCTGGTTCTTTTCTAAGAAGTTTTATATCAATCATATTAATCACTCCTCAAAAAGTTTTTTTAAATTTTCTTCATATGGAGGATAAACAATTCCCTTTTCCGTGATTA
NZ_CP007389.1_gap9	261196	263281	2085	TCAAAGAAATTGAAAAATATGCAAGTATTAATACATATTTTCTAGACTTTGAAGGAGAAAACATACCAGAAATAATTCACCCAAATACCTCATTTATAGTTGGCCCAGAAGGGGGATTTTCAGAAGATGAAAAGAAATTTTTAAATGTTAACTTTACACCTGTTGTTTTAGGGAAAAAAACATTGAGATTTGAAACAGCTGCTTTTGTATTTCTAAGTTACCTTTCCATTAAACTTGAAAAAATTTAAAAAGGGGTGATTTCATGGTAAAAGGTGAAAAAATTTATTCATACGTAAAGTTTGAACATGAGTTAGAATCTGAATACAGAGAAAAAATAGCACTTTGTAAAAGAAAATCGGATGTTTTAGAAACATTATTTGAAACTGTTAAAAAACTACTTTCAAAAATCAACGATGAATTTAAACACTTAACAAGGGATGACACTAAATTAAACAACGAAAAAATAGAATTTTCAGAAAAGTGGAATGAGAAAATTAAAGAACTTTACAAAAACAGTGATCTCGAAGCAATAATAAATAGACTTACAGAAGTAGCTACACACAGAATCAAAAAATTGGAAAACGATGAAAATGTAGATTATTTTAATATAAAAACAAAATGAGCGGTTAAACCCGCTCATTTTTTAAAAGTCCATAAATAAAAATATCATAATACCTACCATTGTGAAATTTTGCTTTTTTTAAACGACCTTCCTTTTTGAAACCAAATTTTTCCAACAATTTTATAGACACTTCATTATATTCATATACTTCAGCGGTTAATCTATTCATATTCATTTCCTCAAATGCATAATCAATAGAATATTTAAGTATTTTTTTACCGTAACCTTTTCCTCTCTTTTCTTTTTTTACATAGTAAGTAATATATGCATTTCTGTTAAAATACCTCATGTTAAAACTAACAAAACCTACAAACTCATCATCAAAAAAGTTCAAAACTATTCTTCTTGGAATTTCTACTATCCTTGTTTCAGAAAAAAACTGAAAATCTTCCGTCTCAACCTTTATCAGCTCATTTTCACATATTTGAACCTTCATCTATCCCACCTCAGAAAAATCTAGTAAAATCTGCAAACATAAAATAAAACGCAAGAGCCATAAGTATGAAAAATCCTATTGTATGGACTATAGCTTCTATCCTTCTATTCACTTTTTTACCTGAAATAATTTCAATTAACGAAAACACTATCCTTCCACCATCAAGAGCTGGTAAAGGTAACAAATTAAAAATCCCCAAATTCAATGTAAATAAAGCTACTACGGTTAAAATAGTTTCCCAACCAGCCCTTGCTGCTTCACCAACTATCACAGCAATTCCCACAGGTCCTGCCACTTGATTCACACCCTCACCCAAAAACAACCTACCAAATGCCTTCCAAATAGTTATTGCAGCAGAATTACATCTTAAAATTGCTAATTCAAACGTTTCAAAAATATTCTTTGGTTTTAGATATTTTTGCTCTTCCTTAAAGAAACCCGGTGTTGAAACTATCTTTAAAAACTCTTCTTTATCTAAATCTATTGTCATCTTTTCACCATTTCTTTGAACAACTATTTCTAACCTTTCAGAAAGAGGGTTGAGCTTTTCTTTTATTTCATCTCCCCAAATATCAATGTATACTTGTTTTTCTTTCAGGGAAAGTCTTGAAATAAGACTTATTAAAGAAACATAATCTTCTATTTCCATATCATTTACTTTAACTATTCTATCGTTTGACAAAAACGGTTCAATATTTTTATTTGCTACAGGCTTAAATCCCGCATAATAAAACCCTATAGTAGGTCTTTCATCAACAAATGTAAAACTTAACACAACACCTGATAAAACATTCCCAAATTCATCTTCAATTTCTACAAAATCTTCTTTTTTTACATCTAAATCAACTCCCAATTTATAACCATTTATCTTTTTTATCTTTCCATATATTTTCCCTCGTACATCATCCAAAATAAAAACATATTCAGGTGGTGAAATACGTGGAGGTATAGTTTTTTCTAAAATTTTGTCATCTCTGAGTATAGTAAGCTTTACAACATTCCCTTTCTTTATCTCATTACTTACCTC
NZ_CP007389.1_gap10	268246	271137	2891	CCTATCTCAATATCACTGTCATTCAAAAGTTGTAATGATTTAATTAAATGTCTAGAAGAATAATACGGAATTCTCCATGAAAAAGGTATACTTTTGCCATCTCTTCTTACATAATTTATTATTCCACTATTTTCCGCAACTAATTTAAATGAATCACCGAAAAATAGATCCACCATTCCACTTTCGTCAAGATGTGATGAAACAAAATCAAGATCATTCAAAAATTTATTTTTTGAAACATTTAATATTTTTTCATATCTTTCCTCAAACTTTTTTATGTGAAACTCCTCCGCTTTTAACTTTAAACTCTCATCTTTTGCTTTCAAAAATACATACCTTCCATCTGAATAAATATACACATCACCTGATAATTCGTAAACAAAAAACTTTAAAATATCCAATGGTAAAGTAAAGGAAAGGGTTGTTGGATTCATCTCTGAAACCTCATACTTTACAGTTAAACACCCATCACTTCCAAACATATTTAAATATCCATGGTTATACGCAAAACCAACCCTTCGATTGGTCTTTTCGACACTTCCAACAACTTTATCTATTAATCTTAAAGCTTTCTTTATCTCATTACTATTTACAACTAATCTCATAACTCCACCTCTTTAAAATTTTACACCAAAAAAATGTAATATCAAACTATGCTTGATTATTTTTTCAAAATATGATATAAGATATATGAAATGGCTTTGGGGGGTTAAAATATGTACAAAATATACTCGAACAAAAGTAAATATGTAAAAAATAAATCCTAAAAATGGGGCTTTTGCCCCCATTTTCTTTATTTTATAGGGGGTGATTGTATTAAGGTATACGATCCATTCCAAAAAAAAGTATTTTATGAAGACATAAAATTACCTGAAAACTTTAAAGGAAAGAATCTGTTATGCATACCAACTTTTTTTGACTTTCATACCCATGTAAGATTAAATAACAACCAAGAAGATTACAATTCCTTACAAAAAGCATGTATTGCTGGGGGATTCACCGAAGTGTTAATTCAGCCTAACACAAACCCAATTCTTGAAAACAAGCAGGTTCACAAATACCATGAAAAACTAGTAGCAGATTCCCATGTAAGATTTTATCGTACCACATCACTTTTTGGAACTCAAAAGCCCTCAGACAACATATTATGTTATTCCACAGATGGCATAAAATACACTTACAACGATTTAGTTGAAAATTTCTCCAGAAAAAAACCTGCTCTTGTCTTAGACCATAGTCAACTTTTTGAGCACGAAGGAATCTTTTACAAGGAAATTCTAGATATACCAAAACGTCCAATTACAAATGAAGCAATAGCAATAGCAAGAACTGTATTAACTGGTTTTGAATTTGGATTTAAGGATTTTCATATCCAACATATTTCAACAACTTACTCACTTGAAATGATAGAATTTCTAAAAAAATGCGCAAACATTACCTGTGAGGTTACACCACACCATTTGCTAATTTCAAATGAAGAAATATTAAATCCAAACTTTAAAATCAATCCTCCTTTATGTGATAAAAAAACCATCGAAATTCTAAAAGATGCCGTAAAAACAAATAAAATTGACATTTTAGCTACAGATCATGCCCCTCACCCAGAAAAACCAGCTGACTATAGAAAAGCACCTTATGGAACTTCAAATATAGAAATTGCATTCTCTGCTTTTTACACAGCACTTAATGACGTATACCTCGTTACAGATAAACTATGCTACGCTCCCCGTAAAAGATTGGGAATAAGTTATAAATTTACAAGCGACAACTTAGTGATAGTGGATTTAAACCAAGAATTTACTGTTGAAAGCAAAAGATTCTTTAGTAAAGGAAAAAATTGTGCATTTGATGGTATGAAACTCAAGGGAAAAATAATCGGGGTAAAAATAAATGGAAAGTGGGGGTATTGGAATGGAGAATACTTACTTGACTAAAAAAGAAACTCTAAAAATAAACGAAGACACTTATTTAATAACACTTGAAAATATCAATTTTGAAATTGGACAATTTTTAATGATAGAAACAAACAAATTAGTTAGAAAACCATTTATTTTAGGTACTTGGGACGGTAAAACAGCTATATCAGTCCAAATTAAAGGAAAAGGAACTAAACATATAGTCGAAACAACCCAAACACTAAAAGCTCATTTTCCCCTTGGAAATCCTTTTATTCCCCCAAAAGGAAAAGGAATAGTAATAATCTCACCCACATGTTTAACATTAGCAAATTTAATGACTGAAAAATACAATTGTGATGTATTGGTTGGTAGTAAAACTCCTTTAAAAATAAAAATTCCTTTTGACTATGCAATTGGTGATGAATATTTTGCACAAAAAATTGATAACCTAAATACATATGATTGGTATCTTATATCTGGCTCAAAAAGTATGGAAGAATTCGTACTTTCTAAAATAGACTCACCAAACGTCTTTGTTTCTTTGGAAGAATATATGGGCTGTGGTATAGGTGCATGCAAAAGTTGTGCGATATTTACAAAAAATGGCGTAAAACATGTGTGTACCGACGGACCAATATTTAGGAGGGATATGTTATGAATCTAAAACCACCCCTAATTATTGCATCGGGCCCAGGTGGTAATGGTGAATATCTAAAATTTATAAACCCTGAATACGTAGGTGCATATACACTGAAAACAATAACCTACAATCCAAAAGATGGAAATAAACCTCCAAGAATGCGTGACAACGAAAATTTTGTAATTAACAGCATTGGACTTGAAAATCCTGGGATAAAACATTTTGTAGAAAATATAGAAAAATACGTTTTGAATACAAAAACTATTTTGAGTCTTGGGGGGGATTCAAAGGAAGAATATATAAAAGTTGCAGAAATTATCTCACCTTATGCAAAGTATTTTGAAGCAATAGAA
NZ_CP007389.1_gap11	304831	307331	2500	TTTTTCAAAGTATGAAAGTTCTAATTCTCTTTCCAAAAGTCTTAAAATTTTTCTACCATTTTTTTGGTCTAATATTGCATGTTTCAACACTTTCGGTGAAATATCTAAACTTTTTGAAAAATCGATAAATTTTTCATTGTTATCAATCTTTAAATCGTAAAACTTTGAAATTGCATTTTCAACTACTCTTTTGTCTGGAAATATCTTTAAAAGATGCTCTTTTCTTTTCTTTGCATCATCCTGATTGTAAAACAACTGCAAAATCACGTAAGAATCTCCAGACACTGCATCAATCAACTCCTTTATGCTTAACGGAAAATCAAATAACCTTACTTCTGCTCCATTTTCCAACATAGATGGAAGCCCATCAGAATTTGTTGAAGATACTATCTTTTTTATCCTACCTTTTTTTATCAAAGTACTAATTGCTTTCTTTTGAAATGGCTTCAATATTGGGCTATAGAAAACCAAATCCTTAAATTCATATCTTCGGGAAACAAGCTTTTCGTAAAACCTAGTAACATACAAATAATTAGAGAAAAGAAAAGCAATAGATTCAACATCGTGTTCAACGGTTTTTTTCGAATTTCTTCTATCTTCAAGGCCAAAATTGATCCTTTTCTCATCAAAATACACGGGAATATTACTTTCAAATTTGTAAAGACTTGTTATTATAAAATCCTTACCTCTAACTTTACGCATTAATCTTTCATAAATTTCATAGGACAACGAAGCCAAAATTTGTGTCTCATTTAATACTACAAAATCAAAATCATCTAACTTTACAATATCTTCTATAACCAAAATTGGGTTTGTAATAACATGCTTTAAATAATCTCTATTTAATGAATTAACAAAAGAAACATCCTTTGGAGAATGTCTTGATAAACTTTCATAAACATGCAATGCTTCAATATTGGTCGGATTCACAACCAAAGTTTTTCCCTTTTGCATTAATTTCAATAAAAATACATTTCTAGTTAACAAATCAGTTTGTAAAACAAATGGTTTTTCCTTTGAAAAATACTTTTCAACTTTTTCATACCTTTGATTTAACTCATCATCCTCAAAAAAATGGTCAAAATCATCCTTTTTTTGGTTTTTCCAATTGCTTGCAAAAGAATATATAAAATATTTATCCTTATAGTCTTCTTCATAACTTGACGAAATTTTAAAATCCAAAATATTTAAAAATGGTCCAACCCCATTTTGCCTAATATTTGCAACTATATCCAAAGAAGTTAAAACCGCATGAATTGCGGGAATATCGTAATAATTTTTCCTTAATCCAAAACCTATACCTTCAATTACATTCTTATTTTTCCCCTTTAAAACCATTCTCACGTTGGAAACTACATTTCCAAAAAACCTTATTCTGTCAACTAAACTGTTTTTAATCAAAAACACCGGTTCTGGATTACCATGTCCAAAAGGTTCTAAATAACTTAAAGAATTTATCACCTCATCATTTACCTCATCTATATCTAAAACCGTATCGATTTCTATTTTTGAATCTACCTCAAAATGACTATCCACAAATTCTTTTGAAATAACATCAATAAGCTCATCTATTTTTTCTTCTCTTATGCTAAAACCAACTGCCATTGGATGGCCACCTATTTCTTCAAAATATCTTGAAAACGAAGAAAGTACGTCAAAAATATTTACTCCATCCACACTTCTTCCAGAACCTCTTCCCATACCATCTTCCAAAGAAATCACCAACGACGGTTTATTATATTTCTGAACCAATTTTGTAGCAACTATTCCCAAAACACCAGCATGCCACTTTTCACCAGAAACTATTAATATAGGAAGATCCTTTATCTTAGATTTTTCTATCTTATAAACAGCTTCGTTAAAGATTTTATTCTCTATCTCTTGCCTTGTAAAATTATATCCCATTAGAATTTCTGCAAGCTGCTCTGCAGAAGATAAATTATTCGTGGTAATCAATTTATACGCATCTTCCGCAGAATACAACCTTCCAGCTGCGTTTAATTTTGGGGCCAATCTATAGCCTATATCTTGACTTGTAATATTCTTTATATTAAGTTTTTTCATAAGTTGAACAAGCCCAACCCGTTGGGTTTGATTTAACTTTTTTAACCCTTCCTTTACAATATATCTATTTTCATCTACCAAATCCACCATATCCGCAATTGTTCCAAGTGCAACAATATCCAATAGTTCATTTACTTCATCATCCGGTAAACCAAGTTCCAAAGCTAAAGCAGATATCAACTTATAAGCAACGCCAACACCAGCAAAATCCTTAAAAGGATATGTCTCATCTTCCCGCTTTGGATCAACAACTGCATGTGCATTCGGAATACCGCTCTTTATAGTATGATGATCTGTTATTACAACATACATTCCAAGTTCTCTTGCATGCTTTACCGCATCAAAACTTGTTATTCCACAATCCACACTTAACAATAATCTATACCCTTTTTTAAAATATTCATCTACAATTTCTGGCTGGATTCCATAACCTACA
NZ_CP007389.1_gap12	311566	312699	1133	ATGCACCAAGAGATTACAATTTTACTATCAGAGACTTTGAACTTTCCGCAGGTGCAGGATTTGTTGTTGCTCTGGCAGGTGAAATAATGCGAATGCCTGGACTTTCAAAAATTCCAAATGCGGTGAACATAGATGTTGACGAAGATGGAAATATAGTTGGTTTATCTTAAGCTGGTCGTTAGACCAGCCTTTTTTTAGTATAAATTAGTAAAAAAAAGAAATTACAAATATTTTGCCTAAAACATGATTTATGTTAGGATTTTCACAAAATATCGAAGTTGAAAAAACAATTATTTTAAGCAATAATTTAGGTGTACTACAACACAATAGGGAGGTTTAAAAAATGAAATTAAGCGAATTAGGCAGGTTAGAAGCACCAGGTCCACTCTATAAAATGGCACAACATCAATTTTTAAAAGCAGCAAAACTTATGGATTTAGATCCAAACATTGGAAATTTCCTTCTCTGGCCACAAAGATCACTAGTAGTACATTTCCCAGTGGTAATGGATGACGGAAGAGTAGAAATATTTGAAGGATATAGAGTTCAACACAATACGGCAAGAGGTCCCGCAAAAGGTGGTATAAGGTATCACCCTGAAACAAACCTTGATGAAGTATCCTCACTTGCATTCTGGATGACATGGAAGTGCGCTGTTGTTAACCTTCCATATGGTGGGGGAAAAGGTGGTGTTAGGGTTGATCCATCAAAACTTTCCGAAAAAGAACTTGAAAAGCTTAGTAGAAGATTCTTCTCAGAGATTCAAATGTTGGTTGGTCCAACAAAGGATATCCCAGCTCCTGACGTAAACACAAACGCAAAGATAATGGCATGGTATATGGATACATACAGCATGAACTCTGGTAATACAACATTGGGTGTTGTAACTGGTAAACCACTTGATCTCGGTGGTTCTGAAGGAAGACCAGAAGCAACTGGTAGAGGCGTATCCATAACTGCTGCAGAGGCATGTAAAGCAAAAGGAATAGACATTTCGAAAGCAACCGTTGCAATTCAAGGGTTTGGTAATGTCGGCTCTTTCTCTGCAAAGATACTATCTGAAGAATACGGTGCAAAAATTGTTGCAGTAAGTGACGTAAGTGGGGGACTTTACAACGAAGATGGATTCGATA
NZ_CP007389.1_gap13	326666	329112	2446	GTTACAGGATCCATAAACCAACATGGTATAGTGCAACCAATAGGTGGAGCAATTGAAAAAATTGAAGGATTTTACAGATTATGCAAACACAGGGGATTAGATGGCTCTCACGGAGTTATTATCCCAGAGGCAAACGTAAAAAACCTCGTATTAAAAGATGAAATATTAAACGATATAAAAAATGGATTATTTAACATTTGGACGGTAAAGACAGTAGATGAAGCAATTGAATTACTAATGGACAAGAAGGCGGGCAAATTAAATACAAAGGGAAAATATCCAAAAGGTACAGTTAATTACATGGTAGTAGAACGCCTCAAAAAAATACACGAATATATAGATGGAAAAAAAGGTAGGAGGTAATAAGATGAGAATACTAAGCGGAATGAGACCAACAGGTAAATTACATATTGGACACCTTTTTGGTGCATTACAGTCTTGGGTAAAGCTTCAAAATGAAGGCCATGAATGTTTTTACTTTGTAGCAGATTGGCATGCTCTAACAACACATTATAACGAAACAGATGAAATAGTTAAAAATTCTGTTGAACTTGTTAAATCATACCTTGCTGTGGGAATTGACCCAGAAAAATCTACAATATTTATCCAATCAGAAATAAAGGAACATGCAGAACTTACACTTTTGTTCTCCATGTTTGTCTCTGTATCAAGGCTTGAAAGAGTTCCAACATACAAAGAAATAAAACAACAATTGAAAGATAAAGATTTATCAAACGCTGGATTTTTAATATATCCCGTTCTTCAAGCATCTGATATACTCATTTACCTTGCTGAAGGAGTACCGGTGGGAGAAGATCAAGTTTATCATATTGAACTTACAAGAGAAATTGCAAGAAGATTTAACTATCTTTATAAAGAAGTCTTTACAGAACCTCAACCTATTCTATCAAAGGTTCCAAAACTTCTTGGAACTGATGGCAGAAAAATGAGCAAAAGTTATGGAAACATCATACCACTTATTACAGAAGAAGAAAATTTAAAAAAGATGGTCATGCCTATGGTAACTGATCCTGCAAGAAAAAGAAGAACAGACCCTGGAAATCCCGAAAATTGTCCAGTATGGAATTATCACAAAGCTTTTGGAATAAGTGATGAAGAAGCTGAATGGGTAAAAGATGGGTGTACAACCGCAAAAATTGGTTGCGTAGATTGCAAAAAACTCTTGCTAAAAAATATGAAAGAAAAACTGGAACCTATTTGGGACAGGTATAATACATTAACAGATGACTATGTTAGGAATGTTATAAACGATGGAAATCAAAAAGCAAGAAATGTTGCAAGAAAAACCATGGAAAAAGTAAGAGATGCCATGAAACTTGATTATAAATTCTTGAGGAAGTGATAACAATGAAAACTTTTTTATCAACAGAATTGTGGAATGAAATTATACTATCAACTATTACTATAATTCTTTCGTATTTTATATACAAATATTTAGATAAATTTATACAAAAATCTTTAAAGGCATTTGGTAAAGACGTAAAAGCTCCAAAGACGATACGTTTTTTCATTGGATTAATTGTTTCTGTTTTTGCAATATTAGTACTTTTAAGTATCTGGAATATTGATTTATTACCTTACATTACTGGACTTGGAATCTCTGGGATTATTATTGGACTTGCATTGCAGGAACCCCTTACAAACTTTGTATCTGGTATACTAGTTATGACAACAAGAAAATTATTTGAAGGAGAAGTTGTAGACGTTAACGGAATAAGCGGAATAGTAGACCAGATAAAAATCAACCACAGTTACTTAAAAACATTTGATGGAAAATTGGTTCTTATTCCCAACAAAAATGTTTGGAGTGGAACAGTAACAAAATTCTGGCCAGGTCCAGTAAGAAGAGTAACCATGGATGTAGGTGTATCATATGACTGCAATCTTGAAACCGTAATACAATTGTTACATAAAGCCATAGATGAAGAAGCACTTGTTGTAAAAGATGGTGTTAGTAACTTTATAGCTTTCAAACAATTTGGTTCAAGTTCAATTGACTTTACAGTATACTTTTGGGTAGAAAGAAATTCATATTTTGATGCGGTTAATGCTCTTGCAATGAGAATAAAAAAGATTTTTGACGAGCATAATATAGAAATTCCATTTACACAAATTGATATTCACACAAAATAATTTTTTATTTTTTTTTATTTTTATGGTAAAATTTATTATGTAAAATTCAATTAAGTTAAAAATAATTTAACTTTAGGAGGTGTTATTTATGTTTAGGAATATGTCCATTAAATCTAAACTGTGGTTACTTATTATTTTAGCATCAGTTGTTCCTCTTGTGATTATTTCAACAGTAGCTATAGTAAATTCATTCCAAGTTGGGAAAGAACTTGGAATGGAATCATTAAAAGCCATTGCCAGGCAAGGTTCTTCAAACCTAGATAACTTTTTAAAAGGGTATATAAACCTTGTT
NZ_CP007389.1_gap14	429219	432821	3602	AATAATATAAATTTGTGAATATAGTATTTTTACATAAATCACACAATATTAATTGGTTGTAAAAAAAATCACGTACCTGTAAATAACTTTGTGATTTATAGAATTATAATTAATAAATTTAATTTTATGAATAGGAAAGAAGGAAGGGGATTTAAAATTTTAAACACTACAAACAATTAATACGGAGCTGGTAAGATACCTACACCACAAATATCATAGGGGCATATTTTATCGCATATTATAAAATCGCATATGTCCTCTCCTCCACAAAATCCGTCACCGTCTCCGGGTGTAAGACATGCTTCTGGAGCTATTTCTTCTTCTGGATTATTATTTAACAATTTTAGTTTCAATTTTTTCACCCCCCTTTCTTTAATCCCCCTTCCTTCTTATAGAACAAAATTAATTTAAAAAATATTCAAGTTTTTACCTATTTTCAATAAGTTTTATTGCTTTTTCAAGCAATGGATCAGAATTGCTAGTTATCCATTCTAGCTTTTCTTTTTTTGTCATTGCAAATTCATAATCCAGTGTTATTTCGTGATATCTTGGAAAGTACTTATATGAACCAGGAATATAAACGTAAAATCCTACTCTTGGTAGGTAATATATATTACCAGACATAGTACTATTTATTGAGTAAACAGGTCTTTGGCCAATTACCTTCCCAAGTTTATTATTTTGAACAATAGCTGTAAAGACTAACGCTGCAGATGCTATATTTCTATCTATAAGTATCCATACTTTTCCTTCAAAAGTTGGAACGTTTGGCTTTATTATAAGAGCAGAACTTTTCTCAATTAATTTCCCTAGTTTATTATTTTGAACAATAGCTGTAAAGACTAACGCTGCAGATGCTATATTTCTATCTATAAGTATCCATACTTTTCCTTCAAAAGTTGGAACGTTTGGCTTTATTATAAGAGCAGAACTTTTCTCAATTAATTTCCCTTTTGTGTTTTCATCATAACGAATTCCTGCTGCTTCTAAAATCTTTATATTGTACTTAGAATTTTTAATACGTTCTTTGTATTTTACATAAAGCTCTTCTTTTACCAAATATCCCAGTACCTCTAATACACTATTTAAAGATCCTCCTGAATTTCTTCTTATATCTATTACTAAATCTGACATATCCTTGTTTTTTTCAAAAATTTCTTTTAAAAATTCTTTGAAATCACCAAACAATCTTCCTCCAAGTTTAAAAGTAGATATTCTCAATATTCCTATATTTCCTTTTCTTTCAAAATTATAAAGTGTTCTTGAGATTTTTTTATCCTTTTGAACTTTCTTTAATGCTTCTTCTCTTGTCATAGCATCTATCTTTATTTTTTTCTTTACTCCATTATATTCAAACTCTATTTTTACACTCTTTTTGCTCCAGAAAGTTGGTATATAAGTAAGATATCTGGACAAAAAACGTTCTTTGAGATCAGCATTGTTTTTTATGTAAAGATATTGTTCAAATTCTTTTATAATTTCTTTTGAAGAAATATCATCTATTTTCAAAATTTTAGATTTTACTGGTACATCATCAATTAAAGAGAAAGACACATAAATATCATTATCTATAACATAAAGTGTAAAAGGAAAAACCAGAATATCTGATGGTATTTCAATATCACAGTGGTAATCATTAAGATAACGAAAAAGTGGTACAACTGTTTTGTAAAACTCTAATTTATCCATAGGTTTCTCAAGTTTTTTTCTTATATCTTCAACAACTTCCGTAAATTCCTGATTTTTAACCAGGCCATCTGGATCAATATATGCTTCTTTTAAGAGGAGAACTAAAAAATCAAAATCCTGTTGTAATTTTACCGACTCAATTTTAATTGCAAATGTTAATGACGAGAAAAAAATACTTATTAAAAAAATCACAAATAGCAACCTTTTTTTATGTTTTTTCACAAAATTCCCCCTTTTTAAAGAAATATTCTTGATAAGCCTCCTGATTTCCCACATATACTACTTACCAAATCGTTTCTCAAACTAACCCTTTTCCAACTAGATCACTCTTTTTGAATGTTCCAACATTCCTTTAGTTAATTATTTTGTTGTTTTTTGAAAAGCTATTTCTTAGTTCATCAGGTAGATGCGCATATAATATTAGCCCTAATTCAATTAATTTCTTTCTGAAATGACAACTGTACTTATCAATGGAATTCCACTTATTAGTTTCAATCAGTGATTCATGATAACATCTTCCAGCACAAATGTACTTTGCCCAGCAGTTAACACAGTCTTGTAAATGATCCACTTCATGAATTTTATTAGAAAACAATCTTTCTGCATTTTTAATAATTTCTTCACGAGTATTCTTAACTATATTTCCTACTTTGCCATTATCACTCCCATCCAATCTATGGCAAATATAAACGTCTCCTATTGGATTTACAACCAAAACTCTTCTACCACCACCGCATGGATAAAACCTTTTGCTTCTTCTTCGAAGAATATCCATAGTAAATTTTATCCAACCAAATGTTTGAGTGAAAACTTTTTCATAGTCTTTTCTCTTCGCTAAATTTATAATATATTTTCCATACTTATCAATTGTCGAAGATAATTTATCAAGGTTAGGCCTTAATCCTAATTCTTTTTCTGTAACTAGTTGAATTGTGAAAAGTAAATTCATATTCACAAAATGTTTTACTAACTCAATTAAATCGTTATTTACCGAAGTTAAGGTAGCATGAACACTAATTCTCCTATTTATATCATGTGAAGTTAATGTTTTAATACCTTCTATAATACGAGTATACGTACCTTCATTATTTTTTGTGCGGCGCAATTTATCATTGTTCAATTTATTGCCATCCAAACTTACCATAATGTTAAAATCATTATTTTTCAAAAAACTTGCTATATCATCATTTATTAAAGTTCCATTAGTTGTTATCCCAAATCTTACATTTTTCCCAAGATATTTTTTTGCAAATTTTACAACCTGTCTTATAACTTCAAAGTTAATTAGAGGTTCTCCACCAAAAAATGAAATTCCTACATTTGATTGTTCTTTGTCAAATAATTTTTCAATTGCCATTTTTGCAATTTTAAAGTCCATTATCCCAGCGTTGTTGTAAGTACCAGAGTTTCCATAACAATATTTACATTGTAAATTACATTCATGAGAAATTGTCAAAACAATTGCATCAATGTTGAAATTTTTTTCAGATTTTGCAAAATTATTTTTCTGATTATTTGGTATTTGTTTGTATATTTCTTCTTTAACAAAACTTGGCAAAGTATCTCTATGGTATAATAACGAAAATAACTCATTATCAATTTCAAATAATAAAATTTCATTTGGCAAAAAGAGAAGTTTCTTTCCAAAACGATTTATAAGTTTAAATTCCATGATTCTCATCCCTCCTATCATTTAATAAATAAACGTTTATTAAAGCATCACTAAAGTTATCTCGATAGATATATGAAAAATTTCGCTTGCAAAGTAAAATATTTGAAAATTTTTTCTACTTATTTTTTCAGCATTATTAGTACTTTAATCTTAAAATACATTTAAAATATCTGCAAACTCTATTAATATGAGTTATAAAAGATTATTTTTTTTTTTTTTGAAAAATATCGTATATTTTCTT
NZ_CP007389.1_gap15	468494	470630	2136	TCAAACTTGTCTAAAATTTCACTGCGATCTTTTATGTATGGTACAAGCACACTTAACCATTTAGTTTTATTATGAATTATTTTTTGAAATTCATCAAAATCCTGGTTAAATATTTTTTCATAATGTTCTTTTATGTTGTTTTTTAGAATATTAATCCTAAAATCTTGCACCGCTAATGTTGCAAGATAAAAGTATGATTTTCCATATGTATGGTTAATAGTAACACTCCTTAGCAAGTTCTTTTTGGCTTTTATATAGTAATCTTTTGCCAATGATGGAAGTTGCGATCTTTGCTTTTTTATCTGTTCAATTTGTGACAAAAGCTGATTTTTTATTTTGTTTATTTGTGCAATCCTTTGATTTTCTATTTCAAACTCATTGTATGGCAAATTCTTGCTTTTGTATTCTTCAATCTTTTGCCTTTTCCATACATCTTTGTTAAGATAATAAAATTCACTTTGTTGTTTATTCAAATCTTTAAGTTTTTCTTCAAGTTGTGATATATAATCTGCCGCTTTTGGATATTCTTCCATTATCTTTGCAAAGGTTAAATAAGCTGCATTTCCTTCTTTGAAATAGACTTCTGAAATAAAGTGATTCCATCTTAAATAAGTTGATGCATATGTTACTGTTAAAATGAATAACATTAATAAAATTGCTTTTGTATTCTTTATTTCTTTTAAAGGTTTTTTTGTAAAATACGGTCCTATAGCTATACCAACAAAAACAATTGCCGCAAGGGCATTTGGAAGAAGATGTCCCGGAAAGCTGAAAAAGCTTTGTATGGAAAAACCGACTATTGAAATAGAAAGTGATAAGAAAAGTAACAAATCATCTCTGTTTTCAATTTTCTTTGGAATGGTAAAAAAGTAATACACAAGAAAAGCTAAAAGGAGTATTATAAGGGAAAGACCAACGATTCCCGTTTCACCAAGTACTTGGAAATAATCGTTGTGTGCTCTTTTAAAATTGTTCCAACCGTAGTATAATTCTGGGTGCTTTTCAAGGTATTCTCCCATCTTTGTAAGTGATAAAAGTTGGTACGTCCCTATTCCCGTTCCAAATATTTTGTGATCTTCCCATAACTCCAGCGACGTAAACCAAGAAAGGAATCTTTCATCTCTACTTGAAACTGAGGCCATAGCAGAAAATCTATTAGTCATATTTACCTTACCTTGTCCAGTCAAAGGATTTTCCGTATTGTATATTAAAACTATAAATACTGAAACAATTAACAAAACTATTAAAAGTAAGTTTGTCAATTTTTTTATCTGTGGTATTGGAGAAGACTTCTTTCTCCAAACAAAGTAGAAAATGACATACATAACACTCATGACAATTATTGCAAGATACTCAGACCTTGTCTGTGAAACTATAACAGCCATTAATCCCAAGATAAAACTTACCAGCGAAGATAACTTTATCAAACTAACTTGCCAAAATTTTTTTACTCCTAAATCATATGCAAGTAAAAAGTAAAGCGCAATTGGGAGAAGCATATCAATGTAGTTTGCAACAAAGATGACATTTCCCACACTTGCTTTTATTGAACCTCTAGAAAGTGGTTGGCCTACTTTACCAAGAAAAATATCATACCCTATATAAAAATTTAAGAGAGCATCTATTGAAATAAATAACCCTGTCAACATAAATGTGAAAAGAAGAATATTTATTCTCTTTTTCTCATTATATTCACTACTTATGTAAAAAGCAACAAGTACGTTAAACAAAACATAAAGACCTATATCAAACGATTGTCTAAAATAAAATGGGTTATCCCTAAGTGTGTTAAAGCTTGAAATTATGGAAGAAATTGCAAAGAAAAACCAAATTATATGAGCAGGTGATATATAGATACTTATCTTTTTTTCTTTTATTACTTTTGCCGCAAGATATGTAAATAAAACCGAGAAAGCAAAGGTTAATATAGCATACTTTGGTACACTAAATTCATACGTTAATTTTGGACTCGCAAATAGTGCAACTAGCACAATTGTAATATTAAGAAATATATCTTTAAAGTACAAAATAACCCCTCCTTTTTTTATTCTACAAAAAATTATACCATTAATTCTGATATAATTATTAAAAATAAAGGAGGTAAAAAATGAAAAAACTTATCTTAATTTTATTACT
NZ_CP007389.1_gap16	484773	485459	686	TATATAAAAATGGATTAAAAAGTGCAGTTGTTGATCTTTCAAAGACAAATCCTGATGGTTGGTTCAATGATAAAAGACCATACATGAAAACACCCGAAGATGCAATAATTTACGAAATTCACATTGCTGATATAACTGGCCTAGAAAATTCAGGTGTAAAAAACAAAGCAACGTATCTGGGATTGACAGAAGAAGGAACAAAAGGGCCAGGCGGTGTAACTACAGGATTGTCTCATCTTGTAGAGCTTGGGATTACTCATGTTCATATCTTACCCATATTTGATTTTTACACGGGCGATGAGGAAAATAAAAATTTCGAAAAAAGTTATAATTGGGGATACGACCCATATCTCTTCACTGTACCTGAAGGAAGATACTCAACAGATCCAAAAAATCCATACGCTAGAATAATAGAAGTCAAAAAAATGATTCAAAAGCTTCACGAAAATGGAATTAGAGTAATACTTGATATGGTCTTCCCACATACATTTGGAATAGGTGAACTTTCCGCCTTTGATCAAACAGTACCATATTACTTTTACAGACTTGATAAAACAGGAGCATATTTAAATGAAAGTGGTTGTGGAAATGTGATAGCAACGGAAAGACCGATGATGAGAAAATACATAGTAGATACAATTTTGTATTGGATTAATGAATATCACGTGGATGGATTTAGATTTGAT
NZ_CP007389.1_gap17	537811	542404	4593	TCTTGAGAACAACATCAAATTCCGTTTTTTCTTCAGCAGCTGCTCCTCCACCTGCTGCAGCTCCTGCAACTGGCATTGCCATAACTGGCGCAGATGCACTTACTCCGAATTTGTCTTCCAACATCTTTACGAGTTCTGCAAGTTCTGCTACTGTTAATTGTTCAATTTCATTTACAATTTGTTCTAATTTTTCCATGATAAACACCTCCTAAATTATTCTGATTTTTTATCTTTAATTGCATTAAGAGCATAAAGAAGACTCTTAAGAGTACCGGATAGTACATTAACAAATCCTCTAATAGGTCCTTGCACTCCACTAACAACCATAGCAAGAAGCTGCTCTTTGGATGGTAGTTTGGATAGATTTTCAACTTCCTCTGCATCAAAGAATCTACCATCTAAGTACAGACCTTTAAAAGAAGGCAATCCCTTTGTTTCCTTCGAGAAATCATAAATAATTTTAATTGCTTCAATCGGATCTCCTTCTTCAACATATAAAATTGCAAGAGGGCCAGAAAAAACTTCTTCAATTTCATCAACAGAATATCCCGCTTTTTTCAAAGCAAGATATGCAACACTGTTTTTTATAACTCTATACCTTGCTCCATTGGCTAACTTTTCTCTTAGTTTTCTTCTTAATTTTGTAATTTGTTCTACGTTAAGGCCTTTGTAATCCGAAAAAAGAATCAATGATGATTTTTCAAAAATAGCACTTAATTCCTCAACAAGTAGCTCTTTTTGTTTTCTTGTCAGCAATTTCTTCACCTCCTACAAAAAAATAAACCTCGGAATACCGAGGCGCAAAAAAGGAAAGCAACCACTTTCCTTTCTGCCTCGGGCAGGCGGCTTTCTGCCTTTATTTAACCTGCCGTCTTCAGCACTGGTTAGATTTTAACATATTTTCCTTTCTTTGCAAGTGGATTTTGTGTTAATACTTTGTAAATAAATTTAAAAAAATTTCTTTGACGAAATTATTTTCGAAAAAAGTAATTAACAAAAAAATTTTTTAAAACATCAACTTTACTTTTAAAAATTTTAGGACGTTTTTGCGCTTTTTCGTTTATTTTGAAAGTTTATCTACTGGTTATAAAAATGAAAAATAGGAATACAATAACAAAATATAAAAATATAAAGCAGAAGAGCGGTTAATATTCGTATGGAAAATCAAAAGTTAAAAAATGTTTAAATATAATTTTTACCAAAAAATATATAAGTTGAATCTTTTAGTTACTTCTTTATTTGACTTATAATAAAAATAAAGAAAAATAAAAGGATGGCGATAAGAATTATGAAAGTAGCTATACTTCAACCAAATTACTTGCCTTGGAAGGGCGTTTTTGACATGATTAATAAAGTAGATTTTTTTGTTTTTTTGGATGATGTACAATATACAAAACATGATTGGAGAAATAGAAATAAGATAAAAACTCCAAATGGTTTAAGATGGATTACGGTACCCGTAAAATCAAATAGTATAAAACAAAAAATAAATGAAGTAGAAGTCTCTCAAAGAGTTAATTGGCAAAAAAAACATTATAATTCATTTATAGCAAATTATTCAAAAGCAAAATATTTTAAAGATTTTGAGTTTTTGTTGGAAGATTTTTATATAACAAATAAATGGAAAAAACTGTCTGATCTTGATATTTATACAACAATAAAAATTTCAGAAATTCTTAGAATAAATACGAATTTTTTGAAAAGTTCAGAGTTTAAGATTAAAGAAAAAGATAAAAACCGTAGATTAATAGAAATAATAAAGTTATTAAAAGGAAAAATTTATATAACAGGCCCATCGGCTAAAAATTATTTGAATATTGAACTTTTTGAAAAAAATGGTATAGAAGTACGTTTCATGGAATATAAATATCCTGAGTATCAACAGTTATATGAAGGTTTTATACACGAGGTTACTGTTTTAGATGTATTATTTAATTGTGGGGATAGATCACCATTTTATATATTTACATAGATAAATTCATTTTTTGAGGAGGAGTGTTATGAAAAAAAGGTTTGATGTTTACTATGATGAGGAAAAATTAAAAAAAATATTACTCCAAAGAATACAGGATGAGAACAAAAATCTTTTTCCGTCGGTAGTGTTAATTGATAGTATTTCATATTGCAACTTAAAATGTGCAATGTGCCCACATAAAGATATGACACGTAAGCCAGGGATAATGTCGTGGAAGCTGTACAAAAAGATAGTTGATGAGATAGCAATTGAAAAACCCGAAGCACGTGTGTGGATTACCTTTTTCGGTGAAGGGTTAATGTTAAATGATCTGGACAAAAGAATAAAATATGCAAAAGAAAAGGGGTTAAAAGATGTTGTATTAAATTCGAACGGGAACTTGTTGAACAAAAAATGGGCTGAGCGTTTGATAAAAGCGGGATTGGATGTTTTATATATTGGCATTGACGCTTTTGAAGAAGATACATACAAAAAGATAAGGGTGAAAGGTAATTTAACTAAAGTAATAGAAGGTGTTTTAATATACAAAAAACTTCTGGATGAAATTGGAGAAAAAACTCAAAAACTAGTTGTTCAATTTGTTGAGATGCCTGAAAATGAAAATGAACTGGAAAAATTTGTTGATTTTTGGAAAAAACAAGGGGTGTATGTAAAGATAAGGCCAAAAGTAAGTTGGGCAGGAAAAGTTAAGGCAGAAAATTTAAAAGATTTTAAATTTAGATTACCATGCAATTGGGCGATGAATTCTATAAATATATCTGATCAGGGAAAGATATGCATGTGTGCGGTAGATTTAAACTGTGAAGTAATATTCGGTGATGTAAACAAACAGAGTATTAAAGAAATTTGGAATACAACTTTGAAAGAATTCCGATTAAATCATTTGGAAGGCAAATGGGATAAACTACCAAAACTTTGTAGAAACTGTAAAGATTGGCAATCAAGTTATGCTTCTTATATTGAACCAGGAGGTGAAAATACATGAAAAAGTACTATAAAATATATACAGATTTTTTAGTCCACGTACCAAAAGAATATAAAATGAAAGAAGAAGCAAAGGAATTTCCATTGATGATAGTCTTAAGTGTTTCTTATGTTTGTAATGCAAAATGTCCAGCCTGTCCTTATACAATTTCAACAATCAGAGAAAAGTATAAAAACGCACAATTTGTTAGTGAAAAATTGTTTAAAAAAATAGCAGATGAATGTGGAAAATATGGAGCTTTTATAAGGTTAACAGGTGGCGGTGAACCAATGTTACATCCCAACATAGTCGAATTGATCGAGTATGCAAAGAGCGTCGGTGCAAAAATAGGATTAATTACAAATGGCTCTATGTTTAACGAAGAAAACACGAAAAGGTTGTTAAAAGCAAATGTAGATATGGTAGAATTTAGCGTAGACGCCGCTAAAAAAGAAGATTATGAAAAAATTAGAATCGGTTTGAATTGGGAAAAATTAGTAGAAAATATCGAAAGAATGGTTTCATTAAGAAATGAAATGAACAGCACAACTAAAATCATTGTTAGTGCAATTGTTCAGCAGGGAATCAATCCAGATGAAATCTTGGATTTTTGGAAGAAGAGGGTTGATCACGTTCAATTGAGAAAATATTTGACTTGGGGAATGGGAGATCCTTCAAAATCAGCCGATCCGACCCCTTATTTACCTTCCACAGCCCCTTGTCCTTGGCCTTTTGAGAGAATGAATGTGGATACTTTTGGAAATGTTGCGCTCTGTGGATATGATATAGCTTTTAAAACAAATTTTGGAAATGTTATGGAAAAAAGCATAAAGGAAATATGGCATAGTGAAGCATTTGAAAAAGTTAGGCAATTACATCTATCAGGTAGAATGGATATGATACCATTATGTAGAACGTGCACTGATAGAAAATATAGAACTTGGAATTATAATTATTATAAGTTGGTAGAAATCGCAGAAAAGAATAGAAAAAATAATTTAAAAAGTGAGGGATAAAATGTGTGGTATAGTTGGATTTAGTGGGAAAGGAAATCCAAATATTTTGAAAAGTATGAACGACGCGATTTATCATAGAGGTCCTGATGAAGAAGGGTTTTATCAAGATGAATTTATGAATCTTGGCTCTAGAAGATTGAGTATAATAGACATTGAAAAAGGAAAACAACCAATACATAATGAATCAAAAGATGTTTGGGTAGTTTGGAATGGTGAAATTTATAATTTTTTGACATTAAGAAATGAACTAATTGAAAAAGGACATAGTTTTTATACAGATCATTCAGACTCAGAAGTAATAGTACATTTATACGAAGAATATAACCTTAATTTTGTAAATAAGATTAATGGAATGTTCGCAATTGCAATTTGGGATAAAAAAAATAAAAAATTAGTATTAGTAAGAGACCGAATGGGACAAAAGCCATTATTTTATACAATAATTAATGGAAATATAATTTTTGCGTCTGAAATAAAAGCAATTTTAAAACATCCTATGGTAAAAAAGGAACCAAATTTTGAAGCTCTTAACCATTATTTTACATTTAAAAATATTCCTGCACCTTTTACTGCATTTGAAAACATCTATTCCATTTTTCCAGGCGAAATGTTAATATTCGATGTAAACATTAAAAAAC
NZ_CP007389.1_gap18	561573	563329	1756	TCCTCTTCGTACATACTGAAGGAATATTGTCGCAATTACAAATGAAACTGTTGAAAAGTATATCAAAGAATCATATCCCAACTTATCTATGAAAAAACCAGAAAGTGGAGGAGCAATTATATTAGCACTCATTGAGAAAAAGTAGTAAAGACCCGTATATCCTCCTAATTTTTCTTCACTTGTCATATCAACAACTGTAGGTAAAGAATTAACATTAACCATAGCCCAACCTATACCACCTAATGTAAAATATATAAATAATAATCTTGTTATTGTTCCAGTATCTTTAAAAATATAAGTTGAAATTACAGTTAAAAGAGAAATCAATGCAACTATCATTAGCCCAATAGTCATTGTCTTTTTTCTGCCTATTTTTGAGCCAATAATACCCGCTGGTATGGAAAATAACATAAAAGTTAACGAAAAAAATCCAAGTATAAACGCACCAGTACTTTCACTAATACCAACTCTAAATTTTGCATAACTTGTGAAAAAAGTTTCCAATGCATTGTAACCAACAAACCAAAATAAAATAGCAATAAGAATCATTAGTAAACTTTTTTCCTTTGAAAAGAATACTTCCTTAAGATTTATTTTTAATTCCCCAAAACTTTTTGAAAACACACTTGAAAATTTTACTTTTTCTCCAGTCCTTATTTTATATTTTTCATCCTCCTTAATAAAAATTACCACTAAAAGAGAAGCAACTAACATGATTATTGCACCAAGCCAAAATGGCAATGCATAATTTTTATCATAGAGGGGCTTTCCAGCAAAATAAGCAAGAAGTGCACCTAACCCTCCCATGAAATTAATTATGCCATTTGCTTGACTTCTATATTTTGGAGGCGTAATATCAGGCATTAATGCAATTACAGGGGATCTAAAAAGTGCCATAAAAAAATTCATGAATATGATGTTCAACATAAAAAACCACAAAAGGTGGAGAGTTCTTGCAAAGGGTATAAGCGAGAAAAACAAAGCACCTAAAGGAGCTCCAATAAGGATATACGGCATTCTTCTTCCAAATCTTGAGCGTGTCTGATCACTTAATACCCCAATAAGTGGTAGCATAAAAATAGCAAAAATATTATCAATTGTCATAACAAAACCTATACTTGTTGAAGAAAGTGAAAAATCTTTTAAAAATATTGGTACATAAGCATTGTACAACGGCCAAAGTATACTAATACCAAAAAAACCAAAACCAAGTAAAAACAACTTTTTGTAATTTTTCATACCATCCCCCCTAATAAAAAATTCGTATTTATTATATCACAACTGTGATATAATAAATAATAATGTGAGGTGAGAAAATATGTGAGGTGAGAAAATGCTAAGAGTTGCTCTAATTGCACACGATAAGAAAAAACTCGATTTAGCTATGTTTGTAAAGGAATGGAAAAGTGTATTTGAAAAATGTGTGCTATTTGCCACTAAAACTACGGGTAAAATTATTGAGGAAAAAATAGGATTAAAAGTAACAAAATTAGAATCTGGTCCATATGGTGGAGATTTGCAAATAGGGGCTTTAGTGGCAAATGGCGAAATTGATTTTGTTATTTTCCTAAGAGATCCATTAACTGCTCAACCTCATGAACCAGATGTTTCTGCACTTCTTAGAGTTTGCGATGTTCATAACGTACCACTTGCTACAAATTTGGCTACAGCTGAAGGATTAGTACTAGAAATTAAAAGAAAACTAGAAAGGTGATTTTATGGTATTTGTATTTGATTTAGATGGAACCCTCTTAAA
NZ_CP007389.1_gap19	629475	633957	4482	TGACCTTCTTTTATCTTCTCGTCTATAATTAAATTTGACAATGTAAATTCTATTGTATTTTCAAATAATCTTCTTAAAGGTCTTGCACCCATAGATGGCACATATCCTAAATCCGCCAAATAATCTTTTACGTTCTCGTCTAGTTCAACTGTAATGTTTTCCAATCGCTCGTTCAATTCCTTTAAATATATGTCAACTATTTTCTTTACATATTCTTTCTTTAAAGGTTTAAATATAACAACAGCATCCAATCTGTTTAAAAACTCAGGATTCAGCTTTTCTTTTAAAACTTTTTCAACGTATTGTGAGATCTTATCTTCACTTTCTTCATCTATTGCTTTTAAAATTTCTGAACTTGCAAGATTACTAGTCATTATTATTATTGTATTCCTAAAATCAACTGTATTTCCTTTTCCACTTGTTAACTTTCCATAGTCAAACACTTGCAACAATACGTTAAAAATTTCTGAGCTTGCCTTCTCAATCTCATCTAACAACACAACACTGTACGGTCTTCTTCTTACCGCTTCTGTAAGTTGTCCACCTTCTTCATACCCTACATATCCAGGAGGTGCACCTATAAGCCTTGAAACAGAATGTTTTTCCATATATTCGCTCATATCAAGTCGTATTAAACTTTGCATAGAACCAAATAATATATCTGAAATTCTTTTAGCAAGTTCTGTCTTCCCAACTCCCGTAGGTCCTAAAAACAGAAAGATTCCTGATGGTTTTTCTACACTTTTTAAACCTGTTCTTGACATTCTAATAGCACTTGCAACAACTTTTACCGCTTCTTCTTGATCTACAAATCTTTCATGAATCAACTTTTCAAGATTTTTCAGTTTTTCCTTTTCTCCCTCCATAATTCTACCGATTGGAATACCCGTCCATATTTCAACAGTTTTGGCTACATCTTCTTTTGTTACTTTATCAGCGCCCAATATTTTTATTCTCGAAGCAGATTCATCTATTAAATCTACTGCTTTGTCAGGAAGAAATCTATCTGGGATATACCTTGCGGAAAGTTTTGCAGAAGCTTCAATTGCTTCATCTTCTATCTTTACACCATGGTATTCTTCAAATTTTTCTTTTAATCCCTTTAATACTTCTATTGTTTCGTCTATTGATGGTTCATTCACATATATTGGTTGAAATCTGCGTTCCAATGCCTTATCTTTTTCAATATACTTTCTATATTCTTCCACTGTTGTTGCACCTATGCATCTTAATTCTCCACGTGCAAGTTCTGGCTTTAAAATATTGGCCGCATCCACAGAACCTTCAGATGCACCAGCACCTACAACCATATGTATCTCATCTATAAACAGTACTATATTTGGTGTTCTCTTAACTATATCCACAATCTTTTTCAATCTCTCTTCAAACTCTCCTCTAAATTTTGTACCAGCAATAACTCGAGCTAAATCAAGTTTTAAAATTCTTTTATTTTTTAAAAATTCCGGTACTTTTCTTTCTACTATTCTCTGTGCAAGGCCTTCTACAATCGCAGTTTTTCCAACTCCCGGATCACCAATAACAACTGGGTTGTTTTTCAACCTTCTACCAAGAATCTCCATAATCCTTAAAATCTCTTTTTCTCTACCAACAACTGGAAGCAATCTATTTGTCCTTGCAAGTTCTGTCAAATCTTCCGTAAATTTTGTCAATACGTCTATATTTTCTTCTTCAGAAGTTGCTCCAGAAGTTCTTATCTCTTTTATTGCCTGGTATATCCTATCTTGAGATACTCCATATCTTGACAGTATTCTATAAGTCATACTTTCCGGAATTATAGTCATTGCAAGAAGAATGTGATCTGTACCTATCTTTTCATCCCCCATCCTTTTTGCTTCTTTTCTTGCTTCTTCAAGGATATGTCTTGCTTCAGGAGTAATAAATATTTGACCCGCAGGAGCGTTTGCTTTTACTCCATATCTTGAAATGAATGCTTCTATTTCCTTTTTTAATTCAAAAACTTCCACTTTTAAATGTTTTAAAATATCTTTTGCCGCATTTCTTTCATCTTCTAAAATAGCAAGCAATATGTGTTCAGAAGACATCTGATTTTGCTTATACCTTGTCAAAACATCAGTAACTGCCATCAAAACCCTTTGCACATTTTCTGTATATTCATTCATATCAAACATTTTATCCCCTCCTTACAAATTTTCCTTTAGCTATTACTCCTTCTATTTCCATATCTTCATTTAAGATTACTATATCCGCATCATTTCCGGATTTTATTCTTCCTTTATTTTTCAAACCTAAAACTTTTGCAGGATTTTCCGTAATCATTTTTAAAAGTTTTTCAAAATTCAAACCTTTATTAGCAGCATATCTGACTGTTTCAAACAAAACTGAAACACTTCCAACATTTAACTCTATAAGATTTCCATCTTCACCAAACTTTGGTAAACTTCCCTGACCATCTGATGTCATAGTCATATTTGAGTATATATTCTCATAAATTCCTATCTCAAGATACTTTACCATATCTATAGAGGCAGTTAAATCTATAAATCCACCTTTTTTAGCAAATAATATTCCTTGAGAGAATAGTTCATCTGACCTTCCCATATGTGTAGGATACATATGTTTTGCAGGGATTTCATTCTCTTTTAATATGTTCAATAAATATTCTATCTTGCAACTACCAGAACCAACATGAAAATTTACAACTCCAGCTTTTCCTGAAATTAATCCTCCTACCCTCGCTTTTGCAACTATCTTTTTTATCTCTTCAAAAGATGGTTGTGAAGATCTATGATCTGATATTGCAATTTCACCAACGCCAATAACTTTATCTATTAAAACTAAATCTTTCTTTATACTCCCTGTAAAAGTTACAGGTGGCACCGAATATGAACCTGTATATATATAACTAGTAATTCCCCGCAATTCAAGTGCTTTTGCCTTAGCATATAACCCTTCTAAATTCCTTGTAATATCATCTGTCCCCAAACAACCTACTATCGTTGTTATTCCAGAATTAACTATTTCATCAAAAGTTATTTCAGGAGTCCTTGTAACAAATCCACCTTCACCTCCTCCACCAGCAATATGAACATGCGCATCAATAAACCCTGGAACAACTATTTTACCTGTTAAATCATAAATTTCACCATAAGGGCAGATTATAGTATCATCAAGTAATTCAATCTTGTCATTTGCTATTAAAATGTCTTTCTCTCCTAAATAATCTGGAGAAAATACTTTTCCTCCTTTAAGCGTATATATCAAAATACCAGCTCCTTTGTGTATAATAAATTATGAGGTGATATCTTGGATTTAATAATTATAATCTTACTCTACATAATACTTACAATAATTTTTTCGAAAATCACAAAATTTACAGACGTTTTCAAAGCACAATCAATATTTTCCCTTATATCTATATTATACTCCCTACTTTCAGGTAAATTATTAAATTTAAATTTTATCCAAATGGGAATTACTTTCGGAAAACTCAAAAATGGAATACTATCTTTAATCTTTTTAGGAATACCGTTTATTACAATCGCATTTTTTTCATCGAAAAATGCGAAAAAAAGTATAAAGTACGTTTTTTACAAAAGTAAGTGGCAAATTATTTATATTTGGATCTTAGTTGGTCCAATTGAAGAATTATTTTTTAGAGGTGTTATTCAATCTTACTTAGAACTTAAAATCCAAGGAACAATTTTTACAATTTCATATGCAACAATAATCTCAAGTTTTATATTCTCTTTCTTTCATATATTAAATGTAAAAACTAAAAATGAATCCTTTAAAAGTTTTCTCAAACTCTTTCCTTCACGATTTATTGCCGGAATGACATTAGGATACATGTTTCAGGTTTCTAAAAGCATATTGTATCCAGTAATAATTCATAATTTAGTAGACGGCATAACTTTTGAAAATTTAAGAAAAAAATTATTGATTTTATATCAATATTAGTATATAATTGTTTTTGAGAAATAAATACAGGAGGTGGAAAAGTGGTTATAGCTGTTCCCATTATTGAAAATAATGGGGAAAATTCAGTTATATCTGAACATTTTGGCCACGCCCCATATTTTGCGTTCTTTGATACAGAAAAACAACAATTAATTATTGAAGAAAATCCATTGGAAGAACATAATCCCGGAGACATTCCAAATTATATTTACTCTAAAGGTGCAAATGTATTAATAGTAAGAGGAATTGGTCAAAGAGCAATTCAACATTTTCAACAGCTTGGCATTGAAGTAATTAGAGGTGCAAGTGGAACTGTAAAAGAATTAATTCAGCTATACCTTGAAAATAATTTAAAAAATATCGATTATAAACCTAATGAAAAATTTCACAATTATTAATGGCTCCTTAAGGAGCCTTTTTATCCTTGTAACAATCCTTTAATAATCAATTCTGTTGCTTCATCTTCCGTAAGACCTTTGGCCATTAACACCTCAAGTTGTTTTTGATTAACTCTTCCAATGGAAGCTTCATGTGTTAATTCTG
NZ_CP007389.1_gap20	651488	655152	3664	TGTACTAAACATCTACCTTGAAGCATTTAAACTCAATGTGAGAGGGCTTACAATTTACAGAGATGGATCACTACAGACACAAGTGTTAACAGCTGCAAAACATGTGAAAACAAAAGATGCTCCAAAGGTTCAATTCTTCCTTTTAGATGAAAAACATAAATTACGTCCAAAACCAAGAAAAAACACATTAAGAAGCGTAACAAGAAAATACAAAACCAAAGATAATACTACTTATATAACTGTATCATTCGATGACAGTGGAGAAGCTGTTGAAATCTTTCTTTCAAATGGAACAGAACTTGCCGAATCAATTGGAAGACTTTCGTCTATTGCACTAAGGGCAGGAGTTTCCATAGAAGAAATACTAGAACAACTGCAAAAAGTAAATGGGCGATACACAAAAGGTTTAGCAGAAGAAATCAAAAAAGCAATAGATGACTTTGTCGAACTTTGGGGAAACACAGAAGTAGAAGAAGATGAAATTTTTAAAATAGATGGAACAATAAAAACAGCAGAAGAAGTAGAAAAATTTGTTATGGCAAATGATTTAGAATGGAGTGAAGGATACTACGTAGATGAAAACGGAAATGTATATTGTCCATCGTGCTTGTCTAAAAACAGTATAATTAAACAAGAAGGGTGTATGAGTTGTAAAAAATGCGGTTGGAGTAAATGTAGTTAATATGATATAAACTATTTAAAAAAGGCGCATTTTTGCGCCTTTTATTTTTTTAAAATTTTTCAACCTCGTTTTTTGTAACTGCTAACGCCGCCGCTTCCGTAGCAAACTTCAAAGAAAATTCAATATCAAACTTCTCATCTAGAGCAACAGAAAACACTCCATTAAACACTCCACAAGCTGCATTAGTGTCAACTGCTCTAACCTTGAAAGCTGGTATTTTTATTTTGACATTTTCATCGAAATAAAAGCCAAACCATTGCTATCATTAACTATCACATAGTCCTTAACACTCAACTTACCATACTGTTCTCTTAAAAATTGCCCGTAAGAATCATTTTCGATACACGTTGAATTATTATTTGAAAGTTTCACTACAGCTTGATTTGAACATTTTCAACCAGGAAAAAACTCTAATTTCAGTGCTTTTTGAGTTTCGCCAGGCAATGTGAATCTTTCAACTGTCGATACCGCATCCATATCTGAACTTCCAACTATAGCAATCACTTTACCATCTCATTTGTGGAATTTCTAATAACTATTTCTGATTTAAATATTACGCCTTTATTTAAAAAGCTATTTCCCACTATTATTTTTAAAAGCAATTCTGCTGCTTCTCAACCATCTCATAAATTGGCTATCTAACTGTTGTTAAAGGTGGTTTAAAATGCTTACTAAAAGGTATATCATCAAATCCTGCTACACTAACATCATCTGGTATTTTATATCCCATTTCTTCAATTGCATCAATAACACCATAAGAAATTAAATCATTTCTACAAAGCTATTGTATATGGCAACAATTTCACTTTTTTAACAAACTTATACCTAGATTCAGTAGTAAATGTCAAATGAGTTTTCTGGAGAATCTTTTAGAATTATTTTTTAATCAGCATTTTCTCCCAAAACTAATAAAAATTTTATTTTCTAAGACAGTTTTAAGGAAATTATAAGGACATTCTAAGTTTAAAAAGATATCATTAAGATACAAACTATCAGGAGGTGAAAGTATGTTCAAAAAACTAGGTATTATTTTATTAAGTGTATTTGTTTTATCCGGCTTGTTTGCTTTTGGCTATAGGCAAATAAATACTACATATCCTATGTATCGTAACTTACCTGAAAATTCTACTATCTCTGAAATTTCTTTATCTGGAATTGTAAAAGAAATCAAAGCTGAAATAGGAGAAGGAGTTAGACTAATTATTGAAGTAGATGGTAAAGAATATACAGTACATGCAGGCCCCATATGGCTTTACAAAAACTTAAAAACAAATGACGAAATACAACTAGAGGGTAGACTTGTTAGTACCGAAAACGAAGAATTCATTGTAGCAACAAAAATTATTTCAAATGGCACAGAACTTGTGCTAAGGAAAGATCAGAAACCTGTATCTTCACAAACCAATAAAAGAAACAATAATAAAGGAAATAATAACAGAAGAAACAATAAATCTATGGGCAGAAGAAATAACAGACGGTAAAAAACTAGGCTTCGGAACATTCCGAAGCCTAGTTTTAAAATAATACTTCTCCAAAAATATCAACGAATATAGAGGACAACTCATTTCTTATTTTCAAACCTAAATTATAGTCTTCCTCATATTGAGCAAATCCTAAAACCCACTTGCTCAGTATTCTGGTTTGTTCAAATTCTCCAAAAACTTTATACGTCTCCCAAAAAGGCAATTGTACACCTAATTTATAATTACCATTTTCAAAGCTATACATTCCATTCATTTCATAATCAAAAATTGAAATATTCACATCAATATTTCTCAAATAGTATATAATTTTCAGATTCCCATCTCCAAATACTGCATCAAAATAAATAATTGGATCAAAATCTTCCAAAAATATTCCTCCTATTAATCTCATATCAACAAAGCCACCGCTTAAATTGTAACCTGTTAAAATAGAATCACTTGCATTAAAATATCTATTTCCATACACCAATTCAAAATTGCCAATTTTTGCTCCTGCAAGAAAAGGTAGAGAATTACCAGCAACACCTAAGTCTAAAAACACTGTATCATTGTAACTTACCAATACACCTTCAGAAATACCTTCTATTGGAAAATCAATATATGATTTGTAGCGTGCATTAAATTTAAATCTATACAAATTAAATTCCAGATTGGCATAATCTATATTTGCACCAGAAAATCTCAAACCAAATTCTATTTCATCTGAGGGCGTGTATACAAATTTCAGAAAATTTGACAAACCTTGACCTATCAATAAACTAGAAGAATCGTATTTGTAAGTCATTACAAAAGAAAATTCTCCTGAAATTTCTACTCCTTCGCTAGTTTCTTCTTTGGGTTTCTTTATTATTAATTCCCTTCTTCTTCAATCAACTCAAAAACAGAATTTTTCCCACCATATCCATCAGGAACATTGGAACTCGTTCCATAAAAAATAAAAAATAAAGAGGCTGAAAAGCCTCTTTGTTTGGCGTGCCCGGGGAGATTCGAACTCCCAACCTTCAGATCCGCAGTCTGACGCTCTATCCAATTGAGCTACGGGCACATAATTCAAAAATGGGGGAATAAATCCCCCTAAATCTGGCGGAGAGGGAGGGATTCGAACCCTCGGTGGGGTTACCCCCACACTTGCTTAGCAGGCAAGCGCCTTCGACCACTCGGCCACCTCTCCGAAATATTACGTATAAAATTTTAACGTAAAAACGAACAAATGTCAAGAAAATTGTGGGATTTTCAAAAATACTTTTTTGCATTCTAAGGTAAAACAATTTCGTTTGGACTTCTTAACAAAATAATTGGCTTTTCATCATCCAACCAAAGCTCTCCATAAAACTTCACCGTTTTACCTTTTAATTTATTTAAATCATAATTTTTAAAAAAATAATAAAACTCTTCTTCTCTTATTTTTATAGTAAACCAATCAGAATTTATATACCACATACCACCACTTTTGTATACACTACTTACTGTTCCTTTCAAAAAGACAATCTTACCTACA
NZ_CP007389.1_gap21	708532	709666	1134	AATATTTCTTGCGGCAACTGGTATTTTCCTAATGTATTCAGCAATTAGATTAACGTTAAAGTATCCCCTTATCTTTCCTTCTTTTATTAAAGAAAATCGCACAAGAAAACTTCCACCTGGGGACTCGATTACATCATATTTAAAATCATCGTGTGGAACAATAAAGCCATATAAAGAACTTATTTCTACTTTTGCGCCCTTGGGCAATTTTGACAGAACAATTTTTAAAGATAAATCTTTTGCAATATCTTCGGTTAATGTTGCCTTAGTACTTTCATTAGTTAAAATTGTTGGAAAATAAACTTTTATGTAACCAAAAGTAGGGGTAGCTTCAATCTGAGTAGCCACCCTTGATAACCTTTGTAATACATACTTTATATTTACATCAATAGACGTATTTTCCGGAATATAGGCAAGAGTAATGTTCTTTAATGAAGTTGCATCAATACCTGTAAAAGTTGCAGTCACATCGTAAATAGTAACGGTATTAGTAGTTACAGTAGAAACATCTAAAAATTGTATGTACACCGCACCTACAAAGATTGGAATAAAAAGTAAAAAGAAAACTATGGTTTTCACTTTATATATCAATCTCCTTAACCTGGAGTGCATGTCTAAAGATAAATTCCTTTCTACTCTCAGTATCACTACCCATAAGCATTTCAAATAACTCATCTGCTTCTTCAGCATCTTCTATTTCAACCTTTAAAAGTTTTCTTTTTTCTGGATCCATTGTAGTTTCCCATAACTGCTGTGGATTCATTTCACCTAATCCTTTATACCTTTGAATTTCAAACTTTTTGTCTTTCAAATTCTCCTTAAATTCTTCAAGTTCTTCATCACTATAAAAATAATATATTTTTTTATTTACATTAACTTTATATAAAGGAGGTTGAGCTATATATATCCTTCCCTCATCTATTAATTCTTTCATATACCTATAAAATAACGTTAAAAGCAACGTTCTAATGTGTGCCCCATCCACATCTGCATCTGTCATAATTATTATCTTTCCATACCTGAGTTTTGAAATATCAAAATCATCTCCAATTCCGGTTCCAAGCGCTGTAATAATATCTCTTATTTGTTCGTTTTTTAGAAGTTTAAGCCAACTGCTCTTTTCAACATTCAAAA
NZ_CP007389.1_gap22	752320	756373	4053	CTTGAAACCTCGCCTTTTTCACACCAACAACTTCAAATTCATAAGGCAAAATTTCAAATATTTTTTCATTTCCTAAAAATCTTTCACAAAGTTTCACTTTTCCATAAAAATCTCTGTTTTTTATTTTATTCCCACTCAATTGTAGCAGGTGGTTTTGATGTGATATCATAGACAACCCTATTAACCCCTTTTACTTCATTTATGATTCTTTTTGCAACTTTATTTAAAAATTCATGTGGTAACTTTGACCAATCAGCGGTCATACCATCAAAACTGTTAACCGCCCTTAAAGCTATCACGTTCTCATATGTTCTGTAATCTCCCATAACTCCTACTGACTTTATCGGCAAAAAAACCGCAAATGCTTGCCAGACCTTATCATATAGATTGTTCTTTTTCAGTTCTTCGATAAATATATAGTCAGCTTTTTGTAATATACTAATGGCTTCTTCTGTAACTTTCCCTATTATCCTTACTGCAAGTCCAGGCCCTGGAAATGGATGTCTATTAATCATTGATTGAGGAAGTTCCAATATTTCTCCTATCTTCCGCACTTCATCTTTGAATAAATACCTTAATGGCTCTATTATCTTAAACGGCAATTTTTCAGGTAGTCCCCCCACATTGTGATGTGTTTTTATCTTTGCAGCAGATTTTCTTTCGCTTACCTTACTCTCAATAATATCCGGGTAGAGGGTCCCTTGCGCTAAGTATTTTATATTACCAAATTCTTCCAAAAGTTGCATTGAGGTTTCATAAAATACATCAATAAAGGTATGCCCTATTATTTTTCTCTTTTCTTCTGGATCTTCCACGTCTTTTAAAGCATCTAAAAACCTCTTTTTTGCATCTACAACAAAAATCTTTATACCCAATCTTTCAAAATTTTCTTTTACCTCTTCTCCTTCGTTTAACCTTAAAAGTCCTGTATCAACAAACACGGGGACTAAATTATCTCCTATAGCCTTGTGTAAAAGCATAGCAACTACCGAAGAATCAACTCCTCCAGAAAGCCCCAATATTACCTTATCATTACCTACAATCCCCTTTATTTCTTTTATTTTTTCAGAAACAAAATCCTTCATTTCCCAATTTTTTTCCATCTTTGCAATTTTGGAAACAAAATTTTCCAATATTTTTGAACCAAATTGTGTGTGTGTTACCTCTGGATGAAACTGAACACCATAAATAGTTTCATTTTTGTTTCTTATTGCTGCAAACGGTGAATTTTCACTTCTTCCTATTACATAGAACCCCTCAGGAAGTTTCTCTACTCTATCAGAATGGCTCATCCAAACATCAAATTTTTTTGGTAATCCCTCAAATAGTGGGTCTTCTTCTACCTCCAAAATTGCATGACCAAATTCTCTTTTTTGCGATTTTTCTACTCTTCCACCAAATTTATGTACAAGTGCTTGAAGTCCATAACAAATTCCCAAAATTGGAATATTCAAATGTAAAACATATTCTGGTACAAATGGAGCATCTTTCTCATACACACTGGAAGGTCCCCCGGATAGGATAATAGCAGTTGGATTTAATCTTTTTACCTCTTCTTCTTTTGCATCCCAAGGTAAAAGTTCTGCATAATACCCCTTTTCACGTACCCTTCTTACAATAAGCTGGGTATACTGCGAACCATAATCTAAAACAACCACTGTTTTCAAAAAAGACACCCCCCATATTTGTTTTCTAAATTATATCATCTTTACATTTTTTTAAATTAAAAGCACCATAAAAAAATGTTAATTATTAAGATATCATAACCTACACATAATTTAATGTTGTCTTTTCCGTTTTTAAGTTTTATTTTTTAAACTTGAAGATAAACAGCTTCTTCGCCTATACCTTTCTAAAATAATAAAAATATTTGATATATATGTACTTCGTTGTTTTGTTGTTACAAAAATAGGTATTTCTCTATGATTTTTCCCTTTTAAAATTAACATTTTCACATCTTGTTTTATCTTTTTTCTTCTTACTTAAAAAGTCAAGTAATCAAATAAAAACCACCCTTAATTTAAAAGGGTGGTTAGGTAACTCTTTGAATATATATTTCAATCCCTATTGAAAATTTTCCATTCCTCATAGGTAGATTCTAAACTAACATTGCAATATTGCGACGATACTGGATATGAAATGTAATTTCCATTCCTCATAGGTAGATTCTAAACATCTCATATCCAAGCATATGGTTCAAGACAAGGCCTCAATTTCTATTCCTCATAGGTAGATTCTAAACACGCAATCGTGGATCAACTTGAAAAAGCCAAATATTACATTTCTATTCCTCATAGGTAGATTCTAAACGAAACAATAAACGTTGCCAACAAAACGTGGCAAAAAGTTAATTTCTATTCCTCATAGGTAGATTCTAAACTCAATTATTTTTGATGAAGAATGGCCTGCGGGTATTTTTAATTTCTATTCCTCATAGGTAGATTCTAAACTTGCCGCCACGGTGGCTGAGGCAACAGTGGCTGCCAAAATTTCTATTCCTCATAGGTAGATTCTAAACAACGAATTGTTGGGGTTCCTGGTTTTGTAAGATAAATAAATTTCTATTCCTCATAGGTAGATTCTAAACGAAATATGTATTTGGAATATTTATGATAGGGTGCAGGACAGATTTCTATTCCTCATAGGTAGATTCTAAACGTAGTCCCCCCCTCTGAGGGAGAAATCATTTTCGTCGATTTCTATTCCTCATAGGTAGATTCTAAACATTAATAAATTGGATGAGGAAGACCTAATCAAACTTGTACATTTCTATTCCTCATAGGTAGATTCTAAACTATACTTACCGCTAAACGCAGATTTAGATCAAATAAAAGATTTCTATTCCTCATAGGTAGATTCTAAACTTCTTAGTTTTGAAGATTTTGAAGGGAGTAAAGTTTAATTTCTATTCCTCATAGGTAGATTCTAAACTTGGTGAATATGTAAATATATATTTCAGGAAGATTGATAGATTTCTATTCCTCATAGGTAGATTCTAAACAAAATGTATTTTAAATTTTTATAAATTTTATCCATCACAGAATTCAAATTTCTATTCCTCATAGGTAGATTCTAAACAAAAGTATTATGGAATAGGACTTTATGAAGATTTAATATTTCTATTCCTCATAGGTAGATTCTAAACGACGAATTTTGGACTAATGGCTGGGATGCTGAAAAAACTGCATTTCTATTCCTCATAGGTAGATTCTAAACCTATTTGAACGCATTGTCAAGAGAGTACATCAACTAAAATCTATTTCTATTCCTCATAGGTAGATTCTAAACTTTTTTAGCGCGCTTGGTGTATAACTTACCAATGTCGCATTTCTATTCCTCATAGGTAGATTCTAAACACAAAAAATTATCAGGTATGATTCAGGCAACCAAAAACAAAATTTCTATTCCTCATAGGTAGATTCTAAACAAAGTCCTCTTCTTTTTTTACTTAACAATGGAATCGTTTCATTTCTATTCCTCATAGGTAGATTCTAAACAAAACAATTACCAATTGAAATATGGAACGATGATGAAACAAACATTTCTATTCCTCATAGGTAGATTCTAAACAACGAATTGTTGGGGTTCCTGGTTTTGTAAGATAAATAAATTTCTATTCCTCATAGGTAGATTCTAAACAGGATCATGTAGAAGAATTAAAACGTAGCATCGAAGAGGTTGATTTCTATTCCTCATAGGTAGATTCTAAACGGTATTTTTGAGGTTCAAGAGTATCGTTTGAGCGACAATTTAAATTTCTATTCCTCATAGGTAGATTCTAAACGACAAAACAAGAAAAGAAGGTGTTGAAAGGGTTGCGAGAAATTTCTATTCCTCATAGGTAGATTCTAAACGAAGCAATACAAACCGGAATCGTAACGCCATATACCGATTTCTATTCCTCATAGGTAGATTCTAAACTACCCATCAACACACAAGTTTGGGAACGATATCTTGATTTCTATTCCTCATAGGTAGATTCTAAACCATATACAATATATGCGAAATCAGATGGTGCATTACCAATAATTTCTATTCCTCATAGGTAGATTC
NZ_CP007389.1_gap23	760271	763881	3610	TCCTTTTCCCTTCCAAAATAATAGAAAGTTAAAACTAGTAACAAAATAACTAAAATTATGGAAATTGGTGGTAAAATTAAAGATAGAGTGTGTCTTAAGCTATATTTTTTCTCTATTTCCTCTACTTCATTTAAAGTCAAAGTGGGATTTCTATATAAATATTTAGGAGAAAAATTATCGATTAAAAACCTTGCTTCTGCAAACGATCGCTTTGGATGATTGTTAATAGATACAGTATACGAATTTCCTATTTTTTCAACATCAACCTTTGGATGAACATATACCTTCACTATATTAGCCTCTTTTGGAAAAATGAATTTTGCCGTAAGTTTTCCCACAGTTGAATCCCATTCATTACCCCAAAATTGTCTAAAAACTTGTGAAATATCCTTTCCTTTTTCAATTGCATATTTTGCATCATACGTAACGTGAAGTATTAATTTATCTACCTTTTCAGGAGAAATAGGTGTTTTTGATACCCAAACCCGTGCCTTAAATGATTTATTATCTTTTTCTAACTCAACCCATTCTCCTTCCACATTCTCTATCCATAACTTAACGTTTTCTATTTCCACCGCCCTAGATGCAGGTACTTCCCTATATACACCTCTAAATGGCTTTTTCATGTCAAAGGTTATTATCTCATGAACATGTAATATTCCATTACTATCCATCACCTGTTCTACATTTGCACTGGAAATTTTATATACCTTAAAAAAGTCATCAAAATATCCAGTTACAAAGACAAAAAACACAAAATACACCAAAGAAAACAAAAACATGCCAACTATTGCTTTCTTCAATGATATCCCCTCCTATTTTCCAAATAAAAAGACGATGGCATAAAAAAACCATTTCGCCCAGTAATATTCATTGTGTAATCCTTCAAGATCGTATTCATAACCTACCATAGCACCTTTTTGTTTTAATATCCTTTCCAACTTTTCCACATTTCTAACAAAATCCATATTTTTCGATTCTTTAAATCCGACATAAAGAAATACCTTTTTTTCTTTTACATTTTTAACTTCTTCAAATATTTTTGAATTTCCAAAAAAAGTGAAGGACTCATTACTATCGCACCTTTAAAAAACGGGTATTTAAGTGCATACAGTAAGATTAATCCGCCCATAGAAAAACCACCTATGTAATTTTCTTCTTTATTAGTTGAAAATTTATCATCTATGTGTGGTTTTAAGGTGTTAATTATAAACTCTATGTATTTTTCCCCCTTCTCCCCTGCTTTATACCTTTCATTATACCAAGGAGAATACTCAGATAATCTATCACTGTTGTTATAAATACCTACAACAATTATAGATTTTATTTTTCCTGTGGTTATCAATTCATTTAATGTCTCATCAACTTTCCACTCTATTTTTGAAAAAGAAGTATTTTTATCAAACAAATTCTGTCCATCATGCATGTACAAAACAGGATATCTTTTATCTTCATCGTATCCAGGTGGAAGGTATATTAATATATTTCTTGTGTTTTTTAACTGCGGAGAATAAAAATCCTTTATTTTTATCAACTTTCCTTTCATATCTAACCAACCCTTTATCTTTATCTTCACAATCATTCCATCTTTTGATACCCTTACCAATCTATATTCCACATCTTCACTAGTCTCGGTACTCCCCTAGTAATTTTGTACTTTACAACTCCACTTAAATCTGTCTTTAGAACATATACCCCATCCTTGCACGTAAATTTATACCTTTCATCATCTGGTTTCCAACTATTAAAGCTCCCTGTAAGGTACAGGGAGCAGCCTTTTGGTATATTACCAAAAGCTATAAATGTAATTGTATGTGAGTAACATATAAAACTAATCAAAAGCAACCCAAAAATAATTTTTTTCATTTCCACCACCTTTAATAATTATACCATTAAATTATACCATTAACTATATGCACTTAAATCAAATAATCCATGCCCTGATAGTGTAAAAACAATAACCTTTTCTCTTTTTTCCTCCTTTGCCCTTTTTGCTTCCCTTATTGCGCCTGCTATAGCATGAGCCGATTCAGGAGCTGGAACAATTCCTTCAACCTTTGCAAATATCCTTGCTGCATTAAATGTTTCATCTTGCGAAAAACTTTCTGCACGAATTATTTCTTCTTTTACAAGACGCGAAATTATTGGTGAAGCACCATGATATCTTAAGCCACCTGCATGAATCTTTGGTGGAATAAAATCTTTTCCCAAGGTATACATCTTCAACAAAGGAGTTAAACCAGAACTATCACCAAAATCATATCTATATACTCCTTTTGTCAAAGTAGGACAACTTTCCGGCTCACATGCAACAAAATCCACATTTTTTCCAGAAAGTTTATCTGGAACAAAAGGAAAAACTGTTCCGCCAAAATTTGAACCTCCACCATGACACGCTATTATTACATCAGGTTCTAAATTAACTTTTTCAAGTTGTTTTTTTATTTCAAGCCCTATTACCGTTTGATGCAACAACACATGATTTAAAACACTTCCCAAAGAATATTTTGCACCTTCCTCGTTTAACACTTTTTCCATAGCCTCACTAATGGCTATACCCAAACTTCCCGGATGATTTTCATCAAAACTCTTACCAAACTCTGTAAATTTACTAGGCGATGGTACCACATCTCCACCAAAAAGATTCATAAGTTGTTTTCTCATTGGTTTTTGCTCAAAGCTTACTCTTACCATAAACACTTTTACAGGAATATTGAATTTTAACCCTGCGTAAGATAAAGCACTTCCCCATTGTCCCGCACCTGTTTCAGTGTACAACACCTTTGTTCCAGAAATCCTATTGTAATACACCTGCGCTATTGCCGTATTTGTTTTATGACTCCCTGTTGGACTTACACCTTCGTATTTGTAAAAAATCTTTGCAGGAGTATCTAGATACTCTTCCAAAAATTTTGCCCTAATTAGTGGAGTTGGTCTAAATCTTAAATACTCCTTTAGTACTTCATCTGGAATTTCTATAAATCTTTTTTTAGTCATCTCCTGTTCAAGCAAAGGCTCTGGAAAAATCTTTAAAAGCTTTTCCGGAGAAATGGGATTTGTCGTCTCAGGATCAAGTGGTGGATCTAATTCAAAAGGCAAATCTGAAAGAACGTTATACCAATGCCTTGGCATCTCCTCAGTGCTTAGATAAATAACCCTCATACTCTCTCCCCCTTTTCTTTTTAAAATAAAAAAGCCGGGCTTTTTCAGCCCGGCAATTGTCCACATAAAAGAATTTCAGCACGACAAAGGTGGTGGACAATTGCCCATTTTCCACCACCAAACCTTTTTTTCTGTTTTATTAAAACACACAAATAATTTATCCACCATAAATCTCACCTTCTTTATTTTGATAATTCTAACATATTTTTCGTATAAGTCAATTAAATATTAATCAAAAAAATTTGTAATGTAATACAAAAGGATTGTAAAAAAAGCAGAAAAAGTAGGGGTAACTATCCATGTTAATGCTATCTTGACTATTATCCGTTTATTTACAAGTTTTGAACCTTTCGCAAATCCAGCACCAATTACAGCACCAACTATAGCCTGAGAAACTGAAACGGGAATACCAACAAGTGAATACAGCCAAACCGTTATCGCCTGACCT
NZ_CP007389.1_gap24	767362	772350	4988	TTGTGGGAGATATATTTCCCCTTTTGAATACAGTTCTCCAATGTACTCCATCTTCTTCGAAAGAATATCCTGACTTATTTGAAGAGGAGTATATTCTTCAAGTAATTTCTCTATCTCTCTTTTTAATTCATCTTCTTTTTTGTTTAGTATCATTTCAATCATGGGCTCGTTACGTATTATCTCTTTTTTTTCAAAATCCACTCCTTTTAAAGTAAGGCTACCAAATACAGCATTCATGGTACACTTTTCAGATGTATTCAAAATAGCCGCAGTTAATCCCTTATCAATACAAAGAGCCAAAAATGAACTATTAAGAGCTTCTCTATTTGGCATACCAAAACTTAAATTAGAAAGTCCTATACTTGTATTTATACCCTCTTTTGAAAGAAGTTCGATTGTTTTTATTGTAACAGCTGGATCTTTCTTGGCCCCCAATGGCAAAACCAACGGATCAACAATTACACGCTCTTTTTCTATATCATGTTTTTCTAGATACCTTATAGCTTCAAGTGCTATATCAAATCGCTCCTTTGCACTTTCAGGTATCTTATCCTTCATGGTTAAGAGAATCAAAATTCCACCGTATCTTTTTAAAAGATAAATTGCTTTATCTAAATTTTCCCTTTTTGCAGTTGAAGAGTTTATTATAGGTCTTCCTACATATTCTTTCAATGCCATTTCCATAAACTCAAATTCTTGTATATCCAACGAAAGAGGTAAAGAACTTATCTTATCTAATGTATTAACAACTTGACTAAAATGTGTTTTATCAAGTAATTTTTCTATTCCAAGGTTTAGATCCAATACATGGGCACCTTCTTTTTCTTGTAAAATTGCAAGTTCTACTATCTTGTTGTAATTTCTTTCTCTTATTTTTTGTTGAAACTTTTTCTTTCCTGCAGCATTAATTCTTTCGCCGATTATAAGGAATGGCTTCATTTTTTTTAACTTGGTTCTACTTGAAACAAATTCCTCTTTTACTATCTCTCTTTTCTTAGGCTTTTTTTCTTTCAAAAATTCAACCATCAACCTTATATGCTCAGGTGATGTCCCACAACATCCTCCTACTATATTTGCACCAAATTCAACAAAGTCTTCCATATACAATGCAAATTTTTCAGGAGATGTGTTATATACTATGCTACCATCTCTCAATAGCTTTGGTTTTCCCGCATTTGGCTCTACACTTATAGGCTTTCTTGAATAATTTGAGAGTTGCTTAAAAACGGGTAATAATTTTTCCGGCTCAAGTGTACAATTTATTCCTACAACATCCACATCTAAATCATTCATCAATGTAGAAAAAATTTCCACACTTGTCCCCGTAACAGCTACTCCATCTTCATCAAACGTCATTTGAACAATTATTGGTACATCCTTTGACAAATCTCTCAAGGCCAAAATAGCCGCTTTTAACTCTTTTAAATCAGACATAGTTTCCAAAATAAACCCATCAATCCCAGAATTTAAAAGTATCTCCCCTTGCTCTTTAAACACCTCGTATGCTTCATCAAAAGTTAATTCTCCAAGTGGTGAAATAAGGTATCCCGTTGACGATATATCACCAAGTATATAAACTTTTTTATCCTTTCTGGCCTTCTTCGCTATCTTTACCGCATTGTAATTAATATCCTTTAAATTATATTTCACCTTTAATGAACTTAGTTTCAACCTGTTTGCACTAAAAGTGTTTGTTAAAAGAAAATCTACCCCTGCATCAACATAAGCCTTTTGAAGGGCATAAACCATTTCACTATTTGTAACATTTAAAGTTTCAATTACTTCCTTAAAACCCAATTTAAAAAATTCCGTACCATATGCTCCATCCAAAAAATATATTCTTTCATTTAACAGTTCTAAAAATTCTTTTCTTTCCAAAATTACCACCATCCTACCATACATGTTGTTGTCTTTCTTGGAATCATAACACCGCTTTGCAAAACCTTAATCTCTTTTATTTTCAAGAAGTTTATAATATCTTTATTTTTCCTAATATCCACATCACCATAGCCAGGAGAAAAACGCATAGTTCCTTTTCCCATTTTTTCCCTAAGTTTTTTATCAAAAGAATCATTGAGTTTTTCCAAAGCCTCAGATGCCCAGGCATCTAATATTGCACCTTTAAAAATTTCGCCATTTTCCATGTATTCCTCTATTTTTTCATCTATATCTTTACCAAGAGTGGAAACAAAAATAGTGATTTTTTTTATTCCTTTAAAACTTTTAGGAACGAAATTTGGAATGTCTTTAATTGTATCAAACCATACAATGGGTTTAGAAAGCCTCAAACCTTCCAAATAAATCTCGTTAATTTCTTCGTTTAGATCATTTTCCATACCTTTGTATCTCATACCAGCTCTTGCAAGAAAAATCTTCTTTGATGGCATATACTCGTGCTTTTCAGGAATATAGACCATACTCTCACCTATATATTCTTTAATATTTCTAATACTGGATCTGGCTTACTCATAGTAAATATATGAATTCCAGGTATACCATACTCACGAAGTTTTTCTATCATCTTTATGGTATGCCTTATTCCTACAAAAAATTCTTCTTTTTCTGTTTTTGCCTCTCTCAAATCCTCAAGTAATTTTTCTGGAATGTCTATAAAAAACGTCCCGGGAAGTTTTTTTGCGCTTTTATAGCTTGTTATTGGCTTAATACCAGGAATAATAGGAATTGTTATATTCTCCTTTTTCAATCTTTCAACAAAATCAATGTACTTTTTTTCATCAAAGAACATTTGAGTTATTACAAACTTTGCACCGGCTTCTATCTTTCTTTTAAGATATTTTATATCTTCCGTCATATTAGGAGACTCAAAATGCTTTTCTGGATATCCTGCAACACCTATACAGAAATCCGTTTTTTTTGCATTTTGGTATAGGTACTTTCCCTTGTTCATATTAAAAATCTGCTCAACAAGCTGATATGCATACTCATACTGCCCATCTTTTTTTATTACATTCCTTTTTTTATCACCTCTTACAACAAAAACATTATCTATGCCTATAAAATCAAGGTCAATAAGGAGTTCTTCAAGTTCAAACTTGCTATTCCCAATACAAGTAAGATGTGGAACAACATCTATATCGTACCGCATCTTTAATGCTGCAACTATTCCCATTGTTCCAGGTCTTCTCACTTTTGGAAGTTTCAAAATCCGCCCATCTACCTCATAATACTCCAGTTCAGCAGGATGTTTTGTAACACTTATAAACGCTGGATTAAAAGGTGCTATTTTGTCAACCACCTTATAAATCTCATCTATACTGTGACCTCTAAGTGGTGGAATCACCTCAACTGATACAAAAAAATCCTTTATTTTAGATATCTTCATCTTACCATCCCCTCACTCTGTGTATACCCTTTATAACAACATATCCATCTATAATTACAACTATATCTTGTATTTCTTGAAACTCTTTTTTTAAAATTCTTTTTGCATCGTATACGTTTTTTATATTGTTTGATATAGCAGTTGCGTAGGCGTCTGAAAGAGTTGCATCGTGTGTAACAACAGTAGTCGTATCTGTTTTTCCAAAATTTTTTGAATGACCTATATATCTCGATGAAGTGGCAATACCATATTCTCCAGCAGGAAGTTCTATTTTCAAATTTATCGTATTTGAAACTATTCCAACACTTGTATCAGTTGTAGAAAAAACATATAAATCTCCGCCATTTTCCACAAAAAGTTTTTGTGGAGAAAATGTGTTTAATATAAACCGTCCAACAAACTTCGAAAACGCACCAGCAACAGCTGCCATAGGACCAACACCTGCTTTTTGTGAACAAAGTATCATATCTTTAACTATTTCCGGCTCATCACACTTGATTTTTAATGGCTTTAGCACACCTAAAAACTCTTCATCTACATACTCTTCTATACTCTTTCTTAAATCCACAAGATACTCATAAATCAAAATTGGCAAACCAGGTATCTTTTTATCCATCCCTATCCAAATATCGCTTTCTTTATATTTTACCCTAAACGAAAATAAATTATGTCCCATTAACTCTCTATAATACCTATTCAATTTAGCAACCCCCAAGGAAGTTCTATCCCGATAGGACACACATCACTGCACAAACCACAATCCACACACTTTTCACTGTAAAACCTTACTATATCATCTTCAAGTACTAGTGCATCACAATATCCCGTACAAAGTCCACAATTAACACACGTTTTTTTTACATTGTTTGTATTCGTAGATTTTTTCTTTATCTTTAAGGACTTGTAATCTGACTCTTTTGGAAGAAATGATACGGGTTTTGTTATGTAAAATTTCTTTTCTAATATCTTTTCCTTCAGTTTTTTTGCAATCTTTCTTGAAACACTTAAACTCGTTAGTGGTGCTGTCCTCACAACTTTTTCGTTTATTTCTATTCTACCACTTCTCAACTCTTTAAAACTTACTTCTTTTATAGTAGGTTTTCCAGGTTTCCCATAGTCTTTCAACGTAGTAATTAATTCTTCGTTTGATCTGGTTACAAAATATGCTATTTCTTCAGAAAGTATTGGAATGGGAATTCCAATACCAACAAACATCGTTATTCCATAATTTTTAAACTTTGCCGCTCTAATATATTCCAAACTCATTTCCTTTGCATTTCCAATAACAGCTAAAGTTCTAGAAGGACCTTTGGGAATTATTTCTTTAGATGGATTGTACTGTGTTCCCTGCCAAATAATATATCCTTCTGTTCCTCCAAAAAATATCCTAGTTCCAATGCCTACAGTTTCTAAATTCGGATCATTTAATAGCGGACTTAGTTCTCCTGATGTTGCATAAGTTACATTTCCATAATTTGGGAGCAATTTCCCCATGTATGTATACAAAGTTCTATTTGAACTATTTGTCGCTGCAGAATAATTTTGATATACATTACGTGGATTGAAAAAATAAAACTCATTTATTAATTCCTTATTTACATACCCACTTATCTCCTTTCTCGGATAACAATCTGTCCCCTTTCCT
NZ_CP007389.1_gap25	934072	937658	3586	AGATAGAGATGGTTTTAAGGATGTTTTTGTTGGAACTGATGCATGGCGTCAAGGAAAAAATTTTGGTGGAAGTGTCTATCTATTTAAAGGTGTAAATATTACTTCAGATAATAAACCAAAATTTGTAAGTTTGGAATTAGTTCATGGAAGTTATAGCTTTGAGAATAATCCACCGTATGATTTTGATGCTGGGACAATAGCAGATTTGGATAACGATGGTGTTCCTGATTTTGTTGCGGCAGATGGTAATCATTCAGGAAATTTCTACAAGATAATAACACAAACACAGAAGGAATATGAGTTAGAAAAAGGATACATGGTAAGTGATTATTTGCCAAAGCTTGCTGGAATTTTGCCTAAAGATTTGCCAAACAATTTTGTAAAAAAGATAAAAGTAACGATAAAGTTTGATTTATCTTTAGGAGATGGTTCTTTTGAGATTAGGTATGTGAAAAGTGGTATAAAAGATCCACAATTGATAGATCCAGAAAGCTATCCATTAATGCCAAATGCAAGTGGAACAGTTTTAGATACATTTACTACGGAAATAGAGTTTGATAAACCTGTGCCCGATCCTCAAATAATAATAATTTTAAAGCCTGCAAGTCCGTTTTCTGCACCTCATATAAGTTATTTGAAATACGAAATAGAAACACAACCTTCTCAAGTGATTATAAAGGGTTTTAATTGGCAAAAAGGGGATAAATAATATGAAGAAAGGTTCGCTTTTGGTCGAAGTTCTTATTACACTAACAATAATAGTTTTTGCATTTAGTATAGCTTTTGTACCTTCTTGGAATTTGGTAAAAAAAACCAAAGAAAACTCTCAGCTTATTAAGATGTCTGAAATTTTGTTAAACAAATGCGAAGAATATTCATATCAGAACGTTTCATCTATAATTCCTGGTACTTTTAATGAGTATTATGATGGTGAAAACTATAAAATAGTGATTTCTAAAAATAGTACAAAAACACAGGAAAATTTTAACGTTTACTCAGGTTACGATGAAATAATTTATCCAGTTATAACAATTGTTAGTGTTCGTGTGGAAAAAGATGGAAAATATATTGAAGCACAGGTGGTGCCTCAACAATGGTAAAAACTGGATTTACATTATTGGAGATATTAATTGTACTGGTTATACTTTCGGTTTTATTCGGTATAGGTTATGTAAGTTTTGAAACTGTATACAGAAATATTTCTACCGAATCTAGGCTTTCAGGAATTTCTCAGAATTTGTTCTTTTTTCTTGTTGAGGCAAGAAGAGGAGCAGTATTAAAGGATACAATTTATTGTATAAAGTTTAATGGTGGTAAATTTTATTCTTTTGTTGACGAAGATTTAGATGGAAATTCGGATAATGGAAAAAAATCCGAGATTTCATTGGAAGAATCGATGGAAGTATATGTTAATGGAAATAAAGTGGAAAATTTTGAGATATATACTTACGATGCATTTTTTTTGAAAAAGAGTGGAAATACGTTGATAACGGAGTATTCTAATTTAGAGATTGAGATAAAGTATAAAGACAGAACAAAGGTTATAAAAATAGAAAATTCCTTGCCAAAGATTTTGGAGTGATAGTATGAAAAAAGGTTTTACATTTGTAGAATTACTTGTATCGCTAATAATAATTGGGTTGACGTTTCAAATAGTTGTTTCTGTTGTTTTTAATTCTGTTGAATCATATAAGCTTTCAAGGGTAAATATGCAGAATTTGTATGCGGAAAGTTATGTTACTCTTTTGTACGATATATTGGAAAATGAATTGCGATATGCAGGAAGTGGAGGTGAACTTTTAAAGAATTTATATTTACCTAAATATACAATAGATGACGAAGAAAGCTATATGCCGAAGGGAGGAAAATATACGGAGGTAACAGATGTCCTCTGGTTGGCGGATTCCATTGATATTAACGAAGATAGTACCTCTTTAGTATTATATATTACTTATGTGGTAACTTATAAAAACTTTTTTGTAAGAAATACAGATGGTACTTATTCTCCATTATATAAAGGATATGTGGGAAATTTTGGCTGGACTATTATTAAAAATAAATTATCTTCTTCTGCAGAAGGATATTTTACAAGATTTGCCAAACTAAAGGTTGAAAAAATTTCAGGTCCAGATGAATTTCCTGGAGAAATTGGGCCAGAGGATACATTTAAAATAGATGAGATAAATCTTGCAAATCAATTAAAAACATTGCCTTTATCTGATGAAGATAAGTATATTTATCCTTTGTCAAAAAATAGTATAGATTCTGTGGAGTATGCAACAAGTTTATTTAGGCAAACTAAAGTAGTTTTTGAAAAAGAAATGGGGAAGATATATATTGAAAGATTTTTTCCAGTCTTAGATTTATCTCAAAAACATTACAGACAAGATATTCTTGAAAATGTAAAGGATTTTGAGGTATATGCATTATATTATCCCAATGGTGAGAAAAAATTATCTGAAATAAAAAATATGAGTTTTGATTTAAGTTCCATATATGCGTTGAAATTTGCAGTTACGTGGAGATCCCCTTGGGATGATTTTGAGATAAAAAAGACGAGAATAATTACATTGATACCGAATTTGTGAGGTTGAAGATTATGAAAAAAGGATTTTTAAATATTTCAATTGGAATTATATTGATATTTTTTTCTGTTATTTCTTCTGTTTTGTTGTCTTATCTGTTAAAAGATGCGCTCCATATCCAAGAAAAGGTGTTGGAAACTGTTGATAATACATATACGAAAATAATGTTTATCTCTGGAGCTAATGTTTGGAAAAAATTTTTAACCGATAATGCGGCATTTTGGGATTATATCCAGTCAGAATCAGATTTTCAAAAAAACACAACATTTACTTGGAATGCAAAATTTAAATACAATCTCAACACCTATAGAGAGATTAATTACACATTGCTTTCCACAACTACCGTATACATTTATGTGGATAAATACATTAACGTAATTTTTGGATTGAAAAAAGATGGTAAAGGTATTTTACAAGGTGTATCATTTGATTTTGGTTGGCCTGGTATTTAGATATATTTTTTTAATTTGTTTTTAAGGAGCTCTGGACTTTTTAAATGTATTGTTTTAAATCCCAACCTTTTTCCAGTGGATATATTCTCTATTTTGTCATCTATATAGAGGCTTTCCTCAGGAATTATGTTGTATGTTTTGATAAGTATTTTATATATTTTTTCCTCTGGTTTAATGGAATTTACATAACTTGAAATGACTATTCCGTTAAATAATTCGAAGAATTTGTATTTTTCTTTTACCATCTTAAATGAATTTTTACTAAAATTTGAAAGTACGTAGAGTTTGTATTTCTTTTTAAGTTCGTAGAGTATATTTACATTTTCTTCTATTGGTGTAAGAAGATCAATGACTTTGTTTTTCATATGCTCAATTTCTTCTTTATATTGGGGGAATGTGGATAATTTTTTCTTCCATAACTCTTCTTCATCTATTAAACCTTTGTCCATTAAGTTCCAATCGTTTGTGTTAAAGATATTGTTCATAAAGAATGTTACGGTATCTTTGTCAAACACTTTTTCCATGTATTTTTTGGGGGCCCAATTTATA
NZ_CP007389.1_gap26	977342	980269	2927	AGCTTTTTGAAATTGCCCTTGCTAACATGGTTTTTCCCACACCGGGAACGTCTTCTAATAAAACATGCCCCCCTGAGAAAAGAGCTGAAATAATTATTTTTATTTGATTTTCTTTTCCTTTTATTACATTTGATATATTTTTCACAATTTTGTTTGAAAATTCCAACATTATCCCCCCTTTCAACATAATAGGAAGCAGCATTTGCTGCTTCCTAAACTGCCTGGTCGATTTTTTTACCACTGTAAAGTGCCCCAGCTATACGCACCAGTTTCAAGTTCATGTTATTTTGTTGATAGGTCATAAAGCTCAGTAATTGTGCCATCTGCTCTTTTGTCATTATTGGGGTTTTTTGTTGGGAAACTGTTTTAGCAACTATCCGAGGAGTATATGATATATTACTAACTCCTGATATTCTCAAATTATCACCTCCTCAAGTTAATTATCGGAAATTATTCTTGAGAGTAAACTCCAGAGAAAATTATTCCAAGTCCTATGGAAAAAGATAATATAGAACTTCCCCCATAACTTACAAATGGTAGAGTTATTCCTGTTACTGGAAAGATATGACTTACCACTCCCATGTTTATAACTACATGAAATAACATTAATGTAGCGTATCCCCATATAAAATATCTCAAAAATTCATTATTAATTTCATCACTGATCTTTATAAGGCTACTAACAATGAATAAGTAACTGGATATAATAATTAGTATTCCAAAAAACCCCAGATTTTCACCTATAGTAGCAAGGATAAAATCCGATTCGGATTGAGGCACTAGGAAGTAGTATTTTCCAAGGGTTGGACCTGCACCTAATATTCCTCCATTTCCAATAGCTTCGTATGCTTTCTCTAATTGCCAATGCATTTCATTAGATAGGAAATCGTTTATTCTCTTTAATTGGTAATCATGAATTAATCCCACTTCTTTTGAGATAAATAACAATACGATTAGCAAAAAAGATAAAAAGATAATTTGAAACATCTTTACTCCACCAAAATACAAGAGAGTTATTGCAACTAAAACTATTAACATAGTAGTACTGAAATCTGGTTCAATAAATATTAAAAACAGTATCGGGCTGATTAGAATGAGAGGTTTTAATAATCCATACCAAATATGTTTCATTTTTTCTTTGTTATCTTTTATGTATAATGATAAAAAGTAAATTATGTATACTTTTGCAATTTCAGATGGTTGAAAGGTAAATGGAAAGTTTTCTATTTTAATCCATCTGTTTGCACCATTTCTTTCGTAAGAAAAAGGTCCCACTAGTGCTAACAGTAATAGGATGACTACTAAACCGTACAACCACCATAAAGTTTTTTTATTTTCTAGAAGTTCTATATTTAAAAAAAACGCCAAAAAACTTGAAACTATTATTCCCATGAGTATATAAACTATATATTTTCTAAAAAAGTGTTTTGTGCCAAGGTCGTAATAATCTCTTGCAAAGTCTATTGAATATAAGGCTACAGAGGCTATTATAAAAAGTGCAAAAATAGCTGTAAATAGAATCAAAGTGCTATATCTCATAAAATTCCTCCCAAAGCATTAAAAGCTCTGAAAAAAACATTGAAGAAAAATCCATACCTTTTTCGCTTAATCTGGTACCATCAAAAAATGTAAATTTTCTTTTTAAAGTATTTAAGATGTTTTCAATTTCAAAGTTAATATGCACCAATTTTTTATCTATTCCCCATTTTGTTCTGAGCATCATAAATATAGTTTCAAGTATTTCTTTTTCTTTTGTATTTTTCGACTGATATCCATAAGGAAATTTTCCATTTTTTAATTTTAAAAAGTAACTTTTGAAATCCGAAACGTTGTTGTATCTAAAATTATCAAAGTGTCCACCTGCTGATAGGCCAACACCTATATATTCTCTATTTGCCCAGTAAACCAGATTGTGTTTGCTATAGTTTTCGTTTAGCGCGAAATTTGATATTTCATATCTTTCATAGCCTTCTGTCTTTAAAAAGTCTAATAAAGCATCATGTCTTTCAAATGATTCATCTGGTATTTTTTTCATAATTTTTGATAGAAAAGTTCCTTCATGAATTTCGAGTAGGTAAACAGAGATATGCTTTGGATGTTCAAGCCTTATAAAATCAACAATTTTTTCAATACTTTTCCAAGATTCACCGGGTAGTCCTATTATAAAATCTACATTTATGTTATTAAATATTCCTTTTGCAATTTCATAAGCTTTGTATGCTTGATAGCTGTTATGTGTTCTACCAGCTCTCTTTAATACTGTATCATCAAGAGATTGTATTCCCAAGCTAATTCTATTAGTGCCTAAACTTTTATAAAAATATGCTTTTTCGCTATCAAAAGAATCTGGATTTACTTCTATTGTAAACTCCTCGAGTTGTAAGTATTTATTTAAAAACATTACCAGTTTCTCTATATAATGTTCGTTAATATAACTTGGTGTTCCTCCACCAATATACAATGTTTTTATGCCCTTTTCTAGATATTTTTCATATAGTTTTAGTTCAGTTATTAAAGCTTCTATGTAGTTTTCTACACTACCTTCTGTATAACTTACAAAATCGCAATAATAACACTTTTTTTTGCAGAAAGGTATGTGTATATATAATGAAATTTTGTTTAAATTACCAATTAAATCTGAAAGATATTTTTCCATCCCAAATTGTAATTTCTCCTTTCAAAGGAAATGTTATATATATTCCCGCAAAGTAATTTATACCAAATACGTTGTTCGTTGAAGAGTATATATATCCATATCCAAAACATTTTAATTTTTCAAAATTAAAGTGTTTTCTAATACCAATATTTAGATATATTTCGTTGAAATTTGAACCTAAACCTCCTAGGATTCCTTGTTCTAGAGAATTATCAAGTGGGTAAAAATATCCTAGAAAATATATTCCGTTTAAACTCAAAAAATAACCTGA
NZ_CP007389.1_gap27	1003503	1004215	712	AACTAGGTGTAGATAAAAATATTGTGACAAAGGAGTATTTATTTGATTCAACGGATATAAAAGTTGCAGAAAGAAGGACGTTAAACGAATTAAATAGAAAGTATACCATAGAGGGGTTTAGGAAAGGTAAAGTCCCTCTTAATGTTTTTAAAATGAGGTTTGGAAGAGATTTCTATGATTATTTTGTATTTGAACAATTGGTGGATCAAGTTTACAAATCTTTCAAGGATGAATCAAATCTTTTGCTTATTCCTGAGATTGTAGAAAAAGAGGTAACAGAAGATAAAGGAAGAATAGTAGTTAACTTTCATAAAAAGCCGGTTGCAAAGGTAAATGTTGAAAGCATAAAAGTAAGAGTTGCAAATAAAGGCCAGGTTTTAAGCAATTATCTTGACTTAAGATTAAAATCTTTGCAGGAAGAACATGCTATTTTGGATCCTAAAGATGGGCAAGCTGAATACGAAGACCTTGTTAGGGTAAAAGTTTATATTACCAATAAAGATTCCGGAAAAGTATTAATTGACGGTAAGGAAGACGAGTACGTTCTTTATAAAGAAGATGAAAGGCCAACGGTACAAAATGTTATTGGACATAAAAAAGGCGATGTTGTGGAATTTGATAAGGAATTTACGGGAAAAGATGGAGAGAAAGTTGTCTATCATTACAAATTGGAAATCTTGGAAGTATACAAAAGAAATCTTCCGGAAATCAC
NZ_CP007389.1_gap28	1005597	1006621	1024	GAAAGAGCAAGAGCAGCAAATATGCCGAAAGATACAATTGAAAAATCCATAAAGAAAGGAACAGGGGAGTTAGAAGGTGTAGATTATCAAGAAATAATTTATGAAGCATATGCTCCAGCAGGTGTAGCTTTATACATATACGCAATGACAGATAACAAAAACAGAACAGCACAAGAATTAAGACATTTATTGAGTAAACATGGTGGCTCTCTTGCAGAGAGCGGTTCAGTTGCATGGTTATTTGAGAGAAAAGGGATCATTGAAATTCCCAAAGATAAGGTTGCAGATTTTGAGGAATTTGCAATGGTTGCAATTGATGCAGGTGCTGAAGACATTATAGAAGACGATCCTATCCAAGTTGTTACCGCTCCTGAAAAATTAACTGAAGTGAAAGATAATTTGGCAAGCAATGGATTTGAAGGCGAAGCAAAAGTAACATTTATTCCAAAGAATACGGTAAAGGTAACAGGTGCAGATGCAGAGAAAGTTTTAAAGTTAATTAGCGTATTGGAAGATAACGATGATGTACAAGAAGTTTATGCAAACTTCGATATTGATGACAAAGAAATGGAAGAAATAATGGCAAAGCTTGAAGGATAAAATGAAGAAAGTTGTTTTATTCTTTTCTTTGTTTCCAATATTGTGTTTTACGCATATAATTACTTATTGGGTAGATCCCATTAATTTTTCTTATGGTTTTTACATTGATCAAAATATTGAGTTTTGGAAAATTAAAGCCCTGCTTCATTATGATTTAAAAGTTAATTGGGAGCAGGGCTTTCCTGTAGTTTTACCAAAAGAACCTGATATATTCTTTTATCTATTCTCAGAATATTATTCAGTAGAGTATGGATATTTTCATAGAGATATTCCGTTTTCGGTAAGTGTAAACCCTTATGAAATAGGATTAAACGTTAGATATGGTTTTGCTGGTTTTTATAACGATCTAAATTATTTTTCTGGAAATGTTGTAGATTTAATGTTTAAAGAGAATTTTATTAATATAGGTGTAAAATACAAGTTT
NZ_CP007389.1_gap29	1072882	1077816	4934	CTTCCCATTATCGTTGTTTCTTGTGATACGATGTTTCTTGCGTTTCCACCTGCAATTTTTCCAAATGCCACTAACGAATCTTCAAATTTTAGCGAGTAAAATTCGTTTAAAAAATTACTTGCCATTTTTATTGAATCAATGCCGTTTTCATAGAAAGCCACATGAGAAGCTTTTCCGTAAAATGTTACATCAATTTCTGTTGCTGCGGCAAATAATGTTCCTTTTGTTGTTGATATTGTTTTAAAGTCGTATTCGTCAGTTACATGTAGCGCAATTGCATATTTTACCGGAAGTTCTTCTATTTCATCTAGTACATACCTTGCACCTGCTCCTGTTTCTTCTCCGGGCTGGAATACAAATGCAAAGTTTTGATCTATGTTATTTTCCGTTATTTTTTTTATTAAATCGTATGCTATTGACATATGGATATCGTGGCCACATGCATGCATATTTGAATTTTTCGATGCATACTTCCAATCTGTTTTTTCTTCAATGGGTAGTCCATCTATATCTGCTCTGTAGATTATAAATGGCTTACCTTTTTTAGGTTCATAGATTGCAATAACGCCAGTTCCAGCAATTTTGTAAATTTTTAAATTATTGTTGTTTAAGGATTTTAAGGCGTTTAATAAGATTTTTTGTGTTTCAAATTCCCTAAATGAGATTTCTGGATTTTGGTGTAAAATGTGTCTTAATTCTATTGCTTCCATTTGCTCACCTCCTTATTTCGTTTTAATGATAGCATATGTATGTTATAATTATTATTGAATTTCGTTTCATATTGGTTAATTTTGGAGGTGTTTTAATGGACGTAAAAAAACTTTTAGATGATGCAACGGGTGAAATTTCTTCGGCAAATGATATAGCAATTTTAAATCAAATAAGGGTGAAATACTTAGGGAAAAAAGGTGTAATTACTTTAATGATGAAAAAATTAAAAGAATTACCGAAAGAAGAAAGACCAAAATTTGGAGCAGTTGTTAATGAAGTAAGAAATAAACTCGAAGAATTATTGTCGGAAAAACTAGAAGAGTTAAAACAAAAAGAAAAGGTTGAAAGATATGAAAAAATTAGAGTGGATGTTTCGCTACCTGGTGCAAAAAGAGACAAAGGACATTTACATATATTAACCAAAATTCAAAGAGAACTTGAAGATATATTCATATCTATGGGTTTTGAAGTTGTTGAAGGTCCAGAAGTGGAGGATACTTGGCATAATTTTGATGCACTAAATACCCCAGAATGGCATCCTGCAAGGGATACGCAGGATTCTTTTTACTTTGATGAAAATACGTTACTTAGAACGCATACTTCTCCTATCCAGATTAGGACAATGCTTGAAAAAAAGCCACCACTTGCTATAATATCACCGGGTAGGGTTTTTAGAAGGGATTATGACTCTACACACCTTCCCATGTTTACCCAAATGGAAGGGTTATACGTTGATAAGGATGTAACTGTGAGACATTTAAAATACACATTGGAAGAGATGGCAAGAAAGATATTTGGAGAATCAGCCAAGGTAAGGTTAAAACCAAGTTATTTCCCATTTACAGAGCCTAGTTATGAGGTAGATGTATGGTTTAACGGAAGTTGGCTTGAAATTTTGGGAGCCGGGATGGTGGATCCAAATGTTTTCAAAAATGTAGGTTATGATCCAGAGGAGTGGTCTGGTTTCGCCTTTGGATTGGGATTGGAAAGAATTGCAATGGTAAAATATGGAATAAGGGATATAAGGGATTTTGTTAGAAATGATGTGAGGTTTTTGGAGAATTACTAATATGATGGGATTTTTGAATTTGTATAAGCCAAAGGGTGTAACATCTCACGATGTGGTTGATGAAGTAAGAAGAAAACTAAATATAAGAAGAGTTGGGCATGCTGGAACACTTGACCCCTTTGCAGAAGGGGTTTTGGTTGTAGGTGTTGGAAGTACTACAAGACTTTTAGAATATTTACAAGTTGAAAGAAAAAGATACTATGTGAAAGCTTTGTTGGGGGTTATTACTGAAACATTTGATATTACTGGAGAAATAGTTGAAGAAAGGGAATGTAATATCCCAGATGAAAGGATTATTGATGTCGTAAAGTCTTTTGTGGGAAAGTACAAACAAGTTCCCCCTGCTTACTCTGCAAAAAAATACAAAGGAGAAAGACTTTACAAGCTGGCAAGAGAGGGAAAGATTATTTCACTTCCACCAGTTGATGTTGAGATTTATGGTATAGATAAAATAATTGTAAAAAAGCCACATTTTTCGTTTGAAGTAGAAGTGTCTAAGGGTACGTATATTAGAAGTTTGTGTATGGATATAGGATATAAGCTTGGGTGTGGTGCAACGGCAAAAGAATTAAAGCGATTGTCTGTTGGTACATTCGATATACGCGATGCTATAAATCCATTTGAAGTGGGAAGGGAAAAATTGCTTGAAAGTTTAATAGATGTTCAAAAGGTTTTACCATTACCAAAGGTTGAGATATATAAAGATTTTGTTGAGAATATATATAACGGGAATCAACCTACCCTTGATTTTGTAAAGGAAATGGTGGATTCTTTTTCAAAAGATGATGATGTAATGCTGATTTGCAATGGTCAATTGGTTGCCATTGCAAAGGCGGAAAGAAATTCTAAATTTTTAGAAAAGAATTTACCAAGAGGGCGGATTTTTAAATTAAAAAAAGTATTTAAAGAAATATGAAAGGAGGTGTGCCCGTTACCAAAAAGGTAGCGGGAAAGACTTGAAGATAGGAATAATAGGGTTACCACAATCTGGAAAAACAACAATTTTTTCTTTGTTAACTGGTATTGAAGTAGATCCATACGCTCCCATACACCAAAAGGGAGTTGCAAAAGTTCACGATAAAAGGGTTGATGTGCTTTCAAAGATGTACAACCCCAAAAAGACGACGTATGCAACCTTGGAGTTTTACGATACACCTTCACTAGATCCTTCAGATAAAAAGTCTAGAACACAAGTTTTTAATATGGTGCAAAATGCCGATGCACTACTTTTAGTTTTAAGGGCGTTTGAAAATGAAAGTGTGGTGTTTCCTGAAAATGCTGAAAATGCTTTTAAACAATTAAGAAGTGCTTTGGATGAATTTATTTTTAGGGATTTGGAAGTTGTTTCTAACAGAATAGATAGGCTTGAAAATGCAAAGAGAAAATTGGATAACAGAGAAGAGATGGAGTTAAAGCTTTTAAGGGGATTGAGAGAAGTTCTTGAAAATGAGGAGTTTTTATCAAAATATGATTTAACTGAAGATCAGAAAAAGCTGATTTCAAGTTATTCCCTTGTTACTTTAAAGCCATTAATAGTTGCGGTAAATTTGGATGAAAAGCAGTTTACAAACAAAAGTTATCCAGAAAAAGAAAAGGTTTTGTCTCAAGTTAAGGCCTACAATTTCGCGTATATAGAGCTTTGCGGTTTAATGGAAAAGGAAATTCAAGAACTTGCCGAGGAAGAAAGAGAGGAGTTTTTGAAAGATTTAGGTGTTGAGGAAAGCGGTATAGAAAGACTTTCTAGAGTAGTTTATAATCAACTTGGATTAATTTCATTCTTTACCGTTGGCCCAGATGAGGTACGTGCTTGGACTTTGAAAAAAGGTAGTACTGCAGTAGAAGCAGCTGGTGTAATCCATTCAGATCTTGCTAGGGGATTTATAAAGGCTGAGGTAATAAAGTATGAAGATTTAATAAATTTGGGAAGTGAAAAGGAAGTAAAGGAAAAAGGTTTGATGAAGTTGGTGGGGAAGGACCATATTATTGAAGATGGTGATATAATTACCATAAGATTTAACGTTTAGGGGTGAAATATATGAGAGAAGTTGTAAAGATATCAAATAACTTGTTCATACCCAGAAATAGGATAATTGCAATATTGCCTGTATCATCTACAGTTGCAAGAAAATTACGTGGTATGAACAAAGTTGGTGGGAAAATTGTGAATATGACATTTGGTGGTGAATCAAAGACTATATTGATAATGGATAGTGGCCATGTTTTTGTGCTTTCTAAAACGTTAGAAGAGGTTGATGAGGCTTTGTGGAGTTAATAAAGAGGATTTTATTCAGATATACTCAAACTAATAGGTACAGTATTACTGCACTTGTTGCATCTATTTATGCATATAGAAAAGACATAGAAATGTATGAAATAAGGAGATTTGATAATATTTTTGGTTTTTCGAAAAAGGGGACGGTAGTCCTCTATTCTTTCATGAGTTTTGATCTAGCAAATGTAACCGAGGAATTAAAAGTTTTAAAGGAGAAAGGGTACCTTACTATTGCTGGTGGGCCTCACGCAACGGCAAATCCAAATCAACTTTTAAAATTGGGATTTGATTATGTTTTTACAGGAGATGGTGAGAGAAATATAAGGGATTTTTTAGATGGGAAAATTCCCGAAAGTAGAATTTTTGATGGGGTAACAAAAAGGGTGGATCTTTCAAAATTCCCGCCTTTTTGTCCTGAAAAAAATTTGTTTATGCCTATAGAGATAACAAGGGGTTGCCCTTTTTCTTGTGGATATTGTCAAACTCCAAGACTTGCGGGGAAATTAATTAGACATCGTCCCGTTGAGCAGATAGTTGAATATACAAAAATAGGTGTACAAAAAGGTAGAAAGATTGCTAGGTTTATTTCTCCCAATTCGTTTGGCTATGGTAGTAAGAATGGAGTTATACCTAATGTGGAGGTTGTGGAGAATCTTTTGTATTCTTTGAAAGGGGTTGGTGTTGAGGAGATATATTTTGGCACCTTTCCATCTGATGTAAGACCCGAGAGCGTAAATCGAGAGATTTTAAGGGTTATTAAAAAGTATGTGAATAACAGATATATTGTTATCGGAGCACAAAGTGGAAGCGAGAGAGTTTTAAAGAAAATCAATAGAGGGCATAATCTTGAGGAAATTGAGAGGGCTCTTTCTCTATTAGTTG
NZ_CP007389.1_gap30	1215338	1217779	2441	TTTTATCACTTATTTCTATTTTTTTTCCAAAGGAAGAAATTTCATGATATTCACGCCCTCTTTTTATTAAAAAAGCTCCCGAATCTATTTCTGAAAATTCCTTTGAAATATACGATAAGGCCCTAACTGAAAAATCATTGTTTTCGTTAGTAAGCTGGCTTGTAAAATCATATACTATGTCTTTTAAATTTACCTTTTTGTATTTCTTGGAATTTAAAAATAGTATTGTGATTATTATTGAGTATATTGATAAAAAAAATACTAAAACTCCCAAGATTTCTCCCCCTTACTACTAAAATTGTACTTTTAAAAAAATATTTTACAATGCAAACAAATAAAACATTTGGGAACAAATTAATCAAAGTTTTATTACAAAATAATTAAGATAATTGTTTCAACTTCGAATAATTTGAAATAAAAATGTTTTTTTGCTAATTCAATCAAAAAAACAATAAAAAATATAAAAAATTTGACAAAGTCTAAAATTAGATATATAATAATATTGGACGTGATAAGGAGGAATGGTATGGAAAATTATGCAAAAATTTTAAAAACTCATGGAATTAGACCTACTATACATAGAGTTCAAATTTTGAAGTTTATTGTTGAGAGTAAATCTCATCCATCGGCAGATGAGATTTATGAAAAGCTAAAGGATAAGATACACGCTATTTCAAGATCTACTGTATATAACACAGTTAGTTTGTTGAAAGAAAAAGGAGTTATAGAGGAAGTTGTAACCCCTTCTTCGATAAGGTATGATTACAGTCTAGTGCCTCATAACCATTTTTATTGTATTAAATGCAAAAAGGTTTATGATATATACGGGGCACTTGGTGCGTTGCCGAAAATAACCGAAGTAGATGGACATTTAGTAAAAAATATTCAATATTGTTTGTACGGAATTTGTAAAAATTGTTTAAATGGAGGTGAGTAGCATGGGTTTACCACTTATTGGTGAGAAGGTTCCAGAATTTGAGGCAGTTACAACGAAAGGAGTAATTAAATTTCCAGATGATTTTAAAGGAAAATGGGTAGTGTTGTTTAGTCATCCTGCAGATTTTACTCCCGTTTGTACAACTGAGTTTTATGCATTTCAAAAAAGGTATGATGAATTTCAAGAGTTGAACACAGAGCTTGTAGGGTTAAGTATTGATCAGGTTTTTTCACATATTAAATGGGTTGAATGGATTAAAGAGAAACTTGGATTAGAGATAAAATTTCCGGTTATTGCAGATGATAGGGGAAAGATAGCAGAAATGTTGGGAATGATTCATCCTGCAAAGGGAACAAATACTGTAAGAGCAGTGTTTATAATTGATCCTAAAGGAATTTTAAGAGCGATATTGTATTATCCTCAAGAACTTGGAAGAAATATGGATGAGATTTTGAGAATGGTTAGAGGACTTCAAACAGTAGATGAAAATGGAGTAGCTTTACCTGCAAATTGGCCAAATAATGAGTTGGTTAAAGATGAGGCGATTGTTCCACCTGCAAATAATGTTAAAGATGCAGAAAAGAGACTAAAAGAATACGAATGTTATGATTGGTGGTTCTGTCATAAAAAATTAAAATGATTTGTGATAAGGTAAATTGTGGAGGTGATTGATATGAAAAGATATGTATGTACGGTATGTGGATATATATACGATCCAGAAGTTGGAGATCCTGATAATGGTATAGAACCAGGGACGCCGTTTGAAAAATTACCTGAGGATTGGGTATGTCCAGTTTGTGGAGTAGGAAAAGATCAATTTGAGGAGGAGTAAAATGGTACGTAAAATAAGTGAAGGTGTATATTTTGTGGGAGTAATAGATTGGGATAGGGAGTTATTTGATGAGTTGATTCCTCTTCCAAATGGTACGACGTATAACGCATATATAATAAAAGGAGAAAAAGTGGCATTAATCGATACTGTAGATCCGGATAAAGAAGAAGAATTTTACAGAAATCTAAAAAAGTTAAATATTGAAAAAATCGATTATGTTATATCCAACCATGCTGAGCAAGATCATTCTGGATTAATAAAGGAAGTAGTGGAGAAATTTGGTGCAAAAGTTGTTACAAATAGAAAATGTGCAGAACTATTAAAGGATCATTTGCATATAGAAGAAAATGATGTGATAGAAATCTCAGAAGGTGACGAATTGGATTTAGGCGGGAAAACGTTAAAGTTTTACATGGCACCTTGGGTACATTGGCCAGAGACAATGGTTACCTACTTGAAAGAGGATAAAATACTTTTTAGTTGTGATTTTTTTGGGTCACATTATGCAACAAGTGAGATAGTAAAAGAGGTAAAAGACGTATTAAATGAAGCAAAAAGATATTATGCTGAAATAATGATGCCTTTTAGAAAACAGGTTATGAAAAATATAGAAAAAGTAGAAACCTTGGAAATAGAAAAAATAGCACCAAGTCATGGTCCTATATACAAAGA
NZ_CP007389.1_gap31	1219040	1220233	1193	AGGACCTGGAACATTAGTATGTTGTGGAGAGCCTATGAAATTATTAGAAGAAAAGACAGCAGATTCATCTCAAGAAAAACATGTTCCATTTATTGAAGAAATAGAGAATGGTTATAGAATAAGAGTAGGAGCAAATGCAATGCATCCAATGGAAGAAAAGCATTACATTGAATGGATAGAGTTGACAGTAGACGGAGCGGTGTACAAAAAGTTTTTAAACCCAGGGGAAAAACCTGAAGCTGTTTTTGAAGTAAAGAAAGGAACTAAAGTTTCGGCAAGGGAATATTGTAATATACATGGACTTTGGAAAAAATAGAATAAGGTAATTTTTGAGAATCCCCTACCAATTGGTAGGGGATTCGTTTTATATAGTAATCAAGCACTGTGTATCTTAGTTAATTTATGGCTTTGAATAATAATTTTTTACGACACATTTTTTTAATGGAATAATATTGAATATAAATTATGGAAAATTGCTAGTTTATTAAGATAGAAAGATTTGTAAAATAATAGTATTGACAAATTATCAATATTAATATATAATCTATTACAGAAATGGAGGTGGTAAAATGCCATTCGGTAGAGGTTTTTTTGGAAGAGGATATGGTTATGGCAGAGGATATGGATATGGTAGAGGTTTTGGTTATGGTAGAGGGTTTGGAAGAGGATATGGTTTTGAACAATATGATGAGAGGTTTCTTCTTGAAGAGGAAAGAGATATGCTTTTAGAATATGTAGATTATTTGAAGAGTGAGATTTCGTACGCTGAAAGAAGATTAAAAGAACTTGATAAAATGCTTCAAGGAGGTGAATGATATGCCAGGTTTTGATGGAACAGGACCATTGGGTACAGGACCTATAGGATATAGAAGAGGATATTGCAGGTTTGGAAGAGGAGATTATGGGTGGTTTGATCCTTATTTACCGGATTATGGTAGAAGAGCTTTTGGATTGTTCAGAGGATATGGAAGAGGCTTTGGCAGAGGCTTCGGCAGAGGACATGGCAGAGGTTTTGGTAGAGGCGGATATGGCAGAGGTTTCGGTGGAGGATATGGAAGAGGCTTTGGCAGAAGATACAATTGGTAACCCCCAGTTTCTGGGGGTTATTTGTTATCATTTAAATTATCCCACAAAATTTTTATTTCTTCTTCATATTTTTTAAAGATTTCTAGTATTTTTGGATTGAAATCATT
NZ_CP007389.1_gap32	1272702	1274883	2181	CCGATAACTGTAGTTGCACCCTTTTCAGTTTCAGCGGCTATTGAAATAGCTACTTCTTTTGTTCCAGTTTCAAAGTCTTCTATTTCAAATACACCCATAGGTCCATTCCAAACTATGGTTTTTGCCCCGGATATTTTTTCTTTGAAAAGTTTGATTGATTCTGGCCCTATATCAAGTCCCATCCAACCTTCTGGTATGCCATCATTAATTCTAAATGTTTTTGTTTCAACACCACTTTCAATTTTTTGAGCACATACTGCATCTACTGGAAGAACAAACTCCACGCCTTTTTCCTTTGCTTCTTCTAATATTCTCTTTGCAAGGTCTAACTTGTCTTCTTCTACTAATGATGAACCAACATTTTTACCAAGTGCTTTTAGAAATGTAAACATCATAGCACCACCAATAAGTATTTTATCTGCTTTATTTAGTAAATTTGTAATTACTCCTATCTTGTCGGAAACCTTTGCCCCACCTAATATAACAACATATGGTTTTTCAGGATTTAAAGTGGCTTTTGAAAGAAATTTTATTTCTTTTTCCATTAAAAACCCAGCTACACTGGGGATGTATTGGGATATTCCTACATTACTTGCATGAGCTCTATGAGCTGTACCGAATGCATCGTTTACGTGAATGTCTGCAAGATCGGCCCATTTTTTTGCAAGTTCAGGATCGTTTTTTGTTTCTCCCTTATCAAACCTCGTATTTTCTAAAAGAATTACATCTCCAGGTTTTGCATTGTCAATGGCCATTTTAACTTCTTCACCATATAGTTCTGGGACAAATGTAACTTGTTTACCTAAAAGTTCACTTAATCTTTCGGAAACTGGTTTTAATGAAAATTCAGGTTTTCTTTCACCTTTTGGCCTTCCTAAGTGAGAGAGAAGTATTACAACAGCATTATTTTCAATTGCGTATTTTATAGTAGGGAGAGCTTCAACAATTCTTGTATCATCTGTAATTTTTCCATCTTTTAATGGCACGTTAAAATCAACTCTCATGATAACCTTTTTATTTTTTATATCTATGTCTCTAATCGTTAATTTTTCCATGTAATTTCCCTCCTTTTTAATAATGGGGGCAAAAAAGCCCCCATTAATTTTTTTTATTTATGAAATGTTATAACATCTTTTCGACAAGTTCAAGAGTATCTACAACTCTGCATGTGTAACCATATTCATTATCATACCAGGAGAAGATGTTTACTAAGTTACCATTCATAACTTTCGTAAGTGTGGCATCAAAGATTCCGGCATATGTTGTTCCCACAATGTCACCACTTACAATTGGTTCTGTGTTGTAACCTATTATTCCTTTTAGTCTTCCTTCAGTTGCTTTCTTTACTACTTCGTTTACTTCTTCAGCTGTAGTTGCTTTTTCAACAATTACACTTAGATTTGTTAAAGAACCGTCTGGAGTTGGCACCCTTATTGCCATACCATCTAATTTTCCTTTCAATTCTGGGACAACCAATGCGACAGCTTTCGCAGCACCCGTTGTTGTTGGTATTATATTTACAGCTGCAGCCCTTGCTCTTCTCAAATCCTTATGTGGAAGGTCAAGGATTCTTTGGTCATTTGTATATGAGTGAACGGTTATTAAATGACCTGTTATTATTTTAAATTCATCGTTAATCACTTTTGCAATGGATGCTATTGAGTTTGTTGTACATGATGCACAAGATATTATTTTGTGCTCTGGTTTTAGTTGTTCTTCGTTGCAACCTAGAACTATTGTTATATCTTCACCTTTTGCAGGAGCAGTAATTACAACTTTTTTGGCACCGGCCTTAAGATGTTTTTCTGCTCCTTCTCTGTTTCTGAAAACACCGGTTGACTCAACAACTACGTCAATATTTAGGTCTTTCCATGGGAGATTTTCTGGGTCTTTTTCTGCGAATATTTTAATTTCTTTTCCGTCGATTATAATGGAATTTTCAGTTGCTTTGATTTCGTTAGGTAAAATTTTGTGAACGGAATCATATTTGAAAAGATGGGCTAATGTTTTTGCATCAGTCAAATCGTTAATTGCAACAATGTCAATGTCACTATTGCGGCGTATGAGTTCCCTAAGTACTAATCTTCCAATTCTTCCAAAACCGTTAATGGCTATTCTCATGTTTTTCCCTCCTTTTATCATGGTCCTTCGTGAAAAATTTTACTATCTTTTTTTAACAAT
NZ_CP007389.1_gap33	1282342	1283113	771	GAATTAATATTAGTTGAGGGAGATAACGCTGTTACTGTTAACGAAAAACACGTAGAGGAACTAAGGGAAAATGTTTTAAAGACGGTTCTTGGTGATAGCAATAGTGTGTATCATTCATATATAAAGAAATATATCCTTGATGGAAATAAAATTGTTTTTAACCCTGTTAGTATGAATGCACGAAGGTTGGAAGGGGCATATTCATTTATTATAGGAGATAGTGTTCATAGGAGTAGTGTTGATTATGCAACAAGGAAAACCATAGGAGAAGCAGAATATTTTATATCGCCAGTTTCAGCTTCTGAAGCTGTTTTAACAAGTTCTGAAAAAGATAGTGGTGTTGTTCATGTTGATTTAGGTTATCATACCACTGTAGTTACCGTATTTTTGAATAATGCTCCAATAAGATTTGAAAGATTATCTAAATCCATAAAACATGTTGTGTTTGATATTGCAAAGGTTTTAAAAACATCGGTAAATGAAGCGGAAAGATTGTTGAAGATTTATGGAGTAGCAGATTATAGAAATATTGAGCCTGGGATAATAGAATATAAAGCGCTTGATAATAGGACTACTTTGGAAACGAGTAGAGAGCTTCTAGCTAGGATAATATATGCTAGATTAAGAGAAATCTTTTTGAATGTGAGGAAAGTTTATAGGAATGTAATATTTGATTACAGTGAATTTAGAGATTTGGGAATTCCTGGTGGAATAGTTTTAACAGGAGGCGGTGCGAAAATTTTAAAAATTACAGATGTTGCCTCAGATGTT
NZ_CP007389.1_gap34	1316367	1320935	4568	TTTCTTTTAAAATGTCTTTTGTTCTTTCAAGTTCTAATGTTAATAAATCCTTATTGGATTTTTTTATTTTGTTCTTTTCTTTTTTCTTGGGAGTAAAATCTGCTACAGCTGCACTCATTACGATAATATCAAAATCATGGTATCTTTTAATTATTTCGTTGTACATTTCATTTGCGGAAGTTACTTTAATAAAGTTGTCAATAAAATATGGCGGTTTGATATTTGTTGGGCCTGAGATAAGTGTTACATACGCTCCCATTCTTTTTGCAACTTTTGCAAAAGCATATCCCATTTTTCCGCTTGAATGGTTTGTAATATACCTTATTGGATCAATTTGCTCATAAGTAGGTCCAGCAGTTACTAGCACTTTTTTTCCTTTTAATTTTTTTTCTTCAAGTATTAATTTTATAGTCTCAATAATTTTGGTATTTTCTGGATATCTACCTTTTCCAATATCTCCGCATGCAAGATGGCCAACATCAGGTTCTATTATATACCATCCAAATCTTTTTAACTTTTCTATATTTTCTATTGTAATTTTATTTTCATACATTCTTGTATTCATTGTTGGAACTAATGCTTTAGGAGTAGAATTGGGAATGGCAAGTACAGTTGTAGTTAAAAGATTATCGGCAAATCCATTTGAAATTTTAGCAATGGTATTTGCGGTAGCAGGTGCGAGTAAAAACAAATTTGTCTTTTTAGAAAGTTCAGTGTGTGTAATATATCCTCCACTTACATTGAAAATATCGGTGTAAACGTTACAATTTCCTACTGCTGAGAACACAGTTGGAGATAACAGTTTTGCTGCATTTTTAGTCATTATTACGTCTATTTCAAAGTTTTCTTTTCTTAGTTTACTTACTAAATCTACGGTTTTATATATTGCTATTCCGCTTGATACGCCTAAGAGTATATGCACCATTTTATTTTCCTCCTTTAAATGTATGCCTTTCTTTAGGAAAGTTTTTTTCTTTTACATCTTTTTTAAATTCTTTTAGCGCGTTTAACATTATTGAGTATGTATTTGCGTATTGTTTTGAAAATTTAGGTTTAAAGTTTGGATTTAACCCTACTATGTCGTGGAAAACCAATACTTGTCCATCGCAATATCTTCCAGCACCAATTCCAATTGTTGGAATTGAAATTTTTTCAGTAATTTCTTTTGCTAATTCTTCTGTAACCATTTCAAGAACAATGGAAAAAACTCCACATTGTTCTAAGGCAATGGCACTTTCAAGAATCGTTTTTTTTGAATCTTCTTTTTTTCCTTGAACTTTGTATCCACCAAATATGTTTATTGATTGAGGGGTAAATCCAAGATGTCCCATAACTGGAATGCCAATGTTGATACATTTTTCAATTAAATTGCAATGGAATTTTCCTCCTTCTATTTTTACAGCATTTGCACCATTTTTAATTAATATACCTGCGTTTTTAACAGCTTCTTCTATACTATGTCCGTACGATAGAAATGGCATATCTGCGACTATAAAAGAATTTGGTGCGCCACGTCTTACCGCTTTAAGATGAATTATTATTTCCTCCATTGTTACTGGGATTGTTGAATCATATCCAAGTACATTATTTCCAATTGAATCTCCTATCAGGATTATATCTACGCCAGCTTCTTCTGCTATTTTTGCTGTGGGTGTATCGTAAGCTGTTACCATTACTATTTTTTCTTTTCCTTTCATAGCTAAAAATTTTTGTATTGTCATAATTTCACGCTCCTTTGGAACAATTTTAACATAAAAAACCCCCTCCTTTAAGAGGGGATAAGGTTCTCTAAACTCCATTTAAACAATTCTGGGTGTTTTCTATCTTTAAAGTTAGGGTCATTTTCAATTTTATTTGGGCTTATACTTCCTTCTTTTAATTGTTTGATCTTTTTAAGATAATCAATCATATTTTCTATTTCTATTTCATTACTTATTGCACCATGACCGGGTACTATGTTCAAAGATTTTGGCATGTTTTCAAGGGTGTTGAGCCATAAATCTAAATTGCTGTCAGGGACTATTTCCGGATGAATACCTGTTACTATTGTATCACCGGCGATTAATATATCTTCAGATTCAATATATATATATGATGAGTCAAGGGTATGACCAGGTCCATTGTATATTACCAATTTTATCCCATCTTCATATTCAAAGTAGTTTTCAAATATTACATTTGGCAGCTTTATTTCTACGTTTTCCATATTTAAATGTTTGAAATAGTCCACATCCATTTTTTTCATAAATTCTCGTGTTAATCTATTTGCAACTATAGGACAATCAAATACTATATTTCCAAATGTATGATCAGGGTGATAATGTGTGTTTATTACTAATGTAATGTCCTTTCCTGAAATATCTTTGGAAAATTCCTTTATCTTTTCCGCTTTTTTTGGAAACAATGAAGTATCAACTAATATATTTCCTTTTTTGCCTAGTATCAGTGTGCTATTTGCTGCAAGATCATTTTCAATAACATATATTTTATTGTTGATGTTTTTAATCATTTGTCTCCCCCTATATGTTATACTTTTCATAGAAATATTTCTCTATTGGGAGGTTATATTCCTTGAAGAATAAAATTTTACTTGTGGGATATTATGGATTTGGAAATTTTGGTGATGAGTTAATGAGAAGAAGTATTAAAAATTTTTTGAAAGAAAGAAACTATGAAGTTTATGAATTGTTGCCTAAAGAAAATCTTGATGCGAGAAGTTATAACAGATTTAATTTTTTTTCCGTTATTTCTGCTATTTTAAAATCTGATATTGTGGTTTGTGGGGGTGGCGGGATTCTTCAAGATAAAACCAGTCTAAAGAGTTTTTTATATTATTATTCCATTTTTAAACTATCGTTGATTTTAAAAAAACCTGTTTTATTTTTTGGAAATAGTTTTGGTCCATTAAATTATTATGTTTCTAGGGTTTTAATAAAAGGTTTGTTAAGAAGTGGGAAATTGTATGTTTTTGCGAGAGATCCTGTTTCGTATAAGTTTTCAAGCTGCTTCAATGCGAACACCCATCTTGGTACTGATCCAGGGATTTTGGGTTTAGAAGATAAGGTTGTAACATTTGAAAAGAAAGTGGTGATTATTCCAAGAAAGTTGAAAAGTTATGTACCAATATTGTTTGATTTAAAAAGAAATGGTGTAGAGGAAGTGGTATATTTACCATTTGCACCTGAAGATATAAATCTTTCAAAAAAACTTTCAAGTTTTTCCATAAAAGGACTTAAGGTGAGGTTTTCAGATGATATAAACGAGATATTGAGTGCTAGTGCGGTAATTTCAGAGAGATTTCATGGTTCTCTTGTTTCTGCATTTTATGGGAAGCCTTTTATATCAGTAAATGACGAGAAATTTAGGAGATTTTTTTCAAGATATGATGATAGAGATTATTACGCAAAAGATCTGTTTCAAGCGAGTTTGAAGTTAAAAAAGTTAAATGTTCCACAGGTTAGAGCCGATATGATAAAGGATTGTAAAGATATGTACGAAAAATTTGAGAAATTACTGTTAAATGTTATACGGTAACAATGGGATAATTATATTTAGGATGGTTTATTATGTGAAAATCTTTGTTATACAATTTTTTGATATTTTCTATTGTTATAACATCTTTTGGAGCGCCTTCAAATAATATTTGACCGTCTTTTAGGGCGTATATATAATCACAGTATTTTGATGCTATATTTATGTTATGGAAAGCTGATAGAATGCTTTTCCCCTTTTTTGTGAGTTTTTTTAAAATCTCAACAATTTGGACGGCGTGAGATATGTCTAAATGTGCTGCCAATTCATCGACTATTATAATTGGAGTTTCCTGATACAAACTTCTGGCAATTAGGACTCTTCTTTGCTCACCACCGCTTAATGTTGAGAAATATCTATCTTCATATCCTGAAAGTTCAACCATATCCAAACAGTTTTTTATTTTTTGCTGATTTTCTATTGAAGTAAAGAAACTTTTTTTTCTATGGAGAGCACCAAGTTCTATAATATCCTTAACTTTAAATTCAAATACAGGATTGAATTCTTGCCTTACAAAAGATATTTTTGATGCAATGTATGTTCTTGTACAATTTTCTAGATTTTTTCCAAACAATAATATTTTCCCTGATTTGGGCTTTAAAAGTTTGGTAACTAATTTCAAGGTAGTTGATTTTCCACTACCATTAGGACCAATAATACCGATGAATTTTCCTTTTTCGATTGTAAGGTTTATATTCTTCAAATTAAAATTTTCATAATCAAAAGAAAGGTTTTTAACCTCAAGAATTTTTTTCATAAGTACTTGCCACCTTAAGCATTTGATTGTATTTTTTCAGTATTTTTTCTGCGTATACTTCTTTGTATATTCCGCCGTTGTAGTGTTTTACTGCTTTTTGAATACTTCCGAATTTATCATAAAGATATTTTAGGTAATAACTTCCTATCTTTATGTTTAATTTAAAATCCCAAAGAATTCTTGTCCAACCCTCCTTTGGTTTTTCTAAGTTATAATAGTTTGCAACGAAATCTGCAGTTTCAGGTTTTATCTGCATCATTCCAAGTTCACCATACATTCC
NZ_CP007389.1_gap35	1399729	1401340	1611	TGAATTTATATGTTCAACCATTGCTGCTAAAGTTGTGGATTTTCCGCTTCCAGTGGGACCTGCAACTAATATGAGTCCATGGTCTTTTTCTGCAAATTCTTTTAAAATTTGTGGTAACCCCAGTTCATCAATTGTTCTTATTTTTTTAGTAATAAGTCTTAGTGCAAGTGTAGGCTTTTTTCTTTCAAAGTAATAGTTTGCCCTTATTCTTAAATCGTGCATGGAAAATGAAAAATCTATTTCTTTTTTTCCATGAGATATTCCAAGGTCTGAAAAAAGTTGTTCCACGGTATTTTTAATATCTTGTTCTGTTGGTATTGGAAAATCCTTTAGTGAAACTAAATTTCCATCCACTCTTACCATGATAGGAAAATCCGATGTAATATGGATATCAGAAGCTCTTAGTTTTTTCCCCCTTAAGATAATTTCTTCTAAATTTAATCCTAACACGTTAATCCTCCTCTATTTTAAATTGTTCACCAAATAGTGTTTTTAATTTTTCTAGTACATCATCTCCTTGAGATTCAGAAATACTAATTTCTATATTTTTTCTTTTGCCAAATTTTTCGTAGTAGAGCTTTTCAATTTCTCCCTTTTTTTCTTTGATAATTTCATAATGTAATTTCCTATTATCTGGAAATGTAATTTTTATCTTTTCATCATCTTCAAAGATATTTGCAAAAGAAAGTCCAACAAAAAGTGAAAGATCACCTTTCAATTTTAATTCTTCTAAAAGTTTCTGGAAATTTTTTTCTTCAATTTTTTCAGCCTTTCTTTCTGCGTTTTTGGAATCATTTTGAGAAATTTCTTTGTTTTTAGGCTGGATATATATTGGTTGTGTTGCAAAAAGGCTTATAAATCCAAGCTTTACTAAAGTGATTTTTTCTTCTGAATATTTAATATCTTTTAAGATTTCAGAAATTGGTTTTAGAAAATGGATATAATTGTGGTTGTTTTCCTCAACTAGTGATATTAATTTTTCAATTGTTTGATATAGAAAAATTTCTAAGTTTTTTCCACTGTAATAGACCTCATCTATTAATTTTAGAGTGCTTTTAATATCATTGTTTTCAAGATTTTCCAATAATTTTTCAATTATCGTATCTGGTATTAGTCCTAAAGTTTCCCTTACATCTTCTATTTTAATGTCTTTTCCCGCCGAGTTTATAACTTGCTCAAGTATAGTTAAAGCATCCCTAAGGCCGCCATTAGCTCTTTTTGAAATTTCCACAATGGCTTCATGAGAGATCTTAATTCCTTCATTTTCACATACAAATTCCAGCCTTTTTATTATGTCTTTATTTGAAATGTTTTTAAAGTCAATAACCTGACATCTTGAGATTATTGTCTGTGGTATTTTCTCAGGATTTGTAGTGGCAAGAATAAAAACAACATTTGACGGTGGTTCTTCCAACGTTTTTAACAAAGCGTTAAATGCTTCTTTTGTAAGCATGTGTGCTTCATCTATTATATATACCTTGTATTTTCCTTGTGCTGTATGGTAATTTACAGTTTCCCTTATTTTTCTAATCTCGTCGATACCCCTGTTTGAAGCTGCATCTAATTCCAATACATCCATAAAATTTCCTTTATCAATTGAAATACACGCAT
NZ_CP007389.1_gap36	1412165	1417123	4958	CAGGAAGATTAGAAAAATACGGTGCATAAAATGTTTTTGGTAATATTTTTCGTAAGTTTAATAGGGGCGTTAATTGCCCCTATTTTTTCTATTTCCAAACTATTTTTATTTCTGCCATTCTTATTTTGGAAAAACAAACGGTTGTTTTTCACAGTATTTTTGTTTTTAGTTATAAATTTTTATGGAGGAATAAATATTTCCGGAGATTTTGAGTTTGTGGGGAAGGTAATTCAAACAAGTGACAGTTATTCACTTGTTTTTGGAAAAGTTTATTACAATGGAAAATGGATTTTTCCAAGAATGTTGGTAGGTGTTAATGAAGAAATACCTTTAGGTGATATTGTTTACTATTATGGAGAAATAAATTATGAAAAATTCTCTTACCCAAAAGTAAAGTTAGAAAAAAATAGGGTGATTGTCTCACCCTATTTTTCAGTCTTTAGAACTATTTATTTAACGTCAGAAAACTTTAGAAAAAAACTTTTGAACTACAATGAAATATATTATGGATTATTTGGTGGAAAGGTAAAGGATAAATATTTAAAAGAAAGTGGTTTATATCATTTTTTTAGCATATCTGGTCTTCACATATCAATAATTTATGTGTTTCTTGTTTTGCTTTTTTCAAGTTTTAGTTTTCAGAAATATATTGCACTAATTTTTTCGTTTTTATTTGTTGTTGCTACAGGACTAAACTTGCCAACAATTAGAGCATTCTTGCTTTTATTTTTTTCAAATGTCCTTGAAAATAAAAAGTACAGTAAAGTTGATATATTGTGTTTAATTGGTATCGTTTTTTTGTTTTTGGAACCGTCTTTGGCATTTTCTCTTTCTTTTTATATGAGTTTTTTTAGTACTCTTGGAATTTTGCTTGTTGAAAATAAATTTTTAAAATCAGTTTCTGCTTTTTTAGGTAGTGCACCATTTTTAGCATTATTTTCAAGTGTAAATATTTTTTCGATCTTAGGGACTTTTTTACTAGTTATTCCATTTCAAATTTTACTTGTAGTTGTATTTGTATCATTTTTTTTGGATCTTTTGTGTTTGACAACTTTTTCGGAATTTTTGCTTACTTTGTTTAATCCTTTAACAATATTTGTGGAGAATGTTGCTATATTTTTTTCAAAAATGCCAAAAATTCCCGGTGGTATTTTTGCTTATTTTTTTCTAGAACTTTTTTTCTTTGTCTTTTTGCTACATTTTGGGCATATTCCATATATTTTGAAGTCAAAATCTTCAAATTGAAACCCTTTTTCTGCTAATTCCTTTTTAATTAAGTTAAGATGTTTTTCTTCTATTTCATATATCTTCCCACATACGTTGCAAATAAAATGATGATGCATTTTTTCTTTTTTTGCTAATTCATATCTATATATGCCATCGCCAAAGTCTATTTTCTTTAAAAGACCGAAACTTACTAGAAGTTCTATTGTTCTGTAAACAGTTGCTTTGCTAACGGTATGTTTATTTGAAAAGAGAATTCTGTACACATCTTCTGCTCCTAAATGTTTAGATTCGTTATCCATAAATACCTTTAAAACTAATTCCCTTTGTGGAGTCATTCTATACTTTTTATTTTTTAATTCTTTTTTTAGTGTTTCAATATACATATTTTTCCTCCTTTGTTATACATTCATTAAAGGTTTTATGTCAATTTTCCAACCAGTTAATTTTGCTGCAAGCCTTGCATTTTGTCCGCCTTTTCCAATAGCAAGAGATAATTGGGTAGGAGGTACAATTATCCTTGATGCCTTATTTTCTGGATCGAGAATTTCAACTTCAACAACATTTGCAGGCTGAAGAGCACTAGCAATTAATTCTTTTGGATCGTCTGACCACTTTATAATATCTAGCTTTTCGCCTTTTAGTTCTCTTAGTATTGCAGCTATTCTCACACCTTCTTCTCCAATACACGCACCTACAGGATCCACTTTTGGGTTGTTTGATTTTACAGCCACTTTTGTTCTTATACCTGGTTCTCTAACAATTTTTACTATCTCAACTACTTTAGACTCTATCTCAGGCACTTCAAGTTCTAAAAGGCCTTTTATAAACTCTTCATTTATCCTTGTTACAAGTATTTTTGGACCTTTTTTATCTTTTTTTACGTCTTTTACATAAACTTTTATAAGTGACGCGGGCTCTATGGTTTCACCAGGAATCCATTCTTTTTTTGGGAGTCGAGTCTCTAATTTTCCAATTCTTATATCAGCCCATTCTTTTGTTATTCTAATAACTTCAGCTGTTGTAATTTTTCCAGCAAGTTCAGAGTATTTTTCAAATTGTTTTTCTTTTTCGATCTCTCTAATTCTTTGAATTAATACTTGTTTTGCTGTTTGTGCTGCAATTCTTCCGAATTTTTTAACGTTGATTCTTTTTCTTATAGTATCCCCAATTTTTGCATTAGAGCTTATCTTTAATGCATCTTCTAATGAAATCTGTGTTGTTTCTTTTTCTACTTTATCAACTACTTCTAAAAGTTGATAAAGTTCAATTTCACCTGTTTGCCTATTAATAGTAATTTCGACGTTTTTTTCACCGCCAAAATCTTTTTTGTAAGCACTTACTAATGCTTTTTCAATAATGGGAATTATTTCATCAACTTTTATACCTTTTTCTTCCTCAAGTTGTTCTAAAGCTTGTAAAAAGTCTAAATTCATACTTTTCCCCTCCTAAATGTCTATTTCTAAATTTGCTTTCTTTATTTCTTCAAATTTAAATTCTATAAACTTTCCGTCAGTTTCAAATGTTATTATATTATCTACAACATTTTTTATGTAACCGATATAAGTATTTTCCCTTGTTTTAATTTTTGCTTTTTTTCCTGTGAATCTTTCAAAGTCCTTAACATTTCTAAGTGGTCTATTTAAACCAGGTGAAGACACAGTTAAGTAATACTTATTTGGTATTATATTAATTTTATCTAATTCAAATTCAAGTTTTCTTGAAACGTTTTCACAATCCTTAGTACTAATGTAATCATAAGGATTATCAATTATTATTTCTAAAAACCATCTTCCGGATTTGTTGTAATATTTGACATCGAATAATTCAAGGTGGAATTCTTCACATATTTTTTGTGCAATATCTTTAACTTGTGATACTATGTCTTTCATGTTATCACCTCACCTAAACAAATATTAAACCGGGACAACAGTGTCCCGGTTTTTTGGCGGAGAGGGTGGGATTTGAACCCACGGACGCCTTGTGGGCGTCACACGCTCTCCAGGCGTGCGCCTTCGACCTCTCGGCCACCTCTCCAAGAAATAACCAATTAGAATTTTATCACAAATTTGAGATTTTGCAATACCCTTTTTGTTTTTGGTTAATGTGATATAATATTTTTTGGAGGTGGAAATATGGAAGTTAAGATAAAAAAGCCTTCTTTAGAAGAATTAGAAGAATTAAAAGTAAAAGAATGGCCGATTTGGACTAAAGAAAAATCGGAGTTTGATTGGTATTACGATGAAACAGAAATTTGTTATTTTTTAGAAGGGGAAGTTGAGGTTGAGACAAAAGAAGGAAAAATATATAAAATTGGAAAAGGGGATCTTGTGGAGTTTCCAAAAGGTTTATCTTGTACCTGGAGGGTAAAAAAACCTGTTAAAAAACATTATAACTTTATATAACTTTCAAAAGGGGGAGGTTTCTATGAACATTGAGAAATTAACTTTAAAGGAATTTTGTGATATGGTATCTGATAAATCACCTGTGCCAGGTGGAGGGGCTGTTGGGGCTATAGTTGCGGCATTTTCTGCGGCGTTAAATCAAATGGTGGCAAATTTGACTGTTGGAAAAAAAAAGTATGAGGAATACAAAGGGGCGATGGAAGAAGTATTAGAAAATATGGAATACACCAGAAATAGACTACAAGATATTGCAGCAAAAGATATAGAAGCTTTCAATAAAGTCATGGAAGCTCTTAAAATGCCTAAGGATGATCCAAGAAGAAGTGAATTGTTACAAAATGCTTTGAAAGAAGCGGCTGATGTTCCTTTTGAACTTGCAAGAGAAGCCAGAAATATTTTGAAATATTCACAAATTACAAGTAAATTTGGAAATAAAAATGCAATTTCTGATGCATATTCATCAGCTGAATTAGCCATTGCATCATTTAGAATAGCCATGTATAATGTGTTAATAAATCTTTCAAGCATAAAAGATGAAGAATTTGTGAAAAAATATAGAGAAGAGTTACAGGAGATAAGGAATGAAGTAGAGGGAATGTACAGAAGTATTAGGGAGTTGATAAAAGAAAATGGCTTTGAAATTTGAACTGCTAAAGACTCATAAAAACGCAAGACGGGGAAGGATATATCTTCCCCATGGTGTGGTCGAAACACCAACTTTTATGCCAGTTGGGACAAATGCTAATGTAAAGCTAATGACACCTGAAAATTTAGAGGAAATAGGTGCACAAATTATACTGGCAAATGCGTTTCATTTGTATTTGAAACCTGGTATGGAGGTTTTAAGGCATCATAATGGAATACATGATTTTATGAATTGGGAGAAGCCAATTTTAACTGATAGTGGTGGGTTTCAAGTTTTTAGTTTGAGAAAAGGAAGAAAAATTACTAAAGAAGGTGTTTTGATAAAGTCTCCATTAGATGGAAGTATGCGTATGATTACACCTGAGCTTTCCATGGAGATACAAAACTCTATTGGTTCAGATATTGTTATGGCGTTTGATTATTGTGCGGAACCTGGAATTTCACATCAAGATGCAGTAGTCGCTTTGGAATTAACCACTTTATGGGCTGAAAGAAGTTTAAAATCAATTAGGAATATGTCTGATCAATCAATATTTGGAATTGTTCAGGGAGCATTTTACAAGGATTTAAGAGAAAGAAGTGCAAAAGAAATTACTAGTATGGATTTTGATGGATTTGCTATTGGAGGTTTGAGTGTTGGCGAAGGGTATGATATAACCTTGGAAATGACGGAGTTTACTGTTC
NZ_CP007389.1_gap37	1418286	1422451	4165	GGTGGGATTTTAAATGAGAAAGATTATGGAACAAGATGATATTAGAAGGTCTTTAATGAGAATTTCTCACGAAATTTTGGAAAAAAATAGAGGAGCAAATGATATAGTATTACTTGGAATATTTACAAGAGGGTATTATCTTGCAAAAAGAATAGCTGAAAATATTAAAAAAATAGAAAGTAAGAAGGTTGAGGTTGGTGGACTTGATGTTGGTCCTTTTAGAGATGATGATAAAAAGACGGAAATTGATAAAAGTGAGATAAATTTTAGTGTAGAAAACAAGGTAGTGGTTTTAGTTGATGATGTTTTATTTACGGGACGAACGGTGAGGGCAGCAATGGACGCAATTACAAATAGGGGAAGGCCTAAGCGTATACAACTTTCGGTTCTTGTGGATAGAGGGCATAGGGAATTTCCCATTAGACCTGATTATGTGGGAAAGAATATTCCAAGTTCAAAAAAAAGGGAATTGGTTAAGGTAAAGATAAAAGAAGTTGATGGAGAAGATGCTGTATATGTTTTTAGCAAGGAGGAGATGGCGTGAAACTTTTTGGTACAGATGGAATTAGAGGAATTGTAAATGAATTTTTAACGCCTGAGATTGCTTTTAGGCTTGGAAATGTGTTAGGAAATATGGTTGATAAGAAGATCTTTATTGCTAAAGATACAAGAGCATCAGGTGATATGTTAGAGGAAGCTTTGGTTGCGGGGATAACTTCTGCGGGGGTTGATGCATATAAATGTGGAGTGTTAACTACTCCAGCTCTTGCATTAATAACTAGATTGGAAAATGCAGCGGGTGTAATGATTTCTGCATCACATAATCCGCCTGAATATAACGGCTTGAAGGTGTTGATGAGGGGATATAAACTTCCTGATGATATTGAAGAACGTATAGAAAGAGAGATGGAAAAAATAAGATACTGCGAGTATAAAAGTGTTGGCAAAGTTATAGAGTATGATTTTGCAAGTGAAGAATATTTTGAGTATATAAAAAAGCAATATAGTTTTCTTGATTTAAGTGGAATAAAACTGGTAGTTGATGTTGCAAATGGTGCTACATATAAGCTAAATCCACAAATATTGGAATATTTTGGAGCAAAACTTGAAGTAGTGAATGATAGACCAGATGGTTTTAACATTAATAGAGATTGTGGTTCAACACATCCTGAAAATGTAAAAAAAATATTACTGGTAGTAAAATTGCTGTTTTGTACGATGGAGATGGAGATAGATGTATATTTGTAGATGAAAAAGGGGAAGAGTTTCATGGAGATAAGATATTGGGGATTACCGCAATAGATTTGAAAAAGGAAAATAGATTGAAAAAAAATAATGTTGTTTTAACTATCCTTTCTAATATGGGGCTTGAAGAGTTTTTGAAAAATAACGAAATTAACGTTGTAAGAACAAAAGTAGGCGATAGATATATTTTAGAAGAAATGTTAAAGAATGATTATACATTAGGCGGAGAAAGAAGTGGACATATTATTTATCGTGACAAGAGTACTACCGGTGATGGGTTGATAACTACGTTGGAAGTTTTGAGTTCTTTAGTTAAAAGTGGTTTAACATTGCATGATTTATCCAACAGAATACCAGACTACCCACAGGTGATGGTTAATGTTGAGGTGAAGAATAAAGAAATTTATAAAAATAAAAAAGTGTTTTCATTAATGAAAAGTATAAAAGATTACAGAGTAATTATTAGACCTTCAGGCACAGAGCCTGTAATAAGGGTTCTAGTTGAAGGTCCAGACTTAGAAAAAATTACCGATATAGCCAATAAATTCTATGAGTTAATTAAAGAACTAGATAAGGAGTGATAAAATGGCAAAAGTAACTGAAGATATGGTTTGGAATAAACTCAAAGAGGTTATTGATTTTGAAATAGGATTAGATGTTGTTTCACTAGGATTGGTTTACGAGGTAAAAGTAGATGAGAAAGACAATGTATTTGTATTGATGACTATGACAACCCCTATGTGCCCTTTGGCTGGAATGATTTTACAAGATGCAGAAGCAAAATTGAGAGAAATAGAAGGAGTAAATGATGTAAAGGTAGAATTAACTTTTGATCCTCCATGGACTCCTGATAGAGTTGATCCAAATGTAAGAGCTCAACTTGGTATATGAAAGTTTTTGAAGTTGTAAGGATTTTTAGAGAAAATGGGCTTCCAGAATCGGAAGCCTATATTGTATTGAAATATTTAACTGGAAAACCAAAAGAATTTTTTATTGCACACCCTGAATATGAGTTAAAAGAGGTTGGTTTAATTGATTTAATTAATTTAAGATTAAAAAGATATCCCTTGTCTTATATAACTAGGGAAAAGGGATTTTTTAAAAGAAATTTTTATGTAGAAGAAGGAGTTTTGATTCCAAGGCCTGAAACTGAAATGTTAGTAGAAATTACAATTGATTTGATTAAGAAGAATAAAATAAGGAAAATTGCCGAAGTTGGAGTTGGGAGTGGAGCAATAATTATTTCTATACTTTTGAATACAGATTGTACTGGATATGCGACTGATATATCTGAAAAGGCAATAAAAGTTTCTAAAATAAATGCAAAAAGGTATGGTGTCGAAGGTAGATTGAAGATAGTAAAAGGTAGTTATTTAGAACCATTTTTGAGAAAATGGGATGAAATAGAACTTATTGTTTCTAATCCTCCTTATGTAAGATTAGATGCAACTCTTGATTTGGAGGTTGGATATGAGCCGAAGGAAGCGTTGTATGGAGGAAAAGATGGGTTAGATTTTTACAGGAATTTTCTGAAAATGTATGATTTCTCTGGTAAAATAGTAGTTATGGAAATTGGTCATGATCAAGGGGAATGGTTTAAAAGAAAGGGTTGGGAAGTTATTAAAGACTATTCAGGCCAGGATAGAATAGTAATAAAGGATTTTCGGAGGTGAATGGAATGAAGGTAGTATTGTTAAAGGATGTTTCAAAAATAGGAAAAAAGGGAGAAATAAAAAATGTTTCAGATGGTTATGCGAGAAATTATTTAATTCCTAAAGGTTTAGCGTTAGAAGCAACACCAAGAGTCTTAAAAAGGTTGGAAGCTGAAAAAAGGAAAAAGGAGGAAGAGAAAATTCAAATTAAAACTCAAAATGAAGAGCTATTAAAGATGTTAAAAAAGTTTCTATATAAGATACCGGTAAAAGCTGGAGAAAGTGGGAAATTATTTGGGGCATTAACGAATTCCGATATAGCAAAAGCAGTTGAAAAAATTGCAGATGTTAATATTGACAAGAAGTTTATAGTTTTGGAAAAACCTATAAAGGAAATTGGTATGTATGATGTGTTAGTAAGATTGCCTGAAGGTGTTTCTGGAAAAATAAAAGTAGAGGTTATTCAGGAGGGTAAAAATTGAACGTAATAGCATATTCAAAGGCATTATATACAACTTGGATATATTATTCACCTGAGCGGATTTTGTTTGATGCAGGTGAAGCTGTATCTACGTTGTTGAATAATAAAGTTTATGCAATTAAGCATGTTTTTTTAACACATGGTCACGTTGATCATATTTCTGGATTGTGGTCGCTTGTTAATACAAGAAACAATGCAATGGGGGATAGAGAAAAAGCATTAAATATATATTATCCAAAAGGAAATAGAAGTATAGAAGAATATTTGAAGTTTATAAAAAAAATGAATTCAGATTTAAAATTTCAGTTGAATACATTTTCTGTTGAAGAGGGAGAAAAAATAATATTAAGGGATAAAAATCCCAGAAAGTTTGTTATACCTTTTAGAGTGGCACATACGTATAACGAAAAAAGTTTTGGATATCATCTTTTTGAAGAAAGAAAGAAATTGAAAAAAGAATTCTTAAGTTTAGAGCAAGATAAACTAGCTTTATTAGCAAAGGAGTACGGTAGTGATTATTTAACAGAAAATATAGAGAAAAAAATTCTTACTATTTCTGGAGATACGTATCTTTTAAAAAAAGAAGATGTGTTAGATACGGAAATTTTATTTCATGAATGTACTTTTTTCAGGAAAGAAGATAGAAAATATAAAAATCATGCGGTGTTAGAGGATATATTAAAGCTTGTAAAAGGAACAAGTATCAAAAAATTGATTTTGTACCATATTTCTGGAAGGTATGGGAGAAGACCTGAGAAGTTTTTAGAGGAGTATAAAGAAGAAATAA
NZ_CP007389.1_gap38	1457173	1459798	2625	GCTATTTCAGAATATCCAAATAAAAGCTTTGTAAAAGTTTCAATATTTCTAAGCTTCCTCGCTATCATCTCCATTTGTGCCTTTGTCATTTTTTATCAACTCCATAAGTTTTACAAATGGATCTTCTGTATCTTGATCAAGTTGTTTGAATTCTTCAGCTGCTGTATAACGTACTTGATTGGTGGCAGTGTTATACAAAGATTGCATGGCCTTAAATGTTTCTGGATGTAGTCTTTTCCATTTTCCACTTTTAAGAAGCCCAAAGAAAATGGTCCTAAGTTCCTTTGCAAGTTTGAAATTTTCTTCTCGTTCTGTTCTAAGTGTTTCCAACCTCGTAAGTCCTTTTTTTACTTCTTCTTCAAATAATTCTTCCGATTCTTTTCGTGCTGCACGCTTTTTAATTTCCTTGCTAACATTCCAGTGTTTTTTCTTGTGATTGAGAATAGCATTATCAGAAATACTTTCGTTGTATTTGTCTTTCAACCATTTTGAGATTCTTCTCGTTCCCCACCCTTCTGCAAGTAATTTTTCAATTTCTGTTCTATGTTCACTATTACATACTTTGCATTGTTTATTATGAATAACTGGCATATCTATCACCTTCTTACGAAGTCAATTTAAAGTTTACGAAGTCTACGAAGCTTCATAACCATCGTTCGCCCTTAATAACTTCCTTCAAAGCTCTGTTTTGTTCGATAATTGTATTCTTTGTATGCTTCAGCTTCTCGACTATAATCCGCCATTTACCTAATTCATTAGAAGCTTCAAGTAACAGGTTGTTTATTCTTGCTAAAAGATTTATATTGCGCTGTATCCTCATCTGCGCTTCTTGAATGGATATTTGGCTTAGTTCTTCTGCAGTTAATTCATCCAGAGTTAATTCCTGATCCAATTCTTCCCACTTCATGCTCTTCCACCCACTTTCGAACTCCTTTTGTAAGCTTTTTCTTTTTGTTTTGCTTAATGAGTAAATCTATATCTATCTTTAACCCTCGATGTATCTTTAAATGACATTCTGGACATAACAAAACAAGGTTATACGGATGATTGTTGCGCGGGACCCAGGGGATTGCGTATTCTGATGGTATAGTTGCGTTGCGTCTAAAAAGATGATGAATTTGACCTGTTCCGTTTACATATCGTCCACAAATGCGACATTTTTCCTTATCTCGCTTATGAACATAATCTCGGATAACCCTTGGAATAGAGCCTATCCCATCGTATCGCTCCTTTCGATATAAAAAAAGAAGCCAAATGGCTTCTGGTTAGTCAGTTTTTGTCTTTTTGTTCTTTTTCCTTTTTCTTAACTTTATTTTCTCTCATCTCAAACTTCTTACAAGCTGTCGTTTTTTCCCATTCAATTTTACCTGTACGAGTACACAAACCATCCCAAAAATTAGGAATTATTGCAAAATACTTGCAGTTCTTACAAGTATACCTCATTTGTTCACTCCTAACTATCCTGAACTTCTTTTACGAGCTAAAGTAAAATTTTTGATCCTATATTGATTGTAATATTGGAGTTTTTTTAGTAGAAATCTTTGTATTAATAAGAAATCTACATATATTTGTTTATAATTTATTTTAATAACTGATAATAGGTGATCACAGGATTTTTAATTTAGAATTTATTCATATATAATTAATTCGGAAAATAAAAATAATATCTGCCGGTGTCCACTCCTTGGGGTTCCGTCCACCAAGGGAAAGTGCACCGGCCTATTATTTTATAAATGGAGGGATTTTATGCGTGCTATTATTATTGTTGATGGTAATTATCTATATAAAAGTTGTATGAATGAATGGAAAAAAGCTCCAAAATATGATTTCTGTTTTCAAAATATTATTAAATTTTATTCAAAGGTGATAAATACTGAAATGCATCTTATTCGTGTAAGATTTCATGATAGCCCTCCTTGTGAAGGTGGGGATAATAATTTTAGAACAAAAAAAGAAAAAGTTCTGAATAAACTTAGAAGTATACAAAGAATAGATGTAGTACTTGGCCGCTGCCGTAAAATTGGAAATACTTTTTCTCAAAAAGGTGTGGATGTAAATATGGCATTAGATATTGTACGCTATGCTAATGACATTGATACAATTATTATAATTAGTGGTGATAGTGATTTGGTTCCTGCTTTTGATGAAGCCCGTAACAGGGGAGCGGAAATTGTGTTATTATTGTCCCCGCATCATTTCAATTCTACTGGTTCTGCAGATGAATCTATAAAAAAACTTATAGTTGCCTCAGATTTTTATTTTACTTTTGATGATAAAATGATGTTTAATACTTCAAAAAATTATACTCCATAAAAAAATGGGGCTTTTTGCCCCATTAAGTATACTTACCCATTCTACAAAAATTATATCATTTTTGTGGGGGTTGTCAAGTAAATTATCACTCTTTTTCCACCCCCATAGCTTTAAACAACTCATATAACAATTCAATAATAGTTTCTGTTCTATTTTAATATTCTTCAAACACGCTCCTTCACCTCTCCTTCTTTTCTTCCCACATTTTTTCTGCTTCTTTCCAAACTTCTTTTATCCATGAGTTATTGAATTGTCCAAGAAACTCCCACCATTGTGCGTCGCAATATGCTTCCCAGCAATCTTGACAAAGTT
NZ_CP007389.1_gap39	1465625	1466663	1038	TCTTCGAGGATATTTCCCCAATATGCTGCTTCTGTATCCACATCACTTTTTATTTCTCCGATTTTTTCAAGATAAAGCCTTAGAGGAGATTTCCATCTTGATAATCCTAATGCTGGTGCAGCATCTGAGCCTCCTATGCCTTTTCTGCGTAACTCTTTCCATTCTTCATAACTCATTTTTGTCGTTGAAATTCTCATGCTTTCACCTCTTCCTTTTTGTTTTCAAAAATATAATTCGTGAAAGCCTCTGCTAAAAGTTTTGTTGCCATATATTTTTCTAGAAATGAAAAACTTTCTTTCAATTCTTGAAAATTCTCTATGAATTGTGATATACTATCTTTTGGGTTTTGTTGAAAGGTTTTATTCCATGTTTCAAAGAAAATTCTTTTGATAGGTTCCCTTTCTTCTTGGGGAACCTTTTTTATTACTTCGTCGATTTCCGATAAGAATTTTGCGTAACTTTCCATGTTCCCCACCTCCTGTGTACTTCAAAGTTAAAAAGTGGTGCATAAAATGCTCTTTTTGGCATTCCATATCTTCCCTGGACATCATATTGTTTCCAAAGATTGTTGGATTCTCTATTGATTTCAAACATGTGAATGAGTTTTAATAATATCTTTTCCAGAATCTCATCTTGAGTCTTGTCAATTTCTTCGATTTTTTTAAGGATATATTCGAGTTTTTCGCGATCCTTTGTAGAAGGATCATCCAACCAACGCTTAATGGTTTCTTTAAGATCATCTTCCTCACTCTCCCAATTGTGATGAATTCCCAGAAGTTCCTTCGCTTCCAATGAGGATGCTATCGTTTCTGTGTTTTCTAGAATTTGCTTCGTTATTTTCTTGTGCTCCACTATCACCTGTTTTTTCAACATAGGGCATTCCCCCTTTCAAAACTTTCCATTTGCCTCTTTCATATAAATCTGCCAGTATTTCGGCTAGAAGTTGTTCTTTGTTCATTGCCTGAAAGTTTTTCATATTTTCACCTACCTTTGATATAATTTTTTTGTAGTGCTGATGGGCTTAATAGGGGGGATAGA
NZ_CP007389.1_gap40	1468791	1470774	1983	TTATCAAAACCAGATGGTAGAATGTGTCTTAATATTCCTTTAGATAAAAATAAAGGTGGCCAGCAAAGTGTTTATGCTGATATTGTATATTTAGCTAAAAAAATTGGCTGGAAGTATCATTCTACGATAATTTGGAATGAAGGTAATATTTCTAGAAGAACAGCTTGGGGTAGTTGGCTTTCTGCTTCCGCCCCATATGTGATTGCTCCTGTTGAAACAATAGTAATTTTATATAAGGAAACTTGGAAAAAACAAAAAAGAGGAAAATCTGATATTTTAAGAGAGGAATTTATTGAATGGACTAATGGGCTCTGGACTTTTTCTGGCGAGAGCAAAAAGAAAATTGGACATCCTGCTCCCTTTCCTTTTGAATTGCCGAAACGGTGTATTAAACTTTTTAGTTACGTTGGAGATGTTATATTGGATCCTTTTTTAGGGAGTGGTACTACTGCGATTGCTGCCTTTAGGCTAAAAAGAAAGGTTATTGGTGTTGAAATAGACAAAAAATATTTTGAATTAGCTATTAAAAGAATTTCAAAACAATGTTTTAGATTAGAAGGTTTTTGATTTTTTAACAAACTAATTTTATTTACATTGATTCTGATAAAGGAGGAGCATTATGGAATCAAATGATGTTTCTAAGTTTCTAGAAATTCAAAAAAAAGCATATGTTAAAAAGAAAATTAGTGAATATATTTCAAAAGGATTCGATGAAAAAACTGCTAGTAATAAAGCAAGTCAATCCTGGAGATCTTATGTTGGTAAGATGCTTGAAAAAATCATTTTTGAAAGTCTGAAAGAACCTTTGGAAAAACAAGGATTAAAGTTAGTGACTGACAACGACTTAATTAGAAACAGGAACTTAACTAAAGAACTTGAATTAGTAAAAAGATTAATATCTATAGATTATGGTGAATACTTATTCTTGCCTGATGCTGATATTATCGTTTATAAGGTCACAAAAAAGAAAGCGATAGATGAGTTAGACGAAAACGATATAAAAATTTTAGCAATAATTTCTGTAAAAAATTCATTTAGAGAAAGAGGGTTTGAAACAGCATATTGGAAAAAGAAGCTGAGTGAATCTATAATTACCTCACATATTAAAGTGTTTATGGCTACTCCAGACCCAGATAATGAAATTTCTTATATAGCTCCAAATCACAAGCCAAAAAAGATGAGAGTAATATTAGAGTATGAATTAGATGGAATTTATCTATTAAAAAATGAATTTGATGAAACGAAAAAAACAAAACATTTCGATGAAATAGCAAATGATATTTTATCGATAAAATAATGAGTGATATTTTAAGCATTTTACATTTTTAGCCAATAAATAAAAACGATATTTTGAATAGGGGGCGTCATAAATGAGTAAAGTAGTGTTTTTTGTGCTAGTTGTTTTTATTATAATGGGATTTTTCCTATTATCTAGTTGTGACGTTTTAAACTCATTTTTTAGAAAAGATGTTGGAGCAAATAATATTTTAACTAATGTAGAAGAGAAACAGTCTGCTGTTTCCAACGAAAATATAGAAGCTGAAAAACAACTTGATATTTCCAAGGAAGCTACCTCTATTATTCCATTTACTGCTCATATGTATGGTATAAAAGACTTTGATGCTCCAGCATCTTTTTTATCTACTATTGAAAAAGCCTCGAAGTTTGCTTTTTCAAGTAAGATAAAAGGTATAAAAGAAAACGACTATATTCATTTGTTTATAACGCCAAACTCAACTGATGTAATTTATTTCAAATTGGATGATCTAGACATATATTATAATGGGCAAGTTTTTATAATTCCTTATCAATGGCGTGATTGGATCAAAGAAACATATACTAGGGTAGTGGGTAGCATTCAATTTCTAGGTGAAAACACCACATTTACTTCTGCGCTTCTAAGTTTTAGCGGAGGTACTTCATATGTTCCTTTATGTTACATTCTCAAAATCCGCAACCAAAATGGTGATTATTACAAATTAA
NZ_CP007389.1_gap41	1472552	1475805	3253	GATTCAATAAAGATTTGGGGGCAATTTATAAGAATTTAAAGGATATAGCAAGAGAGTTTAGGTATGAAAAAGTATTACCAGATAAAATGAAAAAAGAATTATTTGTTTATTCATATAAAGATTTTTTTCAAAAGTTGGAAAATAACAGTCAAGTATAGATTTTTGAACAGAAGAAGGATTAGAAATATTATTTTTTAGTACTACATTTCTAAGTATTTTTATTTTACCTTTATTATGTTATTTTGTGTAAAGGAGAGAAATTGTGAAACGCGCTGCGGCATATGCAAGATATTCGTCTGATAGACAAAGCGATACTTCTATTGAAGCCCAGCTTGAGAAAATTAGAAAATACTGTGAAGAAAAAGGGTATGTAGTTGTAAAAGAATATATAGACAGAGCACAATCTGCTGCGACTGATAAACGTATTGCATTTCAGCAGATGTTTAAAGATGCTGAAAATCATGAATTTGATGTTGTGGTTGTGTATAAGCTTGACAGGTTTGCAAGAAACTTGTATGACTCCGTTGTATATACTAAAAAACTGGAAGAGCTTAATATTGCTCTTGAAAGCACAACAGAGCCCATCACCCAGGACATCGCAGGAAAATTCTTTCGTAATATCATGGGGGCTATAAATGAACTTTATATAGAGAATTTAAAGCAAGAAATTCGAGACAAAGCAATTGTAGTTGCTAAAAAAGGCTATTTTATGGGTGGAGTCCCTCCTTTCGGCTTTAAGCTTGTAGAAGAAACTGATGAGTATGGTAAGAAACGCAAAAGATACGAAATAGATGAGAATGAAGCACCGTATGTTCGTGAGATATTTCAATTAGCAAGTCAGGGTGTAACTTTAAGACAAATAGCAGATAAACTTAATCAAAAAGGTTTAAAAACACGTCGTGGTAACAAATGGACTGTTAGAGCTTTATACGAGATGATTTTAAATGAGAAATATGCCGGGATATATACATACCAAAAAGGCACAAAGCATAATTATCATGCCAATCGCGAAGATGTTATTAGAATTCCTGGAGTAATTCCCGCAATAGTTGATGAAGAAACATACTGGAACGCAAGGAATAAACTTGGAATTGGCAGTAAGAGAGTCAAAAGACATCATTATTTATTGAACGGTATTCTATATTGCGCTGTATGTGGAAACCCAATGAATGGTGGTGCTCAAAGCGGAGATTATCCCAGATATATGTGCTCATATGCTAAACGTTTTAAAGAAAAAGGACATGTAAGTATTGGTAAAAAGAAAATAGAAGATTATGTTTTAACTCATATAAAACATACCTTTTTTACCAATGTTGATTTTGAAAAACTTGCCAAACAATTGAACAAAGAGCTAAACAAAACAAACAAAACTAAGGAAAAACAAATCCAGAAATTAAAAGCTGAACTTGCTGAAATAAATTTAAAATTACAGAGAGCAACACAAGCTATTTTAGCTGGAGTTGAACTTGACACTTTAAAAGATGAAATTGAGAAATTGAAACAACAAAAAATTGAAAAAGAATTTAAACTTGAAAAAGTAGTAAATGAAGAAACGCCATCCCTTATAACTCCTGAAGGATTGCAACTTCTTTGGAATGAACTACAAAAACTGCTTGAAACAGAAAAAGAACTTGTTATCAAGAAGTTAATTGAGCGAATAACCGTTTATCCAGACGGTTTCATAGACATAAAATACCGAAACGTAATATCATATATTTAGCTATTTAGTTCGATTCCGTCCCTCGCCACCAGTTTTCTTTAAATTGTTCTTTGCGAATTAATAATCCTCTTGATAAGAAGATTCTTTTGTTGGAATTTATTTCTTTCTCCACTTTCTACTGGCTTTTATATCTCTTTTAGATGTATGTTTCTTTAATAAGTAACTTTTTATTTAATACAATAATTAGATATTCATGTTTTACCAAAGTTACTTAGAGGTTAAAAGGAAAGGGATAACTTGCATTTTGTTTTAATTATAAATTTCGGACAAAATAACTGTCTCTCAACCATTTATACTTGTATCACATAATGATACGTTTTTATGAGTAATTCTAGGTAAATGGGTTGCGTTTTATATATAAAACATGAAAGATAGTGATATAATTTTGTTAGGAAAAGATTTTTTGGTTTTGGTTAATAAATTAGATATTTTGTAGCAGAGATAATTATCATTATGAATACAACTATTCTGACAAATTTTGCTCCACTTTTTAAGGTTGCTTTGGTTCCAATTTTAGCGCCTACCATTGTTCCTGTTGCAAGTATAATCCCTTTTAAAATATCTACTTTTCCATTTGTTAAAAATATTATAAAAGAAAAGGAAGTATAACAAAGCACTATGAATACTTTTAGTGCATTTGTCTTTATTATATCATTTCCTTCAACAAACACTAAACTTGCTATTAGAAAAAATCCAACGCCTGCTTGTATGAATCCTCCGTAGAATCCTACAATAAAGAACACAAAAAAGCTTATTAAATAATTTTTCTTTACTTTTTTACCTTCTTCCCAAACCTTTGGTTTATATAGTATAAAAAAACTCATAAATAAAAAGATTATACCAACAATTTTTTCAAGTATATCTTTGTTTATGTTTAAAACTGTAAAAGTTCCAAAAATTGCTCCGATAGTTGCAGGTATTGCCAAAAAAATTGCTTCTTTTGCTTTAAATACCTTGTTTTTGTGAAAATTTATTGAGCTAACAACATTTTGTAATAATATTCCCACCCTATTTGTTCCATTGGCAACTGATAAATCAAGTCCCATTAAAGAAAGTATTGGTAGTGTTAGCATTGAGCCTCCACCGGCAAGTACATTAACAAATCCAGCACCAATACCTGATACAAAAAGTAAAAGATAAAACATTCTTTTACCTCCTCAATGATAGCAATAACAAGATTTATTAAATGTTCAAGATCTTTTTTATGTAACATTTCAACAGTTGAATGTAGATATTTTACAGCAATGCTTAAAGCAACGAATGGAATACCATGTTCAACAAAAATACTTCCATCAGTGCCACCGCCCGTTGAGGCAACTTGAATTGGGATATTGTGTTTTTCTACCACTTTTATTATTTTCCTTGCATGATAAAAAGAGTTTATCCCAGAATTATCAACAAATCTTATGATTGGGCCTTTTCCAGGTTTAATGTGTTTGTTTTGATTAGAGCAGCAAGCAAATGAATCAATAGCTATAGCTAATTCGAAATTTTTAAAGTTGTTTGCAATTGCCTTTGCACCTTTCAATCCTA
NZ_CP007389.1_gap42	1478809	1480226	1417	TCCAAAATATGTTAAAGAAAAGGCTCGTTTTGAGCTAAGAAGACTTGAAAAGATGTCTCCTTATTCACCGGAAGCCAATGTGATTAGAAATTATTTGGACTGGATTTTAAATTTGCCGTGGAATGTAAAAACCGAAGAAATAAATGATTTAAGTGTAGCAAGAAAAGTTTTGGAAAAACACCACTTTGGTTTAGAAGAACCAAAACAAAGAATTTTAGAGTTTTTGGCTACAAGGAGTGTTTCAAAAACAATGAAAGCTCCTATAATTTGTTTTGTGGGACCTCCAGGAGTTGGTAAAACTTCATTGGGTCGTTCTATTGCAGAAGCTTTGGGAAGAAAGTTCTTAAGGATGTCACTTGGAGGTTTAAGAGATGAAGCGGAAATTAGAGGCCATAGGAGAACGTATGTAGGGGCTTTGCCTGGACGAATAATTCAGTTGATTAGGAAAGCTGGGGTTAAAAATCCTGTTCTTTTATTAGATGAAATTGATAAAATGGGAATTAGTTTTCAAGGAGATCCAGCTTCTGCACTACTTGAAGTGCTTGATCCTGAACAAAATAAAGATTTTGTTGATCTTTATTTGGAATTACCATTTGATTTGTCTCAGGTATTGTTTATTACAACTGCCAATACATTATACAATATTCCTGAACCTTTAAAGGATAGAATGGAAATTATAGAAATTCCAAGTTATACAAATTTAGAGAAATTTCACATTGCAAAGGATTATATTATTCCGAGAATTTTTGATGAACTGAATTTTGAGAAAAAAAAGATAATATTTAGAAGTGATTCTATAAAGAAGATAATTTCAGAGTATACCTTAGAGCCTGGGGTAAGGGAACTTGAAAGAAAGATTAGAAGTATTGTAAGAAAATCTATTTTAGAAATTTCAGAAGGGAAAGAAAAGGTTATTGTTACTCCAAAAAAAGTAAAAGAGTATATAGGACCACCTAGAATAAAAGATGAAAATCAATTGGATGCTCCGACAATTGGTGTTTCAACAGGTCTTGCGTGGGCTGCCTATGGGGGAACTACTTTATTCATTGAAAGTACGTTTTTCCCAGGAAAAGGCAGATTAATTTTAACGGGAAAACTGGGAGATGTGATGAAAGAATCTGCTCAAATATCTTTCAGTTTGACCAAAAAGATTTGTGGAGAAGAATATAGCGAATTTTTTGAAAGAAATGATCTCCATATACACGTTCCAGAAGGAGCTGTTCCAAAAGATGGCCCAAGTGCAGGTATTACAATTGTGACAAGTTTGGTGTCATCTGTGAAAAAGATTCCCGTGGATAATAATATTGCCATGAGTGGTGAAATAACTCTTAGGGGTAGAGTATTACCTGTGGGAGGTATAAAGGAAAAAGTTTTGGCAGCTTATAGAAAGGGGATTAAAAAAATAATTCTACCATAT
NZ_CP007389.1_gap43	1533530	1536599	3069	CTACTAATGTTTTTTCAAATACAATTACATTGGAAGCTTCAAATGTTATTTATAAAGATAATTTTATACACGCAAAAGAGAATGTGCGTATTTTTTGGGATGAGAATATTTTAACTTCTAGTGAAGCGACGATTTTAGTGGAAAATTCAAAGGCAAAAATTTTAGAGGCATATGGAAATGTGAAATTTAATAAAGAAGGAAAGGTTTATAATGCAAAGTACGTGAAATATTTTTTTTCTGAAAAAAAATCATATGCCGTACGTGTAAGAGGAGTTGAAAAATATAAATCTAAAAAAGGTAAAGTAGATTTGTATTTTGGTGCGGAAAACTTTGAGAAAAAAAAAGGTTATATTAATCTAAACGAAGCATATATTACAACATGTGAACTTGAAAAACCACATTATAGAGTAGAAGCGTTAGATGTTTATATTTATGAGGATAGATATCTAGTAGCTGAAAATTCCATGTTATTTTTGTTTGAATTTCCTTTTTTTCCATATCCTGTGTATTTTTCAAGTTTGAGTGAGGATTCCAAATCTCCATTTTCATTTTCATTTTCAATAGATAGCAAATTAAATTTTTCAACTCGTCAAGAGTATAGCTTATACGTGGATAACTATTTGTTAAGTACCACTTTTGAAACAGGGGAAGGTTCTAATTTGATATTTACAATTTTAGATGGTAAAGAAAAAATTTTTTATATTGATTACGGAAAAAAATATCTTTTGGTGGATTTAGGATATTTAGAATATAACACTAGATGGGATTTAAAGACAACAAATTTAAAGCTAACATTTTTCCCGTTTTACTATTCTGAAAGTTTAAACACATTATGGTTTAAAAGAATAGGAGTATCATTTAAGACTAAAAGTTACTTTTTTGACTTAAACTTAAATAGAAATGATAAGGAATTTTCAATAAATAACGTATTTAGTTTAAGTGGATTAAAGAAAGATTTAGATTTTACAGAGCTTTATATTAGCAATTTTAGATTTATAAGTTCAGTTAAAAAAATTAGCGAAGAGATCTTATTTGATGAAACGGGAAGTTATAATGTTTCTTTTAAAGATAAATTTTACACTACAAATTTCAGTGGAAATTTAAAGAATGAAAGTTATGTAAGTAAAATATTTCATAAGTTTAATTTACCTTTTGAATATAAGAGTGATTTTTTTGATGTTAATTTTGAATATAACTTTGGGTTAAGTTGTTACAATGCTTTAACTGATAAATATTACTTGAGATTGGGATTATATGATGCCTATAAATTATCAGGCAATCTAAAATTTGAGGTACTTGAACTCAAGCCTGAGTATGGATATAGAAAAAATTTCAGGGATGAGGCAACAAATACGGAATATAATAAATTCAGTATAAGGCTTTACGTAAAGAGCAAATTTCTCAATTTTTTATTAACACAAGGGTATGATTTTTTTTATAATAAGATGTTAAATGACAAAATTATGGTAAAGTTTTCTTGGAATAAATTTTTTTTACAGGCTGATACGGAATACGATTTCAAGTTAAAAAAACTGAACCCTTCTTCTGTGAAGATTTCGTATGTAGATTCATCTATCCCTTTAAATTATAGTGCTAATTTTAAATATTACCATATGGAACAAATACCAGTTAGGGAAATTACTCATTTGGTAACTTTTCAGAAATTAAAGGGTCGTGTACGTCAATCGATAGAGGAAAATTACATAAAAAATGCGTATTTTAAGGGAAGTTTTTTTGTAAATAAATGTGAGAATATTTTGGAATTAAATTATCTGAAAAAGAGCAAAGATTCAGACCCTTCTTATACATTGAATTATAAATTAAAGAGTGGTGATGATACATTTTTGTTGGGTTATAAAAGCAATTATAAGTATTTAGAAATAGGAGTTAATTTGAAATCTATTGATCCTGGATTAATATTAGATGCGGTGTATAACTTTGAAACTGAAAAATTTAAGGAACTAAAGATATCAATTCTAAAGAGGCTTCACCATTGGATGTTTGAATTTTCGTCAGAGTTCGAGTTTAACGATGATGGAATCTTTGATTTAGATGATGTGAATAAACTTTCAGTACTGTTTTATATAATAGAATTTGAAGATAAATTTTTTGGATGGGACTTTAAAGAAAATAAACCTAATATTGGCTTATTCTAAGTGGAGGTTAGTATTATGAAAGAAATTGTTTATATTGAGAAAATGGCATATGGTGGTAATTCGATAGGGAAATTACCGGGTGGAAAAATAGTCTTTGTCGAAGGAGCATATCCTGGTGAACTTGTTGAAATCACAATTTTGAAGGATAAGAATGATTATGCGATAGCAAAAGTTGATAAAATTTTAGAAACTATTCCTGAAAGAAGTACGCCAAAATGTCCATATTTCAAAGAATGTGGAGGATGTGATTTTTTAGATTTAAAATACGATAAACAGTTAGAGATAAAAAAACAGGTTTTTTTGGAACAACTTTTAAGAATTTCGGGATTAAATATTAAAAATGTGGAAATTGAAAGGAGTAATTTTGAATATAACTATAGGTTGAAAATGGAATTTTCCGTGACTAGGAATAAAAAATTAGGGTTTAAAAGAAAAAAAAGTAATAGGGTTGTAGAAATAAAAAAGTGTTTAATTGCACCTAAGCCTATGAATCAAGTTTTGGATGTTCTTCCAGAAATTTTAGATGCTTTTAACGTTTCAGTGTATAATGGAAGAAATGGAGTTTTGAAAAATATAGTATTAAGATATTCTCCTAGGGGAGAGTTGATGGTGGTTTTTGTTACCAAGATGGAAAATTTTAAAGATGCAAAAAAAATTGCAAATGTTTTAAGCAAACAAGTGTCATTAATAACTTCGGTGGTTCATGTTATGAATAGTAATGATAAAGTAGTATTGAGAGGACCATATAGGATTTTAAAAGGTGAAGGTGTTATATCATATGAGTTTAGTTGGGAAAAATTTCAAGTACCTCCAACTGCATTTTTCCAAAACAACTTTTATGTAACGGAAAAAATGATAGACTATTTGACTAAGAATCTAGATTTGAATGGTAATGAAGTAGTTTTGGATTTGT
NZ_CP007389.1_gap44	1552453	1553131	678	ACATGTAAATCCTGCATTTATTGGTAATCTATATACTTTTTCTCCATATTTTTTCTTTAATTCTACACTCAATTTTCTATACCTAAAACCTTCTTGTAAAAAATCGAAAATTGTTTGTATACCTCCTTTTCGTCTATTGTTGGAAATTTACCGGATATATATATAAACTTTCCATTAACCATTGTTGCATAGACAGTGGTTTTTGAATGAATTAAATGATGTTTTATATTTTCCAAAGGGAAATAACTTGGAGTGTTAAGCTCTATAATTGTTAAATCTGCAGGGAGATTTTCCTTTATTATTCCTCCATCAAGTTTTAGTGCTTTGTAACCATTTTCAGTAAGCATTTTTAATGCTTGATTTGTTGTAACATTTTTTGGGTCGTTTTTCTTTTGAAGTAATGAAGCAAGTCTTGCTTCAAATAGAATGTCTAAAGAGTTGTTACTTGCAGGTCCATCAGTGCCAAGTGCAACTGGAATGTTGTTTTCAATAAATTTTGTTAATGGAGCAATACCATTTCCAAGTTTTAAATTGCTTGTTGGATTATGAGAAATATATACGTTATAGTTTTTTAATTCTTCTATTTCCCTTTCATTTAGGTGTATGCAATGAACTGCAAGTAGATGAAAGTCTGCAATATTTGTTTCAAGGATATCTTTTAGGGAGTACCTTTCCCTT
NZ_CP007389.1_gap45	1577924	1579026	1102	TTGCTTCATCACTTTTGTATAATACAACCAAAGTTGGTACAAAGATATTTAATAACGTTATAGTAGAAGATATTTTAATGGAAGAAAACAGATTATGTGGGGTTGTAATTAATTGGGCACCAGTCATTAAACAACGACTCCATGTTGATCCAATAACTGTGAAAGCAAAGTATGTAGTTGATGGAACGGGACATCCTGCAAGTGTTGTTCAAATGATTATAGATAGAAATTTAGAAGTTGAGTTACCTTTGGATAAAATAAGAGAATTTCCAATGAATGCAAAAGAAGGAGAGAATTTTGTGCTTAAAAATACGAAAGAAGTATTTCCTGGGTTATTTGTGATGGGAATGGCAGCAGTTTCAGTAGGTGGTGGCCCAAGAATGGGGCCGATATTTGGTGGAATGTTAAAATCGGGCGAAAAAGTTGCAAATGCTATAGTAGAAAAGTTAAGTGTTGAAGTCAGTAAATAATTTTTGAATTAATACAAAAATGGTCCAGGCTTAGTTTTTATGGCCTGGGCTTTTTTGTTTATTTGACATTATAGAAAAAGTTTAATATACTTTTTCATGGGAGAGGAGATGATTTTTGGATGGTTTTCTTTTATATAATATATACAATATTTTCTTTGTTATCGAATATTTTGTACTTTTTGTATGAGAACATTTCTCAAATGCTTTTAGGAATATCTTCTGTTTCGTTTTTAGTATTGTTATATTTAATTGGAAATAGATTAAGAAAAAAATTAAAAATTAATATACTTTCTATTTATTATGTTGCGTTAATATTAACTATCTTTTCTTTTTTTCCACTTTATTTGACTAACTCTGTGATTACTTACTTTATTGCTCAATTTTTTGCGTTTTTATTTATACTTTTTTATTTAAAGGTAATTTTATCTGTTCTAAAGTCAGACTTGTCAGTTTTTAAGTTGCTGATATTTTCAATATTAACTTTTGGAATATATTCGTACTTTTTCTTTTTTAGATTAATAAAAGAAGTTAAAGAAAAAGTTTGACAATGGATATGATAAGAGATAAAATATAGTTGAAAGTGAATAAGAAAACCCGAGGGGAGCTCCATAAGCCGGGGCTGAGAGGAAGGC
NZ_CP007389.1_gap46	1735261	1737834	2573	TTATCATCACTAACTTTTACCTTTGCAGTTTTAGTTCCTGAAATTTCGACAAATTGATTGAACCTCCTGTAAATTTCCTCAGTTACAAATAAAGTAACAAAAACTTTTCCATTTGATTCGATAACCTTACCATTATTTTCACTTATCCCTAAATAATCCATCGCATTTTTAACAGTTTTTAAACTTATATCTTCAAATACCATTCTGTATGGATTTCCTATACTTCTATCATTGTTTAGTCTTTCCACAATTTCCTTGTAAAAACTTGGAACTTTTATTATTCCTCCAAATACTTTATACGGTATGTTTAAAGATTCAAGAACTTGAACAATTCTTTCTGGATATTTTACTTTAACATCAATCATTCCATCATAATCTAGTGCATTCACATCCTTCAAAGTTGAAACAAGATAGCCAACGGTATTGGCAACCTCAGAATTTGCATAAATTGCTACTTGTTTTAAAGAAGCAAGTACAACATACTTAAAATCATATATTGTAGAAATATTATTTAAAAAATTTTCAACAATATTCGCATCTACCGTATATGAATAGTAATACCATGATTTAGTTGGTCTTACAGAGATTGCATCAGAAACTAACCTATGTTCTCTAATGCCTCCATATACAAATACTTTACTTTTATCCTTTAAAAAATTCATGAAAGTTCCAGAACTTAAAAGAGCTTTTATCCTTTCTGCACTAATTTCACCATCATAAATTTGCCAATACATTGCAAAATTATTCTTTATTTCATCTTCTAGGCCTAAATACAAAGTACCATCAGGTCCATATGCATAGCAAACGTTAGGATTGTTTAAAAACAACAACCTTAAAGCTTTTTCTATCTCAACATTCTTTACATCTAAATTAACTTCCGTATCTCTAACTCCTTCATATAATGAAATATTAATACCTAATGCACGGGAAAATTCTCTAATTACCACATCTAACGGTGCATTTAAAAAAGAAAAGCTAAATTTTTGATTCACAACGCTGTGCGGAAAATTAACTACAATTTTGTTACCAACAACATACCAGTCTGCTTTTACTGGAACTATTGTAAAAAAGAATATTGCTACTGTATTTCTTGTAGGTGTCAACTGAATACCTTCTAATGGACCTTTAGAAACAGGTAAAAATGCACTTTGAAGATTTTCATTTTCAATTTCAACATAATAAACCGTTCTTGAATCATTCCAATTAAATCTTACCTCTGATGGTGAGATTTCCCTATCAAATTCTACTACTACTTGTAGTTTGTTCTCCAATGAATAATAATCAACATTTACTATATTTGGATATAAATAACCAATGATAGAAATCAATAATCCCAAAATAACAATTTTTTTCATCAATAAGTCCCCCCTATCTTTTCTGGAACAATTAATTTAATACTACCATCGTTGATATCTAAAACTATTAAACTTTTATTACTAACATTTAAGGTATAGTACCTATCCAAAAAAACATTTTCTTTGGGATCAACTTTAATAATTCCATTTGAATTTTTTAAGTAAATAAATTCCTTTTCATCTTCCTTATAATAACCAACGTAATACAAATCATTGACTATTGAATAATTCTTCAAATGTTCTGCATCCATAGTAACTTTAAAATAAAACGGAACAAAACAACTAACGCTTTTGACCATTTTGAAATTAGTATAGTCATTTTTTGCTTTAATAATATATTGCTTTGTCTGAACTTCACTAGAATAATCCTTTCTAAATAGAAAAAAGAAAATTAATATTAAAACTACAAATGCTCCTATTATAATTAAAATAGATTTTTTATTCAATTATATCACCAACTTTCATATGAAAATACACGTCAAGTTTCGCATCTTTTTTAAAAATAATTGGAAAATCTGTCTTTACATCTACATTCAAAACTTCAATTGGAATACTTTTTGAATTCAATAATTTATGCATAAATTCTTCGAATTTATGTACTTCCATATACATTGAAAAATATTTTTCATTGGAAAATGTATACAAAAAATCTTTAGAATCATTTTTAATAATATTTTCAAGTTGCTTAAAGTTAATATCAAAATTATTATAAAGCTGAATTTTTGAATTCAAAAGCTCTGTTTGAAATTTGAATTTTCTAATAAAATTCATTTTTACCACAAAAATATTGAATAATAAAACAAATAATAAAACAAAAAACATTCCCCAAAAAAATAACATGGCATATTTTTGTTTTATTGTCATAACTCTCCCTCCATTATAAATTCAAACATTTTAAAATCGCTATACAAAACCTTGGTATCGTTAAGCTTTATGCTTATATTCTTGTAAAATTTACTGAGATTTTTGATAACACTTTCAAAATCTTCAGGAACATTTGAATATTCATAAAACAAAATGCTAAACTTTTTTCCATCGAATTTTATACTTTTTATAAAAAAGTCTTCTTTTTTCGTATTAAAGAAATCAAATAACATTTGCAAAAAATATTTCGAATAAAAAACATTATTCAAGTAATTTTTATAATAAGTAATTTTATTAACAATAATGTTTAATTTTGAATCGTATTCATTAATTTTATTTTCAATAATATTTGGA
NZ_CP007389.1_gap47	1759195	1759924	729	ACATCTTACGATCTGCCATGAAGATGTTTTTTTACTTCAACCTGTTAATGGGGCGTAAAACTCTTTTCGGATTTCCACCGTAAGAGCACAGTCAACTGGCATAATTTCACACGGTCCTCGCCCTACTCAGTAGCTATCTCTATGCATAACTTATTAGATTTATAGTAGCATTGATATCTCTATCATGGCCTGTTCCACATTGCAGACATGTTCATTTTCTCATGCCTAGCTTTTTTACTTTTTTTATTTATATACCCACAGATCGAACACGTTTGGCTTGATGCAAATTTATTAGCTCTATAAAAGCGTTTTTTACAACGTTTTTTTAAGCATACCTTATATGTTCAAATTTTCTACCGCAATATTACTAACTTAGTTTTCGTTGACTAGTTTGCTGTTTATTTTATGTATCAATCGTTTTTTATATTATTGATTTTCTCTATATATTTTGCTAACCTTAGTCTTTCTTTTTCTCTGTTTTTAGAACCTTTTTGTTTTTTTGAAAATTTTCTATACAACCTTTTAAATCGCATTTCGTATTTCGTCAAATCGGCAATTGAATATTTCTCACCTGTGCTTAATATACTGTATGTCTTATCTCCTTGACAATGCTGCTTTTTAAGTCTAATGAATTTGCTGAGTTTTGATTTTGACTGTACTAAAAACATTACATATGTATGGTATTTTTCACCAAAATTACTTTTCTACGATATTTTGTAACTAACACCA
NZ_CP007389.1_gap48	1770662	1773466	2804	CCTCCACCACCAGATACTATATAAGTTATTCTGCCAACAACAAAACGCTGATAATTATGATCATGTGCAGAAATCACTAATTTTATCCCCTTTTGCTTTATTACATCATTCAATCTTGACAAATTCAAATTATCCTTGTAATGCGGTCCTACTGTATAAATTGGATAGTGAATAAAAACAATGCTATTTTTATTCCCATATTTTTTTAAAAAATCTACTGAACCATTCAAATCAAGAAAAATCAACCTAACCCCTTTATAATCAGCATAATAATTATAATAACCAAAAAATTTTTTGAAGTATATATCTGGATTTTCATGATTTCCTTTTACCAGTTGAAAATAAGAATTTTTTCTCAAACTTGAAGTAATCTCAAAAAACTTTTTCCACTCCCTTAAATTATCACCTCTATTTACCATATCACCAAGGTGAATAACTATTGATGGTCTATTATTTTCAATTAATTGCACTATTTTCCCATGAATCTTATCATTCCATCTTGAATCTCCGTAAACAGCAATAGTATTATTCGTTCGAGGATAAAAATCTTTATCACAATACATAGTACAATTTGTACCATCTTCATATAAAAAATATAACCCGTTAGAAAGTGATAAAATAGGAATCAATACAATAATAAATATAATTCTCCCTTTCATCCAGCACTTCCACAGTTTTTTTCAATTTTTATAACTTCAAATGAAATATCATTTTTTAAGCCTCGCAAAATACTCAATACATCGTCTTTAAAATAATCTAATGTAATTATCCTTAAAATATTCCCTTCATATTTTCTAACATTAACCATATTATCTTGTGATTCTAAAATATAACTTAAATAATGAACATCATCTTTATTTATTTTCACCAATATATCAATCTCCATCTTTATCATCCTCCAAATTCATGAAAGGGCATTTGCTAACAATTCTATTATTTTTTAAAAATTCATCAAAATGTTTTAAAAAAAGAGGTTTTTCTTGTGGACATTCATTCATAAATTTTGAAAACATTACAAACTTTTCTGCTACTTCATCATCTAAATCGAAGTATATTTTCATACACGATTTATGAGCTTTCTCAGGAGCAATTTTTAAAAAATCAATCAAAAAATTCTTAAATGCCTGTATATTTTTATTTTCCCTTAATGCTATTTTCTTTCCTTCTTCTGTCAGTGTAATTGCTCCTCTTTTTTCATAATAAACTAGCCCTTTTTGCGCTAACGAATTCAATGCCTGTTTAGCAGAAGGCATTTTTACATTAGCATAATCAGAAACCTTTTTTAATCTCGTCCAACCCATTGAATTTAATGTTAAAAAGACAACTAACAAGTACTTACGTTCAGCTTTAGTTAAATTTAAGTTACCTTCCAAAATAATCCCTCCATGATTTCCAATTATATTCTACCACATTATTCAAGTTCAAGATATTTTTGAAGTAGTTTTAACGTTGCCTCTATTGCATCAACGTGAGTTCTCTCGTATCCATGAGAAGCATAAACTCCAGGACCAATTAGTCCATGCTTTACGTTATATCCAGCATACATTGCAACACTAGCATCTGAACTATAGTATGGGTAAATATCCACTGTAAAATTTACATCTGCCAACTTCGCTGCTTTTATTAATTTTGTTACAATATCATAATCATATGGGCCACTTGAATCTTTTGCACAAATTGAAACCGAATACACGTCAGATTCTAAATCACCACCAACAGCTCCCATATCAACGGCAATAATTTCACTAACATCTTCTGGAATACCTGCTGCTGCACCATGTCCTACCTCTTCATAACTTGTAAACATAATATAAATCTTTCTTTTTGGTTCTATCACAAAATCTCTTACTATTTTTGCTAAAGTCAACAATATACCTGCTCCTGCTTTATCATCTAAAAATCTACTTTTTAAAAAACCCGTCTTTGTCAATATAGTCCTTGGATCAAATGCTATAAAATCGCCAGGCATTATCCCAAGTTCTTTTACATCTTCCTTGCTTTTTACTTTCTGATCTAATACAACCTCTATATTGTCCTCATTTCTTTCAATTGTTCCAGTATCCTTGTAAACATGTACAGAAGGATGAACATTATATATTGTTCCTGTATATTCTTTTCCATCCCTTGTAAAAACTATACAATTTTCATTTTCTATATGTGAAAACGGATATCCTCCGATTTTTGTTAATTTTAATCTTCCGTTTTCTTTTATGGATTTCACCATTGCTCCTAAAGTGTCTATATGAGCCATAAATAAAATTGCATTACTATCACCATGTCCTAAATCTACAATAAAACTTTTTGTGTTTGTAATCTCATATTTAAATCCCAACTTTTTCACTTCACTAACCAAGTATTCCATAATTTTATCTGTATAACCTGTAGGACTTGCTATTTTACACAATTCAATTATTTTATTTACTGCCTCTTGTACATATGCCATTTAAATCCCTCCCAATTTGTATCTTTTTAAAACATTATTTATATACTCTTGATTGTAAAAATCTTGAAATTCCAAATAAACAATGGAATTTTTGTCAGGAAAAGTAAAATAAAGTATTTTATTTGAACTTTTATGAACATTGGAATTTTCACCTAACTCAAGTAATTCAAAATAACTCATTTCTACTCCATTAACATTGTAATAAGGAATACTCAAAATTTTAAAATCACCATCAAAAGAAATTGCTAAATCCACTTCCCCAGATTGTGCTAATTCCTTACATTTTTCAATATCTTCAACCTCTAAATATTCAATTTTATGATTGTACAATTTAGAAAAATCATCCATAATGCTCGGGACA
NZ_CP007389.1_gap49	1794642	1798682	4040	TAAGCCAATTTTCAAAATTTCATTAACTTTCATACCCACATTAATTTTACTTGTTGGATTTCCTGAACTTGAAGTACATTTAAAAAACTCCTCACATTTTCCCAAAGTATCTTCTCTAAGTGTATAACTTACTCCACAACTATTATCACTTAAAACTGCTGAAGTTAAACCATACCCAATAATATAATCTTCTAAATAAATTTCATTATCAATATATTCAAGTGCTTTTTTGTATAACTTTTCAGATATTCTCATAACATTTTCCTCCTATTTTTCCACTTTCCCCTTTAAATAATACCACAAATACAAATCAAATTTTCCAGGACACTCTTCAAACTTTTCAGCAATATCTATAAAAATTTTTTCAATCTCAAGATATTTTTTCTTACTCCAACCCTTTGGAACATCCTCAATATACCCATATTTGTACAATAACCTTAAAACATGCTTATCAAGTATTGAAATATTACAAATTCCAACATTTCTTAAAAAATGAGATGCCTCTTTCCATCCAATTCCCTTAACATTTTTCACCAAATACTCTCTAGCATCTTTAATTGGAAGAGATAAAATCTTTCTAATTTTACCAACTATCCATCTATTTTCAAAAATATACCTAGCTCTCGCTACTGGAAACCTATGACCTACTTTCCTTAAAGCATTTTCAAGTTCTTTTAAATCAGATGTAAAAAAACCTTCTCCAATTTCTTTTTGTGCTATTATACCACCTTTTGCCGACCAATTAGCAGTTAAAACACAAAATGATAGTTCTGAAAATAAATCAATTTCTGAACCATTTCTACCAAGTTCCACAAACTCATTCCATCTTTCTTCAACCATTTCTTTAGCTTTGTCTTTTATACTTCTAATTTCTTGAATCATCTTTACACCTCTTTTTGTTAAAATAATTAAAATCTTTTAAAATTTATAATTATATGTTAAAATTATACCTTAAATATGATAAAATATACACAAATGAAAAAAACAGAATGGGGGGATTAAATGTACATAAAAATGTTTGGAGAATATGGAATTTATTTGAAAAACGAAAAAATTTTATTAAATAGTAAAAAAGCCGAATATATATTATACTATCTCATATTGAATAACAAAAGAAAAGTTTTCGTAAACGAAATACTTGATATTTTTTTTGAAGGTTATGAAGAGTCATATTCTAGAAAAAACTTAAACACATTATTGTATATGATAAGAAAGGGTTTAAACATTACAAAAGAAGAGTTAAAAATAGAAAAAAATCAAATTTTTCTTGATACCAAAAAACTAAAATGTGACTATCTGCAATTTCAAAAACTTGCAGAAAAAAAACCTTCCGAAAAGGTTTTAAATGAGATTACAAAAATTTATACAGGAGAATTATTAAGAGATCTTGATTTCGACTGGATCATACCATTTAGAGAACTTTGTGAAATGCAAGTTTTATTAATTACCCAACAATTAAATATAAAAGATGAAAATATTTTCGAAATACAAAATCTTCCTACAAAAAATGAAATTCAAATGGAACTTGCCATAAAATTGATAGCAATGGACAAAAAAAGGCGAAATCCAATGTTTTACCCTCTTATTATAAAAACCACAGAAAACATTAAAGACAAAATTAGAAAAAGCGATTTTTACGTTAAATTATCTCAAAACACTTATCTTGTTCTCTTTGAAACAGGTGATTCAAATATTGAAACCTTAAAACATATATTAAAACTGAGATTTAAAAATAATTTAAAAATATTAGAAGAACTTTAACCCCCTAAATGGGGGCTAAATTCTATTAAATGCCATTGTAAACAATTTAGAAAGCGTATTTGCAAAATCTAAATATACTTCATTTTCAAAAGCCAATTCATTTTCAAAACTATACAAAGAAACAAAGCCAAAAATCTCACCATTTTTATAAAATGGTATTGAAAGCATAACCAAAATCCTACTTAAATGAGCATTTTTCATTAAAAATTCCACTTTGCTTACCTTTTCATTGTTTACATTTAAATAATACTCATCGACAACATCATCAAGTCTTACTACAAGTGGTCCCTCAAGCCTTTTTGAATAAACCTCATCTATTGTAAAAGTAACATCTCTCATAATCTCATAATCAAAGCCAGAAGCGCCCTTTATTTTAAGTACATCACCTTCTTTAATTGAAAATAGCGCTCCATCAACGTTTTTAAAATTTTCAACAAACAAATCTGTAAGGGGGCTATAGTTCTCTGTTAAGTCAAAACCAACTTTCAACCACTTATCTAGATAATTGTTAACTATTTTATCTAAAACATAAAACATTTTTGAATTTAGCTTTAAACTTAAAATACAATCTATTTTTACAAACGCTAAAATGTACTTATATCCTTCTCTTGTTACCTTAACTTCAAAATTTTCGGCTTCATATTCAAATAAAAATTCTTCAGTACCTTCCAATAAATTTAATTTATTTTGTCTCAAAAAAATCGTATATATCTCTTTTACTTTATTATATGGATAAGAACTGTGAAGAACCTCAAATTCCACTAAATCGGAAATAACCAAAATATCCACTAACTTTTTTAAAATTTCTTTAGAAATAATCACACCTCCTTTGTCCAAAAATATTATAACACAATCCAACAATAAAAAACCCCCAAGCTATAAGCTTGGGGGACAAAAAAATAATCTTTTATATCGTTGCTAACATAACAGCTTTTATCGTATGTTTCCTGTTTTCAGCTTCATCCCAAACTCTACTTTGGAGACCTTCAATAACATCAAAAGTTACTTCCTCACCTTTTACTGCTGGTAAACAATGCATAAATATAGTTTCTGGTTTACCGGTCTTTTTCATAACTTCTTCATTTACTTGGTAAGGCATGAGAAGTTTTCTTCTTTCCTCTGCTTTTGATTCTTCACCCATAGAAGCCCAAACATCCGTATAAATTACATCTGCACCTTTAACTGCTTCATCAACATTGTCCGTAAACTCAATTACCGCCCCTGTCTCTTTTGCAACTTCCATACATTTTTTTGTCAATTCCTCATTTGGTCTTAATTCTTTTGGTGAACAGATTACGTAATGCAATCCCATTTTTGCAGAACCTATCATCAATGAATTAGCCATATTATTTCTTCCGTCACCCATAAATACAAGTTTTATACCCCTTAATCTCCCAAAGTTTTCTTCGATAGTCATCAAATCAGCCAAAACTTGCGTTGGATGATATAAATCAGTTAATGCATTGTAAACAGGCACACCAGAATACTTTGCCAAAATTTCAACTGTTTCTTGTTTAAAACCTCTAAACATTATCGCATCTACCATTCTTCCTAATACTCTTGCCGTATCCTCTATAGACTCTTTTGCTCCAAGCTGAATATCCTGCGTTGATAAAAATAATGGATGTCCACCTTCCTCACCAAATGCCGTTTCAAAAGCAACCCTTGTTCTTGTTGATCTTTTTTCAAATATCATTGCAAGTGTTTTTCCTTTAAATCTTTGATGAACTATTCCTGCTCTACTATCAGCTTTACATGTTTTTGATATATCTAACAAATACCTTATTTCATCTGTAGAAAAATCAAGTAAGGTTAATAACGATTTTCCTTTTAAATTCATTCCCATTTTAACCCCTCCCGCTAAAATTAGCGGGGACCCCCCCGCTTATTATAACAATCCTTTCTTTTGCAAAAATTCTTTTATTATGTCTTCAAGGGTTGGCTTTCCGATTTCTTGTAATTCGTAAGTTACTCTAACTGCTGGTTTATTTAATTTTGTAACTCTTCTAAGATCAATAGGAGTACCTATAATTACTAAATCAACATCTGCTCTATTGATTGTTTCTTCTAGCTCTTTCATTTGCTTTTCTCCATAACCCATTGCTGGAAGAATCATATCAAGATGTGAATATTTTTTATAAGTATCCACAATAGAACCAACAGCATATGGCCTTGGATCAATGATTTCAGCTGCTCCAAATTTTTTTGCTGCAACATAACCTGCCCCATATCTCATTTCACCGTGAGTTAGAGTTGGACCATCTTCTACTACAAGAACC
NZ_CP007389.1_gap50	1803652	1805791	2139	AATAAAATGGAAATACACACCAAACAAAGATTAACACAACCGCAATGTATAAAAAAAACTTATATAATATCTTTTTCATTTTCATATTATCACTCCCTAGTCTATCTGCAATTTTAGTGATTTAATATAAATTACGGCAAATACAGATATCAATAAAAATATAATCACAGAAAGACTCGAACCATAACCAAACCATGTTCCTGTAAATGCCCTATCCATCAGAAGTGATCTATTATAAACAGATAACGTTTCAGTTCCTACACTTCCCCTTGTCATAACATAAACAACATCAAAAACCCTTAAAGCATCTAATGTTCTAAATATTAACGCAATACCAATTGTCTGCGTAATTTGTGGTAATGTTATTTCAAAAAATCTTTGTAACATGTTTGCACCATCAATTTTGGCAGCTTCATATAATTGTTCAGGTATAAGTTGTAATCCCGCAAGAATCAACAACGCCATAAAAGGTGTGGTTTTCCAAACATCAACTTGAATTATCGCCCACAAGGCAAGCCCAGGTCTTCCCAAAATTGGTGTTCCAGGTTCTATAATTCCTAAAGCCTCGTATAATCTTGAAATAATCCCAAATTGATCGTTAAACATCCATCTCCACATCTGAGAAGAAATCGCTGTTGGAATTGCCCAAGGAATTAGCATAGCCGCTCTAATTGCCCCTCTAAATTTAAAATTTTGATGAACAACTAACGCTATCAAAAGCCCCAAAATTGTTTCAAGTGAAACTGAAATAACAGTAAAAATAACTGTTGTTTTTAAAGAATCCCAAAACCTTGAATCGTTAAAGAGCTTTATATAATTTCCAAACCCAACAAATTCCTTGGGAAATCTTGGGTTCAAACCAAAATCAAAAAAACTATCGTAAAAAGTTTTAAAAAGCGGAAAAAATGCTATTACAGAAATAACAAATATTGCTGGAAAAATCATCCAAAAAGTTACAATTGGTTCTTTTTTATGCATTTTTTACCACCTCACATCAATAACTAGGGGGGATAACCCCCCATTATTTTATAAGCATTTTTAACTCCTTCTCTAAATCTTTTATAGCTTGTTCAGGTGTAACCTGTCTTGTCAAGGCCGCGTGAATATGTCTTTGAATTGCATCAGAAATTTCCGCGTAATTTACTGCCCTTGGTCTTGGAAGAGCATTAATGAATACATCAAACAACTCGACCATAAATGGATTAACTTCCTTCAATTTTGGCTCTTCATATACGGCCATTCTTGTTGGATTTTGCCCTGCATTAATTGCCTTATACAATTGTTGATTGTGACTTGTAAGGAACTTAATTAATTTCTTTGCAGCTTCTTTTTCTTTTGGTGAAGAATTTGCATTAATTCCTAAATTCCATCCACCCAATGTTGCTGCGTGTTTACCACCAGGACCTTTTGGGAGTGGTGCAATACCCACTTTTCCTTTTATAGGTGAATCATCGGAATTTGCAAGCGACCATGCATATGGCCAATTTCTCATAAATACTGCATTACCACTTTGGAAAATTCTTCTTGCATCTTCTTCCATGTACGTTGTTACACCTTCAGGAGAAATTCTATTTTTGTAAATTAAATCTACCATAAATTGCAATGCTTCTACCGCTTTAGGATTATTGACTACAACATTTCCATTTTCATTTAAAACATCTGTTCCAAAAGACCATAAATATTCCATAAAATCACATACTAATCCTTCGTATCTTGCACCTTGCCAAACAAAACCTTCTATACCTTCGGCTTGTGAAATCTTTTTTGCCATCTCAACCAATTCATCCCATGTTTCAGGTGGTTTTTTGTATCCATATTTTTCAAGTAAATCTTTTCTGTAATACAAAAGGCCTGCATCAGTAAACCATGGAACTGCAACAATTCTTCCCATTACTGTAACAGATTTAACTGTACCTGGTAAAAACTTATCAAGTTCAAAGTATTGATAATCATCTGTTAAATCCTCTAAAAATGGAGCAAATTCTGGAGGCCAAATTACGTCTAACATTAACACATCAGGATCACTTTCTCCTGCAGCCAAATACGTAACATACAAATCATGTCTTTCTGTAGAAGAATCTGGCATTGGAATAACAGTAACTACTATATCAGGATTTTCCTTCATAAACTCTTTTAGCT
NZ_CP007389.1_gap51	1808276	1812652	4376	GAACTTAGAAAACTATACGAATACTCAAATAAAAAAGCAGAAATAATTTACCAAGATATATTTGTATATTTAACCGCTGCAATAATAAACATTTATAAAATCCTTACACCAAAAAAAGTTATTCTTACAGGTGAAGGCGTTACACCTTGGTTCTCGCAAAATCTTCAAAAAAAGATATTATCGATAACAAAAGACCCAATTCCTATTATTTACAGAGGATTGGAAAATAATATTGAATTAGGTGCAGCAATAACATCTTTACAAAATCACATAATTAATAATAAATTTTAACTTCTGTTCCAATCAAATAATCCGATTTTATGTCTAATTTACATCCTAAAATATTACATATATGTTTTACTATTGAAAGTCCAAGACCAGAACCAGGCGCCATTTTTATGGCATTTTTGCTTCTATAAAATCTTTCGGTTACTTTTTTTATATCTTCTTTTTTTATTCCGATACCATTATCTTTGACAGTTATACTTTCTTTATCAACAATAATATAAATTGTACTTTCCTCATAGGAATATTTTATTGCATTTGATACAATGTTTTTAATTATTGTATACAACATAAAGCTATCAAATTTTACTTCATCTATTTTAAATTCAACAGAAAATTTTAACTTTTTGGACTCTATTTTTTCAGAAAACTCATCTAAAACCTCGTTAATCAATTTTTCCACATCAATAATATCATTTTTTGGTTCATACATTCCAAGTTCCAACATAGAAATAATTTTTAACTGACGAATTATTCTTTCCATTCTTCTAACTGATTTTTCCATTTGATTTAACACTTCTAAAGTAAACTTATCTGAAATATTCTCCCTTAAAAAATACAAATTTCCTTTTAGTGCTGAAAGTGGAGTAAATAGTTCATGAGATATGGAAGTAGTAAAATTTACTTTTGCTTCTTTTACCTTTACTTTCTCAGTTAAATCTTTAATAAACAAATAACTTTGAAAATATCGTATTCGTACAAATCTTTCATCTGTTAATTGAAAAAAGTAAAATTTATCTTCTATTTTAAAACTTTCGTTTGAAATAATCCATCTAGTTATTTCATCTATTTTATTTGATGTAAAAACATCTAAAATTTCATTTCCTTCGAAAAAACCCAAGGATTTTGCAGTCTTATTTGAATTTTTCACTTTTAAAAAATCAAGTTTAATTATCGCATCATCAAAATTATCAAAAAAACTAAAATCATTCGTTATACTTTCTTGCATTAAATTTATACCCCACCCCTCTAACAGTTATTATACTATCTTTTCCTAACTTATTTCTTATATTACTTATATGAACATCAACAACTCTATCAGAAATAAATTCATCTTTCCACACAATGTCTAGAATCCTTTCTCTTGAAAAAACCACATTGGGATTTTTTGCAAGAAGACAAAGAATTTCAAACTCTTTTGCAGTAAAATCAATTATCTTATCATTCAATTTTACTAGGTAATCATCACAAAAAATTTGCAATTGCCCAAATTTTATTACTTCTCTTTCACCTGAAATTCTTCTAAAAAATGCCTTAATCCTTGCAACTACCTCTCTAGGATTAAAAGGTTTTGTCACATAATCATCTGCGCCAATTTCCAAACCATATATTTTATCACTATCGTTATCTTTCGCTGAAACTATAATTATACCAAGTTTTGGATAAAGAACCTTTATTTCAGGCAATTCATCAGTTGATAAACCATCAGGCAACATAATGTCAAGTAAAACTAAATCATACCTTTCCTTACTGAGTTTTTTTCTCATCTCAAAATTATTTTCTGCTTCATCTACCTCATATCCTTCAGATTTTATGTATCTTTTTAATAAATCGCGTAACGTTTCATCATCTTCAACTATTAATATCCTTTTCATAATTCTAGCTCCTTCAGCTCCTTACCTGTTTCAATATAAACAATTTCTTCGCATAAATTGTTAAGATGATCCCCTATTCTCTCTAAATCCCTGGCTATTAAAATATTTAAAATTAACTCATCAATATCTTTTAAAGTTTTTTTGGATTTTTCTCTAATCTTTATTTCGATATCGTCAAGTTTCTTATCATCATCCCAAATTTTCTTTAAAAGTTTTAAATCTTTTTTTGAAAATGCAATAAAAGTATCATGTAACATTTTCAAGGAAACCCCAAACATTTCTTTTATCTCCTCAATAATTCTATATTTTATCCCATTACGATTTATATATAAAACTTTTTCAGCTATGTTACAGGAAAGATCTGCAATTCTTTCTAAATTATTTGAAAACTTAATCATTGTAATTACATATCTCAAATCTTTTCCCTGAGGATTATATCTTGCTATAATCTCATAAATCTTTTCCTCAATATTTCTATTTAACTGATCTATCTCATCATCTTTCTCAATTACACTTCTTGCACCTTTACTATCCAAAAACTCCAAAGATTCTACAGCACTTTCAAAAGAATTTGATACAAGAGATAACATCTTAGAAATATCTGCTTTTAAAAGTGCATATTCACGTTCAAAGTGCAATGATTCCATAACATCACCCCTTAACCTATTTTACCATTTAAGTATGCCTCAGTTAACTTATGTTGTGGTTTTTTAACAATTGTTGGAGTATCAGCAAACTCTATCAATTCTCCTTGATACATAAAAGCAACATAATCAGAAATTCTAATTGCTTGTGATAGATTATGTGTAACTATGGCTATTGTATAAAATTCAGATAACTTTTCAAGTAATGCTTCAATCTTTTGAGTAGCTATTGGATCTAATGCAGAAGTTGGTTCATCCAAGAGAAGAACTTCTGGCTGAATTGCAAGTGTTCTTGCAATGCAAAGTCTTTGTTGTTGACCACCTGATAATTCACTTGCTGGCTCATTCAACTCTTGCCTTACCTCATCCCATAAAGCAGCTTGCTTTAAAGATTTTTCTACAATTTCATCTAATTTTTCTTTACGTTTAATACCATGAATCTTCAATCCAAATGAAACATTATCATAAATACTCATAGGAAATGGTACAGGTTTTTGGAAAACCATACCTATTTTCTTCCTCAAAATCGTTACATCAACATCGCCATCATATATATCCTTTCCTTCAAAATATATATTTCCTTCTATTTTAAATCCTGGAATATTATCATTAATTCTATTTACACTCCTTAACAAAGTTGACTTACCGCAACCAGATGGTCCAATAATTGCCGTAATTTTGTTCTTAAAGATATCAAAACTCACATTCTTAACAACTTTTTTTTCACCATAAAAGGCTGAAAAATTTTTTATCTCTATAATTTTCATTTTCTCATACCTCCAACTTTAAATGCTATAAGATACAATACTAATACAAAAATCAATAAAGCTGAAGAACTTGCACTAGCCATCCAAACTGAGTCTTTTCCATATGCAGCAACTAAATAGTAAATATGTGTAGGTAATGTCATAACTGGTGAAAATATACTTTTTGGCAAAGAAGTTGAGTAGAAAACTGCTCCCGTTACTAAAACTGGAGCAGTTTCTCCTATAGTTCTTCCAAAACCAATTAACGATGCAGTTAATATATTAGTCTTTACTGCAGGTATTAAAACTTTAAAAATCACCTCATTTTTCTTGGCTCCAAGTGAATACGCAGATTCTTTTAATTCAACTGGTAAACTTAATAGCGCTTCTTTGGTAGATGAAGAAATAACTGGTAATGCCATTAATGAAAGCGTTAATGATGCAGATAAAATTGATGTCCCAAACCCCAAGGCAATTGAAAATAAAGCGTAACCAAACAATCCAAATACGATTGACGGAAGTCCACTTAAAGAGGTCACAGCTAAATCAACTATTTTAGATAATTTGCTATCTTTGTACTCAGATAGAAAAATTCCTGTAAATATACCTAATGGTACTGAAAAAACAATACTTAATAATACTATATACAAACTACCTAATATTGCTGGAAATATTCCACCAGTTGTCATACCATCTGTTGGATATTTTGTAAAAAAATCCACAGAAAAATACCTTGCACCATCAAATATTATTTTGAAAATTAACAAAAATATTATCAAAACAACGAAAAAAGTTATAATTCTAAAAATAACTGATATTATTCTATCCATTTAACCTACCTCTTTTCTTTGCATAATAAGTTAAAAGCAAAGATATAATCAAAAGTATTAGCCCTGCTAAAAACAAAGAATGATAATGCATACTTCCAACTCCAGCCTCTCCAATTTCACTTGCTATTGCTGCTGTTAATGGTTTCACGGGATCAAATAAAGAGCGTGGTATAATTGCTGCACCACCACCTACCAATAATACAACCATAGTCTCTCCAATAATTCTATTAAATGTTAAAATAATTGCATTTATAATACCGTTAATAGAAGATTTGG
NZ_CP007389.1_gap52	1900830	1903549	2719	AGGCAAATTTTGAAGATTTGGAGCTGAACTACTCAACCTCCCAGTCGAAGTACCTGTTTGATGAAAACTAGAATGTACTCTATTTGTTGTGATATTAACACTACTAGGTATAGAATCTACGTACGTACTTTTTAACTTTTGAAATTTTCTGTATTCCAGGATTAATCGCGCGATTTCATAATCTTTAGCAAGTTCCTCTAAAACTTCCGCATTTGTTGAATTTCTACCAGTTGCTGTTTTTTTAACTATAGGAAGTTTCAATTTCTCAAAAAGTATTTCCGCAACTTGTTTTGAAGAATTTATATTAAACTGTTCACCAGAAATTTCAAATATTTTTTCTTCCAACTTTTTCATTTCTTCTTCATATCTTTTAGATAACTCTTTTAAATAATCAACATCAAAATAAACCCCGTTCAACTCCATCTGAGCCAAAACATTTATTAATGGCATCTCTATATTGTAAAAGAGTTCTTTCATTTCACCTATGTACTTACTCAAATAGCTATAAAGTCTGAATGTAATATCTACATCCTCACAAGAATACTCCGCAGCTTTTTCTATTGAGATAAAAGAAAAATCGTTACCAAACAATGGCATATTGTTGTCTACTAACTCCTCAAAACTTATCATTTTATACCCCAGATACTTTAAAGCTAACTCTTCAAGGTTGTACCTTCTCTCTTCCGGATTGATAAGATATGCTGCAACCATTGTATCAAAGTGTGGAATTTGTGGTTCAATTCCATTTACCATAAATACCTTATAATCAAATTTTAAATTCTGTCCAACTATATTATATCTTTCACATTCCAAAATTTCCTTTAAAAATTTTAAAACTATTTCTTTAGTTAAATTATTCTCACTTACATGTGAAATGGGAATATAATACGCTTCACCCTCATTAGTAGAAATAGAAACACCTACAAGTTTTGCACTAAATGGATCAAGTGAGGTTGTTTCCGTATCTATGGAAAAAGTTTTAACTTCATCAATTCTTTTTCTCAACTTAGATAATTCCTTCTCAGAATTGACTATTGTATACTTTTTTTCAAACTCTTCTTTTAAACCTAATTCTTTTATAATAGAAGAAAATTCATATTTTTTCAACACAACTAAAAGCTTTTTTGAATCATAACCTTTGTATATTAAATCTTCGATGTTTACGTCTAAAGGAACATCGTATATAAGTTGAACTAATTGTCTACTTTTTTCTAAGCTCTCGGTTGCATTTTCTAATAATTTTTGCAACTTTTCTGTAAGTAATTTTTTATTTTTCAAAACCTCATCAATTGTTCCGTACTTTTTAAGTAGCGAAACAGCTGTCTTTTTCCCAATACCTTTAACTCCAGGAATGTTATCGATTTGATCACCCACAAGTGAAAGATAATCACCAAATTGCTCGGGAAAAACTCCATATTTTTCAAAAACCTTTTTTCTATCGTACAATACTAACTCAGTAATACCCCTTTCTATTCGCCAAACATAAACCTTTTCATCAACAAGTTGCAATAAGTCTTTATCACCAGTGATTATATTCACCTTCTCAAAGGCATTGCAGAACCTTTTTGCAATAGTTGCAATTATATCATCTGCCTCATATCCCAATAACTTTAAAACCTTCACACCAAATGCATCAACAAATTCTTCAATGTATGGCAGTTGCTCTAATATAAGATCTGGTGTTTCTGGTCTATTTGATTTATAATCTTTTAAAATCTCCTTTCTTTTTTTACTTCCACCTTTGGAATCCAAAATAAAAGCACAAGCATCTTTTTCCATATTAACATGCTCTTTTAAAAACTTTATTAACATCTTTGCAATTCCATACAATGCATTTGTATGCATTCCAGTAGAAGTTTTTAAGAATTGATCTATTGCATAAAATGCTCTATATACCAATCCCGTACCATCAAAAAGAAATAGTTCCCTCATTTTTTTGCATCTCCCTAATTTCTTGCAATGTACTTACCGCACGTCTAAGGTGTGGAATAACTATAGAACCACCAACAATTAAAGCCACATCAAAAGCTTCAAAGAATTCTTCATCACGTACTCCATTTTCTACACATTTTATAATATGATAAGTTATACAATCGTCACACCTCAACACCATAGATGCAACTAATCCTAATAATTCTTTAGTTTTACTATCCAAAGCACCATTTTTGTAAACATTACCATCTAAATTAAAAAACCTTTTTGTATTTAAAGTACCAGATTCCAAGATTTTTTCATTCATTTTTTCTCTAAACTCTTTAAATTCTTTTAACTCCATTTTATTCCCCCCTCAACTCATATGTAAAAATTATTTCATCCCCATCAGATAGCGGTTCTGTAAAATACGCATCTTTACCGTTTTTCAAAAGTTTGTATGTTTTTATATTTTTTAGGTTTACATTTAACTTACTGAATATATCAGCCAAAATTATCCCCCCGCCATCTTCGGAATAAGTAGAATATATTTTATCACCATTCTTTATCTCATATTCTTTGCTCACCAATACACCATTTACTTCATATAATAGTGTATCTTTTTCTATCACTTCTTCTCTACCATTTAGAATAACCTTCACCCTCTTTGTCTCGCCTTCAGTTATATCTTTAATTTTCAAAGGTTTTACATCTATAACTACTTTTAACACATCTCCAGGGTTAACTTGATTTTTATCAGATAATTCCAAATCACCTTTTAGGATTCTTACCTTCCCCACTTTTTTTT
NZ_CP007389.1_gap53	1914844	1915344	500	ATTCATCAATTTTCCATTTATCCAAACATTAAAAATCGATGAAGATGAATAAGTATGATCCATAACTGCGTACCTTGTACCTATACCCGCGTGGTATCCAAAAAAGACAACCCTATCAAATGTCTCATCCAAACCTGTCATCATGTAATTTTTTCTAAAATTACCTGAGATTATCTCTACATTATCGTATTTTCGCGTAATATCCCACAAAATATTGTCACCCATAGCATGGGAATCAGAAACAAGCACGTAATTTTCACCTACAGCATCCAAAAAACTTTCAAGTTGTTCTATCAAAATATTTTGTTTATACCTCACACCATGCACAACATCTGACCATTGAGTTATTCCACCCAAGCCCTCAAAATCAACTGAAACATAAATTTTCACATTTTTCACCTCCATGTTACAAAAATATTTTATCCTAAATTCCCAAAAAACCTAAGCTTCGCATACTCATGCATAAATTAGAAAATCAAAAATTCTCATCAATACTTAAT
