gap_id	start	end	length	sequence
NZ_CP068224.1_gap1	33244	34901	1657	TTAATCAAAAAGTATACTAATTTCTATAAAAATGTCGCTGGAGCCAATAGTATGTATGATGCATCAAATAGAAATAACAATCTTCGGGTATTTCGTTTTGCAGAAGTACTTTTGCTGCATGCAGAAGCATGTGCTAAAAACGGAAATTTGGGCGGTGCAACATCTAGTTTAAAACGCATCAGAGATAGAGCAGGATTAGCCAATAAAACTTGGGCAAATGCGGACGCATTAATGAAGGAAATTATCAAGCAAAATGAACTGGAGTTTTTCTTCGAAGGACATCGTTTCTTTGACTTGAAACGTTGGTATACTCCCACAGAAATGAAGCAGGTCTTTGTGGATAATAAAAAACAAGGAGCCAATAATTTCCAACCCAAACATTATTATTTACCTATTCCTGAAGGGGAAATCAATACGAATACCAAGATTCAACAACATCCATTGTGGCGATAAGGTAGAAGATAGCTTACGGTTTTTGGCTAACACTGATCACCGTAGGCTTTTTGACAGATAGGTAGGGGATTTTTATAATAAAAATCATTTATAACTCTTAAAAATAGCATATTATGAATTTTTTAAAATTAATTCCACTTTTATTTTGTTTAGCCGTTGGGTCCGTCTATGCAAACTCTTCTTCCGATAAGAAGGAGCATGTGCAACCAGAAAAAAACGCTGTTGAACATAAACAGGCAAGTCAAAACACCATTAAAATTGTTTCCGGGGCTTCGCTCCGGCTGAACAATAATACAGCGTATACATTAACTGCAGGAGTTCAGTTATGGAGTGGTAATAGTGTCATTAACTTGAGTTTTCCTTCTGCTCCGTGGTCGAATATTCTATACGAGAATATCCCTGAAGGGACCTATACGATTTCAGTTCATAGTGGCAGTTCATTTGACTATGAATATTGGATTCCTCAATTGGGAGAAAAAAGAACGGGGAATTCCGATTTTTTCGGGATACAGTTTAGTGAAAATAAACCATTGGGTATTTTCTGCAGTATAAAGAATAATAATTGATTTATTATGGCTTCAACCTCAAATATTGGGTGGAAGCTTGGCATACACATAAAAATTTATTCTCGATTCCACAGTTGAGTGTTAGTTTTTTCCGGTAGGGGATTAGATGCCTCTGCCGGAATACTTTTTGAAATTTCTTTTAAACAATAATATGTATGATTGCAGTACAACGGATGGGTAGATTTTTCACTACTTTGATTTTGCCACTTATATGCTTTGTTCTGTTGTTTTTTTCCTGTAAGAAAGATCGGGAAGCAACGAATGAGTTATCTTCCAAGCTGGCATTGACATCCAAAATCGATGCTGGAGAATTGTTGCTTGATGTCAATCAGCATACACTAGAGTATGTTTTCAACTTTGAGAAGGGAGCCGTAAATGTCCCCGTAAAGGATATTCTCAAGATAACTTCTGATCTCGCACATTGGCGTACAAAACTCTCCTTTAGCGACGGATCGGAGGTGGAGGTACCTACCAAAGGTAGTTCGCTCGATTTTATTGTTGAAAATATTAAACTGGATCCTTCGGGTTATAATCCACTGTCGGCCATGGTAAATGTATGGCTACCGACCTATGGTCGTGTACGGGTAACTGTACGTGGTAAGCATGGCAAACTGGGTACTATTACGCATTTATGTAAC
NZ_CP068224.1_gap2	36353	38357	2004	TAATCCAGGAAAAATTGTTAAGCGTTATTTATATCCTGTTGTTACCAAAGAACATATCCCCTTGACCTGGCGTTATGATTTTAATCCATTAACAAACCCGCTTTTTCTAGAGCGAATCGCCTTCAATTCAACAATGAATGCAGGGGCACTCTACTGGCAAGGAAAGTATCTGTTGTTTGTTCGTGTGGAAGGGGCAGATCGGAAATCATTTTTTGCGATAGCAGAAAGTGAAAATGGGGTGGATAATTTTCGTTTTTGGGATCAGCCATTGGTTCTTCCGGATTTGGATCAAGAGGAAACAAATGTATATGATATCCGGCTGACTGCTCATGAAGACGGTTGGGTGTATGGTATTTTTTGCAGTGAAAAACGCGATGCAGCAGCAGCTCCGGGGGATCTCTCCAGTGCCGTTGCTTCTGCAGGGATCATTCGATCAAAAGATTTGAAGCACTGGGAGCGTTTACCCAATCTGAAAGCGAGTAGTCAACAGCGAAATGTCGTATTGCACCCCGAATTTGTACAGGGGAAATATGCCCTCTATACACGGCCACAAGATGACTTTATCCTAGCAAAACGTGGCGGCGGAATTGGATGGTCATTGATTGATGATATTAAAAATGCCATTGTTGTTGAAGAACAAATTATCAACAAACGTTTTTATCATACGATTAAAGAGCTGAAAAATGGTGAGGGACCTGCCCCTTTAAAAACGGCGAAAGGCTGGCTACACCTTGCCCATGGCGTACGGGGGACGGCAGCAGGGTTACGTTATGTGCTCTACCTTTATCTCACCAATCTGGATGATCCAAGCCAATTGATCGCCGAGCCTGCGGGGTATCTGATGGCGCCGGAGGGAGAGGAACGGATCGGTGATGTTTCCAATGTGTTGTTTTCTAACGGTTGGATCATGAATCCCAATGGCATGGTTTATATCTACTATGCATCGAGTGATACACGAATGCATGTTGCCGTATCCTCGGTTGACCGGCTTTTGGATTATTGCCTAAATACAGCCCCCGACAACCTTCGCTCGGCAACCTCGGTTGACAATGTCCTCCAGCTTATTGATCGCAATGCGCTATATACCATGGAATCTGGAATTTGTTCGCGAAACGGTGTGAAACGGGCCTGATAATAGGATTTGAAAATTGAAATCCGGTCTCCTATTCTAGATCGGATAGCCCGACTTGGTGTTAGTTATAAAGGCTTATTGTTAATTATAAAATCGATATTTAGGAGTATACAAATGAAAGATCTGATCAAGTTTTATGGGGTGATTGCTTTACTTTTTCTGTGTTCGACAGTGAAATCTCAGGCCGACCAACCGCTAAAGATAATTTCTTACAATATCTGGAATGGATTTGAACATACGAAAGCAAAAGCGGATAAATTTGTCCATTGGATGGAACGACAGCAACCGGATATCGTTGCTTTAGAAGAACTGGTCGATTTCAAACAGGCCGATCTTCAACAGCTGGCCGAATCCTACGGACACCACTACAGCGTCTTACTCAAGGAGAAGGGCTATCCAGTAGGGATTACATCTCGCTATCCGATTACCCTAATCAAAGCCCAGGTGGATGAGTTTTGGCATGGTATGCTGCATGTTAAAATTAAAGATATTGACATTATAGTCACACATCTCAGCCCTTTGTCCTGGAAGTATCGATTAAAAGAAGCACAGCAGATTGTGGATTATATCAAAAGTAATTCCTTGAATAACTGTATGATCATGGGGGACCTCAATGCTTATTCCCCATTGGATGCAATTTGGCTGGAACATAAAGCACCACTGAGAAAGAATTTATCGAATTGGGATCAAGCGCATCCAGAATATGGCAATATGCGTGGCCAGCGTTTTGACTATAGTGTGCTGTCGACTTTAATTGCTGCAGGTTTTGATGATTGTATCGGACGTACTGTATTTCCAGAAAATAAGCGGGTCAGTTTTCCTACAGCAACACTATATGGCTGGAATTGGGGTGACAGCCGATTAGCTGAAGT
NZ_CP068224.1_gap3	39769	43909	4140	TTCGTTTGAGTTATATTGTTTCTGTTTCTGTGGTTGTCTGTAGCACGATCATCGGATTATATGTCCAAAACATCAATTCGGTGCTGCAGTGGATCGTTTCGGCACTCTATGGTGGATATATTGCCGCGAATGTGCTCAAGTGGCATTGGTGGCGATTTAATGGATCCGGATTTTTTTGGGGAATGTTGACCGGTATATTCGGCGCAATTATTCTGCCTCAGTTTTTTCCACATACTTTGCCGCTTTATTATTTTCCTTTTTTGTTTGTCCTATCCTTACTGGGCTGCTTACTTGGAACATGGTTATCTAAGCCAACTGAGGAATCGGTTTTGGTTGATTTTTATGTTCGTGTTCGCCCCTGGGGATTTTGGGGGCCAATTCACCAAAAAGCATTGCAGAAATACCCTGATCTTAAAAGAAACGATCACTTTAAGCGTGATTTATTTAATGTTGGGGTGGGGATTGTATGGCAATGTTGTTTGACATTGATCCCGATGTATATTGTTATTCAACAGGAACAGGGCTTACTAACTAGTATACTGATATTAGGTATTACCACACTGATTCTTAAAAAGAACTGGTATGATAAGATGTGCCGCGATGAGGCCGAATACGATGCTTTTATGACAAAATATGGGATGAATAAAGCGGATTGATAAGCAAATAAGTTTTTTTAAAAAAAATAGGGCTGAAAAAAGCGAAGAATCATGTAATCGGACGGTCTGTTGTTTGATTAAAAAATCGTTCGCTCGTACCGTACCGATTACATGGATAATGCGTTTTTAATTTAGTTGCTCGCTTTAACCGTAAATGGAACTACATACTGTCCCCACTCCAAAGAAATAGTTCCTTGTGGAGTCGCATTGATCTTAAACTGTTCCTGTGAATTGCTTGCTGTGGCATTGCTAACAGAAACACGTAGGGCATCTTCGTTGGCATCATATTTTGTTCCCCACTGATTCCACACTTTATTAAACATAATTGTTGTTTCGTGTTCTCCAGGGATACTGTAAAGACCATATTTTCCAGCGGCTAATTTCTTGCCTTCAACCAATACATCTTTATTAAATTCGATGGTGGTCGCTTCATTCGCTCCAGTACGCCATACAATGCCGATAGGGGCGATATCAACACCAAGCTGACGGCCTTTCAAAGAAGGGCGGCTATAGTTAATGTCGATCGTGACACCGTCGGTGGTGGTTACTTTGGTGTTGTCTGGAGGGCTCGGGCGTTTACTTTTGTCGGTCTGAGCAAAGGTAAGTTGACCTATTAAGGTCAGGATTGTTAAAATTAGTACTCTCATTTTGCGTATATTATTGATTAAACAATTAAATATAAGATTTTTAAATTATGGAATTGTTAGTTTTTTTTGAAGACTTTGGATGAGGTATTTTGGTTATATAAACGAGAAAAGCCAGGATATGAATCACTGGCTTTTTCCGTTTATACCTATTATTTAAACGAGATATTCAAATAGTGTCTGGTCTTTGTTGATTTCAATGACATCAAACTTATATTCTTTCATGCGTTCAATCAATGTTTCGTAATCTTCAGGCTTGTTGAGCTCTATGCCGACTAGCGCTGGACCTCTTTCGCGTTCTGTTTTTTTGATAAACTCAAAACGGGTAATATCATCCTTAGGTCCCAATACTTCAGAAACGAAGAGTTTTAATGCACCTGGGCGTTGTGGGAAACGAACGATAAAATAATGTTTGTATCCTTCGTAAAGCAGAGACAATTCTTTGATTTCACTCATGCGGTCGATATCGTTGTTTCCACCGGATATGATACAGACGACTTTCTTGCCTTTAATTTCATCTTTGTGAAATTCAAGAGCAGCTACCGATAAAGCACCCGCGGGCTCAACGACGATTGCATCCTTATTATACAGCTCTAGGATACAGGTACAGATCTTTCCTTCAGGAATAGAGCGTGTATCATCCAACAATTGTTTTGCAATTTCAAATGTCGTGGCACCGATCTTTTTAACGGCGGCCCCATCAACAAATTTGTTGATATGCTCGAGCTCGATCGGTGCGCCATGTGTCAAAGCCGCTTGCATAGAAGGAGCTCCTTCGGGTTCAACACCATAACATTTGATTGCTTTGTTTTTACTCTTCAGGTAATAGCTTGCTCCCGCGGCAAGTCCACCGCCACCAATTGGGATAAATATGGCATCCATATCGGGAAGATCTTGTAAAGCTTCAACGGCCACAGTACCCTGTCCTTCCACTACTTTGAGATCATCAAATGGCGGGATGAAAGTCATGCCATGCTCTTCTGTGTAAGCCAACGCCGCTTTTTGACAGTCATCAAAAGTGTCTCCGGTCAAGATAATCTCTACATTACCGTTACCCCACATTTCCGTTTGTGAGATCTTTTGGCGTGGTGTCGGCCCCGGCATAAATATCACACCTTTGATGTCGAGTTTATTGCAGGAGAAAGCAACGCCTTGGGCGTGGTTACCTGCACTCGCACATACAACGCCGCGTTGTCGCTCTTCCGCTGTTAAGGAGATAATTTTATTGTAGGCACCGCGTAATTTATAGGAACGTACGACTTGTAAATCTTCCCGTTTGAGATAGACTTCGGCACCGTATTTTTCGGACAGATGCCGATTATATTGAAGCGGTGTTCTGTTGACCACAGACTTGATGCGGTCAAGTGTAGCTTCTGAATTGATGTTTAAGGTTGATAGATTCATTGTTAGATGATTGCCTAGTTAAGGTAGCAAATAAAACGCAGATATTCGCTGTTATATGAGAGATTCTACCTATACAGTGTTTAAATTTAGTTGATTTTGAATGGAAGACCGTCTGAACACATGCTAAAATAATAATCAGCTATGCGTCATGTGGATCCTTTTAAAAAATGTACTTATGATAAAAAAAGGCTGCATCTGCAGCCTTCCTTTTTTTTATATTTTTTCCTGGATGAGGCTTTTTAGGTCATCATCACAAATATTTTTCTTTTCGTCGGCTAAAACCAAGAAACGTTGGTAGCAATCTGCTAAATCATCTTTTTCAAGATGGAAGCCTAAACGTTCCAAATGGTGTTTAAGGGCATGTCTTCCTGAACGTGCAGTTAAAATAATATCAGCTTCAATCAAACCAACATCTTCTGGTCTGATGATCTCATAGTTTTCGCGGTGTTTTAGGAAACCATCTTGGTGAATACCCGAGCTATGCGCGAAAGCATTACGCCCAACGATCGCTTTGTTCGGTTGGACAGGCATGTTCATCATTTCACTTACCTTGCGTGATAAGTACGTAAACATACGGCTATCGATGTTTGATGTTAAGCTTCCAAACGACTGGTTGTGCACTTTAAGGATCATGGCTACTTCTTCAAGCGAAGTGTTTCCGGCACGTTCACCGATACCGTTGATCGTACATTCTACCTGGCGGGCTCCATTTTGAATGGCAGCGATAGAATTTGCTGTTGCAAGTCCTAGGTCATTGTGACAATGTGCGGAAATAATTGCCTGATCGATATTGCGTACATTCTCCTTTAGGTAGTTGATTTTTGAACCATATTGGTCAGGTAAACAATAACCGTTTGTATCAGGGATGTTGACCACCGTAGCACCAGCCGCAATCACCGACTCAACCATTTTAGCTAGAAATTCCAAGTCTGCGCGACCAGCATCTTCTGCATAAAACTCGACATCTTCCACATAGGATTTGGCATGTTTTACAGCCGCAACAGCACGTTCTAAAATTTCTTCTCTTGTGCTGTTGAATTTATATTTGATATGCATGTCCGAAGAACCAATACCGGTATGGATACGTGGGCGTTTGGCATATTTTAATGCCTCGGCAGCTACGTCAATATCGTTTTGATTGGCACGGGTTAATGCACATATAATAACATCGTTCACCGCTTTAGATAATTCTACCACCGATTGAAAATCACCAGGGCTAGACACTGGGAAACCGGCTTCGATAATATCTACCCCTAGTTTTTCCAAGTCTTTAGCAATCTCAATTTTCTCTGGAGTAGTTAATTGGCAGCCTGGTACCTGTTCGCCATCACGTAAGGTGGTGTCGAAAATGTAAAGATGATTAGGATCGTGTAACATAATTTCTTAATTCAAAAGATTTACAAATTAAAAAGGGTATACTATTTAATAAACTCCAA
NZ_CP068224.1_gap4	51933	55853	3920	TCATGATATCAGTTTGAGGATGAAGCTCATTTTGGATAACTTCTTTGATTTCTTCTTTTTCAAGTTCACGGAATTGTGCAAGCCAGTCGGAGTGATCTGTAGCGTTTACCAATTCCGTCAGCATTGGAAGTGACTCTTTACAGTCGCCCCATACAGGTACGGTTGTCTGTACGTTTTTGTCAATCTCTGCCGGGTCTATATCCAAATGGATTACTTTTGCCTGTTTGGCATATTTGTCCAAACGACCTGTTACACGGTCATCGAAACGCATACCGATGGCTATTAAAACATCACATTCATTGGTCATGACATTTGGCGCATAGTTACCATGCATACCCAACATCCCTACGTGAAGTTTATGATCCGTTGGAAGTGCACTTAAGCCCATGACAGTCGATGCCGACGGAATGCCAGTTTTCTCGATAAAAGCTTTGAATTCTTCCTCTGCTTTTCCAAGAATGATGCCTTGTCCAAAAAGAACAAATGGTTTTTTTGCATTGTTAATTAACTCGGCTGCCTGCTCAACATATTCTTTACGAACTTGTGGTGCAGGTCTATAGCTACGTACGTGGTTGCATTTTTCATAACCAAAGTAATCGAACAATTGCATTTGTGCATTTTTAGTGATATCGATCAATACCGGTCCTGGACGACCTGTACTGGCAATATAAAATGCTTTTGCGAGTGCAGCTGGAATTTCAGTTGCGTCGGTGACTTGGTAGTTCCATTTGGTGACCGGTGCCGTGATATTGATGACATCTGTTTCCTGAAAAGCATCTGTTCCCAAGAGTGAAGCAAAGACCTGACCTGTGACACAGACGATAGGGTTACTATCGATCATGGCATCAGCCAGTCCAGTAACTAGGTTTGTTGCTCCAGGACCACTTGTCGCAAAGACGACGCCTGTACGACCTGAAGTTCTTGCATAACCTTGCGCCGCGTGGATTCCACCTTGTTCATGGCGCACTAAAATATGCTTCAGACGATCCGTATAATCATAAAGGGCATCATAGATCGGCATAATTGCGCCTCCAGGATAACCAAATACGGTATCAACTCCTTCGCTCAATAAGGCCTCCAATACAGCTTTCGATCCCGAAATTTGTGTCGGAGTTTGCTGCGCTGTAGCGGCCTTATTTTCTGTTATTTCCAGTGTACTCATTACGTTGATTTTTTTATTGTTGATTATTCAGTCTTTTTAGTATTTAGATATTAGATCTGAGACATTAAGCATCGATTGTTTAGGTCTCTATTTGCTTAATGTCTCTGTTTTTTATTTTCTACTGATCCGTTACACAGCCTTCTGAGGCATCGGCAACAGTTTTAGCGTATTTGTATAAAACTCCTTTGTTAACTTTTAACGCTGGTTGTACCCAAGCGGCACGACGTTGCGCGATCTCTTCATCGGAAAGTAGCACATTGATGCTGTTATTCACTGCATCGATCTCGATAATGTCATCATCATTTACAAGACCGATTAATCCGCCTTTGTAAGATTCTGGTGTGATATGCCCTACGACAAAACCATGTGTTCCACCTGAGAAACGGCCATCGGTAATTAAAGCAACAGATTTACCAAGACCGGCACCAATAATCAAGGAGGTTGGTTTAAGCATTTCAGGCATGCCTGGTGCTCCAACAGGACCTTCATTTTTGATCACGACAACATCGCCTGGTTTGATTCTACCAGATGCAATACCGGCCACTAAATCATGCTCTCCATCGAATACGCGTGCAGGACCAGTGAATTTTTCACCTTCTTTACCGGAGATCTTGGCAACAGAACCTTTCTCTGCTAAGTTCCCATAAAGAATCTGTAAGTGTCCTGTAGCCTTGATTGGATCGCTCAATGGTTTGATAATCGGTTGGTCATATTCCATGATTGATTTAACATCAGCCAAGTTCTCAGCGACCGTTTTTCCTGTTACCGTAATACAGTCACCATGAAGTAAACCTTCATTTAAGAGATATTTCATGACAGCAGGAGTTCCACCAAATTGCTGAAGATCTTGCATCAAGTATTTACCGGATGGTTTGAAGTCAGCTAATACAGGGGTTTCGTCACTCATGCGTTGGAAGTCATCTTGCGTGATGTCTACGCCTACGGCTTTGCCTATTGCGATAAAGTGAAGTACAGCATTGGTACTACCACCCAAGATAACAATGATACGTAGCGCGTTCTCAAATGCTTTACGTGTCATGATATCAGAGGGCTTGATATCTTTCTCAAGCAGCGTGCGGATATGTTGACCTGCTTCTAAACATTCATTTTTCTTTTCTTCCGAGATCGCTGGATTGGAAGATGAGTATGGTAAGCTCATTCCCAAGGCTTCAATTGCCGAAGCCATGGTATTTGCTGTATACATTCCGCCACAAGCACCAGCACCAGGGCAGGTATGTTTGATAATGCCTTCATAGTCTTCATCGGAAAGATTTCCGCAGATGCGTTGTCCCAATGCTTCAAATGCAGACACAATGTTTAATTCTTCACCTTTATAGTGGCCTGGAGCGATAGTACCGCCATATACCATTAAAGAAGGACGGTCTAAACGGGCCATTGCCATGATTGCACCAGGCATGTTTTTGTCACAGCCAGGAATAGAGATCAAGCCATCATAATATTGTCCACCACAGATCGTTTCGATACTATCAGCGATCACATCACGACTTACCAACGAATAACGCATCCCATCGGTACCGTTGCTCATACCGTCACTGACGCCAATGGTTCCAAAGGTCAAACCCACTAAATCATTGTTCCAAACGCCCTTCTTGACGATTTGTGCCAAATCATTTAAGTGCATATTACACGTATTACCATCATATCCCATGCTGGCAATACCGACCTGTGCTTTGTCCATGTCGGCATCCGTAAGACCGATACCATAAAGCATTGCTTTTGCAGCAGGTTGCGTTTCGTCTTGTGTAAATGTACGGCTGTATTTGTTCATTGCGTTTTCGCCGTTAGATGATGACTTCATAATTTTCGTTCTCTAATACTAAATTTTTATATCTTCTTTGGATTGATGCACCTATGCTGTGTTCCCAGGCTTCTTTGTAGATGACATCATCGACTTGTTTGATTCCGATAATTTCTGCCGCAGTTCCGCATAAGAAAGCGCTGTCAGCAGTGTAAATGTCTTCTATCGTCAATTGCTTTTCAATGACTTCGAAGTTTAATTTTTTACAAATGTTTTTTACAGTCTGGCGTGTAATGCCCGGGAAGATATTCTTCACTGGCGGCGTATAGATTTTGAAATCCTTTTCGATGAAAATATTTTCACTGGATGCTTGGGCAACGTAGCCTTCGTGGTCGAGCATTAACGCTTCGTCGTAACCCTTCCTGATGGCTTCTGTTGTCGCAAGGATGGAGTTTACATATTGCCCAGAGATCTTCGAGTCAATTTTAAACGACTTTGGATTAGGTCTTTTGATATCAGAGATACATACCTTTAATAGGTTTTGACCAAGATATGGCCCCCATTCCCATGCTGCCATCATGATGGTTGCTTCGGTTGATGAGGTTAGGTGCATATTTGAACCGGTCAATACCAATGGACGTATATAAGCTTCTCTTAGGTTGTTGTTGGCCAAGAGCTCATAACAGATGTCGATCAGTTCTCGGTTGCTCCAACGATAGGGAATATTAACTGCTTCACACGATCTCTTTAAGCGATCGAAATGCATGTCAGCTTTAAAGATACGTGGTCCATTGTGGGTATTATACGCACGTAAACCATCGAACACCGCATACCCATAATGCAGTGACTGTGCAAAGGGATCCAATGCAGCTTCGGAAGCTTTTACAAAAGCTCCATCTAAATAGATCAACGTGTTTTTATCGTAATATTTCATAACCCAAAATTTACCTAAGTATAATAGTTCCCTTTGTTGTAATAGTGGTGGTAAATCATGCTATC
NZ_CP068224.1_gap5	58693	62874	4181	TTGTGGAGTTTTGCTACGGTATCAATTACATTTCGTTTCACAATATCAAGATTGGTTTTTCGTACCATCTTGAAATCATAGTTGTTTTTCGAAATATAATTCAGGTGGTCAAATTGATTCGCCAAACTTCCTTTTTTTAATCCATCCGGACTGTACTTGAAGGCATTATCCTGTTGTGCTGCTGTAGTGGCGGGAGCCGCGGCAGGAGTTTGTGCCTTCAATAGTGTATGTGATGAAATAAATAAAATCGTAAAGAATATAAATGCTAATCTCAATTTGCTCATGTTGTTTATTTTATAAAATGCGTTAATCTAGCTTATCCTAATTGTAAAACTAGGATATACCTGTGATAAATATAAGGAATTATTGAAAAAACGAAAATGTTAAGTGAAATATATTCCAATTCCCATCGGTCATTTCCCGTTACTTTATCATGATTCGATAGACCAACTTGGCAAATACCGTAAAAAGGACATGATCTTTTCCTTATAGATTGCCGTATTTAGTTTGAAATAGTATGCTCCTTTTTTTGAGTTTTCCTTATCCTTTTCCTCCAGTTTGATTATAAGGTCTGAGGAAAGCAGTTTTCGGCTGAAATTGCGCTTATCCAACTCGATATTGTAGACACCCTCATAGAGTGCTGCAATCTGGGGAATCGTGAATTTCTCAGGCAGCAATTCAAATAATATCGGATACAAAGCTGCCTTCATGCGTAGGCGGTGCTGTGCCGAAGCTATCATTTGATCATGATCGAAGATCAGTGTTGGATGCTCCTGTAATGGAAACCATTGAGCTTCGTAATCGTCACTGAGGATATGTTTATATTGCTGCGTATCAATCAGCGCAAAATAACAGATACTGACAACCCGGTCGCTAGGTTCACGCTTCGGTTCACCGAATACACTACATTGTTCCATGTATACATTTTCAAGTCCTGTTAATTGTGTGAGCACCCGGCTCGCCGCTTCTTCCGGACTTTCGTCAGATTGAACGAAACCACCCATCAGACTCCATTTATTTCTTTCTGGTTCGAAATCACGTTTAATTAAAAGTACTTCAAGGGATTCGCCGTTAAATCCAAATATAATACAGTCTACTGCCAAAAGGATCCCTGAATCTTTTTTATAATATTCCATCGTCTATCGTTTTATCTTTTTATCTGACACCACCCCATTTATTCCACGAGCAAAACTATGTAAAAAAGTAAATAGCTAAAAATAAGTATAATAATTGTCTGATACATCCCTTTAAAAGGCTTTTATACGCTTATGTCAGGAATGCGGGTTAACCATAATTTGCTGCTATGAAGTTAGCTCTATTTTTTAAATATGAAAATTTTCTTTCATATTTAAAAAAATAAATGTTTATTTGACACTAATTATTTTTTCAAGGCGAACTTCAGAAAGGGGGGGATTGAAAAATAAGGCGTTAGAGACAATTATAAGTTATAAACCAAATTCAGCAAAAATGAATAAATCGTATGTCATTGGGGTGGACTATGGAAGTGATTCGGTCCGTTCGGTATTGGTTGATGCTAACAATGGCGAGGAGATAGCTTCTTCTGTATTTTACTACCCGCGTTGGAAAAGAGGGGAGTATTGTGATGCTGCTTTAAGTCAGTTTAGACAGCACCCGTTGGATTATATCGAAGGCTTGGAAGCAACAATAAAAGATTGTTTGCTCAAATCGGAAATCGACAATATTGGCGCAGCTGTAAAGGCAATTTCCGTGGATACAACGGGATCTACTCCAGTTGCCGTAAACGCAGCCGGGGTTCCATTGGCGTTGTTGGACGAGTTTAAAGACAACCCCAATGCCATGTTTGTTTTATGGAAAGATCATACAGCTGTTGGAGAGGCCAAAGAAATTAACCTGCACAATCAAAATAGTTCGGTGGATTATTTGAAGTATGTGGGTGGAGTATACTCTTCGGAATGGTTCTGGGCCAAATTACTTCATGTTTTTAGGGCTGATGAAAAGGTCCGTGCCGCCACATATAGCTGGGTTGAGCATTGTGATTATATTCCTTTTCTATTGACCGGGGGAACACAGGTGTCTGCTATGAAGCGTGGAGTTTGTTCAGCGGGGCATAAATCGCTTTGGGCCAAAGAATTTGATGGCCTACCTCCAAATTCTTTCTTTTCAACACTTGATCCATTGCTGGATGGTTTGGTTGATCGTTTGTTTTCCGAAACATACACTGCTGATCAATCTGCTGGTCAGCTTTCGGAAGAATGGGCGCAACGATTAGGTCTTACAACATCAGTCGTTGTTGGTGTAGGTGCATTTGACTGTCATATGGGGGCTGTCGGAGGACAAATTGAGCCATATTATCTGAGTAAGGTGATGGGGACATCGACCTGTGATATGCTAGTTGCCCCGAAGGAGGAGGTTCAGCATACGTTGGTCAGGGGAATCTGCGGTCAGGTAGATGGTTCAATTATACCGGGAATGATTGGTATGGAAGCTGGACAATCGGCATTTGGAGATGCTTACGCTTGGCTGAAACAGGTGTTACTGTGGCCAACGAAAAATTTGATACAAGATATTGAAGAGATCGAAGCGCATACGCGTGAACAGTTGATGGCAACCCTGGAAGATAAACTCTTGTTCAGTCTAAGTGAGCAGGCGGCATTACTTCCCGTAACGGCAACATCTGAATTAGCTTTGGACTGGCTCAATGGTCGTCGAACTCCGGATGCGGATCAATCCTTGAAAGGAGCGATTACAGGTTTGCACCTCGGAACAGATGCGCCTCGGATCTTTAGGGCGATTGTCGAAGCGACTTGTTTTGGCGCAAAGGCTATTGTTGACCGTTTCGTGGAGCAGGGTATTCCGGTAAAAGGCTTGATCGGTTTAGGTGGAGTTGCAAAGAAATCGCCCTTTATTATGCAAATGATGGCCAATGTGATGAATATGCCTATTCGTATTCATAAAAGTGAACAGACTTGTGCCATTGGCGCAGCAATGTTCGCCGCAACAGCGGCTGGTTTATATGACCGGGTCGAGGATGCCATGAAGGCAATGGGGCAAGGTTTTGAACGAACCTATATACCAGAGGAAAAATGGGTAACAATCTATGCCGAACGCTATGAATATTACAAGGCTTTGGGAGCTTTCATCGAAGGAAAGGAATCGCTCGCCATTACTGTTTAACCATTCAAATTTTAATCATGTATAATTCAATTAAAGAAGAAGCCTACCATTGCAATATGCAATTGCCCCAGCTGGGATTGGTGCTTTTTACATTTGGAAATGTGAGCGTTGTCGATCGCCGTCAGAAAGTTTTTGCGATTAAGCCAAGTGGGGTTCCATATGAAGAACTCTCACCGGAACATATGGTGATTGTAGACTTCGATGGTCAGGTGGTTGAGGGAAATCTTCGGCCATCATCAGATACGAAAACTCATGCGCTATTGTATAAACATTGGAAGGAAATCGGTGGGATTACCCACACGCACTCCACCTATGCAACAGCATGGGCACAGGCGCAACGGGATATTCCCATTTTCGGAACGACACATGCCGATCATTTGACCGTCGATATTCCCTGTGCTCCACCAATGCACGATGAGATGATCGCCGGAAACTACGAACATGAAACGGGGTTTCAGATTATCAATCACTTTGCCGAAAATAAGCTGGATTATAAAGAGGTGGAAATGATTCTGGTTGGTAACCACGCGCCGTTTGCCTGGGGTAAAACTGGAACAAAGTCTGTTTATAACAGTGCAGTATTGGAACAGGTTGCTAAAATGGCTTGGTTGACAGAACAGATCAATCCAAATGCGCCTCGATTAAAGCCTGCACTGATCAAAAAGCATTACGAACGGAAGCATGGGGCCAACGCCTATTATGGTCAATAATTTTTAGTAATAAAAAATCTATAGCAAAAACTACAATTTAACATGAATATCAATTTAAAAGAGCTTGAGGTCTGGTTTGTCGTGGGAAGCCAAGACCTATATGGTGAAGAAACCTTGCGACAAGTTGCCCTACATGCTGAGGAAATAGCCAATTATTTACATACCCAAGCAGCGATTCCAGTAGCGGTAAAATATAAACCAATCGTAAAAAATACGCACGAGATTTATGAAACATTGGCCGCCGCCAACAATGAAAAAAACTGTATTGGGGTTATTACCTGGATGCATACATTTTCACCTGCAAAGATGTGGATC
NZ_CP068224.1_gap6	108968	111746	2778	CTTTTATACTTTATTGCTTTAAAAGGAGCGATAATTATTTTATATCCGTTACTTCAATGACAAAATCCAATGGCGAGTTTGCCGGAATAGTTCCCACAGCCTGGTTTTGGTATCCATAAAGGGAAGGTGCCATGATGTGAATTTTACTGCCCTTTTGTAGACCTTTTTCCGTTAAGCCACCTAATTTCATGTCACCGATTTTTTGCGGAGCAAATGCGAAGGTCCAAGCAGGAATAATAGTGCTGTAAAATGGATATTGATACCCCGTGTTTGTGATGATTTCAAATTCTTTGGCAGTATCAGTTTGATCAAATACACTTCCACTCAATAATTTTCCAACGTATTTTACAGTCGGTTTAAATTTTAAGTATTTGCCATTTAATGTGTCAACCACTTTATATTCATAGTTCCCTGTTCCTTCGGCAAGAATTTCATACCAAATTCCTGTTTCGCTGTTGTATTGTGCATCAGGGTAATTTTGGCTAACGTAATTTTTAAGTGTTACAGAATCCGTTTTAAATTGTGCATTCGCATCATAAACCGGCGCATCGTCGCTTTTGTTACAGCTGATAATAAGGAAAGCGATTGCTGCAATTCCCATGAATAGTGGTGATAACAGTTTTTTCATTATATTTTTTATTGGTTTTTCAAGGAAAAGCTATTTTCTTATGAAAGTAGCTTTGCAAATGTATATTATTTTTTCTTCGTTAAAGGTTTTCACTATAACAATTAACATTTTGATACATTAATTTACACTTCTGAACGTGTACTTACAAAAAAGCCATTCTCACTAGGAGAACGGCTTCGATGAATGCATTGTTTTTATTTTTTATTTAACAGCACCAACAGCTTTTAGGTCGATGGTGTATACTACTGGTGTATTTTTAGGAACAGTTACCTTTTCGCTTCCTGTTGTATATTCTACTTGATCAAAAGAATAGTAAGAAGGAGCAATAAAGCTTATTTTGTCTCCTTTTTGCAATCCTTTTTGTAATAAACCTTCAAATCTTACATCTTGACCTTGGATATTAATAATGGTAGGAATAAATGCTTGCACCCATGCTTGGCCATAAGTTTTTATGGCAACGCGAATGTCGTCATAAACTTTAGGAACACCATCTGTATTTTTGTCGAACACAGTTCCATCCATCAGTTCGCCTTTGAAGTTTAAGGTTGCAGACCACGCGTTTGCTTGTGGACCATAATAGCCGATACTTCCTGTATAACTATATGGTGTTGAGTTATCTGTTGCAAGCTCTACTTTGTACCAGATTCCTGTAGAGTCGGAAAACCGTGCATTTTCTTTCCATTTGGTTTTGGCGTATTGCTCTAAAAGAGGTGCTTGTATTCTTAATAGGGAATCCCTGCGTGCTTTTTCTTTTCTAGCAGCTTCTATTTGTTGTCTATTCAATGCATCATAATCGATATTATCTTTATTACAAGCCGCAAAAAGAACCCCCAGACACAAAAACGCCATTAATAATTTCGTGATATTTTTCATAATTTCTTAAAGTGTGTATTAATTATAAAATCCAAAACGCAGGAATAATGGCGTTCGCTACAAGTAAATGTTAAATTATTCTAAAAAAACGGCTAACTCCTTTGAGTTCAGGTATTTTTGTCGTATACTTTTTAGACGAAATTCGCTGTCAAAACGCAGGAGAGTTGGGAAGATCATTTTTTTTCCTTGTAGTAATTGCAAAGCTAAAGGATGGTATTGTCCTGTTTTCTTTCTTTTGCTTAAGGGCCTCCATATACTTTGGTCAAAAGAAATGTCTTGGATAGATTCTGCATCTAAATGAACGGCGTAATAGCGCTTGTTGATTAATTGGACAATTTCCTTTTTTGTAAAGATTTCCTGTTCCATTTTCCGGCAATAGCTGCACCAATCTGTATGAATAAAGAGGAGTGTTTCGCGAGGGGAAACGGCCAAGAGCGAGTCCAGCTCTGTAAAATCAATCCAATTTATCCGCTCCTGTCCTTGAGAACAGAGCGGATAAAAGAATAGGATCAATAGCACATATATTTTTTGGAAATGCTTCATATCCCAAATCCATGTTAATGAAAATGACCAACACGAAGGCCAAATGTATAAGTTCGAGGGCGTGTTGGACCATAGATATAATCTGAATCACGTAGCGCCCCCTTGTCGAAGTCCTTCTGAAAAGCATTGAACATGTTTTGTACACCCCCGAAAATTTCAATGCTGAAATCTTTATGTATTGAAAAGGTATACCCTAAGCGGAGATTTAATTCCACAAAGTCCCGGGCATTTTTAAGGGTCATTACATCATGTTGGATATGTGGAACAATCATTTTTCCCGTGTACACGCCTGTCAGATCGATCGCAAATTGTTTGGTCGCTTTCAGGTTGCTATTCATATAACCATAGATATTTGGCGTACGGACATATTTCTTGGTGAGGATGTCCTGCCCGTCTTCTTTTCCTGTATAGATGAGTTGGTCTTTTTTATAGCGTGAGCGCTGGATCGTCCCACCGGTTTGGAAAGAAAACCAGGAGGATGGTGCGATATTGATTTCAATATTGGAACCATACACCCTGGCTCCTTCACCATTTTGCATTTCCTGAATAATCAATCCATCTTTTTCAGACGCCATGACGTTGACAAACTGATTGTTTAGATCCGTGTAAAATCCCTCCACCAGCAAACTTGTTTGTACATTTCCAAAATTTTTATTGTAGCTAAAAGAACCTGTATAGGCATTGGAGTATTCTGTTTTCAGATTTTCACCGATCAATACAAATACTTGGTTTCC
NZ_CP068224.1_gap7	112917	115888	2971	GGCTGATAATTCAATGTTTCCGACATGGCAACAGATTGTGTCGCATTAAATAATTTAGGCCCTATAACATTGACAACCACGGGGGCGTCCTTACGTTTGACACCATAGCGTGTAGCCGAAACAACAACCTCATCCAAATTGAGGTTGTCTTCTTCCAGTTGAATTTGCAAGGGCGACTTCAACGTGTCTAAAGAGATGACTTTGCTGAAGGAGCGGTAACCTACGGCGGATATATTTAAGGTTACTTTTTGCGTTGGTATGGCGGACAGCTTAAAGTACCCATTTGGATCGGATGTAGTTGCGAGCTTGCTGTTTTTTAAAGTCAGTGTACCAGAAGGAACCGCCTCATGGTTTTTGTTGAATAAGTAGCCTTCAAGTTTTGACTGGGCGTATATAGTGGATGTACCAGCCAGTAATGTGGCCAATAAAGTGTATTGCTTTAGCATCGTAATTTTATGAAAATTTTATAAATACAAGCCTCGTATAGCATGGTCTGTTCCTCGTTATGAATAGCGTTCAAGGCATCGCGTCTTATCGGAAGCAGGGAAATAGCTTGTTTCCGACAAGGTAATGTATGCCAATGAGCTCACTGATACCATAATGACAGTATTCAGTGAAGGTTTTCGCTATTGTAACGGGGACAATTCTCAAAAAAGAGGCAAATAAAAATGGGATCAAAGATGATATATCGATAGCGGTATTTCATGCTGTCGTTCTGCAGTCAAGCGATTTAGCACATGCGTAATCTCTTACTTGTTTGCACCAAGTTCGTTTGATTGTTATGGAACCAGGGACGGGCCTTCGAAATCTTTGATTTTTGGTTTATGCTAAGCAGGGGGGACCACGTAAGTGGTAATGATCGATCGTTGTGGTGATCGCCTCCGGACAAAATGAATTATAATGTTCTTCTTTTACTTCACGCGGAATAGGAATTTCAAGGACAGTAAATTCAGTTTGTACGTAGGTATTGTGATAGATGACATTGAGGTATTCGATTTGGTCATCTGTTTCTTGCGGCTTTTGTTTTTTGGTAAAATCATAAGGGTGGGTGTGCATGACAATTTCACCGGTTGATTTTACCTCTTTGTGCATAAAAACAACACCCGAAATAATAATCAGTGACATTAATACCAATTGGCAAAATGCGATAAGCTGACGTGGGGATTTTGTTGTTTTTCGGTACATAAAAAAGCGCTACTTTTTAGGGTAACGCTTCAAAAATACGATTTTATTTTGTGAGTATTCGTGATCTACTCATTAAAAAAATATGAAATATCTATATACTAAGCTTACAGTGCTTCCTGATTATTTAATCAGATGATTGTTGTCGTCTGGAAATACAACGGAAGGTTTAAACTGCTTAGCTTCTTCAAAATCCATGTTCGCGTAGGAAATAATGATGACGATATCGCCAACTTGAACCAGGCGAGCCGCAGCACCATTCAAACAGATAATACCTGATCCACGTTGACCTGGGATGACATATGTTTCAAGACGGGCTCCATTATTGTTGTTTACGATTTGAACTTTCTCGTTAGCGATGATATTTGCGGCATCCATCAAATCTTCATCTATTGTGATACTACCCACATAATTCAATTCCGCTTGTGTGACCTTAACGCGGTGAATCTTGGATTTCATTACTTCTATTACCATGGCGCAAAGGTAGGGCTTTCTGCTGAATTTGAAAGATTTGTCAATTAATTTGACAAATTATTCAGAATCATATTATCTATCAAACGGACACCTTCGACCCAGGCCGTGACAAGTGCGACATGCTGTTTGCTGAAATCGATGTGGTTGACTTCTTTTAATGTTGAACTTTCACATAGCGCAAAGTATTCAACGCTAAGCCCGTCGGTGTCTGTTAAAATCTGTAGGGCTTTGTCTTTTATTTCCGCTAGCGGGATAGGGTCATGTATATGATCTTTTACATATTGCAGCGAACGGGAGAGTGCCAAAGCGGTTCTTTTTCCAGCTTCGCTTAAGCGCGCGTTTCTAGAGCTCAGTGCTAGGCCGTCTTGGTCTCTAATGATAGGACATATCGCCAATTGAATCGCGAGATCCTTCATAGCTATCATGCGTTTAATAACCATGACCTGCTGAAAATCTTTCTGCCCGAAACACGCAATATCCGGTTGTACCAATGTAAATAATTTATAGACCACCTGGGTTACACCTTGGAAATGGCCAGGGCGTTTTTCACCTTCCCAAATTTGGTCCAGTTCGCCAAGATCGAGATGCCAGGCCTCATTTTTATCGGGGTACATCTCATCAACGCTTGGTAAGAAAAGGATGTCGCAATCGACGGATTCCAGTAATCTGATGTCGTTTTCGATGGGCCGTGGATATTTTTCGAGATCTTTCGGATCGTTAAATTGTGTGGGGTTAACAAAAATGCTGCAAACACGAATATCACTGATTGGTTTTGCATAATTTAATAAGGATAAATGTCCTTCATGTAAAGCGCCCATCGTAGGGATTAGGGCGATTTTTTGACCTGTTGATCGGGCTTCTTGCAGGTATGCTTGGAGAGATGCTTTCGTTTTGAAAATTTCCACTTTGCTATTTAGTTTTTTGTTGGCAAAGGTGCATAATATTTTGGGAATATAAAACGATGATTAATAGTAAATTGCATAGTAAGTATTTTTTTCGTACCTTTGTAGACCGATTTTACTGTTCGAAAATAATAAATAAAAATAACTGGAGATGGCAAAAACGAAGATATTGTTTATTACTCACGAGATGTCGCCTTTCCTCGAATTAACTAAAATTTCTGAAATTACACGTCAACTTCCACAAGCGATGCAAGAAAAGGGTTTTGAGATCCGGATCTTAATGCCGCGTTTTGGGAATATCAATGAGCGTAGAAATAGATTACATGAGGTTATTCGTCTTTCAGGCTTGAACATTGTTGTGGATAATAATGATAATCCGCTAATTATTAAAGTTGCTTCATTACCTGCGGCCC
NZ_CP068224.1_gap8	123488	125648	2160	CTTGTTAAAAAACGATCTTTTGCTGTTATTTAATCGTTCTAATTTTTTGATATTGGATTATGCTGTAAAATGTGTGTTTATGCAATCGTTTGTTTAATTGGCGCAATCGATTTCGTTGCTGCTAAATTTTGATATGCTGTCATCATCCTTTAGTTTTAGCATTCATGTACCTAAATTTTGATTAGCAAGCTAATCAATTTTTAAACTAACTATTAAATATTATGATTTCAAAGATTCTCGACAATCACAAGTTGAGTCTGTTATCATTAGCTTTACTCATTGCAAGTACACACAACTCGGCTAATGCTAATGGTCTCACGTTTCCAAACAACAATATTTTGTTGAATGACGCGGTTTATCAACAAAAAGTGAATGGAAAAGTGCAGTCTACAGACGGCCCATTGGCTGGAGCAACCATTAGCGTTAAGGGGAGCGGTAAATCGACATCCGCAGGAGCAGATGGACGGTTTACGATAGATGCTAAAAATGGTGATGTACTGGTCGTTACAAGTGTTGGTTATAAAGCACAAGAAGTGACCGTGACAGGACCGGTTGTTAACATCAATCTGGAGTCCAATAGTGAGGCACTCCAGGAAGTTGTCATTGTCGGTTATGGCACGCAACAGAAAAAAGAGAGTTTGACTGGAGCCCTTCAGGCGGTAAAAGGAAACAAATTACGTGATGTCACTACGCCATCGGTTGAAAACATGCTGAATGGTAAAGCTGCCGGGGTATATGTTGCCCCAGGAGCCGGTAAACCAGGGTCAAATGGCGGTGTTGTGATTCGTGGTCAGGCAACATTAAGTGGTACGACCAGTCCATTGTGGGTCATTGACGGTGTTATTGTTGGCTCAAGCCCAGGTGATATCAACCCGGACGACATTGAGTCATTAACCATCCTAAAAGATGCTGCTTCAACATCAATTTATGGTTCTCAAGGCGCGAATGGTGTTGTTGTCGTTACAACAAAAAATCCTTCGGCATCCAAAACAAGCATTAGCTTTTCTACAAAAATGGGTATCAACCAACTTTCCAATGGACACATGGAAATGATGGATGGAGCTGAACTGTATGATTATTTTGCCTCTTTTTCTAACCCAGGTGACATCAAATTTCCACGCTGGAATTCTGAATTACGTAATAGCAATTTTGACTGGTGGAAGCTGGCCACAAAAACCGGATTTGTTCAAAACCACAATCTATCCATTCAGGGTGGTAATGAAAAATTACAATCTTACTTGTCTTTAGGTTATTACAACGAAGCCGGTGCTGTAAAGGGGTATGATTACGACCGTTATAATTTTAGATTACGTACTAACTACAAACCTTTTGACTGGTTGACAATCAAACCGTCTATTGCTGGATCGAGACGTGCAGTAGATGATCGCCAATATGATGTCAATGCCATGTATGGAAACCTACCTTGGGATAGTCCTTACGATGCAAATGGAAATTTAGTGCCACATCGTTACAGCGGCTGGGTCAACAATGCAAGTACAAATTACTTATATGATCTGCAATGGAATCATAGTGCCAATACCAACTATGAATTTATGGGTAATTTGGATTTTGATATCAAATTAACGGATTGGTTGACTTTCTCTTCAGTGAACAATTATCGTTACAATAGTTATTCCGATAGCGGGTATCAAGATCCTCGATCAAACAGCGGCGAAAGTGTAATTGGTCGTGTGACAGATTATCGCATGGAATTTGCCCGTCGGTATACCAACCAGATTTTACGTTTCAACAAGACTTGGGATAAACATAGTCTGAATGGATTGGCTGCATACGAATTTAACGACTATTGGACAAAAACCTTAGATGCTTATGGAACAGGTATTGTAAACGGTTTCGAGGTATTGGATGTTGTTGCAAAACCAGAGCGAACCAGAGGTGGAATTTCCGAATGGGCAGTACAGTCATTTTTGTCTAATGCAAACTATGCATACGATAATAAATATTTGGCACAGGTATCTTTCCGTCGTGATGGAGCATCCAATTTTGGTACCAATGCAAAATATGGAAACTTCTTTTCAGTTAGTGGTGGTTGGAATATCAATAAGGAAGAGTGGTTTAAGGCTGATTGGGTAGATAATTTAAAACTGAGAGCGGCTTATGGATCGGTAGGTAATAGACCAAGTTCATTATATCCGCAAT
NZ_CP068224.1_gap9	134667	135831	1164	GAGGTTCCAAATCAAGAGGGGACTGTTTCTGCCTATTCTTTTAAGGACGGTCATTTAACTTTTCTAAACTCACTTCCTTCTGGAGGAGAGTCGCCTTGTTTTGTTGAAGTACATCCTAAGGGTACCTTGCTCGCTGTAGCAAATTATACAGGCGGCTCTGCGGCGTTGTTTGATTTAGAAAGTAATGGTGTTTTAAGCAAAAGAGCGCGATTAATACAACATGAGGGTAAGGGGGTGGATCCCGTACGCCAAGAAAAGCCACATGTACATTCTACTTTTTTCTCCAATAAAGGGGATAAGTTGTACGTCCAAGATCTTGGTTTGGATGAGATTTCTATTTATCCGGTGAATAAAACGGGAAATGCCTATAGTCTTGCAGATGAATCAGAAGATATCTTTACACCAGCAGGAGGAGGACCGCGTCATATCGTGTTTGATAAGAAAGAGAAATTCCTGTATGTCGTATTGGAAATGACCGGTCAAATTGCATCGTATAAGAAAGATGGCGACGCATGGATGTATCAAAGTACTTTCGATATCAACCCCGAAGGTTTTAAAGGAACTAACGGCGGTGCTGATATGAAGATCTCTGCTGATGGAAAATTCCTGTATGCGACCAACCGTGGCGATGCCAATACGATAGCTACTTTTTCGGTAGAGAAGGATGGGGAATTGAAGAAAATAGCAAATCTTTCTGTAAAAGGTAAAGGTCCGCGTAATTTCAACCTTTCTCCGGATGGGAAATATCTTTTGGTCGCCAATCAATATACCAACAACATTGTTTTGTTTAGCCGGGATGCTAAAACGGGTTTGTTGACAGATACTGGAAAAGAAATTGCTGTACCAGCACCTGTTTGCATTATCTTCTAATCCAGAAAAGAAGTTCGAATAAGACAAGAAGATTTTTAGGAAAAACCGTATGTGCTTTTCTTAAAAATCTTCTTTTCTACAATCTAATTTACCTTCCTTTTCAAGGTCATTTAAGGTAGTTCCCTTCCATGTTTTTACCCGTTGTATATAAGCAGCTCTGCCAATCATGTGTGCTGCAACCGGAGCCGTTAGGATCAGAAAAAATCCAATAGCTATAGCCTTGGTCGTTACGGAGACATCTGGGAAGGTCATTGCCGCACAGATGAGTAAAAGTCCCACACCCAGCGTTGCCGC
NZ_CP068224.1_gap10	142793	147700	4907	CTGATCATATACCCCACGCAGACCTGGCAGTAACAGAAGCTTCATTACAGTTTAACACATTGGTCGTTCCCAAAGGTAATTTTTATAAAATCAGTTTAGAAGATGGTACCCAAGTTTGGGTAAACGCAAACTCTCAACTTAAATTTCCCGTAAAATTTAAAGAAAACGAACGTCGTGTCTTTTTGGAAGGGGAGGCTTATTTTGAAGTTTCTCATGATGGAAATCGTCCTTTCTTTGTGGAATCTGGAGGAAACGAAGTGAAGGTATTGGGGACGCATTTCAACATTAATGCCTATGGGAACAATGTTCGTACAACATTGTCTTCGGGAAGAGTGCAAGTAAGTCATTCTGGAAATAGCATTGTTTTGGAGCCTGGGGAATATGTGAATCTTGTCGGAGAACAGCTTCGCAAAGGAAAGGCAGATTTGGAACACGATTTATCCTGGCACAACAATCAGTTTTATTTTAAGAAAGAGACCATTGTTGATATTGCCGCTACACTTTCAAAATGGTATGACATCCATGTTAAATTCAGGAAAGATGTGGCATTGGATAAGGTCTATACAGGCAATTTCAAACGTGATGTCAAGTTGTCTGAAGTTTTAGAAATGTTGACTTACGTCTGTGATTTAAAATTTGAATTTGATGGACAAGAATTAATAGTAGGAAATAAATAAAAGGAGTGTTTATGTAAAAGAAATAATACCTAATCCAAAGGTCTTATAACTGAGTAAGAACAGGAATGTTGCAGCATCCCTGTTCCGGAATGATCAAAAAGGCCTAAAAAAATTAAAAAGCGAATTAAGTAAACCCAATTAACCACAAAGAGTAAATGTATGAATAACTTACCATTTGGCAAAACGTGGCGACTGATACCTCATGACCCACGGTTTTGTAAACCTTTACGTATTATGAAAATTAGTACCTGCCTTCTTTTCGCCTTTGTGACTGGAGTTCAAGCCAACGGCTTAGCACAGAAAGTTACTTTGAAGATGAAAAATGCACGGATTGAGGAGGCGCTAAATGCGATTTCCAAGCAGTCCAATTTGCAGTTATTTTATGGGGAAAATATTGATTCTAAAGCAAGAGTCAATGTGAATTTGAAGAATGCTTCTGTAGAAGAAGCATTAAATTCTGTTTTGCGTAATAACCATTTAGATTATAGGATTATTGCAAATACAATCTCCGTAAATAGCAGAATAGCGGAAGAAAATTATGATGCTGTTGCCCAGCAGAAGGTTTCGGGGGTCGTTAGAAATCAAAATGGGAACGGCTTAGGTGGAGCAACCGTTACTGTAAAAGGTACTTCGGCTTCCACACAGACAGATGAGAATGGGCGTTTCAGTATAGACGCACAGCCTAATGCGACTTTGACCGTCCGTTATGTTGGATATACGGTGGGAGAGATTGCTGTCGGTGGCCGACAAAACCTCTCGATTGTCTTGCAGCCCAACGAACAACAAATTGACGAGGTTGTTGTGACAGGACTTGGTGGTAAAATAGACCGTCAGAATTTTACCGGAGCAACGGCCAAAGTCAATATGAAAGATGTTGAATTGGGAGGATTACCTGACCCAAGTCGTTCCCTGGAAGGACGAGTTGCCGGTGTTTCGGTACAGAATACCTCGGGAACTTTCGGTTCGGCTCCAAAAATCCGTGTTCGTGGTGCAACATCAATTTATGGTAGTTCGAAGCCGCTTTGGGTTGTTGATGGGATTATTATTGAGGATGTGGCAGATGTTTCTTCGGATGCGCTATCTTCAGGCGATGCACTGACATTGATAAGTTCCGCCGTCGCTGGATTAAATGCGAATGATATCGAGTCATTTCAAGTTTTAAAAGATGGATCAGCTACCTCAATTTATGGTGCGCGCGCCATGGGAGGTGTGATTGTAATTACTACAAAAAAAGGTGCTGTTGGTCGGAATTCATTTAATTACGTTGGTGAATTTACGTCAAGGGATATCCCTTCCTACAATAGTTTTAATATCATGAACTCCCAGGAGCAAATGTCCATGTATCAATTTATGGACCAACGTGGATGGCTCAACCTTTCTGATGTTTCGGTGGCTTCTGAGAGTGGTGTTTATGGTAAAATGTATCAGCTGATCAATGCGGGTAAATTGGAAAATACCGAAACCGCGCGAAATGCCTATTTGCGTCAGGCTGAATACAGGAATACAGATTGGTTTAAAGAATTGTTTAGTAGAAATATTATGCAAAACCATTCGATCAGTTTGACTTCCGGTACAGAAAAAGCACAATATTATACATCATTAAGTGCCATCAATGATCCAGGATGGACAAAGCAAAGTGGCGTGAAGCGATACACAGCGATGTTTAATGCTGGGTACAATTTGCTTGACAATTTAAAGTTGAATTTATTGGCAAATGGATCGTATCGTGATCAACGCGCACCTGGAACGCTAGGCCAAACGATTGATGTTGTGAATATGCAGGTAAAACGCGATTTCGATATTAACCCATATTCGTATGCGATGAATACATCACGTACCTTGGATGCGAAAGAGTCGTACATCAGAAATTATGCTCCATTCAATATTCTAAATGAATTGCAGAATAACTATATGGATATTAATGTGGGCGACTACAAATTCCAAGGCGAGCTATCGTGGAAGGTGCTGAAACAATTGGAGTTGACAGCAATGGGGGCCTTGCGTTATCAGCAATCGTCGCAACAGCACTATGTGAAAGATTATTCTAATCAAGCGCTTGCTTATCGCGCGATGCCTAATACTATTATACGCGATAAGAATCCTTATTTATATAAAAATCCCGACGATCCATATGCTGTTCCGGTATCCGTATTACCTTATGGGGGAATATACAACCGTACGGATTACAAGATGGTTTCTCAAAACTTTAGGTTCAATTTCAATTATAACAATACGTTTAATGAAGTACATAAATTGTACGCTTTTGGGGGAGCAACCGTCAATAATGATACCCGAAATAACGACTGGTACCGCGGATGGGGCATTCAATATGATCTGGGCGAAATTCCATTTACAGATTACCATGTATTTAAAAAGGGACAAGAAGAAAATAGTGACTATTTCAAGGTTATCAATACAAGAAATAGGGAGGTCGCTTTTTTTGGTCAGGCAAACTATACCTATGATGAACGATATACGTTAAACGGTACATTGAGGTATGAGGGTACCAATAGATTGGGAAAATCGACTTCGGCAAGATGGTTGCCAACCTGGAACGTTGCCGGACTTTGGAATGTACATAATGAAAAGTTCTTCAAGAATTGGAATTCGCCTATCAATGCCTTATCGTTTAAAGCATCGTATAGTTTGACAGCAGATCGGGGACCTTCATTTGTGACAAATTCTAAAGCTATCTTAGAAAGTTATAATCCTTGGCGTCCGAATGCAGGAGATAAAGAAACGGGTCTACAGATAAAAGATCTAGAAAATTCCTTGCTTACGTATGAAAAGAAAAAAGAATTAAATATTGGTACTTCGATTGGTATGTTCAATAATAGACTGGCAATTGACGTGGATTACTACACGCGTAAGCAACATGACCTGATCGGAGAAATCAATACGCAAGGTTTGGGTGGTCAAATTTCGAAATATGGAAATATTGCCAAAATGAATTCACATGGTTTGGAATTGAGTGTTTCAGGAACAATTCTTAGAAATGAAGATTTTTCGTGGAACTCTAGTTTTATTTTCACCAGAGCCGTTAATAAAATTACGGAAATGGAAAACCATAAGCAGGTTGTTGATTTGATTTCTGGCAATGGGTTCGGATTACAGGGATATCCGGTGAGATCCTTATTTTCTATTCCATTTGAAAAGTTAGATATCAATGGACTTCCAATTTTTACCGGCCCAGACGGTCCTACCACCACAGGACTTAACTTTCAGGAGCGTGATAAGATTGGTTACTTAAAATACGAAGGCCCGACTGAGCCAACAACGATGGGAAGTTTTGGAAATATCTTTGGCTACAAAGGGTTCAAATTGAATGTGTTTTTTACCTATTCATTTGGCAACGTTGTTCGCTTGGATCCAGTCTATAAAACCCAATATACAGATCTAACAGCTACCACACGTGAATTTTGGGATTCATGGACTGTTCCTGGTGACGAATTGATCACCAATGTACCAGTGATGATCGATAAACGTATTGTGAGGAATGACAGAGATTATAGATATGCTTATAATGCGTATAACTATTCTTCTGTCAATATTGCAAAAGGAGACTTTATCCGTTTGAAGGATTTATCGTTGAGTTATGATCTACCTAAAAATGTTGTCAATTCTTTTAAAGTATCCTCTTTGGGTTTCCGATTGAATGTAACTAATCTATGGTTGGTATATGCTGACAAGCGGTTAAATGGACAAGATCCCGAATTTGTCAACTCTGGTGGGGTTGCTTTGCCAATTCCAAGACAATATACGTTAACTGTGCGATTAGGACTTTAAACTTTTTTGAAATGAAAACTAAATTCTTAAATATATTAATACTCTCGGGATGTTTTATTGGCTTTACTTCATGTAATAAATATTTGGATGAATTGCCAGATAACCGTGCTGAATTAAATAATGCAGATAAGATAGGAAAAATCTTGACTTCTGCTTATCCCACAAGTTCTTATGTGATGACTGCTGAGATGTCTTCGGATAATGTGGATGATTATGGGGCAACAAACCCTAACTCTACCCGATTATCTGGACAAATGTATAGTTGGTCTGAAATTACAGAAAAGGATGTAGATGATATCAGTGAATTTTGGATGGCTTCATATAAGGCGATATCGAGTACAAATGCGGCTTTAGAAGCCATAGTGGAAGCTGGAGACCCTGAAAACCTTCAGCCTCAAAAAGGAGAGGCATTGGTTGCCCGTGCCTATAATCATTTTATGCTTG
NZ_CP068224.1_gap11	313376	317143	3767	AACATTTGATCCTGAGAAAGTAATGGTCACATATGATTTTTATTGAGTAACTTTGCAGCGCAATGGGTACATTATTGGACAACGGAATTAAACCGTATAATCATTACGGGGCTTATTTAAAGCAAAAGTATAAAGGACAGAAAGTGTTTAAAGTGATTGTGGATGGTAATTTTACTTGTCCCAATCGTGATGGTAGTAAGGGTTATGGTGGTTGTACTTACTGTAATGTAGATTCTTTTACACCGGATACTGCCCGGAAAATTCCTTCGATACGGGAGCAGGTGGAATCGGGTATTGAAAGAGCACGTAATAGCTATGGCGCCGAGAAGTTTATTATTTATTTCCAACCAAATACAAATACATATGCGCCGACTCATCTACTGAAAATGATGTATGATGAGGCCTTAAGTATTGATCCTGAAAATACTTTGGGGCTTTCTGTTGGCACACGTCCTGATTGTTTGGATTTTGAAAAGATTGCATTGTTGGAGTCTTATACAGATCGTTACGATGTGGATTTGGAAATGGGTATGGAATCGATCTACAACGATACATTGGAGCAGATCAATAGAGGCTGTTCTCACGACGAATTTGTTCAGGCCATGGAGATGTTGAAAGATACCCCTTTGGAGCTTTGTGTACATACAATCTTTGGCTTCCCATGGGAATCTGAAGAAATGATGTTGAAATATGCGGATGAAATCAACCGCTTTCCACAGATTAAATTTGTGAAGCTGCATCACCTACATATTGTAGAGGGATCTATTATGGGGGTTAAGTTCAAACGTGAGCCCTTTGAACTTTTTTCGATGGAAGGTTACACAGAGTTCTTAGCGAAGTTTATTCCTCGATTGCGTCCTGATCTGATCATTCAACGTATTTTCGGGATTGCAGATAAAGAATTGTTAATTGCCCCGAACTGGGGCTTACCGAAATCAGGTATTCAAACATACATCGATAAGGGATTGGAAGCGCGGCAGGTCGCGCAGGGAAGTCTTTTTTAGTCGCCCCTGATATTTTCCTACTCTTTTGATAGATCACTGTATGCTATCGCGTTTAATGAATATATTCCGCGCTATAAAAACAGCAAAGGCTTCTCTAAAGAAGCCTTTGCTGTTTACCTGCAAAAAATAGGGTACGATCACCATCTTTTATTTAGCCTTCAACAATCGTTTTTAGATCGGCTGGAGAATAATTGATAGATTTTAACGTTTTATTGTCGGCTGTTCTGAATACCAGAAATTTGCCATCAACTTCTTTATAATAGGATTCTACACCTTTTAATTTATAGTGCTCCTGTGTAGCGATGGCTTCTGCTTCGTCTTTACATGCCTTGCTCATATTGGAACGTTGAACTTCATCAAAAAGAGCTGAGAATTTATCTTTTAAACCAAATTCTAATACCGCTCCAGCAAGTACATATTGAATGTCACATAGTGCGTCTGCAATCTCTACCAAATCCTTATCCTGGATGGCTTCTTCTAATTCTTTTAATTCCTCAGCGATCAACGATACCCGTAAGGCACATCTTTGTTCAGATGGAATCGTAGGGGTGTCTAGGATTGGATGTTGGAATGTTTTATGGAATTCCGCAACGGATGAAAGTGTTTTCGGATCAGTCATATTCTTTGTTGTTTTATTTGAAAGAGCAAATATAAAAAATAAAGGACGGTTAACTGAATGACCGTCCTTTATTTTTATTTATCTTCTTAAGCGATTAAATCAGGTGCTTTAATTGGACGATTTCACGTTCCTCTAAATATCTCCAACGGCCACGTGGAAGATCTTTTTTCGTTAAGTTTGCATAAACTACGCGGTCCAATTTAACGACTTCATATCCCAGTGACTCAAAAATACGACGTACGATACGATTTTTGCCTGAGTGGATTTGGATGCCAACTTCACGTTTTGATCCACCTTGAACATAGCTCAAGTCATCGGGTTTGATTACACCATCTTCTAATTCGATACCAAAGCTGATTTTGTTAAAATCACCTTGTGTAAGGCTTTTGTTTAACTCGACATTATAGATTTTGCTGATGCTGTTGCGCGGGTGTGAAAGTTTTTCAGCAAGACTACCATCATTTGTCATTAAAAGAAGTCCCGTCGTGTTTCTGTCAAGACGACCAACAGGATAGATTCTTTCTTTTGTCGCTTTAGAAACTAGTTCCATTACGGTATGACGCTCCTGAGGATCATCTGTAGTCGTGATATAATCTTTTGGTTTGTTCAACAAAACGTAAACATTTTTTTCACGTTTTAATCGTTCGTTGTTGTAACGGATTTCATCTGTTGCAGGATCTACCTTAGTACCCAATTCTGTAACAGGTTCTCCATTTACCCAAATGACACCAGCAGTGATAAGCTCATCAGCTTTACGTCTTGAACAAATACCAGCATTGGCGATGTAACGATTTAAACGAACTAAGCCGTCATCCTCTGCATCCTCTGCTTTTTTCTTTGGACGTTTAATATATTGTTTATCACCAAAGTTTTTGTTGTCATCAAAATTTCTACTTCTTTCGCCATCAAACTTTCTGTTAGAAGGTCTTGAAGAGTCATTTCTGTCTGAACGTTTGAAACTGTCTCTTTTATCAAAAGAACGCTCCGATCTATCAAAAGATCTTGGAGTGTCATTTCTATCTGAACGTCTGAAGTTATCTTTTTTATCGAAAGAACGCTCTGAACGGTCAAAAGATCTTGTGGAATCACTTCTGTCTGTACGTTTGAAGTTATCTTTTTTATCGAAAGAACGCTCTGAACGGTCAAAAGATCTTGAGGAATCACTTCTGTCCGTACGCTTGAAGTTATCCTTTCTATCGAAAGAACGCTCTGAACGGTCAAAAGATCTTGAGGAATCATTTCTGTCTGTACGTTTGAAGTTATCTTTTTTATCGAAAGAACGCTCTGAACGGTCAAAAGATCTTGAGGAATCATTTCTGTCTGTACGTTTGAAACTATCTCTTTTATCAAAAGAACGCTCTGAGCGGTCAAAAGATCTTGAAGAGTCATTTCTATCGGAACGTTTGAAGTTATCTTTTTTGTCAAAAGAACGTTCTGATCTATCAAATTTATTGAAGGAATCTTTTTTGTCAAAAGATCTTGAAGAATCATTTTTATCAAATGAGCGTCCTCCTCTACCAAAGGATTTTTCTGAATTATCTTTTGAACGGAAGGAATTGTTCTCTCCTCGGAAGGGAGGTTTGTCTGAGAATTTTTTAGATCCGAATGATCTGTTCTCACGATTATCATCTTTTCTGAAAGAACCTCTTTCAGATTGGTCATTCGACCCATATGATTTTTTTCCGAAACTATTGTTCTTATCGCCTCTAGATTTGAAGCTATCTGAGTTGCCTCGTGACTTTCTGGAGTTGTCATCACGACTGTTCCTTTTATTGCTGAATGGCATTGTGTTTTGCTAAAATGTGAACCACAAAGTTAGGTATAATTTTGGGTTTTGCGAAAAAATCCTTATCTTTTTGTCTTTTCTTGGATTTGCTGCGTTTTTACGCTAAAAAAGCCACTTTAAGTTGTCTGTAATGTAACTATTTGTTTTTTAAATAAATAGTGTTTACCTTTGTACCCTTGAATTTGAACCAAGCTATTTTTTGATCGATTGGAGTCGTGGATAGGATAGCATTAAGGGAGTGAATGATAAGAAAGAAAGTTTTATGTAGTAGTTTGATTTTGTTTGCTTTATTGCTGTCAAAATTATACTCAACCCCACACAACAACGCTTCAAACGGCGATAAGATCGTTGAACCGAA
NZ_CP068224.1_gap12	338590	342179	3589	CAATATGCTTTTGTCGGTCTGGTGTATTTTTGCCCATGTAATATTCTAATAACTGTTGAATTTTATTGTCTTTGGACAAGATAACCGGGTCAAGTCGGATATCTTTTCCGATAAATAATCCAAATTCGGAAGGTGATATCTCACCTAAACCTTTGAATCGGGTAATTTCAGGTTTAGCGCCTAATTTTGCGATTGCTTTTTGTCGTTCTTCATCGGAATAGCAATAGATCGTTTCCTTTTTGTTGCGGACACGGAAAAGTGGTGTCTGTAAGATGGAAACGTGGCCAGCTTTGACAAGGTCTGGAAAAAACTGCAAGAAAAATGTCAATAACAACAGACGGATGTGCATTCCATCGACGTCGGCATCGGTAGCGATTACGATATTGTTATAGCGTAATCCATCGAGACCGTCTTCAATATTAAGCGCATGTTGTAGGAGGTTAAATTCTTCGTTTTCATAAACGATCTTTTTGGACATACCGTAGGAATTTAACGGTTTTCCTTTTAGACTGAAAACTGCTTGAGTTTGCACATCCCGCGATTTGGTAATGGAGCCAGATGCCGAATCCCCTTCAGTGATAAACAAAGTTGTTTCTTGGTTACGTTCATTTTTATCGCTGAAATGCACTTTACAGTCACGTAGTTTACGATTGTGCAAAGAGGCTTTCTTCGCTCTTTCGTTGGCGAGTTTTTTGATCCCGGCGATATCTTTACGTTCACGTTCAGACTGTAGAATACGTTTTTGAAGAGCATCTGCCGTAGCCGGATTTTTATGCAGGTAATCATCCAATGCTTTTTTGATAAAGTCACTAATGAACCCTCTTACTGTGGGACCTTCCGGACCGACACTCTGCGAGCCTAATTTAGTCTTGGTTTGAGATTCAAAAACAGGTTCCTGTACTTTGATAGCGATAGCACCAATGATCGAGGAACGAATATCCGATGCGTCAAATTCTTTTTTGTAGAACTCGCGGATTGTTTTGACAAGTGCTTCACGGAAGGCTGCCTGATGTGTTCCACCTTGTGTGGTATGCTGACCGTTTACAAACGAATAGTATTCTTCTCCGTACTGCTGACCATGTGTCATGGCAATTTCAATATCTTCACCACGGAGGTGAATGATCGGGTAGCGCATGGACTCGGCATCGATATTCCGTTCCAATAGGTCTTTTAGACCATGCTCGGAAATAAATTTCCGATTATTGAAATTAATGGTAAGACCAGAATTTAAGAAGACATAATTCCAGATCATGTTTTCTACAAATTCAAGTCTATATTTATAATTTCGAAAAATCGAATCGTCCGGATAAAATGTTACTGCTGTCCCATTTCGTTGCGTGGTATCTTTTTGTTCATCGTTGATTAATTCTCCGTTAGAGAATTGGGCGATGCGCGTTATATTTTGACGATATGACTGTACGGTAAACTGACTGGACAAAGCATTTACGGCTTTTGTACCGACACCATTTAAACCAACTGACTTTTGGAAAGCCTTACTATCATATTTACCACCTGTATTGATTTTAGAAACAACATCAACCACAGAACCAATTGGAATACCACGTCCATAATCGCGTACGGAAACTTTATTTTCGTTTACCGTGATATCAATAATTTTACCAGCGCCCATAACAAACTCATCAATTGAGTTGTCAACGACCTCTTTCAATAAAACATAGATACCATCATCATAGGCCGAACCGTCCCCCAATTTTCCAATGTACATTCCCGGACGAAGGCGAATATGCTCTTTCCAATCCAGGGACCTAATGCTGTCTTCGTTATATGTACTCATAAATTAATGTTGAACTTAGCTAACAAAAGTAAAAAAAATAAACTACGATAAGTAGTTTAAAAGGCTAAATTTTTTAGATATCGATAGTTTGCGTGCCGCTGGAGAAAATTGCTGGTTTGATGGGAAATGTTTACATTTAGTGTAAGTAATTGTAACGAGAATAATTTATGGGATTATTTGATAAAATCAGGAATGAGTTTGTCGATATTATCGAATGGGTCGATAATAGCACAGATACGATTGTGTGGAAGTTTCCACGGTATCAGAATGAAATAAAAATGGGTGCGCAGTTGACTGTGCGGGAAGGGCAGGCTGCGGTATTTTTGAATGAAGGTGTGGTTGCGGATGTCTTTCAGCCTGGTCGCTATGAATTGACAACACAGAATATGCCGATCATGACAACCATCAGAGGTTGGAAATACGGGTTCAATAGCCCATTCAAAGCCGATGTCTATTTTGTCAACCTTCGACAATTTGTCAATCAGAAATGGGGAACCAAAAATCCGATTATGCTGCGGGATCCTGAATTTGGACCAATTCGACTTCGGGCTTTCGGTAATTTCTCTTTTCAGGTGAGGGACGTTACTGTTTTTATGAAACAGCTGGTTGCGACGACGCCTGTTTTTACTGTTGAAGATATCACAGAGCAGCTTCGAAATATTGCGGTATCGCGTGGGATGGATGCTATTGCTGAGTCGAAGATACCAGCCTTAGACCTCGCATCCAACTATGATGAAGTTTCGGCTTTGATACAGCAAAAAATTGGGGTTGATTTTGATGAGTTGGGTTTGAGCTTAACGAAATTCTTAATCGAAAATATTTCATTCCCAGAAGAGGTGGAAAAAGCCCTTGATAAGCGAAGCAGTATGGGGGTCGTTGGTAATCTAGGGGCATATGCCCAATTTCAAGCGGCTAATTCCATGGAGAAAGCTGCTGAGAATCCCAATAGTGGGGGGATCGTAGGTGCTGGATTTGGTGCTGGGCTGGGAGCAGGAATGGTTGGTCAAATGGGTAATGTATTTCAGCAAAACAGTTTTGATGGGAATAATCCTACTGGTACGGGATCTGCTGCTGCATCTTCTGCAGGGCCTGTAGGACCGCCTCCATTGCCCAAAACGGTGGCTTATTACCTGGCCATTAAAGGTAAACAGGAGGGGCCATTTGATCCGGAACAGCTGCGCGGTCTGATAAAAGATGGGACGATGACACTTGCCACCCTGGTCTGGAAAGAGGGACTTGAAAACTGGATTGAGGCTGAAAAGGTAGGCGAATTAAAGGATCTGTTTTCGCAGAACCCGCCACCGATACCAGGAGTTTAGGATAAAACGCACGACCGAAGTTTTATGAGTTTTGAAGAAAAAACCTCCGAAATAGAGCAGGGGTTAAAATGCCAGGGCTGTGGTGCTATTTTGACTTATCAGCCTGGTACTTCCTATTTAGAGTGTTCCTATTGTGGAACTAGGAATGAAATAGCGGATCAGCTACCGGAAGATGGGCATATTGAATCTACAGATTATAAAATTTTTGGACAAGCAATGGAAGGAGTCGCCGATGAGCGCTATAGCTATTTGGCTGAAGTTGTGCATTGCAGTAACTGTGGTGCAAACTCGCGTTTGAATCCTCATGTTACGGCAGATTTATGTGCTTTTTGTGCTTCACCTTTGGTAATTGACCATCAGCAAAAGCGTATTGTGAAGCCACATGGTCTTGTTCCCTTTTCCGTTGATTACAAAAATGCTTTTGGGCTACTGACACAATGGGCGGGTAAGATATGGTTCGCTCCGAATGACTTTA
NZ_CP068224.1_gap13	458608	461111	2503	TTGTTGTAAATCCAATCTGGTTGTTGATGACAATATGTACTGTACCGCCAGTTTTGTAACCATCAAGTTTGGACATTTGGGTTACTTCGTAGACTACACCTTGTCCAGCAATTGCTGCGTCACCATGAATGATGATCGGTGCAATTTTAGAAGAATCACCTTCGTATTTGAAATCAATCTTAGAACGGACCATACCTTCAACGATTGGATCTACAGTTTCCAAATGCGAAGGGTTCGGTGCCAAACTTAAGTGGACAGATTTGCCATCGTTTGTTTTGACCTCAGATGAAAAGCCCAAGTGGTATTTTACGTCACCACCAAAGTTTACTTCGGGATCATCAGCGTAAGTCTTACCTTCAAATTCAGAGAATACTGATTTGTAAGATTTACCCATGATATTAGTCAATACATTCAGACGGCCGCGGTGAGCCATACCGATAACAAATTCCTGGATACCGATTTCTGCACCTTTTTCAATGACTGAATCTAATGCTGGGATTAAACTTTCCGCACCTTCCAATGAGAAACGTTTTTGACCTAAAAACTTAGTGCCTAAAAAGTTTTCGAATACAACGGCGTGGTTTAATTTGTTTAAAATTCTCTTTTTTGTGTCCAAAGAGAATTTTGGCATGTTACGGTCCGCTTCCATACGGTCCTGTAACCATTTAATTTTTTCTGGGTTACGGATATATTTGAATTCTGCACCAATAGAACGGCAGTAAGTATCCTCCACCAATTGACGGATGTCTTTTAATGTCGCTGGACCTAAACCGACTTCAACACCTGCATTAAAAACGGTGTTCATGTCTGCTTCAGCAAGACCAAACGTTTCTAATTCCTTTCCAGGATAGTATTTACGTCTCTCACGAACAGGGTTAGTGTGTGTGAATAGGTGGCCACGGTCGCGGTAGCCATTGATCATGTTCAGCACATTGATTTCTTTCAATACGTGCTCAGGAGTAGCTTCGCCTACTGAACTTGTTGTTCCACCAGCATTTTGACCGAAATCAAAACCTTCAAAGAATTTTTGCCATCCGAAATCTACCGATTGGGGATCTTGCTTGTACGATTGATATAAGCCATCGACATAAGCCGAATCAGCATTACTCAAATATGTCAGATTGTCCATTTACAATTAAAACTATGAAATTTGTCAAAGTTATGAATAAAAAAAGAGTTTCTAATACTGAAATTGAATAATTTAATCAATAAATCTATCCAATTCTTAACATTTTTAGCATGATTTAAAAAGGGCTTCTAGCGTACTACAAATTTATTTTCTATTGGAATTATTTATTTCTGCCGAAGATTTATTTAACCAGTATTTCCTCTAGTTTTGGAAGTCCATTTGGGAAATGAGTTTTGATCAATTTTTGCCAGTCCAGTGCCTTATTGTCTTTTTCACTTGTCCCAACCCCGGCAATATGAGACCACTGTCCATAAACAGTTGCCGGAGAATAGTCTAATAGATGTTCCTCATACCAGGAGGCGCCACGAAGCCAGTTTACCTGATACTCATGAACTAAATAGCTGGCCGCGATTAGGCGTGCTTGATAGGGGATATAGCCGGTCTTCTGTAATTGGACCATCACACTGTTTATAAAATCATGTTCTGTATGGCCCGATTTCCATTTTTCAAATAATTCCTCATTTCCTTCTAAGGTCGGATGATCCTGATGGGAGCTGTTTTTAGTGCCCTGTGGCTTAAAAAATATATTCGGATATTTTTTAAGCATAAACCTAAAATAATCGCGCCAGAGAAGAATGTCGACAATTTTTTCAAATCGTTTGTCCTTTTTACCTTCACCAAGTTTTTTGATATTGTTATAGAGTAAAATAGGTGACAAGGCACCTGAAGCTATAAAAGGTCCTAGAATCAAGGGGTCCTGGTCCGTTTCCGGATAGGTTGACAATACCGCATGCATAATACTAAGCGCTGTGTCTTCGCCACCGAGAATATAGATGTCATCAACAGATTTGATCTCCTCCTCTGAATAACCTAAATCTTTTAATGAAGGGATTTTGGTGTCCTCGAGATGGGGAGGGGTAAGGAAATTGGTCGGAAACGGGATTGGTTGCCGAACTAGACTTTCCCGCTCAACTTTTTTCTTGAAAATAGAAAAACCATTGGGTATATCTTTAATAGGGAAAGGGAGGTCTTCTTTGTGGTACAGGGTATGGCCAATGAAATGACGCAAATTTATTTTGCTGCTCCAAAGCTCACTTTCTACTTTTTCCGATATAGAAGTCTCCCGAAGTGCCACTTCGCGGTGGTGATAAACTTCGTTGACTTGGTATTTTTGTGCTATTCTTGGGATAATATCTTCAGGCTTGCCAATATAAGTTAATAAGTCGCTACCATGGCTCTTTAACTTTTCTTTTAAAGCGGTCACGGCTTCGATAACAAAGGCCGCCCGTAAAACACCGGTATTTAAGGTGCCAAATTGATTGCGGTCGAAATATCGGGGATCAAAACAGTATACCGGGATGATAAATGAACTTT
NZ_CP068224.1_gap14	466841	469595	2754	ATTAAGAAATAGCCTTCCTGATTATGAGTTTTCTACACAAAGTGACTCTGAAGTTGTTTTGGCTTTATATTTAGCAAAAGGTCCCTCATTTGTGGATGAACTAAATGGTATTTTTGGATTTGCACTATATGATTCGCGTGATGATTCCTTTTTTGTTGCACGTGACCATATGGGTATTATCCCTTTATATTACGGTGAAGATGAACAGGGACAGTTGTTTGTTGCATCTGAATTAAAATCACTGGAAGGTTTCTGTACGACGATTGAACAATTTCCTCCGGGACATTACTTGTATAGCAAAGCTGGGAAAACTCCGCAGCGCTGGTACCAACGTGATTGGGAAAGTTACGATGTCGTAAAAGACAACGAGACCGATATCGCCGTTTTACGCAAAGCTTTGGAAGATGCGGTACATCGTCAATTGATGTCAGATGTACCTTACGGTGTACTGCTGTCTGGTGGATTGGATTCATCCGTTATTGCCGCGGTAACGAAGAAATTTGCATCCAAACGTATTGAGAGTGACGATAAAGAAGATGCTTGGTATCCTCAATTGCATTCATTTGCGGTGGGACTGAAGGGTGCACCGGATCTAATTGCAGCACAAAAAGCTGCAGATCATATCGGAACGATACACCACGAGATCAACTTTACAATCCAAGAAGGATTAGATGCTATTCGTGATGTGATCTATCACCTGGAAACTTATGACGTCACAACGGTACGTGCTTCTACACCAATGTATTTATTAGCTCGTGTAATCAAATCAATGGGCATCAAAATGGTATTGTCGGGTGAAGGTTCAGACGAGCTTTTTGGTGGGTATCTTTATTTTCATAAAGCACCTAATGCACAGGAATTTCATGAAGAAACTGTACGCAAGCTGAAAAAGCTCTATCTGTACGATTGTCTGCGGGCAAATAAATCACTAGCGGCCTGGGGTGTAGAAGGACGTGTACCTTTCTTGGATAAAGAATTTATGGATATTGCCATGCGCATCAATCCTTCCGATAAAATGATTCGCGAAGGAAGAATGGAGAAATGGGTTGTACGTAAGGCATTTGAAGACTACTTGCCGGAGAGCATCGCATGGCGCCAGAAAGAGCAATTTTCTGATGGTGTAGGCTATAGCTGGATCGATACCTTGAAGGAGCAGGCTGAAAATAAAGTTTCTGATCAGGAATTTGCAGAGGCTTCAACGCGCTTCCCGATAAACACACCGAAAAATAAGGAAGAGTTTTTATATCGGACAATTTTCGAGTCCCATTTTCCTTCAACAGCGGCGGCACAAACTGTTCCTTCGGTAAAATCTGTCGCATGCAGTACACCAGAGGCCTTGGCTTGGGATGCTTCTTTCCAGAATCTGAATGATCCATCTGGAAGAGCTGTAGCCTCAGTCCACCAAGAGAGCTACGAGAAATCCAAAGTGGAAGCAGTGTAACTAATCAACCCTCATATCTATATTTAGTAAAGCCTGGAAAGATTCTTTTCAGGCTTTTTTATGTTCTCTTTTTAATTAAATAAGGGCATATTATTTAATTGATTAAAAATGAATGTGTTTTTTTAAATATTCTTTAGTAATTTTCGGAAAAACCAATCACAGGAAACTTTGAGTTTCTGAATTAGCTATAGGTGAACAAAATAGGAACGTGAATGTACAATTCAATATATTCCAGATGATCGTGTTCGCTGGTTAACAATTAATTATAAATAATGATATAAAGATGAAGATAGATTCAATGAAACACCGTGGAATGAAATCTTTGGCGCTGGTACTTCTATTGTTGAGCGCTCCAACTAGTTTTGCGCAAAATAAAGACGCGATGGTTTCGTCAATTGTGCAGGAGGCAAATGCAAATTCACAATTGGAGAAGTATGCGTTTGAGCTTGTGGATATGATTGGCCCCCGTCTTGTCGGAAGTCCACAAATGCAACAGGCGCACGATTGGGTTGTCAAAAATTATAATGCGCTTGGAGCACAGGCTCGTAATGAGCCTTATGGTGAATGGCGTTCCTGGGAACGGGGGACTTCTCAAGTGACGATGACTTATCCGAGAATAAAGTCTTTAGAAGGTACACAGTTGGCTTTTAGTCCTATGACGAAGGAGAAAGGGATCGAGGCAGAAGTGGTCGCTATGCCCTTGTTTAGCTCCCAATCTGATTTTCAGTCCTGGCTTAAAACAATTAAAGGCAAGATCGTATTGATTGGGATGAATCCACTGTCGGGAAGATCTGACGCCAACTGGAAGGAGTCTGCTTCCCCGAAAGGTTATGAAAAATATCAAGCCCTAAAAAGTGATCAGTTGAAAAAATGGGAGGGCAGCATGTCCTACACGGGAAGTACCCGGCGGACATTGCCATTGGCCCTGGAGAATGCTGGAGCCGTTGGTGTCATTGATTCCTACTGGACGGAGCTGCCAGGCATCACACGGATTTTTGATGCGAAGTCTAAACAGATTCCGGTATTTAATGTCGGATTGGAAGATTATGGTCTGTTATACCGCATGGCGGAACATGGGGTCAAACCTCGGGTATCGCTACAGGGAAATTCAAAGGAGCTCGGGATATCAAAAACCTATAATAGTATTGCGGAGATCAAAGGAAAAGAAAAACCGGACGAATATGTTGTGCTTTCTGCACATCTAGATTCTTGGGACGGCGCTTCGGGTGCTACAGACAATGCGACCGGGGTGATTACAATGATGGAGGCAGTCCGTATTTTAAGAAAGGTTTATCCCGAAAATAAAAGAACGA
NZ_CP068224.1_gap15	480987	483589	2602	CTCTTATTTCAAAATCACTGTTACACAACCTCATGTGCGCTTCCTTATATGTTGGCAAACCGATACGGACGTATTATTAATGTGTCTTCTTCAACAGTGAAAGAACCGGTATCTAATTTAGTGTTGTCCAATACAATCCGTACAGCATTGATTAGCTGGAGTAAATCGTTGGCCGAGGATGTTGCCAAAGACGGTGTGACTGTCAACAGCATCTTAACAGGTCTGTTTGATACGGATCGTATCCAGTCGCTAACCAACCTAGATGCACAACGTTTGGGAATTTCCTATGAGGAAGCGTTGCAATTGCGGTTAAAACAGGTTCCTGCACAGCGCCTGGGTAAGCCTGAAGAATACGGTTATCTCGTCGCTTTCCTTTGCTCCGAATATGCAGGTTATCTGACTGGGACCAATATTCCCCTGGATGGCGGTATGTTAAAAGGCTTATAAAAAAGTGGCTATCCTATATCAAATAGGATAGCCACTAAGTTTGTGTGATTTATTATTTTCAATTAGTTCAATACCAATTCGGTATTGACAATGATATCCACATCAGAAGCAACCGCTTCTACACCAGAAGGTAATTTATCATTGTATTTCATGCCGAAATCCTGACGGTTAATTTTTGTTTTAGCAGTAAAGCCAGCACGTGTTTTACCCCAAGGGTCGGTAATGATTCCGCCATTTTGAGTCACATCGAAAGTTACTTTTTTCGTTACATCACGAATAGTCAAATCTGCTATCATCACATATTTTCCTTTTACTTTCGCATTTTTAAAACTGATAGACTTTAATGTCATTTTAGGGAATTTTTCCGCAGCAAAGAAATCATCGGTCTTCAAATGATTGTCACGCGCAGCGATACGTGTATCGATGCTGTTGACGTCGATCGAAAAATTAACTTTAGCATTGTTAAAGCCTGTTCCTGTTGCAGTTTCAACAGTACCTTCTACCTTTGTGAATTCACCGTCAACAAAGCTGATTCCAAGGTGTTTTACATCGAATCTTGCATTTGTGTGCGCAGGGTCAGCAGACCACTTTACTTGTGCTACAGCGGCATTAACCATTAATACTGCTACAGCCAAAATTTGGAAAAATTTATTCATGTTTTTTCTTTTTATTTATCTAACCTTCAAAAGTTCAAAATGTTTGTTTGAACAAGCTTTGCAAAGGTGGGATAAACTAGCAAAGAAAAAATTGATGTAGGTCAAGAATTTCGATTCGGCTTTAATATTTGTCTTTTTAGACGGCTTAAAAACTCTTGTGTGACGCCAAGATAGGATGCTAATTGCATATTGGAGATCCGCGGGTAGATTTTAGGATACCTTTTGATGAAATCCAGATACCGCTCTTGTGCTGTAAAACCTATGCTCGAGATAATACGGTGCTGCGATGCTATTTGTGCACGTTGGGCCATTATCCTGGAGAGTTTCTCAAAGATTGGATGATCTTCGTAAAGTTTGTCTTTATTTTTTTTTGACAGTGTAAGTACCACAGCGTTTTCCAAAGCCTGGATATTTTGAAGTGCTGGCTCCTGATAATTAAAGCTGGCAATATCACCAATCCACCAATCTTCAATTGCAAACTGTAGAATGTGTTCGATCCCATCCGCGGTGACATAGAATGATTTAAATAAACCGCTGATCACGTATGCTTCATGGTGGCACACCTCGCCGGCCCGGAGAAAGTATTCTTTTTTCTTTATTTTCCTTACCTGATAACGTGAAACGATGTCATTCAGTTCTTCCTCAGTGACATCAATGCGTTGTTTTACAAATTCCTTGAATTGTTCCATTTGGCTGTAAAATACAAAATTTTGCAATGCTAATTTAATAAGCCGTTTGATTCCTATCAATCCTAAGTTAAAATAATTCAGTTGCTGGCTATTGCTTTTATGCAATTTGATCAAAATAGTGATGAAATCGACATTTTGGTGTAATATTTGACTGGATATTGCCGTAATTCAAATAGTTTCATCAATAATTGGTATCTTCTGTAGGATTTAAAATTTTGATTGCTAAAACTATAAATATATCTTATGAAGTTTGTTGCACCCAATACCCTTGAAAACGATAAGGTTGTATTACGAATCATAGAACCAGCGGATTTTGATACGCTATATCAAGTTGCCAGAGACCCTCTGATCTGGGAGCAGCATCCTAATAGGGACCGCTGGAAGGAAGACGTTTTTCGCCTATTTTTTGAAGGTGCCTTAGCAAGTAAGTCTGCTTATTTGATCTTGGATAAGGAAAGTGGTGACTGCATCGGCAGTACACGGTATTATGGCCTTGATGAAGCGGAAAAATCGATTTTTGTTGGATATACGTTTTATGCCCGAGCCTATTGGGGTGCAGGAATCAATCCATTGGTCAAAGAGATGATGTTTGATTTTGCCTTCAATTTTGTGGATCGAATTTACCTGCATGTGGGGGCTGAAAATTATCGTTCTCAGACAGCAGTTGAGCGCTTGGGCGCAATTAAAGTGGCTGAAAAGATGGTCAGCTATGTGAACGAACCTGAACGTAAAAATTTTGAATACGCACTGGAAAAATCGGCCTGGCGGCGGATCAAGAGATAAAGCTTTATTATCCCTTGATTCCGCTGA
NZ_CP068224.1_gap16	484613	486393	1780	GATCACTGCTCCAATGGTGGTTGCAATTTCAAGAAACATCCCGAGCCGGATGTTGGTGATGCCTTCCTTGACGTAAGCTGTTGCTGCACCGGATGAAGTCGCTATGGAAGCCAGCAAGGCGGCTCCAATGGCATAACGGATGTCGACATGAAACAGAAGAGTCAATAAAGGGATGACAACGACCCCTCCGCCTAAGCCTGTCAGGGATCCTAAGAGTCCTGCTACAAAAGCACCCAGGAGAAGGATGATTGTAAAGGTGAGAATAGTCATAAATATTTGTTTGTTTGTGTGATCCAAAAAGCAGCTTCCGCTTAATGGAAGGTAATTTGTTGTAAACTTAAGGGCTTTTTATTGTTTTTGAAATTTTTAAGCCGGAATAGATACAAATGTTACATCAAAAGTATCATCAAAAAAAAATGATACTGCCCGATCAATCACAGCGAGGGGCAGTACCGATGACCTTTTAATGGCCTAAGTATGTAGTATATAAAATATGGACAACATTATTCAGCGATTGTTTGTTGTACCTTTTCTTTTCTGTTGAAGATATCGTAGATGATTGGAAATACCAACAACGTCAATATCGTCGCTGAGATTAGTCCGCCAATGATGACGATCGCCAAAGGTTTTTGTGATTCCGAACCTATACCGGTCGATAATGCAGCCGGCAATAGTCCGATGGAAGCCATTAGAGCTGTCATGACTACAGGTCTTGTTCGCGATTTTACACCTTTGTAAATTGATTGGTCATTGGGTAGACCTTCCTTCTTGTTCTGATGGAATTCCGAGATCAGGATAACCCCATTCTGGATACATATCCCGAATAATGCAATCATACCTACTCCAGCCGAAATTCCAAAATTCATACCTGTAACGTGTAATGCAATAATTCCACCGATAAGCGCAAAAGGAACATTGGCCAATACGAGCAGCGAATCTTTGATATTCCCGAATAGAATAAACAATAGGAAGAAGATGACGATCAAACTGATTGGTACCACCTGTGCTAAACGGTGGGTAGCACGCTGCTGATTTTCAAATTGTCCAGTCCAGCCAATGGAATATCCTTCGGGAAGTTTTATTTTACTTACTTTTTGTTGTGCTTCAGCAATGGTGCTTCCTAAGTCACGGTCGCGGATGGAAAATTTGATGCCGATATAGCGTTTGATGTTGTCGCGATAGATAAAAGCAGCACCATTATCTTTTTCAATGGTCGCGATACTTTTCAAAGGAATTAATGTGCCATCACCACAAGGGACCATCAGCTGTGCAATATCTTTTTCTGTTTTCCGATATTCGGGTGCATAGCGTAGGCGAATGTTGAATTTGCGTTCACCATCGTACAAAATGGAAGCGGTCTTTCCGCCGAAGGCCATTTCGAGTACCGCCTGTGCATCTGCCGGTAGAACGTTGAAAGCTGCCATACGGGTCCGATCCAATACCACACTCACTTCGGGCTGACCAATATTGAGAATAATACCAGGTTCTTTAATGCCTTGAATACCTTTGACCTGTGCATAAACTTCTTTCGCCAGGCGGTCTAAGGTTGCGAGGTTATCGCCAAAGATCTTGATGCCGTTTTCGGCTTTGAAACCAGCAACTGCTTCGGCAACATTATCCGAAATAGGCTGTGAATAGTTATAGGTAATACCCTGAAATTGTTTGAGTTTATGGTCCATTTCTTCGATCAGTTGATCCATGGTGATTTTACGTGTCCATTCCTCTTTAGGTTTTAGGGCCACAGCAAACTGAACAAAGCCAAAGCCATTGGGGTCGGTAC
NZ_CP068224.1_gap17	503930	504756	826	GCATCATAGCTTACACGACCATAAAAGATGGTATCGATCGAAGCCAAAAAGCCATCGAAATCCATGTCATCATCCATAATACACCAGTCAACCTCTCCCTGTGAACCCTCAATAAATCCATCTAAGGTCATGGCCAGATCCAATATTATTTTTCTCATGTGTTTTATTTGCTTTAAACCTGTTGCTTGTGTTTCCGTAAAATAATAGGAGCTGGGTTAGCTCAATATCGGATCATCAGGATAACATAAAGATAGGGAAATAATAAGTTTTGGCCAAATTGGTGAAGAACGGAGCAAAGAAAAAGCCCAGCAAAGAATGTCTGGGCTTTGAGATTATATAAGGGGAATAATACTTGCTAAAAAAGTGAAGACCTAGTCTTCATCGGTGATAATATCATCACCATCTAATTCGAAACCTTCACCAAGGAAGGTATTCTCTAGTTCGAATAAATCTGAATCTTTAATCATTTTACTATTTTTTTGATATTCAAAGTTATCACCCTTATTTAAGCTAATCGTCAATATAAAATGAAGTTTGTGTTAAGCGATATTGTTATATTTTTTTGAGTACAACATCTAATTTTTCTGCCTGGATGATTCGGCTGAAGAATTCTTTTAAATCAAAATACTCTTCCGGCATAAACAGGGGTTTGTTTAATTGTGTTGCAGATTCTATTATCAGAACGTCCGGTGTTGTATTATTGATTTTGAAAATATACCGGGCCGCACGTTCAGGAAGAGCCATACTGATATTTTTTAATTTTCCTTCCTTTGGATATGTATAGCCTTTTGGTAGTTTGATTTCAATGTAGCACTCTTCTTGAACT
NZ_CP068224.1_gap18	510843	515353	4510	CAGCATTTTCGAAGTGATATTGCCAAATCAGATGTACTTGTCATCGCAAGAGTAAAATCAGGTTATCAAATTCGATTTAAGTCCTCACCAAGTACGGATGAAATTTTATGGGCAATCCAGACGGAAGAAGATGCCAAACGTCTGAAAAATGCGTTGGAGCATCTGATTAAAATCGTAAAAACCGAAAAAAAGACCGATCCTTTTGGCAGTTAAGTCACATAGAGGGGCTGATCCGATAGGTAATAGAATGTTCGGCAAGGTATGAGCTTGCCGAACTGAATAGAGAAAGTAGTAGGGCTTGCACATGGATATGTGTTGAGGATTGCTGAGGGGGTAACCAAATGCCTACTAGATATAAAGACGATTGGCTTCATGGCCGAAATTGATGTGGCTGTTGAAACCATCGATTGTAAATCACATCGTTTATACTAATTTAAGGTGTTTACATAAATTTAGGGTTAAAATGTTGTTATCTTATTGTAATTAAGTGTGTTGTGTTCTTGTTTCCGAATGGTCTTATTTCTCCTTTTGATGAATTTATTTCCCAGGAGCACCTTTATCCTCTTTCCAAGCTTATATTTCCGAGATAGCTGCTATTCATGCTTCGATTAGTCCCGTCAGCTGCAATAAAACCTAGATATAGATGATATGTATCACTTTGGGTTAGTTTCGGTATTTGAATAGATTCTTGTAAATCCATAATGTAATTATTAAGTAAAACACCTTGTGAAGCGTTTATGGGATTCTCAGGAATGAGAAGTACCAAGGTTCGGAAATCTGTCAGATCTTCATGCAAGAGTTTTTCGGAGCTTTTAAGTTCCCAAGTGATATGGATAGTTTCGTTCAACAATTGAAATGTTGCCCCTGTAATCTCTTCGTCCAAACCTCGACTTAGGGCAATCTTTTCATAATCGATATGAAAACCTTCATCGTCTTTTTGCATAGCATGGTGAAGGTTGTAGGACATTGCAGCATTATAAGCTGTCATATTCTTGGCGTAGGTTGAAAAGCCGAGCCGTATGACTTTCGTGTAAGGGCTTAAGAATTGTTGCATAAGTCCAAATTTGTTTCGGTTGTTTACTTCCTTTTCAGAAAGTGCTCTTTTTTTATTCACTCTCGGAAGAGACCTAACATAATTGATCTCTTTCCACTTACAAAAAACTACAGGTCCCACTTTGCCTGAGGGAGGACCGTTTACACCCTGTGTTACATTTGCCATAATATCAGATTAAATGTGTAGGGCTACTAACACACAACGAATAGATAAGTTTAGTTTAATACATTGAATAATTGTAAATAGCATGTTACATAATAGGGAACTAATAGGCAGTTAAGACGGCTTTATCCGAATGAGGTCCCTATAAGGTCCCTATAAAGTCCCTATCAAATCCCTTTTAGGGAATTATTTTTTTTGGATGAGATCGCTTGTTGCTGACGTAATGGTTTGCACAAAAAAAGCAGATCCGAGGAGTGATCTGCTTTGACTGATATATATTAGAAGTTTGCTGATACGTTAACCTAGTAGTACGGTAAATAGTGGGATCAGGGCAACCATAGAAACCATCAGTGTAATACGTTTTTGAAGATATAAACTAATAGACAAGATCAATTCGCTATGTTCAAAGCTTTCTATTTTCCCTCCATTATTGAGCGAAGAAGGTTTGATTTCGACAACTTCCCCTTGCTCGTTCTCAATTTGCCAGGAGGTCATCCACATATTTTTTGATCTCCACGTGTATTTTTTATCGATTAGGCTAATAGTGGCTTTAGTTGTCCAGGTATCATATTCAATATCGCCGATCAGTTCATTGTGTTGATTGCGAATCTCCGTGTATGGGTTGAAAAATCCCTTATTTTTGAAACGAAACTGATCGTTGTGGATAGAAACATGAGCGTCCAGATTCCAATTGATAGATTCTAAACTTCCTATAACTGCTTCATTGCGGTAGAGGGTTGATTTAGTTCCGAACAAATTATTCTTCCAGTTGTAAATTGATTTCTTTTCCATGCTTGTTTATGTTTATAAGTTTATTTTAATTCATTAGTATTCGGGCTGTCCGTTTTGTTACAACTTGCGGAAATATTTTTTAGAGCCTATTATGGTTATTGGTAGGTGGGGGCATTCTACCTAACATGTTAGATGTCTGCGAAAAAATCCCTATTTTTACCGATAAAATCACATCGAATTGACACATCAGGAAAAGTCGAGCCAGATTAGGAGGGAAATAAATCTCTCCTATCAGCAGCTTAAAGGAATGTACCCCATCTTAAAAAGTCAGAACAGTATCGGAATGGCCATATTTGCACTAGCGATCCTGGGCATTGTTGTTGTATCGATAGCTTGGTCTCGCGCTCTTGTTCCGGCTTGGCTTATGATTGTCAGTAATGCCTTTTTTATGGGTGTTTTACATGAAATAGAACATGATCTGATTCATTGGCTTTATTTTAAAAGACAAAAAGTGGTTCATCATTTTATGCTTTTTAGTGTTTGGATATTACGCCCACTGACTGTCAATCCCTGGATACGCAGGACCTTGCATCATCATCATCATAAATTTTCGGGTACATTACATGATGTTGAGGAACGCAGTGTGACGAATGGCGAGCAGTGGTCTATCAAACGTTTGGTAACAACGGCCGATGTCGTATTGGGCGGGCTCTTTCGACTGCATCGTATGTTTAATGATATGGACAGAGAGGTGAAAAATGGAAATCTAAAATTGGAGACTTCTTCAAAACTAAAACGGATTATGTTTTTAAGCATTGTTCCAGTAACAATTTTTGCACATGTAATCTTATATTTCTTCTTTGCAGACCTATTATTTGATTGGTTAAGAGAGGTTTTTGGGGTGGATTTGAGTTTTCCACATTATGTTGATAACATGTTGATAAGTCTGCATTGGATCATTTATGTTATTCTATTACCAAACTTATTACGCCAATTTTGTTTACATTTTATTACATCAAACATGCATTATTTTGGCGATGTCGAAGCTGGAAATGTTATTGAGCAAACGCAGGTATTGACAGTTTGGTGGACTTTTCCGATGCAATTGTTTTGTTTCTTTTTTGGCTGGACACATAGCATCCATCATTTTGTTGTCAATGAAACATTTTACGTACGTCATATTGGTCGTAAGAAGGCACAAGAAATCTTACGGAAGTATGGGGTTCGTTTTAATGATTTGGGAACATTTAGAAGGGCAAACCGTTTTCGTGAACTTTCCAACAAAGAGGTTTAGTAATTTTTTTTACCTTTTTTTACGATAGGTTTTGTAGTTACCGTGCTGCTGATAGACAAGAGTTCCTACTTCACAATAGTTTGATAGGTAAACAGAGAATTTATTGCTTTGGCTCTTGTCAATACCCAATTGGACCAATACCTCAGAAACACGTCGTGCTGAGTAGAAAAAATCCGAATGATAGACGAGGTCATCCAGTTTTTTGCTTAGCGTGATTCTTTCCTGCGCATCAGGAGGTAGGGAGTAGGGAGAATTAAAGACAATATCATGCTGAAAAAATATCGTTGGTTGAATTTCCAGGCTACGACATAGGGTTAAAAAATTTGTGAGCGTTAAGTCTTTTCCCTTTTCTATACCATTGAGTGTTCCTGTTGAAATGCCCGTTAGATGGGATAGATCCCGCAATGAATAATATAGATCATTTCGTTTCGCTCGAAAGCGAAAACCAATTGTTTCCAGTAATGCTTTGTCTTCATCCGTCATACAACGAATTGAATGACAATTTGCGCAAAATATAGTTTATTATTTTGTATAAAAATTTGTGGTTGTTGTTTTTTGTTTTATATTTGTTGTAACAGATATTTTTAATCTGGAATAAGGTATGTTTCGTGAAAGTCTATATTGGATTAAATATCGGATAGCAATAAATCTTTCTCTCGATTAGTAAATAGACTCTACGTCACCGTCCTGTGTAAAATAACCAAAATGATTATTCATCATATAAACATGGGCAAATGAAAAACAACATAATTTAAGAGAATAGTGTCATTTGGCCTGGCTTCGGTTTCCAAGAATCCGTCAAGTTCCACCGGAGCTAAGGTAAATGGCATAGCACGTCAGCACGATGGCCAGTTCTATGGTCAGTTTCTACCAGATCGTGTATGGCGAAACAAGTCGACTTGCCCAGCTTCGGTTTCCAAGAATCCGTCAAGTTCCGCCGGAGCTGTGGTGAGTTGCACATTATCGTCCACTCATAAAATAATAAATCAGATAAAATACGATCAATACACAGACTGCGATGATAAGTGTACGTTTTAAATTTCGTCCAGCGGGTTCATCATCTTTTTCTTCAATGGCAACCTCAGGTAATTTCTCCTCCTGTTTTTGGTCGTTATGCTCGGGGATGTCATATTTATTTTCCATGATTCAATTTGTTTGTTATCATACGTAGAACAGCGGTGGACTGTAAATCGTTGAGTTAGGACAATTTTTAATTCATATAAAAGACCTGTTTTGTGACGCTGAGTGCGCGATGTGAATAAATAAAA
NZ_CP068224.1_gap19	518302	521183	2881	GCAGTGTCTGCAGTAACCATGCGGGAGGCTATTGTAGAGTTGTATATTTCTACTATGCGTGGTAAATCTTGTTGTGCTGCGTCGCGAAATTTTAATTGATTCATGGTTTGTACTGTTTAATTGTTGTTAACTGTTTGGTTTGATTCTAATGCCCAAGCTAAAAAGCCATTCATTACCTCGTTCCAATGGGGCTTGTTGTAATCGGGCCGGCCATCGTTCTGAACTTCAAAATAATTGTGTTCCTGATTATAATAGCGTTTTATAGTGAGGTTGCTTTTCTGATTTCTTATAAAATAAAGAGGTACTAAATCATTTAATTCAGATACAATGTCTTCTGTACCGAAGACGAGATAGATTGGTTTATTAAAGGCCAACAGTTCGTCAATAGCAGGTTGCGAAAATGACTTCCAGGAACGCAAATTGGGATTGTTTTTTAATTTTTCTGGATTGTTGGCATCTTTATAAAACGCATAGGTTTGTTCAATTTTTTGAGCGGCCTGTTGCCAGGAAATTTTTCCTTTTTGAACATCGCGTTTTGCTTGTCGTATATCTTGGTCTATTCGTCCGAATATATTAGTTCCTGATAGGCCTAATTTACTTACTTTTTTATAGCGGTAGGCTAATTTGGAGGCTACGTGTCCACCCTGAGAGTGACCGAATACAACTAATTGTGAATTATCGACCCATGGTTTTCCGCTAAGATAATCTAATACTGCAACGGCTCGGTCTACATAATTATCTAGATAGTCTGCTTTTTGGTACGCTATACTCGGGATATTTTTATCTTTTGAGTCACCATAATACCAATAAGAGTCATTAAGCTGAGATTCGTCGACGATAACTGGAGTTTCTGGCATTGAAATAACAACGAGATGATACGATTTAATAATATCCTGGTAGTTAAAGTTGGTTAATCCTCCTCCAAAAAGACTTAATCCCTCTTTTTTGTAATTAAAGTATAGCGGCAAGGGTAACGATCCCTGACAAAATAAAAACAGAGGTTTCTTAATTTGTGGATCAGGATCAATAACTAAAAAATCAATTTTACCGTTCGGGTTTTCAAGTTCAAAAAGGGAGGATTCATTATTGACGACGCTGATATTCTGTCCGAAGATAGCTTGTGTTGCGAATAGCAAGCAGATAAAAAGAATGAATTTCATGGCGATCGGCTATGTATTAAATCTGTTTTTGTCAAACTTAGATAAATTGCTTTTTATATGCAATACAATTACACTTCATAAAGGTAAGAATTCATAGATGTGTGACATTTTTTGCTGCGCTTCTGACTCGTTTATAAGGGGGGCGGGGGTAAATTGCATGATTTCTGTGTTTTATGAGTAAAATTTACACTAATTTGAACAAATATTTCACTATATAGTGTTATTTTTTTCTCATCTTAGATCATTCAACGAATGAGATATCAGCTTTACTGATGATAGATCTTAGCGAAATAGCTTGTCTTTTCGTTTAATTATACAGGAACTTTTCTAAGCAGGAATTTTTCACCGAGTTCCGGTCGCCATAAAATCACTAAAAAATTATCTAAGAAGGATCTAGGGAAGAGATTGGCTAGCAGCTATGCGGTTAGCTAATTTTTAAACATAACGAATCAATTATGAACGCATTGCAAGCTGTACCTAAAATCCGAATCCGTTCAATGGATGTTATGCGTGGTTTCACGCTGTTCTTGATGTTATTTGTCAATGACTTGTTTATTCCGGGTGCACCTAAATGGCTGGTTCATTCGGAAGCAGATGAGGACGGAATGGGATTGGCGGATTGGGTATTTCCGGGATTTCTTTTTATGGTTGGAATGGCAGTGCCTTATGCTATTGCGGCCAGGGAAAAGATAGGTTCATCGACAGCGGTCATTTTTGTTCATATTCTGATCAGAACATTAAGTTTATTGCTTATTGGTGTATTGATACTGAATGGTTCGCGAGTTGATCCACAGCTGACGGGGATGTCACATTTGTTGTGGTTGGGACTGCTGTATGTATTCGTTTTTCTGATTTGGAATCATTATCCGAAAGACATGCAATATCAGTCCATTTATAAGGGGCTGCGCGCAGTTGGTATTATGGGGATTATTTATCTCCTGTATATTTTCAAAGCGTCGGATGGAAAAGACCTGGAAGTAGGGTGGTGGGGGATTTTAGGGCTGATTGGATGGGGATATTTTGCCGCGGCTTCTATTTTCTTAATGAGCAGGGGAAGTATAATTGTGGTTGTATGTGGTTGGTTGGTGTTTTTGGTACTCAATATGCTGAGCCAAATGGGATTTAAAGTTGAATTCCCTGGTGCCGGAAGATATTTACATGTTCTTCTAGCTGGCAATATACCCTGTATTGTGCTGTCCGGAACAACCATAGGGATGCTTATGAAACGTTATGCGGCAACTCCGCGGGTATTGTTGCGTTTTTTGCTGGCTATTGGTTTGATTTGGCTAGTTGTAGGTTTTGTATTGCGTTTTTGGTTTATTTTATCCAAAATCCATGGTACGCCGAGTTGGGCATTGGTTTGTTGCGGGATTAGCGTATTGCTTTTGATACCACTTTATTATTTCATTGATGTGAAGGGCTACCATCGCGGGATAGGATTGTTTGAGGCGGCCGGAAAGAACTCATTAACGACCTATCTCGCTCCTGATCTGATTTACTTTGTCTGTTGGGGTTTTCATCTTCCACTGTTCTTCTATAAGCAATCGGATTATATGAGCTTAGCTATTGCCGGTTCATTGTTTTGGGCTTTAGCCATGTTGTGGTATGCAATCTTGCTAAAGAAGCTACATATTTATCTGAAACTTTAGTTAGCGAGAAAGCATCAAATGTGAATGCTTTACGGATTATATTTTAGGACAATTAATATCATCTAGAAACAA
NZ_CP068224.1_gap20	525549	529568	4019	AACGCCATCCCGTCATTGCAAATGCTTTTGAAAAGCCATTGATGATAATTACTCTATCTTTGATGCTTTCAAATTGTGCGATGGATTCGTGTTTGTCTACAAAGTTGATATGTTCGTAGATTTCATCGGATAGGATAAATACCTGTGGATGTTTTTCGAAAACTTCAGCTAATGCAGCCAATTCATCTTTGCTGTAAACTGTTCCTGTGGGGTTGTTTGGCGAAGAGAACATAAACAATTTGGTTTTTGGTGTAATTGCCGCTTCCAATTGTGCTGGTGTAATCTTAAAGTTATTGTCGATCTCTGTATTGATAAATACCGATTTTCCTTCTGCTAAAACGACCATTTCGGAGTATGATACCCAATACGGTGTTGGGATAATTACCTCATCACCCGGGTTGATCAACGTCAAAATTACATTAGACAGGGATTGTTTCGCACCTGTAGAAACAACAATTTGAGAGATATCATAATCTAAATTGTTTTCTGTCTTCAACTTGTTTACAATTGCCTGGCGCAATTCAGGGTATCCCGGTACCGGCGAATAACGCGTCCAGTTTTCATCTAGGGCTTTCTTCGCTGCATCTTTTACATGCTCAGGGGTGTTGAAATCAGGTTCACCTACGCTAAGGCTAATTACATTAACGCCTTTCGCTGCTAATTCGCGGCCCAACTTGGTCATTTTAAGTGTAGCCGATTCGGACAAATTATTTATCCTGTCTGATAAGTATGATGATGTGCTCATGGTAAGACAAAGATATTATATACGTTGCAAATAATCTTCTTTATTTTTGAGAATTTACAAAGAAAAGTAGCTCTTTTATTGGGCTTTTTTAATAAAAGGGCAGTTGAAGCGATTTAGCACAGTTATTTAATTGATCCCTGATGTTGGATGTTCAAAACTAATCGTTCTGATTTGTCGTTATATCTTTACCTTTGCGCTCACAAAAATGCTGGCTAGTCCTCATTTCATCATTAGCTCATAGAAGGTTTCATATAGAAGATAAGCATCATGTCAAGACAAAGAAGATTGGTTTTATTATCGCTTTTTACGGGAATAGGTTTGATGATTGTGAAGTTTTTTGCCTACTTTTTAACGGACTCCAGTGCAATCTTTACCGATGCGGCAGAGAGTATCGTTAATGTGATTGCTTCGGGTTTTGCATTTTATAGTATTTATCTTTCGGCGCAGCCTAAGGATGAGAATCATCCCTACGGGCATGGTAAAGTGGAATTCTTTTCGGTGTTTTTAGAAGGTGGACTTATTTTTATCGCTGGCGCCATTATCTTAGCCAAGGCTTGTTACAATCTTTTCTTTCCTGCAGCGTTAACACACCTTGAACAAGGGATTTATTTGATTGGTATTACATCTGTGATAAATTTTGCAGTAGGATTCTATATCATGAAGCGTGGACGTGCATTGGGCTCTATTACCTTGGTGGCGGACGGAAAACATCTGCAGGTAGATGCCTATAGTACGGTCGGATTGATACTGGGTTTATTATTGATGAGACTGACAGGTTTCCAATGGATCGATGTGGTCATTTCAATTGTACTGGGGCTTTTTATCCTCTTCAATGGTTATAAGCTACTTCGCCAATCGATCGGTGGATTGATGGATGAATCGGATACAGCGCTCGTACAGGATGTCGTTGAAATCTTGGAGCGCAATCGGAAAGATGAATGGATTGATGTTCATAATCTTCGTGTACAGCGCTATGGGAACGAACTCCATGTAGATTGCCATCTCACACTACCCCGTTACCTTGACCTGATCCAGGTGCATGATGAAATTTCTGCTGTAGATAAGATTGTCAATAAGGAAATGTCGGTACGGACCGAATTTTTCGTTCATGCGGATCCTTGTCTTCCACAGTGCTGCCAATATTGTCAGGCCGACAATTGCCCAATTCGCTCGGAGCAATTTCGAGGACGAATTTCTTGGGACACAGACAATGTTACGCGAAATCAGAAACATTTTTTATATGCTATTGCTGAATAGCGGATGCAGTTTCTACCGTTCTTAATAGGAATAGTGTCTAGTCTGATTTCTTCGCGTATAGTAAACTAAAAAAAAGCTAGTTTATATAAATATATATAAAAAAAGGTATCTTTGCCTTTTAGCAAAAGAGTTTAAAAATCCTATATGAAGCACATTCGTAATTTCTGTATTATTGCGCATATTGACCATGGCAAAAGTACTTTGGCAGACCGCCTTTTAGAGTATACCAATACCATCAGTCAGCGTGAGGCACAGGCACAATTACTTGATAATATGGATTTGGAACGTGAACGTGGTATTACGATCAAGAGTCACGCCATCCAAATGAATTATAAAAGAGATGGTCAGGAATATATCTTGAACCTGATTGATACCCCGGGACACGTGGATTTTTCTTATGAGGTGTCGCGTTCAATTGCTGCCTGCGAGGGCGCTTTATTGATCGTTGATGCATCTCAAGGTATTCAGGCGCAAACGATTTCAAATTTATATCTAGCGTTGGAACATGATTTGGAAATCATCCCAATTCTCAACAAAATGGACCTTCCTGGTGCTATGCCGGAAGAAGTCAAAGATCAGATTGTGGATTTGATCGGTGGTGACCGCAATGCGATTATTCCTGCATCTGGTAAAACAGGTCTTGGTGTTCCGGATATTTTGGAAGCTATTGTGGACCGTATTCCACATCCAGTGGGTGATCCTGATGGACCTTTGCAAGCCTTGATTTTTGACTCTGTTTTCAACTCATTCCGTGGTATCATGGCTTATTTTAAAGTTGAAAATGGTGAAATCCGCAAGGGCGACCGCGTGAAATTTGTTGCTACTGGGAAAGAATATTTTGCCGATGAAATTGGTACACTGAAGTTGAATCAAGTACCCAAAGAAGTCATTAAGACCGGTGATGTAGGTTATATTATCTCTGGTATCAAGGAGGCACGTGAAGTGAAAGTAGGGGATACCATTACGCATAAAGATCGTCCTTGTTCTGAGGCTATCCAAGGGTTTGAAGAGGTGAAACCGATGGTCTTTGCGGGTATTTATCCTGTAGATACGGAGGATTACGAGGAGTTGCGTGAATCGATGCACCGTTTGCAGCTAAACGATGCTTCTTTGGTGTTTGAACCAGAGTCGTCGGCAGCCTTGGGTTTCGGTTTCCGTTGTGGTTTCTTGGGTATGCTTCACATGGAGATTATTCAAGAACGCCTAGAGCGCGAGTTTGATATGACGGTGATCACGACAGTTCCCAACGTATCCTATAAGGCCTATATGACCAAAGATAAAGAGGAAGTGATCGTACATAATCCTTCTGATCTACCGGATCCAAGTAAATTGGATTCAATCGAAGAGCCATATATCAAAGCTAATATTATTACGAAATCGGATTTCGTTGGACCAATTATGTCACTTTGTATCCAAAAACGTGGTACGATCATGAACCAGCATTATTTGACTTCAGATCGTGTTGAATTGGTTTTTGAAATGCCAATGGGAGAAATTGTATTTGACTTCTATGATAAGTTGAAAACGATCTCTAAAGGTTATGCTTCATTTGATTACCACCAGATTGGTTATCGCAAGTCAGATTTGGTAAAACTGGATATTCGATTGAACGATGAACCTGTAGATGCCTTGTCATCGTTGATACATCGGAGCAACGCCTATGATTTTGGTAAAAAGATCTGTGAAAAACTAAAAGAACTATTACCCCGTCAACAATTTGAAATTCGTATCCAGGCGTCAATCGGTGCAAAGATTATTGCCCGGGAGACGATCTCAGCTTTACGTAAAGATGTTACGGCAAAATGTTATGGTGGTGATATCTCCCGGAAGCGTAAGCTTTTGGAAAAACAAAAGAAAGGTAAGAAACGCATGCGTCAGGTTGGGAACGTAGAGATTCCGCAATCTGCATTTATGGCGGTATTGAAATTAGATTAATCAAAATAACACAATAATAAAGGAGCTCTTGAGCTCCTTTTAAATACAATAAAATCTCCTAAACATGAATCTTTTAGATGGT
NZ_CP068224.1_gap21	706122	708032	1910	TTTTACTTTATACAGTGCAAATATTCTATTCAATGCAGCTGCCGGGGAATAATTGACGACTAATAAACGGTCATACCATTGCAGTATTTCGGCCCATTTTTCTGGACTGTCTTCCTTTATACAATGGCATTGAGCAATCTTAGCCTCCAGATGGTAGGATGTGAGTTCATCGCCCGATGCAGCGTTCTTGAGAAAATGAAGCCCTTGATGTATAAGTTCTTGATTCCAGCGTTCCTCATCCTGTTGCTCATACAAAATGAAATCACCTTCATTGGTCAGCCTTGCCTCGAATCGGGAGGAATGAAAACAAATCAGCGCAATAAGCGCATTGGTCTTAGGTGTATTTGTTTTTTCATAAGTCGAAAGCATTAGCGCAAGGCGTAACGCTTCAATACAGAGCTCCTTTCTTAAAATTTGATTTTGGGTTTTAGAATAATACCCTTCATTAAATAAGAGGTAAATAATATGGAGTACGTTATCGAGGCGTTTAATAATTTCTGCTTCAGAGGGCAGTTCGAGTTCGATTTTTTCTGAACGTAGTTTTTCCTTTGCTCTGAATAGGCGTTTATTGATGGTTTCTTTGTTGGAAAGAAATGCTTCGGCAATTTCGTCTATACCAAAACCACAGAGGATTCTCAGGGCAAGACCTATTTGAGCCTCACTGGCAATTGCTGGCGTGCAGATTGCAAACAGCATTTTTAATTGGCTGTCTTTGATATTTTCCTGCGAGAAATTAAAGTCGTCGAAGTTTTCCGCTTCCGGCTCGCACTGCCGCACTGCAGGGATGATTTTATCTGTAAATATTTTATTTCTTCTAAAGTGGGCCAGTGTCTTTTGTTTTGCAACCGTGTAGAGCCAAGCCGTAGGATTTGCAGGAACGCCTTTGGTCTGCCAAGATTCGGTGGCCAATAAGAAAGTTTCGCTGACGATATCTTCGGCGATTTCGATGTATTGAAGACCAAAACTTTTACTGATGACAGCGACTATTTTGGTAAATTCTTGCTGGAAAAGCTGTTTTAGAAAATCCGGATCCATAAGTCTAAAATAGGGGCGGCTGTGCGCGTGTACAGCTGCCCCGTATATGATTAGTTGAGCAGTGCACGTATCTCTACACTACCATTAAATTCGAGTATAGGACAGCCATGGGCCAAGGTTGTTGCTTCGTCAAGATCGTCTGCTGCGACGACAATAAAACCGCCGAGTCTTTCCCTAATCTCCACAAAAGGTCCATCCGTAACGATACCGCCTGGTTTTAATACCTTTCCGGCTGGCTCAAGACGGGAGCCATGATCCTTCAGTTTACCTTGCGCATCGATGTCACTAATCCAGTCGTACCATCTTTTGTTTACAGCTTTTGCTTCTTCTTCTGTCAGTTGACTTGGTTCATTGGCCCCCTGACGAAATAATAAGATGAAATCTTTCATTTTTATGGTTTAATTTATCGTATAAATATCGACCTCGTGTTTATGAGGTTGGCTGTACTTTCTGCTGCCCAACTTTGTAGCTTCCTGCTTGTGTGCGGAAGGAAATATTGATCCTGTTATAGGAATTGATCGCTGTAATGGCCAAGGTCAGGTCGATAAGTTCTTCTTCCGAAAATACAGCAGTTGCTTTCGTATAAACCTCGTCCGGCACATCACCATGCGTAATTTTCGTCACGGCTTCGGCCCATTCCAGCCCAGCACGTTCACGTTCGCTATACAGAGGTGCCTCCCGCCAGGCATCCAATAAGAACAATCGTTGTGGTTGATCTCCGGTCGCCAGTAGATCTTTTGAATGCATGTCAAGACAATACGCACAGCCATTGATTTGTGATACACGGAAATAAATAAGATGCAAAAGCTCTTGTTCTATCGAACACTTGCTCAGATATGTACCTATTCCATACATTGATTTCATGGCGTTTTGCC
NZ_CP068224.1_gap22	764218	764775	557	CTTGTGCTACAGAATCTATGTGCTCGTTTAGGTATTGTACGCGGTAAAGACCTTGCGCAGTGTAACAGGGAGACCTATCCTAAACGGATGAATTTTGTGCTCTATGTGCTTGCTGAAATTGCGATAGCAGCCTGCGACCTGGCGGAGGTTTTGGGGATGGCAATCGGTCTTAACCTCCTTTTCGGCATTGATCTGCTCTGGGGGGTAATGATCAGTTTTGCAGATACCTTCTTACTGCTCTATCTTCAGAAGCTGGGGATGCGGAAAATGGAACTTTTTATCATTGGACTGATCGCGCTTATTGGCATGTGTTTCATGGTAGAAATGTTTTTGGCGAAACCGGATTTTGCAGAGGTGGCCACTGGATTTATACCCAGTATCCCGAATAGTGCCGCACTATATATTGCTATAGGCATTATAGGTGCAACCGTCATGCCCCATAATCTATATTTGCACTCGGCTCTTGTACAGACACGGAAGATTGACCGGAATGAGGTTTCGATCCGAAAATCGCTCAAGTATAACTTTTGGGATAGTGCCATTGCCTTGAACCTGGC
NZ_CP068224.1_gap23	820237	824405	4168	CAAAAATCCGGTATTGGCCTATATCAAATGGGATTGTAATGCGGTCATTTACAATGCGCATTCCGCATTTCTAAAAGACCAGGGTGCTTTCTATGTTTCTTATGTGGAAGGCCTTTATAAAGTGCTGGAGCGCATTCGTTCGAAGTATCCGAAAGTGCCGATGATGTTATGTTCGGGCGGTGGTGGTCGTGTGGACTATGCGGCACTTCGGTACTTTACCGAATTTTGGCCTTCGGATAATACAGACCCTTTGGAACGTATTTTTATGCAGTACGAGTATTCGTACTTTTTCCCAGCAATCAGCACCTCAAACCATGTGACAGACTGGGGAAAACAGTCCCTCAAATTCCGTACGGATGTAGCGATGATGGGCAAACTGGGTTTTGATATTGTGGTGAGCCACCTGAAAGAACAGGATCTGTTATTCTGCCAGCAGGCGGTAAAGAATTACGACGCGCTTAAAGGAACAATCTGGCATGGGGAGCAGTATCGTCTGGCCGATCCACGTGAAGGTGACTTCGCTGCCCTCAGCTATGTGAATAACCAAAAAACCGAGGCTGTCATCTTCAACTACCTGGTCAATAACCGCTATGGTATCGGCACAACCGATCCTGTCCGTTTAAAAGGACTGGATGCCCAAAAGCAATACCGGGTGGAGGAGATCAACCTGTATCCGGGAACTAAGTCGAGCTTAGGTCAGGGACAAACCTATTCGGGCGACTACCTGATGAAAGTTGGCGTAAATCCAGACCTGAATAGCAACCGTCCCAGTGTTTTACTAAAAATATCGGCACTTTAAAAGAATAACGATGGTACATCTGAAGCTCCGACTCCAACAGCCCGGACTTCGGATGCGCCAAATGTATAAACCCAATTGAGCAACAAACTCAAAAATCATGATAAAACCTAAACAGTATAAACGGACTTTGCTGGCGCTGCTACTCAGTGTTGCCAGTGGATTTTCTAGCCTACAGGCCAAAGTACAGCTGCCGGCTTTTATTGGCGACAATATGGTGCTGCAGCAGAAAGAAAAGGTCAAGATCTGGGGAACCAGTACCGCAGTCGGCAAGGAACTTAGCGTAAACACCAGCTGGAACAACAAGAGCTATCAGGTTGAGGTCGATCAGCAGGGAGGCTGGCAAGTCTATCTGGAGACACCGAAATACGGTGGACCCTACCAAATTACCATCAACGATGGTGATCAATTGATCCTAAAAAATATTCTGATCGGTGAAGTCTGGTTTTGTTCAGGACAGTCAAATATGGAAATGCCCCTGGCGGGCTGGGGTAAGATCAATAACTTTGAGCAGGAAATCAAAGCAGCCAACTTTCCCAATATTCGTATTTTGCAGATTCCAAAAGCAACCGCCAATCAACCTACCACCGCAGTGAAGGTCGAGTCCGGTGGATGGAATCCAGTGACGCCACAAAGTATTCCGGAGTTTTCGGCAACAGCCTATTTTTTTGCACGCGAGATCTACGAGAAAACAGGCATTCCCATTGGCCTAATCCATTCCTCCTGGGGCGGAACAATCATTGAAGCCTGGATGAGCCGGGAGGCACTTTCACCTTTTTCAACCTATACGGCGGCCATTGAGAAAATCCAACGTCCGGATGCACAGGAAATCTATGCGAAAGATCTGGCCGAATGGAATCGCGTCGCCGAGCAGCAGGATCAGGTGAAGACAGCAACGCAGGGCGATTGGTTTGCCCCACAATTGGATAAAAGCAGCTGGTCGACGATTACTATTCCGAGCTTTTTTGACAAGAACCTATTTCCGGGAATGGATGGTGTCGTCTATTTTGGCAAAGACGTTGAACTACCGGCACATTGGCAAGGTAAACCCCTCAAGTTGATTTTGGGAGCGATTGATGACAACGACATCACTTATGTCAATGGTACAAAAGTGGGTGAAACTGTCGGTTACGACCAGATTCGGAAGTATACGGTTCCTGCAACGGCCAACAACGGCAGCCTATTACATATCGCTGTTCGCGTATTTGATGGAGCCGGCGATGGTGGAATATATGGCGGAACAGAACAACCGCGACTGGAAGGGCCAAATGGCGAACAGCTGTCTCTGGTTGGAGACTGGAAATGCAAAGTAGGTTATGATCTGGCGAAGCTGCCGGCAAAACCTAATGCGATGGAGGGGCCCAACAGGCCTACTGTGCTCTACAATGCCATGGTTAAGCCTTTTGTGGATTTTAAGATAAAAGGCGCCATTTGGTACCAGGGTGAAAGTAACGCAGATTCAAAAGACGTTCCTTATCAGCAATTGCTGCCCGCACTGATTCAGGACTGGCGCCAGCAGTGGAACAATGAAAAGATGCCTTTTTATTTTGTTCAACTGGCCAACTTTAAAGCGAAAAGTGTAACACCGCAACCTTCTTCCTGGGCGAGATTACGGGAAGCGCAGCGCCAAACACTCAAATTGCCTTATACAGGTATGGCTGTTATAACGGATATCGGTGATGCACAGGATATTCATCCGAAAAATAAGCAGGATGTCGGTAGAAGGCTTGGCTGGATCGCAACAGCGCAGCTTTATGGAAAGAAGATCCCTTATTCTGGCCCTGTCCTTCAGCATTGGACGACAAAAGCCGCAGAAATGGAACTTAGCTTTAACCCCATGGGCAAAAAGCTTGTGCTGAAAGGAGCGGATAACCGCAACGGTAGTTTCACAATTGCTGGTGCCGATCAGGTTTTTTATCCTGCAGAAGTCAAACAGATCGGAAATAAGCTAATCGTATCTGCCAAAGAAGTACCATCGCCCGTCGCAGTGCGCTACGGCTGGGCCGATAACCCGGACCTGACTTTATACAACGAAGCCGGGATACCCGGATCTCCGTTCCGAACTGATGACTGGACAAAAAACTAAAGCCACATGAATAGATCATCAAAAATAAATCTTCGGAAAGGTCAGTTACTCTGCACGCTTGTGGTTTTCTTTCTTTCGGGCAACTTATTTGGGCAGGTGCAGGGCGGCAAACTTTGGTATCGGCAGCCGGCAAAACAATGGGAGGAGACCTTACCACTGGGCAATGGAAAAATAGGCATGATGCCTGACGGTGGATTGAAGAATGACCATATTGTGCTCAATGATATCACTCTATGGTCGGGAAGCCCTCAGGATGCCAATAATTATGAGGCCAGCCGGTATTTGGATAGTATTCGAAATCTGATCAAAAGTGGGAAAAACGACCTTGCTCAGCGTCTGATAGACCAGCATTTTATCTGCAAGGGCCCCGGATCGGGCGGAAAGCAATGGGGCTGTTATCAAGTGCTAGGCAATCTGATGCTTGCCTTTGACGGACAAACGGATCTCAACGCAGTGCAGAACTATCGCCGGGAATTGGACCTCGATAAGGCGATGGCAAAAACAAGCTATGAGCACAAAGGCGTCAGGTATAGCCGCGAATATTGGACAAGCTTTGCTGATGACCTGGGCGTTATTCGTTTACAGAGTAGCAAAAAAGGACAGATTAGCCTGGAAATCAAGATTGACCGCCCGGAAAGGGCTACTGCCAAGACCGAGAATGGCGAGCTTATTTTATTCGGACAATTGGACAATGGTGTGGACGGTAAAGGAATGCAGTTTAAAACACGTGTCCGCGCGCAGATAAAAGGAGGGAAACAGCTGGTAAAAGGACAATCTATTGTTATTCAACAGGCTGACGAAGTGCTAATTTACGTGGCAACAGATACTGATTTTAAAGGTAAGGATTTTGAGCGTGCGACAGCTGAAACGCTAACAAAGGCTTTGAAAAAATCCTATAGCCAGCAGTATGCCGAACATCTACGAAACTACTTGGCAAAGTTCAACCGTTTGTCGCTCCAGTTAGGGCAGTCGAAAGACGACTTGCCGACCGATGAGCGTTTGGTGGCCTTTGGTAAAGAACCGGATCAGGATCCAGGTTTAGCAGCTCTATTCTATCAGTATGGTCGCTACCTTAGTATCAGCAGTACGCGCTTAGGTTTGCTACCACCAAACTTACAGGGCTTATGGGCAAATCAGATTCAGACGCCCTGGAATGGGGACTACCACCTGGATATCAATGTGCAGATGAACCATTGGCACCTCGGTGCGGCCAATTTGGGCGAGCTCAATGAACCCTTGGTGGGGCTTGTGGAAGGCCTTATGGCCCCGGGGGCAAAAACCGCGAA
NZ_CP068224.1_gap24	861457	862896	1439	CTGCCTTAAAGGATGAGCCATTTGTAATTGTAAGTGATTATATCCCGGGAACCACCAAATTTACGACCGTGCATTTATCGCTGTCAGATGCCACAGGCGATAACGCTATATTTGAATACATCAATGGTAAACTGGTTATTCATCACGATGCGGCCTATACTGTTATGACAAACTCGCCCGTCTTTGAAGATCAGCTGGCGCTAAACAGGTATTGGCAGGGAATTCCGGGAACCATCATGTTGCCAGGGACAAACCGTGCTGCTGATCGTTTTGTGAGGGCTTCCTATTACATTAATGCGATCCCGCAAACAGACGATGTGCGGCTTTCTGTTGCGAGTGTTTTCAGCGTGATCCGAAACTGCTCCGTTCCATTTGGAATAAGCTCGGAATCTGAACCTAATATTTCCTCTACACGATGGAGATCCGTGGCTGATCAGAAGAATAAAATCTATTATTTTGAGAATGTATTGGTTCCGGGAACGCTGTGGGTAGATCTGGCTAAATTTGATTTAAAGAAGGGGGCTCCGACGATGAAGCTGGACATGAAGCAGGGGATGGCAATAAATGGGATTTCAAATAACCTGTTTAAGGCTGCCCAACCCTTTAAATTTATGGGCATTTAAATTAGAAAGACCGAATAAATTAGAAAGACCGAACCCAGTTGTAATGGGTTCGGTCTTTCTTTTGTTTAGGAATTAGTAGAAAGTCCTATTTGACTGACGTTCCGTCTATAATTTCTTCATCCGCTTTGCTGACCAATTTGGTGTCTTGTTTTAAGTCACCAAATATTTCGATCTGACCATCGATGCTGCGTCCTTTCTGTACAGGAATACGTTGTGTCTTGTTCGAAACAACAGCAATCACAAAACTTCCTTCGCCCGAAGTAAATACAGCCGATTTCGGTACAACAAAAGTACTGTCTTGAGATGTTAAAGGCAATTCGACCTCTGCGACCATACCCGGCAATAGCTTGTTGTCGGTATTGTTAATGTCAATTTCTACCCGCTCGGATCTTAATCGGCTGTCCAGAGCACCCGATTTACGAGCGATCTTACCCGAGAAGGTTTGCCCTGGCAATGATTTGACAGTAAATTGTAAGGGCTGGTTTTCGGTGAGGAAACCCGAATATTGTTCAGGAACAGCAACGGCTAACCTCAGTTTGCGTTGTTGTTGAATGGTCATGATGGGCATTTCCGAGCCACGGCCAGCAGGACCAACATAGGCGCCCTGATTGACATTTCTTGTTGCGATTACACCGTCGAAGGGTGCCCTGATTTCCAAATAATTCAACAGGTTTTGTACCTCTGCGTAGGCCGATTTAGCGGCTTGGTACTGCGCAAAATCAGCATTCTTTTTTGACTCAGCAACCTCAAGATCCAGTCTAGCCACCGTTCCCTCTACCTTGCTGGTTTCAAAGAGTCTGTCGTAAGTGCTTTTTG
NZ_CP068224.1_gap25	865001	865513	512	GTATCCTGTTCAGATTCTACACTCAGTCCAGTTGCTGCGAATTGAGCTTCATCTGCATTTAAGCCCGCTGGTTCGGTCGCATGCGGCGCTTTATGCGCATGATCTTTCATGAGCCAGTTGGCCATGATAGGAACAAATGTCTGCGAAAGGAGAAAGGATATGATCATTGAAAATCCAATGGACAAAGCCAGGGGAAGAAATAACGAGCCCGGGATGCCTGTCATGGTAAATGCCGGCGCAAATACGGCTAGTATACAGAGCAGGATCAATAATTTGGGTAAGGCGATCTCTTTACAGGCATCCCAGATAGCCAAGGCTTTGGGTTTACCCATATCCAGATGCTGGTGTATATTTTCTATCGTTACCGTACTTTCGTCGACCAGGATACCAATAGCCAAGGCTAGTCCACTAAGGGACATGAGGTTGATGGTCTGCCCGAAGAGTTTCAGAAAGAGCACTCCGGAGATCACGGATATCGGAATGGTTAGGATAACGATCAACGCAGCTCTTCG
NZ_CP068224.1_gap26	1007665	1012611	4946	TAAACTTATTGAAGAACACGCACCGGTACCCAATCTCCGACATAACTGATAGACTAAGGGTGTGAATAGCGCGCACCCTTTTCTGTTGAATAAAGCATCTCAGCAAAAACTAATGCTCGCTGAAATATTTGTTTATTCTCTATTATTGAACAACGTTAGTTAATCTATGGGGATCATTAGGTTAAACGTAATTTTATTGTCTTTTAAATTTACGACTATCTTTCCTTTATGAATTTTAACTATTTCACTCACAATAAATAATCCTAATCCGAGTCCATTACTATTGACTCCTTTTACGAAAGGCTTAAATAGATCTTTAAGATCTGAATATTGCGGATAGGTGACCTCATTTGTAACACTAAAAACAAAATTTTCTTTTTTAATGCATGCATTTATTTCGATATTTTCATGAGGATTACCATGTTTTATAGCATTTCCAATTAAATTAGCGAAAGCCCGCCCCATTTTCTGATGATCACAAGGTACATCAACCGGAAGGTCGATGTTGACGATTAGCGTTCTATTATGTAATACTTCAAATTCTGATAAGATTTGCTTAATCAATGAATCCATACGGTAATGATCATTAATTCTAATTAGCCTGCCTTGAAGACGGATTGTACTGAAATCTAAAATATCATCTATCACTCCTTTCACCCGTAATGAAGCCTCTTCTATTTTCTTTATTAATTTTTTTTGACTTTCATCTTCAATGTTTGCGCCAAGATATTGCGAAATCACTTTTAAGATGCTGACAGGATTATTTAAGTCATGGGCCAAGGACGATAAAACCAGTTCTCTGTTTTTGGAATACCTAAGTTCCTGTTCTAATTTTCTTCTCGTATTTCTACGTTCAATGACAGTTTTAAAATCTATTGCAATCAAATCACTGCAAACAGGGAGCAACGTCTCCAATTTAATTGGGTCGAAGTGTACGGGTTCCGCATTCATGAAACTCAAGTGTCCAACAATAGAATTATTTTTGTTAATAATCGGATAAGAGATATAGCTTTTTAAACCGAATTCATGAAGAACTTGTGTCCATTCGTCGACAGAACATTGCTCGCTATCGTCAATGTAAATAGGTGAGAAGCCTTTCCTTATTTCCTGATATATTTTAACGTAGTTTTCACTGTTTTTATTGACGATCTTATGAGAATGATAGTCATAAACGCACCAATTTCCCCATTTCCGGCCATCTCTCTTGCGTATCATGCCATACCTCATTTTCGTGTGGCCACATAAAGCCTCCAAAATTCTTTGACAGGAGTCGAAGTCGCTCTTCTTCGTATACCTATCGTACCATTGATTTTGATTTAATTGGTTTGGGATTGTCATTTTTACTGCCGGTCTATTTGTTTACGAATAGCTTTGACTTATTGTTGAGGTTGGTGCACCTTAGAATTACTAATACCCTTTATTGCGCGAAATATAAATGCTATAGCTGCAATAATTAAAAGAATATGAATAAAATCTTCTGTTATGAATCCGCCCACAAAAGTAACCGCCCAAACAATCATTACGCTAATAGCTACCGAATATAATAGGTCTTCCATATAATATTATTCTTTATTGAAGAACAATATCTAAATAGAATCGTTTCGTAATTTTGTAACTTGATAAGAAAACTCGCAAAAAAAAGCCGTTTTACATTAGTATAACGGCTTTTTTTTCAATTTCTACGACTTAGGACGTTGATTCCCTTAGGAAAATGGTAAAAGTGATGAAAAACACATGTTATGCTGTTTTTTTTTAACGACATTTGAACATGGCTCTATTAATAACTTTGGATAATGTCTATCAATTGTATAATCTTGACCTTTCAAAAAAGACGGAAGGCATAGTTATTCTTAGTCAACGACATGGCCCCGGGAAGAAGTATACAAGTCATAGCCGCATATTTGATGGTTTATTATTAGGTTTTATGGTACAGGGATCTATGAAATCTCAAATCCATTTCTTAGAATATGAAGTAAACAAAGGGGACATTGCTATTTTGCAGCCACAATTGATGATCGACACAAAATCATTGAGTGAAGATGCTGAAATTATAACAATCGGTCTTTCATTGGATTTCATTACAGAATTTCCTGTTCTACGGGAGTTTGTAATGAACAATCAAATAAGATGGCAGCCAATTATTAGACTTCAATCGGAAGAAATTAAACTCCAAAATGAATTATTGACCCTTATACAAAACTTCTACCATAAAAAAGCAAGTCCCAATAAGACACAAATGCTACGGCATCTCGTCATGGTACTAGTTAGTATGATTTCTGAAGTCTATTCTAAATTACCAAATAACAAAAATTTGGTAAAAAGCCGTACGCATGAGATTATCGATGAATTTTATCTGCTTGTTTCAAAGTATGCCGGGCAACAAAGAAGTGTTGTATTTTACGCTGAAAAACTACATTTAACACCTCAATATCTTTCAACTTTCCTCAAACAGAAAACTGGAAGATCGGCATTACAATGGATTGATCATATCACAATTTTACATGCTAAAACATTATTAAAATCTTCTAATTTATCAATCAAAGAAATCAGTAATAAACTTCATTTTGAAGAAACAAGCGTCTTTTGCAGATACTTCAAACGAATTGTTGGTTTGTCACCAACAACTTATCGAAACGTGTGATAGATGGTATTCGTTTAGCGATCTAAGCTATTTACAGATTGCCAAGTAGAATTAGCTTTCAAATTGTACGCAAACACCATTAAATTGTCAATAGCTCCTTTTCCCGTCTGTTTAATTTTACGGCATGAAAAATACAGGAAAAAAAGCAGCTATCGGGTTTATATTTATAACCTTGTTGATTGATATTACAGGTTGGGGCGTTATACTTCCAGTTGTTCCTAAACTCATTGCAGAACTTATTCATGGAGACCTTAGTGAAGCAGCAAAATATGGAGGATGGCTCGGCTTTGCTTATGCTATTACGCAATTTATATGCGCGCCTATAGTGGGTAATCTCAGTGATAAATATGGTAGACGCCCAATTATCTTAATTTCTCTTTTTGGATTTGCCATCGACTATATATTATTAGCATTGGCGCCATCTATCAGTTGGCTCTTTTTGGGAAGAATCATTGCTGGGCTGACTGGGGCTAGTATTTCAACCGCTAGTGCATACATCGCTGATATATCCACGGATGAAGATAGAACCAAAAATTTTGGTTTAATAGGCGCAGCTTTTGGCATGGGGTTTATCTTGGGCCCGGTAATCGGTGGTTTACTTGGATATTACGGAGCTCGAGTACCCTTTTATGCAGCCGCTTTATTATGCCTAGTGAATTTTCTCTATGGGCTGTTTTTCCTGCCGGAAAGTTTAGATAAGGATAAACGACGACCATTTGATTGGAAACGTGCGAATCCTATTGGAACATTTAATTTTCTGAAAAAACAATCGAACATAGCGCGCCTTGTTGTTGCCTTGATTTTGGTCTATATCGCTCTTCACGCCGTGCAGAGTAATTGGCATTTCTTTACCATGTATAAGTTTAATTGGACAGAACGGACGGTTGGCTTATCACTTGGGGTGCTCGGATTATTGCTTGGATTAGTACAAGGGTTTCTAATAAGATGGGTGAACCCAAAATTAGGCGACGAGAAAAGTGTATATTTTGGATTACTCTTTTATGCGATCGGTCTTATGCTATTCGCATTCGCTAGTGAAGGATGGATGATGTTTGTTTTCCTTATCCCATATTCCTTAGGCGGAATTTGTGGACCCGCACTGCAATCCATTATTAGCAAGAGTATTTCTTCAAATGAACAAGGTGAACTTCAGGGAGCGTTGGCAAGTTTGGTAAGTGCAACATCTATTATTGGACCTCCTGTAATGACAAACTCATTCTATTATTTTACACAGGATAAAGCGCTATTTCAATTTTCAGGAGTGCCATTTTTTCTGGGATCCATTTTAATTTGCATGAGTGGAATCATTATATATTTTGTTTTTCAACGAAATAATAGCCATTGAGCAATGGAGATAACGTCTGCCAGTTGTAATGAGAAATTGTTACTTGTGTCGATAATGGGCTCATATTCTAAATTTTTAGCTTTAAGTATTTCCTAACTTTACTATATTTGCCGTTAATAATAATTAGTCTAAATAGTAATTATATCTTTTTCAGGACAGGCTTTCCCAGATAGAAAGGTTTGGAAATAGACAGATATCAATATGCGGACAGGACGAGTGATTTTTTAAATACCTTCAACACGTGAAAACAACAACAAGATCTTGGTTTATTACCCAAAAAACAACATTGGCGAGCAGTCTATTGGTTTTAAGTTTTTCCATAATTCCAGCAATAAGTTTTTCAAGGGAAAGACCGATTGCTGTTAAGAAAAATGGTAATGATCAAGAATCGGGGACAATTAAGGGCAAGGTGAAAAATTTAGAAGGGAAAGGTTTGCCCAATGTGTATATCAATATTGACGGGATAAATAGCACCAAGACTGATCATGAAGGGAATTTTATTTTTTCAAAGATTTCAAAAGGAATTCATTCCATTACCGTAAAGCATATTGGTTTTCAAGAAATCAAATCGCAGATTGCACTGGAAAGGGAAATCCTGGAGCTCCCAGACTTTGTCATGGAGCAAACAAGTAATCATTTGAATGAAGTTGTCGTAACGGCGAGCCGACTGGCTGAAAGTATTGACGAAGTGCCATCATCAATTACCTATATCGGAGCTAAGACTTTAGAAGATCAACGTCTGATAAATGACAACCTACCCAATATTTTAATGCAGAAAGTGCCCAGTATCTCTCCCAGTGAGGAAAGCCAAAACAATTTCATTGCTAAAATACGTGGTCGGAATTTTTTGGTACTTATTGATGGAATACCTCAATCTACTCCTTTAAGAAATGGCGGAAGAGATATGAAGACGATAGACGCTAGCGCAATTGACCATATTGAGGTCATCAATGGTGCTTC
NZ_CP068224.1_gap27	1037908	1042772	4864	AAGCTGATCACATGCCAAAAGGGATGGAGGCCGATGGTGAAAACATCGGGTCGGGAGGTATTTATCCATTCCTGAAAAAGTACAGTTTCGGCGTTAATGTCACGTTTTAAATCTTCAAAAACCGCAGAATATCATGAAAAAGAAATTTATCCACTATATCCTTTGTCTGGGGCTAGCCACATCGTTAACAAGCTGCAGCAATTTACTGGATCTCGATCCGGAAGGTACATTGACAGAGCAAAGTACTTTCACAAACTATAACAATTTTATTTCCTATGCTTGGCAATTCTATGGCACGTTTCCTGGCTATAGCAATGCTGTGCCCGATGCTGAGGTGAACGGCGACCTATTTGCCAAAGCTCAGGCAAACGCCACTTCTGATTGGGCTTGGCAGCGAATGGTCGTCCCATCAACAAGTAACGACTACAGTAATCCATTTGTGCAGATACGATCTATCAATGTTCTTTTGGATAATATTGAGCAAGCAAGCCAGCTATCTGAACCGGAAAAGAAGCATATCCGTAGTATTGGCTACTTTTTCAAGGCTTACCAATATATGGATCTCCTTAACAAATTTGGTCAGGCGATCTGGGTAGAGCGTACGATTAACGACGGCGATACCGATGTTCTGTACGGAACCCCTGGAACTCGTGATGAAATTGCTGCCCACATCGTTGAAATGCTCAGCTATGCTGGAGAAAATATCAAAGAAAATGGAGATGGACCCAATACCATCAATCGTAAGGTTGTCATGGCATTGACAGCACGCTTTGGCCTACGGGAGGGGACTTGGAGGAAATACCATCAACTTAAAGACGCCGAGAAATACCTAAAATTGTCAACTGCAGCAGCCGAAAAAATTCTATCCAGTACGATACCGCTACTGAGCAATTACGACCTGCTGTTCAATAGTGAATCATTGGCGAATGTCGCTGAGGTTTTTCTTTATAAGCAGTATGAGTTGAATCAGATTACCCATGGTCTAGCATCGCTGGCACGTAATTCCTCAGGCAGATGGGATCTTACCAAGAAAGCTGTGGATATGTATTTGATGAAAGATGGGAAAACACGCTGGGTGAGTCCAACATTTGCTGGTGATGAAAGTGCATATACTGAATTCCGGAATCGTGATACCCGTCTATACTTTACCATTCCACCTCCTTATAAAGTTAAAATGGGGAAGACAAATATGCTTTGGGAGTATTCGGATGATCCGAAGGACCGGGAGTATATCGATTTGATGGCCACACTATCAGACGACAAACATAAAACTTTACCCTGGATGAACTGGGAAGGTCTCATACTGAAAGAGGAGCCACATTATGTCGATTTCACCAACGGACAGCCTTATAGTGTAAGCTATACCGGATATCGGTTTTACAAATTCAGTAACAAGATCAATAGGATCCAGAATGTTGATATCAACGATGCCCCTATATTTAGGCTCGGGGAATTGTTGGTCGGATATGCCGAAGCAAAATATGAATTGGGAGAAATCAACCAGCAAATTATCGATCAAACCATAAATAAATTAAGGTCACGCGCTGGAGTGGCTTCTCTGGAGTTAACGGCAATTCCACCAGATCCCAAACGCGATGAGACAGTAAGCCCGGCGCTGTGGGAAATACGTCGCGAGCGTGCTGTTGAACTGATGGGTGAAGGGTTTCGTTTTGACGATCTTAGACGATGGAAAAAAATGGATTATGCCATTACACAAAAATTAGGACGATATATAACCAAGGGAGTCGATGTACCTGCTAATACGCCTATTCCAGTTGAAAACGGACAGACAAAAGGCTATATCGCCTACGAAGGTAAAGCACCATCTCCTTTTCCTGAATACTATTATTTATATCCGATACCTGCTGCAGAACTGGTACAGAATAAAAACTTAAAACAGAACGAAGGCTGGTAAAATAATTTATAACACATGAAAGTATTAACATTGATCGCGCTAAAGAAGACGTTCCTAGTTGTCTTAATCGTGACGTTGACAAGCAGCATTTTCGCGCAAAGTGGAAACAAAAGACCGAATATTGTATTTATTATGGCCGATGATCTTGGTTACGGCGATTTGGGGGCCTATGGCCAAGTTAAGATTGAAACCAAACATATCGACTCATTGGCCCAATCGGGGATGAAGTTTGACAACTTTTATGCCGGTACTTCCGTATGTGCACCCTCGCGTTCATCCTTGATGACAGGACAGCATACAGGACACACTTACGTCAGGGGCAATAAGGAAATTGAACCGGAGGGGCAAGAGCCATTGGCCGATTCAGTGCAGACCATCGCGATGTTACTGCAAAAGGCGGGTTATACCACCGGTGCCTTTGGTAAATGGGGATTGGGCATGGTAGGTACAACGGGTGCACCTGACCAGAAGGGATTTGACGAATTTTATGGGTACAATTGTCAGCGTCAATCACATCGTTATTATCCTACCCATCTTTGGTATAATAAGCAACGTATTGAGCTTGATGCCAATGGGTTGATGGCAAAAGGCCAGTATGCACCAGCATTGATTCAAGAAAGAACCCTTGCTTTTATCGATGCCAACAAAGATAAACCCTTCTTTCTTTTTGTTCCCACTGTGCTACCTCATGCCGAACTTGCAGGACCTGCAGACGAGTACTACAAGCAATATGCCGATAAGTTTGATGAGAAGCCTTACCGAGGCAACGATTATGGTCCCAAAGCAACAGTTCCGGGGTATAACAGTGTCGAAAAGCCGCATGCGATGTACGCTAGTATGGTAAGTCGGATGGATGCGTATGTAGGACAAATCGTTGAAAGATTACGTCAAAATAATCTGCTAGATAACACAATTATTATATTCACCAGTGATAATGGGGCACATAAAGAGGGCGGAGCGGATCCTAATTTTTTCAATAGTTCGGGCGGATTACGGGGTACAAAACGCGATCTTTATGAGGGCGGCATAAAGACGCCGTTCATTGCTTACTGGCGAGGTAAAATTGCGGCGGGAAAAACATCAGATTATTTAGGCGCTTTTTGGGATATTATGCCAACGATGGTCGAATTAGCCAAAGCAGATAAGCCAAGATATACCGATGGAATTTCTATAGTTCCGACATTGTTGGGTGAACGTCAAAAGCAAAAGCAGCACGGCTATCTATATTGGGAATTCCATGAGGACGGAGGACGTCAGGCTGTCCGTAAAGGGAATTGGAAACTTATTTTACAGAAAGTTATGAGCGGTTCGCCAACCATGGAATTGTTTAATCTTAAGCAAGATCCAAAAGAGCAAAATAACATTGCTGCCGATAATCCCAAAAAAGTAACGGAATTACGCCGTCTGATAGAAAAAGCGCATGTTGAAAGCACTATTTTCCCTTTGATTAAAAAGGTCCAATAAATCAAAATCTTTTAATATGAAATTAGCCCGATCTTTTTATAAAAAGATCGGGCTAATTTTCTTTGTATAATAGTAGATCAACTTGACCTGGAAATTTTAATTTCCGAAGGTTATCCAAAACCAATCGGGAAATAATTTGCCAAAAGAAATTTCCATGTCCAATGATTAATTATAGGTATTCTTTTTTGACTGATCTATTATTTTCCGCTTAACATCATGGCTACTATTGTATTTAAGCTTTTCCGAACCACATATCCTACAAGTCATAACTGTATATCTAAACGGTTTTTTTAGTTGAAATTTATTTTTAGTTATTGGGCTAGTAAGGTTTTTACAAGTCTCGCAATAGCATTTGTCACGTTGTTCTCGTGGGATATTTAAACCTTCCATTTCGACGAATATTTTCATTTCCTCCAAGATGAATTCTTTTGAATTTTCAAGCTTAAACCCTGGATTGTAAATGGTAGAGTTGTTATACTTCAAATAATCCAGATCCTCGTCAATTTCATAAAAGGCGATATACCTGTAATTGTATCCGCTTGCAGACACAATTTTTCGCATTTGACTGAAGGCATATTCTATACTGACCTCTTCGCTGATTGCTTTTTTTGCGATTGTTAAGGCATAGTTTTCCATTAAATCCGCTTCACTTTTCTCTATATTTAATTTTAGGTCAGCAATTGATTTCCAAAAATAGATTTCGCGTTCTTCCGTAGAAGCGTTATCCAAACCACCTAATATATAGAGGTTTTCACTCTCATATCCCAGGGTTAACACATTGATGGCCCAAGTGACCAGGTGTTTACTCTCAAAATACGTCAATGCCCTTTCAGCATAAATTTCAAGTGTTAATTCTTCAAGTGTCATATATGATAATTGCTAATCCTCGTTTTACAATTGTTACGCGTTTTCGCTGTTGGCTATAAAACAGTAAAAACTAAACAAATATATTCTAAAGGTGCGCAGGGTACTTGCGCAGTATATTTTTGAGGATGTATATGACGATATTTATTTCGAAACTGAAGAAAAATTCGCTGTGAACAATTACTATTGTAAATAAATGGAAATCAAATTTAAAATTGAAACCTTAGGGTATATAGTAGCTGAAATTTCATGTGCCACAAAACGACTTAGAATTGGCCATAGCGCAACTTATAGTGATAAATTTCAGGAGCTGCTCAACAAGTTTTTCTTTATCTCTGAAATTGTAAAAGAAAAACAGGAGATCGTTTTTCCTTATTCTACCCATGTACTTTGGGAAGACGATTTTGTTAATTATAACTGGACCTTAAGTGTCTATTCCATTGATTCTCGCATAAACATTAAAATTGATCAATTATCTTCTTCTAATTTAACATTTAAAGAAAGGTTGATTCATGAAGATGTTGAAATGGAAAAATTATTCGATGCAATTTATTTTTCACTCGATGAAATGCTAAATGATTTTGAATTAGTTGGCTATAAGAAAAAATGGGAAGTAGGTAA
NZ_CP068224.1_gap28	1047793	1048453	660	CGAGATACCACTATTTACAGAACCTATGTACTAAGTAATGATAAGACTTTGGTGACGCTCTACGATGAACGCAAGATATATACAGAACAGTATCTGATAAAAAAATTGAATACGAAGGAAATGAAATGGGAGAACGCTTCCCCAAATGATGGTAACGAGAATAAGAGGTTAGTTCGATCTAACGATCAATAGATTTCATTAACAATAATGTCGTAGCATAAAAACTTGAAGCAGCCAAAAGAAGAATTTGAAGTTGCATTAGAAATCATCCAGTAGGAATATGCGAGGTTTTCTATAGATAATCGCCTATACTGATGTCCTGGATAATTTTATTTCAATATTGAAATTCTCGTGTTTTTCTACCAGGCAATTATCTTAAAATAGTTTATAACCAGTGCTGAAATGCCGTCATCTTGGAGCTGCATCCCAATATAGTAGGCCATCGCTCCGTATAAAAAGGAATAGAAAACAGTTATTAAATATCGTGTAAATTTCCATCTTAGAAAAGGAATAAAAAGAGGATTGCAAGAGCGGGAATACTAACTATTTCTATCCAGATGAAGTTGTTTTTTATGTACAGGAAAAAATGGAAGATAATATTTTTACAGTCAACAAAATTTTTGTTTCAACGACATCATGGGCATCATTTTATGGTACAAA
NZ_CP068224.1_gap29	1075694	1080107	4413	AGCACCAGGTGCAACCTACACACAGTCCGAGGTACAGGGTATTTTAATGGAACTTCGTGATCTAAAATCCAAGTTGAAGATTGCTGGAATTTTAGCGATTTAGCAAGAGGGTAATTTAAAGGCGGCAATGACGAAATATTTGCAAATAAAAGTTTGGATGTACAAGAGGTTCATTTGCGATAATGAGAGTTGAACGTGATGTTTGGGATTATAAAAAGGCAATTTCTAAAACGCTGAGAAATTGCCTTTTTGAGTTATCTCCGTCGAGGAGAATCATGTTTTTTAATTAACCCAGCCCTCATATTCTTCTCTGATTTTGCTTACGTTGATTTTTATATTTCCACGAACAATAAATTTTAGCTCATAAATATTTGTGTAAGTATTTGATTTTCCTTCGCTGGAAAAAGTTAGATTTTTGGAGATTAACTGTCCATTTTCAACTGAATTTAATACATAATAATCCTCTGTAGTCCATCCATCATTTGGATTTTCTATAACATTATGCTGAAAAATAATGGTAATGATATCTCCGTACTTTGCCTTCCTTATTATTGGGGCTTTCAATGGAGTGTCTGATGAATATGTGACCGTATATTCTTTACCATCATAAGGATTAGCTGTGTTTCCGTTAACTGTTGCTCCCCAATTTGGTGGATATCCCATTCCGTTTTGGCCCAAAAAGATAATAAAGGGTTTTTTGTTATCTTTCCAAATATATACTTGCGCACCATAATTCATTGTAAATCCAGTGTCAATGTCTAGGTTAATGGGAAATGTTACAATATAGTATTCTCTATTGTCTTCAGTTTCCTTCCATAGATTAGTTGGATCATTTTTTATTTCAGCTTTCCGATTTGGAGGAAGTGGAAGAGCTTTATTCAATATTACCTTGGGGGCTAGATAGTCTCTATAGACCTCCTGGAATTGTGGTTGTTGGTAAACTTTTCGAGCTATACCGATTATTTCAGTATCCTGTGCCAAAGATAATAACGGAAGAATCATTATTAGTATCAGACTGTAGTATTTCATTTTCATATATTTTCTTTTTAATTTGGGCTATAAGTGTAAGTTCTAGATTCGGCGTCAATTGAATGACCTCCTTTAATCCAGTACATTCCATTTGGGTACATATCGCCCACATAATCTATGACAATTATATCAAACCTAGTGTTTATTGCAAATTTAATGTCTGCTTCCGAAAAACCAGCAGGTCTAACTAAATCAGGTGATACATAAGTCAATGGAGTATGCGTGTGGAAAAATGATACAGGAACTGAATTTTGAGGTGGTTCAGGGTTGGTAGGCTGAACTGCTCCATTGGTGCCGCTATTACCCTGCACATATTTTCCAACGATCTCTTTTCCGGTAGTATATTCCTTCGTTACTTTGTTGTAGTAAATCCAGAACCCTCTTTCCCGACGCCCTTTATCTTTTGAAACATCATCTTTAGTAGATTTCCAGACATCATTCATTTTCTTGGTTACTATTGGATTTTTTAAAATGTTTTCCGCCTTATAGTAATCTGGCTTTATTGCTGGTGGAGCAAAAGGATTTTGTTGCTGTTCTTTTTCGTATTGTTCGACAACTTGAGGATTCAACATGTCTTTTAACCACCACCAATTTGTTTCTAAATCTGGTTTATTGTAGTTTGGATAAACAATTACTTGTGGTAAATCACCTCCGTCTATACAGTTTCCATATTTCTCTGGTTCGAAGCAATCCCAATATCCACCAACCGAAGCCTTGAGTCTTATTGGAGTCCTCATTTTCGCGAATTTAGACTCGCCTGTTATCTTATTGGTAACAAACTTAAAACTGGTCCGCTGTTGTTCATTGTTAAGGACGACCCTTTTTTTGAATTCACTGGGTAAATTTTTTCTGTAGGTGCCATAGCTATCAACAATCATGAAATCTTTATCTTCAGCTTTTTGATTTGCAACCAAATATGAATTATCTTTATCAAGCGGGATTAAAATAATCAGTGAGTCGCTTTTAATTTTTTGTATTTTGTATTTATCCCATTGAGGGTTTGCATAGTTTACCTTATAATTAATCGTACTGCCGTACCTTTTACTATAGTTTTCCTTCGCATAGCTGATTAGTCCTTGCACCTTTGTACTTTGACTATTTCCGCCAGTTTCATCAAAAATCTGCTTATTACAAGATGAAAGTGTGACTACTGCGATTACGGGAAATAGTATCGAAAGTGTGTAAATATTTTTTGTATTTAAGTATCTAGTTGTTAATAAATTTTTCAGTTTTATTTCTTTTAATAATGATAGTTGCCTTAAAGCAATAAATACTATACCTGAAATATCAATTTTATTTCTTTTCATTATCAGGTGATTAAAGTTTGTAATGGCGAGTTCTTTTTTAAGTCTTTTAAAGGTAATGTTAGCTTTTCTTTCATTAATAGTGTGATTAAAATGTTAATAAAATAATATTTTGAGCAAATATATTTAATAAATGTCACTATTTATAATTATTTTAAATAAATATAATAAAAGTGTTTTGTAGATAGTTATTCTAGCCAGAACGGTGATATGGTCATTTTTTTACAATGTGATGGGACAAAGAAAAACTGTTAATTTACATCAGGTATTTACTACATTCGTCAGGCCAACGAAGCCTCCCGCAAAAAGGGGCAATAATAATTATCTGTAATAGAGATTTTGTAGTTAAATTGTCTATTGTGATTTTTGTTATTATATTTATTTAACTTTATAAAGATTGGTATTGATTTTACTTGGGTTCTTCGTTGTTTCTATCATCGTTGATTTTTGCAACTCAGAAGAAAGAGTAGTAAGCTTCATATTAGGATAGTATTTCTTGATAATATTTTTAACATATTTCAATTCAAGTCCATTTGAATTCTTAAAGTCTCCATCTACAGCTAAAATATTTTCGATAATAAATGCGACAGTAGGGGTGTCGTTTAATATTTTACTATATTCAGGATTTTTTGAATGTTTTTTTTGAAGGACCTGACGTAAGTTATTTTGTGTATTGAGTACCCTAGAAGACATATTACTATATTCTACGTCAAAGAAAGTGTTCGCTCTTTTTACTATCTCTACATCGAAGACGTATTTTTCGTTGGATTGGATATATTTAATCCATCTATCCGAAGTTCCAAGGATATTCGCAAAGTCCTCTATAGTAATGTCGCTTTTTTTAACAAGTTTAGAATATTCTCTTTGGCGATTTGAGCATCATATATTTTCATATACACAAAAGAATTTTTAGGCATTAATAGTTCAAATGTGATTAAAGTGAAGGTGATAAATACCCTAACTTATTTTATCATATAAATCCTTTACTCTCACTCTTAATTTGTCATAAAATGCTTTTTTTTGTTGCGTCAACTTTGTTTCTAAAGCAAAACAATCGTCGATTAATTCTAAAACTTCCGCCTTGGTCTTAAGTACAAATAGTGATGAGAAGTTAATATTTAATTTTTGACTCACCAACATTATGATATTCCAACCAACAATATGTTCCGCTCTTTCAATCCTGCCTATCAAGGTGTTGTCAGTCTCACTAATAATACCTAAATCAAGCTGAGAATATTTGTATTCTAGTCTCCTTAGTTTGACAGTTAGTCCTAGTGAAATATTAATAATTTCTATTTCGATGTTTGAATAGTTGGTCATAAACCAAATGTTGAGATATTCTGAAATTTTATTCGATACATATTTGTATTGAATATGTAGGATTTGTATATTTGCTTAATATTCATTCAAATCTTGGATAGAATAGCATTTGACTAAAAGAGTCTCGATAGTGAATTCCGACAAATTACTAGTGAACGAGACGGTAGTCCAATGCCCATGTAGATATTTTTGTACTTTTGTGCAAGCTATAGCTCGTGGGCGACTATCGTAATTCCGTTTCACTAGGCCGTCGGAAGCCTGCTATACGGTTGATAGGAGCCCGCTATAGTTCTTAAAAACCTTATGGGACTCACTTTATAAATTTTAACTTAAGTGAGCTATGAATCAAAAAAAACACACCACAAAAAACATCTTTAAATCTCCCGAATAGTTCGGTATGATTTAACCAGAAATGACTGGTCCCGTCAGCTATGGAGTGCGTGTCGCCAATATTATATGCCTTGTACAATTCCAATCAAACGCCTCTAGCTCCTTAATTAATCAATTTTATTACACATGGGTATAGCCTGAAAAAATAGCTGATTTAGTCGGACTGGAATAGCTATGCTCTAAACTCGCCGTTAAAAATCTAAAGAATGAAATCTAATTATGCTCACCTAATCCTCTTGGATATGGTCATCTACGAGACGCACAAAGAAGAATATGACCCCATACAGAATGTACAGAATTTTTGGGAGAAGTATTCGTTGAATACGATCCACGAACATATTGTTGCATTGCAACCCGATGTCGATAACAC
NZ_CP068224.1_gap30	1083020	1087846	4826	CAATGCAAATAAAGTGACCAACAATGGTATTTCATCCTTGGCAATCGGAAGTGCAGGGCTAGCTTATCCCTATGCGCGTCTGATGGATAGCGATGGCAATCCGAATCGTTTGGAGCAGAACTACAGAAGTCGTTTTCTGGATACGCTGGGTGGAGGCAAATTGTTGGATTGGTCGTATTATCCCTTGGCAGATCAGAAACTATTGGATAAGACGGATAATACGAATGTGCTGAAATTTGACCTTGCAGCAGCGTATGAATGGATAAAAGGGCTGCGGTCTGAATTGCGGTATCAGTATTTTACATCGAATGGGCTCCTCGAGGATCGGATGGATCATAACTCATTTTATGTGCGCGATCTCATCAATAAATATAGCCAGTTAAAAGGTAATGTCATTGAACGTCCTATTCCAATGGGCGATATTTTGGATAGAACCTCAAACAGACAATATGGTCACAACATGCGGGCACAGATTTCCTACGATAAGCAATCCAGCCTCGGCGATCTGAATGTGTTGATAGGTGGGGAGATAAGGGATAATCGGGGGCTGCTGCACACTTATCGGCAGTACGGATACGACAATGAGCTCAACATATCCCAACCTGTTGATTACCGGACAATTTTTACCTACTACGCTGGCCTTGGAAGCAATACGATCTGGTATAACTTTAATGATGAACGTAATGTAGACCGTTTTGTCTCCGTTTTCTTCAACGGATCGTATAATCTGTTCAAAAAATATACAGTCTCTGCAAGCGCACGTCGCGATGCATCAAATCTGTTCGGTGTAAATACCAACAATAGATGGAAACCGCTCTGGTCAATTGGTGGTCTGTGGAATGTTGACCGCGAAAGCTTCTATAGCTGGGCTTGGATGCCGCACTTAACCTTACGGGCGACCTACGGAAAAAGTGGAAATGTAAACAATTCCGTTCCTGCACAGACGACCATAACCTATAACTCCAGTCCCGGTGTACTGGGGGGATTCACCAATGCCTATGTCAATAACCCGCCCAATCCAGACCTGCGATGGGAAGATGTAAGCCAGTTAAATTTTGGACTCGACTTTGGCCTAAAGCACAATCGAGTGACTGGATCGGTAGCTTACTTCAATAAAAAAGCAACCGATTTGATCGCTATTGTGAATGTTGATCCAACTGTAGGTGTCGATTATTTAAAAAGAAATGCCGCAAGCCTGCGTACACAGGGCTGGGAAGTACAGCTCAATACGCTCAACATCGATGCCCCGTTGCAATGGCGCACCACTTGGTTATTTTCTTCTAATAAAACCCGGATTATGAACTATAGCTATCGGTCAAACGTGAATGCTGATATGGTTAATTCAGGGCAATCGCTTACACCAATAGAGGGTTATGCTGCTTATAATTTAGTCAGTTACCGGTTTATGGGACTCACAGCTGATGCCGGTAATCCTCAATTTAGTGTGAACGGACAGCCTTATTCCAATTATGGCGATTTAAGGTCCAAAGTCTCTCTTGAAGATCTGGTATTCCATGGATCTGCACTTCCAGAACAGTTTGGGAGTCTCAGAAACAGTTTTACTTTCGGTGCTTGGGAAGCCGGTATCAACATCGCTTATCGTTTCAACTATTTTTTTAGAAGAGAATCCGTCAATTATTCCTCCTTATCCTCCAATATTCCGCTACACAGCGATTATTACAAAAGATGGCAAAAAACGGGTGATGAGGCGACGACTAATATTCCTGCATTCAATTACCCATTGAATTCCAACAGGGATCAGTTTTATATGAACTCCGACATTTTAGTGGAGAAAGGTGATAACATCACTTTGCAGGATATTAGCTTGAGCTACCGCCTGAAACCCAAACTGGGCTATTTCAAAAGCATTTCCCTACAGGCTTATGCCCGCAATCTTGGGGTGATCTGGAAGGCAACCAAGCTAGATTTGGACCCAAATGGAATTACTATGCGGATTCCCTCGCAATTTTCCCTAGGTGTAAACGCTCAATTTTAATACGATGAAGACAAATATAATTTCAACTATACTATGCTGCTTTTTGATAATAGTGGTAGGATGTAACAAATTCTTGGATGAGAAATCCAAAAGTTCATTGGCAGTTCCCAAAACATTGAAAGATCTACAGGCTTTAATGGATTATGAGCTCTATACCGTACGCAGCTTTCCGATCGGGATGGATGTCGCCTCTGACTATTATTTTATGAACGATAAAGATGTGAAGAGTTTGGCTGCGGAATTAAGTGATGTTTATCTATTGAATAACGAACAGACCAAATTGACAGACTGGACCGAAAGCTACAAGAAGATTATGTATGCAAATATTGTTTTGGATAACGTTGGTCAGGCAGATTTAGACGGTATGTCAAATTCGGACAGGGATTTGGTCAAGGGAACGGCATTGTTTCACAGGGGATGGAATTTCTTCTGGCTGGCTCAGGAGTTTTCGCAAGCTTATGAAGCTGGTACTGCAAAGAATGAGCTTGGCATCCCGCTTCGTACGACCTCAGATATCAATGTTAACTTTCAACGTGCTAATCTGGAAGATACTTTTTCCCAGATCACCAAAGATCTTCGGGATGCGGCAGGTCTGCTCCCCAATCTGCCGCTCAAAAGGACGAGACCATCCAAAGCTGCCGCTTATGCTGTACTGGCCAGGGTGTTTCTCTACATGGGGAATGTGAGCGAAGCCTTAAATTATGCGAATCTTTCCTTAGCGATCCAAAAGGATCTTATTGATTATAGGAAGGTGTCGCCAACAGCGGCAATTCCATTTGAATTAATGAATAAGGAAGTTATCTTTCATAGTGGTATGGCGTCATCAGGTGGCATATTTACAGGAACAAAATCTTTTCTCGACACAGCACTGTTTGAACAGTACAACGGAGGTGATTTGAGGAAGACACTGTATTACAAAAAAAATGCAAATGGATTTTACAATTTCAAAGGAAACTATGCGGGTACAATAGGAAGCTATGCATTTTGCGGTCTTGCAGTAGATGAACTTTATTTGATTAAAGCCGAATGTGAAGCAAGGTCAGATCAGTTGATTGATGCTGGTAATACGATGGTTGAATTGTTGAAAGCACGTTATGAAACGGGCCAGCTACCCATTATCCCCAGCGGGAAGACTGAACTGATCGACTTTATATTGAGCGAACGTAAAAAGGAACTGGCTTTTCGCTTTGGTACGCGATGGTCGGACATAAAACGGCTGAATAAGCACTATGATGCGGGCATTCGAATCGTACGTAACTTTGATGGAAAGGAATATATTTTAGAACCTAACGATAAGCGATTTGCGCTATTAATCCCGTACTCGGTTGTCGTTGCTGGAGGCCTTGTCCAGAATCCACGATAGATAGGAAAGGGCGAACCGCCGCCCTTTCCTATTTTTTGCAGATCTTAGTTTTCCGCGCGATAGAACACATGACTAGTTGGCGTTCCTGAATTGATTTCAGATTTCAGCTCGTTAGTCATTTGTGGTTTACCAGCACCGTCATTTTCAGCTTTGATACCACATAGAACTTCGTCGCTTGGACATAATGTGGCAATATCACCCGAATAGGGCTGGTAATTGTTTGGGTCGGTCAGATCACCATCTGGATTAATGACTTCCCAAGATTGCTCAGTAGTGCTTGCAGCTTTTCTACTGATTTCATTGGCGTGTCCAGCATAGACACCCAATCCCAAAACTGCTCCTAGTATTGGGACAAATAATTTTACTTTTTTCATGTTGTTGATATTTATAGTTTATAAATGCAGGTCGGTAGTTTCTAATCCTTCAATATCCTGTCTCGGCGACTTGCCTTGTCGTAGGTTTATCGATATATCTGAATTGTCGCAATCCCGAAAGAAGATATCGCTCAACTATTGACTACCTTTCCTGCTGGTCGAATCCCCGTCGGGATTCGCTATGCATAGTTTTTATTGCTGTTTTTTTAGTTTTGTATTCCATCAGCTTTAGTTTGTATTCCATCAGCCATGCCGGTGCCGCAAGTAAAGTAACCGCCAGATTGAATTGAAAATGTTGTTTCCAGCTCATTTTCTCAAATACTTTTCCGCAGGCACAGGGCACATAGCCATAGATTTCGATGTAGGCCAAATAGGCATAGATCGAATAGGCTGTCATCAATAAAATAGCTAGCCCCAAGCCCCATATCCTTACCTGTGGAATACACATCAGGAGGACAGTCCCCAGCTCCAGCATCGGAAGCAAATAGCTTAAAATGGACATCGACCATTGCGGAAGTGGCTGTTTGTGAAGCTGACTTACAAAAGCCGCATGGTTAAATACTTTTCCAAGTCCAGTGAAGAAAAGCAATAGGATCAGCATAACTAATGCGATCAGAATATACCAGTCCATATAGGTTTGCCATTTTGATTGCTGAGCTTTTATGGACACTGTACTTGCCGCCCCAGCTCCATCATACTGTATATATTTTCCGCTTCGTTCCATAGTCTTTTTTGTTAACCGTTTACTAAGTTTTACAATGCTAAATTACAATCTCGGACAGCCCCAGCGTTAGGCCGGAGATGACCTGGCGATAGGCAGGTTTTGCTATCGCAATATCCGGCTAATCAGAGTAGACACCCCTCTACTCACAGTAATCTTCCAATCGATAGGGGTAGCCTTTCGGAAACTCATCATAGCTGTGTAGATAGGCCAGCACAATGGGACATACTTTGCGTTGATTGAACAGTTTCACGATAGCGGGTAGATCAAAAGGATCTTCTACAGCAGTGGTATAGCCATCCATTATCGCGATAATTTGCTGTTTGAGCTCCGTCTGCTTTGTTTCTTTTTCTTCGGGATCGAGACAGCTGT
NZ_CP068224.1_gap31	1158144	1162936	4792	AGATTCAGGATGCCGAACAGGACGATCTGGGCAGCTTGACGGGATCCCTCAACGAAATGGCCAGGTCGCTAAAAACATCATTTGATGAACTCAGTAATAACAATTGGCATCAGGCCGGACTAACCCAGCTGAGCAACCTGTTGATGGGTAATAAACAGCAGGAAGAGCTCACAGCCGTTACACTGGGGCATCTGACAAAATATGGTAACTGTGTCAATGGTGCCATTTACCTGATGGAACAGGATGAACTTGTCTTAAGGGGAGCCTATGGACTCGAAGATCCCGACCATAAGCGCTTCGCTCCAGGAGAAGGCATGGTCGGCCAGGTCTTTAAAGACGGGAAAGAAAAGTTATTTGAAAACCTCGAAAATAGCAGCTATGTTATCAGCTTTGCCAGCGGAAAGGTGCAGGTGAACAACCTTTTTATCTTGCCTGTTTTTGATGGTAACCAATGTATCGGTGTGATGGAGCTGGGGGCACTACAGCCTTTTTCTTCCATACAGCTGGCATTTTTTAGAGATGCAGTGCAAAAAGTAGGTACTACACTGGCGGCGGCGCAGGCCAGACTGGTGGTGCAGAATCTATTGGAAGAAACCCAGGCGCAGACTGAAGAGCTGCAGGCACAGCATACCGAATTGGAATCCCTCAATTCGAGCCTCGAAATGCATACCCATAAATTGCAGGCGTCAGAAGAGGAACTCCGCGTGCAGCAGGAAGAACTGGTGCAATCTAACCGTGAATTGGAGGAGCGCTCAAAACTATTGGAAGATAAAAATGTTGAAATCGCGGAACGCAATCAGGAAATTCAGAAAAAAGCGGCAGAGCTTGAGCAAAGTACACGCTATAAGTCTGAGTTTTTGGCTAATATGTCGCATGAACTACGTACACCGCTCAATTCAATTCTGTTACTTTCCCGTTTGATGGCCGAAAATTCGGACGGTAACCTCAATGAAGAGCAGATGGAATCGGCAGCTGTGATCCAGAGTTCTGGAAAGAGCCTGTTGACCTTGATAGACGAGATTCTGGATCTTTCCAAAATAGAATCCGGAAAAATGGATCTGGATGTACAGCCTGTATATTTTGCCGATATACTGAATGGACTGACGGCTATGTTCGGACCAATCGCCGCGGATAAGCAGCTCGGATTAGAAATGAGCGCCGCGAAGGGATTGCCGATGCAGCTCGAAACAGACAAGCAGCGCCTGGATCAGATTTTACGTAATCTATTGTCGAATGCCATCAAATTTACAGCTTCGGGTAAGGTTACCTTGCATATTGACCGGGAACAGTCGCAGAGACACCGTATCGTATTTGAAGTGCGCGATACGGGAATAGGAATACCAAAAGACAAGCAGCATCTGATTTTTGAAGCTTTTCAACAGGCTGATGGTTCGACGCGCCGCAAATTTGGCGGTACTGGACTGGGGCTCTCGATCAGTCGGGAACTGGCGCGCCTACTCGGAGGCGAAATCTTGTTGGATAGTGAAGAAAATAAAGGCAGTGTATTTCGCCTCATCCTTCCGCAGCAAATTTCGGGCAACATGCCATCCGTATTTGCTACGGAATTGCAGCGACCAATGATCGGAAAAACAGACGTTGAAACGCTGGAGCCCGCTGTAGTGGAACAAGATTCACAAGTGGCAGTGCAGGCCGTGGAAAGGATGCCCGAGATTCCTATTCCAGCCGATATTCCGGATGATCGCGATAGCATCGTCGCAGGCGACCGCTTTATCTTGATTGTTGAAGATGATATTGAGTTCGCAAAGATCCTGCTGAAATATACGCGTCAGCAAAACTACAAAGGTATCGTGGTCGTCCGTGGTGATATCGCTGCGGAGATGGTGGCCCGTTATATGCCGTTGGCGGTCCTATTGGATATTCAGCTTCCACTTAAAGATGGCTGGCAGGTCATGGCTGAGATCAAGGAAAACCCCAAGACTCGACATATACCTGTGCATATTATGTCTTCTTTACAGGTTAAAAGAGAAAGCCTGCTTCAGGGCGCCATAGATTTTATCAATAAACCGATGGCATTGGAGCAGATGGGCGATATGTTCCGTAAAATAGAAGATGCCCTCACGCGGCATCCAAAAAAAGTATTGATCGTTGAAGAAAATCCCAAACATGCTGCAGCGCTGTCGCTCTTTCTTGAAAGTTTTGACATTGCCTCGGAGATCAAGAGCAATGTAGAAGATAGCATTGTGGCGCTGAGCTCAGACACTGCCGACTGTGTGATCCTTGATATGGGGGTTCCGGACCGTGTTGGCTACGAGACATTGGAAGCCGTAAAACGAAACCAAGGCCTTGAAAATTTGCCGATTATTGTATTTACCGGTAAGAACCTTTCGCAGGTAGAGGAAATGAAATTAAAACGGTATGCGGATTCTATCATTGTAAAAACGGCTAATTCCTATCAGCGTATTTTGGACGAAGTCGGTCTATTTCTACATCTTGTAGAGGAAAATAATGGTCCTTCTACCAAATCGCCGGGTAGACTTGGATTTTTGCAGGATGTTCTGCAGGGAAAAAAAGTACTTGTAGCGGACGACGACATTCGAAATATTTTCTCGCTAACCAAAGCGCTCGAAAAATATCAGATGACCGTGGTGCCTGCAACGGACGGAAAAGATGCGCTGAAACAGCTTGAAGATAATCCGGATGTGGCGGTGATCCTGATGGACATGATGATGCCCGAAATGGATGGTTACGAATCGATTGCTTCGATCCGAAAAGATCAGCGATACGAAAACATGCCCATTATTGCTGTTACAGCCAAATCAATGATGGGGGATAGGGAAAAATGTATTGCCGCAGGAGCGTCTGATTATATATCCAAACCGGTGGATATCGATCAGCTATTGTCTCTCTTGCGCGTATGGCTGTATGAATACTAACGCAATAAATAAGGAGCATGGATAAAAATAAAACCATATTGATCATCGACGATGATCAGAACAATATATTTGCGTTGAAATTGGCCTTGAAGTCAAGAGGTTTTCAGGCGATAGGCAGTCTGTCTGCAGAAGAAGGACTTGCTCAGTTACGGGATCATGCCAGTGTAGGTGTTGTGCTCATGGATATGATGATGCCCGAGATAGACGGCTATGAAGCCACCAAGCTGATCCGTGATTCATGGAATGCAAGTGAATTGCCTATTATCGCCGTGACGGCACAGGCTATGACTGGCGATCGTGAAAAATGTCTGTCTGCAGGGGCAAATGGCTATATCTCGAAACCGATCGACATTGAACTGCTTGTGCAGATGATAAGAGAAATAGCAGGATGACCACAGGGAAAAAAATTGTCAGCCAAGAGCAGGTAATGATCCTGATGGAGGATGTGGAGCGTCTCTATGGTTACGACTTTACCCACTATACGAAAGCATCCTTGTCGCGGCGGATCAACCAGCTTTGCCTGCTGGATAATTTTGCGAGTTTCGCCGAGCTACGTTATCGTGTTGTCCACGATCCAGAATACATGCAGCGATTTGTCGAAAAGATGACAGTGAACGTAACCGAAATGTTTCGTGATCCAAGCTTTTTCGCAAATCTTCGCCATGAAATCCTTCCAAAATTGCGTACTTCGCCCTTTATCCGCATCTGGATAGCGGGCTGTGCAACAGGTGAGGAAGCGTACTCGCTGGCAATTTTATTGCAAGAAGAAAATCTATTGCACAAATCATTGATCTATGGCACCGATATCAACCCCTCGGTGCTCGAGCAGGCAAAGAAGGCTGTCATCCCGATGGCAAATCTAAAATCTTATGTTGAAAATTATCAGCTTTCGGGCGGTAAAGCTGATTTTTCATCGTACTATACCGCGAACTATAACTGGGTAAAACTCAATTCCACGTTGCGGGAACGTATTGTTTTTGCATCTCACAACTTGGTGAGTGATGCTTCTTTTAATGCTTTTCAGCTGATTCTATGTCGCAATGTGCTGATCTATTTTGACACAGAGCTGCAGGCCAGGGTATTGTCCCTTTTTGATGAAAGCCTCGAAACATTTGGCTACCTTGCCTTAGGCAGTCAGGAGACACTGCGCTTTTCTGCGCTGGCACCCCACTATAATCAGGTGGGTAATGAAAAGATATGGCGAAAGGTCAAGTAGAACTGGAGGGGATTTTTACGTGAACTTATTTTAAAAAATAACTTAATTAAAAAAATAGATTATCTTGGTAGCATTGGAGGAAAAATGACTAAAATTCTTTTAGTTGATGACCATCGACTTGTGCGAAATGGGATACGCTTGATCATTGATACCCACGACAAGCTTTCGGTGGTAGGAGAAGTAGACAGTGCAGAGGATGCATTAATCTACCTTGAACAAAATGCATTGCCGGATCTGGTTTTAACGGATCTGAATATGCAAGGCATGGATGGTGTAAGTTTCATCCGAATGGCCAAAAAAATATATCCTGATCTTAGGTTTGCTGTGCTTTCCATGATTGAAGATCCGGTTGATGTAGCCGAAGCTTTTCGGAGTGGCGCAGACGGGTATCTATCTAAAGGGGGGGATTATGATGAAATCTTATTTGGATTGTTACGTTTATCTCATGGGCATAAATATCTGATGACCAATTTCGGTCTACGGTTTATGGAAAATTTTGATGTTGAGAATAGCGCGAATGTTGATGTTACTTCACGGCTGTCGCAGTATGAAATCACAGAAAGGGAATTTGCCGTACTGGAACTCATTGCGCAGGGTTTCACCGCTGTGGAAATTGCGGATAAAATCTTTTTGAGCAAACGGACTGTCGAAGGGCACCGTCAGAACCTGATGGACAAAACCA
NZ_CP068224.1_gap32	1217594	1220213	2619	GAAATTTTTTATCGATACGGCAAGTCTCAGTGAGATTCGTATGGCTCAAAATTTAGGTGTCCTAGATGGTGTAACGACCAATCCTTCGCTGATGGCCAAAGAGGGTATTACAGGAACAGCTCCTGTACATGCGCACTACAAAGCTATCTGTGATATTGTAGATGGCGATGTAAGTGCTGAAGTGATTTCAACTGATTTTAATGCGATGATTGAGGAAGGTTTGCTCTTAGCGGCCTTAGACAATAAGATTGTTGTTAAGGTTCCAATGACTGAAGACGGCATTAAAGCAATTAAATATTTTAGTACAAAACAAATTAAAACCAATTGCACCCTGGTCTTTTCTGCCGGGCAAGCACTCTTGGCCGCCAAAGCCGGAGCAACCTATGTATCTCCTTTTGTCGGTAGGCTCGATGATATCTCTGTCGATGGACTGGCCCTGATTCGCGAAATTCGGACGATCTACGATAATTATGCTTTCCCTACCCAGATTCTTGCGGCTTCGGTACGTCATAGTGCGCATATCTTGGGTTGTGCCAAAATTGGTGCGGATGTGATGACTGGACCTTTGCAGGCGATATTTTCCCTCTTAAAACACCCGTTGACGGACAGTGGCCTTGCTCAATTTTTAGCTGATCATAAACGCGTTGCAGCACAAAGTAACAATTGAGATGGTCATGACAAGACATAGTATCCATAATTTAGAAGCGATTGTTAAGCAAGTCCGAAGGGATATACTCCGAATGGTGCATGGTTGCCAGTCGGGGCATCCGGGAGGATCGTTGGGCTGCACCGAATTGTTGGTCTGCTTATACTTTGAATTGATGCAGCGAAACGATCAGTTTGATTTGAATGGCCTCGGGGAAGACCTGTTTTTCCTTTCCAATGGTCATATCTCTCCGGTATTTTATAGTGTGTTGGCGCGAGCAGGTTATTTTCCAATCGATGAACTTGCCACCTTCAGAAAACTCAATTCAAGACTGCAGGGACATCCGACTACGCATGAAGGACTGCCAGGTATCCGTGTCGCTTCGGGATCCTTGGGGCAAGGTCTTTCTGTCGCTATTGGTGCTGCTCAAGCCAAAAAACTAAATCGAGATAACCGCATGGTTTATGTGCTTATGGGCGATGGCGAATTGCAGGAAGGGCAGGTATGGGAAGCGGCTATGTATGCAGCTCACAACGAAATGGACAATTTGATTGCTATTGTAGATTACAATGGTGCGCAGATTGATGGGGCTACCAACGATGTCCTTTCGCTGGGCGACCTACCCCGCAAATGGATGGCATTCGGCTGGAAGGTTATAGAGGTTATGCGCGGTAATGACATTGGTTCTGTGATTTCAGGACTTCGAAAGGCCCAAGCTTCCACCGGAACTAAAATGCCTGTAATGGTGTTGCTACATACTGAAATGGGAAATGGAGTTGATTTTATGATGGGCTCACATAAATGGCATGGCATAGCACCCAGTGATGAACAACTAGCTGTGGCCTTAAACCAGAATGCAGAAACATTGGGTGATTATATCGCCTAATCGTAGCACGATTTTGAAATAGATTAACATGAAAAAATATACATATACAGAATCAAAAGACACACGTTCTGGATTTGGTGCCGGTTTACTGGAAGCAGGAAAGGAAGATGAAAATGTGGTTGCACTCTGTGCAGACCTGATCGGTTCGCTCAAAATGAACGATTTCATCAAGGCCTTTCCGGAACGTTTTTTTCAGATCGGCATTGCCGAAGCAAATATGATGGGTATTGCAGCTGGACTTACCATCGGTGGAAAAATACCTTTTACTGGTACATTTGCCAATTTTTCGACGGGTCGGGTATACGATCAGATTCGTCAATCTATTGCCTATTCGGATAAAAATGTGAAAATAGCGGCTTCGCATGCCGGCCTTACGTTGGGTGAAGATGGGGCGACCCATCAGATATTGGAAGATATTGGATTGATGAAAATGCTTCCAGGGATGACGGTTATCAATCCTTGCGATTATAATCAGACGAAGGCGGCAACGCTAGCCGCTGCCAAACACAAGGGGCCAGTCTACCTGCGGTTTGGACGACCCGTGGTACCGGTTTTCACCCCAGAAGATCAGGAATTTGTGATCGGCGAAGCCGTGATGCTCAATCCGGGTACAACTGTGACTATTTTGGCAACTGGACATCTCGTCTGGGAAGCCATATGTGCCGGGGAAGAATTGGAAACATTAGGTATTGATGCCGAAATCATTAATATCCATACGATTAAGCCTCTAGATGAGAAAGCCGTACTGACTTCTGTCGCTAAAACGGGCTGTGTTGTTACAGCCGAAGAGCATAATCGTATCGGTGGACTAGGAGATAGTGTAGCGCAACTGTTGGCAAAACAATTGCCTACTCCGCAGGAATATGTGGCTGTAAACGACAGCTTCGGTGAATCGGGACCGCCAAGTGCGCTGATGGATAAATATGGCTTAAACGCCAATGCTATTGTAGCTGCGGTATTAAGAGTACTCAAAAGGAAAGTGGTGATTTAGTTGAAATTGGGCTGTTGTCCCGTTATGGGTGATAGCCTCGCTATCTATTTGCTATTAAACCAATTATAATATGAAAAAGATGATCTGCACCATGTT
NZ_CP068224.1_gap33	1242147	1244674	2527	GATAGCCTTCAATCTTATTTTCGGGATCTTTTTCATTGCCGTCCAGCACCACAAAGTGGAAACCTTTATCGTCAAAAGAATAATAAGGGGATGTTGCATCCCAGAAGGCCAAAGCTTGTTGTTTGGTGAATCCGCCATCGGTATCGTGGTTACCCAATACGTAGTGTTTTTTACCCTTAAACTGTGCCCATATAGCCATCAGTTTTTTATTAGCGGGTTTTGGGACACAGAAATCACCTAAGGAAATAATAAAATCAGGCTGTTGTTGGTTCATTGCATCGATAAAAAGTTGAGCGCGACGTTCACCATCATGCATAAGGTCATAATGCAGGTCGGCAATAATACCGAATTTTAGGTTTTGCTGTCTTGCTCCCAAGTTCTCAGATGCTGCAGAGTCTAGGTCTGTACGTGTTTTCGCAATACTGAATGCGGCGGGAGCTAAAAGTCCCGAAATACCTAGGCTGCCAATTTTTAGGAATTGTTTTCGGTTTATCATGGTTTTTTAATTGATATTGATTTTGGGCTTTGGACAAAACTAATGATTGTTGCACATATCGCACATATCAGCGCAACGAAAAGAAATATATTGGCAGTATTGCCTGTGTAATCGATCAGCTTACCAAACAAAGGTTCACCGACAGCAGCAAATACATAGGCAAACATATTCATTACACCAATGCCTGTCCCGACGAGTCTAGCTCCTAATAGATCTGGACTCAAGGTCCAGAAGTTGGCTTGTGGACCGTATACAAAGAAACCTGAGGTAAACATGAGGATACCCATTAGAAGGTGATTGTGAATAGGCACCCAATAAATGAGAAGGGCAATAATGCAGCTGATTATCATACCTGCGGCAATAGATTTACCTCTGTTTTTGTTAAAGACGAGGTCTGAAATGTACCCAAAAGAAAGGGCTCCGAGAGCCATTCCAATAGGAATGAGCAGTGTAAGCCACATGTTGCCTGAGGATTCTTTATAGTTGTTCCCTAAAAAGTGGATCGGTACCCAAAAGATTAAACCGTAGCGTGCCATACTTTGAAATCCAATGGCCAGCGAAGCGATCATAAAGTTGCGATGCCGAAATACGTGTAAATAGGACTGCTTCCAGTTGTCTTGTTTTTCCGATGCTGCAACCTTTTCTTGTGCGTCTTCCTGCTTCGCTATTCCTTCTTTTTCTGCAGCAGAAGTATATCCTTTTCGTTTGGGATCGCTGTATGCTACAAATAGAAAGACCACTAATGCCCCGGCAAGAAATAAGATGGGATAGCGAAATAGTGTACGCCAGCTTTGTTCCTGTTGGACGAGTAACAAGGCCATCAGAAAGGTCAAAACAGAAGAGCTTCCGGCAGCCATGGTGTAAAAACCAAAGGCCTTACCACGTTCGGAACTGCTCCACCAATTGGAAATAAGCTTACCTCCCGAACCCCAAGCCATGGACTGGAAGTAGCCATTCAATGTCCAAAGGACCAAAATAGCAATATAGGAGCTGGCAAAACTGATGGCGAGATTACAGAGAATAGACAGTCCTCCGCCAGCGACAATCATAATCTTGGGACTCCATCGATCGGCAAGATTCCCATTGATGAGCTGGCCTATCGCATAACCCATTAACATTGCAAAACTGATCCAGCCTACTTGCTGAAAACTGATGTCTAGCTCTTTGGCAATACCCCTTGCTGCCCATCCAAAATTGTGTCGCCCTGTGTAAAAGAATAAGTAGCAAAACATGGTTACAAACAACATTTTCCACTGGTCTTTTCTAAATTTTCTTTCCATTAAAGCTGCTCTGTTGAGGGGTTGATGAATAAACCTGCTCGTATTGGTTTGTGCGTTAATGCATAGCTTATCGCTTCATTGACTTCGGCCAGTGGAAAGTCGCGTTCGATCAATGATTCGAAGGGATACTTTTGCCAGTTTTCGATGATAAAATCTACAGCCGCGGAGAAATCGGTATAGTTGTAATTGTGCAGCCCTTTAATCGTGAGCATCTTTCGGATCACTTTTTCGGCGTCTATCCCGGTAGGGCGCTGCTTAAACACAGCACCTACGAAAACAGCATTTCCATGGAGCGCCAAAGTTTCGATGCCGAGTTCCATAGCCTCTGGCGAGCCGCTCATGTCGATAAATCGATCTATTACTGTAGCTTGTAATGCTGTGCTGGATGTGGTTTCACGCAGATCTATTGTAGCAGTCGCACCAAATTTCTTGGCAAGTTCTAAACGTGCAGGATTAATGTCAGAAGCTATGATACTTTTGGCACCCATTTCCTTGCACATGGCAATGCTAACCAGACCCAATAATCCAATGCCTGCGACATGAATGTTTTTTTTCGTAATGGTTCCTGCCAGGCGAAGGGCTCCGGCCGAAGTGGCAACAGCACAATTGATGGTGGCGGCTACTGCGGGGGAGATATCTCTTGGAAGTACTCGTATGCAGGTATGCGGCCGTAAGATGATATGTGTGGCCAATCCACCATGAAGGTCATCCGCTTCGGTTATCTGACGGTGCCCATACTTGTAGATATTAT
NZ_CP068224.1_gap34	1320635	1323976	3341	AAGCGATTTGGTCCTACACCACTTTACTCCGCTATGATGCAAAGCAAGTGATCGAAGTGCCTATGCATGCGGGACGGATGACGCAGATGGCCTGCCCAGAAGCACAATATTTTAAAATCCAACAGGATGCAGCCAACCTCAAAAAAGGAGGGGAGAATATACAGATAAATGGAGCTGGTTTTTAAATATTGCTCACAAAAAATATAAACGGCCAAAGCCAGCTGCATGCAGCTGGCTTTTTTTTAAAAGCCTAATTTTTTAAAAAGGACAGTTATCATTAGCGTTATCGTAAATTTAATGTAAAATAAATTTGTCTTTATGTAAAATATATTTGTCATAATGTATGATATTTTTTACATTTGAATGAACTGATAAACTTATTGTATTATGAAAAAAATCCCTTTATTGCCCCGTTATTTTCGCTGGATTGGCTTCTTGTTTGTTGCAATCAGTCTAGGACTGTACTTTTTGGATTCGTTTCGGGATCGATCTGATCCGGGGGGAATATTTATTAAAACCTTTGTTTTTATCAATGATACGCCACTGACTCCAATCGGATTCTTTGAGATTATGGAAGTTGATGTTTTGTTGACCCTGATCATGTTGACAATGCTGCTCGGATTATCATGTTTTGCTTTTACACGACGTAAAGTGGAAGATGAAATGATCAATTCAATACGCTTGTATAGTTGGTCATGGGCAGTAATCGTCATGATTGTGTTGAGTACGCTTGTTATGATATTTGTTTATGGAAAAACGTTTGTTAGTTTTTCGTTTCTATTTGCACATTTATTATTGCTTGCCTATATTACGATTTTTAAGGTAAATATCTGGAAGATGAATAGGAGGTCGGAACATGAAGAATAAGATAAGAATCCATCGATTAATAAAAAACTACTCGCAGGAACAGCTCGCAAATTTGGTGGGTGTAAGCAGGCAAACCATCAATGCACTGGAAGCCGAAAAATATATTCCTTCCACTGTACTTTCGTTAAAAATCTCCCATGTACTTGAGCGTAGTGTGGAAGAATTGTTTGAACTTGAAGACAAAGATTAAAGTCATTTTGCAAATGGTTCTTGTCATGAAGAAGTTGCAGGGAACTTAGATTTCAATTGGAAGGGGATGCTGATGTTTTATCAAAAAATAAGTAAGGACTGTTTCGATGACAACAGTCCTTACTTATTTTTTGATTAGTTTATTGTTAGGAATTGCGCAATAGCGCAAACAAAGCTTTAGCAGTTTCTTCCGAAGACCCCGGGTTTTGCCCGGTAATGAGATGACCATCTTTGACTACATAACTATGCCAATCTTCCCCTTTGCTGTACTGACCACCCAATTTTACGAGTTCATCTTCCACTAAAAAGGGAACAACATCCGTTAGTTGAACCGCTTCTTCCTCGCTATTTGAAAATCCGGTAACTTTTTTGCCTTTGACTAGTGGCTGACCATTACTATCCTTGACATAGCGAAATACAGCTGGGGCATGGCATACGGCAGCGACAGGTTTGTTGTGGGCCCAAAATGATTCGATCAATGCAATGGATGTCTTATCGTTGGTTAAATCCCACAAAGGTCCATGGCCCCCAGGATAGAAAACAGCATCATAATCCTGCTCATTGATATGATCCAAAGGAATGCTATTTGCCAATTTTGTTTGAAGTTCCTTATCGGCATCAAAACGTTTGGTTGCTTCGGTTTGAAAATCCGGAAGTGCACTTTTAGGGTCTATCGGTGGCTGTCCTCCTTTTGGAGATGCGATTGTGACGTCCACTCCTGCATCTTGTAAAACATAGTAAGGCGCTGCAAATTCTTCTATCCAAAAACCTGTTTTTTCTCCTGTATCTCCCAATTGGTCATGTGATGTCAATACAACCAATACTTTTAATTTGTCTTTTTTCATATTAAATAACCAAGTCTGTTAAAAAATTATATGTTTAAAACGATAGTACAAAGTAGGGGATAAATTGCCAGAGCCTTATGTGATATACATCACAATTTAGCGAATGGTTTTGCTTTTGTGATATAGATCACATTATTGGGCTTGGTATAGCCTGCTCAGTGTTTCGCGGGAAACACCTAGATATGCTGCAATCAAATGTTTGGGAACGAGATTATAGAGTTCGGGATATTGCTGCATGAGTTCCTCGTAGCGGCTTCGCGCATCATTGTTCAGCAGGGACATTATTCTTTTTTGCAGCCCAATATATCCTTTATTGGAACGCCATCTAAAAAAGGTTTCAACTTCGTGAATTTCCTTACATACTTTTTCACGGTCCTCGTTCGATAAGCAAAGAGTGTCTGCATCGCTGACACAATCTAAATTGACCGTAGCTGGGCCTTGATTGTGCAATGCATTATAATCGGAAGCCCACCAGGTTTTTGTGGCGAACTGTAAGATATGCATCTTTTGTTCATCGTTGGTGAAATAGGTCTTTAGACAGCCATTTAGCACAAAATACTCTTGTTCCACAAGGTCTCCTTGACGGATAATCATTTGTTTCTTTTTAAAGGAGATCGGTTTAAAAAAAGAAAAGAAGTAGTCGAATTGTTCGTCGTTTAACTGGACGGTCTTGTCGATATGTTGTCTCAGAATTTCACGCTCGGTCATAGCTAATAGTTACTTGATCGATTTAAAATTAAACAAAATCTCACAATGATAGCGAAGGCCTGCATCAAGTTCTCCTCAGATTCAAAATTAAGAAGGGAATAACACTACTTTTACAGGGGTATAACAAGGAGTTAGTAGGGGATATACCCCTGCTAACCCCCTGTTATACCCCAGTTAACCCCCTGTAATCTCCCTGTAATATATTAAGATAATATCAATTAGATTTTAACTTGTGCCCAAACAAAAAGGGAACTTCCTAAAAAAGATGGAATTTCACAATCCTTACTCGTTCGGTCCTCGTTGAGATTGAGCTGAAGGGATCGCTAGGAATATTTTAGTCCTACTTTATAGGGGATATCAGGTACCTAATATCCCGACGCCATTTTCTTGTAAAACCAACGTTTTACAAAATCGGCTGTAAATACATAAACAGCAACAATCAACACCATATAAACATAGAATTGAAATGGCAACCTCACAAAACCAAATATAGCACCCAATAGGCTGAGAGGTAGAAGTAAAACAAATGAAATCACGATTAAGTTCGAAAATAGAAGAGCTTTACTCGGTTTGCTCTTAAAGAAGGGCAGTCGGGTACGAACGACAAGGACAATAAGTGCGGCAGATACAACGGATTCTAGAAACCAACCTGTCTGAAATTGTTGTTCATTGGCTTTCAGAACTATAATCAGTACCGCAAATGTACAATAATCGAATACCGAACTCAGTAAA
NZ_CP068224.1_gap35	1327280	1328899	1619	GGCTATGGTCATTGTTTTCACCGGAGATAACCACGGACCACATACCGTACAACAGGTCAAAGAAATCTATGCGTCTATTCAGAAACGTTACCCTAATGCTGCATTACAGGCTTCGACACTGAGTGATGTAGCTGCGGTTTTGCGTCCCATGAAGGATAAACTTCCATTGGTGACACAAGAGATTGGTGATACCTGGATACATGGATTTGGCAGTTCTCCCCTGATGATGGCCCGGTTTAGGGCATTGGCTAGATGTTATGAAACCTGGGTGAAAGATGGTCGTATCAATCCAAATAGCGATGCAGCTATTCGATTCGCCATCAAATTGGGCTTGGTCGCAGAACATACCTGGGGATTGGACGTGAAAACTCACCTCCAACATTGGGATACTTATCGTATTACTGATTTTCAAGCAGCCTTGAATTTACCGGCGTTTAAAAAGATGGAAGCATCATGGGCCGAAAAGGAAGCTCATATCAATCAATCGTTGCAATATCTACCTAAAGACCTGCGTGCCGAGGCCGAAAATGTTTTACGGCAATTGGCATTAGTCCCTAAACCTACTTTTGAAGGAGTGGACGCATCGCAGCAATTTTCAAAAGATGGATCGTTCCAGCTGAATAAAGGGGGCTTTCGGATGAAAATGGGAGAACTTAGCTATCAGAGTTTTTCGACAGCTGATTTTGAACGTTTCAGGGATTCCTACATCACCCAAAAAGTAGACTGGGCAATCCGGGATTTTGGAAAACCGGGCCTGACTCCGGACATGGCGGAAAGCCGAACCTTATTGGCTACTCTTCAAAAATCAGTCTATAATAAAGCTAAAAATGAGTTCTACAGCCAATTGAGTTTAACTGGGACTGGGAAAGTTGAACAACAGGTTTTACCCAAACAGATCTATAGCAGTTACCGTTTCGACGATAAAACAAAGCATATCGAACTGAGTTATACTTTGGTGGATAAACCTGCCAATCGTCTCCCGGAAGCTTATTGGTTAAGCTTCTATCCAGAAGGTGTTGTGGACATGCTCGTGGAGAAAGTAGGCCAGCCTGTCCGCGTATTGGATGTTGTTGAAGGCGGGAATAGACAGATGCATGGATTAGATCACTATGTGGATATTGTAACGGATGCAGGTAAAATTCGTATCCGTAGCAAAGATGCCTTGCTGGTCGCAATCGGCAAACGGGATTTGTTGAACTATTCTACAGATCAACCTAATTTACATGGTGGCCTGCACTTTTGTCTATATAACAATGTTTGGGGAACAAACTTTAGCATGTGGTTTGGTGGAACAGTAAATTATAGGTTCGATGTTGAACTGATCCCAAATAAGAGCAAATCGACTTCTATAGGGTCGTCATCCAATTGAAATAAACACCATGAATGATTATTTATACATGAATAAATTAGATACACTGAAAAAAATTACACTGATCGCTGCCCTGTTGATTGCTGGATTTGGAAATCATGTAGTGGCACAAGAAATAAAAACGACTTTGACACAGATAAATTTTGACCAGCAGGGTTTCTATACGTCCATTAAGGTAGATGGTAAAGAGCTTTTGGAGGCGGGTAAATATCCGATCGTATCTGTCTATAAAGACAAAAAAATTATACAA
NZ_CP068224.1_gap36	1350067	1352394	2327	TTGTATGATATCCGTAAAAGGGCTGGTATTGAGGCCGGCAGTGGAAATTATGGTATTACCGCTAATTCACAAACAAATATCCGTCAAGCTTATATGGACGAGCGTTTTATTGAATTTGCTTATGAAGGTAAGCGGTTCGCAGATTTACGCCGATGGAAGCGATATGATATTTTAAACAGTCTAAAATATCGCTCGGGATTAAATGCTGTGATTAAAAATGAAAGCAGTTTAGTAGGTTTCGATTGGACCAAAGATATGTATGATCCTGCGGTGCGTAAGCTTTTCCGTTTCGAATATGTCGAAAATTTAGATGGTGATAACCAATATCAATTTAAGGTGGATCTACAGCATTGGTTTTATCCAATCCATAAAGAAGTTCTCGATAGAAATTCAAAAATTGAACAAAATACAGAATGGGGCGGAACTTTTGATCCTTTAAAATAATAATTTGGTTTATTCATAGTGTAATTTAGTGTTAAAGTGGTAAAAGTTGGGCCGTGTATACGGTCCAACTCTTCTGTTAAGAATGAAAGAAAAGTAAAAATAATATACGGATGAAAAAAATAGTAGGAAGTTTTCTACTCTGTGCATTAGCGCTAAATAGTTTTTCGCAAGACTGGATCCCTCAAAAGCGGGATAAAAATGTGCTGTTCAGATTGCTGGATTGCCAATATGAAGGAGCAAAATTGGTAAATAGTTCGACAATAGGAGGGCGTTCGGACAATTGGAATGTCACGCAGGAGGTTTTGAAAAAGAAAGGAACGAATGAGGTGACCTACCGATTTACCTTTAAGGCGAAAAGAGCGATTAAGGATGCGGGGGTAGCTGTCGCTTTTGATGCTTATGACTGGTCGAGTGATAATTTTGTGATGATTCCCGCGGTTGTTTATAATGGCAATCGCCAACGGATCGTCAACCGGGAATATGCGACCGGTCTCGACAAGACAGATTATTACCGAAAAGATCTAGCACTAACCTCCAATCCGATCCCACAACTTTCACCAGAATTTGGTGCAAAATCTCAATTGGAAGTGAATATCAGTAATACAAGTACACCCGTAATGGCCTACTTAGACCGAAAACAACAGAAGGGCGTTTTCCTTTTTACTGACCAGGGAATTTCTTGGAAAAATGAGGTAAAAGACCACGCATTGATTGTTGAAGAAAGTGAGGATCGAAGTGTCGCTAGTTTTGTTGTCAGTGCGCCAGGTGTACGGTCGCGTAAACCTGAATTTATCGGTTTTAGCGAAAGCCCTGATCGGGGAATATCAGTTGCCCAAGGTGATGAATTGCAGATTCGCGTTACACGATTAGAATTTCAGTCCACAGATGTACCGTATTTGTACACTCGATTTATGCAAGAACGAAAATTGCATATCAAGGAAGCTACCCCTCGCAATTTAATGCCGATGAGTGAGGTTTTTACGCGTATGGCAAAAAATATTGATGAACGCTATTATGCAAAAGACGGTGTTGGATTTTACTGCCCAGAGAATGCGGATTGGATGTCCTATGGCTGGGTGGGTGGATTAATCAATACTTATCCTATGTTGGCTTTGGGGGATACGGCGCATTTCAATCGTGTAAGGAATACCTTCGATTTTGCCCTACCAAGAGGCGGGGGAGCGAGTGGTTATTATTACGATGTTTTGGGCGCAGACGGTCAGGTTATCTACCGGGACGGAGCAAAATTAAATCCGGGTATCGGCTTAACACGTAAAAATGCCGATGTGCTATACTGGATGGTCAAGCAGTTTATGCTCTTGAAAAAGCAGGGGAAATCTTCGCTCATTACCAAAACATGGGAAAATGAAGTCAAACAACTTGCCGATGCTTTTGTGAAAACCTGGGAAGAAGAAGGGACATGGGGTAATTACTTAGCGATCGAATCGGGTAAAATCGCCGCCTATAATACAACAGGTGGCGCAATGGCCGTTGCTGGATTAACTTTGGCAGCTTCTTATTTTTATAACGATCAATACCTCAGCGTAGCAAAAGATGCTGCGAAAAAATATTACGATGAGTTTGCCTTGGTCGGATTTACTTCGGGTGCTTGTGGGGATATTCTCCAAAATGCCGATTCGGAAACTGCAATAGCATTGACGACTTCACTAATGACGCTTTTTGAACAAACTGGCAAACGCGAATACTTGGATCAGGCCAAAAACCTAGCGAATTATACCGCGTCCTGGACAGTATCTTTTCCTTATCAGCTACCTGAAAATACTGCCCTTGCAAAATTGGGCGCTAATCTTACAGGGGCGGTTTGGGCGAGTACACAAAACAAACATGGTGCCCCAGGATTCTGCACGCAATCCGGCGACGTG
NZ_CP068224.1_gap37	1500016	1503964	3948	CTATGGATAACAAGCCAATGGATGAGGTTGGATATTTGACAGATTCCACCGCCAATCCCCGCTCTTGCTTCACCAAAGGATAACTCCATGCCGGGCAGATACCCTTTTTTTACAGTGGGTAGTCCAACGAGTTTACAAAATGAAAAGGTTTCCTTCGGTCTGATCAGAATGCTATTAATCTGTGCTGCTGCAATTTTCAGGTTGGTAACTTTGTTAATCTGCAATTGCATATTATTTTCGCCCAGTTTTTTTAATAAGACAGACTGATGCTTTTTAATACGAAAGGGAAGTTTTTCAGTTGATTTAGCTGTGCTGTATTTCTTATTATCAAATAGCCAAACGGCTTTGCGCTGCACTCTTCTCGCCCATACTGCAATAAAATAGAGTATGGGATGACGTTGACTGATCAGTTTTCTTTTTCTCAATTTGACGTTTATGTATCGCTATCAAAATTAGTGCAGAAATGTGTTTTTTGCCGAATTTCGTCGAATATTTTTTTATCAAAATCAAGAATCTTATTGTCTGAGCTTAGTGCAGTTTTTCAGTTCGTTTAGTTGGTTTTCTTTGCCTGTATGTATTTCGCTGTTAACTTTCCCTCCTTGTTATAGATCAAGCTTTCGTAGGCACAGTTTCCGAGATCTTTTACAATAGATTTTTGTTGTAATACACCCTCATAATAAAACTCATCAATCGTTTCGTTGGCTCGGTACGATCGCTTGATTTCGGCTGTCAGTCGATCGCTCTGATCGAAAGTTTGGCGCAGCGAGTAGTCACTTGTTTCCGGACTATCATACTGATAGCGGACGCGACTTTCTCTTTGATCATTTCTGCCCGAAATCTCTTCAGTAATTCGATTCTGTTGATCATAACTGTAAATGGTCCAGTCTCTCCGTTGATAGACAAAATGAATGGATTCACTTTTTATAACCTGGAGTTTACTGTTCAAGTGATAAATCATCGCCGATTCGAATGTAGGATCGTAGGAAATAATGGCATCTGCCAGATATCGGTAAATTGTACTGCTGCTCCACGTACTATTTCGAAGGTACTGTATGGAGTCGATAAGTCCGAATTGATTATAGCATCTTTTGTTGTAATAATTATTTCCCCCGGAAAGATTGTTCGATGTGATCTCTTTGCCTCCTTCATATACGGTCGTCATAATTGCACCGGATTGCACCGCATTTTCGTCCGAAAATTGCTGCATTACATAAGTGCCGTCACATTTATTCTTACGCTGACTGTAATAAAGAGGAAGAGCGGAATTTGCGATAATAGCCGCTGCATATTGCCCAGATGGAATAAATTGAACTTGTGCGATTGAGTCAAAGAAATGTGAGGCATTATATTGTGCCGAAGCTTTCGTTGATGCAATTTGTGTCTTCGTATTTAAGATCGGTTTGGCTGCTGCCAGATAGGTATTACTATCATATATGATCTTGGGTTTTGCTAATCCATCAAACAAGATCATGGCATGACGTTGCTTCAATGACAATACGTCGATAGTCCATTGGTGATTTTTAACGATGAATGTGAGTTTTTTTGCATCGGTTTTTGTGACCAATAACTTTGTTGTGCTAAAAGGCACTAGTTTGAAAATCTCAGCAGCATTTTTTTCGTGTAGACGCATGATAAAATCAGTTGATTTATCGGACTCATTGGTTACAAAAAGAACTGCATGCGTTGGGCTAGCTATTGTTAGCGATTTTACTGTTTGCGATGCTGCGCTGGGACTATATAACAGCAATATCAACAACTGAATGATAATCGGGTAAATGTACAGTTTCGCGTTATAATTCATTTGGGTCGATATTGCTGTTGTTGACTTTGCTATTTAATTTAATACTTCTTTCAAAAATAATAAGGTGTGCTCCCAGGCACGTTTAGCCATTACGGGGTTATATTCGGCTGACTCGGGATTCGTAAATGTATGTCCAGAATTTGCGTAGGTAATTATTTGCCAGTCTGCTTTTCCTTCATTTAATTCCTTGACCAACCCATCGTAATCTTCTTTTGATACACTTTTATCGGCTGCTGGGTGCTCAACGAGTACTTTTGTTTTGATCGAACCATTGGGTCTGTCGGCAGCTTTGGATAGGCCTCCATGGATACTGATCACTGCATTGACGGGGAAGCCGGCTCTCGCCGCTTCTAAGGCTCCTGAACCTCCAAAACAATAACCGATGACAGCAATTTTCGTCGGATCCGCACCCTCTTTTTTCAGCTGTTCCAATGCGAGCATTATGCGATGCTGATAAGCTTTATAGTCTGTCTTGTAGTGGCCGGCAATTTTCGAAGCTGCGGTGTTGTCCGCAGGAATATTTCCTTCACCGTAGATGTCGGCAATGAACGCGATGTAACCTTCTTTTTCAAGAAGCAATGCAGCTTGTTTCGCTTCGTTGTCAATTCCCTTCCATGCCGGAAGAATTAAGACAGCACGGCCTTTTTTTGCCCTATTGGCGGTTACCATGCCATTGAGTTTTTGTTCACCATCCTGGTAAGAAACCTGTTTTAATTGTTGGGCCTGCGTAGTCATGGTGACCATAGTAAGCACCAATAGTGTCATAACTGTTTTCATCTGTAAATAATTTGTTCCGCTTATTATTTTGTGTGATCAGAAATGAACCTAATTTGGAGTCCATCTCAACTAAATATAATTTTCAATGTACATTTTTTTCACTGTCGCCAACCTGAAGCTACGACTTGATGGATTCAATGATACCAATAACATCGAGCTGTCCGAGACCTTGATCGTGTGCTTTCCCGTAGGTTTCGAGTAAGGTCTTGAGGAGGGGATAGTCAGCACCGGCTTGTTGAGCCAGTCGAATATCTTTCAGCATAAGGTCTAGCGCGAATGCAGGACTGTAGTTTTCTTCCACCAATAATGGTGTTTTCACTTTTGTTGCCCCACTGCCGCTGGCACTATCGTTGATGATTTCGAGCATATCGCTTCGTTGAATCCCCAGCTTATCTGAAAATAAGATCGTCTCCGCGAGACCTTGGTAGATCGTCGAAAGGAAATAGTTGATCGCAAGTTTAGCGGCAATTCCCTGGCCATTTGCGCCGAGATGTTTGATCGATTTTCCCATCTGCTCGAGGTATGGTCGGGCGCGATGAAGGTCTTCGGGATCACCACCCACCATAATAATAAGTGTACCCTCAGTCGCTGGTTTGGTACTGCCGGCAACGGGAGCATCGATAAAAGCAGCGCCTTTTTCTTTTAGCTTAGTGGCTATTGAAATACAGCGTTCACGAGATATTGTACTCATATCGACAAATAATTTGCCCTTGATCTCCCGTTGGAGGATTTTTTCATATACTTCGTTGACCGCTTCATCATTGGTGAGCATGGAGAATATAATATCGCTATGATCGACTAATTCACCTATATCTTCGCTGATAATTGATTGCTCTTCAAAGCCTGCTGCTTTAACCTTGTTTCTATTGTAAACAGAAAGGGGGAATCCTGCTTTTTCTAGATTTTTAGCCATGGGGTATCCCATGTTTCCTAATCCTATAAATCCTAATTTTTCTATCTTCATCTAAAAATTACATTAATTGCTCTTGAAATTTACGTATAACTAAAGATACGAATGTTTTGCTCATTCCACTAATACCCTAATTTCGTTACGAAGCAGCACTATTTTATCTTCCTGTTCCAGTTTTTTTAAAATTCGGGAGACAACGACTCGGGATGTATTTAAATCGGAAGCGATATCCTGATGCGTAAGGGTGAGTATTCGGTCGTCATTCAGCTTCACTTTGGCTTTTAAATAGTTGATGATGCGTTCTTCCATGTTGGAAAAAGCTAGACTATCAACAGCTTGTAACATTTCGTCCATACGGCTTGAATAGCTTGATATGATGAAATTTCGCCAGGAAGGGTATTTTCCCATCCAAAGGTTGACAAGCTCATTTGGAATCATGGCTACAGTCGTTGTTTTTTCT
NZ_CP068224.1_gap38	1521375	1524788	3413	GGATTTTTTGAAAAATTTAGTAAAGTATGAGTTGTCCTTAAATTGCAGCTCATCTGCAATTTCGGTAATATTTAAATTTCTATTGACCAGGAGCCGCTTTGCTTCAAGGACAATGCGGTTCCGGATGATTTCTCCCGCAGACTGTCCAATATAAGACTTACAGATCGCGTTGAGATGATTGGGCGTGATAAATAGCTGATCCGCATAAATGCTGGGCAGCTTGGTCGATTTAAACTGCTGTTCAACCAATTGCTGAAAGCTGTTGAATATTTTATGGTTGTAAGGATTGCCTCTTTCGAGATGTTCCTTCTCTGTAGCAATTGAAATATATAATATAAATTGCAGTAAAAGTGTACGGATATAGTCTTCCGATAATCGCTCGGCTTTGGCGGATAAGATTTGGTCAAGAATAGCAGTCGCCTGGTAACGATACTGTTCAGCCAATACGAATATCAGATGTTCAATTTTACCCTGTAAAAAGCTAAAGCGCTCCAGGTAATCGGTACGTAAAAGAAAAGATTGAAAGTAATCAATCGAAAAATTGACAACATAACCTGCTTCATCACCCACAAAATTCCAGGTATGTACCTGACCCGGCACCATAAAATAGATCTGATAAGGCGCTATCTTATAATGATTAAAATCAATGATATGCTCACCCGACCCCTTGGTGAAAAGGACGAAATGAAAAAAATTATGCTTATGTGGGAACACCATATCCTGATGTTTGATGATATATTCTTTCAGATCATCAATATGAATCGTTGTGTTATTGTTGAGATCAATACTACAACTATCAATGATAGGTATGGTGTTTTTTCTATTCATATTACAAAATTAGGGTAAATATTCTTTTATAAGTGGTGTTTATTTGCTGTTTTGTGGTATTTTTCAATGATTTTGATCTTTTGATAGGTAGTGGACGATGTTGGAACAATCCTTGTTCCTAAATTTTTAAAATATATTAATAAATGGAAAGTAATTTGAATAGCCTAGAAACGAGATTTGGGCGTTTGACAGACATTGTCATTGAGTCTATTCCGGGGATTATAGGGGGGATTATCCTATTGATTCTCGGTAAATATGTGATTGGTTTTGTGGACCGATTATTACATAAACGTTTTGAAAAGAAAAATGTGGATCCTTCGATCCGGGCTTTTATCTCTAGCATCGTCAAGATTGTCATGTGGGTGATGTTGCTTCTTACTGTAGCCAGCCAGATTGGGATTCAGACAACCTCGTTTATTGCAGCGTTGTCTGCTTTTGGATTGGCTGTTGGTATGGCACTTCAGGGCAGCTTGAGCAATTTTGCTGGCGGAGTGCTCATATTGATGTTTAGACCCTTTGAAGTAGGAGATTCCATATCGAGTGCAAATGGTACTGCAGGTACGGTAGAAAGGATTGATATCTTGTATTCCACTTTAATAGGGGATGATGGGGTACGTGTTTTTAGCCCTAATGGACCCTTAGCTAATTCGGTTATCAAAAATTACACGAAAATTGTGCAACGGATGTTTGAATATACCATCAGTATCTCTTATGATAAAAACGTGAAAGAAGCGAAAGATATCATATTAAGGGTTCTCCGTTCGAATGAGAATGTGTTGACAAGTCCGGAGCCAACTGTTTTCATCAAAGAATTGGGGGACAGTGCCATGGTTTTGACCGTTCGTGCCTGGACGAAAAGAGAGCACTATGTCGCTGCGCGAAACTCGATGCAGGAAAAGATTATGTTGGAGCTGGAAAGGAACGATATTAGTTTATCTTCCAATCCGACGCAGATTAGCATTGTTTCAAATTCAAGTGACCAAGGAACTGCAAAAACTTAGTCCTGGTCCGTTTCCAATGCATGTATAAGGACAAAGTACCTGTAGGCAATGATAGCCTGCTGGTACTTTTTTAATTTTAACGGATCCATCTTACCGTATTTTGGTAAGATGGCTTTATTTAAGCTATTTAAAAGCTGAAAAAATCTTCGTTTCATTGATATACTTCTTTATTGATAATTTGTGGCATTTTTTCGCCTTTGATTGCGGCCAGTAAGTTGCTGGCGGCCATCAATGCCATATTATCCCTTGTTTCTACGGTGGCAGAGCCGATATGCGGCAGGATACAAACATTTTCCATAGTTAACAGTGGATTTTTTGGATCCATCGGCTCCGGGTCTGTTACATCAAGCCCGGCGCCCCATAATTGGCCAGTCTGCAGGGCTTCTGTTAGATCCAATTCATTGACCAATCCGCCCCTAGCCGTATTCACTAATATAGCGGAGTTTTTCATGCGCGTAAACGTATTTTTGTCAAATCGGTTTTTAGTCTCCGCAGTCAAAGCTGCATGGATTGAAAGTACATCGCTCCGCGTGAGCAGATCGTCGAAATTAACATATCGTGCGCCAAGAATTTGTTCTGCTTCCTCATTACGGCTCCGATTGTAATAGATAATTTCCATGTTATACGCTGCTTTGGCTTTTCTGGCGAATTCAAAGCCAATTCGTCCCAGTCCATAAATGCCTAGTGTTTTGTTATTGAGCTCGATGCCTAGGTTTGCCGTGGGATCAAAACCTTTCCATTCGCCCTGCAAAATTCTTTTGTGGTTGAAAAATGCTTTCCGCGATACCGATAGCATCAAGAGGAAAGCAACGTCTGCTGTTGCTCCCGAAAGGATGCCTGGTGTATTGCTTACGGGGATTCCATGCTGTGTAGCGGCTGAGATATCCACATTGTCATAGCCGACGCTCATGAGAGATAGGGCTTTTAGGTTGGGGCAGTTTTGGAAAAAATTAGCATCAAACTTTTGCATCCCACCGTTAAGGACGTAGTCGACCTGTTGGCTAGCTTTGATAAGCTCCGTTTCGGATAGGGGAGTACTTGAATCGTGTATAGAAATGTCGTGCCCAGCAGATTTTAATAGATCTATGCCTTTTTGTGGAATTTTCTTAGTGATAAATATCTTCATGTAAATAGATGCTGTTTAGCTTGTTGTTGGTTGATTCCTCTGAATCCATTTGTTTTGTCCTATCTTCAAAATTAATGATCACTCATCGCTATTACAACAAAAAAAGCCATATTGTTGTTTCAATATGGCTCATTATTCCTTGTTTTTTGAACTTTACTTTTTACGGAGTAGGTAATCCAAGATAGCTTTACCCGTGTCATCGGTAGAGATGGCTGAATTGGACAAGATGACTACGCCACTTTTTTTGTCGGGCGATAAGGCTAGATAGGAGCTACTTCCGGCAGTTCCGCCATTGTGCCAATAAACCGTTAGGTCGTCAATCAAATTCATATGCCATGCGAGTCCGAGGTCTGTGTCTGGAGGTAGAAAAAATGTAAATAACCGGGTATTTGCCATCGCATTTTCCAATGGAGTCTGCGGCATTTTAAATTGCGCATTCGCAAATTTAAGCAGATCCT
NZ_CP068224.1_gap39	1527188	1529727	2539	TATAATGGAGTTGAGGCTATTGAATAGGAAATGCGGCTGTAACTGTTGTCTTAAATTATACAGCTCGGCTTCCCGAAGTAAATTTTCGGATTCCTGCTTCCGCTTGATATTGTTGATGTTGTCTTCCTGAATATTCCAAACGATATTGATAATGGCAACAGAAGTCAAAATGAGGAAGTTAACGATACCCCGATAGGGTAAGGTTAAATCCAGCAATGGGGTAAAGGTCGACTCGATAAAGTAACTCATCAAAAATCGGCTTAATGCGATGCTTATTGCGCCCATGATTAATCCGATGATGAGTACCTTCCAAATCTCCCGGGGTTGCGGGGTATAGAAATTGAGTGCTGATGACATGCCATAACAGCAAAACATCATCACCACACTGTTTATAAATGAATCTTTGAATGCGAGTTGTTGGTCGAAACCAGAACGAAGCATCAATAAATACTGTAACGCGAGATATCCGATAAATACGGATATACATATAATGCCAATTAAACGACTTTTAACACTGAGGAACAGTTTGTTTTTCATCTATTAAGCATTTTTTATGGTTAAATTGCCTAAAATACAGGTCCCTGTAATGTATATTTTCTTATCCGTATCAGGATTATAAATTGTTTGAAAGCGGCGGTCATCAACAGATCCCAAGACCGAGGCCACGTTGCTAATTACCGTCCAATGTGGAGGAATGATAATACGTGCGCTGCCAAACAATTGGAATGTATCGATCACAATGGGTTGTTGAATATCCGCTTTTGTTAAATCCAGTTCTACACTCCCAAATACATTGGTCAAGTTGCCACCTCTAAAATTTTTGGAATAGATTACCTTCTTTTGACCTGCAAAAATACTGTTCAAATTGAGGTTATCTTCAAATGACTGTTGAAAAGGATCTTTGTCGCCAAAAGCCTGCTGATTAGGCGAGGCTTGTTGGCTTGATCCATATTGTTCGTTGAAAGGTTTTGATTCCTGGTCAGCGGGGCTACTGTCTATAGGTTCTGCTGTGGGTACATGGACTCGCTTATCCCAGTCGTAAGAGCCTTGCGGCGGATTAGGGTAAGTTGGGGGAACCATCGGCGGTTTCCTTTTGCTCATGATAAAGTAAATCCCGAGCGAAATGATGATGATCGGAACGGTTACGGAACCAAAATCTGTGCGCATCATTCTTGAAATAAGGCTTGCTCCGCCTATGATCAGTAGGATAATTGCCGATTTTTTCTGAAATTGCGAATTTATTCCGATGACCAATCCAATGATGATTAATATCGTTTGCCAGCCAAATAACCAATCCGGAAACCAGCTTCCTAAATTGAGGTTATTCAATAATAAGAATATACCTACGATGATCACAATCGCTCCTACAATATTGCGGCTATTATTGCTGTTTGGTATGATGGGTTCTTTTTCCATAATGTTTTTACTATTTATGACTCAAAGATAGAGGCACAAATATATTCTACATATTTGCTTTAGGTAATACAACTTATATTTTCGGTAAATGTAATGATTTCGTCGGTAAAAAATCTTGTTGTTTAATTTTTGTCTTGGTTATAAATAGTTGGGAACTGCCATTTTTGTTCGTAATTGTCTTTTTTTTTAATATTATTTGGTGTATTAAAATGAATTATTATATATTTATCAAAGATTAAGATTACTTTAAACTTAAATAACAACCAATGGGAGATTTTGAAAACAAAGAACGTGAAGAAGTTTTTTCAAAAAAGGTGAGAGCAGGTAAGCGTACTTATTTTTTTGATGTAAAAGCAACTCGATCGAACGATTACTACATTACTATCACAGAAAGCAAGAAGCGCTTTGAGGATGGCCAGTTTATTAAGCATAAGATTTTCTTATATAAAGAAGATTTTGAGAAATTCGCTGATGGTTTGACGGATGTGGTGAATTACATCAAGTCTAATCAGGAAGTAATCGAGAAACGTTATGAGCCTAACTTTGATGATGCATACGCTGAGGAAGCGGATGTTCGGTCAAAAGATGATTTTTCGTTCTAGTATCCGTAGAACGAAATCTTAATGAAAAAAAGAAATAAAAGCCACTGTTGTGGCTTTTTTTATTGTTTTTATATCCGGTGCCGCACTTGACGACCAAGGTGATGGTTATAATGGTATATTTCGCAGGAAATCATTGAGCACCGCATTAAATTTTTCGGGTTCTTCCAAATTGGGCAAGTGTCCGGATTCTTCAAATTCCATATAGCGGACATCCGGTATATTCTCGATGAGGATATCGGTTTGTTCTGCGCTCATCAATTTGTCGTGTTTCCCTTTTATGACCAATGTTGGAATAATGATTGTTCTCAACGAATGCGTTGTATCTGTTCGCGAAGCAAGAGCGAGTTGTGTCGCGCAAATGCTGGCGACTTCATTTCTGCGAATACAGCTTTTGATGAGTTCAACAGCTTCGGGGTTTTCACGGATTGTTTTATCGTGAAACACATTTGCGATAAAGCCAATGGCAAATGGTCTTCTGCCATATTTTAATAAAGCCTGAATGGAATCAAAACGCTTTTGTT
NZ_CP068224.1_gap40	1629183	1631438	2255	ACCCTCTTTCGCTAAAACTTCGGCGCAAGCCTGACCAATTCCTGAACTTGCTCCTGTAATAAAAACTGTTTTAGTCATATAAAGTAACTCGTTGATATTAAAAATTAATCCGATTTGATTCAAAACCAGATCTTAGCTGGCACTACTTTGTAGCAATATAGATGGTACAAATACCAAATGTTTGCGGTCTAACAATAGTTTCATGAAAACCTGCTTTTTTGTTTATGGCAACGAACTTTTGTCCATCTGGAAATTGAGCAACAGATTCTGGTAGGTATTCATATGCACTGGAATCTTTTGAAAAGAATTTTCCAATGGTTGGTGTAATAAACTTGAAATAAAAATTATAAAGCTGTTTAATGGGGAATTTCTTCGGATTCGAAAATTCTAAAATAACAGCTTTCCCACCAGGTTTTAATACGCGGTATATGTCTGATAGGCCTTTCTCCAAGTTTTCAAAATTACGGACACCAAATGCTACGGTAACAGCGTCGAACGTATTATCTTCAAATTGAAGCCTCTCTGAGTCTCCTAACGCTACCTCAAATTGATTCGCTAATCCCTTGCTTGCAATTTTTTTCTTAGCGACTTCAAGCATTCCTTGGGAAATATCGACACCAATAATCTTTTTTGGATTCAAGATTTTAATTGATTCCAATGCAAAATCACCAGTTCCTGTCGCTACATCCAACATCAGTTGCGGTTTTATGGACTTTAAGGCATTGATGGCTTTTTTGCGCCATATAATGTCAATACCCAAAGACATGAAATGGTTTAAAAAATCATAGGAATGGGAGATGTTGTCAAACATATCTGCCACCTGTTTCTTCTTCCCATCGTTGGTATCTTTATAGGGTTTTAATGTTGAGGAGTCGTGCGTCATAGTTACAAAGATACAATATATGAATATTTTTTAGTGCTAAAAAAGGGATTTGTTTTCATCTTAAAGTCAGTTTGGTATTGATGATAGTGGAGCGTATTGATTTGCTTTTTACCATTTTGCTTATTCACAATGGCTTAAGTTATTAACATTTTTTAATGTGTTGATTTTAAGTGGCAATTTTTTATTTTCAACATCTTTTCAACAGTAAGTGTTGAAAACTCACTATGTAAATCTGTGTCCTTCAAAGCTTTTTGAGGTTTCGGGTGTGATCGTTGAATTTCTCTGTGTGTAACTCCGCATGGTGGTGAATTTTATTTTTTATACATTTGTTATCCTATCTAAAATTTATAAGGATAGCAAAGCTATATTTCTGATATAATATCATGATGAACGACAGTAATTTTGAGGCGAATAACACGGATAATAACAAACGGGGTAATTATGGCGAACGTCGTACCAAATTAAATAATTTGGTGAGTGGTTTGGGTAAACTTCCGCCGCAGGCAGTGGATCTTGAAGAGGCTGTTTTGGGAGCTTTGATGCTTGAAAAGAATGCGCTGAGTGAAATTATTGATATTTTAAAACCAGAATCGTTCTATAAGGAATCACATCAAAAGATCTTTGAAGCGATTTTTGGCCTTTTTCAAAAGACTTCTCCAATTGATATATTAACCGTTACCTCGGAACTTAGACGGATGGGGGCTCTTGAAATGGTTGGCGGTGCTTATTATATTACGCAATTGACAGATCGCGTGGTTTCGGCAGCTAATATTGAGTATCATGCACGTATTATTTCACAGAAATATATTCAGCGTGAGCTGATTAAAGTTTCTACTGAAATTATTAATAGCTCATACGATGAAACGTCAGATATCTTCGATCTGTTGGATCATGCCGAAAAAAGTTTGTTTGATATCGCGCAGAATAACTTGCGGAGAGATTCAAGAAAGATGGACGATATTATGCGTGAGGCGATCTCTAATCTTGAGATGCTGCGTGACCGCACAGATGGTCTGACAGGTGTGCCTTCGGGTTTGACTGCCTTGGATCGTATGACTTCAGGTTGGCAGCCTTCTGATCTGGTTATTATTGCAGCACGTCCAGCGATGGGAAAGACGGCATTCGTACTTTCCGTTGCACGTAATGCTGCAGTGGAACACGGAAAAGCAGTTGCCGTATTCTCGCTGGAGATGTCATCTGTTCAGCTTGTCAATCGTCTAATCGCTGGTGAAACGGAAATTGAGCAAGAGAAATTGAAAAAAGGAAATCTTGCTGATCATGAATGGCAACAATTACATTCGAGAATTGGTCGTTTAACCGATGCGCCTATTATTATTGATGATACGCCGGCGTTGAACGTGTTCGAATTTAG
NZ_CP068224.1_gap41	1634968	1636161	1193	TTCCGTACGTAATCGTTGGCCATCCATAATTCTTGCCAGCTTCAATTCTGTTCAACTCGTCGCCGCCCCGTGGACCAAATTCGGTTTCCCAAAGATCGCCAGTTTCCGGATGTAAGGCAAGTCCCTGTGGATTACGATGTCCATAACTGTAAATTTCCGGACGTGCATTTGCCTTGCCTATAAAAGGATTCCCAGGGGCAGTTTGACCATCAGTGGTGATACGTAGGATCTTGCCCAATGCAGCATTCAGATCTTGTGCCAATGGTCGTGTGACTAAATCAGATCTTTCACCTGTACTCAAAATAATGTTACCTTCTTTATCAAAGATAATTCGTCCACCATAATGCAGATTCCCTTTATGAGCAGGAGTAGCTTGGTAGATAACTTTAGCACCTTCTATCGATTTCTCGTCTGCTGACAGTTTTCCTTTCGCAACAGCCGTCAAAGTTCCAGCAGCGGTATTATCAGAGAAAACCCAATATATCATACGGTTTGACTCGAATTTTGGATCAAGACGTAATCCCAAAAGTCCACCTTGTCCACTGCTATTGACTTGAGGTAAACCTTTAATTGGTTCACTTAATTTACCGTCCGCCGTCGCAATGCGAAAATCACCTTCTTTTTCTGAGATTAATAATCGGCCATCGGGTAGCGCAGTGATACCCCAAGGAGATTTTAATCCCTCGGCAATTACTTTACCTTCGAACGGTGTGCTCGTCTTTGCACCTTTAATTCTGGTTTGTCCAGCAAATGCAGGTTTATAATTCGTGTTTGCCTTTTGTGTTTCTACGGGAGGATAACTTGTTGTATCAGTTGTAGAATTTGCACTGCTATCCGAACTTGAATTTGAATTCGCATGGTTTGAATTACATGCAGTTAATCCTAAAGATACTGTTAAGAGGCTTATTGTCAGTTTGGTTTTCATTATCTGTGACTTGTTTTTGGTCTGATTATCTGCTTGAAGATATTAAAAATTAATGAAATATTATTTTTCGGAATGTAATAATATAAATATATAACTCATACTAATAAGAAAGGGGAATGCTAGCCAGCTAATTTGTTTTTAAGTATTATAGGAGTTATTTTCCCGCCAGGCAGTTTCTTACGATTCGGTGGAGCTCAATATCGTTGTTTATATAATAATCACTTATATCTAGAATGGTGTTTGTATTTAGATTGTAAATACACACGGG
NZ_CP068224.1_gap42	1647006	1651178	4172	TCGCGTTTTTGGAACAAGTTCTTGAAAGATTTGGGTTACCAAAATGAGGAAGAGCCATTCCGCAAATTGATTAATCAAGGTATGATTCAAGGGCGCTCTAATTTTGTGTATCGTGTACTTGATGACGAAGGGAGAGGTACAAATCAATTTGTGTCTTATGGATTAAGAAATGAATACAAAACTATTCCTTTACATGTAGACGTGAATATTGTTCATAATGATGTACTGGATTTGGAAAAATTCAAAAACTTCAGGCCGGATTTTGCAAATGCTGAATTTGTATTGGAAAATGGGAAGTATATCTGCGGTAGTGAGGTGGAGAAAATGTCTAAATCCAAATTCAATGTGGTCAATCCTGATGATATTATCGAATCCTATGGAGCAGATACATTGCGTCTATACGAAATGTTTTTAGGGCCTTTGGAGCAGGCTAAGCCTTGGAATACAAATGGTATTGAAGGGGTTTATAAGTTCTTACGTAAAGTATGGCGACTGTTCCACGATGCTGAGGGTAATTTCAGTGTTTCCGATGAAGATCCATCCAAAGCAGAGTTTAAAGCCTTACATAAAATTATCAAAAAGGTGGAAGATGATATTGAGCGTTTCTCATTCAATACTTCTGTTTCAGCCTTTATGATCTGTGTCAATGAATTGACTGAGTTGAAATGCAATAAAAGACAGATATTGGAACAGCTCGTCGTTATCCTTCAGCCTTATGCTCCACATATTACGGAAGAGTTGTGGGCGCTGTTGGGTAAAGAAGCTGGTACACTTTCTTACGCTTCATATCCTGTGTTCAAAGCAGAATATTTGGTTGAATCTGAATTTGCATATCCCGTATCTTTCAATGGAAAGATGAAATTCAATCTATCACTAGCGCTTGATTTAGATCAAAAAGCTGTAGAAGATACGATTAGAGCACATGCTGATGTACAACGGCATTTAGATGGGAAGGCGATCAAAAAGATTATTTTTGTCAAAGGAAAAATAATCAATATCGTGATTTAACCCACTCAATACAGTATAAAAAGCCGTTTTATCGACAGGATAAAACGGCTTTTTTATGCCAATACATCTTGAAAAGCTATTGTTTTATCGAAGATAGCTTTCGCATAGGGGCAATTTGGGATAATTTTGGCGTCATTCTTTCGGGCATAGTCGACAGCCTCCAATACCAATTTTTTTCCCACACTCATTCCCTGATACTCATCGTAGACTTCTGTATGATCAATGGAAAACTCATGGTCGTTTTGCCAGGTATACTCTAAAATTCCGGCTTCATTATTTTCAACTTCTGCAATAAAATTGCCTCTTTCGTCCCTTTCGATGTTTCTTATTTCCATAGTTTTTTTAAAAAATAACGTCCAAATGATCTTTTTGTTTTATGGAATTTTTCAATTTTGTGATCGAAATAAATCTTGTTTAAAAAGATCGAAAGATCAATGGGCTTCTGGTAACTGACTGCTATCAGGGCCCATTGTACGCGACTAGGTTTAGACAAAAATTTATGAACTGGGTATTCGTGTTTAAAGTCGAAGAAACGAATCGGTTCCAGGTTAAGATCACTTGGTACAGGATCGCTCAATATCCCTTTTTTAAAGAATTTTTTGTACCTTTGCAATTATCTCCTTAGAACACATCGCATTTTTATCTTTTCAACGAAGCTCTAAAGGTCCGTAACCTCCTCGGGAACATTTATTTTAATCCATATTGAATGAGCAAAAGCCAAATTACATTTAACAAAAAAGAACGAGAAAAAAAGAAACTACTCAAAAAACAACAAAAAATTGAGAAAAAAGAATTCAACAAAACAAACAACGACAAGGGGAAATCTTTGGAAGAATTGTTTGCTTATGTTGATGAACATGGGAATATTTCAGACAGACCTGCGATAAAATTGAAAGAAGGGGAGAGTCCAAGCATGGCCTCAAATCATCATGACGAGTATTCCTTCGGAAAAGTTGTCCATTACAATAACGACTCCAACTATGGGTTCATTAGAGACAACGAAACTCAGCAATCTATTTATTTCAATGACCGTCTTGCTGGACAGAAATTGAACCTGAATCAGAAAGTGAAGTTTAAATTTAAAAGTGCTAAACAAGGTGCTCAAGTCACTGAAGTCTTGATCGAGTATTAGCTGAAAAAGTACTCTTAATCGAGTATTGATGATTATAAGGCCTTTTGTTTGATGTCAGGGTATTTGGAGTCAAACAAAGGTTTTTTACATTTATCTGAATGCCTGCTTTCCCGCTAATGGTATTCTTTAAAAGAGAGGCTTCCCGCAGTTTTAGCTTTTAAATCGCTTTCATTAATCGCTCTCTTGATAGCGAAAAGAGTTTTCCCCTATCTGCATAATTTCTCGATTACCTTTACAGAAAAAGTTCGATTTTTAGAATTCCTCTTTATTTTGAATATGTCGCTGATCTAATTTTGATATGATCTGTATGCTTTTTAGGTGATTTGTATACTTTTTATATGGTCCTGCTGGAGGTACCTTTGTAGTTCTGTGATATTTTGCCTTAATGCTGTTGATTCTAAGTTCTCTTCTAAGAATTTATAAGGTAAATTTCTGCTTATTGTTCCTGTCCTGTATAAGTTGATGATTTTTTTTGATATAGAAGGATTGATGGAAACAGAAATAAAATAACCCTCCAGCAAAGTAAGCTGCGACGTCAGCAATATCTCCGGTATTATAAGTGGTATATTGAGGCATGATCCATTCAAAAAGTAAGGAGGTGAAGAATGAAATTATCCAGATTTGGTAAAGCGGATAACCATGGGCTCTGCCATTGTTGAATACATAACTACCCACGATAGATGAACAATGAATAATGATCGGTACAAAAACGAAATCAGTCAGCCAGTCGTTTAGGAAGGGGATAGGGAAATGATTAGCCCGAGTAAATCGAATAAAGAACCAACAAAACCAGTAGAAGATAAATAAGCCGTCAAACAGCTCCCTACTTAATGAGCGAAGGAGATGGCGATTAACATTGCTATAGCACCACATGCCATTAAAGTTAAAAATATAAAGAAAGCAGTCTGTTTACCGAATTTCTTCCAAGAACTGTCGTTTGGATGAGCTGGGATTAAAGTTTGTTTTAATTCGATGTATTGCCTTTTTAGCCAATTTCCCGTTGATTTTTCCATGTATATGATCTTATTTTTAGTTCATGATGCAAAATTAGAACAATTGTTCTAATTTTGCATCATGAATACGAAAGAAAAAATTATTGTGGGTGCGTTGAAGCTTTACAATCGTGATGGTATACGTACGGTAACAACGCGTCAAATTGCTCAGGAACTGAATATAAGTGCCGGTAATCTTCATTATCATTTTAAACATACCGAGGATATTATTTTTCAACTTTTCCAATTATTGCAAAACGAGTATGAAAAGATGATTTTGAAACCTGAAGATCATGCAAGCACATTTCGTCAGGTGCTGGATAGTTTTATTGATGGCTCTTATGCGCTAATATCGAAATACAGGTTTATTTTTGAGAATTTTGTCGAAATTTGCAACTGGATCCCCAGTATTGCAGAGGCTTACAGAAATTTGGTGGCACAGCGTGAAGAGCAACTTGTCTCTCTATTTTTATATTACGCTGAGTTAGGCATGTTTCGTTCTGATATACCCTTGGTAAATTTACAGGGGTTCGTGCGCCAACTTTTTATCATTTCAGATTTTTGGAGCTCAAGCTATGCTGTTTTGGGTGTACACCAAAATGGAAATCCACTGGAAGATTATAGACAGACGATTCACACGGCCTTTTATCCATATCTTCTTTAAAGGAACGGGTCAAATTGGATCGATTCTTGGATTGTTATTCTTTCCTTAATGTGAAAATGGTAACCTCGGGTCGGGCGTTGAATCTGATGGGAATGCTGTGTCCCAGTCCGCGGTTGATATATAATGTTCTGTCTCCGCTTATTTTCTTGATTCCTTGATCGTAGTTTTTATTTTTTACCGGAATAATCGGGGAGCCCCAAAAAGGAATTCTTACTTGGCCAGCATGCGTGTGTCCTGCCAGTATCCAGCCATTGTATCCATTCCAGCCGTCGAGGTCTGCGGCATCCGGATTGTGACATAAAACTAAACTGGCTTGAGATTGATTATAGTCTTTCATGGCCTTTACAAGGTCAAAGTTCGTTCCCCAAAAGTCATC
NZ_CP068224.1_gap43	1735992	1739317	3325	AGCATCTGTTAACACTACACTTTCTCCTTTATTATTCTTTGCGTTTGTTGTTTCCCAGGGTGTACTGGCCAACATTTCGCTTGGTGTAAGCTGTGGTTCAACAACAGTTTCGTCATCTTTACTGCAGCTCACCGCTACTAACGTGCTTAAGGCGATACATACCGCTAATGCAATTTTTTTTAAATCTCTCATTTTATAAAATTTATATGATGTCACAAAAGTAATCGCATTGTTTCAGCTGCATTTGTCTCTTTTATTCCAAGGTTTGAAGGATTTATAAATTGAATGAGATCGCGCTGTAGAAGAAGGTTAAACAAAAGAAAAAGCTTGCTTTTAGCTTGCTTTAAAGTCTGCTTTACATGGAAACAAATTAAAGGTGATGGAAGAATGCGCTTCGGATAAAAATAAAACAGGGGACCCGAAAGCCCCCCATCTACCAGATATGTATAATAAAATTAGAAAATTGCTTTTTTTACAGCATTAATTGTTGCTCCATCCACCACCTAATGAACGATACAGATCAACAACTGCAGAAAGCTCCGCTTTCTTTACCTGAGCAAGTTCGAGCTCACTTTGCAAGATATTGCTTTGTGCCGTAATTACTTCCAAGTAAGTGGCCATTCCTGTTTCAAATAAAAGATTGGCGTGCTTCGTTGCTTCCTTTAGACGCGTCGTTCTATCCGAAGTAATCTTTTGTTTTTCTTTCAATTTTTGAATTGAAATTAAAGCATCGGAAACTTCTCCAGCTGCTGAGATTACTTTTTGCTTGAAGATCAATACGTTCTTTTCTTGTTCGACACGTGCCAGTTCATATTGAGTTTTCAATTCCTTCCGCTGTAAAATTGGCTGCGTAATACTTCCTGTAATCGCCCCAAATAATGAAGCTGGTAAGTTGAACCAATTGCTTGCCTTGAATGCATTTACTCCTGCTTCGGCGCTAATAACCAAGGAAGGGTACATGCGAGCCTTTGCGTATTGTTGATAAGCTTGTGAAGCTGTAATAGCGAGTTCAGCTTGTTTTACATCCGGACGATGACTTAACAAATCGGCTGGGACGCCAGTTGCTAATTCTTCGGGGAATTGAATATTCGACAATTTCTCGGCTATTTTAATTTCCTGCGGGAGTTTTCCGCTAAGAATCTGAATGGCATTTTCCTGAATACGGATCTGTTGTTCAAAGTCTGGGATCAAGGCAGCTGCAGACAACCGCTGTGCATCGACCTGTTCCAACGCAAGCAGCGTAATGTCACCAACTTCATATTGTTGCTGGACAATGCGTAAAGTTGTATCGCTCAATTGCAAGTTTTGTTTGGCGATATCACGCAATTGATAAAGCATCAGTAGTTGATAATAACCTTGTGCAACTTGTGCAATTAATTGGGTTTGAATTACTTTTTTCGCTTCTTCTGTCTGTAAATAGGAAGCTAAAGCAGCGATATTTTGATTTTTGATTTTACCCCATATGTCGGCCTCCCAGGATAAACCTAAGGATGCCGTATAATCTTCTACATGGTGTTGGCCTAAAAACTGCCCCAGGCTCAATCCATTCATACTGTTATTGGATGGGTTGGTGCTATTTCCGCGGATCTGCAGTTGGGCCGTGGGAAGATAGTTAGCTTTTGCCTGTTTCAGGCTCAGTTGAGACGCTTCTATATTTTTTAGTGCCAGTTGCATATCTAAGTTATGTTGTATAGCACTATCGATCAAGGTTTGTAGGACTTGATCCTTAAAAAAATCACGCCATGGAATAGAACCTATGCTAGTTTCCTGCGGAGCTTTGGCCTGGTCGCGGTACTGTTCGGGCAAGTTGGGGGCAAGGTGTTGATTGCTGACCAACTTATCTGTTTTGCAAGACCATGCGACAAAAGATAAGATGAAAACCGTCAGTAATTTTGATTTACTATTCATATATTTAAATGCTGTCATGATATACTAATTGTTTGTATGCACGGGTATTTCCAACGAAACGGCATTGTTTTCATGTTGTTTTTGCTTTGGAGCACCTCCTATTTTCTCTTGGATAAATTGGAAGAAAATAAAGAGAATAGGGATAATAAAGAGCCCTAAAACTACTCCTGTAAACATCCCTCCCGCAGCGGCAATACTGATTGAGTGATTTCCTTGCGCTGATGGACCTACCGCTGTCATCATTGGAATCATACCAACGATAAAAGCTAAAGAAGTCATAATAATAGGTCTCAAACGTAATCTCGCTGCTTTAAGTGCGGCACTAGGAATTGATAGTCCCTGTTTACGCCCTTGGATGGCAAATTCTACGATCAGAATGGCATTTTTGGCCAATAATCCAATCAACATAACGAGTGCGACTTGTACATAGATGTTGTTGGCAATATCAGTGAAGCTAATTGCTGCAAAGACCCCAAATATACCTGTAGGAATAGAGAGAATAACCGCCAATGGAATGATATAGCTTTCATATTGTGCTGCAAGCAGAAAATAAACGAATATCAGACAGAGAATAAAAATCAATGTGGATTGGCCTCCGGAGACAATTTCTTCTTTCGTCATACCTGAGAACTCATAAGTAAATCCAGTCGGCAATTGTTGTTTTGCAACTTCTTCAACTGCACGGATAGCATCTCCGGAACTATATCCTGGTTTTGGTATCGCATTTATTCCAATCGAATTGAATAAGTTGTAACGAGATGCTGTTTCGGGACCATATACACGTTCTAATTTGACTAATGTATTGATGGGAACCATGTCTCCCAATCTGTTTTTTACAAAAATACCGTCCATTGAAGTTGGTTCACTTCTATCCTTGGCATCAGCTTGGACCATCACACGATAATACTTTCCAAAACGATTAAAATCTGAGGCTTGGGCACTACCAAAATAGGCTTGCATAGTCTGTAAGATGCTTTTTGTGCTTACGCCAAGTTGTTCTGCTTTGATATCATCTACCTGGAGTTCATATTGTGGATAATCCGCTTTAAAGGTTGTGAAAGCCATCATAATTTCTGGACGTTTCATCAATTCGCCAATAAACTTTTGGCCTATGCCACTGAATTTTCCGAGTTGTCCACCGGTCCGGTCCTGCAGTACCATATCCAGACCATCCACGTTACTGAATCCTGGGACAGTAGGGAAGGTAAAGACAAAGAAATTTGCGCCTTTGATATTTGCCAATCGCTGATTGACATCGGCCATAATAGCATTGATGTCTTTTATCTTACCACGTTCTTCATGTGGTTTGAGGAGGATAAATGCAACACCTGCTGATGGACTTGTGGACTGTGTCAAAATATTGAAACCGGCAAGTACATTTAAAGTTTTGGTAAAATCAGCATGTTGAAGTTGCTTC
NZ_CP068224.1_gap44	1743332	1747763	4431	TGCTAACAATAGGGTTTTTCTTTTTTTATCCTTTTCCGAGTTGTTGTATGCGGGTAGTAGGCCTTTTCTTTCAAGATCTGTTAATTTTACCGCGACAGCGTGCTCTAGTACATATTTTTTTTGTTTTCTATCGAGTAAATCACGTAACTCGGCAAGTAAATTTCGATAAATAACTTGTTTGGCTTTCCCCGAGAAAAGATTATCTTCTGTAGATAGGAGGATATCTTGTTGTTCGAAATGATCAAAGAAGGTAGATTCCACATAGACGGAGTGGTGGAAATTGATCGCGTTATTATTGAAACTGCTAAGTACTTTGGCAATTTCCTTTTTATCACTATTAAGAAAATAATAATAATATCGATCACCAATTTGCTGGTTCCAGCGAATGTAATTGATGGTGAAACTATAGGAAGTATCCTTGTCGGCGCTATAGCCAGTCCACGATAGTTGATCAGCTTCCTGGATTAAATGGTTGTAGGCCAGCGGCTTTTTGTTAATGTGTATCGCATAATTCCTATCTTTATTCAAGTAGAGAAACCAACCGAATTCTTGTGCGAGGAAATTGTAAAAGTCATCGCTTTCAAAAAATGTAGCATTAAGTCCAAAAATGCCTTCAAGAGTAACTTGTGTTCCTGTATTGTTATATTCTACTGGCGTGCTTTCACTGATATCATATTGCTCTTTACTTTCGCGATCGATTTGAATTCGGTAGTTTGAGAAATATTCATCCTTCTGAAAAACAGTATTCCAAATTGCACGTGTTGCAAAAAGCGAGAAAGAAAATCGGCCCTTTCCCTTTTTTCCTCTTGTATAGGAGCTGCGTTTGAGGCTGTTCTTTTTTATAGAATCCAAAAAGTTTCCAAATGAGGAAGAAAGCGTCTCTAGGGAAATGCCTTCGCCATTGTCCTGTATGCTTATACGATTAATGTAGCCTAATTCATTACTGTCTATGAAGAGTTCGATCTGTGTGGCTTTTGCATCAAATCCATTCCAGATATATTCAGCAATGGCATGTTTAGGGTCTTTGGGAAGTCCTGCAGATTCGATACTTTGGTTGGTTATTTTTGTGCTCCTCTTCATCGTAAAGACGGTTTAGCTTAAAACTTGTAAAAAAGATGGAAATAATTTGTTCGATTAATTCCATTTCAATGTACACTATTTTTTAGATCTCTTGATTAAAAATGTGAAAAAATAAGCAAGTCCAAAATAGATAATAAGATCGAAAAGAAGATAAATAAAATTGAAACTATTTCGATTCTCAGGTTCAATTGAGCGTTTGCCGCCAATATATTCATAAAAAGGAAATGGAAAGCCCAATCTGTTATTCCCATCGGATGGGCTATCGCATTTAGCGAAGAGAATGGTGGCCGCAACTGTTATTACACTAAAAATTACCCAGGTTTTCTTTGGGAAATTTGAAACTATCTTCATGGTTATTGGGCTTTAAGTAGTTTAAAATTACATAATATCATGTGGAGATGTATACTTTTCATTCGTATACATATGGCCATTGACGGCTAAAGTTGATGTGTTGATATAGAAGTTGCTTTTTTCGTAGAAAATATACCTAAATTTAGTCTATGCTTATAGAAACTTTAAAAAACCTTTTCCGACGGGACTTAAACAGGCTGCGTGATGAAATTTCTTTGTACAAACAGGAAGGAAATATATGGCTTATTGAACGTGATATTTCCAATTCAGCTGGCAACTTATGTTTACATCTGATCGGAAATCTTCAAACATATATTGGTGCTGAAATAGGCAAGACTGGGTATATCAGAGATCGAGCGGCTGAGTTTTCGTTAAAAGACATTCCTCGAACACGATTATTAGATCAGATAGATGATACGATTGATGTGGTTACACGTTCTCTGGATCTGTTGTCGGAGGAGAACCTTCTTGAGATATATCCTATACGCGTGTTTGAGGAAAAAACAACAACGCAGTATTTGCTTGTTCATCTGACCACCCATCTAACTTATCACCTTGGCCAAATAAACTATCACCGGCGACTGCTGGATCAACCTGAGGTATAGTTAATGTATTGGTAAATCTATTCTTGTTCTAAAACATAGGAAACAAATTTATAGTATGGACATAAGAAAAGCGGTATTATCTGATGCTCCGGATCTCGCAACCTTGACCGAACAGCTGGGTTATCCAGCCGATATTGAAGGAACGAAAACTATTTTGGAGGATCTGTTGCGGAAGCAGGAGTATGCTGTATTTGTGGGGATTATTGACAATAAAACAGTTGCCTGGATTCAACTTCATCAGGTCATCAGTATGGAGACTGGTGTTTATGTAGAAATCATTGGCTTGGTTGTCGATGAAGAATATCGAGGTCGGGGGCTAGGCCGATTATTATTGCATGCGGCATCCGATTGGTCTAGGTCTATCGATTGCTACCGTTTGCGTGTAAGATGCAATATCATTCGGACCGAGAGCCATAAGTTTTATCAAAATAGTGGTTTTATACTAAAAAAGGAGCAGAAAGTTTTTGATTCTTTGCTTTAAAAGGTGAACTTTAGCCCAATTAGATATCGAGACCATCAAACATTCTACCTGTATCGACTGTTGATTTCTCGAAGACCCGACTTAGATAAAATGAGAAGAATCTTTACATTAATTGCCTGTTGCTGTGTTTTTAATTCGCATGCACAACGTATGGACAGTATTACCACGGTGATCGCACCTGAATATGACCGAGTGGGTTTACTGCATCGATTTTGGCTTGGAGATAGTTACCGTAAATTATATAATACTCCTGTTAAGATGCGTGTGATGGATCTCGCTACAGAGCGGGGCGGGCTTCAGATTGTTAAGTTGGGTGGTGGCATGCAGACACAGTCACTTCGACTGGTAGATTCTATGGGTAGGGAGTGGGTTCTTAGGTCTATTCAGAAATACCCTGAACGTAGCCTACCGGAAAGCCTTCGAAAGACATTTGCAAAAGATATAGTACAAGATCAGATTTCGATACATCATCCATTTGGTGCATTGACCGTTCCGCCATTTAATAAAGCCTTAGGTATTCCTTCAGCTTCGCCAGAACTGGTTTTTGTAGGAGATGATCCTAGGTTTGGCGAGTATCGTGAGGTATTTAAAAATAGGGCCTATATGTTTGAGGCGCGCACCCCTTTTGAGGATCAAAAAACAGATAATAGCGCAAAAGTAATGCGTAAAGTGTTGGAAGACAACGATACGCAAATTGATCAGAAGCTCACACTACGTGCGCGGATGCTCGACTTTACGCTTGGGGACTGGGATCGTCATCAGGATAATTGGCGTTGGGATCCCGAAAAGGAAAAAGGTAAAAAGATCTATACTCCCGTCCCAAGGGATCGGGATAAGGTATATTATAAAACTTCGGGTGTATTTCCCACATTACTTTCCTATCAATGGCTGAAGGCTCATTTGCAACCCTTTAGTCCTCATATCCGAAATGTGCCCCATTGGAATTTTAATGCGAGTACTTTTGATCATTTTTTTCTTACTCATCTTACAGAGGATGAATGGATTGACGAAATACAGTTTGTTCAGAAAACATTGACGGATTCGTTGATTCATCAAGCGATGTTAACGATGCCTGATACAATTGTGAAAATGAGTGCGAATGAATTGGAAACAAATATTCGTTCAAGAAGGGACGAGCTGATGGAAAGCGGACTGACCTATTATCGATTTCTTGCGCGTGTCGTTGAACTACCATTGTCCGCCAAATCTGAATTTGTGGATGTCGATTACAATAAGGATGGCTCGGTCACTGTCAATATCCACAACAAGAAAAAAGATGGTACCGAAGGGCGAAAATTGCTAAAACGCACCTTTGTACCTGATCAGACCAAAGAAGTTCGTATATATGGCATATCGGGCACTGATGAATATAAGTTACATGGATCGGGCAAATCGCCCATAAAGATCCGGCTAATCGGGGGGGATGGACAGAATCTATATCGTACAACTGATAAATTTGCCAATGGCAGCAAAGTTTATATCTATGATGGTAAAAATCAGGTGCCGGGTGCTATGCAGGTTGATGATGCTATTCATCTGAAGTTGAGCAAAGACAGCGCTGTCCATAAGTTTGACTATGAAAATTTTATCTATGATCGTAAAGGGGTCGTTTTTAACCTAGATTATGGGGTTGATCGTGGACTTATTTTTGGACTGGGGTATATGATCGAGAATCAGGGGTTCAGAAAGAAGCCTTATGCCTACCGGCATCAGTTTCTAGGCAGTTATTTGACCGGCCGCGAATCATTTATGTTTGATTACAAAGGTAATTACAAAGATCTCGTTGCAGGACATGATCTTTATATTCATCTTTCGTCCCTTGGTCCCAAAAACCTGAGTAATTTCTTTGGATATGGAAACAATACTATTTTCGATAAATCGGATTCAAAGCGCATTTCGTATTACCGAAATCGA
NZ_CP068224.1_gap45	1748819	1749800	981	TCAAACATGCTTTGGAGCTTCAATTTCTCAACTTGGTCAAAAAAATGGATCTGGCGGAGCGATTCAATTATCAAGCAAACAGTATCCTGCGGGTCGAAGGGAGAGAGGGGCAAATCATGCAGCTGTCCCATCAGATTTTTTATCTGGACACCCCAGGACCGGAATTCCCACAGTTGGCTTTATGCTGTTATACCCTATTACCAGAAACTGAAACGTCAATCAATCTCCGAAATTATATCCTCAATCAGGTAACAGGCGTAGTCCATCACCTGGATGGTTATGGTGCGAAAACGTCAATTAGTACACGAGAGAAAGAAATTTTAAGCTGTATCAAGGAGGGGATGATTAGCAAGCGAATTGCCGAAAAACTAGGTCTGAGTATAAATACAGTTAATCGGCATCGGCAAAATATACTCCAAAAGCTTCGTGTACGAAATTCATATGAAGCAGTGAGTGTGTTTAACAAGATGCAGCAGGATATACTGACTTAAGATAACGCCCACCTATGCGACTGTCTTAGGCAGGCGTCGGTATTTTTAGTTTGAATTATTCTCTTTCAGCCATTTGCTTCGACGTTGATCTGCAAGGTGTTTGATCGTAAAATAATCAAATTTGGCCTGAAAGCCATTGCCGTCTGGTGAAGCTGCCATTAGACCGACCATAACAGGGTGATTATCCTGTAGCCAGGCATTTCTCATCATGATATACTCCTTGTCATCAAAGGAATAGAAAAATTCTACAGCATCTAATCGACGTATCGCCTTGATCCAGATGTAGGGGATTTCCTTATCGATCGGAACAATGCTCCAATCACTTGTTTTATGTGTAACGACCGTACTTAAATTGTATTTTCCGTCGACAAATTCGATTCCTGCTTTTATATAGTTTTCATGATCAATGCGCAGCATAATACCTGCTTGATCGAACCGGGTTTGATAGTTCGCCGAGATCTTCACCTTGACTTCAAACTCTCCCCCGCGT
NZ_CP068224.1_gap46	1759267	1760747	1480	CCGTCAGAATACTTTCGATTGTGTCTATCGGAAGATCTTCCTGTGGATCAATAGGCAATGTTTTCATCCGAAGACGCTGACCTGCTTCCAGTTGTACCTGGTCCAAATGTTTACCTTCAACCATCAGTAGGTACGGAAATGTAGTCCGTTTGTCGGTCCAAAGGTAACAGAATGCTTTTTTTCTATAGCAAAAGCAAGGCATACCGTACTTTATGGTCTCAATCACATCCGTATCCTGTTGAAGAATAATATGTCTTAATGCTAAAAGACAGCTTTTATTTGGTTCTTTCTGGTTCAGATAGAAATGTTGGATCTCCTGCATATGAATGATGTGTTGCAAATAAAGATACAAGACTTATCCTTTTTTATATGATATAGTTACAATTTTCTTTTGTTGTTTAGTATATTCAGACCTATTTTATGCGATCGAATTATCTATTTGCTTATGACCATAAATTTTAGAAATATAGACTATTTGAATAGTGGAAATGAAGTGCAGAAAAAAGCCTATCGGTTACTGAGGGATTATCAGATTATTAACCGTCTTGAGGATTACAGTCCGATTGTAGTTGGTACGATACCGATTCAGATAGATGTTGATGGGAGCGATATAGACATTATTCTGTGTGTAGATGATTTTGATGCTCTTGAAGAAAAGCTGTCTCTTAATTTTTCGCAGCATGCACATTTTCGGTTACAGCGGGCTGCCGGTCATGTAATCGTGTGCAGTTTCTCGATTGAGGAGCAGCTTTTTGAAATTTATGCAACGGATAAAGCAACTGAAATTCAGAATGGATATTTACATATGCTTAAAGAGCATGAAATCATTCAATTGAGGGGGGAAGAATTCGCTGAGCAGGTCAGGCAGCTCAAAAGGAGCGGGGTAAAAACTGAGCCTGCATTTTGTCGGCTATTGGGAATTGAAGGCGATGCATATACAGAACTTCTAAAGTATAATCCAGCAGATAATTCGATAAACTATGAATGATTTTAATCTAAAATAGTATGAATCCCCTAATTGAACAATTTAAAAAATATGGCTATCTCAATGAAGCACTTGAGAAAGCGGTAGAAAATAGAACTCGTTATTTTTTTAAGAAAAAGGGTGAGCATTTTTTGAGGGAAGGGCAGCATTTATCAAGCTATTTTGTTTTGCGTACAGGACTGATTCGTGCTTATTTCTTAAAAAATGGACGTGAAATGAACAGTTGGTTTGGTGAAGAAAACCAGATTTTTGGATCTATTTTGCCCGTTTATACTGAAAAGCCCTCTTTTGAAAATATTCAGTTTCTGGAAGACTCCGAGATCTATGCAATTTCTGTGGACGATTTGAATGAATTGTATAGGATTTATCCTGAACTAAATCTTATAGGCCGAAAGATTGCTGAGGAGGTTTGTATTATTCTTGAAGAACGGATTATGTCCCTGCATACCGAATCTGCAGTAGAACGATATCAATCTCTCATCCGCCTACAGCCAA
NZ_CP068224.1_gap47	1778102	1780875	2773	AAATGATATAATTATCTGCTCCGAGCGATAATGAATCTACGATCACTTTGGTTCCTAAAGCCTGATAGGGTTTGACGTGGAAGTTGAAATTTTGTAGCGGTAAAATGTTGGCCTGCGGCGGTACCTTAGTATTATCTTTTTCGAGAAAATAGTTTGAATCTTTTACTTGTCCAATACTATTTTGAGAAAAGCAAATCAAGAAGACGATCCATATTCCTATAATTCTATGCATTGTTTTTATTTTATTGGTTATCTGATCCTGTCTAAAATAAATACATAATCATTTATCATGATAGTGCTATTCGGTCAATATAGGGTTTACCTCGGTTAGTCAATATTATTTGTCGGTAAGCCCACATGCTTTTGGTGTATATGGCGTGGGCTTCTTTAGGACCCTATTTTAATGTGTTGTAGTTAACGATAAGATATTCTTTATTTGTACAATATGCCTGGTATTGTGATGAATAATAAAGCGAAATATATCTCCTAAACGGAGCTGTATCCAGTTGCTGAAAGATAGCCTAATGCGAATTTTAGTTAAATCTTTTGACCTTGCCTTATCGAGTAGATGAAGTAGTCTATTTTGCTGTTCTAAAAAAACTGGAATCGGTTCGGCGCTCTGGATAAGATTTCTGGGATCCATTTTTCGAAAAGTTTTCATCTTTTTTTCCTTATCATTTGGTAAAATAGAATTAGCAAAATAGTTCCCTAAAAAACCACTTTTGAAATCAACATTGTAGCCAAGATTGCTTTCGGATATTTTTTTTGTGATTTCAGGTAAATAGAAACTTCCGTACAGATTCAGGTGCTGTATGCATTCGAGGATATTCCAGGACCCTTCATGAGGTCTTTTACGTAATGTCTCCTGAGAAAGGGCTTCTAGGGAATTGACAAATGACATATGTTCTTGTACTTGCTTTTCCAGTTGATCAAGTAGTTCTAATGATTTACATTTCATCTTTTTTTTGATAAAATACTCGAAAATAAATTGGAAAAAAATTGATTTAACTCAAGATTTACTGATTCTTGATAAAGTTTCGGGACTCATTCTAAGATAATTGGCGATATGCTTATTAGGAATTAGTTGAAATAATCTAGGATTTCGTTTAATGAGTCTTTCATACCTGTTTTTTGGGGAGTCCAGCAATAGATCTCGTTCTCTTTCAAGCTGTTGTAACACCAACTGTTCCAAGATAGTTATATATAAATTTGTGTTTTCTGAAGTGGAATAGATAAAATTCATAAAATCTTCCTTCTCGGCGATTAGCATATCTGTTTTCTTTATTGCCTGAATTGCATAATCCGAGTAGCTACCATGAATAAAAGAATCCATAGCTACAATGAGATCTCCATCATATCCAAAGCGAATAATCTGTTCATGATCTTCCTGAAAAATAGAGATTTTGATGCTGCCTTTTTTTATGAAATAAATCTTTGAATCAATCGAACCATTCATTTTAATGTATTCGTTCCTCCTAAAAGAAATTTCTTTTTTAAAGATTCGAGGCGATATGAGATCTAACAGCTTATGCATACACGTTGGATTTAATTGAATCATTAAAGGTCTTCGAAATTAGCGATTGTATTGCTGTTTTCAAATATTGATTATTGAGCTACAAATATCGCCAAGTTTTGACCTAATATGGGTTCCATATTTACCGGTTGAATAATTATGTGCAGATTTACGGTATTAAATGAAAACATGGAATATGTTTTCACGATTTTACAGATTTAAATACTTCATTAAATAATTTTAGTTTGAAAAGAGTCCTTGTTATCCTGTTCATTTTGCTGGTTTCATTTTTAATAGCGGCGTTTTTTATCAAAGTCAATAAGAGGGAAACCTTGCTCTATAAGATACAGCAGTGGGTTACCTACGATACAGCAGATTGGGAAAATTATGAAAACAATAAACAGCTACTTGCCGCTGGGGCTACCGAAGTAACGACGACTGAAGTGGCAGCTGTAGAAGATGATCTATACCCGATTGATACAAATCGCATATCGCCAGAATTTAGGGCTTTAGAAATCGAAAAAATTAGAAAGACAGATTTTGGACGATTAGTAATAGCGAAGTTACCACCGGATCATGAGGATGCACAAATCGCATTAATTCATCTCACGGATCGTAAATTGACCGATGTGATAATCAATCAGAAGATTAATATTAAAGTTGGAACTTGTTTTGAAAACCCAAAAACAGCAGGTAATTATCGTTGCGTGAGTTGTATGATTTTACTTTACAATCGAGAGAAGAAAAGTTGGGTGGAGGCTCCAAACGGTGAAAATTTCTTGAAAAATGCCTATGATTTTTACCAGGCGTCTGAAGGAGATATTTGGCAAGCACGCGACTTGTCCATGAGAATCCCCTATGATTATGCGCTTGTAGCAAAATATAGTAAGTAAGATTTCTTTTAAGTAGTTAATATCAATACCGTTATGTTTAAATTTTTAAGAGAATTATTGAATGCGGCAAAGGAAGGTGTGCATGAAGCCAAAGATGAACTGACTTTGAAAGCCGAAGAGAAAAAAAGGGAGGATAGTTTAGCAATTGATAACAATATACTTCTGGATATTCCTTATGAAGAACAGTTTGGTAATGCATTAGGAGCCGCATTTAGAGTCATTGTTTTTGGGGACTGGTTTACGGTATTCGGAAGTACAGGAGATGATGGAAATTATCCGATTCACTTATATCAATTTGGAAATTATCCCAAAATTGATCAATATAGAAGTGATTTTATCAAATTATTAAAAAGAGATTTTGGTATAA
NZ_CP068224.1_gap48	1788266	1792289	4023	CAATATTATGGATAAGATGATCACTCTTAATCGTCGTTAAATCATTCTTAGGCATATAAGCTATCAGAAAAGCCGCGCCTTCACGCATTTCTTTGGGCAGTTTCTCTAGTACTTTCTCCAATTCATTACGATTCATGCCGGCAGCTTTTAGTGCGTTTTTGACCGGTTTTTGATACTGACTTGGTAAAGAGGAAAGCTTGAAATCTTGTGCAGATGCTTTGAAAAAAATGGCTGTAGATAAACAGCAGAAAACTAAAGAAAATACCTTTTTAAACATAATATACGCTTGCTTGTTCTTTATCTATTTAAATTAATACGATTTGTATATTTCAAACATAGATAAATTGATTTTTATATGCAAAAATACGTTTTATAGTCTGGCTCGTAACTTAGAAGCCCAATTTGTTGCGACGCATTGCTGAATTTGAGCAGAAGGACTCCCAAATAGCAAGGGACCACGAACGATGTACTTTTGGATTGCGCTGCACTTCTAAAAAGTCAAAAGGTGTTAATCCCGCACAATTTCATTTGCAAATGAATACAAATTTATTTTAGTTTGAAGATCTTTACGGCAAAGTAAAGATCATAACCCAAAAAAAAAATTGAATGACAATTCCGATGAAGCCGTTTCATTTTCTATATTGTAGTGTATGCTGTCTGATCCTTTTATCTGGTATGCTGTATTCCTGTCAATCGCAAAATCCGGATCGGGTGATACTTGAAAAATTTGATAGGACCTTTAATGCATCCAAATTTTATGGCCCCAAAATAAAAAGGAGTGAAGAGTTGCTGCATGCGGACGTTAAAAGTATGGATAAGAAAGAGTTGAAAGAAGTCTTTGAAACCGCCATATTTAAAAAGGATACGCTTGCTATTTTTAATTCAGAAGGGAGTCTGCCAACGTTATTTTATATCGAGTCTACCGCAGCTTGGGGAACACGGAAATTAAAGCCAGTTAAAGATTTCGGTTATCGTTATACAACTGTTTCATACAATGAAGAAAAGGATACCTTAGCGATATTAAAAGGAGTTTCTTTTCCAGCCTTGACTGTGGCAGAGGATAAAAATGGTGAATTTGCTTATCTATATGCAATGAAGACTTCAAAAAATAAGGATGATTTTCAAAATATTTACAACTATCTACAGAAGACGTTTACAAAATTGAAGCTTCAAGATGATGCGGGAAGTGGTATAAAAGGTTGGGAAAATAAAGACTTTTACTATTTTTTACATAAAAAAAATAGAAGGGAAGAACAGATTTTTTCGTTTGGAGAAGATGAAGACGACAAGCCGACGACTACAGACATCACCGATATCCGTTTGGAAATTTATTCTAAAATTTACATCCAAAATATGCAAAAAGAGCAGGTTTACTTACCGGATTATATCCCCATTATCAAATGACAGATGTAGATAGTGGGTAACCGTCAAACTTGTTACAAACCTGCATAAGCGAATTTGTTTATATTTACTTCCTTGTAAAAAAATCAATCAAATCGTTTTATTTTTATGTCAGATACTCAAATACCGACTTCCGCTTATGCGGATACCAAACCACATTATGCTGTACTTGATGGGTTACGTGGTGTCGCAGCTATTACCGTCGTTTGCTTTCATATTTTTGAAGCCTTTGCAACGAGCCATTTAGATCAGCGAATTAATCATGGTTATTTGGCGGTCGACTTTTTCTTTATGCTTTCAGGGTTTGTCGTGGGCTATGCTTATGATGATCGCTGGAAGACGATGACAACAAAAGAATTTATAAAACGAAGAATAATACGTTTACATCCGATGGTTGTTATGGGAGCGATCATTGGAGCAGTTATGTTCTATTTTCAGGGTTGTTCTGTTTGGGATGTGACAAAAGTGACATTTTCTTCGCTGGCAATCGCAACCCTATTGAATGCTTTGTTAATTCCTGCGATTCCGGGACATGAGGTGAGAGGGCTTGGGGAGATGTTTCCATTAAATGGACCAAGCTGGTCGTTGTTTTTTGAATACATCGGTAATATCCTGTATGCATTGGTTATTCGAAGATTTTCGACCAAAGCATTAGCCGGACTCGTTATTTTATTCGGAATAGGTTTGGCTGCATTTGCGATATTGGGACCCTTGGGAGATATATGTGCTGGTTTTTCACTCACAGGAACAGAATTTACGGCAGGTTCACTTCGTCTTTTATTTTCTTTTACAGCGGGCCTATTTCTATCGAGGATATTTAAATCTTTACAGATCAAGGGAGCATTTTGGATTTGTAGTTTAATCTTAGTGCCACTTTTGGCCATGCCACGCATTGGTGGGGCCGAGCATTTATGGATGAATGGTCTGTACGACACGTTATGTTGTGTTGTTGTTTTCCCTTTGCTTGTTATTTTAGGAGCATCTGGCAAGGGAGAAAGCGGTATTACAAGTTGGCTTTGCAAGTTTTTAGGCGATATATCCTATCCTTTATATATGGTACATTATCCCTTTATTTATCTATACTATGCTTGGGTCAAGAATGAAAATCTGAGTTTTGAAGAATCTCTGCCGGGAGCAGCAGCTGTTGTGATCGGAAGTATTGTGCTTGCATACGGCTGTTTGAAGTTATACGATATACCCGTACGACGATATCTGTCAAAACGATTTCTAAGATCAAAAGGGAAATAGCCGCCGGCAAACTGATCCTATATTTATTATAAAATAAAAAAATACCAATTTATGGTGTTTTTTTATGCATATTACGTAGGACAGTGGCCTGTACATAGAGAAAATATCTTGTCATGTTAAATAACGCTTGAATGTCAGTCTTTTTCAAAAAAAACGTTGTTATATTTCGACGAATAAAATACCAAATAGAAGCCTAAAGGACTTCGGTACACCGTTGGATCTGACGCAAGAATATGATGAGTGGGAGAGTCCATGCACAGCTTTAAGCGTGCGGATTCATAAGGAATTACTGTTTCGATCTTGCCTTTGTAAACTTTGGATACTTTACCTGCGTTTACGACGTTGAAATAAATCGAATCGTTATCCTTTATGATAAAATTATGGCTATCATATTGCCAGTCAGTTTGTTTTCCTGGGAATAGGTCGCGTTTTATATGATAAGTCCCATAATAATCTTCTTTTTTTAAGATTTTTGGGCTAGCGATCCATTGAAAAAGTTGAGACAAAGAAAAAAGTGTAATTGCGCCACCGATGAGAGATAAAATTGCGTAACCAAAGAAGCGTCTTTCTGTGAAAATTCCGCATAACATTAAAATTACCAGCAGTGGTAGAAAAATAAATATAATGAAAAAATTGGCCCCAAATCCCATTTTATAAATTGTTGTGGCTTTGAAGAAAACCAAGTGGATTTTCTTTTACACCTCTTATAGAAACCTACTTTCTAAATTGAAAGTTTTAACTAAAGTAGCCCCATAGCTACCAAATCCAACACAGTATGCCTTCTATTGTCCAATTTATTCTTGACACATGCTTCAAGAATTTTTTTGACACCATTTGAATAAGAATCATGTCCGAGGACCTTGGTCTCAATTTTAATTTCATCATTTTTATCTTTGATCACAATCTGATGGTAGGCATGTTTGTCTAAGTAGGCAACGGGAATATTTATTTTATAAGCTTGCGTTTTCGCATCGCGAATAGAGACAACACGCTCATGAGCGACCTGTAAAGAGTTGGCGATATGATAAGCTGTACCTGGTTCAGTATTCTTGGAGGCCTGATGAGACTCCATAATAGATACTTCATAGTCTTTGAAATTATGACCAAATTGTTGAAGCATATGGAGCGTTTTTAGCAAAAGTATGGAGGTATTCGGGCAAATGATAAGTGGAAAAGCAGTCTCGAGCTTTTCGGTCTCTAGGCCCGTCGAAAGTTCAATTAATACCGAACCCGTACGTGCGCAAAAATCAAGACAATCTTGTAACTCCCGGCCCGATCCGGCATGTATAACAATAGATGGAGACGTCGTTGTAATGGATGGTCGCCAGGGTGAAATTTTTACACTGGGAATCGAATAATCGGCTTCCAATATTG
NZ_CP068224.1_gap49	1849205	1854192	4987	AACATTTTGCTACCCCTTTGTAGCAAGTAGTCCTGTTAACATTTCGGATAGAGCCTCAACATCAAAAGCTGAGGCTTTTTGATTGATCATGTATCCTCCTTTACAAAAAAAAAGTACACGGCTGTTAAAGCCATTTAGCAGACTACGGGAAGGCTTTAGCCGTTGAAATAATTTATTTATAATTAATAGGGAGTATTGCCGTATTTTCTTCTGTGATTTACCTTGAGTGTAGAAAATAATTTGTTTTATTGCATTGATAATTCCTATCTTTAAGAGGAAGGGTCTAAAAATGAGTTCTTCAGACTAAGTAAACTTAAGTAGTCGCTGTAGCCTGCATCTAGAGAAGGCTATAGGGCTTGGAATTTCAAATTCGATATTATGATAAAATCCCCCGGCTTCTTTTTTAAGGAAGCGATCAAGAATGAAAAACCATTACAAATTGTTGGAGCGATTAATGCTAATCATGCGCTTTTGGCTGAGCAGGCTGGTTTTAAAGCTATTTATCTTTCTGGAGGCGGTGTTGCAGCAGGTTCACTTGGAATTCCAGATCTTGGGATTACAACACTTCAGGATGTTTTGATTGATGTGGATCGCATTACAAATGTGTGTAAGCTTCCTTTGCTGGTGGATATTGATACTGGCTTCGGTCCTTCGGCATTCAATGTGGCACGTACAATAAAGTCTTTAATTAAAGTGGGCGCGGCGGCAGTTCACATGGAGGATCAGGTGGGTGCTAAACGTTGTGGTCACCGGCCTGGGAAAGAGCTCGTCTCTCGATCTGAAATGGTTGACCGGCTAAAGGCGGCGGTGGATGCACGAACGGATGAGCATTTTGCCATTGGTGCACGTACGGATGCACTTGCTTCTGAAGGTCTTGAACTTGCTTTGGAAAGAGCGGTGGCCTATAAAGAAGCTGGAGCGGACTTTATTTTTGCTGAAGCAGTACATCATTTGGAGCAATACGTTCAATTTAGTGCGGCAACAGGCCTTCCTATTTTGGCGAATATCACCGAATTTGGACAAACACCGTTGTTTAGCCTGAATGAACTATGTCAAGCCGATGTTTCTATTGTTCTTTATCCACTCTCTGCTTTCCGCGCAGCTAATAAAGCGGCTACAAATGTTTATCGTCACATTCGGGAAGACGGTGGGCAGGTTAATGTAATCGACGACATGCAGACGAGAGAAGAGCTATACAGAAGTATCGATTATTATGCCTATGAAAATCGATTGGATCAATTGTTTAACAAATAATTATATTCAGATGGAAGAGACAAACAGCACAGGTTTTAAGCCCAAAAAAAGTGTAGCACTCTCTGGTGTAGCAGCTGGTAATACGGCTTTGAGTACTGTCGGAAAAAGTGGTAATGATCTGCATTATAGGGGTTATGATATTTTAGATCTGGCGCATCAGGCAAGTTTTGAAGAGGTCGCTTATTTACTTATTTATGGAAGTCTACCAACACAGGCCCAGCTCGTCACTTATCAAAGTCAGCTGATCAGTCAACGTGGTCTGCCTATTACTGTTCAACAGGTCCTCAAGCAGTTGCCATCGACGGCACATGCCATGGATGTTTTACGGACTTATGTTTCTTTTTTCGGCAGTGTTTCGCCCGAGAAAGACAGTCATCCCATTGCTGGTGCCCGTGACATTGCAACTCGCCTGATGGCTTCGATGGCCTCAGCACTCTTGTACTGGTATCATTTTAGTCAGCATGGACGTGAGGTGCAGGTAGAGACATCAGATGCAACGTTGGGCGGGCATTTTTTGCATCTGCTACACGGAAAATCGCCGTCGTCTTCTTGGGTAAGAGCGATGCAGATTTCACTCAATTTATATGCCGAACATGAGTTTAATGCATCTACATTTACAGCTCGGGTAATTGCCGGTACAGGATCAGATATGTATTCCTGCATCGCTGGCGCAATAGGTGCGCTACGTGGACCTAAGCATGGCGGAGCTAATGAGGTCGCTTTCGAAATTCAGAGTCGTTATGCAAATGCTGATGAGGCGGAAGCGGATATCCGGAAGCGATTGGCAAACAAAGAAGTCATTATTGGTTTTGGCCATCCTGTATACACAATCTCGGATCCAAGAAATCAAGTGATAAAACAAGTCGCAAAAGAGCTGTCGGAAGAAGCGGGCGACATGACGCTCTACCTGATCGCTGAGCGGTTAGAAAAAGTCATGTGGGAAGAAAAGAAAATGTTTCCGAACCTGGACTGGTATTCTGCGGTGTCCTATCATATTATGGGCATTCCAACGGAGATGTTTACGCCATTATTTGTTCTCTCGCGTATTACTGGCTGGTCAGCGCATGTTTTCGAACAGCGTCAAGATGGAAAAATTATCCGGCCGAGTGCAAACTATGTTGGTCCCGATGACAGACCGTTTGTACCTCTTTCCGAACGGTAAATTCGGGTCGGGAAAAGGCGTTAAAAGGTGCTTTTTGAACAGGGGGCTCTGAGGAAGAATTTAGCGCAGGAAAAAACGAATTATATTAATAAATAGAACGAGAGTCTTATACGAAATACACGAATGAGTTCAGCAATATCAAATGAAAGACCACAACCAGATCAGGTTTTAGTGGACATTGTGGACTATGTCCTAAATTATAAAATTGAGGAAAAAGTCGCTTGGAATACGGCCTTTTACTGTTTTCTTGACACCATTGGCTGCGGCTTGGAAGCATTGACCTATCCTGCCTGCACCAAATTGTTGGGGCCAGTTGTGGCCGGGACCATTGTGCCGAACGGTGCTCGGGTGCCGGGTACAGATTTTCAATTGGATCCCGTTCAGGCAGCATTCAATATCGGCACGATTGTTCGATGGTTGGATTTTAATGATACCTGGCTGGCAGCAGAATGGGGGCATCCATCCGATAATCTAGGGGGAATTTTAGCAGTGGCAGATTGGTTGAGCCGAACGAATATTGCGAACGGGCAAAAACCGCTGAAAGCTAGGACGGTTCTTGAGGCAATGATTATGGCCCATGAGATACAAGGTGTCTTAGCACTTGAGAACTCGTTTAATAAAGTGGGGCTAGACCATGTTATTTTGGTGAAGGTAGCTTCAACAGCGGTCGTAGGTAGGCTCATTGGCCTCACAAGAGAAGAGCTGCTCAACGCGGTTTCTTTGGCTTTTGTTGATGGACAAGCCCTACGGACTTATCGGCATGCGCCAAATACCGGTAGCCGAAAATCATGGGCAGCCGGCGATGCAACTTCGCGTGCTGTCCGATTGGCCTTGATCGCAAAAACTGGAGAAATGGGCTATCCATCTGTTTTGACAGCACCAATATGGGGATTTTATGATGTGTCTTTTAAGGGGAATCCATTTAAGTTTCAGCGGGGATATGGATCTTATGTGATGGAAAATATTCTCTTCAAAATTTCATTTCCCGCAGAATTCCATGCACAGACAGCTGCCGAAGCGGCAATGCAGCTCCATCAACAACTGAAAGAATTTGGAAAAAGCAGTTCAGATATCGCCCGTGTAACCATTCGTACACATGAAGCTGCTATCCGGATTATTGATAAAAAGGGGCCTTTGCATAATCCTGCCGACCGCGATCATTGTATCCAATATATGGTTGCTGTGCCTCTAATCTTTGGACGTTTGACGGCTGATGACTATGAAAATCATATCGCTTCGGATCCAAGAATTGATATACTGCGCGATAAGATCTCCTGCGTGGAAGATGCTCAATTCACCGCTGATTATCACGACCCACAGAAACGTGCCATATCAAATGCTTTGACAATTGAACTGGTTGACGGTACAATATTGCCTGAATTGGTCGTTGAATATCCGATAGGCCATCCAAGAAGGAGGGCGGAGGGAATTCCTAAATTAATCGAAAAATACAAAACAAATCTTGCTCGGGTATTTTCTGAAAAACAGCAAAAGGAAATACTTACAGCTACCTTGGATTACGATACTTTTCTCGAACAGGATGTTTCGCAGCTGATGGATTTGTTTGTACGCTAATGATATAGAGAGGACGGGGTGATCGAACTATTTGTTTTGTCACCCCTGCTTTCGTTTCTATTACAGCGTTAACTACACCGAATATTCTTTTTAAGGTCGCAATCTTTTGTTTTGTTGTTTTTATGATTACCTGTACTTTAGTGCACTTAAACAGCTTATGCAGGCTTCTTTAGACGAAAGAACATAGATTGGCTAATCTATCGCCAATTTGAGTCAAAACCACTATAAAATCTGAAATTCTTTTTTGCCAGTTCTCTTAAAGATTCTGGTATATCCCATTGCTCACCTTTGGCCTGAAAGTCTTCGCATTCAGCAATGAAAGTAGGAAGCGTTGTACGGTCGATATGTCCAAATACGCCACCTGTATAGGATGCATACCCTACACCTAAAATAGAACCAATATCGCCATCGATGGGTTGGTTGAGTACGCCTTCTGCGAGACATCGATAGCTATCCAATGCCATGACATGCAACAAACGTTTCCGGATAATTGAAGGTGTTACATTTTCCTTTGCAGATGCAATTACAGGGTTTTTCCAAATGGTTTTCTTTTTGGTTTCAACGTCATAATCGTAAAATCCAGCGCCCGATTTTTTTCCTTTTCGTTTCTGATCGACCATTCCTTTGAGGTAGGTATATGCACGTTTTTGGCTGGCATGCAGACCGGGTAATTGATCATAAACGTGTAGCATCAATTCCAATGATATCTCATCCAATATTGCCAATGGGCCCACGGCAAATCCTGCAGCCATCGCTTCCTCTTCGACCAGTGTCGGTGAGATGCCTTCCAGTACCATTGTAATACCTTCGAGTAAATAATTGAAGAAAATACGTGAGGTGAAAAAACCCGGACCATCCTGCACGACTATTGGAATTTTATTGAGGCGTAAAGCTGTGATAAGTGCTTTCTCTAAGGTTTTTTGCTCGGTTTGTTTACCGCAGATGATTTCGACAAGGGGCATGCGGTCAACAGGCGAAAAGAAATGCATCCCTATA
NZ_CP068224.1_gap50	1856868	1861427	4559	ATTATTTTTTTTCTATTTATTCTGTTTTGATAAAAAAAATAAAACCGACTTGTTGTGGGTTATCTGTTATATTTTTTATCTTTAAGATTAGGAAGGGTTGTTGGGGATATGCTAGCGATAAGCCCTCAAAATTTTAGCAGAACAATTATAAACTTTTTATATCATGTCAAAGAGTGTATTTATCGTTGCAGCGAAACGCACACCAATTGGAAGTTTTGGTGGTGCCTTGTCATCTATTTCGGCGCCAAGTCTTGCGGCCCAAGTTGTTGGGGCTGTAGTTGATGAGGCGGGTATTTCCCGCGATATAGTGGATGAGATTATTATTGGTGCTGTTTTGCAAGCTGATTTGGGACAAGCGCCTGCCCGGCAGGTAGCCCGGTTAGCAGGTTTGTCGGATCATACCGCTGCAACTACCCTTAATAAAGTATGTGCTAGTGGAATGAAAGCAATAGCTATTGCTGCGCAAAGTATTCTATTGGGAGATGCTGATATAGTGATTGCTGGTGGGATGGAGAGCATGAGTAGGGTGCCATATTATACGAATAGTATGCGTTGGGGAGCCAAATTTGGAGCTCAGAGTCTGGTTGATGGTTTACAGCGTGATGGTTTGAGCGATGCTTATTCGAATGATGCAATGGGAATGTTTGCAGAGTTGTGTGCCGAGAAATATCATATTAGCCGTGAAGAACAGGATGCTTATGCGATAAGTTCCTATAAAAGAAGCCTGGATGCTTGGCAAAAAAATAAGTTTTTAAACGAGGTTCAACCTATAACGATACAAAGTCGTAAAGGGGACGTCGTCGTTTCGCGCGACGAAGAGTTTTCGCAGGTCAATTTTGATAAGATACCCGAGCTTAAGCCTGCCTTTAAAAAAGAAGGGACTGTAACTGCCGCAAATGCATCGACAATAAGTGATGGGGCTGCTGCGGTGCTGCTAATGTCTGGCGAGAAATTGGAAGAACTTGGACTTGTCCCCTTAGCAGAGATTATTGCTTATGCTGATGCTGAACAGGCTCCGGAATGGTTTACGACTACACCGAGTGTAGCCACAGAAAAGGTGTTAAAAAAAGCGGGATTGACACTAGAAGACATTGATTATTTTGAATATAATGAAGCTTTTTCCGTGGTGGCTTTGGTGAATGCAGAAATTTTAGGTTTACCCATGAACAAAGTAAATGTTTATGGAGGAGCGGTATCTTTGGGGCACCCATTGGGATGTTCGGGCGCTAGAATTGTTGTAACACTCAGCAGCATTTTAAGACAGGAGGGGGGATCAGTAGGACTGGCAGCGATTTGTAATGGTGGCGGTGGTGCCTCGGCAATGATTATTAAAAAGATTTGATGCTTCTTCCAGATAAGATTGCTTTAATTTTATCTGGAAGAAGCTCACGCTTATTGAATTCGGTTTGAATTCGGGTGTTTTTAACCACATAGCTTCCAGGAAACTTATTTTATTTGCTATACAAGGTTGTATTTCTACTCCTCATATAGACGGCTTGCCTCGACTCCATGGAGCGCCAGTTCTGATTCGATTTCCGTTGGGTTGAGTCGAATGCCTTCTATGGTTAACAGATTATAAATAGAATCCAAGTCGATTTTCCATTCGTGGATGCCATTCAGTTTTTCAACAGCTTGTTTAATTTTGTCTACAAGACTGGGGTGTTGTGCATTAGTTTCGAAAATGAGCTTTTCCATAGTGTTTCATATTAGGCCTGATTAAAAATCAGGCGGGTTTAACCAAAATAGCGTAGACAATCATTTGATCGGCTAATTACAATAGTTTCAATATAGGGATAATAATCTGAAATTAATGTTTTAAAGTGACTAAATTGTAATGAAACTGTTAATTTTTGTAATAAATAGATGGGAATTTCACAGTCGTGTATTTAGTCCAGGGACACTCAAATTTCATTTTATCGCAAACGAATAAATGGTTTGGTCAGTCGGGTTTTCTGAAGCTGCTTTTTCGTTCATAATAAAATTTTAACTAAGTTTGGATGAACATGACGACTGAGATCTCGAATATAATCATTCTGTTATTGCTGACTATTGTTGCTGTAATATTGGGTTTGTACCTCTTCTTAAGACAAAAATACCGGAAACTTGAGGTAGAAAATAGACAACAAAAAGAGCTTTTTAATCGTATGGACAATCAAAAGATAGAACATTTTCATCGGGCTCAATTAAATCCGCATTTGCTTAAAAATTCGTTGAACGGAATACTTTCTCATGCTTATCAAACCTATTATACGATGGACAAATTGGCCATGGTATTAGACTACGTTTTATACGAAAGTGAAGATGAACTTGTTTCACCGAAGGCTGAAATTGAATTTGCACGTAATCTTATTGAGATAAATAAAGTAAAACTGAGCCCCTTATTTGATATCCGCGTTAAATTTGACATTGATGAACTAAATAGTTCCTTGTTGAATACACCTTCATTGGTTCCTTTGATGTCTGTGGATTTAATTGAAAACGCATTTAAACATGCAGATTTCCATGGCCCTGATTCTTTTATTTCTATCATGCTGACCTTTAAGAATGGTTTGCTGGAGCTCATTGTAAGCAATCGAATTTCAAAACGTTCACCCCTACAAAAGGCCAAAAGTGGAATAGGCAGCAAAACTTTGGAAGAGCGGCTCATGTTGTACTATCCAGGTAGACATCAACTGCGCCGGTTTGTAGAAAACGATGTATATAGTGCCCACCTTCAAATCAGATTGTATGCGGATTGAAAGAAGTTTGAAATGTATTCTTCTGGATGATGAAATACCAAGCTTGAGGTTCTTGAAAATGCTCTGTGAGCAAATTCCAGGGGTAGAGGTGGTGAAAACTTTTAATGAACCAGCAGCATTGTTGAGAGAATACCGTTCACTAAGTTTTGATTTTTGTATTCTGGATATTGAAATGCCGGAATTTAATGGATTTGATGTCGCCAGAGAACTCAAGGATTTTCCAATTGTGTTTTCTACTGCATATAAGCAATATGCGAGCGATGCGTATGACATTAATGCAGTAGATTATATGCGTAAACCACTTTCTCTGCAACGTCTTCAACAGGCCATTATGAAGGTGGAGCAACTAATCAGCAAGCGAGCTGAAACTGTCCCGTTTGCGCAATTTAATACAAATAAAGGAAAAACAGTATTGTATTTTGAACAGATTAACTATGTGCAAATAGCTGAAGTAGACAGCCGCGATAAAACAGTTTATTTGGCAGATGGTTCATTTATTTTATTGAAAAATATAAGCTTCGATAAGTTGATGGAGATTTTGCCTGAGCATGACTTTATACGCATCAATAAAAGAGAGATCATTGCAACCAAGATCGTTAAATTTTTCTCCGCTGATCAAATGACAAGCAACTTGTTTGACGAACAAGATATGCCTCTTTTGTTTAATTTGGGGGAATCGTACAAGAAAATGTTTTTCGAGAAATTCAGTTGATTACAAAATTTTTTTGTTTCATTACATATTTCCTTCCACCTAGCAGCTAAAAAGCACTAAAACTCTTACAGAATTATATTTTTGTTGAGACTGTATTTTATCCCTCCTTGTTTAGAGAATATTGGTCGGGACTTAGTATGCTATTGTCATTATATTTATTTTAATTGCTATTGAAGATGAGGAAATATAGGAATACAATTTTCTATGTAGTTTTAGTTGGTACATTACTTGGGGTGATGTATTGGGTGATTCATTTGGGGGCACAGCTAGAGGCTCCAGAACTACTGCGTGGGGAGAAAACAAGTCAAGGTGCCTGGAAGGATTTTACATCAACTTTATTCCATAGTCTGCAGCATCCGCTAGCGATATTATTGGCACAAATCGTGACAATCATTATCGCGGCACGTATTATGGGCTGGATTTGCATTAAGATTAAGCAGCCTGTGGTAATCGGAGAGATGCTCGCAGGTATCATATTGGGACCATCATTGCTGGGGCTCTATTTTCCGGAATTTTCGCATACACTTTTTCCTGTAGAATCGCTCAGTAATTTGCAGTTTTTGAGTCAAATTGGGCTAATCTTATTTATGTTTATCATTGGAATGGAGCTGGATTTAAATGTGCTGCGAAATAAAGCGCATGATGCCGTTGTCATTTCTCATGCAAGCATTGTGATCCCATTTACGTTGGGAATTTCATTGGCTTATTTTTTATACCTATTCCATCCACCTACAAATGTAGAGTTTCTATCCTATAGCTTGTTTATTGGTATTTCCATGAGTATCACAGCATTTCCTGTCCTTGCTAGAATTATACAGGAAAGGGGATTGCAAAAAAGTAAGCTAGGTGCAATGGCGATTACCTGCGCGGCTGCGGACGATATTACGGCATGGTGTATACTCGCTGTCGTAATTGCAATCGTCAAGGCCGGTGATTTCGCCAGCGCATTGTATACAATCGGGCTTGCTGTAGCATATGTGCTCATTATGATTAAGATTGTTCGTCCATTTTTGATGCGCGTTGGAGAGGTAAAAGGGAGTAAGGAAGCTTTGAGTAAACCTGTTGTTGCTATTTTCTTTATTGTGCTGTTATTGTCAGCTTATGCAACC
NZ_CP068224.1_gap51	1865194	1868304	3110	GCAGTCATCATTGCCACACCCGATCATTGGCATTGCCTGCAAATGGTCGATGCCGTAAATGCTGGAAAGCATGTATATGTCGAAAAGCCCATTGGTAACTCCATTGTTGAATGTCAATTAATGGTTCAGGCAGCAAAAAAGAATAAGGCTATTGTTCAAGTCGGGCAATGGCAAAGAAGTCAGCAACATTTTAAGGACGCCATTGATTTTGTTCATTCCGGTAAATTGGGCAAAATAAGATTGGTAAAAGCTTGGTCTTATCAAGGGTGGAAAAGTGCTATTCCCATCGTGCCCGATGAACCGGTTCCCGCAGGTGTACATTATACGGAATGGCTAGGTCCGGCACAAAAAAGACCATTTAATTCGAATCGATTCCATTTTAATTTTCGATGGTTTTGGGACTATGCAGGAGGTTTGATGACAGATTGGGGCGTGCATATGTTGGATTATGCTTTACTTGGGATGAAGGTTTCCGATCCAAAATCTATTATGGCCTCTGGAGGTAAGTTTGCATTCCCGGACGATGCAGGCCAAACGCCTGATACGATGACTGCTGTGTATGAGTTTGATGGCTTCAATATCCAATGGGAACATGCCAAGGGGATTGATCTCGGTCCTTATAACCGCAATCACGGTGTTGCTTTTATTGGTAACAATGGTACGCTGGTCTTGAACAGGTCGGGCTGGGAGGTTATTCCAGAAAAAGGAAGGATGGAAGCGGTCACTATCCAACCTTCTTTAGATAATGGACTGGACAAACATATGGAAAATTTTGTAGCAGCAATTCGCCAACGTAATCCAGAAGTACTTCATGCACCAATTGAAGTGGGGGCGCATATTGCCATCTTTTCCCAGCTGGGAAATATTGCATTCAGGACAGGACAAAAACTCTACTGGGATAAAGATAAACAGCATTTCACCGATCAGAAAGCAAATAAATACTTAGCTTCGGTTTATCATAACGGCTATAAATACCCAAAAGTATAATGCCTTAAAATTGGTTGTTGATTAATCATTATAATCAACAACCAATGGATCACTGTTTACCAATGGATCATTTCTGTATTTCTTGAAGAACGAATTCGTTTGCAAGATCGATCTCCTCGCGATTGATGGAGTGCCCCGCGTTTTGATATACCATGAGCTTTACATTGGCATTCATGTGTGCTAAGATGGATACTGTAGCTTCAACGCGTTCAAGAGGAACATGGAAATCAGGATTGCTCGTGCCAATAAAAATAGGCGTTTGCGCGAAGTCACCCTTGTAATTATCCCTGTTAATTTCTTCTCCTATTACTCCGCCAATAATTGCTATAGCGCCACCATAGCGCTGCCCATTCCGTGCAAGATATTCTAATGTTAAACAGGCACCCTGAGAAAAACCAAAAAAATAGATATTTTCGGCGAGGATCCCATTGTCTAAAGCTAGTTTAACTGTATGATCGATCAGATCAATCGCGGAACTCAACCAGGGTTCGTTCTCTTGTACGGGAGCAATAAAAGAATAGGGATACCAAGTGTGATTTTCTGCCTGCGGTGCAAGTAGTGCAAAATTATCGACATGAAGATAGGATGACATGCCAAGGATGTCTTCTGCACTCCCCCCACGACCATGGATCATCACAATGGCTTTTTCTGCCTGTTCTAAATTTTTACCAGCTGTTTTAATATTTATTAAATGACTCATTTTATGCTTTCATGTAGGGTAGTTTATACCGTTTTTTTAAACCAAACGTCTTGATATAGTTCTGGATGACGATGAAACTGCGCATTTACATACGGACATAATGGAACAATTTTCATGTTGTTTTCGCGCGCATGAGCTACCAATTTCTCGAGCAGTATTTTTGCAAATCCTCTTCCCTCATAGGCTTCGTCCACCTCTGTATGGTAAACAACGAGATTACCGTCAATGATCGCGATACTCATTAAACCTGCTTTGCGTTCATCGGAGAATAATTGAAGCTCTCCACGTTGATTTTTGTCTAATACAATTTCAGTTCTTTCCATAACTTCCTCGTTTGTATAATGATGTTTATATAGTTTAATTAATCGATTTTTGGCAATGTCTGTTCAATCTGCGAACGGTAGCTTTCATATTGCTTTGGCAATTTGAGTGCCGATCCTAAACTGGATAGCGGTTCGTCTACCGTAAATCCGGGATTGTCCGTGGCGATTTCAAATAAGACACCACCAGGTTCACGAAAATAGAGTGAGAAAAAGTAATCTCGATCTATTTTTGGTGTGATATCTAACCCTGCTGAAAGTACCTTTTCACGATACTCCATCAAAACATTGTCGTCCTTTACCCGAAATGCGACATGATGATTTGTACCGGCTGCATTTTTGCCGTATGGCAGATTTTTATCCGCTATTATGTCAACAATGTTAGCCGTATCAATGCTATCCGTTGTTAACCTATAACGATTATCATGCTGTTGTTGGAGCGAATAACCCAAAATATCGGTCAATACTTTTAGCGTCGGATCTGCTTCTTTTAAAGAAAGCGTGATATTATGGAAGCCTTTTAGTGCATGTTCGCTATTGATGTCAGTCGTTGTCCATGCTTTTCTATCATCTTTCGTTTCAATAAACTGAAGCTGCAATCCATCGGGATCATTAAATGAAATTAGCTTCTCTCCAAAAATTTCACTTTCCTGTAAACTAATCTGATGTTCCCCTAAGCGATTTTTCCAAAAATCCAAACTCCCTTGAGGTACGGCATAGCCAATATGAGTCGCCATTCCTGCTCCTGCGGTACCTTTTCCGATACCTTCCCATGGGAAAAAAGTGAGGATCGTTCCGGGGTCACCCTGTTCATTGCCGAAGTAGAAGTGGTACGTGCCAGGGTCGTCGAAATTAACTGTTTTTTTGACAAGGCGTACACCCAATACTTTCGTGTAAAAATCGAGATTTCGCTTTGCATTGTCTGCTATCGCAGTAATGTGGTGTAACCCTAATATTTTATTTTCCATATCTGATAGTTTTATTTTCTTAACTCATGTAAAGTTACGCCGACCAACAGGGAATTTTATTGAACTAGATTAATAAAAGCAATAATGGCAATTTTGTTTTTTAGGGAATAGTGATTTTCGAAAATATATAAAAAA
NZ_CP068224.1_gap52	1880394	1881571	1177	CTAATTACTACGGCGATACTAGAACCTTTGTACTTTCACCCCATTGTTGTTAAAGCCGGGGTACAGGGGGTTGTTGATTACTTTCGGAAGCAACATGGCTGGGGAGAAATGACGCGACAAGGCTTTCAACAAAAAGATGCGAATGAGTCGGTTTGGAAATACCTCGGTCAGCGATTAAATCTGTCGTTACAGAGCTTAGGGCCTGTTATGTTGGTGGTCTTTGCGCTGTATATGTTATCCGTTGGTGTAGAATGGTGGTGGTACGGTCGTCGATTTGCTCAGCTTTCGGAGTCACATGCCGGGAAGTACCTGTTTTTGGATAACATCCTGTTCATCTTTCAAGCCTTGGCCTGTTTGGGAATCGGCTATTTATTGCTTCAGTTCATAAGCAGTTTTTGGGCGAGACTTCTTATGGTCATATCGTTCTCGTTTATTGTCGTTATGCAATTCATCTTGTTTCTGTATTTTGGCGAATCCAGAAATTTGCTTGGAGCTGATATGTTCTATTACAGTTCGGAAGAGATGAAGCAAATTTTGGAGGCTAGCGGTATGTTGAGTTTTACCAATATTGCCTTGCTTTTATTATTGATTGTAATCTCTTGGGTCCCCCTTTGGATTGCCAATAAGCAAACATTCAAAAAGTCCTATGCTAGTATTGCACTGTTATCTTTGGGGATCATATCGTTTTTCATCTCCTCGGCTTCGCTTTTGGGAGGTCGCGCCGAAAAAGATGAATTCGTAGCCAATGCAAGCCGGAGTAAATGGCGTTATTTTTTCGACTCCAATTTATCCAATTACGTGGATGAACACCCGGGGATGCTCGCGATGTTCAGTAAAGACGGCGATGATGCAAAAGTATTAGATACTAAATTTCCTTTTTTGAAAAAAGAGGATACGAAAGATTTCCTGGGGACATACATGCAAAAATCAGGGAAAGTACCCAATTTGGTCATTCTAGTTATCGAGGGTTTAGGACATGCCTATAGTGCTGAAAATGGTTATATTGGCAACTTTACACCTTTTATAGGTACATTGAAGCAACAGTCTTTGTATTGGGATAATAATATGAGTTCCTCGGGTCGGACATTTTCCGTTTTACCGACCATAACAGGTTCGTTGCCTTTTGCGACACATGGATTCCTGGAACAAGATACCCTACCAGACAACTTCAATCTCT
