gap_id	start	end	length	sequence
NZ_CP048114.1_gap1	159185	162945	3760	CGCAAACCAATTTAGATCGCTCTTGTTGCTTCCGCCATACTCGGCATCGAGCGCCATGCGGCCAAAGCTTCCCCCGTATCCGCTGACAGCCAGCCCCGGATTCGTGAGGCCGCTTTTTGTCTGTACAGCGATAGCTCCACCCAGCGTATTTAGGCCATAAACCGGATTCGAGCCGGGGATAAGCTCGGTCGTATTGATGGCAACTTTCGGGATCAGATCCCAAGCCACCACGTCGCCGAAGGGCTGGTTTTGACGTACTCCATCCAGGTACACGGACAGGCCTTCCGCCGAACCAACGAGGGGAGATGCCGTATAGCCGCGATAATTCACGTCAGGCTGGAACGGATTATTCTGATTTTCGTTGACGTAAACACCGTTGAGCCGCCGCTTCAGGACATCCGTCAGGTCGATGGCATTCGTATCTTCGATTGTTTGCGCGGTTAGGGATTGTACGGGAACAGGAACGTCAGACTGTGGTAGATCGAGAGAGCCAATTGGCGTTGAAGCAATGACATCCACGGTGGTCGAGATGCTTCCAACCTGAAGTCGAACATCCTGGACCACCGAAGATGCCGGCTGAACCTGCAGCCGAAGGATCTTCATCGCGAAGCCCGGATGCGAAAGTTGAAGCTCATATTGTCCAGGCGCCAATCCGGATACAACCAGTGAGCCGTCGGTTTCTGTTTCTACGGATTGGATATGGGTAGAGAGTAGGTCTGTCAGCGTCCCTCTGGCCTGAAGTGGCCTCCCCTCCGGATCGTGGACCTGGATTCTCACTTCCCCGGTACCTGTAGGCGCGGAGGTGTGGGAGTTCTGAGCAACTGCATTCGAAGCTAAGGGAAAGAACAGAGCCACAAAAAAAATGGCGAGACGCATGTTAAACGGCATCCAGGATGATCCTTCGAAAAATTTTCGATTCGTTGACGTTCACTGTGTTAATTCCAGGAATCGCGAATCTGTTCACGCTTTTTGAAAAAAGAGCTGTCTGACCTCTGAGCAAGGTGGACGGAGCAGGTGACATCAGCAATTGCCCGATGGAACGGTAATTACTATTCGCATATAAGCTCATATTCCGCTAGAGTCTTCTGGATGCTTATGCGGCTGCTTCTTCTATTCTTCGTCTCTGTTTGGCCGCTGGCTGCTCAAATCAACGTTATTAATGACGGCTTCCCGGGAGCGAATACCGCCGAGCTGGATTCCCGGCTGGACGAAGCCCTTACTCGGTTCCGGCCCAACTACGTTGTAATATTCGCGGGCGCGAACGATGCGCTGAACGAAAAGAAGTTTCTGCCAGCCCAGAAGTCGGGCGATCATCTGGATGCGATGACCCGGCGTATCCAGGCCCGCGGAGCTCAAGTGATCCTTGTTACCGTTCACGATCCGGACCTCATTCGGCTTATGGCACGCCATAAGCCCGAAATCTATGGGAATCAACCACCGTTGCAGCGAGTTGAGGCGGTCAATGCTCAGGTCCTTCGGGTTGCGAAGACGGAGCATACGAAACTCGTCCAGTTCGCAACTATATTAAGTAAGGCAGGAGGGGCGAACTCCAGGCTAAGCACAGATGGCGTCCACCTGACCGCGGCTGGATACAGTCTCTTAGCGGCGGCGGTACGCGCACAGCTTCCGAATCGTCTTCCCGCGGATACCACCGTGCTGTGCTTTGGAGACAGCCTGACCTATGGGATTGGCGTACGTCCGCCGAATGGTGCTGTCGAAACCAGCGCGACCTATCCCGCTCAACTCCGCGCGCTTCTTCCATGAAGACAGCCGTATTTCCTGCCGCGTAAAATGCCATGCATGTCTACGACGCTTGTCCCTCCGGCCAACGAAACTCCCGAAGCCACGGAGGCCATTCAAGCGCATGTTCACAAGATCCTTCAGAGCACTCACTTTGCCCGCGCTGAGACACAACGCAAGCTCCTGCACTACCTCTGGGAGCATCGCCATGAAAGTGTCAGCGAATATGCGCTGGCGACAGAGGCTCTGGGCCGCAGCGAAAACTTTGACCCGGCGACAGATGCCTCTGTCCGGGTCCATATATCGCGCCTGCGGAGAAAGCTGAAGGATTACTACCAGCTGGAGCCCGGCGAATCCGAGTTGCTTGTGATTCCTACAGGTACGCACCAGTTGATGGTGCTGGACCAGTCTCTTCAGGCGATGCCTTCCCCCGAGGAAGTCGAGTCCCTCGCGCCTGTACCCTCGCGCTCTTACACGGTGCCGATCCTGATGGGAATGATTGCGGTGCTCCTGGTCGCTGTCAGCTGGCTAGGCTGGAAGTACAGCACCATGCGCCCCGCCCCCGAGGTCAAGCGGCCAAATGCTTTTTGGGCATCCTTCCTGGCCGGCACGGCTCCTATCAAGATTATTCTCCCGACCCCGATCTTCTTTGGCTTCAAAGACCATCCCACGTTGCGTCTACGCTCAACACAGGTGAACGACTTCAATGACGTCCCAAAAGATCCCGAGTTTGCAAAGCTGGTCGGGAATCTCGGGAGCAGAACCTTCGAGCAGTCCTACACGGTCACGTGGGACACCCTGGCGGCCATCGATATGGCTCGCTATCTTGACAGCATCGGGGCGAAGGATCGGGTTTCGTTCAATGTGACGAGGGATCTCTCGCCCCTGTTCCTGGAGAACTCAAACGTCATTGCGGTCGGAACTCACCAGACGCTCCAGCCTCTGTCCGGATACCTGCAGGCGATGAACTTTTCACTCGCTCCGGCTGAGTCGAGAGTCACCAACGCGAAACCCCGCCCGGGAGAACAGGCTACATACGAGATCATCAAGAAGAATAAGGATCGCGAGGTAAGGCCGTCCATTCTGGCCGTACTGCCCGGAAGAGCGTCGGGGCTAAAGGTGATGCTGCTGCAATCAAGAGACACCGGCGCCCTCGTCTCTCTGATCTCCTCGTCGGCCGGATCGAATTCGATCGAAGAGATGTGGAAAAAGGAAGGCTCCCCTCAATATTTTGAGATGGTGACCTATACCGAAGTGCAGGGAAACACGATTCCCCTGCGCACATGGCCGGTGGCTATTCACAAATTTACGGCTCAAATCCCGGCAAATTCGATGTAACAGCACGTAACATACCGCTCGAAACGTGCCATCGACGGTTCGGAATGGCAGTATGTTCTGCTATGTTCACAAAACATCGTTCTCTGCTTCATCTGGCGGTCGTCACATTTTTTGCCTCGACTGCAACCCTTTCAGTTCATGCCGCTCCCACTTCCGCTGATTTTGTGGTCTATGGAGGCACGGCTTCAGGGGTCGTCACTGCCTATGCCGCAGCCAGAGAGGGCCTGCACGTCATCCTTCTTGAACCGGGAACACATCTGGGAGGTATGGTTACCGGCGGACTCTCTGCTACAGACGTTGCATACTTCCAGATCATCGGCGGCTATGCCCGCGACTTTTATCGCGAGGCCGCGGCACAATATGGGGTCCATACACTCAACAAACACGGAGACTGGCTCTCCGAGCCGAAGGTCGGCGAAGCCATATTTAACGACTGGCTCAAAAAGGCAGGCGTAGAGGTGCACTTTCATGAGCGCCTGAAGGAGCATGGGGGGGTATCCAGGTCCGGTCTCCATGTGCGCTCCATTACTACCGAAGACGGCAAAATATGGCAGGCGAAGATCTTTGCCGACTGCAGCTACGAAGGCGACCTGATGGCGCAGGCGGGGGTAAAGTACACCGTCGGCCGTGAAGGGACGGAGGTCTACAACGAAGACCTGGCAGGCGTGCGGGTCGATACGCC
NZ_CP048114.1_gap2	167055	170788	3733	AGAATAGCTATCACATCCGCGATAAAGAATGGTCTGTTATGGCAACCGACATTCCGCAACGCTTTGTCGCAAACGCAAATTACAACCTGCCCATTGGTCGCGGACAACGATTCGGCGGAGCCGTGAAGCCTTGGATAAACCAGCTCATCGGCGGCTGGTCTTTGAATACGATTGTCGCGGTCCAGTCGGGTTATCCCCTGGGGATCACGCAAACAGCCGGTCAGGCCTATTCCGGCTCACGGCCCTTCTTCGTTTCTGGTGGTAAACCACTAACTTCAGGCGATGTTCATCAGCGTCTTGGCGGCGCAGGGCAACCAGCCGCTTACCTTGACGCGAACGCCTTCCGCAAAGCGACTGCTTTCGAACTGGGAGATGTTCCTCGCTCCTCCGGAAGACTGCGCAGTCCGGCAGGCTTTCAGGATGACCTGTCTCTGCTGAAACAGTTCCCCATTCATGAGAACATCCACCTGCAATTCCGGTTCGAAGCGTTCAACCTTCTTAACAAGGTTCAGTTTGGCGTTCCCAATACAACGCTGGGATCGGCAACCTTCGGCTCTATCACGACTCAAGCCAACTCGCCTCGCAATATTCAAGGCGCATTGAAACTGGTTTTCTAACCCCGATATCCCGCTGCGCGTGGCCGAATGGAAGATATTCGGCCACGCACAATATCACTGTCAGACAAATTGCATGTCATAAAGCCTGTTTTCCTCTACGCGGTTGATTAGGATGGAGGGGTATGCCTGAAGCAACTCCCCTTGATCCAACTACTCTCTCTCACGTCGCTGAAGTCCTGAACCTGCCGCTCCCGGCCGTTCGCGCTGTGATCTCCCTGCTCGATGAAGGCGCAACTGTTCCCTTCATTGCCCGCTATCGTAAAGAGGCCACCGGAAACCTCGACGAGGTGCAGGTTCGCGATATTTCAGAGAAGCTGGTCTACTTCCGCGATCTGCTCGATCGCCGCGCAACCGTTCTCTCCTCGATTGCGGAGCAGGGAAAGCTTACTGACGAACTAAAGCTTCGCATCCTGGCGACGCTGGACCGCAGCGAGCTTGAGGACCTTTATCTACCCTATAAGCCAAAGCGCCGCACAAAGGCGACGATCGCGCGCGAAAAGGGATTGGAGCCGCTGGCTGACTACATCTGGCAGCAGGAAACAGGTCCGGTCGGCCTGCTTCAGCTGGCTACATCGTTGATTGATCCGGAGAAGGAAGTCGCTACGATCGACGATGCGCTGGAAGGCGCCTGCCATATTGTGGCGGAGCGAATCAGCGAAGATGCCGAGGTTCGCAAGTCTGCAAGACAGCTGATGTTCGAGGAGGGACTTATCTCCAGCCGCAAGGCGATGGATGCAGTCGACGAGCAGGAAAAGTTCAAGATGTACTACGAATATCGTGAGCCAGTGAAGACGATTCCTTCTCACCGGATGCTTGCGATTCGCCGCGGCGAGGCTGAAAACGTACTCTACTGGCTGATCGAGCTGGAAGAGACCAGAGTCCTTGCACTGCTGCGTTCGCGGGTGGTGCGCGCACAGGGCGATTGGACGCCCTATCTTGATCGCGCCATTGAGGACTGTTGGAAGCGGCTGCTGAATACATCCATTCAGGGCGAGATACGGCTTGAGTTGAAGCGCCGCTCCGATACGGCTGCGATTGATGTCTTCCGCGAGAACCTGGAGCATCTGTTGCTCGCCGCACCGGCGGGTCCCATCGGTGTGCTTGGGATCGATCCCGGACTGCGTACGGGTTGCAAGATTGCCGTGGTCGACGAGACCGGAAAATTTCTCGCAGACGACGTGATCTATCCGCATACAGGGAGGACAAGAGAGGCGACGGAGAAGCTCGCCGCAATGGTAGCGAGACATAACGTGTGCGCTATTGCAATTGGCAACGGCACTGCCTCTCGCGAGACGGATGCGTTTGTTCGTGACTTTCTGCAGGAAAAAGGGCTGGCAAACATCTTTCGCGTCACTGTCTCCGAAGCGGGCGCCAGCGTGTACTCAGCGTCCGAAGTAGCCCGGCAGGAGTTTCCTCAGCTCGATCTGACGGTGCGCGGTGCAATCTCCATCGCACGCCGTTTGCAGGATCCGCTTTCAGAGCTGGTGAAGGTCGATCCCAAATCCATCGGGGTGGGGCAGTATCAGCACGATGTGGATCAGCGGCAGCTGCAACAGTCGCTCGAAGCGACAATCGAGAGCTGCGTCAACCGCGTGGGCGTCGATCTCAACACTGCCTCGTGGACGCTTCTGCGCTACGTCGCGGGAGTCAGCGAGCGGGTCGCACTGAGTATCGTCAGCTTCCGGGATCAGAACGGACGTTTTCACTCCAGGGAACAACTGAAGCAGGTCTCCGGCGTGGGACCCAAAACCTTCGAGCAGGCAGCAGGCTTCCTCCGGGTTCGCGACGGCGATCAGCCGCTCGACAACACCGCCGTTCATCCGGAGTCCTACGGGCTGGTCGAGGAGATCGCAAAGTCGTTCTCCACACCTATCGCAGAACTGATACGCAATCCTCATCTGTTGGGGAGTGTGAATAAAGACTCGTTCGCGGCGGGAATGTTCACCCTGAATGACATTCTGGAAGAGCTGAAAAAGCCCGGCCGCGATCCCCGGGATAAGTTTGTTGCACCGTCTTTCAATGAGTCAGTGCGCGAGATTTCCGATGTCGAGACTGGAATGGTGCTCGAAGGTGTCGTCACCAACGTGACGAAGTTTGGAGCTTTTATCGACATCGGTGTCCATCAGGATGGTCTTGTTCACATCTCAGAGATCTCGAATCGGTTTATCCGTGAGCCTGCCGAGGTCTTGAAGGCAGGGCAGATCGTAAAGGTAAAAGTGCTCTCGGCAGACGCTAAAACGAAACGCATCTCCCTCTCGATCAAGGCGTTGGAGACGCCAGCCGCTCCCAGGCCGAAGAGCCGCCCTGCAGCGAATCCACCGGCACTTTCCATGCAGGACAAGTTGGCGAGCCTGTCCTCAAAGTGGCGTACCCAGTAGAACTCACATACGTCAGCGCATTTTGAAAAAGCACTGCGCTGACGTATGGGGCCACGACCGAAATGTCCCGGCCTCCCTGACCGCTTAACGACTCTTAGCTTGATACTGATTCGGCGCGCCAGGAGTCGGAAGGTCGTCGAAGATCTGCGTACCGTTGGCATGCGCCCGGGTCAGCGGCGAGGCCAGGGTTATACCGCTCCCAGAGATCGGTGTGCCACTCGTGTGCTCATGAGCCAGCGGTTTGGAGACCGTGATCGTCATGTCACCGTGCGTTCTCACCGCAGAGATAATGGCCGTCTCGGAGTTTTGGCCATCGTCGATGGTGATGGTTTGACCCCTGGTAAAGCCGATGACACTTGCGACAGGAAGAATCGTTGCTTTCGGCTCAGTCGAGGCGTTTATCGTGGTGGCGCCTGATGTGCCTACCTCAGCAATCACGGCAGTTTCAACATTCGTACCGGAATCAAGATGGATCGTCTGGCCTGGGCGGAAGCCTTCGGTGCTGGCGACCTTGATGTTGGTTGCGCCGGCAGCTGAATTGGCCGACAAAGTTGCAGCGGCCTGTGTCAGGAAGTCGCTGCAGTTGCTGTCAGTGTCGCTGCCGTCGGGGAATCTTCCTGCACTTGTATTGACGGCAACCGGAGCCATCACCGTTGACCATGGACTAAAAACGGAGCCGGGCGCGGGAGAATAACATCCGCTCAATCTTGTCCCGGAGATGGATTGATCGCCCTCCGC
NZ_CP048114.1_gap3	176279	180300	4021	CAGTACTTTTCGCTTGTCCTCTTCGCTCCCATCCTGGGATGGATCAGCAACGCCTGGGGATGGAAACAGTGCTTCTGGTTCGTCGGCACAGCGGGCATCGTGTTGAGCTTCGTCTGGTACAACGTCGTCTACGGCGTGAAGTCGCATCCCAGAATCAACCGGGGCGAGATCGACTACATCGAACGCGGCGGCGGTCTGGTCAACATCGATCCCGGCGCGGGCTCCGCATCGGCAGCGAAGGCGCCGAAGCTGACTTGGGCAGCAATCAAAATGCTGCTGAGCAACCGCATGCTGGTGGGCATTTACATCGGCCAGTATTGCATTACCACGCTGACGTGGTTCTTCCTGACTTGGTTCCCGGTGTATCTAAGCCGGGCTCGTCACATGTCCATTACCAAGGTTGGCGTGATGGCGGCGTTGCCCGCGCTCTGCGGATTCGCCGGTGGCATCCTGGGCGGCGTGGTCTCCGACAGGCTGCTCAAGAGCGGGCGCTCGCTCTCGTTCGCGCGCAAGACTCCCATCGTCGCGGGCATGCTGCTCTCGGTGACGATGATTGGCTGCAACTATGCCAATGCGGAGTGGGTCGTGATGGTGCTGATGTCACTGGCGTTCTTCGGCAAGGGTTTCGGAGCGCTCGGCTGGACGGTGATCGCAGATACCTCGCCCAAGCCGCTGATCGGAGTCAACGGCGGTCTGTTCAACCTGATCGGCAATCTCGCCGGGATCACGACGCCGATCATCATCGGCTACATCGTCAAGCGCACCGGCTCGTTCCATGATGCGCTGATCTTCGTGGTAGCGACGGCATTGATGGCGATCATCGCGTACCTGCCCATCGTCGGCGAGATCAAGCGTGTCGACCTCAAGCTGCCCGAGCCTGCGGACGGAAAAGCATGAACGAATCTCCACGTGTTAAATCCATGCGGGTCGTGCCGGTTGCCGGACGCGACTCGATGCTGCTGAACCTGAGTGGAGCGCATGCCCCGTACTTCACGCGCAACCTCGTCATCCTTACCGACGATAACGGCTCGGTCGGCGTAGGTGAGGTTCCCGGCGGCGAGAAGATCCGCTCCGTGCTCGAAGAGAGCCGTTCTCTCGTGGAAGGCAAGCGGATCGCCCTGTACAAGCAGATTCTGAAATCCGTGCAGGAGCGCTTTGCCGACCGCGACACCGAAGGACGCGGGCTGCAGACCTTCGATCTGCGGACGACGGTGCATGCCGTCACTGCCATCGAATCCGCTCTGCTCGACCTGTTCGGCCAGTTTTTCGGGGTGCCCGTGGCGGAGCTGCTCGGTGAAGGACAGCAGCGCAACAAGGTGGACGTTCTTGGCTACCTCTTCTACATAGGAGACCGGAAAAAGACGAACCTCGCCTACGGGAGCGACGAACGGAACGCAGATGACTGGCTGCGGTTGCGCCACGAAGAAGCGCTGACCACCGAGGCTGTTTTGAAGCTCGCTGCAGCGGCGAAGGCTCGTTACGGCTTTCGTGACTTCAAGCTGAAGGGCGGCGTACTACCGGGCGAACAGGAGATTGAGACGGTGACCGCCCTCGCGGAGCACTTCCCAGAGGCGCGCATCACGCTCGATCCCAATGGCGCGTGGTCCCTCGAAGAGGCTGTGCGGCTCTGTACGGGCAAGCAGAAGGTGCTGGCTTACGCAGAGGACCCCTGCGGAGCAGAGCGCGAATTCTCCGGACGAGAGATCATGGCTGACTTTCGCCGCGCGACGGGTTTACCAACTGCCACCAACATGATCGCGACCGATTGGCGCCAGCTTCGCTACGCCGCAGAGTTACACGCGGTCGACATCCCTCTAGCCGACCCGCACTTCTGGACCATGCAGGGCTCCGTCCAGGTAGCGCAGTTCTGTCGCGAGTGGGGACTTACGTGGGGGTCGCATTCCAACAACCACTTCGATGTCTCGCTGGCGATGTTCACCCATGTGGCTGCGGCGGCGCCCGGAAGAACGACGGCAATTGACACGCACTGGATATGGCAGGACGGTCAGAGCCTGACGGTAGATCCGCTCAGGATCGTTGGAGGCAAGCTAACCGTTCCCGATCGCCCCGGCCTGGGCATCGAACTCGATATGGAGCAGGTCGAGGCCGCCCATAGGCTCTATAGTGAAGTTGGTCTGGGCGCACGAGACGATGCCGCTGCCATGCAGTTCCTGCGGCCAGACTGGAAGTTCGATCCGAGGCGCCCCTGCCTCTGCTGAGTACGTCTAGGTGATTGGTGCAGGGTTGAAGAGTGCAAACTCGTTGTGCAGCCCCCATCGGTCGGCGCAGGTCTTGCTGCGGCCGCTGGCAACGTCCAGGATCAGCCGGAAGATCTCCTCACCCACCTGCGGAATCGTGGCTTCTCCCGTCGCGATGGTTCCGGCGTTGACGTCGATCAGATCGGACCAGCGTTCTGCGAGCGCCGTCCGCGAGGCTACTTTGATCACCGGCGCCATGGCCAGCCCGTAAGGCGTGCCTCGTCCTGTCGTGAAGACGTGCATGTTCATCGATGCCGCCAGTTGCAGCGTTCCGCAGACGAAATCGCTGGCAGGAGTCGCCGCAAAGACCAGGCCCTTGGTGGTGACGCGTTCGCCCGGACCGAAGACCCCGCGAATGGGAGTGGAACCGGATTTGACGATAGAGCCCAGCGCCTTTTCGACGATGTTGGTCAAACCGCCGCTCTTGTTGCCGGGCGTAGGATTCGCGCTGCGATCGACGCCCCCGCGTTCCAGATAGCGGTCGTACCAGTCCATCTCCCGTGCCAGGCCGTCAGCGACCTCCTGCGTGGCAGCACGCACGGTCAGCAGGTCGATAGCGTCGCGAACCTCGGTGACCTCAGAGAACATCACTGTTGCTCCGGCACGCACCAGCAGGTCCGCTGCATACCCGACAGCGGGATTCGCAGTCACGCCGGAGAACGCATCGCTTCCCCCACACTGCAGCCCGACGACGAGATCCGATGCAGGACGGGTGACGCGGCGGCGCTGGTTGAGTTGGGCCAGCCGATGCTCGGCCATCTTCATGATGGCCTCGACCATCTCTCCGAAGCTGCGGTGCTCCTCATCCTGCAGCCGTACCACGTAAGGTTCTGAAGACAGCACCGGCAGTGTGCTGCTGGGGAGCATTCGCACGGGCTGCAGCTTCTCGCAGCCCAGGCTGACGACCATGGGGGCCCCACCGAGGTTCGGATTCAGGCTCAGGTTGCGCAGCGTACGGATGGGAATCTCGGCACCGGGAGCATCGATGGCTACACCGCAGCCGTACAGGTGCGTAATGGCGATGACATCGTCAACGTTGGGGTAGCGGTGCAACAGTTCGGCCTTGATCCGCTTGACCGCATACTCCACCGTGGCCGAGACGCACTGGACGGTAGTGCTGATGCCGAGGATGTTCTTCGTCCCCACGGACCCGTCATCATTCACATAGCCTTCGAAGGTGAAGCCTTCAAGCGGAGGAAGGGAAGACGGATCCTCCGCAGGCCCTGGGAGCCGATCGAGCGCCGGTGGCTGCGGCAGCGTTAGAATCCCTTCATGCACCCAGCTTCCGGCCGCGATCTCCGTGGCTGCGTAGCCGATCACAACGCCATAGCGAACCACGGCTGCTCCTGCGGGAATTGCGGTCAAGGCGACCTTGTGTGCCTCTGGAACCGCCTCCGTGAGCGCCAGTCCTGATGCAAAGACAGCTCCTGCAGGCAGGCCGCCTTCGTTTACGACGATGGCGACGTTGTCCGCGGGATGAACCTGAACATAGCGTGGATCGAAGATTGGCATAGTGAAGAAAACTCTTTCTGGCGAGGCGACTACAGGCCGAATGGCCAGACACGCTGCACGGTCCTGTACAGGATGTCTTCGCGCTCCGTGCCTGATAGAAATCCTAAATGGTCGCGGTAGAGTGCGACCCGCTGGCTGTAGGACAGCCGCTCGCGCACAATCGGCCAGTCCGTTCCCCACATCAGGCGGCTTGAACCAAAGGCGTCGCGCAGACGAAGGATCTGGTCCGTCAGGTCGAGATAAGGAAACGC
NZ_CP048114.1_gap4	181561	184372	2811	GGCGCTGGCGGATCAGGGATCAGGCGCGCGTATTGGACAGCAGGCCCTGCGCGATGCCGCCCTGGCTTACGATGAGGAACGAGAGACGCAGCTGTTGCCGGCGATCCTCCAGGCATGGAACCTCAGGGACTTCGACGATCTCGTCGCCTACGCCAACCAGATTCCTTCTCCCGACCTCACCAGGCTTGCCCCTGTGGTGGTTGCCTGCGCCGATGCAGGCGATGCCGTCGCGCAGCGTGTCCTGCGCCGTGAGGCCGAGGAACTGGCACACCTGGCCCACATCGTCATTGACCGTCTGCGCAGTGAGAACTCTCGCGCCGGTTGGCTTCCCGATCTGGCATTTACGGGCAGCATCCTCGAGCATGTCCCGGCGATTCGCAACGGCATCGTCGAAGTCCTTCGTCAGGAGTTTCCCGATCTGAAGGTTATTCCGGATATGGTTGACCCTCTCCTGGGTGCTCTCTGGCACGCCCGCCACGGCTGATCGCTGATCAGGTTCGCAACACCTGCGGACGGCTCACCGCAAGCGTGCCGATAAGCTCTCCGAAAAGAGTATTGGCCCAGGCAAACCAGGGACGCGTAAAGCGCTTCGGATCGTCCTTGAAATAGCTCTCGTGCATGAACCCGAACCCAGCCGCCGATCGTTTGAGCATGCCGACAGCATTGTGAATCTCGCTGTCCTGCTGGCTGGTAAATGCATAGATGATCTGGGACATTGGCCAGATCATATCGCGCCCGAGGTGCGGTCCACCGATACCTTCCCCGGCCGTTCCCTGAAAGAACCACGGGTTCCGCTTGCTCCAGCAGAAGGCTCGGGTCCGCGCATACAGTGCTGCGTCCGGCGAGCTGTCGAGGTAGGGAAGTCCAAGCAGGCTGGGAACGTTGGCGTCGTCCATCAATAACCGGCTGCCGTACCCATCCACCTCGTAGGCCCAGATGGTTCCCTCGGGCGTTGAAACGATGGCGTGCTCGCGCAGCGCCTTCTCTACTTCTTCGGCAAGCGAGCTGGCATTGCGAGCAAGTCCCTCATCGTGCAGAATTACGTGCGCCATCTCTGCAAGCTGACGCATCGACGTAACCGCAAACAAATTCGACGGAACCAGGAATGGGAAGATACAAGCATCGTCCGATGGCCGGAATCCAGAGGCGATCAGTCCGACCGGGCGGACTGGATTTCCCAGGCCCGCCGCGGGCAGCGTCTCTGTAGAGGCGTTCGATTCCCGCTGAAAACGGTACGGCCCATCGCCATGCTTGCGCTGCTGGACACGGAAGGTGTCGACGATCACCTTCATCGCATCACGCCAGCGCTGATCGAATGGTCCCGTATCGCCCGTCTGCTTCCAGTAGCCATGTGCCAGGCGGATGGGATAGCAGAGCGAATCCACCTCCCATTTGCGCTCCCCTACACCCTGACGGAGTTCGGTCTTGTCCTTCAGGCTCCAGGGCAGTGCCGGAGCGTTGAGGTCGGCCATAAAGGCGTTGGCGTACGGATCGATGAGGATGCATCGCGCCTGCCTGCGAATCACGCCCTCCAGCAGATCGCGAAGCCGACGGTCCTGTTTTGCCAGGGGAAGATACGGCCATACCTGCGCAGACGAATCGCGCAACCACATCGCCGAAATATCGCCGGTAATCACGGCAGTATCGGGCTTGCCTTCAAATGTGCCCGGCTCAACCGTCGTATCCAGCGTGTTGGGAAAGCACGAGACAAAGAGCGATGCCAGCTCAGGATCGGGAATCCGCGCGCTCCGCTCTTTCAGAAACGCCTCGACAGCGTCGCTGTGAAACTTGCGGTCCGCTGGCTTTGGACGCCCCTGCGACATGTCCCAGGGGGCCTTTACCTCCGGAAGCTGGATTGAGGATTGAGGCTCAACGCCTGCAGCCTGCATACTTGCAGCCATCGAAGGCGCGATAACAGTGGCTGCGGCGGAACGAAGAAAGCGGCGTCTGCTGGAGATGGATGCTGGTGGATTCATTGAATTTGGCTTGGTGTCATTCTCCCATAGTTGCCGGTGCGTCATCGCTTACGCGAGAATGATGACAATACCTGCTGCCCTGGGGCTGTCCGCTCAGTGTGACAGTTCTTTCTGAAATCTCTGCCAATCGGAGAATGCATGATCAGTCGTAGAAGATTCCTGGAGCGGAGCGCTGCTGTCTGCGCTGCGAGCGCGTTACCCATCGATAAGCTGGCCTTTGCCGCCACAAACGGACAGAAAGACGAAGACCCCCTGCAGTGGGTCGATCCGCGCATCGGAACCGGTGGCCATGGGCACTGCTTCCCCGGTGCGGCGCTGCCGTTCGGCATGGTTCAACTCAGCCCCGACACCTTCAACGACGGCTGGGACTGGTGCTCCGGATACCACGTCTCCGACAGCTCCATCATGGGCTTCAGCCATACGCATCTCAGCGGTACCGGCTGCGGCGACCTTCTCGACTTCCTCGTCATGGCAGGCACAGGAGACGCAAAGCTCGTCCCCGGCGATCGCAGCAATCCCGATGAAGGCTATCGCTCGCGCTTCGATCACGAAGAGGAGCGCACGGAGCCCGGCTACTACTCCGTTACCCTCAAGGACTACAAGGTTCGCGCCGAGCTGACCGCGACCGAGCGCACGGGGCTGCATCGTTACACCTTCCCTGCAAGCGACAAGTCGTACCTGATCCTCGACCTGCAGCACGGCTATGGTCCGGGCGAAGGCCCCTGCGACTCAGCCGAGCTGCGCGTGGTCGCACCCGATACCCTGGCAGGTGGAAGACGCACCTCGGCATGGGGCAAGAACCGCCACGCCTACTTCACCCTGAAGGTCTCTAAGA
NZ_CP048114.1_gap5	191778	196300	4522	TCGTTGCAGATTCGTGATCGGCGCACCGGTGGGCAGTTTCTGTCTGTCACCCTGACCGACAAGACCGGTTCGATGCCCGCAGTCATGTGGGACGACTTTCAGGAGTCAATCACTCCCTGTTCTGAGGGCTGCTACGTCAAGGTGCAGGGCCAGATCTCCAGGTATCAGAACAAGTTCCAGATGGCCCTTCAGCGGCTCCGCTTCGCCGCCGAGACGGAGATCGATCCGGCTGACTATCTTCCGATGACTCACTTCGACATCGATGCCATGTGGGAGGAGTTGCGTGGCTACGTCCTGAACTTTGCCAACGCCGATCTTCGGCGTCTTGTATTCGCGTTCCTGGATGATCCTGAGATCGCGGCGGCCTATCGGGTCGCACCCGCAGCCAAGATCCTCCACCACGCCTGGATCGGCGGCCTATTGGAGCATGTGGTGACCCTGGTTCGGGTATGCCTCGCGACCGCGCCGTTCTACCCGGAGGTAGACCCCGACCTGCTGGTGACCGGGGCCATCCTGCACGATATCGGCAAGATTCGCGAGCTGCACTGGAAGTCGAGCTTCGGCTACACCCTTGAGGGACAGTTGATCGGCCATATCAATATTGCCCAGGGTATGCTGGCTGATAAGTTCCGCCAACTGGACCCCTTCCCGCAGAAGCTGCGTGTGTTGGTGGAGCACATGATCCTCTCCCATCATGGAAAGTATGAGTTCGGCTCGCCCAAGCTGCCGATGACCCCCGAAGCCCTGCTGCTGAATACGCTGGACGATCTCGAGGCCAAGATGCAGACCCTGCGGAATGCCTTTGCCAGCGCCGCCGCCCAGGGCAGGGGAGCGGGAGAGGTGACCGACTGGGTGCGCTCGATGGAGCGGCCGCTCTTCAACTCAAGGGCTTATCTAACGGAAGGAGCCACCCCTGAGGAGGATATTACTGCTGCCGCAGGCGAGAGAACGGTGGATGAGCCAGTGGTTCGGGAAGATGCGGTGGAGGAACCCGGCGTTGTCACGGAACCAGCAGGTGGCAGCCTCTTCGACTAGCGTGTTCACCTATGTCTCAAATCTCATCTCGGTCGCTTGCTGAGACATCATTGCAGTCGATTCGGATGTGTAGCCATGTAGTTCCCGACAAAAGTGTCATCCTGAGCGGAGCTTCTCGCCGCTTCATCGCGAGAAGAGGAGTCGAAGGATCTGCGGTTTGCCTCAGCCATCATCCAGACCGCAGATCCTTCGACTTCGCCCTTCGGGCTTCGTTCAGGATGACACTTTCTGGAAAGTTTTGGAGGGGAACCGGCTTTCAGGCGCTCCACCTTCGCGCCATTTTGCGTCGTCCCCATAATCGGGCGCGATGATGAGATTCGCCGTGTCATCCAGGTGCTGAGCCCGCTGAAGGGGCGGACGAGACGCAGGGGAAGTGAACACGATTGCTACAATAATATTTCTGGTTTTTACAGCGGCGCAAAAATGGTTACAACCAGAAAATAATTGCTACACAGCAAATACTGGCTACACCAGCAAATACTGTTATGCCAGCCCCAATAATGATTTACTCCAGTACTGTAAGAATTACGCCAGTCCGATAAGGGTTACGCAGTCCGATGCTTCGATTTTCCACAGCAGGTGAGAGCCACGGCGAGAGTCTCGTCGCCCTGGTGAGCGGTCTTCCAGCCGGGGTGCCGGTCGATCAGGAGTTCATCAGCCACGAGTTGTGGCGCCGCCAGCGGGGGTATGGCCGCGGCGGGCGCATGCGCATCGAGCGGGACAGCGCGCATATTCTCTCCGGGGTCCGTCATGGAAAGACCATCGGCTCGCCGGTTGCGATGACCATCGCCAACAATGACTGGAAGAACTGGACCGAGATCCTTCCCATCGAGGAAGGTGATCCGTCGAAGCACAAGGCCGTAGCTTCACCGCGTCCCGGGCATGCCGACCTGGCTGGAGCTTTAAAGTACAACTTCCATGATGCTCGCTATGTCCTTGAAAGGGCTAGCGCTCGCGAATCCAGTGCCCGAGTGGCTTCAGGTGCCCTCGCAAAGCTGCTTCTGCGCGAGCTTGACGTTCATGTGCTCTCCCATGTGATCCGGGTGGGTAAGGCGGAGCTGTCACGACCGGCACAGTGGGATGAGATTGTCGCTCTGTCGCAGAAGGAAGAGATCCTGCTGAACTGTGTCGATCCTGGGGACGAGGCGCGCATGAAGGCGGAGGTCGATGCCGTTCTTCGCACCGGCGACACGGTAGGCGGTGTCTTTGAGGTCGTCGTTCACGGTCTGCCTCCGGGAGTTGGAACCCACGTCAACTGGGACGAGCGGCTGGACGGTCTGCTGGCGCAGGCTGTGATGAGCCTGCAGGCGGTCAAGGCGGTGGAGATTGGCCGAGGGGTTACGGCGGCCGAGTCGCTTGGCTCGACCGTGCATGATGCTATCGGCTATGAGGGAAGCGACGAGAGGTTTACGAAGTTTTCCCGCGAGCACAACAATGCCGGTGGGATCGAGGGCGGCATCTCAAACGGTGAGGATGTCGTGGTGCGCGGCTATCTGAAGCCGATCTCGACCCTGCGCCGACCGCTGGGGAGCGTGAGCTTCGAGACACGTGAGCCGGTGAAGGCTGCGTACGAGCGGTCGGACGTCTGTGTGGTGCCCGCGGCTGGTGTGGCCTCAGAGGCCATGGTGGCCCTGACCGTAGCGCGGCTGGTGCTGGAAAAGTTCGGAGGCGACTCCCTGGGAGAGTTGCGGAGGAACTACAAAGGCTATCTTGAACAGATAAGAGCGTACTGACGTGGCAAAAAAGATCAAAGTCCATGAGATCGTGAAGTATCCCGATCCTGTCCTGGCGAAGCGGGGCGAGGACGTGACGGAGTTTGGGGAAGACCTGAAGACGCTGGTGGAGGAGATGTTCGAGTCGATGTATGCGGCTCATGGCATTGGCCTGGCTGCGCCGCAGATTGGCCTGTCGAAGCGGCTTACGGTGATCGACGTCAGCTTCAAGAAAGTTCCCGCCGATAAGCTGGTCCTCATCAACCCCGAGATCGTCGAGCGGGAGGGCAAGCAGTTTGAGGAAGAGGGCTGCCTGTCTCTGCCGGAGATCCGGGAGAAGGTGAACCGCGCTGCGAAGGTGAGGGTTCGCGCCCAGAACGTCGAAGGTGAGTGGTTCGAGGTGGAGGGCGAGGAACTGCTGGCACGTGCCCTGCAGCACGAGATCGATCACCTGGACGGCGTTCTGTTTATCGATCGGCTGAGCCGTCTGAAGCGTGATCTTGTACATCGCAGGATCAAGAAGATGCAGAAGAACGGCGAGTGGTAGGCGCGCCTGCGTCACAGCGCGGAAGCAGATAGCATAGAGGCGAGATGAGACTCGTTTTCTGCGGAACTCCGCAATTCGCTGTTCCCGTTCTGGAGGCTGTGATCGCTGCCGGCCATGAGGTTGCGCTGGTCCTTACCCAGCCGGACAGGCCTGTGGGCCGCGACCAGAAGTTGCAGGCTCCGCCGGTCAAGCAGGTTGCGCTGGCGCATTCCATTCCGGTCCTGCAGCCGGAGAAGATCAAGAACAATCCTGAACTGCGCGCCAAGCTAGAGGAGATCGCGCCGGACGCCATTCTTGTGGTCGCCTATGGGCGCCTCATCCCCGAATGGATGCTGAACCTGCCCCGGCACGGGAATATCAACCTGCACGGGTCGCTTCTGCCGAAGTACAGGGGGGCTGCTCCGATTCAGTGGGCGGTGGCGAACGGCGAGACGGTGACGGGCGTGACGACGATGCGGCTGGACGCTGGTCTCGATACCGGGCCGATGTTGCTGGCGCAGGCGATTCCCATCGGAGAAGAGGAGACATCGGAGGATGTCTACGAGAATCTTGCCGAAGTTGGGGCTCCGTTGATGGTGGAGACGCTTCGGCGCCTGGAAGCGGGTGAGCTCTTTCCCACCTCGCAGGATGAGAGACTGGCGACCCATGCGCCCATTCTCAGCCGGGAGGACGGGCGGATCGACTTCGACCGAACAGCAAAACAGATTCGTGACCGCTGGCGTGGATTTCAGCCCTGGCCGGGTGCGTTTACCGTGTTTCGAGAGAAGAAGCTGATCGTCCATCGGCTGCACTGCGCCGACCACCCGGACAAGATTGCACCCGGCGTCATTCATCTGCATGAAGGAAAGGTGCTGGTGGGATGCGGAAGCGGGACAATCGTGCTCGACGAGGTGCAGGTGGAGGGCAAGAAGCGTATGCCTGCAGAAGAGTTTGCGCGAGGGTACCAGATCAACTCCGGCGAGCGTCTCGGCGTTTGATCTTAGATACGGTGCAGCAGCAGGAAGAACATACCAACGGCAGCCAGAATGGAAGCTACGAGGGTTGCGGTAATGTAGAGAGCTGCCATCCGCTCCTGACCGGGGCGGGGACGGGTGATGCCTACGCCCCAGATAAAGCTTTCGCTGATGAGATCGGTAAGTCTTCGCATCGTTCTCTCCAGTTATTAAAGATGGACTGAATCTCTGTGGCGGATATGCAAATCTTGCGGTGAAACCGGCAATTGCTTCTT
NZ_CP048114.1_gap6	212186	216042	3856	AAAGGCGCAGCGATCGGGCACGAAAGCCGCTGAGCTGGAGGTTGAGTTCGAGCGGCTTCGCCAGCAGATCTTTCTAGCCGGGGGAACCCACATCGATGTCGGCATGACTGCACGCCGCCGGGCAGAACGCGATAAGGCCCTGCAGGAGACGCAGGACACGCTTACCGAGATCGACGAGATTGGCGTGCAGGTGAAGGACCTTGAGAAAGGCCTGCTCGATTTTCCCTGCACGATGGACGGCAGGACGGTTCTGCTGTGCTGGAAGATGGGTGAAAAGGAGATTGGCTACTGGCACTCCGAAGAAGAGGGGTTTGCCGGAAGAAAGCCGATCGACGCGAGATTCGGCCGTACCGAGCGTCAGAAGCCGAACTAAGAGATCAGATCAGATGGGAAGACAGGATGGCGATCGCTGAGATTGCTGCCGTTTCAGCACGAAGGATCCTTGGCCCCAGAGTGACGGGCTGCCATTTGTGTGCGACGAAGAGGTCCATCTCCTCGGCTGTCCAGCCTCCTTCGGGCCCAATGGCGAGCGCATAGCCTGGGAAGGCTGTTTCCCCGCTAAGGGCAGAGGCGATGGTTGTCTCCTGTTCCGTCTCTGACAAAAGGAGACGTACCGGCTCAGTGGCATTCTCCAACGCAGACTTAAGCACTGCCGGTTCAGCGATGGCGGGGATCGTTGTTCTGCGCGACTGCTTGGAGGATTCAAGGGCGATGCGGCGCCAGCGCTCTGTACGCTTCGCGGCTGCCTGGGAGAGATGCTTTTCAGTTCTGCGGGCAAGAATCGGAGTGATGCGATCGACGCCGAGCTCGGTCGCCTTTTCAATGGCCCATTCCATGTGATCGAACTTGAAGACCGCCAAGAGGAGATGAAGAGGCAGAGATGTCTCGGTTTCAAGCTCCTCGCGAAGCGCGAAGAGGACCTCACCAGGTTGAACACTGGTGATCTCGGCACGATACAGGAAGCCTCCGGCGACAATGTCGTAGATCTGGCCGGGAGTGGCGCGCAGCACACGCGCCAGGTGGGCAGCCTGCTCGCCGGTGAGTGTAGCGGTTGTTGATGTCCAGGTATCAGCGATCCAGCGGCGGCGGGTCATTCGTCTTCAGCGGTTCCTTCGTCCTGTGACGATGAGGCATGATCGTCTCCCATCGGGATGGCGACGGAGACGCGTCCCTGATGATAGAGGGTTATGTGCAGTGTAGCGGAACGGCGGTGGTTCCAGGCCTCTTCGGTGACAGGGAAGTGGAGAACGACGGCGCCTTCCACTGACTTGCCTGACTCAACCAGCGTTTCGCGCAGAAGAGGCGCTGTGACAAGGGGCTTGAGCGCCGGAAAGGTTGTGAAGAGGCTCTCAAAGTCCTGCTTCTGGACAGCGCTGGTGGAGATTTTGTTTCCATCGGAGGTTTCCAGAGTCGCTGTCATGTCCTTGATGAAAAGCGGCAGGTTCAGGCGATCTTCCATACGCAGGACGGTCACGACATACAGGTCGTCCTGGGAGCGATCCCGCCCGACGATGATGGAATCAGCCTTGAAGACGGTGTGTGTGGGATAGACGGTGGTATGCAGAACTTTCAGCTTCGCTGTGCTGGCGGGGGTGTAGCGCAACACAATGGCGATGGCCATCCCAAGGATTAAAAACGCAATTAAAACAGGGACAAGAAGGTTGCGGCGGGCGGGCGGTGTGAACTTCACGTCTTGCACTGCAAACCAGCATAGCAAGGCGGAATCATCTAAGGTCAAATTTTGTCAGGCAGCAGGTAAACGATGATCTATATACCTTTGGGGGCCGCAAGTGGGCCGGGGGAGAAGGTCAGAATGTTTCATCCCGGTAAACGGCATACTCGTCGAGGAGAACTGCGATCAAGGCGGCGGTGGGAACGGCGACCAGGGCGCCAACCACTCCGGCGAGCGCCGTACCGCAAAGCAGCGAGATGAGGATGGTCAGGCCTGAGAGCTCTACGCTGCTGCCCATGATGCGCGGAATGAGATACGCGTTCTCAACGTTGATATAGAAGATGTAAAAGACGATGACCCCGGCCATCTTCGTCCAGGAATCGAAGGCGGCGACGATGGCAGAGAGCGTGATGGTGACGACTCCTCCGGCGATCGGGATGATGTTGAAGAGTCCCATGAGAAACCCGAGCAGCAGGAAATAGCGCACGTGCAAAATGGCAAAGACGATGGTCGAGGAGATTCCCAGGATGAGCATCAGGAGTCCCTGGCCGATGAGCCAGTTGCTGATCTTGTCGTCGGCTCGTCCAAGGGTCGTCTTGAGCCGCTGACGGTGCGGTGTGGGGAAGAGGGAGAGAGCGAAGTTGTAGGCCCTGTCTCCGTCCAGCATGAAGTAGATGCACAGAAAGATTGCCGAGACGATATCGAAGAGATGCGAGAGCCAGTTGGGCAGAGAAGTCATCAGGTAACTGGCGGTGGTGGTGAGGGCGCCTTCAGCACGCTGTGCAATTGCATCGACGCCGAGCCGATTTGCAATCGGCGACTGATCGAGCCGCGAAATCATCTTGCTGATACGGGAGGGAAGCTCCGCCGAGAACTGGTTGAGATCATGGAGAACCGGTGGAAGACCGACGGTGAGAAAGATTCCAACAATCAGGCCAATCCCGGAGACGATCAGGAAGATCGCTGCCGCCTTCGACGGCCGCCTGCCGCGGATGTTGGTCTGCATGATGCGATTGACGATGGGCATCAGCACGGCGGCAAAGAGCGCGCTGACGTAGATCAGGACGAGCTCCTTGGCGAGCAGGTAGACGAGCCCGAAGCCCATCAGCAGGACAAAGGCGAAGAGGATGTGGCCGCGAACCACGCGACGCGAATGCTTCTCGGCAGGACCCAGATCGTCAGTGTGAGGCAGCGTCTTCTCCTGTACAGCGGTGTGTCAACTTAGATGCTGAAAGTTTGCAGCGTCGCGGCTCAGACGCGGGAGTGCGGAGTCTGGTTCAGGCCGGAGAGGATTGCATCCACAGTCTGGTCGGAGGTCAGAGAAGCGGTGTCGATGGTCAGACGCGCCATGCGCCTGTAAAGCGGGCGGCGATGTTCGAAGCGAAGCTGGGCCGCGGCAGGATCGGCCAGTACCGGTCGCGCGATCTCCTGCAGCATGCATCGGTCGAAGAGGACCTCGAAGGGGGCGTCGAGAAAGATGGTTGTGGTAGCGGGGGTCTGCTCGATCAGAAGCCGGTTGGTCAGGCTCTCCGGGGTTCCACCGCCGAGGGCGAGAATTACGTTGGATTGTCCCAGAGCCGAGGCAAGGGCAGTCGATTCGAGCCGCCGAAAGTGCGCTTCTCCGTGGCGGGAGAAGAGATCGGGAATCGTAGCGCCAGTGCGGAGTTCGAGATGCTGATCAAGATCCAGAAAGTTCCAGCCGAGACGCGTGGCGAGCAGGCGTCCGATGGTCGATTTGCCGGCGCCCATGAAGCCGGTGAGAATAAGGCGATGCAGGGCTAATGGAACGGCATCGCGCTCAGGCTGGGCGGCTGCGGGATCGCTGAGTGCTGGTTGACTGACTGGCATTGTCTTTCTCCTGTGCATAGGTTTGGGCTGCAAAACGAAAGCCGCGACCTTTTTGGTCGCGGCTCGGGAAGTTCGAAGACTCTGAAGTTGCTTCAACTCAGAGATGCATGCGAGGCTCCGCCGGCCGCGACTGGATACCAGTAGCCGTAGCTAAATCGGCCGAAGTGGAGCGTCTGCACCATTCTGCTAAGAACGATACACGCACTTCCGGATGAAAGCAACAGATAAGTTGTCGATCCTGCGTTGCCTTTTTGCCCTATGGGAGGGCCTAGCTTTTACCTGGTCCCGTAGCATAACTGGGGTCGGCTGCCAGACCTTCCTGAATCTTCTTCCAGA
NZ_CP048114.1_gap7	217404	219162	1758	TCTCGGACCGTTCCGACGTCCACAGGTCGAAGGAGAGCAGCGTGCGGCGCATCAGTGCGGACTGTGCTGTGAGGAACTTGAGTGCTTCGGTGACCTGGATGGAGGCGGCCAGATTGACGGCGGTTGAAAGAATCCCTGCTGTGTCGCAGGTCTCGACCGGCCCGGAAGGCGGCTTGGGAAACAGGCAGGCGAGGCAGGCGGTAGGGTTCCAGTCCATCTCCTGTGCGGATGATCCCGTGCCCGCCGGCGGGCGCAATGGAAGGATATTCATGGTGGCGGCATAGGCGCCAATGGCGGCGGCGTAGATCCATGGAGTGCCCTGCTGGACGGCGAAATCGTTGACCAGGTAACGCGTCTCGAAGTTATCGGTGGCGTCGAGGATGAGGTCGCAGCCGCCCAGAAGTGTAGAGACGTTATCGGGGACGAGATCGGAGACCTGCGAGTGAACCGTGATTCCGGAGTTGAACTGTGCAATCTTGCGGCGGGCGGCTTCGGCCTTGGGAAGCATGTCCAGAGCGTCGGATTCGTCGAAGAGGACCTGACGCTGCAGGTTGGAAGGCTCGACAAAGTCGCGGTCGATCAGGGTGAGGGTTCCGACGCCGGCACGTGCGAGAAGGGAGGCCGATGCGGCTCCTGTGGCTCCGCAGCCTATGATAGCGACGTGCGAGCTGCCGAGCCGCTGCTGCCCTTCTGCGCCGATGCCAGGGAAGAGGATCTGGCGGGAGTAGCGCTCCTGATCGTCGATCAGGGCTTTTGCAGCAGGCTGGGGATGGCCGGATACAGAAGATAGAGACGGCATGGACCTGACTTTCCGGGTCCCGAAGGACTCTGCTGTTTCGTAGTATAGGGAAGTGCATGCCTGAGGCGGAAATTGCTCGCGCGGCAGTTTTCGGAGCCGCATCCTACCAGAGGCGGGTCTGCAGCCGGATGCACGAAAAGAACAGGGACGAGAGAGCTTTACGGGTTCTGTCGAATTGCGAACAGGAAGGGTGTTTTTGGGGCGGTTGGCAAGAGGTCGAAAAAGAAGTGGGCGAAACAAGCTGCTGCCAGGCCCGGTGACTGTCCTGTTGCTCTGGATGGCGATGACCGCCTGTTGCCGCGCGCAGACAGCACCAACGGGTGCGACGCCTTCTGCTTCGACGCCTTCGAACGTGACGATAACGCCCCCCGGTCAGCAATCCCCCCCCCCGACGACTCCGCAAGCATCGCAGACAGAGCATGCGGTCAGACCGGAGCAGAGTGAAGAGCCGGACCTCAACACGGGACCTGGGTTGCAGACGTCGGTTTGGGATTGGAAGGGATTGCGCGTCAACAAGGTTCAGTTTACGGGCGTGATTTTTGAGAAGACGGATACGTTGCCGAGTGAGCTGCCCCAGAAAGCGGGGGAGCCGCTGGACCCGCAGAAGGTCCGCGAAAGTACGCGACGCCTGTTCGACAGCGGCCGCTACCGGGACATCACGGTGAGGGGAATCCGCGAAGGGGATAACGTAACGCTGATCTTCGCCGGCGTGCCTCGCTATTACGTCGGCAGGGTAACCATCAACGGAGTCAAGAGCGATCGGCTGAGTTCTTTGCTGGAGTACGCCACCAAGCTTGATCCGGGAACGGGGTATACCGATACATCCGTTTCGACCGGCACGGAAGGAATACGGGATGTACTGCGCTCGAACGGCTACTATGAGCCCAAAGTCTACGCCGGAACGACACTGGAAAAAGCGAACCTCCAGGTGGATGTGGAGTACGACGTCGACATCGGGC
NZ_CP048114.1_gap8	225236	227900	2664	TACAGGGCCAGACGCAGCTTACGAACGACTATGAGACACAGGCAAAGCTGACGCTGGCGAATTTCGATATCAATCAGCCGCTGAAGATGTTCGCTCCCGGAAAGGTCCAGGCGCAGTCTTCTATCAGCGGGACAGCGACTATGAGTGGTCCGCTCAAGGCCCCGAAGTCGCTCAGCGGTTTGCTTCAGCTTAATAATGTCGATCTGAAGCTGCAGGGAATTGAGCTGAAAGCCGCAGAGCCTCTGCGTGTGAACCTTCGCAATGGAGTAGCTACGCTGGAGCAGGTCCATATCACCGGGCAGGACACGAACGTGCATCTCTCGGGCACGGCCCAGCTCTTCGGTGCGACCGATCCGAAGGGAGGCAAGCTCAACCTGAAGGGAGATGGAACGGTGAGCGTGGCCCTGGTTCACACGCTTGACCCGGATATCATCTCCAGCGGGCGGGTGCAGTTCACGGTTGCCGTGGGTGGTCAGGTCAAAAAACCTGCGTTTTCAGGCAAGATGCAGCTTGAGCATGTAAACGTTGCGCTGGATGGCGTTCCGAACGGCCTGAGCGATATGAACGGCACCCTGAACTTCACCGATGACAGCCTGCAGCTGCAGAACGTGACCGGAAAGACGGGCGGCGGAGAGCTGAAGCTGGGAGGGTCGCTTCGCTTCCGCAATGGCTTCTATGCCGACCTTACAGCCAAAGGCGACGCAGTGCGGGTCCGCCTTTATGGTCTGAGCGCAACTGCGAATGCCAACCTGAAGCTGCAGGGAACGTCGTCGAGCGCTTTGCTCAGCGGTAATATTCTGATCACAAGATTCGGTGTGGGACCCGATGTTGACTTCGCGGCGTTTGCAGGTAGTGGAAGCACGATTTCGGCTCCTCCGGATCCAGATGCTCCGTCCAACAAGATTCGGCTGGACGTACATGTGACCAGCGCGCCACAGCTTGACTTCCAGAACTCCTACGCGAAGCTGGCCGGATCGGTCGATCTGAACATTCGCGGAACCGTTGCAGTACCGTCGATTCTTGGCCGGATTCAGATCACGGATGGGAGCGCGACCTTTGCAAACACCAAGTACCAGCTGCAGCGCGGAGATATCTACTTCACCAATCCTGTTCGTATCGATCCTACGATCGATATCGACGCGACCGCGCAGGTGGAAAACTATGAGGTTACGGTTGGCCTGCATGGCACGGCGAGCAATCTGAAGCCCACCTACAGGTCTGAGCCGCCGTTGAGTGAAACGGACGTCTTTGCTCTGCTGGCGTTGGGGCGAACGCAGGAGGAGGCACAGATTTATCAGGAGAGGCAGATCGCAGCGGGAAGCGATCCGACCACAAGCGCCCTGCTGGGAGGCGCGCTGAACGCTGCAGTCGGATCGCGCGTGCAGAAGCTCTTCGGGGTGGGAAGCGTAAAGATCGATCCTGCCTTCGTGGGAACACTCGGTAACTCGTCTGCGAGGATCACGATTCAGGAACAGATCTCCCGGCAGATCACAGCTGTTTTTGCCACCAACGTCAATACGTCCGCGCAACAGTTAATCCAGGTGCAGTATGACCTGAATCACACCTCATCCATCGTTGTAACCCGTGATGAATCGGGTGTTTTCAGCGTTGTATACAAGTTGCGAAGAAGGTATCGCTAGACGCCCATCAGGACGCATCAAAACGGACGTCAGTTCTCGGCGCTGGCCGATTTTCAGGAGGACCTATGAAAGCTGGAAGAATACAGAAAAAAGCGGGTTCGATAGCGCTGTTTCTCGCATTGGGAATGCCTCTGCCAGGATTTGCGCAAAATTCGCCCGCAGCGAATCCGCAGGATGCGACGATTCAAACAGATATCCAGAAGGCGCTTGACAGCAAGCGATTCAAAGACGTGACGACTTTCGTCCAGAATGGCGTCGTGACGATGCGTGGAACGGTGAATTTGTACTCAGACAAAGAAGATGCAGATAAGAAGGTTCATCACCGCAAGAATGTACGTGCTGTGCAGAACCTGATCGAGGTTGCCGGGCCTACGGTAGATGATGTAACGCTTCGCAATAAGCTTGCGGAGAAGCTGACCTATGACCGTGTTGGGTATGGAACGACGGCTTTCAATGCTTTTACAATCGGCGTCCAGAATGGGGTGGTAACTCTGGGAGGGGTAGCGTATGGCCCAACCGACAGGGACTCTGCCATCAGCCTGGTGTCCAACTATCCCGGAGTCAAAGATGTTGTCGACAATATTGAAGTAGCGCCCGTGTCTCCGATGGATGACCGTATCCGGCTGGCAACGGCCCGGGCTGTCTATGGAGCTCCGCAGTTGAACAAGTACGCTATCGATCCTGCCAAGCCGATCCGAATCACCGTGGTTAATGGGAATGTAACTCTCTCTGGGATGGTGGACAATGAGGGAGACAAGCAAGTAGCTTTCCTTCGCGCTAACGGTGTTCCCGGGGTCTTTAAAGTCACCAATAATCTTCAGGTAGCCGCGGTCGCCCCAGAGAAGGAGAAATAGTTCTTTTGCAACAGGGGCTGTACGAGCGGGCCGCAGTGCGTGAGCGCTGCGGCCTTTTCTCTTTTAAGATAAAGGTATGGGTTTATGGAAGAGTACAGCGACCACGCTGGAGATGATCAAGTGGGAGCACTCGATCTTTGCGCTGCCCTTCGCGCTTACAGGAGCTGTTC
NZ_CP048114.1_gap9	231013	232624	1611	AGCAACAGAACATTCGCGTTGGGTGCCTGTTCCAGGGCCTCGAGGAGATAGATACGCAGAACTTCAAGAGCGACGGCTTTTTGCGCTGGTTGTTCAAGCCAGCCTTCTTCCACAAGCGGAACCAGCAGCGGGCATGCCTTCTCGGTCGAGGGCAGTCCGGCAGCACTCAGGCTGCGGGAGTAGGCTCGCGACTGCGTCGTAGCGGCTGTAGCCAGGACGACGACATGGGCTTCTTCGATTCCCTGAGGGGTGGCCTTGGCCGCTGTCAGAGCGGCCTGGGTCCCGGGTTCGACCACCCCGATCACCGGAATGGAGAGCGTGGCGCGAATATCGTCGATCGCCAGGGCCGTGGCCGTGTTGCAGGCGATCACCAGCAGATCGGCTCCCTGATCGACAAGAAACTTCGCGCTTGAGATGGCATAACGCGCAATGGTCTCTCGGGATTTAGAGCCGTAGGGGAGCCGTGCCGTATCGCCGAGGTAGACGTAACGGGTATCGGGAATGAGCATGAGCAGCTCGCGGAGAACTGTCAGGCCGCCGAATCCGGAATCGAAGACACCGATGGTTTTCATGGTTGCGTGGCCGCCTCGCTTGGCGCGGGTGGATGCATGGACGTATCGACCAGAGCATAAGGATGATCCAGCCCGGCGTGTCCCGCGAGGGTCGGACGGGACTGGCCATCGATCAGAAATCGTACTTCTTTGAAATCTGGAAACGCTGCGTGAAGCGTGCCGATGATGGAGTTCAGCGTAAGCTGCTCGACCTCGATCCCGGAAGGGTGGTTGTCCACAAACGACCCGCGGAAGTTCACCAGGATGGTCCGTTTCGCGCCGGCAGGCATATCTGAGAGTAGAAAGATGTCGTCCACGGAAGGCCCACTCTGAAGCGGATGGGCAGAGTCCGGCTGCGAGTATTGGGCAAGTAGATTTTCGACCAGAGACCGAGCCTTGAGCGACGGATCCTGCGGCAGAGCAATCTGCGAACGGATAGGACGTATGGCTCCATCGGCATCCGAGGCGACGTAGAGCGTAACTTCCTCGGTGGCCGTGGTCGTTGGAGCGGCCAGAGGAGTGGCATCGTTCAGGGCGGTCAGGCGCTTTTGCGCCTCTCTGCACCCTCGCAGCAGAAAAGCACCCATCCCCAGGATGCAACTGACGAGAATCCAGAACAGAACGCGCTGGTAGCGGGGAATCATTGCGTTGCTCCTGCGCGCCCAGCGCTGGTTTGCGTGGGAGAAGGTGCGTTGTGGGTGCGGAACGACGCGATGGCGGTGGCAAGTGCATTGATCACTCGCTGCTGATAGGCGCCGTCCGTGACCGGTACGACTTTGCCGGAGTCACCCTTGAGTGGGGATATCTCAACGGCAACCGCCGGGCAGATCAGGTTATCGATGGGGGGCACGGATCCTCGAAGCAGAAGCACGGGAACATGAGCATCCTCAAGCGCAAGGCCAAGCTCATTGGCGAGCCGGGTGCTCATCGCAACCATTGGCTCCTGGGCGCGATCCCAGGGGAGCGCGCGGGCTGAGGACTTCTCGTTTGCCTGTGGAAGCGACGAGGACACCAGATGAACGCCGGTGCCTGAGCCGGTTGCATGAAGAAGAAGGCAAAC
NZ_CP048114.1_gap10	240761	242241	1480	CGGAGGTGAGATTCCAGCCGGGAAGGGGATGGAGCGTTGCCTCTAGCTCCACGCCACGGCTGCGCTGAGTACCGGTAACGAGATAGAAGTTGGGATGATCAGGGTCGCTGGTAGAGACATTTCCTCGCTCAAGCTGAAAGAGCGCAACGGTGGTGATCAGTTTGTCTGCCCAGAAGGAGCTCTTTGCGCCACCTTCCCACTGCTGGCCGCGTTCGGGTGCGATAAAGGCGCCACTGATGGAGCCGTCATAGATGAAGCCGGACTGCGGCATGAAGGATTTGCTGAAGCTGGCATAGAAGGCCGTCGATGGGATGGCTTGCCAGGTTATGCCGATACGCGGTGTAAGCCCGGTATCGTTCTGGTTTGGCGAGCCCTTGTTCTCGTTCTTTGCAAAATCGATACGACCACCGGCGGTTATCGTGATGTGTTGCGGCAGGCGGATATGATCCTGCAGGTAGATGCCGGTGTACTGGGTGACGGTATTGCTGGTGGTGTAGAGCTCGACCGGTTGTAAGGGATTGGCCCCATAGACGGGGTGGTACAGGTCGAGGGGCTCATCCTTCCCAATGTAACCGCGGGCTGTAGCGGGATGACGGTAGTAATCGACGCCGAACAGGGCACTATGTTCCATCTTCCAAAAGCTGCCGTGGGCCTCAAAGTTCGAATCGACTTCGTGATTCTCCCAAGGACCGTGCCAGGAGAGCGGGTAACGATAAAGGGTGCGCTGGTCGGCGCCCAGGAAGGATGGGTAGTAGATACGGTTCCAATCCTGTTGATACCAGGCGAAGCGTGCGTTCTGCCGGAATGAAATGAACTCGTTGATGGCGTGGCGGAACTGATAGCCGAACTGCTGGTTGGCTTCGGAGAACTTGTTTGCGTTAGCTTCGAGCTCACCATCGTAGGTGCTGATAGCGATCGGGCCGTTGATATTGGGAAGAGCAGTTCCAAGTGCGGGCAACGGCATCGCATTGCGACCGTTGTCCCGTTGTACCCGGCCGAGCAGGGTGAGGGAGGTTCCGGCAGCGGGTTTCCACGTGAGCGACGGCGCGATGTAGTAGCGATGGCGGAAGGCGTAGTTCACGTAGGAGTCCGCTGAGTGGTAGAGAGCGGTGAGGCGGCCGTAGACAGTGTGAGAGGAGTTGAGCGAGCCGCCTACGTCAATCGCGGGGTCGACGAAGCTGAAGGAGCCTGCGGTGAGCTGCACGTGCGCGAAGCGGTCCGGCACAGGCTTACGGGTAACGATATTGACCAGTCCGCCGAGGACGCTCTGGCCGTAGAGCGCGGAAGAGGGTCCTTTGAGGACCTCGACCGATTCGAGAGCCCAGGGCTCCTCCATCATTCCATTGCCGCCGCGAAGGCCGTCGATGTAGGTGTTGAATGAGGCATCGAAGCCGCGGATGCGATAGTAGTCCCAGCCGTCGTAGTAACCGCCCGGCATAACTCCGGCAACATTCTTAAGCGCGTCGTCGAGCTTGACGAC
NZ_CP048114.1_gap11	384077	388830	4753	TCACGCTTATGATCGATGGCGGCGCCCTGACATCGAAAGTATTGCTGACAGGCACCGGAGTTCCTGCATTTCTTGCAGCTCCTAACTCGTTGTCCTTCTCTTCTACTCCTGTCGGCAGTAAGGTGTCTCAGAGCATATCTCTGGTCAATCAGTCCAGCATGTCGCTCGCACCTGTACTGACAACTACGGCTCCGTTCTCGATCGATTCAACGACTTGTAACGGTCCGCTCGCCGCTGGAACAAGTTGCTTAATTTTCGTTGGCTTCCAGCCAGACTCTAATGGTCCTCAGGCTGCGGTGCTCACCGTTGCTTCCGGGGAGGTAAATCCTATCACGGTACCACTCTCAGGAACCGGGACTGTCTCCGCAATCACGCTTTCGCCGACATCCCTGACTTTCGAAGGGGCAAACATTGGCACTTCCGCAGCAGCTCAGACGATAGCTCTCACGAACTCTGGCGCCGCTCCCCTTACGGCGCTCACTTTTGGGATCTCCGGTGTCAATCCCGAGGACTTTAAGCTGACGACAACGTGCGGCATCTCCCTCGCTTCCCAGCAGAGCTGTCTCCTCAATGTCGTCTTCACGCCCTCGAGCGCCGGTGCTGAAAGTGCCACGCTTTTCATTTCCAGCAATGCTGCCACCGGTCCGGCAACAGTCGCATTGGTTGGGACCGGGAACAGCTCTGGTCTCGCTCTGTCTACCTCCTCCCCCAGCGCCACAATCTCCGGCGGTTCCTCCGCTCCCTACACACTAGTGCAACAACCGCGACCAGGCGCAACGGGAACTATCACTTTCACGTGTGCAGATCTGCCGCTATACGCGGCGTGCAGCTTTTCTCCCGCGAGTCTGTCGATTGCTAATGGAGGCAGTACAACGCTTACCGTCACAACTTCCCAAACGCAGACGGCTGCGCGCCGCCAACCGATAAATATTGAGGCCGCAGGTTGTCTCGCGAGCTTATTTTTGTTGCCGGTTGTGCGAAGACGCTCTTGGTTGACTCTACTATCCTGCCTCCTGCTGTTCGCATTCGTGGGTATAGGAGGATGCGCCTCATCCTCAAAGCCATCTTCCCTATCCTCAACCAATCTCACGCCGAAAGGAACATACACTTTCCACGTGATTGCAAGTGCGGGCACTCAGATGCAGACGATTCCTTTGACGCTGACAGTACAGTAAGCGCGAACCGATGATCTTCAGCTGAAATGGTAACAGTCATCTCCGGAAGATCGAGATGCTCCTCGGTGTGAAGACATCCTCCCTGGACATGCCATAAACAACCACCAGTATTGACCAAGAACTAGGAAATGAAGTCTCGCCGGCTACCATTTGGAGTGAAAGTCTGCAGGTACGCCGAACAGGAAGTTCCATTGAACCAGCGGCTTCAAAGGCACCACTTCGAAGCTGTTGGAACAGCATTAAGAAATCTAAAGGCAACTCCTCGCGCAAGTGGACGAAGCTACCGTGCGAGCTATGCGGTGAGCAGTGATGGGCGCTTATGGCATACCAGGGGAGAAAATCCGCCGACTCTTGCGGTCGTGGGGGTTCGCCCCCCTCCCGGCACCATAAGCCGTCCTGTAACTCTCTGGAAGCAATATAGTCGTTGGGGTCAGCGGAGCTATCGGGCGGCGTAGGGAATTGATAGCGAGGTACAAATTTGGGTACAGCGCCAGTCCCATCTAACATCAGTTATTTGCCAATGCGCAGGCTCCGCCCCTAGCGCCGCACAAGGTCGCGACTTCATTATGAAGAGCGAGATCTTTACCGTTGCATGGCCGGAAGCACGCAGAGTTCTCCTGCTTCTCGCAACTAGGCGATCAATGGATGCTGAGACAGCATGGCGGTCTACGGAAGTGCGTCTCCTCGCGTTTGTGTGACTGAAGTGCGGCATCTCGATAACAAATGGTTGGCTTGATAGTTAGGCGCTCCACCAAATTGCAGCATAGCGCCTATAGAAATCGATGGCCGTAAAAGTGATCTCAACAGCCACAATGTCGGAGTAGGGCAAGAATATTGGGGGCTGATCAGTCATCGCTCGCTCGCAATATAGAAAGGCATGAGATGACGGACGAAACGCTATTCCCCTCTTTACTACCAGGGCAGGTTCCAGCTCGATCGAGGAAGATTCTTGAGCAAGCACGGCGATATTTCGGCTTCGTTCCCAATCTCTTAGCCTAGTTGGCCCATTCACCGTCAGCCTTAAGCGTATATTTCAACGCAAATATCGGCTTTGAATTTGGAACGCTGACCCCCGCGGAAAGACAGATCGTGCTTCTAACCGCCAGCAAGGAAAATGACTGCGCTTATTGCAGCACGTCCCATAGCGCACTGGCGCGATTCTTCTCGAACGTTCCTAGTGAGGCACTGCTAGCAATCGAGTCCGGAAATAAACCCAGCGATCCAAAGTTGGATGCTCTAGTCTCTTTGACCCGTCAATTGGTCTCGTTGCGTGGAGTTGTCCCAAGAGAAACAATTCAGCTCTTCCTCGATTCCGGTTATAGGAAAGAACAACCTTTGGAGGTGTTAATTGGGATCGGGATTAAGACTATAAGCAATTACTTCGATCACCTGTCTGCCCTTGAAATCGACGATGAGTTTTTGAGCATAATCTCTAAATCAGCTTAGGCGCCGTTCGCAGGTGGACTGCTTTAACCGCGGATTAGCGTGACGAGTGTAGGTCGTTATGATCACTTTTTGGCGAATGTACGATCTGATGCAGCGCCCTCAGCAAGCCAACATGGGACGGGAGTATAGGTTAATGGACAGAGAGATTGAGGCGATTATCGCAGAAGAAGCTGGCTTAGGCGGCAAGAAGAGTATGGCAGAAGAAACGATCGAATTCGTCGAGGAGGACCGGGAGAGCGATGCGTATACTGACTCCGATGAACGAGAAGAGCAGATTGAACTGATGAACGATACGATCGACACTTTGGTCGACGAGAGTCAGGATGTGTCAACGGAAGGCATCGACAATGGTGGATGGGATTATAACTAGATCTTGGCGCGCACGATGATCCGGATTTATGTGCACCAGAACCGTGGGACCGTAAACACGCAATTCTCATAGAGAAATCACTTATCCATAGAAAGACCTTGGGCTTTGCGATAAGCTCGAAATCCGCACCGACAGTTCGGCAGGGAACAGGTCGGCAGCAGACGCGTAGCCAGGAAACGCGTTACCAAGGGAATGCATTTCCGACCGGAAAAGTGTGGCCTTAAGAAGGCCCTGCGTACACTTTACGAGAGGCGATCCGGAGATCATCTCCCGAGAGGATTTCAACGGGGGGGGGTACAATTCATCCTAGCTACTTACAGTGGTCCAAATCCTGTGATATCCATAGTTCCCTGTGGTTGAGAAAAAGTGGCCCAGGGAGATGCCTCTTGGAATCGAGACTCTCGACAGCGGTCTTCACGAAGCTGCTATTCTTAGCTGAGTTCCGCCGCTGGATATGCCCTGATATGTCTAATGCGTCCTTCGGTAAATGAAGACCATCGACGTTGCAACGGACACAAGGCAATTCCTGCTCGCGGGCTTTTGGATAGTGGGATTGTGTGCAACCGTTTTCACGGAATCTACGTTGTAGTGATCAGAACGAATCGCTTGGAAGACTTTAACCATGAATGGAAGTCTCGAACGAGAGCGAGATGAGAGCGGGTTGATAGGCAAAATATGCCAAGGGCAAACGGAGCTGTTTCAAACGCTTATTAAGCCATATGAACGCACTGTCTTTGCCGTCGCCTACTCTGTCATGAACAATGGTGCGGATGCTGAAGACGTCGCACAAGAGGCATTCCTGAATGCATTAAGAGGGCTGAAGAGTTTTCGCGCAGAAGCTAAATTCAGCACCTGGCTAATCCAGATCGCGTTCAATGAGGCGCGCATGCGATTGCGCCGCAGCCGCATCCGGGCGCACCAATCGCTGGAGGAGATTGTGGGGAACGAAGAAAGCGATTATGTGCCCAGAGATTTTGCGGATTGGCGGGAAATTCCGAGCGAAGCGTTGGCGCGCAAGGAGTTGAGGCAAATCATCGAGAAAACCCTTCAATCTCTTCGACCGATTTATAGGCAAGTTCTTATTCTCCGTGATGTACGAGGTCTCAGTACTGCCGAAACGTCACAGGTTTTAAACATTACGGAGGACGTCGTGAAAACGCGCCTTAGACGCGCAAGATTACAAATGCGTGAGGCGCTAGCCCCAGGTTACGACGGCAGTTGGACATCTGAATCGAAGGTGTATAAAAGTGTGAGACCGTGGTGAACTGAGGCGAGTGGCGAATACCTATGAGAGAGACGGTCATAGAAATCAGTTGTGTCGAAGTTTGGCGAGAGATCTCCAACTATATCGACGGGGATATCGAGCCGGAACTCAGAGCGCGCTTGGAGCTTCACTTCAAGAAATGCAAGGACTGCAGAGCAGTACTCCACGGAACTGGCAATGCTGTGCGCCTGTTAACTGATGGTGACTGGTATCCACTCCCCGAAGGATTCAGTGAACGGCTCTTTTTGCGGCTTTCGTCGGAATATCTCAGAGAGAAGTTTTAACGTTTCTAGAGCGCGCCAGGCTCAGCCTTCAGCTTAAATAACAGCTCCTCGACAAGTTCTGGCTCTTGGTCGGCGTTATCCATAACAAAAACGATATGCCATGCGAGGTTTGAATCGCGATTCCAGATCTCTGAGTATCGCGTGCGCCTCACCTCCGGAGGTCCACCCGCCTTGGGACGAATTGTCAGCTCGTGCCAGCCATACTCGACGGCAA
NZ_CP048114.1_gap12	409171	410001	830	AGTACCGGTATGGGGGCAAGGTGCCTCAGCGAGACAGAACCTGGTTGATGTGGCAGTGTTGTATACCGCCGACAGTAGCAATCGGATTCCGGGCGAGGGCTTCTGGATGCAGGGCGGTACGGTACAGCTGCATGGGCAATTCTGGCATGGACTGGGAGTCATTGCCGATGTCACGGGTGAGCACAGTGGGAGAATAGGCACATCCGAAATTGGGTTAGACCTGGTGATGGCTACCTTCGGTCCACGGTATACGTGGCAACCTGCAAGCCGGAGAGTGGCCCTCTTCGGGCAAAGCCTTATTGGTGAAGCGAATGCTCTTCATGGGGTTTTTCCGGCGCTGGATGGTGCTACGGACAGCTCTAATAGCATGGCGCTCAAAATTGGCGGAGGCTTCAACTACAGGGTAAGCTCGCATTTTGGAGTAAGGGTATTTGAAGGCAATTGGATTCGTACACAGCTGCCTAACAGCACTTCCAATGCACAGAACCATCTTCAGGTCAGTTCGGGTATCGTTTTTCGCCTCAAATAAGAATCTCCTGCCCCCAAAGAGAAAGTTCGGAGGTGGGATATTGTTAGATACCCATGATCGATTCAGAAAACACATCTTGGTAAAAAGCATGGATTCGGAAATAGATTCATTTTCCGAATCCATTGCTAATTTATCTGATGTAGTAAATCTATCCTGATCTAGAAGAAGCTCTAGGACCACGATTCGATCTCAAGCAAAGCATAGTCGTCCATTCCTTCTCCGGCAATGAAGAGCAGATCTCGCGCGATTTTGGGTCGGCCGCCGCATTTCTGCTCGAATCCTTCATCAAAGCGGGCCAACT
NZ_CP048114.1_gap13	417819	420108	2289	TCAGCAGCGCCTATCTATGAGTTTCAATACAAGAACGGACGGTTAGAACTAACGTAAAAACCAGCACTTAAAGCAGAAGCGCCACGAATGTTCTACCCGTGGCGCTTCTGCTTTTTGTCTTGGACGATTAGTTGTTCGGACGGTTCGGTTTGCTTGCAGGGATCGCCACGCACATTCTTGCACCTTCATCGCTCAGTGAAGGTGGAGGTGTTGTCGTTCCCCACACTGAAGGAGCAGAGCCAAGTGTCAGTACGAGCGTGCCTCCGTCTTTGATCTGCGCATGACGGAACCAGTTCGTCTTCAGCTCCTGCCCATTGAGCGTCGCCGATTGAACATATCGGTTCAGGCCGCTTGGATCAAAGTTTTTAGCCTCAATACGAAGGCGCTTTCCATTACCCAGCGATAACGAGGTAGTCGGTACAGAGGGCGAGCTGATGAGATATACGTCCTGTCCTGCTACTGGAAAGATGCCCAGCGTCTGGAAGAGCAGCCAGCTCGACATGGCGCCTGAATCATCGTTGCCCGGAATGCCGGAGCGTGTATCGCTGAAGGCCTTTTCCAGCAGGAGATGCACGATATCCGCACTTTTGTCCGGCCGCCCGCTGTAGTTGTAAAGAAGTGGCATCAGGAAGCCGGGCTCGTTCGCAATGTCGAAGTGGCCACGGCTGAAGATGAAGTCCAGACGACTGTTGAACTGCTTCGGCCCACCCGCCATCTCGATCAGATGCTTCATGTCCTGCGGGGCATAGAGCGAGTAAGTCCAGATATCTCCTTCGTACATAAAGTCAGGCCAAGTGCCGCGCACAACAAGATACGGTGCAGCCCACGAACCGTCGGGATTGCGCGGGCGGAGAAAGCCTTTGAAGCCCATCACCTGCATATCCGGGTCCCACAGGTTTTCGAAGTTGTGTGTGCGAGCCAGTGCACGCGCAGCCTGCTCCTTCTCTCCAAGACCGCAGGCCACCTCGGCAATCGCAAAATCGTCGTAGGAATATTCCACGATACGCGAGCCCGCACGTTCATCCGCTGTGGTGATGTAGCCATGTTCGTTGTAATCCTTCAGACCTCCGCGGCCTTCTTTCTGCGCATTCTTCGGAGGTACTTCGGCATCATGAATCATCGCTTCCAGAGCGGTCTTGTAGTCGATGCCGGTGATGCCTTTCATGTATGCATCGGCCACGACGACGTTTGCGTTCGAGCCACCCTGCGTGCGTCCATTGTCATTGCCGACACGTGCGTCAGGCATGTAGCCGGTATAGCGATAGACATCGATCAGCGAACGGACAATGTCGCGCTCACGATCAGGAGAAATCATTCCCAGCAAAGGGTTCGATGTACGATAGGTGTCCCAGATCGCCTGGAAATCATCATAATAGGGCTCACTCGATGTCCAGAGCGGATTCTCTCCGGTACGATCCACCGGCATCATCATGATGTGATACATCGCAGTATAAAGCTCACGTCTCTGCTTGTCTGTCTCACCGCTGAGTTGCAGCTTGCCCAGCTCCGCGTTCCACAGAGCATTGTTCGCGTGACGCACAGCCTCAAAGCTCCACGCGGGAACCTCGGACTGAATGTTCTTGCGAGCTTGCTCTGCGCTGATGAAAGAGATACCGACCTTCGCCTGCACCACCTGTCCCGGATGCGTGTGAAGATTGAAGGTAGCGCCAATGGGTTTGTTCTCGGCAACGGTGGCATCATGATCTGAAGACAGAGAGGCGCCTGTCCATGTCTGCACAGTCGTTGCAGGAGTATCGAGCATCATACTGAAGTACACGCGATACTCGCCTCCCATATTCCATCCTCCGCGGAAGCGCGCTACACCCTGAATCTCGCGGTTCGAGAGAACGTGCGCTTCGGCTCCGACAAAGTTCTGCGATTCACGTCCAGTGCCAAGTCCCAGGGCATGTGCGAGGTTGACCGTGATGTGCGAATCTCCTCCCTTGATGAAGGTGTAGCGATGAAAACCCACCCGGCGGCTGCTGGTAAGTTCCACGCGCACGTTGTAGCGATTGAGTGTGGATGCGTAGTAACCGGGTTTAGCGACCTCATCCGTGCGAGGAGACTTGATATCGGTAATATTGAGCGTGCCGGTGACAGGAGCAACAAGAATGTTGCCGTACTTACCTTGCGCTCCGCTGAGGTGCAGGTGAGAGAAGCCGAGAATGACGCCGTGGCTTGAATAACCGAATCCCGAGCGGCGTCCGTCAAAGGTCTCCATATCAGGACCCACCTTGAGCATGCCGAATGGAACAGTCGATCCGACAAAGGTATTGCCTCCCCAATCAA
NZ_CP048114.1_gap14	423736	426692	2956	GTGCCGGAGACACCGGAGAGGTCGGACTGGGCATAGCCTGATACAGCCCCTGAGAAAAGAATGCATGCCGCCAGCGAAATGGGGAGGAGCCACTTTCGCTGGGCGAACGAAAAGGAACACTTGAAATTCTTCATAGGATTTTTTTGCCTCAAGATGGAATCCACGCAAACGCAGAGGGTTCAACTGAAATACAAAGTCCGACTGCGCTTGGGGCTTGGTCGATCATGGGCAACGGCAATGATCCAAACAAGGTGTTTTGAACCGTGTACGATCAGCACACCCGGCGTGTAAACGCTGCAGACAAAAGGCTTACCCCCACCCTTTCTTGCAAGATTTACAAAGTCCTCAAGAACCGCGCACACGGGTAAAAGGCTCTCCACTCCTGCTTCACAGTCATCTTCAGAAGAAATAAAACGGCGATCACGATCGCATCCCCAAAAAGGTAAATGCCCTCAGTTGAGAGCAGGAAATCAGCGCATATCGTGCCGAGGATAGAGCAGATATAAAAAACGTATGCCCTTCCCTGAAAAGAAGAACAGGTACGTACTCATACGTTTCAAAGCTGTATTGCGAGATGCTTTAGAAGGAACCAATTCGTTCCAGCACCATCTGCGGAGCGGCTGCATTGGAGGCTACATTTCCAGCGCCAATCAATACCTCGAACGGTTGGAATCCTCCGCTGGGCAGTCGCGCGCGGCGCAGAGTCGGTTCCAGCAACGACGGTGTCAGCAAAAATGTCTCGGCGGCTTGTGTACCTGCTGTATTCAAACCCTCCACAATCAGCACATGGCCAGTGGCATTGAGATTGGGAAGGTAAGCAATCAAGCCGTACGTATGGTTTTGAACCCCCGGTGCGCCATAGATTGGTTCCTCGCCCGGACGAGGATGCACATTCACAATCCCCGAAGGTTTCTCGTTATCGGCATGGATGCTGAAACGAAAATTCATATGTGCCTGAAACAGCTCCGTCCACGGATTCGCTTCAATGGAGCCAATCAGAATTGCATTGCCATCGCGAAGATCATCCATCCTCAGATCGCGCGCATAGCGAACGATCATGCGTTGAGGATTCACCTCACTCAACTGTCCAAGGTGCGAGGCCAGGTCCAGATCTACCACGCTGGTATAGCGTCGTGATCCCAGCTTCATAATCTCGGCAGCGTCCGAGTCGCCCACCGTCTGAATCTTTGTGCGATAACTTCCATCGAGATAACTGGCCAACGGTACCGGTCGCTCCGTAAGCCGCTGCATAATCACTAGTCCATCGTCCGAGGGCACAACAAACGTATCGCGCTTGCTGCTGAAGAGTTGTGCCCACAGGTCCTTCGACGCAATCTCCGCAGGAGAAGCGGTAAGACGTTTCAGCCATATTGGTGGGAAGAAAACAGTGAACAGAGAACCCAGCAGAAACCCCGCGATCAGCAGGAGAACCGCTGCATACTTACGAACAAGTCTTGCAAACCCGAGGGTCTCGTTCGTACCGGTCGCTTCGGATTCCTCCACTGTCAACTCTTGCGTCGTGGGTTCCTGTTCCGTAATCATGCTATCTGCCAAATCAGGAATATCCACTGTTTCGACGTTTTCAATAAACTGTAGATCGCGGGGAACCTCTAGTTGCGCAACATCGGAGATCTGCTTCCTATGCCCGGGCGAAAAGACAGGGGTATAGCCTCCGCGCGGAATCTGTAGCAGAAGCTCCTCTCTCTTTCCCTCTTTTACAAAGTATTCTTCAATGCGTTTGCGCAGATTGCGGGCATAGCTGCGGACGATATTGTCCTCGTTGGTGTCGTAACCTTCCGGTCGACCAAAAACGAGAACTCCAATCTGCTGCTCCGTAATCTCGTCGCTGCGATTGTGAATGTGGCGATCGACCACGTAGAGCAGGAAGTCCACCATAAGGCGCGAACGCCCCAGGCTGCTACTGGCTGCAATGCGCTCGGCAAGTTGCCAGCGTGGATCGTCTTCACGGCTGCTCGTGGGTGCGTCCGGTCGCAGGGAGAAGTCCCCCGTCCTACTCCTCGGCGATGACTCCAGAGCATGCATAGCTTAATGATCTATTTCTTTTCTTACTTTAATTTTGTCTTGTGAAGATACCGTCAATCGAAATAAAGCCCTGTAAGGGACTCCAAAACGACTACCATACGGCTCAAAACGCAAGGCAGTTTCCCCGTCAAAGAATCATGAAATAGGGGGGGCATGCGAAAGGCTTTGCTTCGCTGACGCGAAAGTACACTGAAGTCCATGAACGCTTTTGATCACCATTTTTTAAACTAAATGAGATCAATAGATAGATTGGTGGAGGCGGCGGGAGTCGAACCCGCGTCCGAAAAAACCTTCGTCAGAGAGCTTTCATGCTTTTTCCTGTTCTAAAGTCTCGTCAACCGCGCTTAGAACGGACAAAGATGCGCCGCTGACCAGCCTGATCGATCTCGCTTTCCCCGCTCAGGCGGTGCAGGGAAGAGCCAGCCTACTGTGCGACGATCGGTACGGGCCCATAGGCGAAGCCCGAGCGATCGGCTACTTAGTTAATTAAGCAGCAAGTGCGAATTGAGGTTCGGCACTTATAGTTTTGTGAGCGATTACGGGTGTCCACACCCCGGCATGCCTCTCTGCCGCAAGCAATCCCGTCGAAGCCGTGACGCCCCCATCTGGAGCTGGCACCAACATTGCATTGGGCCCTGCAAAGAACTGTTTATAGTATACGCCGCCGGCCGCAGCGAGGGTGCGCGCGCGTATCAGGCGAAGGCCAGGATGACTGCTCCGATTGCGATCAGCGATGCTCCGCCGATCTTCAGAGGAGTGAGCTTCTCCCCGAGAAACAGCCAGGCTCCCAGGATCACAAGAACGACGCTTAACTTATCCACGGGAGCTACGCTGGAGGCCGGACCAAGTTGAAGCGCACGAAAATAGCACAGCCACGAGAGCCCGGTCGCTATGCCAGAGATTCCTAGAAAGA
NZ_CP048114.1_gap15	454232	455429	1197	GGCCAGATCCCCGCGATGACGGGAATGCGGAATCCTTCGACGCGCCTGAGGAACTCCTCGAGCACACGAAGGTCAAATACCGGCTGGGTAATGGCGAACTCCGCACCGGCCTCGACCTTGTATGCGAAGCGCCTTACCTCCTGGTCGATGTCAGGCACACCGGGATTCGCCGCGACCGCGATGGCAAAACCGGTGGACTCCCCGATGGAGTTCTTCCCGATATCCAATCCGCAGTTGAGATTGCGAACAATGTTGACCAGCCCGATCGCATCGACGTCGAAGACCGCCGTTGCATCCGGATAATTTCCAAGTTTCGGCGGATCGCCGGTCAGGCAGAGAATATTCTTCAGCCCAATGGACGATGCTCCCAGCAGATCGCTCTGGATACTGAGCACGTTACGATCCCTGCAGGTGTAGTGCAGGATCGTCTCAATTCCGACCTTCTGCTGAATCTGAACGCAGAGACTCTGCGCGCTCATGCGTGCGCTGGCGCGTGGCGAGTCAGGCACGTTGATCGCATCGACGCCCAGTTTATGTAGCTGTTCCGCTCCCCTGATCTCGCGTGAGCAATCGATCCCACGCGGCGGAACGATCTCCACCATCGAGATAAACTCGCCTGCGGCGATCATCGCGCCTACCTTTGAGCGCTGCGCCAGGGGAGGAGGCGTCACCTTGGGGGCGGAAGGAGTCTCGGACCGGCTCTCCATCACCTGGGCGCCGGTCTCCATTGCATCCATCGCGCGAAGAGCGCTCCGCATCGCGCGAGTGTAACTAGGCGTCGTACCGCAGCATCCGCCCACCAAAGAGGCTCCCGCCTTCACCAGTTTGCGGGTAAAACTGGCCATGTATTCCGGCGAAGTCATATAGATGGTTCGCCCCTCTACTGCCCGCGGAATTCCGGCGTTCGGCATGGCTACCAGCGGAAGATCGGTCATCGGGCGCATACGCTCGATGACGCTGAGCACGGTTGCCGGGCCGGCACTGCAATTGCAGCCTACTGCCTCTGCCCCAGCTGCAGAGAGGCGTCGTGCTGCCGTCTCGGCGGTAGCTCCGTCAAGGCAATTTCCTTCTTCGTCGACGGTGACCATTACGATGACGGGAATACCCGGAGCGACGGCACGTGCGGCTGCGATCGCCTGCTCGGCCTCGATCAAGGAGGTCATTGTCTCGATGGACAGGAGATCGACGCCGACTCCT
NZ_CP048114.1_gap16	506407	507908	1501	CCGCCGAAGCATCTCCTGCTGCCATCGTTGCTGGAAGCTCTGCTGTGAATCCTTTTGTTGTTGGGACAGGTCTTCCTGCCGTCTCGCGAGCGCATCGAGCTTTGCCAGGATGTCGTCAATATCCTTCTGTTCTTTCTGTGCAGGAGAGGTGTTTTGCGCAGTCTCATACTGATTCTTTTCGGTGTCCATCTCCAGATCGAACAGACTCGCAAGATCGCGTCCCGCAGAGTTTGCGCCCCCGCCACCACTGCCTCCTTGCTGACCGAAGGCTACCTGGATCTGCCGGAAGGTGGCTTCTGCACGAAGAAGGGCCTGAAGGGCCTTCTGTTCAAGAGGCAGCGCATTCTTCCATTGCATCGCCTTGAGCTTGTCTGCGGCCGGACTCATGGCATCGGCTGCCTGCTGCATATCCTTTTCAAAGCTAGAGAATTCATCATTCGTCTCGCTAAGATCGCGACTTTGCATGCGGGCGGAGAGAGCCAGAACCTGGTCGCGCAGCTTGCTTTGCGCGTCAGCCAGGAAATGTCCATCGCTTGCCGCAGCACTCTTGCTGTTCTGCTGATTCCATGTCGCCCCGATAAGCTCCTTTTCCCGCCTGGAGATGTCCATCTGGTTGTTCTGACCGCCGCCTCCGCCACCTCCTCCACCACTCTGCTGCGATTGTGAGAACTCCCGCTCGAAGGGATCCACCTGGACGAAGCTGATGTTTGTGCGGGCCTCTGCATGTCCGTCCCGGGCAGTGGCATAGACGCTTACCAGGTCGCCAGGAACAAGTTTGTACTGCTCAAGCGCAAGAGTGTGCGATTTCTCAGCATTTTTTGCACCTGTCGCAGTCAGCAGATTGACCTGCTGTTCGGGCCCGCCGTTCACTGAGTAGTGCAGGCGCAGATCCCGCAATCCAAACTGGTCGGCACTTTGAACGCCGATGCTGACCTCTTCGATGGGGGAAGCACGGTAATCTCCTCCGGGATGCGTAATGCTTACCTGCGGCGGCTCCGCTTTATCGGTTGCAATGAAATAGTCTTCAGAGAGTCGAACGGTCTGGCCTTGATCCAGCGCAGCGATATGATAGGCTCCGTCTCGATCCATTGTGATGGTTGCGGCATAGACATTTCCATTTTCCGGTGAGAGCGCGAGCTCCTTTCCGTCGTCGAGCGCTAATCTCCCGTTGGCGAGTGGTTTATTCGTTTCGATCTCAATTTGGGCTTTTGTGCCTTCGATAGCTCGAATATCGCCTGATTGCTCTTGCGATGCGGTTTTGATGCCGGTCCAGGCAGGATAGTGATACGTGACCGTAATCCTCTTTACGGAAGGAAGCTCAACGACTCGTACGGTGTAATGCGGTGACGTCAAAGGGCCGGCTTTGACGTAGTACTCCACATTTTCTGGTAGCGCCGAGAGCACGAGGTGATAGTTGCCTTTCCCTCCGGTTCCCTCCTCTGGCTGCATCGTGACCTGCTCCCAGTCTTTGGCGCTCCGATAATGCGCGAAGAGTTGAACC
NZ_CP048114.1_gap17	598024	599611	1587	GGGTCAAGCAGAATGGCCGAGGCGTGGCGAGTAAGGACGTCGGTGACATCGACCTTGAACTCTTCGAGATCCTGAGCGTTCGCGGCTGCTCCCCGCTCCTTGGCCAATGACTTTTGGAGGGAGCCGCGCTGGTCCATGGCGGCGGCGGCGATAACGCCACGAGCGTCGGATACGGCTTTCAGTCCGGCAAGTTTCCCTGGGGTCAGCTTCGACATTTGTGCTTATTCTCCTGAGGTTTAATCTTTGTTGGGCCATTTTACACACCGGATGAGAACTCTGGCCGAATGTCTCTGCAGAGTCGCCTCCCCGTCGATTTTTATGCAAAATCTTTTAAAGCTAAAAAGATTTCAGAGGCGAACTTCCAGGAAGAGACGGCCTTTCTTTAACTCTCTCCAGACTCCGGCAGTGGGGCACCCTCGACCAGTGTGCCCTGGTGAAAGAGAATCTTCCATCCCTCCACCGTCTTCTTCCAGAGCGTCGTGCGGCGGCTGATGCGCGGAGCATCCGTGATCTCCTGCCGAAGCACGTAAGAGAGCAGCCAGGTATCCGCACTGACGCGCAGGAGGTGGAACTCTGAGGTTCGAAAATGGTCCGGTTGAGGTTCGGGCGTGCTAAAACGTGCTTCAAGTGTCCGGATGATAAAGTCGCGGGAGTAGAGACGGCCTGAGACTCCGATCTCAAAGAACTCAGGGGCCATCATGGAATCAATGTCTGCGTGCGTCGGCAAGCGGCCCGAAAGACCTTCGAACCGGTGAAAGATTGGTTCGAGCGAGATGAGCTGAGAGAGGATATCGGCATCGATCTCTGCATGCATAGATGGGATGATACCTGTGGGACAGGTTTTCAGGCTTTCCAATGGGGGACCATGACGATGAAGAACAGATGGAAGAGGATTGGGATGGCGGCGCTGACCGCAGCAACTGGGACGGTCGTCTGCTACGCCCAGGATGCGCCCGCACATCCCAGGCAGGCAGTGCCCACCAGCCTGGTGGTTCATGGCTATGATGGACAGGTCCCGGTGATCCAGCGCAACGGTCACGCCTACGTTGAGGTGGAAGGTCTTGCTCGTATTACGGAATCCAGCCTGAGCTTTCAGGGAAGTCGCATCGTCCTGACCCTGCCGCAGACGGTTCCTCCCGGCGTTGCGCCCACCTCCCCGGCGACGCCCCCAGTGCCGGCGCAGGAGGAGAAGGGGTACTCACGCGAGTTCCTGCGGGCCGCAGTCGAGGAGATGAGCGTCATCCGCGAGTGGAGAAGCGCAATCGAGAATGCCATTCGCACCAATAATCCCGTGGAACAGAGCTGGGTATCGAACTACCGGACCATCGCGGACACCAGGATGGAGATGGCTTCTGCCTCCACGACGACCGATGCCGACCGGCAGGCGCTTGCTCTGCTGCAGAATGCCAAGGGGATGATCCAGCAGTTGAGCGACCGCTTCCTGTCCATGCGATCGAACCTGAGCTATGTCTCTCCGGATTCCCTCGCCAATGACCCGCTGGATAAGAAGATTCTCGCCTGCGCTCAGGGAGTAGCCGGGCAGGCTGTTCCCGGAGGACAGTTCCAGGACGTAAGCGCCTGCCATTG
NZ_CP048114.1_gap18	601502	605577	4075	TATCGCGCTTGAAATTTGAATGGGAGCGAAGAATGACCGTAGCAGAGCAGAGCAGGACCATACGGCAGTCAGAGGTGGAACCGTCCGCAGCAGCGCGGACCGCAGTGATCGAAGCGGCGCAGAAGTCGCCCCGAACAGAGGTCGCGGAGGAGAGCGAGGGAGTCAGGATCCAGGGGCTGCATGTCCTGGTGGTCGATGACGACGCTGCGGTCCGCCAGACCTGCAGCACTATTGCGGAGAAGATGGGCTGTGCGGTCGTTGGCGCAGGCACAGTCACCCAGGCGAGAAGGGTCCTGAAGAACAGGAAGGTCGATGTGGTGCTGCTGGATCTGAAGCTCCCCGACGGCGGAGGCCTGGCGCTGCTCGAGCAGGTGAACGCGCTCTATCCGGATACGGCGGTCGTGGTGATGACGGCCTTTGCCACGGTCTCCTCGGCGGTCGAGGCCATGCGTATCGGAGCGCGAGACTACCTGACCAAGCCGTTCGCGCTTGAGGAGCTGACGACGGTGCTCGAACGGGCCAGCCAGAGAGTCCAGTTTGACTGTGAGAGCCGTCAGTTGCGGGAGAGGTTGCGGGCGCAGGAAGACACCAACGGCCTGGTAGGCAAGTCCCCGGAGATGGAAAAGCTCTATCGCATCCTCTCCAAGGTGACGTTTTCGACGCATCCGGTTCTCATTCTGGGCGAGAGTGGGACGGGCAAGGAGCTGGTCGCGCGAGCCATCCACTTCAACGGCCCCAATGCGCAGAGGCCCTTTCTCCCGGTGGACTGCGGATCGCTGGCCCCTTCGCTCATCGAGAGCGAGCTGTTTGGCCACGTCAAAGGAGCATTTACCGGAGCCGATCGAGCAAAAGAAGGGCTTCTGACATCGGCCGAGGGCGGCACGGTCTTTCTGGACGAGATCGGTGAGCTTCCTCTGGATCTGCAGGCCAGGCTGCTGCGCGCCCTCCAGGAAAAAGAGGTGCGTCCTGTTGGCGCGACGCAGGCCAGACCCTTTTCTGCGCGCGTACTGGCGGCGACCAACCGTGACCTTGCCGGTATGGTCGAGCAGGGCAAGTTCCGCAAGGACCTGTTCTTTCGATTGAACGTGGTCAACCTTCGGATTCCTCCCCTTCGAGAGCGCAGGGGAGACATTCCTTTGCTGGCGATGCACTTTCTGGAGAGAATGGAGAAGCAGACTGGTACGGAGCGTACGCTTTCGGACGATTCCCTGCGGCTGATGGCGGACTACGACTGGCCGGGCAACGTGCGCGAGCTGGAAAATGCGATCGAACGCGCCTGCGCTCTTTCGAGCGGTCCGGTGCTTCATCTCGGCGACATGCCGACGCAGCTTCAGGATCTGAGTATGCATCGGGCCGCTGAGGCTGCGGCTGAGAGCCTGTCGGCTCAGGCGGAGCTGGATACAACGGCTTCGCACGGCCCCGGCGAGATCGTCTCTATCGCTGAACTCGAGAAGCAGGCGATCCTCAACACGATCCAGCAGCTCAATGGAGACAAACTGCTGGCAGCCAGGCTTCTGGGTATTGGCAAGACTACCCTCTACCGCAAGCTGAAGGAGTATGGGATGGTCGATCTGCAGGGGGAATCGACGGATTAGAGGCGCTCCGGCGGCTGGCGCGCACCGCTCTCCTCGTTTGCGCTAGGATCGGAGGAGAGTGCGTTGGAGGGAGTACATGGTGTGTAAGCATCTGGACCAGGTTCGCGATGTAAAGCCTTCATCCAAAGGTTGTGAGGACTGTCTGAAGATCGGAGGTCGCTGGGTGCATCTGCGAATGTGCCAGATATGCGGGCACGTGGGCTGTTGCGATTCATCGCCCAACACGCATGCGACCAAGCACTTTCACGCGACGAAGCACCCCATTATGCGCTCAGTCGAACCGGGAGAGGACTGGGGATGGTGCTACGTCGATGAGGTGGAGCTGGACTTCAGCTAGGGTGTGTGAGGCGCTGCGTCGGGTTTGCTATGCTGGGCTCATCCTTCTCAAAGAGAGTGAGCTACACCAATGGCAGATGAGGCAGTAAAAATTACGGTTCGCCCGAACGGTCCGTTGCGGGTCGAGGGTCCAATCTCCCTGACAGACGCGGATGGAAGACACTGGGACCTGACGGGCAAGCCCGCGATCTCCCTTTGCCGCTGCGGCGCCAGCGAAAAGCGTCCGTTCTGCGACGGTTCCCATAATCGCATCGGGTTTCAGTGCTCGGCCTCGCCGGCGCTTCTGACTTAAGATCAACAGAATTGCCGCCGTCTGTCCTGTCTCGACGCGTGAGAGCAGGGCGGAGGCGGCATTTGCCTCTTCTGGGTACCGGCTGAGCTGCTTTGAGGATCGTCAAGATGAAGCATTTGACCTGGTCGAGAGTGATAGTGGCGCCTGCGGTTCTCCTGCTGGCTGTCTCCATGGCGTGGGCGCAGGACCATACGGCAGATCTTCAGGCTGTAACGCTTCCGGCAGAAAAATTGAGCGAATACATTGGCCAGTATCGTGGCTCCGTCGAGCCCGACGTGGTCAATGCCATCACGCTGAGCAATGGCAGCCTGTACGCCGAAGGCGAGCGTATGCCGCGGATTCAGCTGACCCCGGAGTCGCCCGATCACTTCTTCGTGCCGGGAACTCCCCTGCGGGTTACGTTTACCCGGGACGCCCATGGAACCGTGACCGGGCTGACGACCACGGTCACAGGCTCCAATGGAAACGCCGTCAACATGGTTCGGTTCAGCGACAGGCCCGCGGAGCTGAATCATTTTCGTGACTATACCCGCAGCGAAGAGATGGTTCCCATGCGCGATGGCGTCAGGCTGCATCTGGTCATCCTGCGGCCGGAGGGATCGGAGAGTGATGGTCCTGCTCTGCCATTTCTGATGGAGAGGACTCCCTACGGTGTGGACGGAGAAACCTCGACCAGTGTGAATGCCTCCAAGCCGGAGCTGGCGCGGAGTGGATACATCTTTGTCTTCGGAGATATTCGCGGACGCTATAAGTCGGAGGGCCAGTTTGTGATGAACCGGCCCATTGTCGAGCACAGGACGAAGAAGGATATCGACGAAACGACCGATACCAACGACACGATCGACTGGCTGCTGAAGAATGTTCCCAACAACAACGGCCGCGTGGGGGTATACGGTATCTCATATCCCGGCTTTCTTTCGATGATGGCGGGGATCGACGCGCATCCGGCGGTGAAGGCCATCTCTCCGCAGGCCCCGATGACGAATATCTGGATCGGCGATGATTTCTTTCACAATGGAGCCTTTCGCGAGAGCTACGGCTTCGACTATGTGCAGCAGCTCGAAGGCCAGAAGACCGATGTGCGGGTTCAGTCGAGCGAGGATACCTACGACTTCTTCCTCCAGAATGTGAACTTCGCCGGAGCTGCCAAAAGCGCGGGCATGAGCAAGCTGCCGACTGCGAAGGCGTTTCTGTCGCAGCCCGCATACACGAAGTTCTGGCAGGCGATGGCGGTTGAGCCGCATCTGACGAAGGTGGAGGTTCCCACGCTTGAGGTGGGAGGCTGGTGGGACCAGGAGGACATGTGGGGGCCACAGGCCGAGTATGCTGCGCTGGAGCCGCATGACAAAAACCATGAGGTCTTCCTCGTGCTGGGACCGTGGAACCACGGAGGATGGGTGCCGACGACGCGGCATCTGGGCGCGGTGGACTTCGGCTCTGCCACCGGTGAGACCTATCGCAAGACGATCGAGGCGCCCTTCTTTGAGAAGTACCTCAAGGACCGCCCCGGCTTCGACCTGAAGGACACGGCGAGCTTCCGCACCGGCGTAGACAAGTGGGAGCGGTACGATGCATGGCCGCCGAAGGTGGGATTCAAACCGGCAAAGCTGTATCTGGCAGCGGATCACGGCCTGAGTTTCGAGCCGCCTGCGACGGAAAACAAAACCGAGTATGTGGCTGATCCGGAGAATCCCGTTCCTTACAGGCACCGGCCTATCCAGGCGACCTATGGCAACGGATCGAAGTGGCGAACATGGCTCGCGGAAGACCAGCGTTTTGTGAGCGGACGTAAGGATCTCGCGAACTTCACAACTCCGCCGCTCGATCATGACGTTACAGTCACCGGAGATGT
NZ_CP048114.1_gap19	652383	653386	1003	AACCTTTGCGGTCAAGAATGCCGATGTGTCAAGCGCGATGCTGGCCGAGAAGACCACCGCCGTCCTGAACACCGGGGCAGAAGCGTGCACTGCCTGCGACAATAGCTGTCTTATGCATATTCAGGGTGCTCTTCATCGGCAGAGAACCGGCGTCCGCACGGTCCATCTGGCCGAGATTCTGGCCGGCGCTGAGGGGGATGTCCTGTGAGTACAACGAACTCGGTACTCGATCCCAAGACATCACCGTCCTTTCCTATAGCGGCAAAAGTCACGCTGGGAGACACCCAGCTGCGCAAGAATGTTCGCCACGCCACCGAGGTTATCCAGAACAAGCGCGCCCGCGTCGTCGGCGAGATGCCTGACTGGCAGCAGCTTCGTGAGAGCGGCAAGCAGATTCGCGAACACGCCATGGCGAATCTTGACTACTACCTTGAGGAGTTCGAGCGGAACTGCACCCGGGCCGGAGGTGTGGTTCACTGGGCCAGGGATGGGGAAGAGGCCAAGCGCATCGTCACTGAGCTGGTAAAGACGCATGCTTCGCCGCAGAACCCCGAGGTCATCAAGATCAAGTCGATGACGACCGAGGAGATCCACCTCAATCTCGCGCTGGAGGCCGCAGGCATCAAGGCGTACGAGACCGATCTCGCGGAGTTGATCATCCAGCTTGGTCACGATCAGCCGTCGCACATCGTTGTTCCAGCGCTGCACAAGAATCGTCAGCAGATTCGCGAGATCTTCCAGCGCGAGATGAACCTTCCTGAGCTGGGAGAGAAGCCGCAGGACCTGGCGGACGCTGCCCGGCGGTTTCTGCGCGAGAAGTTCCTACGGGTCAACACTGCCGTCAGCGGAGCCAACTTCCTGATCGCCGAGACCGGCGGGGTCTGCATCGTTGAAAGCGAAGGCAACGGACGGATGTGCCTCACGCTGCCGGAGACGCTGATTACGGTCGCCGGGATCGATAAAATTCTTCCGCGCTATCAGGATCTTGAGGTCGTACTGCAGC
NZ_CP048114.1_gap20	660537	662857	2320	TCCGTCGGGTCCCAGTTGGGAGAGGTCGCCAGCACGGAAGCTGCCTGCAGCAGCCGTGTCAGCACCGCGCGCACAATCTCGATGTCCATCGTCGGCGCCATGCAGACGTTGTGTGCCGTGCCGTCCGGCAGCTTGTATTTGTTCTCCGGAGAGCACGACGGACCTGTGACCAGCCGCTCCGTCTTCGGGTCCGTCACCATGTAATCCAGCAGAAACTGCGCGTTCTCCTTCAAGCGCGGATATCCGCGGTCCCGCAGAAAGCCGACGTCGCCGGTGTAGTCGAAGTGGTCCCACAGGTGCAGTGCCATCCATGCCGCTCCCATCGGCCACACACCGCCGCCCAGACCATCGATTGGAGACGAGTCTCCCCAGATGTCGGTGTTGTGATGCACCACGTACCCTCCGGACGCGTAGTACTTCTGGGCCGTCACATATCCGGGAGTACGGGTGCGGTCGATCAGGTCGAATAACGGAGCATGCAACTCTGATAGGCCAGCCCGTTCCGCCAGCCAGTAGATCATCTCGATGTTGATGTTGACGGTGTACTTCGATCCCCACGGTGGATCGACCGATTCATTCCAGATGCCTTGCAGATTGGCTGCCAGCGTTCCCGGCCGCGAGCTTGAGATCAGCAGATACCGCCCGTACTGAAAATAGATTCCCAGCAGGGCGAGGTCTTCGCCGCCTGCCTTGATCTTCGCCAGCCGCTTGTCGGTGGCGATGCTGGCATTCGCATCCGTAGCTTCGCCGATTGTGATCGCGGACCGCCGGAAGTATCTCTGATGATCGACGATATGACGGGAGCGCAACTCGGCATAGGAACGCGACGAGGCCGCAAGCAGATTCTTTACGACGGCCTGACGCATCATTGATTGGCCGGCAGGGTAGCGGTAGCTCGTAGCGCAATCGACAAAGAGCGTGACGGCAGTGGCTTTATCGATCGTAAGGATACTGTCTTTCGTCGAGGTAACGCCATCCGTCGAGACGGCCAGCAGTTCAGCGTAGTAGTGAATGCCGACCTGCCGCTCCTTGATTGGAAGTCCGGGATTGTCATTGACCGGCAACGCTTCGCCAAAGATCTTCAGCCGGTTCTGCGCCAGGGCATCCGTCTCGAAGTTCGCTGGCCGGTCCAGACGGGCAGTGAAGCTGATCTTTCCGATTCCGTTCGAGGTCAGGCGAATCACGATTACCTGATCGGGAGCCGAGCTGAAGACCTCGCGGCGATACTGCACACCATCCTTCGTGAAGGTCGTGGTTGCAATGGCGGTATCGAGGTTCAGCTCCAGCCTGTAGTTGCTGACCCCCTCCATCGGTCCGAAGTCCAGGTGCAGATCGCCCAGGGTCTGATAACAGGGAAACCGGCGCGGGATCGAAAGGAAACCGTCCGGAACTAACGCTTCAGCTTCAGCCACCTGTCCGGCAAACAGGAGTTCGCGCATCTTCTGCACGGTCTCGCCTGCTTTGGGGTTGTTACGGTCGCGCAGTTCTCCGTCCCAGATGGACTCCTCATTCAGCTGAATCCTCTCCTGGCTGGGCTGGCCGAAGACACAGGCCCCCAGCCTTCCGTTCCCCACGGGCAGGGAATCGGGCCAGGTTGCCGCCGGCTGGTCGAAGAAGAGCTTGTACGGTGTGGACTCGTCGTCGGCGGCCGGGGACTCCTGCCATGGCGCTGCAAGGGCATGTCGTTGCGAGATCGCTGCGGCCGCAGCAGCGGATGTGGCAAGAAAGCGGCGGCGCGTCGGGCGATTAAACATCAGGTAAACTCCATGGCCGGTGCAGGGCTGTTTCCGCCCGGCGTCTCTCGTAAAAAAAATCAGATGGTACAGTCCGGCAAGTTCTTCGAACACAACATTTGCGACTCGACCATTCTAGAGCAATGGTTACCTTGCAAAGAGCTGGTTCATATCGGCAAACGCCTTAAACTCAAGAGCATTGCCCGCCGGGTCGAGAAAGAACATGGTCGCCTGTTCACCCACCTCTCCCTTGAAGCGGATATAAGGCTCAATGACGAAACCAACACCGGCAGCGCGCAGACGATCCGCCAGGGCCTGCCAGTCCTCCATGGGAAGTACCACCCCAAAGTGAGGCACAGGAACGTCGTGACCATCTACAGGATTATGATGCTGCCGGTTCTGTTTGAGAGAGGGTTTGAGATGAGCGACGATCTGGTGGCCAAAAAGATTGAAGTCAATCCACTGTGCAGAGCTTCGCCCCTCCGGACAGCCCAGCAGGACTCCATAAAAAGCCCGCGCCGCCTCTAGATCATCAACAGGGAAAGCAATGTGGAAGGGAGTGAGTGGCACCCGGAAGTCTCCTTCCG
NZ_CP048114.1_gap21	664314	667892	3578	TGCGTTGGAGGGCTGTTGGACGACGCTGGTTTGTTGGCTCATGATGGCTTCGGGTCAGACCTTTCAAAGTGTGGCAAGGTATTGGTGGACGAACTGGATCGCGATGGAGCCTTCTCCTACCGCGGAGGCGCATCGTTTAATGGAGTTGTAGCGAACGTCGCCGGCGACAAAGATTCCAGGGATGCTGGTTTCCAGCAGATAAGGGTCGCGATCGAGCTTCCAGCTTCCAGGAGATTTTGACTTCAGATCCGGTCCCGCAAGAACAAATCCTTTTGGATCGCAGGCTATCCCATGGGGCAGCCAGTCGGTCTTCGGGGCCGCGCCGATGAAGATGAACAGAGAGCTGGCCTTGCGGCTCTCCTCTCCCCGTGGTGTCTTCAAGGTCAACTGTTCCAGGTGGTCATTTCCCGACACTGAGGCCACTTCGGTCCGGGTCTCCACCACGATATTGGGAGTCGCCTCAATCTGGTCGATCAGGTACCGCGACATGCTCTTCGTCAGAGACTCACCCCGAATCAGCATGTGGACCTTATCGGCGTAGCGGGAGAAGTGCATCGCCGCCTGCCCGGCGGAGTTCGCCCCTCCAACCACGTAGACGGTCTCGTTGGCGCAGCCCATGGCCTCGCTCAACGCTGCGCCGTAGTACACGCCTGCGCCCGCGTACTGATCGACGCCGGGAATATCCAGTATGCAGTAGTCAACCCCGGTCGCAATCAGGCAGACGTGGCAGGTGACCTCCTGGCCGTCGTTCATGACAACGATCTGATAGTTGTTCTCCGAGCGGATGCAGGTCACCCTCTGCAGCAGAAATTCGGCGCCGAGACGCGTCGCCTGCAGGAACGCCCGCTTCGCGAGTTCTTCTCCGCTCAGGCCGGAAGGGAAGCCGAGATAGTTTTCGATCTTTGAGCTGGAGCCCGCCTGTCCACCGGGAGCGTTGGGCTCGACGATAAGGGTGCGAAGCCCCTCCGAGGCTCCGTACACGCCGGCAGCCAGTCCGGCCGGGCCTGCTCCGACCACCACGATGTCGTAGAACTTCTGTTGCGCCTGGGTGGGGATGCCGACCTTGGAGGCCAGATCGGTCGAGGAGGGCTGAACCAGCGCCGTGCCGTCTCCGAAGAGAACCACGGGGAGCTTGCTGTCATCCAGTCCCTTCTCTTTAAGAAGGGTCTGGGCATCCAGGGTCTGTTCCGGATTCAGCCACTGGTATGGGATACGGTTACGGGAGAGGAAGTCCCGCACGGCATGATCTTTGGCCGACCAGCGCATGCCAACCACCCGGATTCCTTCAAAAGGAGGCTTGTAACCCTGTTTCCATGCTTCCAGCAGGTCGTCCAGTACGGGATAAAGCTTTTCCTCAGGAGGGTCCCAGGGCTTGTTCAGGTAATAGTGAATCTTCGCGGAGTTGATGGCCCGGATGGCTGCTTCTGTATCGGCGTATGCGGTCAGAAGCACGCGCTTGGCGTCAGGATAGATGTACAGGGCCTGCTGGAGAAAATCCACGCCGGTCATTCCAGGCATCCGCTGGTCCGACAGGAACAGGGCAACGGTGTCGTTGCGCTCCTTCAACTGACGGCAGATATCGAGTGCTGCCCCACCCGAGGCTGCACGGACGATGCGATAGTCCTGCCCATAGTGGCGGCGCAGGTCCTGCACCACCGCCTCAAGCACGCTGGTATCGTCGTCGATGGCTAGCAAAATTGGCTTCGGCATACCCTTGTTATACTTCGCGAGTTCGTGCCTTTGCACACCCCACGTGCAATTTGATGGATTTCCAAGGGGATGCGATTCAGAAAACCACGAAAGCTCAGGAATTTGAGAGGATAGCAGTATGGGCTTTTACGAATGCAGAGAGGTTTGTCCGAATTGAAGACACAGCATCCAGCCAGACGGGAACATGCCGATGAGAAGAGCACGGGGCACCAGATCCCGGTGCAGGAGAGCTCGATGAATCGGATCATTCTCGCAGATAACCAGGTCATCTTTCGTGCCGGCGCAGCGCGAACGCTGGCATTAGAAGAAGATATGCGCATCGTCGCCCAGTGTGAAGACCTTCCGAAGCTGTGGAGTGCGCTTGAGAGCTTGCGAGGAGCGGTTGCCCTGGTGGCCTCCAGTCTTCGCCCGGACCCCCAGCTTCTCCTGGAAAAGGCTCGTACTGCAGGAAGCCGGATCATTTTGATCGTCGAAAATCACGAACAGGTAGCCGACGACGTCGCCCCTGCCGTCGATGGCATCGTCTGCCGGAATATCGGCGCCGGCGATCTGATCGAAGGGGTGCGACGGGTCGCCCGCGGACAACGTTTTATACAGCGTGCCAATGTGACTGCCATCCACTCCACCGACAGCGTAGGAACGCGCGTTCGCGACCGCTTGACACCAAAGGAGATGCAGATTGTCGCGCTGATCGTACAGGGCTGCAAAAACAAGGAGATCGCCCTTCAACTCGGAACCAAGGAGCAAGTCATCAAGAACTATCTCCGGGGAATCTACGACAAGACCGGAGTCTCCGATCGCCTGGAGCTGGCCCTCTTCACCATCCACCATCGCGTGCTCGCCGAGGCAGCCGCAAAGGCCGGAAACCTGATCGAGATGCGAAGCGCCTAAACCCTCCAGACTTAAAGATCCGACTGAGCGGGCATCTCACCTACCGGGGGGGGCATCCTTGACGGGCTGAAAGGCCCCCTACCTGCCAAGTGTCATCCTGAGCGAGCGTAGCGAGTCGAAGGATCTGCGGTTTTGCTGCCTCAGCTACCATTACTCCGCCGTTTCGCTGGCGTAGCCGATCTTCTCGCCGATGCTCTTGGCCTGGGTGAAGAGCAGGAGATAGTCCGGACCACCCGCCTTTGAGTCTGTTCCGCTCATATTAAAGCCCCCAAACGGATGTGCCCCGACCATTGCCCCCGTCGACTTCCGGTTAAAGTACAGGTTGCCGACGTGGAACTCCTCCCGGGCGCGATCCAGCTTCTCTCGTGATGAGGAGAAGACGGAGCCTGTCAGACCGTATTCCGTGTTGTTGGCGATTGCCAGCGATTGCTCGAAGCTTTCGGATTTGATCACTGCCAGTACGGGACCGAAGATCTCCTCCTGGGCGATGCGGGCCGTCGGGCTGACATCGACGAAGACGGTCGGCTGTATATAGTAACCACCGTCCGGCGTTTTGATGGTTTCGCCTCCGGAGAGCAGGCGAGCCTCCGTCTTGCCGATCTCGATGTAGTCGAGGACCTTCTTAAATGCCTTCTCGCTGATGACCGGACCGGTGTAGATATTCTTCGTCGGGTCGCCAGTCTCGATCTGCCTGATCCGCTCCCGCAGGCGATCGCAGAAGATGTCGTAGATGCCGGCGTTGATGATAGCGCGGGAACAGGCTGAGCATTTTTGTCCGTTGAAGCCAAAGGCGCTGGCGACGACTCCTTCGATCGCCGCGTCCAGGTTGGCATCGGCCTCGACGATGATGGCGTCTTTTCCTCCCATCTCCAGGATGGTGCGCTTGATGAACTTCTGGCCCGGGCGCGTGCGGGCCGCGCTCTCGTGAATTTCAAGACCGACTGCCTTGGAACCGGTAAAGGCGATAAAGCGCGTCT
NZ_CP048114.1_gap22	674063	676314	2251	GGGATGTACATGGTTGGGTAGGGATCGCGGTTGAGACCGCTGTCGCGCGTGTTGCCGACGATGCCGACGATCTGGCGAGAGGACTCGGCGAAGGGCCCCTTGTCGCCGGGCGCTTTCTGTAACCGGTCCCGAAGGGGATCTCCCTTTGGCCAGTACTGCTTCGCCATCGCTTCGTTGATGATGATGACGCCGGGCGCGGAGGCAGTGTCGTCCTCGGTGAAGGTACGGCCGCGCAGGAGTGGGATCTTGAAGGCTTCGAAATAGTCCGGCGAGATGGAGTAGTATCCAGCTCCTCCGGTGAAGGGGGATTTGCCTTTGGGGCGTCCCACGATATCGAATGGCATTCCGAAGGCTCCCTGGAGCGGCAGGCCGTTTCCTACTGCGGCTTCGGTTACGCCGGGGATCGTCTTGAGGCGATCCCTCCCGCTACGGATCATCTGTGTCACCGGGGCGCTCGCCTGGAAGCGGTCGCCGCTGATCGACATCGCCATGGTCAGCGTATTGTGAGTGTCAAATCCCGGGTTCACTGCCTGCAGGTTGAGATAGGTGCGAATCAGCAGGGTGGAGCCGATGACGAGAATGAGCGCCAGGGCGATCTCGGTCACGACAAGAATCGACCGGAAGTTCGCACTGCGAAAACCGATGCCGGTGCGGCTTCCGCTTTCGTTCAGGTGCGTGACGAGGTCTGTTCGCGAGGCGCTGATTGCGGGAACAAGGCCGAACAGGATTCCCGTAAGCACCGACACACCGAGAGTGAAGAACAGGACACGCGCATCCATGGCAACCGCAGCACCGTTTTCGCCAACTCTCGGAAGCCCGCCAATGTTCACGCTGAGCAGCAGGCGGATGCCGATATAGCCGAGAGCCAGGCCGAGCAGGCCGCCGGAGAGCGAGAGCAGAAGACTTTCCGTCAGGAGCTGGCGGACGACATGCCAGCGGTCCGCGCCCAGGGCTACGCGCGTGGCAAATTCGCGCTTGCGGCCCGAGGCTTTGGCCAGCAGGAGATTTGCTACGTTTGCACAGGCGATCAACAAGACCAGTCCGACGGCGCTGAGCAGCACGAGCAGAGGCGTACGGGTATCGCCGATGATCGCTTCCTTCAGCGGAACGACTCCGTAGTGGTTGTTTGGGCCGATGGAGTTGGGAATCTCCCGCCGGAACTGGTCGGATGCGAGCTTGAGCTGAGCGTTTGCCTGTTCGATGGTGACGCCGGGCTGCAGGCGCGCCGTTACCCGAAAGTAGTGCGCCATCTCCTTACTGTTCAGGTCGAATTGATACGGGATCCATAGATCTGCGGGAGTGTCGGTAACGAAGTTCCGCCCGATGACTCCAACGATGAGATACGGCGTGTTATCGATCTGAATGGTCCTGCCTACGATGTTGGCGTCACCGCCAAAGCGCTGTTTCCACAGGCCATAGCTGAGCACGACCACGTTTCCGCCGTGGGGGCTGTCTTCTTCCGTGGTGAAGGTGCGTCCCAGAGCCACGGGCGCGCCGAAGAGCGCAAAGTAGTCGTGGGTGACGTGGACTCCCTGCACCTGCATGGGGTGGTCCCCACCTGTGAGATTCAGGCCGGCGCCGCCCATGTCGTAGCCGGCCACCTCTCGAAGTACGGACGTCTGCTGGCGCCAGAGATTGAACTCAGGAATGCTGGCGACATCGCCCCTGTGCTGTGGAGTAAATAGAGCCAGCCGCATGAGCGACTGCGGATCGGCATAGGGAAGCGGCTGCAGCAGGACGGTATTCACAATCGAGAAGACCGCCGTGGTTACGCCGATTCCGAGTGCTATGACAAGAAGAGCGATGACGGTCAGGCCCGGTGTCTTCCGGAGCGAGCGCCATGCATAGCGCAGATCGCGCCAGATGTTTTCCAGCATTGGCAGAGAGCGATAGGCCCAGACACGTTGCCGGATAGAGAGCGGATTGCCGAGTTTCAGTCGAGCCTGCCGCTGCGCCTCAGCGTCTGAAAGCCCGCGAGCGCGGTTGGTATCCGCTTCGTGGGCCAGGTGGGATTCGATTTCTTCGGTTAGATCACGATCCTTGTTCTCGCGGTCGAGGTAGCGCTGGAAACCCATGGTCGTTCCTCCTGCTAGCTGTTCGATTCTCCGAGAATGAGGCCAATGGCTCGTGTCATGCGTCGCCAGCGGTTGGTTGCTGCCGCCAGTTCCTTATGGCCCTTTGCGGTAAGTCGATAGAACTTCGCTCTGCGATTGTTGTCGCTGACGCCCCACTCGGAAGAAACCAGTCCGCG
NZ_CP048114.1_gap23	761823	763986	2163	TGGGCGAGCGGGACGAGGCGGTGATCCAGAGGAACCATCAGGCACTGGATCAGTTGGGATGTGAAAACAAGCGTATGGTTCTGGTGCCTGGGGCGACCCACCTGTTTGAAGAGCCAGGCGCCTTGGAGCAGGTTTCAACCGCTGCTGCAGAGTGGCTGGTGCGTTTTCTGAGGCCGAAAAGCAGCTTTACGGGACGCATCATTGAGCCAGAGCAGGGAGCGATAGAAGAAATGTAGCAGACAATTTGAAGCGACTCTGTGATCCGACCCACACGGTGAAGTTGCTTGTAACCGGGGCGAACCAGATTCAGTTTTGATTGCGGCGGAGTTCTTCTGAGAGCAGAATGGCGTCTGCGATCTCGCGCATGGATTTCCTGCGTTGACGGCTCTCGCGATGCATCATCTGATAGGCGTCATCTTCGCTGAGAGAGAGGTCTCGTTGTAATACGCTCTTGGCGCGGTCAACGGCTTTTCGCGTCTCGAGTCTGTTCGCTAGTTGAGAATTTTCCGTTTCCAGGCGTGCGCGTTCGATCTCGGCTCCGACAAGATAACCCAAGGTGGAGAGCAGGCGTACTTCATGGGTGGAGTGCTTGTAAGAGAGCCTGTGTTGCAAGTTGATGACTCCTACGACTCGGTTTGCGCAGATGATGGGGCTGCAGAGCATCGCTTCAAAGTGATCTTCCGGGATGTTTTTGAATGCTTTGAAACGAGGATCGTTGGATGCTCCGGAGGCGAGCGCTACGGGCTGGCGATATTTCGCGACCCAGCCGGTGACACCCTGCCCAATCTGTATCCCGACATGATCGACCAGATCGGCATGAGGATTCTTCGAGGCGCGCATCACCAGGTTGTCGTTTTCGAGGACGTAGATAAAGCAGGAATCGCAGGGAATGACGCCGGAGATAAAAGACACGATACGATCGAGCACAAGGTGCAGGGAATCGGCTGCTGCGATACGGCTGCTGATCTCGTGCAGAAAATCGATCTCCTGCAAACCGTCGCGGAAGCCTGCCATCGTAGGTGTAGAAAGTGCTACGCGGCGCACTGCCTGCGGCGTGTTCTCCTCTTCAGGGACTGCCGTATAGACCCCTTCGATCTTCCGATTTCGTTTTTCAGCCAGCAAACGACTTGCATACTGCGCTGCTTCGTTGACGAGAAATCCCATCTTTGGCCGCGATGGCTCAAAGTCTGGCTGGATGCCATAGTGCGCCAGCTCTTCGGAGGTGGTTGGCCCGATGGACAGAACCACGTTGGACTGCAGACATGCCCTCAGTGAATCGACGACGCCCATCTGTTCCGCGACGTTGAACAGGTGAATGACCTGCACAGCGGTCATGAACAGGATGACGTCGATCATGCCGTTGATGACAGCAGAGACGGCATCTCGCAAAGGCTGCAGGTCTTCCGGAAGTGCCCACTGGTATACAGGAACTTTCAATAGCGTGTCGCAGCAGCCGCTCAGTTCTGCAAGGAACTCGGGGTTGGATGCACCATACTCCTGGATGGCCACTCGCATGCCGGCAAGGTTTTCGCCAAGTGTTTCGCGAATAGCCCGCATCAGCTCCCGCCATGTGCTTGGTTCCTCAGAGATGACATGCACGGGAACCTTAAGCTCTCGGAGTGCGGTGGCTGGCTTTGCTCCTCTTGCAGCGATCTTGACCTTACGAAGAGCTCCAATGAACTCTTCTCGATCAAACTGTTGCTCGACGATGTCGAGCATTGCTCGGACGCCAACCCCTGTGAGAAATACGACGAGGTCAAAATCGCCGCGAAGAAGACCTCGAGCAAACTCCAGTGTCTCCTCGTTTGACTCAAGTCCAACCTCTCGCATGGAGGGTACGACGAAGGCTTCGCCGCCATAGGTGCGGATTAACTTTTCCACCTCCCTGGCCCTACGGGACTCCAGCGAGAGTATACGGAGTCCTTTGAAGCTTGCGTGTGCCACCTTGTTCCTCCATTTTGTTCAATCGCTGGTGTTGTCCCTTGCAGGAGCAGCAATACCTTGCGGAATGTGTTTTAAAGTGGAGATGAATCCGATTGTACTGTGCAGTGAGGACGGCGCAAAATGCGCTGTCCTCACATACGCAGATGCTATCTCAATCAGAAAGTGAGCCGTCCGGTAAGAATAAGATTGTGATTGTAGCTATGGTAATGCGAGGTGGCG
NZ_CP048114.1_gap24	766178	768818	2640	CTTCGGCCGGAGGAGGTGGTCGCAGTAGCGGCTGCTATGGTGCGGGTATTCGTGCGACATGGAGACCGAACAAATCGCAAGAAGGCGCGGCTGAAATATCTCATCGATCAGTGGGGAGTCGACCGCTTTCTGGAAGAGACCCAAAAGGTGCTGTCGTTCCCCCTGATTCGGGTACCTCAGTCGGAGTGCGACCCACGCAATGTGGTCGATCGCTCGGCCCATATTGGCATCCATAGACAGGCACAGACCGGGTTGTATTACATCGGTGTAGTGGTTCCTGTAGGCAACCTGCCGGTGCTCCAGATGCGGGCAATTGCAGATGTGGCGGAACGTTTTGGTTCCGGAGATATGCGACTGACCGTATGGCAGAACCTGATCGTTCCCAATATTCAGGAAAAATATCTACCAGCCGCGATGCGGGCGATTCAGGATGCAGGGCTCGATTACAGTGCGGGTGCGGTACTGCGGGGGACGGTAGCGTGCACGGGGAATCAGGGATGTCGTTTTGCTGCGGCAAATACGAAGCTACACGCGGTTGAACTGGCCAGACAGTTGGATGCGCGGTTTCCGATTTTAGATCAGCCGGTAAACCTGCATGTGACCGGCTGCCATCACTCCTGTGCGCAGCACTATGTTGGCGATATCGGCCTGATGGCAGTGAAGGTTAAAGGGGAAGAAGGCTACCAGGTTGTCGTCGGTGGCGGGGCTGATGGCGATCAGGGGGTCGGGCGCGAACTATTTCCCGCCGTTCGTGCGAATGAACTTTATCCGCTCCTGGAGGGCCTCTTCTCTGCATATTTCGTCGAGCGTCACTCCGATGAGACATTCCTTCACTTCACCCGTCGTCACGAAATCGCAGCACTGCAGACGTTCTGCAACGAGGAGAGAGCATAGCTATGCAGATGGTTCCTTACATCCCTGAAGATGCGCCCTTCACTCCGGAGCAGCGAAGCTGGCTCAATGGATTTCTAGCCGGAATGTACTCCAGCGTTCCTGCGGCTGCTCCACCGGCTGACCCCCCTCGGTCGCTTAAGATCGCGGTGCTTTATGCGTCACAATCCGGAACCGCAGAAGGGCTGGCCCGCAGGTTGGCCAGGGAGCTGAAGGCGAAGGGACACGTTACCTCTCTGTCTTCGCTCGAAGGATACGCTTCGGCAACGCTGCTGGGCGAGCGGTACGCCATTATTGTTGGCAGTACGTATGGCGAGGGCGAGGCCCCCGATGCTGTGCGGCCTTTCTACGAGCAGCTTTGTCTGGAACATTTCCCGTGCTGTGAGAATCTCTCTTACGCTGTGCTGGCGCTTGGCGACTCAAACTACGAGCACTTCTGTAAGTTCGGCATCGACCTCGACAACAAGCTCGCATCGTTAGCAGGTACGCGGCTCTGTGAGCGTGCCGACTGCGACGTTGATTATGAGAGCACCTTTGAACAGTGGAAGACCTCCCTCTATCGAAGCCTCGATGACATTGTGGCTGCAGGCCCGGCCCGTACTGCGCCATCGACTCATCTTGATGCCGCTCCGGCTAAGTCAGCCGCGATGAATGCTGCCAGCTATAACCGAGATAATCCTTACAGCGCCCCGCTCATGGAGAAGCGTGCGTTGACGCATGAGATCTCCAGCAAGCAGACGCTACATCTGGCTTTTGATATCCGCCACGCTAACGTGAGCTATGAGGCGGGCGATGCCTGTGGAGTAATTCCGCAGAATGACATCCGACTAGTCGAGGATATCCTCCATCATCTGAATTTCAGCGCATCTATAGCCGTGAAGCTTCCGAAGGGTGGAACCGCAACTCTGCTCGACGCCCTGCTGGACCATCTGCAGATCACTCGCCTGACAAGGAAGATGATTGAGGCTTATGCCACGATCGGTCAGTGCCAGCCACTCTTTGACCTGCTGGCTGCTGAGCGGCAGCAACTGGAGAAGTATACCTGGGATCGGGGACTAATCGACCTTCTACACGATTACCCCGGTGTCCTTCGCGATCCTGCAGACCTGGTTGCGATGCTGCCACGTCTGACGCCGCGGCTCTACTCGATCTCATCCAGTCCGGCAGCTCATCCAGGGGAGATTCACACCACGGTGGCCGTAGTTCGCTATCAGGCGCATAACCGGGAACGCGGTGGAGTTTGTTCCACACTACTGGCCGATCGTAGAAGCTCCGGTGAAAGGCTTCCGGTCTACATCCATCCGAATAAGCGTTTCCGTCTTCCCGCGGACAGTAACGGCCCGATGATCATGATCGGTCCGGGGACCGGGATAGCACCGTTTCGCTCTTTTCTGCATGAGAGGCGCGCACTGAATCATACGGGCAAGAACTGGCTGTTTTTCGGCGAACGTTCCGCAGCTACGGATTTTCTTTATCGGGATGAGTTGGAAGAGATGCACTCCGATGGGCACCTTACGCGTCTTGACCTTGCGTTCTCGCGGGATCAGGAACGGAAGATCTACGTGCAGGACAGGATGAAGGAGAAGGGGCGTGAACTCTTTGACTGGCTGGAGCAGGGAGCCAGCGTGTATGTCTGCGGTGACGCCTCTCGGATGGCGAAAGATGTTGACGCTGCACTTCACTCGGTTATTGAGAGTCACAGCGGAAGAGGCCCGGATGCCGCAAGCGAATACATGCAGGTTTTGAAAG
NZ_CP048114.1_gap25	796369	799114	2745	CGCGCTTTGACGCCTACCTGGAGCACTACAAAGCGCTGAACAAGATCTACGGCACGTACTTTAGCCCAGGCAAGGCTCCTTCGCGTGCTTTCATGGCAGTGGACTGGATTCCCGGCGACTCCCTGGTCGAGTTCGTTGGCAGCGCTCTGGTTGTCAATCCACCTTCCACTTCGTCGAACTAGTTAACAAATGAACAGGAGCTGCAAATGATCTTGAAGTCCCGTTGGAACCGTCGTTCCTTTTTGTCCGCACTTGGTGCTGCAACCGGTGGTTTGATGGCACCACGTGCGGCCGTTGCCGAAAAGAAAGACGAGAAGCACGGCGTCGACGGTCATGCGATCGTTCCCATCAAGAGCGGTCTGGGCTCGACGGGTGATGTCTATAAGGAACTGGGCGTAACTCCGCTGGTCAATATCGTTGGCACCGTCACCGTCATCGGCGGAACCGTGATGAAGCCCGAAGTGATGGAGTTGATGCGCCAGGGCAATCAGCACTTCGTGATGATCAATGAGCTCGAGGTCGCCGCCGGCCGTTATATCGAGAAGCTCTGCAAGCTGCCCTCCGGCTACACCGCCCTGGTTACCGGTGGCGTTGCTGCCGGCACCGTCTGTGCCTATGCAGGCATGTTGACCGAAGATCTGGAACCGCGCATGAAGGCCTGCCCCGACCTCACAGGCTTTCCCAAGACCGAGGTCCTTATCCAAAAGGCTCACCGCAACAACTTCGATCATCAGGTGCGCCAGACAGGCGTCAAGCTCATCGAAGTCGAGACCAAGGATCAGATGATCAACGCCATCAACGACAAGACGCTGGCGATGCACTACATCAACATCCAGTCCGATCGCGGCCAGGTCAGCGGCCCCGAGATGATCGAGATCGCCCGCAAGGCGAACATCTACACCTTCAACGATGCCTCTGCCGATGTTCCTCCTAAGGAGCGTCTGTGGGAGTATCCGGCGCAGGGTTGGGATTTCGTCGCCTTTTCTGGCGGCAAGGACATCTGCGGACCGCAGTCGACCGGCTTCCTCATCGGCAAGGAGAAGCTCGTCCGGTGGGCGCAGATGAATATGAGCCCGCAGGAAGATCGCATCGGCCGCGCCTGCAAGGTTGGCAAGGAACAGATCTTTGCCGCGCTCAAGGCGCTCGAGATGTTCGTCAACCAAGACTATGATGCCGTCGTAAAGAGCTATGATGATCGCGCCGCAGTCATCTCCAAGGCGGTCGCAAAGTTTGGCGTTACTCCTCTTCCGCGGCAGTTCAACCCCAACGCTCTTGGCAATGTCACCCCGCACTACAGCTGGAAGATCGATCAGACGAAGCTGAACATCACCTCCCAGGAGGTTTTACATCAGCTCGCTGAAACGAAGCCCGTTGGCATCGGCAGCTTGAACGCCGATGCTGCTGGCATGCGCGGTCGCAATCCTGATGCACCCGCTCATCCGCAGGAGCGCCATCGTCGTCAGCAGGATCCGGCAGTCTTTGGTTTTGCGATGTGGCAGCTCAAGGACGGTGAAGACAAGTACATCGCTGATCGGCTGGTTGAAATCTTCAGCGGAGCTAAAAAGGCCTGACCCTTCCCGAACCACATAGACATACGGCATAATTGGGGCCTTCTCTGAAGAGAAGGTCGCAATCGGCCCGATTCCACAGTGCTCGAATTAAGGAGATCCATGAATCGTCCGTTTTACCGAGTAGCCCGAACTATTGCCTCCTGTTGCGCAGTGCTCTCGCTCGCTGCTGCCTCCGTCCATGCTTTTGCCCAGGCGCCTAACCTGGCCTATGACCTGGTCCTGCAGAACGGCCACGTCATCGACGACAAGAACCATGTCGACTCGGTCATGGACGTCGCTATCAAGGACGGCAAGATTGCCAAGGTCGCGCAGCATATCGCAGCGACGGATGCTCTGAAGGCCATCGACGTGAAGGGCCTCTATGTGACCCCTGGCCTCATTGATATCCACTTCCACGGATTTCTGGTCCCTGGAGAGCGCGGGTCCTACGCCGGCGACAACAGCATCCGTCCTGATGGCTTTACCTTCCGTACTGGCGTTACGACAGTGGTCGATGCCGGTTGCGCGGGCTGGCGCAACTTTGAGGAATACAAGGATCGCATCATTGACCGGCAGAAGACCCGCATCCTTGTCATGCTGAACATCGTGGGCGCCGGTATGCGTGGCGCCAAGTATGAGAATAATAAGGCGGATATGGACGGTGCGGCCACTGCAGCGATGGCCCTCAAGTATCCGAAGATCGTCGTCGGCATCAAGACGGCGCATTATGCCGGTCCTGACTGGACCCCGGTTGAACAAGCTGTCATTGCCGGAACCAAGGCCAACATTCCCGTAATGGTCGACTTCGGCGAGAACTTCCCCAAGACCCGTCCGCTCTATGATCTGCTCACCAAGAAGCTGCGTCCCGGCGACATCTACACCCACATGTACTCCGGCCTGCGCAACGAGCAAGATCCTGTCACCATGGGCCCCAGCAAGGCATTCATTGAGGGCCGCAAGCGCGGCATCATCTTCGACACCGGTACCGGCGGCGGCAGCTTCCGCTTCTCGCTCGCCGTTCCCATGGTCAAGGATGGATTCATCCCTGACTCCCTCTCGACGGACCTTCACATCGGCAGCATGAACAGCGCTACCAAGGACGAGCTGAATGTCGCCAGCAAGATGATGGCGATCGGTCAATCGCTGCAGCAGGTTATCGCTGAGATGACCTCGCATCCGGCGCGCGAGATCAAGC
NZ_CP048114.1_gap26	881809	884587	2778	TTCGGGTGTCAAGCTCGGAAAGGTCGACGGCGCCGTGCCGCTCAAGATCGTCCAGCAGGGTGAAGTACATTCTGGCGTTGGTACGCTGCTCGCGGGTAAGCGAAAGATCGCCTCCAAGAGATCGCCAGGTGCGTTCTACAAGCTGCGACAGGGAAATGCGAAGGCGCTGTGCGAACGCGGTCTGCAGAACAGGCCAAATGCGCATCAGCCTCTGGCAAGAATCCTCGCTGAGATCCTGCCCTCTGCTTACGATTAGTTCCTCGATCGATTTACGGAAGAGAGCCGGATCATCTTTTCCCGCGAGCAGGTGCAACTCCGCGAGTTCAAGTCCACACCACGGCGCCCTGAGCACAGCCAGCCAGGCGACGCGGTCTGCGGGATGCAGAAGAGCGCGCGTAAGCGCATAGAGGTCCAGGACCTCGGGGCGCTCTTTGAGGTATTCGATTTTGACGGCGCGGTAGGGAATGGGTGGCGTCCCCCGCTCGCGCTTCAGCTCAGCGGCAATCTCCGTAAGGTGGGCGCGATTGCGGACGAGTACGGCGATCTTTTCCGGCTCTCTCCCTTCTGCCGAAGCTCGGGCGTGCCACTGGTCGATGATGGCTCTGACCTGCAGGGCTTCGCGCTGTGCCTGTCGCCGCCGCGCGATCTTCCGGTCCTCCTTCTTCAGATCGGACGGCAGGGATTGTGTGTGCCAGACAACCTTTTGTGACTCAGAGGATCGTCCTCGCACCGGATGAGCAGCGACGTACGGAACCTCATCCGGGCGATCTTCGCTTACATCCTTGGGAAACAGGCGGGAGAAGTCCTCGTTGAAGGAATGCACCAGCAACTCCTGTGAGCGAAAATTGGCGGTGAGATATAAGCGCCCAAGAGAGATGCCGCCAAGCTGCTGCTGCTGCATGGTTTGAATGAATCGTTCTACACGCGCCTGCCGAAAGAGATAAATAGATTGTTTGGGATCACCCACAAGGAAGATCGTCTGGCTGTGCCCATCCCAACCCTGGGTCAGGAGTTGGATCAGGTCATACTGACTGGTAGAGGTGTCCTGCATCTCATCGACGAGCAAATGTTGCAGTTGCGTTCCCATGGAGGCATCGAGCCCCACTCCCTCATTTCGCAGAGCAGAGCGTGCTACGAGGCTCGGCTCAATAAAGTCGCACTCTTCCTGTTCTGCGAAGACGATCTGCAACTCAGCCAATGCGCGATACAGAATACGGAAAAGCGCTTTCGCCATGCGCCACTGACTCTGCGGATATTGGGGTGGCGGCAGTGTCGAAAGTTTTTTCAGAGCGTCACAGAGTTCCTGGTGCGGTGCAAGCTGCTCCAGGATTCCTTTGAGTTGCTTTCCGTGATCCTTCTCGATATCAAATTTAACGTGTTGTCTGCTGGTACTTGAACGCCATCCGCTCGAGGTGACCAGAAGATGAGCCAGCGCCCTCCAGTGCGCAAGATCCTCAGCGGTTTCTCCTGGGGCATGATGGAGTCGTGCACAGATTGCGATAGGAGATTTTTCCCCCTTGTATCCATCGCGGTTGCCCATCTCTGCAGCAAGCGTTGATATCTCGTGCAGCAGGGGCGCAGGAAAGAGCCTTGCGATACGGGAGAGCTCCTGGCAGATGACGTGGACAAGCGTCCGCTCAATCTGAGGAAGGACCTCGCGATCGAGATAATCCTCTTCGAGCATCTCCTTTCCCAGAGGGACCAGGCGGCCCCACTGATCGCGAAGACTCAGCATCTCTGCAAGCAAGTTGCGGACCTGTGACAAATTGCCGTCGCGATGAAGCAGGACCGTGCGGAGCGCGTCATTGAGAGCGTCATCCTCGCCGCCTAGTTGCAGGAGGGTCCGTTCTGCGGCCTTGCGATAAAGCGCGGAGGCATCCTCGACAGGAGTGAGCGAAGCGCTGCCGGAGAGAACAGGAAGGCTGCGGCTGATCTCCGAACAGATAGAATCGATAGTCCGGATGTTGAATCGGCGGGGATGGTCCAGGAGGTCCCATCCGAACATTCGGTCCCGGTCGAGTACAGCGAGAGCCAATTCACGGCTGTGGCGCTCGAACTCCTGAAGTCCAGCCGTCGGCTCTTTTGCCTGCTGTAGCTGTTCCAATACGCGATCGCGTATCTCGCCTGCGGCCTTTACGGTAAAGGTGATGGCGAGGACCTGTTCTGGTTGCTCTACCGATGGAAGGGCGAGCAGCTTAAGATACCGTTGGATGAGCAACCCGGTCTTACCTGATCCTGCGGGCGCTTCCACGATCCATGATCGTGTCACGTCGAGCGCTTGTCCGCGCTCCAGGTGATCAGGTGGGTGAGCCGATGCGGTTTCAGTTTCCACGGACTCGGAGGGAAATGCGAAGAGATCACCCATTTCCAGAGCCGGCTGGCGTTTCTTCATCAAGGTCCTCATCAAAAGCTGCCGGATTCAACCGGCACAAAATTCGTTGCGTACAGTGCTTGCAGGTCTCCGGATAATTCTTCGGATCGACCTCTGTGTTGCCGCTATAAAAGGCATGTGCCAGGTCTTCAAGTACCCGTTGCCATTCGTCCAGCTGCTCTTCGAAGGACAACTCCCGCTTCTTCTGCACGGGCTTCTTGGCCGTAATCTTCTGAGCGAAGCTCTCGAAGGCCATCTCGTTGCCTGCGCGTATCTGCGCGAATGCTATATCGACCAAGGGAGTGTCAGGCTGCGCTGCCCTGGTAACGACGGCATAGAGCGGAAGCTGAGGCTCATCGGGACGCTTGCCCTCCCAGTGCGCGGCCTTCGCTCCGCCAGTTTTATAG
NZ_CP048114.1_gap27	893725	897735	4010	GGATGGTCGAGGATCACACAAAGCTCAATCAGCAGCTTGTCCAGACGGCGGATGTCATCGGCGCCCGAACACCTAAAAAGATGGGTAAAAGTCAGCAGGCGCAGTATGACAAGCTGGCTGCATTGTCGGGTGATGACTTTGACCGGGAGTACATCACTCTTATGGTCAAAGATCATCACAAGGATCTTCGCGAGATGCGAATGGAAGCACGAACCACTCAGGATGCAGATCTGAAGGCTGTTCTTGGCGATGGTGCTCCCATCATCCGCGATCATATGGTGTCCGCGGACCGCATGGCGCATGAACGCGGAATCCCGATGCCCGGCCATCGGCACCATCCTCCCGAACCGGGTATTCCCGTACCGTCACAACCGCCGCAATAGAGTTGGAGCGACCGTCTTTCTGAATCCGTTCCGGCAATGTGCGAAGCGTAGAATGAGTGGGATATGATCCGTGTTTCACGATGGTTGGGAATAGCCTTACTGCTCCTTCTGCCGATCGCCCTGCCGGCGGAATCGGTCAAGTCCCTGCCGGCCCCAACCGGTTATATCAATGACTTCGCTGGGGTCATCTCGCCCGCGACAAAACAGCAGATGGAGGCCCTGTGCGGAGCAGTCGACCGGCAGGCACACGCCCAGATTGCAGTTGTAACCATCAAGACCCTCGACGACGATCAGACGATTGAGGAGTTTTCCACCGAACTGGAAGACAAATGGGGCGTCGGTAATAAGGACGACCGCGGAGTCCTGATGGTGCTGGTGATGAAGCCGCGCCGCGGCCGGATCGAGGTGGGGTATGGGCTGGAAGGCATCCTGAACGATGCGAAGGTGGGTGACATCGGCCGCTCCATCGTTCCTGCTGCGAACCGGGGTGACTACGATACCGCGGTTACTTCCGGAGTGCGTCAGCTTGCGGCGATCATTGCACAGGACGCGGGGGTGACCTTATCCCTGCCACAAGGTCAGTTCCAGTATCAGCGGCGACCCCATGAGCAGGCGGTCCAGGTCAGCCCGCTGCAGCTTCTCCTCGGAGCAGGGGCAGTCATCTTCCTTCTCTTTATTCTGGCTCGTACGGGAAATATGGGACTGATCTTCTTTCTCCTGGGAAACATCCTGGGTGGAGGAGGAAGGGGTTATCGTGACAATGATCGTGATGGCTGGGGTGGAGGCGGCGGAGGCGATGGCGGGGGATTCGGCGGTTTTGGCGGCGGTCGATCCGGTGGCGGCGGAGCATCGTTTTAGGCTCTTCATCGATCAGGAATTGTGACAGGAAGGGCAATGGAGGAGTGATACAGTACATCGATAGCCGCCCTTGTCTGAAGAAAAGCTGAAGAAAGGAAAATCGGTTCAAACGAAACTATGAAACGTTTATGGATTGGTCTGGGCGCTGTTGGCCTCATTATCGTGCTTCTGCTGCTGGTAGGCGGAAGTTACGTGAGCACGAAGAACACACTGGTTGCAAAGAACGAATCGATCAATCAGGCTTATTCGCAGGTGAATGTCGTCCAGCAGCGGCGTCTCGATCTCATTCCCAACCTGGTGGCTTCGGTGAAAGGCTATGTTGCTGAAGAGTCCACCGTTCTAACCAATATCGCAAATGCCCGCGCCGGAGTGCTGGCGGCGGGATCCGATCACTCCGCCAACATCGATGCCAACCGCAAGCTGGATGTCGCCCTCGGACCGTTTTTCCGCCTGCAGGAACAGTATCCCAATCTCAGAAGCAACGAGCAGTTCATGCGCCTGAACGATGAGCTGGCGGGAACGGAAAATCGTATTGCGGTGGAAAGGCAGCGGTACAACCGCACGCTCGAGGACTACAATGTCTACGTTCGGCAGTTCCCCAACAGTATCTGGGCCGGCATGGCGGGCTTCCATTACCGGGACGAATACTTCAGGGGGAATCCCGAAAACAGTGTCGCGCCCAAGGTCGACTTCTCAAAATAGAGAAGAAGCCGAGTGAACCTTGGCACGAAGAAAGGCCGTCGTGAGCAACGACGGCCTTTCTTAATGGGACCCGCAGAATAGCTACTTGGTAAAGGAAGAGATGGCGGACGCTTCGTCATCCCGAACGTCAAAGACGGTGTAGAGCTTGGTGATCTGCAGCAGGTCCTGAACCTTCTTGGTCAGGTTGAGCAGCTTCAACTCGCCGCCTGCGTTCTTGACTGTAGTGAACGCGCTGACGAGCTCGCCGATTCCCGAGCTGTCGATGTAATTGATGTCTGCCAGGTTCAACAGAAGCTTCTTCTGTCCCTTTGTCAGCAGGTCACGAACAGCATCGCGAATGGTGACGCTGCCTTCGCCGAGGGTAATGCGGCCGCTCAGATCCAGGATAGTGACGCCGTCCACTTGGCGAGTAGATACTTTCATGCTCATGTTTACTGTTCTCCTTAGGTCCCCGACTTCGCGGGTGTACGATGCTTTATGAGTGTGAGCTCTGTTCCAGGATGTAACTTGCGAAAGTTTACCTCATCCATGAACGAGCGAATCAGGAAGATGCCGCGGCCGGAACCACGCAGAATATTTTCGGGGGCAAGAGGGTCGGGCAATGTGTCGGGATCGAGGCCAGGGCCCTGGTCGGTGATTCGAATGACAAGATCATCTGCGGTCGTTTCAAAGGAAGCCGTGATGTGCTTGTTCGGGTCATATGCATTCCCATGCAGGACAGCGTTCACCGCTGCTTCCCGGACAGCCATCGCGATGTAGGGGATGGTGTCTTCATCGAACCCGGAGCGCTGAGCGTACTGTTCGGCAGTTTGCTCAATTTTATTAACGCTGTCCAGCGTGGAGTCGAGGGTGTAACTGACGCGGCTTGTCGTTGAGTCGGCCAAGGCTATCCTTGCAGTTCCTGTGTGCCCGTCGTCAGTGGCAGACAACAGCGATGATGGCAGTGTGCTTGTGCTTTCCACGAATGTCAAGATGAGTCCCTCCGCTCCGATGGTCCGACAATCCGGGCAGCGGCCTGTCCCGGAAACTCCTACCTAAACACAACATCCCCTCTATCGGCAAATCCTGATGCGCTAAGATGCCAACAAAGCTATCCGGACCCGGGCGTTCCGTTCCCTCAGTTTCAGGCGCGGCATCCTCGGGCTTTTGAGCCGAACGATGGCAGCTTTCAGGCCGGCTCGGGTCCGTTTGCACCTGTAAAAGGCATCTATGAACCGGCACGGAAATCTCAGAACCACCGTTTCGGCGCTGGTGGGCGCCTCTGTCGTGGACTCCACGGGAGCAACGCTTGGCCGCGTGCAGGAGTTTGCGGTTCTCCCCGGCGGGGAAGATTCCTCGCGTGTGCTGGGCCTGATTCTAAAGCTGGCAAAAAAGGATCTTGAGCCGGGGAATACGATGGCTGCAGTCTGCGACCTGGAATGGGCTCGCGCCGGACTCAGCCTGCGTCCGATGGCCTCGCTGGAGCCCCCGCCCCAGGACCCTGTTCTGCTCGAGCGCGATCTGCTGGACCAGCAGATTATCGACGTCCATGGACGCAAGGTGGTTCGGGTGAATGACGTTGTCCTTGAATGGGAGCAGCGCCCGGGTATAGGCACCTCCCTGCGCATTTTGGAGGTGGAGGTCGGTCTACGAGGAGCGGTCCGGCGCCTTCTCAAAGGGTTTCCGGTGGGCAGCGTTGATCGAATCGCTCAGCGCTTCGGGCCGAGCGTCATCCCGTGGGAGTTCGTGGACCTCATCGACCCAGCGCGCAGGGTCCGGCTGAAGGTCGATCAGGATCGCCTCTCCCAGATGCACCCCTCCGATATCGCCGACATCCTGGAGGAGCTCGCGCCGGCCGAGCGCCAGGTCCTCTTCGAGAGTCTGGACGAGGAGGTAGCCGCCGAGACGCTCGAAGAAGTTGAGCCTCGCCTGCAGAAATCTCTCATTCAGTCTCTGGACTCCGAACAGGTTGCCGGCATCGTCGAGGAGATGGACCCCGGCGCCGCCGCCGACCTGCTGGCCGAGCTGCCGGAAGAAAAATCAGAGGCCATCCTGGAGGGAATGGACCCGGCCGAGCGTCAGGAGGTC
NZ_CP048114.1_gap28	939212	942958	3746	CACATTCTCGGAGGAAGAGATCCGCGCAAGTAAATTAAAATTTTGGAATACGAAGCCGATCTTTCGATTTCTAATCTCCGCTAACTCGTCGCGTCGCATATTCTCAACTGAAATTCCATCGAGGAGATATTGTCCCGAGGTTGGGCGGTCGAGACATCCTAGAATGTTCATAAACGTCGATTTTCCAGATCCAGAAGGCCCCATGATCGCTACAAAAGAGCCTTGCTCGATTGTCGTCGTCACGTCAGAGAGTGCATGCACAACGATTTCGCCTAAGCTATAGGTCTTATTTAAATGGCGGACATCAATCAGGGAAGTCATCAGTTTTAACCATTAAGTTCCTGGCAGACGACGCGTGGAAGGCAAAGAGGGAGATGTATTCGGAGTAACTGAACGGAGGATAACCGTGTCGCCTTCCTTCAAAGTGGAGGAGATCACCCCGGTGAACCTGCCATCGCTAATACTCGTTGTAACCGGAACGCTTGAAATATTGGTTCCCGATAAGAGATAAACTTGTGAGCCTTCCGCCGGTTTCATTTTCAGCTTGGCCAGAACTTCGGCATTCGGCCGGAACCGTAGAGCTGCGTTAGGAACTTTCAGTGCGTTTTCTTCGCGCAAGGTGAGGATCGTCACTTTGGCGGTCATCCCTGGAAAGAGCTTCAGATCAGGGTTCGGCACGGTAATAACAACATCATAAGTCACGACATTCTGGGCATTGATAGGTGCTCTTCTCACGTCGGCGACTGTGCCATGGAAAGTCGTCTCCGGATATGCATCGACTGTGAAGGTAGCAAGCTGTCCTGAGTGAATACTGCCAACGTCGGCTTCGTCGACATTGGTGTCCACCTGCATCTTTGTGAGATCTTCGCCGATATCAAAAAGATCAGGCGTCTGAAACGTTGCTGCGACGGTTTGTCCTACATCGAAGTGACGCGCAATCACCGTTCCGGAGACCGGCGCGATAATTCGAGTGTGGTCCAGATTTACTTGTGCCTGGGCCAGATTGGCCTTGGCCTGCTGTAATTGCGCGATTGCTCCTCCGAGTTGAGCTCTTACAGAAACGGACTGTGCCTGGAAGGACTGAATATTTCGACTTGCGGCATCAATCTGGGCTTTATCAGATTCGAGTTGAGCTTGTGCGGCTGCGAAAGCTGCTTTTGCCATGTCGTGATCCTGCGATGAGACGACGCCTTCTTGGAACAGTCCTTCCGAGCGGCGCCACTGTTCTTTGATATTTAACAGGTTTGCCTGATCTTTCTGGGCTATCGCCACCAAGCTGGTCCTAGTGGCCGTCGCCGCCGCGATGTCGGAATCGGCCTTCATCAGCTGAGCGTCGGCAGAAGCTACCGACGCTTCATTCCCGTTGACCGCGGCGGAAGCTGCATCTACTTGAGCCTGAAAGATCGCAGGATCGATCTGAGCGATCAACTGGCCCTTTTGAACCTTCGTATTAAAATCCGCATATAAGGCTTTGATGTTGCCAGAGACCTGACTGCCCACCTGCACGTTCACGACAGGATTGAGGTTACCCGTAGCTGTGATGAATGCCTGAATCGGGCCTCGCTCGAGTTTCGCAGTCTCGAACCCCATCGTTTTGGGACGATAAAAGTGTCTTTTAAGAACGAATCCCGCAGCAGCAAGTGCGATCAAGGCGAACACCGCAAGCCAGATCCTGTTCCGATGTCCAGCGGGGACAGGTACCGTGTTCAACTCTTGAGGGTTGGCAATCACCAGCTCCAACGGCTGCTTTTCTATTGGTGCGGTTGCTCCAGAAGATTGCACTACATCCTGGGCCTTACTTGTCGTCATTGTAGGGCTCCTCAATATAGGCACGATTATGGACCTCTTAACCTCCTGGTATGTGATCATGATCACGGCTCTGCTTCGTAGGATTGAAGGAGCAGGGCAGCTTCTTGCCTAAAAATGAAATGGTCGTAGAATGCTGAGCTACGGAGCTTTGCAGAAAAATGTCGTCATTTCAAGATGAGAACCGGCAAGATGTCCAATCGAAGCTGCCATATGTGGGAAATTCGCAGCGATGGCTTGCTTCCGTTGTTGAGTTCTCAGACGATGCCATTATTAGCGAAACCCTGGATGGAATTGTCAGGAGTTGGAATAAGGGTGCGGAAAGGATTTTCGGTTATTCCGCCCCTGAAGCGATTGGCAGGTCTATCTCCTTCCTTGCGTGGCCAGGCTGCGAAGAAGACATGGTGCAGTTGATTGCAATGATCCGCCGAGGCGAACGGGTCGACCATTACGAAACCATCAAGAAGCACAAAGACGGCAGACCAATCGATGTCTCGCTGGCTCTAGCGGGCATTTCCGATGCTGACGGAAATGTAATCGGAATCTCGAAGATCTCCCGCGATATCTCGAGCCGGAAGGCCACTGAGGCTAGATTTCGTGAGCTTATTGAAAATGCTCCAGACGCGATTCTCCAAGTTGATCCCGACGGAACGATTGTTGTTGCGAACCGGACGGCCGAGACGATGTTCGGCTATAGCCGGGAAGAATTGCTCGGAGCAAATGTGGACATTCTAGTGCCAATAAAGGCAAAGACTGTACATATGAAGCACAGAGCCTCGTTTGCCGGATCTCCAAAAATCCGTCCCATGGGTAGCGGCATGGAATTGTCTGCTTTACGCAAAGATGGGATCGAAGTTCCGGTAGAGATCAGTCTCAGCCCTTCATATCAGCAAGCTGGCGTGAATGTTACGGCGGTAATTCGCGATGTTAGTGAACGGAGACAGGCAGAGCTACAAATGAGGTCTCTCCAGAAAAACTACATGGCGGAACTCGAAGCAAGGCAGAAAGAAGCCGAGACGTCGAACCGCCTGAAGAGTGAGTTTCTCGCCAGTATGAGCCATGAGCTTAGAACTCCACTCCACACTATTATCGGCTTCGCGGATTTGTTAAGTGAAGAGAGTGATGGACCGCTAAACGATAAGCAGCGACGATTTCTTAGGCACATTCAAGAAGATTCTGAACACCTTCTCGGTTTGATTAACGACGTACTGGATTTTAGCAAGATTGAAGCGGGAGGGATGTCGCTTCGAATCGAAAAGGTTCATCTTGCCGATGAAATTTCCGACGCAGTGAATGCAATTCGCCCTAGAGCGGCAATGAAGTCTCTGGATTTGAAGATCCAAGAGGTTTTCTCGGGGTTGGTTGCTGTTGATCCAATGCGCTTGAAAGAGGTCTTCTACAATCTTTTAAGCAATGCCGTGAAGTTCACTCCCGAAAATGGAAAGATTACCGTGCAAACGGAAGAAGACGATCAATTTGTTCATGTCACGGTCGCGGATTCTGGAATTGGCATCCCCGAGGATCAGTTAGAGCGTGCCTTTGAAAAATTCTATCAGGTGGGTTATGCCACCGGCGGCGTCCGCGAGGGGACCGGTCTAGGTTTAGCTATTTGCAAACGTTTAATCGAGATGCACGGAGGCAAAATCTGGATCGACAGCAGCGAAGGCGCTGGAAGCCGGTTCCACTTTACTATTCCGAAAGCCGTGTGACGGTAGTCACTACAAAAGAGCATTGTCTTTGTAAAGCTAAAGTAGAAACTTTAAAGCATAGGGGCCATGATGTCATCACTCAGCGATTTGCCTTGCGTTAAACGAACGATATTGATTGCCGACGACAAGCCAAGCAATCGTGAGCTCTTGCGGACGATTCTGGAGCATGCCAACTATATCGTCATCGAAGCCGTTGACGGAGAAGAAGCCCTTTCAATGACTGTGGAAGCG
NZ_CP048114.1_gap29	947645	951795	4150	TCATGTCCAGAATAGAAATTTTCTATCAAGTAGATTTTCGTACGAGCATTTTCGAGACCGTTTCCGACGCAGACTGACAGCTCTACTGCCGGCTGGCATTGATCAGTTCTGCAAAATCAATATACGTTGCGAGCTTGGTAATCCCTCAACAGCGATCATAGCCGCGGCCCTCGAGGGGTCCGCCAGTCTTGTGATCTTAGGCGCTCGGGACAGGAAGCTCTCCGATCATGCGCCATGGTCGACCTTCTCGCACATTGTCCGTGATGTCAAATGTCCCGTACTTGGGATCAAAGATTCCGCCGTCCTAGACATAACCGGATGCCATCGGAGATGGATTCCGTAACTTCTAGTTCGAATTCGAAATTGAGGTGACACAATGCGCTACGCAACCCTTCCTGCAGAAACTCATTCATCGGCCGCACCATCCCCATCAACCGATCCTCAAATAGAAGTGCGCCGGATTGTCGTTGGGTTCGCCCTGGGAGGAAACATGCGGCCGCTTCTGAAAACCGCAAAGGCAATTGCAAAAGAGTTCGGAGCGGAAATCTTCGTGATTCATTCTATCGCGCCCACTCCGGCCACACTTGGAATGGTGGGAGAAACGCTGGAGGCGAGAACGAAGGCACTCGAAGCCACCAAAAGAAAGATTGAAAGAATACTTCAAAGAGAAGGTGTCACTACACCCTTCCACGTTTCGGTCGAACTTGATAGTCCCGCCACGGTGCTTCAGAAGGCTGTAAAGGAACATCAAGCTGACCTTGTAATTGTTGGCTCTCGAGGAAGGCACGGCTTCGAGCAGCTGATAGAGGGGTCTGTTTCGCAAGCCATCGCAGATCGAGTCAACTGTCCTGTTCTTATTCTCGGACCTTCCTTCTCACCTGATCAGAATCTCTTTCAGACGATTCTGTTAGCTACTGATCTCGATAAGACAGGGTATGGAGCAGCGAAATATGCAGGTGCTCTTGCGGCCGGTCGAGATTGCAGGTTGATTCTCATGCATGTAGCTCGACAGAAACCGCGATCTGAAAATCGAAACCGTGAATGGGTCGAAGAAAATACTACGGAGAAGCTGTATCGCCTGCTTGAGAAACAAGTCCGTTGCGAATGCGATCATGAGGCGCTTATTGCCTATGGGGATTCAGCACAAGAGATCCTCGCGGCCGCAGACAACAAGCGCGCAGATCTTATCGTGCTCGGAGTTGGTAGTGAAAGAAAACCGATGAGTGATCACGCATCGTGGAGGACCCTCACAACCATTGTCAGGCACGCTCGGTGTCCGGTGCTCGTTGTCGGTTCATAAAATCGCGCCCAAGCCAGTTGTTTGTTTGATGAAAGCACTGGTCGTGGAAAAATAGTGTTCAATTTATCCATCTAACCAATAACGACGAGGCTCCCGATAAGCGCCACCAGTACTGCGGCAAGTCCCAGCGCTGTATATTTGCGAAATGAGGTGTTGCCCCATATCAGCGCTATCCCCATTTTCACCGCAGTATTACCAATAATCCCTACAACAAGAATCTTTGCTGCTTCATCGGTTCGTATGTTTTGACGAATCATAGGCAAAAGCGATGCAACAAGTGCATCGATATCGACTGATCCAAGCGTCAGTGCTGAGCCAAATGTTCCCATGGCACCGAAATGAGAACGCGCAAACGAGATGAGGTATTGGGAGGCTATGAAGATCAAGGAAAGATACGTCGCTGCAGCGAGGCGGAGCGGATTCTTTTCTTCAAGGGAGCCGGATACCTTTGCGGGACGACGCGCGCTATATAAACTTGACAATCCTCCAATCAGAACAGGCACAGTAACATACGCTAAAACCCGACCGGCAAGGGGCGGGCGGAGCAGCACACACAAAACACATACTCGTAACATCGAAATGGCGGTGGCAGCCATTACTCCTCCGAACAGAGGAGTGGGAGATTCAACATAATTTCGACTGTCGCGTGAAAACGCCAAAGTCACCTGAGTCGAGGAAACTAGTCCACCAATTAATCCTGTGAGTACCCAGCCAGCCTCGTTCCCCAAGGCCCTCCTGGCCAGATAGCCTGCAAAATTTAGCCCAGAAAACACTAAAACGAGAATCCAGGTAGAGCGAAAGTTCAGAATTCCGCCCACGCCAAAGTTGCGAGAAGGCAATAGGGGAAGAACGATAAGCGCCATTGCCGCAAACTGTGCGGCAGCTTCCAGTTCGACGACGCCGATACGATCCACAAAAGCGTGAAGCCAGGACTTTTTAATAAGGAGCAAGACTGTCCATGCGTAGAGCGCAGAAGCAATGCTCAAGTGGCCAAGACCAGCACTTAGACCACTCGTCAAGACAGCAATTGCCGCGACTTCCGTGGTTGCATCACGTGAGATATTCTCGGCACTCCAGCGGACGACCAGTACCATGGCCGTGGCACCGGCGAGAAGAACGATCGCAGGTATTATGAACTTATCTGTGATGAGGAAGCCGCATGCTCCAGCTATTGTTCCGAGGAGTGTAAACGTTCGAAGACCTCCAATAGCTCCGGGCGCGTCATCTTTGTGCGCTTTCTGCCTGTCAATACCCACCGCAGCGCCGCCAAGGGCCGCGATACCGATTCCCAAAAGGCTGTCATTGATTTGCAGTACCATGCAGCCGTCTCCCCTAACCATTGCCTACTCTACGCAATAACGCGCACAGGTTTGTAGGTACCTATTCTAGGTTCACTCTATATCCGTCTACTGTGACGAATGTCACCGAAAAAGAACTCATCTCAAATCTATAATGGGTGGTGGTTGTGAACGGCGACCCAATATGACCAATCTTGAACAGATCGTAGTTGCGACCGATTTCTCACCGGCTTCTGCCTCAGCGCTGCACGTTGCGGGCCGGATCGCGCGCCTATTCAATATAAAAGTTACGGTCGTGCACGTCTTCCAATATCCCGTCCATCATCGGTACCCGATACGCGTGGGATGGATGGTCGAGATGATTCGTAAGGAAGTTCGAGAGAAACTCAATCAAGCCCGATGTGTGCTGGAGGAGATGAACGTGCAGCCAGAAGGCCTCATGATTGGGGATGGATTTGCCTCTGCCGAAATTCTCAACCTCCTGCAAAAATATGAGAATCCACTTCTTGTGATGGGTACTCATGCGGTAGCGGGCATCGATCGCTTCCTGCTCGGCTCTACTGCGGAGGAGATATTGCGGCAAGCGAAGTGTCCTGTTATCACGGTAGGACCACACGTTCCACGAGAAGAGAAAGCGGATCCCGCCTTCCATCGAATCTTGTATCCCACGGATGGCAGTATTGCTTCCATGACCGCAATATCCCTGATACAACTGCTTCGCCGAGCTTCACCTGCCTCCCTTCGAGTGCTTCATGTCCTAGATCCTGCAATCGAGAGTGCTGTAGGTGATGATGTCTTCGAAGTAGTTCGGAGTTCTCTCAAGCATCACGAGATCGCGAGCGAGGATACATGCGACGAATATGTCACCTTGCACGGCAAAGATGTCGGCCAGGCGGTAGTCAATGAAGCTGAACGTTTTTCTGCAGATCTATTAATTCTCGGCGTTCGACGTGCTTCAGCATGGGCCTCCCACCTCGTGCCAAAGGTAACGTATCAAATTATTGCGGCATCGCCGTGCCCGGTCATGACGGTCTCATCGTGATAAGAGGATGGACACAGAGGCCTTATGCGATATGAACTTAGATTGCACAGACTACTCTTGAAAATGCTCGCTGTGCTGTTATTGGTTGTTATCGTCATTTTTATCTACCTAACTCCACATTTTGTAGATCCACATGCTGAGGCTGCCGAGTCTCTCATAGTGGTGCTTGTTGTGGCAACAATTCTAGTTTATACGGGAGCTGCTGAAGGCGTCGTTGCTACCCAATTCGGACTCAAGCACAAGAGGGAGATGGCAAGCTATCTCTTGTTGGGAGTACTATCGCTTGTCTCGGGCATCTACCTTGCGATATCTGACAGGGTGTCCTTACAGACTGTCGCTATCGTTGTGTCTCCACATGCATTTCTGTTCGGAGTGGCACAATTGCGGTTGACAAGTCATGTGCGGCATCATCGCGAGTCAAGAAAAGCATTGTTCGCATGCGGTTTAGTGGAACTAGGATCCGGCCTTGCGCTTCTTGCAGGGTGGCGACTGTCGGTCGGCCAGGTTGCT
NZ_CP048114.1_gap30	953868	957423	3555	TGGATATGCCATCGCCTGTAAACGAGGGGATGACGGCCGCCTGATCGCCGATGCAGTAGAGTCCATCCTCTGTTGTACGGCGAATATAACCGTATGGGATATGAGTAACCGTGATCGGCTTGACAAGCAGGGGCTCCGCATCGGCAAGCCGCATCGCAAGGTGAGGACAGTCCTGTTGCATATTCGCAATAAGATTCTCCCAGCGAAGAGCAGAGCGCGCGAAATACCGCTGTTGCACCACACAGCAGAAATTCGCAATGCCGCCTTCTACGGGTTGAATCCCGCCGTATCCTCCCGAATAGAGCGTTAGCTCGGATGCCTCCCCCAGGTCGGCGATCTGAGCTGCAGATAGCCTGTAATACATCTTGAAGGCAACCCACCGATGAGGATCCTTCGGGCGTGTATGGCCGCGGAGATCATGCTTGCCCGTGGCGAGGAAGACTGTAGGGGCCTCATGAACGCTGCCGTCATCGAGCGTAGCCTGCCAGCTGCCGGTCGTACGGCTGAGCGACTGCACGCTGCGCCCGCACTTTACGCGGACTCCCGCGGCGACGGCCTCGGCAATGAGCGATGTATCAAGTGCTTTGCGCGTGAGTGAGGCTGCGGGAAAAGGCAACGGAGCTTCCGCAGCACGCCTGGCTGCGGCAAGACGAACGTACTCGATGGGCACTGCGCCGAGCGAAGTCACGTTGATGCCAAGAGCGCGCAAGTCATCGAGCGCCTCGCCGCTCAAGAATTCTCCACATACCTTATGGCGTGGAGTGGGCTCTCGTTCGACCAGTGTGACTCTTCGTCCTCTGCGAGCAAGTGCGATCGAAGCGGCGCAGCCTGCTACTCCGCCACCAACTACTAAAACTTCGTCTTGCAAAGCATTGCTCCTAATTCGCTGGATGTTGAACCAGCTTGTGAGGGTTCTCATGCTTCTAGTAGACGTCTCAAAAGCAGCTTGGCGGATCATCCTGAACAAATCGTCATTTTGGAGTCGGCAAGGTGAACATCCATTGGGCATATCAGAAAGCTAAACTCTGAAACGGGGCCCTTGATGGAGCGAATCCATTTCGTTGTAGCTGTTTTGCTGGCGATGTCTTTGGGAGCTTCAGCGCCGGCAGAACAAGTTCTTGTGAGACATGTCCAACGGCCGATGCACCGGTTTATGGTGGCCCGCTCCGAGGATGGAAAAATCATTGCCAATGGCGAGTTTTCACAAGTTGTGAAAGGCGATGAAGTAACCATGCGTCTAATCTATCGCTTTGTCGATGGATCGATTGATGACGAGACGACGACATACACGCAACAGGGCAAGTTCCGGTTAGTGAGCAACCATCACATACAAAAAGGACCGTTCTTCACAAAGCCCATCGACTTTACGGTAGAAGCCGCTACCGGCATAGCGACCAGCCGGACAACAGACAAGAATGGAAAAATACACATCGAGAGCAAGCACTTGAACCTGCCGGACGACCTGGCAAATGGCTTCGTTGGGACACTGCTGCTGAACGTGCCACACAATACCACGCCGTTTCGGGTGGGGATGCTGGCGCCCGTCGGTGGCGGGCGGTTGATTCGGCTCCTGATCTGGCCGGAAGAAGAGCAGACGGTTCATTTGGCGGGACAGGCTTTTAAGGCGACCGTGTTTCGTATTCATCCGGAGTTAGGCGGGATCGTGAGCGTTATTGCGCGGCTGCTCGGACTTCAACCGAAAGATGTGATGGTATGGGTGCTTGAAGGTGAGGAGCCTGCGGTGGCTGTAGTTGTTGGGCAGCTCGGTGGTTACGGGCCTGTAGTCAGTTCGGACCTGGTTGGTGCTAGTTTCGAAAAATAGGAGGTTCCGCGAATCCGTATCGCAATGGGATCACCCATGCTTATGATGATTCAGTCATGACGGGTAGTGAGTTCACGCCAGTTGAGGCCAAGGTCGACCAAAACAATGGAAGCCAGAGTAAAGGCTATGACACCGACCGCTGCCAGCACGTCGCCAAGATGGCTCCAGTAAGCGGGCACAAGATTGAGAACGCGGCTGGAGACGAAGGTAAATGTGACCGCATAAGACCGGGCCATCCATTGGCGGTGCACTGTAATTTGCCGATTGCGTGCGGTGATGAAGGCGGCTGTTGTGCACACCATCCAGGCAGCGGCTTGCATCGAGGTTCCGGGAAGACCCGGCCGACCGGCTGCAAGAGCGATTCCAGTGAAGGAACCAACAAAGACGGAGATGACATAGATATAGCCGAAGATGCGATGAAGGCGTAGGTAACGCCGGCGAACACGTGAAGAGAAATTGATCGGGCCGATCACAAGAGCGAGGATTCCGGCGAGTGTATGTGGGATGAGGAGATGGCGGTCTGCTATAACCTGCAAACGGTAGGCATGGTACATCGGATAGTCAGTGATGAGGAGCAGCTCCGAAGTAATAAAGACAAAGATCGTTGTGAGAGCAAGCGAGGCCCAGAGAATAACCTTAAATCTGGAACCGCCGGAGGTTGGCGTTATCAGAGTAGAAGTTGACATGATTCGCCTTTCAGAGGGTTAAACGAGTGAAGGCGCTGCGCGACTGGCGGAGGCGATGGGCTTCGCGGCCCTGACGCTATCGTGACGTTGCAGCATCCCCGATCTCACTTCCACCGTCCGACACACAGCCGTCCCGGCCGCCACTGCTCCAGTGTCACCACCTCTTGCGGGACCTCAGCCGCAGCCAGCAGACGTATCCAATCCTCTTTGCGGAAGGCACGCCGGAACGACACCGGCCCATCGTGCCGCACAAGCCAGTGCCACCGCACCCACCCAAACATCCGGCTACTCCACTTTGACCGCTCTAAATCATTGATAAACCAACCTACCTGTACGTTCGCTTCCATCCATCTCAGCAGCGCGACGATCTCCTCGTCCTCCAAATGATGCGCCACCAGCGAACTAACGACGATATGCAACGGCTTCTCCGGTCGGTACACCATAGCATCACCGGTCACCCATGTGATTTCGAGATCCTTCGGCGTGGATTCTACTGCTGCACGCGCAGCATAAGGATTCAAGTCGACCCCTGTTAGCTGTACAGCAATGCCCCGTCTCCGTGCCCAGGCAGCGATCTTTCGGAGAAAATCGCCGCCACCACTGCCTACATCGACGATGTGTAATGGATCATGTGATTTATGTGGTAATTGTTTCAGCCAAGCCAGCGTCGGTCGATAGCCTAACAGCCAGCGGTTGACCGTTTCCAGACTGCGCATGCAGTCGCGGAAGTCCTCGTAACTACAGTCACCATCCATCAACTCCGGTAACTCGCGCGGAGAGACCCTGCACCTGAAATCAACCTCTGCACTAGACCGCATGGAATCGCATCGTCTCCGCTGTCAATCCCGGTCCAAACGCCATCGCGCATCCGCGCTGCCCTGGCCGCGCATGCTGCATTATTCTCTGCAGCACAAACATCACCGTTGCCGATGACATATTTCCGAAAGCTGATAGCACCTCGCGCGAAGCAGCCAACGCATCAGCCGGTAATTCCAATCCTCTCTCCACCGCATCCAGAATCGACCGCCCTCCGGGATGAACCGCCCA
NZ_CP048114.1_gap31	963086	968045	4959	GCACTTGCCAGGCGCGAGTACGAACTTCGTCGCGACCAGTTTCTGAACACCTTTCGACCACTGAAAGATCAGGCAGTCGAGATATCCGATATCAGCCGAGCAGCCTATCAGGCTGGGGGCCTTGATCTCGTCCGGCTTCTCGACGCGGAACGGGCTCGGGTGGAAGCGGAACTGAGCTATGTGCGAGCCCTCGAAAGCTATCACCTCAGCGTGGTCGAGCTGAACTACACGGAAGGAATGGATCAATGAAGACAATCAAACAGACCGCGTGGGTATTGATCTTTCTGGGATGTGTTCTGCTCACTGGATGTCGCAACGCGCAGAAGGCTCCTTCGGAAGAAGGCAACGAGGCCAAAAGCCCGCAAGTCACCGATCAGATCACGTTGACTTCGCAGGCACAGACGGAGCAGCACGTCGCTATCGCTCCGGTAGAATCGGGAACTTCGGTTTCGCCTTACCGAGCCAAGGGCCGCATCGCGCTTCCCGACAATGCAACATGGCGTGTCGGTGTTCTTGTCGAGGGCAGGGTGGAAAAGGTCTATGCCAATCTTGGCGATGCCGTTCGAAAAGGCGAAGTGCTGGCGCATCTACACAGCCATGACGTGCATGAAGTCAAGGCGGCCTATGCGAACGCTCTCGCCGAGCGGTCTCGCCTGCAAGCTGCAGAGGCTCTGGCTCAGAAGAACTACGACCGAAGTCAGCGGCTCTACGCACTCAAAGCGGAATCCGTTAGCCAGGTAGAGATCGCAAAGCAGGAGTTGGTCAACGCTCAGAGCGCAACCCGAGAAGCGGAGAATTCCGTGATGCGGGAACAGACGCATTTGGAAGAGACTCTTGGTATATCAGCCGACACTCATGTCCACACCTCGGATGACGCTGACCTCATCCCGATCGTTGCTCCGGCAAATGGCCGCATCCTGCAAAAGAATGTTTCGCCCGGAGCTACGATCTCTCCTTCGACAGATGCTTTCATCATTGGAGACCTGAGTCATCTCTGGATGCTGGCATCCATTGATGCGGCGACACTGGCTCAGTTACGAGTTGGCCAGCACGCAACCGTCAGCATCCCCGATGTGCCCGGTGCGACCTATTCGGGCGAGATTGAGAATCTCGGCCAGGAGTTCGATCCCACGACCCGGCTCATTCAGGTACGCATCGCTATTTCCCGTCCTGACAACCGTCTCCGGCCCGAAATGCTGGCGAATGCCGAGTTCTCCCTGGGAACGGGAAAGCCAAAGCTACTGGTTCCACAGGAAGCCGTTCAGCAGATCAACGGACAAGATGTGGTCTTCGTCCAGGTTGCTGCGGATCGCTTCCGTGCCCAGCCCGTGACACTGAGTGAGATCGTTGAAGGCAAGGCTCGCATCCTGCAAGGGCTGAACGCCGGCGACAGAGTCATCACCCACGGAAGCTTCATCGCCAAATCCGAACTCCTCAAGAGCACGATCGGAGACTGAGCATGTTGAATCGAATTGTCGACGCTGCCCTCTCCGCACGATGGATCGTGCTGATGTTGGTGCTGGCCTTGGTCGGAGCAGGAATCTACGCAGTATACACGTTGCCGCTCGAAGCCTTTCCCGACCTCACCAACAACCAGATCACCATCGTGACCGATGCCCCATCCATGCCTCCGACCGAGGTTGAGCAGTTAGTGACGTATCCCATCGAGCAGGCCATGATGGGCATGCCCAAACAGGAGGAAGTGCGCTCGCTCTCGAAGCTGGGACTATCGATCGTTACTGTGGTCTTCGATGACTCAGTCTCGATGTACTTCGGACGCCAGATGATCAACGAACGTCTGCAACAAGCCGCGGATCAGCTGCCGAAGGGAGCTCAGCCAAGGCTGGGTCTCCCCGCAACCGCGTTTGGAGAGATCTTTCAGTACACCTTGGATGGCCCGTCCTCGACGATGCACCTCAAGGATATTCAAGAGTGGCAGATTAAGCGGCAGCTTCGGACCGTACCAGGAGTGAGCGAAATCAACAACTGGGGTGGCGAGGTCAAGCAGTATCAGATCATCGTCGATCCAGCTTTACTGAGCCAGTACGGACTGACCCTGCATGACGTTTCGCAGCGCATCGCCGAGAACAACACCAACTTTGGCGGCGGTTACATCGAACACAATGAGGAGCAATACACGTTACGCGGCGAGGGGAGAGCAAAAAGCATTGACGATTTGCGGAACATCGTTGTGCTGTCGAGCCGCGGCGTTCCGGTAACGCTCGGGGATGTCGCCAAGGTGCAGATCGGAGCTGCACCCAGGAACGGCGCTGTCCTGCGGAACGGCGAGACCGTCTCCGGTATGGTCATCATGCTGAAGGGTGAAAACGGCAAGCGGGTCATCGAGCTCGTGAAACAGAAGATTGAAGGGATGCGCCTACCAGATGGAGTAAAGATCGTTCCGTTCTATGACCAATCGACGATCATCGACAGGACCATCGCTACGGTGAAGAAGAACCTCTTTGAAGGTTTCCTCCTCGTCACGGTCATTCTCTTTCTGTTCCTCCGTAACATCCGCGCGGCGCTTATCACTGCCTCGATCATTCCGCTGTCGATGCTTATCAGCTTCATTAATATGAGGCTGTTTGGTTTCAGCGCTAATCTCATGAGCCTGGGTGCAATCGACTTCGGCATGATCGTGGATGGTGCTGTGGTCATGATGGAGAACTCCATCCATCGCCTTGAAGAGCATCACGAAAACGAATCCGGTCTCGATTCGGTGCGGATTGCCGCCCATGAGATGGCTCGGCCCATGGCCTTTGGTGTCATCATCATCATCGGGGTTTACCTCCCCATTTTTTTCTTACAGGGTCTCGAAGGCCGCATGTTCCATCCGATGGCTTTCACCGTATGCTCAGCACTTTTCGGTGCGTTGCTCTTGGCGCTTGTTGGAATCCCCGTCTTCGCCTCATTCGCATTTGCGAAGGGCTTGCCCGCCCGAAGGGCAGGACCGAACCGGGACTGGCTCGACAGGCTCGCAGATCGATACCAAGACTGGCTGGCGACTGTAATTCGCCATCGCAGGATTACGGCTGGCATTTCGCTTGTGATCCTTGCTGTTGCCCTTGGCTCTCTCCAATTCATCGGGACAGAGTTTATGCCGCGGCTTGATGAAGGATCGATCCTCGTGGAGACAAGAAAACTCCCCGGTATCTCACTGACAGATTCGGTTGAGGTCAGCAAACGAATTGAGCAAAAGCTGCGTGCTTTCCCTGAGGTTGCAGATGTCGTGATCAAGATCGGGCGGCCCGACTTCGCTACCGAGGCAATGGGCATCCATGAGGGCGATACGTACCTCTTGCTCAAACCGATGAATCAATGGCATCGCTTTCACACCAAAGGTGAGTTGATCGAAGCTTTGGACAGGGAACTGGGAACCGTTCCAGGACTTGCCTACAACTTCACTCAACCGATGGCCATGCGTGTCGATGAAACCGTCTCCGGCGTAAAGGCAGATCTCGCTATCAAGATTTTCGGGGATGATCTCGGCCAACTGGATTCGCTTGCCCAACAGGTACTCCGGGCGACCGCTCGGGTTCGGGGGGCTGCGGACCCGCAGATTCAGCTTACGTCCGGCGTGCCTGATCTCACAGTGCAGGTCGATCATGCCGCGCTCGCCCGGTACGGTCTCAATGTTACGGATGTGGAACAGGCGGTCGCAGCGGGCGCTTCCGGCTCGGTGATCTCGCTGTTCATCGAGGGCCAGAAGCGCTACGATATTGCGTTGCGTCTGCCGGAGTCTTATCGGGCCAATCCCCAAGCCATGCAAGCCATTGTTCTCCGCTCCTCCGATGGCGCTCAAGTGAAGTTGAGCCAGGTCGCACAGGTACGCGTGGTGCGCGCAGCGATTGAGATCGACCGCGAAGAGGGACAGCGCAGAGCTGTCGTTATGTCCAACGTCGGAGGACGCGATCTTGGTTCGTTCGTGAAAGAGGTGGAAGCGAACATCGCCCGTGACGTAAAGCTGCCGGTTGGCTACACCATCGAATACGGCGGCCAGTTCGCGAATCAGGAACGAGCTACTAAACGCCTGATGCTCATCATCCCGATCGTGGTCTTCCTGATCTACATCCTGCTTTATTTCACTTTCAAGTCCTTCAAACAAGCATTACTTGTTGTGGGCAATATTCCTTTTGCCATGGTCGGAGGTATTGCGGCCTTGTGGCTTCGCGGCATGAACCTGAATCTCTCGGCATCCGTTGGATTCATCGCGCTCTTCGGTGTCGCGATGCTGAACGGCGTGGTCTTAGTGAGTGCTATTAACCATGCCCGTAAGGAGGGGCAGTCCACATTCAAAGCGGTTTTCACGGGAGCGCGACGCCGACTCCGGCCCGTACTCATGACGGCCTGCGTTGCAAGCTTTGGCTTCTTCCCGATGGCGTTCTCCACCTCAATGGGGTCAGAGGTACAGCGGCCACTGGCGACTGTTGTTATTGGCGGTCTCGTGACCTCGACCCTGCTCACACTGATGTTGTTGCCGGTGCTGTATGAGTGGATCTTCGAGAAGGACTCCGGAACGACAGGTCAAGCATCTCTAAAGGCGGATCGAGTCACACAATCCCCAACTTAACGAGGGAGGGGGCGAGAATGGCAGATATCAGAGATCTGCGCATCGGCATCTTCTCGCCTAGTTGTCCGCCGTACTCTTCGGTGCAAGCATGCCGTTCGCCAAGCTCTTGCTGAATAATGCATCACCCTTGATGATGGCTGGCCTGCTCTATCTTGGCGCTGGCATCGATCTCCTATTGCCTCACCTTTCGCGCCCTATGTTCCATTTGTCAGAATCTGAAGCTCCGTTGCGGTGCTCTGATCTGCCGTGGCTGGCGCTGGTTATCCTCACGGGCGGCGGCCTGGGATCTCTCTTACACCCGGCAGAACCGCCTATTGGAAGACTTCTCCGGATGGCTATGAGGCAACCAAGATTCCGTTTACAAAGAAGAAGAAAGCGCGAGCACTCAG
NZ_CP048114.1_gap32	1028570	1032384	3814	ATCGGCCAGAAGGCCGCCGCCATGACGGATCACGGCAATATCTATGGCGCGGTCCACTTCTTCGACGCCATGAAGAAGAAGGACATCAAGCCCATCCTCGGGTGCGAGCTATATTTGTCCGAGACCGCGGACCACCGCGAGATGTCCGGCGGCTACAACCACTTTCTAGTTCTTGCCGAAAACGAAGAGGGCTACCGCAACCTCGTCCGCCTCACCAGCGAAGCCGCGCTGCACGGCTTCTACCGCAAGCCCCGCGTCTCCAAGGAATTTCTTTCGAAGCACACCAAAGGTCTCATTGCTTTTTCCGGCTGTCTTGCCGGTGAGCTCAATCAGCACCTGATGGCCAACAAGTACGAGGAGGCCAAGAAGACCGCCGGCATGTTCCAGGATATGTTCGGGAAGGAAAACTTCTTCCTTGAGGTGCAGGACCACGGCCTGGAGCCGGACAAGCCCGTTCGTGAAGCTCTCTACCGCATGGAGAAAGAGCTGGGCATCCCGCTGATCGCCACCAACGACTCGCACTACGTCGCCGACGATGACTCCCGCGCCCACGAGATCCTGCTCTGCGTCCAGACTGCGGGCTCGATGAACGATCCCAATCGGTTCAAGTTCGACACCCAGGAGTTTTACATCAAGTCGGCCGAAGAGATGCATCGTCTCTTCGCCGACAATCCTGATGTCTGCACGCGGACGATGCAGTTCGTCGACCGCTGCAACCTCAAGCTCAGCAAGGTCGACAATCCCTTTCCGGACTTTCCGTTGCCCGAAGGCTACGACCTCGACAGCTACTTCGAAGCCGTGTGCCGCGAAGGCCTAAAGAAGCGCCTTGAGACCGACGTCGCCCATCTCCGCTCCATTGGCCTGCTCAAGAAGACCATCGCCGATTACGAAGAGCGTCTGAACCGCGAGCTGGACTGCATCAAGCAGATGAAGTTCCCCGGCTACTTCATGATCGTATGGGACTTCATCCGCTACGCCAAGGAACAGGGAATTCCCGTCGGCCCGGGCCGTGGCTCCGCTGCCGGTTCTCTGGTTGCCTATGTCATGGAGATCACCGACATCGACCCGCTCCAGAACGAGCTGCTCTTTGAGCGCTTCCTGAATCCCGAGCGCGTGTCCATGCCTGATATCGATATCGACTTCTGCATGAACCGCCGCGGCGAGGTCATCGAGTACGTCAAGCGCAAGTACGGCATCGACCAGGTCGCGCAGATCATTACCTTCAATACCATGGCCGCCAAAGCGGCCATCAAGGACGTAGGCCGTGCCCTCGAGATGCCCTACGGCGAGGTGGACCGCATCGCCAAGATGATTCCCGCAACCATCGGGATCACCATCGATGCTGCGCTGAAAGACAATGGCCCTCTGGCCACGGCGTACGACGGCGATCCCAAGGTCAAGGAGCTGATCGATACGGCGATGCGCCTTGAAGGCCTGGTTCGCGGAGCCGGAGTCCACGCCGCTGGTGTCGTGATCGCGCCTAAGCCGCTTACCGAGCTTGTTCCGGTCACCCGCACCAAGGACGAGGCTACCGTCACCGCCTACGATATGAAGGCCGTCGAGAAGATGGGCCTTCTCAAGATGGACTTCCTCGGCCTGACGACTCTCACCGTCATCGACGACTGCTTGAAGCTGATCAAGCAGACGACCGGTGAGGTGATCGACATGGCGAAGATCCCGCTTGATGATGCGAAGACCTACGAGCAGGTCTTCCATAAGGCTTTAACCTCCGGGGTCTTCCAGTTTGAATCCGGCGGTATGCGCGACGTTCTGCGCCGCTACAAGCCCACCACGGTCGAAGACCTCACCGCACTCAACGCGCTCTACCGTCCCGGTCCGATCCAGGGCGGCATGATCGACGACTTTATCGAGCGCAAGTGGGGCCGCCGCGCGGTCGAGTACATGTTCCCGGAGCTCGAGCCCATCCTCAGGGAGACGCTAGGCGTCATCGTCTACCAGGAGCAGGTCATGCAGATTAGCTCCGCCATCGGCGGCTATTCGCTCGGCGGCGCCGACCTCCTGCGTCGAGCCATGGGTAAGAAGAACCCTGAGGAGATGGCCAAGCAGCGCGACACCTTCATGGCCGGTGCTGCCCAGCTGAAATTCGACAAGAACAAGGCTGGCCAGCTCTTCGACCTGATGGAGCAGTTCGCCGGATATGGCTTCAACAAGTCGCACTCGGCGGCCTACGCTCTGCTGGCGTATCACACGGCGTGGCTCAAGACCCACTACCCGGTCGAGTTCATGGCCGCGCTGCTGACCAGCGAAACCTCGAAGCCCGAGAACGTCGTCAAGTACATCGGCGAGTGCCGCGAGATGAACATCCCGGTCGTGCCGCCCAACGTCCAATTCTCCGATGCGAACTTCACCCCAATCATCACCGACAGCGGCAAGGCCATTGGCTTCGGTCTCGCCGCCATCAAGAACGTCGGTCACAACGCCATCCTTTCCATCATCGAAGCGCGCACTGCTTTAAAGCAGGAGGGAAAACAGGGCTTCGCTTCACTCTACGAATTCTGCGAGAAGGTGGATCTGAGCCGCCTCAATAAGCGCGTGCTTGAATCACTCATCAAGGCAGGTGCGATGGATGCCTTCGGCAATCGCGCCCAGATGACTGCTGCCCTCGATTCAGCGATGGAGAGCGCGCAGAAGGCCCAGCGTGATGCTGCCGCCGGTCAGCACGGACTCTTCGGCATCTTCGATGCGGGCGGACCTGCAGGTGGATCAAGCCACGACAAACTTCCCAGCGTTCCCGAGTGGGACGAGCACACGCGTCTTCAGTGCGAGAAGGAAGTTCTCGGTTTCTTTGTCTCCGGCCACCCGATGGACAAGTACCGCGAGAAGCTACGGAATATGAAGGTCGTCACCACGGCTGCGGCCGTCGAGATGAAACCCGAGCCGCAGGTCTTCCGCCGCGGACGTGATGAGCAGCCGCAGAACGAGATTCAGATCCCGGGCGTTATCACCGGGCTCAAGGTGGCGAAGTCCAAACGTTCGGGGGAGCTTTATGCCCAGGCCACACTTGAAGACACGACCGGCAAGATTGAACTGATCGCATTCCCCCAGTCTTACGAGAAGCTGGCCGAGAAGCTGAAGATCGAGGTTCCGGTTCTCGTTCGCGGCGTCCTGCGCGGCGAAGAGGACTCCGCTCCCAAGCTGGCCATCTCAAACATCCAGGCGCTTGAGGATGTAAAGATCAAGCTCCCTGAGGCGCTCCGCATCAAGGTGCCACTGCATCATCCTGACGGCGCCTTGCTTGAGAAGCTGCACGAGATCCTGATGACCGCTCCCGGCAAGGGCAAGCTCCTGCTGGACCTTGAAGAGCCAGGCGAATTCTGTGCTGTGCTGGAGCCCAACGGTGTCTCCGTCGCCGCCGATCGTCTTTTTATTGACCGCGTCGAAGAACTGGTCGGCCAGGGCGGCGTGCGGGTTATCGAATAGCTCAATGGCAATCCGAAGAGCTGCTCGCGTATGCAAAATGGCAGGGTAGGTTAGAAGCGCAGGACGGGCCCCAGTTGCACGCCCCAGTTCGTCGTGTTGATGTAGTTGTCGTGCGACATGAAGTAGAGACGTGGGGGCGTCCCGATGCCGTCTGGATCGCGCACAGTGCTCTTGACGCGAATGAGGGTCTGCACGGCAGTGGCGCGGAAACCGAAGTGTTCATTCAGCCGGATCTCTCCGGAAGCGGTGGCTGAAGCGGCGAAGTTGAAGTTTCGCTTCAGCGCGGCCGGATCCTCGCCGGTTTTGGAATACGTTGCGAACCCCGGCGCCAGGCCGACCTTCACAGCGTAGCGTTTGGTCGAGTAGCCGGATC
NZ_CP048114.1_gap33	1121442	1122292	850	CGTTGGCTCGTGGAGGCTATCTGCCCGAGGTCTTCAGCAGGATTCATCCGCGGCTGCAGACGCCGTGGATTGCGATTCTTGCAGGAGGAGTCGTGGGCATCGCCGCAATCTATAGCGATTCGCTGATTACGATTGGAGGGCAGCCTTTGACGGCAAACATCGTCACGATGTCGGTGCTCGGCGCACTGGTGATGTATGCCGTCAGCATGCTGGCGCTGTTCCGCCTGCGTAAGACGGAACCCGCCATGGCGCGGCCTTTCCGGGCACGCCTTTATCCTTTCGCTCCGTTGTGGACACTGATTGGCGTCGCTATCTGCCTGGCGAGCATTATTTATTACAACCGCACCATCACATTGATCTTCTGCGCTCTACTCTGCATCGGATATCTTGTCGTTCACCTGACGCGAAGGAGAGTGCGAGCCTAAGGATGCACGATGGCGTTTGCCCATACCATTAGCGGAACTACGTACCGGTTCAAGGACCTCAAAGACCTTCTGGCCAAGGCAACCCCCGCCCGCAGCGGAGACGATCTTGCCGGCGTGGCTGCATCATCGGAGATCGAGCGAGCCGCAGCGAAGTTCGCCCTCGCCGATCTTCCGCTGAAATACTTTCTTCAGGAAGCTGTGATCCCGTATGAAACCGATGAAATCACACGTCTGATTGTCGATCTCCATGACAGCACCGCGTTCGCACCTGTCGCACATCTTACGGTTGGACAGCTTCGTGAGTGGATCCTTGAGCAGGCCGATAGCGATGTGCTTCGCTCCGTGGGCAGAGGATTGACGCCGGAGATGGCCGCAGCGGTCTCGAAGCTGATGCGAAATCAGGATCTGATCCTGGCTTCGACTCG
NZ_CP048114.1_gap34	1180174	1181573	1399	CCGACAACGAGATCGACAGGCTCATTGACGTGTCGATCCAGTTCAAGCACCGTTCCCGGCCCAAGCTCCAGAACCTCATGCAGCGCCATCTCACGCGTTCCGAAGCGGATGGTCGCATCGAGATCGATGTCATAGAGCAGGTCCAGTTTTGAATCTGGTCCTTGATTTGGACTTCCGGTTATGTTTTCTTCCATCGGCTCTCCTTAATTCGCTCGCTGGCCTCCCATGGGGCCAGCGGGAGTCTCAATCATTGGGGTGTACAGAGGTGTCTCCAGCTTTGCTCCGCGATGCTCTCCTGTACGCACGGCGCGAGCCTTGCCCATGTGCAGTCCACCAACGATCAGATCCGACGGCTCGTGGCGGGCAATCGGAAGCCGAAGCACACTGCCTGTTTCAAGAGAATGGATCTGGCTGGCGCGCAAACGTATGGCGGGAAGCTGAAGCTGTACCTCCACACGCGAGCCAGCAATCAACTCTCGCATCCTTGCTGCTGATTCCCTGGACCTTCGCCTGGGCCGGTCGCCCTCAGAGATCAATCTCCGAAGAATTGCATTGAGAACAACCGCTGGAAGACAGAGATTCACGACCCCCTGCATCTCCGGCATTCTCACCTCGAAGCTGACACATAAAGTTTTTTCGCCAAGCGTCATCGTCCTCGCTGCCTGTGCCTCGGTCTCGCGCTTTTCGAAAGCAAACTCCAGTCCTACTGACTGCCAGGCAAGCGTCAGCTCCTGAACTATCATCTCGATCACCGATCGCATGATCGCCTCTTCGATATCGGTAGGTTCTCGCCTGTTTGCAGCACGCCCGACTCCTCCAAGCAGGACATCAACGATGGGAGCTACCAGCGCGAGGTCCAGCTCCAGCAAGCCAACGGCTCCCAGCGGCTCCAAACGTAAAGAGCAGATATAAGCCATGGCCGACAACCGCTCAAGAAACTCGCTGAAGGGGAGTTGTTCGCCGGCCACAAGCTTTACTCGAAACGACATTCGCAGCCAGGTCCCCATCGAGTGCATCAGGTTCCTCGCGAAGAGGTCGTTTACGGTGGTGATGGCCCTCATCTGATCGTTGCTGATCTGGCCTGCCTGGCTGAACAGATACTTCTCCGGACCTTTCTCTACCTCAACCTTGTCAGCCTTCGCAGAGGCATTGGCTGCGGCAAATAATGCATCAATATCTTCCTGCCCAAGTTTCTTTTCCATTACCTGCTCCTGGAGAAGTTACTCTTCTGTTTCAAACTCCTACCTACGGCCGACTTTGTCGTTTTGATGGAGTCAGCTGGACGCAGCCCTGCGAGCGCGCTACGCAGCCGCAGTACTGCCGACGAGTGAATCTGCGAGACGCGCGATTCAACCACTCCCAGCGTCAGACCGATCTCGCGCATCGTCAGCTCCTCGTA
NZ_CP048114.1_gap35	1187702	1192660	4958	TGAACGGAATCCTTCTTCGCCTGCCGATCTGTCCACCATTGCACCAGAGCTCCAGCGATGCCATGGTGATTGAGCTGTGGTGCTGTCCTTCCTGCCTGGGAAAATACCCGCATCTCCGTTCCACTCCGTCGCGCCGTCTCTATGCCAATCGTGTCAGCCGGACCATCAGATTCTGATCCACTACCTCGAACTCGCTCCAGGCCACGTGCACCCGTGCAGCATTCAGGGGGATGTCTTCGGTATGGGCCCAGGCGCTTTCGACGATCTGCCCGGCCTGCAGATGCACAAGATCCCGGATCTTGAATCCCGCGACAGGAATCGCAGCGCTCGTAAGAACCGTCATCTGAGATACCAGAGGCCACGAGGCGTGCTCTTCAATCCGCATCATCCACGGCCGCAGATCGACCGTCTCTGTAGTGCCTGCCGTCGAGGACTCAACAACCGTGCGCGACGCAATCGTTGCCAGTTCGTTCTCAGCCATCGTCGTCTCCAAACGGCCGCCGTCTATCGCTGCACCAGAAATTCGGTAAAGAACAGATCCGCCACCTGAAGCTGATGATTGTGCTCCGCGAAGGCTACCTTCAGCTCTGACTTCAGGCGGTCCTTGCCTCCAGGAGCCAGCAGTTGATCGGAGGTCTGCCTGCCCAGGACTGCAAGCGCCGTATCGCGCAACGCCGCATCTGTATCCCTGCCCTGAGGCTTTGCTTCCGGATTTTTCGCGTCCCTACCCTTCTCAATCGGCGTTTCCGCCACCTCAAGGGTGAGGCCCGCCCGCAAAAATGCGCTGCCTGATGGATCGGCAAGATTCACCAGCAACGGCTCAAGCGCCATCATGTGCGTCTTGACGGGAGTAGTCGGAGCGGCAGCAGGAGTCATGCTCACGTGGATCGGAACCTTCCCCGACCGGAGCACGTAGTACAGGACACCGCCTACTCCAGCGGTCGCGAACAGGACGCCAATTACAACTGCGATGAAGAGCGGAGCCAGTGGAATCTTCACGGGGTCAGACGCAATCTTTGCCTGGATGATAGGAGGTGTAGTAGCCATGATGTCTGCTCTTTGAGCAATCCGAAAGCCATCTTCGTCGACTACTTATTAGGAATTCTTTAGCTCCGGCCGATAAAAAAGGAGCGGCCGAAGCCGCCCCTTTGCTCGACACCTTCCGAAAGCTCTAACGGATCATCCCCAGCGTAGCCTGCGTGACCGAATCGAAGGTCGTGATGGTCTTCGAATTTGCCTCGAAGGAGCGCTGCGCTACGATCAGGTTGGCAAACTCCGTCGAGATATCCACATTCGACTGCTCGAGCGTAGAATCCTCGACCGTGCCGCGCCCGCCCGTTCCTGCAACGCCGACGACGGCGTCGCCGGAGGCTGCAGTCGTCTCAAAGGCATTGTGTCCCATGCGAACCAGGCCCTGCGTGTTGGTTACAGTCGCGACTGCGATCTGGCCGACGATCTGAGTATGGTTGTTATCGAACTTCGCCGTCACAAGACCGTTTTCGTCCACGGTGAACCCGGAGTAGTTGCCGCTGGCGTACCCGTCTTGTACCGAAGCGCCTGTGGTCGAAGGCGCCGTGGTCTGCGTGATGGTCGGGCTGCCTCCGCTGGCAAGGTTCCAGTTGAAGCTCAGATCGCTGGAACCGTCAGCCAGTCCCGGAAAGGTAATGTTGTTCACCGATCCGGAGGGCGCGGTGAGATTTCCGTTCGAATCGAAGGTCAGGGTGCCAGTGTTGTTGGTGGGTGCTCCCGTGGCTTCGCCAGCCGGCAGGTCCACGCTGTAATCCCACTGGTTCTGCGCGGTCTTCGTATAGGTAACCGTCATCGCATGGCTCTTTCCAAGCGAGTCATAGATCGTCACCGGTGTCGTAAATGAGGTTCCCACCGAAGCCGCGGCATTCAGATTCGCCGTGATCGAAATGTTCTGCGTAGCCTGGGCTGCCTGAGTGACGCCGACCGGCAACTGGATAGGAACAAGAGAAGCGTTGACGTTCACCACGCTATTGTTCGCAGGGTAGCCCATCACGCTGGCGCCAGAGGTTGTGATCAGATCTCCGCGCTGGCTCAACAGAAAGTCGCCGGCACGCGTCAATTGCTGCACTCCGTTCTGATTCACGACGAAGAATCCATTGCCGCTCAGGGCCATATCTTCGGACTTGCCGGTGGGGAGAAATGTTCCCTGGGTAAAGTCCGTCGAGGTACCGGAAACGCGGGTTCCCACGCCCACCTGCAAGGGATTATTCGAACCCGAAGTACCGATCTGCTGATAGAACAAGTCCTCAAACGTCGTGCCCTGATCCTTGTAGGCCGTCGTGTTCAGGTTGGCCAGATTATTGCCAATCGTATTCAGCGATGTCGTGTCGGCCTGAAGGCCGCTCAATGCAATTGAAAAAGATCCCATACCTTTTCTCCTTTTGATGAACCTGCTAACCTGATCTGCTTGTTTCGTGCGGAACGCAAACGCCATCAGGGCTCGTGTGCAACGAAAATACGTTAGCCTGTGATCGCGCTTTCAAACGTGCTGAGTCCCTGATTGATCTGGATCAGCTGCTGCAGGCTGTTTACGCCGACGAGTTGCTGAATGTATGCATTCGGGTCCGTGGGCTGCGTCGGATCCTGGTTCTTCAGTTCTGTGACCAGCAGCGTCAGAAAATCGTTCGACGTAATCGTTGAATTATCTGTCGAGCCGTTGTCGCCATTGCCGTTTGAAGCCTTTGCTTCGGCCGTGTGCGTCGTCTTCGGTGCAAGTGCCGTGGCAACGCGATTAGCCGCCTTGCTCTGTCCCGCCATTGCTCCTAACTGCGTCATATCCATCTCTCCACTCCTTTTCTCTATTACGCTCGTACGCTTAACCAACCGCCTGCGGATCCGAATCCACGTGGCAGCAGCAGATCTACATCCGCTTCCGGCACCAGTGGCGTCTGGCTGATACGAGCCTGCGAATGGCTCGCGCCCTGGCCGCCGCTACGTCCTGCATCTCCCCTGTGTGTATCCGGCGGGCCGCCATTCATGGCCTGGCCTCTGCCATCCCCCGATGTCTGGTTGGAAAACTCTGTCGGGTTATGAGGTGTATGGACGACGACAGAGCTCACACGAACCTGCTCCTGGTGCAGGTAGCTGGTCAATTGGGGAAGTTCACGCCGCAAGGCCTCTGTGCCTGCAGCAGAATTCGATGACATGGACGCGTGCACACTGCCATCACCCCCTATCTCAGCCCGCACCTTCAGCCAACCGTGGGTTCCTCCCGGAATGCCCACCTCCAGCGCCGTCGGTGTTGCGCTGATCGTGCCATGTTCCCCAGGCGCGTAGATCGTCTGCGATGCCGGAGAGTCGGGTGGCGGCATATGGGCCAGGTGGGCCGGCGCGGCAACCGCAATCTTGTCGGGTGGTTGCGGCGCCGGCGCATGCAACGTAGGCTGCAGTCCGCTGGCGCCAGCGACGGGCGCAGTCTGCAGCGCGGCATGAGATCTATCTTCAACCAGAGATTTGTCGTCACCGGCGGCGGTCTTACTCGCTGTCGCTTCGGTGAGAGTCCTGTTTTCGCGCAATGGAGCTTCGGCCGGTTTTCCTGATGTCTCGCCCGCCGTGATCCCAGGGGCACCAGGCGGCTTCAAGGCAGGCTGATCATGCGGCCCCTTCCGGGCGCTGTGTGCCGCCACAACCTTCCGTCCAGAAGGCATGACCGGCTCTACATCTACAGATGAGTTTTGCGAGCCCCGGTCCAGTACAGTCTGAGCTACGGCAGGCGCTGTCAGCACAGATCCTGCTGCCGCAATCGTCTGGACCATTCCAGGGCTATCGCCAGGAGAATTCTGTTGAAGCCGCTGGCCTTCGATTGGCGAGTGCTTTGAGTCCCGCTTTGTCTTGTGATGAGGAGTAACCTTCGCCCCCTTCTCTTTCACTGTGGCTGGACTGGAGGCTTTTACGCTGTGCTCTATCTTCTTGGTGGAATCGGTTTCCCTGTGATCTCTTCCGTTGGAGGCCGCAACTACAGGCTCTCGCGGAACACCTTCTTGCTCTGCAGATCTTTCTGCCTGTGCCTCACTCGATTCATCGAGAGCAGACGCTGGCCCATCGAGCTTTGAAATCTCCGCTACCTTGCCAGATGAAACCTTCTCTGGCGCATCGTTCTGTACAGGTGTAGCCGGAATGTCGTCCGAGGTCATGCCGGGGTTCGTGCTCTGTCCCGCAAGCGACACTTGCTCGTTGAGAACAGCAACTCCCTTTGTGACCAGCTTCAGACGTCCCGATAAAACCGCTTCGACTGGATGCCTCTCTGGCTCGCCAGCCATCTTCTGATCTGGCTTGCCCGCTTTTACGATAAGGATCTCGGGCTTGATCGGCTTTTCGCCCGCATCAGTGATCACCTTCGTCAGACTCTCTCCCAGACTCTCCGCGAAAGAGACCGTCGACACCCCCGCTACGGAGTGCCCAAGAGCCGGCGCGCTCTGCAGGCCTTCAATCCCAAGGATGGAGCATGCAATCTTCATGAGTCCCGTCTCCTCTTCCCTGAATGCATCTGTGATGCCAAACACGGTGGAGCCACATTAGGCGCGATTCATCCAGCAGTCGAATTCACTCTGCCGAGTTTTGCGCGCCGCTGCGCAAGAAAGCGATCGTCGGAAGCAGCCTGCATCCTTCGCTCATGTTCTATAGCGATCCGATGAAGCTCAGCTTCGATCAGGGTGTTCATCCGTTCGCTCCACAGGCGACTATCCGTGTAGCGAAGCTGTGCAAGCTCAAACGTCTCACGCCGTTGCCGAAGTGCAGGCTCTAGCTGCCTGTTCCTCTGGATCGCCATCTCCTCACGCACCGCGATCAGTGATCGGCCTAGCAGATCTTCCCCATACATCGCTTCGCGTTGCCGCACCCGTGCAGATTGCAGTGTTCCAATCTCTGCGCGAATCACCGACTCCACTTCGCTCACTTCATTGGCCGCCACCCTGGCCTCCAGTGAATGC
NZ_CP048114.1_gap36	1233387	1234392	1005	CCGTCTGTGGTGGACGCTGGTGCAATGGCGGCCAGATGTCCTGGTGTACCTGGGTTCGGCCCGCGGCGTCGCTTCTGCAAAGAGAGACGATAACTTCTTCCGGCTCTGTGGAATCCGTTATCGATTCGGTGTTCCCCTCACCGAGGACATGCAACAGAACAGATGGGATGATTCAACACAGTCTTTCGAACCCGAGGCCTCACGGCTCGTGCGCAATCTGGGCGAGCTCGGCAGCGGCGACCTGAACGCCCCGGAAAGCTGGGATCTGCATCTTTCCTCCCAGGAAATCTCACGCGCGGATGAAGCCCTCGCGGATCTGGAAGGTCGGCCCATCATCGCTGTCAGCGTAGGGACGAAGGTGCAATCGAAGGACTGGGGACGCGAAAACTGGCGTGAACTGTTGAATCGCCTCGCACTGCTCTATCCCGGTTATGCGCTGGCTCTGGCAGGCGCTCCTGAAGAGAGCGAAAGCAGCGATTTCGCAGCTGAGGGCTGGCGCACTGCAGGAGGCGGACCCGTCACAAATTTATGTGGCCGCCTTAAGCCACGGGAAAGCGCGGCGGCTTTTCGTCGTGCTCGGGTCTTCATCGGGCACGACAGCGGGCCGATGCACCTGGCCGCTTCTGTTCAGACGCCGTGCATCGCTATATTTGCAGCTCGAAACAAGCCACGCATCTGGTTCCCGTATGGAAAGAATCATCGGGTGCTCTATCACAAGACAGATTGCTGGGGATGCGGCCTGGAGACCTGCATCGTTGAGAAAAAACGTTGTCTTACATCAATCACAGTGAATGAGGTTGTCGAGCAGGTGCGCTCTGTTCTGGGGTAATGCCACCGAAGGTCGTTTACAAGGTTACGCAGCGAAAGATGCGATGATGAGATAAAGGAGACGAACCTACTGCATGTTGCCGGAACTTCATTCCATTCTGAACTTACTTGAGGGCGGGTTCTCTCAGCTCAAGGTCCTGGTGATAGGAGATATCATGCTGGACCGCTACATTCATG
NZ_CP048114.1_gap37	1235715	1238964	3249	TCTCGACAACCAATATTGTTCGGAAACTCATGGCAACTCAGGAGAAGGAAAATTGATCATCGTTACGGGCGGCGCAGGCTTTATTGGAAGCAATCTGGTTCACGAGCTTAACCGGATCGGCCATAAGGATATTCTTGTCGTCGACAATCTGGCGCCTGCCCCCAACCTCAGCGGACCGAAGTTTCTCAATCTGCATGGCGCGGAGTTCTCCGATTACATGGACAAGCGTGAATTTCGCGAGGTTCTCAAGGCTGGCCTGATTGACGGGAGCAAAGTTCGAGCAATTCTCCACCAGGGCGCCTGTTCCAACACACTCGAAGACGATGGCCGCTACATGATGGACAACAACTTCACCTACTCCAAAGAACTGCTGCACTTCGCGCTCGAGCACCGGATTCCCTTCGTCTACGCCTCGACCGCCGCAACCTATGGAGCCAGCACCTCCTTCAAGGAGGTGCCTGAGAACGAGAAGCCGCTGAATATCTACGGTTATTCAAAGCTTGTCTTCGACAATTATGTGCGGCGCCTTATGCCTGAAATTAAAAGCACAGTGGTCGGCCTGCGTTATTTCAACGTTTACGGCCAACGAGAACAACACAAAGGTCGCATGGCGAGCGTGATGCACCACTTCACGAAGCAGCTCAAAGAGACTGGCGTTATTCGAATGTTTGAAGGATCGGGTGGGTATGGCGATGGAGAACAGCGCCGTGATTTTGTCTATGTAGGCGACCTGGCCCGAATCAATATGTTTTTTGCAGGATTACTGGCCGATCAGAAGGGCCCTCAAAATGTCCAAGCAGTTGTGAACGCGGGAACCGGAGAAGCGCGCACCTTCAAGGCCGTCGCTGAAGCATTAATGAGCGTTCATGGCCGGGGAAAGATCGAATACATTCCATTTCCCGGGGATCTCAAAAATCGGTATCAACACTTCACGCAGGCAGACGTTGAAGGATTGCGGAAGGCCGGTTACGTGGATCCCTTCACCGCTCTGGAAGACGGAGTCAAAAAGACATTTCCTCAATAACGCTTACAAAGCGATAGAGAAATGCGGTATAAAAATGCCTTGGGTATAACCCCCGAGGATTAATACTTTTAAAACAGCAGAAAATCAGCCAATTCCGTGGCCTGTGGAAGACACGCGCTTTCACAGCCTTCCTTTGTATTCGCTTCGCGAAATTGAGGATAGGTGCAATGTGTTGAACGAATGGTAACAGTGGGGTATTTTGATGAATTGCATTGACGAAAAGCTTCAACCCATCTTCTCCGAGGTTACTCGCCGCAACTGCGGCGAGCCGGAATTTCATCAAGCAGTGCATGAGGTTCTTGAAAGCCTGGGTCGCGTCGTGGCCAAGCACCCGCATTTTCTCGACCAGGCACTGATCGAGAGGATCTGTGAACCGGAACGTCAGGTCATCTTCCGCGTTCCCTGGGTGGATGATTCCGGCAAAGTGCAGATCAATCGTGCTTTTCGCGTACAGTTCAATTCGGCACTCGGTCCTTATAAAGGCGGGATGCGTTTCCATCCCTCGGTAAATGTCGGAATTATTAAATTCCTCGGCTTTGAGCAGACCTTCAAAAATGCATTGACTGGAATGCCGATCGGCGGCGGTAAAGGAGGATCGGACTTCGATCCGAAGGGTAAGTCGGATGGCGAGATCATGCGTTTCTGCCAGTCGCTGATGACGGAACTGCATCGCCACCTGGGTGAATACACGGATGTTCCAGCCGGCGATATCGGTGTGGGCGGCCGCGAGATCGGCTACATGTTCGGGCAATACAAGCGCCTGACCAACCGCTACGAGGCGGGAGTCATCACCGGGAAGGCACTGGCCTACGGTGGCTCGCGCGCGCGCACTGAGGCGACAGGCTATGGCAACACTTACTTTGTGCAGGCCATGTTGCAGACCAAGGGCACCGATTTTGAGGGCAAGAAAGTTGTTGTCTCAGGGTCGGGCAACGTGGCGATCTATACGATCGAGAAGGTTCAGTCCTTTGGCGGGAAAGTCATAGCCTGCTCCGATTCCAGCGGTTATGTCGTGGATGAGGGCGGTATCGATCTCGAACTGCTGAAGGAAGTCAAGGATGTGCGGCGTGAGCGCATCTCCGAATACGCAAAGGCAAAGGGCGTCGGAACGTACTTTATCTCTGCCGACAAAGGTTCGGTATGGGATGTGCCATGCGATGTCGCCATGCCCTCAGCTACACAGAATGAACTGTCTGGCAAGGATGCAGACACCTTGGTGAAGAACCGTGTGATTGCTGTGGGAGAAGGAGCGAACATGCCCTCGACCCCGGAAGCCATCCAGGTGTTCCAGACTGCGGAGGTATTGTTTGCTCCCGGCAAAGCGGCCAATGCGGGAGGCGTAGCGACGTCGGCGCTGGAGATGCAACAGAATGCCAGCCGCGACAGCTGGACCTTCGAGCAGACGGAGGAGCGGCTCGCAACAATTATGCGCAATATTCATGACACTTGCGCTGCTACCGCTGAGGAATATGGCGCTCCGGGCAATTATGTCCTGGGCGCTAACATTGCAGGTTTCGTCCGTGTGGCCGAGGCGATGCAAATGCTGGGTGTCATCTAAGCTAAGCGCGTTTTCCGAGCCGCGTTTGCGACTAAAGACCGGCGGTGCAGGTGAGATCCTGCTTCGCCGGTTCCAGCGCCACGATGACACAAAGGATTGTCCTGAGATCTACTGCGATATAACAGACAAGTTCCCAAACATCACGTTGCGGCGTTCGTTCTTACCGCGGGAACTTTAGTCGTTCCCCGGATCTGTAAATTGTTTGAGTGATTTTGGTGAGAGCGCTGGGGCTCGAACCCAGGACCAACGCCTTAAAAGGGCGATGCTCTACCAACTGAGCTACGCTCTCATTAACTCCAAGTTAGCACATTCGGCAATGTAAGTCGCGCTTCCACTGCGTTCATTTACGAATCTGTTGTGAGTAAACATCGGAATCGGTTGTTACTACCTCCTCGCTTCGAGAAGAGTCCCCTGAACAACTCTGTTTTTAATCAGCCGTGGCGGTAGATGGCAAACCTTGACGGCTCCATTTGCGTATGCACACGGCAGCGAGGTGTGGGCACTCTTCATCAGCACCACCCAGTCGACTCCCGCGGGCGAGAGGGTAGCGATGCGGTCCTGATCGCTTCGCTCACTTAACCGGGACTGAAGGGTCTGACCGGTCTTCCATGCGGACGTTAACGATGGAGTGATTGCGGCCTCCCCACCATCTTTCGAATAATCCGGC
NZ_CP048114.1_gap38	1292226	1297120	4894	GCTATCCTTAACCTATGAAATTCGGCGTTCTGGTCTTCCCGGGCTCCAACTGCGATCACGACACATTCAACGTCATCGAGAACCTCATCGAGCAGCCCGTCACCTTCCTGTGGCATGCCTCTGAGGACCTTGAAGGCTGCGATGCCATCCTGGTTCCAGGCGGCTTCTCCTACGGCGACTATCTCCGTACTGGAGCCATCGCGAAGTTCGCTCCGGTCATGCAGTCCGTCATCAAGTTCGCGAACGATGGCGGGCTCGTTTTCGGCATTTGCAATGGCTTCCAGATCCTCTGCGAATCGGGACTGCTTCCCGGCGCCCTGATGCGCAACGCCAATCAGCACTACATCTGCAAGCAGATTCATCTGCGCACCGAGACCGCCGACTCTCCCTTTACCCATGGAATCAAGCGTGGCCGCGTGCTGCAGATGCCCATCGGCCACATGGAAGGCAACTACGTCTGCGACGCGGAGACGCTGGCAAAGCTCAGGACGGAAGACCGCATCGCCTTCCGCTACTGCACACCCGAAGGAAAAATTACTCCGGACGCCAACCCGAACGGATCGCTCGAAAATATCGCCGGTGTACTGAATGAGGGCCGCAATGTGTTGGGAATGATGCCCCATCCCGATCGCTCCAGCGAAGGTCTGCTGGGATCAGCCGATGGCCTGCTGCTCTTTCGTTCCATGGTAGACTCCCTCGCGCTGACGCGATAACCACGCATTCCGCAACAAGCAGAGTACTCAACGGACAGCGATGATCGATATCCACCATCATCTTCTCTGGGATCAGGACGACGGCTCAAACAGTTTGGAGCTGTCCCTTGAGATGGCGCAGATAGCTGCGGACGACGGCATCACTCACATCGCCTGCACTCCGCACTCCAATAGCTACTACGATTACAACCCAGACGTAGTCTCGGCGAAGATCGCAGAACTGCAACAGCATCTTCATCGGGAGAACATTCCCATCACCCTGGGCCGCGGCTGTGATTTTCATACCTCATACGACAACATCCGGCAGGCACACGAAGACCCAATACGCTTTTCGCTGAACAGCGGCAGCTACCTGCTCGTCGAAATCCCGGACCAGCCCCTGCCCCCTTCGCTGGATGAAGTCTTCTACGAGATGCAGCTCGACGGACTGGTTCCCATTCTCACCCACCCCGAACGCAACCTTTCTCTCCAGAAAGACCTGTCCCGCCTCAAAGCCTGGCTGCGCGGCGGCGTGCTGGTTCAGGTGACTGCCGGATCAGTGACCGGAAGAATGGGCAAAACCGCGCAGCGGATCGCCTACGAACTTCTTTCCAAACGCTGGGTTCATTTTCTGGCGACCGACGCCCACAATACGACTTCGCGTCCTCCACGTATGCGCGAGGCCATGGAACTGGTCGCTGAAAAGTATGGCTCCGATTACGCCCACCTGCTCTGTGTCTCCAATCCCCTTGCTGCCTTCACGAACAAACCGCTGCAACCTCAGATGGAAGCCCTGGGCCTCTACGAAGACGAAACCGTCTCGCGCACTTGGTGGCAGCGCTTGTTTGGGCGCTAATCGATCCGGCAGGTTCATCCGCACGAGGCATCCACTCTCCCAAATCTATCCAAAGCACCCAAAAACCTTTACCTTGACCGGATAGCGGTCAGAGGAACCTGCAGAAAGGACTTTTCTTCCGATCTACAGGAATCCCAGGTCCGTCTTCAGCGTCAAAGGGAGTAAGCTGTCAGCAGGGCATTTTTCCGTAAAAAGAGGCGCCCATGCCATCGACTATCACGCCAATCAATACCGAGTGGGAGAAAAAGCGCCGTCTCGACGATCACGATAGCGGACATGGCCGTCGTCCTCCGACTGATAAACGCACTGGCGGTGGTGGCGACAATGATAACTGGAACGACCGCCCGCACGGTCGGCGTGGCCCAAGGGAAAAGCTCGGTCGCGCCCGGCTGGGTCTCTTCTTCGCTCTTGCCGGCGATACGATGTTCTTTGTGGCGATTGTCAGCGCCTTCTTCGTTGCCCAAAGCACCAGCCACATCGACGCTTATAACCGCTACATCAACGAGTGGCTTCCGACCGCGATTCCGCCCATTCTCTGGCTCAATACCGCTGTACTCCTGTTAAGTTCTGTCACCATGGAGATCGCCCGGCGCACCATGTTTCGCGAAAATGACGTCATGGACGAGTGGCTTGGCCTGGGAAAGCCCCTGACCCGCCGGGCGCTTCCCTGGCTGACAGCGACCACGGTTCTCGGCCTCCTCTTCCTTGTCGGACAGGCTGAGGCGTGGAGACAACTTGGAATCCAGCACGTCTTCTTTGCTTCAAATCCGAGCAGCCACTTCTTTTACCTGATCACCTACACCCACGCCTTCCACCTCTTCCTCGGCATCGGAGCCCTCGGCGCCTCCCTCATCGCACTCTATGTCTCGCGCCAGCTTGAGACACGCCAGATCCTGGTGGACTGCACTGGCTGGTATTGGCACACGATGGGGATCTTCTGGGTCTTCCTGTTCGCACTTTTGGCGTTCTTCCAATAAAAGAAATCACTCTCGGCGACTCCAGATTGGTTCCCCAATCAAAGCCACTGCACCATGCCCGGCAAAGCTAAGGTGAGTTTCGAGAGCACCCCGTACCTGCAAATACCCCTACCTTCAGAAGAAGTACCCTCTCGACTGGAGGCCCGAAGAGTCGCAGTGGAGATCCCTCCCGCATTTTGTCGGGCCAGTCACCCTCCTTTCCAGCGAGGACGAACCACCAACATCCCAAATACGGCTCGACTACGCTCCGCTTCGCTCAGAATGAGACCAAGTAGCCGATCTCAATGTCATCATCCCAGTTGAGGTACACTTCCGGCGTGGACGAATCCCCAACAAGACAGATCCCTAGCTCCAACCTCAAGTTCGCATGGCTTGTTCTGGGCTGTAGCTTCGTAGGCTCCCTCATCGCATCCGTCACCATGATCGTGCGCACGATCAACTGGATCCGTCTGCGCGGAGCCACCGTCCCTTCGTCCTACACAGTCATCACCCAGCTCAGCGAGTGGATCTTCGGACTCAGTTCGGCAGGCCTGCTGATCCTGGCGGTCATAGCCATTCTCCGCAGTTACCAGAAGCATTAGCCAAAAAAAGAAATCCGCAGCAGAGCCGCGGATCCCTGTACTGCGTTTGACTAGAGAGAAACTTATCTCCGTTTCGCCTTGGCAGACGCTTTCTTTGCTACTGCCTTCTTCGCAGGAGCCTTCGCCGCCAGCTTTTTCGCTGCAGCCTTTTTGGCCGGGGCGACCTTCTTCGCTGCGATTGGAGCCTTCTTGGCAACAGGCTTCTTTGCAGGCGCTTTCTTGGCCTCTTTCTTCGGTGCGGCCTTTTTCACGACAGCTTTGGCAGGCGTCTTCTTTGCAGGAGGCGGGGCAGACTTCTTGGCTGGTGCGGCTTTCTTCGCCGGAGGCGCAGGCTTCTTCTCGGCAGTCTTTCCGGGCGGAAGAGGAGCCTTCTTCGCCGCAGCTGCCCGATCCGGTGTCTTACTCGTAGCGGCCTTCACCGGCTTCGCGGGCTTGGCAGGCTTCGCAGCAAGAACATCAGGCTTCTCAAGCGCACCCGGGGTGTCAATCCCTGCTGCTCCACCTTCCGGCTCTTCGTTTGCCGAGGCAGCCTTCTTTCTTCCCTTGCCTGCCTTTGGCTCCTTACGCGCACCGCGCGCACGGCGCAGATTCACCGGAGGCGGCGGAGCTGGGGGCGAATAAGGCTCCAGGAAGGCCTTCTGTTCCTCCGTTGTGGACAGGTGATTGTCCATCAGCTCGAAGAACAGCTTTTCCAACAAATCGTCATATCCCGGCAAATCAGGAGTAATTCGCATCTCCTGCATCAACACATAGGGGATGCGCTGTCGCGCCTGCGGCCATTCCGTATAGAAATTCTTCAACTTGTTCTGAACAGCGGCGGTCTTAACATGATGCGCCGCCCAAAGCACGGCCGTCGGCGCAGCCGAGTGCAGTAGCTTCCAGGCCTGCGACGGCTTTGCCGCCTCCTTGCTCGAAAGCTGCGCAGCGAACGCCTTGCCTGCGGCTTCAAGCCCGTCAATCTCCTGGACAAACCCTTTACGGATGAAGCTGTTTTTGAGGGCCGCAACCTCCTTCGGCGCCATCTTCGCCGTCAGAAGCGGGAAATTGGCCGCAGCGGCCTCCGCATAGATGCCATGAATCTGGAGCTGAAGCTGCGCGTCTCTCAGCTTCTCAAGTTCGTTTGCATTGGCCCTTGAGGTCGAAACCGCCGGGTTCAGGTGCTTCATCCAACCCTCGGACTCCAGACGCCCCAGCACCCGCAGCGGCTCCTCTTCGTAGAAGATCTCCTCGGTCTCGTATCCACGCTGCCAGGCTGACATCGCTGCGATGTAGCCTTCCTCCTTGCCCGTCTCATAGCGGCTGCGGGTGCGCTCGTCCATCTGCCAGCCCAGCCGGGCCATGAACCGTACAGCACGGATCATCTGGACCGGGTCCTCGATGAAGCCATAGTTGTTTACCAGCCGCAGCTCACGGTTCTCAATGTCAGCGACTCCATTCAGTGGATCCATCAGCAGGCCGTAAGAGCCTTCATTCAGCGAAAGAGCCATGGCGTTCGCCGTAAAATCGCGCCGACGCAGGTCCTCGAGGATCGTCGCGGGCTTGTAGACCGGCTTCCCGGGCTTCGGATAGCTCACCGTGAGCGTCGATCCGATCTCCATCCGGACATTGCCAGGGAAATCCACAAAGAACGACTGGGTCGCCTCTGCCTCTCCCGAGACTTTTCCTCCAGATTTATCTATATCTTTCTTTAGCTTGAGAGCATTTCCCTGAACCACTACATCAAGGTCACGAACCGGCGACCCACTCGTTAGATCCCGTACCGCCCCTCCTACAAGGAACAGCGTAAGC
NZ_CP048114.1_gap39	1298882	1299614	732	GGCGACGTCGAATCAGGCAAGGTCATCAGCGGCTATCCGGCCATCGACAACCGTCAGTGGCTCCGGGTAGTTGCTCTGATGAATCGCCTTCCGGAACTCCTCCGCCAGATCAAAGCCTCATCCAAAGGTTGAAGCCTGATTCTGCATCGAAATTGCCGCAAGACGTGGCCCCTGCGCGGAAGTTTTGCATCAAAGAATCCAGCGATGGCTGAGCCGCCCGAGAACACAACGCTAAGTGTGTCTTCCACCTCTCCGGATATTCGGGTTCTTCTGCTGGACGATGAACCGGCAAATCTGCATCTGCGGACCGCGATCCTGCGGCAGCATGGGTATAGCTGCGTTCCCGCATCAACCATCGAAGAGGCCACCGAGGCATTTAACAACATCGATATTGCCGTACTCGACTACCATCTTGGCTCGGGGCGCTTCGGAACCGAGGTCGCCAGCCACCTGCGCCGGACCCGCCCTCACGTCCCCATCATCATCCTCTCCGCCACCCTGGAGCGGCACTTCGGCGGCGCAGAAGACATGCACCTGCTCAAGGGATATAGCTCGGTCGACGATCTCCTCTCCGCGCTCAGCTCGCTTAAGGCCAAGCGGCTGGGATCGCCGGTGGTCGTCGATGCGCGGGACTTCTTCTATTCGCGCATCTCGCTTGCGATAGGCTCCGATGTGCTTGTCCAGATCTTCGATGACCATGGCGTCTGGCTCTATTGCAACGATGCCGCGGCT
NZ_CP048114.1_gap40	1301296	1302453	1157	CCGTCGAGATCCAGTTGACCCCAAGTGAGGTCAAAGAACTGGAAGCGGCGATTCCCCAGAACCAGGTAGCGGGCGACCGCTACGCCGCGCTCAACATGCAGAGAATCGACACTTCACGCTGAATCTTCTTCCAACAGGTGGCGGCGATTCTTTCACCTCACACCTCGCCGGCGCCTGTTGGCTGTGAATCAGTCATCTCCTGCTCCTGTCGCACGTTTTCGTTCCGGATTCAGTGCATGATCCGTCGCGGTAATCTCCTGAGGCGGCTGCCCATTCCTCTTGTTTCGTGACGAATAGGCAAAGATCGCAACGAGCACCAGGATGAACGCAACTGCTAACCATATAAATGTAAGCATCTGCTCTCTTCCTCCTGACGTTTTCTTCGTACCTGTCTGGTTGGATGCTTTCCTGCGAGTTGGCGCTGACTGCAAAGGCAGTTCGCGGCCAAACAATTCCGTTACGATCTCCGCTGCTATCCTGTAGTTATGCCTCGCGGTTACTTCATCACATTTGAGGGCCTCGACGGCTCCGGCAAGACGACCCAACTCCGTCGCCTCGCAGCCTGGCTTGAAGCTGAAGGGCATCGCGTCGTCACCCTGCGGCAGCCGGGTGGAACCGTTCTTGGCGATCGCATCCGCTCCATTCTGCTCGATTCACGTTCCGAGACCACGCTTGGACCCATTGCTCCGCTGGCCGAGATGTCCCTGATGTTTGCCGACCGCGCCCAGTCAATCCACGAGATCATCCTCCCTGCTCTCGAATCGGGCGCCATCGTCCTCTGCGACCGCTACACCGACTCCTCCGAGGCCTACCAGGGCGCGGGGCGCCAGCTCGGCAGTGAGCGCATCCTCACGATGCACCGCGCCGTCTGCGACGATCTACAGCCCGATCTCACTCTGCTGCTTCTGCCATCGATTGAAGCCTCTCTTCGCCGCGCTCGCGGACGCAATAAGCGCCGTATGCAACAGAAGGGGCCCGATGAGAACCGTTTTGAACGCGAAGATGACGACTTCTATCGCCGCATCTATCGCGCCTACGAAGAGATCGCGGAGCGGGAGCCCCAGCGTGTCGTGCCCCTCCGCGAAGATGCCTCCATCGAGCAAATTGAGGAGAGAATTCACGAGATCGTATCAGCCCGCATCCCAGCGCCTGTCATC
NZ_CP048114.1_gap41	1306427	1307387	960	CGTAGCGAAGAATCCCTGTATTCTTCCGCACCGCCGCAGTATTCTGCTCCGCAAAAGAGACAGCCCACAAAGACTGCCTCTTCAGCCCTCGGTTTCCTATTGCTCCGGGGCCGCTCTCCGCCTGCGCCCACTGATCAGGTAAACCGCCGCCCGCAGCTCCAGCAGTGGATCATCGGAAGGCTCAATCCCATCCAGGCGCGGAATCGGATCGAAGATAATCTGCTTCTGCTCGTGCGCATTATCGGCCACCGGATCTTTCAGCTCCAGGGTGCCGAACTCAACCACCTTGCGATTCTGCGGCCAGTGGACCGTGACGTCGTTCACCACATCGCCATCCTCTGCGACCTGAACCGTAATCCTGAATCGGATCGGGCCCTTTCCAAGGCGCTCCGTCAGTTCGTCGAAGAGATAGTTCGGGCTCTTCGCGGCTGCGTCCTCCGCGCTCAAGTGCGCCACCTCGTCCTCCGGAGCGATCGTGTAGCGTCCAAACCGGCTTACGCCGTCCTTATTGGTAAACTTCATCGCCGTAAGCCCGAAGTACTTTTCCTGAGCAAAGCTCACCGGCAGCGGAGTAATCGCCTGCACAAATGCCAGAGCCTTGGGATGACTCCCGACAAACTCCTGCACCTTTGCCTTGTCCTCCTGCGTCACCGCTCGCAGAAATTCCAGAAACTCCCTGCCGTCCGTGGCTGGAAATGCATTCGCAGAGTGTGCCACGATATCGGTATGGACATGCTCGGCCAGGTTGAACCGGATCGCAAATCCCCTTGGATCGGCTCCCATATCCGTGTCCGGTACCAGCGGCAGTCCCGTCGAGTCCGAGAATCTCACTGTCACCGGCGTTGAAGTCTGCACGGCATGCTGAGCCCGCGTCAGCGAGACCGCCTCTGCCGATGGCGTAAATGTGCCCGTCAGCATCATGCCCTTGGCATGGACCGGTCTGAATCCGGGATGGGGTCC
NZ_CP048114.1_gap42	1341192	1344763	3571	GCGCAGCGCGGAAGGTGGAGGAGAAACCGCGCACTCCCGTAAGCGCCGCAACCCCGATCGCGACCGAGAGAACGACGAAGAAGAATTTTCCTCGCGAGAAATGCAGCTCACGAATCGCGATCTTGAGTGCCGAACGGTAGGAGAGCGAGGCCATCTTATTTTTCCACCGTCAGGGAGACGGGCTGCTGAATCTCGTCCGAGATTACGCTGCCGTCGCGCAGCACAATGCGCCGGTCGGCGTACCCGGCAAGAACTGGATCGTGCGTTACCAGCACCAACGTCGTACCCAGCGTGCGATTCAGGTGCAGCAGCAAGTCCAGCACATGCGCTCCATTGGTCGTATCCAGATTGCCGGTAGGCTCATCGGCAAGAACGATGGGCGGTCGCAGAATGAATGCCCGCGCCAACGCGACCCGCTGCTGCTCGCCTCCGGAGAGTTGGACGGGGTAATGATCCAGGCGGTCGCTCAATCCCACGCTTTCCAGCAGTTCCCGTGCCCGCCGCTGCCCCTCGTTGGCGTCTGCGCTTTCTGCATTCAACTCATAAGGAAGGAGAACGTTCTCGAGTGCCGTGAGCGTAGGAACAAGCTGGTAGGACTGAAAGACGAAACCGACGGTTCTGCCACGAACTTTGGCAAGCTTGTCTTCAGGAAGATAAGAGATTGAGATCCCATTGAGACGAACTTCGCCAGCACTGGGAGTATCCAGTCCCGCAAGCAATCCCAAAAGCGTCGATTTTCCGCTGCCGGAGGCGCCCATGATGGCCACAAACTGCCCGCGCGCGACCGTGAAGCTGATCCCCTTGAGGATATCGACCGTCCGAGCGCCGTTCCGGATGGACTTACGCAAATCCTGGACCTCGATCATGGTGGCTGCTTCGGTCACTCTCTGCTCCCCTGCTCGGCCTGAGCTTCTTTGATAGATTCGTAGCAATGCGGCGCGTTGCAATTGTTCCTATACTAGCGGCTCTCCTGGTCTGTCTCTCAGGCTGCCGCTCCAGCCGGCCCACACAGCCGGAAACTTCGTCTCAGAGGCCATCGGAGCCGTCCACGATGCCTACAGCCGTCGAGCCGCCACCGGAACCTTCTCCCAGGCAGGATTCGCGGCCGCGGATCGTCTGCTTCGGCGACAGCCTGACGGCAGGCTATGGCACCGATCCCGGCCAGGCATATCCCGACTATCTACAGACTCTGCTCGATCAAAAGGGATATGAGTATCGCGTCGTGAACGCGGGCATCAGCGGCAATACCAGCAAGGATGGCGTCGCAAGGGTGGACCATATCGTCGCCATGAAGCCAGATATCGTCGTCGTGGAGTTTGGCGGAAATGACGGTCTGCGCGGCCTCCGGATCGCCGATACCCGGGCCAATCTCGACAAGATCCTCTCCACACTCAACCAAAGTGGGACAAAAGTCGTTCTTGCAGGTATTACGCTGCCCCCTGACTACGGCCAGGACTACATTCGCCAGTTCGACGAGAGCTATACCCTGCTGGCGAAAAAGTACCACGTCCCCATGATTCCCTTCCTGCTCAAAGGAGTCTTTGGCGTAGATGGCATGATGCAGGCCGACCGGACACACGCGACAGCGGCGGGCAATAAAGTGGTCGCGGAAAACGTTCGCGCGCTGATTCAGCCTCTGATGAAGAAGCCCTCTATCCGATCACAACGATAGGCTGCACCAGCGTACCGGCGATACGTCGTCCGATGGCCAGCAGATCAACCGGACTGGTAAAGATCTTCACCAGCGGGGACCGCGAGAAATCCGGCACATTGACCTGCATCCCATTCCGCAGCCTTCCAGCGGTCTGTTCGTCGACCGTCACGCTGGGGATCTCAGGAAGCAGCATGCGCGGATGTGGAAGCCTCGCCGCGATCTCAGGAGGAGACAGAGTTTTCAGTGCCTCTACACTCAGCGCATGATCGAGCGTAAAGGACCCCGCCCGCGTTCGGCGGAGCGATGACAGATGCGCTCCGCACCCGGCAAGCTGTCCAAGTTCGTGCGCTACAGAGCGCACGTAACCGCCGGCAGAGACGTGGATCGTAAAGCTCGCCTCATCTCCATCCAGCGAGAGCAGCTGAAAGTCGTGAACCGTGATGCGAGCCGCCTTGACGGGAACCTCGGCTCCTGCGCGAGCCAGCTTGTGCGCGGGAACCCCCTGAATCTTTTTTGCGGAGTAGATAGGAGGCACCTGGTCGATCTCGCCATGAAACCTCTCAGCCAGTTTCCGTAGCTGCTCCAGGTCCATCTCCAGAGGCGCTGGAGAAGATGTGGGTTCGCCTTCCGCATCAAAGCTGTCCGTCGAATAGCCGAAACGGATTCGGCCCTCGTACCACTTCTCCGATTGCCCGAAGAACTGGGCCAGGCGGGTGTATTTTCCCATCAGCAGGGGCAAAACTCCAGTTGCCATCGGGTCCAGGGTTCCCAGGTGCCCAATGGAACGCTCCCCTGTTGCCCGCCGGACGATTGCGACCACATCGTGCGAAGTCATGCCGGCAGGCTTATCCATCACTAACAAACCATTCATTCCATTGCCTAGTCTACTGGCTCGCCCTCCCCGCACGTGCGGTAAAACAAACGTTTTTCGGTACTTTCGTAAGCGGCAGAGGTCCTCTAGAAAGCGCTGCCGTTTCTGCGCACGAGCGAGAGAAACTCGTTGCGCGTCTGAAGCTGGGTTTTGAAGACGCCCAGCATGGCCGAGGTGACGGTAAGCGAGTGCTGTTTCTCGACTCCACGCATCATCATGCACAGGTGCTGCGCCTCCAGAATGACGGCTACGCCCTGAGGATCAATTGCCTCGGTGATCGCCTCGCCGATCTGCCGCGTCAGCCGCTCCTGCACCTGCAGCCGACGGGCAAAGACGTCCACCAGGCGTGGAATCTTGCTCAGGCCAATGACCTTGCCGTTGGGCACATACGCAACGTGCGCCTTGCCGAAGAACGGCAACATGTGGTGCTCGCACATCGAGAAGAACTCCACGTCCTTGACGATGACCATCTCGTCATAGTCGACATCGAACAGCGCCGCATGCAGCACGTCGGCGATATCCATCTTGTAGCCCCGGGTCAGGAAGGCCAGCGCCCTCTCCATGCGCTCCGGCGTGCGAATAAGGCCGTCGCGCGTGGGATCCTCGCCGATGCGGATCAAAAGCTCTCGGTAGAGGTCCTGCGTGGAGGCATCAGAGAGCGAAGCCTTTTCCAGTGTCGTTTCAGTGCTGATCATGTCCGGGCCTTTCTTGTGAGATTACGTCAGCGGGATTCTCAGCCGTCGCCAGCGTAGTCAAAGGAGTTATTGCCGGTCTCTTCAATATGGATGCGCTCCAGGTGTGCACCCGGAAAACCTGCAAAGATGCGATATACCTCAATAGATAGATTCTCCGTGGTCGAGACACGATACGCAAAGCACTCCAGTTCGTTCAGATTGGTGTGATCGAACCGTTCCAGAAGATTCTTCTGCGCAAAGGCATCCAGGTCGGCCAGGTTGCAGACCATTCCCGTCACCGGATCGACCCTGCCGCTCACGGTCACCTCGACCGTGTAATTGTGGCCATGCCCATGAGGATTGTTGCACTTA
NZ_CP048114.1_gap43	1347185	1349732	2547	TTACACCGTTCGAGGCGACAGCCATAGGCACAACGCCGAACCAGTGGCGGGCCACGTCGGTAACGACCCGAATCTCTTCAATGAGGTGAAGATTCGCCAGGAATACCTCGTTCACCGCGCGATAGAAGTCTTCGCGCACAAAGGACTCGACCTTGAAATCCGCCTCGTAGGCGTCCAGAAGATCGTCAGGTCCCAACCCGTGGCGGGAGCTGTACCACTCCGGATTCATCGTCAGGCCCAGCGGAGCCAGCGCCTGCTGCATGGAGTACAGATGTGCCGGCGCACTGTCGACGAGAGTACCGTCGCAGTCAAAGACCAGGGCGTCGAAGCTTCCCCTCTCCAGTTCGAAGGCCATTTCATAATTCTACCGGGTAGCAGAGAACACTACCCGGCAGGACATCTTCTGATCTCGCAATCAGTTATTGGTTGACGCCGCTGGCAAGGAAGCCGCCGTCTACAACCAGGATCTCTCCGGTCACGAAGCTTGCAGCGTCACTAGCCAGGAAGATCGCAGATCCTATCAGTTCCTCGGTCTTGCCGAACCGGCCCATCGGCGTGCGCATCAACAGCTCTTTGCCGCGGTCGCTCTCGTCCAGCAGCTTCTGGTTGAGGGCTGTCCGGAAGACACCAGGGGCAATCGCATTGACCGTGACGCCACGGGAGCTCCACTCGACCGCCAGTGATTTCGTCAGGGCTCCGACCGCAGCCTTGCTGGCGGCATACGCAGTTACCTCTTTCAGAGAGACGTACGTGTTGAGCGACGCGATATTGATGATGCGCCCGTAACCTCGTTCCAGCATATGACGCCCGAAGATCTGGCAGGCCCGCAGCGTGCCCGTCACATTCGTGTCCATAATGTCGTTCCATGTCTCTTCGGAGACGGTCAGCGTGGGCTCGCGCTTGATCTTGCCTGCCGAATTGATCAGGATGTCGACCTTGCCAAACTCCTTAATCGTTCCTTCGAACAACGCTTCCAGAGAAGTGCGGTCGCCTACATCGGAGGTAAGACGAAGCGTGCGCCGTCCCTTCGATTCGATCGCCTGCGCGGCCTCCTCGACCTGTTCGGCTCGGCGCGAGGTCGCAACAACATCGGCTCCAGATTCCGCCAGGCCAATCGCCATCGCCAGGCCAATGCCCGAAGTACCGCCCACTACCACCGCCGTCTTTCCGGTCAGATCAAACAATGAGTGCGCCATGAATTCCGTCCCTCTCCTGTCTATTTCTTTACTGATTCGATTTTGCAGCCGTTGAAAGCTTCTGGAGGATTCTATCTACAACCTCTTCCGGGCTCCGATCATTCACGACCCGCACCGCATCTTTGGGGGGCTCAAGCGTATTGATCTGGCTCTCCAGTAGCTTGGGGTTCATAAATTCATGATGACGCGCTGCCAGGCGCTCTCCGATCAGTTCGGCCGAACCGTCCAGCCAGACAAAGGTAACCGTTCCCTCGGGCATGCCTTGCTCTAAAGTATCGCGATACTTCTGCTTCAGCGCCGAGCAGGCAAGAACGCCCTTCTTTCCATCCTGATACCAGCCCTGCATCAGGCGGTTCAGTGTCTCGAGCCAGGGCTGCCGGTCTTGATCGTTCAGAGGATGCCCCGCTGCCATCTTTTCCTTATTAGCAGCGGGATGATAATCGTCGGCATCGGCAAAGGTTGCGTCCGTACGCTCGGCAAGAAGCTCGCCGATGGTCGTCTTCCCTGACCCGCTGACACCCATCAGTACAACAATCATCCGTTCCAGATATCCTTTCCGGGACCAGTCTCCGAGAATACCGCCTCAGGCAAAATTCAGTCTTCCTTATCCCAGAAAGACAGGACGGATGTGCCGATCAAACAGGTTGGTCGTCACGTTTCTGGCAACGCTCTCTTCGTTGGCTTCGAGCGCCTTCAGATAACGGTCACCCATCTTTGCCGCTACCTTGAAGCCGACGTGAAGCAGCTGGCGAAGGCTGGCATTGTAGGCCGGGTTGCTCTGATCATGGCGTAGAGCGGAGACGAACTGCTCACTCGTCCAGCCATCCACTTCCTCGGGGGTGGGCAGCTTCGCCGGATCGATGTCGATGACACTCGCGTAGGGCACGCAAAGCTCCTCGCGATGACCATATGCCTCGCGATAGACCTCTTTCGCAATCTCGAGTCCCTGTCCCCCTGCCTCCGCCAGGCCGATGATCTCCTCAAGCCAGGTCGTACCGGCGGTCTTCAGGTGCACACCGGCGCCGGTGCTCACAACTGCATCGTGAATCGACTTGTAGATTGAGAACTTGTCCGATCCGGAGTGGACGCTCAGCTTCAGATTCGCGGGAAGGCCGTACTTCTGGACCGCAAATGCAATCGCGGCGATGTCTTCGCGGAACTCGCGCGTGAACTGTGCGACGTCGCCCACATAGTCCACGCCCTTATTGAAGCGCCCCGTAAACTTCGGAGCAATCGTCTGGATGGGAATCTTCTCATCGGCGATCGCTGCCAGAATAATCAGCAGCTCAACCGGCGTCTGGGGCGAGTCTGTCTCGTCCATGGAGACCTCAGGGACGAAGTTGCCGTCACC
NZ_CP048114.1_gap44	1365334	1369914	4580	AGGCGATCTTGCCCTCGGGAATGAAGACGATCGAGCGCATCCCGGCCCGGGCAGCGTAAGCAGCCATCGCCGCCGAGGTGTTGCCGGTGGAGGCACAGGCTACCCACTCAAAGCCGCGCTCTCTGGCTACCGAGAGAGCCGCCGTCATGCCGGTGTCCTTGAAGGAACCGGTGGGGTTCATGCCCTGATGCTTGGCAAAGACCCAGTTCAGGCCTAATGCCTTGGAGGCTCGGGGAAGCTCGTAGAGCGGAGTGTTGCCCTCACGCAGGGTTACGACATGATCGACGTCTTCGACGATAGGAAAGAGGTCGCGGAAACGCCACACGCCGGACTGATCGACCGGAAGCGTGGAGGTACGGCGCTCCTGCCAGAGCCAGCGGAGCGCGCTGACGTTGGGCAGATTGCTGCCGGAGTCCGGGGCATCGCCATAAGGCGTAGAGGACCAGGGATAAATAACGTCATAGAGGCCGTTACAGTCGGGGCAGCGGAATATGCTGTTGACAGCGCTGCCGGCGATCCTGGCGCCGCACTCTGTGCATCGGAGTTGATGTGTCGCAACTTTCATGGTGGTCTACGTTAGGGTATCGTACTCGGCGGATTGAGCCAAAGAAGTGGGCGAAACTGCTTGCTTCCCTGCTGCTTGTCTACGGGCTGGCTGCACCTTCATGGGCCCAGCAGGCAAAACGCGAGATCAGGGTGGCGGCGGCATCCGACCTCCAACCTGTACTGCCAGCGCTGGCTGAGCGATATGAGAAGGCTACTGGGATAAAGCTGGTCATCAGTTACGGCTCGTCGGGAAACCTGACCACCCAGATCCTGAACGGTGCACCGATGGATATCTTTCTCGGCGCCGACTTCGTCTTTCCCGAGAAGGTCGTCGCTGCCGGTCTGGCCGACGGCACGGCTCCCACACAGTATGCGCGCGGAACCCTGGTCCTGTGGGCCCGGAAGGACTCTCCCCTGCAGCCGATTACGCTCGACTCCCTCACGGACAAGCGAGTCACCTCGGTCGCCATCGCCAATGACCTGCGGGCGCCTTACGGACAGGCTGCCGTGGCAGCGCTGAAGCGGCTGAAAATGTACGACGCGGTAAAACCGCACCTCGTGGTAGGGGAAAACATTACGCAGGCGGCACAGTTTGTGAGGTCGGGAAATGCACAGCTCGGCTTCATCTCATTGACTGCGGCCAGCACGCCGCAATTCAAATCGGAAGGCAGCTTTGTACGTGTTCCCCGCTCAACCTATGCTCCCATCCTGCAATGCGCCGTGGTGATGAAGAACTCCGACCGCAAGGGGGAGGCGCACGCCTTCCTGAACTGGCTGCTGAAGCCGGAGGTCCAGAGCAGCCTGGAGCCGATGGGCCTGGAGCCGGTGCACTAGACTTCCAGATCTTTACAGAGAATGCCCTGTGTAGACTTGCGCTGTATGGACCTTGAGGCCCTCTCGCTGACACTGCGGCTGGCAGCCGCCACCACACTGATTCTGCTCCTGATCGCCCTGCCGCTGGCCTGGTGGATCGCATCGGGGCGTGGTGTCGCTCGTGCGCTGGCGCAGGCTGTCGTAGCTCTGCCGCTGGTGCTTCCTCCGACGGTGCTGGGCTTTTACCTTCTGATCGCCATGGGACCGCTGACATCGCCGGGCCGGCTGCTGATCCGACTCTTTGGTCACCCGCTCGCCTTCAGCTTTGAGGGACTGCTGATCGGATCGGTGCTGTACAGCCTGCCGTTTGCCGTGCAGCCGTTGGTCGCCGGGTTCGAGTCCGTCGATGCCGGGTACATCGAGGCGGCCGCCGGTCTGGGGGCCTCTCCGGCGCGCGTGTTCTTCTCGGTCGTGCTTCCCATGGCGCGTTCGTCGCTGCTTACCAGCACGGTGCTGGCGTTCACCCATACGGTGGGCGAGTTCGGCGTGGTCCTGATGCTGGGAGGAAATATTCCAGGTGCGACGCGGACGCTTTCGATCTCGCTGTACGACCTGGTGGAGGACAGCAACTATGCCGCCGCAAACAGGACGGCGCTGGCGCTGGTTATATTCGCGATGGCGGCTCTGCTGGTGATCTACCTGCTGCCGGGGATGCGTCGCAGCCGGGGAAGGCAGGCTGACCTTGTCCGATAACCAACCCGATAACCAGTTCCAAAGGCTGCTCAGCGTAAACCTGAAACATCGTGTAGGCGGGGTCTCGCTCGACGTGGCCTTTCGTCTCACCGAGCCGTGGACGGTGCTCTTTGGGCCTTCCGGCAGTGGCAAAACCACGGTGTTGCGGGCGATTGCCGGGTTTGTAAGGCCGGATGAGGGGCGGATTGTCCATGGGCCGATGGATCGCGTGTTGACCGATACGCAGAATCGCGTGTTCGTGCCAGTTCATCTGAGACCGATCCGGGTGGCGGCACAGGCGGCGAAGTTATTCCAGAACATGACCGTCGCGGAGAATGTGGCCTACGGGATGCAGTGGCGTTCACATCCGGCGGATGAGCAGCAGGTTCTCCAGGAGGTGCTGGAGAAGATGCGGCTGGCCACCCTTGCGAAACGCAGAACCGAGAAGCTGAGCGGAGGAGAACGGCAGAGAGTATCCGTCGCGCGTGCGATTGCCGCGACGATTGCTTACGACGGAACTGACAAGCCGCTGCTTCTGCTGGATGAGCCCTTTGCGGGTCTGGACGCGATCTTGCGGGATGAACTGGTGATGATGCTGCGCGAGTGGCTGAGAAAGTGGAAGATTTCGGTACTCTCGGTCTCTCACGATCCGGCCGAGTGTTATCTGCTGGATGCCTCGGTTATCCGACTTGCGGAAGGGCAGGTGGTCGACCAGGGGCCGGTGGAGCAGGTGCTCGCTGAGGAACGGCGGCGGTTGCTGGCGCGACTTCGCGCTGGGTGATCGGAAGCCCTGGTACAGCTGACCTGAGTTGCTGCCCTGACAGATTTGTGACGCGATAAAAAATACAGCGATTCTTCGCTCCGCTCAGAATGACGTCGGTGAAGACAGGATGCAAAATCGAAAGTTCAACCGAGTTGGACTGGCTCCTGCTCGAGCTCGATGGAAAAGCGGGTCTTCACCGTTTGCTGAATTGTATTTCGCAGAGCGAAGATATCGGCAGCGGTAGCATTGCCGCGGTTGATCAGCGCGAGCGTGTGGCGAGAAGAGATTCCGGCTTTTCCCATGGCGTAGCCTTTGACGAAGCCTGCGCGCTCCAGCAGCCACGCCGCGGCGAGTTTGATGCGGCCGCCTTCGGCGGGCCAGTGAGGAATCTGATCCGGTGAAAGCCCCGCAGTGGAAGCTACGTATTGGAATATCTCAGGTGTAACGATGGGATTTTTGAAGAAGGAGCCAGCGCTGCGGCTGTCCGGCTCGCCTTCGATGATCAGCATCCCCTTACTGTGCCGAATCTCGCGCACCGCGTGATAGATCTCGAGCGGTGTTGGCTCGCTGTGGCCGAAGTGGCGGGTCAGGTCGGCGTAAGTCAGGCTGGGCCTGCGGGCCAGATCGAAACGAAAAGTGACCGCAGTGACGATATAGCGGCCACGGTCTGTCGTGTTGAAGATACTGTGCCGGTAGGCGAATCCGCAGGCTTCTCTTCCAAGCGTGATGAAGGTAGTAGCCTCAAGATCGAGTGCACGGACCGAGGTTATCGTTTCCGCAACCTCCTGGCCGTACGCGCCGACGTTCTGGACCGGAGTTCCGCCGACGGTGCCGGGGATTCCCGCGAGACACTCGATGCCACTGATTCCCTCCTGACAGACCGAGAGGACGAAGGAGTTCCAGTCGGCTCCGGCCGGGACCGTGTATTCGACCAAGCCGCCATCATGGACCGATGTAACCGCATCGTTGAGAGCCATATGGAGAACAAGGCCTTCGAAGCCTGCATCAGATACCAGCAGGTTGCTCCCACCGCCCAGAACGAAGATCGGAAGACCGTTTTTCCGGGCAAATGCGATGGCATCCAGGAGATCGTCTTCCGTCCGGATCTCCGCAAAGTAGAGGGCCGGACCTCCGATGCGAAGGGTCGTAAACGGGGCAAGCGAAACATTCTGCTGGATAGCAAGGGTGTTCTGGTGCACGGGTTTGAGGGTATATCAGACCAGCCAAAAGGCGAAGGCGGACAGGTGATGACGCAGCTTCCGATACACCGGTACAATGGAGACAGGATCGAAGGACGGACCGGACTTCAAGGTTGCCGATCTTTCAAGGGGGAGCTTTTATGTATCCAGAGATTATGGTGATTCCGATGCGCGAGGAGTTGTCCCGCGCGGGAGTACAGGAGGTTCGCTCTGCCGATGAGGTGGACGCGGCGCTCGCCAAGCCCGGAACCACGATGGTTGTGGTGAACTCGATCTGCGGGTGCGCAGCCGGCAAGATGCGGCCCGGCGTCCGCCTGGCGCTTCAGCACACGACCAAGCCTGATCAGCTGATCACAGTCTTCGCGGGACAGGACCGGGACGCCACCGAGCGCGCCCGCAGCTACTTCGGCGGACATCCGCCCACCTCGCCCGCCATCGCGATTCTGCGCGACGGTCAGCTGGTGTACCTGATGCAGCGCTCGGCCATCGAGACCTCGACGGCACCGGCGATCGCACAGGAGCTTACC
NZ_CP048114.1_gap45	1373969	1377385	3416	ACCGGATCAGGAGCCGGATGCGGAAAAGCCTGGCCGCTTTGCAACGGAGATTTCGTCCCACATCATCCCCGCCTGGCAACCATCATCGAATTTACTCACCGCTCCATGAGCGGCATATGTACGGTTCTGATTGTTGCACTGGCGGTGTGGGTCTTCCGCGCGACAACTGCCGGGGATCGGGCCCGGAAGAGCGCAATCGCCTCGGTCTTCTTCCTGGTTACGGAAGCCTTGCTTGGAGCAGCACTCGTTCTGGGTGGCTGGGTCGACCACAATATCTCGGCCGCACGCGTCATCATGCAGTCGATCCACTTCACCAACACCATGCTGCTGCTGGCGGCACTGGGTGTGACCGCGTGGTGGATCAGCCGGCGCGATCATACGAGCAGCAAGACACGTGCAGAAGGCACTTTAGTGTGGCCAGCATGGATCGCCGCGATCTCGACCATCGTCGTAGGGGCGACAGGAGCCGTCGCCGCATTGGCCGACACCCTCTTCCCTTCTCCATCTCTGCGCGAGGCTCTTGCAGCGGATTTTGCCACCTCCGCTCCATTGTTGGTACGAATGCGCTGGATCCATCCGGCATCGGCTTTGGTGGGTCTCTGCTGCGTTCTCTGGCTTGCTCTGCGCGTCCGGTCGAAGCTCAGCGGAACCGTAGTTGCGCTTCTAGCCCTGCAGATCCTTCTTGGGATCGTGGATGTTCTTACGCTGGCTCCTACCTGGATGCAGATCGTGCATCTGCTCGTGGCAGACATTTACTGGATCGCACTGGTGGCCTTGGTAGGGGATACGATATGGCCCGCCAGTCGGCGGGCCTTGAGCGCTGCATAAAGCAGAGGGACCATCTGCAGAAGGCCCCTCTCTCATTAATTTAGATTCTGGATTCCTACTTCCCGGTAACTTTGTCGGCAGCCTTCTCCGTTCCATCCTTGGTTTTGTGGTAGGCCTTCTTTGTGCCCGATTTGGTCTTGTCGTAGGCCTTTTCCGTTCCGTCCGCGGTCTTGTCGTAGGCTTTCTCGGTTCCGTTCTTGGTCTTGTGATAGACCTTCTTCGTACCCTTAGTGACACCATGAGCAGTATCCTGCGCGGCGGACTTGGTCTCATGACCAGCCTTCTTCATGTCCTGCGATGCGTCCTGAGCGAATGCAGTGAGAGAAAAACACGTTGCAAGCGTGAGGGTGATCATTCCAAATTTAGCGATCTTCATCGTTTCATTCTCCTGCCATACCCTGCTTTAAAGGGGTGGTCTGGTAGCACTATAGACGGACGCGATTTGAAGCGCTAGAGCGGATTTTTGGCATCGGTTAATTGGAGCCTGGCGCCTCTCGAAGAAGCTGGTTTTTGAGAAGCAATTCCGACACCAGGCGCTGCAGCCTGAGGTTTTCTGTCTCCAGCGCTGCAATGCGAGTCTGGAAGGACTCAGGCAGTGACAGGTGATTTCGAGCCTCTGGGCTTGTTGGAGGATCAGCAACAGATTCCTGGCGCTCTTCGTATGTCATCAGGTATATCTCCATCAAGGAACACAGCTTACGAATGTGCTTCGTTGTCCGCGGCTGAACCGGCTGGCCTCCAACCGCATCGAATGCCCTGCCGAAAACGCATACGTTCCTCAGGGGTCATCTGTTCGAGGCGCTCCTTCATCCGGCCACGCCACCGCTGACCACCGCCACGACGATGAAACCCGCCAAAGAGAATCCTGGCTAACAGGAACAAGCCGACAGCCTGCCAGAAGGTAATCGCATGCCAGCCAAAGATCGGAGGCATCAGCACGTTCCAGAGCCCCTTCACGAGAAATCCCAACGCAGTTCCTGCAACAACGGCGAACAACAGGCCCTTGCAGATCTTTTCGAGCTTATGCGAATGCATATCGTTCTCCTTCTCACATCTCAGGGCGAAGCTCATGCACCGCCTCCGAAATCTTCATAAATACTCTCCAAACGATGCCGCAGATGTTGGACGGCATATCGCTTGCGTGAGAGCAGTGTGTTGATGCCGATGCCGGTCTCAGCGGCATATTCCTTGAAGCTTGTTCCTAAAACCTCATGGGCGACAAAGATCTCACGCTGCTCGGCCGGAAGTTCCTCGATCGCATCCTCCAATGCTTCAAGAAGCACTTTGCGAGCATAAGCGGCGTCGGGTCCGTCCCCAGCCGAGGGCAAGAGGTCTTCCAGCGCAACAGGAGGGTCCTCCCCGTCAGAGACAGTGCAATCACTGAGGGATTGCGTGCGCCGCCGGCGGAACAGATCCACAATCCGATTGCGCGCCACGCGAAAGAGCCACCCGGTCACATGCTCGATCGGTTTCATCATCCGGTAGGCCTCAAGCAGCTCGAAGAAGACGTCCTGAAGGATATCTTCGGCTTCTCCGGAGTCAGCCACATAACGGCGGATGAAACCGCGTAGGCGCGAACGATCCCGCTCCATCGCCTCTGAAAAGAGCCGATCCTGCTCAGGTACGTCCCAACCGTCCATGTGGCTTAACGTCATCTGCTGCAAAGACGCTTCAGGGCCCTGATTTATTGTGCCGGAATGCGAGATATTTTCGAAAAGCAACATTTGCCGGATTCTTCACATTCAGAGAGAGAAGGTGCGGTAATCTCATAGACCTCATATGACTGCTGGAAAGAAAAGCGCGAAACCTAAGACAGATATTCCATCTCAGAAGTTCGCTCATGGCCCGGTTGCGGAAGACAGGTTTCTGGATCGCGACGAGTCATGGATGAAGTTCAATCAACGCGTTCTGGAGGAGGCCGAGGACTCGGACAATCCACTGTTGGAACGGGTCAAATTCCTGGCCATCACAGCGAGCAACCTGGACGAATTCTTCGAGATCCGGGTCGCCGGAACGCTGCAGCGCATCGAAGACGGCTACAGTCAGCCTGCTCTTCCGGACGAAGGCGGTCTCACTCCTCAGGAGCGACTGGACCGGCTCAGCGAGCGCATCGTACAGTTTGTCGAGGCGCAATATCAGTGCTGGACGGCTCTTCTGCTGCCAGCCCTGCAGAAGGAGAAGATCCGCGTTCTTCGTTGGGAGGACCTGGACGAAAAGGCGCGCGCTCGTGCCCTGCAGTTCTATGCCGAAGAAGTCGATCCGTTGCTGACCCCCGTCACCATCGATCCTTCGCACCCCTTTCCCCGCGTGCTTAACAAGGCCCTTTGCGTGGGCTTGCTACTGCGTCACAAACGTCGGCAGGCCGGTACTCGAAACGTACCTGCAGCCTTGGGAGTGGTCACAGTGCCGAGGTCGTTGCCGCGCCTGATTTCCCTGCCGAGCGAAGATGGGTTCGTGGACTTCATCATGCTGCATGAGTTGATCGAGTCCCAGGCCGAGAAGATGTTTCGTGGCTATGAGGTGCTGGCACGCGCCGCCTTTCGCGTAACCCGCAACAGTAACCTGTACATGCAGGAGGAAGAGTCGCG
NZ_CP048114.1_gap46	1384385	1386191	1806	GCTCCGCCTCCGGCATGGCGCAGCCAAGAATGACATCCTCGATCTCCGATCGGTCTAGCTGCGGCAGCCGTTCCAGTGCCCCCATGATGGCAAAGGCCGCCAGATCATCCGGACGCGTGGTGCGGAGCGTTCCTCGCGGAGCCTTCCCGACGGGAGTGCGAACAGCTGAGGCGATAACGACGTCCTTCATGCAGGGCTCCTAGTTCCTGAGCGGCTTGCCGGTCTTCAGGGTGAAGGCGATCCGCTCCTGTGTCTTCTTCTCTCCGCACAGCGACAAAAATGCCTCGCGCTCCAGGTCCAGCAGATACTGTTCGCTTATCGGCGTACCGGGATTCAGGCGCCCTCCGGACAACACCTCGGCAACCCGGCCTGCTACTTTGACGTCGTGATCGGAGATATAGTGTCCCTCCCGCATGGTCCATACCGCGAGCTTGAGGGTGGCAGCAACCGACTCGCCCGGCGCGGGAATATCGGTGCGAAGCACAGGGGCTGTATATCCGGCATCCGCGAGCGCGCGTGCCCGCAATTTGGCATCGGTCACCAGCCGCTCGCGATTGACGGTGATCTCATCGCCAGGACGCAGGAAGTTCAATGAACGAGCCTCCGCCGCCGAGGTCGAGACAACCGCCTTCGCGACGGTCTCAAAATTCTTCTTCACCGCTTCGAAAATCTCTACCGACTCGCCGCGTGCATCGAGACGAATACTCGAACCAGCCTCGATGGAGCGAAGCAGCATCTCCTTGCATCCACCGCCGCCGGGGATCAGGCCGACTCCGGTCTCCACCAGTCCCATGTATGACTCTGCATGTGGCTGGCGCGCTGCCGCATGCAGACTCATCTCTACCCCGCCTCCAAGACACATCCCATAGGGCGCAACCACTACCGGGCGCGGGCAGAACTTGATGGCCTGGGTCATCTTCTGGAAGGCCCGAATGGCTATCTCCACCTCGTCCCACTCCTCATCCTGAATCGTGAGCAGAAGCTGCATCAGATTCGCGCCGACAGAGAAGTTCGTCGAGTCGCCGGTGATCACAAATGCCTCAAAGCTGCTGACGGAGTCACTTGATGGCCTCAGAGTCTGCGTGATGAAGGACACGATATCTCCACCCAGAGCATTCATCTTCGAGTGAAGCTCGATGGCTGCAATACCGTCTCCCAGATCAACCAGCGACGCGCCTGCATTCTTCCGGACGACACCATGGGACTTCTTGAAGGTCGCAATCGACGCGATCCCCTCGGCCACAGGAACCGGCTGATAGGTCTGGGTGAACGGATCGAAGTAGCGGCGGCCGCTGGGAACGCCTGGATCATCCCGGTACCAACAAGGATTAGGCTCGTTATTCTTTGCCGCCCAATCCAAAAGCCTCTCGACATTAGGAGCGATCGGGATTCCCCGTGCGCGCACCTTCTCCGTCGTAGCGCGAACACCTGCGGCGTCGAAGAGTTCAAACGGGCCGAGTTCCCAGTTGTATCCTGTACGCATGGCCGTATCTACTTCAACGATGCTGGCCGCGGGCTCGTCAGGCTGATCGGAGACGCGATTCGCCGCATAGGTAAACAGCTCTGTGAGCAGCGGCCAATAGAAGCGTGCGGCCTTGTCCCGCTCCACATCGCCATGCAGAAGCTGCGCGATGCGCGCCGGAGTGGACTCCACGCTCTTCGCCATGTCGAGCGATGGTAACCGTGGCCGTTCCGCCGTTCGGTACTCGAGCGTTCGCCAGTCCAGCACACTGCGCAGATCGTGACCCTCGGCGTCCTTCCCTTCCTTCCTGTAAAAGCCCTGGCCTGCCTTATCCCCCAGCCACT
NZ_CP048114.1_gap47	1387810	1388896	1086	TTATCGACACCCTGCACTTGGTTGAAGTAGTACGGGCCGCTACGCTGCTGGACCGCGGCGCTGTCCTCCGCGATGGCGCCGAAGTACGCCGCTGGTTTGCAGATTACCTGGAGTGGATGCGCACCTCAAAAAATGGCCAGGATGAGCGCGATGCAAAGAACAACCACGGTACCTGTTGGGTCCTGCAGGCTGGCGAGTTTGCCCGCTTTACTGGTAACTCGGATGTCATGCAGTGGTGCCGCGATCGCTTTCGCACAACCCTTGTACCAATGCAGATCGCTCCTGATGGAAGCCTGCCTCTGGAACTGGCTCGCACCAAACCTTACAGCTACTCTCTGTTCGACATGGACGTGCTCTGCGGAATCGCGCAGAGTCTCTCCACATCGCGCGAGAACCTGTGGAGCTTCTCAACACCCGATGGCCGCAGCCTGAAAAAGATGATGGAGTTCCTGTTTCCCTTCATCGACGATAAATCCAAGTGGCCATATGCTCATGACGTAGAACATTGGGACGACTTCCCCGTGCGAAATCCCGCACTGCTCTTCTCGGCAGTCGCCTACGACAAACCGGACTACATCACCGTGTGGAAGCGCCTGAATCCCAATCCCACCGTACCTGAGGTCATCAGAAACTTTCCCATCCGTCAGCCATTGCTCTGGATCTCGTAAAACTAAAAAGAAAATCCGCTGCCGATATCAGCAGCGGATTTCAGTTTCTGACTTCGCAACAAAGATTGGAACTTAGCGTTTACCGCCTGCAAGACGATTCATCTCGTAACCGGCCATCAGGAATCCTCCGACACCGTAAACATGACTCGAAGAAGGCTTGAACTTACCCGGCTGCGCATCGACAGGCTGAATAGAGCCAAGACGCCCGTCAGCATATACATGCTGCAGCATTCCCTTCCATGACTTCTCCACCACAGGCAGATAGGTCTTGCGGTCGAGAATGTGCTCGTTGATACCGTACGCAATCGCATAAGTAAAGAACGCGGAGCCCGAGATCTCGGGAAGCTCATACGCGTCGGGATCAAGCAGACCGGAACGCCACAGCCCATCCCTGCCCTGGATTGCCTTTACCTCTTCG
NZ_CP048114.1_gap48	1514279	1515907	1628	GGCGGGCCCATCTATCGCAACCGGGCATTTTTCTTCCTTGCGCTTGAACGTTCCTCGGAAAGTTCAGCATCGCAGGAGATTGACAGCGTACCACTCGACGCGTGGCGCACAGGCGACTTCTCGGCGCTCTCCGTCCCTATCTATGACCCACTTACAGCCGTAAAGCAGCCGAACGGAAAGATCACGCGCAGCATTGGCGATTTCGCGGGCAATAAAATCCCGGCAAAACGACAGAATGCAGTAGCCCTCGCCGCCTTTAAATATTATCCATCGCCAAACTATGGGGGAGCGAATGCGTTCTTGAACAACTATCTCGCCATCGGGGCGAGCACAGACACCTATTATCACGGTGATGCTCGCGTAGATTATCAACTCACTCCAAACAACCGCGCATTTGCACGCTTCTCCAAATACATCGACGACAGCGTTCCATTCAATGGTTACGGCAATGCGGCGGCAAAGACGGGAAGCGGTCCGCAATATGCAACCGCAACCAGTGTCTCCCTGGACGACACCTGGACAATTCGACCGAATCTTCTTGCGGAATTTCGCTATGGTCTGAGCCGCTATACCGTCGATCGCACGGCTTTCGGCCAGGGGTTCGATATTTCCTCGTTAGGGTTGCCGGGGTCGTTCAAGGCGGTAGCGGCCCGAGAGGCGCTTGTCTTTCCAACCTTCAACCAGTCCGACGGCTATTCGGCCTTAGGCATGAGCGGCTATGTTCCTTATAGCTCCTACAACACCGCCCACGACGCTACGGCCAGCCTCATCCTCGTGAAGGGACACCATAATTTTAAGGTAGGCGCAAACTTCCGTAAGTTCTTTGTCAACTTTTATCAGTATGGTCAGCCGTCGGGGGAGTTTCAGTTCGACCGTAGCTGGACGCAGTACAACCCGAACGACGCCACGGATAACGGTGGTGGAACTGCTGTGGCAAAGGCCGGACACACCTTTGCCTCGATGCTTCTGGGCCTGCCATCCAGTGGATATATGACTCACGACGTAACGGCCTTGACCGCCAGCAGCTACATTGCCGGTTACTTCCAGGACGACTGGAGCGTGACCCCAAAGCTGACGCTCAACCTCGGCATCCGCTGGGAGGGAGAGATTCCTCGCACCGAGCGTCACAATCAGCTGACTTATTGGGATCCTTCCCTTCCCTCCCCTCTGGCGGGAATGATCGCAACCACCAATTGTCCCGCCTGCGCCAACCTGAAGGGCGCAATGGTGTTCGTGGGAACGCCCGGGGCCAAATATGGGCGTCACCAAGCTCCTTTTCAAGGGAAGGACTTCGGGCCGCGCATCGGGTTCTCTTATAGCCCAACAGCGAAGTGGGCGATACGCGGCGGCTACGCAATCTTATTTGGCGCGTCTGCGTTACAAGCCGCGGGAAGCACTGGTGGACTCGGGAATGATGGTTTCGCCACGACGACGGGTTTCCAATTTTCAACTGACAGCCAGCTGACTATCAGCACCAATCTCTCCGATCCCGCCAAATCCGGATTCAACCTTCCTACCGGCTCCGCGAATGGCGCTGGAACTCAACTTGGCAGTGGGATCAATTACTCCTTCTTCGACTCCGTCAGAAACCCCTACACCGAACAGGCAAACTTGAACGTACAACGTCA
NZ_CP048114.1_gap49	1518457	1520531	2074	GCGGCAAGCGGTTCTCAACTATCTCAAAGACATCTCCGGCAGCAAGACCGCCGTTGGCGTTCAAAACAAGGACGTTGCGAATCTCACCCGTGACACCGACCGGATCGCCGCTCTGACAGGAAAGCAGCCCTCATTCTGGGGTGCCGACTTTAGCTATGGGCCGCGAGCCCTCGATAAGAATCGTGAAGCGATGATCAAGGAAGCGATCGCACAATACAAAGCGGGCGCTCTTGTAGGCCTGATGTACCATGCCTGCGCACCTATCCTTCCTGACGAAACCTGCGATTGGAACTCCGTCGGAGGTACGAAACCGGTACACCTGACCGACGCCGAGTGGAGCCAGCTCACAACGCCCGGAACCGTCCTCTACAAGACGTGGATCGCACGGCTCAACAAGCTCTCCGTGTACTTTCAACAATTGAAGGACGCCGATGTTGCAGTGCTCTTTCGTCCGCTGCATGAGATGAACCAGTGCGTGTTCTGGTGGGGCTGTCATCTGGGCCCGAACGGAAGCGCGAAGCTCTATCAGATCACGCACGACTACCTAGTCAACACCAAGGGATTCGACAATATTGTATGGGTATGGAATGTGCAGGACTTCAATACCCTTGATACCGACGTCAACTCCTATAATCCAGGTAGCAGCTACTTCGACATCGCCACGCTCGACGTCTACAACACCGGCTACACCCAGAACAACTACAACGCCATGGTGGGCATCGCCGAGGGCAAACCGATTGCCGTCGCCGAGTGCCAATACGTGCCGACTCCAGCTTTACTCGCTCGACAGAATCGTTGGGTCTATGTCATGTTGTGGTCTGACTTCATCTCAAATCCGAGAAACCAGATCGCGCTTCCGGCCCTCTATCATTCACCGAATGTCGTCACGCTGGACCAGATGCCAGGCTGGGGAACTCGTTAGGCAACGGCCGGGACAGCCTCTTCGGACGCTTATCGCAGAGCGACGACCGAGATTTTCACGGGAACATCCTGCCGCGCGTCAATGCGTAGAAGAACCTGCCACGTGTCGGGGAAGGTGCCATTCTTGGACATCAACTTGAGCTTCTCATAGACCGGTCGCATCGATGCAGGATCGCTGAAAAACTCTCCGACGCCGGCCGTTCCGGTGCTGGTAAGTCCGGCGAGCACGAGAACGCGAGATTCGGAGGGCGATCGCCCCATCCATATAAGGCCGTAATCTTCCAGAGCTCCGCCATGAATGACCCGCGCGTAAACAGGCGACTCCCCCGCGCGCGGATGAATATTGCGAATGACATCATGCTCCATCATGAAGTTATCTGTATTGACCGTTCCCTGTGCAAACGCGCTCATGTGCGGCGCACCCAGAAGGACAATCTGCTCGGTTCGAGCCTCATCCCAATTGAGAAAGCGCGCCTGCGTGAGTTGGGCGTTGCGTCCGAGAATCTGCAGAATGCGAGCGAAACCGTATGCAGCTTCCGCTTCGCCTAGCCCCGTGTAGTTCATGTTGTCGACCTGGAGGAAGTGGAAAGGAAACTCTGCCTGAGTATTATTGGCACTACTATTCAAAACACTTGCCATCGACTCCGGAACCGGGACACTCAACACTTCATCCCCACTTGGAGGGGTCGGAAGCGACGCTCCGCGGTAGAGCAGAACGTTCGGATTGGAGAGCGCAATCTTCGTCTTCGCCGGCCCGGAAACACCGATGGGTCCAAGAAGCTCCTTATAGAAGGAATAATCTGAGCCGTTGACGATGGGACTAGGTTGTTTGATCCAGCCCTTGATCCACCATCCGGCAGCACCAGAGCAGATTACTAACAACCCAATTTGCAGAAATTTACTTACCGTATAAGAAAACGACGTGCTTTGCGACGAGTACGTTGCTACCTCTGCTTTTACGGCCGATGCGGGCTGCGACTCGTTAGCGGGAGCGGCAAAATGTTCGAGAACGGCTGGAACCTGGCTCTCATGGATCACCGGGTGTGGAGCCGGTTTGAGCTTGATAAAGTCCGGGACATAGGATCCCAGTGGAAGCAATATCCGCAGGGGTTCAGTAGGGTGATCGTTATAGAACTTCGTCAGCCGACGTCTT
NZ_CP048114.1_gap50	1530285	1535169	4884	TCCACATATCCCAGCCCTACAGCAACGTTCTGGCGAAGTCCGGCTTCCGTGATCTCACCCTGTGGAACCTCCAACAGGTCCGCCGCTGTCGCCTCAAAGTCCGAGAGTTTCTTATCGATCTGGTTGGGCTGAGGCATCACACGGTTAAAGACTTCGAGCGCCACCGGAACCAGCCCCGGATGCGCCACCCAAGTTCCGTCGTGGCCATCCACTGCCTCCCGCTCCTTGTCGGCACGTACCTGGCTGAGAGCCTTCTCGTTCGCGACCGGATCGGACTTGATCGGGATATAAGCCGACATCCCCCCCATGGCATGGATCTCGCGGTTGTGGCACGTCTTGATGCACAGCTTCGAGTAGCTACGCATGAAATGGGTCGTCATGGTCACCTGTGATCGATCGGGAAGCACAATGGAGCGATCGCCGGCGAGCTTCTTGATATAGGAGAAGATGTAATCCCAGCGGCCGCAGTTCAGTCCGGCGGAGTGGTCGCGAAGCTCGTAGAGGAACTCGTCCATTTCGAACGTCGCCAGAATCGTCTCGATCAGACAGGTTGCGCGAATACTTCCTTGCGGAACTCCGAGCGTATTTTGCGCTTCCACAAAGATTTCGTTCCACAGACGCGCCTCCAAATGAGACTCCATCTTCGGAAGATAGAAGTAAGGTCCGCTGCCACGCGCCAGCAGTTCCTTTGCGTTATGGAAGAAATACAAACCGAAATCGAAGATAGAGGCAGACATCGGCTCATCGTCCACCAGCACATGCTGTTCCACCATGTGCCAGCCACGGGCGCGGACAAACAGGACCGCGGTCTTTTCGTTCAACTTGTAACTTTTACCGGTCTTCTCGTCTTCAAAGGAGATGACGCGGCGAATGGCATCGCGCAGGTTAATCTGTCCCTCAATCAGATTCTTCCACAACGGTGTTGAGGAATCCTCAAAGTCCGCCATGAAAACATACGATCCCGAGTTGAGCGCGTTGATGATCATCTTCCGATCGACTGGTCCGGTAATCTCGACGCGGCGATCCTGAAGGTCGGCCGGAATGGGTGCGCAGCGCCACTTCCCTTCCCGAATGTGCTTGGTCTCTGCAAGAAAATCCGGCTTCTCTCCCCCATCGAGCCTCGCTTGGCGCGCAACGCGCGCGGCCAGCAGTTCTTTCCTGCGAGCACCGAACTTGCGCTGAAGATTTGCAAGAAACGCCATCGCATCCGGCGAAACGATTTCCGCAAATTCGGACGAGACAGGTGCAATGATCTTGATTCCAGACGGCAGGTTAGACACGATCGAACTCCCGGATTTAAAGATTTGTTCTACTTCGTCACCAAGCTTCACACATACACGTGCAAGCAATTCGCCACATCACCTCTGGTATTACAGTCAGACCATAATCATTAATGGTCGCAACCATCGGAAGTAAGCCCCCGAGCGAAAGACAACTATATGGAAGTGAGGGTAAGGCTGTCCACTATCAGCGTTTTGTTAGGGCGCTGATAAAAAGAGAAGAGGATGAGTCGGGCGGCTTATCCTCTCTCAGCCAGATTTTTACCGCATCACCTTCAAACACGTACCGACATGGCGTGATGGAAGATATTGTTGGGATCGTAGCGCCGCTTCACGCTCTGCAGAAATGGGTAGAGGTCATCAGTTCCATAGTAAAGCTGAGGCCAGAAGTCGTACTGCAGCATATCGGCGTCCGGATAGTTGATATAGCAGCCCTGATACTGATCGCCCCAGAAGGGGGTTCCGGCATGCTTACTTCCTGTTTTTCCGATCGAGTAGAGCTCGGTGTAGAAGTCCCGCATCCACTGCGCATGTCCCTGGTCCTGTGCAGAATCAGTCCAGGTGGAGATGAACTGCAGCTTCAGAATGGAATCACGCTGTGCAGCAGAGGTTTCTTCGTATTTCTCCTTCTTGTTGACAGCGCCCCCAAAGGAGTCTGCGAGCACGGTGCTGCTGGACAGGTCGGCTCCTGGAATCTCGCGGGTGAGGTGCTTATAGAAACAACGAGCCTCTTCAGGAGTGAAGCTCTTCTTCATAAAGGTTGATTTGTACTTGTGACGGTGATTCACGATCGGACCACCCCTGCCGCCTCCGGATCGTCCGCTGTTGGCGTCGATCCAGGCCATCTTGTTCAGGGTGTGTTTGGCCAGACACAGGTTCGTTCCTGACGGGGGTGGTTCAGGGTGATGCTCGGCCATCGCGGGATGGACCGAAAGCTGCGCCACTGGCTTGCACTCATCGAACATCGCGAGGAACTCTTCCACCACTCGGGTGTCGTTGACGGTTCCGTCCGGGTTCGTGAAGTTTACGGACATGCCAAGATGCCCGGAGCTGCGGTGGGAGAGATTGAAGATGGAGAACAGGCCCCAGGTTTCAGGATCTCTGCCACGGGTCTCCCAGTAGTTGCTGAACAGATAGAGGACTCGCTCAAAGCGCTCTTCCGTCATACCATCCCAGCCGAAGCTGACACTGCCTCGCAGGACCTCGGTCGGGGCCTTTGGCAGGGTGTCGAAGTAGAAGTTCGTGATGATGCCGAAGTTTCCTCCGCCGGCACCGCGGCACGCTCGAAGCAGATCGCTGTTCTGCCTTTTGTCGGCGCGAACAATCTTCGCTTTTCCTGCATGGTCAACCGTGACAATATCGACTGCACTCACCCAATCGGGCGTGATTCCATGCAGGCGTGAGAGGAGGCCGTAACCACCACCGGAGATATGTCCGCCAGCGCCGACGGGAGGGCATGTTCCACCAGGGATAGTTACCAGGTCGCGCTTGTAAAGGTCCGGGTAAGCCTGTCCGAGTTTCGTGCCCGCTCCAAGCCGATATTTCGGACCGTGGGGAAGAGGAGCAGTGCCAGAAAGCAGGCTGAGGTCGATGATCGCTCCGCCTGGGTTGTTGTCAACGAAGTCCTCATAGCAATGTCCGCCGGAGCGCACCGTTGGCCGCAGGCCGGCGCGGACGAAACGCTCGAGCACTTCAGCAACATCCTCCGTGCTATCGCAAAGGGCGACTCTGCTTGCGCGATCATGGGCTGTTTCAGGGAAGCGGGCGTTCTGGCCCTGACTCAGATGCTCAAACCGGATATCGTCGGATAAAACGATCTCAATAGACATGACGAGAATTTTCCTCTGGAGGCAAAATACCAGCAGACATCAAAGTCCGTAATGAGGCATTCGCCCTATTGCTCTGATATAGCGAGTGTTGCTGTCCCCACCGACAGCTTCGGCAAAAAGAAGGCGCACTCACTTGAGAGACGAATGAATCTTAGGAATTTCCACTCGATACATCCCCTCCCCATCGATTTCACGCAAAATATTCTAATTATTCGAGTTATATCCAAAATTTCCAACACCATTCAATACCCAAACGCCTGCCTAATCTGCTCCTCTGTCATGCTGGCCTAGGCATTCCGGGAGAAAAACGGATTCCTCTACCCGCTGCACTATGGTCGGGTTGATCACTCCGTTCGAGCAGGCGAATGTGGAGGCGGAGTCTACTCAGGGCGCATCTCGCTTGACACTCCTAAACGCTATTTCGTGGAGGTCGAGGATGTTCTTTTGGCAGAGTTTGCCCTATGATAGCTATCTTCAAAAGAAGTGGGGCCTTGAGCGGCCAGATCACGAGGAGCGCATGGGCTATTCCCATACGTCTACTGACGACCGATTGTGAAAGGACATTTCATGCTGGATCGCTCACTTCCCGGAATCAAAAATCTTGAACACATCGTCGTCCTGATGATGGAGAATCGATCGTTCGATCACATGCTTGGTGCCCTGAAGGCCCAGCATCCACAAATCGATGGCCTGACGGGGAATGAGGCGAATCCCGATTCCACCGGCGCCATGATCAAGGTGACCGATGACGCCGAGTACCAGAGTCAACTCGATCCTGATCCGGACCATCACTTTCCGGCGGTCGATCTGCAGATCTTTGGCGGAGTCACCGAATCCCAGAATCCTGCGCGCCAGCCAAACATGCAGGGGTTCATTAAGAGCTATTACAACCAGCAACGCAATGTGAAGCACTCGCGCAAGATCATGTCCTACTTCACTCCGGACAAACTACCGGTGCTGACGACCCTGGCAACGGAGTTCGCGGTCTTCAATCGCTGGTTTTCATCGATTCCCGGGCCTACACTCTGCAACCGCGCCTTTGCTCATTACGGCACGTCCTTTGGCCAGGTGAGCATGGACATCTTTTACTGGAACAGGAAGTACAAGAGTATCTACGAACGGATGCTGGCCAGCGGACGTACCAGCAAGCTCTATTACTACGACCAGGCAAGCTCCTCCCTCGAGGTGGTAAACCTACTGCAGAACCAACCGGCGCTGTTTGGTACCTTCAAAGATTTTCTACATGCCTGTAGCTCGGGCAAACTGCCAGATTACTGCTTCATCGAGCCGAACTATACGGATCACGAAGACCCGAATGGAGCGGGCGAGCTGCTGGCCAGCGACCAGCATCCGGACCACGATGTCCGCGCAGGCGAGCAGTTTATCGCGAGCGTCTATAACGCCATTCGCAATAATCCCGACCTCTGGCCGAATACAGCTCTGCTGATCGTCTACGACGAGCACGGCGGAATCCACGACCATGTATCTCCGCCAGCGTGTACGCCGGATGGGTTTGTGGCCCAGCCCAGCGCGACGGGAACACCCGATCCCTTTCACTTCGACCGGTTGGGCGTGCGGGTTCCGGCGATACTGGTCTCGCCGTGGATCGCGCGGGGGACGGTAATCAATGAGGTGTTTGAGCATGCCTCCATTCCGGCCACGGTGACTGATTACTTTATCGGGAAATACGACGAGAGATCAGACCGCGAAAAGGCGGCAAATATGTTTCTCGAATCGATCAGCCTGACGAAGATGCGAAGTGACAATGATTGTCC
NZ_CP048114.1_gap51	1544270	1545898	1628	GTGTACTTCTGAAATCCCGGGGCTGTTACGTCCAGTTTGAATCGTCCGATGCCGACGTTGGCAAAGAGGTAGATACCAGCGTTATTGGAGACCGCCTTCCTGGTCTGACCGGTTGCAGGATTCGTAAGCGTGAGATCGGCATTGGCGATGACGGCTCCAGAAGAGTCCATTACGGTTCCGGTAATGGTTGCATTCTCCTGGCCCCAGCTGGATGGCGCAAACAGCACCATACTTAAAACAACGAGCAAGAAACTTAGATTTCGGCGCACGGTGTGACCCTCCAAAAACATCCTGCAGTCTTACAGCGAGCAATCTGTCCTTCCAGTCAATGCATGGGGAAAATGCGATTTTCTGGAAAACGTTTTCTATTGACCTGAGATAAATCCTGCAAACAAAGTGTTTCGAGCGAATTTACCCTGTGAGCTTTATTTCACGTCTTGTAAAAATCATGCGGTCTTCGCCGCAGGGGGAGCCTGATTCCTTGAAGCGGTCGCAGCTTAAATAAACGCCCTCGGATTTGTCAAGCTAATTTATGGGCGATATTTATACGATTTTGTTTCCAGAACAGACAGTTTTGCCCTCCTCTTCCCCGCCTCACGGCTAAGGGGCTTTGACAGGACACGGCATGCCGAAAGAAGTCGGTAAATCCCGCTCAAACCGCTGCAGAAGTCCGATCGATTGCAATGAATGGGGTTGACGCTCGCAAAAAGGAGCGACTACCGTAATGCTTCAGAAACTGTAATAACGTTTACTCAAATAAAAACCACATGTGGGAACCGGGAGGGACAGCACATTGAAATTGCGTTTACCGATCGTGCGGGAGGGCGCTCGACGCTATCGACTTCATTATGCGGCAACGAGCCTTGGGCTACTGTTGCTATCCAATGCCGCATATGCGCAGTCAGGCCAGACAGCAGCCATCTCTATCAAACTGGACAGCCCCGCTCACAAAGTAAGCCCGATGCTATACGGCCTGATGACAGAAGAGATTAACTTTTCTTACGATGGCGGCCTGTATGCGGAGATGGTTCGAAACCGAACCTTTGGTGGACGCCGGCATTCGCAGCCAGCCCACTGGTTTGTCGTTGAGCACGGAAACAGCAGCGGAAAGATGGAGATCGACGATTCCAACGGTCCAAGCGAAGCGCTCCAGAACAGCCTGTTGATCGACGTGGCCAAGGCAGATGCACAAAACCCCTTGGGCGTTTACAACGAAGGCTACTGGGGAATGGCGGTTCACCCGAACACAACCTACAAAGCCTCGTTTTATGCGAAGACTGACCAGGCTGATGAAGGACCGATCAACCTGTCCCTGATCAACAATGACAGCGGAAAGGTCGTCGCGTCTGCAGCCAGTGGAGCGATCTCCGGCCAGTGGAAGAGATACGAGGTCCTGCTGAAGACAGGGCAGGTAGAACCCAGTTCCAAGAATCACCTGCAGTTGACGGTATCTCATCCGGGCAAGGTATGGATCAGTCTGGTCTCTCTCTTTCCGCCGACATACAAGGACCGCGATAACGGGAACCGGCCGGACCTGATGGAAAAGATGAAGGCCATGAATCCGAAGTTTCTTCGTCTTCCCGGTGGAAACTACCTGGAGGGAGATGAGATTCAGGATCGCTTCGACT
NZ_CP048114.1_gap52	1735391	1738739	3348	CGCGGGAGGCGGCATGACCTTGATCGACGAGCAGTTTATCGAGCCGGTTCTTCATGGGGATGCAGTTCCAAAGTGGGACTCATGTAGCTATTCCTTAAGGTACATCCTGCGGGTCTCTACGTTAGATTGGCTAGGAAGGTGAAAGGAAACTCCATTCGCCAGGAAGGAAGATGGGTGTGGCTTTGACCGCTAAAGTGATGGAGATGCCCGCGCCGAGCGTGCGGGAGGTACGAGACGACGCCACGCTGGTGATGGAGATCCGAGGTGGCGACGAGGCCGCGATGGCATGCTTCTACGATCGCTACGCCCGCGTGGTGTATTCGGTCCTGCTGCGAGTGCTGCATCACCCTTCGTCGGCCGAGGACCTTCTTGAAGATATTTTTCTGGGCATATGGCGCAATCCGGAGGAACTACTGGAGGTCCGCGGCAACCTTGGCGCATGGCTCGCGATCCTGGCCCGCAACCGGGCGATCGATGCGCTGCGCCGGCGCAGCCCCCGGGGGACCGTGGCGGATATCTCGATGGCCGCCATGCACGACCTGTCCAGCGAAGCGGAACGCCAGGCTGTGGCCGAGAACACGCGAGCGGCAATAGCGCAGCTCGCTCCCGAACAGAGGAGGATCTTTGCGATGGCCTTCTTCGACGGATTGAGCGATAAGGAGATCGCCGAGATCGTGGGCGAATCGGCTCCGCTGATCAAGATGAGGATTCGGGACACGCTGCTGGCGCTGAGAAGGGCGGCACGAGGATGAGCAGGACGACGGCTCACTACGAGGATACCGATCTTGCAATGTTCGCCATGCAGCTGCTAGAGGGCGAAGAACACCAGGCCACGTCTGAACATGTGAGTGGCTGCGCGTTCTGCAGGCAGGAGCTTGCGCGGCTGCACGGAGACCTGGCTGCCTGTGCGTATGGGGTAGAGATGCATGCTCCGGCCTCATCAGTCCGGGAGCGAGTGATGCATCGGGTGACCCGCGAGAAGAAGGCCATTCCGCCAGCTCCGGTCGAGGAGGCTATCCCTGCTCCCGCACCAACGACGACGGTTTCGGTCGAACCGGCAGAGGAAGAGGAGCCTCGTCTCGAGTTTCGCAGACGCAACGTAGAGCCTGAACCGGAGCCCAGACCTGCGAAGCGGTGGCGATCAGAGGATAGACCGAGGCGGCAAAGCGCCGGCGTGGCCAAAGGGATATTCGTCTGGCTTGGGTGGGCCATCGCCGCGGGGTTTGCCGTGGCGGGAGTGAGGCTGTACCAGCAGCAGATGGAGTACAGGACGAGACTTGCCGTCCTGGACGCCGAGGTGAGCCAGCTCCGGGCGAATGCCACAGGCGCAGGGCGGCTGATAGAGGCGATGACCGATCCTTCGGCACAGCGCGCTCTGCTCTCCCCTCCCGAGTCCGATTCCGGGTCACTGGCGGAAGGACACGTGATCTACGACGCCGACAGGGGTTCGCTGATTCTGCTGGCGGACCATCTTGCTCCGGTGGGAATCGACAAGACCTATGAGCTGTGGATGATTCCAGCAGACGGAACCAGTCCCATTCCGGCGGGTACATTCCACCCTGACGCGCAGGGCAACGGGAACGTGATTCTGCCTTCGCTGCCGAAGGCTGTCGCGGTAAAGGCGTTCGGGATAACGATCGAGGACGGGGCTGGATCGCAGACTCCGACGATGCCGATTGTGCTGGCAGGAAGCTGACCGGGACGGCTTTCTTTTGGATAGTCCACAAAAATCCCTGTACTTGCCAGTAGCGTTTGTGGCGCTTCGGGCAAAATACAGGGATTCTTCGCGTTGCTCAGAATGACGGCTTCTTAAGGCCGGGGACTGCGCTACGGCAGCTGGGTCCGCACCATGATGCCCTTGCCCTGCAGGGGCACGGTCGTCTCTACGACATCGGTATCGGTACGGATGATCGTCATGCGGTCCGACTCAGGAGACGTCACGTAGACCTTGCCGGTAGGCGTACCGCTGATGCAGGCGATGAAGGTAGGATGGGGCGAATCCGGTACCGGGATGGTAGCCGTGACGGTGTTGGTGGTCAGGTTGACGACCGAGACCGTGCTGTCTGCCCGATTGATGACGTAAGCACGGGAGCCATCCTGCAGGACCGCTACCATCAGGGGGTCGACGCCCACGGGTACAGTAGCCAGCACCTGGCCAAATCCATTGGCATCGATGGGGTTGTTAGGGTCGCAGTTAGGATTGCCTGGAAGAGCGGCCGCTGAGCAGAGAGGGATGTTGATGATGCTTACCGATCCCTTGGACACGCCATCGCCCTCGTTGGCGACGACCAGCTCGTTGCGGGTAGGTGCGAGATCGGCCCAGATCGGAGCGACTCCAACCGGAATCGGATTGACCGCAGGCGCGGGAACGTTATCGGCCTGATTGGTCTGCGCGTTGATGACGGAGACGGTATTGTCACCTTTGTTCATGATGAAGGCGCGCTTGCCATCAGTGGTCATTACGCCGTAGATGGGGCTGCGTCCTACGTCGATCTTGTTAGAGATAGTGCTGCTTGCCATCTCGATGGCGGCAACTTCGCCAGGGCCACCATCGTCCTTCTGACTGATAACGTAGGCGCGAGGCGAGCCGGAGTTGCCAGCGATGTAGACCGGAGAGTATCCGGGATCAATGGGAAACTCCTGATTCAGCGAGGGAGGCGGAGGCGATTCCTTGAGCTGCGCCACAGCGGTGCGACCGGGTTCTGTGACAAAGAGCGCAGTAGCGTCGGAGAAGATGCTGTTGGAGTTCGCGTTATCGAGCAGCGTTGTCTGGATGACATCGCGGGTCTGCAGCGAGGGGGAGATATCGAAGCTGGTGAGCGTCTTATCGCCGTTGAGCGTGTAGCCGGTGTTTCCGGACGCGTCGAGCATCAGGTAGTACGGCGAAGCCCCGACGTTGGCGGTGACCAGAACGCTATCGCCGGAGAAGTCGACGATCGTAACCAGGCCAGGCAGATCAGGTCCCGGACTGGAGATCGCGATCGCATATTTATTGGGCTGCGAGGCAGGTCCAACGGGATTGATGCTGGTGACAACAGGACGATAGGTGTTGCCGCAACCTGCCAACGATCCGAGGGAGACCGCGGCGAAGGCGAGGGTGGAAATAGCCTGGAGACGTGACCGCCTGGATGGCCGGTCGATACGAACCTCAGGGGTTCCTTCTGCTTCAATTCTTCCTAAACGCAAAACTGCTCCCGCGGTGCTGCTGGTGATTAGCTAAGCTACAGATGAGATTGTAAATCACCACGGCTGGAAAACCCGGCGGGAGTGACGAAATGCAGGTCTGGCGGAAGGCAATTCCGGAGGGGCGAGACAGGGTGCAAGCGAGGGCACTGACCTGGGTGGTGG
NZ_CP048114.1_gap53	1756354	1757828	1474	CAGGCTGTGAGGCCTTCGCACTCCAGCTCGACAAGCAGGATGCGACGGCCTGTGGTCAGACCGAAGCTGGTCTCAAAGGGGTAAGCCAGCGGCATGTTGATCTCACGCATGTGAATCGCATCAATATTCAGCATCTCAGAATCCCGTCCTTCCAATCGTCGTTTGCGGAAGTTGCACGCATTCAGGTCGCTCCGAATCAGCTCCAGGCGCCTTGTTCTTCATCGTTCCACCTGCCCAGCAAAAACGTTCCGTTGCCGTGGGCGTCGCGTTCGTAACCGATAGCAGCGAGACCGCGGCTGAACGCTGACTCGAAGGCCTTCCGGTTCGTCTTCTGCAGCTCCTGTGCGAGTGATCTTGTCTGGGGATCCTGCTTCCATTGGTAGATGGCGTGCGGGACAGTGATACGTTCTATGGTTTCGATCGGCTCCGGTGTTCCGGCCAGGATGTTCGCAACCCGGGGGGATTTCAGCCACCATTCCGCGTATAGCCTATCCGTCGGCAGGCCGCCCTGCAAGGGAGAAGAGGAAGGCCCATAAAAGTCCGCCTTATAGCGGCGGGCGATGGCGCCCAGACGGGCGATATTCAGGTGTGCGTTTTTGATCTCCAGGGGATCGAAGGTCCACTCCATCAGGTCGAAGCCTCGCGCCAGCGCGTCGTCCCGCTGAGCCAGCTTCAGCCTGCGTCCCAGCCCACCGTTGCGATAGTCCGGCAACACGGCAAGCATGTGCGAGTGAAGATAAGCGTGACCGTTGCGATAACCGGGCAAGGCCATGGCAAAGCCAACGATGGTGTCCCCATCAAACGCACCAAGGACCTGACCGCCGATGCGCTGGGCTACCAGGAAGACTCTGCGGGGGATCAGGTCGCCGTCGCTATATCCCCAGACCTCAAGCTGCAGAACAACGCAGCGTTCAAACTCCTCAAGCGCTGTCAGTGGCCGAATCTCAATTCCCGTTTCGCTGTGTGTGTTCATGCCTTTTGGTCGTTCGCTCTCCAATAGCCGTACAACGTACTACTCTGCCCGCTTTGCGTCCCGCCAAAGAGCATCCAGCTCCTTCGGGTCTAGACGCTCAAGGACCTCTGCTCCGCCTGCCGCGCGTTCCATCGCGGTAAAGCGCGATCGAAACTTTGCGTTGGCACGTCGGAGTGCGGACTCAGGATCGATCCGGAGATGGCGCGCGAGATTGACGGCCGTAAAGAGCAGATCGCCCAGCTCCTCTTCGATGGCTGAGGAGTCCTGCGGCTTCTCCGGTTCCTGCACGCCAGAAGGAATCTCGGCACGCAGTTCCGCGATCTCCTCATTCAGTTTGTCGAAGAGACCCTCTACATCGGGCCAGTCGAATCCGACTTTGGAGGCACGCGAGCCCAGCTTCGCCGCCTCCATCGTGGCGGGCATAGAGCGTGGAATATCTTCGAGCAATGAGGGCTGCGACTTCCCTTCCGCCGAGGCGCGTTTCTCTTCACGTTTGATCGC
NZ_CP048114.1_gap54	1774849	1778798	3949	ATCCCTGCTCTCCGGGGAACGCAAAGGGACCGTCCGGGTTCTAAGTTTCGTCAACCATGCCCACATGGGGCTCTATCGCGATGCCGTCGATGCCTATCTCTCCGGGAAGGACAAGACGCCGGACATCAGCGCTCACGCAAAGTTCGGCGCCGTCAAATACGGCTTCGGCCTCAACGCCCAACAGGAGTTGACCCCTAATCTGCGCGCCTTTCTCCGCATTGGCTGGAATGAAGGCCAGCATGAGTCCTATGCCTATACCGAGGTGGACCAGACCGTCGCCTTCGGCGGCGATTACTCCGGGCGCGCCTTCAACCGTCCTGACGACAAACTTGGTTTCGCATTCGTCTCCAATGCGATCAAGCGCGACCACCAGAACTATCTCCGCTACGGCGGCCTCGGGTTTCTACTTGGGGATGGCAAATTAAACTACGCCCGCGAAGACATCCTGGAGAGCTACTACAACCTGCATGCCTGGCGTGGGATCTTCTACGCGCTCAACCTGCAGTTCATCGAACACCCTGGCTATAACAAGGATCGAGGCCCGGTTCTGGTCGAGGCGATCCGCATGCACGTCGACTTCTGACAATCGCCGTATACTTTTTCTGTGACCCCGCGCATCGTCTACGAAGCAGCTGGTTTCGTCCTGGGATTGATCTTTGGCAGCTTTCTCAATGTCTGCATCTCTCGTCTGCCACGCCAGGCATCGCTGGTAAGGCCTGGCTCACACTGTCCGGAGTGCGAAGCTCCCATCCGCTGGTACGACAACATTCCTGTGTTGAGCTGGTTTCTGCTTCGTGCCCGCTGCCGCGACTGCGGCCAGCCCATCCCGTGGCGCTACCCGGTAGTAGAACTGGCGACGGCCATCTGGTTTGCCATTCAGGCTGCGCGTCTCCATACGGTCCTCGCGTTCTACTTCAGCTCGCATACGGGGCCTTCGTCCTATGCACCGTTCGCCATCCTTGCAAACATCGCAACGGCGATTCTCGGCTTCCTTCTGATCGGCCTGATGGTGATGGACTGGCAGACCGGTCTGCTGCCGGACTCCTTCACGCTGACGGGAATCCTGCTGGGCGTGTGCCTGATCGGCCTGCAGGCTGTCTTTCTGGGGCCGACGGAGGACCAGATTCTCCTGCCGGAAAACAGAATCCATCTGACCAGTGCCGGTATCCCAAACGATACCGGCAATGTTTTTTTGACAGGTCCTGAGGCTCTCGTCGGCGGCCGTATCCTCGCTGCCCTGGGGGCCTTTCTGCTACTTCTCTTCATCCGCTGGCTCTACAGGAAGCTGCGCCACCGCGAAGGTATGGGCCTGGGCGATGCCAAGATGCTCGCCATGATCGCTGCCCTGCTCGGCTTCTGGCCAGCCATGCTCTCCTTCTTCTTCGGAGCCCTTGCTGCCAGCATCTACGGGGTGTTTCTGGTAGCCCGAGGCCGCGCCGGATCAACCTCAAAGCTGCCCTTCGGAAGCTTCCTGGCCGCTGGCGGCCTGATTGCGGCACAGGTAGGAGACCGCATCATCGACGCCTACGCCCGACTGCTCCGATAGCCGCACAAACGGCTGTCTTGCTTGACACTGAACAGCCACAAAACTAGAGTCGAAGATGGTCATGCACAATTATCCCTACATCTGGAATTATCTTCCGCTTGTCCTGCAAATACTGGTAGCTCTTGGTCTTGCGTGTGGAATGGTGGGGGTATCGTTCCTGATCGGCAAGCATAAGAATTCACGTACAAAACTTGGCCCCTACGAGTGCGGCATGGATCCTGTCGGCGACGCCCGAGGACGCTTTTCTGTGCGCTTCTATATGGTCGCCATGCTCTTTATTCTCTTCGATGTAGAGGCGGTCTTCATGCTTCCCTGGGCCGTCATCTTCCGACGGCTTCCTGAGATCACCGGGTCGAAGATGTTTGGATTCTACGAGATGCTTGTCTACCTCGGCTTTGTAGCTGTGGGCCTGTTCTATGTCTGGAAGAAAGGCATCCTCGACTGGTCCACCGATAAGGGAGATCTTTAATGGACCCCGCAGTTTTAGGTACCCAGGCCGTATTTGAGGCCCTTCCGGAGGACCCCGCGGTCAAGGCTCTGCGGGAGTTTGCCACGGACGCCAAGTACGATCGCGGCGAGCTGACCCTCACCGTCGCCCGCGAAAGCATCGTTTCGGCTGCTGAGGCTTTACGGCGGGCCGGGTTTACCTTCTTTGAAGACGTTACCGCTGTCGATTGGTATCCGTCCGAACCCCGCTTTCAGATCAGCTACAGCTTCCTCTCGTTCGGTCTGAAGCGCAGGGTTCGTGTCGTCGTCCGGCTCGCCGGTGAGGACGCAGTTCTCGACAGCCTTACGCCAAACTGGCCCGCGGCGAACTTCTATGAACGCGAGGTCTTCGACCTCTTTGGTGTTCGCTTCAGCGGTCATCCTTACCTGCGCCGCATCATGATGCCCGAAGACTGGCAGGGCCATCCCCTGCGCAAGGACTACCCCGTGGAGGGCTATCGCTAATGGCACCCCTCGCCGCTCCCGACCAGATCAACCCCGGAATTGACGACGTCGTCTCTGACTCCGCGCGTCACCATCACGGTAACGATCCCCTCTCTGACCAGACCATGGTCATCAACATGGGACCGCAGCACCCGTCTACCCACGGTGTGCTTCGCCTCGTGCTCGAGATCGACGGCGAAACCGTCGTCTCCCTTGCCCCTGACATCGGCTATCTCCATACCGGAATCGAGAAGACCTGCGAGGCCAAGTTCTACCAGCAGGTTGTTCCTCTGACCGATCGCATCGACTACCTGGCGCCTATGATCAACAACACGGCGTATGCTCTTGCGGTCGAGAAGCTGCTCCAGCTGGAGATTCCTGAGAAGGCCCAGTGGCTGCGCGTGCTCTTCAACGAGCTGATGCGCATCAACTCGCACCTGGTCTGGCTGGGAACCCACGCCATGGACATCGGCGCGCTTACCGTCTTCCTCTACTGCTTCCGCGAGCGCGAAAAATTGCTGCGCATCTTCGAAGCCGTCAGCGGCCAGCGCATGATGACCAGCTACATCCGGATCGGCGGAGTCAGTCTGGAGCCGCCGCTGGGCCTCTTCGAGGCTATCCGCGATTTCCTTATCGAATTTCCTTCGAAGATCGAAGAATACGAGGCCCTGCTCCAGAACAATCCCATCTGGATCAATCGCCTCAAGGGCGTAGGCTACATCTCGCCCGAGGACGCAATTGCACTCGGCGTTACCGGCCCCCCGCTGCGCGCTGCCGGTATCGACTTTGACGTCCGCAAGGCAATGCCCTACTCCAGTTACGAGAAGTTCCAGTTCAACGTGCCGGTCTCGACCGAGAGCGACGTCTGGGCCCGCTACGTGCTGCGTATGCAGGAGATGCGCGAGTCGGTCAAGATCTGCATGCAGGCACTGGACGGCATGCCGGAAGGCCGCATCGTTGCGGATTCCCCGAAGATCATTCTGCCCGACCGCGAGCAGATGAAGACCCAGATGGAATCCTTAATCCATCACTTCAAGATTGTCACCGAAGGATTTGCTGTTCCTGCAGGTGAGGCCACCAGCTCTGTCGAAGCCGGGCACGGCATGATGAACTACTACGTCGTCTCCGACGGCACCGCCAAGCCCTATCGTGTGCACATGCGCAACGCCGACCTCGCCAACCTGCAGGCGCTCGAGACCATGTGCAAAGGCCGCCTGCTGGCCGACGTCGTCGCTGTCATCGGATCGATCGATATCGTGTTGGGGGCGATCGACCGCTAGGAATTGCTTTCCCGGACAGGTAGCTGTGTTCGGAATGAACTGTTGTGGTTTTGATGAGAGATACGATTTGGCCGCGCCAGATCGCACTCTGGTTTGCTAGACACTCGATCTGCCATAGCGGATCGCAACTTGCTTTGTGGTTTTGTTAAGGGCACGACTTTAGCCGTGCCGAAATGTGCGATAGAAGATTCGG
NZ_CP048114.1_gap55	1965269	1968070	2801	ATAGGAGTCTGAAGACCAGAAGGGAAGTTGCTGAACAGGCAAAGCAGGTTGAAGCAGCGAAGCAAGCTGCCCACAATGCACAGTACGCCTATTCACTCTCAACAACAGCCGTGCGTAACGCTGTGATGATGGAGAATGCCGCCAATGCTGAAGCTGGTAACGCGCAAGCTGAAGCGCGGGGGTTGAAGTCACAGATTGATGTGATGCAAGGCAAGCAACGCATTCAAGGTAACAACGGTTTCTACATCTCTTGAGGCGGCAAAATAAATCAGCTTTCCGCCTTTGACCTGCGGTATGGTGCTGCATACCTCGTTGGTTCCTTCCATGCTGGATGCCCCCAAGTCACCGGGGGCTTTTCTTTTGTCCTGAACACAGGCAAATCTCTGTGGACGTTCTGACACGTTAGCTGATACGGTCGTATAGGTAAACGTAACAATGGAGATTTCGGCATGGCCCAGGGCAAATTTGTGGCTTACTACCGCGTCAGCACAGCGAAGCAAGGCGCGTCAGGTCTTGGCCTAGACGCTCAGAAGGAAGCCGTGCGCAGCTATCTGAACGGTGGCCGCTGGCGCATGGTGGATGAGGTTGTTGAAGTCGAATCCGGCAAGCGCACTGATCGTCCTGAACTTGCGCGGGCACTGGCGTTGTGTCGTGTTCATGGTGCAACGTTGATTATTGCCAAACTTGACCGTCTAGCCCGCAACGTCCATTTCATTTCAGGCTTGATGGAATCAGGTGTTGAGTTTATTGCAGTAGATATGCCAGCGGCCAACCGGCTGACGGTTCACATTCTTAGTGCGGTTGCCGAACACGAAGCCAAGATGATTTCCCAACGAACGAAGGCTGCTTTGGCGGCTGCGAAGGCCCGAGGGGTACGTTTGGGTTGCCGTCATCGCAAGATCGCAGCACAGGCCGCTGTAGGCGCACAGGCGAGTGCCGTAGCGAGACGGGCCAAGGCTCAGAACCGGGCGGCAGACCTGTTGCCGGTCATCCGTTCGATACAGGCAGAAGGTGCAAGTTCGCTTAGAGCGGTTGCAACAACCTTGAATGAAAAGGGGGTGCCAAGCCCCAGCGGTGGAGCATGGCATGGCAACAGTGTTAGGCGTGTTGTTGAACTAGATTGTTAGTGAAAGAGGTATTGAATGAAAAAACCGCATGTCATGTCGCAATTCACCAAGAGCATCAACAACGTTTCGCTTGTCCGATTTCTAGTGGTGCAAGAAATCCCAAACGGTAAAGCACTTTTCATTTATGGTGACCAAGAATGCACAGTTGAATCAAATGGTGAACTGACACCGCCGTGGAATCATGAGCTTGACACGCGAAAAATGTTTCCAACCGTTGATGAAGCTGTGGCCGAATATAAACATCATTTTGCCGCAACAAGAACTGAAGGCTGGACTATGGTGCAAGGCCTTATGTCATCGGCAATGGTATTCGTCGAATAAAACATTAGAGATGGATAGGCGGTTTATGAATTTCTCATCTGAATACTATGGCCAAGTGACCTGTATAAACGGCCATGTCGCCACTAATTTTTATGAGGGTGGTGATTATCAACGTTGGTGTGGTTCCTGTGGCAAACAAACAATTGCAGCTTGTCCCTCTTGCCACTGGCCGCTACGCGGTTCGTATAGAGATTTGATTCATTCACGAGAACCTGATGCGTATTGCCTACACTGCGGCAAGGCACTTCCGTGGACAGAATCAAAACTTGATGCGGTTCGTGAGGTTGCGAAGCTTGTTGATGGCTTGACTGACAACGACCGCAAGACGCTGAATGAAATTCTGCCCGATCTTATCTCCACAGAAGCAACACCAAGCACTCAAGTAGCAGCCTTGAAGATGAAAAGCCTTGTCAAGAAGGGTGGCAAGGTCTTTGCGGAATCTGTTCAGAAAATTATTGTTGACGTGATTTCTGAAACCGCAAAGAAAACACTCTTCCCATAACCTAAGCCGTCTTTGCCTGCCGCTGCACCAGCAGAGGCCCGTTCATAATCTCAACAGGTTCAGCAAATCCAAACGATGGTGCATGAGCACGAACGGACTGTTGTTTGTAGTCAGAGCACAAATGTGCGTAATGCTTGATGGTGATGCGAATGTCTTTGTGGCCTAGCTGTTTTTGCAGCACTTCTAGCGGCATTCCGTTCATAACGCTGTGACTCGCGTATGTGTGTCGCAATATGTGGAAGGTCACACCCTCAATGTGGGCATCCTTGCAAGCGGCATCCATTGGCCGTTGTTGCTCTGAGGTCTTCCACGGTTCGCCGTTCGCTCTTACAAACATTGGGTCATTCGGGTTGCGTCCCTTCACCATCTGTTTGAAGAAGGCAATTCCTTCATCGTTCAAGTGAATGTGGCGAGACTCCCCGTTCTTGCTTGTGGCAACGTAGACCGTTCCATTGGGTTCATTGAAGTCTTCAACGAACATCGCAGCAAGTTCGCCGTAACGCGCACCTGTAACCAGTGCGCCTTTCACCAACCGCCGAAAGTCTGTTTCACATACAGGAATGAATGCCTTCAATTCGCTGACTGAAAGAAAACGAATCTTGGCCGCGTCAGCATTGCGGAACGCTTTGACATTTTCCCACGCTGCTTTAGTGCTAACCTTCCGCTCTACACAAGCATGGTTCAAAGCAGCCTTCAAAACCGTGAGTATGCGATTTGCAGATGCCTGACGTTTGCGCAGTGTTTCCGGGTCATCATCTATTTCCCGGTGTGCTTGCTTCAGTGGAATCTTCGTCTCTGTGACGCGCATTCTGTATTGGCCCTTTGGCTTGCCATGAACCATGCGGACGCAC
NZ_CP048114.1_gap56	2116475	2120368	3893	CGTGCCTATGATGCTTCGCTACCCAAAGCGCGTCCAGCCCGGCACCGTTCGCGACGAGATGGTCCTCGATATCGACATTGCCCCCACTTTGCTCGATATCGCAGGCGTTCCCACGCCCTCACACATGCAGGGCAGGAGCATGATTCCTCTCGCGTCCAAAGCCAATCCCGATTTCCGCAAGGAGTGGTACTACGAGTATTACGAGTGGCCCAACCCGGAGAGCGTAGCGCCGCACCGAGGCATCCGCACCGAACGTTACAAGCTCATCCGCTACGTCATGGATCCGAGCGAAGGCGAACTCTACGACCTCCAGAGCGATCCGAGCGAGCGCAACAACCTCTACAACAACCCAGAACACGCGAAGCTACAGACCCACCTTGAACAACGCCTCGATGTTCTGCGCTCCGCCGTCCCTGAAAGACAGAAAATTTAGGTTAGTCCGCCGAGGTGGTGTTGGAGAAAATGCCTTCGTCCATCCGCCGGCGCCACCGGGCACCGGGTGTCCCATCTTCGGCGCAGCTCCATCGCGCCTAAGGTGAGCCATTCGCGCGAGCGCATGAACCACCTTCCAATCAGTGCCGCTTGCCCACCAGATCAACCGCCATCCCAGCGATCTCCCGCACCGCCTCAGGGTGCGCCAAGCCTCGCGCGCGAGCGGCCATCCCAGTACGCCGCCGGTCGTCCGCGAGCAGTTCCGTCAGTATCTGCAGCAGCCGCTCGGGAGTAACCTCAGCCTCAACGATCATCTCCGCCGCACCCGCAGCAACAAACGCCTCCGCATTCATCACCTGGTGATCGTCGGCAGCATAGGGAAACGGGATCAGCACCGCTGCCCGGCTTGCTGCTGCAACCTCCGCCACAGAGCTAGCACCGCTGCGGCATAGAATCAGGTCCGCCGCCGCAAACTGCGCCGCCATGTCGTCGAGGTAAGGCGTCACCGTCAGGCGCTCAAAGCCAGTTCCGGCCTCGTTGTAAGTCGCCAGCGTCGTCTCCGCATGACGCGCTCCCGTCTGGTGGACGACAGTAAGCCCGGGAAATCGTTCCAGCAGTTGGCCCATGATCTTTGGCAGGGTCTGGTTCAGAACACGGGCTCCCTGACTCGCGCCGAAGACCAGCAGCCGCCGCGCTGGCCCTTGTGAATGAGGCTCGATCGCAAAGAACTCCGGCCGCACCGGTGTGCCGGTCACTCGAGCATTGCGGAAGAAACGCCGGGTCTTCTCAAAGTTCACCGCAGCGGCGTTCACATGCTTGCCCACCAGCCGGTTCGCCATCCCTGCCGCGGCGTTAGGCTCGAAGACCAGCGTAGGAATCCGCAGCAGAAGCGCCGCCAACATTGCCGGGCCGGAGGCATAGCCTCCCACCCCGATCACCACCTGGGGGCGAAAGCTGCGCAACAGCTCCACGCTCTGCACAATGCACAGAGGAAGGGTGAACACAGTGCGCACTTTTGTCGCAAGGCTCACATTGTTGAGCTGTCCTACTTTGATCAGCTCCAGCGGAAAACCTGCTTCCGGCACCAGCCGCGTCTCAAGTCCTCGCGGCGTGCCGACAAAGCGAACCTCGGCATCATGAGCATCGCGCAGCTCCCGCGCAATTGCCAGGGCAGGAACCACGTGCCCGCCGGTTCCACCACCTGCAATCAGAACCCGCAGGCTGTTCCCTGTTCCCTGTTTCCTGTTCCCTGCACCATTCACGTCAGTCGATCTCTCGGGTGACGTTCAGCAGGACTCCCATGCTGGCCAGCATCACAAAGAGCGATGTGCCGCCGAAAGAGATAAACGGCAGCGTGATTCCCTTCGTGGGAACGAGAGCCACCACAACGCTCATATTGAAAAAGGCCTGGATCAACACGGTCGAGGTGATACCAAAGGCGAGGAAGCGCGCAAACGGATCGGTTGAAAGAAAAGCCGCGCGCATGCCGCGATAGCCCAGAATGATAAAGAGCGTGATCACCAGCAGCGCTCCGATCAGCCCCAGTTCCTCGCAGATGTTGGCAAAGATGAAGTCTGTATGCGGCTCCGGAAGATAAAAGAGCTTCTGCCGTCCTTCCATCAGGCCCAACCCGCGAATGCCGCCCGTCCCGACCGCGATCAGCGACTGCAGAATGTGGAAACCCGTCCCGCGAGGATCGGCCTCAGGGTTCACAAAAGCCAGCATACGGGCCCTGCGCCACGGGACGCGAAAGAGCATGTAATAAAGCACAGGCGCGGAACAAAGCAGGCCGATCCCCAGATACTTGACCTGCATGCCTGCGAGATAAAGCATCAGTGCGGTTACGGCAGCGCACACCATCGCGGTGCCGAGATCCGGCTCCTTCAGGATGAGCGCCACGAAGACCAAAGGAGGCAGCGCCGCACGAAGCACCGTGCCCTTCCAGTCATCCATCTTGTGGATGCGGGTCTGCAGGAAGTACGCCAGAAAGAGCACCAGCGCGGGCTTCGCGAGCTCCGACGGCTGGAAGCTGGCAAAACCAAAGCGGAACCAGCGATGCGTGTTATGGGAGTCCCGCATGGCGAAGACCCCCATCAACAGCACCATGGTGATTCCCACCACGGTGAAGACAAACTTGGGATTGTTATAGCGGCGGTAGTCCACCTGCATCAGCAGCGCGAGGGCGACCAGCCCGGAGATGGCCCACATGGCCTGCCGCAGCATGAAGTAGTACGGCGTCCCGAAGGCCGACTTGGCCATCACTGCCGAAGCCGAAAAAACAGTCACCAGCCCGAAAAGCACCAGCAGCAGCACCACTCCGAAGAGCCATTTGTCGACGCCTACTCTCTTCGCCATCTTCCTCTACCTGCTACTGATCCAGCTCCTGAACGATCCTGCGAAAGGTCCGTCCGCGGTGCTCGTAATTTTCAAACTGATCGAAGCTCGAGCACGCCGGAGCCAGAAGGACAACATCGCCGGGAAGCGCTGCCTTTGCGGCCTCATGCACAGCCACATCGATCGTTCCTGCTCCCACCATCTTCACGACTCCCTGGAGCTGCCGCTCAATCTTTTCCGCAGCAGAACCAATCGTATAAACAGCCTTGACCCGTTCCCGAAGCAAAGGACTGAGCGTGGTGTAGTCCGAGTCCTTGTCCTTGCCCCCCAGGATCAGATGAATGCCGCCGGGAAATGCGGCAACCGCCTTCATGGCTGCATCTACATTGGTCGCCTTGGAGTCGTTGAAGTAATCGACCCCCTCGACCGTGTGAACGAACTCCAGACGATGCTCGACCGCCTTAAAGTTGGCAACCGCGCTGCGAATCTTCTCTGCCGGAGCCCCCGCAAGACGCGCGGCGCAGATAGCCGCCAGCACATTCTCGACGTTGTGGGCGCCCTTCAGAGGAATCTCCGCGACTGGCATGATGGGTTCGGCCTTTGCTCCTTCACGGGGAACGAAGACGATGGCATCGCCGTACACAAACGTGCCCTGCTTGATGGGCCGACGCGGGCTGAACCAGAAGATCTGTGCCTTTGTCTTCGCCGCGACCATCTGGGTGGGTTTGTCTTCCGCGTTCAGGACGAGAAAATCTCCCGTCTGCTGGTTCTCCGTGATGCGGGCTTTCATCGCCGCATAGGTTTCGAAGCTGCCGTGGCGGTCGAGATGATCGGGAGTGATATTGAGCACGACCGCGATCCAGGGACGGAATTGCTGGATCGTCTCCAACTGAAAGCTTGAGACTTCGAGAACGTTGACGGTCTGGTCGGTGCTCTCCGGAATTAAGTTAATGACTGGCGTCCCGATATTTCCGCCCACTAGGGACGGCACTCCACTCTCGTCCAGGATCTTTCCTACTAGCGTGGTTGTCGTTGTCTTGCCGTTGGAGCCCGTGATCGCCAGAATCCGCCCCTTCAGGAAACGGCTGGCGAGTTCAAGTTCGCCGATGACAGGGACACCGAAGCCG
NZ_CP048114.1_gap57	2282507	2283786	1279	TGTCAGATTGCCGGAGTAGTGATCGACCTTGAATCCCGCGATCTGGTTGTACTGTGTGCCAAGCACCCAGAGATAAGCCACCGTGCCGCTACCGCACGCTGTTATACCCAGACCTAATGCAACGGATGCTACCAAGGCCAATGAAACACGGCCAATCCTGCTCAACCTCATGCGTTTCCTTAATCCTCGCCGGCGCCGACTGCATTGTGAGGCCGCCGGTTGCGAGCAAATCTTTAGGGATAAATTCCTCTGCACATTGTAGAAGGTGCGGCGACTTTGTGCCACTTCCGTGGAATCGGAAATTGCGCAAAACGCCGAACTTCTCCTCTCGCGAAGACGCCCGCCCCTCTACTGGCCTACCAGACCCGACAGGCATTGGCCGGCCTCATAGGCTGGCCCACCTTGCACCCGAACGCCTTACCGAACTCCTCGAAGTTTTGAACAGAGCCATTGATGCGCCAGCGGCCGGACGAGTGCGGATCGGTCTTGGCCCGCAGCCGCGCCGCCTGCTCGGTGACGTTTTCGCACCATACCTGGCCAAAGCCGAGGAAGAAACGCTGCGCCGGGGTGTAGTTGTCTTTTTTCGCCGTCGTGGATGCATTCTCTTCCGCAAGCGTGCTCATCAGCGCCTGGTAGGCGATGCGCAGCCCCCCGTTGTCGGCGGTGTTTTCGCCCAGCGTAAGCTTGCCGTTCAGGTTCTGTCCGGGGGCCACCTCGAAGCCGTTGTATTCCTTCACCTCGCAGTCGGTGCGCTCATCAAACTTCTTTCGATCTTCATCGGTCCACCAGCTTCGTACATTGCCCGTGGCGTCGTACTGACTGCCTTCATCGTCGAAGCCGTGGGTCATTTCGTGGCCAATGACGACCCCAATGCCGCCGAAGTTGACCGCCGGATCGGCCTTGAAGTCGTAGAAGGGCGGCTGCAGAATGCCCGCGGGGAAGTTAATGTCGTTCTGGGGAGGGTTATAGTAGGCGTTCACTGTGGGCGGAGTCATAATCCACTCCTTCTCGTCCACAGGCTTGCCGATCTTTGCGAGATCGCGTCGGTCATTGAACGCGGCAACCTGCTGCGCGTTTCCAACCGGATTGTTGCGATCGATCTTTACCGAGGAGTAGTCGCGCCACTTCTCCGGATAACCGATCTTGTCGTGAAACGCATCGAGCTTCTTTTTTGCCTCCGCTTTTGTAGCATCGCTCATCCAGTCCAGGTGCTGGATGTCCTGATCGAGCGAGACCTCAAGCGCCTTGACCAGCTTTTCCATACTGTCCTTGGCTGCGG
NZ_CP048114.1_gap58	2285648	2287379	1731	CGATGGTTCCCTGACTCGCCTTGACGACGTCGGTCAGGCTAGGGGTTTCCAGTGTCTTCAGCTCGTCGCCGTCGCGCAGCGGAGGGCCTACCGCAAACTGACTGTTGATATCGACGACCGTATCGCCCAGGACGCCGATGGTCGTCAGGGAGGCTTTGGAATCTTTCCTCAGCTCGTCGGCGTATTTCTCGTTGAGCTTCATCACCACTTTGACCGGGGTTAGCTTCCTGTCCGGGGTCGCGACGACGGTCACGGTCTTTACCGTACCGATAGTCACGCCCTGAAGATTGACGGCGGCTCCTGCCTTGAGGCCGGCAGAGTTTTCAAAGTATGTGGTGATGGTCAGTTTGTGGGAGAAGATTCCCAGACCGGCGGAGCTGGTCATCAGGAACAGCAGGGTCACCAGGACTACCGAAGCCACCAGGACGATAAGGCCGACCTTCAGCTGTGACCATCTCACCTCCTGTTGACTCGGCATAGCTCTCCTTGAAGTTTAACCCACATAACCAGCCTTCCGGTTTGGGGAACATCCTTCCTTGAACGACATGACAGATCGCTGATAGTTCAGAGGATACATCACCTCAGGCTCATAAAGCATGGATGCGAAACGGATGGTCATGGATGCAGCAGTTTCCCCATGCCCGTGGTAGAAATCAGGGCTGTTTTTCTGCTTCGGAGGCTCGCCGGATGAAGCTGGCGGCTTCCAGGCGGGGTCCGCGATGCCCCAGCCGAGGTTTTGTCTGTCGCAGGATGGGGTCCAGGCGGTAGAGAATCATCAGGTTTCTATCCGGGTCATCCATTGTGGGAAAGGAGGCTACTCTCTGAACACGATAGACGGAGGTCAGGGCGTCCATCTTGTCATCGTCCACCTGGTTCCAGGCGACGTACCATCCGGGATGGTACGTCTTCACCCGATCTTCAAGGTCCATGGTGCCGAAATCGTCACAGATGGAGGGAATACCTGTGATCAGGGAGAGATCCGAACCGCTGATCGAAAGGACCAGCGGACTATGGGTACGGTCGGAATCGATGATCCTGCGAATCTGCTGGGCCGCGGCCACGAAGGTGTACTCCGGATGGAGAACATAGTCCAATGTCTGTCGCGCATCGGAGACAGCCATCGCGATCAACGAAGCGGTGCAGAGGCTAGCAGCGGGAATCGTGGAGAGCCGTCGCCAGTTTTCCCCACGGAAGGCACGCTCAAACACCAGCACCGTGAAAACCGTCATAGGCACAACTGTGACGAGATAGTACCTGGGCTGAAGATTGTCGTGATAGAGAATGAAGGCGAAATACCCCATCGACCACAGGGCAAGAGCGACCAGAAGGGGATTTTTGAGGAGCCGCGGGCGAATGAAGGCCGCGAAAAACATTGCGAGAATCGCCAGCGGGTAAAGGATAGGGCCGATCCACATGCCGTCGGAGAAGCTCTCGGACAGGACCGCAAAAAAATTCTGGACGTTGAGGCCGGAGTAGGAGTTCACCGAAAAGAGATAGCGATAGTCCGCCAGGAAGCGGGGACGAACCACGAGTCCGTAGTAAAGCCCCCAGATGGAGACCGCGAGCAGAGCGACGGGCACCATCACCCGCAAGGCCACTCGAAGACGATAGCCCGAACGGGCAAAGAGGAGCCAAGCGACAGCGGGCAGAAGAAAGACCGCTGTGGTTTTGGTAAGGACCATGAGAGGCAGAAGAACACCAATGCCCAGAACAGGAAGGCTCCCACCCCAC
NZ_CP048114.1_gap59	2288749	2291414	2665	ATCTTCTTGCCTTCGGAGGTGTAGTCGTCGATGATGACGTCGTCCGGCCCCTGGAAAGGTGTTCCTGAGAGGAAAGTAAAGGGCAACAGAGCATTGAAGCTCTGGTAGTCGATTCCGTAGATGCTGTCGAGAGAGCTGGTCACCGCAATATTTACGGGAGCGACCACCTCGACGTGAGGAATCTTTCGGACCACATCGGCCACCTTGATCGAGGCACCGGCTCCGCTCATGCCGAGGAAGTTGTTCGTCGTGGCTGGACGCACAATCATGTCCATACCGATGCCGTTCTGACGCGCCTTGAATCCGCTGATCTTACCGAGGAGTATCGCTGTGATCGAGAGTATCATGATCACCTCAATGGCAATGGCCAGGGCGCTGATCAGGGAGCGGAGGGGGCGGTGAACGAGATTACCAACGACGAGTTTATTCATGCTCTCTTTAGTGTATGGCAGCAGAAGAGGCTAGCGTCCGAACCCCGACGAGGGGAGGGAGCGGACAGGTCGGGAAGCACCGCCGCCTCGAATCGGGGTAATCTTCGATCTCCCCGGACCCTTTACTAGAATGCCCAACAGCGGCATCACGTAAGCAGCTGCGAAGGCCGCAAAGACGATCCCAAATGCGATGGAAGTCATGAAATTGATGGGGCCGGTGATTCCCCCCTCAGGCGCTGCGTGAGCAAAGATAGCGAGCGCCAGAAGTCCCCAGGGCGATTGGCGCGTATCCCCACAGAGAGAGTCGAAAACGATGAAGAGCAGTATCCAGATAACAGGCGCCCAGAAGAAAACTCCGAACCAGCCACCGATATGATAAGCCTCCCCTGCAGGGCTGAAGGAGATCCCGGTGGTGGTGTCGTCCTGAGAGATCATTCCCATCTGGCGAGCGTAGAGATTGCCGGCTTTTATGGTCGGCTTATCTGGCCAGAGGAACCTGGGAACAACATTTTGGAAGCCAAAAACAATCCCAGCAGGCCCAATCGGTCCCACTCTTTCGGTGAGCCCATGAAGGGCATCATCCGGACCCATCATTTGGAGCCGGTCAAAGAATCCCTGGCTTTTGTTAAAGTAGCCCACAACATCTCGATCTTCTGCGGTCTCCTTGTATTTTGCGCGCGTCCCATCCAGGTCGCCCAGCAAAGTCAAGACAACATGAACACGATCACCTACATCCTCGCCTGCAAGAGTTCTTCCATATTGGGAATAGGGGACCAGGTAGTGGACCATGAAAAAGGTCACCGCCAGCAAACCGACCAACTGTGCCTTTGAAAATCGATATCCCATTGAAGCCGTGGCAATAAACCAGCAGGCCAGCGGCGTAAAGATACCCTCCTTCGAAAAGCCCACAAGCCCCTGGCCGAAGATTGAGAACCCGGCAATCGTAACGGCAGGATTGATGCTTCGACGTCCTCCGGTTCTCCGCATCTCGTAAACAATGCCAAGGATCATTGCCATAGGCAGAAACCGATTGATTTGCTGTAAGGCGCTCATCACACTACCTGATTGGACAGGTATAACCAGCGCAAGGGCAAAGATCGCCAAGCCTGTCAGCAGGCATCCATAAGCGGCATCGCCCATATTCTCAACTGCGACAACGTTGACCAGTAGAGGACGCTTAAGAGTCAGTTTCCTGGCTACAAGGACCGCCACGATTAAAGAGATCATCGTACCGGCATAGACCTGCATGGTCAGGACTGGATAGGCAAGATTAGAGTCGGCAGGTTCCCCCAAAACAGCTTTGATCACCAACCCGGCAATGACCGCCTCTGTAGCGTAAAAAAAAATATAGCCGCCGGAAGACCGGGACAATCCTCCGGCAAGATTAAATGCGACACCCGACAGGACGATAAATACGAAGGCCGAAAGCGCAAAGATCATGGAGGTCCCCTGGTAGATCTCCACCAGAAACAACAGGCCGGCGAAGATGGTTACCCGTGATACGGGGATAGAGGTTGGGAGGGAGATCCGCACTTGCTTCTCTGTTCGAAGTGGCCTTTCGGGGAGATGGTTCCCGGACTGGTGGGAGGATGCCTGGGGGTGAGTCTGCCTGCAGCACTGGCCGCAAGGTAAAGATCATTGGACTGAACCCCATCATAGAAGGGTCCGAAACCGGGCGTCAAAAACCAACACTATAGGTGGCCGGATGAAAAATCGCCCACGCCTGCAGGACCAATCTGGGAAAGTTCCGCCTAACTACTTTGATTCCAGTAACCTATGAGGCTCCCCTGCTTTGACTTCAGGAAAATAGCGGATTATCCTGCCGAAAACCGCGAATTCTCTGCATTACGAGATCAATTCCACAGGAAACCGGGGCGGGATGGAGCAATTCGGCAACGCACTGCGAATCGAGCGTGAGAGAAGACAGGTTAGCCTTGCGAGCATCTGCGAGGTGACAAAGATCTCAGTCCGTCACCTTGAAGCCCTGGAGGCCGGCCGGTATGCAGATTTACCCGGCGGAGTCTTTCGCAAAGGGATCCTGCGAAGCTATCTGAAGGCGATCGGCCTCGAAGAGTCGGAATGGGTTGAGCAGTTTGAGAACGCAATACGATCCTCTGATCCGGAGAATGAAGAGGAAGGCTGGACGGAATTTGCAGAGAACGTTCGCAGGAATCGTACCGGAAGCCGAACCTCCGGAATCGATTCGCGCTGGATCGGGGTCGCGGTCATGATTA
NZ_CP048114.1_gap60	2312638	2315230	2592	TCGGTCTGCCGGCTGTCGATAAGGTTGCGCCAGGCATGGGCACCACGCCCACCTCCAACGGAGATCATGCTCCGGCCGATCAGCAGCAGGGCCCGCCTTCCAGTCTGCCCTCAACTGCGGCGCAGCAGCTGCAGCCCGCCGGCCAGGAAACCCCGCCGGAGCTGCCTGCTCCCGGTGAGGGCGCCGATGCCTTTAAACTGGTTGTCCGCACCAACTTCGTCGAAGTACCGTTTACCGTCAAGGACAACAAACAGCGGCTGGTTCCAGGGATTACGTGGCGTGAAGTGCGTATCTACGAGAACAACATTCCCCAGCGCATCAGCCTGTTTACGGTGGACCCTTTCCCTCTCTCGGTCGCCATTGTGATCGATCAGAGCCTGACCCCGGACAACATGGCCAAGGTAAATAACTCTCTGGCTGCGCTACAGGGAGCTTTCGCACCTTATGACGAGGTGGCGGTCTTCACCTACAACAACGGACCGCAGAAGCGCACAGACTTCACCGCCGCCAACAGCGCGCGCCTGGAGTTTGCTCTTAACAACTCCAAAAGCACGGGCCGCGAGGTCTACATGAATCTGGGCGGCCCGCTGGCCCAGACGACGGTGATCAACGGCAGAAACTTCGACCCGAACACCGCGCCGATCCGCAACAGCCAGGCGATGGAACTGAAGGTTCCCAAGGAAGTCCACACCCTCAACGACGCCATCCTCGAAGCTGCGAAGTCTCTTACAACCCGAGGCAGGGGCCGCAAGCGCGTGATCTACGTCATCAGCGATGGCAAGGAATATGGTTCACAGGCCAAGACCAAGCAAGTGATCCAATACCTGCAGACCAACAAGATTGCGGTTTACGGCACGCTTGTCGGCGACTCCTCCCTGCCCATGGTCGGCTTCCTCGACAAGATTCATCTGCCCTATACCATGCGGGATAATGTCCTTCCCGTTTACGTGAACGAGACTGGCGGAAATCTGGATGCGGAGTTCCGGCAGCGGGGCATCGAGCAGAGCTTCCAGAATATCTTTGAAGAGGTCCGGACCCAGTACACCATTGGCTACTACTCGCATCAGCCTTTCATCGATGGCAAGTACAGATCGATCGATGTCCGAGTGCTTCGTCCGAACCTCACCGTGATCGCCAAGAAGGGTTATATCCCGACGGCGAGCGATTCGGGGCCGGTAAATACGATCACACCGAACCGATAGAGACGCGCCAGGCAGAAGACGATGCCGGGAGCAAACGCATGGTTCGCGCTAGCAGCTGCCGTTCTGTGGGGCGGTGGCGACTTCTCCGGAGGCATGGGAGCCAAGCGGGCCGGCAGCACCATGGGCGGCGCTCTGCGCGTCGTCCTGACCAGCCATGCAGCCAGCTTCTGTGTGCTGGTGGCGATCGCTACATGGCGAGGCGATGCCTTCCCTCACGGTGCTCCCCTGTTATGGGGGGTGCTGGCCGGGGTGATGGGAGGACTCTCTCTCGTCGGCTTTTACATCGCTCTTTCGCGGGGAGCGATGGGCGTCTCGGCCGCGATCAGCGGTCTGCTGGCGGCGGCGATTCCAGCGGCGGTCTCGATCACGCGGGAGGGTTCACCCGGCCTGCTGCGAATCGTCGGTTTTATGGTCGCCGGAGTATCAATCTGGATGATTGCCGCAGGCGATAATCCGGAGGCACAGCCAGTCTCGAAGGGAACGACCTGGCTGGCGATTCTCTCCGGCGCAGGCTTCGGGATTTACTTTACTGCCCTCAAGTTTGCCGGAGTTGCCGGAGTGGTATGGCCGATGGCCACGGCGAGGATCGGAAGCCTCTCTACCTGTTCATTGATCCTGCTGGGGACCGTCTTTGCTGGAAGCGGCAAAGCGGGAGGACGCCGTTGGCTGCCCGGCAAGGCTATCCTGTGGGCGCTTTCGACTGCCCTGCTGGACACGTCCGGGAACCTCCTGTTTATCGCCTCCACGCGAGCCGGACGGCTGGATATCGCGGCAGTCCTGGCATCCCTCTATCCAGGTTCAACGATCCTGTTGGCGGCCTGGATGCTCCATGAATGGCCGACACGACGGCAGGCTGTGGGGATGCTGGTGGCCGCTGCCGCAGTGGTGATGATTACCCTTTAGCCCCCAGATTTCTTCAATTCGCATTTCCATTATCGGATCGGACACGATGAGCCGACACCGGTTATGTCTCTCATTCCGCTCTATTTATCTATAGTCACGGCTTGACCGTGCGTTCCCATTCTCCAGCCCCAAAGCGTGAGTGCTACAAAGAGACCGACGACGAGGAGGTTGGGATAGATGAGAATCCCGTGGATGTGGGGCTCGTGGCCAGGGGTCCCCGCCCAGTACGAAGCTGGCTTGAGCAGCAGAGGCACATAGAAGAAGGGAGTCCAGTAGGAGAGCGAAAGAAGGGCCGCTGCTGTGAAGGCCGTACGCGGTTCCGGGGAAGGCCGCCAGAGCAGCCACGTAGCAGTCATCGCTACTCCGGCAAAGAAAAAGAGCAGAATGGCCGAGTGATACCGCGCATGCGGATGCCAGAGCGGATTAAGCAGGTGGTTGGGGCTCCAGTCCAGGACGAAAGACATGATGGACCCGCCGAGAAGGACGA
NZ_CP048114.1_gap61	2355138	2355755	617	AACGAGTTTCTCAGCTACTAGCCTCATCGGTACGCTCCGGTCTCGCCGGCCCTCGAAAGATTGTTCGAAAGAGCGAACAGCCAGTCCTCACGACGGCCTGTTCGCAGACAGGTTCGGATGATTCCAGGGAAGCTCCCTTCGATGGCTCTACCCCCTACCTTCGCGAGCGCCATGCTCCTGTTGCCAGACGAAGACCTCAGATTCTCGGGCTCCCTTGCGGAGCCCGGCGCATTTAAGTCAGTCGAGACAGGCCTTCTAGTCGTAGGAATTCTTCTCTCCACCGGACTCTTCTTCTGGCGCTTCGCCCCCATCCTCAGCATCATCCTGCGCTCCAGGAAGGACACAAGCTACACGCTGCGCCCTCTCGGCCAGCGCATCTGGACCTTTTTCTCCGAGGTTCTTTGCCAGTCGAAGGTCATACGCCAAAGGCCGCTTCCCGGTCTGGCCCACGCCTTCGTCTTCTGGGGATTCCTTGCCTTCGCCCTCGTCAGCCTGAACCACATCGCCCTGGGGTTCGGCATGGGATTCCTGTCCCCCACCGGCGCGGCAGGCCGCTTCTACTTTTTCTTCGCCGCCGTCTGGGCACTGTTAGTTGCGGTCTCGATCACCGCGCTCTT
NZ_CP048114.1_gap62	2519678	2523270	3592	GTGTTCACATGCCCATAGTGTTCCTCGATCATGTGGACGGAGGTTCCCATCTGTTCGGCAAGGAAATACACGTCCACACCTTCCTGCAATCGCAGCGTGGCGTAAGTATGCCGGAAGCAATACATCGAGCGCGGAACGCCCTGCGTTCCGCGCAAATTCGCTTCGTTCAGAAGATCGGCAATCAGTGAGTTGTAAAGAGTCTTTGCGGGCTTGCCCGTGATGTTGGTAAAGACTCTATCCTCTGGTTGCGTTGCTTTGGAGATGGCGCGGATGCGTTCCAGATAATCTCCAACACTCTTGGGCGCAACAAGCTTGCGCGATTTGCCCTTGCCTTGCACGAATAGGACGACAATCTCTCGTCCCTCGCGGTCTTTTGCGGGCATGATGCGCGCCAGCGGAGATTCTTCATCTCCGCTGGCCTCATGCCTGTATTGCAGGAGATCAGGATCATGTTGTAGGTGACGGTCCGATACCAGACGCTCGAAGGCTTATCGGTTTCACCAATCCACTTGCGGCCTACAGTCTGGAGCTTACGGTACTCTTCCAGCGTGAACTCATCCCGCCGCATCGTCTTGAGCTTTGGGCGCTCATCGAAGCGCTGGCTTGCGGAAACGTACCGTTTCTTGATGGCGTAATTCATCACCGCGCCGAAGATCGACATCTCAAAGCGGATGGTGGAATCGCTGATAAAGGGAATCGTTCTTTCTTCGGAAGGCTTGACCTCAATCGGTTTCAAAACTCGGATGCCCAAGGTCTGTTGAACCTTGGTGCGGCGCTCGGCTTCGTTATCCGCGAAGGTTTGGGCCATCTCTTCGCTGACCTCCCGAACGCCGTTGCGCTTGTTGCGCCCCGCGCCGTTCACCCGACGCCACGCTGGATAGCCGCCCCAAAGCTCATCCCCGATAAGGTGAACCTGCGTGGAACCGACATATCGGTCTAAAGCGCCTTCGATGATGGCGCGAACCTGAGCGCAGTCTCTCGCAGTCTTGTCGCGAGAAGCGGAGTCGAAGGATCTGCGGTCTGCCGGCCTCAACCACCATCCAACCGCAGATCCTTCGACTTCGCGCTGACGCGCTCCGCTCAGGATGACGTATCCGGGTATTTTGCGCGACGGCGATGGCATTTAAGACAGAGACACCCTAGTTCACGAAGCGACGCATCCTGACGTTCATTACAATTCCCAGCGCGAGGAAGGTGAACAGGATGGACGATCCGCCGTAGCTCATTAGCGGAAGCGGAATGCCCGTGACCGGCATCAGTCCGACCACCATACCAATGTTGACAAAGATTTGAAACAGGATGACCGCAACGGTCCCCATGATGATGTACGTACCGGGAAGATCGGCCGCCGTCTGGGCGTTCTGGATCAGGCGCATCAGGATGAGGAAGTAGAGCAGCAGGACCCCCATGGCTCCGACAAAACCGTGTTCCTCGCAGAAAGCAGCAAAGATAAAGTCCGTGTAGGGAATGGGAAGGAAGTCGCCCTGGGTCTGAGTTCCCTTGTTGGCGCCTTTGCCCCAAATCCCCCCGGAGCCGACGGCGATCAGAGATTGCCGGATCTGGTATCCCGAGCCCCTGGGATCGGAGTCCGGATCGAGAAAGGCGTTGATACGGGCCTGCTGGTAGGGCTTGAGGCGCTTCCCGCTCTTCCAGGCGATTCCTCCCAAAAGGACGACCATCAGGGCGATAACCCCAATCTGCTTCGGACGGATTCCTCCTAGAAACAGCCCTGAAACAAGGATGGGGAAGTAGGTCAGGGAGGTTCCCAGGTCAGGTTGGGTCAAAACGAGCCCCATGGGGACGCAGATGAGGGCGACTGCCTTTCCGATGTCGCGCCAAGACAGCTCCTTGCCGGCAAGATTCCAGAAATAACGGGCAGCGACGATGATGAGGACCAGCTTGACCCACTCAGAGGGCTGAAAGTGAATTCCTCCTCCGAGATTGATCCAGCGGCGCGCGCCAAGGACTTTCTGACCGGCAACTTTGACCGCAAGCAGGGAGAGGATACTAATTCCATAGGCCCAGGGAGCGATGTCGAGCAGCCGATGGTAGTCGATCATCGAGATCAGGAACATCAGCACCAGACCAATGGCAAGAAAGCCGATCTGCTTGTGGTCAAAGCCGTGGAATTTGGTGTGCACCGTCGCGGACTTGATCTCGAGCACGCTGATCACCGACAGCACGACTACGAATCCGAGCAGGACCCAGTCAAAATCGCGATAAGAGGAGAGACGAAACATCTTCAGAGTGTTGTATCAGTGTAGTTTGAGTTGAACGCGGTCGAAATGTTTAGTTGCTTTGCGGCGCTCCCTCGGGGGAGGCTGGTTCGCCATTCTGGCCGGGGGTAGCGACACCAGATGGAGCAGGTGGAGCAGCCTGGGCGATGCGGAGATTATTTTCCCTACGGCGCTGCTTGGTGACGTAGGCATTGATGATCTGGGCGCCGAGCTTGGCGGAGTTTGCTCCCCAGTCGCCGTTCTCCCACAGAACAGCGACGACAATGTCCGGATTCCGACGCGGGGCCATTCCCACAAACCACGCGTTCGGAACGGTCTTGTGGCCGCCACCGCTGCGCGCGAGGGCTGCATGGCTCATCACCTGCGCCGTACCGGTCTTGCCGGCAAAGTCGATTCCCTCCAGGTGCGAGGCCGCGGCGGTCCCGGTGACGGTTGTTGCGGCCATCGCATCGGTGATGATCTGCCAGTTCTCCGAAGTCATGGGGACCGTCTTCTCTCCCGAGCCTGGGAAGGTCTCATGGATAGCCTCAAGCTGATCGGGTGGAACCTCATCGGGAAAGACAAGATGCGGACGATGCAGAATGCCGCCTGAGGCGATGCCCCCGATGGCCCTGGCAAGCTGGAGAGGCGTCGCGGCAACGGCTCCCTGGCCGATGCCGACGGAGATCACCTCGCCGGCGTACCACTTCTCGTGAAAGGTCTTCATCTTCCAGGCAGTTGAGGGCATCGTGCCAGCCGCCTCGTCGGGCAGATCCACCCCCGTTCTCTCACCGAAGCCAAGTGCATCCGCGTACTTCGCGATGGTGTCGATCCCAAGCTTGTTGGCCAGCGTGTAATAGAAGACGTCACACGACCACGGGATCGCATGATCGATGTCGACCATCCCGTGGCGCTTGTCGCAGGCGAAGAAATGACCGTAGAAGGTGGCCCCGCCGTTGCACATGACGCGCAGGTTCTGGGCCTCGTTCTCCTCAAGCCCGGCGTAGGACATGATGATCTTGAAGGTCGATCCGGGAGCGAGCTGCGCCTGGATCGCCTTATCCAGCAGAGGATGGTCGGGGTTGTTGAGAATCTCGTTCCAGTAGCTTCGGCTGAGCCGGACGGAGAATTCGTTGGGATCGAAGGTGGGCCGGGAGACCAGCGCCAGAATCTCACCCGTATGCGGGTCCAGCGCGATGGCGGCGCCGGTTTTGCCCTCCATCGCCTTCTCGGCTGCCATCTGGACGTCGAGGTCAATGGTCAGGCGAATATCCTTGCCGGGGATGGCCATCGTCTCGCCCATCTGCCCGATCTCTTTTCCGTGAGAGTTGACGATGACATCGCGGCTTCCATCGACGCCTCGCAGAAGAGCGTCG
NZ_CP048114.1_gap63	2525338	2528380	3042	GATCGGTGCCGCTGGTGCCGATGACCTGGGCCGCCACGGTGGAGGTTACATAATGACGCTGGAAGTTCAACAGGGTCTGAAGGCGCTGCCCCTGCAGAGCATCCTGCGCCAATTCTGCCTGTTCCAGACGGAGGCGGGCCACCTCGTCTTTCAGCTCCCGGTTCTGCTGACGGGTATTGCGAAGGTCGATGTAGTTGGACCAGGCATAGCGGATGTTGAAACCGACTCCATGAAAGAGTTTTTCCACAGGTGCGATCGCTCCGACAACCCAGGTGCGAAGCAGAGTAACCTTCTTCCCTTCCGGCGCGCCGCCGTCGGGAGCCTGGCGTACCTGGATGGCCAGACCGATGGTCTGCGCCAACAGCACAATCACCAGGACCAGCACATTTTTGAATCGTGTGAAGAAGGACTCCATGGATTTCTTAATTATCCCGCGAGTGTCGATCCCGTGCAGACTCCGGGGTATAGCGCTTTTGGGTCACAAGCCCAGATTGGAAGCGATCAGAAGAGAGTTGAGGCAAACCGGACCAGCCCCTCGCGCCAGAGGATATAGCTGTGCGTTCCCTCAGGCTCCTCGAGCTGGACCTTCTGTCCTTTTTTGCTGAGCCAGGCGGCCAGGCGGCGATTGCTCTCCAGCAGTTCATCATCCTTGCCGCAGACCATCCAAACAGGTCTGGCAGAGGGGCTAAAGTGTAACAGGTCGACGTCGAACTTCAGATCTTTCAATGCGGAGCTCTCACCGCCAACCCATCCGAAGCGTTCCGGATGGCCCAGCCCGATCATCATGCTCTCCAGCCCGCCCATGGACGCCCCCAGGATAGCGGTTCCCTCAGGATCTTTGCGAACGTTATACGTCGACGAGACCTGAGGCATGACTTCGTTGAGCAGAGCCTTTTCAAACAGCCGCAGATTCCGCTTCACCGCAGCCGGATCGTTCCATAGGTCGTAGTCGTCGGCAAAATGCATCTCGCCGTATCCCAGCGGCATGACGACGATCATGGGCCGGGCTTTCTTCTGAGCGATCAGGTTGTCGAGGATCAGGTTGGCCTGGCCGAAGCGGTTCCAACTGTCCGGACGATCTCCCCAGACGTGCAGCAGATAGAGGACAGGATAGGGCTTCGCTTTCGGGTCGTATCCGGGTGGGGTATAGACGACGAAGCTGCTGCGGTTCCCCGGCAGACCGACGACGTATTTTGTGACGTACTCGTGCGTGGTCACGGCACCGCGAGGAGCACTTGCCTGCTCCCAGGGCTCCGGTGGACGTCCCGGGATCAGCAGAAGATCGTTTCCGTAGCGCCTCGAGGAGCTCTGAGGATCGTGCACGGTCTGAGGCTTGCCGTCGAGGGCGAAACGATAACCGTAGATCTCTGGGCGCAGAGGTCCAGTGGTAACGCTCCATATGCCATTTGGCTCTTTATGCATCGGAATGCGGGCAGCGCGATTTTCAAGGACCAGCTCTACACTTCTGGCTGCAGGCGCGAAGTAGCGAAAGGTGACAGTATGGTCAGCGTGAATCTCGGTCGATCGAAAACTGGGCGCGGGCTGCGCGGGCACTGGACGGCTGAGAAAAAGTCCCAGGATGACCAGGACCCAGGTGCGGAATGCCTTGCATACCTTGTTGGAACGGCAGGTCATCAACGACAAGTGTAGCGGATGTCGCCTGTAATCCTGAATGTGCAGCGCATAATAGATGGGATGCCATTTCGCTCCGGTTTCGTCTCTATCATCGGCCGCCCCAATGCGGGCAAATCAACTCTGCTGAATGCGCTGCTTGGCCAGAAGCTAGCCATCGTTACCCATAAGCCGCAGACGACGCGCACGCGCATTCATGGGGTGCTGGAGGCGCCGCTGCGCAAGAAGAGCCGCACCGATCCGGGCCGGCCGGCGTCACAGGTTGTGCTGGTCGATACCCCCGGCATCCATAAAGCAGCCACACACCTGGACCGACGCATGATGCAGGAGGTGCAGGATGCACTGGAGTCGCGCGACCTGGTGCTGTTCCTGGTGGACTCGACACATCGGCTTCCGCGCGAGGAAAACGACCGAGAGGATAAGTCGCCGGGAGCGGCAAAACGGAAGCTCTCCGCGGCCGAGGACGAGTTTGCCTTGTCCTTTGTGAAGACGCTTACCTGTCCCGTGATCCTAGTGCTGAACAAGATCGATGCGGTTCCAAAGGCCGATCTGCTGCCGCTGATCGCGCACTGGAGCTCACTCCATAACTTCGCGGCGGTCATTCCGATCTCAGCCCGAAAAAAACAAGGTTTAGATCTTCTGCTGGACCAGGTCGTGGCGAAGCTGCCGGAGGGCAGGCGTTATTTCCCGAAGCATCAGCTGACCGATCAGCCGGAGCGGTTTCTTGTCGCTGAGATCATTCGCGAAAAGATTCTGCTGCTGACGGGGGAGGAGGTTCCTTACGCCACGGCGGTCGTCGTCGAAAAGTTTGAAGAACCCGCCTCAATGAGGAAGATGAAGGATGGCAAGCTGCCGGTCACAAAGATCGCCGCGGCGATCTTCTGCGAGCGCGCCGGACAGAAGGCAATCCTGATCGGCAAGGGCGGCGAGATGCTGAAGCGCATCGGCACGACTGCGCGCAAAGAGATCGAATCGCTGCTGGGCACGCGGGTCTTCCTGGAGCTGTTCGTCAAGGTGCAGGAAGACTGGAGAAGCTCCAGCAGCTTTGTTGAGGACCTCGACTGGCGGCGGCAGTTGGAAGAGATCGCCATGAAGCAGCCCAAGGAGTAAGGGACTGTCATCCAACTCACCGTCTGCTTGCATTTGATTTACGGAATATCTCTAAAGGTGTCATTTCGGCCGAAGCCTCTCACCGTTTTAGCGTGAGAGGCGCAGTGGAGAAATCTGCTTCTCCACCGGAGCCAGGAGGAGTCCCGGGAGAACAGCAGATTCCTCCACTCCGCTGCGCTACGGTCGGAATGACACCTTCAAAAAGAACGGATGTTCCATGACCAGTCGGATGACTCATCCGAGGAATGCGCGGTGCGACTTGACGCCCCTCCGGGGAGTTCATATCCTCCTCGCATCTAT
NZ_CP048114.1_gap64	2529601	2534230	4629	GAGGAACCTCTGTCGCAACCTCGTTTGCGAAGAATGCGGGCGTGGAGATCGTCGCGCTGGCCGACATCTTCCCGGACCAGCTCGCAACCGCGAAGACGCACTTCGATGCTGTGAATGCATCGCTCAATCTTCCGTCCATCGACAAACAGCGCATGTTTCGCGGGCACGAGGCTTCCCACGCCATCGCAGCCTGCAAGGACGTCGATGCCGTGCAGATCTCGACGCCACCGTTCTTTCATATCGAGCACCTCGATACCGTTACGGCCGCAGGCAAGCATGCGTATTGCGAGAAGCCGACGGGAGTCGATGTTCCGCAGACCCGTCGCGCTCTTGATATCGCCCGCCGCGAGAACGGCAAGGTAAGCATGGCTGTCGGATTCCAGATTCGCTCCGCACCGCCGTTCGTGGAGCTTACGCGACGGATTCATTCCGGTCAGATAGGAGATATCGCGCAGATCGCAGCGTTCTACAACGCTCCCCCTGCGGTCATGGTCGACAAGGGAGCGCCTTCGTCCGATGAGTATCGCCTTCGCAACTGGCTGCTGTACCGGAACCTCTCGGGCGACATTCTGCTGGAGCAGAACATTCACGTCATCGATGTCTGCAACTGGGTGATGAAGACGCATCCGGTGTCCGCGTTTGCGAAGAGCAGCCGCAAGGTCGTCAAGAACCCGGGCAATACGTCCGACAACTACGAGGTGATCTTCACCTATCCGGACGGTGTGGAGCTGAGCTTCTCATCGACGCAGTTCAACAAGAACAACTTCTTCGATGTTTCCGAACGCTTCTTCGGTTCCGAAGGACTTGCCGATGCCCCTTACAGCGGAGCCCTCCAGATACGCGGCACGCAGCCGTGGGTGTGGAGCTCCGGCAACGGCGTCAGCACAGGGCAGTTTGCTGCGAACGGATCGTTCAGCGACAATCTGGCGGAAGCCGACTCCATGAAGGACCAGGACTTCGTACAGAGCATCGTATCGGGCAAGCTGCAGAATCAGATCGCAGCAGGAGTCGACACTGCCCGCAGCTGCATGATGGCACGTAAATCCGCAGAGACGGGGCGCAGCGTCACGTGGCAGGAGATCGAGGCCGACACGGAGGCCTATTCGCTCGGAATGGATCTGAAGCAGTTCACTTAGTGATCTTCTGATCCGTCATTCTTCGCATTGCTCAGAATGACGAGGTATCAGCGACGACACCGGAGCGAGAGCAGCTCTGTGGCTATTCCTTCATGTTTACGCCGAGAGCCTTCATCTTGCGATAGAGATGGCTGCGTTCCAGCCCAAGGCCTTCGGCTGCGCGACTGACGTTGCCGTGGACTTCGTCCAGCTTTTTGAGGATGAACTCGCGCTCGTACGCTTCGCGCGCTTCAACGAGGGTTGAGAACTCGTCAGTCTTCGTGTTGATCCTGCCGGACTCCGTCAACTTGGGGCCACGATAGACCAGCATCGGCAGATGCTTCTTTTCGATGCGATGCACCTTGGGATTGAGGATGAGGACTCGCTCGACAAGGTTGCGAAGCTCCCGAACGTTGCCGGGCCAGTGATATTGGCGCAGAGCATTCAGCGCCTCTTCGGTCATCTCCAGCCGGGGGCGGCCATAGCGCGGCCCGAACTCGTCGAGGAACTCCTTCACAAGCAGCGGGATGTCTTCTTTGCGATCGCGCAAAGGAGGCACGTAGAACGGAATAACATTCAGGCGATAGAAGAGGTCCTCACGGAAGTTGCCGCGGGCGATCTCTTCTTCAAGGTCCTTGTTGGTGGCAGCGATCACACGCACATCGACGTGAACCGGGTGAGATGCGCCCACGGGAAGGAATCGCTGCTCATCGAGAGCGCGAAGCACCTTGGCCTGCGTCTTGAGGCTCATGTCGCCGACCTCGTCGAGAAACAGCGTGCCGCCGTCGGCGCGCTCGAAGGTGCCGCGTTTCTCCGGAGGCCCGCCGGGCACGGCGCCGTGACGGTAGCCGAAGAGTTCGCTCTCGATATAGTCCTCGGGGATGGCGGCGCAGTTGAGTTCGATGAAGGGACGATCCTTACGCAAGCTGGCTGCGTGCATGGCTCTTCCGATCAGCTCTTTTCCGGTGCCGCTCTCGCCGAAGATCAACACGCGTCCGTTGGTCGGGGCCATCAATTGAATCTGCTGCCGCAGGGCCTTCATGGCGACGCTCTGTCCGGTCACGTTGCCCTTTGCAGAGAGTTGCCGCGCAAACTCGGCGTTGTCAGCGCGCATCTGGCGGGCACGCATGGCGTTGCCGATCACAATCAGCGTGCGCTCGAGCGACAGAGGCTTTTCAAGGAAGTCGTAGGCGCCAAGCTTGGTGGCCCGCACGGCGGCTTCGATGGTTCCATGTCCGCTGACAATGACGACCTCGGGAACACCGGGGCTTTCCATCCTGCGAATCTCGCCCAGCGTCTCCAGGCCGTCACGGTCCGGCAGCCAGATGTCGAGCAGGACGACGTCGTAGTCGGCATCGCGAATCAGCTCCAGCGCCTCACTCGCGGTCGCGCAAGTAGTCACCAGGTATCCTTCCTCGCGAAGAATACCTTCGAGCGATTCGCGAATCTCTGCCTCGTCATCGACGATCAGTACATGGTTCACGCCGTAACACCTCCATCTCCGCTTACCACGGCTGCCGTCTCCGATTCGCCATCCTGGCCGATGGCAGGGCGCAGCTCAATGATGAACTTCGCTCCTGCGGGAACATTCTTTTCGGCCCGGATGGTCCCCTGATGCTCCTGAACGATCTTTGCCGCGATCGCAAGGCCGAGGCCGGTGCCCCGCTCCTTGGTGGAGAAATATGGGAGAAACAGCCTTTCGCGCATCTCGTCGGTCAGCCCTGAGCCTGTATCGGCGACAGTCAGCTCGACCATGCCGTTTTCGAGCAGACCGGTCGAAATCCGCAGCTCGCGCAGCAGGCTGGACTGCATCGCCTCGGCGGCGTTATCGATCAGGTTGCCGAGCGCACGCTTGAGGGCCTCGGGATCTGCCATCACCAGCGGAAGTCCCCTCGCCATCCGCTGAATCACTGTAATCGTCTGCATCCGTCCGGCAAACATCGCCAGCGAGTTTTCGACGATGGTGTTGAGGTCGGCAGGGCGGGGTTTGGCGGTTGGAAACTCCGCCAGCGCAGAGAACTGATCAACGAGCGACCGCATACTTTCAACCGAGCCGGAGATGACCTCGCTGCAGCGGCGAATGACCTGCGGCGACGGCGATTCAATCTGGTGGAAGCGCAGCGTCTCTGAGAGGCGATCGATGTGACGTCGAATTTGTTCTGCGCTCAGGCCGATGGGAGTCAGCGGATTCTTGATCTCGTGGGCGACGCGACGCGCAACCTCTTTCCATGCCGATTGCTTCTGCGCATGCAGCAGTTCGGTCGCATCTTCAATCACCAGTACGTAGCCGCGATGTTCGCGCCTTGGCCGTTCCTTGATGGCGGCCGTCTCCAGTAGAGCCACGGTAATCAGAAGATTGAGGGTGCCGCTCAATCCCTCCGAGTGAGGCGCCGCCAGCTCGATCTCGCTTGACGCCGTGCCCATGCGGTGACTGCGGCGAATCAGCCGATCAAGAAGTTCGACCAGATCAGCGGGAAATACCTCTTTGATAGCCAGGCCGAGAAACGGCCTCTGTCCTCCCGGATCGATCAGTTCACTGAGAGCACGATTTGTCAGCAGTATCCTGCGATCGGAGTCGAGCATTGCGACCCCGTTGGGGATCGTCTCGAGCATGGTTTCCAGTTCGCCGCGACGGGCCTCCAGCGCTGCATTGGCCGCGCTCAACTGCACGGTAGATTCCTCTACCGCCCGGCGGCTACCTTCAAGATCGGCGGCCATGAGATTGAAGCTGCGAACCAGTTCGCCAAGCTCCTGCGTGGCGCTCTCCTGGACGCGGCGAGCGTAATCGCCGGCAGCGATGGCGGCCATCGCATCGGCCAGGGCCTCTACCGGTTTGGTGACCTGTTTTGAAAGATGCAGCGCGAGCCAGCTGGAGGAGAACAGCGCGAGGCACGTCATCATCAGCAGCAGGAGCATGTAAAGATTGCGAAGCTGGCGCCGGCTGCGGAAGAGCGTCCAGTAAGTATCGGCCGCTGAACGAAGCGTCGACATTGTGTCCGCAAGACCATGGGGCATGGGCAGCCCAACCACGACCATCACGCTATCCCGCGCCGTCGCCGTGCCGAGGGCATAATCTGTATCGCCCACGCTGAAGACGGGCGTGTCGCTGCGCCGCGCAGTGGCGAAGATAGCTCCGTTTCGCGAGATGCCTCCGTTGGAGGAGACAATTTCGCCGCCTTTCTTCTGGCTATTATCCGAAGCGGACTCAGGCGCCCAGGGTTTTACCCGCACGACGGCACTGCCTTCCGGGACTTGGAAAGATGCGATCAGCTGCTGATCGCGATAGACAGCGACAAATCCGCTCTGCAGCGTAATCTCATGGCGGCGCAGCACGCCCTGCACCTCAGCGCTGTAGGCCGCTAGTGGCGCGGCGGTCACATCAGGAAGCGTGGTTGCGATCGATTCGGCCTCTGCACGCGCATTGGCTGTGGTGTACCGGGCCAGTTCGAAGGCCATGTTCGTGCTGGCGTCACGCATCTCCGTCACTGGCTGCGAAAACCAGCGCTCAACGGCG
NZ_CP048114.1_gap65	2536653	2539619	2966	AACGAGCTGCGGATTCACGATTCACTCACTTCTCCCGGAACATCTCACGATTTTCCTACACCCTTTACGTCGTTCATATGCCGGCATTGCTGTTTCTCACGGCTCTTTTTGCCGGATATAACCTGTGGAGTCCCACTGATCTTCGCCACCACGCAATGGCTCTTGTGATTCTGGCTGCAGTTCTCCTGTACGCGTGGATCATCGCAACGTTTACCGAGTTCCGGACAGATCGCGTGCGGCGCTGGGTGGAAAATCTGCTGGGAGCCGACCGCCCCCACCAGAAGTCCTCTTCTGTCGCGGTGCAATCCAAGGGCTGAGGACTCGGCCATGTCTGGAATCCGAACCGGCAATGGTCTACGTTGAGGATGAATTCCGTCTTCAACACACAACAGAATTCAACTGCTCTTTATCCTGATTAGAATGCGAGCACATGCCAACTCCCCAACGACACTTCGCCCCCATTGATTTCAAGTCGCGGTTCCCAGCTCTCGACGGAATCAGGGCATTGGCCATTGTTATGGTTTTTGCTTTCCATTACGGAGGCGGAACGCATGGCGGCACTTTTTTAAATCTGATCAACCAGATCAGGCTGCGAGGATGGACCGGCGTTGACCTCTTCTTTACGCTATCGGGCTTTCTGATCACCGGGATTCTGTACGACACACGAACGGACTCGCACTTCTTCAAGCGCTTTTTTGCCCGACGCAGCGTGCGAATCTTTCCGATCTTCTACCTCGTCCTGCTGATATTCGCGATCCTGACTCCGATCCTTCACTACCAGTGGAAGATTGGACATGCGCTGTTTCCTTTTTACCTGGGAAACCTCTCCCTGGCGGCAGACCCCTCGCTTGAGACGATCCAGTCGGCGACACATCCAGCCTGGTCAGCGCATCTGGTGCACTTCTGGACCCTGTGCGTTGAAGAGCAGTTCTACCTTATCTGGCCGCTGGTCGTGTGGCTGGTTCGCGACCGCATTCGGCTGATCCGGATCGCCGGCGGCCTTTCCGTTCTGGCGCTGTTGCTCCGTGTCGCCATGGTGGCAACGGTTCCCGTGTCCAAGCTGGACACATGGATGGCCCACCAGCTTCCGTTCCGGATGGATTCCCTGTTGCTGGGCGCCATCCTGGCGCTTGTTCTTCGCGGGCCCAACTCTGATACGTGGCAGCGGCAATGCAGATGGTGTTTCCTGTCGTCGATCCTGGCTTTCATAGGGCTTTCAATCGCTGCCCCCCAGGAAAACGCTCCCTGGCTAAACACCATTGGTTTCTCACTACTGGCGCTGATGTCGGCAGGGCTTATCGGAGCGACCCTGCGGCCTGGGTCCCCCGCTTTCCGCCTCTTCAACCTGAAACCCCTGAGGACACTGGGCAAGTATAGCTACGGCTTTTACGTCTATCATCTGCTCTGGGCCGGGGCTTGGGCAGCCCTCATCAGCGATCTGACCCATCGATTTCACTCCTCCGTCCTGGCGAACGCCATCTCCGATGTCCTTAACTTTGTCGTGACGTTCTTTGTGGCAAAGATCAGCTACGACTTCTTCGAAGTCCGCTTCCTGCGATTCAAGAAGAACTTCGAATACGATTCCGAGCTCCGGGAGCATAAAACAAACTTCGCAGAAGAGCTGAAGGCCTGATCCGTGGGATAGGCTGGACATGAGCCGGCAATGGCTCTCCCAAATCGGGCTTCAGTGACGTCTCAGGCACCCCACAGCGCTTGCATCTCGCCGTACAATAACCCTAACTATCGTCCATCAGAAGGCCCGCACCCCGAATGCCCTCGAATTCGTTCAACACCCGGTACTCCCGCATCCACAACATGCGGTCTCTTTTCAGCTTGTTTTCCAGTGACTTAGCGATTGATCTGGGGACCGCCAATACCCTCGTCTTTGCCCGCAGCAAGGGCATCATCGTCAACGAGCCCTCCATCATCGCCGTCAACAAGGTGACGAACGAGGTCGAGGCCGTCGGTAAAGAAGCCAAGGAGATGCTCGGCCGCACGCCGGGTAACATCGTTGCCATCAAGCCGATGAAGGACGGCGTCATCGCCGACTTCCGGCATACCGAGAAGATGCTGAACTACTTCATCCAGAAGGCGCATAACCGCAAGATGATGGTTCATCCCCGCATCGTCATCGGCGTTCCTTCCGAGATTACGCAGGTGGAAAAGCGCGCCGTCATGGATTCGGCCTACCGCGCCAAGGCATCGGAGGTGCACCTGGTCGAGCAGGCGATGGTCGCCGCCATCGGGGCCGGTCTGCCAATCACCGAGGCGGGCGGAAACATGGTGGTTGATATCGGCGGTGGAACGACTGACATTGCCGTCATCTCGCTGGCCGGCATCGTCTACTCGCGCTCCGTCCGCATGGCCGGCAACCAGATGGACGAGGCCGTCATCACCTACCTGAAGCGTAAGTACAACCTGCTGATCGGCGAGCGCACCGGCGAACAGATCAAGATGCAGCTTGGATCGGCCTTTCCGCTGGACAAGCCGCTCTCCATGGAGGTCAAGGGACGCAACCTGATCGAAGGCGTGCCAAAGACCATCACTATCGACGACTCTGAGATTCGCGAGGCGCTATCAGAGTGCATCTCGACGATCATCAATGCCATCCGCGTGGCCCTGGAGCGGACCCCGCCGGAGCTTTCGGCCGACATCTCCGACCGTGGCATCGTGCTGACCGGCGGCGGCGCCCTGATCAAGAATCTCGACAAACGCATCCGCGAAGAGACGGGGCTGCCAGTCTCGATCGCAGACGATCCTCTCGCCTCGGTCGTACTTGGGACAGGCAAGATGCTCTCCGACTTCAACCTTCTGCGGAAGATCTCGATCGATTAAGTCTGGTTCAACGGATTCATTCACGGAAAAGCCCGGCGGACCGCCGGGCTTTTTTCATTTCGTCCGGCCAGAAGGCGGAAGACGCCAGAGCTTACCCACCGAGGATGAAGTAGACGTCACGGCATTGGTGA
NZ_CP048114.1_gap66	2547213	2550608	3395	GAGCCTTCACACCCGACCGCGCCGTGATCGCCGCAACCGTTCCTCTTCTGTTCGTTGCTGCCGCCTTTCAATTCTTCGACGGTCTTCAGATCACTGCCACAGGGGCGCTTCGCGGCGCGGGCAATACACATGCCGGCCTGATCGTCCAGATCGTCGGCTACTGGATCATCGGTCTTCCTATCGGAAGCTGGCTGGGCTTTCATCTTCATCACGGCGCTCTCGGACTTTGGATCGGCCTCTGCGCCGGCCTCATCGTAGCGGGAATCTCCCTCACCACCGTATGGAGCAGGACCACACGCTCGCTCTCGCAGAAGAGCCTCGTGCCCTAAGAGGCATCAACCTATGTCTGAAATCCGATCGCGATCGCCGCAAAGATGCATGATGGCGAATCGCGTCGGTGATAGCAGCTGGTTCAGATATGCAATTCTTGCAACCCCATGAACAGTGTCATCCTGAGCGAAGCCTTCTCACGGTCTTATTGTGAGAAGCGAAGTCGAAGGACGACACTTTTGGTAGCGTTGGAAGCCAACAAAGCAGGTTAATTATTTAAAGCCCGTATGCGAATCCGCCTTAATAATCCTGTTCGATCAGAGTCTTCGCGGTTCGTTCCAGCACACCCGTCTGTCGTTCCAGCCTCCGCAACTGGTGTTCCGCCGGTGTATCCTTCCCCGCCGGAGCAGCTTCTGAATCGCCGAGGCCGGGTTCTGCAGACAAGGAAGGCGTTCTTCGCTCGGCGCTGGCGGTCATCAGCTCCGCGACTCTCTCCATGCGGCGAATGACGAGCGAGGCGCGACCGCGAAGCTCCTCGTCATCGCATCCCAACGCCGCCAATGTCGTCACAGCGCGGGTCATGCGGCGCAGGTAGGTGACGAACGTGAGCGCTGGTTCCCATTTGGGAATCTGGTTGGACAGAGAAACCTGCGGCTCGAGCATGATACGGTCCAACGCTTCTTCCGCATCGTTGATGGCCAACCCACAGGCACGCCGCGACGGCGCAAGCAGCCTGCGATCAGCGTCGACACGGGCCGCATCGTGGTGCGTGCTATCGGTCGTGCGCCAGAATGTAAGCATCGCGCGAACATACTCCGCATCGGCTTGCGCTCCACGTGCCAGCAGGCGGGTCATCTCGACCTGCTCTCGCTCGGGCCATAGAAGCCGCATCGCCAGCACTGCAACGGCGGCGCCCAGGACCGTGTTTCCAATGCGGACTCCGGCGAAGTGCCAATCACGCAGATGCGGCAGGCTCAGCAGAACGAAGGTTGGCGTCAGGAAGAACGCGTACCAGCCGTAATCGATGGCATAGGTCGCAAGCGTGAAGATGCTTGTGATTGTCACCACAACGATGATGCCTTCCTGGCTGTGGATCGCGGCCGCCAGGATCGCAGCCAGCACTCCGCCTGCGATCGTGCCACCCACGCGTTGCGCACCGCGGCGAAGCGTTCCCGAGCTTGTCGGCTGCAGCACGATGATGGAGGTCATCGCCAGCCATCCTCCGTGGCTGACATGGACCATCTTCATCAGCAGCACATCGGCCGCGCCAACAACCAGCATGCGCAGAGCGTGCCGCATCATGATGGAGCGCGTCGTCCAGTTGGCCCGCGCTGCATCCAGCATCGATTGCCAGCCGGTGCCGGACGGTGGCCGTACTTGCCTGGCCAGTAGCGAGCTACGGATCTCTGCACCTGAACTTGTGGTGCGACTCGAAGGTTCAATACCGCTCCACAGCGCTTGAATGGCCTCGAATGCAACCTCGATGTTCAACAGGATGTCTCGCTCCTCCTGAACGAGATGCCGTATGAGCGGATCGGACGGTACCATTGCGGCCTCGAGCGTTTTGATGGCCGCCTCGCGCTTGCGGAGATGCTGGATGGAGTGCGAGCCTTCAAGAGCGAAGGAGGCAGCGCCATCCGCGGGCCGGCTTTCGAGAGCGACCGCAATGGTCTTCTCCGCTCCTTCCATCCACTCCAGAGCCTCTTCGATAGCGGCCTGGTCGTGAGGATCGGAGCTCGACTCCAGTAGCTCCGTCCAGCGGATCGTCCCCGCAAAGAGCAGGTCAGCCGTCTCCAGCAAAACCGTCAGTGAGCGGGCACGCTGGGTTCGCGCCGTAATCCTCGCGCCGGTGGCTCCTATCGCTGTACGCGCCGACTCGATGCTCAGTCGCATCTGCCGTTGCAGCTCGTGCATGCGGTGCCGCTCCGCCTGGCGGTCGCGACTGTCCGGTTGCGTAGCATGCACCTGCGAGGTGAACTCCGCCAACATGCCGTAGCACCTGGAGACGCCCAGCCGCGCCGGACGAAAAGGGTCAAGCGGCCAGAGCACGAGGCTGAATCCCGCAGCCCACAGTCCTCCAAGCACGTAGGAGAGCGCATTGCCGAGCGCGCCATAAAGCGTATGACTCTCCCCGCCGTAGCCCGCGAAGTAAAGCACAAGGATAACCACCGAAGTGGAGGCAAGCTGGTTCGCCAGTACGCGACCGAAGGTCACGGCAAAGCAGAAGCCAGCCGTAACCAGCACGGACAGCCAGAAGGGCGTGGTGGACAGGGAAGCGATGACGCAGGCCATGGCTCCGCCCACAAGAACCGTCAGCATGGTCGTCAGGCGGCTGCGATAGGGGCCTCCGTTATCGACCAGGATGGCTTCGAAGCCGCCCAGTGCCGCCCAGCCCATGGGTTTGCCCAGCGCGCGACACACCGCCATCGCTGTCAGAACAGCGATTCCGGCGCGAAGGCCACGCTCCCAGTGCAGGCGCCTCAGCGCCGAAGACCATCGAAGATACCAACGCATCTGGAGAGAGTTTAGCCTTGAACCTTCGTTCTCAGCCTGCGGGTTGAACTTCCAGAACGTGTGCCTTCGAGCGCGTCGTCAGGATGATGGCCGCCGCCAGGATCATGCATCCGCCGGTCCACGCCGATGGACCAAGATGCTCGCCGAGTACGAAGACCCCCAGCAGGCTTCCCATCAGCGGCTCCATATTGAGCAGAACCCCGGCCTGCGATGCCGGAACCTGCGTCATGCCCCAGTTCCATAGCAGTGTTGTCGTGGCTGTGCACAGGACGCCGCTTCCCGCCAGCGCCAGCCATGCTTTCATGGAGACGTGCGCGACTGGCGGCAAACCGTAGCGCAGTGGAACCCACGCAGCTAACATCGTAGTGCCGAGCAACAATCCATATGCCGTCACAACGACGGGCGAGTGGCGTTCCACCAGGCGCTTGTTCAGCAGAATCCACCCCAGTGCGATGGCGAGCGAGAGAACGACCAGCAGGTCTCCTTTGAGAGATGGCTGCCCCGCACCTGTCGCGTGATGTCCGAGGGCGATGAGAGCAGCGCCTGTGGTTGAGCACATCAAAGCGATCCAGCCGATGCCATCGAGCCGCTCATGCGCAAACAGGGTTGCA
NZ_CP048114.1_gap67	2705538	2709176	3638	ACAGGGATCGGTGATGACCGGCTACGCGGAGTTGATGCGCACCGTGGATCTGGCGCCCGGCAACGAAGAAGCGCGCATCGAACTTGGAAACCTTCTTCTGGCAGGCAACGCGCAGGACAAGGCGGCCGATCAAGCGAATGCTGTTTTGTCGCAGGACAGCAACAACGCCGATGCCTATGCCCTGCTCTCAGCCCTTGCGGCCCGTAAGGGAGACCGTGCAACTGCGCTGACCCAGATCCAGAAGGCGCTGTCGATCGATCCCAAGCGCGCAGCCTTTCACACCACGCTGGGAGTTCTTTTCGCCTCGGATCCTGCAACCGCAGACCAGGCAGAGGGCGAGCTTCGCAAGGCAGTCTCCCTGGATGACAAGAACGTCGCCTCGCACATCGTCCTGGGCAACATGCTGCAGAAGAAGGGCGACCTGAACGGTGCTCTGGAACAGATGAACGCCGCCGTCGCTGCCGACCCGAAAAACGTAATTGCGCGCTCCAGCCTGGCCGATCTTTATATGCGCCAGAACGACACGGCGAAGGCGGAGGCGGTGCTCCGCAAAGCGGCCGAGGAGCTTCCGGGGGATGGAACCGCCACGGACATGCTGGCGAACTATTATTTCCGTAGCAACCAGGTGGACCGCGGCGTCCAGGTTTACTCCGACCTGGTCTCCAGCCATTCCAAGAGCATCCCGCTCAAGCTGGCCTACGCTCGCCTGCTGATCGCAAAGAAGGACATTGGCAAAGCCCGGGAGATCGCCCAGGAGCTGGCCAAGACCGACAGCGAGCTTCCGCAGGTCGCCCTGCTGAACGGAATGCTGCAATTGAATGATGGCAAGGCGAGTGAGGCTGTCGATACGCTGCAAAAGGCATCGAAGGCAAACCCCGAAAACCTTCAGCTTAAGATCTGGCTGGGCCGTGCGGCCTCGACCAAGGGAGACACCCGGCTTGCTCAGCAGGCCTTTCAGGATGCGATTCGCCTGAATCCCCGGAGCACGGAGGCACAGGAGGGGCTTGCGCAGATCTCCATCAGCCGCGGCGACAATACGACGCTCGCGCAGCTGGGAGATGCGACCATTGCATCGACGCCTCAATCCCCTAACGGCTACCTGTGGCGCGGCATGGCGGAAGGAAGCCAGAAGCTCTATGACAAGGCAGAGGCAGACTTCAAAGAAGCCATCAAGATGGATCCCAACAAAGCAGACGGCTACCTGCAGATGGCAAAGCTTCGCCTTATCCAGAAGAATGTCCCTGAGGCTCGCAACATGCTTGAGCAGAGCCTGACGCATAATCCGAACTCCTCTGGAGCGCTTCGTCTGCTCGCCGCAGCGTATGTCTCCGACAAACAGACGGCCAAGGCGATTACGCGCGTTCAGGAGCAGATCACCAAGTCTCCACAGAACGGCGATATGTATAGCCTGCTTGCGCAGCTGCAGGGTGCCAACGGCGATACCGCCGGCGCACTGACTTCCGCAGAGAAGGCCATGCAGATGAATCCCAACGATCCGGTCGCTGCCGTGGTTTACACCCGCGCGGTCATCAGCAGCGGCGATCCGGGAAAGGCGCTTGCCAAGTGGCAGCAGTGGACCAACGAACATCCGAACGACGCCCAGGGATTTACCATCCTTGGAACTCTTCAGGAGGCCCAGGGCAATCGGGATCAGGCGATCAACGCGTATAAGAAGGCGCTTCAGATTCAGCCGGATCAGCCCGTTGCATCGAACAACCTGTCGTATCTGATGATCGAGACAGGACAGAATATCGACGTTGCACTCTCGCTGGCCCAGGTGGCGCGACGTGGTATGCCTGATTCCCCCAGCACGGCAGATACGCTGGCGTGGGCTTACTATCACAAGGGAAACTACACGTCAGCGCGCGATCTGCTTGAGGACGCCGTCAAGGCCAGCCCGAACGATGCCGCTCTGCATTACCACCTGGGCCTGACCTACAGCAAACTATCCGATCACTCGGACGCTACAGTTCATCTGAAGAAGGCAGTCAGCCTGGCGCCAAACAGCCAGACCGCAAAAGACGCCGAAAAGGCGCTCAGCCAATTGAGCTAACTATGCATTTCTCCGGCCGGACCTGCCTTTCATATGGAGGTCCGGCCCTTACCTCTCTGGAAGTCGTGTGAACACAAAGACAATTGCCCGCAATACAGCCTGGTATGGGCTGGAACTTCTGATCGGTTTCGGAACCTCGCTGATCACCTCCATCGCCATCGCCCGAACACTTGGGCCGGCGAAGATGGGCTATATCATCTACGTCACCTGGATCACAGGAATCGTGAGCCAGCTGAGTTCCGTCGGAATTCCCGTCGTCACCCGCAAATACATGGCGGAGTATCTGGGCGGCGGCGACTATACGACAGCACGCTTTATTTATTTCCGCACCCTGATCATCCAGACGCTGCTGGCTTCCGTTGCCACGCTCGGGGCTATCGCGTGGGTCTTCCATGACGCTCCGGCAGATTATCGAATCGCCGCGCTTCTTCTGGTGATTGGGATTCTGCCTTCGATGAGCAATTTCGTCTCGGCGCAGGCAAACGTTGCCGCGGAGACACTTTCAGCAAACCTGCCCGGCTCTCTCGCCTCGACGGCCACATACTTTGTGCTCACGCTCATGGCTGTGTTTCTGAACTGGGGCATCAACGGCATCGCATTTGCCATGTTCGCGATGAAATGGGTGGACTGCCTGGTCCGGCTCTTCCCCACCATGCGGCGCATCATGAAGTGGGACAGCGGCCACGCACATCCGCCGGAAGACCTGCGCGCCCGGATGGTGAGCTTTGGCGTCCAGAGCCTGACGGGCATGCTGCTTACACTGGTGGTCTGGGATCGCTCCGAACTCTTCCTGTTGAAGCATCTGACTCCCGATATCCGTCAGCTCTCGTTCTACTCGGTTGCCTTCAGCCTGGCGGAACGCCTGCTTATCTTCCCAAACATCTTTGCCTCCGCCAGCGGTGCGAGCATCTACGCGCAATATGGCCGCGACAGCTCCAGACTTCCTGCCATGGCGGCGGCTTCCGCACGTTATCTTGCGATGGTCTCCCTTCCCCTCCATATCATCGCCACGCCGCTGGCCGCTCCGGTCATCATGGTTCTTTATGGCAAACAATACGCAGGAGCTCTGGTGGTAGCATCCTTTGCTCCCCTGCTTTGTCTGCCGAAGGCCTTCCTGGGCCCTATTCAGACAATGTTTGAAAGCTACGATCAACAGAAGTACTTCATTACCACAACGATCGTCGCCTCCTTCGTCGACATCGGCGTGGCGTGGCTCCTTATCCCCTCGCACGGAGCTCTGGGCGCCTGTCTGGGAAGCGGCGCAGCGCAGTTTACGGCAGTGATCTCGATGTGGGCTATCGGAATTGCACGCTACAAGATCCGGCTTCCCTGGGGCTTCTTCTTTAAGCTCTCGGCCATTAGCGGAGTTGCAGCCCTGGCGGCCTATGGAGCTGTCAGCAGGCTAACCCCTTTGCCCGGCCTCATTGCCGGATCGGTAATCTCAACGGTGCTCTTTATCACGCTGGGCTATATGTTCAAAATCCTGGAGCCGGAAGACCGTGACCGCTTCAAGGTTATTACCAACGCCTGCCCGCAGTCGGTTGCGGCACCGATCAACTACCTGCTGGACCGGTTCACCCGTCAG
NZ_CP048114.1_gap68	2741528	2742538	1010	ATGCTTCTGCTCACTCGCTGGTTCACGCGCAGCGAGCGCTCCCGAGCCAACGCCCTGCTGATTCTCGGCAATCCTGTCACGGTCCTCTGGATGTCCGCCATCACCGGCTATCTCATCCAGGTCTTCGGCTGGCAGAAGACCTTCATCATCGAAGGCATTCCATCCGTCCTATGGGCGATCGTCTGGATCTTCATCATCCATGACCATCCCTCGCAGGCTGGCTGGCTCGGCCATGAGGCAGCCGAGGTGCTGGAGCAGCGTCTGAACGAAGAACAGGTCACCATCGAGCCGGTCAAGTCCGTTCGCCAGGCACTAATGCGCAAGGATGTCCTCCTCCTCTCAGTGCAATACTTCGCCTGGAGCATTGGCGTCTACGGCTTCGTCCTCTGGCTCCCGACCATCATTCGCCACGGCGCTTCTCTCTCCATGGGGCAGACCGGCCTCCTGTCTGCCATCCCTTATCTGGCCGCGATTATCCTCATGGTCGTCGTCTCGCATCTGTCGGACAAGAGCCTGAACCGCCAGAAGCTGGTCTGGCCGTTTCTCCTCCTGGCAGGGTTCGGCATGCTCGGCTCATTTTTCCTGGCCGACATCAGCTTCACCGCCGCATTCCTCTGCCTGATCGTCGCCGGAGGAGGCATGTATGCTCCCTACGGTCCATTCTTCGCCATCATTCCCGAACGCCTGCCAAGCAACGTTACCGCAGAAGTGCTCGCGCTGGTAAACAGCTCAGGCGCCCTCGGAGCCTTCGTCGGAAGCTATCTCGTCGGCCTGCTCGAAGCTGTGACGCATAGCTCGCGCCCGGGCTTCCTGCTGATGTCGCTCTCTCTGATCGCATCTGCTTTGCTCACCCTCGCGCTGCCTCGCACAGCGCAACAGACCGCAGGACAAAACTGATATGAAGCACTCTTCTATCTCCGCCTCCAGCGTTCTTGAGACTCCCTCCGGACTCTTCGACACGCTGAAGACCCACGCTCCGGGCCCGCAGGGATCTCTTCCCATCACGCCCG
NZ_CP048114.1_gap69	2847582	2850959	3377	GGGAGCCTTCGTCGCGGCATCGGGAATCAGCAGTTCGAATGAAGATGCCGGGACATACACCCCACGACTGTCCGGTGCTTCGGCATTCGACCAGCAGAGCACCACGACAGGCGATCGGCCAGTTCTTCTTCCGCGCGTCAAATTTATTCCTGCCGGACACAGGGCCCCGCAGCAGCATGTTCGCGATAAGGTGGCTCTGGGACTGCGCGAATCGGTTACTCCCTTCAGCATGTTTGCGTGGTCGGCATCTGCAGGATGGTCTCATCTGATCGATAGCGCGCCGAACTACGGCGTCAATAGCGAGGCCTTCGCGCAACGCCTGGGCGCAGCGGCGGCCACAGGTTCGGCCAAAGAGATCTTCAGCGATGCCGTCTTCGCATCGCTCTTCCACCAGGATCCCCGGTATTACCAGCTCGGCCGCAGCCACAGGTTCTTCAATCGGGCCGTCTATGCCGGGACACGGCCCGTAATTGGGCGCACAGACAGCGGCAGATCTATCTTCAACTACGCCGGCGTTCTGGGAACCGGGGCCTCGGCTGCACTGGCTCAGACCTACTATCCTGATGAGAATGTTCACCCTTCGCAGGTGATGCAGAGCTGGGGGAGCGGAATTGCGGGCTCCGCGCTCGGGTATCTCATCTCCGAGTTCGGAGGAGACGTTATTCAGGCGCTCCATATTCAGAAGCATGAATAATTCTTTCCTGCTTCGGGTTCCATAACGCAGACAGGGAAGACCGGATGAAGATGCACAGGGTTCTGGTACTGGGATTGGTTCTTTCTGGCTATGGAGCCGTAGCCCAGATCGGCCCTGCCCTCTCTGCGCCGGCGCTGCTCGACTCAGAGACTCTCCCGGCATCTCCCGATAGCGAATCCGCGTCCTCCTCCATCGCCAGTACCGATCTGCCCGATGCCCCCAGCAGCATCGCAGCCCGGCAGGAGAGCGTTGTCGTCGCGGGTAAGGAGTCCCTGCGTGCCAGGGGCAAAGACAAGGACTCCTGCAACTTCATCGCGGCTCTTGGGGCAATCTACTTCGATCCCGCAAAGGTGGGTGAGAACCGCCCACGTTGCAGCGAACTGGTCTATCCCTATCAGAGATTCCTCACCACGAATATTGCGATTCCCCTCAACTGGAAGCAGAAGGGGCTGCTGGCGGCGCACTACACCACCGATCCCGCCAGCCTGGGAACAACGATCGGAATCTCCGCTATTAATATTGCCGCCGACTCCCATACGGCGTATGGCCCCGGCTGGAAGGGATTCGGCGGTCTTGCCGGGGTGAGCCTGCTGCAGAACGCCACGGCGGAGTTCTTCGGCACCTTTGCGGTCCCTGCGCTCACGCATCAGGATCCCCGGTACTATAGGATGCCGCATAAGCCGATCCGTAAGCGCATTCTCTATGCCATTACCCGCAGCTACGTCTCCCGCAGCGACTCCGGAAGGCCCATGCCGAACTACGGTGTCTTTGCTGCGTATCCTTTTGTCGCTGAGATCGGCAATCTCTATATACCGGGAATCCAGAGCGACGGCCCCTCGACGGCGGAGCGAATCCTTACCGGCTATGCGCTCGATCCCGCCAATAACCTGGTCAACGAGTTTCTTCCCGACGTAGCGAAACACGTCCATGTACGCATCATCTTTGTCCAGCAGATCCTCAACAACATCGCGGTATCCGGGAACGGCATGATGTAGTTCAGAATTTTGAAGGCGGGGAATCAGATTTTGCACCTTTTCGGGCTCTGCCGCTTAGGGGGGCATCTTTACCGTTCAATGCAGAATCTTGCCATTCGCTTGCTCAGACTTCGGTCCTCCCTCCCAGCTGAGTACTCTTAACAAGGTTCAACCCCTTGTTTCTATTTCACTTAATTGGGAAGATCTCAGAGGGTTGAAACAGGATGCCGCCTCCGGCGCAGCATTCGCAGCCGGATTAGCTTTCGAGGAATTGCTGTTCAGGCTTTCCCAAGTTTTTTAGAGACAGAATCAGGAGAAAAGGAAACGCATATGGCAAAATCCACAAAGTTGGCCGAAAAGGCCCTGACATACGGCGCTAAAGCCGCGTGGGCAGTCTTCGACAAGTTGAACTCGATCTCGCCCAACCCGAGCTTCACCCCTAAGTGGAGCGACAAGCCACTCCTGAAGTCCTATCAGAAAGAAAAGCCCCCGCTGGGCTGGCCCCGCACCACGGACTCCCTGTGCCCCAAGTGTATTCCTGAGATCCGCCAGCAGATCGTCGACGGCAAGCTGCCCCACGAGATCCTGCTGAACGAGAAGGTCGGCGAGATCAAGGCCCAGATCATCGAGCGCGACGGCCAGATCCTGATGGTGAAGGACTGCCCCATTCACGGTCACTTCGAGGACGTTATGTCCATCGACCCGGCCATGATGAAGCATCTTGAAGACGTCTTCCCTGGCCGCGATATCCGCGCCCACAATGACGAGAAGCTCCACAACCATGGCACCTCCACCGTGACGCATGGACGCGGTTCGGTTCTGACCATCGACCTGACCAACCGCTGCAACATGATGTGCGACCCCTGCTTCATGGACGCCAACCAGGTCGGATTCGTCCACGAACTGACGTGGGACGAGATCAAGACCATGCTCGACAACGCGATCACCATCAAGCCGCGTCGTCAGATGTCGGTCCAGTTCTCCGGTGGCGAGCCCACGCTCTCGCCCTACTTCCTCGACGCTGTCGCCTATGCCCGCAAAGTTGGTTACAACTCCGTGCAGGCCGCGACCAACGGCATCGAGTTCGCCAAGTCCAAGGAATTTGCCAAGGCTGCTGCTGAGGCCGGTCTGCGCTACGCCTACCTGCAGTTCGACGGTATCGGCAACGCAGCCAACTCACACCGCAAGGTCGGCAACGCCTTCGACGTGAAGCTTCAGGCCATCCACAACCTGCACGAGGCCGGCGTCGATATCGTTCCCGTAACGACCATCGTCAACGGCATCAATAACGAGCAGGTTGGCCGCATCATCGAGTTCGCCCTCGACAACCCCAAGAAGATCAACTTCCTCTCCTTCCAGCCTGTATCTTTCACTGGCCGCGACGAAGAGATCTCGGACGAGCGCCGCACGGCGCAGCGTTATACGCTGTCGCACCTCGCACACGACATCCGCAACCAGACCGGCCTCGGCGAATCGACCCGCGACTGGTTCCCGATCTCCTTCATGAGCACCTTCTCCGACTGGGCCGACCTGGTTCACGGACCGGATCACGACTGGGGCCAGCTCTCCTGCGGCTGCCATCCGAACTGCGGTATCGGCATGGCGCTGATGATTGACAAGGAGACCAAGGAAGCCGTTCCTGTCACCGCGTTCCTCGACGCCGTACAGCTCGCGAAGGACGTCGCGCGGGTCAACGACGCTGCCCGCGG
NZ_CP048114.1_gap70	2973522	2977091	3569	CCTGCGGAGGTCCATTTGCGGAATCTCGATTTCAGTTCTCTGCATGCGCTCATCACCACACTTCTGAGCCTTGCGGTCATTACGTCGATCGGCGTCGTTATCCGCCTGCTCACGATGGTCACGATTCCTGTCCCGCGCAGCTTCGCGAACAGATTGCGGTGCGCCCTATATGGCTAATTGCCTATGACGGATTGTTCTCAGTGTTCTAGTATGTTCTCCTCCGTTCGGTAATATCAGCGGTGCAGTCCCAAATCAATAACCTGTGTTGCCAGAGGCAGGAGTGTTCGCTGCTTAAAGAAAGGTGATTCCAATGTCGAATTCTCAAAGCGAGACAAAGATTACCCGGAGAGGCTTTCTCCGCACCCAGGCCGCGTTGGCGGCAGCAGCAGCGGTTCCCATGCCTGCGCTCGCGGCAGCGCCCCATACAAAATCCGCAGCAGGCGTGGACTATTACGACAAACTCGGCGTGCAAACGTTCATCAATGCAGCAGGCACCTACACCAACCTCAGCTCGGCCTGTATGCCGGAGTCTGTGCAGGAAGCCGTTGCGCTCGCCGCCAAGAAGTGGGTGCGTATCCAGGAGCTGCAGCAAAAGGGAGGTGCCTACATCGCCAACCGTCTCAAGGCCGAGGGTTGCTGCATCACCGCCGGAGCAGCCTCGGCGATTACGATGGCCGCAGCGGCCTGCATTCAGGCGGCCAACAACTGCCGGCCGATCGACATTCCGCGCCTCATCGGCACGCCCCAATACCCGAAGAATGAGATCATCACGCAGACCCCGTATGGATACGACGAGGGGATGGTCCTCTGCGGCGCGAAGATCGTGGTCGTAAACACGCTTGAGGAGTACAAGCGCGCCTTCAACGAGAACACCGTGATGACCAACCACGAAAACGCAGCCGAGGTGGTGAAGATCCCCGTGGAAGACTGGTTGGCCGTGGCGAAAGAACACGGCGTTCCCTGCCATCTCGATGCCGCAGCAGACATGCCGCCGATCTCGAACCTGTGGACACTTGCTGAAAAGTGGGACCTGGTCTGCTTCTCCGGCGGCAAGGGCATTCGTGGCCCGCAGAGCGCGGGTCTGTTGCTGGGCAAGAAGAAGTACACCGACCTCGCCAACGCCATGCTGCCTCCGGTGGAAGGAGTAGCGCGCGGCATGAAGGTGGCCAAGGAGCAGCTCGTCGGCATGGTGGCAGCGGTGGACTGGATCCTCTCGCAGACCGACGAAGGCCTGTTCAAGGAATCCAACGACCGTCTCGCCGTGATGTCCTCGATGGTGAAAGATATTCCAAGCGTGAAGACCCGCGTGATCGTCCCTGCGGTCGCCAACCACTACCCCCAACTGGTAGTGGAGTTCGACCCCAAGGTGATCGGAGCAACGCCGCGAGAGATCAGGGCGCGACTCGCCACCGGAAGTCCGGCAATCGAGATCAATCCGCACACAGGCTCCACGAGGGCTTCGCAGGGCGTGGACCCCATGCCGAATGCGCTCGTCGTCACCGCAATGTTGCTCTTCCCCGGCCAGGACAAGATCGTAGGCGAACAGCTCCGCAAGGTGCTCAAAAATCCCAAGTCCGTGGGGACATACGATCCTGCGGTCAAACTGAGTAGAGGCTAAACCGGATGAGCCATGCTGGCGGGGACAGGTACTGATCTGTCGCCACAAGGCCTGGCTCTCAGCTTTGACATTGACGTATAACTGTCATCTTTCGAAGTCTTATACCGCACGAATGAAGTTCGTTCCATAGCCACGGATCCACACGAACGCACTCCCACCTCTAATCCGCATCTCAATATCTGACATCGGGGAGGCTCTTCATGGTCGAAGCCGTACTGTGCGATATCGATGGCACCCTCGTTGAGAGCAACTGGCTTCACGCCGCAGCATGGAAGGATGCCTTCGAGGTAGCTGGAATCAATCTCGATATCGAGACAATCCGCCGTCAGATAGGCAAGGGAGGCGACCAGCTCATCCCGGTCTTCGTTCCCTTCTGGCGACGGCGCATCCTCGAGGAGCCGCTCGAAACGTACCGCAAGTTGCTCTTCAGGACGCAATATCTGGACCACGTCCATCCCTTCGCCAACACCCGCGAGCTCTTCCATCGCTTTAAGAAGGCGGGCATCCGGACTGCGCTCGCATCCTCCGCCAGCAAGGAGGAGCTTGAGACCTATAAGGCCCTCACTCGCATCTCTGATCTCGTCGATGTGTCCATCACCGCAGATGACGTCAACCACTCCAAGCCTCGCCCCGATGTCTTCGAGGCTGCACTCCATCAACTCCGGTCCAGCCCAGCTCATGCCCTCGCCCTCGGCGACACCCCCTGGGATGCGGAATCGGCGGGAAAGATCGGCGTGCGCACCATCGGTGTAACCACTGGCGGCTGGACGTCCCAAGAGCTATACGATGCGGGATGCATCGAGGTCTATAAAGACATCTCCGAGCTGTTTGAAAACTTCGACCGCAGCGCTTTCATGACCCTTTCTCTGACGGTCAAGCGAAAGGTTCCTTATCCCATTGGGGCATAAGCATTTGGCGAATTGTACTGCCAAATACTTTCTCAATAGACAGGGTGAGAGCGGAGGATCTGCTTCATCCTGTAAAGGCAAAAAGCCCGGACCTTCTCGCCCGGGCTTTTTGCCTTACTCTTTATATTTTCAATAGTCTGCAGGCAGGTGTCCGCCGCTAAACTATTTATTTATAATACGTTGCACGAATTACCCCAAGGTAGGCATGCTCGTATCCACACCCTCACGAAGGCCGGTTGGCCAGCGCGCTGTCACCGTCTTGATGCGGGTGTAGAACCGTACGCCCTCAGGGCCATAGATCGAGTAATCGCCGAAGAGCGACCGCTTCCATCCACCGAAGCTATGGAACGCCATCGGCACCGGAATCGGAATATTGATCCCGACCATCCCAATCTGAACATTGTTCGCAAACTCGCGTGCTGTATCGCCGTCGCGCGTGAAGATTGAGGTGCCGTTGCCGAACTCGTGCTCGTTGATCAGCTCCAGCGCCGTCTTGAAGTTGTTGACGCGAAGGAGACCAAGCACAGGCCCGAAGATCTCTTCCTTGTAGATCACCATCTCCGGCTTCACATGATCGAAGAGCGTTGCTCCCAGGAAGAAACCGTCTCCCTTCGGCAGCGCGCCCTCGCGGCCGTCCACCACCAGTTCTGCGCCTTCGGCCTTGCCCTTGTCGAGGTAACCGCGCACGCGGTCCAGGTGAACCTTCGTCACCAGCGGCCCCATGTCAGAGCCGTTCTCCATTCCCGGCAGCACCTTCAGCTTCTCAATACGCTCTGCGACCTTCACCCGCAACGCATCTGCCGTCTCATGTCCGACCGCGATCGCAACAGAGATCGCCATGCAGCGCTCGCCTGCAGCACCGTAAGCGGCGCCCACCAGAGCGTCCGCTGCCTGGTCCATGTCCGCATCGGGCATTACGATCATGTGGTTCTTCGCCCCGCCCAGAGCCTGCACGCGCTTGCCGTGCGAAGTGCCCTTGGTATAGACATATTCCGCAATCGGAGTCGATCCTACAAAGCTGACTGCCTTTACATCCGGATGCT
NZ_CP048114.1_gap71	3093805	3096753	2948	CGGCCAAAGTGCAGCTCCTCGGCGACAGCGACAAAATAGCGCAGGTGCCGCAGTTCGACATCCCGTTCATCCATAGGTATAACGTCCTGATAGAGACGAACAATATATTGGACGTATGATACGTCAGCCCCTAGCCTTGAGGCATAGGAGCTGGCTCATGTCTTCGACCCTGTGGCTTGCCGATCTTCCGTCCAACGACCTGCCGTCAAACGAGGATTCCATGTCTTCAGCCTCCATCGAACTGCGTCCCTTCCAGGCCGGGGATGCCACCGCTTTTCGCGAACTCAACGAGGCATGGATCAGGCGGCACTTCGGCCTTGAAGACCATGACAACGAGATGCTGTGCGACCCCGAAGGCTACGTTCTTTCCAAAGGCGGCCACATCTTTTTCGCAGTTTCAAGGGGAAAGCACGTCGGGTGTTGTGCGCTGCTCCCGATGTCGACGGGGGTCTACGAAGTCGCCAAGATGGCCGTCGCGGAGTCGTGCCAGGGCCGCGGGATTGGCCGTCGCTTGCTCGCCTACACTGTTGAACAGGGCCGCGCTCTCGGCGCCGACTCGCTCTACCTTGAAACCAACAGCAAGCTCACCAACGCGGTTCACCTGTACGAGTCGCTGGGCTTCGAACACCTTCCGCCCCGTCCCTCGCCGTACGTCCGAGCCAACGTCTTCATGGAACTGCGCTTCTAATGATTGTCCCGGGCTCATCCAGGACAATCATCCGGCGACGTCCTCCAAACGTGCTTCGAACAAAGTGTCATCCTTTTATGCCGGCTGCCTCTCCGAATCGACGCGGTATCTAACGCAACTACATCTCGCATCGCCGGGGAACTGCGATCAGAGCTTAGACATTAGTTCGACACCCCTTAGCTCTCCTTGCCGCCATCCTGCGGTCCGGTCAGGCCATACAGCTCGGCCTCAAAGCGCTGAATCGCAGCCTCGGACCAGGCGTGCGTGGACTTGCGCCAGATGTCGCCCTTCTCCTCCAGAAAGTTCGGGAAGTTCAACCGGCAGTAGCCTGCCCTCTCTCTGAAGTCGTAGAGCGCCTGCGGTATGCCATCCAGATAAAGCACGGCCTGCATGCCATCGCGCGACCACTCCACAGCGGCGATGCGCTCCGGCTCCGGACGCTGATGCTCGGCGTCGCTCTTTGCCAGGGCCTCCACGTTGTAGATCAGCATCGCGTCGAGGATGCTCTCCTCGTGCGTCGTCTGCGAGCGGTCACAGGCATAGAAGTATCCCGCGATACCTTCGTCTTCAAAGACCACCGTCCATGGCGGCGCAGAGGAGTCGGAGGAGAGGAAGGCGAGGCCGGGAGTAAAAGTAAGCGACTGCATATCTCTCTCACGATACGATAGAAGCAAGGCCTTATGGCAATTGATTGGAGAACGAGAGGGCGGTCCACGGTTGAGATTTCCTGAATTTAAAATGGGCTGGCCGCAGCGGCTTGCTGCGCTGCTGCTCTTTCTCTTCCTTGCACAGTGCACCTGGGTTATCTCCCGCCAGCAGCTTTCGACCGACGACTACCGTTTCGCCCGCTGCGGGCGTGAGATGTGGGAGAATCCCTCGCCGCTGGCCGGGTACTTCACCTCCTGCGGCAACCTGAACGGTGACGGAACCTTTGGATACCGTGTCGCCGGGCTTCCACTCACCGCGCAGCGGCTGGTGCTTCTGGCCATCGATAAAACGCGCAGCCCGGAGAATCGCCTCTACGCCGGCGGCCTCAGTGGCTCCACGTGGGAGGCCCGCCACGAGCTATCGAGCGTCAAATTCCTTCTGCATCTTCCCTTTGTCTTCTTTGCCATCTGGCTGGGGGCCGGCCTATGGTGGGTCTCGCGGCGCCTCTTCGGCAACGAAGGCGGATTCCTCGCGCTCGCGCTCTACTGCTTCTGCCCTGAGGTCGTCCGTTACAGCGTGTCGCCCAACAACGACGTGCTCGCCATGTGGGGACTCTACGGGCTGGTCTATACCGCAATCGGGGTCGCTCACGCAATGCAAGGGCCTCGGCATAAGTGGCGTCCCCGCATCGCCCTGCTGATTATCGCGCTGGGCCTTACCGCCGCAGCGCATCTTCTTGCCGCCATCGTCGGATTTCTGGCTGCCGTGGCCTTCATGATGTACCTGGCCGAACAGCGCCGCAGCTACGTCCTCCAGATCCTCATCTTCTCCGCCATCGGAGCACTGATCGTTCTCTTCGCTTTCTACTCCTTCCGGCTTCCGGCCTTCAGCTATGTCTTCACCGGGGGCGGTGCGCGTTTCTGGTTCTCGCTCAATGCCCTCAAGACCTTTTTCACCACGCCCGCGAATGCGGCCATCACTGTCGCAACAGTGGTTTGCCTCATTCTCTATGCGGGAATCCGCCGCTGCCGCTACTTCGGCAACACCGCTCCGTTTCTGGTGGTTCTCGCGCTGCTTCCACTGGTGACCACCCAGACCGTGGCGCGACCGTGGTTCTGGGCTCTGCCCTTTCTTTTCACCTTCATCGGCGGAGTCTTCGCGGATATTCTGGAGACACGTTATCGCAAACTGTTTCTTACGCTCACAGGCCTGATCCTGGCTACACAGGCCGTTGCATGCATCACAGTCTTGAACGCCATTGCTCATCAAACGTAGCGATCAGGCCGTGGATGGCCTGAACTCTCGGGACGGGTCCATTTTGATCAAATCTGCTCTTCGCTCCGCCGGTATACTCTCGCTGCTGGCACTGCTTTTTACCTTCTCCGGGTGCCATCGTCATCGCAAGACCACTTCGGCTCCCAACACAACCGACTACTCCGACGACATTCAGTCGCTGGTCGCGTTCAGCAGGCTCAGCTTCCTCCGCTGGCCCAACATCTCCGACTATGAGCCGTTGGTAAAAACCTTCTATGACGATCGCAACTACGAGATCGCCTGGACCCGTGACGGCAAGCCTACCCCTGCCGCGCAGGGCTTTATCAAGGCCTTTGCC
NZ_CP048114.1_gap72	3103811	3104949	1138	AACCGTGACCAGATCGTGCAGCTCCAGCGTCTGGTAGAGAGTAGTCAGGCCGTGGAAACCGTCCTCTCGAGCCGGGCCGATGGCGAGGCCAAGGTTGATCTTGGAGTAGGAACGGACGCGGGTAGGCATGCGACTTCGATTTTACCTGCAGGCCCTTGCCGTCCCTGTTCCCTGTTCCCTGTTCCCTGTTCCCTGTTCCCTGTTCCCTGAAGAAGTGTCATCTCGACCGAAGGCCCGAAGGGCCGCAGCGGAGAGACCCCCGCATTTTGACTATGTCGCCCAGTACCTCACGTGAGGCAAACCATCCTGACCGGCATCCCGAAAATGCGGGGGTTCCTCGACTACCCCTTCGGCGCGCTTCGCTTGCTCAGGGTTCGCTCGGAATGACACAAATCACCCTCTACCCACTCATCACGCACGGCCCATCACGCACGCGCCATGATGCAGGAGGAGGCTGTCCCGGCCGTCTCCACGGGAACGAGCGGCCGCGCAGCCTCAAAGATGGCCTGGATCTCGTGGGCAGGCCGCGGTGTTGAGAGAAGGAATCCCTGGAACAGGTCGCAGCCCAGCCGCACCAGCTCTTCGTGCTGTTCCTTCGTCTCCACGCCCTCGGCCAGAATGGTGAGCCCAAGATTCTTGCCCAGCTCCACAATTGCCTTCACGATCGGGTACGACTCCGGACCATCGATATTGTGAACGAACGACTGGTCGATCTTGAGGGTGTCGATCGGCAGGGTCTGCAGGTAGCTCAGAGAGCTGTAGCCGGTCCCGAAGTCGTCCATGGAGATGCGGACTCCCAGCGCTCGCAGCGAGCTAAGCTGCTGCCGCGCCTGTTCAGTATTCTCCATCAGCAGGGACTCGGTAAGCTCCAGCTCCAGCAGTGCCGGTTCCATTCCAAAGTCGTCGAGCGCGCGCTGGACCTCGGCAGCCAGGTTGCCGCGCAGGAACTGAGGTGCGGAGACGTTGATGGCAAGCGGAACCGGGTCGAATCCATGGTCGCGCCACTCCCTGCTCTGGCGGCAGGATTCGCGAAGCACCCACATCCCGATGGAATGGATCAGTCCTGTCTCCTCGGCGATGGAGATAAAACGTCCAGGCGGCAGAATTCCCAGCTGCGGATCGACCAGGCGGACAAGCG
NZ_CP048114.1_gap73	3153903	3155915	2012	CGACAAGGCCCAGGGCAGCGATGCGGGTAAGAAATCCAAATACCAGTCCGAGACCGCCCAAGGCTTCGGCCATGATTGCCATCAACGCAAGTGGTGCCGGGACATGCTGCTGAGCAAACCAGTGCATGATACCGCTGTATCCCGGGCCGCCGAACCATCCGAAAGTCTTTTGCGCACCATGTGCGCAGAAAATCGCCCCCAGGACAACTCGCAGAACAAAGAGATGCACATCCTCACTCGTTGCAAGAATTTTTCTAATCATCTTTTCTCCTTTCTCATCGCATTTCCATCGCGCGTAGTGATGCTTCATCGCCTGCGACTCAGCAGTTATCGTGCTGGCGATCCTGTTTTTAGCCCCAGGACGCCCAGTATGATGAATGCCAGCGAGAATATTTGTCGCGTGTTGAGACCTTCCTGAAACAGCAGCATGCTTGCTATCGATGTACCAACAGCACCAAGACCAATCAACACGCCATAGACCGTGGCAACAGGTAGAGTCTGCATGGATTCGCTCAGCAGGAACACATTGGCGATCAATGCCGCTATCGCGACCATCGCAGGTAACGGCCGATGCAATCCATCGGAGTACTTCGTCGCTACCGGCCAAATAGTTTCAAGCGTACCCGCGAAAAGCAAGAATAACCAAGGCATTCCATCACCTCACTCGATGAACGATCAAGTTCAAACGTAGGGCGATTTCATTTTGGCCGCCACGACACAATTACAGCAATTTAGGACACGTTGCTGGCACTGCATGAACGGGCCATTCGCGTGAAGCTCGAACCATCCTAAACCACTCATCCCACCCCATCCCAAACCGTGTCATCCTGAGCGAAGCGCGTCAGCGCGGAGTCGAAGGATCTGCGGTTTTGGGATGATGGCAAGCCAGCAGACCGCAGATCCTTCGACTCCGCTTCCCGCGATAAAGCCGCGAGAAGCTACGCTCAGGATGACACCTCCATGGTTTCGTTTGCAGGAAATTGGCTTACCGTTGCTGCCGCTGTCCGCCCAGCAGGGATACATCTCATCCCAGCGTCGCAAATTTAAAAAAATTTGCCGGGCGTATCGTTACGCCCGGCATCGCTTTTCCCGCTTCCAGCAGCCGTTACGCCGCCGCTCGCTCTTTCACGTTGAAGGTGAGGCCATCCGGCCCAGCATCGACGACGACATGATCGCCGTGCAGCACCGTGCCATCGAGGATCTTCACGGCCAGCTTGTCCTGCACCAGCCGCTGGATCGCCCTCTTCAGCGGACGCGCACCATACGCGCGGTCGTACCCGGCCTTGAAGATCGCCTGCCGCGCGGCATCGGTCAGTTCCAGCGTGATGCGGCGGTCGGCCAGCAGCTTCTCCAGGTCCTTCAGCCGCAGATCGACGATGTGCGTCAACTGCGCATCGTCCAGCGGATGGAAGACCACGATGTCGTCCACACGATTCAGGAACTCCGGACGGAACGTCTGTTTGAGAGCGTCGATGACGCGATCTTTCGCCTCTTCGAAGCCCTCCTCACCCTGCGCCCACGCACTCGTCAGCTTGTCAGCGCCGGTGTTCGAGGTCATGATCAGCACCGTGTTCTTGAAGTCCACCGTGCGCCCCTTGGAGTCGGTCAGGCGACCGTCATCCAGCACCTGCAGCAGCACATTGAAGACATCCGGGTGTGCCTTTTCGATCTCGTCGAACAGGATCACCGAGTACGGCCTGCGACGGACAGCCTCGGTCAGCTGACCGCCCTCGTCGTAGCCGACATACCCTGGCGGCGCGCCGATGAGACGAGACACAGCATGCTTCTCCATGTACTCGCTCATGTCAATGCGCACCATCGCCTGCTCATCATCGAACAGGAACTCCGCCAGCGCACGCGCCGTCTCCGTCTTGCCCACGCCCGTAGGCCCGAGAAAGATGAACGAGCCAATGGGCCGCTTCGGATCGGACAAGCCTGCACGCGAACGGCGAATCGCATTCGCCACCGCGCTCAGAGCCTCGTCCTGCCCAACCACACGCTCGCGCAGACGA
NZ_CP048114.1_gap74	3168244	3169660	1416	GATGGAGAACCCCAGCGCATGAAGGTCCAGACCTTCGAACAGTGGTTCTCCCTGGCCGAGAAGCACGGGGGCCAACGCGATGTGGAGAGAGTCGATGAGGCCGGCTTTCAGATACTGCCGCACTGTGGCCACGCCGCCTCCAATCTTGACGTCTTTGCTGCCGGCAGCCTTCTTCGCAAGGCCCAGCGCCTCTTCGATGCCGCCCGTCACAAAGTGAAAGGTGGTTCCCCCTTCCATCACCAGAGGCTCACGCCTGTGATGTGTGAGAACGAAGGTGGGTGTGTGGTACGGCGGATTGTTACCCCACCACCCCTTCCATGAGTTGTCCAGCCATGGGCCGCGCACCGGACCGAACATGTTGCGGCCGAGGATGAAGGCGCCGAAGTTTTCCATCGCCCGTTGCGCGAAGATGTCGTCCACCTCTCCGGTGCTTCCCCCTTCCTGCCCGTGCATGGCGCAAAAGGTGTTCGTGTGAAAGAACCACTGAAAGATCTCCGGTCCTCGCTTTCCCAGCGGATTCTCGAGGCTCTGCTCGATCCCAGCGCCGAAACCGTCCAACGAAACGCCAAATCCTGCGACTCGAACCTTCGACATCCCAGCCCTCTCCTTCACCCTGGTTTTGTTGTGGTTTGCCGAGCTTCAGCGTGTGGCGGGCTTGCGCCGCCGCTGTTCGCTGGCTTTCATCATTTCACTCAGGTCGCCAGCTGGACGTATTTCGAAGATCGACCCATACTTGAGGGCCGGATGCTGCGACATGAGTTGATGCGCATGATTCATGTCGCGCGCCTCAAGCACAAGAATGCCGCCGAGTTGTTCCTTGGTTTCGGCGTAGGGGCCGTCGGTGGTCGCGACTTTGCCGTTCTTCCAGTACACGGTTAATGCAGTTTCAGCAGGCTGGAGAGCTTCTCCTGCAGCGAAGTGCCCGTTGGCGCGCAAATGGTCGTCGTACTCAAAACATTCGTCGATCATTGCGTTTCGCTCGTCCTCGGTCATGCCGGCGTGTTTCGCTGGATCGTAGTATCCCAGGCAGATGTATTTCATAGGTCCTCTCCTTCGCATTGGCTTTCCAGCAGCGCAACCCGCGCCCTGAACGTTCACCTTATAGTCGTCGGGAGCGAGGGGAAATCGACAGCGGGCCTTAATTTTTTTTAAATTCTGCAATTATTTTTGTTTCAATTCCTCGAGCCGCCCGGAGAGAAAACGGCGCTCCGGCTCCTGTCGGCCCCCGTCCTGAAGCAGGGCAAGCGCTTTCTGATACGAAGCACGGGCCTCCGGAAACCGCCCCAGCCTGCGACACAGATCTGCACGGGCAGAGTGTGCGAGGTGATAGTTGGCGAGTTCCTCGCGGGCAAGAAGGCCGTCGATGAGAGTAAGCCCCTGCTCCGGACCTTTGTCCATCGCGATGGCAACGGCACG
NZ_CP048114.1_gap75	3208452	3211716	3264	GGCGACGCACCCGAAATCGCAGCCATCGGCGGCCGCGCCCTGCGCGAGACGACCCGCCTGGGAGCAAGCCCCTACAGCATGTGGCGTGACGTAGCCCTGACCAACACCGAACCCATCGCTGAGACGCTTCTGGCGCTCGAGCAACGGCTGGCCCATGTACGCGAGAATCTGCGCACGCCAGAGCTGCGCGAAGAGTTTGCTCTCGCAAACCAGTTTCGTGTGCACCGATAAAGTTTTCGCCCTTCCAAGGCAAGGAGCAGCATCTTGAGTCTGACCGAACGAGCAGCACACAGCACTTCAAGCATCAGCCTGGCTGATGTCGCCGCTGCGCGAGAGAGGCTGCGCGACGCCATCTACTTCTCGCCCTGCGCGCATTCCCGCGTCCTTTCGGAACTGACCGGACAGCAGATCTTCCTCAAGCTCGAAAACCTGCAGATGACCGGCTCCTTCAAAGAGCGCGGTGCATTGAATCGCATTGCTCTTCTCACTCCCGAAGAAGCTTCGCGCGGAGTAGTCGCAGCCTCCGCAGGCAACCACGCGCAGGGCGTCGCCTATCACGCCACCTCGCGCGGCATTCGCTCCATCATCGTCATGCCGCTCGCGACTCCGCTGGTCAAGGTGACGGCTACGCGCAACTTCGGCGCCGAGGTTGTGCTGCACGGCGCCAACTACGACGAGGCCTACGAAGAGGCGCGGCGCATCTGCTCTGCGCAGAACATGACCTTCATCCACCCGTTTGACGATCCCGCCGTCATGGCCGGCCAGGGAACCATCGGCCTTGAACTGCTCGAGCAGATTCCGGACCTTGAAGCCGTGGTCGTCCCCATCGGAGGAGGCGGCCTGATCGGCGGCGTCGCCTGCGCCATCAAGGAATCGCGTCCCGGAATCAAGGTCGTCGGCGTGCAGACCTCGCGGTTACCCTCGATGGCTGTCGCGGTCGAGCAGCACCGTCCGGTCACCATTCCTCCGGCAACCACGATTGCGGACGGCATCGCGGTGCGCCGCGCCGGCGAGTTTACGCTGCCCGTGATCGAGCGCTGCGTCGACCAGATCGTCACCGTCGATGAAGACGAGATCGCCTCCGCCATCCTCGTCCTGCTGGAGCGCGAAAAGACGCTGGCCGAAGGTGCCGGAGCCGCCGGACTTGCCGCGCTGCTGCAGAAGCGCACCTCGCTCAACGGCGCTCGTACCGCCGTCGTCATCGGCGGAGGCAACATCGACGTCACCCTGCTCAGCCGCATCATCGAGCGCGGTCTGGTGCAGGACGGTCGCATGATCCGCCTGCGCATCCACCTTCTCGACAAACCCGGCGCACTCGCCGAGCTGACGAAGCTGATCGCGCACCACCGTGTCAACATCGTGGACACGCTCTACAACCGTGCCTACTACGGTGTGAACCTGGGCGACACCACCATCGACATTACGCTGGAGACACGCGGTCGCGGACAGGTAGAAGAACTGCTCGGCGCACTCGACGCCGGGGGCTACATCTACTCGCGCGTGGTCTGAATCATCTCTGCTGCGGTGCAGTCCCAACAGTCAATAACCGTCCTTCTGAGCCTCACAAACCCGTCATTCTGACCCTGAGCGAAGTCGAAGGGGGAAGAATCCCTGTATTTTGCCTGGAGCGCCGCCCCGATTCAGGGACGACTCAGCCCCTCTCACCCGGGCGTATGCCATCGCAACTGAAAAAGATACCGCCGAGTGAGACTGCCTCATGCCGACTGGATCCGTATACCCCATACAGGTGTCCTCCTGAGCGGCAGCAGACTTGTCCTACAGCGGTCTCACATCCATAAACAAATAGTCCCCATACCAACCCGTCCTATAACCATGCTGCCGAACCAGAGTGCCCAGCTGTGCATAATGCCGGACGCTGTGAAAGAGCGCATGAAAGAGAACCGTCTTGCGTGACGTCAGCAGCACGCCCGCACTCCGCGTCTGGAATTTGATCTGCTCTCCCCAATCGGTCGCGGAATCAAGTGCCCGGCGATAGAGTTCCATGGCTCGATCATGCGTCGCATAGATCGCTTCTACCGAGTCGTATGGAACATCCGCATACTCCGTCTCCGGCAGGCCGAGGATGCGCTCCGCATACCGCACCTCCACTGCAACAATGTGCTGCAGAAGCTGCGCCACGGTGGAGACCTGCATGATGTCACACGGAAGCGAGAGGATCTCAGGCTGTTCGGCGAGCAGCTTGCGCCATGCCGCGTTGGTCGCCTGATTCCACTGGAGCGCCTCACTGGCAGTCAGTACCGGCTCTGTCATCTCTCCCTCACGTACCGTCATTTCCGCAGCCGCGTCGGCCAGCCGACCCGCACCAGCGTCTCGTCAGGATCGCTGACGGAAAACTCATACATACCCCACGGCTTGTCCTCCGGCTGCTTCTTCGCCTCCAGAATCCTGTCGGCCAGCCGTAATGCCAGCTCATCGACATCGGGAGTGTAGAGGTAAAGCCCAAATGGATTACGACCCGGAATAAGCCATCCCTTCACGGCGTCGACCAGATGCAGATGACCGCCCTTGCCGTCGCTCAGGATGCGATACGTCGATTCAAAATCACTCGAACCATCCGCCCGCGCAAAACCAAGCTTCCGGTAGAACGCCTCCGAGGCATTCAGGTCGTTGCAGGGCAGAATCGCCGTAAGGCCATGCTGTGGGTCCATCCATCCCCCTTTACATCATCTGCTGAGAGCGCGGTGCCCGATGTCCCGTCGGTACTGCATTCCCTCAAACGAGATCTCCTCCAGCCGCCGGTAGATGCGCTTGAGCGCATCCTCGAGATCGTCCGACTCCGCCGAGACCGCCAGCACGCGCCCGCCCGCCGTCACCGCTTGCCCGTCCTTGAGCGCAGTTCCTGCATGGAAGACGATCACGCCGTCGCGGTCGTCCCCATCGAGCCCGCTGATGGGCAGGCCGCTGGCGTACTTGCCGGGATAGCCTCCGCTGGCAGCGATCACCGTCGCGCTCGCGCCCGGCTTCAGCCGGATCGCCAGCTCATTGGCGTTGCCGTCGATGGAGGCATTGAAGAGATCGAGGATGTCGGTCTCCAGGCGAAGCACGATGGCCTCGGTCTCAGGATCGCCCCAGCGCGTGTTGAACTCCAGCACCATAGGTCCGCGGGGGCTCATCATCAAGCCGATGAAGAGAATGCCCTTGAAGGGAGATCCCTCCGACGCCATTCCATCGACCACCTTCTGGGCGACGTTGTGCGTGATCCATTGGCGCATGGCAGGCGTCAGCAGGCCATCGGTTGAGTAG
NZ_CP048114.1_gap76	3215421	3220126	4705	CACCACCGCCACCGATCTCGTCCTCACCGTCACCGAGGCCCTGCGCAAGCTCGGCGTCGTCGGCAAGTTTGTCGAGTTCTACGGGCCCGGCGTGTCGGAGCTTCCGCTGGCCGACCGCGCCACCATCGCCAACATGGCCCCCGAGTACGGCGCAACCTGCGGCATCTTCCCGGTCGACAAGGAGACGCTGAACTACCTGCGCCTGACCGGCCGCAGCGCCGAGCAGATCGCCCTCGTCGAGGCGTACTACAAGGAACAGGGCATGTTCCATACCGCCGACGCCGCCGAGGCCGAGTACTCCGCGACCATCGCGCTCGATCTCTCTACCGTCGAGCCCTCCGTTGCCGGACCCAAGCGCCCGCAGGACCGCGTTCTCCTCTCCGAGGCCGGTCCCAGCTTCCAGAAGCAGCTTCCTTCGCTGCTCGGCCCCAACGCCAACGGAAATGAGGTCCGTCAGGTCCTCCGCTGGGAGGGTGAGGGCGGACACGCCTCGCTGAACGGCAACCCGGAGAGCAGCAAGGGCGCGCCCGATACCGCCGTCGCCGTGCTCGAAGCCCCCAGCGTCACCGTCAAGGACCGCTACGGCATCGATCCGGAGCCTTACCTCGATCACGGTTCCATCGTGATTGCGGCCATCACCTCCTGCACCAACACGTCGAACCCCTACGTCATGCTCGCTGCCGGCCTGCTGGCCAAAAAAGCTGTCGAGAAGGGACTCTCGACTCCTCCGTGGGTCAAGACCTCGCTCGCTCCCGGCTCGCGCGTCGTCACCGACTACTACGCCAAGGCCGGCCTCCAGACCTATCTCGACAAACTCGGCTTCCAGACCGTCGGCTATGGCTGCACCACCTGCATCGGCAACTCCGGCCCGCTGCCCTCGGATGTCTCAAAGGCCATCGAGGACCACGGCCTGGTCGCTGTCTCCGTGCTCTCCGGGAATCGCAACTTCGAAGGCCGCATCTCCCCCGACGTTCGCGCCAACTACCTGATGAGCCCTCCGCTGGTGGTGGCTTACGCTCTTGCCGGTCACATCGGCCACAACTTCGAGACCGACGCTCTCGGCAAGGACAAGAACGGCAACCCCGTCTACCTGCGCGACATCTGGCCCACCCAGCAGGAGGTCTCCGAGGTCGTCGCCGCCTCGATCGACTCCCACATGTTCGAAGAGGAGTACAGCCGCGTCACCCAGGGCGACCAGAACTGGCGCGGCCTGAAGTTCCCCGAGGGCAAGACCTACGGATGGGAGCCCGACTCGACCTACATCCGCAAGGCGCCCTACTTCGACGGCATGAAGGCCCAGCCCGATGCAGTCGATGACATCGCCGGCGCCCGCGTCCTCGCCGTGCTCGGCGACTCCGTCACCACCGACCACATCTCGCCCGCAGGCTCCATCAAGCTCAACGGACCTGCAGGCAAGTACCTCACCGACAACGGCGTCAAGCCCGCGGACTTCAACTCCTACGGCTCGCGTCGCGGCAACCACGAGGTCATGGTGCGCGGAACCTTCGCCAACGTACGGCTGCGGAACAAGCTCGCGCCAGGAACCGAGGGCGGAGTCACGCGCCTGCTCCCGGACGATGTGCCGATGTCGATCTACGACGCCTCGGTCGCCTACGCGCAGCGCAACACGCCGCTCGCCATCCTCGCGGGCAAGGAGTACGGCTCCGGTTCCTCCAGAGACTGGGCCGCCAAGGGACCCCGACTGCTGGGCATCCGCTTCGTCATCGCCGAGAGCTACGAGCGCATCCACCGCTCCAACCTCGTCGGTATGGGAATCCTGCCGCTGCAGTTCCTTCCCGGTCAGAACGTCGAGTCGCTCCACCTGACGGGCGAGGAGGTCTTCCGCGTCGGCCAACCCGGCGAGCTGAAGGCGATGCTCGACTCGAAGTTCGCTAACGGCCGGGTTATCAGCGTCTTCGCCGAGTCAGATCTGGGCAAGACCACGGAGTTCTCCGCAACCGTCCGGATTGACACCCCGCAGGAGATCCTCTACTACCAGAACGGCGGCATCCTGCAGTACGTTCTGCGCCAGCTTGCGGCGAAGAACTAAGCAGCTTCAATGAAATAGAAGATTCACTGAAATAGAAAGGGCCCGGCTGATGGTTAGCCGGGCCCTTTTTTCGTTCACCTCATGGAGTGTCCTTTGGTCGGGCGGTGCAACTATCGCCTCTTCAGTGTCATTCCGAGCGAGCGCAGCGGAGTCGAGGAACCCCCGCATTTTCGCGATGCTTGTCCTGCAAGTGACCTCACGTGAAGTATCGGGCTGTGCGAACAGATGAAAATGCGGGAGTCTCTCCACTACGGCCCTGCGGGCCTTCGGTCGAGATGACACTTTCATGGAAAGATCTGCGTTTCCCGAAGATGAAGCGTCGCTTCGCGACCCTACACGTTAAATTTGAAGAACAGAATATCCCCGTCCTTCACCACGTACTCCTTGCCTTCGGACCGCAGCAGGCCCTTCTCCTTCACCGCCTGCTCGCTGCCGTACTTGAACAAATCCTCGCAGGAGTAGCAATCCGCCTTGATAAATCCACGCTCAAAGTCAGAGTGAATCACGCCTGCCGCTCCGGGAGCCTTGGTTCCCCGGCGAATCGTCCAGGCACGAACCTCCTGCACACCCGAGGTGAAGTACGTGATCAGGTCCAGCAGCCGGTACGCCGAATGAATCAGGCGGTTCAGCCCCGGCTCCTTCAGCCCGACAGACTCCAGAAACTCGGTGCGCTCCCCCGGATCCAACTGCGCGATCTCGCTCTCCAGCGCACCGCAGATGCGCACGACCTGCGCACCCTCTTCCGCGGCACGTTTTTCCACGGCTTCCGTGTAGGCGTTGCCGGTTGTGAGGGCAGCCTCATCCACGTTGGCGACGTAAAGCTGAGGCTTCGCTGTAATCAGAAACAGCTCGCGGGCGGCTGTGCGCTCGTCATCGGTCAGGTCGGCTGTGCGCGCAGGCTTTCCGGCCTCGAGTACTGCCTTCAGCTTCGCTACCGCCGAGGCCTCCGACTTGATCTTCGCGTCCTGGGTGTTCCGCGCCAGCTTTTCCACGCGCTGCGCCCGCTTTTCCACCGTGTCCAGATCGGCCAGCAGCAGCTCGGTGTTGATGATGTCCATATCGTGCAAGGGATTGACGCCTCCCGCAACGTGGACGACCTCAGGATCGTCGAAGCAGCGGACCACGTGGCAGATCGCGTCCGTCGCGCGAATGTGGCCCAGGAACTGGTTGCCGAGACCCTCGCCCTTGCTCGCACCCTCCACCAGTCCGGCGATGTCGATAAACTCCATCGTCGTCGGGACGGTTCGGTTGGGAACCACCAGTTTGGTGATCTGGTCCAGTCGTTCGTCCGGCACCGTCACGGTCCCGGTGTTCGGGTCGATGGTGCAGAAGGGATAGTTGGCCGCCTGGGCCTTGGCCGAGGTCAGGGCGTTGAAGATGGTGGACTTGCCCACGTTGGGCAGGCCGACGATTCCGCAGTTCAATGGCAAAAGGATTTCCTCTATTTCGTCGAGCCGGGCTTTCGCTCGGAAGATTTCGCTCGAAAAAAGCTGTCTCTTACAGAATAGTCGATGCGTTGCGCCTGCGGGCCGGCCCGGAACGACGCTCGCTGCGCTGCTCACGGAACCGTCGCGCCTTGGTGCGATTTCCGCAGATCTTCATATCGCACCAGCGCCGCGTGTGGTTGCGGCTCAGGTCCAGAAACAGCCAGCGGCACTCCGCATTGGCGCACGCCCGGATCGAGCCTGCGGACTCGGAGGTCAGCAGCGCGGCCGTGGCCTCCGCCAACAGCCACACCGGCAGCAAAGCATCGTTTTCTGCAGGCCAGATCGACCGGATTCCCTTCGAGCTCCAACGCAGCGCGCGATGCGACTGCGCCACGTGCAGATGCCGATCGAGCTTCAGCAGCGCCTCCACGGGAGGCTCAAGATGCTCGAGCATGGCGTAGATCAGCTGCGCCAGACTCTCCCGCAGGTCGCGGGCCTGCTGCAGCGCGCGGGCTGCGGCGGCTCCGTCTGCCTTGCGCAGGGCCCTCGCCTGCCGCTGGCTCAACACATCGCTCTGCTCGGCGAAGCGCAAAAGATCTTCATAGGAGTTCAGCAGTTCTTCTGCGCCGGAGTCGCGAAACCTCCAGTCGAGCGTGTTAACCAGATCGAGCGCAGGGTGGCCGGCAACAAGTTGGAAGGATCTCGTCACAATCGTGTGGATAACCTCCAAAACCATGTTTACAGGTTATGCGGAGCTTCGTAAAGTAGTAACCACCTATGACGACTACGGTGGTTAGCAGAGATCGCCTGGACCGGGGCCGGAATCTGGACCCGCGCGTGATCTTCGCCTTCCTGGCCATCTACCTGCTATGGGGAACGACCTTCTTCGCGATCCGTATTGCGGTGCATGAGATTCCGCCGCTGTTTGCTGCGGGCGTGCGGATGTTTCTGGCCGGTGTCATTTTGCTGGCCTTCATGGGGATGCGCGGTGCGGCGCGGCCCACCCGGCTCGAGTGGCGAAATCTCGCGCTGATGGGCTCGCTGATGTTTGTGATCGACTATGGCGCGCTCTTCTGGGCCGAGAGATACATCCCTTCGGGAATTGCGGCGGTGCTCTCGGCGACCGTTCCGCTGATGACCATTGCGTTTGAGATCTTTGTCTTCCGTCTGCAACCGTTTCGATGGGGCTTGATTGCAGCGGTACTGCTCGGTTTCGCCGGGGTTGGAA
NZ_CP048114.1_gap77	3225392	3226864	1472	ATCCTGTCCAGCGGCGGCACCGGAGCCATGGAGGCTTCGGTCTCGAACCTGACCTCGCCGGGAGACCGCGTCCTGGTGCTGACAGCCGGGAAGTTCGGAGAGCGCTGGAGCGCCCTGACCAAGGCCTTCGGGTGCCACGTCGATGTGGTCGAGAAGCCCTACGGGCAGACCTTCACGCTGGATGAGGTAAAGGCCGCGCTGAAGCTCGAGACCCGCGCCGTGTTTGTGCAGGCCACCGAGTCTTCGACCGGCGTCCGGCATGACATCAAGGGCATCGCCGAGCTGCTGAAGTCGCAGAACTCCGAAGCGCTGCTGATCGTCGACGCGATCACCGGCCTCGGTACGACGCACCTCGACATGGACGCATGGGGCGTCGATGTGCTGATCGGCGGATCGCAGAAGGCCGTGATGATTCCTCCCGGACTGAGCTACCTGGCGATCAGCCAGCGCGCCTGGGACCGCATGGAGTCCACCTACAATCCGCGCTATTACTTCGACCTGCGCAAGGAGCGCAAGAACGCCGCCAAGGGTGAGAGCGCCTATACGCCTTCGGTCGCGCTGATCGCCGCGCTGGGTGCTTCCCTGGACTATCTCGCCGCACAGGCCGACGGCAGTGTGGCCGAGGGTCGCAAAAAGCTGGTGGACAATGCCGAGACCTGCGCCGCGATGACTCGCGCCGCAGCCAAGGCGCTGGGCTTCAAGCTGTTCGCTCCTGAGGGTTACGAGGCAGCGGCCGCGACGGCCATCCTGGCTCCTGAAGGCACCGACTCCGGAACACTGGTGAAGGGCCTGAAGTCACAGTTCGCCGCGATCGTCACCGACGGCCAGGGCGACATGAAGGGCTCGCTCTTCCGCATCGCTCACATCGGCTTCTTCGACTACATGGACACCATTGCGATCATCGGCGCGCTGGAGCAGGTCATCGCCAAGGTGAAGACGCCGCTTCCGAACTTCGAGTTCGGCAAGGGGCTTATCGCTGCGCAGAAGACCTTTGTCGAGCTGACCTCGAAGTAAGCACGGTCGATCCTGCTGATGAAGCAAACGATCCTCAAAATCGCTGCTCCTCTGCTTGCGGCCGCCGCCATCACCCTGATGGCCGGCTGCCGCAAGCCGGAGATGCAGCGCTGTGTGGATCAGCAGAACGTCGTGGTGGATGACGACCTCTGCCATGCCGTGGGAGAGCAGCGTATCCTGGGCAAGAAGCCCGAGCCCAGATCCTCGTACCGCTACTACTACGGCGGAACCGGAAGCACTGCGCCGGGAACCGTAGCCACCGGCGGAAGCCTTATGCGCGAGCGCGACCATACCTACGCGGTCGCCGGCCGGGAGCACCGGCGCCTGGAGGTGGTAGTGCCAGTCGCCGTCTTTACGACAGCAGGGGTAATCTTCTTTTTCTTCTGGGAAGGCCGTCGTAAGCGGACGTAATCTCCTGTCGCTGCCGCCGATTCTGGCGACCTCAGCCACCATCCTGA
NZ_CP048114.1_gap78	3316531	3317115	584	GACGCGCAGAGCGAGACCATCGGTTTTCGCGATGCGCGGATCGACCGGCTCAGCAACTCGCGCGAGCTCAACTTCCTGCTGGAACCGTTTCTGGAGCATCAGCTCCCGCAGCAGCTCAAGGTCAATGCCGCCACGCTGATGCGTCAGCTTCTCACCAAATCCGCCGAGACCACCGGCTATGCCATCACGCTCGATAACCTGAAGATCCATTCCATGATCGTTCAAAACAATCTGCTGGTCCTCGATGTCGACACCATCCTGAGCGTGCGCTGATACGTCGAGACAGGATCGCAGTCTAGGTCGTATCCTCATCGATCTGCACTCCGATCACACTTGTCCCAACGATGCCATCCTGTCGGTTGCGCAGGATAGGGCCGTGGCCAGGAGATACATTCCTGAGTGGCCCAGAAGATCCATTCCATCGTAGTTAGGAGATACAGTGCTTCGCCGTCGCGTGAAGTGTCATCCTGAGCGAAGCGCGCCAGCGCGAAGTCGAAGGATGACACCTCCGGAAAGGCTGCTAAAGAAACTGCCCTGGTGATTCTCCCAGCCAAAGCGAGATAGCTGGCAGTCTAGTGTTGCGC
NZ_CP048114.1_gap79	3318375	3320487	2112	TCTGATCGCAGATAGTTTCCTCGGAGATGCTGATTGGGATGATGCCTCGCGGGCGTATCCACATAGAGCTGCTTTCCGTGGTGTCATCCTGAGCGGAGCGCGTCAGCGCAGAGTCGAAGGATCTGCGGTGCGGGATCCGTAGTGGGCCGCAAACAGACCGCAGATCCTTCGACTGCGCTTCCCGCGATAAGGCCGCGTGAAGCTTCGCTCAGGATGACACCTTCCTGGAGAAGCCCCGCAGTGGGTTCTCCGAATCGACTGCCATCGTGCATTTTCGGGCGACCGTGATCGGACTCCAGGGATAGGTGGATACCCAGGCTCCCTGCCTGCTGCAAAGCCCACCTTAGCTTCGCGAAGGTGGGGCAACCGGTTTCGGGTCTGCGTGGGGAACATGCTTCTGCCCATAGGGACACAGCTTCAGCAGCGGGCACTCGGGACACTTCGGCTCTGAGAAGGTGCATATCTTCTGTCCAAGCTGCTTGATCAGTTGATGGTGCTCGTCGAGCATCTCGGCAGTCCATGTCTCCGGGACCATCCGCATTAGGCGCTCTTCGGTCGTTGCTGCATCCGCTCTCGGAGTCAGACCCAGCCGTTGGGTCACGCGCAGGTGATGCGAATCGACGCATAAGGCCTTGCGCCGCAGCGTCGAAAAGTTGACCACCGCCGCACTCGTCTTCGGACCTACGCCGGGAAACTGCTCCAGCCAGGCGCGAATCTTGTCGGTGCGATAGCGTGCCAGGAAGTCCAGCGTCAGACTTCCGTATCGCAGGGTGATGCTTTCGAGCGCAGCCTTCAACTGAACCGCCTTCTGCTCCGGGAACGAGACATCGCGGATTGCGTCCTCGATCTCGGATACCTGAGCGTCGCGCAGGTTCTCCCAGGTTCCAAACCGCGCGCGAAGCTGGCGGACCACCTGGTAGGTCATCTCCGTCTTCGTCCGCGAAGAGAGCAGCGAGTAGATGAACTGCGATAGCGGATCCCAGGGCTCGCGAGGCTTCTGCTCACCAAAGTAGCTGAGAAGCAGGCGATGAATATGTGCGAGCCGGTCGTCCGGTTCAGTGTGATTTTGGAAGAGGGAAGCCATCATTACGTCTGTATTAAGCTTACGCGGAGAATGTCCATCCCTTCGGTAAAGGCGAGAGGACGCTTTTTGGTGGTGGATGCAGAAGACGTGGTCCCATTCGAGCAGACAGTGCCCATTCGACCATAAACCGGGTGCCCCATCTTCGCGGCGAAGCCGCTAAGGTGGGTTTGCAGAATACCTCCCGAGGCATTCCTGGCCTACCGGCACAATACAGGGACTCTTCGCCTGCGGCTTAGAATGACGGACTGGGTTTGCTTCGGAGAAAGACGATGCTACTGGCGGACTGTGGCCTCTACGCCAGCGGGCGCCAGCTTGCGGCGCTCCGTCTCCAGGTAGGTGTAGCGGATGCGGTGAATGACCGTAATGGTCGAGAAGATGGCCAGCACCCATAGCGCTGCCGCCATCACGCCCCAGCGGTTGCAGAGCGCGCCCAGGATGACGCAGACGATGCGCTCCGGGCGTTCCATGAAGCCGACCTTGCAGCTTCCGATCAGCGCCTCGGCGCGGGCGCGGGTATAGCTGACCATCAGGCAGGCGGTCATCACAAAGGCCACCAGGCCCACGTAGAAGAGACGGTTGCCACGAGCGTAGTAGACCAGCAGGCCGAAGAAGATGGCGACGTCGGAGTAGCGGTCGATCACCGAGTCGAAGAAGGCCCCGAAGACGGAGACCTGGTTGGTCTGCCGGGCCACGCGGCCGTCCACCATGTCGAAGATGCCGGCGCCGATGATGGTCAGGCCGGCATAGAGGAACATGCGGTCGGCGTGCGGGCCGCGGGCAAATCCGAAGAACAGCGCGGCAACAATATTAATGATCAGGCCGATGAAGGTCAGGGTGTTCGGAGAGATACGGGACAGCGCCAGACCGTTTACGATCTTCTGCAACAGCCAGCCGCTGCCTTTCCCAAATGCGCCCGTCCAGGTCAACCTTATCCTCGTGCCAGTTCGATCTATCTATATCCATGCGGCGCGAAACCGCTGGGTTTTTCTCTACTCCGCCGCCGTATCGTGAATGGTGGTCAACTTCAG
NZ_CP048114.1_gap80	3331583	3334015	2432	ATCCTCAGCCTGCAGCGGCTCCAGCACCAGGATTATCACTTCGAGACGCACGGCAGGCTGATCGCGTTTATCGATCTTCAGGCAGCGGGCTATCGTTACGACCAGCTCGACAATCTCTACCGCCAGCTGGACCAGGCGTTCGCCGCTGTGCCCAGTCTGCATGATGCGGCTTACGCAACGTACAGTCCTATGTCCTACAACAACTGGAGTCAAGGCGTGGCGATCAACGGCGGCGATCCGAACGCAAAGTTCAATGCAAGCTATTCCGCAGTCTCACCGCGGTTCTTCGACGCAGTGGGAACCCGCGTTCTCGATGGCCGCACCTTCACCGATGAGGACACCTCCACCAGCCGTCACGTCGCCGTCGTCAACCGGATGTTCGTGAACAAGTTCCTCAACGGCAAGCAGCCCATCGGCGTCCTCTTCGGTCCCGACCGGCGCGTATCGACCGAGTTCGAGATCGTCGGCGTCGTCGACGACTCCAAGTATGGCGACCCCTCGAAGCCGACCCGTCCCATGTTCTTCACGCCGATGTCGCAGACGACGGACTATCAGCACGTCAACGCTCCGCAGACGATCCGCGACCAGGCGACGAAGAATGAGCAGTACAAGCACTTCGCCTCAAACATCGTCGTTCGCTACGACGGCGATGCCGGAGCGGCCATGGCGGCCGTGCGCCGCGTGCTCCAGCAGGTCGACGCCGATATTCCCATTCGTTCCCTGACCACCTACGACGAACAGGTTGGCAACTACTATACCCAGCAGACGCTGGTCGTCCGGCTGACCATCATCTTCGGCGTCCTTGCGCTGCTGCTCGCCTCCATCGGGCTGTACGGCGTCACCGCGTATGGAGTCGCAAGGCGCGTCCCCGAGATCGGGCTGCGCATGGCCCTGGGCGCAGACCGCGGAGACGTCGTTCGCCTCATCCTGCGGGGAGCCGCCATGCAGACTGGAATCGGCCTGCTGCTGGGAATTCCCGCAGCGCTGCTGGCAGGACACTACCTCCAATCGCAGCTCTACCAGATGAGCGGTTACAGCCCCGCCATCCTGATTGGAGCCTGCGCCGTGCTCGCATTGAGCTCGCTGATAGCAGGAGCCATGCCCGCGCGCAGAGCCTCGCGCGTCGATCCCATGCAGGCCCTGCGAACGGAGTGAGTGCCACAATAGACCCCATTCACCCACATGCAACGCATGACCTGGGGTGTATCCGCGCATAGAGAGATGTTTTCCGTGGGTGTCATCCTGAGTGGAGCGCGTCAGCGCGGAGTCGAAGAGCCTGCCCTGAGCGAAGTCGAACGGGATCTGCGGTTTGGGATGGTGACTGAGCCAACGAACCGCAGATCCTTCGACTCCGCTTCCGGCGATAAGACCGCGAGAGGCAACGGCTTCAGGACACAGCGTATGGGTATTGCTTAAGCGCGCTGCGTATGGGTATTGCTCAAGGGCGCTGCGTATGGGTATTGCTTAAGGGCACGGCTTCAGCCGTGCCGATGAATCGCCATCTGGATTGCGGCTTTAGCCGCTGAGGCCAACGCCAGCCGCAAAGAAGAGCTCGAGTAAGCACCTCCGATAAAAAAGCAAATTTACTTCTGCATCCCTGACAGAAAAGCGCGCTGCACACGGTTGAAGCTGCGACCGCGCAGCACGGCGGCGACAACCGTGCGCGTTGCCCGCACGTCGCTAAGACGGATGTAGCGACAGCCGGCGTTGCGGTCGACGGCCATCTCAGGCGCGAGCGAGATGCCGACACCAGCGGCCACCATCCCGAAGAGGCTGCTGAACTGTCCGCTCTCAAAGGCAATGTTGGGCGTGATCCGGGCGCGGGCGCAGGTGGCGAGACTGAGATCGCGGAAGCAGTGGCCGTCCCGCAGCATCACAAAGGGCTCGCCGCGCAGGTCACGCAGGGAGAGCGATGCAGCGCCGGCGAGCCGATGCTCCTTGGGCAGCACGGCAAAGAGCGGTTCGGTCCTGAGAGGGAACAGCTCCAGGTCTTTGTGACGCAGCGGAAGTGCGAGGATGGCGATGTCAATGGACAGCTCGCGCAGGCTCTCGATGAGCACCGGGGTTACGTCTTCGACGATGCGCAGCTTTGCGTCGGGGAATCGCTTCGCAAAGCTGGTCGTATACCGAGGCACCAGGTAGGGCGAGATGGTAGGGATGACACCGAGGGATACGCTGCCGCGCACGTCGGCGTTCTTCTGCGCCACGCTCGACCGCGCCGTCTCCATCTGCTCCAGGATGGAGCGGGCGTGCGGAATAAAGGCGCGACCCGCCTCGGTAAGGCGGACGCTGCGGCCCAGCCGGTCAAAGAGCTTTGCTCCCAGGTTCTCCTCGAGTTTGAGAACCTGTTGCGACAGAGATGGTTGCGCAATCTGGCAGCGCTCGGCAGCGCGGCTGAAGCTGCCGGTCTCGGCCACGGCGCAGACGTAACG
NZ_CP048114.1_gap81	3341052	3342858	1806	GAGAGCCTATTTACCGGCAGGCACCTTGGAGATCCCCTGCCGGATACCCTGCTCGATCTGGGTTCCGGGGCTGGGTTTCCCGGGATTCCGATCGCCCTGCTGCATCCTTCGATCGCTGTAACTCTGGCGGAGTCACAGAACAAGAAGGCGACCTTTCTCCGGGAGGTCGTTCGTACTTTGGGGCTCAAAAACATCGAGGTCTGGGGTGGACGGGCCGAAGACCTTCCGGCAGACAGGACCTTCCACACGGTTACCCTGCGGGCCGTGGACCATATGGCGGCTGCGCTGGACGCAGCGGTCTCGCGGGCCGCGCAACAGATCCTCCTGCTTGCAACTGGGGCTTCGGAGATTCTCGGAGGGCTCAGCCTCCAGGAGAAAATTCCGCTTCCAGAGAGCCACGGCAGTTTTCTCCTGAGGTTTGGGGTAGCCAGTGTTCCACGTGGAACACTTTAGGAGCTGGTCCGGGTATGTTCCACGTGGAACACTCCAGGATTATCGGACTATCTCTCTACTGATTGCATGGACCCCCTAATTTTCCGCGTGTCGTTCTGAGCGGAGCGCGTCAGCGCGTAAAGCCTGCCCTGAGCGAAGTCGAGGGATGAATCTGCGGTATGGAGTAGTCGCCGAGACGAGCAAACCGCAGATCCTTCGACTACGCTTCTCGCGATAAGGCCGCGAGAGCTCCGCCCAGGATGACACATTCAAGGGTTATCGGAGCCTGAATCGACCTGCAACGAGGCGACGGGATGGACCCTCTTGCCCTAATGAGACCTTCAGGGATCGTCGTCAAGGTTCCACGTGGAACATACAGTGAGGGAAGCCCGCCCAGGACTGTTCCACGTGGAACAATGCAGTCGTGTTCGGCCTCTTTTAATGAGGGTAGCTGCCACCCTACCGTGTCATTCCGAGCGAAGCGCAGCGAAGTCGAGGAACCCCCGCATTTTTGCGCTGCTGATCAGGATCGTTTGCCCTATTTGAGACAGATGCTTGTGCGGGCAGGGGAAAATGTGGGGTCTCTCCGCTACGGCCCTTCGGGCCTCGGTCGAGATGACACTTCTGACGGAGAACGGGAGAATGGACAACGGAGAGTGTCTTCGGGAGGTGTCGACGAAGGCGACCCTGCAGCACGATTTCCACATTCGCTGCCCCGAAACTCCTGCATTTTGCTCGGATTTCCCGTCTTCCACACGTTCTCCACAGGAAGAGGCGGTTCTGCACAACGCCAGAGGATTGCTCTTCCGTTCCCCCGCCGGTAACCTTTTGTTATTGCAATGACCACCCTTCCTTCTTCTCCAAAGACGACGACCGTAGAACCCCTTGTGGGTTCGGGAGCAAGTTCCAGCGCCACCAGTACGACGGTAGACCCGAAGACCGAGGCGGCGGCGAAGGCGTGCCGTGTGATCGCCATCGTGAACCAGAAGGGTGGCGTGGGAAAGACGACGACCGCGATCAATCTGGCGGCCTCCTTCGCGCTGGAGGGGATTCCCACGCTGCTGATCGACTGCGATCCGCAGGCTAACTCCTCGGGAGGGCTGGGCGTGGCCCGGCAGACGGATGAGGACGAACACCGCAACAGCACCTACGACCTTCTGCTGGGGGATGCCACGGTCGCCGAGAGCGTGCTTCCGACCGAGATCGAGAACCTGAAGCTGGTTCCTTCGAGTAAAAACCTGGTGGGAGCGACGATTGAGCTGATCTCGGCGGACCGCCGCGAGTACCGGCTGCGGGAGGCTCTGGCCCCGGTGCGAGCGCAGTTTCCTTTCATTCTGCTGGATTGCCCCCCGGCGCTGGATCTATTGACCCTGA
NZ_CP048114.1_gap82	3388381	3390353	1972	CGCCGCCGCTCTGCTGTTCCTCCTCGGGTTCCACAATGCGCCCGCACAGGCGCCCTCTCCCGATCGAGTCATCGTCGATACCGACATCGGCGACGACATCGATGACGCCTTCGCCGTCTCCCTCGCGCTCACCAGCCCGGAGATCTCTCTCGCCGGCATCTCGTCGTCCTGGGGGGATACCGCACTGCGCGCGCGCATGATCGACCGCATGCTCTGCGAGACCGGCCGCGACTCCATCGCGGTCAACGCCGGCGTCCCGACCCGCACGACCACCACCTTCTCGCAGGCCCCCTGGGCGCGCGCAGGCATCGCGCGGACTCACGGGGACGCCATCGCCTTTCTCCTCGACCAGATTCGCACACATCCCCACCAGCTCACCCTGCTCGCTCTCGGCCCGCTCACCAATCTTGGAGCCGCCATCGACCGCGACCCCGCGACCTTCCGCCAGCTCCGGCGCGTCGTCCTGATGGGAGGCTCCGTCCATCGCGGCTATGGCGTTTCCAACGCGCCGCCCGAGCCCGAGTACAACATCGCACGCGATCCCGCCGCCGCGCAGAAGCTCTTCCGCTCCGGCGTTCCGATCTTCATGCTTCCGCTGGACTCCACCCAGCTCAAGTTCGACGAGGCAAAGCGTTCGCAGCTTGCCTCCGTCAGCACGCCGCTCACCGACAGCCTTGAGGTGCTGATCGCCGAGTGGAGCCGCAGCTCCCACACTCCGACCCCGACTCTCTTCGACGTCGTTGCTGCAGCCTACGCCATCTCGCCCGAGACCTGCCCGATGACCCCGCTCCACATCGAGGTCGACGACAAGGGGATGACCCTGCCCACCGAAGGATCGCCCAATGCCCAGGTCTGCCTCCAGCCGCACCCCGAGGCACTGTTCCACCTGCTGATGCCGCGCCTGCTCCACCAGCACATGACCGGCAACAAGGTCTGCGTCGCGCGCTCAGTCGACTAACGCTGAGCGCTAGTGCATGAAGCAGGGGCCCCGCTGATCGTTCTAGCAAATTTCAATGGTGCCATCCTGAGCGCAGCGCAGCGAAGTCGAAGGATCTGCGGTCCTCTTACAGCTCTCCAAATTCTTCCGAGCGTATCAACGCAGATGCACGATAGCCACACATCCGGGTGCCCCATCTTCGACCGCACAGCGGGCTAAGGTGGGTTTTGCAGGATCTCCACCAACAGTCCAGCTCCACTCCCTGACGCGCTTACCCCTTCGCCATCTCCTCCAGCAGCGCCACCGCCATCGCGTTCGCCGGTGTAGGAATGCCATGCGCGCGGCCCTTGCGCACAATCGCTCCATTGCGCGCTGCCGTCTCCATCGGGCGGCCCGCCAGCCGGTCCGCGTGCAGCGAGTTGATCGAGTCGGGATTTCCCCTGCGGCACGCCGCCAGCACCTCTTCCGCGAACCCGTCCGGCAGCTCAGCTCCCTCGGCTCTCCCCACGGCAATGCACTCGCGCAGCATCTCCAGCGCGACCTCGCCGATGGCCTCCTCGCGGAAACCCCCGCGGGCTTCAGCAGCAGCGCAGGCAATGCTCCCACGGCGTTGGAGCACAGCTTCTTCCATGCCACGGTCGTCCAGTCCTCAACGGCGGCTGCGTCCACCTCGGCGCCTGCGAACAGCTCTACAAACTCCCGTCCCAGCAGGGATTCCGGAACCCGCAGACTCATCGGACCGCGCTGCAGAATACGGTCGCCTTCGGCGGAGGTGCTTCGCTCCGCCGGGCAGTCCACAATCACCGGAACGATCCTCTCCTTCGCGATGTACGGCGCAAACCGTTCGCGATGCTCCACGCCGTTCTGCAGGACCGCCACCGGAGCACCCGCCGCACATAGACCATCCAGCCATCGCGCCGAAGCCTCGGCATCGTACGTCTTGGTCGCAATCAGCACCCAGTCGACCGGCTTTGCCTGCTGCGGATCAAGCAGAATCTCCGCCTCGATCCTCCGGCTGCCCGCGGCCGCTTCCAC
NZ_CP048114.1_gap83	3489968	3492207	2239	GTCGAGCTGTCGGACGAGGTGGTGGAGACCTCGGTTCCGTCGTACAGCTTTCGGGGCTTTTCCGATCATCAGCTCCGCTGGGCGCGCTCGACGCGCGATTCCCGCAAGCTGGGATACGTGGGGCTGGGGATAACGTTCTGTCTGCCGTGGGCTATCTTTGCCTGTGTCTCCAGCGGCTTTGCGCTGTGGAGCTTCACGCTGCTGAGCCTGGCCCTGCTGGCCCGCGTCTCGGTGGCGCTGTCGGTCGGGGTGGGTGTGCTGCATGACGGACAGGTGCTGCGCGATCTCTGGCTGCTGCCGCTGCGCGACCTGCTCGCCTTCGGGTTCTGGCTGTGGAGCTTTGCGGGTGACACGGTGGTGTGGCGCGGGGAAGAGTTCCATCTGCAGAAGGGCCGCCTGAGCCGGGTGAACGACGCCGGCTGAGATGGCTGCGTCTGACTCGGGATCAGGGAAGTATCTTCCTGCACTCCGCTTTGCATCTCTCCAGATAAGTTTGATCCGCAAAGGGGCATTCGGGATGGGAAGATCGAGAGGCGAGGCGCGGGAGGACCGCGAGATAGAAGGCGGTTCGGCCGAGCTGAACGCGCTGACAGACGATACGCGTGTAACGGTGCGTCGTCCGGGTAAACCCGATCCGAATGGCAGGTGCGTCGTCTACTGGATGCAACGGGCGCAGCGCGGAAGGGACAATCATGCCGTCGATGTCGCCGTGAAGGCGGCGAATGTGCTGGGGCTGCCGCTAGTGACGTACTTCGCGGCCATCTCCAACTTTCCTCACGCCAATCTTCGTCACTATGCATTTTTGCAGCAGGGCCTGAAGGACATCGAGGAAGACCTGGCGGAGCGCGGGATTGCATTTGTGATGCGCCGGTCGCCGCATGAGTCGCACGAGCACTTGTTCGCCGATGTGGGGGCGGCGATGGTGATTGGCGACGAGAATCCGTTGCGCGAACCGGAACGCTGGCGGCGTGAGCTCGCTTCACGGCTGCGCATTCCGTTTTGGACGGTGGATGCTGATGTCGTCGTGCCCTCGAAGTTGATGGAGCGGGCACAGTACGGCGCATACACGATGCGGCCAAGACTCTACCGCTTGTTGCCGGACTATCTGCAGCCATACGAGAACCTGAAGGCCGAACACGAGTGGAAGAGGCCCAGGGGATTTCACGGCGATGTTCTGGACGAGGACATCACGCGGGGCTGGAGGGATCTGGATCGCAGCGTGCTTCCGGTGAAGGCGTGGACAGGCGGAACGCACGCTGCGCGCAGGCGGCTGCATCACTTTGTCGAGAAGATTCTGCCGGACTATGAGGCATCGCGCAATCGCCCCGAGCAGGATGGAACCTCCTGCCTGTCGCCGTACCTTCACTTTGGCCACATCGGTCCGCTGACAATCGCGCTGGCGGTCGAGGCTGCGGTGAAGAAGCATCCGCGGCTGCATCCGGCGAGGGATGCGTTCTTCAACGAGCTGATCGTTTGGCGTGAGCTGGCGGTGAACTTTGTGCGTTATACGAAGCACTATGACGCAGACGAGTGTGCCGAGCCATGGGCCCGGAAGACCATCGCCGAGCACGCCCGCGATGAGCGCGAATTCACCTACACGCTAAGCCAGCTTGAAGGCGCGAAGACGCACGATCCCCTGTGGAACGCGGCGCAGAGCCAGATGCTGCACCATGGCTGGATGCATAACGTCATGCGGATGTACTGGGCCAAGAAGATCCTGGAGTGGAGTCCGGATATCAGCACCGCCATGCGCCATGCAATCCATCTGAACGATAAGTATTTTCTGGATGGCCGCGACCCGAATGGATATGCGGGGTTGGCATGGGCCATCCTGGGCAAGTTCGACCGCGCATGGAACGAGCGGCCGGTATTCGGCAAGATTCGTTATATGTCGGGAGCTTCGACCGGACGGAAGTTCAACTCCAGGCTATATATGCAGCAGATGGAGATTCTTCCGCGGCAGAAGGGGTTCGATTTCGCGGGCTGATATTCTTAAGTCTTGGCACACTTTCTTATTACCGGCGGAGCGGGCTTTATCGGCTCGCACCTGGTTCACGCGCTGCTTGAGCGAGGCGACCAGGTCAGGGTGCTCGACAACTTCGAGACGGGACTCAGGAAGAATCTGGAGCCTGTGCGCGACAGGATCGAGCTGCATGAGGTGGACCTTGCAGATGCGGACGCGGTTCGCAAGGCGTGCGAGGGCGTGGACTACATCTTCCACGAGGGCGCGCTGCCCAGC
NZ_CP048114.1_gap84	3507100	3509950	2850	GCCTTTGCGCGTCCGCTCGCCGAGATGCACGATGTGCTGACCGCCTGCACGGGCTGCAAATCCGTCCCCGACTTCCGCACCATGATGCTCGCCACAGGGACGCAGTCCAACAGCATGATGCAGGCCGGAGCCACCAGCTCCAGCCACGCCGTTACTCAGCGCGACCCCGCCAAAGAAAACGCCGTCGCCGTCGGCGCCGACTTCGCCGAAAACTTCCTCCTCCAGTACACCGAGGGCCTGCCGACGAATCAGGTCGGCTGGGGCCGCGTCCCCCGTGCAAAGCTCGATGATCTGATGGAGATGAACACCCGTTACCACGACTTTATTCTGCGCACGCCCTACTACGCGCAGGAGGCCGCCGGGCCGATGGCACAGAAGATCAGCCAATGGATGTCTACAGTCGCAGCCGGCCCGAATATTCCGATCAGAACGGGGAGACCTGACGCTCCCGCGGGCGGCGGAGAGAGTCTGCTGTATCTCTCCGCGCACGACGCCAATCTGACCTGGCTGGGCGGCCTGCTCCGCATCGACTGGATCGTCAGCGACGAGACCATCAACGCCACACCTCCGGGCTCGGCGCTTGTCTTTGAGCTCGTGCACAACACCCATACCAATGCCGACACTATCCGGGCCTTCTTCATCGCCCAGACGCTCGACCAGATCCGGAACCTCACCTCGCTCACCGGCGCAGAGAAGCCCTCGATCGCCCCCATCTTTATCCCCGGTTGCAGCGGCTCCGCCCCGGAGTACGCCTGTTCCGTGTCCAGATTCGCGCAGATGGTCGACGAGGCTACACGCCCGCGTTAGATCGAATCAAACCCGCACAGCCACAAAACGGGTGCCCTGCCTTCGCGAAGCTAAAGGTGGGTTTGCAGGATACCAACGAGGCGGTCGTACAATTCATCGCCCATCGTGTGTAATTTTTGCCGTCGCCGTCCGTCAGCCAGAAGCCGTCTCAGTGTTCCATCGCGTGCAGTTTCATGAAGACTCCCCGGACTACCTGGTCGCAGCGGGAGCCCATAAAGGGAAAGGCCGCCTTCCCCTGCGACCCCACCCGTGCATACAGGCGGTCGCGCATCATCGCGTGTCCGCGATGCAGGCGAATTTTGACGTTCTCTTCTGTAAGCTCCAGTGCAGCCGCGGTCTCCGCCGTGCTCAGTTCCTCGATATCCCGCAGCATGATGACACTGCGGTACTGGCCTGGGAGTTCCAGTACCGCCTCCTCCAGAAGCTGGCCAAGCTCCAGCATCGAGGCTCTCTGTTCCGGGTCGAGCGATGGCTCCATCACATTCATCGATTCTTCCTCATCTGCGTCGAACTCCGTGACCTGCTGATTGCGCTGACGTAACTTCAACCGATGCAGGGATTCGTTAATGGCGATGCGCGTCAGCCACGTCGAAAAAGCCGAGCGCCCGGCAAACTGATCCAGGTGTTGATAGGCCCGCACATACGCGTCCTGAATCACATCTTCGGCCTCTGTAGGGTCGCGCAGAATCGAGAGAGCCGCGCGGTAAAGCCGCTGGTTGTAGCGGCGCATGATGATCTCATAGAGGGCTGTATTGCCGGCCTTCACCTGGTCGATCACCTGCAGGTCGGTCCAGCCCTCTGAAGTCGCCTTTTCGAAACTTACCGTCGTCTCCATAATCCTTGTCCACAAAGAGTAATGATCGGGCAAAAGGTTACATCTGTCCTTTCGGATTCGTCTCTCATTACAGAACGGCCCGCGAGCCATGTATCCAATTCGGCGTTCGCCGCTCTCTTGTGCAGAGGGCACAAGCAATGACCCAACCCAAAAGCAGTCCGCGCAATCCTCTCGATCTTGCCTGGTGGACCCTGAAGATCGGGCTTGGTGTCGGACCCATCATCACCGGCATCGACAAATACTTCGATAAGCTCACCGACTGGAGCATGTATCTCAGTCCGCTCGCAACCAGAATCCTGCCCCTCAGCGCAAGCGTCTTCATGAGAACCGTAGGCGTCGTCGAGATTCTCGCGGGCATCGTCGTGCTCAGCCGCTGGACGCGCCTGGGAAGCTACATCGTTATGGCCTGGCTGCTCGCCATCGCCGTCAACTTGTTGACAACAGGTATGTTCTACGACCTCGCCATGCGTGACGTCGAGATCGCTCTCGGAGCCTTTGCACTCGCACAGCTTTCGGCCGTGCGCGAACAAAGTGGATTGCATCCGAATACAGAGACGCCATCGCCGATGCTCACGTCCCGGTAAAGACTTTTCACCTAAACCCGAATGGAGGATGTTATGAAAAAATTGACCTCACTGCTGGCAGTCGCCGCTCTTGCGGCAGCTCCGGCGTTTGCTGCCGCCGAAAGCTACAAGGACGTGCCGGTCGTAGACGTGAACTGTTCCAAGAAGGTCGCTGCCGATCCCGATTCCCACACCCGCGAATGCGCCCTGAAGTGTGCCTCCAGCGGCTACGGCATCGTAACCAGCGACCAGCATTTCGTGAAGTTCGATGCCGCAGGAAACAAGAAGATCACCCAGGAGCTCAAATCTTCCAGCAAGAAGGACCACCTCCGGGTGGATGTTGACGGAACCTTGAAGGGCGATACCCTGCAGGTTTCCTCCGTCAAGCTTCTTTAAAAAGCGGCAAAAGCAAAAAACCGCATAGCACAGTCTCTCTCAAAGGGTTGTGCCTATGCGGTTCTTCTGTTTCATCCAAAACTACTAACCACTCCCATCAATAAGTGCCATCTCAACCGGGGTTCAAAGCAGGGTGGGGCGATTTTTTCAGCCACGGTGAACCTTTCCATCATCGCAACGTATTCCTCTCCTATGGACACTGCAAAGGAAAAAGTAGATACTCCTTTGTAATATCCATAGGAGTATGGG
NZ_CP048114.1_gap85	3552314	3556133	3819	CTGACGGAATTACGGGCATAAGGTCCTCCATGAATCCGTGTCATGCCGAGTTGCACACAAGAGTTTTCACTCAAATGAAAAAAGGGCGGCCGAAGGCACGCCCTTTTCCAAACTTGAGTTCGCTTACAGAACCTGAACGTTCTCAGCCTGCCAGCCCTTGGGGCCACGCACAACGTTGAACTGAACGGCCTGACCTTCCTGGAGCGAACGGAAGCCGTTGGTCTGAATTGCCGAATAGTGAACGAAGACGTCCTCGCCACCCTGACGGCTCAGAAATCCAAAGCCCTTCGCGTCGTTAAACCACTTAACTGTTCCCTGTTCCATTTTCCTTGTTCCTTTGATGCTAAATGTACCGCTGAACGCAATGTGGAGTAGCTTGCGAGCGGTATAACCAGAACAAGCAAGAACCAGATCGGATTCATCGATCAATTCATTCTACCACCTTTTGTGGAAAAACAGCTTTCGAAGGCAGGAAGGCTCAGGTAGTTTTGAACGCTATATCGCGGCGGTTCGCGGATGCCTCGGGGTAGCCGACTGAAACAGGTAGACCGCCAGGATTGTGAGCAGGGGCTCAAAAGGGTGCCGGAAGCGCGCCTGCACGAAGACCGTGTAATAGGGCAGGGGTAGCAGCAGGAAGATCCATGCAATCAGTCCGGAGGCCGGAACGCGGTTCCTGAGGGAAAGGGCCAGGCCCAGCAATCCGGCCAGGCTGATAAAGCTGTAGCTCAGCATTCGGGGAAACTCTACCGCCGGTGGAGCGTCCGAGGGCACGCCCACCCAGAAGAAGTAGATTCGTTTCAGCGTGTTAGCCAGAAAGTGGCCCGGATGCGCCCGCATGTATGCCTTCGCCAGATCGCCCCGCATCTTCGCATAGCGAAGCTCGCCCATCTGTTTATAGAGCTGGAACTGGTCCGTCGCCATATTGGGATGGTCGTAGACCATCACCCAGCCGCGGGATCCCGGGCCGTTGCCCAGATACGTCTCGACCCCCAGGTTGCCGCGGATGGGTACAAAGGCATGAAAGACGCGGTAGTTGCGGATCTCCCACGGCGTCAGGCAGACGATAAAGACGATCGCCGCCAGCACGGCGTTGCGGAGAGCATGGGGTCGATGCCCTGTCCCGATCAGGATCCATAACCCGCAGACCGGCAGAAACAGCAGCAGGGTCGAGGTGGAGAGCGCAATGATCCCCCACAGAAGCCCGAAGAGAAGCCAGGCGCCGGTCTGGCTCTTCGTCCCTGGAGGCGCTTTAGAGCGAGTTGCATTCCGGTTAATCCCTCGCATCCGCAGCGCCAGCACCAGCACCACGGTGAAGAGGAAGGTGGTCAGGGTCATCTCCCACAGCCAGCGGACCGCATACTGCATCGCCGCCGGGTACAGCGCCCACAGCCATCCCGACCACACCGCGTTGGCACGGGAGTAACAGCGATACGCGATCTCCCAGACGCCCATCGCCGTTAACCCCGACAGAAGGCAGTTGAGGAATAGCAGGACCCAGGCCGACAGGTTCGTATAGACGCCGAAGATTTTGAAGACCCCTGCCATCAGCAGCGGATACGCCGGAGGCACCCAAGCAGTCGGCCCGGTCGGACCCAGGAACGATGGCGCAAACGGGTTGGCGTAGCCGTGGCCGGTGGCCAGCGAGCGTGCGATGCGGCCAGCCTCCCAGCCAAACTGAAAGTGGTCCGCGAACGGGCGAATGTGATAGGTGTGGGCCAGCGTCATGTACAGGACGCGAATCAGAAAGGCGACCCAGAACAGACGCCACGGTGCTCGGGGGTCGCCTTCGGCGCGGGCATCTTCTGCTTTCATCCACGTCCACAGGCGTTGGAGCATCGTGATTTCGATTGTAGCTGTCGACGCTGCTTCGAGACAGCGTTTGCGTTCCGTCCCGTCTCCCGGCGATCATCGCAGAAAGACCTCATTCCAAAGGAACAAGCGCGCAATGACCCAGGTGGTACGGCTGAAGGTGAAAAAACTGGTGGAACAGGCAAATCTGCCCCGTTATGCCCACGTGGGCGACTATGGCGACCTGGCGGCGGATCTCTACGCCTCCGAGCAGGTCATCGTCCAGCCCGGCGCGACGGTGGCCGTTCCTACCGGAATCGCCATTGAGTTTCCCTCGACCCACGGAGCCCTGGTCGAAGACCGTTCCGGCCTTGCCCTCAAAGGACTTACCACGCTGGCAGGCGTCATCGACCCTGGCTACCGGGGCGAGATCCGCATCGTCGTCACCAATCTGGGGGCAACCGCGTTCGAGGTAAAAGCCGGCGACCGAATAGCCCAGCTCAGGATCGTCCAGCGTATCGAGGCGGAGTTTGAAGAGGTTACAGAGTTGGGCGAGGCCCGCCGGGGAGCTGGGGGGTTCGGCAGTACAGGGGTTTAGAGGGTCCCAGGAAGGCTCGGCGGAGTCCTGAAGTGTTCCGTGTGGGCTCCGTCCAGGAGGCCTTCCCTTCCAGACAAAGGTGTCATCCTGAGCGAAGCTTCTCGCGGTTTTATCGCGAGAGGCGCAGTCGAAGGATCTGCGGTTCGTTCGCGCAGGGCTAGCATTCCAACCCACAGATCCTTCGACGATGCGCTGACGTTGAAAGGGGACCTGCCATTGCTGCTGCAGGCAGGCCCTCTGTCTGTCCCACGCGGCCCCGTCATGTCACGTACAATTAACCTAGCGAGCCATGGCCAATCTGCAAGCGGAACACCCTACTACGGTACCCTCCCCAGCGACCATTTCCCCGGAGCTGTTAAAGCAGCACAGCATCACCCCGGACGAGTACAAGCGCATCGAAGAGGCCCTCGGCCGTGTCCCCAGCCTTACAGAGCTGGGTATTTTTTCGGTCATGTGGTCGGAGCACTGCTCCTATAAGTCCTCGCGCGTGCACCTCAAGCGCCTGCCCACTCGCGGTGATCGCACCTCCGGTCCCGGCTCGGTGGTGCAGGGACCCGGCGAAAACGCCGGCATTATCGACGTGGGCGACGGATGGGCCTGCGCCTTCAAGATTGAGTCGCACAATCACCCCAGCTATATTGAGCCGCATCAAGGTGCGGCTACGGGAGTTGGCGGCATCCTGCGCGACATCTTCACCATGAACGCCCGTCCGCTGGCCGTCATGGATTCGCTCCGCTTCGGCCCGCTCGATGAGAGCGAGCCCGACGAAGCTCTTCGTCGCAAGAACCACCAGGTCGTCAGCGGAGTCGTCGAGGGCATTGCGAGCTATGGCAACTGCTTCGGTGTTCCCAACCTCGGCGGCGAAACGCGGTTCGAGCCCTGCTACTCCGGCAATCCCCTAGTCAACGCCTTCGCGCTCGGCCTGGTTAAGAAGGATGAGATTTTTTATGCAAAAGCTGTCGGCGTAGGGAACCCGGTCATCTACGTCGGCGCAAAGACGGGCCGCGACGGTATCCACGGAGCCACGATGGCATCCGAGGAGTTCACGGAAGGCTCCGAGCAAAAGCGCCCCAACGTCCAGATGGGCGACCCGTTCATGGAGAAGCTGCTCCTTGAGGCCTGCCTTGAGGCGATGGCCACCGGTGCCGTCCTCGGGATTCAGGATATGGGCGCAGCCGGGCTGACCTGCTCGACCTGTGAGATGGGCGCACGCGGCGGCCTCGGCCTTACCGTCGAACTCGACCGCGTTCCGCAGCGCGAGACCGGCATGACCAGCTACGAGATCATGCTGTCGGAGTCGCAGGAGCGCATGCTGCTGGTCGCCGACAAGGCGCGCGCCACCGAGGTTCTCGACGTCTTCTCCAAATGGGGCCTCGATGCCTCCATCGTCGGTCACGTCACCGCCGAGCCGAACATGCACATCACACAGGGTG
NZ_CP048114.1_gap86	3660841	3662418	1577	GAAGTATTGAGCGGGCAAAGGGAGCCGCTGAACAGGCTTGCCGGTCTCGGGACGGATCACGAGAAGCTCAGAGTGTCCTTTGAGGCCTGTTCCCTCATAAAAGTAGCCGTCGCGATAGAAGAAGCCTTCTGTGTAGCTCGTGGTGGAGTGTGGATATTTTGCGACGACCTGATAGGTGTAGACGACAGGAACCTGGGCCTTCGAGCACGCGCCTGCGGCTGTGTGAAGCAACAGGAGACCGCAGGCGTAGCGAATCCATCGAGTGAGCATCTTTGCGGAAGGTTCGTGATCTAAGTAAGGACCGCAATCGTCTTTTCGAGCGATGCAGCATCTTCGACGTGGAGCGAGGGGATGGCGGACTCTCTTCCGAGGATTTGCCGGTTGAGGCCCGTGAGGACCTTGCCGGGGCCGACTTCGACGAAGTGGGTGATCTCCTGCCGGGCGAGGAGACGGATGCAGTCGACCCAGCGCACGGCCCCTGTGACTTGGCGGATGAGGCAGTCGCGGGCATCGGTTCCGCGTGAGATCAGACGTGCATCGACGTTGGATGCGACCGGGAAGGTGGGGTCGCTGAAGGCGGCGGATTCGAGGTCGATGGCCAGGCGGTCCTGTGCGGGCTGCATCAGGGCGCAGTGGAAGGGAGCGCTGACTTGTAACATCACCGTCCGCTTGGCGCCTGCTTCCTTGCATAGTTCGGCGGCCCTCTGGACCGCGGCGGTTGAGCCGGAGATCACGGTCTGGTCGGGCGAGTTGAGATTGGCGGGCGCCACGATGGAACGCGCCATCGCCGCGCGGGTGGCCTCCGGGTTGGTTGCAGCGGCTGCTGAAGGCACTCCAGCATTGGCCGCCGCGATTGCCTCAGGATTTACAGAATCCGGATTGACCGGTGGCGGCGGAGCGGTCGTGTTCTCGTCCGAGGCCTGTGCGCAGAGTTCTGTGATGCGGTCGGCGGCGAGTCCGAGGATGGCGGCCATAGAGCCCTGTCCTTCGGGAACTGCTTCCTGCATGTAGCGGCCCCGCAGGCGGACAGTACGGACCGCGTCGGAGAAGCTGAGCGTTCCGGCGGCGACGTGCGCGGAGTACTCCCCAAGCGAATGTCCCGCGGCAAGAGTCGCCACGATGCCGCGCTCCGAAAGGAGGCGCGTAATCGCTGCCGAGACGGTGAGGATGGCCGGCTGCGTATGTTCAGTCAGCTTGAGCTGATCCTCGGGTCCTTCAAAGATCAGCTTCGAGAGAGCGAAGCCGAGGGCGTCATCCGCCTCCTCGAAGATTGCGCGGGCAGAGGGGAAGGTGTCATAGAGGTCACGGCCCATTCCAACGGCCTGCGATCCCTGGCCGGGAAAGAGAAAAACTGGTTTCATCATTGATAAATATCGTAAATGAGCGCGGCTGTTCTCCCTCGCTGTGGTCAGGTGTTAGCCTCTAACTCCTGGAACAACTCGTAAAACAGATTCGGAAACAAAAGATCATATGCCAGGCTGCTGTATCTTCTCCGGGAAGAGGAAAAACATGAAATGTAGAGTGCTTCCGATATTTGCAGTCTTATCTGTATTTCTGCTGGGTGTTCTCCCTGCGCT
NZ_CP048114.1_gap87	3681192	3683737	2545	CCAGAGCTTTGGCGGAGGCGAAGTCGGGGGTGATGCGGAGCTGACCGCCCTCGTAGCTCTTCTGAATGGCGATGATGGGCAGTTTGGTGTCGAGCCGGACGGCGCGGACGTCCTCGGGACTGTTGAGTCTGATACCGCTGGCGCCTCCCATGACGGCGGAGCGGGCGACGCGGCGCAGCGTCTCGGTATCCTCCATGGGATCGTTGGGGGCAGCCTGACAGGAGACGATGAGCTTGCGGTAAATCGATTGCAGGACGGAGTTCATGGGCTGGACGAGTTCCTGAAGTGTCTGGAGTCTGAAAGATGGTACTCTACGCCGGCACGTATGGTTGTATAGTCTACTAGCGAATCTGGCTCTTCATAAAAGATATAAGGTGTGTTGCGTCCAGGACACAGATGGGAAATATGCACGATGTGCTGATTGCAGGAGCCCTGCTGGCCGTTGTTTCGGGAGTTATGAACGGCCTCTTCACGCTGCCGATGCGCTTTCTTGGGCGCTGGTCGTGGGAGAACGTCTGGACTGTCTTTATAGGCGGCGCCTGCCTGCTTTTGCCAGCGGTCCTGGTGGGAATCACGGCGCCGCAGAGTTACAGGCTACTGCTGGAGGCGCCAGGCCGCGCTGTGGGGATCGCCCTGGCGACTGGCTTTGCCTGGGGCTTTGGGGCGATCATGTTTGGTCAGAGTGTGAGCGCGATCGGCATTGCGCTGGCCAATACGTTTGTTCTTGCCATCAGTTCGGCGCTGGGAGCTCTGCTGCCCATGCTGTTGCTGACCCCGGCCAGAATTTACGAGAGATCGGGGCAGATGGTCCTGCTGGGGGTGGCGATTGAGATCTGCGGAATTGCGCTGTGCGGCAGGGCGGGGTTGCTGCGGGAGCGGGCCGCGGTCAACCAGAAAGAGCAGAGGGGCGATCTGGTCGGCAAGGCACGGCCGCTGGCTGTAGCGCTTCTTCTGGTCATCGGTTCGGGCCTGCTGTCGGCTGTCTTCAATGTGGGGTTTGCGCTTTCACAGCCCATTGCAGCCTTTGGCCAGATGCATGGTCTCAGCGAATTTGCCAGTACGAACCTGATCTGGATTCTGATGCTGGGCGGTGGGGCGGTCTCAAACCTGGGATTCTGTGCATTTCTTCTGATGAAGAACCGCACGGTCTGGAAATTCGTACAACCGGGAGGCGCGCGGCTGTATGGTTTTGGCTTAATCATGGCCGTGTTGTGGGGAGGAAGTATCTTTGTGTACGGTCTTGCAACGCCTAAGCTGGGAGCTTTGGGCCCTTCGATCGGGTGGCCGCTTAGCCTGGCGACCGGCCTGCTGGTGGCGAATGTCGTCGGCCTGTTGTTGGGGGAGTGGAAGGGAACATCTCGCGGCGCATTGCGCGTGATGTTCTCGGGAATTGGAGTGCTGGTTATCGCTATCTCTGTTTTGAGTAGGGCAAATCAATGAACGTAAGAAGGAGTGCCTTGAAGGGTACAGGGGATGTCCGCGAATCGAAGTCTGATGGAACGACGAAGGACGCGAGCCATGCAGGGTTGCCGCCGGGATTGTTTCAACCTCTGAACAAGAAAAGTTTCGAGCCGCTCTATGCCCAGATCCAGTCGCGGTTGAAGGAACTGATTCGTACCGGAGAGATCGGCGTGAACGACTCTCTGCCAGGCGAGGCGGAGCTTTCGCGCATCTTCGGGATCAGCCGCATGACCGCGCGTCATGCGCTGCAGGGACTGACGACGGAGGGCCTTACCTACAGGGAGCGCGGTCGCGGGACCTTTGTCTCACCCCCGAAGGTGGAGAAGGAGATTACGCATCTGCTGGGCTTTTCGGCTCAGATACGGCTACTGGGTATGAAGTCGAGCACACGCGTGCTGGCGTCGGCAGTGATCCCGGCGGAGGCATCGATTGCAGAGCCGCTGGAGCTTGCGCTACACGACAATGTGCTGCGCCTGCAGCGGCTTCGTCTGGCCGACGATGAGCCAATCGCGATTGAAGAGGTCTGGATTCCTCGTGGGCGGTTTCCGGGTATCGAGGAGATCGACTTCGGAAAGCACTCGCTCTATGAGACGTTGCGTGATCGCTACGGCATACGGATAGGCTCGTCACGGGAGACGATTGGCGCGCGTGGGGCTACAGCAGAGGAAGCGCGTCTGCTTCGGATTTCATCGCGATCGAGCCTGCTGGAGGTCTCGCGTACGCTGCTGGACGTGGAGGGACAACCGATGGAGGTAGCGCATTCGCTCTATCGCGGCGATCGCTATCGCGCAGTTCTGACGATCCCCGCGATTGAGCAGCACTGAAGCGCGGCTTGTTTCCACGTGAAGCTAGAGAAGAGAGGGTAAGGACTGTGCAGGCGAAATTGACTGCGATGCTGCTGGCAGTTGTGATGCCGGTATGGGGACAGCAGAAGACTCCGCAGCGGATTCTGGATGTTATGAAGGTCTCGGCTGAGGGAGACTCCTCTCAGGCGCTCGTCTCGCCGGCGGCAGGGCCGGTTCACGACGTGAACTGCGACGTCGTCATTATTGGAGCCGGCATGGGGGGCGTCAGCGCTGCTCTC
NZ_CP048114.1_gap88	3694949	3699166	4217	GATGGGGCGTCCGTGGCGGGAAGTGAAGCTCGCTCATGAATTGTTTGAGCAGCAGGCCAGGGCTACTCCGGACAGCCCTGCAATCAAAGCGAACGGTGCGACGCTCAGCTACAGGGATGTGAATGGAAGGGCCAATTGTCTGGCTCGGCGGCTTGTGGCGCTTGGTGTGAAGCGAGATTCGCAGGTTGCGGTCTGCACGGGACGTTCCCCCGAGTTTCTCGTAGCTATCCTGGCGGTATGGAAGGCTGGTGGTTCTTATATTCCAATCGATCCAACGTATCCCCGCGAGCTGAGAGACTATTTTCTGCATCAGGCGCGTGCGTGCGTTCTGCTGATGCAGGAAGACCTGGCGTCCAGCTGGCAGGGAAGCGATTTGCCGCAGTTATTGATTGAGAAAGAACTGAAGGCTGTGGAGGAGAATCTTCATCTTCCCGCAGATCCCAACCAGCTGGCTTATGTTATCTATACGTCTGGATCTACGGGGAAGCCCAAAGGGGTAGCGGTCGAACACCGTTCGCTCTCGAACTATATCGATGGGATGATCGAAGATCTGGAGATTGAGCCGCATTCGCAGTTTGCGTTTCTCTCGACAATCGGTGCCGATCTTGGAAATACAGCTATCTTTCTTTCCGTTGGGACAGGCGGATGCCTGCACATGCTGCCCGAGCATTTGTTGATTGATAGCTCCGGATTCAGAGCGTATATGACGGATCATTCGATCGACTATCTGAAGATTGTTCCTTCGCATTTTGCCGCTCTTACGGCTCAGGGCGATGTATCGGCAGCCATGCCCAATCGAGGCCTGATACTTGGCGGCGAGGGTGCAAGTCCACGATGGGTGAGGGAGTTGCAGGAACACCGTCCTGGCTGCCGCATCTTCAATCATTATGGTCCGACCGAAACTACGATTGGTGTGTTGAGCTACCGTTTCAGCGGCGAGGAGGGGAATCCTGGAACGCGGTTTCTTCCGCTCAGGAAAGCGGTACCGGGTTGCAACATTTATCTGCTGGATGAGAATGGCGAAAGTGTATCCCAGGGCTTTGTAGGAGAGGTCGCCATCGGAGGACGGTGTGTCGCACGTGGATATATTCATGCCCCTGCGCTGACGGAGGAACGCTTTGTTTCTTACCCGGAAGCGGGCGTTTTGTACCGCACGGGAGACATGGCTCGACAGCTTGGCACCGGGGATCTTGAGTTGCTTGGGCGCCAGGATCAACAGGTCAGCCTGCGGGGCTTCCGGGTAGAGTTGGGTCATGTTGAGACGGTGCTGCGGAGGGAGGGTAACCTGCAGCAATGTGTTGTTCTCCCCATATCTCATCGAGGAGAGATCACTCACCTGGCGGCATACGCCGTTTGTGGTCGCAGAGCTGAAGACATTTGGCCAACGCCATCCTCGTTGCGGGAGATAGCGAAACGAATGCTCCCTCCGTATATGGTGCCCGAGCGATATATCATTCTCGATCGCATGCCGGTAACCGCGAACGGAAAGATCGATAGGGCCCGTTTGTTGGAGGCTCCTGGAATAGAAGAGGCGGCGAAGGGCTACGCATCCGCGCGCGATCATGTGGAGTTTCGTCTCGTTGAGATGATGACTGCGGTCCTGGGAGCGAGCAACATCGGCGTGCGCGATGACTTCTTCCAACTTGGTGGCCATTCGTTGCTGTGTGTGCAACTGGCCGGCATGATCTTCGATGAATTTCAGGTGCGGCTCCCGCTTCCTGCCTTCTTTCGTTACCGAACCGTGGAGCAACTTGCTTCCTGTGTACGTGCAGGGGCAACCGCGGCGCGCTCGTGTCTGGTGCCTATTCGACAATCCGGCACGGAGGAGCCCCTCTTTCTATTTCCCGGAGCCGGTGGAAGTACCGTGTATTTCTATCCCCTGGTGCAGAGTCTTGAAGCAGAACGGCCCGTATGGGGAATACAGTACCTAGCGCCAAAGGAAGACGGACAACTGCCGAAGAGCGTTGAAGAGATGGCCGCGTATGCGGTAGATGCGATAAGGCGAGAGATCGGAACGCAAGGCCCCTTCCATCTGGCCGGGCATTCGCTGGGAGGGCTGGTGGCCTTTGAAGCCGCTCGTCAATTGCAGGCGCTTGGTTGCGAGACGGTGTTTCTCGGCGTGATGGACAATGCCGCTCCGGCAAGTACGCCGGTCGACTGCGATCACTGGGATGAATCCCGCTGGCTGAGGCACATCGGGATTCGACTGGAGAAGTTGTATGACGCGACGCTTGGAGTCTCGGACGAACTGACGGTCGATACGCTTCTGGAGCGAATGTTATCCGCAGGTCTGCTGCCGCCCGGAACAAACAATTCCTACCTGCGAGGCTTCATTGACGTTTATTGTGCCAATGCCATCGCGGCCGCACGTTATTGTCCTACAGGCTCGCCACTCCCGGTTAGGATCACCCTCTTCCGAGCATCGGAAGAGGACGGTGAGGTAGGCGTGCAAGGTGCTCCGTCGGTGGAGAATTCACTTGGGTGGCGGAAGTATACCGATTGCGGTGTTGAAGTCCTGTCCGTGCCAGGGACTCACATCACCATGTTGACCGAACCGAATGTTCGTGAACTGGCACACTCTCTCCAAGGGTGTCTCGCCAAGACCTTGCAAGTTCCAGTTGCAAGCGGAAATATGAGGGATCTCGACTGATGGACTTATTGCAGATTGCTTGCGCTCCTTTTCTGACCGGAGCTCTTACCGTTGCTGCTACCGCAGGCGTTGCCGATTTATTACACGATGGTCCCCTTTCCACAGAGGACCTTGCGTCAGAGACAAATCTGCAGGCGCAGGTACTGCAACGTGTTTTGCAACTGCTCACGGCCGTGAATATCTTCGAGCGTTTGGATGACGACCAATGGGGCAACAACGAAGCGTCCGAGCGGTTACGCACCGGGCATCCTGCGTCGGTCCGCTATTTCTGCATGCTTGCAGGGCATGAGTATGCCCGTTCGTTCACGGAGATTATGCATACGGCACGTACGGGTGAGTCGGCATTTCGCCACATTTATGGTGGTTCAATTTATAGCTACATGGATGCGAATCGTGCTGCCGGCGACATTTATGACAGGGCAATGGAAGACCTGGCGCGTCCGGTGGGAGCCCTGCTATCGAAACAGTACGATTTCAGTGGTGTGTCCACGCTTGTCGATGTGGGTGGCGGAAATGGGACCTTGCTCAAGGGGATTTTGCGCTCGGTTCCCGATGTGCAGGGCGTTTGTTTCGATCGGAAAGATGTCTGCGACCGGGCCCGCAGCAGGATGGCGGAGGTCGTTGAAAGCGATCTGGCCGAGCGCCTCAGTTTTGCCGAAGGCGACTTTTTTGCAGGTGTTCCTGCGGGAGCGGATGTTTATCTTCTGAAAAATGTACTTCACAACTGGGCGGACGATAGCAGCGTAAAGATTCTTTCGTCCATCCGTTCCTCAATGAGGCCGGAAAGCCGCCTGCTGGTGCTTGAGCCCTTGATGCAGGAGGGCTCGGCGGATGTCGCGAGACGGATTGATGATTTGTTTCAGATGGTCGTCTGCGAACAGGGCACGACAGCACGTACGCATCAGCAAATGGAAACTTTGCTGAAGAGTGCCGGACTGCAATCTATCCGGGCGCTGAATCTGCCCACAGGCCACACCGCGATGGTGAGTTGTGTTGGATAGGGTATGTTAGGCTTTGAGTACGATCAAGACGTTCCGTCAGACTGATCGATGACCTGACAAATACTGGACGATGACAGAGCAATACCAGACAGTCGAGGTTTCTGTTCGTTTTTCGTGCCCTGGGCGTGTCCGCTGGCGTGTTCCTGCGTGCCTTAATCGTCCTGACATCGCAGCGCGGATGGAGTCGCTTCTTCGTACGAGAGAGGGTGTCCATTCCGTCTCTGCAAATCCTGTTACAGGAAGCTTGCTCTTAATCTACGAAGCGCATTTCGGCGTTGCGCCGTTCCAGCGCTTTTTGGAACAGATTCCTCTGGCATCGCTGGAATCCGATGCTTCTTCGAGTTCTACCGGGATTGCTGTATCGAAGCCGCGGTACAAGGCATCTGCGCAGCAGATCGTCGAGCTCACGAAGGGGTATTCGAAGTCTGCGGCGTCACTTTTGCTGATATCGATCGTCGATCGCATGTTCGAGGCGGCACCTTCGGCGATGATTGGAGCCGCGGGCGATATTGTGACTCGCCGGTCGGGCTCTCTGTTTGGAAAGCTGGGATTCAAGACTGTTCGTT
NZ_CP048114.1_gap89	3705237	3708087	2850	TACACCCGCATTCTCTCGGGTAAGCTCCCAGGTTCGGGGCAAGTCGGGCCAGCTATTGCGGATGACCGAAGAGCGTGCCGCAATATCGGCCTCTTTATTCATCTGGTCGAGGTACATCTGGTTGACGGAGGTGATCCAGTCCGCCTCGCGCAAGGCCTGGAGCAGAGGTGGCCGCATGAGTGGGTGAAGAACGAGTGTGCTTGCGTCTGTTCCGCGAATGCTTGCGATTACGGAACGACGCCGACCTAACTTCTGAGATCGAGCCGGCGCCAGGCAAGGGAGCGCGGAGGGCAGGAAAAAGCCATGGAAGAGGTCGAAGGAGATCTCATGATCCAATCGCTTCACCGCCCGGTGGAGAGACATTCGCGTCTCCAACTCGTGCCGGCCTCGGTCGACGCGATGGACTGTGCAGCCGTCTTCGACGCTACTGCGTAAAGTCTCACCGTTCGGCAGAGTATCCGGGACAACAACATGCACCTCGAAACCAGCGTCCCTGAGAAAGCCGACAACACGTCGACTGGAGACGGCTAACCCGCTTAATGTCGGAGGAAATTCCTCAGTTACAAAACAGATCGATGTAGTGTCGGACTGGTGACGATCCATTGGTTTGCTTTCAGGTGAGACCATTTGGGGAACTCGATGCAGTGGATCTCCGGTTCGATGGGAAATGCCGGTTGTTTGGTTCTCGTTGATGCAAGGAGAGAGAGAGAGCGGGAATATTTCGAGACCGTTTTGAAGTATCCGTGGAGAGTTTACCGATTCAACCGCTATAGCGAGCCGCAGGTTCTTTTCGGGGGCCAAAACTGCAAACTTCCATCCGTCGGGTTTAGCTCCGGCAGGAGCCTGGATACAAATCGGGCCTGAATCTTTTATGGCGACTAAAGTCCTTTGAAGTTGTTCTGATATACCTACCCCGAGGCCTTTCAGAAGCGCTTCTTTCAATGTCCATAGCTCAATAAAACGGACGGCGCCCTCGTGGGGAGAAAGTATTTTCAGGGCTGAGGTCTCTTGGACGTGAAAGAAGTGTTCGGCAATCTCAATAAACTTTGTCTCCGGGTGGATGCGTTCGACGTCCAACCCAACCCGGACGGAGGAGATCGCACAGGCGACAAATCCCCTTGTATGTGAAAGGTTGAACTCGATCACCTCTTCTGCAGCCGACGTTCGGCTCAGGGCTGGTTTGCCCCTGGAGCCGGTCTCGAAACGCCACTCTTCTGGCAGGCGCCTGGGAAGATAAGCAGAGAGTGACCGGCGCAGCAGGGCGTGCGCAGCAACGAAGTCACGCCGATCCTCTTTGAAGCGGAGGCGATCACAGCGTTCACGCTCCTCTTCAGATAGAATCCCCATGGAATCGTGGAAAGTATCTTCCGATAACGCTTCAGTATTTTGCGAATAGAGGTGAACAGTAGGGATGTTCCTGTCGAGGGTAGTACGAGATTTGCTTGCAATCCTCCCCAACGTCCTATCGATCACCATGGAAAGCTCCGTTCGCTGATTCAAAGGCTGGCCGTTGCACCGTCAACTACTCCCAGCCACAGGTTATCTGCCACTTCCACCGCATCAAGATGATGCATTCCCATTGCATTCCATCCCTTGAGAGATGCCTCAAGGATGGGACTGCAAGCAATCTCGTGCTCCTTGAACTCTTTGGCATTCCAACGGTCGATGCGCATGGCGCGCAGATTGTTGCCATAGCTTAGAACGCCGTCCTGAGCGAATCGATACCAGTTTCCGTCGTATTTCAAGATTCTTCCGCCGGGTCTCGAGTATGTTCGATTTCCCGCCCAGAGCGGGCTGGCCGGATGTGCCTGCCAGCCGTCTTCCAGGTGATCGCTTTTGAAGAGTTGCAATTCGTCGAGACCCCGTTGGGTGAACATCCACCAATTTCCCTCGTGGAAGCATATCGACGAGTCTGCATATGGGCCCTCGTGCAAAACGGAGATGCATTTCCACTTCGCGGGGAAATCCGAAGCTACATACAGACGAATCGAGTTCGCCTGGCGTGTCTCCGGAATCATGTATATCTCTCCGTCCGCTTCAAAGACATAAGGATAGGAGAGATGAAATTCTTCGCGCAGGGCCACTCCTCCATAGACCCATTGCATTCCGTCAAGACTTGTGGCGTAAGCGATCTCTCCGCGCCGTGTTTTGCTGTTGACGGCCTCGAAGAAGAGATACCAGCGTTTGCGGAGTCGCAAAAGAAATGGATCGGCGACGGCTTCGCAGGGAAGATCCGTCACGAATCTACCTGTAAGTGCGGGAGACAAGCCTTCGATCGGTTTTAGCGAAAAGGGATCCTTCCCCATATAGACGGAGATGGACCAGCGTGGCCGCCACATCGAGGCGCTTCCTGAGTCACTCAGAGAATTCATCGTTAACACCGCATGAGAAGGGACGCGACGATCTCGTACGCGGGGGATCAGGCTTGTTGGTGTCAAAACCTTTGACGAGAAGAGCTACGCCGGAAGGCAGCAGGAAGAGTGACAAGCCGGCTTGCCCAGGATCCGCGATAGATCTCTTTGAGATCCGGGGAGGAAGTCGTCTCGATCGTTCGGCAGCAATTGACGGAAAAATCTCTACGGTCGCATTTTGCATGAACGCGACAAGTGTATCAGGTACCTCGTTGATATTCAGATTGTGGTGGCAAAGCCGTCGAGGGTGCTACGGGACGAGGCTTGCATGGATGCGGTCTATGCCTCGGCTTGCAAGGAGCATTGCATTGTCGAAAGAGCGCATATTCCCACTCTCGATCTCTGCCACCAGCTGCTGGAAGAAGAGGCCAAAGTTATGCGCCGGAGCGAAGCTCTCTGCGGTCGCGCCGGTCGGTGTGTGCAGAATCATTTCAGTGGC
NZ_CP048114.1_gap90	3732757	3736258	3501	CCCTGGGAGGCAGCAACACCGATCAGTCCAACTGCAGCCCCTCCGACCCCAGTTGCGGAAGTATGGTGAACCAGATTCCGTTTGAGTCGCGTACGCCGCAGCAGACAGGTACCTTGCCTGCTGGAGCTGTAATTCCATCAACTCAGGCTGGCACACAGCAAAACCAGACTCAGTCGCAGCAGCAGTATTATCGTTTTTCGCAACTGCCCCTGGACGCTCCGACGGAGTTCCAGCAGATGGTCGCGAACTCTGTGGGTAAGATGCTGCCAATCTTTGGCGCCAACCTGTTCCGGAATCCGCCCTCCACGTTTGCTCCGGCGACCGTAGTTCCCGTCACCCCGGACTATGTGTTGGGGCCGGGCGATGAACTCGTGATCCAGTCCTGGGGACAGGTGTCAACCGACGGACGTTTCCGGGTTGATCGCTCTGGCGACATCTTTGTTCCCCAGGTGGGCACGTTGCATGTTGCCGGGCTGAGATTCGACCAGGTCCAGCCTGCGCTGAAATCTCGGATGGATAAGTTGTTTCGCAACTACAGCCTCAACGTAACCATGGGGCAACTGCGATCGATCCAGGTTATCGTCGTCGGTCAGGCGCGCCAGCCGGGAACATATACCATCAGCTCTCTCAGTACGCTGGTCAACGCAATCTTCACGACAGGTGGACCATCGGCACAGGGAAGCCTTCGCCATATTCAACTGAAGCGCGGCGGTCAGCTGGTAGTCGATTTCGACCTTTACGACTTACTGGTTCGAGGGGACAAATCCAAAGACGTACCGCTGCTTGCAGGCGATGTTATTTATATCCCGCCTGCCGGTCCGCAGGTGGCGGTCGCGGGAAACGTAAAGGTCCCTGCGATCTATGAGTTGCGGTCCCCAGAAAATACCAGCGTCGAGGATGTCCTGGAGCTCGCGGCAGGGCTAACGAATACTGCTTCGAGGGATAAAGTTCGCCTTGAGAGAATCGACGAGCGCCATACGCGCAGAACGATGGAGGTCTCACTCCAGACAGAGGCGAAGACTACCATGGTTCAGGACGGGGATCTGCTTGAGATCGTCGCTGTTGCCGGTGAGTTCAAGGATTCTGTAACGCTTCGAGGAAACGTCGCGAATCCGGGCCGGTATGCCTGGAAGCCTGGAATGAGAGTTAAGGACCTCATTCCGACCAAGGATGCCCTCATCACTCGGGATTACTGGTTGAAGCGAAGTCAACTCGGCCAGCCGATGTTGACCTATGTTCCTACCTGTCTTCCCACCACTCCTTACGGGGTTCCAAATCTCCGCTATGGGATTCCGGTCGGAGAAGCCGGCGATGATCCTTTCTGGCGCTACTCCTCGATTGATGAATATCGAGCGCTCAAAGGCTATCCTGCGATCAATTTTGACCGTGTTCCCGAAAGAAACGACCTGATCTCGCCTTCGACGATGTATTCGCGGCGCGATCCGGCTCGCGAGCCTGCGATGGATTCAGATGGCGGCCTGGATTGCTCCCAGTACACCGAAGTTCCCTATTACGTCAGCAACTTCGCGTTGATGAGTCAGCAGAACAACTCGCAGACGGCTAACAATGCCGGTAATCCAGAGACTGTAGCGGCTCAGACCCAGGCAGCACTTGGGACAACCGCAGCCAATCAGACCAGCGCAGCGAGTGCGAGTCTTGGAGCAGATTCCCGTCCTACCGTCACCAATTTCCGTCCGAAGAACGATGTCAAGCTCAGTGAGCCTGATATTGACTGGTCTTATGCGGTAATTGAGCGTCAGGACAAGGAGACCCTTACAACGTCGCTGCTGCCATTCAACCTCGGCAAGGTTGTTCTCCAGGGAGATGCTTCCCAGAATCTGGAATTGCAGCCGGGTGATGTTGTCACGATCTTCTCCAAGGCAGACCTTCGCGTTCCGCAGTCGCAGCAGACCAGATTTGTTCGCCTGGAAGGCGAATTCATGTCTTCCGGTATCTACAGCGTGAAACCCGGCGAGACGCTGCGGCAACTGGTGGCGAGAGCGGGTGGTTTATCGCCCGATGCATATCTCTACGGTGCGGAGTTCACCAGGGAATCGACGCGCCGGGTACAACAGCAGCGCCTGAACGAATACGTCGACCAAATTGCCCTGCAGGCAAGCACGATTGCGACCGCGAATGCGAGCCGCTCCATCAATCCCCAGGATACTGCTGCCGCGACAGCACAGCAGGCCCAGGCTCAGACGATCATCGCGAATCTGCGAAAGGCACGGGCCAGCGGACGGGTGGTGCTGGAGCTGCCACCTGACGCCAATAATATCAATCAGCTTCCCGACCTTCCCCTTGAAGACGGGGATCGCTTTATCGTGCCACGTGTTCCATCCACGGTAAGTATCGAGGGTGCGGTCTACAACCAGAATGCGTTTCTTTACGATCCCCACCGTCGGCTTGGCGATTATGTGAAGCTCGCCGGTGGAGCAACAAGAGACGCCGACAAGAATCGCGCATATGTTATCCGTGCGGGAGGAGCTGTGATCAGCAAGCAATACAGTTCTTCTCTACGTGGAAATGGCTTTAATTCACTTCGTCTCTATCCTGGCGACACTGTTGTTATTCCATTGAACCTGGATAAGGGGAAGACGATGCGCTTGGTCGTTGATATCGCCCAGATCGTAGGCCAGTTCGGTATCGCTATCGCCGCTGCCAATACAGTACTGGGGCAGTAGTCGCGCGTAGCAGCTTCTCGTAATCCGTTCGAAGAATCGAAAAGACTCCGGCAAGAGAACCATTGCCGGAGTCTTTTCGATATGACGGGTTGCGCTTCTACTTTAAATTGACGGGGAGGCGAAGATCAGCGCAGCAACGCCTTTGCTGTGCGTATGATGCCCGCTACACTCAGATTCTGCTCCTCTCGAAGCTGTATCTGTGATCCCGCCACTTTGATGGGAGAAGGTTGCAGGCGCAGGGGATGAAAACGAATTGCCTCTCCCATCTCAGCAATTACCTCGGCTGTTCTTGTACCGAGCCCCCCGATGCCGTGCTCTTCGATTGTGAGGATTGCGCGCGTCTCATGAACGGCATGGTGGATCGCCTTTCGATCCAGTGGTACAAGGGTAGGCATGCTGAGAAGGCGTACGGAATAGCCGTCCGATACAAGTGTTCGACAGGCTTCGATAGCTGTTCCCAGCATTCCCCCTGTAGAGATGAGTGTCAGCTGATTGCCGTCCTGAATCTGAATCGTCCTTCCAATTTCGAAATGAATCTTCTGAGGATGAAGGACCGGCTCGCCAGCTTTGCCGAGCCTCAGATAAGCGGGGCCGTGAGCCTTGGCCAGTTCCGTGGTCGCAGCCCGGGCTTCGACAGGATCGCCAGGCGCTACTACGGTCATGTTCGGCATCACAGACATAACCGCAAGATCTTCCACTCCGTGGTGCGTGTAGCCATGGCTTCCGTAGGCAAGACCGCCGCCAACAGAGACGATCTTCACATTCAGATTGTGGTAGCAGACGTCATTACGAATCTGCTCTAGGCACCGCATGACAG
NZ_CP048114.1_gap91	3737687	3742070	4383	CAGCAGGTCCATAAGCCCAGAACAGACGAAGGGAAGCAAACCGAAGACTCAGGGCGGGAGCCATCTCCTGCATCAACCGCTCTACCGCATATTTCGCACTCCCATACAGATTCTTCGGTTGAACGATGTCGGACTCCCTTACAGGGATGTGATATTCGCCATACTCAACACAGCTGCCAAAATTGATAAATGTAGTTGCGTTGGACTCGGACACTATCCGCATCAGTTCCAGGGTTCCAGGGACATTGGAATAGACCTGGCTGATGTCATTTAAGAATTTGCTGCTGTTTCCGCCTGTCCAGGCAAGATGAAAAACGATTTCGGGGGCGAACTCCTGTATGGCTTCTTTCGAACGTTGTATGTCAATCAAATCGCCTTCGATTCGATGCAAATGAGAGAGACAGGAGCTAATACGCCATGTATCACTTGTCGGACGAGTTAGAATTGCGACCGAATGCTGGTCCGCAATCAGCCGGCGTACAAGCCAGGAGCCTACAAATCCTGTTGCTCCGGTGACGAGACATCTCATGAACGAACCCTCTGGTGATCGGCTAATAAGACTGTTCTCAGAGAACTCTCAACTTCCCATGAGCGATCTCATGGAAGGATTCGATGATGTAGTCGATCATCGAATCCTTCAACCCCGGATACACACCAATCCAGAAAACATTGTTCATCACATAATCCGTATTGGGAAGCTCTCCGACCTTACGGTATTTCGTGTTGAGATAGGCTGGCTGCCTTAGAAGATTGCCGCCGAAGAGCAGGCGTGTTCCAATCTTTCGCTGATCCAAGCCGCGGATCACCTGATCGCGCTTGAGGCCGCCCTCAGGTTTTACAGCGATCGGGAACCCAAACCAACTGGGATCGGAGCCCGGCGTCGCCTGGGGTAGCGAGAAGAATTCCTGTAGAGGCGACAATCCCTCGTAAAGGCGCTTGAAGTTCTCGCGTCGTGCCGCGATGAAGCCCGGAAGCTTCTTCAACTGCGAGACGCCCACAGCAGCCTGCATATCCGAGAGTTTCAGGTTATAGCCGATGTGCGAGTAGATGTATTTGTGGTCATAGCCGCAGGGAAGCTCTCCAAGCTCCCATTCGAATCGCTTGCCACAGGTGTTATCTTTGCCCGGCGCACACCAGCAATCACGTCCCCAGTCTCGAAAGGACTCGATCAGCTTGGTCAACGCAGGCTTTTGCGTCATAACTGCGCCGCCCTCTCCCATGGTGATGTGGTGGGCCGGATAAAAACTTGCGGTAGAGATGTCGCCGAACGTGCCGACGCCCTGTCCCTTGTAGGTTGCCCCTACAGCATCACAACAGTCCTCAACCAGCCAGAGATGATGCTTTCTGCAGAAGGCAGTGACTGCATCCAGATCAAAAGGATTCCCAAGAGTATGGGCAATCATGACTGCACGAGTTTTATCTGAGACTGCAGCTTCCAACTGTAAGACATCGATATCGTAAGTATCGAGCTGGACGTCCACAAAGACCGGGACCAGATTGTTCTGAATAGCAGGATTGACCGTTGTAGGGAAGCCCGCGGCGACGGTGATAACCTCATCTCCCGGTTTGAGGGCACGGTCTCCGAGGCTTGGCGAGGTCAACGCGGAAAGCGCAACCAGATTTGCTGACGAACCAGAGTTTACGAGTCGAGCATCGCGAACACCCATCACACGGGCGAACTCACGTTCAAACTGGTCGGCAAAACGGCCTGTTGTCAACCAGAAATCGAGAGAGGCATCGACAGCGTACTGAATGTCCTCAGCGTCAAAGACCTTGCCGGATACAGGCACAGCAGAGCTTCCCTGGGCAAATTCGCGCTGCGGGAAGGCTTCTGCGTGGTATTCCGCGACCAGTTCTCGTATCTGCTCGCGCAATTCCTCCTGCCGGTTCTTATTCTGTCCTGACGAATTTATTCCATCTGCGGAGTTAGTCCGCTGTTCCATTTTCTCAACCGCAGATTGCATCCTGAACTCCTGTCGTCCTATCGACGCCCGGTACTAAGCTGTTGATAGGCTGCGATCTGGTCGAGAGTGATCTTCTGCATGTCACTTCCAGCCTGCCACTGCTTATACCATTCTACGATGAGTTGAAGAGCGTCTGAGAGCCCCAGGGCTGGATTCCAGCCGAGGAGATTTCTTGCGCGCGCGCAATCGAGCTTGAGGTAAGTCGCCTCGTGAGGATGTGGTCCCTCGTCCAGCATCCATGACGCAGTAGGCGACCATTTCCTGGCAATCTCCTCAACAATCCACTTTACTGGCCTGGCGTCTTCTTCGCTCGGGCCAAAGTTCCAGGCCGTGGCAAAATCTCTTTTTCCTGCAAGGAGTTTTTCCGCAAGCTGAAGATAGCCGCGCAGAGGTTCCAGAACGTGTTGCCAAGGACGAATCGCGTTTGGGTTTCGAATAAGAACCTTTTCGTTCAAGGAGAACCCTCGCATCAGGTCGGGGATGAGACGATCGCATGCCCAGTCACCCCCTCCAATGACATTGCCCGCGCGAGCGGTCGCGATAGCAACTCCGTGGGATTGCAGATCATCAGCCGGAAAGAAGGAGTCGCGGTAAGCGGAGCTTACCAATTCGGCACATGCCTTACTGTTGCTGTAAGGATCGTGGCCGCCAAGTCGATCATTTTCCCGATACCCCCACTGCCATTCGCGGTTCTCATAGCATTTATCGGTGGTAATCATGACCGCAGCCTTTACCGAGTCTGTATGTCGAATACTCTCAAGAACATTGACCGTGCCCATTACGTTGGTCGCGTATGTCAGCGCGGGTTCAGCATACGAACGCCGGACCAGGGATTGTGCCGCCAGGTGCAGGACAAGGCTAGGAGAAAACTCCTGCATCGCACGCTGGAGTCTTTGCTGGTCGCAGACATCCCCCTCCACGTGATGTACCAGCTTCCCAATTCGTGCCACTTCAAACAGGCTTGGCTGACTAGGAGGTGCGAGGGAATACCCGCAAACCGTCGCGCCCAGCTGGTGCAACCAAAGGGTAAGCCAGCTTCCTTTAAAGCCTGTATGTCCCGTGAGAAATACACGGCGACCCTTCCAGGCCGAATTTGAAACTGCGTTCACCATTTCTTCCACGGTGGTGCACCACCCTCCCACAGTTCCTCAAGATATTTCTTGTCGCGCAGGGTATCCATCGGTTGCCAGAAACCGGAATGCTGATAAGCATTCAGATTACCTTCTTTTGCAAGCTGCTCCAGGGGATCTCGCTCCCAGATGGTTTCATCTCCCTGAATGTAATCCAGGACTTTGGGCGAGAGAACGAAGAAACCCCCGTTGATCCAAGCTCCGTCTCCGGCGGGTTTTTCTCGGAACGAGGTGATCTTTGTGCCATCCATGTCGAGCGAGCCCCACCGGCCAGCTGGCTGTACAGCGCTCATCGTCGCCAGCTTGCCATGTTGGTTATGAAACTCGATGGATTTCCTGATATCAATATCTGCCAGCCCGTCGCCATACGTCAGGCAAAATGCGCCGTCATTTTCGACATACTTTCCTACACGTTTCAGGCGACCACCTGTCTGGGTAGCGTCGCCTGTGTCGATCAGTGTGACGCGCCATGGTTCGGCCATACTGTCGTGAACCTCCATGCGGTTCTGATCCATATGGAAGGTTACGTCTGCAGTATGCAGAAAGTAATTCGCAAAAAACTCCTTGATGATGTAGCCCTTGTAGCCCAGGCACACAACGAAATCATTAATTCCATAATGGGAATAGATTTTGAGAATGTGCCAGAGGATCGGTCTTCCACCGATCTCCACCATAGGTTTCGGACGGACGGACGTCTCTTCACTGATTCTTGTACCTAGTCCGCCTGCGAGAATAACGGCCTTCATAATATGCGTTTCCTGACATTCCATTGTATTGTTTCCGCGTGCGTGCACGAGCGCGGCTGATGATGCATCTCTCGAGACTATCGCAACATCGGATTGCCCAAAGTTTTATCGACTCGATTGACGACGCGATTGAATAGGAGCCAGAAGCGCGCCATCTTTTGGGGAAGATGAAAAAGGGGAGAGACGAAGATCCGGTAACGGACGTTGTCTGTAAAGAGAGAGGAAAGAATGTTCTCTGCCTCCTCCTCGGAAAATGCATTCGACTCTCGCCGTGTACCCAGAACAAAGGGAGGGAAAAAGATCTGCAGGGTCCCGTTCACTACAATCTGGACTAATCGAGGCTCCACAAGCCACCTCTCCCCGATGCTCTTGAGATTGGTTCCAAACACAGTAAAAAGAGCATATCCGCCACGAGCATCGGAACTCGCTGCGAGCACGGGATTGGCAACAACTGCTCCCCTCCGAAAGTGGCGGAGGAGAGTGTAGGTCCAGCCAAGCTGAACCAGGCTTGTGCCTATGAGGCTGGAAAATGGTTCATGCGGC
NZ_CP048114.1_gap92	3935340	3939199	3859	CAGTTGGCGTTCTGGGGCGACGACGACTATTCGTTCTCCGCCGCTGATGCCAGGACGGGGAAACGGCTCTGGTCTTTTCAAACGAATGTGATGCCCCGCTCTTCGCCGATGACCTATGTCTTCGATCATGTTCAGTATGTGGCGGTGACAGCGGGTAACAGCGTGCTCGCATTTGCATTGCCTGAGACGGCGAACGAGGAGGCTCACTAGCGCCCAGGAGACGGAAAGCCCGCTCCCTGAATGTTCTTGCATAGTAGATCCCACAGATAAATGAAACCAAAGAGAGGTGACTGATGTGCTGGAATGAGAAAAGTTTGATCCGCTGGTCTTTGTTAGGGGTTGCTTTGGCAGTCTGCCTGCCTGCATTCGCCCAGCACATTCCCCTGCAGGAACGAATCGCACACACGGATCCAGCCAAATACACTAAGCACGCCGATGTTCATCATGGCGGAGGGCCGATGGATTACATGGCGCTCTTCGACCAGTCAGGCCGGACTGCGAAGTTCAACCTGGGGACAAACCTGTTCTTCCTCCATCGGGGAGTTATTCCGCCTGGAGGTGGCATCGGCGCACACTTTCATAATCAGTGCGAAGAGATGTTCGTGATCTTCGACGGCGAAGCTCAGTATACGATCGATGGCCGAACGTCGATCCTGAAAGGACCTGGCGGCGCTCCTGCGCGCATCGGCCATTCTCATGCGATCTACAACCATACTGACAAGCCAGTGCAATGGATGAATATCAATGTCGGTCTGTATCCTCACTTCTATGACGCATTCAATTTGAATGACTCTCGCGTAGGAGCGCCTGTCGACTCCGTGCCAACCTTCATTTCAATGCATCTTGACCGCGCGTTGTTGAAGCAGGTGGCGAATTTTAATGGAGGGAATGGTTCGGTACTATATCGTCGGGCCCTGAATCCAAGCGTGTTTTACTCCCCTTGGTCTTACGTGGATCATCTGATGCTGCCCACTGGAACCTCCGTCGGCCCCAATACGGAACCTGATATGTCAGAGGTTTACTACGTGATGAATGGCGATGGCCTGGCAACTGTAGCCGGGGAAACCGTAGAGATTCATGCCGGAGATGCCATCCCCGTTGCATTGAACGAAACGAAGTCTTTCAAGAACGAGAAGAGCGCTCCCCTTGAGTTCATGGTGATTGGCATTGCCAGAGACCTGAAGGCAAAGGAAGCCTACATGACCTCACCACTCGGGAATACTGGCGTGGCGCCGACTCCACGATGACAGTGCAGCAAGACAAAAGGAGATATATGAAGAAGAAGATCATCGACACACATGCGCATCTTGGCGAGTGTTGTGTATTTGGCCTTTACGCGACGGAAGAAGAGATGATCCGTCGTATGGATGAGAGTGGAGTTGACGCGACCATCGTTCAGCCGTATCCAGGGGCAAAGGATTACTACGAACGGCACAATGAGATTGCGGAGCTTTGTGCGAAGTACCCAGGTCGCTTCTTTGGACTGGCAAGCGTGAGTCCCCATATCGGGCGCGACAAATATCAACGCGAGATTGAGCGCTGTATTAAGGAGTTGAACTTCGTTGCTCTCAAGCTGCACACGATTGGTCATGGGGTTAACCCGCTGACCGAAGACGGTCAATTGGCCTTCGAAACAGCCCACCTCTTTGGCATTCCAGCCATGGTGCACACGGGCGCGGGTATTCCATTCTCTTTGCCCTCCCTGTGCATCCCGGCCGCGAACAAGTTTCCGGATCTGAAGATTGTGCTCGCTCACGCCGGAGGAGGCATCGTGTCTGCGGAAGCGCAGGTTGCAGCTTCCATCTGCGGCAATCTATACCTTGAGACCTCCTGGTGTCTGGGTGAGGACATACGGTGGATGATCGACACCATCGGCCCAGACCGTGTCATGATGGGCGCCGATCTTCCAAGTAATGTTCCCGTGGAGTTTGCGAAGTATCGCGCTCTGGATCTACAGCCCGAAGTCTACAGCAAGGTAATGGGCGAAACGGCGATAGAAGTTTTCAATTTGCAATGGTGAGGTCAGAATGTTCGTATTGCATGTCGAGATCAAGTTAAAGCCAGGCAAGGATGAAGTAATGAAGGGTATCTATCGTGAGACCTTCAGACCGGCGATCGTAAAGCAGCAGGGGTTTCGCTCTGTGGAGCTTCTCCGCTCCACGGAGAGTGATGCTTACCTCTTAAGCATAGCTTTTGAGACGGACGAACTGCGCATTCAATGGGTCAACTCAAATCTCCATCAGGAGGTTTGGCCCAGGATGGAAGAACATTTCGTCACCGCATCGCTTAGAAGATTTATCACGGTGGACTGATTTTTGCGGCGTGCTGGTCGCAATGCCCACAACGTCGTTGTTTGGCTTCTGATTGTCCTTCGGAGCCAAACACAATGGCTGGAAACGTCTGCAGAAGCAGCACGCCGCCGAGAAGCTGTAGGTTGACCCCGTAGCTCATGGGTAGAAAGATGACAAAAAGAAGCGCGCCGTGGTTTACCGCAACAGAAGCGCATTTCGCCACATTCGCCTGTTCGTTCTCGGATGCATTGCGATGAAGATATTCACGATAAAGATTGCGCGTAAATAAACTCGCGGCGTCGATAGCACTATTCTGGGTTGAGGTAGCTTCCGAAAAGCCCGCTTCCTTTAGAAATGCGGGCATTGTGGCGGATATGCGGTCCGCGGTCTTGCTGGAGAGGATCTTTTCAGTCCGGCAGCAGGTCAACGAAGGCAAAGCCGTCGCGTTCCACCAACTCACCCGTTCGCACCGCGAATGCACGCGCAAAGACAGGCGATTCAACCACAAACGTATGGAACTCACCGTTTTCTCCGCAAGGGTCGATACCAGGCGGTAGCGCAGAGAGCAGGCCAGCGTCCCAATCGTGTCCTGCAAACGAACACCCGAGCTTCGATTGATCGACACAGGCGATTTTGGCTTTCACGCCAGCGGCGATCATCTCCCGGCTGAGCTGCCCGGTAGGTATACCCCAGACAGGGAAGAGGGGTTCGAGGCCACTCTCTTCAAGCTGCTTGACGCGATAGGCGCGAATGTCTTCGAGGAACAAATCTCCAAACGCAATCGCGTCGAAACGCTCTTCACGAGCTCGAGCGAGCACCGCGCTCAGGCGTTCCTCATACTCCACATTGGTGCAGGGCCAGGGTAACTCGACGCTCCAGAGCGGCAGCCCGACAGCTTCGGCCTGCTCGTGCACCAAAGCTCTCCGAACGGCATGCATGGCCACGCGGTTGGCTGCAGAATTGAACGTTGTGAACAGAGCGGCCACGTGAATGTCCGGTTGTTGCCTCAAAAGATGCAGAGCCCATGCGCTATCTTTCCCGCTGCTCCAGGATAGTAAGACCTTCTTCAAAACGAGGTCCCCATCAGTTGACGTGCGGACTCCTCGATGGCTGTTCGCATTGGGCGCCAATGAATACCCTGGGTCTCATGGAACCGTACGCCGTGCAGAACCTCAGCCACAATCTCTGCGCTCTGTGTGATGGTCATGCCGCTACGGTTGAAGAACAGGTTGCCGTCCGCGAATACGACCTTGCCGCTACGGACCGCCTGAAGCTGAGCCCACCACGGATATTGTTCCAGGCGACTTTGCTCAGAGAGGCTGCGCTCCAGGTTGAATCCACAAGGAGCAATGATGAGATACTCCGGATCGATTTCCAGCAGTTTGTTGCCGTCGATGGCTGTCGAGTACTCGCCCTTGCGGCCTAGCACGGGTTCGCCATTCGCGATCTCTATCAGCTCTGGAGCCCAGTTCGCCATCATAAACACGGGATCGGTCCACTCAATCATGCCAACGGACTTCCGGGAAAAACGTGCTGTCTTCTCGGCCACAACCTGAAGCCGTCTCTGT
NZ_CP048114.1_gap93	3940743	3944634	3891	AAGCATGTTCACACATTACTGCATGCGATTCCGCTTGCAGAAGGCGCCGAACGGCTGATTCGTACCCTTCGTCTCCTTGGATACAAAACTGCCATCCTTTCCGGAGGCTTTACATTTTTTGCCCGCCATCTCCAGCAGACGCTCGGGATCGATTATGTGCACGCGAATGAACTCGAAATTATCGACGGAATCGTGACTGGTCGCGTGATACCTCCCATCGTGAATGGCGATCGCAAAGCCTCCCTTTTGGCCGAAATTGCGCACAGCGAAGACATTTCGCTGGAGCAGGTCGTGGCGGTAGGAGATGGCGCGAACGACATCCCCATGCTGAAACTCGCCGGAATGGGTATCGCCTATCGCGCGAAACCATTGGTGCGCCAGAATGCTCCCCAGTCCATCTCATCATTGGGCCTCGACGGGCTGCTCTATTTGATTGGCGTTCGCGATCGCGACCTTCATCCCCACGAACCATTGATTTGAAAACGATTTACCCGGATGTTTTTGCTCATGAAGGTAATGCAGGAACTCATGGCGGCACTTCAGGATCGCCACAACGATGGGGTCTATACGCATGGCGGATATGCCGAAGAAGCGTGCCGCGCAGCGCAGGGCTGTCCACGCGTTATTTAACCGCGACTCGGAGGCTGCAAGGGACGAGGAAGGTATGGGAAAAGGATTGCTCCCTTATCGCTTCGTTGGAAACCTTACTGCTTCCGGATCGCGCTCGCTAAGTTGTTGAGATGAATCGCCGATGCCGGCCTTTTCCGGGCTACTTGCCAGTTGCTCTAAACCGCCTGTAATCAGTGGATGCTGTCGAACACTCAGCGCTTATCGCGGTGCCGGGTTAGTATGACGTCGGATCAAGTAAGCCATTTTAGGGGCTTCGGTGCTCGTCTAAATGTACGTCGGCCGGAAAGAATGAAGAATATGTGTTGCCAAAGCTCCAAAGCCCCCTATGCACCTCGAAAACCTTCCTATACCCCTTGCAGGAGAATTGCGCCCGCTGTTCGTCTAATTGCACTCGCTGTTCGGCTATAGTGGTGTTCAAACGACAATTTATCCGTCTCTGAATCCTGTGCGTCTCCTGTTCTGCTGGCTTCCTTTGTTTTGCTCATCCGGCTCTGCTGTTGCTCAACCTTTCGCTTTTCAACCAAAAGGAGCAACCGATGAGCACCTCCTGGCCGGATTCGGCCGTAATGATGACCCTCTCCGCAATCGCCTATTCCAGCGACATCAATGGCCAGCTACAGAACACAAGTTATGCGACCGCGGGCGACTGGTCTGTCGTCTGGGGGCCGTACGACGATGCCTACGGCAATCTCTGCTACGTGGCAAAGAGCGCATCGACGGGCAACTATGCGCTTGCCATTCGCGGCAGCGAGACCAGCGTCAGCCTGGACACGCTGTACAACTGGTTCTACAACCTCTCTGTTGCGACCCAGACGGCGTGGCCTTATCTCCCCGCGCAGCCGCAGGCGATGCTCTCCTACGGCTCCTATGTGCAGGCCAGCAACCTGACCACCGCTACGTGGAACGGGCAGACGCTCGGCGACTATCTCACGAAGACCATTCCTTCGACCGCGACCGTCACCGTTACCGGGCATAGCCTCGGCGGCAATCTGGCTACGGTGCTCGGCTCGTGGATCTCTTATCAACGCGGTCCCTCGGGCAGCACGCCCGATCCCAACACGCAGGTCTACACCTATGCCGCGCCCAGTGCGGGCAACAGTGCGTTTGCTACCGGCTTCAACGCGAGATTCCCTAACAGCTATCGTTACTGGAACTCTCTCGACGCGATTCCGCACGCCTGGGAGACTCTGCTGGAGCTGGAGTGGATCTACAGCGGCATCGGTATTCCGACGCCCAGTTGGGCGAAGGACACAATCGACGGGCTGGAAATTGCGCTGGCCGCGAGTGAGGTGTACTACAACTCCGTCTACACGCAGCCCAACGGAGCGGGTACGGAGCTGACCGGCTCTGCTTCCTCCAGCAGCACCACCTTCATCGCCGAGGTGGCCTACCAGCACCAGTGCAACATCTACCTGGGGCTGTTGGGCGCGCCGCTGATCCAGACGATTGTGACGCCGGAGCTGAGCATGGTCGAGGCCGTCTCATCGCCCTACAAGGGCAGCTACCTGCCGCGTCCGGTTCTGGACAAGGCCCGGCCCGGTCCCGTGGCCGTGCCGCCGGGCACGGTTGTCCCGGTTGCGCGCAGTTCCCGCTTCGGCGCCGGTTATTAGGAAAGGTCTGATTATGTCTCTGAACATTCCCTCAGCAGCAAAAGCCGCAATTATCGTCAAGCTACTTATGCCAAGACTGAAGCGGTTCCCTTAACAGAAACGGACTTAATCAGAGCTTCCCTAAGGAAGCTCTGATTAAGTCTCGGAAGATGCCATCAAAATAGCGAATGGCCCAGTTCATCTGTCTACTTTGCTGACAGTTGGTTTTCGCTCTTATTCCGCGCTGCTTGTGCGGGCGCCGGCGGAGTTCGCGGAGCCCTTCGCCATGCTCCGACGGTAGACCTGAGCGTTGGAACCGAGCGGCTATGAAAGACAGCTGTCCTGCTTGTTCGACCGTCAGTCGAACTGCTCATTAGTTCTGGCGTCATCTCTCGACAGCGGTAGTTCTATCCGGCATCGAGCACCTACAGCGAGATGGTCGAAATAGATCGAACCACCAAGTCGCTCGATAACGAGCTTCGCGACTGAAAGACCAAGTCCTGTGCCGCTAAACGTCGCAGTTTCGTGCGAGTTGCTGGTGAAAAAGCGCTCAAATACCTGTTCGTACTCGTCCTCAGCTATACCAGGTCCTTCATCTTGGACATAGAGCTGAACCGCGTTCCTGGTAGGTGCCAGGCCGTCGTAGGCAATCCGAATAACTCCGTTACGCGGGGAGAATTTGATGGCATTGTGCAAGACATTCATAATTGCCGTCCTTAGCAAGCCCCGGTCTGCACGAATGTTGGCGTTGCTTACGTATGAGCCCTCTTGAACGACCCTGATCCCTTTCTCATCGCTGAGTACTTCGAGCAACCCTAGAACCTCGTTCACCACGGACTGCAACGACCAGCTCTGAGTCTCTCGTCCCCCCTGTGTTGCCTCCGCGCGTGCAAGCAGCAGAAGGGCGTCGATCGTCTCGTTCAAACGGGCCGTCTCTTCGAGGATGCTGCTCAGGACTTCTTTGTAGGAAACGTTCCCTTCGTTCTCTTCCAATGCCACTTCGCCGATGATGCGCATGGCAGCTATGGGCGTGCGCAGTTCGTGGGCAGCATCAGCGGTAAAGCGTTTCAATTGATCAAACGACTGTTCGAGTCGATCCAGCAGATGATTGAACGCAGATGCCAGCTGACCAAGTTCGTCGTCGGGATTCGAGGTGTTCAGTCGATCGTGTAGATTCTTTGCGGTGATACCTTCCGCTCGTTTCGCCATTTCTTCAACCGGGCTGAGAGCACGCCTGGCGATCGCCTGTCCCGCGGCTCCGGCGATCAGCAGAGCGATCGGGATGGCGATTAACAAAACGAGAAGAAACTGAAACATTCTGGCCTGTAAGGGAGCCATGCTGTATCCCAGCCGGATTACGAGCTGGCGCCCGTTCATCCCATGGATATGGCTGATCAGGAGAACGAGTGTCCCATCTTGCAGGCGGATAACTCGCTCGTTGGGATGCGCTTCACCTTCGCCCGGCCTCAAGGCGCCTCCCAGGTTCATGCCTTTCAGAGTTGGCGTCCTGTATAAGACATCCCCCGAAGATCGATCGATTACCTCCATCAACCTGTCTACGAGGAGATGTGATTGCGGACGGGAGAAGTAGTCTTGACGCAGTTGGAGTTTGCCTGCTGTATCGAAAAACAAGAGGCCTTCGACAGTTACAACGTCCTGAACCTCATCGTGA
NZ_CP048114.1_gap94	3945885	3948947	3062	ATGCGAAACAAAAAAACTCAATTCTTACTATCCACTTCGATTCGGTGGAGGCGGAGGGTGTGAAATTACCTCTCAATGTAACGGTTCGAGCAATGGCCGATTATTTCGCTACGAGTGCAGCACGTGAACCGAAGTCGACGGATCTCGATTCTCTCGGCACGTTGACGCTTGTTGGGGGCGATCTCCTTACGCCTTCCCAGAATGAGGTCCGGAATCGAGAGAATGATGTTGTGGGCTATAACCGCCACGGTGGAGTATATGACCGCCTGATCGCAAATGGCCGTTGCGATGGCAACTCAATAGAAGTATCGATGGGCATCTATTCCGCTTCTGCGTGCGGGCTGTACGGTTATACCGGCATGATTGCAACGGAGTTTGGTTCCGTGACAGCGCCCTCGATCCTTACGGTAATGTCGCACCGGAGGTCTCCTGAGATCGTAAAACAGAGCACAGCCTTGCTTGAGGTATTACCTGAAAAGCACGCCTCGGTGGAGCGATAGCTGCGGATGGCGAGTGTCAGAACGAGGCTGTCGTGTGGCTTGTTATGGGCGGCATCACTGGCCGCACTGGGAGCAGTCAACCAGCCTCAGCCTGCTCAGCTAAGTCTGGAACAGGCCGAGGCTGTCGCAGTCGCAAATCAGCCACGTCTGCTTGCGGAGCAACTTCGTGCGCGGGCATCAGAGCAGCGGGTGCATCAGGCTCGTGCAGGACTGAAACCTGTAGTCGAGTTTAATGCAACTGGCGCTTTAGTAGCGGATCCCGGAACGGCCACCTCCGCAGGCGCACTGCCGACGTCGGCAGTGTCGAACCGGTTTGCCTATGGCGGCAGCCTCTCTCAGCTTGTAACAGACTTCGGCCGGACCAGCGCACTGATCCGGTCTGCACGCTATGCATCGAACGCCCAGGTTGAGGCAGCGACGCTGACGAAGGCTCGTGTTCGGCTCAATGTCCAGGAAGCGTACTTAGGTATCCTCGGTGCAGAAGCTGTCCTGCGTGCTGCAAGAGCGGCGCTTGCGAATCGGGAGCTGATCTCCCGACAATTGGACGCTTTAACTCAGAATGAGCTGCGCTCAACGCTCGATCTCAATTTCGCGAAGGTTCTCGAGAGCGAGGCAGAACTGGCAGTTGTGCGTGCACAAAGCACGGTGGAACAGGAGCGCTCGCGTCTCGCTACGGCCATGGGGGAGCAGGCCCCGATTCGTTCGCGGCTCATCCAGCCCTCGTTTCCCAGCGAATTTCCCGCGACTCCTGAGGAGGTGCTCGCTCAAGCTCAAACCCAACGCGCCGATCTGCGAGCTGCGGAGGCGCAACAAAAGGCCGCAGAGGCATACGCGGCTGCCGAGAAGCGGCTCAGCTATCCCAGCCTCAACATACTGGGAGCCGCAGGTCAAATTCCTTACCACGACCATACACTTCGCGATGATTATGCGGCGGTAGGCTTCAATCTCAACATTCCGATCTTCAACGGTGGACTCTTCGCGGCTCGGCGAGCTGAAGCACAACTTGAGGCGGATGCAAGAGACCAGGATTCGGCAGCTCTTCGTATCGAGGTCAATCAACAGGTACGTGATACATGGTATCGGGCCGACGAAGCGTTTCGCAGCCTGAGTGTCACCGCCCGCTTGGTAGCGCAAAGCAAGGAAGCACTCCGTCTCGCCCAGGACCGTTATGACGCCGGTCTGGGAAGCATTGTGGAGTTGAATGAAGCGCAATTGAACGAGACATCAGCGGAGATCAGTGCCGCAGACGCGACCTATACCTACCTGTCGCGCCTTGCAGAACTCCACTTCGTCACGGGACTTCTGAATTGAGAGTACATCGATGATCTACAGAATCGGCCTTATCGCTGCAGCCCTGACGTGCTTGCTCACAGCCCTCCAAGGCTGCAAGCAAGCAGTGCCTGCCGAGGTCGCTCCTCCTACGGTTCCAATCGCGACCGCTGGCCCCGCGAGCCTTAAAAACACGCTGGTTCTCTCCGCTGAATTTCGGCCTTTTCAGGAAGTAGATGTCATGGCTAAGGTCGCCGGATACGTGAAGTCGATCACTGTTGATATCGGCAGCCATGTTGCTCAAAATGCCGTTCTCGCCACACTTGAAGTTCCCGAAATTCAGGACGATGTCGCAAAAGCAAAGGCTGCTGTAGCTGCAGCGGATGCCAATATCAGTGCGGCACAGGCAGCTGTGCATCGAGCCGAAGCCGGCTCAAACATTGCCACCCTCTCATTCAAGAGGATCAGCGATGTTGCGCGGCGCGATAAAGGACTTGTGCCCCAACAGGATATTGATGTCGCCCAAGCGAAGCAGATGGAGGCTGCTGCCCAGTTGGCGAGCGCACACTCGGCTCTCAAATCGGCGGAGCAGATGAAGGCGCAAGCCCAATCGGAGTATTCGCGCTCCCAAGCCATGCTGCAGTATGCCACCATTCGGGCCCCTTTCACCGGAGTCGTGATCAAGCGTTACGCGAACATTGGATCGATGGTTCAGGCGGGTATCTCTTCTCAGACGCAGGCAATGCCCGTCGTTCGACTTGCACAAAATAATCTGCTCAGGCTGGTGTTGCCAGTTCCGGTCAGCGCAGTTGCCGATATCCGTGAAGGCCAGGTGGTGGACGTAGTGGTGATCAACACTGGCCGAAAGCTCCGGGGTACGATCATTCGTTATGCCGATTCTATCCAGATGTCTACTAGGACCATGGAAACCGAGGTGGATGTTCCGAATCCAGATGGCACGCTCGTTCCCGGCATGTACACCGAAGTCCACTTGCACATCGCGGACCATCCAGCTGCTCTCAGCGTTCCGATAGATGCAGTGGATGGTCTCGGGACCAGCGTGCAGCAGGTCTATGTAGTCCACAGCGGCATAGTTCATCTGGTACCTGTGCAGATTGGTCTCCAGACCGAGGATCGGGTGGAGATCCTTGCAGGATTGAAGAATGGCGACAAAGTAATTGTAGGTCGCCATACCGGATTGTCTGATGGCGAGCGGGTCGAGGCACGACCCGCCACCTATGAAAACAAAGGCAGCTAGGAGACAAACCGGGAATGTCGCGTTTCTCCATCCGT
NZ_CP048114.1_gap95	3956259	3960097	3838	GTTCAGTTCTGCCACTGTGCTTCGCGCGCAAACACCGATCGTCCCGTCTACAACGGGACCGCAGGCAGATCGCGAAGCTGAGATTCGGAATCTTCAGCAGGAACTCAAAGCAATCTCAGACCGTCTTGAACGGCTGGAGGCTGAGGGCGCTCAGCCGAGAGCAGCCAGTGCACCCTCCACAGCAGCATCTGCTCCGAGTCCAGTTGCAGAAGCTTCGGCGGCCCCAACGTTCGTCTCAGCTGATGCTCCTACCCTGTCTTTCTTCCGTGGAACCACCCTCAACTTCGGTATCGATGGCTATTACGGCTACAACTTCAACGCACCCATCGGTCGCGTCAATTTGCTGCGCGCCTACGATGTCACAAGTAACAGCTTCAATCTCAATCAGGTGAACTTTATTGTGGAGCACCTGCCCACGGCGGAGAGCCGCTTCGGTGGACGCGTCGATCTTCAGTTCGGCCAGGCAACCGATGCGCTGCAAGGGTCCAGCGTCAACGAGCAGCGTCCGCAGGTATGGCGAAACCTCTTCCAGGCTTATGGTTCCTACCTCGCGCCCCTAGGCTCCGGTCTTCAATTGGATTTTGGAAAATTTGCAAGCTCCTTAGGAAACGAGGGCAATTACAGCAAAGACCAGATTGCCTACTCACGTGCTTACAGCTTCAATTACCTGCCCTTTTATCACGTGGGTCTTCGTGCCAACTACAACATCACGCCAAAGGTGAACTTCACCTATTGGCTGGTGAATGGAGCCAATGATACCGAGGACCTGAACGGATTCAAGTCGCAAGGTTTCCTCTTTGCCCTCAAGCCGACCTCCTCGTTGACCTGGAACATCAACTACTACTTCGGGCAAGAAGCGCGCGACGTTCAGTCAACACTGAACCCAAGCGCACCGGCTTCACCGACTCAGCCAGGACTGCCTACGACAAACATCTCTCCTGCTCCGGCCGGGCGCGAGCACATCTTCGACACGTATGCAACGTGGCAGGCCACCTCTAAGCTCACACTGATCGGCGAAGCGGATTACGTTCTCAACCGATCGGTGAGCGAGCAGTCGCCAGCACGCGTAGCGATCGGCGGTTTCACTGCGAAGTATGCTTTAGCGCGCAACTGGACCATTGGCGCTCGCACGGAGTACTTTGACGATCGCGGCGGCCTGTTCAGTGGCACTACGCAAGCACTCAAGGAAGCAACCGTCGTATTGGATCACAGCTTCGCTCCTGGATTTATTGGCCGCGCTGAATATCGTCGCGACTGGTCCAATCAGCGCTTCTTCTTGAGCGATACCGCGGGCTCGTTAATGCATGCACAAACCACCGCAACTCTCGGTCTCATGTACTGGTGGGGCACCAAGCAAGGCAGTTGGTAAGGAGAGAACTCAATGCTCGATCTGATTGCTGTCACTTTCCTCATATTCGTTTTCGGCCTGGCCCTCGCGTATGTCCTGGGTTGCGACCGTCTCAAAGGAACACGCTCATGAGTCTTAATGCAATTTTGCTGACGCTTTCGCTCTTATTGATGGTTTACCTCGTTTGTGCTCTTTTGCGCCCGGAGAAATTCTGACCATGACTCTGAACGGTTGGCTCCAAATTGCTCTCTTTATCACGACGATCCTGCTCGCGGCTAAGCCCATGGGCAGCTATATGACTGCGGTCTTCGAGCGCCGGAAGACCTTCCTTGATCCCATCTTGAATCCATGCGAGCGCCTGCTTTATCGTCTCACTGGCATCGATCCGGATGAGGAGATGCGCTGGACACAATATGCCGTGGCTATGCTTGTCTTCAGCGCAGTTACCTTGCTGCTAACCTACGTCGTCGAAAGGCTGCAGGCGTATCTTCCCTGGAATCCTCAACACCTGCCCGCCGTCGAGTCCTCCCTTGCGTTGAATACCGCGATCTCGTTCACGACAAACACGAACTGGCAGTCGTACACCCCTGAATCCACCATGAGTTATCTGACCCAGATGCTGGGATTAGCAACCCACAACTTCTGGTCGGCCGCGGTGGGCATGGCTCTCGCAATCGCGTTCGTGCGGGGAATCGCACGCCGGGAGATGAAGACGATCGGCAACTTCTGGGTCGATCTGACGCGCGGCACCTTGTGGGTCCTGCTTCCTATTTCTATCGTCCTCTCTCTTGCTCTTGTTACTCAAGGAGTCGTCCAAAATCTAAAACCGTACGACTCGGTGAAACTTGTTGAGCCGCAGACCGTGACGGGCAGCGATGGGAAGACCTCCACGGTCACGACTCAAACGATCGCACAAGGGCCGGTCGCCTCGCAGGAGGCGATCAAGATGCTGGGAACGAACGGCGGCGGTTTTTTCAACGCGAATAGCGCCCATCCGTTCGAAAATCCCACACCACTATCCAACTTCCTACAAATGGTGGCCATCTTTCTGCTTCCGGCCGGTCTCTGTATCACGCTGGGCCAGATGGTCAAGTCACCGAAGCACGGCTGGGCTGTTCTTGGTGCGATGGTCGTGTTATGGTTCGCCGGAACCTTTACAGCCTATTGGGCTGAATCACACGGCAATCCACTGCTCCATAACGTGGATGCAAAGGTGTCGCAGTTGCAATCCGGCGGCAACATGGAAGGCAAGGAAGTTCGTTTCGGCATTGCAAATTCCGCGCTCTTTGCCGCTGTCACCACAGACGCGAGCTGCGGCGCGGTTAACAGCATGCACGACAGCTATACGCCGCTCGGGGGCTTGATTCCATTGACCAACATGCTCCTGGGAGAAGTCGTCTTCGGTGGCGTGGGTGCCGGCCTCTACGGCATGCTGGTCTTTGTCGTAATGTCCGTATTCATTGCGGGTCTCATGGTCGGTCGAACGCCGGAATACCTGGGCAAAAAGATCGAATCCTTCGACGTGCAGATGGCAATGCTGTACCTTCTCATCTTCCCGTTGATCATTCTTGGCTTTACTTCCATCTCAGTCCTGATGCCGAATCTCGGCCTCGGCAGCCTTACCAATCATGGACCGCATGGCCTGAGCGAGATTCTTTACGCCTACACTTCCGCCACCGCCAACAACGGATCCGCCTTCGCGGGCCTGAGTGCCAACACACATTGGTACAACTACTCGCTTGGCACGGCCATGTTCTTCGGACGTTTCATGATGATGATTCCGATGCTGGCCATTGCCGGAAATCTCGCCGGCAAGAAGATCGTACCCATGTCTTCCGGAACATTCCCGGTTACAACACCGCTGTTCACCACCTTGTTGACCGCTGTGATTCTGGTTGTAGGCGCGCTCACATTCTTCCCCGTTCTTTCTCTCGGCCCGGTGCTGGAACACCTTTTGATGCGGGCCGGCCAACTGTTCTAGCTCAGAAAGAGAAACAACTATGTCTACCCACGCAAAACCTCGATCCCTTTTTGATCGGCAGATCATGAGTCGTGCAGCTGTGGATGCATTGGTTAAACTCAACCCGCGCCTCATGATGAAAAATCCGGTGATGTTCGTCGTCGAGTTCGGGAGCGTCCTGACGACAGTTCTCCTCATCGTCAACCTGATTACGTCCGAAGGCCACTTCCGCTTCAATCTGCAGATCACCCTGTGGCTTTGGTTCACTGTCTTGTTTGCGAACTTCGCAGAAGCAATGGCGGAAGGTCGCGGCAAGGCTCAAGCCGATGCCCTGCGCCAGGCCAAATCGGAGACGACGGCGCACCGCATCGGCAAGTCCGGGTCCGTGGAAGAGGTACCGAGCTCACATCTCCGGGTCGGCGATGTTGTTCGGGTTACAGCAGGGCAGATGATTCCTGGCGATGGTGAAGTCGTAGATGGCGCAGCGTCTGTCGACGAATCAGCGATCACCGGAGAATCCGCGCCTGTGA
NZ_CP048114.1_gap96	3965603	3966159	556	TCCTTTTCCTATAGATCAAAATTAATCGGCGAGGCGCTGGGAACCTATAGTTGTGACTACACGGCACCTCTGTGTGGCACCACACACACCGCGTAATTCGAACAATATGTGGAACCACACGAATGCACCGTGTAGAACCACACGGCTATTTATGTATCGATACGTCTGTCAGGATGCAGGAACAGTCGTTAGGATGAACTATGTTCGCTGCCCAGGTCTGTCGATGAAGATTTTGATTGTAGATGACAATGCAACAATAAGGCGGCTGATACGTCATGCTGTCCGCGAGATTGCAGAAGAAATACGTGAATGCACCGATGGCAATCTAGCACTTTCTGCATATGCTGACTTTCAACCCGATATCGTGCTGATGGATATACGAATGCCAGGAACAGACGGGTTGATCGCAACCAGGCAGCTGAAAGGCAAGTATCCCTCTGCCCGAATCTTTATCGTCACTGACTACGACGACGATGAAATGCGCAATGCTGCGCGAGACGCGGGAGCTTCTGGATATGCGTTGAAGCAGAACCTGACCAGCCTCGAGGACCTTATC
NZ_CP048114.1_gap97	4016900	4018933	2033	TTCATGGACTTTCTGGATCTGATCGGGGCGAAAGCGTACTTGTCCGCTGATGTGGGGAACGCAACCCCACAAGAGACAGTGGATTGGATGGAGTACATGCTCGCACCGCGGGGTACTACCTTGTCCAATGAACGCGCAGCAAACGGTCATCCTGATCCCTGGCAGGTCCCTTATTTAGGAATTGGGAACGAGCTATGGGGCTGCGGCGGACATATGAGCGCAGAACATGCTGCAGACGTTATCAATCAATACACGACATTTTTGCATGCATCCAGAGGAAAGCCCTTCATGAAGATCGCCGCAGGAGCCGACCGCGGCGATTACCACTGGACCGAAACGGTGATGAGAGAGGCCGGGCCTCAGATTGATGGTCTTGCCCTCCACTTCTACACCTACCTTCATCATGCAGGCCATGAGGGAGTGGGGACCGGATATGGAGAGAAAGGGGCTGCAGTGGGATTCGATGAGAAAGACTGGGCCTCTACGCTTGCATACACCTTCGGCATGGACGATCTGATTGCAAAACATGCGGCAATTATGGACAAGTACGACCCGGAAAAGCGGGTATGGCTGGCCGTCGATGAATGGGGTGCCTGGTATAAACCGGACGGCGTCCATGCTGCTTCATCTCTTTATCAAGAGAACACGATCCGCGATGCGCTTATCGCCGCGATCAATCTCAATATTTTTGTAAAGCATGCGGATCGCGTGAAGCTTACTGCAATCGCACAGATGATCAATGTGCTGCAGGCGATGTTACTGACTGATGGCCCGCGCATGGTCAAGACTCCAACCTACTGGGTGTATGAAATGTACAGGCCCTGGCAGGATGCAACCAGCCTTCCCATCGAAGTTCATTCTGAAGATTATGCATTTGGTGGAGAGAAGATGCCTGAAGTTTCCGCATCCGCAGTCCGGGATAAATCGGGCAAAATCCACATCGCATTAACGAACCAGAATCCAAATCTTTCAGTAAAGCTTCTGTTGAAGATCAATTCTTCCGTCCCGGGCAGTGTAACTGGACGGATATTGACAGCTCCGAATATCGATTCGAGAAATACGTTTGAACATCCCGATGCAGTGAAGCCTGTTGTTATGCAGGGAATCACGCAAACGGGAGATACGCTTTCCTTAACTTTGCCGCCGAAATCCGTTTCTGTCTTGAGTTTATAGCCCAAACATCAATAGCACGCCAGCCATGCAGCTTATTGTTTGTAGTTTGTAGGAGGCAGGAATTGAGCTTAAAAAAAACTAATATTTACTATTTCTTTGTTCTGTTCATAGTTATGTTGTTCGGGAGCGCGCATGCTCAGAACACAACCGGATCTATTGTTGGTTCCGTCAGAGACGCGACCGACTCTGCGCTTCCGGGTTCTATTGTTACGCTGACGAATGTATCCACGGGAGACAGGCGTGTCGCCACGGCGAATGACTCGGGAGATTACCAGTTTCTGAATCTCCCACCCGGACACTACAGCCTTTCAGTAGCGATGCAAGGATTTAAGACCTACACGCATAATGATGTTGAGGTGCAGGTCGAACTTGCGACGCGACAAAATGTCACGATGGAAGTGGGTACGGCGACGGAACAGGTTACCGTTACGTCTGCAGCTCCGATCATTCAATCGGAGAACGCCTCTCTCGGGCAGGTAGTGCAGGGAAAGGCAGTTACTGACATTCCACTTAATGGGAGAAACGTACTCGCCCTCGTAGGCTTGACTCCGGGTGTAGTTCCGCAAGGAAGTGCCTCGGCGAACCTTACGGGCCTCGGCGTTTTTTCTGCGGGAAATTTCCAGATTGGTGGAGGAACAGCGAACCAGAGTTCGACCCTGTTCGACGGTTCACCGGTGAACATCTCTTACGGAAATATTACCGTCCTTGTTCCGGATCAGGATGTCGTACAGGAGTTCCGAGCGCAGATCAGTAACAATACTGCGGAGTATGGCAGATATACGGGCGGCGTCATTAACATTACCTCCAAGTCTGGTGGTAACCAGATTCATGGCACGGTCTACGAATTTGTACGGAACACT
NZ_CP048114.1_gap98	4065945	4066769	824	CGAATTAGGAGGCAACTCCGACTTCGGGACGCAGGGCCTCTGGATTCCTACAACATCTGTCACACAGATGACCGCCGGAATCGGTTCTTGGATGGGGTTGAACGACGACCAACTGGACTCCGTCTTTCCAGACCTCAAAAACTTTTCTGACTATTTACGATATTGATGACGTTATAGCGTGACGGCTTAATGAAGGACGTGGTAATTCATGCCCAGAAATCATGTCAGCAAAGCGCAATTTTGACCGGAAAAGGGAGAAAGACGCTATCTGTGCAACTGTTCATGAATGTTGAACTGGCAAGGATAAAAAATTAGGATCAGTTTTTCTTGACTCTTTGCCCGAGCAGAGCGTCACTGGATTCAAATCACTCTTCGGAGAGGGAATGAGTCCTACAACTGAAATACTTGAATGCCTGCCTTCGCTTGACCGAGCCGACCTACTGAATCTCTGGAAGAACAGTTTTGGACGACCGGCAGCGCCTGGTCTAAATCCACGCTGCCCGCGTGGGCAGCGACTCTTGCTGTAGTCGTTGCCAATATAAAGGTTCCATCGTTTCAATCCACGCTGCCCGTGTGGGCAGCGACCAACAGCGCGATGCGATTCAGTCGGCGCATAAGCAGTTTCAATCCACGCTGCCCGTGTGGGCAGCGACAGTGCCGAGATCAACGCGTCGGCATCGCCTTCATAGTTTCAATCCACGCTGCCCGTGTGGGCAGCGACTCAACGATGCGATCGCCGCCTGGACCAAAGCCAAGTTTCAATCCACGCTGCCCGTGTGGGCAGCGACGCCGACGCTGTCGCATGAGACCGGTATCCCCTTCGT
NZ_CP048114.1_gap99	4241717	4242896	1179	CTGTCGGAACAGTCCACTTTGCCCGTTTCCTTCCAGAGAGCGGATTCCTTTTGGGAAAATCGCAGACTCTGTGGGTGTTGACCGAGTACGACGGCACATTCGACCAGTACATTGAAGACTTCGTCAATCAGATGGGCGATATCTTCGACGATCTGCTCTCTTTTGTGGCGGATCCCCCACCGTTGCCCGTGAAAAACAATATCCCGGCCTTCGAAGCGTGGGTTAATGCGCACAATGAAAAGAGCAATCTGTACTCGGCGTACCCCACTCTAACGGTGCAAGCAATCCTGAATAGCTGAGCGCCAGCTTCAATCATTGCCAAAACGACCTGCTCAGGGCCCGTATCTATCGGGCCCTGCAGGTGTTCCTGCGTGTGTTAAGGAGTCGATTGGCCACGGTGAGGAGGACGAAGAAATTTGTCCTGACACACCGTGCGAGATGTGTTTCTGCCTTAGAACAGGAGAGCAAATATGAAATACCTTTGCATGATTGCGCTGATGATGGCCGGAACCTTGCTTCCGGCGCAGACGATTCCTCAGGATGCGGCTCCTAATTGCCAAGTCGCTTCGACGACGTTCGACCAGTGGTTCCAATCGGGGCAACCTGTCGTGAACGGGGTCGTGAATCCCGCGAATAGCGTTGGTTTTACCGAGGGAAGCGTATGCAACTTCTATGCGTGGGCAAAACAAATGTTCCTCTGGGTGACATCGGAATCGGGCGGGTCACGCATCTTTGATTCAGCGACTTTCTATGATGTTTCTCCTCCGGACAGCAACGGCCAAAGGACGTTTCTGCCGCACGGCAAGGGTTCGTTTCTTCACTCGATGATGCTGCGGGCTGCAAAAGGTGGTCCCCATGATTTGCCGATCATCGAGGGCAGATCGGGCCAATTGTTCGAAGTGATGAAACCACCGATCGATCATTCAGGAAAGCAGATTGTCGTTGATAGCTCGGGCAACCTCGTTGAAGTGAGCAAGGCGTTTATAACGCCGAACCACAAGCTGGCGTTTCAGGATAGAGCCGGCAATACGATCGCTCTGCCGTCTGTCGGGGCTCTCAGAAGCGATTCCGTGCCCACGGACACGATCCTGACAGCAAGGGAGTTCATGGTTGACGGAAAGCCGGTGTTCGTCGACTCCAGCGGCAACATCATCGACGTGGAACAGGGGCAGGCAGGAG
NZ_CP048114.1_gap100	4298758	4302676	3918	AAGCAGTCCTCACCGCGGCCGACAAATACAAGGTCAAGTTCTTCGTCGGCGCCGGCTTCTACGGCAGCTGGCAGAAGAGCAACGTCATCACCGACCCCGTAGCCTCCAAAAAGCGCCTTCAATCTCTCGGAGAGCTCGCAACGCGCTACGGTCATCATCCCAGCTTCTACGGCTGGTACTGGCCCGACGAGGCCGAGATCAACCCGCACTACAAGCCGGAGTTCATGACCTACGTGAACACCCTCAGCCACGAGGCCCGGCAGCTCAAGCCTATCGCCCCCATCCTGATCGCCCCCTACGGCACCCGTCTCGCAAAACCGGACGACGAGTACGTCCGCCAGCTCGACGCGATGGACGTAGATATCGTCGCCTACCAGGATGAGGTCGGCGTCCGCAAATCGAAGACGACCGAGACAGGAGCCTTCTTCGAAGGCCTGAAGAGGGCGCACGACCGCTCAAAGAAGGCAAAGATCTGGGCCGACGTCGAGATCTTCGAGTTCGAAGGTTCCGACTACGACAGCGCCCTGGTTCCCGCCAGCTTCGACCGCGTTCAACGTCAGCTGGCAGCTGTCTCCCCGTTCGTGGAAAACATCCTCGTTTATCAATGCATGGGCCTGATGAACAAGCCCGGCTCCGCTGCGATGGCAGGAAACCCGCAGTCCGTGGAGCTGTACTCCAGCTACGTCAACTGGCTCAAGAGCCGCGGCTGAAGAAAAAGCCCGGAGCGGTCCACTTGCCGCTCTTTCCTGCGCAGACTAAGCTAACTCCGTTCCCCTGTTTTCATCTTGCGGTACGGAGAAACGATTATGCGCCGCTTTTTCCTGGCAGTTCTCAGCCTTGCTCTTTTCGCGGTACCGTCCGTCTTTGCCCAGCAGCTGGTCAACGTCTTTGTGACGGGCGATAACAACGGCTTCAGCGCCGCGGGCGCGAACGACTCCGCGCTCGACCTGCAGAAATCGCTCGCCAACAAGAAGACCCTGCGCGTCGTCAACTCCGCATCGGAGGCCGACATCGTCGTGCGCATCGACTCCCGCGACTCGCATAAGGAGGTGGACGGCTACACCACTAACACGAACAGGAGTGATGACGGACGATCAAGCACCAGGACGACCACCACCAACGACAAGACCGTCCGTAATCTTCACGCTACCCTGATGGCCGGCGACTTCACCCAGGCGCTCGATGCCCAGAGTGAGATGAGCTGGCGCTTCGCCGCCGACAACATCGCCGGACAGATCGAACGCTGGGCCAAGCAAAACTACCCTCGCCTGATGGCGCGCCGTACCTCTGGCGGAAATGCTGAGCCTCCGGCTCCGCCCGTGCAGAGCGCTGCGTCGGCTCCGTCTGCAGGTTCTTCCGCCGATACCGCCGATGCCACGATCCACCCCGGCATGACTCCCGACGAGGTTACCAAGGCACTCGGCGACCCGCTGAAGAAGGTGAACTTCGGAACGAAGTCCATGTGGACCTACAAAGGTATGCAGGTCGTCTTCGAGAGCGGAAAGGTCACCGACGTAAAGTTCTGACAGATAGGTGGTCTCTTTCGTAAGAGATCAATCTGGGGCTCACTCGTGCGGCTTTTATGGCGCGTAGCGTGTGAAGACGAAGTCGCGGGCTTTGACCGGTTCATGGCAGGAGAAGCACGTCTTGTGGACTTCCTCCTCGGCACGCTTTCCATCGTTGAACTGGACAAATCTCCAGCCTCCCGTCGAGGCATATTTATTAGAATCCTTGATCATCAACTGGACGTTGGTCGATGATCCAGGGACAAAGGACTGTTCGCGCCCAAAGACCTTGTTGTTTTCTTCGGAAGGAGTATATTTCCATGCCACACGGGCGATGATCGAGCCATTCGGGAAGGGAAGAGTCTTATCCCGGGCAGCCCTATAAGCTGCGTCGTTGCCGAGGATGGCACGCAGATCGTGGAGATTGCCCCCTTCATGGGCGACGGAGATCAGTTTCCATTCGCGATAGTCTGGCGGAAGAGTGACATCTGCAACGGAGTTAGCCTGACCTGAGATATATCGCACGAAACCGAAGGCGGCTATCGCTATCGCAATCGTCATAAAGATGGTGCGTTTCATCAAAAAGGTTCTCCAGGCAACGTGAACATCGAGCCAAGTCAGTACTTCTGTCAGCCTCTCACTTTATATTTGTCGATAAAATCCCGCCTCAGCTCGTTCCCCATGCCGGGTTCTTCCGGAGCAGGAATCTCTCCATTCACAAGACGCAGTGTTTCAACGTGCGAGGTGTCATTTTTCAGACTCCCCGACTCCATGTAGATCGCGTTCGGCATTGCCAGAAGCATGTGCATATTGGTTGGCGCGCCTCCATGACTGGCAAGCTCGACATTGAAGGCGTCCGCGATCGCTCCAATCTCCATCCATTCGTTGACTCCGCCGGCGCGCCGATTATCCGGTTGAACGACATCGGCTCCTCCCACCCGCAGCAGCTCGAGAAACTCATACTTGCCGTAGAGATTTTCTCCCGTAGCCACGCGAATATCGAGCTCATGCGCCAGCTCACCGAACTCACGCATCGCCTGTGGCATCATCGGCTCTTCGTACCAGAAGCAGTTCATCTGCTGATAGACACGTCCGCGTGTAAGGGCATCGGTAAAGTTGAACTTCTGATTGGCGTCGACCATTAGCCGGCGATCTTTCCCAAGCAGTTCCTGCGCCGCTTTGATCCGTCGGATGTCATCTTCCAGGGAGTAGCGGCCTACCTTAATCTTGACCGCGTGAAAGCCCTCATCCAGGGCACCTTCAATCTGTTTCTTGTACTGCAACAGATCGTCATCATTGTCGTAGTACCAGCCACACATGTTGTAGGTAGGAAGGCTGGTCTGATATCCGCCCAGCAGACGGTACACCGGCATCTTTGCATGTTTCCCAACGATGTCCCAAAGAGCCATGTCGACTGCGGCCATGGCGCAGGTAACCAGGCCGGACGTCCCGCTGTACTCGGTGGCGTGCCACATCTCTTTACGTAGCTTTTTAGACAGGGTCGGATCCTGTCCAATCAATGCCTGCTTCAACATTCCTTGCAGAATGTCTTCGACTATTTTGGGTCCGCCGGTTTCAAATCCAAACGAGATATAGCCCCACCCTGTGATGTTGGCATTTGTCGTAAGCCGCAAAACGACTCCGCCACTCTCCGCGCCAAAGCGGTGGATCGCATCGAGGTAGTACTTTCCTGGAGGCATTCTCAGGACTTCAGTCTCCATGCCGGTTATTTTGAGCCCCTGTGTTATCTCCGCAGCGAGCCCCTGAAGTCGAGTGCTAATTGGTAGAGTTGCCGCGATGCCCGCTGTAAAAAAATCCCGTCTATTCACAGAAAACCTCTTCGTGGAAATGTCGTGACTGCGGCCCTGGCGAATCTCCCGATCCCGGTAAACCAGGACTTCTACATCCTTTGTGTGATTTCCTCAGTCGTGGGGAATCGGTACCTTTGCCTTTGTACCGAGCTATCTTAGCCCCCGCCCTCCAAGCGGGGTTTCTTTTTTGCCGCGGGATTTATTTTTCAGCGAAGGTGGCCATAGAGGAAGATGCCCTCATTCGAAGGGGCGAATGAGGGCATGCGTCAGTACCTTTGCGAGAAAGTTTATTCTTCCCCGTCCTTCAGTTGCGGAAGGCTCGACCCGGTTCCCGGTTTCAGCAAGCCGGCTTTGGAGTAGGTCAGTAGCTTCGCGCGCGTATCTGTAATGTCAAGATTCCGCATAGTGAGCTGACCGATGCGGTCGCGCGGCGAGAAGGTCGATTCGCCCTTTTCCATCGTCAGTCGCTCCGGCTGGAAGGTCAGGTTCGGCGAAACGGTGTTCAGGATGGTGTAGTCATTGCCACGTCGCAACTCCAGCGTGACCTCGCCGGTTATTGGCTTTGCTACCCAGCGCTGGGCGCTTTCCCGCAGCATGATCGC
NZ_CP048114.1_gap101	4305476	4308325	2849	GTGTGTATCGACAAGCTGCTGCGGGATGCGATTGCGGGTACGCTCGCTCCTGCTACACAAGTCGTCTACGTCAGTCCGCTCAAGGCGCTTTCGAATGACGTTCAGAAGAATCTCGACCAGCCCTTGCGAGAGATTCAGCAACTGGCGCTTGAGCGGGGTTATCTTTCGACCGAGATTCGCACCGGCGTGCGGACAGGAGATACGCTGCCGAAGGAGCGCGCGGCGATGCTGCGAAATCCTCCGCACATCCTGGTCACTACTCCGGAATCGCTCTATATTCTGTTGACGGCTGGGAAGTCCCGCGAGCATCTGCGCGGCGTCCGCACTGTCATCGTGGATGAGATTCATGCAGTCGCCGATGACAAGCGCGGCGCGCATCTTGCGCTATCGTTGGAGCGGTTGGATGCGCTCGTCTGCGGAGAGAATCGACTTTCCCCAGGAGCCTTCCTTACAGGCATGACGACTTCACCGCAGCGCATCGGTCTGTCGGCGACGCAGAATCCGATTGAGCTGGTGGCGGACTTCCTGACCGGGGTTCATCCGAGTCGTCCGCCAGCGACCATCGTGCAGGTCGGCCAGCGTCGACATCTCGATCTGGCCATCGAGGTCCCTTCCGATGAACTGAGCGCTGTGCTGACAACGAAGATGTGGGAGGAGATCTTCGACAAGCTCGCTGCGTATACCCAGACGCATCGCTCGACGCTGGTCTTCGTAAATACGCGACGGCTGGTAGAAAAGATTGCGTTTGCACTGGCAGAGCGCATTGGGTCAGAGAATGTTGCGGCGCATCACGGTTCGCTGTCGCGCACACTTCGCCTGGATGCGGAGCAGCGACTGAAGAGCGGTCAGATCAAGATCCTGGTTGCAACGGCTTCGCTTGAGTTGGGTATCGATATTGGCGATGTCGATCTGGTGTGCCAGATTGCGACGACGCGCGCTGTCAGCGTGGCGATGCAGCGCGTAGGGCGAGCCGGTCACTGGCGCGGAGCCATTCCCAAGGGCCGTTTCTTTGCCACGACTCGTGATGACCTGATGGAGCAGGCGGCACTCGTCCGCTCCATGCGGACGGGCTCGCTGGACCATCTGGAGGTTCCTCCGGAGCCGATCGACGTTTTGATGCAGCAGATCGTAGCGGCCTGCGGTGCGGAGCCGTGGGAAGAGGATGCGCTCTATTCGATGCTCACGAGGGCGTGGCCCTATCGCAACCTGACGCGCTTACGCTTCGATGAGATTGTTGCCCTGCTTACCTCGGGCATCGAATCGAGCCGCGGACGTTATGGAGCGTACCTGTCGCGTGATGGAATCCATCGTCAGCTTCATCCGCGACGTGGAGCGCGCATGATTGCGATCTCCAACGGCGGTGCGATTCCGGAGACGAATCTGTACTCCGTCGTGCTGCAACCCGACGGAGTACAGATCGCCACGCTCGACGAGCACTTTGCGGTCGATTCCTCTCCGGGCGATGTAGTTCTGTTGGGCAATGCAAGCTGGCGTATTCAGCGCATCGAGGCTGCAGGCCGTGTGCTGGTGGAGGACGCTCATGGCGCGCCACCGAGTCTTCCGTTCTGGGAGGGTGAGGCTCCGCAGCGCACCGCCGTGCTTTCGACGGGAGTAGGCGAGTTGCGGGAGCAGATCTCCGCGATTACGCCGAACGTGGTTGCGAGCCACATCTCGCCATCGGATCCTGAGGTTGCGGCAGCTACGACGTGGCTGATGGAAAATTGCGGAGTCTGCGCCGGTGGCGCTCACCAGATGATCCAGTACATCGTCATGGGTCGGACCGCTCTGGGAGCCGTACCTTCGAAGACAACCATCGTGGCGGAGCGCTTCTTCGATGAGGGCGGAGGAATGCAGCTCATTCTGCATGCCCCTTTTGGTGGGCGCATCAATAAGGCCTGGGGACTTGCGCTGAGAAAGCGGTTTTGCCGCGGCTTCAACTTTGAGCTGCAGGCCGCCGCTACCGATAACGGAATCAATATTGCTCTGGCGGAGCAGCACAGCTTTCCTCTTGCCGACGTCTTCCAGTTCCTGACAGAGCATACGGCCAAGGAACTGCTGGAGCAGGCATCACTGGCCTCGCCCATCTTCAAGACGCGATGGCGTTGGGCGGCTAACCGCAGCCTGCAGCTCCTGCGTTATTCCAAAGGGAAGCGCATCGCTCCGCAGATTCAGCGCACGCGCTCCGAAGATCTGCTCGCCAGCGTCTTCCCGCAGGCCGCTGCCTGTTTCGAGAACATCGAAGGCGACATCCAGATTCCCGATCACCCGCTCGTCGATGAGGTGATGAAAGATGTTCTGAGCGAAGCCATGGATCTGGAAGGATTGATCGAAGTGCTTCGCGGCATTAAAGAGGGCAGCATCCGCTGCCTCGCGGTGGATACCCCGGTGCCGTCACAGTTTGCCCATGAGCTGCTAAACGCCAACCCGTATGCATTTCTTGATGAGGCGGGACTTGAAGAGCGCCGTGCCCGTGCAGTCTCGCTCTCGCGAACCTTGCCCGCGAGCGTGATGGAAGAGGCCGGACGGCTTGACCAGGAAGCGATCGACGAGATTCGTCGCGAATGTTGGCCTGACCTGCGCGATCATCATGAGCTGCACGATCTGCTGCACTCGCTGGTGGCGTTGCCGCTGGACTTTTTCGCGGGCAGGAAGGAGGCGAAGGACTGGCCTCTCTTCTATGACCGGCTTCTGCAGGCAGGTCGCGCACGGATGATCGAGTGCAGTGGCATATCCTGCTGGGTCTCCACCGAACGCGATAACGATGCGGCGGCTCTCTGGGGTGATGGGAACGATGCTGCCCTGAAGGAGAAGGTGCTCCGGCAGTGTGTCCAGGGCTGGGTGCAGTTGCT
NZ_CP048114.1_gap102	4309462	4312182	2720	ACGAACGAAGGAATGCGATGCTGTCATTACGGTTGCCGGCGCGGACCCGATGAACCTGGCGGGAGTGATTCTACCCGGAGATCGCATCCCATCTATTCCAGGAAGACAGGTGTTTTATCGTAACGGAAAGATCTACGATGAGTCTGACTCGACCGAAGAGGTCAAGGGGGAGGATTCTCCATCGATCGTAGCGCCTCTTTCCAGGGAGAACTCACTCTTCAGCCATGCCGAAGCCTGACAGTCACGAAAATGTCCCACCCTCTCCAGAGGAGAATGATGAGCTGGAGCCGGAAGACTTCTATTACGAGGGGCCTTACCTGGTCTTTACGGCGCAATACCTTCGCAAACGTGGCTACTGCTGTAACTCAGGCTGTCGCCACTGTCCTTACAAATAAATACAAGTTTCTTGCCTTTGCCTTTTCATTGCTGTGCCTCCGGGGTTGCCTGCCCTTCTTCAAAGAAGGTGAGTGCCGGAGAAAATGAGTCGCCCTGCTCAATGAATTTTGACTCGTCCGTCTGAGCGTTCTGTATTCGCTTTTGGCGTCTACGGCAGCTCAGGATGACGGGCTTACTTAACTGCTACGTCGCCAAGAGTAGTTTCCAGATGGATTCACCGCTCCAGACGGTTGCCATTTCGGCTGAAGTAGCTTAATTCCCGGCGGTAGCAGCGCTGATGCTCAAGATCGAAGGCGATGCAGGAGTCGAAGGGCTTCGAGTAGACATGGAGGCTGATGCAGCCTGTTGTTCCGGCGTTCTCGATCTGGTGGATGGTCTGGAGCTTATCGACCGTCACCATCCCGGTACCCTCGGCGCAGCTTACGGTTCGGATCTTGTCAAGCTGAATCTCCGTAGCTCCGCCCAGGCAGTCGATGTTGACTACGTTCTGGTTCTCGGGAGCGTTGCACCGGGTGTGGTGATACTCATGTGTCAGGACCTCGCCCTGCGAGACGGTCATCCACCCGAGCTGCCCGTTATGCGTGTGGACCGCTGTTTTCTGGCCTGGAGACCAGCAGATCGTCATCACCTCGAACAGCTCATCGCGGTAGATCAGGTTGCGGGTGTAGAAGCTGTCGCGCCACCAGGTATAGTCGTGCAGTGCTTCGGGCTGCAGGGTGGTCGCGGCCATGTAGGCTGCAATCCTGTCCTTGGTAATCAGGTCCCGCTCCAGTTCGCGTAGTCCGGAGATAAAGTCCGCTACGCTGGTCCGAAGCGGGTGGGTACAGTCTGCAATCTGTGGGCTCGACATGGTGTGCGGCTCCTGTCCTCATTATCTCGCGAAAGATTGCGCGTTTTAAGCGAGTTTTTACGGATGTCCGCGCCCAATAGGCCGGCTTGAGTCCTCGGACTTCGACCTGGTGCGGTAAAATTAGAAGGCGCGTGCATTTTTCCAGATTTCCCCATCCTTCTGCGCGCAAAAGACAGGACATCTAACGCAGTGAGCCAGCAGCCGATTCGCAATATCGCCATCATCGCCCACGTCGACCACGGCAAGACCACGCTTGTGGACGCCATGCTCCGCCAGTCAGGGACCTTCCGGGCTAATGAAGCCGTGGCGGAAAGAGTCATGGACTCGAACGACCTTGAAAAAGAGCGCGGCATCACCATCCTGGCCAAGAACACGGCGATTCACTATAAGGACTCGAAGATTAATATTGTCGACACGCCAGGTCACGCAGACTTCGGCGGCGAGGTGGAACGTGCGCTGAAGATGGTCGATGGCGTCGTTCTACTGGTCGACGCTTCGGAAGGTCCGCTACCGCAGACCCGCTATGTTCTGGGCAAGGCACTCGAGGCCAAGCTGACGCCCATCCTGGTGATCAACAAGATCGACCGTCCTGATGCTCGTCCGCAGGAGGTTGTCAACGAGGTTTATGACCTGTTCATCGATCTTGACGCCGACGAGAGCGTGCTCGAGTTCCCGATCATCTATACCAACGGCAAGCAGGGTACGGCGACGATGGACCTGGCAAAGCCCGGCACGGACCTGATGCCTCTCTTCGACCTGATCCTCGACACGATTCCGGTCGCGCCTGGCTCGCCCGAAGGCGACCTGCAGGTGCTGGTCACCAATCTTGACTACTCGGACTACCTTGGCCGTTTGGCGATCGGCCGTGTCTTCAACGGCACGCTCCGCAATGGGCAGGAGGTCAACGTCTCGCGCGCTGACGGTTCGTTGACGCCGGTCAAGATTACGAAGCTCTTCACCTACGACGGCCTGAAGCGTACCGACACCGATACTACCGAGGTCGGTGACATCGTCGCGATCGCCGGTATCGAAAACATCACCATCGGCGACAGCTTCTGCGCGATCGAAGACCCCAAGCCGCTGCCGCGCATCAAGATTGATGAGCCGACCATTGCGATGGTCTTCTCGGTCAATAACGGTCCGTTTGCCGGCAAGGAAGGCAAGCTGGTTACAAGCCGCAACATCAAGGAGCGGCTGGAACGTGAGCTTCTGGTCAATGTTTCGATCAAAGTTGAGGACACCGGCTCGCCCGACAGCTTCAAAGTAATGGGCCGCGGTGAATTGCAACTCTCGGTGCTGATCGAGAACATGCGCCGCGAAGGCTTCGAGCTTCTGGTCTCGCGTCCGACCATCGTCACCAAGCGTATCGATGACAAGCTGATGGAGCCATCCGAGATTCTGTCGGTCGACGTCCCCGAGGAGTTTTCCGGTACGGTCATCCAGAAGCTTGGGCCGCGCAAGGGCGAGATGACCA
NZ_CP048114.1_gap103	4409193	4410160	967	CCTTGCCGATGCCCGCGCCAAGAGCCGTGATCATCGCGCGAATTTCTTCGTGACCCAGCATCTTGTCATAGCGGGCCTTCTCGACGTTCAGAATCTTACCCTTCAGCGGAAGGATCGCCTGGAACTTACGGTCGCGTCCCTGCTTCGCGGTTCCGCCTGCGCTCTCACCCTCGACAAGGTACAGTTCGCAGCGGTCCGGCTCGCGCTCGGAGCAGTCGGCCAGCTTGCCCGGCAGTCCGCCGCCGTCCAGCGCACCCTTGCGCCGTGTCAGGTCACGGGCTTTGCGGGCAGCCTCACGCGCACGTGCCGCGTCGATGGCCTTATTGATGATCTTCTTCGCGACCTGAGGGTTCTGCTCCAGGAAGGCTCCCAGCCGCTCGTTGATGAACGCCTGCACCGTTCCCGCGATGTCGGAGTTCAGTTTGCCCTTGGTCTGGCCTTCAAACTGCGGCTGCGAAAGCTTTACGCTGATCACGGCCACCAGGCCTTCGCGAACGTCGTCGCCGGACAGGTTCTCCTTCACGTCCTTGAACAGTCCCATCGCTTGTCCTGCGGCGTTGATCGTGCGGGTCAGCGCCGCGCGAAAACCCTGCAGGTGCGTTCCACCGTCGACCGTGTTGATGTTGTTGGCGAAGGTAAAGATCGTCTCGGAGTAGGCGTCGTTGTACTGCAGCGCAATCTCCATGGCCACGTTGTCGCGCTCGGCCTCCATGTAGATCGGCTTGTCGTGCAGGACCTGCTTACCCTTGTTCAGGTGCTTGATGAACTCGGCAATGCCTCCGACGTACTTGAACTCCTGGTGCTTGCTCTCGCCCGTCTTCGTATCGGTGGTCCGCTCGTCCGTCAGGTGGATCTCAAGCCCCTTGTTCAGAAAGGCCAGCTCACGCAGCCTCTGTGCCAGCGTGTCGTAGTTGTACTCGGTGACGGTAAAGATCGACTTGTCCGGAAGGAAGTGAACCTTCGTTCC
NZ_CP048114.1_gap104	4463404	4465533	2129	AAGAAGTAAGTCTTCCCAGGAAATAAATCAGCAACCCTCTGCGCGGGGAACAGACCGGGAAAGCAGAGTAACAAAGTCAGGGCGAGCCGCATCGATGGCCGCACAGAAAGTGAACTGAAGGACGATGGCAAATATCAACGTAGTCAATCTCGGCGGGACCAAGGTCGGCGAGTTCGAACTCGCCGACGCGGTCTTCGCGGGAGAGATCAATGACGCTCTGCTCTGGGAGTCGGTTAAGCACTATCGCGCAGCACTTCGCCAGGGAACAGCAGCAACCAAGAACCGCAAGCTGGTATCGGGTGCTGGCAAGAAGCTCTGGAAGCAGAAGGGAACAGGCCGTGCACGCGTCGGTTCCATCCGCACTCCGCTCTGGCGTGGCGGCGGTACGGTCCACGGACCTCAGCCGCGCAGCTACGAGTATGCCTTCCCCCAGAAGAAGCTGATGGGCGCCCTCCGGTCTGCCATTACGGCAAAGATCCAGGAAGGCAAGATCACCATCGTCGACTCGTTTGAGGTCTCCGAGGCGAAGACCAAGCTCTATCGCCAGGCCCTCGACAAGCTCGAAGCTGGCAAGACGACTCTTCTGGTTGAAACCAGCAAGAAGCTCGACGAGAAGCTCTATCTCGGATCCCGCAACCTTGCAGGCGTGGAGTTGGTGCTGAGCTCTGAAGTTCACCCCTACGACCTGCTCCGTTACGAGCACGCCGTCTTCTCGAAGGACGCCATCGAGGCCCTCCAGGAGACGTTGAAGAAATATGTTTCGAAGCGTAAGACCGCTTCCGATAAGGAGGTCGCGTAATGCCGACCCTGTATACCGTCATTCGCCGCCCCCTGATTACCGAGAAGGGGATGGGCATCAAGGAGACCCAGAGCACGTTGGTCTTTGAAGTTGCAGAGAATGCAACCAAGACCGAGGTGAAGCAGGCCGTCGAGACTCTCTTCAAGGTCAAGGTAGCCGCTGTTCGCACAGCAGTCGTCGAAGGCAAGGAGCGTCGCCGTGGCCGGTTCGCCGGTTATCGTCCAGACTGGAAGAAGGCGTACGTTCGCCTGAAGGCTGGCGAGAAGATGCCGGAATATATCGACAGTCTCTAAGCAGCGATGGATGAGCCGTTCCGGGAAGGATCCGGGGAAGATGGCTAAGACACAGTAAGAAGTTTTGAAACTAGCTGAAAAGCCGGCTAGCCCGGAAGAGAAAAGCTAGGAGTTAAGAAGAAGATGCCGATCAAATCCTTTAGACCGATTACACCCTCGCTGCGATTTACCACGACGCTGCGGAACGACGATCTGACAACGGATAAGCCACACAAGCCGTTGCTGGCCGTCAAGCAGCGCACCGGCGGGCGCAACTCCACCGGCGCCCTGACGATTCGTCATCACGGCGGCGGACACAAGAAGAAGCTGCGCATCATTGACTTCAAGCGCGACAAGTTTGGGGTTCCGGCGACCGTCAAGACCATCGAGTACGATCCCAACCGCAGCTCACGCATTGCTCTCGTCGCTTATGTGGACGGTGAAAAGCGCTACATCCTCCAGCCGGTTGGCTTGAAGGTAGGCCAGTCCATTATGAGCGGTCCCGAGGCCGACATCCTGGTAGGCAATGCGCTTCCGCTCAAGAACATCCCTGCAGGTACGACGGTCCACAACATCGAGCTTCGTCCCGGCAAGGGTGCTCAGATGGCTCGCTCCGCCGGTTCTTCTGCTCAACTGGTTGCAAAGGAAGGCGATTACGCTCTCCTGAAGCTGCCCTCCGGCGAAACCCGCCGTGTGCTCGTGGATTGCATGGCCACCGTTGGCCAGGTCGGGAACACTGACCATGAGAATGTGACCATCGGCAAGGCTGGACGCAATCGCTGGAAGGGAATTCGCCCGACCAACCGCGGTGTCTCGATGAATCCGGTCGACCACCCGCACGGTGGTGGTGAGGGTAAGACCTCCGGTGGCCGTCACCCTGTGACCCCATGGGGCCAGCCGACGCGCGGATACAAGACACGCAACAACAAGCGGACCGATGTGTTCATCGTCAACCGCCGCAGCAAGTAAAGGATTCGGGAGAGCTAACAGATGGCACGTTCTACGAAAAAAGGTCCGTTTATTGACGACCACCTCATGACCAAGATCACGGTCATGAA
NZ_CP048114.1_gap105	4467664	4469260	1596	CTCGATAAGATTCGTAACCTCAGTGACGATGAGCTCAAGAACGAGCAGAACAAGGCTGCCGAACAGCTGTTCCGCATTCGCTTTCAGAAGAGCCTGGGAAACACCGAGGGCATCAAGAAGCTGCGGGGTCTGAAGCTGGACATCGCCCGTATCAAGACGATTGCCCGCGAGCGCGAGCTTGCTGGCGGCGGTGCCGCTGTTGCCTCCGCTCCTGTGAAGAGCACTCGCAAGAAAGCAAAGAAGGATTAAGCTATGGCAGAGACCACAAACAAGCCCGAAGCCGCCGAGCAGGCCTCCACTCGCCGTAACGAGAAGGTAGGTCTGGTAGTTTCGACCAAGATGCAGAAGACCATCGTCGTCGAGATCGAGATGCGTAAGGCGCATCCCAAGTACAAGCGCGTGATCAAGTCGAACAAGAAGTTCTACGCGCACGATGAGCAGAACTCGGCCCGTGTGGGCGATGTGGTTCGCATTCGCGAGGCTCGTCCTCTGTCGAAGCTGAAGCGCTGGACGCTGGAAGAGATCGTCCGCCGCAGCTCGCTGGCTCAGCTTGCCGACGAGAAGGCCCCTGTAGCCGAAGCTTAAGATCTCTTCGATCACCGTTTTTGATTCACCGCCATGGGGGCTTGATCCCCCGGCCGCATCAGGAGAAGAACGATGGCAGTACAGATGAGAACAATTCTTGACGTGGCCGATAACTCCGGCGCACGCAAGCTGCAGGTGATCCTGCCTCTCGGCGGTGGCCTGGGTAAGATCGCTGGCCTGGGTGACGTTGTGACCGCGGCAGTCAAGGAAGCCGCTCCCGACGGAACCGTAAAGAAGGGGAAGGTTGTGAAGGCCGTGATCGTGCGCACTCGCAAGGAGAGCCGTCGCAAGGATGGCACTTACATCCGCTTCGATCAGAACGCGGCTGTCGTGATCAATGACGCGATGGAACCGGTTGGAACCCGTGTCTTCGGTCCTGTTGCCCGTGAGCTTCGCGAGAAGAAGTTTCTCAAGATCGTGTCGCTTGCACCCGAGGTTATCTAATTTTCGGTCGGATAAGCGACCCCACTCAGCGGATTCCGGCTCCGACAGATCGCCGAGGCAGGAGAGGTAAGGAAAATGGCAGGTATGAAGATCAAGCGCAACGACGTGGTGGAGGTCATCGCCGGCAAGGATAAGGGAAAGCGTGGCCGTGTTCTGCGCGTCATCGCCGGCAAGGATCGCCTTCTGGTTGAGCACGTGATGATCGTGAAGAAGCATCTCAAGCCGAATCCGCAGCGCAACATCAAGGGCGGTATCGCTGAGCAGGAAGCTCCGATTCATATCTCCAACGTGATGCTGGTCGATGGCGAGGGCAACAAGACCCGCGTTGGAGCCCGGATCGAAGGCGATAAGAAGGTTCGTGTTTCGAAGGCAAGCGGCAACGTAATTGCCGACCGGAAGAAGTAAGCAGTTTCAAGTCAGTAGAAGATTGAAGGTTCACCCCACGAAACGGTATACGGCACTGCCAACCCGGAACCGTGGAGAAAGCGAAGAGAGAGATGGCTTCACGTTTCAGAGAGAAGTACGAGAAAGAGGTCAAGCCCGCGCTCGCCAAGGAGCTCAACATCG
NZ_CP048114.1_gap106	4479921	4481864	1943	CGGATCGTATCGAGACGACGATTACCAAGGCCAAGGCATCCAAGCCTCTCGTTGAGCGCATGATTACTCTTGGCAAGCGTGGCGATGTTCACGCCCGTCGCCAGGCCGCCGCATATCTACTGACACCGGCCTCGGTCGATCGCCTCTTCAATGTAGTCGCACCTCGCTACGGCGCACGCAATGGCGGTTACACCCGCATCACCCGCACAGGGGCTCGTAAAGGCGATGCTGCTGAGATGGCCTTCATCGAGCTTCTCGGTGCTGAGCAGGAGCTGAACGAGAAGGCTCAGAAGCGTGCAGATGCTCGCGCAAAACGCCGTGAAGAGCTGCAGAAGCAGCTGGAAGAGCAGAATCCTCCTGCAGGCGAAGAGGGGCAGGAATCGTAAGATTCTTCGAGTGCAGAATTAGGGGCGCATCCAGAAGGATGCGCCCCTGAATTTTGCAAGGGCATTTCGGCATTTTCCCCACGCAATAACCATTGGACGTATCCTGAGCAACGCAAAGGATCCCCTGGATTTTGCCTGCGGCGTCCAGTGTGCTTCGGGCAAGATACAGTGACGATTCATCCGATAAAGTAGTTACGTGACAGAAAAACGCATCTCGCTGACCGATCGGCAGTTTCATCTCATCACCCGTGCACTGTCTGATCCGCATCGCTATCAAATTGTCGAGAAGCTCGGCCAGTCCGAAGCGAACAACTGCGCCTGCGGCGACATCCGCGACTGCATCCCCGTCACGCCTGCCACACTTTCCCATCACATGAAGGAGCTTGAAAACGCAGGCCTGATTGAGTCGAAGAAGGAAGGAAAGTTTGTAAACTACACGCTCTGCCGCGATGTACTCGCGGCCTATATCGAGCGACTTTCAAAGATCTGACTCGCTGTTCCTAGTGCTTGATCAGCCACATTAGCCAGCTTGCGATGACGGTTCCACCGACGAAGAGAACGAAGCAGAAGGCTCCGAATCGGATCATCATCTTTGGGTCCGAGCGCTGGGTGATTCCGAAGACGATCGACGTAAACAACGAAAAGAGCAGCACCGCAGAAAAATGCGTGATGGTCACGATGCCTTCCTTCCGATTGCCAGCGAGTGTGCATCCACGGCGGAGATGATGTTCAGAAGACCCGCAACGACGATGAACTTTGTACCGTAGTCCGCAATCGCAATCTGCTCCGCAGCCTGTCCCAGATCGAAGACCCGTGCTGCAACATACAGCAATCCGTTGCCCAGGTCACCGGCAAAGTTCAGCATATCCAGCAGCTCTGCCGTATTCGGCCCATAGACCTTGCCCTTCAGAGCGATCCCAATGAAGAACATTGCAAGAATCGAGATCAGGAGAAGGGTCCCGCGAATCCACTTCTTCAGCAGGAAGTGCCCTGCGCCTGGAATCAGCCAGCCTGCAATAAGAATAAGAGCCGGAGGCAGAGAGGTGATCTTCTGCGCAGGCCGGGCCTGTCCCTGAACGTTCGTCGTCATCACCCATGATGATACCAGTTACGTTGTGCGGCGGTGGAGATTCTATCTCCACCCCAAAATGGGCCAGTTTGCCTCGCCGGGTATGCGGGTGCTTGAATGGATATATTGCGAAAAGTTCTCGCCATTGCGCTGATGGCAATCTTTGGAATGCCTCTGTTTGCACCGCTCGTCGCCTCTGGCGCGCTGAGTGAGGCGAGTCTGCCTGCATGCTGCCGCCGCAATGGCAAACATCATTGCTCGATGACCATGCGCAACGGTGGATTTCTGGCTGATCATGCTCCTGCCTGGCAGGCTCCTCTTGAGCGTTGCCCGTATTACCCTGCCCGGACAACGACGTCCCCATCTAGTACCCTCGCGATGATTGCAGCCCCGTCGATCTTTGCTGAGCTGGTCAGCCATCCGACGGGCCACGCACAGACAGAATCGAAGTTACGCATATCACGCGATCGCGCCCGCCAGAAGCGCGG
NZ_CP048114.1_gap107	4497027	4498662	1635	CCGGGGAGATCGACAAGGTCAAGCGCTCTGAATCCGGCATGATCGTCGATCCTGTCACCATCGAGCCCGAGCAGCCCATCGCCACCGCCCTCGAGGTCATGCGGCGTTACAAAATCTCCGGCGTCCCCGTCACCAAAAACAAAAAGCTCGTCGGAATTCTCACCAACCGCGATCTCCGCTTCGTCTCCCGCACCGACATTCCTGTCTCCGACGTGATGACCAAGCAAAACCTCATCACCGTCCCCGTTGGCACCACCCTCGAGCAGGCCGAGCAGATCCTCCATCAGCATCGCGTCGAAAAGCTTCTCGTCGTCAACGACGAGTACGAACTCAAGGGCCTCATCACCGTCAAGGACATCCAGAAGAAGCTGAAGTATCCCAACGCCAGCAAGGACTCCCAGGGTCGCTTGCGCGTCGCCGGCGCTATTGGAGCAACCGGAGACTTTCTCGAGCGCGCCGAAGAGCTCGTCCGTGCCCGCGTCGACGCCCTTGCCATCGACTCGGCCCACGGCCACTCTTCCCGCGTCATTGAGGCCGTACGCGAGACCAAACATAAGTTCCCTGAAATCGACGTCATGGCCGGAAATGTCGCCACCTACGAAGGTGCGCTGGCCCTTATCAAGGCTGGAGCAGACGCCATCAAGGTCGGCATCGGGCCCGGCTCCATCTGCACCACCCGCATGGTCACCGGGGCCGGCATGCCCCAGATCACCGCGATCTCCGAGGCTTACCGCGCAGGCAAGGAGAACAACATCTCCATCATCGCCGACGGCGGCATCAAGTACTCCGGAGACATCACCAAGGCGATCGCCGCCGGAGCCTCCGTCGTCATGATGGGCTCCCTCTTCGCCGGCGTCGACGAGTCTCCCGGCGAGACCATCCTCTACCAGGGCCGCTCCTTCAAGGCCTACCGCGGCATGGGGTCTCTCTCCGCCATGGCCCAGGGATCCGGCGAGCGCTACTTCCAGGGCAAGGACGACATCACGCTCGAACGGCCGAACTTGACCGCTCGCGAAACCGCAAGCGCCAACCGCCTTGCCAAGTTTGTCCCCGAAGGAATCGAGGGCCGCGTTCCTCACCGTGGACCGCTCGAGGGAATGGTCTACCAGCTCGTCGGCGGCCTACGCTCCGGAATGGGCTATCTCGGCTGCTCCACGATCGCCGAACTGCAGGAGAATGCCCGCTTCATCCGCATCTCCGGCGCCGGCCTCCGCGAGAGCCACGTTCACGACGTCATCATCACCCGCGAAGCTCCCAATTACCACGTGGAATAGTCTTGGTGATCGTACCGGCCGTGCGGCGCCTCAGCTTCGGGGGCGCCGCACGGTCGTCCTTCTGAGGCGCGACCGAAGAATCCGTGTATTTCGCTTGAACCGCCCAAAACGCCAGCGCTTCGCACCTCACCTTATCGGACTGCCTGCCCCCCCAACTCGAGCGCAGGAGTAGAGCGAGCGGCCTTTTCAGCACGAGCGTAGGAGGTCCGGTCTAAGTTATTTATTAGCGATAGTTTGCGCGAATAAAGGAGGGCTACCCATGAATCCAGGTCGACGAATCCCGTGAAAGCACCATGGCATCGAACCGATGCCGGACCTGGAACCCGAACTCCTCATAGAGTGCGACCGCAGGATGGTTGGA
NZ_CP048114.1_gap108	4504270	4507537	3267	GTACTTTGCTGCGGCGGGCGCGCAGTGCAATCCAGGCGAGCAAGAACGAGATGGAACCAAAGCCAACCCCTGCGGCGACAGCGGTCGACAGATGAACCCTCTGTTCAGGGATGGGGCCGTCGACCAGGGTGAGCAGACCGGCGATCAGGCAGAGAGTTCCTGCCAGAGCAAGTGCGCCATGGCTCGTGAAGTTTGCCTCCAGCACGAACATTGAGACGGCCGCCAGAAGCAGAAAAATCGCGGTGTGGTGGATGGGTAGCAGGTTCAGTCCGAAGAGCGCAAGCAGGACAAGGAGCGTGCCGACGGCGCCCGGCACAATCGTCCCCGGCACATTGAATTCCAGATAGATCAGCAGGGCTCCAAGCACCAGGACCAGAACGGCAAGATCGGGGTTGGCCAGGCGACCGAGCAGCCGCTCGCGGAGAGAGGGGGGGAAAAGAACGATGGGTGCGCCAGCGAGGTGGAGTGTCTGTATGGAGCCATCGAAACGATGAATCTGCCTTCCATCCAGACTGCGTAACAAGGCCGCATCATCGGGGGCAGCCGCATCAATCAGGTTGAGTTTGAGAGCTTCCTCGTCGCTGTAAGATTTGGAGTTCTGGACGGCGTCTTCGGCCGCCTGTTGATTGTGTCCCCGGCGGGAGACATAGGATCGCAGAAAGGCCAGCGCGTCATTTTCGATCTTCTGCTTAAGGATGGGGTCGAGCTTGCGTCCTTCGACGATGGGATGAGCAGCCCCCGCATTTGTTCCCGGCGCCATGGCGGCTACATCCGCCGCTTCCAGCAGAAAAAAGCCGGCAGAGCCAGCGCGGCTGCCTGCGGGGGAGACGTAAATGATGACGGGAACAGGGGAGTGCTCGATGGCCTGGACGATAACACGGGTGGAACTGAGCAGCCCTCCGGGAGTGCCCAATGAGATCAACACTGCGGCGGCGCTGCGGCGATTCGCTTCTGCCAGTCCCCGCACGATATAACCGGCGGAGACTGGCTGAACCGTGTCGTGCAGGGTCAGCTTGAGCACAGGCGCCGGCTCTGCGGCCCGTGAGGCTACCGTGAAGAGGCATAAGACGGCACAGACGATTCCGAGGGCGAGGTGGCTTACGGAATAACGGAGCGATCTCATGCTTGGAAGACCTCTACGGCAGGCTTTGTCCGCGCGCGGCGAGGGCCTGTTTCATGCCGAGAGCAGCGGTGTTGTTGGGCTCAACCTTCAGGGCCTGCGCTACATCCGCGGCCGAGGCCGCAATCTGGTTTCCGTTGAGTTCCAGTCTTGCCAGAACCAGGTATGCTGCAGCGTTCGGTTTCAGCTTGATGGAAGCATGTGCCTCATCCCGCGCGGCTGCGGTATCCCCGCTGCGCTCGCGGATCTGGGCAAGCCCGGCGCGTGCCTGCGCGCTGGCAGGATCGGCGGTCAACGCCGACTGAAACTCCCGCTCGGCCTCCGGGATCAGGCCCTGAGCGAGATAATCGCTTCCCATCTGGACGTACTGAGCTGCCTGCTCTGAGGCGGGCAACGTTGCCAGACGTGCCGCCCGCATCTGATCGATCTGAAACGCAGCCTGACGGAACGATGCCTCCGAGTAGCTGCGACGGATCCGCTCCAAAGGCTCAAAGCTGGAGTTTGCGGTGTTCCCGGTCCGGTTTGCAGTATTTGCCGAAGCCGGAGCAGGAGGCGGCGCGCCCTGTGCAATCAGGCTTTTGAGTAAAGGAGCTTCAGGATCAGCAGGGCGGAGCTTAAGAGCGAGATCGACTTCACGCCGCGCCTCGCTACGGTTTCCAGACCGGAAAAGGGAGACCGCAAGATTGTAGTGGTAGTCCGCGTCCTTCGGATCAGCGGCGACGGCTCGTTGGAAGAGCGCGGTTGCGTTATGTCCCTGACGGCTGAGCGCGACGGCCTGATTGTTGATGACCTCGGGTAGAGGAAGTCGACTGGCGACAAAGCTGAAGGCCTTTTCGGCTTCGGCATAACGCGCTGAGTTGAAACGCGACAGTCCAAGATAAAAATTTGCTTCTAGCGCGAGCCGGTCATCCTTTGGGATGCGATCGAGCGTGACCGCCGCCTGGTCGTAATCGCGTTCGGAGTACTGTGTTTTTCCCAGGGCCAGAAGCGCCGCGGCGTAGCCGGGTGACTGCTGGACCGCAAGCTGCAGCCGTTTAATGCGCTCCCCGGCAGAGCCGGTGCCGGTGCCGCGGATATAGTTTTCAAACGCGCTCAGCCTGACCTGGCCGGATGCTGCTAGAAACGTCTGCTGTGCCACATTGAACTGCGGATCGATATACTTTGCGATCTTCCATGCGATGGTGTTCTGCACGTCGAAGAGACGTCGCAGATCGTTGGATTCCTGGATCGGCGCCGACATCTTTAGCTCATTGACCGACAGCACCTGGGCCTGGGCGGAGATGCGTCCGTTATTGACCGTGTAGGACCCGATGACGACGTAATTTGCATCGAGAGTCTGGGCGATCCGGATGGTCGTGGCGCGGGTAGGGCGAAAGTCCGTGGGGAAGCCGAGGTGATCGAGCGCATACTGACGATCGTCGCGCGAGATCGTCAGGAAGCTGGCCGAGGAGAGCCTCTGATTCAGCGTGTCGGGAAAAGAATCGCCGATCCACGCAAGATCGCTCTGGCCGGAATGGTTCTCAAATGGCAGCACCAGGACGACGCGGCCGATAGATGCTGGCTGATCGGCCTGTTGTTGCGCCGGCAACGGTGGCGTGAAGGCGAGAGAGAGCGCGAGGACCAGGAGAAGACCGCAAAGGGTTGGACGGAATGAAGCAAACCTGAGCACAGCTTGAGTATAGAGCGTCCAAAGCTGGCGCTCCGGATCGTCCCGGTTTGTGAGGAGCGCAAAGCGGGAGGGCTATGGCGTCACGGCTGAGAGCCAATTTGTACGGACGTCACGGCTGATTTGCTGAGAGAGGCGTCGAAGGCGCGGGGAAAATGGAGGACGGCCGCCCATTCTCCCTTGCGCCGTGCCTGCCACACGATCTCACCGTGAAGAAGCGCTGCGGCCTCAGAGGGAGTGAGGTCGTGATGGAAGTCAAAGTACTTTGTGTCGAGGGAACGATTCTTCCTGCTCAGGTCGACGTGGCCCGGAGGCGGCTCCCACTTGGTAGAGAACACCAGTGCCGTATCGTAGCTGCCGGGATCCTGCGCCGCCCGTGAGAGCTGGTCGAAGGCGAAGTTCTGTACGGAGGTGACTCTGACGGGATGCCGGACATAGCCAAGCTCCGGGCGAGTAAGCTCCGCCGTAGCTGGCCAGGCTG
NZ_CP048114.1_gap109	4548363	4549294	931	GACTGCAGTCACTCGTCCATTGACGGTGGTACCCTGCCGGATTGCGACCAGTCCATCTGCCGTAAGATCCGAGGCCAAGGCTCCGGAGAAGCTCTGGCCCTGCTGCGCTGTAGCGCTCGAAAGCGTCTGGGTAATACGTACAGGAATTGTGGTGCCCGCTGGAAGGGTCACGGTTCGGAAGGCTGGCGGCGGAGGAGGCGCGGGTGCGGCAACAGGAGCTGGAGCAGGCGGGGGCGGGGCAGCCTCGGAGACGGCAGGCCGCTCGATCGGCGCAGGCGTTCTCTTCGCAGGCTTAGCCTCGGCTTTTCTTCGAGGCTCAGGCTTCGGCTCCGCCTTGACTTCCGGCGCCGGCGCAGTTGTGGCCACCGGGGTGGGAGTGGGCGCCTCGACTGACAGGTTGTTCACCACCGTTTTGATCCCCGGCACCTGGGAAATATCCGCGGCCGCCAGTGAGCGTGCGGCTTCGTTGCTGACTTTGCCGTTCAGTGTGACAATCCCGTTCTGAACGCCTGCCTGGATCGATTCAGACGAAAGCGCGCTGTCCGCCGCGAGACGGCTCTGCACCTCTTTCGTCAGGCTTCCGTCGTCCGTGGCGGCTGCCGGAGAGGTGTTGCTCTTGCATCCCGCGAGGACGAGCCCAACCGAGAGAAGAGCTGCGACGGCAAATTTGCGTGGTGAGAAATCGATATCGTGAGTGTTCATCTCTGATCTCTTTCGTGCAAAGTAGGCTTTGCTACTGTCAAAGACTCTAAATCAGTTGTGAAGACTCGGGGATATATAGAATTTAAGTCAGTGGAGTTCCCGGTTTGCTATATTCTCTCCCGTCTCCTGATCCAGGCCAGTTTTGCCGGACTGTCGCGGAATTTCTCCGGAGGCGAATGATGCGCGCAACCCGCATGAAATCCGGGGCATCCACACGTAAGAGCATTCA
NZ_CP048114.1_gap110	4554341	4554841	500	CGAAGTATGTGCCTGCGACTGCGAAGTGGACCGAGAACATCGACGATGTGCTGAAGTCGGATGTGGATGTCGTCGTTGAGCTGATGGGCGGCCTCAATCCGGTAGAAGGCTGGCTGCGTAAGGCTCTGTCATCCGGCAAGCACGTGGTAACCGCCAATAAACAGCTGATTGCCTATCGCGGAGTAAGCCTGCAGAAGCTGGCGACGCAGCATGGTGTGCAGCTGGTCTACGGCGCGGCGGTGGCGGGTGGTGTGCCGGTCATTCCAGGAATCCTGCAAGGGTTGAGCGGAGACCGTGTCAACCGGCTGAGCGGCATCGTGAACGGAACCTGTAACTACATTCTGAGCCGGATGGAGACAGGTGCGGAGTACGCGACTGTGCTCAAGGACGCCCAGCAACTCGGTTACGCGGAAGCGAACCCTTCTGCTGATGTCGACGGCTTCGACGCGCGGGCCAAACTCTGTATCCTTTCACGCATTGCACTGCATGCGGAGTTGAAC
