gap_id	start	end	length	sequence
NZ_CP087381.1_gap1	1388	5878	4490	ATTTCAATCGCACCCATTCCACGGTTCTCAAGGGTATTACCAGCCTTGAGCGTGAAATGAGCAAGGAAACCCCCATCGGCCGTCAGGTGACCAACACCGTGGCCATGATTGAACGTAACGGACGAATTACCAGCCTGCGATAGCACGGCTGCGTTTTTCCGTATATTTCTGACTCAGAATGGCACGAATCGCATCCCGATTCGTGCCGTTTTCCGTTTCTGTACTTTTCAAGCGGAGCGGAAATGGATACAGAGATTGATGCCCGCCGGAAAGAGGCGGGTGGATCATAAAAGAGTGTGCTCATTCTGAAAAAGAGCGTGTCGCACTCATGCTTCAAGGAGTGATTATGGAGACGGGACAGGCGTATGTGGAAATAGCGCCCAGACTGCTGGGCCTGCGAGAGGCCGTTGGGCTGTCGGTGGACGAGCTTGCCGCCAAGATCGGTGTGCGGCCCGAAACGGTGAACTTGTATGAAGAAGGCGAGACCGAGATTCCCGTCAGCTATCTTAAGGATGTGGCCAATGCCTGCGGCGTGGATATCACCTCGCTCATTTCCGGCCACGAGGCGCACCTGCACGATTACACTCTGGTGCGCAAGGGGCAGGGACTCAGTGTGGCCCGCCGTGCGGACTACGATTATCTGCATCTGGCATCGCGTTTTACCAACAAACGGATGGAGCCCTTCCTTGTGACAGTGCCCCCCAAGGACGAGAATGAGCTCGTGTGGAACGAGCACGGCGGGCAGGAGTTCATCTATATTCTCAAGGGACGGCTCGAAATCTGGCTCGACCAGCGCCGGCATGAGCTCGAACCCGGCGATTCCATCTATTTCGACTCCAAAATTCCGCACGCTCTTCGCGGTCTTGATGAAGCAGAGGCCGTATTCCTGGACGTGATTAGCTAGTTTCCATCCGGTGCGCGGATACGCCGCGTGAGCACACTTTCCGGTGTGCGGCATCGTGGGATGCCTTCGGATGGAAACAGGCCCTCATGGGCCCGGCCGCCAGCCGTTAACCGGTCAGACAGCAACTGACCCCTGCGGTGTGGCGTTCCTGCACAGAGGTTACTTTGTGCGCTTTGCGCGCACTCCGTATTGACCCGTTTTGAAGGACGCAGAGCCATGCATAAACTTTCATGTTCCAGTTACGAAGAACTTGTTTCCCGTTTTTCCCTTGAAGTTCCCGAGAAATACAATTTTGCCTTTGACGACCTTGATCGTCTGGCGGACGCAACGGCCGATGGTTCCGGCAATCCTCTTGCGCTTGTGCATGTGGATGATGACGGTACCCGCCGCGATTATACCTTTTCATGGCTCAAGGATGCTTCTTCCCGCCTTGCGAATGTGCTGAAAACGCAGGGCCTGCGAAAGGGCGACCGTGTCATGCTGGTGCTGTATCGCCGGGTGGAATTCTGGGTGGCCATGCTTGCCTGCCACAAGGTGGGCGCAGTACCCGTTCCGTCTCCCTCGCAGCTGACTCCCAAAGACATCATCTTCCGCGTCAACCGCGCCAATATCCGCGCCATGATCGTGGAAGATTCCATCACCGACCGTGTGGAGGCTTCCCGCCCCGAGTGTCCTTCCCTGACCTGTCTCGTGGAGGTCGGTGGCACCTCGCGTCCTGACTCGCGTCCTGACGGCTGGCAGGATTACGAAACTGCCGTGGCTGATGCTTCGCCCGTTTTCCCTAAGCCGCAGGGGGATGCGCTGGCAGGTGGCTCTGATCCGCTTCTCATTTTCTTCTCCTCCGGCACCACGGGCATGCCCAAGATGGTGGAGCACACCCATACCTATCCGCTTGGTCACTACATGACCGGCGCATACTGGCACGACCTTGAAGAAGGCGACCTGCACCTCACCCTTGCCGATACCGGCTGGGGCAAGGCCGTGTGGGGTAAGTTTTACGGGCAGTGGCTTGCCGGTGCTTCCGTTTTTGTATGGGATTTCCGTGGCAAGTTCGAGCCTGCCCGTCTGCTTGAGCAGCTTGCCGAACATAAGGTGACCAGCTTCTGCGCGCCGCCCACGGTATACCGCTTTCTCGTGCGCGAGGAGCTTGCAAAGTACGACCTTTCCGCCCTGCGTCATTGCACCACGGCAGGCGAACTGCTCAACGACAGCGTATTCCTTGCATGGAAGAAGCAGACCGGCCTGCCCATCTATGAAGGCTACGGTCAGACGGAAACCACCTTGCAGATCTGCACTCTGCCCACCATGGAGCCGAAACCCGGTTCCATCGGCCGCGCTGCTCCCGGTTGGGATATCGTGCTGCGCGATATGGCAGGCAGAATTTGTCCTCCCGGTGAGGAAGGCGAAATTTGCGTGCGTGTTTCGGAAAAGACCCCCGTGGGCCTGTTTACCGGTTACATGGAAGACCCTGAAAAAACCGCTTCCGTCATGCTGAACGGCTACTACCATACCGGTGACAAGGCGTGGGTGGATGAAGACGGCTATTTCTGGTTCCTCGGCCGCGTGGACGACCTGATCAAGTCCTCGGGCTACCGTATAGGACCTTTCGAGGTGGAATCCGCCCTTGTGTCGCACGAAGCAGTGGTGGAAGCCGCTGTTACCGGCGTACCTGATGATCTGCGTGGTCAGATCGTCAAGGCAACGATTGTGCTTGCTGCCGGTTTCACGCCGTCTCCCGAGCTTACCAAGACGCTGCAGGATCACGTGAAGAAGGTGACAGCTCCCTACAAATATCCGCGGATAATTGATTACGTGGCCGAGCTGCCCAAGACCATCTCCGGCAAGATCCGCCGTGTGGAAATTCGCCAGCGCGACGAAGAAGCCGCAAAGAAATAGTATCCGTCGGGATATCTATATAAAAGGCCGGGAGCATTCGCTTCCGGCCTTTCAGCTTAATGTTAACCCCTCGTTTTCAGTATAACCGTATTTCCGTTAAGGCGGAACTGGGGTCCAAAAACGGATTTTCATCGCTTATACGAGGTGCAGGAACGTTAGGTTCCTGTCCGGCGGAGCCAAAAAAATACCAAAAATGACTTTGTCAGCAGTCTGAAAGGCCGGAAGCATAAGCTTCCGGCCTTTTTTCGCAGTCGCGTCTTGTCGTCGCGTAATCTTGTCGTCACGGTATGGCGTTGCGAAAGGCAGGGCTTCCGCCATCGCCGATCCGATGGCACCACGGGCATGGCCGTATCAGACCTTCTGGCGTACGCCCTTCATGGTCAGGCCGATGCGTTTGCGCTGCTGGTCCACTTCCACCACGCGTACACGCACGCGCTGTTGCACACGCACGACATCCGCAGGGTCCTTCACAAAGTTGTCTGAAAGCTGGGATACATGCACCAGACCATCCTGATGTACACCGAGATCCACAAACGCGCCGAATTTGGTCACGTTGGTCACAATGCCGGGCAATTCCATGCCGGTGGAAAGGTCGGCAAGGGTATGCACGTCGGCAAAGGAGAAGGGCGCAAACTCGGGTCGCGGGTCGCGGCCGGGGCGTGCCAGCTCCTGAACGATGTCGGTCAGGGTGGGCAGGCCGATGGTATCGGAAACGTAGTCCTCAAGGCGTATGCGCTTGCGCAGGTTCTCGTCGCGGATGAGGTCGGCAACGGTGCATCCCTGATCCTTGGCCATGCGTTCCACTATGGCGTACGATTCCGGATGCACGGCAGAAGCATCAAGCGGGTTCTTTGCGCCGTTGATGCGCAGAAAGCCCGCGCACTGTTCATAGGCCTTGGGACCGAGGCGTTTGACCTTGAGGAGCTCCTTGCGCGATGCAAAGGGGCCGCTTTCCGTACGCTGGGCAACGATGTTGGCTGCCAGCGTGGGGCCGAGGCCGGAGACGTAGGTCAGCAGTTCCGCGCTGGCGGTATTCAGCTCCACGCCCACGCTGTTCACGCAGGATACAACCACGTCTTCCAGCGAGCTCTTGAGGGCTGTCTGGTCCACATCGTGCTGATACTGCCCCACACCGATGGCCTTGGGATCGATCTTCACCAGTTCGGCAAGGGGGTCCATGAGGCGTCTGCCGATGGACACGGCGCCGCGTACCGTTACGTCGTGGCTGGGGAATTCCTTTCGGGCCACATCAGAGGCCGAATACACCGAGGCTCCGCTTTCGTTGACCATGACCACCATGACGGATTCCGGCAGCCCGAGGCTGCGGACAAAGGCTTCCGTCTCGCGCGATGCCGTGCCGTTGCCGATGGCGATGGCTTCGATATTGAACTTGGAGACGAGGGTGGTAACGCGTTTGGCAGCCTCTTCAACCTTGGCACCGCCGGTAACGGGATAGATGGTCTCATTGTGGAGCAGAGCCCCCTGTGCATCGAGGCATACCAGCTTGGCACCGGTGCGGAAGCCAGGATCGAGCGCAAGCACGCGCTTCTGTCCGAGGGGGGAAGCCAGCAGCAGCTCGCGCAGGTTGGCTGCAAACACGGCTATGGCTTCCTCGTCTGCGCGGTTCTTGAGCAGGGTGCGTGCCTCGTTTTCCATGGAAGGGGCAAGAAGCCGCTTGTAGCAGTCTTCG
NZ_CP087381.1_gap2	11338	16287	4949	TCGATCATGGGGGATGCCTCCGAACATGCGGATGCCGTGTGCGCCTCCTCGTCCGGTGCAGTGCTTGTGCAGGATAACGTGGTCCACATCTGCCCGCCCGAGGCGCTGATCGAAAATCCCGCCCTGATATTACAGGCGCTGGATGAAGCCGTTGTCCGGCCGGATGGTGCAACCCCTGTGTTGTCGTGGGAAACGCGGCAGACCATATCCCGTCTTGTGCGGGAGGAGCCGGAACGCCTGACGGAACTGGAAGGAGTATGGCCCACGCTGGTCCGCATTCTCACTTCCGGCAGGGCGTTTGACATCATGGAGCAGATGGTCGGCGTGGGGCTGCTTTCCGCGTTCATGCCCGATTTCGGCAGGGTGCGCGATCGCGTGCAGTTTGACGGCTTTCACACCTATCCGGTGGGGCAGCATACCCTGTTCGTGTTGAGCTATCTGGAATCGCTTCCCAAGGAGCAGCATCCTGTTTTCACTCCGCGCTGGGAAAAGCTTGAGGATGTGACCGTGCTCATGCTTGCCGCCCTGTTCCATGACCTTGGCAAAGGCGGCAACGATGCCACCTCGCACTCGGTCAAGGGAGCTGCCATGGCGCGCGCCCAGCTGGCCCTGTGGGGCGTGGACGAAGCCCTTGCGGAAGAAGTGGCATTCCTTGTGGAGCACCACCTGTTGCTGGCCCGCACGGCTCACAGGCGTGACCTGTCGGACGAATCAGTCGTTGCCCAGTGTGCCGGAACCATTGCCACGCAGGAACGGCTTGATCTTTTGTATCTGCTTACCTACGCCGATTCGCGTGCCACAGGTCCCAAGGCATGGAACCAGTGGTCCGCATCGCTGTTATCTGAACTGTACGGCAAAGTTGCCAACATGCTGCGTGACAGCACGCTGGCAACCCCGTTGTCCGCCCGTACCATATGCGACACCCGCAAGCGTGTGGGCGAACTGCTGATGCAGCCGGAATCTCCGGTGTCGTTTGAGGAAGGCGAGCCCATGCTGGAGCATCTGCCTTCGCGCTATGCATTGGTGGTAAATCCGGAGAACATTGTCCGGCACATGGGGCTGGTGCGCGAACTGGGCAAGGAAATCAAGGACGCACAGCGCAGGCTCAGTGAAGAAAGGGCGGCGCGGGGTATTGTGCTGCTTGATCCACGTCCGCTGGAGGGCAGGCAGAGCGATGTGTGGGAGCTTGTGGTGGTGGCCCGCGATCAGCATGGCCTTTTCGCCACGGTGGCCGGGGTGCTGGCGCTGCATAACCTTAAGGTTTTTTCCGCTGATGCGTTTGTCTGGAGAGACGGAACGGTTGTGGATGTCTTTCATGTCTCTGCACCGCCGGACCCGCTGTATCCCCGCGAATTCTGGGTGAAGGTACGCGGTTCCATCCAATATGCCCTCACGGGCAAGCTGTCGCTGGAGTACCGCATAGACCAGACCCGCGACCAGTTCCCCAAGCCCCATAGGGGCAGGAATGATGTGTCCGTGGTCATAGACAACGGTCTTTCCGATTTTTATACCGTGATTGAAATTACCGCTCCCGACAGGCGTGCGTTGTTGTATGATGTGGCCCGTACGCTGCAAGCCATGCGGCTGGATATTCTGTTCGCCAAGATTGCCACGCTCGGGACGCAGACCAACGACAGCTTCTCCGTGCGGGATACCTATGGACAGAAGCTGCTGGATGACGATCAGGTCACGGAAATCCGCAATGCGCTGCTGCACGCCCTGCAGCAGTAATCCGCCTTATTTTTCATTGTTAATCAGTAGGGAGTTTTTCTCCCGACATGAGTGCGCCGGATATCGCAGTTGCGTGCTGGTGCAGAATGTATTGTGATTGTATATGGGAGAACTGAGTTGAACGAATATATTCTGACAGCAGCCATCTATGCGGCTGCCGGATTTGTGCAGGGGCTTACGGGCTTTGGCTCGGCTCTTGTGGCCATTCCGCTGATGACAATTTATATGCCGTTGTCAGAAGCTGTGGCGGTATCCATTCTGTGCGGCGTGGTGCTGAATGCACAGGTGGGCTGGAGTTACCGGCGCTACGCGGACCGCGAACGTCTCCGCCCCCTGTTCATAGGCGCTGCCCCCGGGGTTCTGGCCGGTGTGTACCTGCTGCACAACGTACCGGGCGACATGATGAAGGCAGGCATGGGCGTGTTTTTGATGCTGTATGCTGCCTACGGGCTCTTTTTCGAACGGGTCAAGGCGAGGGGCATATCCCGGCGTTGGGGCTATATTGCGGGATTTGCCAGCGGTGCCATAGGTGCCGCATTCAGCGCAGGCGGACCGCCGACCGTGGTGTATGCAACCTTGACCGGTTGGCCCAAGGACGTGATAAAGGCCGCACTGGCGTACTTCTTTTTCGCTGTATGTATCGTCTCGGCGGGAGCTCATGCGGCATCGGGCATGTGGAGCCTCAAGGTGCTGACCATGTTCGCCCTGACGGCTCCGGCTTTGTGGTTCGGAACGCGCCTTGGCATTCGCTTTTCCGGCGGAATAGGGGAGCGAACCTACCGAAGGCTGCTCTTTACCATGCTGGCCTGTATGGGCGTGCTCATGCTGCGTCCTTTCTAGATGCGTTAGTCTCTGGTTCTGTCGAGCTGACATAGCCGTGCCAGCACCCGTACACGTCCTGCCTGTCGTTGTCTGTAAGGGGACAGGCGAGGCTGGCCGCAAAAGGTCACTTCGTCTTTGCCAAGAGCAGAATATGTGCAGTGTAATGGCAGTAAAAAAGGCCGGTTCCTCGCGGAACCGGCCTTTTGCTTGGCGTATGTGGGGCTACAGAATCTGTTCAAGGAATTTCTGCAGGCGCGGATGCTCGGGGCTGTTGAAGAAGTGGTCAGGCGTGCCCACTTCCAGAATTTGTCCCTGATCCATGAACACGATGCGATCTGCCACTTCGCGGGCAAAGCCCATTTCATGTGTTACCACGACCATGGTCATGCCTTCTTTGGCAAGGTTGACCATAACATCCAGAACTTCCCCGATCATTTCAGGGTCCAGCGCCGATGTGGGTTCGTCGAAAAGCATGATCTTGGGCTGCATGGCAAGGGCGCGGGCAATGGCCACACGCTGCTTCTGTCCGCCGGAAAGCTTGGCGGGATAGACATTGGCCTTTTCCGAAATGCCAACCTTTTTCAGCAGGTTGAGCGCGGTGGATTCGGCCTCGTTTTTTGCTACCTTCTTGAGCCGCATGGGGGCCATGGTCAGGTTTTGCAGAACCGTCTTGTGCGGGAACAGGTTGAACGACTGGAATACCATGCCCAGCTCCTGACGGATGGCATTGATGTCATTGCCGGGATCGTTCACGTCCAACCCGTCGACAATGATGTTGCCCTTGTCGATGGTTTCCAGCCGGTTGATGGAGCGCAGCATGGTGGATTTTCCCGATCCGGAAGGACCGATCACCACGACTTTTTCGCCTGGCTGAATGTCCAGGGTTACGTCGTTGAGCGCCGTGAGCTGGCCGAAGAACTTGTAGACGTTCCGTATCTGGATAATGGGGGAATTAGTGTTCGTCATAGTAATTCAACTTTGCTTCCATGATGCTGACCGCCTTGGACAGCAGCAGGGTGATACACAGATAGATGAGGGCAACCATGAGGTAGGCTTCGAAATACTCGAAGGTTACCGACGCATATTCGCGGCCGCGGCGGAACAGCTCGGAAACGGCCAGAACGGAGATGAGCGAAGAGTCCTTGAGCAGTGCAATGAATTCGTTACCCACGGGCGGCAGAATGGTGCGCCATGCCTGCGGCAGTACCACCAGCATCATGGTCTGGCGGGAGTTGAAGCCCAGAGAGCGGGCCGCTTCGGTCTGCCCCTTGTCTATGGCGTCTATGCCTGCGCGGAATACTTCGCCCATGTATGCGCCGTAGCACACGCTCATGGCAATGACCGCAGAGGCAAGGTCCGAGAGCTGTACGAATTTTCCGAGTGCGTAGTAGAGGAAGAATAACTGAACCAGCAGCGGAATGCCGCGGATTATTTCCACATAGGTAGAGGCGATGAGGTTGATTGTCCTGTTCTTGGAGAGGCGGCCGAGGCCTGTTACGAGGCCGATGGGAATGGTAACGAGAATGGAGGATATAGTGACCTGAAATGTGACGAGAATGCCGTCAGGCAGGAATTTGAGAATCTCGTAGTAGGGCTGTGGCTTTGAGATGCAGAGGTATAGGATAGAGCCGATGGCAAGGAAAAGCGATATGAGCCATGCGGAAACAAGGTGTTTGTCCTTGCTGGAAGGAATGAGCATCCCATCCGTTACCGCAATGCGTATTTCTTTTTTTTCTACAGTCATTGAATACTCGGATATGCTGAGTGGTCTATCAAAAGCAAGGGACCGGTACAACAGTACCAGTCCCGATAATAGCTTATATTACGGCTGGTTATTTGCCAACCCACTTTTCGCGAAGAGCCTTTTCAATGCCCTTTTCCTGAACGGCCTTGATGCCCTTGTTCAGCAGGTCAACCATTTCCTTGTCGCCCTTCTTGACCACGAAACCATAGTATTCTTTCTGATCGGCTTCAACAATGAAACCGACCTTGAGCTTGCCGGAGTACTTTTCGTTGTTCAGCACGTAGTCAAAGGCGGTTACGTCGTCGCAGATGGCGGCATCGATACGGCCGGTGAACAGAGCTTCAACAGCGTGGCCCACTTCGTCAAATTCCTTGGGGGAAACGCCGCCGTCCTTCTTGGCAACAAAGATGCCGGTGGTGCCGATCTGGCCGCCGATGGTCTTGCCCTTGAGATCGGCAAGAGTCTTGGCTTCGCTGGTAACAGGCAGGATAACAGCCTGTTTTACTTCAAAATAAGGTTCGGAGAAGTCGTACTTGGCCTTGCGTTCTTCAGTGATGGAAACGGAAGAAGCGATCATGTCGTACTTGCTGTTGGCAAGACCGGCGAAAATGCCGTCCCATGCAACGTTCTTGTGCTCGACGGTAAGACCGAG
NZ_CP087381.1_gap3	33270	37825	4555	GGGCAGCATTTGTGCCGGAGCTGGGCAAGGGGGCTCTTTACAAGTTTGGTATCCGCGGAGTTGACGGGCGGGTGATGTACAAGACCGACCCCATGGCCCTGTATGCGGAAATGCGTCCCGGAATAGCCTCTGTCACGTGGGATCTGGATAACCATCAGTGGCAGGATGAGGCATGGATGCAGCGACGCCTTGACGAAGGTGCGCCTCTGCACGGTCCCGTCTCTATCTACGAGGTGCATCTCGGCTCATGGATGCGTCACCACAACGGCTACGGCGAGCATAGTCCCTTTCTGAACTACGACGAGATTGCGGACCGTCTCATTCCCTATGTGCAGGAAATGGGGTTCACCCATATCGAGCTTATGCCCATAGCCGAGCATCCGCTTGACCAGTCGTGGGGATATCAGACCAGCCATTATTATGCCCCCACGTCCCGTTTTGGCACGCCTGAGATGCTCAAGAACTTTGTTGACCGTTTTCATCAGGCGGGCATTGGCGTCATTCTGGACTGGGTTCCGGCGCATTTTCCCAAGGATGAATGGTGCCTCGGGCGGTTTGACGGCAGTGCGCTGTATGAGCATCTGGACCCCCGCCTTGGCGAGCACCCCGACTGGGGTACCTATATTTTCAACTACGGCAGGCACGAGGTACGCAACTTTCTGTTTGCCAATGCCCTGTACTGGCTGCGCGAGTTCCATTTAGACGGGCTGCGCATAGATGCCGTGGCGTCCATGCTCTATCTCGACTATTCGCGTAAGCAGGGCGAGTGGGTGCCTAATATGTACGGCGGCAGAGAAAATCTGGAAGCCGTCGATTTTCTCGGCGAACTGAACCGCGTTGTGCATGCCGAGTTTCCCGGTGCCTGCATGGTAGCCGAAGAATCCACGGCTTGGCCGGGGGTTTCCCGTCCCCTGTATGCCGGAGGGCTTGGTTTTACCTTCAAATGGAACATGGGCTGGATGCATGACATGCTGGACTACATGCGCAAGGACCCCATCTACCGGCCCCACCACCACAGCAGTCTGACGTTTTCCATGCTCTACGCCTTTTCGGAGAATTTTGTGCTGCCGCTGTCGCATGACGAAGTGGTGCACGGCAAAGGCGCGCTGCTTTCCAAGATGCCGGGCGACATGTGGCAACAGCAGGCCAACCTGCGCCTGCTTTTCAGCTACATGTGGGCGCATCCGGGCAAAAAGCTGCTCTTTATGGGCGGCGAGTTCGGCCAGTGGAACGAGTGGAGCGAAGAACGCGAGCTGGATTGGTGCCTGCGGCAGTTCCCTGCGCATGAGGGCATCCGCAATCTGGTGAAAGACCTGAACGGCGTGTTGGTGCGCGAACCGGCCATGCACAAGGCAGATCACGACTGGAGCGGATTCCGTTGGGTGGATATTACCGACTATGCGGCATCGGTCATCAGTTTTCAGCGCATGGCACCGGAGGCACGACCGCTGCTCTGGGTATTCAACTTCACGCCGGTTGTGCGGCAGCATTACCGCATAGCCTGTCCCGGCGGAGGGCAATGGCAGGAACTGCTCAACTCGGACAGCGAGCATTACGGCGGTTCCAACGTGGGAAACAACGGTGCGCTCATGGCGGAGCAGGACCATTTCAGCGGCGGGTATTATCTTGAGCTTACGCTGCCTCCGTTGGCGGCTCTGTGTTTTTCGCCTGTTTCTTCCGGCAGCAAGTAGTCCGGCGTGGTCTGGCAGGTCTGGCGTGCGGCGGCCGAGAAATCCGCGTAATCCGTGAAATTTGTGTAATTCGTGTAATCCGTTGACACGTGCGGGTCGTGTGCTCTGTGTCACCCAGTGTCGTGCAACAGAGCCGCCCTTCATGAACGGACGTGCGGTAATTGTGCAGTTGTCCCTTGATCATCGAACGCTTGCCCAGTAAAAAGCCTGTCGGATTGTCAGCTCTCAACAAGGCGGGAAAACGTATGGAACCGAAGATCATTGTGCACGGCGGTGCGTGGACCATTCCCGCAGACCGCCAGCAGGCGCATATAGACGGCTGCCACGAGGCGGCCGAGCGCGCATGGACCATGCTGCAGCGTGGTGCCACGGCACTGGATGCCGTGCAGACGGCAGTGAACGTGCTGGAAGTTGACCCCACCTTTGATGCGGGGCGCGGTTCCGTGCTTAACAGCGACGGGCAGATAGAGATGGATGCCTCCATCATGGACGGCAGAGATCTGAATTTTGGGGCTGTTGCGGCGGTGCGCCGCTACATGACGCCTGTGGATATAGCCCGCAAGCTCATGGATACGGAATTCTGCTTTCTGGTGGCCGAGGGGGCAGAGCGCTTTGCCCGCGAGCAGGGGCTCAAGGAATGTGATCCCCGTGCACTGGTGACGGAGCGTGAGCTCAAACTTTTCGAGACCATTTGCAATCAGCAGGGCTATTGCACCCACAACGCCTTCAAGCCGGTGCCCCAGGGCACGGTGGGGGCGGTTGCCATAGATGCGTACGGCAACATGGCCGCTGCCACCTCCACAGGGGGGACTCCGGGCAAGAGACCCGGCCGTGTGGGCGATGCCCCCATCTGCGGTGCCGGTGTCTATTGCGACAACCTGCTCGGCGGGGCTTCCGCAACCGGATTTGGTGAAGGTATCATCCGCACGCTCATGTGCCGGTCTGCCTGCGAGTATCTTGCGGAAAACGACGCCATGGCCGCTGCCCGCAAAGGCATAGAGCTGCTGCATGCGCGTGTGCAGGGGCATGCGGGCATCATCATGCTCAACAACAAGGGCGAATACGGGGTGTTCCACAACACCGACCACATGGCCCATGCCTATGTGTTGCCGGACGGTACCATCCATGCCTCGGTACACAAGGACAAGTAGTCGCGGAATTTGCTGAAAACAAAAGCGGGGCACCCATGGTGCCCCGTTCAGATAGCAGACAAAGTCATTTTTGGTATTTTTTGGCTCCGCCGGGCAGGAACCTAACGTTCCTGCACCTCGTATAAGCGATGAAAATCCGTTTTTCGAATCTCAGCTTCGGCTTAACGGAAATACGTTTTTACTGATAACGAAGGTTTGTCGGTAACCTGAGGCGGGGCACCATGGTGCCCCGCTTTTTTGTATTGTATTTGCGTCTTACTTTCGCCGCGACTTCATGTAGGCGGCAATACCCATCAGGCCGAAAATGTAGCCTATGCCCCCCATGATGTCCTGCACTGTGGGGCCATGCTGGGTTTCTTCGGCAAGCTGGCGGCGAATGGGAGCCAGCTTCTTTTCCAGCGCCGCATCCACGGCCTGCGTGACGATCTGCCGCAGTGCTTCGGCATCCACTCCGCCACCAAGTGGGGCAGAGTTAGCGGAAGAGGCAGGGGCATCGGCCTCCATGAAGGGAGGCATGTCGCCGTCGGAATTGTCCGCCGTCTGCTGCGTGGCCGGACTTGCCGTTGCTGCTCCGGCATATTCGGTTGCGCCAATGGTCCACGTGTTGGCGTGTCCTTCACCGGCGTTGAGCGTGAGCAGAATATCGGGCTTTCTGCTCAACACATCTTTGGAAAGAGTAAAACTCCATATCCCGTCCGCGCCGGTATCACCTTCCGCGAGTACAGCGCCGGTTTTCTTGTCCGTGGCGGTAACGTGGCTTTTCTGTGCCTTGTTGCCGCTGCTGAACGTCGCTTCTGTATGAATGGTCGTGCCTTCCGCCCATGCGAATATGTTCACGCGGTGGGCATGCGCAGCCGGGGCTGCAAGCAGGGTGAGGAGCAGGGCACAGATGATGCCGGTCAGCCGGCGGGCGGAAGACGGATGCGACATGAATACCTCCGGAGTGGTCGTGTCTTTTGCGTGTGACGGTATCCCTAATCGTGCTACTGTGCAAGAGGGTGTGAAATAAAATGAGCAGGTTACCGTTCAGGCACTCAGGAATTTTCATAAACTCCTTTACAGGGGTATTTTGCTGGAGTACTGAGTATTCAAACAGCTAGGGGAGCCGGAGCTATGCGCAGCATGGCGTCGGCTGAGAGTGGGCCAAGCCCAGACCCTTCGAACCTGAATCGGTTGACACCGGCGTAGGGAAGCTGCAGCAACAAACGTTGCCGTAACGCTTACCCATTCAGGTAGGCGTTTTTTTTATGGCTTTTCCCTTGCGGAGAAGCAGACAAACAAGCTGGGGGAGCCTGCCGGAGTATGCAGGCTGAGAGTGGATGGTATCCAGACCCCTTGAACCTGACGCGGTTTACACCGCCGGAGGGAAGCTGTCCGCAGTAGCGGTATATTGGCTTGCCTCTTGGCAGGCCTTTTTTCTGCCGTGGAACAGGAGGAAAGGATGACTATTCGGGTAAACGGAGAAACAACCGAATGCGCGGATGGCCAGACCCTGCTCGAATTTTTGGAGGGCAGGGGGCTGAATGTGCGTTCCGTGGTGGTGGAGCATAACCGTTCCATCGTAGTGGCTGATGACCTTGGAAGCGTCCGGCTTGTCGCCGGGGATGAACTCGAAATCCTGCACTTCGTAGGAGGGGGCTAATGGAACACAGCAACAACAACGACCCTCTGGTAATCGGTGGCGTCCGGCTGCAAAGCCGTCTGTTCATCGGT
NZ_CP087381.1_gap4	47961	51663	3702	CAGAAGTGGAAAGCTGGGGCGGCCTGCCTTCCGGCATCACGCCCGCGCCCGGTTCCAACCTCTTCCCCAGAGCTGATCTGGATGCCCTGCGCAAGCAGTCTGAAGAAGCCAAGCCTGCCGCGGCAAAGGATGACAAGAAGGGCAAGGAGCAGAAGAAGGCGGACAAGCCCGCACCGACAGAACCGGCCGAGATTGCCCCCATCGACTTTGAAGATTTCCAGAAGGTCGACCTGCGTGTCGGCACCGTGCTGCTGGTTGAGAACCACCCCAAGGCAGACCGCCTGTACCGCGTGGAGATTGATCTGGGTGAGGAAAAGCCCCGTCAGGTGTGCGCAGGCATCAAGGAATTCTTCACGCCCGAACAGCTTGTCGGCAAGCAGGTGGTGGTTGTTGCCAACCTCAAGCCGAGAATGCTGCGGGGTATTGAATCCCACGGCATGATTCTGGCGCTGAAGACGGAAGACGGCATGCAGCTGCTTACCGCAACGGCCACCGTTCCTACCGGAACCAAGGCTTCCTGATCTGGTAAGAGCTTGTTTGGCCTGGTCCGATTCGGTCTAGCCTGTTCTATTTGGAAAAAAGCAAACGGCCTGTCGCAAGACAGGCCGTTCAGTTTTAGTAAAACGCATTCCCGTTAAGCCGGAACTGAGGTTCAAGAACGGATTTGTATCGCTTGTACGAGGTGCAGGAACGTCAGGTTCCTGCCCGGCGGAGCCCAAATATACCAGAAATGACTTAGTAAGCAATTTAAGCGGCCTGTCGTACGACAGGCCGTTATTTATGTGCGTAAAAAGCTCAGGTCAGACACGGAAGCCGATGGCCGTGGCAAACCTGCGCGCACCGGCTGATCGGAAGCCGGTTTCCCACATCCGGTTCTGCACGGCCCACAGGTCGGGGTGCGGCAGCAGCGTTCTGGCCCGTTCCACTATGGATGCCGCCCGCTCCCACTGTCTGTCGGCATCCTTGGCGTCCGGTTCTGAGGCGCTTTCGATGAAGCGCAGCAGGCGCATGGTCAGCCAGTTGGTTATGACTTCGCGCCCGCCGCCGATGAGCAGGCCGCTGTCTGTCAGAAACTGCGCGAGTTGCCTGCGCTGGTTGTCCGAAAGGCCGGGGTGTTTCATGTAAGCCACGGCCAGAGCGGGAGCATTGGCCTTCCAGTGATGTCCCATGGGCTGATCGTGCTGCGCCTCAACCCATGGCTCAAACAGGGCCACGGCATTGGCGGCATCTTCTTCAAAGGCATCCAGGCGCTGGGTGTTGGCTACTTCCATGGCGCGCATGGCAATGGCCTGCCGTTTGTTTCTGGGCAGTTCCGTATAGCGCAAGGTCTGCCTGCTGCCGTCTTTGCCGGTGATGGTGATGGCGGTTTCATGAATGGTTCCGGCCTTGGGGGGCATCCATTCCCATTCCACGGGTGAGCCGTCCGGCTCGTTGGCCCAGCGGATACGGGCTTCGCCCGACAGGCTGCCGCCGACAACATCGGTAGGCAGAATGGTGACGGTGAGGTTGCGCCATTGTACCGTATTTTTGATGTTGGGGCAGGGCAGTCGCTTTTCCGCCCACAGACGCAGCATGGCCTGCAGAATGATGCTGGCTTTGGTTTCTCGTCTCGGCAGCACATGGTTTTCAAAGACGGTGCGGCCGGTGCCTTCTTCCGTCTTGTTCGAGCGGGCCTTTTCGAGAATGGCGGCAAAGTCGCTTTCCAGCGTGGGGCCGCCCGTGCCTTTGAGTATCTCCAAGGCGCGCAGGGCGTAGGTCATGCTGTTTACCGGCTCTATGCGCGATATTTCGTCAAAGAACCAGGCACAGCTTGCAAAGGCGGCAAGGGCCTGTTCCTGCATGGCGAGCAGTTGCCATGCCTTTTTAGTGGCCTCGGGTGTGAGGCCGGGGGTGAAATGGTCCGCTGCGAAGGCTTCGCGGGGTACGGAACCGGCAAGGATTTCGCCGTATTTCTCGAGCGCGGCGGCACTGTTTTTGAACAGGGCGGCCTCTGCTGCTGTGTGGGCATCCACGGCTTTCTTCATCATGTTCAGTGCTTCGCGGAGCGGCGTCCGCCATTCCTGATTCCACTGAGGGTGTCCGCCGTCCGTGCATCCGCAGTTGCTCCGCCAGCGCTCTACGCCATGGGCGCAGCTCCATGCGCTGGGTTCGTGCAAGCGTACCTTTCTGGTGGGCGGGTTCTGGGTGAGATAGGTGGCATAGTTGGTCAGGCGTATATTGTCCCGTCCCGAAATGGCCTGTCCGAGCGTGTAGGCAAGAGCCATCTCGCCGAAGGTGAAGTGATGGCCGTAGGTTTCACCATCCGTGCACACTGTGAGCAGGCCGCCGTTGGCCGCACCGCTCAGTTTCTGCCAGAAGTTTTCGCCGTCCTGCAGAAGCCGTTCAAAGGCAACTGCCTGAGACAGGGGACCGTTGTAGAAGAAAACGGCAATGCTCCGGCCGGAGGGCAGCTCGATGTTGTATGGCTCGGATATGTCTATTTCTCCGCCGCGCACGGGCTGCCAGTGTTCCTGTCGGTCGTCTGGACCCGATTCGGCTACAGCTGCGGCCTGATGCGGGGAAAGAATGGTGAACAGAATGCCCTGACGGGCCAGTTCTTCCAGCGTGGCAGTGTCTGCCGCGCATTCGGCAAGCCACATGCCTTCCGGTTCCCTGCCGAAGCGGGCGCGAAAGTCCGCGCGGGCCCAGGCGATTTCAAGTTTCTTGTCCTGCGCCGAGGCAAGGGGGAGAATGGTATGGTGGTATACTTGAGCCATGGCGTTGCCGTGCCCCCAACGGGCAATGCTAACGCGGTCCGCATCCACCATCCGTTGATAGGTGGGGTAGTCGTTACGTTCCATCCAGCCCAGCAGGGTGGGGCCCGCATTGAAGCTTATCCATTCGTAACAGTTCAGGATGTCAGTTATGCACCCTCCGCTGTCCGTACGTCTGGCCCATGCAAGAGGAGCGTAACTTTCCCGTGTTATACGTTGGTTCCAGTTCAGGCTCGGGGCTGCGCTGTCCTCGGGAAAAATTTCTCCCATCCATGGATCCTCACGGGGAGGCTGATAGAAGTGACCGTGAATACAGAGTTGTCGGGACATGCGATGATACTCCTGAATTTGGGCGGATAATATATCATCTATATCATCTTTTTATTTCTCTGGGGAGTCATTATATCTTCACGATTCCAGAATAGGATCATACCGCAAGACAGTTTTGTCCGGGGAGGCCGGCATGGCGATAAACGCTTTCGAGGGTCTGGATTATCCCATAAAAGGGGTTTTCTCCACAGACCGTGAGATGAAGATAGGATTTGGTGCCACGAAGCGTACTGTCATGCAGAACGTGCTCGTGTTCGTGGAACAGGATAAGGGGGGGCGGATATGGGGGCAGGTGATCAACGAAAATGACATCCCTTCGGGGGAGCGCTTTGTCATTTCGCAGGAAGAATTGCTCGAAGCATATCTTCCCGATCCCTCGGTCTATCATAAAAGGGTGCTGCCTGCTGTGCGCAACCTCAACAAGACCATTTCGCGCGCCGAGCGGCACCGCAGCCACGGCGAGTTGTTCAGTGCCGAATATGAGTTCAACAATGCCCTGCAGATAGACGAGGAGAATGTGCGTGCCACATTCGGCCTCGGGCTTGTGTATCTGGACAGGGCGGATTCGCAGAAGGCGCAGCAGGTATTTGAGCGTCTCATTCTGCTGGATGCGGCCTTT
NZ_CP087381.1_gap5	52846	57828	4982	CCCTTGACGGAACCGCGATGTTCTGGTCTGCAGTCCTGTAAGGAACAGGTTGGGTCAGTTCTATTCTGTTCTGTTTTGTGGGTTTCGTGCTGTTCCGTGCAGCCCCTTGCCGCCCCCTTCGGCCTCTTCGACTTCCGGCGGCTTTGCCGGCATTCCGTTTACTGGCTGCAGACAAGCGGCGCAATGCAGGCGTTTCTGATCCTCTCTCTTTTGCCTTCAACGAACCGGCTTTCCCCTATGAAGTACCGTCAGGATTTCAGACAGAAACAGGCATTGTTCACCCTTGAGGGGGTGAATACCATATGGGGTACCATCGTGGATGATGCCGCGCTCATGACGCTGCCCAAGCATTACGAAGTTTCCGCCATGGATTCGGACGCCTTCTTTCTTCTTGTGCGCGGCTCCCTGAGACTTTCCTGTCTTGCGGAAGACGGGCAGGAACGCACTGTCATGCGCCTTGGTTCCGGCACGTTGTTCAACGAGGTGGCCCAGTTGCACCTGTCACCCATGCATGCCTACAGCATGCACACGCTGGAAGAATGCGAAGTGGCCAAGTTTCCCAAGTCGCTCCTTGATGACGAGGAATTCTACCGCACCCATCCCGCGCTTATCCGCAACCTTGTCCAGTCCATAGGCATAAAGGCCGGTGCCTTCTTTTCGCAGCTGTTCGATTCCAACCTGCTGGAAGTGCACGGCAGAGTATGCCGCTCCCTGTATCAGCTCTGGAAGGAGAGCGGAGAGAGCCCCGCATTTCGCCCGAATATTTCGCAGGGGGAACTGGCCACCATGCTCGGCGTACATCGCAGTTCGTTGTGCCGTGTTGTGCATTCCCTGCGCGAGAAGGGCATAGTGGGCAAGTTCTCCAAGACCCGGCTGGAAATTTTCAACCCTGACCTGCTGCGGACCGCTGCCGGAGAGGTGTTTCCTCACAAGTTCTAGCGTTTGATTGTGTCACAGCCCTGCAGCCCGCCGGATTTGATTTCGGCGGGCTTTTCAATTTTATTGATTGTTCCGTGAAGATAAAAAGAACGTTTTTTGTTTTTTGTCTCTTTTGAGACAGATTTCACAAGTCTCCTCATGCATGGATGACATGACGGTTGGAGATTCCGGCCTGCCGGGAGCCTCTATACATCCATACACAGGAGAAGACTGACCATGTCATTCGACCGGAAGAAGATCAAAAACGTTGTGATGATCATGCTGGATACCCTGCAGTTCAACTACCTTGGCTGCTACGGTAACACCACCATCAAGACACCGAACCTTGACCGCTTTGCACGCCAGTCCGTGCTTTTCGAAAATGCCTACAGCGAAGGGCTGCCCACCATTCCCGTGCGCCGCGCACTGATGACCGGCCGGTTCACGCTGCCCTACGGCGGCTGGAAGCCCCTTGACCACGACGATACCACGCTCACCGACATCATGTGGGGCCGCAATATGCAGACCGCGCTGGTGTACGACACTGCGCCCATGCGTCTTGCCAAGTTCGGCTATTCCCGCGGGTTCGACTACGTGGATTTCTGCCCCGGTCAGGAACTGGACCACACCTCCTTTGAAAACGAACCTCTTGATCCCGCCCTCAAGCCCGAAGACTACACCTCTGCCTCCATGGTGTGGGACAAGGACGGCAATTTTATCGATGACGACAGCAAGCAGCTGCTGGATGAAATAGGCTGCTTTCTCCGTCAGCAGCAGCATCGCCGTGAAGAGGCCGACTGCTATGTGGCCAAGGTCATGGACAGGGCTGATTACTGGTTGCAGGAACGCCGCGACAAGAACCGTCCCTTCCTCCTGTGGATCGACTCCTTCGATCCTCACGAACCCTGGGACCCGCCGTCAGTATGGAAGGGCGAACCCTGCCCCTACGATCCCGACTACACCGGCAATCCCATCATGCTGGCACCCTGGACTCCGGTGGAAGGCCGCATCTCCGAACGTGAATGTGAGCACATCCGCGCCCTGTACATGGAAAAGATCACCATGGTGGACAGATGGGTCGGCCGCGTTCTCGACTCCATCCGCAAGCAGGGACTCATGGATGAGACCATGATTGTTGTCATGTCCGACCACGGTCAGCCCATGGGCAACGGCGAGCACGGGCACGGCATCATGCGCAAGTCCCGCCCCTGGCCCTATGAAGAACTCGTGCACGTGCCGCTGATGATGCACATTCCCGGCATTGAAGGCGGCAGGCGCGTTTCTTCCTTTGTGCAGAACGTGGACGTTACCGCCACCATTATGGATGCCTTCGGCCTGCTCGGAACCGAGAGCGGTGTCAGCGACCACGGCATGAATACTTACGGCGCTGAAGATTTTCAGGGCATCAGTCTTATCCCCCTGATGCAGGGCGACGTTGATTCCGTGCGCGATTTTGCCATTGCGGGCTACTACGGCATGTCGTGGTCCATCATCACCGAAGACTACAGCTACGTGCACTGGTTGGTCAGCGAAGAAGAGAAGAACCGCGCCGACTGCGTGGAAGGTGCCGACAAGGCCATGTCTGAAGAGATGTGGACCTGCACGGCTGGCGCCAAGGTGCAGATGCCCGAACATAACGAACTGTATGACCGCCGCACCGACCCCTTCCAGCTGAACAACATTGTGGCGCAGAAGCCTGAAGTGGCCGAGGAGCTGCTGCAGAAGCTCAAGCTCTTCATCGGCGAGCTGCGTACTTCCTAAAACTATGTCGCACCGGCGGGCATGCGTCCTGCCGGTGCGTTTTCAAACCATGGAGGAAAACATGTTTGTTGAACTGAATGATGCCAATTTCGAGGCCATGGTCGCCGGCACCGCCAGCGGCGTGCTGATTTGCTACAAGAAGCAGTGCCCGCACTGCATGAATATGGAAAAGGTTCTGGAAAAGTTCGCTGCAAAGAATGCGGATGTGAAGCTGTTCAAGCTTGATAGCGAAGAGAATCCCAAGGCGCTTGCGGCCTTTGATTCCGAACGCGCCCCGACCATTCTGGTGATCAAGTCCGGTGCCGTGGCTGCCCGCAAGGCCGGCCTGATGAACCCCAAGGAAATGAAGGCGTTTTTTGAAGCAGCCTAGTCAGTTGCACGGGGCCGTGGCGCGCCCCGAACCGGATCAAAGCGGGAGAAGGAAATGAAAGAGCAAAACGTGATGGATCTCATAATCCTCGGGGGCGGTCCGGCAGGGATGACAGCTGCCATTTATGCGGCCAGAGCCAACCTGCGGGCCGTGATTCTTGAGGAAAGCGTTACCGGCGGTCTGGTGAATTCCACCTATGTCGTGGAAAACTTCCCCTCATACCCCGGCATCAACGGTGTGGAGCTGATGCAGAAGATGAGGGACCATGTGGACAGCCTGAACGTGCCTGTAGAGGAAGTGTGCGAGATAGAGCGCATGGAACTTGAAGGCGAATACAAGGTGGTGGAAACCGACGAGGCTGTGTATACGGCCCGTGCCGTCATTCTGGCCACCGGGCGCAAGCCCATTCCGCTGGATGTGCCCACTGCCTGTGAGCAGGTGCACCACTGCGCCATATGCGACGGTGGCCCTTACAAGGGCAAGAAGGTGCTGGTTGTGGGGGGCGGTAACAGCGCCTTTGACGAAAGCCTGTACATGCTTTCCATCGGCATCGAGTCCATTGTGCTTACCGAAGTCATGGACCGCTTCTTTGCGGCACAGGCCACGCAGGATGAGTTGCTGGGAACCGGCAGGGTTGATGCCCGCACCCGTACCCGCGTGGTTGACCTTGTGGTGGAAAACAATGAATTGAAGGCTGCCGTGCTTGAGCACTGCGACAGCGGAGCACGTGAAACCGTGGCCTGCGACGGTGTGTTCGTGTTTCTCGGGCAGAACCCCAATAACGAATCCTTCCGTGATGTGGTTACGCTGACGGAAAAGGGATATGTTATTGTCGACCACCATATGGCGACTAATATTTCCGGCGTGTTCAGCGCGGGCGATATTAACGACAAGCCGTATCGACAGATAACCACCGCCATGGCGGACGGCACCATCGCGGCACTCGCCGCTGAACGCTACGTAAGGAGCTGAGGGAAGCCTGTATGAATACCACTATGCTGCGTAACTGGCTTCTCGTTTTCGCCATTGCCGCTTCCGGCGCATTTTTGCTGCACGACGCGGAAACCCCGAAGCTGACCCTCTACTGGTTCGAAACCATTTTCGCCATTGCGGCCTTTGCTTTTGAAATCATGCCCCTGTTCGGTACGGCCGTGCTTCTTATCATGGCCTATATCGTGACCGGGGTCAGCTCGCCCGATCTGGCCTTTGTGGGCTGGACAACCCCCATTCCGTGGGTGGTGATGTGCGGCATGCTCATCGGTTCGCTGATGGAAAAGACCCGGCTTTCCAACCGCATTGCACTGCTGGCCATTTCACGCATCGGGTCAACGCCTTTGCGTCTCTACATTTCCATGATCGTTGCGGGCTATGCCGTCGGTGCCATCATTCCCGACGTCATCACCGTTACCATTCTGTTCATGGCCATTGCCTCCGGCATGTGCGCCAGCATGAAGCTTGAAAAGGGTTCCAAGGCTGCCTCAACGCTTATTCTGGCCGCTTTCTTCGGCGCGACCATTCCCGCAACCAACTACCTGCCCAACAACGTGGGCATAGTGGGTCTGCTCATGGTCAAGGACATGGGCGTGCCCATTGCCTGGGTGAGTTTCTTTGTGGAAAACATAGCCTATTCCCTGCTGGCCGGTGCGCTGTGCGTGAGTATTCTGCATTTCTTCGGCAGCCGTGAACTGCACAAGTACATGGACCAGTGCCATGCACACGCCCATGAGGGCCTCAAGGCCATGGGGTCCATGAGCCGCGATGAGGTAAAGACCCTTATTCTGACCACGCTTGCGCTTGCCGCATTTGCCACGGAAAACCTGCACGGCATTCCCGGTTACTACGCCTTCTGCGGTGTGGTTCTCTGTGGTTTCACGCCTATATTCAATCTGCTGAAGAAAGACGATGTGGAGCAGGTTCAGTTCTCCATCCTCTT
NZ_CP087381.1_gap6	63770	66208	2438	TAGAGCTGACGACATCCATGCTGGTGCGGGCATACGACCCGTGCATATCGTGCTCCACCCATTGTCTGGACATTACCCCCAATCAGGAAAGCAAGCCGGATAGGGGCGTGAAGTTCGTGTATAAGGGGCGGTAGGTGAGATGAGTAGGGAAGAGTAGAAAGAGATACGAGAAGAAATAAAGAAGCCCGCACCGTAAGGTGCGGGCTTCTATTTATTCTGCGTTGGCTAAACCTGTAAGTATTGCTGTGGCAAGGTGCTGAGTATTCTTCGTTTGGTCGATTGTGGTTAAGAGAAGTCTTATATTGTGCTCATCAATGTCGTCTGGGATGCGACAGAGTGAATATTCTTCTGCTATACATCTTGTGTGGTATCTCTCAATTGAAAGTATGTTGTTGTGTATGTCATCCGATAGGCTTGAATAAAATGTATAAGGTATTTCATCGTGTGTTCGTTGAAATATGGAGTATACAGATGGCATTTTTTTATTAATATATTTTAAAATTTTACCGTTTCGTGACCTATTGTAATTGTCAAGAAGTCCTAATTCTCGAGCTCTTGTGATTATTTGAGATCGAATTTTTCCTACTCGCGTTAGTGTTTCCTTGTCTTTGTTGTTTGTCAGAATTATGTATGATTTAATCGATTTGTGCTTAGAAATAAAGGCGTTCAGAAAATGTATTTTCTCGTTGTTGTTGTAGTGTATATCATATGCGATTGCTAGTGTTTCAATTAGTTTTCTTGTAAGTAACGGTATGGATAGGTGTATTGAATTGTTATATGAATCAATTATTGATTTGATTGTCTCTGATGCAGATATGCAATAAGCTCTTTGTGTTAGCATGAGCGTGCTTTGGTTTTCAATCAAAGCAGAGATTGTTGTGTCTAAAGTTGTATGTTCTGAAATAAGTTCGGTAGTTAACTCTTCAAGTGTTGGCATGGTTTTCTCGTTGATTAATTAGCTTAATTATGTTTGTCATGATTTGTATGTGTACGCATAATTGATATGGTTTTGTATGAATTGCATGCAAATAATATGGATTGCTTTTGATTTCCATAATTAGCCAGAACTGGCGCAAACGAATCACTTTTGTTCAGCCATTCCCGAAGATCAACGCAACTCATGGTGTTATTCTACCATACAAGATGCACAGTGAAGCATTTTAAAGCATAGACTTGCTTGATCGCTGGAATGGTTGATTTATTCATGCTGGACATTTGCTACACGAATAAAACAGCCGCTGTTCAATATCAATAAATTGATGTAGCGGCTGCGATATTTTTTAACAAATAAATTGTAAGTGTACGCGCTAACTTCTCCTCACTTACCTCATCCCCTGAAAGCCTGCGCTACACCCGTAACTCAGGCTCGTAATCAACAGCTTTGCATGCCAGCATGACAGTGCGGGGGATGATCTTTTCCCCTGTTTTGTAATATGTCACCATGCGTCTGCTTAAACCTAAGGTTTCACTGGCGCGTGTCAGGGAAAGCTTGTGGCGCTGCATCCATGCTTCAAATTCTTCCCGGCGCATGGCTTCTCCCGCCTGTTCAAGATGGAGACGCCAGAGTGTCGAGGAGGGAACTTCCATCTCGCAGCCTTCCCATTCTATGTACCCACCCCAGCCGCCGGGGCGGATGGTAGACCACACAGCAGGATTTTCCAGTACGGGGGCAAACCATCTGCTCTTATTAAGCCAGTCGGTAAGATCGATAAATGCCGTGATGCCGTTGTCCCACGTAACTCGTGCTACGTAAGGCTTTTCTGCCTTTACGTCCGCTATGGCGGGTATGATTTGCTTAGGCATACTTTATCCTCCTACTTGCCGGTATACTTTGCCCATGCATCTCGCAGGGTAGCTTTATTATCTTTTGCCCATTCCATGGCTTCGCGAATGTTCGCTTTTGCCGCACTGCCTTCCATGATCTGCAAGGTCTCAATGTTCACCATGACTCGAAAATCCGATCCATAAATATGGAAATGCGGTGGGTTATGATCATCAAAGTGAATGTTGATGTGGCAATTGTTGAAGCGGATAATTGTGGGCACATGGCTTCCTTTGTGTGGATATAAAAATAGTGCAACTATTGCCCCGAGTCAACGATTTGGGCAATGGTTGCACTACTTGCTTGCTATTTTCTCGTTCTAAAACGTCTTCAAATACATGCTTATGCCATCCTCAAGCATCTGCACTGCCAAAAAGACAAGGATAAGCCCCATCAGTCTTTCCGCTGCCCGCATGCCGCGTTTACCCAGATATTTGAGCAAGCTTGGCGCACTCATCATGATGAGGAAGGTGGCACCCCATGCGCCCAGAATGCCGAGCAGCACTTCGGGGGAGCCAATCCAGCCATGCTGGCCCTGCGCTCTGTGCGCATAGAGCATAACCGCCGCAAGCGCGGACGGACCTGCGATGAGCGGCACGGCAATGGGCACGATGAA
NZ_CP087381.1_gap7	81409	85825	4416	ATTCCGGCCGATCTGGCTGATTTGGTTATCTGATTCCGTTACCTGACCACGTTACCAGAGCTAGTCACCGGCAATCACCCGGCAGGCTGGCTACCGAATGCGGTGCGGTGTCTGGCAGACTATTGTCTCGGCAGTATCTGTACGTCCGGGAAAAACGCCGACCACGCAAACCACATGCAGTCCATGCTTGCCACAGGCGTAAGGGTGGCCCCCCGCAGTATGCCGAAGAGTGCTTCGCCGTCGTGCGACCATTCCGAACGGGTACCCTTGTCCAGCAGCTTGTCATTCTCCATGAAGAACTCAATGGTCTTTTCTGCGGCAACGCGCTCAAATACCCGCACCGTGGCAAGCTTTCTGTCCCATATGGCCACCATGGGCGTGATGCCCAGCGTGAAGTTCACCGCACCCTCGCGCCGGACAGCGGTGTAGGGCAGGGCGTAGTACTGTCCGTCCTGTTCCAGTGCGGCTATGCGCTCTTTGGGCGGCAGGCGGTTATCCCTGTTCATTACGGGATAGGTAATCTGCTGGAAATGGTAATAGGAATTGGGGTTGGAATAGGAACCGTACGGGTCTGCGCCGTAGCGGCGGTTGAAGCCGGTGGAGCGGGAAAGCACCATGGCGTCGGGATACGTGCGTGCGGCGCGCTCCCATGTGGTCCAGATAAGGGGGAAACGTTGCAGCTTGGCTCCCAGCAGGGGGCCTTTTATGGCCATGCCGAGCAGCTGCGGCCACAGGCTGCCTGTGGCGCGGTCAAAAAGAACCGTGTTTGCGTTCAGCAGGCTGCCGGAAACGCCGAAGCTTGTGTCAAAGCGGCCCGCCTTGCCGTGGTAGCCCACAAGGCCGCCCGTGAGCGGGCTGTAGGTTATGCTGTAGGGCATGCCGTCAAACTCTTCATTGACGACCTCATGATACACCATGATCCGCTGGGGGTAGATGCGTATGGCACCGGGAAAACGGGCCACGAACACCTGTTCCTCGTCATCCATGCTCAGGGCCGCATCGGGAACCGGCATGTAGCTGGGGCGTGAGAGCGAGGGAATCTGGTCCGGCAGAATGCCCGTGTCTGTCATCTGGTCGGCCATGCGGCGCAGCGCTGCCGGGTCCGGCACCTCCGCCCGGGCGGAAGGCGGCACGGCAAGGCTTGCGAGCAGCAGGCAGAGGCAGGCGAAGAGGCATAGCAAAGGATTGCTGCAACGCGTTACAGTGCCCCCGGCATGTATGGCCTTGGGTATTCCGTTTATCAATGTTGCTGTTTGCAAGCAGTGTATCATTTGGTATATAGCCTCCTTAAAGCAGGGTACTGCAACTGCGCATGCATGGCAACAGCATGGCGGCGGAGGACAGGGGCCGACTGCGGACTTGTTCCGTTGTGGCAGAGGGGATACGCTTGCACTGACCGGACGGATTATGCTTCCGGCAATCGGACGACAATTATTACAGAGAGGTGTTTGGCCGTGAGTACACCAATGAATGTACTTGTATGCGGCGGGGCGGGGTACATCGGGTCCCACATGGTGAAGCTGTTGCTTGAGCAGGGGCATTCTCCCATCGTGTTTGACAATCTATCCACCGGGCATGAGGAGGCCGTTCCGGCCGAATTGCTTGCGCTCGGCGACCTGCGCGACAAATCCTCCCTGCGGCGGGTGCTGGCGGAGCATTCTTTCGATGCTGTCATGCATTTTGCCGCCAAGAGCATTGTGCCGGAATCCGTGGCCGATCCTGCCGCCTATTATGAAAACAACGTCATAGGCACCCTGAATCTTCTTGATGCCATGCGGGAAGAGGGCGTGCAGCGCTTTGTCTTCTCCTCCACGGCGGCCGTGTATGGCAACCCCGTTTCCCATGCGGGCGCTGCCTCCGGGGCGCAGGGAAGTTCCTCGCTCATAGACGAGCAGCATTCCCTTGCGCCGCTCAACCCCTACGGGCGTTCCAAACTGCAGGTTGAGCAGGCGTTGCAGGACTATGCCGCTGCTTATGGCTTCCGCTCTGTCTGCTTCCGTTATTTCAACGCAGCGGGGGCTGATCCTTCCGGCGAGCTGGGCGAATCGCATGATCCTGAAACCCATCTCATCCCCAATACCTTGCGGGCCGTTCTTGGAACGGGACCGCAGCTCAAGGTGTTCGGCGATGACTATGCAACGCCCGACGGCACCTGCGTGCGTGACTACATTCATGTGAATGACCTTGCGGATGCTCATCTGCGGGCGCTTCTGCATATGCGGGATAATGAGGGAGCACACGTGTTCAACCTCGGGAATGGCGTCGGTTTTTCCGTCAAGGAAGTGCTGAACGCCGCAGAAGAGGTGACAGGTCAGCCCGTGCCCCACGAAATGGCACCGCGCCGGGCAGGTGACGCCGACATGCTGGTGGCCGACAGTGCAAAGGCACGTTCTGTTCTGGGCTGGCAGCCCGGATTCACCGATGTGCGCGAGATTATCGAAACGGCCTGGCGCTGGCACAAGGATCAGCGCTTCTAGCAGACCATATTGCATTCAGAAAGGGCGGCTCTGTGGCCGCCCTTTTTTCATTCATGGAGGAAGTGTAAGGCGGTGGAGATTATTTTTTACCGGGCTTAAGTATTTCGGGCGGGAACCGATATGGTTGGACAGAAGGACCCAGCCGGAAAAAGCAATGGCCAGCAAGGACGCAGGCCGTCCGGTTTACGGAGGACAGGGATGTCTCTTACATCATTACGAAATATTTCGGCCCTGCTGCTCGCTGTGGCCGTTGCCTTACCCGCCATGGCGGATGACTCGAATGGCGGTGCCGCAGCGCCTGCTGCCGGAGTGTATTCGGCGCAGGGACCGGTGATGAACGCCATGGAGTATACCGGCGTTGCCGAGGAGTTCGATCCCGGCACGGCCATGCGTGTGGACCCCAAGCAGGAAACCATGGTGCTCGACGGAGCCACCGTGCCCATGCATGTCATGCGCAAGGTGGACAGCGGCGTCATGCTGCCTGACGGAAGGGGCGGCATGATCTGGAAGGAAGGCGCAAGGCCCGAGCCCAATCCGGCCAATGTCGCCGCGCGGGAACTGAAGCTGAAAGTGCGCGAACTGGCGGATCAGCTGCTCGCCGGGCTTGATAGACGCGCATTGCGTGGCATCACGGCCATGCCGGTATCGCTGGTGAATCAGGACGACTTTGAAGAAAGCTCGTCGTTTGGCCGGTATATTGCCGAAGCGCTGTTCTACGAATTCAACCAGCGCGGTTTTCCCGTGCGTGAGTACCGTACGGAAAGCCAGCTCAGCATGCGCCGGGGGCAGGGTGAATTTCTGCTTTCGCGCCAGCAGCAGCGTATCGGCGCTGACAGCCCCACCGTCATGTTCGTGGCGGGAACCTACTATCAGGACAAGGAAAACGTGTTTGTGAACGTGCGTATGTTCCGTGCCGCCGACGGTATGGTCCTGCGGGCGGCTCAGCTGGTATTTCCGCAGACCGGTGTATCAAAACGCATGCTCGCTAATACCGGCTCACGGCTGGAAGAAACTTTTGTAGGCATGCAGGATTATCAAACCATGACCCGCGCCACGGATCTGACCGCACTGGATCTGGGCGAGGACTTCCACTAGGGGGCGCGTATGAAACGTCTGACCGCTCTCTTCATACTGCTTGTCGCGCTGCTGACGCTGGAAGGCTGTGCCATGCTTGACGGGCTTGTTTCAAAGCCCGCACCGCCCGCACCGCCCGCACCCGGAGTGGTTGTGGCCCCCTATAACGGCAATGCCCTGCATAATTTCTACATGGGGCGGCAGTATGTGGCCGAAGGGCGCTATGAACTGGCGCGCGAACACTACCTGCTGGCACTCGCGTCCGCACGCGAGGAAGCCATGCGTGACGCCCTTGTGGCAGAACTGCAGTCAGTCGACAGACTGATCAAGACGCTGCGATAGCGCGTATTGCAAGGAAGAACAGCCATGTTGCAAATCATCATCCGTACCGTGACAATGCTCGTGTGCCTGCTGCTGCCTATGGCCGCCTCTGCGGGCATGTTCGATTTCATGAAAGAAGAGAAAAAGGTGGTTGTGGTTCCGGCGGTTACCCTGCCGTCCGCTGCCTTCAAGATGGGTGCAATGCTGGATGCCCAGCTGGTGGAGCGCCTGAACCTGCTTGAAGGACCGGCCAAGGGATATACGCTTATCGTGACCACGCCCGTTGATCTCAACAACCTTGAGCTTTCCTCGCCGCTCGCACGCCAGATGGGTGAAGAACTGGCCCTGTGGTTTGTGCAGTCCGGTTACAAAGTGCAGGAAATTCGCAAGGGCCGCACCGTGCTCTTTGAGCCGCAGGAAGGCGAACTGCTTCTTACCCGTCGCCAGACACTGCTGGGCAACGAGAACGTGCGCAGCTCCATCATCATGGTGACCACCTATACCCAGTCCCGCAAGAGCATCCGGTTCAACACCCGCCTGCTGC
NZ_CP087381.1_gap8	117667	122477	4810	TGGATACCGGAACGCTCATCGACCCGGCGACAGGCATACCCGCTGAAAACGATTTCTTATTCTGGAGGTAGCCGTGAGAAAGACCGTGTTCGCAATTCTGTTTTTAGGGATCCTGCTTGCTGCATGTAACCCGTACGGCGTGAAGCCGGTCAACGACCCCACGCTTGTGCCGCCCATGCAGAAGCTGACCCGCGCCGTGGATGGTTATGTGCGGTATGATAAACCGGATGCTGCCATGACCCCCGACCAGATTCTGGAGAAGGCGACAGAACACGACAAAGGGCTTCTCACCCCCTTTGGCAGGATGAGCCTTGAGGTGCTCAGGGAAGGTGACAACGTGGTTGTGCTGTTGTGCGATGCATACAGGAATGTTGCCCTGATGGAAGATTCCGGTTGTACCGCAAAGGTGGACAAAAACTATATGGGAAGTTCGACCCCGCCCTGTGCCTTTACCCTTACCCCTGCTGAATTGTGTGAATAACGCCTTTTCCCCGTTAAAGAGATAACCCGCCGGAAGGCGGGTTAGGGTAATGACAAATCTTCGTTTTCAGTAAAACCATACTCCCGTTAAGCCGGAACTGAAGTCCAAAAACGGATTTTCATCGCTTCTACGAGGTGCAGGAACGTTAGGTTCCTGCCCGGCGGAGCCAAAAAATACCAAAAATGACTTTGTCAGCAGTCTGACCCGCCGCAAGGCGGGTTTTTTGTTCTGCCGTGCGGGATGGTCCCGTTTTAGTGAACATGCATTAGATTGAAGTGTCCCGCTTTTGTGAACATGGGAAGGTGCCGCTCGGTTCCGAAATACGGAACAGTCATCGGAGAGGAATGATAACATGCTGTGGTTATGATATATACCGTCTTTGGCACCAATTGTGGATATCTGAGCGTACAGGCTGCGCTGCAAGCCTGAGGGAAGATGAGTATGGAGACGAGTTCCGTGTTGGAACTCAATAACAACCGACTGTTTTTCAGGAGTTCACCATGAAACGTATTGTTGCCGTAATGCTGTGTCTGGCAGCCGTATTCGGTCTGACCGCGTGCAACGACAAGCCCGCTGAAAAGAAGGCTGAGAAGATCACCCTTAAGTTTGCCACCCAGCATCCCATTGAGCACATGGCTCACAAGGCTGCCGAGCGCATCAAGGCTCGCGTGGAAAAGGAAACTGAAGGCCGTGTGGAAATTCAGATCTACCCCGCCAACCAGCTGGGCGATGCTTCCCAGATTTACGAGGAAGTCATTCGCGGTTCCATCGACATCGCGCACATCACCGTGCCCGACCAGTTTGACTCCCGCCTCGGCGTAGGCTTCCTGCCCTACATCGCACGCGACTACGATCAGATTCGCAAGGTTTTCGCCACCACCGCTTTCATTCCCACCGAAATGGCGAAGATGCATGACAAGCTCGGCGTGAAGTTCTTCAGCTACTTCGGCGAAGGTTTCATCGGCGTAGGCACCGTTAAGCCCCTTGAAGCCATCAACGTTCCCGGTACCGAAAAGGGTCACATGATCCGCGTTCCCGGCCTCGACGTATTCAAGTTCGGCGCAGAGGAACTGGGCTTCCGCACCACCTCCCTGCCTTACGCCGACACCTATTCCGCCCTGCAGACCGGCGTTGTCGACGGCTGGCTCGGTGGCCCGCCCAACCTGAACTACCTGGGCTTCCGCGACGTTATCAAGCACTTCTACCAGTACAACGTGAACTTCGAGTCCACCCAGTACGTCATGAACAAGAAGACCTTTGAAGGCATTGCAGATGCTGACCGCGCTGTAGTCGAAAAGGCATTCGTGGACGAAGGCCAGCAGTCCTTCCTGATGGCTGAAAGCGAAGACCAGATGTACCGCAAGAAGATGCAGGAAATGGGTATCGAGGTTGTGACCTTCTCCACCCAGGAGCTGGAAACCATGGCCAACTACGTGCGCGAAAAGGCATGGAAGCGTCTGGAAGCCAACCTTACCCCCGAACTGCTCAACGGCCTCAAGGCTTCTTACAGCAACTAAACGTCCTCCAGTTTCCCGACCAGTATCTGTAACAGGATACATCACTCCCAGTACGTGCGGCGGGTGTCCGGAATACCCCCGGTACCCGCCGCACCTTTTTCAAACCGGTTCGCATCCCGATCAAAGGGGAAAAAACAGTGATCGCCACCAAATTCAATCCCGTGCAATTCTTCTGGAAGGGGCTGAACAAGTTCCAGAAGATCATTATGGCCACGACCAGCATTTGTATCGTGGTCATGATCTGCATTGCCGTGGTCGCACGATATATTTTCGGTTCCGACTTCTACGGCGCGGAAGAACTTATTCAGATGCTTGCCTTCTGGCTCTATTTCATGGGTGCGGCTCAGGGCAGCCGCGAGCGCAGCCAGATATCTGCCGATATTCTCACCTGTTACATCACTGATGAAAAGCGTTGCCGTATGGCGCAGCTTTTCAAGGATTTCATCTCCACCGCAATCTGTCTGCTGGTAACCGTATGGGCGCTGCAGTTCGTGATGTGGGGCGTGCAGATGGGGCCCAAGTCTCCGGTGTTCCGTCTGCCCATGCTCATCCCGCATATCGCGGTAGGTCTGGGGTTTGTTCTCATGTCCATGTATCAGGTTGTCTACCTTGTGCAGGACGTTGCCGCCCACGTGCGTCTGGCCCGTGTGGAACGTTAGGAGGGAATGGAAATGACAGTCGCAATCGCAATAGGTATTCTCATGTTCACGCTGTTCATCGGCGTGCCCATTCCCTTTGCCTTCTTCGGTTCCGGTGCCTACCTGATTTTTGCAGGCGGGTATGATCCCGGCTTCCTGCTGCCGTATGGCTTTGCCAAAATGAACTCCATTGTTCTGCTGACCATTCCGCTGTTCATCATGGCGGGCGGCGTTATGGACAAGGGCGGCATCGGCGACAGGCTGGTGGACGTGGTCGACACCATCGCAGGCCGCATCCGCGGCGGTCTGGGCGTTGTTACCGTTGTTACCTGTGCCATCTTCGGCGCGGTTACCGGTTCTTCTTCCGCCACCGTTTCCTGTATCGGCTCCATCATGATGCCCAAGCTGAAGCAGGCCGGATACCCCATGGGACATTCCGCCGCGCTGCTCGCAAGCTCCGGTGTTCTGGGCATTCTCATTCCCCCGAGCATGCTGATGATTCTGTACGCATGGATGGGCAACCAGTCCGTTCTTGCCTGCTTCCTCGCTGCCTTTGTTCCCGGTGTCATCCTGACCGTTCTGCTCAGCCTGGTTAACCTGTTCCTGCTGCGCAACAACAAGGATATCGCCGTATCGCCCAGCATGGACATGGCCACCACGGCCAAGACCTTTGTCAGCAAGAGCGCCAAGGCTTCTCCTGCCCTCATGATGCCCGTGATCATTCTCGGCGGCATCTACGGCGGTATCATGACCCCCACGGAAGCAGCAGCCGTTGCCGTGCTGTACGCCGTTCCCGTGGCCATGTTCGTGTACCGCGGCCTTAAGGCCAAGAACCTGATGTACACCCTGATCGAATCCGCCACCACCACCGGCGTTATCATGGCCATGATGTTTGCGGTCATGATTCTCTCCCGCCTGTACATCATGGAAAACCTGCCCGATCAGATCATGCACGTGCTGACCTCCATTTCTGACAACAAATTCGTGCTGCTGCTCATGATCAACGTGTTCATGCTCATCATGGGCATGCTCATGGACGACGTTTCCGGCGTGCTGCTCGGCACCCCCATTCTTGTGCCGCTGATCATGAAGCTTGGTGTGGACCCCATCCAGTTTGCCGCCATCATGGGCGTGAACCTCGGCATGGGTAACGTAACCCCGCCCACAGCTCCCTTGCTCTATCTCTCGGGCCGCATTTCCGGCGCACCAGTGACCGAAATGCTCAAGCCCACCTTGTATCTCATTCTCTTCGCGTGGCTGCCCACGCTGCTGCTGACCACCTATGTGCCCGAAGTGTCCCTGACCCTCGTGCATTACCTGATGGGCAACTAGACCAAAGGATAAACGGATATGCGTAGCATACGGGAACTGTACCGCATCGGGGTTGGTCCTTCGTCCAGCCATACCATGGGGCCCAAGATCGCCGCAGAGCGTTTTCTTGAGCGCAACCGGTCTGCCGCTTCTTTCAAGGTGTATCTTTATGAAAGCCTTGGAGCCACCGGCAAGGGCCACCTGACCGACTGGGCCGTGCAGCAGGTTCTGGGACCGGAACGCACAGAGATTGTCTGGTGTCCCGAACTGAAGCAGCCACTGCATCCCAACGGCATGCTCTTCGAGGCGCTTGATGCCGATTGCAAGGTGACGGATTCGTGGACTGTGTACAGCGTGGGCGGTGGAGCCATCCGTGAGGAAGGCGAACCTGCTGACGCGGGAAATCACGTCTATGACCTGCCCGATATCGCCGCCATAATGGCGCATTGCGAAGACAAGGGCATTACCTACTGGGAGTACGTGGAGCGCTGCGAAGGCGCAGACATCTGGGATTTTCTCGCAGATGTCTGGAAGACCATGCACGCCGCCATAGAGCGCGGCCTTGATACGCAGGGGGTTCTGCCCGGTTCCATCGGCCTGCGCCGCCATGCGTGGAGCTACTACCGTAAGACCCGCCTCTCCGGCCCCGACATGCAGCAGTCCGGATTGCTCACGGCCTTTGCCATGGCGGTATCGGAAGAAAACGCAGCCGGCGGCATGATTGTCACTGCGCCCACCTGCGGTGCCTGCGGCATTGTTCCCGCTGTGCTGCACTACCTGCAGCAGACCAACTCGCTTACCGGCAGGGATGTGCTGCGGGCACTTGCCACGGCCGGTCTGTTCGGCAACGTGATCAAGCACAA
NZ_CP087381.1_gap9	221314	225400	4086	CCCATTGTCATGGGGCTGACCATGCTGTTGCAGCAGATGATGACACCCAGCACCGGAGACCCGGTCCAGAAGAAGATGATGATGTTCATGCCCCTGGTGTTCACCTTCATGTTCCTGAACTTCCCCGCTGGTCTTGTCGTGTACTGGTTGGTTAACAACGTACTCTCCATAGCCCAGCAGTGGTTCATGCTCCGCAAGGCCTGATGCCTTGCCTTTTAATCGCGAGTACCTCTTGAGGTGAATGCATGGATGCATACAAGGAGTTCCAGGGTAAAACTCTGGACGGCGCCATCGAAGCGGCTTGCAGCTACTTCAATAGCGCACGGGAAAAACTTGAAATAGAGATCGTAAACGACGCAAAGACCGGGATTTTCGGTCTGGTCGGCGCCAAAAAGGCGAAGATTCGCGCCCGCCGTATGCAGGTTGCGTTTGATAGCAGTGTGTTGAATGGTTCCACCCCCGCCCCGGAAAACTCTGGCCGCGACCGTAAGAAGTCTGCGGAAGGCAGAGAAGACAAGGGCCCGCGTGAAGATCGCAGACCGCGTGATGACCGCAAGCCCCGGGATAAGGGCAAGGAGCAGGCAGCCAAGTCGGAAGACAGCGCCCGCCAGCCCGAAGCTGCTTCTGAACAGAAGGAGCGCAAAGGCGGACAGCGTGACCAGAGGCCGGCACGACGTGATGAGCGCCGTGAAGACGGCAGAAGCGAGCGTCGCGAAGACGCCCGGGGCGAACGTCGTGATGATGCCCGAGGCGAACGCCGTGATGATGGCAGAAGCGAACGCCGTGAAGACGGCAGAAGCGAACGCCGTGAAGAACGCAAGGACGACCGCCGCGATCGCAGGGAAGAACGTGCCGAAGACGGTGAAAGCCGTCAGGACCGCAAGCCCGGCGAGAGAAAGCGTGGCGATTCCCGTTCCGACAAGCCGAGAAACAACCGTCCCCCCAAGCGTGCCAATGATGGGGAATCTACTGCCTCCATATCGGAAGAGCAGGAAGGTGTGGAACGCGAGAGTTCATCTTCTGAAGAGGAACGTCGTTCTGCAAACCGTCGCACCCGCGGCGGACGCCGCCGTACCCGTGGCGGACGCGGCCGCGGTCGCAAGGAAGAGGGCGCATCGGCAGATGCTTCTGCAGATCAGGCCGATGTTACCAATCTGAACGACGCCCCGCCGGCCGACTTCGATACTTCCTTCGACGAAGATATGATGGAAGACATCTCCGCCGAGCCCATGCCCGAGGCCAATCTTGCCGAACTGGACCAGGATAAGCTCATCGAGGTGGTAAACGGCGTTGTAAACAAGCTCATTACTCCGGTGATCGGCGAGACCCCCGTGTCTGCAGCCATTGAGGAGAACCGGGTGAAGGTGACCATCTCCAGTGGAGACAACTCCGGCCTGCTGATCGGTCGCGAAGGGCAGACTCTGGCAGCCTTCCAGTATCTGACCAACCGCATCGTGGCCAAGGAAATGGGCGTTGCCGTTCGTGTCCAGCTGGATACCGGTGATTACCGTGAACGGCAGGACGACAAACTGCGCGAAATAGCCCTGCATCTTGCCGACAAGGCCAAGACGCTTGGAAAGCCGCAGTCCACCCGTCCGCTCAGTTCCTACCATCGGCGTATAGTGCACCTTGCCCTGCAGGGCGATGATGACATACAGACCCGCAGCAAGGGCGATGGCCCGCTGAAAAGGGTGATCATCGGCCGCAAGCGCAAGAGCGCCTAGCGCAACCGCAGATGAATGCAAAAGGAGGCTCTCTGAGCCTCCTTTTTTCTTGAACAACACCAAACAGCTTGCCCCTCCGCAAGGGCGGGGCTACACAACCGGTATGCATCATTCAGACACCATTGCCGCCATCGCCACTCCTCTCGGACAGGGGGGAATAGGCATCATCAGAATAAGCGGACCGGACGCCGCCGCCATCTTGCAGCGCCTCTTCCGCTCTTCATCCGCCTCCTTTGCCGGATTCCGTCCACGCTTCATGCACCATGGGCGCATTGCGGATGCATCCGGCGAATTGCTTGATGACGTGCTGGTCGTGCATATGCCGGGGCCTCGCACCTTTACGGGTGAAGATGTGGTTGAGATTCATTGTCATGGCGGGCCTGCCATTGTTTCCGCCGTGCTGGAGGCTGTCTTTGCCTGCGGAGGGCGTGCGGCCGATGCGGGTGAATTTACCAAGCGCGCCTTTCTGAACGGCAGAATGGATCTGACACAGGCCGAAGCCGTGGCAGAGATGATTGCCGCACCCGTTAAGAGCGGTGTGCGCCTGGCACAGGCCAAATTGGACGGCATGCTGGGCCGTCGCATTGCCGAGCTGCGCGGGCGCCTTGAGCTTGTGCGTATGAAGCTGTGCGTGGCTGTGGATTTTCCTGAAGAGGATATTGAGTGCCTGAGTCCGGAAGAGTTTCTGGACGATATTGCATCGGTTCGTGAAGCCTTGGCGGAACTGCTGCGCAATTACGAGCGCGCCCGCTGCTGGCGCGAGGGGGTGCTGGTGGTGCTGGCCGGGCAGGTCAATGCCGGCAAGTCCAGCCTCATGAACGGCCTTCTGGGCCGCACGCGCGCCATAGTCACGGATATTCCCGGTACCACGCGCGATTTTCTGGAAGAACAGCTGAGTTTTGAGGGGCTGCCTGTCCGTCTTGTGGATACGGCCGGTCTTCGCGAGACTGGTGATATTGTCGAGCAGGAAGGCGTGCGCATAAGCCGCGATCTTGCTTCGCAGGCTGATCTGGTGCTGCTGGTTGTGGACGCCCGCACCGGCGTCGGTCATGCCGAAGAAGAGCTTGTTGCCTCTGTGGGGGCGGACAGGGTCATGGTGGTGCTGAACAAGACCGATCTGGTGGAAACGCTTCCTGTCGTGCCGCAGGGCTGTGCGTATGTGGCAGTCTCCGCGAAAAAGGGCGAAGGGCTGGATACGCTGGTGGGCATGGCGCGTGCGCATGTGCTTTCCCGGCGGGAAGGCGGCGAACCCGAGTCCGGTGACCTTGTCCCCAACCTCCGGCAAAGCAGGGCGCTGCGCGATGCACAGGACGAGCTTGAGCACCTGCAGCAGGATATACGGTTGCAGCTGCCCTACGACATTCTCGGGGTACGTCTGGAGGCCGCCTGCGCCATCCTTTCAGAGATTACAGGCGAAACTACGCCGGATGACATTCTGAACAAGATTTTCGAGAGTTTCTGTATCGGCAAGTAGTGCCGAATCAGCAGTCGGAGCGTCTCTTGTGCAACGGGGCGCAGTTCTGTTCCTTCGGACAGGGTAACCGGCTTCGCCATTTCTTTTCAGTGGTTTGAATACTATCGGCGGATGTGACATATGTCACGGACGCCGTTTTTTCTATCGTCTACCATGAACACTACAAGGAGTATCCATGTCCGCACCTGCTGTATCTCCATATGAAATCACGGTCTGCCGCGGCATGCAGGCTGAGACGAACTGCCGTTTCGCCATGAAGACGGCTGCCGGATTCGGCGAACGCCTTGAGCAGGCCGTGCAGCAAAGCGGGTGGCCCGCCTTTCTGCGTAATGCCATCACCGGCCCGCTGCTGCACCATCATGCCTTTCGCATTGCTCTGGCAGCCTGTCCCAATGGCTGTTCACGGCCTCACGTGGCGGATATCGGTATCATCCGGGCCTGTACCCCCCTGCTGGATTCCGAGGCCTGTTCGTGCTGTGGCATCTGCTACAAGGTGTGTCCCGACAGAGCCATAACCATGGAACGGCAGGGACCTGTAATCGACCACGCCAAATGCGTGCAGTGCGGCATGTGCGTGGCCAAGTGCAGCGAGCGGGCCTTGAGCTGTCATGAAGACGGTTACCGCATCGTGCTTGGCGGCAAGCTGGGCCGCCATCCCCGTCTGGCAACGGAAATTGGCGGCGTGCACGGCGAGCAGCATGTGCTTGCGGTGGTTACGGGATGCCTTGAAATCTACATGCGTGAGTATCGTAAAGGGCTTCGGTTCGGCGTGCTTGTGGAAGAGCTTGGCGAACGTCTGGATGAAGAATTGGCAGTATTGATGGGAAAATAAATTATGCATGAATCCCCGGTTACGGAAATCAGTAAGGAAAGTGTCCCTGGTGAACC
NZ_CP087381.1_gap10	227885	231192	3307	GAGCGGCCTTGACGTGTGCAAGGAGCTGCGCCGGAATCCGGAACTGGCAGCAGTGCCCGTTATCATGCTCACGGCACGCGGAGAAGAGGTGGACCGTATTGTGGGATTGGAGCTGGGAGCCGACGACTACATTGTCAAACCGTTCAGCCCCCGCGAGCTGGTTCTGCGGATCAATGCCGTGCTGCGGCGCACCAGAGGGGCCGAAGAGCAGGTTTCCCGCACCCACTTCGGCATGGACGGCCTTTCCATCGACATGGACGCCCACAGGGTGGAGATCGACGGAGAAGAAGCCGTGCTTACGGCGACTGAGTTCAAGCTGCTTACAGAACTGCTCAAAAACAAGGGAAGAGTCCGCACCCGCGATCAGCTCCTGAACACGGTGTGGGGCTATGAATTTGAAGGCTACGCCCGGACTGTCGATACCCATGTGCGGAGATTGAGACAGAAAATCGGCAGCTATGCGGATTACATAGAAACCATCAGGGGTGTCGGCTACCGGTTCAAGGAATAGCCGATTCTCCGCCCAAGACTCGCCTTATTGGACAAACGCATGAAGATGTACTCCAAAGACCTGAATTTCTACTACGGTGACTTTCAGGCACTGCACGGTGTCAATCTGGAGTTTGCAAAAAACCAGGTTACCGCGCTGATCGGCCCCTCCGGCTGTGGCAAGTCCACATACCTGCGGTGCCTGAACCGCATGAATGATCTCATTCCGATTTCCCGTGTGGAAGGAGTGATCATGCTGGAAGGTATGAATATTTATGACTCGAAAGTGGACGTGGTGGAACTGCGCCGCCGCGTGGGCATGGTCTTTCAGAAGCCCAACCCCTTTCCGAAGACCATTTTCGAGAACGTGGCTTACGGGCTGCGCGTGAACGGCGTGAAGGATAAAACCTATCTTGCCGACAAGGTGGAAGAAAGCCTGCGCCATGCCGCCCTGTGGGAAGAAGTGAAGGATCGCCTGCACTCTTCGGCACTGGGACTTTCAGGCGGTCAGCAGCAGCGTCTGTGCATTGCACGTGCGCTTGCCGTTGAACCCGAGGTGCTGCTCATGGATGAACCCGCATCTGCGCTGGACCCCATTGCCACCCAGAAGATTGAAGAACTTATCCACAGTTTGAAGAAGAACTACACAATCATCATTGTCACACACAGCATGCAGCAGGCCGCGCGTGTTTCGGATGTGACCGCCTTCTTCTACATGGGCCGCCTCATTGAAGTGGGCGATACGGAAAGAATGTTCACACGTCCCGGCAACAAGCAGACTGAAGACTATATCACCGGCCGTTTCGGTTAGGAGACCATATGGAAACACATTTTCACTCACAGCTTGACCACATGCGCGTCAAGGTTCTTGAGATGGCCGCGTATACGCAAAGAGCCATCGAGGATGCCTGCAAGTCACTCCTGACCCGTGACGGCGACCTTGCTCAGAAAGTCATAGACGGCGATCAGATCATCAACCAGCTGGAATGCGAAATCGACGACCTGAGTCTTCGTCTGCTTGCGCTTGCCCAGCCCATGGCGGTTGACCTGCGTTCCATCGTCGGCATTACCCGCGTTTCGGTGAACCTCGAGCGCGTGGGGGATGAGGCCGTCAACATTGCCGAAAAAGCCATGTTTCTTGCCACCCGACCGCCCCTGCCGTTTCACGATCAGCTCAAGGAGCTGAGTGATACTGCACTGGATATGTTCCGCGCTGCCATTACCGCGTTCCGCGAAGGCGACCCTGACCTTGGCCGAGATATCTGCCGTTGGGATAGCCAGTGCAACGCGCAGGACGTGCAGGTCATCAAGGACCTCGTCAACTACATGAACAGCGAGACGCCAGCCGTGGAGCGTGCCGTGAACACCATACTTACTTCCCGCAGCCTTGAGCGGGTGGGTGATCTTTCCACCAACATTGCCGAGGCGGTTGTGTTCATAGTGGAAGGGGTGAGCATCAAGCATCGCATTTGCCGTTAGTATTGATAGTCGGACTTTTGGACGGCGTTCCCCGTGGAGCGCCGTTTTTTTATTTTTCACCCCCTCTATGCAAGCGGTGTAAGCTTGAGTATATTCTTGGCTATTCATGAAAAGACCGTGTTAGCGGTATGAAGGAGACTATTATGACCAAGACAGGCAAACGCAAGGTTGAGCTGCCCATTACGGCTGCAGACGTACCTGCCATGCTGCGCCAGCTGGCGGAACAGGCCGAACAGGGCAAACTGGCCCTCGGCGGCAAGGAAATCGAGGTTGACGAGTACGACACTTTTTCCGTGTCTTTCCGTCAGACCAAGAACGGTATGCGCCTTCGCGTGAAGGTGAAGTACGGCAAGTCCGGACAGGATGACGATTCCGACGATTAGTCGTCGCCGAATATATATTCCTTTGCAGAAAGCACTCCGCAAGCGCGGAGTGCTTTTTTTATGCTTCGTATCTGCCGCAGCGGAACGGAACGTCTACGCAAGTTGCTGTTTCGTTATCATGGACAGTTCCGTAGATATGCTCTTTATGGTATACGCTGCGACAGCACTCTACTGAGAGGAGCAGGTTATGAAAACGCTGCTGTGTGCATTGATTGCCGCATGTACTATAGTCGCGGGGCTTGGTACATCACGAGTATCCGCTCTTGCGATGGATGTGTGTATTTCCGGGCGGGTGCCGTATGAATATGTTACGGAATCCGGGTATGCCGGTGTAAGTCTGGAGCTTTTTGCAGCAATTCTGGAACAGATGAACGATGAGAAACTTGTGCTTTCTCAAGTGCCGTGGAGCAGAGGGTTGCGCGCTTTGGGAGAGGGCAAGTGCGATGTACTGCTTTCAGGAGTGTGGGATACGGAGCGGGAAAAACAATTTGTCTACCCTAAGCAGCCAATAGGCAGCATTGCATGGCAGTTCTTCGGAAAAGAACCGTATGCGGAATTATCCGGCATGTGGGGTGGCGTTCGGGGGTTTTCTTACCCCGAGGCCCTGTATGAGCAGGTGAGAGGCCTGCGGCGGGATGTGGACGCTCCGACACAGGAAAGCATGGTGAGAAAGCTGATGAGCGGGCGGGTCAGTGTTATTGCCATAGAGCTGGGCAGTGCGCAGACCCTTGCCCGTGATCTGGGAGTAACCCTGTATCCCGTGGGTAAACGGGTTTACGTGCCCCTCTTTGCTTTGTTCAACAAGAAAGTGCCGCAAAACGTGGTTGATCGTTTTGATGAAGTCATGGAACGTTTGTGGGAAGAGGGCGTGGTAACAGATGTGTATGAGAAATATGACCTTAGCATACCGCGGCTGTCACCCCGGGATATGCTGGTTGTGGATGAACGCTTTCCAC
NZ_CP087381.1_gap11	240155	243817	3662	ACTACGCCTTCCACTTCCTTGGTGGCGGTCATGGTCTTTTCAGCCAGCTTGCGCACTTCGTCCGCAACCACGGCGAAGCCTCGTCCTGCCTCACCGGCGCGCGCGGCTTCAATGGCCGCGTTAAGGGCCAGCAGGTTCGTCTGGTCGGCAATGTCGTTGATGACGCCGATGATCTGGCCGATGCCTTCTGCCTGCGTGCCCAGTTCCTTCAGGGTGGTTTCCATCTGCTGGGTGTGCCTGTGCACTTCGTCGGTGGAGCGGATAACATCCTGCACCACGGATGCACCCTGTTGTGCGATTTGCTGCGCCTCTTCGGCCTTTTCAGCAGCTTCGCCCGCGTTCTGGGCCACCTCAAGGGTGGTGGCGTTCATCTGCTCTATGGCCGCAGCAGATTCGCCGATACGGTCGCTCTGCAGGGCCGAGGACTGCGTTGCATCGGAAATCTGCTCCGCCAGTTGGCCTGCTGCGTCGGAAACCTGGTCGGCAATGTTGTTGGCCGTTGCTGCCGTCTGGGCGATACGTTCATTCTGCGCTTTGATGCGCTGTTCGTTTTCCTTGACGGCGGTCAGGTCGTACCAGAACGAGATGGAGCCGAGGATATTGCCGTCCGCATCATGGAAGGGCGTGGTGTTCACATCGATGTGGTACTGCTTGCCTGAGGGGCTTTTGTATTCAATCTCGCTGTGGAAGGAGCGCTTTTCGCGTATTGCCTTGTCAGACAGGGTTTCTCTGCCACCGTCGTTCCAGAAGAACTCGCCGGAGCGAACGCCGATGTAATCCGTCGGGGTTTTGGTTTTTTCAAGCAGGGTACAGACCTGCTGGTTTGCCCAGAGAATCTTGAAGTCCGGTCCCACAACAGCACATGGGGTGGGAATGCCGTTCAGCACGCCCTGCGCGAAGCCGAGCCTGTTTTTCAGTTCGCCCACCATGGCGTTAACGGAGCCGACAGTGTTGCCGATGGCATCATTGGCAGAATATTCACTGCGTGCGTTGAGGTCGCCGTCTGCAATGCGCTTGGTAACTGCGGAAAGGTCGTTAAGGGGACGCAGAAGGAAGCGTATAAGAAACGAGAAAAGTACAATGGCTGCGGCAGCCCCGCCAATGATGATGGCGGACGAGGCAAAGAGGGCCTTGTCGTCAGCGCCGAGGTACATTTCCTTTTCCGGCAGGGCAAAGCCGATGTGCCAGTCCCATGCACTGTAATAACGCTTGTACCCAATGTAAGGCTCGCCATTACGGGCAAATTTGAGAATGCCTTCCTTGGAGTCGAGGAACTGCTTGCCGTGTTCATAGTCGGTAATGGTGGCATCTTCGTCTGCATTGTTACCGTAAACATACTTGCCGTCGGAGAGGGTGATGAAGGTCTCGCCCTTGCCGTCGTACGACAGCTTGTCGATGACAGCCTTGAGTTCAGGGGTCATCATGCTGCGGCCCACATAGATGACGGCGACAATCTTGCCTTCTTCATCCTTGATGGGCTTGTAGGCGGTAACATACCAGTCATTCACGACAAAGGCCTTGCCTCGGTATGTTTCGCCCTGCATCACGGTTTTGTAGACGGGGCTGTCTGCGGGAATGTAGGTACCCACGGCGCGGGTGCCGTCCAGCTTCTTCACGTTGGTGGATACGCGGAGCAGCTTGCCCGGCAGCACCTGAAAGATGGTGGCGGTGCCGCCAAGGGTCTTCTGGACCTGATCCACGAGCATGAAGTTGTCATTGAGCGTAATGCCGGAAAGGCCGTCCCCAAGCTGCAGGGTGGGTATGGTGACCTCTTCCTTTTGTTTGGTCACCTGATTCACGATGGTGGTCTTGATCGTGTCACTTTCCGAGATGAACATGGTGCCGAGAGTTTTGATATCTCTTTCCATGACGACAAGGTCCGCATTCAGTTTTTCCTGCGTGATCTTGTTCTGCAGATCAATCGTGTCTTCAAGTTCCGTGATGAGAGAGGCTATGAAGTGCTCGCCCAAAGTGTGGAGGGTGCTCTTTGAAGTTGCATAGAAATATACACCGGAAAAGAGAAGCATGACGACAACAGTCGCCACAATGCTGAGTAACAGTTTTCTGTTGAAGTTGAGCTGCACGATGACCTCCAGTCTTGAAATATGTCTCGGCAAAGGGAACCGACACTGGCAACGCATAAACCCATTGTCGGTCTAAGATTACAGGGCTGGCGAAACACAAGTACCGCAGTATTATCTTTGCCAGTCATGTCAACCAATTGTCAAGGTTGAGCATTTGCCGACAAACCGGGGTTTCCGCAGGTATTTCACCAGTTTCTTTTCCCCCCGGAATACGGTCTGGCAAACCCTTTGTCGATAAGCAATGTCGATAGACTGCTCTCACCTACTTCCACATCGGCGATAAGCCGGAAATATTTACCCCTTTTTATATTTTTGAGTCGTATCTTACGGCCTTGCAGAAGAGTGGTGACAAAATGTTTGGCCTGTATTGCCAGAGTGCGCATTTCCGGCCGCTTGTCGTGCAACTCAGGAGTATCGCAGCCGGAAATGCGAATTCCGATATTCTTGCCGATCACTGGAGGAAGATCGGGAATATCAACAATGATTGTGTCTCCGTCCACAATGCGCATGACAACAGCATCCATATCCCCGTAGTCCGTATCACGCGCTTCTGCCGGGCCTGCGAGGCAACTGCATGCGTTAAGCAGTATGAGCAGGAGCAGGGCTGGCAGCTGGAGGTTGTGCGTGTTCATATATATAGATAATTATATAATTTAAATCCTGTCAATGTCCTTCTCAGAACGTCAGTTATGAAGGTTGGGTGAGGAATGCAATTTGCAACGAATTGTCACGACAGGTAAAACAGGCAGAAACGACAAAAAAATGGCGCTGCCGTTGGTGACGACAGCGCCTGAAAGATGGCGGATTGCCGGGATGTGGTTACCCGAAGACTTCCTGCTTGGTTACTGCCTCTGCTTTAACCCGGTCGAGCAGTTCGGCGAAAACGGCCTTTACGTTTTCCCGGATGTCGCCGGCCACAATAAGGTAGAGCAGGTCGTCACCGGGGTGCAGTTCTCCCTCGTTGGCCTCGGCCACGATGCGGAAGATGCCTTCGCGCTGTTCCATCTCCTTGCATATGGCGGCAATTCTGTCATGATCAGGCGTAACACGCACGGCGACAACATTATTCTTGTCCTTGCGAGACCAACTGCGTACTACGCCGTTGTGAATGAGCATCATTCCCACATGGTCTGCAAAGCCGGGCTCCCGTTTGAGGTCGGCAAGGGCCTTGTTGATATCCATTAATAAACCTCCGCGATCGTAAGAATGGGATAGAGAATGGCCAGATTGTCCACATTGCTTAGCAAACTCCCGCAGTTCAAGGAAGCCCGAATGGTGGCGGCCGGATACGGCCTATGGACGAGCTGGGAGGGCGATCTGAACCTTTCCATCACGCAGACTTTGCAGGATTACGGCGGGTTGCTGCTGACCAGCGAGCGCGGACAGGCCGTATGGTTTTTTTTCTCAACGGATGTTTTTCTTGCACTTGCCCGGCTTGAAATATGGGGCAAGTTCAACAAGCTGCCGGTCTTTGCACAGGTATTTCCGGCCAAGCTGCTGTTCAGCAGCAAGCGCGAGATAAATCTTTCGGTTGATACGGTCATTGCTGCCCAGTCCTCCATTGTTCCCGAAGACCTG
NZ_CP087381.1_gap12	245281	247327	2046	TCCGCCCTGAATGTTCCCTGGACCGAGGCGGAAGCCAAGGCCAGCCAGATGCGGGAAGGGCTGGAGAAGCTGCGGCTCGATATATCGCTCTGGTTCCCCGAGGAGCACCCCTTTGCGGAACAGGCCTCGGCAAGAATCAGCCGCCTGATGCAGCTGGCCGAGGTGAAGAACTTTGTTTCTTTCATGGGGCTGGTACAAGGGCGTGAACGCATTGACCGCGACCTGCAGATACGGGTGAATCATGAAGCACGGGATCTGAAGCAGAAATTCAAATATTTCATGGACCGCCTCACCTACATTCGTGATGAAGCCGCGTGGTTTCCCTTCCCCAAGGTGCTGGTGGAATTCAATAAGCAGTACAATTTGTGCGCGGCCAACCTGAACTGGGCGCTCAAAACGCATTTTCAGGTGGCGGAAACCTTCAAGCGGGCACAGAAAATGGCCGAGCAGGAAGAGGAGCGTCTCATCCTGCTGGAGGGTCGTCTGCGTTTTCTGCGCGTGGTGCGCGATGCAACGCTGTTCATGCTTATTCTGGGCAAGACCTTCTTCTGGATGGAGCTGATCTTCCTTGTGCTCACCCTTATCGGTTTGCCGCTTACCATCTACTATGGGCAGACCAGCGGAGCGGGATGGGCAACCGGTCTGCTTGTGAAGCAGAAGTGGCAGATTCAGAAGGGACTTATCATCATCCTTTCCGTCTTTGCTCTTGGGCTTGCCGCGTTGCGTACGGCCGTGATTTTTGAAAGTGCGCGCGAAAAACTGTTCAAAAAGGCCAGAGGGCAGGGGTAGGCGGAGTTGTCTGCGCTGGGCGGATAGCGTGGAAACGGGCAAAAGCCTGTGGAGCCGCTGCAGGGCCGGAAATTTTTTTCCGGACGTATGAGGTTTCTGTCAGCGGTATTGTCGAGATCATGATTTTGCCCAGATGGACCGTACTTCCTGAATAAGGGCCGCTATCAGCGGGTCTTCCTTTCTTGAACTGAGGCAGGCAATGCTCAGCGGTACACTGAGCGGCTCGTCCCACGCGGCGGCAAGGCCTTCAGCTTCCAGCAGTTCCGCCATGTCGCGCCGCAGAATGGAAGCGCCCTTGCCGTTGGCCACCATTTCCCGGACAATGGCTTCGTCAAGCGCATCTGCAACAGGATGCGGTTTTACCCCGTGTTCCGCCATTCTGTCTGCCACCAGCTTGTGAAAGGGGCATGCGCAGGTCGTCCACAGCCACGGCAATTCTGCCAGAGACCGCCACGTAAAATCCGAGACCTTGCTGACCCGTCGCAGAAAGCGGGTGGGGATGACCACGGCGAGCGGCACGTCTGTGAGGAAGGTTTCCGATATGCCCTCGTCACGGCTGATGCCGAAGCGGAAGCCTGCATCCAGCACCCGTTCATGCAGCAGGCTGGTTGTGGCCATGGTCTGCGAGGTGATGAACTCGATTGATATCTCGGGATAGAGTTTTTCCATCCGTGCATCCAGCGCGCGCATCCGCAGATAGAGCGGGTCCGTGTTCAGGCCCACGGTTATGGCTCCGCACAACTCCGCATTGAGTTTGCCAGCAGTTACCCGCATGTTCTCGGCTGCATCAAGTATCATCCGGGCCTGACCGAGCAGGGTCTTGCCGTTGACTGTAAGCGTCATGCCCCGCGCCTGACGTTCGAAGAGGATGATGCCGAGCGAATCCTCCAGCCCCCGAATCTGGGTGCTGAGGGCCGACTGGCTGATGTGCAGTATGCGCGCCGCTCTGGTGAGGTTCTGTTCACGCGCCACACAAACAAAGGATCGGAGCTGGTTGAGTTCCACAAGATTTCTCCACGAGTCTTACGCCCCCCTTGCCGCACGATGCGGTTTAGGTTTTGCGTACCGTTCTGCAGAATCGAATGATGCCTTCTTATAATTCTGTTGGCAAGAATGCTCTGCGTCGGGCCATACTGCAAGGATATTGGAAACATAAGGAGTTGCGTCATGAAGAGTGGTAAGCTCGGGCCTTTCATGTTGAGCGGTTTGATGGTGGGTCCCGTGCTCGGGTCAGGTATTTTCATTCTGCCACCTCTG
NZ_CP087381.1_gap13	282159	283098	939	GTTGCTCGCAGGCGGAGCGGGACTGAAGCATACGCAGACGGTAGAGCTCAAGGGCCGGTGATTCCGATTTCAGGAAGCCGTCTTCCACCACCTGCTCAAGGGTGCTGTTCGTTGCGGTGGTGATGACGTAGCCGCCGCCGTAAATATTGCGCACGTTCAGGCCGAGGCGTTTGATGTCCTGCTCCATTTCGCGGGCAGAGGTCAGGTACTGCACGCTGGTGCGGATGGGGTTGCCGTCCAGATCTTTCAGTTCCAGCGAATTGGCAACGGTGCCCGTGCAGTGGTGGCCTGCGGCGTGGGATTTTTCACGCCATGCGAAGTCCTGCCCCACAAGGGTTATATCGCGCACGCCCATCCAGTGCAGGAAGCGCATAAGTGCTACGGATACGTTCCCCGCGGCGTCCAGAACAAGATCGTCGGTTCCGGCTATAAAGGTGGCAAGGCCGCCGACCGTCCATAAGGGAATGGTGGGGCCGGGGTATTGTTCCACCACTTCCTGCTTGGTCTTGGTGGAATATATGAGCGGAATATCGCGCGCGAAGTCCGGATCAAGCCGCTTGAAAACATGCAGCATGCCGTCACTGAAGTCGATGGACATGCAGAAATGCGGCTTTATGCCCACATGCTGCGCAGCCGTGAGCGTCTGCAGGGCGGTAACCACAAGGGCGGAGTGGGGCATAGCAGCGAGCGCCGGACCGTATTCCGCAAGGGAGGGGCCTGCACCCACGATAACAGCCTTGATACCCTTGCCCGCATCGCGCAGGGGGTTCACCGTGCCGTCGGAAAGGGCACGGCGGAAATTGTTGAGCTCGTTACCCACCATGATGTCCTGCGCCCTGCGCAGGGTGCCCATTTCCACACTCAGGTGTTCCAGCATCTCCTTGCATTCGCGGGTCCAGTACGCATACTGGGGGCTTATCTGCTGGCTGGGCATGTCTG
NZ_CP087381.1_gap14	288337	292914	4577	GCGCTCCATAGTCTGTGCGCATCGCGGTCTTCCTGCATCCACCATTTAAGATAGATGAGCGGCGTGTGGTGGCGCAGTTCCGCCAGCGCGTTATCGGGGAACCGTGCCAGAAATTTGCCGTGGTTGCTGTTCAGCAGGCAGGTTTCCAGAAGCAGCGCAGCCAGTACCGGACGAATGATGCTGCCGTTTTCAACGGCCGCTGCAAGCAGCTTTTCCATGCGGGAAGCATCGAATTCCTTGGTCTGCTCAAGCAGGTACTTGTGCATGAACTCGTCATAGGGGTGGGCTTCCTGATAGGCGAGGGCGTTATCGAAGGAAATGGGGTCTGCCGGATTGCAGGCAACATAGCCGACGGTGCCCTTGGTATCCGTAAGGGTAAAGGTATAGCGCATGGTCTGGCTCTTGGGCATGGAATCTCCGTAACTGTTGGAAAGTGATTTCGGGTTCCTATAGCCCACTCCGGCGGTTGATTCAATCTTCGTTGCAGTCGGTGAATATTCACAACATTATCTGTGTGCGCTGCTTTTTTGTTCCGGTGTGCTGCCGGTTTGCGATTCGGGAAATAAAGAACCTCCGGCATATCGCACGATACATACCGCGCGGTGTGCCGGAGGTGTCCGGGGGCGTGTTGAGAGGAGCCGTGTCCTCAGAAGGTAATCTTGCTCGGCTTGGGACTACTGTCTTCATTGCGCTTTATGACGCTGAAGGCAGTCGAGAATTTTTCTATGATTTTTCTGGTCAGATTAGTGTCGGTTGTATAGGTGCGTTTACTTTCATAAATGCATCCGTTGTTGCAGACAATGACAAGCTGGAAGTTAACCTGATCTTCATTGGAAAAGCCAGCCTGCTTCGGATAGCAGTTCATGTACAGTGTGCTGGATTTGAAGAGATTGTGGTTGGAACGCAGGAAGGTGCGTATAGTTTCTATGTCCGAATCGGATAGGGAGTGATCCGGAGTGTCGTCAGGATACACGACCTGCAGATCAATGCTTATCGAGGAATGTGAAATGCTGGGCTGGTTGGCGAAAGTGAAATAGCCATAGATGATCCCCAAAGTGCTGCCTGCTGCAAGCACCGCCAGTAAAACCCACTTCATGCCACACTCCACGCTGAATACGAATTATTATCACTCACTATAGGATACACTACTATAGTACGCTTGCGCCAATGGTTATATGGGGGAAAACCCTCATTTTTCTGGTAGGGTTTTTGTGTTTGCAGGATATAAAAAAAGGCCACCCTGAGGCGGGGTGGCCTTTTGAATAACGGGTTGTTCAGGTTTACTGGGCGGAGCCTGCAGCCTTTGCTGCTTCTTCTGCGGCCCTGGTGGCAGCTTCTGCAGCGGCGGCAGCATTCTTTGCAGCTTCAGCGGCCTTTTCTGCAAGGGCCTTCAGCTCTTCAACATTGGCGGGAGCTGCGGCTTCTGCCTGTTCTTCCTTGGCGGGTTCGGCAGCTACTTCAGCTTCATGAACTGCTTCTTTGGCATCGTTCTGATGCTCGGTTTTCATGGTATCCATGTGGCCTTCGGCAGCAGGTGCTTCTGTATGTTCACCGGCCATGGCTTCCATTGCGCGCGCGGGATCAGCTTCCACTTCAGCGAGGATTTCAGCAGGCTTGTCTTCCTTCAGCCATTCAACACGGCCGGTGGAAACGTCATAAATGGCACCGACAACCTGCACTTTGCCGCTCTTGACCAGCTCGCGGGTGCTGGGGCTGACCATGAACAGGTCGTGGATGGACTGCCAAACGTTCTGCTCGATGGCCACGGGGATAACGTCTGCACCGTGCTTGCCGGTGTACTTGATGGACTTTTCAACAGCGGGGGTAATGGGGGCCACCAGACCGGGGATGTTGCGTTCAAGCGCGTGTCCGTGGCCCTCAATGGCGTTGGTAACGGCAGTAACCGCACCGCACTGGGTGTGACCCAGAACCACGAGAAGAGGTGTATTTACATGGGCAAGGCCGTATTCGATGGAACCGGCTTCGTCGCCCTGCACCACGTTGCCTGCAACGCGGATGACGAAGATGTCCATAATACCTGCATCAAAGATGCGTTCCACGGGAACACGGGAGTCGGAGCAGCCCAGCACGGTTGCAAAAGCATGGTCGCCCTGGCTCTGCGAACCGGCTTGTTCAAGACGGATGGTGTCGGTACGCGGATGCAGCGCTTCACCGTTCACGAATCGTTCGTTTCCTTCCTTCAGTAACTGAAGGGAGAGAGCGGGGGTGCGCTTATCCTTGGTTTTAACGTCTGATCCGTTGTCGTCGCCCATGGTCACGAAGAACAGGACAGCCAGGAACAGCGCTGCGATAATGATTATGTTCTTTCTGGAAATAGTCGACATGCATAACTCCTCTTGAATCTGTTTCACCTGATACACAATATGGCAACTGTAGCACGAAACCCCGGTCACAACCAGCAGGCCGGGTTATTTTAATGAGCCTCACGTGATATTATTCACAAGAAAAGGGTGGTTAGCAATCACTATTTGCCACGGCATCCCCTTCCTATTCTTCGGAAAAGATCTGTCGATCGGTACCCAGATAGGATTCCACGGCATGATAAAAGGTTTCCATCAGCCGTGTGCGGTACTTGTCGCGGTGCATGACAGCATAGAAGTGGCGGATGAGCTGCATGTTTCTGAGCGGCACCCTGAAGAGTTCACCATGCTCCAGCTCGCGCTGGATGGCAAAGGGTGACAGGCAGCTCAGTGTGTCCGGGTTCTGCAGCACGCGTTTTATGGAAACCGTGTGGTGCATTTCCATGACAATGCGCAGGTCCTTCATGTAGTCGCCCATGTAGTGGGTGAAGGTGTCGCGCGAACCGGCACCGGGTTCACGCAGAACCCATTTCTTGTTGAGCAGTTCTTCAATGGAATAGGGGCCTTCCTTGGCAAAGTCGTCGTCGCTGGAAACAACAAACAGTTCGTCCTTGCACAGGCGGATGAATTCCAGATCGGGGCTGTCTATCTCGGTTTCCACAAGCCCTATGTCTATGTCTCCCTGCTCCAGCCCCTCTGCGATGTCGTGAGGATTGGTGAAGACCGTCTTTATGGTGACGTTGGGGTATCTGTCTTCAAACTCGAACATGATCTGCGGCAGAATATAGTCTGCAATGGTGGAAGAGGCGCCTACGACAAGCTCTCCGTTCATGTTGTCGCCTTCGAAGATGCGCAGCACTTCGTTCAAGTTCTGCAAAGCAGGTTCAAGGTTGCGCATGAAGGTGCGCCCGTGGGGATTGAGGGCAAGTCTGCGGTTCAGGCGGTCGAAAAGCTGTACGCCGAGATCCTGTTCCAAACCCTTGAGGGCCACGGAAACTGCGGACTGGGTGAGAAAATTCTCTTTGGCCACCTGAGAAATATTCGGGTTTTTCGCTAGGGAGATGAACAACTCCAGCTGGCGAAGATTCATAAAGCCTCCGGCTCGTTTGTCATGAGATTTGGTCGCCCAGTATATAAAACAAATTTATGATGTCGACAACGATTGTTGAGTTTTGTGAATATAATAACGAGGGCGGGACAAAAGCAGGACGCCGTTACGGGCAAGTCGTAACGGCGTCCAGAAAGAAGGGAGGAGTTGTGTCCCTTCAGGAAGGAAGGAAAAGCTAGTTGTGCAGGAAGTAGCTGATGAAGCCCTTGGAGCGCTTTTCAGGAGCTTCGTGCTTGTATTCGTTGTAGAGGAAAGCAATGCCCAGAAGGGCGGTGGCGAATACAACAGAAGCGAAGACAATGCGCTGGCCGAGGTCATAGCTGCCGACTACAAGGTCCTGAACGGTGAAAGTGATGATCATCAGCAGCGGAATCAAAGCAAAAGACATGGTTTTTCTCCAAAGAGTGTATGTTTTTTTCGACGCAGCCTGCTGTGCAGGGGGCACTGCGTCTGAATTTTGAATGCATCAATAGGGCGCAATTATACGCGTCCGGAAGTTGTGCGCCGTTGTGATAAGCGTTGCATTGTTCCGGAAGTGTTATTTGACATCACACAGATCACAACAATAGCAATTGTGAAAATATGATCAAGTGTGGTGTCTTCGCAGGTCTTTTGGGGGACGTGCAGGGCAAATAGTCTGTAAAGGCATTTCGTGAAATAAGTCACATTGCGAACATCTCATGCAATGCGTCATCGTTTCACGAACACGTGTCGATAGCCAAGAAACAGGATATCGAGCGAAGAATTGCAGTACCAATACGGTACTGATGCATGCAGTCATTGCGTGAGATCAAAATACGCATGTTTGCGAAATGCGCAAACGAAAAAAATTCATGTCGGTAAGAAGTAAAATTGATTAACTGACCAGCGTGACATCGGGCTGGGAGGGGAGGAAATAACACCAGCCATCATTATATAACAAAGTTGGGGAGTAAGGGCGTGCAGGCGCCTGAATGCTTGACGCGTTTTCTCCTTGGGTCTAGTTTGGCGCAGCCTGAAAGGGCGGCTTCAGCCCGTTGCTGCTTTGCACTTCCCTGGCTTTTTCCTCAGTCCGGCCGTGTGTCCGGAGTGAGAAAAATGCTTCTCAGGTTTAACTTTGCACTAATCCGCTAAATATAACGGGGGCATTATGTCCATTGATGATGAAA
NZ_CP087381.1_gap15	352207	353582	1375	TATTGCCAGTGCATTGCGCTGTGATCGGGGGGCGGGTGGTGTGTTTTCGTGTTCGTCTTCAGCTTTGTGCCCAATCCCAACTTCAGGGGTGGCAGGCGGGGCTGAACGGCCCGTTTCAAAGTGGGGGGGCGCATGTGACGTGACACCCTGCTCCTGTTCGAGAGGAAGGCCGGGATTTTTGTGGGTGCGGAAATGGATGATGAAGGACGTGCTGCCGCACGTGGAGGATGCAACCGACAGGATGGAGCCTTCAAATTGCTTCACGAGTGCGGCAAAAAATCTTCTGTGAATGCCCGTCAACTCTTCATCGGAAACACTGCGGAACGGAGTGAGGGTGCGCATGGCGCTCCCTGAATCCGTCAGCGTGAACAATATGGGGATGATGGATTGGCGTGTTCCGAGTGTTCTGTTGAACATGTCGGATTCCGTCAAAGGTGCCGCCGGCGTTGCGGTAAGGTGTACTCCTTTGCAGGGCCGGTGTTGCCGATGAACGGAAACGGCAAGCCGGATGCATTGTTTGAGGCGGCTGGCATCGGCAGAGACAATGATAGGCAGTTCCGGTGACAGTTCAAAAGACATAGTCGGACACTCGCCCGTGTCCGCAGACCCGTCAGCCGCTGCCTGCAGAACCTTGTGGAGATCACAGAACCCTTCATGGAGCATGAGGGTGCCGGACTCGGCGCGTGCAAAATCCTGAAGATTGTCTGCAAGGCGGTGCAGTCGCTGGCATGCATGGATAATGTCGGTAATCTGCGCCGGGGTAGACTGGGCCCTTTCGTCGGTAATGCTGTTGCAGGCCGCAGCAATGGTGTTGCACGGTTCGCTCATCATGGTTCCCAGTTCCTGCAGCATCTCCATTCTGGCCTTGCGAAACAGGCGGTCCGCCTCCAGTCTGTATTCCTCGGCCATCCGCTGTTTCTGCATGTTCGTGTCTATGAGGCCACCTTCATAGAGCAGGGTCCCCTTTTCGTCCGAGACGCAGCGGGCCGACAGCAGTCCCCAGAATCTGGTGCCGTCCTTCCTGCGGAATTCCGCCTCAAAATTGCGGACTTGCCCGTAGGTTGAAAGCTGTTGTTTGAACTCATCCCGTCTGGTGGCATCCACATAGGCATCCGTTGCAATGTTGCGAATAGTTTCGAGGATGTCTTCCTTGTCTTTGCAACCGAACATGTTGATCAGAGCCGGATTTGCATCAAGCAGTTGCCCTTCAGCCGAGCTGACGAAGATTCCTTCGAATGCGTTGTCGAATATGCTCTGAAACTTCCGTTTGATTGTGGAGCTTTCCTGTTCATGTTTGCCGAATCGTTCAACCATAAGGTTGTATTCTTCCAGCACGATGGCGGGAATGTCCGGCGAAGCGTTTCTGCCATCTCGC
NZ_CP087381.1_gap16	450695	454144	3449	ACAGGTGGCAGCTGCCGTAGCGGCAGTCGTCCGTAATGGCCATGTCGTAGGCGCGTTGGCGTTCCTTGAGCAGGTATTCCTTGGAAACGCCGCTGACAATGTGATCCCACGGCAGAGGAAGGGAAACATCGCGCTCCGCAATGTACTCTTCGTAGGTGAGGCCATGTTCGCCAAGGGCTTCAAGGTAGGGTTCAAGCTTGAAGTGCTCCATCCAGCTGCTGAAAACGGCACCCTTGCGGTAGGCCGTTTCCACCACGTCCGCAAGACGACGGTCGCCGCGGGAGAAAATGCCTTCAAGCGCGCTGGAGCTGGGCTCGTGCCAGCGCATGCGCATGCTCTTTTCTTTTTTGAAGGCATCGCGAAGGTAGAAAATGCGGTTCTTGATTTCTTCAAGCGGAATCTGGGCTTCCCACTGGAAGGGGGTGTGCGCCTTGGGTACGAAGGGAGAGATGGAAGCCGTAACATTCAGGCGCTTCACATATCCGGCCGCACAACGCACCTTGCGGCACAGTTCCACAATGGCATCAAGGTCTTCGTAGGTTTCCGTGGGCAGGCCGATCATGAAATAGAGCTTCACCTGCTGCCAGCCGTGCTGGAAGAGCTTGCGGATATGCAGCAGAAGCTGTTCTTCGGTTATGCCCTTGTTTATGACATCGCGCAGGCGCTGGCTTCCGGCTTCCGGCGCAAGGGTTGCACCGGTGCGGCGTATGCCCGCCATGCGGGCCATGATGTCGTCATCGATGGACCCCACACGCAGAGAGGGCAGGGAGACGGAAATCTGTTCGCTGCTGCACCGGTCCACGGTTCTGGTGAACAGGGTCTTGAGTGCGGAGAAGTCACCCGTGGACAGTGAGAGGAACGAAAGTTCGTCATAGCCCGTGGACGTGAGGGTTTCGTGCAGGATGCGCTCGATTTCCTCAACGGAGCGTTCGCGGGCCGGGCGGTAGATCATGCCGGCCTGACAGAACCGGCAGCCACGGGTGCAGCCACGGCCGATTTCCAGTGCCAGACGGCTGTGCACCGCACCGAAGGGAACCGGCTGCGATACGGGGAACGTGGCCGTGTTCATGTCCGGAATGACACGACGGGCAGGGGCGGTGTGGTCTTCATACAGGGGGACGGGGGGCTGGTCCTTGCCCTTGAATTCGAAGAAAGAGGGAACGTAAACGCCGTGCAGGCGCGAGGCGCGGCGCAGAAATTCGTGGCGGGTCGTCTTTTCCTTCTTGCACTGCTGCAGAACATCCAGCAGTTCCACCATAAGGTCTTCACCCTCACCGAGAACCATCAGGTCCATGAACGGCGCAAGAGGTTCGGCTCCAAGAGTGCATCCGCCGCCAGCCATGACGATCGGAATATCAAGGTTGTCGCCGCGATCGACGGTCCGCAGGGGAATACCGCCAAGGTCGAGCATGTACATGATGTTGGTGTAGCAAAGTTCATGCGTTACATGAAAGCCGACCAGATCGAGGCGTGAAAGCGGAGTATCCGATTCCAGCGTGGCGAGCTGCACCTTGTGTTCGCGGAGAACGGCGGCCGTATCAACGCAGGGAGTGAACACGCGCTCTGCCCACCAGTCTTCCCGGTTGTTGATGATTCCGTAAAGAATCTTCTGGCCGAGATAGGACATGCCCACTTCGTACATATCAGGAAAGGCGAGGGCCAGATGCAGGTTTACGGCATCTTTTCGCTTGTGAATGGCCCCTTCTTCAATTCCCAGATAGCGGGTGGGTTTGGGGATGAGGGAGAGCAGTTCGCGCATGAGTAGCTCCTTACGCCTGTGAAAAATGTGAACGCAGTCTGCTGTGTGGCAGATTGCCGTCGGTAACGATAACAAAGGGGGGTGGCATGTGCCACCCCCCTTTCGGGTATACGGAACTGAGCGTTCTTACTTGAGCAGCTTGGAAATGTCGGAAACCTTGCCGCCACCGGGGTTCTGCAGATTCAGACCGCCGAGGCCGCCCGTGCTGAGAGTCAGGTTGGAAATGGCTTCGATATACTTGCTCTTCAGTTCTTCAGGGCAGTTCTTGTATTCATAAAGAACATGCGTGGTTTCAATGGTGCCGTTGAAGTCCTGTTCAAAAGGATAGCCGAAAGGCAGCAGCATCATCTGCACCCCCTGCTGGGTGGGAACGGTCTGCAGGGCGGCTACTTCGGTCAGCTTGCCTATTTCAACACCGGCCTTGCCGATGACCATATCGCCGCTTACCAGCTTAACCAGCTTAACTTCATATGCCATGAGATTTCTCCTTGGGGGTTGTTACCGCGCAATAGGTAGGGCTTAGCCCTCTACCTGTCAAGCTGCGAGGTCATTCTGCCGAAATTTCGAATGGCAGGAAGGCAGACCACGCCCGCAAGCCCGAGAATGATGAATCCGGCCCCGAAACTGCCCAGGTCACCGCAGAATCCGATCATGGCCGGTGCACCGCCCGCAGCGAGAAAAGCAACCAGCGGCATGGTCATGGAAAGGACCAGTGATCGTTCCGTTGGTGAAAAGGCGTTTGCAAACATCTTGAAAATGGCCGGGAACATGAGCGGCGGAAGCGCCGCCTGCATGAAAAGCGTCATGGTCAGCCACTGCCCGTGCACTGCCGGCACAAGCATGACGGCAACAATGCTGCCGGCGAAGGAGATAACCAGAATGCGTTCTTCACCCATTCTGTCCGTAAGCCAGCCACCGGCAAGAGCCATGAAGGGCGTGGGAATGCGGGTGACTGCCATAAGTGCATTGGCCGAGGTTCTGTCCATGCCTTCCGCATTCACCAGAAACAGGGGCATGATGCTGTACGGGGCCCATTCCATTGCCACGGCAACGCCGATGATGAGGACAAACAGCCATGTCTCCCTGCGTTTAAGCAGAGAGGGAACTGTGCTTTTTCCGGGTGGTTCACCGTGGAAGTTACCGCCTCTTCCCTTGAACAGAAAGAGCAGTGCGCCGGTAACGGCAATGCCGCCCATGGCCTGCAGCGCACCGCGCCAATCCGTGAATTGCAGGGCTATTTCGGCAAATGTAGGCGCAACGATGAAGGCAAGGTTGGGGGCAAGTTCGTGAACAGATATGGTTTTGCCCCAGTCCTTGCGGTCGGCAATGGAACCGAGTGCCGCAAGGCCGGAAGGAAAATACATGCCGCCGGACATGCCGCACAGGGTGAAGCCGATGCGCAGCTCGTCAAGGGAGCTGGCGAAAGAGAGAAAGGTGAGCGCAAGGCCGTAGCAGCCTATGGAAAGGGGGATAACATACCTGTGGCGCAGTCTGCTGGAAAGAAAGCCGCTGCAGAACACGCTGAAGGCATTGCCTGCCGAGGTGAAGAGCAAAAGCGCGCCAGCGTCGGTGTAGGAAAGATTGAATTCATCCTGCAGGGGGACGAGCATGGGGGCAAGCAGCATGCGCGAGGTCTGGTTCAAAAAGAACATGAAAGTTATGAACAGAATCCACGGCAACGCCCTGGAAA
NZ_CP087381.1_gap17	455531	459362	3831	CTGTACGAAGAAAGCGTCCTCGTCGCCGAGAATGCCGTCACGCTCTTCGGGCATGGCGCCCACTGGCTTCATGTAGCCCACATTCAGACCTTCCTTCTGAAGGCGAAGCCCGATGCCCATGACGACCATGTTCTTGCCGGAATATCCGGCTGTCGATCCGATGTAGATACCGGCAGCCATAGTCTCCTCCTCTGATGTTGCCGTTGGGTGCGATATGTGTCTGTTCCACCTGTCTGCGTGTCCCGCGCATTGTGTGGACCGGCTATTCTTTCAAGCCGCAGGTCCCGGCATCTGGTGCCGGAGCCAGAATCACGCGCACATCCGCCACCCACGCTCCTGTGCTGTTGACAAGGACGGGATTGAATTCTGCCTCATGAATCTCCGGAAAATCAAGTGATAACTGTGACATGATCAAAAGAATGTCTTCAATGGCCGTGAAGTTGACGGATTCTTCGCCGCGCACCCCCTGCAGAAGCGGGAACGATTTGATTTCACGTATCATATCGTGTGCATCGCTCAGGGAAAGGGGAGCCAGCCTGCAGGAGATGTCTCTGAGCACTTCTACATAGATGCCTCCGAGTCCGAAAATGATCATGGGGCCGAACTGCGGGTCACGTTTGAAGCCGATAAGCACCTCTTTGGCATTGCGGGCTACCATGCCCTGCACAAGACAGCCCATTATGTAGGCGTCCTTGCGTTGGCGTTGCGCTCTGGAGGTAATGTCCAGAAAGGCTGCCTGCACCTCTTCCGGCGACTTGAGGTTGACCTTGACCCCGCCCACATCGCTTTTGTGCGAAATCTGCGGTGAGGCGATCTTGAGCACCACGGGGAAGCCTATCTGTTTTGCTGCGGTAATTGCCTCGTCGCTGGTGCGGCAGAGTCTGGTGTCCGGAATGGGTAGTTCGTAAGCCTTGAGAAGACCTTGTGCCTGAAATTCCACAATTTCCTGTGTGCCATCCGCCTGAGCCTTGCGAATTATTTCCCGCGCCTTGGTTATGTTGCGCCGGTAGCACACCTCCACCGGCATGGGCTGTGCCTTCCATTCCCTGTAGCGGTTAAGGGCCTCTATGGCCTGAATGGCTGGTTCAGGAAAATCATAACAGGGTATGCCCGCCCGCACGAGTATTTCTCTGCCTTCCCTGACGGCTGGCCCGCCCATGAGGCAGGCAAATACCGGCTTGTCATGTTTGGCGACCACCTCGACAATGGCCCGCGCCACATCTGACACACCAGTGCGTGCAGTGGGGGAGACAAGAATAAGCAGCGAGTGCACCATCTCGTCTTTCAGGACGATATCTATGGCACCGGAAAATCTGTCCGCCTTGGCATCGCCAATGACATCCACGGGATTATAGAAGGCGGCAAAAGGAGGAAGGATGCCCTTGAGCGCATCAACCGTGCTTGCGGATAAAGGGGCCATGATCAGGCGGGACAGTTCTATGGCGTCGGCAGCCATGATGCCGGGGCCGCCGGAGTTGGTGACCACGCCTACATTGGGTCCGGCAGGCAGGGAAAGGCTTGAAAATGCCTGCGCAAGATTGAAAAGGTCCCGCAGGGCGCTCACCCGCATTATTCCCGTCTGGACAAAGGCCGCTTCATACGCCTGATCGGCACCTGCCATGGCACCGGTATGAGAAGAAGCAGCCTTGGCACCGGCGCCCGTTTTGCCCGACTTGATCATGATAACGGGCTTTTCGCGCGTGACATTCTGGGCGACCTGCAAAAAACGCTGGCCGCATTCCACGCCCTCCACATAGCCGATGATGACCCGCGTGTCGGGATCTTCCGCCAGATAGGCAAGGATGTCGGACTCGTCGAGAATGGCCTTGTTGCCGATGCTGATGAATTTTGAGAATCCGAGGCTCCGCTCCTGCGCCCAGTCAAGGATGGAAACGCACAGGGCGCCGGATTGCGAGAAAAAGGCGATGTTGCCGCGGGCAGGCTGGCCTACGGCAAACGTAGTATTGAGCCGTGCTCCGGTATTGATGAGGCCGAGACAGTTGGGGCCGAGCAGGGCTATGCCGTATTTTTCTGCCAGTTTTTTGACATTTTCCTCAAGGTACCATCCGTTGCCGCCAATTTCCTTGAATCCTGCAGTGATAACGACAATGGATTTGACACCTTTCTTGCCCAGTTCTTCAACAGCCCCGGCAACTTCTGCCGGGGGAATGCAGATTACGGCCAAATCGACTGAATCAGGCAGGTCGCGGATGTTGCGGACAACCCTGCAACCAAGTATAGTCTCCGACTTCGGGTTTACAGGATATATCCCACCAGCAAAACCTGCCTCCAGCAGGTTGGCTAATACCACGTTTCCAATTTTTCCGGTTGTGGCAGAGGCTCCGATAATGGCAACGTTTTCGGGGTTGAACAGGGCCGGGATGTTACGGTGATATGTCATGGGCCCCCACTTTGGAGAAAGGTGAAAATGCTTAACATTCTACAAGATTCTATCCACTATCGCTTCCGGCAAGTCAAGTTGCTGGAAACGGCGCTCACCCACAGCTCGCATGCTAACGAGCAGGGTGGCGATATTGAACATAACGAACGCTTTGAATTTCTTGGTGATGCGGTGCTGGAGCTGAGCGTTTCGGAGCGGCTGTTTGCCATGTTCCCGGGCGCACGGGAAGGACACCTGACCCGTATGCGGGCCAAGCTCGTGAGCAAGCCATCTCTGGCGGAGCTTGCCAAGGAATTAAAGCTTGATGCCTGTTTGCTGTTGGGCAAGGGGGAAGAGAGCCAGGGCGGAAGGGACAGGCATTCTCTGCTGAGCGATGCACTGGAAGCCGTCTTGGGGGCCGTGTTTCTGGATGGCGGATACGCCTCTGCGCTCGCAGTTGTAGACGTCCTTTTCGCCTCTCGCTGGCCGCAGGAGCCGGAAGGAGGTAAGAGCAAGGACTATAAAAGCAGATTGCAGGAACTTACACAGAAGTGCTTCAGAGAGCGCCCTGTGTATTCCCTGGCCGGCAGCAAAGGGCCGGAACATGAAAAAGTGTTCGAAGTCCTGCTTACATTACCCGACGGCCAAACTGTGACTGCAGACGGCCCGAGTGTTAAACGGGCTGAGCAGAGAGCCGCCGGACTGGCGCTTAAGCTGCTGGAACGTTCAATGGACCAATAGGTTTTTTGAAAAGGCCGGGGAGGGGGAGCTCCCCGGCCTTTTTCGTCTTTGGTCGCCTTGAACGATGTTCGACGCGCGGTGCTACTAACCGCCGATAAGCTTCATTGCCATCTGCGGCAGAGAGTTGGCCTGCGAGAGCATGGCCACTGCAGCCTGGGTCAGAATCTGGTTACGCACGAATTCCGTCATTTCGGTGGCTACGTCCACGTCGGAGATTCGGGATTCTGAAGCCTGCAGGTTTTCTGCCTGAATGGTAAGGTTCGATATCGTGTTCTCAAGGCGGTTTTGCAGGGCACCGAGAGAGGCACGGATCTTGTCCTTGGAAATAATTGCCTGGTCAATCGCATTCAGTGCCTGCTGTGCCGCGGACTGGGTGGAAATCGTGTACCCGCCGTGCGTTGCAAGCGTATTGTTGCCGATGCCAAGGGCAGATGCGGTGGAGATGCCGATCTGGATGTAGTAATAGTCTTCGGCTGAGTCGTTGCCCGTACCGAAGTGCACCTTGAGCTTGCCCGTGGCGTTCAGACCGCTGCCGTTATGCACATTGCCGGAAAGTGTACCGTTCAACAGGTGAATGCCGTTGAAGTCGGTGGCGTTGGCAATTCGGGTAATTTCCGATGCCATTGCCTGATATTCCGATTCGATCATGAGACGCTGGTCCGAGTTGTAGGTACCGGTGGCTGCCTGTTCCGCCAGTTCCTTCATTCTGA
NZ_CP087381.1_gap18	464786	469085	4299	TGGAATGTTTTGCCGTTTCCCCGGTATTTTGCATTTCCTGGGCCAAAGCCGTATTGTCTGCTCTGAGGTTGTGTAACCGCCTCTGATTCAAGAATTTTTGTCTCAGTTCCTGCTGTGCGTTATGCTCTGTGGAGCCTTGCCAGGAAGACATGTCCTGCTGGTTTTGCAGCCCGGTCTGCACCTCGATGTTGTCCACCTTCAGGCCCTGGTTTTCCAGAGAAGTCTTGAGCTGGTGCAACTGGTCATTGATCGCCTTGGCAGCTTCCGCGCTTTCGGGTCTGATAAGCGCATTCACTTCATGGTTCTTGACGGAAAGAATGACCGTGATCTTGCCGAGATCTTCAGGAGTGAGTTGCAGGGTCAACTGCTTTGCACCGTTCTGCATGGTGCGGAGCATGCCGCTCTCAACCTGTTCGAAAACCTGTCTTTCTGCCGTTCTGGCTGCAGCCGTACGTAAACCGTTGGCAGCTGCGGCGTTCTGGTCGATCACGGTCTGCCCGTTGGTAGAAGGAGCAGAGTTGATTTCAAGGCGCTCAAGCAGGGACTTCAGGGCATCTTTTTGCTTGTCCCTGCTCTTGTTCTGCATGGTGTCGTCTGAGAGCGTGTCGTTGAAACGGCCAAACTGGCGAGACTCTGCGCTCTGCTGCTTGTCGGTTGCCGGATGAACAGCGTTCTTGTTGTCTGTTTGTGTCTCATGAGACTTCACGGACTCGGCGTTTTTTTCCTGCATGGCAGCATTGCGTGCTTCGCGGGTCACTTCCTTGTTCCCCGCAGAACCTGCCGTTACGGTGGATAAACCGTTGGCTTCGGCTGTCGCACTATCCTTGATAAGAACCGACGATGCCGCGGTTTCCTTGGAAGCACGCATATCGGCAGCATTGAATCTGCCTGAGCGCTCCCATGCCTCTTCCATGGCGGGAGCAAGCGCATCGTGCAAGCTGGTAACACGCTCTTCGGCCGCGTTGCGCTTGGCAGTAATGCTATTGGAAATTTCTGAGAGCAGAGCCTTCAGGCCCTTTGTGTCTACGGTAAGACCTTCTTGCCCTGCAAAGAGCTGCTTCATGCGGCTTATGCCGGATTCGTCAAGCTGGAGAGCCTTGCCTATGTTGGCAAGTTCTTCCTGGCTGATGTCGAGGGTGGTTCCTTCGGGCATGGAAGCTATCTTGTTGAGGACACTGTTCCACGCCTTGGAAAGATTGCCGCTCTGCGCGGTATCCAGCAGGCTGCCGGATTCTTCAGGCGTGAAGCCAAGCTTTTGCAGAAAGACGGATGCGCCGTTGCGGGTGGCATCATCAAGCTTGAAAGCGGCCGTTTCCTGTCCGGTGAAGGCACCGTTTTCGGCCAGAGAGTGCAGCAGACTGCTCCACGTGAGAGAACCTTCAGAGGCCGACGTTTCAAGCTCATCAAGCGTCTTGTCGTCAACGCCGAGGTTGGAGAGCTTGGTCTTGAGGCTGTGATAGGTGTGCACGTCGATCTTGCCGTCGCGCAGACCGTTTATGCCATCTTCCTTGCCGCCGGTGCCGAGAAGGCGGTTGCGGATCTTGTCTGCCTGCGCATTGCTGCCGGCGAGTGAAAGCGCGTTGGAAGCAGTCTTGAGCGAACTTTGCCCCATGCTGGCCGTATTTTTCAGAATGCCTTCAAAAGACGAAGCGGAGGCACCGGCTGCCTTCGTCTGCGCCTTGATCCCGTTTGAAGGGGATGATTCTGAAAATAGTACGGGAAAGAATTGCATGGAAGACTCCTTTGGACCTCCCAAAGCGAAAAGCGTTCCAAAACTTTCAGTTGTTAAAATACAGATGGTTATGTGTCGCAGGTAAAGGCTTGAGAGGGGAATGAGTTGCCTGGCTCGGCAAAGGTTTCCCCTTTTGGGGGAGGCTGGGGGAAAGCAGGGAACAGAATGCAGGAGCTCTGTTGCCGTTATATGTGCGATGTCTGCCCCTGCAAGGGGGAGAAAGCGGAGCAGAAGGGGGAAAGGGGGTTAGCCGGCGGCTAGGCCCAGAAGTCGTTCAATCATGGAGAGTGCGTCAGCATGCGCTGCGCCTGAAAATTCCTGATTGAAGAGTGCAAGCTGCATGTAGCCCGTGAGCGGGCGTATGAAGAGAGGATGTTGTTTCCAGTAGTCGGGAGCGGCGGCAGGGGAGGATTTGCCCTTAATGGCCGGGAGCAGGTCTCTGCTTATGCCGAGCAGCTGCTTCTTCAGAACAGGAACGAGCTGCGGAGAGACCGAGTTGAGCGTCCTGAATGCAGTCTCGGCATCATGAGAGGCAGTCATCCCAAACTCACTGGCGAAAAACGCCTTCCAGAAAAGGGCAAGCCGGTGTCTGGGGGAGGAAATCTCCGTGCCGTCCGCATGGCGCAGGCTGTACAGTCCGTCCGCACCGCGCGTGGTTGTATACAGCCGCTGTCCCGCAGGGGTTACGGCAATATCTTCAGTGCCATCCTTTTTGGAAAGCGCGTGCGTAAGGGCCGCCACACGTTCCATGGAAAATGTCTTGTGGCAGAGAAAGGACGGGTGTTTGCACTGCCAGCAGCCGTTGCAGCTGATGCTGGAACGCAGAACATGATGCCCCGGCTGGTAAGGGCCGGTTTCCCAGGGATGCACATAGCCCATGGAAAGGTTGAGCGTGGGGGTGCCTGTCCATGCCGCAACGTGCATGGGGCCTGTATCCGGCGTTATGAGGCAGCGGAGCGTTCTGATGAGGGTCGAGAATTCGGAAAGGGAAAACCTGCCGCACAGGTTCAGTGCTGCAGTGCCTGTTTTGTGGGCCACGGCACTTCCGAGCGGCATGTCGGCCTTGCCGCCCAGCAGAACCGGCTTCATGCCGCGCTTGAGCAGGGCGGTAACCAGAGATGACCATGCCTCAACGGTTGGGCGCTTTGCCGGATCGCTGGCACCGAGAAACACGCCCACTTTGGTCGCATCAGTCCGGTCCGTTTCCGGGTCCGGCCAGCGGGATGATCTGATGAGAGCGGCAGGAACCGTATCCAGCCCGTTCAGGTCTGCCCAGTGAAAGAGGTTGTGTCTGTTGTTATGGACAAGGCTGGCTCTGTACAGTTGCCATTTGCCGTGAATATAGGTGGTTCCGGCGGCAGTGGTTGCCGGACCCGCAAGATGTTCGCAGCGCAGCGCGCCGGCAAGGGCGGCAGCTTCCGGCCTGTGGCTCAGGTTGATGACGAGGCTGTACTCTTCCTTTGCGAGCAGGGGGGCAGCCTCCCGCGGAAAATAGGTCACATGCGGGCTCAGCGGCATGAGGCCTTCAAAGAAGGTCCGTTCCGCCACTACCCATATGGGGTGGCCGGGGTATTGGTGCTGCAGCCAGAGCAGAAGGGGAAAGGTGAGAACCAGATCCCCCATGCGCTGCATTTGAAGAACAAGAATGGGCTTTGCGCTCATGGGCTACCCGAATATGTCGCGCATGGCAGCCGCCAGATCGGTCACGCGTTGTTCGTAGCTATGTTCCGCAAGAATGCGTTTTCGCGCAGCAGAGATGACGGTGTGTCTGGCCTGCTCGTTATGCAGGTAAAAGCGGATGAGGTCAGGGGCTTCTTCCGGCTCGTGATAGCAGATGACTTCTTTGCCGGGAACGAAGAGTTCATCCATCTGTTCCCGCCAGTCGGTCAGCACGAAAGAGCCTGTGGCCGGAACGTCGAACACCCGCTGGTTCACTGCTCCCTTCATCTGCTTGCTGGTGCAGTTGAAGTTGATGGTCGAGAGCGGATAGAAGTGGGGCAGTTCGTCGTAATAGCCTATTTCCGGATGCAGGTCCCACGGGTGTTGCGTAGAGCGGAAGGTTTGCCGCCACCCCTTGTCGCCGACAATGAGGGGGGAGAAGGGCAGGGTCTGCTCCACGCAGCGGGCGCGGTACTGGCGTGTTGCTTCCCATGTGATCATTGTCTCGTAGGAAAGCTGTCGTTCGGGCGTGTCCAGCTCGCTGAAATGCGTAAAGAGAGCGGGATGGTGGTGTTGCAGGAACTGGCGGACGGAGCGTTCTTCATGTGCGGCAAAGTCCCGCGCGACCTGCCTGTACGTTGTGAGCAGCGGCTTGGGGAAGCGTCCTGCCCTCATGCGGTGGGCGACTTTGTATACCATCGAATTGCCCACAAAGGATATGTCGCGCTTGAGCGGGTGGTGCGCAGGCACCGAGGCGGGTTTTGCGAACCTGACAGGGTCAGTCCCGAGCGGGAGATACCGGACATGCTCGAAGCCCATGGATTGCAGGGAGGCGATGTTGTCCGTATCCCACGTGAAAATGGCTGTCCACGGGCTGATGAGCCGGTTGTACAGATAGAGGATAAGGT
NZ_CP087381.1_gap19	546223	550924	4701	CTCAACAAGGACATGATCCGCGAGTGCAACTTCGTGCTCAAGCAGATCATGCCGTACTACGACCGTTACACCACGCCCTTCTTCCAGGGTATAGACCACGATGTGGTGGAACACGGCATGCCCGGCGGCGCTACCTCCTCTTCGCAGGAAGGTGCCATGAAGCAGGGGTATATCCACCTGCTGCCCTACATGCTCAAGTTCCTTGCCGGAACCCGCAAGATCGTGCGCTACCACGATGTTACCCCCGGCTCACAGATTACCTGGAACACGGCATTTCTCGCGGTTTCCAGCGCCTACAAGCGCGGTGGCGAGAACGAGGTGAAGTACCTTCTGAGTGTGCTGGACGAAGTGAACAAGATGGATGCCTGTCAGGATTGTCAGGCTGAGCTTGCAGAAGCACGTCTTGCTCTGTATCAGGACAGCAACGATGCATTCCGCGATTTGCTGCTCGGCAAGTTCGGCAAACTGCCGCTCGGTTTCCCGCCCGACTGGGTCTACCAGAGTGCGTTTGGCGATGAATGGAAGCAGGCCATTGCTTCCCGCACCGAACAGTCTCCGCTGGAAACACTCAAGGATATCGACCTCGTTTCCGAAGAGAAGAGCTATATTGAGCACATGAAGCGCAAGCCCACGGATGAAGAGTTCGTCATGTATCTCAACCATCCCGCGGATGCGCTCAAGACCGTGCAGTTCCGTAACGAGTTCGGCAACCCCAATCAGGTGCCGCTGGATGTATGGTTTGAGGGACTTGAGCTTGGCCGCGAACTGCAGTTTGTGGACAGCAACAAGAAGCCCCACACCATGACCATTCTGCACAAGACGTCTCCGGACAAATCCGGTAAGAGTGTTGTACGTTACGTGCTCGATTCCGAAATCCTCAGCTACGACGTTCAGGTCGCGCTGCCGCAGGAAGAAGAGGGCATCGGTTACGAAAAGGCCGATAAGAATAACACCAACCACGTGGCCGCCCCCTCCAACGGCGACCTCTGGGTCATGTATGTTCACCCCGGCGACCTGGTGAAGAAGGGTGAAGAACTCTTCAACATCTCCATCATGAAGCAGGAAAAGGCTGTACTGGCTCCTGCCGACGGCATGGTGGTAAGAGTGCTCAAGACAGCGGACTTCAAGGAAAACAAGGTCATGGTTCCCGTCAAGGAAGGGGAGCTGCTTGTGGAACTTGGCCCTGTACCCCGCCGCTGTCCCAACGAGGCGTGCCAGCGTCCTCTGACCATTGAAGGCGGTGGTTTCTGCCCCTTCTGCGGTGTGAAACTGGAAGCGTAATTGGATAAAACCGCCCGCCGGTTCAAGCCGGCGGGCGGTATAAGCGTTGAAGAGGAGTATCGTGCCAATGATCTCATTGACGCGACTAACCATCAGAGATACATAGGACAATGCCTATACGTGACAGTTAATTCCTAACCAGATTCAGACTGTTAATGGATGGGGCATCGGGTCCCCGAGAAGTCAACGTTTCCGGTTCTCAACGAAAGGCGCATTCGCCTTTCTCCGAAGGAGTAACTTATATGGCCAAAACCAAGGCTGAAGAGGCCAAGGCCACCAAGGCCCCCGTGGCAGTGAATGTAGAAGAGATCAAGAAGAAGCTGGTTCTTACCGGCTCCGACATTGTCACGATAGGTGAAGAAGCCGAACTCTGGGTCGGCGGCAAGAACTACAACACCGCCATAATCAGTCAGGTGCCCGGAATCCGTGCACCGCAGTTTCGCGCCATTTCCTCCATCGCCTTCCATAAGGTGTTGGATGAAACCAAGGTAAACGCCTCTCTCGTTCGTTCCATTGTTGATAAGGAATACAATCGTATCGACTGGAATGATCCTGAAATAAATAAAGATTCCGATTTTCTGCAGAAGTTCGTACGCAATCTCGCCAAGGAGATTCGTGCAGAAGTTCAGGCAACCGGCGTAACCAACCAGCTCAAGACCCGCACGTTCGTCAACAACGTGGTCGAAGGTTTCGCCACTTCTCCCGAAGGTATCGACCAGCTCCGCAAGCGTTCCGTGCTTGTGCAGGCTGGCATTCTGTCCGTTGAAATCCCCAAGGATGTCAACGAATGCGTGCGTCAGGCGTATAACGACATCTGCAAGGAAGCCGGCGGGGAAGATGTTCCCGTAGCCGTGCGTTCTTCTGCTGCGGGTGAAGACTCCCGCAAGAAGGCCTTTGCCGGTCTGCAGGATACCTACCTGAACATCGTGGGCGAGAACATGTGCGTTGAAGCCTATCACTGGGATTGCGCATCCGCCTACAACCTGCGTTCCATGACCTACCGTCGCGAAGCCATTCTCGACGCCATGGCCAAGGCAGAAGAGACCGGTGACGAGTCCATCGCCATCAAGGCCAAGGAAGAGTGGGCCATTGAAAATACCTCGCTCTCCGTGTGCATCATGCGCATGATCAACCCCGTCATTTCCGGTACCGCATTCTCTGCGGACACCGCTACGGGTTGCCGCGGCACGGATCGCAAGGACCTCGTTTCCATCGACGCAAGCTACGGCCTCGGCGAGGCTGTTGTGGGCGGCATGGTCACCCCCGACAAATTTTACGTGTTCAAGCGTGACGACCAGCAGGAAGTGGTCATCCGCCAGATGGGCTGCAAGGACAAGAAGATCGTTTATGACGAAAAGGGCGGCACCAAGATGGTCAAGGTGCCGGACAACGAAGCCTATCGTTGGTCCCTGTCTCTTGCGCAGGCCGAAGAAGTGGCCAAGGGTGTGCGTAACATCTCCACCGCGTATGGTAGCATGATCATGGACACCGAGTTCTGCATCGACAGCGCCGACCGTCTGTGGTTCGTGCAGGCCCGTCCTGAAACCCGCTGGAACGAAGAACTGGAACTGCACCCCCACACCATCTTCATGCGTCGTCTGGAAGTGGATGCCAAGGCAGCCGCTGCAGCCGAAGTCATTGTGGAAGGCAACGGCGCTTCCCGTGGTGCAGGGCAGGGCAACGTCAAGTTCCTGCGCTCCGCTCTTGAACTCAACAAGATCAACAAGGGCGACATTCTCGCCGCAGAACGTACCGACCCCGACATGGTGCCCGGCATGCGTATTGCCGCCGCCATTCTCGCGGATGTGGGCGGCGACACCAGCCACGCGGCCATTACTTCCCGCGAACTGGGCATTCCCGCCATCATCGGTATTCAGCGTCCGGAAGCCCTGCGCGCCCTCGACGGTCAGGATGTGACTGTAGACGGCACCCGCGGCAAGGTATACCGCGGCCTGCTGCCCCTGAACGTTGTGGGCGGCGAAATGGACCTTTCCCAGCTGCCCGCCACCAAGACCAAAGTCGGCCTCATTCTCGCCGACGTGGGACAGGCTCTGTTCCTCTCCCGTCTGCGCAGTGTGGAAGACTTTGAAGTTGGCCTGCTGCGTGCTGAATTCATGCTCGGTAACGTGGGTGTGCACCCCCGTGCGCTGGAAGCCTATGACAACGGCGAACTGGAGCATGTGGTCAACGCCAAGGTCAAGGAACTGGACGCCAAGCTGACCAAGGTTCTGCGCGAACAGCTCGCAGCCGGTATTGTCGGCGTGGATATGAAGCTGCGTGAATATGTCGGCCACCTCACCGGTCTGGCGCAGGAAATTGCCCGTCTCACCGAGCAGGAAAACCTGCGCGGCACCGACGAGGTGCTGGCCGTGCACCGCAAGATGCGCGAACTTGATCACAAGCTGGACGACTACGTGGCCTTTGCCACCCGCCGTCTTGATGTGCTGAAGACCTCTGCCGATCTGTATGAGCACGTGCTCTGTGTCATGGGCTTCAAGGACGAAGTTACCATACTCAAGGGTAACGATCCTGAAACCAAGCGCCGTCTTGCCGAAATTGATGCCATTGTGAAGGGCCGCGTGGAAGAAGCTTCCAAGATTCCTGCAGTGGCCGAGATGATCAAGAAGATCAAGACCCTGCGCGATGATGTGGCTCTGACCACCGGTATGAAGAAGGAAATCGACGATATTCGCGGCATTCCCGAAAAGATTCGCGAAATCATCCGTGCCCGCGGCTTCCGTTCCGGCAAGGAGCACTATGTGCAGACGCTGGCGCAGGGCCTGGCTCTGTTCGCCATGGCCTTCTACGGAAAGGATATCATCTACCGTACCACCGACTTCAAATCCAACGAATATCGCAACCTGCTCGGCGGTTCGCTCTTCGAACACTTTGAAGACAACCCCATGCTTGGCTACCGCGGTGTTTCCCGTAACCTGCACGACTGGGAACTGGAAGCGTTCAAGCTGGCTCGCGGCGTGTTCGGTGGCATCAACCTGCAGATCATGCTTCCCTTCGTGCGCACGCTGGAAGAAGGCCGCTCCATGCGCCGCTATCTGGAGCAGGTACACAAGCTCAAGAGCGGTGTGGACGGACTCAAGGTCATCCTGATGTCCGAAATTCCCAGTAACGCCATTCTTGCCAAGGAATTCATCAAGGAATTCGACGGATTCTCCATCGGTTCCAACGACATGACTCAGATGGTTCTTGCCACCGACCGTGACAACGCAAGCCTTTCTCACATCTACGATGAAGAAGATCCTGCTGTTGTCTGGGCGATTCTGAGCACCATCTTCACCGGTCAGAAATTCGGCAAGAAGGTAGGTTTCTGCGGACAGGGCGTTTCCAACAGCGTTATCCTGCGCGGCCTTGTGGCCATTGCGGGCATCGTTTCCGCCTCTGTTGTGCCGGATACCTACTACC
NZ_CP087381.1_gap20	607829	608536	707	TCCGGCAATTGAACAAGAGAAAATCGTAAGCGGTACCACACATGGCAACTGGCCCCATATTCAGCATCATAACGCCAAGCACGGGCAAACGCCCTCTGGCCCTTGCACAGGCCATAGAAAGTGTTCATACCGCGATGCTGCATGCGGGGCTTGATGCTTCGGCTGTTGAGATGCTTGTCGGCTATGATGGCGTACAAGGGCCAGAAGTGTGCGACTACCCTTTTCTGCGGTTCATGAACCTGCCCGCACAGGGCAATTTCGGTAACGGCATACGCCGTATTCTGCTGCGGGTGGCAAAAGGAACACGAATTATCTTTCTGGATGACGACAACACTCTGGCCCCCGAAGCCTTTGTCATCTTCGGCAGGTATCCCGATGCGGAACTCGTGATCGCCCGCATTGATGTAAGCAAAGCGTTTGCCAATGGCTACCTGCCTGAGCATGTAGAAGGAAGGGAGCTTTTCCGTCCCACCAACGTAGACCCGCTGTGCATGTGCCTTTCACGGGATCTTGTGCAGAACCGCTGCGCAGGCTGGGAAATTTACGAAGGCTATGAATCGGATTATCGGAATCTGGTACGCTACTACCGCCGTGCGCGATCCGTTGCCATAACGGATGATGTAGTAGGTGTTTATGACGCTGGGCGCGGTATGGACCGGGGGGGCATGAACCGCAGGCAGCAGGACATTGAATCAAAACGGGAGATA
NZ_CP087381.1_gap21	632670	637212	4542	AGAACTGCGCCTTACACGCCACCGCTACCAGCAGCTTTTCGAGGAATCGCCCTGCTACATCAGCGTACAGAACCGCGAACTCAAGATCGTGGCCAGCAACCGGCTCTTCCGGGACGATTTCGACGATGATGTGGGCGGATTCTGCCATGAGATTTATGCCCACCGTTCAAGCCCCTGTGTGGGCTGCCCCGTGCTTAAGACATTCGAGGACGGACAGCCGCACCAGTTCGAGACGGTAGTAACCTCAAAGCGCGGAGAGCAGCGCAACGTGCTTGTCTGGACGGCTCCCATACGCGATGCCAACGGACACATCACGGAAGTCATGGAGATGTCCACAGACATAACCCAGTTGCGCATCCTGCAGGACAGGCTCTCAAATCTGGGACTTCTGCTCGGCTCCACGGCGCATGGCATCAAGGGCCTGCTCACCGCCCTTGACGGCGGTGTATACCGGCTGGGTTCCGGCATTGAAAAGGATAACAAGGAACGCATCAAGGACAGCTATCAGGACATACGCCACCTGGTGGAACGCCTGCGCAAGATGGTGCTGGACATTCTCTACTACGCCAAGAAACGCGCCCTGCAATGGGAAGTGGTCATGGCCTCGCGTATGGCGGAAGAGGTAGCCGCGCTTGTCGAGCCCAAGGCAAAAGAGAACAACGTATTCTTCTCGCTTGAAGTGGCACCGGATACCGGCACATTCGAGGCCGATGCCGGCGCATTATCCGCCGCTCTTGTGAACATACTGGAAAATGCCGTGGATGCCTGCGCGACGTCGCGCCGCCCGGAACCGCGTTTTGTGCATTTTTCCGTAAAAGGCATAGGCAGCGAGGTGAAGTTTTCCATCCGCGATAACGGTGTAGGCATGGACCGCGAAACCCGCGACAAGCTCTTCACTCTTTTCTTCTCTTCCAAGGGCTCATCCGGCACCGGTATCGGCCTGTTCGTGGCCAATCAGGTGGTACAGCAGCACGGGGGAAGGATTATCGTCATGTCTGAAGCAGGCAGGGGCAGCACCTTTGCCGTGGTCATGCCAAGACGCCTGTCTGAAGAAGCCAAGCAGGGAACCGAACTGGCAGGCATAGACCTTGTCCCCAACGGCTAGGTGGGGTTCATCAGACAGGATTCATTCAGTCAGGATTCATTCAGTCAGGATTCATTCAGTCAGGATTCATTCAGTCAGGATTCATAAGGAAGGGAGGTCAGGCTTTTGCAACGGGACTTGTCCGGTATGTCGGCTGAATGCATCAGCAGATCATATCACCGGCTGGTTCCCGTAAAAAAGGCGCGGCCATAAACACCACGCCCCGGTCAGTTGAAAATGAGAAGTCCATTTTCCATGGTGGACGGTATCCCGTACTGCTCAGACAACAGCTTTGCCCATTTCAGCGCTATCTTCTCGTACGTTCCGTCACTCATCATTTCCTTTCCGGCCTTTCGCCATTGGGCAACAAGATTTTCATCTACGGCCCGTGAGAAAAGGACATACACATCGGAATACCCGATTTCGTATACGGCCCTGTAGTTGGCAAAGCTGAGTCCCAGCTGCTTGCAATCAAAGGCCATGCCCACGCTGTCATACACCATGGCATCTATCCGTCCGAGTTCCAGCTTGCGAATATTCGAGGCGTGGCTGGTAACACTTTCCACTTTCCTGAAACCGTTGTTGCGTAGAAAGTCTTCGCGCACATCACCTATCTTGGCACCTATGCGCATGCCGCGCAATGTATCAAGAGTGTAGCTATCGCGCGAAAACGCTTTCAGCACATAGAAATTCCACGCCTTGCGATACAGAGGCATAAGCCATTGAAAGGCGTTTTCGCGCTCATCGGTACGGGAAAAGCTGAAAAACAGCAGATCATCCCGCCATGCCGCTTCTTCAAGCGTTCTTTTCTCAGGCATAATGACCAGGCGGGACGTATCGCCCACCCGCCTTTGCAGCTCTTTGACCATATCCACGGAGATACCGACAAGCTCCCCAGAGGTGGAAATGTAGTTTCCGGGAGGCTCATCGACGGTATAGATAGTCAGCGCACTGGCAGAATTCGGGCTCAGGAGAAGCACGAAAAGGCAACAGGCAATCAGCGCGCATTGTAACGTCGCATTCCACCTCATACATGTCCTTTTACTCCCCGCAGTTCCGGACACAATCGCAGACCTGAGTGCAATCGGGCAGGATAAAATCTACCGGGTTCCTTCTTCCTTGAGGGAACGGACAAGCTCAGAAAGCCTGCCAAGCTGAACAGCAAGCGCATTGAGTGCTTCCGTGCTTTCCACAATCCCCTGAGAGGTCTGAATGGTAATACGGTTTATCTCATCAACAGACCTGTTGATCTCTTCCGAAGTGGCTGCCTGCTGCTCCGCTGCCGTAGCAATGCCCTGCACGCGCTCTGCCGAGCTTTCCACCCCCATGACAATCTCCGACAATACGGAACTGGAACGGTTTGCAAGGTCAACAGCCCTGTTCAGATCGGTCACGGCCTTCTGCATGGAAGTAACATTCAGCTTGGCAACATTCTGAATGGCATGAATGGCGCTGCCCACTTCCTTGGTGGCAGTCATGGTCTTTTCCGCAAGTTTGCGTACCTCGTCCGCTACTACTGCAAAGCCCCTGCCCGCCTCACCGGCCCGCGCAGCTTCTATGGCCGCATTCAGCGCCAGCAGGTTTGTCTGGTCTGCAATATCCGTAATAACGCCCATTATGCGGCCGATGGATTCAGCCTGAAGGCCGAGCTCATCCATCTGCTTCTGCAACTCCTCAGTCTGGCGCTGTGTCGTGCGGATGGCCTCAATGGAGCTTTCCACAACCTTGGCACCCTCGCTTGCCTTCACCTTGGCATCGTCGCCTGCCGCAGCTGCCTCTCCCGAGTTCTTGGCCACTTCAAATACCGTGGCATTCATCTCTTCAATGGCGGTAGCCGTGGCAGCAATGCGGGCTGCCTGAGTGTCCGTGCCGCGCTGAATCTCTTCAGCCTGTCTCGACATCTGCTCAGCAGCTACGGAAACCTCTCTCACGATTTCCTCAAGGCTTTCCGCAGCCTGATACATGCCATCGGCCTTGGCGCGCTCTGCGAGTCTGGTTGCCTCTTCCGCAGATTTCAGGGCCACGGCGGCCTGATTCGCCTTCTCCTCGGCAATGCGGGTCTGTTCCCCCACTGCTTCCATGGTTCGGTTCAACTGCATGAGCATGTCACGAAAGGCATTTGCGAGAAGTCCGTTCTCATCGCGCTGGTCCACATCAAGCCGGACTTTCATATCACCTGCGGCAATTTGCTGGGCAAATACTACCATCTTGCGCAGTGGAACGGTTATGTTGCGGGCCACCAGTATCGTGATAAGCGCTCCCAGCAGCAGGCTACCCACGGTGAGTGCCACAAGGGCGTAGGTAAGCTCGGTAAACCGCTTCTCGGAATCGGATGCCTTGGCCGTAGCCATGGTATTCACGATTTCAGTAAGCGTGTTAATATTCTCCCGCATGGCATCAAACTGGTCCTTGGCCTCTCCCAGAGACAGTCCCCGGGCTTTTTCAAGGTCGCCACTGTTTATGAGATCTATAACCTGCTTCGAAACAGGCTCCCACTTCTTTCTGTCTGCGAAATACGCGTCCACATACTTTTTGGTTTCGGGTGTGGCTATCAACGCATAGAATTTGTTTATCCGCGTATCTGCCTGCCCTATATTGTCTGAATAATCTTTCATCTGCGCGGCAAACGCTTCGGTTCCCGGCTCGGCAAAGCACATGCTCCGTTCGGCAATCAAGGCCTGATGCAGGTCTCGGTCGGCTTCAAGAAGAAAGGTCGCACCTTTGAAGTCCACGTTGAACACTCCGTCCAACTGGGTGTTTAAAACACTTGAACTGTAGTACGCGGTAATCCCCATCGCTATAAGCAACAGTAGATTTGTTACCAGAACCATAGCCAGTTTCGTTACTATTCTCATCTGATTCAACATTACCGCCACTCCTGCTCTGAAAATTCTCCACGTGAAATAGACACGCCACTATTCCATAAAGCAGATGCCGCAACACAGCAAGCGCACTGCACACATAACAATAGCATTTGTGCAAGAAAAAAGAAACACCCTATAGATGAAGGAAGTGGCACTTTACCCCACAAAAAAGGGATATGATTGGGGTCAACGTTTCAAAGGCAGGCGGAGCATGGCGCGTACCCCCCCCTGAATGCCGTTTTCCAGCACCAGTTCGCCTCCCATCTCACGCGCGGCCTTTCGGGTCGCCATAAGCCCGAATCCTGTACCGCGTGCCTTGGTGGTGAACATGCCGTCGTCAATGCTGGCAAACACCTCGTCGCTCAGGCCCCGGCCATTGTCCTCGACAATGTAGCAGACATAGCCGCCAGCACATTCCGTATGCAGAATCACCCTTCCGTCACCGTGGTCCATCCTTCCGGCCTGGATGGCTTCTTCAACTGCTTCCACCGCGTTGGTCGCAAGGTTCATGATACATGCATGAATGGCCTCGGGATCAAGCAACGCTTCCGGCTGGGGAGCCGATGCATGCATGAGGGTTGCCCCGGCTTCGCG
NZ_CP087381.1_gap22	666616	670600	3984	CTTATGCAAAGCTTTTGCGGAAACCGTTTTCCCTTCCATAACGGTGCTATGGCTTCTTCGTCAGCATAGAAACAGTTATCGTCTTCATTATGCACAAAGGTGGCCCCGTCAGCTCCGGCTATCTGCCTAGCGGCACGGCTCACGATTCCACGCACTTCCTCAATGCTGGCGGCGAGAGAAAGTTTGTTTGCCGCATCTGCCAGCAACCCCTGCTCCCGGGCCTTACGCTCATTCTCCTGCTCCGCGATTCTCCGCCTTGTAATATCCAAGGATATGCTGACAAGACCATCCACCACTCCGTCCTGATCCCGATGAGGATGCTTGACTGACAGGAAGTGCCGCTGGCCGTTCAAGGTCTCCGCCACTTCCTCAAACACACCTGTTTCTCCGCACTCAAGAACGGCTCTGTCATTGTCCACCTGCCCGCCGTCGACGGGAGAAGTAAACGTCAGAAAGGACATGCCGCCGAGCAGATTATCCTTCCGTATTCCCGTCATGGAATATACGGCCGGATTAACGCTGAGCAAACGCCCCCGCCTGTCCCGCGTATATACGAGAATATCCCGCGCAGCGAAGGGACCACCAAAAATCTCTTCAGGAAACTGAATCCAGTGCTTATCACCCAGATTCTCAGTGCATGCCGCCGCCCCCATGACAGGCGCACCGGCAGAATCGGCTTGGCTCAACGAACCGCTTTCGGATGAACTTTGCTGCACGTCTTCAGCTATATTCTCACCGGGACGCTGCTCTGCCTTTTTCAGCCGTTCAAGGGCCTCACTGATGAGCAACCCCATCAGAATGAACATAATGGTGGAATACAGATCAGCAGTATTCTCAAAACCGAACGAACGCTGAGGCGTGATAAAGAAATACCACCCCAGCAGAGCCGAAAGGATTGTGGAAACCGCACCGCCGTGCAAGCCGGTAAGTCTGGCGCTGAAAAACACCGCCGGAAAGAACAGCAGCCAGGTGAAGGGAGAAATGCTGGCCCAGAGCACCCATTGCAGCCCAAGTGCCAACAAGGGGAAGAGAAGGACAAGGCTGACATTGTAAACACTGTTCGAAGCACGCATGGCTATCCTGCCTCTTTTTGCTACACAAAATCAGCGAGATGACTTCTGTCCTAACCCTGCGATCACGCGGAGAGCATGACAAAAGCCGGTCCGCCACGAGTAATGGCGCAACTCGCCGCCACAAAAATAGATTTATTTCTATTTATGGTTGTACGTAGCGAGGGGTATATCGTCAATGCCAATAAAAGACTTTCGCAGGTTGCGGAGGGACTAAGAATCAGTCCAAGCCGTCACAGCGGATAACGGCGGGATGGTGAGCAGGATACCAGGATGGGATACTAGCCTGTGAAGGGCGGGATAAACGGAAAAGGGTCCGACAGCATTGCTGTCGGACCCATATTCTCTTGGTAGCGGGGGCCGGATTTGAACCGACGGCCTTCGGGTTATGAGCCCGACGAGCTACCGAGCTGCTCCACCCCGCGTCACGTGTGAGAGGGGGTTTACGTTGAAGCGGCTAATGTGTCAATCACTGATTTACAATAATCTCTCAATTCGCTATTACTTCCCGGTTATGACAACAATCAAATCACTATCCATAGTTGTTCCCGTATATAACGAAGAAGACAACCTCCCTATCCTGTTCGCCGAGATCGAACGCGCCATGTCGCGCACCGACAAAGACTGGCATGTCATCTTTGTGGATGACGGCAGCAAGGACAGAAGCCTTGAGGTCATGCGCCAGCTTGCGGAAAAGCACGATACTGTCCGCTATGTGGTCTTTGCCCAGAACTGCGGACAGTCTGCCGCCTTCAAGGCTGGTTTTGATGCCGCTACGGGCGACGTTGTCGTTACCATGGACGCCGATCTTCAGAATGACCCTGCCGACATCCCTGCCATGCTTCAGGAGTACGAGCGCGGCTTTGACATGGTCATCGGCTGGCGCGCAAAGCGTCAGGACTCCATTGTGAAGAAGATCGTCTCCAAGATCGGCAACGGCATCCGCAACCGCCTGAGCAATGAAACCGTCAAGGATACCGGCTGCTCCCTCAAGGTGATGCGCACCAGCATGGCGCAGCTCCTTCCCATGTTCACGGGTATGCACCGTTTTCTGCCCACGCTCATGAAGATGCAGGGCGCCAAGGTTGCCGAAGTTCGTGTAAATCACAGACCCAGACAGCATGGCGTATCCAAATACGGCGTGTGGGACCGCACCAAGGCCACCTTCTTCGACCTGCTGGCCATTCGCTGGATGCAGAAACGCACATTCCGCTATACGATCAGGGAACAGAAATAGACGGACGGCAAAGCAGGATACCGGATGGAATTCTGGCTGCACTGGACATGTACATTTATCGGGGCGGCCCTGCAGGCCGCCTCTGTCGTTCATCTGGCCTTCCGCCGGACCGGACAACTGAAGCGGAATGCCCTTTCCGCTCCCACCCCTTTCGGAAACGAAAAGGGTAACACAGCCGAAACAACTTCGGCGTATGATCGCCTCCGGTTGGCTGCGGGTCTCGGCTCCTGCCTGCTTCTCGCCTTACAGGCCCTGCTGGACGGCGACCACGTTATGCTGACGGGACAGATGCTTCTGGCCCTCTTTTTCCTTACAGAACATCGGTACCGCCCTACGGTGCGATAACAGTCGCCCTGCTCCGCTGCACACCGCGCGGAACATGACAGACGAGGACAGCACAGATTGATCAATGCAAAAACCAGAAAGGCCATCCTCAAGGCCTTTTTCATATTCGCTCTGCTGGCGGCAGCCATCTATCTTTTCAGAGTTTCCGGCCTCAATGAAGTGCTGGACAAGCATTGGATGGACGTGCACATCCGCGATCAGGGCCTTTCCGGCGACCTGCTGTTTCTGGCTATTGCCGCAGGATTCACTGCGGTGGGCCTGCCCCGCCAGATAATCGGTTTTTTTGCGGGCTATGTTTTCGGGGCAACTATGGGCACCGTCATGGGAACCGTGGGAACCGCACTTGGCTGCGCCCTGTCCTTCTACTACGCCCGTTTTGCCGGACGCGAGGCCATTGAGCGCAGACTGGGCAAGAAGACGGCAAAGCTCAACGCCTTTCTGCAGCGCGACCCCTTCCAGATGACTGTGGTCATCCGCCTGCTGCCCGTGGGAAGCAATATCCTGACCAACCTTCTGGCGGGTATCACGTCCATATCCTCCCTCTCATTTCTCGGAGGCTCCGCGCTCGGCTACATCCCCCAGACCTTCATTTTCGCCCTGCTCGGCAGCGGAGTGAATGTTGATCCTGTCTGGCGCACAACCATCAGCGCCGTACTCATGATTGTTTCAAGCCTGCTCGGCTACCGGCTCTACCGGAAATACCGGGTAGAATCCGAACTAGATGCATAAGAAAACGCCCCGCCGCACTCCGGCGGGGCGTTTTCATTTCGCATATCCCCTTTCGCAGTAGATAGAGATTCTGGGCTTCACCCGTCGTGCATTCATTCAGGAACACACCAAGCTGATAGCCCGCTATCTGACCTACCTTCATTCTCCCGGCCCTGCCGCGTCTGACAGCCTGCATCAGATCAATCACCATGAGCCCTATGCCGCTCCAGTTGCTCATGGCCAATTCAAGCCTCATCACGTCCGGACCGGTTCGTCCCAGCTTACCGACTTGATACAGTGCTCGAACATCGCTCCCGTCACAAAAAAGCGCCCTGCCGAAAAACGACAGAGCGCTGAATGCATCACTTCGAAGAAGTACAGTCTACTTGCGCCAGAACTCCGGCACAAAAAGGATGAACACAGTATAGATTTCAAGACGCCCGAGCAGCATGCACCATGTGAGCACCCACTTGGCGGCCAGCGGCAGATGTGCAAAGTTCTCTGCAGGGCCCACAGTACCAAGACCCGGCCCAATGTTGCCTATGCAGGCGGCAACAGCCGCAAAAGCCGTGAGCACGTCTATGCCCAGTGCAGTGAGCAGGAAGCTGGAAATGACAAACAGTC
NZ_CP087381.1_gap23	702122	705367	3245	GAGCGGCAGTGATCCCTTTTCGGTCAGGGCAAGCAAAGGATGACGGGCTTCACGCAGATTGAGCGGCGTTTCGGCAGAAAGCTCCAGAGCCGTGCCGTCGAAGGCAGCAGCCAGCGAGCACTTTGCCAGCAGTACATCAACCTTCACCAGAAGGTCATGCACTCCGCGAACGGATGCAAGCTGGGAACGGATAAGACCGGTGAGGTAGATGAGCACCTTGCGCTCTTCTTCGCGCTCCTGCTGCTTGAGCTCCTGCAGTTCGTTGTTGAGATCCACAAGGAACAGCGGCTCGAAATAGCAGGTTTCTCCGGTCTGCGAATAATCGTGGATGATGCCCTGCACCCTGCCCTTGAAGTTGCTCTTCAGCGGCAGCACGTAGCGGTCGTTGGCAAGGGTGAGGTACTCGTCCTGCATGTACTGAAGCAGGTTGTAGGTCTGCACCACTTCCTTGACCTTGCGGGTGCAGGTCTGGTGGATGCGACGCACTTCCTGACGGACGAGCAGCAGTTCGGGAGAGCTTTCATCGCGGATCTGGCCGTTGTCGCCTATGCATCGTGCAAGACCGGACCAGCTCTGCCCCGGCCAGGGGTAGCGGTCCACGGCTTCTTGCAGCAGAGGCCATTCAACTGATCCGCCGGGTGCCGAAGAAATGGAATCCACAAGCTCCTTGGCCTGCGCAAGCACCTGACGCAGTGCCCACAGATCATCCAGATCAAGCACATTGCCGGGCGCTTCGACAAAATCGAGCATGCCGGACAGCGGCGGAAACTGACGCAGCCGGAAAGAGGCATACTGGGACCAGACCTGGCCCTGCCGGAAAAAGTCCATCTCCGAACGGGCAGAATCCGGAGACAAAGGCTCCACCTTGCGGCAGGCTTCGGCTCCGGCATCCGATACGGCAAGCCCGGCAAGATGCACAAGCACCTTGTCGAACTCAAGATTCTGAAGAGTACGTTGTTCCATGCAACAGAAGACTAGGAAAGCTTTTCGCGAACGAGTGCGCTCAGCTTCTTTCCGTCCACGCGCCCCTTGTAATCGGCCATGATGGGGTTCATCACCTTGCCCATATCCTTCATATCCGCTGCACCGGTTTCGGCGATGGTTTTGTCCACAAGAGCAGACAGCTCTTCATCGGAAAGGGGCTGGGGAAGGTAGGTCTTGAGCACTTCAAGCTCTGCGGATTCAATGGCGGCAAGGTCGGGACGATTGGCGGAATTGAACTGCTCAATGGAGTCCTGACGCTGCTTTGCCTGCTTCATGATGACGCCGAAGACGTCTTCATCGGTCAGCTCACGAAGAAGTTCAACCTGAAGGTTCTTGGCTGCAGTCTTCAGGTGACGCAGCACGCCGAGCTTGACCTGATCCTTAGCCTTGTACGCGGCAATGTAATCCGCTTCGATCTGCTTTGCGAGGCTCATGGCGGTGACCTGTGATGGTGGGGGGTGATAAAGAATAATGCGGGGACTCGAAACTAACCGAATCCCCGCTATAATGCATCATGAATGCTTACATGAATGCTCCCGACTAAGCGGGCTCACGCGAGGCTAGCTCGCGTTCATCTTTCTCATCTTTTTAACAAGACGCTTGCGTGCGGCGGCCTTTTTCTTCTTGCGCATCACGCTGGGCTTTTCGAAGTGCTGACGCTTCTTCATTTCGGAAAGAACACCAGCCTTCTCAACCTGCTTCTTGAAACGGCGAAGCGCGATATCGAAGTTATAGTCACCTTCTTCGAGGAATACACCTGGCATTAAAAATCACCACCTTCATGCAATGTCCGTTTGGCGAAAGTACGCCAAGGCAAGAAGGTCAGATACTCCTTCCACAAAATCTTGGCAAGCACTTTGTTTATCGGACAATAAAAAAGGCCTGTCCGGCTGGACAGGCCTTCAAACCAGACAGCAACAAAATTTAGTGGCTACCGTGCCCGTGGCCGTGTTCGTCCTGACGGGCCTGCATCACGGACTTCAGGATAACATACCCGAGACCGGAGCAAAGAACGAACAGAACAGCGTACAGCACACCAAAAAACACAAAATGGTCAGCCATCCACCATGGAATATCCATGGGCAGCGGGCTCTGAATAGTTTCACCGTGCAGCATTTGCGCCTCCGAAGCTACTACTTGATAGCTTCTTTAAGAAGCTTGCCGGGACGGAACTTAACCACCTTGGCGGCGGGAATGGAAATTTCTGCGCCGGTACGGGGGTTGCGTCCCTTACGTTCCTTGCGCTCTTCGACAACAAAAGTGCCGAAACCGGTCAGGGTGAGCTTGCCTTCCTTGACCAGAACGTCTTCAACAGCGTCGATGAAGGCGTTAAGGGAACGCTCGGCATTAGCCTTGGTGAGGTTCGCCTTTTCTGCAATCTTTTCGATGAGATCCGCTTTAGTCATCTGCCACATCCTCCTCTCTGGGGTTTACCAAATAACACGCTTGGCAAAAAGATATCACCTAGGGCTCATTCACGCACCGAGGTGACTTTGAGATTTTTTTCTCAAACCCAGAAAACCCTTATCAGATGCGTAAATCTGGCGCAACGGTAAATATTGCCTTCGGCAGTAGGCAAACACCATTTCACCCTTCAAGTCAAGCAGGAATCCAATTTTTTACAGTAGTTGCGAGTAACTGGAACTGTCTTGGGGTTAGGTTCTCAGGACGGGCTGTGGGCAGCACTCCAGCAGCCGCAAAAGCCTCATCAAGCCTCTCTCCAAAATAACCACGCAGAATTGTTTGCATTTGCTTTCTGCGCTGCTGAAAACAGACCTTGATTATCCACGACAGAGACGCGGGATCGAAGTCCAGCTCATGTTTGGGAATTGGCTCAAACCTGAGTACGGCGGAATCGACCTTAGGCCTTGGCTTGAATACGGTAGGCGGCACGATAAACGCCCTTTTCGGCCGGCAGAAGCTCTGCAGCCACACGGTAAGGCCACCATACTGCTTCGAGTTCGGCGCTGCGGTTATCCTGTCACCAACCTCCTTCTGAATCATGAAGACGGCACGTACGAGTCCCGGTGCCCTGCTGAGAATATCCCACATCAGCGGCGAGGCAACATTGTACGGCAGATTGCCGATGACCTTCCAGGAAGGTCCCACTCCAAGATTCTCCCACGGAAAAAGCAGTGCGTCCGTCAGCACGACATTCAGTTCAGGATCACCGGCCGGAGGATTTTTTCTGTGCTCCGAGGCCCAATGATGGTCCTTCTCCAGAATGGTGAACCATTTGGGTCCCCGCGCGTGAATAAGGT
NZ_CP087381.1_gap24	707024	709640	2616	TTCCTGCAGATACTTTTCCAGCACCTCGTCCAGTTTATCCCCTTCTTCGGAGTTTCTGGGCTCAAGCGCCAAGGATATGACAGGCTTATACGCTGCGATATTTTCAAGAATGTAAGGATGTTCAGGGGTGGCGATGGTATCTCCGGTGCGCGCGCCCTTGAGCCCCGCAGCCGCGACGATATCGCCGGCATAGGCGTGCTCAATCTTTTCCTGATGGCTCGCATGCAACCTGAACAGACGGGATATTCTCTCGGATTCTCCCTTTGTCACGTTGCGGTAGACCTCTCCGGCCTTTATCTCGCCGGAGTAAATGCGCATGAGCACCATCTTGCGCCCGTCATCCATGAAAACCTTGAAAGCAAGCGCCCCCAAAGGAACTGACGGAGAAACATCCAACGAGCACTTATCCTTGGTATTCTCCATATGGGCCACCGGAGGTTCAACATCGAGAGGCCCGGGCAGATAGTCCAGAACGCCATCGAGAACCAGCTGCACGCCTGTGTTTTTCAGAGCGGAACCGGCAAACACGGGAACCACCTGCAACTTCAGGGTGGCAGCGCGCAGCACGGCGCGAATCTCCTGTGCGGAAATATCTTCGCCTCCGAGATAGCGTTCCATGATATCGTCGTCGAAATCGGCAACACTTTCCAGCAGCCGATCGCGCCACGGGGCAACCAGCGATGCCTCCTCTTCCGTCAGAGGATGCCGGGTATACTCCCTGCCCTGTGAATCCTGATCGAATTCCACACGCTCCATCGTCACCACATCGGCAACACCGTAAAAATCCTCACCCTGCCCGAGCGGCACGACCACGGGAAGAGGATTCGCCTTCAACCGCGAGCGCATTCCTTCAAGTACTGCTTCAAAGTCTGCACCAAGCCTGTCCATTTTGTTGATGAACGCAAGCTTGGGCACGTGGAACTTCTCAGACTGCCGCCATACGGTTTCAGACTGCGGCTCCACCCCGCCTACGGCACAGAAAACGCCGATCGCACCATCAAGAACGCGCAGGCTGCGCTCTACTTCTATGGTGAAATCAACATGGCCGGGCGTATCTATGATGTTGATGGTGTGCTTGCCCCAGTGGCAGGATGTGCAGGCAGAGGCAATGGTTATGCCGCGTTCCTGCTCTTCCGGCATGAAATCCATGGTGGCGGTGCCTTCATGCACCTCGCCCATGCGATGAATTCTGTCGGTGTAATAGAGAATTCGTTCCGTGAGGGTGGTCTTGCCCGCATCAATGTGAGCTATCACTCCGATATTTCTGAGAAACTCAAGATACTTGGATGAAACGGCCTGCTTGGTCATGAGTCTCGCTCCGGCGAAAGATGTGGAAAATTAGGCGCAGGGCAGCATACCGGCTTAAAAAAGCTCCTTCCGGGTTACATCTCGGTCATCAGCGAAAGCCTGCGCTGCATGAAGAACTGCGGCTCAAGCTCCGGCCAGACCCAGCATCCCTCCTGCCCGGGCCCCAGCATCAGTGGAATGGAATCAGGCACAATATCAACCAGATCCGGCGCTCCTGCAAGTGCAAGAAAACCGCCCTCTTCCTGTACCATTTCAAGGTTTTCACCATCATACCGCACGATCTGCAAATCCGGATGAGCCCATGAAAGAAGATCTTCATCTATATCGCAGGCATCTTCAGCCCCGGCGATCGCCAGTGAACCGGAAACGGGCTCAAACCAGCACGCGACATGTGGTGAACAATCAAGGGCAAAACGGGCGACTGCGGCCTTCAACGCCTCATCAATCTTTCCGAGAAAGAGACACCGGCCGCTTCCCTTATTTGCCATTTCAGACAGCAGAACCGGCACGCGGTCCGTGGCAAGATTGACCACAGCCTCCTGTCCGGCCAGCTCAAAACCGGCCAGAACGGGAGCAGCCCAAGGCGCCCCCTCATCCGCTATCCGCACCACAAGCACGTTGGCAACTCCGGCCAGCAGCGCCGGCATGAGCGCAGCCACGGAACGCGGGCCTGAGGCGTATTCACCCGCCAGAAAAACAATGGTCCAATCCACCGGACGCATTTCAGCCACGGAAACAAAGCCCTGACGCCACTGTTTTTCCGCACGCCCCCATGTCATGCCCGCAGCGCCATGCAGCACATGTAAACGGGCAATACACGTTTTGAGCCATGCCCTTCTTTCCGGCGTGGTACTCTCGTATGCTTCTCCAAACTCCTCGTCCGGCACCAGAAAGGTACCGAGCCAATCGGGGAAAGGGCTTTCATCAAACATCCGATCCTCGCAAATTTACGGTCTCGTCGCCGGTCTTATTATCCGGATGGCCCTTGTGGCGGGTAATGGGATTACCTCGTCTGGGATGCAGCCAACGTCTGCGCGAATCCTTACCCTTGCGCTGAATTTTGCCCCGGGAGCGGGTAAACCAGAGAATACGCGCAAGCGCCGATCCCCCGAAAAGGATGTCAGCCCCCCATGCGGCAAGAACGGGGGATACTATCCCTTTTTCGCCAAGTGTTCCGCCCACTGTAAAAAGCGCATAATATACAAAGGTCAGCAGCAAACCGGTTCCAATGCAAATATACAGATTGTCCTTCCACGTGACCAGCATGAGACCGATAAGCCCCATGACCATAACTGAGCACGCGTAGGC
NZ_CP087381.1_gap25	815769	816709	940	TGGGACGAAAGCCGCTCTGCCAAAGTGGGCAAAAATGCCCCGGATCAGTTGACATTGCCAGCGCATATGTATACAAGACCCTCCTCTCGTGCCTTGTGGCTTTTTAACAGCTTTGAATCGGTGGTATTTGCGGCCTTTCCGAAGCTGCGGGCGTACAAGGGATCACTCATCAGACATGGCGCCGCCGCGGTTGTGATGAGTGGAAGCGGCGCAAGCCTCTTCGCCTTGTACAGAGAGATGGAAAAGGCAATGCAAGCGTCAGATTCCCTCGCGCGTGAGGGAGTTAGGACCTTCATCCACCACCTGTAAGTCTTGGGGTGTCGCCAAGTCGGTAAGGCAACGGGTTTTGGTCCCGTCATTCGAGGGTTCGAGTCCTTCCGCCCCAGCCATTCAGCTTATTTACAGGTGAGTTATTGACCTCAAGCCCGGACTTGATACCATGCACGGCGACTTGAAGATACTCACTGGCTCTTCCAATCCGGAACTCGCAAAAGCCATCTGCAACCACCTCGGTTGCCAGCTTACCCCCGCTGTCTGCGAAACATTCAGCGACGGGGAAATCCGCATTGAAATCGGTGCAAATGTACGTGGCGACGACGTTTTTGTCGTTCAGTCCACCTGCGCACCCGTAAACTACAACCTCATGCAGCTCTGCCTCATGCTCGACGCTCTCAAGCGTGCAAGCGTAGGCCGCGTTACCGCAGTTGTTCCCTACTACGGTTATGCACGACAGGACCGCAAGGTTGTACCTCGCGCTCCCATCAGTGCCAAGGTTGTGGCAGACTTCCTCACCATGGCGGGCATGAACCGCCTGGTTACCGTGGACCTGCATGCCGGACAGATTCAGGGCTTTTTCAACACTCCGGTGGACAACCTCTACGCCGCCCCGGTCATTCTCGAATACCTGCGCGACATCAAAGATGACGTCGTAATGGTTTCT
NZ_CP087381.1_gap26	830300	833035	2735	CCCATTGAACTGAAGGTGGAAAAGCAGCTCGGCGAAAAGAAGAAGACCATTCCCGAGCACGTGTTCCGCAAGCTCTGCCGCGAATACGCCGCCAAGTTCGTCGACATCCAGCGCAAGGAATTCAAACGCCTCGGCGTTATGGGCATATGGGATGAACCTTACCTGACCATGCGTCCTTCTTATGAAGCTGCCACCGCACGGGAGCTGGGCAACTTCATGAAGGGCGGCTATGTGGCGCGCAGCAAGAAGCCCATTTACTGGTGCTGCTCCTGCCAGACCGCCCTTGCCGAAGCGGAAGTAGAGTATGCGGATCACTCCTCCCCCTCCATCCACGTGCGTTTTCCGCTCAACGATGCAAAACTGAAAAACATTTTCCCCGCTGCTGATCCGGCCAAGGCATACGCCGTCATCTGGACGACCACTCCCTGGACCATTCCGGACAACATGGGTATCGCCCTGCACCCCGAGCTGGAATACTCCCTGCTCGAGAAGGACGGCGAATTCTACCTGCTGGCCTCCGGTCTGGTGGAAGCATGCACCAAGGCCTTTGGCTGGGATTCCTGGAACGTTGCCGGAACCGCCATGGGTGCCGCCCTTGAAGGGCTGGTAGCCAGGCACCCCATCTATGACCGTGAATCGCCTCTGTGCCTCGGCGACCATGTAACGCTTGAAGCCGGTACCGGCTGCGTTCACACCGCCCCCGGCCATGGCCGCGAAGACTTTGAGGTAGGCCAGAAGTACGGACTGGAAACCTATTCGCCCATGAACAACGAAGGGCGTTTCCTTGATTCCGTGGAATTCTTCGCCGGTCTTACCGTGTTTGAAGCCAACCCCAAGGTCATCGAGAAGCTGCAGGAACTTGGCAACCTGATGGCGCTTGGCAAGATCAAGCACTCCTACCCCCATTGCTGGCGCTGCAAGGAGCCGGTCATCTTCCGGGCAACCACCCAGTGGTTCATTACCATGGAAGCCAACGACCTGCGCAAGCGCGCCCTTGAAGCCATCCGCAACGATGTTGCATGGATTCCCGCATGGGGCGAAGAACGCATCCATCAGATGATCGAAAACCGTCCCGACTGGTGTATTTCGCGCCAGCGCATGTGGGGCGTGCCGATCATCGCCCTGCTTTGCGAAAGCTGTGACGAGGCATGGTATGACACCGACTGGGTCATGGACATTGTTTCGCGCTTTGAAAATCATCCCCTTGGCTGCGACTACTGGTTCTCCACCCCGCTGGAAGAGATCGTCCCGCAGGGACTCGCCTGTCCCAAGTGCGGCGGCAACCACTGGAAGCTCAGCAAGGATATTCTCGACGTATGGTTCGATTCCGGCACCAGCTTTGCCGCCGTTGTGGAACAGCGCAAGGAACTGCGCTACCCCGCCGACATGTACCTTGAAGGATCTGACCAGCATCGCGGCTGGTTCCACAGCTCGCTGCTCGCAAGCATTGGCACCCGCGGCTGCGCTCCCTACAAGGAAGTGCTCACCCACGGCTATGTGGTGGACGGAAACGGACACAAGATGTCCAAGTCGCAGGGCAACGGCATTGAACCCATGGAAGTCATCAACAAGCATGGCGCCGAAGTGCTGCGCATGTGGGTTTCTTCAGTGGACTACCGCGAAGACGTGCGTATCTCCGACGAGATTCTCAACCGTCTCGTGGATGCCTACCGCCGCATCCGCAACACCTGCCGCTACATCCTCGGCAACATCGACGACCTGTCCGCCGAAGTGCTGGTGCCTGTGGAAGAAATGGAATCGCTGGACCGCTTCGCTCTCGACGTGGCTTCCCGCGCCCATGAACGCGTACAGGCAGCCTACAACGACTACGAGTTCCATAAGGTCTACCACACGCTGCACAACCTGTGTGTAACGGACCTTTCCGCATTCTATCTGGATATCCTGAAGGACCGTCTCTACTCTTCCGCCAAGGACAGCCGCGAACGCCGCAGTGCACAGACCGCAATGCTCCACATCCTGCGTCTGCTCATCCGCGACATGGCTCCCGTGCTCAGCTTCACCGCAGAAGAGGTATTCCAGTTCCTGCCGGAAGACCTGAAGAATGATGCAAAGACTGTTTTCGCCGTCTCCGCTGACGATATTCCGCTGTACACCATGCCCGCCGAAGAACGCGCTGCATGGGAAAAGCTGCTGATCGTCCGCTCCGAGATCACCAAGGCCATCGAACCCGTGCGCAAGTCGGGCGAAATCGGCCACGGGCTTGATACGCACGTGACCCTGTTCCTGAACGATGAACTTGCCGCGACCCTGAACGGTCTCAAGACTGATATGCGCGCAAACTTCATCGTTTCCAAGCTGACCACCGCCCCCCTTGCCGATGCCCCCGAAAGCGCCTTTACCGCCGAAGAAGTGGAAGGCCTGCGTATCGGTGTAGCCAAGGCTCCGGGTGCCAAGTGCGAGCGCTGCTGGATTTACAGCGAGGAACTGGGAACCGATCCTGCGCATCCTGCCATCTGCCCCCGCTGCACCGGCGTGCTGCAGACCATGACCCTTGAAGACTAGATAAAACGGGCCCGCCGGACAAAACGGCGGGCCTTTTTCCCATTCACCATCACAGGGACGACACATTTTCGCCATGCGCTCCCGCTTTTACTACATATACGGCCTCGGCCTGCTGGTCGCGCTTCTGGACCAGTTCACCAAGTACTGGGTGGTCACCACCATCCCTCCCTTCATCTCTGTTACGGTCATTCCCGGTTTCTTTAACCTCGTCA
NZ_CP087381.1_gap27	835646	839913	4267	CGCATACACGAAGACGACCTTGAAAAAATTGTCCAGCATGTCTTTGTGGAAGAACGACGCAAGATCAGAACCATGCGACTTGAAGAAGACTGATGCAGCGCCCTGTGCACTGCCGAAAGGCCCCCGGCGCGGCATGCTCCACGCCGATCTAGCGACAAGACAGAACTGAGAATGGGGAGAACGGAATGAAAACACAGGACCAGATAATCGATTCCGTAATGGAACGCGTATCCACACAGGTTGCAGATAGCATTAAAGATGTCATTTCCAAGACCGTGGAAGAAGCGCTTACGAGCAACCTCACCCGCGCTCTGCTGGAAAGTGAATTTTACCGCCGTCTCAGCGAAGACATGCGCGAAGGGTTGCAGAGCATCTACAAGGAAATTTCCACCGCCACCAAGAAGGATTCCAACGGCGCGGAAGTAACCACTCAGGCAGCAACCAACGAACTCTTCAGTGAAGCCTCCAAACAGCTGGATGAAGTGCGCGTCACCCTTGAAGAAGCCACCGGCAAGATCATGGATATTCTCGAACTGCAGATGGTGCTACGCCAGAAGGCCAGCTCGCACCTTGAGGATCTTTCCAAGCGCCACAGCGATGATAAGGACGTGCAGGCTCTGATGAGCCTTGAAGACCGTCTCAACAACAACCTGACGGATATCATGACTCACCTGAGCTTTCAGGACCTCACGGGACAACGCATCAAGCGCATTATCAAGGCGCTGCAGCGTATCGAATCCACTGTTCTGGACCTCTATCTTTCCACGGGGCTTATCATTAAAGCCCGCGAAGAAAACCCGGAAGAAGATTTCGAAGCACTTGAAGCCAAGTCCAAGCAAAAAGTATCCGAGCTCAAGGGTCCTACCCGCGATGCCTCGCAGAACGACGTGGACGATCTGCTTGCCCAGCTGGGCCTCGGCTAACCCGCCAAATCGTTTCATGCATCTCAAGGCCCCCGCAATGCGGGGGCTTTTTTCATCTGTATGAAGAGGGGCAGATGCCGCACCCCGTGATTGAATATCACGTAGAGCGAAGCTTCATCATACCTGCACACGGTTGTACCCCGCAGCCCTCCAGTTGCAGGCAGTGCACAGCGCCTTTGGTCTGCAAAAATTGCGTGTGATCACAAAAGCAGACGCATCACCCATGTTTCTTTCTTGTTCAGGCCGCCCACGCAACCGCATTGAACTCTTTTTCTTCTTTACGCTTGTCTTTTACGCAAAAGGACTCATAGTTGTATATGGCGTTGCGATACGCAATGCGTGTTATATCTTTCAATACAAGGCAGGCCACCATGACCAATATACCTCTCGCCATAATCGGTTCCGGCCCGGCAGGGCTCTCGGCCGGTATCTATACCGCCCGTGCAGGCATTGACACACTGATCATCGGCAGCGATCCCAAAATTGCCGGAGATTACGACATAGACAACTATTTCGGCTTCAGCGAAACCATCTCGGGCCGCGAACTGATGCAGCGCGGCAGAATGCAGGCGGAACGCTTCGGTGCCACCATCGTAGATGAACGGGTGCTCGGTCTGCACCACGCCGACTACGGCGGCTTTCACATCAAGACGGACAAAGGCAGCTACCATGCCTGCGGACTGGTGCTCGCAACGGGTGTCACCCGTGTTCGTCCCGGTATCGACAATCTGGCCTTTTATGACGGCAAAGGCGTTTCCTACTGCGTAAGTTGCGATGGTTTCTTCTATCGCGGCCGCTCGGTCATGGTGCTGGGTGAAGGAATTTACGCGGCCAATCAGGCGCTTGAGTTGCTTAGCTACACTCCCCATGTTTCCGTCTGCACGCAGGGCGCTCCCCTCACCATGACTGAAGAGTTCAAGGAACGTCTCAAAGCTGCGGGCATCCCCATCATCGAAGGCAGGGTGCGCACACTGCAGGGAGAGAACGGTCTTTCCTCCGTCCTCTTTGACGACGGCACAAGCAAGGATGTGGATGGCCTGTTCATCGCCATGGGAGAAGCATCCTCTCTGGATTTCGCCTACACCCTTGGCGTGGAACGAAACGGAGTATTTCTCGTGGCAGACAATGAACAGAAAACGAACATTGAGGGAGTATTCGCAGCCGGAGACTGCACCGGTGGTTTTCTCCAGATAAGTGTCGCCGTAGGCGAAGGTGCCAAGGCTGCGAAATCCGCCATTGCTCATGTCAAAAAGCTGTGCAAATAATTGAAACTAACTGCCGATCCTGCAAAGTGACGTCTTGACAGACAGAGTCCTTAACGGTATAGGAATCGGCTCATTACCAATGAAGTGGGCCTATAGCTCAGTTGGTAGAGCCTCCGGCTCATAACCGGCAGGTCGCAGGTTCAAATCCTGCTGGGCCCACCAAGAAAATCAAGGGTTTACGGACACAACCGTAAGCCCTTTTTCTTGTTTTGCTACCCAATTGCTACCCAAGTGTACAATGCTTTGCGCAATCACCCCAACAAAACACCCTGCCCTGGTCACGTTGCCATTCTGTGCAACAACTCTGCTACCCCTTGCTACCCGCCAACAGCCCATTACAGAACGGCTTTCTCCCGTTCTTGGCCTGCTACCTTAAACAGGCTTTTCTCAACATTCCGCTCACGCCGCGCTTTTGAAAAACACAGAGCAACCCGCGTCCCTTCTGTGTTCGCGCCCTGTTTATGAAGTGTGTGCGGGCGCAGGTTCTTTGCAATATTTTGCAATATCTTGCACAGTGTGCAATTTGGCTTCCCCGCGGGGAACCCACGCCCTGCCTATTCTCAGGGGGCATTTGCATGCACTTGAAACTTGCACAAAAACGCATCGAAAAGCGCGAAGGCGGGGGGCTGCAGAGTTCGATTTTTTCCGGTGGCGGGGATTTTCTGCGCGGGTAGCAGAGCATTCAAAGCCACGCCAGTGCTGTGGAGCTTCTCACATCCAAGGGCACGCACTTGACTCCTCGCGATGATATCACTATTAATATCACCAAGGAGAATGCCGTGGCGAAACTCGACAAGATCATCCAGCAGATGCTCACCGCCCCGCAAAACGTCCGGTTCAGTGATCTTGCGCACGTATGCGAGCATTTCTTTGGCGCACCACGGCAGGAGGGCACGAGCCACAAGGTGTTTAAAACGCCATGGGCAGGTGACCCCAGAGTGAACATTCAGAACAAGAACGGCATGGCCAAGCCCTATCAGGTGAAACAGGTGCTGGCAGCCATTGAAAAACTACAGAGAGGCAACCGATGAACAGCAAGCACTACACCTATCGGGTTCTCTGGTCTGAGGAAGACCAAGAGTTTGTCGGCCTGTGTGCGGAGTTCCCCAGCCTTTCGTGGCTTGATGAAGACCAGGCGCAGGCGCTTGCGGGCATTGTGCAGCTTGTAGACGATACCGTGCAGGATATGCAGGCCGCTGGCGAAGTGGTTCCGGAGCCCCTCAGCCACAAGAAATTTTCCGGCAAAATATCCCTGCGCACCACACCGGCAACCCACAGAGCACTGGCACTTGCCGCAGCCGAACATAATGTAAGCCTGAACAGGCATATCAACGCGCTTATTGCCGGATAACCGACGGCACCCACACGCAAACAAAGCCCCGCACTCCTTACAGAGCGCGGGGCCTTCTTTATCCACTCACAAGCACTTAAAACGAGCGTATTGTAAACGAAGCGTGCGCCCGTTTAATGAAGTCATCCAGATATGTTCCACCAAAATCAAAACTGGCGTTCCACACCTTTTGGCGAAGCTCAGGGGGCAGTTCCTCCCTGTAGGAAATTCTATAGTTCCTCCACCCTTCCGCCATTTCCTTACGCTCAACGTACTGATAATAGATATATTCGTCGCCCCCCCCACGGATCAACCAGATACTATATTCCCGATTCTCGTCTATTATCTTAGACACAGGATAATAAGACTCCAACGAGGACAAATTGTAGTATTTATTCGTGGGCATAACAGTTGCCCGCTGCCCACTTACACCGAAGTAATCCATCACCCCCAAGAAAGCGGTTTCACTCTCAAATCTCCACTTAAAACCACCGTCCTCGTCAGGATTAGGTTTGAACTCCTTTGCAACCTCCAGCAGGACCTCGCGAGTACCATTTGTCATTCTGACAATGGAATTGCCTTCACGAACCACTGTGTCGCGCGTGATAAGAGCCTGCGGATTCCCCCCGTTACGAAGCCCACACCCCGTGCACACACTAAGCAAAAATACAACAAGCAGTAACTTCTTAATCATCTCATCTCTCCCATAAAAGTTGCCCCCATAATCCCCCAAACCACAAAGCCAGCAG
NZ_CP087381.1_gap28	840960	843129	2169	ATGACTCTGAATCACACTGGATATCCCAATTATACTTATAACACGCCACAAGGGAAAGAATAACACTAGAACACTTCCGATGGGATTTCCACTCTCCAAAGTACTTAATTGCAATTCCTTTAGCAACATCCTCAAAGTAATGCTCAACTTCTGCATGAGCCAAGACCAAATAAGCTCGTGCATAATCAAGCCTCCGGTCAGAGTAGTCTCCCGCAAGGTCTGGCTTTTTGGGCAAAAAATGTTTCCGCAACTCTTTAATTCTTTTTTTCAGAACTCGGAACTGAGGAGTCATGCCCATACTTATTCACCCCCCTGCCCCGCCCGAAGAGTAGGCACTTCTATGACATCACTACCTATAATATCTGCGAGAACGCGCCCCCAAACACTCAGACGTAACGACGTCGCAGAGATACTCTTCGTTGTCCGTTCAACAGACTGAACAAACTCGTCATTTTCTTGAAAGAGCTTTTTGAAGGCGGATACAATTGCATCTTCCTTTCCGATCAATCTCACCCTAACTTTCTCAAATGAAAAATAATAAACTAGGAAGTCGAATATAGCTTTATTAAATTTTCTTTCATACTTATCCCCAAGCCACTTTTTAAAAGAACTATCCCCAAACATTCTAAACACACAACCACAAGCAGCTTCAAAATCGTCCACGAGACTTTTAATCACATCCTCATCTTCACTCCACTTATTATTCAATATTTTACAGGTATTATCTAAAAATTTTTTCAAATTACCTGAATAATCGCTTATAAAATATCTAAAAGCGTAAAACCTAATCAAAAGTTCTACATCGCGCATTCTAAAATCAGGCTTCTTGCTATCATAAATGACTCTCAAAGAAACGCTATCCATCGAACACTTATCAACAAAACTAACAAAAGGACCAGGATGCAGAGCCTGACGAAGCTCCTGAGGAGAAAGACCAACACTACCAGTGTTAAGTCTCAAGAATATATGATACAAAAGACTTTCATCTTTCCAATTCTTAATAACAACAGTCCTGATGGGCTGGTTTTCAAATGATGAAACCAACGAATCAAACATAACATCATTCTTAATTAAACATAATGTTTTATTATTTAACTCAGGAAGCAACTCTAAACCTGAAAGCTTAAGACTATTATATCCATCAAATTCGTAGAACTGCATCAGACTCAAAAGCCTTTGTTTACCATCAATAACCAAGTATTTGCCGCGACCTTCTTTTGACTCTGCTAAAACAAGTTGCGGTATTGGCAAACCTAAAAAAACTGATTCAATAAAATTGCTTTTCCTCTTCCTCGACCATGCATCTCTCCTTTGAAACTCTGGATCAAGAACAATATTTCCCTTTGTTACTTGCCTAACAATCGTGTCTGTCGTCCAGTCTGTTCCAAACACAACGGCCTGACTAAATATTGTGCTATCAACAGCTTCTAGATCTTCTATAAGCTCGGTTTCATTCTCTTCGTACATATCTAAATCGGGAAGCAGGTACTGCATACAACCTCCACAGGCTCTTTGATGTTTCACACATCTTGATGCATTCACCTCAATCAAGTCAACCACTACCCCCCTATAACTTCTCCCTATCCGCCCCCACTGCCCCCGCATGCCCATGAACCACGGCGCTTGATTCCATCTCCGGAACAGCGCCGTTCTCATGTGCCGCGTTTCCCCCACACCACTTGACATTCCCCACCTCACACCCTATCTGTTATCCAGCTAGCTGAAAATCAGCTAGGCATTTGGCAACACCCGTTCCATACTCCATCTTGCCCGCATAACAGGATGTTAGATGCCGCCAACCTTCAAATGCAAAAAGACGCAGGCACTGTACGAGACAGGGGCTTCCCGCCAGTTTCAAGCAGTTATCAAGGTTGCGTTACGAAAACTGGATATGATTTTTGCTGCCGCTGTGCTGGAAGATTTACGCATCCCGCCGGCGAACAGGCTGGAAGCACTGAAAGGTGACAGAGCCGGACAGCACAGCATCCGCATAAACGACCAATGGCGCATTTGCTTTGAGTGGGACACCGCCCAAAACCGCGCCAGCAACATAGAAATAGTTGATTATCACTAACCCTCAGGAGCATAGCCATGCGTATCAAAACCCACCCCGGCGAGGTCTTGCGCGAGGAATTCATGGTTCCCTACAAGCTTTCGGCCAGCAAGCTT
NZ_CP087381.1_gap29	844166	845091	925	GCGGATGGTCCGGCCTGCCATAGGCGAATTCCACCACCACAAGCGCGCCCGTGCGCGGATACCCGAACAGGCCAGCCTCATGCCCGCAGCCAACCGGCACAGGCAGCGGCACAGCCTCATAGACCGGATACGCGGCATCCGGCTCCCCTTCCGGCGTGAGAATCTGAATATCCACGGCATAGCGGGGCCGGAACCGCTCGCATGTGCCACCGGCTTCCGGTGTTTCCGCCACGGCCAGCACACGGGCATAGCGCGGCAGGTGCAGCCCCGCCGCAATCTCAGGGAAGAGCTTGAGCACTATTTTTCTAATTGCTTCGCGCATGTCACCACCATGTTTTCGCCCTGCAGCTGCAGCGCCCTCACATATTCGCCGTTCAGCAACACGCCCGGGCGCAAGGCAGGCAGCACGGGCAGCGTTTTACCGCCGTCCGCATTGCAGGCGCTGAACCACCGCTCCTCAACCGTTACAGGCCGCGTTGCCCACCGGCTATCGTCCCAGCTGCCCACAAATACCTTGTCATCGCCCTGTTGCAGCCACACATAGCGCGCAATGCCAAACACAGCCCCGATGCTGTCCATACCCTGATGCCCGCTGCCAAGCGCGCAGAAGCTGGCCACATCACGCGCAGCATACGCCCCCTGCCCCAGAATGAACGAAAGCCCCGTGCGCTCGGCATACGCCGCCAGTACATCGGCAAGGGTGGGATGCCGCAGAAACACGGGCATGTGCGCGTCCAGCAGCGCGGTCAGCTCGCGGCACATAAGCCGCTGCGTCTGCGCATCCACGGTCACGGATTTCTCCACGTAGCCGGTGAAAAACAGCTGGTCCGCATCCTGATTGGAATAGCCCAGATACAGCCGCACAAAACCACTCAGCGCCGCCGTACTCTGCACGCGGAACATGCCGCGCCCGGGCGCGTGCAGC
NZ_CP087381.1_gap30	854376	858692	4316	TACGGAAAGCAGTCCCATACCTACGCCCTCGCCAGTTCCACGCCGCGTCGCAGGGTTGCCGCGTCATAGGGGTTCATGCCGTTTTCATGGCGGATAATGGCGGCCATCAGTGCTTCCAGATGCACGTCCACATCAATGGTATCGTCCGCACCCACACCCAGCTTTTCAGCCACGTGCAGCACGTATGCTTCGGTGTCGTTCTCCGTGGGCGGTGCCCAGCGGCTGATAATGCCACGCACGGTGTTCAGGCCATATTTGCGCTGGTAGTTGCGCAGAATCCTGCCCATGGCGCGAATGCCGTATTCCGGCGAAACAAAGGTGCAAAAGGCGCTGTCCGGCTGTTCCGGCGCAAGGCCCTGCCAGCTGTCACCGTGACGGATATTGCCGGGGTTGTGGTTGCGTATGCCGCGGGGTGCGTTTGCGGGAATGCTCATTTGCCGCCCTCCATTTCGGTTTGGCAGGTTATGCAGCGCTGCACCCCCGGCACGGCATTGCGCCGTGCTTCGGGGATGACTGCACCACACTCCATGCAGGTTTCACGGGACGGAACCTTGGCCTTGCGGTCATTGTGTCGGGTTGCGTGGGCAATGGCGTCCTGCCGGAACCACGCTTCGCACTCTTGCGCGCGGTCAAAGATATCCATCCGGCTTACAATCCTTCGGTTTCGCGGGCGTCGAGATACGGCACGCCGTTCACGCGCACAAAGTCAGGGCTGGTCACGTCATAAGGCAGCGTGGTCACGTCCTTGGTGGCGCTGTTGGAATCCACATCCAGCAGCTTGCTCACGCGCAGCCTGCAGCCGAATATTTCCACCCGCTTCTCTTCATCACCGGCCTTGGCGTAGGCCACGATGTCAAAGGTGGACAGGGCATGAAAACTGCCCGCGCTGCGTGCTGCCTCCAGCACAAGCGAAAGGTTTGTGGTATCAAGCTCAATCTCGCCGGATGCCCCCACCGGACCTTCCAGCCAGCCAACGGGAATGCCCTTGGTCTTGGCCACTTCGCCGCCGTCTTCTATGTCGCAGGTGAACTTCTCGGCATGGATGGAAAGATCACCCAGCTGGAAGTCAAAGCACTTTCCGCTGATTCTGCTCATGGCTTACACCTCCGCATAATTGGTCAGGTCCAGCATCACGTTGCAGGTGATGGCCTTGGGGCAGTTGTAGGGGCGCACCACCATGTAGATTTCCACCTTGGTGCGCGTGGGCCAGCTGATCACAATGTCACCATCCTGCGGGGGCTTCACCTCGCCGGGAAAGGTCACCCCCATAATCTGCACACTGCGGCTCATCTCGCGCAGCGGGCGGGCAAAATAGCTCTGGTTCATGGCAATGCTGGCCGGGGTGCTGTTCAGCTTGCGGTCGCCCACGCGGAACACGGCAAGGGGATACACGCGGCGCATGGCCTTGTGCACCACACGCAGATTCTCAATCACGCGGTAATCGCCTGCCTCGGCATCCAGCAGCGCACCATCCCCCCAGAACATGCCGGGATAATCCGGATACCACTGCGGAACGCTGAACCGCGCATCCGCCAGTTCCTTGAGAATGGCCATGTCTATCTCGCGGCCGGTCTTGTCCTTGGGCTTGGCCGTCCACGCGCCAACCAAGGGGCCGGTGGCCACGCGCATGGGCGTGTCCGCCACGGTCACGGCCTTGTTGGCCAGCCTGCCCGCAAGCGTTCCCTGGTCATGCCCCCACAGGGTGGGCACCACCATCACCTGGTCTGCGAGAACAGCGGAAACAAGGGGCTTTATGGCGGCGGTGAAATCCGGCCATGCCTCGCCGGTCTCGGCGGTACCATCGATGGCGCGGGTGGCGGCCACAAACCATATGGGGCGCATATACTGCCCCATAATCTCCACGGTCTTGGCCTGCATAGCCTCCACATCCGTGGACTTGGTAACAGGGTCGGTCACGATAATCGCTTCCACCGTGATCTGCCCCATGGAGTAGTCCACGGCATCTTCCCAGCTCATCACGCCATCCAACGGTATAACGGCGGCGTTCCAGTTCTGCCCGGCGTTTTTGCGGGCCGCATCCACCTGCGTTTTGAGCACGCTTGCCGTTGCACCCAAAAGCTCATCCAGATCGGAATCATTGTTCAGGCTGAGCAGCTTGCCCTCGTTCACGCCGGATCCACGCCCAACAAAGAGGAAGTAATTTTCCACCTCGTCAAACTCGCCCTGCATGAGGTTCAGCTTGTTCACCTGCACGATACCCAGTGCCATACAATTCTCTCCTTCGGGCTACACTTTGCCCTTGCTGCGCAGCCGGTTCAGGGACAACCGCGCCAGTTCTTCCAGCATGGTTCCGGACTGCCGCAGGTTCACGCCAAGAAAAGCACGTTCCGGAACGCCCACTGTCCACGAATCCGGCGCCTCATAGCCGGTGAGCTGCTGCCATATGGCCATGGCCTCTGCGCGGGTCATGTTCTGCACAATCCAGCTCACTGCCACCTTCTGCTGGCGCACCCTGCCGTTTTTCAGCCGCACTTCTTTGCGGTAGCCACGGGCAATAAGCTCCTTGGCCAGCCAGCGTTCCACCCGCGCCTTGGGGTTGTAGTAGTCAGAATCCTTATTGAGGCGCTTGGCCTCACTTTTGGCGGCTACGGTTTCGCTTTTCCCGTGCTGGTGTTTGTCGGCAATGGCCCCCATACCAAAGTCTTTCCACGAAACCTCGCCCTGCCCGCGTCTGTTGGCAGCAATGCTCATCGCCCGGCCAAGGCCCACAAGCATCTTGCGGTTCTCCTTGCCGTCCTTGCGCCTCTCCAGCTTGCCGCGCCGGTTGCGTTTGTAGATCTTGCGCGGAGCCATGGGCGAACCATCCACGCACCGCTGCTGCTTGATGTTCTGGCGGGAGAAACGGCGCACTTCCATGGCCATCTCCCGCACCAGTTTGCGCTTGGCATCCGGTGACAGGGCCAGTACTTCCAGCTGCTGCTGCAGGCGCACCATGCCTGCCCGGTCAATGCCAAAGGTCATGGCATCAGCCATCGGCACCGGCCTCCTGTGCTTCGCCGTCCATGCGTTCTACGGCTTCGGCCACATCCACCGGCACGTCCGTCACGCTCCACATGGCACCGCCATAGGGAATGCGCCCCTGCGGATCCATGACCAGCTCCACACCCTCGTCAAAGGAAATGCGTATCTCCACGTCCGCGCTGTCATCATCCAGAATGGTCACTTCCACCTTGGGGTCCGACAGGTCGTGCAGCTCGCGCTCCGCGTCATGGCCCACCACCCACGCCATCACCAGCGCCAGAATCTGGTGGCCGTCTCCGGCATAGTTGTAGAGGTAGACGGATGCGTCATACCGAAAACGCGCCACCTCAATGCCGTGGCCCAAATCCTTGCCCGTAGGGTTCAGTTCGCCGGAATCCACAAAGGCATCAAAGGACTCCCGCGGCAGGCCGGTTGCCTGCATCAGAAAGGTGGTAAGCGCCCGCAGCTTGCGCATCAGATCAACCCCACGCGCACACGGCAGATGCCCAGCAGGTCCGCCAGCGCCTTGGTTGCCTGCTCATGGTAGGCGGCCTCCGTCTCAGGGCTTTCCGTTGCCACGTTGGCGGCATCCGCACGGCGCACAAGCACCTTGCTCTCCTGCACCAGCAGGGCGCGGCACTCATTGAACACGGCGGCGCGGTAATACACGGCCAGAACGGATTCACCGCCCAGCGCATCGGCAGGCACGTCAGCAAGCGTGGCATAGCCTTCAGCCTTCTGCTGCGCCTTCCAGCCGCTCAACTGGCGGTTGGCCCAGGCCATGGCCAGCTTCAGCTGCACGGCAAGGGAGGCAACAGCAAACGTGGGCGGCACGCGATAGGCTTCCACCAGCGTCAGGGTGCTCAGGTCGGGAAAGAACCCGTCGTTCTGTATGGTCTGGTGCGCCGTCTCGTCCTTGAAGCCGCTAAAGCTCATGGGTACCGCCTTGAAAAGGGACCGGCCGCGCCGTCAAACTGCCTGCAGCATACCCGCACTGTGTGAGGTGGTTGTGCGGCGTTTGCGGCGGGCCGGTCGGGGGGGGTGAGTATCTACTGTGCGGCCTTGGCCAGCTGCTTGCGGGCCTTGTCCAGCACGGTTTTTACCGATGCGCCGCGCTCAAACGCCGCTTCATACGCTTCCACAGCCAGCTCCCACCGCTCGGAAGCGGCGCAGGCATCGCCATGCAGCTTGAGCAGGCGGGCGCTCAGCTTGTCAGGAATATCCCACTGCCCGCACAGGCCATCCGCCGCATGCACGCAAAGGCCAAGATACGGCTCCACGCTCTCGCCGCACGCCACAAGCGGCTCTGCCCAGTCTGCCACAGCATCGGCCAT
NZ_CP087381.1_gap31	875662	880399	4737	ACGTTGCAGAACTGCGGCAGGTCTTCAAAGGTCGGGAAATAGCGTTCAGTGCCGAACACCCGCTTTGCATGGTATTCCGTCCATCCCATTTCCCGCATAATCTCAGGCATCTGCTTGCCGGAGCATTCCCAGGCCAGCTTAAAGGCGTCTACGGCATCAAGCCCGACAAGTGACTGACGTGCCTTATCCATGGAAACATACATCTCGCGTTCATGCTGCTGCATAGCCATCGTGTCTATCCTCCTGAAAAAACACATATGTTGATGATAAAAATCGACCCTGAAATGAGAAGCACACCTACCAGGAACTAGGGAGGAAGGCGCTCGGCCAGCTGGGCATTGATGCTGAGCATAAGACGCTGCGCGTCTGCATCGCTTATGTGAAACTCGGCCCGGGCCAGCTTGATGAACTCACGCAGGCGGATGAGCCCGGCCTCACAAGCAACACGGCTCTGGAGCTTGCGAGATGGCGCATTTTTGTTCCGATAGAGATAGGCCCGGTCAACACCAATCGCCTTTGCGATCTCCGAGTAACTGCCATGAACGGCAAGAAGGATCTGAAGGTTCCTTCGGTAGAGAGGTAGTGCGTTTCTCATGTCTCACTGCATATGAAATTTTGTCATATAGCGTCAATGGGAAAATAGCACTATTTGTAGTGACAAAAAAACATCATGATGGTCATATGAAAGCAGCAATCAGCATGGAACGTGAATTCGTCAAAGAAGTGTGCCGAGTCCTCGAAAAGCAAGGCCTCTCACATCGGGAATTTGGCAAGCGCCTCTTTGAAACGGATGATGGCCCGCGACAATGGGCCAAGGTTCGAAACCCGACAGGCGAGGGAAAAACACGCAAACTCAGCCTGGATGAGTGCTACAAAATAGCTGGCATCCTTGGCATTGAGCTGCCAATGCTCTTACTGCAAACAGCCATTCGCAACGAAGAAAACGCATAAAGCCCGGAACCCCGGGCTTTTTTAACGGCTACTCTTCCGTCGTCTCCGGCAAACACTCGATTGCCCCAGACACTTTGCGCAGCTTCACCGCCTGGTCCGCAAGGATCACATCTACCCCGCCGCCTGCGATCTGTTCACAACAAGAAAGAGCAGCTATCACATCTTCAATCATTTCCACGATCTCAATCTTCGTCATTGTGTTCTCACCTCTATCTGTTCTTTCTCCCGCCACCTGATCTGAACCAATGGTCATTTCCCGCACTTTGATATGCCATTTTTTCATACCTTACATATTGCTTATGATGAAATTTTGTCATATACAAGACCACAGATGCACACTGTGGAGCTTGCCCGGAACAGGCTGTCCCCCCTTGCTGCAGGGACCTCCTGAATAACTCCTGAGAACACCCCCAGGCGGGCTTTCCGGACCCGCCCCACAGCGTACATAAGCGATCCCCCACACCACCGGCCCGCGACACCCACACCCCAAACCTGTGTCGCGGGCCGAAAGCATCACCCAGTAGGACAGCATCATGGAAGTTACAAAAGAAGAATACCTCGCCGCTGTGGAACGTGGTGCAACCGCAGCCTTTGCGGATGCAGCCTATCTTGCCAAACTGAAGGCAAAACCAAGCCTCACGGTAAAAGAAGCCGCAGCATGCTATGGAATTGGCGAAGGAACCTTGAACAAGCGCCGCATGCAGGGCCTGCCACCCGCATACGTAAAGATCGGCGGCAGCGTCTTCTACAAACACGAAGACATTCTGCGTTACATGGAAAAGAACCGCGTCAAGGTTTACGAATCCTAGCCAAGCGGCCACAAACTGAAAAAGCCCGACACCTTCGCAGGTGCCGGGCTTTCTTTTTGCCTACCGTCTAGTTCAGCATGTTCAGCAGCCGCGCCGCATCTTTGCGCTTGTCCGGCGCAAGCTTGGCATAGCGCTCGGTCATTTTTATGGTGCTGTGGCCCATCAGCTCCTGCACAGCCTTTATGGCCGCCCCTTCACTTATGAGCCACGAAGCAAAGGTATGCCGCAAGGTATGGAACACCACCTTGTCCCGCGCATCCGCTATGCCATCGTTCAGTCCCAGATCAGCCACAGCCCGCTCAAAGGTATCCGGCACCTCTGTCCGCTGGCCGCCATGGCGTGCCGGAAAAACCCATTGTCCCGGCACCGGCTGTATGGCTTCCATCATTCTCCGCACCCGTTCGCTCATGTACGCCACACGGCTTACCCCGCTCTTGGGGTCAACAATATGGATAATACCCTCGTTCATGTTCACGTTCTCACCACGAAGCGCAAATATCTCTCCCGCTCTCATGCCGGTATGCAGGCTCAACAGGGCAATCCTCGCCGTGTCCACACTGCGGCAGCAAAGCTCATCCAGCAGCATGGCCGCTTCCTGCTGCGTCAAAAAGCGCGTGCGATCATTATCCACAGAAGGCATAACAACGCCCTCAACGGGAGAAGGCCCCATATACTCGCCCCAGGTCCGCATCATATTATATACCGTCTTGATGATGCCGATGTAATGGCGGATCGTCGCAGGCCGGGCCACATCGTGCAGGCCGGTCACAAACTCCTGCAGCTTGCGGGTGGAAATCTGGCTTAAGTACATATGCCCGAACGCAGGTGACACCACAGCCGAATACATGGACCGCACCCGCCGCTCAGAATCCGTGGCCGCAAGATGGCTGGAACAGTACATTTCAAACGCCTGGTCTAAGGTCAGCTTCTGTGTCTTGGTGACAACTCCACCCTGCCGCAGCTCGCGCAGCCGGTCATCTCGCACCTGCTTTGCATAGCCAGCCGTAACCCCTTCAGATTTCCAGCCGACCTTTTCAAACACTTTCCTTGACCCAACCTTGTATGTTATGTCATAGCACACGTCCGCTCGGCCTTGATGTTTACGTGATGAAGACTCACGAAAATACACGCCGGGGAATCTGGTTCTTTCGCGTTTCGCTGCTCCCATTTTGCTACCCTCTCTGCTACCCAAAAACGGATTTATCCGCAAAACAGAGATACTCTTAGCAAATAGCAAAACAGCAGAAAAGCCCGAAATTACTGAGTTAGCTAACAACTGGAAAATGCAGAAAGGTCGCCCTCTGCCCGCTCATAACCGGCAGGTCGCAGGTTCAAATCCTGCTGGGCCCACCATTTTTTGCTCATCGGCACAGCAAAGGCTGTGTGCACGATGCAAACGGAACACAGGTGCTTTCATCGGATTTGTTCGCGGAAGCGCCTGTTTTTTTAAGGCAGACCATGAAAGCGCAGGAACTCATTGCCGCCATAGAGCAAACCGCCATTCCCGCAGGGGCAGCCTCGTGGGACAAGTGCGGCGTACAGGTGGCAGGCAGACGACATTCCGTGCGCTCTGTGGCTGTCGCGCTGGACCCCACTCTGGATACGGTGGAACGAGCCCTTGCGCTGGGGGTGGATTTCATCCTCACCCACCACCCGCTTTCCATGAAGCCCCGCTTTCTCGACTCCATTGACGATCATTACCGCACCGTGGCGGCGCTCATAGAAAGCAAGGTCTGGCTCTACAGTGCCCATACGACGCTGGATGCCAATCCGGAAGGACCGGTAAGCTGGCTGGCAGACGAGCTTGCGCTTGAAGAACGCAAACTCGTTGAACCCACCCGCCTCTTCGAGATAGAGTCCTTTGCCTTTACCGCGCCTGCCGCGTTCGACATGCAGCTTCTCACGGGATGGGCAGCGGAAGAAGGAGTGGAAAACGCCATCAGAAACGGCGACCTGATACGTGTGACCTGCCTGCAGGACAAGGCTTCCGCTCTGCGGGCCCGCATTGCCAACGAGCTTGGCGAAGTACCGGTTTTTCTCGCCTGCCCAACGCAAAAGCCTGCAGCTCTGCTCGGGTTCGGTTGTATCGGCACCCTGCCGGAACCGATGACCTACGACAGGTTCTGTGATACGCTTGCCAACGTGGTGGAACGTGATTATTGGGTCACCAGCGGCCATGTGCCCGGTACTGTTTCTACAGTGGCCTACTGCACCGGTTCCGGCAGCAGCCTCGCTGACACCGCTTTCCGCATGGGAGCGGATGTCTTCATCACCGGCGATGTGAAGTATCACAGCGCCCTTGATGCCATTGGCTGTCTGATAGACGTGGGGCATTTCAGCCTTGAAGAAGAGATGATGCGGCGCTTTGCCATGCAGCTCGGCGAATCGCTGCCTGACCTACAGATATTTTACCTGCCCGCGCAGGACCCCATGCGCCTTGCCGTAACAGGCGCACGTTAAACGATATTTTACCCCTGCCCCGGTACGGCCGGAAGGGTTACTGTTCAGGAGGAAAAACCTTGAGCCTGTATCTGAAACAGATCGAACAGCTTGTAGCCCTGCAGAGGGTCGACGATGAAATTCTCGTAATTGCGCGCGAACTTCAGGATGCCCCCAGCGAAGTCAAAGGCCTGCAGGAACGTTTCAATGTTCTCGACGAACAGCGCAACCGCATCCTCGAGAAGATCGAGCACCTCAAGGAGCAGGAAAAGCGCCTTGGCGGTGAAATCGAAAACGACGCCCTCAAGGTGAAGAAGAGCAAGTCCAAGCTCATGCTCGTGGGTAACACCAAAGAATACCACGCCATGATGCGCGAAATGGACAACCTTGAAAAGGTTAACCGTCTGCGTGAAGAAGAAAAGATAGCTCTTGCAGAAGAACTGGCCCGCCAGCAGAGCAGTCTGCAGGAACTGGACGAAAGCTACCTTTCCCTCAAGAGCGAGCTGGAAGTAAAGCAGGCCAGCCTGCAGGAACGCAT
NZ_CP087381.1_gap32	906948	908121	1173	GTCATTGGTTATTCGCAGTTACCAAGAACTACTTCGCGCGACCTTCCTTCCACGCCTGGATCAGCTTGTCATAGTCAAGGGTTTCACCCTTGGGCTTTTCGTTGGCAAGCTTTGCCTTGGGAGCACCGGGCTGGTTCAGCCAGTAAGCTTCATCCTTTTCGGGGTTCAGCTTGGGACCGCATTCGCCAAGAACGTTGGAACGCTCAAGACGCATGAGAATCTTGTCCTGTTCGCGGGCAAGATTATCCATGGCGGTATCAACGGTAACTTCACCGGCAACGGCTTCACCGATGTTCTGCCACCACAGCTGTGCGAGCTTGGGATAATCCGGAACGTTGGTGCCGGTAGGGGTCCATGCTACGCGGGCGGGGCTGCGGTAGAATTCCACCAGGCCGCCGAGCTTCGGAGCACGTTCGGTAAAGGACTCGTGACGGATGTCGCTGTCACGGATGGGGGTCAGACCAACGTGAGTCTTCTTCAGAGAGGTGGTCTTGGATACGCAGAACTGAGCGAAGAGCCATGCGGCCTTGCGGCGGTCAACAGGGGTGCTCTTCAGCAACGTCCACGAACCGCAGTCCTGATACCCGAGCTTCTGGCCTTCTTCCCAGTAAGGACCGTGGGGAGAGGGAGCCATGCGCCACTTGGGGGTGCCGTCAGCATTGACAACGGGGGTACCCTTTTCAACCATGGCGGCGGTGAATGCGGTGTACCAGAAGATCTGCTGCGCTACGTTGCCCTTTGCAAGGCTGGGCAGGGACTGATAGAAATCCATGCCGAGTGCTCCGGGAGGAGCGTAGAGACGCAGCCATTCCATGTACTTGCGCAGTGCATACTTGGCGGCGGGACCGTTGGTTGCGCCACCACGGGAAACGCTGGCGCCCACAGGACGGCAGCCATCAACACGAATGCCCCACTCGTCAACGGGCTTGCCGTTGGGCAGGCCCTTGTCGCCGGCACCGGCCATGGAGAGCCAAGCATCGGTAAAGCGCCAGCCAAGGTCGGGAGCCTTCTTGCCATAATCCATGTGACCATACACGGCCACGCCGTCGATTTCGCGCACTTCATTGGTGAAGAATTCGGCGATGTCTTCATACGCGGACCAGTTTACCGGCACGCCCAGTTCGTAACCATACTTGGCCTTGAAGGCCTTCTTCAGTTCGGGCTTCTGGAACC
NZ_CP087381.1_gap33	909205	911671	2466	CAGAATACCCGCCGCGGCCAGCAGCCCCCAGTCCAGACCGGTGGCGCTTACGGTACGCGTCATGGTTGCCGCGATGGGCTTGGCCGACGTGGTGGTAAGGGTACGCGCCAGCAGCAGTTCAACCCAGCTGAACATGAAGCAGAAGAAGGCGGTAACCCCGATGCCCGCACGGATAAGCGGAATGAACACGCGCAGGAAGAAGTGCGGGAAGGAGTAGCCGTCTATGAAGGCTGTTTCATCTATCTCGCGCGGCACGCCGGACATGAAGCCTTCAAGAATCCACACCGCCAGCGGCACGTTGAACAGGCAGTGCGCAAGAGCCACGGCTATGTGGGTATCGATGAGATTGAAGGTGGAATAGAGCTGGAAGAACGGCAGCAGGAAAACTGCAGGGGGTGCCATACGGTTAGTGAGCAGCCAGAAGAACACATGCTTGTCGCCGATGAAGCGGAAGCGTGAAAAGGCATAGGCTGCGGGCAGCGCCGTGACCAGCGAGATGACCATGTTCATGGTCACGTAGATGATGGAGTTTATGTAGCCGGAATACCACGAGGGGTCCCCGAATATCTTCATGTAGTTCTCAAGGGTCGGGTGCTCCGGATACATGGCCAGACTGCCGAGAATCTCCGCGTTGGTACGCAGCGACATATTCAGCATCCAGTAGATGGGCAGAAACAGCACCACCAGATACAGAGCGAGCACAAAGTAGCGTTTGCGTATCTTCATTACTTGTCTCCCGTGCCCACGGCCTGCAGTGCCTGATAGAACAGCCAGCAGAACAGCAGGACGATAAGGAAGTAGATGAGTGAGAATGCGGCCGCAGGCCCGAGGTCAAACTGGCCCACCGCTACCTTCACCAGATAGATGGACAGGAAGGTGGTTGAGTTGCCGGGACCGCCGCCCGTAAGGACGAATGGTTCGGCGTAGATGAGGAAGCTGTCCATGAACCGCAGCAGAAGCGCGATGGTGAGCACCCCGCGCATCTTGGGCAGCTGGATATAGCGGAATATGGCCCACGCCGAGGCACCGTCGATCTTGGCAGCCTGATAATACGCTTCCGGAATGGCGCGCAGACCGGCATATGCCAGCAAAGCCACCAGCGGGGTCCAGTGCCACACTTCCATGAGCATCACGGTAATCCACGCATCAATCGGACTCGCAGTGTGGTCGAACGGTATGCCAAGCCCGTTTATGGTGGCCCCGAACAACCCGATATCCGGCCGGGTGAAGATGATCCATATGGTGCCGATAACGTTCCACGGAATCAGCAGCGGCAATGCCAGCACCACCAGACAGGCCGATGAGCCCCAGCCTTTCTTGGGCATCATGAGCGCTATGGCTATTCCCAGCGGCATCTCGATGAGCAGTACCAGACCGGAGAACAGAAGCTGCCGCCAGAGCGCTTCATGCAGGCGGCTGTCTGAAAGTACTTCCTTGAACCATTCGGTGCCTATGAAGAAACGCTGACCGGGGCCGAAAATATCCTGCACGGAATAGTTCACCACGGTCATGAGCGGAATCACGGCACTGAACGCCACGATGATAAAGACGGGCAGAATGAGGAACCACGCCCTGTTATTTTCCCATTTGTTCATAGTTCCCCCTACCCGACCAGCCGTTCGTTGAAGAAGAGTCTGGTCTTGTCCGCAGGAAAGACCACCCAGCAGGCACCGTCGACTACGGTGCGGCTATCGCTGACGCGGGCTTTTATCTCCTGACCACCAAACTGCACTGTCACAATGCGACAGAAACCCTGATCTTCCACCCCCAGCACACGCCCCTCAAACGCGGGGGCATTGCCGCACTCTTCACGAGTGGCAAACACGCCGGTGTACATGGGTCGTATGCCGATCTTGAAATCCGTCCCCAGGCGGGAAGCCCGCACGCCGCAGCCTTCTTCCAGCGGAATAGCGGAGCCGTTCACGCGGGCGAAATCACCGTCCAGCGTACACTTCATGAAGTTCATGCCGGGGCTGCCGATGAAGTAGCCCACGAATTCATGCTCCGGACGTTCGAACAGTTCTTCCGGCGTTCCGGTCTGCACAATCTCGCCCTCGTACATGATCACGATCTTGTCGGCGAAGGTCATGGCCTCCACCTGATCGTGGGTCACGTAGATCATGGTCAGGCCGAATTCGTTATGAATCTCCTTGAGCTTGCGACGCAGTTCCCATTTCAGGTGCGGATCGATAACCGTGAGGGGCTCGTCAAAGAGAATGGCGGCAACGTCGCTGCGCACCAGCCCGCGCCCCAGAGATATTTTCTGCTTCGCATCGGCGGAAAGTCCCGCGGCACGTTTGCCGAGGTCTGCCGACAGCTCGAGCGTATCGGCTATCTTGCGCACGCGGGCATCCACATCGCGGGAAGGAACGCCCCGGTTGCGAAGCGGAAAGGCAAGGTTGTCGTACACCGTCATGGTGTCGTAAAGCACGGGAAACTGGAATACCTGCGCTATGTTGCGTTGTT
NZ_CP087381.1_gap34	927103	930249	3146	TTTTATTGTAACAACGCCTATGAGCAATGCACACTCCATCTTCGGAAAACTCGGATACGCAACAACCTGTTTTGCTATGCTGTTGATCATTCCGGCAGCAATGGCAGCACAGCCCGACGAATCCCACCCTTCCGGTCCATCGGCACAACTCTCCCCCGCACAGCTGGCAGCTCCGGCAGCCACCAGCCATCCTGAACAAGACGGCAAGCAGGCGACCCAAACCGCCCTGCAGGCCCAACCTGCGCAGGCACCGGCGGCGGTTCAGAATCCGGCACCACTTAAGACTCCTGCACCAGTTCCGCAGCCAGGTCAGCAGCCGGTTCAGAATGAAGCCACATCGTGCATCCCCCTGCCCGCAACGCAGCAGACAACCGGAACAAGCATTGCCCAGCCCCCCGTGGAACAGGTTGAACCTGCCCATCTGGTAAAAGCCAGAGACAACCTGCGGGATTTTGCCTACACACGCCTCATCTCCATGGCCAGCCGGCTGTGCTACACAGCTTCAAAGCCGAATATCGAGCACAAGAGCGATAAGTGGGTGGCCACCTACAAGAATATTTCCCCTGATACGCTCATAGTACAGGTCAAGCCTGTCGAAGGTGCCAAGAACCGGTTCATGGGCCTCATCAAGTATGCTGTTCTGCACTACGAGGCATCTGCCGATAACAAATCTCTGCTTGCCCAGCAGGACTACCAGATGGTGAAGCGTCTCTGGCAGCTTGAGATTCTCCGCTTTGATGGTAAGACCTGGAAATAACGGGCCTGAAAACAGCTGAAAGGCGCGGGAACATGTTCCCGCGCCTTTTTTATTTTCCAATGTCCCGTCTGACTTGTCCTGAAACAGGCACCCTGAAGGACTCAACCATCCCTACTGTTCACACTCTATGCAATCCTCAGGGCAAAAAGCCTGCAGTTCATGAATGACAGCATCAGGAGCCACGTCGGAAAGCAGAAGCGGCCTGCTGTCACCTTCCTCCCAGCCAATGTAATCCGGCTGCAGTTCCGCGCAGCCTCCGCATCCGGTGCAGTCACCCATGAGAATATAAAAGCGCTTTTGCTCAGTCATATGCACCTCCTTGAAAGCTCCTTCCTGTACGGATAATCGTCCGCCAAGCTATGCATACCATAAAATAAGCCCCCCGGGCACGGGGGGCAAGAGAAAGGAAGAGATAGAGAAGCTGTTTGCGAGTGTCTTCAAACTCTCTAGCGTGATTCAATGGCAATCTCGGGACAATGCGGCAACATTTCAGCTGCAGCGGCCTTTTGCCTGCGGGGGCGGGTATAGATGATAGCCCCGACAACGGCGGTAAACGGTGCAACCAGCACAAGGCCGAAGCTGCCCACGATGGTTTTAACCACCTCCGCAGCCACATACAGCAGATTGAAAATGTTGATAAGGGGAACCCCCTGCGCCATGAAGGCCATGAGCAGGGTCACATAGCCCCCGGAATAAGCAAGAAGCAATGTTGTTGTCATGGTGCCCACGACAGACCTTCCGACCCGTATACCGGACCACAGCGCATCACGCATCGTGATGTCCGGAGCCTTCGTGACAAGTTCGTTCTGGCTTGCAGCAACATCCATCGCCAGATCCATCACCGCACCGGAAGCGGCGACAAAGATGGCCGCCACATATATTCCGGTCAGGTCAAGATGCGCGTAGCCGGAATAGAGCAAGGTTTCGGCAAAGGGCATGACGGCCCCGTTCAGATGAAAAGCCTTTGCAGCCCACACAGCCAGTGCGGAACTCGCTCCCACCCCGAGCATGGCTCCCGAAAAAGCGACAACGCCGAGCCGCGTGGGTCCGGCAACGAGAAAAATGATCCCGGATGTCAGCAGGGCAACCACGCCGAAGGCAAGCGGTACAGGCGCAATTCCGGTCAGCAGGGCCGGAATGAACACCTTCCACAACACCAGACCGGTGAAGATGAACGACAAAAGCGCCTTGGCCCCTGTCCATCCACCGAAAACAAGGAGCAGAAGCGCAAACAGCCCGAACAGTCCGGCCTCCAGTCCAATACGATAATGGTCCTGCGCCACGACCGCATTCACCGAACCATCCGGATTTCGCGTGATGACAAGCAGTGCCTCCTCGCCGGGGGCAAACACCTTGTCCACGTCGAGCCTTCCCAGCAACTGGTTCACCACATGATGCCGAGAATCTGCCAGCGGGCCATCAAGAACCTCCACAACCAGCTGCTGCGCCCCTACCTTTATGAGGGCATGCCGCTGCAATCCGGCGTTATCCGCCTCAATCACTCTGCCCCGCGCTCTCAGGGCGCTTGCATCCACCCGCTCTTCAAAGCCGGTGGGTACAAACCACAGCGCTATGGAAAGGAGCGCGAAAACCAGCACGAGAGTCTGGTCCTTACGGCACATACGGCTCATATAGGCTGCCTCCGATGAACACGATGCTATGAGGGCGGTGCAACATGCTGCACCGCCCCGTTGTTGCTGCAATTCGATCATAAACGAACGCATCTGGTCACGTCCGACAGCGTCTGACAACGTCCGATTTCATCCGGTAGTATCCGTTAGTATCCGGTACCATCCGGTAGTATCCGAAAATATCCGGCAGTGTCCGGTAGTACCCGGTAGTATCCGGGCGCATCCTGTTGTACTGGTCACGCCCGAATGCATCTGGCCGCTCCCGAACGCACCAAGCCGCGTCCGATTTGTCATCAATCGGGGCAAATCGGAAAAATCGAGGCAGTCGCCAGTTTGATCAAACCGGCCAGCTTCTGTCGGATATGATGTGAACCCGATACTACTTGGCCGCCACGTAAACGTGCGGCTTGTTGCCGAGAATGGCCATGATCTTCTTGGCGATTTCCGACTGGTGGTAGGAGCGGTTGAAGGAATCGGCACCCACACCGATGGCGGAGGTCATAACCGGCACGGCGGTATGCGAATACGAGGTCCAGGCAAGGCCGGCCTTGTTGTTCACGATATGCGTAATGGCCACAACCAGCGGATCGTAGCCGCCGTAAAGACGCTCGTTGTCCGCAGTAACCGGCTTAACCATTTCATCCAGCATGGTCTGATTAAAGGCTTCGCGGAGCGTGGCAATTTCATAGGGCTTGAGGACAAGGGGATTCTTTTCGGCATCGCCAGAGAATTCCAGTCCGAAATAATGGGTGATGGTG
NZ_CP087381.1_gap35	1076415	1080408	3993	TTGGCTTCCTCGTCATTATTTGTCTTTGACTGCAGTTTGGTAATCTCCTCCTGCAGCTTTTCAATTTTCTCCTGCAGGTTCTCGATGGTGTCCTCATCGCTGTCGGATGATTCTTCCGTTTCACCCGTGCCTGCTGCGCCCGTGCCTGCTGCAGCCGATCCGCTGGAACTGGCAGAATTGGCGGAACTGGTCGACGCAGCCGAACTGGCTGAACCAGAAGCAAAAGCAACCTGCGTCATATCATCCGTATCGCCCGTATCACCAGGCGAGGTTGCGGTCACAGCATCGGATGATTCTTCCGACAGCACGGAACCCAGCTGCGTCATGAGTGCTCCCTGCTGTTCCGAGGTCAGCTCGCCCACAGAATCGGCACCATATTCCTCAAGCTTTTTGGCCAGCAATTCCCGAGCTTCATCCGAGATGCTGACCGTATCGCCACTGCTCTGCGCCATTCCCGCAGATGAATCCTCGGATGTTCCATACGCAGCGGATTTCGTTTTTGCGGTGAACAACTGCGTCTGCCCTGTGCCTGTCAACAGTTCTGAACTGATGGAAACCATATGCACCTCCATGATATGGATCGTTCGTTGTCTGTACTATCGGCAAAAGCAAAGGACAGCCTGCTTTTCAGAACCTCAATAATAGTCAAGAAGCATTATACAACCGGCGTTCCACATTTACGAACGTGAAGAGGATTATAGGGAAGTACCGGTTCCCCGACAAAAATCCGCAGCAACAAAAAAGTGCCGCCGGAACAGATTCCGGCGGCACCTTGCCCGCAAGAGAACGGAAAGCGGACTATTCTTCCACTTCGTATCCGGCCTGCTCAACGGCTTCCTTCAATATGGACATATCCACACAGGCGGTGGGACCATAGGTCACTTCGCCGGTAGCAAGGTTCACGTTTACGGTTTCCACACCATCAACAGTGGAAACAGCCTGAGAGACAGTCGCTGCGCAATCGGGGCTCTGCATGCCCCGCACCTTGAACTTCTTCATGATATCCTCCGGAATACCTAGGTGGTCGGTATGATTTTTACCATCTGTAGCGCGTGTTCCGAATAATTGCCACTGTTTGCACACCTGCTCCGCTCTGCAGGCCCTGCCCGTATTCTGCGCACGGGGGGCGCATGCGGTCTTGCTTGCGCCCGGGCCGGTAATGCCGTATTGCATAGCCACCTGAAACGGACGGATCAACCGTCCAAATTCACCAACAGGAATACCATGCTCAAACTGGACTTTACCACGACCGGCTATATTATCATGTGTCTTATCTGGTCCCTGGCCGGTATCATCGGGGCCGTTATTGCTCATAAAAAGGGGCGCAGCCCGTTTTTCTGGGGCATACTCTGCCTCATCGCTCCCTTGGCGCTCTTTGCCATCGGCGGCATGCGCGCTCCCGGCGAGCCGCTTCCCCCCATATTCCAGCGCGAGAAGGAAGAACTGGAACGCCTTGCCCGCGAACGTGCCGAACAGCAGTCACGCCAGTAAACCACGCCCGAAAGCCATCCGCACTGTGCAGCCCATGGAATAACAACCATATATCTGCACTGCCACATTCACTCCGCAAACGGCGCGTGATACAGGAATACGGGGCAGGCAACGCATGCAGAGAGCCTGACCGTATTCCTTGCGCAGAGGCGCCGCAGCCTGCGCCACACACAACTTTTCGCAGCGGCACCGCCCATTTCCCAGCACCGAGAATGCCATGATTGAACGTAATTTTCACATAATGACCTTTGGCTGCCAGATGAATTCCAACGATTCCGACTGGCTGAAGCGCTCCCTCATCTCCCGCGGCTTTACGGAAGCAGCCACGCCGGAAGACGCATCTGTCTTCATACTCAACACCTGCTCCGTCCGTGAAAAGCCTGAGCAGAAGGTTTACAGCCTGCTGGGCAGAATCCAGACCATGACCAAGGGCCGCGAAGACATTCTCGTGGCTGTGGGCGGCTGCGTTGCGCAGCAGGTAGGCCGGGGTTTCTTCAACCGCTTCAAACAGGTGCGCCTTGTCTTCGGCACGGACGGCCTTGCTTCGGCCCCACAGGCACTCGACCGGCTTGTGGAGGAAGATCAGCTGCGCATGAGCCTGCTCGACTTTTCCGAGGAATACCCTGAAAAGGATCAGGAATGGTCCGACGGCGTGGTTCCTCCGGCAGGATTCGTCAACATCATGCAGGGCTGCGACAACTTCTGCGCCTACTGCATCGTGCCCTACACCCGTGGCCGACAGAAATCGCGCTCCAGCGTTTCCGTGCTGGAAGAATGCAGCACGCTGGTTGCACGCGGCATGCGCGATATCACCCTGCTGGGGCAGAACGTGAACTCCTTCGGGCAGGACGCGCACGGCGACGGCACCTCCTTTGCCGCACTGCTGCATCAGGTGGCCGACATCAAGGGACTGGAACGCCTGCGGTTTGTCACCTCGCACCCCAAGGATATCGCCGACGAAGTCATCGACGCATTCGGCACCCGCGAGAATATCTGCCCGCGTCTGCACCTTCCCATGCAATCCGGCTCTGACCGCATTCTCAAAAGCATGGGCCGCAAGTACGACATTACCCGCTACCGCGGCATAGTGGACAAACTGCGCCACGCCCGTCCCGATCTGCAGCTGACCACGGACATTATTGTCGGCTTCCCCGGCGAAACCGAAGAAGATTTTCTGCAGACCCTGCGCACGGCGCAGGAAATCGGATTTGCCCAGTCCTTCTCGTTCAATTACTCCGACCGCCCCGGAACCCGCGCGGAAATGCTTGCCGACAAGGTGACCAAAGAGGTCATGCAGGACAGGCTGCAGCGATATCAGGATTGGCAGTCGGAATATACTGAACATATCCTGCAAAGTATGGTAGGAAGGAAACTGGACGTCCTTTTCGAAGGCATGAGCAAAAAGCCCGGCTCCGACAACAATGCAGAGGCATGGCAGGGACGCGACGTGTTCGGCCAGCTGGTGCATGTGACACTGCCCTCCGGCGGCGACATGGCGGGCAAATTCATGCCGGTGACCATCACCGAGGCGAAAAAGCACTCCCTGATCGGAGAAAAGGCTGGTGAACCATGGTAGTGATGCAGGTTGCGGGACTGACCCTGGACGAGCAGACCAAGGCTCCCATTCTTGTACTCAAAAGCGTGCAGGGCAATGACACCCTGCCCATCTGGATAGGCGCCATGGAGGCCATGGCTATTTCTGTGGTCATCAACGCCGTCAGCGTTCCCCGCCCCCTTACCCACGACCTCATGCTCGGCACCATCGGCAAGCTCGGCGCCGAACTGCTGGGGGTGGAAATTGTCGATCTGCGTGAAGGCACCTATTTTGCGGAACTGGATATCCTTTCCGCAGGAACCCGCCACAGGGTAGACAGCCGCCCCTCGGACGGCATTGCCCTTGCGCTTCGCGCCGGAGTTCCCATTCTCGTCCGTCAGAGCGTGCTCGATGCCGCCGCCAGGGACAATCTGCGTCCGTCCGCATCCAAACCCGCCCACCTGATTGAACCTGCCGACGCCGCAGCCGAGATGATGCGCAAGGCAGAGAGCATCCGCGCTGCCCACACAGGGCAGACCGGACAGGAAGGGGAGGAACACGAAGGGCCGGACGAAGAGACCCTCAAGGAACTCCTCAAACATCTTGAGCCTGATACAAAAACCAAGATGTAAGCAGCAACACCAAGCCGGGGCCACCCGGCTTTTATTTTTCCCCATTCTCTTTACAATTCTTATAGTTACCCAACGGTGAGTTAAGCTCCCGCGGCCGCCGCCTTGCACGCCCTGCACATGACACCGCACAGGGAAAATTCTGCCCTGCGCCAACACGAATAGAGAGGTGTGAGTCATGTCTATTTACGGAGTCAGCGGCAGTTCCTCCGGCAGCATGGCAGATGCGATTGCCCAGCTGCGCAATGCGATGGAACAGAAGGATACGGGCGAGTTTGCCGCATCATTCATTTCCGGTCATGATACGGACCAAAACGGCCTGCTCAGCATTGAAGAAAC
NZ_CP087381.1_gap36	1081504	1084194	2690	GCCCGCGAACTTGGCGCACAGGTGGTCAGCGTACACGGCCAGACTCTTTCCGATGTAGTGGAAGAAGGTACAAACCTCGCCGCCATTGAAGGCGGAGCAGACATTCTGTGTCATCCCGGCCTCATCACGGAGCAGGAAGCCATGCTCGCGGCAGAAAAGGGCGTGCTGCTGGAACTTTCCACCCGCCCGAGCAACGCCCTGTGCAACGGCCTGCTTGTCAATGTGGCCCGACGGGCAAACGCCAGGATCGTGATCAACAACGACGCGCATCACGGATCGGACTTCATATCCCGCGACAAGCGGCGGGCCATCGCCATTGGTGCAGGCATGACGCCGGATGAATACAAACAGGCAGAAGGAAACAGCCGCGAATTCATCTCGCGGTTGCTCCGGCAATCATAACGGTATATTACGGATTGCATACCCATGTGACATCTGCCGCTGCACCATACGGCAGGCAAACATCATTTCATGTCCCACCGAGGAGTTTTTGCATGATCAGACTGGCTTCACTGATGCTCATGATCATCACCCTGATGAGCCCTGCCATCGCTTCCGGCAAGCAGGCCCTTTCCCAGAACGAAAAGACCACCATCATCTTCTTCGATACCATCCGCGAGAATCCGCCCATGCTGCGCGGCTTTCTTACGGCCATGCCCAAGGGAGCGGACCTTCACGCCCATCTTTCCGGCTCGGTCTATGCGGAAGATTACCTCGAGTGGGCAATGCAGGATAACCGCTGCATAAACACCACCACCTTCGAAATTTCAGCTGCTGCCGGCAAGCCGGAAAAAACGGGCAAAACCGACAAGCCCGTCAAGGCCCCTGCACAGTGCCCCGAAGGCACTGTTCCCGCCGCCACCATGGAAAAGGATACCAAGCTGTATTCCTCTGCCATCAACGCGCTTTCAACCCGCGATGTGCAGTATACTTCGGCCATGTGGGGGCATGATCATTTCTTTGATACCTTCGGCAAGTTCGGTGCGGCCCAGCAGGGACGCGATGCCGACATGCTGGCATCCGTTATCCGCCGCGCAGCCGCCCAGAACATCATGCATCTGGAACTGATGGCCTCCATCTATCCTCCGGAACTCAAGACCATAGCCTCCACGGTGGGCTGGAACGGCGATGCGGCAGCAACCCTCGCTGCCCTCCGGCAGGCCGGGCTGTTCAATTCCGTGCCCGCCTCCGTGGAAGCACGCCGCCAGCTGCTTGAAAGAACCCGCCCCCTGCTCACCGAACGTGAAGCAGCCCTCGGCGTTTCGTTCATACAGCAGGTCACCCGCACCCAGACTCCTGCGGTGGTGTTCGCCCAGATTGCCTACAGCTTCGAAATGGTCCGGCAGGACCCCGCCACCATCGCCTTCAACCTTGTGGCCCCCGAAGACAACCCTGTGGCCCTGCGCGACTACTCCCTGCACATGAGCATGATAGACGCCCTCTACGGCCTGCCCGAATATGCAAACACCCCCATCACCCTGCATGCGGGCGAACTGACCATGGGGCTTGTTCCCCCGCGCCACCTCGGTTTCCATATCCGCGAAGCCGTGGAAAAGGGCCATGCCCGCCGCATCGGTCACGGTGTGGACGTGATGTATGAAGACAAGCCCTTCGAACTGCTGCGCACCATGCAGAGCAAGCGCATTGCGGTAGAGATATGCCTCACCAGCAACGACCGCATTCTGGGCGTTTCCGGCGGCAATCATCCTTTCCCCATCTACCGCCAGTTCGGCGTACCGGTGGTGCTGAACACGGATGACGAGGGGGTTTCCCGCATTGACCTGACCAATGAATACCTGCGTGCCGCCAAGGATTATGACCTCGGCTATACCGAGGTGAAAACCCTGTCGCGCAACAGCCTTGAATACAGCTTTCTGCCGGGACAAAGCCTGTGGGATGATCCTGCCACCTTTGTCATGACCGGAGCCTGCAAAGACTCACTCATCGGCCACGAAACAGCCACCTGCAGCAAGCTGCTGAACGAAAGTGAAAAGGCGCGGGCACAGTGGAATCTGGAGATGGCCTTCTCCGACTTTGAAAAGGAAGTGGCGGATTCCATGACCAACCGCTAGTTCCGGACACAACATAAGCGGCACCTCAAGGTGCCGCAGACTGCTGACAACGTCATTTCTGGTATTTTTTGGTTCCGCCGGGCAGGAAGCTAACGTTCCTGCACCTCGTATACGCGATGAAAATCCGTTTTTAAGCCTCAGTTCCGGCTTAATGTGGATGTGGTTTTACTGAAAACAACAGTTTGTCATTAATCTGCGGCACCTCAGGGTGCCGCATTTATTATGCCTTCTGACCAAGCAGGTACATCGAACAGCAGACAAGGTTCAAAACACGACAGCTTTACTGTTTTCTCCCGCATGGGTACAGTGAGAGGGTATAACCTATATTCTGCGAGCACCCACATGGACTTCATCCGCTTTTCCATACGCAAGCCTGTTGCGGTTTTCGTCGGCGTAATCCTTGTTGTCATGTTCGGCACCATCGGCCTGCTGAGCATGCCCTACCAGCTCAGCCCCACGGTCACGGAACCTGAAATAACCGTGACAACGGACTGGAGCGGCGCCACGCCCTATGAGGTCGAGCGGGATATCATCGAAGAACAGGAAAAGGTGCTCAAGGGGCTGCCCAACCTTATTACCATGGAATCCACTGCTTCCAGCGGCAGAGGGCAGATCACA
NZ_CP087381.1_gap37	1108029	1110934	2905	CAGCTACTGGCCAAATCAAACGATTACGCCTTTGTTATCGTTGGAGGAGCATCGGAAGGCAAACTGGAAGAACTGCGAAAGGCTACCACCCAATGGGGCGATGGCAAGAGCATCCATTTCATGGACGAACGCAAAGATGTAGCCAACTTCTACAACTTATTTGATCTTTACTTCTTCCCCTCCGATGCTGAATGGGAAGGCATGCCTGGTGTCGTGCTGGAAGCCTGCTCCTTCGGCCTGCCGGTGCTGGCGCGCGAAACCAGACCGGTACGTGAAATTGCCGGCTACTATCCCCGCATCACGTTCATGGAAGACACAGCCGACCCGCTGACCGTAACCGAACAGGCCCTGCGCCTGCCTCCTGTCGACCAGCACGGATTCCGCAGCCGTTTCAGCGTGCAGGCCATGGCCGAGCGAACTAAAGAGCTATATCTCTCCATGCTGAACAGATAGACAGATCGGGCAGGCACTTGCAGTGCTTGCATGCCTGCCCACGTCTCTTTCTGCCCCCGTATCTCCCTGTCTCGTCCGGCTCTGTCCATCTGGCCCTGTCCCATCCGGTCCTGTGTCGACGGACTCTCTCCCGGCTGGCCACACCTTGCCCTGTCCCTATCCGGTCCAGCCCTATCCCCTCACAGCTCCGAACAGGTTCCCGCCGCCAGTCCCTCCCCCTGTCCACGCCTCGGCACTTGCTTCGCAATCAAAGCCGACACTTGTTTTACCACCACCAACAGGCTATGGTTATTATTCCGTCCGACCGATCAGATTATTGCACTCTGCTTGTGACAACCGGATGGAACCAGCCTGCTCAGGGAGGGCACCATGCACGCAAGCCGGAAACAAGGCGCAGGCAATGCCCTGCCCGCCCAACTCGCCCTGTTCACTATGTTCGTCCTGTTCGCCGCACTACTGTCTGCAAGCGGCTGCGCAGTCGGCGACCGCAAAAGCGGCACCCTGATCATGACCTCCGATGCATTCAACATGTTCAACGGTGAATATGAAGTGCTGCCCGCCATGCAGACGCATGCGCCCCGCTCCATCGCCGTGCTTCCCTTCAGCGGCAACGCCACATTGTGGCAGTCCGTGCCGGAAAACTACTCCCCCACCGACCTCGCACGACGCGGTATATACAATCATGTGGCATCGCTGCCCTTCAGTGATCAGGAATTGCGCGAGACAGACCGCCTGCTTGCCAACGCCCATCTTGATGCTACGGCGGCATACGTCCTGCTTGAAAAAGATCCGAAGAAGCTGCGTTCCGTACTCGGAGTGGATGCGGTGCTTTCCGGTGAGGTGACGGCTTTCAACCGTGTCTTCATGGGCGTATTCTCACAGGTCGCCGTAGGGTGCGAAGTGCGCCTGACAGACCTGGATTCCGGCGGAGTGCTGTGGCGGGCCAAGCACATATCACGGGAATTCGGCGGCGGCGTGGGCATAGACCCCATCAGTCTTGCCCTCAGCACACTGGCCTCCGCATGGAACATCAGGGATGAGCAGTACGAACGCAAAACCGACGACCTGTTCCGCGAGATTATCCAGTCTCTGGAACAAAGCCTGCCGGAAAACCTGCAACGCCGCGTACCGCCCACCCCAAAGCTGGACTTTTTCGCGCTCGTGTCGCAGACGCACTACTTCCGCGCGGGTGATACGCTGCGGTTCCGCATTGTGGGCGATGCAGGCTGCGAGGCGTATGTGGATATGCCGGGTTACAAGACCGCCATTCCCCTTACCCCCCTGCCGGAGGAACTGAAATACGCCGGCCTTGCTCCTGCCCTTGCGTCTCTCAAAGCGCGCATGCAGCAAGCCGGAACTCCCATTACGCAGGAACAGGAGCAGGCGCTCAGCCAATGGCTGCAACGCCGGACCGTTTACGAAGGGACAGTCACCGTGGCGCCGGACGATCTCGCCATGAACATCCTGCCGCGCGGCTACCTGATCACCCCTGTCGGAGGTATAACCGGCGCCTTTGCAGACAGACAGCCTCTCGTTATCGATGCCAAGTCCCCCCTGCCCCCTTCCGGACTCAAGGTTACAGCGCTGAATGGAGGGGCAGAACTGGAATGGAAACCAAGCCCCACACCGGACGTGCAGCAATACGACATTTACATGTCCACGGGAGAAGAGGTGGCCTTCACACGCCTTCGCTCTTCGGGTGACATATCCACAACGGTTGCATCGCTCCGCAACTTCATACCGTTACGATTCCGCGTGGTTGCTGTGGATGCGGCGGGCAATGAAAGTGCCCCCACGCGGATGCAGCGCGTTATTCCCGTGCCGGAAAAAGAACTGGCAGATTCCCGCCTTGCTCCCCAGCAACTGAGCGGAACCATTACCGGCCCGCTCAGGCTTTCCGCCATGCACAGTCCCTATACCGTGCACAACATGGTAAGTATTGTGGAAGGAGGCGGGCTGTACATTGAACCGGGCGTAACCATCCGCTTTGCATCCGGCACAGGCATTACCCTTGAAGGCGGCTATCTGCGTGCAGAGGGCGAAAGCACACGCCCCATACGCTTCATGCCCATCTCGGACAATGCTCCGGCGGGCAGTTGGAAAGGCATTGTCATCCGCGGACAGGCGCGGGCGAGCCTGCAGCATGTCTACATCATCCGGGCAACGACCGGCGTGGATATTTCCAGAGCGGCAGCACCGCTGCAGCATGTGGATATCGAACTTGCCGCAACTGCGGGGGTGCGTATCCGTGAAAACGCCCGTGTTGAAATATATTGCAGCCGCATAGTCCGTTGCTCCGGCATGGGAGCCATTGTGACCGAAGGCAAGGGTGCCATCGTCACGCTCCGGCACTGCGTACTGCAGGGCAACACCCCCTTCGACATCCAGAACTATTCCCCGCTTACGCAGGATATATCGGAAAATTACTGGCCCGAAGCCCCGAAAGTGCTCG
NZ_CP087381.1_gap38	1135520	1139471	3951	CCTCTTCCATGTAACGAAAACGGATCAGGCCGATGGCTCCCACACATTCATCGTTCTCGATAATGGGAATGCGCGAAACAACATACGGAGTACCGGAAATATCCTGAAAGTGGTCATGCTCGGCAATACCGGTCTGTGCCACGATATGCATCCGGGTATTATCTATGATGGCTGTGACATGATTGTTGATGACCTCCTGCTCGTTCACATTATGCAGCTCCTTGAAACTGTCATTGATGTAAACAATGCGGCCATCCTTATCCACAACCATAAGTCCGTCTGCTGAATACTCTATAATCTTTCGTTGAAACTCGATCAGATGTTTTATGTCCGTAAATAGATCAAGATGATCAAACATGCCGACATCCTCCCTGCCATATGCATGCAGAGACAACCCCGCGCTGTCTCCCTTCCTACTAGTCACTCCTTCCTCAATTCAAAGCGCCCCAGACATGCAAGTATATACTCACTATATGCATGTGAATACTGTCACATCCCGTTACAGCCTGTCACGAGCTATTGCACTTCACTCTTCCCTCCTCGCTTTTTAAAATTAAATTTCGTAATATTAACAAGATAGATACTAAAGAGAATTGATAACCAACAGCTGGCAGTGGATTTATCGGAAGACCTGCAAAAGTAAACACCTCATCATGTAAGAGTAAAAAGTACTAATATCGAGGCAACTAAGCATTTTCATTAACAACCTTACAACTTTTGCACTCTCACCCGTCGCAACCCACAAAACCTCCCGCCCGTGCTGGTGTTACGTCCAGTTACACTCCCCGCATGGCTGTAAGACGCTCATTCAACCCAAATACAACTCATAACATGCTAAAATAAAAAGTTTTATAACACCGCATAGCTCGTTACAACCGATCTTGGCACGCACAATGCTATTGCAATTTTCATACAGAGACACTGGCTTAGGACCTACTCACCATCTAATTGGAGGCTGATATGGCTAAGACATTCAAGGAAGTCATGGCGGAGGCAGGGATCTCCATGGACTTTCAGGCGTGCGGCAGCGCGCCGGACAGCATCGTCGACCGGGAAATCCGCATAGAGCCACACAAGAGAGTGAAGAAGCTCAAAGCGCTGTTCATGCAGACCCTTTCCAGTGCGAACAACGAGTTCCCCTACTGGTACACGCGCGAGTACATGAAGCTGGACACGGAAATTCCCGTTGTACGACGTGCCAAGGCGCTCAAGCGGGCCTTTTCGAACCTGACGCCGGTCATCTATCCGGGCGAAAAGCTGGTCTTGCACAAGGCCCCCTACTTCCGGGGCTCCTTCCCCATGCCGTGGCTGTCTGAAGGCTTCTACGTTGCAAAGGAAGATGAACTGTATCAGGAAGCCATGAAGCGCGGTTCCGCCTCTGCCGACGAACATTCCAAGTTCGGTCAGGGCGGCGGCAACGTTGTTGCCAGCTTCGGCAAGGTTGTATCCATTGCGGGCAAGTTCGGCATGCGCCAGGAAGAAATTCCCGCGCTGGTCAAACTCGCCAAGATGTGGGTCGGCAAGTCGGTCGATGACCTTGGCAGCAAGTACGAGCAGATGGTTCCCAACTACGAGACCAAGGAAGCGATCATGCGCTCCATCGTGTGCATGTTCGACTCCGGCTACACACTGCCTCAGGGCCGGGAAGTCATCAACTACTACTACCCGCTGGAATACGGGTTCGACGGCATCATCAAGATTGCCAGAGAAATGAAGGACAAGGTTGCCGGCCGCGCAGACGGCGACGGCATGGTGGGCATGAACCGCCTCTACAACTACGAAGCCGTCATTCATGTTGTTGAAGGTGTTCAGAACTGGATACTCAACTACGCCAGAGAAGCCCGCAGACTGGAATCCATCGAAAAAGATCCTGTACAACGTGGGGAATACGCCGAAATCGCTCAGTGCCTTGAGTGGATCGCGCACAACCCGCCCAGAACCTTCCGCGAAGCCTTCCAGATGATCGAAACCGTTCATCTGGCCGTTCTCAACGAAGATGCGATCTCCGGTCTCTCCCCGGGCCGCATCGGTCAGGTTCTCTATCCCTACTTCGAGCAGGACATGGCAGCAGGCCGCATTACCGAAGATGAGGTGATGGAACTGCTGGAACTCGACCGTATCGTCAAGACATCCATCGACTGCTTCGCCTCCATGGGCGTTGTCGGGGGTGTTCTTTCAGGGAACACCTTCAACACCGTTTCTATAGGCGGTCTGGACAGGGAAGGCAAATCCGCCGCCAACAGGCTGGAATACCTCATTCTCAAGGCCGCTGCAGCCAACGCCATGCCGCAGTCGACCATTGCACTGCTGTATGACGAAAAACTGCCGGAAGACTTCCTGCTTCTCGCGGCGGAAGTCATCAAGACCGGTGCGGGCTATCCTGCATTCATGAATGCGCCTGTCGCGCAGGAATTCCTCGTCGGCCACTACGGTCCCGAGGGCATGACCGTTGAAGAAGCCCGCGCCTGGGCAATCGGCGGCTGTCTTGAAACCTCTGCCTGCTGCTGGAAGCCGCTGCACCTGAACGGCAAGGAATACTTTATTCCCGGCGGTTGCGGCCAGCCGACCTCCGTCGGCGTGCACTTCGTCTCCATGCCCAAGATTCTGGAGCTGGTGCTCACCAACGGCACGGACAAACGCACCGGCGAAAGAGTCTTCAGGGCGCACGACCGTGCACTCGACTCTTACGAGGCCATCTGGGAACAGTTCAAGCTGTACTGGCAGGAAGCCTGTGATGTGCTCGCACTGACCAACAACATTCAGCATGATGTATGGCGCAAGAATAACATGGGCGTTTTCCAGTCCATGCTCAAGCCCGACTGCCTCGATACCGGCCACCTGATCAACGAGCTGGGCTACCGGTACAACGCCACCTTCAACGTTGAATCCACCGGCACGGTCACCTGCGTCAACTCGCTGGCCGCCATCAAGAAGCTCGTTTTCGACGACAAGTCCGTCACACTGGAAAAGCTCACCGAAGCCATACTGGCGAACTTCGGCTTCAAGACGGCCCACGAAGTGAACTCCTTCTCCATTGCCGACCAGCAGAAGCTGGAATCGGACACCGGCAAGTGGGACAAGCTGCACTTCATGTGTCTGCAAGCTCCCAAGTACGGCAACGACGATCCGTATGCTGACCGCATTCTTCAGGACTGGGAAACCTTCTTCTGCCCGGATTGCTACAACTACGAATCGCTCTACGGCCACCCCATGTACGCCTGCCAGATCTCCGTTTCCACGCACGGTGCCATGGGTTCGGCAACGCTGGCCTCGCCCGACGGACGTCTGGCCGGAACCACCTTTGCGGATGCCTCGCTTTCCGCCTACCCCGGAACCGACCGCAACGGACCGTTCGCACTGATGAACTCCGCCGCCTGCTGGGACCATGCACAGTCTCAGAACTCGCAGCTGAACATCAAGATTCACCCCAGCGCCATCAAGGGACCGGAAGGTTCACGCAAGCTGATCGAACTGACCCGCGCATACATGCGCAAGGGCGGGTTCCATGTTCAGTACAACGTTGTCGATTCCAAGATGCTGCGCGATGCGCAGGAACATCCGGAAAACTACCGCGACCTCATGGTCCGCGTGGCAGGCTTCACCCAGTACTGGGTTGAAATCGGCAAGTCCGTTCAGGACGAACTTATCGCACGAACCGAATACGAAGGAATCTAGCCATGAAACTCGAATATCGTGACACCCGTGAATTCGTCCCGGTGGATGTGGACAAGGGCCTCGACCGACTGACCGGCACCATGGTCAAGGCAGACGCCATTGCTCCTGAAGGCTACACCCGCCTGCCCAAGTGCAAGTTCTGCAGCAACTACTCCGAAACGGACGCCAACATCGGCACCTGCGAAGCAAGCAGCCAGCCGTCCAAGTTCATGGCGTACGGGGACATGACTGCAGTCACCTGCGAGATGTTCACCAACATCTAGCCGTTTCGGCACC
NZ_CP087381.1_gap39	1157236	1160152	2916	GCGCACAACGAGATCGTCAACATGACCATCGCCGTCCAGATCGGCAACCAGCATTTTGTCCACGCTTCCGCTCAGGGAATCAAGCGTGTTGACGGTATCCTGCGCAAAGGTGCCGTTCCCCAGATTTTCATACCGGAGAATCTGCCCGCCTTCCATGCCGAGAAAGATGTCATTGTCCCCGTCATTATCGGAATCCCCAACGGCAAGCGCCGAGGTTGGATAATCGTTCGAGCTGGTGTCTATGACATGTTCGGTGAGGGATATGGCGTGCGTGAGGGGATTCAGGGAAGTCTCGTACCAGGCAAGAGTGCTGTTGCCCCCTGAGTCCTGTGCGAGCAAGACCACGTCATAATCGCTGTCTGTGTCGATTCGGGCGAACGCGCCGTCTTCCAGCGAATCACCATCGTGCGTCACGGTTGCCATGACCTTCAGGCGATCTTCCTGTCCCTGTTCCGAGCCATAAATGGTGTCGTCGCCCTTGCCGCCGACAAGCGTATCTGCCCCGCGGTTGCCCACAAGGGTATCGTCGCCGCCCAAGCCCGAAATGCTGTCACTGCCACTGGTGCCTTTCAGCAGGTCCGGTCCGGATGTACCGGTGATTATGTTCACGCCACTCACGGGTGGTGTGACGGTCTGCTCTGCAGGCGTGGTGTTTGTTTCAGTCTCAAGGGTATTCTGCGTGTCGGTTCCTTCGCCCGGAAGCCCGTGAGAACTGGAAATCAGAGCTGCTATCAGCCTTTCGAGAAGCTCGGCGGGATCAGTGGCCTCGGTGATATCACCCCGCCCGAGAGCTCCCTGCGTCAGAAAATCGAGCGTGCCATCCGGCAGTCCAAGCAGAGCGGCGAGCGCGTCACCGCCGATAAGACTGAGCGCGGCGGTATCTGCAGGCCCCTGCCCGTCCGCTCCTTGCCCGTCCGGTCCCGCTCCGTCTGGTCCCGGCACATCTGGTTCCGGTCCAGCCCCACCTTCACCGCTTACGCCCTGCTTATCGCCGCCAGCGTCCCCATTGCCCGCCCCGCCAGCCGGAGGCTCGCCCCGTGAGGTAAGCGGAGCACTGGCCCGAATGGCATCGAAGACACTCCGGGGGACGGTAATAACCGCTCCCATGGGGATATTCGGATTAAAAGGCACGCCGCCGCTGGTGAAAGTTATGAGCTGCTGGTTGCCAAACTGGTCCCGCAGGATGATGGAACGGCCGCCCGAAAGCGATTCCGCAGCGTGCAGCTCGGTTCCGTCCGGAAGAATGCGGGAAACGGTGGTTGTACCGCGTATGCCGATGGTGGCAAGGGGGGATTCGAGACGTACACCATCCGGATTGTCTTCGGCAATCTGGCCGGTGGCCATGCGGTAGGTACCCTGTGCCATCTTGAAAAGAAAGCTGCTCTGCGCCGGAGCATTGGGATTGTAAACGTAGGAATCGAGGGTCAGTTCACTGTTGGGACCCTGCGAAAGAACGGTTTCATCATCAAACCGGATTTCGACCGAGGCACCGTCGCCCGTCCTGATGGCTTCGCCTTCAAACACGCCGCTTCCGGCAGAAAGCACGCGTTCCGCGCCATCGAGAACGGCAACAACCTTGCCCGCTGAGGATACGACACTTCCGATCTCTGCCATGACGAATCCCTCCCCCGACAAACAGACAATCAAAGACTACCCGCACCACAAAAGTACAGCAATACACCTTTGAGAACTTATAACACCTCTCCTTTCAAAAAGTCAGCACTTCATCCGAAGAAAGAGCAACCTTACAAAATTTATGTTCTGTTTTTCCTCAACGAATAACAATCTGCAAAAAAATACCCCCGTCCCGCTCTCCTGTGAGGAAGCGGGACGGGGTATGAAGACCCTGTATATGCCGGAAAATCTATGCGGATGGAAAAATGGACAGACGGGCCGAACAGACAGGCCGAGCGGGAGGCCGGACGGTCACTCCTGACACATCCTGCAAAATCAAAAGGCTGCCCCGGGTTCCGGCAGAAGCAGGCAATGCCAGCAGGAAACACCTCTACTTCCGCTTCAGAAATCTGTTCCTGAAGATACCTTCGCCCGAATACAGCAGAAGGGCCGACCATATACAGCCGAAGGTGATCAGATGGTCAACGGTGAACTCTTCCTTGAACACGTACACCCCGAGCAGAAAGGCAATGCTGGGTGCCACATATTGCAGCAGCCCCAATGTGACCAGCCTGATGCGGCGTGCGCCATAAGCAAAACCGACAAGGGGAAGCGATGTCGCCACACCGGCACCGGCCAGCAGAAGGTCGGTCGTCACTCCCATGGTGCCGAAAGCCCCTGTACCCTGCACATGCAGATACACCAGATAGCCCGTAACAAGCGGGGTGAGCACCAGTGTTTCAAACATGAGGCCGGGAATGGATTCCACAGAGGCGATTTTGCGGAGCAGACCGTAGAAGCTGAACGAAAAGGCGAGGCTGAGCGCGACCCACGGCAGCCGCCCGAACTGCACAAGCTGGTAGACAACGCCGCCGGCGGCAAGCGCTATGGCCACAAGCTGCACGGGACGCAGGCGGTCGCGGAAAAGCAGAAAGCCGAGCATGATGTTCACAAGCGGGTTGATATAGTAACCAAGGCTTGTTTCCAGCACATGCCCGCTGTTCACCGCCCAGATATACAGCCACCAGTTGATGCCTATAAGCACACTGCTGCAGGTCATTGTGAGCAGGGTTTTACGCGAGTGCAGGGCTTCTTTCAGTTCCTTCCATCTTCCGGTGAAAGTCACAATGCCGCCCACAAACACGGCAGACCACATAATACGGTGGCAGAGAATCTCGGTTGCGGGTACCCCGCCGAGCATTTTCCAGTACAGGGGCAGCAATCCCCACATGACAAAGGCCACACAGGCGGCAGCCATTCCCGAAGAGGCTGCAGAGGCAGAATCCGTTTTCATGTACACAA
NZ_CP087381.1_gap40	1174366	1178699	4333	CGCAGGCGCACCGGATGCCGGCGGAACAGCTCCGGCCACTGCCATGACCGAAAACGCCCCCTCCGCGCAGACGGGTGAAACCGCCACCGATGGAGCCCAGAACGTGGGACGCGTCATGCCCAAGGTGCAGGACGATTCCGTCATTACCCTGAGCTTTGTGAGCGATCTGGCCCGTTACCTTGCGAACAGCTATTATCCTGCCGGCACCGAAGCGGCCAAGAAAGAGGATACGGGCGTTCTCGTAACCGGCACCAAGGCGCTGAACATGCATTACGGTGTTGAAATGACGGGCCTCACCTGGTCCGGCGACGACATCAGAAGGGGCCGCCAGAACATATTGCGTTACGTTCTGACCCCCACCATGACAGACGCCCTTTACACCCTCTATGCAGACCGCTTCATGGCTGCCCTGCAGGAAGAGGCCAGACAGATCATCCGCAATGTGGAGGGTGAGGAGCGCAACCTGACCCGCATGGAAATCAAGGAAATGCACCATCTGCTCTCGACGAAGGTGCAGGCAACGGCTGGCGTTCTTCGCGCATGCGTCCTCATGGAAGACGCCATGGCGAGAGTGGAGGCGCTGCATGCCTCCACCAAGAAGTCTCTTGAAGCGAACCAGCATTTCCAGACGGCGCTCCTGCGCTATCAGGAACTTTCCGAAGCGGATGCAAAGGATGCAAAGGCCATTGCAAAGGCCAAGACCGCCATGGACAGCGCCGGCAAGACCTACCAGCAGGCCATAATGCAGCGAGAGCGCACAAGGGAATCTCTTGCAAACGCCCTGCGCAAGTACAAGTGGGTCTCCATGCAGGACGACGGCACCAACGTATACATCGCACAGTGGGTGTACCGCAGGGTGCAGGATAACCCCCGCGTGTTCCCCGCCATCATGTCCATGCATGAAAACCTGCTTGATCTGGCCGAACGCATGGAAAAGAAGGCCGCCCTCTAGACAGTCTTCCCGCGCACATACTCATTTCGCAGCAGGGTCTGCATCCGTCTGTGCGGATGCAGACCCGTTCTTCATGGAGGAAATACAAGAATGGCCAAGGATTACGATCCCCCGATGCATACCACCGAGCATCTGCTCAACCAGACCATGGAGCGCATGTTCGGATGCGGGCGCTGTTTTTCCGCCCATCTGAACAAAAAGAAGTCCAAGTGCGACTATCATTTTTTACGCCCGCTCACGGACGAAGAAGTGAAGGAAATCGAGAAGATGGTTAACACTCAGCTCCGACTTGACCTGCCTGTCCGCGAGGAGATTCTTGACAAGGCGGCCGCTGCTGCGCGATTCAACCTCGGCAAACTTCCGGATGATTCCATCCGGACCATCCGCATCGTCCATATCGGAGAGTATGATGCTTGTCCCTGCATTGGCGAACACGTCGCCAACACTGCCGAAATCGGCACATTTTCCATAATATCCCATGACTTTGCGGATGGCATTCTGCGTCTGAGGTTCAAACTGCACGATCAGTAATCTCTTTTAAGCACCACGGTACTCAATGAAAACCCCAACCCTCGTCACCCTGCTTTGCGCCTGCCTGAGCCTTTCCGTGCTCATGGGCTGCGTCGTCCATCAACCTCCGGCAGCGCCCGTGACTCAAAACGCCACGGTGGTTCCGGTTGAGCCCCCTCTGACCGTTATGGATGGAGCGGACTTTGCCGTTTTCACAAAGCGGTTCCTGCCCGAACTGGTAAAGCGCAAAATTCTGACCCCGAACGGAACTCCGGCACCGGAAACACCGCTGCTGCTGCACGGCACGAATGTTCCAGAGGGCGAATACAGGCCGAAATCCTTCGGCAGAGATTTTTATGAACGCCTCTCCCTGCGCTTCATGTGGAATGCCGAAGAGCGTGCAGACGCCACGGAACCGGTGACCCATTCCAGCATGACATCCACCGGCGAGGCTCTTAACATTAACGAGTCATCCCTTGTGGTGGTAAGCGAGTTCAGCACGGACATTTACACACTGATAGCGCTGCTTGACTGGAATCAGGACGGCAAGCGCGACTGGCTGGTACGCTACCGCTTCAAGCCGGGTGTTGAAAGTCCTTCTTCTTCCCGCCTGCTGATTATTCCTGCACCCAAACCGGAAGGAATTCTCGAGGCAGAAGTGATCGAGGCCGTCGAATGCACGGAAGAAGGCTGCAAGAGCTACACAGGCACCGGCCTGCCTGAAATACTGGGCTATGATCCTGTCGCCGAGGCGCAAAAACAGGAAACCAAGTAGCAATACAAAGCCCCCGCATGAGGTGAATCCGGTGCGGGGGCTTTTCTTGTATCCTGCAAAACTCAGTGGGGACGCGGAAGCCTGTTTTCGCCTTCGGACAGGGTAATCGCCTTTGTCTCCTCAGACGATAACACCCCGCCGCTTTCCAGCAGCCTGGCCAGCACCTCGGACAATTTACGCAGATCCAGAGGCTTGGATAAGAAGGCGTTCATCCCGGCCTCAAAGCAGGCTTCCTCATTTTCCTTTCCGGAAAAAGCGGTCAGCGCCACAATGGGCATTTGCGAGACTTCAGTCCCGCATTCACCGCCGCGTATGGCTCTGGCCACCTCAAGCCCGTTACGCCCCGGCATCTGCAGATCCAGCACCAGGCAATCATACCGACCGCTTTTCAACAGGGTGGCAACGCTCTGCCCGTCTTCTGCATAGGCCACACTGCCGCCGAACAATTCCAGCCAGCGGCCGATGACCACACGGTTAATACTGTCATCATCGGCAACGATGATTTTCACACCTTTAAGAAGCGGGGCCACCTCTTCCCTTCTGACGGGAGAATAACGGGCAGCATCTCCGCCCGCATCAGCACCGGAGATCTGTTCCGGATATTCCGGACTATCCCCTTCCGCCGTCTGCTCTGCCACAGCCTGAGCTGCCAGAATCCGCACCCGTTCGGCAGATCTGTCCACAGGGTTCCACCGCAGCGGAACACGCATGGCAAGCTCTACTGCCCCGTCTCGTTCCTCCACAGAAAGACTGCCCCCCAACGCCACGGCAAACCGGCCTGCCAGAGCCAGTCCGAAACTGCCCATGCACTGCAAGATGCGAACTTCTCCGCCTACCACCTTTCGTGCGCACTCTGCCCATTCAGCAAGGTCATCCGCCGCCACGCTTACGACAAATTCAGTCATTCGCGTGCCGAGTTTCAGCAATGCCGATTCTCCTGCCGGCTGCCTGAGTTCCAGACAGATCTTTGCGTTTGTGGTTCCCTCGACAGAATACTCAACCATTTTGGAAACAATTTTGCGCAGTCTGGAGGCATTGCCCACAAGCATTTCCGGGAACACCGAGGCTATGGAAGCCGATAGTTTTCCACCTTTTCGGGCTGCCCTCGGCGCATGGGCGTTCACAACATCCAGCAGCATGTCGTCAATCACAAAGGGACAGGATGCTTCATCCCTTGATTCCGTATCAATGGCCTTTGTTGAAAGGGCCGAGGTAAGACGGGCATACTCCAGCAGATCTTCCATAAACCGCATAAGCCCGTCGCCGGATTCCTGCGACATACGCACATAGTGCTGCTGCAGGTCGGTAAGCGGGGTCTCTGCCAGCAACTGGAGCATGCCCATTATGCCCTGCAACGGAGTGCGCAGTTCCTCGCCGATACTCCCGAAAAACGATTCAGTGGCTTTTTCCGCCTGTTCTCTCGCACGGCGGGCATGATTCAGACAGTCTTCAGCCTCGCGCGATCCGGTAACATCCCGGATGATAGAGAGGGCATATCGCCTGCCTGCGGCGGACAGTATGCGCGTATGCGCCTGTACATCCATGGCGGAGCCGTCTTTCCTGCGAAGCTGCCCTTCTGCAAGCCCTTCGTCAAACAGGCCTGCAAAATCCCCTTCAGCGCCCTGTACAACCAATCGTGAACAATCAAGGGTTTCCAGTTCGGTATCCGAATAGCCTAACACTGCCACCGCAGCCTGATTGAACTCCTCCACCCTTCCCGACGACAGGTTAATCAGCAGGATAACATCTGATGCCCGCTCGAATAACTCCCTGTACCGCTGCTCGCTCTCACGCAACCGCTCAACAGAAGTTTTGCGCTCATGAATGTCTGTCAGATGCACCATGAGGCTTTCGATAAGTCCCGCATCCGAACGCTCGGCCACGACGTTCAGTGAAGCCCAGAGCGGCACCCCGCTCTTGTGCATGAACCGTCTTTCAACTTGTATCCGGTCTGTTTCACCGGCAAAGAGTTTATGCAGTTCCAGCCTGGTGGATTCCGCATCTTCCGGACTGAACAGATCGCGCAGCAACCGGCCTTCCAGTTCCCGTGCAGAACAGCCGAGGAAACGGCCCATGGCCGGATTGGCCGATGCCAC
NZ_CP087381.1_gap41	1181527	1185474	3947	CAAGGACGGACTGACCTCCGTTGAAGCATACATTGAGCGCGCCAAGCCCGAACAGAAGGCCGTGTACTACATCACCGCCCCCAGCCGCGAAGCTGCCAAGCTCAATCCGCATCTGGAAATATTCACCCGCAAGGGACTGGAAGTGCTGTTCCTTTTCGAACCCGTCGACGAGTTCGTCATGGACAACCTGCACAAGTACAAGGAATTCGAGTTCGTGGCGGCAGAAACCGTCAAGGCCGAGACGCTGGATGCCTTCCCCGACATGGAACAGGAAAAGAAGGCCGAGGAGTTGTCTGAAGGCGACACCAAGACCTTTGATGACCTCATCGAAACCATGAAGACCATTCTGGGCGACAAGGTTACCGATGTGCGCATCTCCCGCCGTCTTTCGGGTTCCCCTGCCGTGCTGGCCAGCACGGATGGTGCCACGTCCTCCATGGAGCGCCTCATGCGCATCATGAACAAAGACGAGTCCATTCCCAAGAAGGTGCTTGAGATCAACCGCGACCATGCCATTTTGCGCAACCTGCTGCGCATCTTCAAGGCAGACAGCAAGGACCCCATTATCGAGGAAACCGTGGTGCAGCTCTTTGAATCTTCGCTGCTGCTCGAAGGCTACCTCAAGGACCCGCACGCCCTTGTGGGCCGCATCAACAACCTGCTTGAGAAGGCCAGCGGCTGGTACACGGAAGTTAAGAAGCTGTAGCGCAACAACGCCAAAGCACAAAAACACGAAGGGGCGGGTCACATTGACCCGCCCCTTTTCGTGGACAGCGTTGTATTACTTCATGCCCAGCGCTGAGATGCAGAATCCTCCGTCGGCGGGAAAGCGCGACCTTACCCGCCGACGGCGGTTCTGCTCAGTGAATCGTCACTCCCTTCCCTCTTGCCGGTGAGGTGGCACAATCTGCCCGGGGAATGACTAAATATGCTCCTCTCCGCAGCCCCATGCATTCATGACTCATGCATTCAGTCCCGATTTATCCGGTTTAAACTACCCTTGCATGAACACAAAAAACGACAGATGGAATAGCCCACTATTACTGCATACGGAAAATCACGTCCACATTTGTTAAAAGTTCCTTTTTGCCTTTTCCTGTCCTGCATCGAAAATTTGTCGCATTATGTCTCTAACTGTGTTTTTTTGCATCATTTTTCTGCATATCTCAGCTGTGACACACCTCTCCCCAAATTGGTCAAACCACCAGTGAGAGCACAATTGGTCCAACCCATAAGTGGCTACATAAACCACTGGAGTATCACAGCAGAGCATGTCCAAACCGTATTCCCGGTATATCAGGCATAAAAAAAGGCCGGTAAAACCGGCCTGTTGGGATACCTGTCAAAGCGGATCATTCATCCATGTCGCAAGTTTCAGATGAGTGCGCCTTCATTTCTGCAATGATGGTCTTCAAATCCGCCGCCCTGCGGGCCAATTCCTGCACGGCAAGGGCAGATTCATGCATGGCGTGAGCATTTTCATCCGCTGAACGGGAAATGTACTCGGTGGAAGCGACAATCTCGTCACTGGCCGCAGACTGCTGTTCCGCAGCGGCTGCGATGTCGCGCACATGGTCCGCAGTTTTTTCCACAAGCTGCACAATCTCTTCCAGCATCTTGCCGGAAGCAAGGGCAAGCTGGGCGTTTTCCTTGATGGCGCTGGCAGTACTTTCAGAAGAAGACCTGCTCTTGTGCGTGCTCTCCTGAATACTGCCGATGGCCGAGGTCACTTCTTTGGTGGCCTGCATGGTTTTTTCGGCAAGCTTGCGTACTTCATCGGCAACAACGGCAAAACCACGGCCGTATTCGCCGGCACGGGCGGCCTCGATGGCGGCGTTCAATGCAAGAAGGTTGGTCTGGTCCGCAATATCGTTGATAACACCGATAACAGTGCCAATGCTCTCTGCCTGTTCGCCCAGCATATCCATATCGTCCTTGAGGCGTACGGCATCTGCATACACACGTTCCGTCAGCTTGCGCGAATCGTCCACTACGCGGGCGCCTTCCTGCGCCTTGGAGCGTGCGGACTCGGCAAGGCTGGCCACATTGCCCGCGCCCTTGGCCACTTCTACCACAGACGCATTCATCTGCTCCATGGAGTGGGAAACCTCGCGGGTACGTTCCTGCTGCAGACGGCTGGCCGCAGTGGACTGCTCAACCTGCGCGGAAAGCTCTTCCGCCGCAGCGGCAAGGCTGTTGGAAATATCCGTGGCCTGCGCAGCAGAGCGCGATATCATCTCGTTATGCGAGCATATCTCTGCTTCCTTCTGCTTCAGGGTCGTCATATCCAGATACAGGCAGAAGCCACCGATACACTTACCACCCATGTCATAAAGGGGATACACGTTGGCAAGCACGTGGCGTACGCCGCCCTTGTGGCCGTTGATGGTCACTTCAAGGTTTTTGAAAACCTTGCCGTTATCAATGGACTGCCCTACCGCAGTCTTGCGTGACTTGTCGTTGTAGAAGATTTCGGCAAGTGTGCGGCCATACTGGCTTTCAGGAGTGGCATCAATTTCGAGCATCTCCATGCAGGCCTTGTTGGTGTACAAGGCGCGTTCCTTGGTATCCACCAGCAGGAACGGGGTAGGCAGCCCTTCCACTATCCCTTTCTTCAGCCCCATTTCGCGCAAGAATGCTGCGGCAAGCGCCTCCACTGCCTTGGCAGGAGCACCCGCTTCAGCACTGCCGAACCGGGCCGAAAAATCACCGTCGGTCATGGCGGTGGCAAATTTTTCAATATCCCCCAGAGAGGTGGATGCTCTCTTCACTCCAAACAGACCCAAGGCCATGCAGATGACCGAAACCAGCGCTACAGCGAGAAGCCACAGTTCAGCCGCACCACCGGCAACAAGGGCTCCCACAGACACAAGGATGACTGCGCATATTCCGGCCACCAGACTCAGCATGGCAAATCTCTCGGTTATCATAGTGCTCACTCTCTCCAAATGCAGGAAATTCATTAACCAATCAGACAGCTTTGCCTACCGCATTTTCCACTTCCCAGTCCAGTATAACCACACGAAATAAAATCGACAAATCTGCGTGATTCAATAGGGAAACCATGCAATATTGAAAAAAAAGAAGAATGGATTTGGATAGTTCTCATCCTGAAGCAGGAGAAAAAGGGGAATGGCAAAAAAGAAAGCCCGCCGCTGCGGGGGCAGCGGCGGGCACCAACCATGCTTCAACGTCACAACCGCGATTGAAAAGACCTTAGCCCAAAGTCTTCTCTGCGATCATGCGAAACTGTTTGAGTCCCTTTGAGTCTTGCCTGAACTCACTGGAAGGACATTTGGCACACGCTTCGCCGTAGCGGCGGTACAACGTGGCTGCCTTGCCATGGGAGATGTTCTTCCCGCCTCCGGTTACCACATTCCCGGAAGGGGTAAATTCCAATCCCATGCTCTTAGCCACCTCAAAAAACCTAACAGCAAACTCATCTGGCTTCATCGGGGAACCTCCGTAGCTCAAAGGGGTTTTTGCAGTTCAGCATGATGGCCGTCCACAATGGAACGGTAACGTACTCAATGCCTCAAACCCTCTCCAAAACCAGTCCGACCCACAGAATCTGGTCACGGACAGGACTGAGGACTTCTCCAGCACAGGTATAAACTCATAATCACTAGCCTACGTCAAGCGAATCAAAACAGGTTGAACACACAATTCAAACAAATCATTCTGCCGTAATTCCGTAACATCTGTGAACTTCAGCCTGGTCAGCTTCCCCGATCCACACAAAACTCATCACTCAAACAAGGGTGCAGGCACACCTTTCATCCTCCGGCCCACACCAGTGAATAGCCGCAACTGACGGAAACACAGAGTGGAATCGTAACAAGAAGAAAAAAGAAGCAGAAAATTCAAATTTACTGTTGACCAGTTAATAATAATCGTTACTATTTAGTCATGCAGAGCGAAAGCTCTCCCTTCACAAGGCATGCACC
NZ_CP087381.1_gap42	1186951	1187658	707	TCCACCACCAGCAGACCGCAGGCAAGGGGGTTATCCTCGTTGCGCTGAAAGCCGTCGTCGCGGGGTGAATATTCCAGCAGACGGTGAATGGTCTTGGCCTCTTCGCCGGAGGTTTCAAACATGCGCTTGGCCGCCCGCCCCGTGGGGGCACATAAAAGCACCTTGGCCTTCAGGGAGCGGAATACGCGGATAATGGCGTTTGTAATGGTGGTCTTGCCCGTACCGGGGCCGCCCGTCAGCACCATGACCTTGGCACGGGCCGCCGTGCGCACGGCATCAAGCTGTGCCTCGGCCAGATTGATACCGAGCTCGCTCACCACCTTGTTCACCACCTCGTCCGGACGGGGAATCTCGACAGACTTTGGTGACCCCAGCAGCTTGCGAAGATAGGTGGAAATGCCGGATTCGTAGGCGTGGAAGCGGGTAAGATACACGGCTTCCTCGTCGCCTTCGAGCGGTTCCAGCACCACCCGTTCTTCGAGCTTGAGCGACCGGATGGCATCTTCGATAAGATCGTACTGAATATCCAGATCGGCCGCGGTTTTGGCCACCAGCTTTTCCAGCGGGTAATAGACGTGGCCGTCGTCGGTGATTTTCTTGAGGGTATACAGCGTACCGGCCTCCGCCCGCAGCGGAGAATCCTTTTCAAAACCCAGTTTGCGTGCCACGGCATCGGCGGTGAGAAAGCCTATGCCATGAATATCCAT
NZ_CP087381.1_gap43	1356062	1360506	4444	CAGAAGGCGGTCAGCTTGCCCAGACCAAGGGTTCCGGCAAGGGAACAAGCCTCGTGGGAAATGCCTTCCATCATGCAGCCGTCGCCGAGGAATACCCAGGTATTGTGATCGACAACTTCAAAGCCTTCGCGGTTGAACTGCGCGGCCATCAGGCGTTCGCCCATGGCCATGCCCACTGCGGTGGCGATGCCCTGTCCCAGAGGGCCGGTGGTGGTTTCCACACCGGGGCAGATGCCGTATTCGGGGTGACCGGGAGTCTTGGAGCCCATCTGGCGGAAGTTTCTGATTTCATCCATGCTCAGATCGTAGCCGCTGAGGTGCAGCAGGGAATAGATGAGCATGGAACCGTGCCCGTTGGAGAGCACAAAACGATCCCTGTCATACCACTGGGGGTTGACGGGGTTGTGCTTCAGGAAGTCGTTCCACAGAACTTCGGCGATATCGGCCATGCCCATGGGCGCACCGGGGTGACCGGACTTGGCTTTCTGGACTGCGTCCATGCTCAGGGCGCGGACGGCGTTGGCGAGATGCTTACGAGAGGGCATTGTTTCCTCCTGGGAGAGATACAAAAATTCGTCTGCCGCACTCCTGCAAGGGATTTGGAGAGCGGACCATTGTATACGTCCGGACACTGCCGGACGTTCGCGCCGCCTGCTCGCATGGCGTGCCGTGCGGTAGCGGTTGGCAGTCAACTAGACTGTTACGGCGCATATGACAAGTATGAATTTGCCCCGTGCAGAACACGGGGCTTTTCGTCATTATGCCTTGGCGGCTGCGGCTTCGAAGGTCTTCAGACGCTCGGCGTAGGGGGGGAATCCGAAGAACGCGGAACCGGAAACCAGCACGTCTGCACCACGCCGGACCAGCTCTGCTGTGTTGTCGGGGTCCACACCGCCGTCCACCTGAATCAGGGTCTTCAGACCGCGTGCCTTGATCATGACGGAAAGGTCTTCAACCTTGCGCATGGTGAAGGGCAGGAACTTCTGGCCGCCGAAGCCGGGGTTCACGCTCATGAGCAGCACCATATCCAGCTGGTCCAGCACATAGTCCAGCATGGTGAGCGGGGTATGCGGGTTCAGCGCCACGCCGCACTGCACGCCCTGCCGCTTGATCTCGGCAAGGGCACGTTCCACATGCGCGGTGGATTCGGCATGCACGACAATCATGTCGGAACCGGCGTCCACAAAGTCGCCGATGTAGCGTTCGGGACGGTCAACCATCAGATGCACGTCAAAGAACAGCTTGCTGGCCTTGCGCAGGCGCTTGATGATGGGCGCGCCGAGGGTGATGTTCGGCACGAAGGAGCCATCCATGACATCCCAGTGCACCCACTTGCATCCGGCAGCTTCCAGAGCGGCCAGTTCATCAGCCAGTCTGCCGTAGTCCGACGACAGCAACGAAGGGGAAAGAATCATGATACTCTCTCATTGTTCGCCCGAGGGGTTGCATACCGCCGGGCAGTGTACCGTGTGAACGGGATGCTCATTCACCGGCTGCATTGCGCCGGTCCGAGCGGTAAAATTTAGCGGTAAAATCTATCTGAAGCGGCGCGGAGAAAGCATCTCGCGCAAGGATTCCAGCTCTTCTATCACTTCCTTCACCAGTCCGGCCTGCGGTGGGGCCGCCTGTTCGGAAGCAACGGGGGGTGATGCCACGGGCTCCTGCCCTGCTGCCCCCTGCGTCATTGTTGCACCCTGCGTCATTGCTGCAGCAGCGGCCTGCTGCGCATAGAACAACAACGAGCCCTGCATCTCCTGCACCAGTTGCTGCCCCAGCTGCTGACTCAGTTGATGACCGGGTTGCTGGCCCAGCTGCTGATCGGATTGCTGGTCGGCGTGTTCACCAGATTGTTGACCGGATTGCGCTGGCGATGCGCCCCCGAAGGGAAGCGATTCCGGCGTCACGTCATCCTGCTGATAGGCGGAAGCCTGGAGGCCGGATGCGGAACGGTTGGCCGCAACAGGAGCAAGTCCGTCATGATCCGGCATATCCTGATCCGACAGATGGGAATCGGACGAATCGGAACCGACCTGATCCGAACCGGCCACCGCAGATGACGGCCTGAAATCCGGAGGCACCCCCTCGCCCGACGCGATGACACGGGCCACGATGGCTTCTATGGATTGGGTGTCAGGCGCGGCCTCGTCCTCATCATCATGGGGACCAAGATAACCGCTCTGCCCTGTGCGCTGCAATGCGCTGAGAACGGCTTCGGCCAGAGCCGCGCTGTAGAGAGGCTGGGTGATTTCCGGAACCACCGCCTCGGGAGGGAGAGAATCCCCCTCCCCGAGGGGCAGCATTGAATCTTTTTGTTCGGCGAGAATCTTGCGCGCGCCTTCAATGGTCAACCCACGCTCATGGAGCAGATGCCGGATGGTACGCAGCATGGCAACATCCTGTTCTGAATACAGGCGTTGTCCTTTCTCCGTACGATGCGGGGTAAGCTGGGGAAACTCGGTTTCCCAGAATCTGAGTACATAAGTCTTCAGATTCAGCAGCTTGGCCGCTTCTCCAATCCGGTATGTCCTCTCCTGCATGAATCCTCCATCCGGGGGCTTGCCGTTTTCAGCCATGCCCGTCACTGCAGCGTTTCGGGCCATGCCATGTCGGGAGTGACATGGCGGGCTAAATGCGGACAGCCAGCGCCTTTTGCAGCGATTCTGCCACCTTTGCGCGTTCCTTGTCCACTTCCTTGTCCGTCAGCGTCTTGCTCGCGTGGCGGAAGGTCAGGCGGTATGTCAGGTTGCGTTCCGCAGCCTTGCCTTCTTCCGCCTTGGGAACGAACACGTCGATAAGCACGATGTTCTTCAGCAGCGGCAGCTTCATGCCTTCCACATGGTCAATCACCGCCTGCACGTTGAGCGTAGCGGGAGCCATGACCGTAATGTCGCGGCGCGAAGGCGGATACACGGGCAGCGACTGGAACTCGATGGCGTTCCTGGCGTGCAGGTCGCACAGCAGGTCGGTATCGAGATCAGCCATCCACACATCCTTCTTCGCATGGTAGGCATCGGCAATTTCCGGCTTCACGCGGCCGATAACGCCCACACGGGTGCCAGCCACGGTCACGGAGACGCAGGGAGACATCCAGCTGTGGTCCTTCTCAAGCTCGAAAGCAGGACGGCCGAGATGCAGGTGAGCCAGCAGATGTTCCGCATAGCCCTTGATATCCTGATAATCGGCTTCTGCCTGCACCTGAGGCCACTCGGCATCGTACCGGTCACCGTACACAAGCATGTTCAGGCGGCCGGATTCACGGGCGGTGGTATCGGAAGTGCTGTCAGCTTCGAAGATGTGTGCAAGTTCGAAGAGACGCAGACCGGTGTTGCCCTGCGCAAGGTTGTGGCGCAGGTTCTGCAGCAGGCCGGGAGCCAGTTCAGTACGCAGCACATCCTGCTCCGCGGTGAGCGGATTCATGATGGGAATGCGGGGCTCCTTGGGCAGGCCGAGATGATCGAGGTCCTTCTGTCCCACAAAGGAATAGTTGATGACTTCGTTCAAACCGAGGCCGCTGGCCCAGCGCTTGATCTTGGCCCAGAAAAGGTATTCGTTGCGGGCATCGTCGCGGGCTTCCAGAGGACGGCTCACCTTGGGCAGCACGGGGGCAATGTTGTCCATGCCGTATACGCGTGCCACTTCTTCAATAAGGTCGGCCTCGCGCTCGTAGTCCTGACGATGGCTGGGAGGAATGATCTTCCAGTCGGCAGCGTCGGAAACGTCCACGGAGCAGCCGAGCTTTTCCAGCGTCTTGCGGCAGAAGGCATCGGCAATGTCCACACCCAGCAGGTCGCGGGCACGCTCAGGGCGGAAACGCAGTACCGGCGCCTTCCACGGACGGGGTTCGGACTTGCAGATACCGGGGCGCAGCGCAGCACCGGAAAGCTCCGCCATCATGGAGGCGGCACGGTTCATGGCGAACAGGCAGTTCACCTGATCCACACCACGCTCAAAGCGGTAGGACGCATCGGAAGAAAGGCCGAGACGTCGCGCGGTCTTGCGCACGGAACCGGGACGGAACACGGCGGCTTCAAGGAAGACGCGGGTGGACTCGTCGTTCATTTCGGTATTCAGACCGCCCATGACACCGGCAATACCCACACAGCGGACATCGTCCTTGATCATCAGGTCAGACTCCTTCATGGAGCGTTCCTGACCGTCAAGCGTGACGAAAGTTTCGCCTTCGTTGGCGAAATCAACCACGATGCGGTTGCCTTCCAGCAGGTCAAGGTCGTAGGCGTGCATGGGCTGGCCCAGTTCCATCATCACATAGTTGGTGATGTCCACCATGTTGGAAATGGGGCGCAGGCCGATGGCAACAAGACGGTAGCGCAGCCACGCGGGGCTTTTGCCCACCTTGAAACCTTCAAGAATGCGGCCGTGGAACACGGGGCACTGGTCGGCGTCGGCGATCTCGATGGCGACATCGCGCGAGCAGTCCTCGCCG
NZ_CP087381.1_gap44	1362125	1364988	2863	GCCCTTACGACCGAGAAACGCAACACGCAGCTCTTCCAGAGCTTCCAATGAAGAGGCCTGGTCCAGGCCGCTTTGGAGCTCCTGGACCAGGCCTTCAAGTTCATGGGTCAGGTTCATACCTGAGATCCCTTCTAATTGAGTTTGGATTTGGCAAGTTCCGCCAGCTTGGCGAAATCTTCCTTTTCCCGAACTGCGAGGTCGGCGAGGACCTTACGGTTCAGTTCAATACCGGCCAGGTTCAGGCCATGGATGAACTTGCTGTAGGAGATACCGTGCAGACGTGCGCCTGCGTTGATACGAAGAATCCAGAGCTTGCGGAATTCACGCTTTTTGACCTTACGGTCGCGGTAGGAGTATACTAATGCGTTCTCAACTGCTTCGCGTGCAGTGCGGTACAGTTTGGAACGGGCTCCGCGGTAGCCCTTGGCCAACTTCAGATATCTTTTATGGCGGCGATGTGCAGCCATGCCTCTCTTGACGCGCATGGAAACCCTCCAGGGTCTTTGTCACTCCGTGAGGCGAGAGATTTAAGCCAACGGAGTGCGTGTAAATTGTCTGAGCCTGTGACAGATGCAAACTACGCCTTAGGCGTAGGGCATCATGCGGCGTACTGCTTTCTCGTTGGTAGAGTCCACGATAGCGGACTGACCGAGATTCATCTTACGCTTCGCACTCTTCTTCGTCAGGATGTGACGCAGGTTCTGCTTGCGGCGACGGAACTTGCCGCTGCCGGTCACAGAGAAGCGCTTTGCAGCGCAACGCTTGGTTTTGATCTTGGGCATGGTATTCTCCTTACCGTATTGTGCCTGTGCCGCCGCGCCACAAGGACGCGCCAGCGCAAAACGCGACAGAAAACCCCCTGCATTTGCAGGGAGTTTTCATGAAATTCCTCTTGAGCAAACGCTACTTGCACCCATAAGGGCACACAGAGCGGGGATATTGCGATAAAATCCCGCGCAAAGCAAGCCCCAAATGCACCTATTTTTTCGGCAGGGGTACCAGCAGCATATGCAGGGTACGGCCTTCCGAACTCGGAGCCTGCTCAACCTTGGCGATGTCTCTGGTATCTTCAACCACACGCTCAAGGATGACCTGCCCGCGATCCTTATGGACGATTTCGCGCCCACGGAAGAATACCGTCACCTTGCAGCGGTCGCCTTCTTCAAGGAACCTGCGGATGTGCTTGAGCTTGGTCTGGTAATCGTGCTCGTCCGTCTTGGGGCGAACCTTGATTTCCTTGATCTGCACAACCGTAGCATTACGCTTGGCTTCCTGCTTTTTCTTGCTCTGTTCAAACTTAAACTTGCCATAGTCCATGATCTTGCAGACCGGCGGTTCTGCATTGGCGGCAACTTCGACAAGATCAAACCCACGCTCTTTGGCGAGGTCGATGGCGGCGTTACGGTTCAAAATCCCCAACTGCTCGCCCTGATCATCGATAACACGCACTTCGCGCGCACGAATCTGTTCGTTGCGACGCGTCATGTCCTGCGGCTCTGGACGCCGGTTCTTAGGAAAAGCGATAGCTCATCCCTCCGTTGTTGAACGGTTCCTCACAATCAGCCTTAATAAGCTCTACCACTTCCTCAAGAGTCTTGAAGCCGAGGTCCTCACCCTTGCGAGGGCGGACACTCACACCTTCAGACTCCACCTCCTTATCCCCGATGACAAGCATATAGGGGATCTTCGCAACCTGTGCCTCACGAACCTTAAAGCCCAGTTTTTCGTTGCGGACATCGGCCTCTACACGGATACCCTGCTTGGCCAGAATGTCTTTCGCTTTCAGGGCGAAATCAGCATGCGCGTCGGTAATGGGAAGCAGGCGTGCCTGAACAGGTGCAATCCAAGTGGGGAAAGCACCTGCAAAATGTTCGGTCAGGATGCCGATGAAGCGCTCCACAGAACCGAGAATGACGCGATGAACCATAACTGGTCTATGCCGTTCACCATCCTCCCCGATGTACACCAAGTCAAAACGATCAGGCAAGGTAAAATCACACTGCACAGTTGCGCACTGCCATTCACGGCCAAGACAATCGCGCAGCTTGATGTCGATCTTGGGGCCGTAGAACGCGCCGTCGCCCTCGTTGATGGCATAGGGCAGACCCACGCGGACCAGAGCTTCGGTCAGTGCATTGGTGGCCAGATCCCAGTCGGCATCGGAACCAATGGACTTTTCAGGACGGGTGGACAACTCGAGAGTATACTCGAAGCCGAACACGCCCATCACGTCGCGCACGAAGTCGAGCACGCCGATGATTTCGTCCTGCAGCTGGTCGGGACGGCAGATGATGTGTGCATCGTCCTGCGTGAACTGACGCACGCGCATAAGGCCGTGCAGCACACCGGATTTTTCGTGGCGATGCACCACACCAAGCTCGAAGAAACGCTTGGGCAGTTCGCGATAGCTGCGCAGCTGCGACTTGTAGATCAGCATGTGCGCAAGGCAGTTCATGGGCTTTACGCCATACGGAGTTTCGTCAATTTCCGTGAAATACATGTTCTCACGGTAGTTGGCGTAGTGGCCGGAACGTTCCCAGAGTTCGCGCTTGAGAATCTGCGGACCCTGCACGATATCGTACCCGCGCTTCAGGTGCTCTTTGCGTTCAAAATCTTCGATAACAGTACGGATCAGCGCGCCCTTGGGATGCCAGTAAGCCATACCTGCGCCACCTTCCTCCTGGAAGCTGAACAGGTCGAGCTGGGCACCGAGCTTGCGGTGATCGCGCTTTTTCGCTTCTTCCAGCATGGTCAGGTACTTCTTCAACTCCTTGGGGTCGCTGAAGGCGGTACCGTAAATGCGGGAAAGCATGCGGTTCTTTTCGTTACCGCGCCAGTAGGCCCCTGCCACGCTCATGAGCTT
NZ_CP087381.1_gap45	1493084	1494654	1570	CCGGGCGCTCCGTATCGCGGCCCAGACTGTAGAGAACGTGACGGAGTATATCCTGCTTCAGCGACTCTGCAGGTCTGGTGGCTGGCGCTTCTGGTAAACGACTTTTCCTGTTTCCGGAATTTTGCGATGTCATAAAGTCCTCCGCTAAAGAGCTGGGGATGAACCAAGGTTTCAACTATATACGCCCTTCTCTTCAGCAGAACATGATAACATGAAAAAATCTGGCCTGATGGAGTTGCCCCTGCGCCCATTCCGGAAACATTCATTCGGATAATATTTCGCCCCTGAAATAAATAGCTTTACAACGTCGGGGAATCGTGTAGATATACCTCTCTCGCGTGACCGGACTTGAGCCATTCCCTCACATCGCCTGTCGTATGCCTCTAGGTGCATACGTAAAGAGATAGGGCGATACTGTTTCGCATCCTACCCGAATCATTAGACTCCCGTCCAGAGCCCAACAAGTCACCACCCGAACCGCCTCGTGCCCTGCCCTATTCAATAATTCGGGCACGCCCCCTGCGGTCGGACGCGCAACCGACAGTCACGCACGGTTGCCCCACTCCTTCCAACATATTTTCAGGAATCCACGTGAGTTTTGAATCCTTTTCTTTCGACCGGCGCATAGTCTCCGGCATCGTTGCGTGCGGGTATGAAACCCCCACCCCCATTCAGGCGGAAACCATCCCCGCCATCCTTCGCGGCCAGGACGTACTTGGCCTCGCCCAGACCGGCACCGGCAAAACCGCAGCGTTTGCCCTGCCCATTCTGCAGCACCTGATCAACTCCGACGCGGACCGTCGCGGCCCCGTGCGCGTGCTGGTACTTGCTCCTACCCGCGAACTTGCTCTGCAGATTCAGGAATCCTTTATTGCACTCGGCAAACAGACCGGTTACCGCAGCGCCGCCGTTTTCGGCGGTGTGGGTATTGTTCCGCAGATCAAGGCCATGCGTTCCTCCGCCATTGCGGTGGCTTGCCCCGGCAGACTGCTCGACCTTGCCAAGCGCGGCGAATGCAACCTCTCCGAGGTAGACATTCTTGTGCTCGACGAAGCGGACCGCATGTTCGACATGGGCTTTCTGCCCGACCTGCGCCGCATTCTGGCACTGCTTCCCGCAAAGCGCCAGAACCTGCTCTTCTCTGCAACCATGCCCGGAGAAATCCGTTCGCTGGCCGGAGAACTGCTGCGCGACCCCGTCACCGTGCAGGTGAACCACACTGTGCCCAAGGCATCCATCGAGCATGTGGCCTACAATGTGCCTTCCCGCCAGAAGACCGGCCTGCTGCAGGCCCTGCTGAAGGAAACCGCACACGAAAGCGTACTCGTCTTCACCCGTACCAAGCATCGCGCCAAAAACGTGGCCCGTTTCCTTGGTGAAAAGGGCTGGCTGGCTACCGCACTGCAGGGCAACCTGTCGCAGAATCGCCGCCAGGAGGCGCTGGACGGTTTCCGTGCCGGCAAGTACAAAATCATGGTTGCCACCGACATTGCCGCTCGCGGCATTGACTGCTCGAGCATTTCCCACGTCATCAACTATGACGTGCCGGATACTGCGGAAACGTACACCC
NZ_CP087381.1_gap46	1505851	1507319	1468	TCGACAAGGAACTCAACGCCCACTACCTGAACCTGCTCGTCACCGCGCAGAACAAACTCTGGGCGCAGGCAGCCTTTGATGCGGAGCGGGCATACGAGCGCATACGCAGGCAGATAGGCCAACCTGCATAGCCCCGCAGGACTGCACGCCATGCCCGCCAAGCGTGGTAGGTGCGATTGATGCGTCATGCCCGCCATAGCCGCCATGTGTGGCAGATGTGACAGGCACGACAGGCACGACAAGCACGGCAAGCACGACACCGTACGACAGACACGGCATAGACCATTTGTAAGAACCCTTCCGTCACGCCGCCGCATACAGGCATCCCCTGCGCACTTGCGCAATCTCGCCTTTTCCCGTACCAATCCGGCACAGCGGGACCTACCCCCAACGTGTATATTCCTCGTCCCGCCAACTTTCCGGAGCATTGCATGGTCGATATTCTTAATCTTACCTTTTCCGAATTGGAAGCCTTTCTGGTAGAGCGCGGCGAAAAAGCCTTCCGCGCCAAGCAGATATGGCAGTGGCTGTGGAACAAGTACACGCGTGATTTCGACGCCATGACGAACGTTTCCAAGCCTACCCGCGCACTGCTCAAGGAGCAGGCTGCCATTATCTGGCCCGAAGTGGTGACCATGCAGAAAAGCAAGGACGGCACCACCAAGTTTCTGCTGCGCCTCACAGACGGCGCGCTGGTGGAAACCGTGCTCATTCCCGGTGCCAGCGGCAGGCTCACGCAATGCCTCTCCTGTCAGGTGGGCTGCGCCATGGGCTGCACTTTCTGCTCCACCGGCACCATGGGCTTTGAACGCAACATGACCATGGCGGAAATTCTGGGTCAGGTGCTTGTTGCCCGCGAATATCTGCAGGACGATGCCGCCAACCCCATTCTGCGCAACCTCGTCTTCATGGGCATGGGCGAACCGCTCCTGAACATGAAGGAACTGATGCGCAGCCTCGAAAGCCTGAACAGCGTGCTCGGCCTGCAGTTCTCCCCGCGCCGCATCACCGTTTCCACCTGCGGTATCGAAAAGGGCCTGATGGAACTCGGCGAAACCGGCCTTGCCTATCTGGCTGTGTCGCTGCACGCCCCCACGCAGGAACTGCGCAAGCAGATCATGCCCAAGGCCGCCAACTGGCATCTGGATGATCTGATCACAGCGCTGGAAAATTACCCGCTCAAAACCCGCGAGCGCATCACCTACGAATACCTGCTGCTCGGCGGTGTGAACGATACTGAGGAGCATGCCCGCCAGCTGGTAAAGCTGGTTTCCCGCACCAAGGGCAAGCTGAACCTCATCGTCTACAACCCCTCGGAAGGCGATCCCTACAAGGCCCCCACCGAAAAGGCCATCCTCGCCTTTGAACAGGTGCTGTGGTCCAAGAACATCACCGCCATCATCCGCAAGTCCAAGGGCGCAGATATCAAAGCCGCCTGCGGCCAGCTGAAGGCATCACAGCAGCAGGA
NZ_CP087381.1_gap47	1550656	1555144	4488	ACAACAGGAAACAATGAAAAGACAAGTTTCCAGCGTGGAAGACGCGGTTGAAGATTATATCGATGATGTAAAAACGATCGCACAGCTCATTGCAACTGAGCCTTCCTCCCTTACTGCACTGCGTGGCAACGCGCAGGCTGCAAGCGTGCACATTAATCACTTTCTCCAAAACAATCCGGACTACTGGGCTGCATTTGTGTTTGACGCCAATGGCAAAATAGTGGCCGGAAGCAATGCCAACGGCACAAACCTTGCCGGAGAAGACCGTAACACGCGCGACTACGTGCACTCCGTCCTGTCAGAAAAACAAGTGGTAATATCGCAGGACATTCTCATGTCCCAAAGCGGCAGTGCCTACATCTTTGCCGTTGCGGCACCAGTACGGGACGAATACGGCAACGTTATCGGCGGAGTGGGCATATTCCCATTCTGGCACAAATTCACGGAGCGCTATCTTGATAACAGCAGGATAGGCGAAGAGGGTTACGGCTACATGCTTGATGCCAAGGGACGCGTCATTGCGCACGCCATCGACAAAAAGCTGATGCTCAAAGATATGCGGGGCTATGACTTCATCAACACCATCCTGGCGGAAGGCAGCGGCGCAACACAATACGAATGGGAAGGCCGCGCCAAGCGCATGTCCTTCAAAACCATCCCCGCAACCGGCTGGATTGTGGTCATGAGTGCCTATGAAGATGATCTGGCGGCTCTTGCCATAAAGCAACGAAACTATCTCGCCATAGGCGGCGTTGCCGTGGCGATACTGCTCATTGCCCTTGTCGCGCTGATGCTGCGCAGAGCGGTCATCATCCCTGTGAATCGCATGCTCACCTTTGCAGGACGTATTACTGACGGCGATTTCAAGGCTGAACTTGAGGGGGAATACAAATATGAACTGGCCCTTCTGGCGGACAAACTGGGAGTGATGGTCGCGGACCTGAAACACAAGCTCGGCTTCTCGCAGGGGGTACTCAACGGCCTGAATGTACCATGTGGCATTGTCGGGCCGGATTTCCGCATGGTGTGGGTCAACAAACACCTCTGCACTCTGCTTGAAAAGCCTGAAGCCCCCGAGAAATACGCAGGAATCAAGTCGGGCGAAATGTACTGGAACGACCCGGGCAAGGACACCCTTTCCAATCGTGCGATCAGAGAAAACTCGGCCCTGCAGCAGGAAGCCGTATGGGTGGGGCCGTCCGGAACGACCAAGCATATCAAGGTGGATACAACTCCCTTTCACGACATGGACGGCACCATGCTGGGCTCTGTCTCCATCTGGACGGACCTGACGGAAATCCGCATCCAGCAGGAAAAGATCAGGCAGCAGAACGAGCGCATCGCCCATGCGGCCATTCAGGCCAATCAGATATCCCACCAGCTGTCGTCCGCTGCCGAAAGACTTGCCGCACAGATAAACGAGGCAAACACCGGTTCCGGTGTTCAACTGGAACGTGCAGGGTCCACAGCCACGGCAATGGAAGAAATGAATGCCACCATTTTTGAAGTAGCCCGCAATGCAGGCTCTGCAGCAAAAGACGCTTCCACTGCCAAGGATAATGCACAAAACGGGGCCGATATCGTCAGTAAAGTGATTGAAGCCATCAGCGCGATTCACACCAAAGCCGAGGGGCTGCGAATCTCCATGGAAAAACTGGGGACACAGGCAGAGAGCATAGGCGATGTCATGAATGTCATCAGCGACATAGCTGACCAGACCAACCTGCTCGCCCTCAATGCCGCCATAGAAGCTGCCCGTGCAGGCGATGCCGGACGCGGTTTTGCCGTGGTGGCCGACGAGGTCCGCAAACTGGCGGAAAAAACCATGCGGGCCACGCTTGAGGTAGGTGAGGCAATTTCCGTCATGCAGAACGTGGCTGCCAGCAACGTGCACGCCACAGGCGAGGCTGCGCAGGCGGTTTCCAGCAGCACAGAACTTGCCCAGACATCGGGCGAAACGCTCAGGGAAATTGTCACATTGATTGAAACGGTTGCAGATCAGGTGAGCAGCATTGCCACGGCAGCAGACCAGCAATCTGCCGCCAGTGACGAGATCAACCGTTCCATGGATGAGATCAACCGCATAAGCGAAGCAACCGCCGGACTCATGACGCAATCGCTGGAGGCCGTGCAGGGCGTGTCCAAGATGGCATCAGAACTGAACAGAGTCATCGCGGAAATGTCGTCCGAATAACCCGCCAGCGGTTACAGACACAATATCTGCACTGGATCTTTTTCCGGAGGCCCACTTTCGGAAAAACAACGGGGTGAGACGCACACTTTCCCCCATCACGCTCCTGCCGCTCACAGCGGGAGCAGCAGGGCCAGTCCGGCCACCTACCGGACTGGCCCTGCATTTTCAGCTCAGAACCAGAATAGGTTGCACCGTTACGGTGCAACCCTTCACATTTTCGTTGCGTCCCCAAGGAAATTTGCCCCCTGTCGCCTGCGCGTGAATGACAACAGGCAATTACCACCCAGTATGTATGCGTTGTTTACACGGGAAGATGTCATTGAAAAAGGCGCAAAAGAACTGAAACGGTGTCTTCAGGCGCGTCCTTTGGAAAAGACGTTGTACGAGATACATCACTCTTCAAAGAATAGCGCGCAGGCAACCGGAAGATCGCCTGTCACAGGTCGGGCCGTCACCAAACAGCACGGTGCATCCTCACCTCCGGGCAACGTGCCAATGCTATGACCGACGGGACACCGGAAAAGGCCCATCTTTCATAGCCACAAGAAAGAACGGAATTGCCGCAACAAGAAGCGCAGCCATAATGCCAAAAGCCCAGCCGCAACCAAGCATCCCGACGAGAATACCACTTACTATCGGGCCTGAAGCGTGCCCGATGTCGAATATGGTACCAAAAACTCCCATGGCGGTGCCGTAGTGCTTCGCCTTGCAGAGGTCGGCAACGAGCGCCGCAGAGGAAGAGGTGACAAGGGCTTCGCCCAGTCCGAAAACCATGCAGGCCGCAAGCAAGGTCCAGAAGCTCGTCAGCATGGGAATCGCCGCAAATGGAACGGCACAACACAGCACACCTGCGACAATGACACCGTTTCGCCCATGTCCATCAGAGAATCGCCCCATAACCGGCTTGGCGAGCATGGTGGTCACAACCTGACCTGCCCACAGAATACCTGCTTCAAATGCGGACAGTCCCGCCACTGTGACAGCGTAGATTGGCAAAAATGCTTCCAGCGCCCCCATGGACATATTCTGCACGCCTTCCATGGCAGATGCGGCAATGACCCTGCGGTCGCCCGACACCTCTTTAATGCCCGTTACAAATTGGGTGAAACGCGACCCTGAATGCGCATCGGAGACAACGCGCTCGTCTTTGAGCAATATCCTCATTCCAAGCAGCAGTGCTGCCAACCCGGTTGCCGCGACCACGCCGTATATGACTTGAAAAGTTGTCTGCGTGGCGCCCTGCGCTCCCCCCAGAAGGGAGACAAGCAAGCCCCCCACCGGGGCGCCCGCCAGCGTGCCCATGATGGCAACAGACGAAAACCAGGACAACATCTCACCTTTTCTGGCTCCAGCCACATCGGCGACCACCGCCATGGCAACGGGGCCATAGATGGCTGTGGCGAAGCCGTGCAGAAACCGGACTGCCACCAGCGCCTCGTAGCTTGCGACAAGCAGGTAGGCAAAAGGGATGATGGCAAAAAAACACAGCCCTGCCAGCATGGTTTTTCTGCGTCCAATTATGTCCGAAAGCGCTCCTGCGGGCAGCTTGAAGAAGATGCCTGTCACAGTTGACATGCCTACGGCAAGCCCAATTGCCTCTGGACCTGCCCCCAGGTACAGCGCAAAAAGCGGAAGAACCGGATTACGGGCCAACGCATAAGAAAAGCGCGCAAGAAAGCCTACCGAGCACAGAGCGGTAATGAGTGATGTATTCACTTTATCCCCTTGGTATGTAACGGCATTGAACAACACACTCACAATTCTTACATGCAACGTGTCAACTGACATATATGAACTACGTTCAGAATGTCAATTGACACATTTCACCTAATGCCTATATCACAACTGAAACACCGCAACAAAAAACTTGTTGCCATACGTAACCAAGCAATAGCCGTGCTCAATACGGCAGCAGGAGAAAGCTATGCCCGAGCTGAATGTACACATTGCCTCAAGCGTGGCCCGCACCGGAAAGGAATACCGCGAGGTTCATGAATGGATCGATGCGCCTGACACAAAATATGAAAGGCATGATTTTTCGAAAGTTCTTGTCAACGCAGCCATGTTCCGCGAGAAATATGGTGAGGAAGCTGCGCAGGAATATGTGAACCATCTGGTCGATGACCTGAAGTGCCGATTCGGCAAGCAGATTGATAGTCATGTTGCCAGCATGAAAGATTGTCTGAAATATTTCGGAGGCTAGTTTTCAAGGGGTCGGTGAGAGTTCACCGGCCCCGCATTGTAACTCACGGAGAGAATAGCCATGTCTGATCGAATTTCCCCCATTGAGCTTG
NZ_CP087381.1_gap48	1557867	1559992	2125	AATCATGTTAGGTGGATTTGTTTTTCACGGCTCGACAAAACGCCAGGTGCATAAATATTATGCAATCAACTATTTGATTTTTCACATTTTTTTGGGATTACCCTATCAGCATTCCCTCATTTCCGGCTTTACCATATTTCTCACCTCGCCTGTCCCCCTGTACTGCTCACAAAAGCATCGCATGCTGCAACCGCACATGGTATCAACATATTGATACCATTATATCCCTGCAGTGACACTCTCCACATTACGTATTAGCACACGTACAGAAGCGCGTTGCAGGATAACACCGGTTACTATGCCCTTACTGTCATGACAGTACACACTCAATATGACGCACTAAATACCTAACATACATGTAACGCCATTTGATACGTAATCGTGATACCTATGGTATATTGGGGACAATATGCATAATAAATAACTTTTTTACTAACACATAAAATACATATTGTGCTACGTTGCCTCCAAAATCAGGAGGATCCCAATGGCTAAGAAGATAATCGTATCACGCCGTAATTTCCTTAAAAATACGGGGATCGCAGCCGGTGCCGCGGCCCTGAGCACGATTGCCCTGCCTTCGGCAGAAGCTGCCCAGCATGCGAGCCATATGAATGATTCGGGTGTTAATCTGCACCGGGCAAGAATGTTTTTCACCAACACGTTTGAATTCGATATCCTTTCCAACGCTGCGGAACGCATATTCCCCAAAGATGAAAGTGGCCCCGGTGCCATTGATCTGGCCGTACCATATTTTATTGATAACCAACTGGCTGGTGCCTGGGGCTATAATGCTCGGGAATACATGGCAGGACCGTTCGCACCGGGCGCCCCCACGCAGGGCCCCCAGACAGCCCTTATCCGCCGCGACCTCTTTCAACAGGGATTGCTTGCCATCAACGCTGCTGCCCGCAAGCAGTACAGCAAAAATTTCTCCAATCTGAAAGGCCCAGAACAGGACGAAATTCTCAAACAATGTGAAGCCGGCAAACTGCCGACGGAAGGTTTCACTTCGTCCTACTTCTTCTCAGAATTACGCAATGCAGTGTTGGCAGGTGCCTATGCCGACCCCGCATACAACGGCAACAATAACATGGATGGATGGCGCCTGAAGGAATATCCGGGTGCTCAGATGAGCTACGCTGATATTATCGAAAGCGACAAATACGAGAAGATGGACCCGATTTCGCTGGCCAGCATGCAGTAAGGAGAGCAATCATGGCGAAAGAGCTCAAGAAAGTTAATGTGGTTACTGTGGGCGTGGGCTTCATGGGCGGTGTTACCCTGGCGGAATGCGCCAAGGCTGGCCTGAGCGTTGTCGGCCTGGAGCGTGGCGCTCCCCGGGGTCTGGAAGACTTTTTGGAAATTCATGATGAGTGGCGCTATGCCATCAATTATGGCCTTATGCAGGACCTTTCCAAAGAAACCATCACCTTCAGAAATTCCGAAAGTATGCCGGCCTTGCCCATGCGGCGTCTCGGTTCCTTCTGCCTGGGCGATGGACTTGGCGGTGCCGGTGTGCACTGGAACGCTATGAACTACCGCTTCAAGCCCTACGATTTTCAGATCAAAACCCTGACTGAAGAACGTTACGGAAAAAACAAGATTGGTCCCGATTATCAGCTTCAGGACTACCCTCTGACGTATGATGAAATGGAGCCTTACTTTACACAGTTCGAATACGCCATCGGCGTTTCCGGTACCCCCGGCCCCTTTGACGGCAAGCGTTCCAAGCCTTGGCCCATGCCTCCGCTGGCAAAAACGCCTGCCATGAAGCTTTTTGAAGAATCGACCAAAAACCTTGGCTATCATCCGTATCCCATTCCGGCTGCTATCGCTTCCGAGCCTTACACCACATCGGACGGGATGCAGTTAAACCCATGCCAATACTGCGGATATTGCGAACGCTTTGCCTGCGAATACGACGCAAAAGCACAGCCGACCAATACGTTCATTCCCGCAGCGATGAAAACCGGAAACTGCGAAATCCGCTGCCACTGCAATGTGGTTGAAATCCTCCACAAGAACGGTAAGGCCAGCGGCGTGCGGTATGTAAACACGCTGACACAGGAAGAATTCATCCAGCCTGCCGACGTTGTGGTGCTTTCCAGCTATGTCCTCAACA
NZ_CP087381.1_gap49	1589219	1593829	4610	CTTCTTCTCATGCTTTTTGCTGGTTTTTCCGTATTGGCAATCAACCACCGCTGGATGCTGTGGCTGGGGAAAAACACCATGGGCATATATCTGCTTCATGCCCCGATCCTGCTCAAGGTACTTTCACTGGGTATCAACCGCGTTGTCACAATCCCCCTGCTCTCCTTCTTCCTGATCGTCGCCGGTGCGGTTGCCGCCTCAGCCGCAGGTATATGGGTTCTGCGCCGCATCCCCGGCGGCAGCATACTGCTAGGCGAAAAGTAGCTCCTTCCCCCCCTGCCTGCAAAGTCGGCACTAATTTTTATCTAAAAATAACAATTCTGTTATTTTCGATGAGCATCATCACCCGCGCTAAGCGGAATTATGTCAATTCCGTCAATTTTGACTATGCGTTTTGCAGAACACACAACGCCATAGCCAATCCCGCACCCCCTGTCCTTGAGTGGCTATAATCAACAACATCAGCATGATAGCAACTCATTAAGAAAGCAGGCCCGCCCCCCTGCGGACACAGCCTCACGATCTTCACAAACACATCAACACACTGAAATAATTTAAACTACACTTCCATCACCGCCTGCCCATCTCCATAATTTCCCCCATCACATTTGCACGATTGGCATATTGTCAATTTTAGCAAAAGTATGCAAACAACCAACTTGCCACTGTATTTTAATGGCAAACGCAAGATTTACGCAAAAACTACCGTTTTCCACGACAACTGCGGCAACATGCGCATTCCGCATTCTTCACAGCAGCGACCGGGGCAAACGCATTTACGAACAAAGAGAGGGACACACCATGTTTGAGGCACCATATCTTCTTTTCCTCGGCGATGCCCCCGACGGCCTTGCAGCCAAGATGGCACAGGGCATTCACGACTGGAGACCGGAAGCTTCCGTTGGGCAGTTCCGCATGGAAGGCTGCAAGGCCGACCTTGGAATTGCAAATTTGTCAATCAAGGAAGCTGCGGCAGCCGGTGCCAAGACGCTGGTCATCGGCGTGGTAAACCGTGGCGGCATTATTTCCCAGAGCTGGAAGTCCGTTCTGATCGAAGCTCTGGAAGCGGGCATGGACATCGCATCCGGCCTGCACAATCTTCTGCGCAATGAGCCCGATCTGGTCGAAGCCGCAGCCAAGCATGGCCGAAGCCTGTTTGATGTGCGCATTCCCACCGTGCAGTATCCCATTGCCAACGGAAAGAAGCGCACCGGCAAGCGCTGCCTTGCCGTGGGCACCGACTGCTCCGTCGGCAAGATGTACACCGCCCTTGCCATGCACCGCGAAATGCAGGAACGCGGCATGAAGGCCACCTTCCGCGCCACGGGCCAGACCGGCATCATGATCGAAGGAAACGGCGTGCCGCTGGATGCCGTGGTTGCCGACTTCATGGCCGGTGCTGTTGAATGGCTCACGCCTGACAACGAAGCCGAGCACTGGGATCTGATCGAAGGCCAGGGCAGCCTGTTCCACGCCTCCTATTCCGGCGTGACCATGGCCCTTGTGCATGGCGGCCAGCCCGATGCACTGGTGCTCTGCCACGAACCTACCCGCCCGCACATGCGCGGCCTGCCTGACTACAAGCAGCCTTCGCTGGAAGACCTGCGTGATGTGGCACTGCGTCTTGCGCAGGTAGTCAACCCTGCGTGCAAGGTGGTAGGGGTTTCCGTGAACACGCAACATCTGCCCGAGGCAGAAGCCTTCAAGTATCTTGAGGAAGTGGAAGCCGCCATGGGCATTCCCGCAATTGACCCCTTCCGTCAGGGCGCAGGCCGCCTTGTTGAGGCATTGGCATGCATCTAGAAACCTACAGGGACGTTTTCCGGCTGGCCAAGGCATTCACCATTTCGCGCGGTTCCCGCACGGAAGCAGTGGTGGTGCGCGTAGAAATCACCGACAACGGCATGACGGGGCGCGGAGAATGCGTTCCCTACGCACGCTACGGTGAAACCGTGGAGAGCGTGACGGAGCAGATTCGTTCACTCTCCATGCCCGTAAGCCGGGAACAACTGCAGACCGCCCTGCCCGCAGGTGCGGCACGGAATGCCGTGGACTGCGCCCTGTGGGATCTTGAAGCCAAGCTCTCGGGTAAACGCGCATGGCAGTTGGCTGGGCTTGCTGCCCCCCAGCCGGAAACCACCGCGTTTACCCTGTCTCTTGATACGCCCGACAACATGCGGGAAGAAGCCGCAGCAAACGCCCACCGCCCCCTGCTGAAGATCAAGCTGGGCGGCGAAGGCGATATAGCACGCATAGAAGCTGTGCGCGCCGGTGCGCCGGAAGCCCGCATCATCGTGGACGCCAACGAAGGCTGGACTCCCGAAATATACAATGAAATGGCTCCGGTGCTGCTCCGGCTTGGCGTAGAGATGGTGGAACAGCCCCTGCCCGCTGCCAGCGACGATGCCCTGCTCGGGCTGGAACGCATTCTGCCCGTCTGCGCTGATGAGTCCTGCCACGACCGTGCATCGCTTTCCAAGCTTGCAGGCAAGTATGACATCATCAACATCAAGCTCGACAAAACCGGCGGCCTGACCGAGGCACTGGAACTGAAGAAAGCGGCGCTCGAAGCCGGTTACGGCGTCATGGTCGGCTGCATGGTCGGCTCGTCGCTGGCCATGGCTCCCGCCGTACTCGTGGCACAGCATGCCGCAGTGGTTGATCTGGATGGCCCTCTGCTGCTGGCCGAAGACCGCAGCACTCCCATAGATTATGATGCCGGAAAAATATGTCCTCCGGCACCGGAACTCTGGGGCTGATACCCCCGGCATTCCGTTAACGCGGAATGAGCATGAGAAAGGAAACGAACATGAGTCGTATAGTATATGTGAACGGCGCGTATGTGCCGGAAGAAGAAGCCACCGTTTCCGTCTTTGACCGCGGCTTTCTGTTTGCGGATGCAGTATATGAAGTAACGGCCGTGCTGGATGGCAAGATCGTGGATTACCCCGGTCATGTGGCCCGCCTTGAGCGTTCGCTTGGTGAACTGCAGATGGGCATGCCCTTCTCGAGCGACGACCTGCTGGAAGTGCACCGCGAACTGGTCAGACGCAACAGTATGGACGAAGGCGCCATCTACCTGCAGGTCACGCGCGGCGCAGCCGACCGCGATTTCGCCTTCCCCAAGCATGCCGAACAGACCGTTGTGCTCTTCACGCAGGCAAAGCCACTTACCGGTGCCAAGAAAGGCATCCGCGTCATCTCCCTGCCCGACATGCGCTGGGGCCGCCGCGACATCAAGACCGTGCAGCTGCTTGCCCCCTCCATGGCCAAAATGGCCGCCAAGGCAGAAGGCAAGGATGACGCATGGCTGGTGCAGAACGGTTTCGTGACTGAAGGCACCTCGAACAATGCCTACATCGTCACCAGGGAAGGCAAGATCGTCACCCGTAACCTCTCTTCCTCCATCCTGCACGGTATTACCCGCGCCGCAGTGCTCAAGCTCGCCGCCGAACGCGGCATGGAAGTGGAAGAGCGCCCCTTCACCATCGAAGAAGCCCAGCAGGCAGCCGAAGCCTTTGTGACCGCAGCCACCACCTTTGTCTGCCCCGTCATCGAAATCGACGGCGTGGCAATCTCCGGCGGCAAGCCCGGCCCCGTGGCAGAACGGCTCAACGAACTCTACATTGAAACAGGCCGCAAAAGCGCGCTGTAGATAGCAACACCACAACCCATTCCGCTTGCACCCGCCGGTGATTCGTCACCGGCGGGTGCCTTGCTTTTCAGATTCAGGCCCTGCGCACGTCAACAGTGTTGTCGTTCAGGGTGGTTGCCTCGCCGATGTCGGAAAGACGCTCGTGGTGCAGCGTATTGACCAGATTGCCGTTGGCAGACTGCCTGCGGGCAAACACTCCGGCAGCAGCCACCGCGCCCTGTGCAACCAGTGCGCTCACCAGCACGGTGAAGGTGACCTCGCCAAGCTCGTTGAACGCGACAACGGCATCGCCGTCCGCAATGCCCCGGGCGTCGGCGTCGGCAGGATGCATGACCAGCGTCATCTCGCCCCGCCGCTCCACCAGATCATCCCGTTCAAGGAATATGGAATTGAGCGTTTCCGAACTGGGAACGGCGATGAGCCGGAGGGGGTGTGAACCTCCATGACACTTCTGATAACAGGGTACCGCAAACTTCTGCGCTGCGTTCACGATCATCAGCTTACCGGAAGGTGTCTTCCAATCGTCATGCGCGGCAAAGGGCGTGGAAACCTGCCCGCCGGTGCGCAGCGTACTCCATTCCTCATCCGTAAGATCGGACAATCCCTGCTTCGGGTGGTCCAGCAATTCTTTGAGCAGTTCCTCTTCGGTTCTGTCGAAGTGGCTTTCTTCGTAGCCCATGGCCTTGGCGAGCAGGGAGAAGATGTCCCAGTTGCTCTTGCTTTCACCGGCAGGCGGCAGCAGCCTGTAAGCCGTACCGAAAGAACAATAGCCATACGAGCTGTAGCAGTCCGCCTGCTCCACGGAGAAGGTGGCGGGCAGAATGATATCTGCATAGCGGGCGGTGTCTGTCATGAACCGCTCATGCACCACGGTAAACAGGTCAGGGTTGGTCAACCCCTGCAAAATACCCTGCTGGTTGCACACCGAGCCCACCGGATTGCAGGCATATACATG
NZ_CP087381.1_gap50	1793730	1797567	3837	GTGCCCTGCTGCGCCCCGAGGCACGCGGAAACACGGCCCGCATGGGCGAACTGATGGGCAAAGTGCTCAAGGGCGTTGCGACGGCGGAAGAGAAAAAAGAATCGGAAGAACTGCGCAGCAATCAGCAGGCCTATCTCATAAGCGAAACGCTGCAAAACCTCTTCGATGTGCAGGAGCTGGAAACCCCGCCCCCGAGTCCGGCCTGCATACTGGCCAGCCTGTGCTGCGGCAAATGCGGCGAGATGGTCATGGAATCGCGCACCAGACGCTTTGCCGGACAGACCCTGTGCATACCCTGCTTTGAAACCATGGAGCAGAAGCGCTGATTAGCTGCCGTCAGGTGCCCATTCTGAACCATCGCAGCCCTACCACCTGAGTGACAGAGCTGTTCAGACTACTGACAAAGTCATTTCTGGTATAATTTGGCTCCGCCGGGCAGGAACCTAACGTTCCTGCACCTCGTATAAGCGATGCAAATCCATTTTTGAACTTCATTCCCGGCTTAACGGGAATGTGGGTTTACTGAAAACGAAGTTTTGTCATCACCCATCACAGCCCTGCCCCTCAGATGGCAGGGCTGTTTTCATTGCCTCCCATAAGAATGATGCACCCCGCTGGCCGAAGCACTGTCAACTTTTTCTGCGCATCGCAAAATAGGTCTTGCAATTGAAATTGAATTTCAATATCACGTCACAATCATGAACGGGAACACTCCCTCAACCTGCAACCAAAGGATATGACCATGCCCAAGGCTCTTATCGTGTTCGGTTCCACCACAGGCAATACGGAAACCACGGCCCGCTATATTGCAGACACCGCTTCCCGCAAGGGGTTTGAGGTTGAAATGAAAAATGCGGCAGACGTTCCTGCCGTGGCGCTTGGTGGCGACTACGATCTCGTGCTGCTCGGTTGCTCCACATGGGGCGACGAGGAAATCGAACTGCAGGATGACTTCATCCCCCTGTACGACGAACTTGAAAACAGCGGCCTTGGCGGCAAAAAGGTTGCCGTGTTCGGATGCGGCGATTCCTCATACACCTATTTCTGCGGCGCAGTGGATGCCATTGAGGAAAAGCTGGAAGCCCTTGGCGCAGACATTGTCACGGACGGCCTCAAGATTGACGGCGATCCTGACAAGGGAGACGTTGTTGCGTGGGCTGAGGAAGTACTCGGCAAGATGTAGGCACGGTGCCGATGCGGGGGATGTGGCGGATCTCGCCACGACTATCTCCACGGACATCACCAGCTGGCAATAGTGCATCAACATGAATATGCTGACACGCGCTTCAAGCACACACTGCATCCATATATAGATGCCATCCGGCAAAAAACGGGCCGCCTTTACCAGGGCGGCCCTTTTCTTGTATTGTAACCGGCCCCCCTGCATTCCCGCTGTCTGAACTGTGGAGCCAGCCGGTATCTGAATAGTATCTGGCAGAGATTTGACCGGCATCTGGCCAGTCCTTGCCTGCTGCCTCACGGTTGCCTGACGGTTTCCAAACCGGAACCGCCGATTTCCAGACGGAAGCCTCGCCAAAGGATTTCATTGACACCTTTCCACCATAAGGCAATGCTGAAAACTGGAGTTCCCATATCCGGTCTCCTCAATAGATATCCCTGTCGGCCCCATGCCCCTCTATCGGCAACCCCCAACCGGCCCGCCAAGTGCCATGAGAGTATGCCATGTCCAGATTCAACCACACTGCCAAAGCGCACACCGTTGCCCTTTCGTCATCTTTCACGCGGCACCTGCTGCAGCTTGCCATGCTGGGCATGGCCTTTGTACTGCTGGCCGCCCTGCCCGTGCGCGCCGCCGAATACAAAGACATATCCGAAGTATGGTCAGGTGCCGAGGCCCCCGCACCTCCCCCCTTGCAGTCCGTGTCTGTGGACCACACCACAACAGCCCTGCTCATACTGGATATTGAAGAGCGCACCTGCAACGCAGACCGCCGGCCACGATGTCTTGAAACCGTGCCGCGCATAGCCGCCTTGATGGACAAGGCCCGCAAGGCCGGAATGCCCGTTGTCTACAGCCTCACCACCAAAGGCACGCGCGAAACCATCCTGCCGCCCGTTACTCCGGAAAATGGCGACCCCATCGTGCAGGCAAGCGTGGACAAGTTTCTGAACACTCCCTTGCAGACCATTCTTGAAGACCTGCGGGTTAACGCCGTCATCATCACCGGCACCGCAGCCCACGGGGCGGTATTGCACACGGCCACGGGTGCGGCCCAGCGTGGATTGCAGGTCATATTGCCGGTGGACGGCCTTTCCGCCTCTTCGCTCTACATAGAACAGGCCGCATTGTGGCTGCTGCACACTGGCCCGGCAACAGCCCAGAGAACAGTGCTGACGCGCACCGCTGACATCAGCATAGAATAATTTTTCAGAAACCGTCACAAAGGTGTCGCAATCCTGTTGACAGCGGAACGGACTCCATATAAACAGTGCTCCTTCACGGACGGTTAGCTCAGTTGGTAGAGCATCGCCTTCACACGGCGGGGGTCACAGGTTCAAGCCCTGCACCGTCCACCACAAACGGAGCGGTAGTTAAGTCGGTTATAACGCCGGCCTGTCACGCCGGAGGCCGCGGGTTCGAGTCCCGTCCGCTCCGCCACGGTAGTCAAGGGGCCGCATCGCAAGATGCGGCCCTTTACTTTTATCCGCTGCCGGGCGGTCAGGAATTGCAGAAACCTGCCGTGCCGTCAGCATCCGGCCCCTGCCACCGCGTGCGCAGACGGCAACCGGCTCCCTGCCAGCAGGACAGGCCGCATGAACCGAAGATTGCTTGTCCTTAGCGCAATATCGCGTCAGGATGCGGCCAACAGGCCTTTTTTCGATACACGCCTCCGGAACTGAGAGGCAAAACTACAGGTTGGAAGCTCATGGATAACATCCCCAATTGCCCGCAGTGCAACTCCGCATACATGTACTCCGACGGCAACATGATCATCTGCCCGGAATGCGGTTTTGAAATGAAGCCCGGCGAAACCGGGGAACGTGTCTACAAGGATGCCAACGGCAACGTGCTGGTGGATGGCGACACCGTCATCATCATTCAGGATCTGAAGGTCAAGGGCGCTGCCTCCGCCATCAAGAAGGGCACCAAGGTCAAGGGCATCAAGCTCGTCGAACCCGAAGACGGCGTGCACGACATTTCCTGCAAGATTCCCGGCTTCGGCTCCATGATGCTGAAGACCTCCGTGGTCAAGAAAGGCTGATTTTCCGGAGACCAATAAAGCCCACCCCGGCAACACAGCTGCACAAAACTAATCTCCGACGACCTTCAAGCCGTGAACTCAAGAACGAAGACCGCATTGAACAATAGGGTCTTATTCAATTATCAAGCGTGATACATGGCAATACTTAACCCCGTGCTCTTCCGCATCCCCGGACCGGAATCATGCTCACAACGCGATTAAACAAAAAGGGCCGCTTTTGCGGCCCCTTTTGTTATCCTCTTTCCGGAATCCCCTCCAGAAACTCAAGCGTATCCACCTGCGGTGCTCCCGCCAGCATCGGCTGCACTTTTTCCATCAGGACAGCAAAGTGTGAAGACGCCAGATGCAAATCCATAGCAGCCTTGTCAGCATATTTCTCGTAAAAGAAAAACGTATCATTACGTTCCAGAGAACGATGCAGGCGGTATTCCAACGCACCCTGTTCAGCTGTAGTCGGCTCCATCATTCCGCGAAAGGCTGCTTCTAGTTCATAACTCTTGCCATGTATTGCTTGAAACGTCGCTATGAGAATGATCATTCGCTACCTCCATGAAAGTTAGTGTTTATCATGGAGCGTCTCTAAACCCCGCCGGCCGACTCGTATTGTAAAAAT
NZ_CP087381.1_gap51	1965914	1968456	2542	CAGGGTGTCGCCGGCAACGGCGTCCTTAAGGGTAATCACGGCGTTCTTCATATGCGTGTTGTCCGCATCCGAGATGCGCACGTCGCCCACGATGGCCACGGCTCCCTTGCCTTCCACAAAGGTTGCGGCAAATCCCGTATCAGTATCGGCATCTCCGCTGGGCGTAATCTCGGCAACTACGTCGCTGTAGTTACGGTCTCCACCGCCGTTAACATCTTCCACCCGAACGACAAGCTTGCCGTTCTCGGTCACGATCCGGAAATGGTCCACATTATCAGAGTTGAGGCCCTGATCACTGAAGAACACCGGAATCTTGGCGTTACCCACATCCAGCACCCACTTGCCGTTCTGGAACACGAAATTGGGCTCGGTTGCGGAACCGCCGGTCCACGACTTGGAACCGTTGGGCAGGATGAAGAAGTGCAGGTCTTCCAGCGCATCGAAGCTGCCGAGCGAGGAACCGAACTGGCCCTTATCCACACCACTATCCGTGCGGGTGTGATCAAGGATCACCTGCTCGAACACAGGGTTGCCATTGGCATCATAGGTGAAAACGCCGAGCACATTATTATACGAAGCCCCGGAATTATTGTAGATAACCTCAACCTGGCCTGTGGAATCAAGATCAAGGACAGGAGCATCATTTATGGGATTAACCGCCACATTGACGCTTGCCTTATCTACCAGCACCACCTTGCCGGTGCTGTCGAGAACATCGAAGCGCAAAACGTCGCTGGAATCTTCGCCGCCCGCATGGGAGTAGCGGATATGCCCTGCGGCAAGATCGTCGTAAGAGAACTTCGCGTTATTGCCCAGAGAAATCCATTTATCAGCAGCGGCATCCCACTTCTGCACATCACCACCGGCGGGCAGCCCATCAAGACGCAACATATGCCCCGCCAACGATTCGCCGGAAACGGAAAGATCGGCAACCGTAAGAATAACAGCGCTTCCCTCATCCACGGTGACCAGTTCAGGTACATCGATAATATTGACCGTAAGGTCCTGCGGAACAGAATTCTCCGTGCCATCAAAAGAGACGACCTTGAGCGTGATGGCATGGTTGGTGGCAGATTCGTAATCGATCATGTTTGAATCGACGACGGAAACAACCCCGGTTGTCTGGTTGATAGCGAAGCCATTCAGGGTGCTCACCCTGTTTCCTTCACCATCAAGCAACCAGAAAGAGAGGGTGTCGCCTGCGTCCACGTCAGATCCGGCAGCGGTAGCCACAACTGTGCCGTTGGCAACATGCTCGGCCACGGTAACATCAGCCCCGGCGGTGCCGAACAGCCGGACGTTGTCCAGTGCTATGCCGTGGTTGTCGGTGGAGGTGCCTACCTCCTTGAACGAAAGAGTACCGCTGGTACCATCCGCCACCAGATTGAGGCTCACCTCAGACCACGATGCCGAATCACCATGCAACGTCGCCACAAGATGGCCGTTCCAGTAGACTTCCAGCATGCCGGAATCCGCATTCCCTGCCTTGAATGCCTTGTCAAACATGGAGAACTGCAGCGTATAAGTCTCGCCGTCGGAAAGCCCTTCGATAGTCTGCGAGATATGGGCGTTACCGGGCGAACCGCCAAGGTCCACATAGTTATCACCGTCAGTCGTGCCGACGTTCATATGGCTGCCCTTATGGGGCTCCATGGAGGTATCGGATTCGTTCTTCCAGCCCGGCAGCGAGTCGGCCTTGGTCCAGTTGGAACCGCCAAAGTTCACGCCGTCTTCAAAGCTGCCGTTGATGATGAGATTATTATTCAGCCAGACGGTCGGTGCTTCATTCACATCATTGATGTGTACCGTCACGGACTGATTGGTGGCGTTGCCTGCGGCATCTGTTGCAACAACATCCATCACCGCCTTGCGGGGGCCACTTTCGTAGTCGAGGAGCTGACCGGCATTGCGGGCGGCCAAGCCGGCATCAGTAAGAGTAAGCGTGCCAGCTGAACCCAGATGGAAGAAGCCGTCATCGCTGGTCCCAGTGCCGTTGGCAAACGTATAGGTTATTTCGCCTGCGGGATTGCCGACAGCATCGTCAGTCGCCACAACCGTACCCACGACATTGCTGGTGGTGTTCTCGTTGATGGAGAATGAAGTGTCAGTAAAGACAGGCGCGACCGTGTCAAAATTGGCGGTCAGGGTATGCTCGGAGCTGTTGCCCGCGGCGTCTTCCACACGCACGGTGATGGTCTGGTCACCCTGCTGGATGGTGCCGTCACCGTTCAGGGCAGGATTCAGCGTGGTGCCGATCTTACCTGCGGCGATATCTGCAGCCGTCAGTTCATACGGAGCGTGGACGGTGCCGGATGCATCCGTGACGATGATCTTGTCACCGACCTTGGCAGTGCCGTCCAGCTTGATCTCGATGTCGTAGCCGTCGGCAATCGCGGCGTGGTTCACCGTGCCGCCCGCGATATCCGCAGACACCACGGAATCGACCGTGGCGACCGTGTCAAAATTAGCGGTCAGGGTATGCTCGGAGCTGTTGCCCGCGGCGTCTTCCACACGCACAGTGATGGTCTGGTCACCCTGCTGG
NZ_CP087381.1_gap52	1996563	1999036	2473	AGATCAGGGGACCGACCAGGAATCCGATCAGGAATCTGTTCAGCCATCAGTTCAGGCACCCGACCGAAGAAACAACAAGTCCGGCAGCTCGTCCGGCAAACACGCCGACACACAAACAGCAGCCTACACCCCGCGCCCCGCCCTGCAGGAGCGCATGGATAAGGACCTTGCTCCGCCCAAGCTGCCCCGTGACATAAAGCCTCCCAAGCGCCCGCACCTGAACGTGAAGGCCGCCTACCTCATCAACATGAGCACTGGGCAGGTCTATTACGAACAGAATGCGGACAAGCAGATTCCGCCCGCATCTATCACCAAACTGCTGACGCTCTACATCGTCCGCGAAGCTCTGGAAAAGGGCAAACTCTCTCCCCGCAAGACCATTCCCGTCAGCCCCCGCGCTGCGCGCACTTCCGGCTCAAGAATGCGCCTGCGCAAGGGTGAGGAAGTGACCATAGACGAGCTCATCAAGGGTATAAGCGTGGTGTCGGCCAACGATGCCTGCGTTGCCGTGGCCGAATACATGGGCAAAGGCGATGCCTCGCGCTTTGTGCGGGAAATGAATGCCCGCGCCAAGAAAATGGGCATGACCAAAACCGTGTTCAAAAACCCCAACGGCCTGCCCGCCAAGGGGCAGTACTCCACCGCCCGCGACATCGCCAAACTTTCGATACATTACCTCAAGGCCTTCCCCGAATCCCTGTCCATTCACTCCATGACCTCGTACACCTACAACGGTTCCACCCACCGCAACGCCAACTCGCTGCTGGGCAGATACGAAGGTGCGGACGGCCTGAAGACAGGCTTCGTATGCGCTTCCGGTTTCAACATTTCCGCCACGGCCAAGCGCGACGGCACCCGCCTGCTGGCGGTTGTTCTGGGCGCGCAAACCCCCATCATACGGCAGGTGGAGACCACCAAACTGCTGGACTACGGTTTCAAGCTTGTGGAGATTCAGAAAAAGACCGGTAAACGACTGGCATCAATCCAGCCCTGATTGCAGTGATGACGTCACACGGCATCCCGAAGGCCGTGGCTGACAACACCGAGAACAGTGCTGCCCCCCGAGCGCCTTTCTGCCCCCCGAAATCACACGGGCAGGACTTGCCACCTGCTGAGAGCATGCCTGACATAATGAAGGAGAGGGACAACAGGTAACGGGACCAACCCGCACGCCTCCCCGCCCCTCTCCACTCACTGCCATGCCGCGTGCCGACATCCGGACATCCGGACATCCGGAAACTACCGGCAACCGCAGGCCACCTTTGCAGAACTCTGCACAGGCGTTTCCAGCATCTCCTCAAGGGTATCCGCCGTGAAGCGCACCAGATTGCGGCACTCCGCCTCCTGCGCATCACCAAAGCGCTCGCGCAATGCCCTGCAGTGGGTCGTGCCGAACTCTTCCACAAAGGCCTCACGCAACATGGCTCCGAGCGATGCAGGATAATCCCAGCTTTCGCCGGGAGCGCGTCTGCCATGCAGCTGCCCTATGGCTATAAGCCCTCCGCTCAAGGCACCGCAGGCCTCATCAAAACTTCTGCCGTATCCGCCGCCAAAGGCCGTTGCACAGGCAACAGCACTCTTTGCGCATTCCCCTTTCGCATTCAGAACCGACTTGGCCACGGCTTCAGCGCAATGGAACTGTTCCGAAAAATATCCTGCCGCCACTTCGCCTGCCGACGGCCTGTCCGAACTGCTATTTTCCATGACAACCTCCTTGTTTTTACGATCTGTCCCACCTATTATCCATTGCAACCAATCGCATCCAACGATTTTATCCGATGGGAGCGATCGTCTTTTGCGATCAATGGCCGGACGTTGGAATGGAGCCAAGAAGGAGAACACATGGAACTGCGCCTGCTCAGAACCTTCAGAGCCGTGGCCGAGCGGCTCAATTTCACCCGTGCGGCAGAAGACCTGCATCTGGCGCAATCTTCCGTATCCGCTCAGATACGACTGCTTGAAGAGGATCTGGGAGTATCCCTCTTTGACCGCATCGGCCGCCGCATTCTGCTGACCGAAGCCGGAGAGACGCTTCTGCACTATGCCCGCAGAATGGAAGCCATGTCTGATGAAATCAGGAACGAAATGGCCGCAGGCACAGAAAAGGCAGGCAGCCTGACCATACGCATTCCGGAAACCGTTGCAGCCGAATACATGCCCGCCATAGTCGAGGACTTTCACGACCGGCACCCCAAAGCCGTGCTCAACTTCATCAACTGCGACGATGCCCGTCTGAGGGAAGAGCTGAATTCCGGCCGCATTGATCTGGCCTTTCTGCTGACGGATGAAGTCACCATGCCCAACGTGACTGTGGAAGCCCTGAGAACGGAATCGCTTATGCTGGTTGCGGCACCGCAGCACCCGCTATCACAGGCGCCTCACGTTACCACGGCCTCCATGCATGGCAGTACCATTCTGCATCTGCGGGTGGACTGAAGCTACAGAAAGGCGTTCGAGCGGTCGCTCGACAGTG
NZ_CP087381.1_gap53	2120703	2124071	3368	ACGCAATCATCGCCATTGGCGAACTGCATATCGCGCAGAGCAAATTCATGCGCAGAGGGCGGCATCTTGCCGCGTTTCACCATGCCCCGCCGCGACTGCAGGCACAGCGCTCCCATATCGAATCCTTCGGGACACAGGGATGCGCACAACCCGCACATCATGCACGAGTTGATCATGGTGTTGGCCTGCCGCGTGCCCATGACAATGGATTCATTATTATAGATGCGGCGGGTGTATTGCTTGGGATAGCTGCCGTATTCAGCGAGGTAGGCGCAGTTCTTCACGCACTCCATGCATTCGCATTGCAGACATCGGGCAGCCTCTTCCGTTGCCTGCGCGGCCGAATAGCCTTCGGCAGGCACCGGAACCGGCGGCTCGGGGGCAACCTTTGCAATATTGGTGAACAGGCGGGTTTCGAACACGCCTTCGCGCTCTCTTCCCGCAGCAAGGCTGGCGTTCTGGAACAGGCGGTCCATGGAAATGGCTGCCCTGCGGCCCAGTGCGGCAAGCTGTACGGGCGATGCCGGACCGGATAACGGCATTGCCGCAAAAACACCGCTGCGCACCGTACCCAGTGTCACCTGATCGGGCGGCACATCGCCGCCGTGCAGCAGGTGATACACATCCGGCGCAATGAACACCGTCCGCCCTTCTGCCATGGCGGCATCCACCATCTCTGCGGAAAGGGCATCCTGCTCATGCAGGACAACGCCCTGCCTGTTCAGAGTGCCGAGTTCCTTTTCAAGATGCTGTTGCAGGTCCGCCGCCAGCTCAGGGGCCACATGTCCATACAGCCGGGAAGGCAGTCCCGCAGCGCTGCACAGACAGTACAGAACCACCTCAACGCCCTTGCGGGAGAGATCCCACACCGCTGTCAGTGCGGCCATATCGCTGCCGAACACGGTTGCCGTGCGTCCCTTTGAAGGGGGAACCGGTAATACCGGAGTTCGCGATGCGCCATCGGCGCACGCCCTTTCCAGCGCGCCCACCTCTACGGCACCACCCGCCTCGCCGCGCAGGCAGGCGTTTTTGCAGGGGGCATCGCATATCCGCGCCATGACGGATGGCAGCGGCAGCGAGCGGCACAGCGTGGCCCATGCCTGATCCACCTTTCCGTCCGCCATACGGGTACAGAATTCACGCACATCCACATGCAGGGGGCAGGCTGCGCGGCAGCGCGGCGGCTCTTCCTGCGTACATCGGGCTTCCCAGCTTCGAAGTTCGGCTTGTTCCATTGTGCAGGTCTCCGAAAGAATGCGGGAAGCGCATGACAAAGCCGCCCGCAAGAAATCGACATCAATTCAGGTGTAATTTGATTGTCATTTTACTGTGTTCCCCTGTACTTAGCCATGCCCCTTACCATCACCCCCAGCCCACCCGGCAAGTCCCACTTCAGGGACGGGACTGCCCGCCGCAGACTGTTTTCTCCGACTTACGGCATTCTTATGTCTTTGGCGACATATTAAGTCAACCGCCGGAAGCTATGGGCGGCTAAGCGAATAGGACATATCCAAGCCGACAATGCCGACCCCCAGCGTTAATCAAGAGCATACCGGCGAGCTAGCTTAAGTACCGTCCACGTACAGCTCTTTTTCCTCACGATACAACCAGCTGACCACAGAGGCTATTTCTTCAACTGAAAACAACAACATTACAGGATTCTTCAATCAGTACAGAAATGAATCAACAATACACACCACAACAATCATGTAGTGAAACATATCATTCTCGGAGCACGTTATTGTTTTTATCCTCTCTCAAACGTTACTATGGAGGGGAGAAATGGCCATATTTCACGGGGACATTGGGTACAAACTACTAAAACTAATCGACTGCCAAGACAGAACACAAAAAAAACCAAGCAACGCATTCTCTCCAAGAGAGAGTAAAATCATAAAATACTTTGGAGATAATTGGATAAGGGAAATTTCCGATAAGCATGTGCTTGATTTCGGCTGCGGAGTTGGCCATGACGCACTGGATATAGCAGAAGCAGGAGCTGCGCGGGTCGTTGGAATGGACATAAGAGAACGCGTTCTTGAAAAGGGCAGGCTGGAAGCTGCAAGACGTAATCTGAGCAATGTGGAATTCACCACAGCCACCTCAGATAATTTTGATGTAATCGTCAGCATAGATGCAATGGAACACTTCTCCGACCCTCTGAAAATTCTACATTTTATGGCCGACAGACTCAAAGATAGTGGAGAAATATGGATATCGTTCGGCCCACCATGGTTGCATCCCCTTGGCGGGCATCTATTCTCATTGTTTCCATGGTCGCACCTTCTGTTCTCGGAATACGCATTATGCAGATGGAGATCTGACTTCAAAACGGACGGAGCTTGCAGAATATGCGATGTAGAGGGGGGTCTTAACAAAATTACCATTCATGACTTTGAAAGATATGTAGAAGAAAGCCCTCTTAAAATCGATTCAATCACCTGCATCCCAATCAAACCGGCCCGTTTATTCCACAACAAATTTACAAAAGAGTTTCTCACTTCAATTGTTGTGAGCAAGCTAACCTTGAAGCACTGACCCCCTCACCCCATTCTCCCACCACATCCCCCCTTGCCGCCTGCGCAGGGGGCGGATGAATCTTTTACAGCCCGTAAAAGACCATGACAGCTCCGCAGAGAGCGCCCGCCTTTATCTGAAATAACACCCTGAAATACATAGACCTACACTCGCGCTTGATTGGCACGCAATTTGTTCTTTCCATGAAGGCAGGAAAGGCCTGCGATGCTGCCCGGGCAAAACCAGACCGACAATCAGGAGCGCATATGTCCCACCTGAAGGTGCTTCTTGTGGATGATGAGCTGGACTATCTGGAGCTCATGTCAAAGCGGCTGACCAAACGCGGCTTTGTGGTGACCACGGCTTCCGGCGGAGAAGAGGCGCTGCGGCTTGCCGCAGACAACACCTTCGATGCGGCGGTGCTGGACATGAAGATGCCCGGCATGAACGGGCTTGAATGCCTGCGCCGCCTCAAAGAGATGCGCCCGCTCATACACTGCATCATACTCACGGGCCATGCCGATCTTTCAGACACGGCAACGGGCTTTGCTCTTGGCGCATTCGAATACCTCGTTAAACCCGTGCATATTGACGAACTGGTGGAAGCCATCGTCAATGTATGCTCCTGCGGGTGCCTGCAGCCTCCGCCCGCTATGTCGGGCGCAGCCCCATAGGAGGATGCCGTGCCCCAGCCGAACATCATTGCACGCGTCATGGCCTTTCTCGGCCGCCCCGCCACTCCGCCTGTCGATCCGTCCCTGATCAAGGAGCGCCACCGCGCGCGTTGCAACGACTTTCGCCTGCTCATCCGCGCCAACAACAAGGCGCTGGAAGGCATGTCGGAAATTGAG
NZ_CP087381.1_gap54	2150291	2155073	4782	CCCCTGTTTCTGCCCCGGCTCAAGGCGCATGCGCGCATCGTTGGAAGGCAGCCGGTTCATCTGGTCCAGCCCCTGCTCAAGATCACGCAGATTGAGCGGCTTGCCCTTAAGACCGGGAAAAGCCGTGCGCAACTGGTTTTGCTGCCGGCCCGAACCATCGTTCAGGATGATGCCTTCGACAAACCCTTCAAGCACCACAATGGTCAATGTGCCTGCCGAAAGATCCTGCTCGGGCAAAAATGCGCGCGCAGCAACATACCCCTTTTCCACATAGGCATTGGTTATGTCCTGCACCAGTGCGTTCATGTCATCCAACGTGAGACATCTTCCCACGTACGGAGAACGCAGTGCATCAACCGCCTCAGCAGAAAGCAGTGTTACGCCTTGTATGTCTATTGTTTTGACGGAAAAGCAGATGGCAGAGGCATCTGGCGCAACCTCTTTCTTCTCTTCCGGAACAGGTACAGCCAGAGGAGGACGCTCACGCCGCTCGCGCATCTCTTCTTCGAGAAGGCGACGACGCTGTTCTTCCTGCTGAATGATCTGATTCTGCTGGCGTAGAATCTCTTGAGTAGTATCCGCAAGTGCCACAACGGGCACACAGATAGACCACAGAAACACCATGACCGCACATGGCATTACTATTATTGCTCTCATCTCGACTCCCCAATTCAATGTGCCCCCACACTGAGTCGACCAGAGCGTTCACCGCATCGGTGCTTCTATTAAACATGTAAGACTATGTCAACAGTGATAATTATGCATACATTACATGCTGTAATAATACAAAATATTCCGGCATCAGGTTGGCGGCAGTACAAGTTCCCCCATAATGCGACGTGAAATTGAACAGATTTATGTACGTTTCTGAGCGTTTCCCGCCGGCAAGGTGTATTACGCCCTTACTGTCTGCGCATGCCCGCCATTTTTGTTCAGCCCGACCTGCAGTCACTGCGAGGTCACAAAAAGGAAAAGGGCCGGAGCATGTAATGCTCCGGCCCGCTGTCGTCGGGATATGTCAAAGGTGTGGCTAGAAGGTGCCTGTCAGCTTGTAAATGCCGAACTCACGATGGCCAAGGCTCTCCGCCTTGGTCTGCTGCCCGTTGCACACCTTGGTGAGCAGGTCAAAAACCTCTTCTCCCACCTCGGGCAGAGACACGCCTTCGGATATGATTCGCCCTGCGTTCACATCAAGGTTGTCAGGCATTTTGGCAAAGGTATCCGGATTACCGGTAATCTTGATGACCGGCGCAATCGGACAGCCGGTGGGAGTGCCACGACCGGTAGAAAATATCACGACCTGAGCGCCACCCGCCACCATGCCGGTAATGGAATCGATATCCTGACCGGGGGTATCCATGAAGTACATACCCGGCTTCTCGCGGGGCAGCAACTCGGCATAGTCCAATGCTCCCTTGAAGGGACAGGTACCAGCCTTGTACATGCAGCCGAGGGATTTTTCCTCAATGGTGGAAAGCCCGCCCACCTTGTTGCCGGGCGTGGGCTGTCCGCTGCGCAGGTCTTCACCCATCATGATGGCACGGTCTTCCACGCTCTTCACCTGTGCAAGAAACTTGGCGCGCTGGTCATCGTCTTCGAAACGTGCGGCAATCAGATGCTCCGCGCCGATCACTTCCGTGGTTTCGCTAAGGATAGCGCTGCCGCCGAGCTTGACCAGCTTGTCGGCCACATAGCCGATGGAGGGGTTGGAGGCAAGGCCGCTTGTGGGGTCGGAACCGCCGCATTCCATGGCCATGACTATTTCGCTGATGTCAAAGGCGACGCGTTCCTGCGTTGAAAGGGCGCGTGCCATGGGGGCGGCAAGCTCAGCACCCTTGGCAATAGCCTTAAGGGTGCCGCCGCATTCCTGAATGACAACATATTCGACAGGCTTGCCTGAAGCGGCCACTTCTTCGGCCACGGCACGGGCCTGCACGCCGTCACAGCCAAGGCCCACCACGAGCACCGCACCGACATTGGGGTTGAGCCCGAAGCCGGTGATGGTTTTCTGGGTCAGGGCAAGGTCGGAGCCTATCTGGCAGCAGCCGTGCTGATTGGGAATGCTGACAGCGCCGGGAATCTGTGCAGCTATTTTGGCAGCCGTATCAGCCGCACAGACGGAAGTGGGAATGACCAGCAGGTGATTGCGTACACCGTAGGTACCGTTAGCTCGCTTGTATCCGTAAATATTCATGCCGTGCTCCTTTACTTGCTCTGCTTGTCGCCGCGTCCGCGGGTGCTTTCGATGTTGTGAACGTGAACATGGTCGCCTGCGGCAATGGCCTGCGTGGCATCACCGATGATTTCGCCGTACTTGTAGCAGAGGCCGTTCACGGGAATGTCCGCAATGGCGATCTTGTGGAATACGGGAATATCCATAGTTGCGGTAACGCTGACAGAGCCGAATGAGAGAGTTTCGCCTTTGCTCACAGGGCGCAGGCAGGTAGCCACATTATCCTTGGCGTTGATATGCAGGGCTGCATTCATCGTATGTTTCTCCTTAGATGGGAAAGGTTGGGTATGGTCACCGGCTCCGGAACCGGAGCGGGCTGTTTGCATGTTACGCAGGCTCGGAAACGGCCCGTAGCGGTCTTTTTTTACGCTCAACACGATCCAGCCAGCTTACCAGCAGCGGGCACAGGATGGCGGTAACCATAACGGCTGCGGCAACCTGCGCCGTGGCAGCGGCAGCAACCGCCACAAGACTGGGATCTGCTGCGGCAATGGCGGCGGGTGTGGCAGCGGAGTTACCGGCACTGGTACCCACAGCCGCACCAACCTGCGGCGTTTCGGAGCGGATGAGCTTCATGACGAAGTAGCCCGCCAAACCGGTGATGACCGTATTGGCAACACCGAGCAGGATGCCGGGGGCACCGGCTTCCACCAGTTGTCCAAGATTGAGGGCCGCCCCCAGGGGGAAGGCGAAGAAGGGAATGGAAATATCCACGGCGGGAGCCAGCCAGTCTCGCAGTTCGGAGTCGAGGTTGCCCACAATACACCCGACGACGATGGGCAGAATGGCACCCAGCAGCATGACAAGCGGAATTTCGGCAAGGCCGGTCATACCGAAGGCGAGCATGGTGAAGAAGGGACCGTCGTTGACGGAGAGAATGGACAGCGCACCAACATCGCTGGAATCGCCGAATTCACCGGCAAGCGCGGCGAATAACCCGCTGTTGGAGTTGGTGAGCGAGGCCACTATAGCAAGCGGCAACACCCCCATAATACCCGCCGGACCGAACACCTTGCTGACAAGCACCCCCAGCAAGGCCCCGAGCCCCACCTTTACGGCAGTGAGGGCAACCCCTTTGACCAGAGGCGTCCCCACCTGCTTCACGGTAATCTGCGCTCCCGTGCAGAACATGAAGAACGCAAGAATGGGCATGGCGCCATTCTTCCACAGGTAGGTACTGAAGCTTCCCAGGTTCAGAAAGCCGGGAAAGAAGGTGTTAACAAGTACCCCCATAAGCAGGGGGATGATCATGAGTCCGCCCGGGACTTTTTTCACACTGGCCAGAATACGCATTTCAGATCCTCCGGGATGGTTGATTTCCCGGGTCTGTAACAAGAAGCGTGCCTGACTTTATTTGTTTACAATATCAGCTATTTATATGAACACCTATCATTTGTGTTTCAAAATTAAACCGAATACTGTTTTATTTTGCGACTTCAGTATTATTTTGAAACACCCCTAATTCCCGCAGCCGCCTCCACAATGTGGAGCGGCTTATTTTGAGAATATCACAAGTCTGCCGCACACTGCCGCCCGTCCTGGTGAACACGTCACGCATGTAGGCATCCATCATACTGCGCATGTCCGGCAACACCGATTCAGTCTCCGGCTGCCGCGCGGGTGTGGGAGCCGTTGTCTCCTCTTCCAGCGCGGCAGAGATGCTGCCAAGGATGACGCTGCGCTCCATCAATCCTTCCAGCTCGCGCACGTTTCCCTCGTACCGGCGTGTGGTGAGCAGCGTATGCGTTTCTGGCGGACAGTCTGGTATGGCCTTGTGATAACGGGTTGCGTAACGGCGCAGAAAGTGATCCGCCAGCAGCAGAATGGTACGCGGCCCCAGCGCGTGCAGCGAAGGAATATGCAGGGTCAGTACATTTATCCGGAAAAGCAGATCACGGCGGAAGCGTTCTTCCTCAACCATGCGGGCGAGCTGCCGGTTGGTGGCGCATACGATGCGCACGTCTACGGGAATAATCTTGTCACCGCCTATGCGCATGATCTGGCGCTCTTGAAGAACCCGCAGCAGGCGCCCCTGCAACTCCAACGGAATTTCACCGATTTCATCCAGAAACACGGTGCCCCTGTGTGCCAATTCAAAAATACCTGCACGCCCTTTACGACGCGCCCCGGTAAAGGAACCATCCTCATAGCCGAAGAGTTCCGCTTCCATAAGCGAGGGGGGAATGGCCGCGCAGTTGATGGCCACAAACGGGCCATTTCGCCGCGGGCTGGCATTGTGCATACTCTGACAGAAGAGTTCTTTGCCCGTTCCTGATTCACCGGTCACCAGCAGAGGCGTGTCGTACAGAGCGTATTGCCTGCCTTTGGCAATGCACTCTGCCATAGGACCGCCCTCGTGAATAATATCGTCAAAGGTGAAGCGGGCAGAAAAGCCCCGGTCCGCAAGTTCGCGCCGGATATTCTGCTCCATGTTCTGCACTTCGGCCACATTCTGAAACGTGGCCACAGCACCCACCACTTCACTATTTATCAGCACCGGCGCACGGTTCACCACCACGTTCTTTCCATTCACATTCAGCACCTGCCCG
NZ_CP087381.1_gap55	2158688	2162862	4174	TGTTTTTTTACTTGCGCATATTGCTACATGACCCATCGAAGATGCGTTTACTTGTAATCGAATCTTGCCGCAGATGACGTGACAAAGGTCGCAGTCATCTGTGTCTCCCCGTTATTCACCAGAGCTTGTCCGCAAATCGTGTCGTAGCCTATTTCTTGCAATACTCTACCAACTGGCGTCCTTTGTCGGTCAGGCGATATTTCTGTAATCGGCTGTTGGGCTTGTCGGGGATCGTCATTTCTATCAGGCCATCGTCCAAGGCCGGTCTGAGGTAGCGTTCACGGAACGATTTACGATCTGCAAGCCCCAGCGCGGATTGCAGAGCCTCGCGGCCCATGTCTCCGTTGACTACCGCCAGCAGCTCGCCGACTTGGGGGGTGACTTGGGGGGTGACTTGAGGGGTGACTTGAGGGGTGACTTGAGGGGCGGAGGAAGTCACGGTTTCCAGAATCATCCGTAGCATGAAGGCGATGAAGGGGGCAGAGTCTGTCTGCTGGGTGCTCTCCTGAATTGCCTGGTAGTACTCGGCCTGATGCTCGAAGACCAGGCTTTCCACCGGGATATCGGCGAACAAGGGACTCCAGCGGGACAGGATAAGGCTTTGCCACAGACGTCCCATGCGACCGTTGCCATCGGCGAAGGGGTGGATGAATTCAAATTCGTAGTGAAAGACTGAACCAACGATAAGCGGGTGGGCATCGGTGGCGCTCAACCAACCGAACAGGTCGGACATAAGCTGTGGTATCCGGCCTGCGGGAGGGGCCATGTGAACTATTTGTTGGCCTGCCAGCACACCCACACCGCCACGCCGGTACCTCCCCGCCTCGTCGACCAGCCCGGACATCAGAATTCGGTGAGCCTCCAGCAGGTCTTTTTCCATCTCCGGCTTCCATGTGGCGAAATGGTCGTAAGCAGCCAAGGCATTCTTTACCTCCTGCACCTCGCGGGGGGGCGCAATAATGCGTTTGCCGTCGAGGATTGCGGTTACCTGCGCTTCACTCAGGGTGTTGCCCTCGATGGCTAACGAACCGTGGATGGTGCGGATGCGGTTGATGCGACGCAAGCGAAGAGATTTCATCTGATCGGAAAGCACGGCCAACCGTCCTACAGCCTCGCTGATGGCAGCAACATGGTTCAGAATCTCTGAAGTGATGGTGTACGGGGGACCATAGCTTCCCGGTTTGCTCATGCCCCAGCCTCCCCGTTTTTCAGTCTCAGCTTGTCTTTTGGAAAGAATAATTTCGAACAGGAGGCGGGGTTGGAATTGCCCTGCTAAACCGTACCCCCAGCGGATGCTAACGGCCTGAGGAAGCCCCTTGGAGATCCACCTCCTGACATCAGTCTAGATAGTGTATCATATCAGTTTTGTTTGCAATAGCCCCTTGCTACACCTTGAAGGTGGACGTCCGCATTGTGAAGAAGGGCAAAGCGAGCCAAAATATTCGGCTTCACCTTCCCAGTGTATCACTGGACGATTTGCCACGTTTTTCGCGGGAAGGTATATGATCTTTAACCTGATGGACAAGGCCTGCTGGAGTAGCGTCCCAGTGGAACCAGGCTACATCGGTGGTCTCAACCGCAGTTCTAAAAGGAGAAATTATCGCAAGACATTCGCCTATTCTTGGGGAACAGCAAGCAGTGACATGCGGCCCCGTTCCCGTTAGTGCGCTGAATACATAAGCGTCAGAGGTCGGAATGTTTGACTCCCGTGATGATGGCCGCCTTGGAGAAACTGTGCGGTACCAGTTGAAGGAAAACAGTCCCCGTTCTTATTGCACCCAATTACACGACTGAAAGGAGCCGTGTCTCGGTATTGTCCCCTGTTGAATCAGAACTGGGTGTTGATAACCTCAAAAGGAGAGGTGGCAAAAATCGAACCAACAGACTCTTTTTAAAATTGCCTCTGACGAGGAGTCCCGAGTATAGCGCAAGAATTTGCGCTCGTGATGAAACTCGCTCGACAAATCGTCAGTTGGTAGGCTTTGTTGTGTCCAAAGAATAGACCAAAACTTGATTTTTGCCCTCCTCCCCCCTCAAAAAACACGCTTTTCGAGAGAATCCAGGGGCTGGGGTAATTGTCATACCCTGATCCTACTACATATTCGAGGAGAACAGGTTAAGCCACTTTTTGATATGCCTGACGTTCTTATTCTGCCGGAGACATCCAACCTTTTGATGAATGCCGTCTCCTGCGGTTGTAGTAGGCTTCGATGTATTGAAACAAAGCCAACTCTGCCTCGTAACGGGTCAAAAACTTATGATGCCGTATGAACTGTGTTTTCAGTGTGTGGAAGAACGACTCGGCGACCGCATTATCCCAGCAGTTGCCCTTCCTGCTCATGCTTTGAATGCAGCCGTTCAGCTTGAGTCTTGCCCTGAAATCCTTGCTCGCATATTGGATACCGCGATCGCTGTGAACCAACAGTCCGACAGCAGGCCTGCGACGCACGATTGCCTTTTGAAAGGCATGTATAACGGAGTGCCGCTCTAGTGAATCGCTGAGATCCCATCCCACAACAATCCGTGAATATAAATCAATAAAGACCGTAAGGTAGTGCCATCGTCTTCCGACCTTGAGATAGGTGATGTCCGTCACCCATGTCTTGTTAGGAGCAGTTGCCGTGAACTGCCGATTCAAAATATTTGAAGCCACTGGCTCTGAATGAGTTGAATCCGTCGTTACAACGAATTTTCTGTTTGTCCGGCAACGCAATGCCATGCTGCGCATATGCCGCGCCACGCGGGGGCGGCTGACGTTTCGAAATGATTCTTCAGCACGCAAGTCCCCCGTAATCATCGGACTTCCCGCCATACCTCCATGCTCCGCATACAACTCGGCAATTCTTTTCCGTAGGAGCACATTCTCTTGCGCTCGCCTTGATGCTGCCCGCACCGTCCACGTGTAGTAACCGCTCTGAGAAACACGGAGAGCATGGCACATCTTCTTCACCGAAAACGACGAGCGGTTTTCGTGTACAATCCGGAATATCAATTCGGTGCTTTGCTGAAGATGGCCAAGGCTTTTTTAGGATGTCTCGCTCAATCTCTGCATCCCTCAGTTTTTTCTCCAGCTCCTTGATTCTTCGCTGTTCATCGGTCAAAGCCGGTATGCTGTGGCCAGGAAAGGCGATTTGGCCTTGTCCGCGCAGCTCACGATCCCATCGATATATGAGGTCTGGACCGATCCCCAAGCTTTCAGCAACTTCGGAAACCGAGCGTCCAGGGCCCCCTGCCTACATGAAACAATTTTGTTTAAACTCATCACCTTACATTCGTAGCATGTTACTCATCCGCTGCTCCTGTTTGATTCAGGATAGTGGCTTAACTCCGTGTCCACAACTCCGTAGCAGGATCAGTCTGTGTTGATTTGAAAAGCGTCCGCTTTGACCTTTTCCACTACAACCAAAATTCAGGATAGCGCCTGTGGGGTGCAATATTATTGATCACAAGAGCTACCGCCAGAAGAAGGAGCGCTCCGAGTCCAACTGGAATAAGCGCATAAAGATATCCCAATTGATGTATTGAGTTACCTCCAATCACTGCGATAAGAGCTGTCGCTCCTCCCGGAGGATGCAAGGTTCTCGTTACGTGCATTAGCGCAATAGCAGTTGAAACGGCCAGAGCCGCCGCCAGCCAGACTATATCCCCAGCGATTTGGTAAGAAGTCACCCCAACTAATGCCGAGAGAACGTGTCCACCGAGAACATTTCTTGGCTGCGCTAATGGGCTTCGCACAGCTCCATATACCAGAACCGCTGTGGCCCCAAAAGAACCAATGAGGAGGGTGCAGCCTAAACTATCGACGACCATTGATTGAAAAGCACCGACTAGCGCAATACCCAAAAAAGCGCCAACCCACGACCACAAGACTTCTGCTTTCCCGACTATTGGTGGGCTTTGCGTAGTCCCTTTCATTTTTTTAAAAATATTCATCTATTCCACCATCTGACATAGGGAACTGACGAGGTCGGTTCTCGTAACGATACCAAGCGGAGACCCGTCGTCGTTGCAAATTGGTATTCGATTTATGGAATGCGACATGAATATATGTGAAATTTCGGCCAACGTCGTCTCTGCATACGTGACAATGGGAGGATGGCTCATTAGTTCATGAACATAACTTTCCCGCAGGTCAGAAACCAGACATCTGTTGATTGCCAAACACTCACCGACA
NZ_CP087381.1_gap56	2164216	2167176	2960	GCCCCGCCATGTAGAAAAGCGGAATGGACACTGAGCTATACAAGAGCATATGTGTGAGCCCACCGCCGTCCGTTTCGGCCTGAACGGCCGGGCGAATGGCCCGCCAAACAAGAATGAGCCAGATGATCATACCAACGATGAGCAGAATCTGCCAAACACGGCCGAGCTCGATAAATTCGTACCCCTGATGGCCGAACATGAACCCGTCGCCGTCAAAGAAGCCGGACACGGAGAGCCAGGTGCCACCCAAGGTACCCAGCACAACAACTACCAGCGCCCCAAAGAGAGCAATAACCCCAAAGGCCTGCCCTCTGGGCTCCCTACCTACAAAAGGTCCTATAAAGAGCCCCGCTGCCAGAAAACATGTGGCGATGAAGAAAATGGACAACTGGATGTGCCACGTTCTCACTGCCGCATAGGGTAGAATAGAGGCGATAGGGATGCCGAAGAAGGAATTGCCTTCCACAGTAAAGTGGGCTGTTACAGCACCAAGGCCCAATTGTAGGGTAAAGAGGGCAATCGCAGTAATAAAATAAACAAGCGTTGCTTTCTGGCTCGGCGTCGGCGTCGGCTCCGGGAAATCGAGCTTCAGATTATTCCCGTAATCGCCGAGACCTACATATCGCTGGTAAACGAATACAGCTCCCGCAATACCCAAAATGAGAAGGATGACACTAACGATGGACCAGATGAGAAAGTCGGGCAGGGGTTCATTGCCGACCAGTGGATCGTAAGGCCAGTTGGTCGTATAGGTATGCTCGGCGTCTAACCGTTGCGTACCGGCAGCCCAGGCAAGCCATGCAAAAAACACTGTCACCAAACGCCCTTCCTCAGCCGTTCTAACGATCCCGGGCTGTAGACCCATACGATCATTTCCGTTCTGAAAAAGGTCTGTGTAGTAGTGGGTTAATGCCAGAAATGCTTCTGTTTGAAATTCCGTCAAAGTCAGCATTTCTGTGAGGGGATCGTAGCGATTCTCCTTCATTTCCTGTGTCACGAGAACCTGAAGCCGAGCCTGATCATCTGGGGGGAGTAGTTTGTAATCATCATGGGTGAACGAGGCAGCCTGTTCAGCATCCAGCCCCTTATACCGTGCGGCTAAGAAAAGTCCCATGCGGTGCAGAAAATCAGCCGACCAGTCAGGCGCAAGATACGCACCATGTCCCCATATGGTGCCGATATGTTGCCCTCCTCTGCTGTAAAAATAGTTTTGCCCTCCGACAACATCATCTTTTGTGAACAGAACTACACCCGAATAATCCAGAACTTTGCCGGGAATGGGTGGTTTTTCCTTGTTAATAGCATAGCCGCCAAAAATCAGAACACCAAAAGTCAACGCAAGACAAAAAAGGAAAACAGCCTTCACCTTTGGACTCATCATTTTATCCCCCTTTGGATAAACACGATGTTCATATGGAAAGAAAGCTCAACAAACCACAAAGAAAGACTTGCCGTTTAAAGACAAAGGGGAGCCGAAGCTCCCCATTAATGTCTACTTGCCGGCCATCATTGCCGCGATGTCTTCCTGTACGGTCCCTATAGGTTTGAGGTCGAATTTTTCAATAACAACCTTGGCGACATTGGGGGACAGGAAGCCAGGCAGAGTCGGGCCTAAGCGGATTCCTTTTACTCCCAAGAAAAGCAGAGCAAGTAGTACCGCGACAGCTTTCTGTTCGTACCAGGCGATGTCATAAGACACAGGCAGATCGTTGATATCATCCAGTCCAAAGATTTCCTTGAGCTTAAGAGCAATGACGGCGAGAGAGTATGAGTCATTACACTGGCCAGCATCGAGGACACGTGGGATGCCGCCGATGTCTCCGAGATTCAGCTTGTTGTAACGATACTTGGCACACCCCGCAGTCAGGATAACTGTGTCCTTTGGAAGATTCTCTGCTACTTCCGTATAGTATTCGCGGGATTTCTGACGTCCGTCACAACCTGCCATGACCACGAACCTCTTTATCGCACCGGATTTGACGGCATCCACGACTTTGTCCGCTAAAGCGGTCACCTGATGATGTGCGAAGCCCCCAACTATGGTACCTTTTTCAAGCTCCTTAGGAGGAGAACACTTCTTGGCCTGAGCGATTATTCCAGAAAAGTCCTTGGCGCCACCTTCAGGGCGGTCTGCTAGATGTATAGCACCTTCATAGCCTACGACACCAGTCGTATAAAGACGGTCAAGGTAAGTATTGCTTTTCTTCAGAGGCACGAGGCAGTTGGTTGTCAGAAGGATAGGGCCGTTGAAATCCTCGAAGTCTGTATTCTGATGCCACCATGAACCGCCGTAGTTGCCAACAAAGTGGTCATACTTTTTGAAAGCCGGGTAGTAGTTTGCTGGAAGCATTTCACCATGGGTATAGATATCGATCCCAGCGCCTACTGTCTGTTTGAGCAGTTCCTCCATGTCCTTGAGATCATGACCGCTGATGAGGATGCCGGGCTTGTTGCCGACGCCGATATTGACCTCCGTGATTTCGGGATGTCCGTAAGTGGAGGTGTTAGCTTCATCCAGAAGAGCCATTGTCGTGACTGAGATTTCTCCGGCCTTCATAACCAAGCCAACCATCTCATCCACAGAAAGATTCTTAGTTGTGGATGCGAGCGCTTCAAGCATGAAGTCGTCAACTTCCGGTTTACGGTATCCTAAAACAGCGGCGTGTTCAGCATAGGCGGCAATGCCCTTGAGACCAATTATCAAAAACTCGCGCAAAGACCGCACGTCTTCGTTTTCCGTGGTCTGAATGCCAACCGTTTTGGCTTTTTCAGCAAAGGAAGAAATCGGTCCATTCCAAGTCGCTGCGTCGGGTAGCGCCGCAGTGAATTCTATGCCGTGCGTTGCCTTATAAGCGATCATAAACTTGGCTTTGAGCATATCACGACGCCTAAGACCTTCATGAATCAGACTCTCGAAACGAGTGTCGTCCCAGTTGGCGTTGGTAATAGTGGCGAACAGG
NZ_CP087381.1_gap57	2171718	2176058	4340	ATGGCTTCGCCGTACACGAGATCGTCTGCGACGAGGGCGGCCACCCGGTGGACTACCGGTTCTTGGCTGTTAACCCGGCTTTTGAGACCATGACCGGCATGACGGCTGCCGAGGTGATTGGCAAGACCGTGCTCGAAGTCCTGCCCGGCACGGAACAGGTATGGATAGAGCGCTACGGCCGGGTGGCTCTCACCGGAGAGCCGCTGCACTTTGCCTACTTCTCCAATGAGCTACGCAAGCACTTCGAGGTGGCGGCCTTCTGCCCCGCCCCCAACCATTTCGCGTGCATTATTGCCGATGTCACGGAGCGGGTGCAGGCCCAGGAAGATCTGAGACGCATTTTCGAATTGTCCAAAGATATGATCAGCATTTCAGATACCAGAATGTCGCGTTTTCTTCGGGTCAATCCAGCCTTCATGAACATTCTGGGGTATTCCGAAAAGGAGTTGTTGAGCACTTCCTTTCTCTCCCTCATCCACCCGGATGATGTGGACTCCACAACCGCAGTGATCAGAGAAAAGCTTCAGGAAGGCGAAGAAGTCATCGATTTTGAAAACCGGTACCTATGTAAGTCCGGAGACTACATCTGGCTCAACTGGGTATCGAGCCCGCTGGATGACACGGGACTGACCTACGCCATTGCCCGAGACGTCACCGACCGCAAACAGTACGAAGCGGAGCTCATCCAGGCCAAAGAGGCGGCGGAGTCGGCTACCAGAGCCAAGTCACAGTTCCTGGCCAACATGAGCCACGAGATACGCACCCCCCTTAACGGCATCCTTGGTATGCTTCATCTGATACAAGCCACCCGTCTCGACGGCGAGCAACAGGATTACCTCAGGAACGCCATCCAAGCGGCGCAGCGGCTAACTCGGTTGCTCTCCGACATCCTCGACATCTCACGCATCGAGGCAGAGAAGCTGATCGTCTTAGAGGAGCCTTTCGACCTCAAGGAGGCCCTAAGCTCGGTGCACGATCTCTTTGCCCTCAGTGCCGCTCAGGCGGGCATCAGTTTTACCTTTCTTATCGCTCCCGACATCCCCGGCACTCTTCTCGGAGATGCGATGCGGGTACAGCAGGTAGTGAGCAACCTTGTGGGTAACGCCGTCAAGTTCACAGAGACAGGGTCGGTTACTGTACAGGCATTCCTCCTGACACCGATCAAGGAGGGGCGCTGCCGGGTGCTCTTCACCGTGAACGACACAGGGCCTGGGATTCCCGATGATCAGCTCGAAAATCTGTTCCAACCGTTCACCCAAGGCGACGAGGGCGGGAACAGGCAGTATCAGGGGGCAGGGCTCGGACTATCCATCACCAGACGGTTGGTGGCCCTCATGGGAGGCTCCATGTGCTTGGAGAGCTATCCCGGCGTGGGTACCACCGTCTACGTCAGCTTGAGCTTTGCAAAGACAGACATGTCTCTGCATTTTGCACGAGAAAAGCTTAACATCCCCCTCATCACTGTGGGGCCTCTCAAGGTCTTGCTGGTAGAGGACGACCTGGTTAGCGGCATCGCGGCTCAGCGGCACTTGGAAATCGCGGGCTGCAAGGTCACTCTAGTCACGGACGGCCAACAAGCACTTGATGAGCTGTGCCGGGACAACTACGGAGCGGTGCTCATGGACATACACATGCCCGTGCTAGACGGCGTGGAGGCCACCCGGGCCATTCGGCGCGGCGAGGCTGGCGAGGCTAATGTCACTATCCCCATCGTCGCCTTGACCGCCTTAGCTATGTCTGATGACCGCGAAAAACTGCTCAAGGAAGGCATGGATGGCTATGTGGCCAAGCCCGTGGATGCCGACGCACTTATCAAAGAACTGGCCCGCGTCACCTTCGCGAAATGATAGGACAACAGCACCGAAGCACCCGTTTGCTCACGGCACCATGAGAATGGGGGTAGTCAATAGTTTGTCCCGGTACGTTCGCTTGGAATGCAGTCATGGCAGATGTTGGCAAAAGTTCGACAAGACACGTGGTTGTATCACAAACGATTAGGGTACCATACATATTTTCGAGATAGTGCCGAAGGTGCTCCATCGTGAAGATCGTCTTGCGGGCAACGGATGAATCAACCAGTACGGCCTGAGGATGGCAACGCTGTAGCTGCATTTAGATGCCGACATGGTATTTTATTTGTAAGGGCCCCCTGTACTCCGTTGGTTAGCCTTTTTGAGATAAGGGCAGGCGTACATGAAACGCAGCTCCCTTTCCCGGGGCGGATTCCACGGTTATATCCCCCCTGTGATTACTGTGGACTATCAAGTAGCACACCGAAAGCCCCAGTCCTGTCCCCTCTCCAGGGGGTTTGGTGGTGAAAAAAGGTTCAAATACTCGTCTGCGCGTTTCTTCATCCATCCCAGGTCCGTTATCAATAATTGACGCAAGCAAAAGACCACCCTGTTTCCTTAAGCGGATAGTTATCCGCCCCTTCTCAACCTGCCCGGTGAAGGGCTCCCGTCTTGCCATGGCTTGCGCGGCATTACGTATGAGGTTGAAAAATACCTGCACAATCTCCATCTCAGAGCATTCCACTTTGGGCAAATCTGGAGCGTATTCGCGTAGAATTTCAATATTGCGGAAGTCATAGCGTGTATTCAGATTGTAATCAGCCTGCGCGAGTGCTATGGCCCTTTCTGCCATATCTTGCACAGATCGTGGACTATGTAGGTTTTCGCTCTTGCGGCTGAAATTCAGCATATTGGAAACAATGTCTGCTGCCCTTTGTCCACATTCGCGGATGCCCTCCAGCATCCTGTCAATACGCCGCAAGCGCATGTAGGCCTGCACCGATTCGAGGCTACATCCCGCCTCCTCGGCGGCTTTGTGGTTGGCTGCAATATCATCGTAAAACCGTCTCGAAATGTTCTGGGCACCTTGCAAAATGCCCCCCAACGGATTGTTGATCTCATGAGCCATACCCGCCGCCAGCCCCCCTACGGAAAGCATTTTTTCGGACTGGACCAGTAATTCCTCGGTGCGCTTGCGTTCTGTAATATCCGTAAGGATGGCAAGAACCTCGTTCCCTATGGGCTTAACCCTGAACTCTATACTACGCACTTCACCGTTTTTACAGGTAACCTCGGCTTCCCGCACAGCGCTGGTGGGAGCAATAGCATTTCCCCCTCTGCGCAAAGCCTCATCCCACTGTGCTCGAACCCGCTTGCGGTAGTCAGGATCTGGGTGGGTTCTTTCCCACCAGACATATATGTTCGGTACATCCTCGAGTGTGTATCCGAGCATGTGCGTAAATTCAGTGTTCACCAGCAGAACAGTGCCGTCACGGGCGACAAGAGCCATGCCCAACGGAGAGCTTTCCACAAGTGTTTTAAATCGCTCCCGGCTCTGGCACAGGTCTGCGGTTTTCTGCTGCACGGCCCGTCGCAGGCTCCAGGTCCATAACAAAAATCCGCACAGAAGCAGTAAGATGGGGATACCTGCGTACAGGACATAGAGCATGATGCTCCGTCTTATTGATTCCCGCTCATACACGCCGAACCACTTGTCGTGGATTTTTTCATATTCCCCGGATTCTTTAATGACCTTCAACCCTTCGTTAAAGGCTGCTCGCAACGCCTCATCCCCCTTGCGAACCACGACACCGTAGCGTCTGGGCTCCAAGGGTGGCCCCACAGCCTCCAGTCCATCGAGCTTCCGGCTATGTATGAGGTACAGTGCCTGCAAGCTGCCGAGCAGCGCAGCGTCGCATTCACCTGATGCCAGCGTGTCGAGAGCCTCGTTCTGTGAAGTAACCGTCACTATGTTTACATCAGGCAGGTTCAGACGGGCATAGTCGTGCATGATGTCACCCTGCTGCACTACAACCTTCTTGCCTGTAAGGTCACCAAGCGAGGTAATCGGCGAGCCTTTTCGTACAAACAGGGCGTGGTTGGCTATGATGTGCGGAGTGCAGTAGTCTACAAGCTTTTCCCGCTCCGGCGAGTAATACATGCCTGTCAGGGCGTGTACTTCTCCCTGCTCCAACTGGGTGCGCACTTCGGTCCATGGGCCTAGATCAATGCGGATATTCAGATTCATGGTCCGCGCCACAGCGCGCACAATGTCCACACTGAACCCGGAGGGAACACCGTTGTCCAAAAAATCATAAGGAGGATAGTTATAATCTCCGCGTATGCGGATAAGCGTGTCGCTGGCGACACCCCTTGCGGGAGAAGCGAAAAGAACAGCACCAAGCAGTAACGCGCATGCGAAAATAATGAGCGGGGTGCGCATCTTTGGGTCCTCTACCGGCATAGGTGGCAAGTTGCTGTCATGATAGAAAATGCAATCAAATAGCGTTGTACAGTTAGTTGACCACCAAAGTTCGTTCAAACGCTATC
NZ_CP087381.1_gap58	2182018	2185834	3816	AATGTTCCGCAGGAACACCTTGGGATCATGTGTGGCTATCTTATGCAGACTTCGTGTATCAACCCTGCCGCGTCGACCACTGCCGCACCGCGTCAGATGCGCAGCCTGAAGCAGGCCGTGGAACCGGGCAGCCATTCCATTCGTCGCCAGCTTCGTATCCCGAAGTTGATCGGGTGAAAGGCCAGAGAGATACTTATGTCCTTCTCTGGCCACGGAGAGCAATGCGTTCGCAGGTTCTACGTGCACGCGAGCGGACAACGTCTGTCCGACTCTTTGCCCTAGGTCGACGGGAAGCGCGTCTGCCGAGATGGCCAACAGTTCCTGCAATGACTGGGCATCTGGCTCCTGTGACGAGGAAGGCTGCATCACTAAGTCATTCGTCGGTTTTGCACCGTTTTGCAGAGGGATACGTGAAGAGGCTTCATTTGCTACGCTTCTATCGTGAATTTTGCCCCTGATTATCCCTGATTTTTCAGTGTTGAGACCAGTCTCCCTGGTGGCTGTCTGGAGCACGTCAATGACCTGTCGGGCGTAGTCCAGACATGCTGCCGAATCCGGACAATGGCCACGCATGGTATGCAGAACGGCTTCCAGATGAAGGCGCAACCAAGGCCAGCGTGCATCCAATGCATGAGCCAAAGCCTCGCATTGGACAGCCAGCGCCGGTTCATCCCAGCTTCGTACTGTCAGAAGCAACCAGTCCAGAATGAGGATAGCCTTCTCCTTACTGACGATAGGCTTCTGCTGCAGAAAACAATGCCTGATGAGCCAGCGGAAGTTGCCACGGCAGCCGGGATAGATGGCCGCCATGGCATTTTCCACTCTCCAGTCCTCGAATGTGTTCCAGATGTGCTTCTCAAGCGGAGACCTTGCCAGCTTGCACACGGAGAAATCCGTATGCCGGATGTGGGCGGCCTCGTGGTCTGCGTATCCCCTGACAAGACCGGCGAAGGTCTCGTCATGCTGCGCAGGGAGCGCAGGGAGTTGTATGACGGTGCCGTCGGTATAGGCCTCGGTGCCTCCGATGCGCACGGTAACACCATATCGTCTACCGAGGACTGAGGCCAGAAGCGGCAAGGATTGCAGAATGGGATTTACAGGCATGGTCATCACCACAATCCCAGGCTGTCCAGTTGGGGGCCGACGGGTAACGGTGCCATAGGGAGATCATCATCGTCCTGCAAGCACAGTTCTTCTTCCTGTATATCCGTAAGCTCTGCCTGGTCAGGCAGAACATGAGATGCCAATCCTCGAAATCCGTCCAGAATGTCATCAGGATTTCGTCCGTCGAGCATGGACTGGGCATGGGCCAGCAGTGCCTCAGGATCGCGCAACAGGCTTACCAGCCCCTGCAGCATGACCAGCGTTGGCCCCATGATGTGCCCTTTCTTTCCGACAGCGGAGAAGGCCGTGGATAAGAGATCGGCCACTGGCGTGACGCGAGGTTCCACAAAGCTGAGGCCGGTGAGCTTGCGATACATGGTCCGCAAGGGAGAAAGCGCTTTGCGGGTCACTTCGCTTTTTCCCATGAAGCTTTTGTACCAAGTCTCCGTGGCGGCTTTGGCAATCTCGCCGAAGAGGGTTTGCCCCAGACCGGAAACGGCATCATCAAGCCCGGTGTTCACCACCGAATCGGGGGAATCATCCCGCACCGCCGGGGTCTGCACCCGGAACATCTGCCATGCAAAGCCGAAGCGGGAGCGAACATAATCAGCACTGACAACGGAGTTGGCGATAATGGACTCCCAGCCGGGATTGGTTCGTATCCAGTCGCGTACAGCGTCGTCGTAGCGATCGAGGAAGACAGCCTTTTCCCGTAGAAACTCGGAAGCGATGTTTTCCAGCTCCGCCTGAACTTCGTCGATTCGATCTTCGGGCAGAGCCCAGCCTCCGAGGAAGCGTACGCCATTCCTGTCCAGCAGGGTCGTGGCCCGGCTTTTGAGTGTGCCGAAGACCCGCAGGTCCACAGGGTTGCAGACTCGCTTGCTGCCCAGCGATGCCAGTTCCTCAGGCGGGAGGTTCGTTCCCGTATTGTTGATGTCGAAGTCGGACGGCACGAGCTTACGACGTGCCGACCAGATGTTGACGGACAGATGCACGGCCACCAGGTTTTCAAGCACAGTGATATCCGTATGCATGGGGTTCTCCTTGCAATAAGAAAGGGAGCCGTCGGGCTCCCTGTTAGGTTGTGGATGTGGGAAACATGCGTTGCGCAAGTTCATGAAGCATGGCTCGGGTCTCCCGTGACGCCCGGTAGCCCAGAGCCCGGTCCAGCGCATAGCGTATGGGTTGAATACCCTGCCGAGACAGTGGCTGGAAACGGATGGTCAGCATGGCCCAGCGGATGAGCGTTCGGGTGCTGAAGGTCACTTCAATGGTTTCGCCGTATTTCTGGGTGTCCCCTTCACCCGTGAACAGACGGCGAATCTCGTTGGCAAAGCTGACCATGCTTTTACGGAGCTCATGCGGGATGTCAGGGGCCATCCGTTCCAGCAGGCTCTCTTCGGTGGTCGGGTCGGGGTAGCCTACTTCGCAGAGCCAGAATCTATCCATAAGCGCGATGTTCTGGCGCAGAGTCCCCTGATACAGGCCGCTGTCGTCGGATGCTCCGTTAGTATTGGCCGTTGCCACGAACCGGAACATAGGGTGGGGATGGATGATCTCTCCGCCGTTCTCAGGGATACAAAGCGGTCCGCCATCCAATACGCCGTTGAGGCCCGTGGCAGTTGCCGGATCAAGCAGGTCCATTTCGTTGAGCAGGAAGATGCCACCGTACTGCATGGCAAGTGCAAGCGGTCCGTACTGGAACGCCATGCTTGCGTTCTGTACGCTGAGGTGGCCCGCAAGGTCTGGAAACTCCAGTCGGCCATGAGCGGTCACTTCGAACACCGGATAGTTGAGCCGTGCGGCGAGCTGGCGCACGAGGCTTGTCTTGCCGCTGCCTGTGGGGCCGAAGATGTAGAGCGGATCAGCCCGCTCTTCCGGTGTGGAAAGTAACCATACGACGATTTCCCGCATGGATTCGTGGAAGAGATAGTCCCGGTCGATACGGGGCGTGTAGCTGCAGGGCGCGGCATAGCCTTTAATCAGACGCCCTGAAGCGCTGCCACTGAAGAGTTCCCCTGCGTCCATATCCGTGACAGTGAGGGAATCAAGATCGTTCTGTATCATGATGTCATTCCTTGTGATTGGTGTGAAATACGCGGGCTAACGTAGAGCCGGTGCGAGGGCTTGCCGGTTTTGGTGATTCGGGCAAGCAGTGATTCAGCCTCTTCGTCTCCGAGTTCATTTCGCAGTTCCGCGTCAAGTTTTGCAGAATCGATGCTTTTTCGCCCTGCCTGCTCGACAACTTTGAAGCGAAAACCGGCGGTTTGGAGCCAGCCAGGAGAGTCTCCCACAGACGCCGTTGCCGCATAAAAACTACGGATACGCTCCTCTTCAGTGCTGATAGCTTCTTCAAGATACGCCTTGCTGGCCTTCAGGTCGGCAAGGTCTTCAAGGCTCTGGTCATAGGCAGGATCATCCAGTTCTTGAGCGGTAAACTTAGGACACCCTTCCGCATGGTCACACCAGTCGCACAAGGGATGGAATCCTGTGCAGTAGGGTACGCCAGAGAGGGCTGTCTCACCGGTTTGTATCTGGTGTGCGGTGGTCCAAATCTCACCGGCAATCCGCTGACACATGCCGAGCATCGCTGTGTCGGGCCGATAGGGGCCGAAGGCACGGGCATCGGACATGGACAGACAGAGTACCCAGCCTTCCATATCAAGTTTGTCCGCCTCTCTGGGAAGCGAAATGCCAAACACCAGCTTGGCG
NZ_CP087381.1_gap59	2187271	2188003	732	GCATACACACCTCCATGGAGCACATTACAATTTAAAACACCCTGACGTCTGGCGGCAGAGGCAAAAATCAGGTCGAATCAAGGAAGTAATATATATGTGTAATGGGATGAACTGCACAAGATTGCCAATGCAGAATGAGAACAGGTCACCAACCACCCCCTTCCGACATGTAAAAAATATTGTGTACACAGAATAAAGTTTATACTCTCTCGCATGGGAAAAATACTTGTGACATGGCTTGGAAAAACTGACCTGCGGGCAGTTGATGAATCAGAGCATATTGGTTTGGGACCTATAGCTCAGGCTGTTTCAGCGCGAGATTTTGGGCAGGTACACCTTATTAGTGACTACTCAAAGGATGAGACAGAGCATTATGTAAGTTGGCTTGGAAGTCAGACCAGCTCCGTTGTTTCCGTTCACGCCAAGCCTCTTACATCTCCAACGAATTACGGCGAGATACATCAAGCTGTAGTTCATGTCCTTGAAGATATCCTCAAGCAGGCTGGAGCCGCACCCGAGCTGACTTTCCACCTGAGTCCTGGGACTCCAGCCATGACCGCAGTGTGGATAATCCTCGCCAAGACGCGTTTCCCAGCCGAGTTGATAGAATCATCGTACCAGCATGGCGTTCGCACTGCTGCGGTTCCATTTGACCTATCTGCTGAATTCATCCCCGACCTACTCAAAGCTCCGGACAAGAGACTTGAAGAGCAGACGGCTTCCCTTCCCCCA
NZ_CP087381.1_gap60	2190319	2192561	2242	TGGGTTGCTTACATGGAACTGCTCATGCTTGGTAATGTCTTCAACCGACGTGTTCGACCACACGTCAAGGAGAGGCGTCGTATCCTCAGGAGCTACTCGGTGGATGGAGGAAAGTGCAGCCCCTTCATCGTCGATCAGTATACCAAGCCCATTCCGCAAGCTAAGTTCCTTCACGAAAGACTGAAGTGACATCTTCCCCATAACTGGAGGAAGAGGAACGGTGATCCCTTCCAACTCTTTTTGTAGCTCCGCGAGTTCGTGGACATCTTCGACCCGAATCGGCGTGCTGGAACTCTTCTTACGGGCAGACTTTATCCCTTTGATCTTGCTATTGAGAAGATCCTTACGGGCTCTCCTCTCGGCAACAACATCAGGGGCAAGGGCGATATGCTTAGATATCAACTCCTCCAAAACGCACCGCATGCGCTTTATAATAGGAGTTTTCCCTGAACTAGGCTCTGCGCCGACGGCCATGAAGAGCGACATACCTATGCGATAGTTGCTCGATACAATACATTCTGACCCGATTTGTCCAGCCGCAAACATTGTCAGAAGAGTACATGCTACCATTTCCTTAGAAGAGCCGAGTTCTAGCGCAAGCTCATTTGCGTAGACTTGCGCATCGTTGCACAGAGCCCCATATGGGGATATGGTCAAGAACTCAGGGGAAGCGTATGGCATACTAAGCATTCTCTGCCTCCTTAAGGTTCTCAGCAAACCATGCGAGAAAGGCACCTTTTTCGTAGGCAACCTTTTTCATGAACTTTACCTTGCCGCCTGGCCCTTTACCGAGGGAGTCAAGGTTGGCCAAAGTGCGGGGTGCGATCACCCCCCCAGTTAATCTTCCAACTTCAGTACGGGCGAAGATAGCCGGAAGAGATTGGGTCAGATTGTCCAAAACTTTTTCTGTATACATATGTCCTCCAGAGTAGAATTTGTAATCAGTTGAGGATATGGCAGAAGACATCTTCTCCTTCTAGATGTCTATTTCTCAGAAAAAGTTAGTCGCAACCGTCTCACACTTGGAGGTTTGAATGGCAGCTAATAAGGATTCGGATCAACCTCGCGTAATATTTCAAGACGAGGACAGAAACATTGAGTTTATTCGTAGAGAGTACACTGCAAGGCGAATATTCCTTGACTACAAAGAAGCATACTCTGACGTTGAAGATGCGATATTCAGCCTAAAATATGTCAGCGAACTTATTGAAAAACTAGAACACAACTCTCCATGCAATAATCCAGAGCCATTCGACACTAAAATTCTCAATATGGTCGCCAACGGAACGTTTTCTACGCTTTTAAGAAAGCAATGGTTCGCATCAATCGAAAAATGCATTAATATCGAAAAAATAGAAAAAGATATACATTTTGCCTACGAGCTATCGGTTAAATATGGCTATATCATTTCAGATATGGGAATGAATTATTCAAATCATCCAAGGAGAACCTCTCTTCTCGAAACACTATACAAAGAGTCCATAAAATTCAAAGAAACATTATTGAAAAGCACATCAATAATAGATATTCCGCACGATATGCAGATAACATTTATGCACAAGAATAATGATGTTAGATTCTATGGAAGCAACGCAACACCATGGCATCGAGTCAGAAGCAACTACGTCGAAGAATGTGAGATCGACTTAAATGATCCAGAATTTAAGAGCACATATGAATGTAGCGTTTCAGGCTTCTCCGACAATGATTTTAACTTTGAAGCTACAATTTCAAAAATCTCTTTAGATATATGCTCAACAAGAGTACGACATATTTTTTATAAAAAATTAATAATATCAGACGCACTTTATATAAATCTTAAACACAAATTTAAAATAAATGAACAAACATGTAACAAATACATGACTGACCATATACTCGAACAAGAGAACGCAATTACCCTTGAATCATACCAAGCGATGTTTCCATTGGATAGACATGACGAAGAGCTGCTCGCACTAAAAAACAAAAATGTAACTAATTATTATAATAAACTAAAAAAAATTAACGACGATCTCTCTAAAGAGCTTATAAAGCTTAAAAGAAATATTGAAATATCAATTAAAAGAATACACACAGGTCGCTACAAGCAAGCTAATACTTACGCTCCAAGATTTGCAGGCTTATGCCTGTGGGATCTTCGCTATTTCCATGGAATGAAACTTAACAAAGCGATACAGACTTTTAAAAAAGAATACCTACAAATATTTGGATGTTCATATACTGACGAAGAATCAAACCC
NZ_CP087381.1_gap61	2205709	2209342	3633	ACTTCAGCGGCTTGCAAGGATCATCGGAAGTAATTTCAGACGTGCACATGTTCTTATATCGAGTAGGCCACACGATTGGCTGCCAAACATTGATGGTCCCAAAATCGACAAGTATTTACCATTACCACCTCAAATTATGAATACTATCCAAGAGTCGTCGGGCGACGTGTTTGTTAAGGTGCTGCAGCGAAAACATGAGCCCCCCCCTACAACGAAAGAAAATACCTCAAAAAGCAGCACAACCTATAAAACACTTGCGTTAGCGCCCCTTACTAACACCCTGATCAAGTTGTATGTCGAAAACTCAGGAGTATCGGATTCAGCCGATTTTCTGGCTGAACTGGAGCGTACGGAGGCTTGGACTTTTGCTCGACGCCCTCTGGATCTGACAGAGCTTGTTGACCTCTGGAAAGAGTCCGGTCGAATTGGTAGCCAGCGAGACCTACATGAAAGCAATATTCTTATAAAACTCAAGGATGATCCAGAGAGGGCTGATAGAGGAGAGTTGACAGACGAGAAAGCGCATGAAGGGGCAGAACGGCTGGCGCTGGCTCTAACGCTAAGGCGTGCCCTTTTGATCAAATCACCTGGCGCTTGCAATTTGTCTGGGCGAGAGGGCAGGAGTGTGGAGCCTGCGGAGATTCTTAGCGACTGGACTCCGCGAGAACGACAGACTCTATTGCGACGTGCTTTGTTTGATCCAGCGACTTATGGACGTGTTAGATTTCATCACCGTTCTGTCCAAGAGTATCTTGCCGCGCAAAGATTTCAAAATCTTCGCGATAAGGGAATGACGTTCAAGGCTATTTCACGGTTACTTTTTTCTGAGCAATATGGTGTTAGGGTTATTCGGCCTACAATGCGCCCGATTGCGGCATGGCTTTGTATTTGGGATTCAGACATTCGAAACGAAGTCATCAAGCGTGAGCCGGAAGTTTTGCTCTCAAAGGGGGACCCTTCGTGCCTCGAGCTGGACGCTAAGCGGAGTCTTCTGCGATCTTTCGTCGCTCGCTATGGGAAAGGCGGGTGGCGCGGAATAGATCTTCCCCACAATGAGATACGAAGACTCGCAACGCCGGAACTTGCATCGACCGTCAGAGAGCTTTGGGGAGCTGGGCCAACGAATCCTGAAGTGCGTGAACTATTAATATCCATAATTTGGATGGGAGCCATTTCGGAGTGTTCTGACCTCGCTTTGGCGGCAGCTGCTAATCCTGATTGGAATGATTATGATCGTGTCGTCGCAATAAAAGCTTTGATTGCCTGTGGTCAGGTTGAGACTGTTCAGAGTTTGGCAAATGATATGCTGGGTGTGGGAGAGGCTTGGACTGACAGACTCGTGCATAATGTTGTGGCTGATCTTTTTCCCAGATTTATTTCAGCGGAAGCGCTCCTTACTCTAGTCGAACGAATTCCCGAACCCAAGGACTCCGTACGGGGTTTTAAGTGGGTGCTTCCAACTATTGTTGGTGAGGTTGTTCCTGGAACCGATTCTGCGGCAGTCTTGATTGTGGGACTCCGCAAGCTGCTATGGGAGGGGCGTGACGAGGGGGCACATCTCTTTAGTCTCAGAAGTAGTTATAACTATTTATGCCAGTCGCTCGCCAAATTGTGTGAAGCTGAGTTGAAGCATTCTGGAGGGGTAGTATCTCGAGAAGTGCTTGATGGTTGCATAGTTGCGTCCCGGTTCTCAGGTGAATATTACGCACCAAAAGACTGGAATGTCGATTTAACTCAGTTTTTTGTGGATTCGCCAAGTCTCCGCCAGCAAATGTTCTGGGCAGAGATTGAATTTGCTGAGGGGCTATCAGAAGAATCCGATCCGCATAAGTTCTATAATGATGCTACATTTCATAATTTTTTAGGAATTTTAAAAGAAGATGACCGGAAGTGGTTAATGGAGGACTTGTCCAAGATAAGGCCACTCCAAGAAAGGCTGTTTGCACTATATGCCTTGCTGGATTTGTGGAGGATGGCAGGCAGAAGAGATTCGGACCTTGAAGACATAAAGCGTGTGGCTAATGGGTGCGTAGAGATAGAGAAATCTATTGATGAATATTTTGTACCCATTTTACCAAACAAGACATTTGAAGAACATGAGCGAAAACGAGAGGCGAACGCTGTCACCAGAGCGACTGCAGAGGCTGAGCGAATAGCAGGATGGATAGAATGGAAGGACGGAGTGCTTAAGGATATTGATTTTGCGTTTGTAGAAGCTGTTTGGCGCTCAACGGTACACAATGTGTACTCGTGGCTTGTTGAAAGTCGATCTGGGGGAGATCGCTATAACGTATGGAACAGGGCGTTGGTGGTGCAGGCATTTAGCTCGGAGTTTGCTGATCGGCTTCAGAAGGAGCTGGGGCGATACTGGCGAACTGTCTCTCCCACTCTTTGGAGTAAAAAGCCAAAAGAGGAGAGAAATAGCACTCCTTATGACTGGATATACGGGCTATGTGGGGTGGTAGCTGAGTCCGAAAATTCGGGATGGGCAGAGAAACTCTCGGCAGACGAAGCTCAAAAGGCCACGCGTTATGCAACAGTTGAGCTTAACGGATTTGCGACGTTTATAACTGATGTTATCAAGGCACACCCTCATGCTGTCAGAGTGGTCATCAAGGAAGAGATCTTGGCTGAAATCGAAGAGTGTGACATTCATGATCATCTCCCCCTGCTTCATGATTTACGTTACGCGAATAAGGAGTTAAAGGCGCTACTCTCCCCCGTGCTGACCGAGGTTGTCACAACGTGGCCGAAAGATTTTGCTGAATCCGCCGCAAATAGACGAGCCAAGCACCTCAGTGACATTTTATATATCCTAGCAGAGGTTAGTAGCGATGCTGAACGCCAGCAGATTATAGAAGAATGCGTTCGACGATGCAGATTGGCAACCACATGGTCTCATGTGCGGCCTTGGATAAGTGCACAGTTTAACTTGAGCCCCATTGAGGGAGCTACGGAGCTAGAACGGCAATTTGAGTCCGAGGAGGACTCCTCTCTGCTAGGGATAGAAGTGTTTGCGACCCTGTTCGGCAATCGTACTAGTATCTCGTTTGAATCGATAGAACCAGATCTTCGTGCTAAGGTTTTAGGCAAACTTGTTAGGTATGCCTATGCTATTGTTCGTAGAGAGGATGATTTGATCCATGACGGGGTGTACACTCCCAATCAGAGAGATGACGCACAGAGTGCTAGAAATACGTTGCTTTCAGCCTTAATTGACACTCCTGGGATAGAAGCTCGGCGCGTCTTGTTAGAGCTTGCGGAAGAGCCTAACTTTTCTCATTTCCCAGAACGACTAAAGCACCTTGCCCAAAAGCGCGCCGCGACAGATGCTGAACTTGTCCCATTGTCGTATCGCGAAATTGAAGCTATCGAGGGCAAACTAGAGGCTCCCCCTCATGACCGTGATGGCTTATTCGATATAATGCTCGATCGACTGGAAGATTTGGCGCACGACATCGCTCACGGTGATTTTTCCGACAGAAGGACTCTTAGAACGATTAAAGATGAGCCAGAGATGCAAAGGAGCCTTGCTTGGAAGTTGGATGCCAAATCGAAGGGAGCATTCATCGTTACTCGTGAGGATGAGGTTGCTGATCAAAAAAGAACGGATATCAGATTGTCAGCAGTTCA
NZ_CP087381.1_gap62	2211257	2215472	4215	GGGTAAAGATGCGCTGCGGGTGTGTTTAGCAGCCATTGCGTTTGCAATTCGAGAAGCTTCTTATCCATCTGCCCTGTGCCCGAAAAGAATCAAGTGGTATATTTTTTACTCTATTCTCAGTGTGCCGTACTCTAGCATTATGCCTTCAAATATCTGGAGGTGTAAATGCATACACGCTTACTTGGCATTAATGAGCTCGCCGAAATCCTCGGCATAACAGCTCCAGCAATTCACTCTCATTTAGCCCGGAGAAACTTCGAGGCCGTTCCTCCCCCTATCAAGTTGGGGCGTCGCCTCGTTTGGCCTGAGTCCGTTTTGAGGGAGTGGCTCGATGAGAAGATAGCTCAGGCACAAGAACGCATCGCTGCGGAAGCTGATCAGCTAGAAGAAAGAAGCCTTCCCGGTCGGCCGCGAAAGACGCGCACGCGCACATACTAACACAGGAGGAATCTGCGATGATCTTAGACATTCCAGCATGTATTGCTCCATGTGATCAAGCCTGCATGCAATATCTGCGGCAATCTGGGGAGCAACCTGCTTCACTTTATCGTTGCCCGTTGGGCCTGTCGGTGTGGCAAGCGATTGTCTTAAAGCATCTTGAAACGAAGGTTGGAACTCTCGTTTCGTTTGAGGACGTAGCGAGGATGATTAGAACCTCAACGGGCTATCCCGCCACGCGAGACGCAATTCGTGGGGCGATGGAGAGACTTAAAAACAAGGGGCAGTTGCGTTACGCACGTGCTCGCCAAGGAATGCTCCAAGGGGTTCGTATCACCCAGAGCAGTCTTCCATGTCGGTCAGCAGCAGGCGGCGGGCTTGCTATGACTTATGCAATGCCTTGTCCTCCTCATTCTGCCGTGCAGTCACCTGCTTCTATAGAAGAAAGACAGAATACAATATCTCTTTCTTGTGAAGACCGCCTTTTGGCCATCACCCAAAAGGACTATGAGATACAGTTTCCTGAGCTGGCCAAGTCAGGGTTCGGAGAAAGCCAGATGCGTCAAATTGTCCAGAAGAGATTGCGACAGGGGGAATCGCTTGAGCATGTTCTTCAAGGATTGCGGTATGCCGAATGGGAGCTGCATGCAGGTAACATGCGGGATAAACGAGGGGAGACGGTTGCGAGTCCTTGCAGCTTTGTTTTTACCAGCCTGATTGGGCAGGGGCATTATCGTAAGCCAGAGGGCTATATTTCACCGGAGGAGGCTGCTGAACGAGACCGGATAGCTGAGGCAGAACAGTTGCGGAAAGTTCGCCGCGAACGGTTCGATGCTGAATTTGAAGCTTGGCGGCTCGGGCTAAGCAGGGAAGAGCTAGAAAGTATCCTGAAGGGGCAGCGCTTAACACCTTCACTTCAAAGAGCGGCTTTACGAACTTACTTTGAAACAGAAATATGGCCGGAGATGGTGGGCTCAATTGAGGTGGGACAGTCCAAACGGACGGGATAGGCCACGCTAATGGGGGGGGACTTTCAGGGCAACGGAAACGGTTTCGTTGCCCTGTAGTTGTTCCCCTAGGGTAAACGTGGGTATCCCATTCAGGGGGGGGGCGGGCGATTTTTTACGGCACCCCTGGAGTTCCGTTCATCGATGGAAAGGGGTGGGAACTGAGATGGCGTGTGAAATTGAAGGGGCCGGAAAAGCTGGGCAAGTGAAGGTGCGTTGAGTGTTTTGCCATTTGTTTCAGCATGTTATTGAAATATGGCGTAGAGTTGTAAGCTGTGGGCTTGGGTGTTAGTGTGCGACAAAATTAAGAACACGGTGTGATATTTTTCATGAAAGTTAAGGTAATAGATTTATTTGCAGGCGCTGGCGGTTTTACTGTTGCGGCGCAAATGGCTGGTTGTGAGGTGGCTCTGTCGGTGGAAATTGACCGCGTAGCATGTGAAACCTTAGAAACGAACCACGGAGCATCCGAGATCGTCTGTGGAGATATTTGTGACTATTCTGGCGAGGCTTTGTTGAAGCGCGGAGGGATTAAAAGTGGAACTCCCGTTATTGTCGTTGGTGGACCTCCCTGTCAGCCTTTTTCAAAAGCAGCGTATTGGACCGACCCTGGTGACGATTCAAGGTATAGAAAGGCGCGGCAAAACGGACAACTGTGTGAAAAGCCAAAGCAAATATTAAGTGCCAAAGAGGATAGCCGAAGAGATTTGGTCCATGAATTCTTTAGGGTTGTGGAAGAGGTTGATGCAGATGCATTTGTGTTTGAGAATGTGACAAGTATCTTGCATCCTAGGAATGCTGGTCTTTTTGATGGCCTCATATCGCATGCTCAGTCTCTGGGGTACAATGTTGCTTATGGGAAGCTAAATTCTGTTCATTATGGGGTCGCTCAGAGAAGGGAAAGGGTGTTCATTGTTGGATCACGAAAGGGGAAGCCTACCTTGCCCAATCCAACTCATTACTGGGATAAGTCCGTGGGGCGCACGAGTTCAAAGGTGCTTCCTTTTGTTTCAGTTGAAAGCGTGATTGAAGAGTTCTCTGGACCAAAGTTTTTTGAACCTGAAGAGGTAATAGTGGGACGTTGGGCAGAACACTTAAAAACTGTGCCTCCGGGAATGAATTACAAGGCCCATACGGCTTGGGCAGGGCATCCGAATCCTACTTTTGTAACCGAGACTAGATTTTGGAACTTTTTGTTAAAGCTTGACCCGAAGTTACCTTCTTGGACTCTTGCAGCAAGCCCAGGGCCATGGACGGGGCCTTTTCATTGGGCTTCAAGGCGGCTGAGAACTCCAGAGATGGCTGCGATTCAGAGTTTTCCAGAGGGATATGTTTTTAGAGGTACAAGGCGAGACAGAGTAAGGCAGATCGGCAATGCGGTTCCTCCAGTGCTCGCTGAAAAGGTAATTTCTCAACTGCTTGGTGTGATGTAAAAATATGAAAATGGTAAGTTTGTTTTCGGGCTGTGGCGGGCTTGATTTAGGGCTCGAACGTGCTGGATTTAAGTCACTCCTTTCGGTTGATGTCGATGGGAATTGTGTTTCTAGCTATCAAAAGAATTTTAATTGCAAAAATATATATTGCATGTCCTCAAGTGCAGTTGATGAACCTTTTTTAAAGAAAGTTTTAGGGAGCGATTTCTCAAAGATAGACTTGCTTGCTGGCGGGCCTCCTTGTCCTCCTTTTTCTAAATCTCGATTTTATCTTAAAGATAAACCTAGGGCGCTTGATGATCCATTGGCAAAAGAGACGATAGGGAGTTACTTGGAAGTATTGTCAATGCTAAAGCCAAGAGCATTTGTGATGGAGAATGTCCATGGCATGATGTATAAAGTTCACCGAGAGTCGTATGATTTTATAGTTAATTATGCAAAAAGCCTTGGGTATACAGTTTCATCAAGGGTTTTAAATGCGGTTGATTTTGGCGTGCCACAACAACGGAGGCGTTTGTTTATTGTAGGTGTCCTGGAGGGGGAGTTCTATTTTCCTGAGGAAACGCATGCTGAAAACGGTGGTAGTGGAAAGGAAGTGTGGGCTACGGCAGGAGATGTGCTTTGCGATTTAAGTACTGCTGAGGTGTGTGATATTCCTGGGCACTTTGCTGGAGGGCAGCACCACAAACTACTGAAAGGGATTCCTCCCGGAGAGAACTATTTGTTTTACACCTCAGAGAAAGGGCATCCAACACCGCATTTTAAATGGAGATCGCGGTATTGGTCTTTTCTTTTGAAGCTATCGCCGGACAAGCCGTCATGGACGATTCAGGCAAGAAGGTCCAACAACATGGGCCCATTCCATTGGCAGAGCAGGATACTAACTATCGAGGAAGTGAAGAGGCTTCAAACGTTTCCCGATGAATGGTTTTTGGAAGGTGGTATAGAGCAGCAGTGGCGCCAGGTTGGTAACGCTGTTCCTCCTTTATTGGCTCAGGCCGTTGGACAGAAAATCGCGCTTAGCTTGAAGTGAGGTTGCATATGAAAAGTCTACGGCTTTTTTCGGCAAATGAGTTTTCTCCAGGAGTTGTTAACCTGGAAGAATTGCTTCATATGGCGATAGAATCTATGGGTGATAAAAGTAGCTTTGTCGAGTTGATTAGGGGCAAGTATTTTGCAAATCATGCACAGCATCATGACTCTGCAGAAGCAAGGTTAATTCAGCAAAAGAAGTTGGCAGGAAACGTTTGTATTGGTCTTACTAACTATGGGTTGTATGATAACAAGACGCATAAATTGACGGAATTCGGTATTCACCTGTCCAGTCTTAAAAGTTA
NZ_CP087381.1_gap63	2218508	2219492	984	GCATATGCCCGAACACTTCGCAATCATACTTGACCATCAATCGTTCTCCCTGCGTTACGCGAAGGTTTCTGCCACAACCTGCATCGCTCGCGCAACGCAGGCTCAAAGGCCGTCGCCCCGCTCGCCGGCACGCGGCAAGCGCTTTGCAACAAGATACACCCACCCGCACACCTGCGTCAATTCATCTGCAATCTCAATGGATTGATCGCCTATTATTTCCCCACAGCCCTCGTATGCCCTGTGCTGGCACATCGTTCGGTCATCTGGTACATCCGCAGGCATGACACTGCGCAGCCCCATGCCCGAATCCTCCCCGCCGTCCACACCCCGCCTTGTCGTGCTGGGATTGGACGGCCTGCCTCTCAGCCTTGCCAGACGGCTGGCAGCAGAAGGCACCTGCCCGAACCTCGGCAGGCTCGTTGACCGCGCCTGCTCCATCGAAGCGGAATTGCCGGAACTCTCTCCCGTCAACTGGACCAGCTTCATGACCGGCACAGGCCCCGGCGAGCACGGCATATTCGGCTTTACGCGCATCCATGCGCAGACGTACGAAATGGGGCTTACCAACTTCACGCATGTGCAGACTCCCACCATTTTTGACAGACTGGGCGATGCGGGCTTCACCTCGCGGAGCATCAACCTGCCGAACACCTACCCTGCGCGCCCCATCAAGGGCATGATGGTTTCCGGCTTTGTTGCAGAAGAGCTGCACCGCGCCGTGTTTCCGCCCATGCTTGCCGCCATGCTCGGCGGCAGAGGCTACCTGCTGGAAGCAGACACCACCCGCGCCGCGCAGGAACCGCTGCACCTTCTTGCAGAGCTGCGCCGCACCATAGAATCGCGCCGCACCGCGCTGAATATGCTGTGGCCGGACCTTGCGTGGAACTGCTTTGTCTTTGTGCTGACGGAAACCGACCGCCTCTTCCATTTTCTTTTTGATGCGGTGGAAGATGCTTCCCACCCGCTCCACCGGCCCTGCATGGA
NZ_CP087381.1_gap64	2243853	2248773	4920	AGCCCGTCCACATGGGCAACAGTGCCGCGCCCCAGATGTTCCACACCGGCCTCAAGGTCCACAATAACCCACTCGTCGCGTTCCACAATCAGGTGAGCCAGCACAGCCTTGAGCAGGGCGTTGGCATCACAGGCGCACCCGCCACCCGCATTGGTAACGGCCCCCATGACCAGCAGCCGCTTGCGCCCTGCAGTCACGCCATCAAGGGCGGGGCCTCCCAGAGGCACATCCACGGCAAGAGATTCAGGCAGGTCGCCCACGTCAGGATTCAATTTGAGAAAACCGTCCGCGTGGATGCGGTCACGCACCAGATCGGCCCGCCTGATGAGCGGCTCCGGCAACGCCTGCGGTGACAGGCCGGAAGCCTGACCGAGCGAGAGCGCCGTATCCGCGTCCACCATCCACACATTTTTGCCGGACCGCGCCAGCCAGTCTGCCGTCCACGCCGCGAGGGAGGTTTTGCCCACCCCGCCTTTGCCTGCAAACGCTATTTTCATGATTCACCACCGCCTGATTGAACCGCAGGCTGCTTTGCCCGCCTGTATGCGCCCCGCATTCCGTATCATCCGGCGCCTTCCCTGCTACCCAGAGTCTCTGCGCCGATTGCCAGCAGGAACGGCCCCTGCGCACACCCGCACGGTGGCGCAAGGTCAACTGCGGGGCGAAGGAGGTTTCGCCCCGCAGTATCCTTCTATTCGCTCAGTCCGAGCGCCTTACGCTTTGCCCTGATGCGAATATCGAACATCTCTGCCGTCTTCACCGGGTCAGGCTCGATGAAGAAGGAGGCACCCACCAGCCCTTCAAGGCCGGAGACGGCAAGATCCGTCACGACCGTGGAGCCAAGGATGTTGGGCGGATGCCCGAGATGGGTATAGATACCGCTGGCCACGGCATACAGGCCGATGGCAGCAGCCTTTTCCGAATACCATTCCGGCGAAGAGGCACCCACCGGCAGATCGGAGATATCCACGCCAAGCGCGTTGGCCAGCGCGGCGCACAGCTGCATGATGCGCGAGTTATCCACACAGGAACCGTAGTGAAGCACCGGCGGAATGCCCAGAGCGCCGCACACCTTTTTCAGCCCCGGACCTGCCATGTCTATGGCCTGCGGAACCAGCAGCCCAGCCTTGCCCGCCGCCGTGGTGACACAGCCGGTTGCGAGGACAAGAATGTCGCGCTTGATCAGTTCCTTGGCCAGCCCCACGTTCATGGAGTCTTGCTTGAACTTGGGGTTGTTGCAGCCCACAATGCCCACGGCACCACGAATTTCGCCGCTGGCAATGGCCTGCACCAGCGGGTCGAGCGAACCGCCCAGCGCGCCGATGATGGCCTCGTTGGAGAAGCCGGTCATGATTTCCACAGGCTCGCAGGGAATGTCCACGCGGGAAGCATCGCGTTCCGCAAAGGCGTTCACTGCAATTTCCACGATCTTACGGGCCTCTGACAGCGCGTTGTGCGGATGAATGTCGAAGTGGATGCCGCCGGTGAAGCGCGCCTTCTGGGCGGTATCGATGAACTTGGTGTGGTAGCAGCCGGAAATCTGCACAAGGCTGGGCATGATGCACTGGTAGTCCACCACAATGGCTTCCACAGCGCCGGTAATAATGGCCAGCTCGGTCATGAGGTGGTTGCCCGCCATGGGAATACCCTGCCGCATGAGCAGCTCGTTGCCGGTGCAGCACAGGCCCGCAACATTGATGCCGGTTGCGCCCAGCGCCTTGGCCTTTGCGACCATTTCCGGCTCGCGTGCGGCAGCCAGAATCATTTCGGAAACCACGGGATTGTGCCCGTGCACCAGAATGTTGACCTGATCCTTCTTGATGACGCCAAGGTTCGCCGTGGACATTCTGGGCGTGGGCGTGCCGAAGATCACGTCAGACAGCTCGGTGCCGATCATGGAACCGGACCAGCCGTCCGCCAGTGCGGTACGCGCAGCATGAATAAGCGTGTTGGGTGCATCGTTGTCGCAGCCCATGTGCGTACGGTGCATCATTTCCGCGATTTCGCGGTCAACGCCACGCGGGGTCATGCCCAGCTTGTTCCAGATGTCCTTGCGCTTCTGCGGCACCCGGGAGAGGAAGGCAACTTCCTTCTTGCGGCTGCCGAAGTCGCCGTAAAAAACTTCCATCACATCACGGGCCACATCCATGACGGCGCGGCCTTCGGTCTGCACGCCCACCTCGGCGGCAATGGCACGCAGCTTTGCCTCGTCGGTGATGCGATAATCGCCGGTTTCGCCTTCCACAATGGCTTCCAGCACTTCGATAAGATCGCGTCCGTGGTCCGAATGCCCTGCCGCACCACCGGCGATAAAGCGTCCGAAGTTACGGGCCACCACCACGTGAGCGTCTGCGCCGCACACGCCGCGGGGCATCTTTTCGCTGATGCGGCACGGCCCCATGGTACAGTTGCGGCAGGTCGTTCCCAGCTCGCAGAATTTGCAATGCGGGGTCTGCTGCGCAAGGCGCTCATGCACGGTTTCAATGCCTTCAGCCCGCCCCTTGCGGATCATGGCCTTTGCATCGTCCCATATGGTCAATTCATCAATAGGTTTCGGTTCCCTTGCCATACACGCCTCCTTGTCTCGGCTTCAGGGAGCACCACCCCCCTGTTGTCTAAAAAACGGCACTATCCATATTCCAGCCCCCACTCTATCGTGAAAACAGTTCCGCGTATGTCGGCTAGCCGACATCTCTGGCCGCTTTGTTCTTTTTTGCCTCAGGCGGACAGGGAGGATAATCCCCCTGCACCCTGTATAAGCGATACATCTCGGACTATTGGCTCAATCATCGGATTAATGATGGTCGTTTTGCAAAAACTTGAATTACCACCAAGCCAGACTTCCGGCAGGCACATCAGCGGCCAATTGCATAAAAAAAGCCTCCCTTGCCGGGAGGCTCCATAATCACATGCTTGAGGCACCCGCCGCTCGCTCAAGAGCGGCCATGCTGGGAATGAAATATCGGCCCCTGCCGCGCTTGTGCATAAGCTCGGCACGCACCATGTCGTTCAGCAGCGTGGAAACCGTCTGGCGGGTCGCCCCCATCAGCTGGGCAAGCTGCTCGATGGTCAGATCAATCGTAAGATCCACGCCGTCCGCCTCCGGCACGCCGTTTCGTTTTGCCTCTTCAAGAATGAAACCGATAAGGCGCTTGTAGATATCCTTGAAGGCCAGACCGCCGATTATGGAAAAGGAGTTGTTCAGAATATTGCCGAGCACCCTGACCATGGTGCGGGTGAATAACGGCACCTCGACCATGACCCGCTTCACGGACTGCACGTCCGTTGTCAGCAGCAAGGTATCGTCCATGGCCTGCGCAAAGCACCCGGCGTGAGTGGAATAGATATCGCCCCTCTCAAGAAACCCGAGGGTGAATTCCTTGTCTTCATAGGCCAGATATACCCGCACTCTGCCACGGGCGATGACGAAAACCGTGTTCTCATCCGTCTCAGCCGCATAGATGACCTGCCCTTTGGGAAAAGAGCGCTCGTGGAACACAGCCCGCAGGCCGGAAAGTTCCTCTTTTGCCAGTTCATCCAGCAGGTTGACGCCGGAAAATTTCATGCACGCCTCCAGTGATCATGCATATGCTCAATGGAGCACATGTATTTTGAATAGTTCTACATACGGAGGCAAAAGTACAGCGAAAAAGCACCACGACATGCCGGATACAGCTCCCTTACGACATTATCCGTGTTCGGGCATACGCAAAGGCATTGAGGAGATGAAGAGACGAACGACCGGCGGGCAATACCGGTGGGCAGTATCAGCAGACAGAGCCTGTTGCCTACCCCTATCCTACCCCTATCCTACCCCTATCCTACCCCTACCCTAACCGCTGCCAGAGAGCGGCAAGGCCTTCGCCGGTGGCGGTGCTCACGCGGTACATCTCGCGGGCACCGGCGGTGTGCAGAAAACGCTCTGCGCGTTCCGGGTTGGCGTCAGGGGCGTCCGTATTGGTGACCACACCAAGGACGGTGCGGTTGAAGATGGGGGCAAACTGGGGGGGAAAGACGCTCGTTCTGCGGGTGGCATCCTGCACCATGAGCAGGATTTCGCAGTCGGCAGCGGTGGTGATGAGGGCGTGGTAGAAGCGGCGGTTTTCGAGAAACTCGCCGGGAGTGTTGATGAAGGGACCACAGAATTCCAACGCCATGGGCCTGCGGGAAACAAAATGCTCACCGGAAAGCGCGCTTATGAGCGAGCTTTTGCCCGCCCCTGTCTCGCCAATGAGCATGGTTCTCTTCATCGTGAGTAGCCTGAGGGATGGGACTAGGAACGGGTCATGGGGACGGAGGCATAGCGCAGCACGCCGTCAAAATATGCCAGCACAGCGCGCAGGGCGGCTTCCACACTGGCAACGTCGCCGGTGATCATCAGCGAGCCGCCGAAACGGTCCAGAAAACCGATATCCACTCCGGCCGCCTTGGTGGCGATATCCGCAGCGATAATCACGCCTTCGCTGGGCGTGATGGTCAGCAGGCCGATGGCATCGCACGCCTCGTTGTCCAACCCCAGTTTCAGGTAGATGCTCTTCTGGGGGCTGGCGATCACATGCGCCAACGTGATCTGCTTACCCGGAACATATTCCTGAATGACACGCTGTTTGGGTTCGTCTGAAAGTATGGTCATGTCCGTTCTCCAGTTTGAAGAGCAAGGTACCTGTGCATATGCCTCCGGCGGGCGGGCTCTGCCCGCACCCGGCGGAACCTGAGGCTCCTGCACCCCCGGTTGGGGATGTCGCCTGAGCGGGTATACCCCAATCCCGGCGTATCATCGCTCCAGCCCGTATTCAGCCCTTATTGAGCCGAAGTCGGAGTGGGGTTAAGCCGAAAGCTTCAGAAACGCTCGTACTACTGCCGTCATCCGGCGGGCAGGGGGCGCGTGCCCCCTGCCCGCCGGAGGCGAAAACAATACTG
NZ_CP087381.1_gap65	2257344	2259541	2197	GTCTTGGAAATGCACTTCTTGGCGCTGGGGTGCGGGGTGAAGACAATGGCGTTGCCGGACTTCAGGGAGATGATGGACTTGTAGATGGTCGTGGAGGTGGGGTTGGTGGAGGGAACGATACCCGCGATAACCCCGACAGGCACGGCAATCTCGACGATCTTGTGTTCCTTGTCGTCCTTGATCACGCCGATGGTCTTCATGTCCTTGATGGCTTCGATCAGCTTCTCGCTGGCCAGGATATTCTTGGTCTTCTTATCCTGAACCTTGCCGAAGCCGGTTTCCTCAACAGCCATGGCTGCCAGCGTTTCCGCATGGGCAACGGCTGCGTCGGCGATTGCCTTCACAATGGCGTCAATATGCTCCTGATCCATCAGGGCATATTCCGCCTGTGCCTTACGTGCTGCTCGCACCAGGGCACGGGCTTCCTGAATGGACAATAGGTCCTTGTCTACCATGGGACTACTCCTCTATCTGCCTGTATGCAGAGATGATTGCTTCAATCAGGTCCTTCTTGACCGCCTTGCGTACCTCTTCCGCGCTCAGAGTAAGCCCGGAAAGAGATGCGGCGATCTGGCGCAACCTGTTCACGCTCATTTTCTTCAACTGCGAAACTTCATGACGTACCGTCTCTGATTTCGGGGGCTTGACTGAAGCGGTTGCCTCAGGCCGGGCAGAAGGATGGGCAGGCATGGGAGTCCCTTCCGCTTCAGCCTCTTCTTCAGTCAAGGCCCTCGCAATAGCCGGAGAAACCGCCGCGGGGTCGGGGTTTGCGGTGCTCCCGGCATTATCAGAGTAAATTTGTGCATTGCCGCCTGCGGGCTCTTCTGCAACGGCGGGGGTTGCAGGGGCTGCAGGGGCTGCAGGGGCTGCCGGTGCTGAAGACGCGGCAGGAGCCTGCGGCTCTTCAACAGTCAGCTCGGCAAAGGAAAGAATCCGTGCCAGTTCCTCATCGGGACGGGCAATAACGTGCTCGGAAACCAGCGTGGCACCGTGTATGCGGCCTATGGCCGAAACAGCTGCATCCACAGAGGCGCGCACCGCAGAGACCTCTCCGGCGATGGTAATGGTCACCAGCCCGCCGCCCACGAGGTTCTTTTCAAGCAGGCGTACATCCGCCGTCTTGAGCATGGCGTCCGCGCCTTCAACGGCGGCGAGCAGCCCTTTTGTTTCGATGAGTCCAAGTGCTTTCATGCGTTTTCTCCTCACTCACAACGGTGCGTGCGTTTCCATCAATGCCGGATAACGGCGACCGGGAAGTCATACTTCCGGATTGCCCCTTCAATGCGCGCGAGTTCCTCGTCGCTCAGGTCCGGCTTGCCTTCCATGGGGTATTCCCATCGCAGCTGGGTGTACTTGTTCACGCCCATCTTGTGGTAAGGCAACAGATCTATTCCCTTGAAATTCTTGTAATCCTGATACGGCTTCAAAAACTCGATCATACGGGCGATGTCTTCCTCGCTGTCGTTCACGCCCCGCATCAAAGGCACCCTGATCTTCACGTTGTTCCTGTTTTCGAGCAGACAGATAAGGTTGTTCAGAATCCACTCGTTACGCACACCGGTAAGCTCGTAGTGCTTGTCGGAATCCATGTGCTTGATGTCGAAGAGAAACAGGTCGGTGTATTCGGCCACCTTCATGATCACTTCGGGGCGTGCATAGCCGCAGGTTTCCATGGCGGTATTGATGCCGCGCTGCTTGCAGGCCATGAGCAGGCTGGTTGCCGCTTCGGGCTGCATGAGCACTTCTCCGCCGCCAAGGGTGACGCCGCCGCCGGAAACCTCGTAGAAGGGGCGGTCTTCCTCAATGATCTCCACAAGCTCGGAGATAGTCTTGCTTTCTCCTGCAATGGCCAGTGCCGTGGCGGGGCAGACCTGCTCACACTCGCGGCAGCCCACACATTCGGCCTTTTCGTCAATCTCGTGCTTGTTGCCTGCGGTCATGCGGTGCACGCCTGCAGGGCAGACCTGAGCGCATGCGCCGCAGTTCACGCAGCTGTTCTTCTTGTAGAGCACCTGATACTGCCTGAGCTGCCCTTCAGGATTCGAGCACCACTTGCAACGCAGGGGGCATCCCTTGAAAAACACCAGGGTGCGCACGCCGGGACCGTCATACATGTTGTATTTCTGTATGTTGAAGATAAGAGCTTTTCTTTCGATCACGGTCTTGCCTCTGGTGTTTCCGGTTGCTTGCGGTAGTT
NZ_CP087381.1_gap66	2260576	2262096	1520	CACCAGCTCGATGCAGATGGGCCACTGGGTGTAGCCGGTGGAGGTCCACTGGTACAGACGGCCGGACTTCTGGGGTTCAACGCAACCCATGAGGCAGTAGTCGCGGGCATCTTCCATGCTTACGCCCTTGGCGAGCATCATCTTGATGTGGGCATCGTCAAAGTGCACGGCAGGGAAGCCCATGCCGGAGCGGATAACGTCCACGATCTTCTTCAGATACTTCTGCGGGGACTTGATGTGCACACGGGTTGCCAGCGTGGGCTGGTAGATACGCACGTGGCGCACTGCGTCCATGAGCAGGTAGGTCAAATCGTTGGTGGCGTCATGCCCTTCACGGGTAACGCCGCCCACGCACATGTTCACGAAAGGCTGGTAGCCGGCAAAGAACTTGGAAGCGCCTTCGCTGGTGAGCCACATCATTTCGGACATCTTCACGAGCATGCAACCGGCAAGGTCAAAGGCTTCGTAATCGGTCATGCGACCGGAATCGATGTCTGCGCGGTAGAAGGGATACATGTACTGGTCAACGCGGCCGATGGACATGCCGGTCTGGTTTTCTTCAACCACGAGCAGAGACTCGACGGTCCAGACAGCCTGAATGGCTTCCCAGAAGTTGCTGGGAGCATGGGCAGGCACGCGGGCGTTGATTTCGGAAATCTTCAGCAGTTCAGCCTTGCGCTTGGGATCGCTTTCCTTGGATGCCAGTTCGTAGGCATACTGGGACAGGCGCTTGGCATAGATCATCACGCCTTCTGCAGTCTCGATGACGGACTTGTAGAAGTAGATCTTGTCGATGTCGTCGGGGTTTGCGTAATCCAGATGATCAAGGTGCTCCTGCGCTTCATGCTGAATGTCCAGCATGCCCTTCTTCATCAGGATGACGTCGTAACCGGGGTTGGAGTCGCCACCGCCGTTCACCGCGTGGTAGGAGCAGTCGGAAACGTAGGATTCTGCGGACATTTCCCACAGGCCTGCTTCGCGGTACTGGCCTTCGCACAGCTCATCAACGGACTTGTTTTCCCAGAAGGGGAAGATTTCGTCGCGCAGGATCTTCTTGTCTTCTTCGGAGATGTAGAAGGGGTCCTGAGCACGGGTGCCGATGCTTTCCATTTCGTCACGCAGCCAGCGCCATGCCACGTCGGGGGCAAAGGCACCGGCGCGGGGTGCGCCGTTGGGCGAACCGACGATGAGTTCGTGGTCCTGAATCACCAGCGGTGCGGTTTCGCAGCAGTAGCGGAAGGTCTTGGCACGCAGCAGCGCAGCGGGGATACCGGGATTCTCCTTGGCAATCTTGGTGATTGCGCGGGCACGGTGAATGGTAACGCTGGGCACATGCGTGAGGAACTTTTCCTTCAGCTTGAGGTGACGCTCGGTGGGACCATCCGGAATGCCGCAGCCTTCATGGTGGTCATCAGCTTTGGCAACAGGAGCCTTGCCCGTCAGTTCTGCGGAAACGCCTTCGAAAATCTTCTTCAGCGAAGCCCGCTCTGTGGGAGTCAGGTTCTTGGTCGCCTCTGCGA
NZ_CP087381.1_gap67	2270555	2273830	3275	GGGCAATTCTCAATTCTCCCTATTTTGCCGGGGTCAAAGGCTATCTGCCTGCACAGGTCCTTGCGTCGGACAAAAATTTCATCATCACACTGGGCCTTCTGGCATCCTTTCTCATGCTCGCCAAGAATGGCGTGGCCGGAAGCGTCACCTATGCCTATTCCCGCCTTGCCGCCAAGATAGATGCGCACTTCGGCGGGCTGCTGCTGCAGAACTATCTGCGCCGCGATTATGAATGGCATGTGAGCAAACATTCCGCAGACCTTGTCACGGCCGGATCATGGCGCAAGAACGTGATCATGGTGTGGTACATGGGCATGCTCGCTTTCAACGATATCGTGCTTGTCAGCATGATGGGCCTTGTGCTGCTCATCACCGCCCCCGGCATCTCCATCGGCACGGTCATTCCGCTCGGGGCCATGGGCATGATCATCTACCGCAGCCTGCGCCCGCGCATCGACCGCCACGCCAGAACATGCGCCAGCTACGAGATGAACATCAACAAGCGCATCTCCAACATCACGCAGGGCATCAAGGAGATCATCATCTCCTCCAACCAGCCCTATTTCTTTGACCTGTATCAGAAGGACGTGACCTGTTCATCCAGATCGCAGTCCATGGTGCATCTGCTCTCGCGCATTCCCTCATGGGCGTTTGAAACCGCAGGGTTCATCACCCTGTGCGGTGTCATTCTCGTTTCCATCATCTTCTCCGACGAATCGTCTCCCTCCGCCATATCCGGCCCCGTGGCCCTGCTGGCCGTTGTGGCATGGCGATCCATTCCCGCGTTCAACCGCATCGTGAACAGCCTTTCGTCGGTGCGCGACTACCTGCCCAGAGCCGAGGCCGTTATAGACGCCATCCTCGACATGCCCGAGCAGCCTCAGGCACAGGCAGATGTCACCCCCCTGCCGTTTGAAAAGAACATCACCATAAATGAAGTATCGTTCACCTACGCCGGAGCTGATTCCAGCGCCCTTGCCGCTGTTTCCCTGAACATAGAAGCGGGCGAAACCGTGGGGCTCGTCGGCCGTTCCGGCTCCGGCAAGAGCACCCTTGCGGACCTCATTATCGGCCTTTTGCACCCGACCAGCGGCCGGATCACCATTGACGGCACCCGGCTTGAATCCGCCCAGCTGCAGCAATGGCGGGCCAATGTCGGCTATGTGGGACAGGCTCCCTTCTTCACCGACGGAACCATCACCGAAAACGTGGCTTTCGGCATTCCTGCAGAAGATGTGGACCACGACAAGGTTGCCCACTGCTGCACCATGGCGGCTCTTGAATCATTCATCGCGCAGCTGCCCGAAGGCTATGAACAGCCGCTCGGCGAACGCGCAGCCAAACTTTCCGGCGGCCAGCGACAGCGCATAGCCATTGCCCGCGCCCTGTACCGCTCGCCCAGACTGCTGGTGCTGGACGAAGCCACCAGCGCCCTTGACCAGCAGAGCGAAAACGCCATTCAGCACACTGTGCGCAATCTGGCGGGATCGCTCACCATGCTCATCATCGCCCACCGCCTCACCACGGTGGAACACTGCGACCGCATCGTCTGGCTTGAAGCCGGACGCATCGTCATGGACGGCACCCCCGACGAGGTGCTTCCCCACTACCGCGCAAGTCTTGAGGCTGCCGAGGAACAGCAGCCAGCGGACAAACGCCCGTAAACCGCATGCGGATGCCCTTCAGGCAGGTCCGCTTCCAGCCGAATTCAGGCAATACGAGACGCATATGTCAGCAAACAGCATCACAGGAACCATTCAGGCCATCCGCACCGCAACGGGTGCCACGTCCGGCATCGTGCTGCACGAGCCCACCTTCGCAGGCAACGAATGGGCATACGTGAAGGACACCATAGACACCGGCTGGGTTTCCAGCGCGGGCAAATACGTCAACCAGTTCGAGGAACAGCTGCAGGAATTCACCGGAGCCAGGCGCGCCATTGCCGTGGCGAACGGCACCGCAGCCCTGCATGTGGCCCTGCTGCTCGCCGGTGTGGAGCGCGATACGGAAGTCGTGATGCCCGCCCTGACCTTTGCGGCCACCGCCGCTGCCGCTGCCTACATCGGCGCTATTCCCCATTTTGCGGACAGCGAAAACACCACACTGGGCATTGATCCCGACAAACTTGCCGTGCATCTCGACAGCATTGCCGAACGCCGCAAGGACGGCACCTACAATAAGACCACGGGCAGGCGCATAGCCGCCATCGTGCCGATGCACACCTTCGGCCACCCCGTGCGGATGGATGAACTGTGCGCCCTGTGCGAGGCCTGGAACATTCCTCTGGTGGAAGACGCCGCAGAATCACTCGGCTCCTACTACAAGGGCAAGCATACCGGCCTGTTCGGCAAGCTCGGCACCCTGAGCTTCAACGGCAACAAGACCATCACCACGGGCGGCGGCGGAGCCATTCTCACCGATGATGTCGCGCTGGCAGACAAGGCCAAGCACATCACCACCACGGCCAAGCTGCCGCACAAGTGGGAATATTTCCACGACATGGTGGGCTTCAACTACCGCATGCCCAACCTGAACGCGGCCCTCGGCTGCGCCCAGATCGAACAGCTGCCCACCCTGCTGGCCCAGAAGCGTGTGCTGGCAGAGCGCTATATCAAAGCCTTTGCCGGTGTTTCCGGCGTACAGTTCGTCAGAGAACCCGAGCACTGCGTGAGCAACTACTGGCTCAATGCCATCATGCTCGACAAGGCGGACATGGCCCTGCGCAACGACATGCTGGAACAGACCAATGCCGCAGGCCTCATGACCCGTCCGGTATGGACACTCATGAGCAGGCTGCCCATGTACGCCGCAGCGCCCCGCATGGACCTTGGCGTGGCACAGGACATTGAAGCACGGCTCATCAACATTCCCAGCGGTGCCGGACTGGCAGCCGGAGCACCCTCCGAAATGGCAGGATAATCCATGCGTAGCATTTGCATAGTCACAGGAACCCGCGCCGAATACGGTCTGCTGCGTCCCGTCATGCGCGCCCTGCTGGCCCGCGACGACTTCACGCTGCAGATCGTGGCAACAGGCATGCACCTGTCACAGGAATTCGGCTATACGGCGCAGTCCATCACCGCCGACGGATTCCGCATAGATGAAAAGGTGGAAATGCTGCTCTCCAGCGACTCGGCCGTGGGCATAACCAAATCCATCGGTCTCGGGGTCATCGGTTTTGCAGATGCCTTTGCACGCCTTGCGCCCGATCTGGTCATGGTGCTGGGCGACCGCTTTGAAATGCTCGCGGCCGTGCAGGCGGCGCTCATTGCACG
NZ_CP087381.1_gap68	2275314	2276695	1381	TGACCACACCCCCGGCATCACCATTCCCGTGGCAGCCGTGGCACGCGGCGCCGTGCTGATCGAAAAGCATTTCACGCTGGACAAGAACATGCCCGGCCCCGACCACAAAGCTTCGCTGGAACCGCATGAACTGGCAGATATGGTGCGCTCCATCCGCATTGTGGAGGCCTCTCTCGGCACCGGCGAAAAGAAGCCGCAGCCCAGCGAGCTCGGCAACATCGCCATTGCCCGCAAGAGCCTTGTGGCCGCCTGCGACATCAAGAAAGGCGAGCCGCTCACAACGGACAACATGACCGTAAAACGCCCCGGCACCGGCATCTCACCCATGCGCTACTGGGAGCTGCTCGGCACTCCGGCAAGCGCCGACTTTACCGCAGATTCCCTGATCACCGAATAGCTCCCCAACTGCCGGGTCATTCGAGGTACCGAACATGAAAGACTGGAAAAATACACTTATAAGCCCGAACACCCCCGTGTTCGAGGCACTCAAGGTCATCGCCACCGGCTCTCTGCGCATTGCGCTTGTGGTGGACGAAGATATGAAACTGCTCGGCACCGTGACGGACGGCGACGTGCGCACCCTGCTGCTGCGCAACGGCGCGCTGGATACGCCGGTATCCGAAATCATGTCGCGCAACCCCATGTTCGCCGCAGAAGATGAAGACAGAGAGAGCATCGCCCTGCGCATGACGCAGCGCGACATTCTGCATCTGCCCATCGTCAATGCCCGCGGCCAGCTTGTGGGCATGCACGTGCTCAAAGACCTTGTGGCTCCGCCCAAAAGGGACAACCTGGTGGTGCTCATGGCAGGCGGACTCGGCACACGCCTGCGCCCCCTCACGGATTCCTGCCCCAAGCCCATGCTCTGCGTGGGCGGGCGGCCCATTCTGGAAACCATCATCCGCACCTTCCAGAAGCACGGCTACAACAACTTCGTCATTTCCCTGAACTACATGCCTGAAAAAATTCAGGAATATTTCAAGGACGGCTCGCAGCTGAACGCCAGCATCACCTATGTGCACGAGCACACCCGCCTCGGCACGGCAGGGGCGCTTTCCCTGCTGCCGCAGCGCCCCGAGCTGCCGTTCTTTGTCATGAACGGCGACCTGCTCACCAAGGTGAACTTCAACCAGCTCATGGAATTCCATATGGAAAAGGCGGCCCCCGCCACCATGTGCGTGCGCGAATATGACATGCAGGTACCCTTCGGCGTGGTAAGCACCAGCGGCAACGACCTACTTTCCATTGACGAGAAGCCGCTGCACAAGTTCTTCGTGAATGCCGGTATCTACGTGCTTTCACCAGTGGCGCTGGACTACATCCCCCAGAACACCATGTTCGACATGCCGGACCTCTACAAGGTGCTGCTGGCGGACAACCT
NZ_CP087381.1_gap69	2280619	2282677	2058	CTGGAAAGTACACTGATCTGCCTGATAACCATGTGAAGATATCCCATTGCGGAACGAGGTTCCCATGAATCTGAACAAGCCTTTTGAAATTCTTGATTGTTCCATCCGCGACGGCGGCTACGTCAACAACTGGGACTTCTCGCAGGTACTTGTCCGCGAGTCCTACAAGGCCCTGTCCAAAACCGGCGTGGATTTCGTCGAGCTCGGCTTCCGCAGCTCGGAAAAGTATTTCCCCAAAAACACCACCGGCATCTGGCGCACAACGCCCGAAGATCTGCTCCGCGAAACCGTGGGCAACATTCAGGGACCGGCCATCGCCCTTATGGGCGACTATGGCAAAATAGACCTTGAAGACCTGCCCCCGGCAGAAGAGTCCGTGGCCCGCATGATCCGCATTGCAGCAGGCAAAAACGATCTTGCCGGTGCTCTGGACCTGTGCGAAAAAATCAAGCAGAAGGGCTATATCTCCTCCCTGCAGTGCATGGGCTACATCTGCTTCACGGAAAACGAACGCAAGGAACTTATCAAGCGCCTTGCCGATACGGACATAGACTACGCCTATGTGGGCGACAGCTATGGTTCCATCTTTCCCTTCCACGTGCGGCCCATATTTGAACCGCTGCTGGAACTGAAGCATCTGAAGATCGGCTTCCACCCCCACAACAACACGCAGATGGCCTTTGCAAGCACCATCGAGGCGCTGGCCGTAGGCATAGATATTGTGGATTCCACCATCTTCGGCATCGGCCGCGGCGCGGGCAACCTGCCCACGGAAATTCTGCTCGGCTACCTCAGGGTGCAGGGCATGGAACGCTACAATCCCTCGCCCGTGCTGAACGTGATTGAGCGCTATTTCCTTGACATCATGCGCAAGACGCCGTGGGGCTACCAGCTGCCGTACATGATTTCCGGCATCTTCAACGTACATCCCAACTACCCCAAGGAACTGATGAAGCGGCAGGAATACCGCATGGACGAAATCTGGAACGCCATGTCGTACATCCGCAAGCTCAACCCCACGGGATTCAACCCCAGACTGGTGGACGAACTCATCGGTCAGGGCGTTGTGGGCTACATGGGTGCCAAGCACTTCTGCGTGCCCGGTGAAGAACGCGAAAACTGCATCCCCGCACCGCATCCGCCCTATCAGGACCGCCATGCGGGCAAGGATATTCTCATTCTCGCCAACGGCCCCAGCCTGAAGGAAAAGCAGGAAGAAATCCGCCAGTTCATCAAGCTGCACAAGCCCATTGTGCTCGGTGCCAACAACCTCGGCGGCCTGTTTGTGCCGGACTACCATGCGTTCAACAACGCCAAGCGTTTTGTCTCGCACATTGAAACCGTGCATCCGGATTCCAGCCTGCTGCTCGGCATCAACCTGCCCGGCGACCTGATAGACGACTATCTCGACCGCCCGTACGAACCGCTGGTGTTCAACGATATTCTCGATGCCGACTTCGACATCACCAATGGCATGATCTCCTCCAACTGCCGCACCATCTCGGTGCTGCTGGCAGGTGTGGCCGTTGTCATGGGTGCCCGCAGAATCTTCATTGCAGGCATGGACGGCTACCTGAACAGTGACACCACGCTGCACTATGACGAAAGATTTGATACGCACGAACATGCGCTCAACATAGAAAGGCACCGCTGGAACGAACGGTTCCTGCACCAGATAGACGCATGGCTCACCAGAAGACAGCATGAGGGGCTGCATATCATCACCCCCACAGGCCATTCTTCTTTCTACACCCCCATAACCGAATACCTGTAAGAGACCATGAGCAGATACGCAGAACTCAAATCCATCCTTGATAGCGGCCGGTACTTCAAGGTCGTGTGCGGAGCAGGCAACGAAGACCCCGTAGAGGTCTACAAGCTGTGCATCATCTACACCCTTGCAGGTGCCCACGGCATTGACCTTTCCGCCAACGAAGAAGTGGTCCGCGCAGGCATGCGCGGCATAGACCGCGCCTTCGAACTTGCACCGGAACTGGGCATAGAACTGACCGTGCGCCCCTTCATCAACGTGAGCGTCGGCCTCAAGGGCGACCCGCA
NZ_CP087381.1_gap70	2318202	2323042	4840	CCGCATCTCTTCGGCAAGGACGACACGGCCTACTGGAAGAATTTCGACTGGAACAAGGCCATTGCCACGGGCATGGCTGCTGCGGGCATTCCCTACAGCGGGGAATACGGCTTCGTCTCCACCGAATACCATTACCCCGTCACCCACATGGTGGCCCCCAAGGAAAAATCCCTGCACTGCGGCGACTGCCATGCAAGAGAAGGCAGGCTGGCTGCGCTGGAAGGCTTCTACATGCCCGGCAGAGATCATAACGGCATGCTGGACAAAATAGGCTGGATCGGCACCCTTGCCGCCCTCATAGGCGTTCTGGGACACGGGCTGCTGCGCACACTCTCACGCGGCAAGCAGGAATAGGAGAACTACCATGGCCGAAAGAAAACTGTATCTCTACACCCGGTTTGAACGGTTCTGGCATTGGGCGCAGGGGCTGCTCATCCTCACCCTGCTCGTCACGGGATTCGAAATACACGGCACATACTCCCTGTTCGGATTCGAAGACGCCTTCACCGTACACAACTTCTGCGCGTGGACATGGTTCGTTCTCTACGCCTTCATCGTCTTCTGGATCTTCACAACGGGCGAGTGGAAGCACTATGTCCCCACCTTCGTGAAGATGTTCGAAGTCATCCGTTATTACAGCGTGGGCATATTCAAAGGTGAACCGCACCCCGTGCCCAAGTCCGAACGCGTGAAACACAACCCGCTGCAGCGCATTACCTACCTCGGGCTGGTTTCTCTGCTCGTTCCCTACCAGATGCTCACAGGCTACCTGTATTACTTCTACAACCAGTGGCCGCAGATGGGCTGGGGATGGGAACTGCAGACCGTTGCCCTGCTGCATACCGCAGGGGCTTTCGCCTTTCTCGTCTTCGTCATCGTGCATGTGTACATGACCACCACCGGCCACACTGTCGGAGCGCATATCAAGGCCATGTTCACCGGCTACGAGGTGCTGGAGCACGATACTCCGGCGCATGATTCCAGGCCATAACCCTCCGCTCTCTTCAGCGGCGCCACAGACGTCCGGCAGGTGATGACATCTGCCGGACGTCGCATTTCCGGCCATCTCTCAGGCACCGCCTTGCCAAAAACCTGCCATATAGACTAAAGGATACAGCAACAATCCATCCCGCAAGGAGAGAGACATGCCGTTCAGACAACAGGTTAGGCGTTTATCAACCGTTATGGCCTCCGCCCTGTGCCTTGTCATGCTTGCCGCATGTGCCGTGGCAGGTCCGCAACGCACGGTGCTGAAAGTGGTTCCCTATCCCGATATTCCGGGCAGCTTCGACACCATGCTCTCCATTGTGGAGCAGGGGTTTGAAAAGGAAAATCCCGATATCGACCTTGTGCTTGTCACGGCGTCCGTCGGCGACATGTATGAACTCCCCTTCCTGCGGGGCCTGCTCACCACCCCCACGGACCGCGGCGGTGCGCATATCGTGGAGACGGATACCATCATGATGGGCGACCTTGCCCTTGAGGGTGTGATTCGCCCCCAGACCTTCACCCGCGACGACTGGCATCCGCTCATCGTACAGGGCACCACGGTCAAGGGTGTGCGCTACGGTGTGCCCCACTGGCTGTGCGGTAACTTTCTCATCTCCCGCGACAAGAACATCACCGAGGCGCAGGGCGTGAAGGACATGTACCGCCGCATCCGCGCCGCCAAGCCGCAAGGCCCGGGGCTTGCCGGAAACTATGCGGGCAATTCCTATCTCGTGCTCTACTACACGCAGTCATGGGGGCAATACCGCCCGCAGGTCAGCGATCTGCTGCCCGCCATTGTGGGACCTGTTGAACCTGTCAACGCCCGCAGTGTTGCCGTGGCCTCTGACCTGTGCATAGAAAACGGCAATAACCCCTGCGTGGACGGCACGTATTACAACGACTTCACGCCCATTTTCGAGCGCACGGTCAAGGGTGACTATGCGGCCATGCAGGGCTTTTCCGAAAGCATGTGGTACCTGATGCAGTATGGTGCCAGCCCTGCAGAGTGGTATATTTCTCCGCTGCCCGTGGGGGCCGTGACCCGCAATGTCATTCTGGGTGACGCCTATATCGCCCGCAAGGACATGGACCCCGCCACCGCCGCTGCTGCCGAAAAGTTCTACAACTACATGATGAAAGACAGCACCTACCAGTCCATCATCTTCTCCGGCGGCCAGCCCGGGCAGAAGGTGCCGCGCTACCTTGCTCCGGCGCGTCTGGGCATATTCGCCCTGCCCGACCTGAAGAACGACATCTACTACCAGCGTGTGTTCGCTGCCATGACATCGCAGGGCGGCACCAACTACCCCAACCTGTTTGTACCGGATAACCGTGACCGCATTTACGACGAAGTTATGCCCTATCTGAACGGTAACAGACAGGTCGGCCCGCGCAAGGGTCTTATGCAGCAGCACATGAAGCGCATGAAAGACATGAAGAAATAGAGACGCATCCGGTTCCGGACACGTTGCGGCAGTATCGGCGGCACGGTGAAAGAACGTGAAAGGGCATCCCGCATTCCGTCACCAGCCGAATTCCTGTCTCCGGGGTATGAGTTGCAGCTTTTTTCAAAAAGTTGCACTGTGTCCCGTTCGCTCTCCCCTCTACAGGAAATCGAGAGCGACCACCTGCAAGGAGTGTCCATGAACGAAGTCGAAATGAACAAGGAACAGGAAGCCGTCAAACAGAACGTTCAGAAACGGCTTAAACGCATAGAAGGCCAGATTCGCGGCATCCAGCGCATGATCGAGGACGGCAAGGAATGCGAGGACATCCTCGTGCAGGTCCGCGCCGCCCGCTCTGCCCTGCAGTCTGCCAGCAAGCTCATTCTGCGCCGCTACATTCTGCGCTGTCATATAGATGCGCTGCGCGATGCCCCCGAAGGTCGCAAGGACCCCATCGAGAAGGTCATCGACGTGCTGGCGCAGTATGTGGATGATTAACCGGAAAGAGCTGCCTGAGCCATGATAGCAGCCCGGAGGGCTAACTCCCGCTGTCCGGCGCCCGCCTCCTGATTCCTTCCGGAATAGCAAAAAACCGGCCCTGCGGAACATTTCCGCAGGGCCGGTTCGATTTTCAAACAGCGGCAATATCAGGCCGGAGCGATGAAAAGCGTACTACTTCTCCGACCACAAGGCCCGCTTTCCCTTCACACGCAACCTGCCTAGCGGCAGGCCGCGGAAGTAGAGGCCAAGCTCTTTTTCCGTAGTATCCACGGTAAGGCTCTGACCGGTGAGCAGGGCCTGAATGGGGGCGGGCTCGTCCATGTTTATGCCGTTGCCCTCGGCGTAGTCCGGCATAAGGGTGCGCAGGCGCGGGGAAGGACGCACTTCTCCGGCCGCTGCCTTGCCGAGGGAAAACCCGCGCCAGCGGAACTGTCTGGGGAAATGGTCCAGCGCGAACTGCTGCAGAAAAATAGCCTGCTCATTCACCACGGCGATTTCACCTTCCGGCAGCAGATCGGGGTCCACACCGGACATGGTCAGGTGGTGACGGGGCAGAATATCGGCCGCGAGCCCCGTTTCGTACACCTGCTCATCATCACGCACGGGAGCCGTTGCCGGCTTGCGGAAGGCAGCGATGTAGAATCCCTGCGCGCCCGAGGCTTCAGAATCCACCCGCAAGGTGCCTTCGCAGCCTGCAAGATAGGGCGCCTCAAAGGTGAATCCGGCAAAGGGGGTGATGGGGTCCACTTCAAGCCCCAGCATTTCCTTTGCCCACAGCACCTGCTCCTCGTTTTCCTGCACGTTGGTGGTGCAGGTGGAAAAGACCACCCGTCCACCGGGCATAAGCAGGCGTTCGGCTTCTTCCAGCAGTTTGCGCTGAATGCCCACAAGAGGCTTCACCTTATCACCCTGCCACAGCTTGAGCACGTCGGGATGCCGCTCAACCGTTCCCCAGCCGCTGCACGGGGGGTCCAGCTGAATCTGCTGCCACATGCCGGAAGGCAGGGGCAGCGCCTCGCCACCGTACGAGCAGGTGGCAGAGTGCAGCAGGTTCAGGGTGAACAGATTCTGGCGCAGGGTGGCAAGGCGGGCGTGGTTGGGCTCGTTGCCCATGACAAAGCCATCCGGCCCCACAAGCTGGCCGAGAAAACCCGTCTTGCTGCCGGGGCTTGCGCACATGTCCAGCACGGCACTGCCCGGAACAGGATTGAGGGCCAGCGGCGGCAGCATGGAAGAACGGTCCTGAATGTAGATAAGCCCGAAAAAAGCGGCAAGGCTGGAACCGAGCGGGCGCGGCTCTACAGTGAGCCTGCGGCACCATTCCGAAAAAGGTTCCGGTTCAAAGTCATAGCCCTGCGCCCTGAGCAGATCTTCGACAAGCGGGCGCTGATCCGGCTTGCACACCAGCCTGAACGAACGGGCGGAAGATTGCGGGGCAGATTCGGCAGTGCCGGTCCGCTTGGGGCTCCGGACGGGTTTTGCGGCATACTTTCTGGTCACGAAGCGGACTCCGGTACATTAAAACGAATAAAAAAATGACCTCTACGGCCTCGCGCCTCTACCTCATGGTTGCCTGAACGGGCAAGAGGTATTATGGATGGTCGACTGTTACGCGATCGTCCCGGCTATCAAAGCCGTTTTATGAAATTTTTTCAAGGAGACAGTATGCGTCTTACCGTGCGTACGGCATTCCTGACCTGCCTGTTTATGGCGGCAGGCGTCCTTTCCGCCTATGCGGAAGGCATGAAGACCTTTGCGGTTCTTCCGTTTCAGGTTAACGGCCCCGCCTCTTACAAGCATCTCGAAAAAGCCATTCCTCAGATGCTGACTTCCCGTCTGTACTGGAAGGATAATTTTGTGGCCGTCGACAAGTCCGCCTACAGCGGCATTGCCACTCCCTCCTC
NZ_CP087381.1_gap71	2338906	2340241	1335	GCGAATCAACCGTCATACACCCTCCCGTGGATGTGAACGATTTCGATCCGACCCGGTCCCGCGACGATTTTTACCTTCTTGCGGGTGAATTGGTCCCCTACAAAAAGCCGGAACTTGCCGTTGCCGCGTGCAACGCGCTGGGCAAAAAGCTGGTGGTCATCGGCGGCGGCCCCATGGTAGAGAGCATTCGCAGCATGGCAGGCCCGACAGTGCAGGTCATGGGAAGACAGCCCTTCTCCGTTCTCAAGGATCACCTTGCCCGCTGCAAAGCCCTGCTTTTTCCGGGCATGGAAGACTTCGGCATACTGCCGGTCGAGGCCATGGCTTCCGGTGCGCCTGTCATTGCCTACGGCAACGGCGGCATTCTGGATTCAACAGTGCCGGACAAGACGGCCATCTACTTTGCCGAACAGACAAGCCAGAGCCTGGAAGAGGCCATCAGACTGTTCGAGGCAAAAGGGGTGCACTGGACCGCGCAGGAAATTGCCGCGCACACACAGCATTTTTCCAGACAGCGGTTCATCACAGAAATGGACGCGCATATACGGTCGGTCCTGTAGCCACCCCCATAACGGGTGGGGCTGCTGCCACCGAAACAGCCCGAAACCATTCGGCAACCAACTCCAACAACCACAGGCATGATAAGCACACTCAAAACTTACTATACGCGATATACCCCTCAACAGAGAGGGGCCTTCATTCTGGCGCTCATGCGCTACGTCTTTCTTGCCTGCTGGCTGCTGTATCCCTTCGGCAAGGCCTTTCAGGTTGCAGGGGGAACCATCTGCCTTATCCTGCTCCCCTTCTACTACCTGAACGACTATGCCGGTTCGAACCTCAAAAAGGTTCCGGGTAAATGGCTTTTCGGCCTGTTCTTCCTATTCATATTTCTGAACACGGCCCTCTCCGGATGGCCGGCACACAGTTTTTCCTACCTGCGCCCCACACTGATCGAAAGCTGGCCCATGCTTTTTGCCGGGCTTGAGGTCATCAGAAGTCGCAAGGACATGCTGCTTCTGGGACTCGCCTTCTTCGGTGCGGCCTTCGGTGAAGGACTCACGGGAATCTGGCAATATGTTACCGGCTTTGACCTCATAACCGGTGACCCGCTCATGACGGGCAGACTGACCGGTTCCTTCGGCTCCTATCGGGTAGGGAACTATATTGCCATAGCCATCCTGCCGGCGTGCCTTGCGTATTATGCAATGCCCTCCCGCTGGTCTGCGTTCAGGAGACTGGGGCTTGTTGCTCTTGGTCTCACCCCTCCACTGTTTCTGCTCGTTGGTGCGCAGGCCCGCACAGGCATGCTGGGACTTGCTGCAGGGGCTATACTTG
NZ_CP087381.1_gap72	2346167	2350557	4390	GAGCCATTCGATAAGATCAACGTAGTGGCTTGCCTGGTTCATGAATGCGCCACCGTCGAGTTCCCATGTTCCACGCCATTTTGCCTGATCATAGTAGGCCTGCGGGCGGGTCCAGAACACGTTAAGATGTACCATGTGCAGACGCCCGAAGCGTTTTTCTTCCATGGCACGCTTGAGCAACTGCAGGGTAGCGTTCCTACGGTTCTGCTTGACCACGAAAAGGCGAACTCTGGCTTCGTCGCAAGATTTCACCATATGAACGCCATCAGCCCAACGGGTTGCCATGGGCTTTTCCGTAATCACGTTCACTCCAGCCTTGGCCGCTTCCACCGTCTGCTGCGGATGCAGGCCGCTCGGCGTGCACAACGCCACAACGTCGGGCTTAAGTTCCGCCAGCATCTTGGTATAGGAACGATAACAGGGCACAGTATACGTTTTTTCCACATACTCGGCGACGCTTGCATCGACATCGCACGCGCCTACCAGCTCCAGATCGTCGGGGAACTTACGGATGGACTCGAAATGATTCTTGGAAATACGACCGCAGCCGACGACCGCGATTCTGATTTTACGGTCTGAAATAATGGGTAACATGGTCAATCCTTGATGTTTGCGAGCCCACAACGCCATGGGCTTCATGAATACCGATATCAGCCGTCCAACCTAGGGTGCCACCGAGGCCAGTGCATCCGCAACAATGGCAATACTGTCCCCCGAAAGATAGGGATGGAAGGGCACACTGAAGATGTCCTTCGATAATCTTGAGGCAACGGGGAAGTCTTCAGGCGAGTAGCCGTAGGGCTCATACACCGTGAGGAAGGGTAACGGAGTCGGGTAATAGATAGCCGTGGGCACATCCCGCTCGGCAAGGGCCTTCACTGCGGCATCGCGGTCAGAGCAGAGTATGGAATACTGTGCCCATGCACTAACCCTTCCGGCAGGAACGCTCGGCAGCGTCAAGGCTGCACATCCGGCAAGACGCTCGGAGTACGAAGCGGCAACGCTCTGGCGCTTTTCCAGCTCGTCGGAAAACACCTCGAGCTTTGCCAACAAAATAGCTGCCTGCAGAGTGTCCATACGTCCGTTGATGCCAATACGGACGTTGTCATATTTATGCGCTCCCTTACCGTGCACCCGCAGCGATTTCATAATATCCGCAAGCTCGGAGTCATCCGTAAACACGGCTCCTCCGTCTCCGTAACAGCCGAGAGGCTTGGCAGGAAAAAAGCTGGTTGCAGCGGCATCGCACCCCATGGCGCAGGCCTTTCGCCCGTTCATTTCGCAGCCGAACGACTGGGCCGCGTCCTGCAGAACATACAGGCCAGCACTTTTGGCAATGGGAATAATCCGCTCATACGGTGCGGCTATGCCAAAAAGGTCGACGGGAATGACAGCCCGCGGAATAAGCCGCTGGCCGGAAGACATCTTGGGAAGCGGGTGCAGGGATACGTCCCCTGTCACCACTGCCGTAATGGCGGCCTGCAACTTTTCGGGATCCATACAGAAGGTCACGGGGTCCACATCAACAAACACGGGGGTGGCACCAACCAGCGACACCACTTCCGCAGTGGCAAAGAAGGTGAAGTTCGGCACGAATACCGCATCGCCGGGGCCTATTCCCCAGGCAAGCAGGGGAAGCAGCAGCGCATCCGTTCCCGAAGCACAGGTCAATGTATGTCCGGCACCGCAGAATGTGGACAACTCCGACTCAAGCTGCCCAATCTCCGGCCCCATGATATATTTGCCATGTCTCAGCACGGCATCGATACGATTGCGAACTTCCTGCTCGACCCTCAGAAATTGCGCATTCAAATCAACAAACTGCATATATTTCCCCTAATTATACGGGATCCAGAACCAGAAAAAGCAATAAATTCACGTAAAAACTTAAAAGCAGATACCCCTGATTCGCCAAATAAACAAGCTTGACAAAAACACATTAAGGGATGTGCAGCAAAAGGTCTCCTCATCGCTCGCCACCTGCCAACCGAAGGAAGCAACCAGCAAATCCGTCTCAACGCATAAGATCATCAGTTCATTTGTTTTTCCACATAAAAAACAACACAGCACAAGCCCTATTTACCTATAATTACTTAAACAAGTTCACTCGTTGACGTACGATTAGTCACGGAGTACAAAAGGCGCTGTTTTACAATGAGAACTCTTTATCTCACGCATGAAGAGCGCAAAAACTCCGACGTTTGCCTAGATCACAGGGGTAAGTCTTTCCCTGTACCGTTTGGAAACGCCAACGAATTCACTAATGCAAGTCTCTCTGCAGGCGGCCAAAAGTTCACCCTCCATGCCATATGACAATGGCACCCGGATCTGAACATTGCCGGCCCCCTCTCCTGCAGAATGAACAGAATAGCCTCAACCAGCACTCGGGGCTGCGGCACGGGAACACAAACCTGCCTCTGCGTGCAACAGTGCAAAATACACACGTTCCACTCACATTGGCACAGAGGAAATGAAAGATGAAAATTTGGGTTTTACTGCCTGCATTCAATGAAGAGAACTCTTTTCCTCGGCTGTTTCCCAAAATTGATGCCGCAGTCAAAGAGCTCAATCATGAATACGCCATTGTCGTAATAAACGACGGCAGCACGGATAACTCTGCCGCTATCCTTGAGGAGCTAAGTGCTGTCTATCCGCTGCACGTTGTGACCCACAAGATCAACAGAGGGCTGGGCGAAGCAGAACGCAGTGCATTTGAATACGTTGCAGAGCACGGCGCTCCGGAAGACGTCGCCCTCAGGCTCGACTGTGACGACACCCATGAGCCGCGCTTCTTCGTCGGCATGATCGAACAGCTGAGCAAGGGATACGACGTAGTCACCGCCTCCCGTTTCCGCAAGGGCGGCGGCCAGGAAGGAGTTCACGGTTACAGAAAGTATATCAGCTACGCCGCCAGCATCTACATGAAGATATTCTTCAATGTACCGAACATCAGGGACTACTCATGCGGATACCGCGCATACCGCGTGCAGGTGCTGCAGGACGCCATCTGCATTTTTGGCAACGGCTTCATTCAGATGAAAGGCTTCGGCTTCACCTCCACTCTGGAAACCCTGGTCAAAATGAACCTGCTGGGCGCACGGTGCTGTGAAGTGCCATTTGTCCTGCGATACGACCAGAAGGCAAGCCCAAGCAAAATGGTCAGCAGCATAACCAGCCTTGGCTACATTGTGATGACCATTCTTTACTGGTGGCCTTTCGGTGGCTGGCGCAGCTTTTACAAAAGTCTTTCCAAGGCCTACCGCAATTCTCCGGAAGCGGCAGTTGAAGAATTTTCTCCCCACACGCTCAAGCGTTCAACCGTCTGCCGCATCGGCGGCTCATAGAGGCTTTTATGTGCGGTATTTGCGGCATTGTCGGGCCAGCTCTTGATGAGGCTCGGCGCAACGCCATTACAAGGGAAATGATCGACACCTTGCGGCACCGGGGCCCTGACGGGCAAGGATTCATGTCCGGCCCCGTGCACTCCCTCGCGCACACCCGCCTGGCCATCATTGACCTGCAAAGCGGCACACAGCCCATGCGCACTGAAGACGGACGTTTTACCATCGTCTTCAATGGCGAGATATATAACTATCTGGAGTTGCGTCAGGAGCTTATTCGCGGGGGAGCAATCTTCAAAACGCACAGCGACACCGAAGTGCTGCTCCAGCTATGGGCCCATAAAGGTCCGGCTGCCCTTTCGCGCCTGAACGGAATGTTTGCGTTCGCCGTCTATGACAGCCTTGAAAAAACGGTAACCCTCGTCCGCGACCATTTCGGCATCAAACCGCTCTACTACTGCCAGAGCGGAGACGATCTCGTTTTCGCATCCGAAATCAAGGCGCTGCTCAGGCACCCCGACATCACGGCCTCGGCAAGCAGGGATGGCATTGCCGAATATCTCGTCTTCCAGTTCTGCCTGGGCGGAACCACGATGTTCGACTCCATCAGCAAGCTGGAACCCGGCTACATGCTGACGTACCGGACTGAAGGAGCAGGAGCGCCTGAACTGCACCAGTGGTGGAAACAGTCATATGTGATCGACACCCACCACACGGAAGAGTATTTCAACGACAGCATTCTGCTGTTGCTACAAAACGCCATTGACCTGCAACTGCGCAGCGATGTGCCGGTGGGCGCATACCTGAGTGGCGGTCTCGACTCCAGCACGGTGGCTACACTTGCTGCCCGGGCCTATGGCAACGGCTTTCATTGCTTTACCGGCCGGTTCGCCGAATCAGCCGAATACGACGAAAGTGAATACGCACGCATAGTTGCCAAACAGGCGGGTGGCACCCTGCACGTGATAACGCCCACTGCTGCAGACTTTGTGAGCCGCATGCCTTCCATCATCTACGCGCTGGATGAGCCGGTTGCAGGCCCCGGCGTG
NZ_CP087381.1_gap73	2365239	2368955	3716	ACTGCTTTCAGCAGACAAGATGCAATATTCCGCTCACGTACGCCCATATCCTTCATGCTCTTCTTTTCCATGCCTACCGGTCCGGAGATTTCAGAAAAGACACCACTTTTTCGGGAAGAATCCTCTTTGCAAACTGCTTTGCAGCCCTGTACTGCTTCGCTGCCAACCGCCGGACAAGGTATGCCCTGCCGGGCAGAGAGGGCTTCACATACACGGCATCAACCAACGCCCGTTCCCCGGTGATGCGCAGACTGCGCTTGTAATCATGCCCGCCGCGAAGAAACTCCACCCGTTCCATACCGGCTTCTATCCCCTGCCGGATTGTCTGCAGAAACACAGAGGCTCCCACGCTGAACCGGCTAAGCTCGAAATCATATCCGGTTTTATACAGGAAGTAGGACTTCCCGTTGGTCAGGTAATACAAAAACGCCACGGGCCTGCCTTGCAGCAGAATGAATGTGGCATCTGCCCATCCGGACAATATGGATTCCCGCCAGAATGTTTCCAGAAACTGCGACTGTTTGTTGAGGGACTCGGAATTCTTGCGACCGGTGGACAGCATCACTTCACCGTACAGCTTCCAGGCGGCTTCAAAACCCAAGCCCGCGGGGTCAACTTCCTTGGCGGTGCAGAAGGTTACTTCACCCTCTTCTTGCAGCCGTCTGTCCAATCTTGAAAAGGTACGCTTCTTCCGCTTGCCCAGTTCATCCCAATACTCTTCCCAGCGTTTTGGCAGATCAATGTACATGCACAAGTTGTCGTTGAATTCTACAAGCTGGCGAAGCTCATACAGCCCACCCCAAACCGCAAGCAACTGCAACGCCGCGCCAGCATCCTGATCCATGTCTGCGGCGTGAAAAACGTCCCAGAGAACGGCATCACCATGCAGAAAATCGGTTACGGACTGCACAACAACCCGCTCATATCCATGGCGGGCCAGCGGCCCCAGAAATTCCGAACTGACATCCGTATCGCCGCATAAGCGCAGCACCCGGCACGCCACGGGAATCCGCACCCGCGCCACATAGCAGGCCATTCCCCCCACCAGCAGACCGTTCTCGCGCACAAGGACAATGGCCAGTTCCTTATCACCGCCGAAAAACCGCCACCAATTGCTCAACCAGTTGTGAGAAAGAAAGGGATTTGCAGACTCAGATGCAAGAACAGCCTCGTTCCATTCATCCTTGAACGCATCAAACCCGACCGAAGAGGTACACAGTGAAACTTCCATAATTACCAATCTCTGTCGTTACAAAGCCGCAGTCATCTTTTGAGTAACCGCATGCAGCGTGCCGCGGACATGCGATCTGAACAGCCCCCTGGAAAAACACCCGCTCCACCCTGTGTAGACCCCCGGGGTGACATCAAAGCGGCGCAGGGTGAACGGATTGGCACCTGCCCGGTTCAAACCGGGTATGGTGGTCACCGCCGCGCCAAAGCCCGCACGCCTGACAACATCCACGACCCTGTCGTCAAAATCCCGCGCCGTACCGTTAGGGTATGAAAACAGGGCCACCTCTTGCCCGATCATGCTTTCCAGCATGGACTTGCCATCCATGATTTCATGAAGCAGATCATCATCTCCAAGCCCTGTCAGAATAGGGTGACTCACCGTGTGCGCCCCGATATCAACAAGGCCGGAGGCTGCTAGCGCTCTGCACTCTTCCGGCGTCATCATGATTCTTCCGCCCCCTGCCGCACCGGCAACCGCCTGCACTATCGAAAGCCGTTCCGCATGTCCGAGCTGCTTCATGCGGGCATGCACCCGGCCAACCGCATCCATCTTTCCGGCTGCGTCCTGCCAGGCGTGCACCCCCAACCCGAAGGCGGTAAGGTCCGCCTCTCCGGCGGCAGCACCAAATACGGCATTGTCAAAAGCGTAAAACCAGAGTGTTCCGTGAGTGAGCGCATCGCAGGCGACAAAAACGGTCGCCGGAATCCTGTATTTATCGAGAATGGGATACGCCGTTATCCAGTTATCCTGAAATCCGTCGTCAAAGGTGACACATACGCACCCGTTGCACGAATCTCCGCGCCCCATGCGCTCAACGGCATTCCGCAGCGAAACCGGCTCAAAGTCCCGGGCCAGCAGTGCCATCTGCTCTTCAAAGACATCCGGCGGCACGGACAAAAGCGCGTCGTGAGAAACACGATGGTACATCAGCACAGACAACCCCGGCTCAGTTCCCCGCAGTCCGTAGGTGCCAGCCAACATCTGCTTGAGCCCCTGCCTGAAGCTCCGCTTGACGATCTGCTTGAGCCCCTGCTTCTGATGTGCCCCGGCGGCATGCGCTCTGTCAGTTGCGTGCTTCATACAATGCCTTGAGCTTTCTTCTGGCATTCAAAGCCTGATATACGAACCGGGCCTTGCATCCCCTGTTTGGAAAAATCCAGTAGTTAACCAGCTCTTCGGTATCGGTAGCCCACGCCTTTTTGCTCTCGGTAAACCCGCCAAGAAGCAGATAGCGGCGCACCCCCGCCTCTGAAGAGGTTTCATATATCCTGCGGCGCAACAGTTCTCCCGGACTCCATGCCTTGTATACTGCGTCGAACCCTATCTTGTAGGAGATGAGGGTATCACCATCTGACTGAAACAGGGCAAAGGCCGCATCCACGCCGTTCAAAAGCAAAAAAGCAAGGTAGCAGTTTTCTACCGGCTCACTCAAAAGCCGCTGAAAAAAACGCGCATACTTCTCGCTGAACAACCCTGAGCCGTTTGCCTCCTGCCACGTTCTGCCAGACAGAGATTTCAACCGCTCAAGACCGCTTTCACTCCCGAAGGGAATGACTTCAAACCCTATCTCGAATTCTTTGGAAACTTTATTGAACCTGTGTCTGAATTCCTTTCTGAAACGTGCAGACCTGCCATCCAGATAGCGTTGCAGCCCCTCGGGCATATCCACGGAGTACGAGGTGTAGCGGTTTTCCTCAAAAAGCGAGAACCGTTGGCCCTGACTGTTCAAGAGACGCCATTCGGCACCGTCAGCCGTGACGGAAGGCACCTCAAGCATGTCGGCCTGCTCCGGCATTGCAGCAAGAACCTCCTGTAGCAGCCCTTCATCCTGCATCAGGCGTTCATCCAGCATCAGCACGGTATTCGGCGTCAGCCCGTTAGCCGCATAGGCGAAGCACGACAGCGTAAAAGGCCCAATGCGTTTACGTACATGGAGGCCCGGAATGATACCCACCACTTCGCCCTGTTTCCGTATCACTACGATACGGGCAGCACCTTGGGGGCAAAACGCATCATACCAGCATGCAAACCAGTGATAATTCGTGAAGGAAAACCAGATGCCCTTTTCTGCGGCCAATCTGTTCCAATCTTCCTCAAGAGATGCCGTGCGTTCCCATGTGCAAAGTACTTCTATGCTACGCGCCATTCCTTGAACCTTTTCTATGCAGACGCCGGTTCCAGCAGGCCGGAAAAATAAGCATCATACTGATTGAGGATCGACTTGCTTGAGAACAGCTCTTCAGCCCGCTGCTGTGCGGCGCGGCCCATGTCTTTGCGGAGCGGCTTGTTCTCCAGCAGTTCCTTCAGCCTGGCCGCCATCTCTACGGCGTCATCAGGGGGCACCAGATAACCGGTCTGCCCGTGGACCACGACCTCGGCGTTGCCGCCGACATCCGTTGCCACTGCAGGAACGCCCATGCAGGCATATTCCACCAGCGCGTTTGAAAGCCCCTCAGACTTGCTGCACAGCACGCCTATGCTC
NZ_CP087381.1_gap74	2372291	2373507	1216	GCGCTTGAAATGCTCAAGAATCTGCCGCTCCGGCCCGCCCACGAAATTTGAATCCCGCAGATGAACGATGGTGGCTCTCTTCTGTTTATGGGCGTGCTGCTGCATCGTGCCAAACCGTATTCAGAATGTTGGAAATGGAATCCCATGTGTAATTATCAAGCAGCCAGCGGCGCCCCTGCTGTGCAAGCGGGGTATATGCTTCCGGCGATTGCAGCACCTGCAGAACTGCCGTTGCAAAGGCTTCGGGCGAGTCGCGCAGCAGAAGATGCACACCGTCATCAAAATGCAAGCCCTCAGCCCCCACGCGGGTGGATATGACCACCTTCTCCATGGCCAAGGCTTCCAGAATCTTCAGTCGCGAACCGCCACCTATGCGTAGCGGCACCACATACACGGCGGCATCGTGGATATATCCGCGCACATCATCGACAATACCCGTCACAACCACTCCCGGAGTCTGCTCCCACTGTGCCTTCAGCCTCTCGGGGGGATGCCTGCCCACCACGTAGAACGTGACATCGGGCCTCTTCGCCCTGATCAGAGGGAACACCGCATCCACAAAGTGGGATACGGCATCCTGATTCGGTCTCCAGTCCATGGAACCGGTAAATACCAGCGAGGCAGATGCAGCCTCTGAGTCAACTGTTTGGACAAACGTGCGGCCGGGCATGCTGCCAATCATGCTGCCCAAACTGCCGTCGGGCGCACTGTCCGATACACTGCCGGACGCGGGTGCGGAATGATTTCCGGAAGGACTACCGGAAGAGCCGCGAGGAGAATCTGCAGGTGCAAAATACGTCTCATCCACACCGTTGGGGACCACCGTGACATTTTCCGGCTGCGTGTATGCCCTGAAAAACTCAGCATCATTCTCTGACACGCACACAACCTTGCCGTACAAGGGAGCAACACTACGCTCGTAGTTCGCCATCTTGATCCACTGAAAGTAAATGTAGGCCTTTTTCAGCAGATTCTCTTCCGTCTCGAAATAGCGTTGCCATATCTGGCTTTCCACATTGTGCGTGGAAAGCACACAGGGATATTTTCCCAGCAGCCCGAGTATATTCTCGGTGTAGGGCGTCCACTCGCAATGGATGAGATCAATGGAATTGTGATGCAGAATGTCCGCAATCTTCTGCACCATAGGCGCAGAGGTGTGACGGGAGACAAGATAGGGCTTGGGAGAAAGCAGATTCCACAGCAGTTCGCCATAGAA
NZ_CP087381.1_gap75	2426966	2428449	1483	CTCCTTCAGCTTCACCTATGCCGGAGCCACAGCACCGTCCCTGCGCGATGTCAGTCTGCGCATAGGCCACGGAGAATTCGTGGTGCTGGCCGGCGCCAACAACGCCGGCAAATCCACGCTCTGCCACGCCCTTGCCGGAGTCATTCCGCACCTGCTTTCCGGCACGGTTCAGGGCAGCGTGCACATCTGCGGCAATGATGCTGGGGCGCTGCGGGTGGCCGAGCTGGCAAAACACCTCACCCTTGTGATGCAGAAGCCGGAACAACAGCTTTCCGGCGTACGCTTCACCGTGCGGGAAGAGGTGGCCTTTGCGCTAGAAAACAGGGGGGTGGAACGGGCAGAGATACTGCAACGGGTCAATGCTGCCCTCTGCCAGACCGGACTTGAGGCGCTGGCAGACCATTCACCCCACCATCTTTCCGGCGGGCAGCTGCAACGCGTCATGCTGGCGGCGGCCGTTGCGGGCAACAGCCCCGTTCTGGTGCTGGACGAGCCCACAACATTTCTGGACCCCGCAGGCGAGCAGGAGGTGCTGTACCTGCTGCGGCGCTTATGCGACGAGGGTCGCACAGTCATACTGGCCGGACAACGCCCCGATGCCATGACCGCGCAAGCCGACAGAATTGTCGTGCTGCATGAAGGAACAGTCGCCATGGATGGCCCGCCCCGTCAGGTGCTCACCTCGCCGCAACTTCGCGAGGCAGGGCTGGACTGGTCGCGCTACACACGAATAGCAGGACTGGCCCGCAGCCACGGGCTGTGGCGCACGGGCTGCACGCCTGCGGAAACGGACGAACAACCGTTGCCTGTCTGCCTTGAGGAAACGCTGGAAGGATTGCATACCTTTTCGAGTCGCAGGCACGAGGCTTGTCAGCCCACTCCTTCCGTCATTGGAGCGGAAAATGCGGCAGACGCACGGCCAGATGCAGAAACGAGCCCAGCCAACATCAAAGGCATTGTCCTGAACGGGGTATGCTTCGAATACGGCAACGGGCCGCAGGTACTCACGGACATCACCCTTCGCATAGGCAGAGCCACACAGAACGGACAAGGCGAAACCATTGCCCTGCTCGGGCATAACGGCTCCGGCAAAAGCACACTTGTGCGGCATTTCAACGGCCTGCTCAAGCCCTGCAAAGGCACGGTGCAGGTAAACGGGCTTTCCACAGCCACACAGCGCATAGCACAACTGGCCGGACACGTGGCCCTGCTGTTCCAGAATCCGGACGACCAGATATGCAAAGGCACGGTGCTGGATGAAGTGGCTCTCGGCCCCCGCAATCTCGGCTTTGCAGAAGACAGGGTCAGCGAACTTACCCGCTCAGCCCTCGCGGCCATGGACCTTGCAGGCAGGGAACGCAGTAATCCCTACGACCTTGGTCTGAGCGAGCGCAAGCGCCTTGCCATTGCCTCCATTCTGGCCATGGATACGGATATCGTGGTGCTGGATGAGCCCACGGCAGGACTCGACCCGCGGGAGATA
NZ_CP087381.1_gap76	2431207	2433599	2392	GCACGCAGGCGCAGGTTGTCCGTAATGGAATAGACCATGTCGATGGGCGCTCCGGAATACCCGCCGCGTGCGGGAATCACCGTCGCATAGAACTTGCTGGTCTCCGTAAGCTGCCGGACTATGGCGTCCGCCTTGCGGGTGATGACGCGCACGGCCTTGCGCTGGTTGAACAGCGACAGCACATATTCCGTGACCACCGAGCTGATGAACAGCATGACGAACGACGAGACTATGGTATCCGAGCTGAATCTGGACAGCGCCAGCAGCATCACCGCCCCGTTAATGGCAAAGTAGAACACGCCGAAGCGGATGCCGTATTTGCGGTTGAGGATGACCGCAAGCACATCGAGCCCGCCCCCGCCACCATATGAACGCAGAATGATGCCGCTGCCCGCTCCCATGAATGCGCCTGCGGCAATGGCGGCGTTCATGCCGTCGCGTATGCCGAGATCAAGCTGCACATACGAGGTCATCAGCGCAATGGCGCTCATGGTCAGCAGGTTGAGAAAGAAGAACCGCCTGCTCACCCCTGTCCACGCTGCCGCAAACAGGGGCACGTTGAACATGAAATACCACTGCGAAAGCGATATGGCCGGGATGGCGCTATGCGCCACCACGGCCAGACCATATAAGGCTCCGGGAACAAAGTTGTAGTGCATGGCAATACCGTTGTAGCCGACGATGAAGACAAATGCTCCGAGCATCAGCAGAAAGGTATTCCATACAAGGGAATTACTCAGTGTTTTGAGCGAACTGTTCATGTGGCGCCACCTTTATCCTCATCCATCTTGGCGTCTTAGCATAAAGGGCAATGATGATACCCGCAAGAATAATACCCCCGCTGAGCAGCTGGGCCACGGTTACCGGTTCGCCCAGAACAAGCCAGGCGGCAAAACCGCTCACTGGCGGCAGGGTATAGTAGAACATGGCAGTCTTGGTGGCACCGAGCACCTGCACGGCCATGTTCCAGAGCAGGTAGCACAGCAGCGAGGCAAACACGGCCAGATAAACCAGCGACCACACAAGGGCAGAGCTCATTTCGGGCATGACAATGGTGCCGCCGCCTTCCCAGAGCGCCACGGGAATCAGATATATGCTCCCCAGCAGGCAGATGGCCATGAGCAGAGTGGTCTGGCTCACCCTGTCGGTGACCAGCTTGAGGGTGTGGTTGTATACGGCGCTCATGAGCGCAGTCATGAGAATGATGATATCGCCGGAGGCAAATTCCATGGTGGCCAGCCGCATCAGATCGCCGTTGGTCACCAGCAGGCAGACGCCGAGAAAACTCACGCCAATGCCCACATACATACGGCTATGGAACTTCTCACCCAGAAAACACTGAGCCGTCAGCGCGGTCAGCAAGGGAGAGAGTGTGGAAATAAGCGACATGTTCAGCGCGGCAGAGGTGTGCCCTGCGAGAAAGATCAACGTATCAAACAGGGATATGCCGCACAGCGCAATGACGGAAAGCGGAATGAACAGCTTGATGACTTCTGACCGCTCCTGCCACAGCGCGCGTATGCCGAAGGGAACGAACAGCAGCGTCGCAAATCCCCATCGCAGCAAATTCAGGGTGCCGGGATCGCCCATACTGGCCATACCGCGCGAGGCAACAAAGTTTCCGCTCCAGTTGATGATGCTGAGAACGATAAAAAGGTAGCCTGCAACGTGCGTCATCTTGAATGTATTCCAGTTCATGTGCTGATTCCTGTGGGCCAGCCGTTTCCTGTCTTCCCTGCGGCCGGGGAGGACACGTCCGGACTCATGCCGAGTCGGCACCCCGTCGGATGCCTGTTGAAACGTTTGAAAACACCGGCCGTTTAAGATCCCGGTCGTGAAATCCATCGTCACGCGATGCGGCCCTGTCGCCTTCGGGAAAGGTTTCACATGGCCTGCTCGTACACGGCCTACAGCACATGTCGCGCCAAACCGATAACCATCCGAAATTTCATATAGTATTCATTGAAACAACGGGTCAGAACCGCACACAATGCGACACGCCTGTCGCAGCGACATGTCGGACAGGCCGGTGCCGCGTCGCCTTTTCGCAAAAAGCGGCACAAGTGCGGCCACGGAACAAAAAAGGGGAGAGAAATTTCCCCGGCGGGCAAAACAAAAGCGGCTTCCTGCACACGGAAGCCGCTCTGGCGCAAGGCCTTCCCACCCGGAGGGGACGGTGGGGCCCAGTCTTGGGGAGTATCGTTACTGAATGGCCGCTACTTGAGCTGGGCGGCGTATGCCGGGCCATCGAGCAGTTGCGTTCTGTCAGCGTCAGGCGCGATGCTGATGCGCAGCATCCAACCTTCCCCGTAAGGAGAAGTGTTCACGTGCGAAGGGTCGCTGCCAAGAGCTTCGTTCACTTCGGTCACCGTGCCGGTGATGGGCATATGCA
NZ_CP087381.1_gap77	2511041	2512554	1513	AGCATCAAAGAAGGCATTCGCAGACACAAAGTAACCTTTGACCTTGGACGCAGCTCCTATGGTTCAGGCACTTTTGACTTCAAACGCAGACTGGGTGCAACACCTAATCCCCTTCATATTTATAATCGAGTTCACCAACCAGCTGGAATGGGCCTGCTCAAAACACACTTTCCTACCATATGGCAAAAGTTACCAAGCTTTATAACAAAAATAGCTGGGCCTTATTTCCTGCGGGAATTACTGTAGCCATCTTTTCACCACGAGGAGCCTATCATGGAAACCCTTGCAGAAAAAATTTCTAACAGCAAATACAGCGCAGGCGCTGAGTTTGAACGTTCAAGTAAAACTTACACACGCGATATATTGAAGAATATCCTTGCAGGAAAGGTACTCGACGTCGGCTGTGGCACGGGCCTGAACGCTGCAGAGCTTCAACAAATGGGGCACACAGTATACGGCATAGACATTTCACCGATAGCCATAGAAAAATTCAACGAAGCAGGTTTCACTGGGAAAGTTTGCGACTTGGCCCAAGGAATTCCTTTTGACGATGAATCCTTTGACACCATTTTTGCTTCTGAGGTCATTGAACATGTTGCCGATTACCCCCACCTGCTCAACGAGTGCAACCGCACTCTTCGACCGGGAGGAAAGCTGGTTCTCTCCACACCCAACTCTGCATTTTGGGCGTACCGCATTTTGGGTCTACTTGGCAAAACGGTCTCTGAACTTCAACACCCGGGACACATACGTTTCTTCACGTTAAAGATGCTTGGTGAAGCTCTTCGCGATGCTGGTTTTAATGACATCACCATTGGTGCAAGGCATATGTACTGTATCCTTCCGGGATCCTTCTTCACCCGCTTCGAAAAGCTGCTGGTGAAGTACGGTTTCAAGAAAGAGATGCGGTTCAAAACTGGCACTCACTTTTGGCAACTGAGCAGGTTCAAAGAAAAAGCTAACGGGTTTTGGGCTGATACGCTTATTGTTACCGCCTCGAAATAACCCCCCGGAGCACACTCCAAGAAGAACGTTTATTGTATGAAGAGAGTTCCCATGCACGTACTCATCCTTGGGGCAGACGGCTATCTTGGCTGGCCCACCGCAATGTATTTTTCGCAAAAAGGCTGGAATGTTACAGCTGTTGATAATTATTTTCGTCGCAACGCTTGTACCGAGCTTGATGTGGGCATGCTATACCCCCTGCCATCACTTCAGGAACGAGCCCAGCTATGGTATGAACTCACAGGACATGAGATCAAAGTCATTATTGGAGACATTGCGGAACCAGAAATTTGCCGCTCTTTATTTACCGGGACTCGCCCATACAATTGGGCTAAGGATACATCTTTCACAGGACTTCCCGAAGTAATCGTACACTACGCAGAACAACCTTCTGCCCCCTACTCTTTGCTAAACTACCATTACGCAGATGTAACAGTCACAAACAACCTGCGTGTCACCAACAACCTAATGTTTGCTGTACGAGACCTCTGCCCAACAGCACACCTTG
NZ_CP087381.1_gap78	2515467	2518015	2548	ATTAAAAGCCCCTCTCCAGTTATACTGACGAGGGGCTTTTATCGTCTCATTCATCAAGCTCACTTTACGTTTCAGCGCCCAGCTCAAGCCCATGGCCCCCCTCCTTTCCCTCTGTGCAAGGGGCACATTCTTGCAGTAAATGACATAAATTTAACCGCGAAAAACTCAATGTTCAAAAATTTCCTTTAATTCTTTGGGACAAGAGATGTTCTCCCCTCTCTAGTACGTATCCCCCCACACGCACACATTAGTTCCCAATTACAATGAACTTCCTAGCGAAGATGCATTTAAGTCTCTGGCTGCTGAGCCTTCAGTGGTGGTGTATTGTATTACTAACTATACCTGCTCAACATATTGATCAAAACACGACACAGCATATTCAGGCATTCAAGATCACCTCTCAGACCAGAGCTGAACAAGATTGAACCCACGGCCTCCGGAATGCTACCATCCATGCGAAGAGTATATCGCCACCGCCCTATCTATCTAAAATCGCGAAGGATGAAGTTGGACAAGAGATCGCATGAGCCGTCCGTGGATATCCAACCTGGTTCAATCTCCTCAGTGTGACAGCAATAGAATGAAGAACAGAAGTTATCCCCGTACCACTGCTCGCCAATATGTCCTCTGCGATCTCACGAGCACCACAGAGCGACCACTCACTACATCCTACTTTATATCCCACGAACATGCTTGACTGTTTTCCGAGCATCTTATAGACAGGCCCTATCATGAAATTGACAATCGTTTTCAATTAGCAGTTTCGAAGGGAGTTTCCATGCGATTACGTTACGCCACAGCACTCATGGTCTTATTCATCATCGCCGGGTGCATACCCCAACAGGCACAGCCTGTACCCCAGCAAGAGGCTTTCTGGCTTGACGGCCGCTGGCCCCACGAAAAAAGCGATCTGCCCCGTCACGAAACAGCCCTGTTCGGACGTCTGGATAACGGGCTGCGCTATGTAATCGAACGCAATGCCAAGCCGGAAGGGCGGGTAAGCCTCTATCTGGACGTGCAGGCCGGTTCTCTCATGGAATCTGACGAAGAGCTCGGCCTGGCTCATTTTCTTGAACACATGGCCTTCAATGGCGGCCGTCACTTTCCCCCCGGCGAACTCATTCCCTTTTTCCAGCGGAACGGGATGGCCTTCGGCCGTGATGTCAACGCGCACACCGCCCATCAGGAAACAGTCTACAAACTGAATCTCTCCGATTCCGGAAAAGACAATCTGGATCAGGGCATGCTTGTGCTCAGGGACGTGGCTGACGGCCTGAGCATTCTTCCCGAAGAGGTTGAAAAAGAGCGCGGTGTGATCCTCTCTGAAAAGACAGCCCGCGATTCCATTCAATACCGGGCAGGCAGGCGCATGCGTGCCGTAATTTACAACGGCACCCGCTTTCTCAACGATCCCATAGGTGAAGAACAGATCATCCGCACTGCTTCTGCAAAAACCATACGTGCCTTTTATGACGCGTGGTACCAGCCGGAGAACATGGTGCTCGTGGTGGTAGGCGATGTGGACCCCGCAGTGGCGGAAACGGCCCTGAAGGGTGCCTTCAGCGACCTCAAAAGCCACGGAAAGCGTCGTGAATCCACACCATGGGGCGATGTGAACCTTTCCGGAGTTATTCCCTACTACGACCGCTATGAAACGGAACTCACCTCGGTCCGCATTGGCTCCGTCAAACCCCGCATATGGGAAGATGATTCGGAGGATGTCCAACGTCGCATGGCGTATGACGCCATGGTCAGCTCCATACTCTCCCGCCGTCTGCAGCAGATCCGGGCGACAGGCAAGGCACCTTTCGTCAACGCGCTCATGCAGCGGTCCGACAGCTACAACCTGTTCCCTTCGGCCAACCTCATCGCCCTGTGCGAACCGGACAAGTGGCAGGATTCTCTCGCCCTGCTGCAGCGCGAGTATATGCGCGCAGAGCAGCACGGCTTTCTGCCCGAAGAAGTGGAAACGGCCCGCGCCGAACTGTTGCGCGCGTACAAACTGAAAGCGGAACGGGCATCCAATCAGGAAAACGATGAGGTGGCGCAAACCATAGTGGCATGTCTTAATGCCAACCGAGTGTATCAGTCATGGCAGCAGACCTATGACATGTATTCCCGCTTCTTCTCGCAGGCCACGCCGGAGAACCTGCATGCGGCCTTCATGGCCATGTGGAATTCCGGCAACCGCCTTGTTTCTGTGACCGGCAATGCCGAGATACCCGGAGATGCCGGGGACTTCATCCGTGCCGCATGGGAGCTGGGACAGAATCAGCAAGTCACTCCTGCCGTGCCTGTAGAGAAAAGCCCTTTCCCCTATGTCGACGAGCCGAAGAAGAACGGCAACATAGCATCCCGGACCACACTTCCGGTACCGGGAACCGACCTTTCCCTGCACGAAGTACGTTTTGAAAACGGCCTTGTGCTGCGCATGCTCCCCACCCCCTTCCTGCAGGGTAGCACGTCCATCAGCCTGCACATCGGCAATGGCAGCTATGCTCTGGGCGATTCCGGCTACATGAAGGCCACGGCTGCTGTCTTAGCGGAC
NZ_CP087381.1_gap79	2612578	2616819	4241	TCCTCCCTGAGCAAACAGTTTCTTGTCCTAGTTTGACCCTATTATATAGTCTAATAAAAATCTAGACTTTTCCACAATTAATAACAGCCTTAAAAAAAGGTCAGTTCTTTATGCCGGTTGCGTGATTCGCCATTCTGCTTGGCTTGAGCATGGTTTTCTGCTATGCATGACGGGTTGTTGTGTGCTGATCGGGGCTTTTTTTTCCACACCCCGAATACAGATATTCCCACGGCTGTCCACTACTCGTAAATCCTTCGTAACCCCCGATACCGGCAAAGAAATTCACGTGCTCAAGAAAGCCCTTCGCGATCATCTTTCCCACAGTTTTTCCGACCAGGCGCTGCGCCAGTGGTATGACCCGCTGGCTCTTGTGATGAGCCCGACGGAAAAACGGCTTTCTGTGTATTTTCCGCATCCGTTTTTTGCCAAGTGGTTTCAGCTGAATGCTCAAGGCGACTTTGAAAACGCCCTGCGGCAGTATCTGGACGAGGGGTACAAGCTCGATTACACCACGCGCGCTGCCAGCCGCACGGGCGGCAGAATGCCCGTTTCCGCCTCTTCCGACCGTGTGAAGAATCTGGACATTCCCTTTGGCCAGCAATTCACCTTTGAAAGCTACCTGCACAACCGCAAAAACGAATTTCCCATTGCCAGCGCCCGTGAAGTCGTCAAGCAGGGGGCACCAAAATACAACCCCTTTGTCTTGTGCGGCTCCAGCGGCTCGGGCAAGACGCACCTGCTGCGCGCCATGGCAAACGAGATTGCCCGCCATACCGATCCCGAATCCATTTTTCTCGGTACGGTAGAAGACCTTGCAGCACTCTATGCCGTGCAGTTTGAAGGCGATCTGTACGGCGCACGCCGCCATATTTCGCGCTACGTCTACTTTATGCTGGACGATGTGCAGCGTTTTCGCGACTTCCCGCTGCTGCAGGAGGAAATGGTCATTCTGTTCAACATGTTCCACGATGCGGGACGGCAGATGATATTCACCTCCACCGGCATCATTTCCGGATACGACTTTCTGGACCCCAAGCTCAAATCACGGCTGGAATGGGGCCTTATCGCCCAGATCAAGCCGCAGGATCTTGATATCCGCGTGCGCTTCGTGCAGCAGCGGCTCAAGCATGACAGGCTGCGCATATCCAAGGAACAGACCTTCATGCTGTGCCAGCGGTTTCCTGATTTCCGCAACCTGCAGGGTATTCTGACCAAGCTTGCCGCCTACAGGGACCTGATGAGCAGGGAAGTGACAGATAAGGATTTCGAGCAGATACTCGCCCACACCGATGACAAGCAGGGCAGCTCCATAACGCCGGATACGGTTATTGCGGTCATTTCCGAACACTTCGGGCTGAACCACAAGGATATAACCGGCACCAAACGCCACCAGAAGATCGTGCAGGCGCGCCAGCTGGCCATGTTTATATGCCGTCAGCTTCTTGGCAGTTCCTACCCTTCACTCGGGCGCATCTTCGGCGGCAAAGATCACTCAACGGCCATGTACGCCGTTAAAAAAGTCAAGGAATTACAGGAAAGTAACAGAGATACGAAACTTTTGGTAACCGAGCTGAAGAAAAAGTGTCTAACCAAAGACAGTTAGGAAAAAGCGAACAAGTTACGCAATGACGGTGCAAAGAATGTTACCTTCATTGTTACCGATAAAGCTAAAGAAAATCAGTTAGATAGTTCTAGTAGAAACAAAGGCACACCCCCTACTACTATTACAAGGAGATCATAATGCATTTAAGAGTATTTAAAGAAGACGTGATTGACGGTCTCCAGAAAGCCGCAAATATCATTCCTGCCAAAACCGGCGCAGCCTATTTGCGGTCCATCTGGCTTAAAGCGGAAGCAGGCGCTCTGCATGTGCTCTCTACCGATTCCAATATCGAATTCCGTGGCCGGTATACCGGCGAGGTGATGGAAGAGGGACTTGCCGGTGTGCAGGGTCGTGCCTTTGTGGATCTTCTCAAGAAGCTGCCTTCAGGCGAAATTACCCTTCGTCTGGACAAAGACTCCGGCAGCCTGCAGATTGAGCAGGGCAGAAGAAAATACAAACTGCCCGTGAACGATCCTACCTGGTTCCAGAATTTTTCCGATTTCCCCGAAGCCGGTTCCGTTTACTGGTCGGGCGACTTCGTGCAGGAACTCATAGACAAGCTTTCCTACTGCATCTCCGATGAAGACACGATGGAAGCCATTGCCTGCATGAGCATGAAGCCCATGACCAACGGTACCATCGAGTCCTGCGGCCTTAACGGTCACCAGTTCTCCATGCAGCGCTTCATGAACGATGAGCTTCACTCCATGTTGCCGCAGGACGGCATTCTGGTGCAGAAGAAATATCTCGGCGAACTCAAGAAGTGGCTCGGTGGTGATGAGATTGAACTGAACATCGACAACAAGCGTCTGTTCTTCCGTCGCGGAGACAAGCGCGAGACGTTCAGCCTGCCTCTTTCCTATTACCAGTATCCGGATTACAACAATTTCCTTTCAAAGCTTCAGGCTCCCGAAGTGAGCACCCTTGAGGTAGACAGAAAGGAGATAATCGAGGCACTCGACCGTCTGCTCATCTTCAACACGGAAAACAACCGTTGCACCTACTTCACCTTCAACGGAGCCGAAGTGGAGCTTTCTTCACAGGGTCAGGAAGTGGGTACGGCCAACGAAGCCATCGAAGCACAGTATCAGGGTGACATAAAGCGCATTGCGTTCCCCACCCGCAACCTGATCGAAATTCTCAACCACTACCAGTCCGAAACCCTCAAGTTCCTGCTTACCGGTTCGGAAGGCCCCTGCGGCCTGCAGGGCAATGATGACCCGGAATACACGGTTATCATCATGCCCATGAAGATTGTGGAAGAGACGTACTACAGCGAGGAAGAAGTTTAATGACCAGCGCTGGAAGCAAACAGCAGTACACCGCGGACAGCATTACCGTTCTTGAGGGGCTCTCGGCTGTCCGCAAGCGCCCCGCCATGTATATCGGCAGCACCGATGTTCGCGGTCTGCACCATCTTGTCTATGAAGTCGTGGATAACTCCATTGACGAAGCCATGGCCGGCTACTGCGACAAGATCACCGTGAAGGTGCATCTCGATAACAGCGTGACCGTGCGTGACAACGGCCGCGGCATTCCCGTGGACATCCACCCCAAGGAAGGACGTCCCGCCGTTGAAGTGGTCATGACCATACTGCACGCAGGCGGCAAGTTCGACAGCGACACCTACAAGGTTTCCGGCGGTCTGCACGGCGTGGGTGTTTCGTGTGTTAACGCCCTGTCCGAGTATCTTGAAGTGACCATCGACCGCGACGGTTACCGCTACAATCAGCGGTATGAACGCGGTGTGCCTGTTAAGGGCGTGGAAACCATCGGTGAAAGCGACAAGCGCGGTACCACTGTGCGTTTCCGTCCTGATGAAGAGATATTTGAAACGAACCAGTTCATGTACGATGTGCTGAAGAAGCGCTTTGAAGAACTGTCCTATCTCAACTCCGGACTGACCATCGAATTCACCGACGAGCGTACCGGCGATTCCGATACCTTCTTCGCGGAAGGCGGCATCCGCCAGTTCGTCAAGGATCTCAACTCCGGCGAAGGCGGCATCCATTCCATCATCTACGGTTCCGGCAACGGTACCGGCGATCAGGAAAACATCTTTGTCGAATACGCCATCCAGTACAACGCAGGGTACAAGGAAAACTTCCTCACCTTTGCGAACAACATCCGCACCAAGGAAGGCGGCACGCACCTGCAGGGTTTCAAGACCGCGCTGACCCGTGCCATCAACACCTACATTCAGGGATCTGACCTTCCCAAGAAGCTGAAGGTGAAGCTTTCCGGCGATGATGTGCGCGAAGGTCTTACCGGCGTTATCAGCGTGAAGATTCCGCAGCCCCAGTTTGAAGGGCAGACCAAGACCAAGCTCGGCAACAGCGAAGTGGCCGGCCTGGTGGCCGGACTGTGCTACGACCATCTCATGACCTTCTTCGGCGAGAACCCCAAGGACGCCAAGATGGTCATCGAAAAGGCCGTGGATGCCGCCCGTGCACGCGATGCTGCCCGCAAGGCAAAAGATCTTGTACGCCGCAAGGGTGCTCTTGGTGACAACTCGCTGCCCGGCAAGCTGGCGGACTGCCAGTCCAAGGACCCTGCCGAGTCTGAACTGTTCATCGTGGAAGGTGACTCTGCAGGCGGTTCTGCCAAGCAGGGCAGAAACCCGGGAACACAGGCCATT
NZ_CP087381.1_gap80	2620586	2622918	2332	GCCATGTTTCTTGAGTTTGGTGATCAGGCCGGACGCGCCAAGGATATTCTCTATCGTCTCGGTGCGCTGTGCATGGATACCAGAAACATGGATAAGGCCATTGAGGTATGGCAGCGTCTGCTCAATCTTCCGGAAAGCACACCTGTAGATCAGGCCAAGGCCTATCGCAATATAGGCGAAGCCTATCTGTATACCGGCGATTACGATCTTGCCATTGATGCTCTGAGAGCCTGTGTGGAGCTCAAGGTAAATGATCTTGAGCATGCGCGTTGTCTCTTTGATCTTGCGCAGACCCAGTTCTACCTTGAGAACTATCATGCGGCCGAGAAGACGCTGGAGCAGGTCATACAGACCCCGAACATGGATGAGGAGCTGCATGCCCTTGTGGTTCTGCTGCTTTCAGACGTGTACGATCAGCTTGGCAAGACGAAGCAATCCATCGTGCTGCTGGAAAGTATTCTGCACACCTATCCCAACCCCATGGCCATTGAAAAACGACTGGAGTACCTGCACCAGCGCGTAAAGTAGCGCCGGCTCCGGAGGTGATGGTGGATATTTTTGCTCTGGCGGCGTTTGCCGCAGCCATGTTCGTTCTTGCCATAACACCCGGCCCGGGTGTTTTTGCGGTTACAACTCGGGCCATGACATCGGGCATGTCGCATGCCCTTGTGCTTGCTACGGGGCTTCTGCTCGGCGACATGGTCTACCTTCTGTTTGCCATATACGGTTTAAGCGCGCTGGCGAGCTCTCTGCACGAAGTTTTCACCGTAATCCGATATGTGGGCAGCGCCTATCTTATCTGGCTCGGCATTTCCCTTATTCGCACCCGTAACGAATCTCTTTCGTTTCCATCGGGCAGGGGAGTGCGCCCTTCATCCCGCGGTGCCTCCTTGAGAAGCTGTGTTGCCGATCTGCTCACGGGGTTTTCCGTCACTCTTGGCAACCCCAAGGTCATTTTCTTTTATCTCAGCTTTCTGCCTACCTTCATGGACCTGACCACGCTTACGTCCGTTGATGTGCTTTCAGTATGTATTACGGCATTCGGCGTTTCCTTTGCGGTTCTTTCCGTCTATGCCTGCCTCGCCAACCGCAGCCGCAGATTTTTCGTCAACGCCAGAGCCCGTAAGCGCCTCAACCGCACGGCCGGGTGTGTGCTTGCTGCAACCGGTATTGCGCTTGCGGTAGAGTAGTCGGGACACATGCGCCTGTTTGCACCATGGTTATCCGGCCGTTATCTCCCTCAATACAGGTAGGACTTTTCCTCTTTTCATCGCTGCAATAAGTGCTTATGTTCTGGCACGTCAGGCGGTAATCATCTTTTCCGCCTTTTCACAAATTCAGAAAATTGCATGTAGTCTTTACGATTATCTGCTTGGTATTATTCATGATAAGAGAAATATTGAAATATCCTGACGAACGTCTCGCAGTAGAGTGTGACGATATTACCGAAATTACGGACGAGATTCGTCAGCTCGCCGCTGATATGGCCGAAACCATGTACAAGGAAGAGGGCATTGGCCTTGCCGCACCTCAGGTCGGGGAGCATTGCCGTCTCATTGTCGTGGACGTGAGCGGTCCTGAAAAGCGTGAAGAGCTCATGACGCTCATCAATCCCCGTCTGGACAATCTGGAAGGCGAGGTTGATTCTGAAGAAGGCTGCCTTTCCGTTGTGAACTATCGTTCCAAGGTCAAGCGTGCCGAAAAGGTGCGCCTGAGTGCCAAAGACCTGAACGGCAACGATGTGTGCATCGATGCGGACGGCCTGCTTGCCATCTGTCTGCAGCACGAAATTGACCATCTTTCAGGGACGCTTTTCATCGACAAGATCAGCCGCCTCAAGCGGACCATGTACGATAACAAAGTCAAAAAGTGGTTGAAGTAGTAGCATGATGCGCGCTGTTTACATGGGAACTCCCGAATTTGCCGCGACCGTTTTGCGGCAGGTGGCTGAGTGGGGCGGGTGCGAGATTGTGGGTGTGTACACCCAGCCTGATCGTCCGTGCGGAAGAGGGCAGGTATGCAAGCTTTCCGAAGTGAAGGAACTTGCGCTTGAGCTGGGGCTTACCGTGCACCAGCCGCTCAATTTCCGTAATGAAGAAGACGTGCAGATCCTTCGCGACCTGCGGCCGGATGTGCTGCTTGTTGCCGCTTACGGACTCATCCTTCCCCAGAAGGTTCTGGATATTCCCACGTATGGCGCCATAAACGTGCATGCTTCGCTGCTGCCCAAATATCGTGGTGCTGCGCCCATTCAGCGCGCCATCATGAATGGTGACCCCGTTACCGGCGTTACCATCATGCAGATGGAAAAGGGGCTTGATACCGGCCCCAT
NZ_CP087381.1_gap81	2627407	2628717	1310	AGGTTTTGCGGGGTCATGTTCCCAATCGGACGTTTTGCTACCGCATATTTTGCACTCCACCTCGGCACTGAACGGATACTTGAAATCCCAGAAATCCTTGAATTGCTGCCAATCATCAAGGGGTTCGGGTTTCTCGCTGGCGAGAGTGGGGTACATGGTATCAAGAGCCTGCTCCAGAATGGGGGCAACCTTGCGGCTCACCATGTCCCATATTTGAGGGCTGAGCAAAACACCGTACATTGAGCCGTCCTTGGCATAGAGCTGGACGACGTGAGAATCTTTTTCAGACATGAATGCCTCCGTTTGCGCTTCGACTGACTAAGTTGAGGCTGTAGACTTAGGGCGAAATGACGGATTGTCAAGGAGTTATACAGATGGCAGGAGCACCAAGAGGTCTCGGTAGAGGGCTGGACGCCCTGTTCAAGTCGAATGAAGAACCGGTGGCAACCGGTGGCACCACTCCGAACACCCTTCCCCTGCGCATGCTGAAGCCGAACCCCAACCAGCCGCGCAAGGCCTTTGCCGAAGAAGGGTTGGAAGAGCTTGCATCATCCATCCGGGCGCAGGGCGTGTTGCAGCCTCTGCTGGTCCGCCCCGTGAAAAACGGGGAAGAAACCTTTTATGAAATCGTAGCCGGCGAGCGCCGCTGGCGTGCCAGCCGCATGGCCGGAATCCGCGAGGTGCCGGTCATCATCCGTGAAATGACGGACCTTGAAACTCTGGCGGTGGGGCTTATTGAAAACCTGCAGCGCGAAGACCTCAACCCCATGGAAGAGGCGCTCGGCATGCAGGAGCTCAAAGACAAGTTCGGCCTCTCGCAGGAAGATCTTTCGCAGAAGCTCAGCAAGAGCCGTTCTTCCATAGCCAACACGCTGCGCCTGCTGCAACTTTCCGAGGCTGCAAGGGCCATGCTGCAGAACGGCACCATCAGTGCCGGACATGCGCGTACCCTGCTGGCGGTTGCTGAAGAGGTGCGGGATGAGATGCTTGAGCGCATCATCAAGCAGATGCTTACTGTGCGGCAGGCCGAAGCCATGGCCCAATACTGGAAGGCGCACGGCGAACTGCCCGCGCATGAAGGTGCTGAAGCGGTAAAGGAAGCAAAGGCACAGCGCCCTGCGATGGTTCTTTCTCCGCGCATGAAGGATATTCACAGCACGCTTTCAACCGTCTTCAGCGGCAAGGTGGCTGTCAGCGGAACGGAAGAGAAGGGCAAGGTTACACTTTCCTTCTCCAGCCAGGATGAGCTGAATGAACTGCTGACCAGACTCGGCGTTACTGTAAACGGATAACCTGCATGACCGACTCCA
NZ_CP087381.1_gap82	2650633	2655155	4522	TCAATCTGAAGCGGGCAAAGGAACTGGGCATAGTCATTCCTGAAGATATTTTGCTGGCTGCGGACTATGTATACACAGAGTAATGTTTTTTATGTGCAGATCGTATGCTAAAACGTAATACATCAAGATCGGTCACATCGCTGATCATTGTAGCAACCGTGGGGCTGGTCTTTGTTTGCGCCCTCGCGCTGCTTGCGGTGATGCAGTATACATACTCCGGCTCGATGTACCGCCAGTTCCAGGACCGCGTGGGCGCAGAAGCAAAGCAGCTCGGCCAGTACTATTTCAGGGGAATGGGTGAGGCCCAGCGGCAACTGGATGCCCTTGGCGAAGACAATTCCATTCGTGTGACCCTGCAGCTGGGGGTGGAATACCAGATGCGGGAACGTCTGGCCGCATTTGCCGCAGCTGCGCCTGATCTGCACTTGTATCTGCGCGCGGCCGATTCCCAGCGCGTGTATGCCGCAACAGACGGTCCCATTCCCATAGAGGCCCACGAATTTTCTCTTCAGCCTGCACCGCAGACCAGTTCGTTATCCCTGACATCGGAAGGCCGGTTCTACGTGGCCTCAACGCGCCCTATACGCAACCGCTCGCAGGTTGTGGGTACGGCCGTGGGCATGTATTTCTTCCAACCTCCGGCAGAGGGAGTGCTTCTTGAAAAAGAGGATTATTCCCTGCTCGTTCTCCATCTTGGAGCTTTTCGCGACCTGCGCACCGGCAGGCCTGCCTCTGTGCAATACACTTCGGGAGTCACGGACAAGGGTATCCCCCAGCCTTGTTTGGTGGAAGGGCGTGAGGGCCTGCTGGCTGCCACCGGATTCGAGGGTATCTACTACTTTGCCTCGTCGGCCCCGCTTGAGGAACTGAAGCGTTCCAACCTTCTGAACAATGTTGTGGTGCTGCTGTTCACCAGTGTTCTATGTTCCATTCTGGCCTATTTCATAGGTCTCAAGATCACCGGCCCGCTGCGGGCGCTGGCAGAAAGCGCGCGGAGCATTTCGCTCGGTCAGGCGCGTCTTGCCCTGCCTGAAGGCGTTACGCCCATTACCGAAGTGAACGACGTGCTTCATGCGCTGGACGCGATGCTGGTGAATCTGCGCAAGGCGGAGGAACTGGCGCGCTATCAGTTGCTGTTTGAGGAGGTTATGGATGCCATCATCATCTATGACCTCGACGGCAGGATTCTCGAATGCAACGCGCAGGCGCTGGACCTCATGGGGACGGAACGCAACCGCATGCTCTCTCTGTCCATGCAGGATCTGGTGATGCAGGAATACGGCCAGAAAATGTGGCAGGTGCTGGAGATGGTGCGCAAGACACCTGCCGGCAGCCCGCTGGCCAAACGGCAGTTCGAGATGCGCATCATGCCCGTTGAGGGTGATGCCTTTCATGCGGAAATGCATATCCGCAAACTCCGGTATCAGGAGCAGGACGCGGTTCTGTGTGTCATACGCGATATTTCACCGCGTATTGCGGCTGAGAACGCTTTGCGCAAGGCCATGCAGAATGCGGAGGAAGCCAACCGCGCCAAAAGCGGGTTCCTTGCCTCCATGAGTCACGAAATCCGCACGCCCATGCATTCCGTGCTGGGACTGGTGGATATGCTGCAGGCATCCGGCCTCAACGAGCAGCAGTCGCGGTATCTGCAGATGCTGCGCGGCTCCGGCGAGGTGTTGCTCGACCTGATCAACGATATTCTGGATTTTTCCAAAATCGAGGCCGGCCATATAGAGCTTGAACATATTCCCTTCGGTCTCGAAGGGTTGTTTGAACGCGTGTATTCCATGACGAGTGTACAGGCCGCGCAGAAGGGGCTGGAAACCATTCTCTACATTGCCCCCGACGTACCGGAAAAGGTGGTGGGCGATCCCAACAAGCTGCAGCAGATTCTGCTGAACCTGTTGAGCAATTCGCTCAAGTTTACCGCGCTCGGCCATGTCATTACCACGGTGCACGTGCTGCAGCGGGTAGAGAATAACGTAACGCTCGAAATCGCCGTAAAGGATACGGGAATAGGTATTCCCATCATCAAGCAGCAGAGCATTTTTGACGTGTTTACGCAGGCTGACAGTTCAACCGCCCGCAAATATGGCGGAACAGGGCTGGGGCTCGCCATTACCAAGCGCCTTGTGGAGTATCTGGGGGGTGCCATAAGCGTGGAAAGCCGTCCCGGACAGGGGGCGACCTTTACATTCACCTGCGTGCTGCCCCTGCCGGAACAGTCGTCCGTGAGTGGTTCTGCTCCGTCGCTTGCGGGCAGGCGGGTGCTGCTTGTGGACGATAACCCCGTTACCCTGCATTATCTTGTGCTCACGCTTGCAAACTATGGTGCTGAAAGTGTGGAGGCTTTCTCGGTGCAGGAGGCGCAGAATCAGCTGGAACGACAGAACGGGCAGGGCGCCACCCGGTTTAATGCCATTATCATGGGCAGTGATCTGGCAGAACTGGACGGTGTGTCGGCGCACAGGCAGATGCTGAAGCGTTTCGGCTCCATGTTGCCTCCCACCTTGCTCTATCTGGATTCTTCGCACTCCCCGCAGGGCGGCAAGACGCTGCCCCAGACCGGACTGCCGATTCTCGCCAAACCTGCCACGCCGGGCAAGCTGATAAGTGTGCTGGAAGGTCTTCTGAACAACACACTCGCGCCGGGCCTTTCCATAACGTCTGCCGAGGGGAGCTCCATGGATGATTCCGACCAGACCGGAAAGGTGCTCATTGCGGAAGATTCCAGTGCCAACCGCATGCTCATGGGCTTCTATCTCAAGGATTCGCCCTATACCTGCGACTATGCGGAAGACGGCAATGAGGCCGTAGCCAAGTTCAGGGAAGGGCAGTTCGATGCCGTCATCATGGACATCCAGATGCCCGGTATGGACGGGTATGCCGCAACCCAGGCCATACGGAGTTTTGAAACGGAAACAGGCAAGCGTCGGGTGCCGATCATCGCTCTGACAGCAAATGCCTATGCCGAAGATCGCGAAAAGTGCCTTGCCGCAGGGTGTGACGATTATCTGGCCAAGCCTGCCAAGAAACAGGCCGTGCTGGAAAAGCTGCGGCACCATCTGGCCCGCTAGCTGCCTGTCATGTCCTGCCATGCCCCGTCCAGACATGACGGGGGCAGCTGCAATGCGCCTCACGGCAGGGAACGGGTTCGCAGCCGGGAGTGGAAGCGCTCCGGCAGGCCATGCGGGCTGGTGGCGTGCAGTTGGAGGCGTGCGGTTGGGATAGTGCGGGTGGATACACGAGCAGGTGACAGACAGAGACAATACAAAAAAGAGCCGCTCCGGATCATCCGGAGCGGCTCTTCAACATTCAGAACCAGAATTACTTGTCCAGCGATTCGGGATAGGGCCAGCCTTCCTGACCGCCTTCCAGAATGAGCAGACGGCTTTCGGAAATGCCCTTTTCCTTCAGGTGTTCGTAGGTGCGCTCGGCACCGCCCTTGCCGCGGGGGCAGATGATGACGACAGGAGCCTCGTCCTTGGTGATGTCTGCCATGAAGGCATCGAGCTTGGCTTTGTCTTCTGCGGACTTTACAGGATACGCGCAGGACTTCATGGCACCGGGCAGGTGATGCTTGGCATAGCCATCCTCTACCTGAATATCCATGATGTGCATGGGGGTCTTCTGTTCAAGGTTGGTCTTCATCTGCTCGGGCGAGATGTAGTTGTAGCTGCCGGCAAAGGCATTGCCGACAAGAACGAGTACGCAGGCTGCGACGAGCAATAGAACTTTTCTATACATGAGGCTTCTCCGGATAGGGTTTGTCAATATAATACAACTATATCAAATGGTTGTATTGCATGCAAACATCTATGCCGGAACCTTCCCGTTTGAGGTGCCGTTTGGTTCGCTGGATCATGCGGGCAGCCTGAGAGGGGCGTTTGCAGCGCGTCTCAGGGAAGTCTTGTCAGGGCTGGCCTCAAGGGGTTGAGGGGCTTCATGACTGTTGGAGCCGGGGTAGGGGGCAGGACAGGGCAGGACAGGGCAGGACAGGGCAGGACAGGGCCTGGGCAGGGTCAGGGCAGGTAGCGGCGGCAAGTGAGCAGCCGTGACTGCCAGTAATCCTTGCGCAGCGATTCCTCGCGCACCACGTGGCCGGTCTTGGGACTGTGCACGAAATATCCGTTGCCGGAATATATGCCGGAGTGCAGCCCCTTGTGCGAGATGCGGAAGACGATCACGTCGCCCTGTCTGGGATAGGCGCAGTCGGCAGGGCGGCCACCGGCACTCTGGGCCGAGGTGGTGCGGGGAATGGAAAGGCCGTTCTCTTGATAGGCCCACCAGACCAGTCCGGAGCAGTCAAAGCCTTCGGCCGGATTGCAGCCGCCATAATTGTAGTCTGCACCAATGGCCTTGCGGGCCGTGTGGACGATGGCCGCTTCCTGCCACGTGGGCGGTGGGCTGTCCTGCACTACCGTTGCGGTATTGTGTGAACCGCAGCCTCCGAGCGCCGGAGTCAGGCACAGGCAGGCAAGCAGGCAGAGAAGCAGGCGCAGCGGGGGCGGCGTTGTTTCCC
NZ_CP087381.1_gap83	2657458	2661618	4160	GCGATACCGTGGCACAGGCTGTGCGGGCGCTGCCCGGCGTGGACTGCATGCCCCTTGAAGGTACCTACCTTTCGTGGCTGGACTTCTCCGGCTACTGCGAGCGCACCGGCTGCGACATGGCCGAGGTGGTTCGCCGCATACAGCAGGATGCCCGCCTCGCGCTCAACCACGGAACCACCTACGGGCCGGGAGGCGAGAGCGGCATGCGATTGAATTTCGCATGCGCAAAAAGCCAGTTGTCTGAGGCGTTGCAGCGGTTTGTGAAGGCTCTGGCCTGATTGTGACTGCGTGATGCCTCAAAATGCCCCGTGCGATTTTCCGGTCTCGCCAAAAAAGGCGGGTGCATTCGGGTATATTCACGAAGGTTTTTTGTTGCCTTTTTGCCTTACAGGTCCGGAGGCGCACTGTGTGCACAGACAGTCGCAACCCCGCGTCACTAATTGTGAAAAAGGGCCTCAAGAGTGCCATTTCTGTTTCCGAGAGGAATGTTTTAGTCGTATCAACATAACAATATTGACAATTTTGCAGTAGAAATAGCTTGACTTGAAGCCCTTTCATGGGTTGGATAAGTCGCTTTCCTGTTGTTTACTTTGGATCGATCTAAGCTGTGGCCGGGGGTATTCCGGACTACGGCTGTAGTGCTATAGGAATGTGGCAACGATCCGTCGTTGAGGTAGGTAAACCTGTTTGAAAGAGTACTGGAGGTACTGGATGAAACGTTTTGTTTCCGCAATGGTGCTGGCTCTGTCTCTGGCACTGTTCGCCGTCCCCGCTATGGCCGGCAAGACCCTGCGTCTCGCCATGGACGCCGACCCGGTGTCCCTTGACCCGCATGTTCAGCTTTCCGGCGGCATGCTGCAGTATTCCCACATGGTCTTTGATCCGCTGATCCGCTGGACTCAGGACATGCAGTTCGAAGGCCGTCTGGCCGAGAAGTGGGAACGTATTGATCCCATGACCGTCCGTTTCCACCTGCGCAAGGGTGTCAAGTTCCACAGCGGTAACACCTTTACCGCCAAGGACGTTGCCTGGACCCTTGACCGCCTGAAAGTTTCTCCCGACTTCAAGGGCCTGTTCGAAGTGTTCGGCCCCGCTGTTATCGTTGACGATTACACTGTGGACCTGAAGACCAAGGTTGCCTACCCCCTGCTTCTCAACATGGCTACCTACATCTTCCCCATGGACAGCGCTTTCTACACCGGCAAGGATGCCGCAGGCCAGGATAAGGGCGCCATTGTCAAGTCCGGTCCTTCTTTCGCCAACGAACATGAATCCGGCACCGGTCCCTTTGTTGTGACCGAGCGTGAACAGGGCGTTAAGCTGCTGCTCAACAAGTTCGACGGCTACTGGGGTCCCCGCGGCAATCTGGACACCATCGAATTCAAGCCCATTGCCAACGAAGCAACCCGCGTTGCCTCCATCCTTTCCGGCGACGTTGACTGGATTCAGCCCGTTCCCCCCCAGGACTACGACCGTCTTGACGAATCCAAGAACGTGGACCTGATCACTCTTTCCGGTACCCGTCTCATTACCCTGCAGCTGAACCAGAAGCGCGTGCCCGCATTTGCCGACAAGCGCGTTCGCCAGGCTATTGTATACGCTACCAACAACGACGGCATCGTGAAGAAGATCCTCAAGGGTCGTTCCACCACCGCCGGCCAGCAGAGCCCCAAGGGCTACCTTGGCTACGTTGAAGAACTGAAGCCCCGTTACGACGTAGCGAAGGCCAAGGAACTCATGAAGGAAGCCGGTTTCGAAAAGGGCTTCGAAGTGACCATGATCGCTCCCAACAACCGCTACGTGAAGGACGAAGCCATCGCTCAGGCCTTCGTGGCAATGATGGACAAAATCGGCATCAAGGTGCACCTGAAGACCATGCCCAAGGCTCAGTACTGGGATGAGTTCGACGCTAAGGTCGCCGACATCCAGATGATCGGCTGGCACTCCGATACCGAAGACTCCGCTAACTTCACCGAATACCTGCTCATGTGCGCCAGCAAGGAAACCGGCATGGGCGCATACAACTCCGGCAACTACTGCAACCCCGAAGTTGACAAGCTCATCAACGAATCCAATGCCGAAACCGACCGCGCAAAGCGTACCGCAATGCTGCAGCAGGTTGAAAAAATCCTGTACGAAGACGCAGCTTTCGTTCCGCTGCACTGGCAGGACCTTTCCTGGGCCGCTTCCAAGAAGGTCAAGAATGCTCAGGCAATCGTGAACGGTATGGACTTCCCCTACTTTGGCGACCTGGTAATGGAATAGCCTTGAATGGATGAAATGCCGGAGCGGATACCCGCTCCGGCTTCTCCTTTTCAAAGTTTCTTTGAGCGGCGGCGGGCGTCCGCCGTCGCAACTGGGTAACTTTGAAAAGGACCGAATGAAAGGAACCGGCCCCGCGCCGGTTCTCCCGTGTCCGGGCGACCGCACAACATTACCTATAACCAACAAAGATATTAAACAGTTATGTTCGCGTTCATCATGAGACGACTGGCGCAGGCAATGCTCGTCATGTTTGTCATCTCCATCATAGGCTTTGGCATCAAGTACTCCTTCGGGGATCCGGTGCGCGAAATGGTAGGCATGTCTGTGTCTGCCGCCGATCGCGAGGCCCTTCGGGACAAGCTTGGTCTGAATGATCCGATAGTGGTGCAATGGACCCGCTTTGTAAGCAATGCGCTTCAGGGCGACCTCGGCCGTTCGTTCTTCTATCGCAAACCTGCCACCGAAGTGATCATGAAAAAGGCACCTGCAACGCTTGAACTGGTGTTCTGCAGTGCCATGATCATTCTGCTGGTTTCAACACCCGCAGGCATTTACGCCGCGGTGAAACCCAAGTCGGGGCTGGCCCGGTTCATCATGGGATTCAGTATTGTAGGGGTTTCCGTTCCCGTGTTCCTTACGGCAATCCTGCTCATTTATCTGTTTGCAGTAGAGCTGCACTGGCTGCCGTCGTACGGACGGGGTGATACTGTGCAACTATGGGGCTTCTGGGATACCGGCCTGCTGACGCTGGACGGCCTTAAGCACCTGATTCTGCCTTCCGTTGCCCTTTCTTCCATCATGCTGCCGCTCTTTATCCGCCTTATCCGTGCGGAAATGAAGGAAGTAATGCAGACGGAATATGTGAAGTTCGCCCGCGCCAAGGGCCTTAAGCCGTGGCGCATCCTCATGGTTCACGGGTTCAAGAACACGCTGCTGCCGGTTATTACCGTGGGCGGTGTGCAGATAGGCATCATGATTGCCTACACCATTCTGACGGAAACCGTGTTCCAGTGGCAGGGCATGGGCTTCATGTTCATCGAAGCCGTGGAACGTTCAGACACCTCCCTGCTGGTTGCCTACCTTGTCTTTGTAGGCGCGCTCTTCGTCACCGTGAACACGGTGGTGGATATTATCTACGGCCTGGTGAACCCTATGGTCCGTATTTCGGGGAGGAAATAATACATGTGGAAAAAATTCCGCGAATCCTACTTTCTGTACAGCTTTCTGCGCGACCCTGTTGCGGTCGGCAGTTTTCTCATTCTGTTCATTCTGCTGATGCTTGCGCTGTTTGCGCCTCTGCTGGCCACACAGAACCCCTATGACGGTTCCTCCATCGACATCATGGACGCCGAAATAGCGCCCATGTGGATTTCCGGCGGCAACTTCCTGCTCGGTACCGATGCGCAGGGCCGCGATATATGGTCCACCATTCTTTACGGTGCGCGCGTCTCGCTGCTCATCGGCCTTGGTGCCGTTGTGCTGCAGGCAGGGCTTGGCATCATCGTGGGCCTTGTTTCCGGCTACAAGGGTGGCAAGATTGATTCCATTCTGATGCGAATCACAGACGTGCAGTTGTCCTTCTCTTCCTACATGGTGGCCATCTTCTTCGGCGCCATTCTGCAGACGGCCTTCGGCGTTGCCGGATATGCCAACATTGCACTGCCGTTCCTCGTGTTCGTTATCGGCATCTCGGAATGGCCGCAGTATGCACGTACCGTGCGTGCCTCCGTGCTTGCGGAAAAGAAGAAGGAATATGTGGAAGCCGCCCGCGTTATCGGCCTTAAGCCTTCGCGCATCATGTGGCGCCACATTCTGCCCAACACGCTTACACCCGTGCTCGTCATCTCCACCGTGCAGGTGGCCAACGCGGTCATGAGCGAAGCGGCACTTTCCTT
NZ_CP087381.1_gap84	2718813	2722461	3648	CGGCGAAACATAGATACCTCAATACTGAATTATAATATTGACTTATACTATGTCTGAATAAATCGGCTGGCAATCTGTTTTTCTATACAAAAAGAAAGCCTCCAGTTTTCTGGAGGCTTTCTTTTATTCCTTGAGTGGATAGTAACGGGAAATCACTAATACTCCAGCGGCAACTCGTCCAGTTCGGCCTTGCTGAACACGGGACCGTCTTTGCAGACGTAGTGATGACCGACATTGCAGCGGCCGCAGATGCCTATGCCGCACTTCATGCGGTTTTCCAGCGACAAAAAAATCTGGTCGCTCTTCCAGCCGCACTTATCCAGCACGGGCTGGGTGAATTTGATCATCACGGGCGGGCCGCAGACAAGGGCTATGGCGTTGTCCGGCTTGGGGGCCAGACGTTCCACCACGGCGGGCACGAAGCCGGTAAGCCCGCTCCAGCCGGGGAACTCGCGGTCCACGGTAACGTGACAACGCACGCCGCCCGTCTTCTGCCATGCTTCCATCTCTTCACGATACAGCAGCATGCCGGGGGTGCGGGCACCGTAGATGAAGTCTATCTCACCGAAGCGGGAACGGTTTTTGGGGTCCTGCAGCCACACCATGGTGGAGCGCAACGTGGTCACGGCATAGCCGCCCGCGATGATGACAAGGTTCTTGCCCTCGTTCTGATCAAGCGGATACCAGTTGCCCATGGGGCCGCGCACGCCCATCACGTCGCCTGTCTGCATGTCGTGCAGCCGCGAGGTCACACTGCCTGCACGGAATACCGTAAAAAGGAGCTTGTTGCCCTCTGTGGGGCTCGAAGCGATGCCGATGGGGCTCTCACCCAGCCCTGGGATGGAAAGCTCCGCAAACTGGCCGGGATGGTATGCAAAGGCTTTGGCGTCCTTTTCATGCAGAAACTCTAACTCGAAGGTCCGCAGGCTCTTGTCCTCGGTTTCCACGCGCACATCCGAGATGCGCACGGGATAGGGCAGATAGGGATTCAGCATGGCTACACCTCCTGCCCTTCGGTTGCGGTGTCCGGAGCATTCATGGCGTTGATCACGTCGCGGATATCGATGTTCACGGGACACAGGCGCACGCAGCGGCCACAGCCCACGCAGCCCACCTCGCCGTCGCGTTTCATGGGGATGTACTTGTATTTGTGCATGAAGCGCTGGCGCACGCGGGCAATCTTCTTGCCTCTGGGGTTGTGGCCGGAGGTGTGCAGGGTGAACAGCGGGGCCATGCAGAAATCCCAGTTGCGCACACGGCGTCCGTTGCCGCCGCTGGCGGGCACCTCATCCTGAATGTCAAAGCAGTGGCAGGTGGGACAGACAAAGGTGCAGGTGCCGCAGTTTATGCAGGTTTCGCACACCCGTTCCCAATAGGGCAGGTTGTACAGCTCCATCAGGCTGCGCTGTTCCACGCGTTGCGTATCTATGGTCTTTTTCATGGCTGCCTCAGCCTGCTGCCGCTTGGTCTGGGCAGCCTTCACATCGGCTTCAGAGGCATCGGGCAGGGAGGCGGCAATGGCCTTGCCGCGTTCGGTAAGCGGCTTGAGAAGCAGCTGCACGCCAAGGTCCACCATCAGGATATCCAGTCCGACCTCATGGTGCGGGCCGCAGTTGGCCTCCAGACAGAAACAGCTGGGGCAGGGCGAATTGCAGGCAAGGCCGATCATGACCGTGCGCTCGCGCTTGTCACGCCAGTACACGTCATTGGTCTGCTCATCCTGACAGAAGATCATGTCCATGAAGGAAAGACCTTTGCCGTCGCAGGGGCGCACGTTCAGCAGCACACGCTGTTCCGTATCCTGCTCCACGGGCTTGAGCACCATGGCGTCTTTGCCCTCGGCCTTGAAGCGCATCATGCATTCGCTCTGCGGAAACACGAAGTCCTTGGGCGACATGTCCGTGTTGACGAACTCGAAGGTGGGCGTCTCATCCGCCTCAAGCACCTTCCAGACCATCTTGTTGGGTACCTTCTTGTCCCGCTTGGGGGCATAGACCGTATAGTCCTTGCGCAGCGCCTCTATGAATTCCGCGAGGCTGTCCTTGCTCAATATCTTGTGTTGCACGGCGGCCTCCTACTTGAAGTGGTCTTCCGGATCGTCCGGCCTGTAGGTGGAAAGGGGCGGCTTGGTTTCGCAGTCCATGCCCGGTTCGTGGTTCCATTTGGCCCGCACGTCCTTTTCCAGCATGCTGGTCAGGCGGCGCATCTTGATGCCTTGCGGACAGGCCGATTCGCATGCGCCGCAGTCGGTGCAGCGTCCGGCACAGTGGAAGGCGCGCAGAATGTGGAAGGTCTGCACGTCGGCGGGGTCCTGCGTCTTGCCGCACCACTGGGGATTGGATTCGTCCACGAAACAGGTGGTGCAGTAGCACAGCGGGCACACATCGCGGCAGGCATAGCAGCGTATGCAGTCTTCGAAGTTCTTTGTGAACTCTTCCCACCGGCGGTCGGTTTCAAACCGCGCCCACGGAGTTGCCACGGCGTTTATGTCGCCGCCTGCGGTTTCGGAAACAGGCTCCGTAACCACTTCGTCGGCACCCACGGGATTGCGGTGCATGCAGGTGTAACAGTTGTCACGCTTCACGTCGCGGCGCTTGATGACTTCCACAAAGCATTCGCGCACGGCATTGCAGCCGGAGACGGTGATCTCGCCCAGATCCTCTTCAGGATCGTTCTTCAGCAGCTCGATGTTGCGGCCCATGAGCTTGGCTTCGACCTTGCGCTGGTCGAGCATGCCGATGCAGGGCACACCGATGATGTAGAGGTTGTCGCGGTTGATGCGCTTTTCGTGCACCAGCCCGTTCAGGTTGCGGGAAACGCAGCCCTGCGCCACCACGGCCACGCGGTCCTTGCGGCCGGAGGCGATGGTGGCAAGGTTGCCGCCGCAGAAGCTGCTCCATATGAGCTTGTCGCAGTCTTCGGGCGTGTAGGCGATGAAGGGCTGGGCGCGCAGGGGAATGGTTCCCTGCATGTAGCCGATGACCGCATCCACCTTGCCGGCTTCAAGAAGCCTGCGTGCGGCGGCGCGGATTGCTTCGGTGCGGGTCTTCATCATGGTCAGCTCCTCCTGCCTGCCGCTGCGTCGAGCGCCTCGAGGTCTTCGTAACACTCGTTCATGTAGTTGCAGGTGGGCACGGGCGGTATGCAGTCGTTGCACAGGTCCTTGACCAGCTTGGTATTGGGGCCGAGCTTGCGCACGGATTCCACCACGGTGATGGCCATCTGCTGGAATTTTTCCGCTTCGGCGGATGATATCCACGAAAAGTGGATGCGGTCTTTCTCGATGCCGATGTATTCCAGCATGTCCTTGAACAGCTCAAGCCTGCGGCGGGAATGGTAGTTGCCGGTGCCGTAATGGCAGTCGCCGGGATGGCAGCCGGAAACCCAGATGCCGTCCGCGCCCTGACGCAGGGCATGGAGAATGAACTTGGGACTCATGCGGCCCGTGCAGGGAATGCGCACGGCGCGGAAGCTTGCGGGATATTCCATGCGGCTCACCCCGGCGAGGTCGGCAGCACCGTAGGAGCACCAGTGGCAGAAAAAGGCCACAATGCGGGGTTCGTACAGTTCCAATTCTTTCATGCAAACTCTCCTTGCGTCAGCCCGTGGCTAACCGAGCATGGCGGAAACCTGTGCCATGATGTCGCT
NZ_CP087381.1_gap85	2726177	2727261	1084	GGTGCGGACAATCTGCTCCCACTTTTCATCGTCTGCGGCAAAGAGACAGTAGTTTTCAGCCGCCCATCCCACTGAACCGTAGGTCCAGTCGCATCCGGCCTTGTTCAGAATCTTCCAGAGCGGCACCATTTCATCTGGTTCGGTCACCGGCTCGCGGGAGTTCTGGTTCAGGAAATACTCCGCTCCCTGCTTGTCCATGGGAGCCTCAAGTTCTTCCTGTCCGGGCTGGGATTCGCGCACTTCCTCCACCATGTCTTCCACCACGAAGCGGAAATCTTCCGAGCTTGCGCCCATGGCACTGAAGCCGTCTGTCTTCAGGGCCTGATGGCAGGAATTGACAATGCCGCGGGGCTTCTTGTCATCAGGCCAGCTTTTGCGTGCCTGATACACGAGCTGGGGAATATTGATGCGCATGGGGCACACATGCACGCAGCGCGTACACATGGTGCACATCCAGACCCACGGGGTGGTTGTCAGTTCCTCGTCCATTCCCAGCGCAGCCATGCGCAGGAACTTGCGGGGGTCCATGCCTTCCAGCCCGGTGGCGGGACATCCCGCGGAACAGGCGCCACAGGTGAGGCACAGATTGAGGTTTCCGCCTTCGGGCAACAGTTCCGCTACCTTATCCTTGAAGGTTGAGCCGGACTGTCGGGGCAGTTTTTTGGGCTCGTGTGCGGGGGTGTCGGGCATAATTCGCTTCTCCGGAGCGGCACGTCTGCCGCTTTGTCATGAATAACTGAATGATAATGCAGAAAGGGTTTCAGAATACGCTATTTCCCGCAAAATGGAAAGCCATCACAAAACAGCATGCAACAGCCTGTGCGGAGCGGGGAGGATAATAACCGTCCTGCATCCATACCGCCCGCCCGTTGGGCAGCGGGCGGGCGGTGGGATACAGGCCGAAAGGCCTTAGGGACAGGTCGCGCTATTCCGCAATGCCTAAACGGCGGGCTATCTCCTTGGCAGCGCGGCGGCCCGCGCCCATGGCAAGGATGACCGTTGCCGCACCGGTGACAATGTCACCGCCGGCATAGGCATTGGGAATGGAGGTTTCGCCGGTGGCTTCGTCCACCTCTATGTAGCC
NZ_CP087381.1_gap86	2762655	2764748	2093	CACCAAAGCCGGAAGAGGCGCCGTAGTCTCCATAGTACTCAACACCCCAATTCCCCTTATCATCCTTCACAACCATTGCACCGGCTCCTGCGCCAAAACCGAAACCACTGGCGGAAAATCCAACTCCAACCCCCTTGGTTTTCAGCCCCCACGGGTCAACGCAGTTTATGGGATCATCCACACAGTAATCCCACAGATCGCCGTCGCCGCGCATGTCGCGGGCAGGGTCAAGGGCGGTAAAACGGCCCAGCTCGGGGAAATAGTCACGGTAGCCGAAGCGGATGAATCCCGTGTGGCGGTCCACAAGGCCGGAGGCAAAGCCAACTGGCAGGAATAGCTCGGGATTGGAGTCGTTCAGCATAGTCCCGAAGCTATCATATGCCATTTCCTTTATCAACTTGCCGCCATTGGCATCCGGCAGCACCACCAGCTTGAGCGAGCCTATCTGGTCGAAGCCGAGACGATAGGTTGCGGCCCCCTGCGGATGCTCCATGGTAACAGCTACGGGGCTGTGACCGGATTCGTAGTGGAACAGGCAGCGGGTGCCGCTGGTGTGGTCTATCCATGCGCCGAGGCGCAAGGCATCCTTCCAGATGTAGGATTCGGCCAGCACACCGTTTACGTGCTTTTCCGCCGGACCGAGTGCAGAGCCGTAGTAATAGGTAATCTGCGTACCGTCAGGCAGGACAACACTGTCCAGCCGGGTGTCTGCGCCATAGGCAAAGGTGGTGATCTCCTCCCCATGTCGTGTCGCGCGAATCCGGCGGCAGAGGGAACCTTCCGGCGTGTATTCCCAGCGCACGCTGCCAGCCTGCACCAAGCGACTGAGTTCCCATGGCTTTATGACAAAAAAGCCCCCGTCCTTGCGGACGGGGGCTTCGTATTCTCAGCTATGAGGCTCGGTTGTACTAATCCTGCTTCACTTCGCGCAGACGCAGGCTCAGGTCGCGCAGCTGGCGCGCGGAGACTTCGGAAGGTGCATCGGTGAGCAGACAGGTTGCCTTCTGGGTCTTGGGGAAGGCGATAACGTCACGGATGGACGGGGAGCCGGTGAGCAGCATGACCAGACGGTCCATGCCGAAGGCGATGCCGCCGTGGGGCGGTGCGCCGTATTCGAAGGCTTCCATGAGGAATCCGAACTGCTTGTCTGCCTCTTCCTTGGTAAAGCCGAGCGCGTCGAACATGTATTCCTGCTGGGCGCGGTTATGGATGCGGATGGAACCGCCGCCGATTTCGCTGCCGTTCAGCACGAGGTCGTACGCACGGGCCTTAACCTTGGAAGGATCTTCCTTCATCAGGGATTCCTGACCCACCTGCACGGCGGTGAAGGGGTGGTGGCAGGCAACATAGCGCTTTTCGTCCGCGTCGTATTCGAACAGCGGGAAGTCGGTCACCCACAGGAAGTTGAAGGTGTTCTCGGGGATGAGGTTGAAGCGCTTTGCCACTTCCAGACGCAGGTTGCCCAGCGCGCTGTTGCACATATCCGGTGCACCGGCCTGGAAGAAGATGATGTCGCCCACTTCAAGACCAAGGGTCTCGGTCAGGTTCTGCTTTTCGGCATCGGACAGGAACTTGGCAAAGGGAGACTGCCATTCGTCGGCCTTGATCTTGATCCATGCCAGACCCTGTGCGCCGTAGATCTTCACGAACTCGGTGAAGACGTCGATTTCCTTGCGGGAAAGCTCGCCGCCTGCGGGCACGCGCATGGCCTTGACCATCTCTGCCTTGGCAAACACCTTGAACTCGGATTCGCGGAAGATGGAGGTCACTTCCTTCAGCTTCAGATCGAAACGGGTGTCGGGCTTGTCCACGCCGTAATCGGCCATGGCCTGATCGTAGGTCATGCGTACGAAGGGAGCGGTAAGTTCCACGTCGAGGCAGTCCTTGAACACGCGGCTCACAAGACCTTCGGCCATGGTCTGCACCTGCAGCTCATCCACGAAGCTCATTTCGATATCGATCTGGGTGAACTCCGGCTGACGGTCTGCACGCAGGTCTTCGTCACGGAAGCAGCGCACGATCTGGTAGTAGCGGTCCATGCCGGAAACCATGAGCAGCTGCTTGAAAATCTGGGGAGACTGCGGCAGCGCGTA
NZ_CP087381.1_gap87	2782215	2786873	4658	TCCGCACAGGATTGCGTGAATTCTGCAGCAAGGCAGGCAGGGGGATTGCCATGCTCTGTGTGCTGGCGGTCATTCTTGTCAGCACACCGTGGACAGGGCTCAGCGAGGATGAAACAACACTCAGTTTTGTCTCTGTGAATTGGGAACCGTATGCCGGAGAGTTTCTGCCGGAGAAGGGGTTCACCACTGCCATTATCAAAGAAGCGTGCAGCCGTGCAGGATTCAAGGCCACGTTTCATTTCATGCCGTGGAACAGGGCGGTGGAAGGGGTGCGCAACGGTCAGTTCGACGTCCTTTACAGTGCGTATTACAGCAGGGAGAGAGCGGAGGAGTTCGGCCTTTCCCGTCCGTATGCGCGTAGTCCTCTGGTGTTGTGCGCGCGGTACGATTCATCCGCCTCGTGGAATGGTACGATTGAATCCCTTGTTCCCTACCGCATAGGCATTGTGCGGGGATACGTGAATACGCCGGAATTTGATTCGGCCGCCGTGCTGCACAAGGAAGAAACCAATTCCGACCTGCTGAATCTGCGCAAGCTGCTTGGCCGCCGTGTGGATATGATCACCATCGACAAGTATCTGGCCATCTTCATGCTCAAATCCAACCCCACTCTGGAAGATGGTATACAGAACGTGCGTTTTCTCACTCCTCAGATGGATGTGCGGAGCGTGCATGCCATGTTTTCCCGTAAACGTCCGCAGTGGGAACAGCATCTGGCACAATTCGACAAGGCACTGGAAGAGATGGAGCAGGATGGCACCATAGAGGATATCAAACTCCGGTTCGGCTTTCTCACGCCCGACGATCTTGGTGAGGCGGGGGCTGTCTTTCCGTAGGGCTTGTTTCCTGTTCCGGTGGACTCCGTTGTCTTTTGCGTGACGTTATCTCACATGCGATCTCAGCTCACGCGTTTCTTTTGTCCACGCACTTCCTTAGCCCTCCTGTCTCCATAGCCCGCGTCCGTCGTCAGTGCACACGCTTCAGGTTCCGGCCGTCTCCTGTTGCGGGGAACTTGGGGGGCGAACGCTTTGTTTGCTCCCTGCTCTCTGCTATAGAGCCTTCATGCAGCGATGGATAATGCATCTGGACATGGATGCCTTTTTTGCTTCCGTAGAGCAGCTCGACCATCCGGAATGGCGCGGCAAGCCCGTCATTGTGGGGGGGCGCGAGCGTGGGGTTGTTTCCGCAGCATCCTACGAAGCCCGCAAATACGGTGTGCGTTCGGCCATTCCCGTGGCCCGCGCCCAGAAGCTGTGTCCGCACGGCATCTTCACGCGCGGCAATATGGCCCGCTATGCGGAAGTGTCGAGGCAGATCATGGCGCTGCTCGGCAACTATTCACCCCTTGTCGAACCTGCTTCCATTGACGAAGCCTATCTGGATGCCACAGGGCTTGAGCGCATTTTCGGATCGGTTGAGGATATGGCCCGCAGCATTAAGCGGGACATTAAGGCCGCTGTGGGGCTTAACTGCTCCATAGGCATTGCGCCGGTGAAGTTTCTTGCGAAAATTGCTTCCGACTATAACAAGCCGGACGGCTTGTTCATACTGTGGCCGGAGAATGTGCCTGCATTTCTGGCAAGCCTGCCCGTGGCCAAAATTCCGGGTGTGGGCGGCAAGTTTGTCGCGGAACTGGAAAAGCTGGGGGTGACCACCTGCAAGGATGTGCTGGGGTATCCGGACAGCTTCTGGGCGCGGCGGTTCGGCAAATCTGGCGAATCGTTGTGGCGCAGGGCTCAGGGCATTGATACCCGCAAGGTGGAAACAGATCAGGTCGCCAAGTCCGAAAGTGCTGAAAACACCTTTGCGCAGGATACCGACGATGTGGAATTGCTGAAAAAATGGCTGCTGAAGCAGGCGGAACGCGTGGGGCGAAACCAGCGTCGCATGGGGGTGAAGGGGCGCACCGTCACGCTGAAACTCAAGTATGCCGATTTCACATCCATAACCCGTAGCCGGAGCCTGCCTGAATCGACCGATTCAACGGATGTGATCTTCCGCACAGCCTGCGAGCTGCTGGATGGAGTGAAGCTGCAGCAGAAGGTGCGGCTCATCGGGGTGGGGCTTTCCAACTACGGCAAGGGGCCGGAGCAGCTGAGCCTGCTCGACGGCAGCGCCGGCGGCCAGACCGGCGGCATGGTAGCCACTGCAAAGCAGCGCAATCTCGACAAGGCGCTGGACACTCTGCGCGAAAAGTTCGGGCGCGATGCTGTTACGCGTGGCAGGCTGTTCGACTTTGACAAGTAGCCGCGCCGCTACTCGTCTCCATCCACATACTTTCTTACGATAACATCGTATCTGCCGCTTTCACGCAGTTTTCTGAGGCCGCTGTTGAAGGCGTCACGCAATTTTTTGTCCGCAAAGGCTACGGCCAAAGGTGCCGGGGGTAAAATGTCGTGAATGACATAGCGCAGCCTGAGCGGATTGCAGCCCCCTTTGTGGGCGTAATATTCGAAGATGTGTTTCTCCAGCACAACGACCTTGTCCCTGCGTGCGAAGAAGCTCGCAACCTGCGCTTTCTGGTCATTTTGTTCCGCATAATTGGGGTTGGCTGCCGCCATGTTGCGGAACTCTTGCGGCAGCCATTTGCTGGCACCGAGAAAGGCATCAACACGGCATTTGGCCAGATCGTCAAGGTTGCGGATGGTGGTTCTGTTTTCCTCAAGCGATACGGCCACGTTGCTGAAGGTGATGTGGCTGTCCGAAGCGTAGATGCTGTCATTGAGGTGCGAGGAACGCAGGGGAAATGCAGCATCTATCTTGCCGGTGGTGAGGGCCTCGACCATGCGCGGGCTCGGCAGAAAGGTGAGGGTCACCTCGTACCCCTCAAGGTGCAGTGCCTCGCGGACAATATCCACGCTCAGCCCGCTTTGCCGGTCGGGCATGACAAAGGGAGCGGTGGATTCCTGCGTGGCAATGCGCAAAGGCCGTTTGGATGTGGCGAAAGATGGCGCGGTCTGAAGCAGCGACCCGAGCAGAAAACTGGTCAGCAGAAGGAATATGGCGGGGATTCTCATGAATAACGAAGGGTATGTATTACGGATTGTATGTTGATTTGAATGGTATCTGGTGCCCGAAATGTATTTCGAACGGTCGGATCATCCGCAGATAACGGCCGTCATCCGCCTGCATGTATCTTCGTCAGGTTCATACTTCGTCCCGTTTATGGAGATGACAGGGCGCATGCCGATAAGCGAGTTAAGCACATAGGCATGGCGGAAAGAGCCTGTCATGTGCGTGCGGATGGTGCAACCATGCACGGCAAGCAGTTCTTTTGTCGCAGCAAGCGCGGTGGATTCCAGTCTGTCGAAGCTGTTTGGCGCGCAGAAGTTGGCTCCGTCGCTGAAGACAAGGGCGGCAGTGGTTGTTTCCAGCACAATCCCCCCCGGTTGCACGAGAATGGCGTCATCATACCCCATCATGGAGGCATTGCGCCGTTCCATCCAGTGCAGCATGTAGTTCATGGTTTTATGGATGAAATAGGGGTTTTGTACAGGGGATACTGAGATGGAAAGGCGATAGTTTTTGTCTGCCTGCGGGGTGTAGGAGGCAGCTGTGACAACGGGAACGACAGGGCCGTGTTCGTCTTCCACGGGGTAGAAGATATTCACGCGGGCCGGTGTTCCGGTCAGGTCGTTGGCGGCCAGAACGGCGTCTATGGCGCCGTCGTAGTCCAGTTCTTCCGCATCAAAGCCGAAATACTCCAGACTGTGGCGGGCGCGGGCAAGGTGGGCCTGCAAATGGCAGACAGCCGTGCCGTTGTAGAGCAGTGTTTCAAAAAATCCTACGCCGAAACGGAATGCGGGTGACGAAATATCCTGCCGCACTCCCCCGTCATGCAGTTCGCCTTGTCGGTAGTATATCATGGTGCCAGCGCCCGTAGGAATTTGCCCGCCTTGGCAAGCGTTTCTCGATATTCACTTTCAGGATTGGAATCTAGTACTATACCGCTTCCGGAAAAGAAGCAAAGGGCTTTGGTGATACTGTCATACCAGCCGGTGCGTATGGCGATGCTGGAGTCCATGTTCTGCGGGTCTTCGATAAAGACAACGCTGCCGCAATACAGTCCGCGGCTGTGCGGTTCTTCCTTTTCTATTATGCGCATGGTGCGCTGCTTCGGGCAGCCGGTGACCGAGCCGCCGGGAAAGGCATCCAGCAGCAGGTCAAGGCATGTGGAGCCTGAGCGCAGTGTGCCGCGTACATCCGAATACATCTGAATGAGCCGGTCCACGGTGAAGGTTTCCTTGTGGGCGGAAACCTGCACGCTGCCGTATTCGCAACAGGCTGCGATATCGTTGCGGATAAGGTCCACTATCATGGAAAGCTCTGCGCTCTCTTTGGGGGAGGCTGTCAGTGCCTTCTCCATGCCCTCTGTGAAGGACTCGAATTCCAGCGTGCCCTTGATGGGCTGCGAGAGCACCTGCCCGTCCCGCACGCAGAGAAAGCGTTCCGGCGAGGTGGAGATGATGCGCGTGGAGCCGTGGGACAGCCACGCATAAAAAGGCGCGGGGTGCTGATCCCACATGTGCATGAAAAAGGTGAGGGGATCAAAGCCGGTGCCGGAAAGGTCCGCATCAAAGCGGGTGGAGAGATTGAGCTGGTAGGTGTCGCCGTCGCGGATATGCTCAAGCACCCGCTCGACCCTGCGCACGTAGCCT
NZ_CP087381.1_gap88	2788990	2789546	556	GGAAGGGGATGAAGTCTACAGCCATGTAAGTTCCTTTTCGCTGCACAGGGCGTTCATGCGCACATCCCACGGGTCTGCCGGAAGTTCGGGCAGAATCTGGAAGGAGTAGGCAAAGCCGATCTTGAGGGTGCGCTTCATGGAAGGGTGCGCCAGATAGCGGTCGTAGTATCCGGCACCGAAGCCGAGCCTGTTGCCCTGCCGGTCAAATCCGAGACCGGGAGTCAGAAGGAGATCCGGCCCGAATTCGGGATGGTCCGGGGACATGGGCGGGCAGGCCAGCGGGTCAGGTTCGCGGACGCCAAAGGTGCCTCTGAGCAGTTCGTGCTCTCCGCGGCAGGGGCAGAGGTCCATTTCTCCCTTGCGTTCAGGATCGACTCTGGGCAGGAGCACTGTCTTTCCATCCCGCCACGCCTGTCTGAGCAGTTCCGAAGTGTCCAGCTCGTTGCGAAAGGCCACATAGAGTACTATCTGACGGGCCTTCTTCCATTCCTGCAGTCCTGATATGTGTCCCTGGGCGGCAATAGAGCAGGCGTGTACCATGTCGGCAGAGAGTGCT
NZ_CP087381.1_gap89	2795601	2796376	775	TGCAGCCTGCCAAGCTGGCTGCCATGGAATCCCACTGGGAAACCATGAAGGGCGCTCCCATGAACCTGCTGGTCATGCCTGACGAAGCGAACGAGAGAAACTCCATTGAAGCTCTCGCCGTTCCCAATGCGCTCTCCATTCTCGCCTTCAACGATCCCAATGCCGAAGTGAAGGGCCTGAAGGACTTCCCCCAGGAAGACCGTCCGCCCGTGCTTATCACCTTCCTCAGCTTCCGCGTGATGGTGGGCCTTGGCACCCTGTTCCCGATTCTCGCAGGCCTTGCATGGCTGTGGCGTGAAAAGATTCAGGAAAAGCCCTGGCTGCTCAAGGCGCTTATCTACACCATCCCCCTGCCGTACGCGGCCATCATGTTCGGCTGGACAGTGGCAGAAGTGGGCCGCCAGCCCTGGATCGTCTATGGAATGATGCGCACGAACGATGCTGTATCCCCCGTGGATGCCTCCTCGGTGCTGACCTCCATCATTGCCTTTGTGGTGGTCTATTCACTGCTGGGCGTGCTGGACATCTACCTGCTGCGCAAGTATGCGCTGAAGGGTCCCAAGAAGGCTTAGGGAAAACTCGCAGGCAACCTTTATCCAGAGGGTTACAATATGTTTTTGGAAACCGTATGGTTCATGCTTTGGGGCCTTCTCTGGGCCATCTACTTCATTCTTGACGGGTTCGATCTCGGCATGGGCACGCTGATGCCGTTCCTTGCCAAGAACGAAAAGGAAAAACGCACCATTTACAACGCTGCCGCTCCCTTCTGGGACGG
NZ_CP087381.1_gap90	2814714	2816606	1892	GGTGCTGCTGACGCTGGGCATCGGCACGCCCTGGGCAGCGGTGCGCAGCCTCAAGCTGTATCTGAACACGCTTGATGCGGAAGGGAGCCTTGATTACGCCCATCTTGCACAGGATGCGCAGGAAGCACCAAAGTTCGGCGAAGGGTTTCTCGAAGCGTTTGACGTGGACCTTGCCGTATAGGGGGGAGCATGACGCAGCCTGACCCTTCTTCCCGGCCTCATATTCCGGCGGCTTCCCCTGAATCACCTGAACAGGGGAAGCCTGCCGGCTTTCGCTATTATGACGGGCATTCCGCCCAGCCGCATGCGGTGGATATTCGTCCGGCAGGGAGCCATCTGCAGATAGTTTCCCCGGCAGGGGCATCCATGGCCTCGTGGAGTCTGGACAGCATAGTGCTGCCGGATTTCATGAATCTGCCCTACAGCCTTATCCACCTGCAGAAAGGCGGGCAGGATACGGGCGAGCGCCTGACCGTCATGGACGGAGCTGCACACGACAGGCTTGCTCCACTGCTGCTCGGCGTGCGCACCAATGCCCGGCGGACCAGCCTGAACAAGTGGCTGCGTGTCTGCGCTGCGGTGTGGCTGCTCGGGTTGCTGCTGTGGTGGGGATTTCCCTATGCCACGGACGCGGTGGTGTCGTTGGTGCCCGTGGATGCGGAGATTGCGCTTGGTGAAGATGTGCGCGATCAGGTGGGGGCGATGCTTGCCCGCAAGAACGCGGGCAAGGTGCTGCACTGCGGAAATCCTGCCGGCATGGCTGCGCTGGATGCCTTGACGGAGCGGCTCTCTCTCGTGGATGAGTCGCCGTATCCCATGTCCGTGAGCGTGATCAATTCAGGCATCGTGAATGCCTTTGCGGCCCCCGGCGGAGCCATTCTCGTTACCTCCGGTCTGCTTGAGGAAACGGAGTCTCCCGAGGAACTGGCAGGCATTCTGGCGCATGAAATGGGGCATGTGCGCGAGCGTCACGGCCTTCGCAGCATGGCGGGCGTGTACGGCCTGCAGGTGCTTGGTCTGCTTTTCTCAGGCAACAGCAAGGGCGTGTTCGGTGATACGGCGCAGGGGCTGGCCCTGTATATGACCACCTCGTCGTGGAGCCGCGATTTTGAGCGGGCTGCTGATGCCCACGCCTTCACGCTGCTCCGCAAGGCTGGATTGAATACGCAGGGGCTGTCCACTTTCTTTGAACGGCTGGAAAAGGACGCGGAGAAAGACAAGAACCTCTTCCCTGCGCTCGCCATGCTCAGCTCGCATCCGGCAACGGCTGCACGCATCGCCATGCTGCGCGAGATGGAGCAGGCGGCCGGTAAGCCTGAATATGCCCTTGTTTCCGTCATGTCCGCAGAGGACTGGAAGGCCGTGCAGAATATCTGCCAATAGCACCGGCCGGATTCCCAGTTGTTTTCTCAGTCGTTACGACTTCACATGTTTCAGCGCCTCACGCCTCGTCAGGGGGCTGAGGCGCTTTTCGTTGCGCCGCACATAGTCCGTAACCGCGGCGGGGTTTGTCTTGGCATATTCCCGCAAGGCCCAGCCTATGCCCTTGCGCAGGAAGAATTCTCCGGCCATGGGCGAAGGCGGCAGGCTGGGGTCTATACACGCCTGCATGAAGGCAAAATCCGTGGCCTGCTTGAACCGGAGCTGGCAGAGAATGGCCGTGCGCCGCTTCCACATGTTGTCGCAGGCAGCCCATTGCAGCAGCAACGGGCGCATGGTGTCCGCATCGTGGGTGAGCAGGGGGCCGAAGCTGTTTGTCATCTCATCCACATAGTCCCACCACGCTCCGGTAACGACCAGTTCTTCCAGCAGTGCCAGCAGCCGGTCATCGGCCTTGTGCAGATATCCTGCGTGCTTTTTGTGATGCAGCAGGGTCAGGGCGCAGTAGCGTT
NZ_CP087381.1_gap91	2913476	2914835	1359	GATCATGGAACTGACGACAATGAAATTACATAGAGAACAACGCCTGCCCGGGCCTTTTGCCTCTCCGTGGTTAGTTATCAGCGGGGCGGTTATTCTTGGCATTATCATAGTTGCCATGACGTTGCGGAACTTCGACCGTGACGGCACGCAGATGGCCACCATCCTGGAAGAAAAGGGAGCCTCACTCATCAAGGCTCTGGAGGCCGGTGCGCGTACCGGCATCCGCAATCCTCAGGGGGCGGAAATGCGCATGCAGGTGCTTGTTGAGGAAATGGCTGACCAGCCTGATATCCTCTTTATCATGGTGACGGACCATACAGGCAGGGTGCTTGCGCACAGCGAGCCGGAAAAGCAGGGCGAGGTGGTGTTCTCTCCCGAGGATATGTCACAGCTCGAACCTGCCAAGGGTGTAAGCTGGCGCATCATGACCAAGGAGAACAACCGTGCCTTTGTGGTCTACCGGCAGTTCATGCCCCTGCAGGGGCGCGACGGCTGGTGGGGACGGGTGCACGGCGATGACCAGCAGGGCGGAACCATGCAGCAGGGCGGGGCCGGGGATTCTGGACATTCCTCCATGATGAACGGGCGCGGGCGCGGCATGGGGCGTATGCGTCATGACGGCCACAGCCGGGAGCTGATGAGTTTCTTCTCCACCCCCGACATGCCGCCCCCCATTATATATGTTGGTATGGACGTCACCCCTTTTGAACAGGCCAGAGACCGGGATGCCCGTCATGCCATGGTCATGGCAGGTATGCTGCTTCTGCTGGGGCTTGCAGGACTCATCTCGCTGATATGGGCGCAGAGTGTGCGGCGTTCGCGCCAGATGCTGCGTGATTCGCAGGCCTTTTCCGCCGAGATTATCGCCAGCCTGCCGGAAGGGCTTGTGCTGGTGGATGGTGATGGCCGGGTGGCGCTTGTAAACGGCAAGGCCGAGGAACAGCTCGGCGTGACGTATGACACCGTTCGCGGCAAGCGGCCGGAAGACGTGCTGCCCCGCGCCATGACGGAAGCCCTTTCGGTGCTGTCGCGGGAAGGACGCATGCATGAAGCGGAAACGGAGTGCCTCATCAATGGCGGTGCCGTCATTCCCATGAGCATCAGCGGTGCGCGGGTGTTTGGTCAGGAAGGAAATGAAGGCGGTGCAGATGCCGAGCATCTGGCTGATATCCTGATTCTGCGCGACCTGCGCGAGGTGCGGCGGTTGCAGCAAGAAGTGCGCCGCAAGGAAAAGCTGGCTGCGGTGGGCTCGCTTGCCGCAGGCGTGGCGCATGAGATTCGCAATCCGCTCAGTTCCATCAAGGGCTATGCCACCTATTTTGGTACCCGTTTTCCTGAAGGCAGCGAAGACCGAGCCGC
NZ_CP087381.1_gap92	2935804	2940439	4635	TGAAGACACAGATTTGAACTGGAGAGTTTGATTCTGGCTCAGATTGAACGCTGGCGGCGTGCCTAACACATGCAAGTCGAACGAGAAAGTTCCTTCGGGAATGAGTACAGTGGCGCACGGGTGAGTAACGCGTGGATAATCTACCCATTGGTTCGGAATAACAGTTGGAAACGACTGATAATACTGGATAATATGGCAACGTTAAAGGTGGCCTCTGCTTGCAAGCTACTGCCAATGGATGAGTCCGCGTCTCATTAGCTAGACGGTAGGGTAACGGCCTACCGTGGCAACGATGAGTAGCAGGCCTGAGAGGGTGGCCTGCCACACTGGGACTGGAACACGGCCCAGACTCCTACGGGAGGCAGCAGTGGGGAATATTGCGCAATGGGGGAAACCCTGACGCAGCGACGCCGCGTGGAGGATGAAGGTTTTCGGATCGTAAACTCCTGTCAGAAGGGAAGAAACCTGCAAAAAGTAATATGTTTTGCAGCTGACGGTACCTTCAGAGGAAGCACCGGCTAATTCCGTGCCAGCAGCCGCGGTAATACGGAAGGTGCAAGCGTTAATCGGAATCACTGGGCGTAAAGCGCTCGTAGGTGGCTTTGTAAGTCAGGTGTGAAAGCCCACGGCTCAACCGTGGAATTGCACTTGATACTGCATTGCTTGAGTTCGGGAGAGGGTAGTGGAATTCCAGGTGTAGGAGTGAAATCCGTAGAGATCTGGAGGAACACCAGTGGCGAAGGCGACTACCTGGACCGATACTGACACTGAGGAGCGAAAGCGTGGGGAGCAAACAGGATTAGATACCCTGGTAGTCCACGCTGTAAACGATGGATACTAGGTGTCGGGGGCTTGACCTTCGGTGCCGTAGCTAACGCGTTAAGTATCCCGCCTGGGGAGTACGGTCGCAAGGCTGAAACTCAAAGAAATTGACGGGGGCCCGCACAAGCGGTGGAGTATGTGGTTTAATTCGATGCAACGCGAAGAACCTTACCTAGGCTTGACATCCCTGGAACCTTCCCGAAAAGGAAGGGTGCTCTTCGGAGAACCAGGAGACAGGTGCTGCATGGCTGTCGTCAGCTCGTGCCGTGAGGTGTTGGGTTAAGTCCCGCAACGAGCGCAACCCCTATTCTTAGTTGCCATCAGGTGATGCTGGGCACTCTAGGAAGACTGCCCGGGTTAACCGGGAGGAAGGTGGGGACGACGTCAAGTCATCATGGCCCTTACGCCTAGGGCTACACACGTACTACAATGGTGCATACAAAGGGCAGCGATACCGCGAGGTGGAGCCAATCCCAGAAAGTGCATCTCAGTCCGGATAGGAGTCTGCAACTCGACTCCTTGAAGTCGGAATCGCTAGTAATCCTGGATCAGCATGCCAGGGTGAATGCGTTCCCGGGCCTTGTACACACCGCCCGTCACACCACGAAAGTTGGTTCTACCCGACATCGGTGAGCTAACCCGCAAGGGAGGCAGCCGCCTACGGTAGGGCTAATGATTGGGGTGAAGTCGTAACAAGGTAGCCGTAGGGGAACCTGCGGCTGGATCACCTCCTTTAAGGAAATTTGTCCAACTCGCTATTTAATTGCAAGGAGCTTCGTGCTCTTTGACAAGTGAATGGTTGGTAACACGCAACACGATGAGTGGTGCATGTGATCCAAGTATTACACTTGGCTGAGGCTTTATGCCTCTGCTCTTTGACAATCGATAGGGACGGAAAGGAAGTCAAGAAAAATAAGTTATTAAGGGCATTTGGTGGATGCCTTGGTGCCAGAAGGCGATGAAAGACGTGGTAGGCTGCGATAAGCAGCGGGGAGGAGCCAAACATCCTTTGATCCGCTGATGTCTGAATGGGGAAACCCAGCCGGAGTCATGTCCGGTTATCCTTGAGCTGAATACATAGGCTCTTGGAGGCGAACCCGGGGAAGTGAAACATCTCAGTACCCGGAGGAGAAGAAATCAAACGAGACTCCCTCAGTAGCGGCGAGCGAACGGGGATTAGCCCAAACCGGCTGGTTTCGACCAGTCGGGGTTGTAGGGCGGCCAACATTGATCTGTCAGTAAATAGGGGAACGAGCTGGGAAGCTCGGCCATAGTGGGTGAAAGCCCCGTACCTGAAGTTGAACGCAGCATAGGCCGTACCTGAGTACCGCGGGACACGAGAAACCCCGTGGGAATCTGGGAGGACCATCTTCCAAGGCTAAGTACTCTCTGGCAACCGATAGTGTACCAGTACCGTGAGGGAAAGGTGAAAAGAACCCCTGTTAGGGGAGTGAAATAGAACCTGAAACCATCTGCCTACAAGCTGTGGGAGCATCCTTGAGATGTGACCGCGTGCCTTTTGCATAATGAGTCAGCGAGTTACTTTACAGTGCAAGGTTAAGCGAAAGTGGAGCCGTAGCGAAAGCGAGTCTGATAAGGGCGTCAAGTACTGTGGAGTAGACCCGAAACCGGGTGATCTATCTATGAGCAGGTTGAAGCTCAGGTAAAACTGAGTGGAGGACCGAACCAGTATCGGTTGAAAACGATTTGGATGACTTGTGGATAGGGGTGAAAGGCCAATCAAACCCGGTGATAGCTGGTTCTCTCCGAAATATATTGAGGTATAGCCTCGAGGTAGTTTAGCGGGGGTAGAGCACTGACAGGGCTAGGGGGCTCACCAGCTTACCAAACCCTATCAAACTCCGAATACCGCATAAATGTTCCTCGGGAGTCAGACTGCGAGTGAGAAGGCCCGTAGTCGAGAGGGAAAGAGCCCAGACCGACAGCTAAGGTCTCCAAATCCATGCTCAGTGGAAAAGGCGGTGGAATTTCACAGACAGCCAGGAGGTTGGCTTAGAAGCAGCCATCCTTTAAAGAAAGCGTAATAGCTCACTGGTCTAGAGATTCTGCGCCGAAAATGTAACGGGGCTAAGCATGGTACCGAAGCTTCGGACTCGATTTATCGAGTGGTAGGAGAGCGTTCTCTACTGGTTGAAGGTGTGCCGTAAGGCTAGCTGGACGGTAGAGAAGTGATTATGCTGACATGAGTAACGATAAAACAGGTGAAAAACCTGTTCGCCGTAAGCCCAAGGTTTCCCGGGTAAAGGTAATCTTCCCGGGGTTAGTCGGCCCCTAAGGTGAGGCAGAAATGCGTAACCGATGGGAAACGGGTTAATATTCCCGTACCTGTATGAATGTGCGATGGAGGGACGGAGTAGGATACGCAGGCCAGCTGTTGGATTAGCTGGTGCAAGTGTGTAGGCTTGGAAGATAGGCAAATCCGTCTTCCTTATGGCTGAGACACGACGCGGTGGCCGTATGGCCGAAAGCTGCTGAGTCCACGCTTCCAAGAAAAGCTTCTAAGTTTAGTTCATGCAGACCGTACCGCAAACCAACTCAGGTGGGCGGGATGAGTAATCCAAGGCGCACGAGAGAACTCTGGTTAAGGAACTCGGCAAAATGACCCCGTAACTTCGGGATAAGGGGTGCTCTTTGGTGTGTATGTTTTACACGTAAAGCACCGAAGAGCCGCAGAGAAATGGCGGTGGCGACTGTTTACTAAAAACATAGGTCTCTGCTAAGTCGTAAGACGATGTATAGGGACTGACACCTGCCCGGTGCCGGAAGGTTAAGAGGAGAGGTCAGCGCAAGCGAAGCTTTGAATCGAAGCCCCGGTAAACGGCGGCCGTAACTATAACGGTCCTAAGGTAGCGAAATTCCTTGTCGGGTAAGTTCCGACCTGCACGAATGGTGTAACGATCTCCGCACTGTCTCAACCAGAGACTCGGTGAAATTGAAGTCGCGGTGAAAATGCCGTGTACCCGCAGCAAGACGGAAAGACCCTGTGCACCTTTACTATAGCTTGACATTGGGTTTTGGATTGGCATGTGTAGGATAGGTGGGAGGCTTTGAAGCGTGCACGCCAGTGTGTGTGGAGCCAACCTTGAAATACCACCCTTGCCAATCTAAGGCTCTAATCCGACGCCGTTATCCGGCTCGGAGACAGTGTCTGGTGGGTAGTTTGACTGGGGCGGTCGCCTCCTAAAGAGTAACGGAGGCATGCAAAGGTTCCCTCAGGCTGATTGGAAACCAGCCGTTGAGTGCAAACGCATAAGGGAGCTTGACTGTAAGACAGACATGTCGAGCAGGGACGAAAGTCGGTGTTAGTGATCCGGTGGTTCCGAGTGGAAGGGCCATCGCTCATTGGATAAAAGGTACGCCGGGGATAACAGGCTGATCGCGCCCAAGAGTTCACATCGACGGCGCGGTTTGGCACCTCGATGTCGGCTCATCACATCCTGGGGCTGAAGCAGGTCCCAAGGGTACGGCTGTTCGCCGTTTAAAGTGGTACGCGAGCTGGGTTTAAAACGTCGTGAGACAGTTTGGTCCCTATCTGCTGTGGGCGTAGGAGACTTGAAAGGGCCTGCCCCTAGTACGAGAGGACCGGGGTGGACGAACCTCTGGTGGACCTGTTGTCGTGCCAACGGCATAGCAGGGTAGCTACGTTCGGAAGGGATAAACGCTGAAAGCATCTAAGCGTGAAGCCTGCCTTGAGATAAGGTCTCCCTCTCGAAAGAGCTGAAGGACCCAGGTAGACCACCTGGTTGATAGGCCGGAGGTGTAAGTACAGCGATGTATTCAGCTTACCGGTAC
NZ_CP087381.1_gap93	2950140	2952165	2025	AGCCGCTGACGTTCGGCACCCGTCCGCCGGAGGGGCAGCTCGGTTCGTGGACGTTGTGGGATGAGAATCTTGTGGTGGCATCCGCCCGTTGTTCCAGTCCCTTCCCTGACGGCGAAGTGATTTTTGTGGAAGACAAGGACGTGCCGCCCACCCGTGCCTATCTGAAGCTGTGGGAGCTGTTCACTCTTCTGGAAGTGCGCCCGCAGCCCGGTGAGCTGTGCCTTGACCTTGGCAGTTGTCCCGGCGGCTGGTCGTGGGTGCTTGCCGAGCTGGGGGCAAAGGTGTTCAGCATAGACAAATCACCGCTGGCTGACCATATCGCCCGCAACCCGAACATCAACTGGTGCAGCGGCAGTGCCTTTGCGCTGGACCCGCGCCATGCGGGCAAGGTGGACTGGCTGTTCTCCGACGTTATCTGCTACCCCGACAGGCTTCTGGAGATGGTCCGCCGCTGGATGGAGTTCGGCGAATGCCGCAACTTCGTCTGCACGGTGAAGCTGCAGGGTGATGATTACATGACTGCGGTACGCGATTTTGCCGCCATTCCCGGTTCCCGCCTGATGCACCTTTCCGCCAACAAGCATGAGCTTACGTGGGTGAAGCTGGGGTAGCCTGCCGCAGGTATAGTATCCACTTTTTGCCGGATAAGCGGCACCTTCTCCCTTACACAAATAAAGCCCCCGTCCGGGATTATCCCGGACGGGGGCTTTTCATTGATTGCGTATGACGGCTATCGCTTCTTTTCGCGCTTGGTGTGGCTGGAACGGAAGCGCACGCGCACGGGGGCGTGTTCGATCTTGAACATCTTGCGCAGGGAGCGTTCCATATAGCGGATGTAGGCATCCTTCATGCGGTCCGCATCGTTCACGAAGAAAACGAAGGTGGGCGGATTGGTTTCTGCCTGCGTCATGTAGAAGAACTTGGGACGCACGCGGTTCACCACGGGCGGCTGCTGCTTGGTGACAATGGCTTCCAGCGTACGGTTGAGCAGGCCGGTGGGCACGCGCACATGGCATTCGCTCCAGATCTGCTCGGCAAGCGGGATAATGCGCTTGAGGTTGGCTCTGGTCAGTGCGGAGACATACAGGATCGGAATATGCGAGCTGTAGCTCAGCGCGTCCTTATACACCTTTTTCACGGCGGCCAGTTCGTTCTGCTTCACAAGGTCAATCTTGTTGACCACAACCATGAAGGGGGTCTTGCGCTCATCAAGCAGGTCGATAAGGCGCTTGTCCTGCTGGGTCAGGCCTTCCTGCCCATCGAGAACAAGCACGGTCACGTGGGCCTTGGTGCTGGACTTGATGGACGAGTTGACACTGTAGCGTTCCACGGAGTCGACAATTTTCGAGCGGCGGCGCACCCCTGCGGTATCCACAAAGGTGTAGCGCTTGCCGTCTATGGAATAGGTCACGTCCACCGAGTCGCGGGTGGTGCCAGCAACGTCGGAAACGATCATGCGGTTGCCGCCGGTAATGGCGTTCACCAGCGACGACTTGCCCGCATTGGGGCGTCCCAGCATGGCGATCTTGAGGCCCGCTTCTTCTTCCTTTGCTTCCCACTCGTCTTCGGGGGGCAGCAGGCTCTGCAGGTCTTCTTCGAATCCGCGCATGTTGAAGCCGTGCTCGCCGGACATGGCAACCATGGGCAGGCCCAGCTCGTGAAATTCTGCCGTGAGCATGTCTTCCAGTTCACCGCCGTCCACTTTGTTTACGGCCAGCAGTACGGGCAGACCGCTTCTGCGCACGTAATCGGCAAGGCGGCGGTCAAAGGGCAGCAGGCCGTCACGGCCGTCCACCACAAGGCACAGCGCCACGCATTCGGACATGGCTTCCTGCGTCTGACGCAGGATTTCCGCCTCGAATCCGCGCAGTTCGATGGGACCTTCAGTGGCGTCGTGGTTTTCATCCAGATGGATGCCGCCGGTATCAATGACGGTCCACGTGCGGCCGTTTCGCTTGACCGTGCCTTCCATGCGGTCGCGGGTAACGCCCGGACGGTCATGGGTTATGGCGCGATTGCTGCGGA
NZ_CP087381.1_gap94	2956570	2957175	605	CCTTTGTTGTGTTTTGTCTGGCGGGTGGGTTATTGGGCTTCCAGCTCCGTGATGAGCTTGCGCAGCTCTGCGGCCTGCTCGCTCAGCTCGTTCATGGCGGCCTCTGCGAGGCGCATGGCCTGTGCGGTGTCGTCGGATATGCGGCTCACGTCGCCCACGGAATGGTTGATTTCTTCCGTTGCGGCGGACTGCTGCTCCGCTGCGGTGGCAATGGTGCGCACCTGATCCGATGCATCCAGCGCAAGCGCCACGATGCTGCCGAGCAGGTCTTCGGCCTTGCTCACACCGGCAACGGACTTGGCCAGCACGCCCTTGTTCTGGTCCATGCTGGAAAGGGTGCTGCGCACGGCATACTGAATGGCGTTGATGGACTGCCCCACTTCCTTGGTGGCGGTCATGGTCTTTTCCGCCAGCTTGCGCACTTCGTCGGCAACCACTGCAAAGCCGCGTCCGGCGTCGCCCGCACGGGCCGCTTCAATGGCGGCGTTCAGGGCAAGCAGGTTGGTCTGGTCGGCAATGTCCTCGATGGTCTGGGCAATGGCGCCGATGCCGTCGGCCTGACGGCTCAGTTCGTCCACGGAACCATGGATGGACTGGAAGCCCTT
NZ_CP087381.1_gap95	2967420	2968381	961	GTTCCGCTAGAGTCTTCCGGTCAAAATCAGAATCACGATGACTATGATAAGGAACCCGCCAATGCCGCTGGGGCCATATCCCCACCCGCGACTATGCGGCCATACCGGGATGACCCCCAACAAAATCAGAACCAAAAAGATGAGGACAATTGTTCCTAGTGACACTTTCGCGCTCCTTTGTCAGAGAGTAAAACTGCAACCGGCGGTTTCGGTATTAGTTGGAGGCCGGGACGGCGATATTGTTGATCACCTGCTTAACGCCGTGTACATCGTCAACGAGCTTGGTGGCCAAATCCCTTTCAGCACCATTTTTGGCATCACCGCCCAGAGTGACCACTCCGTTCGTGGTCGAGACTGTGGTATTCAGGGCGCTGGTCGAGTGGTGATACAGCAGGGTCATCTTGACCAACGCTGTGATCGACGCGTCATCAATTGAATCGGCCACGGTTTCCAGTTTTTCACCCATGGTGGATTCGCTGGACTTCACGAGGATGCCATGCACCGACATCTCGTTCTTGACGTATTTCACACCCTCCACGTCTCTTGCATATTCCGTGGCCAGATCTTTTTGCGCTGAGTTTATGGCTTCGCCGCGCAGGATAATGGTCCCATTTTGGGCCAACACCTCGGTCTTGGCCCCGCTCACGTTCCTATGGAACAGAAGGGTCGCCTTGACCTTGGTGATGAGCCATGCATCCGAGTAGACCTCAGAAGAGTCGCCCTCTATCTTCAGCATATTGTTGACGCTCTTGACCCCCGGCAGATTTGCGACGGTCTCCTGAGCTAAGGACCTTGATGCGTCGTCAGAAACCGTTCCGGTCAAGGTGACTTCACCATTCTCGGATTTGACATTGACGGCATCGCCCTTGAGATAATGTGTGAACACATAGGACTGTCTGGCGGCTCCAACGATGTTGTCATCAGCTTCCGATGCGTAGAGGCGACCACCCAGAAAGAACAG
NZ_CP087381.1_gap96	2969945	2973487	3542	GGAGGAGTGCCGCTGATTCATAAAGGCAATTACAATATCCGTGCCTCAAAATGATTATCCATATCCACTGGAATAATGGAGGTTCTTGCCTCACAATGCATCACGCATGTTGAATTTCCCGCTTCATAAGAACAATAAAGCGAGAATTCCTTGGATGTAATAAAACAGGTAGTGAGGAACTTGGAGGGAGAAAGGAGCTATTCTTTGGCGCGCAATCCGTGCTTCTTAAGCAGGCTGTAGAGGCGGGCCTGGCTAAGTCCGGAAATGGCTTTGGCCTGCTGAAAATCGCCGGCGCAGAACCGCATCAGGTCGCGGAAATACGTCTTTTCGGCTGTGATTATGGCTTTGTCGTGGAACGCCTTCCACGGGCCTGGCGGGGAAAGGCGGAAGGGAGGAACCGGGATATTCTCGTATCCTGCCGCCTTGGAACGGGCGAAAAGGGCCCGCAAATCGATGGGCAAATGCCGAGGTGTCAGCTCATCAGCCGTATGTCCCGAAGCTACCAGAGCCTCGATGACCTGAGACAATTCACGCACATTGCCTGGCCAGAAATGCTCGCCCAACATCTGCATCAGGTCTGCAGATAGAGACGTGAGAGGGAGTCTGTTGGCGCGGCAGGTCCGCACCAGAAAATATTCCACGAGCTCCGGCAGGTCCTGGAGATGCTCCCGCAATGGCGGCAATTCAAGGGTAATGGCGCGGACGCGAAACAGAAGATCCTCTCTGAACAAGTTGTCGGCAACCATGGCAACGAGGTCACGGTTGCTTGCACAGACCAGGCGAAAGTCACTGTGCTGCTCATGTGCCCCCCCCAGAGCGCGAAAGGTTCGATTCTCCAGAACGCGAAGGAATTTCTTCTGCGTTTTCAAGTCGAGTTCGCCGATCTCGTCAAGGAACAACGTGCCTCCGTGCGCCTGTAGAACAAGCCCCGGCACTGTTTCAGTGGCCCCGGAAAAGGAGCCTTTGCGGTGCCCGTAGAGTTCGCTCACGGCAAGGCTATCCTGAAGCGCAGCGCAGTCGACAACGACGAATGGCTTGCCCGCCCGGGCGCTGTTTTCGTGCAATGCGTGGGCGAACAGGTCTTTGCCTACCCCGGTTTCGCCATAAATGAGGACGTTAGCACTGCTGCGCGCTGCCTTGGCCATATGCTGAATGCATTGCGTAAGCTTGGGGCTGGAACCCACAATCCGGTCTCGCTTGGCCGGTAGAAGATTCATTTTGGTGTTACGGTATTCCAGCGCTTGCCGGAAAGAGAGGCGGATATCCAGAGGTGACTGACCTTTGTCGATGTAGTCCCATGCACCACTGCGGATGGCCAGATCCGCACCCTTAGGGTCGCTAGCTCCGGTAATGATGACCACTTCGGGGTTGGAGTCCAGATTCACAAAGTGCGCTAATGCACTAAGTCCGTTCCCGTCGGGCAGAGCCACATCCAGATACACCAGGTCGAAATCCTCTCGGCGGGCCAGTTCCAGTCCTTTTGCAAGAGTGTTTACGGCGTAGGCCTCATACCCTGCTGAACGCACCATTTCTGTCAGAATCATACAGATGGCTTGTTCGTCGTCTATAATGAGCACCCGGATCATGCGCGTTCTTCTCCCTGAATATTCACTGTATAGGCTCAGCAGGCGATTGAGCCTTCTGGGAGGGGCCGGTGTGTTTCAGATAGGATTGCAGGATCCCGGTTAACCGTGAGGCCTCGGCCAGAAGGCGGGGCAGACACTGCCGGGCTAAAGCTAAATCCTGGTCTACTAAATGCCGTTGCATTTCCTGTGAGCAGCGCAGAAGGGGGTGCGCTTGTACGGGACCCGAGCATCCTATCAGGGAATGGGCGCGGGAGGCCGCCTGATTAAGCTCTCCCTGCGCAAGGGCGTGCGTGAGGCCCTTCACCTGCTCTTCAAGGGAGTCTAAGGTCACTCGGAATAGTTCTTCGAGGAATTGCTCAGGGAAGGATTCCTGAAGCACCCCTAAGTCCAGAGCCTGCTCCGTGGGTACCGTGGGGGCAGCTATTACATCTGCGGGGTGTGTGAAATGTGTGGGGGAGGCGGTGATGCGGTTTGCCAGCCGGGAGATTGCGGTTAAAAGCTTGTCCCGGGCGACCGGTTTTGTCAGGTAGTCATCCATGCCCGCGCTGAGGAATTGCTCTCTGTCGCCCTCCATGGCATAGGCCGTAAGCGCCCAAATGGGTATGCGGGGATCGATGGGGCCGGCAGTGGATGACCGGATACGTCGGGTGGCTTCGACACCGTCCATACCAGGCATGTTCACGTCCATGAGCACGCAATCAAAGGGGGCGGCGGCCAGTGCATCCAGAGCCTCTTGGCCATTTCTCACGCCGACTGCCTTGTGCCCTGCCTCGGTAAGAAAATGGAGCAGAACTTTGCGGACCGGTTCGCTATCCTCGGCCACAAGTATGCGCAAAGCGCGGACCGGGGTCTCAACCAAGGCCTTGCCTTGCTCCGGGGCAACAGGTTGGAAGGTGCCGAATAATGACGTGAAATGGAATCTGCTCCCGTGCCTGAGCCGGCTCTCTACACCGATGGTTCCCCCCATCATTTCCACCAGCCGCTTGGAAATGGCCAACCCCAGGCCGGTTCCCCCGACCTGTTTACCTATAGAGCTGTCCAGCTGGTTGAACTCCTGAAACAGCGTCGGAATGTCTGCCGAGGCGATGCCAATGCCAGTGTCTGCGACCACAAATCTGAGCTTAACCTCTGGGCCAGAGTGCGGAAGTTGGGAAATCTTCAGGTCGATATGACCTTTGGGTGTGAACTTTAATGCGTTCCACAGCAGGTTCTGGAGAACTTGATCCAACCGGCCCTGGTCCCCGCACAGAAAACGGGGGCAGTCGGGGGCCACGCTTAAAGCAAGCTTCAGCCCCCGTCGTTGGGCCTCTACAGCGAAGGCACTGACGGTTTTTTCCAGAGCCGTGTGGAGGTCGAAATTCTCGGGGTGCAGCTCCAGCTTCTGAGCCTCGATTTTTGAAAGATCAAGGATGTCCCCGATCAGGCGCAGCAAGGATTCCGCCGCATTTTGAATGCTCAGGAGATTCTCGCGCACCTCCGTGGGGAGAGGGGTGTCCAAAAGCATCTCGGACACCCCGACGATTGTGGCAATGGGGGTGCGGATCTCGTGGCTCATGTTGGCCAGAAACTGGCTTTTGGCGTTATTGGCGGCATCGGCTGCAATTTTAGCCCGCTGCAGCTGATCCTCCATTTCTTTGCGCCCGCTGATGTCAGTCAGAAAAATCAGGCTGGCTAAAGAGTCTTCCCAGGTAAAGGATGCTCCGTGTGCTTCTATCCACCGTACCCGTCGGTCTCTGCATATGATACGGAAAACCAGCCTGCTTCCGGGTTTACCTGCTCGATAGGCTTCGGCCACGAGCTTTCGATCCTCGGGAAGAATGATCTTCATGAATGACTGCATCGCCAGAGTGTTATGTGAATACCCCAGGACCTCCTCGGCACGGGGGTTCATCAGGCGCAAGCGTGTCCCCATGAGAATGATGATGCCCTCATCGGCCTTCTCGAACAGGGTGCGGT
NZ_CP087381.1_gap97	2977554	2979907	2353	GTGAGTCCAGGCAAGGTCAAAGACCCGGTCGGCCATACGCCTGTCCTGATATTTATTCACCAGCTCCAGAGCCGTTCCGCGGGTGTTTGAAATACCGTAGATCATGTCTATGGTTACAAATTCGCCCGGGTTGAGAACTACTCGCTGGCGAATGGCCGCGACGGGGTCGAGTACAGATCCCTCGCTGCCGGAGAGTGTGGCTGAATACCCCGAATTCCTTCCGTTGAGAGCCTGGGGGTCGGCAGTCGTGTTGCCTCGACCGATGAAACGCATGCGGTCTGTCTCATAAGATGCCTCCCCGATCACTTCACCCCGGACAGTCATCATGTGCAGCATGAAGGGGGGCACTTCGTCCTGCGACCGGGGCCTGCGTGTGCAGAGGATCGCCCTGTTGTCACGGAGGATTTCGGTTTGCACAAAAAGGTTGCTGAAAGCCGGATGCAGTTCATCCGCTGCTTGCGTTGTCAGCACTACTTCCGTGTAGCTGGTCACATCTATGAAACGGCGCGTACGGGTATGGTTGGTGATGCGTACGCGTCGCAACTCTATGTCGTCCTCGGGAGAAACGGCGATTTCGGTATGTGAGCCATAGCCGTGGTCGCGGCGTTGGAATTCGGCTTTGCCTTCCGAGAAGACCACCTCGAACTGTTTGGCGGGAGTTCGTGTCGGCTGATGTGTGGTGGACCAGAATGTACCACTGTCCACGTCACGCAGGTAGCAGAACGTGCCCCGGTCATCACAGGTAGGGTCTTCGCGCCAGCGGGTCAGGGCCAGATCCTCACAGCGGCTATAGCCGCTGCCTGAAGTTGTAATCATGACATGGTAGCGGCCGTTGGAGAGCAGATGAACCTGGGGGGTAGGAGTGTCCGGGGTGTTGTAAAACCGTATGGGCGTTTCTGCCGGTTCAGTGGTGAGATCCCTTTCGGCCAGTTCGGTGGTGTGCGCATAGAATGCAGCTGCCTTGGGAATGCTCTCCTGCAGTAGCGGGAGTGTGGCCTGGAATTGGGCCTCTGACTCGAAGCGTCGTTGCATCGGATGATTAAGCAGTACTCCGGCCAGAGCCAGAAAGCTCATGCCCTGATGATGTGCCATGAAAGATTGGACTACGGCGCTCGCACGCCCGTGAGGCAAGCGCATGGGAGTAAAGTCGATTGCCTCGTAAAATCCGTAGCTGGCATAGAGCCCTTTGTCGGTCAGCAGCATCAGATTTCTGCATGCTTCCTGCGGGAAAACCAGAAGGGCCAGAACGGTGGCATAGGGCGCTATGACCAAGTCTTCGGTAAGGCCGCGCTTGAGTCCCAGCCCGGGGACGCCAAATGCCCGATATTGATAGTTCTGGTGTATGTCTATGGCGTTATAGCCGCATTCTGAGATACCCCAGGGCACGCCCTTCTTTTTCCCATATTCAATTTGTCGAGTCACAGCAGCCTTGCAGGTCTGGTCGAGCAGGGTATTCGGATAACTCGGCATGACCAGATTCGGCATCAGATATTCGAACATGGACCCGCTCCAAGAGAGCAACGTCGGTCCACCTCCGGCAGTGGTGAGCAAGCGTCCCAGGGCAAACCAGCTTTCCTGCGGCAGCCGTCCCTGGGCAATGCCCACGAATGTGGCGAAGCGCGCTTCCGAGGCCAGCAGATCATAACAGCTCTGGTCTTTGCGGCATTCATCAACATTGTAACCGATGGTCAGCAGGCGCCGCGCTTCATCATAGAGGAATTCATATTCCATCTGGGTCAGAGAGTCGCAAAGATCGGCAAGGGTGGTAAGGGTGGCGATTCTGGATTTTGCCTGCAGGCTGGCAGCCTGGACCAGGCTGTTCAACCCGGTAAGATCGATATCGTGGCTTGCGGTTATGGTAGGGTTGAATTTTGTTTGTAGCGCAACCAGTTCTTTCAAGGTCGGAATTTCATCCAAAAAAGCGAGGCTATCCGGGAGTTCTTGAACGTGGGCACACCATGGTGTCAGCATGTCCAGTTCCTCCAGATAGTCATGGCATTGCGCGATAAAGGCGCTGAGCCACCAGTGGACTGAACTGTCGGGAGCTTCGTTATTCAGGGTGGTGTTTACCTCCGTTGCAGAAGCAGCGAGTCGTTCCAGACATCGTCGGGATGCTCCCAGTGTGTGGGGCGGAGCTTGTATGACTGCATCCATTTCCCGGCACAGCGCGGACAGCAATGCGGGTGTATTGGCCGGCAGCGGATTCGGGGGAATGGTTTGTGAGCTTTCCATTGCCAGTTCTAAGGCATCTTTCAAGCTTTCGAACAGCCCCGGAGTGATGATCCTGTCGTTGGGCAGGGAGAGCAACCCCGCACGCAGGGTCATGATGTGACCTGCCAGATTGCCGGAATCA
NZ_CP087381.1_gap98	2981367	2982509	1142	GATAACGTATGCAACATCGTGTAATAATGTTGTGTTTCCGAGAATCAAGGCAAAGGGTGAAGAATCGCCGCCACGTAGCAGTCTGTTCAGGTCTGCAAGTTTGCCTCGCTTGCGTTCGTAGCCCATCCATCTCTGTTCCCGGGCATTAAAGCGGCGTGGCCTATGAAATAGATAAAACAGGTCTTCTGTCGGGGTGTTATATTTCTTGTTCAGCTCCTCTATGCCCTGTCGGGCCTGAGACAGCAGAAGGGCATCCCCGGGGAGTGTTTGTTCATCTGCATCGGTAAAGTCTGTGAGAAGTCCGAAATGCAGATACTTGTCACGGTTTCCAAGGAAGCGGACCTCCAGAGCTTTGATCAGCTCCTCAACCGCCGCGGTGCTCGTGAGCATGGCGGGAACCACAATGAGGGTTCGCCGGTTTTCAGGAATGCCCTTGGAGAAATCAAGGCGCGGGAGAGGCTGCGGGGTGGTCAACATGGTCGTAAGCCAATTCGCCAGGGCCACCGCAGGATGGCTGGTGCATATCAGAGCGAGCAGGCACAGCAATGCCAGCTCCCACTCCTGCAGTCCATCAGCCTGCGCCTTGAACGCAAAGCCTCCGGAGAAAAGCATCGTGAGAAGTAGTACTCCCCCGCCATAGAGCAACAGAGGAAACCGGTTCCCCAGTGCACGCAGCGATAGAATGGGTGGTTCGCTCGCATGTACCGTTTTTTTGAAATGCGCCACCCCGTTGGAAATGAGATGGAACCCCACGTGAGCGGCCAAGGTATTGATGCCATCTCCGGTCGCGCATTCCCGAGCCAGGTTGATGGCTATGCGTGCCACTTCGGCCTCTGATAACGGGCTTGTTTTGGCCGTTTCTTCCACAACGTGACGATAGCGGTCACGCGTTACAAAATCCATTGCGCCATGCACTCCGGCCGGGTCTTCTCTGAGGATGCTCTCGACGATGCTTGTGGCTTCAACAAACTCGCGCCAATCCATGATGCCAAGGAATCTCAAACTGCCGATACTGTTGCTCATAGTGACCTGATCAACGGATTGCCGCTGACTTTCCAGCTCCACCATCTGAGTGATGGTCAGGCCGGATTCGGACAGCCGTTGTTCAATCCATGTAAGCGGCAGGGCCAGAGCTTGGCCTT
NZ_CP087381.1_gap99	2994721	2997878	3157	TCTTTTATCGGTTTCAAGCTGGCACGCCTGTGTCCGTATACCGAATCCTGCGACATGGTTGTTGGCGAAACCACCTGCGACGGCAAGAAAAAGGCATATGAAGCCTTTGCCGAACATGTGAACATGCACGTTATGGAACTGCCCCAGACCAAGAGTGTCAGCGCCCGCGAACTGTTCCGTTCCGAAGTGCTGCGCTTCAAGAGCGAACTGGAAAGCCTGACCGGTGTGACCATAACCCCCGATAAGCTTGCCAAGGGTATTAAAATCGTCAACGACAAGCGTCGCGCATTGCAGCGTCTTTCCGCTTTGCGGGCGGCCAATCCCGCGCCCATTTCCGGACGCGATGCCCTGCTTATCAATCAGGTTTCGTTCTATGACGATCCGGTGCGCTTTACCCAGTCTGTGAACGCGCTGTGCGACGAGATGGAAGCCCGCATCGAACGCGGCGAGGGCGTGGTGCCGGAAAAGACGGCCCGTCTGCTGCTTTCCGGCTGTCCCATGGCCGTGCCGAACTGGAAGCTGCCCTATGTGATGGAAAGCTCCGGTGCGGTGATCGTGGGCGAGGAATCGTGCATCGGCACCCGCAACACCCGCGATCTGGTTGATGAGTCTGCCGATTCGCTGGACGCCATGATCGACGCCATTGTGGACCGCTACATGCGCATAGACTGTGCCTGCTTTACCCCCAATACCGAGCGGCTCGACAACGTGGTGAGTATGGCCAAGGAACTGAAGGCCGACGGCGTGGTGCATTATTCCCTCATGTTCTGCCAGCCCTATGCGCACGAGGCCATCAAGGTGGACAGCGCCCTGCGTGAGGCCGGTATTCCCATGCTTTCCATTGAAACCGACTACAGCATGGAAGACGTGGAACAGCTGAAGACCCGTATCGAAGCCTTTGTGGAAATGGTGAAATAGACCGTGCGCATTGCCGGAATAGATATCGGCTCGCGGTCCATGGAACTTGTGGTTCGCGAGCCGGATTCAGCCTCAGGCTGGACCACGACGGTGCAGCGCCGTCTGCCCACAACCTTTGACCCCGTGCGCCAGTGCCGTCTTCTGCTGGAAGACTGTATGCCGGACAGAATAGTGGCTACGGGGTACGGGCGCGCGCTGGTACAGGATATGGATCTGGGCGTGCCTGTTGAGACCGTTACTGAAATCCGGGCGCATGCGCTCGGGGCCTGCCATCATTTCCCGCAGGCGCGCACGGTGCTGGACATAGGCGGGCAGGACACCAAGGCCATTGCCCTGCTGGCGGGAGGCAAGGTCGGGCGTTTTGAAATGAACGACCGTTGCGCCGCCGGAACCGGCAAGTTCCTAGAATACACGGCCACCGTATTCCAGATGGATGTGGCCTCGTTCGGTGCATACGCCATGCTCGGCACCGAGGCACCCGTCATCAACTCCATGTGCACGGTGTTTGCGGAAACCGAGGCCACGTCGCTCATGGCGCAGGGGGTGAAGCCGGAGAATATTGCCCTAGGTCTGCACCAGTCCATTGTCAGGCGCACGGTGAACATGCTGCGGCGGGTGGGGCTGGAGTTCCCCCTGGTCTTTGCGGGCGGGGTGGCGAACAACCCCTGCATCCGTGATCTGCTGGCCAGAGAACTGGGGGCGGATAACGGTTCCCTGCTCATTCCGGACGAGCCGGATATGGGCGGAGCACTGGGCGCTGCCCTGTGGGGGGTAACGAGCCTCGGCTGATCCCGTTTCGTGCCTGTGTCATATTGGATAACTCATGCGGCAGACTGCGTTTTTGTAGTCTGCCGCTTTGTTGTTTGTCGTTATCTACAAAATTGTATCTTGTTGTCATCATAGTTATTTTACGCCAAGAGTGTAGCCTTGTCCGACACTGGAACAGAATGAGGTGATATTCCATGAAACGAGAAGAGTACCATGGCGCCAGCGTCATGTGCAAAGGTTTGGCTATAGCTCTGTTTATGGGATTGGGGCTGCCCCGTTCCGTTCAGGCTGCCGTGGGGGGCGTGGAAACTGCAACTCTGACAACAGGGGTGGTGGCCGTTGTTTGCTGCGTGTTGGCGTTGGCTGGCTGGCTGAAATACGTGGGGGCTTCGCGCAGAGAGGCGCGTCTGCTGGCCTGCATCGACTGTATGGTCGAGTGGCGTATTGCGGCCGGAAGTGCAAGCGTGATCGGCGCGGACGATGTGTCCGGATTGAAAAAAGAACAGATTCTATTGGTGGAACGGCTGGCTTCAGCTGTGTCCGCCCTGCGTGAAGAGGGGGTTAGGGCTGCGAGTGAGGCGGGCGAGCTGCGTGCACTGTCGGAAAAATACCGCAAGGGCATTGCAGAGACGCGTGAACTTGCCGAGCTTGCCCGCTGCAAGGGGCTGCTCAATTCATCCGAAACTCTGGACGGTTCCATCTCCGGCATCCGTGCCGCACGCGCCGAACTGCAAAAGGCCGCCCGCAGTGCCAATGAAGGCTCCGCCCGACAGCAGGAAATGGCAGGCGAGGCAACCGTTGCCATGGAGCAGATGAATGCGGCCGTGCAGCAGGTGGCGGAAGCTTCCGAGGCGGCTGCCTCGCACAGCGACACCACGCGGGCGAGGGCGCAGGAGGGAGCCGTGTCGGTGGAGCAGACCGTACAGGCCATCACCGACGTGCACGCGCAGACGCAGGCGCTGGAAAGCGTTGTGAACGGTCTTGGTGCCAAGGCGGATGCGGTTGACGAAGTCATGGAGATTATTTCCAGCATTGCGGACCAGACCAACCTTCTGGCACTGAACGCCGCCATTGAGGCTGCGCGGGCGGGGGATGCCGGACGCGGCTTTGCCGTTGTGGCCGACGAGGTGCGCAAGCTTGCGGAAAAGACCATGCAGGCCACCGGCGAAGTGGGCAGCCAGATTGCGGCCATAAAGCAGGGCGTTGCGCAGACCCGTGAAGGCATGCACCAGACTGCCGGACTTGTGGATTCCGCCACAGGCAAGGCCTCACTTTCCGGCGAGCTGCTGCGTACAATCGTTTCCCTTGCCGAAGACAGCGCAGGGCAGATTCAGTCCATAGCTGCGGCTGCAAGCCAGCAGGCAGCAAGCACGGAGCACATCAGTTCCATCATCGGGCGGGTGGATGAAATATCCGGCACCACAAGCAGGCATATGCAGGAATCGCTGACTTCGCTTGCCACCCTTTCCGG
NZ_CP087381.1_gap100	2999453	3001171	1718	ATGCGGAAGGTTTTCTCTTTCCTGAAACCTATCTCATGGACAAGCCGGAGATCATGACCCCCCGCACAGCGTGGGACACCGCCTCCCGACTTGTGAAAACCTTCTGGGCCAAGACATCTCCCCTGTGGCCCGCCGGTCCGCCCCCTGCCGAGGAGCTGCGGCGTATTCTCACCATTGCCAGCCTGGTGGAAAAAGAGACCTCTGTGCCTGAAGAACGGGCACTGGTGGCGGGTGTGTATGTGAACCGCATTCGGCGCAATATGCTGCTGCAGGCAGACCCCACCATCATCTATGGCATAGGTCCCGCCTTCAACGGCAACATCACGCGTGCCGATCTGCGTAACGCGACCAATCCCTACAATACCTATTCTCATCCCGGGCTGCCGCCCACACCCATATGTTCGCCGGGACTGGAATCCATCCGCGCGGCACTATCTCCCCAGCAACATGCATATCTGTATTTTGTGGCCAGGGGCGACGGCAGCCATCAGTTCAGCAAGACACTGCAGGAACATAATGCGGCTGTGGCCAAATACCAGTTGAGGCGTGGCCGCAGATAGTCGTTGCGGGAGTTTCTCTGCTGCAGTGAACCTTGCAGAAACTGCAGAAGTTCTGTTTTAAAACTGATGCCTGCCTTGACGTGACTTGTGGAGTATTCTACAGGTCTGGTAATGTGTTGTACTGTATTGCGATAGAGTGAGTTGGTGGGTGTTGCGATACAGTGCTCTCAGATGGGGTTGCTGTCCTTTCCTGTCAGGGGGTGGTCTTGTTGTCCGGTGCCGGATGGCGGGGCCCTATCGCTGCGCAGTCACTGCGTACGGGAGGCTCTATGCAGTTTTTGCTTCGTTCTTTGGGAATGAAGGTTCTCTTCCTTGTCACTGTGGCTTCAGTTCTTTCCTTCTCCGGCCTGTTTCTCGCGAATTCCTATAATCAGAAGGAAACGGCCTTTTATCTCATCCACGACGCGGCGGCATCTATTTCAGACATGCTGCTGAGCGCCATCGAAGATCCCATGTCCGTGGGTGACGATGCAGGCACCCGAGCCAAGTTTGCCCATATCCGGGAGGAATACGAGCATATCGACGTGTTTCTGACCGACTTCAACGGCGTGGTGAGCTACGGCACGCGGGAATCCAGCGAGCGCAAGGAGCTTGTCCGCGAGGTCAAGAGCCCGGTGCTTGCGGCCATGGTGCAGGAGGCGCTGGACAAGCCCGTGAAGCGGTTTGAGACCCTCACCCTTGAAGACAAACCGTATTTTGCCGCCACCTACACCATCGAGAATGCGGAAAGTTGCCACCACTGCCACGGGGCAAGCCGCAAGATTCTCGGTTCCATGGTCATGCTCAAGGACATCTCCGGTGAAATGGGCATGCTGCACAAGGCGCAGTATGTGGGGGCCGGTCTTTCCTTTGCGGGTATGGCGGGCCTTATTGCGGTTCTGCTGCTCTTCATGAAGTTCGGCATCGTGAACCGCATCCGCTGCATCACCGGCATCAGCCACGAGATCGAGAAGGGAAATTACTCCATCAATTTCAACGATTCCGGTACCGACGAGCTGGGCAGGCTGTGCGGCAACCTTGCCAAGATGGTGGCGACCATCCGCGATCAGCTGCAATATAACCAGTCGGTGCTGAACGGTATTATCGTCCCCCTTGTGGTGGTGAACAAGGAGCAGGGCATAGAGTATGCGAACTCTCCCATCAAGGCCATTCTCGGCT
NZ_CP087381.1_gap101	3002629	3004765	2136	CAGGCCGCAGTGTACTTTGATACCATGCTGAACATGAACGGGGTGAAGCTGAACGGGCTTGGCAGCTCGGTACGCTGGGTAAGCGGGGATGAATGCGGCCTCATGTTCGAGCGCGAGCTTGAACTCGCCGCCTCGGACCTGCAGTTGCTGCTCAATCCTGCTTAGAAGGCATCGCTGCCTGAGGACTGCTTGCGATATCAGACTCGAAAAAATTTCACTTTGGGATTGAACTGACCGCGCTAAGGATGTATGATGCCTGTGTTAGGAATTGTTACTGACAAAATATATTACTGTATTCAATCAAACATTAACGATAGCTAGGAGTCATTCATGCCTAATTTCCTTGAAGTCTACAAGTGCAAGCACTGTGGTAACATGGTTGAAGTTCTGGTCGGCGGCGGTGCCGAACTTGTATGCTGTGGCGAAGAAATGCAGCTTCAGGCCGAAGGCACTGTTGACGCAGCCAAGGAAAAGCACGTACCTGTCATCGAGAAGACCCCCAACGGCTTCAAGGTGAAGGTGGGCGCTGTTGCTCATCCCATGGAAGAGAAGCACTGGATTCAGTGGATCGAGCTGGTTGCCGACGGCGTAAGCTACACCAAGTTCCTGAAGCCCGGCGAAGCTCCGGAAGCAGAATTCTGCATCTCCGCAACCAAGGTCACTGCCCGCGAATACTGCAACCTGCACGGCCACTGGAAGGCTGAGCTGTAAGACCAAGAGAAATACGAGGACTATCCAATGCAGAAGTACGTTTGCACCATCTGTGGCTATGAATACGATCCCGCCGAAGGCGATCCCGATAACGGCGTAGCAGCCGGTACCAAGTTCGATGATATTCCCTCTGACTGGGTGTGCCCCGTGTGCGGCGCTCCCAAGAGCGAATTCGAACCTGCCTAGGCAGTGATCTGAATTGAAGACGAAAGCCCCCGCAATGCGGGGGCTTTTTTTTGTCTTTCTATCCGGGGGGCATCCATTCTCAAGGCAAGCTATGTTTAGGTGCCCACAGTAAACCGCTGCCGGTGGTGTCTGGGCGTTTCTATCTCGTCCAGCATGGCAACCGCATAGTCTGCAGTGCTCATGTGACTGCGCCCGGTTGAAAGCTCTATGATCAGATTGTCTTTTCCGGTTCTATAGCTCCCGGTACGTGGTCCTTCTTCCAGAAAGTTCGGCGGCGAGATGAACACCCAGTCAAAGACGTCTTCGGATTGAAGCAGGTCTTTGATGACAGCTGTGGAGCGTGCGCCACCTTCATATTCCGGCGGGAAGAAGTAGCTGTTCATCAACGGCACTCCGGGTGCCACTTCGGCAGTTCCTGCGCCGCCCACTGCCACCAATCTCGGGACTCCCGATTGCTTGATGGCTTTGATAATACTCCCGGTACCTTGCGCCTGGCGGGCTATGCGCGTTTCCATGGAATCCGAACGTGGAGGGGCAAATGCGTGTATGACCATATCATAGCCGACTATTGCCTGCGCAAGAGCTGCGGTGTCGTGTACGTCAACCTTCTCTACTGCTACGGAGCCGGTCGCGGGGATATTCTTCGCGTTGCGCGTAAGGGCCAGCACTTGGTGCCCCCGCGAGACGGCCTCTCGCAATATGGGGGCACCCACAAAACCTGTCGCACCGATAATCGCTATTTTCATGAGAACCTGCCTTGTGGTTTCAAATCCGTTTTCCAGGCGTTACTTCGCCTGGGTTTTCCTAACCCTTATCAGGGGTAACACCACTTGAAGTGGCATATTGCTGCCTCCCCCCCTTTTTCTCAGAGAGGGGAGGACGTATTTCTGATATACGTCCTGTTCGGGCTCCGAAGGCAGCAATATGTCGATGGATGTGCGGGAAGTTGCGGGATGCATTCCTCGTTCAGGTCAGAGGCTGCCCCAGCTTCACCACGGAGTTAGAACATGGTGTTGGTATTTTCCGCAGTTTGCGGCACCGGCTGAATGACATCCCAATGCTCGACGATCATGCCGTTTTGTACGCGGAAGATGTCGACAACGGCCTCGCCGGTATCCTTGGCCTTGTTAACCGAATGGATGTGCAGCCACACTATGTCGCCATCGACCGCACTGCGCACGATGCGCACCTTCGATTCGGGGTTTTCGTTGAAGAAGCTCCGGAAGTATGAAACGAACG
NZ_CP087381.1_gap102	3084622	3085914	1292	GATGATACTGCCAGGGAGCTGGTGGGAAAGTAGGCCGCCGCCAAGACTTATTTCCAGAACGAAAAACTCCGGTTACCGATGAGGGCCGGAGTTTTTCTGATTCAGTGACCGCATGCTTGAGCAAATTACGAATTTTGGGTCACGACTGCAGACTGACGTGGCAACGGGGCATATACCGCTCGCCTTTCCGGTGCATGCAGGTGGCCCGAGAACTTTGTCTTGGTGGTCATGGAGGTGGGGGTACACCCGATCCCATTCCGAACTCGGAAGTTAAGCCCGCCATCGCCGATGATACTGCCAGGGAGCTGGTGGGAAAGTAGGCCGCCGCCAAGACTTATTTCCTAAACGAAAAACTCCGGTAACCGATGAGGGCCGGAGTTTTTCTGTTTGGTGGTAATGAACTGGTTGTCGGTGAACCCATCACCTTCTCTCTTATCATCTTCTGTCTGCCTTCCATACAAATAATGAATTTGACCTTAGTCTGTACTGGCTTGGCTAGTCTTTCACCGACTAAATCAAGTCTAATTTAACTATGCCCGTTGCCGCCTTCAGCGGGACCAGAAGGGCCTCAGCCGGGCGGTGCCCGCCCTCAGCAAGGCCCCTCTGGACTCCCCTGCCTCGCCCCAGCTGGTCGCTGGTTGCAGTTCGTCCTGCCGTGGAAGCGAAGCGCTCCCAATCGGCATGCGGATTGTTCAGGTGAGTGATTCGTCGTTGGTGGGACGGCGTGGAGATTGAGCAGACGAGGAGGGGCTATAAGCAAGCGTGAAGAAGTGATGAGAAGCATTACGTCTATGTTTTGCATCGCTAAAAGAAAAAGCTCCGGGACAATGTGATCCGGAGCTTTGTTTCGGCTGGCTAAGAGGGAAAAGAGTTTGTGAGAGGTACTATTTGTTCTCGGTGGGGAAACCATCCCTGTGCCACTTGTGCCATCCGCCGAGAAGGGCCTTTGCGTTGGTGAAGCCCATATCCTGAAGCGCGAGCACCACACGGGTGCTTGTATACTCGTTAGGTCAGGCGCAGTAGATGATAATCTCTTTGTCTTTGGGAATTGTGGCAGCCCATGTATCCACATCCTGCAGGCTGCCGCGAATGGCTCCCTTGATTTTGAGCGTAGAGCCGCTCCAGTCTGCGCCGGAGCGTGCATCGACAATCAGAGCCGTATCAAGACGGGAAAGGGTCTCTTCCGGTGATATTTTAGCTATGTCTGCCGCATGTGCGGTAAGCACCGTAAGGGATAGCATGAAGAGAAGAGTTGCCCAAAGCAAACGCGGTATTTTGTCTTGCATAGTCGC
NZ_CP087381.1_gap103	3093724	3096171	2447	TGAATGGATATGTGCAACGGTAGTCTTATGCAACTAGTCTGAAGAGGAAAAAGGGAGCCTTCCGAAGGACATTGTTATTGATGGTTTTTTGGGTAAGCGATAAGTGTTGTCAGTTTTTTATAGGTTGTGTATTTGATAGAATGTATTGAAAATGTGTGTTCGATCCATGGTAAAGTAAGTAGTAGAAGCTGAGCTATGTGTTGATAATGTATGAAAGTTAAAGGCGGTAGCATGGTTGGTAAGAAGAAGGTGACAGGGAGCACTAAGGCAGGGTTGCCTGTTCTTGGGGTAGCAACTCAAGGCGTCCTATTCCGAGTTGAAAAACAGGTGGAATATCGTGGTGTTGAGATGGGGGTGCTTGAAAATGGTACGCCTTATCTTACTGAAAGCGGTCTTGCTAGGATGTGTGGCGTTGATAGAAAAGTGATTAACCGCCTTGCTTCAAATTGGAATGAAGAGAAAGCTAAGCCTAGGGGTAAGAAAGTTGCGAAGATTTTGAATTCTTATGCATACGACGAAGATTATCTCTATGCTCCTTCAGAGTATAATGGCGTTAAGGTTAATGCATATACAGAGAAGGTGTGTATTTCTCTGTTAGAATATTATGCATTTGTAGCAGAGGACAAGAAAGAACAAGCTGTAATCGCGTTTAGATTGTTAGCTCGCCAGTCGTTTAGAGATTTAATATATGGGGCAACTGGATATAGTCCGAGTGTCTCAAAGCTAGACAGCTGGAAGCACTTTCATGACCGTGTTGACTTGACACATGATGCTGTTCCAGTTGGGTATTTCAGTGTTTTTAGAGAGATTGCATCAATAATTGTCCCGATGATTAGATCTGGTATAATAATAAGTGATAAGGTTATCCCTGATATTTCTGTAGGAAAAGCATGGAGTGCGTTTTGGGCGGATAACGGTTTGGACGCGCACTTTGGTGAGAGAAGAAAATTTAATCATGAATATCCTGACTACTATCCACAATCAAAGAGCAATCCCCAACCAGCTTATGCTTATCCAGATGAGGCATTGGGATATTTCCGGCAATGGCTGAGGGCAAACTATTTGGTGGTGAATTTCCCAAAATACCTAAGCGAAAGTGCGAAGAAAGGTAAAATATCAAGAGAAACGGCATTAAAAGCAATTGATGTATTCAGGGAGATTGGTGAGATCGAAGAGTAGAGAGTCATTCTGCAAAGGGTATTATGTGTGAGGGGGCTTGGTTGTAAAGGGGGCAGAGTTTAGTACGGGGGCCGGAGACCGGCCCCCGCTGGGGATTACTGCTTGTCGAGATCGACAACCACCCACGGCAGACCATGGATATTGAGCTTATCCATGAACGGATCGGGATCGAGCTGTTCCATGTTGAACACGCCTTCGCCCTTCCATGCGCCGGTGACCATCATCATGGCACCGATCATGGCGGGTACGCCGGTGGTGTAGGATATGGCCTGCGATTCCACTTCGTCGTAGCAGGCTTCGTGGTCGCAGATGTTGTAGATGAAGTAGTTTTTCACTTCACCGTTCTTCAGGCCCTTCATCTTGCAGCCGATGCAGGTGCGGCCCTTGGTGCGTCCGCCGAGGGAAGCCGGTTCGGGCAGCACGCTCTTGAGGAACTGCAGGGGCACGATCTGCTGGCCGTTGTGTTCCACGGGCTCGATACCGGTCATGCCGACATTCTCAAGCACGCGCAGGTGGTTGAGGTAGTTGTCGGAGAAGGTCATCCAGAAGCGGGCGCGCTTGAGTCCCTTGATGTTGATGACGAGGGATTCGAGTTCCTCGTGGTACATGAGGAAGCACTTCTTGGGGCCGATGCCTTCGGGGAACTTGTACATCATGGACCAGCTGAGCGGGTCGGTTTCCACCCACTCGCCGCGTTCCCAGTAACGGCCGCGCGCGGTAACTTCGCGGATGTTGATTTCCGGGTTGAAGTTGGTGGCGAAGGGGTGGCCGTGGTCGCCTGCATTGCAATCGATGATGTCCAGCTCGTGGATTTCGTCAAAGAGGTGCTTCATGGCGTAGGCGCAGTACACGTTGGTTACGCCGGGGTCGAAGCCGGAGCCGAGCAGGGCCATGAGTCCTGCATCCTTGAAGCGGTCCTGATAGGCCCACTGCCACTTGTATTCGAACTTGGCTTCATCGAGCGGTTCATAGTTAGCGGTATCAAGGTAGGGCACGCCGGTTTCGAGGCAGGCGTCCATGATGGTCAGGTCCTGATAGGGCAGGGCCAGGTTGACCACGATATCGGGCTTGTGGGCGTTGATGAGCTGCACCAGCTCGGGCACGTTGTCTGCGTCCACCTTGGCGGTGGTGATGGTGCGGCCGGTCTTGCGCTTCACGGAAGCGGCGATGGCGTCGCACTTGGACAGGGTGCGGGATGCGAGCACGATGTCGGAGAAAACTTCGGGAACCTGTGCGCACTTGTGGACGCAAACGCCGCCCACGCCACC
NZ_CP087381.1_gap104	3102364	3106966	4602	GGCATGAACACCGTCATCATGCTGCTCATCACGCTGGGCGGCATCGGCTTTGCTGTCATAGACGAGTGCCTCAGAATGGTGCGCGGTGTCGATCTGGGCCGAAGAGGCCTCAGTTATCCGGCAAAGCTGGTTCTTTCCACCTCGGCATTGCTCACATTCGGCGGTGCGGTGCTGGTTTTTGCATCGGAAATGGGCGGCGGCACGCAGAACAGCTCTGTTTCGCAGACGGTTCTGAGTTCCCTGTTCCAGTCTGTCACCTGCCGAACAGCCGGATTCAACACGCTGGATATAGGCAACATGACCAACGTCTCGCTCATGATCATGATCTTTCTCATGTTCGTGGGCGGTTCGCCCGGTTCGTGCGCAGGCGGTATAAAAACCACGGCCCTGCGTATTCTGTGGTCGTTCATGGGCGCGCAGTTCCGCGGGCGGGCGCAGGTTGTGGTTGCAGGGCGTGCCGTGAGTTCGCAGAATATGAACAAGACCTTTGCTCTGCTCATCACGGCCATTGCCAGTGTGCTGTTCGCCTCGCTGCTGCTTTCCGTGACCGAGGGCGGCGATGTGCCTCACCGCATGGTGCGCGGGCAGCTCATGGATTACCTGTTCGAGACTGTTTCCGCGTTCGCGACCGTGGGACTTTCTACCGGCATTACGCCCACACTTTCCGTAACGGGCAAGTTGTGCCTGACTTTGCTCATGTTCATGGGCCGCATCGGTCCCATATGGCTGCTGACAACTCTGCAGCAGATGCAGTCCGAGACCAGATACCGCTGGCCGGAAAGCGATGTTCCCATAGGATAATGCAGCTGGCGTACGGGGTTGGCCTTTACGGCCTGCCCGGAGTATGATGGCGTCTGCGGCATTGTCTGTACCGGTGTGTCGCAGGACGCGAAGAGATTTCCATTCAGGATGAGGATTATGAAAAAGAAGCTGGAAGTCGGAATTATCGGGCTTGGTAAATTCGGTCTGCCGCTGGCCAAGGCGCTGGTGGAGAAGGGACACTCCGTTGTGGGCGTCGACGCGGGCGAAAGCCGTATACGTCAGGCGCAGGGTGTTCTTGACCATGTATATATAGCCGATGCCAAGGACAGCACCGTGCTGCACCAGCTGCGGTTTCAGGATCTGGACATGGTGGTGGTCAGCGTGGGCTCCAGCATGGAGGCCTCCATCCTCATCGTGTTCAACCTGCTGGAAATGGGCGTGAAACGCCTTGCTGTGAAGGCCATTACCCCGGAGCACAAGAAGATTCTTTCCCGCCTCGGGGTGGAGACCATTGTGCAGCCCGAGCAGGATGCGGCGCTTACGCTGGCGCACCGCATATCCAACCCCGGCCTGCTGGATCTGCTGCAGCTTGGCGGCGGTGTGGTGCTGCAGGAGCTTGAGGTGGACAAGTGGGAAGGCAAAACCCTCATGGATCTGCACCTCACCGGCAAGGGCATCATGGTTGTGGCCATGCACAAGCCCGGCGAGAAGGACTATACGTTCGTACCTCCTGCGGACAAGCCCTTGCAGCGCGGGGAAACCCTTGCCGTCATCGGCTACGAAAAAGATGTGCTGGACCTTGAACCCTGATAGGTTCGCGCTGTTCCTTGTTCATGAGGCGTTGCGCGCGGGGATATAATTTGCCATTGTTCCTGTCATGATACGGTGAACAACCGCCCGGGGCGCATTGCCCTGCAGCTGTCCGGAAACATCGGTACAGGAAGCCCATGAATACCCTTATCTGCAATCTTACCCGTTTTGGCGATCTGCTGCAGACCCAGCCGGTCATATCCGGTTATGTGCGGGCGGGGCGTCGTGTGGGGCTGGTGTGTCTGGACAATTTTGCCGGAGCCACGGCCCTGCTCAGGGACGTGGACGCGGTGTATCCCCTGTCGGGCGGCGGCCTGCTGGCCGCGCTGGACAGAAACTGGCGCGAGGCGCTGGGCAGCCTGTGGCTGTGGGGTGAAGGTCCGGCCCGTTCCTTTGCGCCGGATGTGGTGCTGAACCTGACAGCCACGACCAGCGTTCGACTGCTGGCATCGCACCTTGCTTCGCGCAGCAGCGGACAAACACGAACAGGACACGGTGCATCCGGTCAGGAAGTGTCCGGCGACGCGGCGGCTGCACATGGCGCGGGTCTGCGCGGATTCGGGTTGGATTCCTTCGGCTTCAGCGTGAACAGCGATCCGTGGAGCACCTTTTTGCAGGCATCCACACGCCTGCGAGGCTGCAGCCCCTTTAATCTGGTGGACCTGTATCTCATGGCGGCCGGTTTGGGCGATGGCGAGCGCCGGTACGAGCTGCGAGCGCCGGAAGCGGACTGTCTGGCAGAAGCCGATGCCCTGCTGCGCGAAGCGGCTCCCCGCGAGGACGTCAGGGGCTATGTGGCCTTCCAGCTGGGCGCAAGCGAAGATCGCAGGCGCTGGCCGCTGAAGCATTTTGCCGAACTCGGCGACAGGCTGTGGCGCGAAGAAAGGCTTCTGCCCGTGCTGCTCGGTGCAGGGAACGAAGCACATCTTGCCGGACGCTATGCGCAGATGGCCGCCGCACCCCATGCAAATTTCATTGGCCGCACCACGCTGCCCGTGCTGGCCGCACTGCTCACCCGCATGCGTCTGCTCATCACCAACGACACCGGCACCATGCACCTTGCCGCCGGTCTTGGCGTGCCTGTTCTGGCGGTATTTCTGGCAACGGCCCAGCCGTGGGACACCGGCCCGTATGCCGAGGGCAGCTGCACGCTGGAGCCGGATATGGACTGCCATCCCTGTCCCTTCGGCAAACCCTGCCCCAACGAGCTTGCTTGCCGCGGGCGCATTACGGCCGAAACTGTGTGTGCGCTTGCCCGCCATTGGCTGCACAGCGGCGCATGGGCTGTTCCTGCGGAACTCGGAACAGGGCAGGGGCCATCCGGCTGCGGGGCGCGCGTGTGGCGATCGTGCAGGGATGATGGCGGCTTCATGGACCTTGTGTCTCTTTCCGGTCACGAGGATACCGACCGCACCCGCTGGGTGCGGCAGCAGCGGTATTTCTATCGTCAATTTCTTGACCGTGAACCGGCGGCACAGCTTGCCGCTGTAGGCATCCGTTCCGTTATAGGGTTGGCGGAAAGTGAATCTCTTTCGCCAGAACTGCGTGCAACGGCTGTTGCCGAACTTGCCGCTTCCGTCCAGCTTCTGCACCTGCTTGCGGAGCAGGGCAGGGTGCTCGCCGTGCGGGCGACGGAAACTACTAAACAGCGTTTTCTGGGTACATGGCAGCGGCTGCAAACCCTGTGGGACAACAGCAGATTGCTGAATGTGCTCGGTTATTTGTGGATGTGCGAATCGCAGGAGGCGGGCAGCGACCTTGCAACCGTGCTGGTGCTGGCGGAGCAGTACAAGGTGCTGGTTGCCGCATGGCATGACAGTCTGCTTTCGCAGCAGGATTCAGGGGAACAAGGTTCAGGGGAGCAAGATTTGGGGGCATGATTCCGGAGACTGCCCGGGCATGTCCGTTTCCGGCGTATTGACCAGAATGCACGGCGGTTGCCGTGCTTTTTGCGTTTGTCTGCGCTGGCACAATTTTTGTATTAAGAATGGCGTACCGGAAAATTATGGCCCCAGGGGGGCCCCGTATACAGGAGGGAACAATGATTGTTATCGATGGACAGCACACTGATATTCAGGTCGGCACCTTTGCCAACCTTGAACAGATTCTGGTGAAAGTGATGGAAGAAGGCTCACTGGACAATCGTATCGTCACCGACGTTCTGGTGAACAACGAGCCCTTCTCCGAAATTTATCCGCATCAGGCCGAAGATATTGAAGCCAGCGAAATTACTTCGGTAGAGATCAAGAGCGTGCCCGTGGGCGAAATGGCCATGAGCATCACCCGCGAACTCTACAAGGTGGTGCAGATCATGGGCGACGGCGCAAAGCACGTTGCCGAACTGTTCCGTCAGGCAGACGATACCGAAGCACTGGAAATGTACCAGGACCTTCTGCAGGTCGTGCGTGACTTCCTGGGCATGATCGGCGTGCTGCGCAGCGAGTTCACCCTCAAGGACCACCCCGCCTTCAATGACGGTGTGGAAGAAATTTCCGATCTGTTCGGTGAAATGACTGAAGTCATGGAAAACGAAGACTGGATTCTGCTTGCAGATTTGCTGGAATACGAATTCCTTCCCGCCGTTGATCGCTGGAAGAATGTCATCCAGTTGCTGCGCGAAGATATCCGCAAGGTGAACAAGGGGTAAGTTATGGCCGATAGCCTTACATTGCTTGATCAGGCACTGTTTCTCGGGGAACAGGAGCTTCAGGCTCTTGCCGTGGGAGATGTGGACTCCGCCGATGAGAATGCAACTCGCCGGGGTAACCTTATCACCATGGCGTGGGACAAGCGTGAAGGCGTGGCGCTCGATGCCCTGCAGTGTAAGCTGCTCAAGCTGCAGACTCTGCAGGGGCTGCTCACGGAAGAAGCACGAAAGCTCCATGCCTCCCTCAAGAGCGAGCTTCAGAAAACGAAAAAACACTCCGCCCGGCTTCAGGGCTACAGGCAGGGGGCGCGCATAATGCCTTCCCACAGCCAGTTCGTGAGCAAGCAGGGTTAGTTTTTCCTCCTGATACGACAGGCCGGAAA
NZ_CP087381.1_gap105	3111485	3113188	1703	TGGAAATATTGCTCAAGACCACCCAGTGGATGGGCCGCTACATGTAGCGCACCTGGAAACGACATGACGGATGGCAAAACGAAAGGAGAGGCCTGTGGCTGAAGAGGAAAAGGAAAAGAAGAAAGGCGGAAAGCTCAAGTGGATCATTCTGATAGTTCTGCTGCTCGTCCTGCTTGGCGGCGGCGGGTTCGTCGCCTGGAAGTTCTTCTTCAGCAAGCCGACCGGGGAGACTGACCAGCCCCAGCAGGTGCAGCTGGACGCGAATGCGCAGGGTGAATCAAGCCCCAAGGATGCGCAGGTGGTCACTCTGCCCACGTTTCTCGTGAACCTTGCGGACCCGCTGGGCCGCAGGTACATTAAGCTGACTCTGGACGTAGAAGTGGTCAATCCCGAGATCGCCAAGGAACTGGAAGCTGCGCAGGCCAAGGTGCGTGATGCTGTTATCCTGCTGCTTTCCAGCAAGTCCTATGCGGATCTTGCCCCCCTTGAGAACAAGATTCTTCTCAAGAATGAGCTGGTGACACGCCTGAACCAGATTTTGGGCGGCTCCAAAGTGGTGCGGGTGTATTTTACCGAGTTGGTGATTCAGTAACGGCATGCAACCTGAACCTTTCCACAAGGAAGGTGAGATATGGCAGACGAAATAGATCAGGATCAATTGGCAGCACAGTGGGCGGCAGCGCTTGAATCGCAGGAAGAGGGCGATCCCGATCCCTTCGAAGCTGCAGCAGCTGCAGCGGCGGCAGGCGGCGGAGCCAAGACCGGCGGTACACCCGACGACGAAAAACTGGCCGCGGAGTGGGCAGCAGCCCTTGCTTCCGACGAGCAGGATCAAGTGAAAAAGGAAAAGCAACAGGCATTTTTTGCTTCGGCAGCACGCGAAGCCACGTTCAAGGACCTGACGGAAGAGGCCAAAAGCCCGCGTCCGGACAGCGGCAAGCGCGAACTGGACTTTATCCTTGATATTCCGCTGGATGTTTCTGCGGAACTGGGACGCACGCGCCTGCTTATAAACGAACTTCTTCAGCTGGGGCAGGGTTCCGTTGTAGAGCTGAACAAGCTGGCAGGTGAACCTCTTGAAATATTCGTGAACGGCAAGCTGGTGGCACGCGGCGAGGCCGTGGTCATCAACGAAAAGTTCGGGGTTCGTCTCACGGACATCATCAGCCCCATAGAACGGGTGAAGCAACTTGCCTAACGTATTATGCCCGAAGAGCGCGGCAGCTGCGGCCTGCCGCGCACTGGTGTGTGCCGTGCTGTTTATCGCGCTTGCGGGGAGCTTGCATGTTGCGCAGGCAACGCAGCCGGCGCAGCCCGCCGCCTCCTCAGTCCAGCCAGCTTCGCCAGTTGCGGCGGATGCCGAAGGCACCTTCCGTGCGGCCGTTAATGGTTCCGCCGAGGTGCCTGCCCAGCAGGATGCGCAGCAGAAGGCGGGACAGGGTGCGCCTGCTCCTGAACCGGCCACGGGGTCAGCGGGATCCGTCGCTAGCGATATGACCGTCAATACCACGACACCTGGTGATACGCAGACCGCACCCCTGCCGTCCTCCGGGTGGGGCAATTACTTTCAGGCCATCGGTATTTTACTGCTTATTCTGGGTGGTCTGTACATGGGCATATGGGCGCTTAAGCGTTTCGGCAAGCTGACTGCGCTGGGTGGCAGGCTTGCCCGCAGCGGGGTTGCCGTGGAGGGGCAGTTTCAT
NZ_CP087381.1_gap106	3184785	3186772	1987	TCCTGCACTGCGGGCATGCCGTAGAGGAATTCTTCGATCTCGCGGGGGTAGATGTTCTCGCCGCCCCGGATGATCATGTCTTTGATGCGGCCGGTGATGACCACATAGCCTTCTTCATCCATGGTGCCGAGGTCGCCGGAATGCAGCCAGCCTTGCGGGTCCACGGCTTTTTCCGTGGCCTCGGGCATATTGTAGTAGCCTTTCATGACGTTGTAGCCACGGCAGACAACTTCGCCCTGCACGCCGCGGGGACACTCTTCGCCGGTTTCGGGGTCCATGACCATCACTTCAATACCGGGCATGTGTCTGCCAACGGTCTGGGTGCGACGTTCAAAGCTCTCGTCGCACAGGGTCTGGGTCATAACCGGCGAGCCTTCGGTAAGGCCGTAGCAGATGGTGATCTCGCGCATGTTCATCTTTTCGATGACCCGGCGCATGAGCGGTGCGGGGCAGACGGAACCGGCCATGATGCCTGTGCGCAGCGAGCTGTAGTCGAACTTGTCGAAAATCTTGTGCTCGAGCACGGCAAGGAACATGGTGGGCACGCCGTACAGCGCGGTGCACTTTTCCTGATCAATGGACGCCATGACATGCACGGGGCTGAAGCTCTCGAGAATGACAAGGGCGGCACCGTGGTTCACGGCCGCCAGCACGCCCAGCACGCAGCCGAAGCAGTGGAAGAGCGGCACCGGCAGGCACAGGCGGTCTTTGCTGGTGAAGTTCTGGTTCCTGCCGATCCAGTATCCGTTCAGGCCGATGTTGAGGTGAGAGAGCATGACCCCCTTGGGGAAGCCGGTGGTACCGGACGTATACTGCATGTTCACCACATCGTGGGGCGAAAGCGCCTGCTGGCGCTCAAGGTATTCCTGCTCGGTGCACATGGCCTTCATGGCCATGATTTCCGGCACGGAATACATGCCGCGGTGCTTTTCCACACCAAGGAACATGACCCGCTTGAGGTGCGGCAGCGATTCGCACTGCAGCTTGCCCCGGGGCTGGGTCTTCAGCTCCGGAATGATGTCGAAGATGGTCTGCACGTAGTCGTGGTCGCGGAACCCGTCCATGATGAACAGGTTTTCGCACTCGGACTGGGTGAGCAGATACTGCAGCTCGCTCTTGCGGTAGTTGGTGTTGATGGTGAGCAGCACCGCACCGATTTTGGCCGTGGCAAACTGCAGAGCCACCCAGTAGGGCACGTTGGTGGACCATACGGCCACCTTTTCACCATGCTGCACGCCAAGGGCCATAAGGCCGCGCGCAAGATCGTCCACCACGGCACCGAACTGCTTGTAGGTGAGGCGGTAGTCGCGGTCTACGTAAATGACGGCATCGTTATCGGGATATTTCGCTATGGTCTCGTCCAGAATCTGGCCGAGCGTTTTTTCTCGGATCTCGAACTGTTCCATCGTGCGTTCCTAGGGGTAGTAAATGACGGCGTAAATCTCGGCAGGACCATCTCCGGCGGCACCGGCATAGTGCGGTACAATGGAGTTGTAGTAGATGCTGTCACCGGCTTCCAGAATATATTCTTCCTTGCCGTAGATGATCTGCAGCTTGCCTGAAACCACAACGATGAACTCTTCACCCTGGTGGGAGGAGAGCTTGCGGTCTTCTTCGGGCTCCGGAGAGATTTCCACGAAGAAGGGCTCCATGTTGCGGTCGGTCTTGCCCTTGCCGAGGGAATGAAAACGGAACGCAGGACGCTTGTCGTCCGCCTTCTGCATGGTCAGGTCTGCCTCGCGTGAGGCCTTGCGGACCACAAGGGGGTCGGTGGAAACCTGATCATCCATGAAGGTGCCAAGGCGTACGTTCAGGGCGCGTGCAATCTTCTGTAGCGGAGCAATGGAGGGACAAAGGTCGCTGTCCTCAAGCGCAGTGATGACCGCTAGCTGCACGTCGGCTGCGGCGGCCAGATCTTCGCGGGTCATTTTACGCTCTTCCCGGTATTTACGGATTCGGACTCCAAGCTTTTCTACAGACATGACGC
NZ_CP087381.1_gap107	3370572	3375435	4863	GCTGTCCCAGTCTGCACCCATGGCCTGAGCCTTGGCCTGCAGCACTTCTTCCCATGAGCTTACGCCAAGCGAGCAACCGAGCTTTCCTGCAAGGGCGATAATGTAGTCGCCGGCGGGCTTCACGTTTGCGGGCATGGGAGCCACGGGGCGGGCAAGGCAGTAAAGTGCCTGGCCGGAACCGTACGGGGTAGCAACGTCATCCAGACGCTCAAGGCCCATGGGAACGGGCAGCACGAGGTCGCAGAGCATCGCGGTTTCATCAAGGAAGGTGGTGAAGGTAGCCTTGAAGGGCACCTTGGCCAGCACTTCGGACATCTTGGTTGCCTGCGGCAGCGCATAGGCAGGGTTGGCTTCGTAGAAGACCATGGCCGCGGGGGCCTTTTCCTTGCCTGCGTTGATGCGGGACATGTAGGACACGAAGTCCTTGCCCATCATCTCGGCGCGGGTCATTGCAGAAGATACCACCGGTTCGGCAACGGGCAGCAGCTTGAGGCCGCCCTTGCGGTTCATGCCACCGAGCAGCATGTTCACGGCAACACCTGCCATGACAGTGGCGGCACCGGTGCCCTGACCGAAGTCGGAACCGGTGATTACCAGAGGAGTGCGGGCCTTCATCAGTGCGCCGGCCACACTCTTGAGCTGTTCGGGGTTGGTGCCGGTGATCTCGGCAACCTTGGCGGGGTTGTATGCTTCAACAAGGCTGCGGAATGCGTCGAAGTCTGCAGCATCGGCCCTTGCCCCGGCCTTGATGAGCAGATGCGCGATACCGAGAGCGAAAACGCCTTCGGTGCCGGCCTTGATGGGCACCCACTGGTCAGCGCCTGCTGCGGTGCTGTTCTGCACAGGACCGGCAAACACATACTGAACTGCGGGTTCTTCGCCATGGGGACGGGCAGCCTTGTATGCCGCACGGTTGCGGATAACGGTGCCCCAGGTTTCGAGTACGTTTGCGCCGATGGCGAGAACGTAGTCGCTGTTTTCGATGTCGTAACCGAGCTGACCCTTGCCGCCCATGGCTGCAACGGCCTTGGCTGCGGGCTGCGCTTCGGTGGGCATCAGGTAGAAGTTGCCGGAACCCGCCTGGACGGCGATTGCGGAAAGAACTTCGTTGATGGTGCCGGTTTCGTCACCGGACACACATGCGATGCCGCCCTTTGCTGCACCGAGTTTCTCGGCCAGCATGGCGTCGGCTTCTTCCCAGCTGATGGCAACATATGCACCGTCTGCAGCCTTCTTCAGCGGACGCATGACGCGCGCGGGGCTGTGGAGCATCTGTGCTTCAGCAACTGCCAGGGGGGAGATACCGCCCTTGGAAAGCGGATGGTTTTCGTCGGGGAGGATGCGCACAGGGCGGTCGCCCACAAGACGAACCTTCATGCCCACGCAGGAAGGACACAGCTTGCTCACGGTGGAGACATAGGTGCTTGCGCCATCTACGTTGGAGGGAATCCAAGGCCAGTTCTGGGTCCAAATACTTGCGTCGTCGAGCAGTTTCCACGGAATCGGCGTTACCATAACGCCTGCGCTGACGCCCGCGACGAACTTGAGAAAACCTCTTCTATCAACTGCCATTGAAACCACCCCTTTTACTTATGGCAGACATAACATGCGTTGCTGGAACGAGTAGTGCCGTAGTGCTCAGGGTGAGCATGGCATTCCTCGCAGCGCCACATCTTCATGGTCTGCTTGCTGTACTTGGTCAGCTTGTTTTCATAGTAAACCGGGGCTTCGTCCGTTTCGGCCACATTGGGATGGCACGAAGAACAAAGCTCGGTCTCGGTAAATTCGTGACACTTGTTGCACGAATCCATCGAGTGAGCCGCATGGCTGAAGAACACGTTGTCCGGCTGTTTTTGATAGACAAGCCATTCGACTTCCTTGCCGGTGTTTACATATTCTTCAATGAAACGGACCTCTTCAGGATCGCTTCCCATGGGTTCGCTGTGACATTCTGCACAGCTTTCCGTGGTGGGGAGACCCGCAAAAGTACCGTCTTCACGGAGGAAGTGGCATGACGAACATTCCATGCCTGCACCCTCCATATGCACCTTATGGCTGAAACGTATCGGCTGATGCTTCTGTGAATAAAGCATCTGCGGGAACGCCCACCAGCCCAAGATGAGTGCCACTACCAGACCTACGAAGAACGGGGCTGCGCCGCCAAACTGGCCGGACGCGCTGTTCCCGTTGGCAGGATGTAAATGCCTGTCCGCCATAACCCTTCGCCTCATAGCTGGTTTGAAAAATTAAAAAAAATGCCCACAATTGCCACGCCCATTACCTAAGCGGAAGCCAATTGCCGTGTCAAGGTGAAATAATTCACGAACTCAGCGTCTGCAGCGGTAACCGACTGTATGTATTGGAAGTAGAAAAATACGCTCTCATCCTTCCATTTACGCATTCAGGGGGATCAGACTCGCCCTGTCATTTTTACGCCCGATTCCGGATTCAATGATCTCCGGTGAATGCGTCCTTTCAAAATGGATGTGTCTTGCGATGCGGGTGATGTTCTGCGAGCGTTCTGCCAGTGAGAGGGGTGGGCGCGAGGCGTTTGTCCTTGTTTGGCACAAACGCGCACGTCAGTGTGCAGGGCGTGCTTGAGCCCGGCGCAGAGCCGCGTCTTGCGTACCTGGTATGGATTTCCCGCAGGGAACATCTGATAGCCCGAGGGGCCGGACATGGGATAGCGTGTCAGACACGAATCATGCTGACTGATTGTCACAGACATGGGGTGCATTGAAACCGGAAGATGGCGGAGCGGGATGTGTTTGCCGTTAGTAGACAAAAGGCGTGGCGAAGTCCCGCAATGCCGGCAGCAGCTTGTCTTTTTCGGATAAAACGGGTGCCATATCCGGCCATTCTATGGCGAGGTCGGGGTCATTCCACGCAATTCCCCCTTCCATCTTGGGATCGTAGTAGGCGTCGACCTTGTACTGGAACTCGGTTCCCCGCTCCAGAGTCATATAGCCATGCGCAAAGCCGCGCGGAATGAGCAGGCGTTTGAAATTCTGTTCGGAAAGAACAAGCGTGTAGCATTGCTTGAAGGTGGGCGAGCCGGCCCGCAGATCAACTGCAACGTCAAAGACGGAGCCGCGTGTTACCCACACCAGTTTAGCCTGTGATACCGGTGGCAGCTGGAAATGTAGTCCGCGAAGAACGCCTGCCTGCTCGGAGCGGGCGTGATTGTCCTGCACAAAGTCGTGCGGCAGCCCTGCCTGTTGCAGGGTTTCCTTACGGTACGTTTCAATGAAGAAACCGCGGTGGTCTCCGTGAACTTTGGGTTCCAGGACGACCAGCCCCGGAATGCCGGTTTGTACGATCTGCAAGCCCAACTCCTTGGCTGGTAGTATCATAATAATAGGGGCATGTTAGCTTGCCCGAAAATGATTGTGACAATTGTACATGAACCCGGCGGGGTTGGAAAGAGGTGTGAAGCAGGGGCGGGTTTCTCAAAAAAACGTCTTGCCCCCTTCCCAAGTGTGGTACGCATAGGTATAAGGATTGCCGAATATCGTGCAGTATGCACGACTGCAAACCGGATGCACAGGCCCGCGGGGGGCGTGGAGGCAGGGTTTCGGGGTATTATTGCCGGCATGCTGTGGTAAGGGGCTGGTTCAGAAAATGAGTGTTGTTAAAAATGATATCGCCGAAATGGCGAATGCATCGGGCGTGTCCTCTGTGAGTGATGCCGGGTCTGATGTCGAGGTGTTGCGCGAGCAGCTTCTTTCGCTGCGTGAGTCTCATGCCGTGCTTGAAGAGACGGTGGAACGGTTGCAGCGTGAGCGACAGCTGCTTGAGGATATCCTGAACGCCATTCCTGACAAGCTGACGGTGCACGACCGTGCTGAGAAGGTTGTCTTCAGCAACTGGAGCGAAGAGGATACCTATTGGGAGAACAGGGGCGGAGACAGAGACGGTACCGTCTGCTTCGGCTGTTTTTTCAGGGGCGAGAAGTATTGCGATCAGTGTCAGGTCGAAGAGGTTTTTGAGACCAGAAAGCAGAAAGTCATCGAGCTCTACAATCCTCAGACGCGGGAATATCGTTCTATCACTGTGTTTCCGGTTGCCTGCAAGAGCGAAGACTGTTCCATGGTGGCAGAGTATGTGCGCGATGTTACCGCCACCCGCAAGATGGAACGCGAGCTGCGTGTTGCCAAGGAAGCCGCAGATGCGGCGAACAAGGCCAAAAGCGAATTTCTTGCATCCATGAGCCATGAAATACGCACGCCTATGAACGGGGTGCTGGGCATGCTTGATCTGGCCATGGATACCGAACTGGACGAAGAGCAGCGTGAGTATCTGGAATCAGTCCAGAACTCGGCTGAATCTCTGCTGGCGCTCATCAATGACATTCTGGATTTCTCCAAGATCGAAGCGGGCGTCATTGAGCTTGATAATCAGGCCTTCCGGCTTCGAAAGCGCCTGTCAGCTCTGCACACCATGTTTGTGCACCGCGCTGAAGAGCGGGGGCTCGACTTCCGCTTCTCCGTTCCGGATTCCGTTCCTGACGGTCTGATGGGAGATCCGCTGCGCCTGCGTCAGGTGCTTGTGAACCTGCTGGACAATGCACTCAAGTTCACCGAATCGGGGCAGGTGCAGCTGGCTGTGGATGTGGTGCAGGACTTTCCCGACAACTCGGTCGAAATTGAATTTTCTGTTACTGATACGGGCTCGGGAATTCTCGAGGCCCATCAGGAGCGCATCTTCGACAGCTTTGCGCAGGCAGACGGCTCATTCTCACGTCGGCATCAGGGTACAGGGCTCGGCCTTGCCATCTGCAAAAGGCTCGTCGAGCTCATGGGTGGCAACATCAAGGTCAAGAGTGCGCCGGGACAGGGTGCCCGGTTCAGCTTCATCATTCCC
NZ_CP087381.1_gap108	3397208	3402105	4897	AAATAATGGATGAGAGTGCGCTATAACGCCATAACCTGTTTGAGGGAAAAGGGGACCGGTCTGAATCTTCCGCCGCAGGGATACCGTCGGCAGGCTGATTGCCGGACGGATTCACTGTGAATGCAGTCGGTCCAATGTCGCCGGGGGTGTCTCCGACGCGGCAGCAATCAATCATCTGTCAAAGGAGTGAGGAATGTTTTACTTCTTTCTAGCCTGCGCACTGCTTATTGCCGGTTACTTTATCTACGGTAAAGTGGTTGAAGCCAACTTCGGCGCCGACCAGTGCCGTGCAACCCCTGCGTGCCGCATGGAAGACGGTGTGGACTACGTCAAAATGAGCCCCGCCAAGATCTACCTTATCCAGCTGCTCAACATTGCAGGTCTGGGTCCCATCTTCGGCCCCATTCTCGGCGCTCTCTACGGTCCTGCAGCCCTGGTGTGGATCGTGCTCGGCAGCATCTTTGCCGGTGCCGTGCATGACTATTTTGCAGGCATGATGTCCGTGCGTTACGACGGCAAGTCCATTCCGGATGCCGTCGGCTACAACCTCGGCAAGTTCGCCAAGCAGTTCATGAACGTGTTTTCCATTGTGCTGCTGCTGCTCGTGGGTGTGGTATTCGTTCTCGGCCCCGCCAAGCTGCTGGCCAACAAGATAGGCTTTGAACTGGACAAGACGACTGCCGTTGCTGTGTGGACCGGTATCATCTTCGCCTACTACTTCCTTGCCACCATTCTTCCCGTTGACAAGATCATCGGCCGCCTTTACCCCCTGTTTGCCGTATGTCTGCTGGTCATGGCCGGCGGCCTCTCCACCATGCTTATCGTTGACGGCTACACCTTCTTCCCCAACGGCATCGGCCTTGCCAACGTGCACCCCACCGGCCTGCCCATGTGGCCTCTGATGTTCATCACCATCGCATGTGGCGCCATTTCCGGCTTCCATGCCACCCAGTCTCCGCTCATGGCGCGCTGCCTGCCCGATGAAAAGTGCGGTCGCCCCATCTTCTACGGCGCAATGATCGGTGAAGGCATCATCGCTCTTGTGTGGGCAACCCTCGGCATGACTTTCTACCAGACCCCCGAAGCCCTGCAGGCCGTTCTGGCCAGCGGTGGTCCCGCAGCCGTTGTCGACCAGGTTGCCACCACCCTCATGGGCCCCATCGGCGGCTTCCTCGCCATCATCGGTGTTATCATTCTGCCCATCTCTTCCGGTGACACGGCATTCCGCGCTGCCCGCCTCATCATCGCCGACTTCACCAACGTGGGCCAGCGCGATGTTGCCAAGCGCCTGATGATCGCAGTGCCTCTGTTCGTTGTAGGCTACCTGATCACCAAGACCGACTTCAACATCATCTGGCGTTACTTCGGCTTCTCCAACCAGACTCTGGCCACCATCGTGCTCTGGGCTGCCGCTGTCTATCTGGTGCGCCACGGCAAGATTCACTGGATTGCTTCCATACCCGCCACCTTCATGACCGCAGTGTGTGCAACCTACCTGTGCGTTGCTCCGGAATTCGCTCTCAAGTTCGATTCCAGCGTGGGCTACCCCATAGGCATCGCCACGGCTGCAGTCTGCTTCGTGCTCTTCATGCTGAAGGCCCGCAAGACTGTCGTGGAAGTGGATGCTCCCGATTCTCCCGGTACCATCGGCTAACAGCCGGTGTACTGACCGCAAATGATAAAGCCCCCGTTTCCGGACGGGGGCTTTTCTATTGCATGGGGAAATTGTTGTGTCAGGCGAAGGCTGCAAGGTGCGGTGGCGGGGTCAGCAGATCGGCAATGGATATGTTGTCCAGCGCGTTTTCCAATATGCCGGATACCTGCAGCCATGCCGGACGGGTAGGGCATTCCTGCTTGCGGGGGCATAATGCGGCGGCTTCTCCGTCGCAGCACTGGGTGAGATCAATGGGGCCTTCGATGGCCCTGACCACGTCACCAAGAGAAATGCCGGATGGCGGACTGGCCAGCGTGTGACCGCCTGTTACGCCGCGGGTGCTGGTGACAAGGCCGCCCTGCTTCAGCGGACGTATGATCTGCTCTATGAACTGGACTGAAATGCCCGTTTGCTCCGAGAGACTGGTCGTATTGACCACAGTCCCCTTGTTCTCTGCCAGAATGACGAGAATGCGGGTGGCATAGCGGGACCGTGCGGACAATTTCATTGCGGTGCCTCATCTGGGTTGCAGTGACAGGGTGTGCCGCATCACTCTCGCATGTGATTGTAGTGCCTTTGTGCGTGGTGGTGTTTCAGCTGATCGTTAAGGCGGCATGCCCTGTGTTATATGAATTGAATATGCAATGCCTATGTGTCAGTCAATAGCATACTTGGCATGTAGGATTTGATCTGGCCGCGACAACCGCAGCAGGCGGTGCGGGAGTGATGAAATAGCAAGGCCGCCCGGAGGCGGCCTTTGTTGTTTCGGGGGAGATGCCGTCAGTGATTAGCGGACGATCTTCCAGTCGCCGCCTTCTATGCGGATGATTTCGAAAGCGGACTTGTCCAGACCGTTATGGTCCTGTGCGGAGAAGTTGAAAATGCCTGCCGTGCCGACCACGCCGGTGAGTGATTCAAGGGCATCGCGAATGGCTTTGGGGTCATCGGAACCGGCCTTTTCAATGGCGGCCTTGAGCAGGAGCATGGCATCCCACGCATGACCGCCGAAGGTGGACACGGCAGCCTTGTACTGCTCGCCATACTGCTTTTCGTAGCTGATGAGCATGGCCTTCTGCGGGTGTCCGTCTTCAAGCTGGCCGGCAACGATGAGGCGGCCAGCCGGAAGGATTATGCCTTCTGCCGCATCACCGGCAAGCTCCATGAATTTCTTGGAAGCAACGCCGTGGCTCATGTAGAGAGGGGCTTCCATTCCCAGCTGGCGGTGATTGCGGGCAACAACGGCAGGACCGGGATTGGTGCCCCAGCAGATGATGGCATCGGCGGAAAGCCCGCGTATTTTGGTCAGCTGGGCTGTCGTGTCCGTATCCTTGGGGCCGTACACTTCATCAGCCACAAGCTCGTAGCCCATTTGTGGAATCAGGGTCTGCAGAGCGGCGCGGCCGGACTGACCGTAGCCGTCCGATACGGTGAGAATGGCAATCCGCTTGGCGCCGGTGGTGTGTATGTAGTCAAGCAGCCGCTCGATGGCAAAGCTGTCGGAAGGGGCAACCTTGAAGACCCACGGGTTCACCGGCTGCACGATCTTGTCCGAAGACGCGCATGAGATGAGCGGAATGCCGTAGCGGGCCATATTCCGGACAACGGCAAGCGTATTGCCCGAGGTGGTGGGGCCGATGATGGCCTTCACCTCATCCTTGCGGGCCAGCTTTTCCACGGCAAGTACGCATTTGTTGACTTCAGTCTCGTCATCATACTGGATGATCTCGACCTGCCTGCCGAGTATGCCCCCGGAAGCGTTGATGGAGTGCGCCGCCATTTCCAGGCTGTTCTTTTCCGGCTCGCCAAGAAAGGATGCCGGTCCGGTGCTGGAGAAAATGGCGCCGATGCGGATAGGGTCCGCCGCCAGTGAAGCGGTTGCCGAAAAAACGATGAGTAAAAGGAGAACAAGGCCGGAACGATTCATGAAAACCCTCTTTCCCAGTGAAAATTGTTTCATTGTCCACACTCTCCGCCATGGCGGAGTCTACCCCGGCCGGTGCGCAATACAGCAAGTGCCCCTGTTACAGGCAGCAGTGCTGCATGTCGGAACTTTTTCGGAAGGGGAGCGTTCTGTCAAGTGCGGCAGGGTGTTCGATGTGGGGGAGGGCAAAACAAATCATGGTGCAGATGACTGTTATGGATGCTGGTTCCGGATGCTGTTGCTCATGAATGGAGGACGGGATTAAGCGAAAGATGGGCGGAAAGAAGTAGGGCTTCCGGAGATCGGGGGGGAGGTGATCTGCCGGAAGCCCAAGATAGGTTGGTCTGAACAAACGCCCCGGATACGCACATAAACGGCCATGGAAAGGGGGGGGGTATTCCATGAACCTGCTGCGGTTCCGGTATTCAGATCCCGTTACAGACTTTGGTCAGAATTGTTGGGGGGGGTGAACGCCTGATCGCTGGCATCCTGACCGCCGTCTGCAGATCCCTGTATGCATAGGGCGTGCCAGTTGTGCTGTTGCTGCAATGATTAATTCACTGCTCGTAATCAGGGGGAATCTTGTAAGGTTTTGCCGCGACTGTATCCCGCATTTTGTCGGCACATGTTCCAGTGTGCGAAAGTGCACGTGCGAAATCGCTCAGTGTTCGAAACCGCACATCACTTTTGCAGCCGCCTGTGCAGGGCGAAGCGGGAAATGCCGAGATAGGCGGCTGCCTTGCTCTTGTTGCCGTCAAAGCGGTCAAGCGCCTTCTGGACGATGGCGGTGGTGAGCGCCTCAAGGTCGATGGGAGCTTCAGGCAGTTCCAGATTTTCTATATCCAGCGGAATTGTTCCCATGCTTTCCGCTCCGCAGTGGAGACTGCGGTCCATGTTCAGGAAGGCGATGTGCTCGGGTTTGAGAATTGGGTCATCATTCACGAGCACGGCCCGTTCTATGGTGTTTTCAAGTTCCCGCACATTACCGCGCCACATATGCCGAAGCAGCACGTCCATGGCCTCGGAGGATATGGATGTGAACTGTTTGCGTTTTCTCTCTGCCTGTCGTTTGAGGAACAGTCCGGCAAGGGCGGGTATGTCCTCCTGACGTTCCCGGAGCGGAGGAATGACCAGATGGCCGACTTTCAGTCTGTGGTACAGGTCGCGGCGGAAGTGTCCGCGTTCGACCTGTCCGGCAAGGTCTATGTTGGCCGCACAGATGACGCGGGCTCTGAATTCCCGTTTGCGGATGCCCCCGACGCGGTAGAACGTGCGCTCTTCCAGAACACGCAGCAGCTTGGGTTGCAGGGTGAGAGGCATTT
NZ_CP087381.1_gap109	3407556	3409069	1513	AGCGATGTCTCCAGCGAGCAGATAGAGCGTCCCGGAAGCCAGCCGAACGATTATACGTCCCGCGAGCGGAATATGCAGAGGGTTCGCGGAACCCAGCTGCTCTATGATTTTGATGCCACCACGCTGCGTGTGGAACAGTCCGAGAGCCTGCTGGAACGCAGCAGGCTGGAGCAGGTTTCCACCAGACAGGATCTTTTGCTGGAAGGCATTGGTGCCTATCTGGATGTCTTCAAGGCCTACAAAAGGCTGGAATATGCCACCCGTTCTGAAGAACGCATAAAGCAGCAGACCGGCATAGAAGAAACGCTGGTGCAGCGCGGAGCGGGCGTTTCGTCCGACGTTCTGCAGGCCAAGCAGCAATTGCTGGGGGCCATGGCGCTGCGGGTGAACATAGAGGGCGAACTGGCCCGCGCCCGTGCACGCTTTCGTTCCCTGTTCGGGTATGCACCCGACATGGCGGAAATAAACACCTTTGAAAAGCCCGTAGTCCCTGCCGATCTGCTTCCTGTTTCCCCCGATGATGCCGCTGTGGCTGCCATAGACGGCAGCCCGCTGCTTAAAGCTGCCGATGCCACCGTGCAGGCAAGCGCCAAGCAGGTGGACATTGACCGCACCCGCTTTTACCCCAATTTCAATCTGTTCGCAGAGGCCCGTCGGCGTGAGAATGACACCGGCGATTTTGGCGTGCGCGAGGATTCCTCCGTCGGTGTCGAGATGCAGTGGAATCTCTTTTCGGGCTTCGGGGACGAGGCTCAGCTGAGCGCTTCCCGTGCTTCGGAGGCACAGGCCCGCTATACGCAGGCTGATATGCGCCGCACGGTTGAAGAAAATGTCCGCGTAGCGTGGCAGGACCTTCGCACCAGCCGCCGCAATGCCAAGCTGTTGAGGGAACAGACGGAGATTCTCGGTGAGTTCATGGATATGGCCAAGCGCGAACGCAAGCTCGGCACCCGTTCCCTGCTGGACGTGCTGGTGGCTGAAGTGAACTACATAAACGCCGTGAGCCTTGCACTGGCAGCGGAAACAGACGCCATCCGCTCCGGTTACGCAACACTGCACGCCATGGGCAAGCTCGATCTTTCCTTGTTTGCAAACCGCTGATACATATCACAACGTGAAAACGCCCTGCAGGTTCCATTCTGCAGGGCGTTTTGTATTGGTATTTGTGGTTTTTAACCGCCGAAATAGCCGGGGCTGATAACCGAAAGGGCTTCGGTGTACTTGCTGCGCAACAGCGCGAGCTTGCCGCCTACGGCCTTTTCCTGAGCAGCAATGTCCAGAGAGCACTCGGAAGAGAGCTGGGTGTTGAGCATTTCGATTTCACGAACCGTGGACTTGATGAGGTTCAGTGTGTCTTCAAAGCCTGCCTTGTTTTCTGCCTTGGGGGCCTCGGCGAGAATATCGTACAGGCGGGCTTTCCAAATATTCAACTCCATCTCAACGCCTTTGCAATAGCTCTGAACAGCGGCTTCACGTTGAGCGTCGGTGCTGCACCCTTCGATGGCAGAGCAAC
NZ_CP087381.1_gap110	3416709	3419435	2726	GGACAGAGCATGTGAGTACGGTGATCCGGAAGACGGTGCTCCGGAAGACGGTGTTGCTGATGACTGTGCCGCTTGGCAGGCTTCCGGCGCATCGTCCGATTTGATACAGCCGTGGTCGTTTCTATATTTTAGCTTGAGGCTTACGAGCCCGTAGTCGTCTTTGACGCTTATCTGCAGTTTGCGGAACGCAGCAAGAGAAGGGAGGTGATGGTCGTCTGGCTGACTATCTGGCTGACTATCTGGCTGACAATCTGGGTGGCTATTGGGCTCTTTCCCTTCCAATGCATCGGCAATGGCCCTGAACAGGGCGGGCAGCTCATCGCGGGTGCATTCCAAAACGTGTTTCCTGCTCATACATACCTCGTTGCAAAGGCGGTTCCGTTCTGCGGCCAGCCATTTTAGCGCATGAGCGAGTCGTGTCAATGTGCACGCGTAGCGCGGATAGATGCAGGAAATACGACGAGGAAACAGCCCGTGTTTGCGTGTAGGCAGGGTATGAAAAAGGCCCCCGCAGAAGCGGGGGCCTTGGATAATCCGGGTGTGAATCGGGATTAGGCGTAGTAAGCGTGGCTGTCGACCAGAAGAGGATTGTCTTCCAGTTCTTCCAGGAACTTGTCTGCGCGTTCTTCCTGATCCGGCACATTGATGTCGGAGTGCACATACTCGCGGTAACCGGTACCGGCGGGAATGAGGCGACCCACGATGACGTTTTCCTTGAGGCCGCGCAGCGCGTCCATTTTGCCGCGCAGGGAAGCCTCGGTCAGCACCTTCGTGGTTTCCTGGAAGGATGCCGCGGAGATGAAGGAAGAGGTGGTCAGCGATGCCTGAGTGATACCCAGAACCAGCGGTTCCGCCTTTGCAGGCTGGAGACCTTCTGCCACCAGGCGCAGGTTTTCGATACGGAATTCCTGCTTGTCCACCTGCTCGCCGACGAGGAAGCTGGATTCACCGGTGTCGATGACGGTAACCTTCTTCAGCATCTGGCGCACGATGATTTCGATGTGCTTGTCATCGATACCAACGCCCTGGAAGCGGTACACGTCCTGAATTTCTTCGCACAGGTAGTTGGCGAGGTACTTCTCACCCTTGATGCGGAGAATGTCGTGCAGTTCCGGCTGGCCTTCGGTGAGCTGTTCGCCCGCTTCCACGAAGTCGCCTTCGGTAACGGTGATGTGCTTGCCCTTAGGTACCAGATATTCCTTGGCATCGCCGATTTCGGGAGTAACCTTGAGCTTGCGTTTACCCTTGGTTTCACCTTCGAAGGAGACAACACCGTCGATTTCCGTGACAACTGCCAGATCCTTGGGCTTGCGAACTTCAAAGAGTTCCGCAACGCGGGGAAGACCACCCACGATGTCCTTGGTCTTGGAGGTTTCGCGGGGCTTACGGGCGATGATGTCACCGGCGCTCAGTTCCTGACCGTCGCGGATCATGAGAATTGCGCCCACGGGCAGCTGGTAGACGGCGGGAATGCTGGATTCGCCGCGCATCATCGGGGTGCCAGTCTCGTCGCAGATGGACACGGACGGACGCAGGTTCGTGGTGCGGTACTCGATGATCGTACGGGTCGCCATATGCGTGGCTTCGTCGATCTTTTCCTGGAAGGTCTTGCCGTCGATAAGGTCGCTGAACTTGACGGTACCCTGCACTTCGGAAACGAAGGGTTCGTTGAAGGGGTCCCATTCGGCAAGAACGGTGCCCTTCTTCACTTCCTGACCGTCCACGACGTTCAGGCGCGAACCGTTGGGCAGAATGTACTTTTCGCGTTCACGGCCCTGTTCGTCGACAATTCCGAGCTGGCCGGACTTGCCGAGCACGAGCATGTAGCCGTCGCGGTTGGTAACAGCCTTGACGCGGGACATGACCACGCGGCCGGTATGCTGCGCTTCGATGTTGGAGCGTTCAATTTCACGCGATGCAGTACCACCGATGTGGAACGTACGCATGGTGAGCTGCGTGCCGGGTTCACCGATGGACTGTGCAGCGATAATACCCACGGTTTCACCGGTGTTGACCAGCTGACCGCGTGCAAGGTCGCGTCCGTAGCACAGTGCGCACACACCATGTTCGCTTGCGCAGGTAAGTGCGGAGCGGATGGTGATGGTGTTAATGGCGTACGCGTCGAGCTTTGCCGTCACCTCTTCATCAATGAGGGTGTTGGCAGGAATGAGCTCTTCCTTGGTCTCGGGGTGGAACACGGGGTAGAGCAGTACTCGGCCGAGGCAACGCTCGGTGAGGCGCATCTTGATTTCGCCGCCCTTGATAAGGTGGCCCAGTTCCAGACCGTCGACAGTGCCGCAGTCGTGTTCGCCGATGATAACGTCCTGAACAACGTCAACCAGACGACGGGTGAGGTAACCGGAGTTTGCCGTCTTCAGTGCGGTATCCGCAAGACCCTTACGAGCACCGTGCGTGGAGGTGAAGTACTGCAGCACGGAGAGGCCTTCGCGGAAGCTTGAGGTAATGGGGGTCTCGATGATTTCGCCGGAGGGCTTTGCCATCAGACCGCGCATACCGGCCAGCTGACGCATCTGGTCCTGGTTGCCTCGGGCACCGGAGTTGGACATCATGAAGATGGAGTTGAACGTCTGGTTCACTTCCTGCTTGCCGGTCTTGGGGCAGGTGAGGGTTTCCGTGGAGATGGACTTGATCATCTCGTTGGAAACGTCCTGAGTGGTCTTGGTCCACACGTCAACGATCTTGTTGTATTTTTCCGTACGGGTGAT
NZ_CP087381.1_gap111	3428125	3432945	4820	CTTCAGCTTGGCAATTTCTTCAACCTGATCCATGGTCAGAGAACCAACCTTCTTACGGTTCGGCTCGCCGGAACCCTTCTGAACCTTGGCTTCCTTGAGAATCAGAACAGAAGCAGGCGGGGTCTTGGTGATGAAGCTGAAGGAGCGGTCTGCGTAAACGGTAATAACAACGGGGATGATCAGACCCTTCTGGTCCATCGTCTTTGCGTTGTATTCCTTGCAGAAGCCCATGATGTTCAGACCATGCTGGCCCAGAGCAGGACCGATGGGCGGGGAGGGGTTAGCTGCGCCTGCCGGAATCTGAAGCTTGATTTTTGCAATTTCTTTCTTAGCCATTCCAATATACCTCTATGGCAATCGCCTTTGATCGGCGAAAATGCTCTATGCGCGTTAGCCCTTATCAACCTGGACAAAATCCAGTTCAACTGGAGTCTGTCTGCCGAAAATGGACACTGAGACGCGAAGTTTGCCCTTGTCGAAATTGACATCCTCTACAACGCCGTTGAATCCGCCGAAAGGACCGTCAATGACCCGGACCTCGTCCCCACGATCGAAGCTGAACTTCGGTCGGGGTTGTTCCTGTCTGGACTCCATCATGGCGAGGATGCGTTCGGCTTCAGAATCCCGCATGGGGGTAGGACGGTTTTTGCCGCCCACAAAGCCGGTTACCCGCTGAATATTGGAAACCAGATGCCATGAAAAATCGGTCATGACCATTTTGACCATGACATACCCAGGGTAGAACTTGCGGGTGGACGTTCTTTTTTCGCCCTTAACAAGTTCAACAACCTTTTCGGTTGGTACAACGACTTCTTCTATCTGGCCCTGAGATTCATTGGTACGGATCATCTGGTTGATGGTCAGTTCAACACGCTGCTCAAAACCAGAGTAGGTGTGAATGATATACCAACGAGCCTTCGGTGCGGGAATGTGTTCCTCAGTCATGGGACAGTCCAATTTAGGAAAGGATGTATTCAACGAGCTTCGTAAGTCCCAGATCAACTACACCCAGAAAAAGAGACATGATAACAACAAGCACCAGCACTGCTACGCCTGTGGTTATCGTCTCCTTCCGGGAAGGCCAGACTACCTTCTTAATTTCAACCTGGGATTCTTCGAAGTACTCTTTGAGCTGAGAAATCTTGCTTTCAACTCCCGACTGGGAATCATGGGCTTTTTCAGCTTTCTTAGAGTGCTTATTCGCCATGGTCGCCTCACCGAAAAGGGGGTAAGAAGAAAAAGTGGCAGGGGTGGAGGGATTCGAACCCGCAACATCCGGTTTTGGAGACCGGCGCTCTAGCCGTTGGAGCTACACCCCTGCTTTATCGAAACTACCTTACTTGGTTTCGCGATGGAGCGTGTGTTTCTTGTCCCAAGGACAATACTTCTTCAGCTCCAGACGACCGGTAGTGTTCTTCTTATTCTTGTCGGTCGCGTAATTGCGCCGCTTGCACTCGGTGCAAGCAAGCTGAATGTTAACGCGCATGACTTACTCCACGATCTCAGACACGACACCTGCACCAACGGTACGGCCACCTTCGCGAATAGCGAAGCGAAGACCCTTTTCCATTGCGATGGGGTGAATGAGTTCTACGTTGAACACAGCGTTGTCGCCGGGCATTACCATTTCCACGCCTTCGTCCAGAGCAATCACGCCGGTGATGTCAGTGGTACGGAAGTAGAACTGGGGACGGTAGCCGGTGAAGAACGGGGTATGACGGCCGCCTTCATCCTTGGACAGAACGTAAACTTCTGCCTTGAACTTGGTGTGGGGCTTGATGGAGCCGGGCTTGCAGAGAACCTGACCGCGCTCAACTTCATCACGCTTGATACCACGGATGAGCAGACCAACGTTGTCGCCAGCCTGACCTTCGTCGAGCAGCTTGCGGAACATTTCAACGCCGGTGCAGGTGGTCTTCTGGTTGGGACGGATGCCCACGATTTCCACTTCTTCGCCAACCTTGATGATGCCGCGCTCGATACGACCGGTAACAACAGTACCACGGCCGGAGATGGAGAACACGTCTTCGATGGGAAGCAGGAAGGGCTTGTCAATTTCGCGCTCGGGCTCAGGAATGTAAGAGTCACAAGCGTCGAGAAGAGCCTTGATGCAATCAACAGCCGGATCGTCAGCGCTTTCAGCTTCAAGAGCCTTCAGAGCGGAGCCGCGGATAACCGGGATGTCGTCGCCGGGGAAGTCGTAGGAAGAAAGAAGTTCGCGAACTTCCATTTCTACGAGTTCCAGCAGTTCTTCGTCGTCAACCATGTCGCACTTGTTCATGAACACGACGAGGGACGGAACGCCAACCTGACGAGCGAGCAGGATGTGCTCACGGGTCTGGGGCATGGGACCGTCGGTGGCTGCAACTACGATGATACCGCCGTCCATCTGAGCAGCGCCGGTGATCATGTTCTTGATGTAGTCGGCGTGGCCGGGGCAGTCAACGTGTGCGTAGTGACGCTTGGAAGATTCGTATTCGACGTGAGCGGTAGCAATGGTGATACCGCGTTCCTTTTCTTCAGGAGCCTTGTCGATTTCGTCGAATGCAATAGCCTTGCCGCCGCTGATCATGGCAGCGCACTTGGTAATGGCTGCAGTCAGAGTGGTCTTGCCATGGTCAATGTGACCGATGGTGCCGATGTTAACGTGCGGCTTAGTACGAGTAAATTTTTCCTTACCCATGAGTAGTTCTCCCTGGCGATGTTGTTCTCGATTTTACACCGAAAATAAAAAATGGAGCCCACAAGCAGAGTTGAACTGCTGACCTCGTCCTTACCAAGGACGCGCTCTACCTACTGAGCTATGTGGGCTTCTATACTCAACTGTAGGGGAGAACTCAAGCGTAGGTGGAGCGGGAAACGAGACTCGAACTCGCAACCCTCAGCTTGGAAGGCTGATGCTCTAGCCATTGAGCTATTCCCGCATCGTAATGCCGTAGTTCTCCGACGTATGTCTCCTACAGCTTTGTCAGCGTCGTGTGGTGGAGGGGGGAGGATTTGAACCTCCGAAGTCGTACGACGACAGATTTACAGTCTGTTCCCTTTGGCCACTCGGGAACCCCTCCACGTGGAGCTGGCGATGGGACTCGAACCCGCAACCGGCTGATTACAAATCAGCTGCTCTGCCAGTTGAGCTACGCCAGCCAACGAGGTTGAGTGTTTATATTTCACTCGAACATTTGGCAAGCAAAAAATGGCGTTTTTTGAATTTTTTTTTCGTAGCTTGGGATTCTCGGTAAAACCATTGGGTTTACATGCTGATTCCGGCTTCGAAAAAAGGCTTCGATTGCCATTTAACTTTGTCTACTGACAGTTGCGTTGCAGGGCCCACGCTTCACGTAGGGGGCTTTTATACAACCCGGCATAAACACGCAAGCGAAAAATGCACCGTACGCCATTTTCTTTTCAAAACAATGATTATCAGGCGATTTGCCGCTGGTTTCCGGGCTGTTTCAGGCATAAATACGCGTGACTGGGAGCCTGCAAAACAAAAGAGCCGCCCGTAAGAGCGGCTCTCAAACGCATTATGGTTCGTGCTAGGCGGCGATAACGGCCTGACCGGCGTGGGATTCTGCATTCGCCCTTTCGGGGGTGAAGGCGTGCAGTTCAACCGTTTCCAGGTAGATCTCTGCATTATCATTAATAGTGCGGAGGAATTGGTTGTTGAGTGCGTGGCCGGAGGCAAAGATCTCAAAGTGACCCTGCAGGGGGGTGCCCAGCATGGTCATGTCGCCGATGAAGTCCAAAATCTTGTGGCGTACGAATTCATCGTCGAACCGCAGGCCGTCCTGATTGAGCACGCTGTATTCGTCCAGCACGATGGCGTTATCCAGCGATCCGCCAAGGGCAAGGCCGTTCTTGTGCAGATATTCCACTTCACGCATGAAGCCGAAGGTCCGGGCCTTGGCGATTTCCTGCGTAAATGTGGCGGGAGTTATTTCAAGGCTCATGGTTTGGCGGCCGATGAGCGGATGGTCGAAATCGATGGTGTAGTCTATGCGCAGGCCGTTGTAAGGGGTGGCCTTGATGAACTTGCCGTCCCTTTCGAAGTTGATGGACTTCTTGATGCGCTGCACAACGCGGTTGCGGCTCTGGCGGGCTATGCCTGCATCTCTGAGCATGAACGCGAAGGAGGCGGCGCTGCCGTCCATGATCGGCACTTCTCCGCCTTCGATATCAATTCTGATGTTGTCGATCTGGAGGCCGGCGATGGCGGCGAGAAGGTGCTCGACCGTAGCTACGGAAGCACCGTCAAGGCCCAGCGTCGTTGCAAGCCCTGTGGCCACAACTGCATTGGGTTCGGGAGTGATGACCTTTACCCCGTGCTCACCGTGGATGTGGAATACCACACCGGTGTCTTCCTGCGCAGGGGAAAGAGAAAGCTTCACCACTTTGCCGCTATGTAGTCCGATGCCGGAGCATCCGATTGCTTTTTTGATCGTTGTCTGTTTCATACAGCCTCCGACCTCTCTAAAGCAAAAAGCATGCCGCGAGGGATGTGCTTGTAACTAGCCGGAATTACAGGTTGCGGTGTTGTGGTTTTTGCGGAGTTGAGTGTGTTTTTTCAGCAACGTGTTGCTTTTTTACACTAGTTGCGGGAGCGAATCGCAAAGACCATGCGGTCAAGTCCGGCCAGATCGCGGATGATTTTTTCACCGTGCCATATGCCCTGTGCATCGCCAAAACAGGATAGGTTGGGCCCTGCCTGCGTATAGCCCATCTCCATTATAAATATGCCGTCGGGCCTGAGCCAGTCCTGTGCATTGCGGATGAGCAGAGCCGCATGCTCAAGGCCGGTTTCCCCGGGAACCAGTGCGGTG
NZ_CP087381.1_gap112	3481553	3485476	3923	CCGCGTCCGCAGCTATGAAAGTGACGGCTGTGTCTGCATAGAGGTGCAGGATAACGGCCCGGGTATGACCGAGGCCCAGAGCAGAAGAGTGTTTGAGCCGTTCTACACCACAAAGCCGTCCGGCGAAGGAACAGGGCTGGGTCTGTCCGTTTCTCACTTCATCATTACAAGCGGGCATAATGGTTCCTTTTCCGTGGAAAGTGCTCCGGGCAAGGGAGCGACATTCAGAATATGCCTTCCCGTCCGTGCGGGCTGATGCCTGTGCAGGCTGACATCCGGAACTGTTCCGGTCCCATGTTGCCGGTAGCCTAACCGGCCACGTTCGTGCTACCTCACTCTGCGTCACGGAAGCGCCGTGCGCCTGTATTCAGGGCAAGATCTGCCCCTGCCTGCGTATCGTCTGTGATTTGTCTATCCGGACGTTTTGCAGGCGCTTTTACGTCTGCCCACTTTTCTGCTGTAAGGAAGCTGCATGGCCAGAGATTTTTCCACCACCGCCGATAACCGGCGGATGTATATTTTTTTGCTGGTGATGGTACTTGCCGCTGCGGTGGGTTTTCAAGGCTGGCGCACCCTGTACAACAACTTTGCCGTAGATGTGGCCGGACTTTCCGGCAAGGAAAACGGTTTTGTGCAGTCTCTGCGCGAAGTGCCCGGATTCCTTGCCCTGCTGGTCATCTATCTGCTGCTGATCGTGCGGGAGCATACCCTTGTGGCGGTTTCCGTCCTTGTGCTCGGTGTCGGTGTGGCTATGGCCGGTTTTTTCCCCTCATTCCATGGCCTGTTGTTCACCACGCTGATCATGAGCTTCGGGTTTCATTATTATGAAACCACGAACCAGTCGCTCATTCTCCAATACTTCGACAAGACTCAGGCGCCCGTTGTCATGGGGCGTCTCAGGGGCTTTTCGTCAGGAGCCAATCTTGCCGTCGGCGCGGCGGTGTTTCTGCTTGCTCCGGTGCTGGAATTCCGCACCCTGTTCTGCATATTCGGCGGGGTGGTGCTGGTTGCGGGCGCGTGGTGCCTGCTGCAGAACCCCTCGTCCGCAAACATTCCCCCGCAGCGCAAAGGCATGGTGTTCCGTTCCCGCTACTGGCTGTTCTACCTGCTTACCTTTCTCAGCGGTGCGCGGCGGCAGGTTTTTGTGGCCTTTGCCGTGTTTCTGCTGGTGGAAAAATTCGGTTATTCCGTGCAGGAAATTACGGCCCTGTTCATCCTGAACAACGTGGTCAACTGGTATCTCTCGCCAGCCATCGGGCGCGCGGTGAACAAGTATGGCGAGCGCAGGATGCTCACTGTGGAATACGTGAGCCTCATCTTCATATTCGTCGCGTACGCATACGTTGACAGCAAGATACTGGTCGCCGTGTTGTATGTGCTTGATCATGTCTTCTACAACTTTGCCATGGCCATCAAAACCTACTTCCAGAAAATTGCCGATCCATCAGACATTGCCCCCAGCATGGCGGTGAGCTTCACCATCAACCATATCGCCGCCGTGGTGATTCCGGCAGCTGGCGGGTTGCTCTGGATGGTGGACTATCGCATTCCCTTCCTCTGTGCGGCCGGGCTTGCCGGTCTGTCACTTCTGTTCTCCCAGTTTGTCCGTGTTCCGGAGGCGGAAGGCAAGTAACCGCGCGTAGCGTATAACCAATTGCTTCAGGCAGCATGTCGCGCTATTATGGCAGTACCATACCTGTAAAGGAGATTGCCATGTCTGCCATATTGCGTTGCACCCGTACTTTGCTGCGTCTGACCGCCCTGCTGTTGTTTGTGGTTGCCCTTTCCGTGCCGGCTTTTGCCGATGACGGACAGGCCAAAAAGCCCCTCAAGGATACACCGCAGCGTGTTCCCGCCCGTGCTACCGCAGTTTCCGTGGAGCATGAAGGTGCGGATACCGCAGGCACCCGCCTGACACTCCAGCTCAAGGAACTGTTCAACACGGCCAGCCTTTTCAATCTGACTGATGCCGATACTCCCAAGATCAACCTGCTGGTTTCCACCCAGCCGGAATTTTCTTCACGCCCTGAAATTGGCTCGGCCTATGCCATTGTGTGGGTTTATGCGGAGAGCAAGGGCAACCTGCAGTATTATCTGGGGCGGCAGGTTGGCGTGGTGAGCGATGCCACGGCCGCTGAAGTGGCGCAGCAGATTGCGGAAAGGACGGACGGCATTGCCGTGAAATACGGCTACCTTTTCGGAAAATAGAGGAGGTGCCGATGGACAGGGCCGTCCTGCTGACCGTTACGGACGACATGACCGCCATGTGGAGCATGCGCTTTGTTGCCGGTTTCTTCCCCGACAAGAAGCACCTTGAGGTATGCGTGCTGTATGTGGCCCCTTCCGGCTATTCCGCCGCGCATGAGGAGACCCGTATTGTCCTTTCCGACATTGAGGTTCGCAAAGGGCGAGAGATAGTGGAAACAGCCCGGCAATGGCTTGTGGAACACGGCTTTTCCGGCGCCAAGATAAAGACCAAGGTGCTCTCCACCCAGTATGGCGTGGTCAAGGACATCGTCTCCGAGGCCCGCAAGGGGATGTATGATGCCGTGGTGGTGGGCAGGCGCTACCTTGACTGGATGGAGATGCTGTACACCACCAGCGTTAGCCGCGGTATTCTGTGGGAAGATGTGGATTTTCCGGTGTGGATCTGCAACGAGCCCGATTCGACACGGCAAGGGATTCTGCTCTGCGCCGACGGTTCGGCCCCGGTTGCCCACATGGCAGACCATGTGGGGTTCATGCTGGGGGCAGTGCCGGAGATGCGTGTGACCATTCTCCATCTGCGGACGCCCGGCGTATCGGCAGATGATGCCGTGGAAGAAGCGCGCCGCCGCATACTGGACAACGGCATAGAGGCATCCCGTATCAGCACGTTGATAACGGCAGGGCAGGACAAGGTGGGTACCATTCTGCGCATTGCCCACGAGGGCAATTTCGCTGTTGTCGCGGTGGGGCGCAGGCCGGATTTGCCGGAATCTCTTGTCCGACGGGTGTTTACCCGCTCTGTGAGTCTGGGGTTGCATGAAAATGTGAACAAGTTTTCTTTGTGGGTGTGCAGGTAGAGAGCTGTATAGAAAGAAATCGGATTAGAATAATATGTTTTTAACAGGTCAGATATTGCCAATTGGTCTGGCCGGTGGTATTGCATTGGCTGTTGAGCCGATACCGAAGGGCTCTTTGTATCAAAAATCGCTATAATTCCGGAGTTCTCCGGTTATATTTGAGCGATTCGCACAAGTTTGAGGATTGCCCCCCAATTCCGCCTTGAATCATGCGAATCGCTCTATTTTTTTGCCCGTCGCAGTGCGGTAGCTTTTTTGCCCGCGCCAGCTTCGTGTTGTCTTATCTGTTTCATCCTTTCCATATTCCCTAACCGACTGTTGCATCGCTGCACTGTATGCTCACATGGCTGAAGAGCAGAGGTGTGTCTGGTTTATTTAAGTTTATTTGTGTTTGTTTTAGTGCGTTCAGGTTTGTTCTGGTAATGCAGTGTTGCGTTCTGATTTGAGAATACCATTGTTTTCAAGTGGTAACATGGTGTGTCACAGTGTGCGTATGAATATAATCTTGGACAGAAAGGATTGGCTGTGTAATAGTCAGCGGGTAACTTTAGTATACTATAAATAACCAATTCTAACACAGTTAGGAGAAATGGGATGAAGAAGCTGATTACCTTGCTGCTTTTCCTGGTTCTGGCTCTGCCTGCGGTTGCCTTTGCGGAAAAACCGGTCCTCATGATGTCCACCACGACCAGCACCGACAATACCGGTCTGCTTGATGTGCTGAAGCCCGCGTTTGAAGCGGAAACCGGCATCGAACTGCGTTGGACCGCCGTTGGTACCGGCAAAGCCCTTGCAATGGGGCAGAACTGCGATGTTGACGTGCTGCTTGTGCATGCCCCCGGCGCAGAAAAGAAGTTT
NZ_CP087381.1_gap113	3506526	3509349	2823	AGAAGCTGGTAACCACCTTCTTGAAGCGGGAAATGGTGAACTTCAGATCCTTGCTGTCCGCATTGATGGAGAATACCTGTCCGTCGCGCCCGACAATGGAAAGCGTGGTAATGCCATCAATGGTCTTTGCGGTGTCGAGATTGTTGATATCAAAGGAAAGGCGGATGGTTCCGTCTTCGGCGGGCTTGAGCATGACGTTTTCAACGCTTACGAGCTGCACGTCTTCCGTTGCCAGCAGGGAAGAAAGATCAACGGTCGGCTTTTCCTTGGAAGAATCTTCAATGCTCATGGTGCCGAAGAGAGACTGCAGTTCTTCAGGGTCGTTGGACTGCAGTATCTGTTCAATATTCTCCAGCCGCTCAAGCTGCACCTGTGTGGCACGCAATTCGCGCTGCAGGTCTGCACGTTCATTCCGCAGAGCGGCGTTCTGGTCCCAGTAGGTATATCCAGCGTACACTCCCAGCGATGTGGAAATCAACAGCACAAGTTGCATCCAGATCAGGAGTTTGAGCCACATGGGGCTTATTCTGAACCGGTGCACCTTGGTGTCATCGCGCATGAACAATACGCTGTACTTTTCATTCATCTAGAGCGGTCTCCAGTCTTCGCTTTCTATTCTCCAGGATATGCCATAGGGGCGCAGCACAATGGTTTTAATGCCCTTGTCGCCGAATCCGTCGGAACTGCTGTAGTTTTGGACCATTTCAACGGTCAGGCCGTTGCTGTCAATCGAGTAGCGCATGTCGGTCAGGCGCACTTTTTTAGGCTTGGCAGTCGCCCATACACCCTTCTTATGGTCGCGGATGGCGTCTATACCCTTGCGTGTACCTTGTGATGCAGTTTCAGTATAGCTTTCTGCGTACTTTTTAAGGTTAGCAGATTCCCACGCGGTCCGCCACCCTTCGATAAAACTGTCCACGCTAGGCTTCTGGGCTTTAAGAAAGTCCTGTTCAAGGTCAAGATCGGCCCTTTCCCATTCCATGCCGGCAATGAGCAGGTTACCTTCCGTGTCCTTGTGCCAGTAAAGGCGGCGGTAGCCCTGCACGGTAAGGTTGGGGGCGCGGTAATATTGCTTGAACCACGATACCCAGTAGTCCGGCCCCTGCAGCACGTAAATATCGTCGATCCAGTTCAGAATCCAGGGCAGGTTGTTGAACAGTCGGGTCTTGGTCGCCACAAACTCGGCAAAATCGCCGGAGCGGGACTTGGTGTATGCATCGCCGTCGTAATATTCGAACATGACAGGGTCGCGGTTGCCCCATGCGGTTGCCCATTCGCGAGTCATGTTGACGATGGCGGAGGCGATTTTCTTCTCTTCCGTGGTCTGCGGGGCCTTGTCCACAATGGATTGGGCCAGAACAACAGGGGTGCCGGGCTTGAGCTTGGGTCCAAGCTGCAGCAGGTCGGAGTTGTTCATGGCCACACAACCCTGCGTTTCTCGCGGGATAATGTTGTGGCCTCGGCCGTGTACCCAGATCCCGTGGCCCGATTTCCTGCGGAGCAGGTCCATGGGATTGGGATAGTTCAGGGTGTAGGCCATGCCGCCATACAGGCCGAAATCAAGGCCGCTGGGAATATGGCGCTGCACAAAGTACACGCCTTCCGGCGTTTTCTTGTCGCCCTCATCCTTCTTGTCGCCCACCACCTGACCGGTGGTACAGACGTACTGGGCTGCAACGGCCAGCGGACTCCTGTGCTCCATCAGAAAGAGCTGCTGCGCTCCCTTGTCCACAGCGACAAGCGAGGGAGGAATTCCCGGATGCTCTTCAAAGCGGGCTTGCCAGCCTGCTGCAGAGTCTGCACAGGGGCCCGCCACGGGAAGGGCGAGCATGACGATGGACAGAAACAGAACCGAGAGTAATGCGGAGCGCATAGAGTCCTTGCGATAGAAGCGCGCCCGCATGTCGCGGGCGCGCCGAATGCTTGCTAAGCGTTCGCCAGTTCCACCAGTTCTTTGCGGGTGAAAATGGACACCAGATCGTACCCCTTTGCCTGCAGGGCTTCACGTCCGCCTTCCTGCCTGTCGAGCACGCAGCATACCCCCGCGACCTTGAGGCCTGCGGCTTCTATGCGTTCGATGGCGGTAATGACGGAACCCCCCGTGGTAACAACGTCTTCAAGCATATACACAGTCTGGCCTTCGGTGAAGTTGGCAAGACCTTCAACATACTGTCCGGTGCCGTGGCCCTTGGCCTGCTTGCGCACGATAAGGGCGGGCAGCGGCTTGCCCTTTTCGTGGGAGATGACAGCCACGGAGCTGACAAGCGGGTCAGCGCCGAGGGTCATGCCGCCCACGCCGTGAATATCTTTGTCCTTGAGCAGGTCAAAGAACAGCTGACCGATGAGCCAGCAGCCTTCAGGGTGCAATGCAGTCTGTCGACAGTCGAAGTAGTAGTCGCTCTTCTTGCCGGAGGCGAGCGTAAAATCGCCTTCGCGGTAGGATTTTTCAGCGAGAATGCGCGCAAGGCGCTTTTTGAGTTCAATCATTGTAAAAGCTCCGGTTAACCGAATACCCGGTTGAAAATGAGATCTTCGTGGCGCAGATAATAGCTGGGGTCGAATATTTCTTCAAGCTTCTCTGCCGTAAGTCGTGAAGTTATTTCAGTATCCGCGCAGACAATATCCTTGAAGAGCTGCTTGGTGTCCCAGCTCTGCATGGCGCAGCGTTGCACCATGACGTAGGCATCCTGCCGTCCCATGCCCGATTCGACCAGTCCGAGCAGAACGCGCTGCGAGAAGAACAGGCCCATGGATCCCATGAGGTTGCGGTCCATGTTTTCGGGAATGACGCGCAGATTGTCGATAAGTCCTGCCAGACGATGC
NZ_CP087381.1_gap114	3510522	3511384	862	TGCCGTTGGTGCCGCCATTGCCGGCAGCAGCTGCCGAACTGTCGGATTGGGTACTTGCACTGTTGCGTCCGTATTCGGATACGTACCATCCGCCGCCTTTCAGAACGAAGGTGGTGTTGGACATGACGCGTTCGGAAGAACCGCCGCAGACAGGGCAGTCAGGATGAGTGTCTTCAAAGGACTTCTGCCATTCCTCGAAGATCTGTTCGCATGCATTACAACGATACTCATAAATGGGCATCGCATCCTCCACTATCAACAAAAAAAGAACACGGGACAAGCCCACGATATAACTGAGCAGCGGTTTCATAGCAGTGCTGATGAAACCGCCACAGAGATAGCAAAACAGGCAGCCGTATCACTACGGCCGTAAAGCAGGGGAACTAGGCCTTTGCGGCGGCCTTGGCTTCCTTGATACGCTGCTTGATGCGTTCTTCGCGGCGCTTGCGGCGGCGGTCCAGTTCCTTTTTGCGTTCAATCTTCTTTTGAGCCATGACGAGTCTCCTTCAACGTTGTGATCAATAGAATATACTACTCGGTATGCGGCGCCTTGTCCAGCGGTCGGACCGCTCAGTCGGGCCTGTCGTAGTAACCGCTTACGGATTCGGTGAAAACGATTTCCGCATCCCTGAAACCTTCCATTGCGAGCAGGCTCTTTACCGTGTCAAGGGCTGTGTGCGCAAGGGGTTTTTGTCGGGCAGGAATCTGGAGCACGGCTTTTCCCGTTTCAGGGATGCGCAGGCGGTATTCTGAAAGACCTGTCTGTGCCAGTGCATCCTCCGCGCGCCCCAGTCTGGCTAGGGTCTCTGCGTCCGGTGCAAGGCCGTAGGCAAACCGTGTCATCAGGCAGGGGCGGGACGGC
NZ_CP087381.1_gap115	3628799	3631722	2923	TGTCGGCTGCGGTCTGGAGTTTACCCGGGACATCGTGTGCTTCCATCGTTCCGAAGACGGCGAATTCCATCTGACCACCAAGCCTCGCGCCAAATGGGTGCGCAAGTTCACCGAGGCCGATCTGCACGACAAGGCCAAGGAAATTATCAGTGAAATGCGCGAAGCCCGTGCAACGGGCAAGAGCGTCATGTTCTACAGTGCGGTCATCGGTTCCATTCCCGGGCAGACCTCGCAGGCCATACGAGTTGTGGATACCTTTGTGCGCCATCTTCGCGAGCGGCTTGAAAACACCTTCATCATCAATCCTGCCGAGCATTTTGAAGAAGGTATGGACGGTGACGATCTCATGTTCATGTGGGAAAGGGTGCAGAGAAGCGGTCTGCTTGACGTCTGGCGTTTTCAGACGGTTGAGGATATAGAAACGAGCTTCGCGCTTATGGGACGCAAGGTGCCTTCAGCATGGTCGGGCAAGGATTCGACCTATTCCACCGGATGCACAAAGGAAATGCGCATAGCGCTGGATATGCAGAAGTTGCACTCCGAAATGCAGATTATCGGCCCCAGCGCCGACAAGTTCTTCCGCAGGGCGGAGTACGGCGTAGGCAAATATTACGACGCGGGTATCAAGCAGCCCTAGGCTTGTGCGCGCATAACTGAATCAGGAACAGGCTTACCGTATCATGATCGGTTTTGAAGATATTTCGAAAGAATTGGAACGTTGTTTTGCGGCGCAGGTGCAGAGCACCGCTGACTGGCACGCGACGGAACCGGAAGATGCAACCGGCGCGGAAGAAGGCGCGGAACTGAAGAACCTGAAGGGGCTGGTTCTGGCACAGCACCTCATGAACTTCAAGCTCTGGCACGTGGAAGACATAGCCCGCCGCAAGGACGTGGGCCCCGAAGTCATTGCGGACTGCAAGTACCGCATTGACGGGCTCAACCAGCGCCGAAACGACTTTATGGAAAAGGTGGATGCCTGCATCGTGGGCATGATCGCTCCTATGCTGCCGCCGGTTGCCGATGGCGCAATGCTGCGCCACAATACGGAATCGCTGGGCATGTCGGTGGACAGGCTTTCCATTCTCAGCCTGAAGATTTTCCACATGCGCGAGCAGACCGAGCGTACCGACGTGGACGAGGCACACCGTGCCTCCTGTCGCGCAAAGCTGGCCGTGCTGCAGGAGCAGCGTGCCGACCTTGCCCGTGCCGTGCTCGAACTGCTGGACGACTACCGTACAGGCGTGAAGCGGCCCAAGGTGTATTTCCAGTTCAAGATGTATAACGATCCCTCGCTCAACCCCCAGCTCTACAAGGGCGCGTAGGCAGAGAAGGGAAGGGCGGTCCCGACCGCCGCAGGCGGACCACTGCCGGGTTCCGCAAGATATGGATTTCAAGGAGATTGTCATGGCGAAGTATGAAGTTGTCATCGGGTTGGAAGTGCATGCCCAGTTGAAGACCGACTCCAAGCTGTTCTGTTCCTGCTCCACCCGTTTCGGCAACGACCCCAACGAGAACGTGTGCGAGGTGTGCTCCGGCATGCCCGGCGTGCTGCCGGTTCTGAACAAGCGGGCCGTGGAATTTGCCGCCAAAATGGGGCTGGCCATGAACTGCACGGTGCGCAACCGCTCCGTGTTCGAGCGCAAAAACTATTTCTATCCCGATTCCCCGAACGGCTACCAGATTTCCCAGCTGGGCGAGGCGATCTGTCATGGCGGGCATATTGAGCTGAATATGGGTGAGTATGTTCGCAGAGTGGGTATTACCCGCATCCAGCTCGAAAACGATGCCGGCAAATCCATCCATTCCGCAGCGGACAATGCCTCTTTCGTGGACCTGAACCGCACCGGCGTGCCGCTTATCGAGATCGTTTCCGATCCTGATATGCGCAGCGCCGAAGAAGCCGTGGCGTACCTCAAGTCGTTGCGCGCCATTCTGCTCTATCTGGGCATCTGCGACGGGAACATGGAAGAGGGCAGTTTCCGCTGCGACGCCAACGTTTCCCTGCGTCCTGCGGGACAGGAGGAGTTCGGCATCCGTGTGGAGCTGAAGAACATGAACTCTTTCCGCCATGTGCAGAAGGGGATTGAGTACGAAATTGCCCGCCAGCAGGACCTGCTGGACGACGGTGAACCCGTGGTGCAGCAGACCCGTCTGTATAATGCGGAGAAGAACGTCACCGCTGCCATGCGCGGCAAGGAAGAAGCCCACGATTACCGCTACTTTCCCGATCCGGACCTCATCCCCATCATGCTGTCGGATGAGCAGATCGCCGCATGGCGTGAAGAACTTCCGGAACTGCCGGAGCAGCGCAAGGCCCGCTTTGCGGCCGGACTGGGCCTGCCCGAATATGATGCTGAGGTGCTGACGCAGGACAAGGACATGGCCGATTATTTTGAGGCGGCACTTGCAGCATTCAACAACCCCAAGAAGATCAGCAACTTCATGATGGGCCAGTTCCAGCGGGAACTCAATGAGCGCAACCTGACGGCGAAAGAGGCACCCATCCGCCCCGAGATGCTGGCAGAGCTTGTGCGTATTATTGAGGAAGGGCTTATCTCCAACAAGATCGGCAGCGATATCTTCCCCGATCTCTTCACCAGCGGAGCATCTCCCGAGGCATATGTGAAGGAGAAGGGCATGGTGCAGATCTCCGACACATCCGAACTGGAACGGGCTGTCGATGAGGTTATCGCCGAAAACCCCTCCGAGGTGGAGGCATACCGCGGCGGCAAGACCAAGCTGCAGAGCTTCTTTGTCGGTCAGGTCATGCGCAAGACGCGTGGCAAGGCCAATCCGGCCCTGGTGAACGAACTGCTCGCAAAGAAACTGTAGCGTATTGCAGTTTGCATATCGCATAATGTGACACGTCTGAGATTTGACCGTACCCGGCGGATTTGTGACGTGAAACAGGATGCTGCGAACC
NZ_CP087381.1_gap116	3684182	3687976	3794	TGGGCAATGGCGAAATCTCGTTATGAGCAAAACTCCCCCCGTTAAGCCGAAGCTGAGATCCAAAAACAGATTTGCATCGCATATACGAGGTGCAGGAACGTTAGGTTCCTGCCCGTCGGAGACGAAAACAATTCAAACTGGCTTAACCATCATAAAAAAAGGGCGCATTACTGCGCCCTTTTGTTGTTTCTTGTCAGTGCTGATCAGCAGTTCTGCCAGCAGGCTTCCACATGCTCGTCGGCAAGGCTGGTGGAGAAGGCGCTTACGCCCCATGCCAGCAGGAAGGAGAGGGGCAGGGCCACCACGTTGGGGTCCACCCACTGCAGCAGGAAGATCCAGCTGCCCTTGGCGGCGTCTGCGACCAGCGTGGTCTTGCCGAACAGAAGCTGGCACAGCCCGATGGATGCGGCTTCCTTTTCATGGATGAAAAGCAGCCAGAGCATGGAGGCGATGAACCCGCCGATGATGGAGAACTTGGCACCGGCCTTGGTCATTCCCTTCCAGTACAGGCCAAGCAGGTAGGCAGGCAGGAAGGCGGCACCGCACAGTCCGAAGAAGAAGGCGGTGGCGCGGGCAATGACGGATTCCGGCAGCACCCATGCCCATACGAGGGAGGCGAGAATGGTGATGACCACGCCCATCTGGTTCACGGCCATGGAGTTGCCTGCAGCGCGAACGCGGGTGCGCATGGCGCGGGCGTATATGTCGTGCCCGAGCGAGGTGCCGCCCACATGGAACTGGCTGGAAAGGGTGGACATGGCCGCCGCAAACATGGCCAGCAGGAAGATGGCGGAGAACCACGGGGGCATCATGGTTTCAATGAAGGTGGGGATGATCTTGTCTATGTTGCCACCGGCCATGGCTATGCTGATCTTGCCGAATTCCTTGAAGAACACGGCGTTGGAGAGTGCACCCACGATGAAGGCCACGCCGGTCATGAGCAGGATGAATATGCCACCGTAGAGCACTGCGCGGTTGAGTTCGCGGTCACCGGGCACGGTCATGTAGCGCACGGCAAGCTGGGGCTGGGCAAGCACGCCGATACCCACGCCGTATACGATGGTGGTGTAGATGGTCAGCCACAGCGGTGAGAAGGCGACAGATCCTTGCGTCCAGCCGAGCATGCCGCCTTTCTGCAACTTTTCCGGCATGAGCTGGGCCATGTCGGTCAGGGCCTGATGCGCCTCGGTCACGCCGCCGAGCATGGAATAGGTGTAGCAGATCAGAATGAGCATCATGATGGCCATGATGCTGCCCTGAAAGGCATCCGTATACATGACGGCCTTCATGCCGCCGGTGATGACGTACAGGGCGATGATGGCTGTCACGCCCAGCAGCACCCATGTGTAGGGCAGACCGAGCGACACTTCCACCATGCGGCATATGCCGATGAGCACGGCTGCCGCGTAAACGGGGATGAACATGAAGATCACGCCGCCGGAAAAGCCCTGAATGAATCTGGACTGGTAGCGCTTGCCCAGCAGTTCGGGAAATGTGTGGCAGTTCAGGGCAAGACCCATGCGGCGGGTGCGTTTGCCGAAAAAGACCATGGCAATGAAGATGCCGAATGAAAGGTTGAATACCGTGAGCCACAGCAGCGGAAAGCCGAACAGCCCAGCCGCACCGCCAAAGCCGATGATGGCCGAGGTGGAAATGAAGGTGGCCCCGTAGGACATGGCCATGACGAAGGGATTGACCCTGCGCCCGGCCAGCATGTAGTCGCTGGCGCCCTTGGTTTCCTTCCAGCCCTTGTACCCGAGGTAGAACACTATGGCGAAGTATGCCAGCGTGATGAGCAGTTTTATGGTCATGTGTTCTCCCTACCTTTTGCCGCAGTCGCCGCTGTAGTCGTCCCCGCAATCGTCTGACACGGAGTCAGGCAGCAGGTCGTCTATGGAAACGGTGTCCGGAGTGCCGTTGTTGTTCCAGTTGATGTAGCCGTAGGCCACGCATCCTATTGCCGAAAGAATGCACAGCCAGAAGGCCAGTGCCGCTTCCCAACTGCCGAGTCCGAGCATGTTTCCTCCTCATGTTGCAGGCCCGAAAAAACAAGAAGGGCCGCAGGTTTTGCCTGCGGCCCTTCTGGGTGTTCGTGTAGCTAGTTTTTAGCAGCGCCGTTTGGCGCACACCCGGGTACCGCAGGCCAGCGTGCTGCTAAAAAAGTAAAAGCCAAAAAAGAATAGCGCGAAAGCGCGTGCGGTATAGGTGTTCATGGGGTGCGTATATCCTGTGTTTTTCATATTTGTCAAGTTCGACATGGAAGAAAGAAGCGCAGTGTTTGAAATTATAATGGTGCAGCTCTTTCAAACGGGTGCTGTGCTGATGTCGGAGACAGAAAAAGGAAAAGGCCGGAGTATTCCGGCCTTCCGTTTCGGATGTCCTTCCCGCGAGCAGGTGTCGCCCCCCTGAGTGCGGCACTGTCGCGTGTGGGAAAGTGCGATCAGGCGCTTCGGGATCACCCTTAACTATCGTAGGGGCCAACCATGCGCCGGTGCGTGAGGCAGGTTTGCCGCCTTTCTGCGCATGGTCTCGCCGCCCTTCAGGTCACTTCAAGTCACTTCTGACGACCAGTGCCGACGGCCACTTCAGATGATCCTTCAGCCAGCCGGTTCAGGCCTCAGCCCGCGTTCAGGCTGGTTCCGTCTGAAGGGGGTGCGTTATTCGAACAGCTTCTTGGCCTGTTCCTTGGCGCTGTCCACCGCCTCATCTATCTTCTTGCCTGCCTTTTCGGCGGGGCCTTCTTCCTTGCAGCCCGCGAGGGGCAGAGCAAAGGAGAGCAACAGCATGGATACGAGCAGAATTCTGGCAAAACTCATTCGTCTTCTCCGTCAATTCACAGTATATCCGGCCGTTTTATCCGTTGCCGGATAAAGAACGCCGGAGGTTGATAACAGGAGCCGGCCTGATTGCAGGATGCTCCTTGCCAATACCATATACGTTCCCGTGGCTGCACAGGTCACACGGATTCGCAAAAAAAGTGAAATAGGGCGTGCTGGTCCCCTATGCGGGGCCGCCGGTCACAGGGCTGTGTCGTCAACAACATGACCGTCGGCAAACTCGATGCGCCTTGCTGCTCTTGCTGCGGTTTGCGGATCGTGGGTGACAATCACCACCGTCTTGCCTGCCGCATTGATAGAGGCAAACAGGTCCAGAATATCCTTGCCGGTTGTGGTGTCCAGCTGACCGGTGGGTTCGTCTGCCAGAAGCAGCGGCGGGTCGTTGAGCAGAGCCCGTGCAAGGGCAACGCGCTGTTGCTGGCCGCCGGAAAGGCTGGATGGCTTGAAGTGCATGCGGTCAGAGAGTCCCACCCGCTCCAGCAGAGATTCAGCCCGTTCGCGCAGCGCCTTGCTCCCCGTGTCACCATAGAGCCCGGGCAGCATTACGTTATCCAGCGCAGTGGCATAGGGGATGAGGTAGAAACTTTGGAACACCATGCCCACAAGGGTGTTGCGGGCGGCGCTGCGGGTGTCGTCGTCCATGCCTGCCGTATCCGTGCCGTCAAGATAGTAATGGCCGGCGCTCGGCGAATCAAGCAGTGCCAGAAGGTGCAGCAGCGTGGATTTGCCGGAACCGGAAGCGCCCTGAATGGCCACCATCTCACCATGCCCGATGCGCATATCAAGCGGTTTCACGGCCTCCACAATCAGGTCTCCCTGACGAAAGGTGCGGGTCAGCGCTTCGGTCCGCACCACATATGGCGATTCGGTTCCCATTACGGCTTCTTCTTTTTGGCGGCTGCGGTGGGCAGTATGATTTTTACGGCCACTTCATCCCCCTGCGAAAGGCCCTCAAGC
NZ_CP087381.1_gap117	3751713	3755636	3923	CCTTGTCAACCGCAAGGTCGCCAAAAAGCGAGGGTGAAGCTCTTTTCAGATGAAGCGCGTTCCCCTGCCGGGTGCGGCAGTGCCGGAGGGGTATATGGGGGGGCGCAGAGCCTTTGTCGAAACCGGATTACCGCGTGGTTCGGGGGTCCGTGGCGGTCATGGCCTTGTGCATGCGGTATATGTCCGTCAGCGCACGGTTGTTGCGCTGGGCCATGTTCTCAAGCTCGGGCAGCAGGTTCAGGATGGCGTCCAGATCATCAGCCTGAGCTGCCCGTTCAACGCAGCGGGCCATGCGTTCAAGCACCCGCAGGCCGAAACTTGATGCGGTGCCGGCCAGACGGCCTGCGGCTTCCTGCACGCCGAGCGGGCTGCCCTTGCGCACGCTTCTGTGGGCATCGGCAAGGGCCTCGTCTATGTTCTCCAGCAGGCCGGGAACAAGCGGCAGAAGGCTGGCGTCAAGCGTGGGCATGTCTGAATCGGCTGACGGCGCTGTGTGAACCAGGGGTTTTGCCTGCTCCTTTGCCTGAACCTGTTCAGGCATCCGCTCTTGCGATTGAGTTCCGGAGGGAGATTGCGTGCTTGCAGGCTGCCCGCTGATGTCATGGTCTGCGGCCTGTTGCCGCACGGGGGCTGCCTGCACTGCACCTGTCGTAGCCGTCAGCCTTGCAGCTTGTGCTGCAGCGGGGGTGTCCGGCGTACTCGGCTGGTTCTGCGTCTGTTTATCTGTGCGTTCCTTCCAGTGTTCGGGAACGGTAAGGTCGTCTGCATTCTGTCCGGTCAGGTCTGGCGCGGTTGATCCTTCAGCTGCAGAGCCGGATTTTCTGATTGCGGCTTCAACTGCGGTTTCAACGGTGCTTTTGCCTGCGGGACTGACTGCGGGTTTGGCCGCGGGTCTGTCAGCGGGCTGGGCCGCGGGCTGCGCTGTGAAAGACTGTTGCTGAGCGGGCTTCTCAAAGGCGAAGTCTTCGTCCGCCCCTTCCTGCGCTGGAGCCAGGCGGGTTACCACTTCAAGCAGGCGCATGCGCGAGAGCGGCTTGAGCAGGGTTGCCGTGGAGCCTGCTTCCAGCATGCGGGCGCTTTCTTCGGGCCGCGAGGCAAGTGCCAGAATGGGGGCGGCGCTCAGTCCCAGTTCGGTTTCAAGCGCACGGATGGCCTTCACTGCCTGCGATCCGCCAAGGCCGGGCATATCCGCATCGATAAGCACCATGCCGAAGGGCTGCTGTTTGTAGCGTGCCAGCGCCTCTTCTCCGGTTCTGGCTTCCTCCAGCTGGTAGGGTAGCCCCTCAAGGAAGAAACGCACCAGCTGCCGGTTGCTCGCCACATCGTCTGCCACGAGTATACGATTTGCCTGCGGTTTCGGCGGCTTGCTGAAAGGAGAATAGGAGCTGAAGTCGTCATCGCGTGCGGTGGGTGAGGTTATCTGCACGTCTCCGGGCAGAGGATGCAGGCGTACGGAAAAGCTCACTTCCGTTCCGTTGTTGGGGCTGGACTGCAGGCAGATGACGCCTCCCATAAGGGATATCAGGTCACGCGCAATGGTCAGCCCGAGGCCTGAACCGCCGTATCGGCCTGTTCCGGACTCGGGACTCAGACAAAATTCTTCGAACACGTCATACTGGTTTTGCAGGGGAATGCTTATGCCGTTGTCCTTGATGGTAAAAAGCAGGTGCCCTGCATTGGTGCTTTCTGCAATGCGGTGCACCTTGAAGCTGACAGTGCCTCTGTCGGTGAAACGTACGGCGTTGCCCAGCAGGTTCAGCAGCACCTGCAGCAGGCGGTCTGCATCTCCGCTGTATTTCACATGCAGGTGCGGCTCCATGTACCAGGAAAGATTCAGACCCTTCTGCTCGGCCATGGGCTGGATGATGTCGTGTGCTTCCACAAGAATATGCTGCAGGTCAAAAGGCTTCTGCTTGAGGTGCATGCGTCCCTTGCTGATGCGGCTGGCATCAAGCAGGTCGCTGACAAGTGTGGAAAGATTGCCTGCGGCTGCCTGCACCGTGCGCACCTTCTTCAGAGCATCGGCATCAAGAGGGGCAAGCGTCAGCGATTCTGCCGCATTGCATATGGCGTGCAACGGCGTGCGCAGATCATGACTGACTCTGGCAATCAGCTGCTGGGCCGGTTTGGTCTCGGCCGGTGTGCTTGAGTCGTCCGCGGAGAGACAAAGAGATTCAGAAGGTCGGGTCAGAGGCAGCGCGACAAGCGGGGTAAGCACGAGCAGGCCGACCGTTGCCCCGGCAAATGGGATGACAGCGGCAATGCGTGCCATTTCGGGTGACATGAGAGGAATGTAGACGGCAAGAACTCCGGCTGCGGTAAGGAGGCAGGCCAGCAGATACCGCTTTGCACCGGGCAGCTTTGCGCGGCTGCATTGCAGCGCAGGAATGGCCGTTAACAATGCCAGTGCGGGCCATAGGGGGAGTATGCGGACAAGCCCGCTGCAGCCGGGGACGAGCGGCGCCACGGCGAGAGCTGCCCCGAATACGGAGAGGCCTTTCAGGGATGCATCAATGGCGGGTACTTTGTCCCATGTATTGAGCACATGCCTGCCCACATGGGGCAGAAGCACGAGTGCAAGGCCGGGAGTGAGAATGGCCCATGCCGCAGAGAAGGGCAGGCCGCCGGCAGGAGCCGGAGGCGGTCCGCTGAGGTTGTGCAGCAATATGAGCGCACCGTAGAGCCCGAGCCAGAAGCGGCTTTCGCCCCTGCCCATGGCGAACATCAGAAAATTGAGCAGCACAAGCCCCGCGGCCAGTCCTGCGATGGCGATTCCATATGAAGGAGTGCCGGTGATGGGCGTGTTGGCCTTGCGCAGTTCCAGCGAGGGATAAAACCACAGCCCGGTCGGCCCTGCTATGCGTACGTAGCAGGTAACTGTGCCTTCCGGAGGAACGGGAAGGGGAAAGCGTGCCGTTCCGGTTGCTTCCAGCGCTTCCCAGCCAGTCGGCCACGGCGATTTGTCGTCGTCATACTGGGGAACAAAAAGCTGCACACCACCGGGTTGGGCAGAACCAAGATCAAGCACGGGATAGAGCAGCTCTTCGTGCAGTCTGCCGGTTTTATCAGCCTCCAGCGTCAGGCGAAGCCAGCAGGCAGCAACGCCGCCCGATACCGATCGGAAGGCAAGGGGCGTGAATTTCTGTATATATGATGCGGAGGCAACCTGATCGATGGTCAGCTTGCCGTACGGATCTTCAAGGGCATCCATGTGCGGCTTGAGGGGCAGCGAGCTCATGACCACGGTCAAGGGCACGGCCGGAGAACTGGCGGCAAAAGCCGGACAGCACAGGGCCATGCTGAACAGGATGGTGATGACAATACGGGAGAGCTGGCGGGCCGCTACTGATGCAATCATGAATTCCTCAATACAGGTCACGCGGAGATTTCTTCGGTTTTATGGGGAACTGGAGGTTTTGTCCATCCGCAGGAGCGGAACAGGCGGAAATTGCGGGGAAATGCCGCCCCGCATGATGTTTCACTACTGCGGGGCGGCAGGGAGTATCATCTAATTGGAGTGCTGCCTGATCAGTTCGGTAATGGACATGCCATTGGGGGCCTTGGCATTGGGGTTGATGGACAGCAGTTCCTTCCATGCGGCAAGGGCGGCTTCCTTCTGATTAAGGTCGTGCATGAGCACTATGCCCTTGTTGAAGCGCGACTGTTCGTGCTTGGGGTTCAGGCCGCGGGCAATGTCAAACTGCTCCAGCGCTTTCCGGGGTTCTCCTGCACGGCGATACATGACGCCAAGGTCGGTATGCACATCCGCATTGCCGGGGGCGAGTTCAAGCGCCCTGGTGTAGGCGGTGATGGCGGCCTTGGGCTTGTCGCTGTCAAAATAGGCGTGGCCAAGGTGTATCCATGCGTCCGCATTGGCAGGATCATCGCGGGTGATCTTCTCGTACTTGAGTATCTGCGCGGCA
NZ_CP087381.1_gap118	3760003	3760818	815	ACGAGAGAACTCTGGTTAAGGAACTCGGCAAAATGACCCCGTAACTTCGGGATAAGGGGTGCTCTTTGGTGTGTATGTTTTACACGTAAAGCACCGAAGAGCCGCAGAGAAATGGCGGTGGCGACTGTTTACTAAAAACATAGGTCTCTGCTAAGTCGTAAGACGATGTATAGGGACTGACACCTGCCCGGTGCCGGAAGGTTAAGAGGAGAGGTCAGCGCAAGCGAAGCTTTGAATCGAAGCCCCGGTAAACGGCGGCCGTAACTATAACGGTCCTAAGGTAGCGAAATTCCTTGTCGGGTAAGTTCCGACCTGCACGAATGGTGTAACGATCTCCGCACTGTCTCAACCAGAGACTCGGTGAAATTGAAGTCGCGGTGAAAATGCCGTGTACCCGCAGCAAGACGGAAAGACCCTGTGCACCTTTACTATAGCTTGACATTGGGTTTTGGATTGGCATGTGTAGGATAGGTGGGAGGCTTTGAAGCGTGCACGCCAGTGTGTGTGGAGCCAACCTTGAAATACCACCCTTGCCAATCTAAGGCTCTAATCCGACGCCGTTATCCGGCTCGGAGACAGTGTCTGGTGGGTAGTTTGACTGGGGCGGTCGCCTCCTAAAGAGTAACGGAGGCATGCAAAGGTTCCCTCAGGCTGATTGGAAACCAGCCGTTGAGTGCAAACGCATAAGGGAGCTTGACTGTAAGACAGACATGTCGAGCAGGGACGAAAGTCGGTGTTAGTGATCCGGTGGTTCCGAGTGGAAGGGCCATCGCTCATTGGATAAAAGGTACGCCGGGGATAACAGGCTGATCGCG
NZ_CP087381.1_gap119	3765303	3766564	1261	GGGAGCGGGAGAGCCAGCTTGTTCCATGAGAGCATGGAAACTCTGGGAACAAAATGGTCACCCCGGGCATGGTATCCGAGGGCCTTTGCCATGGCATCGGCAAGATGGATAATGTGATGGTCGTCAATGCCTTGTTCTGGTGCCTCTTCCGGAGAGTGATGGAAGCGTACAGCTGCTGTTGTCGCAGGGCTCAGATTCCATTTGGCGAGAATGCTGGCGCCAACGTCCACGTGGCTGAAGCCGAACACCGTAGTTTCGGCTGCGTGCATGGAAATTCCCTTGCCTATGGCAAAATTCTGAACAGATTCGGATTCATCCGGAAAAGCGCCCAGAATGAACAGCCGTCCTATGTCATGCAGAAGGCCGTCCACGAAATAGCGCTCGGGCTCGGCCCGACCTGTCTGCTCTGCCAGCCGTTTGGCGATAGAGGCGCAGGCGATGCTGTGCAACCAGAACTCTTCAAGCGCGAGGCCCTGCAACTGCTTGTTTAAACCGCTGATGAGCGTTGCTCCCATGGCGAGGCTTGCAAGCGGCCTGAGGCCGATAAGCGCCACCGCCCGGGAAACGGTTTCGATCTTGGTGACAAGACCGTAGAGCGGACTGTTGACCAGACGTAAAAGCGAGGCTGTGAGTTTTACGTCGTTGCTGATGATTTTGGCGATATCACTGGCGGAAGCCTTGGGTGAATGCATGGCTTCCTGCAACTGCACCACAAGCTGCGGCAGGGATACCAGATTGATCCGCTGGGTCAGAAGGGTGTCCATGGAGCACCCTTTGCCGATGCTGGGGGCTCCCAGTGTCTCCGACGGTATAGGCTGTTCGGCGGAATGCCCCGTGTCTATGCCCTGGGCAATGCGTTCGAGTAATTCGGTGTAGGCAAAGCGCACCAGTTGTGCCACGAACGGATGATCGTGGTTGGTATACCTGAAGCGCATTTTGAGAAAGGCTTTGGCCTTATCCCTGGCCTCCGGAGAAATGGATTCCAGAACTTCTTTCGTGATCATGATATTACCAAGTGCGGCAGAAAAGCCGCACTTTGCTTATTGTGCTTCGCTCATCCAGCTGATGGTTCGATCCAGTCCTTCCGCAAAGGGTACGGCGGCCTGAAAGCCTGTGCAGCTGTTGAAGCGGGATACATCGGCACGCGAATGATAAATGTCGCCAGCTCTCGGCGTGGCAAACAGAACATTGCTGCCCTTGCCGGTGTTTGCCACCACCTGATCCGCAAGTTCCCGCACGCTGATGGAATTGCCGGTACCCA
NZ_CP087381.1_gap120	3789671	3793127	3456	CCACGACGGAGGCAAGGGAGGCTGCGCCTGTGCAGAGGCTGCCGGTACGGAAAGCACTGCCTGCCTGTGTGCGGAGAATCCATCTGCCGCTGTTTCCGGTTGCGGCTGTTCATCGTCGGATGCTTCCCATGGTGGATCAGCCGGTGTGCAGTTGAAGGCCTATGATCCCTTTGCCGCACAGGGTGTCGCGCCGTTTTCCGGTAAAGAGGCGTCTGCGCCCAAGCCACTTGGCACTACGCTGAAAATGGCGCCTGAAAAATTTGCTCAAGAAAACTCCGCTCCAATAACGTCCGCTCCGGAAAAGTCTGTTTCGGCTAAGTCCACTTCTGGCGAACCCGCCTGCTGCTGCACCCCGACGCAGAAGCCGGAACTGCGGCCTCTGGAACTTGCCGTACCCGCCGCCTCCAAAGGCGGTTCCTGCTGCAGCGAGCAGCCTGCGGCATCCGCGTGCTGTTCCAGCCCCGATCCGTTCATGGCACAATTTTCGCGCGACACCGCGTCTCCCGACGCGGAACCGTGCTGAGGCCCTCCCCCGCGACCTGAGGCCAGGTCGTATGAGCGCGCGGGCTATGCCGTTTATCCCTGTGTGACGCATTTTGTGGACACTCCCGCAGGTGACGTGCCGAGTATCACGCATGCGTGGGGGCTGCAGGACTGGCTGGGAACTGCGTTTGCGCGTTTGGGCGTGACCCGCAACAACTACGCCGTTTCTCCCGGCCTGTATGCCATGGGTAATCCGGATGCGAACTCTCCGGTCATTGTCACCGCAAACTACAAACTCACCTTCGACGCCGTGCGTAGCGACCTTGCCGGACAGAATCTCTGGATGGTCGTGCTGGATACGCGCGGCATCAACGTGTGGTGTGCGGCAGGCAAGAATCTTTTTTCCACCGCCGAGGTCATCAAGCGACTGCAGCGGGTACGGCTTGACCGCGTGGTGAAGCACCGCCGCATCATTCTGCCCCAACTGGGCGCACCCGGTGTTTCCGCCAAGGAAGTGCGCCGCGCCACCGGTTTCAGCGTGGTATATGGCCCCGTGCTTTCAGCGGATCTTCCGGCATTTCTGGAATCCGGCATGCAGGCCACGACAGAAATGCGTACTGTCCGTTTTCCGCTCAAGGAACGTGCGGTGCTCATTCCTGTGGAAATCATGCTGCTCTGGAAGACGTTGCTGCTTGCCTTTGCCGTCATGTTTGTCCTTTCGGGCATAGGGCCGGACATCTTCTCCTTCTCCGCTGCGGTGGGCAGGCTTGCGCCGTTTGCGTGGGCAACGCTCTTCGGTGTGCTGGCAGGGCAGGTTGCCGTGCCGGTTCTGCTGCCGGTGCTGCCTTTCAGGGCCTTTGCCGCCAACGGTGCCTTGACCGGCGGGGTGGCGGTGCTGCCCATGCTGGCTTGCGCATGGCCGCTGGCAACATGGCTTGAGCTTGTGGTGCTCGCCGCATGGACGCCCTGTCTCGGATCGTTTCTGGCAATGAACTTCAGCGGGTCCACCCCCTATACCTCGCCCACGGGCGTGGAATGGGAGATGCGCCGCGCTGTTCCCCTGCAGATTCTTACCGTTGCCGTGTGCCTGTGCCTTTGGGTTGCGGCTGCCTTCATCGGATAGGGGGGGCGTATGAAAGATTTTCGCTATATCGATGGTGTGGCCAGCATTGCACTGGAAGCCAAAACCTGTGTGGGCTGCGGTGTGTGCGTGCAGGTATGTCCGCATCAGGTGTTTACCGTACAAAAGGGCAAGGCCGTGTTTGCAGACCGCAATGCCTGCATCGAATGCGGCGCATGCGCCAGGAATTGTCCGGTGGACGCCATACTCGTTACCCCCGGTGTGGGCTGCGCTTCGCTCATGATCAAGCGCTGGCTGCATGAGAAGGGCATTCCCGTCCGTCTTGGCGGCGGCACCGGCTGCTGCTAGGGGAGGCTTATCGGTCTCCGGCTTCAGGTCGGGTTGGCAGGTGATACACCTGCGGCGGGAATCCCCGACCCAATTACGTTAGAATGATTGAAGCGCTGTGCCTGTTCACAGCGCTTCTTCTTTTACATGCCCACCGGATATTTCTTCAAGCCATCAGAACTACCCCTGCTGCATGCGTTTCGTCACGTGGCGGGTGGGCTGTGCCGTGGTCGGGTCTTCGGGCCACGGGTGTCTGGGGTAGCGGCCACGCATTTCCGCCCGCACGGCAGGGTAGCCGTTTTTCCAGAAGGAGACGAGGTCGCGGGTGACCTGCAGCGGTCTTCCGGCTGGTGAGAGCAGGTGTACCAGCAGCGGGAACCGGCCACCTGCGATGGCAGGTGTTTCTTTCGCGCCGAACATTTCCTGCAGTTTGACCGGCAGGGTCGGGCCGCCCTGTTCCGTATAGTCCAGCCGGATGCGGGAACCGGAAGGTACCTCAAGATGGGTGGGGGCATCCCTGTCCAGCCGCTGCAGCATGGGCCAGTCGAGCAGGGCGGTGATGGCGGCGCACAGATCCAGCGATTTGAACTGGCTGCGGCGGGTTATGCCGCTGAGGAAGGGGCCGAGCCACTGCGGGAGCGTGTCGAGCAGGGCGGTATCGGAAAGATCGGGCCAGACGGATTCGGCGCTGGTTGCTTCGCCCCCTGTTGCGCAGGCGGCTATGTCCACGGAGCTGAGAAACTGTATTCTGGCCCGCAGCGCTGTGGCTTCCGCTGTCCACGGGAGGCAGTGCAGCCCGATGGAACGTATCCCTTCCACCACGACTTCGGTCACATCCGCGCTGCCTGCGTCCGCCAGCGGGGCATCCGCTAATATGAGCGCGCCAAGACGCTTCTGCGAACGGGCCGCCACGGCTTCGGTCCTGCTGTCCCACACCACGAACGAGCCTTGCGTTACGCGGTCTGCAAACAATTCTTCCAGCAGGTCGCTGCCAACGGGAGCCGCCCGCCATATGCGCGCCCGTGCGGCGTTGCCATCCAGCTCTCCCACGGCGAGAAAGGATTCACGTGCAAGGGGATCTTCCGGAGGCAGGTAGGCTGTCTTGCCACCGGAAAGGCGGAAGGTGCCGTTGCCGCGCTGCTGGGCGATGCGGTCGGGGTAGGCAAGGGCTAGGCACTCTCCGGCCGCTTCGGGATCGGCCCGTCTGAATGCGGCGTCGGGGATGGCGTGGCGGACTGTGCGCATGATGTGTTGCACCGTGTCGGCCATGCGGTTGCGGCCTCCGCTCATGGCGCGTTCCGGCGTGCCGGATTGCGACTGATCGGACCGCGGCTGCGTTAGGCCAGCGCATTCCGCCACGCGATGACGCATGTCCGCTCCCGTCTGTCTGCTGTCGCGGTCGGAAAGAAGCGCGGCAACAACACAGGCCGTGCCGCCTTCGCCTGAGCGTGCCGCCGTGAGAACCATGTGGCCGAGGCGCGGATGCAGGGGCAGAGAGAGCAGCTCAGAGCCATGGGGTGTTATGTGCAGGGCCTCGTCCAGTGCGCCAAGGTCGCGGAGCAGGG
NZ_CP087381.1_gap121	3799241	3803547	4306	GTGCCTGTGGCCGGTTCCATATCCCTCATGCCGGGAACGGGGTCGAACCCCTCGTTCAGGCGCATAGACGTGGATACGGAAACGGGCCGCGTGGAAGGATTGTTCTAAGAGAACGCCGGGGACAGCAATGTCTCCGGCGTTTCTGCTGTGCAGAGCAGGCCGGTGTGCCTCCTCACCCGCCGGCCTGCCTCATGCATTCTGCCGTACCTTCACAGCCCGTTCACAGACTCTTCTCGGTCCCTTGCGGGTGCGCATCCCTTGCGGATGGTGTACCCTTGTCTCGGGCCGAAAGGGCTGTACCTTGGCTGACCAAATTGCGGGTTGACAGGGTGTCGCGTCTGGGCAATACCGTGCGCGGCACGACATCATACATATTTACGTCACGGGAGCCTGCCATGAGCGCGGAAATTATCAGCGGCACCGACATGCGTACCGCCATTCTGGAAGAGCTTGCCTCTGAAGTTGAGGCAATGAAGGCCAAGCACGGCAAGGTTCCGGGGCTGGTCACCATTCTGGTGGGTGAAAACCCCGCCTCTGTCAGCTACGTCACCCTGAAGGTGAAAACAGCCCTCAAGCTGGGCTTTCACGAAATTCAGGACAGCCAGCCCGAGTCTATTTCGGAAGAGGAGCTTCTCGCCCTCATCGAACGGTACAATCAGGACCCGGATATTCACGGCATTCTGGTGCAGCTGCCCCTGCCCAAGCACATCAACGAAGAAAAGGTCATCTACGCCATCAATCCTGACAAGGACGTGGACGGCTTTCACCCCGTCAACCTCGGCCGCATGGTCATAGGCGGCGACAACGGCGGGTTCCTTCCCTGCACTCCTGCGGGCATTCAGGAAATGATCGTGCGTTCCGGTACCGAGACCAGCGGTGCGGAAGTGGTTGTTGTGGGCCGCTCCAACATCGTGGGCAAGCCCATTTCCGTCATGATGGGCCAGAAGGGCCGTGGCGCGAACAGCACCGTCACCATGGTGCACACCCGCACCTATGACATTGCCGAACACTGCAAGCGTGCCGATATTCTTATCGTTGCCGCCGGTGTTCCCGGTCTGGTGAAGCCCGACTGGATCAAGCCCGGTGCCACTGTTATCGACGTGGGCGTGAACCGCGTGGGTACCAGCACCACGGGCAAGGCCATTCTTTCCGGCGATGTGGATTTTGCCGAGGCCTGCAAGGTTGCCGGCAAGATCACGCCTGTTCCCGGCGGCGTTGGTCCCATGACCATTGCCATGCTGATGAAGAACACCGTAAAGTCGGCCTGGATGCATCTTGAACGCACAATGGCCGACACCCTGCCCAGATAGTATGTTTCAGCGCCGCCCCGCAGACGCGGGGCGGCGTATTCCTTTCTTTACCGGAGAGCCGATGAGCTGTTGCAATCATTCGCATGGCGTTGCTTCGGGCTGCTGCGGAACCGCGGAAAACGATTCCGAAATCACCCCCGAACAGTGGGCAGAGGTGCACGCCATCATCGCCCGTCACAAGGAAACTCCGGGTGCGCTCATCACCGTGCTGCGCGAGGCGCAGGGCGTGGTGGGATACTTCCCGACCGAGCTTCTGGACTGCATTGCCGAGGGCATGAACATTCCTGCCAGCGACGTGTTTGGCGTGGTTTCGTTTTATTCCCTGTTTTCGCTCAACCCCAAGGGCCGTCACACCATCAAGGTGTGCACGGGCACTGCCTGCTACGTGAAGGGCATTCGCGAGGTCATCAACCGCATTGCCTCGGAATACGGCATTCGCGAGGGGGAAACCACCGAGGACCGCCGCTTCGACCTTGAAGGCGTGCGCTGTCTTGGTGCCTGCGGCCTTGCGCCTGTCATGGTTGTCGGGGAAGATACGCACGGAGCCGTATCTGCCGACAGAGTGCTTGAACTGCTCAAGAAGTACACCTAGGGGGCTGCATGACGGTACAACATGATAACGCTTCCTGCTGTACAGCCGCCCGCCGTCTGACGGTGGACGACCTTGCAGTCATGCGCGAAGAGTATGCGGCCCGCCTGCATGCGCCGAACATGCGGCATATCTTTATCTGCGGCGGCACGGGCTGCCATGCCACCGGCAGCATAGCGGTGAAGAACCGCCTTGTGGAAGAAGTGGCCGCGCGCGGCCTGACGGATACCGTGCGTATTGTGGAAACGGGCTGCAACGGCTTTTGCGCGCTCGGCCCGCTGCTGCTGGTGCATCCGGAGAACATCTTCTACCAGAAGCTTGCCGCCGATGACATTCCCGAACTCGTGGAAGAACAGCTTGTGCACGGCAGGCAGGTGGAACGCCTGCTGTATCGTGACCCGCAGACAAAAAAGCCTATTCCGCATTTCGGCGATATTCCTTTTTTCGCCCGTCAGCAGCCGTGGACCCTGCGCAACAAGGGCGTGATCAACCCTGAATCCGTCGAGGACTACATAGGCCGCGACGGGTATCGCGGCACGGCCAGAGCCCTGCTGGAAATGACGCCCGAATCCATTGTGCAGGAAATGCTCACCTCCGGCCTTCGCGGTCGCGGCGGGGCAGGGTTCCCCACGGGGATGAAGTGGCAGTTTGCCCAGCGCAGCGCGGGCGATGTGAAATACGTGCTCTGCAACGCGGATGAGGGCGACCCCGGCGCCTTCATGGACCGCTCGATTCTGGAAGCGGACCCCCATGCCGTGCTGGAAGGCATGATCATCGCGGCCCGCGCCATTAACGCGCATCAGGGCTACATCTACTGCCGTTCCGAATATCCCCTTGCCGTGCGCCGTGTGCAGATAGCCATAGAACAGGCCCGTGCACTTGGCCTGCTCGGTCACAATATTCTCGGTTCCGGCTTTGATTTCGACGTGGAAATCTATCAGGGCGCAGGCGCTTTCGTCTGCGGCGAAGAAACTGCGCTCATGCGCTCCATCGAGGGCAAGCGCGGCATGCCGCGTCCGCGTCCTCCGTTCCCTGCGCACAAGGGATTGTGGGAAAAGCCCACCATCCTCAATAACGTGGAAACGCTGGCCAACGTTGCGCAGATAATGCTCAACGGCGGTGCGTGGTATGCCTCCGTGGGAACGGAGAAGAGCAAGGGCACCAAGGTGTTTGCGCTCTCCGGCGATGTGAACAACATCGGCCTTGTGGAAGTGCCCATGGGTACCCCCCTGCGCAGCATTGTCTATGACATCGGCGGTGGCATTCCCAAAAAGCGCAAGCTCAAGGCCGTGCAGCTCGGCGGCCCTTCCGGCGGGTGCATTCCCGAGGCGTATCTTGATGTCATCATCGACTATGAAGAGATAGCCAAGGTCGGTGCCATCATGGGCTCCGGCGGTGCCATTGTTATGGACGACCGCACCTGCATGGTGGATATGGCCCGCTTCTTCCTCGATTTCATTCAGGACGAAAGCTGCGGCAAGTGTACTCCCTGCCGGGAAGGCACGCGCCGCCAGCTTGAACTGCTGGAAAAGATATGCGCAGGCAAGGGCGAAGATGGCGATATCGAGCTGCTGGAAGAGCTTTCTTCCATGATTACGGAATCGGCTCTGTGCGGGCTGGGGCAGACGGCGTCCAACCCTGTGCTTTCCGCCCTGCGGTATTTCCGCGATGAGTTCGATGCCCACATCAAGGAGAAGAAGTGTCCTGCCAAGCGCTGCGCCGCGCTGCTCGATTTCACGGTCAACGCGGACAAGTGCAAGAAGTGCGGCAAGTGCTTCCAGACCTGCCCTGTGCAGGCCATTGCGTGGCAGAAAAAGGAAGTGGCTGTGATCAATCGCGATATCTGTGTGCGCTGCATGAGCTGCTTCGAGGCATGCCCCTTTGATGCCATAGACTAGCCCGGTAAGGCTGAGGGAGCCCCTGACTTGGTCAGAGTATGTATGGTTCGATCCGGATTTGATCTGGATTAGTTCTGACAAGCCACCGGCTGGACGTACTCAGGCAGAACAGTTTTTGTGTGTAAGCGCCTTTGGCGTTTTGCGAATGCCCCGGCGGGCAGGAAAGAAGCCCTGCACCCCCATAAGCATCGGGCATGTATACAATTAAGCTCTTTGGAATTCCGTATGAGCAATACACTGACATTGAACGGCATTACCTGTGAGTTCACGCCCGGAGAAACCATTCTGGACGTGGCGCGGCGTAATCATGTGGATATTCCCACGCTTTGCCACCTGAAAGGCACAACGCCCACGGGCGCATGCCGTATCTGCGTGGTGGAAGTGAAGGGCGCGCGCAGCCTTGTGGCTTCCTGTGCTGCACCGGCCGGTGCGGGAATGGAAATTCAGACCGAATCGCCAAGCGTGGTGCGGTCACGCAGAATGAACCTTGAGCTGCTGCTTTCTTCCGG
NZ_CP087381.1_gap122	3866168	3869229	3061	GCGGGCAGCATGGCGAAGAGGCCCAGTATGCTGGCCCATTTGTAGTGCTCGTAAATGATCAGCGCAATGTCCGTGACGGCCATGATGGCGTAGAAGAAGTTCTGTCCCTTGGACTCCGTGTCGCAGTCGGGAAACAGGGCGGCCAGCGTGGCGATGGTGACCAGAATGGCGGTGGACATGGGGTCGGTGCTGATCCACCCCATGTAGGTGGCTCCGCCTATGATGCCGCCGGCCATACCGGCCCCGGCGATCATGTGTGCTTGGTATCCGGGCATCGGAATATCCTTTGAGAGATGTAGTGTGGCGGGAGAATAGGCAAAAGGTCATGCAAGGTAAAGCTGCAAGTGGCCGTAGCGGGTACGGTCCGCCTTTCTCCTCAGGAGCCTTGCGGGTGAGCGTAATATGCCGGATTGGACGCCGGAATTGTGCGCTGTCCTGATTGACAGGAACAGGACCTGAGCGTAGCCCCATGGCATATCCGTTCCGGCAGGAACGGAATGCCCGCGCATCGTGCCGCAGTCTTCTTACCGCCCGGAAGGTTTTCATGAAATCCCGTTCGCATACCCAGACAGAGGCTCCTACTTCTTCATCTGAACTCTCCACGGCAGAGAATGAACTGCTTGCGGCGGAAGCGTCTTCTACTGCTACCGGTGACGAGGCTGAGAATGGCACTGAGAACACCGCGAAGGACGAGACTGCGGGCGACCTGAAACGCAACGCCATTGCCGGAGTGCTCTTCGCCCTCTGCGCCACCATCATATGGTCCGGCAACTTTATCGTGGCACGCGGTCTGAGTGATGTGGTTCCTCCGGCTACTCTTGCCTTTCTGCGCTGGGTTACGGCCTTTACCGTGCTTCTGCCATTGGGCTGGAAGTCTCTTCTGCGTGAGCGGGCCGTGGTAAAACGGCACTGGAAGCACCTTGCCTTTACCGCTCTTCTGGGCATCACCATATTCAATACGCTTATCTACGCAGCCGGACGCAGCACCACTGCGTTGAACATGTCGCTCATAGCCATTACCTCGCCCCTGTTCATCATGCTGCTTGCGCGCATATTCCTCGGCGAAAAGGTTTCCAGAAGCCGCGCCGTGGGCGTTTCCGTGGTGGTGTGCGGCGTGGTGATGCTGGTGACACGGGGAGACTTCGCCCGCCTTGCAGGGCTGGAATTTTCCATAGGCGATGTCTGGATGCTCTGCGCGGCCATGCTGTTCGGGGCGTATACCATTCTTGTGCGGCGCATGCCCGAGCGCATTGAGCAGGCCGCCTTTCTGCTTTTCACCTTCGGCGTGGGCGCGCTCATGCTCGTACCCGGTGTGGCGTGGGAGTGGGCGCAGGGACTGCGCTTCGAGTTCACGCCATCCCTTTTCGGCGTCATGCTTTATGTCGGGGTGGGGGCTTCGCTCATTTCCTTCTGGTGCTGGAACAAGGCTGTCGGCCTTATCGGTCCTTCGCAGGCGGGCATAGTCTATTACAGCCTGCCCCTGTTCAGCGGTGCCGAGGCGGTTATCCTGCTCGGCGAGCCGGTAAGCTGGGTACATTTTGTCAGCGGCATACTCATTCTCGGCGGCATACGCATGGCCACCCGCGGCTAGCTCCGCTGTGCCGGAGCCTTTTCGGTATGTGAGGATGCTGCATACGGCAGAGCGTGGTCTGATTACATGGGTGCCTGCGCCCTTGGCGCGCGTGTCATGTCTGGTCGTCTGCTTGGCCTGCGTACCGGATACCCTGTTTGGTCAGCTTGCGCAGCCTGCGCAGTATGTAAATCAGGCCTTAGTAAAGTCGGGTTGCGTGTAAAGTCGGGCAGCTTGACCGTGGCTGCCTGATAATTGTCTGATAACTGTCCCCTCCATGCCTTCCTTTCTTTGACAACCCCTCGCCTTCTTTGTATATCCTATCAGGAATCATTTTTATCTGAGAGGACATGCATGAACGCATCAGAATTGTTCGTCCGGTGCCTTGAGGCAGAGGGCGTTACCCATATTTTCGGTATTCCCGGCGAAGAGAATCTTGCCTTTCTTGAGGCGCTCCGCACGTCATCCATAAAACTGGTGCTGACCCGCCACGAGCAGGCTGCCGGATTCATGGCGGCCACCTTTGGCAGGCTCACGGGCAAGCCGGGCGTGTGTCTTTCCACTCTGGGACCGGGGGCCACCAACTTTGTCACGGCTGCCTCGTATGCGCTTCTGGGCGGCATGCCCATGGTGCTCATCACGGGGCAGAAGCCCATAAAGAAAAGCAAGCAGGGCCGTTTTCAGATTCTGGACGTGGTGGGCGTGATGGAGCCTGTGACCAAGCTCGCACGGCAGGTGGTGAGCAGCAATGCCATTCCCGCACTGGTGCGCGACGCTTTTCGTGTGGCGCAGGAAGAAAAACCCGGGCCTGTGCATCTGGAACTGCCTGAGGACATAGCCGAAGAGGTTGTCTCCCTATCTCCCCTCACGGTTGCCGGACCGTATATTCCACAGGCGGACAGGGCCGCGGTGGTAAAGGCTGTTGAACTTATCCGCAAGGCCGAGCGCCCCCTGCTCACCATAGCGGCGGGGGCCAACCGGCACAGCGTGTGCGAGGCCGTGGAAGGCTTTGTGGATGTGACCGGCATCTATTTCTTCTCCACCCAGATGGGCAAGGGCGTGGTTGACCAGCGGCACCCGCAGTCGCTCGGGTCCGCCGCGCTTTCCGATCATGACTATCTGCACTGCGCCATAGCCCGCGCCGACCTCATCATCAACGTGGGCCATGATGTGGTGGAAAAGCCTCCCTTCTTCATGGAGCCGGACAACGGCAAAACCGTTATCCACATCAACTATTCTGCCGCGCAGGTGGATCAGGTCTATTTTCCGCAGCACGAGGTGGTGGGCGACATTGCCGAGAGCCTGTATTCGCTCACCGAGGCGCTGGGCGACTGCCGCAGGCCCAGCTATGAGTATTTCACCCGCATCAAGCAGGAAGTGGAGCGTAACGTATACGGCAACGGACAGGCTGCCGATACCTTTCCTCCCACACCGCAGCGCATAGTGCTGGACATGCGCGAGGCCATGCCCGACGATGGCGTGCTATCGCTG
NZ_CP087381.1_gap123	3906652	3911261	4609	TGCGCATGTTCGCATAGAACATGGTGCCGCCCTTGTCGGGCATTTCCATATCCAGGAGCACAAGGTCAGGCTTTTCCTGACGAGCTTTTTCAAGACCTTCCGCACAGCTGTGAGCGGCGCAGGTAGAGTAGTCGTGATCGCGCAGCAGGTCTTCGAGGAATGCAACAATGGTCGGGTCATCATCAACGATGAGGATCTTCTTGGCCATACGGGCCTCCCTGTTCAGTTTTCCGGACAGTTCGTTCGGGTATCTCCCATCGTCCCGTGCTGCTCCTTGACGGATTGCCTGCGCGCAGCGTGCGCGGCAGGGGCGGCACGGGACCATGAGGGGATATCTTGGTTAGGCCTTGTTCTTTCCGAGGGCGGAAAGCAGTTCGACCATTATCCCGAGAGCCTGTTTGGATTCCTTGCTGTGCAGCTGACCGACCATGCCGAGGGGGCTTACGCTCCTGGCATTTTCGATGTCCGCATCGGCAAGGCGCTCAAGCAGACCGGCCATGTTCACAAGGGCGCTGCCCATGCGGCCGAACTCTTCGGGGGTGTACTTCTGGGTAATGTCACCCATGGATTCGCCCAGTGCGCCAAGCGCTCTGAACACGCCCTTCTGGTCCAGTTCATCGAACTTCTGGATGGAAGCGATGAAGGTGGGCTTGATCATGGGTTCGCAGGTGCGCCACAGCTCGATGATGTTCTCAAGAGATTCCAGCATCCAGGTGAGGTCGCGAACGCTCATCATGAAGCGCTTGGACAGTGCGCCAAGGTCTTCAAGGGTGCAGCGTTCCTGCACGTCGCTGAAGCTTTTCAGCATCACGTTATTCATCACGTCCCGTACTATGGGAGTGACGGTCTCCTGAAGATCCTGCATGGTTTCTGCACGGCTGTGCATCATGCTGATCTTCTCCTCGAGAGACTCGAGGCGTTCGAGAATGCGTTCTTCGTTGGTCATTGCACCGCCCCTAGTCTTTCTTGGCTTTGCGGACGTCGAGCTTGCCGGCCATGTACATGTCAGGTTCGAACGGCAGTTCGTGGCCCTTCATCATCAGGTTGAAGTAAATCCAGCGGAACATCAGCTTGCCGTAGTAGTTCATGCGGCTTTCGCCGAGCAGGTCGAAGGGACCGACGCCGGGCAGGGGGAACTTACCGGGCAGGGGTTCCACAGTGTAGTTGAAGTCGATGAGGGAAGCCTTGTCGAAACCGGTTACGATGAAGCAGTTGGAGTGCCCGTCGAAGTGGTGGTGAGGCTCGTGGCCTTCGATTTCGGCAAACAGGTTGGCGCACACGATGTCGCACTCGAAGTGAGCCACGGAACCGGCCTTGGAAGTGGGCACGTTGGTGGTGTCACCAAGCACGTACACGTTTTCCATCTGCTCGGCCTTCAGGGTGGCGTTGTCGGTGGGGATGTACATCATGGCATCGCCCAGACCGGAATCTTCGATGACCTGCTGACCGAAGTTCGGGGGAATGGAAACGAGCATGTCGTAATCAAGTTCGTTGCCCATGACGTCGGAGATGACCTTGTTTTCGGCATCAACGCTGTCGAGAACGAAGTTGGGAACAACCTTGATGTTCTTTTCGTCGCACAGCTTGCCGAGCACTTCGGCGGCAACGGCCTTGGTGAAGGCGCCGGTGAGGGGGGTCACCAGTTCGATTTCGATGTCCTTGCGAACACCCATCTTGGTGAAGAACCAGTCAGCCATGTATACGAATTCGAGAGGAGCAACCGGGCACTTGATGGGCATTTCGGCGATGTTGAACACCATGCGGCCCTTCTTGAAGTTGTGCATCTGGGGGCACAGGGCCTGAGCGCCGTCAGGGGTGTAGAAGTCGAAGATGTTCTTGCGCCAGCCGTCAGACATGCCTTCGATTTCGTCGGGCATGATGCGACAGCCGGTGGAGATCACCATGTAGTCGTATTCATACTTGCCCTGCTTGGTGGTGACCACCTTGGCGGCGGGGTCGATGTTCACGATGGTATCGAGAACAAAGTTCACGCCCTTGGGTATGAAGTCGGACTTGGGCTTGACGCAATCCTTCATGGTGTAGATGCCGAAAGGCACGAACAGCCAGCCGGGCTGATAGTGGTGGATGGGATCGCGGTCAATGATGGTGATGTCCCATTCGGACTCCGCCAGCAGTTTGCGCATCTTTGCTGCAACCATGGTACCGCCGGAACCGGAACCGAGAATGAGCAGTTTTTTCATGCCAGGTCTCCTTTATCGAATGCTATGTTCTAAGTGCGTTATTGTTTTCCCCCGCCGCGGCGGAAGATGTATTCGTTGTGTGTCCGGCTCTGTGACCGGCCTGCCCCTTACGGGAAAGGGGTATGCGTATGTGCTTGGGAGCACCGCCCCCCTCTTGCGGGGCACAAGAAATCCTGTTCCTGCCCGGGGCAGGGCACAAAGTTGCTTATCTGCTCCTGATTCCGATTGCGTTTGCGAAGGTGAGCCTGGCCTGCGTAAAACAGTGGCAGGCATATCTGCCCGCAACGTGCTTGCTACTGGCAGGTATAGGAGTTGATGTTTTCCTTCATCAGATCCGCAAGGGTGATGGATTCGAGAGTCTGTTCCAGCGCTCTGGTCACGCTGTTCCACGCGGTGCGTGCTGCGCAGTCGTGCTCGCCGCACTGGTCGTCGGGGCAGCACTGGGGAGGCTGTACGCCGCCTTCCATGACGCGGAGCACCTGACCGAGAGTCACATCTTCCGGACGGATGCAGAGCATGTGGCCGCCGGAAGCCCCGCGGACGCTGCGGACAAAGCCGGCAGTCTTGAGGGGCCGGATGATCTTTTCGATGAACTTAACGGAGATTCCCGTGCTGCCGGACAGCGCTGCAGCCGGAACGGGCTTGTCGGCATCATGCATGGCAAGCTGGGCCAGAAGGCGGGAAGCGTAATGCGCGGTGGTGGAAATTCTCATGGGCTTCTCCAGGAAGAGGTTCATTGTGGGCTTGCGGACCTTGCCGTGGGTGGAAGGTTCGTGCTGCCCTTGTTAATCCCGATCACTCAGTTCTGTATTAATCTAATCTGGGAATGATTTAATTCCGATTAAAATGATCTGGATTGTTGAAGTCAGGATTAATGCAAAGTGAAATATGTGTCAAGCGGGTCCCTCTGGAAAAAAGACACGCTATTTCGGATAATTGTGAGTTGTGTATAAATAATGAGCTATGATTGATCGCTCAAACCGTGGCGGCGACAAGAGTGCACACGCAGAGATTCGGCACAGCGGCTGGGCCGGACTGTGACGATGGGAAGGGGGGACAAAGGCTGCCCCTTGGGGAAAGGCGGATTATTCGGAGAGGGTGACGACGCCGTCTATGAGATCCTTGAGGGAAATGGAATCCAGTTCCTTCTCAAGGGCGCGCGAGGCGCGGAGCCAGACAACCCGGGTAAGGCAGCGTTCCGTACGCGGGCATTCCTTGGCTATGTCGTCCTGACAGCAGTGGGTGAGTTCCACCCCGCCTTCCATGATGCGGATGACGTCGCCTATGCTTATTTCTTCCGGACTACGGGTAAGCATGTGGCCGCCTGTTGCACCACGGACGCTGGAAACGAGACCGGCCTTTTTTAAAGGCTTCAGGATCTGTTCAATGAATTGCACCGATATGCCGGATACTTCGGAAAGAGTCGTGGTAGTGACTGGGTTCTCACTATTGCCGTGCTGGGCAAGGTCCAGGAGAAGTCGGGCGGCGTATCGTGTGCGTGCGGATAATTTCATGTATGCGTGTTTGCGGTGAGACGTTGACGTGCCATAGGCGGCACAGAATTCACACGTATGACGCTATCCCTACATGACGGCCAGCGAAGCGTCAAGGAACGAACCCCTTGCATGCCCCGTAAGGGTACTTTGAGCCTGGTGCGTCTCTGCGGGAGCTGAACCGGGCCGATGAAACGGGATGCCCTTGTGAAGGAAGATATGCATCCCGTTTCACCCGCTCGATACAATCTGAAAAGATCCTCTGCCTTGCTTGCCGTGCCTTCATGCCATGGCACAGCGGGAGAAGGTAGATACGTTCAAATGCGTGGTTGTTGCAGCGGCGTGCCAGCGCCAGCTGCGTGTCCGGCCAAAGAGGTCCGCACGCTTGCCAGATTCGTCGCGCGACCGGCGCAGGGTCGGGAACCGTCGTGCCACGCGCCGTGGTGCGGAATCAGAGCCGGACGAAATACATCAATGCTTCTTGCGGAAGGGCTTCCACATGTCCCAATCCATGGGACGGTTGCTTTCTTCCTGTGCTTCGGACTCTGCGGGCTTGGGTGCTGCCGCGCGTTCCTTGGCGCGCTGTTCCCAGCGCTTCTTGTTGAAACATGTCCACATATCCCAGTTCATAGGCTTGTTGGACTCGTCCTGTGTCTTGTGCCCCAGCGCTGTCATGGCCAGCCTCCTTCACTAAAGGTTTTGAAACCGCTCACTATACATCTCCTACCAAACAGGTAGGAATTAACGGTGCACGTTTCCCCGCTGCACATGCACATCTGCATCGTGTCATACTTCTACCCCGTAGGGGTTTTCAGCAATAGACGCAGCACATTGTTTTGCGGGCAGAGAAGCGGCGGTTTCCGGAAGGCCTTTATGTGTACCCGTCTTGCACAGAGTATAAGACAGATTCGCAAG
NZ_CP087381.1_gap124	3919744	3922720	2976	TGCAGATGTATTTTCAGGCACAGGAGCTGTCACCCGATGACGAGAACCTGTGCTTCAATATTGCCAAGGCCTACATGTACCTTGAGGATTTTGAAAGCTCCTGCCGCTATCTCAAGGAATCGCTGAAGATTAATCCGGAATTCGAGCAGGCAGGCTCGCTGCTGACAAAGTTGCAGCGCAAAAAGGGTTGATTCCCGTCTGTTCCCGTTGACCGTGAACAACGCTCATTTGGTCTGCCGGTAGCACCTGGCCGGCTTGCCCCAGTTATTCCTGGTACCCTGTCAGCCAGTTGAGCCTGTTCCATCTGTTCAGGCTCTTCATCTGCTTAGCCAGCCTTGGCAAGAGCGGGTATCTTACCTGTCAGAACCGCAGGGTGGCCCGCAGCCTGTCTGTTTTCAGCAGAAGATCCAAACCGTCGCGGATATCCTTCACAACAATCAGTGCCGCACCCAGCGCTGCTGTGGAAAGGCCCTCGTCACCGAGCACAGCCACAGAGAGCGCAGCCTTGCCCAGCATGAGGTTGTCATTCCTGCCGTTGCCGAAGGCAGCGCATGTATCGCACCCTTGGCCTGTCAGCACACGCAGCTTGGCCTCATCCTCGCCTTCCTTCACGGTGTTTTCATCGGAATCTGCGGATGACGTGCGTGCGCCGATAACCACCACCTCAACGGGCAGTCCCTGCATATTGCGAGCAACGGTGCCGTGGGTATCTGCCGTGAGCACGATGATGTGCAGCAATGACCCCAGTGCCTGCAGGCGTTGGGCAACGCCTTCCAGCAGTGCGCCGTCTTTTGCCAGCGTGCCGTTGTAGTCCAGTATGAGGGTGGAGAGGGTGAGCGGGCCTCTTCCCGGAATATCTATTCGCAGCATGCGGTTTCCTCCAGCATGAGTTCCAGTGTTTCCATGTCGGGCAGTCCGTTCTGTCTGTCCCAGCAGCGGAGAATGCGGCCGCTCCCCATAAGGACAAGCCTGTCCGCAAGACGCAGTGCCTGTCCGAGGCTGTGGGAAACCATGATGACGGGGTATCTGTCTTTCAGTTGCCCCAGCAGTGCTTCGATGGTTCTGGACGAGACGTTGTCCAGCGATGCCGTGGGCTCGTCGAGCAGCAGCATGGCGGGGCGCATGGCCAGGGACCGTGCAAGGCAGAGCCGCTGCTGCTGGCCGCCGGAAAGCGTTTCCGCCGGTGCATCCAGCCTGTCGCACACTTCGTCCCACAGGCCCGCATCACGCAGCGCCCGTTCCACGCGCACGGCAACGACAGGCGGCGTGAGGCCAAGAGCATGCTGCAGGGGCAGGGTCATGTTGCGGCGGATGGAAACGGGCAGTACGTCCGGCGTCTGGAATACCATGCCCACACGGGTGCGCAGTGTGGCAGGTTCGGGGAAGCTGGTATGGATGTCGGTAAGCGTACCTTCAAGCAGTACCTGTGCATGTCCGGATGTTCTGCATCCTGCAAAGCATTCGTTCAGCCGGTTGAAGGTGCGCAGCAGGGTGGATTTGCCTGACCCCGAGCGGCCTATGAGCACGGTCACGGCATGGTTGTGCGCTTCAAAAGAGATGCCGTTCAGCACCTGCCGTTTGCCGAAAAATACGTTCAGGTCGCAGAGGCGGGCGGCCACGGACTGCGGCAGCGCGCTGTCACCGGAAAGAGAGCCGCACTCTGCGCTGCATGCGGTGCCTGATGTCATATCGGGTGAGGCCGTTGCCACGCTGTCGTGTTCTGTGTGCATTGTATCAGTCATCATCACGGATTCCCTGCCAGCGTTGTTCCAGAGTCCGCTGCAGCTTTGAGGCTCCCGCAAGCAGGGAAAGCGAGAGTACGAGCAGTACCAGCGTGGTGGCGAAGCCCTGTTCAAGCTCCAGCGCATCACGGTACTGCGAGGAGCGGTAGAAGATGGTGAAGGGCAGTGCCTCGAACCGCGAGAAAATGCCTGCGGGCAGGCCTGCGTTTGCCACCGCACCGGTCAGCATGATGACGGCGGTGTCCTCTGCGGCGCGGCCTGCGGCGAGCAATATGCCGCCGAGTATGCCCCGTGCAGAGGATGGGAGCAAGATATGTCGCAGGGTCTGCCATTTGCCGAGTCCCATGGCTGCGCCGGTGAGGTGAAGCTGGCGGGGCAGTGATTCCAGCGCCGCCCGGGTGGTGGAAACGAGAACAGGCAGCACCAGCAGGGCAAGACAGCAGGCGGCCAGCAGCAGTGATGCCCCCGCGTTCGGGGCTATGGTGCGGCGCAGCATGAGCAGCATGGTAAAGCCGAAAAGTCCCATGACGATGGAAGGAATACCGGCCAGAAGGTCCACGGCGAATCCCAGCACGGCTTTGGTGCGCGATGCGGTGCTGGTGGCAAGGTAGATACCGCAGCCGATGCCCGGCCCCAGCGCAAGCAGCATGGTGAGGCCGAGAAGCGACAGGGTTCCGGCGCATGCGGGCCATATGCCGTCCCATACCGGAATGCGGCCGGTCATGGCCTGCAGGGCAGGAACGCCGCCGAAGAAAAGATTTGCATCAAGTGCTCCGGCACCACGGGTGACCAGCACGCCGGTCAGCGCGGCCAGAGCAAGGGGGACTATGAGTGCGGCTCCCCATACTGCCGTGCGTACGAAATATGTTGCAGGTCTGCTCATGCCGTTTCTCCGGTACGCAGAAGGGAACGCAGGCACAGTTGTACGGTCACGTTGACGAGCAGGAGCAGGCAGCCTGCCACGAATACCGAACCGTATGCCGCGCTGTTGCTGTCCGTGGCGAGCACGAGGCCGATGTGGGCCGTAAGGGTGCGGATGCTGTCCCATGCGGCGGAAGGCCACTGGGGGGCGTTGCCCGCAAGCATAAGCGGGATGAGCGTGTCGCCGATGGCCCGACCGAATCCCAGTGCCGCAGCGGCAAGCAGGTTCTTGCGGCAGGCGGGCAGCACGAGATGCGTCAGCGTCTGCTCGCGGGTAAAGCCGAGGGCTGCTCCGGTCAGCCGCAGGCGGCGC
NZ_CP087381.1_gap125	3926733	3927658	925	CAGTGCGGGCGGATTGTTGCGAAAGAACGCGTGGCCCGCCGCATCGGTGGTGCGCAGCAGGTTCAGGTCGTGCAGCAGCACGGGAATGCCGTCCTTGGTGAGCACAACATCCAGCTCCCAGCCGTCTGCGCCCTTGGCATGTGCTGTTTCAAGCGAAACAATGGTGTTTTCGGGAGCCAGCGAGCGGCAGCCGCGGTGTCCCCAAATCAACGGTTTTTCGGAATCCAGAGAAAGACGCACGGTTCATGCTCCGTCAGGGACTGCCGTAGCGGCGGCCCCGGTCTGATATATGTTGCACGCCGGTGACTGTGTCAGCCGGTCGAAGACTGGTTGCTACACAGGCCGCCGGTATTAATGATTCAGAATCTGGTCGAGGAACATACGGCAGCGTTCTTCCCTCGGAGCGGTGAAGAATTCTTCTGCCGTGGCGTATTCCACGATCTGTCCCTTATCCATGAAGACCATGGTATCCGCCACTTCACGGGCAAAGCCCATTTCGTGGGTGACGCAGATCATGGTCATGCCCTGATCGGCAAGTTCGCGCATGACATCCAGCACTTCCTTGATCATTTCAGGGTCAAGGGCCGAGGTGGGCTCGTCAAAGAGCATTACCTTGGGCTGCATGGCCAGTGCGCGGGCAATGGCCACGCGCTGTTGCTGCCCGCCGGAAAGCTGGCCCGGAAATTTGCGTGCCTGCTCGCCTATGCCCACGCGTTCAAGATAGGTGTAGGCAATGGCCTCTGCCTCTTTTCGCGGCATCTTGCGGACATGGATGGGGCCTGCGGTCACGTTTTCCAGAATGGTCAGGTGCGGGAACAGATTGAACTGCTGGAACACCATGCCCACTTCGCGGCGGATGCGCTCTATGTGGCGCACGTCGTTGGTGAGCGGGGTGCCTTCAACGGTGATCACGCCTTCCTGATGT
NZ_CP087381.1_gap126	3931511	3933936	2425	GAAGACCTGCGCGGCGCAATCGCGGGAGATTCGATTCCTGCACGGATGCAGGTTTGCGCCGGTTCTAACAGCATGGGCCGCATCTTACGATACCCGCCCGCAGGTCGCATCCGGCAACTGGTCCGGCCCGCAGGCGTGGTTTCTTCGTGAATACACTGATGGCACATGTTGCGCAACTGGATTAACCCAGATGAAAGAGTGTTTGTCAATTTGTATGAAGGTGCGTACATAAACCCCTTCGGGCCCGCGCAGGAGCAGGCTCGTTTTTCTGCCTGCAATATATCAACGTTCGGACGGGCTCATGGCGGTATTCCGGTATTATCAGATAGTCAGGGAACACGTGTTGCAACTCATCCAGTCCGGTGCGCTGGCTCCGGGCAGCCAGCTGCCTTCGGAGCGTACCCTGTGCAATGAGCTGGACCTCAACCGCAATACCGTGCGCCATGCCCTGCAGCTGCTCCAGCGGGAAGGCCGGATTTTCAGGCTCGAACGCAGGGGGTGGTATGTGAGCACCAGAAGGCTGGTGTACAACCCCGCGCGGCACGTGAACTTTGCCCGGCTGGCAGCGACACAGGGATTTGAGGCCCGCTGGACCACAACGGACAACGGAGTGGTCGAAATCACGCCCGACATGCCGGAAGACGGCGGCTTTGTGCAGGGAACCATGGTCTATGAGATGGAAAACGAGTTCTATCTCGACAACCAGAAGGTAGCCTATGTTGTCTCCCACCTGCATGCGGGACGACTGAAGGACATTGTTCCCAAGACCGTTTCGCGCGCACTCACGCAGGTGGTGCAGGAAGAATACGGCATTTCCCTTCTGCAGCGCCGCCTGCTCATCCGTCCCGTGCTGCTGCACAAGCAGGTGACGGACATGCTCGGCCTTTCCCACGGCACGCCCGGGTTGTATGTGCGCCGTGTGAAGACGGATGAGGATGGAGCCGTGCTGTCGTTAGAGCAGGAATACTGGCGTTACGACGCCATTGAGCTGCGCGTGGATGCGGAATAGCGGGCTCGTTTGTGCCAGATGCACTCACGCCTCGGGCGTGCGCCCATTTTCTTTCTGTTTCTGTCGGGTGAAGGGCAGGTTTGTTCCGCAAAGGGATTGAACGGCAATATATTTGCATGTATTATTCCGAAGTGTTGCCTGTCCCGGCGGGAAGAGTTCGTTCCGGCCCGGTAGTATCTTTCTGAAATGAAACATGGCGGCGACTGCTGTGTCTGCTGCCGTAGCCGTTTCGGCACCGTCCGGTACATGGGTGGGGGTGTCGATGACCAAGGAGACGTTTCGTGCTGATCCCCGTAATCCTGTCCGGAGGTTCCGGTACCAGACTGTGGCCGCTTTCCCGCAAGCTGTTCCCCAAGCAGCTTATGCCCATGCTGGGCGGAAAGACATCTCTGCTGCAGGCCACTGCGCTGCGCACGGCAAAGCAGGCGGACATTTCCGCACCCATTCTGGTGGTCAACGAGGAGCACCGTTTCATGGTCGCAGCCCAGATGCAGGAAGTGGACATCACTCCTGCGGGCATCATCCTTGAACCGGCAGCCCGCAATACGGCTCCCGCCGTTGCCGTTGCCGCACTGACGGCCATGCTGCAGGGCGAAGACCCTGTGCTGCTTGTGCTGCCCGCCGACCATTTCATCAAGGATACCGACGCATTTCTCGCCGCTGTTGCCGTGGGTGTTTCCAGCGCCGAGCAGGGCAATCTGGTGACCTTCGGCATTGTGCCGGACAAGCCGGAAACGGGCTATGGCTACATCAAGCGGCCTGCCGGAGCTGCCGGTGCCGTCCCTGTTGAGTGCTTTGTAGAAAAGCCCGACCGCCCGACTGCGGAAGAGTATCTCGCTTCCGGCGAATATCTGTGGAACAGCGGCATGTTCATGTTCAAGGCATCGGTTTTTCTCAGCGAGCTGGAGCGTTTTAACCAGCCCATGCTGGCGGCGTGTCAGGCTGCTAGTGCCGGTTCCCGTCATGACCTTGATTTCATCAGGCTGGATAAGTCTGCTTTTTCCGGATGCCCGTCCGATTCCATTGACTATGCCGTTCTGGAAAAAACGGACAAGGCAGTGGTCATTCCTCTTTCCTGCGGCTGGAGCGATGTGGGATCGTGGTCCGCGTTGCAGGAAGTGCGCGACAAGGACGAAAACAACAACGTGTGCATCGGCGACGTGGTCGCAGAAGATACCAAGGGCTGTTATCTCCATTCCACCAACCGGCTCATCGCCACGTTGGGACTTGAAAATGTGGCCCTTGTGGAAACCAAGGACGCCGTGCTCGCCGCCCCGCTGGATAGGGTGCAGGATGTGAAGAACATTGTGGCCACCCTGAGCCGCGACAACAGGGAAGAGGTTATCAGCCACTGCCGCGTGTTCCGCCCGTGGGGCAACTACGAGGGCATTGACCTTGGCGAACGGTATCAGGTGA
NZ_CP087381.1_gap127	3956842	3959778	2936	CGGGAATGACCCCGCGCACCCCGCCACGGGGATTCTCGCAGTCGCCCTTGCGCCTCGGTATCAGGTGGATATGGCAGTGGAATACGGTCTGTCCGGCGTCATACCCGTTGTTTATGCCGATATTGAAACCGGTGACGGAAGGGTCCTTCTGCAGGATGTCATCTTTGAGACGATGCAGCAGGGCATCTGCATCCTTCTTCTCTTCAGCCGTGAGGGAAAAGTAATCCGGCGCATGCCGTTTGGGAATGATGAGCAGATGGCCTTCCGTTACCGGATACTTGTCAGGAAAGGCGATGCAGGTTCCCTGTTCGGCAACAGGGATTACGGTGGTGGCACGTTCGCAGAAAAGGCAGCAGGATGGTTCCGATGAGTGGTTGGTCAAAGCTGTCCCCTTGGATAGGATATGGACTTTGTTGTATCTGTCACCTGCTGATTAGTCCATTGTGTTGATCGTTACGGAAAACGAAACAGGCTGCCGTGCTTTGGAAGCGGGCAGCCCGTTTGTGTGTTGGGGAATGCGTTTCTGTACGACTCTATGCGCCAATGATCAGCGTATGAAGCTGGAATAGTCCCTGCGGAAGGTGCCGTAGCGGATTGAGGGGCCGAATCCGAGACGGAACAGCATGACAGGTGCACGTGAGGCCGTTGCCGGAAACAGGCCGGAAAGCGTTTCAGAGGCTTTTGCAAGCAGGTCCCGATGCTTCGGTGTGAACTGCTCCATTTCGTTGAACATGGCACGCAGCTGGAACAGCGTTATTGCCGTCATGGGCTGGAAGCGCATGTTCAGGTGCGTTGCGGCAAGCCATATCCTTTCGAGCGCCATGCCGCCCCTGAAGAAGTCCGCGAGCTCAACGGTAGGCACGCTAAGCACTCCCACTCCGCCTGATTGCCGGATGCCGAGCGATGAAACGAGCGGAACGATACGGCCTATGCCCAGCATGTTAGCGATATTGGCGGCCTTCCAAGTCTTGGTGGCCTTAAGGAAAAGGTTGCCCGGAAGTCCTGCCTCCAGATTGAGCAGGGGAAGTCCGTCCCGTGTGGCGAGGATTTCTTCATTTGAGAAACGCACCATCTTCATGAAGTGTTCATGCAGGTCCCGCCGTTCCGTACGGATTCGGTCTGCCTGATAAATGGCGGAAGACAGACGCGAAAGGTCGTGCGGAGTGTTTATCCACTCCAGATGCACGTCTCCGAGCTGCTCTGCGGTATCTTCCAGGTAGTGCCAGATGCCTGCAGGCACACGTTTGGAAGAGAATGGCTTGCGGTTGGTGTGTCTTCGCCAGAGCGAATCGGCGAGTACGTTTTCATGCGCGTCCGGCGCGGGGGAGAAGGAGAGTGTGGCCATATGCCCGGTGGATGCTTCCGGCGCGATACGGACATCGCAATGCATGCCGCATGCGTTGGCAGCAATGCGGATGTTCTCGGCTGCGGCTCCCGTGGATATTACTGTGGCGAGCTGGTGGGTGTTGAAGAATGAGGTGTCGGCCTGAAAATCCGAGGCCAGACGTATTTCGTCTCCCTGCACGGCAAAGCGCCATGGCTGCACGTTGTCGCCGGAAGGAGCCTGAATGCCTGCGCTCAGCAGATACTGAATGCGGGAGACATCATGGTCCAGCGGGCTGATGAAGTCGGCGGAAGGAGCGGAAAGAGGCTCGCATCCGGTTCTGACCGATTTGGCGAGTATGAACTTTTCAAAAGCCCATGCCTTGAGCCGCTGGACAGGAGAGCGGTTACCCCTGCGCAGTTTTCCCTTCTTGATGCGTTTGAGGTAGGGGTCCATCTGCAGGTAGTAGGGGGCGGCGCGTAGTCCCTTCCTGTTCAGAATAAGGCGTGCGGCTTCCGTCGCCGCAAGCGCGGCGCTCATCTGGCAGCCCACGATGAGCGACGGGCCTTTTCGCATCTGGAAGTCGACAGCCGTACCGTCCATGTAGCCTGCATGCAGGGCTGCCGGCGCAAGCCCCAGAGCGAAGTGGAGAAACTTTTTCTCCATGGGCTGCTCGTCGTGCACATCAAAATATTCGTCAAAACTCATACCTTTTGACGTGAACACAAGCAGGGCGGAGCTGAACCCCAGCGGACCCGCTGTGATGACGGGAATGTTGAGCTCTCTTGCCCTGTTGAACAGCTTGCGGCGCATATCGAAGACAAAGAAATCAAGCCCGTCTATGACTACGTCCACGCCTTGCAGAAACGCATCGAGATTGCTCGTAGTCAGTCCTTTGGGGAACAATTCCAGTTCCACAAAAGGATTGATGGCGGTCACATCCTGCGCCACGGTGTCCAGCTTGCTGCACCCCCACGTGTTAACGCGGGCCCCGTGCTGCCTGTTCATGTTCACGGGGTTGTATACATCCATGTCCGCAAGGTGGAAGGCACCAATACCGAGGCGGGCCAACGTGGCCACATGGGCACTGCCCACTCCGCCAAGCCCCGGCACGGCAACGCGTGCGCGGCTCAGTCTTTCAAGGTCGGCAGCATCAATAAAGCCTATGCTGCGGGAGAAGGCTTCCACAGCATAGGCGAACCGGTTGTTGAATCCGTATCCGGATGCAATGTCCTTGTATGAGTCGTTATTCATTGCTTCTCCAGTCGGGATGAGGTGGCTGAGTAACCGCAGGTCTCCCGTATGACAGTGATTCTAGCGCGTGATACTATGGTGAAGCAGAGCTTGCCTATTCAGAAGAAGTTCAGTGAGAATAACAGATTGCCTCTCCGTAATAATGTTTCAAATAAGCAATCTGTGCAGGGTTCAAGGATTGTATCATTTCCGGTCGGTTCATGAAGAAGTAATTCGCTGCTTCATCGGAGATGGGGATATTGCGCTCAAGGTTGAACCGCATGCTCGCATCAATGCCCGTGTTATGTATCTTGCTGAAGAACGTATACAGGTCCGTCTCAAATTCATGATCTCTGAACGTATATTCAAGGCGTTCCCA
NZ_CP087381.1_gap128	4075912	4076412	500	CTTCCTCAGGCAGCTGAATCCAAGATTGTGTTCACCATGAACTGCCGCAGCCTGATCAACTTTTTCGAGCACCGCTGCTGCACGCGGGCGCAATGGGAAATCCGGGGCATGGCAAATCAGATGCTGGACATCTGCCGCGAAGTGCTTCCGGTTGTTTTCAAAACCGCCGGTGCACGTTGTGAGCGTCTGAGCTACTGCCCTGAAGGTGAGAAGTTTACTTGTGGCAGGTACCCCTTGCCTTGAGGGTGGTCACACTCGCCATTTCAGGTACAATCCTGATTGAAACAGTAGGAAAATCTATCATTAAGCCTGATTGCGTTTGTAAAATTCCGTTGATTTCTTGCTAATTCGGAGTAAAACGAGATTGTGGCTGTGGAAAACTTTTTCTTCATGCTGTGGATTTTCTGTGGATAACATGGGGAAATGCTGATTTCCGTAGGGTTCTGACCGATGCTTATAAATAGCAGGTTCTGATAAAATCCTATTTATCCCAATTGGTT
