gap_id	start	end	length	sequence
NZ_CP098753.1_gap1	180637	182300	1663	ACGGAGATGGTGTTTTATATTATGCTAATGATACTGAGACTACTGAGCTTTTAGAGAGTTTAGGTGCTGAAAATTAATTTTTATAAATAGGAGGGTTTTTATTATGGCTGTATTAGTTTGCGGAGGAGCTGGTTATATTGGTTCGCATGTGGTGCGTGAACTTTTAAAACAGAATATAGAAACTGTTGTAATAGATTCACTTGAGTATGGACATAAAGAGGCTATTAAAGATTGTAAGAACTTTTATCAGGGAAACATTGGAGATAGTGCTTTGCTTGATGAAATATTTACTAAACATAATATCGATTCTGTTATGCATTTATGTGCTTATATAGAAGTTGGTGAGAGTGTACAAAATCCTGCTAAATATTATCATAACAATGTATCTAACTCTATAAATTTACTTAACGCTATGCTTAGAGCTAAAGTAAAGAACTTTATATTTTCTTCTACTGCTGCTGTTTATGGAGAGCCTGAAGCTATTCCTCTAAAAGAAGATTGCAGAAAAGAGCCTACTAATCCTTATGGAGACAGTAAGCTTGCATTAGAGAAAATACTTGCTTGGTATACAAAAGCTTATGATTTTAATTATGTTGCTTTGAGATATTTTAATGCTTCTGGTGCTCACCCTGACGGAGACATTGGAGAAGACCATAATCCTGAATCGCATTTAATACCTTTGATACTTCAAGTTCCTCTCGGAAAAAGAGAAAATATAAAAATATTCGGTGATGATTATCCTACACCTGACGGTACTTGTTTGAGAGATTATATACATGTATGCGATTTGGCTTTGGCACATATTGCTGCTATGAATTATCTTAAAAATGGCGGTAAGAGTGTTGCTTGTAATTTGGGTAATGGAAACGGATTTAGTGTAAAAGAGGTTATAGAGGTGGCTAGAAAAGTAACAGGTCATGCTATACCTGCAGAAGTTTGTCCGAGAAGGGCAGGGGATTCATCTGAACTTATTGCTAGCAGTGATAGGGCTAAAGAGGTATTGGGTTGGACTCCTACTATAGACTCATTAGAGAAAATAGTTGAAACTGCTTGGAATTGGCATAAAAATCACCCTAATGGTTATAAGAAATAATGTTTATTAGTTCAAAAAATGCTATAGTTGAAGCTCTATCTAAAGACTTGGTTGATGTTATTTATATCAAATTTCCTATATCTAAAAGAGAAAAAGAAATTATTAAGCTTGCCGAGAGAAAAAAAGTTTTAATAAAAAATGTTGATAAAAGAGAGATGGAAAGCATTGTAGGGAAGGTTTATTCTATTGCTGCGAGCGTGAAAGAAAATGCCAAGATAGGTATTGATGTTTTTTTGGATAGGGCTTTGGAAAAAACTAGTACACCGCTCATATTTATACTTGATTCTATAACTGATGTTCATAATTTGGGTGCCATTATAAGAAATGCATATTTTTTTGATTTGGGCGGAATTATTATACCTAAAGACAATGCTGCTCCTATAAATGAAAAGGTTTATGAGATATCGGCTGGTGCTGCTTATCATTTGCCTATATCAATAGAGACTAATCTTAATAGGGTTATTGAGATAATGAAAGACAAAGGTTTTTGGGTATATTATGCGAGTGAGAAGGGTGACACATCATTAGAAAATTTTAAATTTGACACACCTACAGCTATTATACTTGGAA
NZ_CP098753.1_gap2	183456	186099	2643	TTATAATCATCTAAAGCCTTATTAAAATATTCTTCTTCTTTAGTTTCTTTATATTTATTCGAATATAAAGTACCTCTGTTATATAAAGAATTAATATTTTTCTCATCAATACTTAATACTTGATTATAATCTTTTAATGCTTTATTAAAATATTCCTCTTCTTTAGTTTCTTTATATTTATTCGAATATAAAGTACCTCTGTTATATAAAGAATTAATATTTTTCTCATCAATACTTAATACTTGATTATAATCTTTTAATGCTTTATTAAAATATTCCTCCTCTTTACATTCTTGATATTTATCAGAATATAAAATACCTCTATTATATAAAATATTAATATTGTAATTATCAATACTTAAGGCTTTATTATAATCATCTAAAGATTTATTAAAATATTCTTCATCTTTAGTTTCTTTATATTTATCTGAATACAAAAGTCCTCTATTATTTAAAGAATTAATATTTTTCTCATCAATACTTAATACTTGATTATAATCTTTTAATGCTTTATTAAAATATTCTTCATCTTTAGTTTCTTTATATTTATTTGAATATAAAATACCTCTATTATTTAAAAAATTGATATTATAATTATCAGTACTTAAGGCTTTATTATAATCATCTAAAGATTTATTAAAATATTCTTCATCTTTAGTTTCTCTATATTTATTTGAATATAAAATACCTCTATTATTCAAAGAATCTGAATGATTTGTATTATATTTATCTATTATCTCTGTATATAGTTTTATAGCTTCTTCATTATTATTTTTATTGGCTTCTGTCCAAGCTCTATTGAATAAATCATTTATTTTTTGTTGTTTTTCAATTTCAGTTAATATAGTTTGTCCTTCTTGTTTTTGAGCCTCTCTTTCTTCTTTCATTTCTTTTAACAGTTCTTTTGATTCATCTTTTATTTTATATATTTCAGATTTTAAATCTTCAGCTTCTGATTTGTTATTATTTATTTCTTCTTTTATGCTATTTACTTCATTTATTGCATTATCTTTTGCATTTATTACTTCAGTTTTAATAGTATTCATTTCGTTGAGTATATTGATTTTTATTTGTTCTATATCTTTATTAATATCATCTTTTTTTTCATTCAATTTATTTCTAATATTATCAAAATCATTGTTTAGAGTTTTGATATATTTATCATGTTCTTGGATAAATTCGTTTTTTATATTATCTATACTATCTTTTGCTTTTGATTGTAAGTCATTTATAATCAATTCTGATTGCTTTTGGTTGCTCTCCATTATTTTATTGTTGGCGTATATGCCTAATATTGTAAATATTATCATTATTAAAGACAAAAATGCTAGCCAGAAAGTTACTGTATTTATTGAAAAGTCTTTACTGTCTTTTAAGGTTTCTCTAAGTAAATCAATGTTAGGTTTGAATGCTTCTTCGAGTGTGTTTTTTATAAACTCTTTGCTTTCAAAACTTTCATTTGTAACTGTTTCTTTTAGGAATTCATAATAATTGCTTAGTTGCGTTTGCGAGTTTAGTTCAAACTGTTTGATGCTATTTTCTATTAGGGTTTTACTTTCATTTGTGTATTTAGAATATTTGCATATCAAAACTAATAAAAATATTATGCATATTATAGAATATAGCATAAAACTAAAATGTCTTTTAAAAAAATCTATTATTATATTTTTTTTATTAGATTTGTTTTTTTCTTTGATATTGTTGTTATCATTATTTGTATTTTCTGTGTTGGTATTATTATCAGACATATTTTTTACCCTATCATATTTATATACTTCATTATACATTTAAATATAAAAATATAAACAATATTTAGTTCTTAATTTCTAATGCAACAATTATTTATGTATATTTTTCTTTATTATTCAACCGCACGCAGAATGAATTTTACAATATAAACTTGTTTGCTATTATAATTTTATTATATTTGAAATTTGGTTTACCGTGCGTTAATGAGATTTTTGAATATAATTGGGCTTGAGTTTTTTACTTATACCTATATAATGTACAAAATAATATTTTAGCTTTTAAAATATTATTAATTTTATTCGGAGGTTTAATTATAAAATGGCTAATCCAGTTTTATCAGAAAAAGCTTTTGATTATGAATTAAGGAATGCAAATGAAGGCACTATGACTATTAATGGTGCTATAAACAAATCTATTATTTTAACATTGGTTTTAATACTTTCTGCAATGGTTAGTGTATTTTTTGTTTTAGCAAATAACCCAGCAATGCTTTATCCTGTTGCTTTGGGTTCATCTATAGGTGCTTTTGTTTTGGCTTTAATAATGACTTTCAAAAAAGAGCTGGCAAAGGTTTTATCTATACTTTATGCTATACTTGAGGGTGTTGCTGTTGGAGCGGTTTCTTATGTTTTTAATGCTGCTTATGATGGCATAGTTGTTCAGGCTGTATTTTTTACTTTTGCTGATTTATTTATTATGCTTCTTCTTTATAGATTTAGAATTATAAGAGTAACAGAAAAGTTTAGAAGTGTAATAGTGGCTGCAACTTTATGTATAGCTATTGTATATTTAGTTAATTTTGTGATGTCATTTTTTGGTGCTAGGATTCCTTTCTTATATGGTTCAAGTCCTTTAAGTATTGGTATTAGTGTTGTTATAGTTGTAATAGCTTCA
NZ_CP098753.1_gap3	191612	195102	3490	CACGCCGATTAATGCACATGTCCATATCACAGATAATATAAGCATTCCGACATTTTTTGGAAGTGAAAATATGCATAGCGGTGTGTATGTTGCTGCTATAAAAATATATATGCCTATGTGGTCAAATTTGCGAAATAATCTCTTAACTTTACCATCTGGAAAAAAGTGATATAGTGAGCTAAATGTATATAGTAATGTAATACCAACACCATAAACTACTACAGGAAGCACATAGTTTTTATTTACTTTTATAAGCATAAGAACAAATCCAGCTATAGCTAATAAAGCTCCTACACTATGAGAAATAGCTGAATATAATTCTCCTATCTTTTGATTGTTTTTTATAATGCATTTTGAATTAGCGGTCATGATTCCTCCTAATTGTTGTAGCTTAATATTAACTTAATTAGGAGTATCTAACAATAAAATAAAATGACTATTTTCTATAGCATATTATAACTATTTTTCTAATTTTCCTAATAAAAATACATTATCCCAGTCTATATCATCTTCTGTTGGTATGGGATATTCATTCCAGTTGGCACTATTATAGGGTTTCCAATATAAATCTTTGCCATAACCGTTTTTATTTAGCCATTTTTGTAATTTTTCCATATAATATTTATTATAATTGTTTGCTATATATAGGTTGCCGCTTTCTATTACAAATCCTTTAAATCTATATACTGTATTATTTTGAAAATTGCCACTATAATTAAAATCTACAGTTAAATACATTGGATCATATACTTTTTTACTTTCTAATAGATTATATAAATTAAATGCTGGAAGAGAACTTAATATAAAGTTTTGTCTTTTTGTTTTTGTATAATACACAGCTTTGTTGTTTTCTGACATTTTTAAAAGATTATATTTAGTAGGGTTAGAGTAGCCGTATATTATAATATCTATATTAGAGTGTTTATCGAATCTGTATATATTTTGAAAATTATCCATTACTATATTATTTTTTGACTTTTCAATCCAAATTTGAGCTTCTTCATTATTTATATTTTTTTTTGGGAGTGTTGTACATGCGGATATTACAAATAATGTTAATAGTAGTAATGTATATATTTTCATAGTTGTTTATTGCTGATATTATATATATTATATTGGAATTATACAATATTATAATTACAGAATAAATATTAATGTAAAAAATTTATCTTTATGATATAATCAGTATTCAAAAAATTATATGGATTAATTATGACAGATATAAAACTTTTAATATTTGATATGGACGGCACTTTAATTGACAGTGCTTATTTGAATTATTATTCATACAGCAATGCTTTTAGAGAGTTTAATATAGAGCTTGACGAAGAATATTATTATAAAAAATGCTTTGGCTTACATTACAAAACTTTTGTGTCTAATATATTGGATTTAAATAAAATAACAGAAGATAAAGATGCTTTAATTGAGAAGATACATATTAAAAAAGAGGAAATATATTTAAACAATCTCAATCTTTTAGATATTCACCCTTTTATTTACGAAACAATATTATCAAATAGAGGTAAGAAAAAACTAGCACTAGCAACGACAGCCTCACCAAACGGAGTATACGGCATATTAAAAGCGTTTAAATTAGATGAAGTGTTTGACTTAGTTTTAACAGGGGCAGACATAACAAACAAAAAGCCTCACCCAGAGATATTTTTTAAGTGCATGGATTACTTTAATGTATCAAACAAAGAGACAATAATTTTTGAAGACAGCGAAGTTGGATTGGAAGCTGCGTATGGAACTAAAGCGTGGGTGATGAAGGTAGAGAAGTGGGTTAAGTAATTTGTATTATTTTTTTATAAATAAAATATTTATAATATTTAGATATATAAAATTCTATTAATAGATTTTTTTATTATGCAATTATAATTTTTACTTTTTCTTAGGCAAATACTTTATTACTTGGGCTTCTAACTGTATAGATTTTTGTTTGTTGTCGTAGCCCAATACTTTGCCGTAAACTTCTATATAGTTCTTTGGCTCTAGATTTAATGTTACATTATATATTAAGTCAGCAACACCAACTATGTTTTCTGCATTATGGTCATATACTAATATTCTTGCTTTATTCTTTGGCACTCCGTCTATATTAGTTTTTGATATGCTGTTTACATCTGCTTTCCATTTTATATATCCGCCGTTATATAAGTCATAGTTGCCTACTACTGTAATATAATCTGGACTTTCTCTAAATATATTATAATCTGGTGCTATTACAAAATCTTTCAAAACTCTAAATCTTTCTTTTAAATATTCGTTTATGTCGCTTTTTAATGCACCATTTATTATCATAACAGCCTCATTAACTGATGCACTTCTCATATTCTTTTTTGCCTTGTCAAACATCTCTGCTACTTCTTTAGGAGAGTAGGTAGGGCTTTTTGCACTCTCTGGAATCTTTCCATCTTCAAGCCCCTCAAATAAATACACATCTTGTAATTTCTCTCTAAGCTCTTTTTGTTCTTTGTCTAATAATATATATTTTACAGCAGGATATCCTCTGTCTATTGCCAAATATGATAAGAAAGATATAACAAATATTATAGGTATAATGATAAGCAGTTTTAATATTGATATTTCTCTTTTTCCTAAAATATATGCCTTTGGATTAATCTCATTTCCTTTAGCATTATTAGTTAAAAATCTCACTCTTTCAATATTATCTTTAGCTATTTTGTTTTGAGGGTCAAGCTCTAATATTCTAAAATACTCTCTTAAAGCATTTTCTCTGTGCCCATTATGCAAACTAATATATCCCTTTGCAAGCATGGCATTTACACAAAAACTATCCTCTCTAAGTGCCTTTCTAGATACCTCTTCAGCAGCATAAAAATCTTTTAAAAATATATCAGCAAAAGCAAGCATAGCAAGAGCATTAGCATCACGATTTAATGCAGTTCTATTAGATAAAAGAAGTTCCTTAGCTTTTTTATATTTTTTTCTTCTTATGAGGCTGTAAGCACTAGAAGCTATATTGTCTTTCATTGACAGTCCTTGTGTATAGTTTACATAACTTTTCGGAATTATGATAACTTACTTTAAGCATTTTTTGATATATAAATGCTTAAAGTATTATCTAAAAATAATTAAAATTTAGGATAATTAAAAAATGTTATTTCTTGCTTGGGTCAAAAACACTGTCTTCTAGAAGTAAATCTTTATATTCAGTATAGTAGTAAGCAGTAAGTTCATCTAAAGCTTTAGCATATTTGCTTTTTAAATCGCCGTATAATATTCGCTCTATTAGTTTTTGTACAATATCTTGAAGAGCATAAGGTACAGCATAAGTTCCTACATGGCTAAAACCTATATTATGCATATGCTCATGAAACATCAAACCAGAAAAACTAGCATAACCATATAAACTATTTCCAGACCATTGAATCCAATTAGCATTTTCAAATCCAACCCAATCTGCAGTAGGAATTTGGTCTACAGGCTGCCCTCCAACATAATGCACATATCTTGATTGACC
NZ_CP098753.1_gap4	260317	264026	3709	ATTAGAATGGTCTTTAGATGATAATTTTTGGCTTAGAAGAATTGCTATATGTCATCAGCTCCTAAGAAAAAATAATATAAACACTAATTTACTTGAAGAGATAATAATTAATAATCTAAATCAAAATGAGTTTTTTATAAATAAAGCTATAGGCTGGGCACTTAGAGATTACAGCAAAACTAATTCCAAATGGGTTATAGATTTTATTAATAAGCATAAAGATAATATGTCTAATTTGAGTATAAAAGAAGCGAGTAAATATTTATAAAAAAATTGCTCGAGACTGGACTTGAACCAGCACGGTGTTACCCGACAGCACCTCAAGCTGTTGTGTCTACCTATTCCACCACCCGAGCGAATAAAATTAATATCTATTATATAATAACATAACTTTTTGTCAAATTTTATTTTTTATTATAAGTTATTTTTAAATGTTGCTAATAATAAAAAATGTATTAATATAAAATAGAGGATTTATATTATGACTGTGAAAGATAAAATAGATAGTTGGTTTATTCAGGCTAGATTATATTTTGGCTTAACTAAATATGCTTCTGCTCTTAGATTATACGATAAAATTATAGAGTATTTTTATACCTACAGCGAAGATTTGGATAATAATTATAAAGAGATATATTTTGCAAGAGCTTACTACAAAAAAGCATTAACTCTATATTATTTAAATCAATACGAAAAGTCTATAGAGTTTTATGATAAGGCTATAAGTGTAAATCCTTTATATGAAAAGGCTTTTATTAATAAGGGTATAATACTTGCTAAGTTAAATGCTTATGATGATGCTTTGTCTTCTTTTAATATGGCTATAGAAATAAATGATAAATCTGAAATATCTTATTTTAATATAGGTATAATATATTCAAAATTGGAACGTTATCAAGATGCTTTAGATTATTTTAATATAGCAGGTAAGTTAGGGTATGAATACGCTTATTTAAATGTTGCTATTATGTTGGAGAGGCTTGGAGAGATAGATAACGCTCTTAAAATGTATGATAAGGCAATAGAGAGTAATCAATATTTAGAGATAGTTTATTTAAATAAAGGAAATTGTTTAAATAGAATAAATAAATATAAAGAGGCTATAGAATATTTTGATAAGGCTATAGATATTTTAAAATCAAAAGAGATAAAAAACACTAATAAATCAGATATAGATGACAGTGATATGATTGAGTATAATTATATTGATGATAATTCTATTTGTGAGAGAGTTTATTTTTCTAAGGCGAATTCTTTAATATCTTTAAAAGAATATGATAAAGCTTTGGATATTTTAATAAGTGTAGATAAATATAAGTCTGTTAATATTTTTAATATTATATCAAAGTTTATATATTTTATAGATATAGATAAACTAATAAATATTATATTAAGTCAAGAGAGCTTTTGGATAAAGGAAAAAGAAGAATATTTTTATTTTGTTACGAGAGATATTGCTGATAAAAATAAATTAAAGAGATTATGGATACTTCAGTATATACTTTTATATTTAATATCAGTAAAAGATTATGATAATATAGAAGAGATATCTCATTATACTAGTATAGAAGTATTTGATGAGATGGCTTTTGACAAAAGATATGATAAAACTGAAGAGGCTAATTTAAAAAATTATAATAGCTATCTTAAGAAAAATAAATTTAGAATGACAAGTGTAAAAAATGCTAATGACCCTAAAGAGGGTAAAGTTTTAATGCAGCTTCTTAGAGATAATAGCTTAAATGTAAAGCATTCTAAAGTGAGTAATTTTATTGCATTACAAACTTCTTTTAGCAGATGTAAAGATTCTCTCACTATGTATAGATTATATGGTAAAAATGATAATAAAGAAGGAACAGGCTGTTGTTTAGTGTTTAATAAATCTTTTTTTGATACTTCTTTTAATAATATAAACTCTAGTATACTTTTTTCTTTTTCTTATAATAAAGAGAATAATTCTTATATAGAGTCTTATGAAGAGAATACTTTGCCATTATACTATGTGCTTTATTATAACTATAGAAAAAATGAAATAATATTTAACCCTTCAGAATCTGATTACAATTCACTTATAATAGACTTAAATAAAAATTATCATACTCTTTGGAATGAGGGGAATGATTTTTATGATAAGTTAAAAAATAAAATAGGTTATATTTTTAATAATATATTTGATATTATAAAGTCTTTTAATAGTGAGGAGTTAGAATATTCTTGTCAGCTTCTTATGAATATACAATATTTAATAAAAGATTCATCATTTGTAGAAGAGCAGGAGATGCGTATTATACAGCTTTTAGAATATGGAAGCAATCCTTTGCATATAGATGATAATATGAAACGTTCTTACAAAAATTATTTATATTTATTTGATAATAAGGCATTAAAAGAGGTAATACTTGCTCCAAAGGTTAAAGATGCTGATTTTTTGGTTGAGAAATATAATGATAGATTAGCCAAAGCCACTAATATATATAATTCAGAGACTATAAAAAATAAATATAGAATTAATGTATATGTATCTAGTGCTCCTATATCTTGATAGTTTTATGATATATATTATAAAATATTCTATGTAATTATTATTTTTATAGTTTATTTTTATTAAATAAATAATTTTGTATATATTTTATTATTGCTTTTTAAATAAATGTTTACATACTATTTAAATATAGATTTTATATTAAGTAAGAAGTATGTAAATATAAGAGGATAACTCCTATGAAAAGCTTAATTTTATTTTTATCTGTATTTTTTATTCTTATTTCATCATGTCAGCAGCAGCGTCCTAATATACTTGACCCTAATAATGTTTTAGACGGTGCTTTTGAAACAAATTATGTTACAAATGTTATAACTAATAATGTTGTTATTACTTTAGATTATATTAATAGTCAAATATCTACTTTATCTTTTGAAGTTCCAAATACACCTAATAATGTTAAAGAAGTATTTACTGATTTTATGTATAAGTCAATTCCTAATCCTATTCCTTCAGGACCATTATCTATGTCAGTAAAATCAAAATGGAGAGAAAGACCAATAGCTCCTATATCTACTAATGATGTTTATACTGCATTTAAAGCAAAATTTGATATGTTTTTAGCTAATATAGGTTGTGAGTTAAATAAAGATCCTGAATTGTATTTATTAGATATGGATAAGAAAAATAGAGTAGATGATATAACATTAGGCATTTGGTTTGCTATAGATTTTGAATTAAAAGGAAAAGATGGATTTGATTTTGAAACAGAAGCATTAGGTCAATTAATGACTAATAATAAAATAACTATAATGTTTATAGGCGGATGTCAGACTGGTCAAGTTTGGAAAGATTAAAAAGTTATATTATCTTGACAAATAGTGTATTATTAATATAATTATAATATCTTAGATAAGGACTTTTTATGAAGCGAATATTTTTTGTATTATCTATTATTTCATTGATATTTTTTGTTTCCTGTGAAAAAGATAAAAAGAATATAGAAAAACAAGTTGATAAACTGCTTGAGAATGTTGATGAAAAAATAGATGAGGGCTTAAATACTGCTAATGATGCTATAGATAATGGTTTGGATAAGGCAGGAGATACTATAGAAGATGTTAAAAAGAATGCTGAAGATACTTTAAGCAAATCATTGGAAGAGGCATCGAAGTCTATAGAAGAAGCAAAAGAAAATTTAAAAAAGTAAATTTATGAATAAAAAAA
NZ_CP098753.1_gap5	284815	285357	542	GAAAGGTCCTATTGATGTAGAAACTACTGTAGCAAAAGGCTTTAACCCTGGTACTAAAGAAATAAGAAATACAGGAACTTCTACTATAGTTACTTTTGTGCCTAAACAAAATTATAATAATAGAAATGATGCTGATATTCTCACTTTAATAGCAACATTATATCCTAATTCTATTTCATTAAGAAAAATTGAGAATGATTTGGATAAGCAGTTAACTATGGCTAAAAAGGCTTATTATTTATCTCCATATACTGAGATGTATAATGAAAACTTAGTTAATGCTTATAATAGAGCAGCATTAGATGCTTTAAAAACTAAAGATTATGAAAAGTCATACACATATCTTAAAGAAGCATATGAGTTTAACCCTAACAATACTATGACTAAAAAAAATACAGAGCATTATTATAACACTATAGGTGCTGGTTATTTAAATAAAAAAGATTTCCCTTCTGCTATAAATATATATAAACAAGGCATAGAAGACTTGGGAGAAAATACTACTGTTTTAAAAAGAAATCTTAAAGTATCATATTATAATT
NZ_CP098753.1_gap6	341045	345795	4750	AAAATATCATTATGAAGCAAATCTATTATCTTTATCCTATACACTCAGAAAGTATTGAAACGGCTTTTTCTAATTCTTTATCAGTTATTGTGAGAGGAGGAAGAAGTCTTATTTTATTTTTAGCAGTCAAAGGAATTACTCCTTTTGATATACATTTTTCTACTATTTCTCTAGCATTTAATCCTTCTTTTAATCCTATTCCAAGCATTAAACCTATTCCGTCCACACTTACAACATTATTAAGTTTTGTTAATTTACTTTTTACATATTTAGATTTTTTTTCAACTTCTTTTAAAAGGCTTTTGTCTATAATGTTTAATACTTCCAAAGCCCCAGCAGCAACAACAGGATTAGCACCAAATGTAGAAGCATGGTCTCCAGGAACAAATACATCAGAGCATTTTTTGTTCATAAGTATAGCCCCTATAGGAAGCCCGCCTCCTAAACCTTTTGCTAATGTAGTAATGTCTGGTTTAATTCCAAAATGTTCAGAGCATAAAAACTTTCCTGTTCTTCCAACACCAGTTTGAACTTCATCAACTATAAAGAGTATATCATTTTCTTCGCAGTATTTTTTTATCTTTTGTACATATTCTTTATCAAGAGGTATTACTCCTCCTTCACCCTGTATAAGTTCCATCATTATAGCACATGCATTGTCTTTTAATTTTTCTATAGTGTCTTCATAATTATTAGCTTCTGCAAATGAAAAGCCTTCCAAAAATGGAAAAAAGTAATTGTGAAAAACTTCCTGACCTGTAGCTGAAATTGTAGCTATGGTTCTGCCATGAAAAGAGTTTTTTAATGTTACAATTTTGTTTCTTTTATAATTTTTATCATTATTGGCATATTTATTAAAAGAATACTTTCTTGCACATTTAATAGCAGCTTCATTTGATTCGGCACCAGAGTTGCAGAAAAATACTTTATCATATTTTGTTATAGAGCATAATTTTTTTGCCAAATCAATATAAGGTTTTGTATAGAAAAGATTTGAAGTATGCTGAAGTGTTTTTGCTTGATTTACTACAGCATTAATCCAATTTTTATTTCCATAACCAATGCTATTAACTCCAATACCGCTTCCTAAATCAATATACTCTTTTCCTTCTATATCTTTTAATTTAGTATCTTTAGCAGACTCTAAAACTAAATCGAATCTTGCATAAGTGTTAGCAACATATTTTTTGCTGTTATTAATATATTCTTTTTTTAACTTTGATTTTTCATTATTTTGATTATTATTGTTTTTTTTGCATGCCATGTTTTTACCCTCATTATTTAATTTATATTTATTAATCTTTATAAAACATTGTTCCTATACCTTCATCAGTAAACATCTCTATCAATAATGAATGGCATAGTCTTCCGTCTATTATAAATACTTTTGATACTCCATTTTGTACTGCATTAATACAGTGCTGAACTTTAGGTATCATTCCTCCAGATATAGTGCCGTCTTTTATAAGATTATCTATCTCTTTAATATTTATTTTGCTTATTAAAGTGCTTTCATCATCTTTATCTTTTAAAAGCCCTGGTGTGTCTGTCATATATATTAATGTTTCAGCCTTTAAGCTTTCTGCTATTTTGGCAGCAGCAGTATCAGCATTAATATTATAAACATTTCCTTCTTTATCACACCCTATAGTAGCAACTATTGGAATATATTCGTTTGTTATTATAGTATTAAGCAAATGAGTATCAACATCATCTACATCTCCAACAAATCCTAAATCAATATCCCCTTTATATTTGCTCACTTTAAACATGTTGCCGTCAATACCGCATATACCTAAACATTTACCTCCGCAGTTTTCAAGAGAAGCCACCAACTCTTTATTAACTTTTCCAGCAAGAACCATTTTTACTATTTCAGCAGTTTCGCTGTCAGTGTATCTTAAGCCATTTATAAACTTTGATTCTTTTCCTATTTTATTAAGCATAGCAGTAATATCTTTTCCTCCGCCATGAACCACTATAACATTTATTCCCACAGTAGAAAGCAAAGCAACATCGCTCATCACTTTCTTTTTTAATTCAGGATTTTCCATAGCACTTCCGCCATATTTTATTACAACGGTTTTCCCTGTATATTTTTGTATGTAAGGAAGTGCCTGATTAAGTATTAGTGCCTTATCTCTATTTGAAATATTTTCCATTTTTATTTCCTTGTGTCTATATTGCTTTATATAAGATTTTAGCTTCTGTATGAACCGTTAATTTTTACATAATCATAAGTTAAATCACAGCCCCAAGCTACAGCTTTACTATTGCCAGAGTTCATATCTATTGTAATTTTTATTTCATCTTCTTTTAATATTTTTAAAGCTTCATCTTCATTAAACTCCACACCATATCCCTCTTTATAAACATTCATCTCTCCATATTTTGAACCAACATTTATAGAAACTTTATTTATATCAAAGTCAGCATCAGTATAACCTATAGCACATGAAATTCTTCCCCAGTTCATATCACACCCAAACATAGCAGCCTTAACTAAATTTGATGTTATTACAGATTTTGCTATTTTTCTTGCTAATTTTATATCACTAGCATTCATTACTTCGCATTCAATTAACTTTGTAGCTCCTTCTCCGTCTTTAGCTATTGCTTTGGATAAATAAGTATTAGTCATATTTAATGCCTTGCAAAATATTTTATAATTATTATCTTCTTTATTTATCAAAGTGTTTTCAGCTTCACCATTAGCAAGAACAACACACATATCGTTTGTAGAAGTATCTCCATCAACACTAACCATATTATATGTAGATTTTGTATCTTCACTTAAAGCCTTCTGAAGCATTTCGCTTGATATATTGCAGTCTGTTGTGATAAATGCAAGCATTGTAGCCATATTAGGGTGAATCATTCCGCTTCCTTTTGCAGTACCTCCAATATGCACTTTTTTACCATCAATTTCAAACTCATATGCTATTTCTTTCATAAATGTGTCAGTTGTCATTATCGCACTTGCTGCATTTTTAGCATGCTCTTGAGAGTGCTTGGCATTGTCTATAAGCTCTTTTATATTTTTTTCTATAGGCTCTATTGGAAGAGGTACTCCTATAACTCCAGTAGAAGCAACAGCTACTTCTTTTTCATTAATACCAAGTACATCAGCAGCAAGTTTGCACATCTCTTTTGCTACTTCCACTCCATTTTTATTACAAGTATTAGCATTGCCAGAATTGCATATAATAGCTTTTGCTTTTCCATCTTTTAAATGTTCTTTGCTTACTGTTATGTTTGCTCCGCATGCTTTGTTTTGAGTATATACTGCAGCAGCAGAACATTGACTTTTACTATAAATTATTGCTAAATCTTTTTTTTCTTTATTTTTCTTTATTCCAGCATGTATTCCATTTGCGAAGAAACCTTCAGAAGCACATACACCGCCTTCAATTTGTTTAATATCTATCATTTTATTCTCCTATTGTTGTTTAATAAAAATTGTGTAAAAATATATATTTATAATTATTAAAAAGCTGGAGGAATGAAATTTAATCCCTCATCTTCTTTAAAGCCTAAAGCTATATTCATGTTTTGTATTGCCTGTCCTGCTGCTCCTTTTACCATATTGTCTATTGTTGATACTATTATTAATTTGTTTGTTCTCTCGTCCATATGCAAAGATATATCACAATAATTTGAGTATTTAACATATTTTAAATTTGCTATCTCTCCAATATTTAATACTCTTACAAATGCTGAATCTTTATAAAACTCTTTGTAAATGTTATGTATATCTTCTAATTTAAGATTTTTATTTTCTAATTTAGCATATATTGTTGAAACTATTCCTCTGTTTAATGGAAGTAAATGAGGAACAAAAGTAACTTTTATATCTTCACCGTATATGTTTGATAATGTTTGCTCTATTTCTGGGGTATGTCTATGTTCAGCAATTTTGTATGGAGCAAATGCTTCATTACATTCAGTATAATGAGTATTTAATTTTAATTCTCTTCCTGCACCAGTAGCTCCAGATTTTGAATCAATTATAATATCATCTTTTTGTATTAATTTGTTTACTAAAGATGGTGCTAATGCTAAACCTATAGAAGTAGGGTAGCAGCCTGGGTTTCCTATAATTTTTGCATTCTTTAATTGTTTTTTACCATATACATTATCATACTTAATTATTTCAGGTATTGAATAAATAGCCTCTTTATGAAGATTTTTATATTTATATTCTTTGCCGTACCAATTTTTATAATCTTCTTCATCGTCCAATCTAAAATCAGCACCCAAATCTATAAATAAAATATTTTTTTCAAAGCATTTATTTGCAATCTCATCGCTTAAACCAGCAGGAAGTGATGCAAATACAACATCTGTGTTTTCAAATATTTCATTTTCATCTATTAATAATTTATCTAAGTTTTTATTTAAGTTAGGATATATTTCGTTTATATTTTTCCCAACAAAACTTTTTGAAGAAATGTTATTTAATTCTACTTTAGTATGAGATAATAGCAGTCTAATTAATTCTGCACCTGCATATCCTGTTGCACCTATAACGGATACTTTTATCATATAAAACGCTCCTATAATGATTTAAAATAATATTATAAAGAATAATATTTAATTGTTTTTTAAAAAATTTATTTTTAGATTAGAAGAAATAAAATAGAGGCTTAACGCCTTGAGAAATTATTTTTGATGTAAGAGATTATATTATACATTTTTATTTTTCCTAAAAACTGTTTAATATTTGCCTTTAATTATACTATTAATAACA
NZ_CP098753.1_gap7	351701	352712	1011	ACAAATCTTCTTTGACCTTCTTTAAATATAGTGTCGAATGCAAGAGAAGTTTTTCCGCTTCCTGATACTCCTGTAATAACATTGATTTGATTTTTGGGGAGTGTCAAGCTTATATTTTTAAGATTATGTTTGTTAGCTCCTTTTATGATAAGAGAAGTGTTTTCTTCTTTTTTTGTTTGTTCTGTTTTGATATTCTCTTTTTTCTTTTTTGAAGGTTTTAATATTTCTTTAAGTTCCTTTGCTGTGAGAGATTCTTTTACTTTTATTATATCTTCAGGCTTACCCTCAGCAACAACTCTTCCACCCTTATCTCCGCTTAAAGGTCCCATATCTATAATATAATCAGCACATTTAATAACGTCTAAATTATGCTCTACAACTAAAACAGTATTTCCCTTCTCAACAAGTCCGTCTAATGCTTTTAATAATTTCTTTATATCCTCAAAATGAAGACCTGTAGTAGGCTCATCTAATATATATAAAGTGTTTCCTGTAGATACTTTATGAAGCTCGCTTGCTAATTTTATTCTTTGAGCTTCTCCTCCTGAAAGTGTAGTTGAAGGCTGTCCTAATTTTATATATCCAAGTCCTATATCTTCCATTATTTTTAATATTCTTGTAATAGAAGTTATACCGTCAAAAAATTGTATAGCCTCTGATACACTCATTTCAAGAACATCATAAATAGTTTTGTCTTTATATTTAACGTCTAGAGTTTCTGCATTAAATCTTTTACCGCCGCATTCTTCACAAGGCACTAACACATTAGAAAGAAACTGCATTTCTAATTCTATAACTCCAGCACCTTCACAAGTAGGACATCTTCCAGTTTTTACATTGAATGAAAATCTGCCTTTATCATATCCTCTCATTTTGGCAAGTTTAGTAGCTGCAAATAAATCTCTTATAGGTGATAAAACTTTTGTATAAGTTGCCGGGTTGCTTCTTGGTGTTCTTCCTATAGGAGATTGATCAACTTCTATAACCTTGTCAATATTTTCAAGCCCTTCT
NZ_CP098753.1_gap8	355110	358624	3514	TAATTCAAATTTTATAAAGTTATAATAATAAACTAACCGTGCGTTAAATAGATTATAAATTTGATTAACACTAGGGTGGGGGTGCTTTTTCTAATTAAACAGTAAGAAATAGTTAAGTAAAAAATTCAAAATAAAACAATAAATATAATAGGGAGGGGTTGTAAATAAAATTTAAAAAGGCTTTATAATATATTTCTATACTATAAAGCCAATAGGGAATTATGAATTGTATTATATGTCTAAAGCAGCATGATAGCCCCAATAAACCGCATTTGTTATTGTAGCAACTTTTGCAGCATCACCAATCACTCTTACAAATGGAGCTGTGTCTCTTAATTTTTCAACAGTATCAGTACAAGATTTCTGGCCTAATGCACATATCACACTAGTTCCTTCAACCAATACTTCTTTATTGTCTTTATCTACGCATAATATTCCGTCTTTTCTCACTTCTATTCCTTTGTATCCAGTATGAACTGTAACATATTTGTCAACTTCTTTTAAAAGTAAAGGTCTGTGTCTTACATTGGCATCAGGTGCAAGTTCATCTCTCATCTCTACAAGATGCACTTTTTTACCTTCCATTCCTAAATGTATAGCACATTCACAGCCTGCTAAACCGCCTCCAAATACAATAACATTATCAGTTACTTTATCTTTTTCTTTGTAGTAGTTATTTACTATTACAACATTGTCTCCATCTAAACCTTTTATAGGAGGAACTAAAGGAGTAGAACCTACTGCGATTATTAATGCATAAGGATTTTCTTTTTCAACTAACTCTTTTGTTACTTCTGTATTAGTACGGATTTCTACACCAGCTTTTTTTGCAAGTAATTCATAAGTGTGAGATAAATCATACATTTCTTTTTTGAAAGGAAGAGCCTGTTCGCTTTTTAATATACCGCCAACTTCTGATTCTTTCTCGCATAATATAACTTTATGTCCTCTTCTAGCAGCAGTGTAAGCCGCATATAATCCTCCTGGACCAGCACCTGCAACTAACACTTTTTTACTTTCTCTAGCAGGCATAATCTCAACTCCGTCAAGCTCTCTTCCTATTAGAGGATTAACAGTACATCTCCTTGTAGCAGTAGCAGCACGTTCAGCCATACAAGTAAAACATCTTAAACAATGTACTATCTCTTCATCTCTATTTTCCATTACTTTTCTAGGAAGTTCATGGTCAGCAAGCAAAGCACGAGCCATATAAACAATATCAGCTTTTCCTGAGGCAATAATCTCTTCCATTTGTTCAGGACTATTTAAAGCTCCTATAGTTGATACTGGTACAGAAACATGTTTTTTTATAGCCTCTGCTAAATATACATTACAACCATGTTCTTTAAACATAGAAGGGTGAGTGTCGCCAAAACCTCTTTGATAAGTACCAGCAGAAACATGAAGTAAATCCACATAAGGAGATATTTGTTTAGCTATCTCTATTCCTTCGTCTAAATCATAACCGCCGTCAAATAATTCTGAGCCGCTGAATCTAAACTCTATTGGGAATTTTTCTCCAACAGCTTTACGTACAGATTGTAATACTTCTATTGCTAAACGGCATCTGTTTTCTAAACTTCCTCCGTATTCGTCTTTTCTTTTATTGAAATAAGGAGAGAAAAATTGATTTAATAACCAACCATGTCCGCCATGTATTAAAAGCATTTCAAAACCAGCTCTCTTAGCAAGTGAAGCAACATTACCGTAAGCATCAACAATGTCTTTAATCATTTCTTTTGTTAAAGATTTTACTTCTATACCGTCAGGACGAACAGTATCAGAAGGACCCCATTGAGCCATACTTTGTTTTTTGCTTTTGTCTGTCATATATGTACCAGCATACATACCAGAGTGAGATAATTCTAAACTTGCTATTGAACCATGTCTGCGTATAGCGTCAGCAGTATAAGTGGCAGCAGCAAGAGAGTTTAATATTTTTGTATCTAAATGATAAGCATGAGAACCGTCTGTTTCAGGATGCACCATACATTCACTTACTGTAACAGCACCAGCACCGCCTCTTGCTCTTAATTCATAAAATGCAGTAGATTTAGGTCCTATACAACCATCATTAGTTATATCAGTTCCGCCCATTGGAGCTGAAAACATTCTATTTTGAAAAGTAACGCCTGCTATTGTTATAGGTTTACATAGATTAGGATATTTATGTTTCATATTTTACACTCCTTAGATTTATTTAATTTCATTATTATTAATATGTTTTGTAAAAAATAGTTTTTTAATTTTAGTTATTTGCGGGGAATAGCCACCGCACCCCCAGTTCTTTTATTGGTATAAAAGAACCAAAAGAACTAAATTTTTGATACTATATTAAGCTAAATTAAAATATAATTATTTATTAATTAAGAATTAGCTCTCTTCTCTCTTTTATCTAAAATTGAATATATTATTGTTAATACTATTCCAAAAATATTCAAAGCACATGCCACCAAAAATGCATTCTGATAAGTGCCGTATTGACGATACATGCTTCCCATAACAGTTGGTCCAAAATATCCAGCTATAGCAACACCAATAAACATTATTCCATAATTAACACTGTTATTTAATGTTCCGAATTTTGAAGCTGTAAATCCCGGGAAAACTCCCATAAATGAACCAAAACAAAGTCCTACTATTGATATGCCAATATAGAATATCACATTAGTGCCTTCTCCTGATTTGTAAAGGCATAATAAACCTATTGCTCCAAGTACGCATGAAAAAGCTAATGTTAATATTCTTCCTATTTTGTCTGAAGAATAACCAGCTAAAATCCTTCCAAATACATTAAATAATGCTAATACAGATACTGCAGTACTAGCAGCAATAGCACTCATACCAACTAAATTCCTGGCAACTGCTGAAGCCTGAGAAGTAATCATCATTCCAGTAAAAGCTCCGCAAGTAAATAAAAGTATCATCACATAAAAGGCAGGAGTTTGAAGCATTCCTTTCCAATCTTTATTTACAGGAGCAGTATTTGATTTTTTCTTTTCTCTAGGAGTCCAACCATCTGGTATAAAGTTTGGAGGACATTTTTCTATAGTAAAAGAACAAAAAGCAAGTATAATACAAAAAGCTATACCAACAATTTTGAAAGCAGTAGGAGCATCAAATTTATTAACTATTGCAGTAACTATAGGAGGAAGAGCTACAGAACCAAAACCATATACTGCAGTGATAATACCGCCTACCAATCCACTTTTATCTGGGAAGAATTTTATGCAGCTGCTTATTGCCGTACCATATGCCATTCCTAAACCAAGACCGCCTATTAATGCATAAGATACAATTAAAAATCCTACACTTGTAGCAAAACCAGAAAGAAGCATTCCAAGTCCCCACATCATTCCGCCTACAAACAAAACTTTTTTAGGTCCAAATTTATCATTAACCCAACCGCCGCTTATCATTGTGATAGGTCCTACACTATTAGCTATTGTATATACTATGGCTAAATCTGCAGAAGTTAATGTTTTTCCCAATATTCCAGATAAATATTCTGCCA
NZ_CP098753.1_gap9	360015	363353	3338	GTATCTATAGAAATAGGTAAAATATACTATGATAATGGTCAATATAATACAGCTTTTCAATTTTTTGAGAATGCTTTAGAGAATGATTCTACAAATAAAGAGGCTTTAAAATATAAGGCATATTGTTATGTTAGTGCTGGTAACTATAATGAAGCTATAGTTATAATGAATGGTATTATTAACAAATATCCTAATGACCCTGCTTTGAATTATAATTTAGGACGTGCATATAAAGGAAAATTAGACTGTAAAAATGCTATTAAACATTATAAAATATCTAGCAAAGATAGAGAATATGCTATTAAATCATTGTATGAGATAGCTTTATGTTATATAGAATTGAATAATATAGAGTTTGCTATTAAATATTTGGAAATGGCTATTGCTTATGATGGTATTGATAGAGAATTGAATTTGGCTATATTATATCAATTGTCTGAATGCTACAGCAGAATGGAAAATCTTAATAAGGCTATAGAATACTTAGAAAATATAATTATAATAGACCCAAATTATAAAGATGCTAATAAGAAATTAAATGAATATAAAGAGTCAAGATATAGTGATAATATTAAAAACTTCTTTAAGCTAGATGAAAATGACTTTGCTGATTTGGCATTAAAAATAGTATCTTCTATGAATTTGATTCCATATTCATTAAAGACTACAGACAAGAAATATGTTATAATTTTTGCTAAAGATGGTAAGAGTGTTCATTCTACTAAAAAGATAGTATTTTTTAGAATGTCTTATAGTCCTATATTTAATGAAGAGCTTATACAGTTATATGATTATGCTGTTAATTCTAATATAGTTAATTCTGTGCTTGTAACTTGTGCTATGGCTACTCCTGATGCTATAAGATATGCTGCTATGTCTAGAATTGATATAGTTGGTATTAAACGTTTAGAAAACTTAGTAGAAAAATCTACATTTACAAGCGTTCCTGTTGGTATTACTAGGACTGAAGAAAAATTAGATTGGATTATATAATTTTATCTTATGAAAAAAGTTCAAGATTTTTATTTTAAAAAAGCTAAAGAAGAAAACTATAAAGCTAGAAGTGTATTTAAATTGGAAGAGGCACAAAATAAATTTAAGTTTATTAAATCTTCTGACAATGTGCTTGATGTAGGGTGTTCTCCTGGTTCTTTTAGTCAATATATGCTTAATAAGATTATTAAAACGGGTTCTGTTGTGGGGGTTGATATACTTCCTAATAGCTTCTCTCATCAGAGATTTAAATTTATTCTTGGCGATATAAAAGAGATGGACGCTTCTACTTTTGATAATATAGAGTTTGATGTTGTTGTTAGTGATGCTATGCCTAATACTACTTCAGATAGAGAAACTAATCATTTGCGTTCTATTGGTTTATGCGAGAAGATATTTTATTTGGCAAAAGATGTTTTAAAAGATAATGGCAATTTTTTTATAAAGGTTTTTGATGGTAAAGATTTGCCTAATTTTAAAAAAGAGCTTAATGATTATTTTGATTCTGTAACAGTGTTTAAGCCAAAAAGTTCTAGAGATGAAAGCAGAGAAGTATTTTTATTTGCGAAGGGTTTTAAAAAGTTAAAAGGGTAGGCATAAAACCCACCCAATTTACAAAAAAAATTATTATAAAGATTTAACTATGTCTTTAAGTTTATTTAAATCTTCAGCATTAGGGTGACCCATAGCATTTGAATGATTAGCTAATTTTCCTTCTATTACTTTTTTCTCATCATCAGTAGCAGCTTTAGCTAACATATTTTCAAGATTTTTTTTCTGACCTTCTATCCACTGACCTTGACAAGCGTAAGTGCCAATTATTGTATTAGAAGAATCTATAAATGTTTTAGCAGGGTTAAGCATTTTATCATAATAAGCTTGATTATCTCCGTAACCAACAGTCATGAATAAAAATACTTTTTTGTTTTTTAATGTTTCCATAAATTTGCCAGCAGCCTCATCGCAAGTACCCTTGTAGCTTCCAGCACCAACAAATACTATATCAGAATCATTAACTTTAGCATTATCTACAGCATTTGCTTTAACGCATTGTAAGCATTCGCCATTAGCAGCTTCTTTTATAGCAAGAGCTAATTTTTCTGTATTTCCGCTTTTACTTGTATAAACTATTGAGTATTTCATTTTACAATCTCCTTTAAATGTTAGATTATTCTAATAATATATTATTTGAATATTTTTGCAAGTGTAATATTTTGTGAAAATTAGTATTTAAACATATTGACAAACTTCGATATGTTTGTTATAATATATATCGATAAAGTTCGATATATTTATTAGGAGATTTAATGAAAAATTATAAAAAAGATGCATCTGTTTTTAAAGCTTTTTGTGATGAGAACAGACTTCAAATATTAGATATGCTTAAAGAAGGGGAGATATGTGCCTGTAAAATTTTAGAAAAATTAAACATAGTTCAGTCAACATTATCGCATCATATGAAAATACTTTTAGATGCCAAAATAGTAAACGGCAGAAAAGATGGGAAATGGACTCATTATAGTATAAATAAACAAGGCTTTGAAGATGCAAAAAAGATTCTTAACTCTTATGGAGAGAATTTAAATAAATCAAAAACTAGTAAGAAAATAAAATGCAAATGTGATTAAAGTAATATAATTAAAATTAGGATATTAAAAAATGGAAAACATAAAAACTATATTTATATTTATACAAGATCAAATAATATCAATGAAATGGCTTAATGTTTTGATAGGCAATATATTAAATAATTTTGCTATGTCAGAAACATTAAAAGGCGTTATACAATTTTTTGTTTATGATGTTATAAAAATATTTATTCTTCTTTCAGTGTTAATATTTTGTATATCATATATTCAAAGCTACTTCCCACCAGAAAGAACTAAAAAAATATTAGGAAGATTTAATGGAATATCAGCAAATATATTAGCGGCACTTTTTGGAACTGTTACCCCATTTTGCTCTTGTTCTTCTATACCGCTTTTTATAGGTTTTACTTCTGCGGGGATACCAATATCTATGACATTTTCTTTTTTAATATCATCGCCTCTTGTTGATTTGGCTTCTTTAATACTTCTTTCAAGCGTATTTGGAATGAAGATTGCAATTGCTTATGTTGTTGTTGGACTTGTTCTTGCTGTTTTGGGAGGCACTATAATAGGCAAACTTAAAATGGAGAGATATTTAGAAGACTTTGTGAAAAATATAAAATCTAATGCTAATATAGAAATAGCAAAGATGACAAAAAAAGATAGGCTAATATATTCAAAAAACCAGGTAAAGCAAACTATAAAAAAGGTTTATTTATATATATTTATAGGGGTTGGAATTGGAGCTTTTATACA
NZ_CP098753.1_gap10	365391	370069	4678	GTAAGTAATGCAGAAGCAGCAAGTGCATTTGGTGCTGATTTTATTACATTAAATTTATTTGATATGAATAAGCCTTTTATTTGGGGATTGTACAAAGAAAATCCTGATTCTTCAGAGCAAACTTGGCTTTCTGCAAGATTAAAAGGTTTGGTTAATGAAATAAATAAAAATAATGACAATATAGTAAAAGATTTGAAAAAAATTACAGGAAGATTAATTGGCGTTAATTTGGAGCCAGTACCAGAAGATAGTAATTATAATCCTGGTTTTAGAGCTTCAAAAGAAAATTATGAGAAACTTCTTAAATATGGTTTTGATTATGTTGTTCTTACAGGAAACCCTAATACAGGAGTTACAATAGAAAACATAGCAAAATCTGCTAAAGAATTAAAAAGCGTTTGCGGCGATAAAATTCTTATTATTGCAGGCAAGATGCATGGAGCAGGCGGAGATAATGTATATTCTATGGAAGAGCTTGACAATATGGTTAAAGCTGGTGCTGATGTTGTAATGGTTGGTGCTCCTTCAACACTTCCTGGTTATACTGTTGATTTTGTTTATGAACAGATAAAAAGAATACATAGTTTTGGGGCTTTAGCTAAAACTGCTATAGGTACTTCTCAAGAGGGTGCTGATGTTAATACTATTAGAGAGATGACTTTATGGTCAAAGATGGCAGGTGCTGATATTGTGCATATTGGAGATGCGGCTTATAGCGGAATGTCATTGCCTGAAAATATTATGGCTATGTCTATTGCTCTTAGGGGAATAAGACATACTTATAGGAGAATGGCTTACAGAAAATAGTTTATAAAATATATTATTTAATTATATTTTTTAAAAATAAATTTGCAATTATATCAATATACCTGTATGATGTATATATAAAAAACATTTAAGAGGGGCATATGCAAAGAATAGATTTCGGCTGAGGCTGTTTACCTGATCCTCTAGAAGATGAGGGTATACAAAGAGATGTGGATAAAATTCTATTATTATCTAACGAAAACTCTGCTGATATGCTTACTAATTTGCAAAATGCTGTAAATAAATTAAATATTGATTTTCCTATTAAATCTACTGATGATAAAGCTCTTATGTCATATTATGGTGTTATGACTTTGCCTGCACTTATAATAAATGATGAGCTTGTTTCTTATGGTGAAATTCTTTCAGAAGATAAGTTAATGGGCATTTTAAAAGAAAAATTGTTATAATTTATATATAATAAAAAATAAATTTTTAAGGAGAAAATTATATGTCATTTAAAGATCTTTTTTTTGGTAATGGAGGCTGTGGCTGAGGACCTGTTATAGATCCCTTCGGTGAAGAGGAAAAAGTACAGGAAGAACCTATTGAGGCAAGAGTAAAAATACTTGGCACAGGCTGTGAAAATTGCAGAAAATTGGAAGAAAATACTATAGCTGCAATCGAAGAAGCTAAACTTGATTTGGCTATTAAACATGTAGAAAATATGGAAGATATAGCATTTTATGGTGTTATGTCAACTCCAGCTTTGGTTTTAGATGATAAGGTTCTTTCTTATGGAAAAGTATTAAGTAAAGAAGAGATCATTGAATTATTGAAAGCTAATTTATAATTTTTTATTATTAAATTTTATATAAAAAGAGATGGGTATTTTTTATATTCATCTCTTTTTTATTATCGTTTTTTATAATCTAATAAATATTTGTCTATTAATTTATCTTTATTATTCTAATTTTAATATGTATTTGTTATTTTATTTTTTGATTTAATAAAAAATATTCAAAATTTTATAAAAAATATGGAGTTTTCTCTTGCAATAAGTATGTTTATGTAGTATATTATATTTATTAATAATTAATACTAATAAGGAGTAATTAAAATGTCAGATAAAAAATTAACAACTGAATTTGGTGCCCCTGTAGAGAATAATCAACATTCTATGACAGCAGGTGCAAGAGGACCTATGTTGCTTCAAGATGTATGGTTTATGGAAAAGATGGCACATTTTGATAGAGAAGTTATACCAGAAAGAAGAATGCACGCTAAAGGTTCTGGGGCTTATGGTACATTTACAGTTACTCATGATATAACAAAATATACTAAAGCAAAAATATTCTCTGAAGTTGGAAAGAAAACAGATTTATTTGTAAGATTTTCTACTGTAGCAGGTGAGAGGGGAGCCGCTGATGCTGAGAGAGATATAAGAGGATTTGCTATTAAGTTTTATACTGAAGAAGGAAACTGGGACTTGGTAGGAAACAATACTCCTGTATTTTATTTTAGAGACCCTTTGAAATTCCCTGATTTGAACCATGCTGTAAAAAGAGACCCAAAAACTAATATGAGAAGTGCTCAAAACAAATGGGATTTTTTAACTTCACTTCCTGAAGCTATTCACCAAATAACTATAGATATGAGCGATAGAGGTATACCTTATAGTTATAGGCATATGCATGGATTTAGCAGTCATGCTTATAGCTTTATAAACAAAGAAGGCAAAAGATATTGGGTAAAATTCCATTTCAAAACTCAGCAAGGAATTAAAAACCTTACAGATGAAGAAGCTGCAGCAATAATAGCAAAAGACAGAGAAAGCTCTCAAAAAGATTTATTTGAAGCTATAGAAAGAGGCGACTTCCCTAAATGGGATATGAAAATTCAAATAATGACTGAAGAACAAGCAAATGCTAGCAAAAGAAATCCATTTGACTTAACTAAAACTTGGTCACAAAAAGAATATCCTCTAATTGATGTTGGTGTTTTAGAATTAAATAGAAACCCTGAAAACTATTTCGCAGAAGTAGAACAATCAGCATTCAGCCCTTCTACAATAGTGCCAGGTATTGGATTCTCACCAGACAGAATGCTTCAAGGAAGATTATTCTCATACACTGATACTCAAAGATATAGATTAGGTGTAAATTATGCTAGTATACCAGTAAATGCTCCTAAGTTTAAAGCTAATACTTATCACAGAGACGGATACATGAGAGTAGAGTCTAATGGTTCTAAAGTAGAATATGAACCAAACTCACAAGGTGAATGGAAAGAGCAAAGAGAATATGCTGAACCGCCTTTGAAGATTTACGGTGATGCTTATAGATATGACCATAGAGAAGATGATGATGATTATTACACTGATGCAAGAGCTTTATTTAATCTTATGACAGATGCACAAAAACAAGTGTTGTTTGAAAATACAGCAAGAGATATGAATGGTGTTACTAAAGAAGTACAATTAAGACATATTAAAAACTGTATGAATGTTGATAAAGCTTATGGACTTGGGGTTGCCAAAGCATTAGGTTTTGATGAGAAGGATATAAAATAAAATAGATAACTAAATAACAATCTCCATAAATAATACGATAATAGTCAATCGATTTGTTTCGGTTGGCTATTATTGTTTTAAAAATATATCTTATAGCATTTTTATTCATTGTTTAAGTATATTAAAACTTTTTTGTATAAAAACAATAATAATAAGTTGACATAATGAAAACAGTTTTATATATTTTAGAAATATTATAATTTTATTTATATCAATTTATTTTAAGAGTTATGTAAAATGATTAGTATTATCGAAAATCATAAAAAAAGAAAACTATTCTTTTTAAACACTATCTCATCATCTTTAGTATTAATGGTTCATGAAGATAATTATGTATTTATGCCTTATTGGGGGGCAAAAATAGAGGCAAGCAATATAGATTATATTATTGATGAAATAACTGAAGCTAATTATATGGCATATACTGATAATAGAAAAAAATTTCAGCTTGAAGTAATACCTCAAATATATCCTTCTTACGGTTACACAGATTTAAAAGAACCAGCATTTCATTTTCTACATAGAGACGGTTCAAGAATAACAGACTTGCGTTATAAATCACATAACATATATAAAACTAAAAAGAAATTAGAAGGACTTCCTACAGTGTTATCAGATGAGCATAGTGAAGTATTAGAATTAGTTTTATTTGATGAGTTGAAAAAAATTGAGGTAACAATTACTTTAGCTGTATTTGAAAAATATAATGCAATAACAAAATCAGTAAAAGTAATAAATAAACATGAAACAGATTCTTTATACATAGAAAAAATAATGTCAGCAAATATAGACCTTCAGGAATCAAATTTTGAATTGCTTCATTTGTCTGGTGCTTGGGGAAGAGAATGTCATATTAAGAGAAGGAAATTAGAGCAGGGAATGCAGTCTATAGGAAGTATGAGAGGTGCATCAGGACATGGTCAAAACCCATTTGCTGCTTTAATATCTCCTAATGCTGATGAAAATAATGGGGAAGTATATGCTATGAATTTAGTATACAGCGGAAATTTTAAAGCAAGTGTTGAAGTGGACATGCATTTAAATACTAGATTTCAAATGGGAATAAATGATTTTGATTTTGGTTGGACATTAATGCCTAATGAAGAGTTTCAAACTCCTGAAGCTGTGCTTGTATATACAAACAAAGGTTTAGGTGATATGTCGAGAACTTTCCATAAACTTTATCAAGATTGTTTAATGTCAAAAAAATATGCTTATAAAGAGCGTCCTATTTTGATAAACAGTTGGGAATCCAATTATTTTGATTTTAATAAAGAAAGTCTTTTAAAATTAGCTAAAGAGGCAAAAAATATAGGAGCTGAATTATTTGTATTAGATGATGGTTGGTTTGGAAAAAGA
NZ_CP098753.1_gap11	375880	376733	853	CTAAACGCTCATTCAATGCTAACTTGCAAAATATAAAAATAGAACTTAATGGTTCTACTAAAAAAGCTTTGGTTTGCACTAAATGTATTAAAGGAAACAAAGTAGTAAAAGCTAAATAATGAAAGTAGAAATTGGAAAATTCGCAGGTTTTTGTGACGGTGTTAAATATGCCGTTGAAAAAACTTTTTCTCAAGCCTCTAAAAGCAGTGAAGAGATTTATGTAGACGGTCATCTTATACATAATCCTCAAACTTTAGATATGCTTGAAAAAACAGGCGTTAAAACCTACGAAGATACTGAAGATGATATGTCTGTGCTTGATGATAAAACTGTAATTATAAGAGCACATGGCATATCACCAGAAAGAAGAGAAGCTTTATCTAGTCATGCAAAAAAAATAGTTAATCTTACTTGCAAATATGTCGCAAAAATTCAGGCTCTAGTAAAAAAACATAGTTCATTAGGTTATAGGGTTATTGTTATAGGCAATCCTACTCACCCTGAAATTATCGGTGTATGCGGTTTTGCTAAAGACGTTTATGTTGTTTATAAAGACGAAGATATAGAAAAGCTTCCAGAAGATGATAAAAAAACTCTTATCGTAGCTCAAACAACCCTTCAAAAAGAAACATTTAACAAATTCGTTTCTCAAATACAAGATAAATACAAAAACTCTGAATTAATAATAAAAAATACAATATGCGAAGCTACCGAACAAAGACAAAATGAAATATTGGATATAGCTAAAAGAAATGATGTAGTTCTTGTTATAGGCGGAAGTGAGAGTAGTAATACTAGAAACTTATACAAAATAGCTTCCAGTATAAAGCCTTCATTTTATGTAGAGTTTAAA
NZ_CP098753.1_gap12	399717	404038	4321	TTATAAAAATTACCTTGTAAAATATGCCGTCTGGATTTGCCAAATTACCTACTATAGATTGGTCTTTAAAAATAATAGTAAGCCCTACAACTAAACCAGAAAAAGAAAATAACAGTACAGGCACAAACATAGCCGCCCCAAATTTTTGGAAACTAGCTCTTAAATCGATATTTGCAAACATTTTATATCCTCCTAACTTTTAAATTTTTTATGTTTTAATATCTTTTACATATTTAAGTTAAAAGTACAAAATATTTCATAACCTCACTTTTTAATGCCAATAAAATAATATTATTTTAAATAATCTAAATATGGCTTTTGATTATCTATCATTCTATCTAGCATTTCCTCTGTATTTTTACATACATTAACTACAGGATTAGCAAGTATAGCCTGCACTGCATATTCTTTTTTATGATGTATAGCAGCTTCAGCAGTTAAATCATATACACTCACATAGTTTCTTAGAAGAGATAAAAATCCTTTAGATATATTGTTTAATTTAACGCCCTTAACTCCATCTTTGCTTATTTCAGCAGGTACTTCAACTGCTATCCAATTAGGCAAATCTTCTATTAATCCGTCATTCAAAATATTTACAGCTTCTTCTGTGTATTTATTGTTTGTAACTATACCATCTATTATGCTTGAAGCTCTCTCTTTTACTCTTAATTCTATTTTAGGCTCAGCCTTTGAAAGAACTGTTCTGTATAATTCATAAAAGTCTAATATACCTCTATGATCAACAACGTCCCAAGCCCAAGCTATATATTCTCCAAAATGACTGTCAACTGTTATAGGTAATAATTTATATTGTTCTAATATCACTTTTAATAATCTTCTGTCAGCCCATATAAACTCACCTTTCAATTTTTCTTCTATAGAATGGTCAAAACTCTCTGTTTTAGAAAATGCATTATTTGCTTTAGCGTATTTTAATAAATCGCTATATCCAACTTCATGCTCAAAATAACTATGAGCGTTTTTCAATACATCAGGATACAAATCTTTTCCTGTCTTTTTATCTTTTATCTCTAATAAACAGCTGAAATGGTTAAGCCCGCCAGCTTTTATTTCAAAATCCTCATAATTCTTTTTTAGTATTTTTGGAAGCCATTTATGAAGCCAGCCTATCTCATGGCACATACCTATGAATTTTGCATTAGGATAAGCCCTTTTTACAGCAGTACATATTGCAGTCATAGGGTTTGAAAAATTAAATATATAAGCATTAGGACATATATCCATAGCATCTTTTACTATATCCAAAATAGGCGGAATAATTCTCAAAGAGTGAAATACTCCTCCAGCTCCTCCATTTTCTCCATAAACTTGATGTATGCCATATTGCATAGGTATTTTCCAATCTTCGTCCCATAATTGAAATCTATCTCCCACTTCTATAGAGCTTATAATAAAATCAGTGTTCTTAAATGCCTCTTTTCTCTCTGTAGTAGCATCAACACTAAAATTCAATTTGTTAGCCTCAATAAACTCTCTTACATAATCATATACCTTTTTTAAGGCGTTATTGTTAATATCAAGCAAAGTTATATGAGAGCCTTCTAATGATTTTGTGGAGAAAATGTCTCCAAGCATATCGCATCCAAATTGTGCACTTCCTGCACCAACTAAAACAAATTTCATATTATCTTCCTTAAAATAATGTGTTTTTTAATATTAAAATGTTATTTGTTTCATTATTACATAATAATATTATATTCAAAAAAGCTTGCATTTCAATAAAATGATTAAATTTTTTTCATTTTTTATTTAAAAAAGTATCATTTTTTTGATAAAAAGAAGTATTGGCTCTGTATTTTTATATTGTTTATTATAAAAAAATATTCTATAATATAAAAAATCTATTAATCGCTTAATAATTTAAGGAAACACAATGGGGCAGAAAGAAAAAATAGAGAATATTGCTAGTATGCTTAATATTGCTGAAACTACTGTGAAAAGATTTTTTTATAGTCCGGAAAAACTACATACTGATACTTTTAGAGAAATAATGTCGATTTTAGCTAAATATTATCCAGAAGATTTAAGGTCTATTGTGAAGACAGATTATAGAGATATATTGTTTATAATTAGAGACCATAATTTAATGGTAGTTTCTGATATTATTAAATATCTTCAGAAAATAACTTTAAAATATAATATTCCTATAAGATTATATGAAAATACTGATAATATACCTTTAAATGTGTTATTAAAGAAAAATAAAAAGACATGGAATGATGTTAGAGGTATAATAAGTTTGGCAACAGAAACAGAAGAGAGTACAAATGATTTTTTAATTCCTACAGTATTTTTAAATATGCCGCAGCAGGAATATGGGCTTAATATAGATGTTAATGACTATTTAGGCGGAAAATTAGCTATTGAGCATTTATATAAAAATAATTGGAGAAAACCTGTATTTATTACGCATCATGATTTAAGCGGAGATGTTAAAGAGAGATATGATGGGGTAAAAATGGCATGTAATGATTTTAATATAGATTGCAAGTTAATAACTACTAAAAACTTTTCTATGGAAGAATCTTATTATACAACAAAAAATGTTTTAAATAATGAAGATGCAGATTCTATATTTTATTTTTGCGACCAAATGGCAATAGGCGGAATAAAGGCTATAAATGAATTGGGGTATAAAATGGGGGAGGATATTGGTGTTATAGGATTTGATAATTTAGAGATATCTGAGTTTTTAGGATTAAGTTCCATAGACCAAAAATTGTACGAAAAGATATTGTATAGTGTAGAATATATATTATTTGGAAATGGGCAATTATTTACAGAAAAATCTTCAAAAATAATTTATAATCCAGAAGTTGTAGAAAGAAAAAGTTCTATAAAAATATAGTGTAAAAGTTTTATATTAAATCTTTTATTATATTAGGATATTTTATTTCTATGATTTTTGACTTATCTGCTAAATCATCAAATATGGTTGTATGCAATTTTATTGGAGATATTTGACTTCTAATATAGCCTATAACTTCATTTTGCACAAATACATCTTTTTTTATATTTATAACTATGAAAGGTATTTTAAAACCCCTTTGATGAAAAAGTTCAACTTGTTCAAAACTAGAATGAATTACATTAGTATCATATTCTATTAAAGGTATAATTTGTATTTCATTTTCTCTTTCTATATCTGTTATTAAATCTAAGAAATTATAATCTTCTTTTATTGGGTCATATAGGCATAGAGATTCTAATACCATATAATCATAAGTTTTCTTGCATTCATCTATCAAATCCGTAACATCTCTTTCATCTATTTTTGTATTTATACTATGAAGAGGCGAGAGGTTTCCATTTGTGGCATAAGAGACAAAAATATCTGAAGCATTTAATGTTGTAGTATTTTTTATATATTCACAGTCAAATAGTTTATTATCTTTTACTTCCATAACGAAAGGTTTATAATAACAAACACTTTTACCCAACATTTTTATTGATTCTAGTATATTAGAAGCTAAATAGGTTTTACCGCTATGTTTCTTATTTGATATGATATAGAATATTTTCATTTAACATTTACCTTCTTTATTTTATTATTTTAATTCTTCTATACGAGCTTTAATATTATATTCTATTTTTTCATTTTGTTTTAAGTTTATTTCTTTACATAACACTATAGTTGAGTTTTGATAATTCATCTCAAGTTTATCAACAGCATCAGATATAGTATAATTAGGCATATATAAGAAGTTTGTCTCTTCATTGGCTTCTAAGAATAATTTTATTTTTATATATCCTTCATCAGCCATGCCAAATATTTTGCCTTTGTATTCACCTGTGTTTGACAAGTTATCAGATATTCTGCTATTTTCCCCAATATAATATCTGTCTTTTTCGCTTCCGGCAAGCAAAGTAATATTATTTTCTAAAGCATAAACAAAACTTATTTCTTCATTAGATTTATTTAATATTGTTATGTTTATATTAAAACTGCCGTCTTTCTCTACAATATATTTTTTTGTTAAAAGAATTTCTTTTCCATTAACTAAACCATTTTTTTCAAAAGTTATGTTAGCGTTATTTTTATCTATATTATTTTCAATTAAATTATAATAAGAATTATAGAAATCAGCTTCTTCATCATAGTGTAATAATTGAAACTCTTCAGCACTAGGCATTTTCTTTAAGAAATGATCAACAGCAAATACCTTTTCATTTTTATCGAATACTAAATACTTAGCAATATTATCATCTATCTTTTTAGCTATCTCATGAATTGATACATGTTCATTTTCATTAGATTGTTTGCTTGCATTTCTAACAGCTGCAATATGATAAGCCT
NZ_CP098753.1_gap13	468798	471952	3154	ATAATGTCTTTTGGAAGTATATCGCTTCTGTTTGAAAGTATTTGACCTAATTTTACAAATGTGGTTCCTAGTTCTTCGCAGGCCATTCTTATTCTCTGACCTCTGCTATAACCTCTTAAATCTATGCCTTTATATTTTACATTGAATTTCTGTATTGGATTTTTTACCAATTTTAATATAGGCGTAACAGCAATTATATCTTTAAAACCATATGCTATTATAACTGATATAATTTCTTTTGTTCTATTTAAAGACTTTTTCCCCTTCACAATATGCCCCAATTATTTAATTATTAGTATTGTTTATAATTTACTGCTGATTGTTTATTTTGCTTTTTAATTCTTCTAATTCTTTTTTTATAGCATCATATTCTTCTTTTTTTACATATCCAGCTTTATCCATAGTAGTTTTTATTCTCTCATCTAAATACTGAGTTATTTCTTCTTTAGTTTCATTAGCCTTAGTAACCATTTCTTTTACAAATTTCTCGCCTTCTTCTGTGCTCATGTTCTTATCTTTTATAAACTCTTTTGCAGCCTCTTCTACTTTTTCTTTTCCTTTAAGCATAAATCCTATACCAGTATAAATGCCAGATTTTATTTCATCAGAAATACCCATAATTATTCCCCCTTGAAAATTATTAGTTTGTTTTAATATTATCTTTTTTTTTAATAAAAAGTCAACACTCTTAAATTACATATTGGTACTTTTTTGAATTATATTTTATTAGATAACATAATTTTTTTATTAAAATATTTGATTTTGCTATTGCAATATTATTAGAAGTATTATATAATAGATACTAAAATAAGATAAGGAGAAGATGTATGAAGTCATTTTTCAAACATTTCAATCAAACTAACATATCTATTATTCTCCTATCTCTCATTATTATCCTGTAAAGTTTCTTTTTATAAAAAAATACACACATACAAAAAATAAAAAAATAATAAATTGTATTCTGTTATATTTGTATATATTTATAATACTATATATAGAATCTAGTAGATTTTAGGAGATTTTTATGCAATTGAATGGTTCAGATGTTTTAATTGAAGTTTTAATAGAAGAGGGGGTAGACACTGTATTTGGTTATCCTGGCGGAGCTGCTTTAAATATATATGATGCTATTTATAAATATAGAGATAAAATAAAGCATATAATGCCTGTTGATGAGGCAGGAGCTTGTCATGCTGCTGACGGATATGCAAGAGCAAGCGGAAAAACAGGAGTAGTAATTGCAACAAGCGGTCCTGGAGCTACTAACTTGGTAACACCATTAGCTACAGCATATATGGATAGTGTGCCTTTGGTGGCAATTACAGCTAATGTACCTACAAGTTTAATAGGTAAAGATTCTTTTCAAGAGGTTTATATTGCTGGAATAACAATGACTATCACTAAACATAATTTTGTTGTTAGAGATATTAAAGATTTGGCTGATACTATTAGAAAAGCTTTCTATATAGCAAATACTGGAAGAAAGGGACCTGTTTTAATAGATATACCAAAAAATATAACTGTAGCAGAAACAGAATTCGTAAGCAAACAAAAAATTACTCCAAAACAGCTTCAAATAAGCTCTGAAGATGAAAACACTATAAAAGAAGTAGCAAAATTGATAAATGAATCTAAAAAGCCTATTATATATTTTGGTGGAGGAGCTAAAGATTCAAGCGATAAATTAAGAGAGTTTATGATTAATACTAATATTCCTTCTGTACATACTTTAATGGGGGCTGGTGTATTAGGATATAATGATAAATTAAATATAGGACTTTTGGGAATGCATGGCTCTGCTACTGCTAATAAGGTTATGAATGAAGCTGATTTGATACTTGCTATTGGTACTAGATTTAGCGATAGGGTTGCTTTGAATACTTCTAAATTTGGAGGAAGTGCTAAAAAGGTGCATATAGACATTGACAGAAGTGAGATTAATAAAAATGTTAATGTTGATTATAGTATAATAGGTGATTTGAATGATGTATTAGATAGATTTAATAAACTTGTAAAAAGAGTGAAAGATGATGAATGGGTAAAATATTTATCTGATTTAATATCAAAAGAAAAAGAAGAGAATTTCAAAAGAAATACAAATAAAGACGGCATTTATCCTAGCAGAGTTATGAATATAATAGGGGATAAAACTAAAGATGAAGCTATTTATGTTACCGATGTAGGTCAGCACCAGATGTGGGCTGTTCAATATATACGCCATACTAAGCCAAGGAGTTTTATAACTAGCGGAGGTTTGGGAACTATGGGCTTTGGATATGGGGCTGCTTTAGGTGTTCAGGTTGCTAAGCCAGATAGGAGAGTAATACATATAACAGGTGACGGCTCTTTTTATATGAACTTAAATGAGGTAGCTACTGCTGTTGAATATAATTTACCTATTATAACAATAATACTTAATAATAGTACATTAGGTATGGTAAGACAGTGGCAGACAATATTTTATGAATCTAGATATTCAAGCACTGATATCAATAAAAAAATGGATTATGTTAAAGTTGCTGAAGGGTTTGGAGCTAAAGGGTTTAGATGCGAAACTATAGGCGAATTTGAAAGTGCTTTTGAAGAGGCATTAAAATGTAAATGTCCTGTTTGGATAGAATGTGTTATAGATAAAGATTTGAGAGTTTTACCTATGATTCCAGCTGGCGGAACTATAGATGATATAATAGTAGATTAAAAAATAGTAGGAGCAAAAAATGAATAACAAACAAAGAAGGGTTTTAGTTTTATTTGTAGATAATAGTTCTGGTGTATTAAATAGAATAACTTTATTATTTAGTCAAAAGGGATTTAATATAGAAACTATTACTTGTTCAGTAACTTGTGTGCCTAGCATATCAAGAATGACTATAGTTACAGATGGAGATGATTTGCATATTACACAGATTATGAAACAAGCTTCTAAACTTATAGAGGTTCATTCTGTTCATTTAATAGACCATTGTAACAGCATAATAAGAGATTTGTTGTTGGTAAAAATAGAAATAGATGATTCCAATAAACGCAGAGTTTGTGATATAACAAATGCTCATAATGGACTTATACTTGATATAGGAAGTAAAAGCATGATAGTTGAAATTACCGCTTCTGCTTCTATAATAGACGGCTACTTAGAAGCGTTAAAAGATTTCAA
NZ_CP098753.1_gap14	478163	479760	1597	TGTTCTGAAATATCAGATATTATTGTATCTAATATATAAAAAATTAATTGTTAAATAATTATTTGTATTATAGTTCATATTTACTTGATTATGATAATATAATTATGTAATTTAACTTGACAATTCAATTTTAATGTACATAATTATATTATATAGAAAAAATTAGGATTTGTATAAGTGGAATATAATGATAAAGAAACTATTTTAGAATTGCAGGAAGATAATAAACTTCTCGCTTCTAAAATAGACATCTATAAAGAAGAGATAAATGAATTAAAGCAAAAATTGGAATATGCACAGAAATTTTTTGTTTTGTATGAAAATATTATGGAACAATCCAGAAGCGAAACTAAAGACCTTACTAATAAAGTAAAAGAATTAGAGGCGGAGATTAAAAGGTTAAAGAATGCATAATATTTATTATCCTAATAATAAAAATGATAATATATATATAGCTGTGCTTTCTAAAGAATCAAATGTAAATCCTAAAGACATTACTTTAGAATATAGAGACAATCAAGAGAAGACTTTTTTTAATACTATTGGTTTTGATATTAATAAAGCCATTTTTATGAATCAAGTCCATAAAGATAATATAGTAAAAATAGATGAAACTAATATTAATTCATTTGGAAGCAGAGAAAAATTAGTTAAAGAAACCGATGCTATAATAACTAACTTAAAAAATATTCCTTTAGTAGTTCAAACAGCTGATTGTGTTCCTATAATACTTTATTGCAGTGAAAGTAATTCTATGGCTGCAATTCACTCTGGTTGGAGAGGTACAGTTCAAAATATTACAGAAAAAACTATTAATATTATGATAAAAGAATATAATGCTAATCCATCTAAAATGTATGCCTATATTGGTCCATACATAGCTTTAAAAGATTATGAAGTTGGAGAAGAAGTAGCAATTCATTTCAAAAATAAAACTATAATTAATAATAAATGGCATATTGATAATGGTTTAGAAGTGAAGAGTCAAATGATAAAATGCGGTGTTTTAGAGAATAATATTGAGCTTTCTAATCTTAATAGTTATGATGATAATTTTTATTCTTATAGGAGAGATGCTCTTCAGATTGGAAGAATGCTTACTATTGGGGTATTATTATAATTCTAATCTTTTTAACCGCACGCTAAATAGATTTTATAATTTGTAATAATATTATTTTTTAAATTTTTCTATATTATATAATATCATTAACCGTGCGGAAAATTAGTTCATAGCACAAATATTATAATCACTTTGACAATTATTATTTTAGTATTATAATATTTAAAATTATTTTAATTAAAAAGGTTTACTAATTATGTATGAAATGAAAGCAGTTGTAGGTACTAGTCAGATTGATAAAGACGGACTTTTAAAAACTTCATCAATATTTGATTTAATGCAGGATTGTTCATTTTTTCAATTAGATTCTGAAGAAGAGCTTACAAAATATTTTAATGAAAATAATGTGAGTATGTTTTTGGTATCTAGACAAGTTGATATATACAAGCTTCCAAAATATAGCGACAAAGTAATAGTACGTACTTATGTGTATGAATGCAATGAGGCTTATGGATATAGAAATACTGTGATATATGA
NZ_CP098753.1_gap15	500748	504384	3636	CCTCCATCATTTACAAAATCAAAATCTTCTATTTTACAAATAAAAAGAAATGATTTATTTGATTTACTAGTGAATTATGAGAATTATCCTATATGGTTAAAGTATTTATCACTTGTTCAAGTAGAAAAAATAGATGATGACAAATTAAAAATCATACAAACTTATAGTAATAGAAAAATATCTCAAGATTTAACTGAGGTAAGAAGAATTAATAATGATGATAAATCAGAGATATCTATTGTTAAATTAGAAAATGAATTTACCGTTTTGTGGACATATGTATTAGAAGATTTAGATAACGATAAAACGAAAATAACTATAAAAGAAACAACATATGTTTATCACCCTTATTTTAGATTTATTTTTAAGTATGTTCTTACAGATGAAAATGGAAAAAATGAGTTTTTAATTAAACTTAAAAAATATGTTAATAAAAGATAGACATTGTTGACTAATTTCATTTTTTTAATATACTAATAAAAATATGAATAATAAAGAATTTCGTTTAGTATCTTTGAATATATCTAAAAATACAGGCACTATAAAAACACCTGTAAAAAGCATTGTTTTAGTTGAAGATAAAGGTGTATTTAATGATGCTCATTTTGATAAATTAACCGATAGACAAGTTTCTTTGCTTGCAATTGAAGATATAGAGTATACAAATCAAAAAATGAACTCTAATTTAAAGCCTGGTGATTTTGCTGAAAATATTACTACCAAAGGTGTAGAGCTTTATAGTTTAAAAATAGGCACTAAAATATATATAGGCGATACAATATTAGAAGTTTCAAAAATAGGAAAAGAATGCCATAGAGGATGCGACATAAAAAAATTGGTTGGTGATTGTATTATGCCTAAGAGGGGCATATTTGCTAGAGTAATTAAGGGAGGAGAGATTACAGTTGAGGATACTTGTTATTACTGTATCTGATAGGGCATATAAAGGCATATATCAAGATAAATCTGGTGAGATTATAATAAAAACTTTGGAAGAAGAATTAAAAGATAAAATTATCAATAAAATTATTATACCAGATGAATATGATATAATATTAAATACATTAGAAAATAATAAAGATAAGTTTGACATAATAATAACTACAGGTGGAACTGGCTTATCACAAAGAGATGTAACTCCTGAAGCTACTATGGAGTTTTGTAAAAAAGAGGTTAGGGGAGTATCAGACTATTTAAGGCAGGAATCTATGAAAGAGACTATATTTGCTTCTCTTTCAAGAGGCTATGCTGGAATCAATGATAATGTATTTGTGGTAAACTTTCCTGGAAGTGAGAAGGCAGCAAAATATTGCACTAAATTAATTGTTCCTTTGCTTGAACATATTATAGCTATGATAAAAGGTGAAGGGCATTAATATAAAAATTAAATAAAGGAAATATAAGGGAATTTTATGAAAAAGATTATATTTGTATTTTTTTTAATATCATATTTGTTTGTATCATGTAATCAATCAAATAATACTCAATCTAATTCAGAAAATAAAGAAATATATGTATTAGCAGCAGCAAGTCTAACAGATGTGCTTACAGAACTAGCTAATAATTATAAACAAGAAACATCAACAGAAATTATATTTTCTTTTGCTTCATCAGGTGCTTTGCAAGCTCAAATAGAAGCCTCTGCACCTGCCGATATATTTTTCTCTGCAGCACAAAAACAAATGAATGCTTTAGAAGAAAAAGGTTTAATTGACAGTGAAACTAGAAAAGATTTGCTTGAAAATAAAGTTGTTTTAATTTCTCCAAAGAACTCTAATTTAAATATAAAATCATTTACAGATATAACTAATTCTAATGTAAAAAAACTTGGTCTTGGTGAGCCAAAAAGTGTACCAGTAGGACAGTATTCTGAAGAGATATTGAGTAATTTATCTATACTAGATATTGCTAAAGAAAAAGCTGTTTATGGTTCTGATGTTAGAAATGTGCTTGATTGGGTAGAGACTGCTGAAGTTGATTGCGGAATAGTGTATGCTACAGATGCTAAAATAGCAAAAAATATTAATATAATAGCAGAAGCTCCAGAAGGCACTCATAAAAAAGTTATTTATCCTATATCAATAATAAAATCTTCTCAAAACAAAGAAGAAGCAAAAAAGTTTATAGAGTATATTTCTACAGACAAATCAAAAGAGATATTTCAAAATTATGGTTTTACTGTAGTAAAATAATGTAGTATAATAATATGGAATATTCTCCATTAATACTTTCTTTAAAAACGGCATTCTATTCTACCATAATAACTTTTTTTGTTGGAATATATATTGCATTTGCAGTTTTTAAAATAAAGAGATTTTCATCTATATTTGATATAGTATTTACCCTTCCTTTAGTGCTTCCTCCTACTGTTGTTGGATTTTTTTTGCTTATATTTTTCGGCAGAAATTCTTTCATAGGGAGCATAGTTGAAAAGTTAGGTTTTCCTTTTATATTTACTTTGAGGGGAGCTATACTTGCTTCTTTTATAGTTTCTTTTCCATTAATGTATAGAACTAGTAAAGGAGCTTTTGAACAGATAGACACTAATATTATAAATGCGGCTAGAACATTAGGTAAATCTGAAAATTGGATATTTTGGAGAATAATGCTTCCAAATAGCTGGCAGTCTATATTAGGTGGAGCCATACTTTCTTTTACAAGGGCTTTAGGAGAGTTTGGTGCTACTATTATGATTGCGGGGAATATACCTAATAGAACTCAAACCATATCACTAGCAATATACACTGCTGTGCAGGCTGGAGATAGGGCATTAGCTTTTAGGTGGGTTATAATAATTGTTGCTATATCATTTATAAGCATAATGATGATGAATATTATAATACCTGTTTCTAGCAGCATTAAAAAAAGATTATAAGAAATATATTTTGAGGTTTTAATATTGAGCTTAATAGTTGATATTAAAAAGAGATTATCTAATTTTGATTTAGATTTGCAATTTGAGACAAGTGACGGAGGAGTGTTTGCCATACTCGGAGCTTCTGGAAGCGGAAAAAGTATGGCATTAAAATGTATTGCAGGTATAGAGAAACCAGACAGCGGATATATAGAACTTGACGGAAAAGTTTTTTATGATTCTAAAAAGCATATTAATATTAAGCCTCAAAAAAGAAATGTTGGATTTTTATTTCAAAATTATGCATTGTTTCCAAACATGACAGTTGAAGAGAATATAAAAACAGGAATTAGAAATAAAGTTACTAATATTGAAGATATAATGAAAAAGTTTTTTATATATGATATAAGAAATAAGAAACCAAAAGAGATATCTGGAGGCGAACAGCAAAGAACTGCTTTAGCTAGAATATTTGTATCGTCTCCTAATATATTATTATTAGATGAACCTTTAAGTGCTTTAGATTATCATATAAAGTTGGAGTTAGAAAAGTTTATTTTATCTAGCATCAAAGAGTTTAACGGCACTACATTATTTGTATCTCATAACAGAGAAGAAGTTTATAAGATGGCTGATAATATAGGTATATTAAACAGAGGGAAATTTGAGGTTATAGATTCTAAGCATAATATTTTTAAAAATCCAAAGACATATTTTTCTGCTTTGCTTGTTGGGTGTGAGAACTTTTCAAGGGTGAGATTATTAGAAGATAAAAAAATAGA
NZ_CP098753.1_gap16	689915	694234	4319	TATAACCATTCATCCAATAAACAAATATAGAAGAAATTATTATTATAAATGCTAAATTCATTATCAAAGATTTTTTCTCATTTTCATTTCTACTATGAAGTAATTTCTTCATATTAGCTAATATCAATATAATTATAGAAACAACTAATATTATCCAAGCAGCTATAGGAGAAATATTTCCATTTCCTATATAATTAAAATGATTATCTTGTATAGCTAATGTTTGACCTTTTGTAATATATAACACAACTCCTCTATATGCTAATAAACCAGCTAATGTAACAATAAAAGCAGGTACTTTTCTATATGCACACCAAAAACCATTTATAGCACCTATTATTAAACCAAATATCAATGTAATAGCTATAGCTAAAGGAGCATTTACATCGCTTCTAAGTAATATTCCTGATATAGCACCCAATAAACCTAACATAGAGCCCACAGATAAATCTATGTTTGAAGTAATAATTACAAATGACATACCTATAGAAAGTATACCAGTAATACTCATTTGTCTAAATAAATTTGATATATTTCTAGAAGATAAAAAACTTCCTGAGGTTATTGCACCAAAAAAACCCCAAAGAATAATAACTATTATAAACAACATAAATAAATTATATTTTTTTAAAAAATTTTTTAATCTAAACATTATTATTCTCCTATTGCTGCTGTCATTATTATTTCTTGAGTTAATCCATTATTATCTAATGAAGCTTTTATTTTACCTTCATGCATAACTATAACCCTATCGCTTAAACCAAGTATTTCAGGTAATTCTGAAGATATAAGTATTACAGAACAACCTTCTTCCACTATAGAAAATATATATTGATATATTTCATATTTTGCCCCTACATCTATACCTCTTGTAGGCTCATCCAATATTAATATTTTAGGACTGATTAATAGACTTTTTGCTAAAACACATTTTTGTTGATTTCCACCGCTTAAATTCTTTATTGGAGAATCTAAACTAGGTATCTTAATAGACAGTTTTTCTTTATAATTTAAAGCTGCTTCTTTTTGTAAATTTTTATCTAAAACACCTCTTACAGCATAATTTTTAATTGTAGAAAGAACTATATTATTTTGCACACTATCATTTAAAATTACACCTTGAGTTTTTCTCTCTTCTGGAACAAAACCTATTTTTAATTCTACCGCATCTTGTGTTTTTTTTATATTTAATTTTTTTCCATATAAATAACTTTCACCTATATAATCTCCACTATATGCTCCATATATAGCAGAAAGCAATTCAGTTCTTCCAGAACCAACCAAACCAGAAAAACCTAATATTTCTCTTTCTCTTAAATAAAATGAAGCATTATCAACTTTTTTTATATTGGAATTAACTTTATCATATAAAGTATAATTTTTAGCCTCAAAAATTATATCACCTATTTCTCTACTTCTTCTTGGTATTAAATTTTCTATACTTCTACCAACCATCATTGATATAATTTTATCGCTATTCATTTCAATAGTTTTTCCACCGCCTACACTTTTTCCATCTCTTATAACTTCCACACTATCTGTAACAGCCTCTATTTCATCTAGTTTATGACTTATATATATAGCACTTAAACCATTTTCTTTAAGTGAAAATATTATCTCTATAAGTTTTGAAATTTCTTTTTCTGTTAATGAAGAAGTAGGTTCATCAAATATAAGTATATTAGCATTTTTTAAAATAGCCTTTGCTATTTCTACCATTTGCTGTTCGCCTGTGCCTAAATCTTTTATTTTAGATTCAGGGTCTATATTAGGTGCTATAACTGATAAAGCCTCTTTTGCTTTTGCATACATTTCATCTTTATCTAAAATTCCAAACTTATTTATAAAATTACCTAAAAATAAATTTTCTGTCACATTCATTTCAGGTATTAAATTAAGTTCCTGATGTATAATGGCAATACCAGCAGCTTCAGCATCTTTTATACCATTAAATCTCATTTCTTTACCATTAATAAATATATTTCCATCATAAGTACCAAAAGGATATATTCCAGACAATATTTTCATTAAAGTGGATTTTCCAGCCCCATTTTCTCCGCATAACCCTAATATCTCTTGCTTCCTCAAAGATAAAGATATTCCAGATAATGCTTTTACACCAGAAAAACTTTTATGTATATCTTTCATTTCAAGAATGCACTCTTGCATAGATATCTTCCCCATTAATTTAATATTACTGCTAAAACAATAATATATAATTCATTTTAGCAGCAATATTATTATTTTTTATAATTTAAGTTTATAAATTAATTACCATAAACATCTTCTTTTGTAGCCCAACCATCAGCTATTACAGTAGAATCTAGATTATCTTTTGTAACTTTAATTGGTTCAATATAGAATGTTGAAACATCTTTATAACCATTATTTAATGAACTATTACTTACAGGTTGTTCTCCTTTAGCCAATGCTACAGCTGCTTTAGCACATTCTTTAGCTATTAAATGTATAGGTTTATAAACAGTAACTGCCTGCTCTCCTTTAGCTATTCTTTGTAAAGCTGCCAAATCAGCATCTTGTCCTGAAACAGGTACTTTTCCTGCTAAACCTTGTGCTTTTAAAGCTTGAACAGCTGCCCCACCTATAGCATCATTAGCAGCAACTATAGCTGTAACATTATTATTTTGTGCAGTTAACATGTCTTCTATTATTTGTAAAGCAACATCAGGAAGCCAATCTCTTGTTGCTTGTTCTCCTATAAGTTCTATATCGCCTCTCTCTATATAAGGTTGAAGAGCGTCCATAGCACCTTTTCTAAAATATTGAGCATTATTGTCAGTAGGAGAACCGCCTAAATAATAGAATCTTCCTTTATTAGTAATATCTAATATACCTTCTGCCTGCATCCTTCCAACTTTTTCTAAGTCAAAAGTTACATAATGTGCTACATCACAGTTATTTATCATTCTATCATAAGCTAATGTTGGTATACCGTCCTGTGATGCCTGCATTATAGCTGGCGAAAGACTATTTCCATCATTTGCTATAACTACTAAAACATCAACATTCTGCGCTATTAAATTTTCTATATCAGCAAGCTGTTTAGTAGCATTTCCATCGCTTGAAACATAGATAACTTCAGCACCTAAACTTTCAGCTTCTTTTACAAAATAATCTCTATCTTTTTGCCAACGTTCAAGTCTTAAATCGTCTAAAGATAAACCTATTTTGATTTTATCTCCCACTTTATCAGTTGCTGCATTATCTGCTTTATTTGAACATGATAAAACAAATAGAGATAAAGAAATAAAAATAACTATGATTTTTTTCATAATGATGTCTCCTTAAAATTATTATAAATTATATATAAATTGATTTAATTTAGCTTCAAGTAATTCTTGATTACCGCTAGGAAGTTCTTTTTCTTCTAAAGCAAGTGCATAATCATATAACTCTTCTAATGATGTTGATTTGCTTTCTATTTTTGCCCCTATTCCGCTATTGTAAGAACTATATCTTTCTTCTACAAACTTATCAAAACAACCATCTTCAATTATTTTATTAGCTACTCTTAATCCCCAAGCTAAAGTATCCATTCCCGCAATATAAGCATACATTAAATCGTCCATAGTATGAGATGGTCTTCTTACTTTAGCATCAAAGTTGAATCCGCCGTTTCTTAATCCGCCATTTCTTATAATCTCTACCATCATTAATACTGCATCATATACATTAGTTAGGAACATATCTGTATCCCAACCCAAGAAAGTATCACCGTAGTTAATATCAACAGAACCTAATTTTCCATGATTTCTAGCAACCTGCATCTCATGCTGCATAGTATGTCCTGCCAAAGTAGCATGATTTACTTCTAAATTAAGTTCAAAATATTTATCCAAATTATAATGATATAAAAACTCTAAAGTAGTAGCAGCATCAAAATCATATTGATGTTTTGTTGGTTCTTTTGGTTTTGGTTCAATAAAGAATTGTCCTTTAAATCCTATTTTCTCTTTATACTCAACTGCCATAGATAAGAAATAAGCTAAATGATCCAATTCTCTTTTCATATTAGTATTAAGTAAAGTTTCATAACCTTCTCTACCGCCCCAGAATACGTATCCTTTAGCATCTAACTTTTTAGCTATATCCATAGTTTTTTTAGTTTGAGCAGCAGCAACTGCAAAAACATCAGCGTAAGGACTAGTAGCAGCACCATGCATATATCTAGGGTTTGTGAATAAAGATGAAGTAGCCCATAAGAGTTTCTTACCTGTTTTAGACATACTTTCTTGTATCAAATCTACTATCATATCTAATTTTTCATTAGTCTCTTTTAAAGTTTTATATTCAGGAGA
NZ_CP098753.1_gap17	696453	700747	4294	GGAAAAGAAAAAATGATTCAAATAACAGGCTCAGATTCACCGCTTAGATTTACTGGTGCAGTAATAAAATATAATTTTGATAACAACTTAGATTTAGAAAATAATACATATAAAGTATTTCTTCTCAATACATTCATAGCTTCTATTCTAACTGCTAAAGATGATATTAGTGCAGATTTTGGAAATGCATCTGGTATGAGTTTAATGGATTATACAAAAAAAGAATGGAATGATAAACTCATTAATACTGTATCAAATAATTTAAAAGAAAAATTAGGAAATATAGATAATCCTTCAGCACTGGCAGGAAATATAGCAGAATATTTTATAGAAAAATATGGTTTTAACAGAGATTGTTTAGTAGGAATAGGAAGCGGAGATAATCCTCAAACAAAAGTATTATACAAAGGAGATATATTATCTTTAGGAACTAGTTTTGTATATATGCTTAATATTGATGAAAACACAAGAGATTTTTCTGGTGTATCTAATGCTATGTATGATGGTATAGGAAATCCATTTATGATATTCTGCCGTACTAATGGGGCTATAGTTTGGGACGAAATTATGAACTTATATCATAAAAATTATAAAGATATAACAGAATCATTATCCAAAAATATAGACAATTTACCTATAATGATATATCAAAGAGAAAATGAATCTGTACCTATAAGTAAATCTTTTGATATAAAAAGATATTATGATGATATTTCTTTTGATAATGATTATAAAGGCATTGTATTAAGCTCTTTAGGTTTAGTTGCTGGATATTCTAAAAAGTTTGCTTCAGAAAAAAAGGCAGCTGATTTATCTGTTACAGGCGGACCAACTAAAGATAAAGAAATATTAAAAATAATTGCTAATATTTGGCAGTGCCCTATAAAAATACTTCCTTCTGGAGGAGCTTCTCTTGGAGCTGCAATAAGTGCTGTACTATTATTAAAAGAAAATATTTCTTTAGATGATATTAGAAATTCATTAATAGATAACACTGTAATAGAGCCTGATTATAATTTATCAAACAAATATGATGATTATTTAAAATCTATGAATGAAAAATTTAATGAAATAATTAAACATTAATTTTTAATTAATACTAAAAAATATTAACTAAAATAAAGAAATATTACTCTAAAAGCTTAATTATATTTTTATGATTTTTTTGCTTAGCATAAAATAATGCATCATTGCCGTCATTATTTACAACATATTTATCAGCATTAGCATTTAAAAGCAATGCCACTACTTTTGTATGCCCTTCCATAGAAGCTAATATTAATGCAGTATTTCCTGCCTCATCTTGAACATTTAGATTAATATTTTTTGCTATCAATTTCTCAACAATATCATCATCACCAAATATTGATGCATCTAAAAGAGTCTCTTCATCTTGAGTGAGTGTATATGCTAAATTAAAAGAAAAGAATATAAATATTATTAAAAAAAGATATTTTTTCATAATGAGTCCTATATAAAAAAACGACTCTTAAAAGTTTTTTAAGAATCGTTTTTTATTAAAAGATGTGGAGGTTATGGGGATCGAACCCACGACCTACTGCGTGCAAGGCAGTCGCTCTCCCAAACTGAGCTAAACCCCCGTGTATGTTAAAGAACCTGAGCGTGTGGGCCTGGGAGGAATTGAACCACCGACCTTTCGATTATCAGTCGAACGCTCTAGCCATCTGAGCTACAGGCCCTTTTTTTTCTCTTTGATATGTTGTATAATATAACATATTACAAAAAAAATAGCAAGTTTTTTTTCTAAAATATTTTAAAAAAAACTTCTAAAGATATAAAAATGGAGAGATGTATGAATTTTAAAATTTCTAAAATGATGGCAAAAAAGGACTTTCAAAAAGAGTTCTCTGATTTTATGCTAAAAGCAGTTTCAATTCCTAATGTTATCAGTTTTGCTGGAGGTATGCCAAACCCTATTTCTTTTCCTAATAAAGAATTAAAAAAAGCATACTCTTTTGTAATGGATAATCATTATAAAACAGCATTGCAATATGCAAATACTCAAGGATATATTGAATTAAGAAAAATAATAGCACAAAGATACAAGAGCAAAGAAAATATTAATGTAGAAGCAGATGATATATTAATAATTAATGGAGCACAGCAGGGATTTGATATAATATCAGCTGTTACACTAAATGACAATGATAATGTTATAGTAGAAGCCCCTACTTTTTTGGCAGCAATTCAAACTTTCAATTTGTATAATGCTAAAATACATAGCGTAGAAATAAATGATAAAGGTATTAATTTAGACGAATTAAAAAACATACTAAAAAAATATAAATCAAAATTATTTTATACAATTCCAAATTTCCAAAACCCAACAGGTTTAACTTACAATAATGAAACAAGAAAAATAATTGCAGATATGATAAAAAAAACTAATACCATACTCATAGAAGATAATCCATATGGTGCTTTAAGATTTAAAGGAGAAAATCAGGAATCATTTTTCAATTTACTAAATGAACAAGTAATATTAATGGGTTCTTTTTCAAAAACAATTTCGCCAGGCATAAGAGTTGGCTGGATTGCTTCAAAAAATAAGGAATTCATGAAAAAAGCCATAGAATATAAACAAATACTTGATGTTCATACTAGCATGCCAGACCAAATGGCTATTGCTCAATATATAAACAATAGCGACTTTGATAAGCATATAGAAAAAATAAGAAAACTTTATCATAAACAGTGCAATGCTATGATTAATGCTATAGAAAAATATTTCCCAAAAGAAGTTAAATATACAAAGCCTGAAGGCGGAATGTTTATATGGGTAGAGCTTCCAAAAAATATTAAATCTGTGGAGTTAGCAAATGAGACTATAAAAAGAAATGTTGCAATATCTCCGGGTGACCCTTTTTATAATAAAAAAAGAAATGTAAGCACTTTTAGATTGAGTTATTCAAACTGTTCTGTAGAAAATATTGATAAGGGAATGAAGATAATAGGCGAAACTATAGATAAAATGCTTAAATCAAAATAAATTAATAATTAGGAGTAAATAAAAATGAAAGATATAAGAATAGAAAAATTAGCTTACAATCTAGTAAACTATTCATGCAGATTAAAAAAAGGAGAAAATGTTTTAATAAAGGTTTATGGTGAGGGAGAAGAAAGAAGCCTAGTAATGGCAATAATACAAGAGGTTTATAAAGTAGGTGCTAATCCTTTTGTTTGGAATCATGACCCAGAGATAATGAGAGAATTATTAAAAAAATGTAACGAAGAACAGATAAAAACTTGGGCAGAATCTGACTTAATGCTAATGAAAAAAATGGATGCATATATTGGTGTTTGGGGAGGCAACAATAATGCTGAGAACTCTTCAATTAAAGAAGAAAATTATAAAATATATGAGAAACTTTATTTAGACCCTGTACACATGCATCAAAGAGTAAAAAATACAAAATGGGTTGTATTAAACTACCCTACTTCTTCTATGGCACAGCAGGCTTCTATGAGTACAGATGAGTTTGAAGATTTTTATTTTAAGGTTTGTAATTTGGATTATTCAAAAATGGATAAGGGTATGGATAATTTAGTTAGTCTTATGAATAAAACTGATAAAGTAAAAATTATAGGAGAAGGTACTAATTTAGAATTCTCTATAAAAAATATACCTGCTATAAAATGTGCTGGAATAATGAATATACCTGATGGCGAAGTGTTTACTGCTCCTGTAAGAGATTCTATTAATGGAGTTTTATCATACAACACACCTTCATTATATAGCGACGGTTTTACTTACGAAAATATTAAATTAGAGTTCAAAAATGGAAAAATAGTAAATGCATCTGCAAATGATAATGAAAGAATAAATAAAATATTTGACACAGATGAAGGAGCTAGATATATAGGCGAGTTTGCTATTGGAGTTAATCCTTATATAACTAAACCTATGAAAGATACTTTGTTTGATGAAAAGATTATGGGAAGCTTCCATTTTACTCCTGGTGCTTGTTATGATGAAGCTCCTAATGGAAATAAATCTACTATACACTGGGATTTGGTTTGCATACAAACTAAAGAATATGGCGGAGGAGAGATGTATTTTGATGATGTATTAATTAGAAAAGATGGAATCTTTGTTATAGATGAACTTAAATGCCTAAACCCTGAAAACCTAATATAATTATTTTCACATAATTAAACATACAAAAAAACAAGGGGCTAATCAAATCCCCTTGTTTTTACTCATTTAATAATAAAACATTATTTATTTTTTTATTTCTTTATACCATCAAGACCTTTTTTAATCTTTTTATAA
NZ_CP098753.1_gap18	703312	706320	3008	CTATTTTACAATATCAGCACCTGCCACAGTGCCTATACACCCAAAATCTTTATTAATGACAATTCTTCCATACAAAATATATCCTCAAGTTACAATCATATTTCATATAGCTGTAATGGGTTATGGATTATTTTTATTTTTAAGAGAAAAGAAACTATCAACAAAAGCTTCTATGTTTGGGGCAATTGCTTTAATGTTTTCTAATGCAATATTTACTCTTATACTTCCTGGGCATTTAGGTAAATTTGAGACTTACTGTTATTTTCCTTTGGTTTTATATTTCTTATCAAAGGCTATGAACACTGAGAAATGGATATATTTCTTTTTTACTGGTGCTTTTTTAGGCATTGCTTTTTTGGGAGGAGCTTTAGATGTAGCAATGTATTTTGCTTTGTTTCTCTCTTGTTATTTTTTATATTTATTATACAGCAAAAAAAACAATCTTAAATTAATTGACTATATAAAAACTAATATTAAAAAAATAATATTGTTATGTATAAAGTTTGCATTAGTTGCAGTATTTTCTTTTTTAATGTCTATACAAGTTATAATGGTTACAAAAAACACACAAGATATGGGAGCTGCTGGAGTAGAAAACAAGCAAGACTTATGGAATTGGGCTACAAGATGGTCTTATCCGCCTGAAGAAGTATTAGGATTTTTTGTACCTGGTCTTTTTGGGTATTATTCTGGAAGTGAAACTCACCCTTATTGGGGAAGAATAGCTAATATGAACGGAGAGCCAAAAACTTCAAACTTCTCTCTCACCGCTGTAAACATCGGATATATAACATTTTTATTTATAATATTCGCTTTATTTATAAGTAAGAAAAAATACAGTGAAAAATATTTTTGGATAGGTACTGCTTTATTCTTTTTGATAGCAAGCTTTGGAAGATATTTGCCTATTATATACGGAGCATTGTTTCAAATACCAATATTTAGAGATGCAAGAAACCCTAATAAATTTATAGAAATTATACCTATACCATTTGCAATACTTTCAGCATTTGCAGCAGATTATATATTCAAAGCAATAGAAGCAAAAAAAGAGGATAAACTTCTTAAATATTTAGAAGATGAATATAGAGGAGTAAGTATAGCACAAAAAATAATGTATGCTGTATTAATTTTGTCTGTTGTATTTGCTGTTATCACTATACTATTAAACGGTTTTATACAAAATGCATTCCTCACTGACTGGCAAGACAAATCTGCATTAATAGCAAAAAATATATCAATGTCTTTTATAAGACTCACTCTAATATCATCTGTAACAACTCTTTTAATGATTAATTCTATTTCTTTAAAAGAGATAACATTAAAAGATAAATATTTATTAGTAGCTCCTTTAATAATATTTATTTTACTTTCAGTTTATGATACAGGCAAAATAAGCATATTAATAATAGGCACAATAATAACTTTTTTATATATCATAATAGCAAACAAAGAAAATTTATATTATAAATATTTACCATACGCTTTTATGGCTATACTATTTTTAGACTTAATGCAAACAGCAAATATATTTATAGTAAAATCAAATATAGATAAAATGTATGAAGGAACCCCTATCACAGAGCATATATTAAAACAAGAAGGCAATGAAACTACAATGCCAATACTAATTCCTTATCTATATAGATATACAACACATACAATGCCATATTACAATATTCCATTAACAGAACCACCCGCAGCAAGCAGATTAAGCAAAGAAATAACAGATATGTTCTCAGCATTTAGAATTAATGATTATGTAGGATATGAACCTAGATTAATGGATTTGCTTGGAGTAAGATATATATTAAGCCCTACATATTTAGACAGTTCCGTAATTGCAAATGATATCACTAAAATAACAGAGTATCAGGATTCTTTCTCTGCTGCTGTATTATACGAGCTTAATGGATATAGAAATAAATATGAGTTTGTAAATAGCGTATATAATGCAAAAGATTTTAATGATGGTCTTGGAAGAATGAAGATACCTAATTTTAATTTATCAAAAGAGGCTATTATAACAGATAATGCTAAAAATATAGTTTTGAATGTGAGCAACTCTATAAACAAAGTAGAAATGCTTGAGTATAGCAACAATAAAATAGTATTTAATGTTCAAACTCCTGATGCAGGAGTATTGGTTTTAAAAGAGAGATATAGTCCTGATTGGAGCGTAAGCATTAATGGAGAGAAAAAAGAATTGCTTAAAGCTAATTTGTTATTTAGAGGTGTATATGTTGAAGCTGGAGATAATAATATTGTATTTGAGTTTACTCCTACAATGAAATATGCTTATATTACAATAGTTTCTTGGGCTTTGTTTATTGTAATTTCTATAATAGCAATATTTAGAAAGAAAAGAGTAAATGAATAAAAAAATAATTAAATATAAAATTATACTATTAATAATGGCTTCATTATTCTTATTTTGTTTTATTGTAATGAATTATATTAATATCAGCAATATAATAAAATATAAAAAAGGAGACATCATAAAAGTTCAAGCAAATATTGAAGAGTCAAATTATTATGAATATGGACTTATAAAAAGAAAATATCCATATTTAGTTTATAGCTTTATTTATGATGATAAAAAAATTACAATAAGCAATATGCTAAGCGACAATACTTTTACAAATAAAAAACTTATAACAATATACTATGATAAAATAAATAATAGAGAAGTTATGCTTCCATCTATAAAAAATTTTATATTATCTTTTATATTTTTTGTTTTAAGCATAATTATCATAGTATATGCTATAAACTTAAAAAGAATATATACTTAAATTACATTAAATATCCATTGCTCTCTTCAAGCACTTTGGCATATTTTTTTACGCCAGTATTTACATTCATAAACTCTTTAGTATATCCAACTTTTTTCAAATTAGTTAAATCTGCCTGAGTGTATTTTTGGTATTTTCCTTTAAGAGCATCAGGGAAAGGAATATACTCAATTTCAGAAGAAGAGTACATCTCTTTTAAAGCCTTAGCAATTT
NZ_CP098753.1_gap19	749122	753050	3928	AAAGATAAAACTTATAAGACTATGATACCAAGAAATGTACGTTTGAGTGAAGCTCCTTCTTACGGAAAAGCTATTACAGATTATGATAAAGAATGTATTGGTGCTAGAAGTTATAAAGAGTTTGCAAAAGAGTTTATAGAAAGGTCTAAATAATTTTTTGGAGTAATAATATATGACTAGAAAAGGCGGACTTGGCGGTCAGGGTATGAATGCCTTAATAAAATCTACAGATAAAGAAATAAAAAAAGCTGTTGAAGAAGCTGAAAAAAATGGGATATTAGAAATAGATATTTCACTTATAGATGTTAATCCAGATCAGCCTAGAAAAGTTTTTAACGAAGAAGAAATTAAAGGGCTTGCTGAATCTATAAAAGAAAACGGACTTATAAACCCTGTCACATTAAGAGAAAAAGACGGCAAATATCAAATAATATCTGGAGAGAGAAGATTTAGAGCATTTAAATATTTAAACAAATACAAAGTACCAGCATTAGTATTAAAGAACATACCAGACTCTAAAATGCTAGAACTTACACTTGTAGAAAATATTCAAAGAGCAGATTTAAACGCAATAGAAATAGCAAGAAGCTACAAAAAATTAATATATGATTTAAATATTAAACAAGAAGAATTGGCTAATAGAGTCGGCAAAAGCAGAAGCACTATTTCAAACTCTATGAGAATATTAGAGCTAAATGAAAACATACAAAACCTAATATTAGAAAATAAACTTACAGAAGGACATGCTAGAACAATACTTTCTTTTAGCGACAATGATGAAGAGAGAGATTTATTTGCTAAGGAAATAATAGAAAAAGGTTATTCTGTAAGAGAATGCGAAAAAATAGTAAAAGAAAAAAAAGAAATAGTAAAAGACAATAATGATACACAAGATAAAAATATAAAAAAAGAAAATAAGAAAGACCCAAATATAAAAAAATTGGAAAATGATTTGGAGAAAATATTTTCTACAAAAGTTAATGTAATAGATAAAGAAGGTAAAGAAGGCAAAATTATAATAGAATATTATAGTGCTGATGATTTATCTAGAATAATGGATATACTCGATAATATTCATAATATTAATACCAACTCTATTAAGCATACAATAGAATATTAGGAGATATTTTCTTGAAATTAAAAGTTCTAATCATATTGCTATTAAATATATTTTGTTTATATTCAAGAGAACAATTAAAAATATCTATAGTAGATTTGAACTATGAATTAAAAAACAACTCTCCTTTAAGAAAAGATATTGTAAGAACTATAAATCGTTTTGCATATCTAAAACACCCATACACTATCACAGTAGATAGAATGAAAAAACGATTATTCAAAACAGATGAATTAACATTTGAACAGGGACTAACAGTAGCATCAAATTTAAAAGTTAATGTTGCAATTATAATGGATAGTGAACTAAAACTAAAAAACACTAATAATATATCAACCAATAACTTACAGACAAACAATATAACAAATATTTTACTCACAAATGAATATCTTCAATCCTACTCTAATGATATAGTAAATACATTAGATAAATTAAATAACTATACTCAAGAAAAAAAAGAATTAAATGATATAATAGAAGAAAAACTTGGAAATCCTTCAAACACCAATAATTCATCAGAAACAAATGAATATGAACTTTTTTATAATTTCACAGTAATAGATATAACAAAAAATGAAACTCTTAAAGAATATAAATCTATAGCTTCAAATCAAGCTAATTCTCAAATCAGTGAAATAGGAACTTATTTAGAATATTATTTTGCAAAAAGCTTATTAGATTCTTTTACCAATGAAAATAGTAATATTAACTTAAACTTTGAAATAGAGAGAATTACATCAAGCAATGAAAACATCATTATAAAAAATAGCGGCGAAATAATAGAAAATGAAACATTCAAAATAAAGTTTAATTCAACAGAAGATGGTTATTTATATATAATAGCTTTGCAAAATGACGGCAATATTATTTTAATGCATCCTAATGATTTTAATAATTATATGGAAAACAATAATATTCAAAAAAACAATATAGATTCTAATACAGAATATACAATTCCTCCAGAAAACTCTATTTTTAAAATAGTTGTTTCTGCTCCGTTTGGCTTAGATAGTTTTTATGCTATATTCATGAAAAAAGAAGCCGTATGGTTAGAAGAGCAGTATTTTAGCGGAGAAGGATTTAAATCTGGAAATAAAACTAGACTTGCTGAGATGGTAACAAAATTAAAATCCTCTCTCAAATTAAAACGTTCAAATAATTGGCAAATATCCAAAATATATATTACTTCAAAACCAGAAATTCAATAAATTTGCATTTTTTCATATTTATATTATAATTTCATAGTCATTTTAATTTTTAGGACTAATGAATGAAAAAAGGTTTAATGTTTAAGTTTATTTTAACTTTTTCTATATTTTTATTTGCAGCATTTATATTAACATACTTTATTTATAAACCTATACATATAGGAAAATTTTTAAAAGAAAAACATTTTCAAACTCTAAACTTAAAAAATATAACAGAGGGACAAATTAATGAAATAAAAAATACAGTAAACACTGTAGTAAATAATCTTGAAGCAAATCCTAGTGTAGAAACTATAGGAAACTTTTTTACAAATATTGCTAAATCACAAACAGGTTATTTAAATGTATATTATGGTGAAACTGTGCCTTATTCTCAAGGTGGTGTTTTTATTAATACATTGACAGAATATGACCGCTCTTATGACCAAACTTCAAGGGATTGGTATAAAAATGCTGTTTTGACAAATGATGTTTATATCAGTGAACCTTATATAGATTTTATAGTAAATGAACTTACTGTTACATTTAGTAAGGCGGCATATACTAATAATTCATTACTAGGAGTATTTTCTATAGATTTTACAGATATTAATGGAATAATTGAAAATGTAAAAAAAAGCTTTGCAGGTGAATGTTATATTGTATCTCAAGATGGTATTTATATAACTCATGATGATAAGAAATATCTGCTAAATAAAGACAATAATTTATTTACAGACCCTTTATTTGAAAATTTTAAAGATAATTTTTCTTCTCATCTAAACGAAACCAAAATATATAAAAATCAATGGTATAGCATACAAACTTTATCTAATGCTCCTTGGATAATTGTTTTTAAAGGAGATGCTAGAAGTATTAATATTCAATTTTATATAATAATGCTTATTATACTATTAATTATGATAGCTTTAATTGTTATCGAAATATTATTAGTATCAAAAGTTATTAAGCCTTTAAATCATTCTATAGAGATAATAGACTTTATGAAAGAAGGCAATTTTAATAGTAATTTTAATAAAAAAGATTTATCATTAAAAGATGAATCAGGACATTTAACTAACTCTTTAAATGAGATGCAAGAGAAAATATCTCAAATAGTTTATGGCATTAAGTCGCATATAGACGGCATTAAAAACTCTACAGCACAAATATCAAATGGTATTTATAATTTATCTGATAGAACTTCATCTCAAGCTGCTGCAATAGAAGAAATAACAAGCTCTATTGAAAGTCTTTTTACCTCAATATCTGAAACATCTAAGCATAGTAATTTAGCAAAAGATATGGGCATAAAAGTAGCAGATTATTCAAAAAGCGGAGTTGATGCAGTTAATAAAATATCTAATAACATGTATGATATATCATCTTCAAGTAAAGAGATTTCAAATATTACAAAACTTATACAAGATATAGCATTACAAACAAATATTTTAGCATTAAATGCCGCAGTAGAAGCAGCACGTGCCGGTGAACAAGGTAAAGGATTTGCTGTAGTTGCTTTGGAAATTAGAAACTTAGCTAATAATGTTAATGATGCGGCAGGAAATATAACCAGCATTATAGAAAAAACTTTATCAAAAATAGAAGTAGGATATGAATCTGT
NZ_CP098753.1_gap20	771194	774172	2978	TACATGACCTGCACCTATAATAACTACTTTTCTATTTTTAATCATAAAAAAATCCTTTATAAAATATAACTTTACAAAAATTAATGGCTTGCTTTTTTTACTATAAAATTACCAAGTGCCTGTATTAATCCAACAAGTATTACAAGAAGTATCACAGAAACATATATAATATCTAATTTATTCCTGTAGTATCCAGACTGTATAGCATAAGTACCAAGCCCGCCAGCCCCAACAGCACCAGCCATAGCAGTAAGCCCTATTAAACTAATAGCAGTAATTGTAGTTCCTCTTGCTATAGGGGCAATACTCTCTTTTAAATAAACTCTAAATATTATAGCGATGGGAGAAGAGCCCATAGATTGAGCAGCCTCTACTAAACCAGGATTTACCTCAGATAAAGCACTCTCCATCTGTCTAGCAAAAAAAGGAACTGTACCAAAAATTAAAGGTAATATAGCTCCCTTTACACCAATAGCAGTACCCATTATAAATCTAGTTAAAGGTACAAGCATAGCAAGAAGTATTATAAAAGGTATAGCTCTAAAAAAGTTAATAACCTTACTAAGCACTTCATATATTATAACATTTTGCATAATGCCGTATCTCTTAGTAACAATTAAAAGTATACCTAAAAATCCGCCCACAAAAAATGATATAACACCAGAATATAAAAGCATTATGAATGTTTGTATAATACTATCATAAAGTTTTGGTAAATCATTCATTACATTTGGTATTAATTTATTTAGAAACTCTAGCATCAGCTATTACCTCCACATCAACATTTTTTTCTTTAAGAAAATCTATAGCTCTCTTTATTCCGTTATCTTCATTTTCATGCATTATAATGACAAGCCCTCCAAGTAAGCTCTCATCTATAAACTCAACATTTCCAAAAATAATATTAGCATCAACATTAAAAGCCCTAGATATATGAGAAATAAAAGCTTCTATTACTCCTCCCTTCTTATATCTAAGTCTTAATATACATTCATTTTCTTTTAATGATGTAATAGTATTTTTCTCTTCTACCAAATCATATATTTTAGAAAGATTTGAAGTAGTGTCTATAAAATCTTGAGTTATTTTATTTTTTGGAGCAGAAAATACATCAAAAATATTACCCTCTTCTATTAAATTACCAGCATTCATAACAGCAACTCTATGGCATAACTCTTTAACAACATTCATCTCATGTGTTATTACAACTATAGTAATTTTTAATTTCTCATTTAATTTTTTTAATAATTTAAGTATAGAGCCAGTAGTTTGAGGGTCTAATGCACTAGTAGCCTCATCGCAAAGAAGTATATTTGGTTCATTAGCCAAAGCCCTAGCAATAGCTACTCTCTGTTTCTGCCCGCCGCTTAATTGTGATGGATAAGCATAAGCCTTCTCTTTTATGTCCACAAGCTCAAGCAAAGACATAACTTTATCTTCAACTTCTTTTTTTGAAAGTCCCCTATATCTTAAAGGGTAAGCAACATTTTTAAATACATTTCTAGAGCCAAATAAATTAAACTGCTGAAATATCATTCCTATCTTTTTTCTTTTTTCTCTTAATTCTCTTTGAGATAAAGACATCATATCAACATTATCTATATAAACCTTTCCAGAAGTAGGTCTTTCAAGTAAATTAATACATCTTACAAGAGTGGATTTTCCAGCACCAGAAAAACCTATTATTCCATATATCTCGCCGTCTTCTATTTTTATAGATACATTGTTTACAGCATTAAGCTGTTTATTATTTGCGGTTGTAAATACTTTGCTGACATTTTCTATTACTATCATTAACTATTCCAATTAAAATTTTATTCTATACATTATATAATTATATATATTTCTGTCAATAATAACTATGAAAACCATAATATAAAAACCGTTAAACTAATAAGCCTATAACTAGATTTCTCTAGCTATAGACTTATTATTTATATACTATATTTTACCAAATCTCTTATTTAATTAATATCCTCTCGCTGATTCATCTTTCCATTTTTTAATAACTCTCTCAACCTCATCTCTGTCATAAGAAGTATTTTTTACTATCTCATCATATTTCCAACCCTGCTTATACATATTAATAATAATATTCTCTTTCTTATCATTAATTTTTGTAGCAGTAGTTTTACTTCTCTTAGTTAAACTCTTACCAGCATCATTAACATACTTTTCAGCATTATCTAATAGAGTCTCTAAATAACGAACAAAGTATTCAGCTCTCTCAAGATTTTTAACTATATTGTTATCATAATCCTCATACTGCTTCTTCATGTATTTTAAGTTTTCTCTCTGATTTTGTATCTCTTCTATGATAACATTAAGCTCTTCCAACTTGCTAAAGAACTTTTGTACCTTCTCATCATTCTTATCTATCTTAGCCATTTCTCTATCTAAAGCAAACATCTTGTCAGAGAACTCTCTTCTAGTATCTTCTATATCAAGCATAGCAGATTTAATAGTATCTATTCTTTGTAATATATCATCAGATTCATTATCAGCGATATTTACTTTTTCTAATATAGTATTAGCCTGCTCTTCTTTGTCATTGATAATAGCAAGTTTATTTTCTATCTGAGAAGCTATATCTATAACAACTTTTATACCCTCTTGAGTATTTTCTATCATAGAGTTGCTTTCAGCTATTTGTATAAACTTGTTTTGTACCTCTTCAGACATCTCTACAAGCATATTTACTTTCTCTTGAGTATCTTTTAAGCTTTCTTTCTCTTTTCTGATACTCTCAGCATAATCTAATATAGTGTTATGCATATTCTTAAGCTCTTCAAACTCAGACATAGTTTTATTCATATCATAAACTGTATTTTTAGTATCATTTACTAAAACGTCCAATTTAGCTACATCATCTTTAATAAAGTTAGCCATCTCTTCTGCTTTATCAAACACTTTTACAGTATTCATGTATTTATCTATATCTTTGCCTATTTTTTCTATTTGTATTTTTAATGTTTCAT
NZ_CP098753.1_gap21	892069	892684	615	TCTGTTTATTACAGTGCTGCTTTTTTCTGCTTTATCAGTGAATGCCACAAATAAATCATGAGAAAGAGAAGAAGCTAATGCTTGTAATACAGAACTTATTGTAGAAAGCATTGCAAACAATATAAATAATATAATCATTCCTCCAATAGCAGGCGGAAGATATGAAGTTAAAAATACAGGCATAGCACTATCAGGATTAGGAAGATTAGGATTTTTATAAAACATATAAAGTCCAACTATTGGAACTAAACTTAATATTATACCCATAGGTGCCATTATCAAAGCCATAACAGGAATATTAATCTTATCTTTGAATGATAAAAATCTTACAGACATATAAGGCAATGTTGTAGTAAATAAAAACGCATATATAAATACTAAAAATACTTTATATTTTCCTTCCCCATAAGGATTAGATGTTGTAGGATTAATAAACTCTGGCTTAATAGCTCCTACACTATTAATAAGCTCTGTCATAGAAACATCTTTTATTATTGTAAGATAAACTATTATAGAAGCTACCAACATACCAATACACATTATAGTATCAGTAATAGCAACAGCAAGCAATCCTCCCTGAACAGTAAATATTATAATTACAATCATAAGTATTAT
NZ_CP098753.1_gap22	954936	958964	4028	GTAGTCTTTTTTCAACATTCTCACTTTCTAATCGTAAAAATATTTCTCTCATAATATGTATTTAATTCCATAAAATAACTATTATTCTAATAAATTATACATTATAATGTTTATTTGTCAAAACATTATATACAATTACATCATATAAAATAAAACTATTAAAATATATTATTATTAAGTTTCAAAAATTAAGTTACTTTTGTATTGTTTTTTAGTTCTATTTTCATTTCTCTTATTATACTATAACCTAAAGGTATTGATATAATAAAAGTAAATAAATCTGCCAAAGGCTGAGCTATTTCTATACCAAATAATCCTAAAAACTTTGGTAATATATAAACTATAGGTATAAAAAATATCCCTTGTTTCGCTAAAGCAAGTATTGAAGCTCTTATTGTTTTTCTAGTAGTTTGAAGAATCATGCTAGATAATGTTATAAGTCCCCACAATGGAAGAGTTAATGCTTGATAACGTAAAGCTCTATTTGCAACAGAGAATAATGCCTCATCTTCTTTATTAAATAGATTTACTATATAATGAGAATTAATAAAAATTATAAAAGCAAATATTATAAGCACAATAGTAGAAACTTTAACACAAAAATAAAAAGCTTTTATAACTCTATCATATTTTTTTGCCCCATAATTAAAACCGCATACAGGCTGAAAACCTTGACCAAAACCTATTATTGCAGAGTTAGCAAACATAGATACCCTATTTACTATAGACATAGCGGCTATTGCAGCATCTCCAAAAAATGAAGCAGATGTATTTAAAAAGGCGGTTGAAAAACTTGATATACTTTGTCTGCAAAGACTAGGAAGCCCCCCAACAATTATAGCCTTATACTTTTCTAAACTAGGTGAAAAATCTTTTAATCTAATAGGAAGAGTACCCCATACATTTGAACCAATTAATAACACACAAAAACTTATAAATTGACTTATTATAGTACCTATAGCAGCACCTTTTATTCCCATATCAAAATAAAAAATAAAAATAGGGTCTAATATTATATTAATTATAGCTCCGCTTATTAAACCTATCATCGCAAATAAAGCATTACCTTGAAGTCTTAATTGATTATTAAGCACTATAGAAGCTGTCATATATGGTGCACCTATTAAAATATACTTCATATACGTTTTTGAATAAGGCAGTATTGTATTTGTAGAGCCTAATATATGTGCTAAAGGATTTATAAAAATAATTCCAAATATTAATATAATAAACCCAACTATCATAGCAGACAAAAAACCAGTAGCAGCCATTTTGGAAGCCTCAAGAGTATCTTTAGCTCCTAACTTAATAGAAATATAATTACCGGAACCATGTCCGAAAAAAAAACCAATAGCCTGTATTATAGCCATCATAGAAAATACTATTCCAACTGCAGCGGTAGATTGAGTATTTATCTTACTTACAAAAAAAGTATCTGCCATATTATAAAATGATGTTGTTAGCATACTAATAATTGTAGGAATTGCCATTTTTACAATTAATGGTTCTATATTTGCTTGAGTTAAATACTTATATTTTTCTTCTTGCTTAGTTTTTTTATCTGTCATATATAATTTACCAATATTTAAATGTAATATATTTTACTACAAAAAAACAAATAAACAATATAAAGGAAAATACAATATAATTATTACTTTGTTCATTTAGATAAATAAGAATCAAGTTTGACTTTTTTCTATTATAGAATATTATATATTAAATGAATAATAATGTAGAAAATTTTATAAAAAAGTTAGAAAATAATAATGAGTATTGTTTTACTCTAGAGATATCACCTCAAGCAAAATATGATTTAAGCTATATAGAAGAGAAAATAAATAATTCTCAAATACAAAATTATGCAGATGCATTTGTAGTAACCGATTCCCCTTTTGCAAACATTAAAATATCTCCAATATTAGCAGCAATACAATTACAGCAAAGGCTAAACAATAATAAGCCATTTATTGCAACACAAACAATGCGTGATAAAAACTCTCTGGCATTACAAAATGATTTAATCGGAGCGAATTATTTTGATATAAGAATGATACTTGCAGTTACAGGTGATGCTATAGCTAATGGAAATCAAAAACAAGCTAAAGGTGTATTTGAAGGAAACTCTAATTTATTAATTGATATAATAAAAAACTTAAACAAATCAAAAAGTTTAGGAGAGTTTACTTTCAAAGAACCATTAAAGCCAATATATCCTTTTTGCGTTATAAACAGTTATGCTAAAAATGATGACAGTTTAAAAGTAAGACTTGCTAAAAAGGCTAATTCTGGAGTTAAGGCAATATTTACTCAGCCAATATACGAAGTTGAGAGATTAGAATTTTTATTGAAATGCATTGATGAGTTGCCGTTAAAAGAAAAGCCTATATTAGTACCAGGATTTTTCCCTGTATTAACTTACAAAACTGCATATTTTATATACTACAAATTATCAGGCTCATATATACCAGAGAAATGGCTAAGCAAATTAAAAAAAGCAAGCGATAAATCAGAAGAAGAAGAGAGAAAAACAGCAATAGAGTTATCATCTAAACTTTTTGAAGACATGCTAAAGATACATAAAAAAATGCATATAATGAGCTTAAACAATTACGAGTTTGTGGTGGATTTACTTAAGAATATTTAGAAGAAATTAATATTATAAATTTATTTTTATAAGATTTTTAAATTTGTTATTCTTTTGGCAAATAATAATTAAATATAATAGCGATTATAAACAATGATAATTAATTAGGAGGATTACATACTTTACAGGCTGTGTATCCTCTTTTTTTTGCTTCTTGAATACTTATAGGATATTTACTAGCTCTTAATGTTCTGCAGTTTCCTCTATGATATTTTTTACCCTTATCCGAAATATAAACTGTATTAGCTTGAGCAAATACACTTGAAGCAATAATAATAGACATTAAAAATATTTTTGCAAGTTTCATATCAATCCCCGAACAATAATATGAAAAAATTATAATAAAATAATACTATATGTCAATATTTATAGTGATTATTTTCTATAAATATTGATTAATTTATTTGATAAAAAATATTTATATATAATAAAACTTATAAAAAGAGTCACTATTATAGTACTAAATTATGCATCTAAAAAACATACAGCTAATAAAAGAGTATAAAATTTTAATTAGCAAAATAATAAGCGTCTTCGCAAAATGATACTATTGCACAAGTGCTAAGTTCAGGCTCCATCATATAACTTTCTGTAAGTATTACATTAAACTCTTCAGGCTTTAATTTATCAAATATTATCTTGTTGCCATACATATTACTAAGAGCCTTATAACCAAAAGAATATCTGCATCCTACATGCTTTCTTTTTCCGTTGTTTTTTAAGTTAAGTAAATTATCCATATGGCTTTGAAGTATGTCAACATAGTTTTCTATAATATGTATACCTATTGCATTATAAAAATAATATTCTTTATAATCATTATTATCATATAAGCTTTTTAAGAATTTATGATACTTCTCTCCAAGACTTACAAGTGTAAAACCAATAGTATCTTCATCTCTGTCAAAAAAATCAACTATAGAATTGTAAGGTTCACTCTCCATACGTTCTAAAGGAAGCTCTATTTTTTCATTTTTTGATTCGTCTGTATTGTCATCATATATATAAAGTCTATCATTCTCTGTAATAGTCTTATAAAACCCATAAATCATTACAGGTTCAAGCAAATTATTTTCTATAATATTTTTTTTCATCTCCTCATATTTTGGCTCTACTTTTGTTTTAATCATTTCATTATATTTTTCCATATCCTGATTTTTTGCAGAATATCCAAATCCAACCCTAAAAAGCCTAATTTTATTAATCATATCAAAGGCTTCTTTTTCTATTTGCTTATTAAACTCAAAAACTTTTCTTCCATAGAAAGGAGGTTTATTTATATGATGTTCATGATTTTTGTGATTTATTTCCGGCATATTAATTCCTTATTGTTGTTATTATAGAATTCCCAAATAGTTTCAAGCAAATAAATTTACTTAAAGGC
NZ_CP098753.1_gap23	1021981	1026615	4634	TGTAATGAAGTTGTAAGGAAAAATCATTCCATGTATATCTGTAGTCTCAACTATAGTAAAATTAATCTCCCCCTCGGGGTAAGTTCTATTATTATTAGAATTATTACAAGACATAAAAACCAACAATGAAATAATAGTTATTATAATATATCCTCTTTTCATTAAAAACTCCATATTATTATTCTTATAATATATAAGTATAGTGAAAAAAAAGAAGATATCTATTTTATTTTTAATAAATTACAATTATTTTGTAAAACCTTTGGTGTCGTCATAAAGCTCTATATATTTTTTTACGCCTTTTGCTGTGGCTTTTACCATTTTTAGCCTTGTCTCTTTATTTTTTAAAAACTTAGCATCATCTGGGTTTGTGATAAATCCAATCTCTATAAGCGTAGATGGCATTATAGCACCTTTTAAAACATAAAATAATGCATTTTGTACAGGTTTAGTTCTCTTTGCTACTCCAGATACTTTATGCACTTCATCTGCAATAGACTCTGCTAATATTCTGCTTTCTTTTTGATACTGTTCTATAAGCATATAATTGTGAGTAATTTGTGATGAATAGTCTTCATATTTAGCTGAATCTATTTTATCAAATTTCACCAAAGCATCATTTTCAAACATAGACACAGCCCTAGCATATTCACTAGATTCCTGAGCACTTACAAAATATGCCTCAAAACCTTTGGCACTGGAGCTTAATGAAGCATTGGCATGAACGCTTATTAATAATGCATTATTTGCTTTTTCTGTATTAATTTTTGCAGCAGTATTGGCTATTTTAAAACGTTCTGCAAGAGTTGGATAAACATCATTAGTTCTTGTTAATACTATCTTTACATCTGGAAGTATATTTTCTAATTCTTTTTTTAGTTCTAGAGAAAATGACAAAACTATATCTTTTTCATATATCTTTCCAACACCAATAGAACCAGGGTCTCTTCCGCCATGCCCTGGGTCTATTATTATTGTTGTAATACCTTTAGAATCAAATTTACTTTTTGCTGGATTAAAAGCTTTTTTTAATTCTTCTGCTGTAATATTTAAATTGTTTAATTTTATTTTATCATTATTCTGAGAGTATAAAAAGCAAGTATTAAATAGAGCTAATACAAAAAATAATATTATTCTTCTTTTATTTCCTCTGAATAACCACAATCTTCCTTGATACAAACTTTAAACAATCCTTTGTTTTTAATATTCTTCTCTACCATAAGCCCATTACATTTAGGACAAGGCTCAAGCAAAGGTTTATCCCAACTTACAAAATCGCATTTAGGATAATTGGAACAACCATAAAACTCTCTTCCCCTCTTAGAACGCTTTAATGTAATGTCGCCTCCGCATTTAGGACAAATACCAAAAGATATACCCTTAGTATTTTTACATTCAGGAAAACCAGAACAAGCAATAAAATATCCGTATCTTCCTAAACGTTTAATCATCTTCTTGCCGCATTTCTCACATACAAAATCAGTCTCTTCATTAAAGAAATCTTTCATATTGTGAATATTTTCTGTAGCAGTTTTGAGCGTATCCAAAAAATGAGGATAGAACTCTTTTAATATATTATTCCATTCTACATTATCGTCTTCTATTTTATCAAGTTTACTTTCCATCTCGGCAGTAAAGTTAATATTTACAAGTTCTGGGAAATTTTCGCTTATAAGTTCATTAACAAGTTTTCCAAGCTCTGTAGGTACAAGCTGTTTACCTTTTCTCTGTACATAATGTCTTGATATAATTGTTTTTATTGTAGGAGCATAAGTAGAAGGTCTTCCTATTCCTGATTCTTCAAGTATTTTTACTAATGAAGCATCTGTATATCTTGGAGGAGGTGTTGTAAAGTGCTGCTGAGGATTATGCTCTACAAAATCGCATACCTCACCATTTGACAAACTAGGCATTTTTGAAGCCTTTTCTTTATCTTCTTTGTCTATAGTAAGCACTTTCATAAATCCGTCAAACTCTATTTTTGATGATGAAACAGCAAACTCACAATCGCCTGCAACAATTACTGCTCTTGTATTTTTCATTTTTGCAGGAAGCATTTGAGAAGATACAAATCTCTCCCATATAAGTTTATAAAGTTTATACTGTTCAGGTTTTAAATATTCTTTAATACTATCTGGTGTTAAAAATACATTAGTAGGTCTTATAGCTTCGTGAGCATCTTGTGCATTCTTTTTTACAGAATAGTTTGGAGGCTCTGGAGGTAAATAATTACTTCCATATTCTTTTTGTATAAAATCCCTCGCCTGCTCTTGTGCTACTGGAGATATTCTCACACTATCGGTACGCATATATGTTATAAGTCCTGTAGCCTCTCCTGCTATAGAAACTCCTTCATAGAGTGTTTGTGCTATTTGCATTGTCTTTGATGAGTTATAGCCTAAAGATGTACTTGCTGCTTGCTGTAATTTACTTGTAGTGTATGGAGCTGTTGGATTTCTTAATCTGTCTTTTATCTCTATACTTGATACTGTATAGGTTTTATCTTTTAAATGCTCCATTATAGCATCAACATCTTCTTTTGTTTTTAAATCAGGTTTTTCACCTTTGTATTTTTGAAGCTCTGCTAAAAACTCTTTATTTTTATGTTTTAAAAATACTCCAAAAGTCCAATATTCTACAGGAACAAATGTTTCTATTTCATCTTCTCTATTACAAATTATAAGCAAAGCGACATTCTGTACTCTTCCTGCAGAAAGACCTCTTTTTATCTTCTCCCAAAGCAAAGGGCTTAAATTATAACCAATAAGTCTGTCTAATACCCTTCTTGCTTTTTGTGCATTTACTTTTGCTATGTCTATATCTCTAGGTTTATCAATGGCTTCTTTAAGTGCATCTTTTGTAATCTCATGAAAAACTATTCTTTTTATAGGTACAGCAGAATTAACGCTTCTTATTTTATTTCCTATATGCCAAGCAATACTCTCCCCTTCCCTATCATCATCTGCTGCAAGCAACACCTCTTCAGATTTCTTTGCCTCTTTTTTAAGATCATTTAATATCTTAGCTCTTCCTCTTATTGTAATATATTCAGGCTCAAAACCATTGTCTACATCTATAGCTAGTCTGCTTCTTGGCAAATCTATTAAATGCCCCATTGATGATAATACTACATAATCTGACCCTAAATATCTATTTATAGTTTTTGCCTTAGCAGGCGACTCAACTATTACTAATTTCTTTTTAGTAGTTTTCTTTTCTTTAGTTTTTGTAGCCATTTTTTATATCCTTAATTTTTATTTCTCTATACTATAATATTTTCCAGATAACTGCTTTATAAAACCATTAATCTCTAATTGCATAAGCAAAGATGTTACACTCTGAACTTTCATGTTAGTTTTTTCTATTATATCGTCTATGTGTATTTTTTCAACTTTACTTATTATATCATAAATAAAAGCTTCGTCATCTTGTAAATCAGGTTTTATAATACTCGCTTTTTTATTTTGCTTTTTATTATCTAATTTCTTTTCTTGCTTTAAAACCTTATTATTTTTTTTCAAATCATTAACTTTTTTAACTTCTGTAGTTTTATTAATATTTCCGCCTTCAAAATATTTAAGCTTCATTTTAACATAATCTTCATCATTAGAAAATATATCATCAAAATCTTCTAGTATGTCTAATATATTATAAGCTATTTTAGCACCGTCTTTATAAAGCTTATGATTGCCGTAATACTCCTTTAATTTTTCATCGTATGGAGCTATATAAACATCTCTGCCTTGATTGAGAGCAAAATCTACAGTTATTAAAGCACCCGATTTACTAGACGCCTCAACCATAATAACAGCATAGGAAAGTCCTGATATTATTCTGTTTCTTCTTGGGAAATTAGTTTTATCTGGTTTTCTTCCTACTTCAAACTCACTTATTATAAGCCCTTTTTCTATTAATTTATTATAAACCTTTAAATTCTCTGAAGGATAAACATTGTCTATTCCGCACCCTAATACTGCCACAGTGTTTGCTCCAGAACTTATAGCTCCAATATGTGCTTCTTTGTCTACTCCTTTGGCCATACCTGATACTACAGAAATATTTAATGCTGATAATTTTGAAGATATATCAAAAGCATATTTAGAACTTTTATCTGTAGGAAATCTTGTGCCTACCACTGCTATAGAGTTTCTTCTTAATTTTTTTAAATCACCTTTATAATATAGTATATACGGAGGATTATCTATTTGCTTTAAGTTAAATGGATATTCTTCATCAAATAAACTTAATATACCTATTCCGTAACTTTTTGATTTTTCTATTATATCGTTAGCTTTATCTAATATTTCATTTTTATTAAAATTGCCTATTTGTGATTTGAACTTTTTTTCTAGCAGCAATTTTATATTCTCTTCTTTGTCTTCAAAAATATTTTCTACGGAGTCATAATGATTAATTAGTTCTGATATTCTTTTATCGCCTACTTTGTCAATCTGATTCAAGGCTATTAGATATATATTTTTATCACTATGCATTTTAACTTGTTCTCCGTAAATCCAACTCTAATTCATTTGATTAATTATTTGATTTATATTATTTAAAGCCGTTTGTTTTATATTATTTTCTTTTGCTAAAGACACTATTTTTCTATAGGCTTCAATAGACTCTTTGCCGTT
NZ_CP098753.1_gap24	1099131	1104047	4916	TTCTTTGCAAGATATATCAAGTAAATTAAAACAAACTCCCTTTCTTGCTGCCAACAAAAATGCTTCTATAGCCTCTTTTAAAAACTCTTCATTGTTTCCTAAATTTAAATTAAATATTCCAGAAGTGTATATATAATCAACATCATCTTTTATATCAGTCTTTTTAAAGAAATCCATAGTCATAAATTGAGGGTTAATATTTTTGTAATTTTTTGATTTAGCTCTCTCAACCATCTCTGGCATAATATCTATACCTATGTAGTATAAGTTGATATTGTTTTTATCTATATATTCAGCCAAACTTCCAACCCCGCACCCAACATCAAGCAAAACATTACTGCTCATATTAAAATGCTCTATTAATGCCTTAAATCTTAAATTCTGTGCTTCTTCAGATTCCCAATCAACTACTTTATAATCTGGTATATTTAAATCATTTACTCTGTTTATATAATGATCAACTATTATAGATTTTCTGCTTTCTTCCATAAAATATAATCTCTCTTTATTTATAAATTTATGTAATTATTTATTTAAACTTAATTTATATATAGTTCTCTCTTTATAATCCTTATCAGGAGAATATATTATACTAGGAAAATGTAAAAAATTCAAAGCACCAGGTAAATACTCACTCTCAAAACAAAAAGCCATATGTTTATTTAATACAGTGTTTCTCACTTCTCTGTTATTAAGCATGTTTCCAGAATAAAAATGCATAGCAGGTTGCGTTGTATAAAACTCTAAACTTATGCCTGTTTTTTCACTATAAGCCTTAGCCTTTAATTTGTTTATATCATTATTAGTAAATATAAAACAATTATCATATCCTCCACATTTTTCTATATCTAGACCTACTTTTTTATTTTTTGTAAAGTCAAAAGGAGTGTTCTCTGTTTTTAAAATCTCTCCAGTAGATACACATTCATCTGTTACAGGAAGATAATATTTTGAATCTATAAATAATTTATGTTCATATATAGTGCCATCTCCATTTAAGTTCCAATAAGCATGATTAGTAAAGTTTAAAGGAGTTTTTTTATCTGTATTTGCAAAATAATCTATTATTATTTCGTTATCATCTGTAAGAGTATAAGTAATATTAATATTTACGTTTCCTGGGTATCCCTCTTCACCGTTTTTTGAAAAATAAGAAAATAATACGCTTTTATCATTAATGCATTTAGAATCAAACTTCTTAAATGATATACCCTCAACACCACCATGAAGATGATGTTTATTGTTATCATTTTTAGCTAATTTATATGTTACGCCGTCTAATGTAAACTCTGCATCTATAGTTCTATTTGCAACCCTACCAACAGAAGCACCTATATAATCATGAGGTTTAAGATAAAAATTAATATCATCACTTCCAAAAGAAACCTGAACATCATTATTATTTTTATCCTTTACAAACACACCAACTATTGAAGCTCCAATATCTGTGAGTTTTAATACCATATCATTTTTATTTTTTAATTCATAAAGTAAATAGCCATTGTTAAAGTTTTTTACTTGCATCTTTTATATTCTCCAATTTATTATAAAGAAAATTATATAAAAAAAATCACTAGTTTTCAAGATAATTTTAATTTATATTTGTAATAAAAAATATTGTTTTTTTTACATAGTGAATATAAAATATAAAACATAATTATTTTTAAGGATTATAGAAGTGAAAGATTTACTTATTGAAATATTAGTTGAAGAGATACCTGCAGATTTTGCTTATCCTGCAAGTATGAGTTTTAAGAAAATTATGGAAGATACTCTAAAAAATAATGGTATAAGTTTCAAATCCATAATAGCCTACACAACACCAAGAAGATTATCAGTTCTTGTTGAAGAAGTAGAAGAAAAATCAAAAGATGAAATTGTAGAGTCAAGAGGACCTTTACTAGAAAGTGCTATAAAAGACGGCTCTTTAACAAAAGCAGGAGAAGGATTTTTAAAATCTCATAATATTGACAACATTAAAAACATAGATGAAAAAGAAGATTTTAATAAAGCATATATAAAAGAAGTTGGCGGAAAGAAATATTTATTTGTAAATAAAGAAAAAAAAGGCGTAGATACTAAAAAATTATTTGAAGAAGTATTGGAAGATATTGTATCTAAAATAGATTTCAAAAAGAAGATGAGATGGGGAAATAAGGACTTTGCATTTGTACGCCCTATTAGAAATGTGTTAGCTTTATTTGGAAATGAAGTAATAAAAACAACTGTTGCTGGAATAGAAACTAACAATAAAGTAACTGGTCATAGATTACTTTCTCCAGAGTTTAAAGAAATTAATAACCCTAAAGATTATGAAAAAACTTTAGCTGAGAAACATGTTATTGTTTCAAGAGAGAAAAGATTAGAAAACATAGTTAGTCAATTAGAAAAAATAGAAAAAGAACTTGGCTTTGAAGCTGTATCAAAGAAAAAAGTTTCTGAAATAGTTGTGGATTTGGTAGAAGAGCCTTATTTGCTTACTGCTGAGTTTGATTCTAAATTTTTGGAAGTGCCTAAAGAAGTTTTAACAAGTGAAATGATTGAGCACCAAAAATACTTCCCATTATGTAAAAAAGACGGCTCTTTAACTAATATATTTGTAATAACTGCTAATCAGCCTAAAACTCCTCAAATAATAGCAGGAAACATAAGAGTATTAACAGCAAGACTTTCTGACGGAAGATTCCTTTATCAAGAAGATATTAGAAAAGGCATGGACGAGATGAATGAAAGACTTCAGATGCTTATGTTTAGAAAAGAGCTTGGAAGTGTTGCTGATAAAGTAAAAAGACTAGAGAGAAACTCTGAACTTTTAATTAAGCTTTTAGGCTATGAGAAGAATAAAGAAAATATACTTAAAGCTATAAAATATATGAAATCAGATTTAGTAAGTAATATGGTTTACAACTTCCCAGAGCTTCAAGGTATAATGGGCGGTTATTTTGCTAAGTCTATGAATCTTAATGATGATGTGGCTTTAGCTATTAATGAACAGTATAGACCTTTGTTTGCAACAGACAATATACCTTCAAATGATACTGGTAAGGCTATAGCTATACTTGACAAAATGGATAATATTGTAGCTGGTTTTTATGTTGCTGATATACCTACTGGCTCTCAAGACCCTAATGCTTTAAGAAGACAGGCTCTTGGTATCGTAAACATTCTCATAAAATCTAAAAAGCATGTTAATCTTAAAAAATTAATAGAAGATTCTATTAACTCTATGCCTAAAGATGCTAGGGTAAACAAAAGTAATGATTTACTAAATGATATATTTGAGTTCTTTAAATCTCGTTTTGAAAATGATATTGACTTTGCAAAAGATTCTGTTGCGGGTGTTCTTTCTACTGGCATAGATGATATGTATGATGCTTACTTAAAGATAGAAGCTATTGATGCATTTAGAAATAAAAATGAAGAATTATTCTCTAATCTTTTATTAGTGTTTAAGAGAGTTAAAAATATGATTAAATCTGCTAAAGAGGTTAATTTAGATGAATCATTATTAAAAGAGGAAGCAGAAAAATCTTTATACAATATTTATAAAGAGAAATTAAATGAAGTTAATAAGCTTATGGAAAAGAGAGAATACGAAAAAACATTTGCTTTATTAGCTAGTCTTTATGAGCCATTAGATAAGTTCTTTAAAGATATTATGGTAAATGTAGATGATGAGAAAATAAAAAATAACCGTATAGCTTTACTTTCATCAGTAGATAAGATTTTTAAGAATATGCTTGACTTCTCTAGTTTGGTAAAATAATAATAAATAAGATTATAAATTAAAAGGGGCTTTATTAATAACAATAGAGCTCCTTTTTATATAAAAAATAATTGATTAGGATAAATGGAATTATATTAAAATATTTTACGATAACAAATACTTCTCTTCTAAGGCTTTTAAAGGCTTACTAAATTGCTTAGCCAATAACCCTACAAACACAGCACCCGCAATAGTACCCTCTCTCACTCCTTCTAAATGTCCTAAAAATGATAATACTGTAACGATTGATACTGCTACTAAAAATATATCAAATGCCATTTTTGTATTGCCAAATTTGAAAGGAAATATTTTACAAATAGCTAAAACAACTCCCTCTCCAGGTGTAGTAACCAACTTCGCCATTACTTCTATGCTTACGCCCAAACCAACTAATATTATACCTAATATACATAAAGCCCATTGATGAAAATAATTTGTATATGTTATATCTTTTATTAGATAAGCAGAAAAATCAATCATAAGTCCAAATAAAATAAGTGCCGGTATTTGAAATAGCTGAAATAAATCATACTTTTTTCTAAGAAGTAATATTTGTATCAATATAAATACAAGATTGATAATAATAGTTGTTGCTCCTACTGATAAACCTGATATTGTACTTGCAACATACGGCACACTAGAAATAGGAGAAGTGCCAAGTGCAGCTTTAATAGAAAAAGCTATACCTAAGGACATAATATAAAGCCCTATTAATAATATTATACATCTTTCAATAAAATGATTTTTAAAAATTTCTCTCTTCATAATTAAACTCCCCTAAGCGACTGACACATTTTCATTAACAGTTCTTTTAATTTTTCCTCATCTTCTTTTGATATTTCATTAACAGCAATACTTTCTATATCTTCAAAAACTTTATCCATATAGTTTGAAGCTTCTACTCCTTTTTCTGTTAGAGAAACATAAAGAGAGCGTCTATTACCATTATGCTGTTTCCTTACAATAAGCCCAGCATTTTCCATACCTAGTAATATACTTCCTACAGTTGTCTGCTCTATTTCCAAATAATTGGCTATAGTTTTCTGGTCTGCTTCTTTGAATTTAGATAAAAAGTATAATACTTTAGGCTGACCAGATGTAAGCCCTATTTTGTTTGCTTCCAGCATTACTCTTTTTGCAAATATAGAAT
NZ_CP098753.1_gap25	1120514	1122278	1764	AAATAAGCATAATCTCCAAAACTTCCAAGCAAAGTATCTCTATATTTGCCTCCCAAACTATGTGAAGCATCTTCTATCACAGGAACTTTAATATCTGCAAGCTCGTCTATTAAAGCACAATTACCAAACATATGTGAAACAATAATAGCCTTAGTTTTTTCATTAATAGCCTCTATAACATTATCCATAGAAATTTGAAAACTGTCTTCATCTATATCTATTAATACAGGAGTAGCTTTAAGATTTGTAACAACCTGAAGAGGAGAACTATTTAAAAATGATGACATAATTACTTCATCACCCTCTCCAACATTTAAATGTCTTAATATTAACTCTAAAGCACTAGTACCGCTATTTACAAATATAGCAGAAAAGCTTTTGCCGAAATAACTAGCAAAAGTTCTTTCGAATTCATATATAATATCTCCAGTAGCAAGATTATCACTAATCATTACTCTTAAAGCAGATTCTAAATCTTTTTTTCTTATAGTAGGTCTAGAATGGCGTATCAATTTTTGTTCCTCATATATATTTTTTATTTGGTATTATAATATATCAATTACAATAATTTTCAATACAGAATATATTATAAATATACAATTTGTTATTTCTAAGGTTGTAAATATTAAAAATTATTATATAATAGAGTTTTATATACAATAAGTCTGTGAGGGGATATATTAATTATGGGAAAACCTATAACTAAAGAAGGATATGACAAAGTAAAAGAAAAGCTATCAGAATTAAAAGCAGAATTTGATACTTTACCTGCTATAATAGCTGAAGCAAGAGAAAAAGGAGACTTGAAAGAAAATGCAGAATATCATGCTGCAAGAGAAAAACAAGGACTTCTTCAAGCACAAATCTCTAAATTAGAAAGTGATTTGGCAGTATGTGAAATAGTAGACCCATCAAAGATGAATAAAGACATTGTAACTTTTGGTAAAAGAGTAAAAGTTAAAGATAAAAACTCTAATGCAGTTTCTGAGTATAGAATTGTAGGAGAGCTAGAAGCAGATATGTCTAAAAATGAGATTACTATAGTTACACCTATTGCTAGAGGACTTCTTACAAAAAAAGTTGGAGATGTTGTTACTATAAAAGTGCCTGCTGGAGATAAGGTATTAGAAATATTAGAAATTAGTCTATAATAAATAATTTTTGAATATTTTAATAAAGGCTTGAATATAAATATTATTTTATACTCAAGCCTTTTTAATTATTTTTATATAAATATAAAAACAATCACACTTTTTTTGTTTTTTACTAAACAAATGTATTATTAAAGCATGTAATTATTTCTTTGAAAAGCTATTCTCTTCACCCTTTAATATTCTTTTATAATTTGGTATATGTTTTATTATAATAAACACCGCAAGAAGTATTGTTATTGGAAATAAAGCTATATAATTAACATTAAAAAATATTCTATATAAAAAATTAGCCTTAAAATATAAAAAACTAAGCACAATAGGAAAAGCCAAAGCACCAAAAGTAGAGCCAATAGCAACTGTTTTTCTTGAAGCAAATAAACCTATAAAGAAAAATATCATAGTGATAAGCAAACTAATAGGAGCAAGCATAAACATAGAACCAGCACTAGTTGCAACTCCCTTGCCGCCTTTAAATCCTAAAAATATAGAAAATACATGCCCAAGTATAGAAGCTACAGCACAAACAATTAAAATATAGCTATGAGTTAAAATGATATCAGAAAGAATAAAACTAGGTATAATAACAGCAATCATTCCCTTACCTATATCG
NZ_CP098753.1_gap26	1277816	1280675	2859	TTTTATCTATCAGCAATCTATATCCTAAAATAGATATGAAACAATCTACTATAATAGAAAAAAAAGATTATGGTTATATAGTTTATGCTGAAGATTATTATAGACTCTATTCACTTCCTTCATATTATGCTGAATATGATTTGCTTAGAAATGTGGATTATTTAGAAAGAGCATTAAATGCACCTTTTGATTTTGTAAACAGAGCATTAACAATAATAGAAACAGAAGAAGCATATACTAAATATAAAGACCTTATGCATATGCAATTTAATTATCTTATCACTCAAAATTATATATATTTAGCAGGTCTTTATGATAAACAAAACTATTATTTTTATAATTCACAATTTGATGAAGATATAAAAAAGAGTTTTGAATATGCTGTTTATTTTTATAATTTAGCCAAAGAAAGATGGATAGTTACTAAAGATTTAGCTGAAAAAGTAATGAAAAATAAATCAAAACTAGAAATGGATAATTTAATAGATAAAGCATATAAAATAGCTCTTGGAGAAATAGATTATAATAAAACTGCTGACAGACAATTAAAGCATATAGAAGAAATCTTAAATATGATGGAATAAGTATGGATAAATATTATGAGACAGAATTTGAAACCATAATTAAATCTAAAACCAAAATATATAATGATGATATTACTATAAAATGTCAAAATATGAATGGTATAGTTACTTATTTTGAAGGCAAGGCTATTGATATATTTATAGATGAAATAAAAAATAATAATGCTTTATTAAAAAATTCTAAATTTTTCACTAGTGTATTATTAGATGAAAAAGAAGTGTCTAATAAAGAAAAATTTAATGAAGCTGAATATTTTTACCGTATTTATTTAAACTGCATACCATATTCTAATAAACTTAAAGACGAAAACAATGAAACTTTAAAAAAAATATGTAAAGAAAAATCTGAAGAACGCTTTTTATTTTTAGAACCAAATGTTGATAAATTAAAATCCATATTTAAATCTACAAAAAAGATAAATATAGATACATTGTATTTAATAGATAGAATATTAAGTGATATAGGAATATTAATAAGAACTGATTTTATTAAATATATACAAGCTATAAAAAAATCTATGATTATAGGCAACAAAGTAGATAAAAAAGACATGTATATATATCATATAATGAGCAGTATAGTTTCTTATTTAGAGCATAATAATATTTTTAATTATATTTTTGATAATCATGATTTTCAAGATATTAATATGATATCACATAGCAACAGAGTTTCATTGATGATGATAGAGTTTATGCTTTATTATAACAAAGAGTTTAAAAATAGATTAGGAAACAAATTAAGACTAGAATATAAGAATAAGTATATAGATAAATACAAAAAAATTATATCACATTTTGAAAATGATATACCAATAGATAATTTAGAAAGAGTATTTAAATTTGGAATAAGAAAATTTAGCACCACTGAAATTATTAATTTTTCTATAGGTGCATTATATCATGATATAGGCTTATTAAAAATATTTGATTCTGTACCTATGAATAACTTTCTAAAAGATACAGACAACAATCAAGATTTGCATGCATTAAAAGGATATAACTTTATAAAGAAAACTTTGAACTTTCAAGATGATGTTTCTTTATTAGTAGGACTTCATCATGACTATTATGGATATTCAAAAAACAATCTTATAAAACAATTTTTAAATAACAAATATCCAGACAATATATTATCATTTGAAGCGGAAGATTTTATAAAAGGCGAAGTATATGCCTATGTACCTTCAAAAATATTAGAAATAATAGACATATTTGATGTATTATTATTTATGAACTCAAGAAAAAAAGAAAATATAGAAGATGTAATAATATATATAAAAGATAAATTAATGGCAGAAGAAATAAAATTAGACCCTATTATTTTAGATTTGTTTATTAATTATTTATCTGAAACTTATGAAATAAAATTAAATATTACTACAAATTAAAAAACTCTTTTAAAAATACTCCAACGCCATTATCATTATTACTAACTGTGGTATATTTAGCATTTTTTTTCACATTGCTTTCGGCATTTCCCATAGCAACACCAACACCTGCAAACTCAATCATCTCTATATCATTATAATTATCACCAAAAGCCATTACACTATCTCTGCTAATACCTTTCTTATCACATAACCACTTTAAAGCATTTGCCTTATTTGCATCTGCTGAAAGTATCTCTAAAAAATTTGGATTTGAAAAAGAAGTATGAACTGTAAATAAATTATCAATATCTTTTTTTACATCTAAAAGTATATCATTTTCTCCAAGTATAATTATCTTTTGTGCTTCAATATCATCATTAAAATTTTTTAATCCAACTATTTTATTTTTTTTATCAACTTTTTCAGTATGAGTTTGAATTTTAAAATTATCTTTGGCAACTATATATTTTTGTATAGAATAAATATTTAATGAAGTATCATTTATATATTTTTCTTTATATAGATTTATTATTTCTTTGGCTATTTCTCTTTTTAGAGGATTTGTAAAAATGCAATTAAAATTCTTATCAACAACCATAGCCCCATTAAATACTATAGATTCACCATTATTTTGTAATTCCTCATAATAAAAATCCATAGAAGAAATAGGTCTTCCTGTAGCAATTACAATATCAATACCTTTTTCCATAAGTTTTTTTAAAATGGTTTTATTATAATCACTTATTTCACTATTATCATTAAGAAGTGTGCCATCTAAATCACTAGCTATTAATTTTATATTGTTATTCATAAATTAAATAATCCTTTTAAAAACTTACCTAATCCATCATCTTCATTAGTTAAAGCAATATAGTCCGCTCTTTGTTTTAATATATCTTCAC
NZ_CP098753.1_gap27	1317382	1320058	2676	CAATACTATAGGAATCTCTGTAGAAATCCTATCAAGTACATCTTTAGTTGGACCATTTTTAGGAGTGTATCCATTTCCCCAACCAGAACCCCTTAATATTTTCAAATCCTTATGTTCCGCCACAAAGTTTGAAACTATTTGTTCATAATCTTGCATAGACTTACCGTCATACAATTCAACTTGGTATAATTTACCTATACCGCCTAACTCAGCATGAGCATGAGCTTCAAAAAAACTAGGCATTGCCATACCGCTTTCTAAATTAATAACTTCGGTATTATCACCTATAAACGCTTTTACTCCTTCTTCGTCCCCAACATATTGGTACACACCATCTTTAATAGCAATAGCAGATACTATTTTCTGATTAGTCTCAGAAGTGTATATTGTTCCAGTTATTACAGTATCAGCATAGTTATTTGATTTACTGCAACCGATAACAATAAAAGAGAAAACTAGTAAAATGATTGGTAATAATGTTTTTTTGTTCACTTTTTGTAAACTCCTTTAAAATAAATTTTTTAAAATAGGAGCATAATTTTATATTAATTTTATACTATATACAATAATGAATATTCAATTTTTTTTGATTTTTATAAAAATAAATTTAATTTTTTTATATTTTTTCACAAAATGAACAATAATTAAGAGATTTCAAAATTATTTTTTTATTTGAACTAAACAAAATATTTAATATTAATTTGAATACTTTTCTAATAGCTCATCTATTAATTTAATTTTATCTTTGTTTTTTATATGATAGAACTTACCTATTGTGGTAGGAAAATAATCTTCCTCTTTTAATTTATATATTTTCACTTTGGCAGCTATTACCCAATTAGAAATATTAACTCTATCAATTTCATTTTTATTAAATTTAATATTTAAATTATCAAGAGAATCAGAATCAGTTAAAGCCTCAGCAACGGCAACTGCAGTTAAACCATCAGCTATCATTATTTTAGTACCTTTTAAAAATTTCTTTTCTTTTACTTTATCTGCTCCAGCCTTAACTTCAGCAAATACAATATTATGCTTATAAAATATATCTAAAAGTTTAATCTCTCCATGCTCCCCTCTCCTGCTTCCAAATTTCACATACTGCATTACTATATTCTCCTTTTATTATATCAATTTATATTATCACAAACAAGAAATCTATCTTTTCCATTTAAATCTTTTTTTACCAATACATTTTTTATATTAAGAAAATTGCATATATTAATTAATGCCCCTCCTTGGTCATAGCTTATTTCAAAAAAGAAGGCACCATTATCTTTTAAATATTTTTTTATTATACTTAAAAAAGCCTTATAAAAATCAAGCCCATCATAACCAGAATATAATGCATTTTGAGGCTCAAACTCCAAATCTTTTTGAAGAGAATCTTTATCTCTTAAAGGCACATACGGAGCATTTGAAACTATTACATCATATTTATTTTCAGGTATAAAAGTTAAAGCATCAGTATTTACTATATTTATTAGTTTTTCATCTCCCAATATATTTAAAGCATTTTTCTTTATAACTTGAAAAGCTCCTTCGCTTATTTCAATAGCTGTAATATCAATATTTTTATTCTGCTCCAAAAACAACTTTTTTAACGTTATTGCTATGTTTCCGCTTCCGCCTCCAATATCACAAATCGAAATATTATTTTTATCCTTCATATAATCTAATACCAAATCAATAAGCTCTTCAGTTTCTGGTCTTGGTATTAGCACATTATTATCAACATAAAAATTAAATCCGTAAAACTCTTTTTTATTTATAATATAGGAGATAGGTTCATAATTAAGACGCCTATTAATTAATTCTTCTATATTATTAACTTCTTTTTGAGTTAATTCTCTTAATGAATCTGATATTAATTTCATCTTACTTATATTTAAAACATGCATTAAAATGGTTTGTGATTCTATATATGAAATTTTATAATCATTATTTATTTTTTCTAAACACTTAGCGTATTTTATTAAAGCATTATTAATATTCATTTTGCTTGTTCACTCTATTAAACTTCATTGCTAATTAAAATTATATCAAAGTTTATAAATAGTGTCTATATTAATATAGTAATTATTATACCTATTAGTATACAATAATTCTGTTTTAAATAAACTCAGTTAAAAATTACTAGAATTTATAAAAAATTATTGTATAATTTATATGGCTCTTTGTTTTTTTTAAAAAAATTACTATACTATAGATAGGCATATTTTTATAATTTTTTCAAAGTAGTGTTAGGAATTAAAATTTATAAAAAATTAATCGAAAATATATAGTGGTAGTAAGCTTAAAAATTAGAGTAATACAAATACATAAAGGTTGATTTTTATGAAAAAAATGCATAGTTTATCAGTAAAAGTACCAATTATGGTTAGCTCTATTATAGTAGTAACTATATTGGTATTATCTATTATACTTACAATCGCAGCTTCTAGAGGCATAAGAAATGCTACTTTAAATGGTTTTCAAAGTACAGTACAAGGTTATGCATCAACAATAGAATTAGTTTTGCATGAACAGCTTGTTCTTATTGAAACATATTCAAAAAGTGCTACTTTCCAAAATTTTATCACAAATTATAATGACATAGAAACAAGAAATAATTTAGTAAAAGTATTGGAAAACTATAACAATATTAACTATTATTCAACCAATACGGGTATTGCA
NZ_CP098753.1_gap28	1321409	1324306	2897	AACAAACTGGAGTTGATCAGGTTAATAGGGCTGTTGCTGATATGGATAGTGTTACTCAGCAGAATGCTGCTTTGGTAGAGGAATCATATGCAGCTACTATGTCTTTATCTAATCAAGCACAAGAACTTTATGAGGCTATGAAATTCTTTAAAATAGATAAAGACGATAAAATTGATGAATAATTATAAATAGTACAATATCAGTAATAAATGCTCCATAAAGCATTTATTACTGTAAAAATAAAAAATATTTATTTTTTAATAATAGGTGCTTTTATGGAAGTTATTTATCTTTATGCTTTAATTATTTTAGGTGTATTATTTGCCGCATTAGTGCTTCTAAAAACATTGATACTGAATAAAGATAAAGTAAAAAAACCAAAGGCATTAAAAAAACGTATAGAAGAATTAAATAAAAGACTCAAAAAAAATCCATATGATTATGATGCAATAAATCAACTCGCAAACATAGAAGAAGAATTTGGAAGCAAAGAAAAGGCTTTAAATCAATATAAAATGCTTCTAGATGAAAACTTCTTTTCAGATAAAGAAAAAATAGAAATATATAAAAAATTAGAAATCATTTGTGAAGAGTTAGGTGATATACAACAGGCTTTCAAATATACATTAATCATAAATAAAGAAGAACCGGAAAATAAATATTATTATATAAAAATAGCTCATACTCTTGTAGAAGAAGGATACTTTAAATTAGCATATGAATATTATCATAGAGCATTAGTATTAAAAGCTGATTTTTCTATAGATGATTATAAATATGCTGCATTCTCTTCTTTTCAGTTGAAAGATTATAAAAGAACTATTATAATCTAGAAAAATTGTACAAAAAAATGTGCAAAGATATAAATCAATATAAAACTGATATTGCAAGATTAATGCAGTCTTTGGTTTCAATATACATACTTTCTGATGAAATTAATATTGCTAAATCTTTTATAGAAGAAGCTTTTATATATAAAGCTATAGATAGTGATAATAGACTTTATATGAATAAAATTTATTTGTTTATATTATATAAATTAGATGATAATAAAAAATTCACTGAAATATATAATAAACTAATAGATATGTATAAAATCAATAATGATTCTATAGATTTAGCTGATTTAATATTTGATTATGGATTTTATAGCTATTTCTTAAAAGATATAAAATCTTCTATTAGATATTTTGATACAATAAAAACTTTTAACATAGAATTATATGATGTATTCAATATAAACAATATACTAGAATATTTAAGAAATGTAGAAATAGCTAATTCACAATTAACTAAGCTTTATGAAGAAAAAAAGATATATGATTCAAAATATAAAAATGATAATTTTGAAAACTATATTAGAAAAGAGTATATAGATAATTGGGAAAGAGCTATTAATTTATGGGAAAGTTCTTTTATACATTTAGATTATATATCCAATCTAGTAGAAATAAAAAAAACTATGAATATAGAAGAAGTGCTTAAAGAGTTTAAATTATATGATTTACCAAATTATAACATGCAAGATAATCAAAGACCTTCTATACATTCAAATAAAATTGATAAAATATTTAATTTAAGTTTCTCAGATTTTAAAAAGATTTGTCAAAACATAATATTATCAAAGCTTTCATACACAATAGTACAGGAATATATAGACAGTGCTGATAAAATAAAAGGAGATGAAATAGACTATTTAGCATACAATAACAAAATGGCAAGAGTTGAGCTTACTTTAATATCTTTTAGAAGATGGAATAAAGTAGATATAGGAGAATTAAGTATTAGAGACTTCTTCATGAAAGTACAAGAATCTGGAGCTAAAAATGGAATATTAATTGTTCCTGCTGAATTGACTAAAAGTGCTAGAAGTTATGTTTCTCATAATGAAAGCATTACTGTATATTCTAAACATCAATTTAATAATTTGCTTAAAGGAGAAATATTCTAAAACAATCATTTTATACTTTTAGGATTTATTTATGGAAAATATTTATATATATATTTTTATATTTCTATTGATGTTATTATTTGTAATAGCTTTATATTTATTTATAAATAATAATATATATAAAAAAAACAATCAATCTGTTAGAAATATTATTGGCGAATTAAATAGAAAATTATTAAAAAACCCAAATGATTATAATACTATTTATAAATTAGCTTTGATAAAAGATGAAAATGGAGATATTTTTGATGCTTTAAAAAAATATGAGTTTCTTATATCTGTTGATTATTTTAATGATAATGAAAAAATTAAAATATATAAAAGAGTGGAAAACATATGCACTCAATTAGGATATAAAGAAGAAGTTTTTAAATATGATGTAATTATTACTAATTTGGAACCAAGCAATGTAATTTATTTAATAAAAGTAGCTTATACATTATTTAATGAAAAAAAATATCAATTTGCATGCAATTATTTTAATAAAGTTATTATGTCTAGGAGAGAATTCAATATAGATGAACTTAAAGCAGCTTTATATTCTTATTATAATATAAAAAATTATGAGAAAACAATAACTTTCTTAGAAGACTTAGAAAAAAGAATAAACAAAGATTCCATTAATTTACAAAATGAATTAATAGAAATTAGAAAGACTTTGATATCTATGTATTTATTTACTGATAAACTTCAATATGCTAGTGAATACATAGAACAACTTTTAACAGATGCTAATAATTTAGATAGAAGCTTATTAATTTATTATAATAGAATGTATTTATTTGTATTGCATAAATTAGGAAATAAAAAGAAGTTTAAAGAGATATATAGAAAAATAAAATCAACATTAAAAACTGATGAATTAGAAACTATAAATGAAGAATTAATTTTTGATTTTGGCTTCTACTCTTACTTTTTAGGATATATAGATGAAGCTATAAAATAT
NZ_CP098753.1_gap29	1347868	1352856	4988	ATGTGATTTGTATATGAATAAATATAAATTTAGTATACTTTTTGATAGATATGACTATAAAAAGATAAAGAATATTTCTTATTTGTTTTCTAATACAATGCTTGAAGTTGTTTTTAGTGTTACTAATATAAGTGTAAACGGCAGTCAATTAACATTAACTTTTGACAAACAAATTAATGGCAGTAATACCGCAACAATAGATTTTGGTACAGATTTAGATACAATCATGAACAGTATCAAAACTTACAGCTATTTATCAGATAAAGAAAATTATAATTTTAAAATAGTTATACTTACAATACTTATATATGCATCACTTCAGGCAAATGGTATAATACCTGTTTCTTGAATTTTATATTGGCAACAAAGGAGAAGATTAAAATTGAAAGCCTATAACAATTTACTATAGATTTTAAGCTAACAATTTTTATTAATAATAATTATGAAAGCAGTTATTCTTTTTTTTATTATAAATATAACTTTATTTGCTCAATTTGAAGTAAATGCATTTATCCCTTTCGGTATTAATGGAAGCTTACCTTTTATAACATTAAGCAACCCTAATCATACATATCAAAGTATAAAGGGAGATATAGGCGGAGAATTAGGAGTTATTGCTCAGCTTGGATATAATATAAAATTAAATAAAGATATTCATATAAAAAGTATAAGTTTTCTTTTTGAAACAGGATATTATTTTAATGCTAATAGTATAACTTATGATTATCCGTATGCTGATTCATATGATTATTTTGAAATTTTTGAAGCTTTAGGTATGCATAATATTATTATAGGATTAAACCCTAAAATAAATTTCAATAATTTTTCATTAGGGTTAGGTGTAGGAATGAAAATACCGTTGTCTGCTGATATATTAGAAAAAAGCGATTATAGAGGCGAGATAATGAAAGAATATACCATTTTTGAAGGCTCTTTAATGTATCAGGATAAAAAGCATTGGAATTTTGATGATATAAAAAAAATATATAAAGTTCCAGTGTCTCCTTATATAAAAATAAATTTTGACGGATTTTACTATTTTACTGAAAAATTGGCTTTCTTATATGGTGCTTATATAGCTTATGATTTTTCAATGCTTTATAATACTGATTATATACAAATAACAGATAAAACTTTAATAAAAAGTTATAGATTATCTTACTTATCATTTATTTTTTATATAGGTATTTCATTTGGAAGAAATAATAGTTAATTTTCTAAATTTATTGTTTACTTACCGCACGCAGAATTAAGCTAAAAAATGTAGAGTTATTTGTAATTAAAATTTTATTATATTATAAATTCTGTTAACCGTGCGTTGAAAAAAAAATTTTTAATCTAATCAACACTTGGGCGGGCATTAACAATTCTAATTAAGTTAATAAAGAAATTAAAAATACAAATTTACAAATACATTAATAAAGAATAAAGGGCGGGGTATGTAAATAAATTTTAAAAAATTATCATTCATTCTTGCTTATAGCATATATATTAAAATATCTAACTATCACATTTTCTATGGTATTATCACTATTCAAGCTAAACCTAATGTTAAAACCTATAAAATATTTGTTATTAATCAAAACTTTTCTCTCTTTTTTATAATCATCATTATTAGAAATATAATCATAAACAATCATATCAACTTCTATATGAATATCAGATAAAATATAACCCTCTTCAAATATCTCTGTAGTAACAACTTCAAAATTATTATTATAGCTATATTCACTAACACAAGAAGAACTATATAATTTTAAAACGCTATTATCCAAATAATTTTCAACTTCCTCTTTTATTTTTTTATCTAAGTTTTTATCGCTGTAAATCTTTTCTCTTATATAATATTTATCCATTTTATTATTGCTCATAATATATTTACTTCAAACATTATATACTATATAATACGAAAATCAAAAAAACTATAAGGTAAGAACCACCTTTATGAATGAAAGCTTAGAAACAAAAATTAATAACAAAGTAGAACAATATAAAACCATTTGCAAATTAGAGCCTAATAACCATAAAGTGAGAGTAGACTTTGCAATATTCTACACACAATTACAAAAATATAATGAAGCTATAGAAGTATTAAAAACAGCACTTAATATAAATGATAAAGATTATACAATATGGCGTTTGATTGGCATATCATATACAAAAATAGAAAATTTTAAAGAAGCAATTTTTTATTTAACAAAAGCATACGAATTAGAAAATAATGATTATATAAGTTTAAATTATCTTGGAAACTGTTATATAGAATTAAAAATGTTTAATGAAGCTATAGAGGTGTTAAATAAATCTTTTATGATAGCATCAAAAGAATATATTAATTGGCGTTATTTAGGCATTGCTTTATTTAATACAAATAGAATTGATGAGGCAATTGATTCTTTTAATAGAGCTTTGGAGCTTAATAAATACGATGAAGAGAGTTTATATTATCTTGGACTATGCTACAAAGAAATAAATGATTATAATAAAGCTATAGAAATATTTGAGAGATGTTTAGAGTATAGTGATAACAACAAAAAAATATATGTTATTTTATATGAATTATACAAAAATACAGGCAATGATAAATCAAAAAATATGCTTGAAAAAATAAATAAACTTTAAGGCATTTGGTTAGAATTAATCATCAAATGACCAAATAATCCAAGCATAAATATTATACCAACAATAATAACAATATATTTTATTATTTTAATAGTTCTTCTAATTTTAGGATAAGTATAAAAAACTCCATTTTGAATACCATGCAATATCGTTGCTACTAATAAAAATCCTTCGTCTATTCTTCCAGATAAAGGAAGTATATCAGACACTATATCTAATGGCGATGTACAATAAAATACACTGGCTACAAATGGTATCCAAGCTATAATATGATGATATTTATCAAATACACCATCTTTTGATTTTATTACTTCATCGTCTTTATTAAATAAACTTAACATATTACACCTATAATGTTCATAAAAGTATAGTTACATATACTATAACATTATAATGAAAAATTTTAAACAAAAAAATGATAGTTAATAATACGATATTAACTATCATTATATATAAATATTAAATTATGATAATTTATTTAATATAGTTCTCTTTTATATATTTTAATTCATCTTCAGGAAGTACAGATATAGCTAGAGGAATTAATATGTTCTCTTCTTTAAAAATCATATCGTTTATATTACCGCAAAGTTTATGCATCTCTATAAAAAAAGTATTATCATCAAGATTATTATTTTTTATATAATCCATATAATCTATAATATCTTTATCTACTTTAGACATTACCTTTGAAGGCTCATCATTATTGTGTTTTTTTAATTCTAGAAAAAATAAAGTCTCTTTTTTTATATAATGTTTTTTTACTTTATCATAAAGTTTGTCAAAAATATATCTGTTTTTATTTTCTAATATATCTTTTAATAATTTCTCTATCTCTCTGTTTCTATTTTTGAAGTACATTATATAATCTTCATCTATATCTACATCATTACTTATAGCATCTTTTAAAATTAAGCTCCTAATATAAAAATACTCTTTAGCCTCATCGATATCCATTCCTTCTTTTATAAGTTCATGCATAGCATTATGTATTTCAACAGCAGATACTTTTGTTAATTTAGAATCAAATTCTTTTTTTATATCATCTATATTTTCATTATTATGAAGTCTAACTATAATTTTTTTTAAAATAGAGTTTCTGTTATTATTGGAAATATAAAAACCATTCTCTTTAAATTTTTTTATTAACTCCACCTCGCTAATATTTTTTATTTCTAATGCCTTTTTAATAGTTATTTTCTTAGCAATAGTATTAAACATTACTTGATTTTTTATAGACTTAAAACCTAAATCATAAAGTATATCTCTTATTTTGCTATTATTTTTGCATATACTATAAACACTTTCATTTATATTTATAAATGTATTCATAAATAAGACTCCTTTTTAAAAGTTAGATTATTCTAACATTTAAAAAGAAAAAGTCAATCATATCAATAAAAAGCTATTATAATTTTTTACTTATACTTTTTTATAAGAAATTAGAAAATCAATATCCTCTTTAGTGAGATTTTTTTTGGGAACTATTATAGCAGACATTTCATCTGTATATATAAAAATACATAATTTACTCTGCTCTATTTTTTTTATATCAGATTTATTAAAGTTTTTTATAGCTTTAGTTTCATTAAAAACAATTTTCTCATCATAAACAGTTAAAATCTTTTCTCCAAATATATCATCAAGCCTTCCAGTTTTTATATAAGACAAAACTTTTTTTACAATATTTTTTTGAACTCTCTTTTTATAACTAATTATTTGTAGAACAGATACTGCTATCATTATCAAAGCAACTATTAAAAGCATAAATAAACTGCTTTTAAAATATATAAACATTCCAATAAGCACAATAATATAAACAGCAATAATAATAATAAGATTTTTTTTTAATGAACTTTGAAGCTCAGGATTAGTTTTCAAATAATGAAGCTGAAAATCAATAAAATCATTATGCTCAATATTATATTTATATTCTCTTTTCATATAATTCCTTTAAATATAAATTTAAGTATTAATTAAATATCAATACCCAAAAACTGTTTTACAAGTATTCCAACCAAAAAACTTATTCCAGCAACTGTTAAGCTTACTCCTGCCATTTCAAAAAATCTCTCTCTAAAAGAAATACTCTTAGCCACAGCAATATAAAAAGTAAAACAAAATATTATAGCAATAACAATTATAAGCATAGTAATAAGTGCATATACAGAAACACTAAAAATCAAATAAGGCATTATTAAAAGACTTACAGTAATCAAATACATTATGCCAGTATAAGAACAAGACTTAAAAGCATTTTTACTTCCTTCAGCCTTAGCAGATAAATACTCGGAAGAAGCCATAGAAAGTGTAGCAGATATTCCAGTAATTATTCCAGATAAAGCCACCAACCTATTGTCTTGCAA
NZ_CP098753.1_gap30	1380509	1384450	3941	TAGTAGGATTGCTCATAGATTGTAGTAAAGAAGCACTAACAACCGCAGCAAGACCAACAGCCCTACCAGCACCAAGGTCGTTACCTTGAGTTACTAGCAAAGTACCAATACCAACAGCAATAATCATACGAGTAGAAGCCTGAGCAAAAATGTTTACAAAGTTGCTAAGTCTAAAGAAAGATGGCTCTTTAATAATAATACCAATAAGTATAAGCAAAAGTGCTGCAAATATGGCATTATTCAGTATAAATTTTAATATTTTGTTTATAGTAGAATTTCTGTCTGACATATATTATTCCTTTATTAATAAATTATAAATATTTGGCAGATAATGCCATTATTTCTTCTTGATTAGTACTAGCTGTATCAACTATGCCCGCAACCCTTCCATTACTCATAACCATTATCCTATCGGTTATACCAAGTAATTCAGGCATTTCAGAGCTAACCATAATAATAGTCTTACCTTCCGTAGCTAAATCTATTATAAGTTTATATATATCATATTTTGCCCCTACATCAATACCTCTAGTAGGCTCATCAAGCATAAGAATATCAGGAGCACTCAAAAGCCATCTGCCTAATATTACCTTCTGCTGATTACCTCCAGATAATGATTGTATAGCAGTTTTCTCTGAAGGAGTCTTTACCTGCATACTGTCTATTACCCATTTAGTATCCTCTCTCATCTTCTTATTATTTAAAAATCCAAAATTACCTTTATAATTATCTATATTAGCTATTATAGAATTAAAATTAATAGAAAGCATACCAAATATACCAGTCTGTCTTCTTTCCTCTGTTACCAAAGCAAATCCATGCTTAATAGCTTTTCTTGTTGTATTATTTTTTATATCTTTATCATTTTTAATAATCTTACCGCTTGATAAAGTACGCATACCAAATATACTTTCAAGCACCTCAGTTCTTTTTGCACCAACAAGACCGGCTATACCAAAAATCTCACCTTTTCTCACACTAAAATTAATATCAGTAAGAGAAGGCTGATAAAATGCTGTAAAATTTTGAATCTCCAAAATTCCTTCACCAGGAGTATTAGTTTTAGGAGGGAATCTATTAGTTAAATCACGACCTACCATCTGTTTAATAATAAGGTCAGTTGTTAATTCTTTAGCAGGAGTAGTTGAAACAAACTTACCATCACGCATTATAGTAACTTCATCAGATATCTGTAATATCTCTTCCATTTTGTGTGAAATATATATCATACCCACGCCGCGACTTTGAAGTTTTCTTATTATTTTAAACAATTTAGCAACTTCTTTTTCTGTAAGCGAACTAGTAGGCTCATCTAAAACAAGTATTTTAGAATTGTATGATACTGCTTTTGCTATTTCAACCATTTGCATTTCAGATACTGATAGTGTGGATACTTTAGTTCTAGGGTCTAAAGGTATTTCTAAATCATCAAAAATAGCCTTAGTATCATTATACATTTTTTTCTCATCTACAAACCCTAATTTAGTAGGATATTTACCAAGCCAAATATTATCTTGTATATTTCTTTGCCTAACCTGATTAAGCTCCTGGTGAACCATTGCTACACCATTATTCAAAGCTTGTTTAGGAGAAGTAAAATTCACTTCATTACCATCTAATAATATTGTTCCTTCATCTTTATGGTAAATACCAAATAAACATTTCATAAGAGTGGATTTTCCAGCACCATTCTCTCCCATAAGAGCAACAACATTTCCCTCTCTCACAACAAGTTCAGCCTTATCTAAAGCTTGAACACCAGGGAAATATTTTGATATGCCCTTCATCTCAAGAATTACTTTTCTCTCTTCCATAAAAACAAAATCCTTAAAATTACACTTAAAAAAATACGATATACGAAATTAAAAATATGAAATTGGGGACATTATAAAAGCATAATATCCCCATTCATAAAAATGATTATTACTTATAAGCTTCTTCAGCTATAGTAACATTATCTGCAGTTATAGGAACATAAGGAACGCGTACTGCTTTTACTTCGTCTAAAGTCCAAGTAGTACCTTCTACTGGGTCTTTACCAGCAGCAACATTTAATGTTAAATCTACAAGAGCTTGAGATTGTCCAACTGGGTCATTAAGTACTGAACCTAATATTGTTCCTTTTTTGATTTCGTTTAACATATCAGGAATAGCATCTACACCTACTATAGGGATATATTTAGCTTTATCGCCTGTGTTATATCCTAAAGCTTGTATAGATTGTAAAGCACCTAAAGCCATAGCGTCGTTGTTAGCAAAAATAAACTCTATTTTATCGCCATGTTTTTGTATCCAAGCATCTACTATATCTTTAGCTTTTGCTGTATCCCACATAGCTGTTTGTTCTGCCTCTAATTTTTCTACTTTAAGACCATTATTAGTAATATACATAGTTACATGAGAAGTTCTTGCTTCTGCATCTGGGTGACCTGGTTCGCCTTTAATTAATACGTATTGTATAACACCGTCACCGTTTTTATCTAAAGTAGGATCTGCTTTCCAAGCATCTACAACGATTTTACCTTGCATATCGCCAGATTCTTCTGGAGTAGTACCTACATACCAAGTTTTATCATAGCTAGCCATAGCTTGAGCACTAGGCTGTTTGTTAAAGAATACTACTGGTATATTTTTAGCTTTAGCTTTGTCTATAATAGTTTGAGCTGCTTGAGGGTCAACTAAGTTAATTGCTAAAGCTTTAACATCTTTGTTTATCATAACATCTACTTGGTCATTTTGTTGAGCTTGGTTATTTTGAGAATCGTTAATTATCAAATTAGCTTTGCCTGCTATTTTACTTTCGATGTTTCTTCTGTAGAAAGACATGAAGTTATCATCATAACGATAAATTGTAACCCCAATTAGTGGACCATTAGCATCTGAAGTTGCTGCATTGTCTTTAGTGCCGCCGCCGCAAGATACCATGAAAATTGTTGCTATTATAAGCATAGAACTTATAATGGATATTTTTTTCATAATAGAAAACTCCTTAATTTAATTAATATTCTATAATTTTAGTATATAAATTTTATTGATTAAATCAAGTTTTTAATATTCAAATAAAAAACCTTTTAAATACTATATTCATATCATTATAAAAATATAAAATTTATTACATATACAATATGAAAACATAAAAATATTATAAGTTCTTTTACAAAAAATTTACTAAAAAATTCTGTTTTTAAATATAAAAAATTATTATTTTTATATATCTGCATAAAAACAATATAAAAAAATCCGATAATATACATATAAAACATTTGGAGGTTAAAAATGGATATATCTATTAATTCTATTTATTCATCTAAAATGTTTCCATTAACTGGACATATGTATAGTGCAGGGCTTAATGTGTATAATTTATCTGATTCTATAAGCAGAATAAATGAGTTTGTCTCTGGACAGGGTACTTCAGTTAAAGTAAATTACAATTTAGGAAAGAATTTAGATGCATATGCTTAAAAAGTTAGTATGAGCCAATTGCAATTAAAGCAATTGGCTTATTTTTTAAATTTCATCTGAAATCAAAAAATCTCTAAAATAATCTGTATAATCAACTTCAAATTTCATAATCTCGCCGCTAATAGGGTGAGTAAACTCTATTTGCTTTGCTATAAGCATTAAATTACTATAATTTGAATAACTCTTAGAATATATCTTATCGCCCGCTACAGGAAATCCTTTATATGAACAATGAACCCTTATTTGATGAGTACGTCCTGTTTTAATATTAACCTCTATTAAAGTATGCTTTTTAAATCTGTTTAATACTTTTATATAACTCAACGCCTTCTTGCCGTCTTCACGAACTGTCATTTTTTTTCTATATACGCTATGCCTTCCTATTGGCAAATTTATCTCATAAAAATTCTCTCTCAATACACCTATAACTATAGCATGATAAATCTTTTTTATTGTTCTATTTTTAAATTGCTCTT
NZ_CP098753.1_gap31	1566846	1571539	4693	TAAAGGAAAAACAGCCCTTCTCACTGCTGCAGAAAAAGGAAATATTATGTCTGTGCAATTACTTATAAAAGAGAAAAGTAATATTAATCAAAGAGATATTTTAGGTAAAAACATATTGATGTATGCTGTTGAAAGTGAGAATTTAAACTTAGTGAAATATTTAGTAGAAAAAGTAAAAGTGGATATTAATGAAAAAGATGACTGGGGACAGAATGCTATATTTTATGTTACAAAAATAGAAATGGCTAGATATTTAATTTACAATGATATAGATTATAAAAGCAGAAACTCAATTGGATTAAAAGCTCATGAAGTGTTAAAATATAATAATAAAATAAATGTGTCTAACTATTTACAAAAATTGTATAATGATGAATAATAAAAATGTCTTTAAGTATTTTTTATATAAACCGAAAATATTTGCAGTATATTGGAGAGTATAATGAATATCAAAGTTATCTTATTATTTATAAGTATAAACATACTTCTATTTGCACAATCTACTTCCAATGTTGGAGATAATAATATATTAATAAATACCGGAGTAGGAAGAGTAGATTATACAACATATACAATATATGCTGACGCTACTGCTGATATTCTCACAGATAAAGTTTTACACCCAGAGGCATTATTAATACTTCAAGAACAGGCAGAAGAAGAAACTTTTAGAACTCTTTATCAAACTTTAGGTAATATTATAGTTAATGGTGATTATACAGTTTATAACATTATAGAAGAAAATGCTAAATTAAGAGAAGATGTTATGGACTTTGTTAATGATGCAAGACTTTTAGGGGTGTCCTATCCTAGCAGAACAAGCGTTAAAGTATTAATGGCTTTAGATATTATCACTAATCAGTTAATGTCAAACTTTATACAAAATATGAATACTTACAAACCTACACCAATAGTAACATATATTGATGCTGGTACTGATTATGACGGACTTGTAATTGATGCTAGAGGAATAGGTTTTAAACCTTCCTTATTTCCTACAATATATAATGAAAATGGCGATGCTATTTATGATATTGCTTATATAGACAAGAAAATTGCTTCTACTAATGGATATATAAAATATTCTACAAACTCATTTTTAACTAATCAAATATCTACAAATATTACAGGCAAAAAACCATATAATATAGTAGCTTGGAGTACTAGAGGAAAATTCGCTAGTGATTTGGTGATAGGAAATGAAGATGCTAGTATTATATTAAGTGCCAAAAAATTAAAAGAGGCTATTAGAAATTGTAAGGTTACAGTTATAATAGACTAATAATAAGCTTTTTAATATTATGAAAAAGATAGAATATTATATTGATTATATATTTGAAGAAAATCAAGAAGATATTAAACAATATGTATTAAAACAAACAGATATTATAAACTTTAAAATAAATAAAAATAATATATCAAATGACAAATCTGTATATTCTAAAATAGTAGAAAAATATTTTCAAAAAGATGATGATAATGATTATGTGATTAGACTATTTAAAATTATTTCTTTATATGATATAGACAATATTTATGTATTTGAAGCTTTTATTATTAATATTATAGCAGGACTAAAAATAAAAGATGCTATATTAAAAACAATAAATAATAAAAAAATACTAAATTATAATAAAGAGAATATTTCAGAAGAAGAAACATTAAAAAGAAAATTCTGTATCTTCACCTACTTTGATAATGCATACAAATATTTTCCAAACTATATAAACAATTATATTGAAAATGTATATAAACTAACATTCGAAGAATCTTATAAAGAATATAATGACAATATAATAATACCATTAATGGCTTTAGTTGTTGGATACTATTTTAATAATAATGAAAAATACATAGAAAGAATTTTAGAATATTTAGATAATATAAATACACTAGACTCTATGCTTGCTGTCAGCATTATAGTAGATAAAAACAAAAAAATAGAAAATAAATTTTTAGAGTTATTAAAACAATTAGAAAAAAATAATAAAAATCTTATAGCAGATTTTATTTATATAGCAAGGCTTCCAATAGAAAATAAATACTTTTTTGATTTTAATAATTATGATGATTATATAAACTATTTAAAAGATTTAAATGCAGATAATTATATAATTTTTTTAATTAAATATTTAAGTAATAATATACACTTAAACTATAATAATATATATTCAGAGCTTATAGAAATAAAAGAATATGATGAAGAGACTTTTAATAAAATATATGAAGTATTAAAACTTTCAGATAATAATAAATATGCAATAGAATTAATGTCAATATTTAATTTAATAACAAACAGAAGTATTGATAATATAAATTATTTTTTGGAATCTTTAGAAAAAGAATTAGAAAACTTTTTTAATATTAAGCATATAAAATTTAATAGCGTATATGATTTAATTCATGCTCTAAAAATATATAAAGATGATTTCACTATTAAGTTTAATGAGCGTATAATATTTTTATTGAATGTTTTTAATTGGTTTTATGAAACTGATGATAATTCTAAAAAAATTGTAAATGCTGTGTTGGAATCTTTTCCATACAATTTAATGATTCCTATAATTATAAAAAACAATATAAACTTATTTAACAAAAATATAGACGATACAATAAAACAATATAATATAAACATAAAAGATTTACTAATATCCTATTTTAATAGCTACCCTATATATATATTTAAATCTCAATATATTACAGAATTATTGAATAACTATGCTTATAATATTAAAGAAGCATTTGAAGATATAGACTTTTTAAATACTGTATCAAATAAAAGTTATGCATTAATTGATTTTTTGGAATTAGTTTATAGTAAAAATAATTTTGATGATTATAGTATTGTTTATAATATTTTAAATACTGATAATGAAGAGCTAAAAAAATATTCTCTAAACATTATTGCTGAAAACGAAGAATTAAACAGAAAATATATAGAAGATAATTTAGATAATTGCAAAGAGTTTAAAGAGATATTAAAAAAATGGAATTACAATAAAGAAGATTTTTGTTTTAATAGCATTGAAGAGATTTATAATTATGTTGATTATTATTATACAGACAATGAGTTATTAGATTTTTTGGATAATAATTATTATAATATAGTCTCTAGAGAAAACACAAGTATAAATATTAAAGTATTAAAATATATATTAAATGAATTCTTAAAAATAGAGAAACCTATAAAAATAAAAGATGCAGAGAAAATATTAGAGTTTATAGACAGAAAATCTTTTATAGAAGCAGTTGAAAATACAGTAGAATATTTTATAAATAATAACCTAATAGAAGATAATATAAAAATAATAACTCCTTATGCAATATATGCTGATGAAAGTCATATAGAAAAACTTCATCAATTATTAATAAACTGGAATAATAGTTTTAAAACACCATTAATACTATATACAATGCAATCAATAGCCATAAACGGTAAAACTTCAGCATTAAAAATGATTAACAAATTCGCTCTAAACAGCAATAACAAAGAAATAAAAAATAATATAAAAGATATTCTCGTTTATGCATCAGAAATATTAAATACAAATATAGATAATATCTTTGAAAGATTATTCCCTAACTTTGGATTTAGTATAGAAGGCAAAAAAATAATAAACTATGGTAATAGAAGCTTTCAATTACAATTATTAAGCGATTCATATTTAGAAATATTTGATATTCAAAACTCTTCAATAATTAAAGAGCTCCCAGATGCAGACGGAGATAAAGATTTAGAAAATATAAAAGAAGATTTTTTACATATTCAAAAAACATTAAAAGAAATAATCAATCATGAGAAAATAAAATTAACAAGAGCCTTAATAAATGGAAGAAAATGGGATTATAAAACTTTTTTTGAAGTATTTATAAATAATCCAATAATGCATTATTTTACACTCTCTTTTGTTTGGGGTGTTTATGATGAAAATGATGTTTTAATTGATTCATTTAGATATATGGAAGACGGTTCATTTATAACAGCAGATGATGAACTATATGAACTTCCAGACAGCTGCTATATTGGAATATACAATATAATTGATGATGATATAGAAAAATTTTATAAGTGGAAAGAACAATTAGAACTTTATGATATAGAACAGCCAATTAATCAATTTATGAATGAGCTTATAACATTAAAAGAAGAAAATGTAAAATATGATTCTATTATAATGTTTGAAGGAATAAAAATTGACACTTCATATATAAATCAACTATGCAGAGAGCTTGATATAAGAGATACTTATTTTAATGATAATGCTTCATATATGATATTTGATGATGTATTAAAAATAGTATGTAAGATTAATGCATTTGCCTATGGAGAAGAGATAGTTTTAGGCTCTATAGAGTTTTATGAACTTGAGAAGAATGAGAGATTAGGCAAAAAAATAAATCCATTTGAAATTAGTCAAAAGTTTGTTAGTTCAATACTTTATTATTTATCGTTGGGGTTATACGAATAAAAGATTTTTAGTATATATCTAAAAAATTATAAGTTTTTGTTTTATTATTTGCAGGGGCTTTGCACCCTGCGAAGCGTGCCCGTAGGGTAGCACCCCCACTTCTTTTGCGACTGTAGGGAGTCCTTCAGGGCGACCGAAGGAAGTGCCATTGCGGCGTGCCACAAAGAAGCAAAAAGGCTGCATTTAATAAAGTCTAGCTTTTTATGTATAACAAAATATAAATA
NZ_CP098753.1_gap32	1572572	1576690	4118	CAAATAAAGATATCATCATAAACTTACTTGCTCTCTCAACTCCGTTTTGAAGCCCAAAAGAACAAATTAAAATACCTATTAATACACTAACTCCCATCCACAAAATTAAAGTAGAAGGACTTCCAAGTACGCCATTAAAAAAAGTTCCAATCTGATTAGCATCTAATGAAGTAAACTTGCCAGTTAAAGTAAAATAAAAATAAGCTAAACACCAACCGCATATAGTAGTATAAAACAACATAAGAAGTACATTACCAATAATTTGAACATAGCCTATTTTGTGCCAATGCTGACCTTTTTTCTCTAATTTTAGAAAAGAGTTAGATATATCATGGCCGCCGGCTCTCCCTACAGCAAACTCCATAATCATAGGTATAGTACAAAATGCCACTATAGATATAATATAAAGTACAACAAATGCACCTCCGCCGTACTGACCTGTAATATAAGGAAATCTCCAAACATTACCCATACCTACAGCACAGCCAGCCGAAACAAGTATAAACCCTAATCTGCTGCCAAGTTTTTCTCTCTCTTTCATAAATAATACTCCAATAAAAACATTATGTTTCTATATATAATAATTTAGTATGATATTATATAAAACAAATAAAATCAATAGCTAACACTTTTTAATATACATTTTATTGACAAAAAAATTTACTATTATATACTTTTTTCATGAGTTCATCTATCAATTTATCTACAAACATCAAAACTCAATTAAGACATGAATTAAGATTAAACGCTCAAACAAAATTATGGCTAGATACAATATCAATGCCAGCAATAGAATTAAAAGAAAAGATAGAAAAAGAAATGGAAGAGAACCCTTTCTTGGAATATGATTTTAAAAACACTAGTAATAAAGATATTGATAATATAATAGAAAACACACTTCAAAGCGAGGGAGAAAGCCTATTTGAACACCTTAAAACACAAATAAATATAGCATTTGACAATAAAAAAGATATAGAATTAGCAGAACATATATGCAGTTTTATAGATAAAGACGGATATATAAAAACACCATATGAAACAATATCAGAAACTTTGAATGCAAATATAAAAGATGTACAGAGAATAATTAATATATTAAAAACCTTTGACCCATTAGGAGTTTGTGCGAAGGATATTGGAGAATGTTTATCTATACAGCTTAAATCGAGAGATGATATAGAAGAGAGTATAAAAGAAATAGCTATAAAAATAGTAGAAAACTTCTTAAAAGAGCTTGGAAATAAGAATTATGATTATATAGCAAATGAAATTAATATTACTAAAGATAAAGTACTTGAAGCTCTAAAGATAATACAAACATTAGAGCCCTACCCTGCAAGAGAATATGACACTACACCTATAAAATATATAGTTCCTGAAATTTTTATATTCAAAGAAAACAATGAGTGGGTTGTAAAAACTAATGAAAGCTTTATAAAACCCTTGAAAATTAGCAAAAAATATAGTAAACTAATAAATGAGGGGAAAAATAGTAGTAGAGAAGATATAAACTTTTTGAAAGAAAAAAAGAAAATGGCTGAAAGTTTAATAAATGCCGTTAGTGAAAGAAAAAAAACACTATTAAAAGTAGGCGAAGGATTATTAAAATTTCAACTTCCTTTCTTTGAAAATGGAAAAGAGTTTGTAAAGCCCTTAAAATTACAAGATTTATCATTGGAAGTCTCTTTAAGTGAGTCCACAATAAGCAGAATATCAAATGGTAAATACTTAAATACAGTTTGGGGTACTTTTTCTATAAAATATTTCTTTTCAAAAGAGCTTAAAGGTGGTGTATCATCAAGGGCTGTGAAAGAAATAATAAAAAGAATAATAAAAGACTCCCCCGCTAAATTGACTGATGAAAAAATAAGGCTGATATTAAAAAGCGAAGGTATTGATATATCAAGAAGAACAGTTGCTAAATATAGGCTTTCATCATCAATATTATAAAAACCAAAGGAGAAATTTTATGCATCAAAACATTATAGGTAAAAATGTGAGAATCACTAAAAACGTAAGAGAACATATAGCTAATAAGATGCAAAATATAAAAGTTCATTCTGATAAAATCATAGATGCTAATATCATATGTGAGCATATACATGAAGAATATATAGTTCAAGGTACTATTACTTTCGGTAAACAAGTATTCCATGATAAAGAAAAAGAAAAAGACTTGTATGCAGCAATAGATACAATGTTCCAAAAAATAGAAAGAAAGGTTAGAAAATCTAAAGAGAAAAATATAGATAAATCTCAAAGAGCTGTAGTTGATAAAAGTGTACAAACTGAAGATGATGCTTCTTATTCTATAAATACAGTATCTTTGTATGAAAAACCTTTAGATGAAATTGATGCTCTTGTTATATTTAATCATGATAAGAGACCGTATCTTGCTTATTTCCCTATAAAAAGAGAAGAAGATTTGTACAGTGTAAAAATAGGTAAATATCCTTCTTATTTATTTAAAGGAAATGATTCTAAAACTTATGAAATATATGAGAGCGATGATTCTAATTCTTGGAATATAGATGAAGTAAGTTTAACTAGCGACAATAATATAGATGCTAGTTCTAGCAAAAAATATGAATTAAAAGAATACAATGTGAGTGAGGCAGTAAACTACTTAACAGAAAACAACAATGAAAAATTTGTAGTATATGTAAGCAGTGTTACAGGTCAGGTAGAAGCTTTATATAAAGAATCAGATATATCTTTTACTTTAATAAGAATATTTGAGATATAATTTTTTATAAATTAATACTATTTTGGAGGGCTTAATAAAAATGAGCTTGATAGACTATATCAACAAAGATGCAATAATGATAGATGTTCAAGAGACGGATAAAGAACGCTTGCTCTCTAAAATGGTAGAAAGGCTTAATGAATGCGGTCTTTTGCTGAGTAAAGATGAAGCAGAACATTCAATTATGGCTAGAGAAAAACTCATGAGCACAGGGGTTGGAAATGGCATAGCTATTCCGCATGCTAAAACTGATGCTGTAGACAAGATAGTTTTAACTGTTGCCACAATAAAAAATGGAATAAATTATAAATCTGTAGACAAGAAAAAAGTATTTATAGTTTTTATGCTTCTTGCTCCTAAAGATTCTGCATCAGAGAATTTAAAAGTATTAACTACAATAGCTAAAATACTTAGAGACAATAGCCATTTTGTAGAAAAACTTATAAACACAGATAAAAATGAAGATATAATATCTCTTATCGCTAAAGAGGAAATGAAATTATAATGCCTAAAAAAATAAATGTTGAAAAATTCCTTGAAATCAACGAAAACAGAAACAACATATTAAAAATAAGAAGATTAACTGGTTTAATTGGCATGAAAAATGAAATATACAGCTGCGATGTCAATAGACCCGGTATGGCATTATTTAGATACTTTCAGGATTTCGCTTTTGAAAGAATACAGATATTCGGAAAAGGCGAAGGAAATTATGTTGTAACTTTAGACAAAGAAAATAAGACTGATATATTTGAAGAGATGCTTTCTTATAAGATTCCTATATGTATATTTACTTATGGGCTTGTACCGCCTGAATCTTTTATAGAAATTGCTAAAAAGAATGATATATGTGTTATTGTTACTGAACTTCCTACTAATGAGTTTGTATTATCTATGCAAAACTTAATAGAAGAGGAGTTTTTAGAATCTTTTAGAGTTCATGGCGGGCTTGTTGAGGTTTTTGGAGTTGGAATTTTAATATTAGGTAAAAGCGGTGTTGGTAAGAGTGAGGCTACTTTAGAGCTTATATATAAAGGTCATAGGCTTATAGCAGATGATACTGTTGAGTTTAAGAAATTAAAAGATGGCAGAATTATTGGTAAAAAACATGATGTTATTAAGCATAAGATGGAAGTAAGAGGTATAGGAATAGTAGATATAAGCAGGCTTTCTGGTATGAGTGCCATTAGAGATAAAAAAAGGCTTGATTTGGTGATTGAGCTTGAACAGTGGAAAGATGATGAGCAGTATGACAGAATGGGGCTTTATGATAAAACTTATAATATACTAAACACTGAAATACCTTATATAAAATTACCTGTGCGTGCTGGAAGAAACATATGTATATTAATAGAAACTGCCGCTAAAAACT
NZ_CP098753.1_gap33	1579552	1583413	3861	TAAGCTTTCAACTATTTTAGAACTTATTTTTACTCCATTTACATAAGGTGTACCAACAACTACACTTTCATCATCTTTTTTTAGAAGGAGCGTTTTTATTTCTGGTGATTCTTTAGCATCATCGCCCAAATATTCTATTAAGATATCTTGTCCTTTTTCTATTTTGTATTGTTTTCCCTTTACTTCTACTATTGCATACATGATGGTTTTTCTCCATTTATATTAATTTTAAAATTCTACTATTACATGAGTAATATATTATACTATATTTTTACAATTCTGTCAACACTATTTATATAACTTTATAGTAACTCTTTTAGTTTCATCATCGAGCCATTTTACAAAAGAATCTCTCATACGAATCTCGCTTAGGTAGTTTTTTACTCTTGTGCGAATACTATCCATATCCTTTTGTATTTCTACTATTTTTACTATATAAAAGCCTTTACCAACCAACTCACGAACCGAGCTCACTGTACCTACTTTATATCCTCTCTTTGCTAAAGTAAGACCAGCATTTACCTGTGCAGGCAAAGAACGTTTTCCTGCATCATATAAAAGATTATAGCCCAAATCTCCGCCATAATTCTTTGTTTTTTCATCATCGCTATATTTTTTAGCTAACTCAGCAAAATCATTACCTCTTGCTGCCATACCTCTAACTTTATCTGCCAATTCTTGCTTTTCACCTTTTTCTGTAAAAGTGGTCGCTTTGAAAAATATCCAAGAAAGCTTTACTAAAGTATCTACCTCAAAGGCTGTTTTATCTTTACTATTATTATAATACTCATCTGCCTCAGCATCTGTGATTTCTGTATTATTTACAACAAGTCCGCTCAAATTTTCCATAGCTATTTGTTTTTTTATGGAATTACGGTATTCGTCATATGATATACCTTCTGCTTTTAACTGTTTAGCAAATTGGTCTAATGTAAGATTATACTGATTAGCAATGTTCTCAAGACGTCTGCTTACATCATTTTCTTCTATAACATAATTATATTCTTTAAGCTTCAAATACATTATTCGCTCTTCAACTAAATCCTTATAAACCATATCATCATTAATTTTTTTACCAATAGACCTAGCCTGAAGAGATAAAAAAGATTTCCTACTTACAAAATCTTCATAAGTAATTGGAATAGAACCAACAACTCCAACTATACTATTAACCACATCATTAAATAAAATATTACTGTAAAAAACGAATACAGATAAAATAAGCAAAATCTTTTTTTTCAATATTCTCTCCTTCTAATACAATTATTAACCAAATTGAAAATAAATCATAAAAAGAAATTTTTAGCTAATAGAATTATAATATATTATTTAAAAAAATAAATAAGAGGACCATTAAATTTTTAATAGTCCCCTAAATATATTTATTTAACAATAAAAATTAATTACCGAAGTGAAGTCCTACGCTAAGACCTATACCTAAGTCAAGGTAACTAGTTACAAAATAACCCATAAACAACTGATCAACTTTATAAGTCATAGGAAGCATGTAGTCTACATATAAATTAAGTCCAACTACAAAAGCCAACTGTCTAGATATAAAGAATCTCTGTTCTACAAAAGTTTTGAAATAAATACTTATAGGAGGAGGAGTCATAGTAAGTACTATATTTGGAGCATATATTAAAGCTTTAGCAGCAACCCCAACACCCAAAACTGTATCTCTAGGAATTAAGCTATTAACATTTCCAATTACAAATTTAGTTGTAAAACCTAATCCCATACTTAGACCGCTTTCTTTATTAACTATTTTTTTATCTCCAGGATAAGTGATACCTATAGTAGTTTGCTCTATCATAACATCACCTAAAAGGCTTATACCTTTTAATCCGTTTTGCATAGGAAGCATATATCCTATTTGAACAGAAAGGTCTGGTCTTACTTCTGTTGATCCATTAATTTTTACAGTCTGAGAATCCAAAATTGGAAATCCAGTTACAGCACTAAGCTGTCCTATAACATCAACTTCAAATGCTGGAAAAACTGTACTAAAACTCACTAAAAAGATTACTAAAATTAGTTTTTTCATCATTGTCTCCTAAAAATACTAATTACCTATACTTAATTAAAGTATAATAATATTTAATGCTTTAGTCAAGTATTATTTTTGTATAGGCTTTCAATATAATAATAATACATATATTTATCGGATTTTTTTTATAAAAATAAATTCCATATACAATAAAAGTAAAAAAAATCACTTTTTTTTCATTATGCTTGAAAAACTACAACTATTTATTATAATTAAATAGAGTTTTTTTGGAGAAACATATGAAATTTGTATCTTATTTAGAATGGAATAACACTGAAGCAATAGGAATTTTAACTAAAAATGAACAAAATGTTATACCTATAGCAGATATTATACCAGAGTTTAAAAATTATAATATGATTAATTTTATAGAAAATTGTAATAAAGAAATACTCACTAAACTAGAAAAAGAAATAGATACTTTCAAGCAAACTTATTCAATAGAAAAACTTCAATTGCTTTCACCTATCACAAAACCTATACATGATATAATATGCGTAGGAGTAAATTATCAAGACCATATTAACGAAGTAAAAAATAATATTAATGATGTACAAAACACAAAACCTGTATATTTCTCTAAAAGAGCTATTTATATAATAGGACATAATCATAATATAAATGCAAGATTAGATTTAGATGAAGCATTAGACTATGAAGCAGAGTTAGCAATTATAATAGGAAAAAAAGCAAAAGATATAAAAGCAGAAGAAGTAAATGAATATATATTCGGATATAGTATTTTTAATGATATATCTTCAAGAAAAATACAAAAAGAACATTCTCAGTGGTATAAAGGAAAAAGTTTAGATACTTACAGTTCAATGGGGCCATGCATAGTATATAAAGATGATATAAAAGATATAAATAACTTAAATATAAAATCAACTCTAAACGATGAAACAAGACAAAACTCAAATACAAAACATATGATACATAATATATATGAATTAGTAAGCGATATATCTAAAGGAATGACATTAGAACCAGGAGATATAATAGCAACCGGCACACCTTCTGGAGTTGGTATGGGATTTAACCCTCCTAAATATATGAAAAATGGTGATAAAATAACTTGCTCTATAGAAAATATTGGCGAGCTGACTAATTATGTTAAATAAATTATAAGTTTAATTTAACTTCATCTTCACCCTCATAGCAGTACCTGCATACGCATTTATATATATCATCTCCTATCACAATTCTATCAACATCTTTAACTATTCTTTTTGAATATATCCCCTTTCTTCCGCAATCACATTTTCCAAAAACCTTTATATGCACATCAATCAAATCTTCTTCAATCAAACTGCTCACACTCTCCCAATAATTCCTCTTAAAATCCATATCCAAAGAAGCTATGTAAAAATCTATATTAATATTATTTCTTGAAAAATCTTTTATTAGTTTAATAAACTCAGAAGTTTTATTTAAAAAGCAAAACTCATCAATACCTACAACATCATAATTAGATAAATAATTTTCTATATTTGTAAATTTATCCTCTAATTCCTCTTCGGTTATAATATCTATTCTCTTGTCAAATACAACATTTTTATCCCTGCAAAAATACCCCCTATAAGAAATATTAGGATATATAAATAGTATCTTAATATCACTTTTTTCCATAAGAAGATAATCCAAAGTCTTTATTAAATATTTTGACTTCCCTGCAAACATGGGACCTGTTATTAAATAATTCATAGAAATATAAAACCTAACTAAAATAAGTAAAAAATTAAAATAGATTTTATCAAAAAAAACACTTTTTGCAAGTAAAACTATAAAACACAAACTTCTAAAAAATATTT
NZ_CP098753.1_gap34	1588359	1589630	1271	TATTTACTACAATACCAATAAGCACTATAAAACCTATTCCGCTATACACACTCAAAGTCTGACCGCTTATAAATAATGCTATCAAAGAACCAGCAAAACCAAATGGAATTGCTAATGCTATAACAAAAGGAGCAATAAACGATTCAAACTGACTTGCCATTATGGCATAAACCAAAACTAATGCTAATATCAAAGCCTGAAGTAATTGTAAAAATGCTTCGTTCATATCCTCAAAATCTCCAGCATAATTAACACTAAATCCTGAAGGTATAAATACTTCATTTTTTATTTTTTCTTGAACATCAAGCATTACATCGCTTAAGGCTCTATTATAAGCTGAAGCTTTTATACTTGTTATTCTTGTGCTGTCTTTTCTCTCTATCTCTGTAGGACCGTAACTTTTTTCCACTGTTGCTATTGATGATATAGGCACTATTCCTGATGTTGTTGGTATCATAAGTCTTGATATATCATCTATATTAAGTCTGTCAGGTTCTCCAAGCTGAACATTGACATCTATATCTGTAACATCAGAATTGTCTGGTGTCATGGTTGTTGCTGTTGTTCCTGCAAAACTTGTTTTAATGATATTTGCTATAGTGTTAACATTTAATCCCATTTTTGCTGCTAATTCTCTATTAATATATACTTTTAATTCTGGGTTTGAATCATCTCTTGTAAGTCTTGGCTCTCTTATCCCTTCTATGTCGGATATTGCATTTATTATATTGTTTGCTATTTCTGTTGCTTTATCTAAATCATCGCCTACAAGCTCTATTTCTATTTCTTGCCCGCCTGTGCCTCCGTTTCTTCCGCCACCGCCTATACCTGAAGTACTTATTGCTGCTATATTTATTTGAGCTGGGTAAGATGATAATACATTTCTTGTAAGCTCTATATATTCATAAACAGACTTTTCTCTTCCTTCGCTTTTATCTCTTAACTGAACTCTTATCTCAGCAGAGTTTTCTTCTGAACCTGATTTTACTCTTGACTGCATTCTATCAAAATCTTCCCCTATTACTTCTTGTATATCTGTTTCCATTCTATTTACAAAAGACTGAGTTTGTTCCGATTTTGTACCCACTGGCATTTTTACATCTATTTTAAATTGACCTTCATCTGAAGTTGGAAAACCTTCTTTTCCTATAAATGTTAAACCCAACACTATTACAGCAAGTATCACGCTTAAAGAAGAAATCAAAACTTTCTTTTTATTTTTTATAGAAAAGTTAAGCATAAAAGAGTATATATTATTAACCCTATCGTGA
NZ_CP098753.1_gap35	1627218	1627760	542	AATGAGTTTTTGCATATTTTCATTGAAGAAGAAGTTTTTGCTAATTCGCGTCTTAAATCTGTAAGCTGTGATACTGTTACTCCTCTATAATCGAAGAATACTAAACCAGCACAACTGCCCATACTTTCTTTAAGAGCTGCAACTGTTTCTATATTTTTCTTATTAGGCATATATCCACCTTCTTCTATTTATATTAAACAATCTCTATAAAGCTATTCATATAATGGGATCACAAAATACGACTTCGTTTATAAAAATGTTTATCAGCTAATTATAGTTTTATCTTTTTATAATCTATTTTTATACCAACACCCATTGTTGATGTTACACCAACGCTTTTTATATAATCACCTTTTAAGTCTGATGGTTTCTTTCTTAATATCTCATCATAAAAAGCTCTGAAGTTTTCATTTAATTTATTAACGTCCATAGATGCTTTACCTATAGCCATTCTTACAACACCGAATTTGTCTGCTCTGTATTCCATTCTTCCTGCTTTAAAGCTTTTTACTGCCTGAGCTATATCAAGTGTAACTGTTCCT
NZ_CP098753.1_gap36	1629482	1634257	4775	TAAGCAAAATCACAACAACAACTGTCTGATTAAGAACCTCCTGACGAGTAGGCCATACACTTCTCTCAAAAAGCTCTTTTTTTATCTCTTCTAAAGAATTAAATAATTTGTTCTTTTTCTTCTCTGCCATATACAATACCTTAAATTTTAATATTAAATTAAGTAAAAAATCAGGTCAGACAGGAGTCGAACCTGCAACACCCGGTTTTGGAGACCGGTGCTCTACCAATTGAACTACTGACCCAAATATATAAAAAATTATCTTGAAACTTTCAATTCTCTGTGGATAGTGTGTTTTCTATCATGAGGGCAATATTTTTTTAATTCTAATTTTTCTTGAACATTTTGTTTATTTTTAGTTGTTATATAATTTTTTCTTTTACATTCTGTGCATTGTAAATGTATTTGCTCGGTTTTTACTTTATTACCTGCCATTTTTATATCTCCGAAATTTAGACTACTTATATTTTAAGTGGTATTCAATTATATAACTAATTTTCTTTTATGTCAATAGATTTTAAAGCAATTTTTTACAATATTAATATATAATAAAAAATATTTACATAATTTTATTTTTACAGTTTTATAATAAAAAAATACCGCATAGAAAACATATGAAAAACAAATTATATAAATACATTATTATAACAATAATTATATCAATATTAATACTAATACCTCTATCAATTATGGGGAATTTCAAAAGAACTGCATATATCTCAGACTTTAAAAATATTGTAGAAAATAAATACTCTTTTACATTTAAATATAAATCAAAAATTTTTAAAAATAATAAAATATATGAAATACAGCCAAACACAAACCAAACAATAAAAGATGTAATCTCTATTAAATTTAAAAATGGAAGTTCATTTGGTACATTAATTACAGATAAGAAACTAAATACAAACGACAAAATAGAAAATATAGAATACAAATTAAAATTAAAAAAAGAAGTATTTATATTTTTTATTTTAATAATACTAATATTCCCAATACTGTATTTATATATAATACAAAACATAATAAAAAACTATAAAACATATATACTTCTTCTAATAATACATACTCTGCTCTACTTCTCAATAACTAAATTAATTCTGCCATCATTTTCAATGTTAAAATTACAAACAAATGTTTATGATATACTGTACTCATATTTATTTGTAATAATTTCATATAATTTACTAAGCTATATACCAAATTTTATACATTTAAAAAATCATAGAATAATTTTTACGATACTATTTTGTGTTATAACAAATTTTTCTTTTTTTGTGATAGAGACTATAGCATTGAGCGTGTTAGATATGGTAATACTTTTTTCTGATATGCCAAATCTATATTCTTCGCTTATAACAGTGCTTCCTCTATACATGAAAATTATAACAATACTATCCACTATAATATATTTCTCTTCAATATTATTTTTGTTATCATTATTTATATACAACTTATATAGAATGTTTAAAACCAAAAAATCAAATGCAATAATTATGATATTATCAATCATAGCTATATCATATGTTTTATTTTTAAGACCAAGCAAAGTTGACATATGGAGCATAGATTTTTTAAGAAATTCCAACAAAAGAGGAATAATATATACACTCAATTATAGAATAAATTATGACAGAATAAACAATATAAAGCCAAACAAAGAAGCAGTATTAAACTCTATAAACTTATTGAAATCCTATGAAGAGAAAAGAGACATATCAAATTTATTATTACAAGAAAGTGAAAACAAAAGAGACATATTTTTAATATTTTTAGAATCCTTTTATGATTATTCCCATTTTGTAAAACTATTTAATAAAGACCCATTCCCAAAAGAATATAGAAAATGGGCAAATGCCTCTCAAAAAATATCTCCAAATGTTAATAATGGAAGTTTTTATGCAAGACTGGCAGGACTTACTGCTTCAAGCCCATTATATCCAAAAACTCAATCAGAAAAAATAAATAACACTTTAATAAGCCTTTTAAATGAAGAAGGATACTACACTTTGGCATTAGAAGAAGCATTAAACACATACAATCTTAAAACATTCTACCCTTCAATAGATTTTAGTAATTCAATATTCGGTTTAAACATCACAAATATAAATACATATCTAAAAACTAATATAAACAATCTTAAAAAACCTCTATTCGTATCTGGCTTTACAATTTTAGGACACACAGATTCTCATATAGAAAATGATTTTAATATAGCAGAAAAAAATAAAAAGTTTATGAATTATTTTAATGGCAATGATAAACTCAATCTCATAGAAACTATGGACAATTCCGTAATGGCAGCAATGGAGATAATAAAAATTAGAGACACAATACTAAAATATTCACCAAATGCATTGATAATATTTAAGCATGACCATTTGTATCCATATTTAAAAGCAATAGTAGAGCGTTCAACTATAGACGAAAACATAAAGAAAAGCTTTTTAGAAGATAGTAGTCCAAGTCCGCTTCTTATATGGGACGGCACTAACGGAGCATACAAAGCACCAGTAAATATTGTTCCAGAAAATATACCAATGTTTATAGCTATTAATGCTGGAGCAACAAATTATAAAAACTCTATTATTTCACTGCTTTACAAAGAAAATATTGATAACACTATAAGCACATATCATAAATATTATAAAATTACTAATAACTCATTAATATTAGAAAATAATATCGATGAAAACTCTGAAATTTTTAAATACGAAAACGCTCAAAAAATATTGTCGCAAGATATATTTCAAGGTAAAAAGTATTATTATGAATTAAACCAATAACTTGACTAATTATACCTTATATAGTAGAATGATTAGCTAATAAGAAATATTATTAATTACGAATATGCTAAATAAAATAAAAAATTTAATACTTACAAATAAAAAATTCTCAATTGTTTATTTTACATTAATATTATTAATATTTTTATCTTTATGTATATTATCAATTCTTGGCAATATAGAAAGAACAGGATATTTATCAAATTTTGAAAAATCATTTGATGATTATAATTACTATTTTTGTAAGATGAATTATTATAATGAAAAAGTTTTTAGACATAGTGATATATTTGGAGTATACCCTTATTTTAATCATGATACAGAATATATTATTAATTCTATAGATAATAAAGGTACACCATTTTCTAGATTAATTTCGTATGATAATTTAAAATATGATGATAAAATTGATATTCAGTATAAATTAAGAGTAAAAACAAAATTAATAATATATGCATTGGTTTTTATTTTTATACTGCCTCTATTATATTTTTACATAATTAATTATTATAAGGATTATCTTTTATTATTGTTAATAAATTATGCTATATACTTTTCTATAATTTATATAATACTTCCAAAATTTTCATTACCACAATTTAGATTTAATTTTGCAGATTTTTTAATAACCTATATATCAACAGTAATTGCTTATAAATTATTAAATAAAAATAAATTATTAACAGCTATATTTATTATTTTTCAATCATTTTCATTATTTATAATAGAACCAATGGCAATTACATTCCAAAACACAATATTATTATTTAATGATATGCCAAATTTGTACCCAACTTTAATAAATGTTCTGTCACTTCCAATGAAAATTGTTACAATTACAGCAACTATAATATATTTTTCTGCAATGCTTCTATTAATAACAGCATTTATTTATAATATAAAAAGATTTAGAAAAAAGACTATTATATTTATAATAATTTCTATATCTATATCATCATATATTATATTTTTCAGACCTAGAAATATAGAAATTTGGAATGTAGATTTTAAAGGAAATGCTAATAAAAACGGCATAGTAGATACAATTAATTATAAAATAAACTATGACAAAACAAACAGTCAAAAGCATTCAAAAAAAGAAGTAGAAAATGCATTATTATTTTTAGTAGAAAAAGAAAAAAATAGAGATGTTTCTGATTTATTAGTAGAGGGAAGTAAAAATAATAAAAGAGACATATTTTTAATATTTTTAGAATCTTTTTATGATTATTCTCATTTTGTAAATATATTTGATAAAGACCCATTTCCAGAGGAATATAGAAAATGGGCAAATGCATCTCAAAAAACAACACCTAATACTGTGGGAGGAAGTTTTTATGCAAGACTAGCAGGACTTACTGCTTCAAGCCCATTATATCCAAAAACTCAATCAGAAAAAATAAATAACACTTTAATAAGCCTTTTAAATGAAGAAGGATACTATACTTTAGCATTAGAAGAAGCTTGGCATTCATATAATTTAAATAATTTCTTACCATCTATATGTTTTCAAAACATAATATTTGAACTAGGAACCACAAATATAGATTCATATATAAAAAATAATTTGAATAATTTTAATAAGCCAATATTCGTATATGGCTTTACAATTTTAGGACACACAGGTTCTCATGTAGGAAATGATTTTAATATAGCAGAAAAAAATAAAAAGTTCATGAATTATTTTAATGAAAATGATAAACTCAATCTCATAGAAACTATAGATAATTCTGTAATAACAGCAATGGAAATAATAAAAACAAGAGATACTATATTACAATATTCACCAAATGCATTGATAATATTCAAACATGACCATTTGTATCCATATTTAAGAGCAATAGTAGAGCGTTCAACTATAGACGAAAACATAAAGAAAAGCTTTTTAGAAGATAATAGCCCAAGTCCGCTTCTTATATGGGACGGCACTAACGGAGCATACAAAGCACCAGTAAATATTGTTCCAGAAAATATACCAATGTTTATAGC
NZ_CP098753.1_gap37	1639401	1643330	3929	ACTAAAGGTGTACAAAAACTAAAAATTAGCGATTGGTCTGCTGGTGAAAATCCTTACATTGATATTGTAAAAGCTATTAATATGATTAGAGAAAAAGGAATAGTTGGAAGAATAATACTAGCTTTGAGTCAGGGATTATTTTTTGACTTACAGAGAATACAGCAAGGTACTGGCATGACTGAAGCTCAAAGAATAACTAATATGATTCATAATCTATATAATATACCTACAATAAAAGGTAAAAAAGCTGCTATTATATGTGTAGAGCCTCAATATATAGATTTAGCTATTGGTGTTGATATGTCTACTGCATACTTAGAGCAAAAAGACCTTAATCATACTTTTAGAATTATGGAAACTGTTTTACCTAGAATAAAAGAACCTAATGCTATTGTTGTACTAGAATAATACCCCAATAATTTTTTAAATATTATAAAAAAGCAAAAGTAGGCAATAAAGCTTATTTTTGCTTTTTTTTATTTATATAGTTTTATTAAAAAAATATATATAAAAAATATTATGGAATAATTTATGTGTTACAAAAAAATATCAGAATATATAAACATATTAGCAGATTTTTGCGGTACAAGAGATATTAGTTTTTTAAATAAAGAAGAGTTAAAAAATAAATATAATATAAATCAAGCAGATATTATCGTATTATTTGGAGGAAGCATAATTGAAGGAGGCGATATATTTGCTCAAGCTATAAAAGAAAAAATTGCTAAAAAATACATAATAGTCGGAGGATACGGACACACAACAGATACTTTAATAAATAATATAAAAGAAATAATGCCAAACATAAACTATAAAACAGAAGCAGAAATATTTAATGAATATATAAAAAATAAATACAATGTAGAAGCAGATTTTTTGGAACTGCATTCCACAAATTGCGGAAATAATATTACTAATCTATTAGAAATAATAAAAAAAGAAAAATTAGATTTCAACAATATAATATTAATTCAAGATGCATCTATGCAGCTAAGAATGAGTGCTGTTATAAAGAAGTATATAGATAAAAGTATAGAAGTTATTAACTATGCAGCATATAAAGTAAAAGTAATAAATAAAGATTCAAAATTAATTTATGACAACTACCCTCTTGGAATGTGGAATATAGATAGATATATTAATCTTCTTATGGGAGAGATACCAAGATTAACAGACAATAAAGAAGGTTACGGACCAAGGGGTAAAGATTTTTTAATTCATATAGATATACCAGAAAAAGTGGAGAATGCATTTTTAGAATTAAAAAAATATTATCCTAATATGGTAAGAGAGGCAAAAGAGAAATAAAATAGTTACTAATAACTATATCATTTTTTTTTAAAAGTAATATATTTTATACTAGAAAAGTATATTTTAAATTGGAGCTTATAATGAAAAGAGCATACATTAAAAACATAGCCTATTATGTACCAGAAAGAATATTAGACAACAAATATTTTGAAAGCATATTAGACACCAATAATGAATGGATAGTAACTCGTACAGGTATAGAAACAAGACATATGGCAAGACCTGATGAAACTATTTTTGAAATGGGAATTAATGCTGTTAAAAACTTAGAGAAAAAAGGTGTGGATTTAAAAGAAGTTGATGCTATATTAGTTCCTACTGTAACAAAAGATTATATATTTCCATCTATGGCTGGACAATTACAACAAGCATTAGGACTTAATCATTGTTTTGCTTTAGACTTATCTGCTGCTTGTTCTGGATATATATATTCTCTAAACACAGCTGTTTCTTTGATAGAAAGCGGACAGTGTAAAAATGTACTTATAGTTTCAAGTGAAAAACTTACTAAAGATGTTAATTGGAAAGACAGAGGTACTGCAATTCTTTTTGGAGATGCTGCTACTGCTTCATTAATTACAACAAGAGATGACGGAAAAGGAATAATAGGCATGCATATGCAAAGCGAGCCTGATATGAGTATAGTTCTTAATGGCGGAAGCGTTTGCCCTATAAGAGCCGATGATTTAGAAGCTCCTGAGTTTAAAATACATATGGACGGTTCTGAAACTTTTAAGAGAGCTGTTACTGAGTTTTCTAATAGTATAGATAAAGTTTTAGAATCTACTGGAAAACAATTAAGTGATGTTAAATATTTTGTACCGCATCAAGCTAATTTAAGAATTATGCAGGCTGTTGCAAAAAGAATAGGTCTTCCTATGGAAAAAGTAAGCGTTGTATTAAATAAATTCGGAAACTGTTCTTCAGCAAGTATAGGCTTAGCTTTAACTGATGCTTTAGAAGAAAATAAAATTAATGACGGAGATTTAGTTCTTCTTACAGGATTCGGCGGCGGATTTACTTGGGGTTCCAGTTTAATGATTTGGTAATAAGACCTTTTTAAAAATATATAATAAGGATAGCTTTAAGGCTGTCCTTTTTTATTTTTAAAAAATTTTATAAAAATATTAATTTTATAAATTCCTTAAATGGACCTTGCCGTTTTTATCTATGGTTTTATTTCCTTTTTTGTACATTATAAAAAGATAATTAAAACCTCTTAAATAATAATTATATTCTATAGCAGATAAATGATAATTACCCTTGCTTAAACTTTTATTGTGCCTTACAACAGAAACTATATCTATAGGCATAAAATATTTACTCATAATCTCAAAAAGCTTAAAACCTATAGGCATAAAAGGATAATCTTTTTCATAAGAGTCTGAAACATATAAAGCCATATACCTATCTTTTTTCATTATTCTAAATATTTCAGATATAACTTTCTCCATAGCATTATAATACTCATCTGTTTTTGCAGTTAATTTTCCTATGCAATTTTTTTCATCAGAGTAATTGATATGTGTGCTATAAGGAGGGTCAATAAAAACAAAATCTACCTTTTCATCTTCTATAGGTATCTTTCTAGCATCTGCTCTAAAAATGTCTTTTCTCTCTAAAGCCTTTGGATTAATATCATACCCTAAAGCCCTTCTTCCGAGTTCTCTTGCAACATCAACCGTTGTTCCGCTTCCAGCCATTGGGTCTACAACTAAATCTTTTTCTTTTGTGTATCTATTTAATAAATTCCATATTATATACGAAGGTGTTGCTCCTATATAATGTTTATGCTTTTCTTCTTCACTTTTTAAATATTGCTGGGAAGGATAATCCCAAAGAGTTGTGGTTTGTAATTCTAGCTTCTTTTTCATTTTCCTCATTATACACTATAAAACTATATTAACAAGTATAAAGTATTGTAAAACATATTTTTATTGACTATACTATACATAATAAGCTTTTTATTAGGAGATTATATTATGAGAGAAATAGTAATAGCAAGTGCCGTTAGAACACCTGTCGGTAAGTTTTTAGGATCATTTGCAAACACTTCAGCTGTAGAGCTTGGTACTATTGCAGTGAAAGAGGCTTTAAAAAGAGCAAATATAAAACCAGAGCAAGTTGATGAAACTTATTTTGGCTGTGTTATACAATCAGCACTTCTTCCAAACGTTGCAAGGCAGGTTTCTGTTAATGCTGGTATACCTGTAGAAAAACCTGCATTAACCATAAACATATTATGCGGTTCTGGACTTAGAGCTGTATCAATGGCAGCACAAATGATTAAGGCTGGTGATGCTGATATAGTGGTTGCTGGTGGAACTGAAAATATGAGCATGGCACCATATACTTCTTCTGCTATGAGAATGGGCGCTAGAATGGGTGAGACAAAAATGCAAGACACTTTACTTAATGATGCTCTTGTATGTGCTTTTGAGCATTATCATATGGGTGTTACTGCTGAAAACATTGCTGAACAATGGGGAATAACAAGAGAAGAACAAGATGAGTTTGCATGCAGAAGTCAAAACAGAGCTGAAGCTGCCATAAAAAGCGGAAGATTTAAAGATGAGATAGTGCCTGTTACAATAAAGACCAAAAAAGGAGAAATAGTA
NZ_CP098753.1_gap38	1647970	1649898	1928	TTAAGATTTAGAGGCTCTAATGAAGAATCTGATAGAGCTATGCAAGTGCTTTATGATAAATATACAAAAGAAAAAGTAACTCTTATAGGAAGTAATATTATAAGCGGTGTTGTATCTTCTGATAATTTAAAACTAGCTTTTATACTTGTAATAGTGTCTTGGATTATCATTATGATATACATTACTATAAGATTTAATTATAGATATGCTTTCCCTGCTATTATTACTCTTATACATAATGTTGTTATAGTATTTGGTATACTTCTATTTTTGAATAAAGAGTTTTCTGTATTAGTTCTCTCTTCAATGCTTACTTTAATAGGTTATACAATCAACGACATAATAGTTGTATTTGATAGAATCAGAGAAAATGCTGATGTTAAAAGACCATTTAAAGAAATTGTTAATATAAGTCTTAATAATGTTGTAGGTAGAACTGTGATTACTAGTGTTTCTACATTGCTTGCTGCTCTTGCTATAATGATATGGGGCGGATTTATACTTTATGATTTTGCTTTTACATTCTTTTGCGGTGTAGTGATAGGTACTTATGCTAGTAACTTTATTGCAAGCGGCCTTTTAATATTATTTATGAAAGGAAAAAAAGCATAATTAAAAGAATAAAATGAAAAAGAATAATATTTTTATTATACTTATAATATTTTCTCTTATATTTTTAGTATTAACAGTGGTATACAATGTATATACGATAGGGGCAAATAATAATATCAAAAAAGAAATAGATAGTACTAGTAATATTTTAGCAGAAAATATGAAAAATCAGTATATAAAAATATTATCCTTATATTTTAAAGAACAACTAATAGATGAAACTAATCAAAATAAAAGAAATGAATTAAATAATTTTATAAAAGAAAACACAGCATCAATATCCTCTTCAAACTTTAACAATCTAAAGTCATCTATTAATGATATAATACAATTAAGAAATAGAAACACAACTTATGTTTTATTGTTTTTAGCTGTATTTACATTTATATCCGGCTTAATAATTAATTTACTTACTAATAATAATAAAGAAAAAAACAATATTCAAACTACAAAAAAGATTGTAAAAGAGGAAAATGAAAAAAAAGAGGAAAAACCTAATATTATTATTTCTAATGAGATAGATAATAAAAAAGAAATTGAAATAAATAATATGTATCAAAATCTTGTAAAAGAAATAAAGAATTCCAAAGAAGATAGTGCTATGGAAATACTTGAAAAAATATTTCAAATAGATGACAGAAACTATTTAGCTTTGAATGGTGCTGGAATACTTTATACAAAGATATATACTAAAAACGGAAATAACACTTATTTTGTAAAGGCTGATAAGTTTTATGAATCTGCAATTTCTATATATAATAAAAACAAAGATATTCTAAATAATAAAGCAATATTATATTCAACTAAATATGGTAAAGATAATAACAATAATGATTATAACACTGCTTTAAGTATTTTTAATAATGCAATATCCTCTTACAATAATGATTTTGATATTATTCATAATAGAGCAACTTTGAATTTATTAAATTATAAACTTACAGCAAATGCCTCTTCTTTTGATGAAGCATTAAAAGATTATAATGAACTTATAGAAATAGACCATCATAATATATATGCCTTAAGCAACAGAAGCATACTTTATTTTGATAAATACAAATATACAAAAGATAAAAAATATTTTGAAAAATCAATAAAAGATTGTAATGAAGCATTTAATATTAATTCAGAAGAATCTCTAGACTCTAACAACAATCCTCACTATATATACAAGTATTAATATATTATTATAATTCAATAAAAAAGCAATGAGATTAATAAAAACCCCATTGCATTTTATTTATAAACTAATTATTAAACCAATTATTTTTTCTTAGAAACTTTTTTCTTATATCCTATAGCATCAGCCAACTCTT
NZ_CP098753.1_gap39	1665734	1669274	3540	TTCGCTGTCAGAAGACTTTGAGAATAATTTAGAAAGTATGTTTTCGCTTTTTTCTTTATTAGATTTTTCTTTCTTATTATTCTTTGCATTATTTTTTTGAGCATTTTGCAGATTATTAATATATTCTTCTATTAACTCTCTGTCTTTTTCTAGTTTTTTTGTAAGCTCATCAATGCTTTTATTTTTGTAATTAGCTTTAATATACTCTTTTTCAAGATGCGAAAGTTTAGCCATTGAATTATTTCCTCTTATCTAATTTTAAATAGTTTCAGATATATTTTATTTTGGATTATATGCGGCAATAAATTTATTTTGTACTTTTTCCCGCCGCAAAAAGTACCAAAAAGTGCAAATAGTTGTTAAATTTTAAATACTCAAATATTACAACTATAATCAATTATTATATAATAAAATCGCTTATTATTCAATAATGTAAAACTTATTTTATATTGAAATAAAACATCTTTTAAATTATAGTAAAATGATATTTAGCAGTTATATTCAGGAAATAAAATGAACTTCTTAAAAACAAATAGATTAACTATTATATTAATATTTATTATAATTTCTTACATATTTTATAATGACTTTATGGATAATAATAATAATAATAATAATAATAATACAATTAACAATATTTACAACGCAAACTATATAGTAACTGATAATGATATTATTTTAGAAAATACTTATGATTTTAATAGTAGTATAGAAATTAAAGAAATTCGCCGCAACTACCTTAGATGGAGAGATAGAGAGCATCCTAACGTAGATTTTGAAGAGGATTCAAAAGATTTATATGTGAGATTAATAATAATATTTATGATAGGAGCTGCCATACTAGGTGTTTTGATAGAGATATTATTTTTTAAAAAAGACTCTTATAAATATTATATTATTGTACTTGCAATAATTTTCATAATAAGTTCGGTTATTATTTATAAAATACATGAAAACTTGGCTATTTTTAATATTGCCGGAAGTATAGATAGCATACTAGAATTATCAGCATTCTTTTTCGGCGGTGTAATATCTTTTATAGTATTGCTTATTAGTAAACACCTTAGGGATAAAGATAATAAAAAAAATAATGAATAATTATAAAAATTTAATTCTTGTACAACTAATGTATAATAATATTTGTTTTTCCTATATTCATTTTCTAATTTTTTTAAAAACATAACCAGCTATAATTATTAATAAAATTAAAATTAATCCTATAATTAAAGCATCTTTTAATGTAATATCTCCAAATAAAACCATAGTAAAAATATTTGAAGGTCCTAAAATAGTTTCAACAATGTCTTTTTGAATTGATAAAGTTGATTTCAAATTATTAGTATAATTATTTGTTTTATTGCTTATATAGGCATCATTTATGATTGGCGGAGCATTAAAAAACGCTGCATATAAAAGTATAAGAAAAAATACAAAAGCAACAAGCAATGTCTTTTTTATGTTATCTTCATTCAAATTAAATAATGCCGTTATAATACCAATGGCTATAAATATATATTCATAAGTATTTTCAATATTTTTTATTATAAAAAATCCTGATACTACAAAAAACACTATTATTAATATTATAGCTATTGCCAAACCTATTACACTATCACCATCTACTACTGTTTCACCAATTCCTTTAATTAAAAGCAATATTAAAAATACTATTATAAAAGAGCATAAAAATAATGCTGCCATTCTAAATAAATCATTTTCTGGTATATTGATTTTATATATTAAATTAAAAATAATATCTTTCATAAATATTTATATATCTCCATAATAATTTTATACGTCTATCCATGCAAATCTTATGTAACGACGGCGATAAGTTATAAAATCTCTTATTAAATTAAGTAAATCATATTTTTTAGAATATTTATACATTGTTTCTGATTTATTATTTACTACATCATACTTATTTAATATATCAGGAACATTCATAATAAACAATATCATTCCCATAGTTAATACAATAACAAATAAAATAGCAATAATACCTCTTACATCAATTTTTTCTTCTTTATCTTTTTTTCTTTTTCTCATAGCTATTTTATCCTTTTTTACTCTATATATATTTATGAATATTTTTCTAAGAAAGTATCTAGTATTTTTCTAAAAATTATTGCACTAAATGCTAAATATTCTATTTTACTTTTAGCATTAATAACACATAAAACTGTTATAATAATAACATTTGCAAATAAAAAAAGTATGAATAGCAAACCTTTTTTATCCTCTTTCATTGTTCTGCAAAATTTCTTAATTTCATTCTTTGTATTTGGTATAATACCTGTAAATATAGCCAATATAGCATATAGCAAAGAAACTCTCATAAATATAGTATTAAAAAAAGCTTTTGCCGTATAATATCTTATAAAGAAACTATTTTTTATATATGTTGTAAAGTTCACTTTCTTTTCTTCTTTTGATATATTTTTTAAATAAGTTGTTTCTAAATCATTTTTTATATTTATTTCTACTTCTTTTGCAAATCCTATATTTGTATCTCTGTAAGAAAATAATATTATAAGAGCAGGAGGTATTATAATAGGTGAAAACAAAAATATTGCAAAAATTATTATAGATTTTGCAGATTCTTTTTTACTCATTTTGAAGCCTTTATAGATATTATGATTAGAAAATATAAAGACAATACTTTTTTATTTATGAATATATAAATATTTATATTAGTATAATTTTACTTTTCCATAATCCTCGTCATTATATTATTATATATACCTTTTTTGTCAATACGGTATAGATGTTTATTGAATTATAAATTGAGTTAGTTTATTGTAAGCATAAAATAAAACTATTAAACCCAAAATTGATAAACTTAAAAAATTAAGTATATATTTTTAAAATACTAATAAATTTATGTTATTTTCCTAATGATAATACAGGCTATAAAACCAAAAATCACTCCGCTGAAAGCTAAATATTCTCTATTACTTTCCATGTATATTGCTATTACTATTAAAACGAATGCTATTAATGCCAGAGTAATAAACACTACTAATATTGTTGTTATAGTCTCTCTAATATCTTCTTTTATTTTTATCTCTTCATGATAATATTTTTGGGCTATAATTGCGGTAGCTGCAAGCGATAATATATAAGTCAGTATATATACAATTAATACTCTCACACCAAGAATTTTCAAATCCACTTTTGAGCTGCTATATTTAGATGATAAAGTTCCTTTTAATAATATTGTTATTATTCCTTGAAGTACTTCTTCTTTTTCAAAATTTGATGCATTAGTTTGTTTATTATCTATTATTTCTTTTTTTTCTTTTATATTTTTATCAGCCTTAGCAAAAAATGATATTGCAGTAGACGGTATAATTAAAGATAAGAAGATATATATTATTAAAGCTATTACATTAACTTTGCTGTCATTTTTTTTATTTTTAATTTTCATTTAACTACTCTTTAATTAAAATTATTTTTTAGCATATATAGTTTTTCAATTTTAATGTATATAGTTTTTTTGTAAATACAGTATAGATGTTTATTGAATTATAAATTGAG
NZ_CP098753.1_gap40	1706366	1710734	4368	TATCAATTAATTCTTCAATTACATACATTTGACCATAACGGCATGCATGAAGGAAATTTCTTTCATCTTGAGTTATACCATAAGAATCATTGACCATTAAAACTACTCCAACAATAATTAACACAATATATTTTTTTAGCATTTTAGTTCCTATTATTACTAATAAAAATTGTTCGCTAATCAAACTCTATCAAATAAATTTGCTAGAGGCTCACAATTTTTATAAATTATATTTTATTATTACTATATATAAAATGATATACTTTTATATCATTGCTATGCCGCAAATAATAGTGCCTTGCAAAACGTTAAGCGACAATATAATCCAGCAACTAAAGTTACTGGCTGCTATGACTAACTTTTTATTATTCTTATCTTGTTGCACCAAGCTCTATTAATTTTTCTTTAGCCTCTTTTTTACGAGATAAAAGCAGAGCAGTTACTCCTAAATCATCCATGTGATTTACATCAAGACCTAAATCTTTTACTAAATATTCAAATACATCTATATTACGAAAATCAGCTGCTATAATAATTCCATTAGCATTATTGCCAGTTCTTGAATTAACTAAATTATGGTCATGTTCAACTAACATCTGTATAATTTCAACATCACCTGCACCGCAAGCCCAAAGAAAAGCATTTCTCTCTCTGCCATCATAAATAGAAGGATCAGCACCATTATCAAGCAAATATCTTATCATATCTTTATTTTTATTAAGTACAGCTAATATGATAGGAGTTTCTTTATTAATCTCATAAGATCTATCTAATATAGAAACCTCATCCTTTATGGTTATTCCTGTATTAATATTTTCTTTGTTTATTAATTTTTTGAGACCTTCTAAATCATTATTTAGTATAGCATCTAATATATTATTATTATTTGAACAAGATATAGTAAAGATACCCAATAAAAATGATAGAATTAGTTTTTTCATTATATACCTCCATTGTTGTTTATATTCTCATTACTAATTTTGAAAGTATAAATAATTAAAATACAAAAGTCAATGTACATATATGAGGTATAATTCTTTATTGTTATCTATAATAAATTTACTTCATTATATTATTATGGTTATATTTTTTATAAAATATTAGAAAGGAAGTGTTTATGAAGAAAAAATTAATATCTATACTATTTTTAACTGCTATTTTATTTGTAAGCTGCAGCAATGAAAATAAAACTGGACCATCATCAAATAATAATAATGATTTAAAATATTCAGGCAGTTGGACTTTCACTAATACACCTAATTATAAAGGAGGAGTTTTAACAATTAATAAAGATGGCTCTTGTATAATAAACAATAAAAAAGCAGAATCTTTTACAAAAAACTCAGAAAACAACTATATAATTGTATTTAAAGAAACTTTAGTTCAAGAGTATGTTACTGCTGTAATAACTTTAACTTTAGATATAACTTTTGATACAGAAAATTCAGGAACAGTTAAAATAAATGAAAAAGCTATTTCAGAAGATGGAACAGAACTTCACAATGCTGATGTTAATGAAATTATAACAAAAAATATTTAAATAAATTTGTATTATATAAAAAGTCTGATTTTTTAATCAGGCTTTTTTTATATAAAATATTATATAGTTAAAAAATACATGTATTATTAATATTTATTTGATATAAAACTAAAATATTTGCACTTTCGCGAAGCGTATCCGTAGGGTAAAAACTTTGGCGAAGACCACCTACTGTGTGCGGCGGGAAAAGTTGAATAAACTATAAAATATATTTTCAATATAAAATATAATTATCAAAAATCTATTTAACACTTGAATTCATTTGCTTATATGCTATAGTTTTGCAATAAAAATATAATTAATAGGAAATGATTTGAATAATAAAAACAAAAAAATAGAACTGCTCGCACCTGTTGGAGATGAAAGGGGATTAAAGGCTGCTGTTAATGCGGGGGCTGATGCTGTATATTTCGGTACTAAAAGTTTTAATGCGAGAGTTGGTGCGGCTGAAAACTTCGATGAAAAGGCACTTGAAGAAAATATAAAGTTTGCAAAATTAAGAAATGTGAATGTTTATATTACAGTTAATACTTTAGTTTATAATGATGAAATTGATAAAGTACTTCCATTAATAAAAACTGTTTCTGATTTTGGAGCCGATGCTATTATAGTTCAAGACTTAGGTATTATTGATATTGTTAGAAATAATTTAAATATTGCCATGCATGCAAGCACGCAGATGTCTTGTAATAATTTAGATAGTGTAAAACTTCTTAAAAGCATTGGTATTGACAGAGTTGTTCTAGCACGTGAAATGAGTTTAGAGAATATAAAATATATTAGAGATAACACAGACATAGAACTTGAAACTTTTGTACATGGAGCTTTATGCGTAAGTTTTTCTGGTCAATGTGCTTATTCTTATTTGCATGGAGGAAGAAGTGCCAACCGTGGAGCTTGTGCTCAGCCTTGCAGAATGGAATATACTGGAGGAAAAACTGATTATCCTCTAAGCACTAAGGACTTAATGACTATTGATATAATTCCAAACTTACTTGAAAGCGGAATAACTTCTTTTAAAATTGAAGGACGTGCCAAAAGAAGCGAATATGTTGCAGTTACTACTTCAATATATAGGCATGCTATTGATTTGGCTTTAGAAAATAAAGATATACCTATCCAGAAATATAGAGAAAGTTTGATGAAGATTTTTAATAGAGGAGGATTTTCTCAAGGTTATTATTATAATTCAAAAGATATATTTGAAAATTATAAGCCTAGTCATGACGGTGAATATATAGGAGAAGTTGTAGCATACAAAAAAAATAAAATACATATAAAAGCAGAAAAAGAATTAAATGTTTATGATGGGCTTTCATTTGGAGATAGCGGACAAGTAGGAATGCAGATTTCTGATTTATATAAAGATAATATTAGAGTAAAAAGAGCTAAAGGAAATTTAAGTTTTTCGGCTGTTATAAAAAATGTAAATGTAGGTGATGAAGTTTATAGAACTACTGATAAATTACAAATGGACGAAGCAGACAAAATAATTGAAAGTGATAATTTTAAACATCTGCTTGATTTAAATTGCATTATTGGATTTAATGACATTGATGATAATAAAAAAATAAAATTAGTAGTTACAAGTAAATATGATGAGAGACTAAACAATATAGAATATATAAGCGATTATACACTTCAAAAAGCTAAAACTAAAGCAACAACTAAAGAAGATATTTTTAATTCTCTTTCAAAAACAGGAGGAACTGTATTTGAATTTGAAAATATTAATATAGAAGAAAAATTCAAAAATCCTTTTATACCTGTTAAAATTTTAAATGAAGCTAGAAGATGCATAATTGAAAAATTAGAAAATGTTTTAATGCAGTCAAAAAAAATTGATTATAATAAAGATTTTGAAAAAAATATTAATTACCCAAATACAAATATAAAAGTTTTAATTGCTAACAGTGAAGAGAAAATTAATTTATATTCTGATATTCATTATGACAAAAAAATATTATTTCCAAATGTTTATGATGAAAATATAATTAAGCTTTTTGAAAATAAAAAAATAGACGGAATAATTCTTCCTCATGTAACATTCGATAAAGACATTGAAGTTATAAAAAGCATAGTAGAAAAAACAAATAATATGATAGTAATATGCAATAACTTAGGTCATATTGAAGCATTAAAAGGAAAAGCTATATTATGGGCTGGCATAGGGCTTAATGCAATTAATAACTATACTGTAGACTTTTTATATAAATTAGGAGTTGATGTTGTTATATCGGCCATTGAGGCAGGTAAAAATTTAAAACACACATTATCAATAAAAGAAGGTTTAATTCCTGCTATGAACTTTGCCTTCTGTCCAAAGAGTATGTCTGTAGGATGCTCTAAATGCAAAGAAGAAGATATTATTGACCACAAAGGAAATATTGTAATATTTGATTGTGTGAAAATATATAACAAAACAAGCTTTATTTTAGAGAATATAAAAAATAAAACAGGCGAGATTTATATAAAATAATAAGAGGCTAAATATTATTTGATATCTAGCCCCTTAATAGTAAATATATATTTATTGGTTTGCTGTACTCTCTTCTTTTTCTAATTCTTTTAAATACATATTAAGGAAAGGTTTGTATATAAAATAATCTATAATAATTAATCCTATTACTAGTAAAGGAGCTACAAAATTTAAATTAGTAGATATAAATGAACCTAATATAGAAGGAGTAGTCCAAGGAACCAATGCTACAACTTTACCTATTATATTAAACTTCATAAATAAATAAGTTACAGTAGCATTAAATATAGGAGTAAAAATAAAAGGTATAATAAATATAGGGTTCATTACTATAGGAGCACCAAACATT
NZ_CP098753.1_gap41	1712152	1716150	3998	CTTCATTTTTGCACATAAGCATAGCTATACATAAACCTAAAGTAGCTCCAGCCCCTCCTATATATATAAACCCATTCATAAACTCCCCTGCAAAAATTTTAGTTAAATTTTCTCCGTTAATGAGAGCATATTGGTTAATGCTTAAGTTTATTAACACAGCAGGATTTATTATAACGCTTCCTACATTAGAACCATGAATACTTCCGCAAAACCATAATATATGAATTAATAACAATATAAAAATTATTAGTATTAAACTATCTGAAATTGCTAATAAATATTCAAAAACTTTTAGAGCGTAGCTTGCTATAGTATTATTAAAATATTTTTCTGTAATTATATTGATAATAATACATAATACAGAAAGTATAAAAAATGGAATTATTGATTCTATTGTTTTTGCTATAGCAGCTGGTATTATTTCTGGAAATCTAATATTTATTTTTACTACTAATCTATATATTTCAACTGACACTATAGCACAAACTACTGCAAGCACTATTCCTTTAACATTTAAATATCTTGCATCTATAACATTTATTTGCAATTGTCCTTTCAAGTCCAATAATTCTGATGCTATATTAACTGCTGATATTGATAAAGTTTTTGCTGATAATAATATAAATGCATATGCTGACAAAAAAGAGTTTGCTAATTTACTCAAATTATAATGTTCGGCAAGGGCATGTGCTGTTGAGTATGATAAAAATATTGATATAATTCCTATGCTTGAATTAAATACAGCTGTATAATATTTATGAAAGTATTGAGTGAAGTTATGATATTCTTTTATATATAAAGCATTATCAGGATTTGAAAATGGTAAATTAAAAATTAGTATAAATATAGAACATGTTATAATAAGCGGAGAGAGTGCATAAAAACCTAAATTAATAGAATTGATGTATTTATTTGATGCAAGTTTCGACATTATAGGTGCTAATTTATTTTCTATAAATGTATTAATTTTTTCATTGTTACTCATTTCGATTACCCTTTTTTGATGATTATAAAATTATCTTTATATTAAAAAACATTGTTAATGATTATTTTTTATATCATTAGCAATGTTTTATAGTTTTTTAGCTTACAGCAGCAATTTCTTCTTTTTCTAATTGTTTTATATATATGTTTAAAAATGGTTTGTATATAAAATAGTCAAGAACCACTAATCCTAACACCAAAACAGGTGCTAAGAAATTCAAATTGGTTGCGATGAATGCCGCCAATGGTGAAGGAGTTGTCCAAGGAACAAGTGCAACTATTCTTGAAATAATATTAAGCTCCATTAGTATATATGATATTATTGCATTTATTATAGGAGTTAATACAAAAGGTATAGCAAACAAAGGGTTCATTACTATAGGTATGCCGAATATTATAGGTTCATTAATATTAAAAATACCAGGAACAATTGCTAATTTACCGATAGCTTTTACTTGAGCATTTTTAGACATAAGCATAGCTATGCATAAACCTAAAGTAGCACCAGAACCTCCAGTATATGCAAAAAATGCCATCCATTCTCCTGCGAATATTTTAGGTATTTGTTCGCCTGCAGTAAGAGCAGCTTGATTTATTGATAAGTTTAATGAAGTAGTAAGCCCCATTATAGGACCAACAATATTAGCACCATGTATACCGCAGAACCATAAAACGTGAATTAATAATAAGAATATAATTATGGCTGGTAAACCATCTGCCATATTAAGAAGCGGCTGAATAAAAGTTAATAATAAGTCTGGTATCATTACATGTAATTTATTTTGTATTATAACATTTACTATTTGGAATAATATAGATATAACAGCTACAGGTATTAGAATTTCAAAAGATTTAGCTATAGCCGGAGGCACAGAATCTGGAAGTTTTATCATAATATTTTTTTCCATTAAAAATCTTGATATTTCTACTGTTACTAATCCGCATATAATAGCAATAAATAATCCTTTAGCATCTAAATATCTTGCATCTACTATAGCAATATTTGTGTTTTCGGTAACATGAAGTAATGAAGCAGCACTTCCTATCATAGTAGCAGTTATTGATTTAGCTGATAAAAGTAAAAAAGCATACAAAGAGACAAAACCGCAAGTTGGTTTATCCATATTATAATGACCAGCGAATGAATATCCTATACCAAAAGCTCCAAATAAAGCCATCATTCCCATAGTACAATTATATATTTGTATAAACTCTGTTTGAAATCTTTTTACAAATATGCTGTAAGGTTCAAAATATAAGAAATTGTTAGGGTCTTGAAGCGGCAAATTAAAAAGCAACAGAACAAATGAACCTACTATAATGAAAGGCGTTGTAAATACGAAACCATCTTTAATAGCGACTAAATATTTATTTGAGGCTATTTGTACCATTTTAGGTAAAAATTTGTTTTCCATAAAGTCCGTTGCTTTTTCTTTGAAAGTCATAAAAAATCTCCTTGTATCAATAAAATTTATTAAAATAATATTATTGTTACTATTGGGAACTAGTATAGAAATAATTTTAAATCAAGTCAATTAAACTCTTATTAATTAATTACCAGATTAATATGGAAAAAATATTGTTTGAGTTTTTATGCTTTTTGTATTATTTTAATATTAGTTTTTAATATAAGGAGTCATTTATGCCATTTAAAAAGGGTTTTTTATGGGGAGGAGCTACCGCAGCAAACCAATGCGAAGGCGGCTTTGATAAAGGCGGAAGAGGTTTGGCTAATGTTGATGTTGCTCCTCATGGTAAAGATAGAACTGCTGTTATTAGCGGTAAGATGAAAATGTTTGATTTTGATAAGGATCATTATTATCCTTCAAAAGATGCTATTGAGATGTATACTCATTATAAAGAAGATATAAAATTATTTGCAGAGATGGGCTTTAGTGTTTATCGTATGTCTATTGCTTGGAGCAGAATATTTCCTAAGGGTGATGAAGATAAACCTAATGAAGAGGGCTTAAAATTTTATGAAGATGTATTTAAAGAGTGTTTAAAATATAATATAAAACCTTTAGTTACTATTACGCACTTTGACTGTCCTATGCATTTAATTACAAAATACGGCGGTTGGAAAAATAGAATAATGATAAAATTCTATGAAAATCTTTGTAATGCTATATTTAACAGATATAAAGGTTTAGTAGAATATTGGCTTACATTCAATGAAATAAATATGATTTTGCATTTGCCTTTTATGGGAGCTGGACTTTATTTTGAAGAGGGTGAAAATGAAGAAGAAATGAAATATCAGGCAGCTCATCATGAATTGGTTGCAAGTGCATTGGCTACAAAAATAGCTCATGAGGTAGACCCAAACAATAAAGTGGGATGTATGCTTGCTGCTGGAACTTGTTATCCTTATTCTTCAAAGCCGGAAGATGTATTAGCTGCTCAGCAAAAAAATAATGAATCTTATTTCTTTGTTGATGTGCAGTCAAGAGGAAAATATCCTAATTATGCTTTGAAAAAATTTGAAAGAGAAAAGTTAAATATCAAAATGGAAAAAGAAGATTTAGAGTTATTAGCTAAATATACTGTTGATTTTATTTCTTTCTCTTATTATACAACAAGATGTGTTACTGTGGATAAGACGGTGCATGTAGAAACAAAAGATGCTTTAGAAAGAGATATTAAAAACCCTGCATTAAAACAAACTGAATGGGGTTGGACTGTTGATCCGCTTGGAATAAGAATAACTTTAAATGACATTTATGATAGATACCAAAAACCTATGTTTATAGTAGAAAATGGACTTGGTGCTTATGATAAGCCTGATGAAAATGGTTATGTGGAAGATGATTATAGAATAGACTATTTAAGAGAGCATATAAAAAATATGAAAGATGCTGTTGAAATTGATGGGGTTGATTTGATAGGATATACTACTTGGGGACCTATAGATTTGGTTTCTGCTGGTACCGGTGAAATGTCTAAGAGATATGGTTTTATATATGTAGATAGAGATGATTTTGGAAATGGAACTCTAAAAAGAAGCAAGAAAA
NZ_CP098753.1_gap42	1780886	1784756	3870	AGTCTAGTGCGTCTGCCAGTTCCGCCACCCTCGCTTTTGTATCATTAATTATACATTAAAAAATATTTTTTGCAAGAAGTGTTTTATGGCTAAAATCAAAATTTTTACTAACAAAATCAAAACTTTTTTTCAAAAGGAAATTTATTCTATAGATACAGCAAATGTAAACCCTGCATATAGATTCTTTATAAATTTATATAGAGTTATAACATTTGCAATAACAGACTTTTTTAAAGATGACTGTACTATAAGAGCAGCATCATTAACATATCTTGTTACACTTTCTTTTATACCAGCATTAATAGTTGGTTTGTTTGTACTTAGAATATTTAATATTTATCAAAATATATTTATTTTAATATTTGATTGGATGGAAAAAAACGCTCCTTTCTATGAACCTATGGTAAGGCAAATTTTAAATATTGCTGATAATACAGATTTAGCAAGCTTCGGTATTATAGGTGTAATATCTACTTTAATAAGTGCTAGTTTAATACTTCATAATATTCAAAAATCACTCATTAAAATTTGGCGTGTAAAAATAAGAACTTCTATACCAAGAGTAGCTGTAAACTATATTGCTCTTTTAATATTAATTCCTGTTTCTATTGGTATATCTTTTACTTTAATAACTTATTCTTCTATAGCTTTATATTATTTGCCTGCTATTGTAAGAATATTAATATCTTGGGTTACACCTGTTATTGCTATGAGTTTGCTTGTATTATTTTCTTATGTATTAGTACCACAAACTAAAGTTAATTGGTCTAATGCTTTAATATCTTCTGTGCTTGTGGCTATTGCTATTATCACTTTATTTAGTGTATATTTTAAATTAAATATAAACGTAAAAAATTATAAACAAATCTTTGACAGCGATAAATATAAAACTGAATATATTGTAAGAGAAGTAAATCTTTTAAATAATAAAAATGAATTAGCAGACATAAAATTAGATAGAATAAGTTATAGGATAATAGAAGATGAAGGAACTGGAATATCTGCTGCTACATATGAAAGAGAGGTAATATCCAGCAATGCTTTATTTTTTACAAACTTTGCTCCTAATATATATGAACAGGTGAGAAAATATAATTTCCAATTAGATGATATAGTAACTATCACAAGCGAAAACTCTCTTCTAACAAGCATAGAACCTGCAGAGTTATCATCAGCAAGTGCATTTGCACAAATACCAGTGCTTTTACTATTGCTTTATATTGTATGGATAATTATATTATTTGGTGCAGAGTTAACTTATTCGCTTCAATATTTCAGGTCTTATGGTGTTGATGTAACAAACATAAAATTATCTTTTGCAGAAAAAGAAATGATAGCTTTAGAGTTTATGCATACAATAGCCTACAGATTTATAAATAATAAAAAATGCATGTCTATGTATGATTTGGCAAGAGATTTAAGAGTTGCCCCTTCTGTATTAAACGATATAGCAGATTCTTTAGAAGAAGCTCAATATATAGTAAAAATACTAAATGGCTCTACAACTTCATATACATTAGCATGCCCTCCAGAACATATAACTATTGGAGATATTTTATATAAACTAAAAATGACAGGCGGTTTTAGAGCTAAACACTTTAACAGAAATGATAAATACAAAAATATTATATATCAAAATAAAGCAATATCTGCTAAAGATTATAACACAACACTTTTAGCATTAGTTGAAAGCAAGAAGAAATAAAATTATTTATGAATTATTAATTTATTGTCTAAACAGAATTTAATAAATTCATGCATATTTGAAATATTTTTAACTTTTAAAAGCTTTTGATAAAATTCTTGTATTTGAATAGTGTCACTTTTAGTATATTTATCATCTGTTGGAAATATCTTTATATAATCCTTTTTATCTCTTTTATTTTTTATAGTATTTTTATCAATAACTTTAGACTTAATCAATACATCTTCTAAGTTTCTAATATTATATATTGGTACTATATACTTATGAGCCCAATAATTTTTAAACATATTTTTATTTATAAAATTATTTTTTTCTTCTTCTTTACAGTCATCTGTATCCATTATTATAAAAATTTTAAAATCGTTGTTTAATTTACCATTTTTATCTAAATTAAGCTTATCTTCATAACATATTAAAAAATCATTAAATGTTTTAAGATACTTTCCATTTAATATTTTCATTAAACTTGTTATTTGTATAGAATGTTTTCCATTATTTTTAGATATTATATCAATGTTATTTAATCTTAAATTCTTTTTTATAAAATTACACATTTGTAATTCAGATTTTCCATGAACAATAATTAATGCTTGAAGATAATTTTTAATAGGAGTAATCATAATTTACTCCTCCAATATATCTTTAAAATCTATATCAGAAACAATTGGAATACCATAGTATATTCCTTTCAAATATCTTTTTCTAAAGTTTATATTTGGATGTTCTTTATCATATTCTGTTATAGGAACTAGTATTTTTTTCCCTTCGCTATCTATATTAAATATGTATATACATTCTTTTTTTATATCTGACTCTAAAATAGTTGTATTATGAGTTGTTAATATAAATTGTCCTTTAATATCACTAAATAATGATTTTAGTATTGATGCTGTTAAAATATCATGTATACCACTATCTAGTTCATCTATTGCTACTACATTATTTTTTTTCATAGATGATATTATTAATGGAAATAATCTGAGTAATTTTTGTGTACCTGTTGATTCTAATTTAAAGTCTATATCTATGATTTTTCCATATATTTGTTTTTTTATAAATAAATTATAATGAAGTTTATCATCTTTTTCTTCTGTTTTATAATATACTTTTTTTATATCACTATATATAGAGGTAAAAAAGTTATTTAATATTTTTTCTGTATGATTAAGTTTTTCTTCTTCATTTATTTTTATAGAACCATTATCCATAATAGAAACAAATTTTTTATCTATACTTATTTTTCCTTTTTCTATATTACTTCCATTTTTTATATGTATAGACATAGATGAAAAATATTTAATAACTTCAAATATATTATTATTTATATTTTTTGATATGTATTTTTTTGATTTATCTTCCTGTTCAAATAAAAGAATAGATAAAAAAGAATGCTTACCCCAAAATTTATCTACTAAATCTTTTATTTCATTTAAATATTTATCAGATTTAAATAAGGAGCTATTTATATAATTATCTTTATTTGATAATTCAAAATATTTTGTTTTATTTTTATCTAAAACATATTCTAATTTTTCTTTTACAATACTCTCATTATCAGTTTCAATATAATATACTCCATTTTTACCATTTAATTTAAAACCAAATTCTAAAACCATATTATCTTTAGAACCTATTGTTTTACTTTTTTCTATTATAGTATCTAAATTTTTAAAATTATCTTTTAATACTTTATTAAAAAAGAATTCTAATTCTTTTTTATCATCAGAAGTTTCTGACATAAATTTATCTACGGCTGTTTTATATATTTTAGTATTTAAAGTATCAAATAATGTAAAGAAAGAGTCTATAAAATTGCTTTTACCAGCTCCATTTTCACCATAAATTATAATCATTTTTTTTGGATTATTTTTTGATGATGTTAAATCTACCTCAAAATCAACTAATGATTTATAATTTTTAAGTTTTACATAAGTAAACATTCTATTTTAACCTTTATTTTTTTAATTTTTATGACATTTTATCATAAAATTAAGAAAAATCAACTAAAAATAATTATTACTCTTTACAATAGTGCCTTTTATATTATAATGTTTTCATTAAAAACTATATTTTATGGAGATTGTTTATGATTAAAAGGGCATTGATATCTGTATTTTATAAAGACGGAATATTAGACTTTGCTAAATTTCTAACTTCTAAAAATG
NZ_CP098753.1_gap43	1790305	1795046	4741	CACATAAAAATCCAACTAATAAAAAATTAACAAAATTATGTCTAAAAATTGAAAACGATAAAGTAAACAAATCTACTACTTCAAAATCTTTTTTCTCTAATGCTTTTCTTAGTGATAGCATAATAATCCTTAAATAAAATATACTACATTATATATTATAAAAAATTAAATACAATTTTTATTCTAAGCCATATATTTTAAAAAACTCATTTAATATGGTATGCATTATTATTCTTTTTTTATCATAATCCAAATTACGGGTAAGCTCTATTCCATATGCATCTATTCCTTTTTCTGTGGCATAATATGTTATTGTTGTTGGCATTGGATAATACATTTGCTTAAATTTAAACTTCATAGGCTCTATTCTTGAATTTATATTATCAAGTACTTTTTTAACATTATCATCTAACTTTCTAGTGTCATATATAATAGAGTCCCCAAAAAACTCCTTAAATCCATTACCCTCATGAAGTGTAAGTACAACATCTATATCATACTCATCAAGCATTTCCATATATTTTTGTGCTAATTTATCTGTATCTGTTCTATTAATCTTTTTATCAAAGAATCTGTTATTAATATCTTGTCCTTCTATAGCACGAGTATTTAATCTATAAGCCTCAGGAACTGCTATAGGTATTATAGTTAAACTTCCTTGTTTTATAGGCATATTGAGTCTCTCTATTGCCACATCTGTACCCACTCTCTCGCTTCCATGCGGAACTATTAAAAATACATTAGGTCCTTTTTTTGGGTGAACTATTCTGTATATTGTAGTTTCATTTTTACTGCCTTCTAATATAGTAAAGTTATATCTCTCTATTCCCTCGTTTAAATGGTCATTCATCTCTATTTCTAATTGTCTAGATACATTTTCTAATAAAGTTTTCTCATTTTCATTAATGTTATATGGACCATTCATAGAAGAGTTTATCAATGTTTTATTAAAAGGCTCTAGATAATATGATATGCCTAGAGACTGAACAGGCTCTATTTTTACAGCATTATTATGGCTTAATATTGTCATATCATTATCATAAGAAATTATAGCAAATGATTTTCCTTTGAAACTGTATGCTTTATCATCTTTGTTTAATGTTATTTTTACCTCATCATTATGTTTGCTTTTTATGTATATATATCCAGAATGAAGGGTAAATTGATTGTCTTGAAATGTTAATTTAGACTGCGGCATTAATATTATAGATTTTTCGCCATTATCTATTACCATATATGAAGATTCTTTTGTAGATATTGAAAAATAATCATCAGGAAAACTTTTTTTTATATCTATATCAGAATGCTCCTTATTGACAATAACAGAAGCTTCTCCCTGTCTTGATATCACCTTAAAATTATTAGCAAATAGTGAATTAATAGTAATAAAAAGTATTATGATTATTTTTTTCATTTATTTTACGCCAATTTTTAATTTACTCTATCTTTTTTATTGTCGTTTAAAAATAAAAATGCTTTAAATAAAAAGTTTTTATTTAAAGCATTCTCTTATATATGATATTTTAGTGATTATTGTCTAGTGTATGTTAAATTATCAGGTGATATAGTAGTTGTTTTTTTATTGTATTTAGCAGAGATAGGAGTTCCGTCTTCTTTTAATTGTATTTCCAATTTATTATTATAATCATAATATTCAAAATATAAACCTTTAGATGGTGTCCACGTATTGTTATCGCTATTTATCCAAATGCCGCTGTAAAGTATACCTTCTAATACAGAGTATCCTTTAAAATTATCACCTACCATTCCAGTGAAAAATTTAGAAGGTACTTTAACTTTTACCTCTCCATTTTCTGAATATGTTAGAAAATCTGCTTTTATTTCTAATTTTCTTTCTTTACCATTATCATTTACTATATATATTCCATAAAACTTATCATTATCTATACCATCTTTTACTGAAGCATCTTTATTTATCATTCCAATTATTATTTCTGAAGTGCTTTTATTAGTTACATAAACATAACCTACTGTCTCATCATCATAAGTAGGAAAATGTATCTCTCCAACCCAAGTACCATCGCTTATTATATAACCAAAATATCTGTCGTAATATTGATTTTCTTCAGGTGTTGGTGTGCTGTAAATATGCTCTTTTGTAAAACTTACTGCATTTTGTGATTGACCATTTGATATTACTAAACCGCTTACTCCTCCATCTTTTATTGTAATATCAACAGGTATATTGCCTTTATCATCAGCATTAAAAAATTTCCAACTTCCGTTATATTTTTCATCTATACCATGAATTGTATAAGATGTTGTAATAATTTTTGCATTATTACCATTATTATCATTTAAATTAGCATTACTAATAGGATTTGTTATGTCATTATTCTTTGAACTACAAGCTACAATAGTAAAAATAAGAATACAAACCAACAAATATTGTAATTTTTTCATTATTTTGTTTCCTTTTAGGTAAATTATATTTACAATATAGTTACATATTGTGCCGAGATTATACATTATTATTATAAAAATAGCCAGCACTTTTTTACATTCCCCCGCCCTTTATACTTATTGCATAAATAAAATATAAAAGTTCTATTATACTTAATTACTCAATTAGAAATTATAAACGCCCGCCCAAGATTTTTTTAAATTTTAAACCTCTTTAACCGCACGTAAAAAAAACTAAAAAATATAATAAAATTTTTTATTCTAATATTATTAATATACTTTGTTTTGTTAAACGTGCGGTAAATTATTTTGTTTAATAAAAAAAATTTTTTTAAAAAAATAAAAAAAATACTAAACTAAATTTAAGTTTATGCCGATAGTACCGAGAATTAATACATAGAAAAACGAAGGTCCAAAGATTTGGCGGTCTCGAACCTTTCGTTTTTATTATTAATTGATAAACCATATTTAGGTATTTTTATTTGCAGATAAAAATGCCTTGAGAATTTATGACTTACCAAAACCTCAATTTGTTTAAAATCTCGGAAAGTCATAAATTCTCTTTAATATTTTTTGCCAATTAGGCACGGATGCCTTTTTGAATAAATTATCAGGGAGGATGACAATGATCATCAATAATAATATCAGTGCAGTAAATGCACAACGTACTTTAAAATTTAGAAATGTAGACCTTTCTAAAGATATGGCTTCTTTAGCTTCTGGTATGAGAATCAACAGAGCTGGAGACGATGCTTCTGGATTAGCAGTATCTGAAAAAATGCGTACACAAATCCGCGGTTTACGTCAAGCTGAAAGAAACACTCAAGATGGTATATCTTTCATTCAAACTACTGAAGGATACCTTCAAGAGAGCCAAGACATCTTACAAAGAATTCGTGAATTAGCTGTACAATCTGCTAACGGTATATATACTGATGATGACAGAATGCTTATTCAAGTTGAAGTTTCTCAATTAGTAGATGAAGTTAACCGTATTGCTAGCCAAGCTCAATTCAATACTCTTAACATGCTTACTGGTAGATTTGCTGACCCTAATGCTGGTGGTGCTCCTGCTGCAAGTATGTGGTTTCACATGGGGGCAAACATGGACGAAAGAAGAAGAGTTTATATAGGAACTATGACTGCTGCTGCTTTAGGTTTACAAAACACTGCTGATGGTACTACTCTTTCTATTTCTTCTATAGACAAAGCTAACAGTGCTATAGGTTTAGTTGATGAAGCTTTAATGAAAGTTTCTAAACAAAGATCTAATCTTGGTGCTTATCAAAACAGATTAGAGCTTACTGCTCAAGGTTTAATGATAGGTTATGAAAACACTATGGCTTCTGAAAGCAGAATAAGAGATACTGATATGGCTGAAGCTTCTGTTAAATTTGCTAAAGACCAAATACTTAGTCAAACTAACTTAGCTATGCTTGCTCAAGCTAACACTATGACTCAAGGTGTATTACGCTTAGTTCAGTGATGATTTTTATTGATTGATTGAAAAGTTAAAAAAGCTGCTTTCAAAATGAGAGCAGCTTTTTTATTAATATATATGTTTTTTATAATTTTTTATTTACTCTTTATTTTCTTTTACCAAATATATCATAGGTACGCTTACAATAGTTACTGCATATTTTACAAAGAAGTTAAAAATAAATATACCTAAAAGTGCATCAAAAGGCAAAGCACCATAAAAAGCTATCACTACAAACAATAAATTATCAACCGGTATACTAAAAGCATTGCTAATTAATACTCTAAGCCATTGATATCTTTTAGTAATTTTTGTTACAAAGAAATGATATATCTCTGTATCAACCAATTCTGCTACTGTAGAGCCTACTATAGAAGCTATTGCTATTCTAAGTACTGGGCTTAATGTTAATTGAAAAGCTTCATTAAATTGCCAACTGCTGTCTGCTGGTATATTTGACACTATATAAAAATAAACAGGACTAAATATATTTATTATAGCTGATACTATTATCAATTTTTGTGTATTTTTTTTACCTATTGTTTTATGAGCCATGTCTCTTATTGTAAAAGCTAATGGATAAAGAAATGTACCTCCGTCTACTGCTAAACTTAATACATTTGCTATCTTTACACTAGCTATATTTGATATCATCTGGCAAGCTATGTAAGAACCTATAATAATGATACTAATAAATGAAAGTTTGTATTCGTAGTTTTTTTCCATAAAAATTTTTTCCCTTTTTTATTATATAAAATGAACTTTATTATATATTTTTCATAAAATTTTAGAAGATAAAAATTTTTTTAATTGTGAATTTTTTATATATTTTTTATT
NZ_CP098753.1_gap44	1797718	1801256	3538	ACTTGCCCACCGTGCGTTAAATAGATTTTTTTTCTTAATAAAAACTTGGGCGGGCGTTAACATTTCTAATTAATCAATAAAAATAATTTAAATTAAAATTTAAAAATACGCTATAAAAAATAAAGGGCGGGACTTCTAAATAATTTTTTAATTTTATTTTTACTACCGCACTTTTTAGAAATTCTGTAAGCAATACTATATAGCAGTTGACAATCATACAAATTTAATATATACTCCGCAAAAATATCAAGGATTATAAATGTCTAAAAAAAATTTTATATTAATATTTATTTTTGTTATTTTAATATCTTGTAAAAATACAGAAAAAATATCAAATGAAACTACATTAATAGATAATATATTTACTAATAGCAATGCTGAAGGAACATTAGTTATATATAATTTAAATGATGATAAATATATAATTCATAATAAAGAAAGAGCTGAACAAAGATTTTATCCAGCATCAACATTTAAAATATATAATAGTTTAATAGGCTTAAATGAAAAAGCAGTTAAAGATGTAGATGAAGTATTTTATAAATATAATGGCGAAAAAGTTTTTCTTGAATCTTGGGCTAAGGACTCTAATTTAAGATATGCAATTAAAAATTCGCAAGTACCGGCATATAAAGAATTAGCAAGAAGAATAGGTCTTAAAAAGATGAAAGAGAATATAGAAAAACTAGATTTTGGTAATAAAAGTATAGGTGATAGTGTAGATACTTTTTGGCTTGAAGGACCTTTGGAAATAAGTGCGATGGAGCAAATTAAATTATTAACTAAATTAGCTCAAAATGAATTACCGTATCCTATAGAAATACAAAAAGCTGTTTCTGATATTACTATACTAGAGCAAACTTACAATTATACGCTTCATGGAAAAACTGGATTAGCTGATTCTAAAAACATGACAACTGAGCCTATTGGTTGGTTCGTAGGCTGGCTTGAAGAAAATGATAATATATATGTCTTTGCTTTAAATATTGATAATATAAATTCAGATGACCTTGCAAAAAGGATAAATATAGTAAAAGAAAGTTTAAAAGCATTAAATTTATTAAAATAAATTATATAAAAATTATAAATGATTTTTAAATTTATACTCTATTAACCGCACGGTGAATAAAATTTTATCAGTAAATTAATTAGCAATTCAAATTTAATTAAAAAACAAAATTCGCTTACCGTGCGTTATAATGCTTATTTAATTCTTTATATATATTGACATAAAGATTAATTAATATATCATTCAAATAAAATTACTAGGAGTTTATAGTTTGAGAAGTTTAAACCTAAATCAAGAAATACTTAATTTTTATTTGATAGATGATTTTAATACAGAAGATAAAAATATTATAGTAAAAGAATTAGAAAACAGATTATCAAACATCAAAAACTTGGAGCTTGAAATAGGAAGCGGAAACGGTAAATTTATAGTAGAGCTTGCTATGAATAATAAAGATAAATATTTTGTAGGAATAGAATATTCTTTTAAAGCAGCCAAAAAAGCAATATCTAAAGCTTATAAAAGAGATATAAAAAACCTTACTATTATATTCGGCGAAGCTAATAATGTAATAGATAATTATATTAAAAATAAATACTATTTTGATAAAATATACTTAAACTTTCCAGACCCTTGGCCAAAGAAAAAACATGCACATAGAAGAATATTTAATAAAGAATTTTTAAGTAAAATGCATCCGCTTTTAAAAGATGATGGTATATTTTATTCTGTTACAGATGATGATAATTATGCACTTGAAATAATGAACCCTATATACAAGGAAGATAGTAATTTCAAAAATATTCTAAATGAAGATTATGTTCATAGTTTAGAAGGATACGGCGTTACACTCTATGAAGAAAAAATGAGGGCTATAGGGCATAATATATATTTTTTCGCACATAAAAAGTCTTGATATATAATTTTTATTGATATTTTTATTTAAATTCATTATATTTAAAATACAAGCTAAAATAAAAATTAGGGCAAACAGCAATGAATATAAGCAATGAAAAAAAATCTAAATATATGATAATAGAAGGAATAGTATCTGTAATTATAAATGTATTATTATTTGCATTTAAATATATAGTAGGAATGCTTACAGGTTCACTTTCTATAATGGCAGATGCATGGCATTCATTAAGCGATTGCATAAGCAGTATTATAGTTATTATAGGCGGAGTATTTTCTAAAAAACCGGCAGACAAAGAACACCCTTTCGGTCATGGCAGAATAGAGCTTATAACTAGTTTTATTGTTGGTATTATGCTTGTATTTATAGGATATAGTTTCTTTTCTGAAGCTATAAAAAATATTCTAAATAAAAAAACTGCTTCTTTTACAATTATAGCTATAGTTGCAATGATAGTTTCTATTGTAGTTAAAGAGCTATTAGCACAGTATTCACTTTGGGGATATAGAAAATCTGGTTCAAAATCATTGTATGCCGATGCTTGGCACCATAGAAGCGATAGCATTACTTCTATAATTATATTGGTTGGTATATTGGTAGGAAAAAACTTATGGTGGATGGATAGTGTTTTAAGTATATTAGTTTCACTTGTAATTTTTTATGCCGCTTTCGATGTTATAAAATCAAGTATAGAACCTTTAATAGGAGAATACCCTTCAGAAGATATTATTAAAGATATTAACAGCATTGCTAATGAACTTAATATAAATAATGATAATTCAAATCTTCATCATTTTCATATACATACATACGGAGACCATACAGAAATAACATTCCATATGCGTTTTCCAAAAGATATGACAGTAGAAGAGGCTCATGATAAAGTAAGCGTTTTAGAGAAATCTATAAGAGATAAAATGAATATGGAATCTACCATACATATAGAATGCTATAAGAATTAAATATATTAAAATATAATTTTATTTTTGTTTTTTATCATATTTTATAAGAAACAGCATTTATAAATCGCTAAATATCATATTTGAAACATTTTAAGCATATCTATTTAACATAATATATAGTTATTATGTTACCTTAAGCTACAATAATGATAAAAAAAACTAATTAAAAATTAAAAACTTACGATAAGTAAAGTATTAGTAGTAAACTATTTTTTAAGGAGCATAATAATGTCAACAAGCTCATTTTTTGGCATAGAATTAGGTAAAAGATCCATTCAAAACTTCAAAACAGCATTAGAAGTAACAGGACATAATATAAATAACGTAGCCACTAAAGGATACAGCAGACAAAGAGTAGTAATGCGTACATTCGACAAACCTCTAGAAGAGCCTAGTTTGAACAGAGCAGAACGTGCCGGACAAATAGGTCAAGGTGCTGAAATAACTACAATAGAAAGATTAAGAGATAAATTTATAGATTCAAAAATAATGGTAGAACTTGGAAGCGATGGATATTGGAAAACAAAAAACAATTATTTACAGCAATTAGAGGCTATATATAATGAGCCTGGTGATTATAACTTGAGAAATGATTTGGATGCATTCTGGGACGCTTGGCAGGAAATGAGTGTTAACCCTGCTGAAAGAGGC
NZ_CP098753.1_gap45	1808545	1813071	4526	GAAGATAATGAGGAAGTAAAAGCAGGCTTTGCATATATTTGCCCAGGTGAAAATAATATGGGTATATATTTAGATAATGATAATATAAAAATAAAATTAAGACCAGATTTGAAACTAGACTTGCCATATATGCCGTCAGTTAATCATTTATTTAATACAATTAACGATAACCTAAAAGACCAAGCAATAGCAGTAATAATGACAGGTATGGGCAATGACGGTACTGAAGGAATGATTAATTTATACAACAATAAAAATCTAACTATAGCACAAAATAAAACTACAAGTACTATATTCGGTATGCCTAAAAGTGCTATAGAAAATAATGCTGTTCATTTTATAATATCGCTTTATGATATGGCAGAGTTTTTAGTGCAATATACAACAATAAAATTAAAAGGACTATATTAAAATGAATAAAAAATTTTTACTTATTATAATGACTATTTTTATACTAGCATCTTGTAAAAAAGAGTATAAAGCAGATTCAGAATATGGTGCTTATATGTTTGAAAAGTATATATCAACTTTAATATCTGCCAAAGATACTTTAGAGTTTACATCAAACATTGTTACTAATTTAGATGAAAACACTGTAAAAAAAATAAATGAGATGTATGTATTATATGAGCTTACAACTGCAGATATTATAGAATCTATAAAAAACAGAGCTTCTATATATCAGAGAATATTTTCAGATGATGAAGAGGCTCTTTGTAATTATTTGCCTAAAGACGGTGGGTATTATGATGTGGCTATAACATACAGAGAATATAATGATATAAAAATAGCACAGATAGAATATCCTTCTTTTAATAAAATCTCTAAAAACTCTATTGAAATTGTTGGAATATATTTAAATGATAAATGGAATATTTTAACTATAAACTTTTTTAATTAAAAAATAATATATTTTTAAGTATAACAAAGGATAACAAATGAAAAAAATCATTTTAATAATAATAAGCTTATTTACTATATCTTGTCTTGATGATGTTAATACTATAAAAAAAGAGAGTTTATTTTCTTTTTATACAGAAATGAAAAATGAAATAATAAATGAAAACATAAAATGGTTAGAAAAAAACTCTAATATAGAAGATATAAACAAAATTGAAAATATAATACTAAAAAATAATGACTCTATTAAAAATATGCTATCATTAAATGACGGAGAATATTCTGCTACAATAAATTATATAACAGCCGAAGCTAATAAAAATGACAGAGGAAGCTATATTATAAGAAATACAAAATTAAGCCCTACTTATTACTATATCAAACTAATATATGAATCTTCTAAATGGAAAATAGAAAGTATAGATAAATTACCTATAAACAATTAACTTTTTATTTCTGATATTTTTACTTCTTTTACTTCTTCAGTATTAGAAACTTTTTTTAGAGTCATTTTTTCTCTATCAAACTCAGCAATATAATAATTATTTCTTAAAGCTAATACTATATCTTTAGCCCCATTAATTCCGTTATTTTTTTTATAAGAATCTATCATAATCTGTAAAAGAGAAATTGTTGAAGGAAAACCAATATATGCTATTGCAACACCCAAAGAAGGAATTGTAGCTAATGATGAAACCAATACGCTTTTTCCTTTGCTTAAAGTTTTGGAAGATATAATTGCTGTTACAGCTACTACAACTCCTCCAATAAGTAATCCCCAAGCTATTTTACCTGTATTTTTGATATTAGATATTTTCTTTCCTAAAGAAGACTCTATATATATAATATCATTATCTTGCATAATAGCATCAACTATATCGCTTTCATTTTTGCATATAATAACTTCATCTCTGTTCATAATTTACTCCTATATTATTATATAATAATTTTATTAATAAACAAGATAATGAACTTTTTTTTATTAAATATCAATTTGATTTTTGATAAAAAAAATATTATTATATATGTATAAACTTTTTTTAGGATTAATTTTTATGTATAAGATATCACAATTAGAAGAACTACTAAAAAACAATAAACTTGATGAGCAATTTTCTAATATATACGGTGCTGATGATAACACCATTAAAGAGGCTTATATAAGATTAACTTCAGTATTAAACCATTTTAAAAATATAGATAACAGTCAAGATATTCATGTATTTAGTGCTTCAGGAAGAACTGAATTATCTGGAAATCATACAGACCATAATAATGGTTGTGTATTAACTGCTTCTATTAATTTAGACAAGCTAGCTGTGGTATCAAAGAGAAACGATGAAAAAATAGTTATTTATACAGACTATTCTGATAATCCAAACTACATAAATATAAATGAATTAAATATAAATAAAAATGAATATGGTAAATCTAGTGCTTTAATTAGAGGTGTATGTGCTGGTATAAAAGAAAAGGGATATAAACTAGGAGGCTTTACTGCTTCTATTACGAATAAAGTTTTAATAGGAAGCGGGCTTAGTTCTTCTGCTAGTTTTGAGTCTTTGGTTGGAGAGATAATTAATGCTCTTTATAATGAAGATAAAATATCAAAAGTAGACATCGCCAAAATCGGTCAGTTTGCCGAAAACAAATATTTTGGAAAACCTTGCGGACTTATGGACCAGATGGGCTGTTCTATTGGCGGTATTATGGCTATAGATTTTAAAGATAACAATAATCCTAAATTAGATAAAGTAGAATATGATTTTGAAAAGGCTGGATATGCTCTTATGATAGTTGATGCTAAGGGAGACCATAGTTCGCTTACTAATGAGTATGCTGCTATAAGAGAAGAGATGAATTTAGTTGCAAGATATTTCTCTAAAGAAGTATGCCGTGATATTACAAAGCAGCAATTATTAGAAAACGCTTCAAATATAAGAAAAGATATTGGAGACAGAGCATTTTTAAGAGCTTATCACTTCATCACAGAAAATGAAAGAGTAGTAGAGCAGATAAACTCACTCAAAGAAAACAACATAAAAAAATATATAAATCTTATGAATGAATCTGGACTTTCTAGTTTCATGTATCTTCAAAACTGTTATTCCATCACAAGCACTAAAAATATGGGAGTTGCATTGGCTATTGCTATGACAAAAGATTTCCTACAAAATGATGGTGCTGTTAGAGTACATGGCGGAGGTTTTGCTGGTACTATTCAGGCTTTAATACCGTTAAACAGAGTAAAAGAATACTCTGACTTTATGGACAATATATTTGGCAAAGGCTCTGCAATGAAAATTAGAGTAAGACAAAGTCCTGTTTGTGAAATTTAAAATATTTTTATAATAAAAACTACTAAAATATATAGATAATACTATTTATCAAAATTAATTCTTTTTTCTTCTACAACTAGAGGTCTATGCATTACTCTTAAATTAATATTTAAAATATATTCGCCTAAAAGACCTATAAAAAATATTTGCACAGAACCTATAAAGAAAACTCCAACTATTAATGCTGCCATACCTATTGGATAATTATTCCAATTAACCAATTTAGCAATTAAAGTTATAAAACCAATAATAAATGTTATGACTGAAAATAAAAATCCAAACATTGTAGCAAGTCTTAATACAACCTTTGAATAACTAGTTATACCAAGCATAGCTATGTCATACATTCTATAAAAATTAAAACTAGATTTTCCTTTTTCTCTTTTTTTATGCTCATAATATAATTCTTTTATTTTATATCCAAATTCAGCAACTATTCCTCTTAAATATGGTTCTGAATCATCTAAATTTTTTAATATATTAATAAAATCCTTATCATATAATCCAAATCCATGAAAATTCTCTATTTGCTCAACATCAGATATAGATTTAATTAATTTATAATAAAACTTTCTTATTATAGAAATAAATATATTTTCATTACTTTTAGTTTTTTTACCTATAACTATTTTGTATCCATTTTCCCATTCTTCTATAAACTTAGGTATTAATTCTGGAGGTTCCTGAAAATCAGCATAAATCAATATGCTACAATCACCTGTTGTTTGAGTTAAACCATAAAATACAGATCTAATGAATCCAAAATTTTTAGCATTAAAAATAGCTTTAACATTTTTATTCTTTTTACACAAATTAATTAAAATATTTCTTGTATTATCTTTTGAACAATTGTCTATAAAAACTATTTCATAATTATAATCTTTTAAATTATTTAATATATTTTCTAATTTTTCTACTACATTAATAACATTATCTTCTTCATTATATGTAGGAACCAATATACTAATCTTTTTCATTTGCAATACTCCGCAATTAAATTATCAATAACATCTTCTATATTAGAATACTCATTAAATCCTATTTCATTAAGAAGTTTTGAGTTATCTCCAACTATAATATTAGGTTCATTAGTTTCTAATTCTTTTAATTCTAATAAATTTTCTTTATTCATCTTTTTGGCAATCATTAAAGCAAATTCTTTTAAAGATAATGATTTTCCCGAACAAATATTTATTACTCCTGTAAAATTTGAATATATAATAAATGCTATAGCTTTTGCTATATCTCCTGCAAACATATAATCTTTTTTTAATTGCGAATGATTAA
NZ_CP098753.1_gap46	1817435	1818834	1399	TAGATGATATTGGAAATATTAGTATATATGCAATATTAAATATATCAATAAAAGAATTAAAACCAAATAGAGAAATAATTTTCATCAATAAAACTTCTGTATTAATAAATAAATATACAGGGAAAGTTCCAAAATAACCATTAAAAGGATAGCCTAGTCTATCAGTAATTACAGGAAACCAACCTTCATGATATATCTCTCCTGCAATCATATACATATGTAAAAGATCACCTTGCTCTACAAATATAGGTAATCCTAATTGGTAATTATATAGTTTTAAATAAAAAAACATTATTATAAATGTAATTATAAGTAGTAAATAAGCATAATGAATATCATACTTAATTATAAATGATTCATTTTTTAAATATATAATAGATATTAAGAGACACAATACTAAAAATATTAATAGAACATTTATCAAAGGCTTAATTTTTAAAGTATAAATTACATTATTTATTTCTTGATTTTCAATATTTTTAGTTGATTCTAAAGTACCAAAAGGACTTCCAGATTCACCAATATTTATTTCTTTAATAAAACCATTATTACTTAATATATTATCTATATTAGGATAGACTCCGTATATATCACTATTTCTAAATACTTTGCTATAATATTTTATTCTAAAATCATAGCTATAATTTGTTATAGAGTTATTAGTAAAAATATAATTAGTAATACTAGATACATCTAATTTATCATTTAGCTCGAATAACTTTTTAGTTTCTTCTATATCTAATCTATTGATTTGTAAAGTTTTATCTATATTTAATTTAAACTCTGATAAATACCCAATTCTTTCCTTTTTACCTAAAATATTTAATAAAATTACTGATATAAATACTATTATAACGAATATTGAATATATAGTAATAAAAAGTTTTTTATTTTTCATCTATTAATCCTTGAAGAAATATATAATTTATTAAATTCAATATTTCTAATGTTGATATAAAAAATTATATATATTATGAAATAAAACTTCTAAAATATTTATTTTGCATATTTCTAGCTAATTTTCAGGATATTATACTACAATAAAGACTATTGTCAATAAAATATTATAGTAAAAAAACTATCTTTAATTTTTATTTTAATATATAATCTTTTAATCTATTTTTGAATTTATTTATAATAAGAGGGTTAAATTATTAATGAAAGCTTGTATAAAAAATTTATCTTCATATTTGCCGGAAAATGTATTGACAAATTATGATTTAGAGAAGAAATTAGATACAAATAATGATTGGATAGTAACTAGAACAGGAATAGAAGAAAGGAGAATAGCAGATAAAAATGAAAGTTCTGCCAATATGGCAATAAAAGCTGTAAAAAAATTAATAGAAAAAAATGAAAACATAAGTGATGCAGATGCTGTAATAGTAGCTACTTCAAC
NZ_CP098753.1_gap47	1821509	1822456	947	AAAAGCGACGGCAATATAAGAATAGCAACAGCAGAAGATAATATAAAAGAGCTTTTTAATGCATATTACAGTTATTTAAATTACAATTATGAAAACCCAGAAAGCAGTTTAAATATAAGAGGATTTTTAGAAGAGACAACACTATACAAAGACAATAGCAACGAAGATAAAGAAGATGCAATCACTCTTATGACAGTACACAATGCCAAAGGCTTAGAGTTTGAAGTAGTATTTATTACAGGGCTTGAACATGGAGTTTTTCCTCATTACTTTTCACTAGAAGAAGAAAACGGCATAGAAGAAGAGAGAAGACTTTTTTATGTAGCAATTACAAGAGCCAAACAAAAACTATACCTCACATACGCAAAAAGAAGAAGAATAAGCTCAGGCACTATGGAACAAGCTCCTTCATCATTTTTAATGGAGATACCAAAATCTTTGTTATATATAAAAGAAAAGGCTAATAGCTATTATATAGAAATAGATGAAGATGCATTCGATTATTAATGATGATGATTTTTCTCATCATGGTGATGACATTCTCCGTCATGGCAGCACTCTTCATCATGATGATGACAATCTTCGCTATGATGATGCTCTTCATGATGATTATCGTCTTTTCTTTTGATGTTCTCTCTATAAATAGGCTGAAATATTTCTCTAAGTAAACTTCTATTTAAATCTTTTCCTATAAACACTATTTCAAGTTCATCATCTTCGCTAGCACCCGTAATAGCATATCTGTCTCCAACAACATCATACCTCAAAACCGACTCACCGCACTTTATAAACCCCTTAGAGCGAGCAACATAACCAAACCTTCCATGTATAATGTCTTCAATAAGAACTATAAACTCTCCCTCACTTCCTACACTGCAGCCTTTCATGCTTATAGAATCAGGCATATACTCTTCTGTATTTTTGTTTAAAGATTCTTTTAGAGCATA
NZ_CP098753.1_gap48	1842337	1844467	2130	AGTTTTATGTAATTTTGATAAAAATAAAATTATTTTTTATCCCATTCAATTAATATAGGACAATGGTCGCTTCCAAGAACATCAGTTAAAATATCAGCCCTTTTAATATTGTTTGATATTTCATTATTAACAAAGAAATAATCTATTCTCCAGCCCACATTCTTCTCTCTAGAACGAGTTTTCATATCCCACCAGCTATAATGTCCGCCTTCTTTTATAAACATTCTAAAAGTATCAGTAAAACCGCTATTTAAAAATTTTGTTATGCGTTCGCGTTCTATAGGCAAAAAACCAATGCTCTTCTCATTTTCTTTAGGTCTAGCCAAATCTATAGCCTCATGAGCAATATTCATATCCCCGCATAATATTACATTAGTTTTATCTTTTAATTTTATCATATGTTTAGTCATTTCATCATAAAAAGAAAGCTTATAATTAAAATGCTCTTCAGATTTGCCGCCATTAGGAAAATAAACATTAAATATAGTAAAATCATCAAACTCTAAAGCAAGTATTCTTCCTTCTCTATCTGTAAACTTAGAACCGAATTTATTTTTTATTTCTTTGTTTGGCCTTAACTTAGTATATATTGCAACTCCGCTGTAGCCTTTTCTTATTTCAGGGTCAGCAGGATTAATAAATAATTGATAGCCTTCTATGTTTCTTAAATCTTCAGGAAGCTGTTCTTCAAAAGCCTTAGTCTCTTGCAAACATATTATATCAGCATCTTCTTTTTTAATAAAATCTAATAAGCCTTTTTTGTATGCCGCTCTTATACCATTAACATTCCAAGAAATTATTTTTAGTGTACTCATATATTCCCTTTAATAAGTTATTTAGTATTATACTAGTATTTTTAGTATTTGTCAAAATCAATAATTTTTATACACTAAATAATATTCAAAATGATTTAGCATAAACTTTTAATACAGATAAAATTAATATGTTTTTTCAAATGATTTATTATAAAATTATTTATTTAAAACCTTATATAAGAACTCTTTAGTTCTAGAGTGTTTAGGATTATTAAAGAACTCTTCAGGTGTTTCATCTTCAAGTATAATGCCGTCATTCATAAATAGTATTCTGCTTGCAACATTTTTAGCAAAACCCATCTCATGAGTAACTATAAGCATAGTCATGCCCTCTTTAGCCAAATCTATCATAACGTCCAAAACTTCTTTAATCATCTCTGGGTCTAATGCAGAAGTAGGCTCATCAAAAAGCATAACCTCAGGCTCCATAGCTAAAGCCCTAGCAATAGCAATTCTCTGTTTCTGCCCGCCTGAAAGTTTATTAGGGTAGGTGTCTTTTTTCTCAACAAGTCCAACTTTTTGTAATAACTCAAGTGCTTTAGTTTCTGCTTGTTCTTTAGTGTAGCCTTTTAATTTCATCGGTGCTAAGATAATATTTTCCATTACTGTTTTATGAGGAAATAAGTTAAAATGCTGAAATACCATTCCAACCTTTTCTCTTATCTTATTTATATCAGTTTTTTTGTCTAATATGTTTTCACCGTCTATAAATATCTTTCCGTAGGTAGGCTCTTCAAGTCTGTTTATGCATCTTAAAAAAGTAGATTTACCGCTTCCAGAAGGACCAATAATTGCAATAATCTCACCCTTCTCAACATTAACATCTATTCCCTTTAATACTTCTAATTGATTAAACTTTTTATGTAAATTTTCTACTTTAATCACTTTCTTTAAGCCCCTTCTCTACCTTTCTCATAAACATAGCAAAGATAGAAGTTAATATCAAATATATTATACCCACAGCAATAAGAGGCTCAACCCCCCTATAAGTTTGACTAGTAATGATGTTAGCCGAACGAAGCAAATCAACTCCCCCTATAAAACCAACAATAGAAGTCTCTTTAATAAGTGTAATAAACTCGCTCACCAAAGCAGGAAGTATCTTTTTAATAGCCTGCGGTATAATAATCTCTTTCATAGAAAGACCATAATTAAGCCCCAAAGCTCTAGAAGCCTCCATCTGCCCTTTATCAAGCCCTTCAATACCAGCTCTTATAATCTCAGCAACATAAGCAGCAGAGTTAATACCAAAAGCTATAGCAGAGATAATTAGTATAGGCGTATTTCTTAAAGCCCCCACAAATACAACATTTGC
NZ_CP098753.1_gap49	1846215	1848775	2560	AGAACAGCTCATAAAAGCAACTAAAGATATTAAAAGTATTGATGTAGTAATTATTATTTTTTTAAACATTTTTTATCTCCTAAATTTTTTTTACATGTATAAAATATATAATATTAACATATTTTTTTATTAATAAAATGTGTTTTTTTGATTATATAGACAGGTAGGCTTAACGCCTGATTAATACTTGAAAGAAAGAGAGTATTTTTATATTAGAAAAACAATTAATCATAAAATAACTCCGTAATTTAGAATCAATTATAATACAGCAAACAAAAAAGTCAAGTTATTTTAAAATACTAGTTTTATATTTATCAAAAAGAGTGTTAGAGAAATCTGTATATTCTATTGCCTCTTTTATGCCTTTTAAATCTATATTATATACATTTTTTGATTCTCTATAAGGTTTTATTGTCATAGTAGTATGATTAATTAAATCTCTAAAAAAGTTAATTATTTCATCTTCCTGAACTATACCAAATGACGGAGAAATAGTATAAAGTATATCAAAATTATTTTTTTCTGAGCGAACTATTGGTTCTATTTCTGTTGTTTGTTTATTGTCAAAATAATATGATATTACAGCATCATCATTATTAATTTTATCTTTATACCAAGTAATTGTGATGTTTAATTGTTCTTGTCTTGATGCTATATATACTTCTAGCTTTTCATCAAGATTTAAAGACATTGTAACAGTTTTTTTATCTGTTCCGTCATATACAATAGTTTTTACTTTCCAATTATCATATTGCTTTGATGTAGCTATAGGATAGAGATTTAAAGCAAATAAAAATAATATAATTAATGTAATATTTCTTGTCATAATTTTTTATCCCAAAAATTAAAGTATACTATAATATACGAAATAAATTAAAAATAGTTTAACATATTATTTAATTATTATAGCTAATAATTTTGCAACACTATTTATATATTTTTTTTATATTATATTAGATATTTACATATATAATATTGTTTTAGTAAAATACATAATAAGGATAATATAAATGAGCAAAAAACTACTATTAATTATTATAACAGCATCAGTACTGTTATTAAGCTGCAGCAATAAAAAAACAACAGGAGTAGAATACAGCTCTGCCTCATCATCTAATGAAACAAATAATAACGAAACTAATACAGAAATAAATAATAATAAAGAAGATATTATAAAACATGAAGGCACTTGGAGCGGAGAACTAAAATCAGATAACACTATTGAATACTTGCCTTGGAAATTTGTAATAAAAAATGATGCTTCTATAGATGTATATATATCAGGCTCTAGCTATCCGGAACCTAGCTTATCTTTTGACAAAATAATTATACAAAACGAAAACACTTTAGAGTTCACTGTAATTGATGATTATATCTCTTATAAAACAATATCTACATTTAATGCTGATAATTCTACTGCAAATGTTGTTGTTGAGGTGAGTTTTACAGATGATAACAATCAAAAACCTGTATATTATAGAGGCACTATGACAAAAAAATAAATTAATTAAAAAATAATATAAAATTAAGGCTTAAAATTATAAAAACTTTGTTTAACTATATGCATAAAATATTAATTTGGAGTAATGTTTTATGCATACCAAAATATATTCAGAAGCTCTTTACGGTATAGAAGGCATACCAATAACCATAGAAGTAAATATATCCGAAGGCTTGCCTAAGTTTGATGTTGTGGGGCTTCCAGACCAGGCAGTTAATGAGGCAAAAGAGAGAGTAATTGCTGCAATAAATAACAGCGATAGATTTTTCCCGCCAAAGAGAATAACCATAAATTTAGCACCAGCAGATATAAAAAAATCAGGAAGCATGTATGATTTAGCTTTTGCTTTGGGTATATTATCATCTAGTGCTCAGTTGTTTTTTTCTGACTTTATGAATAACACTATAATACTTGGTGAATTAGCATTAGACGGAAGTGTGAGAGAGGTAAAAGGAATATTCTCTATGCTTTTAAATGCCAAAGAATTGGGAATAAAAAATGCCATTATACCTTTTAACAATATGGAAGAAGCTAATATTATTGAAGGACTTAATTTATACCCTGTAAAAACACTTAAAGAAGCAATGGAAGTTTCTGAAGGCAAAAAAGAAGCTATAATATCTAAAGGTAATTTTAATTTTACATCAGACAATAATGAAGCTGTAGATTTTTCTGAAGTAAAGGGTCAGGAATATGCAAAACGTGCTGCAATGATAGCTGCTGCTGGCGGGCACAACTTTATAATGATAGGATCCCCCGGCTGCGGAAAAACTTTGATAGCAAAAAGAATACCCACAATACTACCTCCGCTTACTTTTGAAGAGGCTATTGAGGTAACAAAAATATATTCTTCTTATGGTTTATTATCAAAAAATATGCCAATAGTAAAAAAACGCCCATTTAGAATACCTCATCATACTTCCTCTCATGTAAGTTTAGTTGGAGGAGGCAGAAATATAAAAGCAGGTGAGATTACTTTGGCTCATAATGGAGTATTGTTTCTTGATGAGTTTGTGGAGTTTCAAAGCTCAGCACTTCAAACATTAAGAGAGCCTATGG
NZ_CP098753.1_gap50	2013382	2015795	2413	AATAGGGGGATTAGTTTCCCCCTTTTTTATTATAAAAAATCAATTTACTTCTCTACATAAGCATAGAAAAATCTTGGAGGTATTACATTGCTTATCATAACATCTTTTAATTCTGGTCTAACAAGTATTACTCTATTATAAAAATATAAAGGAATAAAAGGCATATCTTCCATTAATACATCTTCCGCTTTATGTAATGTTTGCATTCTAGATATTTTATCACCATTAGTGAGTGCTGATTGAATTAATTGTTCATATTCTTTATTATAATAGCTTCCAGTGTTTTGAGGGCTATAGCTTAAAAATGTATCTAAAAATGTCATAGGGTCATTATAATCACCCATCCAACCAGAGCGTGCTATTTCAAAATTTTTATCTCCTCTAGTTGTTTGCATAAAAACTCCCCATTCAAGCTGATTAACTCTAGTATCTATATTAAGATTTTCTTTCCACATCTGCTGAATAGCTTCAAATATATTTAATGAACTTTGAGATTCTACGCTATATTCCAACACAGGGAAGTTGCTGCCATTACTATAACCTGCTTCTGCTAATAGTCTTCTAGCTTCTTCTATGTTTTTTTGATAATCATTTTCATCTACACTAAAATAATTTCCGCCTTTTTCTCTGAAAGAACCATCTATATCAAATACAGAATATGGTACTAATGCAGCAGCGGGTATTTCATTTCCTTTTGTAACTTTTTCTACTATATAATTTCTGTCTATTGCTAAAGAAAGAGCTTTTCTTACATTCTTGTTTTTTAACACTTCATTTGTTGTGTTTATAGAGAGAAAATATATTCCAAGCAAAGGTACATAATCAATATAGCCTTCTTCTGTTAATTTTGGTATGTCTTGTAATGGAGGATTGCTTCCAAATAATAATGTTCCGTCTTGTATAGATGCTACTATTGTATTTGGATTATCTAATAATGAAAATGTTATTGTTTGAGGTATTATTGTTTCTTTGTTCCAATAATTAGTATTTTTTTCCATTATTATTTTATCATTGTTTATATGTTCTTTAACAAAAAAAGGTCCATTTCCTATATATTCTTCTTGAGTCCAAGCATCGCCGTATTTCTCTATTATATCTTTTCTAAGCGGGCTATATATTGTAATAGAAAGTAAATCCAAAAAATATGCTGTAGGGCTTTCTAAGTTTACTTCTAATGTATAGTCATCAATAGCTTTTACTCCAAGTTCTGTTAGTGGCAATTCTCCTTTTATGATTTTTGATGCATTTTTTATTGGGTTTAATTGATAGCTTACAGAGCTTGCTACTTTTGGATCAACTGCTCTTTGCCATGCATATACAAAATCATTAGCTGTAACTATTTTACCGTCAGACCATTTAGCATTTGTTCTTAAATAGAATGTATATGTTAAATAGTCTTCGCTAATATCCCAACTTTCAGCAACTGCCGGTATTAATTTATCATCTTTATCTCTTGAAGTTAATCCTTCAAATGTATGTGCTATATATGCTGAACCGTCATAGGTTTCTGTATATGTTGGGTCTAGAGTTTTTGGTTCTGGACCTATATTTACTATTAGAGAATTATTTGTATTATTTTTGCTGCAAGATATTATTATAAAAAATAATATTAAAATATATTTTTTCATATTATGTCCTTTGATTAATTTTTGGAAATAAGATTATTATAATGATTGTTTTTATATAGACTAACTGCCTACTTTAGATTGACATGTCTGGCGGAATTTTATGCCTTTGAGTAAAGAGAAAATAAAAAAATATATTTCTTAATATAAAAAGTTCCATAAATTGTCCAATATATTAATTATAAACCATATTAAAATAATGTATATATTTTTGTTAAATAATTAAATAAAATACTAAACTTTTTTATAAATTGCCGTTAATTATTATAGTTAATTAATTTAAGGAGAAATTATATGACTATAAGTGGTATATCTTCTAACAATGTTATGCAAATGAGTGCTACTTCAATTAATACTAAGCCAAATATAGTAGAAGTAAAACCTACTAATATGAATCAGCAGGCTCAAAATATGTCTCCTCTTTCTAGCAGATATACTTATGCTATGGGAAGAGATGGTAAAAGATATATACTTCAACTTAGAATAGATATAGCTTCAGTAAGAGCTTTCAGTACTTTAGCTTAAAAATATAATTACAATATGCAGGTAAACTTATCTGCATATTGTTGTTATTCTTTTATTTCTTTTACTACTATCTTATTTCCATTTACAAGTATAACTTTTAATTTGGCATCTTTTTGTATAAATTCACCTTCACTAATAGCGTCATATTTTTTATCATCAATTAAAATATTTCCTGATGGTCTAAAAGGTGTATAAGCTATTCCTTCAAGTCCAAGTAAATCATCATAAGACTCGCTTGAATGATATCCTGATGTATCTGTTTC
NZ_CP098753.1_gap51	2017841	2018732	891	AGTATCTTATATAAATGAAAAAACAGAGGAAGAAAATCCTATTGATTATGGCATTAAATATAATGAAGATGATGATAGTATTCCTATTTCATTAAAATAAATTTATGGTGTTATAGTAAAATGGATAATTACATTAATAAAGATAGAATAAAGTTAGCTAGACAATATAGAGGAATGTCAATTAAAGAATTAGCAGAAAAAATAAAATTGAGTAAACAAGCTATTTCTAATTATGAAAGCGGAAAGAGAGTTCCTTCTATTAAAGAATTAACTAGTATATCTATAGCCTTAGGATTTCCGTATAGATATTTTATAGAAAAAAATGAAATAAGTGTTAATTATAACACTACTTTTTTTAGATCATATCTTACAGCTCAAAAAAAATATAAAGAAAAGCAAATTATTAGATTATCACACATAAGAAATTTTTATTCTGTATTATCAAATCATATAAATTATCCTAGTTTAAATTTACCAACATTTGATGTAAAACCAACTCCAACATTAGCAGCAAAAAAATTGAGAGAATTTTGGGGACTTGGTAATGCTCCAATAAATAATCTTTTAAGAACAGTTGAAAGGAATGGAATATTAGTTTCTTTTTTTGATGCATCTAATGATACAGATAAAATAGATGCATTTACTAACTATTTAAATGATATTTGGATAATTGCTCTATCAAAAAATACTAATTCTGTATCAAGGCTAAATTTTAGTATAGCACATGAATTAGGACATATACTATTACATAAAGATATTATGGAAAATAATACAGAAGTTGATAGAAAAAAATTTAATAAAATAGAAGACGAAGCAAATGATTTTGCATCAGCTTTTTTATTACCAACAGAAGAATTTATAAAAGAAGTTAATATATATAATCCATTATTT
NZ_CP098753.1_gap52	2023001	2024780	1779	ATACATTCGGTGCATTTTGAAGCCTTCTAAATATTTCATCTTTTATAGGTCTTGTATCTTTTATTTTCATGTCTATTCTAATTGTAAGAATACCTGCATTTTCTATCATTATAGAATAAAACTCATCAATACCCGCTATAGTTTGAAGCTCATCTTCTATAGGTATCATAGCATTTTGTTCAACATCTTCCGGCGAAGCACCAGGATATATTACCTGCACTATCATTACATCAAAGTTTGTAGAAGGGAAAGCCTCTTTTTTTATGGCAGTATAAGAAAACATACCAACGGCTATGGTGATTAATATTATTACATTTACTAATAATCTGTTTTTAGCAAATAGTTCTACAATTTTATCCATAATACCTCTTTATTAATAATACCTCGAGTTTTATTATGTTTTTAGTTGTTAAGAAGCACAAGCGAATTATAATCCATCACCGTGCTTATTATCATATATTCCAAATTAAGAAGTTCTGCCCGAGCATTTACTAAATCTAATCTTGCATTAATTATCTCATCAACAGGAAGCCTTCCTTGCCTAAACCTTTCATTTTGAGTTCTCACCCTAGAAGCCAAAGCCTGTACTTCAAGTTTTTTATCTTCAAGCATTGTTTTGTAAGCTTCAAACTCATCGTAATAAGTACCAATTTGTACGTCAAAATCTCTGTTTACCCTGTCAAAATCTGCAGTAACTGCTGTTAAAGCATTGTATGCATCTTCCATCTTAGCTTTAGCATCTCTTCCGCCTATAGGATAAGAAAACATTAAACCCACAAAATATTCAACATTCGTCATAGTTGAAAAAGAATTAAAATAACCGCTATCATCTAAAGTAGATAATGACACACTTCCTACTATAGATAAATCTGGAAGGGAATTGTTTTTCATTATAGATAATGCATATTCGCTTCTTAATTTTAATTGATAAGCCATCTGCCCCTGAGCACTCTCCAAAAATGGCACAACATTTATTTTTGTATTAATTGAAGTTTCTAACATACTCTCCCAATCATCTTCATTAGGCTCAACATTCTCTTCTGGTATAAAAAACTGTATATTTCTAATTATCTTTTTTAAAATTAACTCTGACTTGTTTCTTGCTTCTCTATATTTAAGTGTTTGTCTTCTAGCATTTTGATAAGCGTCATTATCTATTACTCCGCTTGTGTATCTTTTGTATATTTGATTTTCAAAAGCCTTAGCCTCTCTAATCATTTCATCATAGAGTTTAATTAGTTTTTGAGACATAATCCACTGATAATATATTTTCTGATATGATGTTAATACGCTGTTATCATCTATTATTCTTTTTAGTTTTGCTATTGTAAGCTGATACTCTGCATCCTTTATTGGGTACATATCTAATTTACCAAAAAAGTCTCTCAATATTGGCTGAGCTATTTGTATTTCTATGCTTGGGGCATAATATTTAAAATTGTTTGTGCTTAAATTTGGAAGTCTTCCTACAACTGTACCGAGCGGTGTATCTACAGGTATTTCTACCTCTCCCATTTTTAAATCACCAAAGTAGCTGTCATGCTGTATTTTTACCGACCATCTTGTACCAGAATATGGTATAAGTCCGCTGAAACCAGCACCTATTCTCATGCCGTTATGCATAAAGTCTGCTGTTGGTATGATATTATATTCATCAAAGTGTTTTTGTGTGCCTATTGCCCCTGCCTGCAAATCAAACTTAACATCTCCAGAGCTTTTTGCTTTGGTTAGATTATTATAGGCATTACTCTCTTGTATGGCTGTTAATTTCATCTCTGG
NZ_CP098753.1_gap53	2090845	2091642	797	AACACTAGCCCACTTAGGACGAACTCCTGGACATACTGTTCTAAATCTCTCACCGCATTCTTTTTTTATAATAGCAGCCTCTTTAGGTGAACATACAACTCCGTCAAGTCCTGCCTCTTTTCCAAGTTTTGCCCAATTAACAGCCAAGTCTTTTAATGCTATGCTTGAAGTAAACATGTTTTTAATATCATTTTCTGAAAGACTAGTTAAAACTGTTACACCTATTATTAAGTTTTCTTTGTTTAATTTTTTTATCTCTTCAACAGTCTTTTCCATCATCTTCTTTCCGCCGCTTGTATGCACATTAAACATAAATACATTCTGTTTAGCAGCAAAAAGTGAAGCCATAGCTGTTGTATTTGGTATGTCGTGAAATTTTAAGTCTAGAAATACTTTTTTATTTTTGTTAGCTAAATATTCTATTATCTCGCCTTTAGTATATAAAAATAACTCAAGACCAACTTTATAAAACACAGCTTCATCGCCAAGTTCATCTATTAACGCTACAGCCTCAGACATAGAATTAAAATCTAATGCCACTATAAGCCTATCTTTTGGATTATTATCTGCTATTATCATAAATGTGCTACTCCTATTAAATCTTTTATATTGTTTATATTATTTTCTTCAAGATAATTATTTATTTGTTTTATTATTTCTATAGGTAGTGTTGGGTTAGAAAATATACCAGAGCCTATAGAAACAACTGAAGCACCAGCCATTATAAACTCTAAAGCATCTTCATATTTTTGAATACCTCCCATTCCAACTATAGGTATTTTAACAGCCTTATAAAC
NZ_CP098753.1_gap54	2094007	2097871	3864	TTTTTGTCAAATAATTATTAATTATTTATTGCTCAAAATTATAATTTCTATAGCAAAATACTATTACTTCTATGTTTGTAATATTGTTTTCTTTTAATAATTTTATAAGCTCTTTTAATGTAGCCCCCGATGCATAAACATCGTCTATAATAAGAAGTTTTTTATTTTTAATGTTTTCTATATTTTTTATAGTGAATGCATTTTTTATATTTTCTTCTCTTTCTTTTAATGTTTCTAATACTTTTTGCTCTTTTATATTTTTGTTTAATAGAATATCATCAGATTTTTTTATATTGAGTGTTTTTGATATTGTATTAGCAAAGAAGTTCATAACATTATTATTTTTATTTGAAGGTACATATAAAAGCAAATCAAAATTAGTATTTAAATATTTATAGCAATTAAAAAAACTTTCAAATATTAAAGGAGTATTATTTATACTGCCTTTTTTAAAAGCTCTAAGTTCATCTCCAAGCTCTAAATCCAAATCACCAAGAGCAGATACTCTTATATTATTATCTAAATAAAAAGTTTTGTATGGTTTAAAAATGTTTGCTGCCTTTTTTGTTTATTATAATATATGTTAAAGCTATATAAATAGAGTTTATAATTATTCCTTTATATCCATTAATTAAAGAATTAAACCACATATCATAATTAAATATATTTAGTAATAAAATAGATGAAAATCTCGCTGCTATAAAAGAAAGGATAGATAAAATAATAACATAATTAGTGTTTTTAAAAAAATGCTTAATAGCTGATATTAACAAAGAATAAACTATTCCCTCAAACATTAAAAAATACAAAATAGGAACATTAGGCATTTGAAATATTAAATAGTTTACAAGAGGGGATAATATTGAAAGAGCTATTAAATAAATTGGGCTTAGAATAAAAGTGCCTATAGATAAAGCAAAGAATATTGGAAGAAACTCTGTGCCTTTAAGTCCTACAAAGTGTACAGCAATAGGAGATATTATACTCACTGCTATTAAAGATATAAGAATTAAACTTTCTGATTTTATTTTTTTTATAGCCAAACTACTAATCATAGTGTTATTCCTTATGTTATTTATTTTAAGCTATAAATAATATATCATAATATAGAGTTTTTTTAAATATGGTGAAATATATTCACTTTTCGCGAAGCGTGCCCGAAGGGCGAAAACTTTGACGAAGTCCACACCGTATAACGACAGGAAAAAGTTGAATAAAAAACTTATATAACAAATACATATACTATCAATTGAATTTTTTTGTTTATAATATAATATATTTGTCTATGGAAACAATGTATAAAAAAATTTTAAATATAATAAATACTGATATCACACTAAATAAAAACTTAAAAATATTACTTAGTATATTTGCAATACTATTTTCAAATGTGCCGTTATATATATATCTTTTTAGTATTGATATAATAGAAGCAAATACATTGATTTTATTTGTTGTAAAAAGTTATCCATTTTCATTTTTTTATTTATTTTGCTTTACTATATTCTTTCATACAGATGTATTAAAAATTAAAGTAATAGTGATGACTTTTTTGTCTTTTTTGCTTGTAAGTTTACTTTTATTTTCTTTTCATTTTATGTTTAATTATGTTACAATGCCTCCATATGATTCTGAAGATTTTTATGTTATTATAAACAATTTAGTATTTGTGCCTTGTATATTTTTTATTATAATGATTATTTCTTATATCAATTTTGATTTAAAAGATACAAAAAATATTTCTGAGTTTTTTACTGTGGTTGGAGAGACTTTCTCTTGGCTTTTTATTATTAATACGGCAAGCAGTGTTTTAGTTTCAATAGCATATTTTTCAATTTTTATAGTTGGTGCTTCTTTAGCTTCGCTGCTTTATTCTTATGATGAGGCAGGATTTATACTTGCAAAAATTGCTATTTCTTTAATAATATTTTTGTACAGTCTAGCTTTATTTGTATCTTATTTCTTATACAAAAAAACTAAGTCTATTATATCAATATATTTATCAAGAATGATTATGATATTTAGCTTGATAGTTATATTTATACTTTTTATCGCATTATTATCTGCCGAGTTTAGACCTTATGGCAATACAAGTGGTTTTGTAGTTTATAATATAGCACTTTCTCTTATGATGATAAACATATTGTTTACAAGATTAGATAAAAAGGCTACTATATTAACTAAAATAATATATTGCTTGGTTGTGATTTCTATATCATTATTAGATTTGATTGTGTTCAGCAGTGTAATATATAGAATTATAAATTATGGCTTTTCTATGAGTAAACTTATACTTTTAATAAATTGTATATTGTTTTTAGCACATCTTATTTATATTGCGATTAACGTTGTAAAAACATTTAAGACATCATTTGAAGAGTGTATTGTAATGAAGGATATATGTATAGACAATACTAAGCATATGATATTTGTTTATATTTATTTAGTATGGTTTTTGATTATATGTTTTATCTTACCGTTTTTCTTTGCTAGCATGTGAGATTGATTAATTAAGATTTTTAAGGGGAAATAAGTGGGCCAGCAGGGACTTGAACCCCGGACCCGATGATTATGAGTCATCTGCTCTAACCGACTGAGCTACTGGCCCCTATATTTTTGTTTGTTTTGATTTTGCTATTCTATAGCAGACTATTAAAAAAGTCAAGAGTAAAAGCAGTATTTTTTTTGTTTAATTTAATAATATCATTTATAATTGTATTAATTGTGTTATTTTAATTGATAATATGTAATTTTAGTTTGCAAAAAGAGCTATTAAAAACCTTGACAAATAAAGCCTTTTAAGTAAAATGGTAGAAATATTTTTATAGAATAGAGTTATTATTAAGGAAATAGTTTTATGATTAAGTTTTATAATTCATTAACTAGGCAAAAAGAAGAGTTTAAGCCGATGAATGAAAAAGAGGTTGGAATGTATTCTTGCGGACCTACTGTTTATAATTATGCTCATATTGGTAATTTTAGAGCTTATATATTTAGTGATTTGGTGAGAAGAGTTTTAGAAGATTACGGATACAATGTAAAACTAGTAATGAACTTAACAGATGTTGATGATAAAACTATAAGAAACTCAAAAGAAAATCATATATCATTAAGTGAATATACAAAAAAATATAAAGAGGCTTTTTTTGAAGATATAAAAACTTTAAGAATAAAGCCTGCAACAGTAAACCCTTCTGCTACAGAACATATAAATGAGATGATAGATATAATAAAACTTCTAGAAAAAAACGGTCATACTTATGAGGCAGACGGTTCTATATATTTTAAGATAAGCACATTTCCAGAGTATGGCGAATTAGCTAATCTTGATAAGCAGGAATTAAAAGAGGGAGCTTCTGGAAGAGTTTCAAGCGATGAATATGATAAAGAAAATGCAAGCGACTTTGTACTTTGGAAGGCATATACAGAAGAAGACGGAGATGTTTATTGGGATTCTCCTTTTGGAAAGGGCAGACCTGGCTGGCATATAGAATGTTCTGCTATGAGCTGCAAATATTTGGGCAAGCATTTTGATATACATACTGGAGGAGTTGATAATAAATTCCCTCATCATGAAAACGAAATAGCACAAAATGAAGCTGCTTTTAATGAGAAGTTTGTTAACTATTGGCTTCACTGTGAGCATTTAATTGTTGATGGTGAGAAAATGTCAAAGTCTAAAGGAAATTTCTATACTCTTAGAGATTTGCTTAATAAAGGTTTATCTGCTGAGGCTATAAGATATTCGCTTATGAACTCTCATTATAGAAAGCAATTAAACTTTACTATAGAAGGTATTAATCAATCTCAAAGTGCAATAGACAGAGTTAATGACCTTATATTTAGACTTAAAGATGTTAATAA
NZ_CP098753.1_gap55	2239566	2243014	3448	GGAAGTACAAGAACATATCGCCTTGACCATTATATATAAAGTAAATAGCAAGCAATGTACTAAATATACCAACTATCCAGCTTGAAACTCTTGCAAATTTAAGTTTGCTTTTGTCTTCCATTCCAGATTTGAAATATTCTAAAATATCAGCAGTCATACAAGTAGAAACAGAGTTTAAACTTGATGATACAGTAGATTGAGCAGCAGCAAATATAGCAGCTATTACAAGACCAGATATACCAACAGGTAAAGCATTTACTATAAAGTATGGAAGTATAGCATTACCGTTAATGTTTTCTGGTAAAGTAGCTTTAAAGTGGAAATAAATATATAAAGCAGAACCCATACCTATAAATATTACAATACTAGTACAAAGCAAAGGAACATTCATAAATAAACTTTTTTTAGCTTCATGTTCATCTTTGTTTGTAGCATATCTTTGAACTATGTCTTGGCTACCTACATAAGAATAAATAGAGTTTACAAATCCTCCAACTATCATAACCCAAATACTAGATTTAGCTAAATCTAAAGAGAAGAAATCAGGGCTTATAATTTTACCATCATCAGCTAAAAGCTTGAAACCTTGTCCTACACCTTCAGGAGCAGAAGAGAAACCTACTATAATTACTAAGAAAGCACCCAAAAGAAGTACAACAGTTTGTATAGCATCAGACCATAATACAGCCTCAATACCTCCCATAGATGTATAAGCAACACAGAATATTGACACTACAATAGTGATTAGTACTGGGTTTAATGTTGGCACAACTTGTTGTATAGCTAAAGTAGGAAGGTAAATTACTATTGCCATTCTTACAACGTGGAAAAGTATAAATGTTAAACTACCAACAAGTCTGAAAGAATTATCAAATCTTCTTCCTAAATATTCATAAGCAGTAGTAACATTAACTCTTCTAAAGAAAGGTACAAAAGTGTATGCTGCCCATAATACCATTAAGATAATTCCCAATGGTGCCATACCAAGCAACCAGCTATTGTTATAAACAGAAGCAGGTATAGCAATAAATGAAATAGATGATAAAGCAGTAGCATAAATACTCATTGCAGTTACTAAAGCAGGAACCCTTCCTCCAGCTTTAAAATAATCATCTGTAGATTTTGTTCTTTTAGCAAAGAACATACCAATAAAAAACATTACGACAAAGTATAGTCCTATGACTATCCAGTCAAACCAATGCCAAGCCATATAATTTTCTCCTATTATTAAAATATTATTTATAAAAAATGTTATTTGTTTTTAAGAAAGTATAGTTTGTTAATCTTTGTATGGAACTTTTACTATAGCTTTTTTAACATGATTTTTACCGCTTTTTGGAGGAAGTCCTACTCTATGAGCGTCGTAAGGAAGAAGTATAAGCATTTCTCCTTGAGATAAAGTTAAACGTAGAGTTCCTTCGCCTTCCCAATCATGATAATCTGAAGCTTCATCATAAGTTTTTGGTTTTAATGTTGATGTGTTTGCTATAATAAAATCTTCAGAGCCTTCAAAAATTATTTGAACATCTACATATTTTAAATGTGATTCCCAAGGCGGATTATCTTTATTATCATATTCTGTAACATTTATAAAAGCACCTTCGCATATCTCTTTATCAAGTAAGTGTTTTCCATTAGGTAATTTTTTTAATTCTTCGTAATGCTCTCTAATATAATTTTTAGCTTTCCATATAGTGTCATGAAAATTTTGATTGAACTCACTTTTTATTGGCTTTAATATCATAAAACAACTTCCTTTTATAAAAATTAATTAAAAATAAGAGTGCCGCAACAAAAAGGCAGCACCCTAAAATATATTATAGTTTAGACAAATATTTATCAAACATATCTTTTAATATTTTTTTCTCTGATTTACCAAGAGGTTTTGAACCCATAGGTGCTCTGCAATAAGAAACAGCTGAAGAATCATAGAAAGTAATACATTCTTTAAGTGCTGGATATATTCCTACGCTTAATAAAGTTTTAATTATATCATTCATGTCATGCTGTATTTTCAAAGCTTTAGATAAATCTTTAGCCTCAACAGCATCTATTACTTTTCTTGCTAAAGGAGCTTGTATATTGTATGTAGAACCAATTCCTGACCTTAAACCATAAGAAGCATATGCTATTAATAATTCATCAAAACCAGCCCACATCATTTTGTCTGGGAATTTTTGTATTAATCTTTCTAATAAGAATAAATCTGATGAAGTGTATTTTATTCCCATCACTCTTTTATCTTCAAAAAGTTTTCCGAAATCATTTAATGATATGCTGTTGTTTGATAAGCTAGGCAAGAAATATATTACCAAAGGAATTTTATTTGTTGCCTTTAGAATAGTATTATAATATTTGCTAATGTCATTAAATGAGAATGGATAATAATATGGAGTAACAGCTGATATTAAATCATATCCTAATTCTTCTGCTTTTTGTGCCATTTCACAAGCTTCATTAAGATTCAATGTACCCACATGTGCTATTAGAGGTATTTTTCCATTAACTTCTTCTTTAGTAATTTCAAATACAGCTATTCTTTCCTCTTTAGACATTAATAGTCCTTCTCCAGTAGAACCGCCAACATATAAACCATTAACTTTCATACGGTCAATATTATGTCTTACATACTTTCTCAATACTTTTTCATCTAATTTTCCACTTTTGTTGAATGGAGTCATTAGAGCTGATAATATACCTTCACATTTATTCATGCTGTTTCTCCTTAAAATTATTTTAATCATTTATGTTATAGCTATATCTATATATTGTATAAATAAGTTTAATTTTATCAATATCTTTTAATATGATTTTTTAAATAAAAATAAAAAAAATGTGATTTTTATACAAATTAATTCTTTTAGTAGTAATTTTTATGTAATGTTTACTAGTATATTTTTTAATAAATGATATTGTATTGATTTTATTAAGTTATTTTTATTGAAATTAATATATAAATAAATATATGTAAAAACACATAATAAGGGTATATTGTATCTATTAATAATCAAAAAAAGATAATAAATATCAAAAAATAATATGAAAATTCTTGCAATATGAAATTATTTTACTATACTTGTAAACTGTATATGAAATATAGAGTACTTTTTCCTACTTTAGTTCGTTTTTTATATTATAAAGTTATGATTAGTAATTTTTTTTATATACAACAAATATTTATAAGGAGCTTATTATGAGCAAGTTAAAACTATTTTTGATATTAGCATCTTCACTGCTGATATCATGCGCTAATCCAAATGATCCTGGTAATGATACTACAGAAGGTGGTAATGGAGGTGGAGGTACTGGCGGTGGTACTCCATTGACAGAAAATCCTAGTTGGTTTTTGACTGCTGAGCAACAAAGTAAGCCTCTTAACTTTCAAGAGCAAATTTTATTTGATACAACAACTTCTCAAAAATATAGAATACCAGCAATTATATGTGCT
NZ_CP098753.1_gap56	2342153	2344612	2459	TGAGGATAATGAAGAAGAGAAATTAATGAAAATAGAATCTATTGGTGTAAAACTTATAGAGAAAGTAGTTTCATTTAGAAAGGCAGATAATAATATAGAGATAGAAGGCGACCCTTTTTTTAATGTATCAGATGATGATAAAATATACAGAATAAAAGTGTTATTAGATTTTTTGGATAGAGAGTATTCTGTATTATTTGTTTCTAATAAAGTAAAATACAATTTGCTTTATGATAATTTGGTTAGAACAGATTATAAAAGTGATTTTAATAATATCTTTTTATCATTATCAGATTCTAATTCTAGATTTTTAGAGTATAGCGATATGTGTAAGAATGCTTTAAAAGTAGAACGAGATACATCTCTTAGATTTGAGCAGAGGGTATCAATGTTAGCTGAAAAAAATGGACAAATATCTTATACTGCTAAAAACTTAAAATCGCATATAGTTTCTATTATATCATCTTTAAAAAAGAAATTAGATAAATTATTATTAGATAAAGTAGAGAGAGAAAGAATAATAGCAAACCCTAATGACATATTAACTTTCTTTTCTGATGTCAGCGGCAGTAAAAAAAGGATACAAGGATATAATGTATTAAAAGCTTTAACAGAGGCTTATTATTTTGTATCTGGTTTTTATTATTTAATTACATCAGGGGAATTATCTGGTGCTGGAATATTAATAGAAGGATCTAAAAAAGCAGAAGAATATAATAATAAAAAAGATGAAGATAATAATGTTAATAATGATGAAAAAAAAGATGATTTAGACGATAATTTAAAAAGGTTAGAAAAAGAATATACAAATGATGAGGTATCTGAGTCAAAAGAAGAAAATAGTGATGATGATGCTAGCGGAAATAGTCAGGAGTAGGAATTGGCTTACAAATCGAAAAAAATTATTATGCTTGAATATATTCCATTAAGAGTTTTAATGGAGTTTATATCATTTTTTCCTTATATTTTTGTGATATTTTTTGCAAAGATTATAGGGATTTTGATGTTTTATGTAGCTCCAGGAAGCAGAAAGGTTGCTTTAATTAATTTGAAGCAGGCTTTTCCAGAAAAATCTTATTTGGAGAGAAGGCTTATTGCTAGGCGTTCTATGAAATCTATGATGATGACTTTTGCTGAGTTTATAAAGGCTTCAAGAATGTCTGATGAAGAGATATTAAAACGTATAAAGATAGAAGGCAAAGATATATTTGATAAGGCTCTTGAGGAAAATAAGGGTATAGTAGCAATTACTGGACATATTGGCAATTGGGAATATATAGCTTCATATTTTGGTATTAAGGGGTATAATCCTAGTGTTATAGTGAGACCTTTAGATAACCCTAAATTAGATGTTTATATGAAGTCATGGAGAGAGAAGAGGGGAGTTAAATGTATTGCTAGAAAGGGGAATTTAAAAGAGATATTTTATACATTGAGAGAAAATAAGCCTGTTGCTTTTTTGTGCGATCAGAATTATATAGATGGAATTTATGTTGATTTTTTTGGAGAGAAATGTGCTACTGCAGTTGGACCTATTGCAATGGCTATGAAGACTAAGGCTCCTATAGCTATACTTTATGATGTTCCAGATAGGTATGGTCATCATAAGATAATTGTATCTGAGATAATGTATATAGAAGAGAAAGCAACTAAAGAGGAGACTTTATATCATAATACTCAAAGATATACTAAGAAGTTAGAGGATATTATAAGGAAATATCCTGAGAATTGGCTTTGGGTGCATCCTAGATGGAATACTCGTCCTAATGGAGAGCCTGAAATTTTTTACAAGCATAATAATTATAGATAAGTTTTTACTTTACTTTTTTATAATAGGTTTATATAGTGAAATCATCATTCAATCAATATAGTGAAATTAATTATATAGAAAACCACAATTATAGGAGGTAGTTATATATATGAATCAAAATAAAAAATCATTTATGTTTTTTCTCAATCTTGGTCTTACATTTACTTTATTAGGAATAATAATATCATTTTTTATATTTTCTTATGAAAAGAATTCTAAAGACGGCGATTTTGTTGTACATGCTCAAGCTGCACCAGAGAAGGCTGCTTTTAATGGTTCTTTAGACGGGGCTTTAGAGGTTGAGAGTGCTATTAGGGAAGTTGTTGATAAGAATATGCCTGCAGTTGTTAATATATCTACAGAAATTGAATCTGGACAAACTTATGAAGATAGATATGCTGATGAGTTTTTTAGATTTTTCTTTGGAGACCAAGTGCCTAGACAAAGAAGAAGTCAAAAATCTTTAGGAAGCGGCTTCATAGTTAATGATGAAGGATATGTTCTTTCTAATTACCATGTTGTTAAGGGTGCTACTAAGATTATGGTGCTTTTATATGGTGAAGATGAGGAGTTGCCTGCTAAATTAATAGGCTATGATGAGGCTTATGATTTAGCTTTATTAAAAATTGAATCTGACAGAGTATTTCCT
NZ_CP098753.1_gap57	2360395	2365326	4931	CTTTAATACCCAAATCTGTAACAGGTTTTTTTCCAGAATTAATATCCATAGCATTTAATACAGGCTCAAATTGATAAGCATATTCAGAAGCTGTAATTGGATCAACAGCTCTCTGCCAAGAATAAACAAAGTCTTCAGCTGTAATCTTTTTACCGTCAGACCATTTAGCATTTTCTCTTATATGGAATGTGTAAGTTAAACCGTCTTCACTTATATCCCAGCTTTCTGCAACTCCTGGTATTATTTTATTATCTTTATCTCTAGTAGCTAAACCTTCAAAAGCATGCTGAATATATATGCTTCCATCTACTGTAGAGTTTAATGCAGGGTCTATAGTTTTAGGCTCTGGACCTACATTAATATATATTGCTCCTTCATCTGCTTTATTTCCGCCGCAAGAGATTGATACAATCATTAAAACAGATAAGAGTAATAAAGTTAAATGTTTCATAATTTTTATTCTCCTATTTTTTTATATTAATTTTTATTATATTTTGTATGATGATATTGTCAATTATTTTATGAAATTATTATGTATTTTTATAATTCATTATTTTTTATTTTTTCTTCAGCATTTTTAAAATATCTATCATAAGCTTTTTTACAATAGTTTTCATGTTTACTTTTTTGATTTGTTGGAGGGTTTTCAAATTTATAAGGTCCGTTTACTTTCCAAGCGGTAAGTATTCCTATATTGATTGCATCTACTGGACATCTAAAAGCACAGCTTGCACACATAACACATTTATTTTTAAACTTAATGTTTCCATTATCATCATTATAAATATTGTTAACAGGGCATTTTTTTACGCATAAATTACAATGAGTACATATGTTTTTTACTTTAAAAAGGTTGCCATTAACTTTCATAGTAGGGTGCTCTATTCTAAAAAGAAAAGCAATAAATCTTCCAAATGGAAATTTTTTAAGAAATACTTGTTTATTTTCTAATATCTCTTTTAAATCTATAGCACATAATTGTTTGGCAACTTTCCACATCTTTGAAGCCATCTCATCAGTATGTCTAAATACCAAATTATAAGGCATAACATAATGATACTCATTCGTAAGTATATAGCCTTTTTTATTTAATCTAGCCATTAAAGGTTCTGATGAAATGTTGTTTATTGATAGAGGTTCTCCGGAAGTTTTTAATATAAAGATTTTTTTATCTTTACTTTGAGGAAATAATTTTATTAAATCAAAAATTGGATATGGAGCATTAAAACCATGAATAGGGTAGGCTAATCCTACATAATCATAATCATTTGGATTTGGTAAATTATCAAAATTATCTGTAACTTTATATATATTGATATTTGTATTATTTTCTTCAAAATTTTTTTTATATTCATTTACAATCTTTTCTGTATTACCTGTACCAGAAAAATAATATATTATTGCATTTTTATTCATATTATAAACGCCTTTATATTTTTAATTTTATTTATTATAACAAAAAAAATATAATATTTAAAGTTTAATTATTATTTAAGATTTTTACATATTAGCTCAGCTTGACTTTTGCTAATAAATAGTTAAAATATAAATAAAGATTAGGATATACTTTATATTATGAATTTCAAATTAATTTTTATAACACTCATCAGTTCAATTTTAATTTCTTGTTATAGTCCATTTTTTCTTACAGATACTGAGGGCTTTTCTGTATATAGATCTTCTTCATCTGGAAGCGGATTATCTTCAGATTTTATAAAAGCAACTATCGCAAAAGAAACAGAAAACTTAATTGTATATGTAGAAAAAGGTGAGAGTTATAATTCCAGCAGTTTAGATTTAGTTTGTAATGAATTTGAAAAATATTATGCAAAAGAAAAATCAATTTACGGCAATCATACAGATGTTGATGATAATGGTAAGATTATTATTTTATTTTTAGATTTAAATCCTGAATCTGGAAATGGTTCTATACTTAATGGATATTTTAACCCTGCTGATTTAATAGATGGTCAGGGTAATAATGCTGATATGCTTTATATGGATTTAGGCGGACTTAATAATAATCCATATTATATGGCTGGAACAATATTACATGAATTGCAGCACTTAATAAATTATAATGTTAATGTATTAGGAAATGGAAGAGATATGGAGGTATGGCTTAATGAGGCTTTATCAGAATCTACTTCTGTTTTGTTTAATAGAACTACTGTAAATAGCAGAAATATTGAGTTTAATAAAATAAATTATTATTGTTTCTATACTTGGGATTTGCCTATAAATGTATTTGCTAATTATCCTTCTGCTTCTGTTTTTATGAATTGGCTATATATTAAAAGCGGTTATAATGATAATATATTTAAGAATATTGCTGCTTCAAAAGAAGTTAATGCATATAGAAGAGTTTTATCTACAGTAGGTACAATTTCTTCATCTTGGGATAGTTTGCTTATTCAATGGATAGAAGATGTTAATAATGGTCTTGTTTCAGGGGCTAAAATTAATAAGATTGATAAGACTTATGCTAATACATATATACCTTTATTTCCTGGTGCTTTATTAGTTTTTGACCAACTTGTTGTAGGAAATATTGATACTAGCAGCATTTCTCTTTTAAAAAGTAAACAGAATAATAATTCACTTATATTATTAAATAATGACACATATGTTGGTAATAGTCCTACTGCTGTAAATATTACATTTAATTCAAGCAGTAGTTCTATTTTAAGGAGTGCAAAATCATCAGCACAAACTAATTCTTATTTGGAAGTAATAAGTAATACTAAACCTAAATATAGAAATATATTATTAAAATAAATTAATAAATACAATAAAAAAGGAGCCTCAATTAATATTGAAACTCCTTTTTATTTTTCTAATAATTATTAATAACTTATAGTTTCGCCTCTTTCATGAACTTCTAAGAATCTAAGCAGTTCAGCTTTTACTTCTTCTGCTGTAGATAAAGTTAGAACTCTTCTAGCAAGCATAGCACATTCGCTTTTGTCTAAAGATATAATCATTTTCTTAACTTCAGGCACAGATATAGCTGACATAGAAAATACATCAAGTCCTAAACCAAATAGCAAAGGTACAGCAAGTAAATCACCGGCAAGCTCTCCGCACATTGATATTATAATACCATTAGCATGAGCACCATCTATAGCCATTTTTATAGCAATAAGCACAGAAGGGTTGTAAGGGTCGCATATAGAAGCAATTTTTTCATTACCTCTATCAGAAGCTAAAGTATATTGAGTTAAGTCATTTGTACCTATAGAGAAGAAATCAGATTCTCTAGCAAAAGCTTCAGCTCTAAATACTACAGAAGGAGTTTCTATCATCATTCCAAGCTCTAAAGCTTCATTAAATGCTATATTTTCCTTCATTAGTTCTAATTTACATTCATTGAATATATTTTTAGCCTTTCTTAATTCTTCTATAGATACAATCATAGGAAGCATAACTTTTATTTTACCGAAAGCAGAAGCTCTAAGTAAAGCCCTAAATTGAGTTTTAATAATAGCAGGCTTATCCAAACATATTCTCAAAGCTCTCCAACCTAAAGCAGGGTTTTCTTCTTTCGGCATTTCCAAATAAGGCAAATATTTATCTCCGCCAATATCCATAGTTCTTATTGTAACAGTATGTCCGCTCATAGCCTCAGCAACTTCTTTATATGCTTTGAATTGCTCTTCTTCTGTAGGGAAGTTTGTATTTTCCATAAAAAGAAACTCTGTTCTATAAAGCCCAATACCATCAGCACCGTTTTTTAATACACCGCCTAAATCTGCAGGAGAACCGATATTAGCATAAACTCTTATTTTTGTGCCGTCTTTTGATATAGCATCTCTATGAGCATATTCTTTTAATAAAGCTCTTTTTTTGTCAAACTCTTCTTTTAGTTTTTCTGAATCTTCTATAGATTTTTCAGTTGGATTTATAATTACTCCGCCAGTATTACCATTTAATATGATAATATCTTCGTTTTTTATATCTTTTATTATTTCACCAATACCAACAACAGCAGGAATCTCTAATGATCTAGCCATAATAGAAGTATGAGAAGTACGTCCGCCTATTTCTGTAATAAAACCTAATGTATTATCTAAATCTAAATTAGCAGTGTCTGATGGTGTTAAATCTCTTGCTACAACTATTGAGTTTTCAGGAAGTGCAGATAAATCTAAAATTTTCTCGCCTCTAATATTTCTTATCCATCTTTCTGCTATATCAGTTAAATCATTAGCTCTTTCTCTTAAGTATTCATCTTCCACTTCAGATAAAATTTGTTTGTATACTTCTATCCCTTTTGATAAAGCATAATCAGCAGAAACTTTATCATCAGTAATAATACCATTTACTTCCTCTAATAAATCCTCGTCCTCAAGTAAAGTAATATGTGCATCAAATATGCTAGCCTTTTCTGCAGAAACTTTTTTAGATGCTATTTCTCTTATCTTTTCAAGCTGTTCTTTAGTTTTATTTCTAGCCTCAAGGAGTTTGATTTTTTCTTTCTCTGGATCTTTACATGGACATTTATTAAGCTCTATTTTTTTAGGGTTAAATATATAAATTTTACCTATTGCTATACCGGGAGATACCCCAATACCAGTTATTCTTTTTTCCATAAGTTATTTCCAAATAATATTAATCTTTTAAATTAGCTAAAAACTCTTCTATTTTCTTTAAAGCTTCTTGTTCATTTTCTCCGTCACAATATACAGTTAAAACAGAACCTTTCTTTACACCTAGTGATAATACTTTTAAAAGTGATGAAGCATTAACCTTTTTACCTGCTTCATTTTCTATTTCTACTTTACAATTAGTTAAAGTTTTTATAAATGTAACAAATTCATTACCTGGTCTTGCATGAAGACCTGTTTCATTTTGTATAGTAACTTGGCCTTTAGTCATATAAACTCCTTTTTACATTATTCTATATTAAAGTATAGCAGTTTTTTGTGTTT
NZ_CP098753.1_gap58	2388895	2390731	1836	TATATTTGCTGTTTTATTTGAGTTTTTTATTTTTAATATTTTTGCAATTTATATAGAATTTTTAGCACCCGCCCTAAATTTTTAAAAGATAAAAAATGTATATACGCACGCAGAATAAAATTTATTATATTAATAAACTTATAATTTGAATTTTATTATATAAAAAAGTTTATTCCACCGTGCGGTAATAATTTTTTAAATTTGTTAATTGTTTTCACCATACCAATCAACATTTCGTGTAAAGTACATTGCAAGAGCAATAACAGCAAACAGCCCTAATGTACCCATAAGTAATGCATAATCAGTAAGCTGAAGTATTCCAAACAAGAATATATAAATCAAAGACTCTACTATAGCCATTGAAATAGTGTATCTTGGAGATTTTATAATGTATCCTATATATATAGAAGTTAAAGCTGTAACCATTAAGGCACTAAGAAAATAACTAATATTAAAATTGATATGCTCAGATATTGCTAAAAGCAGAAGATAAAATATTGCATTAGCTATTCCTATGAGTATATACTGCACAGGGTGTATGCGTTTTTTTGAAAGTACTTCGCATAAAAATAATACAAAAAATGGAATAAATATAAACAATATAGCATATTTTACGCTTCTTGAAGTTTTCTGATAATTGTCATTGAGAAGCAAAAATGATATTAAAACATTATTAGATTCTTGATTACTGTTATAATATTGATTATTGTCTATATTGTTTAACCTATTAGAATTTTCATCGCTAGTCCAATATTTTGTAAATGAAGTATTAAAGCTTGCTATGTTCCATTCAGCATTAAATCCATTATTATTAACTTCCCTTTTTGTAGGTAAAAATCCTCCTGTAAAACTAGGGTCTTTCCATTTTGAAGAGATTTTAAAAGTATTCTCAGAAGCTAATGGAGTTATTATAAGAGAGTTTCCTCCTTGAATGTCCATTGTAATATTAAAATCAAAACCGTTTAATATACTATCTCTTGAAATAGTGTATAAAAACTTATTGTTAAACATATTTAAATCTATATTAATATTTTTCTCATAATATTTAAGCTCTTCATTTTGATTAATTAATATATTAGGAAGCTTCATAAGATTTTTTTTGTTTCCTATTCCTAGTATAATCATAGCCTCATCATAAAGTATAATAGTATTATTTTCATCTAGATTATATATTTCAGCATTATATTTATCGAATCTTCCTGTAATATTTAGCTTAGAATTAAAAATAGGAGCTTTAAAAATACCTCTGCTTAAACTTGTCACTTCAACATCACCAGTAACATTATATTCATTAGGCATATAAAAAATATATTTTCTTGTGTAGCCTATTTCTTTAGTATCACTATCAATAAACTTTTCTAAATACGGTATAGCAATAACTACACCTTGAATATTGGCACTATCACCAACAGGCTCTATTATAGAAGATATAGCCTCATTTTGATAACGAATCCTATCTTTTACAACACTATTTATAAAAGTCATAGGTATTAAAAGCAATAGTCCTAATACCACTATTATTATTATTTTGAATCCTAAAGTTTTAGTTACTTCATTTATATTTTTTATCATGTTTAAGCCTTTATTTTTAATTAAATAGTTAAACTAAAAAAATTATATTTTGTCAAAGTTTTCGCCCTTCGGGCACGCTTCGCGAAAGTACAAGTGCTTTAGCTTTGCATGTTTGGAATATATAAAGCTAAAATAATATTTATATTTTATTATATATAAAAAGCTATACTTCATTAATGCAGCCTTTTTGCTTCTTTGTGGCAATACCGAAGGCACTTCCTACGGTCGCAAAAGAACTGGGGGGTGTACCCCAAGGGCACGCTT
NZ_CP098753.1_gap59	2408214	2410106	1892	AGTTGTTTTTATATCAGAGTCTAGAAGAGGCATAACGCCAAGAAAAACAGTATAAAAGATAGTAAATAAAATATATATGCGAATATTTATAGCTACAGGAGAAGTATCTGGCGACATTCAGGGAGCCTTGATTGCAAATGAGATAAAAAAATTAGCACCTCAAACCATAATAGATGGATTTGGCGGTGTTGAGATGAAAAAGGCTAATGTTAATATTTTATCTGATATGTCAACATTATCTACTATGGGTATATTTGAAGGTATTAATCCAAAATTTGCTTTCAAAAAGCTTGGAGCTTTCAATATATTAAAAGAGTATCTTAAAAATAATAAAGTTGATATAATGCTTCTTGTAGATAATCAGGGAGTTAATCTTATATTGGCTAAATATTGTAAAAAAAATAATATTCCTTATATTTATTACTTTCCGCCTCATGTTGGTATATGGGGAGAATGGAATGCTAAAAGATTATTGTCTGCTAAAAAAATAATTACACCTTTTCAATTTGATTATGATGTTTATAAGAAGTATAATTGTAATGTGGTTTACAGTGGACACCCTTTTGCTGATATTAATTATAATAGGGAAGTATCTCCATTAAATATGGATAAAAAAGAATATACTGTTGGTGTATTATTTGGAAGCAGGTATCAGGAAATTAAAAAACTTGCTCCTGTGTTTATCAAATCTATGAAGATACTTAATGATATGCTATTTGGAAATATAAGATTTATTATACCTGTTGCTTATCCTGAATATAGAGAGCCTATAGAGAATATTATTGATAATTATAAAGATTTGTTAAATGGAATATGTTATTCTGTGATAGAAAATAAAGATGATGTTTATATATATTCTGATGCTCTTATAATGTCAAGCGGTACAGCTAGTTTGATAGCAGCTTGTTATGGAAAGCCTATGGTTATATGTTATAAGATATCTCATTTAACTTTTTTGCTTGGTAAGTTTTTTACTAATATAAAATATGTTGGCATGCCTAATGTTATGCTTAATGAGGAAGCTGCTCCTGAACTTCTTCAGAGAGATTGCAATCCAAATGCTATTAGCAGTCATATAATAAAATATTTAACAGATAAAGAATATTATGATAAAACTAGTTCTAATTTAATTAGGGTAAGAGAATTACTTGGTGATAAAAATGTATTAGAACGTGTTGCAAAAGAGATTATTAATTAAAAATGATAGACGATGATTTTTTTAATAATATAGAAGAATATATAAAAAAAACTGATATAGAGTTTGATATTCTTTTTGTTGATTCAATTACTAAAGATAAAATTGCTTTATTAGTAAATAAGATATTAATAAAATACAAAATAGAAAAATATTATGAAGATGTTATTTATATATTAATGGAGCTTATTACTAATGCTATTAAGGCTAGATATTTACATTTAATTAGTTTAAAAGTACTTAATGAAATGTATCCTAATTATTCTTTAGATGAATATTATAGTAATCCTGATATAATGAAAAAATATTCTGATATATTTAGAGATGATGAAAGCAGAGAAAAATTAAAAAATATATTAAAAAATGAAAATAAATTTCTATCTGACAATAACAATAATATAGATAATTTTTATAATGATGTTTTATTATTAAATGAAAACACTAAAAGCAAATTTATTATAAAATTATTTATTCATATTACAAAAAATAATGTAGAGTTTGATATAGTTAATGATTCACCTCTTATTATGCTAGGAAGAACAAGAATAGATAGTAAGAGACTCACTTTTAAAGAATATTATAATAACGATATGGTAGAGAGTTTTTTCTTAGAACAATTAGATAATACTGAAAGTGCAGGTTTTGGTTTAGCTTTATGCGACCTTAGATTATACAATATAGGTCTTGAGCCTACAAA
NZ_CP098753.1_gap60	2524769	2526818	2049	TCTAATGTATTGCTTAAAACTTCTGAGATATACAATATTCCTCTTTTAGTTACTGAGCAGTATCCTAAAGGTTTAGGACCTACTGATGAGAGGGTAATACTTCCGAAACATCATAAATTATTTGCTAAGACTAATTTTAGTGTATTTGCTAGCGAAGATTTTGTTGAGGAGTTTAATAATTTAAATAAAAAGAATATTATAGTATTTGGAGCTGAGACACATGTATGCGTATATTATAGTGTTTATCATTTGCTTCAAAATGGATATAATGTTTATGTGGTTGCTGATGCTTGCGGTTCTAGAACTGATAATGATAAGCAAATTGGTTTAGAACAGATGAGGAAATTGGGGGCTAATATTATAAGTACAGAGATGGTTCTTTTTGGATTTATAGAGGGTTCAAAAGTGCCTAATTTTAAAGATTTAAGTAATTTATTAAAAAATCAGTAATATTTTATAATAAGGAGAATAATTATTATGAGAAGAAAACTTATAGCTGGTAACTGGAAAATGAATAATACTAACAAAGAGGCTTTGGAGTTAGTAAATCAGTTAAAAGATTTAGTAAAAGATGTTAAAGACAGAGATATTATGATAGCACCTACTTTTACTTGCTTGAGCGATGTTAATAATGCTATTAAAGGAAGCAATATAAAATTAGGAGCACAGAATTTATATTTTGAAGAGAAGGGTGCTTTTACTGGTCAGATTTCTGCTGATATGCTTTTGTCTGTAGGCTGTGAATATGTTATAGTTGGTCACTCTGAATGCCGTGATATATTTGGTGAAAAAGATGAGCTTATAAACAAAAAAGTAAAAAGAGCTTTAGATAAAAACTTAGTACCTGTTTTATGTGTAGGCGAACATTTAGAAGAGAGAGAAAAAGGCATTACTTCTGATATAGTAAGCAGTCAAGTAAAAGAGGCTTTCAAGGGTTTAAGTGAAGCTGAGGCTAAAAAGGTTGTAATAGCTTATGAACCTGTTTGGGCTATTGGTACTGGTAAAACTGCTACTCCTCAAGATGCTGATGATGTACATAAAACTATAAGAGACACATTAAAGTCTATTTATAATGAGAGTGTTTCTGAAGGCATGATTATACTTTACGGCGGAAGCGTTAATGAGAAAAATGCTGATGATTTGCTTAATATGCCTAATATAGATGGTGCTTTAGTTGGCGGTGCTTCATTAGTTGCTGACAAGTTCGCTAGAATAGTTAATTATATAGCTAAGTAAATTATTAAATAATTTTTATTTGCTTAGGGGGGATTAAGTCCCCCCTTGTTTTATTTTTTCATTTGTATTATTATAGTGACAATATAATTTATGGGTTTATAAATGAAAAAAGTTATTTATGTTTTTTTGTTATTTTCTTCTTTGCTCTTTTGTCAAAATATAGATATATCAAAAAAAGATTTTTATTTTCTTAAGGGAAATATCGGAAGTACTCCTATAAGTATGTATTTATATATAGATAATAATAATAATCTTTCAGGTAAATATTATTATGATACTATAAAACAAATTATTAATATAAAGGGAAGTATTAACGGAAATAGTTTTCATCTTGAAGAGAGCATTAATGATAGAGTGATAGGTTCTTTAGACGGTGAAATTAGCGGTGAAATGGTTTTTACTGGTAATTGGGTTTCTGCTGACAAAAATAATACTTTTAGTTTTTCTTTTTATATAGACAATAATTATCCTATCAATAAAATTAAGATTATAAATGCAAGCTTAAATGTTAAAGAAGATAATGGCACTTTTGAAGCAAGCAGAGATGCGGTTATTATAGCAAATGAAAAAAAAGTAAAAGCAATAAATAGAATATCTTTAGATGTTGATGAAACCAAATCAATAGATGAAGAAAATATTACAACTACGCTTAATAATTTAATTTCATCTCAATATAATACTTGGAAAGAAGCCATTAATGATAAGTTTAATATGCAAAGAAATATTGAAGTATCATTTATAGATGAGAATATTATATCATTTTCTCTATATAATTATTCTTATGCAGGCGGTGCTCATGGCATATATAATATT
NZ_CP098753.1_gap61	2586507	2587458	951	TATAAGTCCGTTTTCAGCAAGCACAAATTTATACTTTCCATTTTCTACTTTTACTAAATCTCCTCCCGCACCGCAAACAGCACATTCAAAATTAAACTTAACTCCGTCCCAATGCTCTTCGCCTGGATATATTAAAGAAGAATGACATCTTGGGCATAAACCTAAATTAGGGTCTCCTAGCCATTTCCTCTCTTCAACAGGTGTATTAATTGCTTCAATTATGTTTTTGCCCATTTGGTAAGCTCTCTCCAAATAGTCTTTATGTATGAGAACGTTTCCTGGTCTTCCAACGCTTGTAGCTAAATACATATCAACTACTGTGATAGATTGAGTAAACATTGTAGCAGCAAGCCCCTCCAAACTCATAGTCTGCCAATCATGTTTAGAGCCTCCCACTCCTATAAGTCCTGCTACTGTGTGAGGGTCTTTTTTTACTTGTCCTATCTTTATTCTAAATGATAATTCATAAGCCAAAAATCTCTGAGCAAATGATAAATATAATGAAGAAGGAAGCAAATCATAAGTAGGACAGCCAACTATTATACCTTCGCATTCATTCATAACATTAACTATTTTGTCCATATCATCTTTTTCTTTCTAGATGCAGCCTTTATATTCTTTTTTTTCTTTAAATGCTTTCTCCATGCCTATTGTACATGATTCGCAGCCTGAGCAAGGCTTTATATCATAATCAAATAAATTAATAAGTATAGCCTCTCCTCCTGCATATTTTACAGCTGTTAAAGCTTGTTTTACTAAAATTTCGCTGTTTCCATTATGTCTTCCAGCAACTATTCCCATAACTTTCATAAAATATGAGTCTCCTTTTATTGAAAAAATTATATTACTGGATAGGCTGCCAGTCTTCGTATTTTGTTTTTTTAAATGATATTGTCGAAGTTTATCGGAAATCTTATATTTTAGATATAAGCCCTACCTTATTAAAGCATT
NZ_CP098753.1_gap62	2594142	2594642	500	GCTCCTATTATGGGTAAGGCTATAGCGGATATAAAGTTGGGAGATAAAATTATAGTAAAAGTGGATTATAGTTCTTTCTATCCTAATATGACTTATTTAGATATTAATACTAAAAAAAATAACGGCAATAAATATTTTGTTGTAGGCGAGGTAATAGATAAAACAGTTAATGAGCATTCTACAAAGATAGCACTTGCTTTAACTGATGAGCATTGCGTTATTATAGAAGAGACAGAACCTATAAAAGTTAAGGTATTTAATCCTCAAAAAGACAGCTATGTAACACCAAATTCTTATCAAGAAAACAGCAAAGAAGAGCAGATATATAAGATGCTTTCTAGTTTTAATATGTTTAAGTTTTTATTGTATGGATTAGGTTTTATTTCTTTATTTGTTTTAGTTTATATTTTGTATGTTATAATATTATAATTTATTTCGATTAAAGTTTATAATAATTTGATACCGATAAAAGAGCAGTTAATTTTTTTAAAGATAGATAA
