gap_id	start	end	length	sequence
NZ_CP144380.1_gap1	4355	5388	1033	GTCCGGAGAGTGGAGGGCGGCTGGCTCGCGCTCGACGGACTCCTCCCGATCGAGCGACTCCGGGAACTGCTCGCGCTCGCGGGCTGAGCGGGCGCGGGCGCGTCCCGCCCAGAGTTGCAGGAGCAGGCCGGCCCCGATCACGGCCGTCAGCAGGTGGGTGTAGACCCGCCACCAGAGCAGGAGCACGGGCAGCTGGTCGGGGCCCAGGGCGTCGCCGAGCACGGCCACGAAGCCCATCTCGATCCCACCGCCGCCACCGGGCGGGGGAAGGAGCGAGCCGAGGTAGAGCAGTCCGAAGGGCCGCAGCGTGAGGGCCACCCAGTCGAGCCCGGGCTCCATCGTCGTGGCCCAGACGAGCGCGGGGAAGGTGGCGGCGCGGGCGGCCTGATGCAGGAAGGTCGCGCCGACCGCACCCGCCACGTACCGCCTCGGGATGTGCCGCAGAGCCCCCGCTCGCTCCCGGAAGTCGCGCGAGGTGCGCTCGAGCAGTCGCCACCGGCCGTGACGGAGTCCCACCTTCGTCCACCACCGGGGCACGGGCCGTCGCTGCGCACCCTGCCCGGCGAAGAGCAGCAGGCCGGCGATCACGGTGAGCACCACCCCCGCATAGGTGCCGATCGCCAGCGCGATCGCCCCCCCGCCGTCGACGAAGACGGCGAGCGCGAGACCGATGGCGAGCAGTCCCAGCGCCTCGAAGGCCGTCTCACCCACGGCGATGGCGGCCAGCCCGCCCACCTTCCCGCCGTCTCGTCGCATCGCCAGCATCTTGGCCGGCTCGGTGCCGCTGCGAGAGGGGGTGACGGTGCCCGCCGAGTCTCCGGCGAGCTGGGCGATCCAGGCGGTGCTCCACCGCAGCGGCACCTTCAGGGCGCGCGCGAACACCACGATGCGGGCCGCGCGGCCCCCCACCTCCACGAAGAGCGCCAGTGCCGCCAGCAGATGGGCGGCCAGGGGCAGGGCCAGCAGCGCGGACACCGGGAGGTCGGCGCGACGCGCGAGCACCACCGGAATGGCGAGCGCGATGCCGAGCGAC
NZ_CP144380.1_gap2	182214	186285	4071	ACCGGGAGTACATCTCCGAGGAACTCGACACCGTCACCCGCATTCCCGGGGCGACGATCGTCTCGCTCGACTCGAGTGCGCCGCACACCGCGATCGTGAACGGTCGCATCCGACCGCATCAGGTGGCGTTCGCGCGCGAGGCCTTCGCGGACGCGCCCGCCGACGACATCCGCATCGTGGTTGCCCACCACCATTTCGCGCCGGCGCCCGACTACGAGGGCGACAAGAGCATGCCCCGCGCCCGCGAGATTCTGGAGCAGTTCACCGCCATGGGGGTGGAGCTGATTCTCGGCGGGCACCTCCACCGCGCCTATATCGGCAACTCCCTCGACGTGCATCCGGGGAGCGAGCGGTCGAAGGGCGTCGTGATCGTCCAGAGCGGCACCACCACCTCGGGCCGCGGGCGGGCCCGGGAGCGCGAGAAGAACTCGTTCAACGTGATCCGGATCGGCGAGCGGGCCCTCGAGATCACCCATCACATGCACTTCGCGGAAACGGGCCGTTTCGAGCCGTTCAGCGTGCACGCCTTTCCGCGCCGCGAGGAGATGTGGTTCGAGCAGGGCACCATCCGGTGGCCCCTCGACGTGGAGATCGACTCCGAGGTGACCGGATGACGCGGCTCGAGTGGCGGCGGCGTCCGGCCGAGCCGGCCGAGCTCGGCACTGCGGTGGGGGCGGCCCTCCTGCTGGGTGCCGGCACCGCCGCGGCGACCTTCTGGGTGGTCCGCACGCTCCTCGCTCGCGACCGGGTATCGATGCGCCCCGAGCAGCTCCCCCCCGCGCCGGAGCCCGGGAGGCTCCCATGATCCGCCGGGGCCGGCGGGTCCCGGGGTGGCGGTGCGTCCCGTGGCTCCTGGCGGTGGGGACGCTCGTCCTCTCCGCACCGCTCGAGGGACAGACCGACCGGCCCGAACTGCTCCACGTGCAGTTCGACGGCAATGCGGCCTTCCCCGACGACTCGCTGCGCCGGGCGATTGTCAATCGGCCGACCGATTGCCGGCTCTTCAGCTGGATCTGTGCCGTCGGCATCGACCTCAAGGACCGCAGCTACCTGCAGCCCCGCGAGCTCGATCGCGACGCGCTCCGACTGCAGGTGTACTACATGGAGCGCGGATACCGCGAAACGCAGGTCGACACCTCGCTCGTGCAGTCCGACGGCGGGGTGGTGCTCGCCTTCGACATCGACGAGGGGCGCCCGGTCACGATCGACTCGGTCGAGGTGTTCAGCTTCGACGAGATCCCCGACTCGTCGGTCTTCCGCAACCTGCCCATCGCGCGGGGCGACCCGCTGAGCGCACTCCTCCTGGAGGCCACGCGCGACACCCTCCAGACCCGGCTGCGCGACACCGGCTTCGCCTTCGCCGACGTGCTGGTCAACTACGACATCCCGCGCGGCTCGTACACGGCCCAGGTGATGTTCGACGTGGCCACCGGGCCGCGTTCGCGCTTCGGGCCGATCACCGTGCGAGGCAATCGGGAACTCGACAGTCTGGCGGTGCGCCGGATGCTTCCCTTCCGCGAGGGGCAGCTCTATCAGGCGCACCAGGTGGTGGAGGGGCAGCGCAACCTCTACGGACTGGAGCTGATCCAGAGCGCGCAGGTGCGCCCGGTCCTGACCGCGGGCGACACGGTCGTGCCGGTGGAGGTGGTGGTGTCGGAGGGGCAGGTGCACCGGGTGCGCGGTGGCTTCGGCTGGAATCAGACCGAGTGCCTGTCGGGCGAGGCGCGCTGGACGAGCAGAAACTTCATGGGCGGTGCGCGTCGGCTCACCCTGAGGGCGCGGCTGTCGAACATCCTGGCCGACGCCCTCGCCGCCACCGCCTGCTCGGAGGTGGGCACCGGGGTGTTCGCGGATCTCAACTGGCAGCTCGCGGGCGAGCTCTTCCAGCCCTTCGTGTTCTCGTCGCGAAACTCGTTCTCGGCCAGCGCCTTCGTCGAGCGGCAGAGCCTCAACCCCGTGTTCGTACGGCGCGCGGTGGGGCTCGATCTCGCCTTCTCGCGCTCGCTGGGCCGAGGACTGGTGGCCACCGCGGCCTTTCGCCCGTCGCTCACCGAGCTCGACGCGGCCGACCTCTTCTTCTGCACCTCGTTCGCGGCGTGTCTGCCCACCGACATCGAGGTGTTCGACGGGGCCAATCTGCTGTCGCCGGTGGCGCTGAACTTCACGCAGGATCGGCGCAACAGCCTGCTCAACCCCTCGTCGGGCTTCGCGTGGATCCTCGACCTCGAGCACGCGCGCGGCTACACGGGCTCGGACTTCGGCTACGATCGGGCGCTGGCCGAGGGGTCGGTGTACCGCCCGGTCGGCGGGTGGGTGCTCGCCGGTCGGCTGCGCGGAGGCATCGTGGGGCGCGGTCGCTTCGGCGACGTGGACGAGGATCGCCTGCAGGTGGTGCACCCGCAGAAGCGGTTCTTTTCAGGGGGCGCCAACTCGGTGCGGGGCTTCGCCGAGAATCGCCTCGGTCCCCGCGTGCTGACCACCGACGTCCAGACGCTGCTCGGCTACGCGCGGCCCGACGACGCCGGCCCCGTCTGCACCCCGGAGTCGGTGATGGACCGCACCTGCGATCCCGACGGCATGCCCGACGACGCCTTCGGCTCGCAGCCGATCGGCGGTACGGTGCTGCTCGAGGTGAATGCGGAGCTGCGGTTTCCGGTGGTGTCGGCTCTGCAGGGGGTGGCCTTCGTCGATGTCGGGCAGGTGTGGGCGGGTCGCCCCGAGGTCCGCCTCGACGATCTGGAATTCACACCCGGCTTCGGGGTGCGCTACCTGAGCCCGATCGGACCCGTGCGCGTGGACGTGGCCTACCGCTTCCGCGGCGCCGAGCTCCTGCCGGTGGCCACCGAGGGACTGCGGCCCTGGGAAGAGGGCGAGCCCGAGGCCCTGCGCCTGACCGTGCCCTGGGCGAACGGCGAGACGCGCACCCTCGACTGGGTCGCCACCGACGAGGTGAACTTTCTCACCAGTGGGGCGCGGGTCGGCGGCGGCCGCGACTTCTGGTCGCGGCTCCAGCTGCACATCTCCATCGGGCAGGCCTTCTGATGGCGCCCGACCCGTCGCCCGACTCCGAGCGCCCGCGGGCCTCCGACACCGGCCCCCCCGTCGGGGCGGAGGGGAGCGGAGCGTCCCCGAAGTCGAAGGGGCTGCGGCTGCGCGCCCGGTGGCGCCTCGTGCGCGCATCGGCCCGCACCCTGTTGTGGGTGACGGTGGGGCTCGTGGCCCTCACGGCCTTCCTCCTGCGCACGGCCGCCGGACACCGGGTCGTGCTGGGCTGGGGCCTCGACCAGCTGCGCAACCGAGTGGCGGGGAGCGTCGAGGTGGATCGGATCCGCTCGGCCGACCTCCTCTCGGGGGCCCGGCTCGTGGGGGTGCGGCTGGCCACGCCCGACGGCGCCGCCTTCGTGGAGGCCGACTCGATCGAGGCGTCGTACTCCTGGCGCGGGCTGCTCGGGGGGGCGCTCGCCTTCGACGGCGTGCGACTCTGGAACCCGCGCGTGGTGCTCGAGCGCGACTCCGCGGGAGTGGACACCTTCGCGCGCTGGTTGCGGGGCGAACGACCGGCGGGGCAGGGGGGCGGCGGCCTCTCCCTGCGCCTCGAATCGGTCCTGATCGAGAACGGCACCTTCACCCTCCGTCTGCCGGGGCCCGACGAACCGGGGGGCACCTTCCGCACCGAGCCGGGGCCCGACGGCGCACCCCGCCGAGCCATCGACCTGCGCACCATCGACGCGCATCTGCGGAGCCTCACCCTCGATCCGGAGCTGGGACTCCGCGTCGACATCGGCGAGGGATCGACCGAGCTCGACCTCCTGGACCGGCGATTCGTGCTCGACCAGCTGCGAGGCGAGGTGCGTTCGGTCGGGGCCGAGGTGATCGCCGAGCTGGACCACCTGCGGGCTCCGGGGATCGAAGGGGGAGGCACCGTGCGGGTGGATCGCAGCGGAGAGGACGGCATGGTCACCGAGATCGCCGCCGACTTCGAGCGCGCCGATCTGCGCGAGTGGCAGTGGATCCACGAGCGGGTGCCGGCCCTGGTGGGAGAGCTCGCGCTCGACGGCCGCATGGGCCCCG
NZ_CP144380.1_gap3	327438	331584	4146	TCAACGTCTCCAACCCCGACAACGCGACCTTCCCGGCGCGCAGGCTGACCGACATCGGGGGGGAGTTTCCCGCGTGGAGTGCCGACGGAGCCTCGGTGCACTGGTCGGTGGGCAACGCGCACGTCGTGTACGACCTCGACGCCGCGCAGGCCTTCGACGACTCCGTGGCCGCCGCGGCCGGCAACGCGTCGGACGACGCTCCGGACGACGACGAAGAGGCCGCGGAGGAGTCCTCGAGTGACGACACCGACGAGAGCTACCGGCCGCTCGAGTTCCGCGTCGAGGTGGACTACGCCCGCGACCGACCCGAGGGGGTGCTGGTGCTCCGCGGTGCGCAGGTGGTCACGATGCGCGGCGACGAGGTGATCGACGATGCCGACCTGGTGATTCGCGACGATCGGATCGTGGCCGTCGGCGCCCGGGGATCGGTCGACATTCCGGAGGGCGCCGAGGTGAGAGACGTGTCGGGGCGCACCATCCTGCCCGGATACGTCGACACGCACGCGCATCTCCGCGCGGCATACGGCTTCCATCGCCCGCAGCCCTGGGCCTATGCCGCCAACCTCGCGTTCGGGGTGACCACCACCCGCGATCCGCAGACGGGCAGCACCGACGTGCTCACCTACGAAGACATGGTCCGCGCCGGGCGCACGCTGGGGCCGCGCATCTACTCCACGGGTCCCGGCGTCTTCTCGAGCGAGAACATCCGCGATCTGGACCACGCGCGCGACGTGCTCCGCCGCTACTCGGAGTACTACGACACCAAGACGATCAAGATGTACGGGGCGGGGAACCGCGAGCAGCGGCAGTGGATCGTGCAGGCGTCGCGCGAGCTCGAGATCATGCCGACCACCGAGGGGGGCCTCGACTACGAGGAGAACCTCACGATGGCGCAGGACGGCTACTCGGGCACGGAGCACAACCTTCCGGGCATGCCGCACTACGACGACGTGGTGCAGCTGGTGGCCCAGTCGGGCATGGCCACCACCCCGACCATGCTGGTCACCTACGGCGGCCCCTGGGCGGAGAACTGGTTCTACTCCACCGAAGACGCGTTCGAAGACGCGCGGCTGCGGACCTTCACCCCCTTCGAAGACGTCATGCAGCGCACCCTGCGGCGGCCCGGGCCCACGGGCGCGGGCGACAACGGGTGGTTTCACGAGAACCAGTACCCCTTCCCGCTGATCGCCGACTTCGTCGATCGTGTGGTGGAGGCCGGGGGGCGCGGAGGCATCGGAAGCCACGGCCAGCTTCAGGGTCTCGGATACCACTGGGAGCTGTGGGCCATGGGCATGGGGCCCGACATGACGCCGCACGAAGCGCTGCGGATCGCCACTCTCGTCGGCGCTGCGGCGCTGGGCCTCGACGACGACCTCGGGTCCATCGAGCCCGGCAAGGTGGCCGACCTCGTGATCCTCGACGCCGACCCGCTCGTCGACCTCCGCAACAGCGACGACCTGCACCAGGTGATGATCAACGGGCGTCTCCACGACGCGGACACCCTCGACGAGGTGTGGCCCCGGGCCCGTACCGCGGGTCCGTTCTACTGGCAGCGGGAGTCGGCCGTACCCGACACCCCCGCCGGGATCCGTCGATGAGTGGCAACCGCGCGACGATCCGGCTGCCGATGGCCGAGAGCGATCGCCACCTCGTCGACCGCTGGAAGGGCGAGGAGGCCCCGCTTCTGCCGCTGCTGCACGCCTTTCACGACCGCGACGGCCACCTCTCCGAACAGGCGCTGCGGGCCGTGTCGGAGGGGCTTCGGATTCCGCTGGCCGAACTCTACGGTACCGTCACCTTCTACCACCACTTCGCGCGCGAGCCCGGGGGAGCGCTCGAGCCGAGGGTGTGCACCGGGCCGGTGTGCCGGATGCGCGGCGCGGAGGCGGTGGTGGGTGCGCTCGAGGGGGCGGTCGAGATGCCGTGCAGCGGGCGCTGCGACGACCCGATTCCGGTGCTGCGCGGGAACGAAACGTTCGTCGCGACCCCGGCTGCGGAGTTGGAGCCGCGCCCCACGCCACTGCCGCCTCCGTCCGCCGAGGGGGTGGAGGAGTGCGTCTTCCGGCACATCCGCGCTCCCCACCGCGACACCCTCGACGGCTACCGGGCCACCGGAGGCTACCGCGCGTTGGATCGCATGCTCGGCAGCGGCTCGCCCGACGAGCTCCTCGATCTCATCGACGCCTCCGGGCTCGCCGGGCGGGGCGGCGCGGGGTTCCCCACCGGCCGGAAGTGGCGAGCGGTGCGCGACGCCGACGGCGGGCCGAAGACGGTGGTCTGCAACGCCGACGAGGGCGAACCCGGCTGCTTCAAGGACCGCGTGCTGATGGACTACGACCCCCACGCGGTGATCGAGGGCATGCTGCTGGCCGCCTTCGCCACCGGTGCCACCCGCGGCTTCATCTACCTGCGCTACGAGTATCCGGAGACGGCCGACGTGCTCGCGCACGCCCTCGATGAGGCCCGGGGCGCGGGCTACCTGGGGCGGGGCGTCGACATCCATCTGCGGCGGGGGGCGGGCGCCTACATCTGCGGCGAGGAGACCTCCCTCCTCAACTCGCTCGAGGGCGAGCATCCCTTTCCTCGCAATCGTCCGCCCTACCCGGTCACCCACGGCTACCTCCAGACGCCGACGGTGGTGAACAACGTCGAGACGCTGGCTTCGATCCCGCCGATCGTGACGGAGGGCGCCGCCTGGTATCGCGGGCTCGGCTTCGGCGATCAGGCGGGCACCAAGGTGGTGTCGCTCTCCGGCGATGTGGAGCGCCCCGGCAACTACGAGGTTCCTCTGGGACTCCCGCTCGCCACCCTGCTGCACGACTGGGCCGGGGGCGGGCGCGGGGGTCGGCGGATTCAGGCGGTGACGATGGCGGGGCTCTCCGGAGGATTTCTGGCGGGCGACGATCTGGACGTCACCCTCGACGAACCTTCGATTCGCGCGAAGAAATCGTTCCTGGGTGCCGGGGGGGTCATGGTGTTCGACGAGAGCCGCGACATGGTGGAGGTGGCGCTCGACGCCATGCGGTTCTTCGCGCACGAGTCGTGCGGCAAGTGCTTCCCCTGTCGGATCGGCACGCGCCGGCTCGTGGAGCGGCTCTCGGGCGAGGCCGGGCCGCGCGAGGTGGAGAGCTGGATCGACGAACTCTCCGACCTCCATCGCACCATGAAGAGCACCTCGGCCTGCGGGCTCGGGCAGGCGGCCCCGCTCGTGACGGAGAGCCTGATCCGGTACTTTCCGGAGCGGGTGCGGACGCTCGTGGAGGCGCGACGGTAGGCCCGGTGTCGGTCCCGCTCGGGTTCAACACCGGCCCCCGCACGGGTGTCGTTACAGATGGTGCATCCCTGATTCGTTCCCGACTCTCGGTCTTCATGCCCGACGTTTTCTCGATTTCGCTCGTACGTCGTACCCTCCTGGCCGCCGCCGCCGGCGTGACGCTCGGCTCGGCTCCCCTGGCGGCCCAGGTGCCCGATACCACGACGACCCCCGACACCACCGTCTTCCGCGTGGAGGGCATTCGGGTGCAGGCCACCCGCCCGGTGACCACCGTGGGCGGCGCCAGCGCCGTCGAGATCGACCTCGACGCGCTTCCGCTTCCGCCCGCCGCCACCGCCGAGGAGGTGCTGCGCGAGGTGCCGATGGTGCACCTTCGCACCAACTCGCGAGGCGAGGCCGAGGTGACGATCCGGGGGTCGGAGTCGCGCCAGGTGGCCGTGCTCTTCGACGGAGTCCCCCTCACCCTCGGATGGGACGCCCGCACCGACGTGTCGATTCTGCCGGCCGGCGCCGCGCAGGAGGTGACCGTCGTTCGCGGGCTGAGTTCGATCCTGCACGGGCCGAACGTGCTCGGCGGGGTGGTGGAGATGAATGTCGGCCGCAGCCGCGATCGGTATGCGCCCGCGTCGCTGTCGTTCTCGATGGGCGGCGATGATCGGGGCGGCTTCGGCGGAACGGCCGTCGGATCCACGCCGGTCGAGACGGAGTGGGGTGGAGGCTCGGTGCGGGCCGGGGTCGGCTTCCGCGACTCGCCCGGCATGCCCCTGCCCGGCGGCGTGGTGGAGCCCGTGGCCTCCAACGGACTCCGTCTCAACACCGACCAGCGGAGCATCAACGGCTTCGTATCGGGTCGCTACGTGTTCGACGCGGGT
NZ_CP144380.1_gap4	337706	341673	3967	CCAAGCAACCCGATAGGGCCACGTCGGGAGCAAACGCTGAAATCGGGTGCACCTTTGGCACGATGAGGCCCATTTCCGGCCTCGTCTCTCGGCGTCTCGCGATCCCCGGCCGGGCGGTCCTGCGCGTGGAGGAGTGGAAGACCATCGCCTCCACCCCGCGAGCCATGACGCCCACGCCCCCTCCCGTCGAACGCCAGGCCGCCCCGGTCGCTCCCATCTCCCTCGTGGATCGACTCTCCGCCCCCGGCCCCAAGCGGGTACTCTCGCTCGACGGCGGCGGCATTCGCGGGCTGATCACCCTCGGCTACCTGCAGCGGCTCGAGTCGGTGCTGCGAGCGCGCTCGGGCCGACCCGACTACGTGCTCGCCGACTACTTCGACCTGATGGGGGGCACCAGCACCGGCTCGATCATCGCCGCCTGCCTGGCGCTCGGATGGCCGGTCGACAAGGTGATCGGTCTCTACCGCACCCTGGCCGCCGACGTCTTCCGGCCGCGCCGGTCACTTCTCGGACCGCTCGCCCGTCTCGTCGGCTCGAAGTTCGACGAGCGCCCGCTCGAGGAGGCGATCCGGCGCGAGATCGGGGAGATGCGGATCGACGACCCCCGGTTCCGCTGCGGCCTCGTCGTGATCGCGAAGCGCGCCGATACCGCCTCGGTCTGGCAGCTCACCAACGTGCCCGGCCACCGGTTCTTCGAGATGAACCGACACCTGAAGATCTGGGAGGTGCTCCGCGCGTCGAGCGCCGCCCCCACCTACTTCGACCCGCAGCGCATGGCCGATGTCGGGGCGGGGGAGTCGGCGATCTTCGTCGACGGCAGCGTGTCAATGCACTCCAATCCCGCGCTGCAGATGTTCATGGTGGCCTGCCTCGACGGCTTCGGACTCCGCTGGCCGACCGGCGCCGACCGCATTCTGCTCTGTTCGGTGGGCACCGGCGCACACGATGTGGCGCCCTCTCAGGAGTCGATTCGCGGCTATCGGCAGGTGCAGTGGCTGGGCCAGCTCATGGTGCAGCTGCTCCGCGATGCCTCCGACCTCGGCGAGACCATGCTCCAGTGGATGTCGCGGAGCCCCACCGCCCGCGAGATCGACCTCCAGATCGGCACCCTCGAGGGCGACCACCTCACCCCCGAGCCGCTGCTCACCTACCTGCGCTATGACGTGCCGCTCTCGGTGCAGGGACTCCACGCGGTCGGCGTCGACGTGGCGGAGTCGGAGCTGTCGAAGCTGCGTGCCCTCGACGGGGCGGACCAGGTGGAGCGTCTTCGCGAGATCGGCGAGGCCGCCGCCGCGTCGCAGGTGAGAGCCGATCACCTGCCGACCGCCTTCGACGCCCACGAACCCGGTCCTCGCGACTCGAGCGGCTCGGCGCCCGAACCCACCGCCGCGGAGCGCTGAGGTGGCTGGAGTGGTGGGAGTGACCGGGCACCGCCCGGCGGCCCTCGCGGGGGTGGATCTCGATCTGCTCGAGCGGCGCGTCGACACCGTGCTGGACGTGCTCGCCGAACTCGGCCACGACCACCTGCTGTCGGGGCTGGCGGAGGGCACGGATCGACTGGTGGCTCGGCGCGCGCTGGCGTCGGGATGGACGCTCCACGCGGTGCTGCCCTTCGAACGCCTGCGCTACGAGGCCGATTTCGACGGGTCGGGATCCCGAGCCGAGTTCGCGGCGCTCCTCGACCGATCGGCGCGGGTGTCGGTGGCCCGCGCGGGGGCGGAGTCTCGAGCCGGCGCCGGCCCTGCGGCCGACCTCGGCGATGCGGCCCCCTACGCGGCGCAGGGACGCACCCTGGTGGCCGGATCCGACATGCTGGTCGCCGTGTGGGACGGGCTGCCCGCACGGGGCCCGGGCGGCACCGCCGACGTGGTGGGGTGGGCCCGGGCGACCGGCGCTCCGGTGGTCTGGATCCATCTCCGCCCCCCCCATCGGCTGGCCGTTCTGGATGCCGAGCGCGGGGAGGCGACCTCCACCGCGGATCTGCGCCGACGGCTGTCCGCGGCCCTCGAACGGGAAGGGGGCTGAGCGACATGGAGTCGCTGTCGATCTTCGTCTCGTCGCCGGGCGATGTGGCGCAGGAGCGCATGCTCACGGAGGGGGTGATTCGGCGACTCCAGGGCGAGTTTCGTCACCGGGTGCGGCTGGAACCGATCTTCTGGGAGCACGAGCCGCTCGTGGCCACCGACTCCTTTCAGGATCAGATCGCGCGGCCGAGCGAGACGGACATCGTGGTCTGCATTCTATGGTCGCGTCTCGGGACCCGGCTGCCCGCCCGGTTCCGACGGCCCGACGGCACCCGCTACGATTCGGGTACCGAGTACGAGTTCGAGGACGCCGTGGCCGGATGGAAGGCGAACGGCCGGCCCGACCTGCTCGTGTATCGCAAGACCGCCGAGCCCTTCGTCAGCCTGCTCGACCGCGGCGCCCTCATGGAGAAGCTCCAGCAGCGTCAGGCGCTGGATCACTTCGTGGAGCGCTGGTTTCACGATCAGCAGGATGGGTCGCTCCGGGCGGCCTACCACCAGTTCGAGACCCCCGAGGACTTCGAACTCACCGTCGAGCGCCATCTCCGCCGGCTCATCGACCGCCGCGCGCCGCGCGAGGCCGACACCCCGTCGGGGTCGCAGGGGCCCGAGGTGGAGGCGCGCTGGACGGAGGGGTCGCCCTTCCGGGGCCTCGAACCCTTCGACGAGGGGCACGCGGAGGTGTTTTTCGGCCGCACCCGGGCCGTGAGCGAGGTGATCGATCATCTGCGGGCCCAGGAGGCCCGCGGGCGACCCTTCGTGGTCGTCGTGGGAATGAGTGGTGGAGGCAAGTCGTCGCTGGTGCGTGCGGGAGTGGTGCCTCTGCTCACCAGCGCAGGGGTGATCGAAGGCGTGAAGGCATGGCGTCGCGCGATCCTGCGTCCGGCCGACGAAGGGGGCGATCCCATGCTCGCGCTGGCCGTGGCACTGGCGGCGGAGGGGGCCCTGCCCGAGCTCGCGGCCTCCGGCACGACCACGCGGGAGATGGTCGAGCTGGCCCGCACCGCTCCCGGGGCGGTGGCCCCCCTGATCCGCGCCGCGCTCGACCGCGTCGACCCGGGTGCCCGCCTTCTGCTCGTGATCGATCAGCTCGAAGAGCTCTTCTCGATCCGCGGGCTCTCCGAGACCGAACGTCACGCCTTCGCCGATCTGGTCGATCGGCTGGTACGCTCGGGGCGGGTGATGGTGATCGCCACCCTGCGCTCCGATCTCTACCCGCGACTGTCCGAGCTGCCCGAGCTGGTGGCGCTCAAGGAGGGGCAGGGGCAGTACGATCTGCTGCCGCCCTCCGCCAGCGAGATCACCCAGATGATCCGGCAGCCGGTGGCGGCCGCCGGTCTGGCGCTGGAGGTCGATCCCGGCACCGGACGCCGGCTCGAGGATCGCCTGCTCGACGCGGCGATCGGGCGTCCCGGCACGCTGCCGCTGCTCGAGTTCACCCTCGAAGAGCTCTACCGACGGCGCCGTCCCGACGGCACGCTCACGCTGGAGGCCTTCGACGATCTCGGCGGGGTGGAGGGCAGTCTCGCGCGGCGCGCCGAAGAGGTGTTCGAGTCGCTCCCCGGCGAAGTGAAATCGGCCTTCCCGCTCGTCATGCGTCAGCTGGTCACGGTGGTCGAGAATGCGGAGGGCACCACCCTCGCCGCCCGTCCCGCCCCGCTCGAGCGGCTGCGCGACGACGACGATGCCGCCCGTCTGGTCGACGCCCTGATCCGTGCGCGGCTGCTCGTGACCGATCTCGCGCAGGAGGGGGGAGCCGTGGTGCGGGTGGCCCACGAGGCGCTGTTGCGGCACTGGCCCCGGCTCACCGAGTGGCTGGAGGGCGATCAGGAGCTGCTCAAGAGTCGGGCGCGACTCCGCGCCGCCGCCTTCCGATGGGCCGAGGCGGGGCGCGACGACGACCTGCTCCTGCAATCGGGCAAGCCGCTCGAAGACGCCCGCGC
NZ_CP144380.1_gap5	350565	351414	849	GGCCGCCGGATCGAGCGCGGTCCGCTCGAGGGCGTCCTGCATGGCCGCGGCGGACGAGAAGCGGGCTTCGGGTTCCTTGCGCAGGGCGCGGTGCACGAGATCGCACAGTGCGATCGGCAGCTTGGGCCGGAGCTCGCGCAGGGGGCGGGGCGCCTCCTGCACGTGCTTCAGCGCCACCGAGAGCGGGTCCTCGCCGGTGAAGGGCACCTGCCCGCCGAGCATCTCGTAGAGCACCACGCCCACCGCGTACAGGTCGGCCGCGGCGGTGACCGGGCGGCCCTGCGCCTGCTCGGGCGACATGTAGTAGGGGGTGCCCAGCATCACCCCCGTGCGGGTGCGACTTCCCGAGTCGCGCATGTGGGCGATGCCGAAGTCGGTGAGCTTGGGGCGCCCCGATTCGGTGAAGAGGATGTTGTCGGGCTTGATGTCGCGGTGCACCACACCGGCGAGATGCGCCGCGTGCAGCGCGGAGAGCACCGGGGCCATCACCTCCACCGCGCGGGTGGCGGAGAAGGGCGAGGCCGAGCGCATGCGGTCGCCGAGCGACCCGCCGCCCACGTGCTCCATCATGATGAAGGAGTGACCGTCGGCCTCCTCCACGTCGTAGATGTGCACGATGTTGGGGTGGGCCAGGCGCGCGAGCGTCAGCGCCTCACGGCGAAATCGCTCCTGGTTCTCGGCGTCGGCGAGGTGCGCCGGGAGCATCTTGATCGCGACCGTGCGATCGAGGGTGACCTGGGTGCCGCGATACACGACCCCCATGCCGCCCCGACCCAGCTCGTCGTCGATCCGATACCGCCCGATCTGTGTGCCGATCATCCGTCCGCTCCTGAACCCGTGGCTGGGCCT
NZ_CP144380.1_gap6	362552	363760	1208	CTCCATGTAGTACCAGGGCCGGGAGCGGAGTCCCCGAACATCGTTCACACGGCGCCAGCTCGCGCCCGCGTCGTCGGACCGAAACACTCCGCCGTCGGGCTCGGCCTCGACGATCGCGTACACCACGTCGGGATTCGCACCCGACACGCTCACCCCGATCTTGCCCATCAGGTCGGGCAGGCCGTTTTCGAGCCGGGTCCAGCTGTCGCCGGCATCGGTGCTCTTCCAGATGCCGCTGCCGGGGCCGCCCGAGCGCACCTCCCACGGTTCGCGCACGTGGTCCCAGAAGGCCGCGTAGAGAATGCGGGGATTGGTGGGGTCCATGCTGAGCTCGGAGGCCCCCGCCGTCTCGCTCACGTAGTGAATCCGCTCCCAGGTCGCACCACCGTCGTGCGAGCGGTAGACGCCCCGCTCCTCGGAGGCCCCGTAGGGCGCCCCCTGCGCGGCCACGTACACCACGTCCGGGTCGGTGGGGTGCACGACGATGCGGCTGATCGCCCGGGTGCCGTCGAGGCCGAGATGCACCCAGCTGCGGCCGGCGTCGGTGGAGCGATACACGCCGTCGCCGTGACTCGTGGTGACGCCCCGCGGGGCGTGCTCGCCCATGCCCACGTAGACGACGTTGGGGTCGGAGGGCGCCACGGTGATCGCGCCGACGCTGGCGGTGCGCAGCTGGCCGTCGCTCACGTTCTCCCACGACATGCCGGCATTGGTGGTCTTCCACACGCCGCCGCCCACGGTGCCCTGGTAGTAGTGCCGGTCGTGACCGGGCACGCCGGCCACCGCCACCGAGCGTCCGCCGCGGAAGGGCCCCACGAGGCGCCAGTCGAGGGTGGCGTAGTGGGCGGGGTCGACGAGGGGATCGCCGGCCTGACCGGCGGTCGGGTACGCCGCGACCGGAACGGTGGCGAGGGCGCCGAGCAGCAGCAGAGGCAGGGGGCGTCGGGTCATCGGGCGTGCCATCGCGACTCGAGGGAACGGAGGAGGGATTCGGCCTCCGGCCAACCTGCGCCCCGCGGTAGCGCCCGGCAACGTCACCCGGCCCGGGCCCGAGTCGGAGTCCCCGTCAGAGTGGCTCGTACCGCGCGATGGCGGCCTCGATGATCGCGTGCGCCCGGTCGCGGCCCTCCCACCCCTGCACGGAGATCCGCTTGCCCTCGAGATCCTTGTAGACGCGGAAGAAGTGCTCGATCTCGCGCAGCAGGTGC
NZ_CP144380.1_gap7	369197	370538	1341	TTGCCGAGGCGCTGCTCGGGGTTGTCGAGGTCGGGCCAGGTGGTCCAGTTGCGGCGCGCGCCGATGAAGCCCTCCGGCTGGTTGGGCCGGATGTTCTTCGACTCCCCGGTGACCAGGTCGATGCGCTGCAGCCCGAGGTACTGCGACTCGTTGTAGAGAATGCGGTTCGTGGTGGTGTCGAACACGTTCCGGAAGCCGTCGCCGCCCCCGGTCTTGATCCAGTCCTGATCGAGAATGCCCTCGTTGCGCCAGGTGGACGACGGTCCGCACCACGACCCGTTGTCCTGGAGTCCTCCGCAGATCCGGAAGGGAAACGAGTTGTCGAGTCCGATCCGGTACCACTGACTCACCGGCAGGTTCGTGACGTAGATGAAGGTCTGCCCGCGGTTCCACGACAGCCCGAGTCCGCCGTCGTCGGCCTTGATCACATGGTCGGAGTTGGCCGGATCCACCCACACGAGCCGGTCGTCGCCGTGCAGCGTCTGCCGCGGCACGGTGAAGGTGCGTCCGCCGTCATCCGACCAGGAGTAGGAGTTGACCATGTAGATGCGCTGGTCGTCGTTCGGGTCGACGGTGATCTGCGACGCGTACATCGGCCGCGGATTCCAGTCGGACATGTGCTCCCACGTCTCGCCCCGGTCCTCGGACCGGTAGATGCCGGCGGCGCGCTGCTCGTAGGCGGTGGAGGCGTTGTACCGCTCGCCCTGCTCCACGCTCACGTACACGATGCGCGGGTCGGAGGCGTAGACGTCGATGCCGATCCGGCCGATGTCGCCGGTGGGCAGTCCATTCTCGAGTCCCGCGTTCGTGAGCTTCGTCCAGGTGTCGCCCCCGTCGGTGCTCTTCCAGAGCGCGCTGCCGGGGCCGCCGCCGTGGAATCCCCAGGGGCGCCGCTCACGCTGATACGATGCCGCGTACAGGATCGAGGGATCGGAGGGATCCATGATCACATCCACCACGCCGGTGTGCTGGTCGACGTGGAGCACGCGCTCCCAGGTGGCACCGCCGTCGGTGGATCGGTAGAGGCCGCGCTCCTCGTTGGGGCCCCAGAGGTGGCCCATGGCGGCCACGAACACGATGTCGGGATCGTCGGGATGCATCCGGATCCGCCCGATGTGCTTCGAGTCGGGCAGCCCCATGTGGGTCCAGCTCTCGCCGCCGTCCGTCGACTTGTACACGCCGTCGCCCCAGCCCGAACTCTGGCGGCTGGCGCGCTCGCCGGTGCCGACCCACACCACCGCCGTGTCGCGCGGGTGCACCGCCACATCGCCCACCGAGTGCGTACCCTCGTCGCGGAAGACGTCGCTCCAGGTGACCCCGCCGTCGACCGTCTTCCACACG
NZ_CP144380.1_gap8	372794	373798	1004	GCGCTCCCGCAGGGCCTCGCCGAGCCGCAGCGTCTCGGTGTAGGGAATCAGGTCGTCGCCCCGTCCGTGGAGCAGATGCACCTCCGCCCTGGGGGCGCCCAGATGCGCGCCCGGGTCGGCCAGGGGCTCGGCGGCGCGCCCGGCGGCGGCGAGACGGGCCGCCCACTCGCGCGCCTCGGTGTCGTCGAAGGCGGGATCGTCGGCCGCCGGCGGTGCGAACCGTCGGAAGAGGGCGCGGTCGCCCGTCTCCAGTCCGGCCTCGAGTCGGGTCTTCACCGGGTCGAAGGCCGGGTCGATCGAGGGCAGTTGCCGGTCGCCGGCCTCCCGCGCGAGCGCCCGCAGCGCCTGCGCCACGGACCCCGCGTTCTCGTACCCGGCGACACCGGTCAGGAAGTTGGCCGCCACGATCCAGCGGCCGTACGGGTCGGGGCGACGGGCTTCGGTGCGGCCGGCCCATTCGTGGTGTCCCGAGAGCAGGTAGCGGAAGGTGCGCTCGAGGTCGAAGTAGCCACCGAACCCGGCCACCGAGTGGAAGCGGTCGGCGAGATGCGGCCGCCCGGCGGTGATGAGTGCCTGCGGCGCCCCGAACGAGAAGCCCATCAGCCCGGTGCGGGTGTGGGTGCCGTCGGGGGTGTCGAGCGCCGGGGGCGCGGTGCGCTCGAAAGGCGCCGTGTCGTCGGAGGGGCCGGTGTGCTCGTCGAGCGCCCGCAGCGCGGCGCGCACCGTGGGCGCCGTCCGCCCCGGCGCGAGGTCGAGGCCGATCCACTCCGGCACTTCGGGTACCAGAACGGCGGCGCCGGTGGCGGCCAGCGATCGGGCGAAGCGGAGCAGTGAGGGGTGGTGGCGGCCGGGCCGCGTGATGCCGTGGAGCACCACCCACCGGACGGAGGGCTGCGGGTCGTGGCGGGGAAGGAAGAGGGTGGCGGGCACCGACCGGTCGCCGCGATCCACCTCGAGTTCGCGCTCGGCCACCGGGGGGCCCCCGGCGCGCCAGGCGTTCAGGT
NZ_CP144380.1_gap9	375367	376822	1455	GCAACGCCGCTTCGACGCATGCCGCCGCCCCCGTCAGCAGGGCCCCCACGGCCACCGCGTACAACAGGTGGAGCAGAGTCATCGGTCGCCCTCCTCCTCGTCGACCGCCCGATCCAGCTCGTCGAGAATCGCACGCATGCGGGCGATCTCGGCCGGATCCGGCGGCGCTTCCGACACCAGCCGGGCCAGCGCCAGTTCAGCCGACCCGTCGAAGACGGTGTCGAGCAGCCGGCGAAGCGCCGTGTCGCCGGCCTCGGCCGCGTCGGTCACGGGGTGGTAGCGGTAGGCGCGGCCCTCGCGCTCGTGGCGCACCGCACCCTTCTCTTCGAGGATCTGGAGCTGCTTGAGCACCGTCGTGTAGCCCACCGGACGCGCGAGTCCCTTCTGCACGTCGGCGACGGTGCCGGACCCGAGGCGCCAGAGCACGCCCATGATGTCCAGTTCCCGGTCGGTGAAGTCGGTTGGATTCGTCATGGAGTCCTATTTACGAAGTCTTTCGTAATAATGCAAGGGTCGGCTCCCGCGGGTCGGAACCCGGGGTAGGGGGCGGGGTGCTATCCGCATGGCCCTCTCCCGGGACGAACTCGTCCGCTACGCCCGTCATCTGGCTCTCCGCGACGTCGGCATCGAAGGGCAGGAGCGTCTGCGCGACAGCCGCATCCTTCTCGTCGGCGCGGGGGGGCTCGGATCCCCGGCCGCCCTCTACCTCGCGGCCGCCGGTGTCGGCACCCTCGGCGTGGTCGACGCCGACCGGGTCGACGCCACCAATCTCCAGCGGCAGATCGCCCACGGCACCGCCGATCTCGGGCGCCTCAAGGTGGAGTCGGCGGCCGAGCGGATCGGCGATCTCAACCCGCACGTGCAGGTGGTGGAGCATCCCGTCCGGATCGACCGCACCAACGCCCTCGATCTGGTGAAGGGCTACGACCTCGTGATCGACGGTTCCGACAACTTCCCCACCCGCTACCTCGTGAACGACGCCTGCGTCTTCACGGGGGTGCCCTTCGTGTACGGCGCGATCCTGCGCTGGGACGGCCAGGTGTCGCTCTTCGCCACCCCCGACGGGCCCTGCTACCGCTGCCTCTTCCGCGAGCCGCCGCCGCCCGGACTCGTGCCGTCGTGTTCGGACGCCGGCGTGTTCGGCGTGCTTCCCGGGGTGATCGGGTCGATGCAGGCGCTGGAGGCGCTGAAGTGGGTGCTGCGCACGGGGGACTCCCTCGCCGGCCGCCTGCTGCTCTTCGACGCGCTCGAGTCGCGGTGGCGCGAGATCGAGGTGCCCCGGGCCCCCGACTGCCCCGTCTGCGGGGAGCATCCGACGATCACGGAGCTCGTCGACTACGACTTCTTCTGCGGGGTGTCGGCCGACGGTCGGCCGCTGACGCGGGAGGGCGAGCTGCCGCACGAGATCGAGGCCGAGGAGCTGCATCGGCGACTCCGTTCCGAAGCACCTCCGCT
NZ_CP144380.1_gap10	380142	383625	3483	GCCCTCCTCACGCGCCCCGATGGCGCCGGAGGTGATCTCGTTTCCCGCGACCCCGCGATGGTGATGAACGCTCGCATACGAAGCCTTTTCCTGGCGGCCCTGGCGCCGCTCGCCGCGGCCCCGCTGGCCGGGCAGACGCTCGACGAGGACTGGCTCGACGCCATGGAGTGGCGCTCGATCGGTCCGGCCAACATGTCGGGTCGGGTGACCGACGTCGAAGGGCTGCCCAGCCCCTCGAAGACCTTCTACGTGGCCTCGGCGGCCGGCGGAATCTGGAAGACGACCAACAACGGCGTCACCTTCCGCCCCCTCTTCCAGAACGAGCGGGTGACCGCGATGGGTGATCTCGCGATCGCTCCGAGCGACACCCTGCAGATCTGGGCGGGCACCGGCGAGGAGGACTCCCGCAACTCGATTTCGCCCGGCGGCGGCATCTACAAGTCGGTCGACGGCGGCCTCACCTGGGAGCTCAAGGGCCTCGAGGGCACCGAGCACATCGGCCGGATCCTGGTGCATCCGACCGATCCCAACACCGTGTGGGTGGCCGCGCTCGGCCCGCTCTGGCGGGAGGGCGGTGACCGCGGGGTCTACAAGACCACCGACGGCGGCGACAGCTGGCGGCAGGTGGCGTCGGTGAGCGACCGCGCCGGTTTCGTCGACATCACGATGCACCCCGACGATCCGAACGTGCTCATGGCCACGAGCTGGGAGCGCATCCGCGGGCCCTACTACCTGCAGTCGGGCGGCCCGGGCAGCGGCATCTGGCGCAGCACCGACGGCGGTGAGAACTGGACCGAGGTCGAGGGCGGCGGCCTGCCGACCACCGAGCTCGGCCGCATCGGCATCGACTACGCGCCGAGCGACGGCGACGTCGTCTACGCCATGGTCGAGGCGGCGGCGCCCTCCGAAGACGAGGGCCGGCTCTCGGGGCTCTACCGTTCGGAAGACGGCGGCACCACTTGGGAGCGCAAGAACGCCTACAACTCGCGGCCCTTCTACTACTCGCAGGTGACGGTCGACCCGAACGATCCCGACCGCGTGTACTTCTCCACCTTCGAGTACACCGAAGACGGGGGCGCCACGCACGCCTCGGCGGCCGGCGACGTGCACGTCGACTTCCACGCCTACTGGGTGGATCCGGCCGACTCCGACCGACTGGTGGTCGGCAACGACGGCGGCATCGCGATCAGCTGGGACAAGGGTGGCAACTACTGGTTCCCGAACCACATGGGAGCCATGGGCCAGTTCTACAACATCAGTGTGGGCATGGGGACTCCGTATCGCGTCTGCGGCGGGTTGCAGGACAACTACACCTGGTGCGGACCGTCGCGGAAGACGAACGGGCCGATCACGAACCACGACTGGTTCCGGGTGAGCGGAGGCGACGGCTTCGTGGCGCAGCAGGATCCCCGCAACCCCGACATCGTCTACTCGGAGTCCCAGGGTGGAAACATGGGTCGCTCCGACCTGTCCACCGGACAGCGCAGCTCGCTGGGCCGTCCGAACTGGCGCAACGGCTACCGGGTGATGCAGGACTCCATCGCGATGCTCTGGCCCGACAGCACGCAGCCGATGCCCTCGCAGCACCGGGCGCGGATTCAGGAGCTCCAGGCGCGCGCGACCGCCGATTCGGCCGCCATGGCGCTGCGCTACAACTGGAACACCCCGTTCTTCCTCTCCCCGCACGACCCCGATGTGGTGTACGCCGCGGGGAACCGGGTGCTGAAGTCGACCGACATGGGCGACAACCTGATCCCGATCTCGCCCGACCTGAGCCGGGCCGACGCGGAGAAAATCCGCATCAGCACCGAGGAGACGGGCGGGGTGACCCCCGACCTGACCGGCGCCGAGACCTTCGCCACCATCGTCTCGCTCAACGAGTCGCCGGTGCAGCAGGGGCTGCTCTACGCCGGTACCGACGACGGCAACCTCTGGATGTCGCCCGACGACGGCGGCCAGTGGATCGACCTCACCTCGCGGGTGCCGGGCGTGCCCGACGGTACCTACGTGAGTCGCATCGAGCCGTCGCATCACGACGCCGACCGGGTGTACGTCACCTTCGACAACCACCGGCGCGGCGACTTCACTCCGTACGTGCTGGTGAGCGACGATCGCGGCGAGAGCTTCCGCTCCATCGCCTCCGACCTGCCCACCGGCAAGCCCGACTTCGCGCACGTGATCCGCGAAGACCTCGTGAATCCCGATCTGCTCTTCGTGGGCACCGATGTCGGGCTCTACGTGTCGCTGGATCGCGGCGGCTCGTGGCAGCCCTTCATGAACGGCCTGCCCACGGTGCCGGTGCACGACCTGGTGATCCACCCGCGCGACGGTGAGCTGGTGGCGGGCACGCACGGGCGCTCGATCTGGATCGCCGACATCCGGCCGCTCCAGCAGTACGACCGGGTGATGATGGCGTCGGACGCGTACCTCTTCTCGCCGGCGCCGGCCTTCCACATGGGCATGCAGCCGACCGGGGGAGAGTTCACCGCGCAGTCGTACTGGCAGTCGAACAGCCCGCCGTCGGGCGCCCGCATCCAGTACTGGATGGGTGAGGGTGTGGACGACGACGTCGAGATCGAGATCCGCGACGCCACCGGTGGCGTGGTGCAGACCCTGTCCGGGTCGAACCGGCCGGGGCTGCACGCGGTCAACTGGAATCTGCGCGGCGAGGGTGTGAGCCTGCCCCTGTCTCCGTCGGAGCGTCGCGACAGCATCGCCGTGGCCAAGCGCCTCGACACCGTGGTCGATTCGCTCGAGAACGCCGGCCACGACCGCGACGAGATCGACGAGGTGGTCGAGCGCCTCACCTCCGGGGGTGGAGGCGGAGGCGGAGGGTTCGGCGGTGGCGGCGGGAATGCCGGTGTCCCCGAGTTCGAGGAGCGCCCCGCCGAGGGCAACATGCGCTCGACGCTGCCGTCCGACGACGACGAGGAGGAAGACGAGCCGTCTCTCCAGCAGATCATCCAGCGCGCGGTCCGCGGCAACAGCGGCGGCGGGCGGTTCGGCGGAGGCGGGCTGTTCAGCCGCCGGACGCAGAGCGGCGCCATGGCGCAGCCGGGTGCCTACACCGTGGTGCTGAAGGTCGGCTCGCGGGAGTTCGCGCAGCCGCTCGTGGTGGCGCTGGGCGACCCGGCGCCCTCGCTCTTCGAGTGAGGACGGACCCCCGCCCGAATCGGGCGGGATCGTGAAGCACGGCCCGGGGGCCCCCGTTCGGCGGGGGTCCCCGGTGTCGTTTCAGCGGGAGGGGAGTCCCTTGCGATCGACCGCCGCGAGGAATGAGGCGGGGTCGAGCGGGCCATGCGGGACCCGCCACCGGGCGATCTTCCAGCGCAGGCGCGCCAGGCCCCGTGGCTTGCGACCGAAGGCCACGAAGGGGATCAGCCGCGCCATCTTCCGATAGAGGCGCAGGTTCGCCTCCCGGTGGGAGGCCGCGTCGGCGGGGTCGTGGTGGAACTGCGCCCAGGCGATCGACCCGCACAGCCC
NZ_CP144380.1_gap11	386830	387860	1030	GGTGCGGCCGCCCGACCTTTCTGCGCGCACTGGTCGACGAGACCGGGTGCCGGGCGGTCGGCACGGATGTGAGCGACGAGGGGTGGAAGGGCGAGCACGCCCTCGCGCGCGACCTCGATCTGCGCACCGGCGAGCTCGAAGAGTTCGCCTTCGACGAGTCCTTCGACCTCGTCACCATGTGGCACTACCTCGAGCACGACTACGCCCCGCACCGAACCCTGCGCACGGTGCGCGCCCTGGCGGCCCCGGGGGCGCGGCTGGTGATCGAGGTGCCCGACCACGACTCCTGGTCGCGCAGGCGCTACGGCGCGGAATGGGCCGGCTACCACACGCCCCGTCACACGGTGCTCTGGGACTCCGCGTCGCTCGGGTCGGCGCTCGAGTCCGCCGGATGGCAGGTGGAGGCGATCGAGCCGGTCGGCTCGCTCGACGCCTGGACGCTGGCCTGGATGAGTCGCCAGGAGCGGCGGGGCATCGACTGGGCGGACTCGATGGAGCCGCACTTCGCGGGGTTCCTGGCCGGTCGGGCGCTGCTCTGGCCGCTGATGCGGGCGTGGGAGCGGTTGCGCGGACGGCGGGGAACCGGGGTGCTGACCGCGGTGGCGAGGGCGGCGACCGACGGCCGGTGAGCCCGGGGCCGGGCGGCCCCATGTCGCCGGTGTCGTCCGCCCCGCGGCCGCGGGGCGGCACGTTTTGTTGCGTTCGTGCACGCTCGCCGGGCCATTGGAGAATAATCGACCATATACGGGACGTTTGCTGCAGCGGCGCCGGAGCGAGCACCACGAGTGCCGCATTTCGTGCCGTATACGGGACGATCGCTGCAATGGCGGTCACAGGGTGCACGAGGGCGACGTTTTCTTCGGCACCCGGCACCCGGCACCCGGCACCCGGCACCCGGCCCGCCCTACATGCCCCGCTTCGACAGGTGGAACTGCACGATGCGCCAGGCGCCGTCGGTCCGGACCCGGGTCTCGGAGTAGCGCCAGGGACCCTGGAGGGTGATCCCGCCCGGGAGCACGAGCTGGCCCTC
NZ_CP144380.1_gap12	400960	404358	3398	GACCTCGACGTCGACCCCGCCGCGGTCGAGGCCGTGGGCACCACCCCGGTCTGGCTGATCGAGGGCGAGCCGAACCGCACCCGCGTCTTCCGCACGCTCTCGCTCATCGCCGCGCACGCCCGCCGGCGACTCTGGATCACCGACCCGTACTTCGTGGCCCCGCGCCCGGTGTCGGAAGCCCTGGCCGCCGCCGCCTCCAACGGGGTGGACGTGCGGGTGCTCGTGCCGGCGCACAACAACTGGCCCTGGGTGGGCTCGCTCTCGCGAGGGGGCTACCGCTTTCTGCTCGAGCACGGGGTGCGGCTCTTCGAGTGGCAGGGCGCGATGATCCACGCCAAGACCTCGGTGGCCGACGGGGTCTGGTGCCGCGTGGGCTCGAGCAACCTCAACGCGGCCTCGCTGCTCGGAAACTGGGAGATCGACGTCGGGGTGCTCGACGCCGAACTCGCGGGTCAGCTCGAGGGCCTCTTTCTCGCCGACCTCGCGAGCTCGGTGGAGATCATCCTGCCCTCCGTGCGCCCGGTCGCGCCCGAGCGGGTGCGGGGAGAGATGGACACTCCGGTGACCTCGCTCGACCCCGAGGGGAGCGTGCCCGAGCGGCTCGTGGGGGAGCTGCGGCAGCGCACTTCGGGGGCCAAGGGCGGGTCGACCGGCTGGCGCATCGCCGACTTCGTGCGCGCCGGATCGATCTTCGGCGACGCCCTCGCCGGCCATCGTCCGCTCGGCCGCGAGGACCGGACCGTGCTCGGCACGGTGTCGATCGGCGCCCTGGTCCTGGCGGCCCTCTTCGCCTTCGTTCCGCAGGTGGCGGGGTGGTTCCTCGCCTTCGTCCTGGCCTGGTTGGGGATCACGGGCGGAGCCCGCGCCTTCCTCGCCGCTCGACGGGCCCGGGAACACGACGCGTCGCTCGCGGCTTCCCCCTCCGAACCCGCGCCCCTCCCGCCCCCCGATTCCCCTTCGGAACACCCCGATCCATGACCGAGATCAGCGTCTTCATCGCCGTCACCGCCGGGCTCCTGTCCTTTCTGTCGCCCTGCGTTCTGCCGATCGTGCCGAGCTACCTCTCGTTCGTGACGGGCATGACCCTCGAGGACCTGCAGGAGAGCACCGATCGTCGGCACGTGATGGTGCACTCGCTGCTCTTCGTGGCGGGCTTCAGCGGGGTGTTCATCATTCTGGGGGCGAGCGCCTCCTTCCTCGGGGTGTTCTTTCAGGCCTACGAGGAGTGGATCGCCCGCATCGGCGGGGTGCTCATCATCGGGCTCGGGCTTCACCTGATGGGGGTGTTTCGGATCCTCCCGCTCCTCCGCGAGCGCCGTGTGCAGATGTCCGACAAGCCGTCGGGCCACCTGGGCACGCTGGCGGTCGGGGCGGCCTTCGGCGCCGGCTGGACGCCCTGCATCGGCCCCGTGCTGGGCGCGATCCTCACCCTGGCCAGCACCCAGGAGACGATCTGGTCGGGGGTGGGACTCCTCGCCGCCTACTCCGCCGGACTCGCGATCCCCTTCCTGCTCGCCGCCCTCGCCCTCGATCGCTTCCTCAACACCTTCAAGCGGATGCGCCGCTGGATTCCGGTGCTCGAGAAGGCGTCGGGTGCGCTGCTCGTGGTGCTGGGACTCCTGCTCGTGACCGGGAGCTTCACCGTGCTCACCGGCATTCTGGCCCGCTACACCCCCGAATTCCTGCTCGAGCGGATCTGACGGAGAGCGCGCGGCACCCCTACTCCGACCGCAGAGCCACGGTCGGGTGCATCCGACTGGCCCGATGGGCGGGGATCGTGGTCGCGACCGACACGACCACCAGGAGGAGCAGGGTCACGCCGGCGATCACCCAGGGGTCGGACGGCTCCACGCCGAACAGCACCCCTTCCAGCACCCGCCCGCCGGCGAGCACGACGAGTACCCCGACGAGGAGTCCCCACAGCGAGGGGGCGAGACCCTCTTTCACCAGGAGCCGGGTGACTTCGTCGCCGGTGGCCCCGAGCGCCATCCGGATGCCCACCTCCCGCTGCCGTCGCGAGACCAGGTACGACACCACCCCGTAGAGTCCCACCGAAGCCAGGACGACCGCGAGGGCGGCGAAGAGAGACATGAGCGTGAGGTAGAAGCGGGTCACGGCGGTCTCTTCGTCCACCGATTCGCGCAGGGTTTCGGGCTGTCGCATGGGCACGTCGGGGTCGAGCGTGCGCAGGATCTCCCTCGCCGGGGCGAACACGCCGGCGGTGAGGCCCGGCGCGGTCCGCAGGTGAACGTGGAGGAAGCCCGGGCCGAACTGCGCGACGGGCATGTACACCCCGGGCTCGGCCGGCGTTCGCGGGCCCGCCGTGCGCACATCTCCCACGATGCCGACGATCTCCCACATCGGCTCGAGTTCCCCGTCCCAGTCGCCGTAGCCGAAGTCGACGGTCAGGTGCACGCGCCGGCCGATGGCCTCCTCGCCCGGAAACACCGTGCGGGCGAAGGTCTCGTTGACCAGGGCCACCGGTGTGCTGGAGCGATCGTCGGCGGCGGTGAGGGCCCGGCCGCGAATCAGGGGCACTCCGATCGCGTCGAGAAAGCCCGGGGTCATCGGCCGGGCCTCGGCCTCTTCGCCCTCTCCCGGGGCCGGCTCGGGTCGGCCGTCGACGATCACACCCACGGTCGCGCGGCCGGGGGCCAGGGGCGCTCCGAACGACGAGCCCACGTGCTCCACGCCGGGGAGCGCGGCCAGACGCGCCTCGAGTTGCGAGAAGAAGGTCACGGTGGGCTCGAGTTCCTCGTACCGCGAGTCGGGCAGCACCACCCGGAATCGGGCCACGTGGTCGGCGTCGTATCCCAGCTCCTCCGCGTACAGCCGCTGGAAGCTTCGCATCAGGAGCCCGGCGCCCACCAGCAGCACGAGCGACAACCCCACCTCGGCCGCCACGAGCATGCGACGGCTCCGCGTGCGCCCTCCGAGCGTGCCCCCACGGTTGCCCGCCACGAGGCCGGTGAGCCCCGAGCTCCGGGCCGCGTTGAGGGCGGGGAGCAGTCCGAACAGCACCGCGACCACCACCGCGATCCCCGCCGCATACATCAGCACCGAGCCGTCGATGGCGACTTCGTCGATCCGCGGCACCGCGTCGCGGGCCATCTCGCGCAGCCCGGACACCGTCGCCCAGGCGATGCCCACCCCCGCCACCGCGCCGGCGCCCGACAGCACGGCGCTCTCGACCAGCATCTGGGAGCCGAGTCGGCCGCGTCCCGCCCCGAGCGCGGCCCGGACGGACATCTCGGTGGCGCGGGTGGCCGACCGCGCCAGCAGGAGGTTGGCGACGTTGGCACAGGCGATCAGGAGCACGAGGCCGACCGCACCCAGCACCAGCAGCAGCCCGGTCCGCACGTCTCCCACGGTGTAGGCCGCCAGACCTTCGGCTCGAA
NZ_CP144380.1_gap13	411951	415045	3094	GCCTTCGAGATCGCCGCCGGAGCGCGACGCTACCAGGGCAACTACCGAGACCCCGAGGTGCGCGCGCTCGGCGAGGTGGCCATCCGGTGGATGCCGTCCGCGCGATGGGGCATCGGGCTGAGCGGGTCGGCGGGCGAGATCGGTGCCGACCGCGCCTTCCGCTCCACGGCCGCGTCGGGAGCGCTCGATGCCGTGCTGCACCTCATGCCGGCCGCGCGCACTTCACCCTTCTTCCGGGTCGGGGTGGGGGTGCTCGCGCCGGCCGTGGAGTCGCCGGGTACCGAGATCGGCGAGGACCTCTTCCCCTTCGCGATCCTCGGCGGCGGGCTCGAGCATCTGGTCGGCGACCGCACCGGGCTCCGCATCACCTTCGCCAATCACTACCCCTTCCTCGACGGCCTCGACGGGGTGGAGGAGGGCAGCGGCCACGACTCGATCTGGAATCTTTCCCTCGGACTGGCCTGGTACCGATGAGCCCGCGCATCGTCGGGCTCCTCGGGGTCGCCCTCACTCTGCTCCCCTCCGCCGCCACGGGTCAGACCGCGGCGTCGGAGGCGCTCATCCAACAGGTGGGCGCGCCGGGCGCGACCGACGCGCAGACGCTCGGGGTGCTCACCGGACTCGGCTTCGACCCGGGTACCGCGCCCGACCTCGTCTCCCCCCTCATCGCCGCGGCGCTGTCGGGGGGGCTCGCCGCCGGCAACCACGCGGTGATCGACCAGTGGGGGGAGGGGCATCGCGCAGCGATCCATCAGCGCGGTACGAACCTCGTGGCGGGCGTCGCTCAGGAGGGCGTGCGACAGGTGGCCGACATCCTTCAGGAGGGGTCGGGCCACCTGGTGGGGCTCTGGCTCGAAGGCACCGACAACGCCGTGCAGGTCACGCAGCGCGGTGCCGACAACCGCTACTTCCTCGACTTCCGGGGCGACGCCCTGCGGCACACGGTGGTCCAGCAGGGCATCGGCCTGCGGGCGATCCAGCTCGGCCGGGTGGCCCAACCCTTCGGCATCGTCCAACGCGGTACGGATCTCGAGATCCGGATCGAACACCACGACGGGAATCACGAATGACAGCCTGTACTTCGACGCCCCACCGCCGTCGTCTCCTTTCGGCGCTCGTCGCCCTTCTCGCCGCGGCCGCCCTGGCCGGCTGCAAGGACGCCACCCTCGGCCCCGAGGTGCAGGGCGGCATCGAGGGGCATGTGGTCGACTTCCGAACCGGGGCCGCCGTCGCCGGCGCGAGCGTGACCACCGCCCCCCCGTCCGAGGCCATCCTCACCGACGGCTCGGGGGCCTTCGTGCTCGACGGGCTCGAGGCGGGCACCTACCAGGTGACCGTGCGGAAGGCGGGCTACTCGCCGTCCACGGTGTCGGTGTCGGTGCGCGAAGACCGGGTGGCCCGCGCCTCCGTGCTCCTCGAAGAGGACTCCGAAGAGGCCGAGCCCGCCCCCCTGCTCGCGGCCGAGGTGGTCGAGTTCTGGAACGTCACGAGCGGAGACTCGGCCTTCGTCGAGGTCGAGTACCGCGTCCGCAATCTCGGGTCTGTCGCCACCACCGCCTACGAGGTCTACTTCCAGATCCGGGTGGGGGCCGCCTCCTACTTCCACGAAGAGGGGGCCGAGGGTCTCGGTGTCGGACAGGCCGACGGCGGTCGGTTTCGGACCTGGCTGCCGCAGTCGCCCGCCTCGGCCGTGATCGTCGACGGAGTGTGGAGCGACCCGCCCGGGTCGACCCCTGCGGACTCGACGGGCGGGGCAGGGGGCGCGCCACCGGGACGTTGACGCGACTTTGACGGGTGTGGCTCACCGTGGGCTCCATGATGGGTCGCATCCTGATGGTGGAGCCCGATTCGGGAGACGGGTCGGAGGTGGAGAGCGCGCTGCGCGCGCGGGGGCACGCCGTGGAGGTGGTGCACGACGCCGACACCGCGGTCACGGCGCTGCACGCCTTCCGGCCGACGATGGTCGTGCTCGACCGCACGGTGCCGGGGGTGTCCGCGCACACCTTCCTCCGGATGGCCTCGCACGCGGCGAGCCCCGTCGAGGTCGTGGTCTGCTCCGCCGCGCCCTCGGTCCACGACGTGGTGTCGGCGATCCGCAACGGCGCCTTCGACTACCTCGAGCGCCCGCTCGACCCGGCGGCGGTGCTGCGGCTGGTGGATCGCTGCAGCCGCGAGCGCAGGGCCGGGGGCGTGGCCGCAGCGAGCTCCGCCGAGGAATCGGGATCGCTGGTGGGATCGAGCCCGGGCATGGTCGAGGTCTATCGCACCATCGCCCGCGTGGCGCCGACCGAGGCCGCGGTGCTGCTGCGGGGCGAGACCGGCACGGGCAAGGAACTGGTGGCCCGGGCGATCCATCGACACTCCGATCGCGCCGAGCACCCCTTCGTGGCCGTGAACTGCACCGCGGTGCCGGAGAACCTGCTGGAGAGCGAGCTCTTCGGGCATGTGCGCGGCTCGTTCACGGGGGCCACCGGCGACCGGCGCGGTCGCTTCGAGGCGGCCGGCCGAGGCACCCTCTTTCTCGACGAGATCGGCGACACCACGCCCGCCTTCCAGGCCAAGCTGCTCCGTGTGTTGCAGGACGGAGAGTTCCATCCGGTGGGGAGCGACTCCGTGCGGACCAGCCGGGCACGGATCGTGGCGGCGACCCACCACGACCTGGAGGCCAGGGTCCGTCGAGGAGACTTTCGGCACGACCTCTACTACCGCCTTCGGGTGGTGGAGATCACGCTGCCCCCGCTCCGGGACCGGGTGGAGGATGTGGGACTCCTCGCCCGGCACTTCCTCGCCCGTGCCGCATCCGTGACGGGCCGCGCCGTCGACCGGCTTCCGCCGGAGGTGCTTCGCCGACTGGAGCAGCACGACTGGCCCGGGAACGTCCGCGAGCTCGAGCACGCCGTGACCCGGGCCGCCGTGCTCGCCAGGGGGCGCACTCTGCACCCCGACGATCTGGGGCTGCGGGCTGCGGACGACGGAGGGGAGTCCCCGGGCGACGAGGTCGTGGGCCCGTTGTCGATGGACGAGGCGGAGCGAGCGCAGGTGCTTCAGGTGCTGGAACGCACCGGGGGCAACAAGCGTCAGGCGGCCCGCACGC
NZ_CP144380.1_gap14	429880	431509	1629	GGGGGAGTGGTTCGCCGAGGCCACCCTGCACCTGCTGGGTTCGGCGGGGGTCGAGCCGGGCGCGGTGTCCGTGGTGGGGAGCCACGGGCAGACCGTGTGGCACCGGCCCCCCGTCGACGGCCGGCGGGGCGCCACCCTCCAGCTCGGCGACCCGGCCACCCTCGCCGCGCGCACCGGGATCGACGTGGTGTCGGACTTCCGCTCGGCCGATGTCGCCGCCGGGGGCCAGGGGGCGCCGCTGGTGCCCTGGCCCGACCGGATGCTCTTCTCGGTTCCGGAGCACGGCCGCGTGGTGCTCAACGTGGGCGGCATGGCCAACCTCACCTGGCTGCCCCCTCGGGGCGGCGAGGGCCGGGTGGTGGCCTTCGACACGGGGCCCGGCAACGTGCTGATCGATCACGCCGCCGCCCTGGCCAGCGGGGGCACGGCCACCTTCGACGACCGCGGGCGCGGTGCCGCCGCGGGCCGGGTGCACCCGGAGGTGCTCGACGACCTGCTCCGCGACCCTTTCTTCGACCGGCCCCCGCCGCGCTCCACCGGACGCGAGCACTTCGGACCGGAGCGGGTGGAGCGCCTGGCGGAGCGTCTCGGTCTCGGGGCGGACGACGGGTCCGGGTGGAACGACCTGCTCGCCACGCTGACCGAGTTCACGGCGGTGTCGATCGCCGACGCGGTCGCGCGATGGCTGCCCGGCGATGTGGGCGACGTGCTCGTGGCGGGCGGAGGGGCGCACAATCCGGTTCTGGTTGCTCGGCTCACGGCCGCGCTCGCGGAGCGCGGGGTGGGGGCGCCGGTCCGTACCGGCAGCGACGCGCTGGGCCTCGATCCCGACGCGCGCGAGGCCGCCGCCTTCGCGCTCCTGGCCTGGGCCCACCTCGAGCGGCTGCCGGCCAATCTTCCGGAGGCCACCGGGGCGCGCGGTCCCCGGGTGCTGGGATCCTTCACGCCCGCGCCCGTGGATGGAGACGCCCCATGAACCGCTCGCGGGTCGGACTGGCGGTGGTCGCGGTCGCCGCCGTGCTGGCGGTCTCCTGGGCGCTGCGCGCCACCTGGCACGCGGCCCCCCACTCCGGGGGCGACAACGCGGCCTACGTGGCGCTCGCCGACGCCCTGCTCGACGGGCGGGGGTACACCGAGGTGTGGGATCCGGCGGCCCCGCCCCACACGAAGTATCCCCCGGTCTTTCCCCTCGCGCTCGCGGCGGCCATCGGTCTGGGCGCCACCACCTGGGGGGCACTCAAGGGTGTGCCGCTCCTCTTCGGTCTGGTCGCGCTCGCCGGCACCGTCGGATGGGGGTGGCGGCGGCGCGGTCCGCTGTGGGGGGTGCTGGCGGCGCTTCTCACGGGGTGGTCGGCGGCCTTCCTGCACTACGCGCACTACCTGCTCTCCGACGTGCCCTTCCTCGCCTTCACCGTCGTGGCCCTCTGGTTGGTCGAGCGCCGCCGTTCCGACGAGTGGGGCGAGGTGGTCGGTGCGCCGCCACCGCGGTCGGAGGAGGGCGACCGGTCGGCGGCGCCGGGATCGGTCGCGGTGGCCGCGGCCCTCGGGGTGGCGGGCCTCGCCTGGTTCACCCGCTCGGCAGGGCTGCCGCTCCTTCTTGCGATCGGTCTCTGGCTCGTGCTGTCGAAG
NZ_CP144380.1_gap15	435884	436791	907	ACGGATGGTACGCGATCGGCGACGCCTCGGGTCAGCCCGAGTCGGTCACCGGCTTCGAACTGTTCGGCGGCCGAACGCTCACCTTCCCGGTGCGAGGCTTCGATCGCGGAGACCGACGGGGCAACCGGGCGTGGAGCGCATCGGTGGAGTGGCGCTTCCCGATGGCCCTCGTGCGGCGCGGCGCGGGACTCCTGCCCGTGTACGTGGAGGCCCTGCACGGGGCGGTGTTCGCCGACGCCGGCGACGCGTGGGGCGGGGGAGGGGATGGAGAGGCTCGCGGCGACGCGCTCACCGCGGTCGGCGCGGAGCTGCGAATGGACACCCAGCTGTTCTTCACATCGTCGCTCCGGCTCCGCCTGGGGGTGGCCGCACCCCTCTCCGGCGGCGAGGGCGGCCGGATCTACTTCCGCCTCGGTCAGAGCTTCTGATCCCTCGATCGGCGAACCCCTTGTCGGCACACGGGGTTCGGCCCATCTTACCGAAGAAAGACCGAAGTCCGTGGGTGCCCGATCTGCTTGACTACTAGATATGGTGCCCATACGATGGGTGTCCCCAACCAGTTGTGCCCAGCCGGAGGGGTTTTCCACACCGTTGTTCAATGGCGGATGCGGGTATCCGCCGTTTTTCCACGATTGCCGCCCGCAGTTCTCCACCGCTTTTCCACATCCGGAGCCGCCGCATGACGTCCGAGTCCGTCTCTCCCGCGATCCCCCCCTACCCGCCCGAGTCCAACCTCTTCGACGACCATCTTCCCTCCGACCTTCCGGAGGCGACGCTGAGCGACAACGCGCGCATCGTGCTCGCCAAGCGGTACCTGAAGAAGGACGAGGACGGTCAGCCGATCGAGGAACCGGAGACGATGTTCTGGCGGGTGGCGCGGACGATCGCGGGAGCCGATGCGCGCTAC
NZ_CP144380.1_gap16	438359	440122	1763	CGACTGCAAGGGCGTGACCGTCTATCGCGACGGGTCGCGGCCCATGCAGGTGCTCTCGACCGGCAAGACGAGCCAGAGCGCCGAGACGGCCGAAGCCGAGGCCGAGGCCGCCGAGGCGCGCGCCCGCGTGGCCGAGGTGGAGCAGCTGCTGGCCGACTCCCGCGAGGAGGCCCACCGGCTGCGGGTCGAGATCTCGGAGATCAGCGCCCGGCAGGACGATCAGGACCAGACCGCGCGGGCGGGGCGCCACAAGCGCCAGCGGCCGGCCATGCTCCGGGGGCGCACGGTGAAGATGAACTCGCCCCTCGGCGACCTCTACGTCACCATCAACGAGGACGAGGGCGGGCGTCCCTTCGAGGTGTTCTGCACCCTGGGCAAGGCGGGCGGCGCGGCCATGGCCGACGCCGAGGCGATCGGCCGACTGCTCTCGCTCAGCCTCCGCTCGGGCATTCCGATCACCTCGCTCAAGGATCAGCTGCGGGGCATCTCCTGCGATCGGGCGGTCGGGGTCGGTCCGAACAAGGTGCTCTCGGCGCCCGATGCGATCGGTCAGGCGATCGAGCGGTACCTCGAGGAGAAGGAGGGCGTGCAGGAGGCCCTGCCGCTCACCGTCGGCACGAGCAGTGCGACGCAGCCGCAGGCGCAGGCGGAGCCGGCCGGAGTGGCGGGAAGCTTCTTCGGCTCCTGCCCCGACTGCGGGGCGGGCCAGCTCGCCTACGTCGAGGGCTGCGTGAAGTGCCACATCTGCGGCTACAGCGAGTGCGGATGACGACGACGACGCGCTCCGCTCGTCGGATTCCCGCCCCCGGTGCCCCCTCGGGCATCGGGGGCGGGTCTCGTTTCGCGGTCGGCGTGCTCGCGGCGGTGCTGTTCGTCGCGTCGGGGTGCACCGCGGAGCGCCTGCCGGATCGCAGCGCCTTCGGAATCGACACCCCGGCCCTCGAGCGCCTCGAGGTGGATTCCGATGGTCACGCCCTCACGGTGTGGGCTCGGGTGCCGGAGTCCGCGGTCGCCACGGTCCTGCTCCTGCACGGACGCACCTGGAGCTCTCTCCCCGACTTCGATCTTCAGGTCGAGGGGGAGTCGCTCTCCCTGATGCAGGCGCTCACCGGCGAGGACATCGCCGTATACGCCCTCGACGCCCGCGGATACGGCGCCACACCCCGCGACGAGACCGGCTGGCTCGATCCCGACCGCATGGCGCTCGACGTGGTGCGAGTGCTGGAGTGGCTCGGCGAGGGCACGGGCGCAGCGCCGGCCGTCATGGGGTGGTCGTACGGATCCACGGCCGCGCACCTCGCCGCTCAGCGACGCCCCGACCTGGTGGCGGGGGTGGCGTTGTACGGATACTGGAAGGATCCGGCAGCGCTGCTCCCGGCGCAGGACGATCCCGCCGATCCGCCGGCCCGCGCCACCACCGAAGAGGCGGCGCGCAGCGACTTCATCACCCCCGGATCGATCTCCGATCGGGCGGTCGACGCCTTCGTGGCCGCCGCGCTGGAGGCCGACCCCGTGCGGGTCGACGTGCGTCGAGCGCACGCCTTCAACGCGCTGAGCCCCGACTCGCTCACCGTGCCCACGCTGATCCTGCAGGGGGAGCTCGACCCGATCGCTCCGAGCGCGGTGCAGGAGCGACTCTTCCGGGGGCTCGGCACCGCCCACAAGAGCTGGGTCGTGCTGCCGGGATGCGACCACGCCGCCCACCTCGAGCGCTGCATGCCGCGCTTCGTGCGCGCACTCGCCGGCTTCGTGCGCGAGGTGGC
NZ_CP144380.1_gap17	548395	549895	1500	CCGAACTCCTGACCGACCTCGGCGAGCGGGCCGGCCGACACCTGCCGGACGGGTATCGCACCCCCGTCACGGTGCGGCTGCGTCTGCGCGACGCGCCACTGCCGGCCGACCGGGCCGAGCTCGAGGCGCGGCTCAAGCTCGTGCTCCCCCGGGCCGCCATCGACGCCGGCGCCTCGGCGGTCGCGGCCGTCTGCTCGGCCACGGTCGCCGCCTTCGACGGGCTGCTCGCCGATCCCGCGCTGCCCCGGTAGCCGCGCTCGCTTGCCGCCACCGGCCGCGGAGTCCTACGATTTCCGAGCCGGGCCGCTCCCCCGGGGCGACCGCTTCCTTCACGAACTTCCGGAGTCCCTCCATGTCCGAAACCGGCGCTCTCGACTCACTTCTCCACGAAGACCGCCGCTTTCCCCCGCCGGAGCCCTTCCGTCGGGACGCCCTGATCTCCGACCCGGCCATCTACGACGAGGCGGCCGCCGACCCCGAGGCCTGGTGGGCTCGATGGGCCGCCGAACTCGAGTGGTACGAGCCGTGGCACACGGTGCTGGAGTGGACGCCGCCGCACGCGAAGTGGTTCGTCGGCGGCAAGCTCAACGTCTGCCACAACTGTATCGACCGTCACCTCGAGGGGCCGCGGCGCAACAAGGCGGCACTGATCTGGGAGGGGGAGCCGGGCGACACGCGGGTGATGACCTACTACGGCCTCCACCGGCGGGTCGCGAAGTTCGCCCACGTACTGCGCAATCTCGGGGTGGAGAAGGGCGACCGCGTCGCGATCTACCTGCCGATGGTGCCCGAGGCCGCCATCGCCATGCTGGCCTGCGCGCGCATCGGCGCGGTGCATTCGGTGGTGTTCGGTGGCTTCAGCCCCGACTCGCTCGCCGACCGCATCGTCGACGCCGGCGCCAAGGTGCTGATCACCGCCGACGGCGGCTACCGGCGCGGCACCCTCATTCCGCTGAAGAACAACGCCGACAGGGCGATGGAGCACACGCCCTCGATCGAGCACTGCATCGTGGTGGCGAGGACTCCGAGCACGGCGCGCGAGCTCGATGTTCGGATGTCGGCGGGCCGGGATCTGTGGTACCACGACCTCATGCGCGACATCGAGGGGGGCGTGCCCTGCGAGCCGATGGACTCGGAAGACAACCTCTTCATTCTCTACACCTCGGGCACCACGGGGCGGCCGAAGGGGGTGGTCCACACCACGGGCGGGTACCTCACCCAGTGCCAGGCGACCACGCGATGGGTGTTCGACCTCAAGGACGACGACCGCTACTGGTGCACGGCCGACGTGGGCTGGATCACGGGGCACAGCTACATCGTGTACGGACCCCTGGCCAACGGGGCCACCGTCTTCATGTACGAAGGGGCGCCCGATTGGCCCAACCGCGGCCGCTTCTGGCACCTGTGCGAGAAGTACGGCATCACCGTCTTCTACACGGCTCCCACCGCGATCCGCGCCTTCATGCGCTGGGGAGAGGAGTGGCCGGCGAAGTACGACCT
NZ_CP144380.1_gap18	564532	569176	4644	GCCGGAGCCCTGCGCGCCGATCGCCGGGCAGGCGCCCCACAGGCGACCGGGTGGGAACAATCCAAGACTCGACGCCTCGGAAATCGTCGAGTCTTGATGGTTGTTCATATGTGGGAGGAATCTTCTCTCGATCCGGTGGCGATCGATCGAAAGACCGATCGCTCCCACATGTGGGAGGAATCGAAGAACGAGCGTCTTCGACAGCGTCGAAAGAAGGATCGCTCCCGCGGCCGCGGCCCCGGGAGCCGGCGATGCGAACGGGGGTGTCGTCCGCTGACCCCTACTCCGCGCTCCAGCTCCCGCTCGCGCCGCCTTCCTTCGAAACGAGCCGCACGGACTCCATCGTCATGCCGCGGTCGAGCGCCTTGGCCATGTCGTAGAGGGTGAGGAGCGCCACCGACACGGCGGTGAGGGCCTCCATCTCGACCCCCGTGCGGCCGCGGTAGCGGGCCTCGGCGGTGACGACCACGCCGGGGAGCGCGTCGTCGGGCTCGAGGTCGACGGTGACGGAGGCGCCGGGCAGGGCGTGGCAGAGCGGGATCAGGTCGGCGGTCTTCTTGCCGGCCTGGATGCCCGCGAGCCGCGCCACGGCGAAGGCCTCGCCCTTCTCGAGCGAGCCGGAGCGCAGCGCCTCGAGGGTGGCGGGGGCCATCCGGATCCGGCCACGGGCGACGGCGCGGCGAACCGTCTCGTCCTTGCCGGTGACGTCCACCATCTGGGCGCGCCCGGCCTCGTCGAGGTGAGTGGGGCGATCAGCGGCCATGGGCGACACCGGTGGTGGGGAGGAGCAGCGCGCGCAGGTCGGCCACCAGACCCACCACGAGCAGCTGCGGGTTCACGTTGCCGCGAGCGTGCAGTGCGGCCTCGTCGACCCGGGCGAGCGAGCGCGCGACCCGGTCGGGGGTGAGGCCGGTCTCCTTCGTGCGGCGCGTCATCCAGGGGACCGCATCCTGATTCACCGCCCGCTCGGGCACACCCGACACCACGGTGGCCAGGTCGCGAAGCCACACTTCGAGTGCATCGAGCAGGCCGAGCAGGGCGCGCGCCCCGCTCACCTTCTGGTCGAGCCCGGCGCGGAATCCCGCCCCCGGCCGCTCGGAGAGGGCGGCGCGCAGAATGGTGAAGGCCTCGCGCCGACGGCCTTCGAGCGGCCCGGGCTCCGGCTCGCCCTTGCTCTCGATCGGCAGGAAGCCGAGTGCCCGACCGATGGCTCCGCCCGACAGTCGGGCGGCGGTGGTGGCGGCCTCGGCGTCCGCCCCGTGGTCCTGCAGGAAGGAGACCACCTCGTCCTCCTGCAACGGCTTGACGAGCAGCGGCACCGTGCGCGACCGGATCGTGTCGAGCAGGCTGCCGGGCTCCGACGAGGTGAGGATGAACCGGGTGTCGGGCGGCGGCTCCTCGAGCAGCTTGAGCAGGGCGTTCGCCGCCTCCGGACTCGCCTCCTGCGGCACGAGCGTCTCGGCGTCGCCGATCAGGAAGAGCTGCCGGGGGGCCATCGACGGCCGCGACTGAGCGCGCTTGCGCAGGCTGCGGGCGGCCGCGATGTAGATGCCGGTCGGTCCCTCGGCGCCGGCGGCCTGCAGCGGCTCGTCCCGCAGCTCCCCGAGGCGGGCGAAGCGGGCCTCCTCGAGCATCTCGCCCATCTTCTCCGGCGACGAGGCACCGGTGGGGCGGGGGAGGGGGAAGTACCAGTGCACGTCGGGGTGCTCCAGCCTCAGCGCGAGCTTGCACGAACGGCAGGTGCCGCACGGACCCTCGGCGCCGGGCACCTCGCAGAGGTCCAGCTGCGCGATCCAGAGGGCCAACCGCTGCTTGCCGACCCCGCGGGGGCCGTGCAGGAGCAGCGCCGAAGGCAGGGTGCCTCGCGCCCGCGAGGTCGCGACGGCGGCCCGAAACTCGCGGTGCCCCTGAACCGGATGCAGGCTCATCGATCGCCCCCTCGCGAACGCAGCCACCCGAGCGGGTCCTGCGCGGTGGGCACTCCCGCCTCGGAGGGCGCCCGGATCTGAAACTCGATGTGCGGACCCTCGGGGGTGCCCTGGCCGCCGACCGTGCCCACCACCTGGCCCGCCTCGATGCGCCGCCCCTGCACCACGCCGATATCCTCCAGGTAGAGGTACAGGGTGTAGAAGCCCTCGCCGTGGCTCACCACCACCGTCGGCCCGTAGCCCTCGAACGGACCCGCCAGCACCACGGTACCCTCGCGCACGGCCGACACGGGCTCGCCCGGTCGCGCCGACAACCCGATGCCGTTCCAGCGCAGGGTCGTGCCGTTGGGGCGGGTCTGAACTCCGAAGCGGTAGATCACCGCGCCGTCGATGGGCCACTCCAGCCCGCCGCGATCGTCGAACGACAGGGTTGCGGGCACGGCCTCGGCGGCCTCGGCCGCGGCGCGGCTGCGTTCGAGGTCGGCCATGAGGTTGGCCAGCCGGGCCTCGTCGGCCGCCAGGTCGTCGAGTCGGCTGTTGGTCACCCGCGCGGTGCTCTGATAGCGCTGCAGCGTCGACTGGCGATCCTGCTCCACCGACCGCAGCGACGCCACCTCGTTCGACCGCCGCGCACGCAGACTCGACAGCTCCCGCAGGCTTTCGCGCAGCTCCCTGTCCTGCTCGGTGAGCGACGCCTCGAGCTCGCCGATCTTGTCGACCAGCGAGCGGTCGGAGGCGGCCATCAGGCGCAGGTAGCGGTAGCGGGTGAGCAGGTCGGCGAACGACTCCGCGCCGAGCAGCACCCGCACGGTGTGGAGCGGGCCGAGCTTGTAGATCTCGCGCAGCCGCGAGGAGAGCGCCGCGCCGCTGCGCTGCAGCCGGTCGCGGGTGGCCTGGAGCAGGGCGGTGTTTTCCTCGGCCCGCTCGGCGGTGGCCTCGGTCTGGAACTCGAGTTCGGCCAGCACCGAGCGCGACGCGCTGAGCTGCCGCTCGATGTTGATCAGCTCGGCCGACACGTTGGCCACCTGCCCGCGCACCCCCTGGAGCTCGGCCTGAAGCAGCGCCCGCTCCTCGCGAATGCGCTCGAGTCGCTGACGGCTCGCCTGAATCTGCTGATCGAGGGTGGGCCCGCCCGCCTGTCCCGCCGCCGGCAGGGCGAGGAGCAGCGTCCCGACCGCGCCGAGCAGGATCGATCGCCCGCGTCGTCCCGCACCCGACATCAGTTCACCTCGCGCAGGTGTCGCCGCACCGCCTGGATCGAGGCCAGCCCTCCGAGCACGCCGCCCGCGAGCAGCCCCCCGGCGAGCCACCAGAAGGGCAGCCAGACGACGTCGAAGAGGAACTGCGACACCACCCGGTGCGCGATCGCGGTCAGCAGGATCGCCACGAGCCCGCCCGCCAGACCGGTCAGGAAGCCCTCGAGCACGAAGGGCCGTCGGATGAAGCCGTCGCGAGCACCCACCAACCGCATGACGTAGATTTCGTCGCGCCGGGCGAAGATGGCGATGCGCAGCGCGGTGCCGATCATGAGCGCGGCCACGAGGGCGAAAGCGAGCCCGAGCGCGAGCGAGGCGGCGCCGGCCACATCGCGCAGCGTGTCGAGTCGGTCCACCCACTCCCGCCCGTACTGCACGTCTTCCACCACCGGAAGCACCTCGGCGATGGAGGCGATCAGTTCCACGGTCTCCGGCCCTCGGCTGCCGTCCTCGAGGCGCACCTCGAGCGAGGCGGGAAGGGGGTTCGACTCCAGTCCGCGAAACACCTCTTCGAAGTCCTGCAGATCGCGGCGGGCCCGGGCCAGCGCGGAGTCCTTCGAGACGTACAGCACGTTCGACACTTCGGGCTGGTCACGCAGCTCGAGCACGGCGCCCTCGATCTCGGCCGCCGACGCGTCGTCGTGCAGGTACGCCACCACCTCCACCCGTGCCTCGATCTGATCGAGCGCCACCTGCAGGTTGTGGGTGACGAGGCCGAACAGCCCGACCACGAAGAGCGCGAGACCGACCATGCCGGCCGCGAGTCCCGTCAGCACCGGCGCGCGCCGGAAGCCTGCGAGCGCCTCGCGAATGGCGTAGCTCACGTGGCACCTCCGTGCCGCGAACCGACCGCCGCGGAGTCGTAGACGAGCTTGCCCTGGTCGAGCTCGAGGGTGCGCGCCTTCGGATACGACCGCACCATCTCGAGGTCGTGGGTGGCCATCACCACCGCCATCCCCATGGCGTTGATGTCCCAGAACAGGTCCATGATGCCACGGGTGGCCCGCTCGTCGAGGTTGCCCGTGGGCTCGTCGGCGAGCAGAACGACGGGGTCGGTCACGAGCGCGCGGGCGATCGCCACCCGCTGCTGCTCTCCGCCCGACAACTCGTGCACCAGCGCGCCCGACTTGGCGGCGAGCCCCACCTGACTCAGCAGTCGTTGCGCCCGGGCGGTGATGTCCTGGCTGCGCGAGGCGGTCACCTCGAGGGCGAAGGCCACATTCTCCAGCGCCGTGCGTCCCTGGAGCAGCCGGAAGTCCTGAAACACCATGCCCACGCGCCGGCGCAGCTTCCAGACGTCGGAGTCCTTGACCATGTCGGAGCTGAATCCCGACACCCGCACCTCGCCCTCGCTGGGCCGTTCCGCGAGGTGGATCATGCGCAGCGTGGTGCTCTTTCCGGAGCCGGAATGCCCGGTCAGGAAGACGAACTCACCCTTCTGCACCTCGAAGGTGACGCCC
NZ_CP144380.1_gap19	570581	575392	4811	TCGCCCGCCCGCAGCCGCTCGGCGATCTCGCGCCCGCGCGCCATGGTGTCGCCGATGTCGTCCGACCCGGCGTCGGGACGGATCAGGATGTGCCGCGCCCGAACCTCTCCCGGGCGGCGACGGTCGATCCGCATCACATGCCAGCCGAAGCTGGTGCGGAACGGGGGACTGATCCGGCCGTCGGGCAGATTCGAGAAGGCGATGCCGTCGAACTCGGGCACCATGATGCCGCGGCGGAACCAGCCGAGGTCGCCGCCGTTGGCGCCCGATCCCGTATCGTCCGACATCTCGCGGGCGACGTCGGCGAAGTCTTCACCGGCGAGGATGCGCTGAACCGCGGAGTCGAGCTCCATCCGGGCGCGATCCCAGAGCGAGTCGGGCGCCTCCACGGGCAGCACGATCTGCTCGAGCGAGAGAATCTCGGGGCGCTCCTGGAGCGAGGCGCGCTGCGCATCGTAGAGTTCGCGCATCTCGGCCTCGGTCACCGCCACCGGGGGCAGGTTCCGAGCCTGCTGCTGCAGGTAGAGGTCGCGAATCAGCGACTCCTCGATGCGGGTGCGCAGCATCTCGCGGTACTCGGGCATCGTCATGCCGTCGGCGGCGAGTGCCGCCTGGAACTGACTGAGCCCACCGATCTGCTGGGTGACGGCGTCGATCTGAGCCTGCACCCGCGCGTCGGTCTGGGCGGGGTCGAGCTGGATCAGCGTGTCGCGCGCCGCGTCCTGAAGCAGCAGCTGCATGTTGATCATCTGCTCGAGCACTTCGCGCGCGGCCGTCTTCAGCGAATCCGGATCCTCCGGAAAGCGCGCACCCTGCGCGGCGAGGAGCACCATCTCGTTGGTGACTTCGCTCAGCAGGATCAGCGAGTCGCCGGCCACCGCCGCCACTCGATCCACGAGCGCATCCGGCTCGCCGGGGATCGAGAACGAGATCGGCGGGGGCGTCTGCTGGCCCGCGGCGAGAGCCGGGGCGAGCAGCACCGCGAAGAGCCCGGTGAAGGAGGCCAGAGACCACCGACGGGGGACGACAGCCGTCATGAGATCGGTTCGGAGCGAGGAACGTGTACCGGGGAGGTGGTAAACCGGCGCGTCGGCAGGGGTTCCGGTCAGCCGCCGGCACCGCCGTCGGGGGTCTGGCCCCCGGCGGCACCCGCGCCGTCGCCCGCGGCTCCGCCCGGCGTGGGGGCCGGAATGGGCGAGGCCGCCGGCGCCGGGGCCGGACCGCGCACCCGCGCCACTCCCTGCACGACCGCGATCGCGGCCATCGGGAACACCTGCGCGCGGCTCGACTGACGCATGCCGGTCGCCACCATGCCCAGCGGAATCACATCCTGCTGCCCCGACACGATGCGGCGGAGAAGCGCCTCGACCGTGCGGTCGATCGCCTGCTCCATCGACTCCGTGCCCTCGGGCTGGATGGGGGCGAGCCCGAGCACCATCGCCGCCTCGCGCAGCTGCACCTTCACCGCCGCCGAGAGGGAGTCCACGTACGCCTCGGTACGCTCGAAGCCCTGCTCCTCGGCCTCGGCCACGAGCAGTTCGCGCTGCGTCAGCCCCTGGAGCACGTTCTCGACGAGCACCGAGTCGGGCTGCTGCGCGAGCTGGGCCCGGCCCTCGGGGAGCTGCGCCTGCATGAAGGTCTGCAACTCGCCCACCGTCAGGGTGCCGCCCTGGTAGCGCACCAGCACGCGGCCGCGCGCGCCCCGCGACAGATCGATGTCGGGGGTCTCGACGATGCGGCGCACCACTTCGGCCACATCGTCCTCGATGGTGAGGCCGGCTTCTTCGGCCATGGTCGCCACGTAGAGCGACTCCGCCTCGACGCTGCGCATCTGGATCATCTGCTGCCGGAACTGCGGCGCGACGTCTTCGAAGGCCGGCGTCTCCTTCTCCTCGGTGCGGATCACGTGGAAGCCCATCGGCGTCTCCACCACCTCGCTCAGCTCCCCGGGCTCGAGCTCGAAGGCGGCCACCGCGAAGGGCTCCACCATCTCGTCGCGCCGGAAGAAGCCGAGGTCACCGCCCGACGAGGCGCTGCCGGGGTCCTGCGAGTACTGGCGAGCGAGGTCCTCGAACGACTCGCCCGCGGCGATCCGGTCGCGGATCGCCTGCGCCTCGGCCCGCACGCTGTCGCGCTCCGCGTCGGTGGCCTGCAGGGGAAAGCCGAAGAGAATGTGCCGCGCCCGCACCTGCGCGCCGGGGGCGTAGGTGACGAAGAGCTCGCGCAGCTCGTCCTCGGTCATCACGGTGTCGGCCAGGATCACCGAGTCGCGCAGCGCCAGGATCATCTCCTGCTCGAGACGGCCCTGCAGCATCGGCCCCACCTCGAGCGAGGCGAGCGTGGAGTCCTGCGAGAGCTGCCGGGCGAGCAGCGTGTAGTCGACCCAGAGGTCGGCCAGCGCCGTCACCACCTGGGGCTCGTTGGGCAGATCGGGCTGCCCGGCGAGCAGGCGGACCGCCTCCTCCACCGTGAAGGTGTGATTCTCGGCTCGGGCGAGAACGCCCTCCGAGCCGGTGTCGTCTCCACAGGCGGCCACCCAGAGCAGGGCGGCGAGGGTGCCGGCGCGCATCGCGAACGTCTTCACGCGTACTCCTTGCGGGGGGATTCCCCGGGATTCATGTGGAGGCCCCCGGTGCGGGGTCCCCGTGTTCGACCAGTACGGACAGCGCCTGGATCAACGTCGCGGTGAGCGGTTCGGCCCCCTGCTGCGTGAGGGCGAGCGAGAGCGGCGACATCCGCCGCACCTCGACGGTGACCTGACGGTCCGAGAGGGGACGCTGCAACGCCTGAAGGCGAGGCACCACGCCCGACCGGAAATTCAGTCGGGCCGTGCGACCCCGCACCAGGATTCGTTCGATCCCCAGCCTCTTACCAAGTAGCCGGAGCGTCGCGGCGTCAAGTAGCCGCTCGACTTCCGGCGGCATCTCGCCGAAGCGGTCGACGAGCTCCGAGCGCATCTCCTCCACCTCGGGCGACCGGCGGATCTTCGACAGTCGCCGGTAGAGGTGCAGCTTCTGGCTCGGGTCGGGAATGTACTCCTCGGGCAGGAATGCCGACCCGGCGAGCGAAATCTCGGGCTCGGCGTGCTCCTCGGTGCCCGCCTCCTCCTGCTGCAGCCGGCGCACGGTGGTTTCGAGCAGCCGCAGGTAGGCGTCGATGCCCACCACGTGCGCGAAGCCCGACTGATCGGCGCCCAGCAGATTGCCCGCGCCGCGCAGCTCCAGGTCGCGCAGCGCCACCGAGTAGCCCGAGCCGAGCTCGGTGTAGTGCTCGAGCACGCGCAGCCGCTTGCGCGCGTCTTCGGTGATGCCGTCGGGGGTGATCAGGTAGCAGTACGCCCGCCGGTCGGATCGGCCCACGCGGCCCCGGATCTGGTAGAGCTGCGACAGCCCGAAGCGGTCGGCGCGGTCGACGATCAGGGTGTTGGCGTTGGGCACGTCGAGGCCGTTCTCGATGATGGCCGAGGCCACGAGCACGTCGGTCTCGCCGTCGACGAAGGCGGTCATCACCTCGTCGAGCTCGGTGGGCGTCATCTGCCCGTGCGCCACCGACACCTTCGCCTCGGGCACCAGCATGCGGATGCGCTCGGCGGCGGTGTGGATCGTCTGCACCCGGTTGTGCAGGAAGAAGGCCTGCCCGCCGCGGTCCAGCTCGCGGTGGATCGCCTCCGACACCAGCCCGTCGCTCCAGGGGAGCACGTGGGTGATGATCGGCATGCGGTCGCGCGGAGGGGTGCGGATCACGGTGAGATCGCGAATGCGCGACAGCGACAGATACAGGGTGCGCGGGATCGGGGTGGCGCTGAGGGTGAGCACGTCGACCGAGGTCTTGAAGTGCTTCAGTCGCTCCTTGTGCTTCACCCCGAAACGCTGCTCCTCGTCGACGATCAGGAGCCCCAGATCCCGAAACACCACGTCTTCGGAGAGCAGGCGGTGGGTGCCGATCACGATGTCGACATCGCCCGCCTCCACCCGCTTCAGCAGCTCGCTCGCCTCCTTCGCGCTGCGGAAGCGGCTGAGTGCGCCGACGTGGACCGGGTAGTCGGCCAGCCGCTCGTCGAAGGTGTGCCGGTGCTGTTCGGCGAGGATCGTGGTGGGGGCGAGCACGGCCACCTGCTTGCCGTCCTGCACCGCCTTGAAGGCCGCCCGGATCGCGATCTCGGTCTTGCCGTAGCCGACGTCGCCGCAGATCAGGCGATCCATCGGCCGCGCCCCCTCCATGTCGCGCTTCACGTCGGCGGTGGCGGTGCGCTGATCGGGGGTGTCTTCGTAGAGAAAGGAGGACTCCATCTCCTTCTGCCACCGCGTGTCGGGGCCGAAGGCGTAGCCGCTCGCCGCCTCGCGACGGGCGTAGAGCTCGAGGAGTTCCGCCGTCATCTTGGCGATGGCCTCCTCGGTCTTCTTGCGGAGCGTCTTCCATTTCCGCCCGCCGATCTTGTGCACCTGAGGCGGGGTGGCGTCGTCGTCTTCGCCCACCCACCGCTCGACGAGGTCGAGCCGGTACACCGGCACCCGCAGCACCTCGCCGCCCGCGTACTCGATGGCGAGCAGCTCGATCTCCTCGCCGGCCACCTCGAGCTTCTGCATGCCCGTGAACCGGCCCACCCCGTGATCCATGTGGACCACGTAGTCGCCCGGGGTGAGCTGGGCGAGCGACTCGAGCGAGACGGCGCCCCGGAAGCGGCGGCCGCGCCGCAGTCGCCGCGAGCGCCGGAAGATCTCGTGGTCGGTGAAGACCCGGAGCGGCGGGGTGGCGCGCGGAAGCAGGAATCCGCCCTCGAGCGAGCCGATCGCCACCTGGGTTCCCTTCGG
NZ_CP144380.1_gap20	576723	581720	4997	CCGATCAGCACCTCGGCCGCGTCGTCGGTGAGCGGGGTGAGCAGCGACTCCCGAACCGGCGGATTCACCGCGAGCAGCTCGACGAGCGAATCTCCGCGCAGGGCGCGATAGATGCCGGCCGTGCGGGTGGTGCGCAGTTCGAGCGAGCCGTCCACCGGCAGTCGCTCGCCGTCGGGGGTCTCCACCTCGGTCACGGCGCTCGACAGGGGGAGCGCCTCGCCCACCCGCAGCGCGGGGCGTCCGCCGCCGGCCCCCCAGCCGGTGACGATCCACTCCACCAGGGGGATCATGGCCGCATCGACCGGCAGGGTGGAGGCCCGCTCGTCGAGGGGCGAGGCGATCAGCAGCACGGGGGCGCGGCCGTCGTCGAGGGCGATGATCCAGGGCGCGCCGTCGGAGAGACGCACCAGCACCTGGCCGGGGGTGCCGGCCGGCGCGGTGAGCCGGTAGCGCTGCCGCACCCGCACCGACTCGATGTCCACCGGCACCTGGCTCTCGGCGATGCCCGCCTCGCCGCTGCCCTCGTCGGCCTCGAAGCGCCAGTCGATGCCCGCGTCGGCGAGCCGGCGGTTCACGGCGGGGAGCAGGGCGGCGTCGGCCGGAGCGATCACCACGGTGCGCGCCGTGGTGCCGGTCACGAAGCCCGCGCCGCCCGGGGCGATCACCACGTCGGCGGTGCCCGTACCCGAGCGAATGGCTCGCCCTGCGTCGGTGAGCACGTCGAGGGCCGAGCCCACGAAGGGACCACCCTCGCCGCCCAGCGCGACCGTCGGGGGCGGGCGCACCGGCACCGCGAACCAGCGGCGGTCGTCGTCGCGCAGGGCGTCGGGGTCGGCCTCCACCCAGCCCGACACCCAGCCGGGCGAGAAGGGGCCCACCGGCAGCACGGTCGAGCCGCCCGGGCGCACCTCGGCGGCTCCCCGCACCCGGTCGTCGATGAAGAGCCTCACCGGCACCTCGTCGCCCTCGGGGTCGCCGCCGGCGAGGGTGACCGCGATCTCGGTGCGGTTGTTGGCGAGGGGCGGGAGCCCGCCGCCGATGGCCGCCTCCTGCAGGTAGCGATTGGGGGCGTCGGGGGCGTCGAGCCCGGCCCAGACGAGCACGGGAATGTCGGGGTCGTCGGCCGCGTCGGTGGTCTCGCCCGCAGGGTCGGAGGCCGCGTCGAAGGCCGAGGCCTGCAGGTCGGAGACGATGTGGATCTCGCCGCCGGCCATGTCGGCGTCGGCCACGAGCTGCCGCGCCCGGCGCAGCGCGGACGACAGATCGCCGCGGCCGGCCGACATCTCGGTCGTGCGAATGCGCACGCGCGCCTGGTCGGGGGTGCCGGGTACGGCCACATCCCAGGGCTCACCGGCCCGGAGCACCCACACCCGGTCCTCGGAGGTGGCGGCCGACAGCCCATCGAGTGCGGCCGTCTGGAGGCGGTCGAGCACGCGGTCCTCTCCGAGCACCCGCCCCGAGCTCAGCGAGTTGTCGAGAATCACGACCACCGCCGTCGGCGGATGCGCGGCACCGCGACCCGACACCACCAGCCGCGCGCCGGCCAGGGCCAGAAGCAGGATGATGGCGCAGCGCACGAGCAGCAGCAGGAGCTGGCGCAGCCGGATCCGGCGGGCGTGCTCCTTCTCGGTGCGGAGCAGGTAGCGCAGGGCGGGGAACACCACCCGGCGCGTTTCCTGGCGGTGGAAGAGGTGCAGGGCCAGCGGCACCGCGATCGCCGTCGCGGCCAGCAGGAAGAGCGGGTTGAGAAAGCTCATCCGAGGCGTTCGCGCTTCCGCAGATAGGCGCGCAGAGCCAGCGAGAGCGGGCGCGAGGTGTCGACCACCTCGTAGTCGATGCCGTGCGGCCGCAGGCTCCGCTCCCACTCCGCGAGCGCGCCGGCCACCGCGTCGCGGTACTCCGAGCGCACGTCGGCCACCGACACCAGCAGCTCGGCGTCGGTTTCCGGATCCACGAAGCGGGCGTCGGCCGCGGCCGGCAGCTCGCGCTCACCCGGGTCGAGCAGGTGGAAGACCAGCACCTCGTGGCCGCGGTGCCGCAGGAAGCGCAGGGCCGTGCGGGTCTCCTCGGGGTCGACCAGCAGATCGGAGAAGAGAATCACGAGGCCGCGCCGGCGCAGTCGCCCGGCGAGCTCGCGGAGGGCCGTCTGCGCCTGCGTGCCCCCCGACGCCTCGAGCCCGGCGAGTCGGCGCACCAGCTCGTGCCACTGACGGCGCCCGCCCCTCGGCTCGATGCGGTCGACCACCTGGTCGTCGAAGGCGGCCAGCCCGACCGTGTCGCCCTGGCGAGCGAGGATCAGCGCCATCGCCGCCGCCAGGTGGCGCGCGTACCAGAGCTTGGTGGGAATCGTGCCCGGCTCCGAGCTCCACCCCATCGAGGCGCTGATGTCGACCAGCAGGTAGGCGCGGAGGTTGGTCTCCTCCTCGAACTGCTTCACGTAGAAACGGTCGGAGCGGCCGTACATGCGCCAGTCGATGTAGCGCAGGTCGTCGCCCGGCCGGTAGCTGCGCAGCTCGGCGAACTCGGCCGAGAAGCCGCGGTGGGGCGAGCGGTGCAACCCCATGAGGAAGCCCTCCACCACCTCGCGCGCGACCAGCTCCACCCCGCCGAGCTGGGCGAGGGTGGCCGGGTCCATCAGGTCGGGGCGTCGGGTCGATCGTACCATGAGTCGCCTAGTGTATGCGGGGCGGGGAGTGGTGTCCACGGGCGGTCTCTTTCGGTGTCCCCGAGGGAGGACGCCCGGTGTGCCCGCGCGACACGGCCCCGCCGGTGTGGGGCGGAAGGATGCGGCATTGTGGCCCTGCGCCCCGCTGGCACGCCCCCTGCTTCACGGATGTTCGGACGCAGGACATGCTCGGACCGGAGGACTCCATGCAGGCCCCCCCACAGACGACCCCCACCCCCCTCGATGCGTTGCCCGGCCCCTCGGAGGGCCCGTCGTCCGGCTCGCCGGAGGGCGCGCACCGTCTTCGGGCGCTGTGGACGGCGCTGGCGTGGCTGGCCACGGCGCTGCTGACCAGGGCGGCAGCCTTCGTCGTCGGACCGGCCGCGGTTCTGGCGGCGGGAGCGGCGTTCCCGGCCGTCGCGCCGGTGATCCTCGCCCCCGCCCCCGCGGCGGGGCAGTGGACGGCCGGCGACCGGGGGTACGACGACCGCGGCTACGATCCGGAGTGGGACTCCGGGTACGATTCTCGGTGGGACGACGGTTGGGACGAGCTGTCGACCCGCGTCTGGCTCGATCGCGGTGACGACCCCGTGCTCGAGCGCGGGGACCGGGTGCGCCTCTATTACCGGGCCTCGCACGACGCCTTCATCGCCCTCTTCCACATCGACACCAACGGCACGGTGCAGCTGGTCTACCCCCGGTCGCCCGAGGAGAACCACTACGTGCGCGGGGGGCGGGACTTCCGACTCGTCTTTCCGGACTCCGAGTACTGGCGAGTGACCGACGATCCGGGCGTGGGCTACTACTTCTCGGTGGCGTCGCCCGAGCCCTTCGACTTCCGGGACTTCGACTACTCGCCCTGGGCCGGTGGCTGGGACCTCTCGCCGGTGGGCCGACGGGTCTTCGACGACCCGTACGTGGCAATGGACGAGTTCGTGGCGCGGCTGATCCCCGACTGGGAGTACGTGCCCTACGCGCTCGACTTCGCCTCGTACCACGTGGAGCAGCGCTACGAGTACCCGCGCTTTCTCTGCTACGACTGCCACGGCTTCCGCCCCTATCAGTCGTGGGACCCCTACCTGGCCAGCTGCAGCAGCTTCCGCGTGGTCGTCTACTCGGATCCGTACTACTACCCGGCGACCCGCTACAGCGGCGTGAACGTCGTGTACGTGCGCCCCGAGCGCCCCGGCACGCCCCGCTTCGAGTTCAAGGAGCGGGCCCGCGGCGAGGCCGCCGCGCCGCTGGTGGTGGAGCGCAGCGCGGTGCCGCGCTCGGCCCCGGCACGGAGTGCGACGCCGTCGGTGCGGGTGGCGCCGTCGAACAGCGCGCCGTCGAGCAGGGGCCCGGCGACGGTCTCGCCCTCCCGGGTGGCGCCGGCGCCGGGCGGGGTAACCGGTGGGCGGAGCCCGACGGGCAGTGCGGTGCCCTCGCGCACGCGGCCCTCGTCGGTGCTGCCGCCGAGCAGCGCCGGCCCGGACCCCGCGGCGGGCCCCGACCGCACCGCCCGCCCGACGCTGGAGCGCCGACCGAGTGGCTCCGGGGTGGGCACCGGGACGCCGACTCGCAGCGCCCCGCCGCCGGCGACGTCGCGGTCGACGCCGGCCACGTCGCGGTCGGCCCCGCCGCCGGCGAGTTCGCGGTCGACGCCGGCCTCGTCGCGGTCGACACCGCCACCGGCTTCGCGGTCGGCCCCGCCACCGGCCTCGCGGTCCACCCCGCCGAACACGACGCGGTCGGGGGGCGGCGGTGGCGGTGGCGGCCCGGTCTCGCGGAGCGACCCGCCGCAGAGCTCGCCCCCTCCGGCCCGCTCGGCCACACCCACCCGGCGGGGCGGGGGAGGGGGAGCCGCAGAGCCGACGCGGAGCGCCCCGGCGGCGAGCCGGTCGAGCGGCGGGAGCGGGAACAGCGGCCAGGCGGCGCCCACCCGGAGCGCGCCGGCGGCGAGTCGGTCGAGCGGCAGCGGCAGCCAGGCGGCGCCGACCCGCGGCGCGCCGGCGCGCGCCACACCGACCCGGAGCACGCCGCCGTCGTCGGCGCGCCCGACGCGGTCGGGCGGGGGCGGCGGGTCGCCGCCGGCCCGGGCGACACCACCCGCTCGGCGGGGCGGTGGGGGCGGGGGCTGAGCAACCGCAGGAATCAGGAGGATGGGCGCGAGCGCGCCCACCTTCCTTCCACGAGGGGCGGCGGCGAGGCGTACCGGTGAACAGAATGCTGCATTGGTGCACCTCGATTCGGCCATTGCAGCGTTCCATGCCGTATACGGGACATATGCTGCAGTCGTGATCTTTCCGCTTCGCGAGTGTGCCGAGCGTCCCGCATACGGCACATTTCG
NZ_CP144380.1_gap21	583674	584963	1289	GAAGCGCAAGCTTCTCGAGAAGCAGAAGGAAGGAAAGAAGCGGATGAAGCAGGTGGGATCGGTGGAGATTCCGCAGGAGGCCTTCCTCGCGGTGCTCAGTCTCGGCGACGGCTGACCGGCGACGGCTCGTGGTCCGCGTCCGACGTACCTCGATCGTTTGCGAACCACCGGCGCGCACCGACCCCCGATGAAGCGCGACGGCGGCATCCTCGTCGTGGGCCCGGCCTGGGTCGGCGACATGGTCATGTGCCAGAGCCTCTTCGTCACGCTGCGGCGGCGGCACCCCGACGCCCGCATCGACGTGCTCGCGCCCGACTGGACGCGCCCCCTGCTCGAGCGCATGCCCGAGGTGACCGAGGCGCTCCCGCTCCAGGTCGAGCACGGCCGGCTTCGGCCCCTCGCCCAGTGGCAGGCCGTGCGCGAGGTGCGTCGCCGCGGCTACCGGCAGGCGATCGTCACGCGGCGCTCCCTCAAGTCGGCGCTGGTGCCCTTTCTGGCCGGAATCCCCCAGCGTACCGGCATCCTCGGCGAGAACCGCCACTGGCTCATCAACGACGTGCGCGCGGTGAACGGCGAGTCGCACCGGTGGGCGGTGGAGCGGCTGGCGGTGCTGGGCATGGAGCCCGGCGCGGCCCCGGGGCTCGACGGGGTGCCCTGGCCGAAGCTGGTGGCGAATGCGGAGGCCGGCGCGGAGGCGGAGCGACGGCTCGGGGCCGACGGTACGGGATCGGTAGTCGGTCTCGCCCCCGGCGCCGCCTACGGACCGGCTAAGCGCTGGCCGCAGGCGCACTGGGAGCAGCTCGCCGCCGCGCTCACCCGCTCGGGCCGGCGCGTCTGGGTGTTCGGCGCCGCGGGCGAGCGCGACGAGGGCGAGGCGATCGCGGCGGCCGGCGGCGCAGGGGCGACCTCGCTGTGCGGACGCACCTCGCTCGGCGAGGTGGCCGACCTCATGGCGCGGTGCGAGGCGGTGGTGAGCAACGACTCCGGGCTGATGCACGTGGCGGCCGCGGCCGGTCCCCGGGTGATCGCCCTCTTCGGCTCCACCTCGCCGGCCAACACGCCCCCCCTCGATCGGCGGGCCCGGGTGATCTATCGGGCGCTCGAGTGTAGTCCCTGCTATGCGCGAACGTGCCCGTTGGGGCATCTTCGCTGCCTGACCGAGATCACGGTGGACGAGGTGCTCGAGCATCTCGAAGAGGGGGCGCAGGCCTCCGGGGAGCGGCAATGAAGGACTGGATCGTCGGCATCGACATCGGGGGCACGAACCTGGTGGTGGGCCTGGTGCCCGC
NZ_CP144380.1_gap22	590609	593143	2534	AATTCAGCAGATGCGCAAACAGGTGCGAAAGTGGAACGGCTCGATCGCCATCCGTTCGGGCACGGCGCGGATCGCCGACGTGCCCGAGTGGGACGACGCGCCCCCGCTCAGCAAGGGCATGCAGCCGGTGCGCGGGTCGCACATCCACATTCTCCTGCCCGGGATGGAATCGAATGCGTAGCTCGCCCGACCCGATCCGGATCGACGTCGGCGCGCTGGTCCAGCGCTCGGTGGCCTCGCTCTACGCGCACCTGGTCACGCGTCCCACCGGCCGCGCCGTGCGGCTGGCCATCGAGACGCAGTTGGCCGAGGCCGGCGAGCCGACGATCTCGCTCATCGACCTCACCGAAGTGACGATTCTCGATTTCTCCTGCGCCGACGAGGTGGTGGCCAAGCTGCTGCAGCGCTTCCTGGGCGCCGACCGGCCGAGGAACGCCTTCTTCGTCTTCCGCGGAGTGCAGGCGCGTCACAGGGACCCCATGCAGACCGTGCTCGAGCGCCAGTCGCTGGTGGCGGTGGCGCAGCGCGACGACGGCAGCTTCGAGCTGCTGGGGCAGGCCAGTGCGGCCGAGCGCGAGGCGTGGGCTCGGATCGAGCAGGCCGGGCGCATCGGCGCCGAGCAGCGGGCCACGCACTTCGCCGGCGGCGATGCGCAGGCCGGCCTCGAGGCGCTGCTCGGACGCCGCCTCGTGTTCGAGACCCCCGGCACCCGCGACCTCGTCGCCCTCAGCCGCCTCATCCAGGCCACCGCATGAACACCGACGATTCGACCACGGGCCACGGCTTCTCCACCCTCGGCATCCACGGCGGTGCCGTGCGCGGGGCTCCCGGGGACTCCGTGGTGCCGCCCCTCGTCCAGAGCGCGACGTTTCTGGGGGGCGGGCCCGACGACCGACTGATGTACAGCCGCTACGGCAACAACCCGCTCCAGGAGCTGGTGGGTCGCAAGATCGCCGCGCTGGAGGGGTGCGAGGCCGGCCTGGTGCTCGGCAGCGGCATGGGGGCGATCTCGTCGGTGCTGCTGGCCTTCGTCGAGCAGGGCGACCACATCGTGGCCTCCCGCCACCTGTACGGCGCCACGCTGGAGCTGCTCGAGGTGGAGCTGCCGCGGCGCGGGGTGACCACCACCTTCGTCGAGCCGACCGATGTGGCGTCGTGGCGCGAGGCGATCACCGATCGCACCCGGATCCTCTATCTCGAGGCGCCCACCAACCCCACGCTGCGGATCGTGGACCCGAGGCCGGCGGCGGAGGCCGCCTCATCTGCCGGCGAGGCCCGCGACATCCGGGTGGTGATGGACGCCACCTTCGCGACGCCGGTCAACCTGCGCCCCGCATCGCTGGGCGTGGACTTGGTGGTGCACTCGGCCACCAAGTACCTGGGTGGCCACTCCGACATCATCGCGGGCGCGGTGGCCGGCTCGGAGGCGGACATCGCCGCCGTCACGACGATGATGAAGCGCTACGGGGCCGCCGCCGATCCGCACATGGTGTGGCTGCTCGACCGGGGGCTGCGGACGCTGGAGGTGCGGATGCGGCGGCACAACGAGAATGCACTGGCACTGGCGCGGTTCCTCGAGAGCCACCCGGCGGTGGAGCAGGTGCTGCACCCGGGTCTCGAGTCGCACCCCGACCACGCGCTCGCCCAGGAGCTCTTCCCCCACGGCACCGGCGGCATGGTGTCGTTCGTGGTCCGCGGGGGAGGGGAGGCGGCGGATCGCGTGATGTCGCGGCTGAAGCTGGTGCAGGCGGCGCCCTCGCTGGGCGGGGTGGAGAGCCTGATCAGTCAGCCGCGGTACACCTCGCACCGGGCGATGACAGCGGAGGGGCGGGCTGCGCTGGGGATCCCGGACGGGTTTCTTCGGGTGTCGGTAGGGATCGAGGATGTGGGGGATCTGGTTAGTGATCTTGAAGGAGCGTTGGGGTAGTGGGATTCTTTGGAGCTACGGGCCGGTTGCCGCAAGTTCTTGTCACATGTAAGCTGTGCCCCTGTGACCGTTTCATACGGCCTGCGGCACCATAGGTTCGGGAAGCAACAGCGAAGTTTGATCGCGTCGTACGGGTAAGGCAGCACCAAGAAGCTCAGGCGGCAACGCCCACTTCAGAGAGTTGACATGGACCTTCCACCCGTCCCGCGGCGGGGCGCAAGCTATGCGGTTAGCATCTCATGCGTCTCGTGGATCGACCTACTAGGCTACGGTTCGATGCTTCGCAAAGTCGGGTTTGACCCTACCGCAGACCTTGCGAGAGACGCGGTGGAGAGAATTGAAGCGTTCCACGCCATCGTTGCGGACCACTCCAAGCGCGAGTTCAGGACGGTGGTCATGAACGATGGTGCCGTCGCCCTTCGCGACCTGAGCCCCCGTTCTCACTCCGTTACGTATGATTTTCTTGCACGGAGTATCGATCTCTTCAACAGCGTCAACGAGAAGGATAGCGAGATCGGAGCACGGATGGTCATCGCCGCCGGGTTCCGGATGGAGACGACGGCGAGAGATCATATCTTTAGGACGTCATTGGCCCAGCGGGTCTTGG
NZ_CP144380.1_gap23	601928	606767	4839	GGCGTAGCTGTTGATGAAGGGGCTGAAGAGGCGCACCCACTGCCACTCCATCACCGCGCCGGTCAGTCGGTGCGACTCCACCAGCTCCATCTGGATGGGGGTTAGGAAGACGGTCACTGCCGCCACGGCCACCACCGCCGTCAGCACGCCCGCCAGGATGTTTGCGGTGCGGCGCGAGAGCGGTACACGACCGGGGCGAAGGCGATCGCGACGAAGGTCGTGAGGATCGGGATGTAGTGGACGACGCCCGGCATCAGAGCCACCCCGGGGTGGCTGCGGGGGGCGCGTCGTGCGCGTGGGGGAGGGGGGCGTGCATCGGAAGTGCCTGTCGAGGGATCGGGGGCGGAGGGAGTCCGGGTACAATCCACAACGCTGAGACCGCGCCTGCGACCGAGCAATTCGGGATACTACCGAGCCCGCAGTGGGTGCTTCTACGGAGGGTCGCTCTCCCTCTGCGCGCGCCCCTGCTGGCGAGCTTTCTCTGGCTCGATGGCTTCTGGCCGGTGTAAGTTCAGAGCATGGTTATCGTGGTCGAGCATCTTCGGGAGCAGGTCGAGGCCGTGATGCGTCGTCGGGGGGTCACCCGGGCGAGCGTATTCGGCTCTGTGGCGCGTGGGGAGGCGACTCCGGAGAGCGATGTCGACTTCCTCGTGGAGTTCGAAAAGGGCCGCAGCCTTCTCGACCTCTCCGGTCTCCGACTCGACCTGCAGGATGTCTTGGGGCTCGATGTCGATGTGGCTACACCGGCTTCGCTTCATCCCGAGATGCGTGATCGAATTCTTGCTGAGCTCGTCCGGATCCTGTGACGCGGTCGGTTCAGATCATCCTCGGTGACATCCTTCGGGCAGCTCGGCTGGCGCAGGAGTACACCAGCGAGGTGAGCTTCGAGGACTTCACGGTCGACACCGAGAAGCAGGATGCGGTGGCCCGACGGATCGAGATCATCGGAGAGGCCGTCAAGCAGCTTCCTTCCGACGTGCGAGAGAGGCATCCCGAAGTGCCTTGGCGAGAGATCGCCGGTGCCCGTGATATTCTCATCCATGAGTACTTCCGAATCGACCTCGAACTCGCCTGGGACATGGTTCAGTCCGATATTCCGGAGTTGATCTCGCAGGTCGAGCGCATTCTGCAGCACTGGCCGTGACGATCCCGCTGCCTTGGCGGGAGATGGCACCCGCGGTGTTGATCGCGTGGGTCGCCTCCGGGTGCGCCGAACCGCAGCGGGCCGCCATGGACGTCCAGGAAAGCGTCGTGGGCGACACCACCATCGTTCACACGGTGTCCGGCCAGAGGTGGAGCGGCGCGGCCGTGCTCCGCGAGGCGTTGACCATCGGCGCGCTCGACGGCCCTCCCGAGGTGACGTTCGGGGAGATCACCCGGATGGCCGAAGACGGGGCGGGGGGCGTGTACGTGTTCGACGGACAGGCCGTGCAGATTCGGCACTACGACGCCCGGGGGGACCACCTGCGCGACGTGGGCCGCTCCGGGGAAGGCCCCGGGGAGTATCAGAACCTGACGCTCGGAATGGCGGTCGATCCCGATGGTGTGCTGTACCTGCACGACTGGGGCAACGACCGCATCGCGCGATTCGATCGAGAGGGAGTTCCCCTCGATGCGTGGCCCATGGGATCGCGCTATCTGAGCACCGTGCCCGGCCGCTGGGTGTTCGCCGATGGGGTGGGGCGACTCCTCGTGGCCGCGCGAGTGGACGATGCGATGGCCCTGGTCGCGACCGCCGATGGCGAGGTGTCGGACACCCTGCTCGTGCCGCGGCTTCCGGGCATGCCGGCGCAGCGCGGGGGACCCTACCGGATCGACACCTACTGGTCTCGCACGCCCGAGGGCTGCTGGGTGGTCGGCGTGAGCGACACCTACTCGTTCGACGTGCGGTGCGCCGACGGCGTTCGACGCGTGCGCCGGACGGTCGATGCGCTTCCGGTTCACCCCGAAGAGGCGGCCGAGTATCGGGCTCGCTTCGAGTGGATGGAGGCGCAGTCCCTATATCAGGCGCCCCAGGGCGAGTGGATCCCCGCCGCGATGCCGCCGTTCTCGGGGATCGAGGTGGGATCGGACGGCCGGATCTGGGTGAGGCGCAACACGCAGCCCATTCGGGTCGCCGCGCCGGAGCTTCCGGACGGCCAGCCGGTGGTGAGCTGGGCGCAGCCGTTCCTCTACGACGTGTTCGGGGCGGACGGCGTCTTCCTGGGCGAGGTGCGATTTCCGGACGACGTTCAACCGCACCTGTTCGGGAGCGACTCCGTGTGGGGTGTGCGCACGGGGTCGCTCGGTGAACAGTACGTGGTGCGCCTCGCGCTGGAAGTGGAGTAGCGAGGCGCGGGCCTCACGGAGCTTCTCTCAGGGGCCTGCTTCCGGGACTCAGGATCTCGCCCACGATCCCCTCGACCTCTGCCGCGATCCGGTCCACGTGGTCGGGGCCGAGGAAGCTCTCCACGTAGATCTTGTAGATGTCTTCCGTACCCGAGGGGCGCAGCGCGCACCATGCGTCGGCCGTGGTGATCTTGAGCCCGCCGATGGGCGCACCGTTGCCGGGAGCGTGGGTGAGCACCGCCTCGATGGGCTGACCTCCGATCTCGCGCAGCTCGAGGTCGCCCGCGTCGAGCGACTTCAGGCGGCGCTTCTGCTCGGCGGTGGCCGGCGCCGACAAACGCTTGTAGGTGGGCCGGCCGAAGCGCTCCGCCAGCGAGGTGTAGAGGCGCGCGGGATCATCGCCCGTGCGCGCCAGGATCTCGGCGGCGAGCAGGCAGGCGACGATCCCGTCCTTGTCGGTGGTCCACGGTGTGCCATCGCGGCGCAGGAAGGTGGCCCCCGCGCTCTCTTCGCCCACGAAGCCCAATGAGCCGTCCACGAGGCCATCCACGAACCACTTGAAGCCCACCGGAACCTCGTAGCTCCCGCGGCCCAGTGAGCGGGCGACGCGGTCGACCATGCCGCTCGTGACGAGCGTCTTGCCCACCCGGAGTCCCTCTCCCCAGTCGGGACGGTTCTGGAACAGGTACCAGACGGCCACCGCCAGATAGTCGTTCGAGGGCATCAGGCCGCCCTCCCGGGTCACGATGCCGTGGCGGTCGTAATCCGTGTCGCAGGCGAAGGCGACGTCGAAGGAGTCCCGCAGACCCAGAAGGCGCTGCATGGCGTCGGGCGACGACGGATCCATCCGGATCACCCCGTCCTTGTCGAGGCTCATGAAGCGAAAGGTGGGGTCGAGGGTGGTGTCGATCGCCGTCAGATCGAGGCCCCAGCGCTCGGCGATCCGGTGCCAGTAGTGCACGCCCGCGCCCCCCAGCGGGTCGACGCCCAGCACCACGCCGGCCTCCCGCACGGCGTCGAGATCGACCGCGGCGCCCAGGTCGTCGACGTACGCCGTCAGGTAGTCGTGGGTGTGGGTGGTGTCGAGGGCGAGGGCCCGCTCCACGGAGATGCGGCGCACCGTCTCCACCCCGGCCTCGAGCAGGGCGTTGGCCTCGGCTTCGATCCAGCGCGTGGCGTCGGTACCGGCCGGTCCGCCGTGGGGCGGATTGTACTTGATGCCGCCGTCGCGGGGAGGATTGTGCGACGGGGTGACGATGATGCCGTCGGCCAGGCCGCTGCGCCGTCCGCGATTGTAGCCGAGGATCGCGTGCGACACCGCCGGGGTGGGCGTGAACCCACCGTCGGGCCCGGTCTCGGGCGCCACCATGACGTCGACCCCGGCCGCGCCCAGCACCTCCAGCGCCGTGCGCTTCGCCGGCGCCGACAGGGCGTGGGTGTCGATGCCCAGGAAGAGCGGACCGTCGATGCCCCGGTCCACGCGGTAGCGACGCACGGCTTCGACGACCGCCACGATGTGGTCTTCGTTGAAGGTGGTGTCGAGGGCGCTGCCCCGGTGGCCTGAGGTGCCGAACGACACCCGCTGCGCGGGCACCGCCGGGTCGGGCGATCGGGCGGTGTAGGCATCGAGCAGATCGTCGACGTCGATAAGCATCGACTCGGGCGGGGACTGTCCGGCCAGGGGGTGGCGGGCCACGGGCGCTCCGGTGGTGGGGGGCAAGAGGGGTGGGAAGGGCGAAGACGTCAGACTCCGCCCAGCTCGATCCCCATGGCGGTGGCTGCGTTGGCCATGCGCGCATCGTAGGTGGCCAGGCGCACGGGCTTGCCACGCTCACGAAGGAAGGCGATGGAGGCGAGGTGCAGCGCGTCGAGGGTTCGCACGGGTACGGGAAAGGGACCCAGGGCACGGTCGAGCACGGGCGGCCGGAGCTCGAGCCAGGCGAGTCGCGCGGTGAGGAGCCGTGCGAGATCGCCGTGCGAGGCGGCCAGCTGGCGGGCGTGGAGCCGCGTCCACAACTCGTACTCGAGCAGTCTGCTCGACACCAGTTCGGCGCTCCACAGCTCGGCGGGAGGCCGGCGGTCTTCGGCGAGCAGATGGGCCAGAGCGACCGAGGTATCGAGGTAGATCATCGATCGCCGCGGTCGTGGTCGAGTTCCTCCAGCAGCTCGGCCAGCGGTCCGATCGGTGCGGAGGGCGGCGGAGGTCCGGGTGGAGAGAGCGCCGGGGTGACCAGCTCTTCCGCGACGAGGTCACTCAACGCGCCTTCGGCCCGCGGACCACCCAGCTCCACGATGCCCCGGCGGAGCACCTCGGAGCGGGAGACGCCCAGCTCCTTCGCCGCCCGATCGAGCCGAGTACGCTCTTCGGCGCTCAGGTACACCTGGATGGGTTCACGCACGGATCCGGACATGAGCAAATTTACCGAATTTGCTCGGGCGCGGTCAATTCACCGCTCTACCGCCCCCGCACCTCGATCCGCTCGATCACATCCCCCGCCCGCACCCGCTGCA
NZ_CP144380.1_gap24	662196	665584	3388	GGATCGATGGCGTCGTGCACGATGTGCCCCGGGCTCTCCACCCGGGCCGCGATTCGGCACAATCCGCCCAGCACGTGCCGGTGCCCGAGCGCCTCGCCGAGCACGTCCACCGCCTCCACCCCGTTCAGCAGCGGGATCACCGCGGTGTGCTCGGCCAGCAGGGGGCGAATCGCCTCCACCACCCCGGGCAGCTGCCAGTTCTTCACGGTCACGATCACCGCATCGACCGCCCCGATCTCGCCGGTGTCGTCGGTGGCCTGGACCGCGGGAAGCGCGAAGTCTCCGTGCACGCTGTCCACACGGAGTCCCCCTTCGCGCAGGGCGGCGAGGTGGCGACCCCGCGCGACCAGCCACACGTCGTGTCCCGCCTGCGCGAGTCGCCCTCCGAAGTACCCGCCCACGCCACCTGCACCGACCATCGCGATTCGCATGTCCTGCCCCATGATCTGAAGAGAGAGCCCGGGCTCGCGCCCGGACCGATGAACATCAGGTGCTGCGCGCTCGTCCGCGCCAGGCCACGTAGAGCACCAGCACCACCCCGGCCGTGAGGACCGGTGCGGGTGACCAGGGCGTGAGCAGGGTCAGCGCGACGGCCACCGGCCCGGGAGCGCGTGCGAGCGGCAACCCGTGGCCGCGGTCGCAGACCAGCCACAGCATCCCGATGTAGAGCGCCACCGGGATCGCCACCGACCAGGCCGGCACCAGTCCCGGAATCGGGTCGTGGGTCGCGACATCGATCATGATCGCGAGCCCCGCCCCCACCGCGGCCGCCGCCGCGTAGATGAAGTAGTGCGCGTACCCCCACACGAACGCCTGTCGCGTGGAGACGATCAAGTCGTGCACGGGTCGCTCGAAGTACAGCCACCACATCGCGTACAGGATCAGCAGGCCGCCCACCACCGTGGGCATGAGGCTCCAGACCTCGGCGGTTCCGACGATGGCTCCCATCGCGGTGGTCGCCGCCAGCACCGATTCTCCGAGCACGATGATCGTGAGCAGGCCGTAGCGCTCGGCGATGTGGTGGGGGTGCCAGGGAGTGGCACCCGCCGATTCCGCCCACGCGGGAACGGCCAGTTCCAGCGCGATCAGGGCGGCGAGGAGGGGCGTGCCGATCCAGGGGGGTGCGAAGAGCAGTCCCACCCAGCCGATCTGCACCAGGGCGACCCCGACGGCGTACCGCAGGGCCGTGGTTCGGCGCGCCGGGTCCGCCGTGGCCGCGCGGAACCACTGCACCACCAGCGCCAGCCGCATCATCACGTAGCCCGAAATCGCTACCGTGAAGTCGCCCGCCGCGAGTCCCGACACCCCCGAGGCGAAGACGAGAGCCCCCGTCATCTGCACGAACACGAGCAGCCGATAGCGCGCGTCGTCGCAGTCGTAGGCGGAGGCGAACCAGGTGAAGTTCATCCACGCCCACCAGATGCCGAAGAAGGCGACGAGGTAGCCGTGAAGCGCCTCGAAGGCGTGGTTCTCGAGGACTCCATGGTGCAGATCCGCGGCGGCGATCGCGATCGCCACCACGAAGACCAGATCGAAGAAGAGCTCGAGGGGAGTGGCGGCGCGCCCCGGCTCGTGCGGGTCGCGGGGGCGCATGCCGCCTGCGGGGGAGGAGGACGGCGATCCTGAAGTCACGCGGGTTCTCCGGATTGCGGGGGGGGGGCGTGAAGGTGTCGGGCCGAGGGCCGGTCGGGGCGGGGCCGGTCGCCGGGCGCAACCTGAGACTCCCGCGCTCGCGCGACAACCGCGGGTGGCTTCCGCAGAGGAAACAACGTCGTACCGGAGCGCGACGAAGAAGGCGGACGCGACGAAGATGACCGTATGCGGAATCTTCGTCGCAAGCGCGCGCGGGGGCAGACCATCGACGGCAACGTTCCGTACCGTATGCGGAATAAACGTTGCCTCGGCTCGCCGGAGCGTGCACGAGCGCGACGTTGTTTCCGGTGGACACTGGCCGGATGATCCCGGGGCGCGCTCGGCCCGTCACGCCGGTCCGAGGGCACGCTCCGGTTCGTGCGGTCGGCCGGGCCGCCGCGTACCTTTCTGATCATGTGCGCCGCCTCTCGCCCCGCCGCCGAACCCCGCCCCGCCGCCGATCCACGGCCCGGCCCGGCCCCCGCATTTGACGGCCCGCACTGCCTCCGGCCCCATCCCGCCGCCGGGCGGCGGCTTCGGGGCGCCCTCGCGGGAATTGCCGGCAGCGGGGGCGTCGTGATCGCCGCGGTCTGTGGGCCACCGCTGGCCGCGAGGCTCGCCGCGACGGTGGCCGCACCGCTGGCCGCGACGGTGGCCGCACCGCTCGCCGCGACGCTCGCCGCACCACTCGCCGCCCAGGAAGCCGTGCAGCGCGACTCGGCCGCCGCGGTGGCCGACGCCCGCTCCGCCCAGTCGCGGTTCGAACGCGACCGGGTGCGGTACCTGCCGTACGACCGCTCCGGCTTCTCGGGCAGCAGCTGCGACGAGCGGGTGGGCCGCATGTGCCTCTGGCTCGAGGGGCGATCCGATTGGTGGTGGCCGGAGCGCGAGCCCCCCGACCTCGTGGCGGCCCGCGACGAACTGATCGACGCACTCTCGGCCGCCGCCCTCGACGCCCCCGGCGACCCGTGGGTGATCGGGCAGCTCGTGATCTACCTCGGCGAGGCCGGGCGGTGGGAGGAGGCGCGGGCGGCGGCCCGGCGGTGCGGGGTGGCCCCGATCCACGCCTGGTGGTGCGCCGCACTCGAAGGCACCGCGCTCCACCTGCTCGGCAACTACCCGGCGGCCGAGGGGGCCTTCGCCCGCGCCCTCGACGGCATGGACGCCACCGAGGCCTGGCGCTGGCGACAGCTGCGCGACCTGCTCGATGGGCCCGGTCGCGACGCCGAATCGAAGGCGCGCGAGCGCGACGACGGCGCGGCGGCCCAGCGCTTCTGGGCGCTGTCCGACCCGCTCTTTCTCGTGCCCGGCTCCGACCGCTGGACCGAGCACATGGCGCGCCGCACCTGGATCTACGCTCGCGAAGACGCCCGCAATCCCTACGCCATGTCGTGGGGAGACGACCTGGAGGAGATCGTGCTCCGGTACGGGTGGGAGGTGGGGTGGGAGCGCAATCCGCCCCTGTCCGGCTCCTTCGGCGCGCGCTCTTCGGCGGTGGGCCACCAGGATCCGCGCAGTCAGGGGTTCGTGGCGCCCGCCGCGGCCTGGGACCCGAATGCCGACAGCGCTCCGGAGGCGTGGAACCCGGGCAGCCGACCCGCGCCCCGCACCGGCTACGCGCCCGCCTACGCGCCCACCTTTCTCGATCTCGCCACGGCGGTGGCGGTGCTCCCTCGCGGAGACTCGGCGGTGCTCGTGACGGCGTTCCCGGGCCTGCCCGCCGACACCACCTTTCACGCCGACCACACGCACCCGC
NZ_CP144380.1_gap25	691841	695264	3423	TCGCCGGGCCGAGTGGCGGTCCGACCCGCTCACCCACGACCGGGTCAGTGCGGGGTTGTCCACGGCGGTTCGCGGCGCCCAGCGGCGGGCCCTCGCAGAGGAGTGGCCGGCGGGGGTGCCGGGCCTCTTCGTGGTGCCGGGGGCCGACCCTGTGGCCGACGCCGACGTGACCCGCGCCTGGGCCGCGAGGCAGCCGCCCGGGCGCATCGACGTGGAGGTGGTGGAAGGGGGGCTGCACGAGCCACACAACGACCGCGACAGGGAGGCCGTCTGCCGCCGAATCGCGGCCTGGGCGACCCTCCACGCGAGGGGCTGAACAGCGCCCCCCGGAATGGGTATCTTGATCGGGGCCCGGCCCCGACTTCCGTGACGAACGACCAAGAGACGCCAGATGACTGATCCGACCGCGAACGAGACGCCCGACCTTCCCGACCTCGACGAGACCGTGGGGAGCGATCCGGTCGATCTGCCCGACGCTTCCGAGGACGCGGCCGGCCCGACGCCCGACGAGGTGGAGCGGACGCTGGTGGCCGACGAGGTGAGCGATCTGCGGCGCGACTTCGAAGAGCTCAACGACCGTCACATGCGCCTGGTGGCCGAGTTCGCCAACTTCCGCCGTCGCGAGGCCGAGGAGCGAACCGGTACGTGGGACCGCGCGCAGGCCGACCTCGTGCGCCGCTTTCTCGACGTGCTCGACGACCTGCAGCGCGTGGCGCTGCTCGACCCCGCCGACGAGGCGGTCACCGTTCAGTCGATCGTCGAAGGGATCGACCTCGTGGAGCGTAAGTTCCACCGAGCCCTGGAAGAGTCGGGCGCCGAACTCCTGGAGCCCGAGGAGGGGTCGGCCTTCGATCCCGAGAAGATGGAGGCGATGATGCGCGTGCCCGTGGAAGACGAGGCTCTCGACGACACCGTGGCCGGCGTCTTCGCGCGGGGATACCTGTTCCGGGGGCACCTGGTGCGCCCCGCGCGGGTGAGCGTCCACAAGGCCGACTGAGGACACCATGGCGGCATCGAAGGATTTCTACGAGGTACTCGGCGTCTCGGAGAAGGCGTCGGCCGACGAGATCAAGAAGGCCTACCGCAAGCTGGCGAAGCAGTATCACCCGGATGCGAATCCGAACGACGCCGGCGCAGCGGAGCGCTTCAAGGACCTCGGCGAGGCCTACGCGGTGCTGTCGGATGCGGAGAAGCGCAAGCAGTACGACCAGATGCGTCGGCTGGGCGCCTTCGGGCTCGGCGGCGCCGGCCGCCGGTCGAGTGCCGGGAGTTCGCGGCGACCGGGGAGCCCGGGGAGCGCCTCCGGAGGCATCTCCTTCGACGACATCCAGGGCTTCGGGGGCATCGGCGACATCTTCAGTTCGATCTTCGATCTCGGCGGGCGGGGCAAGACCCAGACGTCGTCGAGCGGAGGGCCGCGGAAGGGTCAGAACGTCGACTACGTGGTCGAGGTCGGGTTCGAAACGGCGGTGAAGGGCGGCAAGATCTCGATCGACGTGCCCATCACCGAAGAGTGCGCCACCTGCTCGGGCTCCGGAGCCGCCCCCGGGTCGGCGGTGAAGACCTGTGGCGAGTGCGGGGGCTCGGGGCAGGTGAGCTTCGGGCAGTCGGGCTTCGCCGTGAAGCGCCCCTGTCCGGCCTGTCTCGGGCGGGGCACGATCCCCGAGATGCCCTGTGCGGCCTGCAAGGGGCGCGGCAGTCTGCGGCAGTCCCGCAAGATCCAGGTGGCGGTGCCCAAGGGTGTGGACGACGGCTCCAAGCTGAAGCTCTCCGGTCAGGGGGAGCGCGGCGCGGGAGGCGGCCCTCCGGGCGACCTGATCCTGACCTTCAAGGTGAAGGAGCATCGGTTCTTCCGCCGGGAGGGGCTCGACATCCACGTGACCGTGCCGGTCAACATCGTTCAGGCGGCCCTCGGCACCCGCATCAAGGTGCGCACCGTGGGAGGCTCGAAGGTGGTGCTGAAGGTGCCCGCGGGAACGCAGCCCGGCACCCGCTTCCGCATCCGCGGTCAGGGGGTGGAGAAGGGCGACCGGGTGGGTGACCAGATCGTGGAAGTGAAGGTCGAAGTGCCCGACACCCTCGACGATTCGGCTCGCGAGGCCCTCGAGAAGTTCGGGTCCGCGGCGGCGCTCCGACACTGATCGGAGCTCGACCCTCGCGGGGTCAGCGCGCCGAAGCGATCCGCCCGCCGCCCAGTACCGCGTCGTCGCCGTCGAACACCACGGCGGATTGACCCGGCGTGACGGCGCGCTGCGCGTCGGAGAAGTCGAGGGTCAGCACATCGCCCCGGCAGGATCGCACCCGCGCGGCGACGCCGGGGGCGCGGTGGCGGATCTGCACCCGCAGCTCCGTACCCGGGGCGGGCACCGGCTGCAGCCAGTTCATCTCCTCCACCTCGAGGGCGGTCGAGGTCAGGGCGGAGCGCGGGCCGACCACCACCTCGCGGCTGTCCGGCCGCACCTCGATCACGAACATCGGCTCCGAGAACCCCCCGCCGAGCCCCTTCCGCTGACCGACGGTGAAGCCGGCATACCCGTCGTGCTGCCCGAGCACCCGACCGTCGACGGTCACGAGCGGACCCGGCTCGAGCGCCGGATGGCGCGGCTCGAGACGCTTGCGCAGCAGGTCGCGATAGTCGCCGGTCGGCACGAAGCAGATCTCCTGCGACTCGGGCTTCTCCGCGGTCACGAGGCCGAGCTCGCGCGCCCGCTCGCGCACCTCGGGCTTGGTCATCGACCCGAGAGGGAAGAGCAGGCGGGAGATGAGCTCCGGAGGGAGTCCCCAGAGAAAGTACGCCTGGTCCTTGTTCGCATCGGCGCCCCGCAGCAGCCGGCTGCCGTCGGCGTCGTGCTCCACCCGCACGTAGTGCCCCGTGGCGATGGCGCGGCAGCCGAGCTGGTCGCCGCGCGCCATGAGATCGCGAAACTTCGTGTTGGCGTTACAGCGGACGCAGGGATTCGGGGTGCGGCCACGGGCGTACTCGCGCACGAAATCGTCGATCACGTCGCGGGTGAAATCCTCCTCCACGTTGAAGACGTAGTGGGGGATCCCGAGGCGGTCCGACACCCGGCGGGCATCGAGAATGCCGTCGAGCCCGCAGCAGGTCTTGCCGTGGTCGCCCACGCCGTCGTAGCAGAAGGTCTTCATCGTGACCCCCACCACCTCGTAGCCCTGCTCCACGAGGAGCGCCGCGGCCACCGACGAGTCCACGCCACCCGACATGGCCACGAGCACCCGGTCGCCGGGGCGGGCGCCGCCGGTCCGAGCGGGAGAGATCATCCGTCGTGCGGGCGCAGCCGCTCGACCACCCGGATCACGATGTCGGCGGCGCGATCGACGTCGGCGTCGGTGGTGGTGCGCCCGAAGGAGAAGCGGATCGCGGATCGGGCGTCGTCGCCGTACATGGCTTCGAGCACGTGGCTG
NZ_CP144380.1_gap26	716949	720834	3885	GATCGGCTTGCGGACGTAGTCGTTGGCCCCGGCCTCGACCGCCGCCTGCACCGTCTCGCGGTCCGACATGCCCGAGCAGACCACGAGGGGAATCTCCGGGTCGGGGCTCTCACTCCGAATCCGGCGCACCAGGTCGAGCCCTCCCCCGTCGGGAAGACTGAGGTCGACGATCGCTCCGTCGACCGGATACTCCTGGATGTAGCTCCAAGCCTCGGCCGATGTGCTCGCCCGCATGTGGAAGTACTGGAGCTGATGGACGACGGTGGCGAGCAGGTGCAGGACCACCGGGTCGTCGTCGACGACGAGGATCAGGCGCATGGGGGTGGGGCGAGGGGAAGAGGATGGAGGAATGTGGACGCGCCGGGGCCGGGGCGCCACGGGGGCGCCGTGCAGACGCCCCGCTCCGCCATGGGGGCGCCCCGGGCGGCGGCGCACCTTCGATCGCATGCTCTCTCGAATCCCCACCGCGGCCCTGCGCGGCGTCGACGCCCTCCCCGTTCGGGTGGAGGTGAGTCTCACTCCCGGCCTGCCCACTTTCACCGTGGTGGGGCTGCCGCAGGGGGCGGTGCGGGAAGGCCGCGAACGGGTCGTCGCCGCGCTGAAACACGCGGGTTGGCCGCCGCCCACCCGCCGGATCACCGTCAACCTGGCGCCCGCGGATCTGCGCAAGGAGGGGAGCGGCTTCGACCTCCCGATCGCCGTGGGCCTTCTGGTGGTGTCGGGGGTGATCGAGCCCGAGCGGGTCGACGGCTGGGCCTTCGTGGGCGAGCTCGGGCTCGACGGTCGCCTGCGGGCGGTGCGGGGGGTGCTCTCGCTGGTGGCCGGGTGTCGCGACGGGGGTGCCACCCGGCTGATCGTGCCGCCGGAGAATGCAGCGGAGGCGGCTCTGCTCGACGGGGTGGAGGTGCGCACCGCGCGCAGCCTCACCGAACTGGTGGCGTACTTCACGGGTGCGGGATCGCTGCCCGTCGTCCCGCCGCGCGTGGCCGGCGCTCCCGCGCCCCGCGGGGGCGACCTGAGGGAGGTGCGCGGCCAGATGGTGGCGAAGCGCGCCCTCGAGATCGCGGCAGCCGGGGCGCACAATCTTCTGCTCGTCGGCCCCCCCGGCGCCGGCAAGACGCTCCTCGCTCGCCGCCTGCCGGGACTGCTGCCCCCCCTCGACCGCGAGGAGCTGCTGGAGGTGGTGCGGGTGCATTCCGTGGCGGGGCTCGTGGATCCGGGGCGCATCCCCTCGGCGGAGCGACCCTTTCGCGCCCCGCATCACACCGTGTCGCACGCGGGTCTGGTCGGGGGTGGCTCGCCGCCTCGCCCGGGCGAAGTGAGTCTCGCCCACCGGGGCGTCCTCTTTCTCGACGAGCTCCCCGAGTTCAGTCGATCCACCCTCGAAACCCTTCGGCAGCCCCTCGAGGACGGGGTGCTCACCCTCGCGCGCGCCGCCGGGCACCTGGCGTATCCGGCGCGATTCGTGCTCGTGGGGGCGATGAACCCCTGTCCGTGCGGGCATCACGGGGACGGCACGGATCGGTGCGTCTGCGACGCGGCGGCGGTGGCGAGATACCGGGGGCGCGTGTCGGGGCCGGTGCTCGACCGGATCGACCTGCACGTCGGGGTGTCGGCGCTCAACGTGGACGAATTGCGCGGCCCACCCACCGGGTCATCCAGCGGGGAGGTGCGGGCGCGGGTCGTGGCGGCTCGCGCCATCCAGGCGGCCCGGTTCGGAGAGGGCGATACGCGATGCAACGCCGAGATGGGGCCCTCCCAGCTTCGCCGCCACGCGGCGGTGCGCCCCGCCGTTGCCCGCCTCCTGCAGCGCGCGCTCGATCGCATGCAGCTGTCCGCCCGCGCCTACCACCGGATCCTGAAGGTGGCCCGCACGATCGCGGATCTCGAGGCGGCGCCGGAGATCACCGAGGATCACGCGGCCGAAGCGGTGCAGTACCGGGAGCTCGACCGGGTGGGGTGAGGTGCTATCTTCGGCGATGTCCTCCGCGTCGCCCCTCGGGGCCCCCTCGCACCGGCCCGACCCCGCCGACCCCTCGCTGGCTCGACTGCTTCTCGCCTTCGCCGCCGTCTACCTCATCTGGGGGTCGACCTATCTGGCGATCCGGTTCGCGATCGAGACCATGCCGCCCTTCACCATGGCGGGCGTTCGTTTTCTCTCGGCCGGAGCGCTGCTCTACCTGTGGGCCCGCTCCCGAGGGGCGCCGAATCCCACCCGGCGGCAGGTGCGCGACGGGGCGGTGATCGGCGCTTTTCTGCTGCTCGGGGGGAACGGCGCGGTCGTCTGGGCGGAGCAGTGGGTGCCCTCGGGACTCGTGGCCCTTCTCGTGGCGACGGTGCCGCTGTGGATGGTGCTGATCGACTGGGGCTGGGGCGACGGCGAGCGGCCGTCCATCGGGGTGGCGCTGGGGCTGGTGCAGGGGCTGGTCGGCGTCGCCTGGCTCACCGGCGGGTTGCAGGGCGAGGAGTTCGGGCCCCGCGCCATGGTCGGGGGCGTGGTGGTGCTGCTCGGCGCGCTCTCCTGGGCGGTGGGGTCGATCGTGGCGCGCACCGCGCAGGCCCCGGCGGCCCCGCGCATGGCCACCGCCACCCAGATGCTCGCCGGGGGCGCCATGCTGCTCGCGGTGGGGGGCGGGGCGGGGGAGTGGAGCGGCTTCGCCCCGGCCCAGGTGAGCGCGGCGTCGTGGCTGGCGCTGGCCTACCTCGTGGTGTTCGGGGCGCTCGTGGGCTACTCGGCCTACATCTGGCTGCTCGGCGTGACCACGGCAGCGAGGGTGTCCACCTACGCCTACGTGAACCCGGTGGTGGCCCTCGTGCTCGGGTGGGCCCTCGCCGACGAACCGCTCGCGCCCCGCACCCTGGGGGCCGCGGCGGTGATCCTTTCGGCGGTGCTGATCCTGAACCGGCTGGGGCGCCGACGGCGGGTGCCGGTTGGCGCGCGGCCGGTGCGGTCGTAGTCTGCCGCCATGCCCGCCGACCACTACCTCGACTTCGCAGCTACCTCGGCCCTCCGTCCGCCCGAGGTGGCCGACGCCGTCGCCGACTTCCTGCGCGACTGCGGGGCGACGCCCGGACGGGGCTCGCACCACCGGGCGCTCGACGCGGGGCGAATGGTGTTTCGCACGCGGCGTGCGCTGGCCCGTCTCCTGGGACTTCACGAAGAGCCGGGGCAGGTGGTGTTCGGAGCGCATGCCACCCAGGCGATCAACACGGTCCTGGGCTCGCTCGACCCGGGGCAGGTGCTGGTGGTCACCGATCTCGATCACAACGCGGTGCTCCGGCCCGCCCACCACCTCGCCGGGGCGGGAATCGAAGTCCGCCGCGTGGCGGCCGACCCCCGGGGCGAGCTCGACCCGGATTCGCTCGAACGCGCGCTCGACGGCGCCGATCTACTCACGGTCAACGCCGCCTCCAACGTGCTGGGCAGTCGCCTTCCCGTGGGGGAGATCGCGCAGCGGGCTCGGTCGGCCGGGGCGCGGGTGCTCGTCGACACCGCCCAGACCGCCGGACACCTCGTCGACGATCTGGCGGGCGCCGACTACGTGGCGATCACCGGCCACAAGGGGCTGCTCGCGCCCCAGGGCATCGGCGCTCTCTGGATCCGGGAAGGCGCGCCGATCCGGCCGCTGCTGCGCGGGGGCACAGGGGGAAACTCGCTCGATCGGGAGATGCCGGCGGCCCTCCCCGACCGCCTCGAGGCCGGTACCCTCAACGCCCCCGGCATCGCCGGGCTCGCGGCCGGGATCGACTGGCTCGAGCGCGAGGGTGTGGAGGCGATCCACCGCCGGCTGTCGGTGCTGCGCCTCCGGCTGCACGACGGCCTCGCGGGCGTCGCCGGGGTGCGGGTGCTCTCGCCGCGCGACCCCGCCGGCGCGCCGATCGTCA
NZ_CP144380.1_gap27	725927	726885	958	GCTCCACCGCATCGGACGCCGGAGTTCGTCGCTTCTGCAGGAGCTCGGGCGAGAGCCCACGGTCGAAGAGATCGCCCGGGATCTCGACATCCCCGAGTCGGAAGTGGAGAAAACGCTGGCGATCAGCCAGTCGCATCTCTCGCTCGACGCCCCGCTCGTTCCAGGTGAAGACAGTCGGCTGCTCGACTACCTGCCCGACCAGTTCTCTCCGGGCCCGGAAGACGAGGCCTACGATCACGCCCTGAAGGAGACCGTCGAAGAGGCGTTGTCGAGCTTGAAGGAGAGGGAGGCGAAGATCCTCCGTCTCTACTACGGGCTCGACGATCAGGAGCCGATGACGCTGGAGGAGATCGGCGACATCCTCGGCATCACCCGCGAGCGGGTTCGGCAGATCAAGGAGAAGGCGCTCATCCGCCTTCGACACGCCACCCGCGCCAGGTTTCTCGAGACCTTCATGTAGGCGGCCCCCAGCCGTTGACACCCCGTCGGCCCACGGATATCATTCAAAGCTCTGTTTGTCCATTGCCTGACGGGCTCATGAAGACGTATACGCCGAAAGCCGACGATATCCAGCGCGACTGGTGGATTGTGGATGCCACGGGGAAGCCCCTTGGCCGCATCGCCACCGAGATCGCACGTGTCCTCCGGGGCAAGCACAAGCCCATGTACACCCCTCATCTCGATACCGGGGATCACGTGGTCGTGATCAACGCGTCGGAGGTCACGCTGACCGGCAACAAGGCCGATCAGAAGACCTACTTCCGGCACTCGGGATACATGGGTGGCGAGAAGCACATCCCCTTCAAGCGCATGCTCGCGTCGCACCCCGAGCGGGTGATCGAGTTGGCGGTGAAGGGCATGATGCCCAAGAACGCCCTCGGCCGGCAGATGCAGAAGAAGCTGAAGGTCTACTCCGGGGCCAACCATCCCCACCAGGGCCAGACTCCCCGGCCCCTGG
NZ_CP144380.1_gap28	742995	745161	2166	ATCATGCCCTGGAAGAGCCTGCGGTTGGTGCGGAAGCTGAAGATCGTGGCCGACAGCACCCGGTCGAACAGCGCGTCCGCGGCGCCGTGGTCGTGGTCCATCACCAGCGCCCGGGCGCGGCCGAGCCATCCCTCGCCCATGTGCATGTCCATGCGGTGCTCCCAGTAGGTGTGGCCGATCGACGCGGTGGTCGAGGTCAGGAGCAGCTGGCGCGGCACGTACAGGTTGTGGGCGACGGTGTCGGCGGCGAGGTGGGCGAGGTAGCCGTACCCCACCGCCTGCAGAGACTCGTCTTCGGCGGCGTCGAGGATCTCCTCGCCCACGTGCCAGTTGTGGCAGTGTCGCCCCTCGGGCACGTACTTCTTGGCGAGCGAGATGTCGGCCGCCACCGAGCCGTAGAGGAACGACACCGGATGGCGCTCGAGCACGGCCTTCACGGCGGGGGGCAGCAGGTGGAGCGCCCCCAGCACGAGTTCGCCCAGCGCCACGTGCGTGCCGGGCCCCCAGGCCGCGAGGGGATCGGGCAGCAGGATCCATACGGCGGCGAAGAGAAGGGCCGGGATCATCCGGAGGCTACTCGCCCGACCGGTCGGGCTCGGCGGGCAGCGTCGGGGGGCTCGGGCGCTCCGGCCGTACGAGACTGCGGGCTCCGGCCCGCACGCCGCGGGCCGTGGACGCGGTGTCGAGAAAGACGTTCTCCGCCTCGCCCTGAACCACCTCCATCAGGGCGTTGAACTCCTCGATCCGCGTCTCCATGTGGTCGGAGGCCTGCTGAAGCCGTCCCGAGAGCGCCTGTACCGACCGGTGCAGGCCCTCGATGTCGGTGCGAACGCTCGCCGAAATGAACTCGACGTTCGCAGCCACCGACTTGCCGCGTTCGAGCAGCGGGTCGGCGCGACGCGAGGCCTCGCGCGCGATCTTCTGGATCGATCGCGAGGTGCGGATGAGCAGGACGAGGGCGATGACGGCGGTGACCGCCACGGCGACGGCCGCGATGACCAGGGCCCAGTCGGCCGCGACCGAGACCGCGTCGCGGGAGGCCTGCACGTAGACGGTGTCGGAAGCCTGGAAGACCATGCGCTAAGTGTATGCTCTGCCTACGGCGAGGGGGAGGGGGACTCCGCGTCGGCCTCGTCCTCGTCGTCGGTCTCGGGCTCCGGTTCCGATGCGCCGGCCGGGACCGGGCTGGCCGGTCGGTGCCGCCGCATGGCCTCGGCCTCGGCCTTCCGGTCGTCGCCCTCCGCGATCGCCTTTTCGACAGCTCGGGTGATCTCTCCTGCGCGACGCAGCACCTGGGCGGTGAACACCGGTCCCGTGAGCTCCGACAGCACCACCCCCACGACGATCACCGCAAAGAGCAGGTCCACGGCGGGGAGCCCCCCCACCTCGATGCCCGAGCCCCCGAGAGTGAGCACGAGGGAGAGGGCCATCGCCAGGGTGATCCCTCCCTGTGGGATGAGTCCGAGCCCCATGCGGCGGGGCGCGTCGAAGGGCAGGGGCAGCAGCTGGACGAAGACCGCACTGCCGATCACCTTGCCGACCATGCGCATGGCGAAGTAGCCGACCCCCAGCGGGAAGACCCACCAGGTGGGGAGCCGCAGCTGGGCACCTGCGAGGAGCAGGAGCACCAGATAGATCGGCTTCTCCCACTGCTGGAGCGCCTTGAACACCCGGTCGCGGTCGCGGGAGAAGTTGGCGACCACGGCCCCCATCACGGTCGCGGCCACGAGCGGCGACAACTGGAGTTGCAGTGCCGCGCCGCCGGCGAGTGCCGAGATGCCCAGGAGGTACAACACGAGCTCCTCGCGTCCGGGGCGGAGCCGCATCAGCCAGAGAAACAACACTCCGCACACGAGGCCGAGGGCGAGGTCGATGCCGGTCCAGAAGAGGGGGCCGCCCACCTCGAAGCCGGCCGTCATGTCGGTGCCGTGCATCCACCCGTAGGTGACCTGAAGGGCCACCAGGCCGACCACCGCGTCGAGAGACGCCACGAAGAACAGGCACTGCCGCACCTGGCCGCGGACCAGAAAGTTCGTGGAGACGAGCGCGATCCCCGCGGGGCTCGACACCGCTGCGGTGGCGCCCGCGGCGAGGATCAGGGCGGTCACCTGCGGGGTGGCCATGCCCATGAGGTCGGCCGAGAACCACCCGATGGCCGCGAACACC
NZ_CP144380.1_gap29	762080	766561	4481	ACTTCGCCGCCTCGGAGCCGCTGACGCGGGCGGTGATCGAGTCGGGCGCCGTGGCGCTCGCCTACGAGACGGTGGAAATGCCCAATGGGGAGCTGCCGCTGCTCACGCCGATGTCGGAGGTGGCGGGGCGGATGGCGATTCAGGAGGGGGCGAAGTACCTCGAGCGCCACTCCGGCGGCGCGGGCGTGCTGCTCGGCGGCGTGCCCGGCGTGCTGCCCGGCAAGGTCCTGGTGCTCGGCGGCGGCATCGTGGGCGTGAACGCGGCCAAGATGGCGGCGGGCCTCGGTGCCCGCGTGTCGATCATGGACATCTCTCTGTCGCGCCTGCGCTACCTGTCGGATGTGATGCCGGCCAACGTCAACCTGCTGTACAGCACGCGCTATGCGGTGCGGAAGCAGCTCGAGGACTCCGATCTCGTGGTCGGCGCCGTGCTGATTCCGGGCAAGAAGGCGCCGAGCCTCGTGCGCCGCGAGGATCTGTCGACGATGCGACCCGGCTCGGTGATCGTCGACGTGGCCGTCGACCAGGGCGGGTGTGTCGAGACGATCCGACCGACCACCCACGGTGACCCGATCTATACCGTCGATGGGGTGATTCACTACGCCGTGGCGAACATGCCCGGTGGGGTGCCGCGCACCAGCACCCTCGCGCTGACCAACGCCACGCTGCCCTACGCGCTCACCCTCGCGGCGCACGGATGGAAGGCCTCGTGCACCGGCGACGCGGCGCTCGCGAAGGGGCTCAACATCGTGCACGGCGAGATCGTGTACGAGGGGGTGGCCGAGGCCTTCGACCTGCCGTCGCGCGACGTCTCGTCGGTCCTGGCCTGATCGGTGCGCTCCGTCGACACGATTCGCTTCAAGCGACTCGATTCGAACCCGGATCTTCCGCTTCCGGCTCGGGCGACGGAGCAGGCGGCCGGCTACGACGTGCGATCGGCCGAGGCCGATTTCGTGTTGGAGCCCGGCGACATTCGCCTCGTGGGAACCGGCCTGGTGCTCGAGATGCCCCCGCATCTCGAGTGCCAGGTGCGGCCCCGGAGCGGCCTCGCGGTGCGGCACGGCGTGACGCTCCCCAACACCCCCGGCACCATCGATCCCGACTACCGGGGCGAGGTGAAGGTGCCGCTGATCAACCTCGGCCGCGAGCCGGTCTCGATCGCCCGCGGAGAGCGGGTGGCGCAGCTGGTCTTCGCCCGATTCGAGACGCCGACCGTGGAGCTCGTGGAGGCCGTGGAAGCGACGACTCGCGGCGGCGACGGCTTCGGATCGACCGGGCGGGGCTGACGGGCCGGAAACGATCCTGGGAACATTCGTTTCCGAAACGCGGGAGAAGGGCCGTACATCGGGGCATCATCCTTGCTCCGACCCCCCGACTACACTAGTGTGGTGAGTCGCCATTCCACTCGGAATGGTCACCCCTTCCAATACCCGCCCATCCAGAGAGTTCCGCCCTTGGCCCGCTGGTTCAGTTCGGGGCGCCTGGTCCCCGTCAACGACATCGCCGTGGACCTGGGCACCGCCAATACACTCGTCTACGTGAAGGGCGAGGGGATCGTCCTCAACGAGCCCTCCGTCGTCGCGGTCGAGAAGTCCGGCCGACGCATCACCGGCATCGGGCTCGAAGCCAAGCGGATGCTCGGTCGGACCCCGGAGGGCATCGAGGCCGTGCGCCCCCTGAAGGACGGGGTGATCGCCGACGTCGACGTCACCGAGATGATGCTCCGGCACTTTCTCAAGCAGGTGACGGCCAAGCGCATCTTCCGCATCAAGCCGAGGGTGGTGGTCGGGGTGCCGTCGGGTATCACCGAGCTCGAGCGGCGCGCCGTGCGTTCGAGCGCGATGGCGGCCGGAGCGAAGGCGGTGTACATGGTCGACGAGCCGATGGCCGCTGCGATCGGGGTGGGACTCCCGGTCGAGACGCCCACCGGCAACATGGTGATCGACATCGGCGGCGGCACGACCGAGATCGCGGTCATCGCCCTTTCCGGCATCATTTCCAACACCTCGATTCGGGTGGGTGGCGACGAGCTCGACGCGGCCATCGTGACCTTTCTCCGCAAGAACTACAACCTGCTCATCGGAGAGCCCACAGCCGAGGCCATCAAGATCCAGATCGGATCGGCCTTCGACCAGGGTGACGAGCGGGAGATGGAGGTCAAGGGGCGCGATCTGGTGAGCGGCATTCCGAAGACGGTCACGGTGCACTCGCACGAGATCCGGGAGTGCGTTCAGGAGCCGATCCAGGCCATCGTCGAGGCCGTGCGGCGCGCGCTCGAGATCACGCCGCCGGAGCTGGCCTCCGACATCGTGGACCGCGGCATCGTCATGACCGGGGGCGGGGCGCTGATCCGGGGACTGGATCACCTCCTCACTCAGGAAACCAATCTCCCGATCCATGTGGACGAGGAGCCGCTCACCTGCGTGGTGAGAGGGGCGGGTCTGATTCTGGACGACCTGACCAAGTACCGGGCCGTCCTCACCACCTGATGGGGCCGTGCCCCCGTATGTGCCTCCCGGTCCGCTAGACGCCGACGCGCGTCGCCAGGGAATCATCGCCGTCACCTTCCTGGTGCTGGCCATCGCCCTCACGGCTCTCCCCCCGGCGGGGAAGCAGGTCGTGGCGTCCGCGCTGCGCGCCTCGGTCCTGCGGCCCTTTCTGGGGTTGCAGGAACTCGTGGTGTCGGCGAGCCAGCGCACCCTCGACGTGCAGCAGCTCCAGGCCCGGCTCGATTCCGCCACCGCCCGCCTCGCCGTGCGCACGACGCTCGAGGAGGAGAACCGGCGACTGCGCGCCCTTCTCGACCTCGCCGCCCGCGTCGAGACGCCGTGGAGGTCCGCGCAGGTGCTGCGTCCGGGCACCCAGGGGTCGGAGAGCATCTTCCTGCTCAACGTGGGGAGCGACGACGGCATTCCGCCCCGCGCCCCGGTGATCACCCGCGAGGGGCTGGCCGGGGTGGTGCGCGAGGTTCGCGACGACCACTCGATCGGCATGGATTGGACGCACCCCGACTTCTCGGTGAGCGCCATGAGTCGCGACGGGGCGGTGTACGGCTTCGTGGAGGTGCGCAGAGGGCTCTTCCGAGAGGAGGATCGCCTGCTGCTCACCTCCACTCCCTACCACACCCGCCTCGAATCGGGCGACGAGATCGTCACCTCGGGGATCGGCGGCGTCTACCCGCGCGGGATCCCGATCGGGCGGGTGATCGAGTTGGCAGAAGAGCAGGGGGGATGGATCACCTCGTACTGGGTGGAGCCCTACGTTTCTCCGGGCGACGTGGTGCAGGTGGTGGTGCTCCTCGGCTCCGCCGACTCCGTCGCCGACGGAGCGGTCCCGCCGCCCGCTTTCGAGCAGGATTCGGCCGTGTACCGCGGCGCGGATCTGTCGGCGCTCTGGCCCGAGGGGGAAACGGGTACGCGCGAGGAGCGCTGGAACCGTGAGAGACTCCGCGCCGATTCCCTCGCCGCGCTCCGCGACGAGGTGGCGCGCCTGCAGCAGACCATCGATCAGCTGCGAGGGGTGGACTCCGTCTCCACGGGCCCCGGGGGGCAGCCGTGAACCTCGTGGTCTTCGGTGCCGTCGTGCTGGCCCTGCTGCACTTCGTGCTCCACGTCGGCTTCGGTTTCGAGGCGGGTGCGCCCGACTTCGCCACGCTCGGACTGCTGATCGCGGCGCGTGAACTCCGCGTGGGATCGGCGGCCGGGGCGGGCTTCGCCCTCGGACTCCTCGAAGACGCCCTGAACGACCTCGCGTTCGGCGCCAGCACGATCGCCATGACGGTGCTCGGTGCGGCGGGGTCGCGGTCGCGGGACCTCTTCGTCGGCGATTCCTTCACCTTCGTCCTGATCTACCTTTTCGCCGGCAAGTGGGTACGCGATCTCATCCAGTGGATCATCACCGCCTCGGAGCTCCGTGAACCCTTCGAGCGCGCCATGCTGATCGACTCGTCGGCCGCCGCCCTCTATCTGGCGGTGGTCGGACTCGCCCTCGCCCGACTCTTCGGCAACCGGTTCGACGGAGGAGGAGCCTCGTGAAGATCAATCATCCCCTCGTTCGACGCCGCCGGGCCCGCACGGTGTACGGCACCCTCCTCGCGCTGCTCGGGGTGCTGGCGCTGGCCTTCTTCCGGGTGCAGGTCGTGCGCTCGAGCACCTATCAGCTCTCGGCCGAATCCAATCGCCTGCGGCCCCTCGACCTGCCGGCGCCGCGCGGCACCGTGTTCGACCGCAACGGCCGGGTGATCGCCGACAACGTGCCGGGATGGGCGATCACCCTCCTGCCGGCGCCCGTCGACTCGATGGTCGCCACCCTCGAGCGTCTTCAGGAGGTGCTCCCGCACCTGGCCGCCTCGCGGGAGCGGCTCGAGACGGAGGCCCGCGACGGGCGCGGGTTGCAGCCGCTGGTGGTGGATGGCGACGCCGCGTACGAACAGGTCGCGGCACTCGAGGAGCGACGCAGCGAGTTTCCCGGGGTGTTCATCG
NZ_CP144380.1_gap30	776216	777770	1554	ACCATCGAGTGGGAGTGATCCGACCGACTGGCACGTGATCTGCATCGGAGGGGGGCATCGGTAACACACCAACCCTCGAACATCGAGGCTCACGTAATGTCGAACTTCACTCGTATCGCCGCGGTCTGTGCCGTCGCGGCTTTCGCTGCACCGTCGTCGTCGTCCGCTCAGGTGGCCTGGGACGGACCCATGCTCATGGCGCCCGGCGCTCCGGCGGGTTGGGGCTTCCACCTGGTCGACCCGCATCCGGGCGACGGGCTCGGCGGTCTGGTCACCTGGCGCGCCGATCCGGCGCCGGTGGGTCTCGGCTTCCGCGCAGGGATCTTCGAGGGCAACCGCGACGACCTCGGCATCGTGGGTGGCGTGGACCTGTCCGGTACGCTCCACCGGGGCACCGACGACGCGCCCTTCGACGTGATCTGGTTCGCCGGCGCGGGTGTGGGCATCGACGACGACCTGCTCGCGAGCTTCCCCCTGGGGCTGGCCGCCGGTTGGTCGTTCACCGGCCCGAACGTGGCGTTCCGGCCCTACGTGGCTCCGAGGATGGTGCTCGACGCCTTCTTCGGTGACGAGGCCGACGATCTCGATCTCGGCGCGGCGGTGGAGGTCGGCCTCGACCTCGCCTTCTCGCCCACCTTCGCCATTCGGACTGCCGCCTCGGTGGGCGATCGAGAGGCCGTGTCGATCGGTCTCGCCGTGCCCGGGCGCCGCTGACCCCGGCTCAGCTTCCGACGCGGCACACCACGCATTTCAGGTAGGCCGTTTCGGGGCAGGTGGGTGACACCGGGTGATCGGCCGGCTGCAGGAGCCGGCCGATCACCCGGATCCTCCGCCGGCTCGACCGCTCGACACCGGCGATCACCTCGAGAAACTGCTCGGCCGAGACCCGCCCGGTGCACGAGCAGGTGACGAGAATCCCGTCGGGCTCCAGGCAGTCGACCGCCAGCGCGTTCAGACGCGCATACCCCTTCAGTGCCTGGCCGACGCCGCGGGAAGACCGGGCGAAGGTGGGTGGATCCAGCACGATCATGCCGAAGCGCACCCCCTCCTCTCGTCGCGCTTCGAGCCAGCGGAAGGCGTCCGAGCGCTCGAGTGTCCAGCGCCCGTCGGCCAGCCAGCCGTCCAGGCCGTTGCGTCGGGCGTTGTCTTCGGCCCGCTCCAGGGCACCGGCCGACACGTCCACGCTGCGGATGGAGTGCGCGCCCGCCCGGGCCAGATGCAACGAGAAGCCTCCCGTGTAGCAGCAGAGATCGGCCACCGATCGACCCGCCCCCCACGGCGCCACGGCCTGCCGGGTGTCGCGCTGGTCGAGGTAGGCACCCGTCTTCTGCCCGGTGCGCAGGTCCACTCCGTAGCGCACCCCAGCTTCGACGATCTCCAGGGGGCCGTCGGGCACGCGGCCGAAGAGGGGGCCGTCGCTGATGTCGAGTCCCTCCTCTTCCCGAATCCCGCGAGCGGTGCGCAGGACCGCACCGTCGACCCCCGGGGCGTCGGAGAGTTCGCGGCGGAGGGCATCGAGCAGCACTTCCCTCCGCTCCCAGAGGGCGAGCGAGG
NZ_CP144380.1_gap31	784696	787626	2930	GATGGGCGCGGCCAGGGCGACGGCACAGGTGACGACGGCGCTGCGGGGCAGGCGCGGCCTCGGTGAAGACTCGACGGTCATGCTCAGGAAGGTCGGCTCCCCCGTGGAACACCACAAGGAACTGCCGTGGCATCCATCTTGAGTGATAGTGTGGTGGGGCAGGAAGAGTCCTGCCGAACCGACAGAGCCCACGGACGAGCGCGATGCTGAATTTCGATCGATTGACGGTGAAGGCGGGCGAGGCGTTGCAGGCGGCGGCTTCCGACGCCCGTCGTCGGGGCAACCCCGACATTCATGGCGTACACCTCCTCCTGGCTCTGCTGGGGCAGGAGGACGGCATCGTCACGCCGGTGCTCCAGAAGCTCGGGGTGGCGGTGGATCGGGTGCGCACACGCACCGATGAGGCCATCGAGCGGATGGCCCGCACGCAGGGGGGTGCCGAGCCCCGACTGTCGCGCGATCTGACGCGGGCCCTCGACGTGGCGGAGGCCGAGGCGCGCGATCTGGGGGACGAGTACGTCTCCACCGAACACTTCCTGCTCGGTCTCTGCGAAGAGAAGGACGACGCCGGCCGGATCCTGCGCGAGCTCGGGGCGTCGATCGACGACGTGCGCCAGGCCCTCGAGGCGGTGCGCGGCTCGCACCGGGTGACCGATCAGACTCCGGAGGACAAGTACCAGGCGCTGGCGCGCTTCAGCCGCGACCTCACCGACCTCGCCCGGCGCGGGAAGCTCGATCCGGTGATCGGGCGAGACGAGGAGATCCGGCGGGTGATCAAGGTTCTGGCCCGGCGCACGAAGAACAACCCGGTGCTGATCGGCGAGCCGGGGGTCGGGAAGACGGCCATCGTCGAGGGGCTCGCTCAGCGGATGGTGGCGGGCGACGTACCCACCTCGCTGGCCGACAAGACGTTGGTCGCGCTCGACATCGGGGCGATGCTCGCCGGCGCGAAGTACCGCGGGGAATTCGAGGAGCGAATGAAGGCGGTGCTCAAGGAGATCACCGAGAGCAATGGCCGTTTCGTGGTGTTCATCGACGAGTTGCACACCATGGTCGGTGCCGGCAGCGCGGAGGGGGCCGTCGACGCGGGCAACATGCTCAAGCCGGCCCTCGCCCGCGGCGAACTCCGGATGGTGGGCGCCACCACTCTCGACGAGTACCGCACGCACATCGAGAAGGACCCGGCCCTCGAACGCCGCTTCCAGCCCGTCTTCGTGGCCCCCCCCTCGGTCGAGGACGCGGTCGCGATCCTGCGAGGCCTCAAGGAGCGGTACGAGGTGCACCACGGCGTGCGCATCACCGACGACGCGATTCTGGCGGCGGTCAAGCTGTCGGACCGCTACATCGGCGGTCGCTTCCTGCCCGACAAGGCGATCGACCTCATGGACGAGGCGGGGAGCCGGTTGCGGATCGAGATCGACTCCATGCCGCAGGAGATCGACGAGGTGGAGCGCCGGATCACCCAGCTCGAGATCGAGAAGCAGGCCCTCGCTCGCGAGGAGGAGCGCGCGGCCCTCGACCGGCGCCGGGCGATCGAGGCCGAACTCGGTGAGCTTCGGGAACGGTCGAGCGGCATGAAGGCGCGCTGGCAGAGCGAGAAGGACGCCATTCAGCGCCTCCGCAACCTGAAGGAGAAGGTGGACGAACTGCGGGTGGAGGCCGAGCGGGCGACGCGCACGGGAGATCTCGAGCGCGCCGCGGAGATCCAGTACTCCGAGATTCCGGGCACGGAGCAGGCGATCGGCGTGGCGCAGGAGCGGCTCGCCGAGTTGCAGCAGGCGGGGAAGTTCCTCAAGGAGGAAGTGGACGCCGACGACATCGCCACGGTCGTGGGCGAGTGGACCGGCATTCCGGTCAATCGCCTCCTGGAGTCGGAGCGGCAGCGGCTCACCCGGCTCGAGGACCATCTCGGCGAGCGGGTGGTGGGCCAGCCCGAGGCGCTTCAGGCCGTCGCCAACGCGGTGCGGCGTGCGCGGGCCGGCCTGCAGGATCCCGATCGGCCGGTGGGCTCGTTCATCTTCCTCGGCCCCACCGGGGTGGGGAAGACCGAGACGGCCCGCGCCCTCGCGGAGTTTCTCTTCGACGACGAGCGGGCGATGGTCCGGATCGACATGTCGGAGTACATGGAGAAGCACGCGGTGGCGCGCCTGATCGGAGCGCCTCCCGGCTATGTGGGATTCGAGGATGGCGGGCAGCTTACCGAGGCGGTTCGTCGGCGTCCGCACGCCGTGATCCTCTTCGACGAGATCGAGAAGGCCCACCCGGACGTGTTCAACGTGTTTCTGCAGATTCTCGACGACGGGCGCCTGACCGACAGTCAGGGCCGGACGGTCGACTTTCGAAACACCGTGGTCATCATGACCTCCAACATCGGCAGCCAGGACATTCTCGAGGCGGCCGAAGCCGGTGATCAGAGTCGGGTGGAGGAGCGGGTACGGAGTCGCATGCACCTGCATTTCCGACCCGAGTTCCTCAACCGCGTCGACGACGTGATCGTCTTCCACCCCCTCGGCCGGGAAGAGCTGGCCCGGATCGTCCGGCTGCAGCTCGAGCGGGTGTCGGGGCTGGCGCGCGAGCTCGGGGTGGAGCTGCGCGTGGAGGAGCCCGCCCGGATGCGTCTCGCCGACGAGGGCTTCGACCCGGCGTTCGGGGCGCGCCCGCTCAAGCGGGTGATCCAGCGGCGCGTACAGGATCCGCTGGCTCTCCTCCTGCTCGAGGAGGAGGTGCCCGAGGGGAGTGTGGTGACGGTGGATGTGGGCGACGACGACGGTCTCGACTTCACCATCCGTGCACCCTCCGCGCTCGCCCCGGCAACGGTGGGAACGAGCGAGGGGGATTCGGGTTGACGGTGGTGACGAGGCGCGGGAGATTTGCCGCGAGACGGCCCTCGCGCCTCCGCCCCCCAACCCCTGGTGACCGATGACGGCCCG
NZ_CP144380.1_gap32	805129	806999	1870	TCGTCGGCGCTCTCCTCCCGCTCGTCGTCGGTGTCGCCGCGACCCTCGGTGTACCATCCGTAGAACTCCACCCCGTCGTCGGTGAGGCGGATCTCATCGACCTCCACCGCGTTGCCCAGCGAGTCGGCCTCCGATCCGCTCTTTCCCCGCCGCGCGTCGAGCACCCGGGCGTAGTCGTCCCCGGACATCATCCAGAGGTCGTGCTCGCGGCCGAACACCACCCAGGCGCCGTCGGGCGACACGCTGGCCCACGACGGGTGATTGTCGGGGTGATCCGCCTCGTCGAGCTCGGTGAGGGTGCGGGTTCCGACGTCGTACTCGAAGTAGTGCACCTTCTTCTCGGTGCGGGTGGACGAGCGACGCTGCTCCTCCTGCTGATCCTCGTCGACCTCGTCGGTGCCGGAGTCCTCCTCCACCTCTTCGTCCTGCGACGACTCCACCTCGAAGCGCAGCGTGCCGGGGGCGATGAAGCGGATGCTGCGGATCGGCAGGTGCCTCGCCTCGTACGGGTCGCCGGTGATGCGCGTGAGTTCGGCCGCGATCCGGTCGCGGTCGAAGATGTCGCGTCGGGTGCCGCTCGCGGGATCGACGATGCGCCAGAAGGTGCCCTCGGCGGTGTCCCACGAGTACCAGAACGACTCGCTGCCCTCGATCCAGCGCGGAGAGACGGTGGTGCCGTAGATCAGGTCGCTCACCCGGTAGGGAGCCCAGCGAGCGGCGAGAGCCTGATTGGCCGAGCCGGGGCCACCCACCCAACCGAGCGGGCGGGGCGCCCCCGGCTGACGCGGCATCTGGGCGTCGAGCGGGGCCGCGCCGGCGAGAGCGACGACCGCGACGGCCGCGAGCGAGTGCAGCCGGGCGCGCGCGCGAGCCGGCGAGGAAGAGGTGCGTCCGTGCATCGAAGGGGACTCCTGGGTGATGGGATGAAGCCCCCAATTGGTACCGACGGCGGCGGTGGGGCAACCGCGCGAGGCGGTCGAGGAAGAGGACGCCCGTGGCGCACCGTCCGACGGCCTGCTATATAGAAATCTATTGAACCCTTGCCGGAGTGGATGATGGACGGGATCTGGACCGATGTGCGGTGGGCGGCGCGGAGTCTACTGCGCTCTCCGGGATTCGCCCTCGTGGCCGTGTCTTCCCTGGCGCTCGGGATCGGGGCCAATACCGCCATCTTCACCCTGGTCAACGCCGTCCTGTTGCGGCCGCTCCCGGTGTCGGAGCCGGATCGGCTGTTCGACGTCTACACGGTCGACGGCTCCAACGCCGACCGGAACCTGATCCCGGTGTCGATCCCGAACTTCCTCGACCTCGATCAGGGGCTCGAGTCGTTCGCGGGCGTGGCGGCGGAGTTCAGCGGCGGATTCTCTCTCGAACCGGACGACGGCGGCGAGGCGGCCGGCGTGCCGGGGTCGGTGGTGACGGGGGACTACTTCGAGCTGCTCGGGGTGGACGCCGCGGCGGGGCGTCTCCTGCGTTCGAGCGACGAGGGACCGCGGGGCACGGGGGCGGTGGCGGTGCTCAGCCACGCACTCTGGACGAATCGGTTCGGTGCCGACCCGGCCGTGGTGGGGCGGACCGTGCGCCTCAACGGCATCGCGTTCGAGGTGGTGGGGGTGGCCCCGGCCGGGTTCCGCGGGCGACGCACCCTCGCGGCGCCGGAGCGGGTGTGGGTGCCGTTCTCCATGCTCTACGACATGACGCCTCCCGGACTCCACACCTTCTTCGAGGCGAGGAGGGCCCTGCCGATCGAGATCTTCGGCCGCCTGGCCGACGGCGTGTCGCCGGCCACCGCACGGGCCGAACTGGACGTGTGGGCGCGCCGGCTCGAGGCGGAGTATCCCGACGCGAACCGCGACCGATCCCTCGCCCT
NZ_CP144380.1_gap33	814126	816430	2304	GTGGACGGCGGCGGCAGCTGGACGGCGATGAAGAACGAGATGCCCACGAACCCGGCCTACGATCTCGCGATCCATCCGCGCGACGACGATCTGATCGTGGCCACCCACGGCCGCGGCATCTACATCGCCGACGTCAGCGCCCTCGCCCAGGTCACCCCCGAGGTGATGGCCTCCGACGCGTGGTTCTTCCAGCCCGAGGACAAGGTGCGCTGGGAGGGCGTGGACTTCGCCAGCTACGGCTCGTCGAACTTCGACGGCGAGAGCGAGGCGGAGGAGGTGTCCCTCTACTACTGGCTCGGTGACGGCGCGGGCGACGTGACCTTCACCGTGTATCAGGGCAACATGGCGATCGCGGAGATCGAGGCCCCGAACGACTCGGGCCTCCACGAGGTGGCCTGGGGCATGGACAAGCGCCGCGAGCGCAGCGCGGCCGAGCAGGCGGAGATGCGCGAGCGCTTCGAGCGCTTCGGGCGGCCCGCGCCGGAGGATCAGATCCGGTACGAGTCCGCGGAGGCGCCGATCGGGGAGTACCGCGTGGTGATGTCGGTCGACGGGGTGGAGCGGATGGAGCGCACCGTCGCGATCCTGCGCGACCTCTGGGTCGACGATCGCCGCTGAGCATCGCACGGCTGTTGGCGGCCTGGCCCGTCGCGACGCTCGACCTCCACGGCTGCACCGCCGCGGAGGCCGAGCGTCGCGTCGACGGGTTTCTGCGACAGCACACCCGATCGTCGCCGGGTGAGGTGATCGAGATCATCACCGGAAAGGGCACCCGTTCGGAGGGGCGCCCGGTGCTGCCCGGGCTCGTGCGGGAGTGCCTCGACGGACGCTGGCGCAGGTCGGTCTCCGACTGGGCCGGAACACCCGGAGGTGGATCCGTGAAGGTACGGTTACGGGGTCGAAGACGGGGCGGTACGGAGGGCTGAACGAAGGCGCTTGCATTCCCCGCCACCCTCGCATCATCTTCGGCGCACGATTCCGCGGCAGCGTTGTCGCGGGCCCGGGCGCGGGGGTTCGTGACCGCGCGATGCCCAGATGTCGGAGTGTACGGGGTACCCGCTTCCGACGATGGCACACCAAGGAGCAGGTAGATGCGTACGACCGGCACTGTGAAGTGGTTCAACGACCAGAAGGGCTTCGGGTTCATCACCCCCGAAGACGGCGGTCGCGACTGCTTCGTCCACCACTCCGCGATCCAGGCGCAGGGTTTCCGGACCCTGGCCGAGGGCGACAAGGTGGAGTTCGAAGTCACCGAGGGGGCCAAGGGTCCCGCCGCGGAGAACGTGGTGAAGCTCTGAACCACCGCGTTCAGGCCGATCCCGGGCCGCCCCGCTCATCGCAGCGGGGCGGCCCGTTCTTTTGGTATCCGGCCTTGTTTCCTCGGCGTCGGAGGCAGAGATTTCGTGCGCCCGACGGGGCCGCCCGACCGGCCGCGTCACACCCCAATACAACGGACGTCGACAGCGATGAAGTATTTCGGTTACCTGGTGGGGGTCATCTGGGTCTTCCTGGTGCTGGCCGCCTTCGGAAACGCCCGGGCCGGATCGGCTGCCGGACAGCCCGACGTGGCCTTCTGGTGGACCGTGATCGGCGGGCTCCTGACGATCGCCACCCTGGGCGCCTTCATCGGCACCACGATCCACATCCGTGCGGGCCAGCGGCCCCACTGACCGGAGTCGCCCGATGCTCGCACTCCGCCCCTCCAAGATCCTCTGCGTCGGGCGGAACTACCGGGCGCACGCCGCGGAGCTCGGCAATGACGTGCCGGCCGAGCCGCTGCTCTTCTTCAAGCCGCCCTCGGCGCTGATCTCGGCGGGCGAGGCCATCGTGCTCCCCCCGCAATCCAGCCGGGTGGAGCACGAGGGTGAGATCGCCGTCGTGCTGGGCCGGTCGCTTCGACACGCCACCCCCGACGAGGCGCGCGCGGCCATCTCGTACGTGCTGCCTCTCAATGACGTCACTGCGCGCGACCTGCAGCGCACCGATGGGCAGTGGACGAGGGCCAAGGGCTTCGACACCTTCTGCCCGGTCGGGTCGCCGGTGCCGGCGCAGGAGGTGGATCTCGAGGCGCTCGAGGTGATCACAACGGTCGACGGCGAGGTACGGCAGCACGGGTACGCCTCCGACATGGCCTTTTCGATCCCGGACGTAGTCGCCTACGCGTCGGCGATCATGACCCTCGAGGCCGGCGATCTCATCACCACCGGCACGCCCGAAGGGGTGGGTCCGCTCGAGCCCGGCATGACCGTCACCGTCGAGATTCCCGGGGTCGGGTCGGTGAGCAACCCCGTGGCGGCCGCCCGC
NZ_CP144380.1_gap34	859552	863816	4264	CGAGGGCGACGAGGACCAGGGGCTGGCCAAGTGGCAGTACGTGATCACGGGAGCGGAGAGCGACGAGCTCGTGGAGATCATTCCCACCGACGAGACCGGCGAGCTGCAGCCGGGGCAGATCGTGCTCACCGACGGCCACCACTACCTCTCGCACGACACCCGCGTACGGATCGTCGAGAACGTCGTCGTCGAGGGCGGGAGACCGGGGGCGTGATGCGGTCCGTACGGTCGGCCCTGGCGGCGCTCCTTCTCGCGGGGCCTCTCGCGGCCCAGGCGCCCGGCGACACCCTGGCGCTCGGTCTCGACGACGCGCTCGCCATCGCGCGGGGCGCCAACCCCGCGGTGCTGCGCGCCGAGAACGAGCTCGCTCTCGATGCTCCCCACGCCCGCGCCACCTGGCTGGGGCAGGTCGTGCCGCAGCTCACGGTGAACCTGCTGCAGACCGGCTATTCCGGCTCGCTTCAGCGCCAGGCCACCGACTTTTTCGGGCAGCCCATCGAGAATCCGGAGTCGAGCTGGTCGTACTACTCCAACACCCGCCAGGGCTTCTCGCTCAACTGGCGCATTCAGGGGCGCAGCTTCCTCGACGCTCGAGAGCGCCAGCAGCAGACCAGCCGGGGGCGGGCCCTCGCGCTCGCCTCGGCCGACGCCGCGCTGGAGGCGGAGGTGCAGGGCGAGTACTGGAACGCCCTCGAGCAGCGGCAACTCCTCGAGGTGGAGGAGGGCCTCCTCGAAGGGCGTCAGCGGGATCTCGAGGCAGCGGAGCGCCGCTACTCGCTCGCGCGCGCAACCCGCGTCGACGTGCTGCAGGCCGAGTACGCGCTCGAGCAGCAGCGGGCCGAGATCCAGTCGCAGCGCAGCGCGTACGAGCAGGCGCTGCTCACCCTCCGCACCACCCTCGGCGAGTTGGACCTCGGCGCCATCCGACCGAATGAACGCGACCTGCCCGTCTTCGATCCCGCCGGGCTCGACGAAGATGCGCTCGTGTCGCGCGCCCTCGGCGAGAACCCGCAGGTGCGCTCGGCGGAGGCGGGGGTCGACGGCGCGCGTATAGGCGTGTCGGAGGCCACCCAGTGGAAGTGGCCCGAGTTGAGCATCGGCTACAACTGGGGCCAGTTCAGTCAGACCCGCGAGGCCGAAGCCCTCTTCGACGTGGGGTACGACGCCGACCGGATGACGAGTTCGTTCTCGGTCGCTCTGAGCGTGCCCTTCTTCAACAACTACTTCCAGAACCGCTACAGCGAGAGCCAGGCGCGGGTGGCGCTTCAGAATCAGCAGGAGTCGCTGAAGGAGACCCGACTTCAGGCGGAGTGGGAGGTGCGCTCGCAGCTGATCCAGCTGCGCAACCAGTTCGAGACGCTCCGCCTCGCGGAGCGGTCGCTCGGGATCGCGGAAGAGGCGCTGCGGCTCGCCCGAGAGGAGTACCGGATCGGCACGCGCACCTTCGAGCAGCTCCAGGACGCCGTCGAGCAGGAGGTCGGGAGCCGGCGGCAGGTGATCACCTCGCGCTTCAGCTTCGTCGATGCGCTCATCGCCCTCGAATCGGCGGTCGGCGGTTCGGTCCGACCCGCCACCGGGGGCTGAGCGGATGTCGATCCCGCGCACCTCGACCCGGCGGCCGGTGGCGGTCGCCATGCTCTTCCTGGCGGTGATCCTGCTGGGCTTCATCAGCTACGTGCGGCTGCCGATCGACCTGCTGCCCGATGTGAGCTACCCCCGCCTGGTGGTCTACACGTCGTATCCCGACGTGGCGCCCGCCGAGGTCGAACGGCTGATCACCGAACGGGTGGAGGCCGAAGCCGCCGCCGTCTCGGGGGTGGAGCGGGTGACCTCGGTGTCGCGCGAAGGGGTGAGTCTGGTCACCCTGCGCTTCGGCTGGGGCACCGACATGGACTACGCCATGCTCAACGTCCGCGAGCGCATGGACAATCTGCGCGAGGGACTGCCCGAGACGGCCACCCGGCCCCGGATCCTGCGGGTGGATCCGGAGTCGGAGCCGATCATGACGCTGAGCGTGTCCGGCCCCGACGACCTCTGGACCACCAAGGAGCTGGCCGAGACGGTCTTCCGGCGTCGGCTCGAGCAGCTCGACGGAGTGGCGCAGGCCGCCGTTTCGGGCGGGCTCGATCGCGAGATCCAGGTGGAGGTCGATCCCGACCGCATGCAGGCCTACGGGCTCACCATCGCCCAGGTCAGTCAGGCCCTCGCCCGCGCCAACGTGAGCGGCGGCAGCGGCACGATCCTCCAGGGCAGGTATCGGTACCCGCTGCGCACGATGGGCGAGTTTCAGGAGGTGGACGAGATCGCCGAGGTGGTGGTGGCGCAGCAGGCTTCCGGCGCCGTCGACGAGCGGGGCGAACCCACGTCGCGGATGGTGCGGGTGCGCGACATCGCGACCGTCACCGACGGCTTCGCCGAGCGGGAGTCGATGGCCTACTACGACGGCGTGGAAGCCGTGGGGCTGCTCGTGTTCAAGGAGTCGGGCGCCAACACGGTCACGGTGGCGCAGGGCGTGGACGGCGTGCTCGATCAGCTTCGCAGCGAGTTTCCGGAAGTGCAGCTCGAGGTGGCCTACAGCCAGGCAGGCTTCATCGCCTCGTCGATCAGCAACGTCGTCCAGGCGCTCGTGTTCGGTGGGCTGCTCGCCTTTCTCGTGCTCTTCCTCTTCCTGCGCGACTCGCGCTACCCGTTCGCGATCGCCGCGGCGATTCCCATCTCGGTGGTCGGCACCTTCGCGCTCATGGAGGCGGCCGACGTCTCGCTCAACATCATGAGTCTCGGGGGACTGGCGCTCGGCGTGGGCATGCTGGTCGACAACTCGATCGTGGTGCTGGAGAACATCTTCCGGCACCGGGAGGCCGGTCGCAGCGGACTGGAGGCGGCCGCGCTCGGTGCCGAGGAGGTGCAGGGCGCGATCACGGCGAGCACGCTGACCACGATCTCCGTGTTCGGGCCGATCATCTACGTGGAGGGGGTGGCCGGCGAGCTGTTCGGCGACCTGTCGCTGGCGGTGGCCTTCTCGCTCATCGCCTCGCTGCTCGTGGCGCTCACCCTCCTGCCCACCCTCGCCGCCCGCTTCTCCGGGGCCGAGAAGGCGGTCGATCCGCCTCCCGCGGCCCCGCAGCCGCGTCCGTCCGGGTTCTACGGATGGATGCAGTGGGCCTGGTTCGCGATCGTGTTCGCCCCCTTCAAGGTGATCCGTTTCGTGATCCGTCTCGGGCGGAGTCTCGCGGTGTTCTGGGGTCAGTCGTTCGGCGGCGCGGTGTCGAGGGGTGCTCGCCCCTTCCTGCAGGCCTTCGATCGCGGGTTCGATCGGTTCGCCGAACGCTACCACACCGCCCTCGAGTGGTCGCTCGACCACCGGGGCCGCGTGCTCACCGGCTCGACGATGGCGCTGGTTCTGACGGCGCTCGTGGGGTCGGCCCTGCAGCGCGATCTGCTGCCCGAGGTGGACCAGGGCGCCTTCGATCTTCGGCTCGAACTCCAGCCCGGGGTCGGGATCGAGACGACCGCCTCCGCGGCCGAGCGGATCGAGCGGGCCCTGATCGAGGACGAGGGCGTCGAGGCGGTATTCGGCCAGGTGGGTCGCGATGTGCGTGCTTACGCCGACGGCCAGGAGGAGAACGGGCTCAATACGGCGCGCTTCCAGGTGCGGCTGCGCGAGGGGGTCGCCACCGACGAGGTGATCGACCGGCTGCGCCCGCTGCAGCAGCAGTTCGGGGCCGGCGAGCTCTCGATCCAGTCGGGTCAGGCCACCGCCCTCGGCGCGATGCTGGGCGGTTCGGACGCCGACGTGTCGGTGCGGGTGCGCGGACAGGACCTCGAACTTCTCATGACCCGGGCCGGCGAGGTGCGCGACCGGCTCGCCGGCCTCGAGATGCTCACGAACGTGCGGGTGGGCTCGGAAGTGGGCACGCCGCAGATCGACGTCGAGATCCTCTCCGAGGTGGCGGCCCAGTACGGCATCGCGCCCGGCGAGGTGTCGGCCACCGTCGACCGTGCCCTTCGCGGCGACCGGGCCACGGAGTTCGTGGACTTCGACCGCAAGATCCCGGTGGTGGTGAGCTACCCGCGCGACCTGCGGTATGCGCGCTCCACCCTCGAGGGACTGCGGGTGGAAGGGGTGCCCATTCGCGAACTGGTGGAGATCCGCGACGCCATCGGTCCGGCCGAGGTGCGGCGCGAGGAGCAGGGGCGGATGATTCCGGTGTTCGCCGATGTGGCGTCGGGTGGGCTCGGCGACGCCATCGCCGCCATCGAGGCG
NZ_CP144380.1_gap35	865308	869124	3816	GAAGGAGCGCGGGTCGAACACCGTGCGCACGGCCGATGAAGTGAAGGCGCGACTGGCCGAGCTCGAGGCGCTGAGCCCCTATGGCAGCGAGTTCATTCTCGAGTACGACGAGAGCGAGGAGGTGCGTCGTCAGCTCACCGATCTTCGTGTGCGCGCAGGGGTGGCGGCCGTCGTCATCTTCGCCGTCCTGCTGCTCTTTCTCGGGTCGTTCCGGTCGGCCGGGCTCGTGTTCGCCACGATCGCCTTCTCGGTGCTGATCTCGCTCAACCTCATCTACTTCGGCGGGCTCACCCTCAACCTGCTCACCCTGATGGGGCTGGCGATGGGCTTCGGGCTGATCGTCGACAACTCGATCGTGGTGCTCGAGAACATCTATCGGCGATGGCAGCGGGGCGAATCGCCGAGCGAGGCCTCGGAGGTGGGCGCACGCGAGGTGGTGCTGCCGATCCTGGCCTCCACCGCCACCACCCTGATCGTCTTCGTGCCCTTCGTGTACCTGCAGGGCGAACTCCGGGTCTTCTACGTGCCCCTGGCGATCGTGGTAGCGCTGACCCTGCTGGCCTCGCTTTTCGTGGCGTTCAGCTTCATTCCATCGATCTCGGCGCGCATCCTGCGCGGGCCGCGTCCCACCTTCCACCTGCCCGGTGTGGGGGGCGGAGCGGGTGCGGGAGCCGCAGGCGTGGCCGCGGCGCCGCGCAGGGCGCCGCTCTATCAGCGCTTCTACTCCACCCTGATCGGGTTCACCCTGCTGCACCCCTGGGTGGCGATCTTCGTGACGCTCTCGGCGCTGGCCGGGTCGGGCTACCTCTTCGACAAGTACGTGACCACGGGCGTGGTGTGGGGCGGCGGGGGAAGCCAGCGCACCTACATCTCCATCGCCATCTCGCTCCCGCGGGGATCCAATCTGGAGCGCACGAACGGCCTCGTGGAGTTCTTCGAAGAGAAGCTGCGCGTGCTCCCCGAAGTCGAGCAGTACACCGCCTCCATTCAGGAGTCCTCGGCTCGCATGGAGGTCACCTTTCCCGACTCGCTCGAACTGACCGCGATCCCGCCGGCGATCAAGGAGCAGATGCTCGCCTACAGCCACACCTTCACCGGTGCCGAGGTGCGGGTGACGGGATACGGGCCCTCCTTCTACGGCGGAGGGGGCAGTCCGCCGCAGTACACGATCAAGGTGCTGGGCTACAACTTCGAGACGGTGCGCGACATCGCCGAGGACATCGGCGGACGGCTCGAGCGGCTGGCGCGGGTGCAGGAGGTGGACACCAATGCCTCGGGCCGGTTCACCCGCGACAAGGCCGCCGAGTTCACCCTGCGCGTCGACCGGGCCCGCCTCGCGCGATTCGACATGGGGGTGGGCGACCTCGTGAACCAGATCGGGCGCGTGGTGGCCGGCACGGGGGGCGTGCAGTCCATCAAGGTGGGCGGGGAGGAACTGCAGTACGAGGTGAAGGTGAAGGACGTCGACTACATCGACGTGCTCGCCCTGCGCGAGAGCACCATCCAGGCCCCGGACGGCCGCGACGTTCGACTCGGCGACGTGGTGTCGATCGAGCGGCGCGACGTGCTCTCCACCATCCACCGCGAGAATCAGCAGTACGAGCGCACGGTGGCCTACGAGTTCCGGGGTCCGCAGAAGCTCGGCGATCTCTACCGCGACGCGCTCATCGAGAACATGACGCTTCCGGCCGGCTACTCGATCGAGGTGTCGTCGGGCTTCCGCTTCGGGCTGGACCAGCAGAACCAGATCTACGCCCTGCTGGCGATCTCGATCCTGCTCGTCTACATGGTCACGGCCGCGCTCTTCGAGTCGATCCGGCAGCCGCTGGCCGTGCTCCTGACGGTTCCGATGGCGCTGATCGGGGTGTTCCTGATCTTCTTCTACGCCCGCGCCACCTTCACCCGCGAGGCGTACATCGGCGTGATCATGATGGGCGGGATCGTGGTGAACAACGCGATTCTGCTGGTCGATCACATCAACAACGTGCGAAGGTCCACCGATCTGGCGCTGTACGACGCGATCCTGCGGGGCACTCTCGAACGGGTGCGGCCCATTCTCATGACGACGGCCACCACCGTGCTCGGCCTCCTGCCCCTCGTGCTCTTCAGCGAGACGGCCGACGCGAACATCTGGAACGCGCTCGGCTACGCCCTCATCGGGGGGCTGCTCAGCTCCACCCTCTTCGTGCTGACCACCACGCCGGCGCTCTACTACCTGTTCGAGAAGGGGCCGGCGGAACGGGCGGCGTGGGCGGCGCGAGGGCCGGTTGCACCCGAGGATCGAGGCGGGGCGGCGGGGGGCGCGACCGGGCTCCCCGGAGTGGCGCCGCAGCCCGGCTGACCGCGCCTCGCGGTCGTGCCCGCCGATGTGCGGGCGGACGTCACGTGCCGGCGGGGGCCGGGGCGGGCTACCCGCCGCGTCTGGCGAGGCCGAGACGGTGACGCCGCCCCGGCTTCCCGATAGCTTCAGCGTTTCAGCTTGCGGCCGGCGTGATGCGCCCTCGTCCACCCGGCCACCGGATTCATCGAACCGAAACGCGCGTCGTGGACCATACCGTCGACACCGATCGGGCCGCCGGGCGGGACTTCGTCCGCCGGATCATCGATCGTCACCTCGAAGAGAAGCGCTACGAAGGGGTCGTTACCCGGTTCCCTCCGGAGCCCAACGGGTACCTGCACCTGGGGCACGCGAAATCGATCGTGCTCAACTTCGGGCTCGCGGAAGAGTACGACGGCCGGTGTCACCTGCGGTACGACGACACCAATCCGCTGACCGAGGACGAGGAGTACACCCGGTCGATGCAGGCCGACATCCGGTGGCTCGGCTACGACTGGGGCGATCACCTGCACTACGCGTCCGACTACTTCGAGCGGATGTACGAGGTGGCCCGCGACCTGATTCGGCAGGGGAAGGCCTACGTCGACTCCGCCTCGGAAGAGGAGATCCGCGAAGCGCGCGGGACGGTCACCGAGCCGGGCCGGCCCACCCCGGATCGAGACCGGTCGGTGGACGACAACCTGGATCTCTTCGCGCGCATGCGCGTCGGGGAGTTTCCGGACGGCGAGATGGTGCTGCGCGGCAAGATCGATCTGGCTTCGCCCAACATGATCATGCGCGATCCGGTGTTCTATCGGATCCGCCACGCGCACCACTACCGCACCGGCGACGCCTGGTGCATCTACCCGCTCTACGATTTCGCGCACTGTCTCGAGGATGCCTTCGAGGGCGTCACGCACTCCCTGTGCACCCTGGAGTTCGAGAACAATCGGGAGATCTACGACTGGATTCTCGACGCTGCGGGCTTCGCCGAGCCGCGGCCCCATCAGTACGAGTTCGCGCGGCTGAGCGTGGACTACACGATCATGTCGAAGCGCAAGCTGATTCGACTGGTTCAGGAGGGATACGTGTCGGGGTGGGACGACCCGCGCATGCCCACGATCGCCGGCCTGCGCCGGCGGGGCGTGCCCCCCGAGGCGCTGCGACGGTTCTGCCGCTCGGCGGGAGTGACGAAGACCAACGCGAGCCTCGACCCCTCGGCGCTCGACTTCCACGTGCGCGACGTGCTCAATCCCGTGGCGCCGCGGGCGCTCGGCGTGGTGCGGCCGCTGCGGGTGGTGCTCACCGACTGGCCGGAGGGGCACCGGGAACTGCTCGAGGCCCCGCTGCACCCCGACGACCCCGATTCGCCCACCCGCCGGATCCCGATGTCGCAGGGGCTGTGGATCGACGCCGACGACTTCCGCAAGGACCCGCCCCCGGGGTGGAAGCGGCTCTCGCCGGGCGGTGAGGTGCGGCTGCGGCACGGCTACGTGATC
NZ_CP144380.1_gap36	1067798	1069427	1629	CGGCGGCTTCGGCGCTCCGTGCCGTGAGCTGATCGATCAGGGCGCTGGCCGACCCCTCCCGCCCACCGGTGAGGTCGTCCAGTTCCCTGGCGTCCACCAGCGCGAGCGCCTCGGCCTCCGTGAGGTCCGACTTCTCGATCAGGCTCTCGATGTAGCGCCGCTGCTTGGCACTCGGGGGTCGGCGCTCGTCGTGGATCCGCTGCAGTTCATCGATCACCTCACTCGCGGCGGCGGTGGTCCGGATCCCCTCCACTCCGCTCGTGCCGATGATCGAGGCCAACTCCTCGTCGTCGAGGTCGAGATCGCCGAGCAGCCGCTCGATGTATCCGACCTGGCGCTCGGTGGGAGCGGGCAGGATCCCCGATTCCCGCAGCGTGTTCGTGAGTTCGAACGCCTCGCTCCAGGTGAGGTCGGCCACCGCCTCGGGTTCGATCGGTCGAGGCTCCGGTGCATTGGCGAGCAGCCGCGTCAGCATGTCCTGCTGCTGCAGCGTGCTGGTGCCCGACTTCTTCCGATCGCGGGCGGCCTCGTGCAGGTCGCGAATGAGGTCGCGCCAGCGCTCCCAGGTCTCGGCCCCGCCCAGGTCGCCGGAGGCCAGTTCGTCGAGACGCTCCTCCATGCGCGCGGTGAACTCGGGGCTGAACAGTTCGATACCGGCCCCATCGCCATCGGTGTCCCGGTCGCTGGCGTACAGCGGCGCGGCCCGCATCCAGATCGCGCGGCCGGCCTCGGTGGGCGCCAGGGCGCCCTCCTCCGTCTCCACGTACTTGCGCTCCTCGAGTTTCTCGACCGTGCGCGCGTAGGTAGACGGCCGACCGATGCCGGCCTCCTTCATCGCCCGAATCAGGGTATGGGCGCGGTAGCGAGCCGGCGGCCGCGTTTCGTCTTCCACGAACTGCGGATTCGGGGACTCCTCTTCCGCCGGGTCGAGCACCCACTCGGCACCCACCTCCAGCGGTAGATCCGGCGCCTGCGTGGGCCGCGGGGCCAGAAACTCCGAGTACGCCGCCTCCCAGCCGTCGAAGGTGCGCCACGACACGCTGCCGGTGAGCGGGCGGTCGAAGCCCTCCGCGGTGGCCCTCAGGCTCCGCGTGGCCGTAACCGAAGGCGCCATCTGGCTCGCGAGCGTGTGGGCGCGGATCAGGCGGTAGAGTCGGCGCGCGTCGGCGTCGTCGACGGGCGCTTCCTCCACGGCGATGCGAGTGGGCCGGATGGCCTCGTGCGCGTCCTGGACCGGTCCGGTCGCCACGTTCTTGCCGCCGCCCGACCCGAGGTGATCCTCACCCCACTCCTCGCGCACCACCGTGCGCACCTGATCCAGCGCCGAGTCGGCGAGCCGGGTGGAGTCGGTGCGGATGTAGGTGATGTGCCCCGCCTCGTAGAGCATCGAGGCCAGGCGGGAGGTGTTGCGAGGAGCCCAGGAGAAGCGCGATCCGGCCGCCTGAAGCAGCGCATCGGTCGAGAACGGGGCCGACGACCGACGACGATTGGTCGACTCCCGCACGTCGGCGATCGTGACCCTCCCGGCCTCGGTCAGCGCCGCCACGGCCTGCTCCGCGAGTTCGCGGTCGAAGGTGCGCGTGGGGTGCACCTTGTCCGAGGCGTCGCGCCAGGCGTCGGGATCGTCGG
NZ_CP144380.1_gap37	1072091	1072937	846	TGGGACTCCGGGCGGACACGCTTCCCCCGGTCGCGGACTTCCGCTCCGTGCCGGGTCGGGGCGCGGAGGGAAGGGTGGACGGACGGCTCGTTCGCATCGGAGCGCCGGAGTGGCTCGAGGTGGACCCACCCGGCGAACCGGAGGTCGGCCGTACGGTGGTGGCCGCGCGGGCGGTGGACGACGCCTCCGGAAGCCGTCGCGAGACCGTCTGGTTCACCCTCGCGGATCGCCCGCGAGAAGGTGCGGCGGCGGCACTCGACGCGCTGCGGGCCGGCGGGGTCGTGCACACCGTGATGCTCACGGGCGACGGTGAAGGTCCGGCGCGGGCCGTGGCCGCCCGGGTCGGCGTGGACGAGGTGCGCGCGCGAATGATGCCCGAGGACAAGGTTCGGGCCCTCGAGGAGCTCGAGCGGATCCATGGGCCGGTGGCGATGGTGGGCGACGGAGTGAACGATGCACCGGCGCTGGCTGCCAGCTCCGTGGGAATCGTGATGGGGGCGATGGGGAGCGACGCTTCTCTCGAGACGGCCGACCTCGCACTCATGGGCGACGACCTGTCGCGTCTCGCCTACGCGCGCCGAATGAGCGGCCTTGCACGGCGCGTGATCCGCCAGAACATCGCGGCGGCGATCGTGGTCAAGGCCCTTCTGGTCCTCGCGGTTCCGTTCGGCTGGGTGCCCCTGGTGGCGGCGGTGATCGTCGGAGACGTGGGCGTATCGCTGGGAGTGACCGTCAACGCGCTCCGACTGGCCGCGGTGCGAGACGGGCGCTGACGGGAGAGGGCAGGGAACCGGCTCGACAACTCCGCCCCGACGGGGGATCTTGAGTAGCTGGATCGGCCGGGGT
NZ_CP144380.1_gap38	1076232	1079195	2963	ACAACGGTTGTACAGCAGGCGAGCATTCCGAAATGAACGACGACACCCCCACCCCGACCGAGTCGCGCCACCCCATTCGGGTCGTGGCCGCACGCTCCGGGCTCACGCCCAACCTCCTCCGTGCGTGGGAACGTCGCTACGGCGTCGTCGAACCCAGGCGGTCGGAGGGCGGGCAGCGCCTCTACTCCGATGAAGACATCGAGCGACTGGCGCTGCTCAAGCAGGCGACGGATGCGGGCCGCTCGATCAGTCAGGTGGCCGATCTCCCACCGGAGGCCCTCCGAGAGCTGGTGGCGGAGGACCGAGGTGCGCGCGCTCCAGCGGATCTGTCCGACGATCGGGTGGATGGAGCCCTCACCGACGCGTGGACGTCGATCGAGACGATGGACAGCGACCGGCTCGAGGCCGATCTGCGCCGCGCCGTCGTCACCCTCGGGTCGGAAGCCTTCACCGACCGGCTCGTGGCACCGCTTCTCCGCACGATCGGCGATCGGTGGCACAGCGGAGACCTGCGCCCGGCCCACGAGCACCTGGCGAGCCAGGTCGTGAAGCGAGTGCTGCACTGGATGGTCGAGCCCGCCCGCGGCACCGGAGACGGGCCGCGAGCGGTGATCGGCACGCTCTCGGGCGAGCATCACGAGATGGGCGCCCTCCTGGCCGGCGCCACCGCCGCTCTCGAGGGCTGGCGGGTGACCTATGTCGGGCAGAATCTGCCCGCGGAAGACTTCGGGCTCGCCGCCCGGACGGTGGGGGCGCAGTTGATCGGGATCAGCACCGTCAACCCGCTCGACGCCGACGGTGTGCTCGACCAGTTCCGCGTGCTTCTCGATACCCTGCCGGAAGGCGTCGAGGTCGTGGTCGGGGGACGCGTGGCTCCCGACCTCGCGGTTGCCCTCCCCGACGCCCGACTCACGACCGTGGAGTCGCTGGCGGCATTTCGAGAGGTGCTGCGCAACGCTCGAGACGCCGAGGACTAGGCTCCCTCCACGCGCATGACCTGCGCCACGAACCGATCGAGTTCGTCGCGGAACCGAATCAGCACGCGGTCTCCTTCCGCGTCGAGCACCCACCAGTCCGCCGGGATCACCAGGCGTACTTCGGGTTCGTAGTCCGACCCGACGCGGGTCCAGGTGACCGAGTCGACACCGGCGGGTGCCCACTGCTCGACCCACACGTTCCCCGCGCGATCCCCCATCATGCGGTCGATCGCGGGAAGGGTGTCGTGGTGCGGCATACCGGCCCACAGGTCTCGCATCGTCGCCAGGGTCGCCGGCACGTCGATCGGCGGCCGCACCGCACGCGCGATCCGGACCAATCCGGCACTGTCCGATTCGAACGCTCGCCGACGAGCCTGCTCGAGGTCGTCCGGAGTGGCGGGCGCGATCGGGATTCCCGGCGTCACCCGATCCTGCACCGTGCCGTCCGGTCCGAGGGCGAGCCACTCCGATTCGTGCGTACCCGCGAGCACGACCCGATCACCGGCCACCGTCACCCGAGCTTCGGGGGAGAAGATGGCCTTGGGTGCACCGCTGCTCGGCGGCTCGCTCCACACCCAGTGGCGCGCGTCCGGGCGCTGGAGCAGGGTGTCGGTGCCCTCGGCTCCGAACCGCAACAGTCGCAGGGTATCCCGCTGCTCGCCGGGCGGCAGGCGGGTGAGCCGGGCCTCCGGGGTGGTCGCACCGACTACGGGGTCGCCGGTCGGGAGCACGCCATCCATCGCGGCGACCGTGCCCACGAGGGCCCCGCCGCCGACCACCCGCGTGCGCGGGGGCTCGCCGGGTCGGAAGATACCCATGCGACCACCCACCACATCCATGCCTACGAGGGTGGACCCGTCGCTGGAGTCCAGCCAGACGATTCGGTTGAACTCGCCCGGCCCCTCCCCCCGACCGCCGTACGAGGCGACCGGCTGCGAGTCGACGTCGTAGGCTCGGATCTCCACCGCCTGACCGTCGACGAGAGCCACCTTGCCGTCGTCGAGGAGTACCCCGTGAGTGATCGTGCCGAAGAGCATTCCCTCGCGCTCGTCCGCTCCACCGAACTGCTGCTCCAACGTGAGCGAGCCTCTCGGCACGGACGCGTCGAAGACGTCGCCTTCCGGGGTCGACGTCGGATTCGACTCCGCGCATGCGGCGAACACGAGCAGGGCGGGGAACAGGGAACGCTGGAACGGCAACACGATCGGTCTCCTCGACGGGTGTGGCGTGAAGCCGAAATCATGGCGGCCGGAGACCGGTTGCGCGAACCGGACCCGCTGAACCGCCCTCAGCCCGCGGGACTCGCGCTCGCCGTGGACTCGAGCCCCCCGCCTCCCCCCGCCGCACCCACCGAGGCATCGCGGGCGCGGACCCGGAGCAGCAGATCGTCGTCGGAGCGTGGGGTGCCACGCCCGTCGCGATTGCTGGTGCCGACCCACACACTTCCGTCCGGGGCCACGGCCACGAGACGCAGGCGGCCGTAGCCTCGATCGACGAGCCACTGTTCACAGACGACGGCGGTCGGCCCCGCGTCGGAGAAGGGCATGCGACGCAGGCGACCGTCCACGAGGCCGGTAACCAGCGCGGCTCGGCCCCAGGCGCTGGTTTCGCCGCTCACCGCCAACCCGCCGGGAGCGATGCTGGGTGTCCACTCCACCGCGGCGCCGACGAATCCCCCACCCTCGGAAGCGCCGGCCACCGTGGGCCATCCGAGGTCGTCGCCCGGACGGGCGATGTTGAACTCGTCGTTTCCGGCCCGGCCCAGATCGTTGGGTCGTCCCGAGGGCCCGTGGTCCACCAGCAGGATCTCCCCCGTGTCGGGGTGCCACGCCAGAGACTGGCTGTTCCGGAGTCCCCGAAGTACCACCGGCAGCGGATCACCGGCGCGCAGGGGAGCCGGCACACCCTCGGGGTCGTACCGCAGCAGCTTTCCGGCCGCCCACGCCGGGTCCATCGCCCACCCGGGCTCCTGATTGTCGCCGTTGC
NZ_CP144380.1_gap39	1102305	1106163	3858	AGCCAGAGCGCGGGCTCATCGGCGCCGGGAGCGCCGGGTCCGCGGAACGGGGGGTCCGACACCACACCCACCACCTCCACCCACCGCTCCCCCGGCCCCGACAATCGGATGCGGCGACCGATCGGGGCGCGGTCCTGGAAGTGGGCTCGGAACGCCTCGTTGACCACCCCCACCAGGGGTGCACCCGCGAGGTCGGATCGCTCGATCGACCGCCCTTCGACCACCTCGCCCCCCACCGCCTCGATCACCCCGGGGGTGACGGCGTGCACCGTCGAGTCGACGCCGTATACGGGCAGGTAGAACATGCCTCGCACACAGGCCCCGCATTCGACCGTCACCAGGTCGCGAGCGCCCACCCCCGTCCAGACCCCGGGCGAGCCGAGCAGCAGGGGCGCGCTCCCCACGGCGGGCAGCATTCCGGCGTCGACGGCACCGGTCGCGGCCAGCCGAACCACGGCCCCCTCCGCTCCCGCCGCGGCGGGCGCGCCCACCCCGGGCAGGGCGGGGGTGCCGCGCACGAGAGCCACGCCCGTGAGGGCGAGCGCGAACGACAGCCCGACCTGAAGCGTGGCGGCCCCGCGGCGCACCGTGCCCGCACGCGGGTCGTCGGTCACACCGTGGCCGCGCCGCAGCAGAACCGGCGCCCGCGCGGCGAGCCCGGGAAGAGGCGCCAACAGGGCGAGCGCGATCGACGCCGTCAGTACCGGGCCGGCCAGCAGGGCCCCGACCAGGAGCGCCGTCAGGGGCGCCTCCACCGACGGCGCGGTCATCGGCCCGGGTGCCGGCCAGCTCCAGCGCAGGAGGCCGGCGATCACGAGCCCGCACGCGAGCCCCGCGCCCACCAGCGTGCGCAGCCGTCCCGCATCCGTGCTCAGCAGGTGACCGGCGAGCTCGCGCGGGGTCGCTCCGAGCGCCGACCGGATCGCGAGCGAGGGCCGGTGTCGCTCGCGCCCCCCCACCAGCAGCAACACCACGGTGAAGAGGGCGAGAAGGGCGACGAGCACGAGCAGGCCGCGCGCGAGCTCGATGCGCTCGGCGAGAGCCACCATCGCGACCGCATCCGCCCCCTGTGCCGCACGGCTCCATCCCGCCCCCCACAGCGGTGCGGGGTCGGGCGTGGGCACCAGATCGGTCAGCGCGGCGGCCCCGATCACTGCGGCGCCGGCCACGGTCCCGGCGATCAGCGCCGTGGTCGAGAGGCTCCCTCGAGGCTGCATGGCGTGCACTCCCAGGTGGATGCGAGAAGGGGCGCGCGGGATCCCGGGATGTGTACGACCGCGGGGCTCGCTACCTTCCCGGCGCTCGCGGATTCCCGCCCGTCGTCTCGGAGACAAGAAGATGCACCTCCGCTCCCGCCGCGCCAGCCGACGCCCCACCCTCGGCCCACTCTCGCTCTCCCTCTTCGCCGCCGCGCTCGTCGCCGCTCCGGTCGCCGCACAGACACCCGCCCCGATGCCAACCTCCGCGCTGTCGGGGGAGGCGTTCGACGCGCTTCGCTACCGACACGTGGGCCCCGTGGGCAACCGGGTGAGCGCGGTCACGGGCGTGCCCGGTGATCCGAACGTGTACTGGATCGGCGCGGCCTCGGGCGGCATCTGGAAGACCACCGACGGGGGCCACAGCTGGCGACCCGTGTTCGACGACCACGGCGTGCAGTCGATCGGCGCTCTGGCCGTGGCCCCCTCCGATCCCGACGTGGTCTGGGCCGGCACCGGCGAGCCCTTCATCCGCTCGAACGTGAGTCACGGAGCGGGGGTGTTCCGGTCCGACGACGGCGGAGAGAGCTGGGTGTCGACCGGCCTCGAGGCCACCGGTCGCGTCGCCCGCATCGTCGTACATCCGGACGACCCCGGTACGGTCTGGGTGGCCGCGCTCGGGCACCTCTACGGCGACCAGGAAGAGCGAGGCGTCTTCCGCACGCGCGACGGTGGGGCGCGTTGGGAGCGCGTGCTCTTCACCGACGCGGGCACCGGCGCCAGCGACCTCTGGCTCGATCCCGACGACCCCGATCATCTGATCGCCGGCATGTGGACGATGCACATCCGCACCTGGGGGCGGTGGAGCGGGGGACCGGGGGGCGGGCTCTTCGAGTCCACCGACGGGGGCACGACCTGGAGTCGAATGGAGGGAAGGGGACTCCCGACCGGCACGATCGGCAAGGTCGGCCTGGCGGGCACGCCGGCCGACCCCGACCGCATCTACGCGCTGATCGAAACGAATGCCAACGCCGAGATCGACGACCTCGACTACGAACACGAAGGGGTGGTGTGGCGCTCCGACGACGGCGGCGCAAGCTGGCGGATGATCAACGCCGACCACGCCCTGGTGCAGCGACCGCACTACTACACGCGCGCCACCGTCAGCACCGGCGACCCCGACGAGGTGCACTTTCTGGCCACCCGCCACTCCGTGAGCACCGATGGGGGCCTCAGCACCCGGGGTGGGGGCGCCGGCGGCGACAACCACGACATGTGGATCGACCCGCTGCTGCCCGACCGCATGATCGTGGGGCACGACGGCGGCGTGTCGATCTCGACCACGCGCGGCACCGACTGGTACCGGCCGCAGCTGCCCATCGCCCAGATGTACCACGTGAACGTGGACACCCGGGTGCCCTACTACCTCTACGGAAATCGCCAGGACGGACCCTCCACCCACGGTCCGTCGAACACCCTGGCGGGGGGCGGCATCGGCATCGGTGAGTGGCGCTCCGTGGGCGGGTGCGAGACCGGGTGGGCCGTGCCCGACACGGTGAGCAACGACGTGGTGTGGAGCGGCTGCTACGAGGGCATGCTCGATCGACACGTCCTGTCGACCGGTCACTCCCGCACGGTCACCGTCTGGCCCGACAATCCCGAGGGGTGGCCCGCGGCGGATCTGCGGTACCGGTTTCAGTGGACCTTTCCGATCGCGATCTCCCCGCACGATCCGGAGACGGTGTACGTCGGCAGCCAGCACCTGCATCGCACCCGCGACGGAGGGCAGAGCTGGCAGGTGATGAGCCCCGACCTCTCCTCGGGCACCGACTCGCTGCTCCTGAAGACGGGCGGACTCACCCCCGACGACGCCAGCCCCACCTACGCGGCGGTGGCCTTCGCCATCGCGGAGTCCCCCCTCACCCCCGGCGAGATCTGGGTCGGCACCAACGACGGCCGCCTTCAGCTCACGCGCGACGACGGCGCGACCTGGACCGATGTGAGCGATGCGGTGCCGGGGCTGCCCGTCTTCTCGACGATTTCGTCGATCGAACCGTCGCGGCACACGCCCGGCACGGCCTATCTCGCCGTGGACGCGCACCAGATCGGCGACTTCCGCCCCCTGCTGTGGAAAACCACCGACTACGGGGCCAGCTGGGCGTCGATCTCGACCGGCATCCGCGAGGGTCCGCTGTCGTTCACTCACGTGCTGCGCGAGGATCCGCAGCGTCCGGGCCTGCTCTATGCGGGCACGGAGAACGGACTCCACGTGTCGCTCGACGACGGCGCGACGTGGGCACCGCTGCAGTCCAACCTGCCCCCGGCGCCCGTGCACTGGCTCACCATCCAGACGCACTTCAACGACCTGGTCGTCTCCACCTACGGCCGGGGCTTCTGGATCGCCGACGACATCACGCCCCTCCAGCAGATCACCCCCGAGATCGCGAGCGGGAGCAGCGCCCTCTTCCGTCCGCGCGACGCCTATCGATTTCTGCGCAGGGAGTCGGCCTTCTCGCAGCCCGGAGACCCGGCGGCCGGTGACAACCCACCCTCGGGCGCGTCGATCAACTGGTGGCTGGGCGAAGGCGCACGCGATGTGAAGCTCGAGGTGCTCGATGCGGCGGGCGAGATCGTGGCCGAAGTCGGCACGCCGGCGCCACGG
NZ_CP144380.1_gap40	1132804	1137256	4452	TCCATGGTGTTCGGGCCGGTTCTCGAGCGCACGGACGCCGGCCCGGGTCCGCGGATCGTGCATGGAGAATGGTACACCTTCGATGGGGACGGAGGGCTCCAGGGTTCGCTCGTCCGAAGGCCGGCGGTCGTCCGCGACGGTCCGGCGGAGCGGTCCAACGAAGGAGTCGTCTACTACGCACCCCGGGCTCAGGTCGCCGCCAGCCGTCTGGGGATCTGGTACGCCTGGCCGGCTCGATGGGAGTTTCACCATGTCACCCGGGAGGGTCTGGATCGGGTGGTCCGTCTCGAACGGAGCCGGGAGCCGGTGTCCGGCGCGCTTCGCGCTCGTTTCCACCAATGGTTGGCCGACGGGCCGTTCGGTGTCACACCGGGGGAGTCACCGTCCGTCGACCTCGTGCAGATCATGCGGGGCCGGGCCCAGAGGGAGGTCCGGGGCCTCCCTCTGACCTTGCCGCTCGTTTCAGACAGTCTGCCCGCCCACGGCCCTTTCCTCGTCAGCCCCGATGGGCATCTCTGGATCCAGGAGCACGCGACGGGCTCCGAACTGATGAGCGGAAGACCGGACCGCACGTCGACGAACCGATGGACGGTGGTCTCCCCCGAAGGCCGATGGCTCGGAACCGTGCAAACCCCGGCAGGACTGCGGGTCGAGGATATCGACGACGAGGTCGTCGCGGGGGTCTGGGTCGACGAGTTGGAGGTGGAGCACGTCCGTCTCCATCGCCTCGTGAAGTCGAACTAGTTCCAGTTGTCGATCTTGAGGTCGGCGGGAGCGGGGCGACCGCGACCGGATTCCAGAAAGTCGCGCAGGCTGAGGAGGAAGGTTGCCCACTTCATGCTGCAGTGGGCCGTAAACTCCACCTGCTCTCGCCACCCACGGTGTCCGAACACGAGGATCGTCATGTCACCCTCTTCGAGGAAGTCGAAGGTGGCCTCGGTGCCCACCCGCGACGCCTCGAGCCGTCGACACGGCTTCCTGGACCCGGTCGGCCGGGGCCCGAACGCCGACCCTGTGTACGATATCGATCATGGAGTCTCCTGACTGCTTCGTAGTGTGAGTCATGAATCGTCGCTCTCGACGAAGTGCTTGAGTCGATCGGCGGCCGCATCCCACTGCGCCGAAACCTCGTCCAGGTACCGCCGAGCCACTTCGAGTCGCTTCCGGTCGAGCGAGTACACGCGCTCCCGGCCCTCCCGGCGATCCTCCACCAGCCCGACTCGATCGAGCGTCTGCAGATGGCGGGTGATCGCCTGGCGGCTCATTCCGGTGCCTTCGCTCAGGCGGGTGATCGACAGTTCACCTTCCGCCGACAGTCGTTGGAGCAGGTGAAGGCGGGTCGTGTCGCCGAGAGCGGCGAACACGGGGGCGGCGGCACCCGCAGACCGCGCGGGTTCAGCCGACATGGGCCGCGAGGTTCCGAGCCTGGCCGTCCCATCCACCCTGGTTCATCCGGAAGGCCTCGGCCCGACGATCCGAGGGCAGTCGATCGAATCCGGACTCGACGATGGTCACCGAGGTACCGCCCTGGGCCGCCTCGAGACGAAACTCAACGAGCGTCATCGGCTCGGCCGAGTAGTCGATCGCCGGATCCACCGCATAAGGATGCCAACGGTAGGAGAAGTAGTTCTCCGGCTCGATGCGCTCGACCCGCATCTCCACCGTCACGTGTTCGTACCCGGGGATCGTGATCCGCCCCAGCACGGACTCGCCGGTGGCGAAGGGGCGGTCGATGGTCATGCGGAACCACGACCCGAACTCCTCGTGGTTTGAAACGGCGCGCCAGACGCGCGAGACGGGCGCATTCACGTGGAACTTCTTCTCGATGCGATCGGTGCTTTCGGCGGTGGGGTTCGAGGTGGTCATCGACGGGTCCTGGAGAGTGAGAGACGTGCAACACATTCGTTGCGCAATATGGACCCCTCGCCCCGGAAGCGCAACGCCAACGTTGCGCTTTGTCGACAGGCGACTGGCGGCACCATCTTCGCCACCCGTAGAATCCGCTCGATCGCCCTGTCGACCCCTCTGCCACCCTCGAGAGAGGAGACATCATGAAACGATGGACGACGCTGTCCGCCGCGCTTCTCGTTGTCGCCGCCTGCGACACCCCCGCGCCGTCGCCCGACGGTGAGTTGGTCGAACGCGACAGTGCGGGGGTGGTGATCGCGGAGTGGTCGGGCCCCATCTGGACGAGTGGGCCGCGTTGGACGATCGGCGAGCCGGCCACCTCGATCGGAGCACTGGAGAGCGACGAACCGGAGTATCTGTTCAGCGGCATTCGCGGGACCGTGGCGTTGAGCGACGGGCGGATCGTCGTGGCCGACGGCGGATCGAACACCCTGCGATGGTACGATGCCTCCGGGGTCTTCCTGATGCAGCGCGGTGGAAGCGGGGAAGGACCGGGAGAGTTCAGCCGACTCGGGCCGATCGTGCGCACCGACGACGACGGTCTGGTCGTCACCGACGGCGCCCTCCACCGGATCACCCGCTTCAGTTCGGAGGGCGAGCTCCTCATGACGACGCCGATCGAGGGCGTGACCGTACCCGGGCCCGCGCATCCCCTGGCTGAGGGTGCCTTCGTCGTCGGGGCGGCCGGGTTCAGCTCGACGCAGATGACCGGCGAAGAGGAGGGTCTCTACCGCGCGAGCGAGCCGCTGATCCGGATCCGCTCCGAAGTGGACGCCGTCGACACCCTCGGCATCTTTCCGGGCCCCGAGATCTACTTTCGCACTCGATCGTTCGGAGGCCACCCCTTCAGCCGCGGGTTCTACTACGGCACCGCGGGGGATCGCGCCTTCGTCGCCGGGGCCGAAGGGTTCGTGGTCGACGTCTACGCCGGCGACGGCCGACATCTGCGCTCGATTCGCGCTCCCTCGGTGGATCTGACCCTCACCGACGAGCTGATCGGCGCGTACAAGGACGAGGCACTCCGTCTCGCGGCAGAGCGTGGCGAGCGGGTGGAGAGTTCGACGCGCTCCGCACTGGCCGACATGATCTTTCCGAAGGAGCGTCCCGCCTACGGACGCATGGTGGTCGGCGACGACGCGATTTGGCTGGAGCAGCACTCCGGAGGGGTGACCCCGACGGTCAGTCGGTGGGCGGTCTTCGACCACGACGGCGCCTTTCGGGGCACGGCGGAGTTCCCCGCGGAGTTTCGGCTCTCGACCGTGGGCGATGGACGCGTTGCCGGCTCGTGGCGCGACTCGCTCGGAGTCGAGTATGCGCGCGCGTACGCTCTGGTCGAGACCGGAGGGTGAACGACATGGGCGCGGTTGACACGGTCCTCGCGTCCGGGCATCGCCTCCGGTTGTTCCGTCCGAGCGACCGCGAGGCATGCCTGGCGGTCTTCGATTCCAATGTTCCGGACTTCTTCGGCGTTCACGAACGTCGCGAATACGTGGAGTTTCTCGGGTCGCTCCCCGGCCCCTACTGGGTGTTGGAAGAAGGGGCTGGCCTCATCGTGGGCGCCGGGGGATACGCCTTGGTAGAGGACGAGGGTCGGGCCGACCTTTGCTGGGGTATGGTCCATGGAGCGAGACACGGCGAGGGCCTGGGGCGGACGCTGACCGAAGTGCGCATGGACCAGGCCTTGAGACACCCCCGAGTTCGAGAATTTCGAATCAGTACGAGCCAGCACACGCGCGGCTTCTACGAGCGCTTGGGATTCCGCGTGATCGAGACCATTCCCGAAGGGTTCGGCCCAGGCATGGATCGATGCGACATGAGGTGGAGCGACCGGAACGAGGGAATCAACCAGTGACCGCCTTCATCGACAGCCCGATCCGACCGCGCGCGAGATCGACGCTCAACACCCGCACCTTCACCGACTGCCCGACCCGCACCACTTCGGAGGGGTCGCTCACGTAGCGGTCCGCCAGCTGGGAGATGTGCACGAGGCCATCCTGGTGCACCCCGATGTCGACGAAGGCACCGAAGGCCACCACGTTCGTGACCACCCCCTGCAGGACCATGTCGCTCTTCAGGTCCTCGGGTTTCTGCACATCCTCGCGGAAGGCCGGAGGTGCGAAGGCGTCGCGCGGATCCCGGCCGGGGCGCCGCAGCTCGGCCACGATGTCTTCGAGGGTGGGCAGCCCGACGCCGTCGCCCGCGTAGCGATCCAGTTGGCCTTCGAGGCGGCTCAGGAGTCCCTCGTCTCCCACGAGTTCGTCGAGTGAGACTCCGAGATCGCGCGCCATGCGATCGACCAGACGGTAGCGCTCGGGGTGCACGGCCGTGGCATCGAGCGGATGGACCCCGTCGCGGATCCGCAGGAAGCCGGCCGCCTGCTCGTAGGTGCCCGGCCCGAGGCGATGCACGTCGAGCAGCTCCGCGCGGCTCGAGAGCCGGCCGCGCTCCTCGCGCAGAGCCACGATGTTGTCGGCGACGGTCGGCCCGACCCCGGCCACGTAGGAGAGCAGGGGAGCGGACGCCGTGTTCACCTCCACGCCGACC
NZ_CP144380.1_gap41	1141974	1145333	3359	CGTGCCGGCCAGCGTGCTCGTCGGAACCGACTACGAGATCCTGCACGTGGCGGGCGACGCCGCGCGGTTTCTGCGCGAGGCACCGGGCGTACCGTCGCACGACCTGCTCGACAAGGTGCTGCCCGACCTCCGCATCGAGTTGCGCTCCGCGCTCTTTCAGGCGTTGGAGAGCGGGGACTCCGTGCGGACCCGAGTGCGAGAAGTGATGATGGGCGGGGTGCCGACGCAGGTGGTGCTCGAAGTCACGCCCCTCGCGGCCCACGGCTTCGAGAGCGCTCACCTCGAAGTGGTGTTTCACGCCACGGTGGTCACCCGTGACACCCGCCACTCACCGGAGCGCACCGATTCGACCGTGGCGGTCCAGCTGGAGGAGGAACTCGCGCGCACGAAACAGCGCCTGCAGATCGTGATCGAGGAGTACGAGACGACCAACGAAGACCTCAAGGCCTCGAACGAAGAGCTCCAGTCGATGAACGAGGAGCTTCGCTCGGCCACCGAGGAACTCGAGACCGGTCGCGAGGAGCTCCAGTCCATGAATCAGGAGCTCGTGACGGTGAATCACGAGCTCCGCGCGAAGATCGAGCAGCTGGCCCAGGCCAACAGCGATCTCGACAATCTCATGGCCGCGAACGAGGTCGGCACCCTGTTCCTCGATCGCGAACTCCGCATTCAGCGCTTCACCCCTCAGGCGGCCGCGATCTTTCGGCTCCAGCCCTCCGACGTGGGCCGCCCGCTCGCCGAGATGGCCACCCATCTCAAGCCCCACGACGTCGTGGGTCTGGCGCGGCAGGTGCTCGACGATCTCGTGCCCGTGGAGGTCGAACAGCGCCGCGAGGGGGGAGGCGACTACCTGACGCGCGTGCGCCCGTACCGCACGCGTCGAGACCAGATCGCCGGGGTCGTTCTGACGGTGCTCGACGTGACCGACCTCAAGGAGGCCCAGCGGCGAGCGCGCTTCCAGGCCAACGTCCTGGCTCAGGTGAGCGATGCCGTGATCGCGGTCGACATGGACAGCCGGATCATCTACCTCAACTCCAGCGCAGGCACGCGTCTCGAGATCGATCCGGCGTCGGCCGAAGGGAAGCCGCTGCGGCAGATCGTCGACATCGAGTACCGTGCGGGGCACAGTCGGGAGTCGGCGTTGCGCGCGTTGGCCACCGAGGGTGCCTGGAACGGAGAGGTGGTCTACACCACCCGGAGCGGGCGTCGACTCGATCTCGACGTCAACGCGACCATGCTGCACGGGGCCGATGGCGAGCGGATCGGCTCCCTGGCGATCCTGCGCGACATCACGGCGCATCGGGAGGCGGAGAAGCGGGCGCGACAGCAGGAGCAGTACCTGACCACCACCCTCCGAAACGCACCCATCAAGGCCGCGATCGTCGACACCGACTTCCGCTATCGCTGGACCTACAACATCCACCCCACGATCGAGCCGGCCGCTCTCGTGGGACGTCGCGACGAGGAGATCTTCGACGCCGCGGAGGCCGGCGAACTCATCGGCCTCAAGCGACAGGTGCTGCGCACGGGAGAGGGGGTACGGCAGGAGGTCTCGGTCCGCCTCGACGGAGAGACGCGCATTCTCGACGTCACCATCGATCCGTTGACCGACCACGAGGGCACGATCGTCGGCCTCACGAAGGCGGCGCTCGACATCACGGAGCAGAAGCGCGCCGAAGAGGATCTCCGCATCGCGAAGGCGGCGGCCGAGACGGCCAACGAAGCGAAGAGCTCGTTTCTCGCCGCGATGAGTCACGAACTGCGGACGCCGCTGAACGCCATCATCGGCTACCTCGACCTGATGCAGGCCGGCATTCCCGACCGGCTCACCGAGCCGCAGGAGCACCAGGTCGAACGGATTCAGGTGAGTGCCCGCCACCTGCTGCAGCTGATCGAAGAGGTGCTTCAGTTCGCGCGCCTCGACGCCGCCCGCGAGACGGTGCAGTGGGCACCGGTGCGGGTCGGCGATCTCACGCAGGAGATCCAGGCGATTCTCGAGCCCCTCGCGGCGGAGAAGGGGCTCGAACTGGAGATCGACGCCAGCGCGGCGCCCGACGTGCTCACCACCGACCCCAGAAAGGTGCGACAGATCCTGCTGAACCTGCTGGGCAACGCGGTCAAGTTCACCCACCATGGGCGGGTGGGGCTGATCGTGGACGAGGTCGAGGCGGGAGTCCGGTTTCAGATCGCCGACACCGGCATCGGCATGAACGCCGAACAGCTGGACCATGTGTTCGAAGCGTTCTGGCGCGCCGATGACGAGAATCCGGTGGCCGAGGGCACGGGTCTCGGACTCACCATCAGCAAGCGATACGCCCGGCTTCTCGGTGGCGACGTGACCGCCGCGAGTGCGCCGGGGGAGGGAAGCGTGTTCACCCTCATCGCGCCCGACCGGGCGAGCGAGGGGCCGGTGGACTGAGGCGGATCAGCCCACCTCCACGACAGGCAGGTCGTCGGGCTCGTCCGCCGGCGGCACCGCGAACACCCTGTCGCGGCCCGCGGGTTGCACGGGGTATCCTCCCGTGAAGCCCCCGAAGGCGGGAAGCACCAGCACCGGGTCGCTCCACCAGAAACAGCGGGGCCGCAGCCCGGCGCCGCGGCCACCCTCGCGGAGTCGCACCACCGGGTGCAGGTGACCCGCGAGCACGAGCCGCCCGTCGTGCGACGCTCCCGACGCCGGCGGCTCGTGGCGCGCCTCCACCGGGCCGAGCCCCACCGGTCCCTCCACCACCTCGAGCCCCCATCGGGACGGCACGAGCAGTGGCCGATCGTGGTTGCCGAGCACCAGGGTGATCGATCCCACGGCGGCGCGGGCGCGCCACGCGGCGAAGCGCTCCACCACCTCGGGCGCGAGCCCACCGGCGGCGTGCACCAGATCGCCGAGGATGACGAGCCGCCGGAGGCCGTGGTCGGCGATCACCGCGTCGAGCCGGCGGAGATCCCGTGCCTCCTCGCCCTCCGGCACGGCCAGACCGCGCCGTCGGAAGAGGGTGCTCTTGCCCAGATGGAGGTCGGCCACGAAGCCCACCCGTGCGTCGGGGATCACCACGCTTCCACGCGGGTCGAGCACGAGCGGCACGCCGGCCAGCGTCACCCCCAACCCCGTGCTCGACATCAGGCCCCCGCCGTCCCGGCGGCCTTCTCCAGGCGACCCGCCACCCGGCGCACACGGTCCACCCACGACTCGGTGCTCACCTGCGCCTGCATGCGCTCCGCCCAGATCGGAAACGCCAGAGGGGTGAGACGGGGCGGGGTGGTGAAGACCGGCGGCAGCGCGGTCATCCGCTCGAGCCCCTCGCGGAGCCGCCGTACCTCCAACTCGTGGTCGAGCACCTCTCGATGCGCCTGCTGGAGCAGGA
NZ_CP144380.1_gap42	1180385	1183019	2634	TAGATCGGCACGAGTTCCTCCACCGCCCCCATGAAGGCATCCATGTCGGTCGTGTACATGTTGAGGCGCACCACGTCGGCCGGCTCCATTTCCGCCTCTGCGAGCGCATCTTTCAGATTCGACCAGGCGAGCTTGAACTGCGCGACGATGTCACCCTCGTGGAGGGGCGCCCCGTCGGGGCCGTTCGAGGTCTGTCCCGAGAGGTAGAGCACCCGCTGCGCACCCGTGACCTCGACTCCATGATGGATGTTGAAGCCCTGAAGCCAGTCCGTGGGGTTGATGGAGCGTTTTTGCATTGTTGCCTCGGTGGAGGGGATTGAGATGACGCCGCGAACTTGGGCAGCGACCGCGGTCACCGCCACCACGGGGCTCGCACTGCTGGCCGCCGCAGGCTGCGATTCACCGAATGCGGCGGGTGCCACCCGAACCGCAGCGGTCGTCGAAGACAGTGCGGGGGTGGAGGTCGTCACCGTCCCGCACGAAGCCACCGCGGAGTTGCCCACCTGGACCGTGGCCGACGAGCCGATCCTCACCATCGGTCGGCTCGACGGCGAGCCCGCGTATCTCTTCGGATCGATCGGTCCGGCGGTGCTGCTCCCCTCCGGAGGGGTCGCGGTTGCGGACGCACAGGCGCACGAGGTCCGCGTCTTCGATGCCGGCGGGGTCTGGAGGCGCACACTCGGCAGGGAGGGGGACGGGCCGTTGGAGTTCGCCCAGATCGGCGGTCTCTGGCTCGGAGACGACGACCGCCTCGCAGCAGTCGACACCCGCCATCGGAAGGTGGTCGAGTTCGACCTCGCGAGTGACACCGCCGAGGCCCGGAGTACCGGTTCCGAGCTGTGTCCCGCCGCCGCGCGACCCTTCACCTGCCGGGTGGCTGGTGTGCTCGCGAACGGCGACTTCGTGGTGTCGCACGCGGTCGGCCCGGCTGAACCCTCCGCGTCGGAACCGGGCCTGAACGGGCGCCCCGGCGACCGGGTCGCGATGGCGGTGGTTCGGGGAGAGACACGGCTCGAGCTCGGTGAGGCGAGCGGTGCCTCCTTCTCCGTCTGGTCCTACGACGACGGCTGGATCTGGTTCTTCGAGACGCCCTTCCGGCCCGGTGAGACCCTGGCCACCGGCCACGACCGCGTGGCGAAGGCGGCTCCCGCCGCTCGCGAAATCCGGATCTGGTCGGCTGCAGGCGTCCTGGAGCGCGTGGTCCGATTGCATCTCGAGGCACCGCTGCCCCGATCCCGGCTGATCGATCGCATGCACGCCTGGGCGGACACGGGAAGCTCGCCGTATCCGGTCGCCGACTATCTCGATGCCGCCCGATTCGACGAGGTGGTGCCGGCCTTCTCCACCGTGCACTTCGACAGCGAGAGTCGCCTGTGGGTGCAGCCCTACACGGTCTCGGAGGAACTCGGACCCGTACCCGACCTGCCCTGGCTCGTGCTTGACCGGGAGGGACTCCCTCTGGCGTGGGCCCGGGGACTGCCCGGCGACGACCTGCTCGACGTGGGCAGCGACGGGGTCCTGGTGCGCAGTGAGAGCGTCGCCGGCGCCCCCCAGGTTCGCTTGCTCCCCATCCGGAGATGACCGCAATGTCACGCACCGTCCGCTGGACCCTGGGGGCGCTCGCGCTCGGCGTGGGAGCGGCAGTCGCACTCCCCCGTTCCACCCCGGCGTGCACCCCGTCCTTCTTCGCAGAGACGCTGCAACTCCGACTCGACGCTCGAACCGTGGATGGACAGGGCGTCGACTCGCTCCCGACGACACCTCAGGCCCGCCTGACGAGCCACCGCTCCCTCGACACCATCGAGCTCTCGATCTACCACGATGCTCGGTCCGCACGGCTGGAGTTCCGTCGATGAAGCGCTTCCTGACCGTGGTCGCGCTCCTCACGGGTCTGGCGATCGCTCCCGGATGCGGGTTGCTCGAACCCGAGTGCAAGCAGGTACCGGGCCGCCCACTCGAAGCCGGCACCTACACGCTCTCGGAGCTGCCTTCCAGCGAATGGGAGCAGCCGTTCGCCGACCTGCTCCCCGGCCCCTCGGCGGAGAACGTGACCCTCACGCTCTCCGAAGACCGGGAGTGGGTGACCATCCGCTACGAGGTGGACGGGTCGGTGATCGAGGACCGATGGCAGGTGGTGGGGTCGTTCCATTGATACCGTGCGCCGCTCAGAATCTGCCGGCAGACCGGCCCCGTTTGAGACCAGTACAGGGCCTTCCGGTCGCCGCGGTGCTGTGCCTCACCTTCGGGGCCTCCCTTGCTGCACCCCCGGGGGTTTCGGCCCAGACGATCGCGGGTGTCGTGCTTGAGCGTGAGGGAGAACGTGAGATCGACGGCGCACTGGTGACTCTGCTGACCCTGTCGGGCGACTCCGTGGAATCGGCGCTGACCGACGCATGGGGGTCTTTCGAAGTATCGGCCGCCGAAGCCGGCGAATACCTGCTCGCCGCTTCTGCCTGGGGATTCGAGACGACGATTGCAAGCAGCGTGTTCACTCTCGACCGCGACGGGCGCATGGAGGTGGAGTTTCGGATTCCACGGGCACCGATCGAGATCGAGGGCATCAACGTCCTCGCAGACCCGGCCGTGGTTCGCGAACACAAGCTCGTCAAGAACGGGTTCGTCGAACGGGCCCGA
NZ_CP144380.1_gap43	1192943	1194501	1558	ACGGATCTCCGAATCGCCGAGCGCGCCACCGAGCGGATCAACCGCATCGACGCCGCGCTCACGCGCCTTCGCGAGCAACCGGACGAGTTCGGTCGATGCGAGGTAGAGGGGAAGGCGATCGCGATCGAGCGGCTTCGCCTCGTGCCGTGGACGACGCGCTGCGCCGAGCACGCGCCACCGCGATGACGGCCACACGGCCGATGGCGTGCGCCTTGCATCCGGAGGAACCCGCCGGATCCACCCATCCCACCCGGAGTCCCCGATGAGCGACGTCAAACTGAGCATCGTCTTCTACAGCACCTACGGCACCAACCACCGCATGGCGACGATCGCGGCCGATGCGGCGCGCGACGCGGGCGCCGAGGTGCGGCTCCGGCGCGTTCGAGAGACGGCGCCGAAGCAGGTGGTGGAGGCGCAGGACGCGTGGAGGGAGCAGCTCGAGAAGATGCAGGACATCGAAGAGGCCACCCCCGACGACATGGAATGGGCCGACGCGTATCTGTTCAGCGCGCCCACGCGCTACGGGGGAGCCGCGAGCCAGATGCGGGCGTTCATCGACACCCTGGGCCCGCTCTGGCAGAAGGGGCTGCTGGCCGACAAGGCGGTGACGGCCATGACCAGCGCTCAGAACGCGCACGGAGGCCAGGAAACCACGCTCCAGTCACTCTATTTCACCTTCCAGCACTGGGGCAGCATCATCGTTCCGCCCGGCTACACCAGCGACGCGGTGTTCGCCAGTGGTGGCAACCCGTACGGCGTGTCGGTGACGGCGGGCGGCGAGGGCGTCACGTCGGAGATCGAGGCCGCGATCCGCCATCAGGTCGAGCGGCTCGTGGAGGTGGCCGGCTGGCTGAAGCGCGGTCGGGCCGACGGCTGAGGGGCATCAGCCCTCCGGTCGCACGCCCACGAAGACATCCAACCGCCCGGCCTGGACGGCGGAGTGCTCGAAAGGGATCCGGTGCGGCTCGAACCCCGCGTCGCCGAGCAGTGTCAGCCACGAGGCCCGGGGGAAGATGCCCTCGACATGGCGGTCGTGAACGACCCGCACGGAGCCGTCCGACGCCCGGAGCATGAAGGCGTAGTCGACGACGTAGCTTTCGTCGTCGGGGTCGGGGTCCCATGTCCACTCGAGGTAGCGCAGCGCTCGCCCGTCGGTCCCGTCCTCTCCGCCGTCGTCGGCCCCCGAACGGAAGGTCTCTCTGGTGTAGTCGGGGGCGAAGAGAGCGGCTCCACCGGGCGCGCAGTGCACGAAAGCGGTCTCGACCGCCTGCCGCAGGTCGGGCAGGCTCGTCATGTAGCACACCGCGTCGTGAACGAACACGGCGTCGAAGGTGCGCCGGAGCCGGATCGTACGCATGTCGCCTTCGAGATGCTCGCAACTCGGATTGAGCGCCTCGCTCACGGCTCGCATGCCCTCGGCGGGCTCGACCAGAGTCAGGGTCGCCTGGGCCTTCATGTGCGAGGCGTTGTTGCCCCCGCCGCTTCCGAGCTCGAGCAGGGTACGGATCCGCCGACGAGACAGGCGCTGCAGCGTCTCCAGGTAGAACGACGCCTCTTC
NZ_CP144380.1_gap44	1196410	1200056	3646	CCGAGATCGCCGCGCGCGGCGGTGCGGGAAACAGCGACGTCCGCCGCGAAGCACCCTCCGAGCCCGCGGGACGAAAGCTGCCGGTCGTGGACGCCTTCGCCGCTCGCCGCCGCGCGGTCCGCGAGGCCGGTGAAGAGGCGGGCTACACCCCCCCGTCGCCCGATCGTCTCACGCGCCGGATCGACTCGATCGTGCTCCACCGCGTGTGGGGCCCGCTCGCGTTCCTGGCGATCACCGTGCTCGTCTTCCAGTCGATCTTCACCTGGGCGATCCCCTTCATGGACGGCACGGAAGCGTTCATCGCCACCACCGGTGAATGGATCGGCGCAGCCCTGCCCGACGGGTGGGTCCGCGACCTGGTGGTCGACGGGGTGTGGGCGGGCGTCGGATCGGTGATCGTGTTCCTGCCCCAGATCCTGATCCTCTTTCTCTTTCTGGGGGTGCTCGAGGACTCCGGGTACATGGCTCGAGCCGCGGTGATCGCCGACCGAAGCATGGCTCGAGTGGGACTCCAGGGCCGCGCCTTCCTCCCGCTGCTGTCCGCCTACGCCTGCGCGGTTCCGGCGATTCTCGCGGCCCGCACGGTCGAAGACGAACGCGATCGCCTGGCCACCATCTTCATCGCGCCCTTCATGACCTGCTCGGCGCGACTGCCGGTCTACGCCCTGCTGATCGCAGCCTTCATTCCCGAGCGGAGCCTGCTCGGGCCCCTGCTCGGGACGCGCGCGGCGACGCTCCTCGGGCTCTACGCTCTCGGCGCCCTGGCGGCCGTGGCCACGGCCTTCCTCCTGAAGCGCACGCTGCTTCGCGGGGCCCCCTCGTCGTTTCTGATGGAGCTGCCGCCCTACCGTTTGCCTACCGCGCGCTCGCTCCTGCTGCGACTGCACGACCGCGCCCGGGTCTTCCTCAAGCGGGCGGGCACCATCATCCTCGGGGTCACCATCGCGCTGTGGATCCTGACCCAGGTGCCACGCGGGGTCGACGGCACGGCTCCCCCGCTCGACGACAGTGCGCTCGGCCGCGCCGGGCAGGTGGTGGAGCCGCTGATCGAGCCGCTGGGCTACGACTGGAAGATCGGGGTGGGGCTGATCTCCTCGCTCGCCGCGCGCGAAGTGATCGTGGGCACCCTGGGCACCATCTACGGCGTGGAGGACGCCGACGAGTCGTCGCTGACCCTGCAGGACAATCTCCGCCAGGACCTCGATCTCGGGTCGGCGGTCGGGCTCCTGGTGTTTTTCGTGTTCGCGCTGCAATGCATGTCGACGGTGGCCGTGATGCGGCGCGAGACGGCCGGATGGACTTGGCCGCTCCTGCAGTTCGGCTACATGCTCGCACTGGCCTGGGTGGGCGCCTGGGTGGCCAACGCGGTGCTCTGATCCGGGCGATCCGGCGGGACCGCGGCCAGCAAGCAGGGGAGTTCCCGTGTCTGTTCGAGTACGCCGGACCCCGACCCCCAATCCCCAGGGCCGACCCCGAATGCAGCTTCATCCCGCGATCCGCACCTCGCGCGCTACCGCCTTGTCCTGGCTCTGGATCCTCGCCGGAGTGTTGCTCGGCGACTCCAGAGTCGCCGCCCAGGAACCCGCCCCGATGCAGGAGCGACTGGCCGTCTTCCTCGACTGCGGATTCTGCGACGGCACCTTCCTGCGGCAGGAGATGGAGTACGTGGATTGGGTGCTCGACCGGGAGGTGGCCGACGTCCACGTGCTCGTCACCCAGCAGACGACCGGCGCCGGCGGACAGGCGCAGACCTTCGACCTGATCGGGCGGCGTTCCTTCGCGGGACTGGATCAGTCCACCGTCTACACCACCCTCGCCGGGGCGACCGAGGCCGAGGAACGCGACGGCTTTCTCCGCACTCTGCAGGCCCTGCTGGTGCCCTACCTGCTGCAGACGCAGACGGGTGAACGCGTGCGGGTCGACATCGCAGCCGAACGCTCGGAAAGCGCGGCTCAGGCCCAGCCGGCCGACGACCCATGGGATCACTGGACCTTCGAGCTCTACGCCGACGGCGGCGCCGACTTCGAGGCGAGTCAGCGGTCGATCGACATCCGGTACGGCCTCTACGTGAATCGGGTGACCGAAGACTGGAAGGTGCAGCTGCGGCCCTTCTTCAACTACAACCAGGATCGCTTCGATCGGGCCGACGGAGTGATCGAGCGCATCTCCCGTCGCAACGGGTTCACGAGCTACGTGGTGCGCAGCATTTCCCCGCACTGGTCGGTGGGCGCCTTCGGAGACGTCTTCACCTCCACCTTCGACAACGTCGACATGCGGTACCGGCTGATGCCGGCGGTGGAGTGGAGCCTGTACCCGTACCGCGAGGCGACGCGACGGCAGCTCACCCTCACCTACCGTGTCGGCGCCGCGCACATCGCCTACCGCGACACCACGATCTACGCACAGATCGAGGAAACCCTGCCACAGCACGCCCTGAACGCCAACTACGAGGTGCGGCAGCCCTGGGGCCAGATCGACCTCGGTGCGAGCGGATCCCAGTACCTTCACGATCTCTCCCGCTACAGCGTCGAGTTCGAGGGCGGCGTCGAGTTTCGCGTTACACAGGGCCTGTCGATCGAGGTCGGGGGCAATGTGGCCTTCATCTACGACCAGCTGAATCTGCCCAAGGGAGATGCCGACCTGGAGGAGGTCCTCCTGCGCCTCCGGCAGCTCGAGACGGACTACGAGGCCGGCCTCAGCTTCGGCTTCCGCTATCGGTTCGGATCCATCTACAACAACGTCGTGAACCCGCGGCTCGGAGGGCTCGGCTCGCAGGACCGCTTCTGATCCGGCACGATTCTCGCTTTTCGGGGGGGTGAACCCCGAACACCCCCGATCCGAAGGCCGGAGAATCGCCATGCGTCCCTCACACCTGCTGCTCAAGACCGCGAGCTACCTGCGCGCCCCGAAGACCACCCTCGTGCTGTCGCACCCGATCCGGGGCACGGCCGCGGTGGTGGCCCTGAAGGCCGTTCAGAAGGCCGCGCCGCCACGTCTGGGCAGCGCGCTGGTGTGGATGGCCGCGACCACGGCGGTGCCGCTCTGGCTGATGGTGCGCGGGGCCCGGCGCGCGGCGGACGAGGCGCAACGGACGGGAGGCCGCCGGGAGGCCGGTCGATGAGGGAAGCTCGCCCACGGGCCGCCGCCTGGATCGGGGCACTCGCCCTGGGGTGCGCGGCCTGCGGCAACGCGACCGTGCCGGACCTGCCCCCGCACGACCCCATCGAAGTGCCGGATCCCGAGCAGGTCGACGCCGTGCTCTTCCTGATCGGCGACGGCGGCGCCACCGTCGAGGGGCGCTCGCCTACGCTCGTCGCCCTTCGCCGCGACGTGGAGGAGTGGTCGGAGGCGCTCGCCCGCGACTCGGCGGTGAGCGTGATCTACCCGGGCGACATCGTGTACCCCGTGGGCCTTCGCGACCGCGATCACCCCGACTTCGAGACCGACTCGGTCCGCCTCTGGAATCAGATCGACCTCGTGCGGGGCCCGGCCGCCCTCGAGCACGCCACCCTCGGGCTCTTCCTGGCCGGCAATCACGACTGGGGCAACGCGCGGGGCGACGCCGGGCTCGCGCGCATTCGCAACCTCGAAGCCGCCCTCGTTCGCGCGCGTACCGCCGGCCCCCGCGTGGCCCTGTTGCCCGAGG
NZ_CP144380.1_gap45	1217670	1220124	2454	CCGCCGTGGACCTGGAGCTGCTGCTCGAGGATGTGCGGGGAGCGAGCGTCACCCCGTAGCGCCGGCGACGGGCCGAGGTCCGAGACGCCCCGCGCGGATCTCCTGCACCAGCGCGAGCGTGGACTCTTCCGGCCCGGAGTCCCACTCCTCCGCCAGCAGACGTTCGAGCCGCTCCGCGTGCTGGAGAGCCCCGGCGCGATCTCCGCGCAGCGCCAGCGCCCGGAGCAGGCCCCGGTGCAGCTCCTCGTCGAGCTCGTCGCCCGCGAGGAGTCGCAGAAACACCGACTCCGCCGCACCCGGGTCACCCGCCGCCTCGTGGGCGGCCGCCAGACGCAACCCGACCTCGCGCCGCGCCCGGCGCACCCGATCGGACCAACCCTCGACCCAGCGGGCCGACACCCCGTCGGCGAGCAGATCGCCGCGGTACAGCTCGAACGCCGCTCGCAGTGCACCGGCGTCGAGATCGTCGCATCCGGCGGCCGCCTCGATCCGCTCCGTGTCGACCTCGACGCGAAGCGTGTCGGCGATGCGGTAGCGGCCGTCCACGAGTTCGACCCACTCGGGCCGCTCGAGCGCCTTCCGGAGGTGGTGCAGCGTCACGTGCACGCTGTTTCGCGCCTGTGTCGGGCCCGAATCGGGCCACAGGGCCGCCGCGATCTGATCGCGCGTTCGGCCCTCGCGATGCAGCAGCAGGAGTGCGAGCAGCTCTCGGGGCCGCGCGTAGGGCCAGCGGTCGGGGTCCACGGGCACCCCGGCGACCTCCACCTCGAACGACCCCAGGAGGCGGACGCGAAGGTCGGGTGGATCCGAAACCCCGGCGGGAACGGGCGACTCCGGTTCCGGCCGCACCTCCTCGGCAGGGTCGAGGGGCGGTGCAGGGGCACCCGGCCGGGCGCCCGCGATCGCCTCGGCCACGACCTCGCCGAGTTCGCGGGCTTCGCCCTCGCGGACGGCCGCCTCGAAAGCGGTGGCGCCCAGGGTCCGCCGAAGGTCGGCCACCACCGGGTCGGAGGCGCCGGCGTCGATCGACACCACCGCGATCCCCTGGCTCGCCCGCCCACCCCCCGCGGCGCCGAGCCATTGGGCCGCCGTGTGCGGGTCGCCGTCGCGCGCCGCACACAGCGCGAGGAAGTGCAGTGAGCGGGCGAGAAACATGATCGACGGATCGCGCTCCAACGCGACCAGCGACTCCATCAGGGTGGCGCGCGCCTCCTCGAGGTCGCCCACCTGAAAGAGCAGGATGCCCAGCGCCTGCAGGCTGATCCCAAGCTCACGATCGGCGCCGAAGCGGCGCGCGGTCGCCACACCGGCCGCCGTCACCTCGAGGGCCGAGGCCATGTCGCCTCGGTTGGCGTACGCCGACCCGAGCAGGATCTGGGCGAGCCGCAGCAGGTAGAGATCGCCGTGCGCCGCCAGCCAGTCCCGAGCGGGTTCGAGGTACCGCTCCGCCTCCGGGTCGAGCGCCTGAGCGAAGCTCATGCCCAGGTACACCCGCACGTAGGACGCGAGGGCGAGCTCTTCGCTCGACTCGGCGATGGTGAGCGCCTCGCGCAGCCAGGGACGGGCCTCCGACGAGCGCCCCTGCAGTGCGTCGAGCGCGCCGAGGGCGAACAACAATTCGGCCCGGCGCCGATCCGCCGCCTGGGCCTCCGGAAGCTCGAGGGCCCCCTCCAGCCAGCGTCGCGCCTCGTCCCAGTGCCGACTGGAGAACCAGAACCACCACAGTGACGCCGTCAGACGCAGGTGGAGCTGCGGGTCGCCGATTCGCGTCCACTCGAGGGCGGCGCGCAGGTTCGACAGCTCCGGGGTGAGCCGCTCCACCCACTGGCTCCGCATGGGGCCGGTGAAGTGGGGCCGAGCCTGTTCGACCAGCCCGACCATGTATTCGGCGTGGAGTCGCTGAGCGAGATCGAGCTCGGCCGACACGACGAGCCGCTCGAGTGCGTACATGCGCACCGTTTCGAGCAGATGGTACCGCGCCTCGCCATGGCTCTCGCGCACGGTCACCCACGAGCGGTCGACCAGCCGGCTCAGCGCCTCGAGGGTGTCGAGAGCCGCCCCCGCACCGATGGCCTCCACCCCCTCGAGACCCGCCCCACCATGGAAGACGGCGAGTCGGTGCAGGAGTCGGGCACACTCCGCGTCGAGCAGGGCGTGGCTCCAGTCCAGCGTCGCCCGGAGGGTGCGATGGCGAGGCACCGCGGTGCGCCCGCCGTGGGAGAGCAGATCGAGCGCCGAGTGCAGCCGCGCCTGGATCTGGGCGGGCGTCATCAGGCGCACCCGCGCGGCGGCGAGTTCGATGGCGAGGGGAATGCCGTCGAGCGTGCGGCAGATCGCGTCCACCGCCGGCCGCTGCGTCGCATCGAGCTGGAAGGTGGGCTGCACGTCGCGGGCCCGGTCGACGAACAGCCGCACCGCCTCCGGCACGCCGCTCCCGTCCAACGCGAGAGGCGG
NZ_CP144380.1_gap46	1347167	1348965	1798	CGGATGAACCTGGCTCCGGAACCCTTAGGCTTTCGGTGTGGGGGATCCTCCCCCCCATTATCGCGTACTCATTCCGGCATACTCTCTTCCCTGCGCTCCACCGGAACCCTCACAGGCCGGCTTCGACGCTCAGGGAACGCTCCCCTACCATGTTCCTTAAAAAGTCACATCCGTAGCTTCGGTGGTATGCTTGAGTCCCGACCATTATCGGCGCAGATTCACTTGACTAGTGAGCTATTACGCACTCTTCAAAGGCATGGCTGCTTCTAAGCCAACCTCCTAGTTGTCTGTGCAAATCCACATCCTTTCTCACTTAGCATACACTTGGGGACCTTAGCTGACGGTCTGGGCTGTTTCCCTCTCGCGGACGGACATTATCGCTCGCCCACTGACTCCCAGGGTCCATCTGACAGGCATTCGGAGTTTGCTTGGGGTCGGTAACCGGGTAAGGCCCCTAACCCATGCAGTGCTCTACCTCCTGCAGACAATTCCTGAGGCTATACCAAAATATATTTCGGGGAGAACCAGCTATCTCCGAGCTTGATTGGCCTTTCACCCCTATCCACAGCTCATCCGAGTAATTTTCAACTCACAACGGTTCGGGCCTCCACCAGGTGTTACCCCGGCTTCACCCTGGCCATGGATAGATCGCTTCGGTTTCGGGTCTGCCCCCACGTACTCAAGCGCCCTGTTCAGACTCGCTTTCGCTTCGGCTCCGGCCCTGAAGGCCTTAACCTCGCACGTGAGGAGCAACTCGCCGGATCATAATGCAAAAGGCACGCCGTCACCCGTCCGTGATCCGAAGACCACGCCAGGCTCCGACCGCTTGTATGCACACGGTTTCAGGTTCTGTTTCACTCGCCGTCAGGCGTTCTTTTCACCTTTCCCTCACGGTACTCTTCACTATCGGTCACGAGTTCGTATTTAGCCTTGGAGGATGGTCCCCCCAGATTCAATCGGGGTTTCACGTGCCCCGACCTACTCGGGTACCTCGGCCCCTCCGTACTCGCGTTTCGCATACGGGACTCTCACCCCCTTCGGTCCGCCGTTCCAGGCGCGTTCCGCTACGCTTTCCAGAGCTTTCCCCGAGGCCCCACAACCCCGACAGAGTCTCCCCCGCCGGTTTGGGCTCTTTCCCTTTCGCTCGCCGCTACTCAGGAAATCTCATTTGATTTCTCTTCCTGCGGGTACTTAGATGTTTCAGTTCCCCGCGTTGACTCCCTTTCGGGTGACAGGGTACGACCCCTGCCGGGTTTCCCCATTCGGACACCCCCGGATCAAAGCTTGCTTGCAGCTCCCCGAGGCTTTTCGCAGCTTGCCACGTCCTTCATCGCCGACTCGTACCTAGGCATTCACCGTGTGCACTTATCCGCTTGACCAGCAGTCGCCAGGAAGCGCCGAAACGCTCCCGTGTCTCCCACCAGTCCACCGAACTTCCTCATTCCTGACACCACGTTAGGTCTCGATCACGCCACGCGCCCAAAAAGACTGAAAAATGCGCGCAGCTCGAGCCTAAGGCATCACTTCACACTTTACCTTTACTCTCTGAACCCGGAATACGACACACCCCCTGCGAACGACCCCCGGTCACATCCGGACGCCCCTCGAGTGCATCGTACGTTTTTCAAACAACAAGGCCCACGCCGTGAAACACACGTGGACCGTATCTGTCTAGTAGAAATCGCGGCTTCGAGAGAGTGAGCGGGTAGACCTGTGAGAAACCTTTCCGACCCCAGGGGGCCTTACTCGGCATTCTCCAGAAAGGAGGTGATCCAGCCGCAGGTTCCCCTACGGCTAC
NZ_CP144380.1_gap47	1359165	1363150	3985	CGGCCTGGTCCTCACCGGCCAGACGGAGTCCCAGAGACGAGGGAAGCTCGCGCAGCAGCGCGTCCTGCACGTCCTGGGTGAGTTCGAGGCGCGTGGTGCGATTGTCGAAGGGCAGGATCGCGATGGTCTCGACCCCGGTCAGCCCCGTGCCGGCCCGGAAGCTGTAGCACCCCGACCCCAGGACCAGGGCGAGGAGCACGAGCGCCCTCCGGGCGGCCCTCACGGCGTCCAGATGTCGGGGGGGAAGGGCTCGGTCTGGGCCACCGACTCCCGAACCAGCTTCAGCTCGCGCACCTCCACGAGGTCGCGATAGGTGGCCTCGACCGGCACCTGCAGATCGTCGCGCTGCAGGGTGAGCCGCTGAACCACCGATCCCTCGCGCATCACCTCCACCCGCACGATTCGCCCGTCCACCAGCCGGTACACCGCGGTCTCGCCGCCGGGCAGTCCGTAGCTCAGGTGCACTCCGCCGTCGACGCGCTCCGCGCCGAGCAGTGCGGTGCCGAGCCCGGGCTTGAACACCCCGAGGGCGCTCCACAGGAGGTTCGCCGGCGGCAGGACCTGCGGCGGCAGCTCGGTCGGAATGCGGAGTTCGTCGTCGATCGCCGAGGCCGAACCCGCCGGCTCGTTGTTGCCCAGGAAGAGATCGAGTCGCGCCTTGAAGGGCGGCTCCATGCGGGCCGATCCACGGCCGTCCACGCGCACCCCCTGCTCGCTCATCTCCCAGTCGAAGACGACGCGCAGCGGCACCGCGAGGCGCTCGCGGGCCTCGAGGCGGCTGACCACCTCCTGCGCGTTCACGGGAGGCTCGAGCACGACGACGCGACCGGGCCCGCAGGCGGCGGCGCCGAGCACCGCGCTCAGTGCGGCGACCGCGAGGGCCGGCGAAGCGCTCGGTGGGTGGAATGAAAGGAGACGGCGCACGTGCATGATCCGGTCGGGACGCGTGGTCGTTCGGGCGGTTCGGCGTCGCACGCTGCGGGCCGGGCCACCCATCGGGGGAAAGCTAAGGCACCCCGGGCGCGGGGCGAAGTGGGTCGCCGTTGTACCCCGGGTACCCCTGCTCTACCTTCCGGCGCCATGTCGAGGTCCACCGTACACATCGCCAGCGACGTCCATCTGGGTGCGATTCCCGAGGCGCGCGCACGAGACTTCCACCGATGGCTCCGCTGGTCGGGGTCGGAGGCGGGGACGATCGTGATCAACGGCGATCTCTTCGACTTCTGGTTCGAGTACCGCCACGTGATGCCGCGCGGTCACAGCCGCACCCTGGCGCTGCTGGCCGACCTCGTCGATTCGGGGGTCGAGGTGCACCTGACCGGGGGCAACCACGACTGGTGGGGCGGCCCGGTGCTGGAGGAGGAGGTGGGGGTCCACTTCCATCGCGACCCCGTGGAACTGGAGCTGGCCGGGCGCCGGGTGCTCGTGGCCCACGGCGACGGACTCGGTCCGGGCGACACCGGCTACAAGATGCTCAAGGCCGTGATTCGGAGTCGGCCCTTCGTGTGGGCCTTTCGCTGGCTCCACCCCGACATCGGCGGAAGGGTCGCCGGCGGGGTCTCGTTCACCGAGGGTCGCGTGGCGGAGCCCACCCCTTCGGAGCGGGAGCGCTCGGGGGTGCTGGAGGCCTGGGCCACCGAACAGCTCGAGACCCGCGAGGAGCTGGGCATGGTCACGCTCGGCCACACCCACATTCCACGTCGGGTGGAGGTGGCCCCCGACCGGTGGTACCTCAACAGCGGCGACTGGGTGCACCACTGCAGTTGGGTGCGACTGGAGCCCGGGCGTGCCCCGGCGCTCCTGCGCGGGCTGGAGGGCGAACCCCTGGAGACGCGGTAGCCCGCTACCGACTGCCCACCGGCACCGAAACGCGGACCTCCATCCGACCTTCGTCGCCCACCGGCGTCGCGCTCACCGCCGGGAAATCCTGGAGATGAGCCGACACGAGCGCGTCGGCTCCGCTGAGCAGGACCGTGAAGATGCCGAGGGCGAGCCAGTCCTCGAACTGCTGCTGCCGCGCGCCCACGAGGCGATCCGCACCCGCCCAGTCGTCGTTGTCTTCGAGCGCCGCCAGGACCAGCGTCTCGTCCGTGACGCCTCCCGCCGCCAGCTCGGCGCGCAGGTAGCCCTCGCGGAGCGCCCGTAGATCCCGGGCGTCGTTCAGCCGGCTCCGGGTCTTGATCAGCATGAAGACGTTGACGGCCTGCGTCGTGACGTAGAAGCCGCCGCGCCCGTGGGCACCCACCGCCGCGTGCCCCCAGCCCGGAACCGCGATCGCCCGCAGAAAGGCCCCGATCGGGCTCACCCCGGTGCTGTCGGACGACTCCTGGAGCAGGGCCGATCCCCGGCGCTCCTCGGCGGGTGGATCGACCTGGGCGGAGGCCGGGAGGGCGCCCGCGAGGGTGGTCGCCACCAGGAGAAGAGTCCAGCGAAGGGATCGCACGAAGGCACTCGGAGTGGAGGTCGAATCGGACGGGACGGCGGAAGATACCCGCGACCGGACCCGTCGGTGAAGGGCCGGGCCGACAGGAGCGGCTGCCTCCTGTCGGCCCACCGAAGTGGCGGGAGTGTGTGGGAATCGAACCCACCAACCCGGGGTTGGCCGGGCCAGCCGGTTTTGAAGACCGGTGGGGCCACCAGGCCCCCTCCACCCCCTCGTGCGACGCCCGTCGGACGGGCGCCGCATCAACTTCGACCGGGGGCCGCGCGCACTCAAGTGGCGCGCTGTACCCCCGGTGCTCGACTGGTGTACCTTCCGCGCACCCCCAACGATCCAGGATCCGGAGTCGCCGATGGTTCAGGACCCCACCGCACCCCGCAATCCGGGCATGCCCCTCGAGCTCGACTGGGTCGAGCAGGTGCGGGTGAACCGCAGCGCCGTGGAGCGGCGCGCAGCCACCCTCGGCACCCGCCGATCGGTGAAGAAGGAGTGGCAGGCCGGCTGGCTGTTGCGCGCCGTGACCTGCATGGACCTGACCACCCTGGCCGGCGACGATACCGCCGGACGCGTGCGACGGCTGTGCGCGAAGGCCCGCCGTCCGGTACGGCCGGAGCTGCTGGAGGGGATGGGTGTGGAGCCCTCTGCGGTGGCGGTGGGGGCCGTCTGCGTCTACCACGCCTTCGTCGAGACCGCGGTCGCGGCGCTGGAGGGGAGCGGCATTCCCGTGGCCGCCGTCTCGACCGCCTTTCCGCACGGCCTGGCCCCGATGGAGTCCCGCCTGGCCGAAATCCGCGCCTCGGTGGCTGCGGGCGCGCGCGAGATCGACGTGGTGGTCACGCGCGCGCACGTCCTCACCGGAAACTGGACCGCCCTCTACGACGAGGTGCGGGCCTTCCGCGACGCCTGCGGCGACGCCCATCTGAAGACGATCCTCGCGACCGGCGAACTGGGCACCCTGCGCGCCGTGTATCGGGCCTCGCTGGTGGCCATGATGGCCGGCACCGACTTCATCAAGACCAGCACCGGCAAGGAGGGCGTGAACGCGACCCTCCCGGTCGGGCTCACGATGGTTCGCGCCCTCCGCGAGTACGGGGAGCGGTCGGGGGTGTCGGTCGGCTTCAAACCCGCCGGGGGCATTCGGACCGCCAAAGACGCCCTGCTCTGGCTGACCCTGATGAAGGAGGAGGTGGGCGACCCGTGGCTCCGCCCCGCCCTCTTCCGCTTCGGCGCGAGCTCCCTGCTCGCCGACATCGAGCGTCAGCTCGAGCATCACGTGACCGGCCGCTACTCCGCGTTTCATCGCCATCCTCTCGCCTGACGACGCCATGACGAACGTATCGGACGCCTTCGAGACCATGGACTACGGCCCCGCCCCGGAGGCGAGCGAGCGGGTGGACGCGTGGCTCGCCGGACACGACCGGGCCTTCGGACACTGGATCGGCGGGCGGTGGGTGGAGGGAAACGGCGGTCGCTTTCCCGCGCTGCGTCCCTCCGACGGGAGCACGCTGGCCCAACTCGCTCAGGCCACCCCGGCCGAGGTCGACC
NZ_CP144380.1_gap48	1462678	1465913	3235	GCACGGGCATCGGCAAAGGGATCGCGATCCCTCACTGCCGTTCGCTGGTGGTGAATCGCCTGCGCCTGGCCTACGGCCGCAAGCCCGACGGCGTCGACTTCAATGCGATCGACTCGCAGCCGGTGCACAATCTATTTCTGATCGTGGCGCCGCCACTCGAGGTGTCGAATCAGTACCTGCCCGTCCTGGGCAAGATCGCGCAGTTCGCCAAGGATCCGGATGTGCCGGCCCGGCTGGCCTCGATCTCCTCGCCCGCCGAGTTCCTGGCGCTGCTCGACGAGAAGGCGCCCTGACGGCGCCCTACTTGGTGACGAACATCCGGATGATGTCGGACCGGCCGTTGACCGTGATCTGACACCAGTACGGACCCGACGCCACCGGCCGACCGGAGGCGTCTCGGCCATCCCAGAACGCCTCGTACTCGCCCGGGCGGGTGTACTCGAGGTTCACCAGCGGCAGCCCGTCGCCACTGGGATGGTCCTTGGCCACGGGCGATGCCACCGGCTGCTTGAGCAGGTTGTAGATCCGGATGGATACCACCACCGGACGCCCGTCTTCGAACAACCGCTCGGAGAGCACGAACGGGATGTTCGTTTCCGGGTTGAACGGATTCGGGTAATTCGGTTTGAGCTCGAAGTCCTGCTGACCAGACGACCCGCCGCCCACCTCCTGGGCGGAAGCGGGAACGAATGCGAAGCCGAGCATGGTAAGGAGGACGATCGAGACGCCGAGCAGACGTCTCATCAGTGCCTCCGCACAGTCCTGCCTGTGCCGTAGCCGTGGTTCGAAAGAAACTCTCCTGTAATCACCCTGTCGGGTCGCCGCGCGACCCACCTGCAGTCATAGTAGGACGCGGCGGCATCGGGGGTCAAGCGGCCCGCGATGCCCTTGGGATGAGTGTTGTAGCACGGGCGGTTGCCCGTGGTTCCCCCCGGTCAGCCCGAGCCGCGTACCGTGCGCCCCTCCGCATCCCGCATGGTGACGCCTTCGCGGTCCATCCAGGTGAGGATCGGCAGCAGGTGGCGGCGCGTGACCGGCAGAGCTTCGCGGAAGTCCGCCGGCCCCAGCCCGTGACGGCCTCGAAGCCGGCTCGTGACCTCGACGACCGCCTCTTTCGCCACGGCGCCGGCGAGGTAGAGGGTGTGGTCGATGGCCACGAGATCGCCCGACTCCACCAGCGCCGCCAGGATCGCCTCGAAGGCCGCATCCTGCCGCAGCCGTTCCGGCAGCTCCTCGACGAAGGGGGCCGCCAGCCCGGCGGTGCCGATCACCTCGAGCAGTTCGTCGCGCAACCGTCGGCGGTCTTCGTCGAGCACCACCTCGAAGCCCGAGCGACGCACCAGCGATCCCCGCACCTCGATCGCGCCCTCGCTCTCGAGACGGGCGATCAGGGCGTCGGCCAACCCCTCGGCCGCACCGACCGGCACCCGTGCGCGCAGCGCGTCGAGACTCACTCCGGGACTCCACGGTCGATCGGCGTGCGCCCGGTCGATGGTGTCGGAGAACTCGGCGGCCCAGCGCTCCACGATCGGCCCGCCGACGAGCCGTCCCTGCGCCGTGGTCAGCGCACCCTCCGCCCGAAGCGCCGCGACGGGGTCGTCGAGCAGCGCCGGGGCGAACCCGGTCAGCAGCGGCAGGGCGTCGACCGGCACCCCGGCCTCTCCCGCGCGCTGGAGCACCCCCTCCACCCGCTCGCGGGGCTCGGGGGCCACCACCCCCGCCAGCGCGAGATCGACGGGATCACTGCGGCGATTCCTTCGCGGTGCGGCGGGCTCCAGCACACGCACTCCCGCGATGGTGGTGACGGGGGAGTAGGATCGCAGCACCCCTCGCTCCCCGGCGCGCGTGGTGATGGGCGCCTCCAACCGAAGCTGCCCCCATCCCTCGCGCCCGCCCTCCAGCTCCTCGTCGCCGAAGAGCACGCAGCGCGCCATCACCTCGGCGGTGCCGAGATGCACGCGGACCCGCTGGTTGTGGCGGAGTGTCCAGCCCGTCTCCGGCAGCACGCGAAACGAGACCGTCACCCGGTGCGCGGCCTCCCACGACGGGTGCCCGACCAGAAGCTGGCCGCGCTCCACCGACTGCCGCTCGATGCCGTCGCCGGTGAGCGCCACGGCCGTGCGGGTACCGGGGCCCGCCGACTCCACAGCGGCGCCGTGTACCTGCACGCCGCGCACCCGCGCACCGAGCCCGTCCGGCATCAGCCGTACCCGGTCGCCCACCGACACCCGACCCGAGAGCAGGGTGCCGGTCACCACCGTACCGGTGCCCCGCACCGTGAACACCCGATCGACGGGCAGTGCGAGGAGGTCGTCGTCGCGACCGCGTGCGGCCGCCGCACCCTCGGAAAGAAGGCGCTCTCGCAGCGCCTCCACTCCCTCGCCGGTGCGCGACGACACCCGCAGGATGGGCGCCTCCTCCCACCCCTCGTCCGCGATCCGCTCGCGGACCTCGTCCTCCACGAGCTCGAGCCACTCGGCCTCGACGAGATCGACCTTCGTGATCGCCACCACCAGTCGCCGCACGCCGAGCAACGACAGGATCGCCAGATGCTCCCGCGTCTGGGGCATCACGCCCTCGTCGCCGGCCACCACGAGCAGGGCGAGGTCCATGCCGGTGGCACCGGCGAGCATGTTGCGCACGAACCCTTCGTGCCCGGGTACGTCGACCACCCCGAGACGGAGTCCCTCTCCCCGCAGTTCGGCGAATCCCAGGTCGATCGTGATTCCCCGCTCCTTCTCCTCCTTGAGCCGGTCGGTGTCGACGCCGGTGAGCGCCCCGACCAGCGCGGTCTTGCCGTGGTCGATGTGGCCCGCGGTGCCCAGGATGGCGGCGTGCATGTCAGTCGTCCGAAGGAAGGAGGGCGCCGAGCACCCGGAAGGAGGCGAGTTCGCGGGACCCCGCGAGGTGATAGGTGACGAAGTCGCTCAGCAGGCGAAGATGCGCGCGCGGCTTGCGCAGTTCCGGCGGTACCGTGCCCGAGACCAGGGCGGCGAGCTGCGCGCGCGCCACGGGACCCAGCCGCGGACCTCCCCCACCCTCCTCCGCGCAGCGGGCACATCGCACCCCGCCCTGCTCGAAGTCGAAGCGACCGACCTCGTCGCGCCCCAGGACTTCCCCGCATCGGGGGCACCGCTCGAGCGAGGGGTGATACCCGAGCACCGCGATCAGCCCCCACCCCTCGCGCAGCAGCACCGACGGCACCTCCGGCGGATCGGCGTCGGCGAGGTCGTCG
NZ_CP144380.1_gap49	1665305	1666980	1675	GAACGGGCTCGGCGTGGTCGGCTGGGGCGTGGGCGGGATCGAGGCCGAGGCCGTGCTGCTCGGTCAGCCCTACTACATGCTGCTGCCCGAGGTGGTGGGCATGAAGCTCCACGGCCAGCTGCCGGAGGGAGCCACCGCCACCGACCTCGTGCTGCGCGCCACCGAGCTGCTCCGCAACCACGGGGTGGTCGGCCGCTTCGTGGAGTTCTACGGAGCGGGCCTCAGCAACCTGAGCCTGCCCGACAAGGCCACGCTCGCCAACATGGCGCCCGAGTACGGCGCCACGATCGGCCTCTTCCCGGTCGACCGCGAGACGCTGCGCTACCTCGAAGGCACCGGGCGCTCGCCCGATCTGGTGGAGCGGGTGGAGAAGGTGTCGCGCGCACTGCACCTGTTCCGCGAAGACGACACCCCCGATCCCGAGTTCACCTCCACCCTCGAGCTCGACCTGTCGACGATCGTCCCGTCGCTCGCGGGCCCGAAGCGGCCGCAGGACCGGATCGACATGGCCCGCATCCGGCAGGCCTTCGGCGAGCACCTTCCGGCGCTCGTGCCCTCCGGCTTCGATCTGCCCGACGAGGTGAAGGCCGACGAACCGCGCACCGCCGAGTCGTGGGCGGGTGAAGGGGGCGACGTGCCGATCGCCACCGGCGGCGGTGTCCGCAGCGCGCATCGCACCGGCAGCCGCAACCGCTACCGCACCCTCCTGTGGGAGGGCCAGGAGGTGGAGATCGGCGACGGCTCGATCGTGATCGCGGCCATCACCTCGTGCACCAACACCTCCAACCCCTCCGTCATGGTCGGGGCGGGGCTGCTCGCCAAGGCGGCGGTGGAGAAGGGACTCCAGGTGCGCCCGTGGGTGAAGACGTCGATGGCGCCGGGCTCGAAGGTGGTGACCGACTACCTCGAGGGCTCGGGCACGCTCGACGACCTCGAAAAGCTCGGCTTCGGTGTGGTGGGCTACGGCTGCACCACCTGCATCGGCAACTCGGGCCCGCTGCCCGAGCCGATCCACAAGCTGGTGGAAGACGAGGGCCTCGTGGTGGCGTCGGTGCTCTCGGGCAACCGCAACTTCGAGGCGCGGATTCACCCGCTGGTACGGGCGAACTACCTCGCCTCGCCGATGCTCGTGGTGGCCTTCGCCCTGGCCGGCCGCATCGACATCGACCTCTACAACGAGCCGCTCGGCCGCACCCCCGACGGCACGCCGGTCTTCCTGGCCGACATCTGGCCCAGCCAGCAGCTGATCCGCGACACGGTCACCGCCTCGCTGCGCCCCGAGATGTACGAGGAGCGGTACGCCGAGGTGTTCGAGGGCGAGGAGCACTGGCAGGCGCTCCCGCTTCCGGAAGAGAGCGCGCTCTACGACTGGGATGCGGAATCGACCTACATCCAGAACCCGCCCTTCTTCCAGGGCATGAACCTCGACACGCCGGCCTTCTCCGACGTGAAGGGAGCCCGGGTGCTCGCGCTGCTCGGCGACTCCGTCACCACCGACCACATCTCGCCCGCCGGCGCCATCGCCAAGCGCGGTCCGGCCGGGCGCTACCTGCAGGAGCACGGGGTGGGCGTGGTCGACTTCAACACCTTCGGGTCGCGACGGGGCAACCACGAGGTGATGATGCGCGGCACCTTCGCCAACGTGCGCATCAAGAACCTGCTGCTCGACGGCAAG
NZ_CP144380.1_gap50	1845880	1849833	3953	TCGCCGTCGATCAGACCGAGGATCCGGAGCTGGCGCTCCTCGAGTTCCACGTCGGGATCGTCGGACGGGTTCTTCACCACCTCGAACACGAGGTCGAACGAGGGCACCTTCTTCTCGATCAGCGACCACTCGTCCACCCGGCGCGCGCCCTCCAGAAGGAGGCTCTCGGCCGGAATGTCGACGAGGTAGAAGCCCTCCTCCTCGGGCCGCTGGTCGGCGTCGAAGTGGAAGGTGCCGCGCGACCAGGAGAAGAGGTGGTACACGGCCTCCTCGATCTGCACGCGGATGAAGCGATGCAGGTCGTCGGTGGTGATCGCCCCGCGCTCGAGCAGCACCTCGCCCACGGGAGTGCCGCCGCGGCGCTCCTCCTGCACCGCGACGGCCTCGTGGAGCTGGGTCTCCGTCACCACCCCGTTGCGCACCAGCAGCTCGCCGATGCGGTCGGGTCGGTTGAGGAGCGAGGCGTAGATCACCCGCCCGTTCTCGAAGTAGACGTAGCCGAAGTTCGAGCGGTCGGTGACCGACAGACAGCCGGTCTTGCGGCCCATCGCCAGAAGCTGGCAGATGTCGGCCATGCTGACGTCCTGTAGGGAGCCCTCGATCGCCATCAGGCCAGATCCTCCACCAGGCGTTCATCGGGGTTGGGCCAGCGCCACACCACCCGCTCGGGCGAGGGGCGCCAGTTCCGGTTCGAGGCGGGCGCCTCGTGCCAGTCGCCCCCGACGGGATCGGGCAGGAAGTCCTCGGGGCTCACGCCGCGCTGCGGCACCGGCTCGCTCGCCTCGAAGAAGAGCCCGCCCCGTCCATCGCCCAGATCCAGTTCCTCGAGAGGGGGGATCACGGGTACGTCGACGCGCTCCTCGCCCTCGGAGGTGCCCTGCTGCCCCGGCACCACCGGGGGAGGCATCGTCGACCCCGCACCGGCGGTGGGAAAGTCGTCGCCGATGTCGAAGCTCAACCCCTCCCAGAAGGGATCGTCCTCCGGCGCCGGAAGCGGATCGACGAGCGTCCACTCGCGAGCATCGGGCCCGAGGTCGCTGCCGTTCACCTCCACCACCAGACCACCCTCGAAGCGGGAGCGCAGCCGTTCGTCGATGCCCTCCACCCGCGACGGCGGTCGGTCGGCGGCGAGCAGCAGCCGTGCACCCCGGCGCTTGAGGGCCTCGAAGAGGTGGAAGAACTCGTCCTGCGCGCGCTCGGTGTCGGACAGCTTCTCCACCCCGTACACGAGCAGCAGGTCGACCGTCCACCACCGCTCGCGCCAGGCGCCGGCCACCCCCTCCGAAAGCGCCCGGATGAAGTCCTGCGCGAAATCCTCCACCGAGGTGACCGCCATGCGCCCGGCCGGGAAGGCCGACCGGAACCCGCGCGCCGCCGACGCCATCAGCCCCCGCGCCGCCGACCCCTCGGAGTCCCACAGAAAGAGCGGGTTGTACTGCGGCTTGTCGAGCGACACGAGCTGGGCCGCCGCCCTCAGCGGCAGCGGGGGGAGCTGCTCTTCGAGTTCGCGCAGCGACGGACCCGGCGAGACCTCGCGGAAGGGACGCACCCGCTCGCGCACCGAGGCCAGCAGCGCCTCGGCCTCCTCCACCCGGTCCGGGTCCTTCACCACGCTCGACGCCGCCTCGGGCCACGGATTGCGCAGCCGGGTGAGTTCGTCGTCGATCTCGCGCAGCCGGTTGATGTCGCGGCGGAACCCCTCCACGCGGCCCTGCCAGGACGAGGGCTCCACCCGCGCGTCGAGGGCGGTGCGCAGCCGTTTGGCCATGAAGCCCTCGCGCTCGGCCGCTTCGGCCGCCTCGCGGTAGGCCTTGCGCCACGGCACCTCCTGGTGGACGACGGCATCGGCCACCGCCCCCGAGAGCTCGTCGAGGAAGTCGTGAAACTCGGCTGCGGCCCCCTCCACCGTGTCGGCCGCGGCCTGGGCCGCCTCGGCGTCGCCCATGAAGGCGGGCACGTCGCCGGCCGTGACCATGCGCTCCTCGAGCTCCTGCACGGCGAGGATCCGGTTGAGGGCGCCCCCGAGCTCGCGAACGTTGCGAATCGGGTAGCGGGCGATGGCCTCGGCCACCCCCTCCGCCAGCGACTGCCCCCGCTCCTCGGCCTTGCGCCGCAGAATGGCGGCCCGAGTCTCGAATTCCGGCGGGGCGATGTCGACCATCAGCCCCCCCGAGAAGCGCGACACCAGCCGCGCGTCGAGGCCGTTGATGTCCTTGGGCGGGCGATCGCTGGCCAGGATCACCTGACGGCCCGACGCGGTCATCGCATCGAGGGTGCCGAGAAGCATCTCCTGCGCCTCGGCCTGTCCCGCCAGGAACTGCACGTCGTCGAGAAGCAGGATGTCGAGGTCGCGGTAGCGATCGCGGAGCTCGTCGCGCGTACCCTCTTCGAGAGCGGCCGCGAGCGAGGCCAGATACTCCTCGAGCGTCTGGTAGCGCACCTCGAGCGGGCGGTCGTCCCGCAGCGCCTGGTGGGCCACCGCCATGAGCAGGTGCGACTTGCCCAGCCCCGACGCGGCGTATACGAAGAGCGGGTTGTAGCTCTGCCCGGGCGACTCCGCCGCACGGCGTGCGGCCGCCGAGGCCAGCCGATTGGCCGGCCCCACGACGAAGGTCTCGAAGGTCAGCTTCGGATCCAGATCCTTCATGGGCAGATGGAGGCGCTCCGCGGCGGAGAAGGGACGTGCAGGGGGCCCGCGGTTCGCAGAAGTATCGGCCGGGGACCGGGAGAGGGAAAGGTTGTCATGCCCCCCCTCGCGCCCACTCCGCCGCCCGCGCCAGATCGGCGGGCAGCGGGGCCTCGAATCGCATGCGCCGCCCCGACGCGGGATGGTCGAAGGCCAGGCGCGCCGCGTGCAGGAACTGGCGGGGCACCCGCGCCGCCAGGGCCAGCGCCCAGGAGCGCGCCGGACCGCTCATGCCCCGCTCCCGGCCCGCCCCGTACACGGCGTCGCCGACCACCGGGTGGCCGACACTCGCCAGATGCACGCGGATCTGATGGGTGCGACCGGTCTGGAGCGCCACGTCGAGCAGATCGGCCGTGCGCCACCGCTCCCGCACGCGCACCCGGCTGATGGCCCGACGCCCGCCCTCCACCACCGCCATCTTCTTGCGATCGCGCGGGTCGCGGCCGATCGGGCGGTCGATGCGCAGGGTGCCCTCGAGGTCGAGGTGCCCCCAGGTGGCCGCGCGGTAGATCCGGCGCACCTCGCGTCGGCGCAGTGCGTCGGAGAGCGCGTGGTGGGCGCGGTCGGTCTTGGCCACCACGAGCAGTCCGGAGGTGTCGCGGTCGAGGCGGTGCACGATGCCCGGACGCAGCCGTCCCCCCACCCCCGACAGGTCGCGGAGGTGGTGGAGCAGCGCGTTCACCAGGGTGCCGTCGCGATGCCCCGGCGCGGGGTGCACCACCATCCCGGCCGCCTTGTCGACCACCGCCAGCTCCTCGTCTTCGTAGACGATCGTCAGCGGCAGGTCCTGCGCCACCAGATCCACCGGCTGCGCCGGCGGCACCGCGACCTCGATCTCGAGCCCGGGGGCCACGGTGTCGGACTTCTTCGGCACCCGCCACTCGCCCCCCGGCCACCGCACGCGAATGCGCTCCTCCGCCAGCAGTTTCTGGAGGCGCGTGCGCGACAGCTCGGTTCGCGAGGCGATCCAGGCGTCGAGGCGCCCTCCCGCTCCCTCGGGGTCGTCGGCGTCGACCCGCAGCCGATGCAGCGAGTCGGAGTCGGTCACGCCCCGGGCGCCTCCGCCCGCGCCAGCGCGAGGTGTGCGGGCACGCCATCGAGGTCCACCGCCTGATCGCCCTCCCAGCCGCCGTCGAGCGCCTCGGCCACGGTCACATCCACGGCGAGGGTCTCGCCGCCGATGAAGTCGCGCCACTGCTCGGCCGGGCCTCGCACCTCGTCGCCGCCGAAAATACCCAGACGAATGCGGTCGGTGACCTCGAGTCCG
NZ_CP144380.1_gap51	1922747	1926670	3923	CAGTCGTGAGGCGCACCGGAGCGCGCGGAGGTTCCGAGTCGGGCCACGAGGCCCCGCAGCCCGAGAAGATAGCTGTCGACACCGAATCCATAAACCACACCGGCCGCCACGGGGGCCAGGAACGAGTGGTGCCGGAAGCCTTCGCGGGCCGCCGTGTTCGAAAGGTGAACCTCCACGAAGGGCCGCCCCACCCCGGCCAGCGCGTCGCGCAGCGCGACGGAGGTGTGGGTGAGCGCGGCGGCGTTCACGACGAAGCCGTCGACCCGATCGGCGACGGTCTCGAAGTGGTCGAGCAACTCGCCCTCGTGGTTCGACTGGAAGGTCTCGATCTCCACCCCGAGTTCATCGGCCAGGGCCGCGATTCGCGCGTCGATCTCGTCGAGGGTGGCGGTTCCGTACACCCCGGGCTCCCGACGGCCGAGCAGTCGCAGATTGGGGCCGTGAACCACCCCTACGCGCAGGGCGCCCATCAGTCGACGGCCTCGGGGGACTCCGAATCGGGGGTCCATCCGAGCAGGTCGGCGAAGAAGTCCTTGACCGGGGGCCCGTCGTCGTCCGGACTCTCGATGGTCGGAAGCCGCGGACGGGCGGGCTCGGGAACCGGACCGCCGCCCGTGCGCCGAAGCTCGTCGAGCCGGGCGCGAAGGTCCGCATCGCCCGGACTGCGAGCGACCAGCGCCTCGAACACGCGCACCGCCTCGGATCGCAGCCCCTGTCGGGCGTACAGTTCACCGAGCGTGCGCGTCGGGAGCGCCTCCTCTTCGTCGTCCGCCTCGTGCCGGCTGCCGGGCTCGATGTCGGGCGCCAGGTCGGCGAGATCCATCAACAGGTCGCCGTCCGGCGGGGCCACCGCCGCCGGCGCGGGCGCCGTGTCGACCTGCGCCTCGGCGGCGGGCGGCGGCGCGTCCGGAACCGGCTCGGGTTGCGGTTCCGGATCCGGTGCGAGATCCGCGGCGTCGACCACGCCCCCCCCGTCGTCGTCGAACGTCTCCTCGACCACCGCCTCCTCGACCACCCCCTCGTCGACCGGCACGTTCTCGACCGGTGCCGCCTCGACCACCACCTCGTCGACCGGCCCGTCGGCGATCGCCTCGATCGCAGGCGCGTCGGCGGCAGCCGGCTCCGGCACCCCCCAGTCGATGTCGAGGTCGCCCCCCGCCCACTCCGCCTCGGTGTGCGCCGACGCATCTCCCGGCTCGGCAGACGACAGATCGAACGACTCCGCCGACGGATCCGGGTCGGCGGCGATCGCGACGGTCTCGTCCGGAAGCGGGTCGGGGCGGAGGTCGGCGATGTCGATCACCTCCTCCGTCACCACGAAGCCGCCGCCGCCCTCGGTGGAGGGCGCGGAGGCCTCGGGCTCGAGCACCGCCACATCGACGATCACCTCGTCGTCGTCGGGGGCATCGAGGGTGTCCATGTCGATCACCTCCCACTCCATCGCCTCGAGGCCGTCGCCCGACTCTGTCGCCGGCTCCTCGACGGCATCGACCCCCTCGTTCCCGACCACCTCGGGGTTCCCGGAGTGCCGGGGCACCCGCGCGGGCGCCCCCGACGCGGCGAGGGATCCATCCAGCGCCAGCCCGCGCTCGATGAACCGCTCGCCATCGTCTTCACGCCCCGCCGCGGTGAGCAGCCGGCCGAGCCCGATCAGGGCACGCGCGTTGTCGGAGTCCAGTTCCAGCACCCGCCGAAAGGCGCGCTCCGCTCCCTCGTCGTCCGCCAGATCGCGACAGACGAGCCCGGTCACGAGGTGCGCAGCGGCCAGATCGGGGTGCCGCTGCAGTCCCGACTCCAGTACTTCGAGGGCCCGCGACGGATCGCCGGCGCGTCGGTAGGCGTCGGCAAGGGGCACGAACGACCGGCCCTCCGGGTCACGAGGCGAGCCGAAGAGGCCGTGGAGATCGCGGATCTCCTCTTCGATCGATGGAATCACCGGAGACTCCGGCCGTCGGAATGGGACACGGTCGCCCGCAGGAGGGCAACGAGCGGGAGAAGATAGACCGGGCGCGGAAACGGTGTCAACGAACCCACCCGGTGGGGCGGGACGTTCGGCTTGAGGCGCTACCTTCGGCCGGTTAGCTTTGTCGATTCCATGTTCCGGAGTTCCGCTCTCGCGCACGCGCGACGAAATGGTGCGGAGGGCCGGGGCGCACCGAAGGTTCGAGAGAGAAGGCTCAGGGAGACGTCACGTCATGGTCATGCGGCAGATGCGGGAAAACACGAAGTGGATCATGCTGGTGACGGCATTGGCCTTCGTGGCGCTCATGGTGTTCGAGTGGGGCATGGACGCCTCGGGGCGGTCGGCCGGCGGCGTGGGCGCGATCGGTCGCGTGAACGGCACCCCGGTCTACTACGAGGAATACCTCGCGGTCTATCGGAACCTGTACGACCAGGTGCAGATGTCGCAGGAGGAGGCGATCACCTCGCAGCAGGTGACCGAGCTCGAGGACGCCGCCTTCGACGAGGTGGTCAACGCGATCCTCGTTCGCCAGGAGCTCGAGCGGCGCGGCATTCGAGTGACCGACGACGAGGTGCGGCAGGCGGCGCAGTTCAACCCGCCCCCGCAGCTCGCCCAGAACCCGGGCTTTCTCACCGAGGGTCGGTTCGACTTCCAGAAGTACCAGGACTTTCTCGCCAACCAGGCCGACGAAGCCTTCCTGCTCCAGCTCGAGACCTACTACCGCGACATCATTCCGCGGAGCAAGCTGGTGCGGCAGATCTCGAGCGGGATCTACCTGCCCGACAATCTGCTCTGGCAGCAGTGGCGCGACCTGAACGAGACGGCCGAGGTCCGCTACATCCCCCTCGACCCCGCGCAGCGCATCGCCGACAGCGAGATCGAGGTGACCGACGCGCAGGTCCGGAGCTACTGGAACGACCACCAGGACGACTTCGAGCAGCCGCAGCGCGCGCAGGTGAACGCCACCGTGATCTCGAAGGCCCTCACCGCGGCCGACAGCGCCAGCGCGCGGGCCCGCGCCGCCTCGATCGTCGATCGACTGGCCGAGGGCGAGGATTTCGACGACCTGGCGCTCCTCGAGTCCGCCGACGAGGTGTCGGCCGGGCGCGGTGGAGACCTCGGCGTCTTCCTGCGGGGCCAGATGATTCCCGTGTTCGACACGGCGGCCTTCGAGGCCCCCATCGGCGAGATCACCGGCCCCGTCGAGTCGCCGGTGGGAATCCACGTGATCCGCGTCGACGAGCGCTGGGCTCAGGACTCCGTGCAGGCGGCGCACATTCTGGTGTCGTGGGCCCGCAGCGACTCGGCCGAGATCGCGCTGCTGACCATGGCCGACTCGCTCGAGACACTGGGTGAGACGATGCCGCTCTCCGAGGCCGCCGGCGCGCTCGGACTGCCCACGCAGGAGGCGGAGCTCAACACCGAGTTCGCCGTGCTGGCCGGTGCGGGCTCCGTGGGCGAGGGGGTCGACTGGATCTTCGAGGAGGCGGCCGTCGGTGACGTCAGCCCCGTGTTCGAGACCGCTCAGGCCTTCTACATGCTCGAGGTGATCAGCACGGCCGAGGCCGGAGTGCTGCCCCTCGAGGACGCCCGCGGCACGATCGAGCAGATCCTGCGCTTCGAGCAGAAGATGGCCCGGTCGCTCGAGACCGGCGCCCAGCTGGTGCAGCAGATCCGGGCCGGTGAGCCGCTGCCGAACGTGGCGGCGGAGGCGGGCCTCGAGGTGCGGTCCGCGGGCCCCTTCTCGCGCGACAGCTTCGTACCGGGCCTCGGGCGCTACAACAAGGCCATCGGCGCCGCCTTCGGACTCGACGTCGGCGAGGTCAGCGACGTGATCGAGACCGACACCAACGCCTACATCGTGGAACTGCTGTCGAGAACCCCGGCCGACTCCACCGAGTGGATGGCCCAGCGGGAGTCGCAGCGTCAGCAGGTGCGCGCGCAGATCGAGCAGACCCGC
NZ_CP144380.1_gap52	2109501	2114188	4687	TCCGGGTTGGAGTTGATCATGATGGTCTCGTAGCCCGCCTCGCGGAGGGCGAGCACCGCCTGCACGCAGCAGTAGTCGAACTCGATGCCCTGCCCGATCCGGTTCGGCCCGCTGCCCAGGATCACGATCTTCTCGCGATCCGACGGCACCGACTCCGACTCGTCTTCGTACGACGAGTAGAAGTAGGGCGTCTCGGCGGGGAATTCGCCGGCGCAGGTGTCGACCACGTTGTAGGTGGGGTGGATGCCCCACTCCCAGCGCTGCTCGCGGATCGCGGTCTCGGTGGTGCCGCGCAGGTCGGCGAGCTGCCGATCACCGAAGCCGTCGCGCTTCATGCGGCGCAGCAGCTCGGGCGTGACCTCGTCGGCCTCCGCCCAGACGCGCTCGCGCTCGACGATGTCGAGGAACTGGTCGAGGAACCACGGGTCCATGCCGGTCGCTTCGTGAATCTCCTCGAGCGAGATGCCCGCTTCGATGGCCCGCTTCAACTGGAAGGGCCGCTCGGCGGTGGGGCGCCGCAGCGCGGAGAGAATCGCGTCGGGATCATCGGACTCCAGTCCGTCGTCCTCGAGGCGGTCGCCCACGACCCACCCGGAGCGACCGATTTCCAGTCCGCGCAGCCCCTTCTGCCAGGCGGAGCGGAAGGTGCGGCCGATGGCCATCGTCTCGCCGACGGCCTTCATCTGCACGCCCAGAACCGGGTTCACCTCGGCGAACTTCTCGAAGGCGAAGCGGGGGAACTTGCAGACCACGTAGTCCAGCACCGGCTCGAAAGAGGCGGGTGTGGTCTTCGTGATGTCGTTCGGGAGCTCGTCGAGGTGGTAGCCCACGGCGAGCTTGGCCCCCACCCGGGCGATCGGGAAGCCGGTGGCCTTGGACGCGAGCGCCGACGACCGCGACACCCGGGGGTTCATCTCCACCACGAGCAGCTCGCCCGTCTCGGGGCTCACAGCGAACTGGATGTTGCAGCCCCCGGCCTCCACCCCGATCTCGCGGATGATCGCGATCGAGGCGTCGCGCATGCGCTGGTACTCCACGTCGGAGAGCGTCTGCGCGGGCGCCACGGTGACCGAGTCGCCGGTGTGCACCCCCATCGGATCGACGTTCTCGATCGAGCAGATGATGATGACGTTGTCGGCGCCGTCGCGGACCACTTCGAGCTCGTACTCCTTCCAGCCGAGTACGGAGCGGTCGACCAGCACCTCACCGATGGGCGAGGCGTCGATCCCCTTGCGGACCTGGACCTCGAACTCTTCCCGGTTGTAGGCGATGCCGCCGCCGGTGCCGCCCATCGTGAACGAGGGGCGGATGATGCTCGGGTAGCCGGTCTCCTCCACGATCTCGAGCGCCTGCTCGAGCGACTTGGCGAAGCCGCCGGTGGTGACCGCCAGCCCGATGCGCTCCATGGCGGCCGCGAACTCCTCGCGGTCCTCCGCCATCTCGATCGAGCGGGCGTTGGCTCCGATCAGTTCCACCCCGTACTTCTCGAGAACTCCGGTCTCCTGGAGCTTCATCGCGATGTTCAACGCCGTCTGTCCGCCCATGGTGGGCAGGATGGCGTCGGGGCGCTCCCGATCGATCACCCGCTCGACCCACTCGGGGGTGAGCGGCTCGATGTACGTCCGATCCGCGAGGTCGGGATCGGTCATGATCGTGGCGGGATTGGAATTGACCAGGATCACCCGGTAGCCCTCTTCCTTGAGGGCTCGCACGGCCTGGGTTCCGGAATAGTCGAACTCGCACGCCTGCCCGATGATGATGGGGCCGGAGCCGAGAATCAGAATGCTGTCGAGGTCGTCGCGTCTTGGCACGTCGCGGCGGTCAGTCGGCCTTGTCCGACTCCTTCCGGAAAGCCGTCACCACGGCAACGACGAACCCACCCCACACGAATCCGACGATCAGGATCATGGTCACCCATGTGGAAGTCGTCACGGGGTCGGCCGGATGGAGGGAGGACGAGGCGTGTGCAGGGGCGCCTGGCACCGACGATCGGCCCGTCGGGTGGGGCGCAGGGTCGGAGAATACTGATGGAGGGTGGAGTCCGGGGCAAGGCGCGCACCCGGCGACGCCCCTCCCCGTCAACGCTGGATCGACACCTGCACCGCGGTGGGCGACGGCAGGATCTGGTCGGCGGCATCGGCCGCCTCGATCACGGTGGCTGTGGGTCGCACCGACTCCACGTCGGTCACCTGAAGCCGCACCGCCAGCACCCCCGCCTGTTCGCGGATCACCACCAGGCGGTGTACCGGCACCCCGTTGCGCGGCGCCACGGGCACCAGCTCCACCCAGCCGCTCGCCGGCTGCTCCACCCCCTGCAGCCCCTCTCCCTCGAGCTCGATCACCGCCGCGCCGAGGGGCACGGACGCCGACGCGCGCAGATCGAGGGCGCCCGGTCCCTCCGGATCGTCGCCGCAGCCGGCGGCCAGGAGGGCGGCCGCGAGCACCGGCAGACCGAGACGGCGCAGGGCGCACCTCACGAGCCGCCCCCCGCCCGCAGATGGGCTCGCAGGTCGCCCACGTCGTAGCGCCCGTCGTTGTTGCCCGCGTCGTCGAGGGCTTCGGTCAGCCGGTCGTCGAGCACGGCCGACCCGCCCACGAGGGCGCGGGCGAGCGAGGTGAAGGTGAGCCGGAAACGCGCGCCCACCACCACCGGCCCGCTCGGCGTGAGGGTGAAGGGATTGGGCTGCCCGGCCCACCCGCCCGTCCAGTCGTCGAAGGCGAAGCCGGCGGTGGCGTCGGCGCGGAACGACACGGCGGTGCCGAGCGGCACCCACAGGTCGGAGCTCGCGGGCGTGGGCACCACGGCCCCCGGCTCCACGCCGAGCACGCCACCCTCGAGCTCCACGGCGAGCGACACCTCCTCGCCCCCGTACTCGGCCGTCACCGAGGGGTCGTCGGCCACCGGCACGATCAGCACCCGCTGCTTCGACGCCGAGGGCTGATCGATCCACTGCACGAAGGGGCGACGCCGCCCCGGCCCGAGCGGCTCGCCCGCCTCGGCCGACAGCACGAGCGCCTCGAAGGGCGCGCGCAGGAACGTCTGCCCGCTGGAGGCGAGGGGCAGGTCGTCGACCGCCACCAGCGAGGCGTCGGCGGTGCCGGTCACGCCCACGGTGACCGTGCGGAACCCCGAGGTGGCGCGCAGCGTGACGGCGTCGCCCTGCAACGCGATCTCCGTGAGCGTCACTCCCGCCGGCGCTCCATCGTGGCTGTACGCATGTGGAGCGCGGCCCGCGTGAAAGGCGGTCACGCCCGAGTCTCCCGGAAAGGGGTCGGCTCCGTCGCCGCGGTTGCCGCCGACGCCTTCGGTCGCCAGCTGCCGCAGCCCGTCGGCCTGCACGAGCCCCACCCCGAGGTGCCGGTCGTCGGCGTTCACCCGGTTGGCGGGCCAGCGAGAGGCCGTCCAGTCCGGGTCGATGTGCCAGACGAGCAGCCCGGGCGAGAAGAGGTCGAGGTCGAAGCCGGTGCGCTGACGGTTCTCGAGCAGAAAATAGTCGTCGGAGCCGTCGCGGGCGTCGAGACGCAGCACCCGCCCGGAGGTACCCACCGGCTCCAGTACCACGTCGCGGTGATCGGTGTCGGGGGCGAGCGTCTCCACCTCCACCCACCCGAGCACCGCCCGGCTCCAGGCCGTCATGCCGCAGGGCCGCTCCGGCGTGTTGCTCGCGCAGCCCCAGGCCCCCTGACCCATCAGCCCCCACCGACCGATGCCCGCGTGGTCGCTGCTGCCCGTGCTGTACAGGTCGGGCAGCCCGAAGCCGTGGCCGAGCTCGTGCGCGAGCACGCCGATCTCGTTGATGTTGCCCCGGTCGCAGGAGATCACCGGCTGAATCGTGTAGTCGTCGATGCGGATGGTGCCCCCCGAGGCCGCCGGGGTAGCGGTCGCGTACGGGCCGCCGTGCCCGGCCTCCAACTCGTAGTCGGCTGCCGCCGTGAGGCTGAACTTGTGCGACCAGATGCGGTCGTTGCGGCCTGCCCCCCCGCACTCGGCTCCCCACTGCGGGTGGAAGACCGCCAGCACGTCGACGAAGCCGTCGTCGTCGCCCGAGTTGGGGATTCCGTCGGGACCGTCGTTGTCGTACCGCCCCCAGTCCACCGACCCGTCGTCGAGTTGCTCGAGCAGGCTGATGATGAACGACGACACCCGGCCGTCCTGACCCAGCCCGCTGCTCGTGCCCGTCGTCTCCCTCTCGGTCAGCGCAGCCTGCACCCAGGCGAAGGTCTCCCCTCGCAGGTCCATCCGCCCCCCCGACATCGCATCGTAGTACTCGGGGATCGTGCGGTATCGCGAGTTGGGCCCGTCGAAGAACTCGCGCTGCACGGTGGCGGCGTCGTACACCGGCGGCCCCGCGTCGTCGGCGTAGTAGCCCAGGATCAACGGAAAGCGAAAGGTGCCCTCCACCGGCCCGTCGCGCCGGCCGAGCACCGCGGCCGGCATCCCGCCCTCCAGGGCGACGCTCGACACCTCGAAGCGGGGCAGCGGCCCCTCTCCCGGGCGCGTGGCCCGCAGCGACGGGTTCCGCGCCGCCCAGCCGCGCTGGAAGGTCATGCCGCCTCCGGGGAGTCGGCCGGCGTCGCGGGCATCGAGGTAGGCCTGCGGGGGTCGGGTGCCGTACTGGAGTCCCAACAACTCGACGTCGTCGATCTGCGCCGAGAGGGGACTCCCGCCCGCCAGGGCGACCAGTGC
NZ_CP144380.1_gap53	2123248	2124452	1204	GCGCGGCTCTACTGCTGCGAGATCACCCGGCGGGTGAGCGGCGGAAGTGTCGCCCGCCCCACCGTGTTCGCATCGGTTCCGAACCAGACGACGTTCTCGTCGGCGTCGTAGTACATGTGGCGAATCGCCCCGCCGCCCGAGCCGACCTCGGTGATCGAGAAGAACTCTTCGGTGGCAGGATCGAAGCCTACGAAGGTGTTCGGCTGGTGGCCGGTCTCCACGAACCAGACGCGGTCGTCGGCGTCGATCGCCATGCCGTACGGACGGGAATCCGACCCGCCCGGGTTGTCCCACTCGGTCACCTCGCCGGTGTCGGTGTCGAGGCGCCCCAGGCGACCGTTGGCGTAGTCCACGTACCAGACGTCGTCTCGCGAATCGATCTCGAGGCGGCGCGGACGCGTGGTCTCGTCGGGCAGGTCGAAAGTGACCAGCTCCATAGTCTCGGGATCGACGGTGGCGACCTTGTTGGTGTTGAACAGCACGATCCAGGGACGGCCCTCGGAATCGAGCTTGATGCCGTAGGGTCGGCTGCTTCCCGGCTGACCGCCGCGCCCCTCGGTGGAGGGAGCCTCCACCAGCTCCACATCGCCGCTCGACGGATCGAAGTGCCCGACGAAGTTCCCTCCCTGCACGGTGAACCAGATGTCGTCGTCGGCACCGAAGAGCAGGGTGTGCGGATCGCGCGCCCGCTCGTCGGGCATGTCGAAGCGCTCGATCTCGCCGGTCGCGGGGTCGAGGCGACCGATGTGGCGGTCGGCGTTGCCCGCGTACCAGACGGTTCCCTCGTCGTCCACGATCAGGTTGTGGGGCCCGGCTCCCTCGAGGAGGTCGTACCGGGTGAACTCGCCGCTCGCGGGGTCGAGCACGGCCGCGTAGTGCGAGCGCTGCCCGACGAACCAGACGCGCCCGTCGGGAGCGACGTAGGGATCGCGGGGTCTCGACTCCGCCCAGGGCACCTCCCACTCGTCGATCGCGAGCGTCTCCTGCGCCGCGACCTCGGGGGGGAGCACGAGTGTGACCAGCGGGAGCGACGCGAGTGTGGCAAGGCGGGCCGACCAGGACATGGCAACTCTCCGAGGCTGAAGACGGGGTACCACCGCATTCACTCAGGACACTCGCGGCGCGCGCAGTGTTGGTCGCCTAGCCTCTCACGCGACGCAGGGCCGCATGCACCCGCGCGCCGAAGCGAACCGCATCGATCGGC
NZ_CP144380.1_gap54	2176512	2180427	3915	CGAAGCCGAGGTGCGGTTCCTCGACCTGGTTCGCTCGGCCGAGCTGCCCCTGCCCCGGACGAATCTGCGAGTCGGCCCCTACGAACTGGATGCCGCATGGCCCCGGGAGCGGGTCGCCGTGGAGATCGACGGTTACGAGTACCACCGATCACGGGTCCGCTTCGAGGCCGATCGACGAAAGGACGCGTGGCTGGCGGCGAAGGGCTATCAGGTGATCCGCGTAACGTGGCGGCAACTCACCGAGCATGCGATCCGGACCGCCGCCCAGGTCGCTCAGGCGCTGGCCCGGGCGGGATCGATCCTTCCCTGAGCGTGCTGCAAAACGGTCACTCGGCCCTTTCTCCCACATGTGGGAGCGATCCTTCTCTGGATTCGGCCACAGGATGCCGAAAGAAGGATCGCTCCCATATACGGGAGCAAACCAAGAGTGGAGCTTCTGCGAAGCCTCGATTCTTGGATTCTTCCCGCCAGACCGGCGGGCCGGCGGGCCGACCGGGGCCGACCGGCCCGGCCCACCCCGCCACCGGCCCGCCTCCACCACCCGCCGCCCCCAGTTCGCCGCCTGCCCCCCCTACCCGACCAGCTCGTCCAGGTACTCGACCACCATGTTGCGCCAGAGGGGCCAGTCGTGCTTCCAGTCGGGGCCCCACGAGTCGACGCGGTTGGGCACCCGCTGGTCGCCGAGCACCCGGGCGACCGACCACGACTGGCCGATGTTCTCCGCCTCGCCCTCGCCCGAGGCGAGGATCACGAAGCGCTGGCGCAGCCGCTCGAGATGGTCGCCGGCGAGCGCCGGCACGAAGTCGAGGGGGGAGGAGCGGTGGTAGTCGGCGTTCGGGCGCGCCTTCAGGAAACGCTCGAGGTCGTAGGTTCCGCTCATGCAGAGGGCCTTGCTGAACACCTCGGGGTAGCGGCAGACGGCCGCGAGCGCCTGGAAGGCCCCGATCGAGGCACCCCCGACCACCACCTCGATGTCGTCGCTCTCGCAGTCCATGCGAATCGCGGGCACGACCTCGTAGCGCACGTACTCCTGGTACTGGTTCATCACCCACATGCGGTGCTCGGGCGAGCCCTCTTCGGTGAGCATCGCCCGGCCGGCCACGCTGTCGCACGAGTAGATCTTGATCCGCCCCGCCTCGAGCGCGGACCGGAGCGCACCCACGATATGGAAGCGCTCGATCTCCTCGGCGTCGCCGCCGGCCGTCGGAAAGAGCAGCACCGGGGTGCCGAAGGTGCCCCACCGCGCCATGGTCACGTCGCGGTGCAGCCGCTCCGAAAACCAGGTCTCGCGGCGCTTCATGCTCCCTCCACCGGATTGCGGTCACGCCACTGCTGCAGCCGCGAGAAGAACAGATCGGTGAACTCGTCCACTTCGTGCTCAGGAAAGACGGCCACCACCTTCTGGCGCACCGCGTCGCGCGCCGCGTCGGTGCCGAACCAGCCGTGGGTGACCTCGTGCAGGTGCGACAGGTGCTCGCCGCAGAAGTCCTCGAACGCCGCGGTGTCGAAGCGCTCGTGCACCAGTGGCAGCAGGGCGTCGATCCGCTCCCGCAGCGTCATCTCGGGCTCCACCCGTGCGATGAAGGAGTCCCAGTCCACCCGCTTCACCCGCCGCCCCGTCGCCGCGGCGAAGAGGGCCCAGCGCAGATTCGCCTCGATCACCCACGGAAAGTGGTAGTGGATGGAGGTGACCTGCGAATCGGGGCACGGGTTCGCGAAGTCGATCGGAACCCACGCATCCGCGGACGACCCAGCGCCCGAGTCCCCACCGGGTGCCGCTCCGCCGCCGGCACCCGCACCGCCGCCGCCGTCCGCCCCGCCCCCCTCCGCCCCCGACCGGTGCAGCAGCTCGCACGAGTTGAAGTCCCAGCCGAAGAAGGCGTTGATGATCAGCGTGGTGCCCTCGATCACCGCGCGGTCGTCGGCGGAGAGGTAGTCGTCGGGACTCGAATCGGTGTAGCGATCGTGATGCGGCGCACCGGCATCGTAGCGCACCAGCCGCGTCTGCGGACCCAGCCCGATGCAGCGCACGAAGTGGTCGTGCGGCTCGATCGACTCCTGGAGGGTCATCACCAGCTTGCCGCTGTCGTCGTAGGTGGCCCGCAGCGCCGGCTCGTCGTGAATCCGCGACACGGCGCGCCAGCCGCCCCCGTCGTACGGCTTCATGTACATCGGGTAGCCGAGCTCGCTCCCGATCGCCCCGAGGTCGAAATGCCGCGCGTAGGTGCGCAGCGTGTAGTCGAGGTCGTCGCTGGGTTCGTACGCGTGCGGCGGCACGAGCCAGGTCTTGGGAATCGGGAATCCCAACCGGATCATGCCGGCGTACGCCGACAGCTTCTCCACCGACTGCACCGTCCACGGATTGTTGAAGACGTAGACGTCGTCCATCAGCACGGCCTTCTTGATCCACTCGCGGCGCGTGTGGTACCAGTGCGTGAGCCGGTCGACCACCACGTCGTAGCGCTTCGGCTCCCGCAGGTCGAAGGGGTCGATGGTCATCCGCTCCACCTCGAAGCGCACGGTATCGCCCCCCACCGGCACGGCGAGATCGAGCCGCTTCAGGATCTCGGTGAAGGCGATGGGCCAGCAGATGTCGGCCCCCAGCGAGAGCCCGATCCTGCGGGTGACGTCGGCCATGCGGTGCGTCCTCGTGTCAGTCGTAGACGAGCCAGAGGGGACCGGGCATCAGCCACGACAGACCGAGCCGCAGCCGGTCGCGCCAGTTCTCCCAGTTGTGACCGTCGCGCGCCTCTTCGAAGCGCACCTCCATACCCGTGCGCTCCAGCACCGGCACCAGCGAGCGGTTCTCGTAGATCAGCGATTCGTACATGCCGCAGCTCACGAACACCTTGTCGGCCACGCGCTTCGGCGCCCGACGGTAGGCGTTCACGAAGTCGGCGATGGGGTCGAATACGGGACCCCGCCCGTGCCCTCCGATGTCGCTGAAGGCGAAGGATCCCGACTGCAGCAGCAGCGACCCGAACACGTCGGGGTAGCGCACCGCGGTCGAGAGCGAGGCCACCGCCCCCAGGCTCGCCCCCATCAGACAGCGACCGGCCCGCGTGCCCTGCACCGGAAGTGCCGCCTCGAGGTCGGGAAGCAGTTCTTCCACGAGGTACCGCGAATGCGCCTCGGAGCCCCGGTACTGCTCCATCCGGTCGGGCGGATGCATCAACGCGGCGATCATACCGGGGATCTCGAGCCGGTGGATCAGGTTGTCGAGCACGGTCTGCAGCCCGGCGTACGCGAGATAGTCGCCGCCGTCGTGCACCAGCAGCAACGGGTACCGCCGCGTCTCCCGAAAGCGGGCGGGACGATAGATGGTCACGCGTCGAGAGCCCCCGAGCGCACGGCTCCGAAAGAGTCGATCCTCGAGCGAACCCGAGGGGGACTCCGGATCCGGCCGGGTCCACTCGGGCACGGCGTACCCGGCGCCGTGGCAGACGGAGTTGGCCCCGAAGGGGTCGCGGGCGCGATGCGGGTTGAGCGGGTCGTTCACCCACTGCACGTCGCCGCCCCGAACCACCTCGAACTTGTACTCCACACGCGAGCCCTCCGGCAGCTCGAGCACGTCGTACCAGAGGTCGGTGCCCTCCAGGCGGTGGAGCGAGGTGGCGGTCTGCAGCCCATACACCCAGTGCCGCAGCCGCACGTCGTCGGCCTCGCCCCGGAAGACGAAGGTCACCTGCGACCCGTCGACGACCGGCACGGCCCGGCCGTGGAGAAAGCCGTCGACGGCGTCGGTCGAGGGCGGCGTGCCGGCCTCGGCCGCCCGCACGAGCGGCTCGATCGACAGCCCGGCCACGTCGGGCGGGGCGACCTCGGCCACCTCGGGCGACTCGGGCACCCACCTCACGGGGCGCCTCCGGCCGGACCACCGGTCGCCGGGACGCCCCCTGCCGGTGCACCGCCTGC
NZ_CP144380.1_gap55	2378511	2380620	2109	ACTACATGACGGGCATCGCCCGCCTGGCCCCCGGAGTGGAGCTCGACGCCGCCCGCGCCGAGGTCGAGCGGATCGCGCAGGCGCTCGCCCGCGACTACCCGGAGTCGAACACGGCCCAAGCCTTCGATCTCGTGCCGCTGCGCGAGTACCTCTTCGGCGATGTTCGGACACCCCTCATGGTGGTGCTCGCCGCCGTGGCGCTGGTGATGATGATCGCCTGCGCGAATGTGGCGGGGCTGATGATCGCTCGGGGACTCCATCGCAGCCGGGAGTTCGCGGTGCGCAGGGCGCTGGGCGCCACCACCGGTCGCATCACCCGCCAGTTGGCGGTGGAGAGCGCGCTGCTCGCGGTGGGGGGCGGCGTCGTGGGACTCGGTCTGGCCACACTGGGCGTCGACGCGATCCGCGCCCTCGGCGCCGGGCACCTGCCCCGGATCGAGGAGCTGCGGATCGACGCCACCGTGCTCGCCTTCGCGGTGGCGGTCTCGATCGTGAGCGCCCTGGTGGCGGGTGTCGTGCCCTCGCTCGGGCTGTCGCGCACCGCCCCGGCGCGAGCGCTCGGCGACGGGGCCCGGGGCTCCACCGCGGGACGCGGGATCGGGCGCTCCGGGCGGAGGCTCGTGGTGGCCGAGATCGCCCTGGCCACCGTGCTGGTGGTCGGGGCCGGACTGCTGGTGCGCAGCCTGTCGACGGTGCTCGAGCGCGACCTCGGCTTCGCGAGCGAGGGCCGGCTCGCGGTGCAGGTGTTCGCCTACGACGTGGAGGGTGGCACCCCGGTCTTCATTCGCGAGATGACCGACGCCTTCGAATCGCTGCCCGGTGTGCGGTCGGTGGCCGTCACCTCGTCGATCCCGGGCGCCACCGACGGCACCCTCGCGTCCATCGACATCGACCTCGGCTTCACGGTGCTCGACCGCCCGGCTCCCCCCGTGGGGCAGGAGCCCACCGCGGCGATCACCCAGATCTCGCCCGGCTTCTTCGCCACGATGGGCATGCCGCTGCTCGAAGGCCGAGACTTCGAGGCCTTCGATGCCGCCGACACCCGTCCGGTGGTCGTCGTGAACGAGACCCTCGCCCGCCGGCACTTCGGCGACACGTCGCCCCTCGGGCGGAGCCTGGTGATCGGCTTCCGGCCCGTCGAGCGCGAGATCGTCGGGGTAGTGGCCGATGTGCGGCCGAGCGGTCACGAGTCGAATCCCCGGCCCGAGGTGTACTTCCCCATCGCCCAGTTCCCCACCTCGTCGCTCACCTTCGTGCTGCACGGGGATGGCGCCGCGGAGGCCCTGATCGCCCCGGCCCGCGAGGCGGTGTGGGAGGTGCGACCGTCGCTGGCGATCTGGGGAATGGCCACCGTCGACGAACTGCTCGGCACCTGGCTGCAGGAGCGGCGGTTCCACCTGATGCTGCTCGGATCGTTCGCCGTCGTGGCGCTGCTGCTGGCCACGGTAGGCACCTACTCCCTCGTGAGCCTCGGGGTGGAGCGGCGGGTGGCCGAACTGGGCATTCGCCGTGCGCTGGGCGGCGGCGATGCGCGCATTCTCCGCATGATCGTGGGCGAGACCGCCCGACTGGCCGCCGTGGGTGTGGCGCTGGGGGCGTTCGGCGCCTTCGTCACCACGCGCTACCTGCGCTCGATGCTCTTCGGCGTCGAGCCCACCGATCCCGCGACCTTCGTGTCGGTGGCCGGAGTGGTGCTGCTCGCCGCCTCGCTGGGAGCGGTGATCCCGGCCCTGCGCGCGATCCGCACCGATCCCAACCGCGCGATACGCCGGAGCTGAGCGCCCGAGGCGGTGCGACCCGACGCCGCTACACCCGCAGCACGCCGCGAAAGCCGCGGGCCGCGTAGTACGACTCCACCCCGTTGTGGTAGAAGAAGACGCGGCCGAAGCGGTGGTCGCCGAAGAGGCCGCCGCCCCGCTCCCGCATGGCCGGCGGCGTCTTCACCCAGCTCGACGTCTTCGTGTCGACGGGGCCGAGCGCCTGGAGCGCCCGGTACTGGTCCTCGTCGAGCAGTTCCACCCCCATCGCGGTGGCCATCTCCACCGCGCTGCTGTCGGGCGCGTGCTTCTTGCGTGCCTTCCGGGCCGCCCCGTCGTAGCAGATGCTGCG
NZ_CP144380.1_gap56	2386594	2389430	2836	ACCGTGCCGAAGGGCTCGAAGTACGGATAGAGGCTCGCGTGGCTGCCGAGCAGCGCCGGCACCAGGATCACGGCGAGCACCACGTACTTCACCTTCAGCCCCGCCCGGTGGAGCCGCTCCGGCACGCGCCGTTGAAAACGGCGGGGCACGAACCGGGTGAGCAGGTCCTGCAGGGCACCGAACGGGCAGAGAAATCCGCAGAACACCCGGCCGAACAGGAGGGTGGCCAGCAGGGTGAAGCCGGCGATCAGCAGCAGCGGCACGTCGTTGAGAAAGGCCGACCCGCCCACCCAGATCGCGCTGGTGATGTGCGACACCGAGAGGAAGCCCCCGTCGGCGAACCCGAGGTAGCCGAGCGTGATCACCAGGGTGGCCCAGCGCAGCGCCGGGCGCTTCTTCAGGAAGGCGATCGTGGTGAGGGCGAGCAGCCCGAGCATCGCGACGGTGCGCGGTCCGTTGAGGCCCGCGAGCATGGAGGCGCTCCAGCTCTCCGCCTCCTCTTCGTCGTCGAGGAAGTCGAAGTCCTGGGTGGCCGGGGCGGAGGCGGAGGCCGGGCCGGGGCCCACCGTCGGGTCGGCGGCGGCGGTTCCCGAGACGGACGCGGCGGGGTCGCCGGCTTCCGCGCCGCCGGGGCTCGGATCGCCCGAGGTCGGATCGCGCGAGGTGGGATCGGCCGCAGCCGGCTCGCCGGCGGTCGGGGCGTCCGGGGCGGCGGGATCCGAGGCGGCCCCCCGGTCGGTCGCGCCCGCGGAATCGGGCCCTGCCGCGGCGGTGCCCGGCCCGGCGGATCCCCGGGCGGCAGACCCCGGCGCGGCAGACCCCCGCGCGGAGGCGCCGGGATCATCCGAACCCGGATCGCCGGAGCCCGCGGCAACCGTCGCCGCCGACGTCCCGGGCTCGCCGCCCCCGGCCGCCGGCGCCCCCGCCTCCGCCATCACGATCGTGCCCCCGCGCGCCAGCAGCGTGGCGTACTCCACCGGCGTCACCTCCCGCTCGCCGCCGAGATCGAGATCGACCGTGAACGGCTGTGCGAGATCGAGCTCCGAGGGCAGCAGCATCGCTCCGATCGTGGTGAGCTCGTCACGGAGGAGTCCCCCTCCGGCGAGTCCGAAGGGAAAGACGTTGTTCTCCGGAATCGGGTAGCTGTGCCCACCCTGGGTGGCCGACCAGCCCTGCCGAGAGAACACCCCCGTCTGTGCGCCGTAGACCCCGTAGGCCATGGCGTAGCCCTCGCGCCCCCGCGATTCGATGGCCCGTTCGATCATGCCCCAGGCCGGCGCGCCCACGAGATGTGCGCCCGTCTCCGGACTGTCGATGTGCATGAGTGCGATCTCGGCGAGCACTTCCTCGCCTTCATGCACGATGACGGGCCGTGCCACTTCGCGGTCCATGAGCTCGAGCCACGACAGCGTCCATGGCTGAATCGGCCCCTCGGGGGCGGGGGCGCGCTCGAAATAGGCGCGGGCCACGCGGCGGGTGGCGTCGCGCACGCCCTGGGCGAGGGCGCGCGAGCTCACGGTGGCGCGCGAGATGCCGTCGATGTCGTCGCGCACCAGAAACTTGTCGGCGATCGACTTGCCCGCGTACTGCTCCTGGTGGCCGTCGCGCCGCAGAAAGTCGCCCATCTGGCTGCGGTACGACTCGTAGTACGAGAGCACCCGGACCCCCGTCACCACCCCGGCCACATCCATGCCGACGAGCGCCCGCACGGGCCCGCTGTACCCCTTCCGCTCCGGCGGCACGTCGGCGGTGAAGAAGAGGTAGCCGATCGCCTGCTCGGCTCCGGTGGCCGGGTCGGTGGCGAAGGCCGTGATCACCGGCGGCCGGCCCTCTTTCGGCCCGAACCGCTCCGCCTCGGGCATCACCTCCCGCAGCAACTCCTCGCCCACCTCGGTGCCCTCCACGTCCTGCGCCGCCGCGCGCCCCGGCAGTACGAAGATCAGCAGGAAGACGAGGCCGGCGAGGAGGTTCCGGGGCATGGCGTCACGGCGGAGCGGGGGGCGCTTCGAACGAATTCGACCCCGAGAGTGCGACGCGAGCGCCGGTGCGGCAATGGCCGGGGGTCAGGACACCCAGATACTGGAGCAGGTCGACACCGCCCAACTCTCGGCGCCACGCACGAAGGTGCAGTCTTCACCCCGACTGCCGAGGAGGCTGTGCCAGACCACCGTGTGGATGCGAATCCCGGCCTCGTCCTCCACACCCGGCCCCGCCCACACGATCTGCGCCCGCTCTCCGGTGTCGGTGTGATAGTAGCCGATCCGATGGCGCTCACCGCGCAACTCGCAACTCGACGCGGGCACCACGCGACGGCCCTCTGCGGCCAGCAGATCGAGCAGCTCCGGGGCCGGGTCTCGAAGATCCTCCGGCACGATCCCCTTCGACTGTCCGACGTACGCTTCGGAGAAGCCGACGCAGAGAATGGGCTCGACCATTCCGAAGCCGGAAACGGTGCGCTCCATCGCGGCCACCCGGGCGCTGTCGACCTCCGAGGCCGCAGGCCCCGACGACCGGTGGGCGTCAGCCGGCGTTGCGAGTGCCAGCGCGGCGAACGCCATCGCCGCGAGCCCCGTCGATCCCATTCTGCTCAACCACGCCTTGCCCATGCTCGCTCCCCGATTGAAGTACACGACCCCTCGGCGGTCCACATCCGCGCATCCCGGAGTACGCACCTCCGAGTGCGCGCATCGCGGAACGACCACTATGCGTACGTCGAGTGACCCCGACAGGGTCCCGGCAGTGTCCCGGCAGTGTCCGACCGACGGCTCCGGCGGCCCGGAGCCCGGCCGATCACGGCTCCGGCGGCCCGAGCCGGCCGATCACGGCGCGGCGGCCC
NZ_CP144380.1_gap57	2395639	2398324	2685	CGGCGAAGCGCAGCTGGTCGGCCAGGTCGGTGGGGGCGACCACGTCGCCGAGGGTGCGGCCGGTCCAGAGCACCATGCGAGTGTCGAGCCGGCCCAGTCGCTCGCTCTGGCCGAGTTCGAGGCGGGCCGACCAGGCGGCGATGCCGCCCCAGTCGGGCACACCGGCCGAGCCCTCGACGACGCGGACGTCCAACAGGAGCTCGCAACAGTCGCCCGCGCGGTGGGCCGGGAGGTCGCGCAGGATCCCCGGGCGCTCGAGCTCCCCGATGAGCAGGGTCCGCAGCGCGCCCTCCAGATTCGCGGTCCCCCCCACCACCTGCACCCGCACGCCCAGCGAGCGGATCTCGTCGAGCACCGCATCGGACGGCGCGCCCTGTGCCCGGAGCGCGGGGGGAGCGAGGAGCACCAGTGTGAAGGCGCCGGCGAGGGCGCGTCGGATCAGCGTCGACGTGTTCATGGGTTGGAGTATCGGCGCCCCATTCACTCTTTCTGCAATTCGTACACCCGCACGAACTGCACGTCGAGCTCGTTCGTCCACACGCCGGCGAGGTAGTCGCTCCCGATCTCGTGCACGACCAGCCCGGCCGGAACCTCCACCTCGCCGAGCCAGCGACCGGTCGGATCGAACACGCTCCAGAGCACCCGACCGGGGAGGTCGGTCTGATAGGCGCGCGCCCAGACGTTGTGATCGGCATCGACCATCAGGCGATCGACGGCGGCGACGAACTCCGGGTAGCTCCATTCACGGAACAGCCGCTCGCGCGACGGGCGCAGGCGATCGGGAAGCCCCTCCATCATGCGCGACTGGAGCGCCGCGATCTGCGCATCGGTCACCCGCACAGGCTCCCAACTACGGCGCATCACCCGAACCAACGCCCCGGTCTCGTCGAAGACGCGGGCCTCGAAGGAGTCCCCTCCCATCGTCACCACGGAGTTGCCGAGCGCGGCGACCAAACGGTTCGCACCGAAGGGTGTGCCGAAGGTCGAGGAAGAGTTGTCCGACACGAGCACGAACACCGAGGCGCCGGGCACCCGCACGAGCGTATCGAGCACCGCACCGTCGCGCCCGCGCCGAAGCAGCGAAGCCGGGGGACGAAAGGCCCCTCCCTCTTCTCTGAACATCGACTGACTGACCGAAAGGAACGTTCCGTCGTCGAAGAAATCGGTCGGCGCCCCGCCCGAGAGCGCGAACTGTTCGACGAAGGTGCCCTGGGCGTCGAAGAACGTGAGTTGGCGAAACGAGTACGCCGCGATCCCGCCCTCCGCGGTGATCCAGGCCCGGGAGAGGCCGTTGAACTCGCCGGGGCCCTCCCCCGCGCGCCCGATCGCTCCCTCGAACACCCCTTCGTCGGAAAAGAGGAGCAGCTGACTCGTCGCCGCCGAGGTGACCAGCCAGCCTCCGTCGGATCGCCGGTCGACGTCGGTGACGCGGTAGAGCACCTCGTTCGCCGCGCCCTCGACGGCACCGATCTCGAGTGTGGGCGCCTCCGCCAGTGACCACCCCTCGCCCTCGACCCAGAGGGGAGCGCGCGACTCCACGATGCGCACTCCGGCACTGTCGGCCTCGACGAAATCGGCACGGTTCTCGCTGGCCTGACAGGCCGCGAGGGTCAACGCGGCTACGGTCGCTGCACGTGATCGCATCCCATACTCTCCACTCATCGGGGGGCCGGCACGGACCCCAGCCTGCGCGGAGTCCCCCCATTCCTGCAACCGAGACGCCGGGAGCGCGACCCATGGCCAAGCGACGACAGACCTACGAGGCCGACGGCATCACCGTCACTTTCGACCCCGATGTGTGCACGCACTCCGGACGATGCGTGCGGGGGCTGCCCTCCGTGTTCGACGTGCGGCGCAAACGCTGGGTACAGCCCGAACATGCGACGGTGACGGAAGTGGCCGATCAGGTGCGCCGCTGCCCGTCGGGCGCACTGCAGTTCACTCTCGAGGACTCCGCGGCGGGCTCCGAAGGCTGAGCCGTCGGGGTCAGGTGGCGTCGCTCTCCACCAGCCGCAGTACGCGGCCGCCCCACTCGAGCAGGTAGAGCTCACCCTGGGCATCGACGCCGAACGACGAGATCGAGCCCAGCGACCCGACATCGTGCTCGACCAGGTCGGTCACCTCACCCCCGTCGAGCGTGAAGCTGCGCACGAATCCGGAGCAGAAGTCGCTGAAGAAGTAGCGACCGGTGTGTCCGGTCAGGGCCGAGCCGCGATAGACGTAGCCTCCGGTGACCGAACACCCGGTGCCGTGGTCGTACTCGTAGACGGGCAGCTCCAGCCCGGTCTGGTTGCACTGCGACGCGTCGTAGCAGAGCGAACCCTCCATCACGTTCCAGCCGTAATTCACGCCGGCCCGGTTCGCCTGCACGGCGTTCACCTCCTCGCGCTCGCTCTGGCCCACGTCGGCCACCCACAGCATGCCCGACGGCGCGTCGAAGCTGAAGCGCCACGGGTTGCGGAGACCGGTGGCCCAGATGCGGGCATCGCCCGCGCCCGCCGAGAATGGATTGCCCGGTGCGGCATTGCCGTCGAAGTCGATCCGGAGCAGCGAGCCGAGCAGGTTGTTCGGGTCCTGCCCCGCCTGCAGGGGATCCCCTCCCCCGCCGCCGTCGCCCACCGCCACGTAGAGGTACCCGTCGGGCCCGATGGCCAGCATGCCGCCGTTGTGGTTGGAGTCGTACTG
NZ_CP144380.1_gap58	2401200	2403271	2071	TCGCCCCGATTGTCGACGATCGTGACGCCCGCGCTGTCACGGATCTCCATTCCCGCGCCCACGCTCCGCGCGGCCGGATCGCAGCCCGAGAGCCACACGACCCAGCACAGTCCGAGCACACCTCGACGGCACCACCCCGCTCCACGTTCGACTACGCGCAATCGATCCATGGCTGCACACTATGCCAGCCAACCAGGCATCGCCAGCCTCGACGTCGGTTCCCGCGCTCGTCAACGCCGACCGGCCGTCCCGTGTCCCCATGGCGTGTTGCATCGCCCTTCCCAACGAGTTCTTTCATGCACCGACCGATCGCGCGTCTCCTGATGGCTCTCCCGCTGCTCGCGGCCTGCAGTGCTCCCGACTCCACGGCGAGTGCCACGGCCGCCCCGGACCTCGGAAAGCGAGCCGTATCGGAGAACGGAGTGGTGAGTTCGGCCCTTCCCCAGGCGAGCGAGGCCGGCATCGAGATGCTGCGTCAGGGCGGGAACGCGATCGACGCGGCGGTCGCCACGTCGTTCGCACTCGGGGTCGGCGAGCCCCAGATGTCGGGACTCGGGGGCGGCGGAAGCATGCTCGTCTGGCTTCAGGACGAGGGTCGTGCGGAGTACGTCGACTTCTACAGCGCACAACTCGTCGAGAGCTGGCGCGGCATCGAGCCCCTCGACTCCGGAACCGTCAACCTGCGCGTGGTGGCGATCCCCGGGGAGGTGGCGGGACTGCTCGATGCCCACGAGCGCTACGGACAGCTCTCGCTCGAACAGGTGATGCAGCCGGCGATCGATCTGGCCGAGAACGGCTTTCCGGTCAATCAGATCCTCGCCGACATGATCGAGGCGTCGGTCGACAAGCTCTCGCAGTTTCCCGCCACGGCCGCCCTCTACCTGCCCGGTGGAGAGCCCGTGGCGCCGGGCGATGTGGTGCGCAATCCCGAACTCGCCGCGGCTCTGCGCAGGATCGCCGATCGCGGCGCCGCAGGCTTCTACGAGGGGGAAACCGCCGAGGCGATGGTGCAGGTCATGAACGAGGGCGGGCATCCGGTCTCCCTCGCCGATCTCACCCGCTTCGAGTCGCAGTGGAAGCGCCCGCTCTGTACCGAGTACCGTGGGTATACGGTGCTCTCCGGTCCCCCGCCTCAGACCGGGGTGCAGCTCGTGCACACCCTCAACCTGCTCGAGTCGCACGACCTTGCGGCTCTGGGCTACCCGACGCAGTCGGCCGAGGCCTTCGACGTGGTGGCGTCGGCCATCCGGGTGGCCAATACCGACAACCGGGCCAACAGCGACCCGAACTGGGCCGAGGTGCCCGCCGTCGGGCTGACCTCCAAGGCCTTCGCGGCGCAGCGGGCCTCGCTGGTGGGCACCGGGCGCGCCGCGGAGCGGTACGAGCAGGGCGACGCCACTTCCTTCAACGGCGAGGCGCCCTCGGCGGCCTGCGCGGCTCTCGATCCCTGGAGCCCCGACGCCTACGCGCCGAACGCTGCCGCAGGAAACGACGGCCCCACGGAAGGCGGTACGGCGGGCGAAGGCGGAGAGACGACGCATCTCTCGGTGGTGGATGCACAGGGCAACGCCGTGGCCCTCACGCGCACCAACAGTTCCACCTTCGGATCCGGAGCGCTCGCCTCCGGCTTCTTCCTCAACAACTCCGGGATCGACTTCAGCACGCGCGACCCGGCCGACGCCGAGGCGCAGGGGCTGAACCCCTGGCGCATCCGCAACTCGACCATCGCCCCCACGATCGTGCTGGAAGACGGTCGCGCGAAGATGGTGGTCGGAGCGCCCGGCGGTGGCCGCATCCAGTCGGCCATTCTGCAGACCATGATCTACGTGCTGGACTTCGGTCTCGACCCGCTCGAAGCCGTGCGCATGCCCCGCATCTATCCGTCGGCCGGTGCGGTCGAGATCGAGACCGAAAACGGCTTCAACACCGCCACGCTGGGCGAGGTGCGCGCGATGGGCTACGTCCCGACCGCGGATGCAGACGGCTACGCGCGGGTCTACGTGATCGCGCGCGACGGCGACCGCTGGATCGCCGCCGCCGACCCGCGGCACAACGGAGGCGCGCGGGGCTA
NZ_CP144380.1_gap59	2406966	2410734	3768	CCGAGGTCCCGCGAGATCACGCGAGACTGGAGTTCCACGCCCGAGCGCCGTAGGGTGTGTCACGATCACCGCTCTCTTCACCTCTCGGAGTCCCCGATGAAATCGACGCACCTCGCCTCTCTCGCCGGCGCGCTCATGCTCGTGCCGGCTGCGCTCGCCGCCCAGAATCCCCATGTGGGACACGTGGCGACGGGCTTCGCCAACACGCCCGACAACTTGGGACTCCTGCCCGTGGCCGTGGCCGAGGCCGAGACGGCCGCGCAGCACGCCGGCCTGGCCGCCCGCGACCTGTCGAACCTCGACGCGATGAAGACCCACATCGGGCATGTGCAGCACGCCGTGGATCCCTCGGTGGTCGAGGCTGGGCCGGGGATGGGCTACGGGGTGAAGCAGGCGGCCACCGGGGTGGCGCAGCACATCGAGCTCGCGGCGGGCACCGACGGGGTGGAAGCGGCCGTGACCACGCACGCTCCGCACATCGCGCAGTCGGCGAACAACACGGTCACGCGCGCCGACCGCATCATGCAGCTCGCCGCGATGGTGCAGGACGCCGAGTCGGCCGACGCCGCCGCGCCGATGGTGGAAGAGATCGCGCAGCTCGCCACGCAGCTCATGGAAGGCGTGGACGCCGACGGTGACGGTCGCGTGGGCTGGCAGGAGGGCGAGGGCGGTCTCGCGACGGCCCAGCAGCACCTCGGCTTCGTGATGGGCGGCTGACCGACGCCGCATCGAGCGGGACGAGCGAGCCGCCGGGGTGCGCAGCAGCGCCCCGGCGGCTCGTTGCATGTCGGGGGCGTCATCCGGCTCCGGATCCCCCGGCCCGATCCGAGCCGGGGGACGGTCAGTCGCGCCGCGCGTAGTACCCGTCGAAGATTCCGTTGTAGTATGCCGAATACCCGGTCACCGCTCCCTCCATCCGGTGGAAGAGGAAGCGGTCGAGGGGCCAGTCGGCCCGCCCGAACTCCAGCGGACCGATCCGGGTCAGTGCGAGTGCCGACTCCGGGTCGCCCGGCTCGGAACGCACGAGTGCATTCTCCACCACCCGCATCTGATACTCGGTGCGCGAACGATCCCCGACGAATCGACCCTCGAACGCCGCCAGGGAGGCGTCGCCGGGGATCGCCGTGGGCAGAGACGGGCTGCCGACGGCCAGCACCGCGGCGGCCACATCGGCCACCAGCTCGAGTCCCCCGAGAGAGGCCTGTCTCGTGTTCACGACCACCGCCACGGAAACCGTGTCGGGCACGAAGTGATAGAGGGCGGCGACGATCGAGCCGCTCCCCCCCAGGTGCCCCCACAGGTTCCGGCCGAAGAGCCGGCCTCGGGCCACCCCCAGACCGTAGTCGACACCCGTGCCGTTCGGCAGGCGCGTGGGCGCCAGCATGCGCTGCAGGCTCGCCGCGGTCAGGCCGTCCGAGCGCAGGCGGTCCGGAAGCAGGGCGAGTTCGGTGGCCGTCGTGCACAGTCCCGCGTCGCCCCGCACGCCCCGTTCGGCGTCCTGCACGCTGCGCACGAATCCGGAATCGGTGGCCTCGTAGCCGATCGATCGCTCCGCACCCATCTCGTCGCACAGCCCGGTCGCCCGGAGCCCGAGGGGGCTCACCACCTGCGCATCCACCACCTCGGCCCACGGCGCCGCAGCCACCCGCTCCACGATCAGTCCGGCCAGATAGAACCCGGTGTTCGTGTACATCCACTGCTCACCGGGGTCGAACACCTTCTCGGAGCGGGAGAGTTCGTCGAGAACGAAAGAGGGATCGAGGGGCTCCCGCGTCTGGAGCCATCGCTCGAGATCCGCCGACACGTAGTCGGGCAGGCCCGACGTCATGTCGAGGAGGTGCCGGACCTGAACGCCTTCGAGGACCGCCCGGCCCTCCAGTTCCGGCAACAGCTCCACCACCGGCTGGTCGAGCGAGAGCCGCCCCTCCTCCGCGAGACGCAGGACGGTGGCCGCAGCAATGATCTTGGCCACGGAGGCCACATTGAACCGGGTATCGGCCGTGACGGGGAGTCCTCTCTCCACATCGGCGAGGCCGTAGAAGCCCTGGAAGATCGGCTCCCCCCCGCGGACCACCGCAACCGAGGCGCCGGCGAGGGGCCCGTCGTCGAGCGCGACGCTCAGGATCGAGTCGATCGAGGCCGCCAGGGGGGACGGCGGGTCGACCGGCTCGGCACAGCCGCTCAGGAGCGCGGCCCCCAGCAACAGGCGCAGGGCCGGGCCATGGTGTGTCCGCATGAGCCTCCTCGACGGCCTCGTCGGGCGGCCGTCGGTCGGTCGATCGCGGCGCCCTTCGAGGACAGGTCCGTCGAGAGGTACGTCCGAGCGGGCCGGTGCCGCAACGGACGCACCCCGGGGGGCGGCCCCCGGACAGCCCTCAGTCGCCCGCGATCGCCTCGGACGGCGCGGCCGACGATTCCTGGCGAAGCAACGCCCCCTTCGCGCGGTCCACCAGCCCGTGGAGGATCAGGTAGGCGCTGGGCACCACGAACAGGGTGAGCAGCGTCGAGACGCCCAGTCCGCCCACCACCGCGATCGCGAGCGGCTGCATCAACGACGAGCCCTCGCCGATTCCCAGCGCGAGCGGGAGCATGCCCACTCCGGTGGTGAGCGAGGTCATCAGGATCGGTCGCAGGCGCACCGACCCCGCCTCCACCACGGCCTCGTGGCGGGTGTGTCCCTCCGCCTGGAACTGCTCGATGTACTCCACGAGCAGAATCGCGTTGTTGACCACGATGCCGGCGAGAAGAATGACGCCCAGAAGTACCGGAGCGCTCAGCGACGAACCGGTCACCCAGAGCGCCACCGCCACCCCCACGAGGGAGAGCGGAATCGAGAGCAGGATCGCGAAGGGATTCACGAGGCTCTCGTACTGCACCGCCATCACCACGAACACCAGGAAGATGGCCACCACGATCACCGTGGTGAGCTGGCGACCCTGTTCGGCGATCGAGTCGGCCTCACCGCCCAGGATCACGGCGTAGCCATCGGGAAAGTCGAGGGTGGCGAGGCGGGTCGCCACGGCGTCGGCCACCTCACCCACACTCGCCTCGGAGGCGATCACGTCGCCGGTCAGACGCATGATGCGGTTCTGATTCTCGCGCAGGATCGACGCCGGCCCGATGCGCGTGTACACGTCGGCCACGTCGCGCAGGTAGATCGGGGCCCCTCCGGCCCGCGACGGGAAGAGCGGAATCGAGCCCACCGAGGCCGGGTCGCGATAGGTCTCGCGCGGGAAGGTCACCCGCACGTCGAACTGCTGGTTGCCCTCGGTATACTGGGTGGCGACGGTGCCGTCGACGGCGGTGCGGAGGGTGGACCCCACGCTCTGCACGTCGAGGCCCAACTCCACCGCACGCTCGCGATCGAGCTCGATGGTGAGCTCGCGGCTGCCCTCCTCGTTCGAGGGCTCCATGTTCTCCAGACCCGGAATGTCGGAGAGCGCGGCCACCAGTTGCCGCGAGATCTCCTGCTGGATCTCCAGGTCCTCCCCCACGATGGTGAGCGCGACCGGGGCACCCTGACGGTTGGTGCGAAGACCGCTGATCTGGGGGGGGCGGAAGAAGGCGCGGGTGCCGGGAAACCCACGCTCGTTCACCTTCGCCTGCATCTGCTGCACCCACTGGTCGGCGGTGAGCGTTCGCTCCGCGAGCGGCACCAGCCGCACTTCGACCGAGCCCCGCCCGGCGCGCTCGGCAGTGGACGAGCCGAAGATGAAGCCGCCCGCCACGGAGAACACCGTTTCCACGTCGGGCATCTCGGCGATCATC
NZ_CP144380.1_gap60	2529539	2530907	1368	TCCGAAGCGCACCTGCAGGTTGGCCACCAGCACCGGGTCTTCGGGGGCCGCCACCTGGATCATCTCGGGCAGCGTCTCGAAGCGGCTCCACGAGGTGGGGATCCGCACGTGGTCGCCCCAGGCCTCGGTGAGGTCCTTCGCGGCCCGGTCGGCCACCACCCGCACCACGCAGCGCTCCAGCGGAGTGAGGGCGCGCTCCTCGATCCGGGGTTCGATCGAGCCCCCGAGCAGACGGTCGAGCAGCACGTAGGCCAGGTCCTGCCCGAAATTGATCACGAGCTGCTGGCCGCCGGTGCCCTCGATGTCGTAGATGAAGGCCGAGCAGGGCGAGTCGAGCGAGAGCAGGTACTCGGTGAAGCTGAACTGCTCCACGGAGAGCAGCTCGACCTCGATCTGGGCGCGCACGCGCCCGCCCAGCCAGCTTTCGAGCGACTTCGCCACGAGTCCGTACATCGCCTCGAGCGACCGGTAGCGGCCCTTCGAGATCCGGCTCGGACGCCGGAAGTCGTACGGCTGCACCGCCACCCCGAAGGCCGGCTCGGAGCTCTCCGACACGGCGGCCTTGTCGGCCACCCCGAAGAGCTGGTCGATCTCCTGCTGACTGAGGTTCTGGTTCTCGGTCGCCATGGCCGCCCCCCCTACTGGATCACGAAGCGGGGGAGATAGAGCCGGACGATCTCGTCCTCGCCCAGCAGCTGGTTCAGCCGCTGGCGGAGCTCTTCACGCAGGGCCGGTCGCTGGGTGACGTCGGCCAGCTCCTGCACGGTCTTGGTCGACAACAGCGACAGGATCGCGTCGCGCACCTCGGGATCGCGCGCCTCGAGCGCGGCCAGGCCGGCGTCTTCCTTCATCTCCAGCGCGAGCGAGAGCACGAGGAACCGCGTGCCGTCGGTGCCCGCCGGGTTGAGGATCAGATCGTCGAACTGGAAGAAGCGCTCGCCCGATCCATCGTCGCCGTGACCTCCGCCGTGCCCGTCTCCACCCCCGAAGGGCAGCGGAATCGCGGCCCAGACCGGACCAGCTTCGGCGGCGCACGGCGCCATGCGCGGAGCGAGTCGGGGCGCGCCCTGCCAGGCACCGAGCCCGATGCCCACGACGACCGCGCCCAGGATCAGTCCCTTGTGGGACTTTCCGGCGGTCTCCTCGACGTCGAGGTCGTTGTCCTGGGTGTCCTGATTCGTGCTCACGTGTCGCGTCCGGGAAGGTGATCCGTGTCGGCACCGTCCCTATTGGCACGGATCGTACCACCCCCGGAGAAACTTTAGGACCCCTGCAAGACGTTGAAAAACAATGACTTGCAAACCATGACCGGACCGGCGGCCCGCACCCGACCCCCGGCGGACCGGGTGCACCCGGAAGCGAATGCCG
NZ_CP144380.1_gap61	2535862	2539433	3571	ATGATCTCGGCGCGGGTCGCGATCGCCTGGTCGACCTCGGGGTCGGAACCGGCCTGGTAGGCGCCCACGGCGATGAGGTCCTCCTTCTCGCGGTAGACGGCCAGAAGGTTCTGGATCGCGTTCACCGTCTTGCGGTGCTCGTCGGAGATCACGCGGTCGCGGAGACGCGACACGCTCTCGTTCACATCCACCGCCGGGAAGTGACCGCTGGTGGCGAGCCGTCGGCTCAGCACCACGTGGCCGTCGAGAATCGAACGGGCCGCGTCGGCGATGGGGTCGTTGAAGTCGTCGCCCTCCACCAGCACCGTGTAGATGCCGGTGATGGAGCCGTTGTCGTCGTTGCCGGCCCGCTCGAGCAGGCGGGGCAGATTGGCGAACACCGAGGGCGGGTATCCCTTCGTCGTCGGCGGCTCACCGACCGCGAGACCGATCTCGCGCCAGGCCATCGCCACCCGCGTCACGGAGTCCACCATCAGCAGCACGTGCAGACCCCTCGAACGGAAGTGCTCGGCGATCGCGGTGGCCACGAGGGCACCGCGCGCGCGGAGGAGAGCGGCCTCGTCGCCGGTGGCGGCCACCACCACGGAGCGGCTCAACCCCTCTTCACCGAGCGAGTGATGCAGGAAGTCGCGCACCTCGCGACCTCGCTCACCGAGCAGGGCGATCACGTTCACGTCGGCCGAGCTCCCGCGGGCGATGCTGCCCAGGAGCGAACTCTTGCCCACGCCGGAGCCCGCGAAGATCCCCACCCGCTGACCGTGCCCCAGGGTGAGGGGGCCGTCGATCGAGCGTACGCCGGTCACCAGCGCCTCCTCGATCGTCTCTCGCACGAGCGGGTTGATCGGTACGCCGGCCAGCGGCACACGCGTGTCGCGCCGGAGCGGGCCGAGCCCATCGATGGGGTCGCCCATCGCGTTGAGCACGCGGCCGAGCAGTCCCTGCCCCACCTCGATGTAGGGCGACCGACCGATCGCCTCCACCGAACTGCCCGGGTGAATGCCCTCCAGTTCACCGAACGGCATGAGCAGCACACCGCTGGCGTGGAAGCCCACGGCCTCGGCGAGCACCTCACCGTCGCCGGTGAGCGGGCGCACGCGGCAGATGGAGCCGAGCGGGACGTCGATGCCGGTGGCCTCCATCACGAGGCCGACCACCCGGGTGATCCGCCCGTGGTGCCCGAGTCGGGGCACCTCGGACATGCGCTCGAGAGCGGGGGCGAAATCGATCATGCGTCTTCTCCGCTGAGAGCGCGGTAGATGCGCTCGAGGGCCGTGCTCACGCGACCGTCCACGAGGCGCTCGCGGCCCTCCACCAGGCAGCCGCCGGGGCGCACCTCCTCGTCGGAGATCCAGCGAACGGTGCGGCGGCCGGTGACCTCGCCCTCCGACGCCCCCCGGGCACCCATCGGACCGGAGAGCATCGCCAGATCGCGGGGGTGCACGCGGATCCGCACGGGCTCGTCGGGCAGGAACTCCGACACGGCCTGCTGAACGAGGCGCGAGAGGATGGCAGGGTCGGCCTCCACCGCGTGCCCGACCAGGTGAGCCGCGATCGCGGTGGCGAGGGCGGGAAGCTCCTGCTCGGCCGCCTCCTCCATGCGCAGCAGCCGCGCCTCGACCTCGATCACGGCGCGCGCCGCGGCGTCGAGGGCGCTGCGGGTCCGGGTCTCCTCGGACCGCCGACCCTCGGCGATCCCTGCCTGATGGCCCTCGGCCCAGCCGGCTTCGCGCGCCTCGGCGATGGCGGACTCGAGGGCGTCGGCGGGCGACACCACCTCTTCGATCGGGTCGGGTGCGGCCACGGCAGGCTCGGCCACCTCGCCCATCTCCCAGGGGCGCGGCTCGTCGGACTCCGGCCGAGCGGCCTCGAGCCACCCGTCGGTGACGAAGCGGTCAGAGGAGGACATCGTCGTCGTTCCCCGTGCTGATGACCACTTCTCCGGCCGATTCCAGATCGCGCACGACCTTCACGATGGAGGCCTGCGAGGCCTCCACGTCGCGCAGACGCGTGGGCCCCATGAACTCCATCTCCTGCTCCAGCCCGGCCTTGGCGCGCTGCGACATGCACCCCAGGAACTTGGCCTTGAGCTCCTCGCTGGCGCCCTTGAGTGCGCGGGCGAGTTCCCGGACATCGGCCTCCTGCACCACCTTCTGCACCGCCCGGTCGTCGAGCCGGATGATGTCTTCGAAGATGAACATGAGCGACTTGATCTCGTCGACGAGCTCGGGGTCCTTCTGACCCACGCCGTCGAGCAGTTCCTTCTCGAGCGCCGAACTCGACAGGTTGAGCACGGCGGCCACGGCCGCCGGCCCCCCGGCAGCGGCGAGATCGCGGGAGAGGGCGATGTTGGCCTCGCCCCCGAGCGCGCGTTCCACGATCTCGAGCACCTCGGGGTGCACCTTCTCCATGCGGGCCATGCGCAGCATCACCTCGCCGGCCACTTCCGGCTTCAGACTGCGTACCACCTCGGCCACGAGCGATGTCTCGAGGTGGGCCATGATCAGGGCGATCGTCTGCACGTGTTCGTTGCGCAGCACGTTGGCGAGCTGCGACGGATCGGCGTGGCGCAGGGAGTGGAAGCCGGTGCCCTCGCGGAGCTGGCTCTCGATGCGGTGGAGAACGGCCTCGCTCTCCTCCTCGCCGAGGGTGTTGCGCAGGATGTCGCGCGCGGTGTCGACACCGCCGGTAGCGAGGGTGAAGGCCTCTTCCTCGGTCTCGAACCACTCGTGCAGCACGCGCTCCACCACATCGGGCGGAACGTCTTCGAGCTGCGCGATCTCGAGCGAGAGCAGTTCGATCTCGTCGGGAGTGAGTCCCGCCGTGAGCACGGGGGCCCCCTCCGGTCCGAGCGTCATGAGGAGAATCGCGACCTTCTGACGGCCCGAGAGGTTCTCGAACTTGATGGCCCGACGACCATTGGCGACGGTGGCCACGTCAGGCGTCCTTCATCCAGGCGCGAAGCACGCGCGAGGCGTTCTCGGGGCGCTGCGACAGCAGTTGGGCGAGCTGGTCGCGGGGGCTCATCGCCCCCTCGCCGGCGGCGGGCAGCCGGGGGCCGTCGGCCGCTTCCGGCGAGGCCGGCAGCGCCTGCTGCGCAGCGATGTCGTCGGCCGCGCCCTTGAGCGCGCCCAGGGCGCGGAAGGCCACGAAGAGGGTGATCAGCATCGCGAGGGCCGCCACGATCTGCCGCTGGTACTGCAGCAGGATGGCCAGCCAGGCGGGGCCGCCCGTTTCCTCGGTTGCAGTGGGCGTGGCCACCGGCTGTTCGAAGGGCATCGCCTCGACCGAGATCTCGTCGCCCCGCTGGGGGTCGAGGCCCACGGCGTTGGCCACCAGCCGCTGCACCTGCTCGAGCACGGCCGCTCCGCCCTCGCCGAGCGAGGCCTGGTTCAGCGCCACCGACACCGTCAGCCGCTGGATCGAACCGGGGTTCCGTTCGACCGTCTCGGTGCTCTGGTTCGTCTGGAACTCGTTGTTGAAGATCGTGCTCGAAGCGCCCTGCGAGGGATCGCCCGGAATCACCTCCGAGCGCTCCTCGTTGAGCAGCACGCTCACCTCGGGATCGACCGCC
NZ_CP144380.1_gap62	2542492	2544993	2501	AGACTGGTCAGCACTACCGCCCCCTCGGGCAGGCCTCCGTTGCCGGGTGCGCCGGGTGCGTCGCCGAGCAGGTCGAAGGCCTCGGGCCCCAGTTCGGGACCGGGCGAGAGGATGACCGCCCGCTCCACCGCGTGCGCGAGCTCGCGCACGTTGCCCGGCCAGGGGTAGGTGCGGAGTCGCTCGACCGCCTCGGGGGTGAAGGTGGGCGCCTGGCGATCGAGGTCGCCGGCCGACCGGCGGGCGAAGTGGCGCGCGAGGCGCAGGATGTCGTCGGGCCGCTCCCGGAGCGCCGGGACCCGGATGGGCAGCACGTTCAGGCGGTAGTAGAGGTCCTGCCGGAATCGACCCTCCTCCACCTCGGTGGGCAGATCGCGGTTGGTGGTGGCGATCACCCGTACATCCACGCGCACGGGCGCGGTGCCGCCCACCCGCTCGAACTCGTTCTCCTGAAGGGCCCGCAACAGCTTCGCCTGCAGGTCGATCCGCATCTCGGAGATCTCGTCGAGCAGGAGCGTCCCGCGGTTCGCCCGCTCGAAGGCCCCCTTCACCTGCTTCACGGCCCCCGTGAAGGCGCCCTTCTCATGGCCGAAGAGAATGCTCTCGACCAGATGCTCGGGCATCGCCGCGCAGTTGACGGTGATGAAGGATCCGTCGTCGCGCCCGCTGAGGCCGTGGATCGTGCGGGCGATCAACTCCTTGCCGGTGCCGGACTCGCCCTGCAGCAGCACGCTCGCACGGGTGGGCGCGGCAGCGCGCACCACCTGCAGCAGCTTGTCGAAGGCCAGGCTCTCGCCCACCAGCTCGTGGCCGGCCCGGAGCTCGGTCACTTCGCTCTTGAGCGCCTGGTTCTGCCGCCGGAGACGCACGAGCTCGAGCGCCTGGGCCACCACCAGCTCGAGCTGTCCCGCCCGTACGGGCTTGGTGACGTAGTCGATCGCCCCCGCCTTCATGGCGGTGACGGCGTGCCCCACCGAGGCGTGGCCGGTGATCATCACGAGGGGCACGTCGAGCCCCTCCTCGCGGATCAGGTTGAGGAACTCGAGCCCCGAATGCTCCGGCATGCGGTAGTCGGAGAGCACCAGGTCGATGCCCCCGCGGCCCAGCACCGCCATGGCGGCTTCGACGTTGCGGACCCCGACGGGCTCGTGCCCGGCCTGCCGGAGCGTCTCCTTCAGTACCTCGAGGGCTCCCGCCTCGTCGTCCACACAGAGGATCCGCGCCATGTAATTTCGGTTGGGGAATCGGCTCAAGTTCGGGGGTGCGGAGCCGAGACTACCCGGAAAGACTATGGGCCGGACCGTCCGGACTCAACTCGACCCGAGGTGGGCGCAGTGCGGATCACCAACAACCTGACTCTGATGCGGAGCCTCGGAACGGTCCGAAAGGGCCTCTCCGACGTCGCCGCCGCGCAGGAATCGGTCACCAGCGGCCAGCGGATCAACCGTCCCTCGGACGATCCCACCGGCGCCGCGCGAGTGCTCGCCACCGACTCCGACCTGCGCGCTCTCACCCAGTACGGCCGCAACATCGGCACGGCGCGCCAGCGCCTGACGGTGGAGGAAACGGCCCTCGACCAGGTGTCGGGGATCATGGAGCGGGCGCGGGAGCTCGCCTACGGCCAGGCCGGCGCGACGGCGAATGCCCAGACCCGGACGGTCACCGCCGAAGAGATCGACGAGCTCTTCAAGCAGGTCGTGCAGATCGCCAACACGCAGGAAGGCGATACGTACGTCTTCGGCGGCATGTACCCGGATCGGGCACCCCTCGACGCCACCACCGGCGCCGAGGATCCGGCCGCTCCCACCCGCCAGGCCGCCAGCTACGAAGTGGGCGCCGGCAGCGTGATGGAGGGTGCGCACGGCGCGGGCACGCTGTTCATCGACACCGATGTGCTCGACTCGCTCGAGGCTCTGGCCACGGCTCTCCGCGCCGACGACACGGCGGGCATCGAAGCCGCCGGCGACCGCATCGCCGCCTCCCACAGCAACGTGCAGGGAATCGTGGGCGAGGTCGGCGCGCGTCAGATCCGGCTCGACGTCGCCGAGGCGAACGTGGAGTCCCTCGATCTCAACCTCCGCAACCTCCGATCCGATCTCATGGATGTGGAGATGGAGGAGGCGATCACGGTCCTGGTGAATCGCCAGGCGTCCTATCAGGCGGCCCTTCTCTCGACGAGCCGACTTCTCGACACCACCCTCACGAACTACCTGCGATGAGTGCTGCGGTGCGCCTTCCATCCCCGCCGTCCGGCCCCTCCGGCGACGACGACGAACTGATCGGCCAGCCGATCCGTTTCCCGCGCGGGCTGCTGGGTTTTCCCGACGCCCGTCTCTACACCCTCGAGTCGGCCGACGTCCCCGGCTTCTACTGGCTGCGGTCCACGGAGCACGCGCCTCTGGCCTTCGTGCTGGTCGACCCCTTCCAGGTGATCGAGGACTACAGCGTGGACCTGCCGACGCAGGACGCCGACGCCCTCGGCGTGAAGGAGCCCAGCGACGTCG
NZ_CP144380.1_gap63	2546252	2551221	4969	TCGGGCGGCGCTCCACGGCGCCCCGCTCGCTCGCGCAACACGAGGAACCCGGCACCGTGACGGTGGTCGCCCACCACCTCGGCCGGCAGGAAATGGCCGCTCAGGGCCGCCTCGGGACTGTTGCCTTCGGGATCGAGGGCGCCGCTCCACGGGTCGCCCTCCGACGCCGCCGAGGCCAAGGCGCGCAGCGCGGCGGGATGCATCTCGAGCACACTCTGGAGTCGATGCCCCACGAGTTCGTCGTCCTCGTCTCCGCCGATCTCCGCCCAGCCCCAGGCGCCCACGATCCACAGGTCCTCACTGAGCAGAAGCACCGCCTGACCCGGCGTGCGGCGAGCGAGCGCGGCCAGAGCCGGCACCAGGGTGGCCGGGGTGTCGCCGCCGGGCGGAGTCCAGAGCATCAGCACCGCCACCTGTCCGGCGAACGACACGGCGCGCACCTGCCAGCGCTGGTCGGACGAGGAGGCGAGCGACAGCGCCCAGTCGGCCTCGCCCCGCTCGAGCGCCTGGCGCAGGTAGATGCGACACGCCCCGCGATCGTGCGCGGCCAGCAGGTCGACGAGCGCCGAACCCACCACCGCCTCGGGTGTGGAGCGAAGGGTCGTGCAGAAGACGGGGTTGGCGTCGATCACCTGCCCGTCGGCCCGCACCGTCACCATCGGAACCGGCGCGCGGGTGTAGAGGGTGCGGTAGGCGTCGGCCGCTAGCATCGGCCACGATCCGGGCTGCGCATCGGCAACCGTGCGACGTTCATCGCTCCGCCGGAGAGCCGTCGAGCACCTCGCGCACCACGCGACGCAGCTCTTCGGGCCCGAAGGGCTTCTGCAGCAGCCGGCCTCCGCCGACTTCCACGCCGCGGGCGCTGAGCCCGTCCTGGGTGTAGCCCGTCAGAAGGATCGCCCGCAGACCGTCGCGCTCCTGGCGAAGCCGTGCGAGCAGATCCTCTCCGTTCAGCTCCGGCATCATGATGTCGGTCACGAGCAGGTCGACCCGACCCTCTCGTTCACGGAAGGCGGCGATGGCCTCGTGGGGCCCGTGCGTCTCGACCACGTCGTATCCGACGCGGCGCAGCGCGGACGCCAGCATGCGCACCACACCCGGATCGTCGTCGCACAGGAGCAGCGTTTCCGATCCCCCCTGCGCGCGAGCGCGCGCGACCGGCTCGGGGCGGGCCTCCAGGTCGGCGGGGGCCGGAATGTGGATCGTGAAGGTGGTGCCCCGCCCCGGCGCGCTGTCGACCGCGATGCGACCGCCGAGGTCGGACACCACATCGGCCACCACCGCCAGCCCGAGGCCCGTGCCCACGCCCTCGTCCTTGGTCGTGAAGAAGGGCTCGAACACCCGCGCCAGCGTGTCGGCGTCCATGCCCACTCCCGAGTCGGCCACCTCGAGCACCACCCAGGGCCAGAGCCCGCCCTCGCTCGCCGGCTCGGTGCGCGTGGAGATCCGGATCCACCCGGCGCCGGCCACCGCGTCGCGCGCGTTGAGCGCCAGATTGAGGAGCACCATCTCGACGTCGTTCACCACCGCGTTCACCCGCGGGATCGACCGTTCCAGATCGGTGTGAATCTCGAGGTCCGGCCCCACGACCCGCCGCAGCAGCGCCTCCACCTCGGCCACGCAGTCGTTGAGATCGAGGGCCACGGCCCGCGACTCCCGATGGCGGCCCACGGCCAGGAGCTTGCGCGTGAGCGCGGTGCCCCGGTCGGCGGTCGAACGGATCTCCCGAATGACGGCGGCCACTTCGTCGGGGGCCCCGTCGGCCGCGAGTTCGGCGAAGCCCTGAATGGCCGTGAGGATATTGGCCAGATCGTGGGCCACCCCACTGACCATCTGCCCCACCACCTGCATGCGCTGGGACTGCCGCAGCTCGCGCTCGGCGACATCGCCGGCCTCGCTCGCGGGAGCGGGGCCTGAGTCGGAGCGATCGGATCCGGCGGGCGGAGCCTGCATGGGGGTGCGCACACTGCCTCGGAGTAGGGGGACGGCGGGAAGCTACGGGCCGTCCGGGCCGCGGATCAAGCCGGACCGCCCCCCAGCGTGCACCACCGCACCTCCGCATCGGGACGGTCCCAGGCCACGGCCGCCGACAGCGCGGGATCCCACTCCACCGACCGCAGGGTCCACCGATCGACCGACTCCGCGGGGTCGTCGACGGCGCACAGCCCGCCGTTCGCCCGGGCATCGCTCGCCACCCGGAACCCCTCCAACGGGTACGAAAGCCCCATGCCGACGGCCTTGATGAAGGCTTCCTTGCGCGACCACACGCGGAAGAAGGCGCGATGACGTTCGGCGGGATCGGCGTGTCCGGTCACCTCCGCGGCCTCGTCGCGCTGAAAGGTGCTCCGGGCCAGCGACTCCAGGTCGGCCAGGGTACGGTGCGCCTCCACATCCACCCCCAGACGGCCGCCCGACGCCACCCCGAGGAGCCACCAGTCTCCGGAGTGGGAGAGATTGAACACCGGTCCTTCCGCCAGCGCCGGTTTGCCGAACTCTCCCACCTCGAACCGGAGGGAGCGGGGGTCGAGGTCGAGCAGACGACCGAGCGCGAATCGCAGCAGCCCGGTGGCCACCTGCTGTCGCTCCCGCAGGTGCGGGAACTTGAATCGCTCCACCCGGGCTCGCTCGCCGTCGTCCAGCAGGTCGGCGAGTTCGGCCCGGGGCACGGGCGGTGCGGCGAGAGACGCCCGGAAGAGTCGGACGGTACCCGGCATCCTCAGCGGATGCCGGTGTCGTAGTGCACGGTCACCTCCGACCAGCGGCCGTCGTCGACCCGAACCTCGACCGCTCCGGCCCAGGGGAAGGGGGAGCCCGACTCCGGCTCGATCACGTAGTCGCCGGCCAGCAGTCCCACGCGGAATCGACCGTCGGGGCCCGACCGCACTCTCGTGATGTAGCTGCCGCCGTCGTCCCAGATGTCGAGCGTGGCCTCGAAGGGCAGGTCCGGGCAGGGGTCGGAGGCGATCGCCACCGGGCACTGCGGTCCGATCAGCACCGTGCCCTCCACGCCCTGAGGCGCCTCCGGCCCCAGCAGCGAGCCGGCGGAGCAGCCCGCCAGCACGGCGGCGGCGGCGAAGAGGAGCGATGTCGTGCGTCGGGCGGCCATGGCGGAACTCCGGGGCGGGAACGGCTCGTACGGGTCAACGAATGAAGGGGCCGTCTCGTGACGCGCTCCCAATCGCCCGCCGGCCCGATCGGTTCCCCTACGGCCCGCGCCCCGCCGCGGGTTCAACGGGGCGGGCCCCGTCAATAGCCGGTGCCGAAGTCCTTGAGGCGGAACTCGAGCGTCTGCAACAGCGGCAGTTTCGACTTGAGCAGCACCAGAAAACGCTGCACGTCGTCGGTCAGGTAGAGCTCGGCCTCGCCGCCCTCGCTGAACAGCCCGCTCGTCTGGATCGTGGGCCGCACGACGATGGTCTGGAACTCGCCGGCCGGCACCCGCACCGTCTCGCGCCGCAGCACGTCGAGCACCACCGGATTGCCCGACTCCTTGTAGTAGTCGTCGAGCACGTACCGCTTGCCCACCTCGAGGGGGAGCGCGCGGATGTAGTAGATGAACGAGATGTCGTCGAGCGGATACTCGGTGGCGAGCTCGCCCTCTTCGCGCCCGTCCGTGCGACGCCACACGCCCTCGTCGATCAGGAAGTCGAAGGTCTCGTCGGTCTTCGTCTTCGGCTCGTCCTGACGCTTGGCGAACCGATGCGCGCGCATCGTCTCCGGGTCGAACCAGGTCTGCAGCAGGTTGTCGACCTTGAAGCGGCCGAAGACCGCCGACGCCTGCAGCGCGAGCTGTCCGTTGTACACCGGGAGCCCGTCGATCGAATCGGCGTGCAGCGACAACACCGCCTCTCCCACGCCGCCCAGAATGCCGACGCGGGCGTCGTAGACGAGGCGCTCGCCCGGACGGTAGGCGTGGTACATGCCCTCGCGGGGCGGGAGCTCGGCCACGGGACGACCGTCACCGTTCGCGCCGGACTGCAGGGCGGCTCCGGGCTGCGCGGCCCCCGCGATCAGGGCGGAGGCGAGAAGGAGCGTTCGAACCGGGGTTGCCTTGTGCATCGGATTCTGGACGAAAGGATCGGGCGCCGCACCCGGGCGGCGTCGTACCTCTGTCGAACACCGAGACGCCCGGGCTCGTTCCTCGCCCTCGCTCCGTTATGCCTCGGGCAGGTCGGCCCCGTCGAAGTCGAAGAACACCGGCGGGGTGGTGGGATCCTGGTCCAGCGTTTCCTGAATGAACCAGACCGCGCTGAGTTCCGTCTTGTAGACCGCGCCGAGGCTGCGCGCGAAGGAGTCGAGGGTGAGTCCGTCGATGAACCGCCGCACGCTCACCTGGAAGGCCTCGGGGCACCCGAGACCGCCGGGTCCCTTCAGCTCGAAGTCCACCTCGGGGGTGTTGAGCGTGTGCCGCAACCCGAAGAGAAACACGCGCTTCTCCTCGTCGGGCAGCCCCGAGTAGCGCTGCTCGTGCCGGGGAGACATGCGGGTGATCGAGGCGATCGCGATCGACGGCACCGGCCCCGGCACTCCGGCCACGTGCATCACGTGGTCGTCGCGGCGCGACGGGTATTTCACCTCGTAGCGCCACGCCACGCGCGGGTCGTCGACGGGGCGGAACTCACACTGGAGCGCCTCGAGCCACGAGGCGACGGTCTGCTGGAGGTCCTGCGACATGAAGCGCTCCCGGATTCCGGGGAGGGGGCGAAGAAGGGGGACTCCGGTTCGAAGATGGTCGGACCGGGGGGGCGACGCGAGGTGCGAAACGCGCCACTCCGTAGTCATCCAACGACAGGTACGTACGGTCCTTGCCACTTGCCGACGTCATCCCGACCGAACGCACCGAGGGCCCACCCAGCGGAACGCTGAATGGGCCCTCGAGTGCGGCAGTGGACCTGGGAGGACTTGAACCTCCGACCTCACGCTTATCAGGCGTGCGCTCTAACCACCTGAGCTACAGGTCCCCGGAGCC
NZ_CP144380.1_gap64	2552358	2556561	4203	CCTCCACCAGGGCATCACGACGGCGGTGCTGGGCACCGATGGTCTCGGGCGCCACGACGTGGCGCGGCAGCTCGAAGGCTGGGCGGCCGCCGGCATCGGGGTGAACGCCCTCGCGTTCGCGGGTCATGCGCGGATCCGCGGCGCGGTGCTCGGCGACGAGGATCGCGCTCCGACCCCCGCCGAGGTCGACTCCATGAGGACCCTGATGAGAAGGGCGATGGAAGAGGGGGCGCTGGGTCTGTCGACCGATCTGTTTCGCCCCCCCGGCTCCCGAGCCGCCCTCGACGAAGTGGTGGAGTTGGCGTTGGCCGCGGGGGAATGGCCGGGCGCCATCTACGACGCGCGCCACGGGGCCGCGGACGACGCCCTGGAGGGTGTCGAGTTCGAAGCCACCGTCGAACAGGCGATCCGCATCGGGGAGGAGAGCGGCCTCCGCGTGATCTTCTCGCACTTCGAGCCGTGGGGCCGCGCGGAGACGGGGATCCGGACGATCGAAGCCGCACGACTTCGCGGCGTCGAGGTGGCGGCGGCATGGGCGGGATACGGACCCCGTCCGGGAGAGGGACTCCCGCCGGACGACGACGAGCTGGTCGCTCTTCCCTGGATCATGACGGCCACCGACGGGGACGGCCACGGGGCCTTCCCCCGGAAGATGCGCCTCTTCGCGCTCGACGGCGCCGAGGTGTCGGTGCCCTTCGCGGTGCGCAGCATGTCGGGGCTGGCGGCCGATTTCCTGCGACTGCCCGACCGCGGCTACATCCGCCCGGGCATGTGGGCCGACATCGCGGTGCTCGACCTCGATCGCTACCGCTCCACCGCCACGAACGACGACCCGCGGGAGTACGCCACGGGGGTGAATCACCTGCTGGTCAACGGGGCCTTCGCCATTCGCGACGGCGACTACCTCGATGGCACCCTCGGCATGCCGTTGCGCCGGGACGGCAGCCCGGTGTCGCGCGACTGAGCTGCGCGGCCCCCGCGCTCACACCCGACGGAGTCGGCCTGCCCCCTGGGTGAGGTCGGCCAGGGCGCGCTCGAAGGCCGCGAATCGGATCTCGGGCAGGTCGACCACGTAGCGCACCTCGCCCCCGTAGCGCTCCTCCACCTGCACCCCGTCCATGGCGTCGAGCAGACGCTGAAGCGCATCGACGTGGGCGTATCCGACCACGATCTCCACCCGGGCGCGCTCGATCTTCGACTCCACCTCGAGTTCGGCCAGCGCCGCCTTCACCCCGCCCGAGTACGCCCTGGAGAGCCCTCCGGTGCCCAGCTTGGTGCCCCCGTACCAACGCACCGACACCGCGGCGATCTCCCCCACCCCGGAGTGCAGCAGAGTGGTCAGCATCGGTCGCCCCGCGGTGCCGTGGGGCTCGCCGTCGTCACTCATGCCCACCGCGGCGGTGGAGCCCGGAGGCCCCGCCACGAAGGCCCAGCAGTGGTGGGTGGCGTCGGGGTGCTCGTCGCGCAGCGACTGCACGAAGTGGTGGGCGGCCTCGGCATCGGGCGCATGGGCCAGAACGGTGAGGAAGCGACTGCGCTGGATCACCTCGGTCACCCGCACCGGCCGCGCCGGGATCGGATAGCCCCCCGCCGACGAACCCACCCGCTCAGCGACCGCCCGAGGGCCCGGCCATGCGATCGAGGAACTGGCGCTCGGTGGGCGTCAGCCCCCGGGGCCCGAGCAGCTTCGCCTTCTCGAGCAGGTGGCTCACCTCCTCGCGGTTCAGCTCGTGCAGCCCGTCCAACCGGATCGTCCCCCAGCGGGCGAGCTGCGCCCGGTCGGAGAGGCCGGCGGAGGGTTCGGCCGCCTGCTCCATGCGACGCTTGAAGTCGCGCTGCGCGCTGCCGCGACGGAAGTCGCGCCACTTGAGATAGGCGAAGGCGAACGCGAGTCCCCCGAGATGCGCGAAGTGCGCGGTGTTCCCACCCGAGCCCCCGAAGCCCATGTAGACGCTCGCACCCACCATGATCGAGACGAGGATCCACGCCTCCACCGGCAGCACACCCCAGATGTAGATGCGCTCGCGGGGCCAGATCATGGCGAAACCGAGCAGAATCCCGTAGATCGCACCCGAGGCGCCGACCACGGCGGCCCCCGGCTCGAAGAGAAACGAGAAGGCGGCGCCGCCGAATCCGGCCAGAAAGTACAGCTTCAGGAAGTCGGGGCCGCCCAGTCGCTGCTCGAGACGCGGCCCGAAGAAGAACAGCCCGATCATGTTGAACAGCAGGTGCGACCAACCGCCGTGCAGGAACATGTACGAGATGCCGGTCCACGGACGCTGCCACAGCAGCTCGGGAATGAGCACGAAGTCGCGGTACAGGTACGGCAGGAAATACGCGCTCAGTACGAAGATCGCGACATTGGCGATCAGGAGTCGCCGCACCCAGGGGGTCAACATCGACATCATGGTCCGATCCACCGCCACCGCGTCGTCGGGAAGGTCGCGCCGAGAGGCGCCGGCCCTCTCGGGGCCTGCGCGGAAGATCGATCCGGTGGCGGAGGTCGAGCAACCCTGAAGCCACGCCTGCCCCTAACGCACCATCCTCGTCGGGCCGATACTCCGGGCCGCAGCCTGTCCACTTCGTGAAGCCCACCATGTCCCGACCTCGCTCGCCCCGGTCGCTCGCACCGGAGCTGCTCCCACAGCTGGTCGAACAGACGCCTGCGCTGGTTCTCGTGACCGACCGGCGCGGGCGAATCGTGTTCGTGAACCGCGGGTTCACGCACATGACCGGCTATACCGAGAGCGAGGCCCTCGGGCGCACCCCGAGCATGCTCAAGTCGGGACTCCGCGACGACGCGGTCTACGCCGATCTGTGGCGCACCGTACTGGACGGCCGCAGCTGGAATCGCCTGCTGCCCAATCGTCGCAAGGACGGCAGCGTCTACTGGCAGGAAACCAGCGTCTTCCCGCTCGAGGGCACCGAGGGCGACGGCCTTCACCTGGCCGCCGTGGGTCGCGACGTGTCGGACCGCGTCGCGATGACCGAAGAACTGGCGGCCGCCCGCGATGCCGCCGAGGCCGCGGCTCGGGTGAAGTCGATGTTCCTGATGAACATGAGTCACGAACTGCGCACGCCGCTCAACGCGGTGCTCGGCATGGCCGAACTGCTCGTCGACAGCGAGCTCGACCTCCGGCAGCGCACCCAGCTCGGGGTGCTGCGCAACGCGGCAGAGTCGCTGCTCGGCCTGGTCACCGACATCATGGATCTCGCCGACCTCGACGCCGGTGGCATCGTGCTCGACGACGGGCCGGTGGAACTGCGGACACTCCTGGAGTCGGCGGGCGCGGTGATCGCGCCCCTGGCGCACGACCGTCGCCTCGAGGTGCTGGTGTCGCTCCACCCCCGCGTGGACCGGGTGTGGCGCGGCGACGCCGGTCGGATCCAGCAGGCCTTGATGAACCTGCTCAGCAACGCGGTGAAGTTCACCGACGAAGGCGAGGTGGAGGTGCGGGCCGAGCCCCGCCCGGAGGGTGGCGGGGTGCGGATCTCCGTCCGCGACACCGGCATCGGCATCGCTCCCGACCACCTCGAACGCGCCTTCGAGCGCTTCTCGCAGGTGGACGGGTCCACGACCCGTCGACACGAGGGCAGCGGCCTCGGGCTCACCCTGGCCCGCGAGCTGTGCATCCTCATGGGCGGACGGCTGGAGGTGACGAGCCGCGTGGCCCACGGCAGCACCTTCACGATGGACCTGCCCCTCGCGGAGCAGCGCGGCGCGTGGTCGGTGGTCGACCCCGTACTCCGCGGACTCCGGATCCTGGTGGTGGACGATCACGCCGGGCACCGCGCGATCCTGTCGGAGCTTCTGCGGGAGGCGGGCGCCGAGACCGCCGAGCTGGACCGGCTCGACGAGCTGGCGGCGAGAGCCGGCTCGGGTTCGCTGGCCTCCTGGGACGCGCTGGTGGTCGACGACACCTGGCGCGAGGGCGACCTGCACGGCACGCTGCTGGCCGTCGGTCGCGGAGCGCCCGACCTCGGCGTCGTTCTGCTGACCCGCGTCCAGGACGAGGAGCGCATGCTCACCGGCATTCACGCCCGGGTCACCCAACCGGCCTCGCGGGAGCGTCTCGTGGCCGCGGTGCGGGGAGCCCACGGTGCGGCCGGCTGTCGACCGCGCCCCCGGCTCGGCGAGAAGCGTCCCGGGCACGATCCCCACCACGTGCTGATCGTGGACGACAACGCGGTCACCCGGCTGCT
NZ_CP144380.1_gap65	2562808	2564663	1855	TCGACGCCTATCAGATCCAGGCGGTCTGGCAGAGCCCGCCCGGCGCCTGGCCGGCGGGCGGTCCCTTCGTACTGCGCGCCGTGGCCTGCCCCGCCCAGGATCGCATGTACCTGCTCGACGGCTGGCTCTACGCGCCCGGCAAGGAGAAGTACGAGTTCATGATCCAGCTGGAACGGATCCTCGACTCCTTTCAGTGCGCCACCTGACGCCGGACGCTCACAGACCGCCGTCGAAGGTGTCGCAGCTCTGCGGATCGCCGGTCTGGAGCCCGCGGCGCAGCCACTCCTGACGCTGGGCCGAACTCCCGTGCGTGAAGGCTTCGGGCACCACCTCGCGTCCGGCCCGGCGCAGTAGACGGTCGTCGCCGATGGCCGCGGCCGCCGCGAGGCCCTCGTCCACATCACCCGGCTCGAGCATGCGGCTGCGCTGGTTGGCGTGTGCCGCCCACACCCCCGCGTAGCAGTCGGCCTGGAGTTCGAGACGCACGGAGAGCGCATTCGCGTCGGCCTGTGAGCTGCGCTGCTGGAGGGTGCGCACCCGGTCGGAGGTGCCGAGCAGGTTCTGCACGTGGTGCCCCACCTCGTGGCCGATGACGTAGGCGGCGGCGAAGTCGCCGGCCCCGCCCATGCCCGCCAGATCGTCGAAGAAGGTGAGGTCGAGATAGACCTCCTGATTGGGCGGGCAGTAGAAGGGCCCCATGGCCGCCGACCCCATGCCGCAGGCGCCGGCCGACGTGCGTCCGGAGAAGAGGATCAGCCGCGGCTCGCGGTAGCTCTGGCCGGAGCCGGCGAAGATCTCGCCCCAGACGTCCTCCGTGGAGGCGAGCACCGCCGAGGTGAAGTCGGCCGCTTCGGCCTGCTCCGCCGGCGGAGGGCCCGCGGGGGCGCCCGTAGCGCCGGACCCCGACCCCATCATCTGGAGCAGCGCCCGGGGGTCGCCGCCGAGCAGCAGCACCACCAACGCCACCACCACCAGGCCGAGGCCTCCGCCGGCCGCGGCCTTCCGGCCCCGGCGGTCCTCGATGTTCGAGCTCCGACGACCCGACTTCCAGCGCATGGATCCCTCCGTTCAGGGGAACGACACGGGTGTCGACCCGCGCCGCATGTTTCATACCACGGAGGCAACCATCCAGACAATGGTGGCGCGCCGCGACCCGCCACGAGTTCTTACCGCACGCCGAAGGTGGCGTGAACGGTGACCGTGATCTCCTTGTCGCGCGTCTGGGTGTCGTACACCCCGTAGCCCTGCACCTCGGTGGAGTAGGGCTCGCGGATCTGAAACACCCCGGCGCGCGCCTCGATCATCTCGCCCAGCGACGCGCCCGCGATCTCCCCGGCACGGGCGCGGGCGTCGTCGGAAGCCTGCTGCAGCAGGGAGCGCTTCAGCTCGGCCATCTGCTCGTAGAAATACTCGAGGGTGCTGCCCTCCAGCCCCAGCCCCTCGCCGATCAGGTCGCCCGGATCCAGCGCGATCGACTCCACCGCGTCGAGATCGGGGCTGACCACGAGCACGGTCTGCCGCAGACTGACGCCCGACACCCGTCCGTCTCGATCCCACACGGGGTTGGTCGTCACCGGCTGCAGGGCGATCGCGTCGGCCGCCACTCCCGCCGAGGTCAGTCGATCGACGATGCGGGCCCGGTCGGCGCGCAGCTGCTCGAAGCCCGCCGCCTCCCCGCCCAGCGAGACCGATCGCACGAGCTGCACCCTCCACTTCACGACATCGGAGGTGAAGGGCACGGTGGCGGCGCCCACCACCCGCACGGTGCCCTCCATGCGGCGACCCTCGACGAATGAGCGGCCGAGTACCGCGGCCGAGATCACGAGGGCGAGGGAGAGGATCAGCGCGGCGGACG
NZ_CP144380.1_gap66	2715354	2715869	515	CAGGTCCGCGCCGCGGGCGTAGCCGATACCCAGTACGCGGTCGATCTCCGGAGTGAGACGGCGGTCGGGAAGGATCCACGCGACAGCCGCCAGGAGTACATCCGCGCCACGCACCTCCTCTCGAGCGAGCGCCGACCGCAGTTCGGCTTCGAGGAGGATGGACGAAAGAACCAGGTCGAAGGAGGAGAGTCGCTCCGCGAGTTCGCCGCCTCCGGGCTCACCGAAGGCAATCGCTACGAGACACGACGTATCGACGTAGCAGGCCTTCATCCGTGACGGTCGTCCAGGAATCGACGGAGGGCGCCGGGGCGGGAAGCCAGGGGCGCGAAGGCTCGCGGGTCGGAGCCCTCGGCGAGCAGCGATCCGCGACTGCGGAGCCACTCGAGTCGAGCCGCGGTCCCCCCACGGGGGTGGATCGGGCGGATCTCGGCCACCGGCTCACCATGGTAGGTGACGACGACCGAGCGACCCTCGCGTACGATCCTCATGACCTCGGAGAAGCGCGACTTGGCCTC
NZ_CP144380.1_gap67	2721445	2724007	2562	CGAGCAAGCAACAAGGTGTGATACCGCGTCTCCAGCTCGGTCGAGGGAAGATCCTTCGTTCCACCGATGTACTGAATTAGAAAGCGGCCGTCCTCCAACCACTCGATCTCCAAAGCCTGTGAGTGGTGTCTCATCCAGCCAACAGGCCCCTCGAAGTCTTCGGGTGCGACCTCCGCAACAACAAACGCGGAGTTGAAGGGGATCTTATCATAGAGTTGCCCCGCGGTGCCGTAGAGATAGATTGTGTCGGAGAACGCGAACATCGTCGCGATGGTGTCGCCTCGTACGTCTGATGTGGTCCAACCTGCCTGGGTCGCGCCACGCTCAAGGTGGCCAGGGACACTGGGAGTGAAGAACGAGACTTCGACCTGCCCCGTCGCGGGATTCAAGATCCCCAGCACGCCAGCGGTAGGGTCGGCACGATTCCAACGGCCGGACACGAGAACATTGCCGTCCGGAAGTGGATCAAGTTCCTCGATCAGGCCTCCAGGGTAGACAGGCAATGCTTTGGCGAGCTCGACGGGATCCTCAGTCAATACCAAGAGCTTCCCTGTCAATTCCGCGGTCACGATATGCCCAGTTGACGCTCGGACTGCCGATCGGACAGGGCCAAACTCTTCCGGTCCTTGTCCTGACCGGCCGAACTGCCACACCAAGGTTCCATCAGGCCGGTACCTCCGTATTCGCGACTCCCGAAAATCTGCCACCAAGAAACCGCCGCGAGGATCGTGGGCGAGCCAAGGCTGCACATTGATAACGTCGGGACTTTCCTCCAGTACGACATACCGCGCGACTGAGAACAGCTGATCGAACGCGAAGCGTGGCGCTGGCCGCGTTACGACGGCTCTGCGCTCAGTCAGCTCGGAGTTCTCCGGAGCGGGGGCACCGCATGATATGAGACCGACCGGGAGAAGAAGCGAGACCATCCCGCGGCATGCACCGCCTAGGTACCGCCGTGAACGCGTAACTGAGGGTTCCGAGCCACGACGGGCCATGCCAGGAGCACCGGTGCCGTAGCGCGCAGACGCCACGGTCGGGTGAGTTAGTCGATCCCAGCTACCATTGCTCGTTCTGTCGCCCATTGCGCCTCTACAAGGTCCGTTTCCCGCCCGTGACTGTCATTGGCTCCCCACCTGTGCGATACCAACCCTCCGCTGTGCTTTCGGGTTGGCACCCTCCGTTTTCGGGGGGCCAAGCGCACCATAGATAGCTCCTCCGAGCGACCAGGCGCCCTACATCCAAGTGCACATCCAGCTACTCCACCACGAGCCGCGAACCACGCTGGGAGCCGCCCGCGCGTTCGCTACCCGCGCATTCCGAACACCGGTCTCGCCACACAGCATTGGCTACCCATCACCCCTCCCCCATCTCCAAGGCCAAGTGTCCATTGATCCCCCGTCGGGCGCTCCGATGCTGGCGGTCCGCCAGAATCGTGCTGAAGTCCGAATGGTCCAACCGGTCGTAGATCTCCCGAGCCTGCGATAGGAACTCGTCTGCTGTCATCGCCGAGCCGGCCCGCTGATCGTGGCTTCGGAGCCTCGTCGCTCCGAGCCGAGTCTCCCGAGCCGCACCCACGAAGTGGAGCACCCTAACGTAGTCCCTGAGGAGATTCGCGGGTTTCGTCGAGGTACGTGTCGGGCATCGCGGCAAGTTCGATGAAGGTCGGCAGCCTCAGCATGGGGCCTCCGTATCGCTCTCGGCGCTCGGGGAATCGGATCGCTTCACCCTTATAGACCCTCGAAGCGGCTCGCCCCCCCCCCGTCCTCGAATGAGGACACCACTTGATCTCGCCTTCAGGCCCGATTCGGAGCCGTTCCCTCAGGCGCTCCTTTCCTCGGGCCACCTGCTTGTCTACCGCACCGCGGCTGATCTCAAGAAAGCTCGCGATCTCAGCGTGCGACAAGTCGCTCATGAGCTTCAGCGTCATGACGACACCACATCGTTCCGGAAGGCTTTCGAGGTGGGCACGAAGCAGCCTGCTCTGCTCCATGATCACCGCGTGGTGGAACGGACCGTCGGCGGTCGACCGCAGGGTGTACCGCACTTCGGCTAACGGCACGCTCCGGCGCCTGAAATCGAGGGCTCGCAGTGCTTCCCGGTATACCGCGGATCGGAAGTACGCCTCGGGTGCCTCGATTCTCTGCCAGTCGCCGGAAGTCAGGAGCTTGAGCAGGACGGTTTGGACGACATCCTCCGCCAGATCCGAATCACCCACGAGCTTCCGAGCCGCCGCCAGCAGGTCGGATCTCCAACGTCGCACGAACTCGTCGAACGAACTCGGAGGGTGTGGTGGGGTCGCCATCGGATACCGGGAGAGGGGGAAAGGCAGCCCGATTTGACGCGGACCAGCCTGTACGACGCCCGTAGAGCACAGTGGGCCGTCGCTCCTCGGCCGGTCAAGGATCCCGTTCAGCGTGAAACAGCATCTCGGTGGTCCCTGCCCTTGAAGGCCGACGCGGCGGCGGCGTGGCCCGCTACGCCCTCGCCGACACCTCGGGCAGCACCTCGCGCAGGTACCGCCCCGTCACGCTTTCCGGCACCCGCGCCACCTCTTCGGGGCGG
NZ_CP144380.1_gap68	2726239	2730792	4553	TCCGCCCCCAGATCCACGGGATCGTCGCCCGCGAGCAGTCGCAGAAAGCCCATCGCCACCAGATTCTCGACGATCCGCGCGTGGTCGAGCTCCTCGCTCGGCCGCAGCGGAAAACAGACCTGGAAGCGGGTGCCGGCCGGCAGCGCCAGCAGGGCGTCGACCGCGCCGCTCACGGTGTCGGGCCGGATGATGCGGTCGCACTCGGGGCAGTGCGTGACCCCCACCCGCGCCCAGAGCAGCCGCAGGTAGTCGTACACCTCGGTGGCCGTGCCCACGGTGGAGCGGCTCGACCGCGTGGGGTTCTTCTGCTCGATGGCCACCGCGGGGCAGATGCCCTCGATGGCGTCGACCAGCGGCTTCTCCATGCGCTCGAGAAACTGCTTCGCGTAGGTGGAGAGTGACTCCACGTAGCGCCGCTGCCCCTCGGCGAAGAGGGTGTCGAGCGCCAGCGATGATTTGCCTGAACCCGAGGGGCCGGTCACGACGGTGAAGGCGCGACGCGGAAGATCCAGGTCCAGGTTCTTCAGATTGTGCTGGCGAGCACCGCGGATCCGGATCGTATCGTCCATGACACGGAGCCAACCCCCGGCGCCCACCGGAGTTCCGGTCGTGACCGCTCCTTGACCCCCGGCGGCGCGGGGCGAAGAATGGCCCACCGCTCCTTCCGAGTTCCGAGGCCGTCATGCACGCTGCGCTCCGCCCTCTCCGCCCGCTCCGCACCGGGTTCATCGCCGCCGTCGCGCTCGTCGCGCCACTCGTGTTCGGAACGGGGCAGGCGCAGGGCCAGGCGCTGCCCCTCGCCGAGATCCATGCGGCCGACGACTGGTCGCAGGCGATCGCCGAGGCGCGCGCGGCGGTTCGGCGGGTGATGATCGAGAACAACGTACCGGGCGCCTCGATCGCCGTCGGGGTGGGCGACGCCCTCGTCTGGTCGGAGGGATTCGGCTGGGCCGACATCGAACAGGGGACTCCGGTCACGCCCCTCTCCCGCTTCCGGATCGGGAGCGTGTCGAAGACGGTGACGTCCACCGCGATCGGACTGCTCATGGAGCGGGGGCAGCTCGATCTCGACGCCGAGGTCCAGGAGTACGTGCCCGACTTTCCCCGCAAGCGCTGGCCCATCACGGTGCGGCAGGTGGCCGGCCACATCGCGGGAATCCGCCACTACCGCGGTCGTGAGAACTTCTCGATGGTGCGGTACCCCGACGTCACCTCCGGACTCGAGATCTTCGCCGCCGACAGCCTGCTCTTCGAGCCGGGCACGCAGTACTCGTACTCGAGCTACGGGTGGAATCTGATCAGTGCCGTGATCGAGGGGGCCTCGGGCACCGACTTCCTCGACTTCATGCGCGACGAGGTGTTCGAGCCGCTCGGGATGCGCAGCACGGTGCCCGAGCACACCGACTCCATCATTCCGCATCGAGTGGGCTACTACGAGAACGGCATCGGCGGCGCGGTGGTGAACGCCCCCTACGTGGACAACAGCTACAAGTGGGCGGGCGGCGGCTTCGTCGGCACGCCCGAAGATCTGATCCGCTTCGGACGGGCGCACATGGGGCCCGGCATTCTGCAGCAGGCCACCCTCGACGAGCTGATGGCTCCGATGACGCTGGCCGACGGGGAGAGCACCGGCTACGGCATCGGGTGGCGCAGCTACCCGCAGGACGACGGCGACATGGCCGTGGGCCACTCGGGAGGCTCGGTGGGCGGCACCACCCTGTTCCTGATCGTGCCCGAGCACGACATGGTCGTGGCCGGGGTGATCAACGTATCGGGGCCGGCCGGCGAGATCGTGCAGAGCGTGGCCCGGATCTTCGAGCAGGCGGTGCGGGGGCGCTGAGCCGCTACTCCACGCGCAGGGCGTCGGCCGGGGCCACCCCCGCCGCGCGCCGTGCAGGCAGCACGCAGGCGAGCACGATCACGGCCAGGAGCAGCCCGAGGGCCGCGAGCCAGGAGAGGGGGTCCGACGGCCCGACGCCCACCATGAAGGAGCGGAGGAGCCCGGCGAGCAGGAGGGCGAGCACCCCTCCGATCAGCAGCCCGGGGAGCGCGAGCAGCACCCCTTCCCTCAGCACCCCCCTCACGACCGTGGTGCGCGAGGAGCCGAGCGCCATGCGCACCCCGATCTCGCGAGTGCGGCGCCGTACCGTGAAGCTCACCACCCCGTAGACGCCGAGGGCCGCGAGAAGGAGAGCCAGGGCACCCAGGGCGCCGGCGATCGCGACCACGATCCGCTGGGGGAGCAGGCCGAGATCGGTAAGGTCGGCCAGCACCCGGACCGGGCCGAGGGCGAGCGCCGGGTCGACGGCGAGGATCTCGTCACCCAGCAACCGGCCCGCAGCGCCCTCATCTCCGGCGATGCGCGCGAGCACGTGCAGGGTGGGTGCCGGATCCTGCTGCAGCGGGGTGAAGATCTGTGGCGCGGCCTCGTCGGTGACCAGGTCGGCGCTGGTGTCGCCCACCACCCCCACCACCTCGCGACCCACCGAATCGAGCGCGAAGTACACCACCCGCCCCAACGCGTCGCCGTCGGGGAAGGCGGTGCGGGCGAGCGTTTCGTTGAGGATCGCGACGAGGGGGGCGTCGGCTGCGTCACTCGCCTCGAAGGTGCGGCCGGCCCGCAGCGGGATCGACAGCGCTTCGAAGTAGCCGTCGGTGACGTGCGCGAAGTGGCTCTGGATCCAGCGTTCCGCGCCGGCACTCCCCACCCGAACCGGAGCACTGCTCGATCCGCCGTCGAGGGGCACGTCGGTGGCCACGGCCACCCGTTCGACGCCGGGGCGCCCACGCAGATGCGCGACGACCTCGGCCGTGAAGGTACGGATCTCGTCGGGGTCGTCCCGGCCCTCCAGAGCGAGATCGAGCCGGGTGGTGTGCACCCCCGCAGGCGTGAAGCCGGGCTCGATGGAGGCGCCCTCGTGGAGCGAGCGCACGAAGAGGGCGGCCGACACCAGCAGGAGCGCGGCCACCGTCACCTGTCCGGTGATGAAGGCGGAGCGGAGCCGGCCGGTGCGCACGCCTCCCCCACTCGAGCGGCGCATCATGGTGGCGAGGTCGCCGCGCACCACCTGGAGGGCGGGCAGCAGCCCGCAGGCGAGGCCGAAGAGGGTGGTGACCGCGAGCGCAAAGGCGAAGGAGCGCCCGTCGACCTCCACCCCGAGATCGATCGGGAAGGGAGTGGGCACCCACCGGCCGGGGTCGAACCAGGGCACGAGCCTGCGGGCCACGGCGAGCCCGGCGACGCCCCCCACGAGAAAGATCAGGAGTGCCTCGGCCACGAGATGCCGAACGAGGCGTCCGCGGCCCGATCCGAGCGCGAGGCGGAGCGCCATCTCGCCGGTGCGGGACGCCGCGCGGGCGAGGAGCATGCCGGCCACATTGGCGCTCGTGGCTCCCAGCACGAGCAGGAGCAGGCCGACGAGCAGGGTACCGGCGGCGGTGACCGGTGCGCGGGCTTCGAGGGGAAGGGGTCGCGCCGGTACCGCGCGGATCCGCGGAGGCGGCTCCGCCCCGAGGGTCGCCCCCCCGGGGTCGCCGACTTCCCACGCGGCCGCGGCCAGCGCCCCCTCGAGCCGCTCGGCCGTCGCCCCCTCGGCGAGCCGGGCGAGCACCTCTCCCCACCCGACCGTGGCACTTCGGAAGACCCGCTCGGGGTCGGCGAGGGCGGCCGGATGGCGCGTGAGCGGCAGGTAGAGCGAGGGGCGAGAGCCGAAGCGGTGGCCGTGGAAGTCGGCCGGCGCCACGCCCACCACCGTGTACGCTTCGCGGTTCACGCGGATCACGCGCCCGACCACCTCCGGATCCCCCTGGAAGCGCTCCTGCCAGCTGCCGTGACTCAGCACCACCTCGCGCACGCCGCCGTCCGGGCGATCGGCCTCCGCGCCGGGGAATCGCCCCCTGGCCGGCCGCACCCCGAGGGTGGCGAAGTACTCGGAGGTGACGAAGAGCGCCATCACTCGGTCGGCCCCCGCCCCGGCGCCGCCCGCGCCCTCCGAGAGGCTCACCGCCCCGGGCTGCACCAGAGCGGCGGAGGCGAGGGGCGCCGAGCCGTCGCGAAGCCGCACGAAGTCGGGCCAGGTCCACTGCGCCGGCTCCCCGCCGCGCTCGATGCGCTGCACCTCGACGATGCGGTCGCGATCGGCGGCGCCGGAGATGTCGCGCAGGAGAAGCGCGTCGATCAGCGCGAAGGCGGCGGTGCTCGCGCCCACCCCCACCGCCAGCGAGGCCGCGGCCACCAGGGTGAAGGCCGGTCGGCGAGCCGCGGCCCGAACCGCCCCGCGAACGTCGTGCGACCAGCCCGATCCGGCCCACCCGGTCAGGCCACCCCCGGAGGGGCCGCCGGTGATGCGATCCAACACCCCGTGCATCCCGAAGGCGGCGAGCACGAGCCCCATGCGCCACCCGGCGAGCAGCCCCGCCCTCTCCCGCGCGGCACCGAGGTCGCCCTCCACCACCTCGAGCGCCTCCGCGCCGTATCGCGCCCGGAAGTCGGCCGAGTAGAGCCGGAGCAGCGCGCGGGCCACCGACCGCGCGAACCCGCCCCTCACGACGAC
NZ_CP144380.1_gap69	2736266	2739119	2853	ACCCCGCCGACATCCCGGCGGGCTCGAGAATCGCCACCTCCTTTCCCGGCATCACCCGGTCGTTCTTTCGCGAGCTGGGCATCGACATCGAGATCGCGCCGGTGTCGGGGGCCACGGAGATCGCCCCCCACCTCGGGGTGGCCGACGTGATCGTCGACCTCGTCTCCACCGGATCGACACTGCGGGTGAACCGACTGCGCGAAGTGACCACGATTCTCGAGTCGACCGCGCGGGTGATCGCCAACCGCGACGTGGTGGCCGACCCGGAGCGCAACGGATCGCTGGAAGAGGTGGTGACCGCGCTGGAATCGGTGCTGCGGGCGCGGGCGAAGCGCTACCTGATGGCCAACGTGCCGCGCACGCGCCTCGACGAGGTGCGCGAGGTGCTGCCGGGCATCAACGGGCCCACCATCGTCGAGGTGGCCGACTCGGGTGCCTGGGTCGCGGCGCACGGGGTGGTCGACGCCGACCGCGTGTACCAGACCATCGCCCGCCTCAAGGCGCTCGGTGCCGAGGGCATTCTGGTCACGAAGATCGAGCGGCTGATGCCATGAGCGCGGAGTCCCGCCCCGCGATCGACGGGCGCATCGCCGAACTCGACGACGGCCAGCGCCGGCTGCTGTTCGACCGCCGAGTGGGCGACGCGGGCGAGGTGGCCGACGCCACCCGCGCCCTGCTCGCCCGCGTGCGGTCCGAGGGAGACGACGCGCTGTTCGACTTCGCGCGCCGGTTCGACGGGGTGGAGCTCGACGCCCTCGAGGTGCCTCGTGAGAAGTGGGGCGAGGCGCTCGAGTCGCTCGACTCCGAGGTGATCGACGCCCTCACGCGCGCCGCGCGCAACATCGAAACGTTCCATCGCGCCCAGCTCCCCTCCGACGTGGAAGTGGAGGTCGAGCCCGGCGTCACCCTCGGGCGGGTGTTCGTTCCCCTCGAGGCGGTGGGCGTGTACGCGCCGGGCGGCCGCGCGGCCTACCCGTCGTCGGTGCTCATGGGCGTCGTGCCCGCCCGCGCGGCCGGGGTGAAGGAGATCGTGGTGTGCTCGCCCCCCGGGCCCGACGGCATGCCCTCGCCGGTGGTGCTCGCCGCGGCGGCCATCGGCGGGGCCACGCGCCTCTTCGCGGTGGGCGGGGCCGGCGCGATCGGAGCGCTCGCTTTCGGCACCCGCTCGATTCCCCGCTGCGCTGCGGTGGTGGGTCCCGGCAACCGCTGGGTGCTCGAAGCCAAGCAGCAGGTGGCGGGCGAGGTGATCATCGACTCTCCGGCCGGCCCCTCCGAGGTGCTGGTGGTGGCCGAGGAGGGCTGTGCGCAGCCCGCCTGGCTGGCGGCGGAGCTGATCGCCCAGGCCGAGCACGACCCCGATGCCGCGGTGGCCTTCGTCACCACCTCGCCCTCGCTCCTCGAGGCGGTGCGTCGGGAGCTGCGCATCGGCGTGGCGGCCACGCCCCGGCGCGAGGTGGTGGCCGAGGCACTCTCGACCCGCGGCGCACTCCTGCTCGCCGCCGACCACGACGAGATGATGACCTTCGCCGAGGCCTACGCGGGCGAGCACGTGGTGCTGTGCACCCGCGACCCCCGCGCCGACCGCGCCGGCATGCGCACCCCCGGCACCGTCTTTCTCGGCGGCGCCTCGTCGGTGGCGTTCGGCGACTACATGACCGGCGCCAACCACGTGCTGCCCACCGCGGGTACCGCGCGCAGCTTCAGCGGCCTCAGCGCTCTCGACTTCCTGCGGTCGTACACCTGGCAGGAACTCACCGCCGAAGGGGCGGCGGGCATGGCCGGCCCCGTGGCCACCCTGGCCGAGGCCGAGGGGCTGCCGGGCCACGCGACGGCCGCGCGACTCAGAGGCTCGAAGGCCGGAGAGGAGACGTCGTGAGCGCCCCGGCCCGGGGCCCGCTCCCCCGCCCCGACTATCGCGAACTGTCGCCCTACGCGCCCGACCGTCGTCCGGTCGAGGTCGATCTCAGCGACAACACCAACCTGTGGGGCACCCACCCCGACGCCCTGGCCGTGATCCGGGGCGCCGACACCGATGCACTGGCCCGCTACCCGAGCCTGTACGCCGACGCCCTCCGCCAGGCGGTGGCGCGCCGCCACGGGGTGAAGGTCGACCAGGTGACCACCGGCTGCGGGTCGGACGACGTGCTCGATTCGCTCTGGCGCAGTCTCGCCGAGTACGGGGGCACCGTCACCCACGTCGCTCCCACCTTCTCCATGGTGGAGCCGCTGTCGCGCATGAACGGGCGCGAGGCCCGCCCCGTGGCGTGGTCGCGAGCGCTCGCCGACCCGGAGACGCTGTTCGAGGGCGATCCACTGATGGTCTACCTCTGCCGCCCCAACAACCCCACGGGGCTGCAGGCGCCGAGCGAGTGGGTCGAGCGGGTGCTCGAGATCGCGGGAGACGACGGTCCGGTCGTGCTCATCGACGAGGCCTACGCCGACTTCGCCACCGATGCCTGGATTCCGCGCGTGACCCGGTACCCCCGGGCGCTCGCCGTCCGCACCCTCTCCAAGGCGTATGGTCTGGCGGGACTCCGCGTGGGCTATGGCGTGGGCTCGGCGTCGCTCATCGCCGAGATCGAGAAGAGCCGCGGACCCTACAAGGTGAGCCGCCTCGCCGAGGCGGCCGCGGTGGCCGCCCTCGACGACCGGGGGGGCTGGGTGGAGCGCACGGTCCACGAGTGCGTGGAGAATCGCGCGCGACTGCGCGCGGCCCTCGACGACCGGGGTACCCCGGCGCCGCCCTCATCCGCGAACTTCGTGCTGCTTCCGGTGGAGGCGGGCCGTGCGGTGCCGACGGTCCACGCGCTCCGGGAGTTCGAGGTGGGCACGCGGCCCTTTCCCGACTGCCCC
NZ_CP144380.1_gap70	2805461	2805962	501	CAACCCGAGAACTCCTACGAGGTGGACGTCGAGGGGTCCCTGCCGATCTGGGACTGGGGCGGGCGGCGCGCGGAGATCGAGGCCGAGGAGATCGAGCTGCGGAAGTCGGACCTGCGGATCGAAGAAACCACGCTCGCCATCCGCACCGATGTGGAGAACGAGATCCGAAACGTGGAAGAGTTCGAGGCCCGGGCGATCAACCTTCGATCGAACCTCGACCTCGCCCGCGGGATCTCCGAACAGAGTCTCGACCGCTACGAGCAGGGCGCCATCTCGGTGCTCGACCTCCTCCAGGGGCTCCGTCGCGAAGTCGACACCGCAGAGAACTTCCTCGACGCCTACATCGGGTGGCGGGAGGCTCTTCAGAGCCTTCAGGCGCAAACCTACTACGACTTCGAGAGGGGCACCTTCCTGCTCGATCGCTTCGGGATCGACTTCGAAGCGGTGCGGTAGAGTCCGGGGAACGAGCGACCGATGGCGTGGGATCGGGCTCGAGGCGGT
NZ_CP144380.1_gap71	2867004	2868650	1646	GGGGGATCGCCCCCCGGGCCGCTCGGCCCCGCTGCGGGCGCTCGCTCCGCAGCCTCCCCGCTCCGAGTGAGTGGGCCCGCTCCACGATCGGCCCCGAGACCATCTCGCGCGCACACCGAGGCCGGCCGTATCATCGGCGCACCCCCGAGCCGAGTCCGTGCCCCGGATCCCGCCGCCGCGATCGTGTCCGTCGTCGTCCCACCCCGATTCGCGGAGGGCTGCGGTTCGCCGGAGGCCCGATCCCGACCCAACTGGAGAGCCCGATGTCCGACCCGTCGCAGATTCACCACGAGATCGACTACATCGAACTGGCCGTGACCGATCTGGTCGAGGCAAAGCGCTTCTACCGAGAGGCGTTCGGATGGGAGTTCAACGACTACGGCGACGCGTACGCGGGCATTCGCCGGAGCTCGGGCGGCGAAGTCGGCGGTCTGCGCCTCGACGAAGCGGTCGATGCGGGGGGGCCTCTCGTGATCCTCTACTCCAACGACCTCGAGGCGAGCGCGGAGAGCGTCCGGCGTGCCGGAGGGGACCTCGTGGGCGAGATCGTCTCGTTCCCCGGGGGACGCCGGTTCCGGTTTCGCGACCCGAGCGGGAACGTGCTGGCCGTCTGGTCGGATCGGTGAGGGGCGCCGCTACCCCTCCGCCGCGATCTCCGTCTGCCAGAGCAGCGCCCCCGTCACGTCGTGAATCGCAGCGGTGAGGGCGCGGGTGCGAGGGTCGATGTCGAGGGTGCCGAAGAACTGCAGGTCGTCGCTGGGCGGCCGGCCACCCTCGAACCCGTCGGGCACCGAGTTGAACCGCACCTCGGGGCCGAAGGTGGCATCGAGCCTGTTGGGCCCGAAGGTGCCGGCGTGCATCGGACCGGCCACGAACTCCCAGAAGGGATCGAAGTCGTTGAAGGAGCCGCGCTCGGGGCTGTAGTGATGCGCCGCCGCGTAGTGCACGTCGGCCGTGATCCACACCGTGTTGCGGATGCCCTCCCGCTTCATCCAGGAGAGCAGTTCGGCCACCTCGAGTTCGCGCCCCTTCGGCGCGCCGTCTTCGGCGTTGGCCCAAGCTTCGAAAGCGGGCTCGCCGTTGCGGGGAAAGTCCCGCACCACGAGTCCGATGGGCATGTCGCAGGCGATCACCTTCCAGGTGGCGGTGCTCTCGCGCAGCGACCGCTTCAGCCATTCCATCTGCGGGTCGCCCATCATGGCCGTCTCCGGACCCTGCTCCGCCTGGAGTCCCGAGGTGTTCGGCCCGCGGTAGCTCCGCAGATCGAGCACGAAGACGTCGAGCAGGGGTCCCCAGGAGAACGAGCGATAGATGCGCTCCGACTCGTCGGGGTTGCGGCGCATGGGCACGAACTCGAACAGCGCCTGCCGCGCCCGGGCGGCGAGCAGCGAGGCGCTCTTCACCGTGTAGCGGTCGTCGTCGGTGAGGTGCATGCCCGGGAACCAGTTGTTCACCACCTCGTGGTCGTCCCACTGCGCGATCAGCGGCACCGAGGCGCCGAACTCGCGGGTGAGCGGGTCGTCGAGGTTGTAGGCGAAGTTCCCCCGGAACTCGTCGAGCGTCTCGGCCACCTTCGACTTCGCCTCGGTCACCACGTTGCGCCACACCGTACCGTCGTCGAGCGGCACCTCGGCCTCGAGCGGCTG
NZ_CP144380.1_gap72	2870098	2873719	3621	GCAGGCGGCCGCCGTGCACAACGTGCCGGCCACGATGGAGCTGGGCGGCAAGTCGCCGCAGATCATCTTCGCCGACGCCGATCTCGAGGCGGCGCTGCCCGTGCTCTATGGCGCACTCGTGCAGAACGCCGGCCAGACCTGCTCCGCGGGCAGCCGCATCCTCGTGCAGCGGAGCCGTTTCGACGAGGTGGTGTCGGCGCTTTCGGCCCGCTTCGAGGCCACTCGGGTAGGCCCCGCCATGGAGGATCCGGACGTGGGCCCGCTGATCTCGGCCAGGCAGGCCGAGCGGGTGAAGGCCTTCATCGAGAGGGCCGAGCAGTCGGAGCTTCCGGTCGCCGCCGTGGCCGGCACCGCCACCGGGCCGGAGAGCGGCTTCTACGTGCGCCCGCAGCTCTTCGCGCCGGTCGACCCGGCGAACGAGTTGTCGCACCAGGAGGTGTTCGGGCCGGTCCTCGTGGCCACCCCCTTCGATGACGAGGCTCACGCCCTGCAGCTGGCCAACGCCACCGACTACGGTCTCGTGGCCGGTGTCTGGACCGCCGACGGTGGCCGACAGCTGCGGATGTCGCACGCCCTCGAAGCCGGGCAGGTGTTCGTGAACTGCTACGGCGCGGGCGGCGGCGTCGAGTTGCCCTTCGGCGGTGTGAAGCGCTCGGGCTACGGCCGCGAGAAGGGCATGGAAGGCCTCAAGAGCTTCACCCGGATCAAGACGGTGGCCGTGCACCACGGCTGACCCACCCCTCTCCACCCCACCCCCGATCGCCATGCTCGCGCGAACCGCTGCACCGCGCCGTTTCGCCGCATCCCTCCTGGGTCTCTCGATCGCCTGCGCGGCGGCCGCACCGCTCGCCGCGCAGGACCGGCCCGCCGACCACGTGATCCTCATCTCGATCGACGGCCTGCGCCCGGAGTTCTACCTCGAGGAGCGCTGGCCTGCCCCGATGATCCAGCGCATGGCGGCCGAGGGCACGCATGCGGAGAAGGTGCGGGGGGTGACCCCGACGGTCACCTACCCGTCGCACACCACCATGGTCACCGGCGCCCTGCCGGCCCGCCACGGCATCACGAACAACCGTCCCTTCGAGGAGGGCGGCGAGTCGGGGTTGTGGTTCATGGTGAGCGACTCCATCCGGGTGCCGGCGCTGTGGGATGCGGTGGCCGCGAAGGGCGACATTTCGGCCGGCGTGTCGTGGCCGGTGAGTGCGCGGAGCGCGATCGACTACAACGTGCCCGAGTTCTGGTCGGTGTCGGGCCGGGAGGGCGACCTCACGGGCCCTGCGGCCATGACCTTCGCGCTGCGCGCCGAGGTGCGCCCCGAGGGACTGCTGGAAGAGATCGAGGCGGAGTCGCTCGGCCCCTTCCCGGACTACTACTGGGGCTACAACCGCAGCCGCGAGGACGCGGTCGGCGACATCGCGGGTCACCTGATCGAGAACTACCGCCCCAACCTGCTGGTGGTGCACCTCAACCAGACCGACTACCACCAGCACGCCGAGGGGCGGGAGAGCGCCGAGGTGCGGCTGGGTGTGGCCGCCGTCGATCGGGCGGTCGCGCGCATGGTGGAAGCGGCCGATCGGGCGGGCATTCTGAATCGCACCGCCTTCGTCGTCACCGGCGACCACGGCTTCGTCGACGTCGACACCCGGGTGGCCCCCAACGTCTGGCTGGTGGAGGCGGGGCTTCACGAGAATCGGCCCGATCGCGGCGAGTGGCGGGCGGCCTGGCATCCAGCCGGCGGCAGCGCCTTCCTCCGCCTTCGCGATCCGAACGACACCGAGGCACTCGAGCGGGTGCGCGCGGATCTCGAGGCCCTGCCACCGGGCGTGAAGAACCTCTTCCGCGTGGTGGAGAAGGACGAACTGGTGGAGCGCGGCGCCGATCCCGAGGCGGTCCTCGCTCTCGCGGCCGAGCCCGGCGTGTACCTCGGTGGCGCCACCGGCGGACCGGCGATCACCCACGGCTCGGGGGGCGCCCACGGCTACTTCCCCGAACTCGACGACGTGCACACCGGCTTCGTGGCCTGGGGCGCCGGCGTGTCGGAGCGCCACACCGTCCCCCTGATGCACCTGGTCGACGTGGCGCCGACGATCGCCGCCCTGCTCGACCTCGACTTCGAGGCCCCCGATGGAGTTCTGCGGGCGGGAGTCCTCCTCCCCCCCTTCGGCAACTGACCAAGAGAAGTGGAGTGACGATGATGTTCGATCTGACGGACCACGTGGTAGCGGTGATCGGCGCGGGCAGCGGCATCGGTGAGGCGGTGGCCCACGCCTGCGCGGAGCAGGGAGCGCGGGTGGCCTGCCTCGACCTCGACGAAGCCGCCGCGGCGCGGGTGGCCGGCGAACTGCCCGGCGAGGGCTCTCCCCACGAGTCGGCCCGCATCGACATCACCGACGCAGACAGCGTGGCCTCGGCCCTCGGCGCGCTCGCCGAGCGTCAGGGGCACCTCGACGGGGTGGTCTGCACGCCGGGTGTGAACGTGCGCAAGCCGATCGTCGACTACACGCCCGAGGACTTCCGGAAGGTGGTCGACGTGAACCTGAACGGCAGCTTCAACGTGCTGCAGTCCGCCGCGCGCATCATGCTTCCGCAGAAGAGCGGCAGCATCGTGCTGTTCGCCTCGATCCGCGCGGCCGTGGTCGAGCCCGGCCAGAGCGTGTACGCCGCCACCAAGGGCGGGATCGTGCAGCTCGCCAAGGCGGGCGCGGCCGAGTTCGGGAGCGCAGGCGTGCGAGTGAACGCGATCGCGCCGGGCGTGGTCGAGACCCCGCTCACCGCTCCGATCAAGGCGTCGCCCGAGTGGTACGGCGCCTACGCCACCAAGAGCGCGCTGGGTCGCTGGGCCCAGCCTCGGGAGATGGCCGGACCGGCCGCCTTCCTGCTCTCCGAGGCCGCCACCTTCCTCACCGGCACCACCCTCTACGTCGACGGAGGCTGGACCGCGATCGACGGACGTTTCCAGCCGCCGGGCATGGGCTGACGATGGGCCGGCGTTACGAAGTGGGCGTGATCGCGGGAGACGGCATCGGACCCGAAGTGGCCGAGGCCGCCATTCCGCTGATCGAGAAGGCCGCGGTCGCGGCCGGCGCGGAGATCGCCTGGACCCGCTACCCCTGGGGCTGCGACTACTACCACGAGCACGGCCGCATGATGCCGGCCGACGCGCTCGACCGTCTCGCACCGCTCGACGCGATCTTCTTCGGGGCCGTGGGCCGCCCCGACGTGCCCGACCACGTGTCGGTGTGGGAGCTGATTCTTCCGATCCGGCAGGCCTTTTCACAGTACGTGAACCTGCGGCCGATGCGACTGCTTCCGGGCGTGTCCACCCCGCTCGCCGGTCGCGGCGCGGCCGATCTCGACATGGTGTGCGTGCGAGAGAACGGCGAAGGCGAGTACTCCGGGCTCGGCGCCCGTTACGACCAGGGCACCCCCGAGGAGAGTGCGGAGCAGATCGGACGGTTCACCCGCCGGGGCATCGAGCGGGTCGTGCGCTACGCCTTCTCGCTGGCGGCGAGCCGTCCGCGACGGCTGCTCGCCAGTGCCACCAAGTCGAACGCCCTCCAGCATTCGATGGTGCTCTGGGACGAGGTCGTGCGCGAGGTGGCCGCCGACTTTCCCGAGGTG
NZ_CP144380.1_gap73	2884936	2886518	1582	GACCGCCCCCACGAACCCGATCACGCTCACGGCGCTGACGAAGTTCGCGATCAGCGACCAGGTGGCGAGCACCGGGCCCATGTTCTGGCCCATCACCCAGAAGTCCATCACGTCGTTCGTGCGCCGGTAGGCCCACACCCCGATGGCCAGCACCACGATGAGGTAGGTGATGAAGGCGCCGAGGTAGAACGGGTTCACCTCAGACATCGGTCGCCTCCTCGTCCATACCCCGCGCCACCTCGGGCTTCTCGACCACGATCGGCGGAGCCACCTCGGCGAAGGGTCGGCCCATCAGAACGTGCACGATCACGAAGTGAATCGCGCCGAGACTCCCGGCGAGGATGGTGGCCACGAAGACCAGAAACATCGACGTCGGCATGCCGAAGGTCGTCATCGAGCGCCTCTTCCGGGAGGTTGAATATTGTATATCGCGCTGAGTCTAGAGGAGGCTCCACGCCGAAGCAAGCGCGGTCCCCGTGGCTGCGACGCCCGGGGGCCCCGTATCGTTTGGATCGCCCCTCTCATCGTTGGAGAAGGATCGATGCTCCAGACCCTGCTGGCCAGCCTCGTCCGTGCGTCCCTGCCGACACCTCGCTTGCGCTCCGGGGTTCTCCTGCACGGAGTCCCCCTCGAACGGAGGTACAGGATGAAGGCGATCAGGCGCGACCGGATTCCTCACCCCGAGCCGAACGGCGCCGCCCGGCGCATCGCGCGACGCGTGGCCTTCGGGAAGCGCGCGAAGGTGCCGGAGTAGCCGATGCATGTGCTCGTCACCGGCGCCACCGGCTACATCGGGGGCCGCCTCGTGCCCCGCCTCCTCCGTCACGGCCATCGCGTGCGCGTGTTCGTGCGGGATCCGGGGCGTGTGCTGTCGCGGCCCTGGGCCGATCAGGTGGAGGTGGCCCAGGGCGATCTGAACGATCGCGACACCCTCGTGGCCGCCCTCGAGGGCATGGACGCGGCGTACTACATGGTCCACGCCATGGGCGGACGCGACGACTTCGCCGACACCGACCGGCGGTGGGCCAACACCTTCGTCGAGGCGGCGCGCAGCGTCGATCCGGAGCTGCGCACGATCTATCTCGGCGGCCTGCAACCGCCGGCGGAGGGGGCCGGGCAGCCCTCGAAGCATCTCACCTCGAGGGCCGAGGTGGGCGAGATCCTGCGCGACGGGCTCCGCGCCACCCTCGAGTTTCGCGCCGGTCCGGTGATCGGATCGGGCTCCGCGTCGTTCGAGATGGTGCGCTACCTCACGGAGCGGCTGCCGGCCATGATCGCGCCGAAATGGATTCGCAATCCGGTGCAGCCCGTGGGCATCCGCGACGTGCTCGGCTACCTGATCGGCGCCCTCGAGCGACCCGACGCGACGGGGGTGGTGGAGATCGGCGCCGACCGACTCACCTTCCGCCAGATGATGCTCCAGTACGCGGAGGTTCGGGGACTCCATCGCGTGATCGTGCCCGTGCCGGTGCTCGCGCCCTCGCTCGCGGCGCGTTGGGTGGGCTTCGTCACCCCGATCCCGAACAGCCTGGCGGTGCCGCTGGTGGAAGGCGTGGTGCGCCCGGTCCTGGCCGACACCACC
NZ_CP144380.1_gap74	2933751	2936652	2901	GTTCTGCAGGTTGGGGTCGGACGACGACAGGCGCCCGGTGGCCGCCACCGTCTGGTTGAAGCTGGTGTGGATCCGGCCGGTGGTGCGATGCACCAGCCGAGGCAGGGCGTCGACGTAGGTGTTGCGCAGCTTCTCGAGTTCGCGGTACTCCAGCATGAGACGCGGCACCTCGTGGCCGTCGGCCGCCAGCTCCTCGAGCACCGAGGCGTCGGTCGACGGCCCGGTCTTCGTCTTCTTGAGCACCGGCAGCTCCAGGCGGTCGAAGAGCACCTCCCTCAGCTGGGGGGTGGAGTTCAGGTTGAACTCCATGCCCGCCAGCTTGTAGATCTCCTCCTCGATCAGCGCGAGTTCGCCGCGCAGCTTCGTCGACATCTCGTGCAGCACCTCGGTGTCGACCCGAATCCCGCGCTCCTCCATGCGGGCGAGCACCGGCACCAGCGGCATCTCGAGATCGTCGAAGAGCGGCAGCAGGGCGTACTCTTCGAGTTCGGGCTCGAAGCGACTCCACAGTCGCCAGGCGCAGTCCACCCGCTCGCAGGCGTGATCCCGCGCGGCGTCGAGGGCCACCTCGGCGAAGCCGATGCGCTGCCGCCCCTTGCCCACCACCTCGTCACGCGGGGTGGTTCGGTGCGCCAGGATCTCCATCGCGAGGGCGTCGAGGTCGTGCGACCGCCGCCCCGGATCGAGCACGTACGAGGCGACCATCGCGTCGCGCAGCCCGCCTCCCAGCGGGCTCCCGGCCCGCTTCAGCAGCAGGAGGGTGGTCTTGAGGTCGTGCCCCACCAGCGCCACCTCGGGATCGGCGAGGAGATGGCGCAGCGGCGCCATCGCCGGGTCGCTCAACGGCGGCAGATTCGGTACCGGCTCCGTCGGGTCGCCGAGGTCGAGCTCGAGCGCCGCCGTGGCGTGGTGGTCGAAGGGCAGGTACACCGCATTGCCGTCGGCCGCCGACAGGGCCATGCCGATCAGCCGCCCGCGCATGGGATCGGGCAGGGAGGCCTCCACACCCACGGCCACGCGCCCCTCCGCACGCGCCTGCTCCACCCACTCCGCCACCTGCTCGACCGAGGTGAGGGTGCGGTAGGTGGCCTCGCGCGCCGCGGCGCTCTCGATCGCATCGGCCTCCAGCGCGCCCCGCGTGTACTTCTCGGCGAGCCGCCGAAACTCGAGGTCGAGAAAGAGGTCGCGCAGCTCCGCGAAGTCGGGCTCGCCCACCTTCAGCCGGTCGAGGTCGAGGTCGACGGGCAGATCGGTCTTGATCGTGACCAGTTCGCGCGACATCCGCACCGAGTCGGCGTTCTCGGTGAGCGACTCTCGCGAGCGCTTCGCCTTGAGCTCGGGGGCGGCCGCGAGAATCGACTCCACGTCGCCGAACTGCTGGAGCAGCTTCACGGCGGTCTTCGGCCCGATGCCCGGCGCTCCCGGAACGTTGTCCGACGAGTCGCCGATGAGCGCCAGGTAGTCGATCACCTGCGACGGCGGAATCCCGAACTTCTCGTCGGCGTTGCGGAGATCCACCCAGTCGGCATCCACCCCGTTGGGCCCGCCGCGCCCGGGGTTGAGCAGGTGCACGTGGTCGTCCACGAGCTGGTAGAAATCCTTGTCGCCCGACACGATCACCGCTTCGAGGCCCGCCGCGTCGGCCTTGCGCGCGAGCGTACCGATCACGTCGTCGGCCTCGTAGCCGTCCAGTTCGATCACCGGATCGCGAAAGCCCTCGACGATCGCCCGCACCCGCGGGATCGAGGCCCGGAGATCGTCGGGCATCTTCTCGCGGGTGGCCTTGTAGTCCGGGAAGATCTCCTCCCGAAAGGAGTCCCCCGCATCGAACACCACCGCCAGATACTCCGGATCGAAATCCGTCTTCAGCTGCTCGAGGAAGTTGGTGAAGCCGAAGGGCGCCGAGGTGTTCTCCCCCCTGGAGTTCATCAGCGGGCGCCGGATGAAGGCGAAGTACGAGCGGTAGATGAGCGCGTAGGCGTCGATCAGGAAGAGGCGGGGACGGGTCTTCGGAGGGATCTCCACGGGGTCCAGCGGTTCGAGGGGGGAGAAGCGAACGCCCCGCGACCGGTTCCGGCGCGCGGGGCGTGGCAGTACGGCGAGGGGGTGGTTCAGTGGCGCACGACGTTCGCGGCCTCCAGGCCCCTCCGGGTCTCGGAGATCTCGAACTCCACCTCCTCACCCTCCGCCAGTGTCCGGAATCCGGACCCCTGGATGGAGGAGTGGTGGACGAAGACGTCGTCGGCTCCGGGACGTGTGATGAACCCGTAGCCCTTGCTGTCGTTGAACCACTTCACGGTTCCCTTCAAGGCGACCTCCCGGTCGAGGGTTCGAGGCGATCCCGCCGCCGGGTGCGGCGAGATGCTCGAAGCTACGAACCCCCGTGGCGGTGGTGCAATCCAAACATCCGTTCCCCGCAGGCGACCCGCGGTCACCGGGCGGGGCGGGCGCCGGAGCCGCCGGGTGGCTACCGACCCGTGGCGTCGAGCGAGGCCCCGTAGAGCGCCTCGTAGAGCCGTCGGTTGCGGGTCACGTTCTTCACGTAGCCGCGCGTTTCGGAAAAGGGGATTCGCTCGGTGAGCCGGAGCAGGTCTCCGGCTTCGGGCAGGGTGCGCCAGGCGTTGGCGCGGGCGGGGCCCGCATTGTAGGCCGAGAGCACGAGCGGCAACTCGGGGCCGTAGCGCCCGAGCTGATCGACCAGGAAGCGGGCGCCCAGGTGCAGGTTCACCTCGGGGCTCTCGAGGGTCTCGGTCGTGAAGTTGGCCACCCCGTGATCGCGCGCGAGATCGCGCCCCGTGGCCGGCATCACCTGCATGAGTCCCACGGCCCCCGCCGAGGAGCGGATGTCGGGCACGAAGGCCGACTCCTGGCGGATCAGGGCGGCCAGCAGCAGCGGGTCCA
NZ_CP144380.1_gap75	2937754	2941018	3264	GTCGGCCACCACCCGGCGGTAGGCCTCGAGCGCGGCTCCGCGATCCCCCGACGACCACGCGAGATCGCCTGCCACCCGCCAGCCGCGGGCGCGCCGCGACGCGGGTGCCGACGCCACGCGCACGGCGGCGTACTCGGCGGCCGCCCCGGCCGTGTCTCCGGCCGCGAGGAGGGCGCGGGCCCGCACGTCCCACAGACGGTCGGCCACCACGGCGTCGTCCACGCGGGCGAGCAGGTCGTCGACCCGGGCCACCCGGCCGGCCCCCGCTACCCCACCGATCAATGCCTCGGCCGCCCACGAGCGCAGCGACGCGTTCGTCACCCGGTCGAGGTCGGCGAGGGCCGCGGCGCTGTCACCCGAAGCCCACCGGGCCCGGGCGAGTCGGGCCACCACGGCCTGCGGATCCACCCCGTCGCCGGGAGCGCGATCGAGAGCGGCCAGGTAGGAACGGAGCGCGTGCTCGGGTCGATCGAGCGCCTCGAAGGCGCGGCCGAGCAGGAACCACCCGGTGCCGCCGTCGGCCTCGTCGATCCAGCTCGCCCCGTCGAGCACCTCCACCACTCCGGGCCAGTCCCGGTACCCGGCCCGGGCCCGGGCGAGCAACAGCACGCCCTCCGGCTCCAGTTCCCCGGCCTCGAACAGCGGCTCGAGCAGCTGCGCGGCGTGCCATGTGCGGCCCGCATCGAACTCGGCTCGCGCCGAATCCAGAGTGACCACACCGGCTCGCGGCTCCACCTGAACCGACCCGGAGTCCCGGATCCATCCGACGAGGGGGAGTACCGTCAGAACGACGAGCAGGGGAGTGCGGCAGACCATGACGAGTCACGGTGGGGGGAGCGGGAGTCGACGCGATATGATACCCCGGAGCGCCCGCCGCGGGCAAACATCTGTTTCGGAGTCCCCCGAACCCCCGAAGACGACGAAGGGCCCCCCGGTCGAAACCGGAGGGCCCTCGCCGTGCCGTGTCGAGATCGAGTCTCGTCAGGCCTTCATCGCATGGAGGGCGTCGATCATGCGCTGCGCCGACTCTTCCATGTCGATCACGAGGCTGTCGATCCTCGCGACGAAGTAGTTGTGGCCCACACTCACCGGAATGGCGATCACGAGACCGGCCGCCGTCGTGAGGAGAGCCACCTTGATGCCTCCGGCCACCAGCGTCGCCTCCACCTCACCGGCGAGCTCGATCGACTGGAAGGCCTGGATCATCCCGATCACCGTGCCGAGGAAGCCGAGGAGCGGCGCCACGTTGGTGAGGGTCGCGAGGACCACGAGTCCCTTCTCGAGCTTCGAGAGCTCGATCAGGCCCTGATTCTCGATCGCCTTCATCACACGCTCGGTGCCCTCGTCGTGCCGCTCGAGGCCGGCGTAGAGGATCTTCGCGGCGGGGGCGTTCGAATCGCGGGTGATCTCGATCGCCTCGCGGATGCGGCCCTGGTTGAGGACCTCATCGACGTCGCGGAGGATCTTCCGGGTCTTCGACGCCTTGCCGGAGAGGTCCACGAACTTCCACGCGATGACGATCAGCCCGAGAATGAGGCAGACCGCGAGGGGCCACCGCATGAATCCCGTATCACCCCAGAGTCTCGCAACCATCTCGGAAAAAGACTCGTCAGGGGTCTCAAGCCCCGGGATCTGGAGCAGTGCTCCGTAAACTCGCATTACTCCGACCAAGTGAACCTCCAGAAGAGTGTTCCAGTGCCAGCGGCGGGTCAGGCCGCGGTCGTGCGCCTCAGTGTGCCTGGTTGTCGGCAGGACGCCATTATGAGCGTCGCTGTTCCCTGGTGTCAACCCCCGGTTCCGCCGGTCGCGGAACCACGGTGGAGATTGTACACACGCCGGGCGGGCGGCCCGCCCGGTCGGGGTCAGGGCGCCGCGGCGGGGTCGGAACGGGGCAGGGTGGGAACCGCATCCAGCAGGGTGCGGGTGTAGGGATGGAGGGGGTTGGCGAACAGGTCGTCGGTGGGTGCGATCTCCACGATCTTCCCTCGATACATGACCGCGACGCGATCGCACACGTTTCGTACCACCGCGAGGTCGTGGGCGATCACGACCAGTGAGAGTCCGAGCGATCGGCGCAGCTCGGCGAGCAGCACGAGGATCTGCGCCTGCACCGACAGATCGAGGGCCGACACCGGCTCGTCGAGCAGCAGCACGTCGGGTCGCACGGCCAGCGCTCGGGCGATGCCGATCCGTTGGCGCTGACCGCCGCTCAACTGGTGCGGAAAGCGCGGTGCGTGCTCCGCCGGATCCAGCCCCACCTGTTCGAGCAGCGCCCCGACGGCGGCCTCCGGTGCATCCTCGAGTCGGCCGTGCAGTTCCAGCACCTCGCGCAGGGCGGCGCCGACCCGCTGGCGGGGATCGAGCGCCCCCGACGAGTCCTGGAAGACGAGCTGCATGCGTCGGGCAGCGGCCAGCGGCTTCGCAGCGCGAAGGGCGGCGAGATCACGGCCTTCGAGGCGGATCGAGCCGGAGGAGGGCACGATTCCCATCAACGCCCGCACGAGGCTGGACTTGCCGCTGCCCGACTCCCCCACGATCCCCAGCGCCTCTCCCGCCGCCAGATCGAGGTCGACGCCCCGCACGGCCTCCACCGTCCCTCCGGTGCCGCGGCGCCGATCGGGGTAGCGCACCGAGAGCCCGCGCACGGTGAGAATCGGGAACTCCGCGTCGGTCACACCGCCCCCCGGGTCGCGGAGTGGAGGTGGCACGCCACCCGGTCCGCCCCCTCTCCCTCGAGCGGCGGGTACGCCGTGCGGCAGGGGGGCAGCGCCTCGGGGCAGCGCGGATGGAATCGACACCCCGTCGGCCAGCGACCGGGCAGCGGCATCGAGCCGGCGATCGGGGTCGGCACGGCTCGCGGCCCCTCCACCCGGGGCCGCGCCGCGAGCAGCGCCGCGGTGTAGGGGTGGCGGGGGGCCACCAACACCCGGTCGACCGGTCCCTCCTCCACGACGCGGCCGGCGTACAGCACCGCCACCCGGTGGCAGCTCCGCGCGACGACGGCGAGATCGTGACTCACGAGCAGCAGCGAGAGCCGCCGCTCCTCCGACAGCCGCACCAGCAGCTCGAGGATCCGGGCCTGGACCGTGACGTCGAGGGCCGTCGTGGGTTCGTCGGCCACGAGTACCGCGGGGTCGCCGGCGAGAGCGATCGCGATGCAGGCTCGCTGACGCATGCCGCCTGAAAGCCGATGCGGGGGGCTGCCGTATACCCTGTCGACCTCGCTCAATCCCACCTCGTCCAACAACCGGAGGGCCTCGTTGC
NZ_CP144380.1_gap76	2959875	2964825	4950	TCGCAGCTCACCGATCGCGTCCACCACGTCGTCGAGGTAGTCGAACGACGCCAGGAGGTTGGTCGAATCGCTCATCTCACGCCTCCACCGACTTGGTTTCGTTCTTCCGCATCCGGGGCGCCACGACCTCCTTCAACTCCGCGATGGCCACCGGCGGCAGCATCCGGGTGAAGATGAGGAACCAGAAGCCGAACCAGGCGAAGCTCCCCACCAGGATCCCCATCTCGACGATGGAGGGCCGGTACATGCCCCAGGCGAAGGGCTCGTACTCGTGCGAGAGCGAGGTGACGATGATCACGTAGCGCTCGAACCACATGCCGATGTTGATGAAGATCGACACCACGAAGAGCGCGGGGATCGAGTGGCGCACCCGCTTGAACCAGAGCATGATCGGCACGAAGCCGTTGCAGACCAGCATGGTCCAGGTGGCCCACCAGTAGTCCCCGAAGAGCCGGTTCCAGAACATCTGCTTCTCGGGCGGCTCCCCGCTGTACCACGCCATGAAGAACTCGGTCAGGTAGGCGTAGAGAACGATCAGCGAGGTGAGCAGGATCAGCTTCGACAGCGCGTCGAAGTGCTTGATCGTGAGATAGGCCTCGAGCTTGAACACCTTCCGCAGCGGGACCGCGAGGGTGATCACCATCGCGACGCCGGAGAAGATGGCGCCGGCCACGAAGTACGGCGCGAAGATCGTGGCGTGCCAGCCGGGCACGATGCCCATGGCGAAGTCCCACGACACCACCGAGTGCACCGAGAGCACCAGGGGAGTGGCCAGTCCGGCGAGGAAGATGTACGCCTTGCCGAAGTGGTGCCACTCGCGGTCGGTGCCCCGCCAGCCCATGGCGACGACGGAGTAGAGCTTCTTCCGCAGGCCGGTGGAGGCGTCGCGCGCCGCGGCCACGTCGGGAATCGTCCCGAGGTAGAAGAAGACCGCCGACACGGTGAAGTAGGTGGTGACCGCGAACACGTCCCACACGAGCGGCGACCGGAAGTTCGGCCAGAGGAACCGCTGGTTGGGGTACGGGATCAACCAGTACGCGTGCCACACCCGCCCGACGTGGATCAGCGGGAAGAGTCCCGCCGTCATCACGCCGAACACCGTCATGGCCTCCGCGGCCCGGTACACCGACTGACGCCAGGGCGCGCGGAAGAGGAAGAGAATCGCGGAGATCAGCGTGCCGGAGTGCGCGATACCGACCCAGAACACGAAGGTCGTGATGTAGGCGCCCCAGCCGACCGGGCTGGTGAGGCCGCTGACGCCGATGCCCCGGTAGATCTGCCATCCCCAGGACGTGAAGAACACGCCGATTCCGAGAACGCAGAGCCCCAGAAGGGCCCACCAGCCCTTCCCCGGACGCGAGAGCATGTTGAGGATGTCGCGATTGACCTCCTCATGCCGCTCGATGTCGGGATGGGTCAGGGCACCCCGTCGCTGCGATTCAGTGATGGTCGCCATGAATTCAATCAGTGTGCGGCCGAGGCCACGTCGTGGAAGGTAACCTTCTTCAGGTACGAGACGCCGGGCTGCGTGTTGATGAGATCGTCGAGCACCCGGTACGTCCGCTCGCTGTGCAGCTTCTGGGAGACGGCCGACTCGGGGTCGCGCAGATCACCGAAGACGATGGCTTCGGCGCCACAGCTCTGCTGACAGGCGGTCAGGATATCTCCATCTCGAACGGCGCGGCCCTCGAGCACCGCCTCGTTCTGCGCCTCCCGCACCCGCTGGACGCAGAAGGAGCACTTCTCCATGACGCCGTTCTCGCGAACCGTGACGTCGGGGTTGTAGGCCCAGTGCATGGGCTCCGGCACGTCGGTGTAGGTGTACCAGTTGAACACCCGGACCTTGTACGGGCAGTTGTTCGCGCAGTACCGGGTTCCGACGCAGCGGTTGTAGATCTGCCCGTTCATGCCGTCGGGCGTGTGGTAGGCCGCGAAGACCGGGCAGACCGGCTCGCAGGGCGCGTTGCCACAGTGCTGGCACATCATCGGAAGATGGCGCACGTCCACCGGACCGGCGTGGCTCGCGTCGACCGTCTCGTAGTAGCGCTCGACCCGGATCCAGGCGAGGTCGCGGCCCATGGCCACCTGATCCTCGCCCACCCAGGGCACGTTGTTCTCCGACTGACAGGCTACCACGCAGGCGGAGCAGCCGGTGCACTTGTCGAGATCGATCGCCATGCCCCAGCGCGGCGTCTCGGGGTCGCCGTACTCGCCGTACTGCGCACCCGGGAGCGGGTAGGCGGTCGGCTCGCCGTCGGTCTCGGCCGGCACGAAGCCGCCCATGAGCTGCATCTCGGCGAGCCCGTGGTGTCCGCCCTCGTCGCCGTGGTCGTCCTCGGCGTGTCCGAGGTCGGCGAAGGCCACCGCCTGGGCGATGTGGCGGTCGTGCTGGGTGTCGGCGCCGGCGATGGTGGCGAGCTTGTGCCGCTCACCCGTCGGCTCGACCGAGACGGTCGTGGCCAGGTGCACCAGGCCGCCGGAGGGCTGCTCGGCCACGGCCGGGAGCAGCGCCAGCGGGTTCACACCGCGGCCGGTACCGAACCGTCCGGCCACCGTGCGACCCGTGCCCATCTGCAGGGCGACGGTGTCTTCGCGAATGCCCGGGTAGGTCCAGACCGGCGCGGACACCTCGCCGTGAGGCGAAGCCACGCGCACCACATCGCCGTCGCGCACGCCGAGTCGCTCGGCCGCGTCGGGATGCATCTCCACCCAGGAGTGCCAGGCGATCTTGCTGACCGGGTCGGGCAGCTCCTGCATCCAGGGCAGGCTCGCCTGCTTGCCCGCGCCGAAGCGCGTGCTGGGGTACACCACGAGCGCGAACTCGCCGTCGCCGTCGAGCGCCGGAGCGTCGAAGGTGAGGGCGGCGTCGGGCTCGCGGAGCACGGCGGCACCGCCGGACGCCGGGGCGCCGACGCTCACGGAGCCGGCCCGCAGCGCCTCCTTCCACCAGCTCTCGAAACCGGCGGTGGAACCGGAGGCGGCGTAGAGCTCCTGCCACCGGGCGCGGAGGTGGTCGTACAGGGTGGCCGGACCGAAGGCGCTGCCCATGCGAGCGCCGAGCGAGAGCAGCACGTCGCCGACCTGCTTCGTCTCGAAGTGCGGCACCGGCTGCATCACCGGCTGCTGGATCGCGTACAGCCCCGGCCGGGAGTTGGCGTCTCCCCAGGCCTCGAGGAAGTGCCGGTCCGGCAGGATCAGGTCGGCGAGCGCGGCCGTCTCGTCGGGCTCCGAGGCGAACGACACCTTGAAGGGCACCTGCGAGAAGGCGTCGACGAACCCGGACGCCGGCGGGAGGCTGAAGGCCGGGTTGGCGCCGTGCACCATCACCACGTCGACACTGCCGCCGGCCATGTTGCCGATGGCCTCCTCGAGCTCTCCGTACGGCCGCGACGAGGCGCCCGACTCCGGGGTGTCGAGGTGCACCGTCTGGCCGATGTTGCCGGCGACGGCGTTCAGCACGTGGACCGCGAGGTTCGCGGCCGTGGCGTTGCGGTGGTGACCCGAGAGGCCCGGGCCCACCGCGAGCGACGGCCCGTTCTCGACGAAGCGACGCGCGAGATCGGCGATCGAGTCGGCCTCGAGACCGGTGGCGGCCGCGGCGGCCGACACGTCGTAGGCGGAGAGGATCGAAGCGTAGGGGCCCGCGTCTCCGCCCTCGGCGGCGAGCACCGAAGCCATGCCCAGCGCGAGCGCGGCTTCGGAGCCGGGCTCGATGGGGAACCACTCGTCGGCGTTCTGGCCCGTCAGCGACAGCCGCGGTCCGACGAACACGAACATGCCCTTCTCGCCGTGGTCCTCCCCGCTCATGGCGGTGAAGCCGCGGGCGTACGCGGTGGGCGTGCCCCAGGTCTCGAGGAAGTCGGCGCCGAACGAGAGTACGAAGTTGGCCGCGCCGAAGTCGTACCGCGGGATCACGTCCTGCCCGAAGGCGATCCGGGTGGCCTCGCGGAGCGGAGCGTCGGCGAGCCCGTCGTACTCCACCCGCTGACCGCCGACGGCCGACACGAAGCCGTCCATGACGTCGGAGAGGGTGGGGCCCGTGGTGCCGTTGATCAGGAGCACGTTGCCGCCCGCGCCCTGCAGTCGCTCGGCGAGCAGTGCCTCGGCCTCGTCCCAGGAGATGCTCTCCAGAGTGCCGTTGCGCCGGACCATCGGGCCCGCGAAGCGATCCGCGTGGTAGAGCCCCTGGATCGAGGCGTAGCCGCGGGAGCAGAGAGCGCCGCCCGACAGGGGGTGGCTCGGGTTGCCCTCCACCTTGACCGCGCGCCCCTCGCGCGTGCGCACCCACATGCCGCAGGCCGCCGCACACTCCCCGCACACCGAGGTGTACCAGGTGGCGACGCCCGGGGTGATGTCCTCCGGGGGCACGACGTAGGGAAGGAGCTTCTCGGCCGACTGGGTCGAGCAGCCGGCGAGACCCGCCGACGCACCACCGACTCCCAGGACCTTCAGGAAATCACGACGCTTGATGCCGTCACTCATGAGTTTCTCGCGTCCGTGCGATCAGTAGTGGCAGACCGTGCAGTCGCGCGCCACGTCGAGCTCGACGTGGCAGGAGACGCACCATCCCATCTTGCCCTTCCCCCAGGCGGGTTCGGGCTCCTCGAGCACGCCGATCGTCTGGATCTCGCCGTGGCACTGCTGGCAGTCCAGACCGGCGTTGATGTGGCGCATGTGCGGGAAGTGCACATGGTCGGCCACCTTGTGGATCCGCACCCACGGAATGCTCTCGCCGTTCGCGGCGTACTCGCGGATCTTGGCGACTTCCTCGGGATTCTGGGAGCCGTTGATCATGGTGTGGCACCCCATGCAGGTGCTCACCGGCGGGATGCCGGCGTCCACCGACCGTTCGGCCGAGAAGTGGCAGTACTGGCAGTCGATCTGGTAGGTGCCCGCATGCGTGTCGTGCGGGAACTGGATCGGCTGCGCGGTGGCTGCCGCGGCGGCCGG
NZ_CP144380.1_gap77	2968856	2970132	1276	TGCTGCTGCTCGGCGGTGCCACCCTGGTCGCCCTCCTCTTCGTGCGGGGACTGCGCGGGGGCCGAGCGGCCGGCCCCGAGGGTGCCGCCTACCTCCGCATGCTCGCGGTGGCGCGCCGCGCCGGCGTGGTGGGCGACGACGAGATCACCCCGCTGCACCTCGTCGAACGGATCGGAAGCGAGGCGCCCGAGGCCGGTCCATCCGCGGCCCGTCTCGTGGATCTGTACCTGCGGGCGCGTTTCGGACGGCACCCGCTCGATCGCGATGAGACCCGCGAACTGCGCGAGGCCCTTGCCCGGGTACGTCGCTCGTTGGGATGATGGGGGCCATGAGCGAGGATTCCACCACCGTCTGGGGGGACCACGACGTGGAGGGGCGACCGCGCACCCTTCGTCTGGGCTCCCTCCGCATGACCGTCGCCTCCGCGGCGGGTGAGCTCCGCCTGGCCTGGTCACACGACGACCGCCCGCCCGAGTGGTCCCGGTGGGCGCCGGGGGAGTGGTCGGGCCGCGTTCGCCTGACCCCCGTGCACCCCGACCGGCTCGTGGTGGTGAAGCCGGAGCGGGAGTTCCGTCTGCTGCGGGGCGCCCGCGCGCGCATCTACCTGCGGGTGCCGCTGCATGTGCGGCTGGAGGCCCTGGGCTCCGCCCCGCGCACGCTCGTGACCGTGCCCACCGACCCCCTCGCCGACACCTGGTGGGGTACCCCGCTGGAGGGCGAGCTCGGCTACTGGCTCGACACCCGGGCGCGGCGCGCGATCCAGGACGACGAGTTTCTCGAGCACCTGTGCATCTGCCCGCTGCAGCTCGAGAACGACTCTTCCGACCACCTGATGGTCGACCGCATCGCGCTGCGGGTCGCTCACCTCTCCGTATACCGAGACGGCACCCGCCTGTGGTCCGACGAGACCCGGGTGCGCTACCTCGGCGAGGAGGCCTGGAGTCGGATCGAGATGGCCGGACGCGCGCCCACCGAGGCGGCCGAGGCGGAGCGGGTGACGCCGCCGACCCGACCGCTGCCGCGCGGATTCACCGCCCGCACCTTCGCACGGCTCAAGTCGTCGATCGAGGAGTGGTTGTGATCCCGCGCCTGCGCCAGACCCCCGCCGACTCCACCCTCTCCTTCGCGGAGACGGTCGAGAGCTGGGTGGCCGACCCCTCGGTGCTGCTCCCCTCGCTGGTGGTGGTCCTCATCGGCGTGCCCTCGATCTTCCTGGTGAGTCGGTGGACCCGCAACTGGGTGACCCGCAACTCCACGGAGCAGCGCGGACTGGTGA
NZ_CP144380.1_gap78	3023845	3028322	4477	CATATCGATCGGTGTCGGGGTTCGCCAATATGAGGTCAGGAACGGCGGGAGAGCCAGGGCGAGCCCAACGAGGCAGTATATGATGGCCTTGGTACACAAGAACAGCCGACCGGACTTCTCAAGGTTGTTCCTCGCGTTTCGCTCGGCCGCCTCGGCGTACCGATCGTTCATCCATTCGCGGAGTTCGGCATCCGCCAAGCCGGGATCCTCACTCGTTTCAGCATAGTATCGGCGGAGTTCGATTTCGTAGGCCCGTAGCTCTTCGGGGGTGGGAATCCGCTCGTACTCATAGCCGTGTAAGCTGCGTACGAGCTCGTAGACGGCTTTCAAGAGGAGAGCGGCAGCGAAGGCGAGCGCGGTGAAGAACCAAACAGCCGCCCACAAGTCGACGACGACGAACTCTCGAGCGTAGATCACGATGATGCCCGAAAAGATGGTGACCAAGGAAACTGGAGTCGACGCCGCGGAACGAGCGTGCCCACGCCCGGCCATCTCGTCATCGTATAGCTTCTGGTAGTCCATCGCTACCTCTCTGGGCCGGCGAGCTCGTCCACTATGATCCCTCCTCTCCTGGGGGGTATTCCACTTCGTTCCGCTCGCTCCAGTCCGGCGACGCGAACGCTCCCGTTGTTCGCACCAACTCGTCCATCTCAGCTTGGTCCTCGTCCGTCCAAGAATCCTTCTCAAGAACGGCCACGTCCAAAGAGAAACCAGAGCCAGGCGAGAACTCCTCCGTCGCGATTCCCACGATCGTCGTGGCGCCCGGGTAGGTGCCCCGGGCAATGAACATCCGGGCCAGCAGTTCCTCTGTTCGAGCCTCACGCGGCCACTCTTTGGGACGCGCTAGATAGACGTAGGTCACGCCTGAGGGCGAGCCAACCATGCGGGACCGAATATTCCGCCCTTGATGGAACTCGCGGAACGCCTCTGCAAGGAGGCGTCTCGCGAATCGCGACTCTCGTGCCATGATTCTCGCGACCTGCTCGACTCGCGGATTCGGGTCGCGCTCATGCCCGTAGCCAACGGAGAGAGTTGGTTCATTCTCGCCCAGAATGTGCTCGATCAGTGCATCCCAGAGGTAGCTGACCTGCTCCGCGGCCTTTCGCCGGACGAAGTCTTCCTGGTCCTTCAATCCGGACCAGATGTCGTCCTCCACGATCATAAGACTCACATCTCTTGGGTACGCGCGACCCTGCTGAAGGTAAAAGCCGAGTAGATTCTCGAGACCGGCGACCATGAGTTGACCGTTCTCGAGGAAGGCCTCTGTTTTTCGAAGGTACTCAACGAAGTCTGTGATCGTGTCCAACTCGCCGAGAAGAGCGAGGAGGCCATTCTCCTCGAGCACGTGCACGAAGCCCTTTCCAGAGTCGCCGTCTGCGATGGGCACTTCTCCCCTACTACCAAGCGCGACAGCGATCCGATGGACACGGCGCCGCTCCAAGGGAGGGAGGTAGAGCCAGTCAGCGCCCGTGCGATCCTGTACCCGGTCGACCCGCTTCAGGAAGCGTTCCGCCCCATATATCTGTTTGATAGAGTCCTTAACAGCCCGGGAGAGCCACCTATCCATACCAGTGGATAGATCGGGGGACTCTTTGTACGTGACCTCCTTGACAGAGAACACGATCACGTCCGGGTCGCACACGACTAGGACGTCGCACAGCTCCTTGCGGGCGTCCTTCCCGCGGGGGTTGGGAAGGCTCCACATCGAGAGGAAGGAGCGTCTGCAGAGTTGGTGCACAAGCTCTTCAGATCGTGTCATCTGCCCAACCCCCTCGATGGCGCCTAACGAAAAGGTGTTGCCGGCGTGGCCCGCCAGGAGCCGATCAGACCGCCAAGCGCGGCCCAACCATGATGGCCGGTCGGCGATGCGCTAGCAGGGCCGTGATTCACAAGCGAGCGTAGCGAGCGCAGCGGCAAGATCTAGTTAAGTGACGCCCACCTACCCGATGCGGGGCACCACTTCATCCATCACGTAGTGAACGAACTGCTGCCCCAAAGCGGTCAGAACGTACGGCTTGTCTCCGTCGAACGCCGACATGGTGTACGGCGAAATCTGACGGGTCCGCGTCCGTTTCCTAAGGAACCGGCCCTGATCGTCCGTCTTCCGAACCTGACGGATCACGCCCCCGGTGCTAAGGTCTCGAATCAGGAGCTTGAAGAGATCCGCTTCCGCCGAATCCTCACGGACTTCCACACCATGAATGTCGTCCCAGATCTCAGCACGACTGCTTCCTGGGAACTGGTAGATGACGCGGATCACCTTGAAGTGGATCTCGTTGTACCTGTCGATCCATTGGATGAACATCTTGACGATGTCATCGCCCGTCAGGTTCGCCGCCCCGGCATTCGCTAAGAGTTTCCGGAGGAGATCCCTCTTCTCCTGAGAGTCAGCCTGATCCCAAGCGCGGAACGCCAAGCGCACGATCGCCAGATACTCTTCGCTCTCGATTCTATCTCTTACCTCATCACCGAACTCGTCCAGCCGCGCAGTGACATCCGCGAGCACCTGTCCAAGGGCTAGGAGCTTCTCGGCATGTGTCTCCAGCCACTGACGCTGGAGTTCATTGACCTCCGCTTGACGCTCGGCATCCCGGAGCGTCGCAAGACCGGTCATCAATCCGCCCACCCACGGCACACCCCCCAGAGCGGCAGAAAAGAGCTTCTTGAAACGACGCCTTTTCCCGGGCTCCAAGTTCTTGGCGAGGTCATCCCGCAGGCGCTCGATTTCGTCGCGGTCGAACACAAGGAAATCAGACATCGTTCTCTCCGGTCCGTAACCGATACTCCGCAGCTTTGCATAAGGCTTCGGGGTGTCACTTAACGTTTCGGGGCTTCCGAACCGGCCCCGTCGGTACAGCTGATACGACCAGACTACGGTCGTCGCCGGCTTCACCGCCAGACGGACCTGGGCAGAGGAGGGCCGGTTGGGACGGAGCGCCGCCTCGCGGCGCGGAGCCGGAAGCCTTGTTGTTAGGCGATGGACCGACGCCGGAATCATGATGACGGAGTGCCTCAGCGGAGTCCCAACCCCAACGGTGGCCCGCAAAGGGACACCGACGGGGTGGGGCGGGGCCCCCTTCCTTCAGGATTCAGAGGCTACGAGAGGCGTCGGCTTCGCCTAACGTGCTTCTTCCCGCACCCATGCGTCGGCAGTCACCGCTTCCGACAGGGCGTCCGCGAGAACTTGGTCAACATTGCATCGCTACCGGTCGCTGCCAAGTTCGTCGCTCGCGGGAGCCCGCACACCCCCCACCGTTGGAACGCCCACCCCTCCTCCGGGGATTCCATCATCACCCCCACCACCCCGGAGTCCCCCCATGCGGTTCACGACCTATACCAAGTACAAGGGCGGCTGGCTCGACGCGCTCAATCTCGAGGGCCTGATGGAGATGCTGTCCGACTTCCTCATGGACGGCGGCTTCGCGGGGGGGCCGAACTACCATCCCTACTGGGGCTGGTCGGGCACCGAAGACACGAATTCGATCGACGCGCTCAAGCAGGCGCTGCTCGAGGCGCTGATCGAGAGCGGGCAGCTCACCTCCGAGATGCTCAAGGAGCTGCGGGGCGAGGGGGCGGGCGACGCCGAGATCCAGGCCAAGATCGCGGAGCTGCTCGACGACCTCATCCAGCGCATGGTCGAAGAGGGCTACATCTCGCTCGAGACCGGCAGCCCGCAGTTCACCGGTCCCACGCAGGACGTGACCGGGCAGGGGGAGATCGACGAGGCGAAGGACGCCTCTCAGACGGTGCAGTTCAACCTGAACCAGAAGGGCATGGACTTTCTGGGGTACCGCGCGCTGCGCAACCTGCTCGGCGCGCTCGGCAAGGCGAGCATCGGGGTGCACGACACGCCGCACCTCTCCACGGGCATTGAGGCCGAGGCCGCGAGTCGCCCCTACGAGTTCGGCGACACGCTCAACCTCGACATTCCGGCCACCCTCGCGAAGGCGATCGAGCGCGAGGGGCTCGACCTGCCGCTCAACCTCGAGTACGGCGACCTCATGGTGCACCAGTCGGAGTACCGGTCGTCGTGCGCGACGGTGCTCATGCTCGACATCAGCCACTCGATGGTGCTCTACGGCGAAGACCGCTTCTCGCCGGCCAAGCGGGTCGCGCTCGCGCTCTCGCACCTGATCCGCACGCAGTTCCCCGGCGACACGCTCAAGGTGGTCACCTTCGGGGACCGCGCGCAGGAGATCCCCCTCTCGCAGCTCGCGAAGGCGCAGGTCGGCCCCTTCCACACGAACACGGCCGAGGGACTCGAGATCGCCCGGCGTCTGCTCTCCGCCCAGAAGCAGGAGATGCGGCAGATCATCATGATTACCGACGGTAAGCCGTCGGCCATCACCCTGCCCGACGGACGCGTCTACACGAACTCGGGCGGGATGGACGGCCACATCCTGCGGCGCACCTTCCAGGAAGTGGCGGCCTGCCGGAAAGGCGGCATTCTGATCAACACCTTCATGCTCGCGCGCGA
NZ_CP144380.1_gap79	3033153	3036602	3449	ACGGAGTCGCGGAGGGCCGGATCGAGCCCCAGTCCCGGAAGCACCTGAATCTCGAAGTCGAGGCTCATGAAGGCCCACGACGCCTCGGCGTCCCGGCGCTCGACCATCAGGCGATTGGCGGGCACCGCCACCGACGAGGGCGTGGCCCCGTCCTCGAGCCGTCCGACCATGCGCATCCACACGCCCGAGGGACTCCGGAAGAGATCGGCGCCCCGCGACGGCTCCACCACGGGGAGCGCGCCGCCCGGCAACCACAGATCGGTGCGACCGGGTATCTCCACCCCGGCGAAGTCCTGCGGCATGACCCCCGCGATCCGGGCGTCCTGTCCGTTCACCCGCAGATCCCGCCCCACCGCCGACGACGCCGGCTCGGAGAGGCGTCGAGCCAGACTCCACGACACGACCACCTCGAGGTTCGCGCTCGCCTCCTCCACCGAGAAACCCGCCGAAGGGAGTCGCCCGGCCACCGGCGCCACTCCCAGGGCGTCGAACCACCCGGGCGTGACCGCGTCGGCGCGCGCGCGGATCGGGGGTCCTTCGCCGGGAGCGATGTTGACCTCGAGGGGCACCCGGGCCTCGAGATGGGCGAGTCCGGGGAGCTCACGGAAGGCCTCGAGATCGCCCTGGGAGATCGGGAAGGTGGGCCGGGGGGATTCGCGACTCCCGAGTCGGATCTCGACCAGCTCGGCCGGATCGGCGACGCCGGAGACCGGGCGCAGCAGCACCTCGTCGGCCACTGCGAGCACGGTGACGACGCCGCCGGTGCCCACGCCCAGCGTGGCCGCGACCATGAGGGCCCACCCCGGTCGGCGACGCAGCGACCGGGTCGCACCCGCCCCTTCCGCCGCCCATCGTCCGAGCGCATGCACGAGCCGGCGCGATCCGATCCGCATCGCGAATCCGCCGACCACCCCCAGCGCCCACAGCTCCGCCCGGATCGGCCCCGTTCGCGCCCGTCGATTGCGGTAGAGTTCCTCGATCTCCACCACCATCGACTCGCGGTCTTCCGCGGGCAGGAGGGCCCGGAGAGCCGCGCGGAGTCCCCGAGTCACGACTGCGCCTCCCCGAGCGCATCGAGTCCGTCCCACAGGCTGTGGAAGTCGGTTCGGGCCTCCCGCAGCTGGCGGATGGCGGCCTCGGTAACCTGCACGAACCGCCGCTCCCGCTTCGAGCCCGCGGAATCGTCGGTGCGCAGGTCGGACGCCACGAGACCCCGCTTCTCCAGCCGGCGCAGGGCGATGTAGACGGCCGCCGGCGCCACCGAGCGGCCCGTTCGCGACTCCAGCTCCTCCACGATCGGAGCGGTGAACGCCTCGTTGCCCAGCCGCAGCACGGCGAGCAGCACGTGGTGCTCGAATTCGCCGAGCGCGGTCCGATCGGTCATGGTCACTAGCGGTGCTAGGGGAATGGCTGACCTAACGATGCTAGAGGAGCGAGGGCGCGTCAAGCTGTCGGAGCGGGCCGGCGGGTGCGCATACTGGTGGCGCACGACGACGCACATCCGACCGGGGGCAGGATTCGTGATGTTTCGCCACCTCTCGTTGCTCCTCCTCGCCTGCGGGCTCGCCGCGCCCGCCGCGCCGCAGTCCCTCGCCCTCCGCAACGCGACCGTCGTCGACGTGACCGACGGCACGCTGCTGCCCGGCCGGACGGTGCTCATCGACGGCCCCCGCATCGCCGCCATCGGGCCGGCCGATGCGCTCCCGGTGCCGCCGGGCACGACCGTGGTGGAGGCCGAGGGCGCGTTCGTGATCCCCGGCCTGTGGGACATGCACGTCCACACCTTCAACAACAACAGCCTGCAGCCGCCCAACACCTGGACCCTGCCGCTCTACCTGGCGAACGGCGTGACGGGCGTGCGCGACATGTGGGTGAAACCGGGGGCGCAGGCCGAGCAGGTGCGCGCCTGGCAACAGGAGCTCGACGCGGGGTCGTTCGTGGGACCGCGCTTCGGAGCGATCGGCACCCTGGTCGATGGTCCCCCGCCGATCCAGAAGTCCGACACGGTGTCCACCGCCGCCGAGGCCGCAGCCTTCGTGGCCACCCTCGCGGAAGGCGGCATCGATTTCGTGAAGAGCTACAGCCGGCTCTCGCCCGAGGCGTACCACGGTCTGGTGGCGGCGGCGCGGGCGGCGGGGATCGAGGTGGCGGGCCACGGCCCCAACTCGCTGTCCACCTTCGAGGTCGCCGAGGCCGGGCAGCGCAGCATCGAGCACCTCACCGGGGTGCACGAGACCTGCTCGTCTCAGGAGCAGGCCCTTCGCGCGGAGGGGGTGCAGGCCTTCGACGAGCCGGGGCGCGTCGTCTCCACCTTCGATCCGGCGAAGTGCGCGTCGCTGTACGCGCGGCTGGCCGAGCGCGAGGTCTGGCAGGTGCCCACGCTGATCACCAATCGCGTCTGGACCGCCGACGCCCGCATCGAAGACCTCCTTCTCGACGAGGGACGGCTCTACACCCCCACCTGGGAAGCCGCGGAGTGGGGATGGGTGGAGAGCTTCCTCGCCTGGACGCCTCCCGACGACCGGGCGGCGTACGAGGCGCTCTACCGCCTGGAGCAGCGCATCGTCGGCGAGATGCATGCAGCGGGCGTACCGATCCTGGCCGGCACCGACTTCGGCAATCCGTATATCTATCCGGGGTTCAGTCTGCTCGACGAACTCGGCGAGCTGGTGGAGTCGGGCCTCTCGCCGCTTGCGGCGCTGCAGGCGGCCACCCTCGACCCGGCCCGCTACCTCGATCGCACCGACGACCTGGGCACCGTGTCCGAGGGCCGGCTGGCCGATCTCGTGCTGCTCGACGCCAACCCCCTCGACGACATCGAGCACGTGCGGCAGATCCGCGCCGTGGTCATGAACGGCCGGCTGTTCACCAGCGACGATCTCGCCCGCATGAAGCAGGAGGTGCTGGTGGGTCACTACCGCGAGGCCCTCGCGCAGCCCGCGCCCCTCGGCGTGCAGCCCCTCGACGAGGCGGCGGCCGAGCGGCTGGTGGGAGCGTACCGGGACGTCGACACCGGCAACGAGGCGGAGGTGGTGCTGGACGGCGGCGAACTGCGGGCCACCTTCGGCGACTGGGTCGACGCGCTCGAGCCGCTCGGCGGATCGCTCTTCCGCGTGACGGGCACGAACGTGGTCTACCTCTTCCAGCCCGAGCCCGAGGGCCCGGCGCGAGGCTTCGAGATCAACGACGGCGACACGGTGATGGTGTTCGAGCGGATTCGCTGACCCGGGGTCTCCCGGGGTCTCGCTCCCGTCACCCGCCCGGAGTCACCACCACCACGACCGGCGAGTGATCCGGCGGGACACCGGGAGCCGCCCTCAGGCGGAGTCGGGTCCCCGCACGGCACCGAAGAGGATCAGCGCGCCGCCCGCCAGGGCGATGTCCTTGAGGACCTGCCCCATGGCGGCCTGATCTCCGCCCATCAGCGCGGGCAGATGCACCATCAGCGC
NZ_CP144380.1_gap80	3045701	3049058	3357	GTCGCTTCCGCATGCCGGGCGACCCCACGCAGGCGCTGCACCTGCCGAAGGTGCGACCCGTCTGGCGGCGGTTGAAGGCGTGGCAGCCGGATGTGATCGTGGCCGCCACCCCCTGGGTGTTCGGGATCATGGCCCTCCCCCTCGCCCGCGCGACCGGCGCCGCGCTCTGCGTGGGCTACCACACCCAGTTCGACCGCATCGCCGACCTCTACTGGAACGGCCTCGTCACTCGCTTCGCGCGCCCGCTCTTCCACTTCTGGGACCGGGTGCTCTTTCGCTTCGCCGACCGCGTGCTCGTGCACAACCGCGAGCTGATCGACGACGCGCGCGACGGCGGCGCCCGCGCGGTGACCCTGATGGGCACCCCGGCCGCTTCGCGATTCCTCGCCGAGCCCGCACCGGCGGCACCCGACCGGATCGACTCGCTCGTGTTCGTGGGGCGGCTGGCTCCCGAGAAGCGCGTCGACCAGGTGATCGAGGCCGCGCGGAGTCACCCCACGCTGGCGGTGCACGTGATCGGCGACGGACCGCTCGAGGGCACCGTGCGCGAGGCCGCTGCGCAACTGCCCAATCTGACCGCGCACGGCTGGGTGGACCGCCCGCGGGTGCTCGAGCTTCTCGACGGGGCCGACGCGCTGGTGCTCCCCTCCCGCTTCGAGACCTTCGGGACCGCAGCGTACGAGGCCATGCTGCGGCGACGCGCCGTGCTCGTCTCGCCCGGGTGCGGCCTGATTCACTGGCCGGAGCTGCGTCCCGGGGTGTTCGTGATGGGCGAGGACGAGCCGGTGTCCGACGCGATCGGTCGGCTGCGGACGGCACCCGAGCTCGCCGCAGTGGCCGAGGCCGGGTGTGCCGCCGCGCGCACGCTGAACGAGCGGACGCTCGACCACTGGGTGTCCGTGCTGGTCGACACCGTGCATGCCCGCGCGAGGGGCTGACGCCGGGACTCCCGGCGAGGGGGCGCCTCCCGCCGTCGTTTCGATCCACGACGTCGGGCCCGACACCCTCGACCCGGTGGCCGAGCTGCTCGACGGCATTCGGCCACGGGCGGGCACGGCGGTGTCGCTTCTGGTGGTGCCCGGCCTCGACTGGTCCGCCGCCGACCTCGACCGGCTTCGGGCATGGCAGGCCGAGGGCTTCGAGCTCGCGGGCCACGGGTGGATCCATCACGGACCGCCCCGTACCCCTTGGCACCGGGTGCACGGCTGGCTGATCTCGCGCGATCAGGCCGAGCACCTGAGCCGCTCGGAGGGGGAGATCGAAGCCCTGATGCGGGCGGGCGTCGAGTGGTTCGCCGCGCACGATCTGGGGACTCCGGAGCTGTACGTGCCCCCGGCGTGGGCGCTCGGGGCGATCGGCGAGGCGGCCCTGCGTCGACTGCCGTACCGGCGCATCGAGGTGCTGCGGGGGTTTATGGCCATGAACGCCGGGGGAGCACCCGCCGTCGCGCCCTGTCCACTGATCGGCTTCGAGGCCGACACCCGGTTCCGGGCGGGCGCGCTGACCGTCTTCAACGCCGCATCGATCCGATGGGCCCGCCTCCGGCGCCGGCCGCTGCGCATCGGCTTCCATCCGCACGACCTGTCGCTGCGCCTGCGCGATGGGGCGCTCGCCTCGCTCGACCGCGGCTGGCGGTTCCTCACCTCGGAAGAGGCGGTGGCGGAGTTGCCGGAGGAGACCCTCGACGCGCATCGTGCAGATTGACCACAGCGTGGAGGAAATGGTGGATCAGCGACGCGATGAATTGGGAGATTCGACGAGCAGTTCTCGCCGAGTCCCGTATCGCGGTCCTGCCGTCCGTGTGACGCTGGCGATGCGGCCGTCCGCGCTACTGCGGTATCCTCCCGGTGCGAACGAGCATCCCGCCGCCCCGGCGTTACCGCGGTAACGCCTCGGCCCGATCGAGCATCGCTGCGCCCCACGTTACCGCGGAAACGCCTCGGCCCGATCGAGCATCGCTGCGCCCCACGTTACCGCGGAAACGTTTCTGCCCTCCCCGAGCGTCGTGCACCGTGGCCCGCCGCGCCCTATGATCGACGCATGCGTGCTCTCCTCGTTCTCGCCGCACTCGCCCTCGGGGGAGCCGCGGCCACCCCGGTGACCGCCCAGTCGGGCGCGGCCGCCTGCCCGACGCCACTCCCCGCGCCCCCGGCCCCCGGCACCGTCTCCGACGGGCCGCCGCCCCCCGCCTGGGATCTGCGGTGCATCGAGCTGCTCCCCACCGCGCGCGGCGGGGACGCGTCGGGAATGGTCACCCTCACCCGCCCGCCCTCGCCCTTCGCGGTGACGGTCACCCCCGACGGGCGGCATCGGTGGAATCTGGAGGCGCGCATCAGCGGCCTCGGTGAGCCCGCCGACCTCGGCGACTTCACCGCCTGGGTGGCCTGGGCCACCCCGCTCACCCTCGATCCGGTCGTGCGGCTCGGCGAGGTCGAGAACGGCACGGTCGGCCTCGGCGCAGTCGACTTCTCGAAGTATCTGATCTGGATCACCGCCGAGGCCGACCCCGCCACCACCGAGCGCGCGGGCCCGCTCGTGCTCCGCGGCCGCTCGCCGTCGAGTCGCATGGAGGCGCACGACCTGCTGGCCAACTCCCCGTCGGCCACCCAGGGCGCGCCGATGGCGGGCGACGGTGCGATGGGGGGCGACGCCATGGCGGGCCATGACCACGGCGCCGCGATCGGCGCCGACGGATGGCCCATGCCCCCCGCAAACCCCGACATCCCCATGCTCCCGGGCATCATGGCGGTGCGCCCCGAGGTGTCGCCGCTGCTGCTCGAGGTACCGGGGGCCGAGGCGCTTCCCGAGGTCCGCGAGCGGACGGTGGTCGACCTCCCCGACGGCGGCACCCTCGACCTCGAGGCCGGTCTCGTACGGAAGGAGGTCGCCGGCCGCCAACTGGTGATGCTGGCCTTCAACGAGCAGCACCCCGGGCCGCTCATCCGGGTCGACCGGGAGTCCACGATCTTCGTGAACTTCACGAACCACACCCCCTTCCCCACCGCCGTGCACTGGCACGGCCTGCGCCTCGACAATCGCTTCGATGGAGTCCCCGGGGTGACGCAGGATCCCGTGGCTCCGGGGGAGAGTTTCCGCTACACGATTCACTTTCCCGATGCGGGCATCTACTGGTATCACCCGCACCACCGAGAAGACATCCAGCAGGAACTCGGGCTGTACGGCAACCTGCTCGTGGATCCGATCGACCGGTCGGACTGGTCGCCGGTGAATCGCGAGGAGGTGCTGATGATCGACGACCTGCTCCTCGCCGACGACGACGTCGTGCCCTTCGGCGACGAGGCGTCGAACTACGCCCTGATGGGGCGCTTCGGCACCGTCGACCTCGTGAACGGCGAG
NZ_CP144380.1_gap81	3064312	3066264	1952	GTCCGGCCGCGAGCAGAGCGGCCACGGCGAGAGACGTGCGAACGAGCGAGGTCATGACGGGGACTCCGGGCAGGTGGGGGATTCGAGGGTGGAATCCTCGAGAGCTCCGCAGCGTTCCCACCCGAACGGAGTCCGCCGAGCGCGATCACCCGAAGGTGTCGTCCAACTCCGACACCATCACGTTGGTGGCGAGATCGTCGTGCAGCCGGGTCAGCAGGCTGTCTTCGGGCAGCTTGTCGAGCGCGCGCTCCATCTTCCGCATGGCCGCCTCGCTCGAGTAGGCGAGGTGCGCCACCGGATCGCCGGGGGAGACGGCGGGAAGGGTGGTCATGGCGAGCACGATGGCATCGCGGGGTGCGACCACCACACCGAGGTCGCGGCCGGCGAGACTGGTGTTCGTGGCGAGCGGCTGGCCCTCGTCCACCATGTCGCCCGGGTGCACGTGAAAGCGCAGAAACCCGCCTTCGTTGGCGCGGATCCAGGCGGTGTCTTCGGCCACCATGCGAAAGCTGGGCTTCACCACCTCGCCCCGCACCATCTTCAGCCCGATGAGCACGTTGCGGATGCCGCGCAGGGCGTACTCCACCACCGCCGGCTCCACCTTCCACACCTCGCCGGCCTCGAGGGTGATCGTGGCGCACCCCACCTGCAGCGCGGCCCGGCGGAGGCTGCCCTGGGGTCCCTTCGAATTGAGCAGCAACTCCGCCCCGAAGAGCGTGGCGAGACGCGCCGTGGCCTCCTGCTCCATGTCGGCGCGCACATTCGGGTAGTTGGTGCGCCGCACGGCGGCGGTGTGCAGATCGATGCCGTAGTCGCACCGCGCGATCACGTTCTCGAAGATCACGTGCGCGATGCGGCTGCTCAGGCTGCCGTCCACGCTGCCGGGAAACGACCGGTTGAGGTCGCGGCGGTCGGGCGAGTAGCGCGACAGCTGCTCGAAGGCGGGAATGTTGACCACGGGCACCAGCACCAGGGTGCCTGCGACCAGCTCGAACGGCTCCTCCTGGATGATGTGCCGCACGGTGCCGGTGCCGTTGATCTCGTCGCCGTGCACCGCCCCGGTCACGAACACCGCCGGACCGGGCTTCGCGCCGCGCCACACCTGCACGGGCAACTCGATCGGCGTGCCGCTGTAGCTCGTACTGGCGGTGAGGGTGAGATCGAGGCGCTCACCCGGTGCCACCGGCCGGCCGCCCCAGACGTGTGCTTCGCTGCCCGACTTTCTCGCCATCAGTCCTCGCTCTCGGTGTCCACTTCGGTGTCGAGCGGCCGCACCGCGCGGCGACGCCCGCGTCGGGCGGGCACGAGATCGCGCATCGACTCCAGCTTGCCGAAACAGAGCAGCCGGTCGTCTTCCTCGAGCACACGGGAGTCGCGGGGATTGGGGATCACGGTGGTGCCCCGATGCAGGGTGAGCACCACGATGTCGCGATCGCGCAGCCCCGAGTCGGCGATCGACGCGCCGACCAGCTGCGACTGCTGCCCCAGGTGCAGCTCGGTCACGCCGTAGCTCGCACTCACCGACAGCCGCTGGCGCACGTCGAGCTCCGGAAAGCTCACCTGGCGCTCCATGTAGTCGATGATGGCACCCGCCACATCGAGCTGAGTGGCCGTCTCGATGCCCTGGAGACCGGGCGAAGAGTTCACCTCCATCACCTGCGGCCCGTCGGCTCCTTCGAGCATGTCGACGCCGGCAACCTTCAGTCCCATGATCTGCGCCGCGCGGATCGCGGTGTCGCGAAAGGCCGGCTCGAGATCGATGGCCTGGGTGAGCCCGCCCCGGTGCACGTTGCTGCGGAACTCGTCGCCCTGCGCGGTGCGCCGCATCGAGGCCACAACCCGATCGCCCACCACGAAAGCGCGAATGTCCCGGCCCGCACTCTCGCCCACGAACTTCTGGATCAGCACGTTCTTCTCGGCCTTCTGCAGCGTCTCGATGATCGACTCGGCCA
NZ_CP144380.1_gap82	3074217	3077055	2838	AATCGAACTTCAGGTGCATGAAGAACATGACCACGAGAATGAACTTGGCCACCGAGAGACCGAGCAGAATCGGCACCTCGAGCGAGCCCAGCGTCTCGTGCATGTAGTAGGCAGCCACCTCGAGGGCGGTCAACACCGCGAGGATGATGCCGATGAGCCAGTAGAAGCCCACCGAGGCGTGTCCGCCCTCACCGTGTCCGTGTGCGTCAGCGTGACTCGACATCGGAACTCCTTACTGGATCAGGTAGACGAGAACGAAGATCACGATCCAGACGACGTCGACGAAGTGCCAGTACAGACCGGCGATCTCGACGTTGAGCGCCTTGGACGGGGGCAGCTTGCCCCGGGCCGACATCACGAAGAGGGTGGTCAGCCAGACGACACCGAAGAACACGTGCGCACCGTGGAATCCGGTGAGCACGTAGAACGACGATCCGAGCAGATTGGTGTCGAGGCCGAGTCCCACATGATAGAAGTGGTTGAACTCGTAGACCTGGAAGCCCAGGAACGTCGCCCCGAGCACGATCACGACACCCAGCCACGCCATCGACAGCTTTCGGTTGCCCCGCTGCACCCCGTCGAGGGCGAGAACCATCGCCAGGGAGCTCATGAGCAGCACGAAGGTGCTGATGGTGGTGAGGGGAATGTCGAAGACATCCCCGCTGAACGGCCCCACGATGCTCTGGCCCTTGTAGACCATGTACGTGGAGATCAGCGTCCCGAAGAAGAGGCACTCCGACCCGATCAGGGTCCAGAAGCCCAGCTTCCAGGAGTTCAGCCCGGTCGAGGTGTAGTGGTGGTCGTCGTGGGCCACCGCGGCAGCTTCAGCCATGTCTCGTCGTCGTCTCGATGGTCGCAGGTCGGGCCGTCAGTGGCTCGACTCGAGGTGCTTGAACGGATCTTCGAAGGCCCACATGAAGACCCCGAAGGTGGTGTAGGCGAGCCCGATGAGCGGCACCCACCAGACGCCGGTCATGACCAGCGCCCAGGTGGCCGTCACGCCCGAGGCCACCACGATCGGCCAGAACGACGGCCCGGGCATCTCCGGCTCCTTCGCCGGATGGGCCAGCGTCACCGCCTCGATGGCGGCCCGCTCGTCGTCGTGCCACATCGGCTCGCGCGACCGCACCTCCGGCAGCGCCGGGAAGTTGTAGTGGTGCGGCGGCGAGGGGATCGACCACTCCAGGCTCGGCGCGCCCCAGGCGTTGGATCCGGCCGGGGCCCCGCTCTTCGCGCTCTTCAGCACGTTGTAGAGCATGATCAGGGTGCTGATGCCCAGGATGAACCCACCCACGGTCGACATCTGGTTGTAGAGCTGCACCCCGAGCTCGGACTGGTACGTCCAGGTGCGGCGCGGCATCCCGAACATTCCCGAGAAGTGCATCGGGAAGAAGGTCAGGTTGAAGCCGATCATGGTGGTCCAGAAGTGCCAGGCACCCGCCTTCTCGCTGAGGTAGCGGCCCGTCACCTTCGGGAACCAGTAGTAGAGCCCGCTGAACATGCCCAGCAGGATCCCGCCCACGATCACGTAGTGGAAGTGGGCCACCACGAAGTAGCTGTCGTGCTGCTGCAGGTCGACCGGGGCCGAGGCGTGCATCACGCCCGACAGACCGCCCACGGTGAAGAGCGCCACCAGCCCCACGGCGAAGTTCATCGCCGTGGTGAAGCGGATCGCCCCGCCCCACATGGTGGCCATCCAGTTGAAGATCTTCACGCCCGTCGGGATCGCGATGATCATCGTGGTGGCCACGAAGAAGGAGTCGGCGATCGGCCCCATGCCCGAGGTGAACATGTGGTGGCTCCAAACGCCCCAGCCGATGAAGCCGATCAGCACGCCGGCGTACACCACCACCGGGTAGCCGAAGAGCGGCTTGCGGCTGAAGGCCGGGATCACGTCGCTGATCACACCGAAGGCCGGCAGCACCAGGATGTAGACCTCGGGGTGACCGAAGATCCAGAAGAGGTGCTGCCAGAGCACCGGGTCCGCGCCGGCGGCCACGTTGAAGAAGTTGGCCGAGAAGAAGCGATCGAACGCCAGCATGATCAGCGCCACCGCGATCACCGGGAGCGCCGTGATGAGCAGGAAGCTCGTCACGAAGGTCATCCAGGTGAACAGCGGCATGCGCATGAGCTTCATGCCCGGCGCACGCAGGTTGATGATCGTGGTGATGAAGTTCACACCACCCATGATCGAGCTCACACCCAGGATCGACAGCCCGAGCACCCAGAAGTCGACGTTCAGTCCGGGCGAGAACTGGGTGGAGGTGAGGTTGGCGTATCCGACCCAGCTGGTGTTCGGGGCCTGGCCCACGAACCACGACGCGTTGAGGTAGAGCCCTCCGAACAGGTAGATCCAGTAGGAGAGCGCGTTCAGCCGGGGAAAGGCCACGTCACGGGCGCCGATCTGCAGCGGCACCACGTAGTTGAAGAAGGCCACGGCCATCGGCATCGCCACCAGGAAGATCATGGTGGTGCCGTGCATCGTGAACAGCTGGTTGTAGAGCTCGGCCGAGATGAAATCGTTCTCGGGCTTGAAGAGCTGGATGCGGATCAGCAGCGCCTCGAGTCCTCCCACGAGCAGGAAGAAGATCGAGGTGAGGAAGTACATGATGCCGATCCGCTTGTGATCGACAGTGGTGATCCAGCTCCACAGCCCCGTCGGCTCACCGTGGTGAGCGTCGTGGGTGGTTGCGGCGGATTCGGTGGCTACGGACATGCGCTCAACTCGTTGGAAAGGCGGCTCGAGAGAGAAGCTCAGCGGAGGCTGTAGAGGTAGGCGGCCACGGCCCGGACCTGATCTTCGGTCAGGTTCGTGGCGGGCCAGTTCCCTCCCGCCAC
NZ_CP144380.1_gap83	3088393	3091613	3220	GCATGCCGCCGCTGCGTGAGCGCGCGGGCGACGTGCCGCTGCTCGTGAATCACGCGATCCAGCGACTCCAGGCCCGACACGGGCTCCCCCCGGTGCGCTTCGGGCCGGACGCCCTCGAGACGCTGCGCACCTATCGGTGGCCCGGAAACGTGCGCGAGCTGCTGAACGTGGTGGAGCGATTGACGATTCTGCACGCCGGCGAGCAGGTGGGCGCGGCCGACGTACAGCGCGTGCTGTCGGGCGGCCGGGCCACCCCCTCGTTCGCCTTCGACCCCGACGATCCGCGCGATCTGCGCGAGCGACTGGACGCCTTCGAGCGCACTCTGATCGAGGGCGCGCTCGCACATGCCGGTGACAATGTGGCTGAAGCAGCGCGGACCCTGAAGACGGACCGCGCGAACCTGTATCGACGCATGCGGCGCCTCGGACTCCGCGACGCCGACACCTGACCCGTGCCGGGCGCCCTCGCGCGCCCGGTCGAGGGAGACCCCCCGATGACGCTACGCTCCTTGCTCTCGGTGATCGCCATCACCGCGGTCGCGGCCCCGGTGGCCGCCGTTCAGGAGCCCACCGACGTGGGCCTGCCCCCCGACCTGGTCGAGGGGGTGGTGGCCTTTCTGAACGACTCCACCACCACCCGCCTCAACGGCTACACCCGGATCGCCCCCGGCCAATCGGTGGTGGGGGCGGTGGGTGTGGTGGGCGGCGACGTGGAGGTGGCGGGCACGATCGACGGCGACCTGCTGCTGGTGAACGGCGACCTCACCGTGGCACCCGGCGGCCGCATCACCGGCGATGTGCTGATCGTGGGCGGCCGGGTGATCGCCGCGGCCGACGATGCCGTCGGGGGTGAGATCCAGGTGCACGCCGACCGGCTGCGGCTGGTGGCCCGGCGCGGCGGGGTGGAGGTCACGCCCACGGCCACCGCCAACCGCCAGGGCCTCTACATCGGGGGCGCCCGCATCACGGTGCGGTCGGGCACCAACTACAACCGCGTGGAGGGGCTGCCGGTGCTCTTCGGGCCGGTCTTTCGCACCTCCGGGCCCAACCCGCTCCGCGTGGATGCCCTCGCGATCTGGCGCACGGAGCACGACCAGACCCGCGACGACCTCGGCTTCCAGGTGGCGGTCGACCAGACCTTCGGCCCGGCCACCGCCCGCATGGGCGTGGGGCTCGGTGCCTTCTCGCGGGTGGCTCCGATCGAGTCGTGGGGCCTCACCGACCTCGAGGCCTCGCTCAGCTCCTTCTTCTTCCACGAGGACTACCGGGACTACTTCGAGGAGCGCGGCTGGCACGCCTGGGCGCGCGCCCAGATTCCCGGCACCGCGGCGGAGTTTCAGCTGGAGTACCGCAATCGCGACCTCACCGCGGTCCCGACCGGCAGCCCCTGGACGCTGCGCCGCAACGACCGACCCTGGCGCGCGCAGCCTCTCGTGCCCGAGGGCGACCTCCAGACGCTCACCGCCCGGCTGATCTGGGACGAGCGCAACGACGCGGACGACCCCACCGACGGATGGTACTTCTCGGGACGGGTCACCCGCGGGCTCGCCGGATCGCTCCTGCTGCCGGTGCCGGTCGACGAGTTTCTCGAGCCCTCCGGCGACCCCACCCCGGTCGACGCCGGCTTCACGACCGGCTTCGTGGAGTTTCGCCGGTACGCGCGGCTGTCGCCCGATCACGATCTGTCGCTCCGCCTGATCGCGGCGGGATCCCTCGACGGCGACCTGCAGCCCGCCTTCTACCAGCACACCCTCGGCGGCGAGGGCTCGCTGCCCGGGTACCGCCTCTTCGAGCTCGACTGCGGCGCCCGCTCGTCGCTGCTGCCGTACGTGCACCGCGGCACCGGCGAGCCCGAACCCGCCTACGGACGCTACGGCTGCAGCCGCATCGCGCACTTCCAGCTCCAGTATCGCGGGCGCCTGCCGATCGACGCGCTGCGCGGCGATGCCGGCCCCAACCTCTCCGAAGGCAGCGGCTGGTTCGACGGGGTCGACCTCGACCCGCGCTGGCTGCTCTTCTTCGACGCGGGCCGGGCGTGGAGCCAGGACGGCGACTTCGCCGACGAGCCCTCGGTGGCCGACATCGGGGCCGGCATCACGGTCGGCGGAGTTGGCGCCTACTGGGCCTACCCGCTGAGCGGCGACCACCGCCGGGTGAACTTCTTCCTCCGCCTTCAGCGCCGGTTCTGAGCGGAGCCTGACGGTGCGTCGCCTCCTCCTTCTCACGATCCTCGCGAGCGGTCTCGCGCTGGGACTCCCTTCCGGAGTTTCTGCGCAGGACGAGACGTGGATCTCCGTGGTGCCCGAAACGGGGGCCGCGCGGGTGGAGGTGGGTGCCCTTCTCGACGACCGGGCGCTGGCGAATGCGATGCACGAGGGACTCCCCCTGCGCATCGGGGTGTCGGTGGAGCTGTGGGCCGATCGGTTCTTCGACTCCGAAGAGGGCCGCGAGGAGTGGAAGGCATCGGTCGTGTACGACCCGGTCACTCTCGACTACGAGGTGCAGGTGGGCGACCGCGATCCGGCACGGCTGCGCTCGCTCACCCAGGTGCGCGAGCACCTGCAGCGGGCCTTCGTGCTGATGCTGCGGCCGCACCGCGCCGGCCGGTACTACTACCTCGCGACGGTGGAGATGGCGACGCTGTCGCTCTCCGATCTCGACGAGCTCCGGCGCTGGCTCTCGGGCGACCTCGCTTCGGGAACGCAGGGCGACAGCGAGGGTGCCGTTACCCGCGGCGTGCGCCGACTTTTCGTACGCGCGTTGGGCCTGCCCACCCGCCGCCTGCGACTGCGCACCGACGCCTTCGACTTCCAAGGCGTACCCTCGAACTGAGCCACCTCCGCCCGCACACCGTGTCCGCTTCCGAGCTCGATCCCACCGACCTGCGCCGCTGGGTGCACGACCACCGCGCCGACTTCGTGGCGCTGGTGGCCGATCTGTGCCGCGTGGAGTCCCCCTCGGATCATCCGGAGACGCAGGCCGGGGTGCACACTCGCATCGAGGCCGCGCTGGAGCCGCTCGGCTTCGTGGCGCGCCGTGTTCCGGGCCGCGGCACCGGCGACCACCTGCTGCTCCGACGCGCGAGCCGCCGGAAGGGCGCGCCGATGCAGCTCCTGATCGGGCACAGCGACACCGTCTGGCCGCTCGGCACCCTCGAGACCATGCCGGTGGTGGAGGAGCAGGGGCGGCTGCGCGGCCCGGGCACCCTCGACATGAAGGG
NZ_CP144380.1_gap84	3201453	3205892	4439	GGCGAGCCCGGCCAGTCGGAGAACAGCTTCCGCGTGGACCTGGTGGACGACGATCCGCGGGCGACCGTGGTGATTCCCGTCACCGTCGAGATCCTCGAGCAGCTCGTGGAGGCCCGGGTCGTGCGCGGGCGCCTGGGGCTGTGGGCGTCGTTCGACCTGCCGGTGGCCACCCGCGTGCGGTTCCGGGAGCTGTTGCGCGCCCTTCCCGAGGGCGCCTCCAGCACCGAGCTGCGGGCCACGCGACTGCGGCGGGTGACCGAAGCGGACTGACCGCGCTCCGGGTCAGTTGCCCCCGGGGTCGGTGGCGGACCGCGCCGCCTTGGCGTCGCGCACCATCTCGCGCACGTCCGCGAGCAGCGCCCTGGCGTCGTAGACGATCCCGTCCTTCACGGTGTAGCTGATGCCGCCCACCCGGCCGACGTTGCCCTCGTCGTCGAGCTTCATGGCCCCGGTGCCGTAGAGCACCTTCAGGTTTTCGAGAGGGTTCTCCTCCACCATCACGAGATCGGCCTTCATTCCCTCTCGGAGCAGGCCGAACTCGAGCTGGTCTTCTCGGCCGCTCGGCTTGTGGAGCTGGACCGCTCCGTGGTAGGTGGCCGCCCGTACGACCTCCACGGGGTGGAAGCCCGCTTCGCGCAGCAGCTCGAGCTCCCGGATGTACCCGAAGCCGTAGAGGCTGTAGATGAACCCCGAGTCGGAGCCGGTGGTGACGATGCCGCCGGCGTTCTTGTAGTCGTTCAGGAATCGCATCCACTTCTCGTAGAAGCGATTCCAGTGGAATTCGTCTTCCGACGTCCAGTAGAACCAGTACGACCCGTGCGCCTCGCGCGCCGGCTGGAAGAAGTCCCACTGCGAGGGCAGGGTGTACTCCTCGTGCCACTCCGCCTCGCGGGCCCGCATCACGTCGCGACTCGCCTCGTAGATCGTCATGGTGGGATCGATCCCGAAGTCGAGCTCCAGGAAGCGGTCGATCAGCGCGTTCCACTCCTCCGATCCCGGTTCCACGCTCTGCTGCCAGAGCCGGCCCACCTGCCCGAAGCGGTGCTGCTCGTTGTTGTAGTTGTAGTCGAGCGGCCAGTCCTGGATGCTGTAGTCGGTGAGCATCGACTCGAAGAGCCCGTAGTAGTGGGTCATCATGTCGAGCCCGGCCTCCGCGGCATCGAGGGCGGTGAGGCGCGCGAGGTGCGTCTGGCCCAGGTGAGCCACCGTTCCCAGCCCGTGGAGTGCCGCCTCGTCGACCAGCGCCTCGAAGATGGGCGGGTCCATGTTGGGCCCCGACAGCTTCAGTCCGTCGACCCGCGCCCCGTCGACCTCGTACTCGGCGATGAAGCGCACCCAGGCCCGCGCCTGCTCGGGCGTGTCGACGGGCCCGCCCTCCCACGCCTCGCCGGGGCGCGCGTAGGTGAACATGCGCGGGGCCACGATCTCGTTCCGCTCGGCGGCCGCCTTCTCGCCGAGGGCCCAGGTGACCGAGCCGTGCCCCACCCCCCGAGAGGTGGTGATGCCGTGGCCGAGCCAGAGCTTGTAGGTGTACTCGGCCTGGGGCGCCTTGCCGGCGCCGCCGGTGTGCGCGTGCATGTCGATGAACCCGGGCATCACCCACCGACCCTGCCAGTCGATCTCCCGGTCGCCTGCGGCCGGCCGCCGGCGCTCGTTGATCGGCACCCCGGGGTAGCCCACCGACCGGATCTCGGCGATGCGATCGCCCTCGATCACGATGTCGACCGGGCCCTGCGGAGGGGCGCCGGTGCCGTCGAGGATCGTGGCTCCGCGAATCACGAGCCGCTCGTAGGGGCCCCCGCCCTCGTCCAGCCCCCGACGCGTGGTCGTGTCCATCTGTGCCTGCAGGGGCAGCGCGCCGGCGAAGAGGGCGGCGGCGAGGGCGGGCAGGGTGCGGGAGAGCCGGATCATGGCAACCTCGTGGACCGGGGTGGCGCCGGGGGAGCGGGCCCCTGCGACGCGTGCGGGTGCGCCGGGGATATAGGGTGTCGCGGCGCCCCCACGCAACGCCGGGGAGTGTACGGAAATCGGTGGATTCGCCACCTTTCGGGTTCGTCTGCTCCCCCCGTCTGGACCGATCGCCCGTGGCCGAAACTCCGCTCGATTCCTCCGCCGTTCCACGGTCTGCGCCGCCGGCCGCGGTCGCCGAGGAGGCGCGTGGGCTGCGCGAAGCGCTGCACCGCCACGCCTGGCTCTACTACGTGGAGGCACGGCCCGAGATCGCCGACGAGGAGTACGATCGTCTCTTCCGGCGGCTGCAGGCGATCGAGGCGGAGTACCCGGCGCTGTACACCCCCGACTCCCCGACGCAGCGGGTCGGCGCCGAGCCGCAGGACGCATTCGAGACGGTCCCGCATCTCGTGCCTCTCCTCTCGCTCGACTCCAGTCAGGAAGAGGAGGCCGTACGACGCTTCGACGAGCGCGTGCGGAAGGCGCTGGAGCACCCGGCGGCCTACCTGCTGGAGCCGAAGCTCGACGGCGCCTCGATCGAGCTGGTGTACGAGGCAGGCGTACTCGTGCGGGCCGTCACCCGCGGCAACGGGCAGCGCGGCGAGGATGTGACGGAGAACATCCGCACGATCGCCTCGGTGCCGCTCCGCCTGCGGGGGGGCGAGCGGCCGGTGCCCGACCGGCTCGCGGTGCGGGGCGAGGTGATGATGACGGTGAGCGCCTTCGAGCGTTTCAACGAGCGGCTGCTCGAGAGCGACCAGGAGCCCTACGCCTCTCCGCGCAACTCGGCGGCCGGCGCGATCCGACAGCTCGACTCCCGACTCACCGCGGAGCGCGAGCTGGTGTGCTTCGCCTACGACGTCCTGCTGGTGGAGGGCGACCGCTTCCACCGCGACCGCGACGCCTTCGAGGCGCTGGGGGCCTGGGGCTTTCTGAGGCCCGAGCGGGTGGAGGTCGTGGAGACGGTGGAGGAGATCGTGGCCTACCACGCCGCGATCGGCGACGATCGCGATGATCTCGACTACGAGATCGACGGCGTGGTGATCAAGCTCGACGACCTCGATGCCCGCGCCGATCTCGGCGCCACCTCGCACCACCCGCGGTGGGCGATGGCGTTCAAGTTCGAGCCGCGCAAGGAAGTCACGCGGGTGGAGCGCATCGCGATCTCGGTGGGCCGCACCGGGGTGCTCACGCCGGTGGCGCTGCTCCTTCCGGTGCAGGTGGGCGGCGTGACGATCTCGCGGGCCTCTCTGCACAATCGCGAGGAGGTGGCCCGCAAGGACGTGCGCGAGGGCGACCGCGTGCGCATTCAGCGGGCCGGCGACGTGATCCCGCAGGTGGTGGAACGCATCGACGAGCCCGACCGCGTGCGCGCCGAGCCCTTCCGCATGCCCGATCTCTGCCCGGCCTGCGACACCTCGGTGGTGGAGGACGGCCCGCGCACGGTCTGCCCCAACCGCTTCGGCTGTCCGGCGCAGCTCAAGGGACGAATCGTGCACTTCGGGGCCCGCAACGCCCTCGACATCGAGGGGCTGGGCGAGGAGACCGCCGCGCTGCTGGTCGATCGCGGGCTCGTGCGGGAGTTGGCCGATCTCTTCGATCTCGAGCCGGGTGCACTGGTCGACCTGCCCGGCTTCGCGGAGAAGTCGGCCACGAACCTGGTCGAGGGCATCGCCCGGCGGAAGACGGTGGAGCTGCGGCGCTTCCTGCACGGCCTGGGCATTCCCGAAGTGGGAGTGACGGTCGCGCGCGACCTCGCGCTGCACTTCCGGTCGGTCGAGGCGATCCGGGCGGCCGACGCCGAGCAGCTCGAGGCGGTGCCCGGGATCGGCCCCAAGATGTCGGAGGCGATCCGCGGCTTTCTCACCACCCCGGCCAACGCCGTGGCCATCGACCACGTTCTGGAGAAGGGCTTCACCCTCGTGGCGCCCGAGGGCCCGGCCGATACCGAACTGGCCGGCCGGCGCTTCGTCTTCACCGGCGGGCTCGAGCGGATGACCCGCTCGCAGGCCCGCAAGCTGGTGGAGGGGGCCGGCGCCCGCGCGGTCTCGTCGGTGAGTGGCGAGACGGACTGGGTGGTGGCGGGTACGGATCCGGGATCGAAGTACGACAAGGCGGTCGCGCTCGGTGTGGCGGTGCTCTCCGAGGCGGAGTTCGTCGACCTGCTCCGCGAGGCCGGGGTCGAGGTACCGGAATGACCGGGAGGCGCTGAGTGGAGAACATCGACATCGCCCGTACCCTTCGGGAGACGGCCGATCTGCTGGAGATCCAGGGGGCGAACCCCTTCCGGATCCGCGCCTACCGCAACGCGGTGCGCACCATCGACGGGCTGACCCGCTCGCTCCAGGATCTGGTCGCCGCCGGCGACGACCTCACCGAGCTCCAGGGCGTGGGCAGGGAGATGGACCTCCACATCCGCGAGCTGCTGCAGACCGGGCAGCTGTCGACGCTGAACGCCGTGGTCGAAGAGGTGCCCCGCACCCTCGTCG
NZ_CP144380.1_gap85	3216378	3217029	651	TGGCCAACGGGCCCGAGGTGTCGAAGCCCCTGGTGGAGACGTCGCGCGCCGGCTACCTCGCCGCTCTCTCGGCGAGCGCGTACTCGCTCGTGAGCATGGTGCAGCGCATGGGACCCCTCATGCGCCCCGGCGGCGCCGTGGTGTCGCTGAGCTACCTGGCCGGAGAGCGGGTGATTCCGGGATACGGCGGAGGGATGAGCTCGGCCAAGTCCGCGCTCGAGGGCGACACCCGCACCCTCGCCTACGAGGCCGGTCGTCGCTACGGCATCCGGGTGAACACGATCAGCGCGGGACCCCTCGCGAGCCGCGCGGCCAAGGCCATCGGTTCGATCGGCAACCTGGTGGAGTACTACGAGCAGAATGCGGCCCTGCCGGCCTGCAACACGGCCGACGACGTCGGGCGGGCCGCCGCCTTTCTCTGCTCGCCGCTGGCGGCCGCCATCACCGGTGAGACGCTGCACGTCGACATGGGCTACCACGCGATGGGCATGATCGCCGGAGATCAGCTCACCAACGAGTAGCGGGCGGGGTCTCCGACCCCATTCGCCGCAGGAGGTGTAGCACTCCCCATGAGTGATGCCTTCGGAACGCTCCTGCCCCGGCTCGTCACCCCGGTCCCCGGACCGCGCTCCCACGCGCTGGCCGACCGAC
NZ_CP144380.1_gap86	3222348	3225438	3090	TAGAGCTGGCCGGGGCCGGAGCGGCCGGGGAAGTTGCGGTTCTGCGAGCTCACGCTCACCTGGTCGGCGTCGCGCGTCACCCCGGGGCCGGCGTTGATGCAGGCGCCGCAGCCGGGCTCGATGAAGCTCGCCCCCATCCGCTCGAAGAGCTCGAGGTAGCCCTGCTCGCGGCAGTACTCCCGCACCTCGATCGATCCGCACTGGATGAAGCACTCCACGTCGGGGTGCACCTTGAGTCCCTGCTTCTCGGCGTCCCGGAAGACGCGGGCGTACATGTCCATGTCTTCCTTCTTTCCGGCCGTGCACGAACCGGCGTAGGCGATCTCGATCCGCACCGGCTCCTGCTCGAGTTCGCGCACGAACACGCCGTTGCCGGGGTCGCCGGGCAGCGCCGCCATCGGCTCGATGGTGGAGGCGTCGATCTCGATCACCTTCACGTACTCGGCCCCCTCGTCGGACTGCATGTCCTCCACGAGGGCGCGGGCGCGGGCCTCGTCCATCCCGCGCTCGCTCACCAGATACTCCACCGTCTTCTCGTCGGCGGCCACGATGCCGGTGAAGGCGCCCACCTCGGCGGCCATGTTGGTCATGGTGGCCCGCTCGTCGACCGACAGCGCTTCCACCGCCGGCCCGGCGTACTCGATGATCTGACCGATCGCGTGCCCGTCGCGGATGTAGGGCTGACGCAGGATCTCGAGCATGTAGTCCTTCGCGGTGACGTTCGCACGCGGAGCGCCCGAGATCACCACCTTGAAGCTCTTCGGCACCCGCACCCGCACGTCGCGGGTGATCCAGGAGTTGAAGATGGCGGTGGTTCCGCAGCCGAAGGCCACGCAGCCGATCGCGCCCGCGTGCGGGGTGTGCGAGTCGGAGCCGATGATCAGCATGCCCGGCTCGGCGTACTCCTCGAGGATCTTGGAGTGGCAGATGGCCTCGGAGCCCATCACATGGCCCTTCTGCTCGCCGTACAGGGTGATGCCCTGCCGCTCGGCGAACTCCCGCTGCTTCACCTCGAGCTGGTTGGCCACGTCGAGCAGCCCCATCTCGATCCGCTCCTGACTCATCGCCTTGTGCAGGAAGGTCAGGTGGTCGCGGAAGAACAGCACGGTGTCGGGGTCGGCCACCTTCCCGTCGGTGCCCATCTTCTGCTCGAAGAAGATGGCGCTCATCGGGGTGACGTACTCGTGGCTGAAGCGCACGTCGGTGCGGAAGAAGCCGGCCTCGCCGGGCTCGACCCAGTCCACGCCCACATCCTCGTTCGCCGCGTCGACCACCCAGTGCCGGGCGAAGATCTTCTCGGCCACCGTCATCGGGCGGTCGCCGGCGTCGGGCGCCGCGCTGTGCGGCGCGGGCAGACTCACCTTGCCCTGCAGGCGCGCGACGTTGAACTCGAAGAGGCCACCGTACTCGATGATCTGACGGGTGATCTCGTCCTTGCCGTCGGTGAAGACGGAGAGGGGGATGTCCTCGCCCGAGAGAATGCGGTCGATCACCGAGAAGTCGGTGGTCGTGAGCATGCCGAGGTTCTGGCAGTTCTCGTTGTAGATCCGCTCGATGCTCTCTCCCACCACCACCTGGATGCCCGCCATCAGTTCGGCGTAAGGGGACTGCTCGCGGCTGCTGCCCTTGCCGCGCCGCTTGCCCGCCACCGAGCAGACGAACCCGCCGTTCTTGACCGACCCGCGCGTGATCGGGGCCTCCGCCTCACCGGTGTCCGGGTTGATCGCACGGAGTCCCAGATAGGGAAACTCGCCGAGGGTCTCGTCGAAGAAGTAGCAGATGTAGGCCGGCGTGATCTCGTCGGTGGAGATCTGATCGCGCAGCTTGGCCTGCAGCTCGTCGGTGAGCTCGAGATTCCGTCCGCCCTCCAGCTGATCGCGGATCAGCTGCGAGTCGTCGGCGAGGTAGAGCACCCGGCCGTCGAAGCGGAGGGTGGTCGGACGCTTGGCGACGGGACGCCGGGTGAGGTCTTCCATGGGCAGATCGGCTGGAGCGGGGGAGGTCGAACTCGAAAGATGCGGGGCGGTCACGGGGAGGCACAAGGATGCACCCCGCGCGCGCGAGGTCGGAGCCGCCGCCGGGGATTCCTTGACGCGGCGTCGCCGCGCCCCCCTAATACCTCCCTCTCATGCGGGCATTTGGGACGGGATCACGGAAGAGGAGCCGACGTGACGGACCCCATCGACGTTGAAGTTCAGAAGCACGGGGAAGACTCGATCCAGCGCGAGCTGTTCGGGACGCGCCTCGGGTTCATCCTCGCCGCGGTCGGAAGCGCGGTCGGGCTGGGCAACATGTGGCGCTTTCCGTACCGGGTGGCCGAGGGAGGCGGTGCCGCCTTCGTCACCCTGTACATCATCCTCACCCTGTGCCTCGGCATTCCGCTGATGCTGTGCGAGTTCTCGGTCGGCCGGCGGACCCGACTGTCGCCGATCGGCGCGATGCGTCGCGAGGGCGGCGGTGCCTGGCCGCTGGTGGGCTTTCTCGGGGTGCTCACCGGCCTCCTGATCCTCTCGTACTACTCGGTGATCGCCGGGTGGGTGGTGCGGTACGGTATCGAGGGCATCCTGCACGGCTTCGCCGCGGATCCGGGGGCGTACTTCGAGCAGGTCACGACCGGTGTGGCCCCGATCGTCTACCACATCGCCTTCATGGTGCTCACGATCACCATCGTGAGCGTCGGGGTGGAGAAAGGCATCGAGAAGGCATCGCTGATCCTGATGCCGGTGCTCTTCACGATCGTGATCGGGCTGGCCGTCTGGGCGGCGACTCTGGTGGGCTCGGGCGAGGGCTACAGCTTCTACCTCGCACCCTCGTTCGAGGAGCTGCTCAACCCCACCACCCTCGCGGAGGCGGGGGGACAGGCCTTCTTCTCGCTGAGCCTGGGGATGGGGGCCATGCTGACGTTCGCCTCGTACCTCTCGCGGCACGAGAATCTCAACCGCGAGGCCACCACGATCGCCTTCTCCGACTTCGGGGTGGCCTTCACGGCCGGGCTCGTGGTGTTTCCGGTGATCGCCGCACTCGGGCTGCAGAGCCAGGTGAGCGCGAGCACGGTGGGCGCGCTCTTCATCGCGCTGCCGGGCGCCTTCG
NZ_CP144380.1_gap87	3227367	3230651	3284	CGCAGCCCGCGCCAGGCCTGGCAGCAGGGCATCGGCATGGTCCATCAGCACTTCGCCCTGGTCGACCGCATGACGGTGCTCGAGAATCTCGCGCTGGGACGCGGAGGCTCGGGACTGCGGCTCGACCTGGCGGCGATCCGGCGCGAGGCCACCGCGCTGGCCGCGTCGGTCCGGCTCGAGGTGGACCTCGACGCACCGGTCGAGGGACTCGGGGTCGGCGAGCGCCAGCGCGCCGAGATCCTCAAGGTGTTGCTGCGCGACCCGGGCGTGCTCGTTCTCGACGAGCCCACGGCCGTGCTCTCCCCGGGTGAGGTGGAGGGTCTGCTCGCCCTGCTCCGGAGGCTGGCGGCCGAGGGCCGTGCCGTGGTACTGGTGGCCCACAAGCTCGACGAAGTGCTCGCCGTGGCCGATCGGGTGACCGTGCTGCGCCGGGGGCGCACGGTGCTGGAGGCGGCCCGGGCCGAGGTCGACGCGCGGGCGCTGGCCGCCGCGATGGTGGGCGAGGAGGAGGTCGGCGACCTGGTGGTGGTGGGGAGCCGAGAGGCGTCGCGCCCGGTCGGACTCGCCGATGCGCCGGCGCCCGTGGCCGTGCTGCACGACGCCGGTGTGGGGGACCGCCTGGCCGGCGTGGATCTCGAGATCCGACCCGGGGAGATCGTCGGTATCGCCGGTGTCGAGGGCAACGGGCAGCGTGCGCTCGCGCGCCTTCTCGCCGGTCGCGCCGCTGCGGACCGCGGGCGGGTGGAGGTGCCGGCCGAGGTGGCGTTCATTCCTCAGGACCGGCTTCGCGAGGGGCTGGTGGGGGGCTTCACCCTCACCGAGAACGTCGCTCTCGGGCTGCATCGCTCTCCCCGCTTCCGCCGCGGCCCCCTGCTCCGGTGGTCGGCGCTGCGGCGCCGCACCCGCGAGCTCATGGAGCGGTACCGGATCACCGCACCCGGCCCGCGCGCCCGCGCTTCCGCCCTCTCCGGAGGCAACCAGCAGCGGCTGGTGGTGGCGCGCGAACTCGAGGGCGATCCGGCGCTCATCGTGGCCGAGAACCCCACGCGGGGTCTCGACGTGGCGGCCGCCGCCTTCGTGCATCGGGTGCTCCGGGAGCGGGTGGGCGCCGAACGGGCGGCGGCCGTGGTGCTGATCAGTACCGACCTCGACGAGATTCTCGCGCTCGCCGATCGGGTGTTCGTGCTGGTTCGGGGACGCCTGCGGCCCGTGCCGGCCGAGGCCCGCACCCGCGAGGGGGTGGGCGCCCGCATGCTCGACGCCGACGGGCCCGGAGCGGGATCGTGACCCCCCGCTGGTGGGCGGCGGCCTCCGCCGTGGGGGCCCTGGTGCTCACCCTCCTGCTCGCCGGCCTGTCGCTGGCGGTCGGCGGGTACGATCCGATCGAGGCCTTCGGTGCGTTGCTCCGAGGGGCGCTCGGCTCGCCCTCGGCGGTGCTCTCGATCACCCTGGTGCGCACCGTTCCGCTGCTCCTCACCGGTCTCGCCGTCGCCCTCGCCTTCCGGGCGGGGGTGTGGAACATCGGCGCCGAGGGGCAGCTGTACGCGGGGGCCGTGGCCGCGGTCTGGGTGGGACTCCAGGTGGCCGCCTGGCCCGCGTGGGCGGCCGGATCGGCCGTGCTGCTCGGCGCCGCGATCGCGGGGGCGGCCTGGGCGGCGGTCCCGGCGCTGATGAAGCTCCGGCTCGGGGTGGGCGAGGTGATCACCACCCTCCTGCTGAACTTCGTGGCCATCGAGCTGTCGGCCTGGATGGTGCACGGGCCGCTGCAGGAGCCGCGGGGGGTGTTCCCGCAGACCGAGGCCATCGCCGAGGTGGCCCGGCTCCCGATCGTGGTGGCGGGCACCCGCCTGCACCTGGGGTTCGTGATCGCGGTCGGTGTGGCGCTTCTTCTCGCCGCCGCACTGCACTGGACGCGGGTCGGCTTCTTCGTCCGGGCCGTCGGCGCCTCGAACGGTGCCGCGCGGGTGTCGGGTCGCGTGCCCGTCGCGCGCGTGGTACTCGGTGTCTTTCTGCTGAGCGGTGCCCTGGCCGGCCTCGCGGGTGGCGTGGAGGTGTCGGGGGTGACCTTCGTTCTCTACGAAGATCTCTCCCCGGGGCACGGCTACACCGCCATCGCGGTCGCGCTGCTCGCCGGGCTGCACCCGGTGGGTGTGGTGGGCACCGCCGTGCTCTTCGGGGTGCTGGAAGGGGGCGCCTCGGCGATGCAGCGCGACGCCGGCGTGCCGGCCGCCTGGGTCGACGCCGTCCAGGCGCTCGTGATCCTGAGCGTGCTCGTGATGGACCGGGTGGCGCGGCGCGGACTCGAGCGATGGAGGGAGGGCCGTGGCTGAGTTCGCAATCGTCGCCGCGTTCCTGCAAGCGTCAGTCCGACTTGGAGTTCCGCTCGCGCTTGCGGCTCTGGGCGAGACCCTCTCCGAACGCGCCGGCGTGATCAACATCGGCCTCGAGGGCTCGATCGTAGCGGGTGCGCTGGCGGGGGCCCTGGGTGCGCTCGCCACCGGGTCGCCGGCCTTGGGGGTGCTGTGCGGTGCGGCCGCGGGGGGAGGTGTGGCGCTGATCTTCGCCCTCTTCGTGGTGCTCCTCAGCACCGACCAGATCATCACCGGAACCGCGATCACCCTCGGGGGGCTCGGCTTCACGGCGGTCGTCTACCAGTCCCGCTTCGGCGTGACCGGAACGGCCCTCTCGCTCCCGACCCTGGATGCCTGGTCGGTGCCGCTGTTGTCGCGGCTTCCCCTGATCGGGTCGGCCTTCTTCGAGCAGGCACCGACCGCCTATCTCGCCTATCTGGCGGCCCCGGCTCTCTGGTGGCTGCTCTTTCGCACCCGGTGGGGGCTGGAGATCCGGGCGGTGGGCGAGGATCCCGATGCGGCGGCGGCCGCCGGCGTGTCGGTGCGCCTGCTCCGGGTCGTGACGACGGTGGTCGCGGGGGCGGCCGCCGGCGTGGCCGGCGCGCATCTCGCGCTCGCCCACACGGGCACCTTCACCGAGGGGATGAGCGCCGGCAAGGGCTTCATCGCGATCGCCGTGGTGGTCCTGGGGCGCTGGAATCCCCCCCTCGTGCTCCTCGCCGCGCTTCTCTTCGGCGCGGCCTCCGCGCTGCAGTTCCTGATGCAGACGCTGGGGCTCGATGTGGGCTACCAGCTGTTCCTCGCCTTTCCCTACCTGTTGACCCTGGCCGCCCTCGCCGGCTGGGTGGGGCGAGCGCGGGCGCCGGCGGCCCTCGCGCTGCCCTGGCCGCGCGACGGGGGATGACCCCGGTCACGGATCGGGCGGGCGACTCG
NZ_CP144380.1_gap88	3238259	3242074	3815	CCTGATCCGATTCGCCTGGGGCGCCGATGCCGAGGCGGTGGCGGGCGACCTGGCGGAGAGTCTCGAGGGCCGGCGGCGGGGGGGCGCCGGGGAGGCGGCGGTGTGGTTGCGGGGGTGGAGAGAGGTGATCTCGGCCGTGCTCCACGGTCTCGTGTGGCGCCTGCCCCGGGGTCGTCGAGCCCGCCCGCTTCTGGCGCTCCAACTCGCGGTGCGGGGGCTGCGCAGAGATCCCGGCACGTCGATCGCCGCCGCCGGCGTTCTGGCGCTCGGCTTGGCGGCGGCCACCACCTTCTTCTCGATCCTGCACGGGCTCACACGCCCGCTCCCGGTGCCGGACGGCCATCGGGTGGTGCGGATGGAGGTCGTGCTGCCGGCCGCCGACGGACGATCGGTCGGGGTCACGGCGGCCGACCTGGAGCGATGGCGGGGGCTTCCGGCGCTCGCCGGGGTGGGCGGGGTGCGCACGGGCACGGTCGTCCTGCGGGATCCGGGCCGCAGCGTGGCCCGGGTGGCCGGCGCCACCCTCACCCCCGGTGTGCTCGAATTGCTCGGGGTGGCCCCCGTCACCGGGCGCCTGCCGGGAGCGGGAGAGTCCGGGCCCTCTCTCGTGGTGTCGAGCGGCCTGGTGTCGCAGCTGGATCTGGGCGACGGCACCCTCGAGGTGGACGGACGACCCCTGCCGGTGGTGGCCGTCATGCCCGAGGACTTCGGATTCCCCTTCGGCGAGTCGCTCTGGGTGGTGGAGAACGGGGTCGGTGCCCCCGAGGCCCACTGGGAGCCGGTGGCCCGCCTCGCCGACGGCGCCGATCGCGCCGCCCTTCGAGAACAGCTCCAGGCGCGCTGGTCGGGCGCCGATGCGGCCCGGGGCGATGGGCAGGCCGGCGGGGTGGTGGTGGTGAAGGGGTTCACCCAGGACCGCGGAGAGCGCGGCGAGTGGTTTCTGTTTCTGGGACTGGTGCTGATCGGAGTGGCGCTGCTCGTGATCGCCTGCGCCAACGTGGCGGGCCTGCTGGTGGTGCGGGCCACCGAGCGGCTGCGCGCCCTCGCGGTGCAGGCCGCGCTCGGGGCGGGCCGCTCGCAGCTCGCGCTTCAGCTGCTGGCGGAATCGCTCCTGCTGGCGGCGCTGGGCGGGGTGGGGGGACTCCTGCTCGCGACCGGCCTGGCACGGTGGGTCGAGGCCACCCTGGGACCGGAGAACTTCGGCTACTACTGGATCCGAGTGGCGGTCGACGCGCGGGTCGTGGCTTTCGCCGGCTGTCTCGTGCTCGGCACCGCACTCGTGGCCGGGTTGCTTCCGGTGGTGCGGGTGTGGAGGACCGACCTGCAGGGCGTCCTCAAGTCGGAGGCCGGCTCGACGCGGGGCACCGGAGCGCTGGGCCGTGGGTTCGTGACCGCGCAGCTGGCGCTGTCGTGCGCGGCCCTGGTCGCGGCGGGGCTGACGGTCGGCTCGATCGGTACGGCGCGCGATTACGGCGCGGCACTGGATCCGGAGTCGGTCGCGCTCGCGAGCGTGGCCCTCGCGGCAGAGCGGTCCCCGTCGGGCTCCGGTTCGGAGGAGCCCGACGACCCGGAGCGGCGGGCCGCGGCCATACAGGCCCTGCGGACCGCCGTCGGGAGGGTGGAAGGGGCGCGGGTGACCGCCCTCGCGACCGGGGCTCCGGGGTATCGGGAGGCGATGACGCGGGTGCGAACCACCGTGCAGGCCGACCCCGACGGGGAGGCGCGCGACTTCACCCTGGTGAACGGGGTGGACCCGGCCTTCTTCACCCTCTTCGACCTCGATCTGCTGCAGGGCCGGGCCCTCGATGCCGCCGACGACCGCGGCGACGAGCCGGTCGCGGTGGTCAACCAGGCCTTCGTGGATCGGTTCTGGCCGACCGGTTCGCCGGTGGGGCGGCGGGTGCAGCTGCTGGCCGCCGACAGCGCGTGGTACCGGGTGGTGGGGGTGGTCGAGACCGCGGAACTGGGAGATCAGCGGGGCATGCGGGAGGATCGCGTCTACCTGCCGCTGAGCCGGTACGCTTCGGGTGCGGTGCGGGTGCTGTCGCGTGCGGCCGACGGCGACGGCACGGCGCATGCCCTTCGGCTTCGCCGGGCCCTGGCGGCCGCGGATCCCGACCGGCCCGTGGACGACGTCCGCACCCTCGCCTCCGGCCTGGCCTTCATGACGCGGGCACAGGGCACCTTCAGTACGCTCGCGGCCGGCGGCGGGGGGGCGGGACTGCTCGTGGCCGTGGTCGGGCTCTACGCGATGCTCGCCTTTCGCGTGCGACGCCGCCGTCGCGAGATGGGCGTACGCAAGGCGCTCGGCGCGAACGGTCCGACCCTCGTGGCCGAGGTGCTGAAGTCGGCGATGCGGCAGCTTCTTCCCGCCGTCGCGGTGGGACTCACCCTGGCCTGGATCGCCGCGCCGTTGCTCGGGGTCATCCTGCTCGGTGGCCACCCCCGCTCGCCCCGGGTCTTCGCCGGCGTCGGGCTGCTCTTCCTCTGCGCCGGCCTCGCGGCTGCGCTCATCCCGGCGCTGCGGGCGGGTCGGGTGGAACCGGCGTCCGTCCTTCGCGCGGAGTAGGCGAGATGACCCGAAGCGACGCACTCGGCGAGTTCGAGCACCTGGTGCTCCTGGCGATCCTGCAACTCGGGCCGGGCACCTACGGAGTGCCGATCCGAGACGAGATCGAGGCGCGAGCGGGCCGCGACGTGACCCTCGGTGCCGTCTATTCCACCCTGCGACGCCTCGAGGCCAAGGGGTGGATCGAGAGCTGGATGAGCGACCCCGAGCCCGTGCCGGGCGGTCGATCGAAGAAGGAGGTGAGGCTCACCTCGGAAGGCGCCCGCACGGTGCGAGAAGCACATGCCCGTATCGGACGAATGGCCGAGGGATTGAGCGACGTTCTGCGGTTACCGTAATTCTCGTTCTATTCTTCGCGGGCGGCCCAGAACACCTCGATATCCGACACGTCGATGTCGTTCTTCTCGAGTCCGACCTCCACGATCTCGATCCGATCGGAGGCGGCCTTCCATTTCTCCCAGATGCCCGCGAGCTCCTCGGCGAGCCGCGCCTCCAGCTGCTCGACATCCTCCCGCTCGGCCTCGAGCTTGTCTTCCGCGCTGCGACGCCGCTCTTCGGTGCGGCGGGTCTGCGACCGGCGCGACGCGATCGACGAGAGGCTGCGCGTGCTCCGGCGTCCGCCGAGAAACATGCCGATCAGCGTGCCCGCTCCCGACACGAGTTCCTGCTGTCGGCGACTCGACACGTCCACTTCGAGCTCCCGCAGTCGGGCCTCGGCACGGTCCACCTGATCCTCGGCGGTGTTGATCTTCGCCTCGAACCGCGCCCGCAGCTTCGACGCCTCGGTATCGGCCCCCTCCTCGGCGGCGTCCAGGCAACGGGCCTGGAACTGCTCCTTCGACTCGCCCACCCGGGAGTAGAGCTTCAACTCCGGGTTGTGGTACAGGGTGAGCTCGAGGGTGGCGTGCAGCCGGTCCCGCAGATCGCGGCCGACCTGATTGATGAACGACTTCGCGTCGAGAGGCGCCTGCGGAAGTACGTACCGAGCGTCGGCGGGGGCCTCGGGGCGGAAGTCGCGTGCGTCGTAGTCGACGGCCTCCATGGCCTCCGGCCGTACGAGGGCCTCGAGAGGCGGCGGAAAGACCACCTCCCACTCCACCTCGTGTCGCAGGTCGGCCCGCGTCTCGTCGAACACCATGCGCACCCGCCCGGCGAGCCCCGCCTCGAGCCGGCCGCTTCGCCCGGACAGCCCGAGCTTGCCGGCCCACGGTGCGGCGGGGTCGAGCCAGGTCACCCGCACTCCGTC
NZ_CP144380.1_gap89	3244280	3249157	4877	GCTCCAGTAGTTGTGGACGTTGTGCAGGTAGCCGGCGCCGTGCACGAAGATCACGGCGGCACCGTTGGCCTCCGCGCCCGCGTCGGCGGGGCGGTAGATGCGGGCGGGCACCTGGGCGCCGTCTTCGGCGGTGAAGCGCACGATCTCGGGAAGCGTCCAGTCGTAGGAGAGCCACTCCGCGGTGGGGGACTCCGTGATCCGCTCCACCTCCGCACCGGGCTCGGCGTCGCCGAGGTAGAGCTCGGGCGGTCGGTTGGCCACCGAGTGCACCCAGCCGATCCGCTCTCCGTCGGGCGAGAGGGTGGCCTCCCAGCTGCCGTCGCCCTCGGTGAGGTACTCGATGGGCCCGCCGTCGAAGTCGAGCCAGCCGACGTGCTGGTTGAAGGGCGACCCCTCGTTGGTGGTCACCAGGAACCGGTCGTCGCCGTGCGGAATCTCGGCGCCGAGCACCTCCCACTCACCCGAGGTGAGCGCGCGCTTGCCGGTGCCGTCGGCCTCCACCGCGTAGAGATGGGCGTACCCGCTCTCTTCGCTCGCGTACCAGACCGTGTTCGTGCCGGGCAGCCACCCGCGGCAGCCGAAGCCGCACGGCCCACCCACCCACGCCTCGTCGCGCAGCTGGTCGACGAGGGTGAGCTCGCCGGTGGCCGCCTCGAGGGTGTAGAGGAACCACTCCTTGTTGTCTTCGGTGCGACTCCAGATCAGGGCGTGCGTGCCCGCGTCGTTCCAACCGCCGGCGAAGCCGTCGGCCGGCGACTCCGTGCCCTCGGGCGCGATCTCGAGCCAGGTCGTCTCACCGGTGCCCGGCTCGAGCAGCGCGAGACGGCTGGAGCCCTGCGCGTCGCCCACCTTGGTGCGCACGTTGAGGGGCTCGGTGTATCCCGACGCGGTCACCCAGTCGGGCACCATCGTGCCCTGCGTGCCCTGGGCCGACCGGGCCGTGCTCACCACCACGAACGAGCCGTCGGGCGAGGGCGACAGACCGCCCAGGCGCTCGCCGTTGGGCACGTAGAACGGCTGCGGCTCGGTGGCCGCGATCGAATCGCGCCGCGCCTGCGCCTCGCGCCGTGCCTCGGCCTCGCGCCGGATGTGCTCGAACAGCTCTTCCTGCTGATCGATCAGGAACTGGCGCTGGGCGGTCTCTTCGCCGCCTTCCCGGGGCGGGCTGCCCGAGCGGATGTCGGTGATCTGACGGATGCCGCCGTCGGCCAGGTTCATCCGGAAGAGGTTGTCGCCCTCCCGGTAGATGATCGCCGTCTCGTCGTCCGTGAACTGCGGCGACACCTCTCCGGCGCGCGTCTCGGTCAGTCGGCGCACGGTGCCGTCGCGACGGTCGACCAGGTAGAGATCGCCCCCCATGCCGACCGCCTTCCAGCGGCCGTCGTCGGTGAGGTCGCCGCCGGCCCGCGCGATCGCCGTCTCCTCGTCGAGCGCGTCCGTCACCCGCTCCGGCGCGCCGCCGTCGGCCGACACGCGCCAGAGCTCGCGGGCGTCGTCCCACTCCCCGCCGCCGGGACGCCAGCGGAAGTAGAGCCACTCCCCGTCGTCGGTCCAGCTGAGCCCGGCGGGCGGCTCGCCCACGTGCTCGGGCCCTCGCATGATATTGCGGATCGACAGTTCGAAGGCGTCGTCGCGCGCGGGCGCGGGCTCGAAGGTGGCGACCTGGGCGGCACCCGGAGCGGCGAAGATCGCGACGAGCAGCGTCGCGAGTGCGGGGCGCAGGAGAGAGCGGATCATGGACGATTCCTCGGTGCGGATGGAGCGATCTGAAGGCATCATGACGGGTGTCGAGGCGCGGCTCAATCCCCGAAGGCGACGCCGAGCCGGCGCGCGGTCAGCATGACGTCGCTGTCGGCGGGTACGGTCTTGATGTGCGCCACGGCTTCGGCCAGCGGCACCGCACGGATCTCGGGCGGGTCGAGCGACACCATGCAGCCGAAGTGCCCCTCTTCGATCAACTGCACCGCCGCAGCCCCGAACCGCAGCGCCAGCGTCTTGTCGTAGGCCGTGGGCTCCCCTCCCCGCTGCAGGTGCCCGAGCACGAGGGAGCGGGTCTCGCGACCGGTGCGCTCGCTGATCTGCTCCGCGAGCACGTCGGCGATCCCGCCGAGGCGGGCCATCAACCCCGCGCCCGCTCCCGCGCCGTTGCGGTAGGTGGCCTCGCCGCCGATCGGCTGTGCGCCCTCGGCGACCACGACGATACAGAAGCCGCGATCGCCGTCGTAGCGCGCGTCGACGGCCTCGCACACCTTCTCGATGTCGTAGGGCACCTCGGGGATCAGGATCACGTCGGCGGTGCCGCCGAGCCCTGCGAAGAGGGCGATCCAGCCCGCGTGGCGTCCCATCAGCTCCACCACCATGGTGCGGCGGTGGGCCTCGGCGGTGGAGTGCAGTCGGCCGATCGCGTCGGTGGCGGTCTGCACCGCGGTGTGGAAGCCGAAGGTGACGGCGGTCGACGCGAGGTCGTTGTCGATGGTCTTCGGCACGCCGATCACCTTCAACCCCTTCTCGGCCAAGCCGTTGGCGATGGTGAGCGACCCGTCGCCGCCCACCGCCACCAGCACGTCGATCCCGTGGCGGTCGAAGGCCGCGATGAGCTCGTCGGATCGGTCGATCTCGACGGTGGTCCCGTCGGGGCGCTTCTCGCTCCACTTCAGCGGATTCCCGCGGTTGGTGGTGCCCAGGATGGTCCCGCCGAGGTGCGTGATGCCGCGCACCGAGTCGCGGGTGAGTTTCACGAGCCCGTCGGGCATGTCGCTGAGCAGTCCCTCGTAGCCCCGACGGATTCCCACCACCTCCCAACCGAGGCGGAGGGCGGAGAGCGTGACGGCGCGGATGACGGCGTTGAGCCCGGGGGCGTCGCCGCCTCCGGTGTTGATGGCAATGCGCATGGAGTTGTGAATCGGCTGAGGTGCTGAAGCGGGACGAACGCCGAATATCCCCCCGGAGCGGCCCGGGCGGCAACGCGTGCCTGCCCGCGCGCGGCGATCGTGCACCCTTCGTTACCCGTCGCGTGAGGGGGGGGCGCACGGGTCGTACAGGCGGCGCGCCCCCGTGCCCAGGGTGTGAATGAACGTTCACTCATACCGGATCTCGCGTGAGACGCCTCGGGGACTCCGGCTCGGCCCCGCGGCGCGGCATCGCGGCTTCCGCGGCGGGGTACTAGATTGGCAGAGCACCTTACCACAACCCGATTTCGCCCGTGTCCGAACCCACTTCGATCCCCGCCCAGCCGACGTCGCCCGACCGCGGCGCCGACGAGGTCGGCCGCCGCCTCCTGCGCGCCATGCTCCCCCAGGCCGTGCCGGGCGCACCCGGCTTCGACGTGGCGGCGGGCACGATGCTCGAGAGCGCCGGACGGGCCAACACGCTCTGGGACACCGTGGATCTCGGTGACGGTCGCACCGCCTTTCTCGCCTTCGAGGTGAAGGCGCCCGGAACCCTGCCCGCGCACATGTTGGGGATGGCGCGGGCCGCGCTGCGCGCTGCCGGCGACGGTCGATCGCTTCCCGATCTGCTGGCGCGGGTCAACCATGCACTCGCCGCCGTCCAGCCCGAGGGGATGGATCAGTTCGTGGACTGCGCGGTGGTCGTACCGGGGGAGGGCGAGGTGGAGTGGAGCTGCGCCGGCCGCATCCCCGCCGGGGTGCTCGGCCGCGACGGCAGCTTCCAGGCGCTCGGCTCCCACGGGCCTCCGCTGGGTATGCTGGAGGGCTTCCGCTACGGAACCGAGCGGGCCGCCATGGTGTCTGGGTCCTCGCTGCTGGTTCTGGCCGGTGGCACGCCGGGGCTCTTCCGGGGTGCGGCCGATCTGGTGGCGGAGGTTCAGGAGAAGACCGCGGGCGAGGTCGTGGGCACGGTGCACCGGGCGGTGCGACGGGCACCCGGCGACGACGGCCGCGAGGTCTCCGTGTTGTTCCTACGCAAGCACTGAGAAGGTGGAGGCCCCGTGGCCGTGACCGAGAAGGACGTGCGCAAGGCGCTCAAGACGGTGAAGGACCCCGAGCTGAACATCGACCTGGTGACGCTCGGGCTCGTGTACGACATCGAGGTGCACGACGCCTCGGTGCAGGCCGTGATTTCCCTCACCTCGCCGATGTGCCCGGTGGCCGGACAGATCGTCGAGGACTGCCGCATCGCGATCCTCGCCATGGACGAGGTGGACGAGGCCGACGTGCAGCTCACCTTCGATCCCCCCTGGACGCCCGAGCGGATCAGCCCCCTGATCCGCTCTTCGCTGGGACTGTGACCCCCCATCAGGAGCCCTGATTTCATGCCCCCGTTCACCGACGACGAACTGAAGGCGAAGGTACAGGACGGCTACATCGTCGAATCGGTCGAGGAGATGACCGAAGGCTACCGCAAGGCGCTCGCGGTTCAGCTCACCGTTCAGGCCGACACCGAGCTCATGAGTGCGCCCGCCTACTGGATGGCCGCGCGGCACGCCCCCTCGACGAACACGCAGGTGAGCGCCCACGCGATCATTCAGGACGAGCTCGCGCACGCGAACATCGCGTACCGGCTCCTCGAGGATCTGGGCGTGTCGAAGGAGAGGCTCGTCTACGGCCGCGAGCCGCACGAGTTCAAGCACCCCTACGGCTTCGACCAGCCGCTCGACAACTGGGCCGAGCTGGTGGTGGCCAACGGCTTCTTCGACCGCGCCGGGATCACCCTGCTGAGCGACGTCTACAACAACACCTCGTACGGCCCGCTCAAGCGCGCCCTGGTGAAGGTCGACATGGAGGAGACCTTCCACCTGCGCCACGGCGAGGTGTGGATGCGGCGTCTGGCGAAGTCGGGCGGCGATGCGCGGGCGCTGCTGCAGCGCGCGGTCGACTGGATGTTCCCGATGACCCTCGAGTGGTTCGGACTCCCCG
NZ_CP144380.1_gap90	3253522	3256301	2779	CAGCTCACCCGGGCCTTCCGGGCGCTGAAGGTGTGGACCGCGCTCCAGGTCCACGGCCGGCGCGCGCACGCCGAGGCGATCGGCCGCGCCCTGGATCTGGCGATCGAGGCGGAGGCGATGCTGCGCGCCCACCCCGGGGTGGAGATCCTGTCGCCCGCCTCCCTCGGCATCGTCTGCTTTCGCCTGCGCCCCGAGGGCGCCGTGCCCCAGGCCGACGAGGCCGCGCTCGAAGCCCTCAATCGCGCGGTGCAGGACGCCGTGGTGGACGAGGGCACGGCGATGATGTCGTCCACGCGGCTGCGGGAGCGCTACGCCCTGCGCCTGTGCATCCTCAACCATCGGTCCACCCGCGACGACGTCCGCGCCGTGGTCGAGCGCATCGCGGCCCTCGGCCGCGAGCGCATGGAGCTCGCGAGAGGCTGATGCGCGGGCCCTTCGCTCCCGGCATCTGGATGCTCCACGTGGGGCTGGGGGCCATGCTGCTGGTGGGATTGGGACTCCACCTGCGCCTCGAGGCGGGCCTGATGGAGTCCCTCTTCACCGGGTTCCTGCTCTTCACCCTGCCCATGCTGTCGGTGCTGCAGCTCTCGCTGATCGACGGCGACACCTTCGACCGGCCGGGCATGTATGCGGGTTCGGCGGTGACGCTCGTGGTGCTGACCGTGGTGGCACTGATCGTGGGTGCGCTGGGGCCGGGCATGGAGTCGATGGCGCTGCGGGGCGCGCCTCCGAGAGAGGTGGCGATCGCGACGGGGTGGCTCGCCCTGGGCACCGCGCTGCTCTTCCTGGCCTTTCTCGGCGTGGAGCGGGTGGCCTCGATCGAGGAGCATCCGCTGCTCGCTCAGCTCATTCCGCGCACGCGTCACGAGCGCCGGCTGTTCGCCGGGCTCTCGGTGGTGGCGGGTCTCGGGGAAGAGGTGGTGTTCCGCGGCTTCCTGCTGGCGGTGCTGGTGCCCGCGCTGGGCGACCCGTGGACGGCGCTGCTGGTGTCGTCGCTCGCCTTCGGGGTGCTGCACGTGTACCAGGGCCCGTGGGGGATCGCACGCACCGCGCTGCTCGGGGCCCTGTTCGGCGTGTCGGTGCTGCTGCACGGCACGCTCTGGCCGGCCGTGATCGTGCACGTGCTGTACGACTGGTTCGGCGGGCTCGTCTACGGGCCCCGCACCCTGCCGCCGTCCGATTCGGACCGTCGGGGTCGTTCTCTCGACGAGTGGGCCTGAGCGTCGTACCGGGGAACCCGAAAACCTTCAGTCGACCCCGGGGTAGGGGCCGATACTGGCAGAGGTGAGCGTCGGAAGCCGACCGCGACGGAAACGATCGCCGGGCTACGACCGTAGGGATTCACGAGGTGCCGACCATGATCCTGCACTGCAACTACGAGGAGCTCCAGGCTCTTCGCTCGGGTGCCGAAGCCGCCCTGAGCGACGACGTCCCGGGAGAGTGCGCCATCGCCGCGCCCTCGCGGGTGCGGAGTCGTGTGGAGGCGCTGCTGCCCACCCTGGTCGGCGATCTGTCGATCGCGACCCTCGCCGAGCAGGAAGCCTGCGAAGAGGCGGTTCGGGCGATCCTCACCTGCCAGAAGTCGGAGATGGACGCCGCGGTGCTCGCCGCGCACCCGGCCGCCGAGATCGCGGTGGCCGCCTACTTCGACTACGCGCACACCCGGGCCGTGCTCGGGCGCCTCGAAGAGATGGGGCGCCACATGCGGGCGCTGATCGAGGTGGTGACCGGTGGGCCGGCGAGCGACGAGATCGCGCTCACCTTCGCCTTCCCCGACTGATCCGGGAACCGCCGCCGGTGCCCGCGCGTTCTCACGGTCGATGACCGACCGTACCGCGGCTCTCGTCCGCATGCTCGAACGCCGGCCCGACGACACGCGGCTGCGCTTCGGCCTCGCCCTCGAGTATCTCAACTCCGATCGTCTCGAGGAGGGGGTGGAGCAGTTGCGCGCCTACCTCGCCGCCACGGACGACGAGGGCAACGCCTGGGGTCGCCTGGGCGACGCGCTCTTCCGGATGGGGCGGGACGACGAGGCGCGCGAGGCCTTCGAGCGCGGTATCGAGGCTGCCGAGGCCCACGGTCACCCGACCATGGCCGAGGACTTCCGTGACACCCTCCGCGACCGAAGCTGAGATGGCCGCCCCGGAGGCGAAGCGCTCGGAGCTCTTCGAGGCGGAGATGCTTCCGCACCTCGACGCTCTCTACCGCTTCGCCCTCCGGCTCGCGGGCGACGCCGACCAGGCCGAAGACCTCGTGCAGGAGACGGTGCTGCGGGCGTGGCGCAGCTTCGAGCGGTACCAGCCGGGTACCCGGGCCAAGAGCTGGCTCTTCACCATCTGCCGCAACGTCTTTCTGCGGCAGCGGGAGCGCGGCCAGCGGCACTCCGACATCGTCGAGCGCGAGGCGCCGCGGAGCGATCCCGCGGGCAGCGTGGACGTGGTCAACCCGCTGTGGGTGGATCTGCGCGACAGCGACCCGGAGGGACGGTTCTTCGCGCGCATCGTGGACGACGAGGTGCTCGGCGCCATCGACGCCCTGCCCGAGGAGTACCGCATGGCGGTCGTGCTCTCGGATCTCGAGGGACTCGACTACCGCGAGATCGGCGAGGTGATGGGCGTGCCGGTGGGCACGGTGAAGAGCCGGCTGTTCCGGGGTCGGAGACGACTCCAGAAGGCCCTGTACGAGTACGCGGTCGAGATGGGCTACATCGCGCCCCGCGAGACCGCGCCATGAGAGATCGGATCCAGCCGGGGCTCGACCCCCGGAGGAGGAACGGATG
NZ_CP144380.1_gap91	3266231	3269500	3269	GTGCGTCCCTTCCTGCGGCCCTTCGTGGGCGGCAAGCTCGAGCTGCAGGCCGTCGATGCCCGCGACCACGGGGCGGTGCGCGCGCTGATGGAGCGGGTGGACGCCGTGGTGTGCGCGCTGCCGTACTACTTCGACTTCGAGATGGCCGAGCTCGCGGTGGAGAGCGACTGCCACTACTGCGACCTCGGGGGCAACACCGAGATCGTGGAGCAGCAGCGCACCCTGCACGACGAGGCGAAGCGTCGCGGCCTGTCGATCATGCCCGACTGCGGACTCGCTCCGGGCATGGTGAACATTCTCGCCCAGGCGGGGATCGATCGGTTCGACGAGACCACCTCGGTGAAGATCCGGGTGGGGGGACTCCCGCAGGACCCCGAGCCCCCGCTGAACTACCAGATCGTCTACTCGATGGAGGGGGTGCTCGACTACTACACGACGCTGAGCGTGGTGCTCGAGGGGGGCGAGCTGGTGGAGAAGGTGGCGCTGTCGGAGGTGGAGGACGTGGAGTTTCCCGACCCCGTCGGCACCCTCGAGGCGTTCCACACGGCGGGGGGCATCTCCACGATGCCGTGGCGCTACCTGGGCCGGATCCCGCACATGGAGTACAAGACGCTGCGCTACCCGGGGCACGCCAGGATCATGGAGGCGGTTCGGGAACTCGGGCTCCTGAGCCTGGAGCCGGTGCAGATGAACGGCACCGAGGTGGTGCCTCGCGACCACTTCATCCAGGTGGTGTCGCCGAAGCTGCGGAAGCCGGAGGGGCGCGACCTCGTGGCGCTGCGGGTGGTGGTCGAGGGGGTGAAGGATGGCGAGCCGGGCACCGTGCAGTTCGACCTGCTCGACTACTACGACGCCGAGCACGGACTCACGGCCATGATGCGCACCACCGGCTACTCGCTGGCGATCACCTCGCTCATGCAGGTGGACGGCCGGGTGACGCAGCTCGGGGTGACCACCCCCGACGAGGGCATGCCCGCCGAGGCGTACATCGAGGAGCTCGCGAAGCACGGGGTGCGCATCGAGCGCTCCTGAGCGCGGGGCGCTCGGGTCGGCCCGCGCGGGTCAGCCCGCCCGGGTCTGGCCCCCGAGGATCGACAGCACCTGGCCGGTCACGTACGAGGAGTCGGCGTTCGATGCGAAGTACACGTACGCGGGCGCGATCTCGTCGGGCTGAGCCGGACGCTCGAAGGGCTGGTCCGCGCCGAACTCGCGGACCTCGTCGGGGTCGCGTTCGGCGGGATTGAGCGGTGTCCAGACCGGGCCCGGGGCGACACAGTTCACCCGGATCCGCCGCTCCACCAGTGCCTGGGCGAGCGATTTGGTGAACGCGTGGATCGCGCCCTTGGTGGAGGCGTAGTCCAGCAGTTCACCGTTCCCCTCGAGTCCGGTCACCGAGCCGGTGTTCACGATCGCGGAGCCCTCGGGCAGGTGGGGCAGCGCCGCCTTCGTCATGTAGAAGTACCCGTGGATGTTGACGCGGAAGGTGCGCTCCCAGTGCTCCACCGTGAGGTCGTCGATCGCGTCGAGGTGCTCCTGGACGGCGGCGTTGTTCACCAGGAGGTCGAGGCCGCCGAGTTCGTTCACGCACCGCTCCACCGCCGAGGCGCAGAACGCCGGATCGGCGACGTCTCCCGCGATCGACAGGGCCCGGCGACCGAAGCCTTCGATCGCCTCGCAGGTGCGATCGGCGTCGGGTTGCTCCTCGGGCAGGTGCACGATCGCCACATCCGCACCTTCGCGGGCGAAGAGCACCGCCACGGCCCGCCCGATTCCCGAATCGCCCCCGGTGATGAGCGCCGTTCGCCCCTTCAGCTTGTCCGCCTCGCGGTAGTCGGCGCCTCGATAGCGGGGGGCCGGATCCATCTTCTGCTCGAGGCCCGGCGGATCGATGGGCTGGGTGGGGAAGGGCGGCGACGGACGGTCGCCCGCCGAGACGGGGTCGGAACTGCGGTCGGGAGTATTCATGGGAAGGCGTCGATGCAATCCCCATGCCCGGGCGGGGCGTGAGGCGCCGAGCGCGCATTGGATCGGATCTTGCTCGTCGTTCGTCGGTGTTCGGGGGGCCGTCGACGAGCGGCGGGTCCCGATTCCCACACGACCGGGAGGACGCATGCCGGGCAGGGACCACGGGCCATCGATCAAGGACGACGACCAGTACGAAGCCCTGCGCGAGGAGGGCATGAGCAAGGAGAAGGCGGCTCGGATCGCCAACTCCGGCGAGGAGGCCTCGAAGAAGGGCGGCAGCCGCCCCCCCTATGAGGAGTGGACGAAGGACGAGCTGTACGATCGGGCTCGGGAGGTCGGCATCGACGGGCGCAGCGACATGGACAAGTCGGAGCTGATCTCGGCCCTCCGCGACCACTGACTCGGGTGGGAGGGGCCGGCCGTGCCCCCTCTCCGGCACGCGGGTTGCGTGGCTGGGCTGTACTCGACGCCGTGAACTCCGATGAGGATGTACCGATGAACCGCACTCGCGAAGAAGACTCCCCCGACCGGGACACCGACCCCCATGCGCCCGACGACCATCCCGAGCCCGAGCCGAGCAAGGGCGCGGGTCGGAAGAGCAACGTGCAACGGGCTCCGGAAGATCAGCGCGGGCGCCCCGACCCGAAGCAGAGCGAAGACTGAGCTCAGCCGTCGGAGTCCGGCGAGGCCGGGCGCGGCAGAGTCGGCCCGCCGTCGGATCGATCTCCGGCGTCGGCGGGACGGGGCAGGGTGTCGGGGTCTTCCGGGGCGGCTGCGGCCGGACGCGGCAGGCTCGCCTGGGCTTCGATGGCGTCGATCGCCTCGCGCGCTGCGGTGCTGAGCCGGGTGCGGAGTCCCATGGCGCGCGACTTCTCGCGAAGCAGCGGGAGCGCCTCTCGGGCGCCGAGCACTCCCAGGGCGCGGGCGGCCTCCACCCGCGCCTCGAGGTCGAACGACGCCAACACTCGCATGAACGCCGCCACCACCTCGTCGCGCCGCGGACCGATCGCAGCCGCCAGTCCGTCGGGCTCACCCCGGAGCGCGGCGGCGACCGCCTCGGCGACCGCGCCGTGTCCGAGGGTGGTCAGCGCATCCGCCGCGTGGTCGGCGGGGGTGCGGCCCTCGACGGTGTCCTCGCGGTGCCCGAGCAGCCGCACCAGCCGCGGGACGGCGGCCTGGGCGCTCAGCTGCTCCAGCGCGCCGATCGCGGCGATCACCACGCCGGCGTCGCGGTCGCCGAGGGCCTCGATCAGGGGGGGCACCGCCGCGCGATCGCCGGACTCGCCGAGCAGCCGGGCCGCCTC
NZ_CP144380.1_gap92	3420263	3421897	1634	CCCGGGGCCCGTAGACGCTCGTCCCGGACCAGACCTGCGCGCCTACCTCGCGCGACCCACCGAAGGCGTCGACCGGATCGGCCACCACGTCCCACAGATGGCCGTCGGCCGAGTACCAGACCTGGGTCTCCCATTGAATGTGGCCCACCGCATAGAACCCCCAGGGCGTGCCCGCGGCGTCGGACATCCACTGATATCCGTTCACCGACCACGGATACCCGCGCGGCGCGGACATCTGCCAGAGGTTGGAATCGTCGCTGGTGAGCGAGAGGAAGCTCTGGTCGGTGGTGTTGAACGGATACCACCAGACGCTCCGGGGCAGGAGCACGACGCGGTCGTCCCACGAGGCTCGACCGCCGTTGAAGGCGCTCACCGAGAAGCGGTACTGCCCGTCGTCGGGGATCTGGTCCTCCTCGAGGCCCGGCGCGTTGGCGGGGCTCTGCACGGTCCAGTTGCCGGGCGTGCCCCGCACCACCCAGATCTCCCGACGGGTGAGGCTCCCGGTGACGGGTCCGGTGGCGGGGTACGTGAACGAGGTGGCGATCACGACCTCCTCGTCCGTACCGGTCGCCAGCAGGTTGTTCCCGTGGAATCCGTCGTAGCCGATGTTCAGGTCGGGGAATCCGAGGGCTTCCGGGTCCTGGGACTGCCAGACCACACCGTCGTCCGTCCAGTGGATTCGGGGCAACGCGTCGGAGATCTCGTCGTTCTCCACCACCCACAGGCGCCCCGCGGCCACGGTCCAGTCGCCCCAGTGCTCGGACCACCCCTCGCCCGGGTGCCCCGTGACGCGGCGCCACTCGGGCGGGCTGGCCAGTACGGCGAAGGGGCTGAAAGCGGTCGTCGTGCCCGACACGCGGTTCGCCACGCTGTCGATGGCGGCATCGGCGAGCGGCTGCCAGGCCGAGCCGTCCCAGCGGGCGACGAAGAGGTCGCCGGCGGCCACACCGGCCGGGACGTCGGCGGGATCGTAGCCGATGTCGACGGTCACGGGCTGATCGAAGGTCGTGCCGTCAGGGCCGAGCTCGACGGCGGTGCCGTCCACGATGGTGGCGCTCCCCGGGGGCGAGCCGTCGGGGGTGACGGTCAGTGCCCGGGCCGTCGAGACGGCGCCGGCGGGCACGATCAGGGTCACGGCGCCGGCGGAGATCGTCGAGCCTTCGGGGAGCGCCATGCCGCCGGCCACGACCTCGATCGCGGCCTGGGCGGTGACGCCCTCGGACGACGCCGTCACCATCGCGCTGCCCGGCGCCACCCCCGTGACCACTCCGCTGGACACCGAGGCGACGGAGGACTCGCTGCTCGACCAGCTCGGCGAGCGATCGGTGAGTTCGGCGCCGTCGGCCGAGCGGAGCACGGCGGTCAGGGTGGCCGTCTGCCCGGGCACGAGGGTGGCCGCCTCGGGGGTCAGCTCGATCGCCGCCACCGGTGGGGCCTCGATCGTGAAGGTGCGGGCCGCGCTCGTGCCGCCACCCGGGGCCGGGGTGCGCACGGTGACGTCGACGGTACCCGCCTCGTCGAGGTCGGCAGCGGCGAGCGCGATCTGCAGCCGGCTCGACGACACGAAGGTGGTGGCGCGCGAAGCGCCGCCCCAGAGCACCGCCGACTCTTCGGTGAAGCCACCGCCGTCGACC
NZ_CP144380.1_gap93	3444041	3444602	561	CTGGATGCGCTGATGCGGTAGGCGGGGGAAGCGCCGCGGCGCCGGGGCCCTCGCGGCGCCCGGGCGCTCGCGACTCCGCGACCCCGGGCCGTCGCGGCGCCCGCGCGGCTCCCGCGCCCCTGGCGGTTCCCACGCGCCCTCGCGACCCCGCGCCCCTTGCGGCGCCCGCGCCTCGATCCCCCGAAGAGAAGACCGCAGGTGGCGCACGCCCCGCGCGCCAATGCAGCGAAAGTGCCCATATGCGGCAAGAATGCTGCATCGGTGAGCGTCGGCCGCCCGCCGATGCAGCATTTCCTGCCGTATAAGGTGCGAAAACGCACAGTCGCCGTTGCAGGGTGCACCACCTGCAACGTTTTCGCCGACCGGAGGAGGACGGGGCGAGAGCGCGCCCCGTCCCCACTCCGTCAGCTCACCAGCGCTTTCAGCACATCGAGCCGTTCCGCCCAGTAGAGGCGCTGTCGGTCGCGGTGGTCGGCGTCGGCCAATCCCGTGTGCTGTGCCGAGATCTGCGCCTTCGACTCGCCCTTCGCCTCGATGTAGAGCTGCACCCGGGTGCCGTCG
NZ_CP144380.1_gap94	3448563	3452661	4098	GTCGGGGAGCGCCCAGTTGTCGTGGATGTCGAGATAGTTCACCCCCGCCGTGGCCACCGGCTCTTCGGCGTAGCGGTTCTCGAGCGCCTGGACCGCAGCGCCCCGGGCGCCCGCGTTTCCTCCGGCCCAACCCCGGTCGCGCACCTCGAAGGGGCTGCCCTGCAGGGCGTTGCGGCTGTCGTCCTGGAAGAAGGAGATCGGGGCGTTGTGCTTGCCCCAGCCCCACGCCGGATTCGCCGCGACGTCGGGGTCGCTGGGCGGCATCCACGGCTCGCCGTAGAGCAGCACGTCGGCGGGCAGCTCCTCGCGCACCCGGCGCAGCGTCTGCCGGTCGATCTGTGCCGCCAGATCGAATCGGAAGCCGTCGACGCCGAGCTCCTCCACCCAGTGGCGCAGCTGGTCGATCAGCCAGCGCTGCACCATGGGCCGGTCTTCGGTCTTCACTTCGTTGCCGAAGGGGCCGATGTGCTCGTAGTCGTCGTCGGTGCGGTACCAGTAGGCGCGGTCGAGCACGTTGAAGTGGAGGAGCCGGTGGCGCCCGTCCATGTCTTCGCCGGTGTGGTTGGCCACCACGTCGATCACCACCGCCATGCCCCGCTCGTGGAAGGCGGCGACCAGGCGGCGGAAGGCGTCGCGCTCCGCGCCGTGCTCACTGCCGGCCGGGCGGTAGCGGCCCTCGACCGCGAAGGCGTGCGTGGTGCGGTAGCCCCACTGGTAGTTCTCGCGGTCGATCCCCATGCGCCGCGCGAAGTCGTCGTCGCCGAACACCTCGCGCCACTCCTCGTCGGGGTGGTGCAGGTACTCCTGCATCGGCATCAGGTGGACCACGTTGACGCCGAGCTCGACCAGGTGGTCGAAGCCCACCGGTTCGCCCCCGGCGCTCCGGAGTCCCCCTTCGATCATCGCCGGCATGCGACCCGCTTCGTCGCCCACCCCCGGCAGGAGGTCGGTGAAATCCTGCAGGTGCACCTCGTAGGCGACCATGTCTTCCATGCTGGGCCGACCTCCGGCCACGGGCGGAGGCGGCGACCCGTCGCGCCAGACGCGGCTGCGGCCCTCGCCGTCGTCGTTCACGAGCGCCCAGGGGTCGGAGATGTGCACGGGGTGGGTGCCGTGGAAGGCGTTGCCCGGGTCGGGGGGGCCGTGCACGGTGAAATCGTACCAGTGCCGGTGCAGGTCGCCCTCCACCCGCGCCTCCCACACGCCGTCGCGATCGCCCTTCAGTGCGACCACCCGCTCCGGGGAGGGGGCGAGTCGCCCCTCCGGGCCGTACAGATGGAGGCGCACGCCGGTCGCCCGGGGGGCGAAGAGGCGGAAGATCGTCTCCGAGCCGTCGTCGGCCACCCGCGCGCCCAGGGGCAGCGGGGAGTAGAGGGTGCGGAAGACGGGGTCGCGCCGGACCGCCGCGCGCAGGCCGTGCTCGGGGAGTTCGAGGTGGTGCACTCGCCAGGGGTCGAGGCGCCGGGCGGGTACGAGGCGCACCTCGCCATCGTCGATCCGCAGGACCGCGGCCAGGGTCACGGGTGCTCCGGCGCCGTCGGCGAGGTGCCAGGCCGCGGGGTCGATCGGGGGGTCGAGCCCCTCGAGCCTCGCGCGGATCATTCGCGCGCCGAGAATCTCGGCCCGGAGGCGGGCGGCGGTCATCGGGCGTCGTCGATCAGGCGGAGGCGCGCCTCGACCCGGGGGTCGGCGAGCAGGTCGTCGAGCCATCCCGACATCGGGCGCTGCCAGTTGGGGCGGACCGACGAGGCGGTGCCCGGCAGGTTCACCTGCTCCGGCTCGTCCCAAAGATCCTCGAGCCACGCGATCAGCATCGGACTGTCGGATCGGGCGAGCCAGTCCAGCACCCGGTCGAGGAAGTCGCCCGGGTCGTCGGGGTCGGCCCCGACCGCCGCGGCGAGGCGCCCGACCGCCTCGGCGCGGGCCTCGCGCTCGGCGGGGGCGTCCTCGGCCGCGAGCAGCTTCGACTCCACCCGTGCGTCGATGTCGCGCCCTTCGAGCCAGCCGGCGAAGGTGGGGGTGTCGTGCGTGTCGATCATCGCCACCTCGTCGCCGGTGGGCGGCGCGGGTTCGGGGGCCCCGGCCTCGAAGAGGGCGAGGCGCATGCCCTTGATGCCGTGCCGGGGCAGCGCCTCGTCGATCTCGCGCGGCACGGTGCCCAGATTCTCGCCCACGAGTTCGCAGCCGTGCCTGTGCGACTCCAGCACGAGCACGGCCAGCAGCTCGTCGAGCGGGTAGCGCACGTAGGTGCCGCGGTGCAGGTCGATGCCGTGGGGCACCCAGTAGAGCCGGCTGAGTGCCATGATGTGGTCGATGCGCAGCACGCCGGCGAGGGCGGCCTGGTGGGCGATGGTGCGCGCCAGGTAGCGGTGGCCCTCCAGCCGCGACGCCTCGGGCAGGATCGGGGCGAACCCCCAGTCCTGCCCGCTCGGGAAGCCGGGGTCGGGCGGGGCTCCGACCGACATGCCCGAGGCGAACAGGTGCTGGCGCGACCAGGGGTCGTAGCCGTCGGGGTGCACCCCCACCGCGAGGTCGAGCCCCAGCGCGACGCCGAGGTGGTCGAAGGCGGAGCGCAGGCGGTCGGTGCGGGCCGCCGCGTGATGCTGGGCCACGCGGTGAAACCGGGCTTCGTCGGCGTCGATCTGGTCGTCGCGGAGGGTGCCGCTGCGGGCCTCCGCCGGCCACTGGCGCCAGTCGCGGCCGAGGGCCACCTGGGCGCCGCGGAATCGGGCGTAGCGCTCGAGTTCGGGCGAGAGCTGCGAGGACTCCGGCTCGGGTGCCGCGGCGAGGCGGGCGCGGATCTCCGCCTCGGCCCGGGTGACGTCGAGACGATCGACGGGATTCGGCATGGCCGCCGCGCGCGGCCCTCCCCCGATCACCAGCTCCGACCAGAAGAGGCGGCTCACCGGCGAGTAGGGACTCGGCTCGGCGGGCGGTGTGTTGAAGGTGGGCAGCAACGGGAGTGCCGTGACGATGTCGCCGCCGTGCCGGGCCACCACCCGCGCCACCGTTTCGAGGTCGTCGAGGTCGCCGATGGCGCCCGAGCGGCGGCTGCGCAGCGCCGCCACATGGGTGGCCACCCCCCACCGGCGCCGGGACCGCGCCGGACGCCAGCCGAGCCGGGGGGCGGAGAGCACGGGAGCCCGCGCTTCGGTGTCGCCCACCGTCATATGCAGGGTGTGGCGACCGATCGGGAGTCGCACCGCCCTCAGCGCCAGGGTGCCGGCGAGCAGTTCGAGGGGCACGCGCGGCCCGTCGTCGCATTCGATCCAGGCGCGCACCGGTGCCAGGGTGCGGAGGGGAAACCGGGGGAGCACCCCCTCCCATGCGACGATCACCGACGGGATTCGGGGCCCTGCGGCGCGCTCGGCCCGCAGGTGCGCGAGCGCCGCGGGGGCGTCGCCCGGGCCCTCCATCGGCATCCCCATCGACCGGCAGATCGCGGAGAGCGTCTCGGGGGGCACCTGCACGGTCCGCCCCAGGCCGTCGACATAGCTGCGGGCCACGCCCAGAAGGTCGGCCAGTCGGTCGAGAGCGGTGCGTGCGTCCATGTGCGCGACCCGCCGGTTGAGGACGGGTGGTCGGGTCAGAGTCCCGGTTTCAGCAGCGCCACCGTGCCGGCGGCCGCAGCCAGGAGGGGCGCGATGAAGAGCACCCACCCCGCAGTCTCGGGTCGTCGCTTCGCGAGGGTGAGCACTCCGCCGAGGAGCACCCAGATCGCCAGCTTGATCCAGATCCAGGTCGGGAGGCCTCCGTGCGAGACGCCCAGTCGCGCCAGCATCCCGAATCCGCCGAGCAGCACGAGAAAGAGGCCGATGCCGTGCGCGGCGGCGAGCTTCTTCGTCCACGCGTCGCGCTGCAGCGGAGATCCACCGGTGGCGAGCACGGCGTAGGCGGCCACCGCGGTGACCGCGGTGAAGATGCCCAGGTAGTGAATGATCTTGTAGGTGACGTACGAGATCACGGAGCGCGATCCTCGGCCTCGCGGGAGGTCGCCGCCACTCCGATCGGCCCGCCCTCGCCCCGCAGGAAGTCGATCACGTCGGTGGCCGAGTACGACAGCCGTCCATCGAGGAACTCGCCGAGGGCCTTCAGGTC
NZ_CP144380.1_gap95	3471382	3476084	4702	TGGAGGTCGACGAGTTTCGCATGGCCATCGGGGAGACGTTCGACGTGATCGTCGAGCCCGGTGAGGACCGCGCCTATACCCTCTTCGCCGAAGCCATGGATCGAAGCGGATTCGCGCGGGCGACCCTCGCGCCCTCCGAAGGGATGGAGGCCGAAATCCCTCCGAAGCGCGAGCGGGCCCTTCTCACCATGGCCGACATGGGCCACGGCGGGCACGCGGGGCACGACATGGGGCAGATGGAGCCGGACGACGCCATGGACCACGCGGGTCACGACATGCCGGAGCCGGAGCCGATGGACCATTCCGGGCACGACATGGGCGCGATGGCGGACATGGAGCACGGACCCGCGCTGCGCGCGCCGGGCACCCTTCCGGACGATCAGATGCACGGCCCCGACGAGCACGGAGCGGCCAACGCCGGCGTCGCGATGATGGCCACCTCGCGGCTTCACGAAGCCGGGATCGGTCTGGGGTCCGACGGGTGGCGGGTGCTCCGGTATACCGACCTGGCGGCTCGCGAGGTGCGTCCGAACTTCCGGGCCCCGGACCGCGAGATCGAACTGCACCTCACGGGCAACATGGAGCGGTACATGTGGTCCATCGACGGCGTGCACTTCCGGGACGCCGAGCCCATCGAAGTGCGGTTCGGTGAGCGCATCCGGCTCACCATGATCAACGACACGATGATGAACCACCCGATGCATCTGCACGGCATGTGGATGGAGTTGGAGAACGGCCGAGGCGACCGCATTCCGAGGGTCCACACGGTCAACGTGAAACCCGCCGAGAAGATCTCGCTGCTCTTCGATGCCGATGCGCTGGGGCCGTGGGCCTTTCACTGCCACGTGCTCTATCACATGGACGCCGGAATGTTCAGGATCGTGCACGTGGTGGACCCCACCATGGCCGATCAGTCCGGACGCCATGGAGACGTCGCGTGATGCGGTGGGGCAGGGGTCTCGTGTGGGGGGGGCTGGCGGTGAGTACCTCGCTCCTCCCGACCGAGTCGGCGGCTCAGCGTCCCGGCGCCGACATGCCGATGATGAAGCCGCACCTCTACACCTACGTGGCCTTCGATGAACTGGAGTGGTTGGCCACGGGCGACGAGAGCGTCGTCGAGTACGACGGCGAGGCGTGGATCGGCGGCGACTTCCATCGCCTGTGGGTGAAGGCCGCGGGGGAGCAATCCACCTCGGAGTCCCACGGCGATGTCGAATTCCAGGGCCTCTACAGCCGGGCCATCACCCCGTTCTGGAACCTCCAGACCGGGCTCCGTTTCGATCATCGATACGGCGAGGGCACCGGCGCTTCCCGGGCCCACGTCGCCCTGGGGCTCGAGGGGCTGGCCCCCTACTGGTTCGAGGTGGAGGCGTTCGTGTTTCTGAGCGACGATGCCGACGCGTCCGCCCGGCTCGAGGCGAGCTACGAAACCCTCCTGACGCAGCGGCTGATCGTGGAGTCGGAGTTCGAGACGAACGTGGCGCTTCAAGACGTGCCCGAGTTGGGTCTCGGGTCCGGGTTCACCGACGTCGAGCTCGGGGCTCGGATGCGGTACGAGTTCGTGCGCGAGTTCGCCCCGTACGTGGGCTACTCGTGGTCGCGGAAGCTGGGCGAGACCGCCGATGTGATCCGGGCCGCGGACGGGGAGGTCGGGGGCGGCGCCCTCGTGATCGGCCTGCACGTGTGGTATTGACGGTCGTTCTTCCCCTCATCTGGAGCCCGGCATGATCGATGTCGTCCATGTCCCTGCCCACTTCAACTCCACCTGGAGATCTATCATGACTCGTGCTCGCTCTTCTTCACGGCTGGGCCTCCTGACCCTGTCCGGGCTGCTCGCGCTCGCCACTCTCGGTGCCGCCACTGTCCCGCACTTCGACCTCGAGAAGTCCTCGCCCGAGGCGGACGCCATGGTCCACGAGATCGAGGCCGTGACGCTCTGGTTCACCGAAGAGCCCGCGGAGGAGTCGGTGACCGTTCGTCTGATCGACGGATCGGGCGAGGTCGTCGAGGGGTTGTCTGCCGCAGTGGACGAGGAGGACGCCACGAGGTACGTGATGCCCACCACCGACGGGTTGGCGGCCGGTACCTACACGGTGTCGTGGCGGGGGATGGGCGGCGACGGCCACGTCGTCCGGGGTGAATTCAACTTCACCGTGATGCAGCACTGATCGAGACGGGCCGTGGCGCTCCTCAGTCTCGTCACGAACATCCTGCTCTTCGGGAGCCTCGCCATTGTCGTCGGCGTCATCGCGGCTCGCTGGTGGGTGATCCCGAAGAACAAGGTGCTCCTCCGAACCGACGCCGCCCGGATCGGAACGGCCGGTGCCGGAGCCTGGTTGATCGCTCTGGTGTTGGTGATGACGCGCCAGCTTCTGGAGTTCCGGGACCCCTTCGTGCCGTGGACCGACGATCTCTCGCTTCTGCTCGGTACTTCGTGGGGAACGAGTTGGAAGGGAGCCGTGGCCGTCGGAGGAGTGACGCTCGGCGCGTTCATCCGCGCCAGGCGGGGGAGTCGCGTCGCGTGGGGCATGGCGACCCTCTCCGTTCTTCTCTCGTCGGTCTTCCCCGCGTTGACGGGGCACGCGAGTGGTGGTGATGGGGCCCGCTACACGGTGCCCGCCGATGTCGCGCACGTTCTGGCGATGGGAAGCTGGGTGGGAACGCTGGCGGTCGTCCTGTTGCTCGACCGGGCTCGACGCCGGGCCGGAGTGGCTCCCGCCGGGGTCCTCGACGAACTGATCCCTCGTTTTTCGCCGCTGGCCATGGCGGGTGTGGCGGTGTTGATCCTGTCGGGGACGGTCGGCATGTGGGCGCATCTCGACCGTCCTCTGGCTCTGATCGAAACGGCCTACGGCCGGTGGCTTACGCTCAAGCTGATCCTGGTGGGGGGAGTGCTCGTCCTGGGCGCCATCAACTTCCGACGCCTGCTTCCGAGGCTGGACGAGGAAGCGGGTGCGGTGGCCATGCGACGTTCGGCCTCCAGGGAGGTGGCTCTGGCCCTCGTGGTTCTCGCCGTGACCGCGATCCTGGTCCGCACACCGCCGGGGTAGCCTCACCCCGGTGGGGGTACCGGGGTGGTTCGTCAGCCCTCGTCGCGCGCGATCTCAGGTGCTTGTTGTGGGCGGACGATACCGCAGCAGTCGCAGCGCATTCCCCACCACGAGCAGGGTGCTTCCCTCGTGGACGAGTACGGCGGGGCCGATGCCGAATGCGCCCGTCGTGGTCGCCACGATGAGCAGGGCGATGACCCCGAGGGAGATCCCGAGGTTCTGCAGGATGATGGCCCGGGTCCGGCGCGACAGCCCGATCACGAACGGGATCCCGGCCAGTTCGTCACCCATGAGGGCCACGTCGGCGGTCTCCAACGCCGCCGCCGTCCCGGCGCCCCCCATTGCAATGCCCACATCGGCGGTGGCCAGTGCGGGCGCATCGTTGACGCCGTCGCCCACCATGGCAACGCCGTTGTAGCGGGTCAGGAGTCCCTTCACGCCCTCCACCTTGTCTTCAGGAAGGAGATCGGCCATGACCTCGTCGATCCCCACTTCGCGGGCCACGGCTTCGGCTACGCCGCGGTTGTCGCCCGTCATCATGACGAGAGTGTCGATGCCCTGGGCTCGGATTGCGTTCAGAACTTCAGCCACCCCCGGCCGCGGCTGATCGACGACACCGATCGTTCCAAGCCACCGATCCCCGTGGCGAACGATCATCACACTTCGCCCGGCCTCAACGAGGCGGTCCACCTCCGATCGAACACTCCCGGGAATGTCTTCACCCCGCTCATCCCAGAGGCGGAGGTTCCCGATCTCCACCGTCTCTTCTCCCACACGCGACCGGACGCCTCGGCCGGTGAGGCTCTCGAGATCGCCCGCTGCGGGTAGATCCAACCCCTTCTCCTCGGCCCGCCGCACGACCGCCTCTGCCAACGGATGCTGGGAGTTTCGCTCGACGGCGGCGGCGACCCGCAGCAGCTCATCGGGCTCGATGCCGTTCGCCGCCACCACGTCGGCCACCTCGGGACGCCCGACGGTGAGGGTTCCGGTCTTGTCCATGGCGAGAGCGGCCACTCCGCCCAGTCGCTCGAGGTGAACGCCCCCCTTGATCAGAACTCCGTTCCGCGCGGCCTGGGCGATACCGGCGAGAACGGCCGACGGAGTCCCGATGGCGAGTGCGCAGGGAGAGGCCGCCACGAGGAGCGCCATGGACCGGTAGAACGAGGTGTCCCAACTCCACCACCCCGCTACGGCGGGCAGGACTGCGAGGACCGCGGCCGACAGAAGAACGAGGGGCACGAAGATCCGCTCGAACCGATCCGTGAGGCGCTCCGTGGGCGCTTTCGTGGTCTGCGCCTCCTCGACGAGTTGGACTACCCGATCCAGAGTGCGGTCCCCGACGGCTCTGGTCGTCTCCACGTGGAGGGCGCCGTCGCCATTCACCGTACCGGCGAAGACTTCGTCGCCTTCGCCCTTTTCGACGGGCACCGATTCGCCGGTGATGGGAGCCTGATTGACTGATGAGCCGCCCTTGCGGACATCGCCGTCGACGGGGATCCGCTCGCCCGGGCGTACGACCACCCATTCTCCCGCCTCGACGGTCTCGACCGGCACCTCGATGGTCTGGTTGTCTCGGAGCACACGGGCCGTCGCCGGTGCGAGGTCGGCCAACGCGCGGATCGCACCTCTGGCCCGGTCCAGAGCCAGGTGCT
NZ_CP144380.1_gap96	3480391	3481398	1007	TGGGAATCCACAATGTCGGCGATGTAGACAATGCGGCCGGGGAAGACCCGATCGGGCCACGCGGTCGTGGTGACCGTCACCGGTTGATCTCGCTCGACCCGGTTCAGGTTGCGCTCGTAGATGTCGAGTTCGATCCAGAGCCGGCTGAGATCGGCCACCGTGAAGAGTTGGTCGGTGGGGCCGACCACCTCGCCGCGTCCAGCGTGCCGTTCCACTACGACGCCGTCGAACGGAGACGGCACATCGAAGTGGCCTCCCTCGTCGTGAACGTCCGCCCCCAGAACTCGAAGCCGCTCCTGAGCGCTCGCCAAGCGGGCCTGTACTCGGCGCAGTTCAGCCTCGGCGTCGAGAAGCTCCCGCCGGCTGGAGATGCCCTGGGCCTCGAGCCGTCCCTCGCGCTCGTAGTTCTCCTGGGCGATTTCCAGAAGCGCCTCGGCCTCGTGGAGCTCCGCCCGCGTGGCGCCTACCTCGGGGCTCTCGAGATGGGCCAGGACCTGCCCCCGGTCCACCCTCGATCCTACCTCGACGGTGAGCTCCACTACTCGCCCCTGGGTCTTGGGTCCGATGTGGCTCACGCGATTCTGGTCGTAGGTGATATTGCCGGTGACCGGGAGTCCGCCTGCGCCGACGCTTTCGGGGAGTGCGACGACCACCCCGCTCAGCGCGAGCGCGGTTGAATCGAGGTGAACTTCGGATACACCTCCCTCGACGACCGGGGCCTCGCCTTCGTGCTCGTCAACCGGGGAGGGGTCTGCACTCCCACCGTCGTCGCAGGCCGCCAGAAGGAAGGTCGAGACGGCCGCGAGAAGGACGACGTGGGGGCGACGGTGCTTCTTGTATTGCACCCGATCGGGCAGGGAAACGGTTGGGACGGGGCTCATCGGGAAGTCTCCAGAAGGTCGAGATCGATGTCGGCGAGGAGGATTGCGGTTGCACTGCGAAGCGCCACTTCCGCGTGGTGCTGTCGTTCCCACGCGTCCCAGTAGCCCATTTCGGCGTCGAGGAGC
NZ_CP144380.1_gap97	3490594	3494845	4251	CCTCCACCTCCGAGGGCCCGATGAGGCCGTCGCCGTTCTCGTCGGCGAAGCCGGTGATCGGGCGCTGCCAGTAGCCGCCCGCGGGATAGCCCGCCTCGTGCCGCTGCGTGGAGTTGAGCAGGCCGAAGTTGATGGCCGGCTGTCCCGCGAGAGACACCAGTTCGTTCGACGACCGCGCCGCGGTGAGCCGGAAGGCCAGACCCAGATCGGTGCGCAACAGGGCCTCCCAGTCGATGCCGAGCTCCAGCCCGCTGTTGTGCATCAGCCCGAGGTTCTCCGCGCGGCTCCCGCTCGATCCGGCCGACGGCGGCAGCGGGCGGCTGATGATGTCGTTCTCCGACTCCTTGTGGTACCAGGTGAGGTCGACCCCCACCCGGTCGTGGAGGAGTGCGGCCTCGAAGCCGAGCTCCCACTCGGTCGAGCGCTGCGGCTCGAGCGCCGCGTTGCCCGCGCCCGAGATGACGAAGGCCGGCTCCTCACCCGACTGGTTGGCCGCCGATACGCCCTCGAAGAACTGGGTCGCCTGGCGGAAGGTGGGTCGCAGCCCCGACTGACCCCAGGCCAGCCGGAGACGGAGTCCCCCGAACAGATCGCTCGTCGGAAAGAAGCTCTCGTCCGACACCACCCACGAGCCGCTGAACGACGGGTAGGCGATCCAGCCGAGATTGGTGCCGAAGGCGGAGTTGCGGTCGGTGCGAACCGCCGCGTTCAGGAACAGCCGCTCCCGCCAGGCGAACTGCTGCGAGAGGAAGGCGCCGAGGGTGATGTTCTCGACGTTGGCCTCGTCGACGTCGAACTGCGAGGTGGCCGCGCCGAGCGACCCCGTGCCCGGGGTGAGCCCGGCCCCGGAGGCGTAGATCGACTGCGTGCGGTCGCGGTAGTACTGCGCGCCGAGCGAGGTGGTCGACCGCAGCTCCGGAGTGAGCCGGGCGCTGCCGGTGGCCGAGCCGGTGGCCGTGTAGTTCACCACGTGCCCGCGGATCGACTCCCGCAGGCCGATCGAGAGCGGCGGTCCGAAGGCGGTGAGCACCCCCGGGGTGACCAGCGAGTTGTCGTGCTGGTTCACGTCGTCCACCCCGGCCGTGGCGTTCACCGACAGCCAGTGCAGCGGATTCCAGTCGGCGGTGGCCGACAGGGTCGTCCGCTGCAGCGCCTGGAAGCTGTCCCACGCCTGGAGCCACGCCTTGGGCCAGCGGTAGCCGTCGTCGCCCACGTTGGCCCCTTCGAGAGGCACGCCCAGCAGACCGTTCAGCAACACGCCCAGCGCGCTGTTGTCGTTCTGCGGGAACTGGGCGTCGTAGTTCACGTAGCCGAAGCCGGCGGTGATCCGGAGGTTGTCGCGCACCCGACCGGAGACGTTGCCCCGCAGGTTCACCCGCGACAGCTCGTTCTCCTCCTGCACTCCCGTCTCCTCCTGCATCTCGCCCGACACGTACCAGGTGGTGGCGTCGCCGCCCCCCGATGCGCTGGCGCCGAAGGTGCGGCCCCCGCCGCTGCGGAAGGGGGTGGTGGCGGGGTCTTCGAGCGGGCTTCCGCGGAGGAGCTCCGCGGGCGTGCAGGCACCGAGCGACTGCAGGAGCAGGTCGCACCGGCTCTGCGCGGCGTCGACCGCGAAGAAGTTGTCGGGCATCGTGATGTTGCGATCGACCGCGGTGCCCTCGGCCCACATGCGCCAGGCCGCGTCGCCCGACACCCCGCGTCGGGTGGTGACCTGGATCACGCCGTTGGCGGCCGCCGTGCCATACAGGGCCGCGGCGGAGGGGCCGCGCAGGATCTCGATGGTCTCGATGTCTTCGGGGTTGAAGTCGTCGAGACGCGAGGGGCGAACGCCGCCGGTGAAGATCCCGAACGAATCGGGGGAGTCGTTCACGCGGATGCCGTCGATCACGATGAGCGGAAAGTTCGACAGCGACAGCGAGTTGCTCCCGCGAATCCGGATGCGGGCGCCGGCGCCGGCCGTGCCCCCGGAGTTGAGCACCGTCACCCCGGCCTCGCGCGACTGCAGCAGGTCGGACATCGAGCGAACCGGGGCGAGCTCGACGTCGTCGACCTCGATCACCCCTACCTTCGAGCCGATCTCCCGCTTCAACGTCTGCTGGCCGGTGGCGCTCACCACGATCCCGTCGATGTCGAGGGCGGTGGAGACGAGTTCGACGTCGAGCGTGGTGGTTTCTCCGGCCTGCACCGAGACCGAGCGGGTCGACTGGCCGTAGCCGATGTGTGCGATGCGCACCTCGCGCGCACCGGCCGGGACCCCGGCCAGCACGAAGCGGCCTTCCGCGTCGGCCAGCGCACCCCGTGACGACCCCACCACCGACACCTGGGCCCCCACGACCGGAGCGCGCGTCGAAGCGTCGATCACGCGGCCCGTCAGGGTGCCGCCCGAGTCCTGCGCGATGAGCGATCCCGGTACCAGAATCGCGAGAACGGACAGCGCCGTGCGCCACCCGACCGTAGCCAGTCTGTTCATACTCCCCCCTTCGAGGAGAACCACGTTGTCGGAGGGGAGCGCGCGTCCGGTTGGACGCACGGGGCCGTGTTCGCCCCACGTCTTCATCCGCCACCCCGCCTCACACGAACATCGATGTCACCAGAGTCGACCTGCAGCGCACGGGGCTTGAGCGGGGGCGGGACGCGACCTTTCTTCCAGCATGAACTCGCTTCCGACGCACACCGCCGAACGCTACGTCGAGCCCCTGCGCGAAGGGGGGTCGCTGCCGGCCGTGGTCGACACCGACGGTGGACTCTTCGTGGTGAAGTTCCGCGGCGCGGGTCAGGGCGCGCGCGCACTCGTGGCCGAGGTGCTCGCGGGCGAGCTGGCCCGCGAGATCGGCCTGCCGGTGCCGTCGCTGGTCGAAGTGCGGATCGACCCCGTGTTCGGGCGGAGCGAGCCCGATCCCGAGATCCAGGACCTGCTGCGGGCCAGCCACGGAAGCAACATCGGCATCGCGTACCTCGAGGGCGCGTTCAATTTCGACGTCGCCGCGGCGGGCGAGCTGGTCTCGCCGGAACTGGCGGCCGAGATCGTCTGGCTCGACGCCTTCGTCACGAACCCCGACCGCACCGCCCGCAACCCCAACCTCATGGTGCACGAACGTCGCCCGCTCCTGATCGATCACGGTGCGGCGCTCTACCACCAGCACGACTGGGCGCGGGTGGACGAGCGGCGGATCGCGGCACCCTTTCCGCTGATCCGCGATCACGTGCTGCTGGGGGTGGCCGCCGATGTGGCCGACGCCGACGAGCGGATCGCCGGGCGGATCGACCCGGGCGTGTTCGAGGCGATCGTCGATCGGGTGCCGCAGGAGCTGCTCGACGACGAGGGGCGCGAGCGACACCGGGCGTGGTTCGCAGGGCGCTGGGCGGCGCGAGAGACCGTGGTCGAAGGGGCCCGCACCGCGGCGGCCGAAGTCGCGGCGAGTCCTCCCACCCGCAGGTCGGCCCGTCGATGAACCCGGACCGCATCGGCTACACCTTCGCCTACCTGCGCGTGGTACCCCGGGTGCACCTGGGCGCCTTCGTGAACGTGGGTGTCGTGCTCCACGCGCGGACCGCGGAGTTTCTGGGACTCCGGGCGGTCACCGATCCCGAGCGGCTGCGGCGATGCCTGCCCGACACCGACATCGAACTGCTCTGCCGATATCTGGCGAGCCTGCAGGCGGTGGCGGCGGGCGATCCGGCCGGCGGGCGGGTCGCGCTCGACCCGCCCTCCGAGCGTTTCCACTGGCTCACCGCCCCCCGGTCGGACGTGCTCCAGTGCTCGCCCGTGCACGTGGGGGTGACGGCCGACCCCCGAGCCCAGCTCGAGGCGCTCTTCGCCCCCCTCGCCGAGCACTGAGGCCGTCGGCGGTCGCGTCGGTCAGCCGCCTCCGCGCAGGCGATCGCGGCTGAGCGGCTCCGAGCCCGGAGGGGCCGGCGGGCCGATCCGTCCTCCCCCTTGGCGGATCCGCTGGCGCAGCGCCTGAAAGGCCGCATCGGTCGAGCCCCGCTCCCGCAGCAGCCGTCGAGCCAGCGCCGGAATGCCGAGCAGGGCGTCGTCGGCGGCCCGCCGCGCCATGGCGTCGCGCACCACCGTCAACGCCTGGTCGGCGGGCAGCCCCGAGCCGACGAGGTCGGCGAGCACCACCAGGGTCACGGGGCGGCGCTCGGGCTGTCGTAGACCCCGCAGCGTGGCGGGGGGCACCCCGCGGGTGAGCGCATCCACCCCGGCCATCAGGACGGCGGGTTCGACCGCCCCGCCCAGCAGGCTGC
NZ_CP144380.1_gap98	3497852	3500598	2746	GAGCGGCATCGCCGCCGCCCGCCTCGCGCAGCAGTTCGGTGGAGAGATCGACCGCGGAGACCGCGAAGCCGACGGCGAGTTCCGCCCTGTCGAGCGAGGGCCGGGTGCGCTGGCTCTGGTCGAACATCACCTCCTGCTCCAGCTCCACCTGGTCGGCGGCGCCGTCGATGACCGCCTCCGACAGCAGGGTGTCGGCGGTGTCGGGTGCGAGCGGATCGGCGGTGTCGTCGCAGGCCGCCAGGGCCAGCAGGCCGAGCAGCCCGAGCAGGGCGGGAGTGGGGGTACGACGGTGTGCGGTGAACATCGGGACTCTCCTGTCGAGGGTAGGTTCACCCTCCAGACGATCGCAGTCCCGAAAACGTCACCGAGCCCGTCCGGAGTCCCCTCGGATCGAGTCCCGGATCTCGCCCGGACTCAGCCCTCCGAAGAGGATCGTTCGTCGACGATGCGCACCTCTCCGGTGGCGGTGTCGACCACCGCGCCCACGAGCATGATTCGCCCGTCGTCACAGGCGTCGCGGAGGTCCGACGAATCGTCGAGCAGCGCCTGGATCTGATGCCGGACATTGGCTTCGACGGCCTGGTCGATCGTCGTCTCCGCGGAGGGGATGGCGGCCCGGATCTGGCGGAGCAGTGCGGGAATCCGGCCCGGGGTGCGGCCGTTGTCGACCGCGGCCTGGACCGCTCCGCACCCGGTGTGGCCGAGCACGACCACCAGGGGCGTACCGAGTACTTCGACCGAGTACTCGATGCTCGCCACCGTCTCGCTCGAAGCCACGTTGCCCGCGACCCGGACCACGAAGATGTCTCCGAATCCCGCGTCGAAGAGAATCTCGAGCGGCACCCGCGAATCCGCACATCCGAGGATGGTGGCCCAGGGCTCCTGACCGCGGGCCAGAGCGGCCATTCGATCGAGGCCGCGATTGGGTCCGATCGGCTCGTCGGCTAGAAAGCGGCGGTTGCCGGCCAGCAGGGAGTCGCGGGCCTCTCGGGGGGTGGTGGGGCGAGTGGTCGGCATGGTCTCCGGGAGCTCTCGAATGGAGGGTGACGAAGAACGTAACCCGGGGACCCGCGAGGGGGGAGGGGTGACGAATTGCCGCACACCCGTTGCCAATTCCCACAGAAGCGGTCAGACTAGGCACGTCCGACGACGCCCCATTTTCCTTCCACAGGAGACGTCCAGATGACGAAGGACGAGTTCGCCGAGAAGCTGGCGAAGAAGAGCGACCTCTCGAAGGCCAAGGCCAAAGAGGTCATCGAGGCCATCTTCTCCACCGAGCCCCGCAATGGCATCATCGCCATCGAGCTCGACGCCGGCCGGGACTTCACGATCACCGGTTTCGGAACGTTCGGCACCCGCAGCCGCAAGAAGCGTGAGGGTCGCAACCCCCGTACGGGTGAGGCCATCACCATTCCCGCCATGAAGGTCCCGACCTTCCGCGCCGGTCGCGGGCTCAAGGACCGCGTGCGCGACTGAGTCGACCCCCCGTCACGCGGTTCGGACGCTGCACGGTCCGCCGCGTGGCGCTGCATGCCGGGTCCCGCCTTTCGAGGCGGGGCCCGGTTGTCGTTTCGGGGCCGGATACGCGAAAGGGGCGACTCCGCTGAGGGAGCCGCCCCTTCTCTCACACCGTCGGGCCGCGCGGGCCGCGACCGTCAGGCGGTCGCCTGGGGCTCCAGGATCGCCACGAGGCGGCGGCCCTCGATGTTGTTGCTGCGCTGTTCGACGCGGGCGAGGTCGTCGGTGGCCTCGATCATCTTGTCGAGGGTGGCGATGCCCACCTCGGGTCGACGGAGCTCACGGCCCCGGAATCGAAGAACCACACGGACCAGGTTGCCCTCTTCGAGAAAGCGGCGGGCGCGCTTCAGCTTGACGTCGAAGTCGTGGTCGTCGGTCCGCGGCCGGAGCTGGACTTCCTTGACCTCGGTCTGGTGCTGGTTCTTGCGGGCCTCGCGGGCCTTCTTCTGCTGCTCGTACCGGTACTTGCCCCAGTCCATGATCTTCACGACGGGGGGTCGAGCACGCGCGGCGACTTCGACCAGATCGAGCTGGGCCTCGCGGGCCCGCTCCTTCGCGGTGTCGAGCGAGACGACACCCACCTGTTCCCCGTCGGCGCCGATGAGGCGGACGGGGCTGATGCGGATCTGATCGTTCACGCGGGGATCGGCGGAAATAGGACGACTCCTTCTGTGGATGAACGCGCCGGCCGCAGCCGGTCACGGGGTATCCGGCACCTCGTGCGCCGGGTTGGAGGGGGAACCCTCCGATACCAGTGTACCAAGGTGCGGCCGGAAGGGTCCCTCCTCCATCGTTCCGGACCTACGAGCGATGAGGCGCGAGGGTTCGGCGGACCTCGCGGCCGATCCACCGGCCGGCGGATCGGGTCTGGAAGGTGACCCACCCGGTGAGGGCGCCGCGGTAGGCTGCCTCGAGGGCGTGCGCCAGCCGGCCGGTGGCCGTGTCGGGGAGCAGCCGCTCCTCGGCCAGGGCGCGGTCGAGGAGGGAGCGGAGTGCCCGGCGGCGCTGGCGGGCCCCCTCCCGGACGATGGGACCGAGCACGGGATCGGCGAGCTCGAGGTGGTGCAGGGCGATCATGTGGGCGGCGTGCGTCGGGTCGGTCAGCCAGCTGGCCCGCAGCTGGAAGCCGCGGAGAACGATGGCCAGCGGGTCGCCGCCCTCGTCGCGAAAGGGCTTCTTCTCGCGTCGGGCGCGCCGCCGGGCCGACGCTTCGTGCAGCGCCTTCTTG
NZ_CP144380.1_gap99	3505890	3507994	2104	AGTCGACCCGGTCGTCGCGCACCTGGAACTCCGCTTCCGAGATGGCCAGCGCCTGGCTGCAGGCGGTGGCGGCGCCGCGCGCCTCCACGAGGGAATCGCGGAGGGCGAGAACCTGCTCGCGTTCTTCCCGCTGACGCCACTGCAGCAGCCCCATGGCCAGAACCACGAACACCGCGGCCCAGCGCAGCGCGCCCTTCACGACGACCGATCCAGGGCGTTCGCCTCCGCCGCGAGACGCTCGGAGAGTCGGTCGACACGGTGCCGGCTCCGGGCCCGCAGAGCGTTCCAGAGCGCGCGGCCGAGGCCGAGCCCCAGCACCGAACCCGCCGCGGCTGCCAGGCCGGCCGCGGACCCGCCGGCGAGCCAGGCGCCGGCCACGGCGGCACCTCCACCGGCGCCGTAGAGGGCCGGCAGCAGGTGCACCACGGCTCGGAGTCGGTCGGTGTAGCGCTCCTCCACGCGGATCACCGTCTCGGTGTCGCTCGGCTGCACCACGACCTGCCGGTGGAGGAAGCGGCTGGTGGCCGTCCAGCGCACCGAGCCGAGCGCCTCGCCCACGGTGCCCGCCGCAGGGGCCTCCGCATCGATCACCTCCACCATGCGGCCGAGGCCGGCGCGGTCGATCTGCACGGGGAGGGCGGCGGTGCGGCGGGTGAGCCCCGGGTCTCCGAGGGCCAGCGAAGTCACGCGCGAGCGGGCCGGCGCCGCGATTTCGTCGGCCGCGCGCGCGACCGCGGTGGGCGCGATACCGGCCTCGGCGGCGATCTCCTGCAGCTCCGCGAGACTGAGCCCCCTCGCGACGGCGGCGCCCGACGGCGCGTCGCGGTCGATGTCCGCGGCGCGCTGCAGAAGGCGGGCGACCTCCTGATCGGTGTAGCGGCGTTCGGTCATCGGGCCGGGGGCGTTGGAGGCGAGGGCATTCCGGATACGTTCGCGGGGCCGCGGACCCTCGCGCCACCCCCGGCGGAGCCGACTGCGGGATCGCCCCGGTCGGGCGCGGGCTGGCCCGGGCGGCCGCATCCCCCCATCATGGCGCTTCGATGCCCCCCTCTCTTCGATCCCCCGGACCGATCCGAGCTCATGATTCGTCGCCTTCTCACCACCTCCGTCGCGCTGGCCGCCCTCGCGGTGCCGGCTTCCGGACAGACGCTGCCGACCACCTGGCAGGAACTGAACGACTTCAAGGCCGGCCCCACCCCCTACGAGCCCCTCATGGAGTTCTGGTACGAACTCGACGCGATGAGCGAGCTCGTGAGCATGCAGCCGCTCACCGAAACCCTGCTCGGGCGCGAGCTGCCGCTGATCGTGATCTCCGAGCCGGCGGTCACCACGCCGCAGGATGCCCTGCGTTCGGGCAAGACCATCGTGCTGCTCGCGCCGTCGGTGCACGGTGGGGAGATCTCGCCCAAGGAGTCGGTGCAGATGGTGGCGCGCGATCTGGTGGGCGGTGATCTCAGGCCCCTGCTCGAAGACGTCATCGTTCTCGCGCTCCCCCTCGTGAACCCCGACGGTGGGGAGGTGCGCCGGCGCACCAACGAGGCCGGGTACGACATGAACCGCGACTACCTCAAGCTGGAGTCCCAGGAGATTCAGGCGCTGGTGACCCAGGTGCTCAACGAGTGGACGCCCGACATTCACGTCGACGGACACCACGGCGGATCGTCGCCGTACGTGATCACCTATCAGGGCACGCTGAATCCGGCGGCCGACGCCGAGCTGCGGGCGTATCCGTACGACCACATCTTCCCGATGATCCGGGCTGCGGTGGAAGCCGAGGACTACGTGGCCTTCGACTACTCTGGCGTGCGCACCGAGAACGGGGTGCGGGGCTGGGGGTCGACCTCGGTGGAGCCTCGCAAACACCACGTGTACACCGGTCTCACCAACTCCATCGGCATCCTGCTCGAGACGCCGTCGAACACCCACCGCGTGATGCGGGACGGCACGGTGGTGCCGATCCCGCTCGAGGAGCGCTACTACCACCAGATCCGCGGCGGCGTGCTGGCCACCACCGCGATCCTGCAGGCGGCCTCGGAGCAGCGGGAGGCGATCCGGGCGGTGACCAACGGGGCCCGGCAGCGGGCGATCGCGGCCGGCACGACCG
NZ_CP144380.1_gap100	3509487	3513620	4133	GGGCCCGCCTCCTCCCACGCCGGGAATGGCGGCGCAGCTCCCGGCCGCGATCGATCCTGCGACGAGGAGGGGAAGGGCGAGTCGGGGGGTGGCGAAGGGTCTGGGCATCGGGGGGTCCGGCTCGAGGGCTCGTCGGGCGGGTGTCGAGTGTTAGATTTCCCGCCCATGATCTCCGTTTCCAATCTCGGCAAGTCGTTCGGCGACCGCACCCTCTTCGAGGGCGCCTCCTTTCAGCTCGACCCCGGCCAGCGCTATGGGCTGGTGGGGGCGAACGGTTCGGGCAAGACCACCCTGCTCGGGGTCTTGTCCGGCGACGAAGAGGCGTCGGAAGGCACGGTGTCGATCCCGAAGGACCTTCGGCTCGGCGTACTCCGCCAGGATCAGTTCCTCTACGAGGAGGAGGAGATCCTGGGGGTGGCGCTGATGGGCAATCCCGATCTCTGGCATGCGATGTCGGAGAAGGAGAAGCTGCTGAAGGCCGCCGAGGAGAATCCGGAGGCGCCGTTCGACGCCGACCGCTTCTCGGAGCTGGAGGAAACGGTCCAGCTCCACGACGGATACACCGCTGAGGCCCGAGCGGCCCGGATCCTCGAGGGACTGGGCATTCCCGCCGACGTGCACCGGGAGCCGCTGTCGATTCTCTCCGGAGGCTTCAAGCTGCGCGTGCTGCTCGCGCAGGTCCTGGCGTCCGCCCCCGACGTGCTGCTGCTCGACGAGCCCACCAACCACCTCGACATTCTCTCGATCCGCTGGCTGGAGACCTTTCTCTCCGAGTACGCCGGTCCGGTGGTGGTGATCTCGCACGATCACCGCTTTCTCGACAACGTCGCCACGCGGATCCTCGACGTGGACTACCGCACGGTCACCCTCTACAAGGGCAACTACTCCCGCTTCATGGAGGCGAAGCGCGAGGAGCGGGAGCGCCGCGAGAAGGAGATCGTCAGCCGCGAGAAGGAGATCGCGCACCACCAGGTGTTCGTCGATCGCTTCCGCGCCAAGGCGAGCAAGGCGCGGCAGGCGCAGTCGAAGCTGCGCATGATCGAGAAGAAGGCGAGCGAGCTCGAGGCGCTGCCCGGGAGCTCGCGGCGCTACCCCCACTTCCGGTTCGAGCCGCGCCGTCCGAGCGGCAAGCAGGTGCTCGAGATCGAGGGGATCCGCAAGTCATACGACGACAACGAGGTGCTCCACGGCGTGGACCTCGAGATCCGCCGTGGAGATCGGGTGGCGATCATCGGGCCGAACGGGATCGGGAAGTCGACCCTGCTGCGCATCGCGGTGGGCGACGTGCCGGCCGACGCCGGCGAGGTGGAGTGGGGTCACGAGACTCACGTGGGCTACTTCGCGCAGGACCACCACGAACAGATCTCGGACGAGGACCGCACCATCGAGGAGTGGCTGTGGGACTTCTGCCCCGGAAAGGATCGAGGCTTCGTGCGCGGTCAGCTGGGGATGATGCTCTTCAGCGGCGACGAGGGGGAGAAGCGCCTCGGTGCACTGTCCGGAGGCGAGGCGGCCCGGCTGGTGTTCGCCCGGATCGCGCTCGAGCGGCCCAACGTGCTCGTGCTGGACGAGCCCACCAACCACCTCGACATGGAGTCGATCGAGGCGCTGGTGGAGGGGCTGCAGTCGTTCGACGGCACCCTGATCCTGGTGTCGCACGATCGGTGGTTCGTGAGCCGGCTCGCGACCCGCATCGTCGAGGTGCGCGCCGACGGCATCCGCGACTACCCGGGAAGCTACGACGAGTACGTGGAGGCCTGCGGAGACGACCATCTCGACGCGGATGCCGTCGTGCTCGAGGCACGCAAACGCCGCAGGCAGGGCGACGACGAGCCCCCGCCCGACACCCGGCGCCGGCGCTCGTCGGGAAGCAGCTCCAACCGGCGCCTCAAGGAGGCGACCGAGGAGCGCGATCAGGTGACCGCGCGCATCACCGCGATCGAGAGCCGGCTGGAGGCGATCGACGCGACCTTCTGCGAGCCGGACTTCTACGAGCGTTCCTCCCCCGACGAGGTCTCCGCCCTGGAGGCCGAGCGCGCCGACCTCGCCGCCGAGGCGGAGACGGCGCTCGTTCGCTGGGAGGCGCTGGAGCGCGAACTGTCGGAGTTGAGCGACGCGGCGTCGTGATGCGCGGAGCGGCGGCGCCGCTCACGGGCGCTCCGTCTCCAGAAGGGTCGACCGCGCGTCGGGCGGAGGACACCAGTCGCCCACGATGCGGCGCACATCGGCGTACGCCACGTCTCCGGAGTGCGGATAGTCGTAGTACAGCGCCTCGATGATGCGCGATACCCAGGGGCCGGTTTCGAGGCCGCGAATCGCCAGCGTGCGGGCCTCGGCGCAGAAGGCCTCGGCCTCGAGGGCCATCATGCCCTCGTCGGTCAGATAGGTCTTCGCATACTCGACGGCGCCCAGTCGCCGACACTGCTCGGCGTGCACCCGTTCGTGGATGTGCACCATCTCGTCGAGATCTTCGTCGAGACCGCCCTGGAACTGCTGCAGCGGGCCGATGCCGGGTAGACAGAGCGTGATGCCATCGGCCTCGCTCGGCATCGGGAGCAGCAGGAAGGCCGCGGGGATGATGGGGACGGCGACGACGAGGCTCAGGAAGAGGATCCGCGCGATCGACATCAGCAGGTCGTGGCTCACCGACGCGGGGGCCGAATCGTCCGGCTCCTCGTCCTCCCGCCCATCGAACCTCCACATGCACCGCACCTCCGGCTTCGGTTTCGTCGTCAGGGAGCCGTAGGCGGGGAAGAAGCGTGCCGGACGCCACGGGTCCCGGATTGTCGCATGGTACCGTGGGTCGAAGGCGCGGGGGATGCGAAACCGTCGCTTCTCCGCGACAGTGGGCGGGGGCGGGTGGTGCGTCGGCGCCTCACCCGTACCTTCAACGGGATCTCGCCGGCTGGTGTCCGGGGTATGGGGTCCCCCTAGTGATTGAACGCGTTCCTCCATGGAGTCGTCCACTGTGATTCGAAGCCGAATGTTCGCCCCGGTCGCGTCTGCGGCCCTCTGCATGATGGTGCTCGCGGCGCCGGTGTCCGCGCAGCAGGAGTTCACCACCCCCGCCGAAGACTCGGGGTTCACCGAGTACACGCCGTACGACGACATGATGGCGTACCTCGAGAATCTGCGGGCGTCGTCGCCCGACATGTGGCTCGGCACCTACGGCGAGACGCACCAGGGCCGCCCGCTGCCCTACGCCGTCTTCAGCCGTCCGCAGGTGAGTCAGCCGTCGGAGGCCTGGGCGCTGGGTCGGCCCGTGATCGTGTTCAACGCCAACGTGCACGGCGGAGAGCGCACCCTTCGCGAGTCGCTCCTGATTCTCATGCGCGACCTGGTCACTCCGGGTACGGAGGCGTGGGAGACGCTCGACGACGTCGTGCTCGTGGTCGCACCGCAGATCAACCCCGACGGTTTCGAGGCCACCGACCGCGGCACCCGCGGCAACTCGTGGGGCATCGACATGAACCGCGACTGGGTGAAGCGGGAGCAGCCCGCCCTCGCGAACTACGCGCAGAACGTGGCCGACGCCTGGGCGCCGCACATTCTCGTCGACGGACACAACGGCGGCTCGTTTCCCTACCACATCACCTATCAGTGCTCGTCGCATGCGCAGCCCGACCAGCGGCTCACGCAGCTGTGTGACGAGCGCCTCTTCCCGCGCATCGATCGCGACGTCGAGGCGGCCGGGTACAAGTCCTGGTACTACACCCGGGGCACGCGCACCCGGTGGGAGGGCGGCGGGTACGACGCCCGGATCGGCCGGAACTACAACGGCTTCGTGAACACGATCGGCATCCTCTTCGAGTCGCCCCCGTGGCAGGAGATGCAGGCGGGCGTGGAGGCCGGGGTCGAGGCTTTCGAGGCCGTGCTCGGCTACGCTGCGGAGAATCCCGAAGACGTGATGGGAGTGGTGGAGACCGCGCGCCGCGAGACCATCGAGATGGGCCGCAACGCCGACGGCGAGGTGGTGGTCGAGATGGAGTACGGCCCTCAGCCGCGCACGATCACCTACGAGATCGGGGTGCGGAACGAGGACACCGGTGAGCTCGAGGCCCTCGAGGTGACCAACGACTCGCTGATGACGCGCCCGATCGCTCTGCGCACCCGCCCGCTTCCGTACGCGTACG
NZ_CP144380.1_gap101	3523773	3528530	4757	AGATCCGGGAGTCGCACCGGTTCAACGATCCGCGCGTACACGATGCCTACTCGCTGCGATGCATGCCCCAGGTGCACGGGGCGGCGCGCGAGGTGCTCGGCTACGTGGAGCGGGTGCTCGCCGTGGAGTGCAACGCCTCGACCGACAACCCGCTGGTGTTTCCCGACGCCGAGGGCGAGGGGGGCACCATCGTCAGCGCGGGCAACTTCCACGCCCAGGTGGTGGCTCAGGCCCTCGACTTCATGGCCATCGCCCTCGTCGATCTGGCCGCGATCTCCGAGCGCAGGATCGAGCGGCTCCTCAATCCCGATCTGTCGGGACTGCCGGCGTTTCTCGCCCGCGATCCCGGGGTGGAGTCGGGCTTCATGATCGCGCAGGTGGCGGCGGTCGATCTGCTGGGCGAGATGCGGGTGCTGGCCCATCCGGCCTCGGTCGACTCGGTGAGTACGAGCGCCGCCAAGGAAGACCACGTGAGCATGGGCATGGCGGCCGCCCGCAAGCTGCGCCGGGTGGTCGAGTGCCTGGAGTACGTGCTCGCGATCGAACTGATGGTCGCCGCACAGGCCCTCGAGTTCCACCGACCGCTTCGCCCGGGTGCGGGCGTGCGTCGCGCCGTCGAAGCCGTGCGCGCACGGGTCCCTCCGCTGGAGGGGGACCGCGTCCTGACCGACGACATCGAACGCCTTCGCGACGCCGTGCGCGACGGCACCTTCGCCTCTCTGCATCGCGGCCTCGGGCCCGATGTGGAGTCCCCCTCTTCCTCCGAGCCTGCGAGCGACCGATGACCTCCTCCACCTCGACCGGCGCCCGCCCCGTGCGGGCCCCCCGCGGAACCGAGCTCCGGTGCCGTGGATGGCAGCAGGAGGCGGCGCTGCGCATGCTCATGAACAACCTCGATCCCGAGGTGGCGGAGCGCCCCGACGACCTCGTGGTGTACGGCGGCACCGGCCGGGCCGCGCGCAGCTGGGAGGCCTTCGACGGCATCGTGGCGAGTCTGGAAACGCTGGCCGACGACGAGACGCTCCTCGTGCAGTCGGGGCGGCCGGTGGGGGTGTTCCGCACGCACCGCGACGCGCCGCGCGTGCTGATCGCCAACAGCAATCTCGTGGGCCGCTGGGCCACCTGGGAGCACTTTCGGGCACTCGAGCGCGCGGGGTTGACGATGTACGGCCAGATGACGGCCGGCTCGTGGATCTACATCGGGAGCCAGGGCATTCTGCAGGGCACCTACGAGACCTTCGGGGCGCTGGCCCGAAAGCACTTCGGGGGCTCGCTCGCCGGGCGGTGGACCCTCACCGGCGGGTTGGGAGGCATGGGGGGTGCGCAGCCCCTGGCGGTGACGATGAACGGGGGAGCCTGCCTGGCCGTGGAGGTGGATCCGGCGCGGATCCAGCGGCGCGTGGCCATGGGCTACTGCGACGAGATGTCCACCGATCTCGACGGGGCCGTCGACCGGGTGCGCGAGGCGGCGGCCGCCGGCGAGGCCTGGTCGGTGGGGCTCGTGGGCAACTGCGCCGAGGTGTTGCCGGAGCTCGTGGAGCGCGGGGTGGTGCCCGACGTGGTCACCGATCAGACCTCGGCCCACGACCCGCTCCACGGCTACCTGCCGGCTGGACTGGGGCTGGAGGAGGGCGAGGCGCTGCGACGCTCCGACCCCGAGGAGTACCAGCACCGGGCCTTCCAGTCGATGGCGGTGCACTGCGCGGCCATGGTGGGATTCCAGGCGCGGGGGAGCATCGTGTTCGACTACGGCAACAACCTGCGCGGGCACGCCCTCGATGCGGGCTTCGCCGACGCCTTCGCCTTTCCCGGGTTCGTGCCCGCCTACATCCGGCCCCTCTTCTGCGAGGGCAGGGGTCCCTTCCGCTGGGCGGTGCTCTCCGGCGACGCGGCCGATCTCGCGCGCACGGACGATCTCGTGCTCGAACTCTTTCCGGACGACGAGCACCTCGCTCGCTGGATCCAGCTGGCCCGCGAGAAGGTGGCCTTCCAGGGGCTGCCCTCCCGCATCTGCTGGCTCGGACAGGGCGAGCGCGCCCGGTTCGGTCTGGCGTTGAACGACCTGGTGGCGCGCGGGATCGTATCGGCCCCGGTGGTGATCGGGCGCGACCACCTCGACACCGGCTCGGTGGCCTCGCCGAACCGCGAGACCGAGGCGATGAAGGACGGGTCGGATGCCGTGGCCGACTGGCCGATCCTGAACGCGCTGCTGAACTGCGCCTCGGGCGCCACCTGGGTGAGCGTGCACCACGGCGGGGGCGTGGGGATCGGCAACTCCCTGCACGCGGGGCAGGTGATCGTGGCCGACGGCACCCCCGAGGCCGCCGAGCGGTTGCAGCGGGTGCTCACCAACGACCCCGGGATCGGGGTGGTGCGACACGCCGAGGCGGGCTACGACGAGGCGGTCCGCACGGCGGAGCGCGAAGGGATCCGTCGACCGATGCGGGAGTAGAGGGGGCATGAACTTCACCTCCGACGACCTCATCGCGCTCCTCGACCTCGAGCCGCTGGAGCACAACATCTATCGCGGCCAGAACCGCGATATCGGCACGAAGCGGATCTACGGCGGGCAGGTGCTTGCGCAGGCCCTCGTGTCGGCCCAGCGCACGGTCGACGCCGACCGGCCGATCCACTCCATGCACGGCTACTTCATTCTCGCCGGAGACCTGTCGGTGCCGGTCGTGTACTTCGTGGATCGACTCCGCGACGGCGGGTCGTTCACCACGCGGCGGGTGACGGCCATTCAGCACGGCCAGGCCATCTTCAACCTCTCGGCCTCCTTCCACCGCCACGAGGACGGGCTCGCCCACCAGCTCGAGATGCCCGACGTGCCGCCCCCCGAAGAGGTGCGGCCCGAGCTCGACGTGATTCGCGAGCGGGCGCGGTCGATGCCGGACAAGGTGGGCTCCGCGGTCACGCAGGACCGCCCGCTCGACGTTCGCCCGGTGGACGACGACGATCCCTTCGAGCCCAAGGTGATGCCCGCCCGCCGAGCGATGTGGGTGCGCACCACCGGACCCCTCGGCGACGATCCGCTCCACCACCAGGCGGTGCTGGCGTACGCCTCGGACTACGGCCTGATCGTCACCGCCCTCCGGCCGCACGCGCGCTCGGTTCGCGATCCGGAGATGATGGTGGCCAGTCTGGATCACTCGATCTGGTTTCACCGTCCGTTCCGCATCGACGAATGGCTCCTGTACGTGGTGGACGCGCCGGTGTCGAGCGGGGGGCGGGGATTCGCGCGCGGCACCTACTTCACCCGCGAGGGCGAGCTGGTGGCTTCGACCGCGCAGGAGGGCCTGATGCGGGTGCGCACCGACCGGCGCACCTGACGGAGCGGTCCCGCGGCGGAGGTCAGTCGGGGGCGTCGGATGCGCCGTCCGCGCCGTCGTCGTCTCGGATGTGATCGCCCACCGGCGTGAGCACCACGAAGGTGAGAAAGGTGATGACGGCGATGGCGATCGCGAGGTCGACCCGGCCGTAGGCGACCGAGGCGCCGATCCCCCCGGTGGCCCAGATGGCCGCGGCGGTGGAGGTGCCGCGAATGTTGCCGCCCGACTTGAGGATCGCGCCTCCGCCGACGAAGCCGATCCCCGTCATGAGCCCCTGGATGATGCGGGAGAGGGCGTCGGGGTCGCCCGCCGAGATGGTCGCCCCGAGAAGCACGTAGCTGCAGCTGGCGACCGCCACGAGCGGGAAGGTGCGGAGCCCCAGGAGCCGGGTCGTCTGTTCGCGATGCCAGGCGAGGGGGAGGGCCAGGGCGAAGGCGATCACCAGGGCGATCACCGAGTCGACGAGGCGGGTCGGGTCGACGTCGAAGGGGTTCATGGGCGTCAACGAGGAGGAGCGGGTGACCAGTTGGTTGCTGCCGGAACTGCTGTGGGATGGCCGCACGACCCGTGCCGCGGCCGCGGTGGCGGTGCGCGACGGGCGCATCGCGACGGTGACCGAGGCGGGCGACGTGCCGCGCGACGCCGAGGCGGAGGGCGCGGTGCGGCGGCTGCCCGGGTGGGCGCTGATGGCCGCGCCGGTGAACGCCCACTCCCACGCCTTCCAGCGCGCGATCCGGGGTGCCACCCAGACCCGGCCCGCGGGCCGACCGGACGCCGACTTCTGGAGCTGGCGGGAGGCGATGTATGCGGCCGTGCTCGACGCCGATCCGGAGTGGATCCACGCCGCCTCGCTCGCCTGCTTCCGCGAGATGCGCGCGGCGGGGTGGGGAAGCGTCGGCGAGTTCCACTACCTGCATCGCGATCCCGAGGGACGCCGATACGACGACCCGCTGACGCTGGCGAATGTGGTGGTCGAAGCCGCCCGCACGGCGGGGCTGTCGATCACCCTGCTCCACGTCGCCTACGCGACCGCCGATGTCGACGGATCGCCGCTGGATGTACGCCAGCGCCGCTTCCGGTGCGACAGCGTCGACGAGGTGATCGCCGACGTCGAGGCGCTCGCCGCTCGCTGGCGGCACGATGCCCGGGTGACCGTCGGGCTCGCACCCCACTCCGTGCGCGGAGTCCCCGTGGAGTGGTGGCGACCGCTGGCGGAGGCGGCCGAGGCCATGGACCTGCCCCTGCACGCCCACGTGTCGGAGCAGCGACGGGAGGTGGAGGCGTGCCGCGCGGTGCACGGATGTCGACCGGTGGAGCTGCTCGACCGCGAGGGGGTGCTGTCGCCCCGGTTCACCGCGGTGCACGCGACCCATCTCACCGACACCGAGGTGGAGCTGCTCTCGGCGTCGGGGGCTCGGGTGTGCG
NZ_CP144380.1_gap102	3565287	3567216	1929	GTCGATGTCGGCCCCCGTGGCGGGTGGCTTCACGCTCGACGACCCCCTCGCGCGCGAGATCGCGCCGTTTCCGGTGATGGGCGCGAACGGGCTCGCCCTGGAGCACCCCTTTCTCGGCGGATTCGTGGTGCCGCGGCCGCAGCTCGTCGACATCGACGGCGACGGCGACCTCGACCTCTTCATCCAGGAGCGGACCGGGGAGCTGATGCACCTGGAGAACGTGGGCGATGCCGCCGCTCCCTCGTTCGTCTGGCGCACCGATCGCTACCAGGACCTCGACATCGGGGAGTGGAGCCGGTTTCACGACCTGGACGGCGATGGCGACCTCGACCTGCTCGCCGAAGAGCGGTTCAGCTACGTGCGGATGTATCGCAACGAGGGATCGGCCACCGACCCCCGCTTCGTGGCACTCGCCGACTCGCTTCGCGACGACACGGGCAAGGCCATCTTCGCCGACCGCCAGAACATCGCCTCGCTCGCCGACGTCGACTGCGACGGTGTGATCGACCTCTTTCTCGGTCGGGTGGACGGCACGGTGTCGCGCTACGAGGCGGTCGGCACCGCTCCTTCGGGCATGCCGATCTTCACCCTCGTGAATCCCCGATTCGAAGACATCGAGATCGTGGCCCAGCTGGCGGTGCCCGGTGGCGCTCCACAGAACCCGACGCTGCACGGCGCCAACTCGATGGCCTTCGCCGACGGCGACGGCGACGGAGACGTCGACCTCTTCTGGGGCGACTACTTCGAGCCGGGGCTGCTCTTCATCGAGAACTACGGCACCTGCAACAACCCCGACTTCCGCTCGGAGCCGCAGCCGATGGAGGCCGACGGCGAGTTGATCGCCACCTCGGGCTACAACGCCCCCTGGCCGGCCGACCTCGACGGCGACGGCGATCTCGATCTGCTCGTGGGCGTGCTGGGCGGAGCCTTCAACGCCAACCGCACCTCGGTGGAGAACCTCCGGTACTACGAGTCCACCGACGCGGGCTGGTCGGAGGTGACCCGCCGGTTCATCACGCAGATCGACATCGGCAGCGAGAGCGTGCCCGCCTTCACCGACCTCGACGGCGACGGCGACCTCGATCTGGTGATCGGCTCCAAGCTCGACGCCGACGAGGTCGATGCCGGCCGATTGCACGTGTTCGAGAACGTGGGCACCCCCTCGGCACCCCGCTACGAGGAGCGCGAGCGACTCCTGCTCACCGATTCCTACCACTACGCCCCGGTCTTCGCCGATCTCGACGGCGATGGCGCGGACGAGTTGCTGCTGGGCACCTGGAACGAGGACGTGCGCCACTTCCGGCGCTCCGCCGACGGCGGCTGGGAGCCCGTGTCCGACGCGCCGCTGGTCGAGTTGCCCCGGGGCAGCCACTCGGTGCCCGCCGCCGGTGATCTCGACGGCGACGGCGACCTCGATCTGATCGTGGGCGAGGCCTCGGGAGAGTTGAACTTCTTCCGCAACGTCGGCACCTCCACCGCGCCGGCGTTCGAACTCGTGACCGAGAAGCTCGACGACATCGATGTCGGCCGGCGGAGCTTCCCGGTGCTGTACGATCTCGACGGCGACGGCGATCTGGATCTGCTCGTGGGTCGCGAAGACGGCGGGGTGGCCGTCTTCCGCAATGTCGGCAGCGCCACCGAGCCGCGCTTCGAGGAAGACGGTGAGATCGACGCCGCCCTTCCGAAATACGCGGCGCCGGCGCTCGGCGACGTGGATGGCGACGGCGACCTCGATCTGGTGGTCGGGGGCCTCAGCGGCGGGCTCGTCTTCCACAGGAATCTGCGGAACCGGTGAGCCGCCGTTCGCGCGACGAGGCGGCTGCGGCCCTCGTCGTGGCCGCGCTCGACCGTATCGACGCGCCGGAGCGGGCGTTGGTGCTCGAGGATCCGACGCGCGAGGTGGCCGACGCCCTCGCGGCGGCCGGGTGC
NZ_CP144380.1_gap103	3609563	3610369	806	ACCAGCGGGAGCGACGAGGGCGATGCGGGATCCCGGGCGCAGCCGACGGGGACGGCGCGGCGGTTCGGGAGGGGCGGGGGGTGGAGTGGGTGCCATGCGACGAGTATGGTCCTCCGCACGCGTTCCAGCCATAGCCCGCTGGGGCGCCCGGCGCTTCGCCCCCGTCCACTTCGCCCCCGATCGCCATGTCGTCGCCCCGCTGGCCCACCGACTTTCCCCATCCCCCGGGGGTGGGCGCCGTGCGGGGCCGCTCCGGCGCCGTGGCCTCCACCGATCGCCTGGCCTCCGAGGTCGGACTCGAGGTGCTCCGCGAAGGAGGCAACGCCGTCGACGCCACCGTGGCGGTCGCGATGGCGCTCGCCGTGGTCAATCCGGAGGCGGGCAACCTCGGCGGCGGCGGCTTCCTGCTGATCCGCACCCCCGACGGGGGCGTCTACGCTCAGGATCACCGCTCGACGGCCCCCTCCGCGGCCACGCCCGACATGTTCTGGAGCGACGACGGGGGGGTGACCGAGGCGTCGGTGATCGGCCATCGGGCCGTGGCGGTGCCGGGCTCGGTTCGGGGACTCCACGATGCGCACCGTCGCTTCGGTCGCCTGCCGTGGAGCCGGCTGGTGGAACCCGCCGTCGGGCTGGCCGAGGGATTCGAGGTGCGTCCGCGTTTCCTGCATTCGCTGCCTCCGCACATCGTGGCCGGGCTGCGCCGCTTTCCCACCTCGTCGGCGATCTTCCTGCCGGGCGGCGAGCCCCCTGCCCCCGGGTCGGTGCTGCGCCAGCCGGACCTCGCCGACACCCTGCGCCGCCTG
NZ_CP144380.1_gap104	3615194	3617766	2572	CACGCGCGCTCCATCTCGGCAATACGGGGCTGGATCCAGGAGGCGTTCCTGAACTCGTCGAGCTGCGCGTCGATCTCGGCGGCCGACACCGGCTCGCCCTCCGACACCCAGCGCACGATGCGATGCGCGCCGGCGTCATCGATCTGCCGGACTTCGGGCTCGGCGCCGTCGTAGATGGCCATGCTGCCGTCGTGGGCGACGAGATAGCGTCCCGAGGGTGCAAAGGGAGGAACCACGTTCGTGGGTCGCTCCTGGCCGGCGTCGACGTACTGCTGCAGGATCCCGCCGATGGACGCCAGCGTGTCGACGTCGCGCGTGGCACGGTCCACTCGCACGATCGTGATCGGGGGGCGGTAGGCCGGCCCGGGGGTGGGGGTGCCCGATCCGAAGAAGGACTCCGCGTACACCGGGGCCACCATCCGCCCGTCCGGAAGCTCGACGCCGCCCTCCGAGGGCCCCACGGAGCGCATGATCTCCATCCATTCCGCGCGGTCGAAGGTCTCCCGCCCGACGAACTCGCCGGCCGTATCGTAGTGCACGGCGTCGAAGCGGTCCCTGACCGTGAAGCCGTCGCCGGGGCCGGGGCGGAGTCCCATGGGATACCCGTACTCCTCCGGACCCTCGCCCGGCCCGCCGAGCGTCTGGAGGTGTTCACCCTCACTCGAGAAGATCCGCACTTCGCGGGTACCCGAGTTGACGACCACCACCGACCCGTCGCTGCGCCGCATGGCGTCGGACACGGTCACCAGCTGGTACGGATCGGGCGCGTCGAGGTCGCCCCCGATCGTGAGGGTCGGCTCCGGAGAGAGGGTCCAGCGCGTGTCGGGGGTCCACAGGGAGTCGCTCGAGGTCACGATCTCGATCCCGGCACTGTCGACCCGGGTCGCGACCGGAGGCGAATCCGCCGGGCCACAGGCCGCCGCGCTCGTGAGGGCGAGCAGCGCGACGTTGTACGGGCGTACGAAAGAGGGCACGGGCACCTCCGGCGGAGGGAGAATCCTCGGCGTCGGGTCAGTCCGAGCCGAGTCGGGGGGAGGCGTAGGTGGGGTGCCGCACGACCCGCGTGGGAAGGAGCACCTCGGGGCCGGGCTCGAGGCCGTGGCCGAGAATGCCCCATCCGCTCTGGCCCCAGCACCGGGCGACTCCCAAGGTATCGACGGCGCACTGCGTGCTGAACCCGATCGAGGTATGCATCGCGTCCACCTCGGGGGCCACCTCCACCGGAAAATCACCCTGCGCCGGGGCGTCGCCGCGGCCGAAGCCGGCCTCGATCTGGCCCCAGCAGAGCAACGGTCCGGAACTCGACAGGCCGCAGGCGGCGTCGTAGTCGGCATCGAGAGCGTCGAACACGGGGTCGCCCTGCACGGGCGCCGGCGTCGAGCGGTCCACCCGGGTGCCGTCACCCAACTGCCCGATCTCGTTCGCCCCCCAGCACCAGGCCGCACCCTCGGCGGAAAGCCCACAGGCGAACGCCGTGCCGACGGCGACCCCGACGAAGGCCGGCGCGTCGGCCACCCGCTGCGGCACCATGCAGGGGTCGGCGTCGCAGGTGAGCGCCTCGGCGGGCACCCCCAGCGCACCGCGGTCGGCGTCGCCCCAGCACCAGGTGTCGCCCTCGGTGGAGACGCCGCAGGTCACCCGCCCGACGGCCACCGACGAGAAGGTCAGTGGTCCGGCGACCCGCGCGGGCTCGGTCAGCGACGCCGCCTCGCCGTCGTCGATCGGGAAGGGCCCGAGGCCCCAGCAGAGCAGTGCGTCGTCGATCTCCCGCACTCCGCAGGTGCGTCGCTCGGATGCCGCGAGGGTGCGGAACCGATGGTCTCCGGCCACCGGAAGCGGGACCGGGCCCGACACGGCGGTGCCGTCGCCGAGCTGTCCGTTCTCGTTCAATCCCCAGCAGTACGCGCGTCCCTCGGCGGTCAGGCCGCAGGTGTGGTACTGGCCGCCGACGAGGTCGACGAAGGGCTCGGCGGCCACGCGCACCGCGCCCACCGCGCAGGGCACGCTTCCGCCGATAAAGGGCAGTGGGCAGGCGTCGGGCGGGTCGCTGGTGCCGAGCTGCCCGAACTCGTTGCGGCCCCAGCACCAGCTGTCTCCCTCCACGTCGAGCCCGCAGGCGTGATCCACGCCCACGACCACCGTCTGGAACGGGCCGGCGAGCTCCAGTACCAGAAGAGGCACCCGCAGCTCGTAGTCGCCGCTGTTCGCCTGGATCTGCGTGGTGCCCGGCCCGATGCCCAGCACCGTGCCGTTGGCGTCGATCGTGGCCACGGTCTCGTCGGACGACGACCACGACACGCCGGAGGCCGGCCGCACCGCACCCCCCATGTTCACCACGCTCAGCGACGTGGTGTCGCCCACGACGATCGATCCCATCGGAGCCACCAGGCTCAGCCCCTCGAGCGCATAGTAGTCGCAGGCCGACAGGGTGGCGGCGAGACCGAGGACCAGGCGCAGGGACCGTGTCATGAGCATTCCCGGGGACTTCGGGACCGGACGACTGATCCGAAAGGGTCGGAGAAGAGCCGGTCGGGCAGGACAGCCATAGTGCCGGGCGGGCGTGCGGAGGACA
NZ_CP144380.1_gap105	3769521	3770215	694	CGTACCGCGTCGACCTCGTCAACGAGGGCGAAGAAGACGCGCGCCTCCTCTTCCGCCACTGGCGGATCCACGACGCGGTGGGGGAGGACAGCGAGGTGGACGGCGAGGGCGTGGTCGGAGAGCAGCCGCTGCTCTCCCCGGGGGGCTCGCACAGCTACTCGAGCTTCTGCGTACTGCGCTCGCCGATCGGGTACATGGAGGGATACTACACCTTCCAGCGACCGGACGGGCGCCGCTTCCGGGTGCCGGTGCCGCGCTTCCACTTCGAGGCTCCGCTGCCGAGGCTCGATGCCGCCGACGAGTCCGAGGTGATGCACTGACTCCGGTCCGGAGCTTCTCCGTGAGGCTCGAAGTCCATTAGTTTACAACTGGTTGTGATTTCCCGCCGGCAGAATACAAAGGGGGTAGATGTGGACGAATCCGTGGCCGTCGACGCCAAGCGGATCCTGCTCCGCTACGGAGCGCCCATCGCGATTCTCGACAAGGTGCCCGATGCGAAGCGGATCGAGTTCGCTCGTCTGATCGCGCGCACCACCCTGGCCGACCGCGAGAAGGAGCTCAAGAAGCTGCTCGCGGAACAGGGGTTCATGGAGGGCTGACCTCCACCTCCACCACGCGCTCCCGCTCGGCCGGGAGCTGCAGCCGCGGCTGAATCCGGGTGCCGCTCCGGTGCGCGTCCACCTCGGCCGGGGCG
NZ_CP144380.1_gap106	3826882	3828770	1888	TGGCGCGGACGGCGGTGGGGCAGGGGGCCGTGCTCGTGAACCACGCGCCGGTCACCGGACTGCTGCGCGACGACGCGGGGGTGATCGCGGGCGTGCGGGTGCGCGATTCGGAGGCGGGCGACGAGCTCGAGGTGGAGGCGCGGGTGGTGGTCAACGCCACCGGACCCTTCGCCGACGGGGTGCGCCGGCTCGACGATCCCGAGGCCCGCGGCATGATCCGGCCCAGCCAGGGCATCCACCTCGTGCTCGATCGTCGGTTCCTGCCGGGCGACTCGGCGATCATGGTACCCGATACCGACGACGGTCGCGTGCTCTTCGCGGTGCCGTGGCACGACCGGGTGATCGTGGGCACCACCGATACGCCGGTCGACGACGTCTCGCTGGAACCGGTGCCCCTGGCCGACGAAGTGGCTTTCGTGCTCGAGCACGCGGCGCGGTATCTCGTGGACGACCCCGGACCCGACGACGTGCTCAGCACCTTCGCCGGGCTGCGGCCGCTCGTGGGTTCCGACGACGCCGACGATACCGCCTCGCTCTCGCGCGATCACACGCTGCAGATCTCTCCGTCGGGGCTGGTCACGATCACCGGCGGCAAGTGGACCACCTATCGAAAGATGGCCGAAGACACCGTAGATCACGCCGCGGTGCTCGCGGGGCTCGAGCCGGTGCCCTGCCCCACGAAGGAGCTGCAGATCCACGGGTATCACCCGGCGGCGGATCGTTTCGGGAGTCTGGCCGTGTACGGGGCCGACGCCCCCGAACTCCAGGCCCTGGCCGCCGGGGACCCCGCACTGGCCGAGCCGCTGCACCCGCGCCTTCCCGCACTCCGGGCCGAGGTGGTCTGGGCCGCGCGCGAGGAGATGGCGCGAACGGTCGACGACGTGCTCGCTCGCCGTACCCGGTCGCTGCTGCTCGACGCCCGCGCGGCGATCGAGGTGGCGCCGGACGTGGCCGCTCTCCTGGCGCGCGAGCTGGGGCGCGACGAAAACTGGGAGGAGCGGCAGGTGGCCTCGTTCACCGCCCTGGCGAAGGGCTATCTCGTGACCTGAGGGGACGCGGGCCCCGCGAACTCAGGGCAGCAGCCCCTCGCGGTGCAGGTCGTGCGCGTACTGCTCGTAGATCGAGCGGTTCGCCAGGAAGTCGAGGATCCACTGCTCGAAGGGGGGCAGCGGGAGGCGGGCCTCCACGAACTCGACCACCATCATGGCCAGTTGCAGGCGGTCGCGGGCCGCGAAGTCGATCTTCTGACCGTCGAGAATGTCGTCGACGGCGCGGTGGAAGTCGTCCGGGTGCACGAGCGCGATGAAGTGCGCCACCTGGTCCATGCGGTACGACGTGTAGAGCGAGCGCAGCTCGTCGAGGTCGGCCCCGGCGGGGGGCTCGTCGTCGCTGCCTTCGCCCGAGGTGAGCGAATGCTCGGCCAGCACCTTCCGAAACCACCGCTGCAGGAAGGGAGAACTGGCGCGTTCCTGCTCGCGCACGTGGAGGGCCGAATCGAGCAGTGCCAGCAGCAGCGGCCGACCCATCGAGCGGGCCTTGCCGTGAATCTCGGCCTCCGACGCCTCCATGAAGATCGGCGCGGTACGCACCAGATCCTCGCCCGCTTCCGGGGACTCCGGATCGAACTCGAAGAGGCCTCGCCAGCCTTCGCCGTCGAGCGCGTAGGTCACGAGCGAGCACGCCCATGCGCGACCGCGACGCTCGAGGTTGCCCACGGAGCGGCGCTGTTCGGGGCCCCGGGGGGTCGGGGCGGGGGCTTCGGGTTCGGCTTCGTCTCGGGCTGGCATGACGCGAAAGTTGTCCGTCCGACAGGGGCGCGGCAAGGCACCCCCCCTCGGCTCGGGCCGGGCTTCCGGCCGGTCGGTTCTCCAGGGCGGGCGCACGGCCG
NZ_CP144380.1_gap107	3882822	3884677	1855	CCACGCTGCTCTTCGATCACCCCACGCTCGACGATCTCACCGACCACCTGATGGCGCTGCTCGACCTCGACACTCCCCCCGTGTCCGCCCCTCCCGCAGACCCGCCCGCCGCGGCGGGGGTGGAGGCACCGGTCCCGCCCGGAGGCGTGGGCGAGGTGGTCGGCCGCCTGGAGTCGATGAGCGACGACGAGGTGGCGCGGCGCCTGGCGGAGAGGCTCGGACGATGAGCGATCTGCGCGATCTGGAGTCGCGGATCCTCGGCATGTCGAAGGAGCGCCTCGCGCTCCTCGCCCTCGAGCTGCGCGACCGCCTCGACGCGGTGTCCGACGAGCCCGGGGGAGACCCACGTGAACCGGTGGCGGTGGTCGGCATGGCCTGCCGCTTTCCCGGGTCGGCCGACACGGTCGAGTCGTACTGGCGCGACCTCCTCGACGGGGTCGACGCGGTGGCCGAGATCCCGCCCGACCGCTGGGACGTCGACGCCTGGTACGATCCCGATCCCGACGCACCCGGACGGATCGCCACGCGCTGGGCCGGCACGCTGCGCGACATCGCCCGTTTCGACGCCGACCTCTTCTCGATCTCGCCGCGCGAGGCGCGGGCGATGGACCCGCAGCAGCGGCTCCTGCTCGAGCAGACCTGGCGGGCCTTCGAAGACGCCGGACTCGATCCGACGGCCTTCGACGGCGACCCGGTCGGCGTGTTCGTGGGCATGTGCAACAACGACTACCTGTCGCGCCTGCTTGCCGAGGGCACCGACCGGATCGATGCCTACCTGTCGTCGGGCAATGCCTACAGCGTGGCCGCGGGACGGATCTCCTTCACCTTCGGATTCCAGGGCCCCGCCTTCACCGTCGACACCGCCTGCTCCTCGTCGCTGGTGGCGATCCATCAGGCGGTGCGCAGCGTGCGGTCGGGCGAGTCGTCGCTCGCGGTCGCCGCCGGGGTGAACGTGCTGTCGTCTCCCGAGACGGCCGTGGCGCTGTCGCGGGCCCGCATGATGGCCCCCGACGGCCGCTGCAAGGCCTTCGACGAGTCGGGCGACGGGTTCGTGCGCTCGGAGGGCTGCGGCGTGCTGCTGCTCAAGCGGCTGTCCGACGCCCGGCGCGACGGCGATCGCATTCACGCGGTGATCCGGGGGTCGGCGGTCGGTCAGGACGGCCGCACCTCGGGGCTGACGGTGCCCAACGGGCCCGCCCAGGAGGCGGTGATCCGCGCCGCTCTGGACGATGCCGGGCTCACCCCCGACGACATCGGTCTCGTGGAGTCGCACGGGACCGGCACCTCGCTCGGCGACCCGATCGAGATCGGCGCCCTGGGGCGGGTGTTCGGCACCGGTCGCGACCGTCCCCTCCGGGTGGGCGCCGTGAAGACCAACCTCGGTCATCTCGAGTCGGCCGCCGGGGTGGCCGGGGTGATCAAGGCGGTGCTGGCGGTGCGCGAGGGCGTGGTGCCGGGCAACCTGCACTTCCACACCCCGTCGTCTCGCATCGACTGGGAGTCCGCTCCGGTCGAGATTCCCACCGCCGCGAGCGCCTGGGAGGGCGCGGGCCCTCGACGCGCGGGGGTGAGCAGCTTCGGATTCAGCGGCACCAACGCGCACGTGGTGGTGGAGCAGCCGCCCGAGGCCGAGGAGCAGCCGCCCGAGTCCGATCGCTCGGCGGCGCGGCCGACTGCGCCCGACGCCGACGGCCCCGAACTGCTCGTGGTGTCGGCCCACGACCGCGCGGCGCTCACCACCCTCGAGCGCGCCTGGGTCGAGGCGCTCGAACAGCGCCCCGAGCACTTCCGCGATCTCTGCCACACCGCGCGCGTCGGCCGCCCCGCGCTGCCCTGGCGGCGCGCGGTGGTGCTG
NZ_CP144380.1_gap108	3887032	3890908	3876	GCGCCAATTCTGCGCGGTGACATCGATCCGCTGGCGGTGCTGTTTCCCGACGGGGCGGCCGAGACCACCCGCACGATCTACCGCGACACCCCCTTCGGCCGCGCCTTCAACGCGGCCCTGGGCGTGGCGGTGGAGGTGCTGGCCTCGTCGGCGCGCCGGCCGGACCCGCTGCGCGTGCTCGAGGTGGGTGCGGGATCCGGGGCCACCACCGAGGTGATGCTCGACGCCCTGGGCGGCGTGCAGTCGGAGCTGATGGTGTCGGACCTGTCGCCCACCCTGGTGACGGACCTGGTCGAGCGGCTCGCCGACCGCACCGCGATCGAGGGGCGGGTGATCGACATCGAGCAGGACCTGGGCCGCCAGGGGGTGACGCCGTCGAGCCGCGACCTCGTGGTGGCCGCCAACGTGGTGCACGCCACCGCCGACCTTCACGCCACCCTCCGCCTGCTCGCCGCCTCGCTGCGGCCGGGAGGGGCGCTCGTGCTGCTCGAGGGGGTGCGCTCGGAGCCGTGGGTGGACATGACCTTCGGGCTCACCGACGGCTGGTGGCGGTTCTCCGACACCGAGCGCCGCCCCGACCATCCGCTCCCGCAGGTGTCGGTGTGGAAGACCGCCCTCGAGAGCGCCGGGTTGACCGAAGTGCGCGCGGTGCCCGCGGGCGGGGGCGGGGTGGGTCAGGTGGTCATCGTGGCGCGCCGCCCCGACGAGGCGGTGGCCGCCGCCGGTGCGCTCGAGGTGCGATCGGGGCGCATGGAGCCTCTGCTCGACGCCTTCCGCGCGACCGCGTCCGACGAGGCCGCCGACCCGCTCTGGGTGGTCACGCGGGGTGCGATCGCGGTCCGGGACGGAGAGATGGGCGATCCGGGTGCGGCGCTCGCCTGGGGACTGGCCCGGGTGTTCGCACTCGAGCACCCCGGACGCTGGGGAGGCATCGTCGACGTGCCCGCGGAGGCGCCGTCGCCGGTCGTGGCCGAGGCGCTGCGTGCCGCGCAGTCGGCCCCGGGCGACGACGACCAGTTCGCCTGGCGCGACGGTCGCCTCTTCGTGCCTCGCCTGCAGCCGGGCACGCCGGCGACCGGCGGCGCGCTCGGGCGACCCTTCGACGGGGGCACCGTGGTGGTCACCGGCGGCCTCGGCGCCGTGGGATCGCATCTCGCCCGCCGGCTGGTCGACGGCGGCGCGGCGCGTCTCGTGCTCGTCGGGCGCACGGCCGCGGGGCCGTTCGGTGCGGGCGACCCCCGGGGTCCGCGACTCGCGGCGCTGCAGCAGCTCGGGGTGCCGGTCGAGGCCCGGAGTGTCGACGTGACCGATGTGGGCGCGGTGCGCGCCCTCTTCGACGAGTTGAGGTCTTCGGGGCCCCCGCTGCGGGGCATCGTGCACGCCGCCGCCGTCTTCGACGACCGCCCGCTGCTCGAGCTGGATGTCGAGTCGCTGCGGCGCGTGGTGGCTCCGAAGCTGTCGGGGGCACGGAATCTGGCGGCGGCCCTCGGCCCCGACGACGCCCTGGGGGCCTTCGTGCTCTTCTCGTCCACCACCGGTCTGATCGGGGTGTCGGGGATGGCCGCCTACGCGGCCGCCAACCAGAGCCTCGACGCCCTCGCGACCGAGCTGCGCGCCCGCGGCCTGCCGGCGCTGTCGGTCGCCTGGGGCCTCTGGGCCACCATGGACGGCGTCTCGGACCGCCAACTGGAGGGGTACCGCTCGGTGGGGCTGCGCCCGATGGAGCTCGAGCAGGCCCTCGACGCCTTCGACGCCTCGCTCGGCGGCGACCGGAGCGTGACCGTGGTGGCGGATGTCGACTGGCGACTGCTGCGTTCGGTGTACGAGGCGAGGCGCCCCCGCCCGCTGCTGTCGCAGCTCGGGAACGAGGAGCCCGACGAGACGCCGGAGCCGTCGGTCGAGGCCGTCGCCGACGACGGCACCGCGCTCGCCGACATGGACGCCGAGGAACGCCTCGTCTTCCTGGTCGCCGCGGTGTCCGACGAGGTGCGCCGGGTGCTCCGGCGGCCGGAGAGCGCGGCCGTCGATCCCGAGCGCGGCTTCTTCGAGATGGGGATGGATTCGCTGATGTCGATCGAGTTGCGCACCCGACTCCAGCGCCGGTTGGAGCTCGACCTGCCCTCCACCCTCACCTTCAACCACCCCACGGTCGAGGCGGTGGCGCACTTCGTGTCGTCGCGCATCGACCGCGCGCGGGCCGCCGCTGCATCGAGTGGGGGGGATGCACCGACCGCCGCGACAGCGGCGCCCGAGGCGCCGCGGGCTGCGGCTCCGGAGTCCCCGGGTCCCTCCGCGCCCATCGACGAATCGGCCTCGGAAGAGGAACTCGTCGACATGCTCGAGGCGCGGCTCTCGCGGCTGGGCAGTCGACAGGGAGGGCGCTCGTGAGCGAGACCCGCGATGTGCTGCGCCGCGCGCTCGAGGCGATCGACGACCTCACCGAGCGGCTGCACGCCGCCGAGAGCCGCCGCCACGAGCCGATCGCGGTGGTCGGCATGGCCTGCCGCTTTCCCGGCGGGGCCGATACCCCCGATCGCTACTGGCGCCTGATCCGCGATGCCGCCTCGGGAATCGTGGAGGTGCCGGCCGATCGGTGGGCGATCGAGGGGTGGTACGACCCCGAGTTGAAGGAGCCCGGCACCTCGCACACCCGCTTCGGCGGCTTCGTGGGCCCCCTCGACGGATTCGACGCCGCCTTCTTCGGTGTGGCTCCGCGCGAGGCCGCCACGCTGGATCCGCAGCAGCGGCTCCTGCTCGAGTGCACCTGGGAGGCGCTCGAGCGGTCGGGCGAGGCCCCCGACCGGCTCAAGGGCAGCGCGACCGGCGTGTACGTGGGAATCACCGCCTCCGACTACGGGCGTCTGCTCCGGATCGGACGCGACGACTCCGACGTGTACGCGGCCACCGGCACGGCGCTGAACGCCGCGGCCGGGCGCCTCTCCTTCGTGCTGGGGCTGCAGGGCCCGGCGATGGCGATCGACACCGCCTGCTCGTCGTCGCTGGTGGCCACGCACCTCGCCTGCGCGGGGCTGCGCGCGGGCGACTGCGACCGCGCGGTGGTGGGCGGTGTGAATGCGATTCTCTCGCCCGAGCCCTTCGCCCTCTTCTCGCGCTGGGGCATGATCTCCAACTCCGAGGAGTGCCGCACCTTCGATGCCGGGGCCTCGGGCTTCGTGCGGGGCGAGGGGTGCGGGGTGCTGGTGCTGAAGCGGCTCTCCGACGCGCAGGCGGCCGGCGACCCGATCGTGGCCGTGATCCGCGGCACCGCGGTGAATCAGGACGGCCCGAGCTCCGGGCTGTCGGTGCCCAACGGACCCGCCCAGGTGAAGGTGATCGAGGCGGCGCTGTCCGATGCCGGGCTGCAGCCCCACGAGGTGGACTTCGTCGAGGCGCACGGCACCGGCACGCCCCTCGGCGATCCCATCGAGGTGGAGGCGCTGGGCGAGGCCTACGGCTCGGGCCGACGCGCCGACGACCCCCTCATGATCGGCTCGGTGAAGCCCAACGTCGGCCACCTCGAGTCGGCGGCCGGGGTGGCGGGTCTGATGAAACTGATCCTCGCGTTGCGCGCGGCCGAGCTTCCGGCTCAGCGGTACTTCGACGAGCCCAACCCGCGCATCGACTGGTCGTCGCTGCCGGTGCGAGTGGTCGACGAGCGGCGCGACTGGCCCGCGCGCGGCGAGCGCCGGCGCGGCGCGGTGAGTTCGTTCGGGTTCAGTGGCACCAACGCGCACGTGATCGTCGAGTCGGCCCCGGAGCCGTCGGTCGCCGACGCCCCGACGGCGACCTCGACGCCGGCCCCGCTCCGCCCCCGTCTCGTGCCGCTTTCGGGCCGCAGCGAGGAGGCGGTGCGCGAGGCGGCCGCCGCGCTGGCCG
NZ_CP144380.1_gap109	3904233	3909082	4849	ACCGGTCGATGGTGAACTTCCTGGCGTCGATGGCGCACACCCCCGGGTTCTGCGCCGACGACGTACTGGTGGCGGTCACCACGATCTCGTTCGACATCTCCGTGCTCGAGCTCTACCTGCCCCTCGTGCAGGGCGGGCGGGTGTACGTGGCCACGGACGTCGAGTCGACGGACGGTCGAGTCCTCGCTGAACGACTGGAGAGCGAGGGGGCGACGCTGCTGCAGGCGACGCCGGCCACCTGGAAGGTGCTTCTGGCGGCCGGATGGCAGGGTCGGCGGGAGCTGCGGGCGCTGGCGGGGGGCGAGGCGCTGCCCTCGGATCTGGCGGCGCGCCTGGTGGAGCGCACGGGCGAGCTGTGGAACATGTACGGCCCGACGGAGACGACGGTGTGGTCGACGGTGTCGCGGATCGAGGCGGGCGACCCGATCACGATCGGGCGGCCGATCGACGCCACCCGGCTGCTGGTGGTGGACGGCGAGGGGCGGGAGGTGCCGGTGGGTGTGCCCGGCGAGTTGTGGATCGGGGGTGCCGGCGTGGCGCTCGGCTACCACCGCCGGCCGGAGCTGACCGCGGAGCGATTCGTGGAGCGGGCCACGGACGAGGGCACGGGGTCGGGCGCGGAGCGTTTCTACCGCACGGGCGACCGGGTGCGCTGGCGCGCCGACGGCCGACTCGAGCACCTGGGGCGGATGGACGACCAGGTGAAGGTGCGGGGCTTCCGGATCGAGCTGGGCGAGGTGGAAGCGGCGCTGCGGGCGTGCCCCGGCGTGGTCGATGCCGCCTGCGCCGCACGCGACGATCGCCTCATCGCGTGGTTCGTGCCCGAAGAGCAGCCCGGACCCGCCGTCGACACGTTGCGGGCGTCGGTCGCCGACCGCCTGCCGGCGTACATGGTGCCCGCGCTGTTCGTGCCCATCGAGGCGATCCCCCTCACCCCCAACGGCAAGATCGATCGCCGGAGCCTCCGGGAGGAGAGCCCTGCGGTGCGCGCCGAACGTCGGCCGCTTCGGACGTCCACCGAGTATGCGGTCGCCGACCTCGTGTCGGATCTGCTCGGTGTGGGCGACCTCGGCCCGAACGACGACTTCTTCGCCATCGGCGGGCACTCGCTCACCGCCGTGGAGCTCGTCGCGCGCATCCGTGCGGAGTGCGGAGTCGATCTTCGGCTGAGGCAGATGCTCGACGACCCCACGGTCGCGGGCATCGCCGCACTCGTCGACGCCGGTACGCCCGACACGGGCCTGCCGCTCGATCGCGTCGATACCGACGAACCGGCCCCGTTGACGCATGCGCAGGAGCGCATCTGGCTGGCTCAGCTTCTGGACCCGGAGCTGACGGCCTACCAGATGGTGGTGCCGATTCGGATCGATGGCCCGCTCGACGTGGAGCGGCTCGAGCGGGCGGTCGAGTCCACCTGGGCTGCGCACGAGACGCTGCGCACCCGCGTGGAGCAGCGCGACGGTCGGCCGGTTCAGGTGGTGGACGGCGGCCGGCTCGTTCTTCGCCGGGAGCGCGACCCGGGGGGAGACCTCGCCACCTGGGTCCTCCAGGAGCAGCAGCGGCCCATCGACCTCGCCACGGAGCACCCCTTCCGCGCCGTGCTGGTCGAGCTCGGGCCCGAAGCCCACGCTCTCGTCATCACCGTCCACCACGTGGCCGTCGACGGCGTGTCGATCCACACCTTCTTCGACGATTTCCGCCGGGCGTACCGCGGTGAGGCGATCGAGGCGCCCGCGATCCGCTACCGCGACTTCGCCCGCTGGGAGCGCGCCACCGTGGCCGCGGCGGGCGACGACCTCGCCTTCTGGCGTGACTACCTGGCCGACGCGCCGGAACTGCTCGAACTGCCGACCGACCGGCCGCGGCCCGCCCGCCAGACCTTCACCGGGGCGAGGGCCGGCCGGGTGATCGAGGGCGAGGCGCTCGAGGCGCTGCGCGGTCTGCTGTCGGAGGAGCGCAGTACGCTCTTCATGGCGCTCCTCGCCGCCACCGCCACCGCCGTGCACCGGCAGTCGGGCCAGCGCGACATGGTGCTGGGCACCCCGGTCACCGGCCGCGTGCGCAGCGAGCTGTTCGGGGTGGTGGGCATGTTCGCCGACCAGCTTCCGCTGCGCATGCGGGTCGAGCGCGACGCCACCCTGCGCCGACTCGTCCAGGCGGCGCGGGGCACGGCGGTGGATGCCTTCCGCCACCAGGGGCTGCCCTTTCCGAAGCTGCTCGAGGGGCTCGGGGTCGAGCGCCCGGAGTCGACCACCCCCCTCTTCCAGGCCCTGGTCAACGTGCTGCCGCCCCTCGAGGCGGGTGCGGAGTCGGAGGTGGTGGAGGGGGTCCGGTTCTCGGTGCCCTCGCCCGACGACCTGCAGGAGGCGCTCGACGAGCAGTCCAAGTTCGACTTCACCGTCTACGGACAGGACCGCGGCGAGCGCTTCACCCTCACCCTCGTCTACAACCGCGATCTGTATACGGCCGAGCGCATGGACCAGCTGCTCGACGACGTGGTCGCGGTGCTGGAATCGGCGTCGGGCCGCGCGGACGAGGGCATCGACGCGGTGCTCGAGCCGGAGCTGGAGTCCCCGATGACTCCGGGCCCGGTCTCGACCCCGGCACCTGCCGAGACGGTGTCGGCGCGGTTCGCCGCCGTGGCGGAGCGCTGCGCCGACCGGCCGGCCGTCGCGGGCTCCGACGGCACCGCCACCAGCTACCGGCGCCTCGCCGCCGAGGTCTCTGCGCTTTCGCGACGACTCGCCGCCCTCGACCTGCCTTCCGACACGCCGGTCGGCGTGCTGCTCGGGCACGGCCCGGCCGCGGCCACCGCGATCCTCGCCGTGCTCGAGGCGGGCCACGCCTACGTGCCTCTCGACCGGCGGGCTCCGCGCGAGCGCCTCGGCTGGATGCTCTCCGATGCGAAGATCGGCGCGTTGCTGGTCGATGCGGACACGGCCGATCTGGCACGGGAGCTCGGAGACGCCGCGACTCTCGTGCGGGTGGATCAGAACGGTCCGGAGGGAGCGCCGGGGGCGGGTCCCCGGCCCGACGACCGAGCCTACCTGCTCTACACCTCGGGGTCGACCGGCCGTCCGAAGGCGGTGCGGCAGTCGCACGCCAACCTCGTCGTGCAGGCCGACCGCTATGCGGCGGCGCTCGAGGTGGGGCCCGACAGCCGACTCGCCCTCCTGGCCTCGATCTCCTTCGACGCCCACCTCATGGACCTTTTCGGGGCGCTCCTGCAGGGGGCCTCGATCGTGTTCGTCGACCTCGACCGGGTCGATCCGGCCCAGCTGCCGGAGCAGGTGGCCACCCACGGCGTGCAGGTGCTGCACACCACCCCCACCGTCTTCCGCACCCTTCTGCGCTCGGCGCCCGGCGCGCGCTGGGAGGGGGTGCGTTGGGTGGTGCTCGGTGGAGAGCCGACGCGGGCCACCGATGTCGCCGCCTTCGACGCCGTCTTCCCCGACGATGCGCGGTTGTACGATCTGTACGGTGCCTCGGAGCACAGCTTCGCGGCGGGCGGCGCGATCGACCGCACCCTCCACCGCCGCACCTCGGTGGTGCCGCTGGGTCGACCCGTGGGCGATGTGGAGGCGGTGCTTCTCGACGACGACGGCCGCCCCGATCCGGTGCGCGGGGTGCTGGCCCTGCGCAGCGCCCACGGCGCCCTCGGCTACCACGACCGGCCCGAACTGGAGGCGGCCGCCTGGATCGACGACCCCGAGCGACCGGGGGAGCGGCTCTACCGCACCGGCGATCTCATGCGCCGCACGCGCGACGGCCGGCTCGTGTACCTGCGGCGGGTGGACGACCAGCTCAAGGTGCGCGGGCACCGCATCGAGCCCGGCGAGGTGGAGGGGGTGCTCGAGGCGCATCCCGCGGTGTTCGAGGCCGGCGTGCACGGGCCCCTCGACGAGACGGGCGAGCGGGTGCTGGTCGCCTGCGTCGTGCCGAAGCCGGGACGCACCCTCGACCCGGCGACGATGATCGACTGGTGTCGGGAGCGGCTGCCGCGCGCGATGGTCCCCTCCCGCTGGGTGACCCTCGACTTCCTGCCGCGCACGGTGTCGGGCAAGATCGACCGTCGCCGACTGCCCCTGCCCGCCGCCGCCGAGAGCGACGCCGAGGGCCGGGCACCGCGCGGCCGCACCGAGTCGGCGGTCGCCGCGCTCTGGGCGGAGGTGCTCGGGCGCGAACAGGTCGGGGCGGACGACGACTTCTTCGCCCTCGGCGGTCACTCGCTCTTCGCGGTGCAGGTGGTCGCGCGGCTGCGCACCGACTTCGGGGCCGCCCTCACCCTTCGCGACTTCTTCGACCACCCGACGGTGGCCGGGATCGCCGCCCTCCTCGACGCCGGCGCGACCGAGGCGGGCCCGCCGCTCGTACGAATGGAGAGCGTGGAGCCCGCGCCCCTCTCGTACGCGCAGGAGCGGGTGTGGCTCGCGCAGCGACTCGACCCCGACCTCACCGCCTACCAGATGGTGGTGCCGATCCGCATCGACGGGCCGCTCGACACGGCGCGCCTCGAGGCCGCCTTCGCGGCTGCCTGCCGGGTGCACGAGACGCTGCGCACCCGGGTGGAGGAAGTGCACGGGCGGCCGGTGCAGATCGTGGACGAGCACCCTGCGACGATCCGCCGGGTGGACGACGAGGGCGGCGATCTGGCGCGATGGGCCGCCGAGGAACGCGGGCGAGTGATCGATCTCGCGGCCGAGCACCCCTTCCGGGCGACGCTGGTCCGCTTCGGCTCCGAGGAGCACGGCTTGATCCTCACCTTCCACCACGTGGCCGTCGACGGGGTGTCGATCCGCACCTTCTTCGACGATCTGCGGCGCGCCTACCGCGGTGAAGCGCTGGCGGC
NZ_CP144380.1_gap110	3967210	3968065	855	GGCGTGGGCCGCCGCGCGGGAGATCGACCCCACCACCGCCACCGGCGAGCTGCTTCAGGCCTACGGTCTGACCCTGGGCGCCCTTGGGCTGGTCACGGGGCCGGGCGGCGCCGTCGTCACGGCCGGATTGGGCTCGGCGCTCTGGGCGTACCAGACGTATCTGGAGGGACAGGCCAACCTCCTCCCAAGGCACTTCGTGGAGGGGAGCCTGAACTTCGATCTGGACGTGTCCGTCTTCGAAGAGGATCGACCGGGGCCGGCGACCTGGTCAGACGTGGTGGTGAGTGCTCGAAGCGAGGGGTGGACGATGGACAAGGTGGTGGCGGACTTCCTGCTCAACCTGGCGGGAAACGCCGACGCGTACACCGCTTGGGTGAAACGACTCGAGGATCTGCCTTCGACGTTCATCAAGGATGCCACCGGATGGCTCTTCACCACCCAGCTCGGCACCCTGCCCGTCGCGGAGAGCGGCTACGTGGAGATTCCGCCCGAGGTCTGGACCGACATCGACGTCACGGGGGCCCCCTGGTCCGAAGGACGCCTGGCCAGCGGCGACGCCGTGGAGATCACCAGTGCAACGACGCTGGAGCCGATCCGGGCCGGTGAGGCGCTCCTCACGGTCGAAACCGATCTCTCCCGCTTTGGACACGCCACGCCGGCCTTTCAGAGACGGGAGGTCGCGGTACTTCCGATCGAGATCGACATCCAGGCCGGCGAAACGACCGTGGATCCCGGCGCCGTTGTGGAACTGCAGATCACCGTCACCAACGCCCTGGACACCGGGCTGGAGTGGATCCTCTCGGCCGGCGCCACCTGGGCCGAGGATCCGGGCGAGATCGGGGAGGGGGTCTGGTC
NZ_CP144380.1_gap111	3971731	3972492	761	TCATCCGCGCGTAGTCGATGAGGATGTGTCGCATCACGCTGCTGGCTACAGCGAAGAAATGGGCTCGATCGCGCCAGTCCCGGCCCTCACCATCGACCAGCCGAACGTAGGCCTCGTGCACCACCGCCGTGGTATCGAGCGTGTGGTCGTTCCGCTCGCCGGAAATGCGGCCGTGGGCAATGGCGCGCAGGTCGTCGTAGACGAGGGGCACGAGTCGACGCAGGGCGTCGGTATCTCCTTCCCTGATCGACGCGAGCATGCATGTGATCTCGGCGTCAGCGGAAGGGTTCCGAGGTGTGTCGGGCATGCGGGGGCAGGGCCGGGAGGATCTCGGAGACTACCTGCGTCCAGCGAGAATGGGAAGTATGGTGCGGCCGCGCCCATCGCCACCTGGACGGGGCCTCGATGTGGACCGTCTGATGGTGGCATGACCACCGTCTGCATGCATTCGGTTCGGCGGCGGGCGGGAGACCTGCTGGCCGGGAGCACCGCAGGGAGGCGTAGCAGTCCAAGGCCAGGGCGCGGGCCAGGCAGAAGGCCGAGGCAAGACGAGGGCTCGCAAGGCCCGAGAATCGCGCCGGAGAAATCGCAGGAAATAGGGGGCGGATTGCGCTAGAACTCCCCCTCACGCTGTTCAGCCCAGCCAGCGTCTCGGCGCCGTCGAGTGCGGTCCGGTCGCCGCCGTAGTAGTCGAACCAAGGCATGCCGGCATCGCTGTATTCGCGCGCCGTGAGCGGGGTGGTGGGAGGTTCCTCGCCGGG
NZ_CP144380.1_gap112	4079745	4081732	1987	GGGCGGCACTGAGATCCTGCGGGAGTCCCACGAGAAGCGCGGGCTCGCGGCTCGACTTCGGCAGGTGCAGCACGAGGTGCGTGGGGTCGGCCGGATTCTCGTATGGGCGGGCGACACCCGAGGCGTCGATGGCCATCGTGCGGCCGGGGCCGTGCAGCTCGGCCAGGGTTCGGCCGTACTCGGTCCAGGCGGCGAGGGGTTCGGCGCCGCCGACGATCGACGGAAGCAGCTCCGACATGTAGTACTCGACGGCGCGGTCGTAGGCCGAGCGGTCGCGCTCCCGCAACTCCCGGAGTCTCGTGCGGTAGAACTCTCTGGGGTCGCGTGCCCCCGCCGCCGCGAGGGCGGCGTCGAGGAGGGCATCGGCTCGGCTCTGCAGATCGTCGGACAACTCGCTCGCTCCGTCGCGTGGGGGCGTCAACGTTGCCCCTCGGGGGTGGCCCCGGTCAACCGGGTTCCGGTACCTTGTCTCGTCCCTCCACTTCCCCCGCCCACGGAGGCGACGGTGTCTTCGCATCTTCCCGGAACCGCCCCGAATCCGGACCGGTTCCTCGACGTCTCCTGGATGATGTTCGGAGAGCTCTCCCGGGCGCTCGCCCTGCGGGTGGCCCGCGAGTACGACCCCGAGGTGGTGGTGGGCATCGCCCGCGCCGGGGTGATTCCGGGCGCCGTGATCGCCTCGATCCTGCGCATCGATTTCCACTCGATGCTGGTCACGCGAAAGGAGGGCGCCGAGCAGGTGCGCGAGCGTCCGGCGATCCTCTCCGCGGCTCCCTCGGGCCTGGCCGGTCGTCGGGTGGTGCTGGTCGACGAGGTGGCCACCTCGGGCGACACGCTCCGGCTGGCGCTGGCGGCGGTCCGCGATACGGGGCCGGCCGAGGTGCGCACGGCCACCGCCTTCATCCGACCGGGTGGCTACCGCCCCGACTGGTACGCGCTCGAGACCGACGAGACGATCATCTTCCCGTGGGACCGCAAGGTGTTCGACGACGGGCAGCTCGTGGTGAACCCGCTCTACGAGAGCATCCTCGACGAGTAGAGGGCCGAGACCGGCCTCGTCGGCGAGGGCGCCGGGCGGCGGTCAGCCGCCGTGCGCCATCGCGTCGAGAAAGGCCTTGTTGTCTTCGTAGCGGCGCATGCGGTCGAGCAGAAACTCCACCGCCTCCTGCGGGGGCATGTCGGCGCAGAAGTTGCGGAGCAGGAACATGCGGTTGAGCTCCGTCTCCGACAGCAGCAGCTCTTCCTTGCGGGTGCCCGAGCGGGCGAGGTCGATGGCGGGGAAGATGCGCCGGTCGGCGATCTGCCGATCGAGCACCAGTTCCATGTTGCCGGTGCCCTTGAACTCCTCGAAGATCACCTCGTCCATGCGGCTGCCGGTGTCGACCAGCGCGGTGGCGATGATCGTGAGCGAACCGCCGTCGACGATGGCCCGTGCCGACCCGAAGAAGCGCTTGGGCTTGTGGAGCGCGTTGGCCTCCACGCCGCCCGAGAGGATCTTGCCCGACTTCGGCGCGATCACGTTGTAGGCGCGGGCCAGGCGGGTGATCGAATCGAGCAGCACCACCACGTCGCGCCCCGATTCCACCAGTCGCTTCGCCTTCTCGAGCACCATCTCGGCCACCATCACGTGGCGGCGCGCCGGCTCGTCGAAGGTGGAGGCGATCACCTCGGCATCGACGCTCGCCCGAAACTCGGTCACCTCTTCGGGCCGCTCGTCCACCAGGAGCACGATCAGGGTGGTCTCGGGGTGGTTCTTCGAGATCGAGTTGGCGATCTCGTGGAGCAGCGTGGTCTTGCCGGCCTTGGGCGGAGACACGATCAGCCCCCGCTGCCCCTTTCCGATCGGCGAGAAGAGATCGACCACCCGCATCGACAGGCCGGACTCGTCGGTTTCGAGCTGGATCCGGGTGTCGGGGTAGCGCGGCTTCAGGTCGTCGAAGAGGGTTCGGGCGGCGGCGGCGTCGGGCGAGTCGCCGTTGACCGAGAT
NZ_CP144380.1_gap113	4105012	4105969	957	GTGGAGAACGTGCGCACCGGCATGCGCGACAGCTTCGCCAACACGGTGAGCGGCGCGGATCTGCTCGTGGGATCGAAGGGCGGCACGATCCAGCTTCTGCTCTACGCCGTCTTCGGCATGGGCTCGCCGACCGCCAACATCTCGTACGAGACCTGGCAGGAGTACGAGAACCACTCGGCGGTCGCCTGGACGGTGCCCTACTCGCTCGGCGACAGCCATCGCGGCTACCGGGTGATCGGCACCAACGACGCCTTCTACGAGCACTACAAGTACCGGGGCGGCCAGTCGATCGAGGTGGCCGAGGGGCGGCAGGCCGCGGGGGTGTTCGACCTCGTGCTGGGGGCCGACGTGGCCGAGCGACTCGGCTACGGTCTCGGAGACCGCATTCCGGTCACCCACGGCATGAGTCAGGTCGGGCTCATGAACCACGACGAGCTGCCCTTCGAGGTGGTGGGCATTCTCGACCGCACCTTCACCCCGGTCGACCGGGCGATCTACGTGACGCTCGAGGGCATCTCGGCGATCCACATGGGGTGGGAGTCGGGAGCGCCCCCGATGCTGGGCGAGGAGGTGGCGGCCGACGAAGTGCTGGCCATGGACAGCATCCCGATCGGCCAGATCACTTCCTTCCTGCTCGGCGCGGAGTCGCGCGCGCACACCCTGCTGCTGCAGCGCGAGATCTCGACCAACGAAGACGAGCCGCTGATGGCGGTGATCCCCGGCGTGGCGCTCGCGGAGATGTGGCGGGGGATCGGATATGCGGAAGATGGACTCCGGATCGTCACGTTCTTCGTGGTGCTGGTCGGGATTCTGGGCATGGTGGTGTCGATCTACACCTCGCTCGACGCGCGGCGCCGGGAGATGGCAATCCTGCGCGCGGTGGGCGCGGGTCCGAAGCGAATCGTGTCGCTGCTGCTCCTCGAGGCGGGGCTGCTCGCGATTCTGGGTGCGGTGCTG
NZ_CP144380.1_gap114	4107185	4110274	3089	GGGCCGCCGTATGGGCGGCCTCGCTGCTCGGGTGGTTCGAGCCCATCCCGGAGTACCTCACGTCGCCGGTCGGCAGCCTGCTTCTCGCCGGCGGCATGCTCTGGAGTGCCCGCCTCTGCCGATCGGGTGCCTGCGAGGCCTGACGGTCCGCATGGCGTCGTATCGCACGCCGCTGGTTCTGATCGGCGGCTTCCTGGGGGCGGGCAAGACGACCCTTCTGCGCAGCCTGGTCACTCGGCTGCGGAGCGACGGGCTCGATCCCCATGTGATTCTGAACGACTACGGCAACGCCGAGATCGACGCGTCATCGCTCGAGATGAGCCGCGGCCGGGTGACGCCGATCGCCGGCTCGTGCATCTGCTGTGGATCTCAGGCGGAGTTGATCCACGCCCTCCGCCGGGCGCCCCTGCAACGGCACAGCGCAATGCTTCTGGAGGCCAACGGTACGGCCGACACCACCGAGATCATCGAGCTGCTGACGGCCGACCGCCGGGTCGGGCGCTACACGCTGCCGGTGCAGGCGGCGGTCGTCGACGCCGCGCGTTGGCAGCGGCGCGACTGGAACGACCGTCTCGAGCGCGTCCAGGTCCAGACTGCGCGCTTCGTTCATCTCACCCGCCTCGCCGAGGTGTCGCCGGCTCGGCGCCGGGCCGTGGAGGCGTCGATCCGTACGCTGGCGCCCCGGGCCCGGTTCGCGAGTGTCGACGAGATCGCAGGCGCGATCCGCGAGCTGTCACGCCTCGCCGACTCCCTCCCCCCGCGGCGCTTCGACACCTCGAACGAACGCGTGGCGTCGGCGGTGTCGAGCGCGTCCGAGCACGAGGCGCGTCATCACTTCTCGAGTCTCGAGGTGCCGTTTCCGGACCCCGTGGACGAAGGGGCCCTTCGCAAGGCCCTGTCGGAGCTTTCTCCCGAGGTGCTGCGTATCAAGGGCATCGTTCGTCTGAAGGGCCGCGACGAGCCGGTCTACGTGCAGCGCACCGATCGCCCCGGGTCGCTGGACTTCTTCCCGGTGCGGGTGAACACCGAGCTCGAGACTCTGCTCGTTCTGATCGGGGTCGGGCTCGACGCCCGGGTCACGCAGCCCCTCACTCGCTTCTCCCACCGCCGATCGCCGTGAACCGCATCGTTCCGAGCCGCGCGCTCCTGTTCGTCGCCCTCGCCCTGGTGGCACCGGCCTCCGCGACCCGTGCCCAGATCGTCGCCAGCGAGGCGGCGAGTCTGCACCAGTCGGTGTCCGGCACCGATTTCGAACTGCTCTACTCGAGGCCGTCTCTGCGAGGCCGTACCACGATCTTCGGGGGGATCCACCCGATCGGAGAGTCCTGGACGGGCGGGGCGAACGACGCCACCGAGCTGCGCATCTCGAACGACGTGACAATGGGCGGAGTGACCGTGCCCGCGGGTGCCTACAGCGTGTGGTTCGACGTGGTGGAGGGCGACGCGTGGCGCATGATGCTGCACGAAGACACCGCCATGTTTCACGCCCCGCATCCGCCGATCGACGAGGCTCAGATCCTGGTGCCGGTCTCGCGTGAGACGGGGTCGGAGGTGGTCGAGACCCTCTCGTGGACCTTCGAGAACCTCACCTGGAACGGGGCGACGCTGGCGCTGGCGTGGGGCACCGAGCGTCTTCGCGTAGAGGTGGAGGTCGACCCCGGGATCACCCTCGCGCTCTCCGAGGAAGAGGCGGGTCGCTACGTGGGCGAGTGGCGCATCGACGACTCCATGAGCCGCATGTCGGCCGAGCAGGCCGAGGAGATGCTGGCCGACCCCGATGCGAGCGACGCCCTGCGCGACTACGCCCGGGCCATGCGCGACGTGCCTACGGAGCGGGTCGTGCGGATCGTGCAGGACCCCGAGTCGGGTTGGCTCTTCCGGACCGACCCGCGCTTCGCCGAGGTGTGGGCCGCCTTCATGATGACCGACCCGACCGACGAGCGATTCGACCTGCTCGTTCGGCGCGGCGACGGATTCTTCCACACGGCTCAGGGGGTCGGGGGCGAGTTGCGCAGCTACTACCCCGACTTCATGTCGATGGCGGAGTTCCGGTTCGACGACGACGGCCGGGCGATCTCGTTCGAGGTGCGCAATCCGGACGACGAGGTCACGATGACGGGAGTACGCGTGGGGGGGGAGCCGGGGAAGTAGTTGATGTTGGATGCGCGTTATCGTGCACCGAGAGCGGGCATCGGTATCACACGACGACGAACATGCGCACGCACCCCGTGCGCCTCGAGCTGCGCAAGTACGACCCGGTCCTGCGTCGACACGTCGTCTTCAAGGAGACGGAATGATGGCGGCCCGGGCGATCGCAGGTAGCGCATGCCGATGCGTCGCGCCGTCCGCGTCCATCGATGGAGGGGGTCGGCGAAGCGGTCGAACACCTTCAGCTCGCCGGGGGCGGCGATCCCCTCGCCGAGAAGGCGAAGGGCCAGATGCGTGCCGTGGATACCGCCACCTGCGATGGCCCAGCGGAGGGGATCTCGCATGTCGCGTGGAGTCGAACGGAACCCGTAAAATGAGAACGTGTACTCAATACGGCGATCTCACTCCACATGTTCCCCGCGGGCGCGCCAGGTGTCGTGGGCCGGCTTGGCTGTTATCATCACGCGGTCCATTCTCCTGAACAAGCCACGACGCGACCATGAAGAAACGCGACACCCGTCAGCGCCGAGCGATCCGTCAGGTGTTTCTCGATGCCGCGCGGCCGCTGACTCCTGAAGAGGTGCTCGAACGCGGGCAGGGCGAGGTGCCCTCGTTGGGGCTCGCCACGGTCTATCGCAACGTGAAGATTCTCACGGAAGAGGGGTGGCTGACCGAGGTGGCGCTTCCCCAGGACGGCATGCGGTACGAACTGGCGTCGCGCCCGCACCATCACCACTTCGTCTGCCGCACCTGCGATCAGGCCTTCGACATCCACCAGTGCCCTCCGTCGGTGGAAGAGATCGCCCCCGCCGGGTTCCGTGTGGACGACCACGAGGTGATTCTCTACGGGTCCTGTCCGGCCTGCGCCTGACGTGGGGAGGGCACCGGGAGTGAACGAGAAAAGGGGGGTGGCGCTCGCGGCGCCACCCCCCTTCGTCGTG
NZ_CP144380.1_gap115	4118043	4122187	4144	CCTCGAGAAGCAGGTGAACGATCAGCTGGGCGACGTGTCGCGCTACGAGACGCCCAAGAAGATCGCCCTCCTCGACCGCGAGTTCACCATCGAGGACGGCACGCTCACGCCGAGCCTGAAGGTGAAGCGGCGGGTGGTGCAGGAGCGGCTCGACGAGGTGATCGACCGCTTCTACGACGAGGCCAACGAGCACCGGTCGGTCTTTCCCGGGTGGTGACGCGGAAGGGGGACTCCGGGTCGGTCGACGACCCGCGGGTGATCCTCGTCACGGCACCCGATCGCGACACGGCGCACGAGCTGGCCCGCACGCTGGTGGGCGAGCGACTGGTCGCCTGCGCGAACCTGCTCCCCGGGGTGCGCTCGGTGTACCGCTGGGAGGGGGCGGTGGAGGAGGCCGACGAGGTGCTCCTCCTGCTCAAGACCCGCGCCGACCGCGTCGATACTCTGCGCCGGCGGGTGGTGTCGATCCACCCGTACGACGTGCCCGAGTTCGTGGTGCTCCCGGTCGAGGGAGGCCTCGATCGCTACCTCGACTGGATCCGCACGGAGTCCTCTCCCGAGTAGCGCTCGAACCCGGGCCCCGTCGTCGTCCGCAGGCCCCGACAGCGGGAGAACGGTGATCCAGGTCGTTCGCGAGGTTCTGGAGTTGTGGGAGGGGGAGTGCGTGGTGCGGGCGATCCGCTCCGACGGCGCCTCCATCACCCCCGTCGCACGACGCATCGAGGCCCGGGCGGGTGCCGACATCCGCCGGCGGGTGGAGGCGATGGGCGAGCTTCCGGTCGGAAGCGCCGTGCTCACCCCCGGGGGTGAGCTGCCCGTGCGCTTTCTGCTGCACGTGGTTCTGCAGTCCGCCCAGAGCGCGGTCACGCCCGCGGTCGTTCACCGCGCGACGTCGAACGCGCTCGCGCGCGCCGTCGACTTCGCGATGGACGAGCTGGCCCTGCCTCCGCTGGGCACCCATGCCGGCAACCTCGAGGCCGAGGAGTCGGCGCACGCCATGGCCGCCGCCCTGGCCGAGCACCGCGGCCGCCACGCGGAGCCGGCTTCGCTCGTCGTGGTGGTCGAGACCGAGTACGAGCTCGACGTGTTCGACCGGGCGCTGCGCGGGGTGGAGGTATGACGACCCGTCTGCGGGGCCGCCTGATCGGCGGGGTGGTGCTGGCGGCCTGGGTGGCGGTGCTCGCGCAGCACGTGCGTCGCGAGTACTTCGCCCCCGAGCTCGAGCAGCTCGCCGCCGCGGCGATGGCGCTCAACCCGGGTACCCGTTTCTACTCGCTCACGATGGGCGGCCGCTCGGTAGGGCTCGCCACCTCGGCCCTCGACACGGTGCCCGACGGCTTCCGGCTCGACGACTACATGTCGCTCGAGCTGCCGGCGCTCGGGCAGACCGGCACGGCGGTGGCCCGCACGCGGGTGGATCTCGATCCGTCGCTGCGCATGCGCGGCTTCTCGTTCAGCCTCGAGTCCGACGTGGGCCGTTTCGAGGCCGCGGGCTCCGTGCGCGGCGACACCCTGCTCGAGGTCGCCATCACCTCGCAGGGCAGCCGGCAGTCGATCAGCTACCGGATGGCCGAATCGCCGGTGTTCTCCGCGGTCGTGCCCATACGGGTAGCCATGGGCGGCCACCTGGAGGTGGGCGAGAGCGTCCGGATGCCGGTGTTCGACCCCTCCACCCTCGCCTCACGCACCGTCGAGGTGCGGGTGCTGGAGCACGACACCCTCGTGGTGCCCGACAGCGTGTCGATGGACGCGGGCGGCAGGTGGGCGCCCGCGAGCTTCGACACCGTGCCGGCCTGGAAGATCGCCGAGGTGTTCGGCGGGGTGTCGGTCGAGAGCTGGGTGGACGAAGACGGTCGCGTGCTCCGCGCGGAGTCGCCCCTCGGCTTCGCCATGGAGACCACCGAGTACGAGCTGTCGACGCAGGCCCTCGCCGATGCCCGGTCGAGCGGGACGACCGCCGTGGACGAAGACGTGATCCTGGCGACCGCCATTCAGAGCAACGTCGATCTCTCCGACGCGGAGTCCTACGAAGAACTCCGCTTCGTGCTCTCCGGGGTGGATCTGTCGGGCTTCGACCTCGACGGGGGCCGCCAGACGCTGCGGGGCGACACCCTGATCGTGCGGCGCGAGAACCCGCGTGCTCTCGATCCCGGCTTCGGTCTGCCCTATCCGCGCATGGATCTGCGCGAGGCGCTTCAGCCGGAGCCGCTGATCCAGAGCGACGATCCGCGGGTGATCGAGATGGCCGAGCAGCTCACCGTGCGACGGGCATCGTGGTCACCCGATCCGCGTCGGGTGGCGCAGGAGCTCACGAGCGGCGTGTACAACATGCTCGAGAAGACGATCACCTTCTCCGTGCCCTCGGCGGTGCAGGTGCTGGAGAGCCGGCAGGGCGACTGCAACGAGCACACGGTGCTCTTCGTGGCCCTCGCCCGCGCCCTCGGGCTTCCCGCCCGCACCGCGGTCGGGCTCGTGTTCGTGAACGGCGCCTTCTTCTACCACGCCTGGCCGGAAGTCTGGCTCGGGGAGTGGACCGCCGTGGATCCCACCTTCGGCCAGTACCCGGCCGATGCATCGCACATCCGTTTCATCGTGGGTGGCCTCGCGCAGCAGGTCGAGCTGGTGCGCCTGATCGGTCGCCTGGACATCGAGGTGGTGGAGAACTCCCGTGCCGACTGACCACGCGACCCCGCAGAGCATGCTCCGACTCGAGGGCATCCGGAAGCGCTACGGCTCGTTCACCGCGGTGGACGGGCTCGATCTCGATGTGCACGCCGGCGAGATCTTCGGGTTTCTCGGCCCCAACGGGGCGGGCAAGACGACCACGATCCGCATGGTGGCGGGGGTGCTGCAGCCCACCGAGGGGCGGATCCTGGTCGATGGCGAGGACCTGCACCGCGACCCCGAACGGGCCAAGCGGCGGGTGGGCTACATTCCCGACCGCCCCTTTCTCTACCCGAAGCTGTCGGGGGGCGAGTTCCTGCGCTTCGTGGGTGGGTTGTGGGGCTACGAGGGCGACGAACTCGAGGCGCGCGCCGACCGGCTCCTCGAGCTCTTCTCGCTGTCGCGCTGGAAAGACGAGCTGGTCGAGAGCTACTCGCACGGCATGCGGCAGAAGCTGCTGATCTCGTCGGCCTTTCTGCACGAGCCGGGGCTGATCGTGGTCGACGAGCCGATGGTGGGGCTCGACCCGCGCTCGGCCCGGATTCTCAAGGACCTGCTCCGCGCCTTCGCCGACGACGGCGGCACCGTGTTTCTCTCCACCCACACGCTGGAGGTGGCCGAGGCGCTCTGCGACCGGATCGCGATCCTGCAGGGTGGACAGGTGATCGCGCGCGGTACGATGGACGAGCTCCGGCGCGAGGCCTCGGCGGGGGGCGCGCACCTCGAAGACATCTTCCTGAAGGTGACCGGGGGCGACGCGGTGGCCGACGTGGTGGCCGCGCTCGGCGGCCCGGTGGCGGCGGGGGTGTGATGGCCGGGTCGGACGGGGCGCAGGCGGGGCCGGGCGCGGCGGGGCAGGGTACCCGCAGCTGGCGCTTTCTGCTGGTGCCCAAGCTCCAGATCCGCATCAACCGGGCGCGGAGCGGCAAGGGGCGGGCGCTGAAGACGGGTCTCATCGGCTTCGTGGGTCTGTTCTTCTGGACCTTCGTCTTCGCGGTGATCGTCCGGATGCTGCTCTACTTCCGCAACACGCAGGGCATCGGCGATCTGCTTGCCGCGAAGATGCTGGGGCTGGCCTTCCTCACCTTCTTCATGATCCTGCTGCTGTCGAACGTCATCACCGCGCTCTCCACCTTCTTCCTCTCCGACGACCTCGAGCTGCTGGTGGCGGCGCCGGTCGAACCGGGGGATCTGTACGGTGCGCGGCTCACCGAGACGATCCTCGACTCGTCCTGGATGGTGGCGCTGATGGCCGTGCCGATTCTGGCCGCCTACGGGGTGGTGTACGCGGCGGGACCGCTCTACTACCTGACGGCGGTGGTGGTGATGGCGGCCTTTCTGGTGCTGCCCGCGGTGCTGGGCACGGCCTTCACCCTGATGCTGGTGAACGTCTTCCCGGCGCGGCGCACGCGCGACCTGCTGGCGCTGGTCGGCCTCTTCGCCGTGGCCGGCGTGGTGGTGCTCTTCCGCTTTCTGCGGC
NZ_CP144380.1_gap116	4126101	4127075	974	TGCCGTCGGCGGAGCCGATCGTCCACCCCACCGGCACCTCGCGCCGTGCGCGGTCGAAGGCGCGGAGGGCGGTCCACTCGGCGGTGAGGGACGACACGGGCAGGTCGCGAAAGTCGAGGTGCACCCACCCGCGCCAGACCGCCGGCTCCAGCGCGGTGTCGTGTAGCGGCGTGTGGAGCACCGCGTGGAGGGAGTCCCCCGACACCAGCATCACCCAGTCGCCGGACGGTCCCTCGGCGGGCTGGTGCGTGCGGTTGAGGTCGAGGGCGATGCCGGGCACGCGCCGCTCGGCGAGCACCAGTCCGGCATCGAGAAACCGGAAGGTCTCGCCGCGGCGTCCCGTCCACTCGGCCCGCGAGGCGTCGAGGGCGAGGTCGAGCCGGCGCCCTCCATCGACGAAGGAGAGCTGCTCGAGCGCGTCGCCCTCGCCGACGACCATGCGCAGAGGCCCGTGCGGCAGGGGGCGCCAGGGAGCGCGCATCGGCGGCGTCTCCCACTGCTCGTCGTAGAAGGGATCCCACACGTCGCCGCGCAGAAACCAGCCGCGCCCGCTCCTGCGCACCGTCTCGCCCCCGGTGCGGACCGAGAGCAGCCAGGGGGCGCCGAACACCGAGTCGGTGCCGGTGCCCAGAAAGGCCACCGTGCGCTCGTACACCCGGCCGGTGTCGGCCGCGGCTGCCGGAACCGGCTCGACGGCAGGCGGAGTGGCGCCGGGCGACTCCACCTCGGGAGCGGGGCCGCAGCCCGCCGCGCCGAGGACGACTGCGAGCGCGAGGAAGGAGGGCGAGGCGAGGCGATGCATCGAGGGGTCAGCGGGCGGTGGGAATCGGGGTGAGCCGCTGGCCGGGCCCCGGAGCGAGGTCGCGGTCGAGCGCCTCGAAGAAGCGGAGTACGCGACGTCGGCTCGCCCCGAGGTCGCGCCCCCCGTCGGCGGGGCCCGCGAACATCTCCACGCAGGTCTGGGCGTCGGCGTC
NZ_CP144380.1_gap117	4128506	4132134	3628	GATCAAGCTGGCCGAGCCGTGGGCCGACGACGACCTGCTGATCCTCTTCAGCGACACCCTCTTCGACGCCGACCTGGGGCTCGCCACCCGGCTGCCGGACGACGAGGCGGGGATTCTCTGGGCCAAGGAGGTGGAGGACTACCAGCGCTTCGGGGTGATCGTCACCGACGAGAACGGCATCATGCAGCGCATCGTCGAGAAGCCGAGCGAGCCGGTGTCGAAGCTCGCCAACATCGGGGTGTACTACATCCGCGATCACGGGCTGCTCTTCGAGGGCATCAACCACGTGCTCGCGGGGGGAACCGGCAAGAGCGGCGAGTACTACCTCACCGACGCCTTCCAGTACATGGTCGACCACGGCGCGAAGCTGCGTACGGCGCCGGTGGGCGGCTGGTACGACTGCGGCAAGACCGAGACGCTGCTCGACACCAACCGGCATCTGCTCTCGACCACGCGGGGTGGGGTGGACTCCGGAGCGACGGTGGAGGGCGCGGAGATCGTCGAGCCGGTGCGGATCGAGGCCGGCGCCGTCGTCACGGGCGGGCGGATCGGCCCGAACGTCACCGTCGAGCGGGGCGCGCGCGTGACGGGCTCGACCCTGTCGCGCACCATCGTCGGGCACGAGGCCGAGGTGTCGAACGCCGAGCTGCACGACAGCCTGGTGGGCGCCCGGGCGAAGATCTCGGGACTGTCGGGTCGCCTGCACGTGGCCGACGACTCGGTGGTGGAGGGCTGACGCCTCAGCGGCCGTCCAGCAGCAGCAGGGTGAGAAGGGCCCGGGCGATTCCGTCCGGGCCCTTCACGTTGCGGTACCACTCGCCCGGGGTGTGCGCCTGTCCGGCGTCGCCCCCCGCCCCGAGGGTGATCGCGGGTACCCCGAGCGACATGGGAAGGTTGGCGTCGGTCGACGAGATCGCCAGCTCGGGAGACACGCCGAGCGCGCGGGTGGCGGCCAGCGCCGACTCCACCACCGGGTGGTGGGCCGGGGTGCCTCCCGCCGGGCGGCGACCCAGCCGGTCGAGGGTGAGCACCAGCTCGCCGCGGCCCCCCGGGTCCGAGCCCGACACGCGGTCGAGGATGCTGCGGATCTCCAGGTCCATGCGGGAGAGCTCCACCTCGGCCTCCGAGCGCACCTCGAACTCCACCCACGCCTCGGTCGGGATCGCGTTCACGCTCGTGCCACCGCCCCAGCGCCCGATCGACAGGGTGGTCGACGGCACCGTGGGCAGCGGCACCCGGGTCAGGTTGTCGAGCGCCCGCGCGAGGGCGTGGATCGGGTTGGGCGTGCCGTAGTCCACCCAGGAGTGACCGCCCGGACCGCGCACCGTGGCCCGGTAGCGAAGGGAGCCGAGCCCGACGTTGACGATGCGGCGGATCCCCGCGCCGTCGAGCGAGAGAAATGCGGCGCACCCGGCCCGCAGCGCGCCCCGGGGGGAGAAGAGGTGCCGCACGCCGCGCAGGTCGCCGGCGCCCTCCTCGCCCACGGTGGCCACCACGAGCAGTGGAGAGTCGAAATCCAGCGCGGCCTCGCGGGCGGCCCTCGTGAGGGCCAGCAGGGCGGTGAGCCCGCGGGCGTCGTCGGCGATGCCCGGGGCCCGCAGCAGGTCGCCCTCGCGCTCGACCTCGATCCGGGTGCCCGGGGGGAAGACGGTGTCGAGGTGTGCCGACACCACCAGCGGGGCCGGCGCCGCCGCCCCCGGAGTCCATGCACCCGACTCCGGAAACCACCCGACCACGTTGCCGACCGCGTCGGGCTCGCTCACCTCGAGGCCGCACTCCCGCATCATTCCCGCCATCACCCGCCCGCGCTCCGATTCGTGGAAGGGAGGGGCGGGGACCGCGGTGAGCGCCACCTGGTCGTCGAGGGTGCGCGCGTCGGTGGCTTCGAGAAGGCGGCGGGCGCGGAGGTAGCCCGGATGCTCGAGCCAGCGGAGGGCGCGGACGTCGTAAGCCGGCGAAGTCGGCGGCGCAGCGTCGGCGCGCACGAGGCGGGAGAGATCGTGAAACATGGCGAAGTATCCGCCGCACCGGGTCGGGCGGCAACCCGGTGGTTGCACACTGCACACAACAGGTAACAGCCCCGAGTGACGAGTTACGGCGTCGTTACGCACGGTGGCCGGAGACGTTACCTGGCGGCGCTAGAGTTGGTCACTGACCCTCCGTCGACCACCCCCGGGCGCGTCGACCTCGGTTCCATAGCTACCCTGTGACGTCATGACTTCTCGTCTTCGGCCTGGCCTGCTTCTCTGCGGGCTCTTCGCCGTTCTCGCCGCCCAGCCCCTCTCCGCGCAGACGGGCTCCATCGTCGGCCGCGTTCTCAACGGCCAGACGGCCGAGCCGGTCGTGAGCGCGCAGGTGTTCGTGGTGGACGGCGCGGGGTCGCTCAGCGATCTCGACGGACGCTACATCATCCGCAACGTGCCGGTCGGGACGGTCGACATCCAGGTCCAGGTGATCGGCTTCGCCTCGAAGACCATCACGGGCGTGACGGTCACCGAGGGCCAGACCACCACGATCGATGTCACGGTCGAACCCTCGGCGATCGCCCTCGAGGGGATCACGGTGAGCGCGGCGGTGGAGCGGGGAAGCACCACCTCGCTGCTCACCGAGCGGGCCCGGGCCTCGGTGGTGCAGGACGCCATCGGAGCCGACCAGATCTCGCGCTCGCCCGACGGCGACGCGGCCGAGGCCCTCAAGCGCGTGCCGGGCCTGTCGGTGGTCGACGGCAAGTTCGCCTACGTGCGCGGGCTCGGGGAGCGCTACTCGAGCACCACCCTGAACGGTGCGCCGCTGGCTTCGCCGGTGCCGGACAAGAAGGTGATCCCGCTCGACCTCTTCCCCTCCGGATTCCTCGAGAGCATCGTCACCTCCAAGAGCTACTCGCCCGATCAGCCGGGCGACTACGCCGGCGGTCTGGTGCAGCTCAAGACGCGGTCGTTCCCCGCCGAGCGGGTGCTCTCCTTCAGCGTGTCGGGGGGCTGGAACTCCACCTCGACCTTCGCCGACGGCCTCGGATACGCGGGCGGCGACCTCGACTTCCTCGGCTTCGACGACGGCACGCGCGATCTGCCGTCCGCGATTCCGCTCGATCGGCCGCTCAACACCGGCTACTTCGCCACCGGCGACCTCTACGAGCTCGGGCGCTCCTTCACCGGCGACTGGGGTCCCACGGCGCAGACGAGCCTTCCGCCGAACGGCAGCCTGGGCATCAGCTACGGGGACGACATCGGCATCGGCGACAACCAGCGCTTCGGCTTCATCGCCTCGGTGAACTACTCGTCGAGCCACACGATCAAGACCGACGTGGTCGAGCGCGTGTTCGCCTCGGCGGGCGTGGACGATCCCGAGGTGGACTACTCGGGCGAGATCACCGAGCGGTCGGTCACGCTCGGCGGCATGCTCAACGCCACCTACCAGTTCGCGCCGACTCAGGAGATCAAGCTCTCCACGGTCTACAACCACATCGGCGACGATGTCGCGCGGAGCCTCACCGGCTTCAACCTCGATTCGAACACCGACCAGCTGAACACCCGACTGCAGTACCTCTCGCAGTCGATGATCAACGCGCAGCTGAGCGGTGAGCACCTGCTGTCGTTCCTCAACGACGCCTCCTTCGACTGGCGCGGCG
NZ_CP144380.1_gap118	4224403	4224903	500	GGGGGCAAGTATCTGCTCGACGGGGAGCCGGTGGAGAATCTGAGCGCGGGCCAGCGGGCGAAGATCCGCAACCAGGCGATCGGATTCATCTTCCAGGCGTTCAACCTGATCGGCGACCTGACGGTGTACGAGAACGTGGAGCTTCCGCTTACCTACCGGGGGATGCCGGGATCGGAGCGGAAGGAGCGGGTTCAGGCGGCGCTGGAGCGGGTGGGGATGGCGCATCGGATGGGGCACTATCCGAGCCAGCTGTCGGGCGGTCAGCAGCAGCGGGTGGCGGTGGCGCGGGCGATCGTGGGCAAGCCGCTGATTCTTCTGGCCGACGAGCCGACGGGTAACCTCGACTCGAAGAACGGCAACGCGGTGATGAGCCTGCTGAAGGAGCTGCACGCGGAGGGCGCGACGATCTGCATGGTGACGCACGATCCGCGCTACGCGCATGTGGCCGATCGGGCGGTGCATCTCTTCGACGGCCAGGTGGTGAGCGAAGACGACGCGCG
