gap_id	start	end	length	sequence
NZ_CP089929.1_gap1	8100	12370	4270	GCGCGCATCCCGCGCACGCAGATCGCGGAGGGGGAGCTTCTTCGCGTGCCGTATCCACCGTATGACATTCTCGTCACGCTCATCGACGGCCAGCCGTACGCCGTCGAAGACGCGTGCAACCACTCGGGCGCGAGCCTTGCCGAGGGCTGGCTCGAAGGCAAGGACCGCATCGTGTGCCCAATGCACGGCTACGTCTTCTGCATGAAGACCGGCGAGCTCCTGTCCCCCCGCAACGTCTGCGACGCCCAACGCACCTACCGCGCCGAACTCGAAGGCGAAGAAGTCGTCGTCCACGACGACTTCTCACTCAGCATCATCGGCTTGAACCGCTAGAGATTCACAGGAAGACGGGAAGACGGGAAGGACTGACGGCACAGAGGGCGCGCACCGCTTTTTCGTAGAGTTCCAGTTGGCCCAGTGGGCCGATTGAAAACCCTCTCAACCTTCCCGTCTTCCCGTCTTCCTGTGAATTCTCTCTCTCTCTCACTTCTTCGTGCAGCGCAGGGGGAAGCGGGTGCGTGCGTTGTAGGCGGCGATGTCGATGGTGGCGCCCGCGTCTTTGGTCGCGGGGCGAACCGGGGCAAGCTTGCCGCCGCGGGTGAGTGCGTCGGGGGTTCCGTCCAGAGAACCGGACATGCGCTCGATGCAGAGTCGATCGCTCGAGATGCGCACCCGCGCCGTCGCGCTGCGAAGTTGCGAGCCGAGGCCCGAGGTCATTTGCACGTGCACCGTGCTGGTCATGGGCACGTCGACGATCCACCCGGGCTCGTCGCCGCTGCACGCCGTGATGGCATCGCGGTCGGCGAAGTCGGTCGAGCCCAGGGGTTCCAGCTCCCCCATCGCGCCGCTCGAAAGGTCGATGGGCAAGAGCCACCGAAGCGGCACACTGCGATCGGGATCCGGCTGCCCGTCGACCACGAGCCCGATGCTGCGCCCATCGGGCCGCCGCGCCAGCCGCACCGGCGGCACCGAGTTGTCGGCGGCGCGGGGAACGCGTACCAGCTCGCGCGCCGTTCCGCCCTCCACCTCCCACACCACGGTGGCCGGTAGCTCGGATCCGCTTTGCGGGCCGGCGAGGATCCAGCGCCCGCCGATGCGTTCCGCCGCATCGATCACGCCGAAAGCTTCGCCGTCGTTGCGCCGGATCTCCAGCGGCGGCTTGTCCGCCTCCAGCTCGATGGGCACCGCTTCCACCGGCGAAAGCCGGCGCGCCACGAGCAGCGCGTGCGTGCCGTCGTCCGCCGATGCGAACTGCCACGACGACACCGGTCGCGGAATGCCCCCGCCCGTCGCAAAGCGCGACGAGTCGATCACCACACGCGGCGTCGGCGTCGTTTGCGTCGTCTGGATCTCCTGCGAGCCCGCGTACGGCGATGTAAAGCGCACCATCCAGCGGCTCGTGCGCTCCCACTCCGAGCCTTTGGCACCCCACGCATAGAGCCGCAAGAGCGGCCCCGTTCGCGGCGTGCGATCCAGGGCCTCGCTCGTCTCGATGCTCAGCCCGAGCTCCTCGGCCGGAAGCTTGGGCGCGGGCATCGCAAAGAACGGCGACCAATCCAGATTGGACAGAGGCAGCGGCCGCGCGCCCGTGGCCGTGCCCGGGTTCCACGTGACCGAGTGCGGCAGCACCACCTCGGGCATCACGATGGGCCCGCGCGGTGGCGGCGCCGTCGGTGCCGTGGGCGCCGTGTGGCGCGTGGCCTCGCACGTGAGCTCCAGGATGGGCACCGGCCGCCGCACCGCGCGCGATGTCGGCGACGGCTCCATCGGAGCCACCTTGGGCGGCCCCCACCCGACGCGCACCCATCCCGCGGCGAGGCAGCCCGCCGGCCCGCACGCCCGAGACGTCGGATTGCGCGTGAGCGCCGAGCTCCCCTGCGCAATGGGCTCGGGAAGATCGATCGGCTCCCAGGTCATGCCCCCGTCGGTCGTCTCGTAGCCACGCCGCGCGGCCGACCACCCGAGGCCATAGCGCCCCGACACGATGGGCGAGCCCGCATCGCGCACGAACGCGCCCGCGCGCGCCTGCCCATCGAGCTGGATCTGCACCCCCAGGAACGTGCCGCCGGCTTCCACCCAGCCACCGACCATGTTGCGTCCCCGTTCCTCGAACCCATCGAGCCACAGCCCCGCGCGCAGCACGCGCAGCGCTTCCGGCGACGTCGTGGAGAACACGATGGGAACGGTGCTCACCTTCTTCGACGCGTCGAGGACGGTCAGCCGCGCGGCGGTCATGTTGCCGTGGGGCGGCGAGATGACCACCACGCGTCCGTCGGCGAGCGCCACCACGCGATCGCCGGAAAGCCGCCCGTGGATCTGCACCTCGCGCCAGGGACCGCCCTCGGGCCGAATGCAGTAGCCGACCTGGACCTCGTTGCCCGGCGCCGACGAGTTCCGCACCGGCGGCATCGTGTTCTCGTTGTCGGAGGGCGCATCCTCGGCGCACCCGCCGCGCACGGCGATGGCGCCGGTTCCCGAGCCGAGCACCACGCGCGGCCGATCGAAATGCCGCAGCTCCACGAGCCGGCCGTGCGCCGCGTCGTACGCGTAAATCACGGTCTTGCCGCGTGGCTCGCCGCAGACGAAGCCAAAGTCGCCCCGGCCGGAAAGCGCAATCGGATGGCACCGCGACGGCTTCAGCGCGAAGGCGTCCGGCGCGAAGTCGATCAGCGCACCATCTTGGAGTCGCACCCGCGCCAGCGCACCATCGCGGGCTACCACCGCGGTCTGATCGGCCATGGGCCAGCCATCCTCGATGGCCGCCACCAGCGGCCGCTTGCCCAGCGATTTGGCGATCGCGCCGTTCATGCTGGCCTTCGCACCCGCCTGCGTGGTGGCCCCGGAGAAATCCGTGAGCGCTGTCTGGCTCGAGACGGTTTGCCAGCTTTGGGGCACGTCGCGCCGTTCCGGCTTGTTGGCCAGCTTGGAGACTTGCCCGTCGGGGTGCACCAAGTACCACGACGAGGTGCGCGAGGCGTCCGCCCCGCCGACGGCGATGCCATCTTCGACGGGGATCACGTCCTTCGCGTCGATGGGCAGGCCGAGCGGCTTCCACGAGGCACCCGCGTCGAAGGTGGCCATGGCCCCGCGCAGATCGGTCACGGCCACCGCGCGCCATCCATCGAGCGCGCCGAACGAGCCCACGTACGGTGCGCCGGGAAAGGCCCCGGCGTCCACGGGGGTGCCCGTGCGCGGATCGATGGCCCGGTGGGCGCCGTTCGAGCCCTTCAAGTACACACGGTCGAGCCCCACCACGACACGCGAGATGGCCGACCAGGGCGAGGCGTAGATCGGCTTGGCCCGCTCGAGCCATTTGGGCGCGCGCCAGACGGCGTTGTCGATCACGAAGAGAAAGCCGCCGCCCATGCGCTCGGGCACGGCCACGGTGAACGCGGGGGCCTTGGGGAGCCGATCGTCGGCGGCGAGCAGGGCGCCGTTGGCCTGGCTGACCACGCGCACGCCGGAGACGATGGCGCGCACGCCCCCGCCGGCCTCGACGCCGAACGAGCGTTCGTCCTCGACGACCTCCGGGATGAGTCGTGCCCCCAGCACCGTGGGATCGCTTTTCGTCGGCGTCGTGGCCGCCCGCAGATTCCCTCGCGGTTCGGCGACCGACAAACCCCCGTGCTGGACGCACGCGCCCAGCAAGGCCGTCGCGCCCAACGCGAACGTGGCGAAGGCGCCTAAGGCGCGAGGCGCACGCGACGCCATGTGCCCTCCGCGGGGTCCTCACGTTGGAACACCAGTCGATCGTGCATGCGGCTCGAGCGGCCCTGCCAGAACTCGATGGTCGAGGGCACGACCCGGTAGCCGCCCCACGTCTCCGGCAGGGGAACCTCTTGTCCCTCGTACCGTGCGCGGAGCTCTTCGTAGCGCGCATCGAGCCACTCGCGTGAGTCGACCACTTGGCTCTGCGGCGAGGCGAGGGCACCCAGCTGGCTCCCGCGCGGGCGGGAGTGGAAGTACGCCTCCGATTCCTGGCGCGTGATCATGGCCGCCGTCCCGCGGATGCGCACCTGCCGCTCGAGCTCCTTCCAGAAGAACAGAAGCGCCACGTGCGGGTTTTTCGCGATGTCGTTGCCCTTCGCGCTCGCGTAGTTCGTGAAGAAAACGAACCCTTCGTGGTCCACCCTGCGAAGCAATACGATGCGGGCCGAAGGGTGTCCGTTGGCGTCCACCGTCGCCAGGCTCATCGCGTGGGGTTCGTGGATTGCGGCGGACACGGCGGCAGCGAGCCAGTCTTCGAACTGCGCAATGGGATCGTCCAGGA
NZ_CP089929.1_gap2	108746	110239	1493	AACGGGTGGGTCCCCGCAAAATGGATCAACCGCGCGACGACGGCGTCGTTCGTACCGAAGGCCACGCCGGAGCGCACGAGCACGCCCAGCGCCTCGGCTGCGGCGGCCTGAACGTCGGCCTCCTCGGCGCGGGTCAGCGCGGCGGTCAGCGTCGGCAGCGATGCCGATGTGCCCTTTCGGCCCAGCGCCAAGAGCATCTGCGCCTTCGCCCTGCCGTCGTACTCGTTGGCCAGGTGGTCGACCAGCGCCGCCTCCACCCCCGCGCCACCGAGCAGCCCCAGCGCCGTCCCCGCGGCCGCCCGCACGCGCGCATCGCCTGCGTCGAGCCGTGCCAGCACGGCCGGCGTGTAAGCGGCGTCGCCGATGCGCCCCGCGGCAAGGGCTGCCGCTTCCGCCACCGAGGCCGTTGTACTCTGCAGGTAACTGCGGAGCTCCGGGTTGTCGAGGAGACGGTGGTCCTCGATTTCGCGCACGCGCTGGATCGCGGCCCGTGCATCGCCGAACACCAGAGGGCTTGTCGCGATGCCTTGCGGCGAGGCGGATTGGGACGCGTCGTCCGGTGCACCACAGGCCGCGAGTGCCATGCAGGCGGCAAGACCAGGAAGTGCGGGCACGAACGAGAAACGGGATCGAAGCATGAAGGCAATCTCCTAGTAAGCTCTGCCGGGTATCTGCTTATGGATCGTGAAGATGGCGAAGACAAGGCAGACCTGAGGCGGTCTACTGCTTGACCCCCGAGGTCCACCGACCAAAGTTCCTTCGCGATGACCGTACGTGCGTCGGGGCCAAAGCTCGAGCTCGATGATGGTGTGCCGCGGTCGTTGCTGTCGTTCGACGATGGCCGAGCGACATTTCTGACGAACGGGGCCGGCTTCGGACACGTCGTTCAGTTTTACGACGAGGATGAATTCCTCAACGACACCATGATCCAGTTTTTGGGTGGTGGTCTTTCCGAAGGGGACTCGCTCATCGTCGTGGCGGTTCCGCGCCACCGTGACGCCTTCCAGCGGAGCCTCTCGGCCCGCGGATTCGACGTGAAGAACCTTTGCGACAGCGGGCAGATGACGCTGCTCGATGCGCACGAGGTTCTCTCGCAGTTCATGGTCGGGTCGACGCTCGATCGGGCGCGTTTCGAAAAGATGGCGACCCGCCTCCTCGAAACGACGCTCACCGAACGCAAGGGCGCGAAGCTGCGCATCTTCGGCGAGATGGTCGACCTGTTGTGCCAAGCGGGAAATCCCGATGCGGCCGTGCGGCTCGAAGAGCTGTGGAACGACCTGGCCGGGGTGTATTCGTTCTCGCTGCTCTGTGGCTACTCCATGTCGAGCTTTCAGAAGGTCGCGGATGCCAGAGCCTTCGAGAACGTGTGCAGCCGCCACTCGCACGTGTTTCCGACCGAGGGCTATTCGGGGCTCGACGGTGCCGAGGCACGTTTGCGCGAGATCGGCACGCTGCAGCAACGGGCGCGTGCCCTCGAAAGCGAGATCGAGCGG
NZ_CP089929.1_gap3	242745	246141	3396	AAACGCTGCGCGGCGATGCGGAGCAGAATCTGCGCGGCGGTGCGGCGTTGCTCGCCGAGTACCAGCGCGAGCTCGTGGCCGCGGGCAAAGTGCGCGCGGGCAGCACGGATCCGGCGGATTGGTACGGCGCCGTGGCCCGCTACAGCGGTGCGACGGATACGGCGGCGGCGCGTCAGTTCGCCGACGAGGTGTTTGCCACCTTGGCCGAAGGCGTGCAGCGCACGACCGACGATGGCCAGCAGATCGCCCTGGCCCCCACCGCGGTGCAGCCGCAGCGGGCGCAGGTCGATGCGCTCGGATTGCGCGAGACGGTGCAGGGCGAGGCGGAGTGTCCGCCGTCGCTCGGTTGCGAGTGGATTCCCGCGCCGTATCAAGACTTGGGCGGCGGCGATTACGGCAATCACGATTTGGCCGATCGCCCGAACAGCCAGCGCGTCTCGTACATCGTCATTCACGACACCGAAGGGTACTATCCGACGGCGCTGCAGCTCGTGCAGGATCCCACCTACGTGAGCTGGCATTACACCTTGCGCTCCTCGGACGGCCACGTGGCGCAGCACGTGAAAGGCAAAGACGTCGGCTGGCACGCGGGCAACTGGTACGTGAATGCCAAGTCCATTGGCCTCGAGCACGAGGGCTTCGCGGCGCTGGGCACCTGGTACACGGAGGCGCTCTATCGGAGTTCGGCCAAGTTGGTGCGTTATCTGGCTTTCCGTTATGGCGTCCCGCTCGACCGCGCGCACATTCTCGGGCACGACACCGTGCAGGGCACGACGCCGGCCACCGTGCGGGGCATGCATTGGGATCCCGGGCCGTATTGGGATTGGTCGCACTATTTCGACCTTCTCGGTGCGCCGCTGCGCCCGACCGGAGGGGACCATTCGGGGTTGGTGACGATCAAACCGAACTATGCGACCAACAAGCCGGCGTTCTTCGGATGCGACAGCAAGCACCCCGCCGATCCGTGCCCGGCGCGAAGTTCGTCGTCGGTGGTGCTCCACACCGAGCCGCGGGAGGATGCGCCGCTGCTTCGTGACGTCGCGCTCCATCCGCCGGACGGTGTGAGCACGATGCGCGTGTCGGACATCGGCAGCCGCGCTTCGACGGGGCAGCAGTACGCCGTGGCCGATCAGAGCGGCGATTGGACCGCGATCTGGTACCTCGGTCAGAAGGGCTGGTTCTACAACCCGAAGAGCAATCCCAGCGCGCTTCCTGCGGTTGGCTTCGTCGTGACGCCGAAGCAGGGCAAGGACACCATTCCGGTGTTCGGCCGCGCGTACCCCGAGGCGGAGGCTTACCCCGCGAACATCACCCCGCAAGCCATCGTGCCGCTCCAGTATTCACTGCCGGCCGGTCAGCGTTACTCCCTGGGGCAATTCGCCGATACGGAGTACTTGTGGGCAACCACCTTCGACCCGGCGAATCACGTGGTGGTCAAAGGCGATACTCGATATTACCAGATTCAATTCGGTCACCGCGTGGCCTACGTGAAGGCGGACGACGTGTGGCTGCTCCCGAGCCCGCTCGGCGCTCCGTAAGCCACCCCGTCGAAAAACGCGCTACGCTCGGGACGTGTTTACCACCCGTCCCGAGCTGATTGGCACACATGGAATGGTCGCCTCCACGCATTGGCTGGCGTCGGCGGCGGGAATGGCGATGCTGGAGGAGGGCGGCAACGCCTTCGATGCGGCGGTGGCCGCGGGCTTCGTGCTCCAGGTCGTGGAACCGCATTTGAATGGGCCCGGCGGTGAAGTGCCCGCCGTGTTTTTCGCCGAGGGCGACGCGAGGCCGCGCGTGCTCTGCGGGCAGGGCGTCGCACCGGCCGGCGCCACCATCGAGCATTACCGCGGCCTCGGCCTCGATCTGATTCCCGGCAGCGGCCTTCTGGCGGCCACGGTTCCCGGAGCGTGGGACGGCTGGATGATCCTCCTGCGCGACTACGGCACGAAGCCGCTGCGCAAGGTGCTCCGCTATGCCCTCGCGTACGCGCGGCATGGCTTTCCCATCGTGCCGCGCATCACCGAGACCATCGAGGCCGTCTCCGAGTTGTTCTCCGCGCATTGGCCGACGTCGGCGGCGCATTGGCTGCCCGGCGGGGCGGCACCTGCCCCGGGTACACGCTTCGCCAACACGGTGCTGGCCGATACATGGGAACGGCTCCTCGTGGAGGCCGAGGCGGCCGGATCCGACCGCGAGAACCAGATCGAGGCGGCGCGGCGTGCATGGTCGCGCGGCTTCATCGCCGAGGAAGTGGATGCTTTCTGTCGTCAGGCCTTTCGGGACGACTCGGGGCGAAACCACGCGGGGGTCGTCACCAGCGAGGACATGGCCGCGTGGCAAGCGTCCTTCGAGGATGCCATCTGCGTGGACTTTGGCGGGTGGACCTTGGTCAAGTGCGGGGCGTGGACGCAAGGACCGGTGCTGGGGCAACAATTGCGGTTGCTCGAGGGGTTCGCCGACCGCCTCCGGTACGTGAACGGCATCCCCACGGCGGAGACCGTGCACCTCGCCGCGGAGTGCGCAAAATTGGCCTTTGCCGACCGCGAAGCGTGGTACGGGGACGACCCCAGCGTTCCCTTGGCGGCCTTGCTCTCGCGCGAATATGCCGCCGAACGGCGCGCCCTCGTCGGAGCCGACGCCTCGTTGGAGCTACGTCCCGGTTCGCCGGATGGGCGCGCGCCCGTGCTTCCGGCCTACGCCACGGGCGCGGAGCGCGCGAACGTGGCACTTGCGGGCGCGCTGGGCGATCCCACGGTGGCGCGCAGTGGAACGGTGCGCGGCGATACGGTGCACATCGACGTGGTGGATGCGCGCGGCAACATGATCTCGGCCACGCCCTCGGGCGGGTGGCTGCAGTCCTCGCCGTGGATCCCCTCGCTCGGATTCTGCCTTGGAAGTCGCGCGCAGATGTTTTGCCTCGAGCCGCATCTCCCGAGCGCGCTGAAGCCGGGGCGCCGCCCGCGCATCACGCTCTCTCCGTCGCTGGCCCTGCGGGATGGGCAGCCGCGCATCGCGTTCGGTACGCCGGGCGGCGATCAGCAGGACCAATGGCAGCTTTGCTTCTGGCTCGGCCACATGGTGGGTGGATTGAACCTGCAGGAAGCCATCGATGCGCCCGCCTGGCATTCGTCGGCATTTCCTAGTTCGTTTTACCCGCGTTATTGGCAACCGGGCGAATTGGTCGTCGAATCGAGGTTGGGCGCGGCCGCGTTGGATGAGCTCCGCCAGCGCAAGCACCGTGTGATCGACGCCGGCCCTTGGTCGCTCGGGCGATTGTCAGCGGTGTCGCGCAACCCGCTCGACGGCCTCCTGCGCGCAGCCGCCAATCCGCGTGGCATGCAGGGCTACGCTGTAGGTCGTTAGTCCGCCGCCGGCATAGTTTGTCGTGGCACCGCG
NZ_CP089929.1_gap4	270599	272354	1755	CGACGCCCAGCCGGGTGAGGATGCGCTCGTACGTGGCGGGCCGCTTTTCCGAGACGATTTCTACGGCGGAGAACCGATCGCCCAGGCCCGAGCGAGCGAGCTTCGACTCCTGATCCAAGAGATCCCCTTTGGTGATGAGCATGACCTTGTGCGTCTCGCTCACCTTGGCCACGGCGTCGGCCGCGCCGGGCAACAGCTCCACGGGGTGCTGCAGCATCGCCCGGCCCGCGTCGATGATCTCCTGGATTTGCCGTGCGCCGACCCTCTCTTCGGAGAGCTCGATGGCCGTCTCGATCATCGACAGCATGAACGCTTTGATGCCGTAACCGAACAGCTTCGAATTCTTGATCTCGGTGGCCACGAGCCGCTCCTCGAGTCCCTCGGAGGAGACGAACGGCTTCATCAACGCGAGGAATTTCTCCTGCGTGACCGTGAAGATGGATTCGTTATGCCACAGCGTATCGTCCGCATCGAAAGCGACCAGCTCGATCATGCCGTGCACCATAGAGCCGTGCGCGCATCATTTCGAGACAGGATGGACCGAAGACGACGGATTGTCTTCGAAAGGCCCCGTTTCGCGAAGCGCACGCTGCAGCGTGATGTCGACGGCACCATCGAGGATGCGCATCGCACTTCGAAGTTCGCTCGGGCTGGCATGCAGGCGCGCCGCAAGAAAGCGCCGCGTGCCCGCTACCAGCGCCTCGCGCGCGCGGGCCAGCCTGCGCGCCGCCGTCACCCGGTGAATTCGGTAAATGGCGCCAATCTCGTCAATCGATAGGCCATCGATGTAGTGGTGCCGCAGCACGTTGCGCTCGGAGCTTTCCAGCGCGCGCATGGCGGCGGCGAAGGCCTGGGCAAACTCGGACGAAAAGCGCCGCCGCAAATGCGACAGCTCGGGATCTCCACTCGAGGCCGGGGTGAGCGCGAGCTGGTCTTCGTCCAATGCGACTTCGCGTTTGGTGGCGCGAATGGCACTTAAGATCTGCCGCGAAAGCGCGACGCGGAACCACCCGCGCAGACTTCCGCGCCCCGAATATTCGGCAATCCGCGGCGGCGCTCCGCCCTCCGACACGAAGAGCTTCGCGCCGAGCACTTGGCGGGTGTCGTCGCCCAACACGCGCGCACCCGGGAAGCGGGCCAAGGTGCCCTCGGCGACGTCGCGCATGGCGGCGTCGAAGACACCGATGGCGCCAGTACTTCCCGATGCGCACGCGCAGGCCAAATACAGATCCGCGCCATGAACGGCGGATAGCGCTTCTTCGAGCGAGCCACCATCGGGAAGCCGCGCGGCGACGTAGTGCGCGAACGCCTCCGGCTCCACGCGCACCGAGGGCCAGGCGGCCACGCCTGCCGCGAACATGCCGTCGAACTGGCGCTCGACGGCGTCCCACCCGCTCGTCGCGGTGAGACCGCGCGATTGCAAGCAGACGGCAAAAACACCCATTGGCCGCAGGATAGCACGACCCGTGAGCGCGGAGCGCTTCGTCGTCGTATGGCGATCGTCCCTTGTTTGGATATCCGGAAATCGCTTGTACCCGCCAGCGCGAAAGTGACCGTTCGCGCATTTCTCCGCCGCCACAGGTTGCGCGATGACGAAGGCGCTCACAGAAACGCCTCAGACCTGTGGCACATTTGTGGTGACGTGTCCGGGATGACGCGGCGCATTCGCGCGGTTTTTTTGTCCCCGCGCGACGGCGTCTTCGACGTGCATCGATGGCCTCCGTCTTGCTCACGCCAGGCGCGCGGGCGCGGTTC
NZ_CP089929.1_gap5	331905	334787	2882	CCAGCGCTTCCGCCACCGTGGCGAAGTCGCCCGTCAACACATGGGACACGGCCTTGCTCCGCAGGCGTGTCGACTCGCGCTCGGCGGGTGGAGCGAGCCGCCACTCCTGTTCGATCACGCTCTGGACGCTTTCCATCGTCCCGCCGCGACCGTAAATCGAGTCGACGAGGCTCGCGCCCCAGGACCGCGGTGGCAAAGACGTCGCCATGAGTTTGCGCGCCGTGCGCTCCGACTCCGCGCATTGCCCTTCCCGAAGATCGATTTGGATCATGTTGTCGAGGCAACCATCCGCGTCGGGCGAGCTCCGAAGGCATTCTTCCAACGAACCACGCGCGCTCTTCGCGTCCCCCAGGGATGCAAAGGCATTGCTCTCGTCGAACCACGCGATGCCCGCCTTGGGGTCCTCGCGCAATACGCCGTCGAGCACGGCGAGGGCATCACGCGCGTTTCCCGCCATGGTCTGAAGTGCTGCGAGGCTCGTCTGCACCGCCCAATCCGACGGAAATCGAGCCGCGACGGAGAGCATGCGCTCCGCGGTGGCGTTCACGTTCCAAGGAACCGTCCGCACATCGGTGAGCGCCTCCAGCAGGGCGCGGTCGCGCATTCCGAGCCCTTCGCGTTGGGCGAGGGCCGCACCCAGGTGCTCGCGCATCACGTCCTCTCCCTCGAACAAGAGGGCCGAGTACAAGTGGGCGGCCGCGGAGCCCCGGTCGAGCGCAATCACGCGGTCGAATTCCTCTTGGGCCGCTCGCACCGAACCGTCGTGCCAATTTTGTAGGCCTGCCCGCAGGTGAGCGATGGCGGGATCGATCGAGCCGCTCGCGGGATTCGCTTCACCTTTGGGCGGGGGCTCGCGTGTGGCAAACACGGTCGCCGTCGCCAGTCCTAGAACGACGCCACCGGCGAGGAGCCCTTTCCAGAGCGATATTTTCTCCCTCCTCGGACCCACCCGCGCCGGCGCACGCGTGGCCTCCGCATCCTCGTCACCGCCCGAAGCGAGCTCGCTCACCACGCGCTCGCGCACACGCTCGGCAAGGCCATCCACGGCCTCGCCCAGAGCGGGTGTGAACGCTTCGTGGAGCGCGTGGCGCATGTCCTCTGCCGTGGGCCATCGGTCCTTCGGCTCGAAGGCGAGCGCTTTGTCGACGAACTGCACGATCACGGGCGGCAGCGCCGGAGCAACCTCCGCCAGCGAGCGCGCATGCCCCATCATCGTCGCGGCAAGTTGTGCCGATGCGCCCCCTTCGTGCACGAATGTACCCGACAGCAGCGTGAACATCGTCGCACCGGTGGACCAGCAGTCGCTATGCGGACCCACGGCATGCCGATCGCCGCGTGCTTGCTCCGGCGGCATGAAGGCGGGAGTCCCCATCATACGGCCGGTCATCGTCGCACTGCCGTCGTCATCCACGCGTCGCGCCACGCCGAAATCGAGCACGCGCACCTCGCCGGCCCTCGTCACGAACAGGTTCTCCGGCTTGATGTCGCGGTGGATGACGCCGCGCGCATGGGCACTGGCGAGCACTGCGAGCACATCGGACATGAACACGGCGACCTCCGCCACCGGCAACGACTTGCCCGCGCGCTCCCATCGTTCGCGGAGGGTCTCTCCCTCGAGGAGCGGCATCACCAAAAAGGCTGCCCCGTTTTCGTCGACCCCGTGATCGAGCACGGGTACGGCTCCGGGATGATTCACCTGATTGGCCGCGTGAGCCTCCCGATCGAAGAGTTGCAAAATGTCGGGATCGTCGGCGAATCGCTCGAGCAAGAACTTGACGGCGACCCGATGCCCTCGGCGATCCGTCGCCGCGTAAACCGCCGCCATTCCACCGACCCGGAGCAGCCGATCCACGCGGTACTTGCCCCGAATGGTGGTCCCGATGCGCATCAGTGCGCGTTCCGAGGCGGAAAGGCGGGGGGCGGGGGACGGCATGTTCAACCGCGGAACGTGCACGTCTCGCGGATGGCCGACCGGAGCCACGTGTGGGCGGCATCCGTGTGTACGCGGGGGTGCCAGATCATCAAGTAGCGAAAGCCGGTGAGCTCCGGCGGAGGTTCCAGCACCTTGACGCGTGGATTGTGCGGTTCTCCGGCCATGAGGCGTTTGGGGACGGTCGCAATCAACTCCGTGCCCGGAATGCAGCGCATGGCCGCAACGAAGTAGGGAACTTCGATCACGCACGTGCGCTGGTAGCCCAAGGCCAAAAGGCGCTGCTCGGGAATCGTTTGGCGGCCGCCCAGAATGCCAATGCCGATGTGCAGGCCGTTCGCATACTGCTTGAGCGTGATGCGCTTCGTATGCGGACTGTCTTTGGAAACGATGCAGACGAATTCGTCGTCGTAGATCACCTCGCGGTGGAATCGCTCCGGTGCGTGGCCGTCGTCGGCGTTCAAGGCCAGGTCCAGCCGGCCGTGCTCCAGTTCTTCGAGCGAACCGTCGTGCCAGGCGAGAAACTGGAACGTGACCCGCTTGGACTTCGGCAACACCGTGCGGCACAGGGTGGGGGTGATCACCTGCGCGGCGTTGTCCGTGACGGCGATGCGGAATGTCGCGTTCTCCTCCGTCGGATCGAACTCCGCCCCGGCGAGCATGCGATCGAGTCGAGGGAGGATCGCCGAAAGCTCCGACAGCATCCGCTGCCCTTTGGGCGTGGGCTCGTAGCCGCTGGCCGTTCGGATCAACAGGTCGTCGCGGAACATGTCGCGCAGTCGTTGAAGGGAGCGGCTCACCGCCGGCTGGCTCAGCGCCAGGCGTGATGCCGAGCGCGAAACACTGCGCTCCTCGGCCAGAACCGCGAACACGACCAGTAGGTTGAGATCAGCCTGGCGGAGTTGCGTCAAACGCATAATCGATATTGCTACTATGCATTGGAAGAATGGGC
NZ_CP089929.1_gap6	356925	361866	4941	AGCCCTAGCCGGAACACTGTTCCGCGCCATGGAACGCCTGTTCTTTGCAGGTGCCGCCATGGGGAAACGACTCGAGAAAACCCTAGATTGTCCGCCGTTCTATCAGGACAAGCTCGTTTCCTCCGAAATCGTGGCCCTTCGTTCCGAGGTGGTTTCTCACGTGCGCCCGAGGGCCGGTTCCCTCCCGGCGACGGTGTCCCTTGCCTTGACCTTTCTAGGCGGGTCGCTCGGCGGTGTTGCTGGCGGAGGGGTGACGGCACTCGTCCTCACGATCGCGGCAGCACCCGCCCCGTCGTGGGTTCGAGCGATGGCCATGCTCGGCGCCGTCGGAAGCGCCGTCGTGCTCTTTCTCTGGTGCTTGCGATTCGTCGTTTCGGTCATCCATCACGCATCGCGATAATTGAATATCGCGAGGAAAGGACAATATGCATATCCAAGCGGAATCGGAATGGGACGATCCTGGGGTCGTCGCGGCCTGGCGCCGCTGGCGTTCGCGTTTTGCCGATCAGACGCGCGGCTTCACCGAGGCGCTTCTCCAGGCGGCGGGTGTCGTCCCGGGGATGCACGTTCTCGATCTGGCGAGTGGTGCAGGCGATCCTGCGCTGGCCTTGGCCAAGGCCGTCGGTCCTCGAGGCTGTGTCACGGCGACGGACATCTCCGACGCGATGCTCGCCATCGTCTCGGACGTCGCGCACCAGGAGAAGATCGACAACATCGGCTGCCGTCGGGCCGATGCCGCCGCCCTCACGTTCCCGGACGAGTCCTTCGACTTGGTGACCTGTCGCCTGGGGATCATGCACGTTCCCAACGTGACCGAAGCGCTGCGTGAATCCCGGCGCGTGCTTCGACCGGGTGCGCGCGCCGTGTTTCTCGTATGGGGAGGATCTCCCGCCGAGCAGGGAGCGTTTCTCCACCACCGCATCTTGGCCCGCCACGTCGAGATGCCGGTGCTCCTCCCCAATGCACCGGGGCCGCTGCGCTTTGCAGCGTACGGCTCCTTGTCCGCGGCACTTCGCGGGGCAGGCTTTCGTCAGGTCGAGGAAACGACCCATCGATGCGTCCTTTCCTGCGCGGGCCCGGCCTCGGAGCTATGGCAAAGCATTCGCGAAATGGCCGCGCCGCTTCGTCATCTCTTGGCGGGGGTCAGCCCGGATGTCCGCGAGCGCATCCACGAGGAGGTGGAAACCGCCCTTCAATCCTACAGCCATGGAGAGCGCATCGAGCTTCCCGCCACCGTGCACATCGCCACCGGCCTTCGCTAACCTCGCCGCGTGGCTCTCAGCGTATCCGCCAGCGAACCCCGCCCGCGGCGATGTCCTCGAGCTCCACGCCGCGCTCGGCCAGCCACCCGCGGATCGCATCGGCCTGCGCGAAGTCCCGCCGCTTGCGCGCGCCGAAGCGGTGCACGACGAGCGCCTCGATGGCCTCTGCGGGCGGCGTTTCGGGCGACGCTGGTAGGTGCGCTTCACCGATCGCCTCCTCGGCGCGGCGTGCCAGCTCGTCGCGCGCAAAGAGCCCCGAGCGCACGCGTCGATCGAGCACGGAGAAGATCGCGTCGGCCCGCTCGAGGAATCCCTGAACCGCGCGCGCGTCGCCCGGTGAGAGCTCGCGCTGGTTCGTCGCGGAGACCACCCCGAACACTTCGGCGAGGGCGCGCGCGGTGTTCAAGTTGTCATCCATGGCGGCATCGAACTCCGCGGTCCCTTCCGCCACCCGCGCGGCCACCGCATCGGACGCGGCGCCATCGCCGGCGATTTCTCTCGCACGGGCGTAGGACGACTGGATTCGCTCCACGGACGCGCGCGCCTGCACCAGCGCGTCGATCGTGAAGTTCATCTGCTGCCCAAACGCGATCGACGTGAGCGCGAAGCGCAGCACCGCCGGCGCGACGCGGCCTTCGGTAAAGCCCGCCGCCTCGAGGCGCGCGGCGAGGTCGTCGCGCTTCTGCGCGCGCGGGTTGAAGAGGTCGCGCACGGTGATGAAGGTTCCATCCCGCTTCGACATCTTCTTGCCGTTGACCAGCAGATGCCGGGCGTGCACCCAATAGCGGCAAAAGTTCTTCGGCGCAGCGTCGTCGGAGCGCGCCCCCCAGCTTTGCGCGATCTCGCACTCGTGGTGCGGAAACACGTTGTCCTCGCCACCGGTATGGACGTCGATGGCCGGGCCCAAGGTCGCGCGGGACATGGCCGAGCACTCGATGTGCCACCCAGGAAAGCCGCTCTTTACGCGCGGATCGATCCCGTTCGGCACGAGCCGCGCGAGCCGCTCGCGTTCGCCCGGCCGCCACCCCGCGCTCCCGTGTGGGTTCCACTGCATCAAGTGCTTCGGGTCCACCTTCCACAGCGCGAAGTCGTGCGGATCGCGTTTCTCCGAGCGTACCGCCACGCGCGCGCCCGCCTCGAGCTCGTCGAGTACTTTGCCCGAGAGGAGACCGTACTCCGGGAACGTCGCGACGGCGAAGTACACCTGCCCCTCGCGGTCGACGTAGGCATGCCCCCGCTCGATGAGGAGCTGGACCATCGCGAGCATCTCCGGCACGTACCCCGTCGCTCGCGGGTGCAACGCGTCGACCTCCGCCTCGCCGGGCGCGTAGTTGCGGAGCCCCATCGCCCGAGCGTCTTCGGCGAACATGCGCTCGAAGTGGGCGGCGACCTCGAAGGGATCGGACCCCAGCTCCCGTGCAGCCTTGGCGAGCTTGTCTTCCCCCGTCGCGTCGGCGAGGTGGTCCTCCGTCATGTGCCCCACGTCGGTGATGTTCATCACGTGGCGCACGGTGAAGCCGCGGAGCTCCAAGGTCCGTCGCAGGACGTCTGCGAGGAGAAAGGAGCGGAAGTTCCCGATATGCGCGCAGGAGTAGACGGTCGGCCCGCAGCTATAGAGCGTGACGAGCTTCTCCTTCGGGTCCAGGGGGACGAATGTTTCCAGCTCTTTGGTGTACGTATTCCTCAGTCTCATGATTCGTGGGCGCGAAGGCTTTCGAAAGTGGCGGGCGGAAGCGGCGACCACGGTTTGCCCATCTCGAGTATTTCGCCGGAAATGGGATCCATCCGAAGGTTGGCCTCGGCCGGGTAATAGCGATTGTGAAGTTCGATGAGCTCATTCAATTGAACGAGCTGCCGATCGAGTCGGATGCGCAATGTTTCGGGGCGTTTGGCCAAGCCGCGGTCGAGCAGGACGAGGCCGCGTGCGATGGACTCCTCCAGATCTTCGATATGCCGCTTTCGGCGCATGAACGCTGGCGGACCGGCGACCACCGCCCGAACCCGCTCCTCGACCGACAGCGTGAAATTTCGCGGCGCCGCGGCAGTGTGGCGTGGGGAACCCGTGGACATGGCTTGGAGCGTAGCGCGTTCCCCATGGAAGTGCCCCCGCGCGCTGGACGTTTTCGCGGAGGCATGATGCATCGAGGGCTGCCATGATCGTACGAAACGCCTGCGTCGTTTTCCTTGCCTTGACCGCTTGCAGTTCGAGTCCCACCCAACCCGAGAGAGCTCCTGTTTCCCCCGCGGTCGAACCGGCGTCCGTCGCGGTCCAAGCGCCCGCGGCGCCCGCTTCTTCTGCGCCTCCTACTCCTTCGGCTCTTCCTGCAACGCCACCGCCCCTGACGTCGGTCGCGGCCTGGACGGAGCCTGCCGCGATTGAGGCACTTGCTGCAGATTGCGCCGTGGCCGCGCCTCCGACCGAAAGCGATTTCGAGGCGCATCCGCTGGCGTGCTCGCTGCCTTGGGAACAATCGTGTGTCTGGAATCCGTGCTTTACCAAGCAAATGGCCTGCAATTCGGACTGCAGCAAGACGTGCGGTTCGTGCGAGGGCACCTGCGCAAACACGTGTTCCTCGTGCAAGTCGTCGTGTGCGGCCGGTGCGGCGGGCGACGCGTGCCGGCGTGCGTGTGCATCCACGACGGGCAGCTGCCGGCAAGCGTGCCTCGCGCGCAGGGACAAATGCGCGACGGCGGAGTGCATCGGGGCCGCCGAGGTGTGCGAGAAGGACGAGAAGGTGAAATGGAAGAAGAATGGCTGCTGGGGGATTTGCCCGAAGCTCCAGGCCTGTTGGGCACCATGTTTCGACGAGAGCAAGCCTCACACCGCAAAAGAGTCGAAAGCGTGCGCTGACGCTTGCAATCGGCGCTTTCCCAAGTGCGATACCGTGTATTGCTCGAACTCGTTCACGGGGCCCGGGGAGTAACGTGCGCCGCCGGCTCGTTCTGACCTCGCTCGTCGCGTGCTCATTGCTCGGTGCCGCCGGCCAAAAGCCACTTCCCGCTGGCATGGTGCGCGCGCCCAGCGGCGCCTTTGCCATCGATGCGACGTTGGTGACACGCGCTGCGTTCGCGCAGTTCGTCGCCGCCACGGGCTACGTCACCACGGCGGAGCGTCTCGGCTTCGGCATGGGTGCACGCGAAGGCATGGACGACTGGGAATGGGAGCGCATGCCGCGTGCCTCCTGGCGCAAACCTTTTCGCGAGGGCACACCCGAGACGGAAGGCTTTCTCGCCGACGACGCGCCCGTGACTTTGGTGAGCTGGCACGACGCCGCCGCGTTCTGTGCGCACCACGGCAAACGTCTCCCCACGGAGGCCGAATGGGAACATGCGATGCGTGCCGGCTCACCCGGCACGCGTTTCCCCTGGGGCAACGCGCCCGAGCGCGATGGAAAGCTGGGGCTCAATTTCTGGCAGGGTTCATCGCACGCGCACAACACGCGCGCCGACGGCTTTCTCTACGTCTCACCTGTCCGCGCCTTCCCGCCCAATGCGTGGGGCATCTACGATCCCGTGGGCAACGTCTGGCAATGGACCGCGGATTGGTTCACGCCCGGCCATACCCGCGTCCTGCGCGGTGGGTCGTGGTGGTGCGGCGCCTGCACCTGCGAAGGCTATGGCCTCGTCTTCCGCGGAAAAGCGCGTCCCGATGCCGCATACAACAACAATGGCTTTCGCT
NZ_CP089929.1_gap7	369110	371181	2071	CAGCCTCTCCAAGCCCGACGTTCTTTTTCTATGCTGCGATCGCGGTACCAGTTATCTGGACACCGTTTACAACGACGAGTGGTGCGCCCGTTTGGCGAATTCCCTCACATCGTAGGAGGCAGAGCAAGCCGTGAATTTCGACTTCAAAGTCATCAGCGGTGCCGTCGCACACGAGATCATCCACTCCAATTACGAGACGTGTCAAAGCATCATCGCCGAGGCGTATCGCCAATACGCGGCTGGAAAAGCATCGGCTCCGACATGCCATTTTCTCCGGTTTCCCGATCGACCGAACGCACGCATCATCCCATTGCCTGCGCGCATCGACATGGCAGGCCATCGCATCAGCGGCATCAAATGGATCGCGAGCTTCCCCGACAACGTTGCAAAAGGAATTCCTCGTGCGTCCGCCGTCCTCATCTTGAACGACGAGGAGACGGGCTATCCCCTGGCCTGCGTGGAGGCTTCGCTCATCTCCGCCGCCCGCACCGCCGCTTCGGCAACCCTGGGCGCGCACCATCTGGCGGGCGGCAAACGTCGGGCCAAGGCCTTGGGCATCGTCGGCAATGGCATCATTGCGAAATATATTTATCAATTCTTGATCGGGACCGGTTGGGAGATCGATGAAGTCCGGCTTTTCGACAAGAACCCCGCGGAGCCGGCGCGGTTTCATCAGAGTGTCGTCCAGGACCGTCGCCATCGGGCGGTCATCCACACCGGTGACTTGGAATCACTCCTGATGGCCAGCGATCTCATCGTGTTTGCGACGTCGGCCGGTGCGCCCCACGTGACGGACAAGGCGCTCTTCGCGCACAATCCGATCGTCCTTCATATCTCGCTTCGAGATCTCGGTGCGGACATCATCGCCGGTGCGCAGAATTTCGTCGACAGTGCCGAGCATGCGCTGTCGAACAACACGTCGCTGCACCTTGCGCAGATGGAGATGGGGCACGCGGACTTTATGACCGGCACCATTTCCGATTTGATCGAGGGTAGGCGGGTGGTCGACCCGGAGAAGCCGCGGATCTTCGCCCCGTTCGGGCTCGGCGTGCTCGATCTTGCCCTGGGCAACCTGGTTTACCGTCGCGCCGTCGAGACGCGCCGGTTCGTCTTGGTGGACGACTTCTTCTACGAGAAAGAGCGGTGAGCACCATGCTCCCCCATGCCATTGCACCGTATCTCCAAGAGTACCGCGGCGTTTTGCACGTGGCGGATCATTCGGTGATGGATCTGCGCGAGCGCTTTGGGTCCAACGTGTTCGTGTTCTCCGAGTCGCAGATCACCGACAACGTGCGATCCCTCCAGCGCGCTTACCAGCGACACTATCCGCGATTTCGCATCATGTACGCGAGCAAGGCGTGCTCGAACCTCGAGGTTCTGCGCCACATCGTGTCCCTCGAGTGCGGCCTCGACGCCAACAGCGGCGGCGAGCTTTTCAAGGCTCGGCTCATCGGCGCGTCCCCGGAGCGCATCGTCTACAATGGGACCTCCAAGTCCGTCGACGAAGTGACCCAGGGCGTGATCGCGGGCATTCGCGCGTTCAACGTCGATTCCATTTCGGAATTGAAGCGCATCGGGGACATCGCCCATCGACTCGGCCTCACCGCCAACGTCATGCCGCGGGTGATCCCCGGCGTGCTCGGTGGCACGGTGGCAGGCTTCGAGACGGGGCATGTGGGCTCGAAGTTCGGAATGCCCTTCGAGGACCTTCCCGAGGTGGTCCGTGTTCTGCGCGACTACCCATGTTTGAAATTTCGAGGCTTCCATTGCCATGTCGGCTCGCAGGTCGTGCGCGCGGAGGCCTTCGCGTCGGCCATGCGCACGGTGGTGGCCGAGATGGTGCGGTTCGGTCGAGAGACCGGATTCATGGCCGATACGATGAACATGGGCGGAGGCTTTCCCATTCCGCTCGTCCCCGAGGGGACCATGCCCGTGCACCGCGATGGCAGCCCGCTGCCCGAGGACGTGCAGGCGCTGATGCGCGGCACCCTTTCGATTCCCGACGTGGCGGCGGAGACCGCGGCCGCCTGGAATGCCGCAGGGGCGGATCCGGCGGACTTCGATGTCTTCA
NZ_CP089929.1_gap8	374012	376677	2665	AACCCGACCCTAGATAGGAGAGAGCGCGATGCCCCGAGCCCATATGGCATTGTCCGCATTGGCGGCGATCATCCCGTTGTTCGGTTCCTCGTGTTGCTCGCCCGGTGCGCGTGAAAAACCAGGTGCGGGCAAGGCGTCTCTCGTACGGACGAGCCAGGGGCAGGGGCTGGGGGACGTGATCGACGTGAAGCGCCATGGCGATGAGCTCGACCTCACGCTGGCCTCCGCGGAGGCGACGGATCATCTCCATGTGGTCCTCCTCGCGTCCGACGTGGTCAACGTCGAATACCGGCCGCACGGTCAAGCCGAGGCGCCCAGCTTCATCGTCGATCCCGACGCACATTGGCCCGCGGGGCCGCACGCCGTCGAGGTCCAAACCGAGTCGGACCCCATCGTGCTGCGCACGGAACGACTTCGCGTGGAGATCGCGGCCCATCCCGCGCGTGTCGCCGTCTTTGATTCCGAGGGGCAGTTGCTTTTGCGGGAGCGAGCCGCCGAGGGCATCCATCCGCGCGGCGTGCGCTTCGATCGGGCGGCCGGGGAACCGCTGTACGGGATGGCGGGCATCGCCCTTCCGGCGGACGAAGGCCGCCAGGATCCCAAGGTGAGCATGACGGACAACCTGCTCCGCAACCGTGGTGCGCGCGTGCAAGCTGGGGCGCAGGGCAATGGCGGTGCGCCCCTGGCATTCACGGCGCGCTACGGGGTGGTGGTCGACTCGGTGGATGGTGAGTTCGATGCCACGGAGAGCGAATTGTCCTTTTCCGGAGCATCTCGGGAGGCCACCTCCTTTTATGTGGTGGCGGGCGGTCCCAAGGACACCTTGGGTGCCACCGCGACCCTGAGCGGCCACGCACCCATGCTTCCGAAGTGGGCACTCGGTTTTGCCAACAGCGAGTGGGGCACGGATCAGAACGAGGTGACACGCATCGTCGACGACTACCGCGCCAGAGGCATCGGGCTCGACGCGTTCATTCTCGATTTCGACTTCAAAGCATGGGGCGAGGACAATTTCGGCGAATTCCGTTGGAACTCGACCAGCAACCCCGGCAACGTCCACCCGAACAAATTCCCCGACGGGGCTTCCGGCCAATTTGCGCGTGCGCTCGCCGCCAAAGGGGTTGCGCTGGTCGGCATCATGAAGCCGCGCATCATCGTCGAGACCGTGGATCACGAGCCCTCGCAGCAGGCCATGGAAGCAGGGAATCTCGACTGCTTTTACCCGGGCCAGGAGCCATACCCCGAGTACTTTTCGGGGCGGCTCGCGCGCGATATCGACTTTGCGGAAGGGCGCTGTCGAAGCTTCTACTGGACGCATGCCAAGCCGCTCTTCGATACCGGCATCGTCGCCTGGTGGAACGACGAGGCCGACGCCACTGGCGATTTCATGTTCCATTCTCTTCAACACGCGAACATGCAGCGCGCTCTTTACGAGGGTCAGCGCTCCGCATCCGACGCCCGCGTCTATTCGTTGAATCGGAATTTCTATCTCGGCGCCCAACGGTATGCGTATGCCACGTGGACTGGGGATATCGTCGTTGGCGACAAGGACGGTCCCCATGCCTTCGCGACCATGCGCGAGCAGCGCCAGCGCATGCTGACATTGGTGAACATCGGCCAAGCGCGCCCCACGATGGACACCGGCGGCTTCTGGGGAACCCCCACGCCGCAGGCCTACGCCCGTTGGATGCAATTCGCTGCCCTGACGCCGATCATGCGTGTCCACGGGGCCTTGAACGAGCAGCGCCAACCCTGGGTTTACGGCCCCATCGCCGAGCGAGCGGCCGCCGACGCCATCGCACTGCGGCACCGGCTCGTGCCGTATCTCTATGCCTGCGAGCGCACCCTCTACGAAACGGGCATCGGCATGATGCGTCCTTTGGTCTACGACTACCCGACGGATCCGAAGGCGATCAACGACGTTGCGGAATGGATGCTCGGTGATTCCCTCCTTGCGCGCCCCGTGCTCGAGGAGGACGCCACCTCCGTCGATGTCTACTTGCCGGCGGGCTCACGCTGGGTCGACTATTTCCGCGGGACCGTTCACCAAGGCGGGCAAACCCTGCGCTACGAAGTGAACGCGCACAATTGGCGCGATATCCCGCTCTTCATCAAAGAGGGCGCCATCCTCCCGAGCACGCCGGGGGTGCTCGACGTCTATCCATCGAGCCACGAAACGTCGTTCACCGTCTACGAGGACGACGGCGCCACCTACGCCTATGAGGGCGATGCTTTTTTCCGGCAGACACTTTCCGTCCACGCCGACGGCCGCAAGGTCACGGTCGAAGGCAAACCCGCCACGGGCTCCAAGGCACCGGGTTTCACCTCGTACTTGCTCCGCGTCCACGACCCGCTCGACCTGCACACGGTGCGCGAGGTTCGCATGGCCGCCGCCACACCCGCCTCCGTGCACGTGGACTTCACGAAACGCCGGTGAGGCGTGAGCACGATTCCCGGATAGGAAGAAGGAAACCGCCAGGACGCCAGGGGCGCCAGGAGGGAAACGGCAATAAATCAAAATGAGGGTTTATTGTGGGTTCACCTGGCGATCCCGTTCGTTACAACCCGAAGAGCAGCATCAGCAGTTCGTCGATGTTCTCCATTTGACGGGGGGCGCGAAGGATGACCAAAGGCGACGACAGGACGTCTCCTTTCGTGGCTCTCA
NZ_CP089929.1_gap9	380110	383092	2982	CCGCCATCGAGCGGGCGCTCGCTCCGCTCTTTGGACAACATGGCCGCGACCAGATCGTCGAGCTCCTCGGGCACGTCGGGAAGGCGATCGCGCAGGCGCGGTGGCTCCTCGAGCACGATCTTCAGCAGCACGGCCAGCGCATGGTTCGCCACGAACGCGGGCCTGCCCGTGATGCACTCGAACATGAGGCATCCCAGGGAAAACACGTCCGCGCGCGCATCGACTTTTTCGCCGCGGATTTGCTCGGGGGCCATGTACCCGGGCGTGCCGATGACCCGGCCCGTGGCCGTCATGGTGGTGCGCGTGTTGGTCTCCAACCGCGCGATGCCGAAATCGAGAAGGCGCAGCCCGCTGTCGCCCTCGGCCAGCTCGGTGCCGCGCAGCAGGAAGACGTTGCTCGGCTTGATGTCGCGATGAATGACACCGTGTGCGTGGGCGTGAGCGAGGGCCTCGGCCAGGTGCCGGAAGATGCGGAGCGCTTCGTCAAGTTCGAGCCCCGTGTCCTCGTCGCGGTGCCATTGCAGCCGCGAGCCGAGATCTTCCCCGTCGAGCCACTCCATGGCGAGGTAGGGCTGGCCATCGGTGGTCATCCCGTGCGCGATGTACGAGACGATGCTCGGGTGGCCAAGCTCGGAAAGAAGCGTGGCCTCCAGCATGAAGCGGCCTTCGCTATCCTCGCTTCGCCCTAGCACCTTCAGGGCCACCGGCGCGTTCGCTTGAAGATCGTGTGCAGAATACACGATTCCCATGCCACCCTTGCCGATCTCCCGATCGATGCGAAATCTCTCCGCGACGATGTCGCCTTGCTGCACGGCCGCCGAGTATAGACGTAGGATAGCCTGGTGACCACGACGACACTGACGTCGACGGACGACTCCGAACTGACGGGAAACGACGGCGCCCGCGAGCGCAAAGACGTTGGGTTCATCGTCGTGTGGTCGTCGTCCGAGCCGCATCGCGTGGGCGAGATTGCGCTGCTCACGGCCGAGAAAGACGTCTACGTGCTCGGGCGCAGCCACGAGCCCGGCCCTGGGGACGTGCGCCCGAGGGTCACGTTTTTCCGGCAGCGCCCGGGCGAGGTCACCAAGGCCGGGCCGCTCGAGTCCCAGCGGATTTCACGGGAGCAGCTCGAGGTGCGGCGCGAGCCGGGCGAAGCCGTGCTCAACGTGAAAAACGTGGGCCGTTGCCGTCTCTTCGGCGAAAACAGCGAGCACGAGGTGGCCGAGCTGCGCGTGCGGCCGGGCGATCTGATCGAGCTGCGCGGGCAGGTGCTGCTCATGTGCGTGGAGCGCCTCGCCTGGGTGGGGCACTCGAGCGCGTTGCGGGCGTACCCGCCGTTCGAATTCGGCATGGCCGACGCGCATGGCATCGTGGGCGAGTCGCCCGAGGCCTGGCGCATGCGCGAAATCGTGGCCTTCGTGGCCAAGCGCGCGGGCCACGTGCTGGTGCGCGGCGAAAGCGGCACCGGCAAAGAGCTGGTTGCGCGGGCGCTGCATGCGCTCTCGGATCGGCAGACCCGGGCCATGGTCTCGCGCAACGCGGCGACGTTGCCCGAGGGGCTCATCGATGCAGAACTTTTCGGCAACGCGCGCAACTACCCCAACGCGGGCATGGAGGCGCGTGCGGGCCTCGTCGGCGAGGCCCACGAGTCGACGCTGTTTCTCGACGAGTTCGCGGAGCTGCCCGCGGGGCTGCAAGCGCACCTGCTTCGCGTGCTCGATGCGGGCGAGTACACGCGGCTGGGCGAGCCGCGCCCCCGCCGCGCGGACTTCCGCCTGATCGCGGCCACGAACCGCGCGCTCACGGCCCTGAAACAAGACGTGCTCGCGCGTCTGCCTTTCCGCATCGAGCTCGCGGGCCTCGGCCAACGCCGCGAGGACATTCCGCTGCTTCTCGCCCACGTGCTGCGGGGCATCCGCGCGAGCGATCCCGAAGCCGTCGCCCGCTTCATGGATGGCACGACCCCGCGCGTCTCGGCCGATTTCGTGAAGGCGCTGCTGCGCCACCCGTACACGACGCACGCGCGCGAGCTTTCCACCTTGGTGTGGCAGTCCGTGATGTCGAGCCTCGGCGACCGCCTGGACGTACCCGCCGGCGCCGGCCGCAGGGAGATGGACACCAGCCCGGACATCAGCGCCAACACGAGCACCGGCGAGCTGCCCGTCGCGACCGAGGACGAAGATTCCCTGAGCCCGACGCGGATCCAAGCTTGCCTCGACGCCCACAACGGGGTCATCGAACATGCGTGGCGCGCCCTCGGCCTATCCAGCCGCCATGCTTTGGCGCGCCTCATACGAAAACACCGGCTCGAACTACGCCGCTCTCCCAAGTAAGGACGAGGTTTCGGGCACACCCGAACCCGGGGCTTACAGCCAAATGGCCAAAAGTCCATTGTGCCAATATCGACGGCATTGCTGAGTTGTTGTAAACAGGCGCACGATGCATATGCCGCGCCCTCTGCTACCTCTGTTCGCTTGCGCGCTCGCTGCCTGCGCCAGCACGACCCCCACGGCCCCGCAGGCCCCTTCCGTCGAAGTCGCCAGTCCGATTTTACCGGAAGTGCGCGCGGCCGCCGCTGGACCGCACCACGCGTTCAACGTCGATGACATGCTCGCGATGGAGCGTCTCGAGCAGTTGGACGTGTCGCCCGACGGAAAGCTCGTCGTCTTCACGGTCTCCACCGCCGATGTCGCGGCCAACCGCCGCCGCACGGATCTCTGGCTGGCCACCGTCGACGGTGCCTCGGTGCGCCGCCTCACCACGCACCCCGAGGGCGACTTCGGCGCGCGCTTCGCACCCGATGGAAAGAGCATCTACTTCATCTCACGGCGAAGTGGATCCATGCAGGTGCATCGCCTTCCGCTCGAGGGCGGTGAACCCAGCCAGGTGACGTCGCTGCCGGTGGACATCGATTTTGCCATTCCGTTCCCGGATGGCAAACGCCTCCTCGTGGCCATGGAGGTCTACCCCGACGCGGCGACG
NZ_CP089929.1_gap10	433761	437473	3712	CGTATTGGCCAGTGCCACGAGGGTGCCTTTGGCGTTCATGTCCACGGCATCCATCCCGTCGAAGGCATCGACCAAGGAGCCGGAGCGATCCTCGATGGTGCCGTCGGCTTTGACCTGGGCCGAGAAGAGGTGGGTCGACGTCGTCGGCGTGCTCGTATGGTAGATGATGAACAGATCGCTGTAAGGTGCACGGAACGAGACCGCGCCCTGAAAGCCGCTTTGGGCTTCTTTGACGTCTCGCACCGCGAGGCCCTTCGTGTCGATGCGAAAGAGCATCCCGGTGTCTTGCGGGCGCACGCCAATGGCGGTGACCAAGAGCAGATTGCGCTTCGTGTCGAGCACCATGGGCAGATCGGGCTCGAGGCCAGAATGTTTGCCGGCGCCATCGGCCTTGGGAAACTCCAGCTCGATCTTTTTCGTCACGGCATTGGAGCGCGTGTCCACCACGGCCACGGCCCCCTGGTCGGCGCGCTGATTGGCCTTGGTGCGTGCCACCTGGGCGAAGAGCACGTTGCCCGTGCGGTAAAGGCGGCGCGGCTCCACCGAGCCGCCGGCGTTCTTGAACGAGCCAAGGTCGATGGTGGCCTTTACCTTGCGCGTGGGAAGATCGATTCGAACGACCTTCGCCTGCTGCTTCTCGGAAACGTAGACCGCCGTATCGCTGGCAAACTCGAAATCCGCCGGATCGGTGACCGGCAAGGAGATCGTCTCATCGAGTGCTGCCGTGCTGGCATTCACCACGAGGAGCCGGCCCCCTGAATAGAGGAGATAGAACTTCGACCCGCGCGTGCGCATGGCCAAGGGCATTTCCTCGGCCGGCGTGGCAATCTCCTTTTTGGAGAACGTGCTGCCGACGTGGAAGACGGCGAGCTTTCCGAGATCGTCGCCCGCGATGAAGGTCTCGTCGAAGCCTTCGAGCCGGAACTCCCCGGCGAGTGCATCTTCCGTCGAAACATCATTGGCGTCTTCGGACGCAGATCCGCAAGCGGCTGCCGCGAGCGCGAACGCCGCTACCCATGCATGGTAAATCGATTTCACGTTCTTCCTTCGACGCCGCTCCATGGGGCGTCCGGTTGCGGCGAACTATGCGACTCAGCGCATCACGTGCAACGTGAAACTTTGGTTCTCACCCGCATGGCGCGAGGCAGGCTGAGGAGCCCGCGCTACTGCAACAAGGCGAGATCGACGGCGTCGGCCATGGCCTGCATACCGGTCGCATTCGGGTGCAAATGATCCCCCGAATCGAAGCGCGATTGCATGACCGCGGGATCTTGCGGATCCCGAATGGCTGCATCGAAATCGATGATGCCGTCGAACGCGCCACTGGTGCGGATCCAGGCATTCGCCTCTTGCCGGACGAGTTCCCCCGTGTCGCTGTAATAGCGCGCGCCTTTGTAGGGCAGCATCGTGCCGCCGAGGATGCGGACGCCCGCGGCGTGGGCCTTGGCAATCAAGGTGAGGTATCCGTCAATCAAGGCGGGCGCCGTGATGGGAGAGCCATTGGGGCCGGCGTTGTTGCCAATGTCGTTGATGCCCTCCATGAGAATGATGTCGCGCACGCCGGGAACGGCCAGGGCATCGTGGTCGAACCGAGCGAGGGCGCGGATCCCTTGCCGGAGGTTGGGCGAATCCGTGAGGACGCGGTTGCCGCCAATTCCGGAGTTCACCACGGCCATCGGATGGTCCCCGGCGAGCCGGCGTGCGAGATCGTCCGGCCAGCGGCGGTTGGCGCCGGTGGGGGTGCTGGAGCCGTCGGTGATCGAGTCGCCAAAAGCTACGACCGTGCCGCGAGCCTGGAACGGAAGGACGTCCAGCCCCGAGAGGAAATACCAAGACGTGCGCGTGGTGCCATAGCTCGACGCGCCCTCTTCGGTGCTGTGATCGCCATCGCCGGACAGGTACGTGGTCTCGAAGGCGGAGGAGTGAAGCGTTGCCGAGCCCGTGGGATCCGGGAGGTACACGCTCACGAGCACATTCTGCTCGGTGTCGACCGCCATGGGGATGGGATCGCTGATCACTTCGGTGCCGGCGGCGAGGGTGACGCTTTCCCGTGCGCGAAATCGCACCGTGCGAAGGGAGCCCGCCACCGCCGTGGCGCCCTGCTCCTGCAAACCGATGCTCACCGCGCCCACGGATAGCGGAATGGTGCCGCGCAAATTCGAAAGATGGATGCGCAGTCCCGCACCCCCGGTGCTGGTGTGGGCGACCATGCGGATCGTCTGATGGTTGAACGCCGGGCCGCCGGTGGTCATGCTCGGTGCCCACACGGCCACGCGATGGCCGGCAGCCGGCTCGGCGGATGCCGAAACGACACCGGTATCCAGCGTGCAGACAATGGCCAATAGTGCAAGGAGCGACGTTCGTTTCATCGAGATCGTCTTACTCGCCTTTCGCCCCGCGTTCGAGCCAAAACGTTACGCGGATATCCCGTAGCGCCTACCGTGCCTTCGCCCGGCGACCTCGAGAATCCGCGCGAGGTGCGGCCGCGCACTCTTGGTTTGGTCCTCGCGAATCCAGAGTGGCAGCAATTGATGAATCACGAAGTTCTCGGTCGCCAAGAGGCCGAGAAGCGGCCGCCCCATCTCGTCGTCGTAGGTCGGCGTCCCGATGCTGTCGAGCAACCGGCGCAACGCGGTGTCGGAGAGCGACAGCGTCGAGACGTCGGCCATGCGCGGGACGATGTGTTTGCCAATCATGCGAAACGTGGATTCGGAAATGTCGGCCCGATTGAATTGCTGCAAAATGATGCGATTCATCGTCCAATCGGACTTGGCGAGGAAGGCCCCGATGCGGTGTGCGCACGTGCGGTGCAGTTCGTCGTTGGCGTTCTCGCAGCGCTCCATCCACTCGAGCCACCAAGGGAACGGGCGATGCGAAAACGGCCGCACCGACGTGCGGTCGATCCCGCCGCCCAATGCGGAGAGCACGCCCTCGGACATGCGGCAATTTTCGGTGAGGAGGATGGCGAAGCCCGCCTCGGGCGGGCGAGAGCGCCACGGCTGGCTTCTTCCGAGGGCAAGGCGTTGGCTGTCGGTCAATCGATGCGACGAGGCCACGAGCTCCGTGAGGGTGCGTTTGACGCGTTCCTCGTCGTCGTCGATGTAGACTTCGAGAAGCATCCGCCCGAAAGATGTCGTCCGCGCTTCGGCACTTTGCCGGAGCGCATCACGCCACTGCGGATTCTTGCTCGTGAGCGACTTGCACACGTGCAATGCCCAATGCCCTGCGCTCTCGTCCGCCGTCCCCGAGACGATGGCATCCGCGAATGTCGTATCGACCTCGAATTCCGCGGGCAAGGCCTGATAGGCGTAATAGGTCAGGTTCGTGTGCAACGCCCATGCGGCATCGTACGATCCGCGCTTGATGAGCTGCATGAGGTGCTTGCGTGCAAACGCGCCGTCCCACGCTTTCAATCCTTCGTAGAGCGCTTCGCGCACGTACCCTTCGGCGTCGATGAATTCGAGGACGAGCTTTTCGGCTTCGCGCGAAGGAAGAACCTGAATGAGCTCCCCGACGCGCGAAATGCCATCGAGCCGGCGCCGGCCCCGGCTGGCATTGGGGAGGTAATTTTCGCGAACCCAATAGATGAGCGCATGCACGAAGGGGTAATTGGCATGATCGCGAACGGTGCCGACCAACGAGGTGATGAATCCATAATCGTCGTCGAATCCATTCAGCAAGCCGACGATGGCACTCTCGTCGGAGGTCATTT
NZ_CP089929.1_gap11	497677	502435	4758	CGCCCAGTACCGTTCCACACGCGGATCGGAATGGAAGCGATCGTACACATCGTGCCGCAACGCATCGTCGAGGGGAACGCCGCGCGCTTCGGCCAGGGTGGCCGCATACCTCTCCACCACGGCTCGGGCATCGGCCGAATCGGGCGCGATGCCGCGCACCACGGCGTCGCGCACACCGTCTGCGATGGCTTCGCATGCGCGTTGCATGGCCGCCATTTCGGACTTGTTCAATGCATTCTTGGCTTGTTTTTGCAGATTCGCCACGAACGTTGGCTCGGCGAGCAACTCGGAAAGCTCGATCCACGCGTCGTGCTGCTCGGGTGTCGGGTCTTCGGGCAGATCGGGCACGGTGCTTTCGAGCACCTGGCGCTTGAAGGCCTCGTCCACATCCGCACCCTGGAATGCGGTTTCGAAGAATCCTTCAATGACGGCTTTTCGTTGTTCGGTAGACAGTCGGGTCACGGCGCATATCCTCCTTACGTCGTCGGCGGTGGGCTCGGAGCGGAGGGCCGCACGCAACGCGGACCCGATGCGCTGCAGGGAAGCGATGTGCGCTTCCACGGCGGCGAGCCGGAGCCGGAGTGCATCCGCGAGCGACGCCTCGCGTTGCAGCACTTTCTTGATGGAATCGAGACCGAGGCCCGCGTCGCGCAACGTTCGCACGAGGTCGAGGCGCACGAGTGCCTCTTCGCCGTACAAGCGATAGCCGCTTCGCGATCGCTCCGCCGGGGGAAGAAGTCCCTCGTCGGAGTAGAACCGCAGCGTCTTCACCGGCATGCCGGTGCGACGTCCGAGTTCGCCGATGGTCAACCGCTCTTTTGCCATGCCGTGAGTCTGGAGTCTCCAGTTGCTGGAGGGTCAATGCCCGTCGTTCAAAAAGATTCGCCGACGTTGATGTAAAAGCGCAATTCGTCGCCGTAGGCAATGTCGAGCCGCAAGTTGACGGGGACATCGGCGAGCGGGGCGAAGCGGAGTCCACCGCCGCCGGCGAACCTCACCGGGGAATCGCCCGCGTCGCTCAGGGTATTCGTCACCTGCCCCAGCGAAGCGAAGCCCACGGCGCCAAAGCGCCAAAACAGCGGCAAGCGGTATTCGATCTGCGCGGCGAGGTAATTTCGCTCCCGATAGCGCCCTCGAAAATATCCGCGCATGATCGAATCTCCGCCCATGAGCCCCAGATCGTAGAACGGTGGCGCACCATCGCGGATCTCTGCGAGGACTTGCAGGGCGAGCACGTGGCGATCCGCCCAGGGAAGCGAAATGTACTTTCGCGCATCGATGCTGAGCACGTTGTATTCGAACTCCGAGCCCAACGACTCCAGGCCCATGCGCGCGAAGACGCGGACGATGTGCCCATCGAGCGGGTAAATGGTGCTGTCGCGTGTGTCGTAAAAGCCCGCGAGCCCGATCCTGAAGCTACGTCCGCCGGTAGAACCCGGGATGATGCCTCGTTCCAGCATGCCCCCGGCTTCGGTCTCGGTGATGTTGGTGTAGGAGAATCGAACATCGGGGCCGAGGTACATGCCTTTGAGAAGGCGCAGTTTGGGGCTGATGCCGAATTCGAAGGTCACCGGTGTGAAGTCTTCGTCGTCCGCCTCGTTCGTGCGGCTGCCCACGCCATAAAAGACGTTTGGAAAGCGCGAGGCTCCAAGCTGGGCCCCGAGCTGCACGCGGTCGTTCCAGAGGTACACGTCTGGAACGAGCTGCACGGCCACTTGCCCTTTTACGCTGACGGCGGCCGTGAGCATGATCTGCGATTCGCGCCGGCCCGCCTCGGGTGGGTAGCGATAAACGCCGACGGCGGCGCCGCCGAGGAGGACACTCGTCTCGGGCGTGTAGGCGGGCACCACGAACGGCACCACCGAGAGCTTGCCCTCCGGTGCCGGTGCGTCCTCGGCCCTTGCCGCCGAGGAGGCCAAAAAAACAGCGGCCATGCACCATCGTGTCGTCGCTCGCATGAAGTCCGGATCCCTATGTACCCGCAAGGCTCCGGTTCGTTCACCTGCTTCGACGGGTTACGCGGCCGAATCGTAGGGGCGCGTGTGCCGCGCTTCCCGCAGGGTGGTGCCCCACCATGTCAGACGATCGAGCAGCGTTTTTGCGGCGTCGCAGGCTCCCTCCGGGTTGCGGAGCTGACCGCCCTCGTCGAAATGTTCCCAATGCCGGTCGAAGCTGACGACGTCGCGCAGGCCGACGGCATGCATCTCGGCGAGCACGAGCCGCAGTTGTTCGACCGCGCGCAGCCCACCGCCCAAGCCGCCGTAGCATACGAAGGAAACCGGCTTGGCCTTCCATTGCGTGTAGTGCCAGTCGATGAGGTGCTTGAGGGACGCGGGAAAGCTGTGATTGTACTCGGGCGTCACCAGCACGAACGCGTCCGCCGCATCCAATCGCGCGGCGAGGGCGATCATGTCGGCCGGGCGCCCCTGGACGTTCTGCAGCTCCGTCGAACCGGGCGGCAGCGCCAAGGGCAATGGCGTTTCGGCCAAGTCGAGAAGGTCGATGTCGAAGCGGCCATGCTTGCGCACCTCGTCGAGAAACCACCGCGTGATGACCGGGCCGAAGCGGCCCTGCCGGACACTCCCTAGGACGACGACCAGCTTGAGGGGCGTTTCATCGTTTCGCAACGTATCGTTCATGCATCCGAAGATGGCGTCCAGGCCGGGGCGAGACAACGAATCGCCGGTGGACATACTGTCTACCTGGGTGAACAATCGAAGCGTGCAGCCGGATTTGAACCAGATGTCCATTTTCGCGGCCGTCGTCGAAGCGGGGACGTTCACCGCGGCGGCCAAAGCGCTGGGGATGCCCAAGTCGACGGTCTCCAAGCGCATCTCCGAGCTGGAAGATCGACTTGGATGCCGGTTGCTCCACCGCACCACGCGCCGGGTGAAGCTCACCGCGGTGGGCTGCTCGTACCATGCCGAGTGCCAGCGCATCGTTGCCGACGCACGCGCCGCGGATCGCACGGTGGCGGCGCGGGATGGATCGCTCCAAGGGATCGTGCGGGTCACCGCCCCTTGGTTGCTCGCCGAGATCGTCGCACCGGCGATGCATCGCTTCCTGCGTGAGAACGAGAACGTCTCGCTCGAGGTGTGGATCACGAACCGGGTCGTCGACCTGATCGAGGAGGGCGTGGACCTGGCCATTCGCCCGGGAAGCCTGACGGATAGCTCCCTGGTGGCCCGCCGCCTCGGCGAGGTCGAGCACTGCATCTGCGCATCGCCCGACTACCTGGAACGCCACCGCACAGTGACCAAGCCTTCGGATCTGCGCACCCATGCATGCATCGCGTTCGGCCGAATGGGAACGAAGCGCACCTGGTCCTTCGAACGCGACGGCAAGAAGACCCTCGTCGCGGTCAACGGTCGCTACGCCGTGACCTCCGGGGCATTGATGCATCGGGCCGCCCTCGCGGGGCTCGGCATCGCCAGCGTCCCCAAGTTCGTCGTGGAGGACGACCTCGCCTCGGGCCGTCTCGTGCGCCTCTTGGAAAACTGGACCACCGGCCGCGGTGCCGTGCACCTTGTCTACCCCAGCGGCCGCCACCTGAGCCCCGCCGTCCGCGGTCTACTGGACGTCCTCGTGTCCACCTTCGGAAACAATCCCCCGTGGTCCCCGAGAGAGAGGAACAGGAAGACGGGAAGACGGGAAGGGATTTGATTTTAGGGATCGGTGCTACCGAAAATCCCACAAAACCTTCCCGTCTTCCCGTCTTCCTGTGAATTCCTCAGGTCTTTTGCCAGACGCGGACGTAGTCGACGCGCATGTAGAGCGGGAAGTCGGCTTTGTTCGGTTCTGCGCCCGGGAATTGGCCGCCGAGGGCCAGATTCAGGATGATGAAGAACGGCTTGCGGAATTCTTCACGGTTGGCTGCAGAAACATTGATGACGTGAACGGGATTGGGATTCGTCTCCCGGTCCACGTACCAGCGAATCTCGTTCGCGTCCCACTCGATGCTGTAAAGGTGGAACTGGGCGACGTTGCCCGTGCCGTACGTGGTCGGCTGGTTGTTGTTCTGCCCATCCGCCCAGGGATACACGCCGACGCGGGAATCCCAGAAGAGGTTGTGAACGGTGCTGGCGTCGCTGTTTTTGTGCTCCATGATATCGATTTCGCCACAGCTCGACCAATTGCCTCCCATCCGGTCGTAATATCCGATGGGTGCTCCGTAATTGCTGGTGTACGTGGCGTCGTTCGAGGTGCCCATCATCCAGAATGCGGGCCAGCTACCCACGGCGTTGGGCATCTGGATGCGTGCCTCGATGCGTCCGTATTGCCAGGAGCGCTTGCCCTGCGTGGTGATGCGGGCGGAGCGCTGGTACCAATTGCGCCCGGCGATGTTCGTCGGCGTGTCGTTGTAGTCGGCGCGGATGACCAAGTTGCCACCCTGCAAATAAGCGTTTTCGGGACGGTACCACTCCCACTCGCCGTTACCCCACCCATCGAAGGCATTCGCGCCCGGATTGAGGCCGTTGCCCACGTGGTAGTTCCAGTTCGAGGCGTTGGGCTGCCCGCTTCCGTCGAATTGATCCTCCCAAACGACTTGCCAGTTGCCCGCCGGGGGCGGCGTCGTGGTCCCCATGGTGAATTGGGTCCACGCCGTGTCCGTGGCCCCGCCGCTGCCGTTTCCGATGGTGAAGAAGTACCGGACCGTCGCACCGGTTGGGACGTTATTGACCGTGTACGTGTTGTTGCCGCCGTTCACGGACATGCGGAAATTCTGCTGCCCGTCCGTGTTGATTTGATAATGTACGT
NZ_CP089929.1_gap12	508666	513039	4373	CCATGCGCAGGCCCCGGATACCACGTGGGGACAAACGTGGGCCAACGCTCCGTGCGCCTTCTGGCCCGCGCGCTCGGGTTATCCGGTGACCGTGAACGGGTCCTGGGGACAGACCGCACTTCTCATCGACGAGACGCTGGATGCGGCGACGCCTTTCGAAGGCAGCCTCGAGGTGCGTTCGCGCTTCCCGAGCGCCGCGTTGATCAGCGTGCCCGGTGGTACGAACCACGCCGGCACGCTAAGCGGCAATGGGTGCGTGGACTCGAAAATCGCCGACTACCTGACGACGGGCGCGTTGCCACGGCGCAAGCCCGGCCGGATGGCCGACGTCGAGTGCGCACCGCTTCCGCTGCCCACCCCGACGACCCCATGACTTCGGCGCACGCGGACGGGCCCAAACCCGTTACCATGCAAACATGGGACAGCGCTCCGCCATGAAATTCGACATTTCGGACTTGGGTGGGTCGAAATATCGCATCACGGTCCACGAGGGAAATTCGTCCTCCGAGCACGAGGTCACGGTCACCGAGGCCGACATCCAACGGTACGCTCCGGGGGCGACGCCGGAGCATCTGCTCGAAGCGTCGTTCGAGTTTTTGCTCGAGCGCGAGCCCAAGGAGTCCATTCTCTCGAGCTTCGCGTTGCCCGTCATCGAGCGGTACTTTCCCGAGTACCCTCGGCAGATCCGCACGTCGGTCCGCGCATCCTGAGTGGGCGCGTCACCACCAGGTGACGTGGTACACACAGTGGGGATCGCCGTATTTTCGGCACGGGCCGGAAGCATGGTCCACCAGCGAGTGCGGCTCGAACCGACGGGCGATCCCCAACAGGCATCCGCGTTGCCAATCGCAATGGAGGTCCATGTCGACCTCCAGGGCGATGAGGTTCTCCCCGGGCTCACCGCGGTAGCGAATGTGGCCGATGCCATCGGCCACGTGCAGTGTGCCCTCGTCGACCATGAGCTTGCCGTCTTTTCGATGCCGCGCATGGTAGGCGATGTCCAGCGCGCGCATCACTCCGTGGATGTCGCGCATGGAAGGCGGCAGTTCGTAGTGCAGCGCGAAGAGCCTGGCCAACTCCATGGACTTGGCCGGACCCAACGTCGTGCAGATCTCACGTTCGCAGGCGACGTAGGCATCGAACGGCCACCAGCGTTCCGGCTTCAGAGCGATGGTGCCGTCGCCCGTGGCCGAGGCCAATCCGTATTTGAGGTAGATGGGAAGCAGCGACGATGGCACCAAGTGCAAATTCGCGAGTATGACGTCGACGTCGACTTCGATGCCCGAGAGATTGCGCGCCGGTCCCGCAGGTCCACGTGGCGGGGCGGCGTTCTTGCGCTCCGCAGCGTCGGCGCCCGGGGTTGCGTTGGCGTAGGTTTGCTCGGCCTCGCGCGATAACTCGCTCACCCATACGGGACGCGTGCGCATCGCGAGGGCGGGAACGGGCTCTCCGAGGGCAGTCTCGAACGCGACCAGGAGCGCATCGCGCATTTCCCGGGCCGAACGCCACCGCTGTTCGGGCTCGAAGGCGAGCGATGCGTCCACGAACTTCACGATGGCTCGCGGCAGATGCGGCGCGGCGTCTGCGAGGGAGCGCGCGTGGCGGGTCGCTGCGGCGGCGAGTTGCTCGGCATTGGTTTCGGCAGGGTGGACGAGCTGGCCCGAAAGCAGCGTGAAAATCGTCGCCCCGACGGCCCAGCAGTCGCTGTGCGGTCCAATGGCGTCGCTTTTTCCGAGCGCTTGTTCCGGCGGCATGAACGCCGGGGTGCCGATCATGTTTCCACAGATGGTCGACGTTCCGCTCGGGTCGATGCGGCGTGCAATTCCGAAGTCGAGCACGCGTACCTCCCCGGCCGCCGTCACGAAGAGGTTCTCGGGTTTGATGTCGCGGTGCACCAAGCCACGCGTGTGCGCACTCGCCAGCACGTCCAGGACATCGGCCATGAGGACCGCCACCTCCGACACAGGCAGTCGTTTGCCGGCGCGTTCCCAGCGGGCGCGAAGCGTTTCTCCTTCGAGGAGCGGCATGATGAGGAACGCGCACCCATCGTCGCCGACGTGGTGTTCGAGCACGGGGACGGCCCCGGGATGGCCTACTTGATTGGCGACCGCGGCCTCGCGTTCGAACAGATGGCATATGCTCGGATCGTCGCGGAAGCGCTCGAGCATGACCTTGATGGCCACGCGGTGCCCATCGCGATGCGTGGCCGCGTACACGGCGCCCATGCCCCCGATCCCAATGAGGCGCTCGAGCCGGCACTGATGAACGGAGGTCCCCACCCTCGCGAGCGCGCGTTCGGAGCTCGACTGCATCTTTACAGAGGTATCACCTTCCGGTTCCCGGCGGTCCGGGTGAGCTTCGGCCTTGACTCGAACGACCGGTTGAGGTTATGTGGCGGCCTGTGAACGTGAAAATCACGTTCATTATCTTGCCGTGCTTTCCTTTCGTACGCTCGCCGCATTCCTCTCGACCGCGGGCTTTTTCTCGAACAACGCACACGCTCAGGCGCCCGCGGCGCGCACTCCGCCGCCGAAAATGCAGGAGGTCGCCGTTCGCGGCGAGGGATCGGCGACGCGCCTTCGGCATTCGGCCGAGGCCGTGAGCGTCATCGACACCAAGCGTGCGCACCGAGAAAGCGCCGACTTGGGCGAGGTGATGGCGCGCCAGCAAGGCATTGTCGTGCGACGCGAGGGTGGACTCGGCTCCACGGCGCAATTCTCCCTCAACGGCTTTCAAGGCGAGCAGGTTCGCTTCTTCATCGATGGCGTTCCCGCGGGCTATACGGGGCTTCCCCCCGGCATTGCCGACATCCCCATTGCGTTCGTCGAAAGGGTGGAAGTCTATCGCGGCGTGGTCCCCGGCCGATTCGGCGCCGACGCCCTGGGCGGTGCCGTGAACCTGGTCACCGAGACCCGGCCGGGCACACGCACCGCAGCGTCGTACCAAGTTGGCTCCTTCGGCACGTACCGCGCAACGGCCACCGGGCAATACTATGATCCGGCCTCGGGCCTGTTCGCGCGCGCCAATGGCTTCTACGACCGCGCCAAGAACGACTACCCCGTCGACGTCCAGGTCGCCGAGGAAGGGCGAAGCGTCCCGGCCACCGTGCATCGTTTCCACGACGCGTACCGCGCGTACGGTGCGGGGTTGGAGGCCGGCGTCCTCGACCGGTCCTGGGCCAAGCGGCTGTCGCTGCGCATCTACGGAATGGACGCCGCCAAGGATCTCCAAAGCAACTTCATCATGTTCATACCGTACGGCGAAGTTCGTTCTGCGGAGAGCGCGCTGGGAGCGATCGTGCGCTATCAATCGCCGGCGATGGACGTCGGTTCCACGAAGGTCGTGCTTTCGACGACAAGCGGATACAACCACCGTGCGATTGACTTCGTCGATCGCTCCCCATGGTTTTACGACTGGTTCGGCCACCGGGTCGGGTTGTCCGGCCCGGGCCGCGGTGAAACGGGGCGCCCGGCCACGGACCAGACCATCGGCCAACATACCGTGTTCGAGCGACTGGGCATCGATTGGATTCTCTCGCCCGCCGCCACGGTGCGCGCGTTTGCGGCCCCCACGTGGGTCTCGCGCTCCGGTGAACAGAAGCTTCCGCTCGCGCCCGGAGCCCTCGATCCGCTTTCCGGCACGCGCAGTCTCTTCACCTGGATCAACGGCCTCGAGGCCGAGGTCAACCTCTTCGATCGAAGGCTCCAGAACATTGCCTTCGTCAAGAATTACCATATCCACACTAGCTCCGAAGAATTGGTCGACCGGTTCGTGACCCACGAATACACGGATCTCAGCTTCGGCGCCGGCGACGCTGCCCGCTTTCGCATCGCCCATGGCCTCTTCGCCAAAGCGTCGTACGAACACGCCACCCGTTTGCCCGGCCCCGTCGAGCTCTTTGGAGACGGCGTTCTCATCGAGCAAAACCGGAGGCTCGTACCGGAAACCAGCGACAACATCAATGCGGGCTTCCTCGTGGAAACGGCTCCAACGCCGGCCGGGACCCTGCGCGCCGAGGCCAATGGCTTTTTGCGCTACGCGGATCATCTCATCACGCCCATTCAAAACGACATCGCTTACGATTTTCAGAACGTCTACGCCGCTCGCTCCGTCGGCATCGAGGGCTCCGCAGGATACCGCTCGCCGCGCGACTACGTTTCCCTCGACGGAAGCTTCACCTACCAAGACTTCCGCAACACCTCCAAAGAGGGGGCCTTTCAACGAACCGAGGGCGATCGCATTCCCAACGTGCCTTGGGCCTATGGAAGCGTGACCGCGCGGATTCGCATGCCCGACGTCCTCACGCCCCGCGACGAGATATCGCTCGGCTGGACCACCCGTTACGTGCACAGCTTCTATCGCGCGTGGGAAGG
NZ_CP089929.1_gap13	533679	536297	2618	CCCTGCCCCCCAACACCGAGAAGGGCTTCCAGTCGCTGGTGAACGTCCAGCGCTCGGAAAGCTGTCCATCGTCGTTGTCGTAGCCCACCATGTTCCAGTGGATGAACTCGGTGTTCTGCAGGCCGCACGGTGCGGGTTGTCCCGAACCGGGTGGATCGCACGGGACGAACCGCCCGCTCTTGCGCGACATGAACAGTTGATTGCGCCGTGTGAGCGGCATGGGGTAATGAACCAGCAATCCGCCGTTGGGTTGTTCGGCGACCTCTTGGGCCACGAAGGGGTCGTAAACGGCGCTGGATATCGTCTTCTTCAGATCCTGCCCCACCACGCAGGTGCGATTCTGATGCGTGGCATCGCCACCAAACTGCGTGCGATCGCTGCAATGTGTGCGAAAAGAGTCTTCCTCTTCCGTGAGCTCGTGCGTGCTGCTCTGCGTCGCCCTCTCCGAGTCCGAGTGCCCTCCACAGGAGAGCGCAAGCAACGCCACGGCCGAAGCCGCGAGCCATCCAGCATTCATAGGTCACCTCGTTTGGCTAAGTCGTGTCGACACCGACACGCGAACCCCCAACGATACGCCGCTTCGCCCTATGTGCAATTGGAGATAGAAACAATGCACCCTGCATTGAACAAGGGATCAGGAACGCACCGTTCCTTCAACCCAAAATTCACTGCTCCCGATCTCCCTGTTCAATCCCCTCTGGACGCTTGTGCTGCGCGAGGAAACTTGCTTGCGATGTCATCGTGGCGTCGCGTTGTGCGGATCGCGCCAATTGTCCAAGACCGTGGACACTCGTTCCACAAGTCCACTCCTGTTCGGTATTCCGACGGGACATCATCCTTCGTGGCATGAACGGATCAAAGACATGGGCCTTCGGTGGCATGTTCGTTTTATTGACGGCGTGCGGAGAGTCTTCCTCCGACGCGAGCTCCGAGCCTGACAGCGCGGGCGAGGACCTGGCCAAAACGCAGCAACTGAACGTAAGTGTGTTTCCCGGCGCCTCCAATTGGCCGCTCTGGGTGGCGAATGAGAAAGGGTTCTTTTCGCGCGAGCGACTCCGGGTGGATGTGAGTCCGACGCCGAACTCCGTTGAACAAATGACGGGGCTCATCGATGGGCGCATCGACATTGCGCTCACGGCGATCGACAACATCGTGGCGTACCGCGAGGGGCAGGCCCCGGTACCGGTGCTCGGACCGGATTTGGTCGCCGTCATGGGCATCGACCATGGCTTTCTCCGCGTCATATCGCAGCCCGCCATACGCACGTACGACGATTTGCGCGGCAAGACCGTTTCGGTCGACGCCCCGGCGACGGGATTTGCCTTCGTTCTTTACGAACTGCTCGACCGCGCGGGGTTGAAATATGGAAGCGATTACTCGATCGCGAGTGCCGGTGGGACGGCGAGCCGTTACCAGGCATTGATGCGGGGCGAGCAGTCGGCCACCTGCCTCACCCCGCCTTACGACGTTCAGGCGGAGGCGGCGGGATACACGCGACTCGATACCGCCGTCGAGGTTCTCGGCTCGTACCAGGGGTTGGTGGCCGGTGTTCGCCAATCGTGGGCTCGTGCGAACCGCCGCGCGATGATCTCGTACATCGTCGCCTATCGAAATGCCGTGAACTGGCTTTACGATTCCCGACACGAGGCGGAGGCCATCGCGATCTTCGGCCGCAACTTGCCCGATGTGCCCCCGGACGTGGCGGCCAGCGTGTACCGCGCATTCTTCGTGGACCCGAACGGCATCTTTCAGGATGGAGCCATCAAGGTCGACGGGACACGCATGGTGCTCGCGTTGCGCTCGAAGTACGCGGTGCCGCAGAAGACGCTCACCGATCCCACGCTCTATATCGATTCAAGTTTTCTCGAGTCCGCATCATCGCGATGACGGAGCGCGTTATGATGATGGGCGACATTTATATCTTGATCTTCGAGGCGGTTCGCATCATCGTCTTGCCTCATGACAACGTTGTCGCGGCGTCGTTTCGTGTCGGGGGTGGGTGCGGGCGCGGCGGCGCTGCTCGCTGGATTTCGCTTGGATGGTCCACGCGTCGCGCACGCGGGGCCGGCGCAAGCAGCGAGTCGGGATTTGGCTTTGTACCGTCCCGCCACGGCATCCTCGACCGACTACGCGGCGACGTTTCCCGAATTCGCGGTCGACGGCGTTGCCAGTGCAGGCGTGCGCGGCTCGGGTTGGCGGGCGGCGCCGGGCGCTGATCCGCAATGGATCGCGGTCGACCTGCAGGCGCGCTGTCGGATCGAATCCATTACGCTGACCTTCGAGGCCACCAAAGACGATCCTCCGTTCATCCCGTCGAACGACGGTGATCCTTGGCGAAATACCACGGGATGGGAAGTGCTTTCGAGCGCCCCCACCGCGTTCCGCCTCGAAGTCTCCAACGACGGAACGGCATGGCGAACCGTGCACGAGACGACGTCGACCGCGGGCGGCGTCGTGCCGATTGCCCTGCCGTCTCCCGTGACCGCACGGTGGGTTCGCTTGGTGGTGACCCATCGGCTGCACGAGAACAACCCGGTGGGCCTCAATGGGTTCCAAGTGTATGGCACCTGCGATCGCGATCGCCCGCCGGCCAAGGGCTGGACCGCGTGGGGCACGCA
NZ_CP089929.1_gap14	562711	564194	1483	CGGGCGATGCCGTCGAGCGATTCACGCAGCTGATACTCGTTCCGAAAGGAACAGAGCAGCCCGTCGAATGGACCCGTCGTCAATGCGAATCGGTAGTGGTCCCAGACTTCGGGGTACCAGTAATCGGCTCCGAGCCGGAGTTCGGCGAATCGGGCTTTCGAGACGTGGTCCATCACACTTTTGAAATTGTAGAGGAGCGTCCTTGGGCGGCGTGGTGCCAGGAACACGTCCTTTTCCGCGTTGCGGTGGACGGTATTGTACCTCGTGAAGGCAACGTCGATGAGCCCTTCCGCGAGCGCAGCGGCGCACGCAGCCCGGTCGTGAAATGTGGAGCCGATGGCACGGACTCCGGGCACGTCTCCCGTCGTGTGGTTCCGGTACGCGGGTAGCCGGCCGAGAAAATCCTCTTTGTAGGCACCACCGATGATCGTCGCATCGAGATGGCCGAGGCCGCGGACGCAATCGATCACCTCGTGAAATGGTAACACGGCAAACTCGCGCTGCGTGACATAGGAAACCGCCATCACGCACACCTGCTCCCGAACATGACGCCCCCGTTCGAAAAGCAGCTCCAAACCTCTTCGAAGCGCGTCGTACATCGGCCAGTGCATATCGGCTGTCAAAAAGAACGTATTGATGCCGGCATCGAACGCTGCAGGGACGACGTTGGCGTCGCCGACCATGCCCAGCACGAAGGGACTAATCGGGATGCAGTCCGCACCCAGCAGGTTCCGCGAGTTCGGCATTGGAAAGGAAAGCCGTTTCAAGACGTGAGTCATCAGAATGGCATCGTGCGGCCCAAAGCATTCGCGACGCAAATCTCGCGACGTGGCGAATAAGCCGCTTCAGCTGTTGCCGTGTCGATGTTTGCGTTCGCCCCGAGAGGGCGCGACAACGAATCGAGAAGACCATGCTCGATGACTTTACCCATCAAGGTTCCTGCGTCGTGCGCGCGCCACTTCTGCCCTTCGACGTGCTGCGTGATGGTCTCGCACCCGAGCGATTGCGCACGTTGCTGGCCGATCCCGTTATCCGGGAGGCGCTCTTCGTCGCTTCACCGAGCTTGGACATTGCCGTCGACGCCTGGCTCGCGGATCCGGCTGCGCCGCGCGCGCACGAGGTGGAACTCATCCTCGCGCGCTACATCACGCGCATGGCCGCACGGCCCACGCCGTTCGGCCTATTTTCCACGTGCGCCGTGGCGACCATCGGTGCACGCACATCGCTCATCGTGGCCGATCGCGCGGAATGCCGGCGAAGCTCCCGACTCGACATGCAATACCTCACGCTCCTGGCCGAAGCGCTGGAACGTGATCCCACCGTTGGCCGCGCGCTCTGCTATCGTCCCAATTCCTCGCTCAAAATCGGACCGCAGGAGTTGCGTTACGTCGAAGCCCATCATGACCCGCGGTCACGCAGGCGTGAGTTCCGCTTGGTTTCCGTCGAGCCGGACAATGCCTTGACCGCGGCCCTCGATGCGGCG
NZ_CP089929.1_gap15	590060	591422	1362	GTCGGCGCGGTGTGAGCCCAGTGCAAAATTGTATTCGACCTCGCCGCGTGAATCTGCGCGACCAATGAGCTTCAGCGAGCGCCCTTTGAGCGGACCGGTCGTGACGCATTTCGCGACTTGGTCGAGCACGGCTCGGTCTTCCGGCTGAAGGTCGTGGTCGTTGTAGGCGAACTTCGGTGCGCTCTCGGTCTTGTTGATCACGATGTTGCACGCGGCCATGAGGTCACCCGATACCGCGACGCCGGGGCCTTTGTACGGAACCGCAGGCGGGGGCGGGGGCGCGGCTTTGGGGACCTCGGCCACGGCAGGGCGGGGAGCCGGCTCGCTAGCGCATCCATTGATGAGGAAAAGCGGCAGGGCGAGCATCGGCAGAGCGAAACGCAAATGTGAATGCATGCGAACCTCCGTAGACGTTGGCGACTTCGTTGCCCGCGATGGCCGTCGAATTCATTTTCAATGGAATGCGATCGTGACGGAATAATGTAGCTCGAGATGGGCGTTGACGGCGAGCATTACGGAACCTATTAGTTCCGGAACGAAAGAGGTCTGCATGATTCAGGACCCGCTCAGCTCGACATTTGCAGCGCTTGCCGATCCCACACGCCGGGCCATCCTCGAACGGCTGCTCGAAGGCGAAGCCTCCGTGGGAGAGCTTGCGGAGCCTTTTGCCATGACGGTTCGCGCGATATCGAAACACGTAGCCGTGCTCGAGGCCGCGGGGCTCGTCGTGCGCGGGCGCGATGCGCAACGCCGGCCGAGTCGCATCCGTGCAGAGCCTCTCGCGGCCGTGGACCACTGGTTGGAAACTTACCGCGGGCTATGGAACGCGCGCTTCGATCGACTGAACGAACGACTCAAGACAAAGGAGAAACACGATGACTCAAACAAGGGAAAACGAGTCCGCCGGGAATGAGATCCGCATCGTCCGCACGTTCGACGCCCCGCGCGAGCGGGTGTTTCGCGAATGGATCGAGCCCGAGAGTGTCGCCGCCTGGTTCGCGCCCGACGGCTACGAGGTGACCGCCTCGGAAACGGAGCCCCATCCTGGCGGGAAGTGGAAAGTCCACTTCGTCTCGACGAAGAAGGGCAACGGCTATACCGAGTTTGGCGAATACATCGAAGTCCATGCCCCCGAAAAACTCGTATTCAGCCTCACCCAGCGGGCGGACGACGGTTCCTCGGGGCCGAGAACCGTCGTCCGCGTGCACCTCGCCGACATGGGCTTACGCACGGAGATGACCTTCGTGCAAACTGGATTCACGTCGGCTTCCCAGCGCAATGGCAATGCCGAGGGCTGGGGCGAGTGCTTCGGCAAACTCGAGCGGCAGCTCGCCGCTAAAACGTAATCTCCTCGGGGGCCAT
NZ_CP089929.1_gap16	593674	597079	3405	TGGGGAAGTGCCCATAGGAGGGATGAGAAATGCGATAAACGTACGGGCTGTCGAAGAATTCCAACCAGCTGAACTCACCGGCCGGGGGCGATGGGTTTGGCTCGGCCCACGTTGAATTGAACGATGCCATGAATTCTTGCTTGGAAACGTCTGGCCCGAGCTGCGCGGTGAGCAAAACATCCGTCGGAGCGTCCGCCTGAATGCGGCTCAGCAACATGTAGTGCTCCGCCAATTCTCGATCGATTTCAATACTTCGGCTCGCGATGCGGGCCGTCCGATGCGGGACTGTTATGTCGACCGGCTTGGCCCGCGCCACGTCGAACACGACCGTAGATTCACCAGTCACCGACAGCAGCGGTTGCATGAGCAACGTTCGGTCGACGTGGCCATCCTTCGCCGTGTCGTTGCTGAGGGCACCGGCGGTGTAACGCCCTTTTGGGAGCCTGAACATCGCCTTGCCCGACGCATCGTAGGCGACGCATCCGAACGCCCCACCCGGCGCGGCGCAACCCGCGAAGTCATGGCCCACTCCATAGATGAACACATTGGAGTCCGACTGAGTTGCGCCCGGGCGGCCGACGTACTGGAGCGCGACATCGTAGCTCTCGACCTCGCGGGTGACGCTCGCGAGGGTGCGCAGTTCGTGTGCGCTCGCGGTGGCCACCAAGGATCCGCCGTACGTGCCGTCTACGCCTTGAACGCGCGTATCGGTCGTCAACGTGGCTTGCGCCTCGCCATGGGCGGGCACGATCAGCGAGGTGGGACGGACCGAGAACATCGCCTCCGGGGCTGGACGTCCGTCCGGTCCCGATATTTGAACACCGAGTTGCACGGTGATCGGACTTTCGCCCGTGTTGCGGTACGTTACGGTTCGCTCGATGGGCTGGTCATCGTCGTGCGGCCAGCGCTGGATGCCAAAGTTCAGATTCGCCGACTCGGCGAGGAGCTGCTGGTGAATCGCCTGGGCGACGTCGACGCGTCCACTGCCCTGTTCGAAGACGGACAGCTCTGGATTGCGCTTGGCCGATCCGATGAGCGCCGCCTTGATTTGCGCGCCCGACCAATCCGGATGCTGCGACGCCATGATGGCGGCGGCACCGGCTACGTGCGGTGCCGCCATGGACGTGCCATTGAGCCGCACGTAACTCGTGCCCACCGGCTCACCAATCTGGCCATGTTGGCTGCGCGCTGCGACGATGCCGATACCCGGCGCCGTGATCTCCGGCTTGACCCCGTCGTCTCCGATACGAGGTCCTCGGCTCGAGAAATCAGCCAGCCGCTCGGCGCCATCCACGGCTCCCACCGCCAGCGCTGCATCGGCACTGGCGGGGGAAGAGACCGTCCGCGCTCCGAATGCGCCGGAGTTGCCTGCGGAGATCACGAACAGTGCGCCATATTCCGCCGAGAGGTGATTGACGGCTTCTTCCAACGGCGTGCATCGAGCTTTCCCGATGTGACCAACGACATCGCATCGCTCGGAACCACGGTGATCTCGCCGCGCACGACCCGCGTGTCGAAGGCGATGTGCTTGCGTCCTGGTCCGGCATCGATGTCCACCAGACTTTTTCCTGCGACTCGACGCACGATGACGCGGTCGCCTGTCACCAACGTGACCGAGTCGGTCGTCACGCCATTGTCCGCGCCGCGCTGCAGTTCTTCGAGTCGCGTGCGTGTGTCTGCTACCGTCGAGTCTCGAGAACAGCTCAATAACGACACGATCGCGAGCGACGACAGTCCGCCCAACCGTCGCCAGATATGCCTATCGAACGATACGGAAGACCAACGTGCGGTCATCTGACTCCTCCTCACGCGACCCGTTGAAAGCAGTCGGATTCGAGAGAATCTAGTGTTCGTCGGCCAGCCGAGCAAGGAGAGAGTTATGGTCGATTGCGACAAATTGACATGATATCGAAATTGCCTGCGAATAATCGATTTTCGAAGTTGGCACTTCACGCCATGGCTGCACCTCGGGAGACGGCGCGTCACGCATGCAAGTAGACCAGGACGGCGCGCACGGCTTCTTCCTTGGCGGCGGCGAGGGACATGCGGGGCGGGCGCCGGAGGACGACGCCGTGGGAGAGCGCCTCGATCATCTGGGTGAGGACGAACAGCTTTCGTTCGAGGTCGCCCGATACGGCAAGCTCCTTCGGGCGAGAGGCAATGGCCAATCGAAGGGCGCCATGAAGGCGCTTCTCGAAATCGCGCGCCACCTCGGCGCCGTGGGGAGCGCCGGTGGAGAGAAGCTCGTGCAATGCAGGATCGATGGCGTGTACTTCGATCATCGCCTCGACCAAGGCGCGGACCACGTCGTCGAGAGGCGAGGTGGCGTGTTCGACGAGCGTGCTCTCGACCAGCCGGCTCGATTCTTCGATGTGGCGATTGAACAACGCCGTGAAGAGTGCAGCCTTGTTGGGGAAGTATTGATAAATGGACCCGATGCTCACACCGGCAACCTGGGCAATATGATTCGTGGTCAGCCCTCCCGCACCATCGCGCTTGAGCACTTTGGCCACGGCATCGAGCACCGCATCGACCGTCTCCCGAGAGCGGCGCTGTTTGGGCTCGCGTCGAGCCGGTTTTCCTTTTCGCTTCGCGTTCGTCGGGGGCATGCTCCTTGAAATCTGAGCAAACCTACAAGAATGTGCAAGCTGCTTCGGGTGTTTGCTGCGGCGTGCGCCGATCATCTCGCATCGGGTGCCAAGACCGCCGACGAGCTGGGCCGCCTCACCGACACGCACGGGCCCACCGTGCACCGGCTTTTGCGCGCACTCGGTGACATTGGCATCTTCGAGGAGCGGGAGGGGCGATTCTCGAATACGGCCCAATCGGAGTTGCTCCGTACCGATCATCCCAGCTCGCTGCGACCGGCGGCGCTGTTCATGTGCCACGATAGCATCTTCACCACGTGGGCCAACATCGATTACAGCCTGAAGACCGGCAAACCCGCCTTCGATCATCTCTATGGGACGGGATTCTGGCACTACATGAAAACCCACCCCGAAGTCGGGGCCTTCTTCGACGCGACGATGGCCTCGTACACCTCGTCTCAAATCGAAGCGGTCCTCGATGCGTACGATTTTTCGGGCATTCAGAGGCTGTGCGACGTCGGCGGTGGCCAGGGGCGGATGCTCTCGGCCATCCTGGCGAAGTATCCGGCGATGCGCGGAATCCTCTTCGATCAGCCGCAGGTGATTGCCGGCGCCGCTCCAACCCTCGAGCGAGCGGGCGTCTCGGCTCGATGCGAATCGGTTGGCGGCAGCTTCTTCGAATGCGTGCCCGCCGAGGCCGATGCCCATCTTCTAAAAGCGATCATCCACGATTGGAACGACGAGGACTGTGTGCGCATCCTCCAATCCGTGAGGCGCGCCTCCACGGCCGGGCAAAAGCTCCTCGTGATCGACGCCG
NZ_CP089929.1_gap17	601542	605995	4453	GGCAGTACCCCATATCTGACAAGCCCAATGTGAGCCCGCCACCCCGCTCAATCGGCCTGCCGGCCGCAGCTTAGAACGAATACCCCAGTGCAAAGAGGAAGCGCGGACGAACGCCGCCACCTGCGACGACGGAGCTGGCGAGGTTCAGGTTGTCCGTGTTGATGTCCTCACTGGTCTTGGTGTACTGCAGGCCGAATCCACCGCCGACCACGATGCCCGGTCCGATGACCGCTTGTCCGCCGATGTCCAGGGCGGCGCCGTAGCTCAAAAAGGAGTCGCTCGATTTGGGCTGCGACGCGCCGGTGTCGCCCGCACTCTGGCTGTACGAAGCAAAGAGGAGCGAGGGGCCGACGAAGAAACCGCTCGCGCCTTTGCTGCCGGTATAGAATCGATAACCAAGTTCGCCGCCGAAGCCGTTGAGCGAGCCGGCGTCGACGTCCTGTCCGTTGATGCTGACGGTGACCGGGACGTGCGCGAAGAACGGATTCAGCGTAATGGCATGGTGCGGCAGCGGGAGGTATTCGCCTTGGATGCTGTAACGCCCGATACCGATGGCCAGCGGATTGATGGCGAGGGCCACCCGCTTGAAATCGGAGCCTTCACCCTCGGCTCGCGGGGCATCCTTGGGAGGCGGGGTCGCCTCCTGCGCGCTCGCGGGGAGACTGAAGAGGACACCGACCGAGGACAAAAGGAGTGCAGCGAGGAGCGGCGAACGGCGAGAACGCATGAGAACCTCCGAAGAAAGCGATGGAATGTCGCGTTGTGTGGAGGGTTGGACTCACGCATAGCGAGCCTATTCAAACTTCGTTGCGTCGGCGTGATTTGCATTAGCTTCTTTGATAACGATGCAAACCACGCCAATTCGATGGAAACTGTCGTTCTCACGGCGGTGAATCAGCGCCGCGATGTCGCGTTGAGTGGCGTCACCGGAACGGGGCGGACATCGCGTTCAACAGGCTATTCGAGGCGTCGTCCTCCGAGAGCTCCCACATGAAGGTGCCCAGGAGACCATTCTGTTTGGCGAATTGCGCCCGGATGCCGATGGACTGCGGATTCTCGTAGCTGGCGAATTTGCGCTCCGCGGCATTGTAGAGCCACGGCGACTGCGCCACGGGATGCCAGTATTGCTTCCACGCCGGATTGCTCAGCAGCGGCTGGATGCTCTTCCACGCGCCGACGTCGAAGGTGCTCGCTTTGGCCTGATAAAGCCCATGGTTGGGCCCCTCCTGCTGGACCACGAACCCGCGCCCGTAGAAGGGGACACCCAGCACGAGGCGCTCCGCCGGAACGCCATTTTGCCGGTAGTACGCCACGGCATTGGTGACGTTGTTCCACTTCCGCATCGGCTGACCCAGCGGATCCTCGGCCACCTCGCCCATCGGCGCGTTGAAGGTGGCTACCGAAGAGAACCCGGTGCCCATGTCATAGGTCATCAAATTGATGAAATCGAGAACTCCGCCGAGGGCGCGCAGGTCGAAGCTCGCCGCAGGGTCATACGGCCCATCGGTCTGCAACCTTCCCGCGGGAAGAGCGGCGGTCACCAAGTATTTTGCACCGCGCTGGCTGCCCAAGTTGTCGAGCTGGCGGCGGAACTCCTTGGACAAGAGCGTCATGTTCTGCTTGTCCTCGGGCCGGTCGGTGATTTCGACCGGCCCGCCCGAGACCGGGAACTCCCAATCGAGGTCGACGCCGTCGAAGCTGCCGCGGTAGCGCGTGAAGAACGTATCGAGGCAACTGGTGACGAATCGCTCCCGGGACGTCTGGGTGAGCGCTGCGTCGGAGAAGCCACCGGCACCCCACCCGCCAATCGAGATCAACGTGCGCAACTTCGGATATTGCCGTTTCAGCGTCGCGAGTGCACTGAAATTGGCATCGGCCCCTCCAGGGGCCACGCATCGGCCATTTTGGATGGTCGCAAATGCATAAAACAAATGCGTAATCTTGTTGGCGGGAATCCGTGATACCGGATACGAAGAACTTGCCCATCCCGCGTAATAGGCACCGATGACCGGAGTCGGCGCTGCCAGCGGCGCGTCGTCCGAAGCAGCATTCGGTTCGTCGCCAGCGCAAGCGGCAGTGGTGGCGGCCAGCACGAGGGAGAAAAGTCCGATGGCGCGAAGGCTGTATTTCATGCCCGGGGACGTTAGCATCCGATTGATGATGCTCGTCATTTATCGTGCCCGACGCGCTTCTCCGGCGAAGGCACCGACGGGGGGGCGAGCCTCGCACGCACCTTCCGTGCGGTGCGTGGGTGTTGTCTTCACATTTGTCGCTAAAAGCGTCCGACGGCCCCGATGCTGCTGGCGTCGGCATAGGGCATGATGGTGGCGCGTGTGCCGGTGCGGGAGGTGGGGGCCGTGAGAAGCAGTACGGCGCCGGTGATGCCGCCGACGGCGGCGACGGTGAACCCCACGGTGGCGATGGCGCTCGTCGTTTGGTAGCGCGAACGATCGCTGTCGTACGCGTCGAGTGCCGCGCGATCGCACCCCGTCGAGCAGGCGCTGCTCGTGAGGGAGCTGCGCGCGCCGATCGCGAGAAGGCCGCTGAGCGCGCCGGTGACGAGGCCCGCGCCACCCACGCCGAGTGCCACGAATCCAAGGGTGCGCTGCGTTCCGCCGTGGGCACTCTCGCGCGGAGGCGGCATCATCGGTTCCGGCAAGGGCACGGGTGCCGCGGTTTCGGGCGGCGCCTCACGCGTGAGGGCCAGCGAAATGTCGTGCGAGCCTCCCTCGACGGAGGTCACCGAGGTCTCCGCGGGCAGGTACCCTTCGGCACGCACCACGATGCGATGCGGCCCGGGATCGAGCAGCCGCTCGCGCCCGAGCGTCTCGTTGGGAATCGCCGCATCGTCGAGGGTGACGACGAAGGGCGGCGGCGGTGCCGCGGGAAAACCCGCCACGCGCACCACGAGCCGAGCACACCGCGCTTTCACGGGCCCGATTTCCTTTTTGGCGGACTCGATCGCCTTGAGCATGATGGCATTCGCGTCGGGCGGCGGGCCCTCGTCGATGATGCGCTGATAATGCTCGGTCGCGGCGGCGAGCTGGCCAAGCTGCACCTCGGCGCGTGCGAGACCAAGGAGCATGGGAGGCACATGGTACACGGCGTCGGCGCGGCGAAAAAACGCCTCGGCCGCGCGCCAGTCGCCGCGATCGAGCGCGGCAAATCCTTGATCGCCAATCTGGCGCGCGAGCGCCCTGGGCGACGACGGCTCCGAGGGCGGAGGCTTCGCATGTGCGAGGTTGGCTGTCGCGCACACGATGGCGGCGGCGAAGAGATGTCGTACACGTTGGAGCATTACAGACCCGTTCTGCTGGGGGGAGGCCGGCGCGCGGGACGAGATGGCGCCGATGGAGAAGGTGGAGCGGACGCGGATGGCGGGGCCGCCGGCGCCTCCTCCGGCACCGCCGATGCCGTGGCCACAGGCACAGGCACGGGTTCCGAGACCCGTGCAACGATCGCTGTCGCAGGTGCCAACACGGGAGCAGGATGCGGCGGCTCCGCGCGCCCGCGCCAATACGCCGCAAATGCGCCGACGCCCACGAGCAACGCGGCCCCGCTCGCGAGGGCGAGCCACTTCCACCCGTAGGCAAAGGGAACCTGCGTCATCCGCTCGGTGGTCGTCGCCGCCTCGTTCTCGTCTTCGTCCTCCGCGGCAACCGGAACGATCGCAGCCTCCACCGGCGCCGCCGTCATCACCACCTCTTGGGACGACGGAATGCTCGGTGAGACCCCGCGCGGTGCGAGCACCCGCTCCAACTCCGTCGTGAATTCGGCCGCCGACTGGAAGCGATCCCGCGGCCTGCGAGCCACCGCCTTTTGCCACCAAGCGTCGAACCCAACGGGCACCGCGCCCACCGAAGAGGGAACGACAATGGGCTTGCTGCAAATCTCGAGCACCAAGTCGCCGAACGACCCTGCGGCGAAGGGCAGCTTGCCGACGAGGCACCGATAGACGATGACGGCGAGGGACCATAGATCGCTTCGCTCGTCGATGCGCCGCGTGCCGCGGATCTGCTCGGGGCTCATGTACACCGGGGTGCCCAAAAGCTCTCCCGTGCTCGTTTCGCTCGCGACGGGGATGCCGACGCTCTTGGCAATGCCGAAGTCCAGCACCTTGGCTACCTCGGCATCGTTCTTCTGCGTGCCGTCGTCGTCGTACACCAGGAAGATATTGTCCGGCTTGAGATCGCGATGAACGATGCCGCGCTCGTGCGCCTTTCGCAGGGCGCGTGCCACGTGCCGGGCAATACGGAGTACGTCCTCCGGGGGGAGTATCAGTACCCGTTTGAGGCGTGCCCGCAGATCCTCGCCCTTGAGAAGCTCCATGGCGATGTACGGCAGGCCATTCCACACACCGTGATCGAAGATCTGCACCACGTGCCGCCCGCGGATCCCCGCTGCGGCTTGCGCTTCGCGCTCGAAGCGGCGAAGAAGCGTTTCGCGGTCGTGC
NZ_CP089929.1_gap18	653160	657556	4396	GCGCTCTCGTGCTGGAAGCCGCAGCCCACGGGATCGCCGTCGACAAGCTTGCCGTCTACGAAGTTCCGTACGACACGAGCCATGATGCGCCACGACGCTTCGCGGAATATGAGGCGAAGCTTCAGGTGCTGCTGGCGGAGGGACGCCGGGGTGACGCATTTGCCGAATTCATGCGCCTGGCTGGCTCCTCCGAGGCGGAGATTAGCTCGGCAAGGACCTTGCCGGTATGGCCTAGCTTGGAGGCACTCGCACATACGCTTCTCTACGATGCGGCCTGTTATCGCAATCCGCCCGGCGCTCGTTTTGCGGCAATCCTCCGGCCGACCCTCGTTCTCACGGGCGCGGCGGAACCGAGTTCCCACGACGGCAATTTCTTCGGTCGCGCGGCCACGGCCATCGTGGCGAGCATTCCGCATGCAAAGCGGCAGGTCCTCAAAGGGCAGACGCACGTGGCCGATCCCAAGGTGCTCGCCTCGGTACTCCGGCGCTTCTTCGATGAGTCCACTCCGTGAGCCCACCGTCCTTGGTGCCATTCGCGACACGGACCCTTTACCGAGGACGAGGTCGAGTTTTAATGCGTTGTTCCGAGAAAACTTGGACACCAAACCAACCGGCGGAAGTCGGCCGAATCGAACGGCATACCCCAACGAGAGTACGCACCGGGTAGCAACCGGGCTCGCGACCATTCGCGATTCAACTTCCGTGAAGCGGAAAGCAGAGGACTCGCACCCCACGCCGCAGCTGCAGCGCGCACCGTTTTCGAAACGGGCTCGATCCTCGATCGATTTGCCTTCCATGGCGGAGAGACGTGGAGTCGAACCACGCACGCCGGAGCGCGCCATCGGTTTTCAAGACCGCGTCGAGCGCCGGCTCGACGGACTCTCCGTTGCGGAAGAGGGAGGACTCGAGCCGAAGGCCCACGGAGGCCGAATGCCGGAGTGCACCTGCACTGACCTGGATTTGAAGCAGGTGCCTCCTGCCAATTGGGCTACGTTCGCGTGGTGCGGGGCGAGGGAATCGAACCCCCCTGGATCTGCTTGTAAGGCAGGTGCTCTCCCAGAGAGCGAGCCCCGCAAGATGGTCAGCGCGGCAGGATTCGAACCTGCGCTCTTCGGCTCCCCGAGCCGCCGTTTTCGCCTGGCTAAACTACGCGCTGAGATGGCCCTGTTTTACGTCTGGGCCGGGAGCCGCGCAGGGCGCGCGTGAAGCCCGCCGAGGGAACTCCAAGACGTTGAGTGCCGCCGTGCGGGCCGGAACTCCCGGATAGACAGTGCGTCGTCACGTCACGCTACGTCCGCGTGGTGCTCGCTGCCGGCGAAGGAGCAGTAGTTCCTCCACATCGAAGGAACGTCCTTCTCCGAGGCGAGTACGGGGGCGAATGGCAAGGAGGCGGGCTTGAACGGCTTGCGGAGAAGCGTCATGCCTGCCTCCTCGGGCAAGCGGCCACCTTTTCGATCGTTGCACGCGTAGCACGAGGTCACGATGTTCTCCCACACGGTCTTGCCGCCGCGGACGCGGGGCACGACGTGGTCGTAGTTGAGAGCGTTCATCGCCTTGCGCGTGCCGCAGTATTGGCAGCGAAAGCCGTCGCGGGTGAAGACGTTCACGCGGGAGAAGCGGACCTTGTGCTTCTTCGACACGCTCCCCTTGGTGAGACGGACGACGGCAGGCGTGCGGATGGTGATCGAGGGAGCGGCAATCGGGTCGTCGTATTCCTCGAGGACCTCGACCTTGCCGAGGTAGAAGAGGACGACGGCGCGCTGCCAGGAAATCACACGGTGCGGGGCCATCCAGGGAGTCAGCATCAGGGTTCGTGTCGACATGGGCTTTACCTCTTTCGTCTCTTGCGTGTTCGCATGGCTACTTCTCCTTCGTGCGCTCGAGCGAGCGCGGACTGAACAACGGTGTCACCGGGGGGACTCGAACCCCCATACGCCGTGGGCGCGCAGATTCTCAGCCTGCTGTGTATACCAATTCCACCACGGTGACATGGTCGTCGCTGCGGACGGAATCGAACCGTCTTGGCCGAGCTTATGAAGCTCGCCTTCCTCCAAGGATCGCAGCGGTTGCGGAGGCGTGACTCGCACACGCGACCTCTTGCTTATGAGGCAAGTGAGCTGCTTCTGCTCTACTCCGCAAAAAAAAAAAAGGCCGGCAAAAGATGAGAGGACGTTGGCTTACCGAAAAAGGTGTAGTCCTCTCGGGCATCCGGCCCGGAGCCGCCCGCGGGAGTTGCACCCGCCGAGGCCTCTTTACAAGAGAGGTGCCCGACTACCGGGCGGAGACGGCGAAAACAGCGACAAGAAGTATCGAGATATTTGCTCTACCACTGAGCTACGGGCCCCCAGAGTGGACCCGGTGGGGTTCGAACCCACGGCCTTATCGTTAATAGCGATGTAATCTCGAAAGCATTCGCTGCAGAGCGGCGACCGGGAATCGCACCCGGATCTCGAGGCTGGCGACCTCGCGTTCTTCTGTTGAACCATCACCGCAAATCGAAGGAGCCGTCGGCGGGAATTGCACCCTCCATCTCCTCATTACCAATGAGATGCCCCGCTATCTGGGCCTCGACGGCAAGTGCGGCGACAAGGGGCGTGGCGACATTTTTCCGATGTCCTACTGCTGGACGACGCCAAAGGCGGCGGGAATTGCACCCGAGTTCTCGGAGTACCATGTAGTCGCCACGGCATCCGCCGCGGTGGGTAGCTTCGGAATCGAACCGAGCGGGCCAAAAGACGCGTGGGTTACAACCACGCCCGCCTCCATAACGGTCTAGTTATCCGAAAGAAGAAAGTGCGCCGGAGCGCGGGCTGCCACGAGATCGACTCGGTGCGGCACGCGCCCCTGGCTGGTTTAGCCGAGCGAGATGCTCTTGATCGCCCCGACCCAATGCTCGGCCGCGAGCTCGCCCTTTGCGAAGGTCGAGATCACGTCGAAGACGGAGTCGGAGAATCCCCCGACGTTGAGCACGTCGTCGCGATCGTGCATCTGCGTCGAGGCGTACGGCTGAATGTCGATGAGGACGAGCCGCGCCTTCGGGTTGCGACGGCGAAACGCATCCCACTCCTCGGCCATGACCGTGGCCCGGCCGCTCACGCGCGACAAGAAGCCGAGGTGGCCGCTCGGACGCTGCGAGAAGTCGGCCCAGGACATGTTGTCCGAGATGTAGATGACGAGATCTCCCGCCACGCGCCGCTCGTTCAAGTGGTGGAGCGGTGCGCTGCATGCCGTACCGCCGCTCGGGAGGTTCGCGAGGAAGTCCGCGTTCGTCATCACGGAGTCCAGCGGGTTGAGACGCCGCGGCATCGGCACGACGTCATCCGAGAACGGGATGATCTCCGCCGAGGTGTTCTTCCGAAGGAATGCCGCCGAGACGAGCGCCGCGATGTCGATGCATCGAACCGCGGACGTCGCGCCCTTGCGGAAGCCGGTGGCAGCGCTCTGCATCGAGCCCGAGACGTCGGGGCAGAGGAAGATCTTCCCCGGCACCGTCGGCACGTTCTCGATGGCGATCTCCATGGCCTCTTGCAAAGCCATGACGATCGCCGACGGCATCTCCGAGCTCGCGGCCTTGAAGGCGGCGAGCAGCTGGAACGGGAACACCCGTGCACGCCGCACGAGCTCCGGATCGCGGAGCTTGGCGGCGACGAACGAGACCATGGTCTGGTCGCGGAAGACCCCGTGGCGAAGCAGTGTGTTCAGGTTCATCCGAAGCTGCGTCCACGACATGCGCCGAGCGATGGCTGTCCAGCGCTCCGTGTCCAGATCGAGCGCGGTGAGCATCTCGAACGGGACGTCGGGGATCTCTCCACCGTTCTTCTTGAACGACTCGAACGCTTGCACGGAAGCCGGGAGCTTCTCGTGGGCAACGTCCTTTCCGATCAAGTAGCCGTAGAAGGCCTCGCGTGCGACGTCGGCGTGACCCTCGGCGTTCTTCGGCGACGGTCGGACCATCTTGATGACGTCGGCCATGGAGGGCGCCGAGCCGAGCGACTGCCGGAAGATGGCCTCCGGCGTGCGGTTCGAGAACCACGCGCGAGCGAGGCGCTTCGGTGCCGAACCGAAGGATTTACGACCGACGGTGCCGGAGCGCACGATCTGGACGAAGTTGCGGAGCATCTTGCCGCTGTCGATGACGCGCGGAAAGACGGAGGCGAGCAAGCGCACGTCCTTGGCCGCGAGGTAGGCGGTCAAGAACGCGGGCATGTCCTTCATGAGCCCCTTCTCGCGGGTGTAGATCGCGAGCTGGGCGACGAAGCGGGGGTCGACCTGGGCCACGAGCTCGAGCACCTTCGCGAGCTGCTCGTCGGCCTGCGCGTAGAACGTGTGGTTGAACGTGCCCGTCGCCGCGTACTGCGCGAGCGCGTGTTCGGCAGAGAACGCGTACGCTCGGCCG
NZ_CP089929.1_gap19	659478	662195	2717	GCGTTTGATGCCTCCGCTCGTGTTCGCGGTTTTCGTAGTCCAACGGATGGACCGGGGTTCTGTCGAAGGCGCGCCGTTCCCGGGAGTCAGCCGGGAGCCTCTGGAACGCCCGCTCCGGGCCCCGCGCTCGTGAGCCCGATGAAGGGCCACAAACGCCGAAGGCCGCCTGGGTTTCCCTAGGCGGCCTTCCGAGAGTGCGTGAACGACTCTGGAACTTCCGCCTAGGGCTCGACCTCCGGGTTTGCCAAACGGATCGCGGTGCGATCCAGGAGATCGAGGCCTTTTTGGCTTTCGATTGGGCTAAAGCAGCGCACGCCCTGATGGACGCACCCCTGCCGCGTCGCTTCGGGCGACGAGCTGGCAGCTGATTGATGGGGGCGTCGGGTCATCATGGCGTTTGAAGGGCGGCCTCTTGGCTGAGCTTTCTTCCTCGGGCTTGCTGAGTTGGACGCCGCGAGAGCGGCTACCATTCAGATCTTTGGTTCTTATGAGGCTCTTTCTGAGAACGGTCAAGAAAAAATCTGACGCTCAATCAAAAAAGATAGCCCTCGATGATGCGCGTTCCCATCACGGATGGGCAATGACCAGCTGGATCTGAGCAACCGTTGCGAAGCGGCTTCGCTCGATCGTGATTCCTGCTGTTTGTGCAAGGCACGAACGCGAGCTGACGGAGCAGACGTTCACGTCATAGTTTTCAGCGTCGAAAAGGAAGGCGGAATCGCATGCAACTATCGGCCGAACAGACACGCTGGCTTCTCAAAGTCCTTCAACCGGAAAAGACCCTCGGCGCGCTGCCGGGCGTGGCAGCCCTCTCGGAGGCTGTCCGCGCGGTTCTTCTCGGGCTTCCTCCCGACGTATATGCCGCCGAGCACGCACGGATGTTGGGGGGCGCCAAGGAAGCGGCGCGCGAATTGGCCTCCGAGTCCGCCGTCACCGCGATGATCGATCGCCTCCCCTTGAAAGAGGGCGCCCGGATCATCGCGTTCGGCGACAGCCACACGTCGGACCCGCAGTCTTGGGCCGTGATCCTGAACGAGCTTTTGATTGCGCGTGGCGCCTCGGTGGCGATCAATGCGGCCCCCGGTGACACGACGACGCACCGGCTGATTCGCATCGGTGAAGTCATCGCGCAGCAGCCCGACTGGATCCTCCTTCTCGTCGGCGTGAACGATGCGCGCACGCAAGGGCCAACGCCCACCAAGACTCTGGTCGATCACCAGGAGACCGTGCGGAATCTGCGCGAGCTGCACCAGCGCGTCTCGCACGAGACGAAGGCGCGCTGCCTGTGGATCACGCCTCCGGCGGTGAATGAGGAGCGCGTCTCGAACCACTGGGGCCTATCACGTTTCGGTGTCCGCTTCCGCAACGAGGACGTCGCACGGGTAGCGGCCGCCGTTCGGGACATCGACGCTCCGACGGTCGACCTGTTTTCCATTCTCGGCACGCCGCCCGCGCCCGAGCTGCTCATGGAGGACGGGCTCCACCTCACTCTCGCTGCTCAGAAGCGTCTCGCGTTCGAGGTCATGCGAGGCTGGAGCAAGGTCTCGTGACGTGTCTCGTTACCGGAGCCACCGGGAACGTCGGCTCGCTCTGGTGATCACCGGCCCACAGGCTCTCACCTACGGCGAGATGGCGTCGCGGATTGGCGTGGCGATCAATGGGCGGAAGAAAACGCCGGAGCCTTCAGGCGTTCCGGCACGACTCGAGGCAAGTGAGGACAGTCCGTACGGCCTCCTCCCTCGCGGACGCGGCCGAAATAGGGGGAGGGCGCTGCGAGATGCCGTGCACGAGCGCTTCGATCACGTTGGGGAGGACGAACAGCATCCGCTCCGACGATGTGACGCGCTCGAAGGTCTTTCGGAGTGCGCGGCGAAAACCCAACGGGCCTTCGGGTACCTGCTCGGAGACCAGCTCGTGGAGCTCGGGCTCCGCGGCGTGGAGATCCGCCAGCCCTTCCACGAGCGTGCGGGTGAATCCGTCGAGAGACCCGGAGCGTTCGGCCATCGTGCGCTCGATCACCCGGCGAACGTCCTCGACGTGGCGCTCATGCAGCGCGCTGAAGATAGCCTTCTTGTCCGGGAAGTATTGATAGAGCGAGCCGATGCTTACACCTGCTGCTTCAGCGATTCGGTTGGTGGTGACCGCGTCGACCCCCTCTCGCCGAATCACCCGCGAGACCGCGCCTAGCACCGCATGCACGGTCTGCCGGGACCGCCCCTGGCGAGGTTCACGTCGCATCTTCTCCTGGCTCGTCGTTCGCATCCGCTCGATTTCATAGCATCTCGGGGCTTCCGGCGCCCTGGAAACCGCACGGGGCCATTACGGCGGAAGTTGTTTGCGCACTTGGCGGAGGATGGTCTCCGAAAGCGCGGGATCGGTGACCATTCGCGCCATGGTTTGCGCGCCGATCATGGCGCACACGATCGCGAGAGCCTCCTTCTTGGCGGTGGCGGGGCCGCCTTGGAGCTCCTTGGCCAGCGTGTCCACGAGCTTTTGAAACCCCACGGTCGCGGCCTCGCGCACGCTGTCGCTGCTGCGAGCCAATTCGCTCCCCAAGGCGGCGAAGGGACAGCCCCGTGCGGTGTTGTCCCGGTGCGCGAGGGATAGATAATTGGAAATAGCCGTCGAGAGCCCGCGCTCCGCTTTGGCGGTCGCGATCGTTCCCTCGATCCCCTCCACGAGCCCATCCACGGCACGCCTGAGAGACTCCTCGACCA
NZ_CP089929.1_gap20	664724	668670	3946	GCTTCTCTCCTCGCCGGGCATCGACCTCGATGGCAAGATCGCGGTCGAGTATGAGCTCTGGCTCGTAAGCGAGGGTGGACGACTCCCCGGGCCAGGAACTGCCCGTGATAATCGTCATCAAGGCTGCATAGCGTCCGGCGGGGAGCTCGAGGCGATTCGCCGCCGCATGAAGAGTGCCATAGCCCACGTCACCGGTCTCGAGGTTCACCAACGTGACGATGCTTTCATTGTCGGGCACGGGTTCACCGTGACGATCGAGCGAATGGATCGTGAGAAAGTGCGTCTCCACACTGCTTGTGTCGATGCTCTTGACCGCCTCCCGCTTCCACCCGGTTTTGATGCGCTGAACCCCCGGGAGACTCTTGAACATCGACGGTTCGATCTCGTCGTTGAACTTCACCCCACCCACCCGAAGACCCGATGGTTCGTTTGCGAGCTTCTCGGACGCATCCTTCGCGGCGGTGCTGTCACACGCCACGATGGGCGTGATGGCCAGTAGGATGAAGACGCCACTTCCAAAACGAGAAATCATCGCACACCCCCCTTCTCGAAGGAGCCCGCCAGGCGGACCCCTGCGTAGTTGGCCGCGCCGCGCACCATCACGTAATACGTGCCCGCTTTTGCATTTGGAATCGCGCAGGTTTCGTTGTTCCCGGGGAGATACGGCCGGCAGTCGTATCGACCGAGCTTCGGTTCCCGCTCGAACCTCACGTACAAATCGGATCTCCGGAGCCGCCACGGAGCTGGAACGAGAGATCCGTTGCGCCCGCGGGAACGTCCAATCGGTAGTAGGCTTTGCCACCTCGCTCGCCTCGGAGCCCAGTCAGCGGCACACCGCTCACCAGAGCCATGGAAGCAGGCGGTGCCACGCCCACCGCGCGCCATGCAGCGTTGACCGATGCGACTTCGTCCGAGGAGAATCCCAACTGCGCGGCCGCTTGCTCCGTCGCAACGGCAGCATCTTCGAATTCGTCGCGCGGGGTCAGGATCGACGTGTTCGCACGGTAGAAGATTCGGGCAGCTTTCTCGATGCCAATGCCATTCACGTGGATCGTGGTCTTGCCGCGCGGATGGGTACCACCTTGCGCCAGAAGATAGAAGGCGAGGTTTGCGATTCCCGAGCTGTTGTGAACATCCGTGCCCGGAACGTAGTCGCGATAGTCGTCGAGCGAGGAGTCGTCAAGCGCCGGATCATTCATGTAGCGAAGGGCGTCGCCCTCGGTTCCGGGCGTCCAGATGTCGTCGCCAACCTTCCAGATCGCGTCGCTCACGACCCGGCCATTCCGGTACCACTCCACGACGGCGCCAAAGATGTCCGAGATCGCTTCGTTCAAGCCACCCGATTCATCCGTGTAAACGAGATTGGACGTCCTTTCGGTCACCGCATGAGTGATTTCGTGCGCCGTGACGTCCAGGGACAGGGCGAGGTTGTCGGCATCGACTCCGTCGCCATCTCCAAACGCGACTTGCGTCCCGGTCCAGAATGCGTTGACCAGATTGCGGCCGAAGTGCACGGAGCTGATCGCGGTAGCTCCTCGATCGTCGAAGGAGTCCCGACCGAAGAGCTCGCGATACGCGTCGTACGTGGTACCCAGATGATCGTAATTCACATTCACCACGGGATCCGCGTGGGATGGCTGCCCCTCCGTGCGGACCACGGGCCCCGGTAGGTCCTCGATGAATGAGCGATGCTCGGCGTCGTGGAGCGCTCGGTCCTTCGCGGTATGAACATGGGGCAGACGAACGAGAATCGCGCCGGTCTCTGCGCTGACGAGAACGGTATCGTGGATGGGAAGGCCGTTCGCGCGGCCCGTCAATTCGATACGATGGACGCGTTCGAGCGTGCCAGCCACCGCCCAGTAGGCATCGGGATCCTTCGAGAAAACGGCGCGATCGACGACCGACGCCGATTGCCGTTCGACCATGGCAATGGCAGTTTGCAGTGAAACTACCGGTTGACTCGTCGTGGACAGGTCGTCACGGACATGGCCGTTCGCAGCCACGATCCTACCACCGCGGACGTGAATCACGAGTTCAGCGCCGATGACCTCGAGTCCGTTCTTGCGCTGGCGAAAGCGAAGGTGCCTATCCCCGAGTACGTCCGTATGCTCGCTCTTGAGAGACAAATCCGAAGCGCTCGCGCGAAAGACTGGCGCAATTGGCATAAGGAGATTTACAGGGTTGGAGCGGGCATCGAAATTCGCGGCCATCGCCCCAAGATCTCCGGTCACGAACGACGGAACGCCGTCGTCATCGGCATCCACGACATTGGCTTTGGGTAAGCTGGCTAAATTCCGATCAAGAGATGCTCGTGATTGGTGAGCATCTTCATCGATGTCGTTCGAAACGCCGTGTCCACAGGCCAGTGCCATGAGGGGCACAGCCAAAATACCCAGCGCACGCAGGCTGATGAGAGATTTCAACGTGAGCTCTCCTTTCAGGGGCCGACTCGGGAAAGTGTGGCGGGCGCCCCTGTTTCCCGTGGGCGCCAGCGTCCTCCTTCCGTGTAGCACCGCTTCTCAGAAAATCGCGCACGCAGACAAATCGACGCAATCTTGGCGGTGCCGGACCGACGAAGTCATCGTGAGCATTCGCATGGCCATGATTCTCTGCGCCACGTCACCGCGTTTCTTTGACGGACGGCAAACAAGTTTTGGGAGACGGACACGGGGGTGTATCGTGGAACGCGATGAAAAAGACGCTCATTCTCCTTTTCGGCATGCAGCGGCGCGTCTCACGCCGTGCGTATCTGGGCTGGGGGGCGGCGCTGGCGGCGCTCAAGATCGGGGTCGATACCGCGGTCGTGCTTGCGATGGCGGGCACGTTTTGGTCGCCGCTCGCCTACATACTTCCGAGCGTGACCATCCGGCAACATGACGTTGCATCGGGCTCGGGGGCGATGCACGCGCTGCTCGCCCTATGGGCGCTGCCGTTCGCGTGGATCGGCCTCACCATGAGCATCCGGCGTGCCGTCGACGCGGGGCAATCGCCGTGGATCGGCACCCTCTTCCTGGTGCCGATCGTCAATTACATGATGATCGCCATTCTGGGGGCCATGCCTTCCAAAGGCCAAATGCGATGGGAACCGGCGCCGGTCATGGGGCCCTATCGCGGGGGTGGCGAAGGTGCGGCGCCGCCACCCTCTTCGGCGCGCACCCTGCCGCTTCCGCCCGCATTGCGGGCTGCGCTTTTGGCGCCACCCATTGGCATCGGCATGATCGCCCTCTGTTCGTACGCGATTGGCCAATACGGATTCGTGCTCTTTCTCACCACGCCGTTCGCGATGGGAGCCATCGCATCAGTCATTTACAATCGTCCGGCCCTTCGATCGTATGGGTCGACGGTTGGGGTGGCGCTGGCGGCGGTGGCGATCGCCGGGGGACTCTGTTTGCTCTTTGCGATCGAGGGCATTCTCTGCTTGGCGATGGCGTTTCCGATTGCCGCTGCGATGACCACCGCCGGTGCCCTCGTCGCGCGGGCGATCGTCGCTTATCAGTCGCACGAGCTCCCTCCGCTGGCGGTGATCGCCTTGCCCCTGTTTGCCTTCGGTGAATCGCACCTGGTCGGGCCGGTTCCGCGCGATGTCGTCACCACCATTGAAATCGATGCGCCGCCCGAGGCCGTATGGCCCAACGTCATTGGCTTCAGCGAGCTGCCCGCGCCGCCCGAATGGTTCTTTCGACTCGGAATCGCCTATCCGATGCGCGCGCGCATCCACGGTGCCGGCGTGGGTGCCGTGCGGCACTGCGAGTTTTCGACCGGTCCTTTCGTGGAGCCGATCACGGTGTGGGATCCGCTGAACCGGCTCGCGTTCGATGTCACGTCGCAGCCGCCGTCGATGACCGAGTGGAGCCCGTATCGGAACATCAAGGCGCCCCACGTCGAGAACTACATGGTCTCCAAGGGCGGCGAATTTCGTTTGGTGCGATTGGCTGGCAACCGCACG
NZ_CP089929.1_gap21	680367	684716	4349	GGATTGGGTTGACCGTACCGAGCTACCTGCAAGCACTTCACGCGGCGGCGGCCAGCGATCTCGTCGCGTTCGTGCCACGACGTCTTGCAGAGGCGTTGGCCGCGCCGTTATCGCTCGCGATCGTGAAGCCGCCAATCGATCCGGGGCCGTACCAGGAATTTCTGTTCTACCCGCGGCGGCGCGACGGCGATGGCGCCGCCCGATGGTTGCACGATATCGTGCTCGCGATCGGGCGGGACGTCGACGCGCCGACGCGACGCCGACGCCGGACGCTCGAGGCCGGGAAGGATGGGAAGTCTCGAAACGTAGGAAGTCGTTAGAAACGAATGCACCTACCGTGCCCGATCCATCCTGCAAGCTTCTCGTCGTCGACGTCAATTTCGCCCCAGTGTACGGGGTGACGCGTGTTCCCTATCGACCTAGTGCGGCGCAAAGAGCTGACCTCCCTAAACCGCCAGTATGGCGCATTTGGCATCCTCGTCGTGCCGTGGGTGCTGCTCACCGTCATCGTTGTCGGTGCCGCGGTCCTGGCGGCGCAGGAGGGCATGAAGGATTGGTCGAAATTCGGCTGGTGTCTCGAAAAGACTTATCCAGACTCCTATTACTCGACACTCGAAGACTGCCAAAGCTACGCGCGCGACAACTTCAAGCAGAACGCGATGACGTTCATCGGTATCGCCATCTCCTTCTTCATCGCGTGGGCCGTCGTTGGCTTCTTCGGCTTCCGTGCCGCGCGGCGGTTGCCGAAGGTTCTTTCGCTCCTAGACAACGCCCCTGCCACGAGCGTTTGGGCGTATGAGCAAAAGACATTCCTCGAGGGATCCAAAACCGCGGCGAACCGGCGAGAGATCGTGGTCGGCTGCGTCGACGGTACGAAGTCGAACCTCTGGATTCGCAGTCCCGACGAGATCGGGCCCTTACTGACGGCGATCGCTCTTCAATGTCCGGGCATCACCATCGGATTCGATGAGGAGAAGTCGGCGCAGTTCGTACGTGACCCGCGCTCGATGCGACCGGCCGAACCTGTCGTGCTCTTGCGACGTTGACGTCTGGCGCAGCACATTCTCACGTCGGAAACGCGGCTTCACTTCAAATTGAGTCGGCAAGGGCGCTTCGGATGCCGACGATGACCCCGATGGCGTCTTTCGAGATGGCCCGCTCACCGGTCTTCACCGAGATAGGGGCAGACCACGTGAGATCCGCCACGCCGTTGCCGACTCGAAGTACGGGAGCGAAAATGGCCAGCGCCAGAAGCGCGCGGCGCACTGGCTCGGTAAGCAGCGCGGTGGGGGCTTGCCCGTCGTCGTGGGCACATGCAAGTGATGACATCCATTTCGATGGCGCGGTTCGCTCCGCGCGGGGACGCCCACCATGGAAGGTAAATCGATCGCGGATCCGTCGGTTGCCGCGACGTTGATTGAGTCGGACAGTCAATCGTTGTACGTCGTCTCTTGGATCCAGTGAAACCGATATGACGTCAATGCGAACTCGGGGTCGGGTGTCTTGGCGAGTGTGAGGGCGAGGCGCTGCTCGCCGAGGACGCCCTCGATCGTGAGGTGCGCGGGGTCGGGGCGTTCGTAATGCAGCACGATCCTCTCGGCGCCCCCTGGCAGAGCGTCGCGCATGCCCGGCCGAAGCGTGAGCGTGTGCGCTTCGGGGTCGACCTTGAACCTCCATCGCACCATATTGCCATCGTCGCGTTTGACGACCAGGGAGCCATGTTGGCCGACGATGATGGTGCGCCAACGCACGAGATCCGACGGCGGAGTTCGCACTTCGGCGCTGGCCGCATTGGACTCGATCACGTAAGGGCCAGCGAGTGCCCTGGCGGGCGAACCGCTGTCGCGCATCTTCCGGATCATCAACGCGGAGCTCATCGCGGCGACGAGCGAGCCACCGATGTAGAGGACCTTGAGTACGAGCCTCGCGCGCTCGAATCGGCGTGAATGGAAGGGGGGGCGCTGCGGAGTGGCGGCGGCGGGCCGGCCGAGCACGAACACGTCGATGAGACGCCGCGCGTCGGCGGCGAGCAGGAAGAGCGCTATCGAGAAAAGGTGTGCGGAAAAGAGTTTGACCCCGACGTAGTAACAGAAGTTCAGCACGACTACGTTCGCCATGATGGCGGCAACCAGCATGGCCCCCAAAGTCGTGGTGCGGCGAAAGAAGAGCAGCAAGCCGCTCAGAACCTCGGCCCCGCCGACGAAAACGTTGTAGGCGGTCGAGTACCCCATGAAGGCCCACATCAAACTATGGGGTGACGAATCGCCGTACGTGCGACTCAGTTGTTCGATGGCCGGCGTCGGAAACTGCACCATCATGATCTTGAACATGCCGTAGAGCAGCATGTTCATCGCGAGCATGTAACGCAGATAGATCCGCAGTCCACCGTGCAGTTTCGCGTCACGCTCGCCCCGCACGTCGACCAGCGACCAGACGAGCGCCGCGACCGCGGAGAGGGCAACCACGCAGAAAAGTAGTACGAAATCGTAAGCCGAATCGGTGGTGCCCGACTGCGAGGGCGCTACGTCACGCGAAAAACCTAGAACATGGCGCCCCACCCAGGGCACGAGCGCGCGCCACATGCGGTCGTACACGTTGGTGAGCGGTTCGAGTTGGGTGACGTTGCTCAAGGGCTGCGGCAAGCTGGCGAGCAGCCCATAAGCGAACGCAAAGCGAAAGCCGAAGCGACGCGCGAAACGCGCGGGCGTATCCGGCGTGCCCGAGGGCGCAAAGACATCGCTCGGATCGGGGTTAAGGGAGGCGATCGGATCCACGGGCTAAGAGACAACGGGGAGCCGGCCGAGTTCCCGCCTCGTGGCGTATTTTCGTCGAGAGGTGGACGATTCGGCAAGACGCTTACGAGCATCGTTTAGCGGGCTGTTCAGGCGTGGAAGGGGGGGGGGCGTTTCGACGTCAAATAGTATTGAGGCTTGAAAGCGCTTGCGATTGACTCGCATGCGATGCATCTTCTTCGCATGAAGGGAGAGGCCAGGCGCGCTGGTCCGCAATTTCGATAAGAATTTGCGCAAACAGAAGCACCATTGCGAGAACGCTAGGCCGATGACGCTAGCGGATGAACCCGAACGACGTCCGTAAAACGGCACGACGGTCGCGTTTTACTGGAATTAACAAGTCAACGCCGGCGTCCCGCGCCAAAGTGGCCTCCAAGTCGAGCCCGCGCCGCCTCAAACCAACGAGAGAGACACATGTCCGAAAGAATCGATCTTGATCGCCGTCGTTTTTTTGGTGCCGCAGCCATGGCCTTTGCCGGCACCCAGCTGGGCATACTGGGCTGCTCGAAAGCGCAGGCCGACACCGTGAGGCCCGGCCGGCTGCCGCCGGTCAAACCGGGAACGAACACGTCATTCGGTGCGCTGAAGCAGATCGACGCCGGTGTGCTGAATATCGGATATGGAGAATCGGGCCCTCCCGATGGCCCGCCGGTCATTCTTCTGCACGGCTGGCCCTATGCCATCTACAGCTTCGTCGATGTGGCAGCCTTGCTGGCGGAGGCGGGGTATCGGGTGCTCGTTCCGAATTTGCGTGGCCATGGCACCACCCGGTTTCTGTCGAGCAGCACGGTCCGCAATGCCCAGCAGTCGGCCGTTGCCCGCGACATCATCGCCTTCATGGACGCGCTCGACATCCCGAAGGCGATCATCGGGGGCGTGGACTGGGGATCCCGGACGACCTGTATCATCGCGGCGCTATGGCCGGAGCGCTGCAAGGCGATGGTCAGTGTGAGCGGGTATTTGCTGACCAACGTCCCCGCCGCCAACGCGCCGGCGTCACCCGAGACCGAGTACCAATGGTGGTACGCGTCCTACTTCGCTACGGAACGCGGCCCGGTGGGTTACGAGAAAAACAAGCGCGAATTTGGACGGTTCATGTGGAAGCTCCATTCGCCAAAATGGAATTTCGACGAGGCCATCTTTCAACGCAGCATACCGACGTTGGACAACGAGGACAATACCGCCATCGTCATTCACAATTATCGCTGGCGGTACGGCCTGGCTCCGGGCGAGGCCCAATACGACGATTTGGAAAGGCAGCTCGCCGTCCGTCCCGTGATCAAGGTGCCCGCGATCACGCTGGAGGGAGACGCCAATGGTGCGCCACATCCAGAGCCCGCGTCTTACCGTGACCGATTCACGGGCAAGTACGAGCATCGGACCGTCGAGGGTGGCATCGGCCACAACCTACCATTGGAAGCGCCGCAGGCCTTCGCGCAGGCTGTCGTCGACGTCGACGGATTTTAGAGATTCGCGCATTTCGTGGATTTCCTCGCGCATCGGTTCGTCTCGACGGCGACGAGCGAGCCCGAGAAGCGCGACGGTTCATCGCAAAAA
NZ_CP089929.1_gap22	771163	771958	795	CTCTCTTGGCGCCATCTCGGAGGTGCGCTCCGGCCGATGGCTCGACGAGAATGCGCTCGTCGTCGTCGCGGGGGTCAAGGATCGCGAGCCTCGCCTTTGGCGCATCGACGTGGGCCATGCCGCGCCCAAGCCGCTCACCGAGGAGGGCATTTTCGGCCACGGCGAGACCGATCCCGCGCGTCAGCGTTTCGCCTTCGTCGACCGCGAGGGCACACTCCGCGTGGTCGACGTTCACGAAGGGCGCACGCGCGTCGTCCCCGGCGCATTCGCCCGTCAATCCGTGTGCGGCTGGCTCGAAAAGGGCGACACCCTCGTCGTGCGCAACCGAACGACCCCCATCGTTCTCACCGGCGTCGACGCAGCATCCGGCGACCTACGCCCGCTCGGCGAGATCCATCCCCCACGGGTCGGCCTCAAAGGCGTCGACTCCGTGGTCATCGATCGCGACGGTGGGGCGTATGCTTACAGCTACGGACAGGAGTTGTCGCAATTGTTTCTCATGTCGTTCGACGCACCTCGTGGATGAGTGGATAGGACATCGCCGATCGACTTGGTTTAGCAAATTGCGACAAAGTTCGCGATTCGTTGCTCCATCATGCGCTCGGAGCCGTCGAAGCGATCGTAGCTTTCCTATCTACTTTGGAGAACGTATGAATCTTTCAAAGGTCTTGATACCTGGTGTCCTCGCGCTGATGGGTTGCGCGGGGGAAGTCGAGGCGGTCGATACCGCGGAGTCGGCCCTCGGTCTTGGTGACGTGCAACTTTCGGTGGGTGGTGACCACTCGTGCGTGTTCA
NZ_CP089929.1_gap23	786003	790549	4546	CGTGGTTCTCTTGGCGGTGTCCATTTACCTACTGAGCCAGGATGTGGTGCGCGCTTCCGTGTCCCCGGCTACACCGTCGTAAAATGGAGAAAGAGCACGTTTCGATGTTCGAAACGTGCTCTCCGCCTCACGGAATCGTCCGGCTAGACTACGGGCACTTCTTCAGCCCGTGGGCGCTCGGATTCGAGTCGAACTCGCTCGTCGTGGAAAGATCGACGGCCGCGACCCACCCGAAATTCGCGTTGTCGTCGCCTTGTGTGTAGTACCAAGTCGTATTGCCGCCCGCGTGCTTGTCCCCGGTGCCCCAGCAGGTAAACCAGCTGTACGACGTGCGTAGGTGGTTGACGATGGTACCCCCATTCCTGGGCGTGGAGCGCATGTTGGCGCCCGACGTGTTTGCACAATACAGCTTTTGGTCGTCGGAATGAACCGAGCAAGCGCCGCCGCCGCCCCCGCAGTTCTTACCGGTAATGCTCCTCTGCCCGTAGCTGCCGGGGTAGGGGGCGAGCGAGGCTCCCTCGATCACGATGTCCTGTCCGACTCCATTGAGCAATTGTTCGAAGTGTAGGTGAGCTCCGCTGCTATTGCCGGTCGAACCGACGACGCCGATCTGCTGGCCCTGTCCCACCTGGGCTCCATCCGGTACGGAATAGGCCGACAGGTGAAAGTAATAGGTCTGCCATCCGCCACCGTGGTCGATGACGATGTAGTTGCCGGCCCCGGAGGGTTGAGAATGCCGCGTCGCCCGTCCGGCGGCCGAGGCGAGTGCCGGCGCTCCCGCCGTTCGGCCCGAGTTGTTCACGAAATCGAGAGCGCGCCGGACTTCTGCGCTATGGTGCGAATAGGTCCACGACTCGTTGCACGGCGTGGGCGCCCGGAAGTTGGGGCGCGCCAGCGGCGCAAGTTCCGCGGTATCCTTCGGCGCCGAATCCTCATCGAGCACGGCACTGTCATCGAGCGCGGTACCTTCTTGGAGCGCGGCGACATCCGGATTCGTCGCGGCGCCGTCATCGTCTCTCTCATTGGTCGACGCAGTGCATGCCACCATTCCGGCGCAAACAAAGATCCACGGAACGATGCTTCGCAATTGGGCCATGTTCGTCTCCTGGACTAAGGAATTCGTCCGACGGGTTTCGTTGAGGGGTCAAGGACACTTCTGCAGCCCATGTGCGCTCGGATTCGCGTCGAATGCGCTCGTCGTGGATAGATCCACGGCGGCGACCCACCCCCAATTCGGGTTGTCGTCGCCCTGCGTATAGTACCAAGTCGTGTTTCCGCCTGCGTGCTGGTCCCCTGTTCCCCAACACGTGAACCAGCTGGGCGACGTGCGCAGTCGGTTGACGATGGTGCCCCCGTTCGTGGTCGTGGAACGCATGGCGGCACCCACCGTATTGTTGCAATAGAGCTTTCCGTCGCTATGGACGTCGCAGTCGCCGCCGCCGCCGCCGGAGTGCCATTGCCCGAAGTCGTCGCTCTGCGCGATGTCGACATCGCAAGATCCGCCCGCGATGACGACGTTGACTTCCGTCTGTCGGAGCTGCGCGCGCGCGTCCCAGTTGCCGCCGGACCAAGCGAACGTCTGCCAACCCCACTTGATCTTTCCGGCGTCGAAGAGACGCTTGATGACGTAGTAGCCGCCGTACGCGCCCACTTGGTCCCGGGGAATGACCGAGGCAACGCCATCGAAGTAAGAGTTGATGACCGATTGCTGCCCGGGCGTCGCGTCGAAGTCGACGCTGAAGTAGATGGGGCGCCCGGCTGGCATTCCTGCGGCCGCCGCGAGGCGTTGTGCTTCTTTTGCGTCTTCTACGCCCCCGTTGAAGCCGTCGAGCGCATCGTCGGCGCCCCATTCCCAATTGGAAACGATATCGAGGCCTGCGGAGGTGAGCGACTGCGCCTCGCTGGCCGTGAGGACCTTCCCTCCGGCGCCCCCCGTCGTGTAGCTCAGGTATCGAACGGCGAAGGTGTAGCCCGCGTTTTTCAGGCCCTGGGGCGATGGGCGATCGAACGAATAATCTACCCCTTTGCGGCCTGCGGCCAGCCCATCTTCCAATGTGTTCGCGTTCCCACTCTCTCCGGTGTCGGTGCTACATCCGACCATCGAACCGCATGCGACCGCGACGAACGACCACCCAATGGTAACGCAAAATACGCGATTTAGCATAAGTCGATTCCTTTGCTTGATTGAGAATCCTCTTCCGAACTGACGGTGGCATGGGCCAGCCCGTCAGTATCCGCACCTCCGCCCCCTGATCGTTGTCCAGTACTCCGAGCCGGCAAATGCCGGCGAGTTGCAGCGTTGGCGAGTCTTTACGAACTAAAACGAGGCCTATCACGCCGGCTGAGAGGGTCAAATGTCAATGAATTGAAAAATCAGTGGCTGGGACGCGGCGAAATATGTGCGTCGCCCCCGTGATCGGTTGGGCAGGTATTGCTCAATTAGCGAATACGTACTCTATTTGCGACTACGCGTTATGGCTCCCCAAAACGCTATTGTTGGGAAGCCGGCTGCGACGGCTGAGATGCGGGTGCCCGCTCGTTGTCGGGACCGAGCGGTTTGCGCGGGGTCGTACCATGCGTACCGTCGTTGGTACGGAGTGTACCGACGGGCCTCGTGCCGCCCGGTACATGCGCGGTCGCTCATTGGCGCAAAATGCATGAAAGACGCGCTCTCGATGAGGCCCAACCCCCGTGGCGCAACTGGCACCTCGCTTGCACCAACGCAAGCGAAATGGACTCCTTTATCCCGAACCTCGTACATGCAAGCGGCGGGAGGGCGCTCGCCCGGGTCGAGCCAAGAGCGCGAGACGTCTCCGACGTCGTACTCGGTGTTCCGCAGGAACAGGCGCCGACGTCGTCCATATTGGAAAATCAGCTCGCGTATTGGCGGAATCAACTCGCCGGTGCGCCGACGGCTCTCTCGCTTCTGACGGACCGTCCCCGTCCGCCGTTTCCGGCCTATCGCGGTGACATGATTCGCGTCGAGCTGCCGCACGGAATCGCCGATGCGGTTCGCCGCTTTTCCCAGCATCGAGGCCTCACCCCCTTTTCGACGTTGTTCGCTGCGTTCGCGGCGCTCATGCATCGTTATACCGATCGAAACGATGTGTGCATTGGATCCGATTTCGTGGGTGGCGGAGTCGCCAATGCCATGAGCATGTCCGTCAACACGGTCGTCTTGCGGTCACGCGCGGCCGACGATGCGACGTTTCGCGACTTGGCGTTGAATGCTCAAGACGTCATTCTGGATGCGGCGATGAATCAGGGGTATCCGTTCCACGAATTGGTGGAGGCCCTGAAAATCGCAGGCGGGCCAAGCCGGGACCCGTTCGTCCAGACCATGTTCAGCTTTCACGACGGCGGCGTGTCTGGCCCGCGTTTCGGCGAGGGCTCGACCAAGTTCGATCTCGGCGTCGTGGCGATCCCTGACGACGATCGCATCTTCATGACTTGGGAATACAACTGCGATTTGTTCGAGCGGCCGACCATCGAACGGATGATCGGGCATTTCGTCCGCCTGCTCGACGCGGCCGTTCGTGAGCCGGATACGCTGGTGTCGCGTCTTCCGCTCCTCGATGACGCGGAACAGCGAGAGCTGCTCACGAAATTCAACGCGACGGCACCGGCGAAGGCCGCCTCCGCGCCCGTGCACCAACGGATCATCGCGCAGGCCCGCCGTACCCCCGATGCACTCGCCGTGCGCGACGCCCAGGGCGAGATGACCTATGCGGACTTGCTCGCGCGTGCTTCTCGCTTGGCCCGGCGTCTTCGCCGGATCGGAGTCGGTTCGGACGAGATCGTGGGCGTCTGCTTGCCGCGCAGCCAAGCGATGGTCGTGGCCCAGCTCGGGATCCTCATGACGGGCGCCGCATATCTGCCGGTCGACGCCGGGCAGCCGCAGGCCCGATTGGCATTCCTCTTCACCGACGCGGGGTCACGAAGGGTCATCACCTCGCGTGCCCTGCGCGCCCTTCTCCCGCCGGAGCTCGAGGCTCTCTACCTCGATGACGTCAAAGAGGATGGCCCTCTCGAGGCGTCCGAAGTCGCACCGGGCGATCTCGCCTGCGTCGTCTATGCATCCGACTCCGCGGGCGGCGCGATGTTGGAGCACGGGGCCCTCTCGAACTTCATCGAGTGGACCCGGAGCGAATTCGGTGTGGGCGTCACCAGCCGGGTGGCGTGCGGCCATTCGCCGGCGTTCGATTCGCCGATCACCGAAATCTGGACCGCACTCACCTCCGGGGCCAGTTTGCACATGGCCGAGGATGAAATCTGCATCTCGCCCCCGCGTCTCCAAACGTGGATGCTCGACCAAGGCATCACCGTGGTCGGCGAGCGGCTGCTGCCTTTGCCCTGGCCGGAGACGAGTGCCCTGCGACGCATCAGCGGGATGACGACCTATGTGCTCGATCGGGCACGTCGGCCCGTGCCCATCGGCGTCGCGGGAGAGCTCTACATCGGTGGGGTGGGCGTCGCTCGCGGATACGTGAATCGGCCCGAACTCGACGGCGAACGGTTCGTGGCGGACCCCTTCTCCGAGCGGCCT
NZ_CP089929.1_gap24	843309	846352	3043	GAGCGCGAGGCCATGGCGGCCAATGAGTGGGCCGTAGCCGCCGCCGAGCGTCAATCCGGCCATGCCAACGGCCCCCGAGGAGCCGGTCACGGCCGCGCGCCCGATGCGATCGGCCACGCGAAAGACGTCGCGCGCGAGGGTGCCGCCGCCCATGGTCATGACATGGCCATAGGCTTCGAGGCCCATTTGCCGCATCCCGCTCGAATCGATGACCAAGCCTTCGGGGCAAAGTGCATTGCCCGTCCACCCGTGGCCGCCACCGCGCACGGAAAGGGGCAAACCATGCTCCCGCGCCGCCCGCACGGCGAGCTGCACTTCGACGGCGGTTCGGCAGTGGGCGATGGCTGCGGGGGGTAATCCGCTCGGACGTGCCCAAATGTCGGTGGCCGCTGCATAACCGACCTCACCGGGGCGCGACAAAGAGACCCGGACTCCGTTTCCGGAGATGGAATGAGCCGTCATCGTGGTCATTTGAAAAGAGCTCCGCCTGAGCACCGCACGTGGATCTGCACCCAACCACCCCCTGTTTGGTGCAGGGCGCGAGCGCGATATTGGACGTGCGTGCTCTTCGCAGACGCGACGAAGTCTTTTACCGACGCAGCCTACCGGGCGGAACCCCGTAGATCTTGCGCGACCAGCGTGTCAGGTGGCTCTGATCGACGAAGCCGGTGGCATAGGCAATTTCGGAAAGCGTCTTTCGTCCATCGCGGAGCAGATCGCGCGCGCGCTGCAGGCGAAGTTGCATGACGTACCGGTGTGGCGACACGCCCACCGAGCGGGCGAACACCCGCGAGAAGTGGAATCGACTTTGCGCGGCGACGCCGGCGAGCGTTCCTACCTCGAGGGGCTGATTGATGTTGGCGTGGATGAATTCGGTGATGCGCAATAGCGCCGCTGCGCTCATGACGCCTCGAACGGGGCTGGCGGGTCTCGTCACATGCTGCTCCACGATAAGCTCTACGAATGCGTTCGCGACGCTGCTTCGATAGAGAAGGTCATTACCGAATCCGCCATTATCTCCCATATTCGCGTTTGCGCAATACGCGTGGGTCGTCTGTTTGCGCAAACCGTTCAAACGGGGGCCCGCCAATCGAATGGTCGTGCCGAGCGAACTCGACCCATGCTTCGAAAAAGGCCATCGCTCGCGCGCGGAATTAGGCGTGGGACATTCCGCCGTCGACGGTGATCTCCGCGCCGGTGGTGAAGCTGGAAGCTTGGGAACCGAGGAAAAGAATCGCCTCGGCGACTTCCTCGGCCTTGCCCCACCGGCCCATGGGAATGAGTCCCTCGACGTAGGCGCGTATTTGCGGATCCGCCGTCGCGGCCGCTGAAAGTGGCGTATCGATCGGGCCGGGTGTGACGACGTTCACGCGAATGCGCCGTTGGAGCAATTCGGGACTCGTGCCGGCATTGCGGGCGAATGCGTGCAAAAATCCTTTGCTGCCGGCATAGAGGGCGTCCCCCGGTTGCCCTTTGCGGGCGGCCACCGAGCCGACGAACACCACCGACGCGCCATCGGCCAGCAGTGGCAGGGCGTGCACGAAGGTGAAGACGGCGCCCTTGCAGTTCACGTCCATCAACGCATCGTACGATGTAGGATCGAGCTCGTGGATGGGCGGTGCGGTCGCAATGCCTGCATTGATGACCAAGACATCCAGGCGACCATGTCGCTCCTTCACGTCGGACATGAGGCGCGCGATGGAATGAGCGTTCGTCACGTCGGCGGCGATGGGTTCCGTTCGTTCGAGATGCACCGCCGGCTGCCGGAGGCGCGGTCCCTCTCGACCCACGACGATGACGCGAGCACCCTCGGAGGCGAGGCGCCGCACCGTGGCCGCACCAATGCCACTCGTACCGCCCGTGACGAGGGCGATCTTCCCTGAAAGCTGCATGGATCTCTCCTTCATTCGGGCTCGACACGTCGCGCCCGGCCTGGTAATCAACAGGTGTTGACATCATGGACGTAGGAAGGGGCGAACGGTTTGTCAACGAGTGTTGACAAGAAAGCGCGCCGCGTGCCGGCGGCGGAAACGCGGGAGCGCATCCTCGCGGCTGCCCGCACGCGATTTTGCCAGGCCGGATTCGATCAGCTGGGGGTTCGCGAGCTCGCGGCGGTGGCCAAGGTCGACCCGGCCATCGTGATTCGGCTTTTTGGCTCGAAGGAAGACTTGTTTGCCGCCGTGGCCGATGGTGCCTTCTCCTTGGAGGCGCCCTTCGATGGTCCGCTCGAGGGTCTGGGATTGCGCATCGCGCAGTTTCTCCTGGGCAAGGTCGACGAGGCGTCGCCGGACGACTTCGACGGATTTCGCTTTCTGCTGCGCTCGGCCGCGAGTCCCATCGCCGGGCCCATCCTCTCCAGGGCGCTGCATGCGGGCTTCATCGGGCCCCTCGCGAAGCATTTGGGCGGGCGCGATGCGCCGGCACGTGCGGCACTTCTCACGGCGTGCGTGCTCGGATTCGTGACCTTGCGCGTGGCGCTCGCTTCGTCCGAGTTGGAGCAGGCCCCACAGGGACGCCTCGCCGCCCGGTTCGGCGCCGCGCTCCAAGCGTGCCTCGAGGTGCGCTAGCCAATTGGCGCCAGCGACCGCGCCCGGCGCGTGCCCCGAGAACGCACGCCACAGGGTGTCCGGGACGGGCCTTGATTCGTCCCGGACAGAGGGCACCTGCGCGGATTCGCGCATTTTCGCGTGCACGCGGGTTGGCACCGCATTGGCAATGCGTCGGGGCAGACCTTGGTGCGTGGGTGTTCCGGACACCCCGCTCGCAAGGTTGCAGATCAGAGTGATGGGTTACCGCAAGGTATGAGTGGGAGGTAACAGCCGTCCGCGTGCCCGAGAAGGCAGGGAACCAACGCCCAAGGGCGTCCAGCTATCGGGAACAACACGTGGGCGGTGACGGGAAGCGCTGCGGTCGCGGACCGGTGGCCGAAGTCCTCGTTGGGGAAGCAGCCAAAACTGCTCGTATCCACCGGAACTTTTCCTACCCTCATTTTTATCTGGCAAAGAGAAGGCCAGAAGAAGAAACGTGTGAGGTTGCGCGGAAC
NZ_CP089929.1_gap25	849861	851985	2124	CGCAGCCACGGCGCCGACCACGTCATCGAGTACCGCAAGGAGGACTTCGTCGCGCGCGTCAGGGAAATCACGAACGGCGAGGGCGCCCACGTCGTCTACGACGGCATTGGCAAGACGACATTTCCCGCATCGCTCGATGCCCTCCGGCCCCGCGGTCATTTCGTCAGTTTTGGCTCCGCATCCGGGCCCATCGCGCCATTCGACATCATGCTCCTGGCGAAAAAGGGGTCGCTCTTTGCGACGTGGCCGATTCTCTTCACCCATCTCGCGAAACGCGAGGACGTCCTCGCGATGAGCGACGATCTCTTCCGCGTCGTGTCGAGCGGCGCCGTGAAGATCCCCGTCCACCATCGCCTCCCGCTCACCGAGGCCGCCGAGGCCCACCGCCGCCTCGAGGCGCGCGAGACCACGGGCGCAACGGTGCTACTGCCATGAGCACCACCCGTCAGGGGCGCGTTCGACCCTGCCAGGTGTCCAGCAATCGCACCATGGCCAGTCGGGTTTCGGGAGAGGACCTGGTCATGTCGTTTCGCTCCCCGGGATCGACGTCGAGTCGATAGAGCTGTTCGAGCCCGGAATCGGTTTGGAGGTACTTGAACGCCCCTTGCATCACGGCGCGGGACTCGAGGTGAAGTAGACCCCAGCGGTGTTCGGCATAGAAGAAGAGCGGACGTGTGCGCTCTTCGGGCGGTGCCTCGTCGAACAGGAGGTGCAACAGGTTCCAGCCATCGCTGGCAGGATCGGGTTCCGCGTTGGCCAAGGCCAGAATCGTCGGGGCCAGGTCGGTCAGGGACACCGGAACATCCACCGTGCGCACGCGGGCTCCTGGGATCTTGGCCAGAAGGAGCACCCGGGTATCGGGCTCGGAGAGCGATTGTCCGTGCCCGAGGAATCCATGCTCGCCGAAAAGCTCACCATGGTCGGAGTAAAAGAGGACAGCCGTGCGCTGCCGATCGTCTCGTTCCTCGAGGTGGGTCAAGAGCCGTCCGATTTCGCTATCGCAATAGGCGAGGGCGCTATCGTAACGGTCGATATCCGCTTGGCCGAAGTCCCACGATGGGTGCGCAATGTACGGATCGTGCGTGCATTGATAATGCAAAAAGAGAAAGAAGGGTGCTCCCTCCGGTGCGGACTGCAAATAGGAAAGCGCCGTGTTGGTCGTCAACGTCGCATCTTCCCCGTGAACGTCGTCGCCGTCTTCCACGGGCCACGGCGTGCGCCAGATCCGAAAACCGCGCCCCATGCCGTGGAAATGCGACACGACGTACGAAATGGTCCATCCCGCGCGATCGTACCCAAGGGGCTCGAGCCGTTCGGCCAGCGTGGGCGCCGACGGCAGCAAGGTGATATCGACGGCCCCGCGCTGGTGCGGAATACGGTCGGCGGCTCGTCCCGTGAAAAGGGACGCCATGGCAAAGCGCGTGGCCGGCGAGGGGGTGTACGCGTGGCGAAACCATGTGGCCGACTCCCGAAACCGGTCGATGTTCGGCGACGTCGGGCGCGCATACCCGGTCAGCCCCAGATGATCGGGCCGGAGCGCATCCAGGTGCACGAGCACGATGCTCATGGGGCGCGATGAAACGACGGGAGGTGACGCCCCGAGCGAGGCTGCGTCGTCCCGGGCATCTTCGCCCGAGCAATTCTCGTCCACGCCATTGCCCGGTAGGTCGAGCGCGCCGGGATGGATCCTCGGATCGTGGTCGTTGCAATCTCCGCCGAGCAAACCTGAATATCCGTCTCCATCGTGGTCGGTCACCGCCCGAAAAAGCGCAATGACCAGCGACACGTAGGGCGCGCGATAAAGGACGGTGAGCTGCGTGGGGCTGGGCAGCGTCAAGAGTACGAGCGAGGCGAACGGTCCCAGTGCGCCTGCGAGCACCAGCGATGCGATGACGCGGCGCCGGCCGAATCGCCGCCCCACGGCGCGTCGAACGATGGAGACGTGCCCCACGAAGAACGCGAGCGTTACGGCACTTAGCAGAACGGCATATTGCGATGGGACGAGTGCGCAGATGCCCACGACGGCGAGGCTTGCCACCCCCACGAGCTCGACGCCCGCGGCGCACGCGTTCCACACGAGCCGTTGCCGTGCGCTCGCGCGCGAACGCCATCGTGAAAGCCAGG
NZ_CP089929.1_gap26	1027248	1029043	1795	AGCACGAGCTCGTGGTGCGTCATTCCGCACGCCACCGAGGCGGCGGTGAAGAGGGCCAGGCCGAACAGGAACATGCGCCGCCGGCCGAAGAGGTCGCCAAGGCGTCCGAACAGCAGCAAGAGCCCGCCGTACGCGAGCAGGTACGCATTCGTCACCCACGTCAGGCGCGCCTCGGGCAGGTGCAGATCGGCTTGAATTACTGGAAGCGCCACGTTCACGATGGTTGCGTCGAGCACAAGCATGAATTGCCCGAGCAGCACGGCGAACAGCGCGATCCAGCGTCGCCTGGACGCCGGATCAGTCGTATTGGTTGCCATGATAGTCACAGTAGGTGTGACGATATTGGCCGACAAGATGATCCAAGCATGGTTATAACTTGGTTAAGGAACCGATGGGCTCCCACAGGACACCTCTCGAAGCGCTTCCCACCCTCACGCGCCTGACGCGCCGTGTGTATGCCAAGGCGGACGAGGAGCGTCTCGGGTTGGGCCTGAAGCAGCTCTACATCCTGCGCGAGCTGCGCGATCAGGGCAGCCTTCCGCAGAACTCGATTTGCGTTCTCATGCATACGACGGCCAACACCGTGGTCGCATGGTTGAACGAGCTCGAAGCGAGCGGCTTCGTCGAGCGCATTCGCGACCCCGAGGATCGGCGCAAGCACAACGTCGCCCTGACACCCTCCGGCCAAGCCGCCCTCGAGCACGCCGAACACGTCCTCTTCCAACTCGAAGAAGAGGTGCTCGCCCCGCTCACGAACGACGAACGCACCCAACTCCGCAAACTCCTCGCCAAAGCCCTCGGCTAGAGGAAACGGCTAGAGAGAAATTCACAGGAAGACGGGAAGACGGGAAGGACTTACGGCGAGGACAGCGCGGAACGCTTTTTTGAGGGTTCCAGTTCGCCCAGTGGGCGGATTGGAATCCAAAAAACCTTCCCGTCTTCCCGTGAATTCTCTCTCTACGGGTTGCTGCCGTTGCGGATGGCGTTGATCGCTTGCAAGAGGCCGCGGGGGGTGGCGCGCAGGGCGACGTAGACGTGGTCCGAGTCGGCCTCCACCTTGCGGACGCCGATGAGCGGCGAGACGATCGACAGCGCTTTGCGGAAGGCGCCGTTGGCGGCGAGCTTGGGCACCTTGAGCAGATCGAGCACGATGCGATCGCCTTCGGCCTCGACGATGGCCTCTGGCTTCTTCGGCGCGAAGCTCACCAGGTTGGCCGGCTTGGACAAGTCGAGCGCGCCCGACTTGATCAACGTGGCCACCGGCGAGTCGCTCTCCTGGAGCAACGTCAGCTTCATGTTGCTTAGACGGATACCGATGCGCACGGCATCGGTGCCGATGGTCACGTCATCGACCGTCACCGACGTGGTCGCACGCAGCGGCGTGCCCATCACGTCGATGGTGGCACCGAAGCGCAGGTCCGGTGGGGACGTGCTTAGCTCGATGTCCTTGGGCGCTTTGCGCCCTTTGATCTGCGACGTGAAGTAGCGAAGCGCCGCGACGGGAACGCCGAAGCGAAGCCCCGCCGCGTTGCGCGCGGCGCGGACCACCTCGTCGGGATTGCGTCGCAGATAGTCGAATGCCGCTTGGGCGAGCTCGCGGGGCTTGAGCATGCGACGGGCACTCTAGCACGAGCTTACGACTTGACGATCGCGTCCCAGTGTTCGGCGATTTCCTGCGCCGACCAGACCCCCGCATCGCCTTCTTTGAAGCGGCCCGCCGTCTCGATCACCTTGAAGGCGTACATACGAGCACCGGCCACCGCCAGGACGTAACCCGTGCGGTCTGCACATAGAT
NZ_CP089929.1_gap27	1072236	1075674	3438	GGCCCTGGGCGACAAGGTGGCCATCCGCTTCGGTGCGCGAACGTACACCTACGCGCGCGTGGCCGAGCGCACGAAGCAGATGGCCTCGCTCTTGGCCGACGCGGACATTCGTCGCGGAGAGCGTGTGCTCATCGTCCTGCCGGACGTACCGCCCTTCGCATGGGTGTTCTTCGGCGTGCTCCGCGCGGGCTGTGTCGTGGCGATGGCCAACCCCGACTCGCCGTTCGAGCAGATCGCATACTTGATCGACTACACGCGTGCGACCGCCGTCGTGACGGTGCCGCAGGTGGCGGAGAAGATTCGGGGCCTGACCGTGAACGAGGTGCGGCGCGTCTTCGTGGTGCCCGATGCGGCGACGGGGGACGATCCCGAGACACCCCTGCCGCGGGCGGCTGGCCCCATTTTCGTCGACTTGGCCGAAGCGCTCGACGAGGTGCGCGTGCGCGAAGACGCGCCGGTGATCGCGCGGGACGAGGCCGCGATTTGGCTGTTCACCAGCGGCTCGACCGGTGAGCCCAAGGCGAACATGCACTCGCACCGCGACTTTGCGTACAACACCGAGGTCTACGCCAAAGGAACCGTGGGCTACCGGCGCGACGACGTGACGGTGAGCGTGTCGCGTCTTTACTTTGGATACGCCACCGGCACGAACCTCATGTTCCCCTTTGCCGTCGGGGCCACCGTGGGCCTCTTCAGCGAGCGCCCCACGCCAGAGAGCCTGGTTAAGGCCATCGACATGTACCGCCCCACCGTGGTCACCAACGTGCCCACCATGCTGGGAAAATTGCTCGAGCACGACGCCACCTTGCGCAAGGACGGCAAGCCCGGGCTCGACTTGAGCAGCATCCGCTTCTCGCTTTCCGCGGGCGAGGCGCTCCCCGAGCCGCTCCTCACCCGCTGGCTCGAGCGATTTTCCAGCGACGTTTACGACGGGATTGGCTCCGCCGAGATGTTCCACATCTACGCGTCGAACCGCCCCGGCGACATCAAACCGGGCTCGCTCGGCAAGGTCGTCGATGGCTACGAGCTTCGCATCCTCCCCGAAGAGGCCGAGGGCCCCGGCGCCACGCCGTGTGCGCCCGGCGAAATCGGGGTCCTCTGGGTCAAAGGCGACAGCGTCGCCCACGGCTATTTCCTCGACCGCGACAAGAGCTTCCGCACCTTTCACGGCCACTGGTGCCGCACGGGTGACCTCTTTCGCGTCGACGAGCAAGGCTACCTGTACTTCGCAGGCCGCGCCGACGAGCTGCTCAAGGTGAGCGGCCTCTGGGTTTCGCCCATCGAGGTGGAGGAGTGCCTCATGCACCATCCCGCCGTCGTGTTGGCCGCCGTCATCGGCGTCGAAGAAGACGGGCTGCTCAAGACGAAGGCCTTCATCATCGTCCGCGACGGCACGCCTCCCTCCAAGGCGCTGGCCGACGAGCTCCAGGACTTTGCCAAGGGACGGCTCTCGAAGCACAAATACCCGCGCCTCATCGAGTTCGTCGCCGATGTCCCCAAGAACGATCGCGGCAAGGTCGACCGCAAAGCCTTGCGCGCCATGGAGGCGGCCAAGCGATCCGCGGCGTCCCCGGGAGACTCGTGAGCACGCGTCTCGCCGATCTTACCACGGAGGACGTGGCCGCCATCACGTCGCGCCCGCCCACCTGCGTTCTCGTCCCGGTGGGGAGCGTCGAGCCGCACGGCCCGCACCTGCCGCTCGCCACCGACACGGTGATCAGCGAGGAAGCTGCCCGTCGCGCGGCGGATGCTCTACGCCAGGCAGGCATCGCGACGTACGTGGCGCCGCCCGTTTCGTACGGCGTCACCGATTACGCGCATGGCTTTGCCGGCGCCCTGTCCATTCCCGCGCCCGTGCTCACGGCGTACCTCGAGGCCATCGCGAAGGGCCTCCTCGGCGAGGGGTTCTCGCATGTTTGCCTCGTGAACAACCACCTCGAGCCCGCGCACGATGCGGCGGTGCGGGCGGCCATCGTTGCCCTGCCGCAAGGCCGCGCATCGGTGGCGTGTCCGCTCACGCGCCGCTGGGCCCGCACCCTCTCGGAGGAGTTCCAGCGCGGCGACTGCCATGCGGGGCGCTACGAAACGTCCTTGGTCTTGGCCGCGGAGCCTGCGACCGTTCGACCCGCCGCCAAGACCCTGCCCGCGGTGCCGATTAGCTTGGCCGACGGCATTCGCGCCGGAAAATCGTCCTTCGCCGAAATGGGCATCGACCGCGCGTACACCGGCGCGCCCCGCGAGGCCACAGCCGAAGAAGGCGATGCGCTGTACGCGAAACTCACCGCCATGATTGTAGCCGAGGTACAAGAGGGGCTCTCTGCGTTGGCGCCGACGGAAAGAATCACCTAGCGCAAAAGTCGATGGATGGTGGCGGACCCGCGCGTGGTTTGCAGGCGAGCAGCGGCAGCGAGACTATCCCGGCGAGACCGGCGCCTTAGTCCGTCCCCAGCGGCAGGATCGCCAGGAGATATGGCGATCCAGACTTTCTGGACCACACATCGCTCTGGTCCCGCCGGTTTCCTCTCGCTGCCGCGGTGCTTGCACGGCAAAAACGTGAGACCCGCGCATTCACTCGAAAGGTACCTCTCGATTGACGCTAGAGTTGCACGCATGCAGACGCCGCTGATGGGGTTCAACGCCGCGCGCTCGACCATCGTCGACGAGGTGGTGAAGCGTGTGTGCGATTCGGCCAAGGATCCGCTTTTCCTGCTCAACGACGCGGCCTACCACGAGATCCGTCGCCTCAGTGTCAACGGCGGGGACGAGCTGGTGGAGTGGCGCGCGCTGGCCAGGTCGCTCGGGCGGTGGACGCAGGATCAGCAGCACGTGCGGCTCGAGGAGCTCGCGCGGCGCTATGCGTGGGACGTCGCAGGCAACTTCGATCCGCGCGTGTACAAGGTCGTCTCGCGCGCGACGGTGCCCGTGCTCGGCGCCATGCTCAAGCCGCGGCACACGCTTCGCCAATTGGCCCACGTCGGCGACATGAGCGCGCTCGATGGGCGCATTCTGGTCGAGGGGCCCGTCGCGCAGATTCGCACGCTCTCCTCGATTGGAACGTTGGTCTACGTCCCCACGCACCTCTCGAACCTCGATTCGGTGGTGTTCGGCTTTGCACTGGAGCGCTCGCAGCTTCCGCCGGCAACCTACGGTGCGGGGAAGAACCTGTTCACCAATCCGGTGCTCAGCTTCTTCATGCACAATCTCGGCGCGTACCGCGTCGACCGACGGCTAAAGCACTCGCTCTACAAAGACGTGCTCAAGACGTACTCCTGTGTGCTCCTCGAGCGCGGCTACCATAGTCTTTTCTTTCCTGGCGGCACCCGTTCGCGCTCGGGCGGTGTGGAGCGAAAACTGAAGCTCGGCCTGGCCGGCACGGGCATCGAGGCCTTTGCGCGCTCGGCCGAGCGAGGAAGGCTTCAGCCGGTCTTTTTCGTGCCA
NZ_CP089929.1_gap28	1078609	1079669	1060	CTGCATCCGGCTCCGACCGGGCCCGCCGCGGACGAAGCTCCGCAGCGCGTGCAGCTGCACAAGGTCGTCAAAGTGCAGGTCGTCTCGATCGAGACGGGCGGCCTCACGGTGCGCGTGCTGGGCGCCACGGGTCGTCATGCCCGCGGCTTCATCCCGGCCGGCGGCACCGGCACCCCGCGCGGTACCGATCTGCGCAAGCAGTTCCCGCCGGGTCACACGCTCGATGCCAAGGTCATCGAGATGGACCCGAAGCGCTCCGAGATCAAACTCTCGATCCGCGCGATGCAGGAAGAGAGCGAGCGCAGCGCTTACCAGCAGTACCGGCAGCAGGTGAAGCGAGAGGCCAAGTTCGGCACCTTCGCGGATCTGTTGGCCAAGCGCGGGCCCACGCAGAAGTAGCAAAAGTAGCTCGCGCCGAAGGCGCGGTAAGATGGCTTCATGCACTTAGGAAGCTGTCTTTGCCGCGCCGTCCGGTATGAAGTCGACGGCCCCATTCGCCGCAGTTCACATTGTCATTGCAGCATGTGCCGGAAGTTCCATGGCGCAGCCTGCGGCACGTACGCCAGCATGAAGCGGGAACGCCTGCGCATCGTGGCGGGCGCGGACGCGATCACCGCGTACGCCTCGAGCGAGCACGTGCGGCGCTCGTTCTGTTCGCGTTGTGGCTCGTCGCTCTTCTTCGAAGACGACAAGGCGCCCGATCTCATCGACGTGACCTTGGGCACCTTGGACGACGAGCCCGAGGCGAAACCGTCGGTCCACATCTTCTTCGTCGACAAGGCGGCCTGGGAAGACGTCCCCGAGGACGGGCTTCCACGCTTCGACCAGTCGTACCCACGCGAGATGCCGCCCGACCCGGACCCAGGTAAGGCTAGAGAAGGCGGCGCGCCTTGATTTCTAGGTAGCCTTTCACGAGCTCGGGGGTGACGTCGTCGGGGAAGACGTCGAGCACGAGCACCCCCGAGTTTCGCAAGGTGCGGATGAGGCCATCGCGCCACGCGAGGGCTTCGGCGGCGGCGGCGCGCACATAGAGGTCGTGCGCCGTGTCGGCGGGCGCGGT
NZ_CP089929.1_gap29	1100931	1103006	2075	GATTCCGATCGACCAAGGGGAACCAGCTGCTCTGGACTTGCACCATGATGCGGTGCCCGGAGCGGAAGGTGTGGAACGCGTCGGGGAGTGTGAAGCGCACCAGGGCGGGCTCGCCCGGTTTGAAAGGGGCCGGCTTTTCGTAGCTCGTTCGGAATTTCCCGCGCATCACTTCGGCGCGTACCAGTTGTTGGTAGCCGCCCATGTGCACGCCCGAGGGGTTCGGCACCGGATCCGGGTAGTCCGCCGGGTATACGTCGATGACCTTGACGACGAAGTCGGCGTCGGTGCCCGTGGTGCTCACCCATAGGCTTGCCTCGATGGGCCCGCCGAGGGTCACGTCGCTTTCGAGATCGCCGGTCGAATAGGTGAGTACGTCGGGCCGCCGTGACGCGAAGCGCTGGTCCTCGGTCATGTAATCGTGATTCACCCGCGTCGCGATGCGATCCCGATAGGGCACGGGCTTGGCCGGATCGCTCACGTACGCATCGTACCCCGTCGGATCCTCGCTCGCCGCGACTTGGGCCGAGGACAGCTTGCCGCTGGCGTGGAAGGCGACGAACACCGGCTTCGCCTCTGGCGGTGGCCATGCGGCGTAGCGATGCCACGCGTTCGCCCCCGTTTCGAAGACCCACGCTTCGGCGGGCGGAGCGACCTGCTTGCCCTTCAAATAGCGCTGAAAGAAGGGAAACTCGACGTTCTCGCGGTAGAAGGCCGACGTCTTTTGCCCGAAGGTCACGTCGCCCAAATGATCGCCTTCGCCGCGCGCCCAGCCGCCGTGCGCCCACGGACCCATGACCAGCGTGTTGTTCGCTCCGGGGCTCTGCTTCTCGAAGGTGTGGTACGTCTCCAGTGCGCCGAACAAGTCTTCGGCGTCGAACCAACCGCCCACCGTCATGACGGCCGGTTTGGCATTTTTGTAATACGGACGAGGGTCGCGCGCTTTCCAGAATTCGTCGCGCACGCCGTGTTGTTGCATATCGTTCCAGAATGCAACTTTGTTTTCGTAATGACGCGCGTTCACATTGGAGAGGGGACCTAGATTCAGATAAAATTCGTAGGCATCCGTCTCGTCGCGGAATGAACTCCAATCGACCTTTTTCGTCGGCTTCGGGCGAGGTTTGCCGAAGGGGGAGAAAAAGTCGACCGCATCGCCGAGCATCAACGCGCCATTGTGGTGAAAGTCATCGCCGATGAACCATTCGGTGACCGGGGCTTGCGGCGAAACGGCTTTGAGGGCCGGGTGGGAATCGACGGCGCCCTGTGCCGCGTAAAAGCCGGGATAGGAAATACCCCACATACCGACTTTTCCGCTGTTCCCCGGCACGTTTTTCACCAGCCAATCGATGGTGTCGTACGTATCCGTGCTCTCGTCGATTTCGCCTTTGGCGCGTGCGTGCGGGCGAATGTCCACGAAGGTGCCCTCGGACATGAAGCGCCCGCGCACGTCCTGCCGCGCGAAAATGTAGCCGTCGCGAAAGAGCTGTTGCGACGGTGCTATCTTCTCCATGAGGCGTGGATCGTCGGCGGCCGGATAACGATCTTCGCCGTAAGGCTGCACGCTGTAGGGCGTGCGGGCCATGAGAATGGGATACGTCCGCGAGCGGTCTTTTGGTACGTAGACGATGGTCGTCAGCCGCACGCCATCGCGCATGGGAATGCGGTATTCGTACTTCGTATAATATTCACGCAGCGCCTGGGCGACTTCGCCGTTGTCTTTCAGCTCGCGCGCGATGAGCGGTGCATCGGTTTCTGCGGCAGGCTTTCGCGGTTCGGCGACGGCTTTGGGTGGGGCCACGCCGCAGGCCACCGTGGCCAGGCCCAACGTGACGACGGCGAGTTTCATGTGCCGTTCCCCAATAGATTATCGAGTCCGCGCACTACGCCCCGCAGCGATTGCACTTTGCGGACGGCGAGCAACGTTCCCCCGACGTAGGGACCCGCGGCGTCCAGGGAGTCGTGGCGGATCGTCAAGCGCTCGGCACCGGTGCCGAAGATGACCTCGAAGGACATGGTGTAGCCGGGCAACCGCACCGAGTGCACCTGCGTTTTACCGATGCTCGCGCCGCGCGCATCGC
NZ_CP089929.1_gap30	1113633	1118617	4984	CTCGGTCCCGAGCTGGGAATGTGCTGCGGCGGCCAAGCCGACCTTTTGTTCGAGCCCATCGACGCGCTCACGCCATGCCTGATCGTCGGCGCCGGTCACGTCGCCACGGCCACCGCGCCGCTCTTGGCCCGCGTGGGCTTCGCGGTCACCGTGTGCGATGCGCGCGAAGAATGGAGCGACGAAGGGCGCATCCCCGGCGTGCGCTTGGTGCTCGGTGACTATGACGAGGTCGGCGCAGATTTCCCACGCGAGGGCGTCGTGGTGGTGATGACCCACGACCACGCCCTCGATCAAGCCGCCATCGAGTGGGCGCTTCGCAAGGGCTTCGCGTACGTCGGTGGCGTGGGCAGCCGCGCGAAAGCCCAGCGCACGCGCGATCGGCTCGAGGCCAAAGGCTTTTCGATGGAGGATCGCGCGCGGATGCGCATGCCCATCGGCGCCGACATCCATGCGCGCCTGCCGGAGGAGATCGCCGTGGCCATTGCCGCCGAATTGATCGGCTGGCGAAAGACACGATGACCGTCGACGCCGTCGTTCTCGGCGCGGGTCGGGGGCAACGCATCGGCGGGCCGAAAGCCCTGCTCGAGATCGACGGACTTACGCTGGCGGAGCGACACGTTCAGCGCGCTCTCCTTTTAAGGTGCCGGCGCGTCGTGTTGGTGGTGCGCCCCGAGGTGGCGGAGGTGCTCGATGCGAGCGCGTGTCCGTCCTTGACCATCGCACGTTCCGAGGCGCCCGATCCCGCGGGATCGCTGGCCGTCGGTCTGCGGGCGCTCGGCGAGGGCGAGCGCATTCTGGTGACGCCGGTGGATGCATTTCCGGCGAGCCAGGAAACGTTCACCGCGTTGCGTGCCGCGCTGGACGATGGTGCCCAGGCCGCGACACCTCTCTTTAAGGAGAGGGGCGGTCATCCCGTCCTCTGCCGGTGTGAAGTGCTCGCACCCTATCGCAGTGCGTTACCGCTTCCGTTGCGGGATGTGCTGCACGCGCTGGGGGCGGCGCGCGTGCGGGTGCCCGTGGACGATCCCGCCATCGGCGTCGATCTGGATACGCCGGAAGATTTTCGGAACGTCGCGAATGCATCGCCCCGCTTTGCTGCGCGCGTGGTCTTTCGTGAAGCGCACCTTCACGGATAGAGTAGTTCCCATGAGCAACCTTATCGGCACCAACGTGCCGCGCACGGATGGCGCATCCAAGGTTACGGGCGCCGCCCTGTACATCGACGATTACGCGGCCGAGGGCGAGCTTTACGGCGCCACTGTGCGAAGCGACATCGCGCGCGGAAAGCTGCGGGGCATCAAGAAGGATCCCTCGTTCGATTGGACGGGCATCACCGTCGTCACCGCCGCGGACATCCCGGGTGACAACGTGGTCGCGCTCATCGAGGACGATCAGCCGCTCCTCGCCGCGAACGCCATCAACCACGTGTACGAGCCGGTGGCCCTCGTGGCCTGCGCCGACCCCTTGCGCTTGCAGCGCGCCATGAAGGCCATCACCCTCGACGTCGAGCCGCTCCCGCCGGTGCTCACCCTCGACGAGGCCTTGGCGCGCAAAGAGTCTATTTTCGGTGAGGACAACGTCTTCAAGCGCTACGTCATCCGCCACCACATCGACGGGGAGCACGGCAGCATCGACGACATCATCGCGCGCTGCGACATCGTTCTCTCCGGGCGCTACGAGGTGCACCACCAGGAGCAGCTCTACATCGAACCGCAGGGCATGATCGCCTGGTGGGACGAGGCGGGCGTCCACGTCACCGGCTCGCTCCAGTGTCCGTACTACGTGCACAAGGCCATGAAGCGCGCCTTCGCGCTCGAGGGCGATCAGGTGCACATCGCGCAAGCGGTGACCGGCGGCGGTTTCGGCGGCAAAGAGGAATACCCCAGCATCCTCGCCGCACACGCCGCGCTTCTCGCCCGTGCCAGCAAGCGCCCCGTGCGCATGATTTATGGCCGCAAGGAGGACATCGAGGCCACCACGAAGCGCCACCCGGCGCGCGTGGACATCACCACCGGCTGCGACAAAAACGGCAAACTCGTCGCGCTCAAGGTCGACTGCGTGATGGACGGCGGGGCGTACGCCACGCTCACGTCCGTCGTTCTTTCGCGTGGCTTGCTCCACGCCGCGGGCGCGTACGAGTGGAAGCACGCGCGGGTCGCGGCGCAGGCCGTGGCGACGAACACTCCGCCGAACGGCGCCTTCCGTGGCTTTGGCGCGCCGCAGACCATCTGGGGCATCGAGCGGCACATGGACCGCCTGGCGGAGAAGCTCGGCGTGGATCCGCTCGATTTGCGAAAGAAGAACCTGCTCAAGATTGGGTCCACCACGGTCACCGGGCAGACCCTCAAGGAAAGCGTCGGCGTCGAGGAGTGCATCGAGCGCGCGGTGAAGGACAGCGGCTACTACGAAAAGCGCGCCGCCTACGCGAAGCAGGCGACGACGGGGACGAGCCGGCGCGGCATCGGCATTTGCGTGTTCATGCACGGGGCGGGATTCACCGGCTCGGGCGAGCGCCGCCTCAAGGGCAAGGTGCAGGTCGATCTCGAGCGCGGTGGGAAGCTGCGCATCCGCACCGCCTCGACGGACATCGGCCAAGGCACCGAGACGGTGTTCCGGCAGATCGCCGCCACCGCGGCGGGCGTCCCGCTCGAGGCCATCGAGTTCGAGGTGCCGTGCACCACCCACGTGCCCGACTCTGGCCCCACGGTCGCATCGCGCACCGTCATGGTCGTGGGATCCATCGTCGGCACGGCCGCAAAAGAGGTCGCGGAAAAGGTGCGGGGGTCTGCGTTTTGGACGAAGGGTGGCGACCACGCGGCCTTCGCCGCCGCCGGCGATCGCCTGCTCGACGCTGCGAAGGAGCCCATCGTGTCCCTCGTGCAATACGAGCCCCCCGTCGCGAACCAATGGAACGACGACACGTACCAAGGCGATGCCTACCCCACGTTTTCATGGGGATGCGACATCGCGGAGGTCGAAGTCGATCAGGACACCTTCGAAACGAAGATTCTCGGCTTTTGGGCCGCTCAGGACATCGGCAAAGCCATCCACCCCGTGCTCTGCGCCGGGCAGGTGGAGGGGGGCACCCTGCAGGCCATCGGCTGGGCGCTCTACGAGAACGTCGTGTGGAAGGATGGCCGCATCATGAATCCGCGCATGACGAATTACGTCATCCCCACGAGCAAAGACGCCCCCGCGTTCAAGACGATCCTCGTCGAGCATCCGTTCTCCGGTGGTCCGAATGGCGCCAAGGGCGTAGGCGAGCTTCCCATGGACGGAGGCGCCCCGGCGGTGGCCGCAGCCGTCGAGCAGGCGATTGGTGCAAAGTGCAACCATCTCCCGCTCCTTCCCGAGAACCTCTTCGCCTATGCGAAGAATGCCAAGACGAGTAACATCCAATGATGCTTCGAATGACTGTCAACGGGGTGGCCCGCGAGGTGGAGGCACCGCCGCTCGCGCGCCTGCTCGATGTGCTGCGCGGCCCCATGGGCCTCACGGGAACGAAAGAAGGTTGCGGCGAAGGTGAGTGCGGCGCCTGCACCGTACTTCTCGATGGCGTGCCGGTGAACTCGTGCCTGGTGGCTGCGGGCCAGTGCGAGGGCCAGGCCCTCACCACCGTCGAGGGCCTGCACGATCCCAACGGCGCGCTTTCCACCTTGCAGCGCTGTTTCGTCGAAGACGGCGGCGCCCAATGCGGCATCTGCACGCCGGGCATGCTCGTCGCGGCCGACGCGCTTTTGCGCGCGAACCGCAACCCCACGGAGGACCAGGTGCGCGACGCCATCGCCGGCAACATCTGCCGGTGCACGGGCTACCAGCGCATCGTCGATGCGATTTTGCACGCCGCGAAATTGGCCTCGCAACACGCGAGCACGGCCCCCCAAGCGGGGCCTGGGGGAGCACCCTGATGTTGCAGTCCACGGCAAAACTTCCGCGCGCGGCGCACGCGCCGGCGGGGCTAGAAGCTACGGAGCTGATTCGCCCGAAGACCGCTGTCGAGGCGGTGAAGGCGCTCTCGGAGGCCGCGGCGAACCATCGCTCGACGATGGTGCTCGCGGGCGGTACGGACGTCATCGTCGATCGGCATCTGCTCCCGGTGGAGCGCGCCCACGCGGTGGATCTGGTGGTGGATGTCACCGGGGTCGAGGGGTTTCGCACCATCGAGCGCGAGTTCTCCGTCGATCGCGATCGGCTCGTGTTCGCCGGTGGCGTGACGTATTGGGACCTTCGGCAGGATCCGCTGGTCTTGCAGAAGATCCCGATGCTCGCGGAGATGTCCAAGGACGTGGGCGCGGTGCAGATTCAAACGAGGGGCACGCTCGCGGGGAACATCGCCACCGCGTCGCCGGCGGCCGATGGCGTCGCGGCGCTGATGGCGCTCGATGCGAATGTGCACCTGCTCTCCGCTCCGACCGCGGGTGGTTCGGCGAAGGGGGAGGAGCGCATCGTTCCGCTGACCCAGTTTTTCACGGGGTACCGCAAGACGGTGATGCGCGCGGACGAGCTCATCGTGCGCATCGACGTGCGCGTGCCCGATCCGGCGATGGCGAGCGTCATCTGGCGCAAGGTCGGCACGCGGCAGGCGCAGTCCATCTCCAAGGTGGCACTGGCCAGCGTCATCGAGGTGCAGGACGGCACGATCCGCCACACGCGCTTCGGCATGGCGTCGGTGGCGGCGACGACGCACCCGCTCGCGCAGGTGCAGGCGTACCTCGAAGGTCGTGCGCTCGCGTCGGTGAAGGGCGACGAGGTGGACGCGGCACTCGCACGCGACATCCGCCCCATCGACGACGTGCGCAGCACCGGTGAGTACCGCATGCATGTTGCGCTCAGTCTGGTGCGCCGCGCCTTGAGCCAAGCCAAGTGAAAACGAGTCTCACCGAGGACGCGCTGGCCCCGATTCGTTCGAGGCTGCACGAGGCCAACCAAGCCTTTGCCCAGCGCTATCCCGGCGAGCGAAATGCGCGCCAGCCCGTGCACACCG
NZ_CP089929.1_gap31	1123318	1123827	509	CGGCAGGATTTCACGCCACTTCGAGGCGTCGGCTACCCCAGGTTCGCCGCTTTGGGCGACCGGCATTCTTAATAGCTCGTCGGTGGTGGCGTCCGGCGAAGCATGAATCCCGTGTATGGTGCAACTGTCCGGGTAATTGCCTTTGAAGTGGTTCGTGTCCACCTCGATGCGCTCGACGGTGCCCTCCGCGGCGAGGCGCACGATGGCCCAATCTGGGCCTTCCGCGCGGCTGCGTTTGGTCTCCCACCCGTCGCCCATGTTCACGCCGCGGCCCGGCATGATCAAATTGTGGCGCGAGCCGAAGAACATGTCGTTGCACGCGAGCACCAGCGCCCCGTGCTCGGCGGCCGCCAGATCGACCTCGGCCCCGGGGCGGCCGGCCCACCGTGGGGAGGGGAGCACGTCGCCGTGCACGCGCAACCGCGCGACGCCGCCGTCGGGGTAAATGTGAAAGCGCAAATGCGTTAGACGCAGCCCGGCGTCGATGGTGAACAGGTTTTGCGTATCGC
NZ_CP089929.1_gap32	1125179	1127630	2451	TGCGCGCGAGCTCCTTGGCATTGCCGGGCACCAGCCCGCCGCACAAGGCCACGTCGACCTGGATTCGACCCTCGGCCGCCTTGCGCTTCGCCAGCAGCCCTTCCACGGAAGTCGTGGGCGGAATGCTGTTCAGCGGCATGTCCATCAACGTGGTCACCCCGCCGGCGGCGGCGGCGCGTGTGGCCGTTTCGAAGCCTTCCCAATCGCTCCGGCCCGGGTCGTTCACGTGCACGTGTGTGTCGACGATGCCCGGCATGAGCACCAGGTCCCCCACGTCCTCCAGGGGACAGCCGTCGGGCACGGCATCCCAGGCCTCCACCGCGACGATGCGCCCCTTCGCCAGGTGCACGCAGGCGGCGCGCACCCCTTCCGGCGTGACGACGCGTCGGCTTCGCAGGCATTGTTCGATACTCATGCGGTTTCCATCGTTTCGAGCAGGAGCCTAGCGCTTTCCATGCGGCAGCGGACCCGGGAATGGTGGATAATGGTGAAGGCGTTTTGGATACAAGATGGTCCTTCGTTTTCCCACGTTGACGCGCGCACTCCTCGCCGTGGGCCTGCTCGCCGGCCTTGGCGCGGGGGCGATTCCGCTCTATCGGCATTTTCTTCCCGCGGACGAGATCGTGCCGGGGCTCACCATCGATGGCGTGGCGCTACAGGGTGACGCCGCGTCGTTCATCGCGGCGCGGGCGCGGGCGGTGGCCGAGCGCAAGGTGGCGCTGGTGATGAACGATCACGTCGCGGTGGAGGCCACCCTCGGGCAACTGGGGGTTGGCGTCGACGAAGAGCGGGCGCTCGCGCTCGCACGCGCCATCGGCCATGAGGGAGACGTTCTGCGGCGCGCCGACGAAAGCGCCCGTGCCCGGCGCGGTCAGCTCGACGTGCCCCTCTTGGCGAAGGTCGACGTGAACGCGGTTTCCGCCGCCGTCGAACGCATCAAGGAGAAGGAGGACGTCGGCCCCATTTCGGCGCGGCTCAACGTCGAGCAGCAGACGGTCGTGCCGGAGCGGGTGGGGCACTTCATCGATCTCGATGCGACCATCGCCGCGTTGGCCAAGCTCGCCGGTGAACCCTCGCGCGAGCCTGGCTCTCCCGTTCGCGTCGCCTTGCCGGTGAAGAACTTCGCCCCGCGGGTCACCAGCGACTTCGTGCGCACCATCGACGTGCACACGGTCATGAGCGAGTACCTCACGTACTTCTCGCGCAACAAAGACCAATCCCGCCGCGGCCAGAACATCGACAATGCCGCGCTCAAGCTCGACGGCCTCGTGCTTTCGCCCGGGGAGCTGGTCAGTTTCAACGACGTCGTGGGCGAGCGCAGCGAGGAAAACGGATTTCAGAAGAGCTGGGAGATCTTCAAAGGCGAGATGGTCGAGGGCGTCGGCGGCGGCACGTGCCAAGTCGCGTCCACCGTTCACGCCGCCGCGTTTTTCGCGGGGCTCGACATCGTGGAGCGCCTGCCGCACTCGCGCCCGAGCGCGTACATCCCCATGGGCCTCGACGCCACCGTGGTTTACCCGGTGGTCGACATGAAGCTGCGCAACCCGTTCCGCTTTCCCATCGTGCTTCACGCGGTCGTCGACGGGAACCGCCTGCGCGTGGCCATGCTCGGTAAGAGCCGCCCGGCCACGGTCAGCTTCTCACGCGACGTGGTGCAGACCTTGCCATACCCGCGCAAGATCGAGGAGAAGGCGCTCGCCGGCAACAAGGTCATCGTCAAGCAGCACGGCATCTTCGGCTACCGCATCGAGCGCGAGCGCGTTCTTCGCTTTCGCGGTGGCAAGGAGCGGGTCGAGAAGAACAAAGACTTCTACCCGCCGACGACCGAGATCTACAACGTGCCGCCCGGCTTCGACGTGGCGCAGCTGCCGCCCCTCCCCACCGTGAGCCAAGACGAGGGCGAAGGCAGCGACACCAGCGCGCAGACGGCAGCTGCGGCACTGGCCGCGACGGGCCCGACGCCTTTGGCCCCGGCCACCACGCAGCCGGTCTCCACGGTCGTGATGGAAGATGCGCCCGGGGCGCACGCGCCCTCGTTGGCACAATCCAAGCCGGTAAAGAAGGTGACCATACGTCGTTGAAGGTGAGACACGGGGGCCTGCCTCGCCACATCGAAATGAGGTGAGCGAGAGCGGGGGCCCCATGTTCGTCACCAGGTTTTTGTCGGTTCTAGTTCTGACGAGCGCGACCCTTATCGCGCCGAGCCTCGGGCACGCGGATACGATGCCGGCCGGCGCAACGCAAACCGCGAAGCCGGCATCCACCAGCGCCCGCCTCGAGGCCTTGGGCCAGGGGGTGCGCGAGATCGACTCACGCTCCCGGGCCGTGCGCGACATGATCGTGCGGGAACCCGACCAGCGCGTTCGCCGCCATTCGCGCCGCGCGATGGCCGTCGTCGACGAGAACCGCATCTCCATCGCAGCGCGGCTCGACCTCTTTCAGGTGGTGGTG
NZ_CP089929.1_gap33	1149702	1150387	685	GCACGTCTGCTTGTTGGGGCAACGGGGGTCGCGTGACGTGTTCGTCGCTTGACGGCGGAAACAGTCGCTCGAGTGCCACCGGCGAGAATGGACCGAAGTCGACGCTGATCTTGGGTGACACCGTGTACTGGATCAACAACGGTCCCGGGGACATCAAAAAGTTTCCGCTCGCCGGTGGTGCCAAGACGGTTGTGGCCAGCGGAGGTGGAATCACGGGAAGCCATTCTCTCGTGGTGGATGGCACGCGGCTCGTATGGGTCGTCGCTCCCACCAAGGCCGTGGTGACGGCTCCTGTCGATGGGGATGGCGGTTCACCGATCGTTCTGGGGACCATCCCTGCAGGCACGCCCAACGCCGTCGCCGTCGGCACGGACCATTACTACATCGCCGCTCAGAATGCCTCGGCGTCCGAGCTGGGCGGCATCTACCGCGTGGCGAAGAACGCTACGGGCGGCCCTGCCGAGCTCGTGATGCGCCAATCGCTCGTCGATCCCAGCATCGTGGTGGTGAGCGATTTCGTCTACTACACGAACAAGGTCGATGAAGGCGCCGTGTACCGATTCAAGGTCGGCGACACACCGCCGGATGGCGGACCGCCTGCCTTCGTCTCGGCGCAGCCTTCTCCCAAGGCCGTTCGGGCAGGGGCGGATGGCTTCATCTACTGGACCAACAGCGTTGCCGACGG
NZ_CP089929.1_gap34	1152213	1154536	2323	ATGACGAGAAGCACGCGGGTGAGAGGCTTGCTCCACACGCTGCCTACGCGACAGGCAGAGTTGCGGAGCGACGCAAGGGCGCCGCGTAGCGTGTACGCGGCGCCTCCCGGGGTTTGCGTCGTCATCGACGGACTCAGAAGGGAATGTCCGCGCCGTGTTTGCTGCTATCGCCGAGTGAGAAACTCGAAGAGTTGCTCGAGCCCCTCGAGAGGGGCGCGGGCGGCAGCTCCGACTCGCTCGCGGCATCGCGCGGCGTGTAATCGCGAAGCTGCAAGTTGCCGGAGACCGGAACCGCGTCGAGCCGTATGTTGATCGACCCGTCGCGATTCGTGAAGGCGACGCCGACACGCGTCCAGAAGGAGCGCCCCTGCCGCTCCGAGACCGTGTACGCGACCTTCATGTTGCTGAAATTCCGCGGCGTGGAAGGACCCGAACCCGAAACCGACAAGCTGCCGTTGTTCAATTGCACATCCATTTGTCTTTTCTCCTGTTGGCGGTCGCGTTCCCGCGCCGCACTCCCAGGCATAGCGATGCATGTGCCATCAGCTCTCCCGCGTGAATCCGCGCACTTACGCGGCGCGCTGCCCGTCCCGGCCAGCTTTGGCCTGTCCCAGGACAGTCCCGCCCTCTCGCGTGCGCCTCTGGTCTACGAAGGCATGCGAGCCCTACAGCGTCGAATGGATCCGGGCATCGAACGTAAATGACCTGCCGGAAAGTCCGCGCCCGCGGCAGGCTGGTGTATCCTTCTACGAGCACAAGGAGCTTCGATCATGGCAGCGCACGAGCGTGAGGGGGAAAATCGAGAGGACCAAACGACGCGGCGTTCTTTCCTGGGAGCCGTCGCCGCTGCCGGTGCAGCTAGCGCGGCCGGCGCCACCCTCCTCAAGAGTGAGGTCGCGGAGGCCGCCAAGGACAGCAACGCGGTGCCGAACCTCGCGGCCAGCCCGCCGCCCGGCTTCACGCCGTTTGCGGCCCCCGGACGCATCGTCAAGGTGACGAAGCCGGGCTCTCTGCAGAACAACAAGGTGTACCCGAAGCCCGATGCGGCCAAGGAGATGCTCACCAAGGTTCTCACGGAGCTCACCGGCGAGCCCGATCTGCCGAAAGCCGCCGCCCGCTTCGTGCACCCGGACGACAAGGTTTGCGTCAAGGTCAATGGCATCGCCCTGCGCAACCACGCCACCAACCAGGAGCTGGTCATCCCCTTCCTCGAGGCGATGATTGCTTCCGGCGTTCCGGCCAAGAACATCACCGTGCTGGAGCAGTACGGAAGCTACCTGCAAGGTACACGCATCAACGAGAAGAACGTTCCCGCGGGCGTGAAGATCTCGATTCACTCCAACGGCGACACGACCATGCCGGAGCGGCTCATTCCCGGTACCGGTGTGCGTACGAAGTTCTGCCGTGCGCTCACGGAGTCGACAGCGGTCATCAACTTCTCGCTCATCAAAGATCACTCCATCTGCGGCTACACCGGGTGTCTGAAGAACATGACGCACGGCACGCAGATCTATCCGCACTACTTCCACTCGCACCACGCGTCACCGCAGATCGCGGTGCTGTATGCGCAGGACATCATCAAGAGCCGCGTGCGCCTTTGCATCACCGACGCGTTTCAGGTCATGGTGCACGGCGGGCCGCTCGACAAGCAGCCGCAGTACCGCTACCCGTACGAGTCCGTGTTCGCCACGACGGATCCTGTCGCGATGGATACGTTGGGGTGGGAGATCATCGAAAAATTCCGCGCCGACAAGGGCCTGAAAAGCCTCACCGCCGAGGGGCGTGAACCCGCCTACATCAAGGCCGCCGCCGACTTGGGCCTGGGTATCCACGAGCGCGCCCAGATCCAGGTGAAAGAGATCGCCATCTGAGCTTTCTGCGGTCGCGCATCGGCTGGCCGAGCTTATACTCGGATAGGTGATAGACGGGCGGGACGATGACGATGGCGACACCGTTTCCGTGACGCCAGCGGCGCTAACGGAAACGAATTTGCGGCGCGGAGAGGCCTGCCTGGTGGTGATCTACGGCCCCGAGCTAGGCCGCCGCATTCCATTGGCCCACAGTCATTTCGAAATCGGGCGTTCCTCGAAGAGCGATCTCTCCATCGATCAGGAGAGCATCAGCCGTCACCATGCACGCATCGCCGCCGTCGGGGGTGGGACGTTCACCCTCATGGATCTGGGCTCCACCAACGGCACCTACGTGAACGACGTGTCCATCACCGAGCATCGCCTCGCCGATGGAGACCAGATCAAGATCGGCCGCTCGATCTTGAAGTTCATGACCGGCGACAACATCGAGACCAGCTACCACGAAGAGATTT
NZ_CP089929.1_gap35	1255918	1257852	1934	TCTCCCGATGGAGCCCGTGAATGATCGCGGAGAGCACGGCGCACATGGCGACCGCAAGAGTCCACGTCGACGTCGTGAAGATGACGATGACGATGCGCGTATAGTCGCCCTCGGAGGGCCGCCCGTCGTACGCCAGCACGAGCACTAGGATCGTCGTGATCCCGATGGCTAGGCCGAGGACGATGGTATGAGACATTCGGCTCGGCACCAGCGCGGAGCGGGCCGTGAAGATCAAACTCGATGAAAAGACCGCGATGAGCGACAAGATCTCGTACGCGTTGCTGACGAGCAGGGCGGATACCTCGGGTGACGTGCCCGGGATGCTCGATATCCTCTGGTGCGCGAGCAGATGGCACATGAAGGCTATCGCAACAGTGCCCGCAACGAGGCCCAATGCCTCGACGGCGCGACAGAACGCGGTGCTCCGCGGCACGCGACAGAGTGCCCACATCACGATGGGGATGACGGCGGAGAGAACCTGAAGGACGAATGGCGCTGCGCGGAGGTCGGCCGCACCACCCAAAAGCAACGTGGTCGCGGCGTGGAGCGCCACCCCCAATGCGGCAACCCCTGCCCAAACTGCGGAGAACAAAGCGACCCGCGGCGACAACTCCATGGATGGAAGCGAGGAGGTCATCGAGCGGCCTCGACGAGCCTCGTTTGCTGAATCCTCCCGTACATCCGCGGTTCCATATCGTTGCATAACAATTCCTGCGCATTCGCGCGCAGCCTCACACGGGTGTCGAGCGCACCCGATGCACCAAAGAAGCGATGAGCGATGCCTCGAGACCGACTGAAAGCTTACTTCTTCTTTTTCCCCGGGCCACGCTGGAGCACGCGCGCGAGGTAGATGGCTGCCTTCTCGGCGCGCTCGGAGGGCCACGACTCGGGATCTTCTTGGACCGTCAACATGATTCCGCGGGACAACAAGTAGAGAGTATCGGTCGCCACATCTGGCTCGGGGACCTCGGCGGCGTGGGCCGCGTCGAGCACCGCTCGACGCCATTTGTGCAGTTCGGTATGAAGCATCGTGAGCAGGTCGGAATTGGATGCGTCGGCCAACGTTTGGAGTATCACCGAGGCCACCGCCTGCCCGGGCTCGGTGTACCAGTCCAAGCCCGACGCCGCGAATTGCTCCCATCGACGCTTGGGCTCCCGCGAGAACGCTCGGTCCTGTTTGTCCCACTCCTCGAGAACGGCAGTGAGACACAGCGACAAAAGCTCCGCGCGATTGCGCGCGTAGTTCGTCACCACGCTTGTCGAGCCCCCCATCTCCTTGGCAACGGCGCGTATGGTCAAGGCGGCCATACCGCTCCGACGAATGATGCGAATGCCAGCTTGGCCAATCGCCCGCTTTCGGGCTTCGTGATCCACATCGATGGGCATCTCTCTCCTCCAGCTTGCGTTCGCGGCGAGTATAGGTCACGATGTTGTACAACGTTGTTTTATAACGTTGTTGTGCAACATGCCAGCCACCCAGGAAGGATCCCATGCATCCCGACAAGACCCGCTTGCTTCGCTATGTGGTCCTTTTAGCTGCGCTCGTGCCCGATCTCGTGCACTGCGGGGGCGAAGTCACGAACGGCCCTCCCGGGCAAAACAGTAACAGGCTCACGGTCGCCCAAGGGGAGCTCCAAGGCTCGGGGCTCCCGGGCGGGATCCAGGTCTACCGCGGCATCCCTTACGCTGCGCCCCCGGTCGGTCCAAACCGGTGGAGGCCTCCGCAGCCTCCGGAGCCGTGGACGGGGGTGCGCGATGCGACGAAATTCGGATCCATGTGCGTGCAGCCGGAGAGCTACACGATCCCCGGCGTCACGATGTCGGAGGATTGCTTGACGGTCAACGTGTGGACCCCGAGCACCGGGGAGCCGAAGCCTGTGATGGTGTACATCCACGGGGGCGGGTTCGTGTCGGGGAGCCCGGCCGAATCCATC
NZ_CP089929.1_gap36	1259117	1262834	3717	GTCTTGCTGATGAAGCTGGTCACGGTGAGAGCTTGTTTCGGGAGGATACCGAAGAGTCCTTCAAATTGATTGAGGGCCACGATGCGATCGACATCGTATGAGGGCAAAAAACACCTGGCTGACGCGTTGCGATCACGCCATTAAATATCAGTAATAACTGACTTTTACCAAGCAGTGCATTTAGGCGTTCTTGGCAGGAGGACGGCATGAAGCGTTCACTTTTTCGGATGGGGGTAGTCGCATTGGCCGTTGGTGCAGCGGGCCTTGCGTGCCATGAGTCGGATGGATCCAACGTGAAAGGTGTGGAACCGGCGACGTGGATTCTGCGGGGCGGTGCTGTGCATGCGATGGATGGCGCCCGCACGGTGGCAACGGCCATTGCCGTGCGTGAGGAGCAGATTGTCGCCGTCGGAAGCGACGCATTGGTGAACACCTATGTGGGGGCGAACACAAAGATTACGGAGCTTCACGGCCAAATGGTCTTGCCGGGGTTCATCGATGCCCACATCCACAGCGCCGAAGGGAGTCGCAGCATCGGTAAATGCAGCTTGGTCAATACGGCGAACCGCATGGCGGAGATACGCGCCGCGGTGCAAGCATGCATCGCCGCCGAATCTCCCGCGGGCGGTGTGGACGACTGGTTTGAAGTCTTCGGTGTCGATCCCAGCGGCCTGGTGATGACGAAGGCCGATCTCGATGGAATGCTGGCGAACCGCCCGATGATCCTCGTCGGAGTCGATAATCATACGGCTTGGCTCAATACACGTGGGCTCCAACAGGCTGGCATCACAGCCTCGACGCCCGATCCGGTCGGGGGCCGCATCCAGCGTAACGCGCAGGGAGAGCCCACGGGCTTCCTCAACGATTCGGCGCTCTTCTTGGCGCTAGCCGCCATTCCCCCAGCCACACTGGAGCAGCGCATCGCCCAGGAGAAGATCGCGCTGAAGCAGCACAATGCGCTCGGCCTCACGTCGATCCAAGATGCGTTGGCGACGCCCGAAGTGTTGCAGCTTTATGCGGCGCTCGAGGGACGCGGGGAGTTGACGGTTCGGGTCCGTGGGGCGCTGGCCTCCAAGGTGGTCGATGTCGAGGCGGAGTACCAAAGGCTCGCCGCGCTGCGAGCGCAATACGCGACCGGGCACCCGAGGTTGCGCGCCGACGCGGTGAAGATCCTCGCCGACGGCGTGCCCGAATACCCTGCACAGACGGCGGCGCTCTTGCACCCCTACCTCGATGGACACGGTCAGCCCACGACGAATTTTGGTGCCCACTATTTCGATCCCGAGGTGCTCCGGCGGTACGTCCGCAGGCTCGATGCCGATGGGTTCAGCGTGCACGTTCATGCCATCGGTGATGCTATGGCGCGTGCAGCGCTCGACGCCTTCGCGTATGCGCGGGAGAAAAACGGCATATCCGACCATCGGCACCAGATTGCGCACCTACAACTGCTCGATCCCGCGGATTTCTCGCGCTTCGCGGCGCTCGGCGTCATCGCCAACATGCAACTTCTCTGGGCGATTCCAACAGGGAATACCCTCGAGGGTTTGCAGCCCTACATCGACCCCACGAGCTACCATTTCATGTATCCCGCGGCGAGTTTGCACAAAGCCGGGGCGGTGCTCGCTGGGGGCAGCGATTGGCCGATATCGACGGAAAATCCGCTGCTGGCCATGGAAAACGGAGCGACACGCACCAATGCGAAGACGGGCGCCGTTCTCAACGCCGACGAGCGCGTATCGATCGACGACATGCTGGCGGCGTACACGATCCACGCAGCCGAGGCGCTGAAGCAAGAGCGCACCACGGGCTCGCTCGAGGTCGGAAAGCTCGCCGACATGGTGGTCCTCGATCGCGATCTCACGACCCTCGCGCCGAACCAGATTCACACGGCCGCCGTGCAAATGACCATCCTCGATGGTCGCATCGTGTACGACGCCTCGGTGGCACCGCTCTCCCCGCGTACGCACTGGAAAGCGTACGACGGCACCTGGCGTGGCCCGGACGTTCATTCGCTCTAGCGGTGTCGGATCCTTTTGACGAGCGCCTGTCGTCGGTGGTCACGTTGGTGAGCGACGCCGGTCGGTCCGATGACCGAGCGCGCCTTGCGAAGGAAGTCACGGAGCGATTCCCCCCGCTCAATGTGCTGATCAACAACGCGGGCATTCAGCGTAAGTTCGGCAGTGCGTGCGTTGGTCGATTTCCTCAAGTCGAATTGCCGCTAACGGGTAAATTGAATCACGCTGTGTTTCGAGTGGTGCGTGCCGCGGTGGGCCGATGTTCGAGGAGCGCAACGCAGCGCGTAATGTGCGTCGAATTGTAAGAGTGATCAAAAGGTCGCTGGCGGGACGGTTCACCCACCTTTTCTGGTGACAAATGCATCCTTTAATGCAAATTAACGATTTATCGGCACAAAATATTAATCGACACAGCGCAACTTAAAGACTTTTGCTCTCTCTCTCCCTCTCGGTTGGTCGCAGGATGCGATCTCGTAAGCAGAAAGGAAGGGCGCACAATGAGTCTCGAAGAGCTGCCGATAAAGTAGCCACAACGCAGAGCGACTCCATGATCGCGGATTCGACCGGAATCCAATTTCGATCCGGCGAGCAACGGTGTGGCAGGGCTCACCTTCGCCACGACGTCGGCGCGGCACGTTTCAATTGAACTTCACCGCGAACACGGCGTGGCCTGCGGGTCAGTTGTCGGAGTTCGAAGTCTACGCCCCGTAAGTGGCGACACCTCATGTGGGGAGCTGCCGCTCCCGTCGAAACGTCATGTTGCGTGGGGCGGTGGCCCCAAGGGAGGCATCTCATGTTGTCTCGGCGTAAATTCATTGGCTCGGTATTGGCAGGATCTGCGGCCGTTGCAGCGTCACGCGCGGGTTTGGCGAAGGCAGGAAATCTCATTGCGGCGGCGAGCCCGGTGGGGGACGTGGTCGGAAAAATCACTGTAGGCTATCAGGGCTGGTTCGCCTGTTCGGGAGATGGCGCGCCTATCAATGCATGGTGGCATTGGAGCCAAAATTGGTCACAGGCGCCATCGCCGAATAACAACGTGATCAAGGCCTGGCCCGATATGCGTGAATACAGCAACGCGTACCAGACGGCGTATGCAAATCTCAATGGCGGGCAGCCGGCCACGCTGTTTTCGTCGTGGGCTCAGCAAGCAGTCGATACGCATTTTCTCTGGATGCAGCAATACGGTTGCGATACGGCGGCCCTGCAGCGCTTCAATCCCAACGGTAGTGAGGGCGCGACGCGCGATGGTATGGCCAACAAGGTCCGTAGTTCTGCGGAGAAATATGGTCGCAAGTTCTATATCATGTACGATGTCAGCGGCTGGACGAACATGCAATCGGAGATCAAAGCCGATTGGACGAACAAGATGTCCCAGCTGACCTCGTCATCTGCCTATGCTCGGCAGAATGGCAAACCGGTGGTCGGCATATGGGGATTTGGCTTCAACGACGCCAATCACCCGTGGAGCGCGAGCGCATGCCTCGACGTCATCAATTGGTTCAAGGGGCAAAATACGTACGTCATGGGTGGCGTCCCCACGTGGTGGCGCACGGGGGTCAGCGATTCGCGGGCGGGATATCTCGACGTGTACCACGCATTCAACATGATCTCGCCGTGGATGGTGGGTCGCATCGGCAATGCTGGCGATTCGGACTATTTCTACAACAATGCCAATGTAGGCGACCAGGCCGATTGCAACGCA
NZ_CP089929.1_gap37	1311783	1315759	3976	TCGAGACCGATGCACACGGCGTCCGGCATCTCGTGGCGTTCGTCGTTCCTGCCGGGTTGCCGATACCGGACGCGGTGCTGCGCGAGTGGCTCGGGCAGACGTTGCCCGCGTTCTTGCTCCCCACCGCCTTCGCGTCGCTGCCGGCTCTCCCGACCACGCCCAACGGCAAGATTGATCGCACCAAGCTACCGTCGCTTTTGACGAGTACCGACGAAGGCGACGGGGCGCTCGCCGAGGAAGGCGATCCGGAGTCGAGGCTGCTCGCCATCTGGCGTGCGGCGCTGGGGCGACCGACACTCGACGTCGACACCAACCTGTTCGGGGCCGGGGCCGATTCGTTGGCCGTCGCGCGTGCGGTGGCGCGCGGGAGAGAGGCCGGGATGCTGTTCGGGGTACGCGACGCGTTCGAGCACCCGAACGTGCGCGCTCTTGCCCGCGTCGCACGACGTTCAGCCGCCGAGCCCCGCGTGCTTCCGGCCGCAGCCGACGGGGGGGCGCGCGATCTTTCGCTCACGCCCATGCAGCGCGGGCTGCTCTTTCACGCCACGTCGTCTCCGCAGGCTCACGAGTACGTTGAGCAATACCTTTATCGACTCACCCGCGCCGTTGCGCCCGATGTGCTCGAACAGGCATGGTCGGTGGTGCAGGCGCGGCACGAAGTGCTCCGGGCGCGCATGGCGTGGCACGACCGCGAAGGCGTCATCTTTCACGTGCCGGAGGAGTCCGGCGTGCAAATCGCGTGGAACGATGACGACCGGCCGATGGCGGCGATTTGCGAGGATGACCTGGCATCCCCGCTCGACTACGAGCGCGGTCCTCTTTTCCGGCTGCGCGCGTTGCGCCGATCGAATGGGGAGGTGTGGCTGCTCTGGACGCTCCACCACGCCATTCTCGATGGCTCGAGTGCGGCGACCGTACTCTCCGAGGTGGCGCGGCTCTGTGAAGCTTGGTCGAGCGGCCAGAACGTGCACCTTCCGCCGGCTTACCCTTATTCCGAGTTCGTGACTTGGCAGTCGGCGTACGATCTGTCGGCGGCACGCGCGTATTTTCGCGCGCGTCTCCCCGATGGACGCATCGGTGGGCGGCTCTTCGGGTCGACCGAGCCCCTGCGCGTTCGTCCGGAGGGAGCCACGTATGGTCAGGTGAGTGCCTCGCTCGGGCGGGAGCGTTCGGCGGCCCTGGCGCAGCTCGCGGCATCGGCCAACCTGACCTTGGCCACGCTGTTCCAAGGGCTCTGGGGCGTGTTGCTGGCGCGTCACTCGGGCGAGGAGCGGGTGACGTTCGGCACATTGGTGTCGGGACGCTCGTGCCCACTCCCGGCCATGGACGAGCGCGTGGGGCTCTTCATCAACACGCTCCCCGCCACCATTTCGCTCCGCGATGCCGGTTCCGCGCTGGAGTGGTTCTCGCAGCTGCAGGCGGAGCTACTCGCCCTCCGCGAGTTCGAGGGCGTTCCGCTTGCCAGCATTCACGGATGGCTTGGCGGCGTAGCTGGGCAGCTTCCGTTCGAGAGCGTGTTCGTCTTCGACCCCGAAGCGCGTCCGGGGACCGATCCTTCGCGGGCGCTCTTCGAGCTCCTACGGCCGCCGGTCCCGCGCACCGGCTATCCCCTTCATGTGGCGGTCTATCCCGGACAGGCCATCGAGCTGGTGTTGACGTTCGACGAGGCGAGCTTCTCGTCGGATCGATTGAACGCGCTGCTTGCCCGCGGACTCGTGTTCATCGATGCGCTGCTCGCCGAGCCTCGTGCGCCGCTCTCCGAACTGACCATGCTTCCATCCGAGGAGCTCGAGCAGGTGGTGCGCGGCTTCAACGCGACCGAGTTCGCGGGTGCGCTCGCGTGCGTGCACGATCTCATCTCCGCGCAAGCCGCGCGGGCCCCCGACGCGGTGGCCTTGGTCTTCGAAGGGGAGGTGCTCAGCTATGCCCAACTGGACGCTCACTCCGATGCCGTCGCCGATCGACTTCTTGCCGTGGGGGTCGAGCCGGACGACCGAGTGGCGCTATTTTTCGAGCGGTCCCTCGAGATGGTGGTGGCCATTCTCGGCGTTCTCAAGGCGGGGGCGGCCTATCTTCCACTCGACACCGCGCACCCTATCGCACGAAGCCGCGCGATCCTCGAAGAGGCCCGGCCTCGTGTCCTGCTGACCTCGACCTTGCTGGCGCCGCGTCTGCAGTCCTTGGAGATCGGCCTACTCGAGCTCGACGTCTCCGGTCCGCCCCCTCCTCGCCAGAACGCGACGCTGCCGAAGGTATCGGTCCAAAACCTGGCCTATGTACTCTACACCTCCGGCTCGACCGGCACGCCGAAGGGGAGCTTGCTCGAGCACGGGGGGCTCCACAACCGCCTTCGCTGGATGCAGTCTCGATTTCATCTGACGCCGCGCGACCGCGTTTTGCAGAAGACGCCGTACACGTTCGACGTGTCCGTATGGGAATTTCTCTGGCCGTTGATGATGGGGGCGCGGCTGGTTCTTGCCCGGCCCGATGGACACCGCGATCCGGGGTACCTTCGCGCCTTGATCGAACGCGAAGGGATCACCATCGTTCACTTCGTCCCCTCCATGTTGCGGAGTTTCCTCGATGGACACGGGCAGCAAGGGCCGAAACTCGCCTCGCTGCGAGCCGTTGTCTGCAGCGGTGAGGCGCTCTCCGGCGATCTGCAGGCGCGATTCTTCGAGCAGATGGACGCGCCGCTCTACAATCTCTACGGTCCAACGGAAGCCTCCATCGACGTGAGCGCTTGGGAATGTCGGCGTTCGGATGGCACGAATGCGGTCCCTATCGGGCGCCCCATCGACAACACGGAGCTCTACATCGTGGACCCGTTCATGAACCCCGTTCCGGTGGGGGTTCCGGGCGAGTTGTTGATCGGCGGGGTCCAGCTTGCCCGCGGCTACATCGCCCGGCCGGGGCTGACGTCCGCGCAATTCGTACCCGATCCCTTCAGCGGTCGCGCCGGCGCACGCCTCTATCGAACGGGCGATCTCGCGCGCTTCCGAGAAGATGGTGCCATCGAATTCCTGGGGCGGCGCGACCAGCAGGTGAAGCTGCGCGGGCTTCGCGTCGAGCTCGCGGAGATCGAGGCCGTGTTGCGGTCGCACCCTTCCGTTCGCGATTGCGTGCTCGTCGCCCACGAGCACGCTCCAGGAGACGTGCGGCTAGTCGCCTACGTCGCTCAAGCATCGGGCCAGCATCTGCCCCAATCGGGCGACGTGGGGTAGCTTGAGAAGAGAAGTATGATCGCCTTCGATCGCCTGGACCGATAGCGAGTCGGAAAGCCATCGTCGCCAGCCCCGGTCGACGGAGACGGCTTCACCGGTCGCGCGTGCCGCGAAGAGCACCGTGGGGATCGAGCTCGCGCGTGGGGTGTAGCGGTGTTGCGCTTCGATCAGCTGTTTGAAGCGCGCATAGAGGCGCTCGACCTGATCCATGTCGGAAGCTTGCAGTTCGTGCCAGGGGATGCCCAACGTCGTGCCGAACTCGGCCCGGAGCTCGAACTCGTCGGCGTCTTCGCGCGCAAGGTGGGATTCTCCGCTGGGGGCGAAGGAGTCGAGCAAAACCAAGAGCGCCACCCGCTCGCCGCTCGCCTCGAGCTGCCGCGCCATTTCGAACGCCATCACACCGCCCAGCGACCAGCCACCCAGAACGTAGGGCCCCCGGGGCTGAACGCCGCGGATCGCGCGCACGTACTCTTCGGCCATGCTCTCGATCGTGGTCGCAGAGAGGGTCGTGCCAGGCTCCGGAGCATTCAGCCCGTAGAACGGCGTTCCACCGCCCAGGTGCCGCGCCAAGTGCAAATACACGGACGCACTGCCACCCGCGCCATGGACGAAGAACAGCGGCCTTCGAGCCGGTGCCCCCGCAACGAGGCGCACCAGGGTGGGACCCAAAGGGGCCTCCTGTGGCTGCTCGATCGCGCGCGCCAAGGTGCTCACGGTCGGATTTTCGAACAGTGCTCGCACGGGCAGATCCA
NZ_CP089929.1_gap38	1395329	1396292	963	CAGGGCGAGCCCGATGCCGCCGAGGCCCCCGGTGATGAGGTACGCGCCCCGCTCGCGAAGACCCGCGCCGCGGGGGCTTTCTTCGATCGGGATCGGCGCCACCGCCGGAAGCCACCGATGCGCGCCGCGCAAGGCGACCACGGGTTCGTCCGAGGTGCATCGCGCCTCCGCGAGGAGCTGTTGCACGCTGGTGTCGTCGTCGGTCTCCAGGTCGACCAGGCGGCAGCGAAGGCGAGGCCACTCGAGGGGAATCGTGCGGCAAAGGCCGACCAGCGGTGCGTGCTCGGGGTGCAGGGTCTCGCGACCCGTGACGTCGTGCAGACCCTGCGCGAGGACCAGAAGCCTCGTGGCGCCGAGCGCGGTCGCCGCCGCCATGACGCTGGCCGCGCCGCGCTGCTGGGCAAGGAGGAACGCGTCGGCATCGAGGGCGCCCTCGTTCGACGCGGCGAGGGCAAAGGCATGCACGACGTGCGTGGCGCCTGTCGCGGTTTGCGCGCAGGCTGCGGCGAGGGCTCGGTAGTCGTCCACCGCCGAGGGCCGCAGCACGAAATCATCCGCACCGGTCTTCTCGAAGGCGGGGCCGCTGCGCACGCGTGTGACCCGATCCCCCGCCGTCGAGAGGGCCGCGGCGAGCCGCGTGACGAGCGGACCGTCATCGCCCAAGACGACCCAGTGCGTGCCCGCCTCCACCGCGTGCAGCGACGCGGCCGGGGCGCGTTTCCACGAGGGCGCGTAGAACCAGTCTTTCAGCGGGCGCGCTTGGACCGGCGCGTTCGAGGCCTTGCGCGGGCGCGGCTCGAGCCAGTGTCGCTGCCGCTCGAAGGGCGTGGTGGGCAAGGAAACGCGCCGACCAGAGCGCGTGCCCGCGAGCGCGGTGAAGTCGATCCGTGCGCCCAGGACCCAAAGGTGCCCGACGGCCTCGAGGAAGGGGGTCGAGGGCAAGGCCTGGCTCGCGGCGGTCCG
NZ_CP089929.1_gap39	1401776	1404880	3104	CGGAATGCGCTCCGGGAGGGCCACCGCGGCGATCGACTCCGGGCTCTTCTGCTGCGCCTCGATCCAGGTTGCGAGCGCCGCCACGGTGTTCGTGTCGAACACTTGCGCGGGGCCGACCTCCACGCCGAAGGTCTCGGTCGCCCGTGCGCTCAATTGCATGGCCTTCAGCGAATCGCCGCCCAGCTCGAGGAACGCATCGCTCGGCGTGACCCGTCCGCACTGGAGCACGTCCGTCCAGATCCGGGCCAGCGCCGCCTCGGTCTCGGTGAGCGCCCGCTCCGCGGGCCATGCCTGCGCGGTGGGCGCCTCCATGGAAGCGTCCCAACTCCAAAGCGTCGCGAGCTCCCCGTTCAGGAAGCGCTCGCGGCACGCCCGCCGCTGCACCTTGCCGCTCGTCGTGCGCGGAAGGCTGCCGCGCCGGATGAAGACCAGGGCAAAAACGGCGACCTCGTGCTCCGAGGCAATCGCTTCGCGGACGCGCGTCCCCGCACGCGCCAAGTCCTCCGCCGGGCGCGTGCGGCACTCTTCGACGACGACGAGCCGCTCCTCACCGCCGACCTCCACCGCGAACGCCGCCGCACCGCCCCCGCCGAACTCGGCGCTGCTCGCCTCGGCACACGCTTCGATGTCCTGCGGATACAGATTCCGCCCGCGGACGATGATCAGATCCTTGAGCCGCCCCGTGACATAGAGCTCTCCGTCGTCGACGAAGCCGAGATCTCCGGTCCGCAGGAAGGGCCCCTCACCCGCTCCTTCACTTGAAGCAAGGTGCACTCCGAACGAGGCGGCCGTCTCCTCCGGCCTTCCCCAGTAGCCTTGGGCCACACTCCCGCCCGTCACCCAAATCTCCCCCACCTCGCCGGCCGCCCGAAGCTCGGCGCGCGCGGGGTCGACGATCTTCACGATCGCGGGATCATGCGGCCCGCAGCCGACCAACTGCGCGACCGCACCGTTATCGTCGGAGGCGAGCACCGCGCGCCCTTGTTCGAGCGCCGCGCGCTCGACCGTCCGCACGATGGGCGGAGCGCTGCGTGTGCGGGCGCTCACGAGGAGCGTCGATTCCGCGAGGCCGTAGCAAGGAACGAACGCCGAGGCCCGGAACCCCGCGCCCGCGAACGCCTTCGCGAAGCGCTCGAGCGTGGCCTTCCGCACGGGCTCCGCACCGTTGAAGGCCACGGTCCACGAGCTCAGGTCGAGCGTCCCGCGCTGCTCGGGCGCGATCTTGTCCACGCACAGATCGAACGCGAAGTTGGGACCCCCACTGGTCGTCCCGCGGTAGCGCGAGATGGCCGATAGCCAGCGCAGCGGGTTCGTCAAGAAGTGCTCGGGCGTCATCTGGATGCAGGGCGCGCCCACGTAGAGCGGCTGCAGGATGTTCCCGATCAGCCCCATGTCGTGGTACGGCGGCAGCCACCCCACGATCACGCTTTGGTCGCTTTGTCCGAACGCGCGTTGGATCATCCGCTCGTTCTGCAGAAGATTGCCGTGGGTGAGCGCCACGCCTTTGGGCGTGCCGGTCGAGCCCGATGTGTACTGGAGGAACGCCAAGGTCCCGGGCTGGATGGGGAGCGGTCGCCATGCGTCCTCCGTGCCGTCGGGGATCGCGTCGATGGAGACCCAATGCACATCGTCGAAGCCGGGGGGGCGTGGGACGTTGCTCAGGGCGACCGTGGGACGGCAGTCGCGAACGATCGAAAGCAGCCGCGGAAGGCCGCGCCGCCGCTGGGGCAGTGGCACGGGGACCGTGACCAGGCCTGCATAGAGGCAGCCGAAGAACGCCGCGATGAAGTCGAGCCCGGGCGGCAGCACGATGAGCACGCGGTCGCCGGGCCGTGCGCACGAGTGCATCGCGCTGGCGATGACGCGCGCTCGCCGATCGAGCTCGCCATATGTCGTCGAATGCGCAATCGATTCCCCGTCCGCGAGGAAGGTGTACGCGTGGGACGAGGAGCGCTCGCCCGCGCGACATTGAAGCAATTCAATCAGGGTCGTGGGCTCAGTGGACGGAGCGGTCGTAAGCGCGCGTGCGCGCGATTCGTTCGATTCCATAGTGTCCTCGGCGCCAAGTCCGAAAATTCGAAGGATCCGGAAGCGGCGAGCTGGATCCGATTTCGGGGCTCCAACAGTCAGGATCGCTGGCCGGCCGGGGGCGTTTGCGTGGCAACGTCACAGAACGCCATGGGGAAGCGGTGTTGGCGCACGCCCAAAAGAAAACTTCTGCGATTGGTGCTGAATATGAAAATCACTCTCAACTGTCAACGCTGAAAGGTCTAGGATTCGATGATTCGCGTGACTGTCACTCGGACATCGCTGTTCGATGACGAGCCCCACCATCCCTCACGAATCGTATGAGCCTTCGCAATTGACCCAACCCTTGGCGCCGCGGTATGCGCGGTCTATTTCGGACGACCGATACGGAGCCCGATCCAGCCTCTTTCTTGTTATTCCCAGAAAATAGGAATCATTCGCACCTTAATAAGGCCCTGCACGGCTGGCCGACTATGACCAAGTGCATCACCGACATCCGCTTTCCCGCGGCCTTCCTGGCGAGTCTCTGCGCGTTCAGCCTCGGCGGGGCCGGTGTGGCTTTGGCACAGGACACCGGGGCCGTGGGTGCCTCGAATGGCGCCGCCGGCGTGCAGCCGCCGGAGCTCGTCGCGTTCGTCGAAGCCGAATACCCACCCGCGGCCCTTGCGGCCAGACGGGAGGGGCGCGTGGTGTTGCGGTTGACGCTCGACCGAGAGGGCCTGGTGATCGACGCGGACGTGAAGGAGCCCGCGGGTTACGGCTTCGACGAGGCGGCCCGCAGCGCCGCGCTTCGTTTTCGCTTCTCGCCGGCACGCCGCGGTGACAAGCCGGTCGCCGCCCGCATCCTTTACACGTACGAGTTCCGGCTGCCTCCGGAGCCCGAGCCACCTGCGGCGCCCCCCGCACCGGGGGTGGAGCAAGCCCCGGGCGCGCCCGCTCCACGACCTCCTGCAGCAGCGGAGGTTCCGGTCGAGGTCAAGGTCAAGGGCCTCTCCGAGGTCGCGCGGCTGCGGCAATCCGCGCAGGCGGTGAAGGTCATCGAGCTGGAACAGGCGCAGCGCGAGACCGCGGACCTC
NZ_CP089929.1_gap40	1406507	1407471	964	CGCGTCTACAATTTCGTCGCGTGGCCGCCTCCAATGACGAAATCGCGCTCGTGTGGAATACCCGTTACGTGCACGAGTTTTATCGTAGCTGGGAGAGCCTCGGCTCGCGCGAGTCCAAACAGGTCGTCCCGTCGCAGCTCTTGCACTCACTTGCGCTCACGTACCTCGTCCGCGGTAACCCGTTCATCCTGAGCTTCACGGGCGAGGTGCAGAACCTGACCAACGAACCGGCTTACGACTTCATTGGCGTTCAGCGGCCGGGCAGAGCCTTCTATTTCAAGACAACCGCGGAATTCTGAACTCCGCAAAAAGGGAACAGCCATGAAATCGATGACCAACGTGAAGCGGATTGCCATTCTCGCGGCGCTTCTGACCGTGTCGGGTGTCCCCGCATGCGGCAAGGACGATTCCTCGGGTGGTGGTGGACCCGATGGTGGTGATACCGGCCCTGCCTATCTGGTCGGCACCCGCGTCTGGAACGACACCGTGACGACGTCGTACGTCCACGTCGTGCCCTCCCTCGACGAAGCGACGACGATCGATCCGAGCAAGGCCCTGGAGATTGGCGGCTCGGCGACGCTCTATTCCATCCCGGGCCTCGGATGGTTCGCGGTCGGAAACGCCGAAGACGTCACCTTCACGCGCTACACCTTGAGCAGCGATCGCAAGCTCGTGAAGCAGGAGAAAATCAGCCTGCAGCCGCAGGGCGTGCAGAAGCTATGGGACACGCTCTATGTCATCTCCCCCACGAAGATCTATTACCCCGATCCCGAGGGCCAGCAGATCATCGTCATCAACCCGACGGCGATGACCGTCGAACGCACGATCAAGCTCCCGCAAACGGCGCGCAATGGGTACCTCTCGGTCTACGGTTATGGGTCGACCATGCGTGACGGTAAGATCCTCTTCACCGTCGGCTGGTTCGACTGGCAGCAGGGCGACAAGGTGCTGGGGGAGACCGGGT
NZ_CP089929.1_gap41	1413489	1415155	1666	GGGCCGATTCCATCCGGCGATGATGCCCGTTCCCAGTACGGCAGATGGCAGGAAGAAGCCGGTTACGGTGACGCGATCCAGGGCGCTCGCCCATAGGGAGCCGCGGGCGAGCGCGTGTCCGGCAATGAGTGCAATGCCCATGGCGATGGCCGCGGCGGCTCCAGACACCACCAGGCTGTTGGCCATGCTTGGGCCGGCCCATGACCAGCATCGGCCCATTCCAGGCACGGCGCGGACCGCGAGTGCGAGCAGAGGGGCGGAGGCGAAGAGGCCCGCAAATATCGTCATGACGCCCGGCCACGCGCCGAGGTCCATCGGATCTCGAGTACGCCATCGAAGCCGGAGCGCACCGTGGGATGAGGCGAGGGCGCGCTCGAGTCCTATGAGAACGAACCCGAGCACGACCATCGGCACACCGAGCGAAGCGGCTTCTCCGGGCGCGAAATCCACGCCTCCAAGGCGTACAAAGACCGCGGCGCCGTAGACTGGAACGCGCAAGAACATGGGCACGCCGACTTCCGAAAGGGTCAACGAAAAGACGATGATGGCCGCGACCGCGATGCGTGATCGAGCGGCGGGTACCAATAGGCGCGTCAACACGCGCCACGGCGGCGCGACGAGGAGCGCGGCTTCTTCGAGGGACGCGTCGAGCCCCGTCATGCCGAGCATCGTGAGCGCCGTTACGATGGGCGTGAACGTGGTCGTGAGGACCAACAGGTGCCCCACCGGCCCGAAGAGAACGGCGGAGGTGCGCGCAGAACCCACGAGCCCGCGCTCTCCGAGCCAGTGAAACCAGCCGAGTGCAATCACGAACGGCGGTAGAAAAAGCGGCAGGGCGTGAAGTGCGAGCCATACGCGCCGTGCCGGGATCCTCCCCCGCGCAAACACGGCACCGAGTGGAACGCCGAGCACCACGGTGGTCGCGGTCACCTCGAGGCACGAGAGCAGGGTGCGCCCCAGAAGTGCCCAGGTCGTGGCGCGTCCGAGAACGGCGAGGCTCGCCGTCGTCATCCCGAGCAAGACGTGCGCGAGAGGCCATAGAACGGCGAGTCCTACGGCCAAGGAGGTGAAAAGAAGCGCGGTCGGTCTTTGTGCGCGGCGCGCTAAAGGCCAACCCATCGTTTGAGCCGACCTTGAAGGCGGTCCATGGCGTCGGCGACCTTGGCGAAGTCGACATTCATCGCGCGCAGATCGCTCACGCGCCGCACGCCCTCGGGAACCGGAACCCCGGCGCGAAGAGGCATGTGCGCCCCGGACTCGGCCATTTGCTTCTCCGTCTCCGCCGAGAGGAGCCCGTCGATGAGCCTTTTCGCACCCTCGGCGTGCGGACCGCCCTTCACGCGCACGACGGCGCTGGGGATCACCAAGGTGCCGAGATCACGTTGGTCGGGGTACACGGTCTCGACGGACGCGCCATCCTTGTGCGCTTCGTCGGCGTCGTCCGTATCGGTCAAACCAAAGGCGATTTCGCCCGAGGCCACGAGCCGCTTCACCTCGCCGTTCGAGCTGGCGAGACGCGCCCCATTCGCCCGCGCGGCATCGAGAAAGTCGATGAGCGCGTCGTCGCCCCAAATGGATGCGAGGGCCGCGACGTGCATCGTGGTCGTGCCGAAGAGCGGATTGGCCAATGCGATCTGCCCTTTCCAGCGCGGGTTCGCGAGATCGC
NZ_CP089929.1_gap42	1452713	1455729	3016	TTTCCGATGGCTTGCTCGATACGAACGGGATCGCACTCAATGGGCACCTCGTCTTCCGGCAGATCGCTCATCATGACGATGCGCTTTCGATTCGCCGCATGCCGGAACTGCTCGAGTACCACCTTTACGAGATCGCGTGCATCGGCCCACTGCTGGGTGATCGACATATGCCCCGGTTCGAGCTCGGACATGGCCAGCAAGTCTTCGATGAGGCGCGCCATCTGCCTGGTACTTCGCTCGATCGCCTCTCCGACCGCGACGGCATCCACTGGCGAGTGTGTCTTCAAGAGCTGCGCGTATCCGTCGACGATGTGAACCGGGTTGCGAAGATCGTGTGCGACGATGGCCATGACCTGTTCGCTTCGACTGAAGACAGCCTGCTCGACCTCATGGGCATTCGCCGCCATCATTTCGTCGATGGCGAGATGCAGCAACTTCGATTCGTCGAGGGCGAGGACGATGGAGTTTGCGTCGCAGAACTCGAGAAGAACCTCACGAAAAACCGACAATTCGCGGGTGGTCTCTTCCGCAGTGTAGTTGACATCGAAACGGTGGCGCGCGTGCGTGGTCCCGAGCTCCTTCGTATCTACGGTGTGGCGACCACTGATCTCGGATTCTCCCGCCAGATGGTGCGTCTCGAACTTCTCGATGATGCGATCGATGAGCGTGGGGATGCTATCCTCGAGCGCGGGGCGCGCGAGCTTGTTGGCCGTGGGAATGTCCGGATCGTCGAGAACCCGCTGAAGCCATTGATCGATCAAGGTTTGCCGCTCCTTGAACAGAAGCTTTGCCAAGCGCCCATGTTTCCGGATTTCCCTCGAAACTCGCTGGCGGTGCTTCATGACTCATTAGGCGCCGGTTCCGAGGCCGCGGCCAGCGGAGAACCGTGCCTGTGGTTCGATGTGTAGGCGCGCGTGTCAATGCGTGTTCGCACGGAAAAAGGGCAGCACGACAGTGCGTCCCTTCGGGAAGAGGTTGATTAGAGTTCCGCCGAGAACAACGCTAGCGCTTCGGCGAAGCGCTGCGGCTCCTCCAGATCGGGGCAGTGGCCCGCCTGCTCGAAGCGCATCAAGCGGGCTTCGCGAAAGTAGGGGATCGCGGACTCGGGATCGCTTTTCCGGTGGCTGCCGTCCCCACCGCCCCAGATGACCAATGACTTTTGCTGCACCGTGGGAAACGTCGGGGTAGCATGCGAGAAATACGCTTGCACCATCGACGCCAGAGCCCAAGGTGAGCCCGCGTCCAATGCACCGATCGCCGTGTCGACGAACTGCTGTTTATTGGCGGCCTTACCGAGCGTGGAGTGAAACCATCGCTCTGCGATCTTCCGCTTGCCGGCCCGCAGGAGCAGCTGGCCCAATACCGGTGTCGCAACCAAACCGCGTCCTCGAAAATCGATACGGCGAGCCCAGGCACGTTCCTGCTCCCAGCTCGGGGCTTGAATGCTCACGACCCCACGAACGATGCTCGGCGCCATCGATGCTACGATGAGTGCCAAGTACGCACCGACGCAGGAGAAAGAAAGGATACATTCTTCGACGTCCTCTGCCTCCAACACTTCCCACACGGCTTGCGCTTGGCTGCGAAGGCTGTAGTCGAAATTCCGCACCGGCTTCGAGAAGCCCATACCGGGTAGCTCGAGACAGAGAACTTTGAATCGAGGGGAAAGTAGCTCGAACAGGCGATCGTAGTGTTCGATGAATACAGGTGTATCGCAGACGAATACGATGGTCCGGGAGCCTTCGCCTTCGTGTCGCAGGCGCACCTGACCGGAAGGCGTGCTGCGGATTCGAATTCCGCTGCGTCCGGAATAGAACGGATTGTACGCACGGCTCCAGGCGAGTGGGCGCTCCAAGGAGTAGACGTTCATGGGCCTTCGAGTAGCCGAGGAGCGCTCGGGCGTGGGTCACGCCTTGGTCATTGGCTCGCGCGCTCCGGACAGAACGTTCAGGTTCCCTCGACGTGGATGTTTTTCAACGTTCGCGCGATGGTGCGCATGCAGCGGAAGTTCACCCGCTGCCAAGAGAGGGACGTGTCGTAGAGGAGCGTGGCTTGGGTGCAACGGCCGTCCAGCGCCTTGATGAAGGCAATGATCGGCCCCACCGTCGACGAGTTCATGTACTCGAAGGGCCGGAAGTCGACCGTCACGCGCTTGCCGGTCGCGCGTGTGGCCAGGCGGTTCAAAAGTGGCGTGAGGAACACCTGCGGGTTCCGATCGTCGCTGGTGCCGCGCCAGGTGATGGTCATGTCCTCGTCGTTCACGGCGAGCGTCACCACCAATCCATCGCGTTCGAATGTCTCGACCTCTTTCATGGCACTGCCCGCCTTGCCGTGACTACCACCATTTTGTTCCCCGTCGCGCACTGCAGATCGAACGCACCTTCGAACGCCACACGGTAAAGCCCCAAGCCACCTGCCACGGCCGAGGCGTCCACGAAGTCCTGGAGGCGTTGCACGTAGAGCGCCTCCTTGTCGGGCTCGCGCATGATGCGCTCGATGCGCTCGCGAAGCGCCGTGCCGTCCGCGTCGGAGTCGACGACATTGGTCGTGGCGATGGTCAAGGCGCCGCCGTCCAGGCGCAATTCGAAGCGCGCGGCGGAAGTGCCCTCGACCGGGACCCCGTATTTGAGCGCGTTTTCGAGGAGCTCCGACGCGGTCATCACCGCCGCGTCCTGCACGTCCTCGTCGTAGCTCGCCATCAAGCGCTTCACCCGCTGGCGCAGCTCGCGGATTTTGGCCCAGCACCCCGGCGAGGGCAGAAGATCGAGCTCGATGCACGTTTCGCTCACGCGCCGTTACCACCATGCGCAGTGCCGGTGCGCCGGATGGCCACCACCGTCACGTCGTCCGAGATCTCCCACCCTTCGAGACCATCCATCACGCTCTGCACGAGATCGCGCGCGCTTTGCGTCACCGGCGCGGCGGCGGCCAAGTGCTCGACGACGCGGGTGACCCCGCGCAGTCCTCCGTCGCGTCTCGCTTCGGTGAGGCCGTCGGTGAAGAGCAGCAAGGCATC
NZ_CP089929.1_gap43	1481398	1484856	3458	CGATTCGGAGGGGGCCTGGTTGCGACCATGGCGTGCGTATTTTCTTGTCGCGCCCTACCCAGTGCAGGCCGGTGTGGGAATGATATTGCCGAGGCAGGGGAGGATTGCGACGGATCCGCTACGATTCCCGGCACGGTCTGCGATCAGTGTCGTTTCGTGTGCACGCAGTGGGACACGAACGCAACGGAGCGCAACGATTGCCCGGGTGGCTACTTCTGTGCACCCAAGGCCGAACGGAGGTGGCGGGACGGGGCCCGCGGCAAAGGTCCGCACCTATGCCGTGCCCCATCTGGCGCGTTCGAGGCGATGCCGCTTCAAATGGCCTTCAGAGACTACCTCGATGTAGCCGATGTCGATGGAGACGGACGAAAAGAACTGGTGGCAACGTCATCGTCGCTCACTCAAGTTTTTGCATGGAACGACCGGCGCGCGTTCAGTCCAAACGAAGCGCTGTTCAAGCCGCTCTCGAGGATTCCGAATTGGAATCCAAGCCTCGACTCCGTCAGGCCGGTCGTCACATCGCTGCTCGGTCAAGGAGGCGACGCTTTGCTCTTTTCCGCGGGCCAGATCTCGGTGTGGCTCGCGGATGCGGTATCGCACACCTTGGAGGCCGTGCAGTATCCGAGCGTCATGTTCGAGCACGCCGAGGGCCTCCACGTGGTGTTTGCGGATACCCACACGACCGTTGCCGGGGCTCCCTCGACCGGCGACGAGCTGTATGCATTCAGGCCGGGGTTCGGGGCCGTTGGGCATCATATCGCGTTGTTGCAGGGGCACGTGGTCACGCCGGTTCAACGGCTCCGCGAATCTCCGGCGCGATTGGCCGGCGACGTGCAAGTCCGTGACGTGGATGGGGACGGACTTCCCGAGCTCCTTTACGCGTTCGAGGGGAACACGGGGGTCGATGTCTTCTTCCCCAAAAAGATGATTCCGCCGGCGGCGCCATGCCCCGGTTCCGCGGCCCCCGCACCCGATCCGGCCGTGCGCGTACCGAGCGGCTACGCCGTTGGTCCGAAAGGGATTCTCGTCGAGGACCTCGACGGGGACGGCAAGCTCGACATTCTGATACACATTCAACGCGAAGCCCGCGCGGAGGGCGAATCGACGTCCAGCGTCGTCGTGGCCTATGGCACGGGCAAGGGAACATTTCACTCGTCTCCCGGCCTTCCCTCCGCCGGCGTCCCCGACGGACATACGTCGAACTTGAGCGCGGACTTGCTCGCGGGGCTGGGATCCACCCTTCCATTGGCCGCGGGGCAACTGACGAACTTTGGCCTCGAGTCGGACCCGTTTTGCGATTTCGTTTTGCCCGACAAAATCCTATTTCGAATCGACGCCGGGACGGGGCCGAGCTTGGTCGAGAAACGTTCGCGGCACACGTGGCAGGAGGCAAAAATCGACGATTTCGATCACGATGGCTCGCCCGATGTGGTGGCCCGCTCGAACGGAGCGCTCGTGTTCTACCACGGGACGGGAAAGCCCATGGTGATGAGTCGCTCCGAACACGCCGTGAGCAACATCACGGGGATGATCGTCGGCGATTTCGACGGCGACCTGCGCCCGGATGCCGCATGTTCCGTTTCGGGCGGGAACGGTTCGGAACTTCGGATCCTGTACGACCTGGGGCACCCCGAAGATGCGCGCACCGAAAAGGATGACGAGTTCGTGCGCACCGGGCATTTTTCGAGCATCGAGCGAATGGCCTCCGGCTATTTTGCCATGGCGGAACCTTCTCAGCCCGGCACCGCCGACGGGCTCGCGGACATCGTCGTGGTGGGACGGGCGAGTGACCCCGATGCGCGGTACCTTTCGCTGCTCCAAGGGTCGGGATCACGAAGGATGCTTTCTCCGCTCGAGCTCGATCGTCTCATCGAAAGGAAGAACGGCGGGCAGGATGGCGGGGTCGAATCGCTGGCGCTGGCCGTGGGGAAGTTCCATGACCCGGACCATCCGAGCATCGCGGCGCTGGGGCGGTCCGCGGGAAAGCCGCCAGCCTACGGCCTCTGGCAACTCCTTCTGACCCGCGATGCGCAGGTCGTTCCGGGGGCGACGACGCACGATCCATTGCCGAAGCAACTATTGACGTACCCCGCGCGGCTGCAGTGGGACAAGGCCTCGCTGGCCGCGCTGGACCTCGACCCGGATTCCGTGCCGCCGCTCGACGAGCTCGTGCTCGCCGTCCCTCCGGCCGCGGGTCCCGAGCCGGCGAAGGGAGCCCTCGTCGTCGCGAAGTTCCGCGAGGGCACGTGGATCGTCGAATCCATTCGCCCGCTCGGGGAAATGTTCGATCCAGGGCTGCCGTGGAAGGTGCAAGCCGTCGACATCGACGGCGATGGCCACAAGGACCTGGTCGCGCTGTTCCAAGACGGAAAGGAGGGGGACGGACGCACGCGTGTGAAGCTCGATGTCTACTTCAACGACCGAACTGGGACGCTGAAGGAGCCCGTGACCATCTCCGTGCCGGATCAAGACATCGTCGATGGTGCATGGCTCCATGCGGACCCGAATTCGACGGAGAGGGACAAGCGGGACATCGTCGTTCTGACCCGACCCTCGGACGATCGGGACGCCGAGGCGGACGTTTTCTTGCTGACCACCGATACGACGAACAAAGCATTCGCTCCGGCGCGCTCGCTGTTGGTCTCGTCCTCCGCGCTCGCATTGCGGCCGATCACGGCCCGTTCGTCGCGTAGCTTTCGCGGAAGCATTGCCGCCGGCGACATCGATGGCGATGGAGTCGATGACATCGTTTATTCGATTGGAAATAGCGCGACGTTGCTGAAAGGGACGCCCTCGCTTTCCGACACGCCGCGGAGGGAGCGATGAAGGCGCGCGTGGCCGCATCGCTCTTGCTGGCGATGCTCGTTTCCGGTGACCTTGCCCGTGCGGGCGAAGGGGTGAAGCCTTCCGAGGACGAGCGGGCCAAGACGCTCTTCAGCTCGGGCGCACAAGCGTATGCCTCGGGGCAATTCGCCGCGGCCATTCAGGCCTTTGCCGAGGCGAATCGTGTGATGCCGACTCCCGCCATCGTCTATTCCTTGGCGCAGGCGCACCGCCGGCAATATTTCATCGATCGCAATCCGGATCATCTTCAAAAGGCCATTGCGAATTTCCACGGGTACATCGAGCACGTCGCCAATGGCGGCCGGCGCGCCGACGCCGTGCAGGCACTCTCCGAGCTCGAGCCGCTCGTCGCACGCATGGACGAGCCGCCGTGGCGTGCAGGCCCGAAAGCGGGCCCCTCACGGGGGAACGAGGAACCGGCGCGGCTCATGATCACGACACAGCCGAGTGGCGCGCAGGTATCCATCGACGGCAAGCGGGCTTGGACGTCGCCCTATGCCGCGGAGGTGACCCCGGGCAAGCATCGCGTTCACGTGACCCTCGACGGGTACTTCGAGGAGGATCGCGAAGTCCTCGCGGTCGACCACGTCCTCGTGCCCGTGCCGCTGGAGCTG
NZ_CP089929.1_gap44	1525220	1530201	4981	CGTTGCCGATGCCAGAGCGGTCTGCAGCGCGGCACGATCCTGGGCCACGCAGGCAAGTCGCCATTCGAAGTGGGAACGGCCGGTGGCCAGTGAATAGGCTACGTCATGCAAGCCCACATCGGGCTGCGCCTCGAGAAAGCCGCCCAACTGCTCGACCTGAGCGCGCAGCGCCGCTTCGCTCTTGGCCGAAAGGAGCACCGGCACATGAATCGCCGTCCCGGCCTCGGAGGACCGCGGCTTGCCGCCGCCGACTTTCAACGCAGCGGGAGGGTTGGGGTGGGGGAGCGCTTCTTCGAGCACGATGTGCGCATTGGTCCCACTGAGCCCAAAGGACGAAACAGCAGCGCGTCGCGGCCGCCCACGTTGAGGCCAAGGCCTGGCCGCATCGAGCAGCCGCACGGCACCCTCGGCCCAATCGACGTGGGGCGAAGGCGTGTCCGCATGCAGCGTCTTGGGCAAGAGCCCATGCTGCATGGCAAGAACCATCTTGATGACGCCCGCGACCCCCGCGGCAGCCTGGGTATGTCCCATATTGGACTTGATGGTCCCGAGCCAAAGAGGCGCATCGTCCGAGTGAGCCCGCCCGTACGTAGCCATGAGCGCCGCAGCCTCGATGGGATCGCCCAGAGTGGTCCCGGTGCCATGAGCCTCGACGGCATCGACGTCTTGGGGGGCAAGGTTGGCCGCCGCGAGAGCCTGGCGAATGACCCTTTGCTGGGCAAGGCCGTTGGGGGCAGTGAGCCCCTGGCTCTTACCATCTTGATTGAGCGCCGAGCCGCACAGGAGCGCGAGCACGGGATGGCCAAGGCGTCGGGCATCGGCCAGACGCTCCAAGAGCAACATGCCGACGCCTTCGCTCCAGGCCACACCATTGGCGTCCGCCGAGAACGACTTGCACCGCCCATCGGGCGCAAGGCCCCGTTGCCGGCTGAACTCGATGAAGCTCGTCGGCGTGGCCATGACCGTGGCCCCACCCGCGAGCGCGAGCGAGCACTCCCCCTGACGCAGCGCCTGTGCGGCAAGGTGGATGGCAACGAGCGACGAACTGCACGCGGTGTCGACGGTGATGGCCGGCCCCTCGAGGCCCAGCGCATACGCGATCCTCCCCGAGGCGATGCTCGGCGCACTGCCAATCCCAATCTGTCCTTCGAACGTCTCCGGCGGCGCTTGAAAGAGCCGCGCCGCATAATCCTGATACATGACGCCGACGAAGACGCCCGTGGAGCTGCCTTGGAGGGACGCCGGCGCAATGCCCGCACGCTCGAGGGACTCCCACGCCGTCTCGAGCAAAAGGCGCTGCTGCGGATCGATGGTCAGGGCTTCGCGCGGACTGATGCCGAAGAAGGCGGGGTCGAAGCCGAGCGCATCGCGAAGAAAGCCGCCCTCGAGGACATACGTTTTCCCCTTGGCATCGGGATCGGGATCGAAAAGGGCGTCGAGATCCCACCCGCGGTCGGAGGGAAAAGGTGAGATGGCATCGGAGCCATGGCAAAGAAGCTGCCAGAGCTCGTCGGGCGAGGTAACGCCGCCCGGAAATCGGCACCCCATGGCCACGATGGCCACGGGATCCGCAGCCTCCGCGGCCGGCTGCACGGTCCTCGCGACGGTGGGGCCCGAATCCTGGCCGAGCAGCTCGGTGCGGAGCCATCGCGCAAGACCATCGGGCGTCGGGTAGTCGAAAAGCAGTGTCGTCGAGAGCCGCATGCCCGTCGCCGACGCCAGTCGATTTCGGAGCTCGATGGCCATGAGCGAGTCGAGCCCGAGCTCCTGCAACGGCCGCAGCGGCTCGATGGATGCCGCCTCGACGTTGAGCACCGCGGCAACGTGTGCCCGCACCACGTCGAGCAGTGTCCGCAGCCGTTCCGCGTCGTCGAGTGGGCGCAGTCGCTCTTGCAGCGACGCGTTGGCGCGACGAGGTTCACGCGTGCGAGCCCTCGAGGCTGCGGCATCGAAGCGAACCGGCATGAGCAACGCCTCCGAGCGGCCGAGCGCCGCATCGAACAGCGCGAGCGCCTCGGGGGACGACATCGGAACGAGCCCCTGCCGCCGGATCCGTGCACGATCCAGCTCGGGCAGTCGCGCCGCCATGCCCACGGCCTCCCAAGGCCCCCAGGCAAGCGAGCACCCCGACAAACCTCGTGCGCGACGATGCGCGGCCAGTGCGTCCAGCGCGCTGTTGGCCGCCGCGTAGCTGGCCTGCCCCGCGCTGCCGAGCGGACCTGCGAGCGACGAGAAGAGCACGAAGGCTCGAAGATCGAGCGAGGCCGTGAGCCGATGCAAATGCCACGCGCCATCGAGTTTCGGTTGCAACACCGTTGCGAGTCGTTCGTCCGAGAGCGACGCGAGAAGCCCATCATCGAGAACACCGGCCGCATGCACGACCGCCGTCAACGGATGATCGGATGCGACATGCTCGAGCAGCCGCGTCAGCTCATCCGCGTTCGAAACATCGCACGCCCGCAGGCACACCTGGGCCCCTGCAGCCTCCAGCTCGGTGACGAGAGCTTCGGCCCCGGGTGCACCGGGCCCTTGGCGCGAGGCGAGCAGCAGGTGGCGTACGCCGTGATGGGCCACGAGGTGCCGCGCGATTTCGGCGCCCAGGCCCCCCGTCGCACCCGTGACGAGGACGGTGCCCTCCGCATCGAGAGGCCGCGCGAGCTCGTCGCGGGATGCGCTCGCGCGTGCGAGCCGCGGCGAAAGAAGCGAACCGTTTCGCATCGCCAACTGCGTTTCCGGTCGAGCGATGGCCGCGCGAAGGAGCTTCATGTCGAGGGCATCGACGTCCACCAGCCGCGGGGCGCGCGTCGGGTGTTCGAGTTGTGCCGAGCGCACCAGCCCCCAGAGCGGTGCATGCACGAGGTCGGCGACATCGTCTTCCGGGCCGGCTGCGACGGCACCGCGCGTGAGCACCACGAGCTGGCAGGCGGCGAAGGTTTCGTCGGCGAGCCACGCTTGCAGCAGCGCGAGCACCCGGCACGTCGCGGCGTGCGCCTTGGCGGGCGTACCCTCCTCGTCGGGAGCCGCCGCGCACGCGATCGCCACCACGTCGGGCCGGGTTGCCCCCTGCTCGATGGCCCCGCGCAGCGTAGCCAGATCGGGGTACACACTTGCCTCGAGGCCGAGTGAATTCTCGCCCAGGACGGCCCATGCCCCCTCTGCGCCGGCCTCGGCGAGAGAAAGGCGCACCCATTCGAGGTGATGCATGGCCTCATGGATGCCGCGCACCGCCTCGAACGACGCGGGCCTCGTGGCGAGCGAATCGATGGTGGCCACGGCGTTGCCTGCCGCGTCCGCGATGACCACCGACACCGCGTTCGCTTCCTCGCGCCGCGAGAACCGGGCGCGAAGCGACGTCGCCCCCGCGGTATGCAACGACACGCCCGTCCACGCAAAGGGCAGGGCCAGCGGGCCACCTTCGCGAAGCGCGCGCACGCCAAGCCCGTGAAGCGCCGCATCGAGGAGCACCGGGTGAAGCAAGAACGTCCCGTCCGAGCCCCCCGCCGGGAGGGCCACCTCGACGAAGAGCTCCGTCCCCCGCGTCCACGCCGCCCGCAGCCCCTGAAACTCCGGACCGTACGCGACCCCTACGGCCGCGAGCTCCTCGTACACGCTGGCCAGGTCCATGGCCGTCGCCCGAGGCGGCGGCCACTCGGAAAGAACTCCATGCTCGGTCCCGCCGTGGCGCGCATCGTCTGCGGGCTGGAGCACGCCGCTGGCATGAAGCGTCCACGCGGCGTCCGTGGTGGCCTCTGCGGGGCGGGCGTAAAGGGCGAGCGTTCGCTGCGCGGCGTCGTCCGCACGTCCGAGCACGAGTTGCACATCCACGGCGCCCGTCGCGGGGAAGGTGAGCGGCGCGTGAAGCGTGAGCTCGCCCAGATGCGCGACCCCGGCGCGTTCGCCTGCGGCCAACGCGAGCTCGAGCAGCGCCGTCCCGGGCAGCAGGACGGCCCCGTGAACGGTATGGCCGGTCAACCAAGGATGGCGGGTCAGCGAAACGTGGCCGGTGAAGATCCACTCATCGCGATCGGCAAGGTGAATCACCGCGCCGAGCATCGGATGCGACGCCGGCACGAGGCCGAGCAATGGCGCATGGGCCGGCGCCGGAGCGTTCAGCCAATAGTGCGCTCGCTGAAAAGGATACGTCGGCAGCGCAACGGGCGAGGGCTGCGTGGGGGCGAAGAAAGCTCGCCAATCGACTTGGTGCCCGCGAGCATGGAGCTCGGCAACGCTCGCGACGAGGAGCGATGCATCGCGATCCTTGTGCAGGGTGGGAAGGAAGGCGAGGCGGTCGTCGGCGTCGAGGCAGCGTTCGGCGAGTGGGGCCAGGACGCCGTGAGGTCCGAGCTCGAGGAAGGTGGTGACCCCTTGGGCGTGGAGAAATCGCACGCCATCGAGAAAGCGCACGGCGTGGCGAGCATGGCGCACCCAGTAATCGGGTGAGGCAACGTCGCTGGGGTCGACGCGCGTGCCGGTCAGATTGGAGACGATGGGAATGCGGGGCGCGTTGTAGGCGAGGGATTCCGCGACGCGGCGGAAGTCCTCGAGCATGGGCTCGACGAGGTGCGAGTGAAAGGCATGGCTGACGCGCAGCCGCGTTGTCTTGCGCCCGAGCGCTTCGAAGTGCGAGGCGAGAGCGAGGACGGCGTCCTCGTCGCCCGCGACGACTGTGGAGTCGGGGGCATTGAGCCCCGCAATGTCGACACGCGCATGGAGGAGGGGCCGCACCTCGTGCTCGACAGCCTGCAGAGCGACCATGGCACCGCCAGGAGGGAGCGCCTGCATGAGCCGAGCGCGCGCGGCGACGAGAGAACACGCGTCGTCGAGGGAGAGCACCCCCGAGACATGGGCCGCGACCACTTCGCCAACGGAGTGCCCGAGGAGAAAATCGGGCTGAAGGCCCCAAGCCTCGAGGAGCCGAAAGATCGCCACCTCGAGTGCGAAGAGCGCCGGCTGGGCAAATCCGGTCTCATGAATGCGCGCA
NZ_CP089929.1_gap45	1535560	1540154	4594	ACGTGCGCCGCGACGATTTCGCCGATGGAGTGCCCGAGGAGAACATCCGGGCGAAGCCCCCACGACTCGAGCAGCCGAAAGAGCGCCACCTCCAGCGCAAAGAGCGCGGGCTGCGTGAAGCCCGTCGCGTGAATGCGCTCCTCGTCGAAGAAGAGCACATCGCGCAGGGGTCGCTCCAAGTGTGGATCGAGCTGCGCGCAGACGGCATCGAGCGCATCCCGAAACACGGGAAACGCGTCGTACGAAGCCCGCCCCATCCCCGCCCACTGGCTCCCTTGCCCCGTGAAGAGCAGGGCCAGCTTCTTCGAGCCATGCCCATGATGCGGCGCCAAGTTCGCCAACGCCTCGCGCACCTGCTCGCGATCGCGCGCCACGAACGCCGCCCGCCACTCGAAATGCGATCGCGTGGTCGCCAGCGAATACGCCACATCGACCAGCCTCGCCTCGGGATGCGCATCGAGGTACGCCCCCAACCGAGCCCCCTGCTCCAAAAGCGCCCCCTCCGTCTTCGCAGATAGCGAGAACGCCATAACGGCACCCTCCCCCCCCGGGGGAGGGCTGGGGTGGGGGAGCGCAGGCGCCTCCTCGACAATGACATGCACATTCGTCCCACTGAGCCCAAAGGCCGAAACCCCAGCCCGCCGCAACCTATCCCCCCCGCCCCAAGGCACCACCGTATCCACGACCCGCACGGGCAACGCGTCCCAATCGATATGCCGATTGCGCGGGTTCGTGTGCAACGTCGGCGGCAGCGCGCCGTACCGCAAACAGGCAATGACCTTGGCCACGCCCGCCAGCCCTGCGGCCGATTCCAGATGCCCGATGTTCGTCTTCACGGCGCCCAAGAGGAGAGGCCGTCCCTCTTCACGTCCTTCACCGTAAACGGCGGCCAACGCCTGCACCTCGATGGGATCCCCGAGCGCCGTCCCCGTGCCATGGCACTCGACGACATCGACATCCGCTGCCCGCAGCCGCGCATCCTCCAACGCCGCCCGCAGCACCTTCTGCTGCGACGTGCCATTGGGCGCCGTGATTCCACTGCTCGCCCCATCATGATTGACCGCCGTCCCTCGAACGACGGCGAGAATCCTCCGCCCGTGTGCCCGCGCATCGTCGAGCCGTTCGAGCGCGAGCACGATCACGCCCTCGCCGCGCCCGTACCCATCCGCGCTCTCCGCGAACGTCTTCGACCGCCCATCGGGCGCGAGCGCCCGTGTTCGCGACAGCATGACGAAACCCTCGGCCGCAGCCATGACCTGGACACCGCCGGCCAGCGCGAGCTGGCATTCGCCGCGGCGCAGGGCCTGACACGCGAGGTGCAAGGCCACGAGTGACGAACTGCATGCCGTGTCCACGGAAAGCGCAGGCCCTTGCAGCCCCAACGTGAACGCCAAGCGACCCGCCGCAAACGACGGCTGGCTGCCGGTGAGCACGTAGGCCTCGGCCTCGTCGGCGGGGCCCCGCACGAAGTCGTAGTCCCCAGGACCGATGCCCACGAACACGCCGGTCTGGGAATCCTTGAGCGCGCCCGGGACCACACCGGCATCCTCGAGGGCGTGCCAACTCGCCTCGAGGAGCAGACGGTGCCTCGGGTCGACGTTCTTCGCTTCACGCGGGCTGATACCGAAGAACGCCGCATCGAACAGATCGATGCGGTCGAGAAATGCCGCCTCCCGCACGTACGATTTGTCCTTGGCGTCGGGATCCGGATCATACACCTCGTCGGCGTTCCATCGGTCTTCGGGCACGGGGCGGATGGCGTCGCCGCCGCTGGCCAGGAGGTTCCAGAAGCTCTCGAGGTCGACGACCCCACCCGGCACGCGTAGACCCATCCCGATGATGGCGAGCGGCTCGCTCGATGCGGCCTGGTAGGTGGCCAGGCGGTCGCGCAGGCGTTCCACCTCACGAAGAGATCGAACCAGGGCTTCGCGGAGCTTCGTTTGCGACGGGCTTTCTTGTCCCATGATCAGCTCACCTCCAGAAAGGTGCTTGCAACGGCGAGAAGGGCTTCGTCTTCGAGCGCATCCAGATCGGGGCGAAGGGGGTCGTCTTTGGTGTCGCGCGTGCGCTCGAGCGTGCCGCTTTCGCGGGGGGCATCCTCGCCCAAGGCATCGCGCAGAAGTGAAAGCACGAAGCTCGCCACCCTGTGGGGCGACGGATGATCGAACGCGAGTGTCGCGGGGAGCGTCACGCCGGCCTTTCGCTGCAAGCTTCGTCGGAGCTCGACGGCCATCAGCGAGTCGAGACCGAGGTCGACGAACCCCGTGTGCGCATCCAGTCGCGAGGCATCGGGATGGCCGAGCACCGCGGACGTTTCCGTCCGCACCAGCGCGATGAGATGCTCCATTCGCTCCACGTCGGAGAGGGCGCGAAGCTCTGCGACGAATGCATCGCCTCCGCTCTCCACCGACGCGCGTGCGAGCTCCTCCAGCACGCGCACCGCATCCGGCAGCGCCTCGAGGAGCGGACGACGCCGCCCCGATGCGAACGACGGTACGAAGCGCGTCCAATCCACATGCGCGACCGTGAGCGTGGCCTCGCCATCGTCGACGGCTTGCCGCAAGGCTGCGAGGGCTCGCGCGGCCGCCATGGGCAACAGACCGAGGCGGTGCAGGAAGCTTCGAACCTCCGAGCTCGAGCCCATTCCTCCCTCGGCCCACGATCCCCACGAGATGGCCGTGGCCACGAGCCCGCGTGCCCGCCGATTTTCGGCGAGCGCATCGAGGTACGCGTTGCCGGCGGCGTAGCCCGATTGCTGTGCGCTGCCCCAGACGCCCGCGATGGACGAGAAGAGGACGAAGGCATCGAGCGGCCGATCGCCGAGGAGCCGGTCGAGGTGGAAGGCACCGGCCACCTTGGCGGCCACCACGTCGTGCAGCTCGTCGAGCGTCGTCTGCTCGAGGGCCTTCTGCTGCGTCACACCCGCGGTGTGCACGACGGCACGCAGATCACCGTGCCGCTCGAGAAGCGCCGCGAGGGCCTCCGGGTCGGAGCTGTCGCACGCCTCCAGCGAGACGCGCGCACCCATGGCCTGCAGCTCCTCGCACAGCTCGCGTGCGCCCGGTGCTTCCGGGCCGCGCCGGCTGGCCAGCACGAGATGCTCGGCACCTTGATGCGCGAGCCACCTCGCCACGTGTGCACCGAGGGCACCGGTGCCGCCCGTGATCAAGACGGTTCCGCGCACGTTCCATGTCGACGCCGGCATCTCGCCGCCGGACGGCGCGCGCACGAGGCGGCGCGCGTAGAGCCCCGAGGTGCGCAGCGCGAGCTGGTCCTCCTCGCCCGCGAGACCGGCGACGAGACGCTGCAAGGAGGTCGCGTCGAGGGAGGGCGGCAAGTCGATCAACCCGCCCCAGCGCGGCGCATGTTCGAGGGCGAGCACGCGCCCCATGCCCCACGTCAGCCCTTGGAGCGGCGAGGCCAGCGGATCGGAGCGCCCCGTGGACACGGCGCCGCGCGTGAGAAGCCAGAGCGGCGCAACCACCGCGAGATCGCCCAAGGCCTGCGCGAGCGCGAATGCGCTGGCAAACCCGCGGGGCAGTGCCGGATGCGCGGGCAGTGATGCGGTATCGAGGCCCAGCAGCGAGACGATGCCGCTCGGCGCCGGCGCGTAGTCCAAGATCTCCCGCAAGCGCGTGACGAGGCCCGCGCGGTCGTCGTGTTCGTCCACGGCCACGTGCACGACGTGCGCGCCATGGTCGGTGAGCGTGCGCGCCATGGTGCCGGCGAGCTCGCCGTTTTCTGCGGTGCTGACCAGCCACCACGTGCCCGCGATCCGCGCGCCCGAGGCCGAGGGCGAGAGCGCCTTCCAGATCACCCGGTAGCGCCAGGCATCGACGGTGTTCCGATCCGAGCGCTCCCGGTGCCACCGCGCGAGCACGGGCAGCACGGAGGCGAGGGAATCGCGCTGGGCGGGATCGTCAATGCGCAGCGATGCGCTGAGCGCGTCGAGGTTCCCTTTGGCGACGGCGTCCCAGAACCGGGCATCCCCGGGGGCCGAGGCCTCCGTGGCATTCGCCGCTTTGGCCTCGGTCCAAAAGCGCTCCCGGCGGAACGCGTACGTCGGAAGGGCTACCGTTCGTGCGCGCGGAAGGACCGTGCTCCAATCGAGCCGGAGTCCGGCGACGTGAAGTTCACCGAGCGAGGCGAGCATCCGCACCATGCTGCCTTCGTCACGCCGCAGCGAAGGGACCACCGTTCCCTCGCGCCCCGCGGCCTCGAGGATCGTCTGCAGCGCGATGGAGAGAATGGGGTGCGGGCTTAGCTCGACGAAGAAGGAGAATCCGTCTGCGACGAGTTTCTCGGTGGTCTCGGCGAAGCGCACCGGCTGCCGCAGGTTGCGGAACCAGTACGCGGCATCGAGGCTCTGCCCATCGAGCGGCGCAGCCTCCACCGTCGAATAGAGAGCCGTGCTGCCTGCGGTGGGCCGCACGTCGTCGACGACGTGAAGGAGCTCGTCGCGCATCGCATCCATGCAAGGAGAGTGGGACGCGATGTCGACCCGCACCTTGCGCGCGAAGATCTGGTCGGCGGTCATTCGGGCGAGGAAGTCGTCGATGGCCTCGGGCAGCCCCGAAACCACGGTGGAGCGAGG
NZ_CP089929.1_gap46	1541408	1543369	1961	ATCTTGGTTGATCGCGGAGCCGGGAACGAGCGCGAGAACGGGGTGGCCATTCTTGCGTGCGTCGGAGAGCCGCTCCAGGAGCAGCATGCCCGCGCCTTCACCCCAGCCCGCACCGTCGGCGTTGGCCGCGAACGCACGGCATCGGCCTCCGGGCGAGAGTGCCTTGAGTCGGCTGAAGATGACGAGCGGCTCGGGGGTGGCAAACACCGTGGCACCGCCGGCGAGGGCGAGCGAGCACTCGTGGTTGCGCAGTGCTTGGCAGGCGAGGTGAATCGCCACCAGGGACGAACTGCACGCCGTATCGACGGTCACCGTGGGGCCTTGGAGGCCGAGCGTGTACGCAATGCGTCCGGACGCGATGGCCGTGGACGTTCCCAATGCGGGATATCCATCTTCGGCCTCCCGCGGCGTCGGCACCACGAGCTCGTAGTCGTTGTAGCAAACGCCGACGAAGACCCCCGTGGGCGTCTCGTTCATCGAGAGAGGGTCGATGCCAGCGCGTTCGAAAGTCTCCCACGACGTCTCCAGAAAGAGCCGCTGCTGCGGGTCGAGGTACATGGCTTCGCGCGGGCTCAATCCGAAGAAGGCCGGATCGAAGAGATCGGGCCGCTCGAGGAAGCCGCCCTCGCGCACGTAGATCTTGCCCTTGGCGTCGGGATCGGGATCGTAGAGCGCGTCGATGTCCCACCCGCGGTCCATCGGAAAAGCCGCGATGGCATCGCGTTCCTCGTGAAGGAGCTGCCAGAGATCTTCCGGGGAGCGCACGCCGCCGGGGTAGCGGCAGCTCATGGCCACGATGGCGATGGGATCGTCGGCGTCATGGCCCGCGCGAGCCGCCACGGGCACCGCGGGGGAAGCCACCGCGAGATCGCCGAGAAGCTCGGTGCGAAGCCACCGCGCGAGGGCATCGGGGGTGGGATAATCGAAGAGGAGCGTGGCCGAGAGCCGGCGCCCGGAGGCCGAGGCGAGTCGGTCGCGGAGTTCGACGGCCATCAGCGAATCGAGGCCGAGCTCCTGGAGCGGACGCAAAGGCTCGATGGACCCAGGGTTGGCATCGAGCACGCTGGCCACGTGCTGCCGGACGAAGTCGAGCAGCGCCCGGACTTGGTCGGCTTCACCGAGGGACCGAAGCCGCTCGGTGAGCGCATCGATGGCGCGCGCCGGCGCCTCGACCTTTCGCGCGGGGGCGCGAACCAGGGATCGGAGCAGCGTCGGCAGGGCGTCGCCCCTCTGCGCGAGCGCCGCCGCATCGAAGCGCGCCGGAACGAGCAGGGCCTCGGGGCGTGCGAGCGCGGCATCGAAGAGCGCCAGCGCGTCCTGCGTCGACAGCGGCACGATGCCCTGCCGCCGGATGCGTGCGCGGTCTTGCTCGGGCAAGCGTGCGGCCATGCCGACACCGTCCCACGGTCCCCACGCGAGTGAGCACGCGGGGTATCCCTGCGCGCGGCGATGCGCCGCCAAGGTATCGAGCGCGCCGTTGGCCGCCGCGTAGTTGGCCTGCCCCGCGCTGCCGAGGACACCGGCAAGCGACGAGAAGAGAACGAAGGCGCGCAGATCGAGGTGGCGCGTGAGCTCGTGCAGATGCCACGCCGCATCGAGCTTGGGCCGAAGGACGGCGTCGACACGGTCTTCGGTGAGGGATGCCACGAGGCCGTCGTCGAGCACGCCCGCCGTGTGCACGACGGCGGTGAGCGGATGCTTGGGCGCGACCCGCTCGAGCAGCTGCGCCAGGTCGTCCGCGCGGGCGACGTCGCAGGCCCGAAGCGTGACCCGCGCCCCCGCCGCGCGCAGCTCGGCGAGGAGCGTGTCGGCTCCGGGGGCGTCGGGGCCTTGGCGCGACGCGAGGAGCAGATCGCGCACGCCGTGGTGGGCCACGAGGTGCCGCGCGACCTCGGCGCCGAGCGCCCCCGTGGCACCCGTGACGAGGACCGTGCCGTTCGGATCGAGGGGGCGTGCCTCCG
NZ_CP089929.1_gap47	1544766	1548499	3733	GGGAGGTCGAACCGCTGCCCCGCCAACGGGTAGCGTCCTGCCTGCGTGCCGCGACGTTCGGTGCGCTCGATCCAATGGCGCTCGGGTTGGAAAGGATACGTGGGGAGCGCCACGCGCGATGGCCGAAGGGGCGCGAAGAAGGCCTCCCAGTCGATGCGATGTCCACGTGCGTGGAGCGTGCCCAGGGCGGATGCCAGCGTCTCGACGCCGCGCCCCTTGTGCAGGGTGGGCACGAACGCGAGGTCCTCGTCGGGATCGAGGCACGCTTGGGCGAGGGGCGAAAGCACGCCGTGCGGGCCGAGCTCGAGGAAGGTGGTCACGCCGTCGGCACGAAGTGCGCGGATGCCATCGAGAAAGCGAACCGCGTGCCGCGCATGCCGCACCCAGTAATCGGGCGAGGCGATGTCGGACGGCTCGGCCTGGAGCCCGGTGAGGTTGGAAAGGATGGGAATGCGGGGAGGCTGGTAGGAAAGGGTTTCGGCCACGCGCCGGAAGTCGTCGAGCATGGGCTCCACGAGCGGGGAGTGAAACGCGTGGCTGACGCGGAGCCGCGACGTCTTTCGACCGAGGGCTTCGAAGTGGCGGGCGATGGCTTGGACGGCCTCGTCGTCGCCGGCGATGACGGTGGACTGGGGACCGTTGAGGCCGGCGATGTCGACGCGCGGGTCGAGCCGAGACCGGACTTCGTCCTCGGTAGCTTGCAGCGCGATCATGGCGCCGCCCGGCGGAAGCGCCTGCATGAGACGCGCCCGCGCCGCGACCAGGGTGCACGCATCCTCGAGCGAGAGAACATCGGCCACGTGTGCTGCGACGATTTCGCCAATGGAGTGCCCGAGGAGTCGATCGGGCCGAAGGCCCCAGCCTTCGAGGAGCCGAAAGAGCGCGACCTCGAGCGCAAAGAGCGCCGGCTGCGCGACCCCCGTCTCGTGAATGAGCTCCGCATCGAGCATCGACGAATCGAAGCGCGCGCACACCTCGTCAAAGACCTCGCGAAATCGCGGAAACGCATCATGGAGAACGCTCCCCATGCCCGCATACTGGCTACCTTGCCCCGTAAAGAGGACCGCCAGCTTCCTGCCGCGCGTCACCTTCGAAGCCGTCAACGTCGCCAGCGCCTGCCGCACCTGCTCGCGATCCCGCGCCGCAAACCCCGCCCGCCATTCGAATTGCGAGCGCGTCGTCGCGAGCGAATACGCCACATCGACCAAGCCCACCTCGGGATGCTCTTCGAGATACGCGCCCAACCGCTCCCCCTGCACCCGCAACGCACTTTCCGTCTTCGCAGATAGCGTGAACGCCACCACGGATGGGGCGCCGGCCGTTACGGCTCCCTCCCCCTCGGAGGTCCGCGGCTTGCCGCGGCCGACTTTCAACGCAGCGGAAGGGTTGGGGTGGGGGAGCGCAGGCGCTTCCTCAATCACAACATGCGCATTGGTCCCACTGAGCCCAAACGCCGACACCCCAGCACGCCGCACCCTGTCCCCAACCCCCCAAGGCACCAAGGAATCCACCACCCGCACGGGCAACGCATCCCAATCGATATGCCGATTGCGCGGCGTCGTATGCAACGTCGCGGGCAGCGCCCCATGCTGCAAGCACGCGATCATCTTCGCCACGCCCGCCAACCCTGCGGCAGACTCCAAATGCCCAATATTCGTCTTCACGGCGCCCAACAAGAGCGGCCGCTCGGCCTCGCGCCCGTCACCGTAAACCGCAGCCAAGGCCTGCACCTCGATCGGGTCACCAAGCGCGGTCCCCGTACCATGGCACTCGACCACGTCGACATCCGCCGCACGCAGTCGCGCATCCTCGAGCGCAGCCCGGAGCACCTTCTGCTGCGAAGTTCCATTGGGCGCCGTGATGCCACTGCTGGCCCCATCATGGTTGACGGCCGACCCACGCACGACAGCCAGCACACGCCGCCCATTCGCGCGCGCATCGTCGAGCCGCTCCAAGGTGAGCACGACCACGCCCTCGCCGCGCCCGTAGCCATCCGCGCCATCGGAGAACGTCTTCGATCGCCCATCGGGCGCGAGCGCCCGCGTTCGCGACGCCAACACGAAGGGCTCCGGAGCCGCCATGACCTGGACGCCGCCGGCGAGCGCGAGCTGGCACTCGCCCCGGCGCAGGGCCTGGCAGGCGAGATGAAGCGCCACGAGCGACGAGCTGCACGCGGTATCCACGGAAAGCGCGGGCCCCTGCAACCCCAACGTGAACGCCAACCGCCCCGCCGCAAACGACGTGTGCGTTCCGGTGACGGCATACGCCTCGGCGTCGTGATCGTGCAGCCGCAACTCATAGTCACTGGGCCCGATGCCCACGAAGACACCGGTCTGCGAGTCGCGAAGCGTGTCGGGAACGAGGGCCGCATCCTCCAGCGCTTTCCAGCTCGCCTCGAGCAGCAGTCGATGCTGCGGATCGATGTGCCGCGCCTCGCGCGGGCTGATGCCGAAGAACGTGGCGTCGAACAGGTCCACGCGATCCAAGAAGGCCGCGTGCCGGACATAGGACTTGTCCTTGGCGCTGACGTCGGGATCGTACACCGCCTCGGCGTCCCATCGGTCCTCCGGGACGAGGCGAACGGTGTCGGCCGACGACGCGAGCAGATGCCAGAACGACGCAAGATCGACGACGCCGCCCGGAAGCCGCAGTCCGACGCCCACGATGGCGACGGGGGCGTCACCGTCGGCGGTGAGCGCACGAGGCGCATCGTGCGTGGCCGCCGCGGCGAGCCCGAGGGCCTCGAGCAAGAAGCCTGCGACGTGACGAGGCGATGGGAAATCGAAGGTCAGCGTCGCAGGGAGGGCCACGCCCGTGACCCGTTGCAAGCGGCGTCGCAGCTCGATGGCCATGAGGGAATCGAGGCCGAGATCGGCGAAGCCCGTCTGAGGATCGAGCTGCGCAAGATCGTCGTGCCCCAGGACCGCCGCGCACTCGGCGCGCACGCGTTCGACGACGTGCTCGAGGCGTTCGTCCTGGCCAAGGCCGCGCAACCGAGCGGCGAGTGTGTCGTTGGCTTCGGGTGGGGCCGATGCGGCCTCGAGTGCCTCGAGGGCACGGACCGCATCGGGGAGCGCGTGAAGAAGCGGGCGCGCTCGCCCGGAGGCGAACGTTGGAGCGAAGCGCGGCCAGTCGACATCGGCCACGGCGAGCGTCGTCGCGCCCTCGGTGAGCGCCCGATGCAGCGCTTCGATCGCGCGGCTGGGGGCCATCAACCGAAGACCGCGTCGCTCCAGGAAACTCTGCGCGCAGGCGTCGGCCGCCATACCGCCCTCCGCCCATGGCCCCCATGCGATCGCGGTGGCGGCGAGTCCGCGCGCCCGCCGCGCCTCGGCCAGGGCATCCAGGTAGGCGTTGGCGGCGGCGTACGCGCCTTGCTGCGCACCGCCCCACACGCCCGCAATGGACGAAAACAGCACGAAGGCATCGAGCGGAGCATCCTCGAGAAGCCGGTCCAGATGGAACGCGCCGGCCACCTTCGCTGCGAGCACGTCGTGCAGATCGTCGAGCGAGATGGCGTCGAGCTCCTGCAGTTGAACGATGCCTGCCGCATGCACGACCGAGCGCAGCCCCTCGAGCCGCCCGAGCAGTGCGGCGAGGGCCTCGGGATCGGCGCTGTCGCATGCCTCGATGGAGACGCGAACACCGAGCGCCTCGAGCTCGCGGCACAGGGCGTGGGCACCCGGTGCATCGGCGCCGCGCCGGCTGGTAAGCACGAGGTGCTCGGCCCCAT
NZ_CP089929.1_gap48	1570438	1571335	897	CGTCGAAGCCGACGATCAGGGGCGCATGCGCGCCGATGCTCTGCGAACGGTACTGAATTCGTGCACCGGCCCGCTCATCGTGTGCGCGCAGGCTGGGTGCGTCAACACCGGAGCATTCGACCCGCTGGGGGAGATTGCGCAGCTCGCGCACGCGCGAAATGCGTGGCTTCACGTCGACGGCGCTTTCGGCTTGTGGGCCGCGGCGAGCTCCAGCAAGCGGTCGCTCGTCGCGGGCAGCGCCGAGGCCGATTCCTGGGCGGTCGATGGCCACAAATGGCTCAACGTGCCCTACGACTGCGGTATCGCCGTCATTCGCGATTCCGCGGCACACGCCCGTGCCTTGCGAAATGCGCGGGCGGCGTACCTCGTCGGGGCCGTTGGGGGCGAACGCGATGGTCAGGATTGGGGCCCGGAGTCTTCGCGGCGCGCGCGCGCCTTCCCCATCTATGCAGCCCTGCGTTCCTTGGGCCGACAGGGGGTGAGTGCTCTCGTCGACCGCTGCTGTGCCCACGCGGCGGATCTTGCGGTGCGCCTTCGCACCCTCGAGGGGGCCATGGTGTTGAACGACGTGGTGCTCAACCAGGTTCTCGTTCGCTTTCACCCCCCGAACGCGCCGGAGGTCGATGCCGGGGAATTCACCCGCGCCGTCATTCGCCGCGTCCAGGAGGAAGGCACCTGTTGGCTAGGCCCCACGTCGTGGCGAGGCTCCACGGCCATGCGCATTTCCGTCTCCAACTGGCAGACGAGCGCGCACGATATGGACCGCACGTTCGACTCCATCGAGCGCGCTCACCGCGCAATCTGCAATACGGCGAACGATGCAACGATGTGAGGATCGAACCCCATGTGCGGCTCGCGCGGTTCGACGTAGAGCATCATATGGTCGACCTCCCAGGC
NZ_CP089929.1_gap49	1572547	1573640	1093	ATCGACGTCGAGGCGGCGTGCAATCACTTTGGGCCCGGTGGCCCATATTTCGACGAGAAAGGTTCGCGAGTACGTTGGGTGCTGGGCAAAGACTTCGAGCATCCGGTTCACCGACGCCTGCACACGCGAGTACAGATCCAGCTCGCGGTCGTGGGGGCGGATGATGGTCGCCAAGATCTTCTCGGCAAAGTGCTCCGCCCCGGCGAGCGCACATGCGTCCTTGTCGGGGAAGTAGTCGTAAAAGGTTCGCTTGGCCAGGCCGCCGCGGGCAACGAGATCGCCGATGGTGACGTTGGCGTAGCCTTTCTCTGCCGCCAATTCGGCCATCGCATCCATCAAGCGTGTGCGCTGCGAGGTGCTCACCTCCTCGCGTGTGAGGCCGTGGCGGCCTCGCGGCAAACGCTCGGCGTCTCCGCGTCGTTGCGGTCGAGCTACGAGGGAGGTGTCCCGTCTCTTCGTTGACACGTTGAGCCTCGACGATACGCTATTTCGAGACGCGCCGGTTACCGCCCCTTCCACGAAGGCGGCCGCTTCTCGGCAAAGGCGCGCGCGCCTTCCCGCGCGTCCTGCGACTCCGCCACCGGGGCGACGATGGCGTCCTGAATCACGAAGGCATCGCGATCGGTGGCGCCTCGGGCTTCACGCACGATGCGGCGGACGGCGGCGATGGCCAGTGGCGCGTTTCGGCTGACCCGCTCGGCGAGGGCGAGGGCGGCTGGAAGGGCCATGCCGTCGGCGACGACGTGGTTGACGAGACCGAAGCGGGCGGCGGACGGAGCGTCCAGCGGATCGCCCGTGAGGAGCATCTGCATGGCAATGTGATAAGGCACCCGCTGCGGCAGACGGATCACGCCGCCCTCGCTCGCCACCAGACCGCGCGCGACCTCGGAAAGCCCGAACTTCGCGGATTCGCCGGCGACGATGAGATCGCAGGCCAGCGCAATCTCGCAGCCACCCGCAACGGCGGCGCCTTCCACCGCGGCGATCATCGGTTTACCGATTTCCGCGCGCGTCACCCCCGCGAGCCCGCGATGGCCGATGAAGGGGAATCCCTCTTTCAAAAAGGCCTTGAGATCCATACCCGCGCAGAAGT
NZ_CP089929.1_gap50	1595972	1598935	2963	GAATCGGGTAGGGTCATTCGGGTCCCAAACGGACCTTGCGAAGGAGCAACCAAGATGCCATCAGCGGTTTTTCGCGGATTTCCGCCACGCGATGCCCGTGGGCTTGCGCGGAGAGGAAGATACGACATTTTGTCGTAGCATTGGACAGCAAGCATGTCCGGAGCGACACTCTTTCGCATGCCAAGGACGAAGCGCCAGCCCGATGCCGCCATTCAGCCGATCCTGCGCTCTCGGTCCATGCGCGAGCTCGACCGCGTGGTGCGCAAGATCGCGGACAAAGAGGTGATGGTCACGTTCATCGGCGAGAGCGGAACGGGCAAGGAGGTGCTCGCCCGGCGCATTCACGAGCTCTCCAAACGACGTTCGGGGCCCTTCGTTCCTATCAATTGCGCCGCGATCCCCGAAGCATTGTTCGAGAGTGAGCTCTTCGGGCACGAGAAAGGCGCCTTCACCGGCGCGACGGAGCGCGCGCGGGGCAAGGTGGAGGCGGCAGCCGGAGGAACACTCTTTCTGGACGAGATTGGCGAGATGCCCATCGCCGTTCAAGCGAAGCTGTTGCGGTTCTTGGAGAATCGCAAATTCATGCGCGTCGGCGGAACGACGAAGATCGCCGTCGACGTGCGCCTGGTCACGGCCACGCTTCGCCCGTTGGACGAGGAGGTGAAGTCTGGGCGCTTTCGCGCCGATCTCTTCTATCGCATTCAGGGCATCAGCCTCGACGTTCCACCGCTGCGGGTCCGGCAGCCGGATCTCCCCGTCCTCGTCCGCCAATTCGTGTCGACGATTTCGGCGGCGCACGGCATGAAGCCGCCGCGCTTCGGACGGAGCGCCATGGCCGCACTCCGCCATTACCCGTGGCCGGGCAATGTGAGGGAGCTTCGAAACGTCGTGGAGCTCGTCTGCCTGCTTCGTGATGGACGGCAGGTTCGGGTGCGCGATCTGCCGGCGCCCCTGCGCGATGTCGTTCCCGTCGCACCGAAGCCGTCCGCGGATGGCGCATGCGGTGCGGACGTCGTCGAAGTGCGGCTCGATCAGTCGCTCGAGGAGAGCGTCGATTGCATTTTGGGCGCCGCGCTCGACCTCGAAGGAGGAAATCGTTCGCGGGCGGCGCGCCGGCTTGGTATCAGCATTCGGACGATGCAGCGTTACGCCTCGCGTGCCGGGCACCCCCGATTCGTATCGCACTGATCCGGAGAAGCCGATGACCCGCTCCCACGTTCTTTCGATGGCACTCCTGGCCCTCGTGGCCTGCAGCTCCTCCACGCCCCCCAGCCATCCCCCGATTGCGCCCGCGGGCGACGGTGCCATCGAACGGGTGGCGACCATTCATGGTGGCGCAGGTCCCTGGGTGGTCGCCGGATACCGCATGGGGGAATACGCACGCACGAAGCTCGGCCTCGAGCGAGGCAGCTTCGATGTGGAGGTCGTGCACTTCACGCCCCACGAGGTGCAGTATTCGTGCATCGCCGACGGCGCCGCCGCGGCCACTGGCGCAAGCCTTGGCAAATTGAATCTCACGCTTTCGGACGCACCCGCGCCCGAGACGCGAACGACCTACCGGCGCAAGTCGACGGGGCAGGCGATCACGCTGCGGGTCACCAAAGGGTTTGCGTCGCGCTATTCGAATGTTCCGCGCGAGAAGCTTCGCGAGGCGGGGCGGGAAGTCATGACCCTCCGCGACGAGGACGTTTTCGAAGAGGTGCACTCGGGGGGATAGGCTTTCGTTCGGCGGCGACGAGCTGCGCCACCAGATTCGAGACGTTGCGAACATCGTAACGCCAGCCGAGATCGGCCATCAGCTCGACGCCCGCTTCGAGAAGGATCAGCAGTGCTCCCAGCGCCTCGGGATCCACGTCCGGCCGAACGCCGCCGGATTGTTGATCGCGACGGACGACGCCCGCGAGCTGCGTCCGCGTTTCGTCGAGAAGGTCGAACTGCGCAGTTCGAAGTTCCTGCGAGCGCCGACATGCCTGCAAGAACTCGGGGCTTCGCACGCCAGCCTTCGGGGGAAATGAACCGGCGGCGACCAGCTTTCCCAGGAGCTCGAGCAGGCCCGGCACGCTCAACGAGTCGCCGAGCGCCTCCAGAATGCCGTCGAACGTGGCGCGCCGTCGCGACTTCATCGCCTCCACCATGAGCGCGTCGCGGGTGCCGAAATGGTCGTAGAAGGCCCCCCGAGAGAACCCCGCCCGCGAGCAGATCTCGTCGATGGTTGGCGCGTCGAGCCCCTTTTCCGCGAAAAGCGCCAGCGCGGCCGCGATCAGGGCGTCCCGGGTTTCTTCCTTCGCGAGGGTTCGTGTGGCGCTGGCGTAAGGACGCGCCTTGGCACGCCGGCGCGGTGAAGGATCATTTGACATGCGTTGGTGTATGTGAAAATTAATTCGGATACGTTGGTGTATGTTAATTGGAGGTGCGGCAAAATGCACGCTAGAATTCTGCCCCTGGCTCTCCTCGCGATGTTACCGACTCGCGCCGATGCGTCGGAAGACGAAGGTCGGCACTGGATTGGGTATCAAACGGTGATCGTCGACGTGGCATCGCTGGTATCGGCGGCCGGCGGCCTCGCGTTCGTTCCCAAGATCGAAGGCGATTCGGGGGCATCCGAGGGCGCGCCCGTGGTCGTCCTCATGGGGCTCGGAATCATGGGGTACGTGTTCGGAGGGCCGATTGTGCATTGGACACATGAGCGCCTCGGAAAGGGCTTTCTCAGCCTCGGTTTCCGAATCGCCGGGCCCCTCGCGGGCTTGGGGGTGGGCGCGCTCATTCCCACGCTGGTCGGGCCGGGAGACAACCTCGCGGGTAGCCTCATCGGGGCGAGCGCGGGTGCCGGGCTGGCCATGGTGCTCGACGCCACGCTTTTGGGATTCGAACGGGCGCCCAAGAAGACGGCATCGCGATGGCAACTCGCGCCCATGATCTCCACGCCGACGGCGAAGACTCCTATTTTCGGGCTCCGCGGCGCT
NZ_CP089929.1_gap51	1600649	1601795	1146	CTACTCGGCCCTTCAGGCGCGCATTGCGGCTTCCGGCACACCCGATTTCGCCATGATTGGCAATGAGTTCGTGCTCGCCCTGGCGATGCAAGGCGTGCAACGCTTCCACGAAGCACAGCGGTCGGGCCTCGAGAGTGACATGCGTCTGGTGAACGACCGACTGTCGGGCCTGTTTCGACCGGCCGCCCCACTGCCGTCCGGGTTGATCGCACACCTTCGCGAATGCGTTCGCGATACGCTCACGAAGGGGGCGAGCCGCACGCTATCGGTAAGCGGCGTGGCGCGCCAACTCGGCGTGAGCCAGCGCACCCTGCAGCGGCGACTCCAGGAGGTAGGGAGCAGTTTCAGCCAGGAGGTCGACGGCGTGCGGCGCGAACTCGCGTGTTCGTACGTGGCCGAGACGGACCGACCGTTGAGCGAAATCGCATTTCAACTTGGCTTTACCGAACCGGGGTCGTTCTTCCGCACGTTCCGCCGCTGGACCAAAACGACGCCGCGGCGCTTCCGACTCGGTCGGGCCCATCTGACGCGCACGGGCGCGAGCGACGGGCCAGCCTGGATGGGGCTCGCGCAGGCGTAACGGAAGCCGCTTCGATTCGAAAGAAGAAATTCGGAATCCGCGGGCGTTCGAATCATCGGAGGGTCATCGCGACGTAGCAGACGTCCTGGTTATCCGGAAAATGCGCGGCAGCGCGGGCGGTGACGGCAACGTCCCAGGCCCCTGCAACGGCATGCGACGTTCTCTGCGTGTAAACGTAGAGAACGTAGGTCGCGCCGTTCTGGAGACTTTCCAAGGCTTCGCTTGGCACGTGCGCCGTCTTCGTGTTCCCGTCGAACTCGCACGTAACGTCGCCCAGACTGACACCGAGTTGCGAATTCGCTCCTCCGGACCACGTGAGGTCGAAGCCTTTGCTGCGCTCGATCGTCCCCAATGCCAACGACTCCCTGGCTACCAGGGCTTCGCGCGGAGCGAACAATTCGGTATGAAACGCCGGTACCTCGCCCCCCACGGCATCGACCGCGAGCTTCTCGGCCTCCGATCGGATGCCATTGTCATCCGATGCGCGGTACCTGCCATCTCTCGTCGGTTCGAGCTGCGTCTTGAGTTCGTCACTGGCTTCAATCGCGATGTTTCCGGCGTGGGGC
NZ_CP089929.1_gap52	1607647	1611942	4295	TGGCGGACGATCAAGCGGGACGGCTGCCATCGGACATGGGGAAATCGTCGGGCGGCTTCGTTTTTCAACCACCACGATACCGTGGACGGCCATTCGCGAAAGCTGGGAGCACCCCGAGGGAGGCAAGCGCTTCTTCGTCGTGCGCTAGACTGGACGCCATGCGCGTCCTTTCCCTCGAGTCGAGCCCCTTGCACGAGATCACGTACCTCGCGGCCGCATCGGGCGGAGGAACGGAGACCCGCAGGCTGCCGGTGCTGCGCGCCTCCGTCGATGCGCTGCCAGCCGACCTGGATGGGTTGCTCCTTACATCCGACTTGCAAGGGGTAGCGCCGCTTGCGTTGGAGGACGGTGCGGTGGGCCTTCTGGGCGAGGTGCTGGCGGAAGATTGGCGCATGTTCTCCGAAACGGGGGCGCTGCCCTCGCCGGGCGGCGTGGGCGTCGTTCTCGCGGGTGACCTCTATTCGGAGCCCGCCGCCAACAAGCGGAAATTGGTGGCGGGGGGCAGGTGCTCCACGTCGATGGACGGGCCATTTTGCTCGCGCGCGGCTAACGAGTCGCTGCACCGTGTCATCCAGTTGGGCGACTGCCGCTCAGGCCGTACAAGAGCAACGATGCGGTACTGTCATGGGCGCACTGCCAAACATGGATGAGAAACGATCCTATGACGCAGGCCTGGACACGGATAGGTCCTGGACGCCGATTTGTCGTGGAATCCCGATGTTTATTCGGCATTTTTTGGTGGCGCCGGCAGTACATTCCGACCGTTGCCCGTATAGTTTGTGAGAGGACGAGCCGGCATCGAGATGGTGCTCGTCGTGAAAATTGTAGTTCGTTATGGTGGTGTCCGGTTCGAGTCGTTCATTGTTCCCCGCGTTCGTCGCGCATCACAGCGTCGCGTTCGATCGCGAGGTGCCGTCGTCCTTCTCGGAAATCCCGATACCGGAATCGATTCAAAAGGCGCCCAGCCGGCGTCAGGTGGAATTTCGCGCGGGTCGTAAGTGCGCACGGCGGGCTCTCGAAAGCTTGATGGGAAACGCACCGACCGACCTCGTTTTCGATGATGCCTCCCTTGCCGTCGGCCCGCATCGCGAGCCCATCTGGCCGGAGGGATTCGTCGGAGCTATCACGCATACGAACGACTTCGCGTCCGCCGCAGTGGCACGCGCGACCGACGCGCTCGGGATCGGCCTCGATGTGGAGGTCGTCATGTCGGAAGAAAATGCCGCAAACTTGATGACGCTGCCCAAGGTCGCTGCGCCTCACGAAGTGGCCGAGCTCGCGCGCGCCATGAACTGGAGCCCAGCGACGGCGCTCACGGTGATCTTTTCGGCGAAGGAGACGCTGTACAAGTGCCTGTACCCACAAGTTCGTCGGTACTTCGGATTTCGCGCGGCCGCGGTCGAGTCCGCGGATGACGCCTCAGGCCAGTTCTCCGTGCGCCTTCTGGAGACGCTGACCCCGAAGCTCGTATTGGGCCGCTCCTTCGAGGGGCGCTTCGATCTCCAGATAGGCCCGACGAATGGCGCCGCCGGCGACGACCGTGGCGGCATCGTCCGAACGGCGATGGTGCTGCCCGTATGACGTTTCGACATCTCTACGCCGTTGCCCCCTCCCAATATCGATTGAGAAGATATGAGACACACGAGACATCGCATCCCCGGCGTAGTGTCGATTCACTTGAATGCATTTCAAATTCGATTTGATGGGGGCATTATCGATGCTACGTATGATTGATTGGGAATCTTTGCGCTGTCGTCGAAATTTGCTCCGCACACTGCGGGAAACCCAAATCAGGGATGCTTGACTAAATGAACACGGGACTTGCACCGGAACGACCTGCAGCAGAGCACCTGACCCCCGAACACACGGCCGCCCAGGCGGAGTTCCAGGAATTCGTCGATCAGCACATCGCACCGTTTGCCGACGAGTTTCACCGAGCGCAGCGCACGCCCCCGGAGCTCGTTCGTACCCTTGCCGAGCGGGGCCTTCTGGGCCTATCCATATCGAAGGAGTTCGGCGGCGGCGGCCGCGATGCCATCACACTTGGCATCTTGGCGGGCACCATCGGCCGCGCCTGTTCGTCCGTCCGGAGCCTTCTCACCGTCCACACGATGGTCGCCCACGCCATCTCGCGCTGGGGTAGCCGAGCTCAAAAAGAAACGTGGCTCCCCAAACTCGCCACCGGGGAGCGAATCGGCGCCCTCGCGCTTTCCGAGCCCAACGCGGGCAGCGACGCCAAGAGTGTCGCCACCCGCATCTCCCCCGATGGATCCGATTGGCGCATCGACGGCCACAAGTCGTGGATTACCTACGGGGAAACGGCCACCCTCTTTCTCGTCGTCGGGCGAACCGAGGAGGGCCCCACCGCCTTCTTGGTCGAACGCGAAACGCCCGGCCTGAGCACCGAGCTGATTACGGATCTCATTGGAATCCGCGCATCGATGACTGCGAGCGTTCGATTCGACGGATGCCGAGTCCCCGAGAAGAATCTACTCGGCCGGCGAGGCTTGGGCGTATCGCAAGTAGCTTCGACCGCGCTCGATCTGGGCCGCTACACCGTCGCATGGGGATCCGTGGGGATCCTCGAAGCCTGTCTCGAGGCATCGATCGCCTATGCGAACCAGCGCGAGACATTTGGGTCGCCCATCAAAGATCATCAGTTGATCCGGCGCATGATTACCAATATCTTTACCGATTTTCGCGCGGCCAAGCTGCTCTGCCTCGAAGCCGGACGGCTGCGGGATGCCAAGAACCCCGGAGCCCTCGAGGCAGCGTCGGTGGCCAAGTATTTCGCGTCGACGGCGGCGGTTCGTGCGGCCTCCGATGCCTTGCAGATTCACGGTGCGAACGGCTGCAGTGCGGACTATCCCCTGCAGCGTTACCTCGGTGATGCCAAGATCATGGAAATCATCGAGGGCAGCACACAGATCCAACAGGTGACGCTCGCGGAATATGCCTATCAGGCCTATGCCGGCGTCCGCAGCCGGGGTGGCGATGCCCCCTGGCGCCATCGTTAACTTTACAGCGGGAGGTTGCGTTTCCAATCGAGATCTTCGTTCAAGTCGAACCGCGGCAGCGGAACAATCCCGGCGGGGCCGGCGCCCTCGCCCGCTGCCCGATACAATGGTCGCCAAAAGTCATGGCGACCCTCGCCTGCCGAAGTGCGCATGACGGCGGCCCCGCCGCGATTGTCACGCTGCCGCTCTTCGGCATTCACGAGCCTTTCGAGTTTGGGATGTAACCTCCCGCAGTAGAGTTAGGCAACTCGCGGTCGCGCCTGCGGAGCGCTACCTCCGTCTGGGCTGAAAACCAGCCGAAACACCTGCCTCGCGGAGCGAATTTGTACTCCACGCGGGCGACTTTGAAGTGCGGCCGCGAGTCCTATCATGGACACGAAAGCAGCCGCGCGTACCGCGCTCCGGTTAGCGTACCTGCTTAATTCTCGCATTGTGCAAATTGCCATTTGCTCAATGGGAGCTCGAACCTGGACGTTGTTGTGTCCTGGTCGAGAATTGGTGATTCATATTAGGTATTATTGAGTTGGAATCATTCTCGTTCAATGCGTCGGATTGTTGACGCACCGTCCTTGACCAGAACCCATGCAACGCTACAGTGAGATAAAGTGACTACGAACGACGTTTTGCTCCAACGCAACGATGTTCGCTCTTCGGTCTCGAAGGGCCGCATGCGTCGCGGTACGAAGGCGCTGGTAGCCTCGCTTTTCGTGGCCATTTCGGCCACGGCGTATTTTGGTTGTCGGCACGGCTCGAAGGTCGACTCCTCCGGTTCGCCCTTGGCCAATTCGGATTTCGAGTTCCGCCGCGAGGCCTTCTCGGGCCGCGTAGAGAACGTATTGGACGCTGGTTCGTACACGTACTTCTCACTGCGCATGCCCGACGATCGGGAGCGCTGGGTGGTCGAGCTTTCTCGTTCGCACCGCAGCGCCAGCTGGATGAGCGTGAGCAGCTACGGAGTGCGTCGAAATTTCGATTCTCCTCGTTTGAACCGGCGCTTCGACGAGCTCTATTTCGTGTCGGTGTCCGATAGCAAATAGCTTCGCTACGTATTTCGCTTCTAGAGCCGGGGTTGATTTTTCCAGTCGATCTCGGCTCGCTTGGTATTCACGAATGATGGTTGGAGATGGAGTGTAAAATGACACGTCTGGGTTATGTGTTGGCGTCGGGCGCAGTGATGGCCATTGCCGTTGGCTGCTCGTCGTCGGATAGCAATGACAATACGCCCCCGAAGAAGACCATTGCCGAACTCGCCAAGTGCGACGAGTCGGACATCGCCGA
NZ_CP089929.1_gap53	1673588	1676635	3047	AGGCGCAACCAATCGTCATCGAAGTTTCCGCGCGACCGCACGCGCGCCGCCTCCGCATATTCGGCAAGTGGCCAATACAGGTCCACCCGCACCCCGAGTTCACCGCGCGCGCCCAGGCGCCGGTACACGTCGATCAACCGTGCACGCGTCGCGGGATCGCTGCCGTCCAGGTCCTCCACGGCGGTTACCCCATGGCGGTGCGCTTCGCGGGCGGCGGCGCGCACGCCCTCGAGGATCTCTTCCTCCTCGAGCGGCGGGACCTTGGGCAACACCAGGTCCATGGCGTTGTCGCGCAAAAGGCCCGACGGGGTGCGTGTCCCCGATTGCCGATAAATGACACCGCCCGGTGGGTCCTGCGTGCGCGCATCGATGCCGGCGAGCTGCAGCGCGCGGCTGTTGGCCAGGGCCATGTGACCATCGTAGCGCGCCAAGAACACGGGGCGATGGGGGACGTACTTGTCGAGCAGCGCAGCATCGGGCAGACGCCCTGCCAGCGCGCGATCGTGATCCCAATTCCCCCCGAGCATCCATCGCCCCGGTGGCAATTGGCGATCGGCCTCGACCAGACGGCGTCCGAGCTCCGCTTCGTTGGCGGCGTCTTTGAGATCGACGCGTGAGAGCCCGAGCCCACCGTAGAGAAAGTGCACATGGCTATCGCGAAATCCGGGTACCGCGCGCCGATTCTGGAAATCGATGATCCGAGTTCGAGGACCGAGGAACGGCTGCACCTCCGCATCGCTTCCGACGGCGACGACCCGTCCATGCGAGATGGCCAGCGCCTGCGCCTCGGGGTGCTCCGGATCCGCGGTGAAGATGCGCCCGTGCACGAGGGCGACCTCCGCCGCCTCCCCCGCCGACGACGTCGACACAGCAGCCGGCTTGTTCGAACCACCGCAGGCGACCGACAGGAGAAGCGCCAAGCCCAGAGCACGTTTCATGATGGCCCCAGTATGCCACCTAACCCGCCGCACCGTGGGGGGCCGTTTACCCACTCGAACGATGTGACCAACCAACGAATAATCACTTAAACCCAATTGCCGTTTTCCACGGCGGTCCGGACAGGCTTTTTTTCCTCGTGGGTGGGCGCGCGACATGCCGTTGCCTTACCGACCCTCCGCGCGGGACTTACAGGTGGACCGTGTATCAAACACACCATGTCGCACTACGACTCCATCGCGCGGGCATCGTATCTCTAGGCGATAGGGGGTGGCTCGTGAGTACGAACACGGCAGAGGATGCGCCCGAAGTCGTCGAAGAGCGCCGATCATTTTCGCTCGGTAAGTATTATCTCTTCGCGCGACTCGGCTCCGGTGGAATGGCCGATGCGTACCTCGCGGTTGCGCGAGGGGCGCTGAACATCAACAAGCTTGCTGTGGTGAAACGCCTGCGCGAAGAGCATGCAAGCGATCCCGACGCACGGGAGATGTTTCTCAACGAAGCACGGCTGGCAGCACGTCTGAACCATCCGAACGTCATTCAAACCTTCGAGGCGGGCTCCGAAGGCGGCTGCTATTTCATCGCGATGGAATATGTGGACGGCCAGCCCCTGTCGCGCATCAGCCGGCGGCTCAAACGGAAGGGACGGCGGATCGATCCGACCATTGGCGCGCGCATCTGCTCGAACGCACTGGAGGGGTTGCACCACGCTCATGAACTCGCCGACTTCGACGGCACGCCGCTTCGAATGGTCCACCGTGACGTGAGCCCGCAAAACATCATGGTCACCTACGACGGTCGTGTGAAGGTGTTGGACTTTGGAATCGCAAAGGCCGTGGGCACCAGCCAGACGGCGCACGGTATCTTCAAGGGCAAATTGGCGTTCATGGCCCCGGAGCAGCTCGTAGGGGACAAGGTCGATCACCGCGCGGATCTCTTTTCCATGGGAATTTGTCTATGGGAAGCGGCTACCGGTGAGTCGTTGTTGGCGGATGAAACACCCGCCAAGACGCTTTTCAATCTGATGAACAAGAGCCTGCCGCTTGCGTCCGACGTGAACTCGGAGGTCCCCGAGCAACTCGCTGCGATCATCGCAAAAGCTCTCGAACGCAACCCCGACGACCGATATGCCTCGGCCCACGAGATGCATATGGCCCTGGAAGAGTTCATCCGCAGCCAGCGCCTCGTCACCGAGCACGACGTGGGGGGTCTCCCGCGGCAGCTATTCGGTGACACACGCGAGAGGCTGCAAGCGGAAACTCGCGATTATGTCGCCAGGCTCTCGCTGCGCTCGGAAGGCGATTTCTTGGAAAGCCAAATTCGCAATCTAGGCAGCGCATTGCTTTTGGACTTCAGCGATCTAGCCGAGCAAGAAGGCACGAGAACGAACCGAGTCACGTTGCGGGCCACCACCGCTTCGCTCGACGGCCCCGCTCCCCGCAAGCCCATGAGCGTCCGCCGTGGTGTCGCCATCGCGGTTGCGACGATGCTGGGATGTGGCGTGTCATTTGCCGTGTTTTTGGCGACGGGCGCGGCCATCTGGCGTTCGCACCACGCTGCCCCGACGCGCCTTGCCGAAGCTCCGGCGACGATCCCTGTCGTCGCACGGGTGCCGGAGCCGGTGCTGGAAGTTCATCCGATGCCCCCGACCCACCCGGCGCCCACCGCGAGCGCACCGCCGCCCAAGAGCGTCCCGGTGGCGCCTCCCGCGGTAAAGCCGCCGCCTGCACCGCGAGCGACGAGCAGCGTTTCGCCGACGGCTTCCGCGGTACCGCTTCCCGCAGACAGCGTGGGCTTGCCCCCGCAGCCAACGAGCACGGCGAGCGCGCCATCGGCTTCGCCAGCGCAACCACCACCCCGAGGCAGAGTTTTTCGGCGGGAGTTGTGAAAAACGAGTTTGAGAATAAATCGCAGCATCGTTTGATGCATTTTTGAAATTCAGAAATCAGGGATGCCGAGAACCGCTCGTTCTCATGATGGCATTGGATCGATATGGCGCTACGTTGTCCCATTGTCGTCATCCGCGCCCATCTGTGCCACGCACGACGCCCCGATCGCGCGACGCCGTTCCTCCGCCCGCCTTAATTCGATTGGCGATGTTTTTGCCTAAT
NZ_CP089929.1_gap54	1715561	1719099	3538	GGATCCCAACGGCCCCAAATCGAGTGTCGTGGCAAGGACCTGGACGGCGACGTCCTCGTCCCCGAAGTCGCGCCATGTGCGCGTGAGCGCGAGCCTGAGCCAGTCGACCAGGGACCCCGAGCCGGTTCTCAGCGTGAGCGTGGCCGTGCGCTAGGTTTCCGGGGGTCCAAGGCAGCTGGGCGCCGTGCGGCGCTCCTGCTTGGTTCGATGCGACTGTCCCGGGACAGGCACATGGTGGCCGGGACGGGCAGGCGTGGTGCGCGATGCGCGGTTTTCTCGTTCGAATGGGTGGGGGCGCCGGTGGCCCCAATCTGGCATTGCATCAGGGCAGGAATCGCCGCGTGGTGCTCCGGACACCGCGCGGTCGAGACCGCAGACGATGGGTCGACATTTGGTAAAGATGGGAGTCGACAGCTCGCCGCGTGCCCGAGAAGGCAGGGAACCAACGCCCACGGGCGTCCAGCTATCGGGAACAACACGCGACGTGTGACGGGAAGCGCAGCGGGCGCCGACCGGTGGCGGAATCCTCGTTGGGGAAGCTGCCTTGTACAAAACTGCTCGCAACCACCGGACCTTATGCCTCCTCTTCATCTGGCAAATAAGAAAAGGCCAGCAGCAGAATGTGTGCGAACGCGCGGAGCGCTCGTTTGCGCACGCGTTTGTCCTCTTGCCGCTCGGGACCCGGGGGGTGGTGCTCCCGCCGCGTACTCGTCGCGGACGTTTGCCCGGGGAGCGCGCTAGGCGCTTGCCGCCGCGATGGGGACCGTGCGCTCGAAGCTCTCCCGCTTGAAGTCTGCGCAGAGCACCTCGGGCATCTCGCGCTCGCTCGCATTGCCGCCGCTGCACACGACCGCGATGCGCTGACCGGCGAAATCCTCCGGGTACGAGAGCACCGCGGCCACGGCTGCGGAGCCCGCGCTCTCCGACAGCGTATGCGCATGCGTCAACATGAGGCGCTGCGCGCACCGGATCGACGCATCGCTCACCAGAATGAAGTCGGCCAGCTTCCCGCGGATGATCTCCTGCGGAAGCGCATACCCACGCCCGGTGGCGAGCCCCTCGGCGATGGTGCGGTTCGACTGCGTGACGCACTTCCCGAGGCGCCACGACTCGTGCGCCGCGGGCGAAGCCTCCGATTGCACCGCGACCACACGGCACTTCGGGGCCATCGACGCCGCCACCAGGCATGCCGCCGCGACCCCGGTACCGCTGCCCACCGGCACGATGACCGCGTCCAGATCGGGCATCGACTCGAAGATCTCCACGTAACACGTGGCAACCCCGGCCACGAGATCGGCCTCGTCCGCGTGGATCAATCGCATCCCTCGTTCGACCGAGACGCGCGCCGCATTGGTCGCCGCCTCGTCGACGGTGGCGCCTTCGAGCAGCACCTCCGCACCCCACGCCCGCACGGCCCGCACCTTCTCGGCGTTCGCGCGCTCCGGCATGGCAATCACGCACGGCGCCCCGAACAAATGCGCCGCGTACGCGATGGATTGCGCATGGTTGCCCGTCGAGTACGCGACCACACCGTGCTTCCGGTACTCGGCATCCATCGACGATAGGATCGTGATACCGCCACGGATCTTGAACGCCCCCGTGGGCTGCACATTCTCGTGCTTCACGTACACCTTCGCCCGCAGGGAGGCGTCGAGCACGGGGTAAGACCACATCGGGGTCGGCGTCAGATGTTGGCCGATCACCCGCCGCGCGCGTAGCACATCGGTGAAATTCGGAATGCGCATGGGGCACCGTCGCAAGGTTTGGCACATACGTCCAATGCCAATGTTGGCGACAATTCATAGATGCGGTCTATATTTGCGTCATGCTGGATTTGACGCGCCTGCGTGTGCTCGCCACCGTTGCCGAACACGGTTCCGTGACCACCGCGGCCGAGGTGCTTCACTATGCGCAGCCCTCGGTCAGCCATCACCTGGCCCGCCTCGAGGAAGAAACGGGGGCCAAGCTCGTGCAAAGGGTAGGGCGCGGCATCCGCTTGACCGATGCCGGCCGACTCCTCGCCGACCGGGCCACCGAGATCCTCGGCCGCCTCGACGCGGCGGAGGCGGAGCTCGCGGCGCACGTCGGCTTGCGCGAGGGCAGGGTGCGCCTCGCCGCATTTCCTTCGGCGCTGGGCACCTTCGTTCCGGCCGCCGCCGCCATCCTCGCGGAGCAGCATCCGCGCCTCCAGCTCACCTTTCTCGAAGCCGAGCCCCCGGAGGCTCTGCAAATGCTCCGCACCGGCAACGTCGACGTGGCCGTCGTGTTCCAGCACGATCTCGCCGCCACCACCGACGAGGGCGAGCACGGCATCCGCCTGACCCGCCTTCTCACGGAGCCCGTGTACCTCGTCGTGCCCAAGGGCCGCCGTCGCGGAACGGACCTCGCCGCGTACGCCAAGGATCGCTGGATCGCAGGCTGCGAGCGCTGCCGCCGCCACCTGCTCGCGCAGTGCGCGCTCGCGGGATTCACGCCGCAGATCGCGTTTACGACGGACGACTACATCGCCGTGCAAGCGCTCGTCGCCGCAGGCCTGGGCGTCACCACCTTGCCCGAGCTCGCACTTCTTTCCGCACGCCACGCGGGCCTGGTGGCGCGCGCACTCCCCGGTGCCGAGCGCTACGTGCTCGCGGCCACCTACGGGCAACCGCCCGATCCTCCCGCGACGGTCGCCCTGCTCGATGCCCTTGCGGTCTCCGCCCGTCGCCGAGGCCGCCCCCCCGCCCGCGACCGCTGACCCCCGCGTTGCGACCGCTCGGCGCGACGCCTCCACGCCTGCCGCCCGGCGCGACCTAGCTTCTATAGCATGCGCAAATGGCTCGGTGTCCTCGTCGTGACCCTCGGCATCGCCAGCACCGTCGACGAAGGCCATGTCGCCGTGACGGCGGCCCACGCGATACGCGTCACGGGCTACTACCGCGACCCCGACGTCGCCAAGCTACCCGCGGCCATGTCCTTCGCGTACGCGCGCCTGCGTGCCCAGGACGTCGACCTCACGCCGCGCGACCCCATCGAGTTCGGCGACATCGAGCACGCCGCCGGCGTCGTCATCTTTCTCCACGGCTTTGCGGGCAGCTTCGTCCTACCCTGTTGGGAACTCTCGCGCGCCGCCGCGCATGCCAAACTCGCCACCGTGTGCCCTTCGACGGGCGTGAACGGCGACTGGTGGTCCGCCTCCGGCGAAAAGACCCTACGCGCCACCGTCGCCAACCTGCGCCGGCGCGGCGTCCAAAGCTTCTACCTCGCGGGCCTCTCGAACGGCGGCGTCGGCGCGACCGTTCTGGCGCCGCGCATGCGTGGAACCTTCAAGGGCCTCATTCTCCTGTCCGGAGCCTCCTCGAGCGCCGCCAACCCGGGCATTCCCGTCCTCGCCGTGCAAGGCCGGCGTGACACGATGATGCCCGCATCCATGGTGCGTGCGTACACCCAGCGCGTGGGGGGCCGCTACGTCGAGCTCGATGCCGGGCACTTCTCCATGCTGATTCGCGCCGAGGAGACCCACGATGCCGTGGTTTCATGGCTCACGAGGTAAGCTCCG
NZ_CP089929.1_gap55	1788369	1790232	1863	ACGAGCATGCTTTCGCTGCTGGCCAAGGGGCTGGAAGAGCGCGAGATCGAGCATTTGATCCTGACGGGGGCGACGCAGGATCGGCAGGCCAAGGTCGATGCCTTCGAGCAAGGGCTGGCCGACGTGTTCTTGATCAGCCTGAAGGCCGGCGGCACGGGGTTGAACTTGGTGAGCGCCGACACGGTGATTCACTACGATCCGTGGTGGAACCCCGCGGTGCAATTGCAGGCGACCGACCGCGCATACCGGATTGGCCAGCAGCGCCCGGTGTTCGTGTACAACCTCGCCGTCGCGGGCAGCGTGGAAGAGCGCGTCATGATGATGCAGCACAAGAAACGCCGCGTGTCGTCGATGCTCTTGGGCGACGACGAGCAGCAGAGCGCGGGGCTCACCGCCGACGACGTGGAGACGCTCTTGGCACCGCTGCAGGACGACGAACGGCCCGCGGTTTCGCGTGTCGCCGCCGCCCACAAGGCCGGCGCGGGCGCCCCGAACGCGCCTGCGGTCGCCGCGAGCGCGTAACGGCCCTAGGCTTGACGGGCGATGCTGCGGGTCGCCTTGTTTCTCGTCGCGGTGGTCGTCGGGGCCGCGCTCGGCAATTCGTACATCGGGCGCCTTCCGAACCATGCGGGGTACTTCCTCGTCGCGGTGGACGACGAGGTGCGCGTGCCTCTCTCGGTGACGCCTCGGCACACGGTCGTGATCGTCGTCGATGGCCTGCGCCGTGATGCGGCCGAGACCATGAAGGCGACCCGGCTGCTCGAGGGCGCCGGTCAGTGCCGCGTTTCCGATCAGGGGCCATGGACCGTGTCGCGGCCCGTCTACGCGCTTCTGTCGACGGGGCTCGAGGTCGCCCGGAGCGGGGCTCGAAACAACGATCTTACGGCGCCGTTGGCCGCCGAATCCATTTGGCAGATCGCCCGCGCCTCCGGCCGCACCGTTGCGGGGAGCAGCCACCTGCCATGGTTTCGCGAGCTCTTTCCCGATGGCTTCGATCGTTTCGACGTGCACGAGACGCACGATGCGAACGTCTTCGAGGGAGGGGAGCTCCGCGAGCTCGATTTGTTCCATCCTCTCTATGTCGACGAGGCGGGGCACCATCATGGCGCAGCCTCGTCCGACTACGCGGCGGCGGTCGCGCGGGCCGATCGTGAGACGATGGAGCTCCTCGGCAAGGTCGATTTGGCGCGCGATCTCGTCGTGTTCACCGCCGACCACGGCCATACGGCGAAGGGCGGTCACGGAGGGCCGCAACCGGAGGTGCGCGAGGTCCTGGCGTGTTTCGCCGGCGTGAACGTGGCGAGGCGCACCGATCGCGTTCCGTTCGACGGCCGCAACATGGCACCGGCGCTCGCCTTGCTCACCGGTTTGCGATTCCCGCGCCATATGCGGGCGGGGGAGGACCACCTCGACGAGATTTGGCATATCGCGGATTTCCGCGAGCCCGACCGCGCCTATGCGCAGGACCGGCGCGCCGCCATCGAGCGCTTTCGCGAGGCCAACCGCACCGCGCTGGTGCGATGGCTCGGCGATCCCGCGGGAACATGGTCGCGGCTGTACGCGCGGGAAGGCCGGGCGCAGACCTTTCGTGGCGTGGCCGTCGGGGTGCTCGCGCTGCTCCTTCTCTCAGGCCGCCTGCGCCGCCAGGTGAACGTGCGCACGACGCTCGTTTGGATCGCTGGGAGCGTCCTCGCGCTGTGGATTGCGCACGCGATTGTGCTCGGCGCGTTCGACTTCGGTGCGATCAACCTTCGCGAGAACTACGTGCCCCGCGCGTTCGCGGTGACCGGTTTGGGCGCCGTCGCCGCCATCGCGGCGCATCGGGCGTTCCTTCGTGGGACGGGCCGGCTCGCGCAGGACTTC
NZ_CP089929.1_gap56	1794583	1795976	1393	CGCTGCGAAGACGATGGGGTGCGAGTGCATTCCAAGTGAGCGTCGCCCGTTGTTGCGGAATTCATTCGAATAAGACGCGCTAATCTGGATATTCGATTGATTCGAGGGAAATGGGGTTGCTCTGAGAAATGCCCCATCTCTCGCGAAAATTGGCGGCATCGGTGCATTGCGGGCCTGGATGGCGGGATGCTACGCCTAGTAGATAGTCTTTTGCGGAGTCTTTTCGACTCAGTTGGGTGGTTCGAATACAATGTCTACACATCCCCTCTTGGCGGAGCTCGTTCGGCTCGTGCGCCCGCCGTCTCAGGTAGCAAATGCTCACGGTGACTGGGCCGAGGTCGAAGCATCCCTCGGAGTGAAGCTGCCCGCCGACTACCGAGCGATGGTCGAGACCTACGGGCGGGGCGAATTCTTCGACAACATCGGGTTGTACACGCCGTTTGGCAAAAACAATCCCATGCGCCTCAAAAGCGATATGTCGAAGTATTTCGGAGAGCTGCGAGATTCGTCTCCAGAGGACTTTCCTTACCCGCTTTTTCCGGAGCCGGGTGGCTTACTCGCTTGGGGAGGCACCGGCGATGCACGTGAGCTCTGCTGGCTGACCAAGGGATCTCCCGAGGCATGGCCGATCGTGATCTGGTCCTGCGAGGACAGCGAATACGAGGAATACGAGCCCGGCGTGGCCAACTTCGTCGAAGGGTGGTGCAGTGGGCGGATCGTCTCGGAACTCCTGCCCAACGATGCCATCCATCTCCCCCCGTGGTTCGATCCTTACCGCCACTTGAAATACGTCGACGTCAAATTGAGTGAAGGTTCACGGCCTTATCTCGAGCGACTGCGCATCCTACAGGAAGCGCTGGCACCCACGGCGCCTCGGAACAGTTATGAGGCTGATGACGGCGACCGCCAGGACACCTTCGTGACGACCGAGACGGGGTGGAACCTCACGTACGAAACGCTGTATGGCCATCAGATCCGCATTGCGTTCCCTCCCGCCGACAACGAGCGCGCTCGCCTCGCCGTGCTCGGTGCCGCAAAGGCCATGGGGTGCGAGGTGCTCTCCGAGTGGCCGGACCCGAACGAGGCCGAGGAAGAAGAGGAAGAAGAGGAAGAAGAAGAAGAGCGGGAAGAAACGGACGAATAGCGATGAATGCCATGTCTACGCATCCGCTTTTGGCCGATCTCGTTCGACTCGTGCCGCCTCCCTCCGATGTGACGCACCGTCACGATAACCGGAACGAAGTCGAGATCGCATTGCGCGTGAACTTGCCATCCGACTACAAGGCGGTAGTCGAGACCTATGGGGCAGGCAGCTTTTACAACCGCATCACCCTCTCGGTCGATGCCGAGTTGTTGAACGTCTTCGGGGAGTCGCCGCGAACGGGCACGGTGA
NZ_CP089929.1_gap57	1846136	1847913	1777	ACGCGGCAGAGCGGGGAGAGCACCTCGCGCAACCGTGCGATGGCGCCGCCCACGGTCGTCCCGTGGCGTACGGCCCCGTAGAGCCGTTTTTGGACGACCTGTTGCGAAATGCCCAGGCGCCGCGCAATTTCCGACTGCGACAGCCCCTCGAAAAAATGAAGCTCCACGGCCTCACGCTGCTTGTCCGTGAGCGCCGTCTCGACTGCGTGCCTTACGGCATCCTCGAGTCGTTCCTTTCTTTCATCGTCCGAATCGATTCCTTTCATGGTCGTCGTCGTTGGAAGTCGCGAGGAGGTCGACAGCCTCCTCGGGCGAGGGAACACGAACCCCGATGCGCCGGCCACCGAGGTCCCATCGGCGGAGGCGCTCGAGCTCCACGAGCTCGCGTGTGCCGCGGTATTTCCGACGCGTACGCCGCGGCTCGCGCAAAAGGTCCAAATGATGACGCACGAGCCACACGGCCCGCGGTGCAAGGAGCCCGTCGAGCAGGTCTGCGCCTACCTCGTCGTGCGTCCGTCCATCGATGGCTTTTCCCACGTCGTGAAAAAGGGCCGCAGCCCACAAAACGGGATCGTCCGACTCCCGCCGGGCGAGCTCGAACACCTGTAGCGAGTGATAAAGGGCGTCCTCTTCGGGATGGTAGCGCAACGGCTGCCGCACGCCATCGAGCGCGAGAAGGAGGTCCAGAAGGTCATCGTGCGCCATCTAACCTAGGGCGCCGCTACACCCACCGAACGGCTAGGGTCGCCCCATCGCATCGATGTCCGGCCCGATGGCCGCGAGCAGCGCTTCGTGCGCCGTCTTCGGGTGTTCGGCGGCCGGCACGTAGTAGCAGCGTGCGGCCTCTTCGGCGCTGTAGGCGGCTTGCGAACAGAACGACGCGGCCCAATGCATATTGGCCGACGAGGACGTGCGCTGCACGATCGTGGGAAGTTGCGCTGTCCAAAAGGCATCGCGGCTGGGCAGATTCGCCCGCGAGGGCTCGACCCCGGCCGGCGGGAACGAGGAATCGTGATCGAGTCCGCTCTTCCTGTCCGACGTGGACAGATGCACCGCGAAGGGAGAGACGCCCTGTTTGAAGTCGATGGTCGCGCCCACGTCGACCTCGTAGTTGGCCGAGCGCTCCACCGCCTCGAAGGTGAAAACCCGATTTTCCTCACGGTATTTCGTCACCGGCCGCGTCTTGGTGCGGTAGGCCGTGCGGTTGCGGGTCACCGGCCGCGTTTTCGACACCTGACGATACTTGGTGACCGGGCGCGAGTCCGTGCACGTGCTTTTGCCATCCGAGCACGGGTGCGAGTACGTCTCGTGATCCGTATACGGCTCGCTCTCGAAGTACGTCTCGGTGTCCTGATAATATTCGGTGTACGCCTCTTGGTACTCTTCCGTGGCCTGGTAGGCCACCTGTTCGACCCAGGGGCGGGACATCGTTCTCGATTGCGAACGGAACGATGCGCGGTTCTTGCCTTGCACCGTGGCCACCGCGGACGTCTCCGCGCGCGGATCCCAGAAGACCGACGTTTCCAGCCCTTTGCGCAGCGCCGCGGCGAAGGCATCGCGCCCTTCGAGGGACATGCCCTCTACCTCGCCCGCAAGCACCACCTGCGAAACGTGGAACGGCAGAACGGGAACCCGCGACGTTTGCACGTTGAAGTGCGCGCAGTACTTCCCGACCAGATCGGACAGGTACGGATTCGTCCCCGGTGTGGCCGGCGCGAGCTTCCCGCAGCGTGCGGCGCCCGCCGCCATGATGGCGTCGTGAATCGTGCTCTTGATC
NZ_CP089929.1_gap58	1848967	1851702	2735	CGGATCGTCGGAATGATCTGCTCGTGGTAGCTCTTGATGCGCGACCAATCCACGCCGCTCGGCTCGTTGGCCACCTCGTAGAGGATGTTGTTGCGCGAGGCATGCCGCTCGGCGATCTCGTTGAAGAACGTCTTCGCGCGCGACAAGTTGTAATGCGGATCGCCCGGCTCGAGCATGTGCCAATCGACGATGACGTACATTCCGCGCTGGCTCACCTGCTCGATGAGCGAGTGCACCAGATCGGTGTACTGCCGCGGATTGGTCTCGTAGCCGCCCTCCTGAATGTACATCGACAGACGCACGACGTCGGCCTTCCAATCATTGGCCAGCGCATCGAGTGATGCCGAATTGACGCATTGGCGATACCATTGCAGGCCGTGCGTGCTCATTCCGCGCAATTGAATGGCCTTGCCGTTCTGATTGCAAAGCTTCGTCCCACAGACCTTCAATTGTCCGTTGGCCTGCACCGGAGTGCCCGATGGCTGCGTGCTGGTCCCCACCGACAGCTTATCAAGATTCGGACCTCCGTTTGCCGTGGTGGCCGTGGCACGGATGGTGTTCGTGCCGGCGACGAGGTTGGCGCTGATGGTCGCCTCGCTCCACGTGGTCCAGGCGCCGGTGCCGTTGAACGCCAGGCCGCTGCTCACCACCGTGCCATTGACCGCGATATCCATCGGCCGATTGGCCGTCGTGCCATTGGCGAATCGGAATGTCAGGTTCGTTGCGCCGGCAGCAGACGCATTGACCGAAAATTGAACGGAGCTTCCCGTTACATTGTCATAATTGACGAACCCCGAACCGCTGTAACCACCGTGGTTCGATTCCACGACTCCTTGCGAAATTGTCGCATTTTCGGCCTCGTAATCGGTGGCCAGGGATTGTTCCGCCGCAGCGGCTTTTTCGCCCGCATTGTCACTGCACGCGATGCTGCACGATAGACCTAGGATTGCCAATGACGTCGCGGCGGGTCGAAACCGCCTTCGGACCAGAGGATACATTGGAAAGCCTCCCTTCCTGAGCGAAGGACGGTGCAGCACCATTGGGCGAAGGTCAATGTTAATAATTAAGAAAGTTTCCTAACTATTCCAACACAACCGCACAATCTCGATTCATTGGCATACAAGGGGTCAGGCCCGGCTACCCTTTGGAATAGCCAACATGACGAATTTCACTCCTTGGACGGCATTGGTCGGCGGCGCGCTGATTGGACTCAGTGCGTCAATACTTCTTCTGTTGAATGGCAGAATTGCGGGAATCAGCGGAATCGTCGGCGGGCTTCTCCGACCCGTGCACGATGAGACATCCTGGAGGGTGTGGTTCCTGGTGGGGTTACTCACCGGCGGCTTGGCGCTGTCGCTCCTTCACCCGGCGGCACTTGGCGCGACGCCGGTGCCCATGGCATGGGCGGTGGCCGGTGGATTGCTCGTGGGATTCGGGACGCGCCTGGGCAATGGATGCACCAGCGGCCACGGTGTGTGCGGTTTGAGCCGTCTTTCGGTGCGATCGCTGGTGGCGACGCTCACCTTCATGGCGACGGGCGCACTGGCCACGTACCTCGTTCGACATGTTGCACGAGGCGGTCAGCCATGAGCGGTCGCGATGCCGTGGCATTCGCATCGGGGCTTCTCTTTGCCGTGGGCCTCGGCGTGGCCCAAATGACCCAGCCGGCCAAGGTCCTCGGCTTTCTCGACGTTGCGGGTGCGTGGGATCCCAGCCTGGCCTTCGTCATGGTGGGGGCCATCGGCGTGCATGCCCTGTTCGTCCGGCGCGCAACGAAGGCCGAGCGACCGCGTTTCGCCGCGGCCTTCGCCTGGCCCGAGGCCAAGGCCATCGACGCGCGCCTCCTCGCCGGCGCGGCGCTCTTCGGCATCGGGTGGGGTGTCAGCGGATTTTGCCCCGGCCCGGCGCTGGTGTCGGTGGTCTCCCTCTCCGCGAAAACAGTGGCCTTCGTGGTGGCCATGCTCGGCGGCATGGCGCTCCACCGACTCGTCGTTCGGACTACCCCTTGAAGGTCGACGCTCCGAAGTCGCCGAACGGCTCGTCGCGCTCGCGCACCGCTTCTTTGAAGCCCGCCTCCGCGGCGCGTCGTTGGAAGGCGTAGCCCTCGCGCGTGTGGCGGGCAATCCCGTCGAACACGGTGCCGAGCACCTGGGTCGTGGAGAGCCCCGCGCCCATCACGGTTTGGTTGATCAAAAGCTTCATCATGACCAGTTGGTTCACCGGCATGCGGGCAATGCGCTCGAGCAGCACCTCGAAGCGCGCATCGAGCTGCTCGCGCGGGGCTGCCTCGCAAGCCAGACCCCAGGCCACGGCCTCGGTGCCGGACAGGCAGTCGCCGGTGAAGAGGAGCCGTTTCGCCTTTTCGATGCCAATGCGGTGCGCCCACACCGCCGTGGTGGGCACACCCCATACGCGCGCCGGCGGATAGCCGATTTTGGCCGTATCTTCGATGACCAGCAAATCGGAACAGAGGGCCATGTCCGTCCCGCCGGCGACGCAAAAACCGTGCACTTTGCAGACGACCGGCTTGTCGCTGTGAAAGAGGCTCATGAAGCCGCGCACGTTGCGGTGCATCATTTGATAGTCGAGCATCGGGTCCCACGTTTTGCTCGGGTCGTGGTTCTCGAAGACGGTGAACGGGTCCAGCGGCGAGCCGGGGATGGATTCACCCGCGGGCTCGAGATCGCCCATGCGTGCCTCGGCGCTCATCACCAGATCGTAACCGCCGCAGAAGC
NZ_CP089929.1_gap59	2036018	2038443	2425	CGTCCGACCGCATACCCCCGGTTGGACCGGGGGCATGGCCTCGTATCGAAGTTCGCATTGCGGGGAATCCTCCGCGCCTCTCGGTGACCCTCGATGCAGGAACGGGGCCCATCCTTGTCGTCGACCGAGGCCTCGCTTCGCCTGAGTGGAGTACGCCTCGCCCGCCCGAATTGCACCTCGGAATTGGCGAGACGTATCCGGCGGCTGCGGCGTGGCAGGTGCGTTACGACGATATCGTCGTCGATTTGAAATAGTGGCTCGAGGGTGTCGCCTGGACGCCGAGGCCGACTGCCCACGACATCGAGTCATATCCAAGTCAAAGTGCGATAAAGACGCATGCGCCTGCAACGTATTCTGTCGAATCCTCTGTACGAGGCGAGGAATGCGATAATCTCCCCTGCGTGATGGCGGGGCAGATTGGGCTGATGGACGAGTCCGTGCGACTGCTTGGGCGCTACGCGCTGCACGGGGAGATCGCCACGGGAGGCATGGCGACGATTCATTTTGGCCGACTGCACGGCGACAGTGGATTCTCGCGGACCGTGGCCATCAAGCGCCTCCACAAGCAGTTTGCGCGCGATCCCGAGTTCGTGTCCATGTTCCTCGACGAGGCGCGACTCGCCGCGCTCATTCGTCATCCGAACGTGGTCCCCACGCTCGACGTGCTGTCGACCGAGGGAGAGCTGTTCGTCGTCATGGAATACGTGCACGGTGAATCGCTTTCGCTCCTCATCAAGGGCGAAGCTGCGAAGAAGCAGCGCATTCCGCCGCAGGTCGCCGCGGCCATTCTTTCCGGCGCGCTCCAAGGTCTCCATGCGGCCCACGAGGCCCGCGACGAGCACGGGCAGCCGCTTGCCATCGTTCATCGCGATGTGTCGCCGCACAACGTCCTCGTGGGCGTCGACGGTGCGGCCCGCGTGCTCGATTTCGGCATCGCCAAAGCCGCCGGAAGTCTGCACACCACGCGGCAGGGCGAGATCAAGGGAAAGCTCCCGTACATGGCCCCCGAGCAACTAATGGGCGAGCCGGCGACGCGCCTCGCGGACGTCTACGCGGCGTCCGTTTGCCTGTGGGAAGCGCTCACGGGGCATCGCCTCTTCTCGGGAACGAGCGAGGCCGACGTACTCAACAAAGTGCTCCTCGACGATGTATCGCCGCCGAGCCGCTACGCGCCCGAGATCTCCAAGGCCGTGGACGACGTGGTGTTGCGCGGGCTATCGCGCGAGCCGCGCGATCGCTTTCCCACGGCCCTCCAGATGGCGGTCGCGTTGGAACGCGCGTTCGGGCGCATCGCCACGACGCATCAGGTAGGCCAGTGGATGGAGCGTGTCGCGGGGCCGCAGCTGATGGACCGCCATCGGAAGGTCCAGGCCATCGAGCAACGGAGCCCCCATTCCAGCGCGTCGCATGGGATCCCGCCGTCGTCCGCACGTGGGATCGTCGCGGAGGAGCCATCTCTCTCCGCGGCAACGAGTGCCATTCCCTTTTCCGAGGGAGAGCCGGCAGACCCTTCCGGGCCGTGGCGCACCATGGTGGCCCGGAGGGGCCGCGTGAAGAGGCTCGTCGTGCTCGCCGTGGTGGCCGTTCCCGTGCTCGTCATCCTCATCATCGCGGCGTGGCGTGGTCCAACGCAGCCCGCGGTCGCGTCGAAACGTGCTACGCCGCCATCTGCGAGCACCCCCTCGGATACCGTGATGGAGCTGCCGGCATCGGAACCGAGTGCGAGCTCGCCCGCGATGCCGGCGACCGCAGACGCCCCGTCGGCGAAGATCGTGCGGAGTGCGGCTCCCAAGTCCTCTGCCGCTCCTCCGCCGGCGGCATGCACCCCTCCTTACTACTTCGATTCCGCGGGAAGAAAGCGATACAAGCGCGAATGCTTCTGACCAAACGAGCGCACATGCCCACGCGTGGAGCCCTGCCGCTGCTACTGTCCACGGCGCTCCTCTCTGCCAGCGTCGCTTCGACGGGCACGCTGCACGCAGCGCCCACGCCGTCCACCAAGGACGCGTGCATCGACGGTGCGGACGAAGGCCAATCCCTTCGAGACGAAGGCAAGCTGCGCGATGCCCGGGCGCGATTCCTCTCGTGTGCCAACTCGTCGTGTCCGGGGGCCATCGCCAAGGATTGCGGCACGTGGCTGGCCGACGTGGAGTCACGCATGCCCACCGTGGTGGTGACCGCCATCAACGCCGCCGGCAACGATCTGGTCGACGTGCGCGTGTCGGTCGACGGGCAGCCATTTCTCGAGCGCCTTTCCGGCACGGAAGTGACCATCGATCCGGGACCGCACCGGCTTCGCTACGAGTACACGGGCGTCCCCAGCATGCCGCCCGTCGAGGACAATATCGTCATTTACGAGCGCCAGAAAGGACGCGCTCTCGTGGCGAAATTCCAATCGGCCACCACCGAACCTCCTCTGGCACCC
NZ_CP089929.1_gap60	2053820	2058205	4385	GCGCCCATCGTCGATCGCCAAGGAAACTACGCGCTCCGCCTGTTCATCGTCTGCTTCGACTCGGCGACCATCTTCGTCTACGACCCCGCGACGGAGCAGATCGAGAACGTCATCCGCGTCGGCACCGGGCCGTTTGCCATGGCGTTCGACCCGTTCGACATGAACGACGTGGCCCTTCGCAAGCCCGTCCCCGTCGACGCCCGTCAGAACGACCCTCTTTTTGCAGCTTCTCCGCTTCGTCGTTACAGCTTCGCGTACGTCGCAAGCTTCACCAATTCCTTCGTTCAAGTGATCGACCTCGATAATTCCCGTCCCAAGAGCCCGGTCACCGGCCAACCGCTCAACGCGACCTTCGAGACCGTCGTCTACACGTTGGGAACGCCAACGGCGCCGAAAGGTTCGAACTGATGTCGCGCAAAGTAGCTTTCGTTGGTCTGGGGATGGCTCTCGTGGCGGGGCTGCTCGCCATATCCGTTTCCAGCTGCTCGCAGAACGCGAACCAGGTCAACGTGCGCACGTTCGAGTTGGCGCGGCAGGTCGACTTCGTGTGCATGCGCGTCTACGGCCGTTTGGCCACGGACGACCCGAACACCATCCGTGCGATTCCCGCGCAGCCCACGGTGCCGGGGAACTGCCCGCCCGTTCCGCGCGATGTCGATGGGACGTTCATCAACTGGCACCTCTTCGCGCTGGTGACCCAGTTCACGCGCGGTGAGTTGGCGGTGGTCGACCTCACCGAGGGCGTCGTCGTGGACGTCGACCGGCAGACGCCGGGCATCAACTTCCTGCCCATTGGGGCACAGCCCACCGACGTCGCCGTATCGCCAGATGGAAAGATGACCTTCGTGGCGGCCGCGGAGCCGAACAAGCCGGCCATCTACGGCATCGCCAACCGCGAGATCTTGGGTGATTCGCAGCAGGGTCGGGGGCTGCCGGCCGCGGGCACGCGTCCCATTCCGAAGCTCACCACCTGGCCGGTGTGCGCGTTGCCGCAGAAGCCGGGCGCCGTGTCCATCATCGCGCGAAACACGAACAACGACGGTGGCACCGATGCGGGGCCGCCGGAATCGCAGTACGAGATTGCCGTCGTTCTGCCGGGCGAAGCCGGCAAATCGGCGAAGCTCATCACGCTGGATCCCAAGCCGTTTCTGCGCGGTGCCGATCCGGCGACGCCGCCAGGCGATGCGGGCGGCCTGCTCGACGACCGCCTCGAGCCGACGCCGGGCCCGCGCCTCGAACCGGGCGCGCTGCAGGAGTGCCCCATCACCAGCGCCATCGAGTTGTCCGGCGATGTGCCGGCGACGTGGAAGGCCGGTCCGCAGTGGGACGATGGCATCCGCAATCCGGCCGGCGACGCAGGAAACGCGTTGCCCCCGGCGTTGGGGTGCGCGGCGCCTGCGCCCGGTGGTGGCGGCGACGCGGGCGCTCAAGATGCGGGTGACGCAGGGCCTGCGGGCGATGCCGGTCCCGAGTTTCCGATTCCGTCGGTCTCGGAGTCCGAGCCGTTCGGCGCGTACGCTGCACGCGATGGGCAGCTGCTCTACGTGGCCGATGGCGCGTTGCCGATCATCCACGTGATGGATCTCTCCGTGCCGGGGAGCCCCAAGGAGTTGCCGCCGCTGGTCGCGACCAGCAAGCTCAACCCGGAGCGGGAAATCACCGTGGGGCAGATTGCCATCAGCCCGCCCACGCGCGAGTTCAAGAAGTACCTCTACGCGGTCGATCGCAAAGATGGGAGCATCATGGTGTTCGACGTCACCGATCCGGCGACGTCGTCCCACGTTCCTCTTTCTCGCCCGCATCCCGAGGTGAATCCGTTCCAGATCGAGGACCGCATTTCCTTCGGCGTGCCCGTGGCGGCGCTGACGTTCGTGCGCCACGACTTTTCACCGCGCAATCCGACCGACGGCACGTTGATGACCGCCGGTGTGCGCGGCGCGTTGTGCAACCCCAACTCGCGTGCGATCTCCAGTCCGGACGCGGGAGACTTCGATCCCGGGACTCTCTTCCGGGAGGATGCGCTGAACCAGGACCCCGGTTTGCTCCTCGGTCCTTCGCGGTTGCGCGGCATTTTCGCCTTCGTGACGTTGACCAACGGTCGCATGGTGACGGTCGACGTCGACGACTGGGATTCGCCGTGCCGGCGCCCCTCCGACATGGGCATCCCCAACAGCTCCATCACGCCCGCGCAGGCCGCGACCGGCGGGACAGGGCCCTACGAAGCGCCGGTCAGCGTGCGGGGCCAGAGCAACGAGCTTTTCTTCCCGATGGCCGCGCCCAACCGTGCGCGCTCGCAGTACCGACTTCGCTACGTCACCACCGACGGCTTCACCACCGATACGACGGGCTCGGGCCATGTGCCGACCTTGGAAGCGCGCCCGCAGCTTCTCGTGAACGGGAACACGCTGCAGACGCTCGGTCTCGAGGGGCGGGCCAACCCGCTCCTCGTGCCGACGAGCACCGGCTATCCCGATCAGCGCTTTCCGAATCCGGACGGCGGGTCGTCGGTCGACAGCCAGGTGGCCATTCCGGGCATTCGCTTCTCGTTCGAGTCGCCGGAGGTGCACTTCGACCAAGACTGGGCGGTGTCCTACGAGGGCGTCCTTCCCAGCATGGATGGATTCCAGGGCACGCTGGCGCCGACCGATAGTAGCTACACGACGATGACGTTGTCGCAGCCGGCGGCGCTCTTCTGCCGCAAAGGCGTGGAAGATGCGCGCGTGAGCTCGCAGCGTGCGGCGGTGCTCACGCCGGCGATCGCGCAGGCGGGGTTGCTCACGCCGGCCGTGCCGCTCGAGCAGCACATGACCGACTACGTGCAGGTCACGGACGACATTCTGGACGTCTCCGATCCGTACTGGGAGCAGAACAACTCGTGCTGGGACGGTGACCTCGCTCAATCGGGCGACCGGGCCCCGCGGTCGGTCGCCGTGGCCCGCCACGACGCGTGCGTGGCGAACTACCGCAACTTCTCGGACGAAATCACGCCCAGCGCATTCCGCGATTTCCCCATTCTGGAGGCATACGACGACCACCTCGTGCTGGGCGCGTACTCGTATCCGGCGGGGGGAGGCACCCCGGACATCGGGCGCCGCGTCATCGAACGTGGCTCGAACTTCAACCCGGTCCCTCTGCGCAGGATGCAGTGCTGCTTCCACAACCAAGCGCACTTCCGCGTCCGCACCGGCGGCCAGTGGGTCGCCATCGGCAGCAGCGTTGGATATTTGCATCACATCGTCAAAGATGCGAGCGGCGCCTGCGTGCAGTCGTGCGCCACGCGCGACCAGCTTCTCAATTCGCGCGTGCCCGCATTGCCGTTTCCCTGCAAGCAGCAGGAAAATGGCCTGTGCACCACGCTCCGCGAAAATCAGGACGCCGTGCCGCTCATCGACCGGAATAGTCCGCTGGTGATGCGCAATCCGTCCCTGAGCTTCGGCATTTACAATGGCACGCAGGCCGGCCCGAACAACACGGGACCGATCGACGTCCCGCCGATCCGCGACGGGCGGTGGGGTTTCACCACCCGGGGCGGGTACACCAACTACACGCTCAATCTGGCAGGCTCGACGACGTCGGTCAGCCCGCAGTCGATGCGTTTCGTCGAGGCGTTCCAGCAGTTGGCCGTGGTCGATGGCGCGTCGCAGGGCCTCATGCTGTTCGATTTGAACACCGTGACCTTGGCGCACAGCCCGTACTTCTGATCGGGGTTTACGGCAGCCGTCGGCACGCGTATTTCGGTGTCGATGGCTAAGCAGCAGGATCCGGCCGCCACGCCTTTGATGCGGCAATACCTGACGGCGAAAGAGCAGCACAAAGACGCACTTCTGTTCTTTCGCCTCGGGGACTTTTACGAGCTCTTCTTGCAGGACGCCGTGGTGGCTGCGGGCGCGCTCGAGCTCACGCTGACCAGCCGCAACAAAGGCGCCGCGGACGAGATCCCGATGTGCGGTGTGCCGTACCACGCGGCGGGCAACTACATCCAGCGGCTGCTCGACAAGGGCTTCAAGGTCGCCATCTGCGAGCAGATGGCCGACCCGTCGAAGGTCAAAGGTATCGTCCCGCGCGAGGTCGTCCGCGTGGTGACCCCGGCCATCGTCTACGACGACAGCGCGCTGGATGCGCGCACCAACCTGTACCTCGTGGCCATCGAGGAGTCGGCGGGGCGCTTCGGTATCGCGGCGATGGACATTTCCACCGGCGAGCTCTCCGCATGCGAGGCGCAGGATCCCGAAGGCGCCGTCGGCGAATTGGTGCGGCTCGACGCGCGGGAGCTCCTCATCGGTGCCGGTGCAGAGGCCGTGGCGGATGCCTTCGCGCAGCTCCGTCCCCGCGCGGTCATTCGCCGTCAAGCGAGTGCGCTGGACGATGACACGGCGACGGCGACG
NZ_CP089929.1_gap61	2094510	2098959	4449	TGGCCGTGAGTACCTTTTCCAAGTGCTCTTTTGCGCGGACGCCGTCGCCGACGCCCAGGTAGAGCGAGGCCAGCAGAAATCGCGACCGGTGGTCGGCGGGATGCTGCCTCAGATGGTCCTCCACGTACTGGGTCGCCACCTGGTAGCGCCCGTCCTGAACACAGACGCGCACCAGCCGCGGGAGGATCTTTCGCTCGTCGCCGCCCGCGGCAATGGCCGCGGCGAAATATTGCTCGGCGCGGGTCAAATCGCCGGCGTCGGCGAATGCGCGGCCATAGTCGTACAAGCGCTGCGGATTTTGCTCCCGCTTGAACGTGCGGACGTTCTGCCTGGATTCGTCCGCCTTCGCGCCCTGCGGTGGACCGCAGGCGATCGACCAGACCAGGGAGGACATCACGAGGGCAGAGAGGGAGAGAAAACGCATGACAGCTCGTTACGAGGCGGGACGGCCCAATTTCAATTTTAGACTACGGTCCAAATTGGATAGCCAAGTGACGTATTCGCCCGGTTTGCCTTCGGTGAATTGAAGGAGGGTTTTGACTTCCTTCCGCGCGGTCTGCAGGTCTTCCACCTGCAACGCGTGTTCGAGTCGTACCCGGTGGGTGCGGTAGTCGTCGGTGATGTCCTGGCGGAGCGTCTTCGCGGATTGCAGGGCCTCCGCGGCGGCCGCATCGTCCCCGGCCACCTTGTAGCAAGCCGCCGAGATCTCGTAGATGGGCACCGCGGCGATGCCGTCCTGCACGTGGAATGGGCGGCGCTCGCGGAGTGAGTTGGCCACGCCGTAGCGCTCCAACGCGAAGGCGGCCGCGCGATCACGCTGCGGTTGCGTGCACTGCACCAGCGGCGCACCCCAGAGTTCCGGCGGCTTGTGCTGCGCGTTGTCGGTGTCCGCCGCCTCGTCCATGAAGAAGAACATGTACCCGCCGCCGAGCAGCGCGAGGATGGCCACGATGGCGATGGGGCCCGTGCCCTTTTTCTTCTTCGCCGTGGCCTGACCCGGGACGCCACCGACGGTGGTCACGCCCTCGGCGCGGGTCACGTTGATCTGGAAATTCCCGACGCCCAGCACGGCATCGGCGGGCAGCGGACCTTGCGTGAAGGGGATGCCGTTGACCGTGGGCGGCGGCTGGAAGGCGAGGGCCTGCACGAACACGCCCGCCGGTCCGACCTGCACGAGGCAGTGCTCCACCGCCGCTTGATCGAGCGGGAGACGGATTTCGCAGTGGGCGCCGCTTCCGATGAGCACGCGCTCGGACTCGATGAAAATCTGGTCGATCTGTCCGCTCGGTTGCCGGATCTGGAAACGTAGGACGCTCACGATTGCACCATCACCTTTATATCGCTCCGCTCGTGATCTGCATCATGGCGGGCGCCAGGATCAGCCCGAGGACGCACATGAACACCATCATCAGGGGGCCGACGATGGCGACGCCGGCTTTCGCCGCGAGCTCCTCGGCGCGGACGGAGCGGCGGTTGCGCGACGTGGCGGCCTGAATCTGCAGCACTTCGGCGACCGGGTTGCCGCGCTCCTCGGCTTGCACCAGCGCGGCCACGAACTCCTTCACGGTTTCGTTGGGGGCGCGCTTCGCGAACTCGAGCAGTGCGTCCTTGCGGGTGCGCCCGAGGGTCAGCGTCTGCATGATGAGCGTGAACTCCTCGACGAGCGGGTCGTCGGGGTTGCTCGATTTCTCGATGACTTGGCGAACGGCGCCCGGGAAGTCGAGGCCTGCGCCCATGGCGAGGGCCATCAGGTCGATGACGTAGGGAAGGCCGCGGCCGATGGTCTTGAGCCGTTCTTGCGCCGCACCGGTGACCTGCATCCACGGGAGTGCGCCGCCGACGAGCCCCATCGGAATGACGGCCACGCTGCCGACGCCGCTGACCAGCCCGAGCACGTAGCCGGCGACGAAGCCGGCGAGGGAGGACAAGATGCTCATCGCGACGAACTCGTCGGCGGTGATGCCCATGTAGTCGCCGGCGAGGGCGATCTGCTCGTCGATCTTCGCGCGGGTGTCGTCGCCGATCACGCCGCTCACGCGCACGCCGAGCCAGCGCACGAACGGTTCGACGTTCTGCCACCCCTCGCTCTTCTCGAGGGTGCGCTGCCGCTTGAGGCCGCGCAGACCGAGGCGGCTGGCCACGCGCGTAGGCGCCGCCGCGATGACGTACACGCCGATCATGAGGCCGACCCCGAGCACGAGCAACACGACGTGACGGAGCAGCGTGGTTTGAAGCGTTAGGGGGTAGGTGGTGAACAGAAACTGCAGCATGGTGCGAATGGTTAGATGTCGACGTTCAAAACTTTTCGGGCCAAGAGCAGCCCGCCGACCCAGAGGCCGCCGCAGGCGAGGATGACGAGGTAGCCGGAGAGGCTCTGCGTGAGCACGTCGAAGTAACCGGGCCACTGCAGATTGAGGATGTAAATCAGGCCGCCGGGGAGCATCGCCATGACCCAGAGCTGCGCCTTGCCTTCGGCCGTCTTGGTGCGCACCACGCCTTCGAGGCGGGCCATTTCGCGCAGCGACGTCGCCGTCTGTTCGAGCACCTTGGGCAGATTTCCACCGACCTGCCGGCCGATGAGCACCGCGGAGAGCGCCGAGTCGACCTGCCTCGAGCCAATGCGCGCGGCCATGTGCAAGAGGGCCTGGTCGAGCGTGCTGCCGACCTTCATCTCTTTCACGGCGAGCTCGATCTCCTGCCGCGTGGGATCTTGAACGACGAGAACGACGGACTGAAACGCCGCGCCGATGCTCGGGATGGACTTGAGCGCGTTGGCCAGCGCCAGAATGGTTCCGTCGAGCTGGGTCTCGATGAGCGTGACCCGATCGCGCCGCATCTTCTCGACCCATATGGTGGGGCCTACGACGATGGCGATCGAGCCGAACACCAGGACGATGTTCGGCAGCTGGATGAGGACGTGGATGAAGAACAAGGAGAACATCGCCGCGGCTTGCCCTGCCGCGATGGTCGAGCCCTTGGTCCAGATGAATTGAGGGCGGAGCTTTCGCTCGAGCGACGACGTGTAGCGCGCCCAGTAGCGCCAGACGAAGCTCTGCGGATCCGCCGTGGTCGCCCACACGGAGACGAAGAGGCCTGCCGCGGTGAGGGCCAAGCCGCCGCCGCTGAGCAAGCCGTTGGTGAGCGTGAGCCCCAGCTTCGGGATGCTCATAGATAGGCCTCGCCGCGCTTGACCAAGCCCATGACGATGAAGTCGTTCAAGTACGAGGGCAGGTAGCCCGTCGCGCGGAACTCGCCGATGACCTTCCCATTGGGACCGGTGCCGGTGCGGATGAATTCGAAGATGGGACGCATCTCGATGGTGCCTTCGTCGCCGACGCCCGTGACCTCGCTGATGGCACTCACGCGGCGCGAGCCGTCGGAAAAGCGCGTCTGCTGGACGATGACGTGGACGGCGCCCGCGATCTGATCGCGGATGGCGCGCACGGGAAGATCGACACCGGCCATGAGCACCAGCGTCTCGATGCGGGAGATGGCCTCTTCCGGCGAGTTCGCGTGGGTCGTGGTGAGCGAGCCGTCGTGGCCCGTGTTCATGGCCTGGAGCATGTCGAGCGCTTCGCCACCGCGGCACTCTCCGACCACGATGCGGTCGGGGCGCATACGCAGCGAGTTTTTCACCAGATCGCGGATGGTGTACTCGCCCTTGCCTTCCAAGTTGGCCGGGCGCGTTTCCAGCGAGACGACGTGCGGCTGCGCGAGCTGGAGCTCGGCGGCGTCCTCGATGGTGACGATGCGTTCCTCCGACGGGATGGCGCCCGAGAGGACGTTGAGCAACGTGGTCTTGCCGCTACCCGTGCCGCCGGAGATGACGATGTTGCGCTTGGCGATGACGCTGCGGGTGAGAAAGAGGCCCATCTGCGGCGTGAGCGCGCCGAAGCCGACCAGCTTTTCCAAGGTGAGCGGCGTCTTGGAGAACTTACGAATGGTGATGCACGAGCCGCGCAGTGCGAGGGGCTTGATGACGGCGTTCACGCGGGAGCCGTCCTTCAAGCGGGCGTCGACCAGCGGCGACGATTCGTCGATGCGGCGTCCGAGCGGGGTGACGATGCGCTCGATGACGGCGCGCACGCGCTCGTCGTCGGTGAAGCGCGTTTCGGACAAGGTGAGCTTGCCGCTGCGCTCGATGTAGATCGTGTTGGGGTCGACGACCATGATCTCGGTGATCTGCGGGTCGGCCAGAAAGCGCTCCAGCGGTCCCAGGCCGAGGGCCTCGTCCGTGAGCTCTCCGATGAGTTGATCGCGGTCGGTGTCCGGCGGAAGCCGCGACTCGATGTTGGTGATGATGCGCCGGAGGGCGTTGAGCACCTTGGGACGCATCGACGGATCGTCGACCTTCGACGGATCCATCGCGGCCAAGTCGAGGTGCTCCAAGAGCAGCTTGTGGATCTCGCGGCGGAGCGCGACCTGCTTCTCGCGCTTCTGCAGAGCCTC
NZ_CP089929.1_gap62	2146409	2151150	4741	GCAGACGCCGTTCACCGGCGGTGTGCCGCCGCGGTTGTCGGAGAAGCCGCCCTCGATCGTCGCGAGCGAGGCAATCATTTCCGCGTCGCCCATTCCGATGCCTGCGCAGGCAGGAGTGGCCCCGCATGCGGAGCCTGGGGTGGGAACGCTTGCCAGTGCGGGGGCGGGCATTTCGGATGCGCGCCGTCGCCTTTTGGACATGCCCATCTCGTCGAGCGATACGCTGGCGAGCGCCCGTGGGAATCAGCATCCGGCGCACGAGCCTCCGCCGCAGGTGGTACTGGTGGCACCGTCTTCCGGCTCCGGTGCACTGTCATCGGGTGACTCGCGCGGTGTCGCGCCTTGGGTCGTTGCGGCGTTGGTGGCGGCGGCGCTGCTGGCCGGTTTTATTCTGGGTTTCGCCGTCGCCCGGGCGATGTAGCCCATGCTAGCTTAGGACTGCCATGACAGATTCGGTCGATCCGCGTTATCTCGAGCTCTTTCCCGCGTGGCTTCGCTCGCTGGGCGAAGACGTCGCGGCGTTCGGCGAGATCATCCAAGGTGGATATTCGGAGCCGGTCAAACAATACGCGGCCGCCGGATTGAATTACCTCTTCAAGTCGCTCGACTTGATCCCCGATGGCATCGACGATCTCGGGTTCTGCGACGACGCCTTCGTGCTCCGCGTGGCCGCGGCCCTCGCGATTCAAGAGGACGCGGCAGCCAAGGACGGCACCTTGGGCCGTCTGGCCAGCGATACGGAAGCATTGCGCGATTTCCTCGGCGAGGATTACGAGCGCCTCGAGGCGTACGTGAAGACACTGCGCAAGGGCGCCGCACGCGGCCGCACCGTCGAAGACATTCTGAACGACGAGACGATCCGCGCTTCGTTCTTGACCGAGGTGAATGCCTGGTCGCAGGCCTTTCAGCCGCCGGGCTTCACGCGCGATCCAAAGACGCTCATCAAGCTCCGCGCTTTCCTGAGCGCAAAGCTACCGTAGCGCCCGAGAGAGAGTTCACAGGAAGACGGGAAGACGGGAAGGTTTTGAGGGTTTCCAATCGGCCCACTTAGACCACTGGAAAACCCAAAAAAGCGTTCCGCGCGTTCCGTGCCGGTAGTCCTTCCCGTCTTCCCGTCTTCCTGTTCAATCCTCAGGTAGGTCGACCTTAGGGATTGCGGCTTTCGGGGCCGTAGTTCGCTTTCGAGGTGATGTGCGGCGTGTTGGGCTGGCCGTGCATGTTCTCCATGAGCTCTTGCAGGAGATCGCGCACCTCGGGCTTGCCCTTGAGATGGTTCAACAGCAGCGTGGATACTTCGCTGAAGGCCTTCTCGAAGGCGAGGCCTTCGCGCGTGCGGGCGGCGACTTTTTCGCGGCCTTGGGCCAAGTCTTCCTCGAGCGCCTCGGCGTAGCGTGATAGCTGCGCGCGAAGCTCTTCGATTTGACGGCGCAGATCGCGCGCGTGCGCATCCTTGATGCCCGCCTTCTGCTCGCGTTCGGCGAGGTGCTCCTTGCGCGCCTCCACCAACGCCGCGGCGGCGCCCGAGCGCTCGAACGTCGCGCGAAGCTGGACCAGGCCGAGCCCCTGCGTGAGCGCACTCTCGGCTTGCGCCTTGGCCGACGCCGACGCGCGCTCGGCGACTTGCACCAGCTCGCGGATGCGCGCTGCCTCGTGCTGCTCGCCCGTCACGTCGCGCAGCGCGCGCGATTCCTCGTGCGCGAGCTCCTCCACCTTGCGACCAATTTCCGCACGCAGCGCGCGACCGCGCCGCTCCAGCGACTCCAGCTTGCGCGTGTGGCTTGCCACCTCACCCTCGAGACGGCTTGCGCGCGCAGCCAGATCCCACGCTTGCGCGACCGCGGCCTGCAGATCCGCCGGCGCATTCGCCGACGGGTACGCACGGCTCACCATGCGCGAGAACAGTGCCGCGCGGTTCGCCCATTCGGTCACGCCCGGCGACTGCGGCGGGGGAGGGGGCGGCGGCGGCGCGAGCTCGCCCACCGTGTTCACCTCCCACGCGGTGCTGGGGATGGAGCGCTGGAGCGACTTCAGCTCCTCGTGCAGATGGTGCGCATCCTGGAAGCGCTTGCGCCGATCCTTCTCGAGCAGCTTCAGCACGATGACTTCCGCCGCGGGCAGCACGTCCGGCTTGATGGCGCGCGGCTTCGGCGCCGCCTGCGCGCGCTGCATCTCGAGCAACGTCTCGCGATCGCTCGAGCGGAAGGGCAGCTGGCCGGTGAGCATCTCGAAAAAGAGAATGCCCAGCGCGTAAAGGTCGCTCTGCGGCACGGCTTCTTCGCCGCGGGCCTGCTCCGGCGACATGTACTCGGGCGTTCCGAACACCGCGCCCTTGGGCGCGAGGCGCGGATCCATCGCGAGGTGCGCGAGCCCGAAGTCGAGGATCTTCACGAAGTCTTTCCGACCTCCGCGCGTCGACAGCAGAATGTTGTCGCTCTTCAGGTCGCGGTGGACGACGCCCAAATCGTGGGCGCGTGCCAAGGCGGCGGTCATCTGCTCGAGGATGTCCAAGCTTCGCGCCAAGGCCATTGGCCCGCGTGCCAGCTCCGTCGAGAGCGCCGTGCCGACGAGGTACTCCATGACGAGATAGAGCTCGCCCTCCTCGGTTTCGCCAATATCGTGAATGTCGATGATGTGCGCGTGATCGACACGGTTTGCGGCGCGCGCTTCGCGCAGCATCCACGCGCGCAGGTGCGTCTCACCCCGCAGATCAGGCCTGATGAGCTTCAGCGCGACGAGCCGATCGATCAGTACATGGCGCGCTCGGTAAACGACGCCCATTCCCCCTTCGCCGGCGCGCGCTTCCAGTCGATAGCGTCCAGCCACGACGCGCCCCAGCATCGGGTCGGCGGGTTTTGCGGAGGAGGGCGTACGATGAGGCTGCGGCTGATTCACTCCGGTCGAGCCTAGCAGTCCTGACCCGCACAAACCAAGCGTGCCGATACCTTCGTGGACGTCTCGCCGATCGGTCGGCCGCCGGCGTAACCGCAGGCCCATCCAAAGGCCCGGGGGCGGTCGATACGTGAGTGAAAAAGCCGGGCCGGCGCTCTCTTAGAACGTCGCCTTGAAGATGGGCAGCCGAAGCTCCGTCACTTGCTGCACGCCGAGCTGCTTCCGCTCCTGAAGCGAATAGCTTTCGCGCACTTGCGGGAGCGGGATGCCCATGCGGAACCCTGCATCGCGGTGCAGGTCGAGCAACGACATCGGCACCGCGGGCGGCTTCGCCGGGCTCGTCGCGGGCGGTGTGGACGGCGGAGGCGAGGGCGGCGGCGTGGTGGCCGATCCTCCCCCTTCGAGCACCACGCCCCCACCCGGGCGACCCGGATCGGCCGGCGGTGCATTCGTCGGTGCGCGATCTTCGCTGGCGGCGTCGCTCGGCTGGTAGCGCGTGGCGTTGAGGACGAGAACGACCGCCGGGATGACCAGCGCAAGGCCGCCCGCGAGCATGTACGTGGGCACGCGTCCGTCGTCGGAGAAGGAAGCCTGCTCGATCGCGTAGCCGGCGAAGCCACCGCCGACTGCGCCGAGGCCGCCGCCGATGACGTAGGCCCAGGGGCTCTTCACCTTGAAGAGCGACATTGGAATGGTCACGACCTCTGCGCCGAGCAGCGCGCCGCCTGCAATGCCTTTGCCGTCGGGCGAAACTTCATCGGCGCGTGCCACGCCGGGGCTCACCGTGAGCGTTGCCGTTGCGAGTGCCGTGGCCGTGACGGCCGCCAAAACTCGACGCGCGGATGCTACGGAAAACAGCTCACCCAAAGTCGTCATCCCAGATCCTCCGGTCATGAGTTTCGCGAACCTACCACGACGTTCATGGGTTTTCAGGCTTTGTTGCCGAGGTGACAGTTGGCCCGGCCCCGTAAGGTCGGCAACGACGTGGTGTTCGGACGGCGGCAGCGAGAAGAAACCGGCGGGACCGGCGCGATGTGTGGTTCAGAAAGTCAGGATCGCGTCGAGTTCTGGCGATCGTCGTGCTGGGGACGGGCTAAGGCGCCGGCCTCGCCGGGGAAGTTTCGCTGCCGCTGCTCGGCTGCAAAGAATTGGCGAGTCTGCCACGACCTTTCGCCTTTTACGTTAGGGTAGGCACGTGGTCCCTTTGATTCGGCCTGCAGCGCGGGATGCCGTCGCGTTTTGCCTGGGCATTGCGGTGCTTGCCCTCGGTGCGGGGGCGGTGCGTGTCCTGCCTTGGGCGCTCGACTCAACCGTGCCCTGGGCCGTGGCACTACCTTTTGCACGAAGCGTGGCGATGCTCGCGCTAGAGGCGGCGGTGCTTCTCGGGTGGCCGCTCGGATGGGCGCTGGCCACGCACCGTTTCGTGGCGGCGGGCGAGGCGCGCGTCTTTGCGCTGCTCGGCGAGACGCCGGTGCGCACGATGGTTCGTCTTCTGCCCAGCGGTGCGGCCTTCGCCTGTGTGCTGGCGTTGCTCTCCTTCATGGGCGGGCGCGATGCCCGCGCACCGGGGCGCGTGCTCGGGGAGCTCGTGGCCGAAGGGCGCGCGTCGTGCGTGGCCGATCCTGCGGCACCACCGCGCGCGATCACCATTCCGTTCCTTCGTGCGAGCTGGCTCTGTGCACCGGATCGTGAACCGCGGCTGCTTGCACCCTCGCCGCTGGGCAACCTCGTGGTGAACGCCGCCGATGCGCGGATTGCCGAAGATCTGCGCCGCATCGAGCTCGAGGACGCGCGCTTCACATTGGGCTCCGACAAGAGCATGGCCCACGTGCGCGCCGGCGCGATGGAAATC
NZ_CP089929.1_gap63	2169303	2174293	4990	GTCGTAACGCGCGCCCAGTCCGCACGAGAGGTGCAAGTGCGTGAGGCGAATGTCCACAGTTTGAGGAGAGACGTCACTCATGTCACAGAAGACGGCCCCAGCCAGCGGGCCATGGATGACGAAACGCAGCTCGTTCTGAAATTCCCAGAGCGTGAAGCCACCGATGGGAATGGTGCAATTCGGGTCTGTGGATCCCGGTACGCATGCGCTCTGCACTTGGGCCGCCGCGGTCTCCGGGTTCAAAAAGGGCACGAACGCATGCGGGCTCACCCCACGGAACGGGTAACCGCGGTTCGAGGTGGAACCGCCGGAGAAGAATCCTCGAAAGAACATCACCTGGAGATCGCGCGTGCGATCGGCATCCTGTGGCAATTGGGCGCGAGCAGGATCGCGCACGGCGTCTCCGTAGTTCGATGGGAAAAGGAACCCTACGGAGAGTCGGGTCACGAACGAGCCTTTCGAGGCCACAGGAATGTACGTGCGGATCTCGGGCTGCACGCGGATATCGCGAACGTTGCCGCCGAGGCCGGCCACCTGCAAATCGTTTCCGAGGAAAATGCCTTTTCGCGGGTGCACGGCATCGTCGCGAAAGTCGAGTTGGGTCAAAAGCTCGGGGTAGCTGACCACCACGTTGGAAAGGGTCGGGTCTTTCGAGCCTTGGTACATGAACGGTACATCGATTTGCACATTGTGAGATAGCGCGGCATAAAGCTTCCAGAGCGTGCGATCGACGCCAACCGCACCGCGGAATTCGGCATAGCCCAATACCGGATCGGGCGTTTTGGCATCGGGATTCAGAAGCACCGGAAAGACATTGAACTCGGGGCGAACGAACCCCGTGGTGCGCGCCTCGAGGAATCCGGGTTGGCGCAGCTCGGCGCGCAGCTTTTCCTCGGGGAAGAAGCGCTCGGGGGCCACCAGGTTGTTGATGCGGGTCGGATAGAAGACCAAGCCGGGTTTCAAGCTCACTTGGAAGCTTCGAAACCCGCCGAGGAAGTTCTTGCTCTCCCAGCCCACGAGCCCGTGGACATCGGCCCGCAATTGGTCGAATTCGACGCCGCCGCCCAGCCGCACGGTGCGAAGTCGGGCCGGTTCGACACGGACCGTCACCGGCACCACGTGGTCGGCCGGCGGTGGCGTGCGCAAATCCGGTTTCATTTCCACCGAGGCAAAAACGCCCAATTCCAAAATAGCCTGCTGCGCGCTGTCGAGATCGGCCTCGGAATACGGTTCTCCTTCCTGGATATCCATCGCGCGGCGCACCGGGGCTTCGGGCAGCTCGCCCAGGCCCTCGATGGTCATTCGGCCGAAACGTGCGGGCTTCTCCGGGGTCGCGCTGAGGACGATTTTGGCGGCATGGCGAACCATGTCCACCGCCGCCGCGCGGGTCACCTTGGCGTAAGCATATCCGCGATCGCTGAGCGCGCGACGAACATCGCCTTCGGCGGTCGTGAGATCGTCTTCGGCAAACGGCTGGTCGTGCGGCAAACGCTTGGCGGCAGCCTTCAACGCGGCATCGCGCACCGGTGGCGGGAGCGCCTCGATGCCCTCCACGGTGACGTGCTCGATGCGCACGGGCAGGCCCTCGTCGACGATGACCTCGACACGAATGTGACCTCTGCCGGTCTCGATGATCTGACCCGCCGTGGCGCGGGCCTCGTAGTAGCCTCGTGCGCGATAAAAGCGCTCCACGCGCGCGAGATCGCGCTGCAAAACGAAGCGATCGAGAAGTTCGTAATCGAAGACGACGCCACGAAAGAGCGATAAAAATTTCGGGCTGGGGCTGGTCGCGAGCTTTTCGGCGATGTCGGACTCGTCGACGCCGCGCGCGCCGCGGATGTTCACCGCATCGACGGCCGCGCGACCTTTTGGCACCGACGCGCAGCCGGTCAGACTCACCAGCAGCACGAAAAATCCGAGAAGTCCGAGAAGGGCTCCGTATCTCAAGCGGAAGGCCGCGACCATGGGTACAAAGCAACAGCAAGGCCGTTCGCGTCGGGGCCGGGCATGCCACGTGCTCACGCGTCACGATGATGCGGCGTCGCGGCTTCGTATTCGTCGTGCTTGCATGGTGCACGTGTGTCGCCGGCTGCGGCTACGCGCGGCTTCCGCATCCCACGTACATTCGGCAAACCTCAACGGAGTTGGTCGAGGTTCCGTATCCTCCACCGCCCGCGCGCGTCGAGTTCGTACCCGCGAAGCCGCGCGATGAAGCGGTCTGGGTCGATGGCGAATGGACGTGGCACGGCCGGCGTTGGGCATGGAAACGCGGTCGATGGGTCATTCCTGCATCGGGCACGGCATTCTCGCCACGCGCCTTGGTTCGAAACGATGCGGGGACATTGTTCGCCGCCGAGGGACGATGGCGCGACGTGCGCACGGGACGCGAGGTCGCGGCGCCCTCGGAGCTGGCCGTTGGAAAGGCGAGCCCCGGCGACGTGGTCGATCCGGAGGGCGATCCGACGGCGACGGGTCAAGACCTCGAATAGGGCGCGTGCACATCGCACGCAGGAAAGAGCCAGCCTCACTGCATCGATGATTGAAACTCGTCGCGTCGTGGTGAATGATCCGCGTCGGTGCGGCTCCCAACCCTGGAGCACGAGGCCTCATGTCCATCGTTCGCAAACTCGCATTCGGTTTGGCGACGGTCACCTTCGTGACCCTCGGTGTCAGCACACTGGTGTCGACGGCCAACGCACGCCGACGACACGATGCGGAAACCATCGAGCGCGCAGGCCCGATAAAAGCAGGGGAAAAAAGCGCGCGCGAGCCCATCATCCTTTTGCACGGTTGGGCGGCGTCGCGGAAAGATATGGCCACGATGCGGGGTGGTTTCGCGCAGGCGGGATATCCCACCTACGTGGGTGCGTTCGGGGGTGAGGACAACATCGCCAACGCGCGGGCCATTGCCGACATCGTCGACGTTGCCAAACGGGAGACCAAGGCCGAAAAGGTCCATCTGGTCGGTCACAGCATGGCCGGGCTGTCGATGCGTTACTACATCAAGCGCTTGGGCGGGGCAGCGAGCGTGCGCTCGTACGTGGCCTTCGGTACGCCTCAGTATGGCTTTTCGGTCGCGTGCATTCTGGCCGAAGCCAACGGGGGCCAAATGTGCCCGTCGAGCGCCTTCCTGACGGACCTCAACGCCGGCGACGACACGCCGGGGGACGTGGCCTATTTCGCGTACCGAAGCACCAAGGACACGCCGGGTATCACGCGGCTCGACGGCGGAGCATGCTTCGTCGAGCTGCCCGACGTGTCGCACTTCGACGAGCCCAAGTCCCCTGCGTTCCTGCAGTCGATTTTGCTCGCCGTCGGCGGTACCTGCCCGGGCACGTACACGGAGCTGGCTGCGAACTGACACGCGCGAATAACTGACACTACCCTGTCAACGGGCGGTGCCAGATTCTCGTCTCGAACAGGAGGCGAAGCGTGAAACTCTATTTTTCTCCGTACTCGTACAACGCCCGGAAGGCCCTCATGACCGCGTTGCAGCTCGGACTCTCGCCCGAGGTCCGCCACGTGGATCTCATGAAATTGGAGCAGCGCCAACCCGAGCTGCTCGGGCTGAACCCGAATGGCAAGGTGCCGGTGTTGGTCGAGGACGATTTCGTCTTGAACGAGTCGCACGCCATCATGGCCTATCTGGCCGACAGGACGCCGGGCCAAACACTCTATCCGACGGACCTCCGCGCTCGCGCGGACGTGAATCGGTGGTTGTTCTGGAGTTCGAATCATTGGGGCGTGGCGATATCGATGATCAATTGGGAAAAGGTGGTCAAAAAGCTCATTGCGGCAGGCGACCCGGATCCCGCGCAGATTGCCCGTGGCGAAATGCTGTTTCGCGACTTCGCCAAGGTGCTCGATGCGCATCTCGCCAACCGAGAATGGATAAGTGGGAATGCCTTGTCCCTTTCGGATATCGCGATTGCCTGTCCGCTGATGGTCGCGGCTCGGGCCGAGGTGCCGGTGGCGGAGTTTCCGAACATCGAAGCATGGTTCGCGCGCGTGCAAGCGCTCGATGCGTGGAAGCGAAGCGCAGGGTGAATTGACCCACTGAGTCACGAGGATAGGGCGCATTCGGCGGTATCTCGATGCGCCCAGCGCGTGCGTATTGAGCGATGGTATCGCCTCATTCGATGAATGGCTGATCCATTCGAGAACGCTGTATTCACGGGGATGATCGAGTTAATCACCCCCCGTAACGGGCATTGTCTTCAATCCCCTCCGTTGCTACCACTGGTGGCAGAAGGATTTCTTGGCTTGGGTCGTCGCGGCATGCGCCCCAGCGAAATTCGGAAATCCGCAGACGGAAAGGGGTACGCGCCATGAGGACGATCACGACCGTTGCTGCTGCCTTGCTGTTCGTTTTTCCGATTGCTGCCGGCTGTTCTTCCGCCCGCGAGGAGGCGAATGTTCCCGGCGAGGAAGAGATAGGAGAAGAGGGGGCCGTGGCTACGGGCGAAAGCGCCCTTGCCACGTGTTATTGCGCAGCGCCCTATACGTGCGGGCATTCGACGTCGCCGTCTTATATGTATCCGGCCGCCTACGCGGCGATCAAACGAGCCGGCGTGACCGATTCTCAGCTGACGCAGACCTATGGCGACGCCGAAGCCTCCGTGGGAACGCACTGCCCCGAGCCGGGGACGAGCTATTCGGCCGCCACGGACGTGACGTCGACCTCGGCGCCATGCACCCGTGTGCACCGGCTCCGCATGGAGGGCTTCGCCGCGTGGTCGCGCGTTCCGCCGACGTTTTCAGCGCACATTCACGCGGTTTACGCGGGCACGCCGGTCTTGAAGCAGTCGCTGAAGAATCAGATTAGTTCCTTCTATCAAAAGCGAAATGGGCTCGCGAACAACGCGATCGACACCATCTGTCCCATCACCGATGCGGAAATTACCGCGGTGAGAAATGTACAAAATGGCGGTGGTGGCACGACCGACTGTGTCGCGGGAGGCGCTTATTGTGGCGGGGACAGGGTGGTGGG
NZ_CP089929.1_gap64	2175928	2179545	3617	GTGCCCTCCCGATGCAAGAAGGCTCAAAAAGGCCTCCCTCACTTTGTTGAAGAGCGCTTCGTCGCCGCCGCGCAGTTGGGAGAAGGTTCCATAATCCGAATCCTCGACGAGCACCCACCCACCAGGCCTGAGCGCGGCCACCATTTTGCGCAGCACCGGCTCCGGCTCGCGGAGATGTTCGAGCAGCGAGCGTTCATGAACGAGGTCGAATGCCTTTCCTCGAGCGCGTCCACGGTGATGTCATGCCGCCGCACCTCGAGATGGGCCGCATCGAGAAACCTCGTGTCGATGTCGGTCGCCACGACGTGTCCCGTTGGGCCGACTCGCTTGCCGAGCCATTGTGCGATGGAGCCCCCTCCGCCACCGACCTCGAGGCAGCGCCATCCCGGACGCACGCCGATGGCTTCGAGCCGCCGAATGGTGAAGGGGTCGGCTATCTCCTGCAGCGCTTCGAGCCGTTCCAACTCGCGCGAGGCATTGTTGTCGAGAAGGTAAGGCATCACGGGATCATTCCTCATATTGCCCATGACGTGTAGGGAGCACGAAGCGCACGGCCGCGGTGTGGGGACTTTTTGCCTTTTCGATCCTGGCGTGACGCGCCAACTCCGTACCTCATCAACGAGAACGCGCTTCTCGTCGTACCGCCTTCGCGAATACGCTCACGAAATGTTGCTTGGCTCTCGAAAAAATAGAATGCCACTTATGATCCTGGCCTATGCCTTCTGCGGATCTTTCTCATTTTTCGCCTCGAGCGACGCCGCGGCGGCCGACAAGAGGACCCCGGCCGAGTGTGCGGCCGCGTTGGATTGCACGATGTCGGACATCGATGCGATGTCGATGCCCGAGCGCCTGCAGTTCCTTCAAGCGATGGAGAGCGGACCGGCCGCCGAGTTCGGAGCCTCGGATCGATGGCACAACATCGAAGGCATCGTCATGTTCTTCCGCGACCGCCAATGGGGCGCTTCCGGCACTTGGGTATCCTACGTGGATGCCGGCATCCTGGAAGGCGTTGAACGCGGTCTAGCCATTGCCCTCGGACGCGCGACCGACCCATTCGGCAACCCAGGTTCCCAACGCTGGGCGACCTACGTGACCCGTCTCTCCCGGGGCGAATTGGAGATTCGCGGCCCGCACGACCGGGCATGGGGCGAGGCCGAGCAAGCCTCGACCGACCATGGCGTCGACGTCGCGGAGAACCATGGTCAATATGCTTCCACGGTCGAGCAACGCTTCTTCGCCTTCTCCGAAGTCTACCGCTGGGCCCTCCGCAACCGCCCCATGGTGCTCGATCTCCTGGCCATTTACGGCCCCCTGATCCACCCGGACCTCGCGCGCCTCCGCGTCCCCTTCTACGACTGGTTCACCGACGTCCGCGAATGGAAGCCCACCTACATCGGCGCAACCATCGCCTACGAACTCGCCGAACTCCACCCCATCGCCGGCCTCACCGGCATGCCGGCACTATTCTTCGAATACATCCCGCAGCTCTTCGAAGCGTACCTGGCGACTCGCGTGTCTCAGAGCGCGCAGTAGCGCATCCATGCACTACGGGACGTCGGGACGTCGAGCGAATCTTCGTCGGTGACGGTCGTGCGGACGCGATAGGTCAAATTCGACGCAATATTTGTCCGATTACTTCTTTCCCGGAATCAGGGAAAATGACCTTCAGTTCGTGAGGCTCTCCAGGTCTCCAATCCAGAACGCATTCGGCGAGTACGGTAACATACTGATGTATTTCCGACGGAGGTAGTCCGGGGACATCCCTATGAATGAGAACGAGCTCTCGTTCCCGAAGCCAGTGTAGATCCCGCAGGCAGTCCGAAAGAGCGTTCCAGTTGAAGCCGAAGTAACCCGGAAACCCTACTTGCTCGACCAAGGCATTGAATAGCACTTGGACGTCAACGATTCCTGGTGGCACGTGGGCAACAAGCCGCTCCGAATGCGCGGATTCCGCCTGAGTCCGCAGGTCATTCGATACGTAAATAAAAGGGTCCTCGATGGTCATCCGGCGTAGGGGGGAGCGACGCTTTGTTCCTTAGCGACAATAAGCGTCGCACGTTGCCGTCAAGCAGCCGTCGGTGGCGGCGCCGAGTGTGCGGCAAGTGTCTTTGCCGGCGTAGCACGCGTCGACGCAGGAGCAGTCGGAGGCGGCGCATCGATTGACGCAGCTGTCGACGCCTTCGCAGGCGGGGTCGCTATTTTTGGCGGACTGCTGCGCGCTGCACGTGCCGGCGTACTCCTCGTCCTGGCATTCGCAGCGGGGTACTTTGGCGAATGCGATGCATTCGATGCACTTGGGCGAGGCCGCGCGGGTCCACGTTGCGCGGGTGGCGCAGGCCTTGGAGACGTCGTTGACGCCATTCGTCGTCGAGCCAGTGTCCTCCGAGGAGGAGCTGCAGGCCGCGAGAAAAACCGTGATGCAAGCTAAGAAGGCGCGAAGGTAAGTCGTATTCATGCTCGTGCTCATCGAGTGCGAGAACCGGACACCGGCGGCGCGCCCTGGACGAGCGTGCCGCCGTGCCATGGATCAAACGATGCCGATCACTTGCCGATGCTGGCCGTGATGCTTGCGGACGCGGTAGCGGAATCCTTGACGTTGCCCAGCGCCTGGGCCGCGGCGCTCACCAGGGCCGGGATGCACGCCGGCTTCACGTCGGCGACGGCGTTGATGTTGGCCGAGACTTGCCCCGTGATGTCGACCATGGCCTCCAGACGCGTCTTCAAGGAGAAGATGATCGGGAGGTTCGCCTTCAGCGTGGCCACGAGCTTGCCGATCTTGTCGGAGTCCACGTTGAACTTGATATCGATCGACGGCGGCGTGCACGCGGCCTTGGCCTGCACGCTGGCGCTGCAGTTGGCATCGCACTTGGCGTCCACCTGGCAGCCGCCTTCGAGCTTGCCGCCCTTGCACGAGATGGGCTCGTAGTCGGCCTTGCACTCGCCATCGCACTTGACCGAGACGTCGGCGGTGCCTTTGCAGCTCGCCGAGCACGAGCCGCTGCAGCTGCCGTTGCATTGGACGTTGGGCGCCGTCACGGAGCAGGTGCCGGAGCACTTGCCCTTGCATGTTCCATCTGCTTGCGGACCATTGCCGCCCGCACTTGCCGTGCACGTACCGTCGCATTTGCCCGTGCACTCGACGCCGCCGCTCGCCGTGCATGACCCGGAGCAGCTGCCCGTGCACTGACCCTCGCACGATAGCGTCGCTCCTGCTTTGGCGGTGCACTCGCCCTTGCACGCGACTTCCAACTTCCCGCCGGTACATTTCGGCGGGTTCACCTTGATGTCACACTTCCCGTCGACCGAGCATTTTGCTTGGCAATCCGCCTTGGCGCTGATGGACGCTTCGCAGACGGGCGGGGTGGCTTGCACCGTCAACGTCGCGCCGGACTTGAACGAGGTAATTTGTTCGACGGCAAGTTTGCACCACGCCTTCATCTGCTCGTTCTTGTCCGTCTTCGCGTCGGCCTCATCCTGCTTGGCCGCCGGGGCGTCGAGATCTTGCGCAATGCCTCGGCAAGCCGTTGTCAAATCGTCCACGGCCGCTGCGGCGATACCGGCGACGTCGGCGACCGCTTGGGCAGCCACGCGCCCTTGCGCCGTACCCGAGACGTTGA
NZ_CP089929.1_gap65	2279906	2282451	2545	AGTCCGCAGCATTGCGCAGCGCGTCGAGCGATGCTTAGCTGAAGAAACCCGCATGAACGCCCTTCGCTTCAAGCACCCGTGGATCGTTCAAGAGAGCATTCTGCGCGCGCTCACCGTGGATGCGGCGGCCCACGCGCTCGCGTACGTCCGCTTCTCCATGCCGGACGCATCGCCGGAGCGCTTCGGCGTGCGCGTGCTGCGCGACATCGTCTACGGCCCCACGCGAAGGCGCGAGCACCGGCTCGACGCGTACGTACCCACGCGCGCTCTCAAGCCACTGCCCATCGTTCTCTACGTGCATGGCGGCGGCTTCGCCACGTTGTCCAAGGAGACCCATTACGTCATGGCCATGGCGTTCGCACGTCAGGGCTACCTGGTGTTCAACGTCAATTATCGGCAGGGTCACAAACATCCGTACCCCGAGCCGCTCGAAGACGTTTCGGAGGCCCTGCTCTGGGTTCACCGCCACGCCGCCGAATACGGAGGCGATCGCGATCGCATCGCGCTCGCGGGCGAGTCGGCGGGTGGCAATTTGGTGACCGCGCTGGGCATCGCCTCGGCGGCGCGTTTGCCGGAGACCTTCGCGCGCCGCCTCTTCGATGCGAACATCCCGCTCCGGGCCGTCGTGGCCACGTACCCGATTCTCGACCTGACCGAGATCGAGGCGATGATGGCCACCGAGCGCTTACCCCTTTTCGTCCAACGGCTCCTGTTCGACGTTGCGGCGGCCTACCTTGGCCCAGGTGCCTTCAATGGATCGTCCGAAGCGGTACCGCTCGCAAGCCCGCTGCTGCTGCTCGAGCGCGGCTTGGTGTCATTGCGACGGGATCTGGCGCCATTTTTCCTGTCGGTGGGTACGAGAGACATTCTTCTATCCCACTCGAAGCGCATGAAGGTCGTGCTGGACCGGCTCGGCGTGAAAAATGAGCTCTTCATTGCGCCGGGCGAGGTTCACGGCTTCGACGCCATGGTGTGGCGCCCTGCGGCACGGCAGAAGTGGTCGGCCCTGCACAGTTTTCTCGCACCGCACATGGCGGCCTAGTAAAACAGAGAAATCGTGTCCACCGCCGTCACACAAGGGATTCGCGTCTCGGTCGAGTCCGTGTACGTTCCCGAGCAATCCTCCCCCCGGTCGCAGCGTTACGTCTTCGCGTACACCGTGAAGATCCACAACGAAGGCACCGAGGGTGCACAGCTGCGCACCCGCCATTGGATCATCACCGATGGCAACGGCCGCATCGAGGAGGTGCGTGGTCCCGGCGTCGTCGGCCAGCAGCCTTTCCTGCGGCCTGGCGACCATTTCGAGTACACGAGTGGCTGTGTTCTGACCACGCCGCGTGGGGAGATGCACGGCACGTATCAAATGCATCGCTCCGACGGCCGGGCCTTCGATGCGACCATCGCACCGTTTACGTTGGCCCTCCCGTACTCGCTGAACTAGTCAGGACACTGGAAAGGTCCTTCCCCATGTCCCTGCTCGAAGAGCCGCGTTACCAACAGCTGGCCGACTCCGCGTTTCGTCGCCTCGAAGACGCCTTCCAAGACGTCGACCCGGAAGAAGCCGATTGCGAGCGCGCAGGCGACGTCGTCACCATCCTCTTCCGCAGCGGCACCCGCTGCATCATCAACACGCAGCGCCCCACCCGCCAAATCTGGCTCGCCGCCAACGCGCGCGCCTGGCACTTTTCCTACGACGAAGCCACCGATCGCTGGCTCGACGACAAGGGCAGCGGCGCCGAACTATTCGCCACCGTTGCCCGCATCGTGAAAGAGACGTCGGGCGTCGACGTGGTTTTGTGAGGGTCTAGGGTGAAGGGTTTAGGGTAGAGGGGGAGAATCCCGCCCTCGCCTGTTCTTCTCCCTAAACCCTAAACCCTAAACCCTAGCCGTTCGGAACGTTGACCCCGATCGCCGCCCGCAATTCGGCGTAGGTGTCGCTCAAGGCGAACGAGATCAGGTCCGACAGCCACTCGCCCGAGGTGGGCTCGCCCAGGTAGTGCGGCTCGTAGACGTTTGCGCGGCGGGCGACGTCGACGGAGCCTGCGAGCAGCAAGCCTGCACGCGCCGCGGACATCTCGGCGAGCTTCGACCAGCGGCCCACATCCAGCAGCGAACCCATGGCCAGGGCGGCCTTCACGATTTGGCGCAGTGCCTCGAGCTCGTCGGGCAGAATCGCCTGGCGCAGGCACACATCGAGATCGTCGCCCGTGTTCCAGATCCCGCTGTGCGAGGTGGCGATGCGCACCGCGGACGAGATGAGCGACTTCAGCGCGGGCACCGTCGGGAAGAGCGCACGGCCGAGCAACTCGGGCTGCAGCAGCGCGATGTACTTGCCGGCGAAGTAGGCGCGGCTTCCCGACGACAGCTCGCGCACGTGCTCGATCGACACGTGAACCGTGGGGTTCTCCGCGATGGCGACCGAGAAGGGGCTCGACATCCCGTGGTTCACGCGCAGATCCGGCGGCGACAGCCCCAGGATCTCCGACGCGTCGAGGAACGTGCGCAGAATCGGATACGTGCTGTCCGTCTGCTCCTCGGCCAGCCG
NZ_CP089929.1_gap66	2299481	2303136	3655	GCACGGGCGTAGTCCTTGAACGAAGGCGCGAGCGCCTCTTGCGCAGCCACGGCGATCGCGGCCGTCGTGTGGTTGTGCGGCCCGCCCTGCAATCCCGGAAACACGGCCCGGTCGATCTTGGCGGCGTGTTCCTTCTTGCAGAAGATCATCGCGCCGCGCGGACCGCGGAAAGACTTGTGCGACGTGGACGTCACCACGTCCGCAATGCCGATGGGCGAGGGGTGCACGCCCGCCGCGACGAGGCCCGCGATGTGCGCGATGTCCGCGGCGAAGATGGCGCCCACTTCATCGGCAATCTCGCGGAAGGCCTTGAAGTCGAGGACACGCGGATACGCCGTGGTGCCCGCCCAGAGGAGCTTCGGCTTGTGCTCCTTGGCGAGCGCGCGCACCTCGTCCATGTCGATGAGGTGCGTGTCCTTGGTGACGCCGTACGGGACACTCTTGAAGTACTTGCCCGTGATCGAAACGTTGTGGCCGTGCGTGAGGTGCCCGCCCGCGGGCAAGCCAAGCCCCATGATGGTGTCGCCCGCGTTGCAGAAGGCGAGGTAGACGGCGAGGTTGGCCGGGCTGCCCGAGTAGGGCTGCACGTTGACGTGGATGTCGTCGATGGATCCGTGAGCCGTGGCGCCGAAGAGCTGCCTCAAACGAGAGATGGCCAATTCTTCGACTTCGTCGATGACCTGCTGGCCTTCGTAGTAACGCTTCTTGGCGTATCCCTCGGAGTACTTGTTGGTGAGACACGAGCCCGTCGCCTCCTGCACGGCACGTGACGCGTAATTCTCGCTGGCGATGAGGCGTAACGACTCGTCTTCGCGGCGATTCTCCGCTTCGATGAGACGAAAGATCTCGGGATCGACCTGGGCCAAGGCTTCGTCGGTTGCTCGGTTCATGCGCTTCTTTTCGCATGTCTATGGTATGCGTGGAAGAGCCGTGGCTCTTACGATTCGCCCCCTTATCGTCCTACCTTTCGCCGCTTCGCTTCTCGCGGGCGTCCTCGTCTCGGAACCGGCGTCGGCGCAAGACCGCGGGGCCTTTCCGCTCGACAAGCCGGCCGCGCGCCGAAGCGGCCTGGTCATCGGTCTCTCGCTCGGCACATCCGTGATGGCCGGCAGCGGTTACCCCAACTCGGCCACGCGCATGCAGGACCCGCGGTACTACGCCGCCAGCGGCGTGGTCGTGGGAACGAGCTCGACGCTGACGATCATGGGTGCGCTCACCGACTACCTCAACTTCGGTTTCTGGGGCGGTGGTGGCGGAGGCGAGAACAACGACTGGAAGCTCTCCAGCGCCGGTGGCGGCGTTCGGGTGGAGGTCTTCCCGCTCTTCTACCTCGTGCCAAAGTTGCGTGACCTTGGCATCTCCGGTCAGTTCGGCGTGGGCTCCGCCAAGATGGAGGCAAAGCATGGCGCCTCCGAGGGTGGCGAGGGCGTGCAGTCCTTCGTCGGCGGAGGAGCCTTTTACGAATTTCGCCTCTTCAACCCGTTCGGCACGCACTTCACGTTGGCGCCGACGGTCGAGTACCAAGCCATCTTTTCGGATCCCTTCGAGAGCCACGGCGTCGTCGCCGGCGTGCGTCTCGCCCTCTACGGCGGCCCATGAACCTGGGTGGGAGTGATCCGTTCGGGCTCTTGGGCCAGGTGCTCGATGGGCAATTTCGGATCGACGAGGTTGCGGGCGAGGGAGGCTCGAGCGTCGTCTACCGCGGGGAGCACGTCGGGTTCGACTCCAAGGTGGCCATCAAGTGCTTGAAGCTGCAAGCGCAGCTCGAGTCGTCGCAGATCGAGGCGTTCATGCGCCGCTTTCGCGAAGAGGGCCGCGCCGCCTACAAGCTCGCGCAGGGGCACTTTCACATCGCGCGGTGCATCGCCATCGGGACGACCTTGTCGCCCAAGACGGGATCGCTCGTGCCGTACACGGTGCTCGAGTGGCTCGAGGGCAAAACGCTCGCGCGGCAGTTCGAAGAGCGCCGCCTGGCGGGCGGGCAGGGGCGTCCGTTGGGCGATTTGCTGCCGTTGCTCGACACCGCGGTGGATGCCGTGGCGTACGCGCACACGCAGGGCGTGGTGCATCGCGATCTGCACCCGGGAAGTATCTTTCTGGCCGAGAGCTTGGAAGGGGTGAAGGCCAAGGTGCTCGACTTCGGCCTGGCCAAGGTGGCCAGCGAGCAAGCCCTCGGTTCGGCGTCCCACGTAGACGGCGCCGCGGCGAACGGCGCGAATGCCGCATCATTTCGCGTCTTTTCGCCGGCGTACGCCACGCCGGAGCAGCTCGACGCGACCATCGGGTCCGTGGGACCTCCGAGCGACGTGTACGCGCTCGCGATGGTGCTGCTCGAGGCCATGCGCGACCAGCCGCCGTTCCTCGGGCTGTCGCTGTCCGAATTGCGCACGCGCATTCTCGATCCGCGCGCGCGGCCCACGCCGAGGGACTTCGGTGTCATGGTTTCGGACGATGTGCAGGACGTGTTCGCGCGGGCGCTCGCGCGCGAGCCGGGAGAACGCTTTCTCGATGCCGCCGATTTTTGGTCGGCGTTGAAGTCGGCCGTTCAGAACGGCGCATCGGATGCTTCGCTCGCCGATGCGACGCAGCGCATGGACGCGCTGCCGGACAGCGACTCGCTGCTCTCGCTCGTGGGCTACGACGATGGGCCCACGTTGAACGATGTGCCGCCCGTAGCCCCGAGGGCCGCGGGGGTTCGCCCGGTGATCGACGAGGAGACGACCATCGACGATGGCATTCCCGTCGTGCTTCCACGCCAGCCGGCCGCGCCCGAAATCAGCGGCGTGCAGTCGTCGGCGCAGGCAGAGTCCGCGGCCGCCGACGTGACGGGCCCGCGGGCCAAGACGCCATCGGCGGACTTCACGGGTCCTCACGTTGCCATGTCGACAGCCGACGCCACGGCGCCGCGAAAGGCCTTGTCGGGGCAGGGCGGGAAGGCCGACGCGCCCACGCGTGGTCCCGTCGTGCTCGGGGTGCTGCTCGGCGCCGGCGCGGCGTTGGTCGCACTGTCCGTGCTGGCCTCGTTCTACCTACAGAGGCTCCAGCGATCGGACGACGTGGTCGTGGCTGCGTCAGGCCCCCCCCACCCCAGCCCTCCCCCTGCGGGGGAGGGAGCCCAAAGACTTCCGTCGGCAACAGTGGGCGCAACGACGGGCGTCGCGCCCATGGCGACGGCCGATCCGGCCCCCTCCCGCCTCGACCCCGCCCCGCCCGGGCTGGGGAGCGCAAGCGCGCGCCCGAAAGGACGTACACCTCCTCTCAAAGGCGCCGTGGGACCGACCCCGAAGCCCGTGGCCGAAGAGCCCACGGAGATCCCACCGCCGGCCGATCCCTCCGCTTTCAACCGCCCGGCGGCCGAGGCGTCCCTTCGTGTGCTCGATGGGATCCTCGCGAGCTGCCGGCGCCCTGATGGAAAGGGCGGCGAGGGCAGTGCGCGGGTGACCTTCACCAACGACGGCACGGTTTCCGGCGTCAAGATCACCGGCCCCCTCGCGGATGGGCCCGAAGGCGACTGTGTCGCGCTGCGCTATCGCAATGCGAAGATTCCGCCCTTCGAGGGGCCGCCGGCCTTCGTGGAGCATGCTTTCCGCTTGCCCAAGTGAGTCCACCACCTTTCGGCAGGTGAGCCCGCGGTAGGAAATACCCGCGAAGACTT
NZ_CP089929.1_gap67	2305909	2307771	1862	GCTCGGGAAGCTCGGGTTCGACGTCGTCGGCCAAGTCGACGGGCAGCAGCGGCTCCACCACGGGCAGCGGTCCGACGCCCATCGCCCGCCCCAGCGCGGGCCCGTCCGAGCCGGGCAAGTTCAGCCCCGAGGCCGCGCGCGCCTCCCTCAAGACGATGGAAGGCGTGCTCGCGAGCTGCAAGAAGCCCGACGGCCCCACCGGCCCGGGGCGCGCGCGCGTCACGTTCATCGGCGATGGCTCGGTCATGAGCTCCGTCATCGTCGGACCTCCGTACGAAGGCACGCCCGTGGGCGACTGCGTGGCAACGCGCTTCAAGTTCGCCAAGGTTCCCAAGTTCGAAGGAAACCCCGGCGTGGTCGACTACAACTTCACCATCAACAAGTAGCTTCCCCAGAAGATAGGCACTCGTGACCGACCCCATCTCGCGCAAGTTGTTTCAACGGGCCCAGGAACTCATCCCCGGGGGCGTCAACAGCCCCGTTCGTGCCTTTCGTTCCGTCGGGGGCGAACCCGTGTTCATCGCGCGGGCAGAGGGCGCGTACCTGTTCGGCGCCGATGGGGCGAAGTACACGGACTACGTCGGCTCCTGGGGCCCGATGATCCTCGGCCACGCGCACCCCGACGTCGTCAAGGCGGTGACCTCGGCCGCCGCCAACGGCACGAGCTACGGTGCTCCGACGGAGCTCGAGGTGCGCTTCGCCGAAAAGGTCATCGAGCTCTATCCATCCATCGAGATGATGCGCGCGGTGTCCAGCGGCACCGAGGCCACCATGGCGGCCATCCGCGCCGCGCGCGGTGCCACGGGGCGCGACGTCATCGTGAAGTTCGAAGGCTGTTACCACGGCCACGCGGACTTCCTTCTCGTCAAAGCCGGTTCCGGCGCGGCCACCTTGGGCGTGCCGGATTCGGCGGGCGTTCCGGCATCCACCGCCGGCAACACCACGACCATCGCGTACAACGACATCGCTGCACTGCGCGAGCTCTTCTCGGCGCGCGGCCATCGCATCGCGGCGGTCATCGTGGAGCCCGTCGTGGGCAACATGGGCTGTGTGCCGCCGGTTCCCGGTTTCTTGGAGGAGATCCTCGCGCTCTGCCAGAAGCACGGCGCCATCTCGATTTTCGATGAGGTGATGACCGGCTGCCGCGTCGCACGCGGCGGTATGCAAGAGCGCACGGGCCTCAAGCCGGACATGACGTGCCTCGGCAAGATCATCGGCGGCGGCATGCCCCTCGCGGTCTACGGTGGCAAGCGCTCCATCATGCAGAACGTGGCGCCGCTCGGAGCCGTCTACCAAGCGGGCACGTTGAGCGGCAACCCCGTCGCGGTCAGCGCCGGCCTGGCAACGTTGGCGCACCTCGATGCGGCGCTCTATGAAAAGCTGGAACGGCTTTCGTCGCGCCTCGAGCAGGGACTGCGCACCGCGCTCGAGCGCACCAAGACGCCGGGCTGTGTCCAGCGCGTCGGCGCCATGCTCACCCTGTTCTTCAACGAGGGGCCCGTGCGCGCGTGGAGCGACGCCCAAAAGAGCGACACCGCGCGGTTCGGGCGCTGGCACCGCGGCATGATTGCGCGCGGGCAATACCTCCCGCCGTCGCAGTACGAGGCGGCCTTCGTGAGCGCGGCGCACACCGACGCGGACATCGACGCAACGGTGCAGGCTGCCGAGGAGGCACTGCGGGAGGCGAGTGCCTGAGCTCCCCGACGTCACGTTGTACATCGAGGCGATTGCCGCCCGTGTCGTAGGGCAGCCGCTTCGAAAGATCCGTCTGGCCAGTCCCTTCGTTCTGCGCACCGTCGTCCCGGCACCGGCGCGCTTCGAAGGGCATCCCGTCACCGACGTTCGCCGCGTGGGAAAGCGCA
NZ_CP089929.1_gap68	2348207	2350948	2741	GCGGGAATCGTCGTCACTCATGACTCGTATGCCTCACTCCGCCGGCGCCAAGGCAGCATCGGCCGCCGAATCGTGTGCCCCTTCGTGACCGTGGTCATCACCGTGGTGCGGGTCGGCCTCGGGGAGGACGCCCTTGACCTCGGCGATGGCAATCATCGGAACCCAGCGGATGAACAGAAGGAACAGCGTCATGAACAGGCCGAGCGTTCCGCCGTAGGTGCAGATGTCGATGATCGTCGGCCGGAAGTAACCCCACGAACCGGGGATGAAGTCGCGGTGCAGCGAGGTCGCGATGATGACGAAGCGCTCGAACCACATACCGATGTTGATGACGATCGAGATGACGAACATCAGCGGGATGTTGGTGCGGAGTTTCTTCGACCAGAACAGCTGCGGCGAGATGACGTTGCAGGTGATCATCGTCCAGTACGCCCAGGCGTACGGACCCGTCGCGCGGTTGATGAACGTGAAGCGCTCGTAGTCGTTGCCGCTGTACCAGGCGATGAAGAACTCCATCGCGTACGCGTAGCCAACGAGGCTGCCCGTCACGAGCATGATCTTGTTCATCAGCTCGAGGTGCTGCATCGTCACGATGCTGCGCACGCCGTACACGATGCGGCAGACGAGCATCAGCGACATAACCATCGCGAACCCGCTGAAGACGGCGCCGGCGACGAAGTACGGCGGGAAGATCGTCGTGTGCCAGCCAGGCATGAGCGAGGTGGCGAAGTCGAACGAAACGACGCTGTGCACCGAGAGAACCAGCGGCGTGGAGATGGCCGCCAGAATCAGGTACGCGCGCTCGTAGTTCTGCCAGTGGCGGTTCGAACCGCGCCACCCGAGGGCCAGCGCGCCGTAGACCGTGCGGCGAAGGTTGGTCGTCGCGCGGTCACGCAGGGTGGCCAGGTCGGGGATGAGGCCGACGTACCAGAAGAGCAGCGACACCGTGAAGTAGGTGCTGACCGCGAACACGTCCCAGATGAGCGGGCTCTTGAAGTTCGGCCAGATGCTCATCTGGTTCGGAATCGGGAACATGTAGTAGGCGACCCACGCGCGACCGACGTGGATGCCCGGGTACAGCAAGGCGCAGATGACGGCGAAGATCGTCATCGCTTCGGCGAAGCGGTTGATCGACGTGCGCCACTTCTGGCGGAAGAGGAACAACACGGCGCTGATCAGCGTGCCGGCGTGACCGATACCGATCCACCAGACGAAGTTCGTGATGTCCCAGCCCCAGTAGACCGGCGAGTTGTTTCCCCAGACGCCGACGCCCTGCCAGAACAGGAAGCCAACGGCGGAGAACAGGATGACCGTTGCCGTCAGTGCGAGACCGAAGGCGGCCCACCACGCTTTCGGCGCCTTGGTCTCGGTCACGCGGGCGACGCGCTCGGTGATGGAGGCGAACGTTTCGCCCTCTTTCACCAGCGGGATTTCGCCGATTTCCTTGATGGGGAGCTTGTACGAAGCCATATGCAGGTTCCGGTGAGTCGGGGTATCCGGTTGGGACGATGAGTCGGTGAGAACGAGGCGGCGGTTAGGCCATTTCCTTGTTCGGGTTGCGGATCTTGCCGAGGTAGGTGGTGCGCGGGTGCGTACCGAGGTCGGCGAGGAGCGCATAACTGCGGTCACGCTTGCGGAGCTCGGCGACGCGCGACTTGGGGTCGTTGAGGTCGCCGAACACGATGCCGCCCGCGGGGCACGCTTGCGCGCACGCCGTGGTGAAGCTCTGGTCGCGCAGCGGCTTGCCCGTGCGCTTCTCGGAGATCTTGGCTTCCTGGATGCGCTGCACGCAGTACGTGCACTTCTCCATGACGCCGCGCATACGAACGGTGACGTTCGGGTTGAACTGCATCTTCGTCGTCTCCGGCATGTCGCCGTAGAGCGGGTCGCCCTGGAACTCGAGGTAGTTGAACCGGCGGACCTTGTACGGGCAGTTGTTCGCGCAGTAGCGCGTGCCGATGCAGCGGTTGTACGCCATGTCGTTCAAGCCTTCGGGGCTGTGCTCCGTGGCGTTGACCGGGCAGACGTTCTCGCAGGGGGCTTCCTCGCAGTGGACGCACGCCAGCGGTTGCAGGGCGACCTGCGGATCCGCGACGTCGTTGCCGACGAAGTAGCGGTCGATGCGCAGCCAGTGCATTTCACGGCCGCGGCCGACTTGGGTCTTGCCGACGGTCGGAATGTTGTTCTCCGCCTGGCAAGCGATGATGCACGCGTTGCAACCCGTGCACTGGCTCAAGTCGATCGACATGCCCCACTGGTGACCCTTCGAGTAGTCCACCTTGTTCCACAGCGGGAGGGTCTTGGGGTTCGTGCTCCGGTACTGCGTGAACGACGGGTTCGCGCGGTACTCTTCGAGGGTCGCGTCGATGGCGACCGGGCGGCCTTCCATCGAGTCGTGGTCCTGCGTCTGCGTGAGGTCGTACGTCGTGCCGGTCTTCTCGATGTTGACGCCGGAGACGAATCCGGGCGCCTCGGACGAGCGGAGCGGGTTGACGTCGAAGCCGTGACCCTTGCCGTAGCGGCCGGGCTTGGCGCGACCCCAGCCGAGGCGGAGGCCAATCGAGTTGTCGGCCTGGCCGGGGAGGATCCACGCGGCAATCGTGATGGAGGCATCGCCGCGGGAGACCTTGATGAGGTCACCGTTCTTGATGCCCTTCTCGTCGGCCGTCTTCTTGGAGAGGAGCGCCGCGTTGTCCCAGACGATCTTCGTCATGGTGTCGGGCAGCTCGAGCAGCCACGGG
NZ_CP089929.1_gap69	2352997	2354816	1819	TCGGCGGACTCTTTCTCTTCGATGCTCTTCCAGAAGACTTTGGCGCCCGAGGATGACGTGGAGGCGACGTCTTGGAAGGTGTACGGCTTGCGTTTCATCGGTGGCACCCTGAGCAGTGCTTGGGGGGATTCACGCTGGGCGGCTGCCAGCCAGCGGGGGCCATTTCGGGCCGCCAATCCATGTTGGTGATTTGATCTTTGGGCCGGAGACTTGGCGTGGGATCGCGGTGACACTCGAGGCACCAACCCATGCTGATCGGCTTATCGAGACGGACGATTTCCATCTCGTCGATGCGACCGTGGCAGGTCGCACATCCAACGCCAGCAGCAAGGTGCGCACTGTGATCGAAGAACGTGTGCTCGGGGAGCTTGTGGACTTTCACCCACTCGATCGCCTTGCCGGTGTCCCAACTCGAGCGCACGTTCGCGAGACGAGCGCTTTCGGTCTTCACGACCGAGTGGCATCCCATGCAGGTTTGCGTGGGCGGAATCATCGCATGTGCCGCGCGTTCGATGTTCGCGTGGCAATAGCGGCAATCCATGCCGAGTTGGCCGACGTGCAGCTTGTGGCTGTACGGAACCGGCTGGACCGGCGCGTAGCCGACCTGCAGATTCTTGGGCGAGAAGTAGTACCAGAAGACAAACACCACGCTTCCCAAGAGTCCGACCGTTGCGACGGCGGCGATCAGGGGGAGCTTGTTGAGCGACCGGGGGAAGATTTGCATTCGGGTGGCCTAGGAGCGGGCGAGTCGGGCCGGGAAACCTCCATCTCGAACCGTGAGAGGGAGGCCTGCCCGCTGCGGGCAAGTTGCGGCGTCCTTATAGGAGACGGACCCCTCGCCGCACAAGGCCAGACCGCATGGGGTGGGGAATAATCGACAGGGAAAGCTCGGGGCCCGGGCAATCACCCCGTACACGTGCCCGTGCCCCTGCCCATGCCCGAAGACGAGCACGACCACGTGCACGTCCGTCGGACTGCGGACAGGGGCATGGGCCCGCGTACGGAGCCCTGCACGGCGAAAAATTTTGGGGGCTTAAACCCGCGCGTCGGCGGCGAGGGCGATGAAGAGCAGGACCAGATAGGCGATGCTGTAGAAGAACAGCGAACGCGCCCACTTGTTGCCGGAGCTTTCACGTAGCCCGTACGACGCCCACCCCAAAAAGACGCAGCCAAGCACGAACGCGGTCAGCAAATACCCACGTCCCGCAATCCCGAGTGGGAAAATGAGCAGTGTGGACGCAACCAAGGCGCCGGTATGCGTGATGATGCTCTGTTTCGTGGCGGAAATGCCCAATACATTGGGCATCACGTGAAGGCCGGCGCGCGCGTAATCCTCTTTGCGGAACAGCGCGATCGCGAGGAAGTGCGGAATCTGCCAGAAGAAAAGAATGGCAAACAGCGCGAGGCCTCCGGCATCGCAATGGGCCGTCGAGGCGGTCCACCCCATGAGTGGCGGAATGGCACCCGGCACGGCGCCGACGAAGAGCGCCACGTGGGAGCGCTGTTTGAGCGGCGTGTACCCGAGCACATAGCTGACGTTGGCCAGCACGCCCAATAGGGCGGTCGTGGCGTTGACGCCTATCGCCAGAATGGGCACCGAAATGATGGAAATCGCCACGCCAAACCACAGCGCCGTCTTGGGCGACATGCGCCCGGCGGGGAGGGGGCGCTTGCGCGTACGAACCATGTGCGCGTCGATATCGCGCTCGATGTACATGTTGAGCGCGTTGGCGCCGGAGACGATGAGGCCCATCCCGAGGAGGAGCATCACCATCGTCATCGCCGAGACTTGCGGCGGCGCGAGGCACATTCCGCCGGC
NZ_CP089929.1_gap70	2359367	2361192	1825	ACGATCACGCACCAGAAGCCGAAGGCCAAGAAGGCCGACACCGTGGCGAAGGTCGACGGCGCAAGCGCGTCGGGCAAGCGCGAAGCCGCTCTTGTCACCCTCGCTTGGGTTCTCGGCAAGGGCCCCTCGGCGAAGGCCGCTGCCCCCGCGAAGGCGGCGACCGAGAAGCCGAAGAAGTAAGTTCTCTCGCTAGTCAGGAACGGCCCACAAGGCCGGGCCTTTGGCAATAACGTAGTTCAAAGTGGGGCAACGATTCGGTTCGTTGCCCCACGTCTCGTTTGTGCTCGTTCGTTTCTCTTGAGGGCATGCCCAACACACGTAACCCTGACCGCTCATGAAGAACGGTGCGGATTTCGAAGGGCGGCGGATGGCACTCGCTTCGGGGGTCACGCTCTCCGTGACGTCGAAGGGAGACGGGCCTCCGATCGTCTTGCTTCACGGCTTCCCGCAGAACTCGTACACGTGGCGTAAGAACCTGCCGACGTTGGCCGATGCAGGGTTTCGCGTGATTGCGCCGGACATGCGCGGCTATGGGCAGTCGGACAAGCCGCAGGCGGTGGCCGACTACAAGACGGAGCACCTCGTGGCCGACGTGCGCGCGTTGGTGCACGCGCTCGGCTACGAGAGGGTGCATCTCGTTGGGCATGACTGGGGCGGGGTCGTCGCCTTTCACGTCACGGCGGCGCACCCCGAGCTCGTCGAGCGCCTGGTGATCTTGAACGGGCCGCATCCCAATGTGTTCCGCAAATCGCTTTTTCGAAGTCAGGCGCAGCGCATACGCGCTTGGTACGTGTTCCTCTTTCAGCTGCCGTTTTTGCCCGAGCGCATGCTCGCGCGCAAAGGCACGCTCGCGCGCATGCTTCGCTTGTACGGGCCGGGCGTCTTCTCGAAGGAAGACCTCGCGACATACACCGATGCCGTCCGCAAGCCCGGCGCCGCGCGCTGCATGGTGAACTACTACCGCGCGGCGTCGCGCTGGCACCACGAGATCCCCGTCATCACGCGGCCGACCCTGGTGCTCTGGGGCGAGAAGGACCTCGCCCTGCACCCGTCCCAGGTCGACGGACTCGAGAAACACGTGACGGACCTGACCGTGAAGCGCTTTCCGGACGCGACCCACTGGTTGAACGAGGAAAAGCCGGTGGAGGTGCACGAGGAGATCGTCCGGTTTTTGAGGGCGGCGGGGGAGGGCGGCTAGGGGTAGGCGGCTAGAGGATCGAGCACGAGCGCGTGCGCGTGCACGTGCACGAAGACGCCGCGGCGAACCCCGCCGCGGCGAACCTTGCTGCCGCCGTACCTCCGGCCGTCAAAATCCCCGAAAAACGCGCCCGAAACCTCTCCGAAACAACCGCGCCTCTACATGCTGAGAGCATGACCGCGGACGCGATGAGTGCGGGCGACACGGCGTGGCTGCTTGTGAGCTCAGCGCTGGTTCTGCTGATGATCCCTGCGCTCGCGCTGTTCTATGGCGGGATGGTGCGGCGCAAGAATGTGCTCTCCACGTTGATGCACTCGCTCGCGGCGCTGCCGGTGCTCAGCATCACCTGGGTGCTCTTCGGGTACTCGTTCGCGTTCGGACCGACCCATGGAGGCATCATCGGTGGGTTCGACTACATCGGCCTTCGCGGCATCGTCGGAACCCTGCACGACACCGTTCCGAACTACGCCTTCATCGCGTTTCAAATGATGTTCGCCGCGATCACGCCGGCCCTCATTTCTGGCGCCGTCGCCGAGCGCATGAAGTTCTCGGCGTACATGGTCTTCATCGTCCTGTGGTCCGCGCTCGTCTACGTGCCGGTCGCGCATTGGGTGTGGGCGACGGGAG
NZ_CP089929.1_gap71	2378688	2380200	1512	TCGCCGGCGTAGAGGGCGAAGCAGGCATCGAGCACGGGGAACGGCATGAGATCGCGCTCGTCCTCCATGTCGTCGGCGAGCTCGGCGCTCGCGGGCTTCTTCAAGGTGAGGCGGATGGCCTCCGAGCCCGTGGTCTCGAGCAGGTAGTCGAGGAGGTAGTTCACCACCGTCTTCGGCACGTTCGCGATGACCGAAAGGGCGCCCTCCATGTCGCCGCCGATGGTGGTGTACCCCACGGCCTTCTCGCTCATGTTGCTCGTCTGCAGAAAGAGACCGGCGGCGCTGTTCGACCAGCTCCACATGCGCTCGGCGCGAAGGCGCGCCTGGATGTTCTGCTTCGTGAGCTGCGTGACCGATTCGCCTGGTTGCAGCATGCCCTTCGCTGCCGCGAGCTCATGGTCGAAGGCGTCGTCGATGTTGCTGATGACCAGCGGCACGCCGAGCTCCTTCGCCGCGGCCTCGGCGGCGGCGCGTGTCTCGGCGGACGAGTAGCGCGTGGGCATGAAGAAGGCGCGCAAGATCTCGCCGACGCGTTTCTCGGGTTGCGGGTCGTCGCGGAACCGTCGCGCGAGGTAACGGTGCGCGAGGATCAAACAGAGCAAGCTATCGCGCCCGCCGGAGAGGGCGACGCCGATGGTCTTGAACGCGCGTGTCTTCTGGAAGTAGTCGCCGATGCCGATCGCCAAGGCGTCGAGCAGGTCTTCGCAGAAGTCGGTGCGCGCGGCGCGCGGCTCGGAGGGCTCGGGCAGGAAGAAGCTCTTGTGCGGCGGGCCCGGGTAGCGAAGCGCCTCGCGTCCGCGCGTGGGCACGTCCACCTTCACGTGGCGCACGCGTGCGGTGTTCGCCTCCTCGAAGGTCTCTTGGTCCATGCGCCACGTAGTGTTCTCTGCGCGAAGCCGTCGCGTCCGATTCAAGTCGACGGTGACGCAGGTGAAGCCCTCGCGGTAGCGCGGCGCCGTGTGGAGCATGCGCCCGTTCTGCGCGACGTAGCCGCCGCCGTCGTAGATCAAGCCGTCGTTGGCGCCGACCAGCGCGGCATAGACGACGGTGCACTGATTGTCGGACGAGCGCGTGCTGATGATCTCGCGCCGCGTACCCTCGACGCCCAGGCGGAAGGGCGACGCCGAGACGTTCACCATGATCTCCGCGCCGGCGTAACAGCGGCGGCGCATCGGCCCGTCGGGCGACCAAATGTCTTCGCACACCTCGAGGCCGATGGTGCCGAAGTCCATGTCGAAGACGAGGTCGCCGAAGGGCACGCCGTTCAAGTCGTCGTATAGGCCCGGGGCGCCACGCGCCAAGGTGCGGTTTTCGTAGAAGACGCCATAGGTTGGCAGCTTCTCCTTGGGCACCAGGCCGTGCACTTTTCCGCCATGTACGAGCGCCGCCACGCTGTACAGGTGACTGCCGCGGGCGACGGTGAGGCCGAGCACGGAAGCCGCGCCAAGGCTGCGCGTCTCGTAAGCAAAGCGATCCAGCTCGCGCCGCTGCGCATCGACGAACGCGCGCCAC
NZ_CP089929.1_gap72	2381524	2385508	3984	GTCCTCCGTCGCGAAGCATCCACTCGTTGGCAGACTTGGGGCTGCTCGACAAAGAGCACCCTGAGCGTGGCGCGTCGGTTCGCGCGCTGACGTTGGCCGCGCTCGGTGTCGTTTTCGGCGACATCGGCACGAGCCCGCTCTACACGCTTCGCGAGTGCGTGCACGCCGCCGAGCATGGCGGACCGGCGACGCAGGCGGGCATCCTCGGCCTTCTCTCGTTGATGTTCTGGTCCCTCACGATGGTGGTGACGGTGAAGTACCTCACCTTCATCATGCGTGCGAACAACCACGGCGAGGGTGGCATCCTGGCGCTGCTTGCGCTGGTGCCGGAAAAGTTGCGCCAGCCGCAGGGCCAGAAGGTCGGCTGGGTGGCCGTGCTCGTGCTCGTTGGCGCCGCACTCCTTTATGGTGATGGCATCATCACGCCATCGATCAGCGTACTCAGCGCTGTCGAAGGTCTGGAGACGGCCGCGCCTGGACTCAAGCGCGCCGTGGTGCCGATCACGTGCGCCATTCTAATTGGCCTCTTCTACATCCAGCGCCGCGGCACCGCGGACGTGGGACGCTTTTTCGGGCCCATCATGGTGGTGTGGTTCGCCACGCTCTTTGGTCTCGGCGCATACCACATCGTCGAGTACCCGGCGGTGCTGCAGGCGTTGTCGCCGCACTATGCGGTGAACTTCTTCCTGCACCATGGCTGGCACGGCTTCGTGACCTTGGGGGCCGTCGTGCTCTGCGTGACGGGCGGTGAAGCGCTCTATGCGGACATGGGGCACTTTGGGACGCGGCCCATTCGTCTCGCATGGTGGCTCTTTGCCATGCCCGCCCTGGTGGTGAACTACTTCGGCCAGGGTGCACTCGTGCTCTCGCATCCGGAGGCGCTCGAGAATCCGTTCTTCTCCCAGCTGCCCACGGGCCCGCTCACGTACGCGCTCGTCGCGCTCTCGACCTTGGCGTCGATCATCGCATCGCAGGCGCTCATCTCGGGGGCCTACTCGCTCACGCATCAAGCCGTGCAGCTCGGCTACTTCCCGCGCGTGACGGTGAAGCACACGTCGCACGAGACGGAAGGGCAGATTTACATCCCTCAGATCAACTGGGGGCTCATGGTGGCGTGCCTCATCGTCGTGCTCCAGTTCCAGAAGTCGTCCGCGCTGGCGGCGGCCTACGGCATCGCGGTGACAGGCACGATGGGCATCACGTCCATCGTGTACTACGTGGTGGTCCGTCGCAATTGGGGTTGGTCGCGCTGGAAGGCGCTGCCCCTGGTGGTGCTCTTTCTCTGTTTCGACATTCCGTTCTTTGCCGCCAACTTGCTGAAGTTCTTCGAGGGCGGCTACGTGCCGATCATCTTCGGCGCCGCGGTCTTCTCGGTGATGCTCACCTGGAAGATTGGACGCAGCCTGCTCGGCGAGTACATCGTGAAGCGCTCACCGCCGATGGACGAGTTCCTGGCGGGCTTGCACACGCGCCTCGTGGCGCGCATTCCGGGCACGGCCATCTTCATGGCCTCCAACTCGGGTCGCGTTCCACCGATTCTCTTTCATCACGCGCAACGCATCCGCGTGCTGCATGACACGGTCATCCTGCTCACGGTGGTGACGGAGCACGTTCCCGTCTCGGACGAGGAGCGACGCCTCGAGGTGCAGGACCTGGGCGAGGGCTTCTACCGCGTGATCGCACGCTGCGGCTTCATGGAAGCGCCCAACGTGCCCGAGATTCTGCACGAGGCTGCTGCCCAGTGCGGTGTGCCCGTCGACTTCAGCCACATGACGTACTACGTCGGCCGCGAGACGTTCCTCGCGAGCGGCAGTGGCAAAATGGGGAAGTGGCAAGAGATGCTCTTCGCCTTCCTCTCGCGCAACGCGCAGCCGGCCACGCGCTACTTCGGCATCCCGCACGAACACGTCGTGGAGCTCGGGACGCAGATCGACCTGTAGCGCCAACGCCGCCCGGTTCTATTTCTTCTTCTTCTTTGCCGGCTTCGTCGGGCTCGGCGGGCTTTCGACGGCGGAGTGGGGGGCGGTGGCGGCGCTGAGGTTCGACGCCGTGGCGCTGGATGTGGATACGCTCATATCGGCCAGCGGCGTCACGGGTGCGGGGGGCGCGGAAGGCGTAGGTGGTGCGTCCACCGTCTTCTCTCTGGCAAGCTCCGTGTCCGTGTGTGGTGCCGTTTTGGTCCGGTAATGGGCGATACCATAGAGGCCCGCGAGAGCGACCACGGCAAGGGCCACCGCGCTTGCGATGGCCGTGCGCGGACCGATGGGGATCTCGGAGCGTTCGTCGAGCATGCCCGAGCGTGACGAGGCTTTCATCGCGTCGGTGGCGGTCATGACGGGCGCAACCCCAGCCATGGGCAGAAAGCCGACGGCCGAGCCATCGACGGCGGGACGCTGCTGCGAGTCCGTCACCGCCATGCGGTTCTTCGCCGTCTCGGTGACACCCTTCACGCGCTCGACCATCAAGCGCGCCGACTCGCCCGAGCCGAAGGGACCGAGCGCCTCCGCGAGCGCCGCGATGCTGTCGAAGCGCTTCTTCGCGTCCTTCTCCAGGCAGCGCAAAATGATCTGCTCGAGCGCGGGCGGTGCCGCGGGCAGTTCCTCGGTGATCTTGTGCGGGGTGCCCTGTTTGATGAGTTGCTGCAGCTCCACCAAGTCTTCCGAGTCGAAGGGCGGCTTGCCGGCGATGAGCTCGTGCAAAATCGCGCCGAGCGACCAGATGTCGCAGCGGTAGTCGACTTCGCCCGAGGCCATGAGCTGCTCGGGCGACATGTAATGCGGCGTCCCGAACGACGAGCGCCTTCGCGTGAGCTCGACGCCGCCCACCTTGGAGATCCCGAAGTCGAGCAGCTTGATGATGGGCTTCCCATCGGAGCGCTGCGCGAGGAAAAGATTCGCCGGTTTGAGATCGCGATGCACCACACCGAGGCCGTGCGCTTCGGCGAGTGCCTCACAGGCCTGCAGCAGGTAGTCGACCGCGGTCTTCTGAGGGAGCGGCCCTTGGTCCGCAAGGAGCGTCTCCAGATCTTGTCCCTCGAGGAACTCCATGACGAGGCACGGGGCGCCATCGTCGAGGGCACCAACGTCGTGCACGCGTGCAACGTGCTCGCTCTTGATCTTCACGGCAGCCCGCGCCTCACGGCGAAAGCGTGCGACCACCTCTTCGTTCGATCGGTACCGGGGCAGAAGAATCTTCAGCGCAACGCGATGGTCGAGTTCGATGTGCCGTGCGGCAACCACGACGGCCATGCCCCCTACGCCAAGGACCGCCTCGACGACGTACTTCCCCGCCAGAATCTCGCCCGGGTGTGGAAGCCCGAGCGCCCTTCCGGAGGGCGTTTGTTCGGCCATGGTCATTCAGTTTCGTCCTCGAGCCGCGCCCCCATCGATCGATGATCGCCGCAGTTTACGCATTTTAAGTAGGTACATGCACAGTTGGTCAACGCAAGGCGGGCCGTGCCGTGTTCCCGGCCGCGGTATGAAATGGCCGTCCCAGCAGCATCCCTGGGCGCAAGCCTTCGCAGGCGAGCGCGGGGGCCGGTGACGACGTGCGGCCTGCTGTCTCCGATGTGCGGCCAATCGTCCGCCGTCCCTGTAGCAAATCACACCGGCTCCTAGCTATTTCGCCGCACATTTTGCGGGAGACGCTCAGCGCCGCACATCGCACGACAGTCCTCACCGCAGTGTCCATTGGATGCGCTCGACCATGACCGTTCCCGGTGGGTGACGCGGTCACGCTTCGCTGCGCGTGGGCACGACCGTTGCTGAGTAAGGGTCGTGGGGGAACCATGACACTGAACGAAATCCATCGAAGTTCGGTCGTGGAACTCGTCCCGGGGATGATGATCACGCCCAACGTGCGGCTCGTGCGCCAAATCGGCGAAGGTGGAATGGCGAGCGTGTGGCTCGCGCACCACGTGGGGCTCGACACGCAAGTTGCGGTGAAGTTGATGTCTCCTGCGCTGGCGTGCCACCAAGCCGCAGT
NZ_CP089929.1_gap73	2386558	2390735	4177	ACCGCCCGCTCCGGTGAAGGAGACGACGCCTCCTCCGGTGGCCGCGAAGGAGACGCCCGCGGCGCCGGCCAAGGTCGCGAGCCACGCGGCGAAGGACAACGTCATCGAGCTCGGCTCGGGGACGGGTTCGGCCGAGGTGAAGACCGATCCGCCGAAGCCGCGCTTGCCGAAGCCGAAGAAGCCCAAGGCCGAGGGCGAAGGCGGCTCGGACACCGCGGTGGAGCAATCGGTGGACGTGTCGTCCGACACGACGTCGTCCCCGCCGCCCGCGATTCAGGTCGACAGCAGCCTCGGCACCGGCTCCGGGGCATAGTTCAGACCGGAAGCTCGAGCTCGCGTTGCTCTTCCTTCGGCGGCTCCGGCTCCTCCGGGACGAGTCGAATGTCCGTCCGCGGGTTGCCCAGGTAGCGGCCGCCGTCGAGGGTCTGCATGAAGGCGATGAGGCCCTCGCGGATTTCGCACCGTAGATCGAAAGCGCGGCTGGCGTTGGCGGCGGAGACCAGGCAGCGAAGGACCATGCGGCGCTCGGTGGTGTCGGTGACCTGCAGGACGCAGAGACGTTGGTCCCAGTTGTTGCTGCCCTCGCAAATGCGGCGCAGCTCGATGCGGAGCTTGTCGACGGGCGTGGCGAAGTCGACGTAGAGGAACGCCGTACCGAGGATCTCGGTGGTGTTGCGCGTCCAGTTCTCGAAAGGCTGCTCCAGAAAGCGCGTCATGGGGATGACCAAGCGGCGCTCGTCCCAGAGGCGCGCGACGACGTAGGTCAGGTTGATCTCCTCGATGAAGCCGACCTCCTTCTCCACGACGACTTGGTCCCCGATGCGCATCGGCTGCGACAGCGACAGCTGGATCCCTGCGATGATGCCGGACAGCGACTTTTGCGCGGCCAAACCGAGCGCGATGCCGGCGACGCCTGCCGACGCCAACAGCGACACGCCCACGTTGCGCACGAACTCGAACTGCATGAGCCCGACGGCGATGGCCACGATGACGATGACCACCGAGGCCACGCGGCGGAGCAGCTCGAGCTGCGTCTGCACCGCGCGGTGCTTCATCTCGAGCTGCGAGCCGCTGGGCATCCGCTCCTCGGCCCAGTCCGCGCCGATGGAGATGGCGCGGATGACGAACCACGCGACCGAAATCACCAACCACGTGTACGCGATGTGCTGGATCGCGTCGTACACCGAGGCGGTGAGGTGCAGCTCGCTCAAGAGCTCCTTGACGATGACCACGAAGAGCACGCCACGAAGCGGGCGCCGCGCGGTTTCGACTAGCGCATTGTCCGCCGACGTCTTCGTGCGGAGCGCAAAACGTTGCGCCAGCCAGATGAACAAGGCACCCGTGCCGCGCGCGGCGGCGTAGCCGAGGACGCCGAGAAGCACCAGCCCGAGCCACTGCCAAAGGGCATTGCCCAGAAAGGTCGTGCGCGTCAGCCAAGGCGGAAAGCGGTCGGCCCACTCCGACGGCCCGTACGCCGCATACAGCGCAGGGATCATCGCGACGGTGCCGCGCGAGATCAGCCAGCGCCAGACGCCGTCGTTGAAACGGGCGCGCGCCAAGGTGACGGGGACCGTCTCGTCCTCCGCGATGATGTTGCCCACCGTCGCATCCTTGGCCTCCGCCTCGTCGGGGAGCTTGTCGGGGTCGACCGCCAGTTTGCGGTCGAGCACGTACGCGAGCTTGCGTGCGAGCTCGGGGCCATCGGTCGATTGCTTGATGCGCGGAATCGCATGCAAATCGAGGTAGTTGGCCGCGAGATCGTAATCACCGTGGTGGGCCGCCTCGAGGAAGCCTCGCATGGTGCGCTGCGGCGTCGCGCGATCGAGCGATGCGTTGGTCTTGGGCAATCCATCGTTGGGGCCGGCGTAGGCCACACCGAAGGAAAAGAGCGAAAGGAGAAAGAGCCATACAAAGGAAAAGAGACGCAGCGCGGGCATCACGGGCCCCAATTAGCCCGCATTTGTGCCCCGTGCCACAACGATGAGGGTTTGGGGGTTAGGGGTTAGGGGTTAGGGAACAGAACGATGAAAGAGGTGAGGGGACCTAAGCTTCGGCTTTCTCTGCCCTAAACCCTAACCCCTAAACCCTAACCCCTCACTCCCGGCACGAGCGTTGCTCTTTGTTCCTTGAACATCTCGTTACGGGGGGCTCACATGTTTTCAATGCGAGCACGCCGGTGGCTTGCCATCGGCGTATTGGGATTGGCCGGTTCGATCGGGGCATTCAGCGTAGGGGCCAGCGTGGCCGGACGACTCGAGAGGCACATGCACTCGGTGTCCGTCGCCAAGATTCCGGTGCACGACCTTGCGGTGCGGATCACGCGCGGCCAGAAGTAACGTTGCCGACACCGTCGAGCGCGGTACAAGCTTGAGCTGCAGCTTTCCGCGCAGCTCGTAGATATCGCTCGGCCCGTGTGAGGCGCTACACTCACCAGGAGGCCATGAACGCCAGGACCGACCCGAAGACCCGCGAAGCACGCGCATCGTCGGTCGATGTCCATGCGCTCCTCCGCGAGATCCTCGTGGACAAGAAGGCGGCCATCTTGGCGTCCGGTCAACAGGTGACGTTGGAGCTCAATGCGCGGCGCCCTCTCGTTAAAGGAGAGCGGGATACGCTGCACGAGTTTCTCGACCACGGGCTCGACACCGTGCTCACGGCCGCCGTACGAGGCACGCGCCTCGTCGTCGGCACGATGACCCTCGACCATCGCATCAAGGTGCGCATGGCGTGCGGCGAGCGTTCGTTCGAAACGGAACTTTCGACCTTCATCAACACCGACCCGCCAGCGCCATCGCCGTTGGTGGTGGCGCCCAGCGCGCCGGTACTTGCAGGTACACGTACCGTGTTGGTGGTCGATGACGATATCGATACTGTCGCGCTTTTGCGACGCGTGCTGGAACGTCGAGGTTACGAGGTCTTGGGGGCGACCAGTTTGGCCGAAGCGTTGATGGTAGCCGGCACTCAATCGTTCGACGTCTTGATCAGCGACGTCGGGCTGCCCGATGGCAGCGGTGTCGAGTTGATGGATCGTCTGGGCAGGCCTCATCACGCCATTGCCCTGACGGGCGTGAGCTCCGAGGAAGACGTCGCTCGGATCCGCGCAGCCGGCTTTCGCCAACACCTGACCAAACCCGTGAGTCTCTCCACCCTCGAATCCGCCATCTCCGAGCTTCTGAAATCGGCGTAACCTGGCCGATGCTCGGAGGTTGGCGGTGATACCCGTTCAGCCGTGCCCCGCCGAAGTGCCCTGCCGAAGCCCCGACTTGAGGAGCCAACCGTGCCCACGAAGAACAACGGCCAAGCCGACCTTACTTTAGCTACGCGAAATGGCCCCAAGCGCGCGAGCGCACCCTCCAGCGCGCCGGCCACGTCGCGCAAGCGCTCGAACGCCGGCCATGCAGGCGGGGCGAAAGACGACGACCGACCGACGCGAAAAGAGTGTGAGGCGCTGCTGGCGGCCATCTGTGCCCTGCGCGACGGCGACTTCTCGGTTCGTCTGCCCACCCGTGAGCCGGGGATGATGTTGGAGCTCGCAACGGCCTTCAACGAGCTGGCCCACCGCAACGACTCCATGGCGCGCGAGGTCGTGCGTGTCGGCCGCGTGGTCGGTCGTGAAGGCCGCATGAACGAGCGGGCATCGCTTCGGGGTGCCAAGGGCGCGTGGGCGAGCAAGCTCGAGTCGATCAACTCGCTCATTCTGGACTTGGTGCGCCCCTCGACGGAGGTCGCGCGCGTCATCACGGCGGTGGCCGGGGGCGACCTGTCGCAGAAGATGGTCCTGGAGATCGACGGCAAGCCGATTCGCGGAGAGTTCCTCCGCATCGGCGAGACGGTCAACACCATGGTCGATCAGCTGCGTTCCTTCTCGGCGGAGGTCGTGCGCGTCGCCAAGGAAGTCGGCACCGAGGGAAAGCTCGGCGGGCAGGCGCACGTGCCCGGTGTAGGCGGCACGTGGAAGGATCTGACCGACAGCGTCAACTCGATGGCCTCCAACCTGACCACGCAGGTGCGAGGCATCGCGGCCCTGGTCACCGCGGTCGCCGATGGCGACTTGACGAAGAAGTTCGTCGTCGAGGCCAAGGGCGAAGTCGCCGAGCTGGCCGACACGATCAACAACATGACTGACACTTTGCGGCTCTTCGCCGACCAGGTCACCACCGTCGCGCGCGAAGTCGGT
NZ_CP089929.1_gap74	2392203	2395435	3232	CCAACTTGACCACGCAGGTGCGCGGCATCGCGAAGGTCGTCACCGCGGTCGCCAATGGCGACTTGACGAAAAAGTTGGTCGTCGAGGCCAAGGGCGAAATCGCGGAGCTGGCCGACACGATCAACAACATGACCGAGACGCTCGGCGTCTTCGCCGAGCAGGTCACCACGGTGGCGCGCGAGGTCGGTACCGAAGGAAAGCTGGGCGGCCAGGCGCGCGCACCCGGTGTGGCGGGCACGTGGAAGGATCTGACCGACAGCGTCAATTCGATGGCCTCCAACCTGACCACGCAGGTGCGCGGCATCGTCAAGGTCGTGACCGCGGTTGCCAACGGCGACCTCTCGCAAAAGCTGCTCATGGAAGCGCAGGGCGAAATCGCCGCACTGGCGGTGACGATCAACAGCATGACCGACACCCTCCGCGTGTTCGCCGATCAGGTCACCACGGTGGCGCGCGAAGTCGGTACCGAAGGAAAACTGGGCGGCCAGGCCAAGGTGCCCGGCGCCGCCGGCACGTGGCGCGACTTGACCGACAACGTGAACCAGCTCGCCGGCAACTTGACCGCGCAGGTGCGCGCCATCGCCGACGTCGCCGTGGCCGTGACCAACGGTGACTTGACCCGAAGCATCGCCGTGGAAGCGCAGGGCGAGCTGCTCCTGCTCAAGGACACGGTCAACCAGATGATCGGCAACCTGCGCGAAACCACGCAGAAGAACCAGGAGCAGGACTGGCTCAAGACGAACTTGGCGAAGTTCGGCGGCATGATGCAGGGCCAGAAGAACCTCGAGGCGGTGAGCCGGCTCATCATGAGCGAACTCACGCCGCTGGTCTCCGCGCACCATGGGGCCTTCTTCATCGCGCAGCAAGAAGAGAACGGGTCGGTGCTCAAGCTGATTGCGAGCTACGCGTACAAGCAGCGCAAGAGCGTCTCGAACCGGTTCGAGCTGGGCGAAGGGCTCGTGGGGCAGGCGGCGCTGGAAAAGAAGAGCCTTCTGCTCACCAACGTGCCGCACGATTACATTGTGATCTCGTCGGGGCTCGGGGAAGCCTCGCCCTTGAACATCATCGTGCTGCCCGTGCTCTTCGAGGGCGAGGTACGCGCGGTGCTGGAGCTCGCGAGCTTCCGCGCCTTCAGTCAGATTCACCAGATCTTCCTCGACCAGCTCTCCGAGAGCATCGGCGTCGTGCTCAACATGATCGTCGCCAACATGCGCACGGAGGAGTTGCTCCTGCAGTCGCAAGGCTTGACGCAGGAGCTGCAGTCTCAGTCGAACGAGCTCCAGACGCAGCAGGAGGAGCTGAAGAAGACCAACACCGAGCTCGAGGCGCAGGCCGCCAGCTTGAAGGCCAGCGAGGAGTTGCTCAAGGCCCAGCAGGAGGAGCTGCAGCAGATCAACGAGGAGCTCGAGGAGAAGGCGACCTTGCTCGCCGAGCAAAACAAGAAGGTGGAGCAGAAGAACCGCGAGGTGGAGACCGCGCGGCGCGCCTTGGAGGACAAGGCGGCGCAGCTCTCGCTTTCGTCGCGCTACAAGAGCGAGTTCCTCGCCAACATGAGCCACGAGCTGCGCACGCCGCTCAACAGCTTGCTCATCTTGGCCAAGATGCTCTCGGACAACAAGGATCGGAACCTCTCGGACAAGCAAGTCGAGTACGCGCGGACGATTCACGCCTCGGGCACCGACCTGTTGAACCTCATCAACGAGGTGCTCGACCTGTCCAAGGTGGAGGCGGGCAAGATCGAGATTTACTCCGCCGAGGTGCGGCTCGCGGCCATCGAGGATTACATCGAGCGGAGCTTCCGGCCGCTGGCGCAGCAAAAGGGGCTCGAGTTCACCGTGGTGGAGGAACCGGAGATCCCCGAGTCGCTCAACACCGATGGGCAGCGCCTGCAGCAGATCCTGCGCAACCTGCTCGCCAACGCCTTCAAGTTCACCGATCGCGGCGGGGTGACGGTGCGCATCGGCAGTGTGCAGAATCAGCAGCAGTTCACCAACCCGGTGCTCCTCGATACCGCGCGCGTGCTCGCGCTAAGCGTGCAAGATACAGGTATCGGCATTCCGCGCGACAAGCACCAGCTCATCTTCGAGGCCTTCCAGCAGGCCGACGGCACCACCAGCCGCAAATACGGAGGCACGGGCCTGGGGCTTTCGATCAGCCGCGAGCTGGCACGCTTGCTCGGCGGTGAGATTCACGTGGACAGCGCCATCGGCGAGGGAAGCACGTTCACCCTGTTCTTGCCGCCGAGTTACCGCGAGCAGCCGCGTCTGACCAGCGGCGATTCGCGGCGTGACCTGCTGCGGCGGCCGGACACGGGCGAGGCCCCCTCGCGCGTCCACGCCGTCGTGGGCACGCACACCAACGGGACCAACGGCGCCGTCTCCGACGATCTGGACCAGGAGGACGATGGCCGCGTCTTCGCGCGCAACGGCTTCGATGCGGGGAGCTTCGAGGACGAGGACGTCGAGAACGAGAATGAGCTCAACGACGACCGCGACGCCGTCCAACCCGGCGACCGCGTGCTCCTCATCATCGAGGACGACGTCAAGTTCGCCTCCGTGCTGCTCGACATGGCGCGCGAGCGCGGATTCAAGTGCATCGGGACCCTGCGCGGCGACATCGGCTTGGCGCTGGTGCACCGGTTCAAGCCGGACGCCATCCTGCTCGATCTGGCGTTGCCCGTGGTCGATGGCCTCACCGTGCTGGATCGGTTGAAGCACAATCGCGAGACGCGGCACATCCCGGTTCACATCTTGTCGGGCACCGGAAAACGTCAGCGCGGGATGCGCCTTGGCGCGTTTGCCTACTTGGAAAAGCCGGTCACCAAGGAAGCACTGGACCAGGCCTTCGATTCGATTTCGCAATTCCTCGACAACGAAGTGCGGAATCTTCTCATCGTGGACAACGACGAGGCACTTCGCCACAGCATGGAGGAGCTCATCGGCCAGGGCGATGTCCAGACAGTGTCCGTGGGGACCGCCGAGCAGGCGCTCGAACTGCTCCGCAGTCGTCATTTCGACTGCATGGTGCTCGGCTTGGGGTTGCCCGACATGTCGAGCTTCGACTTGCTCGAGAAGATCAAGAGCGACGAGGATCTGCAGGAGCTGCGGGATCTGCCCATCATCATTTACACCGACAAAGAGCTCACACCCGAGGAAGACACGCGGCTCAAGAAGTACGCCGAGACCATCATCCTCAAGGACGTGAAGTCGCCCGAGCGCCTGCTCGACGAGAC
NZ_CP089929.1_gap75	2470941	2474150	3209	CCATCGGCGCCCGTGGGCCAGCTGGAAACCAAAAAAATAGCGTTCCGTGCTGCCTCGATCCGGAACTCCTTCCCGTCTTCCCGTCTTCCTGTGAACTCTCTCTCTGGGAGCAGCGTCTAGAATGTCGTCCCGAAGATCGGCACGAGCATCGGCTTCGGGAGGCTCGCTGCGGCCGCGGTCTCTTCCCGGAAGGTCGGGAGGCGTGGTTGGCCTTCGGCCTTCTTCCCATCGAAGCCCGTGAGCCATGACACTTTGCGGGGCTCCAGGGATTGCGTCACCTTGGTGCTCGAGTTGCTCGTCATGAGCAGGACGCCGGTGAGAACGCCCACGGCGCCGCCGCCGAACATCGTCCAGCCGACCGCCTCCGCCGAACCCGTGTTGCCGGTGTTGGCGGCGTTCGCCAAGGCTACGACCAACAGCGTGAACCCGCCGATGACGAAGAAGAGCGAACCGAGGCTGATGAGAACGATGCCGCCCGCGAAACCACCCTTCGACGCCGTGTCCACGTCGAGCACCACGCGATCGCCGTTTTGCCCGCCCAACATGAACGCGCGCGATGCGCGTACGCCGTCGCCCACGATGCGGTAGCTCGGCCCGATGGGCAGCGCCCGATCGCATGGCGTCGAGCACACCGCAACCCAGCCGCCGCGCATCTGCTCGATGGCCACGTCGCCGCCATCGATGTGCACCGTCACGCTGCCCGACGGCTCCGTGGTCACCTGCGGTGCCGTGGCCGAAGGCACGGGCGCTTGCGGAGCGCGCGACAGATCCACCGGCTGCCCGTTGTGATCGATGCGGGCCACGAAGGACCAAAGAATCCGCGCCGACTGCCCCGTCGTCAGCATCACGGTCACGTGATCGCCCACGACGATCTCGCTCAGCGTTCCGCGAAGGACATTATTGTCCTTGAGATAAACGGCGTCCGGCCCGGGCTGCGCCGCAGGCCCTGACTGCGCAAACGCCGAGGGGGCGAGTGTCGTCAGGTACGACGATAGGACAAGCGCGGTGACGATGTTCCGTCGAAAGCTATTTGGCATTCGCACATCATCGGGCTTCCCAGGGGCTTAAGTCCACAAGCAGCCGAGTCCGCCCGACCAAGATTTCGTCCCCATCGAGCAACTCGCCCTCTCCCTGGAGCCGCACGAAAACCCCGGTGCGCGAATCGAGATCCGTCAAAACGACGACCTCCGCCTGCTCTTCCAGCACACAATGCTGTTCGCTCAGCAGCGGATCGTTCGGGCAAACGATATCGCCAATCGCCGATCCAATCTGCACCATGCCGCCCCGCGCCACCGCGCACGCGCCCACCGCGCCGCCTTCGAAAACCTGCACCACCCGAAACGCCGATGGCCACTTGGGCGAAGAATAGAAATACGTCGGGTCGGGATCCGGCTCGTCGTCGGCCACGGGATTCTTCTCCACGCGGAACAATTGATCGCCCACGATGAACTCGTCCCCGGCGGTCAACTCCACCCGCGATCGAATCCTCAAGAAGGCGCCGTTGCCGCCGTCGAAGTCCTCGAGCCAGAGGCGCCCGTCCTCGAAGCGGAAGACCGCTTCCTTCGGATGGCAAAACGCGTCCGAGATCTGAATCGACCCATCGCGCCCGATGATCGCTTCCTTCTCGTGCACGCCGTACTTGTCCGGCCCGCCCACCAAGCTTCGTTGCACCAGGAGGTGGAACAGAACCTCTTGGCTCTTGTTGGCGGCGCCCCAGGCCACGCTCGCGGGACCCGCACCGAGCGCGGCGAAGGCCGCCGTCGGGTCCACCACCGTGGCCGGAGCCGTCTCGCTGTCCGGCGGAGCGATCACCGGCTCCGAACCTGGCGCCTCCACCACGGCCGGCTGGGAGGGCGCGGCCGCGGGCGCGGCTGCCGGCATCGAAAGGCTGCTCGGGATGGGCTCCGCCTTCAGCATCGCGGCGCTGGATGCCGAAGCCATTTCGCCCGGCGCGCTGTCCTTCGTCTTACGCTTCGTGAGGCGTTTGACGTCGACGTTCGGTGGCTCGGTGAGCACGTCGATGCCGCCCATGGCGCGGCCTTCGATGACCTCGTCCCAGCGGCCTTCGCGCAGCATGAGCAGCATCTCCATGTGCTGCCCCTTCATGAGCGTGCGCACGAACAACGCGATGTTGTCCTCGCGGCCCACGTGCTCGCCGTAGTTGCGCTTGTGCGTCTTGATGATGCGCCCGCCGTCGGCGAACAGGTGCGTGATGATGTGCGGCTTGTCGAGCCCCGAGTCCTCCGTCTGCACGTGGAAGACGCGGCCCTTGTACTTCACGTTGTTGTTGAAGCCGACCTGCGCCCGGGCAAACGTCGCCGGCTGCATCTGCCGCTCGAACTGCGAGATGGCATTGCCGTCGAAGCGCACGATGGCCTGCTCGAGCAGGCTGTGGTTTCCGTCGATGCCCTCCATGCGCTCGAAGGCTTGCCGCGCCACGGGCGACGCCGGGTCGAGCCGAAGCGCTTCGGCGAGCAGCTGCTGCCCCTCGGCGTCGTTCGGGCCCGTGGACGCATAGGCGCAGAGAACCATGATCGCGTCATCGACGCGCGCGCGGTCGACGAGCCACTTGGCTACTTTCGATGCGCTTGTACGCCCGCTCACGACTGCGGTCATCTCACACAGAGTTTATAGCAAGCAATGCGTGCTTGTACGATTCACGGTGGATTTTTGACGATCTCGTCGATTTCGACCACCTCGAAGGCCGACCCGGGGATCGTTTTGAGCTGACCCAGGTCGTCGTCGTCCCACTTGGAGTTGGCCTCCCCCGAGAGGTACCAACTGGACCCATTGTCCGCGAGAAACATGCCGTATCGCCGCAATGCGGTCAGCACGGCCTTCGCGGAACCCCGGAATTTCGAGGTGTCGAAGCTGGCTTTGAGCCGGAACCTGGCGCCCATGGGCGGAGCGTTGGCGTCCGAAGTACTCCCGGCCGCGTGGGTCGCTGGCCGGACGAAGGCGTTCTGGGTCCGGTTGGCCGTGAACCGGAGGGCATGCCGGATTTCCCCGGCGGCTGCCTCTTCGTGCCGCACGAGCCCTGCCAGGATGGGCAATCCTGCGGCGTCGGCCGATGTCCACCCGTCTGGGCGCAGCTTGTTGGACCGCAGGTCGAAGACCGCCCCGGAGTAGGCGTGCCACATGTCCGATTTGGGCTCGGCCGCGTACAGCTCGTAGAGAACGCACCGCTCGCGGTCGATGGCGAGCACGTG
NZ_CP089929.1_gap76	2597100	2600886	3786	GGTGACCGACATGGCGCGCGTCAACTCGTCGTACCGCGCCGCAATGGGAACCGTGACGGTGAACGGCCCCGGTTGAATCGTCGCCACGTTGGCGAGCGGCGGGAGGCTCGACGCCGGTGCATCCTGTGTCTCCGCGCAGGGAAGGGTTACCGACGGTGCCACCACCAGCGCGAGATCTTTCTCGAGGCCATCGGCGATCACGGTGGGACCGGCCTCCACCCCGAGCACCTTCAGCATCGCGCAGCCCTTGGCGTCGCCGATGGGGATCTCCAGCGGCTTCGCCACGCGCGCGTACGCTTCCGCGAGCGTCGGCCGCAGGTCGTACTCGAACTCCGTGAGCTTCTGGTGCACCTGGGTGCGGATGGCCTCGAACACACCGGCAACGGAATCGGCCACCCGAAGGCGGCGGTCCGTCGAGGTGACCTTCACGTCGATGGACTGAAGCTTCACCTTGTAGTCGGTGTTGACCACCGGCTCCGCGGCCACCTTCAGATCGATGGGAAAGTCGAGCGACCCCACGCGCACGTCGACCTTGGCATCGACCCGCGTGTCGAGCACCAGCCGGCCCTGCGAAAAGCTCACCGCCAGCGGATTGCGCGTCCACGAATAACGCCGCGTGGTGCCGGCGAGCGGAAAATCCCCATCGCCCTTGCCGGGCACCGTTTCATCGAGCGATGACCGGAGCGCGCCCGAGGTGACCGACACGTGGGTGACGATGCGGGCGGGCGCCGGATCGGCCACGGGTGTCGCGGGGGTCTCCGGCGGGCGCGGCGGATACACCGCCCCAAAGCGCGAACACGCGGCGAGCGCGACCGTCGAGAAGAGTGCAAAGCGTGAGATGCGAGCGAGCCTTTTCATGACTGAAGCGGAATGTATACGCGGTCCTGCCCGCCGTGGAAACGGCGTGGAAGGCGGCGTGGTTGGCGTAGAGTAAAGCCGTCGAGCCGCACCTAAACGCACCGGAGGTCCACCATGATCGGAGTCGGGCAACGTTTTCCGGATTTTCGTCTCGAGAACCAGGACAAAAAGGAGGTAGGCCTCGGAGATTACCGAGGAAAATGGCTCGTTCTGTACGTGTACCCCAAGGACGACACCCCCGGGTGCACCGTTCAGGGTAAGTCGTTCACCGCCACCAAAAGCGAGTTCGAGAAGAATGGCATCACCGTCGTCGGCGTCAGCGCAGACGATGCGGACTCGCACAAGAGCTTCTGCTCGAAGTACTCCTTCACCATCGATCTTCTGGCCGATCCCGAGGCCAAGCTGCTCACCGCCGCAGGCGTCGGGCAAAGCGATTACAAAGGGACGCTGTATTGGGACCGCACGACCTTCGTGGTCGATCCCACGGGCATCGTGCGCAAGGTCTACACCAAGGTAAACCCGCAGGGGCACGAGCAGGTGGTGCTCGACGACATCGTCAAACTGAAGACCACGCAAAATTAATGCAATCTGCACGCGATCTCGAAGGCCGTACCTTTCTGGTCACCGGCGCCAGTGCGGGCATCGGGCGCGCCACGGTGTGTGCGCTTGCCGCGCGGGGTGCCAGCGTGGTGCTGGCCTCGCGTTCGGAAGAGAAGACGCGGGCGGTGATGGAGGAAATTCGGCGTTTGCACCCTGCATCCTCGCAGGCGGACGTCGAATTTCTCCCCGTCGACCTGGGCGATCTCGGCTCGGTGAAGCGCGCGGCGGAGACGTTTCTCGCGTCGTCGCGACCGCTGGACGTGCTCATCAACAATGCCGGCCTCGTTGGCGCCACGGGGCTGTCCAAGGACGGCTACGAGATCGCGTTCGCGACGAACCACCTGGGCCCATTTCTCCTCACGAAGCTGCTCCTGCCGAAGCTCGTCGAGGCTCCCCAGGGGCGCGTGGTCAACGTGGCCAGCCGCGCGCACTTTCGCGCGAAGGCCGTCGATTGGGGGCAGATGTCCCTGCCGGTGAAGAAGATTCATAGCTTCACGCAATACGGCGTGACCAAATTGATGAACATTCTTCACGCGAAGGAGTTGGCCAATCGCCTCGCAGAAACGCGTGTGACGACGTATTCGCTTCACCCGGGGGTGGTGGCTTCCGAATTGTGGCGCGAAGTTCCTTGGCCCGTCGCCAATGTGATGAAGCTCTTCTTCATCTCGAACGAGGAGGGCGCGAAAACGACGTTGTATTGCGCCACCGCGCCGGAGCTGTCGAGCAGCTCCGGCCTCTATTACGATGATTGCAAAGAGGGGCGCGTAAGCCGTCTCGCCCGCGACGAATGCCTCGCACGGGAGGTCTTCGAGCGAAGCGAGGACGCCGTCCGCACCCTGCTGCCGGCCGCTTCGGCGGCTTAGCCGGCGATCCGGAACCGGTCACAAGTCCGACGGGGTAACGGCTGGGAATTTACAGGGAGATCGGGAGCAGTGAGTTTTGGGTGCCCGAGCGACTGCGTTGAAAACCAAGAACCCTCCCGATCTCCCGATCTCCCTGTTCAATCTCTTATTGGTCAGTGGGGTCTAACCCGTCTGCTTCACCAAGTCGGCAAAGACGGCTTTGCGAAGTAGCGGTGGCGGAACCAGGCCTTGGGCCAGCACGAAATCGTGGAAGGCCGCGAGGTCGAACCGCTTGCCCATGGCCTTCTGCGCATCGGCGCGCAGCTCCATCAGGCGCATGTAACCGTAGAAGTACGAGGGTGCCTGGGCGGGCCACCAAAAGGTGTAACGCTCGACGGCCGAATTGGTCCAGGCCTCGGAGAAGACGGCCTCCTCGTGCATCACGCGGTGCGCCTCGCTCGTGCCGATGAGCCCTAGATTGAGCTCGATGTCCAGGAAGGCATGGGCGGCGCGCATGAGCCGCGCTTGCAAGCAAATGAGTTGGCCGTCGAGGGGCATGTAGGGCCGCATCATGTCCTCGGCATAGAGTCCCCAGCCCTCGGCGTTGACGCTATTGAACGCGAAGATCGCGCGGGCAATGGAGATCTTGCGCTCGATCATCGTCGAATATTGAAGCTCGTGCCCCGGCCGGCCCTCATGGGCGGTGAGCCACCAGGATGCGGCCTCATAGCTGAAATCGTCCAGCCGCTTGGAGGGATCGGCCGCGAGCTGCTTCGGCAGAACGAATTCACCCTGCTCGCCGGTGTTGCCGATGATGCGCGGGCTATTGAAGAACGGCGCGGGGACCCGCGCGCTTTCGGCGTCAGTCGCCAATCGAATCTGCATGGCCCGTGCGGGCACGGTAATCAGGTGTTCGCGCCGAAGAATGGCCTCGATCTCCGGAATGCGCCGGCGGTACGTGGCGAGCAAATCGTCGCCTTCGAGCTGCGTCTTTTTGAGCGCGCGAATGACGTCGCGGTAATCCGTGACCGAAAGACCCTTTTCGCGCGCCACGCGCGGGGCGAGTTCCTGCATCTCGCGCTGGACGCGGGTGAAGGCTTCGCGCGCCTTGGCCGCGACCTCGCGGGGCGGGGCGTCGATGCCGGCCTCTTTCAGCGCGAGCCGATAGAGCTCGGGTGGCTGACGGAAGTCCAGGCGGGCGCGCGGCAGAATGTTCTCGCGCACGAACTTCGTATACGCGGCGACCTGCTCGTTCCAACGCGCGAGCGGTTCCTCGTAGCCGGGGATGGCGTACTTCTTCAGGAGCTTGCCCACACCCTCGGTCATGATGGGCATGGTCGTGAGAACCTTTTCGACCCGCGCCTTGGCCGGAAAAACGAGGCCCGGGCGATCGAGCCGTTCGCGCGTCCGCTGGATGGCGAGGTCCACGATCGAGTGCTGCCCTGCGGTCATGCCCGCGTAACGGCGCAGCCGAACCACGGCCGCG
NZ_CP089929.1_gap77	2604019	2608736	4717	CTTCTTTTGGCCCTGGCTGGGCTGCTCGCCGCGGATGGGACACCTCTTTTCGTCATTCATATCGTGATGGCCCTCCTCGTCGCATCGGTGTGCATTCGAGGCGACCATGGACTGTCGAAGCTCTTGGATATTCCGGTGTTGCGGCTCGTCGGCGTGGTCAGTTATGGGATGTACCTCTTTCACGTATCGGTGATTACCGGGGTCAAATGGCTGCTGCCTGACGCATGGCGTTTGGCGCCGGTCCTTTTCGTCCTGGCGACGTGCATTACGTTTGCACTCGCGTGGGGCTCGTACCGGTTTTTCGAAATGCCATTCCTTGGTTTGAAAAATCGATTTCGTTCCTAACCAGCGGCGCTATACCTCTCGCGAAGAGGAGGCAGCACCATGATCCGACTTTCGCTTGCCGCTGCGCTTGCGCTGACGGCGTGCGCCGCGAATTCACCGCCCCAGCCGGCGCATTCGCCGCAACCGCCGCATCTTAACGCCGCACATGTCGATGCCATTGCATGGCAACCGGGCGCCCGCCTGGTGGATCTTTCGTATCCGTACGACACCACCACGGTGTATTGGCCAACCGATACGAGCGGCTTCGTGCTGGACAAGCTTCATTGGGGCCAAACCGAGGGCGGCTATTTCTACGCCTCCGCGAAAATGTGCAGCGCGGAGCATGGTGGAACGCACCTCGACGCGCCGATTCACTTCGCCGAAGGCAAAGCGACGGCGGACAAGATTGCATTGGACCGATTGATGGCCCCGGCGACGGTCATCGACATTTCTGCCGCAGCCGCGCAAAACCGCGACACCTTGCTGAGCGTCCGCGACATCGAAGCCTTCGAGCGCGCCCACGGCCGCATCGAGCCAAAGACCATCGTCCTCGTTCGTACCGGTTGGTCCGAACGCTGGCCCGATCGCAAGCGCTACCTCGGCGACGACAAACCGGGCGACGCCTCCAATTTGCATTTCCCGGGCATTGGCGAAGACGCCGCCCGCGCCCTCGTCGCCCGCCAAGTCGCCGCCGTGGGCATCGACACCGCGAGCATCGACAACGGCCCGTCCAAGACGTTCATGACCCACCGCATCTTGCTGGGCGCCGACATCCCCGCTTTCGAAAATGTGGCGTCGATGAAGGAGCTGCCACCGCGGGGCGCTTTGGTCATCGCGCTGCCCATGAAAATCGGCGGCGGCTCCGGCGGCCCCGTCCGCGTCGTCGCCGTCCTTCCTCCCCGTTAACCATAAGAAAATTTAACAGGGAGATCGGGAGGTTTTTGGGTTTTCAACGCAGTCGCGCTGACACCAAAAACTCACTGCTCCCGATCTCCCGATCTCCCTGTAAATTCCCAGCCGTTACTCTGCCGGGCTTGCGAGGGGTTCTGGGCCGCCCTCGCTCGGTGGAATCGACGCGGTCTTCGGGGCCTTGCGGCGTTCGCGGACGGACTCGATGAGGACGTACAAGACCGGGATGAGGAGGAGGTTTAGGAGGGTCGAGACGATCATGCCTCCGAGGACCGCCGTGCCGAGGGAGTGGCGGGCGGCGCGGCCGGCGCCGCTGGCGAAGACCAGGGGGAGGCCGCCGAGGATGAAGGCGAGGGACGTCATGAGGATGGGGCGCAGACGGGTCTGTGCGGCCACCACTGCGGCGTCGAGGATGGTCTCGCCGCGTTCGCGGAGTTGCTGTGCGAACTCGACGATCAGAATCGCGTTCTTGCTCGACAGGCCGATGAGCATGACGAGTCCCACTTGGCAGAATACGTCATTTTGCAGCCCGCGCGCCCATTGGGCACCGAGTGCGCCGAGAACGGCGACCGGAACACCGAGCAAGACGATGAGTGGGAGGGCAAAGCTCTCGTACTGCGCCGCGAGCACCAGGAACACGACGAGCAAACCCAGGCCGAAGAGCAACGTGGTCTGCTTTCCGCCCTCGAGCTCCTCGAGCGAAAGGCCGGACCAGGTGAACGTCATCGTGTTGGGCAGATCTGCTGCGAGCTTTTCCATGTGCTCGATGGCCTGCCCGCTGCTGAACCCATCGCCCGACGTTCCGTTGATCTCCGCCGAGCGGAACAGATTGTAATGGCTGATGACCTGTGGGGCGACGGTCTCGCGAACGTTGATCAACGTTCCGAGCGGAATCATCTGCCCCGACTCGGAGCGCACATAGAATTCGCTCAGGTGCTCGCGTTGCGCGCGGAAGCGGGCGTCCGCTTGCACGTACACGCGGTACGAACGGTTCGAGAAGTCGAAGTCGTTCACGTATTGCGAGCCCATGAAGACTTGCAATGTGCTGAACACCTCGTCGAGACGCACGTTCATCGCGCGCGCCTTGCCGCGGTCAACCTCCACCACCAGCTGCGGATCGTTGGCGCTGTAGGTCGAGAACAGGCCTTTGAGCTGCGGCTCCTTGCTGCCTGCACCAATGAGACCCCAGGTCCCGCCGGCCAGCTGCTGCAAGCTGGACCCGCCGCGATCGAGCACCTCGAATTGGAAACCACCGAGGTTGCCGATGCCTTGAATCGGCGGGGGCGGGAAGGCGACGACGAAGCCCTCGGGGATCCCGAACAACGCGCCGCGGGTGCGGGCGATGACCGAGGCCACGGAGTGCTGCTCGCCACGGCGCTCCGCGAACGGCTTCATCATGACCCACATGACGCCCTTGTTCGCGCCGTTGCCGGCGAAGCCGTATCCGACGGCGGCGAAGGCGCCGAGCACCTCGGGCTGCTGGATGAGAACATCCGTCGCTTTGTTGAACACTTTGCTCGTGTACTCGAGCGACGAGCCCTCGGGCGTCTGCGCGGCCACGATGAAGTAGCCTTGATCCTCTTCCGGCACGAAGCCGGTCGGAACCACGCGGCTCATCCAGTACGTCACGCCGAGCGAGATCACGAAGGCCACCGTGACGGGCCCGCGCCATCGCAAGGACGTGCGCAGCACCCGGCCGTAGCGGTCTTTCACCACCTCGAGCATGCGCTCGAACCGCTCGAAGAACGCATTGACCTTGCCATGCGGCCGCAGAAGCAGCGCGCACAGCGCGGGCGTCAAGGTGATGGCGTTGAACGCCGAGATGGCCACCGAGATGGCAATGGTCACCGAGAATTGCCGGTAGATGCGGCCCGTCGTTCCCGGGAAGAAGGCCATGGGCACGAACACCGCGATGAGCACCAGTGACGTGGCCACGACCGCGCCGAACACCTCTTTCATGGCCGCGCCGGCGGCCTCGCGCGGGCTCATGTGCTTTTCGCGCATGAACCGCTCGATGTTCTCGATGACCACGATGGCGTCGTCGACGACGAGGCCCGTGGCCAAGGTGATGCCGAACAACGTGAGCGTGTTGATGGTGAAGCCGAACGCCTTCACGAAGGCGAACGTGCCGACCAAGGACACCGGGATGGTGATGGCCGGGATGAACGTGCTCCGCCAGGTGGCCAAGAAGAGGAAGATGGTCGCGATGACCAGCACGATGGCAACCGCGAGGGTCTCGACCACGTCCTTGATGGAGTCCTCGACGAACGGCGTCGAGTCGAAGGCCACCTTGTACTTCAGACCGGGCGGGAAGCTCTTGGAGAGCCGCTCGAGTTCGGCCTTGACGTTGTGGGCGACGTCGAGCGCGTTCGCGCCCGGCAGCTGCAGAACGCCCATGCCGATGCTGGGCACGTTCCGATAGATGGCCGAGAGGCTGTAGTCCTCGGCGCCGAGCTCCGAGTGACCGACGTCGCGCAGTCGCACCAGCGTCCCGTCGCTGGTGGACTTCACCACCAGGTCGTCGAACTCCGAAGCGTCCTTGAGCCGGCCGACCGCGCGCACGCTCACCTGGAATTGCTGGCCGCTCACCGCCGGCTGCTGGCCAAGCTGCCCGGCCGCAACCTGCACGTTCTGATCTTGCAGCGCCCGCACGACGTCGCCGGCGGTCAGCTGCCGCGTGGCGAGGCGCGCAGGATCGAGCCAGAGGCGCATCGAGTATTTGCGCTCGCCGAACATGGGAACGTCGCCGACGCCCTTGACGCGTTTGACCTCGTCTTTGACGTACTGGTCGACGTAGTTGCTGACGAACACGTTGTCGTAGACGTCGTTCTCCGAGTAGAACGCGATGCCCAGAACGAAGGCCGCGGAGTTCTTTTTCACCGAGACGCCGGTGACCTTCACCTCGTTCGGCAATCGACCCGTGGCCTGCGACACGCGGTTCTGCACGTCGACGGCGGCCAAGTCGGGGTCGCGGTCGACGTCGAAGGTGACGGTGATGGTGCTCACACCGTCGTTCGTGCTGGTCGACTGCATGTACTTCATGCCTTCGACACCGTTGATCTGTTGCTCGAGCGGGGTGGTTACCGCGCTCTCGAGGACCTCGGCGCTGGCGCCGGTGTACGTGGCGGTCACCACGACTTGCGGCGGCGCAAGCTCGGGGTACTGCGCGATGGGCAGCGATGGAATGGAGATCGCGCCCGCGAGGACGATCAGCAGCGAGCAGACGCTCGCGAATACCGGACGGCGTATGAAAAATTCGACGAACACGGCGTGCTCTCCTTATTTCGCGTCCGCGGCCTTCTCAGCTGTCGGCGCTTCCGGCGTGACGGGGGCTCCATCGCGGAGCTTTTGAATACCGGCGGTGACGAAGCGTTCGCCCGGCTTCACGCCGTCGAAGACGACCACGTCGTTTCCGGTGGTCGAGCCCAGCTTGACCGGGCGCTGCGCCACCGTGGGCGGATTGGCATCGTTGAGAACGTAGACG
NZ_CP089929.1_gap78	2770702	2773302	2600	CATCGAGGTCGCCTACGGCTCGAAGCAGGACGTGAAGGTGGAGCTCGAGGCGGTTCCGCCGCCCGCGCCCCCGCCGCCGCCCCCGGTGGCCGAGGCGCCGCCGCCCCCGCCGCCGGAGACGCCCGCGCCTGCGCCGCGCAGCAAGGTGCCGGCCTTCGTCACCGGTGGTGTGGCCCTCGCCGCGGCGGGTGTCGGCACGGTGTTCGGCATCATGGCGTTGAGCGACAAGAGCGACTTCGACAAGACCCCGACGAGCTCGAAGGCCGACGACGGCGAGAACCACGCGCTCATCGCGGACATGGCCATCGGCGTGGCGATCACGTTGGGCATCACCAGCGCGGTCCTCTTCTTCAGCGCCGAGGAGCCGGCGGCAAAGCCCGCCGCGAAGGCTGCTCCGCGTAAAGTGATCGCGGCCCCGAAGGCGCCGCCGGTCACCATTCGGCCGACGCCGATTGTCACCCCCCACGGCGGCGGCGCTGGTGCGCTGATCCGCTTCTGATCTTCACGAGCGCTCGAGGACGACCACGATGAACAAGATGATGCTGAAACGCTTTGCCTTGCTCGTGCCCTTCGTTGCGGCGATGATCGTTGCGGGCTGCGAAATCGCAGTGGACTTCGATCGAACGAAGATCCCCGTCGACGACGGCGGCGCGACGGACACCGGGGTACAGGACACCAGCACCCCGACCGACACGGGCACCGACACCGGGACGGATTCCGGCAACGACGCTGGCAGCGATGCGGGCGACGCCGCAGCGGACGCTGACGCCGCGGGCTGATCGCTCGCGTCACGCTGAGAAAAGGAGCGCACGCGTCGAGACGCGTGCGCTTCTTCGTATGCGCTTCTTTACGAGCCCGCCTTGGCGGAGAGCTCTTGCAGCGTGGTGGCGATGCGCTCCACGTCGGCCGGCAAGGTGATGGGCAGGTTGGCGCGTCGGGGGCTCACGTCGGCCAGCGTCTTTTCGTGGTAGCCGAGTTTAAACTCGGTGAATTTGAGGCCGTTTGCCGTGGAGACGACGACGACGCGGTCGTTCGAGCCGATGAGGCCGCGGTCGCGTAGCTTGAAGGTGCACGCGAGGGCGACGCCGGTGTGCGGATCGGTGTAGAGCCCCGTGCGATCGGCGCGAGCGCAGGCGTCGGCCAACTCGTCCTCGCTGGCTTGCTCGACCACGCCGTTCATCGCCTTCAAGGCCGCCATGGCGCGCGGTGCGCTGACCGGGTTGCCGATTTGAATCGCGCTCGCGTGGCTCTTCTTGGCCGCGATGGCTTCGACCTTTTCCGAGCCGGCCATGAAGGCGCGGTACATCGGGTTGGCATTTTCGGCCTGCGCCACGCAGATGCGCGGCAATTTGTTGGTCAACCCGAGGTCGACCATCATGCGGAAGCCCGCGTAGAGCGCGGCGGCGTTCCCCAGGTTGCCGCTGGGGAGCACGACCCAATCGGGCACTTCCCACTCGAGCTGCTGCGTGAGCTCGATGCCCACGGTCTTCTGCCCCTCGATGCGCAGAGGGTTCATCGAGTTGGCCAGGTAGATCAACCCGCGCTTGGCGAGCTCGCGGATGACGGCCATGCAGCCATCGAAGTCCGTCTCCAGCGCCAGCACCGTGGCACCATGCGCGAGCGGCTGCACGAGCTGCGCCGGCGAAACGAGGCCGCGCGGCAAGAGCACCACCACGGGCAGCCCGGCGATGGCCCCGTACGCCGCCAGCGACGCCGATGTGTCACCGGTGCTCGCGCATGCAATGACCCGCGTGTTGTGCGCGCCCGTGCGCAGCGCCCAACGGAGCACGCTCACGAGGACGGTCATGCCGAGATCCTTGAACGAACCCGTGTGCGCGTTTCCGCACTGCTTCACGTACAGCTCGGGAACGCCGATCTCGGCGCCGAGCCTGCGCGCGTGAAAGAGGTTCGTCGCGCCCTCGTAGGTGGAGACGATGAGGTCGTCCGGCACCTGCGGCGCGATCCATTCGCGCTTGCCCCAGACGCCCGAGCCATACGGGAACTCGTGCCCGCGGTAGCGCAGATCGAACAGCTCTTTCCACTGACGCGGGCTGCGATCGCGCAGTGCCTCGATGTCATGGTGCACCTCGAGGAGGCCGTCGCACGTGGGGCAACGGTAGATCGCTTCGGTGAGGGCGTGGGTGCCGGGGCAACCGGAGAAGCAGCGGAATTGGGCTCGGTAGGTCATGGGGTCACGGGGGCGGAAACGGCGGAGGCGACGGCCGGCCGAACGCAGCGCAGATAATAGCGGCTATTTCCACTGTCGTACGGCCTGCATGCCATGGTCTTCGGACAATCGGCGTCGGTGCAGCAGATGTCCGAACAGTACGGGTTGCCGGCGCTGTCGCGGAAGCAGTGCCCACCGATGCAGTCGCCATCGACGACGCAGCCGTCGCCGGTCGGGATGGTCCCCTTCGTCCCGGAGGGCGTGCATGCCGAGCTCACCTGGAGCTTCTCGCGCGGCTTGATGTTGTCGCACGTCGTTCCGCACTGGCTCGAGCTGCAGCACGGGGCCCGGCACGCGGGGTTCTCGTCGCAGACGCCTTCGCCGCACGGCGGGCAGTTTCCGAGACCGAGCAAACCGCAACCGGCGCTGGCCT
NZ_CP089929.1_gap79	2919412	2923074	3662	AACTTGTTGAACCCATGAGGTCCGCGCATGACCGCGAGGAAAACATGGGCCATCCCACCCGTGCCGAGTTCCGCGACGAGGCGATACTTCCCGACCATTGCCGGAAGAGCCTGAAAAGTTTCGTTCTGCTCCGCTCCCATCCCCGTCCTATGTTCGTCGGATTTGCTTCCAAAAGCCATGGCGAAAGCGCTGCACGGGGAAGTTGGACGTAGGTTTTTACGACAACGCGTCAAATACGTCGGACGCTGTCCTACCTACGCGAAGGGGCAGCATCGTGTGAGACCAGAAAAGTGCGTTCATTTGACAACGAGCGACACAAAAATTGCCTGCAGATTGCAAGCAACCCGCGTGCACGAAGGCCGACAAACATCACGGAACGAGGCAATTGATCGATTCATGGAGTCGATTGACGGCTCCTGAGCTTCCGGGCACCATCCACGGCAAAACGTCGGACGGCTGCAATACGGAAGAAGGCGAAGAGCAGGAAGAACTTGAAGAGGCGATTATGAAATCGAACAAGTGGGGTATCATCGGATGTTCCGCCGTATTGGCCGCCGGCGTGATCGGGAGCGGCTGCAAGGGCAACTCCGAGTCGCAGAAAGCGACCGCAGCAGCATCGGCCGCCACACCTGGCGCAAAATCCCCAGATTCCCCGTTCGTCGTGGGGATGGTGCTCATCGGGCCCTGGAACGACCATGGGTGGAACCAAGCCCATTATGACGGACTCAAGACTGCGCTCGCCAAGATTCCGAATACGAAGTTCGAGTACGTCGACAAGGTAAATCCGGCCGACCGTCCGAACGTCAAGGGCTCGCAAGTCGCCGATGATATGATTTCACATGGCGCCAAGTTCATAGTCTTCAATTCTGACGACTACAAAGATGACGCGCTCGACACGGCAAAGAAACATCCGGACGTCGGCGTGGTGCACGTCTCCGGCGACTACGCGTGGAAAGACGGGCAGAATTTCAAGAATCAAAAGAACCTCGGCAACATCATGGGCGATATCGAGCCCGCCGAGGCCATCGGTGGTTGCGCCGCCGCCCTTTCCAGCGAGACGGGCAAGATCGGCTACCTCGGCCCGCTCGTGAACGACGAGACGCGCCGCATCGCGTCCTCAGCATACCTTGGCGCCAAATATTGCTGGGAGAAGTACCGAAAGAAGCCGGCCAAAGATCTCACCTTCAAGATCACGTGGATCGGTTTCTGGTTCAACATCCCCGGCCAGACGCTCGATCCCACCAAGGTGGCCGACGATTACTACAACGGCGGATTCGATGTCGTGATTAGCGGCCTCGATACACCGGAAGCCGCCGTCCAAGCCAAGAAGGCCAACGAGGCGGGCAAGAAGGTGCGCTACGTGCACTACGACCACAAGACCGGTTGCGACGTAGCGCCGGACGCCTGCCTCGGCGTCATCTACTACAACTGGGTGCCCTCGTACTTCGATGCGATTTCGAAGGCGAAGGAAGGAAAGTACGTGGGCGAATTCGTGCTCGCCGAACCTGACTACGCGAACATGAACGGCGAGAAGTCGTCCATCGGCTTCGAGTTCGGCAAGGCGCTGGGCGACAAGAAGGCGTCGGTCGACGAGGTGATCCGCGGTCTGGGCGACAAGAGCGTCAACTTCTTCGTCGGTCCGATGAAGTACCAGGACGGATCGGACTTCTTGAAGCCCGGCGAAGTAGCGACGGTCCAGAAAATTTGGTACATGCCTCAGCTGCTGCAGGGGATCACCGGCAACAGCAAGTAGGTAAGGACCTTCTTCGTTTCGAATGCGCGTCGAGCTCCGTCAGATCTCCAAGAGCTTCGGCCCCGTTCGTGCGAACGACGACGTTTCGTTGACGTTGCAGGCGGGGTCGATCCACGGCCTTCTCGGGGAAAACGGCGCGGGCAAGAGCACCTTGGCCGGCATCTTGAGCGGCCTCGTTCGCCGCGATGCCGGCTCGGTGTTGCTCGACGGCCGTCCCATGGAAGGAGGAGACCCTGCCAGGGCGCTCGCCGCCGGCGTGGGCATGCTCCACCAAGAGCCGCACGATTTCCCCGAGCTCACGGTGCTCGAGAGCTTCGCCGCCGCGCGGCCCGGGCCCTTTTGGTTCCTGGGCAAACCACGGCGCGAGGTGCGCGAGCGCTTCTTCGAGTTGCGCCAGCGCTTCGGGTTCACGATTCACCCGGAGGAGCGCGTGGGGCGCCTTTCGATGGGCGAGCGGCAGCAGCTCGAGCTCCTCGGGTTGCTCTCGCTGGGCGTGCGCACGCTCATTTTGGACGAGCCCACCACGGGCATTTCCGATCAACAGCGGGATGCGCTCTTTGCGGCGCTCAAGCAGCTGGCCAAAGATGGGTGCTCCATCCTTCTCGTGTCGCACAAGTTGCCGGACGTGCTCGCGCTCTGCGATCGCGTGAGCATCCTGCGGCAGGGCAAGTTGGTGGGCGAGGCGGAGCTGCCCATCACGGCCGATAAGCTGGTGGAGATGATGTTCGGCTCCTCCGCGGCGGCCCGTCCCGAGAAGCCTGCGGGCGCGGCGCGCGAGAAGGTGGCCGTGCGGCTCGAGCGCGCCCAGGTGGCGCGCGGCCGGTTGCGGCTGGCGATGGATGACTTCACCGTGCACGAAGGGGAAATCGTCGGGCTGGCCGGGCTCGAAGGGAGCGGGCAGGCGCTGCTTCTGCAGGTGTGCGCAGGGCTGCTGCCCGTGACCGGGGGAGCGCGTCTCGTGGTGGGCGATGCCTCGCTTGCGGGGCGGCCGTACCGGGATTTTCTGCGGGCCGGCGTGAGCTACGTGCCAGCCGATCGCGCGCGGGAAGGCCTCATCGGTGGCTTCACCATCGAGGAGCACGTGGCGTTGCGTGCGCCCGTGCAGGGCCTTTTCCTTCGCGCCAAGGAGACCCTCCGTGCCGCGGAGCAGGCCATCGAGACGTTCCGCATCCGCGGGCGGGCAACTACCCGCGCGGAGCAGCTCTCGGGGGGCAACCAGCAGAGAACCCAGCTGGCGCTCCTTCCGGCGCAATTGAAATTGCTCCTGATGGAGCATCCGACGCGCGGGCTGGACATCGAGTCCACGCAGTGGGTGTGGCAACAGTTGATCGCGCGTTGCAAGACGGGGACGGCGATCGTCTTTGCGTCGTCGGATCTGGACGAGGTGCTGACGTACAGCGATCGCGTCATCGTCTTTAGCGGCGGGCACGCCTCGCGGCCGGTGCGCGCCACGGAACTGAGCGCGGAACGACTCGGTCGCATGATCGGCGGCCACCTGGAAGAGGCATCGTGAAATCCTGGCTCCTTCGCGTGGGGGCCGTGGGCCTGTCGCTCGCGTTCGTCGCGTTGATCTGCGTCGTCATGGGCGCCTCGCCCGTCGACGTCGCGGTGTCGTTCTGGGATGGCGCCTTCGGGACCATGGATCAAACGGCGCGCGTGTTGAGCACACTCTCGCCGCTGCTTCTGTGTGCATCGGGGCTTCTCTTCACCTTTCGCGCGGGCCTCTACAACCTGGGCGTCGAAGGGCAGCTCGTGGCCGGCGCCATCGCAGCGACCGGCGTTGCGCACTTTTTCCCATCGGGCTCGCCTGGATGGCTGGTCATCGGGCTCGCGCTCGTGGGCGGCATGGTGGCCGGGGCGCTCTGGGGCGTGCTCACTGGTGCGCTGCACGTGTTCGGGCGGGTGAACG
NZ_CP089929.1_gap80	2939310	2943049	3739	CGGCACCATCTCGGTCGGCATCGTCCTCGTCCTTTTGCTGGGCGAGATCGATCTGGCCGTGGGCTCGGTCAGCGGTCTCACGGGCGCGGTGTTGGCGGTCCTCAACGTCAACCAGGGTATGTCCGCCGGGGTGGCCATCCTGGCGGCGCTGGTCGCCGGCGCGATCGTTGGCGCCATCCACGGCTTCTTCTTCGCGCGGGTCGGCGTTCCATCGTTCATCGTCACGTTGGCCGGTCTCATCGGCTGGCAGGGCCTCCAGCTTTACGTGCTCGGCAAAGAGGGCACGATCAACCTGCCGTACGAAGGCGGCGTCGCCATGTTGACGCACACCTTCTTTCCGCACGCGGTGGGCTTCGCCATCGGCGCCGTGATTGTCGCGGTGTACCTGCTGCTCGACATGGCCGCCTCGCGCCGGCGTGCGAAGGCTGGGCTGCCCTCGCGCCCGATCTCCGAATCGGTCATCCGCGCACTGCTCATCGGCGTCGCCATCTTCGTTGCGGTTTACGTGCTGAACCAGGCCGAGGGGCTTCCGCTGGCCCTCGTGCTCTTCATCGGCTTCGTGGCCGCCTTCGATTGGATCCTTCGCCGTACGCGTTACGGCCGCATGATCTTCGCCGTCGGCGGCAACGCCGAGGCAGCCAGCCGCGCCGGCATCAACGTGCGCTTGGTGCGTATTTCGGTGTACGTGCTCTCCTCCACCATGGGCGCTGCCGGTGGCGTGATGGCGGCATCGCGCCTCTTCGCGGTCAATCAAAGCTCGGGCGGTAACAACGAACTCCTCAATGCGATCGCCGCCGCCGTCATCGGTGGAACGAGCCTCTTCGGCGGGCGCGGAAGCACGTATTCGGCGCTGCTGGGTATGCTGGTCATCGGCTCGATTTCCAACGGCATGTACCTCGTGCAGCTCGACTCCTCCGTTCAATTCATGATCACCGGCGCCGTCTTGCTTGCGGCTGTGGTCATCGACTCGGTATCGCGCCGAGGGCGCCAATCCAGTGGACGCGCATAACTGAATGTTTTCTGGAACAGCGTGAATTCGTAGTTCCCAGCAGTCGCATCTCCATCTCAATCAAACACACGGGAAAGAATGAATGACGCAATAGGTCATTCATTTTATTCCCGTGTGCGGCGATTGTTGTCTTCGCCATCGTATGACTTGCAGTACCGTACGAGACGATGTCGGAGGCTATACGATGCACAAGGCGGGCTGCGGCGTGATGCGTATTCTCACGCTGGTGGGTTTGGTCTGTCTGGCCGCATGTCACACCGGGGGCGGAGGCGCTGCAGGCGCGAATGAGCCGGCGAAGCCGCCCGGGAAGATTCGGGTGGTGTTCAAACACCAACCGATGTGGGGCGAGCCAGAACCGTTTCGGCAATTGCTCGCGGGCTTCTCGCAAGAGAATCCCGATATCGATCTGGTGACGGAAGTCCTTCCGAATGCGTCGGACGCCGTACACCAGTATTTCCTTACGTCGCTGGAAGGGAAAACGCGCGAATACGACGTTTTCATCGCGGACGTCGTCTGGGTGCCAGAATTTGCCCGCGCGGGGTGGATTGCGGACATCTCCGACACCTTCCCGCCCGATGGCGTCAAACGCGATTTCCTCCCCGGCCCAGCCGAGGCGGTAACCGTCGAAGGAAAGACCTATGCGCTCCCGTGGTACGTGGACGCGGGCCTTCTCTATTATCGCACCGACCTGGTGCCGCGGGCGCCGAAGACCTTCGACGAATTGGTCCAATTCGCCAAGGCGGCCAAGCAAAAAGACCCGTCGCTTTATGGTTACGTGTGGCAAGGCCGCCAATACGAAGGCCTGGTGTGCGACACCTACGAGGCCATTTGGGGCTTCGGCGGCGAGTCGATGCAGGGCAAGCGCGTGACGGTGGACACCAAGGAAGCACGCGCCGCGCTCACCTACGAGCGAAAGCTGTTTACCGAGGGCATCTCGCCGCCGTCGGTCACCTCCGCCGGCGAGGAAGAGGCGCGCCGCACGTTCCAAGATGGAAAAGCGGTATTCATGCGCAATTGGCCTTACGCATGGGGTGAGGCGCAAAAGCCGGATTCGCCCATCAAGGGCAAAGTCGGATTCACCACCTTGCCCACCGTCAATGGCGAGCCGGGGCACGGCGCACTCGGTGGATGGCAGCTCGCGCTCAACGCCTTCACGCCGAGCTGGCGCCGCGAGGCCGCCGTCAAATTCATGAAATACATGACCTCGAAGAAAGCCGAGGTCGCCCTGGCCATTCACTACGGCCGAAATCCCTCGCGCAAGGATGCCTACAAAGACGAGGGCCTGCGCAAGGAAGCTCCGTTCATCGTGGATCTCCTGCCCGTGCTGGAGAACGCGAAGCCGCGTCCGGTCACGCCGTATTACGGCATGCTGTCCGACGTATTGCAGAGCGAGTTTTCCGCGGTCGTTTCGGGCATTCGCACGCCCGAGTCGGCCTTGGATCGCGCGCAGAAGTTCCTCGACCACGTTACGCAGGGTGGGTCATGACAGCGAAGCACGCCGAGAACTTGGACCGCGGGAGCCTAACCCCGAAGTTGACCCCGGAACATTCCGGCCTTCGCAAGAGCGGTGACGCCCCGTTCGACAACGCGAAGAAGAAGCACGCAGGCCAGTCCGATCGCCGCCAGGCACAATTGATGGTGCTGCCGGCGGTCGTCATTCTGGTGGTCGTCGCGTTCTATCCCATTCTCGCCACCATGTGGCTCAGCCTCCACCGCATGATCCTCGTCTTCCACGAGGAGACATTCGTCGGTCTGGGCAACTACGGATTCCTTCTCAGCGATCCGCGTTTCTGGTCGGCGCTCAGCAACACCGCGTACTTCGCGGCGGTGGCCGTGGCCATCGAGCTGGTGCTCGGTCTCGGATTCGCGCTGATCCTCAATGCGGCATTCCCCGGGCGCAGCCTGCTGCGTGCGGCCATCCTGGTGCCGTGGGCCATCCCCACCGTCGTTTCGGCGAAGCTGTGGGCGTGGCTCTTCAATCCGGAATACGGATTGGTCACGCACTTGCTCCCCGGTCATGACGTGAACTGGCTCGGCATGCCGGGCTATGCCATGCACGCGGCCATCTTGGTCGACGTGTGGAAGACGACGCCCTTCGTCGCGCTTCTCTTGCTCGCCGGCCTGCAGACCATTCCGCAGGATATCTACAAGGCGGCGCAGGTCGACGGTGCGGGGACGATTCGTCAGTTCGTCTCCATCACGTTGCCGCTGCTGCGCAACACCATCGTCGTCACCTTGATCTTCCGCACCCTGGATGCTTCGCGCGTGTTCGACGCGGTGTACGTCCTCACCGAGGGCGGCCCGGCGAACACCACGGAGACGTTGTCCATCTATGCGTACAAGACGCTGATGCGCGTGGGTGACTTTGGTTACGGCTCGACGCTGTCGGTCGTGACGTTCATGTGCGTGATGGGGATCAGCCTCGTCTATCTCAAGGTGCTCGGTGTGGAGAGAGGGAAGGGCGCATAATGAAGAAGGCAGCACTTTGGTTTGGCCTCATTTCGGCCATTACGTTTTGCGCCGGTCCGTTCGTGTGGCAGATGATCACGTCGATTCGCCCCGAGAGCGAGTTGACCAGCCTGGGCCTGCCCAGCACGATGACCTTCGAGAGCTACACGGGTGCCTTTCACGGAAGGCCGTTCGGGCAAGTCATCTTGAACAGCGTGATCGTGGCGGTCATCACCACGCTCTTCTGCCTCGCGGTGGGCGCCTCGGCGGCCTTCGCGCTGG
NZ_CP089929.1_gap81	3006950	3008306	1356	GCTCACCGACGCCGCGGGACGCCCGATTCTTTCGCGGCCGCGCACGACCTTGGAGGTCGTGAGCTACCTCCTGAACATGCAGGACCCGATCTACGCGCAGAACGATGGCAACGCACCGCCTGACGCTCCGCTGTACCTGGTGACGCGCGATTCGCGCGGGTACGCCTCGGTCTCGCCCGACGCCTTGGCCAAGTTCTTCACGCCGGACGCGAAGGATCCCAAGCTGCCAGCCATCGATTTCCTGGGTCGATTCCTAACCAAGGACGGCAAGCCCGCGCCCTCTCCATTCCCCGCCGTGGATGGCACCGACGCCCTGGCCCGCGACCAGTTCGGCCGCGCGCTGGACGGTGCGGGTGGCGCGCCGATCTACACGATGACGGATACGTCGCAGACGTTCGCGAACGCGCTGATGAAGAATCTGCCGCCGCTGATCGATCCCGACGTCTCGAAGAAGCACGAGACCTTGATGGATGCCATTGCGGGCCTGGAAGTGCTCATGGGCTCGCGCGACAACGGGTACAAGTCGGTGCGCGAGTACACTCCCGACCCGACGCGCATCGACGATTGGAAAGTGACGCACCCCGGAGAGAACCCCCCGGGCGACTTGGGCACGTCCAAGGTGGCCGTGAATTACGATGCGTACCATCGCGAGAGTGCAGCACTGCTCGATTTGATGTGGGCGCTGGGCACGGTGGTGGGAGACCCGACGGGCGACGATCTCTTGTCCCTCGCGCAGAAGTTGGTGACGGAGCGCTTGCCGAACGTCGCACGGCTGACCGGCATGGGGTTGGCGGCGAAGGCCATCGCCGACAAGCATCCCGAGGCGGACATCCCGGAAAAGTCGACCTTGTGGGACGAGATTCACGATGTGCTGGTGAAGATTGCCCAGGACACGCAGGTCGATCCGCAAACAGGGAATCGCCTTCTCGAGGACATGCTGAACGTTCTATGGGATCCGAATCAGGGAATTGCCAAAATCGAAGACCTGGGAACGCTGTTTTCGAATCAAATGAAATACAGCGATCTCATTTCTTACGATCGTGACAACCTCAGCGCGATGACCAACAACGGCTTGCCCTGGGTGCTGCCGTACAATCTCACGACGAAACGGGTCGAAGAGCCCCGGACGCCGGTGGATCGCTCCAAGCCGGACAGCGGGTTGAATCGGAGTCTCTTTCAGCGGTTTGCCCAGCTCGTCACGGACGCGCACAACGTGACGGTGTGCAATTCGGATGGTGCCGTCGTTCACGCGAAGGGGACGCTGATCGGAGATACCGATATACCGATCAATTTGTTGGGCATCTTCGTGGGCAAGCCGCTCAAGGAATGCAGCTTCACGAAGATCGACGATGCCGC
NZ_CP089929.1_gap82	3042760	3044077	1317	CGGGCGGCTGGCTCGGGCTGTCGCTGCTGCTGCATGCGGCGACGCCTGCGAGACCAAGTGCAAGCACCACGGCAAAAGCCTTGTTCAACATGGTTTATCCCTCATGCGAAGAAAATCGATTGGAAGCTGGGTGGTGCCGCGCGTGGCCAAGTCCGCCAGCGCCTCCCCGAGAACGGGAACGAACTTGTAGCCATGTCCGGACAGCCCCGCGGCGAACACCACCTGCGGGAATGCGGGATGCGCGTCCACGATGAAATGCTCGTCGGGTGTCATGGTGCACATGCACGCCGATTGCGCGAGCGGCGTCCGCGATACGCCGTGAAGGTGCTCGTCGATGAAGTCGCCGATGGCCTCGAGCTCGTCCCGCGCGAGGGCGTGATCGAGCTGCGTTGGATCGGCGACCTTGGTGCGCTTGGCCCTTCCCGCGACCTTGATCCGGCCGGCCACGGGCCCGGGTACTCCAAAGAAGTAACCGCGCTCGATGTCGAAAATGAAGCAAGGCGCGTCGGCCTCCCACACGGGACTCGACGCGAACCAGGCCTGCGGAATGCGCTCGACGACCAGCGGCAACCCCAGGGCGGCGAGCAGGTCGGCGCTCCACGCACCGCCGGCGATCACCAACGCGTCACCGAGGTAGCGGCCCTTCGGCGTCGTTACGCACACGCCGTCGTCTTCCGTCGCGTGCCACGCCAGGGCCGGCTCGTCGAAGTGCAGCTCGGCCCCGGCCTCGCGGGCCAAGTCGCAGTGGGCGCGCACGCTCTCTTCGACGAGAAGGTAGCCCGCGTCGGGCTCGTAGTTCATGCCCGCGGCGTCCGACACCAGGACCAGCCCGGTGCGACGAAACAGGGGATGGCCGGCGTGTCGTTCGAGCGCCTGCCAGCCTTCGAGGCTGCGATCCAGCAAGGGGCCGTAGCCTGGGTGATCGTACGAGCGGCGGAAGATGCGTGTCTCGCCGTGCGAGCTTCCGCGATCGTGTGCAACGCCAAAGCGCTCGAGCCCGAGAACGCGCCGGCCTTCGCGCCGCGCGAGATGATACGCGGCCGCCGCGCCGACACCTCCCAGGCCGAGGACGATGACGTCGAACGCTTTCATGGCCCTTCGGAACTTGGGGCGTAACCGCCGGCCAGCGTCGCTTCGTACATGATCCATTCGGAGCGCGACGCGCCCAAGTTGTCGTAAATCTTTCGCGCCGTCAGGTTGTCGGGCTTGGTGAGCCAGCTGGCATTCGGGTACCCGCGGTCGCTGGCGTAGCGCAGCGCATGGAAACCGAGGCCCGGGCCCACGGATCGGCCCCGTTCACCGGGCACCGCGTACAGA
NZ_CP089929.1_gap83	3052484	3054418	1934	CGTGGAAATCACGAGCTCCGAGCGAATGGCTTGCGGCAGATGCTCGGGATCGATGCGGTCGTGCGCGAGGGCGGCGGCCGTGGTGAGGCATCGCTCGAGCTCGCGGATGTTGTGCGGCCACTTGTAGGCAAAGAAGGCGCGCACCACATCCGGCGAGAGGCGCACGTGACGCGGCTCCGTGCCGTCGAGCAGCGCGCGCCGCAGGATGGCCGGAATGACCAGCCCGAGGTCTTCGCGGCGCGAACGCAGCGGCGGTACGCGCAGCTTGAAGCCCGCGAGGCGCGCATACAAGTCTTCGCGAAAGACGCCCTGGCTCGCCAAGGCGGCCAGGTCGCCGTGGGTTGCCGAAACCAGGCGAAAGTCCACGGACACCGGGCGGGTGGTTCCCACCGGCACGACCTCGCGCTCTTGAAGGACGCGCAGGAACGCGGCCTGCGAAGGGAAGGGCAGCTCGGCAATCTCGTCGAGGAGAAGCGTGCCGCCGTGGGCGCTCCGCACGTGCCCGGAGCGGTCTTCGCTCGCGCCGGAGAAGGCACCGCGCTTGTGGCCGAACAACTCCGCCTCGAGCAGCGTCTTCGGCAACGCGCCGCAGTTGACCGCGATGAGCGGCCCCGCGCGCCCGGACAAATAGTGGTAGCCGCGCGCAATGAGTTCCTTGCCCGTGCCGGTCTCGCCCTCGAGCAACACGGGCACCGGGGTGCGCGCGACTTTGGCGAGCTTGGCCAGCTCGCGCTCGAACGACGGAAGCAGCGTCTGCAGGCCCTCCGGCAGCATCGCCGGTACGGGTACGCTCGGCACGTCGTCGGGTTGCGGGCGTGACTGGGCGCTCTCCTCGTCGCCGGTAAACGCTTCCTCGCGGTACAAAAAGAAGGTGTGGCCGATTTCGAAGAGGTCACCGTCGCTGAGCCACGCGCGCTGCGTGACGGAGCCGTTCACGATGACGCCGTTCTTCGAGTTCGAATCTTCCAGCACCCAGCGATCGCCCGCGCGGACGAGGCGCGCGTGCTCGCGGGAGATGCGTCCGTCGGGAACGCGCACGGCAAGAACCCGTCGCCCTTCGACGGCTTCGCGCGAGGTCGAGAGCGCTGCGCCTCGACCGATGAGCACTTCGTCCAGCTCTTCGAGCCGGTACCGCGAGGCGCTCTCCAACGGCCGGTCACATTGCAGCGCGAGAACGAGGTAAGCGGCGACGGGTTTCAGCCAATAGGCATTCAGCTCCCCCGGGCGCTTGGACAGAGTCTCGTCAAACGATGACATGTGTTTTCATTGTAAAACATTAAGGAGAACAACAGCGGATTCCGACGCCCTGGGCTGCGTCGTTGCGATCACGTTCACCGTTTTTGTCGCATGCAAGAGAGGCGGGCTCGGGAGATCTGAACCAGCCACCACGTGTCAAGCACTTTGAGTCCACGGCAGCGCTTGCACAAGAATTTTCCCACTCTAACACATTTCCGGTCATGTCGTAGAGGGGAGCGAACGTTGGATCGGGTGAATGGCAACGCGCAAATGCCTTAACGCGCTGGACGCTCCCATCGGCCGTGCCAGCCCCATTGCACGCGCGGCTGTCGAACGTCTTACCGAACGTGTAGGTGTACTTCCCGCTTGAGGAGCACGCGAGATACCACTCGTTTTGGGGGGAGGCAAAGTCCCCGTAGCCCGAGGCCTCTCCGCCGAGCGAGCCGCAGAGTCGCTTGTGGGCCCACTGGCAGAAGGCATAGGCGTCGCACCAGTCGACGCCGCGTACCGGATCGTCCGGGGAGCCGGTGCGGGGATCGGGGTAGCCGGCGGTGTACACGTTGAAATCCGTGTTCCAGCTGCACGTGTTGGCAGGCTGCCGGGCGATGGCCGGGTTGGCCAGCACCTCCGTGAGGAAGGGGGCGTACTGCGCGTTCGTGACTTCGGTGGTGTCGATGCAGTAGCTGCCGACGCGTGCC
NZ_CP089929.1_gap84	3069415	3072907	3492	GACGGTCGCACTGAACCGGATGGCTTCGTCATTGGCCGAGAAGGAGCTTTTTGCGACGAGGACCGGTACCCTCCGTTCGGTGTATTTGATAAACAATCCAATAGCAGCATTGTCGTGAATGTGTGTGTCGGTGAGTGTGACGGGGCTGTCTGTCACAATTGCGGCGCTGCCTTCGCGATCGTCAAATGGGTAGCAGCAATGGTGATCAATTTCGCTCGCTGTGACGGCGAGGGCTCCTCCCATTGCGAAGATTCCTGTTGCGCTATGGTGGATATGGCTGTGAGCAATTGTCAGCTTTGCATTCTCCGCGTGGATCGCATCAATTGGGGCGGAGATGTCGACTGAATCGAGGATGGTTTCGGTGTTCGCGGCCAGACCAACCTGGCCGACGTCGTGGATGTCTACGGACTTGAGCGTGACGGTGCCGATAGTTGAAGTGACGATACCAGTCCCGCAAAAACGATGGATCACCAGGTTCTCGAGCCTCGCACTTCCCACCAAAACCAGGCCGTCTTTGATCATGCCGCAATCGTTTGAAGGTCCGATTAATAGAGTTCCCCCGGGGCTCTCTCCTTTTATTGTAATGTCGGCAGGAATGCTTCTTCCATTCCGCGTGAACAGTTCTCCGTGTTCTGTGTCGTAAATGCCATCGTTGAGGGATATCGTATCACCCGCAACGGCGATTTCAGCTGCCTTCAAAAGGGAGCGGAAAGGGTGTTCGCTCGTCCCTGATGAATCCAATCCAATCTCGAGCGCATCGGTTCCCAGCGGCGAAGCTGTAATGGCGGTGATCGATATTGCATCCGAGAACGTTGCGGTTCCCGACGGACTCGTTACCTTTAGAGGGAGCGATCCGATCGGGGCGCCATGTCGAACGAGCAGCGTAAAAACGAGTTCCGTCGATGTCTTTGAGGAGATAACTCCATCCAGGGCACTCGGGGCGTTCCCAACCGCGACGGTTGTGACATGGTCCAAACGTTCGCCTGACAGGCGCACCGTCGTCGTGAGATTGGTTGGCGTACCGCCGAAGCCTTGCCGAATCGTTCTCGACGGGTTCCCCGAGATGGTCACACCCGTGATCTTGGGAAGCGCGGCAGCGGAGCCGTCGCCACCAGTCTCCGATGCGAGACCGCCGTCGTCTTCCGGTTGCCCGCACTCGGCACCTTTGCACGTCTCGAAATAAGATGGTGGACACCCGGCCCCGAGAAGAGAGAAGACGGCCAATGTTCCAAATCCGAGTAAGGAAGAGATGGTGGTGGCACGCATGGTTCTTCGATCGCGTCACCTACGGTAGCATGCGCGCCCGACGGCGCGCGTTGCTAGAAGTTCGCTCGAACCTGGACGCCGGACATTCCCGGTGAAAATAGGGGAACGATAGTCGCGTCGCGATTCACGGACGTGTGCCTCGGCGAAAAATACCAAATGAGTCCACCGGCCAGCAGCGCCGCACCCGCCGTGCCGTATGCGATCCATGCAACGACCGAGTCGAACTCACCCGCATTCGCGAGGGCCTTGGAACGTGCGCACTCAGGACTGTTCGGCGTGGCGCACGCTCGCGGATTTTCATCCATCTTGTCTCGGTTGTACTTCGCACCCAACGAGAACCCGATGCCCGTTCCGAGCGCGGCCACCGCCGTACCGCCCAGGATCCATGTAGCCACCGGTGGTGTGGAAACGCCGGACGGTCTCTCGCGGACCGGCGGCGGCACCGGTTTCCGTTCCGGCGTGACGGGCGCCATGATGGGCGCGGGTGCCTCGATGGGCGTTTCTCTCAAGGGTGCCTCGAACGATACTTCCGTCGGTTCGCCGGCGGCGGCATCCACCTCTCGGCGCTCGGTTTCACTTTCGATCACGGCTTCGACGACGTGCGCCCCCGGGGCAACATCGATCCCGTCGGTACGTTCCTCGCTCGTCACGGCCAGGCCATCCACGGTCACGGCCGCACCGATAGGGGCAACAATGCGCAAATGACCGGCCTGCGCCGTCAATTCAGCCAACAGGCCCTTTGCCTTGTCGTTCTTTTTCGGGTCCGCACGCGGATCCGAGAGGTAGGCTCGCAAATGCCTTAGCGCCTCCAGCGGATGACCGGAGTCCGCTTCGGCCACCAGCAGATTCCATCGCGCCTTCGGTGTGGGAGTGAGGGCGTACGCCTGCAAGAACTCGAGCCTCGCCGTCTCAGCGTCGGCTCGTCTTACCGCATCGAAGGCCCGCTTGGTGTGCTCGCCCGATTCGCGTTGGGCGCGCGTGAGCGTCGTTGGGGGGTCAGCCTTCACGGCAGGCGCTCCGAGTAGCACCGTTGCGGCGAAGACGAACGCAAAACGGCATCGGTGCAAGCTCGTACTTCCGGACCGCGACGCCATCTTTCGTGGACGCATCATGCGGTGTCCGTTTTGCGAACGTCAACCAGGTTGCACAAAAGTCAACAGTCTACGGCCCCGACGGGGACCGTAGACTGAAGGCTGCAACCGGTAAGCCTACTTCTTCGGTGCGGCGGCCGGCGGGGGCGGGGCGCCGTTGCTCACCACCAGGGCGTAGTCCGCGTCGACTTCCGGCGTTTCCGAGTGGGTGTCGGCGATGACCTCGTCCCCGATGACCTCGACGATCCACTCGCCGGCGGCGGGGTTGGGAACGATGACGTTCTCCACGGTGTCGAGCACGTTGTGCTCGCCGCCGGCGGTGGAGACGTTCCCCACCTTCAGGCCGTTGTTGCCCCAGTAGACGGTGCCGTCGGGGGCCGTCACCTTGAGGTCCAGGTTGTTGATCCGATGCGGGACGCCCGTGCTCGTCGGCACCGTGGCCTCTTTGTCGGCGTAGGCCAAGGTCGCGCGGAAGTCGGTCGCGCCGGCTTCTACCGTGCGACGGTACTCCTTGGTTTGCAGGTTCTGCAGAACGTCGCTTTCGTTCACCACTAGGATGTTCGTGCGCCGTTCATACAGCCCCTTCACGTCAGGGAAGCCCCAACCTTGGTGCGTGCGCGTCAGGTCGTGCGTCTCACCCGTGAACGGGTAGGGACTGGCCGAGTTCACCAAAAGCGCCTTGGTCGTTTGCGCGTGCGGACGATTCTTAAAGCGGAACGACGCGATGTTTTCCCCTTCTTCACGCGGAATGAGTTCGTTGCCGAATGCGCCGTTGGTCCAAAGCTCGATGGTCAAGCCAACGAACCCGGCGACCATCGGTGTCGCACCCGACGTGCCGCCGAAGGTCCCGTAGCTAGTACTGGACGTGGACGTGGCCGTCGTGGTCTGGTCGTAATAGGCGCAGAGCTCGGGCTTGATGCGTCCGTCCTGCGCCGGACCGGTACTGCCGCCGCGGTTCCACTTGTCGTCGGACGGATCGACCGTTCCCTGGTGGTAGACGGCGCCTACCGAAATGATGTTCTTGGCCCACGCCTGCGGCCGCGAATCTTGATTACCCGCATTGCTCTGGCTCTGCGTAATCGGGATATCGTGCTCGAGGATCAGCGCATCCATTTCCGCGGACTTGGCGTCATAG
NZ_CP089929.1_gap85	3132809	3136491	3682	GCGAGGTCTTTCTGGCGTACGACCGTGCCACCCAGCAGCCCGTCGCCCTGAAGATCGTGCGCGAGGAGTCGCGCATGCCTGGCGATGACGAGGCGTTGCGCCAGGAGCTTTTGCACGCCCGCTCGGTCAGTCATCCAAACGTCTGCCGGGTGCACGATCTTTCGCCCTCGGCGTACGGGCCGATCCTGGTGATGGAGCACATCACCGGACAGACCCTGCACACGCACATTCGTCGGAAAAAAGCCCAAGGCGGCTACACATCTGATGAGTTCCGCCGCCTTGCCCACGACATCGCGTCGGGCGTGGCCGCCATCCATGCCCAGGGCCTCGTCCACGGCGATCTCAAGCCGGGCAACGTCATGGTCACCTCGGATCCCGACGGAGGCCTCGGCAAGGCCATGGTCCTCGACTTCGGGTTCGCCAAAGAGCGCGCCCGCGTGATCGGGCGAAGGCCCGGCGCCCCACCCGACGGCGGCACGCCGAACTACATGGCGCCCGAGCGTATTCGGTCTGGCGGCGCCTCGCCGGAGGACGACGTCTACGCGCTCGGCCTCACGCTCTGGGAGATGTGGACCTGCCGCGTTCCCGAGCCCGGCTACAAGCCGCGCTCCAAGCCGATGCGCGCGCAGATCATGTTCGACGTGCCCGCGGGCCTGTCCATCGACGAGATCAAGCAGGTCTTCCGCTGCCTCTCGGACGATCCCCAGCAGCGCCTTCCGGCGCGGCACATGCGCTTCTTCAACCCGGTCACCCTCACGACGAACCCCATCCAGGTTCCGCGTGAGCGGCTCGATCCGGGCCCGCCCCCCGGCCGCAGCGCCACGGCGCAATTTTCGCCTGGGCAGCAGGCGCTCCTCTCGACGTACGCGACCAACGCCTCCGAGTGCGTCGGCGATCTGTACAGCCTCGAGAAGCCGACCATCACCATCGGACGTCGTTCGGACAACGACCTCGTCGTGCCCGAGGCCACGGTCAGCGGCCAGCACGCGCAGCTTCGCTGGCAGAACGGAACCTGGGTCGTCGAAGATCTGGGCTCCACCAACGGCACGTACGTCGATCACACCTACGAGCGCCGCAAGCAGGTCAACCTGATGCACGGCGGGGAAGTGCAACTCGGCGAGCTGCGTTTCAAGTTGGTGAGCTTTGCGCCCGGCAGCGTCGGTCACAAGCGCGCCCGCGTCTACCTGGCCAAACGCGACGGCCTCACGCAGCTGCTCTCGCGCGATCAACTCCTCAAGATGCTCGACGAGGAGGCCCAGTTCGCGGAGTGGGTCGATGCGCCGCTCACCGTCGCACGCTACGAGCTACGCGGGCCGAACCGCCTCGTCTCGGACCGGCCGACCATCCTCGAGATGCTCGCCTTCCGCCGCGCGGCCACCCGCGTGGTCGAACTCACGGACATGCTCCTTCTGTCGCTCATCGCCGTCACGGCAGGACGCACGGGCCCACTGCGGTTCGTCGTCGCCATGACCGGCCCCGGGCCGCAGGAAGCGCGCAACCTCGTCGAGCAGGTCGTGCAGCAAGTCCAGGTCATGCTTCCGGACGGGCTCGATCTGGTGGCGTCCATCGCGCGCTACGAACCGGGCGTCAACGTTCGGACGCTCGTCGATCCGCAGTTGTAAATGCCGCTCAAGTCGTCCCCGCCGTCAAGATTCGGGCTCGCCAAAGGCGACCCGAAAATCGGGATCCCAAAGAGCGATCCCCCCAAGCCCGACATCGAAGCCCTGGCCGCGAGCGTCGATCGCGTGGGCAAGATCCAGCTGCTCATCGTGGGGCTGCTCACGCTCGCGCTCGTTGCCATTCCGCTGTACCTGTGGCGCCGCCCTCGCTCCGACGACAACGCTCCGCCCATCCCGCGCCCCGTCGCCGTCGACACCGCGGCGGCCGCCACGGCGGACACGGCCGCACCGACGACCCCGGATGCCGGAGCCTCGGGCATCTCCCTTTCGGACATCACCGTTCTGAGCTGCCACGATCGCGGCACCCGCAAGACGGCGCCGGGCGACTGCGACCGGCTCTCCGCGATCGAAACGGCCCTTGCGGCTGCGATCGTCAAAAAGGCCGACTGTGTCCCCACCTCCGCCACCGGCGGCACCATCCAGTACGTCGCCGATGTGGGCTTCGCGAGAAGCCGTAATAAAATCGCCGTCTTGGCCCCGCGCGACGGGCGCACGTTGAAGAACGCGAAGCTTGCATCCGCATGCGCGCTCGCGGTGAAGAAAGAGCTAGCGTCGACCCCGCTCGACATTCCCCACGCGCACGAGCGTTACAAGATCGCCGTCACGGCGAACTACGCCGGCCGGTAGCAAGAACAGGCGCGTTCTGGCTTGCCGTTCGGGCGCATTGCGTCCAAGTTAGCGGCGCCCCGTGGTCAACGACATCGAAGATATTCACCCATCCGCTCGTTCTGCCGACCTCGACGACGACCATTTTCACGATGAGTGCGGCGTCTTCGGCCTCTACGGTCACCCTGAGGCCGCGAACCTCACGTACCTCGGGCTCCATGCCCTGCAACACCGCGGACAAGAGTCCGCGGGCATCGTCACCAGCGATGGCGAGCAGCTCTTCGTGCACCGCGCGATGGGCCTCGTGCAAGACGTCTTCAACCAATCGCAGCTCGAGAAACTCCCCGGCCGCTACGCGATCGGGCACGTGCGTTACTCCACCGCCGGCGGCTCCGGGCTGAAGAATGCGCAGCCCTTTGCCGTCGACTTCGCCCTCGGCTCCCTGGCCATCTGCCACAACGGCAACCTGACCAACGCGGACGAACTTCGCGCCGAGCTCGAGGCCAGCGGATCCATCTTTCAATCCTCGAGCGACAGCGAAGTCCTGATCCACCTGGTCGCACGCTCCACGCAGACCACCGTCGAAGACCGCATCTCCGACGCACTCGCCCGGGTCAAGGGCGCCTACTCGCTGCTCTTCATGACCGAGGACATGATCGTCGCCGTGCGCGATCCGCGTGGTGTGCGTCCTCTCTGTTTGGGCATCCTCCCGGGCTCGAAGCAGTCCGGCCTCCGCGACGCCCACGTCGTCGCGAGCGAGCCCACGTCGTTCGACCTCATTGGCGCCGAGTTCGTGCGCGACCTCGAGCCGGGCGAGATGCTGGTCATCGACCAAAACGGCATGCGCTCGTTGCGTCTCACCGAGAAGGCCGAGCCGCACATGTGCATCTTCGAGTACGTGTACTTTGCACGTCCCGACTCGCGCATCCAAGGTCGCTCGGTCTACGAAGTGCGCAAGTCGCTCGGCGAGGCACTCGCACGCGAGTGCGCCGTCGATGCCGACGTGGTCATCCCGGTTCCCGACTCGGGTGTGCCCTCGGCCATCGGATACGCGTCCGCGCTGAGCATCCCCTTCGAGATGGGGCTCATTCGCTCGCACTACATCGGGCGTACCTTCATCGAGCCGCAGCAGTCCATTCGCCACTTCGGTGTGCGCCTCAAGTTGAACCCCGTCGCCACCATCCTGCGCGGCAAGCGGGTCGTCGTTCTCGACGACTCCATCGTGCGCGGAACCACCTCGCGCAAAATCGTAAAGATGATCCGCGATGCGGGTGCGCGCGAAGTGCACATGCGCATCTCGAGCCCCCCGACGCAGTGGCCCTGTTACTACGGCATCGACACGCCAACCCGTCGGGAGCTCATCGCCTCCAGCCACACCGTCGAGGAAATCGCGCGCT
NZ_CP089929.1_gap86	3222712	3223986	1274	CGGCATCCAGTGCCCGCCGTTCGAGACCTACGTGGAGCGCCTCGTCGAGTTCGTGCAGGTGCGTCTTCGTGAAAAACGCGAAAAGCGCCTCGCCGATCGCGAGTTGGAGGATCCCCTCGGATGAGTGTACCCCCCGCCATTGGCCCCGGGATGATCACGCGGCAGGTTCGTGTGCGTGCGCGTGACGTCGTCTTTCTCAAGGGCATCGTCGAGGCGCTCGAAGGCGTGGCGCAAGTCTTCGCCGAGCGCGGCGGCGACTTGACCTTGGCCGCGCCCGAGGGCCGCGAACGCGAACTCGACGCCATCATCGACGACCTCTGCCGCGAACTTGGCGCCATGCGGGTCGATTGAGAGAAGGGGTTAGGGTTTAGGGTGTAGGGAGAACGCCGGAACCTAGTTCTCGATTGAGAGAGGGTTTAGGGGGACGCCAACACCTAATTCTCGCCCCTAAACCCTAAACCCTAAACCCTATACCCTCCCTCGGTAACCATGCCTTCGATCCTCAGCTCCTACGTTGACGGCCAGCCCCTGCGCGGTGCCGCGTCCACCATTTCCTCGGTCAATCCTGCGCGTCTCGATGACGTGGTCGCCGAGGTGTCCCTCGCCAGCGAGGACCAAATCGCGCTCGCCTTCGCCGCGGCCAAGAAGGCGCAGGCCGGGTGGGCGCAAACCCCCGCACCGCAACGCGGACGCGTGATCGCTGCCGTCGGCAAGCTGGTCGAGGCGAACAAGGAGGCCCTGGCCGCGCTGGTCACGCGCGAGGTCGGCAAGCCGTACGCCGAGTCGTTGGGCGAGGTGCAAGAGATCATCGACACCTGCGACTTCTTCCTCGGCGAAGGGCGGCGCCTCTACGGGCACACCGTGCCGTCGGAGATGCGCGACAAGCAGCTTTTCACGTTCCGCGTCCCGGTGGGCGTCGCGGGCATCATCACGGCGGGCAACTTCCCCGTGGCGGTGCCGGCTTGGTACCTCGTTCCCGCGCTGCTCTGCGGCAACGCGGTCGTGTGGAAGCCCGCCGAGTATGCGGCTGCATTGGGCGACGCGCTCACGCGCCTCTTCGTCGCGGGCGGTGTTCCTCGCGGTGTCCTCAATACGGTGCACGCTGACGGCGCCACCACGTACCGCGGGCTCGAGCGCGCGCTCGAGGCGGGGCTGCTCAACAAAATTGGCTTCACCGGCTCGACGGAAATCGGTCGCCGCATCGGCGAGCTCGCGGGCCGCCACCTGCAGACACCGTGTCTCGAGCTCGGAGGAAAGAACCCGCTCGTGGTCAT
NZ_CP089929.1_gap87	3267254	3270831	3577	CGAAGGCGAGGCGCGCGGCATGGAGTTCGACGTCCTCGCCGAAGCCCGATCGGGAGATACGGTGAAGCGCGTTTACCTTACGGGCCGCGATCCGTACGGCCTCACCGCGCAGATTCAAGCGCTGTTCGTGGAGCGCGCGCTCGCGGGCAAGGTGCATGCGCGCGGTGTCGTGGCCCCGAGCGTGGCCATTGCTCCGGCGGACGCCCTGGCCGCGTTGCCGCTCGAACTTCACGAGCGCGCGAGCGCGACGACCGAATAGGCGACGGCGGGCCGTTCACCGGGGTTGAGGTACGAGTGCCGCTGGTCGCCGCGGAACGCGATGACGTCCCCCGTCTCGAGTTGCCAGCGCTCGCCGGCGGCGACGAGAACGATGCAGCCGCTCTCGCATGTCAGGTATTCGCGGGTGCCTGGCGTGTGGGGGACGCCGGTCATCTGGCTCTTGGGCGGGAGCTCGAAGCGATCGATTTCCATGCCCGGGATGGCGTCCGGCAGGAGCTTGCGCACGAAGACGTCCCCACGCTGCCGCGTGCGGAGCGTGTCGCGCGGGTAAAATTCGCAGGCGGCGCGCGGCGTGGAGATGAGCTCCTCCAGGGTGACCTGAAAGGCTTCGGCCACGGCATGCATGACGGCGAGCGTCGGGTTTGCGGCGCCCGATTCCACGTTGGCCCACGTGGCGCGGGGGACGTTGGCAATCTTGGCCATTTGCTGTTGGGTGAGCCCGCGCGCTTCCCGCAGCTGCCGAATATTCTTGCCCAGCCGCGTGGCCAGCTCGTCGCTCATGACGACAGGTTGGATCGGTGCCAATAGATTGGCAAGCGTGACAACAGAACGGAGACGGCGCCCCACCCTGTCCGTCGGATGGAGGACACCATGGAATGGTCTGGACGTGGGGTGCTGGTGACGGGCGCGAGCCGTGGGCTCGGGGAACAGCTGGCCCGTTGGTTTGCCAAGCGGGGCGCACGCGTCGGCCTCGTGGCGCGTGGCCGCGATGAGCTCGAGCGCGTCAAGGAATCGATTGTGGCAGAAGGAGGAACCGCCGTGGCGATCGCCGCGGACATCGGGGACAAGGACGCGACGTACGTCCTTGCGGGCACGGCCGCCGAGCTGATCGGGCCCGTCGATCTGGTGGTGCACTGCGCCAGCGCACTGGGGCCGTTGCCCATGCCGCTGCTGCTGGACATGGCGTGCGAAGATCTGGCGAGCGTGCTCGAGACGAACTTGATTGGGCCGTTTCGTCTGACCAAGGCGCTCGTCGGCCCGATGGTCTTGCGCGGGGCCGGCGTTGTGTTGTTCATCAGCTCGGACGCGGCCGTGAATGGCTACCCCGGTTGGGGAGCGTACGGCGTGTCGAAGGCGGCGCAGGATCATCTGGCGCGTGTGTGGGCGGCGGAGCTCGCGGAGGCGGGGGTGCAGTTTCTGAGCATCGACCCCGGCGACATGAACACCAAGATGCACGCCGACGCGCTTCCGGATGCCGATCCGGCGACGTTGCTCGATCCCGCGGTGGTGGCAGCGCGCATCGGCACCATCCTGGAGCAGCGCGCGCGGATCCCCAGCGGGACGCGGCTCGAGGCCTCCAGCGCTGCGACGGAGGTGACCGCGTGAAGGCTGCGACGTTTCCGCGCGATCGCCCGCTCGAGGAGCGCCTCCTCCACGTCGACCCACGCGCGTGCACGGTGCGCGATGCGCGGGTAGGGGATCTGACGTCGCTGCTTCGCGCGGGCGATCTGCTGGTGGTCAACGACGCCGCGACCTTGCCCGCGGCGATCGCCGCGCGCACCGCCTCGGGCGCGCCGCTGGAGGTGCGGGTGCTCGCGCGGAACGGAGGTGGCGCGACGTGGCAAGCGGTTCTCTTCGGCCCGGGCGATTGGCGGACGAAGACCGAGGAGCGTCTGCTGCCACCCGAGGTGCGCGTCGGGGACCGTCTCGCGCTTGGCGCGCGCGCGGCGGTCGTCGAAGCGGTGGATGCGCAATCGCCGCGGCTCGTGACGCTGCGAACCGAGGCGACCGTGCAGGATCTCTATCGGATGGGGAAACCTGTGCAGTATGCATACATCGAGCGCGATCTCGCGCTCTGGCACGTGCAGACGGCGTACGCGTCACGGCCGTGGGCGGCGGAGATGCCCTCGGCCGGGCGTCCTCTCACGTGGGGGCTGCTGCTCGGGCTGCGCCGGCGCGGTGTGGCCCTGGCGTCGCTCACGCACGCGGCGGGGCTTTCGTCGACGGGGGATGCGGCGCTCGATGCGCGTCTCCCGCTGGCGGAGCGCTACGAGATCCCCGCCGAGACGGTGCGCGCGGTGGCGAAAACGCGAAGGGAAGGCGGACGCGTCGTGGCCGTGGGAACCACCGTGGTGCGCGCGCTCGAGGGGTGTGCCATCGTCCACGATGGCCTCGTCCCCGGCGCCGGGGAGACGAACTTGCGCATCGGCCCGGGCTTCCGTCCGCGCGTGACGGACGGCCTTCTCACCGGCGTCCACGATCCCGCGGCCAGCCATTTTTCATTGCTGCAGGCGTTTGCGCCGCAGGCCCTGCTCGAGCGCGCCTACGCCCACGCCGAACGGGAAGGGTACCTGGGGCACGAATTCGGTGATTCCTCGCTGATTCTACCGGCCTGAGCGTCGTACCCCCTTGCATCAGAAGCGAAAGTGAGGTTCTTTTCGCCCGCAACCATGGCGACGACCACGAAAGAATCCGCACCCCCCGTTCGCACCCTGGCCGATCTCCGCAAGGACGACGTGGTCGATGAAGACGGGGGCGAGTGGTCCGGCCCGAAGCTCGCCGTGCTCGGCGTCATCGCGCTCGGTCTCGCGCTCGTCTTCCTGTACACGATCAGCCCGTACAGCGGCATCATTCTTCCCTGAGAATCACCCTTCCGCTCTAGGGGAAGAACAGCACGGCCTTGTCGCCGCGCGCGACGATTTTCTTGTCGATGATCGACAGGACCGTGGCGCGCCGTGCCGCGACGCCCTTGAGGACCGCCGCCGAGAGCAGCGGCTCGCCCGACTCTTCGCCGAAGGCGCGTGGGAGGGCATCGCCTTCCAGTTTGCGGAGCGCTTCGACGAAGCTTCGTGAGAAGCGTTCGGTGCGCTCCAACAGGGCGGTCTGCTTGGCCAAGGGGCCCGGTGGTACCGGATCGAAGAACGCTCCGTCGTTGTCGATGAAGAGCAGATGCCCGCCTGGCCCGTTGGCCCCGAGGTTGGCGCCGCTCCAGCGATCCCAGTTGCCGGTGATGAGGTCGAACGCGATGAGCGTGGAGATGTCCCCCGCGACGATCCAATCTTTGTCGGGGATCTCCGCACCCGTGAAGAGCCAGGGCTCCCATTCGGCGCGGCTCTTTTCCGTCTCGACGGGGTAGAACTCGAGCTTCGCAATCCACGGAATGAGCGCACCGCGCACGGTGCCGTCGCTCTCGGCGATGGCCTCTTCGTCGAGCAGGCTCGCGTCCTTGCCCTTCGTCGCCTTGCTCAGATCCTTTTTGGCGATGCGGTACGGAAAGGCGAGTGGCACGTTGGGAAGTGCCAGCGCGCGCCCCAATCGATACGCGGCAATCTCGCCCTTGTAGCGAAGTTTTCCACGC
NZ_CP089929.1_gap88	3328314	3331031	2717	TCGTTCTTCGCCAGCTCCGCCTTGATGGCCGCTTCTTCCTCTTTGGCCTTGCCCTCGCGCGTGAGGCGGTTCTGCGTCGCGACGTTGATCTCCTGCTCGCGCGCGATTTCCGCGGTGCGCTCGGCCTCCTCCTGGATCTTCTTCTTCACGGCGATGTTCTTCTCGACCACGGTGTTGGTCACCGTTTGCCGGCCCGAGGCGCCGAAAATGTCGTCGGCGCGCATCTCGGAGAGGGGCGTCTGCGTCAGCTCCGTGATGGTGACCGATTCCAGGGTGAAGCCGTTGCGGCCCAGATCTTCACGCAGCGCATTGGAGACCTCCAAGGCGAAGTGTTCGCGATTGAGGTGCAGCGCGAGAAAGTCGTTTTGGGCGGCGACGGCGCGGAGGGCGCCGACGAGCTTCGGCTCCAGGAGCTGTTGGCTCTTCACGCGGATGGCATCAGACGACGCGTGACCCTCGTCGATGCCGATGGTGCGCGCGGCCTTCTTGACGTCGTCCTCGTTCGGTTCGACACGAATGTAGAACTCCGCGGAAAGATTCGTAGAGATGTAGTCTTTCGTCACGAGCGCGTCGTGGCTCGCACGCCGGATGGTCAGCCCGATGGTGGACAGCGACATGGTCGATGCCCGGTGAAACACGGGGACGATCCAACACGCCTGGCCGATGAACACGTCGGTCATGTTTCGGCCGATGCGGATGATGGCCTCGGAGGGCGATGGTCTCTTGAGAAACCGCGCCATCGACGCGAAAAAAACGAAAAGCACGAGAACGATGGCACCGACGATCGCAAGAACGACCTGCCAGACCTCGAACCCATTGAACATCATTTTCTCCCTTTCCTTTCACCATCGAGCCCTTTTCGGGGGCCCATTTCACCACCGGCCGGCCGCTTTGGGCCGGGCCGGATTTCAAATGCGGCCGACGTGGCCAAGAACATTTCCGATTCCGTGTCGTAATCGACCAAAACGACTTCTTCCCCGAGCTTGAGGGGATCTTCGCCCGTTTCGATTCGGGCATGCACCAAGAGCTCATTTCCGCGTTCGTCGCGAACGCGGATTTCACCGAACTTCGATCCGAGTTCGGGGCTTGCTACGACGCCGATGCGTCCAGACAATTCGTGTTTCGCCGTGGCACCGCGGGTGCCGAGGTCGAAAATCCTCCCGAGAACGCGGGAGAAAAGGCGGGTGGCGACGAGGCCCACCGCGAGAGAGGTGCCATAGGTGACGGGGAGGACCCAGCCCGGGTAGACGAAGGTGCCTCCGAAGCGGACGTACGCAAAACTATTGAACAAGATGCCGGAAAAGCCGGTGAAGAGCAGCCACGTGACCGCCAACACCATGAGTGGGACCCGACCCACTCCGAAATACGAAAGTGCGCCGTGCCATCCATCGGCATCGGCGTCGGAATCTGCATCTTGATCGGCGTCCGCGTCTCCATCTGCATCCACATCGTGATTCAGGTCGACGTCGTGATCGGCGTCGACATTCACTTCGTGATCGCTACCTCCTTCTGCCACGAGGCCCATCAATCCGGCGGCCTGCAAAAACACGATGACGGCTACGAGGCCGAGCATCACCAGGAACGGTGCATTCGACCAGTGATTTAGAAAGGCAAACATGGTTGTGGCCTCGCGAACGTTTGCGGAAGCCCGTTTGGATTTTCGTCGAAGTCGTCGTCGTTTTCGTCGAATCGCAACGTAAATACGCTCATGAGCTCCGTAAACGGATCTTCGCACACGGCGGGACCGATTTTCGAGTGGCGCGCAATGGCACGCTTTCGGCCAACGGCATTAGAATGAGGCGATGAACTGCATGGTCTTGGAAAAACCGACCAAGCACGCCACCGAGGAAGTGCCGTGGCTCGTTCTTCGTGAGCGCGCGGACGACGATGCGCCGGGGCCAGGTGAAATCGTCCTGGACGTGACGGCGTGCGGCGTTTGTCGAACGGATTTGCAGCTTTGCCAAGGCGATGTGCCGTTGAGGCGGCGTCCCGTGGTTCCCGGTCACCAAATCGTCGGAAGGGTGGCGGCCGTGGGCGAAGGGGTCACCGATTGGAAGCTCGGCGATCGCGCCGGCGGGGCATGGCTCGGTGGCAGCTGCGGCGCGTGCGCGCGCTGCGCCGAGGGGCGCGAAAACCTTTGCGAGCGCGCCGAGTTCACCGGCTGGGATCGCGATGGGGGCTATGCCACGCGTGCGCGGCTGCGTGCGGATTTCGCCTTTCGGCTGCCCGATGGATTCGACGACATGGCCGCGGCACCGCTGCTCTGCGGAGGCATCATTGGATATCGCGCACTCAAGGTATCGGGGATTCGCCCTGGGGGGAGGCTCGGTCTTTTTGGCTTTGGCGCCTCCGCACTCCTGGCGATTCAGGTGGCCGTTCATTGGGGCTGCGAGGTTTACGTCTGCACCCGCAATCCGGAGGAGCAGGCGCGCGCGCGTGCCCTCGGTGCCGTTTGGGCCAAGGGCTACGACGAAGTGCCGCCCGTCCGGCTCGACGCGGCGGTGACCTTCGCACCGTCGGGCGATGTCGTCGTGGCCGCATTGCGAGCCCTCGAGCGCGGCGGGGCCGTGGCCATCAATGCGATCCATCTGGATCGCATTCCCTCGTTCTCCTACGACGATTTGTGGTGGGAGCGCTCGCTCCACAGCGTGGCCAATTTCACCCGGCAGGATGCGCGCGAGTTTCTTCAGCTTGCCGCAGACATCCCGGTTCGGACC
NZ_CP089929.1_gap89	3364186	3366841	2655	CTGCGCGCCCTGTCCCGGAAAGAGAAAAGCGATGCTCATGGTGCCTGCCACGGGTCGGCGACGAGGCGGGCACCCTCCGTGGAGGTGCGGAGTAGGAGGCTTGCCGTGGAGGACGCAAGCTCGAGGAGCGCGATGGCGCCGGCCGGTGTCTCGATGCGCACGTCGACGGCGACGGGCTGTCGCGCGAGGTAGGCGACGAGGGCGCGCGCCTGCGATCGCGGGATGGGCACCTGCGCGCGCACCACGAGATCCAGATCGCTGCCCTCGCGTGCGGTGTCGACGCCGCTGGCGAGTTCGAACCCCACGCTTCCGGCGGGGCCCCAGCGCAGGCCGGTGTCGTCGAGCACCGGCGCGATGGCCTCCAGCGTCGACAGCGCCGGGACGCGTCCAAGGCGGTGGCTCGTGCGCCAGGTGCGGCACGCGGCGAGGTGCTCGGGGGTGATGCGCTCGAGAACGCGCTCCGCAGGGACGAAGGCCGCGAAGCGTTGATCGCGTGAGGTTCCGCGAATGCCTACGGCGATGTGCGAGGGGGGTGATGCCCCGCGGCGCACCACGACCCATGGCGCCCGACGAAGGGACGCCGCGACCCATGCGGGCACCTCGCCGCCGAGATCGCCCTCGATGCGGAGCAGATCGTGGACGGTGGCTACCCGTTCCATTGCAGGGCCATGAGGCGGCGCACTTCGAGGGACGCTGCCCGCGTTCGACGCGCTTGGGGGGAGGCGAGGCGGCTGCTCAAATCGGCGGGGCTCATTCGGGCGTCATGGACGGCCCGCACGAGCTCGTCTTTGACGCGCACCACGTCCGCGTTCGACGGAGCGTCGGCGTTCACACCGCCGAGGAGCGCGTGCAAGAGGCCCAGCTTTTCGTAGGCGCGAATCGAATACGACATGGGGAGCACTTCCTCGCCCAAGGTCTCGAGCTCCTTCACCGTGCGGCGTGTGACGCGGGCCGCCGCCTCTTTGCTCATCGCGTGCACGAGCACCTCGGGATCGTCCAAGGCGAGGATGCGGTTCGCCTGGTAGCCGTGCGCGAGAAAGGCCCCGGACATGGCGCGCCCCACGATCAGCGCGATGACTGGGTGGCCTGCCCTGCGCGCCTCCGCGTAGGCGGCCACGGCGCTGGCGCACGCGCGATGCAGCCCGAGGACTTCTTCCTCGCGGCCATAGGCTTGGCTCCTCACGTCGACGATGGCCACGATGGGCCGCTTCGCTTGCCCGATGATCGCGTGCACCTCCAGAGCCAGCGCACGCGCCTGCTCGATGCCGACCTCGCCGTGGCGCGCACGTGGAAATCGATTCGCCGGATCGGCCACCACCGCGATGAAGCGTGCCTGCTCGTCACCGAGCGGCGCATCGGCCGCCCAGATCGCCGCGGAGTGCCGCTGCTCGGGCGCCTGTCCGTCGGTCAGCGCGGTAAACCAGGTCGCGCCCCTCATGACCACGCTCCTCGAATGGCCTCGCGCACCGCGGTGAGGTCGTCCGGCACCAACGCGTCCACCAAGTGACCTCGATGCCGCGCCTCGCCGCCGAAAATGCTCCACACGAGCCGCGGGTTGCCCGCATCGAGTTCGTCGATGCCCGCCTCCTGCTCGATGACCTCGGGCCCGTTCATCCCCACCCGCCCTTGCCGCGTCATGATCAGGTGGCTGCACAGACCGGCGGCGAGCGACATGCCCCCGAAGCAGCCGACCATCCCCGCGATCACACCCACCACCGGCACGCGGGGTGTCAGCGCGGCAATGGCCGCGTGGATCTCCGCAATGACGGCGAGGCCCAGGTTGGCCTCCTGCAGCCGCACGCCGCCCGTCTCGAGCAAAAGGACGGGGTACGTCGTGCGGCCGTTCTCGCACTCCACGAGGGTGTGCTCGAGGGCGGCGGCGAGCTTGCTGCCCGAGACCTCGCCGATGCTTCCGCCCTGAAAGGCCCCCTCGATGGCGCCGATCATCACTGGCTTTCCGTCCATCGTTCCGCGCGCAATCACCACGCCGTCGTCCGCCTGCGGGACGATTCGTTGCATGGGCAACCATGGCGACATGATCCGATCGAAGGGCCCCAAGAGCTCGCGGAAGGTGCCGGGGTCGAGCAGACTCCGCACGCGTTCGCGGGCGCGTTTCTCGATGAAGCTTTCGGCGATCATGCGCGGCTCGCCTCCGCCGCCTGCTCGAGGCGGAGCAAGACGACCCCGGGGGTGGCGCCGAAGTCGTGAATTTCGATGCGCACCGCGGAAGTGTAGCGGGCGAAGAAGCGCTCCAGGACGTGCTTCCACACCTCGCCGTATCCGTCGACGCTGGTGAGCACGGTGACCTCGGAGTGGTCGTTCTCGCAAGGCTCGAACAGAATCTCGAGATCGCCCGAGCCGACGACGCCGACGTGCGCACGCACGCCGTCTTTGGGGCTCGCCGCGGGGTACTTGAACGTCAATGTTTCCATGCGGTGCACCGATCCAGAAAAAGTGTGGCCGCGAGCATGTCCGCCGCCCCACCGGGTGAAGCCTGCAACGCCACGAGCTCGGCATCGAGCGCGCGGAGGGCGCGTTGACCTTCGGGCCGCGAGGTGCCTCCGCCGTCGAGCACGCGCCGTGCGCCTGCTTTCGCGGTGTCCAGCGCACGCTGGCCGCCGCGGTGCAGAAGGCATGTGTCATCGATGTGCGCCA
NZ_CP089929.1_gap90	3457514	3461809	4295	CTCGAGGACGCCAAGCTCGGCCCCGCCGATGTCGACGCGGTCGAGTGCCACGGTACCGGCACGGTGCTGGGCGATCCGATCGAGGTGCGCGCGCTGGCGGCCGTCTACGGAGAGGGACACTCCGGCGAACGGCCGCTGTGGTTGGGCGCGCTGAAGACCAACGTCGGGCACCTCGAAGCCGCCTCCGGCCTCGCGGGCGTTGCAAAAGTCATCGCCGCGTTGAGGCACCGCGCGCTTCCGGCGACGCTGCACACGAATCCGCGCAACCCGCACATCGATTGGGAGCAGCTGCCCGTGCGCGTCGTCGACGAGCTGCGTCCGTGGCCCGCGCCGGAGGGGCGAGCTCGGCGCGCGGCGGTTTCGGCCTTTGGACTCTCGGGTACCAATGCCCACGTGATCCTCGAGGAAGCGCCCGAGGGAGAGCCCCCGGCGGCGGCCCGCGAGGACGCGCCCTGTCCGTTGCCGATGCTGCTTTCGGCCAAGAGCGATGCAGCGCTGAGCGCGCAGGCCACGCAGCTTCGCGCGCACCTCGAGGCGCATCCCGAGCTCCACCGCGTCGACGTGGCGTTCTCGCTGGCCGTGGCGCGTTCACAGTTCGAGCGGCGCGCGTCGGTCGTTGCGCGCGATCGCACCGAGTTGCTCGAGGGGCTGACGGCCCTTGGTCGCGGGGAGGCGCCGAGGAGCGTGGCACTCGGCCACGCCAAGGAAGGCGGAAAGCTCGCGCTGCTCTTTACCGGCCAGGGAAGCCAGCGTCCCGGAATGGGGCGCGGTCTCTACCAGGCCTTCCCCGTGTTTCGCGAGGCGCTCGATACGGTGTGCGCCCGCCTCGATCGTGAGCTGGAGACGCCGCTGCGCGAGGTGCTTTTCGCATCGGACGGAGAGCCGAATGCGGCGCGCATCCATCGAACGGGGTTCGCGCAGCCGGCCCTGTTCGCCCTGGAGGTCGCGTTGTTCCGCCTGGTCGCATCGTGGGGCGTCGAGCCCGAGTTTCTGCTCGGGCACTCCATCGGCGAGGTCGTCGCGGCCCACGTTTCGGGGCTCCTGTCGCTGGACGACGCGTGCACATTGGTGGCCGCCCGCGCATCGCTCATGGAACGGCTTCCCTCGGAGGGGGCGATGGTCGCACTTCAGGCCTCCGAGGCAGACGTCGTCCCGCTCCTCGAGGGGCGTGAGAACGAGGTCTCCATCGCGGCGATCAATGGCCCGAACGCCACCGTCGTGTCGGGCCAGGAGACCGAGGTCCTGGCCATCGCGCGGCGGATCGAAGCACTCGGCCGCAAGACCGCGCGCTTGGTCGTGAGCCATGCATTCCACTCGCCGTGCATGGACGGGATGCTCGAGTCCTTCGCCGGTGTGGTGCGCGGTCTGTCGTTTCGCCCGCCGCGCATTCCCATCGTCTCGAACGTGACGGGAAAGGTCGCGACGTTCGAGCAGCTGGCGTCGCCCGATTATTGGGTGGCCCACGTGCGCCGGGCGGTTCGCTTCTCCGATGGCCTCCAGAGCCTCGAGGCCGAGGGCGTTCGGCACTACCTCGAGCTGGGGCCCCACGGAACGCTCTGCGCGATGGGGCGCGAAGCCTCGGTGCAGGGGACGTTCTCGCCGGCCCTGCGCAAGGATCGCCCGGACGAGGAGACGTTGCTGCTCGCCCTCGGCGAGGTGCATGCCCGCGGCCACGCCGTCGATTGGGCGGCCTTCTTCGCGCCGCTCGGAGCTCGCCGTGTGGACCTTCCGACGTACCCGTTCCAACGCGAGCGCCATTGGCGTGCCAGCGCGCGCGCCTTCGGTGGCGGGACCGCGGTGTCGAGCGGGCGTTACCCTCTCGCGGGCGATCGCTACGATCTGCCGGATGGCTCCGTTCTTCACACGCTGGAGATCGGGCCTCGCGTCCAGACCTACCTGGAGAGTCACGTCGTTTACGGGCGCGTCGTGGTGCCGGGCGCGTTTTACGTGGCCGTCCTCCTGGCCGTCGGCGAGTCCCACTGGCCTTCGCAGGCCATCGAGATCCGCGACGTGCAGTTCCTCCGCGCCCGCAGCTTCGAGCGCCCCGACGAACGTGCCGTTCTGCATGTGCAGCTCACCGCCCTTCCCGAGCAGGACGCCGGCTGGTCGGCCATCGTTTCCACGCGCATCGACGGCGTATGGACCATTCATGCATCCGCCGTCGTCGCGTGCATGGCCCCCGGCGCCTCGCGGACGAGTGCGCCGCGGCCGCCGTCCGATTCCGCGCTCGAAGCAAGTGACGCGCGCACATCGCTCGACGAGGTTCTGCGCTCGGTGCACATCGAATGGGGCCCCTCGTGGTGGTGGCTCCGTCGCGCGAGCCAGCCACGGGAGCGCACGGGCCTCGGGCACCTCGAGGCGCCCCCGGGGGTCCCCGCGAACGACGCGCCGCTGCCGCCCGGCTTGATCGACAACGCGTTCGCCCTCGTGCGCTGGAGCAAAATGGACGCGGAGCGCGGGCCGGAGGCACACCCCGATGTCCCGAAGCTGCCGTTCGCCATCGAACGCATCGTTTGGTACGGACGCCATCACGATGCGCCGTCATGGGCGGAGCACGAGGTGCGAAAGGGTGACGGCGACCGCGACGTCTCCGATCTGACCTTTTGGGACGAAGCAGGCAGCCCGCTCGGGCACATCGAAGCGTACACGACCCAGAGTGCGCCAGTAGACCGCTTCCTCGGCGATGACGTGAGCAAGAACCTTCACGGCGTCGTCTGGGAGCCTCGGCCCTTGGAGGCCGCCGAGCCCCCGCTCCGGATCGAGACATGCGTCGATCTGGCGGCACTGGGCGACGACGTGCCGGACGTCGTCGTCGTGCGGTGCGAACGCGATGGGCTCGACCCCGCGCGCGCGGCCCACGATGCGACCCATCGCGCGCTCTCTCTCGTCCAAACATGGCTCGAGACCCCGAGGTTCTCGCAGGCGCGGCTCGTCTTCGCGACCCGCGGGGCCATCGCCGCGAGGCCGGAGGACGATGTCGCCGATCTCGGCCACGCGGCCCTTTGGGGGCTCGTTCGCACCGCGCAATCGGAGCATCCGGAGCGGGCCATTTCGCTGCTCGATCTCGACTCGAGCGAGACGTCGCTCCGTGTCCTGCCCGCCGCGATTGCCAGCGGGCTTCCTCAGATGGCGCTGCGCGGCGGCCTGGCATCGACCCCCGAGCTCGTGCGGCTCGCGGGAGGGGCGGGGACGGCGCGCCCCTTCGACCCCGAGGGTACGGTGCTGATCACGGGCGGTACGGGCGGCCTCGGTGCGTTGGTTGCGCGGCACCTCGTGCTCGCGCACGGCGTCCGGCATCTTCTCCTTCTCGGGCGGCGTGGACCGGAAGCTCCGGGCGCCGATGCCTTGACGCGCGAGCTGGCCGCGAGCGGTGCCCGCGTTCGCATTTGCGCTTGCGACGTGGCCGACATGGACGCGCTTCGAGGCGTCGTGGCCTCCATTCCGTCCGAGCATCGCCTCACCGGCGTCGTTCATGCGGCGGGGGTGCTCGACGACGGGGTGCTGCGCACGCTCTCCGCCGATCGGCTCGCACACGTGCTCCGCCCCAAGGTGGATGGCGCCATGAATCTGCACGAGCTCACACGGGACCTCGACCCGGCCGCGTTCGTGCTCTTTTCGTCGCTCTCGGGCGTCGTCGGCGCGCCAGGGCAGGGCAACTACGCGGCCGCCAACGCGTTCCTCGATGCCCTCGCGCACCATCGTCGATCGCTCGGATTGCACGCCGTCTCGCTGGCCTTCGGCCCATGGGCGGAAGGAAGCGGCATGGCGACGCGCCGTGGCGGTTCGGACTTGGCGCGGATGAATCGCGCCGGGGTCGCGGCCATTTCGACCGAAGACGGCCTTGCCCTCTTCGATGCGGCCCTCGCGCGCTCCGAGCCTTTGCTGGTTCCCGCGCGCCTGCAGCGCATTCCCGTGCGCCAGCCCGTCGCGCACCGGGTCGAGACGCTTTCATTGCTCAAGCAACGACTTGCGCCGCTGTCTCGAGCCGAACGCGAGCGGACGCTGCTCGAGCTCGTGCACCGTGAGGTGGCCACCGTTTTCGGTCTCACGACGCCGAAGAGCGTCGAGTCCCACCGGCCCCTCCAGGAGCTCGGGCTCGACTCGTTGTTGGCCATCGAGCTGACCAACCGCCTCGCCGCCGCGAGCGGCGTGCGCCTGCCCGCGACCTTGGTCTTCGACCATCCGACCCCCGCGGCGCTGGCGGCGCGCCTCGAAGAGGAGACGGAGCCCGAGGCGGGCGAGCTCGCCGCACCGGCATTCGCGGAGCTCGACAGGCTCGAGGCTGCGCTCTCGGC
NZ_CP089929.1_gap91	3518952	3522448	3496	TCTTCGCCATCGCGGCAGGGCGCGGTCATCTTTGCGCCATCGTTCGCGAGGACGGCTCCGTACGCTGCTGGGGGAAAAATGAATCGGGGCAGCTCGGCGACGGCACCACCACCGAGCGCACCGAGCCCACCCCCGTGCCCAACCTCCGGGGTGTGATTCACATCGCCGCCGGCGATGCCCACACCTGCGCCACCCTCATCGACCGCACCGTCTCCTGTTGGGGCAAGAACGACCACGGCCAAGTGGGCGACGGCACCCTGGTCGATCGCCACGAGCCCACCCGCGTTGCCGGCCTCGAATCCGTGCGCGCCACCGCCCTGGGCGACGCCCACACCTGCGCGCGCCTCTACGATGGCTCGGTGCGCTGCTGGGGAAGCAACGAATACGGACAGCAGAACAACGGCTCGCACGAACAACGCAACGCGCCGGGCCTGATTTCCGGCTTGTTCGACGTCCAGCAGATCGGACTCGGTGGGGGCACGGTGTGCGTGCGCCTCGCGGGTGCAGGAGCCCTGGTGGGCCCTGCGAAGCCTGCGGTGCGGTGTTGGGGAAAGAACGATTCCGGCCAGGCTGGCGACGGCAGCCGCGAAGAAAGGCCGGTCCCGGTTACGGTTCGCTGGTGAGAAATGTCAACTCGTTCAATGGTAAAGTGAGGTAACCCATGGCGATCACCTATCGAAAGGCGGGGGTCGACATCGATGCGGGCGACGAACTCGTCGAACGAATCAAGCCGCTTGCGCGCGCCACCCGCATCGCGGAAGTCCTGGAGGACGTCGGCGGATTTGCGGGCATGTGCCGCCTTCCGTCGGGCCTGGAAGATCCCGTTTTGGTGAGCGGCACCGACGGCGTCGGCACCAAGTTGAAGGTCGCCTTCATGACCGGCGTGCACGACACCATCGGGTTCGACCTGGTCGGCATGTGCGTGAACGACGTCATCACGTGCGGTGCGCGCCCGCTGTTCTTCCTGGACTACTTCGGCACGGGAAAGCTCGACGTCGCGGTGGGGGAGGCCGTCGTGCGCGGCATCGCCAACGCCTGCAAAGAGGTGGGCTGCGCCCTTCTCGGCGGGGAGACGGCCGAGCTGCCCGGCATGTACGCCCACGGCGAGTACGATCTCGCCGGCTTCGCGGTCGGCGTGGTCTCGCGCAAGAACATCATCGACGGCAAACGCGTCGCCGCTGGCGACGTGGCCTTGGGCATCGCCTCCAGCGGCCTGCACTCGAACGGGTACTCGCTCGCGCGGCACGTGCTCCTCGAGACCATGCACCTCGGCCCCGACGACGCCCCCGTCGGTCTGGCCGGAGCCACCGTCGCCCAGGCGCTCCTCCGTCCCACGCGGCTGTACGCACGCCACGTCGCCGCCCTCACGCAGGACGGCACCATCGACGTGCGCGCCATGAGCCACATCACTGGCGGCGGCCTACCGGGCAACCTCCCGCGTGTTCTCCCCGACGGACTTGGCGTCCAGATCGAGGGCACCTGGCCGCGCCCGCCGATCTTTCAGCTCATCGCCGAGGGCGGCCCCGTCGAGGAAAAAGAAATGCGCCGCACCTTCAACCTGGGCATCGGCTTCGTGGTCATCGTGCCGCCGGAACATGCGGCCCGCGCGATCGAGGTGCTGCGTGCTCAGGGCGAAGAGCCCTATACGCTCGGCCATGTCGTCCCGGTCGATCCCGAGACGCCCTTCGAAGACCGCGTGGTCTGGCCGGGAGCCTGAACCATGTTGAACCTGGGCGTCCTCATCTCCGGCACCGGTTCGAACCTCAAGGCGGTCCTCGACGCCATTGCCGAGAAGCGGCTCGACGCGCGCGTCAACGTGGTCATCTCCAACGTGGCCACGGCGCCGGGGCTCGAGCATGCGCGCGCCCATGGCGTCCCCACCTTGGTCATCGACCACAAGGCCTTCCCGAATCGGCAGGCCTTCGACGGCGCCCTGGTCGAAAGCCTGCGCGCGCACGAGGTGGAATGGGTCGTCCTCGCGGGCTTCATGCGGGTCATCACCCCGACGCTGCTCGATGCGTTCCCCCTGCGCATCGTGAACATTCACCCGTCCCTGTTGCCGGCGTTTCCCGGTATGCACGCGCAAAAGCAGGCCTTCGACTACGGCGTGCGCATCGCAGGGTGCACCGTGCACCTCGTGGATGCGGGCACCGACACGGGGCCCATCCTGGCGCAGGCCGCCGTCCCCGTTTTGGACACGGACGACGAGCCGGCCTTGCGCGCGCGCATTCTCGCGGAGGAGCACACGCTCCTTCCGCGCGTCCTCCAGTGGATGGCCGAGGGCCGCGTCACCGTGGCTCCAGCCCAGGATGGAGCGCGCGCCCGCGTATCCGTGACGCGAGGTGAAGGATGAATGTAGGGCCGGACTACGTCGCCATTTGGATCGGTCGCATCCTCCTAGCGCTGGTGGTTTCGGCCTTCTGGATTTGGATCCTGCGCAGCCTCGGTCGCATGCTGCGCGGCCTCGTCGAGTTCATCGACCGCCGGCTACGGCGTCGCGGAAAAGGCTTTCACTTCCGATCCATCGAGGTCCTCGGCGTCGACACGATCATCGCCTTTTTCAAGTCGCTGATCGGCATGACGCGGGCCCTGCTTTCGCTCACGGCGACGTACGTCTGGCTCCTCATCGTTGCCTGGGCGCTCGATCCGAACCATCGCGTGTTCGGCGTCGTCGTGCAGCCCCTGGTCACGGTGCTGACGAACGCCTTCGAGGCCGCCCTGGGGTTCATCCCGAACCTGGTGGTGCTCATCATGATCTTCGCGGCGGCCCGCTTTTCCACGCGCTCGCTGGCCGTGGTGACCGACGCCGTGCGCATGCGCAAACTGGAGCTCGAGTGGCTCGAGCCCGAGCTCGCCGTGCCCACGCGCCGCATCGTCACCATCCTCATTTGGATCTGCGCCCTGGTCATGGCCGCGCCGTACCTGCCGGGCAGCGAATCGAAGGCTTTTCTCGGCGTGGCGGTGATGGTCGGCCTTCTCTTGGCGCTCGGCGCGCGCAGTGTGACCTCGAACCTGCTCGCCGGCCTGGTGCTGACGTATTCGCGTGCCTACCGCGCAGGCGATCGCGTGCGCATCGGCGAGACGCAAGGGGAGGTGCTTTCGTTGGGCGCGCTCACCACGCGCATCCGCACCGAGGACAACCGTGAGGTGGTCATCCCCAACGCCGTGGCGCAGTCGGGGCTCATCACGCACATGGTTTCGCGCCCGCGGTCCTTGAGCACCATCAACGCGTTCGAGTTCGTGCGCACGCAAATGCGCCCGCGTCCCTCGGAGGTTCCGCCCTCCGGTACGGCCCCCAAAGCGGGGCCTGGGGCTCCGCCCATCCCCGACGCCGTTTCGGCTGCACCTCCGCACGTTGCCGAGGTGGACGCCGTCCTTTCCCCTTTGGCGCCCAACGCTCCCCCGCCGCCGTCGCTGGCATCGCTTCGTGCGGCGGCCGAGCAGCAAGAGGACGCCCCGTAAGACCATGGCCAAACACTACGACGTGGTCGTCCTC
NZ_CP089929.1_gap92	3524286	3525317	1031	ACGGGACGCTTCGAGGTCGAGGGCACCACCGCCACCGTCGTCGTCGGCCCCGATCGCATCGACCGCAGCTACACCGCCGAGGGCGCGCAGTTCGAGGCGCGCATCCTGCCGCTCTTCCAAAAGCACACCGACTTCGGCGTCCTCGAGGGCGACAAGGCCGTCGTCGCCGTGCGCACCTTCGAAGAGTCGCTCCTGCCGGGCGACGAAGTCGCCGTCATCGGCATCGCCCGCCGCTCGGGCGCCGACGTGCGCATCGCCCCCAGCCGCGACGGCCTCTTCGTCGTCCAAGGCGACATCCAATCCCTCGCCCAATCCGGGGCCATCTGGCGCGAGATCCCCGATGCTTAACCCACAGAAGAAGGAAACCGCCAGGACGCCAGGGTCGCCAGTGGCGCCGACGGAAACGGCCCTGACCTCTGATTTTTTGATTGGGCGACCCCAATCAAAACCCAGGGGCCAGATTCGTTTCAACCTGGCGACCCTGGCGTCCTGGCGGTTCCTTCTTCTGTTGGTCCTCCCAGCGTGCGCCAATACGGGGAAGGTGGAGGCGGGGTCGCTTTCGCAGGCCATCGAGCGCTACCGGGTTGCCGACAACTCGCTCAAAGGATCCATGGCCGAGGCCCTGGATCACACGCCGTGTTCGGTGGTGGACGTCTGCGAAACGAAGCGGGCGTGCCTGGCCGTTAGCGGGCCCACCGCGCGGGCACTGGCCCTGAAACACCAGGTCGAAGTCGGCCTGGCGGAGGTGCGCGCGGGCAAGTTGGAGCACGATTCCCCGGAGGCGCGCGCCCTGCCCGACAAGCTCGACGAGGCCGCCCGCCTCCTCGAGGAAGGGCATGCGGCGCTTCCCACCTGCGACGAAAAGCTCCAGGCCCTCAAGCGAAAGTACGGAATCTAAAGCGGACTTTGGCGGAGGGGACGGACAAATTGCGCGGTCCGTGGTAAGCCCATCCCCCATGTTCGACGCATTGGCCAATGGCTTTCGGCAGGCAAAAAACCGCCTCGCCGGTCTTACGGAGCTCAACGAGCAG
NZ_CP089929.1_gap93	3548511	3552289	3778	GCGCGCATGATTCGCATGGCCCGCCACCGCGCCGATCTCGCCATCGCGAACTCGCACGCGGTGGCCGAGGACTTCCGCACCGTCGCGCCGGATCTCCACGTGCGGGTCATGCACAACGGCGTCGACACCAGCCGGTTCACCCCCGAGGGGCGCACGGCGCCGCTCGATGCGATGGCCAGCCTCCCGCCGTTGCCCGAGGGCGGTGTGCGCGTGGGGCTCATCGCCACGTACGCGCGCTGGAAGGGACACGATGTCTTCTTCGAGTGCGCCAAGCGGCTCTTGCAGCGCAGCGGCGTGCCGCCGATGCGCTTCTACATCATCGGTTCGCCCATCTACACCACGGGTCGCGCTGGGCAGTACTCGTTCGAAGAGCTTCGGGCCCTCGCGGAGTCGCATGGCATCGCCGAGCACGTGGGCTTCGTCCCGTTTCAGCTCCGCCCCGATGACGTGTACCGTGCGCTCGACGTCGTCGTGCATGCCAGCACGCGCCCGGAGCCATTCGGTCGCACCATCGTCGAGGCGATGGCCAGCGGCCGCGCCGTGGTCGTCAGCCGCGCCGGCGGGGCCGCCGAGCTTTACGACGAAGGCGTGGATGCACTCGGAGTGCCTCCCGGCGACGCCGAGGCCATGGCCGAACGTGTGGCGCAATTGGCATCGGACGCCTCGCTGCGGAGCTCCCTCGGTTCTGCTGCCCGAAAAACGGCAGAACGCCGCTTCGCGCGCGATCGTCTCGGCGCGGAACTTCTTGCTATCTACGCGGATCTCTTTCGAGAAGGGATTCGACCGTCCGCTCGACGCAGTTCTTTCGCGTAGCCGTCACCAAAAAGGTGCGATGGGCGCGTGAATTTCTACGCGGTGTTGCGCCACGAACTCCCCGCGGTGTGATAGGGTCCCCCGACCCTAACCGCTGTCTCCCGCGAGAAAAAACGGATGTTCAGCGCAATCATCGCTTTCTTCCTGGCGACCGTGGTCGCCGCCCTGCTTACGCCGATCGTGAGGCGCCTGGCTCTTGCCGTCGGCGCCGTGGACGATCCCAGTGCCCGCCGGGTGCACACGCGCCGCGTGCCAAGGCTCGGTGGCATGGCCATCGTGCTGGGCTTTTTCGTCCCCCTGGTCGCCCTTTACGCGCTCGACACCCAGAGCGCGCGCATTCTGTTTTCGCAGCCGCGCGTGGTTGGCGGATTGGTCGTTGGCTCGCTCATCATGGCCGGGCTCGGTCTGTGCGACGACGTCATTGGCGTCGGCGCGAAGATGAAGCTCGCCCTGCAGGTCACCGCGGCCGTGCTTGCTTATGCGAGCGGCCTTCGCATCGACGGCGTGTCGCTTCCGTTCATCGGGGCGATCACCTTTGGCTGGGCGGCGCTGCCCGTCACGGTGCTCTGGTTCTGCGGCATCGTGAACGCGCTCAACTTGATCGACGGCCTCGATGGCCTCGCGGGTGGCGTGGCGTTCTTCGCGTGCCTGACCAACACGGTCGTCGCCTTCATGGGCCACAACGTATCGATTGCGCTGCTCTCGGTCACGTTGGGCGGCGCCATCGTGGGCTTCCTGTTTTACAACTTCAACCCCGCGAAGATCTTCATGGGCGACTCGGGAAGTATGTTCCTGGGGTTCGCCTTGGCCGCGAGTGCCTTGTTGGGCGCCGGCACGCAGAAGACGCCCACGCTCATCGCCATCATTGCGCCCCTGGTCGCGTTGGGGCTGCCCATCATGGACATGCTCTTCGCCATCGCGCGAAGGTTCCTGATGCGCCGCTCGATCTTCGCGGCCGATCGCGGGCATATTCACCATCGCCTGCTCGACCTGGGGCTGACCCACCGGCGCGCCGTGCTGGTGCTCTACGCGATCAGCCTGGCCTTCACGGTGATTGCCCTCGGCCTGCACTTCGGCCGTTCCTGGCAGGTGGGTGTTGCGCTGGTGGTGCTCACCACGCTCATCTTCGGTGTGGTCCGGTTCGTGGGGGCGTTCAGTATGACGTTCGCCTCGCACCGAGGGCTGGATCCGCTGGTCGACAAACTTCGCCGCGCCGTTCCCGACGTGATCGCGCGGATCTCCGTGGCGAATCTGGACGATTTGCCCAAGACGCTCGAGCGCTTCGCCGAGGAGCACGGGCTTCTCGCCGTCGAGGCGAAGGCTCCCTCCGGGGCGCGCATGGGCAGCTTTCGCTGGGAAACGTCGACGGCCCGCGCGGTGAAAGAGGCGGTATCGGCCAAGTTTGCGCTGGTCGATGCCACGTCGAACCCGCTCGAGCTCGAGTTTCAGATGGACAGCCCCGACGGGGTTGTCGGTCCGCAGGCGGAGATCCTCTTGCAACTCGTGGCCGACGCCGTAGAAAGCCGATTGCAGCGCGTGGTGCGCGCCCGCGCCGCGAGCGCATCAGGCCGCCTGCGGCCAGTTTCATGATGTGGGGGGCTCCGCCTCCAGGATGAGCAAGTAGTGGGGGGCTCCGCCGCCCCACGCCCCCCAGAAGCCCCCGAGAGAAGAGGATGAATCGGTGACGACGACATCGGCCGTTTTCGTGATCGCGGAAGCAGGGGTCAATCACAACGGACGCCTCGACTTGGCCCTCGAGCTCGTGGACACCGCAGCTCGTGCCGGGGCGGACGCCATCAAGTTTCAAACCTTCCGCGCCGAGTCGCTCGCCACGCGCAGTGCGGCCAAGGCGGAGTACCAAGAGAAGGCTACGGGGAAGGCCGGTTCGCAGCTCGACATGCTGCGTGCGCTGGAGCTCGACGAAGAGGCGCACCGCAAGGTGGTCGAGCGCTGCCAGGAGCGCCGCATCGAGTTCATGTCGACGCCGTTCGACGTCGACAGCGTCGGGCTGCTCACCCGCCTCGGTGTGAAGCGCTTCAAAGTGCCCTCCGGCGAGATCGACAACCCGCTCTTGCTGCGGGCCATCGCGCAGCAGAATACTCCGGTGATCCTCTCCACCGGCATGGCCACCTTGGCCGAAGTCGAGGGGGCCCTCGGCATTCTCACCGCAGCATGGCTCGGTCAGGAACGGCCCGGCAAGCCGGGCCTGGGGCAGGGGCCCGAGTCGCTCTGGTCGGATCGCGGCAAGGTGCTCGTGGCCGAGCGCGTGACGTTGCTTCACTGCACGAGCCTGTATCCTGCACCGGCCGAGGCGGTGAACCTGCGGGCGATGCAGACCATGCGCGACGCGTTCGAGACGCGCGTCGGCTACTCGGATCACACGTTGGGCGTCGGCGTCTCCGCGGCCGCCGTGGCCTTGGGCGCGACGGTCATCGAGAAGCATTTCACCTTGGATCGCACCATGGAAGGCCCCGACCACAAGGCCTCGCTGGAGCCCGAGGAGCTCGTGTCGTTCGTGGCCATGTTGCGCGACGTCGCACTGTCGTTGGGCAGCGCGCGCAAGATGCCCACCGCGGCGGAAGTTGCCATGCGCGCGGCGGCGCGTCGCTCGCTCGTGGCGGCGACGCCCATTCGCAAGGGCGAAGCATTCACCGCGGCCAACGTCGCCTTGAAGCGACCGGGCACCGGCATGAGCGGGCGCTCCTACGACGCGCTGCTCGGTCGAACCGCCTCGCGCGACTACGCCGAGGACGACTTGATCAAGGAGTAATCGCGCGTCACACCGCCGTCCAGCCGCCGTCGACGAGGAGGTGCTGGCCGGTGACGTAGGCGGAGGCGTCGCTCGCGAGGTAGGCGAAGGCGCCTTTCAAGTCTTCCTCGACGCTCATGCGCCCGAGCAGGGCGCGCTCGGTGTAGCGCTCCACGAAGCGCGGATCCTGACCGCGCGCCACGCCGCCGGGGCTCA
NZ_CP089929.1_gap94	3574446	3578465	4019	GCTGCTATTCGTCTTTCCCGCCTTTGCTCTGCCTGCGGGCAACGTGGCGCTGCTCTGGGTTCTGCTCTTTGCCATGCAGTTTACCAGCCAGGGCATTTCCGGCCTTTTGCCCAAATACATTGCCGATCATTTCCCAACGCGCTTGCGCGCCGCGGGGCTCGGCTTCACCTACAATGTTGGCGCGTTGGGCGGCGCCGTGGCGCCGTTGGCGGGGACGACGATCGCGGGCCACGTGGGCAACCTCGGCACGGCGTTGATGATCCTCGCGGGCACGCTGACCCTCGTCGTGGCGGCCATCATTGGTTTCGACCTACCGGCCCGTATCGGGCGGGCCTTCAAATCCGATGACGAGCTTTCATCGGACATGACGACAGAAAGGAATACCACTCGTGCAATGTGATTCTCGTTCTCTGCGTGGAGTCATTCCCGCGCTGGTGACACCCATCGACGGCGAGGGTGACGTGGACAAGCGCTCGCTGGAGCGCCTGATCCGTTTCCAATTGGACGCCGGCGTGCACGGCATCTTCGTTGGCGGCTCCAGCGGCGAGGTCGCCTTGCTCGACAGTGTGCAGCGCGGAAACTTGGTAAAGACCGCCGTCGGCATGGTCGCGGGCGCCGTGCCCGTGCTGGTGGGCGCCGTCGATACGGGCACGCGCCGGGTGATCGAGCATGCGCGCAAAGCGGTAGCCCTGGGCGCGGACGCCGTGGTGGTGACCGCACCGTTTTACGTGCGGCCGAATCCGCGCGAAATCGTGGAGCACTTTCGCTTGGTGCAGGCGGCGCTGGGCCACCCCGTGGTCGCGTACGACATTCCCAGCGCCGTCGGCAGCCGGCTCACGCCGGACATCGTCGAGGAGCTCGCCGCCTCGAAGCTGGTGGTCGGCCTCAAAGACTCCAGCGGCGACTTGGTGACCTTCCGCGAGATCTTGCGCCGCACCCGTCGCCTGAACGGCTTTCCCGTGCTCTCCGGCTCCGAGTTGCTGGCCGATGTCGCCATCGAGCTCGGTGCACACGGCCTCGTTCCGGGGCTGGCCAACGTCGACCCGGATGGGTACGTGCGCTTGTTCCAAGCCGCCAGCCATGGCGATCGCGCGAAGGCGCGCGCGGAGCAAGATCGCCTGGCGAAGCTCTTCGAGATCATCTCCGTGGCCGATCTCGGGCGCATTGGCTTCACGGCGGGAGCGCTCGGTGCCTTCAAGGCGGCGCTCGTTCTGCGCGGCATCATCTCGAACGGCGTGACCAACGTGCCCCTTTCGAGCCTCGTCGACCGCGAGCTCGCGGAGGTTGCTACTATTTTGCACGAGACCGGCCTCGCGCCCGATATCCCGCTTCAGGTCGAAGTCGCATAGCGCGGTCCGCCCTTTCCGCTAAGATAGGCGTCCTATCGACGTTACTTATTCTTATCGTCTTAGCGTAAAAGGGAGGACGGAATGCGCTCATTCCGAAAGAGCTGGGCCTATCTTGGGGCCATCGGATTCGTTGCGGGTACATCGTGGGTCGTTGCGTGCAGCTCCGACGGTGGCGGCGGGGGCCCGATTTCTCGGCCGGACGCGGGCCCGGACGCGGGTGGCAAACCGTCCCCCTTGTGCACGTCCGCGCACTTTTGCTTGGAGTATCCATCCGTCGCTTGGGAGAACTTGCACGCTCTCGTCACCACGGCGGGCGGCGACCTTTGGGCCGCCGGCGACTACGGTGTGCTGCTCCACATGCCGAAGGGAGCGCAAACGTGGACGCGGATGGCGAGTCCGGTGTCGGCCTCCCTCCGCGCCGCGGCCGTCACCGGCGAACGCGTTTTCTTCGTGGGCGATCAAGGTACGGTCGTGCGGTGGGATGGGCACCAGCTCACCGTGGACACACTGGAGTCGCGCGTCGACCTTCGCTCGGTGTGGGCCGCGTCGGAGAACGACGTTTGGGCCGTCGGCGGGTGGTCCTCCGCGGACGCAGGCAGCTCGGGCGTCATCTGGCGCTTCGACGGCTCGAGGTGGTCGCCTTTTGCGAGCGCAACCTCGGCCATCATCGAGTCCGTGCATGGCTCCGGGCCCAACGATGTCTGGATGGCCAGCAAGCAGGGTGTGTATCACGTCGTCGACGGCGTCCTGCAGACGGTCTTGTCGGTGCAAAAATCCCACCCGCGCATTTGGGCGCGCTCGCCGCGAGAAGTCTTTCTGAGCAGCTCCGGCTACCCACCGCAGATCGAACGATTCGACGGCACGAATTGGACGAACGAAGTCCTCGAGGTGCCGGTCCGAGTCGAAGGCTTCGTGCCCGCGCCCGACGGTGCGCTTTGGGCCGCGGCGACTCCGTTGATGCGGCGGGAGGCAAACGGCGTCTGGAAATCCGCGCCGGATGTGCAGGCGTTCAAATACGGGGAGGTCCAGGTTCATGCCGAGGCACTGGGCTTCCGTGAGGGAGAACCGTTCGTCGCGGGCGAGAAGGGCCTCCTTTTCCGCGCCAAAGATGTTTTCCATGAGGCGATGACCAGCGGGTTTCAGTATGCCAAGGCATTTCCTGCTGGAAGCATCCTTCAATCCGGCTCCTCCATGCTCACCTACGACACCCAGGGCTTTCATCGGATTCACACCTCCGATCGCGTGGGCGGCAATGTCTGGGTGGCGGCCAATGCCTGGAACGACGTCTTCTTCGCCGTCTCGGGTTCTTCACAGTGGGACGGCGCTCTTACCGTCGAACGCTACGACGGGGCGCAGGTCAAAAAGGTTTATGCGGGAGGGGGTACGTACGATCATTATTGGCCGCTCGAGCTTGCGGCCAATGGCGACCTCTATCTCGGGTACACGAACACGGGCATGCACGCGCCTTATCCAACCCAGTTGGACAAGCTCCCGGCCTCGAGTACCAAGTCAGCACGGGCGGGTTGCGGCTACGGGTGGCCGTGCCGGATCATCGGCTCGGAGCTCCTTCTTCAGTCCGAAAATGGGGCGGGACGGCACCTCGCGCCGGATGGGAGATGCGAAGAGGCGCCCTTCGCATGGTCCGACGTGAGTGGCCCGAATTATCAGAACGTCTATACGCTCCGAAACGACAACGGAACGAGCATCTTCGGGCACTTCGATGGCGCGCAATGGAAGGAGCTCGCGCGCCCCGAAGGCAAGTATTGCGGCGTCTTCTACTTGGCCGACAACGACGTCTGGCTCAAATCGTGCGGCGGCCCCCGCCACATGTTGCGTTGGAACGGTCAGACCTTCGAGAAGCTGCCCATTGGCCTTCCCGAGGGAGAAGGCGATATTTCGCTCGTCTTCGGGACCGATCCGGAGCACCTATGGGTCGCCGACTCGGGGCGCATCTTCCGCTACAAGCCGTAGCGAAACGTCAGACGCGGTGGGCGCTTTTGCGCCCACTTGTCAGTCCCCGCTGGCCGCAATACGAGCATACAGCGTCCGCGCCCGCTCGCGGCCGGCGAACAAGATCAGCGAATCGCGCATCTCCTCGGAAAGGGTGTCGCGCATGGCCGCGTCCAAGTTCGGCGCTGCCTCGGCCCAGAAATTCTCCACCACCGGGACGAAGGGAAAGGGGCGGGGCAGGCGGTTCATGTACATATCCGCGTACGCCCACGAGAGGTCGATCACCGATTGTTCCAGGCGGCCGCTGGTCTTCAGCAATTCGCCAATGCGCCGTTCGAGATCGGCCTCGTTCTCCACGTCGATCGTGAAGCCCTTTCGTGCATAATGCACTTGGGTCGCTACCACCGAGGGCACGCCGCGCATGGCCAGCTCGAGGCCCGTGGTGGAGCTGTAGACCAGGCCCACGGAGGTCATCTTCATCAACGCGTAGGTGTTGACCTTTTGATCGCTGGCGATGAAGCGGAAGTGGGCCGGAGGCTGCGGGATCGCGCGTTCGTACATCTCCTTCGCCGTCTCATTCGCGCCGAGGATAATCTCCGCGGGATGTGCGCGAATGACCACTTGGCAGTCGTCTCGTCGGGCGAGGATGCGAAGCGTCGACTCGAACCAGGCACCCAACGTCGAGAACGCGCCAGGGGTTCCGATGACCGCCGTGTCGAA
NZ_CP089929.1_gap95	3777232	3780652	3420	CATTCTTCCCTGCAAATTCAACGCGTGTGGTCATGGCCCTGTCTCCTAAGGTTTTGCTGCTGACATGCCGCTCTTGCCTGGTTTGCCTACGTGTCTGGCACTGCCGGGCCAAGATAGAGGTGCGCATGCTAAGACGGAAGTCATGAGGATGGTTCTCGTAGGTGCGTTCGTGTTGAGCCTCTGGGGTAGCGTCGGATGCAGCAAGTCGGATGAGGCAGCGCAGGTGCCCGCCGGCGGCGAGCTGAAGGTGGAGGCCAACGAGAAAGGCTTCACCCCCAGTGCGATTGCGGTGAAAAAGGGTGCAACCTCGCACCTGGTGTTCACCCGCACAAGCGAGCAAACGTGCGCCACCGAGGTGGTGTTCCCCGATCTGGGCATCAACAAAGAGCTTCCCTTGAACAAGCCGGTGTCGATCGACATCCCCGCCGATCAGGACAAAACGCTGACGTTTGCCTGCGGCATGAACATGTACAAGGGCCAGGTCGTCGTTAAGTAAGAACGGCGCGCACGCTCTCCTCGACGATGCCGAGCAGCTGCGTGAGGTCGTCGTTCGAGATGGTGAGCGGCGGCGTCACGTAGACGGTGTCGCCCAACGGTCTCAAGTAGGCGCCGCGGCGGCGGGCCTCATCGTAGACGCGCCATCCGATCTTGCCGAGGTAGCCCTGCCCGAGATCCGCCGCGCCGACCATGCCGAGGTGACGCACGCGTGCCACCCCGGGGATCTCGGCGATGCGCGCGAAGGCGCGCTCAATGAGGAGGCTCTTTTCCTTGGCGCGCTCGAGGATCTGCTCCTCGCGGTAGATGGCCAACACCTCGCGCGCGAGGGCCGCGCCCAGCGGATTCCCGCAGAAGGTGTGCCCGTAATAGAGCGCTCGATCTTTCGTTCCGCGGAAGCCATCGAAGACCCGTTCGCTCGCGAGGGTGGCCGCCATGGGAAGGATCGCCGAGAAGGCCTTGCCGATGCACATGATGTCCGGCGCGATCCCGGCATGGTTCACCGCCCACATGGGACCGGTGCGGCCATAGCCGGTGAACACTTCGTCGGCGATGAGCATCACGTCGTGCCGATCGGCCAACGCGCGAAGCTCGCGCAAGAACGCCGGATCGTAGATGCGCATGCCCGCGGCAGCCTGCACCATCGGCTCGATGATGATGGCCGCAGTCTCGTCGGCCTTTTCGCGCAACAGTCGCGCGAGCGTGTCGAACGCGCGCGCGTGCGCGTCGACATCTGGCACCGGAACGCGCACGCAGGTGAGGCCGATGTCTCCGACCACGCGGCGAAAGACCTCGAGCCCGCCGAGGCTCGCCGCGCCCAAGGTGTCGCCGTGAAAGGCGCCCTCGAGGGCCAAGGCCCCGCGCTTCTTCGGCGCGCCGTTCTGCCCGTACAGCTGCAGCGCCATGCGAAGCGCCACCTCGACGGAGCCGGAGCCGTTGTCCGTGTAGAATACACGCGTTAGCCCGGGCGGGGCGATGGCCACGAGCTCCTCGGCCAAGCGCGCCGCCGGTTCGTGCGTGGTGCCTGCGAGCGAGCAATGGAGGAGCCCTTCTTCGGCCTGCCGCCGCATCGCCGCCACCACGCGCGGGTGCGCATGGCCGAGTGTGGCCGTGTACCACGAGCTATTGCCATCGAGGTAGCGCCGGCCGTCCACGTCCTCGAGCCACGCGCCCTTGGCGCGCGCGATCACCAGCGGATCGCCGGCGAGGTACTCGTCCATCGCGGTGTACGGGTGCCAGACGTGCGCCTTGTCTCGGGCAACGATTTCGTCGCGGGTCATGCCCCGCTTACTAGCACGATCAGGAAGGGAGACCGCCACGGAGCTTGGCGGCGCGTTCGAGGTCGGCCTGGTTCACGTCGTCGGCGCCCGCGGGGAGGCAGACGGTGACGGTGGTGCCTTCGCCGGCGCGGCTCTCGATGAGCAAGAAACCGCCGTGAGCCTCGACGATGCGATCGACGATGGCCAGGCCGAGCCCGGTGCCGCTGGGGCGCGTCGTGAAGAACGGATCGCGCGCGCGCAGGCGCACGATGGTGTCCATGCCCTCGCCGGTGTCGCGGATGTGGACGGCGAATCCATCGAAGCCGTCGTCCTGGCGCCGATCGACGTGGAGCGACAGCGTGCCGCCGTGCGACATGGCCTGCACCGCGTTCTCCACTAGGTTGTCGAACACCTGGCGAAGGAGGCTCGGGTCGCCCCACACGTGCGGATTCTCCACGTGGTACTTGGTCGCGACCTCGATGCTCTTGGCCTTGATCTTCGCGAGCTGCAGGGCCCGATCGAGAAGATCCGATATGCGAATCTTCGACTTTTGAACATTGACCGGACGCGCATACCGCAACAAATCCGACACCAGTCGATTGAGGCGCGTCGTCTCTTCTTCCAAAATGCCCAGCAGCGTCGTTTGATCGTCGCGGGGCAGGGTGGGCCTGCGCAGGCCTGCGACGGCATTGGTGATCACGGCCAGCGGATTGCGAACCTCGTGCGCGACCACCGCGGCCAACTCGCCGACCACCGCGAGCTGCTCTTTGCGCCCGAGCTCCTCTTGTGCGGAGTGGAGATCGCGGTACGACTTTCGAAGCTCGCGCGTGGTGTGCTCGAGCTCCTCGGTCCGCGCCTCGAGCTCACGGCTCACGGCGGAATAGCGGAACGCGTACGAGCCCGACCCGCCCAGCAAGAACGCGACGAACCCAAGCCGGCCGATGCCCGATCCGCCGAGTGCACCGGTCGACACCATGGCCTCGTGCACCATGGTGAGAAACAAGAGGAACATGCCGGCGGTGACCGGCAGCGCGTCCTTCATCCCTTCGAGGTAAAGACGCGCCAGGCGATAGGTGGCCACGCCCACACCACAGGCGAGGAGCAGCACGATGGTGATGCCCAGCGCCGTCAGCCGGCTCTGAAAGAGCGCCGACCAACCGGAGATGTCGTCTTGCTGCTGCAAGATGTTCGCGGCGTCGAGGACGCACGCGAAGAGCCCTCCGCCGTACGCGAACCATAGCCATCGCCGCGTCTGCGCCACACTGGCCCGGCGCTCCGCATGGTGCATGACCGCGAGCAGCCCGATGACCACGCAGGCAAACCCGAATCGACCATCGTGCGGGCCGGCGTGCGAGAGGTGGAACAGCTGCGTGAGCGAATAGCCAAATTGAGAAAACGCGAACAGCGCGAAAAATACGAGATCGCTGGCCCACGCTTCACGCGACCAGACGAAGGCCGAGTAGAGGCCTACGAAGGCATATACCGCGAGACTGCCGCAAAGGGCGCCGAAGGTCCAATCCAACTTGGCGGTACCATAGCCGGAGATTCTCCCTCCGTACACGTGCCCGTGCCCGTGCCCCTGCCCGAATTCAGATCGGGAAGGGGAACGGGAACGTGCATGGGGGGCTGCAAGCTACTTCTTCGGCGCGGCGGGCTTGGCCGAATC
NZ_CP089929.1_gap96	3786041	3788830	2789	CGGCGATGGAGTTCGAGCCGCGGAGCCCCAACTACCGCGTGGCCTTCTCGCTGGAAGATGCCGACCTGCCGGAGCTCGTGCGTGTCATCGGACAGCTCACGGGCAAGCGCTTCATCTTCGGCGGCAAGGTGCGCAACATCAAGGCGAGCGTCTACTCGCCGCAAAAAGTCACCGTGGCCGAGGCGTATCAGGCGTTCCTCTCCATCTTGGAGACCAATGGCCTCACCGTCATTCCGCACGGCCGCTTTCTGAAGATCGTCGAGACGGCGGGCATCGCGTCGCAGTCCACGCCCACCGTCGGCCCGCAGCAGGGCGCCCCGGTCGAGGATCGCTACGTCACGCGCATGCACCGCCTGCGCAACGTGAACGCCGACGAGGTGGCGAACCTGCTCGGCAAGTTCAAGAGCAAGGACGCGGACGTCTCCTCGTACAGCGCCGGCAACATGCTCATCCTCACGGATACGGGGACGAACATTCGCCGCATGATGTCCATCGTCGAGGAGATCGACGTCGGCGGCGCCGGCGACCAGATCTGGATGGAGACCATCAATTACGCGTCCGCGGCGGACATCGCCCAGCGCGTGAACGAGCTGTTCGACATCAAGAGCGGCTCGTCGTCGTCTCCACCGCCATCGGGCCCGCGCGGCGGACCACCCGCGGCGGCGGCCAGCAGTGGCGGCAGCGGTGCGGGAGGGGGGGATCTCCACATCTCGAAGATCCTTCCGGACGAGCGCACGAACAAGATCATCATCGTCGCCACCGAGAAGGCGTACCTGCGCATCCTCGAGATCATCAAGAAGATGGACGTGCCGCAGACGACGGAGGGCGAAATCCACGTCCTTCCGCTGCAGCACGCCGACGCCGTCGAGCTCACCAAGACGCTGAACGAGATCATCACCGGCACCGGCGGCAGCTCCGGAGGCGGGGGCGGCGGCCAAGGCGGTCGTGGGCAACAGCAGGGCGGCGGCGGCGGCGGTGGTGGGGCGCAGCAGCAAGGCATTTTCGAAGGTGGTGTCAAAGTCAGCGCCGACAAGGCCACCAACTCGATCGTCGTCACCTCGTCGATGCGCGACTACGCGTCGCTCCGTGCGGTGGTCGACAGGCTCGACCTTCCGCGTCGCTCCGTGTTCATCGAGGCCGTCATTCTCGACCTCTCGATCACGCGCTCCAACCAGCTCGGGTTCAACTTCCACGGTGGCGACACCTTCGGCGAGAACAGCGACGGCCTCATTTACGGCGGCTTGAATCCCATCAAGTCGATCGGCCTGCCCACGGCGAGCCCCGAATTGCTCCAGGGCCTCGCGCTCGGCGTTCGTGGACCGGCGATCCCCGGCTCGGAAAACCTGCTCGGTACCGGCATTACGATTCCGTCGTTCGGTCTCGTCGTCCAAGCGCTCGCGACGTCGACGGACACCGACGTCCTCTCGACGCCGCACATCCTGGCGACGGACAACCAGAAGGCAATCATCAACATCGGTGAGAACATCCCGCTCCAGCAAAACCTGAGCCTCCCGTCGTTCCCCGGCGTGGGTACGGGTGCGCAGTCGCAGGCCGGTGCACTCGGCGCGTTGGGCGGTTTGGGCGGCTTCGGCGGCTTCGGTGGAACGGGCGCTCGTCAGGACGTCGGCACCAAGCTCACCATCACGCCGCACCTGAACGACTCGAACGAGGTGCGTCTCGAGCTGAACGAGGAAATCAGCGAGGCGAAGTCCGCCGTCGGTACCGCCGGCGTCGTTCCCATCACCAAGCGCAATGCCGAGACCATGCTGGTCGTCCAGGATCAGCAGACGGTGGTCATCGGTGGTTTGATGCGAAATCGCCTGACGCACTCGGAGGAAAAAATCCCGGTATTGGGCGACATACCCGTACTGGGTGCGCTGTTCCGTTCCACGAAGAACGGCATGGAAAAGACGAACCTCATCCTCATCATGACGCCATACATCATCCGCGAGCAGGCGGATTTGCGTACGATTTACGAACGCAAGATGGAAGAGCGTCAACAATTCCTGGATCGCTATTTCGTATTCAGCGACGACTCGGATTACCAGCCGCCGAAGGACTATTCGCGCACCAACGGCCTCGTCGAATTCATTCGTCAGAGCTACCGCGGTGTCGAAGAGCGCAAGAAGCTCGACGATCTCTTGAAGCCGAAAGAGCTGATCACGCACGAGCCGAGCGAGCCGCTGGAAATGCCTGCCGCGCCACGCTCTCCGTCGGTCAATCCCGGCGCGCCGGCGCATCCGACGCCGGCACCGACCATCACCCCGGGACCGGTTCGCGGTGCTCCGCCGCCCACGCCCTCGCCGGGTGTGACGGTGACGCCGCCGACCCGGCAGATCAACCAGGTGGAGCGCTAATGGCCGAAGAGCGCTTCATGGGCGAGCTCCTCGCACGGCGCGGTGTGGTTCCGCCCGAGCGCCTCGAGGGCATCTACGCCATTCAGAAAGAAAAGGGCGGCTCGCTCATCGACTTGCTCGTCGATGCGCAGATCACCGACGAGGCCACGGTGGGGCGCGCCCTGGCCGAGGAGGCGGAGCTTCCGTACGTCGACCGCATCGAGTCGGAGAAGATCCCGACGCAGCTCGCCACGCGCGTTCCCATCACCTTCGCCAAGCAGCACAAAATCGTGGTCATCCACGAAGACGATCGGGCGATGCATGCCATCTGCGCCGATCCGTTCGACACCGCCGCGCTCGATGACCTGCGCCTGCTCTTCGGCAAGCCCGTGGAGGCGCAGGTGGCACCCGGCGAGCAAGTCGTCGATGCCATCAACCGCGTCTACGAGCGCG
NZ_CP089929.1_gap97	3816820	3819352	2532	TCGTACAGCGACGCAAGCGCATCGACGTCGCCTTCGGCTACGCGAAGGATGAGTGCTGCATCGAGCGATTCGGACGGATCCGCCTCCACCACCACGCCGTCGTTTATATCACGTGCCTCACTGCACGGGATCGCACGTGGCCGTCGTCGTCACGAACGGGGCAACCGAACCGCGGCAGGTCGTGCGGCCCAGCGACGCCGGTCCTGCGTCGCCCTGGGGCGCTCCGAGCAGCTCGACATCGATCGTGTGATCGGCGGGCGCCTTCACGCGCGCGAGGCGCACCTCGGCGGGGCAGGTGACCACGATGCCTGGGTTCGGGATCGTGCCGCCATCGCCTGCATCGCCCGCGTCGACGGGGAGCGCGGCATCGCCTGCATCTCCTGCGTCACCCGCATCGCCTGCATCGCGACCGGGGCCTGCGTCGCCTGCATCCGCGCCGGCGTCGGCGGGCGGTTGGGCTGTAGGAATCCCGCGGAGCGATGCTCGAATCGAGACTGCGCCGGCGTTGCAGCCCGCGGGCGTCCCATCTTGCCGGGTGAACGAGGCGGGGAGCACGATGATCCCATCGCTTCCCGCATCGCGGAGCGGCTCGCAGACGGCGACGACTTCCACGTCGGACTGCTGCGTGGTCTGACAGGCCGTCACCCAGGTGAAGTTCAGGGTCCGACCCGCCCAGAAGCGATCGAACTGATGCTCGGCGGCGGTCACCTGGTTCACCACGGTCGCGACGGCGCTGCCGTCGCCGAAGGTCTTCGCATTGAAGGCGTAGACGTCGACCTCGAAATCCAAAAAGCCGCTGTCCGCGGCCGGGGCGAGCGCTTGAAACACCCCGTCGGCAAAGCAGTCGTACGTGGCGGCGGCGCGCACCTTGCCGTCGGTGTCCGTGACCACGGCCGTGTATTTGTAAACCTGCGTATCGCCCGGGCCGCAGCCTTTGCCGGCGGTGATGACGTCCGACCGGACCTGGATGCCCGTGATCGGGTCGATGGGGTACGTCGTCCCGGTGTCCGTGCAGGCGACCGCCAACACGGAGAACGCGAGGTACGCAGAAAGGGAGCCAATAAGAAGGAGCAAAAAGCGAAGCCGCACGGGCAGAGCTCTTACCACGCCTCCAGCGTTAAGTTACAGCGCACAGTAGGACTGAATTTGCGCCGAACAGTCCGCATAGGTTCGCTCGGAGCTCCTCGCGCGGACGGTGCATGCACCCCGCCAGCAAACGTCCTGGCCCAGATACCCGGTGATGTCGAAGGTGTACGTGCGGCCCCCGCGCATGTCCTCGAAGCGAATGGGCTGCTGGCAGCCGGCGGTGGCTTGTTCGCCCGTCTCCCGGGCGCGCACGGTCCAGGAAAAACCGGGGCCCTGGCTGCAGCTGTAGCCGATGTTGGTCGTCTCCTCGAACTGAATTTCGGTCTCGTCGTACCAGCCGTCGACCGTGCAACCGAGGCCGGCGAGCGGTGTCAGCAAGAGTGCTCCAAGACCGACAAGCGCAGAAAAGCTTTGGCGGGCCATCTTCCGCGTATCTTCCCCCGGCACGGGGACCGCGCCAGCGCAAACGCAACCGATGCACGCCCGCGCGCGCCAACGCGACCGGCCGCGGCGGAATTCGCCCCGCAATTGACATCTACGGAAGGGGCGGGGCATGGTGCGGCCATGCTCGGAGAAAAACTATGCAATCGGTAGCCGGCGGGGCGATCCACGCCGTTCACGCGTTCGCGGCGGCGGTACAGCCTGGCGGTGCCGGCGGTGGCGGGAAACCCGACGCGCCCAAGCTCGATCCCGTGCAGCTCGTCCTGCACGCTTCGGCACCGGTCAAGGCGGTGCTCATCGTGCTGGTCGTCTTCTCGCTGTGCTGCTGGGTGGTCATCGGTGCCAAGTTTCTCCATCTGCGCCGCGCCCGCGCCGAATCGCATCGCTTTTTGAAGACGTTCGACGCCGCCCAGAATTTCGAGTCGATGGCCAATGGGCTGTCGGCCTTCCGCGGCTCGCCGTTCGCGCGAATTTTCGCCACGGGCTACGACGAGATGATGCGCATGACCGGCGGCCAGCGTCAGCGCTTGGGCGACGCCGAGGGCACGCACGTCGAAACGGCCACCCGGCGCGCCGCCGCACGCGAGGTCACGCACCTCGAATCGTGGATGACGCTCTTGGGCACCATCGGTTCGACGGCCCCGTTCATCGGTCTTTTCGGCACGGTTTACGGCATCATGGACGCGTTCTTGAGCATCGGGAACCAGCAGAACGCGAACCTCCCCGTCGTGGCGCCGAAGATCGCCGAGGCCCTCATCGCGACGGCCATCGGCCTCGTGGCCGCCATCCCCAGCGTCATGGCGTACAACTACTTCGCGCGCCGCGTTCAGGAGCTTGCCGACAGCCTCGAAGGCTTTGCTGCCGACGTGGCCGCCCGCGCCAAACTGGGAGGCATTTAGTCCGCCATGGCCATGGGCGCATCGGCAGGCGGCGTTGCAGGCCGCAGCCGCCGCATGGGCGGCATGAACGAGATCAATGTGACGCCGCTCATCGACGTCATGCTGG
NZ_CP089929.1_gap98	3821555	3826115	4560	AGCGTGTCAGCTGGCGCGGCACCTACAACATGGCCCCCGTCTGGTGCAACGACCCCGAGGGCGTGCGCATCCTGTTCATGGGCCGCGATGGCGCCACGTGGGACATTTTCAGCGTCGATCCGAGCGGCAGCGCCTCCAGCATGAAGCGCCTCACGCAGGACCAGGGTTCCAACATGTACCCCGCCTGTTCGCCCGACGGCCGGCAAGTCGCTTTCTTCTCGACCCGCGGTGGCCTGTACTTGAGCAACAACCAGGGCATGAACCAACAGAGGATCTCGACCGCGAACGGTGAGAGCCTCCGTTGGGAAGGCAACTGATCGAGCGCCGAAGGCTATCCGGTCGTGGTTAGTGGTTTCGTGCCTCGGGCCATCCGTCGCACCAATCGATGGTCCCTCCCTCGAACCGGCTGATCGCGCCCCGGACACCTCCGGCGCATGTGGTCAAATCTTCCTGATCGGAGATCGGCGCCTTGAGATAGCTGCCATCGAGACCGAGCTGGGCGTACTTTTTCGCAATCAGGCCGTGCACTTCATGTGCAATCGTCCCTCCCTTATGAAGGACGTATCCGAATTGAAACTCGGCCCTGGTAACTCCTGTGGTTTGGTTGCCCTTCAGCCCCGTCAGCGGCATTCCAAGCGGGCCTCGGTTGCCGTCTTTCGCGACCCACTTTTCGCATATCGGGCCAGTCAGTTTGTGGGTTGGCCGTCCATTGATGAAATGCTCGTAGTGACAGCTGCGCGCATCGTCCGAGAGCGTTGCCTTTAGCCATAGGTTCCACGCATCGCCTGGGGTCCCGTCTCGGCCTGACTCCGATGTCGGCATGCCGGCCCACCCTTCCGTGAATCCATTCCACGCCGTGAACGAAATTCCCGACTGCCCTAGGCCGCGGATCGCTCCCTGATCGTTTCTCCAGATGTCGTCGTTGCCATAGACGTAGGGGTTCTGGTGGACGAACCGCCCATCGTAACCGGCCGAGATATCGAGAATGTAGGGAAGACCCTCCGCAATCCAGCCTACGGCTTCGCTCCGCTTCGTTCGAAATCTCTCATCATCGGAGAGCTTCATCTTGAAAAGTTCGCTCAAGTACGGGCGAATGGCGAGGACCTCTCGCGTTTGTTTCAAGTGCGTACCGGCCTTTTGCGGAGTCAGATAGTAAGCGTTGGGGTAGTCGGGATCGGGTGGGAATGCATCGAGCAGGAATCCGACGTCGAAGGTCGTTTCGGCCTTCACGTCTTCCGCCAGCTGATGAATCCAGGATGCGAATGTCTCGTCGGCCCGTGGATCCGATGCCGAGAGGACCTGAGACCACACATGCATGAGCGTGATCGCGTAGCGTGGTTTCGGTTCAGCGTCGTAGACCTGGGCCCATTTTGATGGCCATTTGGCGTTCTTCGGATAGCGGATGTACCGGTTCACCAGGTCGACGATGGCATCACGGAGCCGTTTGTTCTGGCCGAAGTCCAAGGGAAAGCTGATTCCGCGAGAGTTCGACGTGGGTTTGAAATCTTCTACCACCGGAATGATCAGGATATTGCGATTCAACGAAGTCTCGAATAGCTCATCGTGAGCCAGCGTGGACGTCTGCATGGGGGCATATTGGGCCCAGTTGTCGGTACCGCGCGGTCCCCAAGTGGACATGTCAATGACGTTGAATCCCGCCAAGGAGATTTGGTCTATTGCGAAGTTTCTATTCGTCTGCTGTTCGGACCAGCCCAAGTGCTTTGGATCCGCTGGGTGTAGCGTATATTTGTCGCGATTGTCGACGGACGGGTACTCGTAATACTTGATGCCATTTTGCCAATCGCCCGCAAAGAAGAAGGCGCTCTTCATGGCGGTGCAGGTAAATGGCGCGCTCGCGAGAAGGCCTCGTGCCGCACACTCGTCGTCCGAGGCGGACAAACCGGAGGTGGTCTCGCTGTCCGAGGCGTCTTGCATGTCCCCGCTGCACGCAGGGGTGAAGCCGACGAACGCACTGAACAGAGTGAAGAGCGGAAGACTTCGGGGAGAAAGTTTCGGCGTCATCGAAGATGTTTTCCTTGGCGTGGTCCACCACGACGCGTTCATCGGCCCGCGCCACGTGCGGGTTGCGAACTGGCTCGTTCCGCCCGGTCGGGAACCGATGCCCGCGGAAGAGTGCGACTTCGCGCGTGGGAGATTTCGCGCAACATGAGGCCGGAACCGGCCGATTTGGTGACGAATCCAAGCAACATCCCGACGCGGAGGGCCGACGGTATGAGCAACACCCCGCCGATCTGAATCCCCCAAGATTCACGCAGTGGAGGAACTCCGCATGGTCATGTCGATGTTCGAAAGCGCGGTTGATGAGCTCACATACACCCTACGCGCGGGAGAACTCGACGAACGAGACCTGGTGGTCGCACGCTTCAAGGGGCGGGAGCGGCTCTCGGAGCTTTTCGCGTGGCAGATCGACGCTGTCGTCAAGGACGAGAAGATTCACACGATCGAAGAGCTTCTCGGTCGAGCCGGCGAATTTCGAATTCTTCGGCACGACGAACCCGTGCGCATCGTGCGCGGTATCGTTGCCCACGTTACGCCGCAGGGCACGACGTCGAAGGGCAGGCAACACCAAGTCACGGTGACCCTCGTCCCCGCCCTGGCCGAGCTGGACTACATCACCAATTCGCGCATCTTTCAGGGGCAGAACGTCCAGGAGATCATCATGGATCTCGTTCGGCCCTACGGCATCGAGCTCGTGTGGCGCCTCGAACGCCGCCCACAAGCGCGAAACTACTGCGTACAAAAGAACGAGACCGATTTCGAATTCTTCTCACGCATCTTGGCCGAAGACGGTATTCACTTCATCTTCTCCCACGACGAGAAGAAGAGCACCGTCGTCTTCGTCGATGCGCCCCGCGGATACGCGGCCATCGATGGAGACGCGAATCTCCCGTACAGCGCCACGGGCGGCGCCGTGTCGATCGACCACGTTGCCAGCATGGTGCGGAGGCAAGTGCTCCGTCCCGGCTCGGTCGCCCTCCGCGACTACCATTTCGAGCATCCTCGCACGGATCTCACGGTACGTGCCGAGGTGCGCGAGCCGCATCACCATGGCAACCGCCCCGCGCGCGAGACGTACCTCTATGCGGGCGACTACGACAAGGTCGATCCCGATGGCAACGGCATCGCGCAGCGCCGGCTCGAGGAGATTCGCAGCGACGCCGCCGTCTTCTCGGGCAAGAGTTCCTGCGTACGCCTCCAAATCGGCCGCACCTTCTCGATCACCGGCCACGATGACGACGCATTCAACCGCGCGCTCCTCATCACCGACATGAACCTCGGCGGCCACCGCTCGGGCATCGCCGAAACCGGCGGCGGCGGCCCCGCCTTCGTGGCCAACTTCAACGCCGTCCCCAACGACACGCGCCTGCGGCCCCCGCGCCGGCCAAAACCCCCTGCCGCCCCCGAATCCGCCCTCGTCGTCGGAGGGGATCCCGGCGCCCCGTTCGTCGATCAGTACGGCCGCGTGAAGGTCCATTTCTTCTGGGACCGCTTCGACGAAAAAAATGCCAAGAGCTCCTGCTGGCTACGCGTCATGACCCCCGCCGCCGGCGGCGACCGCGGCATCTGGTTCCCACCCCGCGTGGGCGACGAAGTCGTGATCAACTTCTTCAATGGCGACATCGACCGCCCCTTCGTCGCCGGCGCCCTCTACAACGGCGACAACGACCAAACGTACCGCCCCGAGGAATTCTCCTCCAAGAGCACCATCCGCACCCTGACGATTCCCGGCGGAAAAGGCTTCAACGAATTGACGTTCGAAGACAAAGCCGGCCAGGAGGAGATTTTCCTCCACGCGCAACGAGACCGGAAGACGGTCGTCTTGCATAGCCACAACGAGACCGTCGGCGCAGTGCAGTCGACCACGGTCGGCGGATTGCAAGCCATCACCGTCGGCGGAATGCGCACGAAGAGCGTGGGCGGCGAAGAAAGAACCACGGTCGAGTTGAATCGGACGGAGGTCGTCGGCCAGAAGGAACATGTCACCATTGGCATGGGGCGAGAGCGCATCGTCACGAAGGGCGTGGATTCTCTCAAAGTGTCACTCGGTAATCGGGAAGTTAGTATCAGTAATGGCAATTACGTCACGAGTGTCTCCGATTTGACCTATTTGGATACGAAGAATGCCGAAACGGAGTGCTCGGAGGACTATCAGACGAGGGCCGCGCGTACGGTCTTGCTATGGGAAACTTCCGGCGACGGCAGTTTGAAGATGAATGGTGGCGCGATGGACGCCACCGGCCCCAAAGGAGTGACCGTCACGAACGAATCGCAGAATATCCAACTGAAGGATAAGAAGATTACCTTGCTCGCGACGGACGAACTCGTTTTGCAATGTGGAACGTCGTCCATTTCGCTGAAGAAGGATGGAAGTATCGCGATCAATGGCACTACGTCGATCGCTTTGACGTGTTCGTCGTCGAACGTCACCCTGGACAAGACAACGGGAAAACTCGAAGCCACCAACGCTACTCTCTCGGCAAAGGCCAACTGTGTGGTCTCGGGCGGTTTCGTGAAAATCAATTGAGATGAGGCTCATCG
NZ_CP089929.1_gap99	3854872	3858298	3426	CCATCGAGCCGGGTAGCGGGACCGAGGTGTTCGGCGACGAGGCGGAAATCCGCCGCATGCTCCACGTGTTGGTCGGGCAGGGGACGGGCGGCGGCGCCGCCATCACCATCCGGCGCGAAGAGGACGAAGTGCGCGTGGGCGTCGTTCTCGGTCCGGACAGCTCGGTCACCGCCGACACGGAGCGCGCCTGGATGAGCCGCATGGCCGTGCGCTACGGCGGGCGCTACGAGCTCGAGGGCGGGGCCGAAGTGCTGAGCCTCCCTGCCGACGGCGTCTCCGAGCGCAACGAGCGCGAGGCGTTGCGCAAAGAGCTCGACGAGGCGCGCAAGCAGGGCGAAGCCTACGCGCGCGAGCTCGCGCAGGTGTACACGCAGGACGCGGCGGCCGGGGGCATGCCCTCCACCGTTCCTCCGCCGCACCCCTCGCAGCCTGCGGCCGAGCGCCTCGCGGCCCTGAGCCGTTTTTCGGCGGGCGTTGCGGCCGAGCTCCGATCCATCTTGTCCCCGGCAGCGCGCCAGCTTCCGGCGCGCTCCGGGCGCTCTTCTCAGCCGCAGCTTGGTCAAGTGGTCGGGCAGTCGAGCCCGTCGAACATTGCCCTGGCCGAGAATCCGGAGGAGCGCTGGGAGGTGGTGCGACGCGCCTTGGTGCGTGCGCAGGATTTCGTCGGCGGGCTCGCACACCTCGGCGAATTGGACAGCGAAGAGGCGCACACGGAGGTCGACCTGGTGGAGACCGCGCGCTCCGTCGTCTCGGCCCTTTCGGGTCGCGCAGATCGCTCGGGTGTCTTGCTCCAAGTGGCCACGCGCCTCGAGGGCATCTCGCCGGCGTCACACGAGCGCGATGCGCGCGATCCAAAGGAAAGCGAGCGCGCACCCGTTTCCGAGCGCAGTCGCGGAGAAGAGCTCCCGGTGCGCACGGCCCCCCGTGCACTATCCGTGCTGCTTCGCGAGCTCGTGGGCCAAGCCATCGCCTCGTCACCGCGCGGTGCCAGTGTGATCATCTCCATCACCAACGACGAAACCGACGGCGCGCGCATCACCGTGGAGGACGCCGGCGCCCCGCTTCCTGCCTCGGCGCGTCGCTCCTTCGTAGGGCTCGACATCGAACCGGGCACACACGGTCGCGCGACCAGCGTGCCGCTTTACGTGGCCAACGAGATAGCCGGTTGGTTGGGCGTCTCCCTGGAGCTCGCCGATGCCGAAGCCGGCGGCGTGCGCATCATCGTCACGTTTCCGAAAGCAACGCTAGCGCGCTGACGCGTCGAGTGGAGCGAACGCCAAAGGCTGGCGCGCCTGCCACAATCGATCGACTTTTGCGCGCAGTCGGCGATAATCGCCGAAAATTCGATGCGCATCCTCATCGTGGAAGATTCGGATTCCGTCAGCAAAATGATCGAGGCCCTCGTGAAAGGGCGTGGCCACCTGGTGCAAACGGCGGCTTCCGGCCCGCGTGCGCTCGAATTGGCCATTACCACCGAGCCCGATCTGGTCCTGCTCGATCTACATCTTTCCGGCTCGTACGACGGCTTCGAAGTGTGCCGCCGCCTCCGCGCCGATGCGCGCACGGAGGCGGTTCCCATCGTCATCATCAGCGCCTTGGACGATAGCGAATCGAAACAACGCGCACTCGAAACCGGCGCAAACGCCTATTACACGAAGCCGTTCAGCCCCATGGCGCTGCTCAAAGAGATTGAAGGCTTTCAGTCTCGAATCGGTTAGTAACCGCTAACAGCGATTTCTAAAGCTGCCCCAATAGCTTTTTGGCGCGCTCGGAAGCGAAATCGATGAGGCCTTGGGCCTCGTCCGACGGAATTTTCAGTTTTTCCACCAATTTGACGAGGAAGTCGCGTTCGGCTTCGCCTTGTTCGCCGTCGACATAAGACAGCAAAACCGCATGTTGCAGGAGGATCCGTCGGTCGTCCGCCGATAGCTCTTGAAGCTCGATATCGTCGAGGGTCTTCTTTTCTTTGGCGTATTCGAGAACCTGCGTTCGTTCTTCGTCCGTCGCGTTGAAGGCGACCAGCAGTGCTTCCAGTGTTGCTTCTTCTTTCTCGGCGAATACGTCGTCCGCCCACGCCACCGGAACCAGTGCTTTGATGATGGCCAGATCTTCCTCGTGCATCCCCTTACTCCTTCGAGAGCTATCCCTGCCTATAGCACTTACTTCGCGCTGACCCGGGCCTTTCGTGCAACTTCGCCGCCCGGTGGCGATACCTCGACGAATTCGTTCTGACCGATGTGCAAGCGTTTCCGATAGGTAAACGGTCCGGCTACCAAGATATCGACGTCCGAATCACACGCGAGTTGGTCAATCGTGGCCTCGGGCCCGAGGCCCGCAAGCAGCCAAATTTCCGCGCTTCGCGGCGTTGAAACGATGTGAACCGTGCCAGGCGCGCCATGGCCGCCAACTTCGCTGCCCGGTTCTCCCGGGGGCCACGGATCGATTGCACCGGATTTCGCGCGCGACTTTTCCAGCTCGATGGTCATTTCGTAGCGTGGCTTGCCGGACCCGGCGTCCCATGCCGCACGTGCCGGAATGACGGCCCGTTTTGGGGCGAATCCCTCGCCGGTGGCCACGAATTCCAGGCGTGCGCCAACCGGCATGCGCGGCACCTCGAGCGGCGTCTGGCCGGCGCGAACCAGGAGCTCTGCACGGGGCGGGGCATCGGTGATGATCACCGTCGCTTTGCACGGCCTCGGAGGTCGCGCGGAAGGCCCCGGCTCGAGGGCGGCTTTTTCCACCGGGAACGTGGCCGGCGTGCGCGAACCCGAGCGCAGGATCCACGCGAGCACCACGGCCCCCACGGCGAGCACCGCCACGGCCGCCACGATGATCCCGATGCGCTTTGCAGCCTGCCTTTGCCCCGGTCCTTGTCCTGGCGCCGTGAGCGCCTGCCCCCGGCTGGAAAGCGGTGCGGAAAGCGGCGCGGACGCCGACGCCCGCGTCGACGACACCGGCTCGCGGGTGCTCGCCGGGAACGTGCCCGCGGGGGTCTTTGCCGAGGCAGGGGCGGGGACGGGCACGGGCATCGGGAGAGATGCGGGGTGAATTGGGGGAGGCGTGGGGGTGAGGCCCGCGATTTCCTTGAGGTCGCGCGAGACCACGGCATCCGAGCGCGGGCCCTCCACCTCGAAGGCCGAAAGCAGGCTATCCACCTCGTCCCGCGGGCGCGACTTGCGCCCGTCGGCGGTGGTGCGGCCCGCCTGCCCCGGATACGACGGTTGCGAGCCGCGGATGCTGCGGCGCTGTTGCGCGTCCGGCGGGATCGAAGCATTGCGGCCGACGCCCAACGTGACCCGTTTTACCTCACGCGCGAGCCGCGCCAGCGCCCGCCGGCCCGCGGCTCGGTTCACCGGAACGAGCGCGGCCTCGAGCTCCTGCGCCAGCGAAGCGATGCCCGCGCCCGCCTCTTTTTTCGCCGCCGCA
NZ_CP089929.1_gap100	3863388	3867972	4584	GACGAAGCGTCGGTTCTTCTTCTTCGTGGGCAGCTCGCCGGGCGAGCGCCTCTGGAAGATCTACGATGAGGTGAAGCTGCTCGACGGAGGCTCGCTGGGGAAGACCTACCAAGAGGCGGTCTCCAAGACGAGCGCCAACGTGTCCGTGCAGGGCAAGGCCCGCAACGCCGACCCGTCGCGCTGGTTGAACCTTCCCTACACGGAGTGGCAGGACGGTTCGACCCACCTCCGCGTGGTGGATCGCTCGGGCGAGCGGCTCGTTGGGGTTGCCATGGAGGAGCGCAACACCTTCCGGAACATCTCGGCCATGCGCCCGAACAAGCTGGAAGATCCGCTGGCACTCGATCCGAGCATTCAGCTGGTGACCAAGGGCGGAATCAGCGATCCGAATGCCAAACCGGCGCCGGGCGCACCTTCAGGTGGGGCCGAAGCGGGCGTGAAGGCAGGGGCGGGAAAGACCGCAGCAAAGAAGAAGTAAGCTGGCCTCTCTTTCAGAAGCCCCTGCGGTAGGTGCCGTGGTATGCTCGCTGGCAAACAGCGTGCGCGCATCGGTGAATGCCAAGACTCCCCCAGCACCCGCCAACCCGGCAAACAAGTCGGCTCTCCGTGAGCCGGTCGAGAAGTTGTGTCGCGATGTGCTTGCGCCACTCGTTCATGCGGACGGGGGAACACTGTTCCTTGTCAGCGTGACGGCCGAAGACGTCCACATTCACCTTGGTGGATCGTTCGCCGGGTGTCCGGGCGCGGCCATCACGCGCGACCGCATGCTGGAGCCCGCGATCAAGACGGTCCTCCCCAAGGCGCGCCTCACGGTGACCACCGGCTTTCGCGTGCCCGAGGGTGCGCAAAAGTTCGACGTGCCCTGAAGAACCCGCAAGGCCAAGTCTCTTCATTTCGCGAGCTCGTTCGAACGAGCTCGCAAAGTGATGGCGGTACGCGGTATCTTTTCGCCGCACCGACCGCTTCGGCGGCATGTGCGAGGTAGGCGTGGCGACCCGGTATCGGCTGCGATTTCTTCTACAGGAGTTCGACCTGGCCAGGGGCGCGACCCTCATCGGTCGCAGCGCGGAGTGCCACGTGACGATCGAGGATCCGCTCGTCTCGCGGCAGCACGCGAAGATCGTCATCACGGGTGACGAGGCCGTCTTCGAGGACCTTGGGAGCCGCAACGGCGTGAAGGTCAACGGCACCGCGCTGCGGGGCTCCGTTCGTCTCAAAGATGGCGATCGCCTGCGCATCGGCACCCAGGAACTCGTGTTCTGCGAGGTGGAGACGGGCATCGCGCCGCCGGCCAAGACGACGGGCTTCCTCCGTTACTGCGCGGCGTGTCGGCTGCCGTACCCGCAGGAGCTCGCGGCATGCCCCGCGTGCGGTGCGACGGAGCAGACGGACGAAGACACGTTGAGCGGGCAGTTCGGTGCCTCGTCGAAGCAGGCCGCATGGAGCGTGCAGCTCTTGGTCGAGGTGACGGAAAAAGCGCTGACCTTGGGGCGCACGTCGGACGCTGTTCGCATGCTCCAACGGGCCAAAGTGCAGCTCGAGGAGCGGGTGGCTTCGGGCGGTGCGGCGCCGGCCGATCAGATCGAGGGGCTGGTGCGCTCGGCCATGCGCGTCGCTTTGGCGGCGGAGGATCCGGCGTGGGCCGCGTGGGGCCTGCATCTGTACGACGAGCTGCGCCTTTTCCCTTCCAGTGCGGTTGTCGAAGCTTTCGCCGAAGTTGGTCGAAAATACCCGACGAAATTGGCCAAATCCGCCGAAGAGCTTTTGACCGCGCTGCGTGCACGACCGAGTGAAACGCCCCTCGCGACGGCGGCGGCAAGCGTGCTGGCCGAATTGGAGCGCCTGGTTGCCTCGCTGGGTGAGCTGGCGGGCGAGGCTGACGCTGACGCTGACCAGGAGAGCGACACCCCGAATCCTGCCAATCCTAACCTAGACTGATGACAGCATTGCCGTTCGTGGCGTTCGCTCGCGGTGGAGTGTAAAAGTAACATGCAAGTCGGCAGGATGGGCGGAGCCTAATGCAATCGTCGGTTGGGTGGCAGAGAGCGACGAGGCCGAGGCGGGAGCGAGGAGCGCACTAGCGCGATGCGTTTTCGCCTGCGCTACCTGCAGCACGACTTCGAGCTCACGGAGGGGGAGTTCGCCGTCGGCCGCAATGCGAGCTGTCAGCTTTCGCTGGACGATCCGCTCGTTTCGCGGCGCCATGCCTTGCTTCGGGTATCGCCCACCGGCGTGTCGGTGGAGGATCTGCAGAGCCGCAACGGTGTGTTGGTGAACGGGCAGCGCATCGAGGGCACCGTCGCGCTGGCTGCAGGCGATCGCATCCTCATTGGCTCCCAGGAGATGACCTTGCTGGCGCTGGATGATCAGCCGGGTCGTGCCCGGTTGAATCTGACGCTGCCGAAGATCACGCCGGCGACGCCGGTGGCACCACCGGCTCCGTCGTCACCGAACCTGGCGGCGCACGCAGCTGCGTTGGGAAGAACGCCGCTTCCGAGTCCAGGCCCCCCCGGTGAGCTCGAGGGGACGCGGCCCACGCCCGCGGCGGCGAACATCATTGCCAAGATTCACGGGTCGACCACGGAGCCGGGCGGCAGGACCTTGCCCGAGGATCGCGCCTCGTCGCCCGGGCTGCCGATGCCGCAGCCGGGCCGCATCGGTTCATCACCGGGCACGCCGATGCGGGCGGTGGCCACGCCGGGCAGCGGGCGCGTGTTGGAGGCGAATCCGCTGTCGGCGCCGCGCACGCCCGTGTCCGGCGGGGCGGGGATCTTGGGGCCGCAATCGCGGCATCCGCCGCCGTTGCCGCTCGGCGGGGGCTCGGGCGCGACGCCGGAGCCCGAGTACGAGCTGACGATGATCCGGCGCGCCGACGCCTTCACGTTGCTCACGGGCGTGGCCGAGAAAGCGCTTGCCATGGGCCGTGCCGTGGAGGCGGAGCGCATCCTCGCCTCGCCGCTGGGCGACGTGATCGAGGCGAGTCGGGCGGGCAAAAAGATCATCCCGTCGCTCGTCGATCAGGCGGCGCGCTTTTCCGCGAAGCTGGCGACGGCCACCGGCAAAGGGGCCTGGGCGGACTACGTGATCGAGCTGTACTCGGCACAGAGGCGGCCGTGCCCGGCGCCGGTCATCGACGAGCTGTACAATGCGCTGCGCCGGGTCACCGCGATCGATCTGCAGCGGCTGCGCGAGTACATCGAGGAGCTGCGGACGCGGCTTTCGACCTTCGGGCCGGCGGAGCGGTTCCTGTTTCAGCGTCTCGAAGGCTTGGAGCGGCTCGCCGCGTTGCGCTGACCGGCCTGGCCGGTGCTGCGCTCGTGGTAATCCTGCCAGGCGAGGCTGTGGCTCGCCGAATAGCGAAGTGCTTCACGAAGCTCGGGATCCTCGACGAGGGCGAGCGAGGTCTCGAGGTCCTGCGGGAGCGCGATGGGCGGTGGAACCGCGCGCGAGATGCGTCGCTCGGGCGGGCGCTGGGGCGGCTCGAGCGGGGCCACGCGAAAGCGCAGCTCGGCGACCTCGACGCCGGCATCGCGCAGGCGCGAGATGACCGAGGCCGCGAGCATGGACAGTTCGCTCGCCCAGACGCTGGAGGGGACGCGCACGGTGAGGACACCGCGTTCGAGCGTCCACGGCTTTGCGCGATCGGCGATGCGAAGGCCAACCGCGCGGGCCCACGTCTGCAGCGGGATGGGGGCCTGGCGGCGGGCGAACCGGCTGTCGCCCGCGCGTTCGAGCACGCTCTCGATGCCCTCGGGCACGCGCAGCTTGGGCCTTTTGCGACGGCGGTTCATGCGACCCAGTCTAGCGCCTAACGCGCTTGGGCGCTCGGGCGCTCCAGGGAAAGCTCTCCTTCGGGCGCGAGCGGCTCGAAGCAGGCGCCGCGACGGTCGGCGATGCCGACACGCAGGTAGCCGCCCTCGAAGTGAAGGGCGTAGGGGGCCCGCGGGCGGGGGGTAGGGCTCGTGTCGGGGACGACGTAGACGTCCACGGCGTGGGTTCCGCCCGCGGGAGATGCCGCGGTCGTGCGGCAACGCTGCGCGACGGTGCCGGAGCGATCGGCCTGCGCGCACCGTTCCAGCGCGGCGGTGTCGAGCGCGGCGGGTTTTCGCCAGAGGACCGCCGCCGCCGTGGCGCGTACCAAGTCGTTGCTGTCGTCGGCCAGAAGCGCGCGCTCGGTGGCGCCGTCACCGCATCGTGCACCCGAGGCTGCGAGGCCGGCGAGGGCGTTGGCGCGCACGTAGGTGCGGGCGTCGCGAAGCAGGGGGCAAAGCATTCTCACGGCGAGCTGCGGGGCCCGCGTGCGTGCGGCGATGCGCCCCACGGCAGCGGTCGCGTTGATGGCCGTATCGAGATCGCTGGATGCGATGGCGGTGCCGAGGGCATCGACGCCCGCGCCGGCACCCTCACCGAGGCTACCCAGCGCCCACGCGGCTTGCGCGCGCACGCTCGCATCGCCATCGCGCAGCAGGCCGCGCGCGAGCGGCTCGGCCGAAGCGCGCGCGTGCACGGGAAGCACCGTGGCGATGCTGCGCCGGTCATCGGCGTCGTCGGCGCGAAGCAAGGTGCCGAGAGCCCGTACGCCTG
NZ_CP089929.1_gap101	3870291	3872284	1993	GAGCCACCCGCCGTCGATGCCCATCGCGATGGACCGCCCGTCGCCTTCGTCGCCGATGGCCAGCACCGGCATGGGCGCCCCGGACTTGGTCGTGCGCGTCGGGTGCGTCCACAACACGACCCCGCCGGGGCGCACGTCCCCGAGCACGTTGGCGCCGGGCATGCTGGGCAGCTCATCGCCGACGATGGCGCGCAGAGGCCCCAAGACGGGCGCAGACCGCCCAGGCTCCGTCCACGCCGGGACGAACGGAGCGGTGTCGGCCGCCGTCGCCCCTGGGGCTCCATCGAGGGACACGGGGAGCACCTCGCCGAGCGGCGTGCCGGCGTACCCTCCCGCCACGAACGAGTTGGGCCCGCCCACCATGATGAGCCCACCGCCGGCCCGCACGTAGCGCGCGAGCGCCGGAAGGTGCCGCTCGAGGCCGTACGGCTGCGCGTCGAAATCTTGCAGCACGACCGCGTCGAACGAGGGCAGGTGAACGCTGAAAAGCTCGTCGACCGGGAAGGGGATGAGCGCGAGATCTTCCTGCGACGCTCCCGGTGTGTCGGCCGGCGTGCGCAAGATGAAGAACGCCACGACGTCGACCGAGGCATCGCTTTTGAGCCACTGCCGGAGTGCGCGCACGTCGTTCGTGGGCTGCCCCGCCACGTGGAGCACGCGCACGCGCTCGCGGGCCACGTTGAGCGTGATGAGGCGTCGATCGTTCTCCGGGATCGCATCGCCCGTCGGCGACTCGATGCCCACCTCGAGGATGCGCACCCCCGCACGGTCCAAGGTCACCGTGAGATCCACGCTGGCCTTGCCATCCTTCACATCGGCGATGCCCGAGGCCAGAAGCGCCGGCGGCCCATCCTCGCGCAGCTCCTTCGCCGTGACGGTGAGCTTCTCGCAGGCGAGCCCGCCGCTGCATCCGATGTCCACCCGCAGGGGGAGCGGCACGTGCGCGACGGCGGCCGTGGCATTGGCCACGCGGCGCACGCTGGCGTCGGGCAGCTCGTTGCGCGTGGTCGCGATGGTGTGAATCGGCGCGTGGATGGTGTGGCCCAACTCCGCGAGCACCGGCTTGGGCGCGTCCTCCTGCGGATCGTCGAGGCGCCCGTCGGAGACCACCACCACGGCCGACGGTCGCTCCTCCGGCATGGCTGCCAGGGCCCGAATGGCCGAGCCCAGATCGCTCCGCTGCCCGCGCGCCGTTTCTCCCGCGAGCGGCTTGGGCGGACCATCGGCGAACCCCAGCTCCAACACGCGCGCATCCGGGGCGGCCTTGCTCAAAGCCGCCACCACGTCGTCCCGCGTCTTCTGCCGCGTGCGACTGCGTTGAACGTCGGTCGCAAGCGAACCTCCGGCCTCCGACGCAAGCGCCATCGATCGCGAGGTATCCGCCAGCACGACCACACGCGCACCGACCACGCTCTCCCGTGCGGCGATGCGCACCGGGCGCATCACGGCCAGCGCCAGTGCTCCCAGCGCCAGCACGCCGGTCACCAGGATGCCGATGCCGCCCCGTTCGCGCCGCCGCATCTCGATGACCAGGAGCACGAGGCTCGCCGCCGCCAAAATGCAGGCGATCACGATGGCCCATGCCGGCAGATCGTTGCTCGTAGCGAGGCGCGTGGTCGGCATCGATCAGGGCTCGCTGTGCGGCGAGAGGGCGCGCCGGCGCATCAAGAAGGGCGCGTGCACTTGGTCGTCTTTGTAGTTCGAACAGAGCACGTACATGGCCACGTTGACCGCGAGGCGGATGGCCCGTTCGCGCTGGACGTCGCCGCCCGGAATGACGGGCTGCTCCCACATCCCCGTGGGCCCACGCGCCAGTGCCCCGCCCAGATCGTGCGAGGAGAAGATGACCTGCGCCGAGCCGCCGCGCACGATGGCTTCCAGGGTCTTCGGCCCCGCGATGCGCCCTTCGGCGCGGCGCAGCAGGTAGAAGGTGCGAAACACCACATGGTCGGCCCCGATGGTGATGGGCGCCGAGTCGGGCAGCACCCGCGCG
NZ_CP089929.1_gap102	3877780	3880315	2535	GGATGACGGAAGTCATGGAAGTAGTTGGCGTAGTTCTGGTAGTCGTGTATGTAGCTGGTTGAGGCAGGTTACGCACTGGAGCAGTCATCGAACCTAGAAGTTTTTCTGACGAGTCGTTTCGAGCCGAAGTGGCGGAATCGGTAGACGCAGCGGATTCAAAATCCGCCGTTCGCAAGGACGTGAGGGTTCGAGTCCCTCCTTCGGTACCGAAAGCTAGTGCGAGCGAAAGAGAACGAAAGCAGTTGCCGCGAGGTGACTGCTTTTTTTATGCCCGGTGTCTGGTTTTGGGGGGGGCTCCGCCGCCCCGGGCCCCCGAGAATATGGTTTTGGGGGGCTCCGCCGCGCCAAGCCCCCGAGGATATGGTTCTTGGGGCTCGAGGCGCCGAGGACATCGTGGGGTCTCCGAGTGGGATGGAAGTGCGAATGCCGTCCGGTGCGCGCCACGTCCCCCGGTAGCTCGCGTTGCCATGGCCCGGAGTTGACACCCGTGTTGACCAGTCCCGTGTTCACGAGCGTCACCAGTGCGGTGTTTCCTGACCCGGTGTTTCTTGCGCCGCATTCAGGACACTGAGCGGATATCGGATAACCGGGCCCATAAACCTGCCTACAAAACCCGAGCAGCGGTGACGGACTGCTGACTCGCCCCGCCAAGGTATGTAATCACTGGCGTCCCAAAAGCACCTGCCCGAACTACCTGTCAGCTCCCTAACGCCAGTTCGGAGATAGAAGCATTTGAAAGGACTCAATTCGCGAAAACCGGCGAAAAGCAGCGTAGTCGGAGTCGGAAGTGGGAGTCGGAGTCGAAAGTCGGAAGCTGGCGAGGGGGATGCATCCGTAAATCCTTGTAACGATTACGCGTCCCGTCAGTCCAAACCGGACAAAGCACCGAATACCCGACACGGCCGGGAAAGCCAGGCGCAAAACCAGAGCAGGCGTAACAAGCCGGAGCGCGAAATCCGGCGATTGCCCGGCATAACCGAACGCAGGCTGGGTGTGGCATCAACGTGGTGCGCAATCGACCACGACGACACGAAACTCATGAAAAGATTTGGGCGCCTGTCAAATTAGCTAATGACAATTGGGAATCCGGGAAGCTATCCTGCCGGAGATCGCTTGTTCTAGGTCCACGGTCGAAACAACTTCGCCGGAAACGTACTAAGCCCAGCGTTCGCTCGTTCGCTCCCAGGTTTTTCTCCTTGGCCATTGGGCCACCGTCGACGTCATCGCGGATTGCCGGGAGCTTTCAAATTTTTCAATCACGCGCCAACACCGCTCGAAGGGGAGTCGCATGAGCAATCTACGAAACACCATTTCAGATCTCGCGAATGATTTTGCCCAAGGGGTTCTCGGCGCCATCCGCCGCGCCTCGCTCGAAGAGATTCTCGACGAGCCGGGTCGTGGGGGTGGGCGCCGCGGGCGCCTTCCGGAATTGGCCGTCTCGGACGGAGCCGAAGCGTCAGACGATGGCCGCGCAGTCCGTCGCGGTCCCGGTCGCCCCGCTGGTAGTGGCGGTGGTGGCGGCGTTCGCGGTCGCGGGGGTCGCCTTCGCCGCCGTTCGATGGACGATTTGGCGGAGCTCTCGGATCGCATCGTCGAGTTGCTCGAGTCGCACCCGGAGGGGTTGCGCGCAGAGCAGATTCGCGAAGCGCTCAACGTTCAGGCCAAGGAGCTTCCGCGTCCGCTCAACGACGCCCTCTCGGCCCGTCGCATTGGCAAGAAGGGTCAGAAGCGCGCCACCACGTACTTCGCCCGTGGAGCGGGTGGCGGCGGGGCGCCGGCCCGTCGTGGCGCCAAGGCGTCGGGTGGTCCGGGGCGTCCCGCGAAGAAGGGGCGTGCGGGCAAGCGTGGGCGCACACCCAAGGCCGTCGCGGCCTCACCGGCCAACGGCGCCGTGGCAACCGCCGCGGCATAGTCGAGCCCGGCCGCTACCCCACGGGCCGAGTCCCGACGGTCGAATTCAGGCGCAAAGTTCGGGTCGCCTAAAGGCGACCCTTGGCGCAGGAGGGGCGGCGTGGTAAAGCCCCGCCCCGTTTCCTTTTTTGTAGTAACCGGCACGTTGCCGGCCCCCACCGGCAGTTCCGCCGGTACCATTGGAGAAAGAATTTCTCATGCCGAGTGATGCGATTCAGTGCAAGCCGCTCGAAGTGGTCGTGAGTGACCGCGGTATCGAGCGCGCCATCAAGATGCTCAAGCGTAAGCTCGCTTCCGAAGGTGTGCTGCGCGAGCTCAAGATGCGCCGCCACTACATGAAGCCCAGCGTGAAGCGCCGCAAGAAGCAGGCAGAAGCTGCCCGCCGCCGTCGCAAGCGCGCCAAGATGGACGCCGCTCCGCCGAAGTAGAGAGAAGTCTTTCTTCGATAGAATTGCTCGAAACCTGTCGCTTTAGGACCCGCAAGGCGGGCCTGAGGTAAGGCAGGTTCGAGTGGCTTTTAAAGAGTCGGAGTTTGTGGGATGGGGCGTCTAACATCGTCGTCGCCGGTAGCGAGCCTTGCAACCAAGGCGGGGAGGGAGGCGGCGTCGCTAGCTCGTCCGCCCT
NZ_CP089929.1_gap103	3977236	3981862	4626	CCACGCGTGATGCCCCGGGTGCGATTGAGATCGATCCGCTGCTTCTCGATCGGGTCCTGGACAACCTGCTAACGAATGCGGCGAAATATACCGAGCAAGGAGCCATTACCGTGGAGGTCGACGGGGCCCCCGGCTCCTTGTTGATCCGTGTGAGCGATACGGGCCGAGGGATCAAGCCAGCCGAGCTGGAGCAAATCTTCCGCGCCGGAGGCTCCGATCCGCGGACGCGCGCGAAGAACAGCTACGGCGTGGGACTGTCCGTGGTGGTGCAGCTTCTCGGGCGCATCGGCGGGACGTTGGAGGTCATGTCGAAGCCTGGAAAGGGCACCACCTTCTGGGTGCGCTTTCCGGTGAAGTTCGTGGACGATGGTCGGGGCCGCGCGCAGGAGAACGACACGGGCGAGGTCGTCAATCGCGTGGTCAAGATTCGCCGATCGAACGCGTAGAGTTGGCCCGGCGTCGAAGCTTGACGCTGTTCGGGGCTTCGGGACATCTTGGAGGGGTCCTCGAACGTCATGTCCACTCTGCCTTCGCACTGGCCCAACTCGCACCGTGCCCTGGCCCGGATCGGGACAGTTGTCCAGAATTGTCGGATCGAACGTCTGATTGGCATGGGCGGCATGGCCGTGGTCTATGCAGCGGTGCAGCCCGACCAGCAGCATGTGGCCATCAAGTTCATGCTCGAGCGTTTTCGCGACGACGCGAACATGCTTCAGCTCTTCATGCGCGAAGCCAACGTTGCGAACCAGGTGGGGCACCCGGGGGCTGTGCCCGTGCTCGACTGCAGTATGGACGAGGATGGCTGTGCATTTTTGATCATGCCCTTGCTGGAGGGCGAAACGGTCCGCCTACGCTGGGAGCGCACAGGTTCGCACCTTCCGGTTCCGGACGTCGCCATTCTCGCGTCGGATACCCTCGATATCCTCGCCAGTGCGCACTCGCGGGGCATCATTCATCGCGACATCAAGCCCGAGAACCTCTTCATCACGCGGGAAGGGGAGCTCCGCGTTCTCGATTTCGGCATCGCACGACGGATCGATCGGGATGGGGCCACCACGGTAACGGGGCACATGATAGGGACTCCCGCGTTCATGCCTCCGGAGCAGGCCCTGGGCTCGCGGAGCGCGATAGGACCGGCGAGCGATTGCTGGGCGGTCGGCGCCACGATGTTCTCCCTCTTATCGGGAGAGCTCGTTCACGTTGCGGATGGCGCCCACGCACAATTGGCCGCTGCGGCGACACGTCCGGCTCGTTCTCTTGGAGACGTTGCGCCAAATCTGCCGCTCTCGGTCGTGCGTTTCGTCGACAAAGCGTTGGCGTTCGAGCCAATGGCCCGATGGGCCAACGCGGGCGAGATGCGCGAAGCCCTTCATGCCGCGTTCGAAGGGGTTCTTGGTGAACCCATTGAGCGTGTCGCGACGCGTGTTCGGGCCGCTTTCTCCGCCGACCTGTCTCAGCGGACCCTATCGACGCACCTTTCGCAGTCGCGCCGAGAACAGGCCAAATCGGGGCCGAAGCCGCCGGTACGGACATGGACACGGTTCCTGCACGCGGACGTCGAGGTCACCGCGGTGCTGCCGAAGTTCTTTGGTTCGATCACGCCGACGGCGAGCCGCATTCTGGCGGAGCATGGCCTAGGTCAGTTTTCCGATACCGGCTGGTTCATTCCGGACACGCGTCCCTGGTGGCCGATGGAGCCGTACGTCCTTGCCCTTCACGCCCTTATGGCCGCGGTCGGTCCGATAAAGGCCATCGACATCGGCAAACAGTCCGTCAATCACGTCAAGCTGCCGCCGGATCCGATGATGCAGAACGTGCATGCGACACTGCAGTCGCTCGACGTTGCGTATCATCTCAATCATCGGCGAGGCGATAAGCTTCACTTCGAGATCGAAACGGGCCAGATGATTGACGACATTGGGCACTATCACTATCGGGGAAAGCTCGATACCGAGCAATCCGCCGTCATGGAGTGCGACAATCCGTATCCATGCGATATGGATCTAGGTATCATTCTAGGCTTCGCTCGGCGTTTCGAGGCCCATGCTGTGGTCGAACATGCCCCTGGATCGTGCCGCAATCAAGGCGCCGACACGTGCGTGTATCACGTGACTTGGTGGTGATCTCTGTTTCGCCGAGAGTAACTATCGTTACCAACGACGTAATTAAGTCACGGTAGCGATACGTCAGGCCTCTCGCGTGTAGGCGCCCGCGGCTGCGCGGTTCGTTCGGAACGGCCTTGGAAAGAGGCTAAATGAAAACTCTTCATCGGGTAGCTCGTGTGCGCATTCTGACCGGCGTAGAAAAGTCTGAGCAACTTTTGTCGTGAGAGGCCGACTCGATAATAACCGGTGTCATCGATACATCGTATGCGATTAATGTTGGAGGTGCGTTGATTTTGATTCCATGGATGATAAATCCGGCCGCATGGAATGGATTCTTGATGTTGCGGAAAAATATCGCGCACAGATTCGTCGTGGTCCGTTCTTTCAATCACTCGAGCAAATCGAACGGGTGAACGACATTAAATGGGTTCATCAACTAATCCATCAATCGCGTGAATTCACTCAGGCGCTCTGCCTTCGCTATTCCCTTTGCCACGACAAGCGCTACCAGCGCATCTTTGCCGAGCACGCCGTAGAGGAGGCCGATCATCCCGATCAACTCATTGCATGGATGGCCAAATACGGCTTTTTGAGCGATGTGGAGGGCGGTGCCATTCCGGCGACACGAGAGACCATCGACTCCTTGGCCTACTGCTGGCGTAGTGCCGTGCACGAGCCCCACGATGTGCAAGTCATTGTCTTGAACGTGCTGAGCGAAGGCATCGCCCTCGACTTTTACACCGCCGTCATTCCCGTTCTGAAAAGACTTGATATTCTAAGTGGTCGCTACTGGAATATTCATCGTGAAGTAGATTCGCGCCACCTCCGCATGGGACTCGATCTATGCGGAAACGTCCCGTCCGACTCACCAACGGGCATGCACTATCAGCGAGTGCTCGCGCATGCCGCATCGCTGTACCATCAGATGCTCAGCTCTTGGGTCGGGAAGAGGGGCGAACCATTAGAGCGGTGAGCTCTCGCGACACGCTCCACAGTGTCGTAGTCTCCGCTTCTTCAGCTCACGAGTCAGCGCAAGAATGTCGCGACGTTCTCACTCATTCTTCCCACCGCCTAGTTTAGATGCGATCCGCGCTTCGTGCTCCGCGATGTTCGAAGCCGTTCCGCTCGCGACGATCGTAACCTCCTTCGCGTCGGACAAGGAGAGGGCGAAAACCGCCCGCAGCATTCGAATCGACTCAATCACGGAGAGCCCGTCAACCCTTGCGATGCGGTAGGCGTCGGCGGCGACAAAACCCTGCTCGCGAATTTTTACGTATTTCGCGAATTCAGTCATAGCCCAAATACATTGCTTACGATGTTCGTGGCTCCTCTTCCGAGGTGCTGCCATCGTACCAGGGGTGAATGCGATCGAGGCCGCCGCCTTTTCTAGCCGTGTTTATGCCGAACGATGTCCGAAATTCGGACACAGCTCATTTCTTGTTGGGATACAGCCTCGCGCGCCGTATCCCGAGAAGTGCCGCCGCCCGCGTCTTGTTTCCGCCGCAGCTTCTCAACGCGGCATCGCGATTCATGTCCTGGAGTCGCTCCTCGTTCATCGGTAGTTCGATGTGGGTTGCGTGGGCGTCACGCGGCACTTCCGGATGGCCGGTCGCCGCCCGCGCGACAATGACGGGAAAGTCGCTGACCTCGATGACGGGGCCATCTCCGAGGACGAGTGCGTGCTCGATGACATTGCGCAGTTCGCGGACGTTGCCTGGCCATGGGTAGCGACGAATGGCGTCCAGTGCCTCGGGTGAAAAGCCTTTGATGCGCCTGCCGCTGCTGGTGGCGAAGTCTCCCAGAATTTCCTTGGCCAGGAGAACGACGTCCTCGCCGCGTTCGCGCAGCGATGGGACGGTGGTCGTGATGACGGAAATACGAAAATACAAATCTTGCCGGAAGGTCCCATTGGCGATCATCTCTTCGAGATCGCGATTCGTCGCGGCCAGGATTCGCGCTTGCATGGGAATCGGCTTGGTCGAGCCGAGGCGCTCGAATTGCTTCGCTTCGAGGACGTGAAGCAATTTGGCTTGGCTGGCCAGGGGAAGCTCGCCGATCTCGTCCAAGAACAGCGTGCCGCGTTCGGCGGCTTCGAAGGCGCCGGCTTTGGAGGTAATGGCGCCCGTGAATGCGCCGCGTGCGTGGCCGAACAATTCGCTTTCGATCAGGTTTTCGGGAATGGCCGCACAGTTGATCGCGCGAAACGGTTCGGTTTTGCGCGGACCCGATTCGTGAATGAGGCGCGCGACGAAGCTTTTGCCCGCACCGGTCTCGCCGAGCAAGAGCACCGTGGCATCCGAGACGGCGAGTCTCGGAATCATGCGAACGACTTCCTCGGCGCTGGCCGAGGTTCCGAGGAACGCGCGCGCGCTGCCAACGGCCTGGCGGCGGTAGGTTTCGCTCTCTTCTTGAACCTTCTGCAAGGTTACAATCTGCGCGAATCGCGAAGAGCAGAGCGCCGCCGCAATGACGAGCAAACGACGTAGGGAGTCCTTTACCTGATCGCTCGGCACGCTGGTCG
NZ_CP089929.1_gap104	4098737	4102408	3671	CATGGACGCGAGGGTGGCGACGGTGGCCTGTTGCGCCGTTTTGTCGTCGACCTGAAACGAGACCTCGCCGAAGAGGGCACGCAATTCCTGCGTAACGAGGGACAGCGCCTCGGCCTCGCGGACTTGAAACGCGAGAAACTCGTCCAGCGCAATGCGAACGCGCTCGGAGCCGATTTCCACGGGGATCGCGTGCTCGAGCACCGAGGCGAGCGGAGGTCGCGTGGCGCGCACCCGCTCCACGACGCGACGCCAGGACGCGAGGTTCTCGCCACCGCCGGTGGGGGGAGAGAAGGCCGGCGGCGGGGCCGCCACCGGTGCCGGCGGGGGCGGGGGAGCTGGTGCGGCGACGACCGGCGGGGGAGGAGGCGGTGGCGGTGGGGGCGGCGCTGCAAAAACAGGTCGCGGGGGAGCCGCTGCAGGAGGTGGGGGAGGCGGCGGCGGGACGAAGGCAGGGGGCGCGGGGAGCGCCGTATGCCCGTTCGCGTGCGCGGCGGGGGGCGGCGGTGGCGGCGGCGGCGGTATGGGCGGCGCGACGGGCGCGGTGAACGACGCGGAGGCCGGCGCCTCTTGCTCGCTGGCACGGGCGCGCGGGGGCGGCGCAGGCCTGCCACCGCCGCCACCTCCCGCTGGCCCTCCACCGCGCGGGGCCGTGGGCGGCGCCGGAGGAGCACCGCCGAGGCGCCGCTCCAAATCGCCCAGCCGCGAAAGAAGCTCGTCGAGTGGCAGCAGCGCGGGGCGACGCGCAAGGCGCACGAGCAGCATTTCCAACGCGGCACGTGGCTGGCCACTGCGCACGACGTCGTCGAACGACTTCGAAAATCCCTGATAAAGCCGCATCAAGTCGTCGCCGTCCGTCTTTTGGGCGAGCGACATCACGTCGGCGACTTCCTCGTCGGCCAAGTCCAGCAGATCACGCCCGTCCTCGCCGGACACCTTGGCCACCACCAAGTTGCGCAGGTGCTGCAGCACGTCCCGCGCGAGGTGCGGCAAATCGAATCCCTGCTGCGCCAGGCTATCGATCACGCGCAACGCCGCCGTCGCGTCGCCGGAAACCAGCGCGCTTCCCAACTCGTGCAGCACGCGCCGATCGGCCACGCCGAGCACGCGCGACACGTCCTCCGACGTCAGCTTTTCCCCGCTGAAGGCAATGACCTGGTCGAGCAGGCTCATTGCATCGCGCATCGACCCTGCGGCCTCGCGCGCGATCACCGCGATGGCGGCGGCATCGGCCTCGATCTTCTCCAGCCCGAGGACTTCCTCGAGCCGTTTCGCAATGAGCTGCGTCGAGATCAGCTTGAAATCGTACCGCTGGCAGCGGCTCAAAATCGTGACCGGCACCTTGTGCACTTCGGTGGTCGCGAAGATGAACTTCACGTGCGGCGGCGGCTCTTCCAACGTCTTCAAAAACGCGTTCCATGCCGCGTTGGAGAGCATGTGGACCTCGTCCACGATGTAAATCTTGAAGCGGTCGCGCGCCGGCCGGAAGGCGAGCCCCTCTTGCAGACGCCGCACCTCGTCGACGCCGTTGTAACTGGCCGCGTCGATCTCCTGGACGTCGATGTCGTTGCCCGCCGCAATTTCCTTGCAGGCTGCACACACCTGGCAGGGCTTCGCCGTCGGCCCTTTCGCGGAGCCGCGTTGAAAGTCGCCCGCCGCAAGCGGCGGATCTCCGGGCGCACCAAGGCAATTGAGGCACTTGGCCAAAAGCCGTGCGCTCGTGGTTTTCCCCACGCCGCGAACGCCGGTGAAGAGAAACGCGTGCGCCACGCGCCCGCTCTCAATGGCGTTGGCCAGCGTGCGCGCGACGTGCTCCTGGCCCACCAGGTCCTCGAAGGACTGGGGCCGGTACTTCCGTGCGAGGACGAGATAACTCACGCCGATGGAGTTACCACGAAACGGGATCGCGCTGGAGCGGCCAGCGCGATCCCGGGAACAACTACTTCTTCAACTCGGTGATCAGCTCGGGGACTGCCGTGAAAAGGTCCTGCACCAGGCCGTAGTCGGCCACCTGGAAGATCGGCGCCTCGGGATCCTTGTTGATGGCGACGATGTTTTTCGAGCCTTTCATGCCCGCCAAGTGCTGAATCGCGCCAGAAATGCCGATCGCGAAGTAAAGCTGCGGGGCGACGACGCGGCCGGTCTGTCCGACCTGCAACTCCGGCGGCGCATACCCCGCGTCGCATGCCGCGCGGCTCGCACCGACGGCGGCGCCGAGCAGGTTGGCCAACGGATCGAGTACCTCGGCGAAGCGCTCCTTGAGGGCGCGCCCGCCGGAGACGATGACCTTGGCCTCGCCCAGGTCCGGACGCTCGCTCTTCGCGGCCTCCAGCGAGACGAATTCGACGCGTGCCGCCGCCGGATCCGCCGCCGCAACGGCGATCTTTTCCACCGGCGAGGCGCCACCGCTCGGTTCCGCGGCGGCGAACTCGCTCTGACGCACGCTCACGACCTTTACGGGCGTCTGGATTTCGCAGTAGCCGAACGCGTTGCCGGCGTAGACGGGGCGCTTGAACGTCAGCTTGCCGCCGTCGTTCTTCACGCCGCTGATATCCGTCGCGTAGCCCGCGCCCAACTTGGCGGCGACGCGCGGGGCGATGTCCTTGCCGTACGAGCTGGCCGTGACCACGACCACGTCGAAGTTGCCGGCCTTGGCGACTTGGGCGATGACCGGCGCGTAACGCTCGGCCAAGGGATCCTTGAGCGAGGCGTCGTCGGCGACGAGGACCTTCTGCGCGCCGAACGTCGCCGCTTCTTGCGCGGCCTTGTCGGCACCGGAGCCAAGGACGAGGATGGAGAACGGCGCACCGACGTTCTTGGCGAACGTGACCGCGCTGTGGGTGCTCTTTCGGAGCGAGTCTTCGTGGAGTTCGGCGATGACGAGAATGTTCATCTGGAGATCTCTTTCGCTCAAAGGACCTTGGCTTCGGTCTTCAGTTTTCCAACCAACTCGGCCACCGTCTTGACCTTGACGCCGGCTTTGCGCGCGGCGGGCGGCTCGAAGGCGCTGTACTTGATCTTGAGCGCCGTATCGGTCGTCAAATCGGCCAGCTTGACCTCGACGAGCGGCTTCTTCTTCGCCGCCATGATGGCCATGAGCGCCGCGAAGCGCACGCCGTCGGCGTAGTTGTGCGTGGGGGGCGTGTGCTTCGACGTGACGCTCTTCGGCGCCACGATGCGCAGGTCCACGCTGACCACGGCGGGGAGGGTGACGCGCACGTTGACGGTGCCGCCGTCGACCTCGCGGCCCACGACGAGGGACTTGTCGTCCTCGCTCTTGATGGTGCCCGCGAAGGTGGCCTGGGGCCAACCCAGGTACTCCGCCAAGAGTTGTCCGACCTGGTTCGAGTCGCCGTCGACGGCCTGCTTGCCCGCCAGGACGAGGTCCGGCTTCTCTTTTTCGACGAGGGCCTTGAGCGCGCGGGCGATGAGATCTCCGTCGAGGTCTTCGTCCTTCGCGTCGATGCGAATGGCTCGGTCGGCGCCCGTAGCGAGCGCGGCGCGAAGGGTCATCTCGGTTTCCTTCGGTCCGAAGGTGACGACGACGACTTCACCGAGGCGCTGCTTCGGGCTGGTGCCGTTTTCCGTGAGGCGGAGCGCCGTTTCCACGGCATACTCGTCGAACGGATTCGGCTTCCACTCGAGGCCGGTCGTATCGATCTTGCCGCCGGCGA
NZ_CP089929.1_gap105	4147984	4149415	1431	CTTCGCCGTCGAAGTGGGCGATGATGACCGTGATGTTGTCGTGCCCACCGGCCTGGTTTGCGCGCTCGGTGAGGGCCTTGCACGCATCGATGGGTTCGGGGCACGAGCGAAGCACCTCGCGGATCTCCTCGAAACGGATCATGCCGGAGAGGCCGTCCGAGCAGAGGAGAAGCACGTCACCTTGGCGCAGTTCGACGTAGGTCAGATCGACCTGCACGGAGTCGGCCGTGCCGAGCGCCTGCAGGATGATGTTGTTGTGCTCGAAGGTCTCCGCTTCCTCTTCGGTGAGTTGCCCCGCCTCGATGAGCTGGTTGACCAAGGACTGGTCGCGTGTGACCTGAATGAGCTGATCGCCCCGCAAGATGTAGCCGCGCGAGTCGCCGACCTGCGCGAGGAACATGTGATCGTCCACCAGCGAGGCCGCCGTGACGGTGGTGCCCATGCCGCGGCGGGTGCGGTCGACCTTGGCCTCTTGGAAGATGCGAAGGCCTGCCGCTTCGACGGCGCGCACGAGGCGGCGCGCGAGCTCGTCGCGCTCGATGACCACGGCGGGGTCGAGCCCTTCGAGCATCTTTTCGTAGATGATGTCGACGGCGAGCTGGCTAGCGATTTCGCCGGCCGCCGCGCCGCCCATCCCGTCGCAGACCGCGAAGAGGCTTCCGTGGATGCCGACATCGCAGTCGCGGTTGGCCTCCAGCAGGCCGCGAGAACGCTTCGTGAGGTCGGCGACGAGGAAGTTGTCTTCGTTGTGCTCACGCACTTGCCCCACGTCGGTGCGGGCGAAGACGCGAACATGGACGGGCCCCCGGCTGGTGGCCTCCTCGGACGCTCCACCCCCCTGTTCCGTCGGGTTTGCGGGAATGGGTGTCTCGGATTGGGTCACGACACGGACTTGGGCGCGCCTTCGAGGCTCGGTGAGCGAGTCTCTTGGCTGAGGTTGACGCGGAAGAGTTGCTGGCCAATTCGGAACTCGTCCCCCGATTTGAGGGTCGCGTCGCCGCGGATCTGGAGGAACGTGCCGTTGGACGACCCCAGATCTCCGATGGTGAAGGTCTTCCGCACCGGATCCAGTTTGATGATCGCGTGCCGTCGGGAGAGGAACGGGTCCTCGGTAAAGACGATGTCCCCCGATTCTCGGCCGAGCACGGTTTCGGCTTTGCGGACGTGGAAGACGTCCCTCGTCACCCCTTCGACGGTGCGCTGGCACAAGCGTGCATGGCGGGGTGCCGCCGGGGTTCCGAACAGCAGCGTGCCGTGCTGCATGGCCGGGCCGAGGCCTTCCTCTGCATCCTTCACGATTTCAAACCTTATCACCTGTTGTCCTATCAGGATCAAATCTTGGTCCTGAAGTGGCTGCGCCATATGGGGATTTTGGCTCTTGGAGATGCGGAGGAAGACGCCGTTGGTGCTTCCCAAATCGCGCAAAACAAG
NZ_CP089929.1_gap106	4151472	4155346	3874	ATCTACCTCGATAAACGTGCTGTTAAACAAATTCGGGTATCGGCTGCCGATGCCATCGAAGAAGGCGACACGGAGACGTTGCGCGAGGACCTCCTCGAAGCGTTCACCGAAGAACAAGTAGAAGAGATCGAGCGCAGGCTCGACAACGGCGACTTTTTCGAATTCCTGACCGACATGCTCGATGAGTGGTCAGGAGATGACATCGACGAGCTCTTCGAGCTTCTCGACACCCAGCTTGGCGACGTCGGCATCGACGTGAAGTTCGACAAGAAGGGTTCGTCCGAGGAAGAGGAAGAAGAGGAGAAAGACGACGAAGACGTCGACTTCGACGAAGAGGACGAAGACCTCGACGAAGATGACGACGACGACGACGATGAGGAAAAAGAGGAAGAAGAAGAGGACGACGAAGACTGACCGTCAGTTCGCGCTCGGCTCTCGCGCGCGGACCAAGTAGTCGTGACACTTCTTTGGAGCGTCGCTCTTGGAGGGGCGGGCGACGTTCGGGCATTTGGCCTCCGCGCATGGCACGTAGCGTGAGTTGGGGAACTCACGCACGAGCGTGGAGGCGCGGGAGCAGGCCGTGTTCGCATCGCCATCGAGGCGATAGAGCTCGGCCTCTTGCCAGAGGGCATCGTCACGGTACACCGACGTGGTGAAGTCCGTGTAGATGCGGTGAAACGCCTCGCGCGCCTTGGCGCGGTCGTTCAACCGGTCGCGGTAGAGCGTGGCGATGCGAAGAGCGGCCTGCGTGTAGCGCGGCCTCTGGTACGTGCCGAGCAAGTGCGCGGTCTCGCGTTCGGCGAGCATGCGATTCAAGTGTGCGATGGCCTCCTCGTTCCGTCCGAGGGTCTCGTCGATCTCGCTCGCGCGGTAGAGCGAGTCGTCGAAGGTGTTGCCGTACGGGTAGGGCCATCGGTCGACGATGGCGAGAAAGCGTGCGTGCGCGCCCGGCAGATCGCCGGTGGCCTGCGTGCGTAGCGCGGCTTGGTAGGCGATGGTTTCGCCGAGCTCCGATTTTCCGAGACGCTCGCCCAAGCCGTCGAGCCACACGACCGTGTCCTTCTGTCCCGAGGTTTCGTCGCGGTGTGCGGCGAGGCGAACGAGGGCGTGGGTCGAGATGCCGCTCGAGGGATGCTTTTCGATGAGGGTGCCGAGATCCGCGTAGCCCTTGTCGGGCTCGCCGTGAGCGATGCGAAGGTCGGCGAGATCGTAGAGCGCTCGGGCCGTGTGTTCGGTGGGCGGCTCTTGCCGGGCGATGCTTTCGAGGCGGGCGCTCGCACCCGCGTTGTCGCCGGAGCGCTCGAGCATTTTGGCGGCGAGGTAGGCGGCGTGGCCTTTCTCGCGTGGGTCGGGGGCCTTGGCGGCGGCTTCGTCGAAGCGGGCAGCGGCTTCGGCGTAGCGTCCTGCGGTTTGGGCGCGCTCGGCCTCGTGGAAGGCGCGCACGAAGTTGGGATCTTTGCCGCCACGGCATGCCGCGAGGGTGAGGGCGAAGAACGCGATCGATGCGAGGCGGGCGGCGGTTCTCATGCGTGTCCTGCCCGGCAGGCTTCGGCGGCGCGACGGAGGATGATGGCGGCTTCGTCGATCTGGGCGCGGGAGACGTCGAGGTGGGTGACCGCACGCAGACGCCGTGCCGCGGTGGCGGTGATGAGAAGGCCGAGTCCGCGTGCGGCCTCGGCGACGGGGGCCGCGGCGACGTCGAGATCGACGTTGACGATGTTGGTCTCCACCTTGTGCGCGTCGACGAAGATGCCCGCGGCGCGCGGCGCGGGGCCGGAGAGAAGCTCGGCGAGGTGCCGCGCGTTCGCATGATCCTCGACGAGGCGCGTGCGGTGGTGCGCGAGGGCGTAGCGGGCGGCCGCGGTGAGGATGCCCGATTGGCGCATACCGCCGCCCCAACGTTGCCGCAGGCGGCGTGCCTCTTGGATGAGGGCTGCGGGCCCGGTGAGGGCGCTGCCCACGGGGGCGCCGAGCCCTTTGGAGAAGCACACGCTGGTCGTGTGGAAGGGGGCGGCAAGCTCCTTGACGGAGATCCCGGTAGCCGCGCTCGCGTTCCAGAGGCGTGCGCCGTCGAGGTGGAAGCCGAAGCCGTGGGGCGCGATGCGCTCGGCGATGGCGAGCACGTTGGCCTGGGGGAACACCCGCCCGCCGGCGCGGTTCAACGTGTTCTCGATGCAGACGAGCGAGGTGCGCGGCAGCCACTTGGCCGGTGGTTTGATGGCGCCTTCCACGTCGTCGGCGGTGAGAAAGCCGTCTTGGCCCGCGACGGCGAATTGCACGCCGGAGAGCGCGGCGCCCGCACCGGCCTCGTTCCACATGATGTGCGCTCCCTCGCCGACGATGACGTCGTCGCCGTGGCGCGTTTGGACGGCGATGGCCAGTTGGTTGGCCATGACGCCGGTCGTCGTGAAGATCGCCGCCTCTTTTCCGAGGAGGTCTGCGACTTCTTCTTCGAGCGCGCGGGTCGTCGGATCGTCTCCATAGACGTCATCGCCTACCTCCGCGCTGGCGATGGCCTGGCGCATGCCGGGGGTGGGTCGGGTCACCGTGTCGCTGCGAAGATCGATCATCGAACCAATTTGTATCAGAAAGCTTCTTCGGGGCTGACGGTCGACGCGCGGTGATCGCGCTCGGAGCCTCGGTGCGTTTCGAAAACGGTCGAGGGCTCGGGGGCCCGTTTGCGCGATGGGTCCTTGCATGGTTAACTGGTTGAACCAGTTAAGGACTCAACATGCCCCGACCGCCGCGCCCGTCGAACGCCCCCCAAGAGGCCGCTTCTGCCGCAAACCCGTTGGAGGCGCTGGCAGCCATCGGCCCCATCGCCCGCTCCAGCGTGGTCGACGCCGTGGCGGATCGCTTGCAGGCCGAGATTCTCTCCGGCCGACTGGCCGCCGGCACCCGCTTGCCCTCGGAGCGCGAGTTCTCGCTCGCGCTCGGTGTGAACCGCCTCACGTTGCGCGCCGCGTTGGCCCGGCTCGAGGCCCTCGGCATGATCGTCACCCGTCACGGTGCGGGCACCCTCGTCGCGTCATGGCGTGAGCGTGCCGGGCTCGATGCCCTGGCGGCGCTCATCGGCTCGACGTGGACGAAGGACGGATTCATCAAAGGGCAGGGGCGCGAGTTGCTCACGTCCATGCTGGAGGTGCGACGCATCGTGGCGTCGGAGGCCATCGGTCTCGCAGCAAAGCGTCACACCGCGGCCGACTTGGAGGCGCTCGAACAGCGCGCGCACGAGCAAGAGGGGCGCATCCACGATCGCGTGGCCTTCGCGCGGGGCGACATTGCCTTCGAGCGCGCGCTCATCCGCGCCACCCGCAACGTGGGGCTCGAGCTTCTGCTCAACACGTTCGCCCGCTTTCCCGACGAGCAACCCGAGCTCGTGGCGGAGCTCTACGATCGGCCCGAGGAGGCCCTGGCCTTCTACCCCTACGTCATAGGCCTCATCCGCACGGGCGACCCCGTGATGGCGCGCGACACCTTGCGGCAGGCGTTGGAAGCGTTGGACGCCGAGTGGCAGGCCCGCCATGCCGACACGCCGCGCGGAGCGGGCACGGCCAAGCCGGCATCCAAATCCACATCGGGTACCCGGGCAGCAAAGGCAGGGAGCAAAGCATGAGGACTCTGACGCGCATGGAGATGCGCTGGGCGTACGCCGTCTTCGGCGCTATTTTTCCCTCCGGGGCGAGCGAGCGCCTTCCGCTCGGCATCTGCGATCTGGACCTGGAGACCTACCTCACGCAGATCCGCAGCCGGGCCCCGTACCGCAGCGCCCTCGGATTGCGCGTGGCCATCTGGGTCATCGCACTCGCGCCCATGTTCGTGCTCTACCGCGCGTGCACCATCATGTCGCTGGATACGGCCTCGCGCGAGACCC
NZ_CP089929.1_gap107	4340454	4344948	4494	TGTAATTGCAAATTTAGGTTCGGCTGTTTGATTTAGTATATTGCCGCGAACTCGCGATCTAGGCACCATCGTTGATGGTGCACTCGTCGCTCGCGTGAGCCAACCGCTCGTTGTGTCGCTTCATCGGCCCCGACGACGAGGTGTGAGAGGGAAAGGGTAGGTCATGAATTTGGACGATCCGTCCGAAGCATTGGCGCGCGTTGCGGCGATGAATCGAAAAGCAGCTCCGTCGAAGTGGGAGATTCGGAGCCCTGCACGCGCCGCTGTTCTTCTCGGGATGCTCGTAGTGGTCGCTGGATGTCGCTCGCGTTCTGCGGATGAAAGGACCGGTATCGCATCCTGCGACACGTACGTCGAATCGTACCGGCGGTGCGTGACCAAAACGCAGATGAGCGACGGAGAAGTCGCGGCGCGAATGAGTGCAGTGCGTGCGTCGCTGGGGGCCCACGCGGACGCCGGAAATGAAGCAGTAGCCGCGATGGACGCGAAGTGCGTGCGGGCGAGCAAGCAACTGGAGGAGTCGTGCCGATGAAGCGTAAACTCTTCGTTCGAAGTAGAAACAGTGCGAAGCACGTGGAAAGGCCTTCCACATGGCGGCGAACAGCGCGCGCGCGTTCATGGCTTCTCGCACTGTCGGTGCTGTTCATCCTTCCGGTCGTCGCGAAGGCGGATGGAGGTGGCGCCTCACATAGCAGCACGAAAGGCGTATTTGGACCATCGGCTCAGGGCTGGGCGGACACGCGCACGGGCGGTGCGCAAGCTTCGTATCCGTTTCAACTGCTACGCGCTCGTGGCGCGATCCAACCCGACCTAACGCTGAATTACTCCTCCGGCGCGTCGGTCCGAGAAGCCGGCGTAGGCTGGGGCTTCGACCACCTCCCGACCATCGAGCTCACGTCGGCTCAAGGCGGCCGTCCATGGCAGCGGTTCGATGACGCCCGCAATCAGCGGGTCACGTTCAACGGCGCACCGCTTCTGTACATCGCTTCGGGCCAGTCGCTCACCATCAAACGACTCGACGGTTCCGATGAGCGCCTGCCCGATTGGGCCGCGGGTTGGCGCTACTATCGTCAACAGGAGGATTCATCCCAGCTAAGGTTCTTCTGGTCGCCAAATCAACGGACATGGAAGGTCGAGTCGCCGACCGGCGAGGTTTTCGAACTCGGAGAGCCGCTGACGGCGGGCATGGGCGCGAGCGAAGCCATCGAATATGATACGGAGCCGCCCTTCAAAAGCACGGATCGGGACCATCCGATTCGCTGGCGCGTCGTCCTCCGCTACGACGCGCATGGCGGCGCGCAGCCCAACAACGTCGTTCGGTATGATTGGAGCGTCCTAAACTACGGCGCCAAATTCCTCGTTCCGATCGCCGTGCACGACACGCTCGATCGGGACGGCGATTTCACCCATCATACGATCCTCACGTACGAGGGCAACGACGCTGCCCCGCGCGATCTCGCGCACCTCAGCCAAGCACCCACGTGGGGGGCGCGGCCCGTCCGCCGCTTGAAGACGGTGGAGGTCCAGAACAAGACGCAAGTAGTGCGGCGCTATCACCTTGCCTACGAGACGATCATGCATCGCTCGTATCTTCACTCGATCACCGAAGAGGGGGCGTGCGCCGAAGAAAACTGCCCGACCCTCGCGCCCACGACGTTCAGGTACACGCCCCCGCTCGACAAGTTCGAGTTTCGTCGGATAGCCACGCCGCCCGGTGTTGAGATGCCCTTCGGGCGGCTCAACAATATCGCCTTCGTTGATGCCGACAAGGATGGCATCTCCGACATCGTGATGGACTCCACCGTGTTGTATCGGACGCACGTCAAAGATCCGCCACTGGGACGAGTTCAAGTCCGGCTCGAGAAGCACACCGTCAACAACGACGGGATGGGCGAGTACGCCGACGACAGTCTCTTCAATCGAGACACTGGGCTCGCGCTCGTATACCCGCGCGACGCGATCGACGGCGAGGCAATGGTCTTCATCAAGTCGAAGGACGATCCCTACAATAGTCTTTACGGGACGGTCATTCGGGATAAGGCTAGTCCGCACGCCTTTGGCTGGGAGATGTCTCTCGACGGCCAAGCGGCATTCAGCCCGTGGGAAGGAGCCCTTATCGCGATCGGTGACATCGATGGCAACGGGACGCCGGACATTTTGCACAAGGACACCTCCGGCGGTCCGAACGTGCAATTGTACTCACGATTCCGTTGGGGGGAGGGCCTGTTCCCAGGCTTGAAGGGGATGAGTCTGATCACTTCCTTCAACCGGCCCTTTTTCCCATACCGCGAGAACGTTCCCTTCTACGCTCTGGCTGACATGAACGGCGACAACTACGCCGACCTCGTCACGTTGGCCGATTCGCCCTATTCATCCGATCAGCCACTTATCTACTTTCCAGGCAACGGGGCCGGCGATTTCGCATGCAGAAACTCCAACGAGATATGCTCGCCGCCACCGGCCTCTCTCTGCGAAGGAAGCGGGTCGATCTGGTGCAAGACGCCGCGTGTCGCACTCGGTCCGTCGGCTCCGCGGCACCCACAACAGGACCCCGAGGGGAGTGTCCAGTTCGTGCTCTCGGACGTCAACCAAGATGGCTTAACGGACATCATCCGTCCCGACTATGGTTCGCCCCCGAACTACAATACGACTCTGCACATTTGGATCAATGACGATGGAGTTAACTTCCATCGAGAGCCTGATGTAGTCGATCCACTTTACGCGGGCATGCACCTCGCCACTACGGACATCGACGGCGATGGGGTGAGCGACATCGTTCTAGTAGGCCCCGATCAAATCGGGTATTTCAAACGCACGAGCAGCAGCACGCACAATCCTTTCGAGGCCCAATACCCCGGGCTACTCGAGTCGATCGACAATGGCGTCGGCGGAAGCACCCAGTTCCTCTATCGTGCCGTAGCTCAACTCGATCAGGATGCTTCCGAAGAAGGGCATTTGTGGGGCCGTTCGCGGCATTCTCCCCAGCCCTCCCAAGTCGTCACCTTCGTGCTTACGAAGCAGGCCGGTAGCGCCGATGGGGAAAACGATTCCTCCGTCTCGTACACGTACCGCGACCCGTACTACGACCCGCTCGAGGCGCGGCTCTTGGGCTTTCAGCAAGTCGACGAAGAGCACGTCGATCGAGGCAAGCTAAACACCGATCGCATAAACACCTATCACATCACCACCAAGTACGCCTTTCCGTGCACGCTCGGGTTCTGCCCCAAAGGAAGCGAGGTTTCCGACTACCGAAGCGTGATGGCCGTTCCCTACGAGGTGGACATTGCCGCGGGCGGCGGCTCGAACGCTGTCCGCTCTTCCACCCTCTACCGCTCTCACGTCGTCAGTACGTACCCAGAGTGCCTGTCGGCGGGGGAGGGGCCCATTCTTAAATGTCCGGCGGAAGGAGGAGACCCTGTTCGCGGGGGCGCGCGGAACGTGTCGTTTGCCTACACGGACAAGGTCGACACGTACCTATACGACACGGCGCCGTTTACGGCGGAACCGTCCACCTTGGGCTTCGTACCACTGACGCGTGGTAGCGGCGGTCCTGAGATCGCCATCACGCTCCCGTCATCCCATCGCGAGCACCTTCGCGAAGAGCAAGATCGGGACATTCTGGGCAATGTCGTTCAGACACGAGATTACGGGCGCGTCGGCGACAACGGACAAGCCGACGCCGTGGTCACGACTTCGTACGACTACACGGCAGTCGGCGCGCCGCAGCGGTACATGTACCGCGTTCGCCACCAAACGGTTTCCGGATTCGGCGCACGTCCGGGTCTGCCCACAGATCCAGATCGCAGGCTCGAATACCAGTACAACGATCCGGCGAACCCGGGTGACGTGACCGATGTTGTGGCTACGTTGACGGGCACCCTACCGCTCGTTCGCGCGCACGAGAAGGTGGGCGCGAAGATCGCGCCGGCGCCCGCGGGCGCATCGGTGGACGGAGCGATTCACATATCGCATGTCGAGTACGACGCTTACGGGAACATCGTCCGATCGCACGGTCCCAACGAGACATCCTGCGTCTCGACCGTCTACGATCCGGAAGCCAATTTCTTACCCATCCTTACGCGCAGGCACGTCAAGGGTTGCGCCTTGGAAGGTACGCTTGCAGCGTCGAGGCACTACGACGAGCGGTTCGATCTGCCCAAGTTCATCTCCGACGCGGATGGTTCGATACAGCTGTTTACCTACGACGCTTTCGGTCGAATCGACTCGAGCACGGACAACGATCCCGAGAGTGTCGGCCTCCCGTCTAGCGAATCCGCGCGCTTCCAGTATTTCGATAACGCTGCCAAGGCGACCCAAGCCACCAAGATGACGATTCCCACCGGTCCCGGGCAATCGCGCACGGTGTGGCAATACTCTGACGCATTCGCCAATCCGAAAGCAACGATCGCGCAAGCCGACAGCGACGACGGTCAGGGTGCACCTTGGATCGTCGATGGCGCTGTGAAGCAATTTCTCGGCGCTGCGCCATTCGCG
NZ_CP089929.1_gap108	4364142	4368777	4635	TCGGAGCGTAGCGACGAGCGTGGTCAGTTTTTCGTTTCGGTTACCTCGGGGGCAATCGCTTTCTTCTTCCGCATCGAGCCTCCTCGAAGGGTCACCACGTGGGCGTTGTGCACGAGGCGGTCGCAGATCGCGTCCGCCATTGTCGCTTCACCGATCGCCTGGTGCCAAGTTTTCGTCGGAAGCTGCGACGTGATCACCGTCGACGAATGGTCGTAACGATCCTCGAGCACCTCGAGCAAGTCGCGCCCCTCGATCTCCGTCATCGGCGACAACAGAAAGTCGTCGAGCACGAGGACCGACATCTTCGCGATGCGCGCGAGCGCCTGTGCGTACGTGCCGGCCGCGCGAGCAACGGCGAGCTGCTCCAACAGCCGCGGCGTGCGGATGCACAAGGCTCGAAAGCCTTGCCTGCACGCCGCTTGAGCGAGGGCTGCGCCGAGGAAGCTCTTTCCGGCGCCGGTGGCTCCGACCACGATCACGTTCTGTTTCGCTCGGACCCACTGGCAAGCCCCGAGCGTGCGCGCAAAGGATCGCTCAACACCGCGGCCGGCTTCGCACGACAGCTCCTCGAGGCTCACGCCGTTCGGCACGCGCGCGTCTTTGAGCAAACGATCGAGCCTCTTGTTTTCGCGGGCGCTCCACTCGCGGTCGATCAGCATCCCGATCACTTCGTCAGTGGACAGTGGTTCCGTCGGTGGCGACGAGAGCATCTCGCGCAGCGTCTGCGCCCATCACGGACAGCTTCATCTCGACCAACTTCTGAATCGTTTCTTCCAAGATCACTTTCATCCTCCGTATCGAAGTAGCGTGCGCCGCGAATGTGCTCGTGCGCGATGGGCGCTCGAGTCGCAGGCTCGACCTGCGGCGCGCGGTCGAGACCATTCTTTAGGATCGCCGTCACACTCTTGCACGTGGGGCTACCGATGCTCAGGGCGCGGGCGCACGCCGCATTCACACGCGCCCTGCCGTACTTGTCGGCGAGGCGAATCACACCGAGGCACGTGCGGTATCCAGTTTCTGGGTGCGTGCGCTGCTCCATCACCCGACGCGCGAATTCGCCGACCTGGATGCCGATGCTTTCGGCCCATGCCACCACGCGCTCCGGTGGCCACTTTCCGTAGTCGCGGTGCTGGCGTGGCCGGTGCTCGTCACAGATAATGGCCGTACCCTTTGGACCGTAGCTGCGCGCGTGAGACGCCACGCGTTCGTTGCGATGAAGGACCTCGATGGTGGTGGCCGTCGCGCGGATCTCCACCTCCTCTCCCATCAGCGCGTACGGCACGCTGTACAGGCGATGATCGTAATCGACACAATAATCGATATTGGCCCTCGCCTTTTTCCACTTCGCAATCCGATATCGATGGGCAGGCAGAGGGCGCAAGGCGGGCTTGTCGAGCGTCTGGAAGGCGGAGCGCCGACACCCTTCGAGCTTCTGAAATGGGCGCGTGTTGAGCCGCTCGAGCAGCTCTCCGATGGCCGCATTGAGCTCGCCGAGCGAAAAGAAAGTCCGATTACGCAGCGCTGCGAGGATCCATCGCTGAGCAATCAAAACACCTCCTTCGACTTTGGCTTTGTCCCTCGGCTTTCTCGGGCGCGCGGGAATCACCGTCACGCCGTAGTGTTGCGCCATCTCGAGGTACGTTGGATTGATGTCCGGCTCGTAGCGATCCGGCCCAGAGACGGCGCTGCGAAGTTGATCTGGCACCACGACTTCAGGGACGCCTCCGAAGTACTCGAAGGCTCGAATCGTCGAGCCGACGAAGTCGGCGAGCTTTTGCGTTCGCGTCGCCTCCGCGTACGTATAGTTGCTTGCGCCGAGCACCGCGACGAACAACTCGACTTCGTGGATCTCTCCCGTCTGCGGGTCAACGATGTGGGGCTTGCGCCCGGAGTAGTCGATGAACACCTTCTCGCCGGCGCGATGCACTTGGCGCATCACAACGCTCAGCTTCTTCTTCCACCTGGCGTAGAGCGCGCAGAAGCGGCTGTATTCGTAGGCTCTGAGCGGTGCCTGCCCCATCGCCCCATCGCGATACTCGACCCACAGCGTCTGCAACGTGACGGCCGGCTTCGACAGCTCCCGATGTACCCACGCGAAATCGATCGGCACGCGCGAGGGTGGCTCGTTGCGGCCACCGTAGCGAAACAACCGTGCCTCCACTTCGGCGTCGCTCAGCGGGCGCGCCTCCTCCCACGTCAAACCGCAGGCGCGTGCCCGCTTCAAGTAATCGCCGACGGTCGTCTCACCGATCACCGTCGATGCCGCAATCTCGGCGTGGGTGCGTCCGCATTCGAACTTCAACCTGAGAACTTCTCGAACCTTCCGCATGGACAATCGCTCCGACATCGCGCCCGTCTACGCGATGAAGCTGCGACCATGCACGCCGCTACCGGGGGCGACCGCCCCCTTTGGAATCCGCCCCCGGGTGCCCAGGAATCGGCCCCCGAGTGCCCAGGAATCCGTCCCCGGGTCACCTTGGAATCGATCCCCGAGTGCTCAGGAATCGGCCCCCGGGTCACGTTGGAACGAGCCCCCGGACGCCGTTGGAATCGACCCCCGGGTCGCGTCGGAATACGCACGCCTCGCGCAGAGCGCGCCATGAATACATCTCGATGGATGGATTCCTGTCCTGGAAAGAACGTAAAGAGTCGAGACTCTGTTGGACCAGGCTGAATGCATTCGAACCCCAACTGGAAGCAAGTAGCCCGCGGAGTGTAATTTTGAATACGGGTTCGCGATCCATCGTGACCGCAAGATAGGAAGCCGATAGGCTCTCCAAAGTTCTCGAAACGGACTCCGCGTTCAGTGCGGGACGAGCGTTTCGTACACGGCTGCTGATTTCGCTACGTCGGACGCCGGCACCAGCACATCGAAGCTGCTGTTCGATTACAACGTCCAGAGCGACGCGACCTGTATCATCTATCGACTCGGCGATGTCGGCGATAGGCCCCCTTCGCGGCGGGATCTTTAGGTCGCTTCCCAAGACTGCCCCATCGAGTGTCAGTTCCGCAGCATGATGGAGAAGTCCGAGCCGTCCGCCGTCATATGTCGTAACGAGCCCCACCTTCTCCAGGTCCTGTAGGTGCTCCCAAGCGGCCTGGCCGGGAACTCCGCAGATCTTCGCGATCTGGTATGCGGGGATGCTCGCTTCCCCGGTGCGAAGGGTTTCGTCGCTCAAGACGATGAGCACGTGCTCGTCTGAAGAAGATAGGTTCGGTAGAGCGTTCCGTATATCCATGGTTTGGGCTTCGACACTTTGCCCAATCGACGTCGAATGTCCATCGCGTCTCGATGGGCTTCACTCGCGATAAGGGCTTGCCAGGGTGTCCTTTACACGGAGCGCGAAGTTTCGACCGACGCGCGGCCCTGCGATGTTGCGTTCTGGAGAGCGTCGCGACGTTGCGAGAATCCTCGACCATACCCGCCAGCGGACCTCTCCGGTGCCGCCATCGCGCTCCACGTGTTCCGCCGGATAGCTTCTTTTCGTTTCGTTTGCAGGACCGGCGACTCGTCCAGATTTTTCGAGGAAATGGTCAATTGGCTGAGGGCTCGCACCCGGCGATACCGCGATGGTTGGAGCAACACCCGCTGCCCATGCGCGAGCACAAGCAGGTCGAGGTCCAACCATCCACGCACACCACTGAGCGCATTGCCGCGAAATCCTTTCGCTCCGCCGCGAGCTGTTTCGCTTCGGCGGCGGCGATGGAGGCGCGGGCCTTCTGTAACGCGGGAGCCTCTGGGTCAGGAGCCTTGGCCAGAAGACGTTTGCTTCGCACACGTCGGGAAGCACGCTCAAGATGCGCGCGGTGCGATCGGCTGGTCCAAGATTGCGTTCCTCGGTGTCTCGAGCCTCCTTGGCTCGTTGTTGTCGTTCGAGTTCCTGGGCGCGCTCTTTCTTCGCTCGCTGTTCCTCGGCCAGGGTTATGGCCTCTATTTCGGCCTCTTTGGCTTTTCTCGGCTCGTATGTGAACGCGCGTCCATCGACGGATCGGAGAGTCCATTCGTGGAGCACATGATTCAGCCGTCGCCCACTACGAGCCGTACCGATTGGGGCGCGTTCGAGTTCGAAGTGGCCGACTGGCTTGTCCGCCAGGGGCGCTACCACAGCGTGGCCGCTCAGGTGGCCGTTGGCGTCACGAGCAAGGGCTACCCGTACAAGATCGACGTTGTGGCGCAGGAATCATCCCTGGTCACTTCATCGCGGCGAGGGTGGCGCGCTTCACGATGCTTCTCGCCATCGGCGGCGCGCTGCTGGGCGGCACGTTGACCATCGTTGGCGTGCCGACCCTTCTGCTCGCGTTCTTCGTCCTGGTCGGATGCCTGGTTGTGCAGAAGGTATCGGGCACGCGTACGATGGCGACGACGTGGGTCGAGTGCAAGCGCACGAAGGCGCGCGCGGGAACCGCGGAAGTGCGCGAGCTCCACGAGAAGGTGGAGAAGGTCCGCGCGAGCTCGCGAGGAGTGGACGCGCCCCAACACGTCTGCCTCTTCTCCGAAAGCGGCTTCACGGGGCCCGTGCTCGAGCACGCGGCGGCCTGCGGCATTCGATGTTATCGCCGCGAGGGTAACATCTTTGTGGAAGAGCCACGCCCCTCCGCAAAGGTGGTCGCCGCCTCCAGGGTCGTGCGTCGCCC
NZ_CP089929.1_gap109	4372600	4376078	3478	GCTTTCGAAATCAAGAATGAAGGCCGACGTGCATCTCGTTCATTCGCGCTTTCGCGGCGCGGAGAGGCGGCAGTGGGACTTCCTTGCAAGAGAGTCAACGATTCCACCCGAGGGACGCATCATCCTTTCGACGCAGGTCATCGAAGCCGGCGTCGATATTTCAGCGTCGACTTTGATAAGTGATCTCGCACCGTGGTCGAGTCTGGTCCAGCGTTTCGGCCGCTGTGCGCGTTATCCCAACGAGAAAGGGCGCATCGTGATCGTGGGCGCCGTCGACTGCGAGAATCCAGAGAAGAGCCTGCCCTACAAGATTAACGAGATTGCGGCGTCGGACGCGGCCCTGAGGGAGCTCTCCTTGGATGGGCGCGACCTTGGGCTCCGGTCGTTGGAGACCTTCGAGGAGCTCCTTACCGAGCGTGACCCCGACGCATTGGCGACACTCTATCCCTATGACCCTCTTCACGTCCTGCGACGGCGAGATTTCGATGATTTGTTCGATACGACTCCCGATCTGTCCGGCGCTGATCTCGATGTAAGTCGATACATTCGCTCGGGTGAGGATCGGGATGTATCCGTTTTCTGGCGTGAAATCGGAAATCCCGGACGAAGGAGCCTGCAGGACATCGAGGCACCGGCGCGCGATGAGCTTTGCCCGGTTCCCGTGGGCGAGCTGCGCGAGTTCCTGAAGAAGAGCGTCGGCTACGTCCGCGATTACCTGAGCGGAGACTGGAAGCGAATTGATGTCGCCGTGCCCGGAATGACCGTGCTTATTCCCTCGGCCGCCGGCGGCTATACCGCTCGGAGCGGCTGGGACCCGAAGTCTGACGCCGTCGTCCCATCGCCCGCTATTTCCCGCGACGAGCTCGCTCACGAAAGCCAAATGACGAGTACGGCAGCCTCCTCCGACGGCGAAGAGCTCTCGATGTCGAAATGGAAGACCATTGCGACTCACGGACGAGAGACGGGCGAGCTCGTGGTAGGGATGGGCCGTTCACTAGGATTTTCCGATTCGCTTCTTCGGGTGCTCTCCCTGGCCGGTCGATGGCACGACGCAGGCAAGGCACACCTTGTGTTTCAAAATGCCATACGAGATGAAATTCGCGCTTCGGAAACCGTAGGAGCGCGACGAGACCTCGCAAAAGCACCCAAAGAAGCGTGGAAGAAGCCTCCGTACCCCAATCGGCCGGGCTTTCGGCACGAGCTGGTAAGTACATTGCTCCTGTTCGAGGTCCTCCGGCGTACGAATCCGGGGCACCCGGCATTGGTAGCACCTCATGGTGATTTGCTCCGTGCCCTCGGCCTCTCGGTCGATGCCGATGCACCAAGCGACGAGGAACGTATCGTGAACCATTCTTTGGCCGACGAGATAGCGAGCCTCACCGCCGACGAGTTCGATCTACTTGCGTATCTAGTTTGCTCGCACCACGGCAAGGTACGCACGAGTTGGTCGAGCACGCCGAAGGATCAGAAGAACGAGCAGGGAGACATTCACGGCGTTCGCGAGGGCGATGTCGTGATGCCATTTTTCATTGCCGGGCATGGCGCGACGAAATACGAAATTCCGAACGTGCACTTGTCACTCGCATGTGCATCGATGGGTCTCAATGCGCGTTACGGAGCGTCGTGGGGTGAGCGCGTCGCCAAGCTGCTTGCACGACTCGGGCCGTTTTCTCTGGCTTATCTAGAGGCTATTCTTCGTGCGGCCGATTGGCGCGCGTCACAGCTCGCCACGGCGGAGGACACATGACCCTTCATGTTCATGCGCTCCGCGGGTGTGCGCCGACGCCCCTGGCCCATTACTTGAAAGCACTAGGCGCATTTCGGCTGATTGCCGAACAGAAGGACCCCGAAGTGCGCGCCTTTTGGAGGGACGATACGTTCTTTCTGGTGACGGTGCTGGATCATGAGCAATTGCTGAACTTTATTTGCGACGATTTCGAGCCTACGCCGCTGGTCAGCCCGTGGAACGGCGGCAGCGGTTTCTATCCGAAGGACGCCAATTCTGGAATCGACGCCATTGCCAAGTCCACCGCGAAGCGGTTTGGCCAATATAGGGACGCGATCTCGTTTGCCCGCGCGCAAGTGAACGGGCGAAATGAGCGGCCGGAGACAGACGAGAAGGCGGCGCTGCTGGCTGAATGTCAGCGCCAATGGCCGGAGCGCGCGCTCGACTGGTTTTCGGCCGCGGTCAGCCTGTCGCGAGAGGGGACGGTGCGATACCCGGCCTTGCTCGGAACCGGGGGCAACGATGGACGGCTCGAATTCACGAACAACTTCATGCAGCGGCTCGTCAGACTCATCGATGTCGAGACGGGATTGGCGGATGGGCTCAGTCGCTCGCTCGCCTGCTTGGCGCTCTTCGGTACCCCCGAGCATGGGCTTGAGCACGGCGCTGCCATCGGACAATTTCTTCCGGGCGGCGCCGGTGGTGCCAATGGGACCGCGGGCTTTGACGCCGCGAGTCTCGTCAACGCATGGGATTTCGTTTTGATGCTGGAGGGGGCGGTCTTCTTGCGGGTGGCCGCGCTTCGACGCCTGAATGGCATTGAGCTCGCGCAAGCCGGTGCACCGTTCGCATTTCGGGGGCTACCCGGTGGATATGGCAGCGCGGCACCGGATGATGATGGGGGTCGCGGCGAACAGTGGCTCCCGCTTTGGGATGCCCCAGTCACATTGGCGGAGCTTCGGGCCGTATTTGCGGAAGCCCGCGTCTCGAAAGATTCCTCGCGGGCCGAGGGGGCGCTGGATGCGGCCCGCGCGATCGCGCAGCTCGGAACGGCCAGGGGGATTCGTTCTTTCATTCGATTCGGCTTCATGGAGCGCAACGGCCAATCGAATCTTGCCGTGCCGCTCGGCCGTATCACCGTCCACGAGCGACCCGCCAAAGACGTACGCCTGATCGACGAGCTCGATCTTTGGCTCGAAGCTCTTCGCCGCACCGCGCGCGACGGTCACGCGACGTCTCTCGCACGCGCCCTGCGGCGCCTCCAAGCCTTGGCCTTTGACCTCACCACGACCGCTGTCGCGCCTGCCCGACAATGGGGAGCTCTCGTCGAGGAACTCGGCATGGTGGAAGACATCCTCGTTCGGGCTCCGCGCTTCACGGCGGAACGCAGGCTACGTCCGCTCCCTTCGCTGTCGTCGCGCTGGCTCGCCGCCTGCGACGACGGCACCGTCGAATACCGTTTGGCACGCGCCCTCGCTTCGACTCGGGCTCCGTATCGCGAGCCCGACGGGCTCGGACCGATTCGCGCTCATTGTATGCCACTCGACCCAGCCTCTGGATTCAAGCGATTCGCCGCGTCGGCCGATTCCCTGCGCAAGGACCGGCGAGTCCTTTGGACCGGGCGCGAGATCGCGCGCGATTTGTCTGCGATCGTGCTCCGCCGTGTTACGGAGGGGGCCGACGCCGGATTCGATGGCATCCCTCTCGAAGGAATCTCTGTCGCAAACCTCCTGGACATTGACGCTTTCGTTT
NZ_CP089929.1_gap110	4399165	4400088	923	CGCCAAGCTCCCAGCCCGACCAGCCGAGTTCCGGCGAGGAGTGCAAAACGAATTCGGCGCCACCGTTTCGGAAGCTTCGCCCGAGGCCGCGGGAGCTTTGCGCTAGCGGCACGCCGCTTTTGCGGTCCAATAGTGCGAAGGGGCGATCATAGGCGACCCTCGCGCCAGCTTGCTGGATATTCCGCCGGCGTCAGGTCTTCGATTTCATGGCTACCTCGGCCTCGTGCGCGCGCTGGCGATGCTTTTGTGCCCGGTCACGATCGCCCAATTTGTCGTAGACGCGGGCGAGATTCTCGCTAGCTTCTTTGACGTCCGCATTGCGTTTCATCTTCTCGGCAAGGATCAACGCTTCCTGATAGTGGCGTGCGGCTGCATCGTGCTGGTTCTCGCGCTCGTCAACTTGACCCAAGGCGTTGTGCGCGCCGACTGACACACTCTCGGAGTGCAGCTCGCGCCCGAGATCGAGAGCATCGTTGAAATAGAGGCGAGCGCGTGCGAGCTCCCCCTTTTTCATCTCGACTTCCCCCACGGCAATGTACGTATATGGAATATTGCGCGTCAGGCCGGCGCGGATGCGCAGGAACAGACAGCGGCGCTGGTAACGAAGTGCTTCCTCGATGTTGCCTTGCTCGAGAAAGAGGTAACCGAGATGGCGCACCGGATACGAAAGTACGTCGGGCTCGTCGGCGCGCTCGGCAAGCGCCAAGGACCGCTCGTAGTAGGGCCGTGCCTCGGCCCGTTTTTCCTCTTGCTCGTACGTGAGGCCGATGTGAAAGAGGCCGCGTGCCTGCCCCGCGAGATCGCCCAACGCCTCGTACGCGGCCACCACCTGCTCGAATTCGCGTCGGACCTTTGTATAGGTTCCGCCGTTGAAAAGGATGTCGCGGTATTCGTGAAACGCCGCCGCATCGGCAGCATTCGCT
NZ_CP089929.1_gap111	4404323	4409245	4922	GGGGCGACGCGCTTCGAGAGGCTGTCGATCAAGATGGTCCTCTGTGATGCGAACGCGGCGACGGGCTCGTCGTCCGCCAGGAACGAATAGACGGCGTCCTCGATGGCAAAGGTGCCCGTCTCCTTCAGCGCGGCCGCCAAATCGCGGCGGCGCGCGCGGCCCATGCTGATCCCGAGCGGATTGTGCAGGCTCGGTTGAATGTAGATTGCAGATAATCGACGCGTCCGGTGGGCTCGCACCATCGCATCGGGCCGCACCCCTTCGCCGTCGAGCGCGAGTGGAACCAAGGTGATGCCGAGGCGCGCGGCGATGCCTTTGACGATGGGATACGTCACCGCCTCCACACCGACCGCGCCGCCTATCGGCGTGAGCGCGGCCATCGACACGGCGATGGCCTGCCGTCCACTGCCGGTGAAGAGCACCCCGTCGGGCTCCGGCGACCAGCGATGGCGCGACAAGAACGCGGCGGCCACCTCGCGCGCACGACGCGTCGCTGCGGCACCGAGCGGGCGCAGGGCATCGCCGAGCGCGTCCTCGTGAACCAGGGTCGCGAGCGCCGGCGCCATCTCGGGCACCTGCTCGGGAAAGATGGAGAAGTTGAGCTCGAGATTCACCGACGCATCCGGAGGCTCCACCAACGTGGGGCTCGGCGGCTCCGGTGCCGCGCGCACGTACGTGCCGCGCCCCACCTCGCCGACCACCAGCCCGCGCCGCACGAGCTCGGCGTAAACGCGGCTCGCCGTCGACGTCGCAATGCCGCGTCGATCCGCGAACTCGCGCTGCGGGGGCAGACGATCGCCCGGACGCAGCCGGCCCGATGCGATGTCGGCCGCGATCGAATTGGCGATGATCTGGTAACTATCCATGTGGCGCGCATTATTGCTCCGAGAGCAATAAATCAATTGCTCCTCGATTGTACCGATACCATTTTGCCTTGCAACCATGCTCACCACGAACTTGCTGCACGCCGACGACGGTCTCGACGATGGGCCGAGCGTCTCGCCCTCCCTGCATCAGTCGGTGAATTATATCGCGCGCGACGTAAAGCACCTCGCGGAGATCACCGCCCCGATGGCCAGCGAATACTACACGCGCCGCGGCAACCCGACGAGCGCGCGGCTCGCCAAGGTGATCGCCGATCTCGAAGGCGGAGAGACTGGGATGATCTTCGCGTCGGGGATGGGCGCCATCGCCACCACGTTGATGGCGTTCGTTCAGAACGGCGATCATATCGTCGGGCAGCAGAGTCATTACATCGGCATCACGGAGATGCTGGACAAAGTGCTACCCCGGTACGGCGTCACGGCGACGAGGGTCGACCAAACGCGGGTTGAAGCGTTCGAGCGCGCCATCCAGCCGAACACGAAGCTCATCGTGCTGGAGACGCCGGTCAATCCGCTGCTGCACCTCACCGATCTGCGGGCCGTCTGCGATCTGGCGAAATCGCACGGCATCCTCACGTGCTGCGACAGCACGTTCGCGACGTCGGTGAATCAGCGGCCGATGGACTTCGGCGTCGACATCGTCCTGCACAGCGCCACCAAGTACATCGGGGGCCATCACGATCTCCTGGCCGGGAGCGTGACGGCGTCGCGAGCGCTGGTGGAGCGCATCTGGGATTTGAGCGTGACCACCGGCGCCACTGCCGCGCCGTTCAACGCCTGGCTCGCGCTTCGGGGCATTCGCACGCTGGAGCTGCGCGTCCTGCGGCAGAACGAGACCGGGCTCGCGCTCGCACGCTTCCTCGAGGAGCATCCACGGGTGGAGAGGGTCTTCTATCCGGGTCTGCCGTCGCACCCTCAGCACGAGCTCGCGCGCAGACAGATGTCCGGGTTCGGCGGTCTCGTGACGTTCGATTTGAAGGGCGGCTACTCGGCGGGGCTCGCATTCATCGAGAAGCTGCGGCTGGCGGTCTACGCCACCAGCCTGGGCGGCGTCTCCTCGACGGTGGTGCAGCCGGCCGCGTTGTTCGGCAACCGGCTCCACGACGACGTTCTCGTGAAACAAGGCATCACACCCGGGTTGATCCGCTTCGCCGCCGGCATCGAAAACACGGATGACCTGATCGCCGATGTGGGGCAGGCACTCGGTCCGTGAAAATCAGTCAGCTCGCCGTCAATGATCCGCTGCGTCTACTTTACCGCCGGCCGGGCGTTTGCCGCGTGGCCAAATGATGTGGGCTGAGCTTATTCATCTTTACCGCGCGCCGTATCTCGGAAATGCGTTGGTGCACTGCCCGTCATCCGCTTGAAGGCATTGCTGAATGCGCTCTCCGACCCGTAGCCAAGCGAGCGCGCGAGCTCGGCGAGGCACGTATCGTCGTCGCGCAGGGCGCGTTCTGCAAGATGCATACGCCACCGCGTGAGGTACGCAATGGGCGCAACCCCCGCGACGGCTTTGAAGTAGAGCGCGAACGTCGTACGCGACATGCCGCAAGCTTTCGCGAGCTCCCCAAGCTGCCATGCGCGCGCGGGATCCGAGTGCATCCGTTGCAGTGCGGGGGCCAGCCGTTTGTCGCCGACCGCACGCAGCCAGCCCGCGGAGATGGGGCTCGATGATTCGAGATAGGCGCGCAGGACCTGAATGAACAAAAGAAGGCCGAACTGTGACGAGACCACGCTCGCCCCTGGGAGGTCCTCGACGCGTTCGCGCACGAGCTGCTCGAGAATGAAATGCAAGATGGTTGCTTGCGACGTCGAGTCGGGCACTACGATGAGTGAAGGTAGCGCGTCGAGCAGAATTTGGCCGCTCGGAGAGCCAAACTGCACGTAGCCGCCAATGACTACGCAATCCTCGCGCTTGGCCAGCTTCATCATGGCTTCCTCGCGCCCTTCGAACAGCGGCAAGGCGTCGACAGGGATCGTCGTCAAGTCGCTTGCGAGAACGAAGGAGCGGCGCGCCGAAAGGAGAAACACGTCCCCAGCGTTGAGTTGCACGGGACTCTTTTCACCCGCGACGCGTAGCCAGCACTGGCCCTTCACCACACCGAAAAACTTGATCTTCGTCGGCGCCGGAAAGCGCAATGCCCAGGCCCCGCCGATCACGAAACCGCCTGCCGCAACGGACTGAGCCGCGGTGAGCTTCAGCACATCGGAGAAGGGGTCATCTCGTATGGAGGAGGGTGGATTCGAACGCTCACGCATGTAGTTGGGACTCCTAACCATTCAGAGTCCGGGCAGCCAGGCCTATCTCCATCGCATCCACGGAGGTTTTTCGGATGTCTACCCCTCAGTCACCTATCGGCTCGGGCTTCGATGCTGCGTCCACCGCAGCCGACGTTGTTGGAAATGTCGACCTCACTGGCAAAGTCGCCATCGTTACGGGCGGTGCTTCCGGCATCGGAGTCGAAACGGTTCGCGCTCTGCGGATGGCAGGCGCGGATGTCATCGTTCCCGCGCGCGCGCCGCACAAGGCACGAACAGCGCTCGCAGGACTCGATGGCGTTGCCATCGAGCCCATGGACCTTTTCGATCCTGCGTCGATCGACGGATTCGTGAAAGCGTTTCTCGCCTCGAGGCGAGCGCTGCACATCCTCGTGAACAGCGCGGGCATCATGGCCTGCCCTCTCGTACGCGATGCTCGCGGCTTCGAATCGCAATTTGCGACGAATCATCTCGGGCACTTTCAGCTGACGTTGGGGCTTTGGCCTGCCCTCCGCAAGGCGAACGGTGCGCGTGTCGTGTCGGTATCATCGTGGGGGCATCGTCGTTCGCCAGTCGTGTTGGACGATCCCAACTTCGACCATCGCGATTACGATCGATGGCTTGCGTACGGCCAATCGAAGACCGCCAATGTTCTGTTCGCAGTCCACCTCGACCGGCGTGGTAAGTCGGACGGCGTTCGTGGCTTTTCGGTTCACCCAGGTGCCATCGCCAACACCGGTCTGGGAAGGTATCTATCCGGAGACGAATTGCGCGCGTTGGGCGTCATCGACGAGCATGGAAATACGATACTGGACCCCTCGAAACAGTTGAAGACCGTCGAACAGGGCGCTTCCACGAGCGTGTGGTGCGCGACGAGCCCGATACTTGACGGAATGGGCGGGGTATATTGCGAAAACAACGACATTGCGTCTCTCGTCACGCCTCGGAAAGGCGGATCGGTCGGAGGCGGCGTCATGCCACATGCCATCGATCCTGAAGCGGCCGAGCGGCTCTGGGCATTGAGCGAATGTCTGCTGTTGCGATAGCGAGCCGACACACGGGGGCGCAGCAAAGTCGGGTTGATCGACGAATACTCTGCACAAAAGCGAAAGACCCAAGGTCTGGAACCTCAACGCACCACCCCGAACGCGTCGCTTGCCGCAGAAAGTCGCTGCTTCAATGAGCGGTCACGATGAGCTCCTGACTGGCCTCCGTCCACGTGGGAATCTCCGCGTTCGACGGAGCGTCCCAATCGCGAATGGGCGTGGTTACCGCATCGGCCAGATTCCCGGTGCCAAGTACGCTGCCGGAAAGACTCAATGCAAGATTGCTGTCGATGTGAAGAGCGGCACATCGTGTGCGAGCGTCGGGATTCCAGTGACAACGGGCAGGCGCTCGGTCCGTGATCGGCTTTTCGTTACCCGAGTGCGCGCACGGCCACGCCGGCGAGTGCGCCGCCGAGAACGAGCCACGTGGTGTTCACTTTGAAGCGGACGAGCAACACGGCGCCCGCTACGGCGAGGATCGCGGTGACCGCATCGACCAACGCCGAGCGCGCAAGCTGCACGGTGACCACGGCCATCAAGGCGAGCGTCGCGGCGTTGACCCCATCGAGAAAGGCGCCCGCACCGGGCGAGCGGCGCATGCGCCCGAGGATGGGCCGCGTTGCGGCGACCAAAACGAAGCCCGGAAGGAAGATCCCGACGGTGGAGACGGCGGCGCCGGCCGGACCGGCGATGACGTAGCCGATGAACGTCGCCGTCGTGAACACCGGCCCGG
NZ_CP089929.1_gap112	4422496	4423778	1282	GCTGAAGATCGAAGTCGAAGAGCGCCAAGGCTTTCGCTCCCTGCGCGGAGGCTACCGCCTACCGTACGCGCAGATCCGCGAAGTGCACGTGCTCCCGTCGGCCTTCAACGAGCATCGCTTTTGGTCGGTGTACGACGAAGGGGAGGGCGGCTCCTTCCTCTACCTGCCGTACTTCGACCCGGCACTCACCCTCGAAGCGACGAGCACCTCCGCGCCCGTCGCATCGGTCTCTCCCGCCGCGCCCTACGAACGGCTCGCCGATCCCGCCTTCATCTTCAAAGCCCTAGGCGATAGCACGCGGTTCACCATCGCGACCATCATTGCCAAGTCGCCGCGCAGTTCCGCCGAGCTCGCAACGTTGCTCAAGGTGTCGCGTCCGACCATCTCGCATCACCTCGTCGTTCTGCGCGAAGCGGGCCTCATCGACGAAGAGCACAAGAGCGGATCGATCCTGCTCTCCCTTCGTCGGAAGGCCATCGAGGAGTTGTCCGTCATGACCTTGGATCGCTTCTACGCGCACGGGGACAGTACGAAGAAACCAAGGTGAATCCGATTCGAAACGGATTCGTCACAAATGCTCGCAGGTTATCCACAACTTGAGCATTTTCCTCCACAGCTTGGCGCACTCAACGCCATTTGGCGTGGCGTATCTTGTCTTGGAGCCGGGCCACCAGCCCGAGCACCTCGTTGCGGGAAACCTTCGCGCCCGCGCCCCGCGCTTCGAGTGCGGTGAGTGATCGCTCCGCGAGTTCCACGGTGAGGGTGGTGAAGGCGACGAAGCCGGCGGGCGAGCGCTTCTCTTCCAAGGCCGCGATGTAGGCGCGCGCCTCCACGAGATCGGCCCGTGCGAGGGAGAGGATCTCTTCGCGGGGCACGCCGACGGGCAGGTACGCCCGCCCGTCGCGGGCATCGGAGTGCTCGTCCTTCAGGATGTTGACCAGTTGGAGTCCTTCACCGAACGCTCGCTCGTGGCGGACGAGTGCCGGCTTCACGTCGGCGAGCTGGGGGGCGTCGTGCACGAACAGCGCCGTCACCAATTCGCCGACGATGCCGGCGACCACGTAGCAATAGGCGCGCAACGCGGCGACATCCGCGAGCTGCACGTGCCCCGCCGCGTCGGCCTCGCGCAGCGTTTGGGCCATGCCCTCGGTGGTGCGCGCCGCGTGCTCGAGCACGATGTGGGCCCGCGCCGAAGGCCACGTGGAGAGCTCGTCGAGAAGCGCCGGAAAGGCGATGAGGAGATCCAGGCACCCCTTGTCGACGGTGGCATTGCGCACGACCC
NZ_CP089929.1_gap113	4429656	4434084	4428	CACCGCACTCCTTGCCCGCGGCATCGGCTCGGCCCTCACCGATCCGCGCGGCGTCGCGCGCCTCCTCGTCGAAGGCCGAACCTGGACGAAAAAACTCCGCGAAGGCTTCGCCACCCTCGCCCCGTTTCTCGTCTAACCCTCACAAACGAGGAAACGGGCACGACGCATCGGCCGAACTAGGTGCAGGAGAGAAAAACTCATGCCTCGCCACCGATTCGCTCGAAAGTCTCGTGATGTTGCCGCAACATTGGCCCTGATCACCACAGCGGCATGTTCTGCGGTATCCTCGGATGCACCGTCCGAGGTGACAGGGACCACGTCGGACAAGTTGCTGCTCGATCTCGGGGCCACGCTCTGGACCAACAATGCCAACGTCGTGCCGGTCTGCTGGATGCGGACTGGTTACAACGGCGAAAAAGCCTTGGTTCGAAACGCCGTCGTTGCAACATGGGGCGCGGTCGCGAACCTGCAGTTCACGGGATGGGGGGACTGTCCGACCACCGGGAGCGCACGATTCATCAAAATAGATATCGCGGACAAACCGAAGGAACCCGACGGAACGTATTCGAACGGCGGAGGGGACGGGCAAGCCGTTGGTTACGGTATGGGAATCCTGCGTTCGCCGGGGGAAGGGGCCTCCGTTGGTTTTTGGCTCGCCCCCGATCATTCGGCCAATCGCGGCCGCGTAGAATACCTCGGCGTGCACGAGTTCGGACACGTTTTAGGCTTCAAACACGAACAAGACAGCCCTGACAACTACGTCAACGGCAGGCCGGTTCATTGCGCGAATCAAACGGGTGCGGTCGCGACGAACGTTCGCCAAGTGGGGCCGTACGATGCCAACTCGATCATGAACTACTGCAACGATACGGGGAACGGGCAGGGCATTCTCAGCCCGGGAGATATCGTGGCCGTGCAGTCCATTTATGGCCTCCCCCCCACGGCTTCCATCAAGAGTGTTTGTCGTTCGGCGCCCACCGCGACATCGCGAAAGGTCAAGAGCGACCTTGCAGCTCCGTGGCCGAACGGAAATAAGACGTCCGTCGGCGTCTATCCGTCGACGGGAGGTGCATTCACCGGTTGGTACGATGGTCTCACGGGGGGAGGCTGGGACGGTCGTTCCAAATACGCTGCGGGCGATTTCAACGGAGATGGATTTACAGATATCGCGACGGCTTGGAACGATTTTGGGTGGAGCTCGATCGCGGTTCGACAATCCACTGGAACGGGCTTTACCCTCAAGTCATGGCGTGATCGACCGGCCTCATTCCTGGATGCAGCCCAATGGCTCCCGGGTGACTTCAACCACGATGGCTTCGACGATCTGGCCATCGCATGGAACGATCATGGGTCGACGTCCGTGGGGGTATTCCTCTCGACCGGGACGAGCTTTTCAAGCTACCAAGGTTGGGCGTCGCGCATGGGAGGCTGGGACGACAGCGACCGATGGGTCGTCGGTGACTTCAATCATGATGGATACGCGGATCTTGCGACGGTCTGGAACAACGGCGGACAGAATGCGATTGCCGTCCGGCGATCGACGGGGTTCTCGTTCGAACTCCAGCAATCGGTCACCACGGCCGACCCGTGGCGGAATTCTACGAAGTGGCTGGCCGGCGATTTCAACGGCGACGGAGACACGGATCTTGCTGCAGCGTTCAACAGCAATGGGGCTGCGCAAGTCGATGTCCACCTTTCGACAGGTACGGGCTTCTCGGCGCGAACGCCGTGGGACACCTCCGGCGGAGGATGGTCGGACGAGCATGATTGGACGACCGGCGATTTCGATGGCGACGGAGATTGGGACCTCGCAACCGTCTGGAACAATGGAAACAATGTCGTAACCGTGCGCAAATCGAACCGATCTGCGTTCGTCGAGCGAACGAATTGGGAGAACCTAGGCGGATGGATGCGCAGCACCCAGTGGTGCGCGGGCAGGTTCACGAACTGAGCCTTGGGAGTGAAACGACCGGATTGAGGGGCAGGCGGAAGTCCTCGGGTCCAAAAAAACTGGAGGACTTCCTCCCCGCTTCCCAGGTTGGGGCCGACGAATGGGGCTTTTCTAAAAGGTCAGCTTCTGCAGCCCCAAGGTTGCCGTGAGCAGAAGTTGCCATGTGCCCGGCTGGTCGACGGAGACGAAGGGGGCGGCGAGCTCGGGGAAGGCGTTTTGCGGGCGCGCCCAGTAGGAGTAGCTTCCGCGGAGGCCCACGGAGCCGAGGCCGAAAGGAACGAGTTCGCCGGGGCGGCCGGCGACCTGCGAGCGGCCCACGACGAAGTTGTACGACAGGCGAACATCGGACTCGAACACGCCGTCGCGTGGTTTCGCCGGATCGAGTCGGTAGCCTGTGGCGCCGCGCAGCTCCACCTGCCGTGAAGGCGAGCGCACGAGGAAGGAGAGACTCCCGCCCGTGCGTGGGATCGTGCGCCCCTCGCGATCCTCGCTCCAGATGTGCTCGAGCGCGCCCCCCAAATGAAGGAGCAAGCGCACGGCGTCGTAGCTCGCCGATTGACCGTTGCCCAGAGGATTGAGCACGCCCGCGAGGCGGATGGGCCGCAACGCGGCTCTTCCGGTTCCTCCGTCGAGAATCGCTTCGCCAATCGCACCACCGAGCCCGAACCACTCGCCGGGCGCGCATGGACCCAAGAGGGAGACGAGCGGCGGGCGCAGCTCCCGCGTTTCCGGATCGTGACAGAACCAGAGTGCGTCGGACTGAAAGAACGTAAACCCCGCCATGAGCCCGCGCTCGGGCGCGTGCATCACATCGATCTTCAGAACGCCGAAGTCGCCCCCGCGCGTATCGCCGCGAACGAGCTCGAGCCCCCCGCCGCCCATGCCCCGCACGTTGCCCTCGCCGGATCCCTGCACGCCCCCGAGACCCGACAGCTCGAGAAGGCGTATCCCCGTCACGTAATGCGCGACCGAGCCGTGGATGCCGGCCTCCAACCTTTCCGGCGGAGGATTCGGTATCCCTGCCTCGATCGCGCGCCGCACCTCGTCGGTGAGGCGAGGAAGATCGGGCTCGCCGAGGGGCTTTCCCATCTCTTCGCGTGGAAATCGGATCAATTCGTGCGCGTGGGGCTCGATCGCAAGTGCGTAATACTCGGGGAGCGGGATCCCTTGATCGTCCGTTTGCGGCACGGTCAGCACCACGGGATCGCCTTCCGTCGCGATCACGTCGGCGGGCGCCAACGTCGGCGGTACCTTGGGCCCCATGACGTAACTGCGCCGAATGGCGATTTGATACGAGGGCCACGCATGCTTCGGGCTCCACCAGCGGCCGGCCAGCTGGTCGAGTGTCCTGCGCGTTTCCGCTTGCGAAACCGCGCCAAGGCGCTCGAACGTGGTCGAGAGCGCGAGGTCCATCGCATGGTCGTAAGGGAGTGCGCTTTCGAGCGCGGCGACACCGAGGTGGGCGCCGAGAAGATTCGAATACAGATCGTCTGGGGTAAACGAAGAATAGATCTCCTCCGCCGCCCGAAACTTCGTAAGCCCATAATATTGAACGAGCTCGGCCCAAACCGAGAGATGGAACGTGACACGGATGGCGATGAGATCGCTCGTCCGGGCCACGTCCTCCGCCGGCACGGCACGCAGGACGCGAACGATTCGCTCGGCGCCCTTGGGTCCGAGATCGATGGTTCCCGCCCCGCGCGCGAGGAGCGGGCGCAGGCGCGTTGCAAGGTAGGCGGCGATGTCCGCGTAATCCCGCGTGTGCCCGAGATCGACGAATCCACCCCGGCGCGTGTAGAGGAAGCCATTATTTTCCGTCAGTTCCCCGTCTACCGCATACGAATGACGTCCTACGCCGCTGGTCGAGATGACCCCTGCAATGACCACCGGAACGTGCGTGGCCCCCAGGTGGATCGGCATATCCGGGGAGAGCGCGCAGCAAGGCCGTCCACGTGGCGCGGCGCGACCCGGTTCCGCTGTGTCCGCATGCGCGGTCGCCGGCGCAATCGCGAAGGCGAGTGCGAGACAGCAAAAAATGGAACGAAGGGGGAGGGAAGTCATCCGCGCACGTCAAAAAATGAGCCCGTTGGCGAGGTAATAGGCAAGTGGAAATTCGTCGGGAGCATGATCCGTGGGCGAATGGGCAACCTCCACGCGGAAGACACTGGAGCGATCCCACTGAAAGTAAAAGCCCCCGCCCACGCTGTATTTGATGCCCGGCGTGGAGCCATCGGACACCGACGAATCCCAGTCGTTCCAGACGCGGCCGACATCGAAAAAGGTCGTCGTCCCAATCTGGAGTTGCCACGACAGAACGCGAAAGCGGGGGATGAAGTCCGTGCGCAGTTCGTAATTCGCCAGCACCTTGATGTGACCGGCGTACCGCGCCTCGGGGATCCCACGGAGCCCGCGTTCGCCACCGACCATGTGCGTCGGGTTGAACACGCTACCGCTCTGAAGCTCGTAAAATGGGACGC
NZ_CP089929.1_gap114	4436403	4439315	2912	CATCGGGACGCTTGCGGGCCTCTTCGTCGGCGTCTTGGGCATCGCATCTTCGCCGGCGCCGGCAGTAGCCGACGACAAGCCTGACGCCGCAGCCTGTGAGGCGTGGCAGATCGAATACGTGGTGAACGCGACCGTCATCATCAGCGACACCCCCATGGGCGCGGGCGATGGCAAGTACCCGAATGGCCCGGGCAAGGTGGTGCTTCGCTTCGACAACCGCGGCGGGCAGCCTGGTGGGAACGTCAAGTTGATCGGCTACGAGATGAAGGACAACTTCACCGTCGTGAGCCACGCCCTCATGTGGGAAGCCCGCGTGACCGCCGACACGATCAGCCGCACCACGCCAGACAAATGCGGCAGCTCGGCAGAGGGCACCTTGGACGGGCGCACCCTCCGCTGGGGCACGTGGCGCGGAATGCGCAGCGATGGCAGCATCATTTGCCAAGGGGGACTCTGCGGCAAGTTCGGGGCCCCGCCATCGGGTCGCAGCGACATGCACGTGCCTCCGCATGCGGCCCAGTTCAAGCCGTTCGTCTACGCGGCGGATTTCCAGACGTTCACCATGAATCCGTCGGTCGCGTCGCAGAACTCTTCACCGAGTCAGATCTCGAGCATCTCGCTCGCCGGACGTGAGGTGCGGCGCACCTGCGTGCCTGCGCCGGTCTGCAAACCGTGAAGGCGCTCACCTTCGACTTGCACCTGCCGCGGCTCGCGTGGGCGCGTGCGCTCGGCTCGATCGCCGCGCAAGGTTACCTGAATGGGCTCGGTCCGGTGCGCCTCGCCGAGGTGCCCGACGCACGCGTGCTCGGTGATCATTGGGTCGTCGTGGAGACGAAGGCATGTGGCATCTGCGGCAGCGACGTCAAGCAAGTCTTCATGGACGCGGCCGTCGACAACCCGCTCACCGCCGTCATCTCCTTTCCCCACGTCATGGGGCACGAGCACGTGGGCACCGTCGTCGATGCTGGCCGTGCCGTCACGCGCGTGAAGCGCGGCGATCGCGTGGCGTGCTCTCCCTGGTTCAGTTGCGCGGTGCGCGGCCTGCCCGAATGCGACGCCTGCCAGCGCGGGCACATCGCGCTCTGCGAAAGCTTCACCGAGGGGACCTTCGCACCGGGAATGCACGCAGGCACCTGCCGCGACATCTCCGGCGGCTTCGCCCCGCTCGTGCCGGTGCACGAGTCGGCGTGCTTCAAGATCCCCGACGGTGTCCCCTTTTCCACCGCGGTTCTCGCGGATCCTTTCGCCGTGGCACTCCACGCCGTGCTCAAGTCGCCGCCGGAGCCCGGCGAGACGGTGCTCGTCTACGGATGCGGAGGGCTCGGCGTACTGGTGATCCATATCCTCGCGCGGCTTTTTCCCCGGGCGCGCGTCTTCGCCGTCGATCCGCGCCCGCATGCGCGTGCGCTGGCCGAGCAGCTCGGTGCCGCCTCGACGTTCTCCGCCCGCGGTGCGGAGCTCATCGAAGCCATGGCCCAGGCAACGGACGCCCGCGTGCGCCGCCCGCAATTTGCGCTCCCATGGCTGCACAAGGGCGTGGATCGCGTCTACGACACGGTGGGCTCGGCGGCCACGCTCGAGACGGCGGTGCGCATGATGAAGCCGCTCGGAAGCCTGGTGCTCGTCGGCGTCGCCACCCCGGCGCGTTTCGAATGGACACCGCTCTATTTCAAAGAGCTCCAGGTCATGGGTTCGAGCGGCTACGGGCTCGAAGACTTCGCAGGGCGGCGGGCCCACGCCTTCGAGCATTTTTTCGGCCTTCTCGAGCGAGGCGAGCTCGCTCTGGACATGGTCGTCACGCACCGCTTTCCGTTGGCGGACTACAAGGACGCGTTCTTGACCGCGCGATCGAAGGGGGCTTCGCCGTCGATCAAAGTGGTCTTCGACTTCGGGTGAGCGCGGACAGCTCCTCCATGGCGCTGGAAAAGGAGTAGCGCGGCGTCCAGCCGAGCTGCTCACGGATCTTGCGGATCGACATTTCGCTCTGCGTGGTCACCATGTCGATCGCCGTGTGCGTGAGGAGCGGGCGCGTCGCGGTGCGACGAAAGCGCGCCATCGCCTCGAACGACGAGGCCATCGTGCGCGCCACGGGAAGCGGAATGGACCGCCGCACGGGCCCGCGTCCGGCGATCGCGGCCACCGCGTTGAAGTAGTCGCGGAAGGAGATGGATTCGCCATCGCCCACGATGAAGGCTTCGCCCAGCGCGGCCGGGTGCTCGGCGGCGAGCAACGTCGCGTCGATCAGGTTCTCGATGTAACACGGGTGGCAGGTGCCGCTGCCCCCGCCCAAGAGGAACATCTTGCCCTGCTGGATCATCGACAGAGGCTCCTCGAGCCATGTCCCCCGCAGGCCGTACACCACGGCGGGCCGCAGGATGGTGACGGGCAACCCCGCCTCGGCAGCCCGGTGTGCGACGGCCTCGCCGCTTGCTTTGGTCAGCGAGTAGCCATCCCGCGCCAGGCCATCCAGCGGTGTCGCATCATCGAAGTATTTCGGTGATGGCGTCCCAAAGGCCGCGATCGAGCTGAAATGCACGACGCGCTCCACACCGGCTGCATGCGCGGCGCGGTACAGCGCTTCCGTGCCGCGCACGTTGGTCGCTGCAAACTCGTCCGGCGTCCCCCAGTCCGAGACGTGCCCCGCGCAATGAAACACGCGCGCAGCCCCCGCCACGGCCGCGGTGAGGGAGTCTTCGTCGCGCAGATCGCCGCGCGCAATTTGCGCGTCCTTGGCCACCGCAGCCGTGAGCTTCGTTTCGCTCCCCGGACGGCAGAGCACCCGCACCTGCCGCCCATGACGGAGCAGCCGCTCGGCAAGGTACCCTCCGATGAAACCGGTCGCGCCCGTTACTAGATCGATCATCGCACTTTCCGAATTTGTCAAAGCCCCCAAACACGAGGACACCACGCGC
NZ_CP089929.1_gap115	4441184	4444185	3001	TCAACGTACGACCGAGCGCCTCGACCGCGGAGCGCGCAGCCACCGGCGGAATCCCGGCCCAGCCCGCGAAGGAGGGGGCCCCAAAGTTGAACGAGCGATCGATGCTCCCAAGCCGTCGGACCGGTACCGTCGACCCGCGCATGGATCGACAGCAGCGCGGCCCGCGGCATGGAGTCCTGCAACCCGCCCCATGCCGCACGGCGGAGCGACTCCGCCCGCATGGGTAGGCGTTCGTCGAGCGAACCGGCGTGTCGCCTGAACGCGAGAATCTGCGACCGCGAGAGCTCGAGCCGAGAATGCACGGTCTCGAGCGTAAGGGCCATGCCCCATATCGAGCAACCCGGTGTACGTTGATTGGGGCCCGCACCGCCGGCACGTGCTAACCCAGCGAGAGGAGCAAACCATGCACCAATCCATGCATCCTCGCCCGCTCGGCCCCTTCGCGTGCGTCCTCCTTTCCACGCTGGCCGCCGCGTGTACGAGCCACGGCGACCAGCCCCCCGTGGGGAGCCTGCCAGGATACGTCGACGACATCGAGGTCGTCTCCGTCACCGACGCGTACGGCGGCGAGTCCTTCGGCACCGCGGGCCCGTACGAGGTGGTGAGCGGCATCGTCCATGGCAAGTTGCTTCCTGCGCATCCGGCCAACGCCGGCATCGTGGACTTGGACCGTGCTCCGGTAGGAAGTGACGGCTACGTCTCGTACACGACGGATTTCGTCATCCTGCGGCCGAAAAACGCCGTTTCGGCGGTCCCGATTCTCTTTTACGACGTGGCCAACCGCGGCTCCATGCTGGGCCTCCAGGCCCTCGATGCCACGGGCAACTCACTGGCCGCCGGTCGGCAAGGCAATGGCTTTCTCTTGCGTCGGGGCTACACACTGGTGTGGAGCGGTTGGCAGGGCGACATCGTTCAATCGGATTCCCCGGTATCGTCGGGGCAGACCGTCGCCCCCATTGGCACGCGATTTCCCATCGCCACCAACGCGGAGGGGCCCATCATCGGAACCAGCCGCGAGGAATTCGTCTTCGACAACACGACGAACCCCATCACGTTCACCCTCAGCTATCCGGCATCGACGCTCGATCCCTCCCAGGTGATTTTCAACGTGCGCTCCACATGGCGAACCCCCAGCGGCATGACCTGGGATTCGCCCTCGCAGCCGATTCCGTCCTCGAGTTGGCAGTACGTCGACGACCGGCACGTGAAGCTCCAACGCCCGAGCGATGCTGACGCCGGCGCGATCTATTCCTTCGTATACCCCGCCAAAGATCCCATCGTCATGGGCATCGGCTTCGCGGCCGTACGCGATTTCGTATCGTTCTTGCGAAACGACAAGGCCGACGCCCAGGGCCACCCAAGCCCCGTCGCCGATTTGAATTATCGCCTCGCGATCGGCGAAGGTATCTCCCAATCAGGCCGATTCCTGCGCGATTTTACCTGGCAAGGCTTCAACGACGATGCGCGTGGCCACAAGGTGTTCGACGGAATCATTCCGTTCATCGGCGGTGGCCGCAAGGCATTCGTCAATGCACGTTGGGCACAGCCGGGGCGCTCGTCGAGGGAACACGAGGACCATTTCCAGCCGGGCGATCAATTCCCATTTGCCTACGCCACGACCACCGATCCGCTCACCGGCAAGACCGACGGACTCTTGGCCAAGTGCACTGCGACGGGCAGCTGCCCGAAGGTCCTCCAGCTCGATGGCAGCTACGAATTCTGGGGCGGCCGAGCCTCCCTCAACGTGACCGACGGTGCAGGCTACGACATCCCCATTCCGGAAAACGTGCGCCTGTACCTCTCGTCGGCCACGCAACACGGCGGCGGCAACGGCGCAGGCACACAGACCGCGCTCACGGCCTGCCAATTCAAGTCGAACCCCGTGAATCAATCGGCCATGGACCGCGCCATCGTCGACCGCATGGAGCACTGGCTCGCGGCGGGCGATCCGCCGCCGCCGTCGAATTATCCGACCATCGCCGCGGGGACACTCGCCCTGCCGGAGTCGCGCACCCAAGTAGGCTTTCCCGATTTGACCTCGGTAGGGCTGACGTACACGGGGATCCACAACGCGATCCACGTCACCAACTATTCGAACGCCGTCCCCGTCGCCGACACGAGCAAAGACTACGAGATACGCGTCCCCACGACCGACACCGATGGCAACGACTTCCCCGGATTCCGCGTCCCCGACGTCAGCGTCCCCCTGGCCACGTACCTACCGTGGAACTTGCGAAAAGAGGGATACGCCCCCGGCGAATTGTGCGGATTCAGCGGCGGCATCCTCCCATTCTCGACCACCGCCACCGAGCGACAATCCAAAGCCGACCCGCGCCCCGCCTTGCTGGAGCGCTACGCCGACAAAGCCGACTACGTGGACCGAGTCCACGCGGCCGCCACCGCCGCGGCGGGGCAGGGCTTTCTGCTGGAGGAGGATGTGAACCTTTTCGTCGAGAGAGCGCAAGCGGTGACCGTGTTTCCGCGGTGAGTCGACCGTCTCGATTTGCCCCGCCATGCATCATGGCACACACCCCGAGTTCAGCAAAATACTCAATTGCCCCGGCGAAGTATCGCGATCCGACGTGATTGCTACATCCAGTTTCCCATCGCCGTTGAAGTCGGCCGTTGCGGCAGCGGTCTCGTAATTGTCATGATAGTTGCCGTGGGGAAGTGGGATCGGCTCGGAGAAGGCGCCCTTGCCGTTTCCTATCAGAAGGTGTTCGGGGCCCAGCACGTCGGCTTTGCCATCACCGTCGAAATCACCGGTCGTCACGAAGGAACGGGGAAAGTTTGGCTGGCGCGAGGAGCTCAACGTCGTACCGGAGCGTTCACCCTTCAATAGATTCGACGTGTCGTATTCTACGGCTATTGCGATATCCGTGTCGCCGTCGCCTTCGAAATCGGCGGTTGCAACGAATCGGAAATCCTCCCCATCGGTAATCGGGTAGTAGGGGCCATCGAACTTGCCTTCCGAACGCCCGTAGAGCACGGCCACGGAGTC
NZ_CP089929.1_gap116	4445683	4449878	4195	GCGAATATCGATTCCTGACTCGAAGCCCATAGCCAACGTATTGAAGATATGGCCCTTCGTGTTGCGGCGAAGGAGCATTCCGAATTGCGCCTTGGGCTGGTCGCTATTCTGACCACATAGAGTCACGTTGTAAATCGTGGGCTCGGAGACAGGCTCGTTGCTGTTCGCGGGATTGTCGTTGTCGGCCTCGAATCCGTTCATTTCCTCGCCCGTATTCGGATCCTGCTGCAGCACGAAAAATTGCAGCTTGCCCGTCCAGCCGAGGTCCCAGTCGATCCCGTCGTCCTGGTTGTACTGGCACGCGAGGTACTTTGCGTTCACGGTGCCGCCGAAGAACTCGAAGCAATCGTCCTTCGTGTGACGAATCTGGACGTGATCAATCGTCGTGCCACGGCCAACGCCGGCCATCGTGAGGCCATTGACCTCATTGTCGGGGCTGAGCTCGATGCCGCTGTACTCGATGCGAACGTAACGGAATGTGCCGCTCGACTCGTCATCGTTTTGACCGCCGAAGGTTCCTCCCTGATCGAGACCGTCGACGCGGTGCACGCCCCGGTTGACCCTTGCGTTCCCGAGGATGATGACACCGCCCCAGTCGCCGGCCTTGCGGGCCCCTTCGGGGAGTTGACTCGTGAACAGGATCGGCTCATTGGCCGTGCCTTCCGCCATGATCTTGCCGCCGGGCTGGATCACGAGGATACCCTTGCTTGCATTCTCGCCTTTGATCGTGGTGCCCTTTTCGATGGTGAGCGTAGCGCCATTGCGCACGAAGACGACGCCCTTCAGAAGCCAGAATTTGTCGGCCGTGAGGGTCGTATTCGTCGTCACCTCGCCGATCAGCTCAACGGTCGGCTTGGTGCCGCCGCCGTCGTTGCCATTGCCGGCATCCGGCCGGGGCGGCGTCGTGCCGCCGTTGTTGTTGTCGTCGCTGCTGCAGCCGCTGGCCACGGCCCCCAACGCGGAAAGCGATAGGGCCAAGAATCCCACGGCATACGAGGCTTTCGCCATTCGCGGAGCAAGGGAAAAGAAGCTGGATTTCATCGATAGTCTCCTTGGGCGGCAATTACGGCCACTGTGTGACGAGAAAAGTTCGGGTTCGCGAATTGTTGGCGAAACAGAGCGGTTCGAATGAGGTTTGCAATCCCCGCGGCGCGAGCGTCATTGCAGGTTTAGGGTTGCGCTGAGCCAAACGGAAGTTCCGAGCTTGTAGCGTTGCACCAACTCGTCGTGATCCTTGTGAAGGAAGCGGTATGGTGAATCGAGAATATTTTCGGCCGCTAGTTTGACATCCAGGTATTGGCCGATTCCCTGTGTGATCGACGCATCGAGTTGGCCGCGCGGTTGTTCGTAAATATCGGGTAGACCGTTCGAGCCTACTTCGGAGATGCGCTCGCCGAAAATATTGTAGAGGACGCGAACACGCGTTCGTGAGCTTTCGCGATTGTAGTCAACGGCAAAATTGATGATGTAGGGCGACTGCTGGGCGAGCGGACGAACGCTGCTCGTTTGAATGAGCAAAGGGTCGTCCGTTCTCAGCTCGACCCGCGAATGAACCAAGGTCAAATTGGACAGGACGCTGAAGTCTTGAAGCGCTTTGCTGATGAAACCCAACTGCTTGCGCGCCTCGAGCTCGATTCCGAAGTTGGTTGCACCACGGGCGTTGCGGAATGATTTGACGCCGCCCGCTTGCGAGATGATGACGGGCTCGATCGGATTGTCGAACGACTTGGCAAAAGCGCTTGCGGCGATGACATCTGCTTCGCCTGGAAACCATTCGTAGCGGACGTCGTAGTTCCAAATACGGGTGCGGTCGAGGTTGGGATTTCCCTGCACCTCTCGTGCGCCGAAATAGTCGGAAAAGGAGAATGGTGCCAGCTCTCGAAGTTGCGGTCTTGCCACGGTGCGCGAGACCGACAGCCGAAGATTCGACGATTCGGTCGCTTTGAAGACGAGATTGGCCGATGGCAGAAGATCGGTCTTTGCCAACTTGGAGCTCGCCGGCGCACCGGGAGCGAACGGGCTGAATGTATCGATCGTCTGCGAGGAGGCCTCCACGCGCTCGCCCACAATCACGCGAAATCGGTCACCGAACCAGAAATCCCCCATGAGGTAGCCGGCGTAAATATTGTGATCCGCCTTGTAGCCGTCCGTCGGGCGCGTGTATTCGGTGAGAAAGATCGCGGGCCCGACGTTGTCGTTCGTGAACAGTTGGTCGGGAGGCAAGAGGATCGTGTTCGGTACTTCGTTGGTCGGCTCGAAACGGAACCTGCGCGCCTCGAAGGAGCGATGCTTCCTGGTTATGAGCCCGCCGATCTTGAAGTTCTTGGTAGCCTTCGTTTCGCGCGTGATCGGTTGGGTGAGGTCGACTCCACCGCCGTAGGTGACTTCACTTTGCGTGGCATAGAAGTGAGACCCACTCAGTGTGCCCAAGAGCCAGCTACGGCCCCGTGTTGGGTCGTCCAGGTAAACCGTCTGACGCGTATTGGGCTCGTCGAGAGCCGCCCGCGAGACGCTGCCGTTCCACGCAATCTGAGTTCCCATCGTTTCGGGAAAACGGTGCTCGCCGCGCAGCTGTCCGAAGATGAGATCGCGCGCGATGAACCGGAGTCGCGTATCATAAATGGTCTGGAAATTGCGCTCGGCGTTGGGCCCATGGATCTCACGCCCCTCCTTCTCGGAGCCACGGCTGTAGAACCCCGTAAGCGTGAATCGATGATTTAGGCTAGGTGCATAGGAAAGCGTCGCCAGACCATTCCATGAGACCAAATCGAGCCCCGTGTTGGCGACGTAGTCGTTCTGGAGGGCGAGCTCAGGGGGGCTCGTCGCGTCCCGTCGCACGAGGTCGAATCGTCGGAGCGTCTCGTCGTTACGCCGCACGTATCGTCGAGAGTAGCCCGCGGCGACTTGATAGCCGAACGCCTGCTCCTTCTTCTTCCCGAACTTGAACGAATCACCGATGACGAGACTTAACGTACCGTTTGGAAGCGAGATCGGATCCGTCGTGGTCATACGCGAGTTGATGGCTCGGCCATACTCGGTGAGGTTCGGATTCAAGGTTTCGCCATCGGGGTTTACGCGCGAAACCGTGTAATTCGGGATGATCGAAGGTAGCTTGCGCCCTCCGTCGTCGATGCCGAGCCAATCCGTGCTTCCACCCTCGTGCGAGAGGCGGTGCTGAAACGTCGTCTGGGTATTGAACCCCAAGCCGAGGTTCGCCTGGAACTGAAATTTGGGAGGCAAATCGCGCGTGTGAATATTGACGGAGCCACCCGCAAAGTCGCCTGGCATGTCCGGCACGAACGTCTTCGAAACGGTGACGTCGGAGAGAACCAGCGTCGGGAAAATGTCGAGCGGGACGGCTTGCCGATCCGGCTCGGGGCTCGGTAGCGGTGCGCCGTTCAGGAGCGCATTCGAATACCGCTCGCCCAAACCGCGCACGAACAGATACCGACCCTCGACCAGCGTCACACCGACCACGCGTCGCGATGCGTCGGCCGCGTTCCTATCTGGCGTCTTCGCAATATCCTGCGCACCCACGCCATCGGACGCCGTCGCGGCGTTTCGCCGGATCTGAATCTGCGCCGCCGCGCTCGCGCGCTCGATGTCGGCCTCGATGGGCGAGAGCTCCTCGTGCGCCTCTTTGTCCGACTCCATCGCCACGTCGATGCGGCGCGTCTTGCCCGCAACGACGCGTACTCGCTTCAACCGGCGCGTCTGGTGCAGCTCGTACACCACGCGAAAATCGTAATCGCCCGGCGGAAGCTCGATGCGGTAGCGGCCGTCGACATCCGTCAACACGCGCTTGTTCTTCCCAAGCACGAAGACCTGGGCTTCGATCAGCGTATCCTTGGTATCGCGGTCGGAAATGACACCCCAAACGGCGCCCTTACCCTTGGGCGGAGGTCGCGCGGGATCCTCTTCCTTGAGCTCCTCGGCCCCTTCCTCCGCCGCCGCGTCCGCGGGAGCCGGCTCCGGCGTCTGCGTCGACGACGGCGGTTGCGCAGGAGTGGGTGCGTCTTGCGCCGAGGCAACACTGGGCACGAAAACCGTTGCCGACGACACAGCCGTGGCGAGCAGCAAATACACGTTTCCTGGGAAACGAGACGTAAGCGGCATTACTGCGCGACTTTCTCCGTAAGGATCGCGATCGCTTTTCCGCCTGCGCGGCGTGTGCGATCGAGGGTTTGCACGACGA
NZ_CP089929.1_gap117	4467765	4468698	933	CGAGGCCAGTGCCTTCATGAGCGCGGAGGGCTTCGGCGGGGCGAGAACCAAAAGGCACGCGCGGCCGGAACGCCTTTGCGAGAGCTCCACGATGGTGTGCAGTGCCCGAAGGCTCGAGCCGCAGAAGCACATGTTCTCTAGGAGCGGCGACAGCCGTTTCAGCCGCTCCGAGATCCCGTCCCCGAATCCAGCCGTGGCGATGGCGCTCATCAGAACAGCCCGCGGGCGAATCCCTGAGCGGTGCCCCCGCTTTCGCTCGCGAGCCACGGTTCATCGAAATATTTGCGACACAATTCCTGGGCATCCAGCAGAAATCGAAGCGAAAAGTCCGGCTGTTGGATGGCCCGCATGGGGCGGTCGTAGGGGGTAAAGATGCTGAGCCAGGGCATGACGACGGCATGTTTCAACTGGCGATTCATGTCGGCCATTTTTTGGAACAAGGCCTCGGAGGTCTCCAGCGAGTCGATGCCCATGAGGTAAGTGACTTTGACGAAACGCTTGCCCAGCTCGGGGCGGGTGTCGAGGTAGCGCGCGTACGTCCACATCATGTCGAGAAATTCGTTGCTGTCGCGCCCTTTGCGTCCCACCTTCCCATTGAGGGCGATGTTCCGGTTGTCCTGATCGAAACATTCTAGGGTGATGAACACCTCGTAGCCGAGTTCGCGAATCACCACGTCGAACTGCTCTTCCGTGACGACGTTGTGCTCGAGGACCAAATAGCGCGAGGGCGATGCATGCGACTCGACGGATCGCCGCACGTCTTTCAGATGGTCCGTCAAGACATCGAAATTGCGAAAGCACCCGGTCACGATGGCCACGCTGTCCAACTGCGCGGCCGCCTCGGGATGCTGCGCGAAAACGCGATCCAACGTGGATCGCGACGAAAGCGTATCATCCATCCCATTGTTCACCCGCCCCGTCTTCGCTCCCGCA
NZ_CP089929.1_gap118	4560818	4565024	4206	GGTGAAATAGATTCCTTTGGGGTTGCGTCCGGCGCGATTGAGTGCCAAGGCGGTCAGATGGCAATGCGCGACGACGCGTCCAGTCCCCATAGCTCTGCCCCATCTTCGGAGGACCGCCGGCGCAACGACCGCTACGAGGTGATCTGGTCGGTGGATTGCGTAACGGACGAAACTTTTCTCTACGCGTCGATCACGAACATCAGCGAGATGGGCATTTTCGTGAAGACGCTGGAGCCGCTGCCCATCGGCACACGCCTTTTGCTCTCCTTCTCGCCCCCAGGCTACGAGCCGTTCAAACTCGGGGGCGTGGTGGCGTGGCAAAATCGCGTGAAGCTTCAAGCCGACAATCCGAACCCCGGAATGGGCGTCCGTTTCACCGAGCTGGGAATTCAAGAACGCGAACGGTTGGTCGAGGTCATTCGCACCATCGCGTATCTCCGCGGCGCAAACTAGCGCCCATGTTGGATTGAAAATCCTATTCGCCGACAGGGAAGCGGCGGCCGTAGATGCCGGAGCGCGAATCGTTCGTCGTATCCTCCCAGCCGATGGCCACGTAGGCGCCCGCGCCGCCGACGGCCACCGTGGGGTTCGCGCGGCCGCGTCCTGCGACGATGCTGGCCTGGAATTCGGTTTCCTGACCATCGACGTGGTTGAACAGTGCGCCGCCGTTGCCGCCGAGAAAGCGCCCGCGCACATGGCCGCTGGGGAAGTCGACCCACGCGGCGACGTACGAGCCGCCCACGGCGGAGGAGCTGGCGATGACCGGCGCGTTTTGCTCGCCGTCGCTCGCCACGTCGTTGATCGCATCGCGCTGATCGCCAGTGACGGCCTGCGCCCCATCGGCGGTCAACCTGTAGCGCTGGATGAAGATGTCGCCGTTCTTGCGGCCCTGATCGGCCCAGACGATGGCAAAGCGCCCATCCGGCAGCGTCGCCACCGAGGGATGCGACTGCACGCCGGTATGCGAGGCGTCGTTCACCGTCTGCTCCGGACCCACGAGGGCACCGTCGGACCCGATGAGCCGCATTTTGATATCGGTCCCGCTTTGCCACGTGGCCACGTACATCGCGCGGGCGGCGGCGCCCCCCGCTCCGAGCGTCGCGACCTTGATGCCGTGGCTGCTCGAACCGCTGCCTAGATCATCGTGCTGCGGTCCCAATGCCTTCGTGGTCGGGTTGTACGTGCGCCCGTGCACCCGCCCGCCCTCGACGTCCTCCCAGGCGATGAAGAACAGACCATCGGTGCCCAGCGCCACCGACGGCCGAATCTGCCGCCCGCCCTCGCCGTTGGCACCATTGATGACCTTGGGATCCTGCCGGGCTTGTTCCGCACCGAACGCCGGCGTCATGGAGCGCAGGCTGATGTCCGGCGAGCCGCCAATGTCGTCGTCGTAGACCACGTAATACCTGCCCGCCGCATAGACCGCTGCAGGACGAAACTGATTTCCACCTTCGGCCGTGGGCGGGAACGTGGCGGCGGCCGAGTTGTCGTTGGGCAGGTAGAACGAGAAGTTCTGCATCTCCGGCCCCTGCTTCGCGTACGGCGCGAATGCGTCGGAAAGCACGCGCATCGTCACCTCGGTCTGCCCCGGCGTCTGATCGCCGAAGAACGCCACGAAGCGCCCCGCATCGCTCCCAGGAGCCGATCCCGAGGGCCAAAGGAAGAACGGATCCCTCTTGTCGCCCGGCTTGCCGTTCGCGGTGCTCGGGGCACCGCGTCCGCCCGACAGGAGCACCTCGGAGGTGTGACAGGAATCGTCGCATATCGGGTCCGGCTTCTCGCACTGCTCCGTCGGCTCGATCACGCCGCTGCCGCAGAACGCGGGCTTGATGAAGCGCCGCATCCTGATCTCGACCGGCACCGCGTCTTGGTTGGCGATGGCCTTGCTGCATCCGACGGCCACACGCTCGCCGCTGCTGCCCACGCCTTCCGCGAAGAAGACCCGCACGTCGTTCGACTGCTCGATGGACACATCGCCGCAGAACTTCACGCCGTCGGCGCAGCCCTGGGACGAGAGCTCCTTCGTCGCGAGACGTCGCGCCGTTGGACCGGTGACGTTGCCGTCGGCCGCGCAGTCCACACCGTCCGCCGTGGCGTAGACGATGAGCGTGAGCTTGCGCACGTTGTCGAACACGCCGCGCGGAAACAACAGGGAAGGCCCGACCTTGGCCCGCGCCGCGCCGCCGTCTTCCGACGAACACGCCGCCGCGCCGGAGAGGCCCACGAGAAGCCCGAGGAGAAGTCGTACACCGCGCATGAGCTGCGTGGGTTTATACATGATTTCTACTTCGCCGATCGTTTCCAGAATCCCAGGAATCGCCTCTCCGCAGGTTTCGACGAAGCCTCGGGGATGCGACCCACCCCCACGAAGGAAAGCGCATCTTCCAGCGCACGACAGACCTCCACGCGCCCGCTCACATAGGCGCGACGATACCCGGCACGCGCCACACACTGCGCAACGCGCCCTGCCCATACTTCGATGGCTGCAGCGTCATCATCAGGGTAACCGCCGGTCACGGCGACCGATTCCTCGTCGATTCGAACGGCGCAAAATGGGTAATCCCACGCCGCTGCGGCATCGGCGCGGGCCAGATCCGCCTGGGCGGCGGCGAAGCCTTCCGCGGCCGCCGCGCGCATCGAAACCCACGGATCGATGGCGAAGTCGCTGCCGGTGGCCGTGACCGCGTAGGCACCATCCAGGGTCGACCCGAGCAGGGTGGGGGAGCCTCCCCGTGTCGCGATCAGATGCCCGAGGCGCCAGCACGCGTGGAGCACGTCGCGCTGGGCAAGGTGGCCGACGATGCCCTCCACGATGAGCGCCCGCAAGGTGCGCGTTGCTTCCACCACGTCGTGGTCCGCGGGCAAGAGGGCGCGCGCATGGTCCTGGGTGCACCATGCTTCGACGAGCGCATCGACCGATGCCACCGCTATTTCTTTTCCGCGGCCGGGGGGGCGGCCTTGCGCGACGGCATGTTGCGAACGCCGCCCTTTGCGCTCATCGCATCCAGCTCACTTTGTGCGCGCGCCGCGTGGGTCGGTACCGTGAGCAGGCGCCCGAACTGAGCCCGTGCCTTGTCCGTCTGCCCGATCTGCTTGTAACAGAGGGCTCCCTCGAAGGTGGCGTCGTAGCCCACCGAGGTGCCATAGGCGCGTGCCGCCACTTGATCGAAGCGCGACACCGCCTCCGCACAACCGCGCGACTCCCGCACACTGCGCGCCGCCCACAGCGATGCGCCGGCGTTGCCGTTCGCCGCCAACCCATCGAACGAGCGCGTCGCCTCGTCGTAGTTGTGCGCGCGGTACGAGGCCAGTGCCACCTCGAGGCTCGAACCCTGATCGCCCGAGCCTCCAGCTTGGGAGCCCGCTCCCGCATGCGAGTCGCTCCCGCTCCTCGAGATTCCCGCCACCCCCGCCTTGGAGGGACTCGGCGCTTGCGCCATCGGCGCGGCCTGCATCGGAGCGCCCCCGACGGCCGCGGCATTGCTCTCGCTTCCCTCGGTGAGACCCGACGAGGGCGCATTCACGGCCGGCGGAGCCGGAGGTGCGGTCGCCGCAGCCACCGGCATCTCCTTCGCCTCCTTGTCCTTCTCGTCGGCCCGTTCGCGACGCTCGTCTTTGGCCACCCAACCTTCGGCGCTTGCAAACGCCGGCGGAGCGGCTGCGGGCTTGCGCACCTCGATCGCACCATGCGCGCCGGTCGCGCGGTCCGTATCGAGCGGGTTGTCCTGCTCTTCGGCCGGTGCCGAAGCTGCAGGCGCGCCCTGCTCGGTCACCACCATGGGAGCGCTTCCCATTTGTTGAACGCTGCTCCGCGCGCGCAAGAGCAGCACGCTGGTCGAGCCGATCATCAAGAGGAACACGGCGGCCATCGCGGTCTGCGGGCGCATGGCCCAGCTTCCGGCCCAGGACACCACGCGCGAGATGCGCCCGCGCAAGGGCACGACCTTCTGCGCTTCCTTCGTGGCGGCCAGGATGCGCTCCTCCAGGCCCGCCGGGGGTTCCACCGTTTCGAGGATGGCGATGCGGCGGGTGGCCGAGAGCCCATGGAGCAAGCTGGCGCAACGCGCGCAGCCTGCGACATGTCGCTTGCTGGCGGCGCTCGTCAGCTCATCGAGCTCGTCGTAGAGCTCATCCATGAGCGTGCTCTCGAACTTCTCGCAGTCCATACCTTTCCTCTTATCGACTCCCTTATTGATCCACGTTGTT
NZ_CP089929.1_gap119	4659572	4661045	1473	CAAGCCCCGGCCGGCGAACCCCCTGGAGCCCGTGGAGATGTCCGTCGTGCCCTTCGTGGGTCCGAGCTTCGGTGGGGCGACCATTTCCGGTAAGTTCTGACCAACGTGCGCAATCCACCGCTCTTTCCCGCCTTCGTCTCGCAGCACAGCGTCAACTTCGACAAAGATGCGCCCGATCTCGGGGCGCAATTTCCCGGCATCGCGCTCCCCGAGTCGCTCGGGCGCGCCGTGCCCAAGCGAAAGGCGGAGTTTCTCGCTGGCCGCTTTTGCGTGCGCGAGGTGCTGCGCCGCCTGGCGCCCGAGCATGCCGAGATCCCCGTCGGAACCGGCAAGAACCGCGAACCGCTCTGGCCCGACGGGTTCGTGGGGGCCATCACGCATACATTGGACTTCGCCTCGGTGGCCATCGCCCGGGCGCGCGATGCTCACGGCATCGGTCTCGACGCCGAGCGCGTGATGACCGACGACAATGCGGAGCGTCTGCTCGACAAGATCGCCTCGCCCCAGGAAATCGCCCAGATGAAGCGAAAGACCGGGTGGGGCACCGGCGTCGCCCTCACGGTGACCTTCTCCGCGAAAGAGTCGGTCTTCAAGTGCCTGTACCCGCAGGTGCAGCGCTACTTCGACTTTTCCGATGCGTGGATCGAGATCCTCGACGGCGAACGCTTCTCCGCGCGCCTCCTCTCCACGCTCACGCCATCGCTCACCGCGGGCCGCACCTTCGAGGGCCGCTTCGAGCACGACGCCGTCTCGGTGTGCACCGGGATGGTGGTCACGCCCTCGACGTAATTCAATCGACCGTTGCCTTAGCGAACACTGAACTTGGGCGGGCGCCGTTCGAAGTAGGCCTCCACCGCGTCGGCGTGTTCCGCGGACGTCCACGTGGCCACGAAGCGGTTGCGCTCTTCGTCGCGGACCGCGCTCGGGTTCGTGCGGGCGGTGAGGAGCAGCGCCTTCATCGCGGCGACGGCTTGGCGTGAGCCTTGGGCGATGTCGCGTGCCCAGGCGAGGGCCACGGCCACGGAGGTGCCGTTGTCGCAGACCGTATCTACCAGGCCGAGGGCGCGTGCCTCCTCGGCGCCGAATTCCTGGCCCGTGAAGAGCGCGCGCGCAGCATTGCCGGAGCCGACGGCCGCGAGCACGCGCGGGACGGTGCCCCATGCGCTCGTGACGGCCATGCGCACCTGCTTGAACGAAAGGAGGGCGCGTTGCTCGGCGATGCGGATGTCGCATGCGAGCGCGATTTCCGCGCCGCCGCCGAACGCGACGCCCGGGATGGCCGCGAGCACGGGAATGGGCAAGCCCGCCATGCGGGCGCACAGATCCTCGCCCAGGCGCGCGAACCGCTCGGTGTCCTCGGGTGTCGTGATGCCCCGCACCTCGCGCAGATCGCCACCGGAGCAAAATGCGTCGCCCTCGCCGGTGAGGATGGCGGCGCGGAGGGTCTCGTCGCGGCCCGCCTCATCGATGGCG
NZ_CP089929.1_gap120	4740478	4743090	2612	CTTGCGCAAGATGGTTTACGTGCCCGGGAAGATCATCAATCTGATCGTGGGTTGATGAAGAAGCTCCCGTCCGCCCTGGTGATGGGCATGGCGATGGTGTGCTCGGTGGCCGGTTGCGGCTACCGGGCGCTCTACGCGCAGCCCGGCGAGGTGCGGCTTTCGGTGGTGCTGGTGCGTGCGCGTGTGGCCGATGCCGTGGCCAACGACGAGGTGCTCTCGGGCATGCGCACCACCTTGGCACGCGAGGGGTCGCTTGCTGCGGGAACGGGCTACCCGCGCGTCGAGGTGGAGGTGCTGCGCGCCGACGAAGCCAGCGAGGGCATCGCCTCGGGTACGGATGCGACGGGCGCGCGCGTTCCGCAGGCGCGTGCGACGCAGGTCGGCGTGCTGGCGCGCGCGTGGATCGTGCGGGCCCAAAACGGCGCGCACGAGGCGGACACCGGGGACGTGCGCGCGTTCAACGTGGTGGAGAGCTCTGGCGCCACCGGCCTCGTGGCCGAGGGCATGCGTCACGACGACGCCCTTCGCGCGGTCGCACGACGTGTAGGGCAACGTCTGGCATTGCGCGTTCTGGGGCACCCGGTCGCACGGGACGAGTCGGCGGAGGAACTGTGGTAGCCTTCGTGCGCACCCATGGAAAAGACGATTACTCTGGGGTGCGCGGGCTTTCCGGTACCGGCGACGCGCTACTTCAAAGAGTTCCTCTTCGTCGAGATCCAAGAAGTGCACGTATCGCCCGGCACGGGCACCATCCGCCGCTGGCGCCGTGAGGCCCCGGAGGGCTTCGACTTCAGCGTGGTCGCCCCGCGCGACATCGGCCAAGAGGGCTTCCGCAGCGGCAAAGTCATCGAGAGCGCGTTGAAGTCGCTCCGCGAGGTGAGCAAAGAGCTCGTGGCCAGCACCGCCGTCTTCGTCGCCCCGCCCGATTTTTCGTCGAGCCGAGCGAACAAGGCGATGGTCAAAGAGTTCCTCGGCAGCATCCAGCGCAAGTTCGATCGCATCGTCTGGGAGGCCCCGACGTCGTGGGATCCCGACGATGCCGCGTCCCTCGCCGAAGATGCGGGCGCCATCGCGGCGCGCGATCCGCTGACGCAAGGCATCGGCGAAGGCGCCGTGGCCTACTACCGACTTCCGGGACCGGCTGGCCACAAGAGCCGTTACGAGGATCCGGCCATCGAGCGGCTTGCCGATCTCGCGCGCTCCGCCGAGCACGATGACGCGACCTACGTGTTCACCAACGTGGACATGTTCGCCGACGCAAAGCGTCTCAAGAAAGCGCTCAAGCTCGCCTAGCTGACTCAGGAACGGCTCGCGAGCGAGGCAGCCTTTGGGGGCGTCCGTCATCGTTGCAGCTGAGACCGAATCGTATCTCGCGATTGTTACGGGCCTGGGAGTCCGTCCCGTTTTATGAGTAATGTACAACGATGACGTCCACGACTTTGTTTTCGAAGGTCGCGCACCCGGAGCCGGCGAGCGCGGAACGGCTGGCAGAAATCCTGGCGAACCCGGGATTCGGCAAGCACTTCACCGATCACATCGTGACGGTTCGATGGACCGCGGAGCAGGGGTGGCACAACGGCCGCGTCGAACCCTACCGCGCCCTGGAGCTTCAGCCCTCCGCGATGGTGCTGCACTATGGCCAAGCCATTTTCGAAGGCCTGAAGGCTTATCGCCGACCCGATGGATCCATTTCCACCTTCCGGCCCGAGGCCAACGCGGAACGCTTCCGCACCTCGGCGCGCCGCCTGGCCATGCCGGAGTTGCCCGACGAGTATTTCCTCGGCTCCCTGCGCGAGCTCGTTGCTGCCGACGAGCGCTGGGTTCCCGCCTCCGGTGGTGAGGCCGCGCTCTACTTCCGTCCTTTGATGATCGCCACGGAAGCCAGCTTCGGCGTGCGCCCCGCGAAGGAGTACCTCTACGTGCTCATCGCATCGCCCGCGGGCTCGTACTTCAGTGGCGGCATCAAGCCGGTGAGCGTGTGGCTCTGCACCGAGTTCGTGCGCGCGGCGCCCGGCGGTACGGGCTTCGCCAAGTGCGCGGGCAACTACGCCGCCTCGCTGCAGGCGCAGGCGCAGGCCGCGGAGAAAGGTTGCGACCAAGTCGTGTGGCTCGACGCCGTCGAGCACAAATGGATCGAAGAGATGGGCGGCATGAATCTCTTCTTCGTGTTCGGCTCTGGGAAGAACGCCACCATCGTCACGCCCGAGCTCAACGGAGCACTGCTTCCCGGCGTTACGCGCAAATCACTTTTGCAGCTCGCATCGGATCTCGGCTACCGCGTCGAAGAGCGCCGCATCTCCACGGAAGAATGGGAGAAAAAGGCGACGTCGGGCGAGCTTACCGAGACCTTCGCCTGCGGCACCGCCGCGGTCATCACACCGGTCGGCAAAGTGAAGCACGCACGCGGCGAATTCGAGATCAACGGCGGGAAAACCGGTGAAGTCTCGATGCATTTGCGTGAGCAGCTCACGAGCATTCAACGTGGCACGCTTCCCGATCCGCACGGGTGGATGCATCGCTTGAAGTAGATCGCGCGCGCGTGTCGTGACGACGACGACCCCTTATAAACTGGGCTCCCGACGTCGGTCGTGCAAAATTCATCGCGACCGACG
NZ_CP089929.1_gap121	4756934	4760432	3498	TCCCCGCATCGGTCGTGGTTCCACCATCCGCCGTCGTGCCAGGATCGCCCGTGCCGTCTCCCGGCGGATTTTTCGGCGAATCCCCCGTGATCCCATCATTCCCATGGTCGTCGGGCCGGCCGGTACCCGGCGAGTCCGTGCTGCTGCAAGCCACGGTCTGCATGGTGAACTGCACGATCACCAGCGGCCAAATATGTAGGCGCATGCGTACTCCTTCGTTATGCGACGATTGCCGAGTTGCTATTGCGATAGCAGCTTCTAGACAATGGCGCAAAAGCGGATACGCTTTTACAGATTCGCCAGTTGTTGACAATCGAGCAGCGGCAGCGGGAAAATCCGGCGAGCCCGGCACCCAAGTCCGGCCCCCAGCGCTGGATCGCCAGAAGGTCTGCGCCCTTCGCTTGCTGGTAACACGTCGCGCCGGCCCCGCCGGTCTCTTCTCGCTGCCGCGGTTCCAGCATCAGGTCGCCCTGACCTGGAACCTTCAATCGACCGTGCCCTTCGCTCGAAGGCCGTCAGAAATTCACGCGTGCGGGCTGGCCGGCGACCGCGTTTGCGTCGGGACCGGCGACCTGGATGGGGATCCAGAAGGCGCGAATGCGGGCAAAACTGCCCGATCGTTGATAGCCGGCGAGGCCGAAAAGCACGTTCCAGAAATACCCCGTCGGATCTTCTCCGTAGGAAAAGATCGGAAGGAGGTGGAATTGCCAATCGGTTCCGCCCACCACCCTCTTTTGCATGTACAGGGTATTGCCGGCAACCTGCAGAACGGAGTCGTCCGATGTGTCGGCAAAACGCCAATAGAGCGGGAACCCGACGGTGGTGCGGCCCTTGGGGCTGGCGAAATCCCAGAAGAAGGGGGCTACGACCGAGTGCGTGTTGCGGTCGTTGCGTCCGAAATACAGAATAGGGTGAAGATCGGCTTCCCACCCGTGCTGGTCGGTCGACACGGTGATGGTGGGGAATGCCCACCAGGTGCGCGATTGGCCGTAGGTTTCGAACTTGCCAAACAGCGGGGTGAGGAAGTCGTGCCCGCGCGGCGAATCCGATTGATAATAGAAGGGCGCCATGGCCCACGCGTGAAGGCCGATGTCCTTGTCGCGGTAATCGTAAAAGAGCGGAAGAATCGGCCCAGCCGCGGTGAAGCGCGTCGCATTGTTGCGCGTGGTGGCCACGCTGAAGAGCGGCGTGAGCATCGTGTCGCTGGTCATCGTCACGCGGCGCAAGTAACCGGGAATGACGAACAGCGATTCCGTCTCGCTCCGGCCATAGTGGAAGAGCGGCAGCAGCGTGGTGTGGTGCTCGCGGATGCCGCCCGTCTCCGGCTTGCCCTGAATGTGAAAGAAGAGCGGCGCGATGTCGAACACGCTGCGCTTCGGATCCGAGGCCATGATGAGCGGGCCGGCCACGGTGAAGGAGCTATTCTCGACTTCCCGATAGCGATGATAGAAGAGCAGCGGCGGAATCAACGTGTACGTCTTGCGCGTGCCGTCGATGGAGCCGTTGTTTCCGTGGAAGAAGAAGGGGACGAGGCCCATGTCCACGTCGAGCTTCGTGCGGTCGCGGAAGAAGGGGCCCACCAGCGTGAAGGCTCCGTCTTCGTTGTAGTGCGACGTGGTGAGGAGCAGCGGGGCGTGGAAGTAGCCCGCCTTGGGGCGCGACCCTTCGAAGAACAAGGGCGCGAGCCAGTTGTCGTGCTCCCCGGGTGCCTCGCGGTGGGCGATGGGGCCGAAGACGTAAACTCTATTTTGATTTTCGCGCACCCGCCAGGCCAACGGGAAAAGCACGTCGGCATCGATGCGCGGCGAACGGCGCTGGTAATACAGCAAGCCAATCAGCGATTCGCGATCGACTTTGCTTTCCCCGGTCGTGGGCTTCGACGGATCCGGAAGGCCGCGCGTGTGCTCGAGATAGAGCGGCGGCAAAAGGCGAAATCGGTAATCGCCTTTGCGCTCTTCGTAATACGGAAAATACTTGCGATGCATTTCCCCGGTCGCCGCCGGGGGCTCCGGATCCGCATCGGTTCCAATGCGCCCGCGGGTCTCGGGGCTGATCGCCAAGGGATCGGCCGGGGCCTGCACCTGCGGTTCGTTGCGCGCGGGGGCCACCTGCTGGCGTGGTTGATCGTCGTCGCCCGCACCGGGCGCCTGCTTGTCATCGTCCTTCGACGTGTCGCTCGAGGAGGGAGGCGGCCTGCTGCCACCCACGGGCACGGACGGATTGCCACCGCGCTGCGCCTGGGCGGACAGCGAAAGCAAGGACGTGAAAAGCGTAAATAAGGTAAAAGTACGGAAATTCCTCACCGGCTCCTCGACTTCAATCGATCGGCCACGATGCGAACGACGTCGCTCAAGGCGATGGAGTCTTGCGTGTGGCCCAGCAGGTCCTTCACCTGCGCGGTGCCCGCCGCGATTTCATTCTCGCCGAGGATGAGCGCCACACTGCAGCCCAGGGCGTTGGCCCGGCGCAATTGGCTTTTCAGCGAGCCCCCACGCGTGTCGACCTCGGTGGCGATCCCGTGCTTTCGCAAATCGCGCCCCAGGATCATGGCCTGTTCGATGGCCCCCGCGCCCAGCGGAGAGACATAGGCATCGATGCGCGACGGCTCGATGGTCGCCTCGCTGGCGATGACCAGCCGCTCGACGCCGGCCGCGAAGCCGATGGCCGGGACGCTCGGGCCACCGAGCTCTTCAATCATATTGTCGTAACGCCCGCCGCCCGCGAGGGTGTCGCCGGCGCCCAGCTTGTCGGTGGCGCCTTTGATCTCGAACAAGGTGCGCGTGTAATAGTCGAGCCCGCGAACGAGGCGCGGGTCGACCGTGAAGGGGACACCGAGCGCGGTGAGTGCGCGCTGCAACCCGTCGAAGTGGGCCTTGTCGTCGTCGGAGAGGAACTCGGCCAGGCTCGGGGCCTCGGCCACGATGGCCTTGTCGCCTTCGTTCTTCGAATCGAGGATGCGCAGCGGGTTGGTCCCCATGCGGCGTTGCGACTCGGCACTGAGCTCCGCGCGCCGCGGCTCGAGAAAGGCCAGCAGGCCCTCGCGGTAACGGACGCGGGCCTCGGGGCCGCCAATGGAGTTCACGAGCACGCGGACGTCGGGGATCTGCAACTTGGCCATGAAGCCAACGACGAGGTCGATCAATTCCGCGTCGCAGCCCGGGCCGGGATCGCCATAAATTTCGCAATCGAGCTGGGAAAACTGCCGGTAGCGCCCGCGCTGCGGCCGCTCGGCCCGAAACATGGGGCCGTACGAGAACCACTTGGTGACGGGCTCACGCGTGTGGATCCGGTGCTCGACGTAGGCGCGCGCCAGGCCCGCGGTGCTCTCGGGCCGCAGGGTGAGACCCTCGTCGTGGTGCGTGAAAGAGTACATCTCCTTCTCCACGACGTCGGTCGCCTCGCCGATGGTGCGAACGAACAGGCCGGTGGGCTCCACGCAGGGCGTGCGCACCTCCGAGAATCCGTAGCAGCGCGCGGTTTCCGCGAAGAGGCGCTCGA
NZ_CP089929.1_gap122	4857163	4857966	803	ATCAGGAATGGCAAAACAATCGCGCATGTGCGGTCGAGGAGATGTGGACTACAGCGAAAAAAAGATACGCGAAGCGTTCGCGGACCTGGGCGAGCTCGACGTGCACTTCGATCTGTCCTCCCCCCGCCACAACGTGTCGCCGACCGATCCGGTGCCCGTGGTGCACTGCGAAGACGGCCATTTGAGGCTTGACGGCATGGTGTGGGGCACGCGCGACGAGCGCGCAGCGTCGAAGCGACCCATCTTGCTCGTCCGCGCGGAGACGGTCGCCCGGGGTTCGCTGGCGAGCCGCACCCGCGGGCTGGTGATGTTCACGAAGTTCTACGAGTGGCAGGGCGAGAAGGGAACGAAGCGCAAGCCCTACGCCGTTCGCCCCAAGGACGGTCGCATCCTCGCCCTCGCCGCCCTCTGCAAGCGCACCGTCACCTCCGACGGCGAGGTGCGCGAGAGCTGCACCATCGTCACACAGCCCGCCGCGGGCCCCTTGGTGGAGATCCACGATCGCATGCCGGTCTTGGTCACCGCCCCCCATTTGGCCACGTGGCTCGACCCATCGACCAAGACCGACGCCGCCCTCCAACTGGTCCAAACCGCGCAACCCGCGGATTCACTGGAGCCGTATCCGGAGGATCCGTTGAAGGTCGTCCAAGGGTAATGGCGATTGCGCTAACCGATTACCAAATCTGCGGAGCCAGAAAGGATTTTCTCCGACATTGGACCGACCCTGGACTCACGGCAGACGCGTGAGCCAATACGTTGGTGAGGCTCCGCTCGTTGCACCCGCTTAGGGCATCCCCGTGTGG
NZ_CP089929.1_gap123	4865638	4867807	2169	CACCAGCGCATGGGCGCCTACGCCCACCAACGCCGACACCATCAGCGCGGCCACCATCGCCCATCGCGAAAGGGCCTCCACGCCACGCTTTTTCCGGCGGAGCGCCGCCTCCGGTGCGAGGAACGCTTCACGCGCACGTTCCAGCGTGTCGTCGTCGAGCACGCGCTCGTCTTGCACCTCGGCCAGTTTCGCCCCGAGGCGCTTGAGCGAAGCCGATGAAGAGGACCGCTTCATTCGTCGCTCCATCGGCCACGGCGGATCCACTCTGCGAGCGCGGGGTGCTGCCGGGCATGCGCCAGAAAACGCTTTTCGGCTGCAGCGAGCCGTCGCTTGATGGTGCTCACCGACGTGTCGCACGCCTCGGCCACCTGCGTGAGCTCCATGCCGTCGATGAAGCGCAACGTGAACGCGATGCGTTCGTCGACCCCCATCCGCGCGAGAATGCGGTAAGTGGCCGTGAGCGCTTCACTGGCGTCCGCGTCCCCGGCCGGTCCAGGTTCCGGCTCGGGAAGGCTCTCGTTGGGCAGGAACACGAGCCAGCGCCTTCGTTGCCGCCGGCGAATGCACTCGCGCGCCGTAAAGACGGCGATCCCCGTGAGCCACGATCGCAGGGTCGACGGATCGTCCAGCCGCTCGATGCCGGTCATCGCGCGCAGAAAGACCTCCTGCACCAGATCGGCGAGCTCGACATCCGACCCGAGGACACGCAGCAGGATTCGCCGCACGTCCCCCGCGTACAGATCGAAGAATCGCGCGCGGGCATCCACGTCGCCGGCGCAGAGGCCCGCGATCATGCGCTCGTCGTTCGACACGATCCGCGGTCCGAAGCCGGAGGTGGGCGGTGTCCGGGCCGACTTGGAGTCTTGGGGATCTGCGTACGAGGTGCGCACCGCACCTGTAGAGTGACCGAACCCGCCCTTCGAGGTTCAACAAAATCAGGTGCGCCGGGCAGTGGCGCGCCATGAGGTGGCGTCGATTGCCACGGGGTGGACGCCCCACTAGACTCGTCGCCCCGTGCGTCTGAACGAGGGCCGTGGCCATTTCCATCGACGAATCCCGGTCGGTTTCGTCGCGATGCTCCCCCTCGTCCTCGGCGCCCTTGCCGTGCTTTCCGCCAGCGCATGCGGCGTACTCATCGGCCACGAGGACCTTCCCGAACGGTCACACGGGCCCGATGGAGGAGCCGACGGCGCGCCCCCACGCGGCGTGGATGGATCGCTCGATGCGATCCATCCCGCGGGAACCTTGGATCGGACCTTTGGCGATCAGGGATTCACCACGCTGGAGTGGCCCACCCTGACCGTGCCTCCGTCGCTGATGCTGGACGGCGAAGACATTCTGCTCGTGCTGACCGCAAGCAAGCCCGGTCTGGCGATCGTTCGATGTTCCAAATCGGGCGTCTGCGATACGTCGCATCCGATGAAGCCCGAGCCATCTTCGGTCAGCCGCGTCGTTCCCGTTCGCGATCTGGGCGGTGGTGTGGGGCTCTTCTACGGATTGCAGTCCGCCGACCCTGAGCGCGAATACGAGAACATCGCGCACCTGTGGCGTTCGACGCGCGATGGCGGTGCCGAACACCTCGCCCAGGAAACGCTGACCGCACCGACCACCCAGCTCGAAATTGCCTTTGCGACGAGCCCCCTTCGAAGCGTGGGGGTCAACAATGGGGGACCGAGAGGGGCAGGGCGGGTGAACGTCCGCGCATTTCTGCAGGACGGCAGCCCCGATATGCTCTTTGGCCAGGGAGGACTCGTGGCCAGAGCCTTGCCGGTGCCGTACTTCGTTCCGAACGATGTCCTCCTTCACGACGATGGTCGGATCGTGGTTGCGGGAATGGCCGAAGCGGTCATGTGGATGCGGTTCGAGAAGAATGGCGCCGTGGATACCTCGTTTGGAACGAAGGATGGCGTGGGCACCTCGAACCTCGCCTCGGAAATACGAGAGATCGTCCTGGACGATGGTGGCTACATCGCAGGCGGCTCGCATTCGGACACGCCCCGTGGAGTCTTGCTCCGGCTGGACCGCGACGGCCGCATCGACCCGTCGTACTGGAACGGCGGAATGTATCGATTCGAGATCAGCGCGGACGGTCTGAGACCGCCGTTGGCGCTCGTGGGGGCGATGGCGCTCGGAGCCGGCGGCAGCGTGCTTGCATTCGGGAGCACCTCG
NZ_CP089929.1_gap124	4894429	4898369	3940	AGCGAGACCATGACCGCGAAGAGCACCGGTTGCACCACGTCGATGCGATCGAGCGACGGCGTCCCATCGCGGAGAGCTCCGAGCAGCGACCAGTCGAGGTGCGCCGCGAACGCATGCGCACACGCATCGATCTGCTTGCGGAAAACGGGAGACGTCTCGAGCAGTGCACGCGCCATCTCGGGCCACTGCGAGCCTTGCCCCGGAAAGACGAAAACGACCTTTCCGGATCCGGACCGCTGCTGAACGACCGCACCCGGCGCATCCTCCCCATCGGCGAGCAACCTCAGGGACGCGACCAGCGCCTCGCGGTCCTGGGCCACGACGCCGGCACGATGCTCGAAATGCGTGCGCGACGTCGCCAACGAGTACCCAACATCCTCGAGCCGCAGCTCGGGATGGTTCTCCAGATGCTCCCGCAACCTCCCGGCCTGCGCCCGCAACGCCGTCTCGGACTTCGCCGACAACACCACCGGCACATACCCGTGCTCGTGTTCGGGCACGGGCACGGGCATGGGCGCGGGCCTCTCCTCCAAAACGACGTGCGCATTGGTCCCACTGGCCCCAAACGACGAAACCCCTGCACGCCGCGCCCGATCGGCCATCGGCCACGGTACGGCCTCATTCAACAGCCGCACGGTCCCCGAGGACCAATCGATGTGCGACGATGGCCTCTCCGCATGCAGCGTCTTCGGCAGCAGACCATGCTGGAGCGCGAGAACCATCTTGATGACGCCCGCGATGCCGGCGGCCGCCTGCGTGTGCCCGAGGTTGGACTTGAGGCTCCCGAGCCAGAGGGGCGCGTCTTCGGCGTGGGCCTTGCCGTACGTGGCGAGCAGCGCGTGGGCCTCGATGGGATCACCCAGGGAGGTGCCGGTACCATGAGCCTCGACGGCGTCGATGTCCTTGGGGGAAAGACGCGCGGCGTCGAGGGCCTGAAGAATGACACGCTCCTGGGCGGGCCCATTGGGGGCGGTGAGGCCCTGGCTCTTGCCGTCTTGATTGACGGCGGAGCCGCGGACGACCGCGAGGATCGTGTGCCCGTTGCGGTGGGCATCGGAGAGGCGCTCGAGAAGGAGCACGCCGGCGCCTTCGGACCACGCGGCACCATCGGCGTCGGCGGAGAACGACTTGCAGCGACCATCGCGGGCAAGCCCCCGCTGCCGGCTGAAGGCTACGAACGCCGCGGGTGACGCCATGACGGTGGCCCCGCCGGCGAGGGCGAGGGAACACTCGCCGGCCCGCAAGGCCTGGCAGGCAAGGTGGATGGCGACGAGCGACGAACTGCACGCCGTGTCGACGGTGAGCGTGGGACCGCGCAGCCCGAAGGTGTACGCGATGCGGCCCGAGGCCACGCTGGGCGAGCTGCCCATGCCCACGTACCCTTCGAGATCGCTCGGGTAGCCGTCGGGCGCGTGAAGCAACCGCGCGGCGTAGTCGTCGTAGATGACGCTCACGAAGACGCCGGTCTGCGAGCCTTGGAGGGCCGCGGGATCGATGCCCGCGCGCTCGAAGGCTTCCCACGACGTCTCGAGGAGCAGCCGCTGCTGCGGATCGATGGCCAGCGCCTCGCGCGGGCTGATACCGAAAAATACGGGATCGAAGCGATCGGCGTCGTAAAGAAAGCCGCCGTGGCGCGCATAGGTCTTGCCGGTGACGTCGGGATCGGGATCGTAGAGCCCGTCGAGATCCCATCCGCGGTTCTCGGGGAACGTGGAGATGACGTCGCGCCCCTCGAGGAGCAGTTCCCACAGCGACTCCGGCGAGTCCACCCCGCCGGGGTAGCGGCAGCCCATGGCCACGATGGCAATCGGCTCGCGCGACTTTTCTTCGGCGGCGCGGAGCCGCTGATCGGTTTCACGAAGCTCGGACATCGCCTGTTTGAGATAGGCGCGGAGCTTCTCCTCCGTCTCGTTCCTCTGACTCATGGATTGACCTCGGCGAGGCGCTTGTCGAAGGATGCGAAGAGCTCCTCGTCGCTCGCGGATTCGAAATTTTCCAGTGGTTCGTGGTGGGCTTCGTCGTCGCGCGTGGCCGCACCGAGCCGCGCGATCAGCGAGCGCAGATGCTCGACGACCTTGGCGCGTGCGCCATCGTCGAACTCGCCCTCGAGAAGCCGATCGAGCTTCTCGAGAACCGGGAGGCGGGGCTCGGCGTCGTTTGGAACGAGCTTCTGCGCGAGCAGCTCCGCCAGTGCGTACGGCGTGGGGTGGTCGAACAGCAGGGTTGCGTGGAGGCGCAGGCCCGTGGCGGCCGAAAGCCGGTTGCGGAGCTCGAGTGCCATGAGCGAATCGAGACCGAGTTCCTGCAAGGGCCGATTCGGCTCGAGGGTGCTCGGTGACGTAACGCCCAGCACCGTGGCGATATGTCCGCGCACGAGATCGAGCAATGCACTTTCCCGCTCGGCGGAGGACAACCCCCCGAGCCGCTCTTCGATGGAAGATGCGGTGAGCGCGTTGGTGGCGACGGGGCGCGCCGACGTGACGCGCACCAGGCCGCGGAGCATCGCGGGCACGGTCTCCGTCCTCGCGAGCGTCGCCCGATCGAAGCGCGCGGGAACGAGCGCGGCATCCTGCCGGGCGAGCGCCGCATCGAACAGGGCGAGACCTTCCTCCGACGAGAACGGAAGCACGCCGCTGCGGGCCATGCGCTGGAGGTCGGCCTCGGTGAGGCGCGCCGTGAGACTGCTCTTGTCCGCCCAATGCCCCCAATCGAGCGAAAGCGCGGGCAGGCCCTGCGCGCGGCGGTGGTGCGCGAGTGCATCGAGGAAGGCGTTGGCGGCGGCATAATTCGCCTGGCCCACGTTCCCCAGCACGCCCGACAGCGACGAAAAGAGGATAAACGCCGAGACATCGAGCGATGCGGTCAGCTCGTGCAGGTGGAGTGCGGCGTCGAGCTTCACGCGCAAGACGGGGTGGAGCCGCTCTGGCGTAAGGGAACCGACCACGCCATCGTCGAGCAGGCCCGCCACGTGCACGACGGCCGTGAGGGGATGCTCGGGGGAAATGCTCGTCACGAGTTCGCGCAACGCCTCCCGATCGGAGACGTCGCATGCCGCGAAGGTGACGGCCGCACCGGTTGCGCGCAACTCGGCGGCGAGCGCCTCCGCACCCGTCGCCGCCGCACCCTGACGGGACGCCAAAAGCAGATTCCGAACGCCATGGTTTGCAACCAGGTGACGGACCACGAGCTGGCCGAGCGTGCCCGTTCCGCCGGTGACGAGCACCGTACCTCGCGGGTCGAGTGCCGGCGTTGTCGTGGCCGAAGCCTGCGCGAGGGGCACGAGGCGCGGGACGAGGAACTGCCCGTCGCGGAGTGCGAGCTGGTTTTCCCCAGGTGCAAAGGCCTGAACGAGGGCCAGCCGCGATGACTCGGCGCGGTCGATGTCGAGCAGCACGAAGGTGTGGAGCGGCGACTCGGACTGGGCCGAGCGCACGAGCCCCCAGACGGCCGCGTGGGCGAGGTCCTCGACGTCCTCGGAGCCCGCTGCGATGGCGCGCCGGGTGAGCACGACGAGGCGCGAGGGCGCGAGCCGCTCGTCGGCCATCCACCCCTGGAGCAGCGCGAGGACGCGGTCGCACACGCCGTGTGCGGTCGCGATCAGGTCGTCCATGGCCTCGGCAACGAACGGGGCCAGCACGACGTCGGGCCGGCGTGCCCCTTGGTCCAGCGCGGCCTGCAGCGAAGCGAGGTCGCCGTACGCATCGAGCTTTACGCCGTGGGGCAACACGTTCGACACATCGCCGGCACCGACGACGACCCAATGCTCGACGGCGGGTGCCCGTGTGGACGTCGGCAACGGGTTCCACTCGACCCGGAGCAGATCCTCCGACCGCGACGCCAGCGTATGCCGGAGTTGGTCCGCCGCGACGGCGCGGGTCGTGAGGCCGCGGACGCGTGCCAGCGGCTCGCCCGCCGCGTCGGCGATGTCGAGCGAAACGGG
NZ_CP089929.1_gap125	4931077	4933122	2045	CCGCCGCGTCGACGTTGGCCGTGATCCTGTTGAAGTCGATGGGGCGTTTCACGTCGCTGGTCATGGGGCGGGCTCCTCTCGTCCATCGCGGACAATGAGTTTCGTACCGCCGCGCACCCGATGAATCCAATTCGTAAAAATCTAGGAGTCCATGAATGGGATCGATGACCCTGTCGGTGTGCAATCGTCGTCTACACCCAGAGGGGTGCGCGAATCCGCTTCACACTCAAAGCGCTTGCAGAAATTCCACGAGATCGTCCACCTCTTGGGCGGTGAAGTGGATGTGAAACCGCCTATCGTAGAACTCGACGACAGCCTGCAAGTCCCTGGCCGAGCCGTTGTGGAAATACGGCGCTCGCGTTGCAAGGCCTCGAAGAATCGGGCCTTTCGTCTTCCCAATGTCGTTGAATTTTCCACTGATCAGTGCGCGCCCGGGATCGGTGACGGTGATCGTCCGGCCGCTGGCCGTATGCTTGAACGTGTACGTGGGCAGGTTTCGTACGTCGAGCCCCCTCGCGGGGAACGGTGCCGCGACGCCGATGTCGATCGGTAGCGACGTCGAATGATTTCCAACGTTCGGCGAATCATGGCAGGAGCCACAGAAACCGGTGAGCGGCGAGGGCACCCCGAGTGCGTCGTTGGGACCGTTGAGGCCGGCCACGTTGTCGATCGGGAATGACTTGTTGTTGAAGATGGCCTCACCGCGAGCGATCGCCGCGGCCCGACGGTCCTGCGGAGGGTGCTTCTCCCACTCCTCGAACAACGTAAAGACCACGTTGGTGAACGTCGCACTGCGACCCGACTCGCACGAATTCGGGACCGCACAATTGAGCACGTCGTTGATGCCGATGAAGAAGTTCGGCAGCGTGTTGGTGTAGAGGTATGCGGCGCCACCGTTGGCGTGTCGGGAATTTAGCTGCAACCCGTTGACCGATCGTTGAGCATTGAAGGTGTTCGTCTCGAACCCCACGATGCGCTGTCGTGCGGACGAATCCAGATCGGATGTGGCTTGCGCGTGACCCCGTGTGGCGTCGTTCGACTGGTTGCTAAGGTTGGCTTCGATCAGGCCAACCGTGTTGTTGGGCGGATTGACGTTTTCGCGCCCGTCCCACATGACGGTCGACAGGAACGCGGTGTTCGCCGACGGCAGCGGGCGCCGATACATGCGGAGACCGGCGGCGCTCGGCGGCGTGGGGCAATGGAAAGGATCGGTGTACGCCTCGAGCGTGAAGTCGGCCGTTGCCGGAATGCCAATATCGACGCGGACGAGGGCTTTCGAAAGCATGGCCGTGGAGTTCACCTCGGGATCGGGGTTCGGCGCACCCGGAGGCAGACAATCCGATCCATCGAAGACGAACAGCGCATCGTCCGCTGGCAGGCTCTTCGCGAAGTCGGGTGTGATAGTCCACCCCTGGTCTTCTTGATGGCACGTGCCGCAGGTGCGTTCGTTGGTTCCGAAATCGCGAAAGAACGGATTCCTGAAGCTGAGATCGATTTTAGTCGGTGAGACGGTCGACGATCGGCCGATCGCATCGAGCGTCACATCCTCGTACAGCTTTGCAGCGGCGGCAGATTGCTCGTCGGCTTCTTCGCTCAGCGCTGCGCTACAGCCTGCAGCGAACACGACCAAGGCCAGCCCAGTGGCAGCTCTATCGAATCTCATGTCCCCCCCGTGATGACTCGTGATCGAGTTACGCCTGCTCCAATCCAGTTCGCGGAAACCCTCTCGATGATCAGCTTGCTTCGTTCACGGGCACGCGCCGTCGCTTCTGGTTGCCATAGCAACGATTCGACGAAGTTGGACGGTGGTGCTCATGGGGTGATCCGCTTGCTCGTGAAAAAGGAAAAGCCATCCGTTGCGACGTCCGGCGTCGGCCAAAAGTACCTGCCCTCCGTATGACGCCGAATGGGCGCAGTGCGTTCTATTCGATCGTTGGCTCACATCTTGGTCATCGAGTTATTTCGAATTCCGGATTATGCAATGCCGTTTTTGAGGGGAGTACTTGACGCCGTACACCGCGGCCGAGCGATTTCGTTGCCCGCGC
NZ_CP089929.1_gap126	4937566	4939975	2409	ACCACCCTCGACGTGGAGAGCCTCTCGCTCGACGCGCTGGTCGGCCTGTGCGACGCGCACCACGTCGACGTGCAACGTTTGGGGACGGAGCTCGTCGAGCGCCGGATGGACACGCTCTCCGCCGATGATTTGATCGAGCGCCTCGCCCAGCATCCGCACCGCAACATGCGCAAATTCACCTTGCGGCTGGTCACGGAAAAGCTCAAACCGGGATTCATCCGCCTGGCCGCCCTCGAGGAGTTCTTCCGCACCGTGTTGCTCGACGTCATGCCCGATCGCCCGACGAAGCGCGCGGCGATCGCCTTTCTCGCAGCACGCGGCCTCGCCGACGAGCATCAGGCGGAGATTGCGCTGCGCCTTCTCGGTGAGCTCGCGCGCAGCCGTACCCGCGACGATTTCGAACGCACGGTCGTCGCCATGACCCACATCAAGATAGCGTTTCCTCGGGTCGACGGAGGCATCGAACTCGCTGCGGAAGGCCACGCCCCGTGATCGTCGACTTCAAATACAAAGGCCAGAGTGCCGTGGTGCAGGGGCTCACGTCGGCCAAAATGGCCTTTGCCACCAACGCACTGCGCGAGGCCGCCTATTTCAAGGGAACCTTGGGGCGCCCGCTGTTGCTTCGGGAGGCGCTCTCGGCGCTCTACACGGTCGTCACCAGCGACTTCAAGTTTCGTCCGCGCGACCGCTTCGCGTTCGAAGCATGGCTGGCCGAGCAGAACCGCCTCTTTCTCGAGAAGCTGGGCGCGCGCACGGAAAAGGCCCGCGTTCGCATCGAGGAGCTGGAGGCGCGAAGGAGCGAGCTCGATGCCCGCAAGCAAAAGCGACTCGAGCCCTTTTACCAAGCACGAAAACACTATTTCGAATACGTCTTTCACCACGAGTACGAGCTCAATTACATCCTCGATCCGGTCATCACCGTTCACCCGGACGAAGTCTTTTTCGAGGCCTTCAGCCAGGACGAAAGTTCGTACGCACGGGTAGGGGCCCGCTACGATCTTTTCGAGCGCATCGAGGCCTTCGAATGCGGCACCACGAACATCGATTTCAGCGCGCGCCTGGCACGCGAGTTGGACCGGATTCGCACCTATCGAAAGACGGAATTCGACATTGCGCCGGCCGGTCTGGCCGTGACCGTCGGCGGCGGCGAGGCCCACAAAGAAAAGAAAGTCGCCCTGCCCGAGACCTGGGTCGAAGGGTTCCTTCAGGTGCAGAGCACCATGACCATGGGGCTAACGCATCTGCGCATCGCCCCCATCGATCTCTTCAACGTGTGCCGCTATTTGCGGCTTCACAAGGCCAAGAAATCCCCGCGTGCGCTGCGCTTCGAGCTCGTTCCCGGAAAGCGCATCCGCGTCGTGTTCGAACCGTGGGAGCACGCCATCGAGCTTTCGGCGACCGCGGTTTACTCGGGGGACAAGCCGCAATCGATTCGCACGTGGGGCCGCGATCGATTGCGCGTGCTCTCGCGGCTGTTGCCGGTCGTTCAGCACGTGGACGTGTACCTTGCGGGGTTCGGGCTCCCATCCATTTACGTGTTGGATCTCGGCGAGGTGAGTTTCACCTTGGCGCTCTCCGGCTGGACGGAAAACGATTGGAGCGGCGGGGCCAAGTTCGACCTTCTCACGCGGCGTGTCTCGGCGTCGCCCGAAGAGTTGATGCTCGTCTACGAGTCGCTTCGCCACGTGCGCCATGCCGACGAAGCGCAGATTGCACTGAGTACCAAATTGGGTATCGAGAAAACGCGCAGCGTGCTATCGCATCTCTGCCAAGTGGGACGCGCCATGTACGATCTCAGCGTCCGCCGTTACCGCCACCGCGATCTTTTCGCGGACCCATTTACATTGAAGGAGGCAGTGAAGGCGGTCGCTCCGGCCGCTCCTCATGCGAGCCAATCGACCCCGGAGGCCAAGGCGGCGCAAGCCATCTTCGCGGGCGACGACGTGCGCATCATCATGCGGCGCCCGTTCTCCGGCGGATTCAAACTGAGTGGGAGTGCGCGCGGCGAGAGTGGCGGTCGCGTGCGCCCGCTGCTCACGGTCGATCACGAGGGGCGCATCGTCGAGGGAACGTGCACGTGCGCCCATTGGAAGAGCCACGGGCTCACCACGGGGCCGTGCGAGCACCTTCTCGCGCTGCGCCTTGCGCACATGGCCCGCCTCACCGACGAGGACGGTGGCAATAACGGCAATGAAGCGAAAGGAGGAAACTGAGGAGCCGAATGAGAGTGGATGCAGGATGGGACGGATCGGGCGTTCTAGCCACCGTGCGGCGTTACGCCGTGCAGGCTTCCGTGCCGGTCATTCATCACCCGCCCGTTCATCACTCGGCGCCAACGCACCTGTCAGACCGCTGCTGAATGGGTCGCTCCGCGCCCCGCGGTCTCGACAGGTACGTTGGCGCCTTTAG
NZ_CP089929.1_gap127	5035937	5040859	4922	TGGCAGCATATCGGCGAGGCCCGGCCCGAGAGCAGCAGAGGCCGAAGACGTTGTGGATGCCTCGGTCCGTGGCGACGGTGGTGGCGTTTGCGTGTGCGATGGTCTGCTTCGCCGGTTTTGGGCTTGCCGGCGCCGAGCGCACCAAAGTCCATTGTTCGCGCGCCGAGGGGGCATGTCTCGTCCTCCGGGAAGGGATACTCTCGTCATCCATCGAACGACGATTTCCACTGGACACCTTGACCGGGGCTCGCGTCTACGAGAGGACGCATCCTTCGCGGGAAGATCTCACGACATACGGCATCGAGCTTCTTGCGAACGACGGGCCCGTGACTTTGTTTTGGGAGGACGCGCCTTCGGGCACGGTCACCCATCGCGAAGAGGACATCGCCCTCGCCGACGGAATCGACCGATTCGTCAAATCAGGCGCACCCGAGCCGTTCGTAAGCATCATCGGCAATTTTCTGCCAACCTGGATAACGGGCGCGGGCGTCGTATTCTTCGCGTTCATTCTCCTCAACGCGCGCGGCCGCATCGTCATCGACCCCGAGGCCAACCGAGTGACTCTGCAGCGCTGGCGATGGGTCGGCACCCGCCCGTGGGAGCTGCCGCTGGACGAGATCCAGCGCACGCGATTGCATCCTTTAAACGACGAAGATTCCCCGCGATGGGGAATCGTTTTCCAAATGAGCGGCGGGGACGCCGTCCTGCTCAGTCTTTCGCACGCGCGCCATCCAAAGCGCTTCGCCCTCGAGGTCGATCGCGCCATCGCGCAAGCCAAATCCAGCGTGCACTCGGCGCATCCCGACGTCGACGTCGAAGCGCGCGAGCTCCCTTCGTGAATGCGCGATTTGCTAGCGTGGAGACGGCGATTTGCCGGCGCGCTTGTCGGCAATGGCATTGACGACAGTCGCGAGGGGCTCTTGATGAGTCGAGCTCGGGATGCGAGAGTCGGTGGAATGAAGGGCGGCTCCTGGTTCGCGTTGCTCCTCGCAAGTACGATCTCGAGTTGCGGCGGGGTACCTCACGACAAACCGCCCACCCCGAAAGAAACCGGTGCGGTGCACGATCGTGCGGCGCGGGTCCGTTTTGGCGGGACCTTTCTCGCCATGCCCGATGGCGTCGCTGTTTGGTACAAGGTGGCCGGACCGGAACGCGCCCCCACGGTGGTTTTTCTCCATGGCGGCCCGGGGTACAACTCGTTCGCGTTCGAACGGAGCGCGGGCAAGGACCTCGAATCACGCTTCCGGATGGTCTACGTCGACCAGCGTGGCTGTGGCCGGTCGGGATTCGACGGTGCGAATAGCAACTACGGTATGCAGAAAACCGTGGACGACATCGACCGCATTCGCGAGGCGGTCGGCGCTTCCAAGATCGTGCTCATCGGTCATTCGTTCGGCGGCGTGGTGGCGGCCGAGTACGCGCACCGCTTTCCGGCACGGACGAGCGCCGTCGTCATGGTCGACACCATGCCCGATATCGGCGCCGCCATCCGGCAGCAGCTCCGGTACGCGGATTCGATCGCGGATGCCGAATTTCCGGATCGCGCCAAAGCGGTCCACGGGATCGTGCGCAGTGAAGGGGAGCCCTTCGAAAAAATCGCCAATCTGTATCGCACCATCGGCCGAGTGCCCCTTCAGCGAAAGATGCATTTCAACTCCGGTGAAGCCCAATCGCGCATGGAGGCCATCGACGAGCGCTCGCAGCTGCTCGGGCTCACCTCCGCCAAAGTGGTAAAGGCTTACGTCGACACGGGGTACGTGAATGGTTCGCCCGCGGGCGTGAGCGATCCCCTCGGCGTCCCCTCGATCCTCATCGCAGGGAGAGCGAGCCATGTCATTGGCGAAGAGAACATTCGCGATGCGGCCCGCGCCTGGCACGCCGACGTCGTATGGCTCGACGCCGGCCATTTCGTGTACTTCGAAGCACAGCACGACTTCGTCGATACCGTGACACGATTCCTCGACGACCGCGTCCGGCCCTAGCCGTCGCTTTCGCCGCGAAGGCCGTGTTTCTTCGCCATGTCGTGCAAATGCTTGCGATCCATCCGCGCTTCGCGGGCGGCGGCGCTGACGTTGCCGTGGTGGCGGCCCAAAAGCCATTTCACGTAGCGGCGTTCGAAGTCGGCGTCGTATTTGGCGCGCGTTTCGCGGTAGCTCTTCGACGGCTCGAATTGGAAGGGGCTGCCGCCCTCCGGCACGGACATGGATAGCGGGAACGTGATCGCGGATAGTTCCGTGCCGCCCGTGGGTTTCACCATGTAGATGGCCCGTTCGAGCACGTTGCGCAGCTCGCGCACGTTGCCGGGCCAATCGTGGGCCAGGAGCGACTCCAGCGATTCTTTGGGCAACACGAGATCCGAGGCGCTCGCGCTATTCAAGATATGCGTAATGAGCGGCGTGATGTCGTCGCGTCGCAGGCGCAACGGCGGAATCGTGATGGGCACCACCGCGAGTCGGAAATAGAGGTCCTCGCGGAATTTGCCCGCGGCCACCTCGCGCTCCAAATTGCGCTTCGTGGCGGCGATGACGCGCACGTCGGCCGCGAACGTCTTGTTGCCGCCCACCCGGCGGAACTCGCGGGTCTCCAGCACGCGCAGCAACTTGGGTTGCACGTCGAGGGGCAGTTCGCCAATCTCGTCGAGAAACACAGTGCCGCCGTCGGCGAGCTCGAAGGCGCCTTGGCGTGCCGAAACCGCGCCGGTGAAGGCACCGCGCTCGTGCCCGAAAAGCTCGCTCTCGATGAGCGAATAGCTCACCGCCCCGCAGTCCACCACCATGAACGGCTTGTTCGCCCGCGGGCTCTCTTTGCAGATGGCCCGCGCCAGCACGTCCTTGCCGGTGCCCGTCTCGCCCTCGAGGAGCACCGTCGCATCCGTCTTGGCGATGCGCTCCAGAATGGTGAAGATCGTCCGCATCGCGACGCTATGGCCAATGGCCCCGCCGAACGACTGCGATGCGCTCGGCAGCACGTCCATGCGCTGCGGTGCGGGCCGCAGGCCGATTTCCACCTCGCCCACGCGCAAAATCGTTCCCGGTGGGAAGATGCCTTCCTGCACGCGCGCCCCCGAAACGACGATGCCATTCGTCGACTCGAGATCGCGCACGAGCACACCGGCCACCGTGCGCGAAAGCTCGCAGTGGTGACGCGAGACGGTGTCGTCGGTCAGCACGAGATCATTGTCCGGCGCCTTGCCCACGCGCACCTTGCCCTTGAGCGGCAATGTCGCGCCCTTGCTGGCGCCGGAGAGAACGGTGACGACGACCTCCACGGCAAAGGGCGAAGGTCCGCCGAACGCGCGCGTGTCGGGCGATTTCATGGTGCCACCTCGTGGATGGCGGCCACCAAGTCGATGGAGGCGGAGTGTCCCTCCGCAAGGTGCACTTGGCGCGAGACTGTGGTGTTGCCAGCGTCGGTCGAGACGGCGATTTCCACGAGGTAGTCGCCGTCGGCGAGGCGCGGCGAATGGTCGACGATCCGAGGGGCGATCACCCCTTGGCCGTAGCGGAATGTGGCCTCGCGCGCAAAATATCCGCCGGGATCTTCGTCGGGCAGCGGACCGTAGTAGCGGACCTGAAGCTGGTTTACCCGGCCGGCCCCGCTTCCTAGGACGATGTGCACGGTTTGGTCGTGCGGCAATTTGGGGGACAGGATGAGCCCTATGGCCACGAAGATGAGCCCGAAGAGAACGATCAGGCCGGAGCGGCGGCCGAATCGCAATCCCGCCACGGGCCCCGCGTGCGGGGCCGCATCCGAGGGCGGAGGCTCCGGATCCGGAGAAGGCTGAGGGCTACTTTCCACGTACGGCGCGAACTCGGGCAACGAGACCGGCTAGGACTTTGTCCGAGACGTCGAAGCGCGGCATCTGATTTTTGCCATTGCGAATCGCGTTGGCGATGTCCGTGTCGCTCACCTTGGCTTGCCACTCGGCGCGCGTGAGGTCCGTCGCCTTCAGCATGGGGCCGTTGGGGCCGTCCCCACGTCCACCCATGCCGTGGCACGATGCGCACTGATTGTGCCAGGTAAGGGCCACCACGGAATCGTCTCCGGCGGGGGCCGCGGCGCCACCGCCAGCCCCACCTTTGCCAGGGGGAGCTGCTTGGGCACCCGACTGAAGGCGCCCACGCTCCTCGACCCGGTCATGATCGGCGGGCGTCCACTCGCGCGCATCCGAGGCGGAAGGGGCGCGATCGCAGCCGCCGAGGCCCATCGAAGCCGCGACGCACAACATACTGAAACTGTTACTGAAATAAGCTCTGAACGGTGCTCTCACGTCGGGTCTTTCGCCTCGCCGCCGCGGACGTTAGCACGAGGTGCCCCTCGACACGGTGAGGGAGCGACGCTACACCTCAAGTAGGCGTGGACCGATATAACCGGCCGCGACCGGGAGGAACATGTACTCGAACGCAGGGGCGCCGGGTAAGGCGACCGAGAAGAAGATCACCGTCCCCGATCTGCGCGGACGGAAGGTTTCCCAGGGCGGTGACGCCATCGCGATGGTGACGGCGTACGACTACACCATGGCGCGTCTCGTCGACGATGCCGGGGTGGACGCCATCCTGGTCGGTGACTCGCTGGGCATGGTGGTGCAGGGTCTTTCCAACACCATCCCCGTCACCTTGGAAGAGATCGCGTACCACGGGCGGGCGGTCCAGCGCGCCGGGGTGCGGGCGCACGTCGTCGGCGATCTGCCGTTCATGAGCTACCAAGTTTCCGTGGCGCAGGCTGTCGAGAGCAGCGGGCGCCTCATGAAAGAGGGCCTCTTCGAAAGCGTGAAGCTCGAGGGCGGCCTCGAATTCGCCGAGCATGTCTACCGGCTCGTGCGCTCCGGCATCCCCGTGATGGGCCACATCGGTTTGCTCCCGCAGACGGTGCACGCCCTGGGCGGCTTCAAGGTGCAGGGCAGGGGAGACGAGGCGGAGCAG
NZ_CP089929.1_gap128	5220931	5224028	3097	TCTCCAAGGTAACCGCGACCTGCACCAGCTCGGGCTCGCCCGCGGTCAGCTGCAGCGCCGACCGAAACGCCACGTCTCGAACGAGGTGAGCTCCGGGGCCAAATACCTCTTCGGCGGCGGCGAGGGCCATCTCGATGTAGCCCGTCGCCGGGAAAAGGATGTTCCCCTGAACGCGGTGATCGCTCAGGTACGCGAGGCGTTCGGCGTCGAGGCGCATCTCCCAAACGAAGACCCCCGACGCGGCCACCGGCGTTCGTCCGTGAAGCAGCGGACGCCCGGGATCGCCCGCGCGCCACGTTCGCGCGCGGTGGGCATGGCCCCGCTCCTCGTGCGCGAGCCAGACCCGCTCCGTTTGCCACGGATACGGCGGGAGCGACGCCCACGCGGCCCCCGACGGATAGAGTTGCTCCCAGGCGACGGGAACGCCGCGCACGTAAAGCCGGCCCAGCGAATCGAGCAAGGTCTGTCGTTCGTCGTGGCTGCGACGGCCCGAGGGGACGGTGATCGCATCGGCCCCGCGCTGGGCAATCGCATCGTCGACTGCATGAAGCAGACTCGGATGAGGGCTCATCTCGAGGAAGACGTTGAACGCCTCGCCGAGCATCGTTTCGATCACCGGCGCGAACAGGACCGGCTTGCACAGGTTGTCGACCCAGTACCGGGCATCGAAACACGCACCGTCGGACACCTGACCGGTGACCGTCGAATAGATGGGGATCGCGGCGGCGCGCGGCTTCAGGTGCGCGAGCGCCGCGAGCAGATCTTCGCGCAACGGATCCATCTTCGGCGTGTGCGACGCGACGTCGGTGCGCACCGGTTGGCAGTAGACGTTTCCTTCGCGCAGCGACGCCGCCAGCGTGTCCAGGGCGTCCAGATCGCCCCCGACGGCGGTCATCGTCGGGCCGTTGCTCGCCGACACCCAAAGGCGGCCTGCGTACGGCGCGAGGGCCGCCTCGGTCTTCGCCAGCGGGAGGCCGACGATGAGGATGCCTCCGTGGCCGCTCATGCGCCGGAGCAAGCGGCTGCGAATGCAGATCACGCTCGCCGCGTCCTCGAGCGAAAGCGCGCCCGCAATGTACGCGGCCGTCGCCTCCCCTTTGCTGTGACCGACCACGGCCTCGGGCTCGATGCCCCATGAGCGCCAGAGCGCCGTGTACGCGCTCTCGAGCGCGAAGAGGACGGGCTGAACCACGTCGATCGCACCGTTTGCAAGCGGACCATCGTCGCGCGCGATCTCGTCGTGGAGCGAAAAGTCGACCAGGTCCTTCATGGCGTGCGCCACACGATCGAACTCCGCGCGAAAGACCGGCTCCCGAACCAAGAGCTCGCGCCCCATCCCGATCCATTGCGAACCCTGGCCGGGATAAATGAAGACGGCAGCATGGCTGCGATCGGAGCGAACGAGCCCCGAGATGACCCGCGCATCCTCCTCCCCGCGCCCGAACGCACGGAGCGCCTCGACCCAATCCGATCGCGAACCGGCGACGACCGCGAGCCGTTGCGCATGGTGTCCGCGCTTGCGTGCGCTCGCGTAGCCGATGGACTCGAGGGATGCGTCCACCGTACCGAAGCGCTCGACCGAGGCCCGCACCGCGTCGGACAAGGCTTCCGGCGACCGCGCCGACAGCGGAACGAGTTGGATCCGATCCTCGCGCGCCTCGGCGGCGGTCCTCGCAGGCGGCTCGCCCAGGACCAGGTGCACGTTGGTGCCGCTGAATCCGAAGGAGCTGACCCCCGCGATGTGGGCGCGGTGGGCCGGCCACGCCAGGGCCTCGGTCGGGATGATCGCCGGAATCTCCGAAAGCGAGATCTCGGGATTCAGCCGCTCGAAGTTCAGGTGCGCGGGGATCCGGGCGCGTTGGAGCGACAGGATGGCCTTCATCAAGCCTGCGACGCCCGATGCCGCCTCGAGGTGACCGAAGTTCGTCTTCACCGAACCGACCCAAAGCGGGTGCTCGGCATCGCGCCCATCCCCCAGCGCCGCGCGCAGCGATTCGATCTCGATCGGGTCACCCAAGGCGGTCCCGGTGCCGTGCGCTTCGACGTAGGAGACCTCGGAGGGCTTCACCTGGGCATCGGCGAGTGCGCGGCGAATGACCTTCACCTGCGCCAAGCCGTTGGGAACGGTGAGGCCGCTGCTGTGCCCATCGTGCACCATCGCGATGCCTCGAATCACGCCGTGGATGACGTCATCGCCCGCAAGGGCATCCGAGAGGCGCTTGAGGACGACGAGCCCGCACCCCTCGCCGCGACCGTAGCCGTCGGCGCGCGCGTCGAAGGTTTTGCAAAGGCCATCGTGCGCAATCATCTTTCCGCGCGTGGTGGCGGCAAACGACAGCGGCGACGCGATCACACTGACACCGCCCGCCAGCGCGAGGTGGGTCTCCCCGGCCCGCAGGCTCTGGCAGGCGAGGTAGACGGCCGAAAGCGAGGACGAGCACGCCGTGTCGATCGACACCGCGGGGCCCTGCAGATCGAGCACGAACGCGAGGCGGCCGGCCGCGCAGCTGAGGGCGTTGCCCGTCAGATCGTAGACATCGTAGTCGCCGGCGCCGGCGCTTCGAAGTCGCAGCAGATTGTACTCGGCACCGGCGATGCCCACGAAGACGCCCGTCGCGCTGCCGGCCAAGCTCTCCGGTGCCACCCCCGCGTGCTCCAGCGCCTCCCACGCCACGGTCAGCAGGAGGCGGTGCTGCGGATCCAGCGCAGCGGCCTCGCGGGGCGAGATGCCGAAGAACGGATAATCGAAGTGATCGACGCGGTCGAGAAATGCCCCGTGCCATGCGTCGCCGTCGTCGTCGAAGGCGTCGGCGGCCCATCGCTCGCGCGGGGCCTTCGAGACGATGGTTCGCCCCTCCTCGAGCAATCGCCAGAGCGCCTCGGTGCTCTCGATGCCGCCGGGGAAACGGCATCCCATGCCGACCACGGCAATCGATTCCTGGGCGGCCACCTCGGTGCGGTCCACGCGCGTGGTGCGGGTCGAGGCGAACCCCAGGACGTCTTCCTCGAGGTGGCGCGCGAGGGTTTCGATGCTCGAATGGTTGAACACCGCGGCCACGGGGACCGGCCGCCCGAACAGGGATCCCAGGCGTCGCGA
NZ_CP089929.1_gap129	5318101	5320051	1950	GCGTGGGGCCGATCTCGTGCGAACACCCCTTCTTGGTCTATGCCCAAGACCCCCTCGGCGAGACCTACAACCAGTACGGAACGGAGGTAAAGGGCCTTACGGATGCATACAAGAGCGCTGTCAAAACGGGCCAACAAACTGAAGGCTATGCGGCTACGATCGACAAGTTCAAAAAAGCGCCCACGACACCGGGTTGCGTCGCCCTGGTGACCTATGCCGACGTCTCGGCGCAGGTCGTTCGGGCATTCCGGCAGGCAAATATCACGACGAAATTCTTTGCGACGGATGCCACCTTCGACAGCAGCTTCTTGGATATCGTGGGCGATACGAGAACGCTCGACATGGTAGGGGTCGAGCCCGACACGATCCCGGAGGACTATCCGCCGTTCGAAGAGTTCAAGGCGATCTTTCGAGCCCATACCCCGACGGCGGATGGCGGCGTGCTGCTTGATCCGCCGTCGTACGCGTCCAATGCGTTCGACGCGATGGTCCTCGTGGCCTTTGCGATTCAACGTTCCGGAAAGCCCGACGACCCCTATGAGATTCGCAACTCACTCGTCGCAGTCTCGCGTGGAGAGCCAGCAGGGAGCGGCGTGCAAGTTACCCCTCGGGGCATCGACGCAGGTTTCAGTGCGCTCGCCAGTGGGAGCGAGATCAACTACCAGGGAGCTTCGGGCCCGGTCGATTTCGACGAGAACGGCGACGTGAAAGCGGGTTACGTGAAGTGGATCTTCAAGAACGGTAACTTCCAAGTGCTTTCCGGGAACGGGTCCCGCTACAAGCCGACGGACTTCAGCGATCAGTAGTCTCGGCGCTCTCGCGATCGAGCAGCGATGTCTTCTTCGTGTCGGTCATCCCCAGGTAGGCGATGAACGACACGAAGATGCACGCGCTCACGTACCAGAAGAAATACGGCTCGTGGCCGTGGTCTTTGAACCAGAGGCCCACGTATTCGGCCGTGCCGCCGAAGATGGCGACGGTGACGCCATAAGGGAGGCCGACGCCGAGGGCTCGGATCTCGGTGGGGAACATTTCGGCCTTCACGATGGCGTTGATGGACGTGTAGCCGCTGACGATGACCAGCGAGACCATCATCAACGCGAAGGCGACCCAGGCGCTCTTCGTCTCGCTCAAGGCGGTGAGGATCGGCACGGTGCCGAGGGTGCCTAGGATGCCGAAGCCGAGGAGCAGCGGGCGCCGGCCGATGTGGTCGGACACGAGCCCGAACAGCGGCTGCATGAGCATGTAGAGGAACAGCGAAACGAAGGCGAGCAACGTCGCCGTGTCCTTGGGCAGACCCACCGAGTTCACGAGGAAGTTCTTCATGTACGCGGTGTACGTGTAGAACGCGACCGTGCCGCCCAAGGTGAGGCCCACCACGAGAAGCAGCGCCTTCGGGTGACGCATCAATTCGGCGATCGTGCCTTTGCGCTGCGCGCGCTCGCCCTCCCCTTTTTGGGCCTTGAACGACTCCGTTTCCTCGAGGCGGCGGCGCAGATAGAGCGCCACCACCGCGAGCACGGCGCCGATGACGAAGGGGATGCGCCATCCCCACGCGGACAACTCCGCAGGGGTCAGCACCAGGCGTTGCAGCACCAGCTGCACGGCGAGGGCGGCGAGGTGGCCGCCCACCAGGGTGACGTATTGAAAGCTCGAATAGAAGCCGCGCCGATCGCGCGTGGCCACCTCGCTCAAGTACGTGGCCGAGGTGCCGTATTCACCGCCCACCGAGAGGCCCTGAAGAAGGCGCGCCGTGACCAGCATCACGGGCGCGGCGATGCCAATGCTCGCGTAGCCCGGCGTGAGCGCGATCATCAGCGAACCGAACGACATGAGAAACACGGACGACGTGAGCGCCGCTTTTCGGCCGACGCGATCGGCGTAGCGGCCGAAGATCCAGCCGCCGATGGGGCGCATGAGAAAGCCCACCGCGAAGATGGCCGCGGTGTT
NZ_CP089929.1_gap130	5336655	5340756	4101	GGTGGCACGGTCGCGCAGAAGGTCCGCGCGCATCATTTTGACCTGCACGACGTCAGGCCAACTCTGCATGTCGCGGTACATGGTCTCGAGCGCATCCAAGGCCTGCGGATCGGCCTCCACCTCGAGGAGTTTGCGCCAGGCCTGGGCGGCTTCTTCGTGCCGGCCGAGGTGACGGCTGTAGATCATCGCGAGTTCGCGGTAGATTTCCTTGAGCTCCTCCGGATCGAGGAGGTGGGAAGCGCGCCCGACGACTTGATGAAGGGCCACGACCAGTTGATTGGCATCTTGTTGGCGGCGCCGAATGGCCGCAATCGATCGCAGCGCTACCAGGTTCGCATAATCGATTTCGAGAATGCGTTGGTAGTCGACAATCGCCTTGTCGTCCCGGTGGAGCTTATCGAGGAAGATCCTCGCCCTCCGGGTCAGTATGTTGAGTCGGTCGTCCTCGTTGGGGACGAGGGCAAGCGACCGTTCGAGGACCTCGACGAGGTCCCGCCACATCTGCTGTTTTTCGTAGAGGTTAGCTAAAGCCGCAAGCGCTTCCGGGTCCCCCCACCTTAGATCGAGTGCCACTTCACCATGTACGATGGCGCCCTCTGGTTACAGGGTGCGACTCTGCGGCATGTTTGCGCCCATTTCCCGCGGCCGGATGAGGCGCTCCACGGTCCCGGTTGAGCAACAGCCGCTCAGTGCATGCGCAACCTTCGCCCACGTCACGCAGGCATCGCGCAATGCGAATAGTGGATATATTTCGTATTCGTTGATTACGTATTTAAACTTTGACTCATCGCCACTGCATGTTACTTCGAATTGAAACCAAACGGGGGCCCTCACAATCTGGAGGAGAGGCGAATGACACTGCGTGTGGCTTTGGGTATCGGTCTATTGGTGCTCGCGGCGGGGTGTGCGGCGACGGGCGATGTGGACGAAGGAAATACGACGGAGGGCCCGATCGCGGGCCCGTCGACGATGTGGGTTGGCGCCAACGTGAGCAAGCCGGACAACAAAGTCGGCTCGTGGCTCGCCGACTCCGACAAATTCGGACCGTGGCGCATTCGCCGCTCGTTCAATCCGGGTTTGCCGGACCATATCAGCCGATCGGCCGCGGCCAAGGATGCCGAGAACAACGTGATTTCGTTCCTGTCGGTGAAGCCGCCGACCATCGATGGTGTGGCCAAAGGGAAATACGACGAGGAGATTCGTTCGCTCGCCGCCTCGTTCCCCACGGACCACACGACGTACCTCACGATGTACCACGAGCCCGAAAATGACATGGATGGGCCGACGTTCGTGAAACTCTTCAAACATTTCTATGAAGTCGCCAAGGGGGCGAACTCGCATATCCAAATTGGATACGTGGCCATGTCCTATCAGTGGCGCCCCGGCTCCGACTCGACGAAGAACCAGGACGATTGGTGGCCCGGCGAAGGCTCCACGGACTTTCTGGGCGTCGACGACTACAACGAGGCCACCAAGAGCAAGCGCTCCAACGCGGGCAACGATCCGCAGTTCCAGCGCTGGTACAATTGGGCGAAGACCAAAGGAAAGCCGCTGGCCGTCGTCGAATTCGGTCGACTGGAAAACCCCGACGACCCCGGCGCGCGCGCGACCGACCTCCTGGCGACCGAGACCTACCTCCGCGAGAAGGGCTTCTTCATGTTCCTCTACTGGGACGCCATCGGAACCAAGAACGTGGACTGGCGCCTGAGCAGTGGCCCCACGGGGGACGCGATGCGCTCCATCGCGTCACGCGGCCAAACGGGCTGGTAGCCACCCCGTCCTGGTTGGCGGGAATGCGTTCGGGAACTTCGGCGTACCGACGGTGTCTGCCCTTCGTAGATCCTACGTCGGGGAGCGACGTACGAGGTTTCCGATGCTCAAACGGTACATCGTCGCCGGCGCGTTGGGGGTGTTGTCCACCGTAGCGGTCTACGAGGGGAAGGAAGCCCTCGGAAGGAGCCGACACGCCCCCATCGCGAAGGATTCCAAAAAGGCGCCGGCCGAGCCCGCCGGCGCCGCGGGCATCGAGGATGCTCGGCAGCAACTCGCGGACTCGCTGATCCGCTGCCAAGACGAGCTGACGCGGACGCTGAACGGCGGCCTGTCCGATGAGCGGTCTACGGTAGAGCTAACTGGGGCAAGTGAGCCGCTCGACACCGCCCCGGCCCAACCGGCCGCGCCCGTGGACGATCGCTTCGACCCATCCCCGGACGAATGGCGCCGCCTCGCCCAGCGAGGCCAGGTGAAACTGAGTCGGCCGTGCATCATGGGCGAGGACTGGGAGCCTGGCGAGGGCGACATGCAGTCCGTGGGGCTGCAGGCGCGCGACGCCCGGAGCGTGGCCGACGCCTTCCGAGCGGCCAATGCGCGCGCGTGGGAGCGCACCCGCGAGAGCTGTGCCGAATGGCTCGGCGCCGATGCCCGGGTGGCCGAGCGCATCGGTCCGGAGACATGCGAATCGCTGCTCGACCAGCACGCGCAAGAAGACGAGGACATTTTCCGCCACGTCGCGGAGGTCCGCGCGGGCTCGCGCAACGAAAGCGCCACCCACGGCCGTCCCCTGGAGCGATACTACCTGGCCAAGACGCACGAATTGAAGGACTTCGAGGCCGACCTCGCGCGCCGCGTGGGCGCCGACGCGGCCCGCCGCATCACCTCGTCGACGACCTTCTGCATGAACCGCGAAGAATGGCCCCCCACGGAACGCGAGTGAGCCCACTTCGCGCAACCTGAATTTGAACAGGAAGGGGGGAAGGCGGGAAGGGAAACAACGCGAATCCCACCGCGTGCCAAGGCTTTTTTTGGTTTTCAGTTGGCTTCGTGAGCCAACTTGAAAACCCAAACCAGCCTCGGTGCGCGGTGGGATTTGTGCCGTAAACCTTCCCGCCTTCCCCCCTTCCTGTTCAATCCTCTCCAGCGCAGCTAGGGCCCCTTTGCCAGGTTTTCGACGAGGGTGACGCCGGGCATGGTGCGGAAGATCGCGGGGTCGATGCGCAGCTTCGACGAGCGGCTTCCCCCGCCCACGACGACCCGCGCGCGGGCCATCACCGCGGCATCGACGAAGAGAGGTAAGTCCGGGGGCAGACCGAAAACCGTGACGCCGCCGAGAATCATCCCGGTGATGCGCGCGGTTTCGTCGGCGTCGGCGAAAGAGGCGCGTTTGCATGCGAGCTGCTGGCACACGGCCTTGTTGACATCGAGCCGCGTGGTCGCCAGGAGCACGCACACCGCGTATTTGCGCGGCTCGCCTTTGCTGGCCACCAAGATTGCATTGGCGGAATCTTCCATTTCAATTCCGTAATGGGCACAAAACGCAGCCGTATCCGCCAGGGCCGGATCACACGGCAGCACCTCGAAATCGGCTCCGACGGCGCGTGCATGGGCGTGGACGCGGTTCTCGATGGTCGCGATATCGTCAATCTTCTCGTTCATGCGCATTTTCGACTAGGGCAACCGACGCAGGGTGCCAAGTCCATCATCCCTGTAAGGGCGTGAAATTTATCCGGTGGCTCGAGCGAAGAGAGCGGCAAACCCTCTCGCCATCGAATTCAAACCCCTCGCCACCCACCTTCCACCCTTCGCCGTTCTTCACTCGACAGTTACTCGTCGTCGTGATTCTTCCCCATCATGCCCGCTGTCCTTCTACCCCTACTCTTCGCGCAAGCCGTCTCTGCCGTGCCGCCTCCTCGAATTCTCACGCTTCGTGAGGCATTGGACACGGCGACGACGAACCAGCCCCTCATGCGCCGGGCGCGGGCAACCACCGCCGTTTCGAAGGCGCGCGTGGAACAGGCTCGCTCGGGCTACCTCCCCCAGCTCACCGGCACGGCCTCGTACCAACGCCGCACCGGCAACTCCGCGCCCACCCCCGGAGGCGCTGCCGGCGCTCAAAGCAATATCAGTTGGACCGACACTTACAATTCGTTCAATTTCGGTTTGCAAGCCACGCAGTTGATATACGACTTTGGCCAGACCAACGGCAAGTGGCATGCAGCGGACGTGAACGTCGAAGTCTCGCAAGCCAGCGAGCGGACCACGCGCATCGCGACGGTGGTCAACGTCAAGAGTGCCTATTACCTCGTGCGCGCCAACAAAGCCCTC
NZ_CP089929.1_gap131	5373641	5376065	2424	CTTACCGTCGTGTCCGCGGTGCGAAGGAGGGGACTTGAACCCCTATGCCAATTACGGCGCTAGCACCTCAAGCTAGTGCGTCTGCCAGTTCCGCCACCTTCGCGTCTTGTGTCTCGTTCGTCGCTGTCGTGGGCGCAAAAGACAATAACCTGAGTCGTAAGTCAAGCGTGCTTTCGTCGAGAAAGTGCTTCGACCACTTCGCTGACCTCGAAAGGCTTACGAACGCAGTGAATTTGCCCTGCAAGATGCTCGGGGAGCCGGTCGACGCTTCCGGTAATAAAAACGACGGAAGCGTGCGGCGAGCGAGCTCGAAAGGCCGCCAGGGCCCCTTCAACGTCCCGTGAGATGGGGGACAGGTCGAGCAGGGCGGCGTCGTGCTCCCGGCGGTCGATGGCCCGCGCCAGGTCGCTTGCGTTGCGTGCAACGGTCACTTGAGCCCCACGGGCCCCCAGGGAGGCTTCCAGGAGCGTGCAAACGTCGTCGTCGTCCTCCAGAACGAGGATGCGGACGCCCTCCAGGGTGCGCGGCCTTGCCGTCGAGGGCGGTACGGCGGCCAGGTGACCGTCCTGGGGCCAGAAAATTCGGAAGCAGGCTCCACGGGCGGGATCCGCTGGACTCTTTTTGGCGAGCAGAAGCTCCCCGCCATTCGCCCGGGCCAGGGCGCGTGCATGCCGCAGCCCCACCCCGGCACCACCGGTGCGCGTCGAGACGCCGTCGAACAGCGTGAGGACGCGTTCCTCCGAGATCCCCGGCCCGTCGTCCTCGACGTCGATCTGCAGGCCGCGGGGGGCGACGAACGAGCGCACGCGCACGGTCCCCCCGGAGGGCGAGTGCGCCATGGCGTTGAGCAGAAGGTTCGTCACGATCTGCGCGAGCTCCGAGGCGCCAGTGATGCGGGCGCCGGTCGGCGGGGTCGCGAGCTCGAGGGAGACGTGCAGGTGTTGCGCTTCGACGGTGAGCCCGTCGATGGTGTCACTCAGGGTGACGTCGACCAACTCGAAATCGTCGGTGCGCGGGATCTCCACGCCTATCGCCCGACGCGCCAGATCCCTCGCCGCGCGCCCGCGCTGCTCGATGATGCGCAGTGCATAGGCGACGGCGTCGGACGACGCGCCGGGAAGGCGCGCTTCCGCGACCCAGCCAAGTAGGACCGTGAGCGCGTTGGAGACGTCGTGCAGCGCGCCCGCGAGATCATGCCGCGGGTCTGGTGCGGCACCCGGCACGTCGGACCTGCCGTTCGTGCCCTTGCCGTTCATGTCGTCGTCTTGCGCCAACCAATTCCTCCGTGAGCGACCACGCCGGCCGTGAGCCGGACATGCGAGCTAAGGATACACGGTGTCACGCGCCTGCCACACGTCTCCTTCGATTTCATCGCATGCCCTAAGCCAACAGTCGAGTGAACGTGTCGGGATTGGAACGACCTGGTGCTGGAACCGCGGGAGCGGGAACGAACCGGCGGGACCGGGGCGATATGCTGTCCGAAAAACCGGGATCGCCATTCCGTCTGGCGATCCTGCCGTTGGGAACGGACTCAGGCGCCGGCGGCGTTGGAGGTCGCGCAAATGGGGTGGCGGACCTTAACCCGAACCTGAATCCGAGTTCCGGCAGAGTTCTCTGAGGCTAGTCGTCGACCAGGCTGGCGCCTTCGCCCCCTGCGGTGAGCAGGACGAGGGCGCGCTTGGCAGCCTCGAGGGTGATGTCGCGTGCCTCGACGATCATCGCGGCGACCCGCTCCACGACGGTCCCCTCGGCCCCGGCGGCGATGGCCACGGACCGTGCGTGAAGGGCCATGTGGCCGCGTTGAATACCATCCGTCGCAAGGGCGCGGACGGCGGCCAGGTTGGACGCGAGGCCGACGGAGGCCGCGATGGCCGCGAGCTCCCCTGCGCTGGGCTGACCGAGCATGCGCAACCCCAAACGCGCCGCCGGGTGCACCCGCAGGGTGCCGCCGACGGTACCGAGCGACATCGGAACCTCCAAGTGACCGACCAGGCTCGGGAGGCCTTCGCTCTCACGGCGCCAGGTCGCCAGCGGGGAGTAGTGCCCGTTGCGCGCGGCAAACGCGTGGGCGCCCGCTTCGACGGCGCGCCAGTCGTTGCCGGTGGCGATGACCACGGCGTCGATGCCGTTCATGATGCCCTTGTTGTGCGTGGCGGCGCGGTACGGATCGAGCTCCGCGAAGCGCGAGGCGTTGACGATGCCGTCGATGACGTCGTCGCCGTCCATGTCGTCCGTCGCCAGCTCCAAGGCGGCGATGGTGCAGCTCACGCGCACTTTGCGCTTGTCGCAAAGGTTCGACAGGATGCGCAGCCCCACCTTGCCGTGCGCGAGCTCGGCCAGGCGATCGCCCACGGCCTCGGCCACGCCGTTCACCAGGTTTGCGCCCATGGCGTCGCGGCAGTCGACGACGAGGTGCACGACGAG
NZ_CP089929.1_gap132	5398778	5403634	4856	ATCTTCACGCCGAACTGGCGCGCGCGGTTGGCCTCCGCGAGCACGTCGCCGTCGGTCTGCACGCCGTCGGACAAGATGACCGCGCGGCGCAGATACCCCGCGGGGTATTGCCCGTAGGCGAGCTGCAGCGCACTGGCCAGATCCGTCGCGGCCCCCATCCCCGAGTTCTTCTCGCCGTGCCGCTCCAGCGCCGGTGCCGTCTTCGCATCGTCGGCAAGCTCCACCACGCGCGGTCGCCGCGCGAAGGTGATGACCCGCACCAGCGCATCGCCGGGCTTGGCCGCGAGGCCCTTCTGGATCTCGGCGCGCGCGTCTTCCAGGGCCGCATCCGGCACCGAGTCGGACACGTCGACGAGGTACACGGTGCACACCTTTTGCGTCGTCGCCGTGCGGGCCAGGCGTGCGAGCCCCAGGGCCAGCAGCACCACGAAGGCCATGCGCAGCACCACGGAGAGCACGCGCTGCACCATGGGAAGATCGGCCAGGGAGCGGCCGATCATCCAGAGGAAATACGGCGCCAAAAGCCCGATGCCGAGCATCCGCGGCGAGAGCAGCTCGTAATTCTTGTCCCCGCGCGCCCAGGCCAGGGTCGGCCCGGCGTACCAGACGTAGCGCAGGTACAAATAGAGACCGGCGATGCCGATGCCGACGACCAGCGCACCGAACCCGAGTTTCTTCACGCGCGGGCTCATACCGTGATCCTCCGGTGGTACGTGGCCCACTCGAGCGCGGTCAAAAGCACCGCCGCCAGGAGCAGGTAAATCCAGATTTCACGGCGCACGCCCACGTGGAAGCCTTCCACCTTGCCCGCCGTCTTCCCGTCGACGACCAGCTCCGGCACCGGCGCAATGGTGCTCTCCTCGGCATCGAGCAAATTCGCCGCGAACGCCGTCTTGTTCGCCCCACTGATGGGCGCAGGCTGCTCCGGCGTCGACGCCGTGTCGCCCGCCGTGAGCTCGTAAAACCCGGCCCGCTCACCGAGGTACACCGCGCGGCCTTCGTGGACGGGCACCCGTTCTGTGGCGCCGCCCGGCAGCGCCAACGTCGCCTCCGTCGCTTGCGTCGACACCGGCACGCGCCACACGTCGCCGGTGCGGAAGCTCGAGATGTAGCGCGCATCCTCGTCGGTGAAGAAGTTCACTGTGTTGAGCAGGAACAACGGCCACGCCACGCGCAGCGGCAGATCGGAGTCGCGCACGTCGAAACCGAGCGCCACGAATTTGTACGCCCCCCGACTGCCCGCGACCAAAATGGGCGACGTCCCCCCGAAGGAGCCCACCACTTTGTCGCCAGCCGCCACGTCGGGCACCAGCTTGTGCCCGCGGGCTACGTTCACGTCGTCGAGCGCCGTGAAGCGCACGATGGGGTGCTTTCGGTCGATCTTGTCGAAACCTGGCGAAGTCAGCTCCGCCTCCACCTTCACCGGTGATCCCGGCCCGCGCGGATCCAAATAGAGCGCATGCGCCCGCGGCGGCGTGGCTGGGGTGACCCGATCGAAGACGACCACGTCGAAGCCGCTCCCGCCGCCGTGCTTGTTCACGTAGTCCACCGGGGTGACCTGCGTCACCTCGAGGTACTCGTCGAGCAGCAGCGCGGCCTCGAGGTACGTGTTGCCCTCGGACACCACGAGCACCTTGGCCCGGCGCCGCTCCGGCAACAGCGCGTACGCGTGGTCGTCGGCGGGAAGATTGTCGTGCGTGCCATCGACGTTGCCGAGCTTCGCCTCCAACGTGCGGCTCGCCCCGGACAAATTGGGGTAAAAGCGCGGCAGCCTCTCACCCGGCATGAGCCGCAGCTTCGTCAGATCGACCACGTTGCCATCGCCCAGCAGCGAAAGCTCGATGTCTTGCTGCTCGGGGCCGGTGTTGGTCACCTCGAGCATCACCTCGTAGCGGCTCTTGTCGAGCGGGTAGCGCCGCACGGAAAACTGCGTGATGCCGACGTTGCGCTTTCCGGTGCCGACGGAGACGAAGCTCAATTTGTCGTCGCCGAGGTGCACCGGGCCGGAGGCATCGAGCGCCGGCCCCAAGTTGCCGTCCGACACGACCACGATTTCGCCCAGCTCCACGTTGCGGAGCGTGTCCGTCGCAAAGCGCAGCGCGCGCGGGAAGTCGGCCCGCGCATCGGTGGCCTTCACTTGATCGAGGGCGCGCTCCAGCTCCGACGTGTCCCCGCTCATCGGCCCGAGCGGCGTCACCATGGCGTCCATCTGCGCGATGAGCATGCGATCGGCGCCGCCCAGGCCGCGGATCATCGCCTTGACCTCGTTCTTGGCCACCTCGAGCCGGTTCGGCGACACGTCGGTCGCCTGCATCGAGGCGCTGGCATCGACCAGGACGACCAAGGTCCGCCCTTTGACCAAGGTGGCCGCCGCACGCGGATCGCCCAGCGCGAACACCAAGAGCGCGAGGAGCGCCAGCTGGAGCAGCAGCGACAAAAGACGCTTCAACCGCGAAAAAAGGGTCGTCGCGTCCTTGTCCTTGAGGATTCGCTGCCAGAGCGGCGAAAACGGAATCGCCACCGTGCGCCGCCGCAGGCGCAGCACATAGAGCCCCACCACCGCCGCCCCGGCGATGCCGAAGATGGCGGCCAACTGGGCAAAGCCAAGCCCCGCGAAGATCACCGGAGAAACCCTCCGCGCCGAAAGACGCGCAAAATGAGCTCATCGAAGGGCACCGACACGTCGGCGCGCACGTAAGGAACCTGCCGAGTGGCGCAGAATCGGTCGATGTCGTGGATGTACTTCTCGTACTCCTCACGAAAGCGCGAGAGCACCTTCGGGGTCACCGTCACCTCGCGTTCGTCGCCGGTCTCGCAGTCGTACAAGAGGACGTCGCCAAAGAGCTTTGGCTTTTCCTCCGCCTTGTCCACGACGTGGACCACAAACGGGTCGAACTTGTTGTAGCGCAGCACGTTGATGCCGCGCTCGAAGCCCTGTGGATCGTACAAATCGCTGATGAGCACCGCCAGGCCGCGCCGTTTGTGCTGCGCGACGAAGGTCTTCAGCGCGTCGCCCAAGTCCGTGGTGCCCGCGGATTCGAGCTCACGCAAGAAGCGGAATACCTTGAAAATGCGGGCTTTGCCGCGCGTCTCGGCCATGCGCATCATCACGCGATCGCTGGTCGAGACGATGCAGACGCGGTCCAAATTGGCGAGGCCCACGTAGGCGAGCGCGGCGCAGATGCGCTTGGCATAGCGAAGCTTGTCGCCGGTGCCGAAGGCCATCGACCCCGAGGCGTCGACGATGAAATAGATGGCTAAGTCCTCTTCTTCTTCGAAGAGGCGCAATAAGAGCTTATCGAAGCGCTGATAGACGTTCCAATCGAGGTATCGAAAGTCGTCGCCCGGTTGGTATTCGCGGTGGTCGGCGAATTCGACGCCGCTGCCGGTCTTCTTGGTGCGCCGTTCGGCGCGCATGCGGCCGGCGAACACACGCCGGCTCACGATGGCGAGGTAATCGAGCTTTCGCTGAAAATCGTCGTCGAACAGGTCCTCGTTGGCGCGCGAGCCCCCGGCATCGCTGCGGCGCGAGAAGGAGTTGCGAAGGCTCTCAAGCAGCCCCAACGTGGACGCCTTTCTTGTCGGCCGCGTCCTTCATGCCGGCCTTCGTCTCCACCACCGACTTCAAGATGGCCTCGATGACCTGGTCGCTCTTGATGCCCTCGGCCTCGCCCTCGAAATTGAGGAGCACGCGATGGCGCAGCGCCGGCAGGGCGACCGCGCGCACGTCGTCGATGCTCCCCGCGAAGCGCCCCTCGAAGAGCGCGCGGATCTTCGCCGCCAAGAGCACCGCCTGCGCCCCGCGCGGCGAGGCGCCGAATCGCACGTAGCGCTTCGCGATTTCCGGGGCTTCCGGCCCCTCGGGGTGCGTCGCCTGGAGCACTCGGATGGCGTAATCCTGCACGTGCCGCGCGATGGGAACCTGGCGCACCAGCTTCTGCATCGCCAAAATGGAGGCCTTGTCGAGCACCTCGCGGCGGCGTCCCTGCGACTCGCCGGTGGTCAGATCGAGGATCTGGTGCAGCTCCTCGCGGTTGGGGAACGGCACGTACAGCTTGAAGAGAAACCGGTCGAGCTGCGCCTCGGGCAGCGGGTACGTGCCCTCCATCTCGAGGGGGTTCTGCGTCGCCAGAACGACGAACGGCTCGTCCAGGGTGTACGTCTGCCGCCCCACCGAGACGCGGTGCTCCTGCATGGCTTCGAGCAGGGCGCTCTGCGTCTTCGGCGTGGCGCGGTTGATCTCGTCCGCGAGCACGATGTTCGAGAAAATGGGACCTTTGCGAAACTCGAAGGCCTTGGCGCCGTGCTGCGTTTCGTCGATGACCGTGGTGCCGAGGATGTCGGCCGGCATCAAGTCGGGCGTGAACTGGATGCGCGAGAACGTGAGGTGCATCACCTCCGAAAGGGTGCGCACGAGCATGGTCTTGCCCAGCCCCGGCACGCCTTCGAGCAGCGCATGGCCACCGGCGAGCATGCACGTGAGCACACCGTCGACGACCTCGCGGTGGCCGATGATGGCGCGCCCGATCTCCTCGCGCGCTACGGCAATCTGCTGACGAAACTGCTCGACTTGGGCGTGCACGTCCGATGAAAGGTCATTCGGTTCGGTCATGTCTCGTTCCTGAGGTTCCCGCGCGCGCGTTCAATCGCGCGGGCGAATCAATTGGAAATAACGGCGCACGTAGAAGCGATACCCACCGGGGATCTCGTCCTTGTTGAGCGATTCCTCGGCGACGTTGTGGTACTCCGTGTAGACCTTCGTGTAGCCGCGGTTGGCGAAGCCGCGCTCCGCGGCGCCTTGAATGACTTCGCTGCGGCTCGAGCCTTGGCCCGTGTCCTGGCCGGCCACCTGCGTA
NZ_CP089929.1_gap133	5429976	5433724	3748	GCGCTTCACGTCTTTGGAGATCTGGAGCGCTTGATAGATGGGCACCGTGCCAATGGGCACGGGCGAGGCGCCGATGATGGCGCGCCGGATGCCATCGATGTCGCCACCCGTCGATAGGTCCATGACCGTGTCGGCGCCGTGCTTCAGGCAGACGGCGAGCTTGCTCAGCTCTTTGTCGACATGGCTCACCACGGCGCTGGAACCGATGTTCGCATTGACCTTGCAGCCCAACGCGATGCCGATGCCCATCGGCTCGAGGTTCGCATGATTGATGTTCGCCGGGATAATGAGCCGGCCGCGCGCCACTTCGCTCCGCACCAGCTCCGGTTCGACTTTCTCGCGCTGCGCGACGTACGTCATCTCTTCGGTGATGACGCCCTTACGAGCGTAATACATCTGCGTGGGGGTCGCGTCTCCGCGTCGCTTGGCAATCCACTCGGTTCGCATGGTTTCGAGTCTTAGCAGCTCCATGGGTGGTACCCAACAGGGACCTATCTTGTCTGGCGCACGGCAACACCGCATATTCGCGGACCCAAGGAGAGCCCCACCATGCCCCATGCGATCGTCATCCATGAAACCGGCGGCCCTGAAAAACTGCGCTGGGAAGAGGCCAATGTGCCTGCGCCCGGCCCCGGCCAAGTGCGGATTCGGCACACGGCCATCGGACTCAACTTCATCGATGTTTACCACCGCATTGGTCTCTACAAAGTGCCGCTTCCCACGGGCATCGGGCAGGAAGCCGCCGCCGTGGTGGAGGAGGTCGGATCCGGAGTGACGGGTCTCGCTAAGGGCGATCGCGTCGTCTATACCGGTCTCATGGGCGCCTACGCGCAGGAGCGCCTCGCACCAGCCGACCGCCTGGTGAAGCTGCCCGCGGACATCGACGATGCCACGGCGGCCGCGGTGTTCCTCAAGGGGCTCACGGTCGACATGCTGGTCCGGCGCGTCTTTCCGCTTCGTTCCGGCCACACGGTGTTGGTCCATGCGGCCGCCGGCGGCGTGGGCAGCATCCTCGTTCCCTGGGCCAAATCGATTGGCGCCACGGTGATTGCGACGGTGGGTTCGCGCGAAAAGTCCACGCTGCCCAAGGCCCAGGGCGCCGACCACGTCATCGTCACCAGCGAAGAAAATTTCGTTGCGCGCGTGAAGGAGATCACCGGGGGCCGCGGGGTGGACGTGGCCTACGACTCGGTGGGCAAGGACACGGTCCCGGGCTCGCTCGAGTCGCTGGTGTCGCGCGGATGGCTGGTCAGCTTTGGCCAATCGTCCGGCAGCCCCGCCCCCATCGAGCTCGGGTCGCTGGGCGGCGCACGTTCCCTGTTCGTGACGCGCCCCTCGCTGTTCGCGTACATCCCGACCCGCGAGGAGCTCGAGGACGGCGCCACGCACCTCTTCAGCGTGCTGCAGCGAGGTATCGTGAAACTCGCCCCCCCGCGCAAGTTCGCCTTGAAGGACGCCGCCGAAGCCCACCGCGCCTTGGAAGCGCGGCAGACCACGGGCTCCGTCGTGTTCACCCCCTAGTTCGAGGGCTTGTAGCGGTACATCAGAATGCGGCCGAGGTGCATCTCCTCGCGGAAGATGACGTGTTCTTTCGTGTTGGGGAGCTCCACGGCCGAGATGCCCATCAGCGTGTCGACGTACCCCGCAACCTGCGCGACCTCGGGGCCAGCGTAGAGGGAGCCCTTGTAGCTGTTGCTGGGGTTCTCCGTGTCATACGTGCGTACGCGTCCCGGCTCGAGTAGCCCGTTTCCACCATCGGCTACGTAAATGCGATGGCCGGCGACAGCCATCGACGCCGGTACGCAATCATCCCCCCCAGACTTGTTAACGCACGGCTCGGCCGCACCGACTTCGATGTTCCACGCCAGGGTGTTCGCGCCGATCTTGAAGTTATCGTATCGGGCAAGTCGCCATTGACGTTTAACGCTCCCGTTGATGCGATTGCTTCCGAGCACATACAGCGTATGGCCTGCGAATTTAATCTGTTGTACGGTCTCCATACCAATTTGGGTCAAATCGCCTAGCTGCGGTGCATCGGAACACGTTCCAGGACCACTATCTCCATCGCAGTTCTCGAAATAGACAGGGATCTTGCGGCCAACCGGATCGGCGATGAAGCTCTTGACCGGAAAATATTTAAGGGCAACGTTGTTGGAGATCGCCCAGATACCTCCATTCTCATCGATGTCCTGACCGAAGACTATTTCTGGATAGGGCCCGGTGTGGGTCTTGGTCTCGCCGGGCCCCATCGTGCAATCGGCATTCTTGTCTACCCATTGTTGAGGGGCTCCGGGCGTTTCTCCATTGGGCCAAGGATGCCCGCCTCCTGAAAATGCGACCACCGGACGGGCAATGGTGTCGTCGGCATCGAAGCGGTAAATGCCCAACCTGGTCGGTGCGAATCCCCAGTTTCGAACGTAGAGGTACTTCCCCTGCACGGCGCCGGTACTGTCTTTGAGGTACCGGACGGCCAAGGGGAGCGTTTGATACGAATCACCCGACCCCGGATGCGGATTCCGCCCGTCGTGCGGGCATCCCGTTCTGTCCACCGTGACCGAGGACTGGCTGGGTGACCATTCCTGCCCAGCCTCGTTCGAATAGTTGAGTACATATTTGCGATTGGCCGAATAGACCTTCGTCGAGTCCTGAGGATCTACTACGACAGTATCCATGTACGCATGCTTGATGGCTTTGCCCTCCAGCTGTTTCGTGGGTGAGAAGCGTCGTATATCCGTTCGTCCGAATACACTTTGCGTGTATCCGCTGCTCGCAACGTAGATGTTGCCCCCCTTGTCGACGCCCACGCCAGTCAGGTTGTCGAAGCGGTCGTCGGCGTACTGCCCCTTTGCTGCGCGGATTCCGCCGGGCTGTCCGAGCCGGTCGCTCTCCACGTATTGGTGCCCGGGTTCGATGTCGTAGATTCGGATTTGCTGCGCTGCCAGGTCATTGTCGGCAACATAAAGTTTGTTCCCACCAACGGCGATGGCAACGGGGGTTCCCAAATTCGAAATGGTTGCACCGGGAGTCAGAGCGCCTGCAGCGTCGATTTTCCACTCCTGGACGACCCGCTGGCCAGCCGAATCTTCAAGGACGAACAAGCTGTTCGTCGAGGCGCGAAAGGCCAACGCGCCAGGATTGGTCACCGCATTGGTCTTGACCTGGGTCATCCCTTCCCGCTCGAGGACTTGAATTTCGTTCGTCCCCGGGAGGCTCACAAAGACGAAATGAGGCGGCGTCGTGCCTGCGGGGTAGCCGGCGGCCAGTCCGCCTGGCGTGCCGGAAAGGTAGAGTCCGGCCGTAATGCTCGAGCGCACCGGAACACCACCGTCGAATGGTGACATGGCGATCCAGTCGTAAACCTTTACCCGATTGTTCGGATCGAACCGGACCAAAACGCGGCGCAGTTTCGGTCCGCCGTCGGGCAAGTCGCCTTCCTTGAACAGTGCGTCCGCGTAGAGGTACTTGTCATCGCTCGTGACGGCCCTTCCGTCGTTGCCTTGCGCGTAGGCTTCCAACGCCTCCGGCACCGGGCGAATGGCTCCCTTGTCGGTACCGACGCGCGTCTCGTAGTACTTATAGACGCCCAGCGTGCGGGCTGCCTCCACGCCATGCGCGCTGTTCGTATAGATCCTTCCGCTCAAAGAATTCTGCGGATCCAGGGGGATCGAAGGATCAACCCAGATGGTGTCGATACGGGGGTGAATCCAGCGCCGCTTCTGGTACTGAAAACCGTCGTTGTTCGTGCCGG
NZ_CP089929.1_gap134	5613099	5614154	1055	CCGCAGGGAGCTGGACCGAAAAGGGGTTCGTGCTGTCGGGGGAGCGGCCGGACGCCATCCGCTCGGCGATCGCGTCCGCACACCGCAACCTCGTGATCCTCGACACGTCGACCGAGAGCATGGCGTCCGAGCTAACGGACCGCGTGCTCGACTTGAGAGACAAGCTGCTCGCCGTGGGTGTGCCTCCCGAGGCCCAAGAGCGCCGCGACAAAGTCCTGTTCGCCTTGTCGAGTTCGAAAGTGTCCGTCGAAGTCCGCGGCTCATTCGGGGATCGTGACGGATCCATGTTGCGCACGGTTGCTCGTGTGATCCACGGCATCGTCGTTTCGAAGACGGAGATCCGAGATGAGGTGGACCGCCTCGTCCTCTCCGCCTCACGCGACTTCGACCCGCGCGCACTTACCCCGCGATCGCTTTGGCTCCTTTCGGCAAAATCGTCACCAAGTGATCTACGCGACGCTGCCAAAAACTTGGTCATCGACGACGAAACGGAGGTCTCCGTCGTAGAATTGCACGGCGCTCGCCGGGACGAGCGCTTGGCGCGAGAGCTTGACGTCTTCGACGCGGTGAAGAAGGTCGGCAAGGGCCGCTATCGCCGGGCGGCCATCGAGCCGTTCGTTGCATCCGAGGCGGCTCTACGAATCGCAACGACGCGTCCTTTGGAGCCTAGGCAGCTCGCAGCGTCAAAGAAGGCAGCGCGCGCACTCGACGCGATCCTCTTCGATGGCTGGGGATTTTACGACCCTGCGGGTCACGCGATTGTGCTGCGCAACAACATGGTCGACCCACATGCCAAGGTTCCAGGCGCACGACGATGATCTCGCCAGGCTAGATCCTGCGGGCGCAGGACCAATTCGTGCGGCACAGGAAGCAAACCAGGCCACGAGCAGCGACCTTCGTGCCCCTTCGCGACACACCACGGTCGGCGGTGGAAATCACGCCGACCTCGTAGTGCCCAGGGACGGAATCGAACCGCCGACACGGGGATTTTCAGTCCCCGAGGAGGTGCGAATTTCGCCGGGAGAAGAGCCAAATTTTGCGGGGCTGTGCTGTAT
NZ_CP089929.1_gap135	5791946	5794584	2638	ATCGATGTCCTCGCGCAATATGCACTTTACACGCTCTTCAAACGCGACGTTCGCGGACGAACGGCGGCCCTCGAGATGCTCGCCGCGGTGCGCGTTGGTACCATCCAAGGGATCTACAAAGAGGACACGAGGGTTCCGGCGCTTGCCGCCCGGCGCAACGGGCGCGGATGGTGGCAGATCGTTCCTGCCGGCGTCGACGCCACGACATTCGACGCACCGACACCGATGATCGTCTTCAAACGCGCGGCCGGTAGCAGCCGGGCGCGACTCGCGATCGCACTCGAGCGCACGTGGCAGAGCGCGGCGCTGGCTAAGTCGCCGCCACCGGCGCCCAGTGGGAAGCCGTGCCCGCCCAGGCCATCCCCGGTGATTGAATTTCCGCCGGACACCATCACGCCCGACCCTCCGATCCCCCCAATCCCCGTGCCCCCGCAACAGGGATGCGACAAAACCGAGTGGTCACGCCGCATCGATGCGTGCATCGCGGACACCAAGCGGAGCGTTGCACTGTGCCACGCGTCTCTCGCTCGTGCGCTCGTGTCCTGCAAAGCCAAGCCAATTTGCAACGCGCGCGCGATGGCGGCATATTATCGCTGCTTGCGCCAATGCCGTGACGCCCTGAATGCGTGCCGTGAGGCTGCCGAGAAGGCCACTCGCTGCAAAGAGGGTGATTGGAACAAGCGAGCTTCGGAGATGGGAGCTCTCTTCCGTGAGGTTGATGAGATCGATCGAGAGCTCGACGAGCTCACGCTTTTCGACCGATCAGGCGCAGCAAATTCCCGCCGACGATGAGGCGCTCGTCGGCGGGTGGCAGGCCCAGGGCGCGGATCTTGGCCAGCTCGAGGCCGGGGTGGAGCCACGGCCCGTCGCTGCCAAAGAGCACTTTGCTCGGGCCCACGCGGGCCACGGCGCTTTCCAACAAGTCGAATCGGCGTACGCCCGACGTGTCGGTGTACACGTTGGGAAGGCGAGGCAGCTTGTCGATCAGGGAGATCTGCGCACGGTAGTCGTCGGCGAAGCTGCCCAGGTGCGGAATGATGAAAGGGACGTCGGGGTACTCGGGGGCGAGCAAATCCAATATGGTCACGTCGCCCATGACGTCATAGAGGATGGGTAGACCGAAGCTTTGCGCCACCTCGCACACTTCGCGGGTGATGCGCCCGTCGTGCTGGTGCACCTTGATGCCGCGAAAGCCGTAGCGCTCCACGGCCTCGCCCACCAAGCTGCGCACGTTGCCGACATCGCTCTTCGGATTGATGAACGCAAACCCGATGAGGCGGCCCTCGTGCTTGGCTACGATGCGCGCCACCTCGCGGTTGGCGGCGGCGTAGTCGGAGTGAAAGGCGGAGAACACGACGGTGCGCGTGATGCCGGCTTCCGAGGCGCGCGCCAGGTAGCGCTCCAGAGGCGCCGTCGTGTCCCAGGGTCCGGTGAAGCCATCTCCCTTGCCGGCGTGGCAGTGGCAGTCGATGATCATGCGAACTCGTCGTCGTACATGCGACGCCGCCGAGCCCATCGCGCACGCCGGCGCGCCCAACGCGCGCGGTACCCGAATTCGCCCTCGGGCGGCGCATCTCCAGCCCCATCCCCCCCGGCCTGTGCGGGCTCCGCATCGGGCGGCGGCTCCTCGGGCGGCGGGGGCTCCGCAACGGCGGCCGGTTCCGCAACGGGGGGCTCGGCCACGACGGGCGGCGGCGGCTCGGGAGCGGGCACCGTCCAGGGATACGAACCGAAAATCCACGGCAAGCTCGGGGCCGAAACGCCGGTGCGGTAGATCCACGGGCGCACGACACGCGACACTGACGGGGCGGCCCCGCGAAAGAGCCACGATCGCGGGTACGTGCGCCCCACCACACGCCGCCCGAAGATCCAAGGACGCGTAGGTCCGGCGCGCCGGCCCCACGGAAGGTAACGCCCGCGCCCCACGTAACCGCGCCCGAAGGTCCGGCGGATCAGTGGCGTTCGGAATCGTACGCTGGGGTGGCGCCCGCGCAGGAAGCGCCGCACGACGGCGCGCACGGGTCGCGCCCGACGAACGCGAATCTCGTCCTCTCGTTGCACGTAATTGCTCATCACCATGGCCTTCTTTCCCCGCTCGTCACGCGGCGACATGTTCTCGAAACCCGTGTGAAAGTCGTAAGGGCGTCTTCGATGTTCTCGAAGCTGTGGTCCGCCCGAACCAGGAACGTGATCGACGTGCGCGGCCCGCAACGAGATTGCTGCGGCACCGTGCGCACGCCGCGCCGCGCGAGCTCCTCGTAGACGCCGCGGGCGCGTTGCCGGTCGTCGAGCCAGCATCGCTGCACTGGAAAAGCCGATTGCGCGCTAGATGCGGCGATGCCCAACCCGGCGGCGCAGGCTCTGAAGTGCGCGACGCGCCGTGCAAGCCGCTGGCGCAGGCGATCGCCCTCGCGCGCATTCGTCACGCAGGCCGCCTTCGCCGCCGCGAGGCTCGCCGCGGACGGCGGGCTCGCATGGACACGCGTCTCGCTCTCCCGTTGCAGACGCAGGATTCGCTCGCGCGCTCCGGCCACGACGCAAAGAGGCGCTCCAAAGGCCTTGGCGAGCGAAGCCACCATCACGGTATCCGCGCCGCGGACGCCTTGCGCCATCAGGCTTCCGCCGCCCCTTTCCCCGA
NZ_CP089929.1_gap136	5869615	5872456	2841	TGCGGCTTCGGCGCAGGCGCTGTTCGACGAGGGGCAGGCGCTGATGAAGCAGCGCCGCTTTGCCGAGGCGTGCGCGAAGTTTCAGAGCAGCCATCGCCTCGAGCCCAGGCCGGGCACGGCGCTCAACCTGGCCGACTGCTACGAGGCCAACGGGCAGACGGCGAGTGCGTGGGCGCGCTACGTGGAGGCCTCGGAGATGGCGGCACGCGAGAACCAACGCGAGCGCGAACGGTATGCACGCGACCACGCGAAGGCGCTTTTGCCGAAGCTGGCCAAGCTTTCGGTCAAGTCGAATGGGCTGCCGTCCGGTGCGGTGGTCAAGCGCGACGGGGTCGTGCTCGACATGGCCATGCTGGGGAGCGCGGTGCCCGTCGATGCGGGCGAGCACACCGTGGATGTCGAAATCGGCGGAAGGCCGGTGTGGTCGACCAGCGTGAAGGTTGCACCGTCCACGAGCGCCGAGGTGCAGGTTCCCGACAAGAACGATCCGCTCTGGGCGACCGCGGCCGCCGCAGCGCCACCACCGGCGCCGACCAAGGACGCCGAGCGACCGGCGCCCGCGGCGACGAACGAACCCGTATCTCCCCCGCCCCCGGCCAAGACGTGGTCGACACAACGGACGCTCGCCGTGGTGGCGGCCGGCGTGGGCGTGGTGGGGCTCGGTGCGGGCACCTTCTTTGCGCTCAGCGCGAATTCGAAGTGGTCCGACGCAAAGGATCAATGCCAGCCCAATGGCTGCCCGCGCGACAGCGTCGACAAGGGCAACGACGCGCGAAGCCAAGCCAACGTGGCCACCGCGGCCTTCATCGTGGGGGGTGTGGCGCTGGCTGGCGCGGGGGTTCTCTGGTTTACCGCGCCCTCGTCGGAGCGTGGCGCGGGCGTGGGCATCGTCCCGATGGGGGATGCGCGCAGCGGCACCGCCGGCCTGATGGCGCACGGCCGTTTCTGAGTCGCGTCTGTCGCGTTTACTGACGCGACTTGAGGACGCTTTCCTTGAGGTCCTTCGTCTCCTGCGTCGGACGCGGGCGCGGCGTGGCCGGCTTCTCCGTCTTCTCCTTCGCCACCGACGCGGCGGGCGGAGGCTCCGGGGCTTGCTGCGCCGATGCCGATGCCGGCGGCGGCGGTGGTGCGGGAGGCTCCACGGTGATGACCGACGCGGGCGACGACGCCGAGGGCGCTGCATGCGTCGCGGGTGCCGGCTCGTGCTTCTTCGCGAACACGGCCACCACCGCACCGACCACCGAGAGCGCCACCACGACGCCGACGAGGATGGCCACGGCCACCGGCCATGGAAAACGCTTCTTTTGGCCCGATGCCGTGACCGCCGAAACGGCGGAGTGGGTCTGCATCCCCACCGTCAACGGCGTCTGCGTGAACGACGTCGCATTGGGCGGCAGCTTGTAACCCGTGAGGCGCACGGCACGTTCCACGCTGCGGTTGGCGTGCCCCGTCCCAAATGGCGCAATGGCCACCGCGAGTTCGGCCACCGTCGCAAAGCGCTCGTCCGGATTTTTGCGCAAGCACCGCGAAATCGCCTCGTCGAGCACCGGCGGCACGTGCGGCATCCACGCGCGCAGCGGCACGTGCTGCTGCAGCAGCACCGCGGCAACCATTTCCGCCTCGGACTGCGCCTGAAAGGGCCGTTGGCCGGTCATGAGCTCGTACAGAATGGCCCCGAGCGACCAAATGTCCGTGCGCCCGTCGACGTCCTTCGGCGAGCGGCATTGCTCCGGCGATGCGTAAGCCGGTGAGCCCAAGAACGCCGTCGTGCCGGTCATGGCCAGGCGATCGCCCGACTCGTCGAGCGCGTTCTGCGCCTTGGAAATGCCGAAATCGAGCAGCTTGACCACACGCTCGCCGTCGGCGCGGTTGGCCAAAAAGAGATTCGCCGGCTTGAGATCGCGGTGCACGATGCCGAGTTGGTGCGCCTCGGCCACCGCATCGATGGCCTGGAGCACGTAGTCGATGGCCACCGCCGGCGGCAGAGGACCGTCCTCGGCCAGCACCATCTTCAGGTCGCGCCCCTCGAGGAGCTCCATGACCATGTACGGCGAGCCCGTTTCGAGCTTGCCCACGTCGATCACCCGGGCCACGTGCTCACTGCGCAATCGGCTCGCCGCGCGCGCCTCCTGCATGAAGCGCTCGACGAGGGCGGGGCGGTGCACCTGCTCGGCACGAATGAACTTCAGCGCAACGTGCTGCCCCAGATCTAGATTGAGCGCTGCGACCACCATGCCCATGCCGCCGTGACCGAGCAACCGCTCGACTCGGTACTTCCCGAGGAGGACGGTTCCCGCGGGAAACGTTTCATTCGGCAGTTGCATGGCCATGCTTGGATCTTTCGTCCCAGCGTGAATCATACCGTACTGTGGGCCGCATGAGATCCGACCCGCGCATTTTCATCAGCGGCCCCCTCCCCGGCCGCGCCGTCGAGCAGGTCCAAGAGGCTGGAATCGTCGTTTTGGGGAAGACAGGCGTCGGTGTGCGCGACGAAGAATTCCTCGCGGAAGGGGCCTCGTTCGCGGCCATCATGACGCTGCTGACGGATCGGGTCGACGCGGCCCTGCTCGAGCGCCTCCCCGCCCTGCGCCTCGTCGCCAATGTGGCCGTTGGAACGGACAATATCGACCTCGCCGCTTGCGCCGCACGCAACGTCGTGGTGACGAACACCCCGGGCGTGCTCACGGAGGCCACGGCCGATTTGGCCTTCGGGCTTTTGCTTGCCGCCTCGCGCCGCATTGCCGAGGGCGATCGCATGGTTCGTTCGGGCGGTTTTCAGGGGTTTCGCTTCGATACGTTGGTCGGCGCCCCGGTGCATGGCTCGACGTTGGGCATCGTGGG
NZ_CP089929.1_gap137	5876256	5880472	4216	AAAGACTCGTTGGGCGAGCAGATTCAGCGTGCGTTTCCGGAGACGCGGGTGGTCAAGACGCTCAACACGATCAACGTCGACGTCATGGTGAATCCGCGCGCGATTGCCGGTGGCGACCATGCGCTGTTTCTCTGTGGAAACGATGCCGCGGCCAAGGCCTCGGTGCGGGAACTTTTGGCGACCTTCGGGTGGAAGGAGTTCATCGATCTGGGCGATATCACCGCGGCACGCGGAACGGAGTCGTACTTGCCGCTCTGGCTGCGGCTCATGAAGTCGCTGGGGACGGCGGCGTTCAACATCAAGGTCGTGCGCTGAGTTCCTCGTGAAGGCGGCGCGCTCGGCGACCGTATTCTCCGGGGGTCATGCCCTCGATGCGCTTGAAGTGGCGATTCAAGTGGCTCTGATCGGCGAAACCCACCGCGGTGGCCGTCGCCGCCGCCGTGGTGCCCGCTCGAAGAAGAAGGCGCGCGTGGTGGATGCGTAGAAGCACCTGGTAGGCATGCGGCGGGAAGCCGACTTCGCCGGTGAAGGCGCGTACCATGGCGAACTTGTTCATCCCGACCAGCGCCGCCAATTCATCGAGGGGCACCTCCCGCGCGTAGCAGGCGTCGAGGTGCTCCTTGAGCGTGCGCACGACCTCGTACTGGCCGGCCTTTTTCTTCGCCAGGGCATCGCGGCGGTGCTGCGCGAGGAGCGCCTGCGCCTTCGGCTGCGTGGCCTCGTCCGGCACGTAGATGCGCACGCACAGATCCGGCGCGTCGCGCGTGCTCAGGTTTTCGGCCTGGAAGACCAGCTTGCCGAGGGCGCCCTTGTTGAAGACCTTTCGGCCCGAGGCCAGGAGCGGCTGCAAAGGTTCGTGCGTCCAGAAAGTTTGGAACTCGGCGCTGCGCGGCAAGAGCAGCTCCGGCACCTCGAGAAGCCATGGGTCGGCCGGCGATGCTTCGATGGCCGCGCGCAGTTCCTCCACGGCCGCACGGGCCTGCTCCTCCCAGTTGTCCATGAGCTCGCGCACGTCGGGCTGCGTGAAGAGGAACACGAACGAGTTTCGCCGCTCCGGCGCGATGGTGGAGCAGCGAAAGAGCGCTTCGCAGGCCTCGTTCCAGGCGAGAACGTCGAGCCGCCGGCCGGTCACGTACGCCGGGTAGAGCGCGAGACCATCGAGCAAGCGGCGCAGGCTCGCGGGCACCGGCTCGGCGCGGACGGTGGCGAGGGCGAGCGCTTTGCCCAGGCCCGCCAGCTCGAAAACGCGCGCCCGCGGGCCCGGCAAGAGCTCGAGGGCGTCGCAGATCCAACGCAGCGCCGTGGCGGAGAGGCCGATGTTGCGGCCCTCCTCCACCCAGCCGTACCACGAGGCTCCGACCCCTGCCCTCTCGGCGATGGCCTCCGGGGTGGCGCCGGCGCGCACGCGCGCCTTGCGCAAAAGGTCACCCAACGTGCGGCGCGGGGAATTCGGTGCGTCGGTCACCCACGCATCATCGCATGTACGTCTTCACCACGTCGATCAGCTCGCGGGCGGCGCGCGACTTGGCGTTCTTGCCGTCGGGATCCACCATGTGCGAGCGGACGTGCCCCTCGAGCACCTCGGCGGTGAGGCTCCCGATGGCACCGCGGCACGCGGCGAGCAGCTGCATCACCTCGCCGCACTCGCGCTCTTCTTCCAAGGCGCGTTCGACGGCCTCGATTTGGCCTTTGATGCGACGTACGCGCTGCAGGAGCTTCACTTTGTTGCGTGCTGTGTGGGCCATCGCCATATACTATACCCCCCATGGTATCTTTGGTCGATAGGCTCCGTCACGAACACGACCACGGCGCCCGGGCTTCGGAGCACGAAACGCGCACGCGATGGGTCGTTGCGCTCACGTGCCTCATGATGGTGGGCGAGCTTCTCGTCGGCTATTGGAGCCATTCGCTGGCCCTCACCGCGGATGGATGGCACATGGCCACGCACGCCGGGGCGCTGGGCATGGCCTCGTTTGCCTACTGGTTCGCGCGCACGCGCTCACGCGAAGCGGTGTTCAGCTTTGGAACGGGCAAGGTGCACGCACTGGCGGGCTACACGAGCGCCGTTCTCCTGGCGGTCGTCGCTCTGTGGATGATGTACGAGTCGGCGGTGCGCTTGCGCGCGCCCGTGCCCGTGGCCTTCGGCGAGGCGCTTCCCGTCGCGATCGTCGGGCTCCTGGTAAACCTCGCCAGCGTCAAGCTTTTGGATCATGGCCACGATCACGATCATCATGACGACCATGATCACGATCACCATCATGGCGATCACAATTTGCGCGCGGCCTACCTGCACGTGCTCGCGGATGCGTTCACCAGCCTGCTCGCGATTTTCGCGCTGGTGGGCGGCAGGTACCTGGGTTGGTGGTTCCTCGATCCGTTGATGGGCGTGGTGGGCGGCGTTGTAATTGCACGGTGGAGCCTGGGGCTTTGCCGTGGGGCGGCGAAGCAGCTGCTCGACATGGTGCCTTCGCGGGAGCTCGCGGCACGGGTGCGGAAGCACTTGGAGGAGGTGCCGGGAACGCGCGTGGTGGATCTTCACCTGTGGGAGCTGGGCCCGCATGCGCAGGCGTGCCTGGCCACGGTCATCTCGGAGGAGCAGCGTTCACCGCTCGACTACGGCGAGCTGCTGCGGCAGCGCGAAGGGCTCGCCCACGTCACCATCGAGGTGCATCAAGCTTGAGGGGCCTCGGCCGCCTTCACCCGACGGCCGCTCACCAGGACTTCTTCGCGACCGGATTCGTCGACGCGGCGCACGAGGCGGTAGGTCGTGTTGCCCTCGGCGCGGGCGACCTCGGGGGCGGCGATGAGCAGCTGCAGGTCCAGGTTCTGGCATAGGTCGAAGAGGACGCCGAGGTTGTCTTGCGAGAGGCGGTTGGCCTCGTCGAGAAAGAGAAACCGCAGCGAGCCCGTTTCGCGCTTTTGGTGGAGCAGGTTCGCATCGCGCTCCCACTCGGTGAGGATCACCATCATGAGCGCGGCGCCAACCCCGATGGCCTCCCCGGTCGAAAGGCGCGTGGGCGAGGCGGATTCCCAGCCGGGCGCGCCTTCACCATTGCCCGAGGCGGCATGCGCTCCGGCGCTGTTGCGCTGGATTTCCACGCTCAGCTCGAGGTATTCGCGGTAGTCGAGGATGCGCTGGCCTCCGGTGCGGCCGCCGCCGCCGTAGCGCCGGAAGATCTCGTTGAGCGCTTCTTCGATGGGCAGGGTCGTCTGAAAGAGCAGCTCTTGGACGGCGCCCTCGCGCAGGGCGCGGAGGATCTGTTCCATCTTGTCGATGCGCTTCATCTCCACGCGAATGGCGCTGACGTTTCCGAAGCGGATACCGTGGAGACTTTGATTCAGCCTTCGCACTTGGCTCTTCGCGCGGCGGAGGCGCACGTCGATGCCGCGGGCCACGTCCTCCGAGGCGCCGCGCAGATCGGTCTCTTGGCGACCGAGGCGCTCTTCCAAAAGAGAAAGGTGGTCGCGCAAGCGCAGGAGCGCCTCCAGCGGGTCCTCCACCTCGGCTACTTGGGGCGGGAGGCATCGCTTGAGAACGTCGCGCACGGTGAGCCAGGCGTCGAGGTAGGCATTGGCATCGAGGAACTCGCCCACCTGCGCCGCGCTTTCGGCGTTGCCGCGCGAGCCGCGGAGGCGGTCGACCAGGAGCTCGCCCTTGCCGCGCGCCTCGGGCCAGAGGTCGGCGCTCGACCGGCCGCGGTACGAGACGGCCACCCGCGACGAAACGGCGTGTGAGAGGACCCCGGCTTCCGAGGCGGCGCGCTCGAGAAGGGTCCACTGCTCGCGCGCCGGCAGGACCTCTTTTTCCACGGCGGTGGCCTGCGATGCGGCCGACGTGGCGCCGCGCTGCGCCTGCAGACGGCGCTCGTCGAGCAGGGCCAGATCCGTGGCCAGCCGGCGTTCCTCGTGCTCGAAGACCTTGCGCTCGGCTTCGATCTCCGCGATGCGCCGGTTCGTCGCGGCGGCGGCTTCCTCGGAGAGATCGCTCAGGCCTTCCGCGGCGAGTTCGACCGCCGCGCGCTCGTGGTGCGCACGAACGGCCATGTGCTCGGCATCGGCCTTCTGCTGCACGGTGGCGGCCCGCTCCCACGCGGCTTCCGCCGCGCGGAGCGCCTGCTCCTCGGCCTCCAAGGCGGCGCGGGCGTTCTTGCGCTGCTCCTCCAGCGCCGGCACGATGGCCTTTTGCTCGGCCAACGCGCGCTCGGCATCGGTAAAG
NZ_CP089929.1_gap138	5910366	5915361	4995	CCGTACGCGGCCGCGGCAGGCATCGAGCCCGGCGCAGGCGCGGGCGCGAAGGCCATCTCCTCCATGCCGTTCGCGTCACTCAGCTCCCCCACGGGGGCGCTTTCGGCCATGCTGAAGACCGCTTCGTCCAACGCAGCGTGCGGGCCCGCGTGCCGAGGCACCGGGCGCGGTGGCCGCGGCGGGGGCGCCGGCGGCGGCACGAACCGGGCGAGCGCTTCGTCGTAGCCGGCGAACATCTCGCGCAGGCCCTCGGGCAGCGGGCGAAAACCGCGACGTGGCGGCGGCTGCTTTCGTCCGAGACGGTACGAGAGGAGCTCGGGCAGCTGCGCATCGCGCACCAAGCCCACCGTGGAGAGACTCACCTGAACGCCCTGCCAATCCTCACCGGTGGCCTGCGCCACGAAGGCTTCCAGGCTCCACTCCGCCGCGAGCTTCGGGCCCGTGGCAAAGCGTGCAGAATACACGGGCCACCAGCGCGCCGCAGGAACCGCGTAGGAGACTTCGAGCGCCGAAGGCCGGGGCCCCGCACCGAGGCGCACCACGATGGCGCGCGTTTCCCTCGCCTGCGCGTGCTCCGCCGTGCTGCCCTGCGCCGCCTCCAGACGTGCGCGCTCGAGGCGCTTTTCCAGATCGATGCGGGCATCGTCGATGGTGAGCAGCCTTCGATCGAGCTCCGAGGTCAAATCGTCGACCAGCGAAAGCACGGCCAGCGCGTCGGACACGCGCGACTCGGGATCGATGCGCCGCCAGCGCACGTCGAGCACGGGCTCCGGCTTCACCGTCCCCACGGCGGCCCGGCGCGCGTGCACGTAGCGCTGTTCGAGCTCCAGCTTCTCCAAATCGCCCTCGAGCTCGCGCACGCGCTGCGCAAGCTCGCCGGGCGCGGGCGGCTCCAAGGGCAGCACGGCCCGCGCGCGCACGTAAACGATGCGCCGCTCCGCCCCTTCGTCGAGCGACAAGATCGCCCGCACGCTGCCCGATTGCGCCTGCACCGTGATACCGCCCATGAGCAGGTCGACCTCCTCCTCGGGCAGGTCCGAAGGAAGGGTCACCCGGCGCGTCACCACGGCGCCGCGCGCAAACAGGTCCACGGATGCGATACGGCTCTCGCACGCGATCTCTTGCATGGCCCAGCCATGGTATGAGGATTCATGCTCAAAGGCAGCCTCCGATCCGCCCTTCACCGTGCCATCACCACGCCGTTCGGCGACAACTTGGCCCCCATCCGCATCCCGAAGGACCTTCTGCGGCGGGTAAACGTGACCTTGGGGCAACCCATCTGTTCCCAAGAAGAGCTCGTGCGCCGTCACGAGGCCCGCGAACGGTTGGCCCAGTTGCGCCGGGAGGGCGGGCGGACCGCCATCGTCCGGGAGCAGGCCCCCGTCATGGTCTACTTCGAGAAGGACCGGAATGCGCGCATGCTGGGCCGCATCGAGGAATTGCTCTCCGGGGCGTCCATCGCGTTCAAGAAGCTCGACGTCACGGGCGACGCCGCCACGAAGGATTTCGTGGTGCGCGAGGCCCGGTGCAAGGAAGACGATCTGCCCGTGGTCTTCGTCGCCGGCACCGCCGTGGGCGGCTACAACGAGCTCGTGGACTTCAACGTTTCCGGTCAGCTGAAAAAAGCAGTCTTCGGCGACGCGTAACCGCGGCCCCCACGCCCATGAGCGCAGGCGTCGTCATTCTGCTGCTGGTTCCCCCGGGCGAGGCACAGGCCCCGCTCATCGGGGGCCTGGCAGCGGCGACGTCACGCGCGCTCGGAGCCGAGGCGCGCGTGGTGGTCGATGCGCGCACGCCCGCCTCGGACGACGACGCGGTGGCGCTCGCCGACCGGCTCCACGCGAATGCCGTGGTGACGTTGCGATGGCTGGAGGGCGGGCGCGTTTCCCTGCACGCGCACTGGAGCGGGCAAGCGGGGTGGACGGATCGCTTCTTCTCCTTCAACGACGCCGACGCACTCGATGAACGAGGCCGCACCATCGGGTTCACGCTCGCGACGATGATTCGCACCGAGAGCCCGCTCGGGCCCGCGCTCGATGCACCGCCCGCGCCGATCGCCACGCCGCCGCCCGCACGTCCTTCGTGGCCGCGATTCCCCTTCGAGCTGGAGGCGGGCGCGCACGTGCACGTGGCTGCCCATGCCACGGCGTTCGGCGGTGGCCTTCGCGCGGCCTACCTCATCGTTCCGCAGGCCGGCGTCACGGCCAGCGCCGATTGGTCCACGGGCGCGATGAAGGACATCGATGGCCGCATCGACATCGCGTCCCTTTCGGCCGGCGCCAAGGTTCCCATCGTGCTCGCGGGCCCGGGGCGCCCGTACGAACTCGCCGTTTCCGCCGAGGCCGCCCTTTCCCACGAAGCGGTCTCCCGAAATGGCACCGACGGCTCGCACACGGAGGGGCGTTGGGTGCCGGGCGCGCGCGTTCGCCTCGCAGCAGCGTGGTTTTTCACCCCGCGCATCGCCGCGCTCGCGGGGCTTGGCTTGCACGCGAACCTTGGCGAGACGGACATTGTGGTCAATGGCCACACAGAGGCCACGTTGTCCCCGTACCGCGGTACGGGCGAGCTGGGCGTGAGGGTGCGCTTTTGAGGGGCGCCCTGCCTGGCTTTCGAGGCGTCGGGTTACTCTCCGGATCGTGCAGGCCAAGCTTCGTCTCGTCCCCTCGCGCCCCGCGCCGGCGCCGGCTTCTCCGCCGGCCTCCCCGCGTACGCCGGCGCTCGACGACGCGCAGCTCATCGCGGCCATCCGCGCGAACGATGATCTGGCGGCCACCGCCTTTCATGACCGCCTCTACCCGTGCGTCAGCCGTACGATCCAACGCTTGCTCGGACGGCGCGACGCCGATTACGAGGACCTCATTCAGCTCAGCATGGTCGAGTTGATTCAGTCCTTCGATCGCTACCGTGGTGAGTGCTCCCTCGAGTCGTGGGCCTCCACCATCGCATCGCGTGCAGTGTACAACCACTTGCGCAGGCGCAAGCGCGAGCGGCTCATCTTCGCTCCGCCCCCACCGGACGATCTGGATCCGTCGAAGCTGTCCCGCACCTTGAGCGCCCGCAACACGATGCAGCGGGTGCGGCAGCACCTGGGCGAGCTGCATCCGGACAAGGCGTGGACCTTCCTGCTTCACGATGTGTGCGGCTACGATTTGCGCGAGATTGCCACGATCACGGGGGTGAGCGTCGCGGCCGCCCAGACGCGGCTGGTGCGCGGGCGCTGCGAGCTCCATGAGCGGCTCGCCGAAGATCCCGAGCTGCGGGGTGCGCTCGAAACGGGGGTGGATCCATGAGCCGCGGTCCCGAGTACGCCGACCTCGCTGCACGAGCACTTCGCCGTGAGCTCACCGAGGATGACGCATTCGAGCCGGGGCAGCACGGTGCCGCCCGCGCCCAGCGCATCGACGCCGTCCGCGGTGCCATACGGCAGCGCGCACGGCGAAAGATGGTCGCGCGCGGGGCCGGTGCAGGTGTGGCGGTTCTCGCGGCCGCCGCGGCGGTTGCGCTTTTCGCGCGCGGACGCCCCGCGCATGTGGAGGCGGTTGCGGAGGCGAGCGGCGAGGCCGCGTACGTGGAGCGCGACGGTGCCCGCGAAGCGCTGGCGTCGGGCAAGAAGGTTCAAGCTGGCGACCACGTGGTGGTGCCCCAGGGCGGGCACGCGGCGTTGACCCTGACGACGGGCACGCACCTCGCCCTGGAGGCGGAGGCGGATCTGTCGGTGCTCTCGCAGAATCGCCACCAGATTTACTGGCTCGCCAAGGGCGCTCTGCAGGCGCGCGTTTCGAAGCTGGGCGAAGGCGACCGCTTCGTGGTGCGCACGCCCGATGCCGACGTGGAGGTCCGCGGCACGCAATTCCGCGTCGCGGCCGCCGAGCCGCACGCCACCTGCGGCAATGGAAGCACCACGCGCGTGAGCGTGCTCGAAGGCGTGGTGGTCGTGCGCCACGGAGGCGTCGAGACGCCTGTCGCCGCGGGCGAAGAGTGGCCGTGTGCATCGGCCGCATCGCCTCCTCAACAGCCCCCGTTGGTGCTCCCTCCCTCCCGGGGGGAGGGCTCGGGGAGGGGGAGAGATCCAGGTAGCGATCCAGGCAGCGATCCAGGCAGAGCTCAAGGAAATGCTCGGGCGAGCGCCAAACGGCCCCCACCCGCACCGGCCCCGGTGGCCGCGCCCGAGACGTCGACCTCGGATCTCTCCGCCCAGAACGACCTTTTCGCACGCGCCACGGATCAAAAGCGCGCCGGCAACGCCCGCGGTGCCCTTGCCACGTTCGAAACCTTCCTCGCGCGCTACCCCAAGAGCGCCCTCGCAGAAAGCGCCGCCGTCGAGCGCTGGCGGCTGCTCACGCACATCGATCGCGCCTCCGCACGCACCGCGGCCAAGGACTACTTGGACCGCTATCCCAACGGATTCGCCCGCGCCGATGCGCGCGCGCTTCTCGGCGAATAGACTCCCTCGATGCGTTTCGGCTTTCTCGCCCTCGCGATTTTCGCAGGCCTCGCGCGCCTCACGGGTATCGCCGCATGCCACGGAGAGCTCGAGTTCACCGATCCCACCGACGGCGGCACCGCATTCGACGCATCCCTCGACGCCCGCACCGATAGCCAGACACCACCCGTCGATTGCCGAACCCAAGCCGGCATCTGCCCCTTATCCAATTTGCATTGCGACACCACCTCCGGCGCCTGCGTCGCGTGCACCTCCGATTCGCATTGCGCAGGTCCCCTGCCCCGGTGCGACACCGCACTCCATCGCTGCATCGGCTGCGGCACGCGCGACGATTGTCCTTCGGGTCAGCTCTGCGCGCAGAAGGTTTGCGTCCCCTCGTGCCAAGACGGGGGCACGTGCCCTGGCAATTCGAGTTGCCACTCCGAATCGCAGATATGCAAAGAATGCCAGGCCCACAGCGAGTGCAAAAATTCGGACAAGGCGCGCGTATGCCAAGTGGCCACGGGCCGATGTGTGGAATGCCTCGTGGATACGGATTGCGCAGCAGGTCA
NZ_CP089929.1_gap139	5979725	5983337	3612	CCCGGGCACCGCGCCCGCCGAGGCGCTGGGCCCCACCATCCGCATCCCGCAGACCGAGGGTGACAAGGCCGAGGGCTACAACATCATCGCCATCGAGGTGAGCGGCAACCGCAAGACGACGAAGGACGAAGTCCTCTCGTACTTGAAGGAAAAGGTTGGCCAGCCCTTCAAGATGGAAACGCTCACCGGCGACGTGCGCGCGCTCTGGGACGCGGGCTTCTTCGACGACGTCGAAGTCGACCTCACCCGCGGCGACCGCGGCGTCACCCTGCGCTTCCTCGTGCGCGAGCGGCCGAACATCAAGGCCATCGAGTTCTCGGGCAACGACGAAATCGAGACCGACAAGCTGACCGAAGGCATCGAAGTCAAGGCGAACACGATCCTCAGCGTTCCGGCCGTGCGCCGCAGCGTCCAGAAGATCAAGGACATGTACCAGGAGAAGGGGTACTTCCTCGCCGACGTCGACTTCACCATCGATGCGCAGCGCGAAAACGAAGTCATCGTCAAGTTCAAGATCGTCGAGCACCAGCAGGTCACCGTTCGGCGCATCACCTTCATCGGCAACGAGAACGTCCCCGAGAGCGAATTGCGCGAGGTGATGCAGACGGGCCAGGGCTCGCTGTTCTCCTTCGGATCGGGCGGCCCGTACCGGCAGGACATGTTCGAGCGGGACGTGCTCATGATGAGCGCGCTCTATTACGACAAGGGCTACATGAACGTGCAGATCGGTACTCCGCGCGTCATGCTCACGCCCGACCGCGAAGGCATCGAGATCACGCTCGTGATCCACGAGGGCCCGCGCTTCAAGATTCGGCAGCTGCGCGTGTTCGAACGCGACGCAGACGGCAACGAGGTCGAGCCGCTTGGCGGCCGCCGCGCCCTCCGCCAATTGATCCGCGCCCACAGCGGCGACTGGTTCAACCGCGCCGAGGTGGTGAAGGACCTGCAGGCCGTGCGCACGCTCTACCGCGATGCCGGCTACTACAGCGTGGAGGCCGATCCGGAGACGGAGCTCGACAGCGTCAAGCGCGAGGTCGACATCATCATCCCGATCAAGCGCGGCCCCCTCACCCGCATCGAGCGCATCGAGATCAAGGGGAACACCAAGACCCGCGACAAGGTGCTCCGCCGCGAGATGGAGATCCAAGAGGGCGCGCTCTATTCGGAGACCAAGCTCGAGACGTCGAAGAAGCGCATCACCGCCCTCGGTTACTTCGAGCGCGTCGACGTCACGCCGGAAATTGGCTCGGCCCCGGATCGGGTGACCATCTATTTCGAAATCGCGGAGCGCGCGACCGGTACATTCCAGGTCGGCGCCGGCTTCAGCTCGGTGGAGAACTTCATCGCCACCGCGCAGATCCAACAGGCAAACCTGTTCGGAAACGGGCAATCCTTGGCCCTGCAAGCGCAGATTTCGAGCTTGCGGCAGATCGTCAGCGTCCGCTTCTTCGAACCGTACTTCCTCAACTCGGACTGGTCGATGAGCACCGAGCTGTTCAATCAGCTCTACGTGTTCAGCGACTTCTCGCGAAGTTCGAACGGTGCATCGCTCACCTACGGCTACGCGCTGGTGCAGCCGTGGCTGCGTCTGTCGCTCACCGGCACGGTGCAGTACGACAAGGTCAATACGCAGAATACGACGACGTTCTTCGGCAGCACGTCGAGCGTCATCAACACCTTCCCTCGCCTGCCGCTGGCCAATCTGTTCAACGACGGCCGCACGATTTCGCTGCGCCCCGCGCTGATCTACGACACACGCGACAACCGACTCTTTCCGACGTCGGGTATCTACCTGCAGTTGTCGACGGAGTTCGCGAACTCGGGATTGGGCAGCGAGGTCGAATACCTGCGCCACCGCTTCTCCGGGAACTTCTATTACAACCTCGGTGGCAGCACCGGGCAGCCGGGCTCCGGCTTCGTCCTCAAACTGAGAACGGAGATCGGCTACATCACCAGCCCGAGCGACGCGGGCGTGCCGATTTACCAGCGCTTCTTCCTCGGCGGCATTCTCGACATGCGCGGGTACCGGTTGAGAACCATCGGTACGCGTCTTCCGCTGAACCAGACGCTCGACCCGAATGCGACGCCGATCCCCAACGGCGCGAACATCGGCGGTAACTTGCAGGCCTATTCGAACTTGGAGCTCGAATTCCCGATCATCGACAAAGTCGGTATTCGCGGCGTCGTCTTCTACGACATGGGCAATGCGTGGAACACGGAAGACCAGTTCTGCAAGACCACGCCCGCCCCGCAGTTCCCGGGCGTGGTGAGTCCGTGCTTCTCCGGCTCGAGCCTGCTCCACGTGCGCACCAGCACCGGCTTCGGTATCCGCTGGTTCTCACCCCTCGGACCGCTGCGTTTCGAGTGGGGCTTCCCGCTCTACCGAATCTTCAATGAAGAGACGTCGGTGTTCGAGTTCACCATCGGCAACTTCTTCTGATGAAGTTACGAAGCTGACAGCGGGCGTTGGCGCAATAGCTCGACCACGATGTCGCGGAAGGCGGTCAGCTTCGGGGCCGGGTGCTTTTGGCTCGGGTACACGAGGTAAACGCGGCTCGTCTCGGCGACCAATTGCGGCAACAGACGCACCAAGGTGCCGTTGACGACTTCGGGGTCGCCAAGAAACGAAGGAATGGCCCCGAAGCCCGCCCCCGCCTTGAGCGCCTCGCGCGCGAACGACATGTCATCGCACAAGACGCGCACCTCCGGGGTGATGCGCGTCTTCGGCGGTGAATCGGTGAGCTGCCACTCGCCCGCCGCCATTTCCTGCAGGTGCATCGCGCCGCGGTAGGAAACCCAATCGTGCGCGCCGAGATCGCTCGGTGCGCGCGGGGTGCCTCGGCGCGCGAGGTACGAGGGCGAGGCATAGAGCTGGATGCGGATGGTACCCACCCTGCGAACGACCAGGCTGGACTCGCGCATCATCTTGCCCCTGGTTATGCGGAGGGCGAGGTCGAATCCGTCCCGCACCAGGTTGACCACGGAGTTCGACAAGTGCACCTCCACGCGCGCCGCGCGGTAACGCGATGTGAAGCGCGCGACCGATTCCGCGAGCACGGCGCCGCCAAGATCCACCGTGGAGGTGACCCGCAAGATGCCCGAGGGCTCCTCCTCGCGCTCGGGGAGCTCGGCGAGAGAACGCTCCAGTGCCGACAGCGAAGGAGCGAGGCGCTCGTACAGCGCGACACCCGCGGAGGTCGTGGACACCTGCCGCGTCGTTCGATGGAACAAGCGAACGCGGAGGGACGCCTCCAACGCGGAGATCGCGCGGCTCACCGTCGAGCGGGGCGCATCGAGACGGGCAGCTGCCCCCGAAAAGCTCCCCGTTTCATGCACGGCCACGAAGGCGCGCACCAGGTTCAAATCGATTGTTCCCATGCTGCACCACAGAAAGCAGATTTTGGCGCATTGTACCATGGCAGCAACGACCCAAGATTCAGCGCATGACAACGTCAGCTCTTCTCGTAACCGGCGCGTCCGGACAGCTCGGGCGCCAAGTTCTCGACGATCTCCTCGCCCGCAAGGTTCAAGGTTCCATCATTGCCACCACCCGCAACCCGGAGAGTCTCGCCGCCTACGCGGCCAAGGGCATCGAGGTTCGCCAGGCCGATT
NZ_CP089929.1_gap140	5986692	5989168	2476	GAAGAGCTTGCACCATAGAATGGCGACCTTTCGACCGCAAGGTCGGTGTCCGAAGAACATTACCCTGCCATCGAACGCGCAAACGCCGGACGCGCCATACAGCGCCCGACCCATTCCGTTGCGCGCGGCCCCATGGGCAAGCCCGCCATGCGCAGGCCGAAGGCTGCGTTGCCCGCAACCGTCACGTCCGCGAGCGAGAAGGCATCGCCCAAGATGTACGCGCGGCCCTCGAGCCGTGCCTCGAGAAGCGACGCGTTCTGCTCCCACTCTTTGCGCGCTTGCTCGCCAATCCAGGCGACACGTTTCTCCGGCGGAAGCAACCCCGGAAAGTGCGACGCGCCATCGTGAAGCGCGAAATAACGCGCGCCCTGGACGAGTTCCACCAAGCCCCACACGGACCACGAATACGCCTCCGCGCGCGCAGGCGAATCGGCCTTGGGCCAGAGTCCTTTTTCCACGCCGTATCGTTCGCCAAGATGGAAAAGAATGGCTAGATTCTCGAAGATCTTCGCTTCGCCATCGACGAGTGCAGGCACCTTGCCGTTAGGATTGATCTTCAAGTAATCCGGCTTCTTTTGATCGCCGGCACGCAGATCCAGCTTGACCTTTTCGAACGGAATCCCGAGCTCTTCGAGCGCCCAAAATGCGCGCGTCGCCGAACTCATGGGTGCGTAATACAAGGTGATTGCCATATCGCTCTCCTCGCCATCATGGGTACCGAAACGGCGGGAGAAATAGTAGGAAGAAAGCCCAAATGTCGAACGACGACATCCCGACGACCAACATGAATCAGCGCGTCCCGGTCTCCATCCAGGACGAGATGCGCACGAGCTACCTCGACTACGCGATGAGCGTCATCATCGGGCGCGCCATCCCGGACGCGCGCGATGGGCTGAAGCCCGTCCACCGGCGGATTTTGTACTCGATGTACGAGCAGAAAATCCTCCCCGGCAGCGCGCACCGCAAGAGCGCCACCGTGGTTGGAGACGTGCTCGGTAAGTACCACCCGCACGGCGACGCCAGCGTCTACGACGCCATGGTGCGCCTCGCGCAGGATTTTTCCATGCGCTACATGCTGGTGGACGGCCAGGGCAACTTCGGCTCCGTCGACGGCGACCCGCCGGCCGCGTACCGATACACGGAAGCGCGCCTCTCGCGCATCTCGATGGAGCTCCTGGCGGACATCGAGAAGGAGTGTGTCGACCACGCCCCCAACTTCGACGACCGCCTCGAGGAGCCGACGGTGCTCCCCGCGCGCATCCCCAACCTGCTCATCAACGGATCGGGCGGTATCGCGGTCGGTATGGCCACGAACGTCCCGCCGCACAACCTGGGCGAGGTGCTGGACGCGACGGTCCATTTGATCCGCAACCCGCAAGCGCCCATCGAAGAGTTGATGCGCTTCATCCCGGGGCCGGACTTCCCCACCGCAGGCCTCATTTACGGCCGCACCGGCATCGAGCAGGCGCAGCGCACGGGCCGCGGATCCATCGTGATGCGCGCCCGGATGAACGTCGAGAAAGCACCGGGCAAGGGTGAGCGCGAGCTCATCGTGGTCAACGAGATCCCGTACCAGGTGAACAAGGCGCGCGTGCACGCCAAGATCGGCGAGCTGATTCGCGAGAAGAAGATCGAAGGCATCAGCGAGGTGCGCGACGAGTCCGACCGCGATGGCATCCGCCTGGTCATCGAATTGAAGCGGGACGTCGTCCCCCAAGTGATGATCAACCAGCTTTACCGGATGACCGATCTGCAGACGAGCTTCGGCGTCATCAACCTGGCCATCGTCGCCGGCCGCCCCGCGGTGCTCAATTTGAAGGAGACGCTGGCCGTCTTCATCGAACACCGCCGCGACGTCGTCACCCGCCGCACGCGCTTCGAGCTGCGCCAGGCGGAGGCCGCACGCGAAATCGTCGAGGGTCTCGGCATGGCGGTGACCGACGTGGACAAGGTCATCAAGACCATCCGCGCCGCACGCGATTCCGACGAAGCCAAGACGGAACTGCTCAAGCTCCCGCTGGTGGGCCTCGAGGCGTTCGTGCGCCGCGCCGGCCGCCCCGAGGAGGAAATCGAAGCGGCGAAGGCCCGCGGCGAGTACTTCCTCTCCGAGCGCCAGGCTAAGGCGATCCTCGAGATGCGCCTGGCACGCCTCACGGGCCTCGAGCACGAGAAGCTGGCCGCCGAGTACGGGCAGTTGAGCGACACGATCGCGCGCCTGCAGGCGATTTTGGCGGATGAAAAGCTGCTCTTCGACGTCATCGTCATGGAGCTGGAAGAGATCCGCACGAAGTACGCCGACAAGCGCCGCACGGAGATCGTGGCCAGCGATGCGGACATCCAGGACGAGGACCTGATCCAAGAAGAGGACATGGTCGTCACCATTTCCCACGCGGGCTACATCAAGCGGACGAGCACCAGCACGTACCGCGCGCAGCGCCGCGGCGGAAAAGGCAAGATCGGCATGGAGGCGCGGGAC
NZ_CP089929.1_gap141	6058665	6062326	3661	GACACCTACGTGCCCGATCCCGACGCGCGCCATCGCGCCTTCGCCGCGGTGGAGAACATTCCGAGCATCCGCAAGAAGGCGGAGTTTTGCATGCGGTGGCTCGATGGGCTGCAGGAGATCGACCGGCTGCCCGCGGGGCCGGAGGGACGCGCGGCGCGGCAACGATTCCTGCTCAATGTGATTGCGTTTGCGGCGTGCATCGAAGGGCTCTTTTTCTTCGGCGCATTCGCGTACGTCTATTTCCTGCGCGCCCGCGGGCTGCTTCATGGGCTGGCCGCGGGGACGAATTGGGTCTTCCGCGACGAAAGCGCGCACATGGCCTTTGCCTTCGAGGTGGTGAAGACCGTACGCCGCGAGGAGCCGGAGCTGTGGGATGCCCCGCTGGAGGCATCCATTTACGCGATGCTCGACGAGGCCATCGATTGCGAGAGCCAGTTCGCCGAGGATCTCCTGGGATACGGCGTGGTGGGTCTCTCGGTGGCGAGCGTGCGCCAGTACCTGGAGTTCTGCGCGGACCAGCGTCTGTCGACTCTGGGTTTGCGCAAACGCTACGGCGTGAAGAATCCGTTTTCGTTCATGGCCCTGCAGGACGTGCAGGAGGTGACGAACTTCTTCGAACGCCGCGTGTCGGCCTACCAGGTCGGCATCACGGGCGAGGTCGTCCTCGACGCGGCGTTCTAGCTAGAAGCGGCCCTGCCAGGCGACACCGCCCGAGCGATGATCGAACCACGGCGTGATGCTGGCGCGATCGTTCTTCGCGGGCTCGCCGGGCTTGCCGACGAAGTACCAAATGAGGCCGCCGGCAATGGCGGCGAGGCCCACTCCGCCGACGACGACGCCCACGTTCACCAGCTTGGCGCCGTTCGAGGCGTCTTTGAAGACGGGCGACCCCGGGGCGGCGGAGCAGTCCTTCGACCAGTAGCTGCACTCGCTGGGAACTTTGCCGAGGCCGATGATGGCGATGACGCCGCCCGTCACCAGGGCGGCCGCACCGACGCCGGCCAGCACGATGGGGCCAACGCCCCGACTCGGCTTGTCGTCCTTCGGTTCCGTCTCTCCCTCGGTCGCAACCGGCGGCGCGACCGCGCCATTGGCGGGTGCCCCCAGATCCGGAAAGGTGCCGACGACGAGGCGTTCGCGCTCGCCTTGGTGCACGACGACCTTTTGCTCCACCTTCTTGTCGCCGTGCAAAAACTTGACGGTGTGCTCGCCCGGGTCGACGTCGAAGCTCTTTCCCTTGTCGAGCCGATCGGCGACCTGCACGTCGTCCACGAAGACGATGGTGTCGACCACGTCGTTGCCCCGGGCGTCGCGCGCGACGAAGGACACGCTGGGAACGGTGCGGGTCATCTCGTCGGCGAAGCGCGCGCAGTCTCCTTGAATGAGCGAAGGGCAACCGCTTTGTGCGCACTTGAGAAACAGCTCGCGCGCCTGGGACACTTTGCCCGTGTCGCGCAATGTCTGTCCGCGGCTATGCGCGTCGAGGCACTGCTCCTTGGTCATCGGATCGGCGGCGCGTGCTTCCGCGGCAAAGGCGGTGATGGCGGCAAACGCAAAACAAACGTGAATCGCACGTGTCATGACGAGGCAAATCCTCTCCCCTGATTCCTATCGATTCCCCTATCGGGGCGTAGGTCGGCTCCCCCTATCGGGGCGTACGTCGGTTCCCCCTCTCGGGGGCTACGTCGGTTCCCCCTCTCGGGGGTGTGGGGCGGCGGAGCCCCCCACAGACCTGTCAGATGCAGCCGGGCTTGTATAGCTTCTTCGTGCCTTCGAAGTAAAACGGGGGATCGCAGTTCGGTGTGCCGGAGGCCGCGGCGGATGCCGCCGGGGTGCCCGCCGACGATGCGGGAGGACGCTGCGAAGCCTTGGACGATGCGCTGGGACGTGCGGTCGGCGATCGGTAGCCCGGGTACTTGGGCACGCTCGCACTCACCTGCGAGGCCACCGGCGCACTCGCAACTGCACCCGCACCTGCGCTTCCACTTGCTTGCGCCGCCGGCGCAGAGGCCGACGCGGCAACCGGCGGCGGTGGTGCGGCCGCCGGCACGGGGGTCGGCGTTGGCACCGGGGCCGCCGCCACGGTTTCCGTGGCAACCGGCTGCGGCGGGGGCGGCGTCGCGGCCTCCGCCTGGATCCCAAAGCGCGGCTTCATGTAGACGAAGGCCACCACGGCCGCCGCAACGAGCGCGGCGCCGACGATCCACGGCCACTTGCGCCGCCCCTCCGACGGGGCGACCTCCGTTTTCGCCGTGCCGCTCGGCGTCTGCCGGATGCGAAGCCGCGGGCGACTTCCGCCCATGCTGTCGCGCGCGACCCCCGAGCTGTACTTCGCCGCACTGATCGTCGAGATGGCGGGCACGCTCGCGCGGATCGCCCCGAGGTACGTCTCCAACGTCTCGCGCCGCTCCGCGCGTTCGTCGGCGAACATATCGGCCACACGCGCCGACACGTCACGGACGGACACGGGCTCGCCCGCATTGCGAAGGTAGCGTTCCAGATCGGCCAGAAACTCGACCGCGGTCGCGTAGCGATCTTCCGGCTTCAAGGCGCGCGCCTTGTCGCAGATGCGCACCAGTTCCACCGGTGCGGTGGGCACTTCCTTGCCGAGCGAAGGGATCTGCCCCTGCGACAGAAGCGAGAGAACCTCTGCATCGGACTTCTGGTGCCACATGGGCGCGCCGGACACGGCCTCCCAGATCATCACGCCGATGGCGAAGAAGTCCGTGCGCACCGTGATGTCGCCGGTCAGCTGCTCCGGCGCCATATACCAGGGCTTGCCCTTGAAGACGCCGATGCGCGTCTTCACGCGGGAGTTCTTGGCCTTGGCGATCCCGAAGTCGAGCAGCTTGATTTGCCCGTCGTACGTGACGAACACATTCTCGGGGTTCACGTCGCGATGGATCAGGCCCATCGCGCTGCCGTCGAAGTCGGTGAGCGAATGAGCGTACTCGAGGGCGCGAAGCACCTCGCAGAGCACGCGCAGGTACATCTCCAGGGAGAACCCGAGATGTCGGGCCGAGAGCACCCGGGCCAGCGACTGTCCGCTCAAGTACTCCATGGCAATGAAGTGGCGATCGCCTTCACTGCCGACTTCGTAAGTGTGAACGATGTTCGGGTGATGTAGACGGGAGGCAACCCTCGCCTCCTCGTAAAACATCGCTAGAAAATCGGGATCACGGGCGAACTCCGGCTTGAGCTCCTTGAGGACCACCAGCTTGCTGAAGCTGCCGGGCCCTTGGGCCATTGCGATGTAGACATTCCCCATCCCCCCCTGCTCGAGATCGGCAATTAGCTGATACTTGCCGATCACGTGCTCGGAGGCCGTGCTTTCCGGCGGCATCGCACTCTCTCCCTCCACCTCGACGAGCCGTAGTTGCCGTCCACGATGATCTTTTATCATCACCCAACTCGGTCAAATGTAAATCGTTATGGCTGTACCTTCGCGCCAAAAATATGCATTACGGAAGGAACCATCGTCATTGATGAGCGTTCCCCAGACGCTCTTCGAATAGTTGTGGTCGGATGGTGAGAAGCCCGAACTGGTACCAAGGCCGATCTCTTCGCCCGCGCTCAGCCCCTCGAACGTATTGATGAGACTCTCCGAGGTGAACGCGCCCTTGTGCTGGAGCAGTCCGGCAATGAAGACACGCCCCGCGAT
NZ_CP089929.1_gap142	6091591	6095304	3713	GCTTTCTCGGGTGGCTCGGCTACGACTGCGCCGATGCGCTCATGAGCATCACCACGGTGGATCCCGTGGCGAAGCGCACCCTGCTCGAGGTGTGCCGCACCTACGGATGCCTGTACGTGCTCTCGTCCGGTGTCGCGCAGCGGCGGGTGGCTTCGATCTCGGGGTGAGCTCCGGTTTGTGAAGATGCATGAAGCCGCCGGGCCGGCTTCTGGACAGTGTCAAGGCACGGACTTAGATCAAGGGCGTGCCGCTCTACAAGAATCTCGACGGGACGACGCCCGACAAGGGCCTGGGTGACGTTCTCAAATGGCATTTCAGCCGGCCTCGCCCGGAGCGAAACTTCGTCCCGCCGCAGGTCGCCAACGACGGAACGCGCATCGCGGGCCCCGAGCCCACGTTGACGTGGGTCGGGCACGCCACGTGGTTGATGCGCCTCGGTGGCAAGTTGATCGCGACCGATCCCATTTGGTCGCCGCGCGTGGGGCCCATCAAGCGCACGTGCCCGCCCGGCGTGGCGCTGGAGGACGTGCCCACGCCGGACATCGTCACCGTATCGCATGCGCACTACGACCACCTGGACATCCCCACCTTGCGCAGGATCGGGCCATCCGCGCTCTACGTGGTGCCGAGGGACGTCGGCCCGGTGCTCCAGCGCGCGGGGCTCACGCGGATCGTGGAACTCGATTGGTGGGAGACGCACCTCGAGGGCGATGTGGCCATCACCTTGGTGCCCGCGCAACATTGGTCGCTGCGGCTCCCGTGGGATCGCAACCGCCGCTTGTGGGGCGGCTTCGTCTACCAAGCGCCCCAAGCCACCGCCTACCATGCCGGCGACACCGCCTTCCGCGAAGAGGTCTTCTCGCGCATCGCCGAACGCTTCCCCTCGATCGACTACGCGCTCTTGCCCATCGGCGCCTACGAGCCCGCGTGGTTCATGCAGGCACAACACATGGGCCCCGAAGAAGCCGGCCGCGCCTGGGAAATCCTCCGCGCGCGCGTCCTCGTCGCCATGCACTGGGGCACCTTCCGCCTCACCGACGAACCCATGATCGAGCCCCCCGAGCGCCTGCGCACCTATTGGACGAACCAAGGCCACGACCCGAACCGCCTCTGGATCTTCCCCATCGGCGAAACCCGGCCCATGTGAGGTCAGAGGAGAGGAGAGGATCACAGGAAGACGGGAAGACGGGAAGGTTGAGAGGGTTTCCGGTCCTCTCCTTCTCGAAAATTAAAAACCCTTCCCGTCTTCCCGTCTTCCTGTGAATCCTCTTCTCAATTGTTGGCGAAGATGGCCCAGGAGAGCGCGTGGGCGATGGCGACGGGCAATAGGGAGCGCGTTCGAATCACGGTGAACGCGTAGATGGCGCCGATGAAGCCTTTCACGAGGAAGCCGGGCGATAGAAAGACACGGTAGCCCTCGGCCAGATCGTCGAGGTGAAGATGGTAGAGCGCGAAGATGACGCCCGACGCGAGAAGGACCGGCGCGACGCGCATGCGCCGCTCGAGGGCGCGGAGGAGATCGCCCCGAAAGAGGGTCTCTTCCCAAAAGGCGATCTTCACGCCGAGGAAGCCATAAAACAGGTGCTGCCCCACCGACAGCGCAACGACGTTGCCGGCGAACTCTCGAACCACCGTTCCCCCCTCGAAAAGGGCGACGGCCGCAAAGACGGTCCCAACGTGCATCGTCGTGAGGGCCAGCCCCACGAGGACGAGCCGGAGCGGATGGGCAAAACGCCAACCGAGATCGCGAAGCGAGCTTTTCCCCCAGCGCAGGCACCCGAGCCACACCACACCGCCGCAGTCGACGACGGTGCGCATGACGAACGTCGCCAGCTTGCTCAGGTGGTAGTGCGTGACGAGGTAGTCGTTCACGTCCGCCCAGATCGTCATGCCGACGATCAGAAAGAGGATCCTCCCGAGGTCGCCCACCGGCCGCAACTCCGAATCGGCCGCGACGTGAACCGAGGCTTCGTGGCTCACGGGCTTCGGTCGCTCGCAGGCGGCGCGGTGGCCGGCTGGCGGAGCATGCCCACCGAGACGAGGAGCCATGACAAGGTCAGGAAAAGGCCCGCGAAGCAGCCGGGGCGTGTGCACTCTTTGAGGCCTTGGAAGAGGATCAAGCGGAGCTCATCGGGGTTTTTGCCTTCCTCACCGAGGCGTACCAGCGACGAGAAGACGGCCGCCAGATCGCTCCAGGTGGCGTGCGCCGTGGTGACGAGGAGGGTGACGGACATCGCGATGATGAACGGCAGCGTTTTGCGGCCCGGTGAATACGCGTACCGGAGCGCTGCGCCCACGGTAACCATGCCAAATGCGAGAATGGTCCACATGCCCCATCCGCCTTCCCGAAAGAAATCGACCATCGTGTTCTCCTTGAAGACGTAAACTCCGGAGGCCGGGAGGCGTGACGGATCCGCGCGTAAAAAAAATGAGTCACGCTCGGCCGGCAGGTGCGTTTCTCGAGAGAAACATGGCGCTCTTGCATATGGCACTGACCGAAACTCCCCCGCCCGCGGGTGCGACGACGGACGTGGCGTTGGTGGCCGCGCTCCGACGGCGGGAGGCGCGCGCCTTCGACGAGCTGTACCGGCGCTACCATGTCCGGCTGTGGCGCTTCTTGGTGCGGTTGGGCGGCACGCACGTGGCCGAGGATCTCTTTCAAGATACGTGGCTCGCCGTGGCAAAGCATGCGGCCAACCTGAAAGACGATACCGACTTTGCCGCCTGGATTTTCACCATTGCGCGCAACCGCTTCCTCAGCCATCGGCGTTGGGCTTTCGTCGACCGGGTGCGGCGCGAGTGGTTCGGCAAGGAGCCGTCGATGGCGGTCGTCGAGCCGGAGCGGGCGGCGGTGGCGCGCCAAGAGACGGTGCGGCTGGAGCACGCGCTCGAAACGCTCGCGCCCATTCATCGCGAGGTGCTGCTCCTCGTGGTGGTCGAAGGACTCACCACCGAGCAGGTGGGCAAAATTCTCGATTTGCAGAACGAAGCGGTCCGCAAGCGCCTCTCCCGGGCACGCGCTGCCCTTGCGGAACGATTGGAGGAACGACCATGAGCGAGCATGACGAGGGGCAGGATCTGGACGAAAAGCTGGAGAAGTTGAGAGACCTGCCCGAGGTTCCTCTGCCGCCCATGCTGTCGGCGTCGGTGCGGCGGAATGCGCGCGTCGCGTTTCTGGAATCGGGCGCGCCTTCGGCCGCGGGCTCCGAACGCGAGGGCGATGTGTTGGTGGCCGTGTGGACGCACACCGTGTTGCCGCTGCTGCTGCTGCTCATGGGCGCGGCGTACATCGTGAGCTCGATTGCCAGCCTGGGGCGGGTGTACATCGGGAATTGACAATATTTCACCTCATCGTCAACTATTTCGCATCCTGTTAACCATGAGGTGAACCATGTCCAGCGATGTGCCTGCGGGGTGGCCCCGCATTTCGTCCGCGCTCTTCTACGACGACGCGCCCGCCGCCATCGATTGGCTCGGCCGCGCGTTTGGCTTCGTCACACGGCTCAAGGTCGAGGGGGACGATGGAAGCATCGTTCACTCCGAGCTCGAATACCAAGATGGGCTCATCATGGTGGGCTCGACCTCGCGGGGAACCGACGGGCGCAAGAGCCCGCGCGCGATCGATGGCGTCAACACGCAGTCGCTCTTCGTCTACGTCAAGGACGTGGAGGCGCATTACGCGCGCGCCAAGGCGGCGGGGGCGAAGATCGCCG
NZ_CP089929.1_gap143	6100432	6103634	3202	TCCGTGCCGTCAACGGAGAATTTCGCCACCTCAGTGCCGGTGCCGGTCACGCTCGCGTGGAGGGTCATGCCCCGGTACGGAATGTTGTCCAGGGTCGACTGGGCGAAGGCCGGCGGCACGACTGGCGCGAATGTTACGCCGGTGGGCTCGAAGGTCATCCCGAAGATGCCGTGGTAGACCATCGAGAGGTACCCCGAGGCACTCCAGAGCTGCCGCGGAGACCCATCGGGATGGCCGTCCTCGGGCGTGTAGAATTCCTGGAACGTCTCGTTCTTCTCCGAGAGCGCGCGAATGCGATCGAACTCGTACTGAAAGCGCGGCACGTTCTTCGATTGCGTGGAGGCCCAGCCCCAATAGCCTTGAACGAACGGCCACACCATGCCGTTGTGGTAATAATCCGCATCCCCCGCGTCGTACTGCATCCAATCGGCATATTGCGGCCATAGGCACGGGATGCCCCACTGCGTGATGTGCGTCTTTTCCAGGATGCTCTGCGTCTTCGAGGCGTCGGCCACGCCCCAGAGGATGGCGAACGACTCGCCGGTCCCCTCCATCTTTGGCTCTTTGGTGCCGTCCTTCTCTTCGAAATAGGCGTAATAGCCTTTGTCGGCCATCCAGAGTCGGTCGTTGATGGCCTTCTTCAAGGCCTCGGCCTTGGCCTCGAAACCCGCGGCCTCGGAGGGTTTGTTCAACAGAGTGGCCATTTTGGCGGCGACGACGTATCCGCGGTAGTAAAGCAGATTCGTACTGAGCGCCTTCGTCTCGGCCAATCCCGTTTTCGTATTTTCGTATTTCTTCGGATATCCGCTGTTCGACTCCATGAAGCTGGAGCACCCGCCGAAGAGGCCCGCGTCGGATTTGAACACATCGCGCTCGGCGCGCTTGAGCGAGTTGGCCGTGATGCCGTAGCTCCACTCGAGGAGCGCCTGATCGCCGGTGGTGAGGTAAAGCGACCACGCCCCCTGCGCGCCCACGATGGCGTCGCTCAAGTTGGGCCATCCGCCGAAGTGGCCGGCCTTGTCTTGAATCCACACTTTGCCGAATGCATCGTCTTCCGTCATGCCCTCGAGCGTCTTCTTCGCCACGTCTGGGTAGAGCAGGCCCGCGCCCAGATCGATCGAGTACGACGTGTCGCGCGTCCACACTTGGTCCCAGTTTTGACCGGCGATGAACACTCCGTTTTTCACGTCGGCTTGAATGACGCCAAGCGCTTTGCCGTACGCGGCATCGTAATTCGCGAGCCCCGACGAGAACGCCAGTTTGGCCGACGCCACGGGCGGTCGCTGCGCATGGCACGCCTGGGAGCCGGTGTCTTGCGTGCTCGTATCTTGCTGCGCGCCCGTGTCCCGCGGCGTGGCGTCTTGCCCCGCATCGCCACGTGACGTGCCGGAGTTGTCGTCATCGGAACAGGCGGCCATCCAGCCTGCTCCTCCGAGCAAAAGCAGCGCGATCGCGACACCGCTTTTGCCCATTACGTGAAGGCTTTTCATGGAGCGGGTTATAAGCCCTGGCCGAACGATGATGGTCATCCTCATTGTGTACGCCGAGCTCGTAGAGAATTCAACCCAAGCTGGAGCGCGCATGTTCTCGCACACCCAACTTCGAATGATAGACTCCGCGGGCAACGGAAAGGAGAGGACGACATGAAGGCTCTCATTTCGGAACTCATCGCCAAAGCGGATCTCAACCAGCAGCAAGCCGAGAAAGTCGCCGGTGTGGTGCGCGATTTCATCGGGTCGAAGCTTCCCGACGCAGTGCGTGGGCACGTCGAGGCGGCGCTCACGGGTGAAAAGGTCGACAGCGCGCTCGATGCCGCCAAGAATGCCATTGGCAGCTTTCTGAAATAGGCGCCAAGGCGGTCGTCGTTTTTGACCGTTCCCTCCCCGTTTGCTTTTTCTCGGGGTGGGAACGGCGTAGCTCATCTTTCTCGGGCGCGCGAAGCGGAAGGTGTATCCTGCCGCCAATGCGCCTTCGAAACCTTCTCTTGACTCTGTCCCTCGGGCCGATTGCCTGTATGTCCCACGTCGGGTGCAACTCCACGGGCGACGGCATTCCCGAAGCGCCGGGGCCTTTTGGTTACACGCCGAAGATCGACTTCCGCACGCAGATCGAGCGCTTGGAAGGCCCCGTCGACGTCGTGCGCGACGCGCACGGCATGGTGCACATCTACGCGACCACGTCGGCGGATGCGATGCGCGTCGAGGGATACCAGCTCGCACGCGACCGCACGGCGCAACTCGAGCTCATTCGACGCATCGCCGAAGGGCGCATGGCGGAGCTGCTCGGCGGTCTCAGTCCGGACCTGATCGACAGCGACATCAGCGCGCGCACCATCGGGCTGCACCGCGTGGCCAAGAAGATGTACGAGGCCCTGCCCGCCGAGAGCGAGGCGAAGAAGCTGCTGGACGCGTACGCCGACGGTATTTCGCAGTTCAATGCGCGCCTCAATTCGGAAAATGCCGAGGAGGTGCTGCCGCAGTCCATGTCGCTCCTTCCCCTCACCGCGTTCGAGCCTTGGAATGGCGCCGACGTTCTGGCGGTGGCGCGATTCCAGTCCCAGGAGTTGTCGCTCACGGCCGACGAAGAGATCACGCAATCGAGCTTCATCGCCAAGTGGCGAACCGTATTCGGCGCTTCGACCGATGAACAATTGAAGAAACGCGCGCCGTTGCTGGCGCAGTATGCGCAGTTCAAGCCGCTCGACACGGCGACGGTGTTGCCCGGCTTCCCCAACGATGGGGGCCACGTGCAATCGCAGCCGCTGGAGATCGGTTCGCGGCCCATCGCGCAGACGCAGGTGGTGCCGCGTGCAGCCGTCCGCCCCGCGGCGGTTTCGCCGGCGACGTTCGACGCGGCCAACGGGTTCGTTTCGGGCCTGGGGAAGATGCGCTCCTTCCTCGGCGAGCGCCCGTTCACCGGCTCGAACAACTGGGTCGTCGCGCCCAGCCGGACGGCGAGCGGGCACGCGATCTTGGCCAGCGATCCGCACCTTTCCTTGAGCGCCCCCGCCGTCTTCTGGATGGTGCACCTGAACGTCATCAACGCGAGCGATCCCTCGCAGGACATGGATGTCGCGGGCTTGGCCTTCCCGGGCATCGCCGGCGTCATTCTGGGGTACAACCGCAACGTCGGCTGGGGAGCGACCACCGCCTTGTACGACGTGACCGACGTCTACAGCGAAAAGCTCAACGGCGATGCATCG
NZ_CP089929.1_gap144	6112773	6113946	1173	ATTCGACGGACCATTGCGGTCCTTTGTTTTGCAAAAACCCGTAGATCAACCCGGAGGCAAACGAATCGCCCCCGCCGATGCGATCGTAAATCTCCAGGTCCACTCGTTGCGGCGCCGCGAACAGCCGGCCCTCGTAGAAGCAAACCGCGCCCCAATCGTTCTTGCTCGCGGTCTTCGCCTGCCGCAACGTCGTCGCAATCAGCGACAAGTTGGGATACGCCGCGGAGACCTTGTGAATCATTCGCTCGAACGACTCGATTTCCAACGTAGAATACGTCTCGTCGGTTTGCTCGACCTCGAAGCCCAAGGCCGCGGTGAAGTCTTCCTCATTGCCGATCATCACGTCGACGTAGCGCGCGAGCGAGCGATTGACCTTTTGCGCCCGCTCCTTGCCGCCGATGCCCTTCCACAGGGATTCGCGGTAGTTCAAGTCGTAGGAAACGACGACGCCATGCTTCTTCGCCGCCACCATCGCTTCCTCGGCCAGCGCGGCACTCGTTTCCGAGAGCGCCGCGAAGATGCCCCCGGTGTGAAACCAGCGCGCGCCTTGCTGCCCGAAGATGCGCTCCCAATCCACCTGGCCCGGTGCAAGCTGGCTCACCGCGGTGTGGCCGCGGTCCGAGCAACCGAGCCCTCCGCGCACGCCGAAACCGCGCTCGGTGAAGTTCAAGCCATTGCGGATCGCACGACCCACGCCATCGTAGGGAAACCAACGGACGTGGGATACGTCGACACCGCCCTGGAACATCAAATCTTCGACCAGCCGCCCCACGGGATTGTCCGCCAGCGCGGTCACAATCGCGGTATCCAGACGGAAACAGCGTTTGAGCCCCCGCGCCACGTTGTATTCCCCTCCCCCTTCCCAGGCCCGGAACGTGCGCGCCGTGTGGACGCGCCCCTCCCCCGGGTCGAGGCGGAGCATGACTTCTCCCAGCGCCACGAGGTCGAAACGGCAATTCGTCTTGGGTCGAATGGTCAGACTCATGATCTCCTCGCTAAAACAGGTAGTACATTCCGAACATGTAGCGTTGATTCTCGGCGCTAGCTCCGTCGAGGAATCGCTGCCACGTCCATTGATACGATAGGGCAATGCGTGCCGCTGGGGTGATATCGAGAAAGATGTTCGCGTCGAAGTACCGCTGCAATCGGTAAACGCTTCGCATTTGCGCCGGG
NZ_CP089929.1_gap145	6117869	6122344	4475	CATCTTCCGTATGCTCTACAGCCAGGGCATCTCCCTCGAATCCCTCGGGGTGCCGGGCCGGAAGGGAAACACCGGAGAGAGAGACCCGCGCAAGATATGGCGCCTCTTCGCGGAGAATTGGTACCTATTCCGCGGCACGCCCTCGCGCATGTGGCTGACCCATGCCCTGAACCAAGTCTTTGGCATCTCCGAGCGCCTGACACCGGTGTCCGCCGACCGTATTTACGATCGCATCGCCGAGTGCCTGCGCCTTCCCGAGTACCGCCCGCGCGCTCTGTTCGAAAAGTTCGGCATCGAGGTGCTGGCCACGACGGAGTCGCCGCTCGATCCGCTGGCGCACCACCAGAAGATTCGCGAATCGGGTTGGTCCGGCAGGGTCATCACTGCCTACCGTCCCGATCCGGTGGTGGACCCGGAATACGATGGATTCCGCGACAACGTGGCGCAGCTGGGCCAGATCACCGGGGAAGATACGACGAACTGGAAGGGCTATTTGAATGCGCTGGCGAACCGCCGGCACTATTTTGCCTCGTTCGGTGCCACGTCGACCGATCATGGGCACCCCACCGCCGCCACGTTCTCGCTTTCCCTTTCCGAGTGCGAATCCTTGTTCCGCAAAGCCATCCAAGGGCAGCTCGCCGGGCCGGAGGCGGAGCGCTTCCGCGGGCAGATGCTCACGGAAATGGCACGCATGAGCATCGATGATGGGCTGGTGATGCAGATTCATCCCGGCTCGTACCGGGATCACAATCCGTCCGTGTACCAGGGCTTCGGGAAGGACAAGGGCGCGGACATTCCGACACGCACCGATTACGTGCGTGCACTCAAGCCGCTGCTCGAGCGGTTCGGGAACGACCCGCGCCTTTCGCTCATCGTGTTCACCTTGGACGAGACCACGTATTCGCGTGAGCTGGCGCCGCTCGCCGGTCACTATCCGGCCATGAAGGTGGGCCCGGCGTGGTGGTTCTTCGACAGCCCGGAAGGGATGCGGCGCTACCGCGAAAGCGTGACGGAAACGGCGGGATTCTACAACACGGTCGGCTTCAACGACGATACGCGCGCCTTCCTATCGATCCCGGCACGCCACGACGTAGCACGGCGCGTCGATTGCGCCTTCCTGTCCAAATGGGTCGCCGAGCACCGTCTCGACGAAGACGACGCCGCCGAACTGGCCGTCGACCTCGCCTACAACCTGGCGAAACGCGCCTACAAGCTTTAGATTTTGGCCGCGGGAGGAGCCGCAATGAGTAGTTCGCCTTTGTTGAAACTCCACCCGCGCGACGACGTGCTCATCGCCAAGGTTCGATTGCCCGCCGGCACCGTGGTGGAGACGGAAGAGGGTCCTGTTCCGCTGGCGCAGACCATTGGAGCCGGGCACAAGGTGGCATACCGGGCACGTGCGATGGGGGAGCCGGTTCATCGCTACGGACAGGTCATCGGTTTGTGCACGGCGCCCATCCATCCGGGCGAACACGTTCACGTGCACAACCTTCGTGCGGTGGCCTTTCCCCGTGGCGAGCGGCCGGCCGACCCCGCGCGCACGATCGCGGCGCGTGCCACGCCAGAGCCCACGCGCTTCTTCGAGGGATACCTGCGCCCCGATGGGCGCGTGGGCACGCGCAACTACGTGGCGATTCTCTCCACGGTCAACTGCTCGGCCACGGTCAGCCATCGCGTGCGGGACCACTTTCGCGACGTTTCGCGCGACTACCCCAACGTGGACGGTGTGATTGCATTGACCCACAAGAGCGGCTGCGGGCTCGTCTCCGGCGGGGACGATCATGCGACGCTCGAGCGAGTGCTGGCCGGCTATGCGCACCATCCGAACATCGCGGCCTACGTGGTCATCGGCCTTGGCTGCGAGGTCGCACAGGCCGCCCCCATGGCCCAGCGACACCGCCTGTCGCTGCTCGACTCTGGACGCGCGCCGCCCATCATCGGTATTCAGCAACACGGCGGAACACGAAAGGCGATAACCGCCGCCATCGAGGCCATTTCGCAATTGTTGCCCCTGGCCAATTTCGCACGCCGCACCACGCGGTCCGCCAGCGATTTGATCCTGGCCACGAATTGCGGCGGCTCCGACGGATACTCGGGGATCACCGCCAACCCTGCCCTCGGCGCGGCCGTGGACGAATTGGTGCGACTCGGCGGGACGGCCGTCCTTTCGGAGACGACCGAGATCTTCGGCGCCGAGCACTTGCTCATGGCGCGCGCCGAAAGCGAAGCCGTCGCCCGAAAGCTGCAAGAGCGCGTCGATTGGTGGAAAGCCTATTTGGCCTTGCACGGCGCCGACGTGGGCAGCAATCCATCGCCCGGCAACATGGCCGGTGGCATCAGCACCATCGCCGAAAAGTCGTTGGGCGGAATCGCCAAGGGCGGGACGACTCCCCTGGTCGATGTCGTCGAGTACGCGGAGCGAATCACGAAGAAGGGATTCGTCTACATGGATACACCGGGCTACGATCCCGTCTCCGTCACCGGCCTGGTCGCCGGCGGCGCGAACATGGTGTGCTTCACCACGGGGCGCGGCTCCGTCTTCGGAAGCAGGCCGGTTCCTTCGTTGAAGCTGGCGAGCAACTCGGCGTTGTTCCAGCACATGGAGGACGACATGGACATCGACTGCGGCGTGGTGCTCGATGGCACCCCCGTGGAAGAAGTGGGTCGGCGCATCCTCGACGAAGTTCTCGCCGTCGCGTCGGGAAAGAAGACCAAGAGCGAATTGGCCGGCATGGGGGAGGCGGAATTCGCCCCGTGGATGCGCGGCCCCACCCTCTAACTTCGACCGAACCGAAAGTGTCGAGACTTTTACGAAACCCAAATCAGTAGCGTTAACCGCGGAGAGACGATGGACCCTCGCACACTGTTCGCCGACGTACGACGCTATCCAGGCCAGTACATGCTTGATCCGTCGTTCGATGAGGCCGTCGCCTTCGTCCAGGGCGTCGACGCCGGACATGCCTGGTGTCTGCTCCCCGGCTTCAAGGAATGGCTCGTCGTGACGTTCGACGGCAGTACGAGCCTTTCCTGGGTCGCACTGGTTCTGCGGGCAGCGTTCCCGGAGACCCCCACCGCGTGGGACAAGTCGAAATTGACGGCGGAGCAGAAGAAGATCGGGTTCGATCTTCTGTTTCTGCTGCTCGACGACTTTTTCGTGATGCGGAGTCAATCGGACGGCCTTCGGACCATCTTCGATCGGTACACGCGCTGGATCCACGAGCGGGCATGACCAGCCTTCTTCGATTGTCGCGCAAAGGGACGGTGCCTCCCGACGCCGTACACCGTTTCCCGTTCGTCGTGCCGGCGATTCGTACGCTCGACACACTGGATCTCCGTGCGCCGGTCACGTTCTTCGTCGGCGAGAATGGCTCGGGCAAATCGACATTGCTCGAGGCGATGGCCTGCGTGACCGAGCTTCCATCGTTGGGCAGCGACGACGCTGGCGCCGACGAAACACTCGCGCCCCAGCGCGAGTTGGCCGGTGATTTGCGCCTCGCGTGGAGCCGGCGCTCGCGCCGTGGTTTTTTCCTTCGGGCCGAGGACTTCTTCGGGTACCTGCGGCGGCAGGCCCGCAACGACGCACGTGTCCTGCGCGAAAAGCTCGAGCTCGAGGGTCTGTTCACGGACGACGGCGGCGACGCCTCGACCACGCGGCACGTCGACGAACGCTTCGCGGCGCGCCACGTTGGACGCTACGATGCGCGCTCGCACGGGGAAAGCTTCATCGAGCTATTCACGGAGAGGGTGCAATCGGGCGGCCTGTATTTGCTCGACGAGCCCGAGGCACCCCTGTCGCCAAAGCGCCAGTTGGAGTTTCTGCGGATCGTCCGACGCGCGACGAAAGCCGACGCGCAGTTCATCATCGCAACGCACTCGCCCATTCTCCTGGCATGCCCCGGCGCGCGCATCTTCAGCTTCGACGAAACGCCCATCCGCGCCGTCGCCTACGATGCGTTGGAGCACGTGAGGGTCACCCGCGACTTCCTGAGCGATCCGGCGAAGCACCTCGAAGACCCCTGAAACGGCGTGCCACTGGCCTTGCGCGCCATTGGCGCGGAGTGCTCGGCGCCGCGTGTGCACGCGGTGTGCAAGGGATGCCCACTGTGCAAGGGCTGGCGGCTGTGATTGGGCGGCGTGGGCTACTTCCCATTGCGACGGGAGCACTCGTTCTCCTGGGCGTGCCATTGTTCTTGGCACTCGACCGACACCTGCCGCCGCCCTGGCGCGAGCGCCCGCTCCCCTTCGAGCTGGTGGCGGTGCTCGGCGCGGCCATCGCCATCGTGTATGCCCGACGCGCGCCACGGCAGCAGCTCGTGGCCTTCGGATGCGCCATTGCATCCAGCGTCAATGCGGGCATCGTCATTGGCTATCTCCGATTCGGTTACCATCAGCTTCCCCGCCCGCCTGCAGCATTTCCCATCGGCACGCACATGCAGCCGCTCACGTTGGCCGACCAAAATGGGGCGAATGTCGAT
NZ_CP089929.1_gap146	6134564	6135656	1092	CACCGACAGAAGCGGTGTGTGCCAGCGCGTCCGTGGCGGGGAAACATCGGAAACCCCAGCACATTGCCCGGGGTACCGATCCCGTGCGCACGGAAAAAAGCGGCGTGCACACATCGAACACCACAGGACCCCTTTGCGCCCTTCTGATGAGGCACGCGTCGCCCTATCGTCCCGCGCCATGAGATCTTCGTTAATACCGACCCGGTTGGGGCTTTGCGTCATTCTTTCATGCGCTGCGCTGGGGTGTGGCCCGTCGACATCGACGCCGGCGTCCTCGCCTCCCGCCACGGGAACGACGCCCGCGACGGAGACCGCGGCGAAGGCACCCGAGGCGCGCACCGAGCGACGGTCCGTGGTGATTGTCTCGCGCAAATCCGGTTCGAGCGTGACGACGTTCGCGCCGGACGGGGCCATCGAGATGGCGTTCGAGTATCTGGAGAATGGGCGTGGGCCGAAAATGACCGTCCGGGCGCGCCTCGCGGCGGACGGAACCTTGGCGTCGTTCGAGGCCAAGGGGACGCGCACCTTCGGCACGGCCATCGATGAGACGTTCGCGGTCGCGGGAAAGCGTGCCCATTGGAAGAGCACGGAGGAGCAAGGCGAGACCGAGGTCGGGGCCCCCGCCTTCTACGTGCCGAATGCGCAGCCACCCGAGGTGACGGCCCTCCTTTATGCGGCGCTGCAGAAGAACGGCGGCAAGATCGCGCTCCTGCCCGACGGCGAAGCGCGGCTGGCGCGCAGCGGGACCTTCACGGCGCGCGCGGGCGGCAAGGAAAAGCGACTGGTCGCATGGGAAATCACGGGCCTCTCCTACACGCCCGTGCGCCTTTGGACGGAGGAAGGCGGCGCGTACTTCGGGATGGTCGACCCGGGACTCTCCTCGGTGCCGGAGGGATGGGAAGACGCGATCGATCCGCTCATCAAGGCGCAGCAGGAGTTCGAGAAGGCGCGCGACCGGGAGTTGGCATCGCGGCTCGCGCACAAGGGCCCGGCCGAGGGGCTCGTGTTCACGCATGCACGCGTGCTGGACGTGGAGCGAAAACGGTGGCTCGACGATCACGCGGTGACGGTGGTGGGCGGGAAGATCGTCGC
NZ_CP089929.1_gap147	6145661	6150455	4794	TCGAGGGTACCCTTCGAACCTAAGCGAAGCGCTCGACGAGGAGCTGCAGCCGCCGTCGGAGGACGCTGGTCGTCGGTACGTCGGAATACAGACCTTCGACGGCGAGCATGAACACTTGCGAAAGCTCTTTCGATTCGAGAATGCCTTGCGTGGCCTTGAGGAGCAGGCGTGCCTGCTTGGCCTCCACCTCGGGAAACAGACGCTCGCACGTCTCGTAGAACTCGAGGGCCATGGGGGCTTTGCGCATTTCGGACCAGGGTTCCAAAAGCAGTATCTCGTAAAGCCGAAAGAGCTTTTCCCGCGCGCTCCCGCTGCCGGCCAGCACTTTTTCCGCCTCCGGGTAGCGCGACATGAACTCGTGTTCGAGCACCGCCGAGAAAATGTCTTCTTTGTTCTTGAACTTGCGATAGATGAGCGGTCGAGAAATGTTGGCCCGCTTCGCGATGTCGTCCAGCGACGTCTTCGCGTAGCCGAATTGGAGGAAGCATTCGCGCGCGGCCTTTAGAATGGCGGCCCGTCGGGCAGCATCGCGCTCTTCCACTTTCGCGTCCAACATAGCGCGATGTTTACAATTGAAACGATATTTGTCAATGTTGCTAGGGCTTGCGGCTCGCGGCCAGCTTCACCGCGAGCCCCGCAAGGACGGCGCCCATGAACCATTTTTGAATGCGCACCCAGAACGGCCGGGCGGAAAACCACACGCTCACCGCGCCGGCGGTCATGATGATGGTGAAGTTCACCGCGAAGCTGATGGCGATCTGCGTTCCACCGAGCACGACGCTCTGCGCGAGCACCGAGCCGCGTTCGGGGTGAAGGAACTGCGTGAAGATCGAGAGGTAGAAGACGGCAATCTTCGGATTGAGCACGTTGGTGAAGAGGCCCATGACGAAGAGCTTCGTCTTCGAATCCGGGGGGAGCTTTCGCGTCTCGAACACGGAGGGCGCGCCAGGCTTGACGGCCTGCCAGGCGAGCCAGAGAAGGTAGGCCGCACCGGCCAGCTTCAACGCCTCGTATGCGATTGGGATGGTGACGAAGACCACCGAGAGACCAAAAGCGGCCAGGAGCATGTGGAACAGGAACCCGAGCGCTACGCCGAAGAGCGAGAAAAGTGCGGCCTTCCTCCCCTGGCAGAGCGAGCGCGACACGAGGTACACCATGTTGGGACCTGGGGTGAGCACCATCATCAACGCGGCGAAGGCAAAGAGGGCGAGATCGCGCAGTTCCACCATGCAGCGAAGGACGTAGAGCTCTGGCGAGGAAGCGTCAAGACGGCGAACGCAACGGGGACTACGATGGTGGGCGAATGGACAGCCTCGTGCTCTATGCGGCGGTGCTCGCCGTCCTCGCGGTGTTCCTATGGCACGTCGCGCGGCAGGACGAGTTCTTTCGCGTGTCGATCCGCAAGGGGCGGGTGCTGGTCATCCGCGGCAGAATCCCCAGCGGCTACCTCGAGGATCTGCGCGACGTCGGCCGCCATGTCGAGCACGGGACGGTGCGCGCGGTGAAGGACTCGGGAAGCGCGCTCCTCGTTCTTTCTGCGTCGATCGACGGGGTCACGGCCCAGCGGATGCGAAACACCTTTGCCCTGTACCCCGTGACGAAGCTTCGCACGGCCCCGCGGATCGCCCACCCGAACATCGGGCAGGTGCTGGGCATCGAGTGGCTCGCATGGCGCCTCGCGCCGCCCATCGAGTAGACTCCCGGCCGTGTCGCACATCGAATACGCGTTCTTCGGTCTGGCCCTCCTCGTGCCCCTCGCAGGCGGCGCGCTGCTGATTTACTTCATCGCGCGCTCGACCAAGAAGCCACCTGGAGACGAGTAGACGGGGGTGCTGGCGCAGATCACCCGGGGGTGCTGCGCGAGATCAGATTGATGCGAACACGGGCGGGCGTACCGTGGAGTGTTCATGAGAGCCCGATATTCCCTTGGTTGGACTTCATCCATCATCGTGTCGGCCTGCCTCGCAGGTGGATGCGTGACCGAAACCCCGGAGCCTTCGGACGTCGCACGGCAGGAGGCCCCCCTCGAAGACGATATCCTGGAGCAGTTGCGGCATGTGCCTGGCGTCGTGCAGGCCACGGAAATCGACATCCGCCCAACCGGACCGCGCTCGTTCGTGATTCGATTCGAGCAGCCCGTCGATCATCACCACCCCGACGGACCGAAGTTCACCGAGCGGTTCAGCATGCTCTATCGTTCGCGCGATCTCCCCATGGTCATCGATTCGACGGGGTACGCCCTGCGGTCGCTCACGTCCGTGAGGCCGAACGAGCCCACGCGCATCCTCGCCTCGAACGAGATTCTCCTGGAGCATCGCTTCTTCGGCGAGTCCGTTCCCAGTCCCGTCGACTACAGCAACGTGACGTCGTTTCAGAGCGCTTCCGACGAGCACCGCATCATCGAGGCACTGAGGCCGCTGTTTCCCAAGAAGTGGCTCTCCACGGGGGCTAGCAAGGGCGGGATGACCGCCATGTCGCATCGCTATTTTTACCCCGACGACGTCTACGCGACCATCGCCTACGTGGCACCGCTCAACTTCGATACGAGCGATCCACGCTATGTCGCATTCCTGGAGCACGTCGGCGACGCGAGCTGCCGCCAAAAGCTGAAGGACTTTCAAGTCGAGCTGCTACGCCGGCGCGCGGAGATCGAGCCCCTCATGCTGGCGGAAGCCGCCGCAAGCGGCGACAGTTACGAGGCCTTGGGCATCCACCGGGCGCTCGATGTCACGGTCACCGAGGCGCCCTTCTTCTTTTGGCAATACAGCGGCACGACGTGCGCGGACGTGCCGCCGTCGAGCGCGACGACGCAGCAGCTCTTCGACGTCCTGCAGAATGGGATCTACTATCCCTCGGTTTCGGACACCGGGTTTGGAGACAAGGGCCTCTTTTCCCATGCAGCCGGCCTGTACCAAGCGGCCACGGAACACGGGTATGCGGGATTCCAATACGCGCACACGCGTCCGTATTTGACACCGGGGTTCTTCGACGAACCGGCCATTTTTCCGCCATTTGGCGTGGAGAAGCGCTACAGCCCTCTCTTGAGCATGAAAATCGGCGCATGGTCCTACGGGCGTGCGGAGCGCGTGATTCTGGTCTACGGGGAAAACGACCCGTGGTCGGCCGGTGCATTCTCCGTGAGCCGTTCGAACGATAGCTACCGCTACATCGCTCCGCAAACCGATCATAGCGCGGGCATCTGGGCGCTGGGCGAGTCGGATAGGGCGGAAGCCGTCGCCACGTTGAGGCGATGGATGGATGTGCCCAGTCTGGGTACGCTCGCACGCTCTGCGAAGGCCGCACCGGAGCCCACTGACCTCCCACGTCGCTTCTGAAGAGAGAGAATTTCACAGGAAGACGGGAAGACGGGAAGGTTTTTGAGGTTTCCAATCAGGCGAGTGGAGCGACCGGAAACCCTAAAAAAAGCGTTCCGCGCTGCGCGCGCCGTAAATCCTTCCCGTCTTCCCGTCTTCCTGTGAATTCTCTCCTCCGCTAGATGCGCAACACGGCCGCGCCCGTGGTGCGGCCGTTTTCCAGATCGCGCTGGGCCTGCACGATCTCGTCGAAGGCGTAAACGCGGCGGGGCCGCGCATCCACGTATTCCTCGGCGACGGCCGAGAACAGATCGCTCGCGGCGGCGAGGAGCTGGCCGCGGCTGGCTGTGTACACCGGCAGAATTGGCCATGTGACGAAGAGCGAGCGCGGCGCGAGCTCGAACGGGGCCAGCGGCTCCGGCTCGCCCGAGGCTTTGCCGAACGCCACCAACGTGCCCCGCAACGCCAGGGCATCGAGCGACGCGCGGAAGGTGTCGCGCCCCACGGAGTCGAACGCGGCCTTCACTCCGCGGCCCTCCGTCAGGGCGCGCACGCGATCGCCGACGTTCTCGCGGCTTCGATCGATGACCGCTACGCAGCCGGCCTCACGAGCGAATGCGGCCTTTTCCTTGGTGGAGAGGGTGCCGATGACGCGAATGCCCAACGCGCGCGCCCATCGAACGAAGATCGCGCCCACCCCGCCCGCGGCCGCCTGGAAGAGCACCGAGTCACCCGCCAACAGCGGCACGACCTCCTTCAGCAGGTAGCGCGCGGTCATCCCCTTGAGGAACACGGTCGCGGCTTGCTCGTCGGACACGTTGTCCGGAATGGGCACCAGGCGATCTGCCGGATACAGACGCTCCGTCGCGTACGCCCCGAGCGGGCCATCGGCATACACCACGCGATCGCCGGCCTTCACCTCGGTGACGTTCGTCCCCACCTCCTCGACGACGCCGGCCGCCTCGTTGCCGAGCGGCCACGGGAAACTCGGCACCGGAAAGGTGCCGCGCCGGAAGTACACCTCGACGAAATTCAGCCCTACGAATGTCTGCCGCAAGCGCACCTCCCCCGGGCCGGGGCGGCCGACGGGCACTTCTTCGATGCGCAAAACCTCGGGCTTCCCGTATCCATGAATGCGAACCACTCGCGCCATTTCTCGAACTCCTTTCCCACGGACCCTAGGAGCGCCCCGCGCCGGAGTTCAGGCAGCAATATGTCCAGCCGACCGTCACTTTGATGGATGCCCCGCATGACCCGCAAAACCAAGAGCGATGAGATCGACACCACCGACCGCAACCTCATCGAGCTGCTGCGCAAAGACGGCCGCCAGCCCGTTCTCGCGCTCGCCCGCGCGCTGGGTGTCTCGCGCAGCACGGTGCAAGATCGGCTCGCGCGCCTGGTGCGCGATGGCATCATCCAGCGCTTCACCATCGAGCTCGCAAAGCCCATCGAGCCGTCCGCGGTAAAGGCGTTTCTCATG
NZ_CP089929.1_gap148	6338552	6340118	1566	GCCCATTCGCGTGGCCATTGGCATGGCCGTTCGCGTGGTAGCCATTGGAATGGCCATTCGCGTGGCCGTTTACGCCGTTGCCGGCGTGCCCATTCGCGTAAACGCCATTCGTGCCATTGGAATGATGAATACCGTTGCTCTTCGGCGGCGGCGCGGAGGCGCGCTGCGTACGGGGCTCCATTTGCACGCGCTCCACCCGCGGCGCCGAGTTCTCACCGAGGAAGCGCAGCATGACCTCACGCTGCGCGTCCACGAGCTCGCGCATCGAGCGCAGGTACTCGCGCATGACACTTTGTGATTCATCATCCATGGAGGCACCTTCGAAGCTTTTCTGAGAGGGTGAAGCCGCCGCAGCCGCGACCGGTGGAACCAAAGAAACGGGCGCCGGAAGCGGGCGCATGGCAAAGTCGGGCAGCTCGCCGCGGATCGGCCGCGCGCTCCCGCCATCGATGACCCACGCCGTGGCCGGCGCGGCAAAGGAAGACGGCGCGTGGAGATCGATCCCCGTCGCGCGGTCCGCGAACAACGGCGTCAAGTCGATCGCAACGCCGGCCGCCGCAAGGCGGGCCAGCGCCGTCAAGAACGACGTCACGCCATGCATGTCGCTCTTGTCGCACGCGACGGCGACGTGCGGCCGGCCCTTCAGGATGCGCCCCACCAGCTCGGTGAGCACGCCGCCCGGCCCCGCCTCGACGAAGACGCGCGCCCCCGCAGCGTACATCGCCTCGATCTCCTCCACGAACCGCACCGGCGACGCAATCTGCGAAGCCAGCGTCTCACGCACGCCGTCGGCGGTCGCCGCGTACGGCTGCGCGCTCGCGTTTGCGTACACCGGAATGAGCGGCTCCTCGATGTCCGCCGCGGACAGATGCTCCGCGAACGCCCCCACCGCCCCTGCGACGATCGGGCTGTGGAACGCGCACGCCACCGGAATGGCCCGCGCCCCGATGCCCGCCGCCGCCAGAAGCTCGCACGCTTCCTCGACGGCTTTCTTCGACCCAGCAATCACCGTCTGATCGGGTGCGTTGTGGTTCGCCAGCACGGCATCCACGCCCTCGCCGAGCACCTCGCGCACACGCTCCGGCGCCGCGCGCACCGCCGCCATCGTCCCCGGCTCTTCGCCGGCGGCGGCAAGGATCGAATGCGCTCGCGCCTCGGAGAGCGCCAGCAGCGTATCCGCCGAGAAGGCCCCCGCGACCGAGAGCGCCACCAGCTCTCCGTAGCTATGGCCCGCGGTCATCGCCGGCCGGACACCGACCCGCTTGAGCAGCCGCGCCATCGCCAGATCCGCGATACCCAGCGTCGGCTGCGCCACCCGCGTATCGGTGATGGCCTGCTGCTGCGCCTTGCGGATCTCCGGCCGGTACGCCCCGCCGGGGAACAGCCGATCGCCGTATTCGCGCCCGATGTCGAGGAGCTCGCGCACCTCGGGGAAGGTCACGAACAGGTCGGCCAGCATGCCCGGCCGCTGGCTCCCCTGCCCCGGGAACACGAAGGCGACGTTGCCGCCTTCCGCCGCGGCATGCGCCACGTGCACACCGTCGACCGTGCGCCCTTCGCGCACCG
NZ_CP089929.1_gap149	6377020	6380486	3466	GCGTGCCCAGGACTTCGTGCAGCGCCTCGTAAACCGATCCCATTCCGCCGTCGCCCAGGAGACGAACGAGGCGGTACTTCGAGCTGACGAGGTATCCAACTCCGGCCACCATCGCGTTATACCTCAGACCCCGTTCCCTCCCCCTCCCGATCCCGATCCCGCGCCCGATCTTCTCGACCTCGGGAGCGGAAGGGGGAGCGGGAGCGGGCAAAAGGCTCCTGAATGACGACATCCTTGCGTTTCCCAGCGCGCGTCGGATCGCCGCGCTGGATCGGCTCGCTGTCGGCGTTGACCGCCACGACGGCCATGTCCATCGACATGAGCCTTCCCGCGCAGCCGACGTTGATGCGGGAGTTCTCGGTGCCCTCGGACCGGACGCAGCTCACGCTGAGCCTTTTCCTGCTCGGGTATGCCGTCGGCCAGCTCATCATGGGATACATTTCCGACGCGCCTACCTGACCGGCGCGCCGGCGGGTGCTTTTGACGGGGTTGGTCGTTTTTTCCTTGGCCGGTGTCGCATGCGCCGCCACGACGAGCCTCACCGTTCTGGTGGCCTTTCGCTTCGTCCAGGGTACCGGCGCCGCCGCCGGCACCGTCATCGCACGCGCCATGGTCCGTGATACGCACGAGGGGTCGGCTGCGGCCCGCCTTTTCGCCACGATGATGGCCGTCCTGGCCATCGCGCCGATGGTCGCGCCGCTCATCGGCGGAATTTTGCTCACGCACCTCGGGTGGCGGGCCATTTTCACGACCCTCGCGGTGTTCGGGGTCGGACTGACCTCCATGACGGTGCTCTCGCTGGAGGAGACGCTGCCCGAGCGAAAGCCCTTCTCCTTCGCCGCGATTGCGCCGGGATTCGCGCGGTTCGTTCGCACCAAGGAGGCGCCGCGGCCGGCGCTGGTCATCGCCCTGGGCTTCGCCGCGCAGTTCGCGTTCATCTCGGGATCGCCCTTCGTGCTCATTGGCGGCTACCAGGTGAAACCCGCACACTACGGCTTCTATTTCGGCGCAACCGCACTCGCGCTCATGGCCGGATCCGCCACGGGGGCGCGCCTTCTGAAGGGCGGAACGCCGCGCCGCGTGGTGCGGATCGGAGGCGCGGTGCTCTTGGGGGCGGCGCTGTTGCTGCTTGCGCTGGTTCACGCGCCATGGTCAGGCGTGCTCGGGCTGATGGCGCCGGTCCTCGGCTGCTTTTTCGGCCTCGGGCTCGTCGGCCCCAGCGCCGCGGCCATGGCGATGGATCCGGTGCCCGACATCGCGGGAACGGCGTCGGCGATCATTGGCTTTCTGCAGATGACCGCCGGATCGCTCTCGGGCTACGTGGTGGCCAAGGTCGGCGGCGAGAGCCCGCAGGCGCTCGGGTGGCAGATGGCCTTGCTCGCCGCCGCGTCCGCGATGGTCATTTTTCTCGGGCTCACGCCGCGTCGCGCAGGCCAGGCAGCGGCGGCGTGAGGATTTCCCCCACGGTTTCCGCATCCTCGATGCGCGCGAACACGGGCACCAGCGAGCCCTCGCCTTCCTCGCGGCCGAAGCTCGCAAATGCGCCACTCGATGCGAGCGCGCGCGCCTGCGGGCCATCGAGCACGAGAAATACGTCGTGCAGCCCGCGCGCGGGCGCCGCGATGACGTAGGCAATGCGGCCGCGCTCCAGGTGCAACTCTTCGCGATCGCGGCGGATGAGCACACGGCGATCCGTGACGGCGTACAGCGTCTTTCGCGCGAGGAGCACGGGGCGCACGAGCGACGCGTAGGCCACGCCGAGGGCCACCGCCGCGAGCAGGAGCACGGTGAGCCCCACCCCGAAAATGAGCAGCGCGGCCATGGCCGGCGGCAACGTGTGCAGGCGCAACACGCGCCCGATCGAGGGCACGGCGCGCACGAGCACGTGCACCGCGGAGATGGACACGACGAGCGAGATGATCGCCGTTCCGACCCGCCGGGCCGTCCAGGGTGAGGCCAGCGGAATGCCGCTCCACACGACCCGCTCGTCCGGATCGAGGCGCTGGCCCAGCGGGCGCGTTCCCTGCCCCAGGGGCGCGCACGGCGTCATGCCGCGCACGATGGCCCAGAGCCGATCCGGCGCCGTCACGCCCGACAAGGTCAATTTCAAGGTGCGCCGCAAGGCACCGGTGGGCACCGCGCGGACCAAAATGAGATCGCCCACGTCGGGCTCGCGCGGATCCCAGCGGATGACGGCGTAGCTGATCGCCGAGCGATCCATGGTGCGCCGCATGCGACCGCGCTTCCAGATGATGTGCTTTTCCGTGATGAAGTACTCCACGCCGCCGCGCCACACGAGCGGGAGCCTCCAGCCAAGCAGCGCAATCGAGGCGCACCACACGGCGAAGAGGATCATCCCTCCGACGTGCGCCCGCAGGGAAAGCGCCGCCGTGATGGCAAAGGAGAGCGTCACCAACGAAACGACCGCGCTGACCACGGCGAGCAGCCGGGCGGCGAAGGGCGCCCGCACGATGCGTGGACGCCCGTGCCAGAGGATCGCTTCGTTGAAAAGGGAGTCGCGCTGCATGGCAAGGCCTGCGAAGCTCGAGGCAGTCGCCGCCTACCCTACGATATAGCAGGGAAAAACGGCTCCGCTCTTGAGACGCACGGAGCGCGCCAACGCTTGGGTGCTTCGTCGACGGAGCGAGCGCCTTATGCTCCGGGGAAGGCCAAGGGCGCGTTGCGGCGGCTTGGTCCACGCCGGTGGGCGCTGGTGACGAGGGCGTCACACAAGCGCGGGAACGGGATGCCGACGACCGCCGCCGCCTCCGGGTAGAGGCTCGTCTTGGTGAAGCCTGGCAAGGTGTTCACCTCGAGCACGATGACGGCCGAAGCATCGGTGCCATCGCCCACGACGAAATCGACCCGGGACAGATCCCTGCAGCCCAGCGCCTTGTGGGCGCGCACCGCGAGATCCTGCACGCGCTTCGTGAGCTCGTCGCCGAGCGGCGCCGGGCAGGCATGCACGCTTCGCCCCGGCGCATAGCGCGCCTGGAACGTGTAGAACGCGTCGTTCGGGGCCATGATCTCGGTCGGCGGGAGCGCATACGCCTCTTCGCCATGCAGATCGACCACCCCGCAGGTGACCTCGCGCCCGCGCGCGAAGTGCTCCACCAGCGCCACGTCGCCGAGCTGCCACACGCCGTCGATCGACGCGGCCACCTCCTCGTGCGGAGCATCGGCCTCGTGACGGTTGACGCCCACCGCCGAGCCGCTGGCCGCGGGCTTCACCACCACGGCTTGCCCCACGAGCTTGCGCGCAAACTCGGCCGCGGCGAGCGGTGACTCCTCTTGATCGCGATGAAGCGCGATGCCCTGAGCCACGGGCAGCTCGGCCAATTGGAACACCTTGCGCGCGAAGACCTTGTCCATGGCCACGGAGCTCGCCCGCACGTCGGAGCCCACGTACGCGAGGTTCAGGACCTCGAGCACGCCCTGCAGACACCCGTCTTCGCCCACGGCGCCG
NZ_CP089929.1_gap150	6400989	6401861	872	CGGCCGAGACTACGCGAAACCCTTCGAACTCGAGTGAGTCGCGTAGTCCGAGGACGATGTGGGGCTCGTCCTCGATGATGAGAATCGTCTTCTTGGGAGACAATGCCTATCCCTGGCCGCCTTCTTCTCTACCGCGTACGGACGACGCTCAGGGGCCCGCGTCCCCGCCCGCGGTGGGCGGCTGCTCGATGCACTGCAAGTTGACGAGGGCGCCGTTCGGCGGAGGGAACGCCTCCGGGAACTTGATCGACTGTGCGCACTTCTCGGTCGCCACCTTCTCGCGGCTCACGTAGCACCAGCCGCCCTTCGTCGACTTGACGCAGGAGTTGTTCACGAGCTCGGGGCCTTTGAGCTGCGAGATGACGCACAAGGGACGTGCCAATTCCTCCGGCGTGGCATTGCCCGCCACCTGCTGCTTGCGGTAACGCTCGAGAACACCCGCCTCCGGCTGCTTCAGCCCTTTGGCCGGATCGCACGCGGTGGCTTGGTCACCCGACGGCAAGAGCTCGGTGATCAAGCACGGCACGGTGCCATCATCTTGCTCTTCGAGCGGCTGCGGGATGCAACGCTCGGAGAGCGCGTCCTTGAGGCGGTTGACGATGGTGCGAACAGCCGGACGATAACCGTAGTCCTCTTTGTCCTTGTCCGAGTCCGCGGAGAACTTCGGACAAAGCGACGCCACGATGCCCTGGTCGCGCAGGGTCCTCGCCACGGACAACTGGCTGACGGTCGGATACGCCTTGCCTTTGAGCTGCTTGGTTGGAACTGTCCGATCGCAGAGCGGTGAGTCCGTCGCTCGGGCGCAATCGCAGGCGTCCTTGTTCTCGGGCAGCGAGCAATCCCTCTCCTTTGCCAGATTGAAAACGCACGCG
